request_idx,request_sent_at_utc,first_token_at_utc,full_response_received_at_utc,successful_request,records_in_request,response_token_count,input_token_count,output_token_count,first_token_ms,request_duration_ms,token_generation_duration_sum_ms,token_generation_duration_avg_ms,token_generation_duration_min_ms,token_generation_duration_max_ms,token_generation_duration_stdev_ms,token_generation_duration_p95_ms,inter_token_interval_avg_ms,inter_token_interval_stdev_ms,tokens_per_second,worker_idx,exp_num_users,workload_profile,exclude,consistent,error,response_char_count,success_rate
0,2026-09-14T02:04:40.875+00:00,2026-09-14T02:04:41.077+00:00,2026-09-14T02:04:57.569+00:00,True,292,292.0,,292.0,201.498436,16693.818180000002,16693.81817,57.17061017123287,0.026419,201.498436,22.654667405902064,94.8211849,56.674638295532645,21.04583732925422,17.49150475053275,0,64,,False,True,,1163,21.16838264042747
1,2026-09-14T02:04:44.800+00:00,2026-09-14T02:04:44.967+00:00,2026-09-14T02:04:51.372+00:00,True,109,109.0,,109.0,166.804359,6572.152199,6572.15204,60.2949728440367,39.922105,166.804359,20.827562280513586,92.48626,59.3087762962963,18.188991238237453,16.585130212989455,0,64,,False,True,,609,21.16838264042747
2,2026-09-14T02:04:48.731+00:00,2026-09-14T02:04:52.502+00:00,2026-09-14T02:05:05.030+00:00,True,187,187.0,,187.0,3771.6542409999997,16299.650657,16299.650760999999,87.16390781283422,40.983843,3771.6542409999997,271.76807782958883,96.6049696,67.35481944086021,21.947333831932646,11.472638520610962,0,64,,False,True,,893,21.16838264042747
3,2026-09-14T02:04:53.273+00:00,2026-09-14T02:04:59.144+00:00,2026-09-14T02:05:14.663+00:00,True,240,240.0,,240.0,5870.917438,21389.399102000003,21389.399105,89.12249627083334,39.184388,5870.917438,375.39843773397206,94.55320595,64.93088562343095,21.674559476265724,11.220511565355707,0,64,,False,True,,1184,21.16838264042747
4,2026-09-14T02:04:56.694+00:00,2026-09-14T02:05:05.621+00:00,2026-09-14T02:05:18.029+00:00,True,187,187.0,,187.0,8926.571458,21335.202753999998,21335.202839,114.09199379144385,20.154888,8926.571458,648.2762827161877,95.5432893,66.71307148387096,22.23191601084937,8.76485694352919,0,64,,False,True,,932,21.16838264042747
5,2026-09-14T02:05:00.328+00:00,2026-09-14T02:05:12.069+00:00,2026-09-14T02:05:29.961+00:00,True,265,265.0,,265.0,11740.339348,29632.422292000003,29632.422362999998,111.82046174716982,24.922968,11740.339348,717.3901871255141,95.26675300000001,67.77304145454545,22.45349233466011,8.94290710994434,0,64,,False,True,,1243,21.16838264042747
6,2026-09-14T02:05:04.748+00:00,2026-09-14T02:05:19.939+00:00,2026-09-14T02:05:27.056+00:00,True,109,109.0,,109.0,15190.625889,22307.440737,22307.440720000002,204.65541944954128,38.277409,15190.625889,1448.8458425921426,93.8144972,65.89643377777777,21.598017623541445,4.88626200042788,0,64,,False,True,,553,21.16838264042747
7,2026-09-14T02:05:08.753+00:00,2026-09-14T02:05:27.190+00:00,2026-09-14T02:05:45.521+00:00,True,275,275.0,,275.0,18437.037206,36767.248278,36767.248100000004,133.699084,0.018609999999999998,18437.037206,1108.0772600108173,96.0791144,66.89858055474453,26.519055050942274,7.479482770119314,0,64,,False,True,,1342,21.16838264042747
8,2026-09-14T02:05:13.248+00:00,2026-09-14T02:05:35.450+00:00,2026-09-14T02:05:53.406+00:00,True,277,277.0,,277.0,22201.662893,40158.196653,40158.196714,144.97543940072202,0.017410000000000002,22201.662893,1330.3148796912867,96.2482488,65.05990492753624,26.10928770071209,6.897720094194192,0,64,,False,True,,1483,21.16838264042747
9,2026-09-14T02:05:16.841+00:00,2026-09-14T02:05:42.565+00:00,2026-09-14T02:05:58.831+00:00,True,247,247.0,,247.0,25724.077221,41989.951653,41989.951665,169.9998043117409,38.790558,25724.077221,1632.722829078857,96.2581423,66.1214407804878,21.893564754834674,5.88235971408538,0,64,,False,True,,1131,21.16838264042747
10,2026-09-14T02:05:19.677+00:00,2026-09-14T02:05:46.108+00:00,2026-09-14T02:06:05.449+00:00,True,293,293.0,,293.0,26431.239791,45772.097647,45772.097758,156.21876367918088,39.160297,26431.239791,1540.4176512037668,96.08678739999999,66.23581457534247,22.07732765295705,6.4012797110512984,0,64,,False,True,,1847,21.16838264042747
11,2026-09-14T02:05:22.568+00:00,2026-09-14T02:05:51.354+00:00,2026-09-14T02:06:00.090+00:00,True,132,132.0,,132.0,28785.440581,37521.462853,37521.462772,284.25350584848485,37.083052,28785.440581,2499.747501873308,97.00074205000001,66.68719291603054,22.542120510934556,3.517986505940454,0,64,,False,True,,640,21.16838264042747
12,2026-09-14T02:05:26.295+00:00,2026-09-14T02:05:58.048+00:00,2026-09-14T02:06:15.531+00:00,True,263,263.0,,263.0,31753.218100000002,49235.94654800001,49235.946558,187.20892227376427,38.861588000000005,31753.218100000002,1953.995485422175,95.59809589999999,66.72797117557252,21.948333248551112,5.341625751900635,0,64,,False,True,,1457,21.16838264042747
13,2026-09-14T02:05:29.287+00:00,2026-09-14T02:06:03.465+00:00,2026-09-14T02:06:22.441+00:00,True,283,283.0,,283.0,34177.360081,53153.571792999996,53153.571735,187.82180825088338,38.372578999999995,34177.360081,2027.7449944233877,93.50012310000002,67.29153089361702,21.338851260316446,5.324195354210785,0,64,,False,True,,1193,21.16838264042747
14,2026-09-14T02:05:32.333+00:00,2026-09-14T02:06:08.323+00:00,2026-09-14T02:06:23.514+00:00,True,228,228.0,,228.0,35989.262692000004,51180.95882,51180.958851,224.47788969736843,6.761166,35989.262692000004,2379.1260907559667,94.72880685,66.92377148898679,23.040545671671925,4.4547817246226415,0,64,,False,True,,934,21.16838264042747
15,2026-09-14T02:05:35.623+00:00,2026-09-14T02:06:13.773+00:00,2026-09-14T02:06:23.059+00:00,True,138,138.0,,138.0,38150.069529,47435.421209,47435.421174,343.7349360434783,9.11644,38150.069529,3241.867058375348,95.06425719999999,67.7762896350365,23.834162737220964,2.909218395931879,0,64,,False,True,,690,21.16838264042747
16,2026-09-14T02:05:38.689+00:00,2026-09-14T02:06:19.997+00:00,2026-09-14T02:06:31.680+00:00,True,179,179.0,,179.0,41308.534204,52990.886844,52990.886787,296.03847367039106,6.842235,41308.534204,3082.7245132156527,93.87834289999999,65.63119460674157,22.985135991197957,3.3779393148666963,0,64,,False,True,,917,21.16838264042747
17,2026-09-14T02:05:43.255+00:00,2026-09-14T02:06:26.492+00:00,2026-09-14T02:06:45.592+00:00,True,286,286.0,,286.0,43236.662921999996,62336.481162,62336.481114999995,217.95972417832166,0.01568,43236.662921999996,2552.840942521557,95.48766074999999,67.01690610526316,29.18620247115632,4.58800360027932,0,64,,False,True,,1270,21.16838264042747
18,2026-09-14T02:05:47.183+00:00,2026-09-14T02:06:34.679+00:00,2026-09-14T02:06:45.766+00:00,True,165,165.0,,165.0,47495.687468000004,58582.63684400001,58582.636805,355.0462836666667,40.180535000000006,47495.687468000004,3692.333079286947,94.6811548,67.60334985365854,21.417522027006,2.816534196632004,0,64,,False,True,,771,21.16838264042747
19,2026-09-14T02:05:49.977+00:00,2026-09-14T02:06:39.979+00:00,2026-09-14T02:06:48.870+00:00,True,135,135.0,,135.0,50001.783928000004,58892.763512000005,58892.763371,436.24269163703707,6.433007,50001.783928000004,4297.824106594124,94.9805964,66.35059391044776,23.96028366932269,2.2923020070622493,0,64,,False,True,,628,21.16838264042747
20,2026-09-14T02:05:53.993+00:00,2026-09-14T02:06:45.681+00:00,2026-09-14T02:07:03.890+00:00,True,274,274.0,,274.0,51688.457432999996,69897.358809,69897.358927,255.09985009854014,6.051817,51688.457432999996,3118.6637802817804,95.2905083,66.69927243956045,22.28359306779952,3.9200336703526446,0,64,,False,True,,1220,21.16838264042747
21,2026-09-14T02:05:57.358+00:00,2026-09-14T02:06:52.498+00:00,2026-09-14T02:07:08.474+00:00,True,242,242.0,,242.0,55139.549376,71115.772864,71115.772813,293.86682980578513,0.0,55139.549376,3540.320226007534,94.602583,66.29138376763485,23.41609870504121,3.4029019197020425,0,64,,False,True,,975,21.16838264042747
22,2026-09-14T02:06:01.274+00:00,2026-09-14T02:06:59.196+00:00,2026-09-14T02:07:13.932+00:00,True,221,221.0,,221.0,57922.003589,72657.733509,72657.733365,328.7680242760181,0.0,57922.003589,3891.8400290869076,98.368842,66.98059054545455,26.532529707605942,3.041658324954839,0,64,,False,True,,909,21.16838264042747
23,2026-09-14T02:06:03.934+00:00,2026-09-14T02:07:04.070+00:00,2026-09-14T02:07:11.130+00:00,True,106,106.0,,106.0,60135.99071500001,67195.93081100001,67195.930923,633.9238766320756,0.0,60135.99071500001,5834.468753664538,96.7778735,67.23752472380953,29.859430597779664,1.5774764739570768,0,64,,False,True,,398,21.16838264042747
24,2026-09-14T02:06:06.734+00:00,2026-09-14T02:07:08.986+00:00,2026-09-14T02:07:24.442+00:00,True,231,231.0,,231.0,62251.88108,77708.16959199999,77708.169524,336.39900226839825,29.387638,62251.88108,4091.5161573310666,96.34028599999999,67.20125440000001,23.04333137300937,2.9726604192692414,0,64,,False,True,,1030,21.16838264042747
25,2026-09-14T02:06:11.505+00:00,2026-09-14T02:07:17.128+00:00,2026-09-14T02:07:33.026+00:00,True,243,243.0,,243.0,65623.186875,81521.430203,81521.430157,335.47913644855964,0.01679,65623.186875,4205.6819323077325,95.46313500000001,65.69522036363637,37.54330573276746,2.980811295813816,0,64,,False,True,,1106,21.16838264042747
26,2026-09-14T02:06:15.127+00:00,2026-09-14T02:07:24.112+00:00,2026-09-14T02:07:39.802+00:00,True,241,241.0,,241.0,68984.454126,84674.365678,84674.365598,351.34591534439835,0.01697,68984.454126,4439.6252278798665,95.481009,65.37463146666667,37.42096907671611,2.8461978790189666,0,64,,False,True,,1040,21.16838264042747
27,2026-09-14T02:06:19.191+00:00,2026-09-14T02:07:31.478+00:00,2026-09-14T02:07:41.142+00:00,True,149,149.0,,149.0,72286.397761,81951.102529,81951.102571,550.0073998053691,38.010639000000005,72286.397761,5916.620082988208,93.5405284,65.30205924324324,21.105658022468784,1.81815735727623,0,64,,False,True,,691,21.16838264042747
28,2026-09-14T02:06:23.484+00:00,2026-09-14T02:07:38.214+00:00,2026-09-14T02:07:57.574+00:00,True,297,297.0,,297.0,74730.622426,94090.419674,94090.419693,316.8027599090909,0.0,74730.622426,4332.579032925858,92.77907080000001,65.40472043243244,23.52877722763058,3.1565381579658314,0,64,,False,True,,1101,21.16838264042747
29,2026-09-14T02:06:26.088+00:00,2026-09-14T02:07:42.654+00:00,2026-09-14T02:08:00.686+00:00,True,278,278.0,,278.0,76565.972443,94597.99471500001,94597.99461200001,340.2805561582734,0.0,76565.972443,4588.281019649145,94.87496649999999,65.09755332851987,24.172810322098595,2.9387515119907577,0,64,,False,True,,1355,21.16838264042747
30,2026-09-14T02:06:30.150+00:00,2026-09-14T02:07:49.802+00:00,2026-09-14T02:08:02.472+00:00,True,193,193.0,,193.0,79652.316575,92322.398111,92322.398281,478.35439523834197,0.0,79652.316575,5728.805104098971,94.23266100000001,65.990008,25.388203063318816,2.090500289734182,0,64,,False,True,,915,21.16838264042747
31,2026-09-14T02:06:34.663+00:00,2026-09-14T02:07:57.528+00:00,2026-09-14T02:08:11.363+00:00,True,212,212.0,,212.0,82864.994657,96700.602721,96700.60275600001,456.13491866037737,38.795578,82864.994657,5686.730598493662,95.75737005,65.57160219905214,22.13518591591636,2.192333801803295,0,64,,False,True,,921,21.16838264042747
32,2026-09-14T02:06:38.572+00:00,2026-09-14T02:08:04.605+00:00,2026-09-14T02:08:11.131+00:00,True,100,100.0,,100.0,86032.482227,92559.218099,92559.218033,925.59218033,40.252125,86032.482227,8596.683433919829,95.91904495,65.92662496969697,22.002979469997634,1.080389420457738,0,64,,False,True,,515,21.16838264042747
33,2026-09-14T02:06:42.122+00:00,2026-09-14T02:08:10.592+00:00,2026-09-14T02:08:29.420+00:00,True,286,286.0,,286.0,88470.046562,107298.070626,107298.07058,375.168078951049,0.0,88470.046562,5227.618515564909,95.73057800000001,66.06324232982456,43.62551769958602,2.665471972901419,0,64,,False,True,,1019,21.16838264042747
34,2026-09-14T02:06:45.490+00:00,2026-09-14T02:08:16.793+00:00,2026-09-14T02:08:31.572+00:00,True,221,221.0,,221.0,91302.95557600001,106082.48044000001,106082.48052200001,480.011224081448,0.015589,91302.95557600001,6137.3497618018155,96.76400500000001,67.17965847272727,45.423555920360684,2.0832846204515083,0,64,,False,True,,986,21.16838264042747
35,2026-09-14T02:06:48.766+00:00,2026-09-14T02:08:22.942+00:00,2026-09-14T02:08:42.568+00:00,True,295,295.0,,295.0,94175.690758,113801.979654,113801.97962499999,385.7694224576271,0.0,94175.690758,5479.290402169848,97.17133369999999,66.75608468027211,24.90072128168115,2.5922220412765125,0,64,,False,True,,1315,21.16838264042747
36,2026-09-14T02:06:52.869+00:00,2026-09-14T02:08:30.265+00:00,2026-09-14T02:08:40.465+00:00,True,150,150.0,,150.0,97395.66927099999,107595.86511099999,107595.86500699999,717.3057667133332,0.0,97395.66927099999,7946.773731806575,94.73373245,68.45769020134229,25.35673924595804,1.3941056177693658,0,64,,False,True,,618,21.16838264042747
37,2026-09-14T02:06:56.599+00:00,2026-09-14T02:08:36.406+00:00,2026-09-14T02:08:46.876+00:00,True,158,158.0,,158.0,99807.718687,110277.702943,110277.702894,697.9601448987341,33.997688000000004,99807.718687,7935.002125122481,95.65534149999999,66.6877978089172,22.5223048920513,1.4327465642049741,0,64,,False,True,,731,21.16838264042747
38,2026-09-14T02:07:00.445+00:00,2026-09-14T02:08:43.946+00:00,2026-09-14T02:08:56.373+00:00,True,186,186.0,,186.0,103501.102818,115928.278242,115928.278219,623.2703130053764,36.321463,103501.102818,7584.175140188884,95.250894,67.1739212108108,21.92014946009709,1.6044402868791465,0,64,,False,True,,753,21.16838264042747
39,2026-09-14T02:07:03.722+00:00,2026-09-14T02:08:50.218+00:00,2026-09-14T02:08:57.104+00:00,True,102,102.0,,102.0,106496.150574,113381.42698999999,113381.427024,1111.582617882353,40.550305,106496.150574,10537.9625686115,94.66489200000002,68.17105362376238,21.800162885820757,0.899618241786604,0,64,,False,True,,490,21.16838264042747
40,2026-09-14T02:07:06.588+00:00,2026-09-14T02:08:54.747+00:00,2026-09-14T02:09:13.180+00:00,True,282,282.0,,282.0,108158.97128,126592.394384,126592.394279,448.909199570922,0.0,108158.97128,6436.922165313403,96.12392605000001,65.59937047686833,26.787343316198278,2.2276219781781927,0,64,,False,True,,1866,21.16838264042747
41,2026-09-14T02:07:09.801+00:00,2026-09-14T02:09:01.532+00:00,2026-09-14T02:09:19.799+00:00,True,274,274.0,,274.0,111731.02141300001,129997.73834100002,129997.738284,474.4443003065694,0.01581,111731.02141300001,6746.054021511696,97.18756435000002,66.91105101831502,49.15244806292481,2.1077289766477656,0,64,,False,True,,1163,21.16838264042747
42,2026-09-14T02:07:13.670+00:00,2026-09-14T02:09:07.169+00:00,2026-09-14T02:09:15.815+00:00,True,130,130.0,,130.0,113498.845543,122144.389735,122144.38964400001,939.5722280307692,41.482252,113498.845543,9948.654475405445,98.39903394999999,67.01972241860464,22.491680960973696,1.0643141308581037,0,64,,False,True,,486,21.16838264042747
43,2026-09-14T02:07:16.569+00:00,2026-09-14T02:09:12.671+00:00,2026-09-14T02:09:19.531+00:00,True,103,103.0,,103.0,116101.897664,122962.01184,122962.011736,1193.805939184466,0.016009,116101.897664,11433.449691695805,98.10031699999999,67.25602133333332,70.74455656672544,0.8376570817174424,0,64,,False,True,,451,21.16838264042747
44,2026-09-14T02:07:20.697+00:00,2026-09-14T02:09:20.121+00:00,2026-09-14T02:09:27.666+00:00,True,113,113.0,,113.0,119423.394395,126968.968027,126968.96813899999,1123.6191870707964,0.0,119423.394395,11228.123137580651,98.49323559999999,67.37119314285715,34.64038286210488,0.8899812431016255,0,64,,False,True,,588,21.16838264042747
45,2026-09-14T02:07:24.227+00:00,2026-09-14T02:09:26.752+00:00,2026-09-14T02:09:34.432+00:00,True,119,119.0,,119.0,122525.19241,130204.50453800001,130204.504342,1094.155498672269,38.990917,122525.19241,11225.919971525598,93.93723700000001,65.07891633898305,21.159639698127837,0.9139468747432621,0,64,,False,True,,610,21.16838264042747
46,2026-09-14T02:07:27.676+00:00,2026-09-14T02:09:32.306+00:00,2026-09-14T02:09:42.950+00:00,True,161,161.0,,161.0,124630.342649,135274.379257,135274.379269,840.2135358322981,38.630258999999995,124630.342649,9817.027679968833,95.277049,66.5252288,21.595759648301968,1.190173637345808,0,64,,False,True,,524,21.16838264042747
47,2026-09-14T02:07:31.237+00:00,2026-09-14T02:09:38.546+00:00,2026-09-14T02:09:58.071+00:00,True,295,295.0,,295.0,127308.87437,146833.440386,146833.440294,497.7404755728814,0.0,127308.87437,7408.395151618973,94.64270799999998,66.41008848979591,27.927833762290327,2.0090791254668927,0,64,,False,True,,623,21.16838264042747
48,2026-09-14T02:07:35.361+00:00,2026-09-14T02:09:45.796+00:00,2026-09-14T02:10:00.408+00:00,True,221,221.0,,221.0,130434.87795200001,145046.96755200002,145046.96742200002,656.3211195565611,33.805707999999996,130434.87795200001,8769.559813247484,94.83133000000002,66.4185890909091,22.303166763647557,1.523644401050787,0,64,,False,True,,766,21.16838264042747
49,2026-09-14T02:07:38.806+00:00,2026-09-14T02:09:52.075+00:00,2026-09-14T02:10:09.071+00:00,True,252,252.0,,252.0,133269.470521,150265.127225,150265.127167,596.2901871706349,32.953041,133269.470521,8390.95089739808,96.06201949999999,67.71177969721116,22.03083182948577,1.6770358143221542,0,64,,False,True,,1118,21.16838264042747
50,2026-09-14T02:07:42.074+00:00,2026-09-14T02:09:57.223+00:00,2026-09-14T02:10:05.535+00:00,True,125,125.0,,125.0,135148.66630799999,143460.48352399998,143460.483624,1147.6838689919998,39.46567700000001,135148.66630799999,12082.088165806977,95.341679,67.030784,21.730381814505858,0.8713200801326474,0,64,,False,True,,369,21.16838264042747
51,2026-09-14T02:07:45.945+00:00,2026-09-14T02:10:04.515+00:00,2026-09-14T02:10:19.049+00:00,True,218,218.0,,218.0,138569.58478,153104.17447600001,153104.174413,702.3127266651377,0.0,138569.58478,9380.81694419231,97.427038,66.97967601843318,66.81654054800721,1.423867120188632,0,64,,False,True,,1037,21.16838264042747
52,2026-09-14T02:07:49.696+00:00,2026-09-14T02:10:10.752+00:00,2026-09-14T02:10:27.861+00:00,True,261,261.0,,261.0,141055.438584,158164.254456,158164.25446099997,605.9933121111111,0.0,141055.438584,8727.25335086772,95.706868,65.80313796923078,61.23522511476348,1.6501832281744042,0,64,,False,True,,940,21.16838264042747
53,2026-09-14T02:07:53.143+00:00,2026-09-14T02:10:17.008+00:00,2026-09-14T02:10:27.995+00:00,True,170,170.0,,170.0,143865.589356,154852.176236,154852.17635300002,910.8951550176471,0.01558,143865.589356,11029.223683339314,94.13456894999999,65.0093898224852,70.290630228761,1.0978211874847288,0,64,,False,True,,831,21.16838264042747
54,2026-09-14T02:07:56.383+00:00,2026-09-14T02:10:23.810+00:00,2026-09-14T02:10:35.199+00:00,True,171,171.0,,171.0,147426.843081,158816.414153,158816.414036,928.7509592748538,38.540678,147426.843081,11268.909832718666,96.675196,66.99747689411764,21.711202816458155,1.076714903254664,0,64,,False,True,,798,21.16838264042747
55,2026-09-14T02:07:59.598+00:00,2026-09-14T02:10:28.881+00:00,2026-09-14T02:10:38.356+00:00,True,141,141.0,,141.0,149283.345176,158758.363672,158758.363685,1125.9458417375886,41.397492,149283.345176,12566.244765297444,94.60305100000001,67.67870354285714,21.78470761971133,0.8881421850083479,0,64,,False,True,,613,21.16838264042747
56,2026-09-14T02:08:03.119+00:00,2026-09-14T02:10:34.922+00:00,2026-09-14T02:10:52.442+00:00,True,266,266.0,,266.0,151803.534709,169322.705781,169322.705649,636.5515249962406,0.0,151803.534709,9303.669950461455,95.20390825,66.11007951698113,31.02037263571375,1.570964737263538,0,64,,False,True,,1202,21.16838264042747
57,2026-09-14T02:08:06.952+00:00,2026-09-14T02:10:41.730+00:00,2026-09-14T02:10:56.095+00:00,True,218,218.0,,218.0,154778.053461,169143.394645,169143.394512,775.8871307889908,7.205025,154778.053461,10478.432863811755,96.9657232,66.19972895852534,22.449975916873562,1.2888472556527601,0,64,,False,True,,907,21.16838264042747
58,2026-09-14T02:08:10.968+00:00,2026-09-14T02:10:48.275+00:00,2026-09-14T02:10:56.492+00:00,True,124,124.0,,124.0,157306.939664,165524.877584,165524.877578,1334.878044983871,8.156213,157306.939664,14120.599116184305,95.1975525,66.81250341463415,23.167906509609058,0.7491321051548454,0,64,,False,True,,304,21.16838264042747
59,2026-09-14T02:08:14.494+00:00,2026-09-14T02:10:54.917+00:00,2026-09-14T02:11:03.662+00:00,True,135,135.0,,135.0,160422.184022,169167.214678,169167.214852,1253.0904803851852,41.252593,160422.184022,13801.342213970154,92.74150669999999,65.26142280597014,20.93178707726453,0.798026971461135,0,64,,False,True,,546,21.16838264042747
60,2026-09-14T02:08:19.038+00:00,2026-09-14T02:11:03.165+00:00,2026-09-14T02:11:11.836+00:00,True,132,132.0,,132.0,164127.124833,172798.815841,172798.815937,1309.0819389166668,0.0,164127.124833,14279.720187388028,94.40676255,66.19611456488549,37.64216663322597,0.7638941236811436,0,64,,False,True,,425,21.16838264042747
61,2026-09-14T02:08:21.832+00:00,2026-09-14T02:11:07.892+00:00,2026-09-14T02:11:27.784+00:00,True,282,282.0,,282.0,166060.03845,185951.525938,185951.525928,659.4025742127659,0.0,166060.03845,9884.73595740017,96.64220260000002,70.78821170106761,66.05873794103641,1.5165242585534064,0,64,,False,True,,1288,21.16838264042747
62,2026-09-14T02:08:26.611+00:00,2026-09-14T02:11:15.844+00:00,2026-09-14T02:11:32.761+00:00,True,256,256.0,,256.0,169232.591491,186149.306499,186149.306378,727.1457280390625,0.015960000000000002,169232.591491,10573.110181556764,96.42455925000002,66.34005885490197,68.25775786470342,1.375240148968136,0,64,,False,True,,631,21.16838264042747
63,2026-09-14T02:08:31.102+00:00,2026-09-14T02:11:25.076+00:00,2026-09-14T02:11:33.711+00:00,True,127,127.0,,127.0,173974.116224,182609.61088,182609.610964,1437.8709524724409,0.01495,173974.116224,15431.903701358602,95.6431343,68.53567187301587,93.13356808405955,0.6954727047934883,0,64,,False,True,,547,21.16838264042747
64,2026-09-14T02:08:35.035+00:00,2026-09-14T02:11:31.152+00:00,2026-09-14T02:11:41.133+00:00,True,153,153.0,,153.0,176117.228611,186098.075203,186098.075426,1216.3272903660131,40.281415,176117.228611,14232.942895309516,94.952922,65.66346442105264,22.34932637397306,0.8221471384543024,0,64,,False,True,,844,21.16838264042747
65,2026-09-14T02:08:39.481+00:00,2026-09-14T02:11:39.258+00:00,2026-09-14T02:11:58.299+00:00,True,281,281.0,,281.0,179777.04255399999,198818.36018599998,198818.36001399998,707.5386477366548,0.0,179777.04255399999,10720.583949955959,95.425848,68.00470582857142,29.898807294660166,1.413350355254499,0,64,,False,True,,1100,21.16838264042747
66,2026-09-14T02:08:43.312+00:00,2026-09-14T02:11:45.401+00:00,2026-09-14T02:11:54.827+00:00,True,139,139.0,,139.0,182088.691916,191515.08782000002,191515.08767900002,1377.8063861798562,41.555652,182088.691916,15438.784433194174,96.2037001,68.30721669565217,22.930425386612374,0.7257913806281542,0,64,,False,True,,445,21.16838264042747
67,2026-09-14T02:08:46.039+00:00,2026-09-14T02:11:50.224+00:00,2026-09-14T02:12:07.345+00:00,True,251,251.0,,251.0,184184.53218799998,201305.83471599998,201305.83457399998,802.015277187251,38.736938,184184.53218799998,11621.324899419738,98.670832,68.485210112,23.19862969191641,1.2468590408922224,0,64,,False,True,,1188,21.16838264042747
68,2026-09-14T02:08:49.615+00:00,2026-09-14T02:11:56.883+00:00,2026-09-14T02:12:03.503+00:00,True,103,103.0,,103.0,187267.64621399998,193888.34407,193888.34402,1882.411106990291,40.399004,187267.64621399998,18445.645944074175,94.257176,64.90880250980392,21.259884049088356,0.5312335844325622,0,64,,False,True,,506,21.16838264042747
69,2026-09-14T02:08:54.342+00:00,2026-09-14T02:12:05.750+00:00,2026-09-14T02:12:14.265+00:00,True,127,127.0,,127.0,191407.330208,199922.308512,199922.308432,1574.191404976378,40.192015,191407.330208,16978.67238485446,96.98491899999999,67.5791928888889,22.67984497794541,0.6352467663326179,0,64,,False,True,,583,21.16838264042747
70,2026-09-14T02:08:56.943+00:00,2026-09-14T02:12:10.076+00:00,2026-09-14T02:12:22.451+00:00,True,185,185.0,,185.0,193133.00840299999,205508.003347,205508.003352,1110.8540721729728,0.0,193133.00840299999,14194.51963808847,96.320231,67.25540730434783,35.10557493906488,0.900208249737251,0,64,,False,True,,1014,21.16838264042747
71,2026-09-14T02:09:01.173+00:00,2026-09-14T02:12:18.233+00:00,2026-09-14T02:12:35.771+00:00,True,262,262.0,,262.0,197059.988215,214598.20747899998,214598.207382,819.0771274122137,38.791987999999996,197059.988215,12170.273720246938,94.45354055,67.1962423908046,21.196749499248444,1.220886246338468,0,64,,False,True,,1232,21.16838264042747
72,2026-09-14T02:09:04.828+00:00,2026-09-14T02:12:23.480+00:00,2026-09-14T02:12:32.179+00:00,True,136,136.0,,136.0,198651.742107,207350.420379,207350.420464,1524.6354445882353,39.383617,198651.742107,17028.73397137118,92.313865,64.43465386666666,20.99254303702537,0.6558944985566751,0,64,,False,True,,696,21.16838264042747
73,2026-09-14T02:09:07.780+00:00,2026-09-14T02:12:29.747+00:00,2026-09-14T02:12:49.117+00:00,True,297,297.0,,297.0,201966.418713,221336.758809,221336.75881899998,745.2416121851852,33.842199,201966.418713,11715.502105053723,94.19983099999999,65.44033816216216,21.184198044714417,1.341846702726377,0,64,,False,True,,1363,21.16838264042747
74,2026-09-14T02:09:12.286+00:00,2026-09-14T02:12:37.920+00:00,2026-09-14T02:12:56.810+00:00,True,290,290.0,,290.0,205634.426623,224524.678911,224524.678881,774.223030624138,0.0,205634.426623,12071.673597638564,94.04809400000002,65.36419476816609,76.6647376987619,1.2916174801209892,0,64,,False,True,,1226,21.16838264042747
75,2026-09-14T02:09:16.414+00:00,2026-09-14T02:12:45.747+00:00,2026-09-14T02:12:59.679+00:00,True,212,212.0,,212.0,209332.89883700002,223264.19176500003,223264.191656,1053.132979509434,0.0,209332.89883700002,14372.764507120906,95.6600016,66.02508496682465,86.08975837983364,0.9495477009727726,0,64,,False,True,,877,21.16838264042747
76,2026-09-14T02:09:20.093+00:00,2026-09-14T02:12:52.440+00:00,2026-09-14T02:13:09.691+00:00,True,268,268.0,,268.0,212347.58804,229597.915336,229597.915284,856.708639119403,0.01537,212347.58804,12967.271040828327,95.2898295,64.60796740074906,25.088886281523273,1.167257984933362,0,64,,False,True,,1376,21.16838264042747
77,2026-09-14T02:09:24.210+00:00,2026-09-14T02:12:58.758+00:00,2026-09-14T02:13:09.971+00:00,True,167,167.0,,167.0,214547.436991,225760.442559,225760.442339,1351.8589361616766,37.538621,214547.436991,16596.966212109426,96.8105883,67.54822631325301,21.721292434527175,0.7397221502006774,0,64,,False,True,,344,21.16838264042747
78,2026-09-14T02:09:28.140+00:00,2026-09-14T02:13:05.389+00:00,2026-09-14T02:13:19.567+00:00,True,214,214.0,,214.0,217248.800485,231427.20765300002,231427.207633,1081.435549686916,27.833381000000003,217248.800485,14846.288178348615,95.38781315,66.5652918685446,21.997768010340117,0.9246968071311208,0,64,,False,True,,672,21.16838264042747
79,2026-09-14T02:09:32.016+00:00,2026-09-14T02:13:13.008+00:00,2026-09-14T02:13:29.028+00:00,True,246,246.0,,246.0,220991.818707,237011.728339,237011.728407,963.462310597561,35.581094,220991.818707,14085.771239631724,94.28447,65.38738625306122,21.570408529662398,1.0379233201833118,0,64,,False,True,,1307,21.16838264042747
80,2026-09-14T02:09:35.814+00:00,2026-09-14T02:13:19.658+00:00,2026-09-14T02:13:26.163+00:00,True,102,102.0,,102.0,223843.588518,230348.78199000002,230348.781845,2258.321390637255,34.647206,223843.588518,22157.450291502406,92.59894055000001,64.40785615841584,20.837624287500876,0.44280676945115366,0,64,,False,True,,453,21.16838264042747
81,2026-09-14T02:09:38.800+00:00,2026-09-14T02:13:25.069+00:00,2026-09-14T02:13:34.688+00:00,True,144,144.0,,144.0,226268.490587,235887.758683,235887.758807,1638.1094361597222,0.0,226268.490587,18850.152771921505,93.17262815,67.26760906293707,43.94122805592292,0.6104598254863907,0,64,,False,True,,572,21.16838264042747
82,2026-09-14T02:09:43.007+00:00,2026-09-14T02:13:32.071+00:00,2026-09-14T02:13:46.084+00:00,True,211,211.0,,211.0,229063.957754,243077.109498,243077.109648,1152.0242163412322,39.047697,229063.957754,15764.834968128967,95.525597,66.72929401904761,22.244537346263883,0.8680373089665034,0,64,,False,True,,502,21.16838264042747
83,2026-09-14T02:09:46.083+00:00,2026-09-14T02:13:37.215+00:00,2026-09-14T02:13:54.051+00:00,True,250,250.0,,250.0,231131.55344,247967.699872,247967.699987,991.8707999479999,38.436328,231131.55344,14613.784183002334,96.12548050000001,67.61504591164659,22.70935232079878,1.0081958260251196,0,64,,False,True,,1205,21.16838264042747
84,2026-09-14T02:09:49.617+00:00,2026-09-14T02:13:44.456+00:00,2026-09-14T02:13:57.251+00:00,True,192,192.0,,192.0,234839.332426,247633.649226,247633.649314,1289.7585901770833,37.089962,234839.332426,16943.24851428265,95.2779787,66.98595183246073,21.709084983162082,0.7753388951788753,0,64,,False,True,,820,21.16838264042747
85,2026-09-14T02:09:53.025+00:00,2026-09-14T02:13:50.543+00:00,2026-09-14T02:14:03.145+00:00,True,193,193.0,,193.0,237517.31002200002,250119.61530200002,250119.61542100002,1295.9565565854923,33.714498,237517.31002200002,17092.159455985773,93.98801459999999,65.63700666666666,21.955765682103262,0.7716308045931043,0,64,,False,True,,917,21.16838264042747
86,2026-09-14T02:09:57.486+00:00,2026-09-14T02:13:58.292+00:00,2026-09-14T02:14:09.811+00:00,True,173,173.0,,173.0,240805.442503,252325.308359,252325.308346,1458.5277939075145,30.569645,240805.442503,18303.020336805,95.3029236,66.97596427906977,22.42276732612693,0.6856228617141384,0,64,,False,True,,799,21.16838264042747
87,2026-09-14T02:10:01.400+00:00,2026-09-14T02:14:05.991+00:00,2026-09-14T02:14:25.139+00:00,True,286,286.0,,286.0,244590.860481,263738.566081,263738.566108,922.1628185594406,0.0,244590.860481,14459.03545804423,96.41646574999999,67.18493192982456,37.092802856289694,1.084407200091332,0,64,,False,True,,1473,21.16838264042747
88,2026-09-14T02:10:04.454+00:00,2026-09-14T02:14:12.181+00:00,2026-09-14T02:14:19.910+00:00,True,116,116.0,,116.0,247727.501934,255456.26763,255456.267409,2202.2092018017242,0.0,247727.501934,22994.738276216183,95.54151599999999,67.20665822608696,51.48402218198446,0.4540894653953573,0,64,,False,True,,547,21.16838264042747
89,2026-09-14T02:10:07.610+00:00,2026-09-14T02:14:17.008+00:00,2026-09-14T02:14:25.049+00:00,True,124,124.0,,124.0,249398.52387099998,257439.64745499997,257439.64722199997,2076.1261872741934,39.139476,249398.52387099998,22390.78762385487,94.9495378,65.37498848780487,21.108047235262152,0.48166629043288683,0,64,,False,True,,604,21.16838264042747
90,2026-09-14T02:10:11.866+00:00,2026-09-14T02:14:25.397+00:00,2026-09-14T02:14:38.067+00:00,True,191,191.0,,191.0,253531.144413,266201.637085,266201.636938,1393.725847842932,0.015460000000000002,253531.144413,18340.368439798014,93.05195750000001,66.6868035368421,109.29587911699329,0.7175012223497799,0,64,,False,True,,848,21.16838264042747
91,2026-09-14T02:10:15.279+00:00,2026-09-14T02:14:31.969+00:00,2026-09-14T02:14:45.148+00:00,True,223,223.0,,223.0,256689.529266,269868.750002,269868.750159,1210.1737675291479,0.015519999999999999,256689.529266,17185.248092943766,92.63576620000002,59.365859171171174,27.091196954582347,0.8263276129538798,0,64,,False,True,,802,21.16838264042747
92,2026-09-14T02:10:19.003+00:00,2026-09-14T02:14:36.985+00:00,2026-09-14T02:14:48.097+00:00,True,172,172.0,,172.0,257981.055553,269093.731393,269093.731327,1564.4984379476746,38.648807999999995,257981.055553,19665.927342641233,92.59367605,64.98640842105263,21.27208361115495,0.6391824852612463,0,64,,False,True,,760,21.16838264042747
93,2026-09-14T02:10:22.188+00:00,2026-09-14T02:14:42.679+00:00,2026-09-14T02:14:53.051+00:00,True,158,158.0,,158.0,260490.597979,270862.628955,270862.629036,1714.320436936709,31.925022000000002,260490.597979,20718.275149622597,94.7565435,66.06389156687898,22.034478290032506,0.583321518400567,0,64,,False,True,,727,21.16838264042747
94,2026-09-14T02:10:25.164+00:00,2026-09-14T02:14:47.401+00:00,2026-09-14T02:15:06.425+00:00,True,283,283.0,,283.0,262237.622776,281261.09362400003,281261.093659,993.8554546254417,0.0,262237.622776,15584.445043353653,95.1276749,67.45911648226951,38.11705569065249,1.0061825343619144,0,64,,False,True,,1364,21.16838264042747
95,2026-09-14T02:10:29.256+00:00,2026-09-14T02:14:55.596+00:00,2026-09-14T02:15:04.635+00:00,True,132,132.0,,132.0,266340.178755,275378.986051,275378.986177,2086.2044407348485,0.0,266340.178755,23175.986653103002,95.63352915,68.99852897709924,50.777974419613685,0.47933940745774145,0,64,,False,True,,283,21.16838264042747
96,2026-09-14T02:10:33.448+00:00,2026-09-14T02:15:02.455+00:00,2026-09-14T02:15:10.441+00:00,True,120,120.0,,120.0,269006.812714,276992.234794,276992.234953,2308.2686246083335,41.341682,269006.812714,24550.733851648063,95.72610495,67.10438722689075,21.92582489272368,0.4332251410919312,0,64,,False,True,,621,21.16838264042747
97,2026-09-14T02:10:38.131+00:00,2026-09-14T02:15:11.139+00:00,2026-09-14T02:15:26.213+00:00,True,222,222.0,,222.0,273008.479897,288082.417305,288082.417399,1297.6685468423425,41.046033,273008.479897,18318.566224352486,96.08154704999998,68.20786157466063,23.176917769534572,0.7706128061434693,0,64,,False,True,,957,21.16838264042747
98,2026-09-14T02:10:41.164+00:00,2026-09-14T02:15:16.227+00:00,2026-09-14T02:15:32.740+00:00,True,241,241.0,,241.0,275063.164321,291576.06108899997,291576.06117999996,1209.8591750207468,33.749488,275063.164321,17713.95856314193,97.790803,68.80373653333334,22.793597162244723,0.8265424778011449,0,64,,False,True,,1221,21.16838264042747
99,2026-09-14T02:10:45.165+00:00,2026-09-14T02:15:22.984+00:00,2026-09-14T02:15:42.242+00:00,True,281,281.0,,281.0,277819.56674000004,297077.56610000005,297077.56604500004,1057.2155375266905,33.21661,277819.56674000004,16569.238300303747,96.690005,68.77856914285715,22.64072698701568,0.9458809148362682,0,64,,False,True,,1236,21.16838264042747
100,2026-09-14T02:10:49.524+00:00,2026-09-14T02:15:31.904+00:00,2026-09-14T02:15:49.536+00:00,False,266,265.0,,265.0,282379.705195,300012.049771,300012.049545,1127.8648479135338,0.0,282379.705195,17309.776283013565,93.81705125,66.53714934339622,39.6957780101768,0.8832978548770799,0,64,,False,False,Request timeout: 300.0s exceeded,1183,21.16838264042747
101,2026-09-14T02:10:53.238+00:00,2026-09-14T02:15:38.271+00:00,2026-09-14T02:15:53.324+00:00,False,233,232.0,,232.0,285032.53880299994,300086.35793899995,300086.35784899996,1287.9242826137336,0.0,285032.53880299994,18668.898964272114,95.2776016,64.88715144827586,42.153711875676045,0.7731107858197267,0,64,,False,False,Request timeout: 300.0s exceeded,1203,21.16838264042747
102,2026-09-14T02:10:57.368+00:00,2026-09-14T02:15:45.433+00:00,2026-09-14T02:15:52.956+00:00,True,118,118.0,,118.0,288065.556143,295588.03729500005,295588.03714100004,2504.983365601695,0.0,288065.556143,26512.720567174205,95.92854804999999,64.29471070085471,54.45605294547042,0.3992042475055739,0,64,,False,True,,613,21.16838264042747
103,2026-09-14T02:11:00.347+00:00,2026-09-14T02:15:50.714+00:00,2026-09-14T02:16:00.374+00:00,False,141,140.0,,140.0,290366.820288,300026.728384,300026.728192,2127.849136113475,0.04333,290366.820288,24447.496647167027,95.031609,68.99934354285715,22.067059385905793,0.4666250928844445,0,64,,False,False,Request timeout: 300.0s exceeded,630,21.16838264042747
104,2026-09-14T02:11:03.999+00:00,2026-09-14T02:15:56.344+00:00,2026-09-14T02:16:04.023+00:00,False,110,109.0,,109.0,292344.957604,300024.146852,300024.14678999997,2727.4922435454546,0.0373,292344.957604,27867.28825713722,90.86071550000001,70.45127750458715,20.539484021183817,0.3633040911662654,0,64,,False,False,Request timeout: 300.0s exceeded,513,21.16838264042747
105,2026-09-14T02:11:08.222+00:00,2026-09-14T02:16:01.692+00:00,2026-09-14T02:16:08.272+00:00,False,97,96.0,,96.0,293469.782585,300050.04626499995,300050.04623599997,3093.2994457319587,0.02078,293469.782585,29790.38895851378,87.92699979999999,68.54441333333332,20.168685906849632,0.31994662622119435,0,64,,False,False,Request timeout: 300.0s exceeded,327,21.16838264042747
106,2026-09-14T02:11:12.450+00:00,2026-09-14T02:16:06.064+00:00,2026-09-14T02:16:12.511+00:00,False,95,94.0,,94.0,293613.719051,300060.901131,300060.90116500005,3158.535801736842,0.03915,293613.719051,30117.10133470137,88.26200010000001,68.58704340425531,19.514122779060557,0.3132697383954121,0,64,,False,False,Request timeout: 300.0s exceeded,465,21.16838264042747
107,2026-09-14T02:11:15.125+00:00,2026-09-14T02:16:08.925+00:00,2026-09-14T02:16:15.164+00:00,False,94,93.0,,93.0,293799.509403,300038.678171,300038.678127,3191.9008311382977,0.02143,293799.509403,30296.192823015226,89.19811314999998,67.08783621505377,20.39507694061679,0.30996003770886116,0,64,,False,False,Request timeout: 300.0s exceeded,263,21.16838264042747
108,2026-09-14T02:11:18.234+00:00,2026-09-14T02:16:11.876+00:00,2026-09-14T02:16:18.256+00:00,False,96,95.0,,95.0,293642.618217,300022.71856899996,300022.71853199997,3125.236651375,0.033460000000000004,293642.618217,29962.926548909974,88.36921525,67.15895107368422,20.154364682632945,0.3166426877708318,0,64,,False,False,Request timeout: 300.0s exceeded,140,21.16838264042747
109,2026-09-14T02:11:20.843+00:00,2026-09-14T02:16:14.362+00:00,2026-09-14T02:16:20.872+00:00,False,97,96.0,,96.0,293519.049505,300028.819233,300028.819166,3093.080609958763,0.03917,293519.049505,29795.465402581758,88.381407,67.81010133333332,19.545893979457897,0.3199692624375766,0,64,,False,False,Request timeout: 300.0s exceeded,272,21.16838264042747
110,2026-09-14T02:11:24.896+00:00,2026-09-14T02:16:18.384+00:00,2026-09-14T02:16:24.959+00:00,False,97,96.0,,96.0,293488.28932200006,300062.82474600006,300062.82476700004,3093.431183164949,0.04151,293488.28932200006,29792.273876990064,88.5711888,68.484744,19.84668290529,0.3199330009682571,0,64,,False,False,Request timeout: 300.0s exceeded,452,21.16838264042747
111,2026-09-14T02:11:27.874+00:00,2026-09-14T02:16:21.462+00:00,2026-09-14T02:16:27.964+00:00,False,98,97.0,,97.0,293588.599015,300089.727975,300089.728084,3062.140082489796,0.023489999999999997,293588.599015,29650.16412580436,88.46705535000001,67.02194804123711,20.957640417262375,0.32323665543154123,0,64,,False,False,Request timeout: 300.0s exceeded,397,21.16838264042747
112,2026-09-14T02:11:32.184+00:00,2026-09-14T02:16:26.364+00:00,2026-09-14T02:16:32.761+00:00,False,78,77.0,,77.0,294180.173132,300576.95726000005,300576.95743300003,3853.5507363205134,0.0252,294180.173132,33300.39102873504,92.0690036,83.07511854545454,174.64865747497012,0.25617399517886114,0,64,,False,False,Request timeout: 300.0s exceeded,371,21.16838264042747
113,2026-09-14T02:11:35.270+00:00,2026-09-14T02:16:29.449+00:00,2026-09-14T02:16:35.302+00:00,False,99,98.0,,98.0,294178.496658,300031.555986,300031.55606,3030.6217783838383,0.015449999999999998,294178.496658,29560.49887615776,90.92877479999999,59.725095183673474,163.96790054796918,0.3266323093180667,0,64,,False,False,Request timeout: 300.0s exceeded,527,21.16838264042747
114,2026-09-14T02:11:39.424+00:00,2026-09-14T02:16:34.018+00:00,2026-09-14T02:16:39.501+00:00,False,79,78.0,,78.0,294593.458522,300076.981594,300076.981457,3798.4428032531646,0.02564,294593.458522,33136.44987469972,87.8568779,70.30157784615385,19.787741403263624,0.25993329973417595,0,64,,False,False,Request timeout: 300.0s exceeded,397,21.16838264042747
115,2026-09-14T02:11:43.928+00:00,2026-09-14T02:16:37.905+00:00,2026-09-14T02:16:44.005+00:00,False,94,93.0,,93.0,293976.436309,300076.76219700003,300076.762079,3192.30597956383,0.0,293976.436309,30314.65940659757,88.12440099999999,65.59490202150538,65.86020199294882,0.3099206993540726,0,64,,False,False,Request timeout: 300.0s exceeded,440,21.16838264042747
116,2026-09-14T02:11:46.932+00:00,2026-09-14T02:16:40.383+00:00,2026-09-14T02:16:46.962+00:00,False,105,104.0,,104.0,293450.937105,300029.76232100005,300029.76248100004,2857.426309342857,0.0,293450.937105,28631.77282972044,88.3061652,63.257934769230765,62.277559407254536,0.3466322780629044,0,64,,False,False,Request timeout: 300.0s exceeded,563,21.16838264042747
117,2026-09-14T02:11:51.667+00:00,2026-09-14T02:16:44.947+00:00,2026-09-14T02:16:51.684+00:00,False,99,98.0,,98.0,293279.97660399997,300016.98140399996,300016.98148499994,3030.474560454545,0.02643,293279.97660399997,29468.84455732259,90.3871061,68.74494693877551,20.401507373032736,0.32664817685114345,0,64,,False,False,Request timeout: 300.0s exceeded,479,21.16838264042747
118,2026-09-14T02:11:55.954+00:00,2026-09-14T02:16:49.171+00:00,2026-09-14T02:16:56.007+00:00,False,99,98.0,,98.0,293216.849099,300053.143499,300053.14350999997,3030.8398334343433,0.02256,293216.849099,29462.398320013235,88.6643099,69.75810612244898,20.60532689077411,0.3266088095501876,0,64,,False,False,Request timeout: 300.0s exceeded,324,21.16838264042747
119,2026-09-14T02:11:59.628+00:00,2026-09-14T02:16:53.146+00:00,2026-09-14T02:16:59.673+00:00,False,93,92.0,,92.0,293518.238149,300044.741829,300044.742036,3226.2875487741935,0.02149,293518.238149,30429.073814579406,90.4993406,70.94025739130434,20.04197958193335,0.3066209373948375,0,64,,False,False,Request timeout: 300.0s exceeded,123,21.16838264042747
120,2026-09-14T02:12:03.015+00:00,2026-09-14T02:16:56.612+00:00,2026-09-14T02:17:03.083+00:00,False,96,95.0,,95.0,293597.348322,300068.57597,300068.575975,3125.714333072917,0.02352,293597.348322,29958.208520289478,90.37627625,68.11818576842106,20.469117241218825,0.31659429746318335,0,64,,False,False,Request timeout: 300.0s exceeded,392,21.16838264042747
121,2026-09-14T02:12:07.404+00:00,2026-09-14T02:17:01.316+00:00,2026-09-14T02:17:07.449+00:00,False,90,89.0,,89.0,293912.218046,300045.68979,300045.689735,3333.8409970555554,0.02847,293912.218046,30973.81034982356,89.38981095,68.9154128539326,20.385266037646115,0.2966214914211583,0,64,,False,False,Request timeout: 300.0s exceeded,382,21.16838264042747
122,2026-09-14T02:12:10.244+00:00,2026-09-14T02:17:04.360+00:00,2026-09-14T02:17:10.262+00:00,False,83,82.0,,82.0,294115.56863,300017.475062,300017.47503699997,3614.668373939759,0.039549,294115.56863,32275.482865769725,88.9054781,71.97446868292684,18.694269361263647,0.2733174125375675,0,64,,False,False,Request timeout: 300.0s exceeded,182,21.16838264042747
123,2026-09-14T02:12:13.716+00:00,2026-09-14T02:17:07.615+00:00,2026-09-14T02:17:13.776+00:00,False,88,87.0,,87.0,293899.515837,300060.716221,300060.716065,3409.780864375,0.02244,293899.515837,31322.250462930853,88.83192850000002,70.8183952183908,19.617190304311375,0.2899413195292214,0,64,,False,False,Request timeout: 300.0s exceeded,391,21.16838264042747
124,2026-09-14T02:12:18.411+00:00,2026-09-14T02:17:12.298+00:00,2026-09-14T02:17:18.420+00:00,False,91,90.0,,90.0,293887.719148,300008.87678,300008.876652,3296.8008423296706,0.04288,293887.719148,30800.681130469526,88.5458325,68.01286257777777,20.65309215419765,0.29999112348264967,0,64,,False,False,Request timeout: 300.0s exceeded,432,21.16838264042747
125,2026-09-14T02:12:21.779+00:00,2026-09-14T02:17:15.801+00:00,2026-09-14T02:17:21.785+00:00,False,91,90.0,,90.0,294022.71524299996,300006.84298699995,300006.843036,3296.7784949010984,0.07326,294022.71524299996,30814.99209035861,89.11647049999999,66.49030826666666,20.532426117886978,0.2999931571690847,0,64,,False,False,Request timeout: 300.0s exceeded,357,21.16838264042747
126,2026-09-14T02:12:25.252+00:00,2026-09-14T02:17:18.749+00:00,2026-09-14T02:17:25.336+00:00,False,97,96.0,,96.0,293497.217083,300084.044091,300084.044103,3093.6499392061855,0.040369999999999996,293497.217083,29793.167782891916,88.51939600000001,68.61278133333333,20.487893638737322,0.3199103780769102,0,64,,False,False,Request timeout: 300.0s exceeded,457,21.16838264042747
127,2026-09-14T02:12:28.119+00:00,2026-09-14T02:17:21.919+00:00,2026-09-14T02:17:28.129+00:00,False,90,89.0,,89.0,293799.61774699995,300009.66088299995,300009.66098399996,3333.4406775999996,0.059359999999999996,293799.61774699995,30961.850351520203,89.22798200000001,69.77576557303371,20.07901867254862,0.2966571134344534,0,64,,False,False,Request timeout: 300.0s exceeded,339,21.16838264042747
128,2026-09-14T02:12:32.295+00:00,2026-09-14T02:17:26.052+00:00,2026-09-14T02:17:32.326+00:00,False,93,92.0,,92.0,293756.8668,300031.39454400004,300031.394717,3226.144029215054,0.023829999999999997,293756.8668,30454.10264760863,89.0679452,68.20138852173912,20.335504183063897,0.3066345778241819,0,64,,False,False,Request timeout: 300.0s exceeded,447,21.16838264042747
129,2026-09-14T02:12:36.818+00:00,2026-09-14T02:17:30.552+00:00,2026-09-14T02:17:36.849+00:00,False,90,89.0,,89.0,293733.913712,300030.94744,300030.94735800003,3333.6771928666667,0.02056,293733.913712,30954.820803845378,88.7479295,70.75318795505618,18.945347636124865,0.2966360662437936,0,64,,False,False,Request timeout: 300.0s exceeded,351,21.16838264042747
130,2026-09-14T02:12:40.888+00:00,2026-09-14T02:17:34.599+00:00,2026-09-14T02:17:40.904+00:00,False,99,98.0,,98.0,293711.17219300003,300016.035937,300016.03572200006,3030.46500729293,0.0,293711.17219300003,29512.68857460186,89.46271569999999,64.33534432653062,65.08658741718894,0.3266492062463584,0,64,,False,False,Request timeout: 300.0s exceeded,367,21.16838264042747
131,2026-09-14T02:12:44.416+00:00,2026-09-14T02:17:38.069+00:00,2026-09-14T02:17:44.490+00:00,False,93,92.0,,92.0,293653.227081,300073.510729,300073.510788,3226.5968901935485,0.037469999999999996,293653.227081,30443.191043346003,88.07067739999998,69.78569182608695,19.74582065506469,0.3065915407744415,0,64,,False,False,Request timeout: 300.0s exceeded,323,21.16838264042747
132,2026-09-14T02:12:48.822+00:00,2026-09-14T02:17:42.592+00:00,2026-09-14T02:17:48.896+00:00,False,94,93.0,,93.0,293770.378105,300073.924473,300073.924289,3192.2757903085108,0.03703,293770.378105,30293.116858560155,89.58929085,67.78006847311828,20.540156218428447,0.3099236301965583,0,64,,False,False,Request timeout: 300.0s exceeded,432,21.16838264042747
133,2026-09-14T02:12:52.383+00:00,2026-09-14T02:17:44.828+00:00,2026-09-14T02:17:52.454+00:00,False,113,112.0,,112.0,292445.59347100003,300071.19910300005,300071.199189,2655.4973379557523,0.041979999999999996,292445.59347100003,27504.570344543034,91.2219628,68.08576457142857,21.138039223185988,0.37324475102842436,0,64,,False,False,Request timeout: 300.0s exceeded,573,21.16838264042747
134,2026-09-14T02:12:55.491+00:00,2026-09-14T02:17:49.204+00:00,2026-09-14T02:17:55.535+00:00,False,95,94.0,,94.0,293713.572781,300044.484269,300044.484155,3158.362991105263,0.046380000000000005,293713.572781,30127.473918435055,90.16965169999999,67.35012221276597,20.87685236728371,0.31328687887401996,0,64,,False,False,Request timeout: 300.0s exceeded,456,21.16838264042747
135,2026-09-14T02:12:58.644+00:00,2026-09-14T02:17:52.962+00:00,2026-09-14T02:17:58.707+00:00,False,88,87.0,,87.0,294317.737562,300062.674778,300062.674956,3409.8031244999997,0.03682,294317.737562,31367.34371404666,88.97338185000001,66.03376110344828,20.61240879142727,0.2899394270359236,0,64,,False,False,Request timeout: 300.0s exceeded,412,21.16838264042747
136,2026-09-14T02:13:02.754+00:00,2026-09-14T02:17:56.641+00:00,2026-09-14T02:18:02.773+00:00,False,92,91.0,,91.0,293887.363455,300019.62406299997,300019.62403,3261.082869891304,0.02177,293887.363455,30632.856735053825,90.37045450000001,67.3874792087912,20.32780054728122,0.3033134925230466,0,64,,False,False,Request timeout: 300.0s exceeded,417,21.16838264042747
137,2026-09-14T02:13:07.153+00:00,2026-09-14T02:18:00.777+00:00,2026-09-14T02:18:07.184+00:00,False,93,92.0,,92.0,293623.167032,300030.64248800004,300030.642507,3226.135940935484,0.039689999999999996,293623.167032,30440.088740483716,90.0687882,69.64647234782609,20.271747482305383,0.30663534643358836,0,64,,False,False,Request timeout: 300.0s exceeded,457,21.16838264042747
138,2026-09-14T02:13:09.853+00:00,2026-09-14T02:18:03.616+00:00,2026-09-14T02:18:09.901+00:00,False,90,89.0,,89.0,293762.545341,300047.547325,300047.547533,3333.861639255556,0.02471,293762.545341,30957.85371527904,90.11783834999999,70.61799982022471,19.949250293741994,0.29661965509619254,0,64,,False,False,Request timeout: 300.0s exceeded,302,21.16838264042747
139,2026-09-14T02:13:14.147+00:00,2026-09-14T02:18:07.966+00:00,2026-09-14T02:18:14.192+00:00,False,92,91.0,,91.0,293819.502773,300044.82373299997,300044.82367799996,3261.3567791086957,0.03965,293819.502773,30625.675261026623,90.4667842,68.41012043956044,20.49055578049127,0.303288018329481,0,64,,False,False,Request timeout: 300.0s exceeded,460,21.16838264042747
140,2026-09-14T02:13:17.294+00:00,2026-09-14T02:18:11.168+00:00,2026-09-14T02:18:17.304+00:00,False,93,92.0,,92.0,293874.110347,300009.873803,300009.873785,3225.912621344086,0.01932,293874.110347,30466.417334228816,90.095576,66.69308104347826,21.362927663507037,0.3066565737780062,0,64,,False,False,Request timeout: 300.0s exceeded,412,21.16838264042747
141,2026-09-14T02:13:20.471+00:00,2026-09-14T02:18:13.883+00:00,2026-09-14T02:18:20.489+00:00,False,99,98.0,,98.0,293411.502019,300018.073539,300018.073762,3030.4855935555556,0.028149999999999998,293411.502019,29482.197188695896,89.86404590000001,67.41399510204081,20.49968805141337,0.326646987776424,0,64,,False,False,Request timeout: 300.0s exceeded,440,21.16838264042747
142,2026-09-14T02:13:23.482+00:00,2026-09-14T02:18:17.212+00:00,2026-09-14T02:18:23.542+00:00,False,96,95.0,,95.0,293729.692249,300059.872601,300059.87237600004,3125.6236705833335,0.024739999999999998,293729.692249,29971.86712230897,87.93388,66.63347738947368,20.1364730379704,0.3166034804204719,0,64,,False,False,Request timeout: 300.0s exceeded,456,21.16838264042747
143,2026-09-14T02:13:26.154+00:00,2026-09-14T02:18:19.510+00:00,2026-09-14T02:18:26.185+00:00,False,101,100.0,,100.0,293356.765786,300031.384922,300031.385024,2970.6077725148516,0.04236,293356.765786,29183.45492754,88.72430100000001,66.74619136,20.64054102653471,0.3332984648455937,0,64,,False,False,Request timeout: 300.0s exceeded,448,21.16838264042747
144,2026-09-14T02:13:29.873+00:00,2026-09-14T02:18:23.420+00:00,2026-09-14T02:18:29.944+00:00,False,94,93.0,,93.0,293546.262555,300070.326299,300070.326133,3192.237512053192,0.02139,293546.262555,30269.756139760066,91.02272480000002,70.15122305376343,19.92895462827857,0.30992734652253395,0,64,,False,False,Request timeout: 300.0s exceeded,437,21.16838264042747
145,2026-09-14T02:13:33.723+00:00,2026-09-14T02:18:27.388+00:00,2026-09-14T02:18:33.810+00:00,False,100,99.0,,99.0,293665.366226,300087.241682,300087.24184000003,3000.8724184000002,0.0,293665.366226,29360.115004720446,90.06706135,64.86742884848485,62.15450222225574,0.329904062049094,0,64,,False,False,Request timeout: 300.0s exceeded,462,21.16838264042747
146,2026-09-14T02:13:37.723+00:00,2026-09-14T02:18:31.790+00:00,2026-09-14T02:18:37.761+00:00,False,94,93.0,,93.0,294066.888629,300037.616821,300037.616758,3191.8895399787234,0.0,294066.888629,30324.12752030414,92.6581282,64.20137840860215,63.47125289891635,0.3099611341583313,0,64,,False,False,Request timeout: 300.0s exceeded,464,21.16838264042747
147,2026-09-14T02:13:41.247+00:00,2026-09-14T02:18:35.388+00:00,2026-09-14T02:18:41.282+00:00,False,87,86.0,,86.0,294141.067922,300035.19297800004,300035.19300100004,3448.680379321839,0.023869,294141.067922,31527.891429379975,90.051198,68.53633786046511,20.679543079376383,0.2866330417655569,0,64,,False,False,Request timeout: 300.0s exceeded,385,21.16838264042747
148,2026-09-14T02:13:44.140+00:00,2026-09-14T02:18:38.020+00:00,2026-09-14T02:18:44.152+00:00,False,93,92.0,,92.0,293880.08353500004,300012.43092700007,300012.43095000007,3225.940117741936,0.022420000000000002,293880.08353500004,30467.04037783306,90.28654560000001,66.65594991304347,21.076595370796902,0.3066539600233622,0,64,,False,False,Request timeout: 300.0s exceeded,446,21.16838264042747
149,2026-09-14T02:13:47.904+00:00,2026-09-14T02:18:41.804+00:00,2026-09-14T02:18:47.920+00:00,False,97,96.0,,96.0,293899.773825,300016.448897,300016.448882,3092.953081257732,0.02461,293899.773825,29834.53891358194,89.08913459999998,63.71536533333334,21.123512547745946,0.31998245547182713,0,64,,False,False,Request timeout: 300.0s exceeded,503,21.16838264042747
150,2026-09-14T02:13:50.891+00:00,2026-09-14T02:18:44.537+00:00,2026-09-14T02:18:50.944+00:00,False,97,96.0,,96.0,293645.636772,300052.8977,300052.897826,3093.32884356701,0.04448,293645.636772,29808.427751485608,90.37955480000001,66.74230133333333,20.94965260708945,0.31994358573394976,0,64,,False,False,Request timeout: 300.0s exceeded,213,21.16838264042747
151,2026-09-14T02:13:55.476+00:00,2026-09-14T02:18:48.821+00:00,2026-09-14T02:18:55.516+00:00,False,98,97.0,,97.0,293345.365064,300040.199752,300040.19964,3061.634690204082,0.024550000000000002,293345.365064,29625.391365678144,88.56554369999999,69.01891430927836,19.92831896558985,0.3232900127388794,0,64,,False,False,Request timeout: 300.0s exceeded,509,21.16838264042747
152,2026-09-14T02:13:58.933+00:00,2026-09-14T02:18:52.218+00:00,2026-09-14T02:18:59.275+00:00,False,82,81.0,,81.0,293284.869135,300341.69473499997,300341.69472599996,3662.703594219512,0.02368,293284.869135,32378.876134341397,87.01040495000001,87.1213037037037,198.57428543022698,0.269692824605883,0,64,,False,False,Request timeout: 300.0s exceeded,345,21.16838264042747
153,2026-09-14T02:14:03.050+00:00,2026-09-14T02:18:56.795+00:00,2026-09-14T02:19:03.068+00:00,False,102,101.0,,101.0,293745.481034,300018.143562,300018.143632,2941.354349333333,0.01532,293745.481034,29079.626571123576,91.07471925,62.10556958415841,193.78622582612226,0.3366463067895356,0,64,,False,False,Request timeout: 300.0s exceeded,227,21.16838264042747
154,2026-09-14T02:14:07.028+00:00,2026-09-14T02:19:00.490+00:00,2026-09-14T02:19:07.056+00:00,False,100,99.0,,99.0,293461.483467,300027.652299,300027.652285,3000.27652285,0.024149999999999998,293461.483467,29339.52315590474,88.71739894999999,66.3249376969697,20.80633434907248,0.32996958527455694,0,64,,False,False,Request timeout: 300.0s exceeded,471,21.16838264042747
155,2026-09-14T02:14:09.624+00:00,2026-09-14T02:19:03.322+00:00,2026-09-14T02:19:09.632+00:00,False,95,94.0,,94.0,293697.244427,300007.535627,300007.535625,3157.9740592105263,0.02417,293697.244427,30125.820300421896,87.1398487,67.13075744680852,19.565469279774224,0.3133254629872711,0,64,,False,False,Request timeout: 300.0s exceeded,459,21.16838264042747
156,2026-09-14T02:14:12.713+00:00,2026-09-14T02:19:06.595+00:00,2026-09-14T02:19:12.765+00:00,False,89,88.0,,88.0,293882.16505,300051.55769,300051.557636,3371.3658161348317,0.02887,293882.16505,31144.02139888548,86.25424340000001,70.10673454545454,18.624137181430015,0.2932829300320371,0,64,,False,False,Request timeout: 300.0s exceeded,427,21.16838264042747
157,2026-09-14T02:14:16.297+00:00,2026-09-14T02:19:09.926+00:00,2026-09-14T02:19:16.305+00:00,False,91,90.0,,90.0,293629.637463,300007.782743,300007.78289800003,3296.788823054945,0.03624,293629.637463,30773.326842118102,90.1076345,70.86828088888889,19.644160433260986,0.29999221745889837,0,64,,False,False,Request timeout: 300.0s exceeded,440,21.16838264042747
158,2026-09-14T02:14:20.776+00:00,2026-09-14T02:19:14.628+00:00,2026-09-14T02:19:20.785+00:00,False,87,86.0,,86.0,293852.22677899996,300008.64917899994,300008.649184,3448.375277977011,0.04555,293852.22677899996,31496.597089415583,90.350083,71.58630697674418,20.15724295398655,0.2866584021338937,0,64,,False,False,Request timeout: 300.0s exceeded,214,21.16838264042747
159,2026-09-14T02:14:25.151+00:00,2026-09-14T02:19:18.794+00:00,2026-09-14T02:19:25.168+00:00,False,96,95.0,,95.0,293643.811621,300017.378597,300017.378737,3125.1810285104166,0.040529,293643.811621,29963.055549157893,88.74805499999998,67.09017869473685,20.423226905420204,0.3166483236546417,0,64,,False,False,Request timeout: 300.0s exceeded,481,21.16838264042747
160,2026-09-14T02:14:29.820+00:00,2026-09-14T02:19:23.523+00:00,2026-09-14T02:19:29.829+00:00,False,101,100.0,,100.0,293702.881948,300009.074844,300009.074886,2970.386880059406,0.0,293702.881948,29218.329425359083,90.12469000000002,63.06192896,66.66026114668189,0.33332325047833444,0,64,,False,False,Request timeout: 300.0s exceeded,380,21.16838264042747
161,2026-09-14T02:14:34.001+00:00,2026-09-14T02:19:27.765+00:00,2026-09-14T02:19:34.062+00:00,False,103,102.0,,102.0,293763.594255,300060.704783,300060.704712,2913.2107253592235,0.03575,293763.594255,28939.31112527263,90.02869219999998,61.7363777254902,20.462507129273153,0.33993121516449504,0,64,,False,False,Request timeout: 300.0s exceeded,440,21.16838264042747
162,2026-09-14T02:14:36.840+00:00,2026-09-14T02:19:30.623+00:00,2026-09-14T02:19:36.904+00:00,False,102,101.0,,101.0,293782.977124,300063.574372,300063.574466,2941.799749666667,0.038619999999999995,293782.977124,29082.69874198473,87.52117555,62.18413116831683,19.678613245617292,0.33659533720939594,0,64,,False,False,Request timeout: 300.0s exceeded,245,21.16838264042747
163,2026-09-14T02:14:40.279+00:00,2026-09-14T02:19:33.936+00:00,2026-09-14T02:19:40.314+00:00,False,96,95.0,,95.0,293656.755568,300034.92465600005,300034.924729,3125.3637992604167,0.033479999999999996,293656.755568,29964.37121546056,87.5764375,67.13862197894737,19.705860122386326,0.3166298060431486,0,64,,False,False,Request timeout: 300.0s exceeded,392,21.16838264042747
164,2026-09-14T02:14:44.044+00:00,2026-09-14T02:19:38.006+00:00,2026-09-14T02:19:44.124+00:00,False,91,90.0,,90.0,293961.585366,300080.00789400004,300080.00789300003,3297.5825043186815,0.034570000000000004,293961.585366,30808.427304985555,89.56769050000001,67.98247253333334,20.206287111147958,0.29992001343785457,0,64,,False,False,Request timeout: 300.0s exceeded,387,21.16838264042747
165,2026-09-14T02:14:47.957+00:00,2026-09-14T02:19:41.627+00:00,2026-09-14T02:19:47.972+00:00,False,99,98.0,,98.0,293670.57211199997,300014.933072,300014.93305199995,3030.453869212121,0.02207,293670.57211199997,29508.503063781467,87.0671659,64.73837714285715,19.679622283706085,0.3266504070198438,0,64,,False,False,Request timeout: 300.0s exceeded,442,21.16838264042747
166,2026-09-14T02:14:51.045+00:00,2026-09-14T02:19:44.582+00:00,2026-09-14T02:19:51.087+00:00,False,101,100.0,,100.0,293536.903594,300042.079914,300042.07992399996,2970.7136626138613,0.022420000000000002,293536.903594,29201.54771226135,88.316283,65.0517632,20.360541971108432,0.3332865844306327,0,64,,False,False,Request timeout: 300.0s exceeded,531,21.16838264042747
167,2026-09-14T02:14:53.693+00:00,2026-09-14T02:19:47.663+00:00,2026-09-14T02:19:53.742+00:00,False,90,89.0,,89.0,293970.065603,300049.574851,300049.57493299997,3333.884165922222,0.03397,293970.065603,30979.972068635056,89.12281300000001,68.30909267415731,20.600286257576865,0.2966176507472008,0,64,,False,False,Request timeout: 300.0s exceeded,345,21.16838264042747
168,2026-09-14T02:14:57.706+00:00,2026-09-14T02:19:51.089+00:00,2026-09-14T02:19:57.775+00:00,False,99,98.0,,98.0,293382.23000700003,300068.942839,300068.94284800004,3030.999422707071,0.02077,293382.23000700003,29479.172105466678,88.17603890000001,68.23176359183674,19.0735841763742,0.3265916128233945,0,64,,False,False,Request timeout: 300.0s exceeded,473,21.16838264042747
169,2026-09-14T02:15:00.765+00:00,2026-09-14T02:19:54.191+00:00,2026-09-14T02:20:00.808+00:00,False,101,100.0,,100.0,293426.878734,300043.08404600003,300043.08410000004,2970.7236049504954,0.01727,293426.878734,29190.488735603678,87.954464,66.16205312,19.444171609975545,0.3332854690450684,0,64,,False,False,Request timeout: 300.0s exceeded,374,21.16838264042747
170,2026-09-14T02:15:03.629+00:00,2026-09-14T02:19:57.031+00:00,2026-09-14T02:20:03.711+00:00,False,102,101.0,,101.0,293401.978986,300082.65713,300082.657112,2941.9868344313727,0.037509999999999995,293401.978986,29044.58254637358,88.75463104999999,66.14532815841584,20.33777813750442,0.3365739325490089,0,64,,False,False,Request timeout: 300.0s exceeded,468,21.16838264042747
171,2026-09-14T02:15:06.458+00:00,2026-09-14T02:20:00.225+00:00,2026-09-14T02:20:06.480+00:00,False,95,94.0,,94.0,293766.93138,300021.67826,300021.67811700003,3158.122927547369,0.044520000000000004,293766.93138,30133.031285164012,90.3057051,66.53986042553191,20.52396998220396,0.31331069323110455,0,64,,False,False,Request timeout: 300.0s exceeded,419,21.16838264042747
172,2026-09-14T02:15:11.218+00:00,2026-09-14T02:20:04.569+00:00,2026-09-14T02:20:11.299+00:00,False,102,101.0,,101.0,293350.280309,300080.909173,300080.909191,2941.9696979509804,0.02441,293350.280309,29039.415227815338,89.39383649999999,66.63988974257425,21.158949892694366,0.33657589307613156,0,64,,False,False,Request timeout: 300.0s exceeded,418,21.16838264042747
173,2026-09-14T02:15:15.203+00:00,2026-09-14T02:20:08.775+00:00,2026-09-14T02:20:15.240+00:00,False,97,96.0,,96.0,293572.45141000004,300037.09499400004,300037.094854,3093.1659263298975,0.02237,293572.45141000004,29800.936157923556,89.48019479999999,67.34003733333333,20.867395381650873,0.3199604368983767,0,64,,False,False,Request timeout: 300.0s exceeded,491,21.16838264042747
174,2026-09-14T02:15:18.590+00:00,2026-09-14T02:20:12.412+00:00,2026-09-14T02:20:18.649+00:00,False,91,90.0,,90.0,293821.862506,300058.62000999996,300058.620051,3297.347473087912,0.03222,293821.862506,30793.642747077814,89.26129700000001,69.29730559999999,20.52203817330633,0.2999413914421142,0,64,,False,False,Request timeout: 300.0s exceeded,342,21.16838264042747
175,2026-09-14T02:15:22.934+00:00,2026-09-14T02:20:16.568+00:00,2026-09-14T02:20:22.953+00:00,False,97,96.0,,96.0,293633.819081,300018.18592899997,300018.185954,3092.9709892164947,0.0,293633.819081,29807.31880031817,91.2216014,66.50382133333333,66.77871780508855,0.3199806028515839,0,64,,False,False,Request timeout: 300.0s exceeded,434,21.16838264042747
176,2026-09-14T02:15:26.971+00:00,2026-09-14T02:20:20.510+00:00,2026-09-14T02:20:26.982+00:00,False,99,98.0,,98.0,293538.40027,300010.853134,300010.853227,3030.4126588585855,0.0,293538.40027,29495.155380354503,87.5632953,66.0454373877551,66.38591366740894,0.3266548492371649,0,64,,False,False,Request timeout: 300.0s exceeded,454,21.16838264042747
177,2026-09-14T02:15:31.015+00:00,2026-09-14T02:20:24.373+00:00,2026-09-14T02:20:31.071+00:00,False,100,99.0,,99.0,293357.45827999996,300055.12023199996,300055.12033099995,3000.5512033099994,0.0498,293357.45827999996,29328.987018688542,87.47848789999998,67.65315103030304,19.6345846499248,0.3299393788829668,0,64,,False,False,Request timeout: 300.0s exceeded,461,21.16838264042747
178,2026-09-14T02:15:34.534+00:00,2026-09-14T02:20:27.868+00:00,2026-09-14T02:20:34.557+00:00,False,98,97.0,,97.0,293333.699274,300022.140618,300022.140475,3061.450413010204,0.02318,293333.699274,29624.21958612506,89.84502199999999,68.95300354639176,19.90560898214313,0.32330947242825064,0,64,,False,False,Request timeout: 300.0s exceeded,416,21.16838264042747
179,2026-09-14T02:15:38.738+00:00,2026-09-14T02:20:32.185+00:00,2026-09-14T02:20:38.750+00:00,False,90,89.0,,89.0,293447.02681300003,300011.70034900005,300011.70039600006,3333.463337733334,0.03481,293447.02681300003,30924.26318935007,90.46207724999998,73.76037680898877,18.77936672674127,0.29665509677278373,0,64,,False,False,Request timeout: 300.0s exceeded,408,21.16838264042747
180,2026-09-14T02:15:42.114+00:00,2026-09-14T02:20:35.302+00:00,2026-09-14T02:20:42.152+00:00,False,95,94.0,,94.0,293187.944186,300038.09433,300038.094185,3158.295728263158,0.036789999999999996,293187.944186,30072.977823446665,89.6819167,72.87393770212766,19.333992514372447,0.31329355097360784,0,64,,False,False,Request timeout: 300.0s exceeded,448,21.16838264042747
181,2026-09-14T02:15:46.320+00:00,2026-09-14T02:20:40.200+00:00,2026-09-14T02:20:46.350+00:00,False,91,90.0,,90.0,293880.092701,300030.955037,300030.955137,3297.043463043956,0.04339,293880.092701,30799.846797668506,88.119099,68.34291484444444,20.24952976270757,0.29996904815671815,0,64,,False,False,Request timeout: 300.0s exceeded,255,21.16838264042747
182,2026-09-14T02:15:49.462+00:00,2026-09-14T02:20:43.526+00:00,2026-09-14T02:20:49.632+00:00,False,89,88.0,,88.0,294064.05265499995,300170.08478299994,300170.08453699993,3372.697579067415,0.02835,294064.05265499995,31163.378638042075,88.75215899999999,69.38672872727274,20.049408018734542,0.29316712244532056,0,64,,False,False,Request timeout: 300.0s exceeded,386,21.16838264042747
183,2026-09-14T02:15:54.034+00:00,2026-09-14T02:20:47.636+00:00,2026-09-14T02:20:54.068+00:00,False,97,96.0,,96.0,293602.24436,300033.890824,300033.890822,3093.132895072165,0.02501,293602.24436,29803.99658576239,90.45830679999999,66.99631733333334,21.59578169748353,0.3199638538711403,0,64,,False,False,Request timeout: 300.0s exceeded,469,21.16838264042747
184,2026-09-14T02:15:58.798+00:00,2026-09-14T02:20:52.613+00:00,2026-09-14T02:20:58.847+00:00,False,92,91.0,,91.0,293814.66995999997,300048.66701599996,300048.66696099995,3261.398553923913,0.04047,293814.66995999997,30625.161062252748,89.16810004999999,68.50546215384615,19.871829392341,0.30328413355406597,0,64,,False,False,Request timeout: 300.0s exceeded,464,21.16838264042747
185,2026-09-14T02:16:03.471+00:00,2026-09-14T02:20:57.274+00:00,2026-09-14T02:21:03.491+00:00,False,91,90.0,,90.0,293803.157024,300020.26704,300020.26718,3296.9260129670333,0.020210000000000002,293803.157024,30791.704289769328,90.426384,69.07900017777779,19.788311166020538,0.29997973432908387,0,64,,False,False,Request timeout: 300.0s exceeded,368,21.16838264042747
186,2026-09-14T02:16:07.568+00:00,2026-09-14T02:21:01.551+00:00,2026-09-14T02:21:07.588+00:00,False,88,87.0,,87.0,293982.993741,300019.570253,300019.570479,3409.3133008977275,0.03497,293982.993741,31331.302371905396,89.71204085000001,69.38593691954023,20.309681854059193,0.2899810833227805,0,64,,False,False,Request timeout: 300.0s exceeded,545,21.16838264042747
187,2026-09-14T02:16:11.755+00:00,2026-09-14T02:21:05.743+00:00,2026-09-14T02:21:11.785+00:00,False,89,88.0,,88.0,293988.16242799995,300029.33951599995,300029.33941499994,3371.1161732022465,0.07074,293988.16242799995,31155.412660209524,89.3092614,68.64973963636363,20.435486604469546,0.2933046486118973,0,64,,False,False,Request timeout: 300.0s exceeded,397,21.16838264042747
188,2026-09-14T02:16:14.931+00:00,2026-09-14T02:21:08.499+00:00,2026-09-14T02:21:14.997+00:00,False,95,94.0,,94.0,293567.640819,300065.22238700005,300065.222152,3158.5812858105264,0.06222,293567.640819,30112.31957246867,89.6094377,69.12320817021276,20.68420471497562,0.31326522698044074,0,64,,False,False,Request timeout: 300.0s exceeded,476,21.16838264042747
189,2026-09-14T02:16:18.332+00:00,2026-09-14T02:21:12.219+00:00,2026-09-14T02:21:18.432+00:00,False,97,96.0,,96.0,293886.743009,300099.94902500004,300099.948824,3093.813905402062,0.0,293886.743009,29833.183412929582,89.0265954,64.720896,68.1699579264587,0.3198934232141527,0,64,,False,False,Request timeout: 300.0s exceeded,500,21.16838264042747
190,2026-09-14T02:16:21.432+00:00,2026-09-14T02:21:15.168+00:00,2026-09-14T02:21:21.500+00:00,False,101,100.0,,100.0,293736.16843,300068.65406200005,300068.654104,2970.9767733069307,0.0,293736.16843,29221.615247251313,91.501036,63.32485632,66.59994437356572,0.3332570684951919,0,64,,False,False,Request timeout: 300.0s exceeded,428,21.16838264042747
191,2026-09-14T02:16:24.998+00:00,2026-09-14T02:21:18.431+00:00,2026-09-14T02:21:25.051+00:00,False,101,100.0,,100.0,293433.019325,300052.593085,300052.593231,2970.8177547623764,0.052649999999999995,293433.019325,29191.09698203442,88.863912,66.1957376,20.314465934241344,0.33327490681499167,0,64,,False,False,Request timeout: 300.0s exceeded,468,21.16838264042747
192,2026-09-14T02:16:29.425+00:00,2026-09-14T02:21:22.953+00:00,2026-09-14T02:21:29.457+00:00,False,97,96.0,,96.0,293528.241451,300031.95754699997,300031.957581,3093.112964752577,0.02035,293528.241451,29796.40497953064,88.10155660000001,67.74704266666667,19.350672927475184,0.3199659155807148,0,64,,False,False,Request timeout: 300.0s exceeded,446,21.16838264042747
193,2026-09-14T02:16:33.225+00:00,2026-09-14T02:21:26.967+00:00,2026-09-14T02:21:33.279+00:00,False,99,98.0,,98.0,293741.83102499996,300054.264689,300054.26472,3030.8511587878784,0.021670000000000002,293741.83102499996,29515.698137453848,88.587674,64.41258840816326,20.48456181984859,0.32660758913583504,0,64,,False,False,Request timeout: 300.0s exceeded,491,21.16838264042747
194,2026-09-14T02:16:37.010+00:00,2026-09-14T02:21:30.750+00:00,2026-09-14T02:21:37.029+00:00,False,96,95.0,,95.0,293740.033593,300018.26616899995,300018.266091,3125.1902717812495,0.03563,293740.033593,29972.97879118345,90.07213725,66.08665869473684,20.730674994159145,0.3166473868843926,0,64,,False,False,Request timeout: 300.0s exceeded,143,21.16838264042747
195,2026-09-14T02:16:41.243+00:00,2026-09-14T02:21:34.880+00:00,2026-09-14T02:21:41.258+00:00,False,95,94.0,,94.0,293637.68283600005,300015.40187600005,300015.401713,3158.0568601368427,0.03723,293637.68283600005,30119.635892165064,86.389077,67.84807489361702,19.683028232763075,0.313317247755338,0,64,,False,False,Request timeout: 300.0s exceeded,211,21.16838264042747
196,2026-09-14T02:16:44.108+00:00,2026-09-14T02:21:37.614+00:00,2026-09-14T02:21:44.137+00:00,False,102,101.0,,101.0,293506.020524,300028.965292,300028.965365,2941.460444754902,0.024390000000000002,293506.020524,29055.038803118317,86.81461555,64.58361156435645,20.307559855064103,0.3366341643104453,0,64,,False,False,Request timeout: 300.0s exceeded,470,21.16838264042747
197,2026-09-14T02:16:46.839+00:00,2026-09-14T02:21:40.242+00:00,2026-09-14T02:21:46.849+00:00,False,113,112.0,,112.0,293403.56115200004,300009.749184,300009.74900700006,2654.9535310353986,0.01537,293403.56115200004,27596.229575065183,88.3617052,58.98382171428572,196.45288343540037,0.37332120140972114,0,64,,False,False,Request timeout: 300.0s exceeded,535,21.16838264042747
198,2026-09-14T02:16:50.401+00:00,2026-09-14T02:21:44.053+00:00,2026-09-14T02:21:50.498+00:00,False,107,106.0,,106.0,293652.025033,300097.08000899997,300097.07997699996,2804.645607261682,0.01531,293652.025033,28383.261373053276,89.89060429999999,60.802405433962264,204.05531061149452,0.3532190316440968,0,64,,False,False,Request timeout: 300.0s exceeded,456,21.16838264042747
199,2026-09-14T02:16:53.811+00:00,2026-09-14T02:21:47.920+00:00,2026-09-14T02:21:53.818+00:00,False,88,87.0,,87.0,294109.641189,300007.78416499996,300007.784079,3409.179364534091,0.0212,294109.641189,31344.972213646266,87.41433835,67.79474685057471,19.609761242096738,0.2899924755024065,0,64,,False,False,Request timeout: 300.0s exceeded,400,21.16838264042747
200,2026-09-14T02:16:58.505+00:00,2026-09-14T02:21:52.370+00:00,2026-09-14T02:21:58.570+00:00,False,90,89.0,,89.0,293865.198444,300064.90711599996,300064.907298,3334.054525533333,0.038450000000000005,293865.198444,30968.774873365262,87.12252889999999,69.659648,19.236274250708508,0.29660249462491833,0,64,,False,False,Request timeout: 300.0s exceeded,417,21.16838264042747
201,2026-09-14T02:17:01.122+00:00,2026-09-14T02:21:54.794+00:00,2026-09-14T02:22:01.166+00:00,False,96,95.0,,95.0,293672.51989099995,300043.62542699993,300043.6254329999,3125.4544315937496,0.038979999999999994,293672.51989099995,29965.987857308948,89.4109515,67.0642688,19.880298896182545,0.31662062430022636,0,64,,False,False,Request timeout: 300.0s exceeded,343,21.16838264042747
202,2026-09-14T02:17:04.024+00:00,2026-09-14T02:21:57.855+00:00,2026-09-14T02:22:04.074+00:00,False,92,91.0,,91.0,293830.909529,300049.667929,300049.668002,3261.4094348043477,0.0844,293830.909529,30626.871782566493,89.56976300000001,68.3380043956044,20.135059182032556,0.3032831218514566,0,64,,False,False,Request timeout: 300.0s exceeded,526,21.16838264042747
203,2026-09-14T02:17:07.879+00:00,2026-09-14T02:22:01.598+00:00,2026-09-14T02:22:07.920+00:00,False,94,93.0,,93.0,293719.28399,300040.790294,300040.790156,3191.9232995319153,0.022869,293719.28399,30287.827069119903,89.065703,67.97318606451613,20.66432373259425,0.30995785575978646,0,64,,False,False,Request timeout: 300.0s exceeded,304,21.16838264042747
204,2026-09-14T02:17:11.459+00:00,2026-09-14T02:22:05.393+00:00,2026-09-14T02:22:11.543+00:00,False,94,93.0,,93.0,293933.642153,300083.849641,300083.84972,3192.38138,0.02743,293933.642153,30310.126388940822,89.86033264999998,66.13126331182795,20.648022891467583,0.3099133795812701,0,64,,False,False,Request timeout: 300.0s exceeded,489,21.16838264042747
205,2026-09-14T02:17:15.150+00:00,2026-09-14T02:22:08.876+00:00,2026-09-14T02:22:15.179+00:00,False,102,101.0,,101.0,293726.031766,300028.80987799994,300028.810012,2941.458921686274,0.0,293726.031766,29077.10777162652,88.0566441,62.403743683168315,66.72319937353213,0.3366343386859062,0,64,,False,False,Request timeout: 300.0s exceeded,260,21.16838264042747
206,2026-09-14T02:17:19.699+00:00,2026-09-14T02:22:13.758+00:00,2026-09-14T02:22:19.736+00:00,False,87,86.0,,86.0,294058.470403,300036.401923,300036.402025,3448.6942761494256,0.039630000000000006,294058.470403,31518.930948241883,90.49889429999999,69.51083162790698,19.695870989792688,0.28663188682708796,0,64,,False,False,Request timeout: 300.0s exceeded,376,21.16838264042747
207,2026-09-14T02:17:23.655+00:00,2026-09-14T02:22:17.246+00:00,2026-09-14T02:22:23.682+00:00,False,95,94.0,,94.0,293590.636184,300026.526872,300026.527028,3158.1739687157897,0.046119999999999994,293590.636184,30114.74581587902,89.4211514,68.46692221276597,20.14176417248071,0.3133056299388591,0,64,,False,False,Request timeout: 300.0s exceeded,422,21.16838264042747
208,2026-09-14T02:17:28.364+00:00,2026-09-14T02:22:22.128+00:00,2026-09-14T02:22:28.385+00:00,False,96,95.0,,95.0,293763.649949,300020.852637,300020.852622,3125.2172148125,0.02095,293763.649949,29975.411841308483,89.496006,65.86529145263158,20.910124375267017,0.31664465707969314,0,64,,False,False,Request timeout: 300.0s exceeded,469,21.16838264042747
209,2026-09-14T02:17:31.667+00:00,2026-09-14T02:22:25.743+00:00,2026-09-14T02:22:31.754+00:00,False,87,86.0,,86.0,294075.76874699997,300087.41521099996,300087.41537799995,3449.280636528735,0.045439999999999994,294075.76874699997,31520.743412303345,89.3743,69.90286586046511,19.562405983349528,0.2865831609084005,0,64,,False,False,Request timeout: 300.0s exceeded,317,21.16838264042747
210,2026-09-14T02:17:35.373+00:00,2026-09-14T02:22:29.191+00:00,2026-09-14T02:22:35.430+00:00,False,89,88.0,,88.0,293818.787167,300057.728095,300057.728008,3371.4351461573033,0.02131,293818.787167,31137.22107790969,92.6595284,70.897056,20.998974069655134,0.2932768989443881,0,64,,False,False,Request timeout: 300.0s exceeded,336,21.16838264042747
211,2026-09-14T02:17:38.801+00:00,2026-09-14T02:22:32.490+00:00,2026-09-14T02:22:38.813+00:00,False,93,92.0,,92.0,293688.724957,300012.159453,300012.159329,3225.9371970860216,0.02865,293688.724957,30446.982771815157,92.57148959999999,68.7329836521739,22.1136942986101,0.30665423750737264,0,64,,False,False,Request timeout: 300.0s exceeded,393,21.16838264042747
212,2026-09-14T02:17:42.944+00:00,2026-09-14T02:22:36.367+00:00,2026-09-14T02:22:42.977+00:00,False,96,95.0,,95.0,293423.033826,300033.609698,300033.609632,3125.350100333333,0.039799999999999995,293423.033826,29940.26873829952,91.73198599999999,69.58500917894737,21.646786878259235,0.316631193737337,0,64,,False,False,Request timeout: 300.0s exceeded,362,21.16838264042747
213,2026-09-14T02:17:46.929+00:00,2026-09-14T02:22:40.641+00:00,2026-09-14T02:22:46.973+00:00,False,93,92.0,,92.0,293712.566292,300043.801876,300043.801858,3226.2774393333334,0.02019,293712.566292,30449.445414819373,90.770252,68.81777808695652,20.97821898392225,0.30662189795215666,0,64,,False,False,Request timeout: 300.0s exceeded,480,21.16838264042747
214,2026-09-14T02:17:50.105+00:00,2026-09-14T02:22:44.003+00:00,2026-09-14T02:22:50.156+00:00,False,91,90.0,,90.0,293897.407917,300050.237613,300050.23784,3297.255360879121,0.04159,293897.407917,30801.65889717009,88.0716385,68.3647744,19.083410449538984,0.29994977079831736,0,64,,False,False,Request timeout: 300.0s exceeded,414,21.16838264042747
215,2026-09-14T02:17:54.570+00:00,2026-09-14T02:22:48.317+00:00,2026-09-14T02:22:54.597+00:00,False,95,94.0,,94.0,293747.049753,300027.53845700005,300027.53835600003,3158.1846142736845,0.039979999999999995,293747.049753,30130.96233154191,87.2085357,66.81370961702127,18.908525554922747,0.31330457358490804,0,64,,False,False,Request timeout: 300.0s exceeded,459,21.16838264042747
216,2026-09-14T02:17:57.806+00:00,2026-09-14T02:22:51.436+00:00,2026-09-14T02:22:57.869+00:00,False,96,95.0,,95.0,293630.124656,300062.580848,300062.580849,3125.65188384375,0.03811,293630.124656,29961.595278135163,89.50425575,67.71006517894737,20.29743076081306,0.31660062288180907,0,64,,False,False,Request timeout: 300.0s exceeded,394,21.16838264042747
217,2026-09-14T02:18:00.435+00:00,2026-09-14T02:22:53.993+00:00,2026-09-14T02:23:00.442+00:00,False,94,93.0,,93.0,293558.64823299996,300007.62743299996,300007.62752,3191.5705055319145,0.01957,293558.64823299996,30271.117927396077,90.205645,69.34386236559139,21.45251814062622,0.3099921185196182,0,64,,False,False,Request timeout: 300.0s exceeded,458,21.16838264042747
218,2026-09-14T02:18:03.207+00:00,2026-09-14T02:22:57.174+00:00,2026-09-14T02:23:03.294+00:00,False,89,88.0,,88.0,293966.68821600004,300086.930392,300086.930348,3371.763262337079,0.04328,293966.68821600004,31153.041489179286,89.89214779999999,69.54820654545455,20.934784107072275,0.293248359350561,0,64,,False,False,Request timeout: 300.0s exceeded,340,21.16838264042747
219,2026-09-14T02:18:05.835+00:00,2026-09-14T02:22:59.705+00:00,2026-09-14T02:23:06.435+00:00,False,92,91.0,,91.0,293869.89834500005,300599.83882500004,300599.83893900004,3267.389553684783,0.040909999999999995,293869.89834500005,30630.413463141453,89.32411915,73.9553898901099,65.38235440515835,0.30272803989418434,0,64,,False,False,Request timeout: 300.0s exceeded,431,21.16838264042747
220,2026-09-14T02:18:09.783+00:00,2026-09-14T02:23:03.714+00:00,2026-09-14T02:23:09.800+00:00,False,96,95.0,,95.0,293930.286565,300016.389349,300016.389309,3125.17072196875,0.0,293930.286565,29992.672440600167,89.43353874999998,64.06423983157894,68.19765989125783,0.3166493677433381,0,64,,False,False,Request timeout: 300.0s exceeded,322,21.16838264042747
221,2026-09-14T02:18:12.821+00:00,2026-09-14T02:23:06.668+00:00,2026-09-14T02:23:12.911+00:00,False,95,94.0,,94.0,293847.116416,300090.008704,300090.008819,3158.842198094737,0.043859999999999996,293847.116416,30141.2708932011,88.40584570000001,66.41374774468085,20.31543950081503,0.3132393524394838,0,64,,False,False,Request timeout: 300.0s exceeded,302,21.16838264042747
222,2026-09-14T02:18:16.669+00:00,2026-09-14T02:23:10.265+00:00,2026-09-14T02:23:16.691+00:00,False,89,88.0,,88.0,293596.10205299995,300021.94678899995,300021.94665899995,3371.0331085280895,0.05742,293596.10205299995,31113.39026621917,90.1914214,73.02096290909091,19.266122400078743,0.2933118758205006,0,64,,False,False,Request timeout: 300.0s exceeded,440,21.16838264042747
223,2026-09-14T02:18:20.727+00:00,2026-09-14T02:23:14.338+00:00,2026-09-14T02:23:20.751+00:00,False,92,91.0,,91.0,293611.25777799997,300024.556466,300024.55666999996,3261.136485543478,0.03289,293611.25777799997,30603.748845065704,89.74431150000001,70.47580975824175,20.466437941222622,0.3033085060499456,0,64,,False,False,Request timeout: 300.0s exceeded,347,21.16838264042747
224,2026-09-14T02:18:23.803+00:00,2026-09-14T02:23:17.391+00:00,2026-09-14T02:23:23.816+00:00,False,97,96.0,,96.0,293588.299542,300013.318166,300013.31806,3092.920804742268,0.02076,293588.299542,29802.58707087559,89.053772,66.92727733333334,20.67885098927561,0.31998579458690013,0,64,,False,False,Request timeout: 300.0s exceeded,482,21.16838264042747
225,2026-09-14T02:18:28.523+00:00,2026-09-14T02:23:22.094+00:00,2026-09-14T02:23:28.548+00:00,False,96,95.0,,95.0,293570.970947,300025.00333100004,300025.00342300005,3125.260452322917,0.02494,293570.970947,29955.534998729927,90.01817725000001,67.93718298947368,20.666284701849857,0.31664027646119897,0,64,,False,False,Request timeout: 300.0s exceeded,483,21.16838264042747
226,2026-09-14T02:18:31.135+00:00,2026-09-14T02:23:24.939+00:00,2026-09-14T02:23:31.230+00:00,False,95,94.0,,94.0,293803.919987,300095.366003,300095.365967,3158.898589126316,0.039049999999999994,293803.919987,30136.78630554978,90.3393048,66.93027676595744,20.71046335634631,0.31323376049419005,0,64,,False,False,Request timeout: 300.0s exceeded,349,21.16838264042747
227,2026-09-14T02:18:35.505+00:00,2026-09-14T02:23:29.338+00:00,2026-09-14T02:23:35.544+00:00,False,94,93.0,,93.0,293832.71216399997,300038.95523599995,300038.955254,3191.903779297872,0.04142,293832.71216399997,30299.654416821366,90.70631565,66.73379647311829,21.096267821855225,0.30995975148243504,0,64,,False,False,Request timeout: 300.0s exceeded,490,21.16838264042747
228,2026-09-14T02:18:39.825+00:00,2026-09-14T02:23:33.724+00:00,2026-09-14T02:23:39.846+00:00,False,90,89.0,,89.0,293898.721692,300020.865436,300020.86535,3333.5651705555556,0.04473,293898.721692,30972.401050680674,88.977163,68.78813195505617,20.269004427768248,0.29664603450384136,0,64,,False,False,Request timeout: 300.0s exceeded,333,21.16838264042747
229,2026-09-14T02:18:43.376+00:00,2026-09-14T02:23:36.646+00:00,2026-09-14T02:23:43.390+00:00,False,100,99.0,,99.0,293270.646454,300014.35000599996,300014.349919,3000.1434991899996,0.03575,293270.646454,29320.25917218951,89.15394395,68.11821769696971,19.392687251704157,0.3299842157484137,0,64,,False,False,Request timeout: 300.0s exceeded,462,21.16838264042747
230,2026-09-14T02:18:47.731+00:00,2026-09-14T02:23:41.731+00:00,2026-09-14T02:23:47.778+00:00,False,91,90.0,,90.0,293999.847583,300047.565215,300047.565268,3297.2259919560443,0.02274,293999.847583,30812.5201304384,86.85131150000001,67.19686257777778,19.423021619190983,0.2999524423253034,0,64,,False,False,Request timeout: 300.0s exceeded,404,21.16838264042747
231,2026-09-14T02:18:52.133+00:00,2026-09-14T02:23:45.827+00:00,2026-09-14T02:23:52.216+00:00,False,96,95.0,,95.0,293694.368537,300083.805977,300083.80594,3125.8729785416663,0.03641,293694.368537,29968.198423415477,88.62563999999999,67.25723621052632,20.39630547016197,0.31657822950726405,0,64,,False,False,Request timeout: 300.0s exceeded,450,21.16838264042747
232,2026-09-14T02:18:56.663+00:00,2026-09-14T02:23:50.240+00:00,2026-09-14T02:23:56.677+00:00,False,94,93.0,,93.0,293576.964912,300014.536752,300014.536564,3191.644006,0.03857,293576.964912,30273.01869068227,90.4629325,69.22120258064515,19.807250747612624,0.30998497941743497,0,64,,False,False,Request timeout: 300.0s exceeded,437,21.16838264042747
233,2026-09-14T02:18:59.534+00:00,2026-09-14T02:23:52.947+00:00,2026-09-14T02:23:59.559+00:00,False,101,100.0,,100.0,293413.795902,300025.28518199996,300025.284978,2970.547376019802,0.017799,293413.795902,29189.193018392798,90.01931,66.11489279999999,21.43487729293974,0.3333052410543947,0,64,,False,False,Request timeout: 300.0s exceeded,432,21.16838264042747
234,2026-09-14T02:19:03.479+00:00,2026-09-14T02:23:57.417+00:00,2026-09-14T02:24:03.520+00:00,False,103,102.0,,102.0,293938.215922,300041.63685,300041.636972,2913.025601669903,0.0,293938.215922,28956.772029466414,91.7748012,59.83746007843138,66.22096384751062,0.3399528181183497,0,64,,False,False,Request timeout: 300.0s exceeded,458,21.16838264042747
235,2026-09-14T02:19:06.320+00:00,2026-09-14T02:24:00.570+00:00,2026-09-14T02:24:06.366+00:00,False,90,89.0,,89.0,294249.291762,300045.814258,300045.814241,3333.8423804555555,0.0,294249.291762,31009.811741063262,89.68735639999998,65.12946624719102,70.06327916636309,0.29662136837367004,0,64,,False,False,Request timeout: 300.0s exceeded,365,21.16838264042747
236,2026-09-14T02:19:09.529+00:00,2026-09-14T02:24:03.824+00:00,2026-09-14T02:24:09.552+00:00,False,88,87.0,,87.0,294295.23699299997,300023.428225,300023.42829699995,3409.357139738636,0.045090000000000005,294295.23699299997,31364.965463837038,88.19861315,65.84127852873563,20.30086549850949,0.28997735448431416,0,64,,False,False,Request timeout: 300.0s exceeded,417,21.16838264042747
237,2026-09-14T02:19:12.338+00:00,2026-09-14T02:24:05.907+00:00,2026-09-14T02:24:12.408+00:00,False,98,97.0,,97.0,293568.83771399996,300069.933906,300069.933835,3061.9381003571425,0.022449999999999998,293568.83771399996,29648.166755662394,86.621882,67.02161022680413,19.14684273682213,0.32325797768991493,0,64,,False,False,Request timeout: 300.0s exceeded,452,21.16838264042747
238,2026-09-14T02:19:15.457+00:00,2026-09-14T02:24:09.373+00:00,2026-09-14T02:24:15.465+00:00,False,91,90.0,,90.0,293915.44171,300007.516206,300007.516204,3296.7858923516483,0.02158,293915.44171,30803.620729197573,88.251819,67.68971662222222,20.056974812749324,0.2999924839823065,0,64,,False,False,Request timeout: 300.0s exceeded,349,21.16838264042747
239,2026-09-14T02:19:18.386+00:00,2026-09-14T02:24:12.327+00:00,2026-09-14T02:24:18.398+00:00,False,90,89.0,,89.0,293941.249572,300011.680548,300011.680413,3333.4631157,0.03271,293941.249572,30976.94523003801,88.85766394999999,68.20708961797753,20.424302570036126,0.29665511635224673,0,64,,False,False,Request timeout: 300.0s exceeded,408,21.16838264042747
240,2026-09-14T02:19:22.964+00:00,2026-09-14T02:24:16.672+00:00,2026-09-14T02:24:23.008+00:00,False,93,92.0,,92.0,293707.844266,300043.319722,300043.319798,3226.272255892473,0.04395,293707.844266,30448.950521209357,90.284915,68.8638636521739,20.286703483856783,0.3066223906775896,0,64,,False,False,Request timeout: 300.0s exceeded,385,21.16838264042747
241,2026-09-14T02:19:26.998+00:00,2026-09-14T02:24:20.810+00:00,2026-09-14T02:24:27.032+00:00,False,91,90.0,,90.0,293811.838355,300034.29493100004,300034.295085,3297.080165769231,0.023530000000000002,293811.838355,30792.608004752492,90.089955,69.13840640000001,19.617452870362047,0.29996570898902614,0,64,,False,False,Request timeout: 300.0s exceeded,405,21.16838264042747
242,2026-09-14T02:19:30.370+00:00,2026-09-14T02:24:23.769+00:00,2026-09-14T02:24:30.396+00:00,False,100,99.0,,99.0,293398.329096,300025.611016,300025.610882,3000.25610882,0.02128,293398.329096,29333.145642494383,90.02869050000001,66.94224161616161,20.305198847470667,0.3299718302872499,0,64,,False,False,Request timeout: 300.0s exceeded,429,21.16838264042747
243,2026-09-14T02:19:33.032+00:00,2026-09-14T02:24:26.818+00:00,2026-09-14T02:24:33.067+00:00,False,96,95.0,,95.0,293785.968655,300035.19950299995,300035.199498,3125.3666614374997,0.03742,293785.968655,29977.697653881612,88.70065424999999,65.78137734736842,19.9541547620012,0.3166295159946729,0,64,,False,False,Request timeout: 300.0s exceeded,395,21.16838264042747
244,2026-09-14T02:19:35.744+00:00,2026-09-14T02:24:29.764+00:00,2026-09-14T02:24:35.754+00:00,False,88,87.0,,87.0,294019.56475099997,300010.17441499996,300010.17433799995,3409.2065265681813,0.03402,294019.56475099997,31335.256699414724,88.9336275,68.85758234482759,19.550030773027917,0.28999016506571573,0,64,,False,False,Request timeout: 300.0s exceeded,348,21.16838264042747
245,2026-09-14T02:19:39.276+00:00,2026-09-14T02:24:32.908+00:00,2026-09-14T02:24:39.310+00:00,False,93,92.0,,92.0,293632.008732,300033.803548,300033.803472,3226.169929806452,0.039139,293632.008732,30441.01142730798,87.472611,69.58472626086956,19.407024648397574,0.3066321158218483,0,64,,False,False,Request timeout: 300.0s exceeded,424,21.16838264042747
246,2026-09-14T02:19:43.430+00:00,2026-09-14T02:24:36.922+00:00,2026-09-14T02:24:43.507+00:00,False,94,93.0,,93.0,293492.740198,300077.20535,300077.205234,3192.310693978723,0.03503,293492.740198,30264.168960489726,90.46425079999999,70.80070055913978,20.260356938895946,0.3099202416642341,0,64,,False,False,Request timeout: 300.0s exceeded,464,21.16838264042747
247,2026-09-14T02:19:46.711+00:00,2026-09-14T02:24:40.861+00:00,2026-09-14T02:24:47.614+00:00,False,66,65.0,,65.0,294149.644212,300903.105972,300903.10594000004,4559.137968787879,0.05109,294149.644212,36195.53785821254,91.389266,103.8994116923077,272.32675578675,0.21601638105406748,0,64,,False,False,Request timeout: 300.0s exceeded,279,21.16838264042747
248,2026-09-14T02:19:50.325+00:00,2026-09-14T02:24:43.891+00:00,2026-09-14T02:24:50.411+00:00,False,109,108.0,,108.0,293566.377085,300086.43186899996,300086.431906,2753.0865312477063,0.015460000000000002,293566.377085,28113.612098014764,93.31154699999999,60.370877629629625,217.73128118446562,0.35989631163046526,0,64,,False,False,Request timeout: 300.0s exceeded,468,21.16838264042747
249,2026-09-14T02:19:55.061+00:00,2026-09-14T02:24:48.957+00:00,2026-09-14T02:24:55.138+00:00,False,89,88.0,,88.0,293896.064679,300076.377767,300076.377957,3371.6446961460674,0.05042,293896.064679,31145.483026459537,91.8569124,70.23083054545455,20.89534607030173,0.29325867185830023,0,64,,False,False,Request timeout: 300.0s exceeded,411,21.16838264042747
250,2026-09-14T02:19:58.364+00:00,2026-09-14T02:24:52.084+00:00,2026-09-14T02:24:58.424+00:00,False,96,95.0,,95.0,293720.199789,300059.563629,300059.56380199996,3125.620456270833,0.0,293720.199789,29970.95988719792,88.91166924999999,66.73014568421053,68.80384267050017,0.31660380642777985,0,64,,False,False,Request timeout: 300.0s exceeded,483,21.16838264042747
251,2026-09-14T02:20:01.989+00:00,2026-09-14T02:24:55.600+00:00,2026-09-14T02:25:02.011+00:00,False,100,99.0,,99.0,293611.64794199995,300021.9071419999,300021.90703599993,3000.2190703599995,0.0,293611.64794199995,29354.766268372026,86.350144,64.75009292929293,67.35068633071457,0.32997590390338877,0,64,,False,False,Request timeout: 300.0s exceeded,383,21.16838264042747
252,2026-09-14T02:20:06.531+00:00,2026-09-14T02:24:59.945+00:00,2026-09-14T02:25:06.610+00:00,False,101,100.0,,100.0,293413.99475300004,300078.23948900006,300078.23946,2971.0716778217825,0.01982,293413.99475300004,29189.159386359246,87.606336,66.64244736,20.122907854660582,0.3332464232337836,0,64,,False,False,Request timeout: 300.0s exceeded,448,21.16838264042747
253,2026-09-14T02:20:11.152+00:00,2026-09-14T02:25:04.918+00:00,2026-09-14T02:25:11.207+00:00,False,92,91.0,,91.0,293765.579004,300054.479612,300054.479773,3261.4617366630437,0.022659,293765.579004,30619.97991010854,88.25205,69.1087978901099,19.61322431252912,0.30327825839384887,0,64,,False,False,Request timeout: 300.0s exceeded,434,21.16838264042747
254,2026-09-14T02:20:15.035+00:00,2026-09-14T02:25:09.010+00:00,2026-09-14T02:25:15.077+00:00,False,89,88.0,,88.0,293975.43610299996,300042.053959,300042.05380299996,3371.2590314943814,0.04197,293975.43610299996,31154.032660267454,88.8955436,68.93883927272726,19.85985395450968,0.29329221967006325,0,64,,False,False,Request timeout: 300.0s exceeded,415,21.16838264042747
255,2026-09-14T02:20:18.914+00:00,2026-09-14T02:25:12.600+00:00,2026-09-14T02:25:18.934+00:00,False,91,90.0,,90.0,293685.712508,300019.433596,300019.43358300003,3296.91685256044,0.023440000000000003,293685.712508,30779.257575002335,90.78136849999999,70.37467875555555,20.766204948625454,0.2999805676628006,0,64,,False,False,Request timeout: 300.0s exceeded,135,21.16838264042747
256,2026-09-14T02:20:21.572+00:00,2026-09-14T02:25:15.247+00:00,2026-09-14T02:25:21.590+00:00,False,91,90.0,,90.0,293675.325322,300017.904778,300017.904888,3296.900053714286,0.02491,293675.325322,30778.158484754116,89.4597265,70.47310506666666,20.916281546495206,0.2999820962905398,0,64,,False,False,Request timeout: 300.0s exceeded,162,21.16838264042747
257,2026-09-14T02:20:25.739+00:00,2026-09-14T02:25:19.505+00:00,2026-09-14T02:25:25.768+00:00,False,95,94.0,,94.0,293766.63373299997,300029.772549,300029.77266599995,3158.2081333263154,0.024329999999999997,293766.63373299997,30132.991530979965,87.349594,66.62913634042553,20.44001566544313,0.3133022406456286,0,64,,False,False,Request timeout: 300.0s exceeded,211,21.16838264042747
258,2026-09-14T02:20:30.468+00:00,2026-09-14T02:25:24.046+00:00,2026-09-14T02:25:30.484+00:00,False,92,91.0,,91.0,293577.864533,300016.001109,300016.00126,3261.0434919565214,0.04728,293577.864533,30600.238598356184,90.41802605,70.74875358241758,20.000452864939614,0.3033171552971217,0,64,,False,False,Request timeout: 300.0s exceeded,433,21.16838264042747
259,2026-09-14T02:20:34.735+00:00,2026-09-14T02:25:28.632+00:00,2026-09-14T02:25:34.803+00:00,False,87,86.0,,86.0,293897.001684,300068.535508,300068.535362,3449.063624850575,0.02598,293897.001684,31501.378611701897,91.3522113,71.76202120930232,20.138153648360177,0.28660119213901114,0,64,,False,False,Request timeout: 300.0s exceeded,393,21.16838264042747
260,2026-09-14T02:20:37.630+00:00,2026-09-14T02:25:31.704+00:00,2026-09-14T02:25:37.680+00:00,False,88,87.0,,87.0,294073.381584,300049.693648,300049.693573,3409.6556087840913,0.02132,294073.381584,31341.011658771586,88.66796500000001,68.69324211494254,20.419534104467473,0.28995197076276,0,64,,False,False,Request timeout: 300.0s exceeded,543,21.16838264042747
261,2026-09-14T02:20:40.508+00:00,2026-09-14T02:25:34.674+00:00,2026-09-14T02:25:40.542+00:00,False,87,86.0,,86.0,294166.42661,300034.034674,300034.034637,3448.6670647931037,0.02178,294166.42661,31530.642493981053,88.833228,68.22800074418605,19.522877686620202,0.28663414833401396,0,64,,False,False,Request timeout: 300.0s exceeded,408,21.16838264042747
262,2026-09-14T02:20:45.005+00:00,2026-09-14T02:25:38.595+00:00,2026-09-14T02:25:45.064+00:00,False,96,95.0,,95.0,293589.9399,300059.003324,300059.003389,3125.6146186354167,0.02146,293589.9399,29957.45476545521,89.22105899999998,68.09540446315789,20.526519087327546,0.3166043976271566,0,64,,False,False,Request timeout: 300.0s exceeded,465,21.16838264042747
263,2026-09-14T02:20:48.536+00:00,2026-09-14T02:25:42.417+00:00,2026-09-14T02:25:48.553+00:00,False,90,89.0,,89.0,293880.478718,300016.634366,300016.634444,3333.518160488889,0.02729,293880.478718,30970.46141760354,89.01396095,68.94556907865169,20.176613704716303,0.2966502180389972,0,64,,False,False,Request timeout: 300.0s exceeded,445,21.16838264042747
264,2026-09-14T02:20:52.398+00:00,2026-09-14T02:25:46.268+00:00,2026-09-14T02:25:52.404+00:00,False,93,92.0,,92.0,293869.49288599996,300005.79650199995,300005.79660799995,3225.8687807311826,0.0,293869.49288599996,30466.010309622583,89.21990120000001,66.69895234782608,70.11326794997832,0.30666074146799593,0,64,,False,False,Request timeout: 300.0s exceeded,441,21.16838264042747
265,2026-09-14T02:20:57.049+00:00,2026-09-14T02:25:50.936+00:00,2026-09-14T02:25:57.069+00:00,False,98,97.0,,97.0,293886.424475,300019.582107,300019.582259,3061.4243087653063,0.0,293886.424475,29680.703708279176,90.84977725,63.22842919587629,68.74662857584254,0.3233122295510884,0,64,,False,False,Request timeout: 300.0s exceeded,447,21.16838264042747
266,2026-09-14T02:21:00.506+00:00,2026-09-14T02:25:54.586+00:00,2026-09-14T02:26:00.548+00:00,False,90,89.0,,89.0,294079.659929,300041.329561,300041.329446,3333.7925494,0.03537,294079.659929,30991.664241672937,90.42114044999998,66.98505204494381,21.130432598712428,0.29662580195274674,0,64,,False,False,Request timeout: 300.0s exceeded,457,21.16838264042747
267,2026-09-14T02:21:04.769+00:00,2026-09-14T02:25:58.249+00:00,2026-09-14T02:26:04.822+00:00,False,95,94.0,,94.0,293479.748536,300052.24415200006,300052.24423600006,3158.444676168421,0.028480000000000002,293479.748536,30103.21982806791,90.1327967,69.92016612765957,20.053744696517036,0.3132787767199022,0,64,,False,False,Request timeout: 300.0s exceeded,449,21.16838264042747
268,2026-09-14T02:21:09.328+00:00,2026-09-14T02:26:03.364+00:00,2026-09-14T02:26:09.346+00:00,False,92,91.0,,91.0,294036.031454,300018.209758,300018.20995,3261.0674994565215,0.03494,294036.031454,30648.528643328023,89.40803555000001,65.73822312087913,20.712523432126087,0.30331492236222,0,64,,False,False,Request timeout: 300.0s exceeded,396,21.16838264042747
269,2026-09-14T02:21:13.001+00:00,2026-09-14T02:26:06.815+00:00,2026-09-14T02:26:13.081+00:00,False,93,92.0,,92.0,293814.482075,300080.331675,300080.33163000003,3226.6702325806455,0.0426,293814.482075,30460.086676104682,89.38595160000001,68.10706086956522,20.06499401539658,0.3065845718260535,0,64,,False,False,Request timeout: 300.0s exceeded,446,21.16838264042747
270,2026-09-14T02:21:16.110+00:00,2026-09-14T02:26:10.105+00:00,2026-09-14T02:26:16.127+00:00,False,87,86.0,,86.0,293994.89176599996,300016.97304599994,300016.973096,3448.4709551264364,0.03564,293994.89176599996,31512.05986497329,89.2380387,70.02420093023255,20.175146969983878,0.28665044889581665,0,64,,False,False,Request timeout: 300.0s exceeded,393,21.16838264042747
271,2026-09-14T02:21:18.819+00:00,2026-09-14T02:26:12.868+00:00,2026-09-14T02:26:18.844+00:00,False,90,89.0,,89.0,294049.245311,300025.107071,300025.107059,3333.6123006555554,0.04489,294049.245311,30988.441153925432,90.08839735,67.14451415730338,20.684737539294645,0.2966418406408182,0,64,,False,False,Request timeout: 300.0s exceeded,475,21.16838264042747
272,2026-09-14T02:21:21.643+00:00,2026-09-14T02:26:15.305+00:00,2026-09-14T02:26:21.684+00:00,False,96,95.0,,95.0,293661.72920999996,300040.626106,300040.626006,3125.4231875624996,0.032740000000000005,293661.72920999996,29964.878896312297,89.78668775,67.14628311578947,20.960620361640967,0.31662378936123764,0,64,,False,False,Request timeout: 300.0s exceeded,459,21.16838264042747
273,2026-09-14T02:21:26.380+00:00,2026-09-14T02:26:19.989+00:00,2026-09-14T02:26:26.441+00:00,False,94,93.0,,93.0,293608.410545,300060.755633,300060.755407,3192.1356958191486,0.038950000000000005,293608.410545,30276.246017165762,88.22024065,69.38005470967741,20.328901114970087,0.309937231890954,0,64,,False,False,Request timeout: 300.0s exceeded,450,21.16838264042747
274,2026-09-14T02:21:30.847+00:00,2026-09-14T02:26:24.291+00:00,2026-09-14T02:26:30.877+00:00,False,100,99.0,,99.0,293444.003705,300030.046585,300030.046524,3000.30046524,0.027370000000000002,293444.003705,29337.754916600454,89.13265295,66.52568565656566,20.5356782505251,0.3299669520664252,0,64,,False,False,Request timeout: 300.0s exceeded,456,21.16838264042747
275,2026-09-14T02:21:33.941+00:00,2026-09-14T02:26:27.557+00:00,2026-09-14T02:26:33.961+00:00,False,95,94.0,,94.0,293616.612961,300020.359521,300020.359404,3158.109046357895,0.023370000000000002,293616.612961,30117.44561239952,88.08035,68.12496340425531,19.452097104862567,0.3133120703877446,0,64,,False,False,Request timeout: 300.0s exceeded,541,21.16838264042747
276,2026-09-14T02:21:36.789+00:00,2026-09-14T02:26:30.359+00:00,2026-09-14T02:26:36.807+00:00,False,97,96.0,,96.0,293570.4217,300018.736324,300018.73635,3092.976663402062,0.03551,293570.4217,29800.746875765915,88.652981,67.169944,20.18284030180519,0.31998001583583263,0,64,,False,False,Request timeout: 300.0s exceeded,482,21.16838264042747
277,2026-09-14T02:21:39.412+00:00,2026-09-14T02:26:32.766+00:00,2026-09-14T02:26:39.494+00:00,False,102,101.0,,101.0,293353.731307,300081.62122699997,300081.621098,2941.9766774313725,0.02662,293353.731307,29039.758813757977,87.34005945000001,66.61277148514851,20.02088991709339,0.33657509442605105,0,64,,False,False,Request timeout: 300.0s exceeded,488,21.16838264042747
278,2026-09-14T02:21:42.141+00:00,2026-09-14T02:26:35.917+00:00,2026-09-14T02:26:42.158+00:00,False,94,93.0,,93.0,293775.665808,300016.65089600004,300016.650847,3191.666498372341,0.02275,293775.665808,30293.73187372887,89.50679129999999,67.1073665376344,20.904640625366323,0.30998279502906056,0,64,,False,False,Request timeout: 300.0s exceeded,412,21.16838264042747
279,2026-09-14T02:21:46.310+00:00,2026-09-14T02:26:38.282+00:00,2026-09-14T02:26:46.462+00:00,False,117,116.0,,116.0,291972.00977899996,300151.699507,300151.69963399996,2565.3991421709397,0.026010000000000002,291972.00977899996,26986.359542245125,88.18827220000001,70.51456662068966,55.59065834241863,0.3864712416772263,0,64,,False,False,Request timeout: 300.0s exceeded,544,21.16838264042747
280,2026-09-14T02:21:49.918+00:00,2026-09-14T02:26:43.749+00:00,2026-09-14T02:26:49.976+00:00,False,100,99.0,,99.0,293831.08560500003,300058.307877,300058.30778300005,3000.58307783,0.0,293831.08560500003,29376.88662477791,90.8683729,62.90123507070707,63.61730059155014,0.32993587379884215,0,64,,False,False,Request timeout: 300.0s exceeded,446,21.16838264042747
281,2026-09-14T02:21:53.387+00:00,2026-09-14T02:26:47.654+00:00,2026-09-14T02:26:53.442+00:00,False,88,87.0,,87.0,294267.522675,300055.923059,300055.92305000004,3409.7263982954546,0.02186,294267.522675,31361.9370152184,87.88158005000001,66.53333774712644,19.795478324588267,0.28994595111822935,0,64,,False,False,Request timeout: 300.0s exceeded,437,21.16838264042747
282,2026-09-14T02:21:56.670+00:00,2026-09-14T02:26:50.136+00:00,2026-09-14T02:26:56.697+00:00,False,100,99.0,,99.0,293465.65772,300027.42156000005,300027.42152100004,3000.27421521,0.020579999999999998,293465.65772,29339.944759471262,88.07685635,66.28044282828283,20.41644183732998,0.32996983904086846,0,64,,False,False,Request timeout: 300.0s exceeded,411,21.16838264042747
283,2026-09-14T02:22:00.872+00:00,2026-09-14T02:26:54.995+00:00,2026-09-14T02:27:00.936+00:00,False,87,86.0,,86.0,294123.009663,300064.838271,300064.838253,3449.021129344828,0.02367,294123.009663,31525.895938318772,90.1384783,69.0910303255814,20.720105113204927,0.28660472348422944,0,64,,False,False,Request timeout: 300.0s exceeded,353,21.16838264042747
284,2026-09-14T02:22:03.634+00:00,2026-09-14T02:26:57.580+00:00,2026-09-14T02:27:03.705+00:00,False,87,86.0,,86.0,293945.154959,300070.405007,300070.404942,3449.085114275862,0.019420000000000003,293945.154959,31506.598449139205,87.8158223,71.22383776744185,19.439525892413304,0.2865994065559174,0,64,,False,False,Request timeout: 300.0s exceeded,396,21.16838264042747
285,2026-09-14T02:22:06.275+00:00,2026-09-14T02:27:00.310+00:00,2026-09-14T02:27:06.300+00:00,False,88,87.0,,87.0,294035.33149,300025.655458,300025.655418,3409.382447931818,0.02477,294035.33149,31336.937806343336,90.51392385,68.85429848275862,19.577902249830853,0.2899752018446268,0,64,,False,False,Request timeout: 300.0s exceeded,458,21.16838264042747
286,2026-09-14T02:22:10.355+00:00,2026-09-14T02:27:04.333+00:00,2026-09-14T02:27:10.416+00:00,False,93,92.0,,92.0,293978.251862,300061.357654,300061.357654,3226.466211333333,0.021929999999999998,293978.251862,30477.2749228267,87.351969,66.12071513043477,20.279124141275748,0.3066039583346982,0,64,,False,False,Request timeout: 300.0s exceeded,431,21.16838264042747
287,2026-09-14T02:22:14.110+00:00,2026-09-14T02:27:07.907+00:00,2026-09-14T02:27:14.164+00:00,False,95,94.0,,94.0,293797.631206,300054.090982,300054.090941,3158.464115168421,0.019780000000000002,293797.631206,30136.17914505401,88.814277,66.55808272340425,20.51593832320786,0.31327684849209064,0,64,,False,False,Request timeout: 300.0s exceeded,443,21.16838264042747
288,2026-09-14T02:22:17.842+00:00,2026-09-14T02:27:11.858+00:00,2026-09-14T02:27:17.896+00:00,False,94,93.0,,93.0,294016.115145,300054.746825,300054.746821,3192.0717746914893,0.02407,294016.115145,30318.756765283197,89.53734815,64.93152344086022,20.935293385630036,0.30994343860268975,0,64,,False,False,Request timeout: 300.0s exceeded,536,21.16838264042747
289,2026-09-14T02:22:20.837+00:00,2026-09-14T02:27:14.679+00:00,2026-09-14T02:27:20.919+00:00,False,95,94.0,,94.0,293842.532663,300081.941559,300081.941545,3158.7572794210523,0.03639,293842.532663,30140.80449572894,87.82743769999999,66.37669038297872,20.44010396259748,0.31324777329700926,0,64,,False,False,Request timeout: 300.0s exceeded,360,21.16838264042747
290,2026-09-14T02:22:25.271+00:00,2026-09-14T02:27:19.005+00:00,2026-09-14T02:27:25.297+00:00,False,91,90.0,,90.0,293733.810524,300025.25423599995,300025.25424599997,3296.9808158901096,0.0189,293733.810524,30784.347912247325,86.6995665,69.90493013333334,19.294895830450987,0.29997474788974254,0,64,,False,False,Request timeout: 300.0s exceeded,342,21.16838264042747
291,2026-09-14T02:22:28.524+00:00,2026-09-14T02:27:22.143+00:00,2026-09-14T02:27:28.543+00:00,False,92,91.0,,91.0,293618.940438,300018.880022,300018.880031,3261.0747829456523,0.02221,293618.940438,30604.56417058699,87.43044205,70.32900641758242,18.971694208458786,0.30331424473462165,0,64,,False,False,Request timeout: 300.0s exceeded,443,21.16838264042747
292,2026-09-14T02:22:31.118+00:00,2026-09-14T02:27:25.296+00:00,2026-09-14T02:27:31.201+00:00,False,89,88.0,,88.0,294177.14373,300082.40222600003,300082.402179,3371.712384033708,0.0265,294177.14373,31175.608117163163,87.88987539999998,67.10521018181818,20.067317881469187,0.29325278439261776,0,64,,False,False,Request timeout: 300.0s exceeded,131,21.16838264042747
293,2026-09-14T02:22:34.012+00:00,2026-09-14T02:27:27.726+00:00,2026-09-14T02:27:34.102+00:00,False,101,100.0,,100.0,293713.370321,300089.717201,300089.717184,2971.1853186534654,0.034159999999999996,293713.370321,29219.23464946517,87.706884,63.7634688,19.85523391043361,0.3332336773572952,0,64,,False,False,Request timeout: 300.0s exceeded,484,21.16838264042747
294,2026-09-14T02:22:37.078+00:00,2026-09-14T02:27:31.117+00:00,2026-09-14T02:27:37.126+00:00,False,92,91.0,,91.0,294039.798333,300047.93426899996,300047.934084,3261.390587869565,0.03524,294039.798333,30648.891153127955,88.0407626,66.02347182417583,19.98828713775489,0.3032848742041876,0,64,,False,False,Request timeout: 300.0s exceeded,415,21.16838264042747
295,2026-09-14T02:22:39.774+00:00,2026-09-14T02:27:33.886+00:00,2026-09-14T02:27:39.821+00:00,False,86,85.0,,85.0,294111.758032,300047.01998399996,300047.020027,3488.9188375232557,0.02109,294111.758032,31707.362980342095,89.82456350000001,69.8266112,19.747706496601218,0.2832889325297503,0,64,,False,False,Request timeout: 300.0s exceeded,372,21.16838264042747
296,2026-09-14T02:22:44.302+00:00,2026-09-14T02:27:37.990+00:00,2026-09-14T02:27:44.367+00:00,False,97,96.0,,96.0,293688.785208,300065.1774,300065.177421,3093.455437329897,0.0,293688.785208,29812.91301768037,91.30316520000001,66.420752,68.92426140866051,0.31993049254105155,0,64,,False,False,Request timeout: 300.0s exceeded,424,21.16838264042747
297,2026-09-14T02:22:47.317+00:00,2026-09-14T02:27:41.262+00:00,2026-09-14T02:27:47.367+00:00,False,96,95.0,,95.0,293945.28919800004,300050.07691000006,300050.07709400007,3125.521636395834,0.0,293945.28919800004,29994.18549910293,90.67503375,64.26092328421052,69.05314250287712,0.31661381652801646,0,64,,False,False,Request timeout: 300.0s exceeded,469,21.16838264042747
298,2026-09-14T02:22:50.558+00:00,2026-09-14T02:27:44.578+00:00,2026-09-14T02:27:50.604+00:00,False,90,89.0,,89.0,294020.23013,300045.908978,300045.908984,3333.8434331555554,0.034659999999999996,294020.23013,30985.323673158284,89.52757645,67.70425671910112,20.668396675099277,0.29662127473474625,0,64,,False,False,Request timeout: 300.0s exceeded,436,21.16838264042747
299,2026-09-14T02:22:54.790+00:00,2026-09-14T02:27:48.363+00:00,2026-09-14T02:27:54.865+00:00,False,93,92.0,,92.0,293573.352786,300075.034194,300075.034305,3226.6132720967744,0.020059999999999998,293573.352786,30434.816536391547,88.680249,70.67045008695652,19.455540996852434,0.3065899842254839,0,64,,False,False,Request timeout: 300.0s exceeded,482,21.16838264042747
300,2026-09-14T02:22:58.137+00:00,2026-09-14T02:27:51.794+00:00,2026-09-14T02:27:58.176+00:00,False,96,95.0,,95.0,293657.284239,300039.096975,300039.096891,3125.40725928125,0.027870000000000002,293657.284239,29964.421776812578,88.54695050000001,67.17697616842106,20.48710256879846,0.31662540301511316,0,64,,False,False,Request timeout: 300.0s exceeded,408,21.16838264042747
301,2026-09-14T02:23:02.634+00:00,2026-09-14T02:27:56.330+00:00,2026-09-14T02:28:02.687+00:00,False,97,96.0,,96.0,293695.221071,300052.682575,300052.682654,3093.326625298969,0.03508,293695.221071,29813.514262414516,89.068544,66.22355733333333,19.94607152039069,0.3199438151198805,0,64,,False,False,Request timeout: 300.0s exceeded,188,21.16838264042747
302,2026-09-14T02:23:05.636+00:00,2026-09-14T02:27:58.729+00:00,2026-09-14T02:28:05.729+00:00,False,106,105.0,,105.0,293093.64938200003,300093.02269400004,300093.02294000005,2831.0662541509437,0.01877,293093.64938200003,28461.30427738775,88.30202825,66.66069820952382,20.253674465975585,0.34989150716465267,0,64,,False,False,Request timeout: 300.0s exceeded,417,21.16838264042747
303,2026-09-14T02:23:09.315+00:00,2026-09-14T02:28:03.248+00:00,2026-09-14T02:28:09.358+00:00,False,89,88.0,,88.0,293932.805682,300042.725426,300042.725348,3371.2665769438204,0.022178999999999997,293932.805682,31149.461833782712,89.7194404,69.43090618181819,20.092117159550703,0.29329156331005124,0,64,,False,False,Request timeout: 300.0s exceeded,421,21.16838264042747
304,2026-09-14T02:23:12.696+00:00,2026-09-14T02:28:06.910+00:00,2026-09-14T02:28:14.670+00:00,False,77,76.0,,76.0,294214.07257,301973.83397800004,301973.83416200004,3921.7381060000002,0.02655,294214.07257,33518.53733571623,93.4927366,102.10212378947368,304.8001940940757,0.25167743509040885,0,64,,False,False,Request timeout: 300.0s exceeded,322,21.16838264042747
305,2026-09-14T02:23:16.364+00:00,2026-09-14T02:28:09.866+00:00,2026-09-14T02:28:16.409+00:00,False,109,108.0,,108.0,293501.692566,300044.94863,300044.948558,2752.7059500733944,0.01551,293501.692566,28107.810406062457,89.775416,60.5857042962963,266.3034870980418,0.35994606972430665,0,64,,False,False,Request timeout: 300.0s exceeded,487,21.16838264042747
306,2026-09-14T02:23:19.154+00:00,2026-09-14T02:28:14.828+00:00,2026-09-14T02:28:19.167+00:00,False,66,65.0,,65.0,295673.50814999995,300012.52101399994,300012.52106999996,4545.644258636363,0.01933,295673.50814999995,36386.68264778314,89.02170375,66.75404406153845,21.98817494831584,0.21665762408951858,0,64,,False,False,Request timeout: 300.0s exceeded,284,21.16838264042747
307,2026-09-14T02:23:22.082+00:00,2026-09-14T02:28:16.021+00:00,2026-09-14T02:28:22.124+00:00,False,88,87.0,,87.0,293939.286775,300042.809847,300042.80983,3409.5773844318182,0.01644,293939.286775,31326.560624510024,89.10943835,70.1554376091954,19.44655329294327,0.2899586230523693,0,64,,False,False,Request timeout: 300.0s exceeded,403,21.16838264042747
308,2026-09-14T02:23:26.799+00:00,2026-09-14T02:28:20.359+00:00,2026-09-14T02:28:26.833+00:00,False,94,93.0,,93.0,293560.37297100003,300034.235883,300034.235715,3191.8535714361706,0.07669,293560.37297100003,30271.267843976082,90.091178,69.61142916129032,20.904331274819178,0.3099646269576578,0,64,,False,False,Request timeout: 300.0s exceeded,353,21.16838264042747
309,2026-09-14T02:23:30.651+00:00,2026-09-14T02:28:23.874+00:00,2026-09-14T02:28:30.659+00:00,False,102,101.0,,101.0,293222.27395099995,300007.54678299994,300007.54670699994,2941.2504579117644,0.037308999999999995,293222.27395099995,29026.686915606406,89.49838555000001,67.18091912871287,20.841117380777156,0.33665819771212235,0,64,,False,False,Request timeout: 300.0s exceeded,540,21.16838264042747
310,2026-09-14T02:23:34.741+00:00,2026-09-14T02:28:28.841+00:00,2026-09-14T02:28:34.780+00:00,False,87,86.0,,86.0,294100.630972,300039.26598,300039.266016,3448.727195586207,0.03204,294100.630972,31523.50102592547,89.31144670000002,69.05389544186046,21.257122557846937,0.28662915075166384,0,64,,False,False,Request timeout: 300.0s exceeded,376,21.16838264042747
311,2026-09-14T02:23:38.040+00:00,2026-09-14T02:28:31.996+00:00,2026-09-14T02:28:38.076+00:00,False,88,87.0,,87.0,293955.537692,300035.95318,300035.953217,3409.4994683749997,0.0,293955.537692,31328.389573649536,90.4745225,69.88983319540229,68.60226139075607,0.289965249423979,0,64,,False,False,Request timeout: 300.0s exceeded,454,21.16838264042747
312,2026-09-14T02:23:42.461+00:00,2026-09-14T02:28:35.889+00:00,2026-09-14T02:28:42.472+00:00,False,104,103.0,,103.0,293428.17569199996,300011.336012,300011.33604499995,2884.7243850480763,0.0,293428.17569199996,28766.802029014067,87.728786,63.91417786407767,63.52121103068093,0.34332036038758273,0,64,,False,False,Request timeout: 300.0s exceeded,497,21.16838264042747
313,2026-09-14T02:23:45.953+00:00,2026-09-14T02:28:39.458+00:00,2026-09-14T02:28:45.967+00:00,False,95,94.0,,94.0,293505.19192400004,300014.259956,300014.260063,3158.0448427684214,0.01755,293505.19192400004,30105.898786009413,88.6213204,69.24540459574469,18.950548639078598,0.31331844030942396,0,64,,False,False,Request timeout: 300.0s exceeded,398,21.16838264042747
314,2026-09-14T02:23:50.121+00:00,2026-09-14T02:28:43.695+00:00,2026-09-14T02:28:50.152+00:00,False,96,95.0,,95.0,293573.426405,300031.16618099995,300031.16618299996,3125.3246477395833,0.0327,293573.426405,29955.78102245593,88.12666650000001,67.97620816842105,19.764074548263235,0.31663377244845725,0,64,,False,False,Request timeout: 300.0s exceeded,452,21.16838264042747
315,2026-09-14T02:23:52.699+00:00,2026-09-14T02:28:46.312+00:00,2026-09-14T02:28:52.770+00:00,False,97,96.0,,96.0,293612.97589600005,300071.34850400005,300071.34848300007,3093.5190565257735,0.02173,293612.97589600005,29805.05701681045,87.7910686,67.27471466666667,20.266008461144704,0.31992391302470613,0,64,,False,False,Request timeout: 300.0s exceeded,431,21.16838264042747
316,2026-09-14T02:23:55.978+00:00,2026-09-14T02:28:49.453+00:00,2026-09-14T02:28:55.992+00:00,False,99,98.0,,98.0,293474.796472,300014.401976,300014.401987,3030.448504919192,0.03077,293474.796472,29488.627283113838,89.1829809,66.73066840816327,20.62567237956647,0.32665098526783265,0,64,,False,False,Request timeout: 300.0s exceeded,338,21.16838264042747
317,2026-09-14T02:23:59.563+00:00,2026-09-14T02:28:53.730+00:00,2026-09-14T02:28:59.603+00:00,False,87,86.0,,86.0,294166.80212400004,300039.463372,300039.46320700005,3448.7294621494257,0.035859999999999996,294166.80212400004,31530.67765480209,90.8839879,68.28675869767443,21.395352962974165,0.28662896218213146,0,64,,False,False,Request timeout: 300.0s exceeded,412,21.16838264042747
318,2026-09-14T02:24:04.081+00:00,2026-09-14T02:28:57.827+00:00,2026-09-14T02:29:04.089+00:00,False,93,92.0,,92.0,293746.568965,300008.356613,300008.356826,3225.896309956989,0.01713,293746.568965,30453.04981751837,90.7354244,68.0629092173913,21.290851559742023,0.30665812458909836,0,64,,False,False,Request timeout: 300.0s exceeded,417,21.16838264042747
319,2026-09-14T02:24:07.548+00:00,2026-09-14T02:29:00.750+00:00,2026-09-14T02:29:07.586+00:00,False,99,98.0,,98.0,293202.306547,300038.622195,300038.622126,3030.6931527878787,0.02229,293202.306547,29460.93688808376,92.05703890000001,69.7583229387755,20.850710801016657,0.32662461680119365,0,64,,False,False,Request timeout: 300.0s exceeded,399,21.16838264042747
320,2026-09-14T02:24:10.266+00:00,2026-09-14T02:29:04.085+00:00,2026-09-14T02:29:10.337+00:00,False,91,90.0,,90.0,293818.470328,300070.379704,300070.37966000004,3297.47669956044,0.01955,293818.470328,30793.26914519387,89.19625199999999,69.46565973333334,19.973180435889656,0.29992963680313656,0,64,,False,False,Request timeout: 300.0s exceeded,468,21.16838264042747
321,2026-09-14T02:24:13.351+00:00,2026-09-14T02:29:06.848+00:00,2026-09-14T02:29:13.381+00:00,False,99,98.0,,98.0,293497.15738,300030.179076,300030.179118,3030.607869878788,0.02096,293497.15738,29490.880952694322,87.71821890000001,66.66348669387754,19.983422295124882,0.3266338083115826,0,64,,False,False,Request timeout: 300.0s exceeded,449,21.16838264042747
322,2026-09-14T02:24:17.632+00:00,2026-09-14T02:29:11.494+00:00,2026-09-14T02:29:17.666+00:00,False,95,94.0,,94.0,293862.8342,300034.41563999996,300034.415652,3158.2570068631576,0.01692,293862.8342,30142.961045591124,87.25332770000001,65.65512170212766,19.873681611629095,0.31329739223245334,0,64,,False,False,Request timeout: 300.0s exceeded,447,21.16838264042747
323,2026-09-14T02:24:20.635+00:00,2026-09-14T02:29:14.617+00:00,2026-09-14T02:29:20.648+00:00,False,91,90.0,,90.0,293982.115251,300013.27889899997,300013.278889,3296.8492185604396,0.016309999999999998,293982.115251,30810.68133315612,90.013665,67.01292942222221,20.627748631584357,0.2999867216887379,0,64,,False,False,Request timeout: 300.0s exceeded,439,21.16838264042747
324,2026-09-14T02:24:25.072+00:00,2026-09-14T02:29:18.789+00:00,2026-09-14T02:29:25.109+00:00,False,90,89.0,,89.0,293716.682514,300036.900882,300036.900912,3333.7433434666664,0.01732,293716.682514,30952.978159322633,90.16068545,71.01368952808988,20.74713151970312,0.2966301802823992,0,64,,False,False,Request timeout: 300.0s exceeded,457,21.16838264042747
325,2026-09-14T02:24:29.452+00:00,2026-09-14T02:29:23.156+00:00,2026-09-14T02:29:29.505+00:00,False,91,90.0,,90.0,293703.74793400004,300052.831582,300052.83163100004,3297.2838640769237,0.03185,293703.74793400004,30781.129662475225,88.91248750000001,70.54537386666667,19.776276547628825,0.299947177720282,0,64,,False,False,Request timeout: 300.0s exceeded,445,21.16838264042747
326,2026-09-14T02:24:33.753+00:00,2026-09-14T02:29:27.260+00:00,2026-09-14T02:29:33.771+00:00,False,104,103.0,,103.0,293506.509144,300018.227032,300018.227037,2884.7906445865387,0.0,293506.509144,28774.54870069208,90.69187345,63.22056201941747,62.34328137960694,0.3433124747751209,0,64,,False,False,Request timeout: 300.0s exceeded,575,21.16838264042747
327,2026-09-14T02:24:37.265+00:00,2026-09-14T02:29:30.999+00:00,2026-09-14T02:29:37.347+00:00,False,103,102.0,,102.0,293733.94366600004,300082.29797,300082.298015,2913.4203690776703,0.0,293733.94366600004,28936.400924889324,88.99809010000001,62.23876768627451,63.05344771893514,0.3399067545470383,0,64,,False,False,Request timeout: 300.0s exceeded,526,21.16838264042747
328,2026-09-14T02:24:41.094+00:00,2026-09-14T02:29:34.705+00:00,2026-09-14T02:29:41.130+00:00,False,97,96.0,,96.0,293611.347268,300035.702596,300035.702606,3093.1515732577323,0.032479,293611.347268,29804.927695096874,88.6949106,66.920368,20.35790018196397,0.31996192176257315,0,64,,False,False,Request timeout: 300.0s exceeded,398,21.16838264042747
329,2026-09-14T02:24:44.985+00:00,2026-09-14T02:29:38.957+00:00,2026-09-14T02:29:44.991+00:00,False,90,89.0,,89.0,293971.995399,300006.664199,300006.66403,3333.407378111111,0.037689999999999994,293971.995399,30980.228596038327,90.19298500000001,67.80526741573034,20.601722873913907,0.2966600766607126,0,64,,False,False,Request timeout: 300.0s exceeded,134,21.16838264042747
330,2026-09-14T02:24:49.713+00:00,2026-09-14T02:29:43.323+00:00,2026-09-14T02:29:49.762+00:00,False,102,101.0,,101.0,293609.846389,300048.736885,300048.736686,2941.654281235294,0.03272,293609.846389,29065.40262396178,91.24452654999999,63.75139104950495,21.878073037911374,0.33661198193515596,0,64,,False,False,Request timeout: 300.0s exceeded,471,21.16838264042747
331,2026-09-14T02:24:53.775+00:00,2026-09-14T02:29:48.911+00:00,2026-09-14T02:29:53.843+00:00,False,71,70.0,,70.0,295135.99757,300068.034946,300068.03503800003,4226.310352647887,0.033929,295135.99757,35017.843223173055,89.878335,70.4576768,20.907531460985247,0.23328042926197434,0,64,,False,False,Request timeout: 300.0s exceeded,376,21.16838264042747
332,2026-09-14T02:24:56.438+00:00,2026-09-14T02:29:50.090+00:00,2026-09-14T02:29:57.051+00:00,False,100,99.0,,99.0,293651.824085,300612.913877,300612.91381,3006.1291380999996,0.03516,293651.824085,29358.1578085162,90.93441745,70.3140383030303,20.08902251235781,0.32932716935942163,0,64,,False,False,Request timeout: 300.0s exceeded,374,21.16838264042747
333,2026-09-14T02:24:59.846+00:00,2026-09-14T02:29:53.623+00:00,2026-09-14T02:29:59.899+00:00,False,92,91.0,,91.0,293776.861014,300052.98466200003,300052.984635,3261.445485163044,0.01809,293776.861014,30621.17175643565,89.74711450000001,68.96839173626374,21.099449627105454,0.3032797694130873,0,64,,False,False,Request timeout: 300.0s exceeded,438,21.16838264042747
334,2026-09-14T02:25:03.606+00:00,2026-09-14T02:29:57.321+00:00,2026-09-14T02:30:03.644+00:00,False,93,92.0,,92.0,293715.490596,300037.639204,300037.63915999996,3226.211173763441,0.02357,293715.490596,30449.758586696415,88.11414059999998,68.71900660869565,20.523662084736355,0.3066281958626126,0,64,,False,False,Request timeout: 300.0s exceeded,437,21.16838264042747
335,2026-09-14T02:25:08.168+00:00,2026-09-14T02:30:01.800+00:00,2026-09-14T02:30:08.202+00:00,False,94,93.0,,93.0,293632.382945,300034.350817,300034.35074100003,3191.8547951170217,0.019350000000000003,293632.382945,30278.774431135374,88.688449,68.83836421505377,20.297779828428,0.30996450821967214,0,64,,False,False,Request timeout: 300.0s exceeded,423,21.16838264042747
336,2026-09-14T02:25:12.108+00:00,2026-09-14T02:30:05.771+00:00,2026-09-14T02:30:12.162+00:00,False,94,93.0,,93.0,293662.867183,300053.614575,300053.614622,3192.0597300212767,0.0205,293662.867183,30281.931320435226,91.19213315,68.71771389247311,20.651995245001107,0.30994460817186437,0,64,,False,False,Request timeout: 300.0s exceeded,452,21.16838264042747
337,2026-09-14T02:25:16.613+00:00,2026-09-14T02:30:10.460+00:00,2026-09-14T02:30:16.699+00:00,False,95,94.0,,94.0,293847.56571600004,300086.042772,300086.04278600006,3158.800450378948,0.01858,293847.56571600004,30141.321385972267,88.1692611,66.36677719148936,19.669888527803664,0.31324349220539893,0,64,,False,False,Request timeout: 300.0s exceeded,461,21.16838264042747
338,2026-09-14T02:25:19.898+00:00,2026-09-14T02:30:13.299+00:00,2026-09-14T02:30:19.908+00:00,False,100,99.0,,99.0,293400.745862,300009.838214,300009.838071,3000.0983807099997,0.01847,293400.745862,29333.405328182005,88.83888745,66.75850860606062,19.76661818529164,0.3299891783194867,0,64,,False,False,Request timeout: 300.0s exceeded,482,21.16838264042747
339,2026-09-14T02:25:23.284+00:00,2026-09-14T02:30:16.699+00:00,2026-09-14T02:30:23.311+00:00,False,97,96.0,,96.0,293414.609245,300026.830685,300026.830587,3093.06010914433,0.018539999999999997,293414.609245,29784.75309382669,88.7447628,68.87730666666667,20.07605804005654,0.3199713831620312,0,64,,False,False,Request timeout: 300.0s exceeded,389,21.16838264042747
340,2026-09-14T02:25:27.355+00:00,2026-09-14T02:30:21.209+00:00,2026-09-14T02:30:27.386+00:00,False,90,89.0,,89.0,293853.907092,300031.16482,300031.164861,3333.679609566667,0.02154,293853.907092,30967.612212432305,90.95825799999999,69.40739020224719,20.74256916229153,0.2966358513236265,0,64,,False,False,Request timeout: 300.0s exceeded,453,21.16838264042747
341,2026-09-14T02:25:30.513+00:00,2026-09-14T02:30:24.532+00:00,2026-09-14T02:30:30.542+00:00,False,96,95.0,,95.0,294018.54479400004,300028.619162,300028.61925700004,3125.2981172604173,0.0,294018.54479400004,30001.756558882866,93.00866825000001,63.263940715789474,65.77311559193316,0.3166364604328125,0,64,,False,False,Request timeout: 300.0s exceeded,433,21.16838264042747
342,2026-09-14T02:25:33.283+00:00,2026-09-14T02:30:26.621+00:00,2026-09-14T02:30:33.312+00:00,False,108,107.0,,107.0,293338.182634,300028.82301800005,300028.82299,2778.044657314815,0.0,293338.182634,28220.53086505367,91.071259,62.52934938317757,62.22925843087199,0.35663240259280227,0,64,,False,False,Request timeout: 300.0s exceeded,479,21.16838264042747
343,2026-09-14T02:25:36.205+00:00,2026-09-14T02:30:29.933+00:00,2026-09-14T02:30:36.230+00:00,False,92,91.0,,91.0,293728.89290100004,300025.569765,300025.56960900006,3261.1474957500004,0.018920000000000003,293728.89290100004,30616.146642723314,88.86628705000001,69.19425125274725,20.282445753441095,0.3033074816632371,0,64,,False,False,Request timeout: 300.0s exceeded,457,21.16838264042747
344,2026-09-14T02:25:40.247+00:00,2026-09-14T02:30:33.709+00:00,2026-09-14T02:30:40.259+00:00,False,96,95.0,,95.0,293461.618858,300011.81789799995,300011.817741,3125.1231014687496,0.01907,293461.618858,29944.270818283316,89.38356925,68.94946357894736,20.42022355261985,0.3166541927101643,0,64,,False,False,Request timeout: 300.0s exceeded,457,21.16838264042747
345,2026-09-14T02:25:44.042+00:00,2026-09-14T02:30:37.721+00:00,2026-09-14T02:30:44.085+00:00,False,96,95.0,,95.0,293678.984353,300042.643361,300042.643299,3125.44420103125,0.01883,293678.984353,29966.655599746817,88.9588995,66.98588429473683,19.828468608860277,0.31662166062741814,0,64,,False,False,Request timeout: 300.0s exceeded,481,21.16838264042747
346,2026-09-14T02:25:48.636+00:00,2026-09-14T02:30:42.025+00:00,2026-09-14T02:30:48.715+00:00,False,99,98.0,,98.0,293389.657054,300079.23171,300079.23167300003,3031.1033502323235,0.02025,293389.657054,29479.916395267614,88.9438199,68.26096587755102,20.25283730208675,0.3265804149175785,0,64,,False,False,Request timeout: 300.0s exceeded,523,21.16838264042747
347,2026-09-14T02:25:52.221+00:00,2026-09-14T02:30:45.971+00:00,2026-09-14T02:30:52.237+00:00,False,95,94.0,,94.0,293749.210329,300015.296473,300015.29636100004,3158.0557511684215,0.01803,293749.210329,30131.200568549102,88.24599210000001,66.66049089361702,20.226340957778206,0.3133173578316516,0,64,,False,False,Request timeout: 300.0s exceeded,406,21.16838264042747
348,2026-09-14T02:25:56.597+00:00,2026-09-14T02:30:50.399+00:00,2026-09-14T02:30:56.632+00:00,False,94,93.0,,93.0,293802.230563,300035.467299,300035.46719500003,3191.8666722872345,0.03372,293802.230563,30296.480437744227,89.81821815,67.02405092473118,20.9426556096499,0.3099633547900554,0,64,,False,False,Request timeout: 300.0s exceeded,280,21.16838264042747
349,2026-09-14T02:26:01.150+00:00,2026-09-14T02:30:54.200+00:00,2026-09-14T02:31:01.181+00:00,False,101,100.0,,100.0,293050.192986,300030.673242,300030.67309999996,2970.600723762376,0.09539,293050.192986,29152.644920461637,89.077472,69.80480256,19.858168785256055,0.3332992554375985,0,64,,False,False,Request timeout: 300.0s exceeded,402,21.16838264042747
350,2026-09-14T02:26:04.549+00:00,2026-09-14T02:30:58.071+00:00,2026-09-14T02:31:04.572+00:00,False,96,95.0,,95.0,293522.395841,300022.844097,300022.84390900005,3125.237957385417,0.02447,293522.395841,29950.52702045285,88.66362525000001,68.42577111578947,20.015356142983887,0.31664255528917545,0,64,,False,False,Request timeout: 300.0s exceeded,391,21.16838264042747
351,2026-09-14T02:26:09.271+00:00,2026-09-14T02:31:03.004+00:00,2026-09-14T02:31:09.292+00:00,False,92,91.0,,91.0,293733.41697,300020.777994,300020.778207,3261.0954152934783,0.033489,293733.41697,30616.628894617006,89.19205450000001,69.0918793846154,20.14864377391716,0.3033123259277058,0,64,,False,False,Request timeout: 300.0s exceeded,485,21.16838264042747
352,2026-09-14T02:26:13.377+00:00,2026-09-14T02:31:06.916+00:00,2026-09-14T02:31:13.410+00:00,False,98,97.0,,97.0,293538.553356,300032.137484,300032.137398,3061.5524224285714,0.017920000000000002,293538.553356,29645.116230363405,89.22087885,66.94416626804124,20.40869846335953,0.32329869997734084,0,64,,False,False,Request timeout: 300.0s exceeded,400,21.16838264042747
353,2026-09-14T02:26:17.520+00:00,2026-09-14T02:31:11.346+00:00,2026-09-14T02:31:17.568+00:00,False,96,95.0,,95.0,293825.45894700004,300047.786243,300047.786451,3125.49777553125,0.01794,293825.45894700004,29981.756830338654,87.365716,65.4981820631579,19.668209530934927,0.3166162336657343,0,64,,False,False,Request timeout: 300.0s exceeded,278,21.16838264042747
354,2026-09-14T02:26:21.165+00:00,2026-09-14T02:31:14.692+00:00,2026-09-14T02:31:21.707+00:00,False,98,97.0,,97.0,293526.646411,300541.972363,300541.972382,3066.75482022449,0.02009,293526.646411,29643.433325271122,87.53034385000001,72.32294795876288,64.83416465066871,0.3227502609280865,0,64,,False,False,Request timeout: 300.0s exceeded,443,21.16838264042747
355,2026-09-14T02:26:25.108+00:00,2026-09-14T02:31:18.796+00:00,2026-09-14T02:31:25.183+00:00,False,100,99.0,,99.0,293687.975944,300075.161352,300075.161281,3000.75161281,0.0,293687.975944,29362.42446200882,89.94620135000001,64.51702432323232,68.2721577190944,0.3299173432214508,0,64,,False,False,Request timeout: 300.0s exceeded,503,21.16838264042747
356,2026-09-14T02:26:28.307+00:00,2026-09-14T02:31:22.110+00:00,2026-09-14T02:31:28.347+00:00,False,91,90.0,,90.0,293802.93033600005,300039.574176,300039.57418000005,3297.1381778021982,0.024019,293802.93033600005,30791.657981366283,90.38869400000002,69.29604266666666,20.111453961033625,0.29996043104369613,0,64,,False,False,Request timeout: 300.0s exceeded,440,21.16838264042747
357,2026-09-14T02:26:32.206+00:00,2026-09-14T02:31:25.860+00:00,2026-09-14T02:31:32.265+00:00,False,94,93.0,,93.0,293653.601616,300058.3348,300058.334895,3192.1099456914894,0.034619,293653.601616,30280.95957499858,89.20996735,68.86809875268817,19.797921342845648,0.3099397324256563,0,64,,False,False,Request timeout: 300.0s exceeded,461,21.16838264042747
358,2026-09-14T02:26:35.107+00:00,2026-09-14T02:31:28.558+00:00,2026-09-14T02:31:35.124+00:00,False,94,93.0,,93.0,293450.47398799995,300016.82560399995,300016.825707,3191.668358585106,0.01858,293450.47398799995,30259.829014427225,90.61861515000001,70.60593135483872,19.319079679864213,0.30998261451760417,0,64,,False,False,Request timeout: 300.0s exceeded,138,21.16838264042747
359,2026-09-14T02:26:39.090+00:00,2026-09-14T02:31:32.728+00:00,2026-09-14T02:31:39.166+00:00,False,93,92.0,,92.0,293638.30023500003,300076.51489100006,300076.51490400004,3226.6291925161295,0.0287,293638.30023500003,30441.622905818946,89.06524160000001,69.98059408695651,19.61186129272463,0.3065884713884328,0,64,,False,False,Request timeout: 300.0s exceeded,355,21.16838264042747
360,2026-09-14T02:26:42.462+00:00,2026-09-14T02:31:36.071+00:00,2026-09-14T02:31:42.545+00:00,False,97,96.0,,96.0,293609.02775,300082.514854,300082.514885,3093.634174072165,0.03729,293609.02775,29804.640529260112,90.58844219999999,67.43215733333332,20.81119886332201,0.3199120083577917,0,64,,False,False,Request timeout: 300.0s exceeded,482,21.16838264042747
361,2026-09-14T02:26:45.756+00:00,2026-09-14T02:31:39.162+00:00,2026-09-14T02:31:45.781+00:00,False,104,103.0,,103.0,293406.79162000003,300025.508036,300025.50817000004,2884.8606554807698,0.019510000000000003,293406.79162000003,28764.608933538075,88.62716365,64.25938267961165,20.29006999130343,0.34330414328518044,0,64,,False,False,Request timeout: 300.0s exceeded,509,21.16838264042747
362,2026-09-14T02:26:50.084+00:00,2026-09-14T02:31:43.698+00:00,2026-09-14T02:31:50.121+00:00,False,99,98.0,,98.0,293613.717148,300036.81039600004,300036.81038100005,3030.6748523333335,0.01772,293613.717148,29502.708880670674,88.9684468,65.54176783673469,20.710283771185107,0.32662658915303044,0,64,,False,False,Request timeout: 300.0s exceeded,471,21.16838264042747
363,2026-09-14T02:26:52.760+00:00,2026-09-14T02:31:46.555+00:00,2026-09-14T02:31:52.825+00:00,False,96,95.0,,95.0,293794.87355,300064.291022,300064.29111600004,3125.669699125,0.02194,293794.87355,29978.584929367098,87.41928850000001,65.99386812631579,20.121971107418123,0.31659881846132376,0,64,,False,False,Request timeout: 300.0s exceeded,467,21.16838264042747
364,2026-09-14T02:26:56.485+00:00,2026-09-14T02:31:50.120+00:00,2026-09-14T02:31:56.557+00:00,False,99,98.0,,98.0,293635.57978100004,300072.75482100004,300072.75478200003,3031.0379270909093,0.01672,293635.57978100004,29504.89147281114,89.21698289999999,65.68545959183673,20.357399800040266,0.32658746395839616,0,64,,False,False,Request timeout: 300.0s exceeded,450,21.16838264042747
365,2026-09-14T02:26:59.594+00:00,2026-09-14T02:31:53.441+00:00,2026-09-14T02:31:59.600+00:00,False,91,90.0,,90.0,293847.522787,300006.044131,300006.044187,3296.769716340659,0.04843,293847.522787,30796.423615633725,87.762575,68.42801493333334,20.238451506427197,0.2999939559907693,0,64,,False,False,Request timeout: 300.0s exceeded,557,21.16838264042747
366,2026-09-14T02:27:03.871+00:00,2026-09-14T02:31:57.751+00:00,2026-09-14T02:32:05.573+00:00,False,80,79.0,,79.0,293879.790503,301701.22589500004,301701.226052,3771.2653256500002,0.031519,293879.790503,32846.93503191263,89.6482014,99.00551129113924,287.7828462875275,0.2618484554235589,0,64,,False,False,Request timeout: 300.0s exceeded,174,21.16838264042747
367,2026-09-14T02:27:08.355+00:00,2026-09-14T02:32:01.989+00:00,2026-09-14T02:32:08.415+00:00,False,109,108.0,,108.0,293633.951417,300059.71960899996,300059.719573,2752.841463972477,0.015359999999999999,293633.951417,28120.506902198253,89.2050298,59.497853629629624,258.1603611114964,0.3599283507320876,0,64,,False,False,Request timeout: 300.0s exceeded,437,21.16838264042747
368,2026-09-14T02:27:11.920+00:00,2026-09-14T02:32:06.860+00:00,2026-09-14T02:32:11.983+00:00,False,77,76.0,,76.0,294940.621133,300063.005005,300063.005079,3896.922143883117,0.049280000000000004,294940.621133,33603.928033863886,86.111742,67.39978778947368,19.78360402594718,0.2532801402783179,0,64,,False,False,Request timeout: 300.0s exceeded,382,21.16838264042747
369,2026-09-14T02:27:15.865+00:00,2026-09-14T02:32:09.478+00:00,2026-09-14T02:32:15.899+00:00,False,98,97.0,,97.0,293612.412891,300034.032091,300034.032115,3061.57175627551,0.016210000000000002,293612.412891,29652.651407395577,86.90622169999999,66.20225979381443,19.346521747311552,0.3232966584623307,0,64,,False,False,Request timeout: 300.0s exceeded,440,21.16838264042747
370,2026-09-14T02:27:20.498+00:00,2026-09-14T02:32:14.183+00:00,2026-09-14T02:32:20.534+00:00,False,96,95.0,,95.0,293684.516724,300035.52754,300035.527627,3125.3700794479164,0.0,293684.516724,29967.297853974647,88.04152900000001,66.85274543157895,65.35324892016783,0.3166291698150141,0,64,,False,False,Request timeout: 300.0s exceeded,310,21.16838264042747
371,2026-09-14T02:27:23.760+00:00,2026-09-14T02:32:17.680+00:00,2026-09-14T02:32:23.819+00:00,False,88,87.0,,87.0,293919.412601,300058.883449,300058.883531,3409.7600401249997,0.01672,293919.412601,31324.39817719564,89.6791152,70.56863043678162,19.758477327634488,0.28994309050272493,0,64,,False,False,Request timeout: 300.0s exceeded,425,21.16838264042747
372,2026-09-14T02:27:27.874+00:00,2026-09-14T02:32:21.724+00:00,2026-09-14T02:32:27.914+00:00,False,87,86.0,,86.0,293849.831593,300039.940265,300039.94035499997,3448.734946609195,0.03107,293849.831593,31496.298018499016,90.5730236,71.97800781395348,19.701179640306318,0.28662850660496547,0,64,,False,False,Request timeout: 300.0s exceeded,296,21.16838264042747
373,2026-09-14T02:27:31.719+00:00,2026-09-14T02:32:25.338+00:00,2026-09-14T02:32:31.760+00:00,False,91,90.0,,90.0,293618.81899400003,300040.989874,300040.989897,3297.1537351318684,0.02045,293618.81899400003,30772.141916068384,91.23818250000001,71.35745422222223,20.32395084229678,0.29995901572580075,0,64,,False,False,Request timeout: 300.0s exceeded,261,21.16838264042747
374,2026-09-14T02:27:35.929+00:00,2026-09-14T02:32:29.818+00:00,2026-09-14T02:32:35.966+00:00,False,90,89.0,,89.0,293888.79662800004,300036.50299600005,300036.502755,3333.7389195000005,0.0174,293888.79662800004,30971.32490794217,90.66218245,69.0753524494382,20.76694649124182,0.2966305736511884,0,64,,False,False,Request timeout: 300.0s exceeded,467,21.16838264042747
375,2026-09-14T02:27:39.959+00:00,2026-09-14T02:32:33.675+00:00,2026-09-14T02:32:40.035+00:00,False,92,91.0,,91.0,293716.219979,300075.580491,300075.58044,3261.69109173913,0.030170000000000002,293716.219979,30614.753041526124,88.74780755,69.88308254945055,19.43716150110132,0.30325693230719025,0,64,,False,False,Request timeout: 300.0s exceeded,458,21.16838264042747
376,2026-09-14T02:27:42.897+00:00,2026-09-14T02:32:36.692+00:00,2026-09-14T02:32:42.990+00:00,False,95,94.0,,94.0,293794.89691799995,300092.69864599995,300092.698619,3158.870511778947,0.022350000000000002,293794.89691799995,30135.853164804546,89.26637939999999,66.99789072340425,20.02773020793814,0.31323654465477596,0,64,,False,False,Request timeout: 300.0s exceeded,308,21.16838264042747
377,2026-09-14T02:27:46.570+00:00,2026-09-14T02:32:40.299+00:00,2026-09-14T02:32:46.606+00:00,False,97,96.0,,96.0,293728.982944,300036.38928,300036.389155,3093.158651082474,0.017469000000000002,293728.982944,29816.995441342522,90.02211799999999,65.70214933333334,20.30490874067548,0.31996118947562346,0,64,,False,False,Request timeout: 300.0s exceeded,427,21.16838264042747
378,2026-09-14T02:27:51.050+00:00,2026-09-14T02:32:44.839+00:00,2026-09-14T02:32:51.069+00:00,False,90,89.0,,89.0,293789.104315,300019.066811,300019.066859,3333.5451873222223,0.03502,293789.104315,30960.71827330322,88.90154945,69.99957860674158,19.647849493921175,0.29664781290739245,0,64,,False,False,Request timeout: 300.0s exceeded,317,21.16838264042747
379,2026-09-14T02:27:54.300+00:00,2026-09-14T02:32:47.672+00:00,2026-09-14T02:32:54.344+00:00,False,97,96.0,,96.0,293371.352804,300043.44086800003,300043.440935,3093.231349845361,0.018,293371.352804,29780.29720539777,88.37591,69.50091733333333,19.24172771832651,0.31995366978288275,0,64,,False,False,Request timeout: 300.0s exceeded,408,21.16838264042747
380,2026-09-14T02:27:58.142+00:00,2026-09-14T02:32:51.567+00:00,2026-09-14T02:32:58.189+00:00,False,97,96.0,,96.0,293425.408707,300047.44672300003,300047.446774,3093.2726471546393,0.06563,293425.408707,29785.83872663755,88.12696079999999,68.97956266666667,19.30644101060582,0.31994939816510415,0,64,,False,False,Request timeout: 300.0s exceeded,477,21.16838264042747
381,2026-09-14T02:28:01.858+00:00,2026-09-14T02:32:55.553+00:00,2026-09-14T02:33:01.899+00:00,False,95,94.0,,94.0,293694.329956,300040.94986,300040.95001499995,3158.3257896315786,0.02773,293694.329956,30125.481501728045,87.21608599999999,67.5172330212766,19.3642760604283,0.31329056931682386,0,64,,False,False,Request timeout: 300.0s exceeded,163,21.16838264042747
382,2026-09-14T02:28:06.422+00:00,2026-09-14T02:32:59.833+00:00,2026-09-14T02:33:06.516+00:00,False,100,99.0,,99.0,293411.305682,300094.394066,300094.39413000003,3000.9439413,0.02088,293411.305682,29334.387182121067,90.76592695,67.50594327272727,20.669252602256357,0.32989619918800234,0,64,,False,False,Request timeout: 300.0s exceeded,453,21.16838264042747
383,2026-09-14T02:28:10.611+00:00,2026-09-14T02:33:04.364+00:00,2026-09-14T02:33:11.166+00:00,False,93,92.0,,92.0,293752.40286000003,300555.09444400005,300555.094486,3231.775209526882,0.02875,293752.40286000003,30453.10861272117,90.268997,73.94229982608695,66.06151084007371,0.3061002847753812,0,64,,False,False,Request timeout: 300.0s exceeded,238,21.16838264042747
384,2026-09-14T02:28:14.822+00:00,2026-09-14T02:33:09.107+00:00,2026-09-14T02:33:14.838+00:00,False,99,98.0,,98.0,294285.574793,300016.57383300003,300016.57391000004,3030.4704435353538,0.0,294285.574793,29571.01195072287,89.8148329,58.47958204081633,67.5007058148247,0.32664862060104155,0,64,,False,False,Request timeout: 300.0s exceeded,417,21.16838264042747
385,2026-09-14T02:28:18.819+00:00,2026-09-14T02:33:12.771+00:00,2026-09-14T02:33:18.907+00:00,False,101,100.0,,100.0,293952.34527999995,300088.5052799999,300088.50541299995,2971.1733209207914,0.0185,293952.34527999995,29243.254105677574,91.369427,61.3616,22.067376956504397,0.3332350231365717,0,64,,False,False,Request timeout: 300.0s exceeded,457,21.16838264042747
386,2026-09-14T02:28:22.999+00:00,2026-09-14T02:33:16.243+00:00,2026-09-14T02:33:23.028+00:00,False,99,98.0,,98.0,293244.135008,300029.518176,300029.518291,3030.601194858586,0.01757,293244.135008,29465.192300845756,88.66014790000001,69.23860375510203,19.768654670024866,0.3266345278150676,0,64,,False,False,Request timeout: 300.0s exceeded,449,21.16838264042747
387,2026-09-14T02:28:26.129+00:00,2026-09-14T02:33:19.690+00:00,2026-09-14T02:33:26.155+00:00,False,94,93.0,,93.0,293561.455112,300026.80244,300026.80224,3191.7744919148936,0.01696,293561.455112,30271.388092754438,90.51112715,69.51986374193548,19.683209007994037,0.3099723066195006,0,64,,False,False,Request timeout: 300.0s exceeded,441,21.16838264042747
388,2026-09-14T02:28:29.432+00:00,2026-09-14T02:33:23.246+00:00,2026-09-14T02:33:29.461+00:00,False,93,92.0,,92.0,293813.533623,300029.04363900004,300029.043668,3226.11874911828,0.02531,293813.533623,30460.04481738235,88.237176,67.55989147826088,19.68133767323139,0.30663698048744886,0,64,,False,False,Request timeout: 300.0s exceeded,434,21.16838264042747
389,2026-09-14T02:28:32.509+00:00,2026-09-14T02:33:25.931+00:00,2026-09-14T02:33:32.550+00:00,False,102,101.0,,101.0,293422.055223,300041.372727,300041.372746,2941.582085745098,0.016030000000000003,293422.055223,29046.63031552196,87.46479655000002,65.53779706930693,20.00541044298662,0.3366202436751859,0,64,,False,False,Request timeout: 300.0s exceeded,378,21.16838264042747
390,2026-09-14T02:28:36.697+00:00,2026-09-14T02:33:30.196+00:00,2026-09-14T02:33:36.753+00:00,False,100,99.0,,99.0,293498.807824,300056.580368,300056.580197,3000.5658019700004,0.022760000000000002,293498.807824,29343.263529750326,87.17794194999999,66.24012670707071,20.018970679707454,0.32993777333122604,0,64,,False,False,Request timeout: 300.0s exceeded,477,21.16838264042747
391,2026-09-14T02:28:40.138+00:00,2026-09-14T02:33:33.921+00:00,2026-09-14T02:33:40.164+00:00,False,97,96.0,,96.0,293783.37904699997,300026.23370299995,300026.23376299994,3093.053956319587,0.02872,293783.37904699997,29822.5866169841,86.6426616,65.029736,20.030646657979144,0.3199720198302116,0,64,,False,False,Request timeout: 300.0s exceeded,331,21.16838264042747
392,2026-09-14T02:28:44.466+00:00,2026-09-14T02:33:38.293+00:00,2026-09-14T02:33:44.538+00:00,False,97,96.0,,96.0,293827.053319,300071.927815,300071.92768,3093.525027628866,0.021349,293827.053319,29827.020001522964,88.6052192,65.050776,21.582341125279108,0.3199232953879838,0,64,,False,False,Request timeout: 300.0s exceeded,431,21.16838264042747
393,2026-09-14T02:28:47.744+00:00,2026-09-14T02:33:41.258+00:00,2026-09-14T02:33:47.766+00:00,False,97,96.0,,96.0,293513.74959200004,300021.620568,300021.62064900005,3093.0063984432995,0.03362,293513.74959200004,29794.929390791232,87.742867,67.79032266666667,19.706466613769113,0.31997693972272095,0,64,,False,False,Request timeout: 300.0s exceeded,482,21.16838264042747
394,2026-09-14T02:28:52.287+00:00,2026-09-14T02:33:46.272+00:00,2026-09-14T02:33:52.315+00:00,False,94,93.0,,93.0,293985.009081,300028.251577,300028.251548,3191.7899100851064,0.037109,293985.009081,30315.5426201027,87.38395700000001,64.98110210752688,19.90459160833149,0.30997080945269667,0,64,,False,False,Request timeout: 300.0s exceeded,490,21.16838264042747
395,2026-09-14T02:28:55.624+00:00,2026-09-14T02:33:49.506+00:00,2026-09-14T02:33:55.648+00:00,False,96,95.0,,95.0,293882.087311,300024.130959,300024.13081,3125.2513626041664,0.03526,293882.087311,29987.622678247702,86.24197075000001,64.65309103157895,19.650964368031918,0.3166411971475131,0,64,,False,False,Request timeout: 300.0s exceeded,442,21.16838264042747
396,2026-09-14T02:28:59.351+00:00,2026-09-14T02:33:52.935+00:00,2026-09-14T02:33:59.365+00:00,False,96,95.0,,95.0,293583.791333,300014.129381,300014.129354,3125.1471807708335,0.03458,293583.791333,29956.86837285568,88.80112274999999,67.68776892631578,19.834189013230805,0.3166517530224574,0,64,,False,False,Request timeout: 300.0s exceeded,438,21.16838264042747
397,2026-09-14T02:29:03.019+00:00,2026-09-14T02:33:56.314+00:00,2026-09-14T02:34:03.036+00:00,False,100,99.0,,99.0,293294.304066,300016.759362,300016.759361,3000.16759361,0.031219999999999998,293294.304066,29322.64635514071,87.69362645000001,67.90358884848484,19.330676705167647,0.32998156573162196,0,64,,False,False,Request timeout: 300.0s exceeded,509,21.16838264042747
398,2026-09-14T02:29:06.682+00:00,2026-09-14T02:34:00.048+00:00,2026-09-14T02:34:06.692+00:00,False,103,102.0,,102.0,293365.869819,300010.25125900004,300010.251298,2912.7208863883498,0.0,293365.869819,28899.85279190652,86.9891281,65.14099450980392,65.38924499488049,0.33998838230345335,0,64,,False,False,Request timeout: 300.0s exceeded,515,21.16838264042747
399,2026-09-14T02:29:09.952+00:00,2026-09-14T02:34:03.897+00:00,2026-09-14T02:34:09.978+00:00,False,92,91.0,,91.0,293945.146299,300026.02309900004,300026.023108,3261.1524250869566,0.0,293945.146299,30639.011514094156,90.33289704999999,66.82282197802198,69.65276573325036,0.30330702337101134,0,64,,False,False,Request timeout: 300.0s exceeded,382,21.16838264042747
400,2026-09-14T02:29:12.680+00:00,2026-09-14T02:34:06.295+00:00,2026-09-14T02:34:12.696+00:00,False,91,90.0,,90.0,293615.532777,300016.356841,300016.35683999996,3296.883042197802,0.0348,293615.532777,30771.822169513336,90.11601950000001,71.12026737777778,20.13715218847217,0.29998364405077227,0,64,,False,False,Request timeout: 300.0s exceeded,468,21.16838264042747
401,2026-09-14T02:29:15.992+00:00,2026-09-14T02:34:09.799+00:00,2026-09-14T02:34:16.005+00:00,False,87,86.0,,86.0,293807.06070599996,300013.19600199995,300013.19607999997,3448.427541149425,0.0373,293807.06070599996,31491.692690722637,90.7089216,72.16436390697675,19.97611379593302,0.2866540577082706,0,64,,False,False,Request timeout: 300.0s exceeded,357,21.16838264042747
402,2026-09-14T02:29:19.376+00:00,2026-09-14T02:34:13.287+00:00,2026-09-14T02:34:19.431+00:00,False,92,91.0,,91.0,293910.85117900005,300054.43748300005,300054.43756600004,3261.4612778913047,0.02131,293910.85117900005,30635.29282172309,89.0111035,67.51193740659342,20.77768089705594,0.30327830097548786,0,64,,False,False,Request timeout: 300.0s exceeded,394,21.16838264042747
403,2026-09-14T02:29:22.985+00:00,2026-09-14T02:34:17.089+00:00,2026-09-14T02:34:23.045+00:00,False,87,86.0,,86.0,294104.437814,300060.465206,300060.465196,3448.970864321839,0.01582,294104.437814,31523.886574353706,89.43433120000002,69.25613246511628,19.8516241127247,0.286608900445977,0,64,,False,False,Request timeout: 300.0s exceeded,367,21.16838264042747
404,2026-09-14T02:29:27.386+00:00,2026-09-14T02:34:21.034+00:00,2026-09-14T02:34:27.452+00:00,False,93,92.0,,92.0,293648.56037,300065.70878600003,300065.708729,3226.5129970860216,0.02293,293648.56037,30442.711174593565,90.56190360000001,69.7516132173913,20.52927288632026,0.3065995123941746,0,64,,False,False,Request timeout: 300.0s exceeded,346,21.16838264042747
405,2026-09-14T02:29:31.097+00:00,2026-09-14T02:34:24.897+00:00,2026-09-14T02:34:31.119+00:00,False,91,90.0,,90.0,293799.64036400005,300021.93873200007,300021.93885400007,3296.9443830109894,0.06044,293799.64036400005,30791.329723791125,88.48930349999999,69.13664853333333,19.981329473875114,0.2999780628722425,0,64,,False,False,Request timeout: 300.0s exceeded,135,21.16838264042747
406,2026-09-14T02:29:33.973+00:00,2026-09-14T02:34:27.622+00:00,2026-09-14T02:34:34.005+00:00,False,97,96.0,,96.0,293649.312133,300032.214917,300032.214825,3093.1156167525774,0.02143,293649.312133,29808.826175111553,88.43456540000001,66.48857066666666,20.195103007758636,0.31996564111142917,0,64,,False,False,Request timeout: 300.0s exceeded,414,21.16838264042747
407,2026-09-14T02:29:38.583+00:00,2026-09-14T02:34:32.131+00:00,2026-09-14T02:34:38.618+00:00,False,96,95.0,,95.0,293547.90411199996,300035.09284799994,300035.09292499995,3125.365551302083,0.02051,293547.90411199996,29953.14471622398,89.57846875,68.28619722105263,20.052255097523037,0.3166296285485769,0,64,,False,False,Request timeout: 300.0s exceeded,482,21.16838264042747
408,2026-09-14T02:29:42.547+00:00,2026-09-14T02:34:36.046+00:00,2026-09-14T02:34:42.595+00:00,False,95,94.0,,94.0,293499.80985799996,300048.64185799996,300048.641709,3158.4067548315784,0.02542,293499.80985799996,30105.303721854296,88.246695,69.66842553191489,19.775257860581817,0.3132825378509333,0,64,,False,False,Request timeout: 300.0s exceeded,494,21.16838264042747
409,2026-09-14T02:29:46.823+00:00,2026-09-14T02:34:40.221+00:00,2026-09-14T02:34:46.881+00:00,False,100,99.0,,99.0,293397.39137800003,300057.548306,300057.54851600004,3000.5754851600004,0.03464,293397.39137800003,29333.01844687719,87.7800145,67.27431240404042,19.98687151159635,0.3299367090043653,0,64,,False,False,Request timeout: 300.0s exceeded,414,21.16838264042747
410,2026-09-14T02:29:50.111+00:00,2026-09-14T02:34:44.081+00:00,2026-09-14T02:34:50.185+00:00,False,94,93.0,,93.0,293970.444352,300074.34553600004,300074.34548200003,3192.2802710851065,0.02173,293970.444352,30313.972910296434,86.44872500000001,65.63334606451613,19.59547266963575,0.3099231953130854,0,64,,False,False,Request timeout: 300.0s exceeded,124,21.16838264042747
411,2026-09-14T02:29:53.804+00:00,2026-09-14T02:34:47.770+00:00,2026-09-14T02:34:53.849+00:00,False,93,92.0,,92.0,293966.21762400004,300045.23688800004,300045.23689700005,3226.2928698602154,0.0212,293966.21762400004,30476.031362237874,87.85274020000001,66.07629634782609,19.857625737443723,0.30662043148627444,0,64,,True,False,Request timeout: 300.0s exceeded,372,21.16838264042747
412,2026-09-14T02:29:57.515+00:00,2026-09-14T02:34:50.871+00:00,2026-09-14T02:34:57.558+00:00,False,98,97.0,,97.0,293355.808755,300043.206387,300043.206345,3061.665370867347,0.03725,293355.808755,29626.454157301538,88.99998934999999,68.94224362886597,20.040524344541954,0.3232867731552236,0,64,,True,False,Request timeout: 300.0s exceeded,443,21.16838264042747
413,2026-09-14T02:30:00.594+00:00,2026-09-14T02:34:54.150+00:00,2026-09-14T02:35:00.615+00:00,False,99,98.0,,98.0,293555.71303600003,300020.91649200005,300020.91645500006,3030.514307626263,0.020640000000000002,293555.71303600003,29496.83574248724,89.11755000000001,65.9714638367347,20.24317047715957,0.32664389251878423,0,64,,True,False,Request timeout: 300.0s exceeded,526,21.16838264042747
414,2026-09-14T02:30:04.477+00:00,2026-09-14T02:34:58.645+00:00,2026-09-14T02:35:04.515+00:00,False,90,89.0,,89.0,294167.33251,300037.66082999995,300037.66095399996,3333.7517883777778,0.02183,294167.33251,31001.0134688371,88.68156050000002,65.95874516853932,20.44552740392948,0.2966294289650092,0,64,,True,False,Request timeout: 300.0s exceeded,464,21.16838264042747
415,2026-09-14T02:30:08.617+00:00,2026-09-14T02:35:02.488+00:00,2026-09-14T02:35:08.631+00:00,False,92,91.0,,91.0,293871.482159,300014.383663,300014.383687,3261.025909641304,0.03492,293871.482159,30631.18852057336,88.0781294,67.50441213186814,19.890218502076156,0.30331879054911726,0,64,,True,False,Request timeout: 300.0s exceeded,387,21.16838264042747
416,2026-09-14T02:30:13.132+00:00,2026-09-14T02:35:06.510+00:00,2026-09-14T02:35:13.182+00:00,False,101,100.0,,100.0,293378.148885,300049.96763699997,300049.96763699997,2970.791758782178,0.03524,293378.148885,29185.585436166486,88.497274,66.71818752,20.675824162532347,0.3332778229824036,0,64,,True,False,Request timeout: 300.0s exceeded,329,21.16838264042747
417,2026-09-14T02:30:15.775+00:00,2026-09-14T02:35:09.221+00:00,2026-09-14T02:35:15.827+00:00,False,100,99.0,,99.0,293446.493333,300052.567445,300052.567514,3000.5256751399997,0.02019,293446.493333,29337.983933330586,90.88305205,66.72802133333333,20.946720560148506,0.3299421859409579,0,64,,True,False,Request timeout: 300.0s exceeded,491,21.16838264042747
418,2026-09-14T02:30:19.634+00:00,2026-09-14T02:35:13.103+00:00,2026-09-14T02:35:19.681+00:00,False,99,98.0,,98.0,293469.03333,300046.425458,300046.425401,3030.771973747475,0.03412,293469.03333,29488.009514162033,89.68486680000002,67.11624620408163,20.913138173746574,0.3266161223231032,0,64,,True,False,Request timeout: 300.0s exceeded,406,21.16838264042747
419,2026-09-14T02:30:22.844+00:00,2026-09-14T02:35:16.552+00:00,2026-09-14T02:35:22.888+00:00,False,90,89.0,,89.0,293707.771239,300044.622183,300044.621999,3333.8291333222223,0.027329999999999997,293707.771239,30952.018411795914,89.73273245,71.20057240449438,19.634049039104106,0.29662254684810874,0,64,,True,False,Request timeout: 300.0s exceeded,429,21.16838264042747
420,2026-09-14T02:30:25.465+00:00,2026-09-14T02:35:18.976+00:00,2026-09-14T02:35:25.483+00:00,False,95,94.0,,94.0,293511.589526,300018.13544600003,300018.135568,3158.085637557895,0.0356,293511.589526,30106.55819167421,87.51532069999999,69.21857361702128,19.383791447050157,0.31331439301248165,0,64,,True,False,Request timeout: 300.0s exceeded,516,21.16838264042747
421,2026-09-14T02:30:30.242+00:00,2026-09-14T02:35:24.103+00:00,2026-09-14T02:35:30.280+00:00,False,91,90.0,,90.0,293861.374293,300037.77160499996,300037.771622,3297.1183694725273,0.02364,293861.374293,30797.856020199077,88.08751000000001,68.6266368,21.99879207580449,0.29996223315004855,0,64,,True,False,Request timeout: 300.0s exceeded,135,21.16838264042747
422,2026-09-14T02:30:33.898+00:00,2026-09-14T02:35:27.273+00:00,2026-09-14T02:35:33.964+00:00,False,100,99.0,,99.0,293374.90655400004,300065.53618600004,300065.53608700004,3000.6553608700005,0.035669,293374.90655400004,29330.738765360085,86.92896595,67.58211749494949,19.355074373895555,0.32992792594026327,0,64,,True,False,Request timeout: 300.0s exceeded,218,21.16838264042747
423,2026-09-14T02:30:38.326+00:00,2026-09-14T02:35:32.079+00:00,2026-09-14T02:35:38.388+00:00,False,94,93.0,,93.0,293752.364432,300061.094032,300061.094022,3192.1392981063827,0.021,293752.364432,30291.252632574004,87.630998,67.83580215053765,19.766468585509855,0.30993688235397165,0,64,,True,False,Request timeout: 300.0s exceeded,406,21.16838264042747
424,2026-09-14T02:30:42.619+00:00,2026-09-14T02:35:36.130+00:00,2026-09-14T02:35:42.664+00:00,False,98,97.0,,97.0,293511.544275,300044.886995,300044.88713,3061.6825217346936,0.036558999999999994,293511.544275,29642.346659210183,89.17420635,67.3540486597938,20.645052530562236,0.3232849623650358,0,64,,True,False,Request timeout: 300.0s exceeded,307,21.16838264042747
425,2026-09-14T02:30:47.127+00:00,2026-09-14T02:35:40.956+00:00,2026-09-14T02:35:47.133+00:00,False,88,87.0,,87.0,293828.535551,300005.978111,300005.978256,3409.1588438181816,0.03674,293828.535551,31314.66459872246,91.2488895,71.00508689655173,20.5015732620876,0.28999422127451957,0,64,,True,False,Request timeout: 300.0s exceeded,458,21.16838264042747
426,2026-09-14T02:30:49.986+00:00,2026-09-14T02:35:43.656+00:00,2026-09-14T02:35:50.052+00:00,False,93,92.0,,92.0,293669.51746899995,300066.06582099997,300066.06586399995,3226.5168372473113,0.023379999999999998,293669.51746899995,30444.90772940199,89.71235899999999,69.52769947826087,20.807322065770887,0.3065991475853229,0,64,,True,False,Request timeout: 300.0s exceeded,442,21.16838264042747
427,2026-09-14T02:30:53.119+00:00,2026-09-14T02:35:46.528+00:00,2026-09-14T02:35:53.184+00:00,False,98,97.0,,97.0,293409.92574000004,300065.67255600006,300065.672428,3061.894616612245,0.0222,293409.92574000004,29631.953915075464,90.393295,68.61594655670103,20.273627082284662,0.3232625684029128,0,64,,True,False,Request timeout: 300.0s exceeded,231,21.16838264042747
428,2026-09-14T02:30:56.251+00:00,2026-09-14T02:35:50.131+00:00,2026-09-14T02:35:56.269+00:00,False,89,88.0,,88.0,293880.458541,300018.840877,300018.84089100006,3370.9982122584274,0.02259,293880.458541,31143.87817321666,88.8335698,69.75434472727274,19.142545585699533,0.29331491229938367,0,64,,True,False,Request timeout: 300.0s exceeded,280,21.16838264042747
429,2026-09-14T02:30:59.459+00:00,2026-09-14T02:35:53.180+00:00,2026-09-14T02:35:59.534+00:00,False,95,94.0,,94.0,293720.95271100005,300075.27360700007,300075.27350600006,3158.6870895368424,0.02425,293720.95271100005,30128.2048586165,87.30499300000001,67.59915846808511,19.869562597765956,0.3132547339542181,0,64,,True,False,Request timeout: 300.0s exceeded,243,21.16838264042747
430,2026-09-14T02:31:02.314+00:00,2026-09-14T02:35:55.959+00:00,2026-09-14T02:36:02.344+00:00,False,96,95.0,,95.0,293644.303907,300029.298211,300029.298217,3125.3051897604164,0.03565,293644.303907,29963.093610130152,89.48599275000001,67.21046635789473,20.56201340098692,0.316635743797227,0,64,,True,False,Request timeout: 300.0s exceeded,392,21.16838264042747
431,2026-09-14T02:31:05.202+00:00,2026-09-14T02:35:59.280+00:00,2026-09-14T02:36:05.258+00:00,False,86,85.0,,85.0,294078.12922500004,300056.076873,300056.076805,3489.0241488953493,0.02334,294078.12922500004,31703.68289334969,89.27108175000001,70.32879585882353,20.310941134066095,0.28328038174003256,0,64,,True,False,Request timeout: 300.0s exceeded,387,21.16838264042747
432,2026-09-14T02:31:08.439+00:00,2026-09-14T02:36:02.706+00:00,2026-09-14T02:36:08.492+00:00,False,81,80.0,,80.0,294266.681612,300053.131276,300053.131285,3704.359645493827,0.03624,294266.681612,32688.267345242046,89.34018099999999,72.33062079999999,20.135399740147538,0.26661944722854114,0,64,,True,False,Request timeout: 300.0s exceeded,315,21.16838264042747
433,2026-09-14T02:31:12.453+00:00,2026-09-14T02:36:06.693+00:00,2026-09-14T02:36:12.544+00:00,False,86,85.0,,85.0,294239.653086,300091.214814,300091.21479,3489.4327301162793,0.04582,294239.653086,31721.260242977678,88.150244,68.84190268235295,19.424865630692,0.283247212194079,0,64,,True,False,Request timeout: 300.0s exceeded,376,21.16838264042747
434,2026-09-14T02:31:15.757+00:00,2026-09-14T02:36:09.817+00:00,2026-09-14T02:36:15.793+00:00,False,87,86.0,,86.0,294059.36493,300035.471426,300035.471341,3448.6835786321835,0.0241,294059.36493,31519.028661433764,87.0534683,69.48961041860466,18.927118385744265,0.28663277575568535,0,64,,True,False,Request timeout: 300.0s exceeded,385,21.16838264042747
435,2026-09-14T02:31:18.363+00:00,2026-09-14T02:36:12.036+00:00,2026-09-14T02:36:18.424+00:00,False,92,91.0,,91.0,293672.96834799997,300061.03644399997,300061.03666,3261.5330071739127,0.02204,293672.96834799997,30610.210375196857,87.552828,70.19855050549451,18.652436316002223,0.303271631260206,0,64,,True,False,Request timeout: 300.0s exceeded,449,21.16838264042747
436,2026-09-14T02:31:21.851+00:00,2026-09-14T02:36:15.638+00:00,2026-09-14T02:36:21.919+00:00,False,92,91.0,,91.0,293787.27032099996,300068.12280099996,300068.122658,3261.610028891304,0.022600000000000002,293787.27032099996,30622.250723911297,86.64000800000002,69.02035692307693,19.797338645887173,0.30326446924970313,0,64,,True,False,Request timeout: 300.0s exceeded,409,21.16838264042747
437,2026-09-14T02:31:25.424+00:00,2026-09-14T02:36:19.461+00:00,2026-09-14T02:36:25.455+00:00,False,91,90.0,,90.0,294037.383156,300031.743476,300031.743558,3297.052127010989,0.037840000000000006,294037.383156,30816.517826827996,89.2538665,66.60400355555555,20.593452156011768,0.2999682598824722,0,64,,True,False,Request timeout: 300.0s exceeded,357,21.16838264042747
438,2026-09-14T02:31:30.050+00:00,2026-09-14T02:36:23.933+00:00,2026-09-14T02:36:30.081+00:00,False,87,86.0,,86.0,293883.302256,300031.11256,300031.112568,3448.6334777931033,0.022699999999999998,293883.302256,31499.939182796305,88.38940559999999,71.48616632558141,19.704766708777914,0.2866369399700232,0,64,,True,False,Request timeout: 300.0s exceeded,376,21.16838264042747
439,2026-09-14T02:31:33.857+00:00,2026-09-14T02:36:27.756+00:00,2026-09-14T02:36:33.866+00:00,False,87,86.0,,86.0,293899.215667,300008.543795,300008.543849,3448.374067229885,0.0222,293899.215667,31501.6926499182,87.8639933,71.0386991627907,18.70446115525644,0.28665850282838945,0,64,,True,False,Request timeout: 300.0s exceeded,376,21.16838264042747
440,2026-09-14T02:31:37.944+00:00,2026-09-14T02:36:31.450+00:00,2026-09-14T02:36:37.980+00:00,False,95,94.0,,94.0,293506.067053,300036.511853,300036.511747,3158.2790710210525,0.02095,293506.067053,30105.966234859916,88.7449807,69.4728170212766,20.485007290122002,0.3132952033719629,0,64,,True,False,Request timeout: 300.0s exceeded,425,21.16838264042747
441,2026-09-14T02:31:41.646+00:00,2026-09-14T02:36:35.260+00:00,2026-09-14T02:36:41.693+00:00,False,96,95.0,,95.0,293613.729751,300046.990295,300046.990068,3125.489479875,0.08154,293613.729751,29959.921603793133,89.11954925,67.71853204210525,21.011564887504914,0.3166170735677034,0,64,,True,False,Request timeout: 300.0s exceeded,212,21.16838264042747
442,2026-09-14T02:31:46.218+00:00,2026-09-14T02:36:39.845+00:00,2026-09-14T02:36:46.290+00:00,False,92,91.0,,91.0,293627.211737,300071.96309699997,300071.96327099996,3261.651774684782,0.02766,293627.211737,30605.376213580104,90.47518349999999,70.82144351648351,20.599731708769074,0.3032605880962752,0,64,,True,False,Request timeout: 300.0s exceeded,468,21.16838264042747
443,2026-09-14T02:31:49.128+00:00,2026-09-14T02:36:42.876+00:00,2026-09-14T02:36:49.149+00:00,False,90,89.0,,89.0,293747.276167,300020.526727,300020.526701,3333.561407788889,0.0218,293747.276167,30956.25836678312,89.23934600000001,70.48596134831462,20.330239906863373,0.29664636940319905,0,64,,True,False,Request timeout: 300.0s exceeded,192,21.16838264042747
444,2026-09-14T02:31:52.112+00:00,2026-09-14T02:36:45.814+00:00,2026-09-14T02:36:52.156+00:00,False,95,94.0,,94.0,293702.161565,300043.759005,300043.75902500004,3158.355358157895,0.034199,293702.161565,30126.29122319399,89.4769614,67.46380255319148,20.485239375493503,0.313287636149211,0,64,,True,False,Request timeout: 300.0s exceeded,493,21.16838264042747
445,2026-09-14T02:31:54.929+00:00,2026-09-14T02:36:48.759+00:00,2026-09-14T02:36:55.011+00:00,False,91,90.0,,90.0,293830.336538,300082.03164199996,300082.03184799996,3297.6047455824173,0.02262,293830.336538,30794.51314169647,88.23334849999999,69.46327893333334,19.707427774507675,0.29991799078250264,0,64,,True,False,Request timeout: 300.0s exceeded,436,21.16838264042747
446,2026-09-14T02:31:59.654+00:00,2026-09-14T02:36:53.584+00:00,2026-09-14T02:36:59.695+00:00,False,86,85.0,,85.0,293930.119302,300041.130886,300041.13097999996,3488.8503602325577,0.02047,293930.119302,31687.553070598704,89.01916225000001,71.89425392941178,19.177916151883135,0.2832944928217044,0,64,,True,False,Request timeout: 300.0s exceeded,389,21.16838264042747
447,2026-09-14T02:32:05.647+00:00,2026-09-14T02:36:58.758+00:00,2026-09-14T02:37:05.727+00:00,False,108,107.0,,107.0,293111.17437699996,300080.18224899995,300080.182223,2778.5202057685183,0.04114,293111.17437699996,28198.375885263526,89.0919245,65.13091469158879,20.253513784695716,0.3565713643535905,0,64,,True,False,Request timeout: 300.0s exceeded,467,21.16838264042747
448,2026-09-14T02:32:08.087+00:00,2026-09-14T02:37:01.888+00:00,2026-09-14T02:37:08.101+00:00,False,101,100.0,,100.0,293800.74677499995,300013.81096699997,300013.81090599997,2970.4337713465343,0.0,293800.74677499995,29228.098550750205,88.358474,62.13064192,28.571685527092384,0.3333179885208668,0,64,,True,False,Request timeout: 300.0s exceeded,482,21.16838264042747
449,2026-09-14T02:32:10.757+00:00,2026-09-14T02:37:05.591+00:00,2026-09-14T02:37:10.845+00:00,False,81,80.0,,80.0,294834.133007,300088.084495,300088.08449100005,3704.7911665555557,0.0,294834.133007,32752.0654546086,90.0527,65.6743936,31.01082987606564,0.26658839232029863,0,64,,True,False,Request timeout: 300.0s exceeded,329,21.16838264042747
450,2026-09-14T02:32:15.347+00:00,2026-09-14T02:37:09.096+00:00,2026-09-14T02:37:15.379+00:00,False,93,92.0,,92.0,293749.021681,300032.04273700004,300032.042603,3226.150995731183,0.0216,293749.021681,30453.27951930236,89.1320236,68.29370713043478,20.252226508752667,0.30663391536698203,0,64,,True,False,Request timeout: 300.0s exceeded,304,21.16838264042747
451,2026-09-14T02:32:18.187+00:00,2026-09-14T02:37:12.006+00:00,2026-09-14T02:37:18.195+00:00,False,97,96.0,,96.0,293819.01556599996,300007.50657399994,300007.50660699996,3092.8608928556696,0.03503,293819.01556599996,29826.26250951258,90.0154898,64.463448,20.113523356337243,0.31999199318807914,0,64,,True,False,Request timeout: 300.0s exceeded,445,21.16838264042747
452,2026-09-14T02:32:20.983+00:00,2026-09-14T02:37:14.765+00:00,2026-09-14T02:37:21.033+00:00,False,98,97.0,,97.0,293782.336086,300049.414998,300049.414913,3061.728723602041,0.03846,293782.336086,29669.977973165063,89.10461685,64.6090609484536,20.5446405855515,0.3232800837176988,0,64,,True,False,Request timeout: 300.0s exceeded,517,21.16838264042747
453,2026-09-14T02:32:25.692+00:00,2026-09-14T02:37:19.400+00:00,2026-09-14T02:37:25.699+00:00,False,94,93.0,,93.0,293708.240106,300006.860266,300006.860147,3191.5623419893614,0.03775,293708.240106,30286.71299437608,89.00436829999998,67.72709849462366,20.112799003649098,0.3099929112205697,0,64,,True,False,Request timeout: 300.0s exceeded,437,21.16838264042747
454,2026-09-14T02:32:29.486+00:00,2026-09-14T02:37:22.740+00:00,2026-09-14T02:37:29.547+00:00,False,100,99.0,,99.0,293253.862699,300060.656171,300060.656198,3000.6065619799997,0.04356,293253.862699,29318.51721091272,88.74866495,68.75548961616161,19.607079963337757,0.32993329169946695,0,64,,True,False,Request timeout: 300.0s exceeded,471,21.16838264042747
455,2026-09-14T02:32:33.843+00:00,2026-09-14T02:37:27.766+00:00,2026-09-14T02:37:33.864+00:00,False,88,87.0,,87.0,293923.871508,300021.212948,300021.212783,3409.331963443182,0.02184,293923.871508,31324.92457588268,87.20977735000001,70.08438436781609,18.866820274119824,0.2899794956001292,0,64,,True,False,Request timeout: 300.0s exceeded,386,21.16838264042747
456,2026-09-14T02:32:38.352+00:00,2026-09-14T02:37:31.750+00:00,2026-09-14T02:37:38.399+00:00,False,99,98.0,,98.0,293397.34816000005,300046.545472,300046.54547500005,3030.773186616162,0.02565,293397.34816000005,29480.729949821238,86.5008029,67.84895216326531,18.978299327578192,0.3266159916816814,0,64,,True,False,Request timeout: 300.0s exceeded,408,21.16838264042747
457,2026-09-14T02:32:42.878+00:00,2026-09-14T02:37:36.568+00:00,2026-09-14T02:37:42.905+00:00,False,93,92.0,,92.0,293690.401325,300027.349549,300027.349553,3226.1005328279566,0.0198,293690.401325,30447.139921685895,88.71814460000002,68.879872,19.994352462740466,0.3066387118984122,0,64,,True,False,Request timeout: 300.0s exceeded,433,21.16838264042747
458,2026-09-14T02:32:46.464+00:00,2026-09-14T02:37:40.180+00:00,2026-09-14T02:37:46.511+00:00,False,91,90.0,,90.0,293716.018362,300046.817978,300046.818009,3297.2177803186814,0.02414,293716.018362,30782.436469369,86.66475149999998,70.34221795555555,18.508272791638348,0.29995318932727016,0,64,,True,False,Request timeout: 300.0s exceeded,387,21.16838264042747
459,2026-09-14T02:32:49.499+00:00,2026-09-14T02:37:43.276+00:00,2026-09-14T02:37:49.581+00:00,False,93,92.0,,92.0,293776.34489300003,300081.23193300003,300081.23200500006,3226.6799140322582,0.06864,293776.34489300003,30456.08744613193,87.479867,68.53138086956523,19.139458811631187,0.3065836520577238,0,64,,True,False,Request timeout: 300.0s exceeded,233,21.16838264042747
460,2026-09-14T02:32:53.493+00:00,2026-09-14T02:37:47.047+00:00,2026-09-14T02:37:53.553+00:00,False,97,96.0,,96.0,293554.188609,300060.78393700003,300060.783796,3093.410142226804,0.02057,293554.188609,29799.036304059056,88.6030968,67.77703466666667,19.092773729400893,0.31993517693453705,0,64,,True,False,Request timeout: 300.0s exceeded,445,21.16838264042747
461,2026-09-14T02:32:56.188+00:00,2026-09-14T02:37:49.666+00:00,2026-09-14T02:37:56.260+00:00,False,94,93.0,,93.0,293478.336557,300071.767085,300071.767281,3192.2528434148935,0.02197,293478.336557,30262.672892435465,88.6588345,70.89710245161291,19.48639048046035,0.3099258584152514,0,64,,True,False,Request timeout: 300.0s exceeded,488,21.16838264042747
462,2026-09-14T02:33:00.765+00:00,2026-09-14T02:37:54.337+00:00,2026-09-14T02:38:00.817+00:00,False,90,89.0,,89.0,293571.534898,300052.16133000003,300052.16139,3333.9129043333337,0.02258,293571.534898,30937.487581421374,90.5303169,72.8160273258427,19.66933705825903,0.29661509387401813,0,64,,True,False,Request timeout: 300.0s exceeded,408,21.16838264042747
463,2026-09-14T02:33:05.511+00:00,2026-09-14T02:37:59.501+00:00,2026-09-14T02:38:05.558+00:00,False,88,87.0,,87.0,293990.117111,300046.864631,300046.864647,3409.6234618977273,0.020739999999999998,293990.117111,31332.036596583588,88.669464,69.6177875862069,19.653161375997335,0.2899547045992075,0,64,,True,False,Request timeout: 300.0s exceeded,392,21.16838264042747
464,2026-09-14T02:33:08.627+00:00,2026-09-14T02:38:02.336+00:00,2026-09-14T02:38:08.635+00:00,False,92,91.0,,91.0,293709.040403,300008.094483,300008.09455700003,3260.957549532609,0.01993,293709.040403,30614.073967008553,88.93073,69.2203745054945,19.995986849044204,0.3033251491324563,0,64,,True,False,Request timeout: 300.0s exceeded,423,21.16838264042747
465,2026-09-14T02:33:11.367+00:00,2026-09-14T02:38:05.117+00:00,2026-09-14T02:38:12.749+00:00,False,69,68.0,,68.0,293750.256944,301382.40747200005,301382.407346,4367.8609760289855,0.02556,293750.256944,35351.63487147031,88.5666338,112.23750776470588,356.52506204826364,0.22562697196025797,0,64,,True,False,Request timeout: 300.0s exceeded,229,21.16838264042747
466,2026-09-14T02:33:15.273+00:00,2026-09-14T02:38:08.803+00:00,2026-09-14T02:38:15.347+00:00,False,107,106.0,,106.0,293529.852976,300074.00196799997,300074.001925,2804.42992453271,0.019710000000000002,293529.852976,28372.088048366968,87.91425629999999,61.73725464150944,288.64558523031866,0.353246196954123,0,64,,True,False,Request timeout: 300.0s exceeded,177,21.16838264042747
467,2026-09-14T02:33:19.528+00:00,2026-09-14T02:38:14.040+00:00,2026-09-14T02:38:19.551+00:00,False,85,84.0,,84.0,294511.72280299995,300022.53291499993,300022.53306199994,3529.6768595529406,0.01992,294511.72280299995,31937.17165115847,86.313086,65.60488228571428,19.8081853817903,0.2799789708588262,0,64,,True,False,Request timeout: 300.0s exceeded,203,21.16838264042747
468,2026-09-14T02:33:24.213+00:00,2026-09-14T02:38:17.961+00:00,2026-09-14T02:38:24.252+00:00,False,93,92.0,,92.0,293748.30643199995,300038.95244799997,300038.95245499996,3226.2252952150534,0.01979,293748.30643199995,30453.196682734084,87.6919146,68.37658713043479,20.138950031414883,0.306626853778076,0,64,,True,False,Request timeout: 300.0s exceeded,372,21.16838264042747
469,2026-09-14T02:33:28.057+00:00,2026-09-14T02:38:21.704+00:00,2026-09-14T02:38:28.111+00:00,False,99,98.0,,98.0,293646.869003,300054.285067,300054.28504000005,3030.8513640404044,0.03464,293646.869003,29506.056622389548,89.4486919,65.38179657142858,20.388264099263818,0.3266075669544839,0,64,,True,False,Request timeout: 300.0s exceeded,423,21.16838264042747
470,2026-09-14T02:33:31.154+00:00,2026-09-14T02:38:24.753+00:00,2026-09-14T02:38:31.167+00:00,False,101,100.0,,100.0,293598.555154,300013.07573,300013.075796,2970.426493029703,0.01975,293598.555154,29207.772220082723,86.506077,64.14520576,19.9862149290658,0.33331880537765657,0,64,,True,False,Request timeout: 300.0s exceeded,386,21.16838264042747
471,2026-09-14T02:33:34.619+00:00,2026-09-14T02:38:28.537+00:00,2026-09-14T02:38:34.633+00:00,False,92,91.0,,91.0,293917.98223799997,300014.63196599996,300014.63217999996,3261.0286106521735,0.044020000000000004,293917.98223799997,30636.08962034926,89.37603349999999,66.99615085714287,20.111265568831417,0.3033185395114757,0,64,,True,False,Request timeout: 300.0s exceeded,394,21.16838264042747
472,2026-09-14T02:33:39.275+00:00,2026-09-14T02:38:33.166+00:00,2026-09-14T02:38:39.347+00:00,False,88,87.0,,87.0,293891.413081,300072.62780099997,300072.627795,3409.9162249431815,0.0223,293891.413081,31321.36228609188,89.41315635,71.04844505747126,19.78326785143397,0.28992981011815594,0,64,,True,False,Request timeout: 300.0s exceeded,421,21.16838264042747
473,2026-09-14T02:33:43.358+00:00,2026-09-14T02:38:37.132+00:00,2026-09-14T02:38:43.410+00:00,False,94,93.0,,93.0,293773.739289,300051.224345,300051.224339,3192.034301478723,0.03614,293773.739289,30293.492194025064,87.5773933,67.49983931182796,20.168041384963754,0.30994707721328363,0,64,,True,False,Request timeout: 300.0s exceeded,381,21.16838264042747
474,2026-09-14T02:33:46.809+00:00,2026-09-14T02:38:40.490+00:00,2026-09-14T02:38:46.844+00:00,False,101,100.0,,100.0,293681.156322,300034.72048200003,300034.720593,2970.640797950495,0.03661,293681.156322,29216.051729470917,86.109459,63.5356416,19.589565435283713,0.33329475948434206,0,64,,True,False,Request timeout: 300.0s exceeded,524,21.16838264042747
475,2026-09-14T02:33:50.502+00:00,2026-09-14T02:38:44.265+00:00,2026-09-14T02:38:50.530+00:00,False,97,96.0,,96.0,293762.915229,300028.333725,300028.333795,3093.0756061340203,0.0221,293762.915229,29820.48533707057,88.45316499999998,65.264776,20.580074659287927,0.31996978021413036,0,64,,True,False,Request timeout: 300.0s exceeded,475,21.16838264042747
476,2026-09-14T02:33:53.878+00:00,2026-09-14T02:38:47.343+00:00,2026-09-14T02:38:53.904+00:00,False,98,97.0,,97.0,293464.62261699996,300025.52629699995,300025.52618,3061.484961020408,0.02308,293464.62261699996,29637.57763724952,88.11984435000001,67.63818226804123,19.87900248009221,0.3233058239983827,0,64,,True,False,Request timeout: 300.0s exceeded,241,21.16838264042747
477,2026-09-14T02:33:57.046+00:00,2026-09-14T02:38:50.485+00:00,2026-09-14T02:38:57.091+00:00,False,98,97.0,,97.0,293438.60818,300044.466996,300044.467008,3061.67823477551,0.02348,293438.60818,29634.902654170863,88.51847,68.10163727835052,19.40252755133636,0.3232854148958299,0,64,,True,False,Request timeout: 300.0s exceeded,461,21.16838264042747
478,2026-09-14T02:34:01.730+00:00,2026-09-14T02:38:55.320+00:00,2026-09-14T02:39:01.761+00:00,False,96,95.0,,95.0,293590.574578,300031.488754,300031.488894,3125.3280093125,0.02453,293590.574578,29957.549163802036,88.4590005,67.79909658947368,19.590859109977348,0.3166334320258359,0,64,,True,False,Request timeout: 300.0s exceeded,429,21.16838264042747
479,2026-09-14T02:34:06.263+00:00,2026-09-14T02:38:59.759+00:00,2026-09-14T02:39:06.346+00:00,False,98,97.0,,97.0,293496.519304,300083.0514,300083.051393,3062.071952989796,0.01877,293496.519304,29640.77288750099,88.532491,67.90239274226803,19.71016728210021,0.32324384715317517,0,64,,True,False,Request timeout: 300.0s exceeded,372,21.16838264042747
480,2026-09-14T02:34:08.971+00:00,2026-09-14T02:39:02.349+00:00,2026-09-14T02:39:08.983+00:00,False,102,101.0,,101.0,293378.59219199995,300011.76927999995,300011.769353,2941.29185640196,0.02238,293378.59219199995,29042.3137272187,89.22639405,65.67502067326733,20.696175434348497,0.3366534594372431,0,64,,True,False,Request timeout: 300.0s exceeded,504,21.16838264042747
481,2026-09-14T02:34:11.808+00:00,2026-09-14T02:39:05.730+00:00,2026-09-14T02:39:11.870+00:00,False,93,92.0,,92.0,293922.424543,300062.056415,300062.056315,3226.4737238172042,0.03538,293922.424543,30471.422341862308,89.06915,66.73512904347825,20.509757653843092,0.30660324433942976,0,64,,True,False,Request timeout: 300.0s exceeded,511,21.16838264042747
482,2026-09-14T02:34:14.457+00:00,2026-09-14T02:39:08.157+00:00,2026-09-14T02:39:14.498+00:00,False,94,93.0,,93.0,293699.548853,300041.417397,300041.417409,3191.92997243617,0.041979999999999996,293699.548853,30285.768479917962,88.9591583,68.19213488172042,19.936356443559458,0.309957207930887,0,64,,True,False,Request timeout: 300.0s exceeded,485,21.16838264042747
483,2026-09-14T02:34:18.722+00:00,2026-09-14T02:39:12.419+00:00,2026-09-14T02:39:18.779+00:00,False,94,93.0,,93.0,293697.363526,300056.977734,300056.977765,3192.095508138298,0.0351,293697.363526,30285.523527985362,87.78304049999998,68.38294847311828,20.132303894569908,0.30994113418833513,0,64,,True,False,Request timeout: 300.0s exceeded,431,21.16838264042747
484,2026-09-14T02:34:22.098+00:00,2026-09-14T02:39:15.958+00:00,2026-09-14T02:39:22.178+00:00,False,90,89.0,,89.0,293860.045792,300080.03964800003,300080.039605,3334.222662277778,0.03993,293860.045792,30968.20795932809,87.44544945,69.88757141573035,19.63599529251174,0.2965875374596684,0,64,,True,False,Request timeout: 300.0s exceeded,349,21.16838264042747
485,2026-09-14T02:34:25.530+00:00,2026-09-14T02:39:19.407+00:00,2026-09-14T02:39:25.557+00:00,False,92,91.0,,91.0,293876.28720599995,300026.9841659999,300026.984265,3261.162872445652,0.0484,293876.28720599995,30631.680612012708,89.2734145,67.59007648351648,19.98648820567375,0.3033060517971651,0,64,,True,False,Request timeout: 300.0s exceeded,424,21.16838264042747
486,2026-09-14T02:34:29.737+00:00,2026-09-14T02:39:23.615+00:00,2026-09-14T02:39:29.798+00:00,False,93,92.0,,92.0,293878.042372,300061.071108,300061.070912,3226.4631280860212,0.02077,293878.042372,30466.770652619496,88.4448956,67.20683408695652,19.650603988346337,0.3066042511288868,0,64,,True,False,Request timeout: 300.0s exceeded,451,21.16838264042747
487,2026-09-14T02:34:34.369+00:00,2026-09-14T02:39:27.752+00:00,2026-09-14T02:39:34.444+00:00,False,102,101.0,,101.0,293383.306004,300075.200788,300075.200701,2941.913732362745,0.02067,293383.306004,29042.722328148033,87.1166066,66.256384,19.868146286925302,0.3365822958204248,0,64,,True,False,Request timeout: 300.0s exceeded,489,21.16838264042747
488,2026-09-14T02:34:38.257+00:00,2026-09-14T02:39:31.638+00:00,2026-09-14T02:39:38.375+00:00,False,136,135.0,,135.0,293381.16377499996,300118.17651099997,300118.17643799994,2206.751297338235,0.018670000000000003,293381.16377499996,25152.9668038935,101.56102000000001,49.90379804444444,30.84443855768966,0.4498228050344427,0,64,,True,False,Request timeout: 300.0s exceeded,626,21.16838264042747
0,2026-09-14T02:04:40.876+00:00,2026-09-14T02:04:41.043+00:00,2026-09-14T02:04:49.698+00:00,True,172,172.0,,172.0,166.36712899999998,8821.829017,8821.82914,51.28970430232558,0.030459,166.36712899999998,20.045256835264688,87.60882305000001,50.61673618713451,18.050511027063802,19.497090645097455,1,64,,False,True,,698,21.16838264042747
1,2026-09-14T02:04:43.591+00:00,2026-09-14T02:04:43.704+00:00,2026-09-14T02:04:54.517+00:00,True,179,179.0,,179.0,112.568353,10925.575201000001,10925.575077,61.03673227374302,0.023329999999999997,126.036154,21.08978482812823,94.73971180000001,60.747229483146064,20.78952894882825,16.383576764326,1,64,,False,True,,873,21.16838264042747
2,2026-09-14T02:04:46.855+00:00,2026-09-14T02:04:47.380+00:00,2026-09-14T02:04:58.146+00:00,True,171,171.0,,171.0,524.746564,11290.421316,11290.421308,66.02585560233918,39.204167,524.746564,41.288579617682565,95.96980800000001,63.32749854117647,21.50332522970144,15.145581835610571,1,64,,False,True,,684,21.16838264042747
3,2026-09-14T02:04:50.375+00:00,2026-09-14T02:04:54.787+00:00,2026-09-14T02:05:02.965+00:00,True,125,125.0,,125.0,4411.857113,12589.742297,12589.742119,100.717936952,41.005533,4411.857113,389.3262901272237,96.2548272,65.95068696774193,21.991788799696774,9.92871792378039,1,64,,False,True,,613,21.16838264042747
4,2026-09-14T02:04:54.344+00:00,2026-09-14T02:05:02.966+00:00,2026-09-14T02:05:19.348+00:00,True,246,246.0,,246.0,8622.343229,25003.909693,25003.909788,101.64190970731707,20.791196,8622.343229,545.9455732500853,96.16674474999999,66.86353658775509,22.649519061053475,9.83846138545562,1,64,,False,True,,1384,21.16838264042747
5,2026-09-14T02:04:58.280+00:00,2026-09-14T02:05:09.704+00:00,2026-09-14T02:05:19.800+00:00,True,150,150.0,,150.0,11424.349275,21520.493659,21520.49369,143.46995793333335,23.523711,11424.349275,927.5432341861792,96.438423,67.7593582818792,22.9292448740274,6.970100332120825,1,64,,False,True,,784,21.16838264042747
6,2026-09-14T02:05:03.122+00:00,2026-09-14T02:05:17.271+00:00,2026-09-14T02:05:29.828+00:00,True,186,186.0,,186.0,14149.110373,26706.078565,26706.07836,143.5810664516129,40.094215,14149.110373,1032.7166160317063,94.5498725,67.87550374054054,21.871651528452702,6.964706538524332,1,64,,False,True,,844,21.16838264042747
7,2026-09-14T02:05:07.701+00:00,2026-09-14T02:05:25.650+00:00,2026-09-14T02:05:32.907+00:00,True,107,107.0,,107.0,17949.775313000002,25205.948881000004,25205.948802000003,235.56961497196264,39.532745999999996,17949.775313000002,1728.7903607178685,96.55245000000001,68.4544676226415,21.933274369825863,4.245029635867251,1,64,,False,True,,143,21.16838264042747
8,2026-09-14T02:05:11.145+00:00,2026-09-14T02:05:31.016+00:00,2026-09-14T02:05:41.062+00:00,True,157,157.0,,157.0,19871.125624,29917.183352,29917.183265,190.55530742038218,0.03531,19871.125624,1581.000399733897,94.1206178,64.39780594871795,28.285824610691414,5.247820229356731,1,64,,False,True,,687,21.16838264042747
9,2026-09-14T02:05:15.900+00:00,2026-09-14T02:05:40.520+00:00,2026-09-14T02:05:47.723+00:00,True,108,108.0,,108.0,24620.515237,31823.188389,31823.18841,294.65915194444443,40.199435,24620.515237,2362.7373703580497,96.74117469999999,67.3147023551402,22.33126774347224,3.393751709597121,1,64,,False,True,,500,21.16838264042747
10,2026-09-14T02:05:20.546+00:00,2026-09-14T02:05:47.725+00:00,2026-09-14T02:06:05.954+00:00,True,275,275.0,,275.0,27179.817474,45408.043266,45408.043243,165.12015724727272,39.656296000000005,27179.817474,1635.1372498808096,95.31922399999999,66.52637150364964,21.760934278520708,6.0561957798765285,1,64,,False,True,,1149,21.16838264042747
11,2026-09-14T02:05:23.399+00:00,2026-09-14T02:05:53.214+00:00,2026-09-14T02:06:04.611+00:00,True,171,171.0,,171.0,29815.859399999998,41212.757959999995,41212.757893999995,241.01028008187134,39.949756,29815.859399999998,2275.0540429162356,96.27564249999999,67.04057976470588,21.92303625668228,4.149200598658504,1,64,,False,True,,669,21.16838264042747
12,2026-09-14T02:05:27.094+00:00,2026-09-14T02:06:00.265+00:00,2026-09-14T02:06:10.350+00:00,True,149,149.0,,149.0,33171.365219,43256.801379,43256.801568,290.31410448322146,36.395873,33171.365219,2712.010136831601,95.30288079999998,68.14483891891892,22.003113368484872,3.444545025290184,1,64,,False,True,,763,21.16838264042747
13,2026-09-14T02:05:31.050+00:00,2026-09-14T02:06:06.089+00:00,2026-09-14T02:06:15.479+00:00,True,143,143.0,,143.0,35039.738343000005,44429.266663,44429.266557,310.69417172727276,40.594756000000004,35039.738343000005,2924.7179245043244,93.9321802,66.12343887323944,21.34224613090029,3.2185991518759,1,64,,False,True,,569,21.16838264042747
14,2026-09-14T02:05:35.365+00:00,2026-09-14T02:06:13.424+00:00,2026-09-14T02:06:25.323+00:00,True,180,180.0,,180.0,38059.304939999995,49958.287083999996,49958.287126999996,277.54603959444444,7.745903,38059.304939999995,2831.912189129687,93.58072745000001,66.47476058100558,23.1167153711974,3.603005837597024,1,64,,False,True,,940,21.16838264042747
15,2026-09-14T02:05:38.310+00:00,2026-09-14T02:06:19.319+00:00,2026-09-14T02:06:26.812+00:00,True,115,115.0,,115.0,41009.605185,48501.997633,48501.997647000004,421.7565012782609,4.071212,41009.605185,3818.1117319485825,94.7355731,65.72274077192982,24.038197962131335,2.3710363616395833,1,64,,False,True,,534,21.16838264042747
16,2026-09-14T02:05:42.373+00:00,2026-09-14T02:06:26.128+00:00,2026-09-14T02:06:40.116+00:00,True,211,211.0,,211.0,43755.246909,57743.504445,57743.504573,273.66589845023697,0.016460000000000002,43755.246909,3007.8202025868463,95.1841295,66.61075017142856,32.09775436733799,3.6540906553563093,1,64,,False,True,,482,21.16838264042747
17,2026-09-14T02:05:46.126+00:00,2026-09-14T02:06:33.525+00:00,2026-09-14T02:06:41.967+00:00,True,126,126.0,,126.0,47399.128130000005,55841.270338,55841.270301000004,443.18468492857147,39.504957000000005,47399.128130000005,4216.688071560184,94.26963125,67.537137664,21.585688559653043,2.256395659291744,1,64,,False,True,,619,21.16838264042747
18,2026-09-14T02:05:49.012+00:00,2026-09-14T02:06:38.021+00:00,2026-09-14T02:06:45.280+00:00,True,109,109.0,,109.0,49009.433519,56267.856303,56267.856445,516.2188664678899,39.724236,49009.433519,4687.864652777487,93.15992560000001,67.20761837037037,21.66745709699294,1.937162834372784,1,64,,False,True,,480,21.16838264042747
19,2026-09-14T02:05:51.951+00:00,2026-09-14T02:06:42.950+00:00,2026-09-14T02:06:51.111+00:00,True,123,123.0,,123.0,50999.125586,59159.977554000005,59159.977439,480.97542633333336,4.353531,50999.125586,4592.46711294473,95.25538409999999,66.89222924590163,24.017469352357086,2.0791082939091403,1,64,,False,True,,201,21.16838264042747
20,2026-09-14T02:05:54.944+00:00,2026-09-14T02:06:47.925+00:00,2026-09-14T02:07:00.061+00:00,True,183,183.0,,183.0,52981.069941,65116.903285,65116.903314,355.83007275409835,40.769394,52981.069941,3911.604726564748,95.5657371,66.68040298901099,21.815125865224324,2.810330202575142,1,64,,False,True,,872,21.16838264042747
21,2026-09-14T02:05:59.793+00:00,2026-09-14T02:06:56.526+00:00,2026-09-14T02:07:14.069+00:00,True,262,262.0,,262.0,56733.401662000004,74275.73715,74275.73691400001,283.4951790610687,0.0,56733.401662000004,3500.9403234808015,95.32125754999998,67.21201336398468,25.351023902745716,3.5273968331124133,1,64,,False,True,,1681,21.16838264042747
22,2026-09-14T02:06:03.204+00:00,2026-09-14T02:07:02.511+00:00,2026-09-14T02:07:14.903+00:00,True,187,187.0,,187.0,59307.343076,71699.3505,71699.350569,383.41898699999996,0.0,59307.343076,4332.192012960949,96.3415769,66.623695827957,26.65584671091833,2.608112886601393,1,64,,False,True,,729,21.16838264042747
23,2026-09-14T02:06:07.255+00:00,2026-09-14T02:07:09.655+00:00,2026-09-14T02:07:21.343+00:00,True,174,174.0,,174.0,62399.831035999996,74088.044796,74088.044763,425.7933607068965,41.761032,62399.831035999996,4725.450744340856,96.2980975,67.56192924855492,22.576174926077016,2.3485570509939304,1,64,,False,True,,757,21.16838264042747
24,2026-09-14T02:06:10.577+00:00,2026-09-14T02:07:15.541+00:00,2026-09-14T02:07:34.103+00:00,True,283,283.0,,283.0,64963.64069,83525.57349,83525.573359,295.1433687597173,0.017079999999999998,64963.64069,3857.940402315546,96.3634003,65.82245673758865,35.80218727477856,3.3881838600471488,1,64,,False,True,,1585,21.16838264042747
25,2026-09-14T02:06:15.503+00:00,2026-09-14T02:07:25.044+00:00,2026-09-14T02:07:31.878+00:00,True,103,103.0,,103.0,69540.94007,76375.147814,76375.147745,741.5062887864077,0.01743,69540.94007,6845.667660942069,94.455762,67.00203670588236,52.20907335364376,1.3486062279164521,1,64,,False,True,,392,21.16838264042747
26,2026-09-14T02:06:19.477+00:00,2026-09-14T02:07:31.834+00:00,2026-09-14T02:07:41.666+00:00,True,152,152.0,,152.0,72357.724529,82189.499249,82189.499257,540.7203898486842,39.840326,72357.724529,5863.74335504718,93.81095155000001,65.11109086092715,21.211267251089293,1.8493846706560801,1,64,,False,True,,598,21.16838264042747
27,2026-09-14T02:06:22.517+00:00,2026-09-14T02:07:37.390+00:00,2026-09-14T02:07:48.549+00:00,True,176,176.0,,176.0,74872.89397,86032.04968200001,86032.049576,488.8184635,40.506603999999996,74872.89397,5638.988182856589,92.7678355,63.766604068571425,20.771530157505293,2.0457492370639576,1,64,,False,True,,891,21.16838264042747
28,2026-09-14T02:06:25.302+00:00,2026-09-14T02:07:41.404+00:00,2026-09-14T02:07:52.767+00:00,True,177,177.0,,177.0,76101.845755,87465.407995,87465.40804000001,494.15484768361586,0.0,76101.845755,5715.365970541252,92.90566220000001,64.56569454545455,24.919416947493236,2.023657169816418,1,64,,False,True,,790,21.16838264042747
29,2026-09-14T02:06:28.337+00:00,2026-09-14T02:07:47.518+00:00,2026-09-14T02:07:56.869+00:00,True,143,143.0,,143.0,79181.50297300001,88532.25190100001,88532.251986,619.1066572447553,0.0,79181.50297300001,6616.036608310927,94.0833354,65.85034456338028,26.668529196488862,1.6152305733723775,1,64,,False,True,,505,21.16838264042747
30,2026-09-14T02:06:32.931+00:00,2026-09-14T02:07:55.245+00:00,2026-09-14T02:08:08.700+00:00,True,203,203.0,,203.0,82313.792357,95769.306725,95769.306649,471.76998349261083,41.117954,82313.792357,5772.660560925698,95.3078081,66.61145726732674,21.578374493569534,2.1196770337171924,1,64,,False,True,,972,21.16838264042747
31,2026-09-14T02:06:36.031+00:00,2026-09-14T02:07:59.302+00:00,2026-09-14T02:08:12.006+00:00,True,196,196.0,,196.0,83271.405183,95975.512703,95975.51269999999,489.6709831632653,39.937356,83271.405183,5943.3445754094955,96.90593499999999,65.14926933333334,22.019660280815344,2.0421875797270257,1,64,,False,True,,913,21.16838264042747
32,2026-09-14T02:06:40.442+00:00,2026-09-14T02:08:08.181+00:00,2026-09-14T02:08:22.956+00:00,True,224,224.0,,224.0,87739.44004,102514.723496,102514.723655,457.6550163169643,0.0,87739.44004,5858.107012314725,94.34451800000001,66.25687648430494,48.03513290485568,2.1850519843497427,1,64,,False,True,,976,21.16838264042747
33,2026-09-14T02:06:44.602+00:00,2026-09-14T02:08:15.398+00:00,2026-09-14T02:08:32.164+00:00,True,252,252.0,,252.0,90795.513147,107562.091323,107562.09142900001,426.8336961468254,0.01592,90795.513147,5715.549849520614,96.50719405,66.79911623904383,45.20864005496376,2.3428328410170547,1,64,,False,True,,1200,21.16838264042747
34,2026-09-14T02:06:48.129+00:00,2026-09-14T02:08:20.828+00:00,2026-09-14T02:08:38.082+00:00,True,260,260.0,,260.0,92698.608198,109953.217862,109953.21787000001,422.8969918076923,0.0,92698.608198,5744.969882794714,95.73695699999999,66.62011453281853,45.292692861960525,2.364642027360405,1,64,,False,True,,1016,21.16838264042747
35,2026-09-14T02:06:52.929+00:00,2026-09-14T02:08:30.593+00:00,2026-09-14T02:08:41.396+00:00,True,160,160.0,,160.0,97663.63880300001,108466.97397100001,108466.973876,677.9185867250001,0.0,97663.63880300001,7715.659316347113,94.97504195000002,67.94550420125786,25.62958057234762,1.4751033807099474,1,64,,False,True,,737,21.16838264042747
36,2026-09-14T02:06:57.890+00:00,2026-09-14T02:08:38.655+00:00,2026-09-14T02:08:52.877+00:00,True,215,215.0,,215.0,100765.10821600001,114987.32517600001,114987.3252,534.8247683720931,39.611097,100765.10821600001,6867.62606785975,94.69327700000002,66.45895775700934,22.036354533759845,1.869771295844305,1,64,,False,True,,1018,21.16838264042747
37,2026-09-14T02:07:02.052+00:00,2026-09-14T02:08:46.881+00:00,2026-09-14T02:08:59.994+00:00,True,198,198.0,,198.0,104828.969755,117942.275867,117942.275774,595.6680594646465,0.0,104828.969755,7445.191822331462,93.76987150000001,66.56500564467005,27.872678251968075,1.6787873435923748,1,64,,False,True,,1072,21.16838264042747
38,2026-09-14T02:07:05.814+00:00,2026-09-14T02:08:53.413+00:00,2026-09-14T02:09:05.297+00:00,True,182,182.0,,182.0,107599.459583,119482.705407,119482.70549600001,656.4983818461538,0.0,107599.459583,7970.988636247364,95.52413460000001,65.65329184530387,29.03607350616884,1.5232330016301872,1,64,,False,True,,828,21.16838264042747
39,2026-09-14T02:07:09.413+00:00,2026-09-14T02:08:59.577+00:00,2026-09-14T02:09:18.181+00:00,True,276,276.0,,276.0,110163.625205,128768.17714100001,128768.177312,466.5513670724638,0.01896,110163.625205,6627.180272126968,96.84751250000001,67.65291613090909,49.13661625100725,2.1433867134562483,1,64,,False,True,,1067,21.16838264042747
40,2026-09-14T02:07:12.830+00:00,2026-09-14T02:09:05.435+00:00,2026-09-14T02:09:21.778+00:00,True,245,245.0,,245.0,112605.008145,128948.507665,128948.507748,526.320439787755,0.0,112605.008145,7189.981034231342,97.2677002,66.98155540983606,52.411698058364344,1.8999832137374897,1,64,,False,True,,1220,21.16838264042747
41,2026-09-14T02:07:15.900+00:00,2026-09-14T02:09:11.833+00:00,2026-09-14T02:09:30.520+00:00,True,276,276.0,,276.0,115933.038161,134620.061777,134620.061765,487.75384697463767,0.0,115933.038161,6974.438720644253,98.2361195,67.95281314909091,50.219722923695116,2.0502144803439317,1,64,,False,True,,1165,21.16838264042747
42,2026-09-14T02:07:18.637+00:00,2026-09-14T02:09:16.945+00:00,2026-09-14T02:09:31.163+00:00,True,214,214.0,,214.0,118308.47050200001,132526.398182,132526.398324,619.2822351588785,0.0,118308.47050200001,8083.024778472806,96.37514064999999,66.75083417840376,55.144386332862894,1.614772625949672,1,64,,False,True,,1123,21.16838264042747
43,2026-09-14T02:07:23.468+00:00,2026-09-14T02:09:24.936+00:00,2026-09-14T02:09:32.174+00:00,True,110,110.0,,110.0,121467.95061399999,128706.34958999998,128706.34936699999,1170.0577215181818,39.567116,121467.95061399999,11575.203289092839,95.73862949999999,66.40733005504588,21.783422329186,0.8546586889489919,1,64,,False,True,,496,21.16838264042747
44,2026-09-14T02:07:26.218+00:00,2026-09-14T02:09:29.356+00:00,2026-09-14T02:09:39.507+00:00,True,156,156.0,,156.0,123137.685974,133288.840918,133288.84085500002,854.4156465064103,39.784245999999996,123137.685974,9853.68500684782,95.41025024999999,65.49132221935484,21.52085712548175,1.1703905512688195,1,64,,False,True,,832,21.16838264042747
45,2026-09-14T02:07:30.542+00:00,2026-09-14T02:09:36.933+00:00,2026-09-14T02:09:45.204+00:00,True,125,125.0,,125.0,126391.100429,134662.801421,134662.801259,1077.302410072,39.707966,126391.100429,11298.817301873138,95.05016759999998,66.70726606451613,21.392635258981553,0.9282444645511946,1,64,,False,True,,590,21.16838264042747
46,2026-09-14T02:07:34.985+00:00,2026-09-14T02:09:44.706+00:00,2026-09-14T02:09:58.993+00:00,True,216,216.0,,216.0,129721.21361,144007.99377,144007.99388700002,666.7036754027778,0.0,129721.21361,8821.940729070104,95.375771,66.45014027906977,30.206348342125473,1.499916736184665,1,64,,False,True,,1138,21.16838264042747
47,2026-09-14T02:07:37.853+00:00,2026-09-14T02:09:50.233+00:00,2026-09-14T02:09:58.626+00:00,True,124,124.0,,124.0,132380.138531,140772.771363,140772.771426,1135.2642856935483,38.498709000000005,132380.138531,11881.981394801995,96.36364400000001,68.23278725203252,22.695274747861824,0.8808521619585841,1,64,,False,True,,500,21.16838264042747
48,2026-09-14T02:07:40.683+00:00,2026-09-14T02:09:55.405+00:00,2026-09-14T02:10:06.640+00:00,True,169,169.0,,169.0,134722.103912,145956.24356,145956.243356,863.6464103905325,39.524415999999995,134722.103912,10358.11787900916,95.3446288,66.86987885714287,21.87127586882796,1.1578812654939776,1,64,,False,True,,695,21.16838264042747
49,2026-09-14T02:07:44.321+00:00,2026-09-14T02:10:01.523+00:00,2026-09-14T02:10:10.797+00:00,True,140,140.0,,140.0,137202.23809,146475.920778,146475.920844,1046.2565774571428,36.706743,137202.23809,11590.086047264338,95.20967049999999,66.71714164028778,21.14343739805983,0.9557884958592276,1,64,,False,True,,510,21.16838264042747
50,2026-09-14T02:07:47.614+00:00,2026-09-14T02:10:07.570+00:00,2026-09-14T02:10:17.334+00:00,True,147,147.0,,147.0,139956.592868,149720.398564,149720.398577,1018.5061127687076,0.0,139956.592868,11537.953862600676,95.7460456,66.87538147945205,32.1289105806066,0.9818301407818045,1,64,,False,True,,679,21.16838264042747
51,2026-09-14T02:07:50.863+00:00,2026-09-14T02:10:12.919+00:00,2026-09-14T02:10:25.061+00:00,True,187,187.0,,187.0,142055.40780000002,154198.087096,154198.08723600002,824.5887017967915,0.016190000000000003,142055.40780000002,10383.586738667953,97.41721829999999,65.28322202150538,70.85896671540979,1.2127258095204405,1,64,,False,True,,895,21.16838264042747
52,2026-09-14T02:07:53.867+00:00,2026-09-14T02:10:18.454+00:00,2026-09-14T02:10:37.434+00:00,True,295,295.0,,295.0,144586.454192,163566.696368,163566.696447,554.4633777864407,0.01677,144586.454192,8414.423624930301,95.7110887,64.55864685714286,23.802418440052577,1.8035456272607915,1,64,,False,True,,1661,21.16838264042747
53,2026-09-14T02:07:57.909+00:00,2026-09-14T02:10:26.350+00:00,2026-09-14T02:10:41.551+00:00,True,228,228.0,,228.0,148440.505467,163641.647483,163641.647463,717.7265239605264,0.0,148440.505467,9826.328213197616,95.2402297,66.96538333039648,31.564932151896425,1.3932883438104342,1,64,,False,True,,487,21.16838264042747
54,2026-09-14T02:08:00.668+00:00,2026-09-14T02:10:31.190+00:00,2026-09-14T02:10:40.264+00:00,True,135,135.0,,135.0,150522.10689899998,159596.02382699997,159596.02388499997,1182.1927695185184,0.0,150522.10689899998,12949.104841031161,93.665728,67.71579797014925,37.045108274238245,0.8458857355139264,1,64,,False,True,,699,21.16838264042747
55,2026-09-14T02:08:03.925+00:00,2026-09-14T02:10:36.240+00:00,2026-09-14T02:10:51.327+00:00,True,230,230.0,,230.0,152314.94125799998,167402.13792999997,167402.13770399996,727.8353813217391,0.0,152314.94125799998,10039.056161160965,96.0454419,65.88295489956332,31.927161471676268,1.3739370526807466,1,64,,False,True,,1217,21.16838264042747
56,2026-09-14T02:08:07.545+00:00,2026-09-14T02:10:43.066+00:00,2026-09-14T02:10:53.291+00:00,True,154,154.0,,154.0,155520.381872,165745.554352,165745.554267,1076.2698329025975,11.432096,155520.381872,12526.824458818817,95.981949,66.83119267973856,22.660011908529075,0.9291350262882133,1,64,,False,True,,710,21.16838264042747
57,2026-09-14T02:08:12.005+00:00,2026-09-14T02:10:51.422+00:00,2026-09-14T02:10:59.938+00:00,True,131,131.0,,131.0,159417.226516,167933.122836,167933.122641,1281.9322339007633,35.588375,159417.226516,13922.639769626468,91.531482,65.50689476923077,20.77624938856314,0.7800724347151686,1,64,,False,True,,587,21.16838264042747
58,2026-09-14T02:08:14.851+00:00,2026-09-14T02:10:55.740+00:00,2026-09-14T02:11:11.289+00:00,True,236,236.0,,236.0,160889.39640599999,176437.935542,176437.935661,747.6183714449152,0.0,160889.39640599999,10468.747416608181,93.680538,66.16399632340425,31.32705239855025,1.3375808284937771,1,64,,False,True,,1105,21.16838264042747
59,2026-09-14T02:08:17.670+00:00,2026-09-14T02:11:00.927+00:00,2026-09-14T02:11:07.895+00:00,True,108,108.0,,108.0,163257.299443,170224.973555,170224.973715,1576.1571640277778,41.475653,163257.299443,15703.188984260876,94.00584905,65.11844964485981,21.102569744973376,0.6344544971546434,1,64,,False,True,,676,21.16838264042747
60,2026-09-14T02:08:20.910+00:00,2026-09-14T02:11:06.377+00:00,2026-09-14T02:11:18.324+00:00,True,179,179.0,,179.0,165466.765736,177413.866408,177413.866287,991.1389178044693,0.0,165466.765736,12362.597305017172,94.3306769,67.1185431011236,34.27298321966107,1.0089403022667482,1,64,,False,True,,599,21.16838264042747
61,2026-09-14T02:08:24.928+00:00,2026-09-14T02:11:13.106+00:00,2026-09-14T02:11:21.244+00:00,True,124,124.0,,124.0,168178.227247,176316.311087,176316.311146,1421.9057350483872,38.23312,168178.227247,15096.926456680636,96.49162515,66.16328325203251,23.04479195961748,0.7032815014988291,1,64,,False,True,,603,21.16838264042747
62,2026-09-14T02:08:28.328+00:00,2026-09-14T02:11:20.074+00:00,2026-09-14T02:11:29.679+00:00,True,144,144.0,,144.0,171745.99675999998,181350.997464,181350.99747699997,1259.381926923611,0.016030000000000003,171745.99675999998,14306.841088099243,95.297022,67.16783709090909,88.53236493650384,0.7940402976200087,1,64,,False,True,,677,21.16838264042747
63,2026-09-14T02:08:31.682+00:00,2026-09-14T02:11:25.912+00:00,2026-09-14T02:11:33.896+00:00,True,119,119.0,,119.0,174229.036599,182213.002807,182213.002902,1531.2017050588236,0.0158,174229.036599,15965.622186652297,96.6252059,67.66073057627119,94.11297621662158,0.6530818227393178,1,64,,False,True,,621,21.16838264042747
64,2026-09-14T02:08:34.774+00:00,2026-09-14T02:11:30.461+00:00,2026-09-14T02:11:46.038+00:00,True,235,235.0,,235.0,175687.674895,191264.654607,191264.654446,813.8921465787234,0.0,175687.674895,11456.299823874011,95.00463800000001,66.56828936752137,31.094535046791606,1.2286640230672257,1,64,,False,True,,822,21.16838264042747
65,2026-09-14T02:08:39.746+00:00,2026-09-14T02:11:39.826+00:00,2026-09-14T02:11:59.252+00:00,True,288,288.0,,288.0,180080.125436,199505.601532,199505.601736,692.7277838055555,0.0,180080.125436,10607.376160792133,95.69538285,67.68458570034844,29.672965451539767,1.4435684902501638,1,64,,False,True,,873,21.16838264042747
66,2026-09-14T02:08:43.163+00:00,2026-09-14T02:11:45.315+00:00,2026-09-14T02:11:54.195+00:00,True,132,132.0,,132.0,182152.037072,191031.35944,191031.359539,1447.2072692348486,41.099523,182152.037072,15848.417878886628,97.09244900000002,67.78108677862595,23.73996757971993,0.6909860265191652,1,64,,False,True,,651,21.16838264042747
67,2026-09-14T02:08:47.801+00:00,2026-09-14T02:11:54.197+00:00,2026-09-14T02:12:07.440+00:00,True,194,194.0,,194.0,186396.17168399997,199638.65974799998,199638.65978499997,1029.065256623711,40.115305,186396.17168399997,13377.56000597155,98.60702935,68.61392779274611,23.753485065126487,0.9717556721973712,1,64,,False,True,,782,21.16838264042747
68,2026-09-14T02:08:50.679+00:00,2026-09-14T02:11:59.030+00:00,2026-09-14T02:12:11.115+00:00,True,179,179.0,,179.0,188351.049475,200435.822083,200435.822076,1119.7531959553073,39.677517,188351.049475,14072.963382206939,98.0034149,67.89198094382023,23.465611106013302,0.8930539368650207,1,64,,False,True,,873,21.16838264042747
69,2026-09-14T02:08:55.169+00:00,2026-09-14T02:12:07.434+00:00,2026-09-14T02:12:24.842+00:00,True,260,260.0,,260.0,192265.675502,209673.579246,209673.579284,806.4368434,0.0,192265.675502,11919.686936462076,97.22887,67.21198356756757,32.53496203533156,1.2400227102288095,1,64,,False,True,,1209,21.16838264042747
70,2026-09-14T02:08:59.122+00:00,2026-09-14T02:12:14.360+00:00,2026-09-14T02:12:25.699+00:00,True,168,168.0,,168.0,195238.36905500002,206577.20067100003,206577.200538,1229.6261936785716,0.0,195238.36905500002,15057.773909060665,96.50346485,67.89719530538923,36.96398639204297,0.8132552840018439,1,64,,False,True,,848,21.16838264042747
71,2026-09-14T02:09:02.339+00:00,2026-09-14T02:12:20.100+00:00,2026-09-14T02:12:37.654+00:00,True,267,267.0,,267.0,197761.196812,215314.98113200002,215314.981187,806.4231505131087,38.758748,197761.196812,12098.768796683802,94.1706317,65.99167037593985,21.32574945284231,1.2400437656324257,1,64,,False,True,,1335,21.16838264042747
72,2026-09-14T02:09:05.362+00:00,2026-09-14T02:12:24.977+00:00,2026-09-14T02:12:33.926+00:00,True,138,138.0,,138.0,199615.273458,208564.589042,208564.589127,1511.3376023695653,39.830516,199615.273458,16986.833024633335,94.81554050000001,65.3234714160584,21.263106926033984,0.6616655331275342,1,64,,False,True,,500,21.16838264042747
73,2026-09-14T02:09:09.542+00:00,2026-09-14T02:12:33.600+00:00,2026-09-14T02:12:50.263+00:00,True,253,253.0,,253.0,204057.706274,220720.288034,220720.288197,872.4122063122529,38.912957999999996,204057.706274,12824.859235631708,94.49518099999999,66.12135619047619,21.632895239446604,1.1462471449884462,1,64,,False,True,,909,21.16838264042747
74,2026-09-14T02:09:12.635+00:00,2026-09-14T02:12:38.740+00:00,2026-09-14T02:12:56.859+00:00,True,278,278.0,,278.0,206104.838683,224223.874075,224223.874126,806.560698294964,0.0,206104.838683,12357.660004934349,94.24484685000002,65.41168011552347,76.57005151727938,1.2398322932687025,1,64,,False,True,,1289,21.16838264042747
75,2026-09-14T02:09:15.572+00:00,2026-09-14T02:12:44.244+00:00,2026-09-14T02:13:02.866+00:00,True,282,282.0,,282.0,208671.829506,227293.701634,227293.70151,806.0060337234042,0.0,208671.829506,12422.507240000363,95.0890505,66.27000757295374,75.22337258528593,1.2406855006219701,1,64,,False,True,,1535,21.16838264042747
76,2026-09-14T02:09:20.454+00:00,2026-09-14T02:12:52.372+00:00,2026-09-14T02:12:59.911+00:00,True,119,119.0,,119.0,211918.375326,219457.653918,219457.654026,1844.1819666050421,0.0172,211918.375326,19420.68328881162,94.870056,63.89219145762712,23.96505053981641,0.5422458404866761,1,64,,False,True,,548,21.16838264042747
77,2026-09-14T02:09:25.321+00:00,2026-09-14T02:13:00.635+00:00,2026-09-14T02:13:14.600+00:00,True,211,211.0,,211.0,215313.955361,229278.980641,229278.980785,1086.6302406872037,36.665243000000004,215313.955361,14818.26166526543,95.24744299999999,66.50012038095238,21.650657263139934,0.9202762477838261,1,64,,False,True,,944,21.16838264042747
78,2026-09-14T02:09:29.730+00:00,2026-09-14T02:13:08.605+00:00,2026-09-14T02:13:24.933+00:00,True,251,251.0,,251.0,218874.85157600002,235203.26117600003,235203.26115900002,937.064785494024,39.779745999999996,218874.85157600002,13811.152238174447,93.43269599999999,65.3136384,21.500880829921865,1.067162073965375,1,64,,False,True,,857,21.16838264042747
79,2026-09-14T02:09:34.160+00:00,2026-09-14T02:13:16.957+00:00,2026-09-14T02:13:35.179+00:00,True,274,274.0,,274.0,222796.431835,241018.39689099998,241018.396936,879.6291858978102,0.0,222796.431835,13455.636897816805,93.68111799999998,66.74712474725274,34.692722218990056,1.136842678959133,1,64,,False,True,,990,21.16838264042747
80,2026-09-14T02:09:38.474+00:00,2026-09-14T02:13:24.192+00:00,2026-09-14T02:13:42.195+00:00,True,274,274.0,,274.0,225717.68433199998,243721.21508399997,243721.21522699998,889.4934862299269,0.0,225717.68433199998,13632.1653681582,94.407494,65.9469990915751,35.2376906862597,1.1242353272593208,1,64,,False,True,,1342,21.16838264042747
81,2026-09-14T02:09:42.957+00:00,2026-09-14T02:13:31.765+00:00,2026-09-14T02:13:39.149+00:00,True,114,114.0,,114.0,228808.004468,236192.078196,236192.078087,2071.8603340964914,39.840714999999996,228808.004468,21423.722676494544,93.29165549999999,65.34578520353982,20.597367319674706,0.482658016605447,1,64,,False,True,,367,21.16838264042747
82,2026-09-14T02:09:46.960+00:00,2026-09-14T02:13:39.287+00:00,2026-09-14T02:13:58.660+00:00,True,286,286.0,,286.0,232326.67578999998,251699.79502199998,251699.7951,880.0692136363635,38.568358,232326.67578999998,13733.763109517122,95.12709500000001,67.97585695438596,22.44398418515579,1.1362742666318102,1,64,,False,True,,1101,21.16838264042747
83,2026-09-14T02:09:50.361+00:00,2026-09-14T02:13:46.174+00:00,2026-09-14T02:13:55.406+00:00,True,137,137.0,,137.0,235813.589847,245045.164119,245045.164054,1788.650832510949,37.721221,235813.589847,20141.127162993973,95.27521100000001,67.8792225882353,21.927470007738833,0.5590806106806883,1,64,,False,True,,194,21.16838264042747
84,2026-09-14T02:09:54.128+00:00,2026-09-14T02:13:52.537+00:00,2026-09-14T02:13:59.816+00:00,True,112,112.0,,112.0,238409.807882,245688.772618,245688.772619,2193.6497555267856,32.49057,238409.807882,22521.42451623824,96.0509355,65.57625888288288,22.90356998910362,0.45586128664551967,1,64,,False,True,,418,21.16838264042747
85,2026-09-14T02:09:57.762+00:00,2026-09-14T02:13:58.794+00:00,2026-09-14T02:14:08.282+00:00,True,143,143.0,,143.0,241032.082278,250520.32471,250520.324737,1751.8903827762238,39.703326000000004,241032.082278,20150.540105369088,94.82209320000001,66.81860867605634,22.489957279691737,0.5708119697095854,1,64,,False,True,,350,21.16838264042747
86,2026-09-14T02:10:02.090+00:00,2026-09-14T02:14:07.013+00:00,2026-09-14T02:14:20.003+00:00,True,191,191.0,,191.0,244922.595516,257913.127356,257913.127319,1350.3305095235603,0.0,244922.595516,17717.081295451102,97.42458900000001,68.37122021052632,42.80022267238782,0.7405594354891476,1,64,,False,True,,580,21.16838264042747
87,2026-09-14T02:10:05.875+00:00,2026-09-14T02:14:14.766+00:00,2026-09-14T02:14:32.160+00:00,True,261,261.0,,261.0,248890.942986,266285.77665,266285.776447,1020.2520170383142,0.01533,248890.942986,15402.094444523986,95.03788800000001,66.9032064,91.88674204260343,0.9801499850405172,1,64,,False,True,,961,21.16838264042747
88,2026-09-14T02:10:08.625+00:00,2026-09-14T02:14:20.006+00:00,2026-09-14T02:14:29.900+00:00,True,152,152.0,,152.0,251381.480604,261275.489436,261275.48945700002,1718.9176937960526,39.243066,251381.480604,20384.427742340016,95.70522915,65.52323729801324,22.065871378893064,0.5817614209741352,1,64,,False,True,,801,21.16838264042747
89,2026-09-14T02:10:11.645+00:00,2026-09-14T02:14:25.225+00:00,2026-09-14T02:14:31.927+00:00,True,101,101.0,,101.0,253580.67153999998,260282.28510799998,260282.284979,2577.052326524752,0.01648,253580.67153999998,25225.949323545952,94.092162,67.01613568,142.37881114040445,0.3880402385359866,1,64,,False,True,,311,21.16838264042747
90,2026-09-14T02:10:15.162+00:00,2026-09-14T02:14:30.490+00:00,2026-09-14T02:14:47.273+00:00,True,254,254.0,,254.0,255328.29606999998,272110.602886,272110.602977,1071.301586523622,0.015710000000000002,255328.29606999998,16016.834747139836,92.69177049999999,66.33322852173913,93.99292848406218,0.9334439647190544,1,64,,False,True,,1202,21.16838264042747
91,2026-09-14T02:10:19.963+00:00,2026-09-14T02:14:39.182+00:00,2026-09-14T02:14:49.707+00:00,True,164,164.0,,164.0,259218.713381,269744.087077,269744.087102,1644.7810189146342,30.852965,259218.713381,20236.549631537564,92.59055634999999,64.5728447607362,21.27356460015552,0.6079836699189082,1,64,,False,True,,898,21.16838264042747
92,2026-09-14T02:10:22.734+00:00,2026-09-14T02:14:43.993+00:00,2026-09-14T02:14:59.530+00:00,True,231,231.0,,231.0,261259.775967,276795.962591,276795.962711,1198.2509208268398,0.0,261259.775967,17185.23605612113,95.929931,67.54863749565217,41.206730239910556,0.8345497450095788,1,64,,False,True,,1231,21.16838264042747
93,2026-09-14T02:10:26.449+00:00,2026-09-14T02:14:50.026+00:00,2026-09-14T02:15:02.541+00:00,True,183,183.0,,183.0,263576.806703,276091.303983,276091.30417899997,1508.695651251366,0.0,263576.806703,19479.12553059658,94.83564689999999,68.76097406593406,44.3822339900071,0.662824208368649,1,64,,False,True,,883,21.16838264042747
94,2026-09-14T02:10:29.830+00:00,2026-09-14T02:14:56.517+00:00,2026-09-14T02:15:16.749+00:00,True,298,298.0,,298.0,266686.942649,286919.708857,286919.708674,962.8178143422818,0.0,266686.942649,15444.85908395876,96.2464757,68.12379194612795,37.59291354363736,1.0386180900125004,1,64,,False,True,,1514,21.16838264042747
95,2026-09-14T02:10:33.939+00:00,2026-09-14T02:15:03.305+00:00,2026-09-14T02:15:20.225+00:00,True,250,250.0,,250.0,269365.802183,286285.40179900004,286285.401598,1145.141606392,40.075965,269365.802183,17031.90657415628,96.370216,67.95019926104418,22.61129112876183,0.8732544461890659,1,64,,False,True,,1073,21.16838264042747
96,2026-09-14T02:10:38.035+00:00,2026-09-14T02:15:10.582+00:00,2026-09-14T02:15:20.868+00:00,True,153,153.0,,153.0,272546.423141,282833.00285299995,282833.002812,1848.58171772549,39.264006,272546.423141,22028.612423186227,96.6232374,67.6748665263158,22.335869814743788,0.5409552578965491,1,64,,False,True,,632,21.16838264042747
97,2026-09-14T02:10:41.298+00:00,2026-09-14T02:15:16.231+00:00,2026-09-14T02:15:30.241+00:00,True,209,209.0,,209.0,274932.92580699996,288943.431535,288943.43137099996,1382.504456320574,40.454174,274932.92580699996,19012.862171514233,95.92230099999999,67.3582006153846,22.54147881106838,0.7233249736451739,1,64,,False,True,,900,21.16838264042747
98,2026-09-14T02:10:44.441+00:00,2026-09-14T02:15:21.984+00:00,2026-09-14T02:15:36.079+00:00,True,206,206.0,,206.0,277542.40136,291638.184016,291638.184152,1415.7193405436894,38.005379,277542.40136,19332.51802784961,97.14570175,68.75991539512195,22.791275707272078,0.7063546932136235,1,64,,False,True,,969,21.16838264042747
99,2026-09-14T02:10:47.282+00:00,2026-09-14T02:15:26.816+00:00,2026-09-14T02:15:41.345+00:00,True,212,212.0,,212.0,279534.40275999997,294062.99130399997,294062.991466,1387.0895823867922,31.706323,279534.40275999997,19193.785394100927,95.62673550000001,68.85586987677725,22.24682393984913,0.7209339708472056,1,64,,False,True,,1015,21.16838264042747
100,2026-09-14T02:10:51.578+00:00,2026-09-14T02:15:35.430+00:00,2026-09-14T02:15:49.542+00:00,True,206,206.0,,206.0,283852.822218,297964.54625,297964.546149,1446.4298356747574,0.0,283852.822218,19772.213054970372,95.65728025,68.83767820487805,42.73571883458882,0.6913574201783075,1,64,,False,True,,826,21.16838264042747
101,2026-09-14T02:10:54.293+00:00,2026-09-14T02:15:40.257+00:00,2026-09-14T02:15:54.331+00:00,False,218,217.0,,217.0,285963.623458,300037.41494600003,300037.414998,1376.3184174220185,0.0,285963.623458,19363.55569003418,95.28461235,64.85618197235023,43.141180989978665,0.7232431329907809,1,64,,False,False,Request timeout: 300.0s exceeded,738,21.16838264042747
102,2026-09-14T02:10:57.885+00:00,2026-09-14T02:15:46.640+00:00,2026-09-14T02:15:57.926+00:00,False,173,172.0,,172.0,288755.288441,300040.70156099997,300040.701404,1734.3393144739882,0.0,288755.288441,21948.720177995176,94.54836800000001,65.61286697674419,47.25909297198043,0.5732555586796994,1,64,,False,False,Request timeout: 300.0s exceeded,613,21.16838264042747
103,2026-09-14T02:11:00.967+00:00,2026-09-14T02:15:51.912+00:00,2026-09-14T02:16:00.812+00:00,True,127,127.0,,127.0,290944.685063,299844.878855,299844.879015,2360.9832993307086,40.729493999999995,290944.685063,25810.90639133682,93.6804146,70.63645866666667,20.84008678592626,0.42355233974636297,1,64,,False,True,,547,21.16838264042747
104,2026-09-14T02:11:04.658+00:00,2026-09-14T02:15:57.243+00:00,2026-09-14T02:16:04.732+00:00,False,107,106.0,,106.0,292584.96529,300074.51639400003,300074.516537,2804.4347339906544,0.02506,292584.96529,28278.43331041229,91.6030249,70.65614249056604,20.951779805997607,0.3532455913744479,1,64,,False,False,Request timeout: 300.0s exceeded,501,21.16838264042747
105,2026-09-14T02:11:08.734+00:00,2026-09-14T02:16:02.000+00:00,2026-09-14T02:16:08.795+00:00,False,102,101.0,,101.0,293265.78357200004,300061.00174800004,300061.00161900005,2941.774525676471,0.03993,293265.78357200004,29030.985036571237,89.30805005,67.27938788118813,20.52560375203335,0.33659822306673076,1,64,,False,False,Request timeout: 300.0s exceeded,453,21.16838264042747
106,2026-09-14T02:11:11.535+00:00,2026-09-14T02:16:05.077+00:00,2026-09-14T02:16:11.572+00:00,False,96,95.0,,95.0,293542.52481,300037.59040999995,300037.59047299996,3125.391567427083,0.02519,293542.52481,29952.58707641193,89.64969475,68.36911157894737,19.817139177599604,0.31662699287173635,1,64,,False,False,Request timeout: 300.0s exceeded,419,21.16838264042747
107,2026-09-14T02:11:14.260+00:00,2026-09-14T02:16:07.896+00:00,2026-09-14T02:16:14.280+00:00,False,96,95.0,,95.0,293635.90318699996,300019.34945899993,300019.349336,3125.2015555833327,0.04367,293635.90318699996,29962.237881464065,88.24868875,67.19417128421053,20.5660908263061,0.31664624355497617,1,64,,False,False,Request timeout: 300.0s exceeded,419,21.16838264042747
108,2026-09-14T02:11:17.813+00:00,2026-09-14T02:16:11.323+00:00,2026-09-14T02:16:17.838+00:00,False,98,97.0,,97.0,293510.474031,300024.723247,300024.723151,3061.4767668469385,0.02146,293510.474031,29642.258287252203,87.90560665000001,67.15720841237113,20.43344954919361,0.32330668936287377,1,64,,False,False,Request timeout: 300.0s exceeded,509,21.16838264042747
109,2026-09-14T02:11:21.765+00:00,2026-09-14T02:16:15.166+00:00,2026-09-14T02:16:21.816+00:00,False,98,97.0,,97.0,293401.093026,300050.434466,300050.434591,3061.739128479592,0.02246,293401.093026,29631.068037791072,87.74216870000001,68.54991175257732,19.812227128304798,0.323278985323354,1,64,,False,False,Request timeout: 300.0s exceeded,491,21.16838264042747
110,2026-09-14T02:11:25.482+00:00,2026-09-14T02:16:19.181+00:00,2026-09-14T02:16:25.498+00:00,False,96,95.0,,95.0,293698.742852,300016.16058,300016.160711,3125.168340739583,0.037939999999999995,293698.742852,29968.721824637956,86.58717125000001,66.49913397894737,19.75723897809543,0.31664960919552876,1,64,,False,False,Request timeout: 300.0s exceeded,374,21.16838264042747
111,2026-09-14T02:11:28.220+00:00,2026-09-14T02:16:22.104+00:00,2026-09-14T02:16:28.243+00:00,False,94,93.0,,93.0,293884.010885,300022.998149,300022.998252,3191.734023957447,0.02212,293884.010885,30305.019606811464,89.6980243,66.01061574193548,20.420210925624616,0.30997623706771155,1,64,,False,False,Request timeout: 300.0s exceeded,392,21.16838264042747
112,2026-09-14T02:11:31.011+00:00,2026-09-14T02:16:24.626+00:00,2026-09-14T02:16:31.043+00:00,False,101,100.0,,100.0,293615.439758,300032.37518200005,300032.375216,2970.61757639604,0.022469000000000003,293615.439758,29209.450318544175,87.45047500000001,64.16935424,20.598027611274055,0.33329736479051586,1,64,,False,False,Request timeout: 300.0s exceeded,416,21.16838264042747
113,2026-09-14T02:11:34.354+00:00,2026-09-14T02:16:28.783+00:00,2026-09-14T02:16:34.403+00:00,False,95,94.0,,94.0,294429.857406,300049.467774,300049.46770100005,3158.415449484211,0.015300000000000001,294429.857406,30202.173534048055,95.29398539999998,59.783089021276595,164.1165808892625,0.31328167550959185,1,64,,False,False,Request timeout: 300.0s exceeded,500,21.16838264042747
114,2026-09-14T02:11:38.297+00:00,2026-09-14T02:16:33.004+00:00,2026-09-14T02:16:38.323+00:00,False,82,81.0,,81.0,294706.79397299996,300026.21515699994,300026.21498499997,3658.8562803048776,0.02634,294706.79397299996,32537.67524452506,88.18917810000002,65.67186646913581,20.672031792283164,0.26997640842022325,1,64,,False,False,Request timeout: 300.0s exceeded,355,21.16838264042747
115,2026-09-14T02:11:42.718+00:00,2026-09-14T02:16:36.320+00:00,2026-09-14T02:16:42.778+00:00,False,86,85.0,,85.0,293601.428793,300060.218681,300060.218664,3489.0723100465116,0.03696,293601.428793,31651.72616332659,89.030967,75.9857633882353,63.8459952053655,0.28327647154841673,1,64,,False,False,Request timeout: 300.0s exceeded,413,21.16838264042747
116,2026-09-14T02:11:47.227+00:00,2026-09-14T02:16:41.158+00:00,2026-09-14T02:16:47.272+00:00,False,99,98.0,,98.0,293930.494657,300044.229825,300044.229737,3030.7497953232323,0.0,293930.494657,29534.92408774808,87.9530698,62.38505273469388,63.61109509753539,0.32661851240118245,1,64,,False,False,Request timeout: 300.0s exceeded,462,21.16838264042747
117,2026-09-14T02:11:51.026+00:00,2026-09-14T02:16:44.397+00:00,2026-09-14T02:16:51.058+00:00,False,99,98.0,,98.0,293370.852068,300031.75242000003,300031.75233,3030.623760909091,0.0344,293370.852068,29478.05601247841,89.71664410000001,67.96837093877551,20.518773306746443,0.32663209546839733,1,64,,False,False,Request timeout: 300.0s exceeded,450,21.16838264042747
118,2026-09-14T02:11:54.621+00:00,2026-09-14T02:16:48.272+00:00,2026-09-14T02:16:54.638+00:00,False,93,92.0,,92.0,293650.786263,300016.900567,300016.900409,3225.98817644086,0.02189,293650.786263,30442.999168565868,88.47500939999998,69.19689460869566,20.00984947911596,0.3066493915047112,1,64,,False,False,Request timeout: 300.0s exceeded,210,21.16838264042747
119,2026-09-14T02:11:57.759+00:00,2026-09-14T02:16:51.684+00:00,2026-09-14T02:16:57.827+00:00,False,90,89.0,,89.0,293925.674883,300067.763075,300067.762904,3334.086254488889,0.020739999999999998,293925.674883,30975.21880455721,89.40501945,69.0122268764045,20.66734236657639,0.2965996716473506,1,64,,False,False,Request timeout: 300.0s exceeded,469,21.16838264042747
120,2026-09-14T02:12:02.011+00:00,2026-09-14T02:16:55.838+00:00,2026-09-14T02:17:02.049+00:00,False,91,90.0,,90.0,293827.112764,300038.82246,300038.822417,3297.1299166703297,0.02348,293827.112764,30794.222331360932,90.7119595,69.01899662222222,20.572087217357904,0.2999611825632946,1,64,,False,False,Request timeout: 300.0s exceeded,342,21.16838264042747
121,2026-09-14T02:12:05.812+00:00,2026-09-14T02:16:59.489+00:00,2026-09-14T02:17:05.838+00:00,False,94,93.0,,93.0,293676.76636799995,300025.31139199995,300025.311312,3191.758630978723,0.0334,293676.76636799995,30283.411170234634,89.44394515,68.2639249892473,19.82582294594669,0.3099738471014876,1,64,,False,False,Request timeout: 300.0s exceeded,384,21.16838264042747
122,2026-09-14T02:12:09.051+00:00,2026-09-14T02:17:02.660+00:00,2026-09-14T02:17:09.069+00:00,False,92,91.0,,91.0,293609.312402,300017.967762,300017.96789800003,3261.0648684565217,0.02075,293609.312402,30603.550732667318,88.530276,70.42478417582419,19.517894762640832,0.3033151670175601,1,64,,False,False,Request timeout: 300.0s exceeded,465,21.16838264042747
123,2026-09-14T02:12:12.493+00:00,2026-09-14T02:17:06.342+00:00,2026-09-14T02:17:12.509+00:00,False,90,89.0,,89.0,293848.49481400003,300016.37039800006,300016.370439,3333.5152271,0.036279000000000006,293848.49481400003,30967.052121076627,87.99703350000001,69.30197285393258,19.658451619795922,0.2966504790453037,1,64,,False,False,Request timeout: 300.0s exceeded,394,21.16838264042747
124,2026-09-14T02:12:17.325+00:00,2026-09-14T02:17:11.403+00:00,2026-09-14T02:17:17.381+00:00,False,88,87.0,,87.0,294077.822205,300056.328957,300056.328882,3409.731010022727,0.0384,294077.822205,31341.482053316122,89.7956595,68.7184684137931,19.967317247084345,0.2899455588969352,1,64,,False,False,Request timeout: 300.0s exceeded,279,21.16838264042747
125,2026-09-14T02:12:20.298+00:00,2026-09-14T02:17:13.988+00:00,2026-09-14T02:17:20.382+00:00,False,96,95.0,,95.0,293689.73527,300083.930214,300083.930266,3125.874273604167,0.038009999999999995,293689.73527,29967.720349854855,88.66198225,67.3073152,20.274774790455524,0.3165780984415003,1,64,,False,False,Request timeout: 300.0s exceeded,406,21.16838264042747
126,2026-09-14T02:12:23.789+00:00,2026-09-14T02:17:17.382+00:00,2026-09-14T02:17:23.872+00:00,False,96,95.0,,95.0,293593.310463,300083.16185499995,300083.16194699996,3125.86627028125,0.02104,293593.310463,29957.775948358478,87.616862,68.31422517894737,19.790072128273867,0.3165789090355691,1,64,,False,False,Request timeout: 300.0s exceeded,337,21.16838264042747
127,2026-09-14T02:12:27.082+00:00,2026-09-14T02:17:20.844+00:00,2026-09-14T02:17:27.088+00:00,False,92,91.0,,91.0,293761.69862599997,300006.26310599997,300006.26304099994,3260.93764175,0.02182,293761.69862599997,30619.626684322855,89.5510986,68.6215876923077,20.44192426339056,0.3033270007694718,1,64,,False,False,Request timeout: 300.0s exceeded,418,21.16838264042747
128,2026-09-14T02:12:30.764+00:00,2026-09-14T02:17:24.421+00:00,2026-09-14T02:17:30.792+00:00,False,96,95.0,,95.0,293657.146635,300027.29319500003,300027.293107,3125.284303197917,0.08942,293657.146635,29964.419939840944,88.82473825000001,67.05417431578948,19.99906154297112,0.3166378598038266,1,64,,False,False,Request timeout: 300.0s exceeded,364,21.16838264042747
129,2026-09-14T02:12:33.717+00:00,2026-09-14T02:17:27.549+00:00,2026-09-14T02:17:33.789+00:00,False,92,91.0,,91.0,293832.724138,300072.590506,300072.590502,3261.658592413043,0.03449,293832.724138,30627.036259227873,88.432339,68.56996008791208,19.308486105790845,0.3032599540216268,1,64,,False,False,Request timeout: 300.0s exceeded,448,21.16838264042747
130,2026-09-14T02:12:37.542+00:00,2026-09-14T02:17:31.090+00:00,2026-09-14T02:17:37.646+00:00,False,86,85.0,,85.0,293547.736721,300103.984785,300103.984629,3489.581216616279,0.026359999999999998,293547.736721,31645.813653249388,88.93336125,77.13233016470589,64.28600639739678,0.2832351595094466,1,64,,False,False,Request timeout: 300.0s exceeded,461,21.16838264042747
131,2026-09-14T02:12:41.704+00:00,2026-09-14T02:17:35.458+00:00,2026-09-14T02:17:41.796+00:00,False,98,97.0,,97.0,293753.783427,300091.806595,300091.806607,3062.161291908163,0.0,293753.783427,29667.083794441154,89.97154250000001,65.34044503092784,65.24085109925677,0.3232344164961156,1,64,,False,False,Request timeout: 300.0s exceeded,439,21.16838264042747
132,2026-09-14T02:12:45.948+00:00,2026-09-14T02:17:39.860+00:00,2026-09-14T02:17:46.012+00:00,False,88,87.0,,87.0,293912.568903,300064.70739899995,300064.707276,3409.8262190454543,0.020300000000000002,293912.568903,31323.653208321968,90.24084285,70.7142355862069,19.90699790184876,0.2899374630029881,1,64,,False,False,Request timeout: 300.0s exceeded,439,21.16838264042747
133,2026-09-14T02:12:48.994+00:00,2026-09-14T02:17:42.751+00:00,2026-09-14T02:17:49.026+00:00,False,94,93.0,,93.0,293757.68278,300032.340828,300032.34068499994,3191.8334115425528,0.04314,293757.68278,30291.839267867006,89.8183043,67.46944137634408,20.229390051731457,0.30996658474665656,1,64,,False,False,Request timeout: 300.0s exceeded,438,21.16838264042747
134,2026-09-14T02:12:52.434+00:00,2026-09-14T02:17:46.192+00:00,2026-09-14T02:17:52.504+00:00,False,94,93.0,,93.0,293758.109037,300069.895277,300069.895392,3192.2329297021274,0.03774,293758.109037,30291.842483821045,90.01466715000001,67.86866924731183,20.8677808528313,0.30992779170382956,1,64,,False,False,Request timeout: 300.0s exceeded,433,21.16838264042747
135,2026-09-14T02:12:57.112+00:00,2026-09-14T02:17:50.494+00:00,2026-09-14T02:17:57.151+00:00,False,104,103.0,,103.0,293382.14435,300038.793054,300038.79296600004,2884.9883939038464,0.04597,293382.14435,28762.156220940655,89.66452935,64.62765732038835,20.662469980068316,0.3432889425783765,1,64,,False,False,Request timeout: 300.0s exceeded,525,21.16838264042747
136,2026-09-14T02:13:01.844+00:00,2026-09-14T02:17:55.366+00:00,2026-09-14T02:18:01.865+00:00,False,98,97.0,,97.0,293522.532292,300021.04595600005,300021.046172,3061.439246653061,0.023469999999999998,293522.532292,29643.492629584463,88.81698455,66.99498622680412,20.268207186318467,0.32331065206080795,1,64,,False,False,Request timeout: 300.0s exceeded,320,21.16838264042747
137,2026-09-14T02:13:06.482+00:00,2026-09-14T02:18:00.106+00:00,2026-09-14T02:18:06.496+00:00,False,94,93.0,,93.0,293623.863105,300013.482817,300013.482797,3191.632795712766,0.019510000000000003,293623.863105,30277.909177259677,90.104098,68.70558830107527,20.002499247639946,0.3099860683818915,1,64,,False,False,Request timeout: 300.0s exceeded,426,21.16838264042747
138,2026-09-14T02:13:09.307+00:00,2026-09-14T02:18:03.034+00:00,2026-09-14T02:18:09.336+00:00,False,89,88.0,,88.0,293726.166172,300028.492444,300028.492457,3371.1066568202245,0.03417,293726.166172,31127.325833747578,89.2097678,71.617344,19.29546342972497,0.29330547670043405,1,64,,False,False,Request timeout: 300.0s exceeded,488,21.16838264042747
139,2026-09-14T02:13:13.883+00:00,2026-09-14T02:18:07.715+00:00,2026-09-14T02:18:13.932+00:00,False,91,90.0,,90.0,293831.145561,300048.31829699996,300048.31835799996,3297.2342676703297,0.04318,293831.145561,30794.638186683347,89.81587950000001,69.07969706666667,19.748281571368395,0.2999516894839396,1,64,,False,False,Request timeout: 300.0s exceeded,409,21.16838264042747
140,2026-09-14T02:13:18.302+00:00,2026-09-14T02:18:11.972+00:00,2026-09-14T02:18:18.332+00:00,False,97,96.0,,96.0,293670.215788,300030.670444,300030.67040199996,3093.099694865979,0.02013,293670.215788,29810.972846603025,90.023301,66.254736,20.90622405296308,0.31996728820401765,1,64,,False,False,Request timeout: 300.0s exceeded,428,21.16838264042747
141,2026-09-14T02:13:21.544+00:00,2026-09-14T02:18:15.101+00:00,2026-09-14T02:18:21.574+00:00,False,96,95.0,,95.0,293557.089843,300030.373939,300030.374097,3125.3163968437498,0.03419,293557.089843,29954.097033992082,88.307356,68.13983258947368,19.84748731943184,0.3166346085323838,1,64,,False,False,Request timeout: 300.0s exceeded,445,21.16838264042747
142,2026-09-14T02:13:26.072+00:00,2026-09-14T02:18:19.425+00:00,2026-09-14T02:18:26.098+00:00,False,101,100.0,,100.0,293353.86934,300026.79810799996,300026.798104,2970.5623574653464,0.039880000000000006,293353.86934,29183.16820686123,88.87386099999999,66.72928768,20.359177795360548,0.3333035603173128,1,64,,False,False,Request timeout: 300.0s exceeded,388,21.16838264042747
143,2026-09-14T02:13:30.218+00:00,2026-09-14T02:18:23.792+00:00,2026-09-14T02:18:30.287+00:00,False,95,94.0,,94.0,293574.01255,300068.191622,300068.191602,3158.6125431789474,0.01822,293574.01255,30112.976718861664,90.90061269999998,69.08701140425532,20.248858143546588,0.31326212715812635,1,64,,False,False,Request timeout: 300.0s exceeded,312,21.16838264042747
144,2026-09-14T02:13:33.979+00:00,2026-09-14T02:18:27.689+00:00,2026-09-14T02:18:33.991+00:00,False,98,97.0,,97.0,293710.281032,300011.96628000005,300011.96647100005,3061.3465966428575,0.0,293710.281032,29662.721588156466,92.52922585,64.96582729896907,62.58993412647219,0.3233204368570761,1,64,,False,False,Request timeout: 300.0s exceeded,428,21.16838264042747
145,2026-09-14T02:13:37.524+00:00,2026-09-14T02:18:31.345+00:00,2026-09-14T02:18:37.550+00:00,False,96,95.0,,95.0,293821.012467,300026.62398699997,300026.623889,3125.2773321770833,0.0,293821.012467,29981.3805317873,92.04101800000001,65.32222652631579,63.215380909648545,0.31663856606311147,1,64,,False,False,Request timeout: 300.0s exceeded,495,21.16838264042747
146,2026-09-14T02:13:41.196+00:00,2026-09-14T02:18:35.213+00:00,2026-09-14T02:18:41.239+00:00,False,88,87.0,,87.0,294016.808963,300043.065859,300043.06588400004,3409.580294136364,0.03606,294016.808963,31334.91974358133,90.3648379,69.26732064367816,20.32974037960703,0.28995837564492866,1,64,,False,False,Request timeout: 300.0s exceeded,383,21.16838264042747
147,2026-09-14T02:13:46.224+00:00,2026-09-14T02:18:40.163+00:00,2026-09-14T02:18:46.244+00:00,False,92,91.0,,91.0,293938.976244,300019.25400400005,300019.254008,3261.078847913044,0.02233,293938.976244,30638.29756104261,89.65161205,66.81623912087912,20.729336892779916,0.3033138666453278,1,64,,False,False,Request timeout: 300.0s exceeded,444,21.16838264042747
148,2026-09-14T02:13:50.822+00:00,2026-09-14T02:18:44.540+00:00,2026-09-14T02:18:50.855+00:00,False,96,95.0,,95.0,293717.53218,300032.38146,300032.38163899997,3125.337308739583,0.03531,293717.53218,29970.642980368433,89.41793075,66.47209768421052,20.830453242737935,0.3166324899256426,1,64,,False,False,Request timeout: 300.0s exceeded,419,21.16838264042747
149,2026-09-14T02:13:55.602+00:00,2026-09-14T02:18:48.988+00:00,2026-09-14T02:18:55.679+00:00,False,98,97.0,,97.0,293385.374111,300076.71670299995,300076.716684,3062.007313102041,0.060719999999999996,293385.374111,29629.43650060332,90.38259399999998,68.98291331958764,19.8910724755457,0.3232506709142831,1,64,,False,False,Request timeout: 300.0s exceeded,451,21.16838264042747
150,2026-09-14T02:13:58.388+00:00,2026-09-14T02:18:52.007+00:00,2026-09-14T02:18:59.326+00:00,False,85,84.0,,84.0,293618.58596399997,300937.80029999994,300937.80020999996,3540.444708352941,0.04829,293618.58596399997,31838.58262272688,89.096517,87.133504,200.92309369435114,0.27912744732054856,1,64,,False,False,Request timeout: 300.0s exceeded,457,21.16838264042747
151,2026-09-14T02:14:02.978+00:00,2026-09-14T02:18:56.711+00:00,2026-09-14T02:19:03.027+00:00,False,102,101.0,,101.0,293732.847279,300049.03518299997,300049.035176,2941.657207607843,0.01533,293732.847279,29078.334560913234,93.12322664999999,62.5365139009901,194.02238001808823,0.33661164728758447,1,64,,False,False,Request timeout: 300.0s exceeded,532,21.16838264042747
152,2026-09-14T02:14:06.833+00:00,2026-09-14T02:19:00.493+00:00,2026-09-14T02:19:06.883+00:00,False,97,96.0,,96.0,293660.229695,300049.452095,300049.45192699996,3093.293318835051,0.02556,293660.229695,29809.927972409372,88.1461276,66.5544,20.1517180498631,0.3199472597923792,1,64,,False,False,Request timeout: 300.0s exceeded,464,21.16838264042747
153,2026-09-14T02:14:10.836+00:00,2026-09-14T02:19:04.256+00:00,2026-09-14T02:19:10.852+00:00,False,96,95.0,,95.0,293420.419966,300016.228734,300016.22855,3125.1690473958333,0.03383,293420.419966,29940.0158873119,88.08576624999999,69.42956597894737,18.73970941334675,0.3166495372629618,1,64,,False,False,Request timeout: 300.0s exceeded,485,21.16838264042747
154,2026-09-14T02:14:14.025+00:00,2026-09-14T02:19:07.853+00:00,2026-09-14T02:19:14.091+00:00,False,88,87.0,,87.0,293827.72345,300065.82085799996,300065.82072099997,3409.8388718295455,0.02422,293827.72345,31314.50256978981,88.50660400000001,71.70226905747126,18.658462464047474,0.28993638712744624,1,64,,False,False,Request timeout: 300.0s exceeded,419,21.16838264042747
155,2026-09-14T02:14:17.350+00:00,2026-09-14T02:19:11.184+00:00,2026-09-14T02:19:17.401+00:00,False,90,89.0,,89.0,293833.467935,300050.653215,300050.65325000003,3333.8961472222227,0.03868,293833.467935,30965.410093704817,90.00416249999998,69.85601438202247,20.201402093529403,0.29661658472120517,1,64,,False,False,Request timeout: 300.0s exceeded,356,21.16838264042747
156,2026-09-14T02:14:21.132+00:00,2026-09-14T02:19:15.190+00:00,2026-09-14T02:19:21.179+00:00,False,85,84.0,,84.0,294057.540821,300046.235605,300046.23554,3529.955712235294,0.02221,294057.540821,31887.29205930292,89.6309888,71.29398552380952,20.48241083548181,0.279956853418361,1,64,,False,False,Request timeout: 300.0s exceeded,464,21.16838264042747
157,2026-09-14T02:14:25.027+00:00,2026-09-14T02:19:18.549+00:00,2026-09-14T02:19:25.088+00:00,False,98,97.0,,97.0,293521.672848,300061.018256,300061.01827400003,3061.847125244898,0.05085,293521.672848,29643.36361218148,89.04114150000001,67.41593204123711,20.737526064934816,0.3232675825862975,1,64,,False,False,Request timeout: 300.0s exceeded,472,21.16838264042747
158,2026-09-14T02:14:29.601+00:00,2026-09-14T02:19:23.066+00:00,2026-09-14T02:19:29.664+00:00,False,105,104.0,,104.0,293464.506009,300063.201689,300063.201859,2857.744779609524,0.0,293464.506009,28633.08577424488,92.31669899999999,63.44899692307692,65.62474240069284,0.3465936489866246,1,64,,False,False,Request timeout: 300.0s exceeded,155,21.16838264042747
159,2026-09-14T02:14:32.790+00:00,2026-09-14T02:19:26.799+00:00,2026-09-14T02:19:32.852+00:00,False,102,101.0,,101.0,294008.54859200004,300061.50014400005,300061.50013500004,2941.7794130882357,0.04244,294008.54859200004,29105.257005081527,88.970919,59.93021338613861,19.96557141711593,0.33659766398398305,1,64,,False,False,Request timeout: 300.0s exceeded,430,21.16838264042747
160,2026-09-14T02:14:35.891+00:00,2026-09-14T02:19:29.577+00:00,2026-09-14T02:19:35.915+00:00,False,104,103.0,,103.0,293686.457479,300024.22515899997,300024.225069,2884.8483179711534,0.019829999999999997,293686.457479,28792.29952298545,87.9381228,61.53172504854369,19.757916172270935,0.34330561122327513,1,64,,False,False,Request timeout: 300.0s exceeded,489,21.16838264042747
161,2026-09-14T02:14:39.795+00:00,2026-09-14T02:19:33.381+00:00,2026-09-14T02:19:39.856+00:00,False,99,98.0,,98.0,293585.10922399996,300060.24112799997,300060.24115899997,3030.9115268585856,0.036840000000000005,293585.10922399996,29499.779732404953,86.585113,66.07277453061225,19.863761155392787,0.32660108394099124,1,64,,False,False,Request timeout: 300.0s exceeded,324,21.16838264042747
162,2026-09-14T02:14:44.743+00:00,2026-09-14T02:19:38.587+00:00,2026-09-14T02:19:44.829+00:00,False,92,91.0,,91.0,293843.695524,300085.43658,300085.43662999995,3261.7982242391304,0.03451,293843.695524,30628.178690656565,89.188313,68.59056105494506,20.451067439916958,0.30324697205270823,1,64,,False,False,Request timeout: 300.0s exceeded,178,21.16838264042747
163,2026-09-14T02:14:47.767+00:00,2026-09-14T02:19:41.506+00:00,2026-09-14T02:19:47.796+00:00,False,98,97.0,,97.0,293738.975555,300029.578051,300029.578248,3061.5263086530613,0.02249,293738.975555,29665.573131533773,87.5782107,64.85157212371134,20.146912941555854,0.3233014579099652,1,64,,False,False,Request timeout: 300.0s exceeded,330,21.16838264042747
164,2026-09-14T02:14:50.675+00:00,2026-09-14T02:19:44.369+00:00,2026-09-14T02:19:50.743+00:00,False,100,99.0,,99.0,293694.367587,300068.628579,300068.628744,3000.6862874400003,0.02206,293694.367587,29363.00486165354,87.3172055,64.38647466666666,20.011999525190152,0.32992452582871706,1,64,,False,False,Request timeout: 300.0s exceeded,474,21.16838264042747
165,2026-09-14T02:14:53.579+00:00,2026-09-14T02:19:47.125+00:00,2026-09-14T02:19:53.658+00:00,False,99,98.0,,98.0,293545.707898,300078.328442,300078.328432,3031.094226585859,0.024550000000000002,293545.707898,29495.761477491887,89.13599099999999,66.65939330612245,20.864413551792353,0.3265813979597054,1,64,,False,False,Request timeout: 300.0s exceeded,324,21.16838264042747
166,2026-09-14T02:14:57.769+00:00,2026-09-14T02:19:51.172+00:00,2026-09-14T02:19:57.778+00:00,False,98,97.0,,97.0,293402.205536,300008.654944,300008.654836,3061.31280444898,0.02555,293402.205536,29631.225126517864,88.91946250000001,68.10772585567011,19.87335729002581,0.3233240054961286,1,64,,False,False,Request timeout: 300.0s exceeded,383,21.16838264042747
167,2026-09-14T02:15:01.552+00:00,2026-09-14T02:19:55.283+00:00,2026-09-14T02:20:01.586+00:00,False,98,97.0,,97.0,293731.119251,300034.559891,300034.559988,3061.577142734694,0.0221,293731.119251,29664.766099644643,88.51752504999999,64.98392412371135,20.063312351972364,0.32329608974125945,1,64,,False,False,Request timeout: 300.0s exceeded,392,21.16838264042747
168,2026-09-14T02:15:04.913+00:00,2026-09-14T02:19:58.617+00:00,2026-09-14T02:20:04.957+00:00,False,97,96.0,,96.0,293703.909822,300043.90009400004,300043.89997900004,3093.236082257732,0.02451,293703.909822,29814.415187365543,89.8512528,66.04156533333334,20.30158921145894,0.3199531800843956,1,64,,False,False,Request timeout: 300.0s exceeded,408,21.16838264042747
169,2026-09-14T02:15:07.658+00:00,2026-09-14T02:20:01.542+00:00,2026-09-14T02:20:07.689+00:00,False,91,90.0,,90.0,293884.111097,300031.671289,300031.671251,3297.0513324285716,0.039310000000000005,293884.111097,30800.271691147413,88.85375749999999,68.30622435555554,19.947104002303043,0.2999683320542155,1,64,,False,False,Request timeout: 300.0s exceeded,206,21.16838264042747
170,2026-09-14T02:15:11.952+00:00,2026-09-14T02:20:05.507+00:00,2026-09-14T02:20:11.970+00:00,False,100,99.0,,99.0,293555.641715,300018.35505899996,300018.35497299995,3000.18354973,0.02454,293555.641715,29349.04324903688,89.19789595,65.27993276767677,20.47615937675124,0.3299798106703545,1,64,,False,False,Request timeout: 300.0s exceeded,385,21.16838264042747
171,2026-09-14T02:15:16.002+00:00,2026-09-14T02:20:09.506+00:00,2026-09-14T02:20:16.094+00:00,False,98,97.0,,97.0,293504.420895,300092.030239,300092.030119,3062.163572642857,0.0228,293504.420895,29641.570586366146,90.35676085000001,67.91349839175257,20.659127354964703,0.3232341756052203,1,64,,False,False,Request timeout: 300.0s exceeded,422,21.16838264042747
172,2026-09-14T02:15:20.948+00:00,2026-09-14T02:20:14.512+00:00,2026-09-14T02:20:20.977+00:00,False,94,93.0,,93.0,293564.501988,300029.56259600003,300029.562761,3191.8038591595746,0.045869999999999994,293564.501988,30271.703178086547,89.97508795,69.5167807311828,20.4556036552239,0.3099694549940989,1,64,,False,False,Request timeout: 300.0s exceeded,482,21.16838264042747
173,2026-09-14T02:15:24.716+00:00,2026-09-14T02:20:18.086+00:00,2026-09-14T02:20:24.777+00:00,False,102,101.0,,101.0,293370.176645,300061.550725,300061.55083,2941.779910098039,0.0,293370.176645,29041.490110407885,89.65972955,66.25122851485149,65.8875488322118,0.33659760724413623,1,64,,False,False,Request timeout: 300.0s exceeded,504,21.16838264042747
174,2026-09-14T02:15:28.543+00:00,2026-09-14T02:20:22.741+00:00,2026-09-14T02:20:28.585+00:00,False,89,88.0,,88.0,294198.055072,300041.371808,300041.371838,3371.2513689662924,0.02364,294198.055072,31177.89896418419,88.13474000000001,66.40132654545455,19.490540532730538,0.2932928864767097,1,64,,False,False,Request timeout: 300.0s exceeded,346,21.16838264042747
175,2026-09-14T02:15:33.128+00:00,2026-09-14T02:20:26.903+00:00,2026-09-14T02:20:33.206+00:00,False,95,94.0,,94.0,293775.142685,300078.733085,300078.732939,3158.723504621053,0.02123,293775.142685,30133.82012630761,88.96742900000001,67.05947234042553,20.05905359644753,0.3132511225757996,1,64,,False,False,Request timeout: 300.0s exceeded,398,21.16838264042747
176,2026-09-14T02:15:37.948+00:00,2026-09-14T02:20:31.292+00:00,2026-09-14T02:20:37.980+00:00,False,93,92.0,,92.0,293343.486179,300031.992035,300031.99203,3226.150451935484,0.02648,293343.486179,30410.769439195443,89.401107,72.70115060869566,18.69542399240038,0.3066339671846321,1,64,,False,False,Request timeout: 300.0s exceeded,440,21.16838264042747
177,2026-09-14T02:15:42.464+00:00,2026-09-14T02:20:36.070+00:00,2026-09-14T02:20:42.490+00:00,False,89,88.0,,88.0,293605.95207400003,300025.768266,300025.76816200005,3371.0760467640453,0.033659999999999995,293605.95207400003,31114.441406579022,89.68847840000001,72.95245672727273,18.901314996280394,0.29330813985944043,1,64,,False,False,Request timeout: 300.0s exceeded,397,21.16838264042747
178,2026-09-14T02:15:46.619+00:00,2026-09-14T02:20:40.574+00:00,2026-09-14T02:20:46.650+00:00,False,91,90.0,,90.0,293954.835324,300030.999932,300031.000099,3297.043957131868,0.0208,293954.835324,30807.769055098837,87.74093450000001,67.51294008888888,20.400330994861896,0.2999690032709883,1,64,,False,False,Request timeout: 300.0s exceeded,481,21.16838264042747
179,2026-09-14T02:15:50.587+00:00,2026-09-14T02:20:44.339+00:00,2026-09-14T02:20:50.617+00:00,False,94,93.0,,93.0,293751.97386,300029.82346000004,300029.823379,3191.8066316914897,0.03451,293751.97386,30291.248408743428,90.67958114999999,67.50375913978495,22.399490708874467,0.3099691854879845,1,64,,False,False,Request timeout: 300.0s exceeded,413,21.16838264042747
180,2026-09-14T02:15:55.109+00:00,2026-09-14T02:20:49.030+00:00,2026-09-14T02:20:55.170+00:00,False,93,92.0,,92.0,293920.82602100004,300060.68214900006,300060.68231000006,3226.458949569893,0.023420000000000003,293920.82602100004,30471.256932227323,90.441273,66.73756660869564,21.395437168538923,0.30660464857010455,1,64,,False,False,Request timeout: 300.0s exceeded,348,21.16838264042747
181,2026-09-14T02:15:59.012+00:00,2026-09-14T02:20:53.119+00:00,2026-09-14T02:20:59.066+00:00,False,87,86.0,,86.0,294106.99785399996,300053.142366,300053.14226199995,3448.886692666666,0.033600000000000005,294106.99785399996,31524.173442646697,89.032231,69.14121525581396,19.984089266256113,0.2866158951773236,1,64,,False,False,Request timeout: 300.0s exceeded,375,21.16838264042747
182,2026-09-14T02:16:02.164+00:00,2026-09-14T02:20:56.094+00:00,2026-09-14T02:21:02.228+00:00,False,90,89.0,,89.0,293929.852221,300063.705917,300063.70610300003,3334.041178922222,0.0354,293929.852221,30975.668539417966,89.00852450000001,68.9197044494382,20.133834725065,0.29660368196818215,1,64,,False,False,Request timeout: 300.0s exceeded,258,21.16838264042747
183,2026-09-14T02:16:06.171+00:00,2026-09-14T02:20:59.823+00:00,2026-09-14T02:21:06.213+00:00,False,96,95.0,,95.0,293652.005955,300041.842499,300041.842286,3125.4358571458333,0.01923,293652.005955,29963.874548589978,89.24782925000001,67.26143730526316,20.640829262672806,0.3166225057437334,1,64,,False,False,Request timeout: 300.0s exceeded,427,21.16838264042747
184,2026-09-14T02:16:09.502+00:00,2026-09-14T02:21:03.329+00:00,2026-09-14T02:21:09.540+00:00,False,93,92.0,,92.0,293826.804049,300037.79924900003,300037.79941800004,3226.2128969677424,0.03606,293826.804049,30461.426155294568,89.32217100000001,67.51081739130434,19.946394365811212,0.3066280323021887,1,64,,False,False,Request timeout: 300.0s exceeded,383,21.16838264042747
185,2026-09-14T02:16:13.552+00:00,2026-09-14T02:21:07.407+00:00,2026-09-14T02:21:13.624+00:00,False,90,89.0,,89.0,293855.098476,300071.56004400004,300071.559923,3334.1284435888892,0.03853,293855.098476,30967.69099824292,90.10196844999999,69.84788278651686,20.183505252262318,0.2965959186100468,1,64,,False,False,Request timeout: 300.0s exceeded,371,21.16838264042747
186,2026-09-14T02:16:17.407+00:00,2026-09-14T02:21:11.316+00:00,2026-09-14T02:21:17.479+00:00,False,92,91.0,,91.0,293909.398427,300071.98453899997,300071.98453899997,3261.6520058586952,0.0,293909.398427,30635.19203324784,91.65008555,67.72072650549451,70.13833819043482,0.30326056642642973,1,64,,False,False,Request timeout: 300.0s exceeded,230,21.16838264042747
187,2026-09-14T02:16:22.157+00:00,2026-09-14T02:21:16.447+00:00,2026-09-14T02:21:22.231+00:00,False,92,91.0,,91.0,294289.551093,300073.716981,300073.71699399996,3261.670836891304,0.0,294289.551093,30675.258719309524,89.37775975000001,63.5622625054945,69.95449360627417,0.3032588155855114,1,64,,False,False,Request timeout: 300.0s exceeded,438,21.16838264042747
188,2026-09-14T02:16:26.235+00:00,2026-09-14T02:21:20.221+00:00,2026-09-14T02:21:26.309+00:00,False,91,90.0,,90.0,293985.388903,300073.752935,300073.75302999996,3297.5137695604394,0.02157,293985.388903,30810.95723456688,88.0447185,67.64848924444445,19.62837429686504,0.29992626519219495,1,64,,False,False,Request timeout: 300.0s exceeded,472,21.16838264042747
189,2026-09-14T02:16:32.792+00:00,2026-09-14T02:21:26.386+00:00,2026-09-14T02:21:32.902+00:00,False,99,98.0,,98.0,293593.488626,300109.160946,300109.16077200003,3031.4056643636363,0.03995,293593.488626,29500.580747260236,88.9283439,66.48645224489796,20.497957077303894,0.32654784576080825,1,64,,False,False,Request timeout: 300.0s exceeded,398,21.16838264042747
190,2026-09-14T02:16:35.141+00:00,2026-09-14T02:21:28.896+00:00,2026-09-14T02:21:35.228+00:00,False,98,97.0,,97.0,293755.269504,300087.46124800004,300087.46125700005,3062.116951602041,0.03587,293755.269504,29667.17674549657,90.94257250000001,65.28032725773195,21.566248525481107,0.3232390970172416,1,64,,False,False,Request timeout: 300.0s exceeded,437,21.16838264042747
191,2026-09-14T02:16:38.145+00:00,2026-09-14T02:21:33.463+00:00,2026-09-14T02:21:38.214+00:00,False,70,69.0,,69.0,295317.705795,300069.20275500003,300069.20261800004,4286.702894542857,0.04389,295317.705795,35288.992486546216,88.85854850000001,68.86227478260871,20.766173080425503,0.22994695679028745,1,64,,False,False,Request timeout: 300.0s exceeded,194,21.16838264042747
192,2026-09-14T02:16:42.052+00:00,2026-09-14T02:21:35.988+00:00,2026-09-14T02:21:42.076+00:00,False,91,90.0,,90.0,293935.65029,300023.209714,300023.20987,3296.9583502197806,0.033460000000000004,293935.65029,30805.74427092558,87.9748285,67.63954915555556,19.820437483268314,0.29997679208149713,1,64,,False,False,Request timeout: 300.0s exceeded,380,21.16838264042747
193,2026-09-14T02:16:44.840+00:00,2026-09-14T02:21:38.811+00:00,2026-09-14T02:21:46.400+00:00,False,86,85.0,,85.0,293971.199036,301560.153404,301560.153555,3506.5134134302325,0.02643,293971.199036,31690.890861244592,89.62997025,89.28181609411764,224.91293349737632,0.2818674783141045,1,64,,False,False,Request timeout: 300.0s exceeded,385,21.16838264042747
194,2026-09-14T02:16:49.628+00:00,2026-09-14T02:21:43.161+00:00,2026-09-14T02:21:49.721+00:00,False,109,108.0,,108.0,293532.348792,300092.88229599997,300092.882193,2753.1457081926605,0.015300000000000001,293532.348792,28110.19161801002,88.96686979999998,60.74568059259259,200.73187342554357,0.3598885757426029,1,64,,False,False,Request timeout: 300.0s exceeded,497,21.16838264042747
195,2026-09-14T02:16:53.055+00:00,2026-09-14T02:21:47.621+00:00,2026-09-14T02:21:53.105+00:00,False,84,83.0,,83.0,294565.806124,300049.960236,300049.960277,3572.023336630952,0.04466,294565.806124,32132.56058922673,85.08321049999999,66.07414592771084,18.907210800112896,0.2766205998984887,1,64,,False,False,Request timeout: 300.0s exceeded,403,21.16838264042747
196,2026-09-14T02:16:57.070+00:00,2026-09-14T02:21:50.752+00:00,2026-09-14T02:21:57.094+00:00,False,95,94.0,,94.0,293681.672326,300024.287366,300024.287177,3158.150391336842,0.02357,293681.672326,30124.18753713893,88.09060799999999,67.47462808510639,19.844245322026737,0.3133079685823211,1,64,,False,False,Request timeout: 300.0s exceeded,483,21.16838264042747
197,2026-09-14T02:17:00.839+00:00,2026-09-14T02:21:54.623+00:00,2026-09-14T02:22:00.901+00:00,False,93,92.0,,92.0,293783.62252499996,300062.335101,300062.33504199993,3226.4767208817198,0.019940000000000003,293783.62252499996,30456.87205150233,87.25844420000001,68.24687582608695,19.847568725017346,0.3066029595784926,1,64,,False,False,Request timeout: 300.0s exceeded,465,21.16838264042747
198,2026-09-14T02:17:04.229+00:00,2026-09-14T02:21:58.355+00:00,2026-09-14T02:22:04.257+00:00,False,89,88.0,,88.0,294125.266537,300027.981929,300027.98207800003,3371.1009222247194,0.03547,294125.266537,31170.11266711578,88.0037084,67.07631127272727,20.77329018622933,0.29330597577670176,1,64,,False,False,Request timeout: 300.0s exceeded,131,21.16838264042747
199,2026-09-14T02:17:08.287+00:00,2026-09-14T02:22:02.362+00:00,2026-09-14T02:22:08.313+00:00,False,90,89.0,,89.0,294075.88241799996,300026.43038599996,300026.430548,3333.6270060888887,0.02428,294075.88241799996,30991.278925004626,90.38627749999999,66.86008952808989,20.674594490700315,0.29664053225409764,1,64,,False,False,Request timeout: 300.0s exceeded,382,21.16838264042747
200,2026-09-14T02:17:12.954+00:00,2026-09-14T02:22:06.592+00:00,2026-09-14T02:22:13.008+00:00,False,102,101.0,,101.0,293638.336482,300054.232802,300054.232829,2941.708164990196,0.0,293638.336482,29068.3129410084,89.25125405,63.52372594059406,66.35616455629294,0.33660581641135506,1,64,,False,False,Request timeout: 300.0s exceeded,395,21.16838264042747
201,2026-09-14T02:17:17.878+00:00,2026-09-14T02:22:11.545+00:00,2026-09-14T02:22:17.955+00:00,False,101,100.0,,100.0,293667.778851,300077.523491,300077.52354200004,2971.0645895247526,0.0,293667.778851,29214.734234610853,87.141606,64.0974464,66.98111854973575,0.3332472183742186,1,64,,False,False,Request timeout: 300.0s exceeded,257,21.16838264042747
202,2026-09-14T02:17:22.779+00:00,2026-09-14T02:22:16.360+00:00,2026-09-14T02:22:22.784+00:00,False,94,93.0,,93.0,293580.66317400004,300004.88051800005,300004.88073200005,3191.541284382979,0.018949999999999998,293580.66317400004,30273.414820333404,91.35378415,69.07760584946236,19.60959851654038,0.3099949568801101,1,64,,False,False,Request timeout: 300.0s exceeded,392,21.16838264042747
203,2026-09-14T02:17:26.980+00:00,2026-09-14T02:22:20.577+00:00,2026-09-14T02:22:27.042+00:00,False,98,97.0,,97.0,293597.53953500005,300062.42657500005,300062.42632800003,3061.8614931428574,0.0366,293597.53953500005,29651.104401334902,89.04380834999998,66.64832,20.088110827202044,0.32326606535575364,1,64,,False,False,Request timeout: 300.0s exceeded,492,21.16838264042747
204,2026-09-14T02:17:30.426+00:00,2026-09-14T02:22:23.857+00:00,2026-09-14T02:22:30.470+00:00,False,99,98.0,,98.0,293431.21002600004,300043.87537,300043.87539800006,3030.7462161414146,0.04718,293431.21002600004,29484.171667417362,88.4243359,67.47617697959183,20.498642470059483,0.3266188982499676,1,64,,False,False,Request timeout: 300.0s exceeded,498,21.16838264042747
205,2026-09-14T02:17:34.104+00:00,2026-09-14T02:22:27.556+00:00,2026-09-14T02:22:34.147+00:00,False,97,96.0,,96.0,293452.396879,300043.099215,300043.099246,3093.2278272783506,0.03865,293452.396879,29788.613144234158,90.291449,68.65314933333333,20.868250024624526,0.3199540341076463,1,64,,False,False,Request timeout: 300.0s exceeded,511,21.16838264042747
206,2026-09-14T02:17:37.842+00:00,2026-09-14T02:22:31.502+00:00,2026-09-14T02:22:37.853+00:00,False,93,92.0,,92.0,293660.267796,300011.64418,300011.644369,3225.9316598817204,0.02264,293660.267796,30443.999815037623,91.8812444,69.03669982608696,21.272098667062256,0.30665476418909304,1,64,,False,False,Request timeout: 300.0s exceeded,511,21.16838264042747
207,2026-09-14T02:17:42.603+00:00,2026-09-14T02:22:36.017+00:00,2026-09-14T02:22:42.672+00:00,False,96,95.0,,95.0,293413.98222500004,300068.53556900006,300068.53573800006,3125.7139139375004,0.02506,293413.98222500004,29939.297548299703,93.25328875,70.0479299368421,21.480993586563375,0.3165943400891993,1,64,,False,False,Request timeout: 300.0s exceeded,330,21.16838264042747
208,2026-09-14T02:17:45.451+00:00,2026-09-14T02:22:39.386+00:00,2026-09-14T02:22:45.524+00:00,False,88,87.0,,87.0,293934.93831,300073.343942,300073.343873,3409.924362193182,0.03821,293934.93831,31326.055103848754,92.06033654999999,70.55638657471265,20.660857087525564,0.28992911818523903,1,64,,False,False,Request timeout: 300.0s exceeded,461,21.16838264042747
209,2026-09-14T02:17:49.712+00:00,2026-09-14T02:22:43.873+00:00,2026-09-14T02:22:49.787+00:00,False,88,87.0,,87.0,294161.007188,300075.26690000005,300075.26697500004,3409.946215625,0.0325,294161.007188,31350.428122098656,87.29565350000001,67.97999668965517,19.647771899948307,0.2899272602463192,1,64,,False,False,Request timeout: 300.0s exceeded,255,21.16838264042747
210,2026-09-14T02:17:53.635+00:00,2026-09-14T02:22:47.520+00:00,2026-09-14T02:22:53.642+00:00,False,91,90.0,,90.0,293885.0983,300007.010876,300007.01108900004,3296.7803416373627,0.01982,293885.0983,30800.40464203857,88.62235249999998,68.02125084444444,19.29769091437117,0.29999298928783746,1,64,,False,False,Request timeout: 300.0s exceeded,229,21.16838264042747
211,2026-09-14T02:17:58.509+00:00,2026-09-14T02:22:52.426+00:00,2026-09-14T02:22:58.528+00:00,False,92,91.0,,91.0,293916.524543,300018.72204699996,300018.72205399995,3261.0730658043476,0.044270000000000004,293916.524543,30635.931744421778,89.51510699999999,67.05711542857142,20.800317608926946,0.3033144044448807,1,64,,False,False,Request timeout: 300.0s exceeded,418,21.16838264042747
212,2026-09-14T02:18:02.278+00:00,2026-09-14T02:22:55.971+00:00,2026-09-14T02:23:02.317+00:00,False,94,93.0,,93.0,293692.634723,300038.819683,300038.819718,3191.9023374255316,0.036469999999999995,293692.634723,30285.051548697815,90.318643,68.23854795698924,21.40817975172832,0.3099598915175619,1,64,,False,False,Request timeout: 300.0s exceeded,466,21.16838264042747
213,2026-09-14T02:18:07.091+00:00,2026-09-14T02:23:00.395+00:00,2026-09-14T02:23:07.105+00:00,False,104,103.0,,103.0,293303.47229400004,300013.60733400006,300013.60750000004,2884.7462259615386,0.0,293303.47229400004,28754.457178394172,90.85412765,65.14694213592233,65.4024579287544,0.34331776120185054,1,64,,False,False,Request timeout: 300.0s exceeded,495,21.16838264042747
214,2026-09-14T02:18:10.024+00:00,2026-09-14T02:23:03.977+00:00,2026-09-14T02:23:10.056+00:00,False,96,95.0,,95.0,293952.569708,300032.08126,300032.08131599997,3125.334180375,0.0,293952.569708,29994.952622255787,88.97737024999998,63.99485844210526,67.68123733063126,0.316632806735342,1,64,,False,False,Request timeout: 300.0s exceeded,484,21.16838264042747
215,2026-09-14T02:18:13.791+00:00,2026-09-14T02:23:07.623+00:00,2026-09-14T02:23:13.877+00:00,False,92,91.0,,91.0,293832.024838,300086.15936600004,300086.159367,3261.8060800760873,0.02432,293832.024838,30626.94733426974,88.62855705,68.72675305494505,19.828961078346513,0.30324624165359076,1,64,,False,False,Request timeout: 300.0s exceeded,476,21.16838264042747
216,2026-09-14T02:18:18.776+00:00,2026-09-14T02:23:12.822+00:00,2026-09-14T02:23:18.859+00:00,False,85,84.0,,84.0,294046.454995,300083.39272299997,300083.392693,3530.3928552117645,0.03939,294046.454995,31886.02706647308,90.5935724,71.86830628571428,20.048434136006957,0.27992218842159805,1,64,,False,False,Request timeout: 300.0s exceeded,365,21.16838264042747
217,2026-09-14T02:18:22.458+00:00,2026-09-14T02:23:15.900+00:00,2026-09-14T02:23:22.480+00:00,False,98,97.0,,97.0,293441.33174,300021.16662,300021.166601,3061.440475520408,0.038329999999999996,293441.33174,29635.20567328924,89.6629892,67.83334927835051,20.595628759041563,0.32331052203012733,1,64,,False,False,Request timeout: 300.0s exceeded,231,21.16838264042747
218,2026-09-14T02:18:25.560+00:00,2026-09-14T02:23:19.115+00:00,2026-09-14T02:23:25.592+00:00,False,97,96.0,,96.0,293554.900665,300032.000697,300032.000773,3093.113410030928,0.04714,293554.900665,29799.140329958165,87.8286966,67.469792,19.914232582985743,0.31996586956385914,1,64,,False,False,Request timeout: 300.0s exceeded,430,21.16838264042747
219,2026-09-14T02:18:28.406+00:00,2026-09-14T02:23:21.960+00:00,2026-09-14T02:23:28.465+00:00,False,97,96.0,,96.0,293554.27414,300059.1407,300059.140709,3093.393203185567,0.04789,293554.27414,29799.047723110696,90.76985,67.75902666666667,20.472516777119584,0.3199369290202063,1,64,,False,False,Request timeout: 300.0s exceeded,511,21.16838264042747
220,2026-09-14T02:18:31.943+00:00,2026-09-14T02:23:25.512+00:00,2026-09-14T02:23:32.024+00:00,False,100,99.0,,99.0,293569.30692500004,300081.16100500006,300081.16102900007,3000.8116102900003,0.04185,293569.30692500004,29350.360510916707,91.12804899999999,65.77630383838384,21.01697793451911,0.3299107470406995,1,64,,False,False,Request timeout: 300.0s exceeded,507,21.16838264042747
221,2026-09-14T02:18:35.749+00:00,2026-09-14T02:23:29.425+00:00,2026-09-14T02:23:35.800+00:00,False,97,96.0,,96.0,293676.882541,300051.106669,300051.106616,3093.3103774845363,0.022920000000000003,293676.882541,29811.63521632768,90.47773060000002,66.398168,20.945091734957426,0.31994549550487733,1,64,,False,False,Request timeout: 300.0s exceeded,214,21.16838264042747
222,2026-09-14T02:18:39.208+00:00,2026-09-14T02:23:32.414+00:00,2026-09-14T02:23:39.255+00:00,False,101,100.0,,100.0,293206.021374,300046.729982,300046.730064,2970.7597036039606,0.02494,293206.021374,29168.290217514794,90.535139,68.40708608,20.897359381886837,0.3332814192175967,1,64,,False,False,Request timeout: 300.0s exceeded,509,21.16838264042747
223,2026-09-14T02:18:42.657+00:00,2026-09-14T02:23:36.053+00:00,2026-09-14T02:23:42.669+00:00,False,97,96.0,,96.0,293395.929848,300011.509496,300011.509574,3092.902160556701,0.04,293395.929848,29782.852389474632,87.520347,68.912288,19.23799507526659,0.3199877236752477,1,64,,False,False,Request timeout: 300.0s exceeded,413,21.16838264042747
224,2026-09-14T02:18:45.879+00:00,2026-09-14T02:23:39.724+00:00,2026-09-14T02:23:45.913+00:00,False,92,91.0,,91.0,293844.718537,300033.160137,300033.159965,3261.229999619565,0.019780000000000002,293844.718537,30628.34534283319,86.69816215,68.00485274725274,18.7628566151209,0.30329980845599835,1,64,,False,False,Request timeout: 300.0s exceeded,317,21.16838264042747
225,2026-09-14T02:18:49.674+00:00,2026-09-14T02:23:43.466+00:00,2026-09-14T02:23:49.712+00:00,False,94,93.0,,93.0,293791.456746,300037.64401,300037.643972,3191.8898294893615,0.078679,293791.456746,30295.353741026574,86.56852665000001,67.16330391397848,19.26758904989192,0.30996110607007826,1,64,,False,False,Request timeout: 300.0s exceeded,448,21.16838264042747
226,2026-09-14T02:18:53.563+00:00,2026-09-14T02:23:47.278+00:00,2026-09-14T02:23:53.595+00:00,False,92,91.0,,91.0,293714.473696,300031.653088,300031.653112,3261.213620782609,0.02252,293714.473696,30614.619584101874,89.59752355,69.41955375824176,19.87654307188434,0.3033013319208339,1,64,,False,False,Request timeout: 300.0s exceeded,438,21.16838264042747
227,2026-09-14T02:18:57.106+00:00,2026-09-14T02:23:51.109+00:00,2026-09-14T02:23:57.147+00:00,False,88,87.0,,87.0,294003.023084,300041.260268,300041.260149,3409.5597744204542,0.04082,294003.023084,31333.43601207549,89.671251,69.40502510344827,21.13542738306336,0.28996012055905473,1,64,,False,False,Request timeout: 300.0s exceeded,381,21.16838264042747
228,2026-09-14T02:19:01.829+00:00,2026-09-14T02:23:55.624+00:00,2026-09-14T02:24:01.884+00:00,False,104,103.0,,103.0,293794.619302,300054.477478,300054.477462,2885.1392063653843,0.0,293794.619302,28803.04707392162,91.40354525000001,60.775322097087376,65.58917950095635,0.3432709982058241,1,64,,False,False,Request timeout: 300.0s exceeded,397,21.16838264042747
229,2026-09-14T02:19:04.574+00:00,2026-09-14T02:23:58.409+00:00,2026-09-14T02:24:04.615+00:00,False,104,103.0,,103.0,293835.176704,300041.366528,300041.366406,2885.013138519231,0.0,293835.176704,28807.076233627027,95.20367424999999,60.254270135922326,66.07353085984909,0.3432859981671494,1,64,,False,False,Request timeout: 300.0s exceeded,485,21.16838264042747
230,2026-09-14T02:19:07.602+00:00,2026-09-14T02:24:01.550+00:00,2026-09-14T02:24:07.681+00:00,False,93,92.0,,92.0,293947.835992,300079.214424,300079.214284,3226.658218107527,0.02562,293947.835992,30474.066464403193,88.52733520000001,66.64541773913044,20.1703951264036,0.306585713297715,1,64,,False,False,Request timeout: 300.0s exceeded,356,21.16838264042747
231,2026-09-14T02:19:11.098+00:00,2026-09-14T02:24:04.694+00:00,2026-09-14T02:24:11.129+00:00,False,99,98.0,,98.0,293595.77534399997,300031.411056,300031.411003,3030.6203131616157,0.04202,293595.77534399997,29500.892104847848,86.48229660000001,65.6697521632653,19.685808758351286,0.3266324670976153,1,64,,False,False,Request timeout: 300.0s exceeded,450,21.16838264042747
232,2026-09-14T02:19:14.879+00:00,2026-09-14T02:24:08.840+00:00,2026-09-14T02:24:14.903+00:00,False,89,88.0,,88.0,293960.53768400004,300024.41506,300024.415098,3371.060843797753,0.02587,293960.53768400004,31152.45633443131,86.8583304,68.90769745454546,19.218473913834924,0.29330946277289277,1,64,,False,False,Request timeout: 300.0s exceeded,394,21.16838264042747
233,2026-09-14T02:19:18.172+00:00,2026-09-14T02:24:12.029+00:00,2026-09-14T02:24:18.233+00:00,False,92,91.0,,91.0,293856.538871,300061.409783,300061.409788,3261.5370629130434,0.03296,293856.538871,30629.559799106904,88.35598005,68.18539463736265,20.231369412076365,0.3032712539270207,1,64,,False,False,Request timeout: 300.0s exceeded,309,21.16838264042747
234,2026-09-14T02:19:22.164+00:00,2026-09-14T02:24:15.798+00:00,2026-09-14T02:24:22.204+00:00,False,93,92.0,,92.0,293633.477411,300039.776035,300039.775894,3226.2341493978493,0.02234,293633.477411,30441.158854392357,88.8263106,69.63368069565217,19.734831392950362,0.3066260121100347,1,64,,False,False,Request timeout: 300.0s exceeded,405,21.16838264042747
235,2026-09-14T02:19:24.903+00:00,2026-09-14T02:24:18.643+00:00,2026-09-14T02:24:24.977+00:00,False,94,93.0,,93.0,293740.52307999996,300073.92493599997,300073.92485599994,3192.275796340425,0.04117,293740.52307999996,30290.00382025919,88.45556199999999,68.10109522580645,19.599156135128535,0.3099236297183606,1,64,,False,False,Request timeout: 300.0s exceeded,453,21.16838264042747
236,2026-09-14T02:19:28.200+00:00,2026-09-14T02:24:21.739+00:00,2026-09-14T02:24:28.255+00:00,False,98,97.0,,97.0,293539.20910399995,300055.2664479999,300055.26644399995,3061.7884331020405,0.0352,293539.20910399995,29645.158706864175,89.65093800000001,67.17584890721649,19.872572556703233,0.3232737793549451,1,64,,False,False,Request timeout: 300.0s exceeded,491,21.16838264042747
237,2026-09-14T02:19:32.799+00:00,2026-09-14T02:24:26.517+00:00,2026-09-14T02:24:32.822+00:00,False,97,96.0,,96.0,293718.504887,300023.092663,300023.092564,3093.0215728247426,0.03386,293718.504887,29815.93440009229,90.0349018,65.67278933333334,20.100601319773325,0.31997536972206236,1,64,,False,False,Request timeout: 300.0s exceeded,128,21.16838264042747
238,2026-09-14T02:19:37.473+00:00,2026-09-14T02:24:31.079+00:00,2026-09-14T02:24:37.494+00:00,False,96,95.0,,95.0,293605.890086,300021.28848600003,300021.288668,3125.2217569583336,0.04833,293605.890086,29959.1400815872,88.63090525,67.5305094736842,20.159263545196808,0.3166441970814781,1,64,,False,False,Request timeout: 300.0s exceeded,431,21.16838264042747
239,2026-09-14T02:19:42.461+00:00,2026-09-14T02:24:36.215+00:00,2026-09-14T02:24:42.476+00:00,False,90,89.0,,89.0,293754.775775,300015.243999,300015.243844,3333.5027093777776,0.02336,293754.775775,30957.06417807842,90.4029155,70.34233959550562,20.551041865384725,0.2966515928113861,1,64,,False,False,Request timeout: 300.0s exceeded,219,21.16838264042747
240,2026-09-14T02:19:45.600+00:00,2026-09-14T02:24:39.223+00:00,2026-09-14T02:24:47.616+00:00,False,89,88.0,,88.0,293623.098954,302015.760714,302015.76079,3393.435514494382,0.034390000000000004,293623.098954,31114.749580124655,91.6812104,95.37115636363636,234.36873004469936,0.29137552223088586,1,64,,False,False,Request timeout: 300.0s exceeded,337,21.16838264042747
241,2026-09-14T02:19:48.950+00:00,2026-09-14T02:24:42.566+00:00,2026-09-14T02:24:48.957+00:00,False,107,106.0,,106.0,293616.213529,300007.021081,300007.020903,2803.803933672897,0.015189999999999999,293616.213529,28379.968943801152,91.78428960000001,60.29063728301887,220.26521994685467,0.3533250642536818,1,64,,False,False,Request timeout: 300.0s exceeded,398,21.16838264042747
242,2026-09-14T02:19:53.373+00:00,2026-09-14T02:24:47.999+00:00,2026-09-14T02:24:53.424+00:00,False,80,79.0,,79.0,294625.873558,300050.379926,300050.37988200004,3750.629748525,0.02047,294625.873558,32932.50418611515,92.4825828,68.66463756962025,21.71044300670651,0.2632891183789982,1,64,,False,False,Request timeout: 300.0s exceeded,253,21.16838264042747
243,2026-09-14T02:19:57.624+00:00,2026-09-14T02:24:51.443+00:00,2026-09-14T02:24:57.652+00:00,False,93,92.0,,92.0,293818.976,300027.40019200003,300027.40032,3226.1010787096775,0.0,293818.976,30460.689925687708,88.23158,67.48287165217391,69.78214664952235,0.3066386601394585,1,64,,False,False,Request timeout: 300.0s exceeded,448,21.16838264042747
244,2026-09-14T02:20:00.731+00:00,2026-09-14T02:24:54.802+00:00,2026-09-14T02:25:00.800+00:00,False,94,93.0,,93.0,294071.064601,300069.375257,300069.37532399996,3192.22739706383,0.0,294071.064601,30324.539453983773,84.96642165000002,64.49796404301075,68.93794685244056,0.3099283288084578,1,64,,False,False,Request timeout: 300.0s exceeded,450,21.16838264042747
245,2026-09-14T02:20:04.846+00:00,2026-09-14T02:24:58.767+00:00,2026-09-14T02:25:04.916+00:00,False,93,92.0,,92.0,293920.421982,300069.846878,300069.846727,3226.557491688172,0.044520000000000004,293920.421982,30471.20301081914,86.27041000000001,66.84157495652174,19.52903474700905,0.30659528425528415,1,64,,False,False,Request timeout: 300.0s exceeded,487,21.16838264042747
246,2026-09-14T02:20:08.767+00:00,2026-09-14T02:25:02.510+00:00,2026-09-14T02:25:08.844+00:00,False,94,93.0,,93.0,293742.98046,300077.141868,300077.141724,3192.3100183404254,0.03893,293742.98046,30290.256569425314,88.0741648,68.1092624516129,19.804505311687887,0.30992030722856423,1,64,,False,False,Request timeout: 300.0s exceeded,447,21.16838264042747
247,2026-09-14T02:20:13.425+00:00,2026-09-14T02:25:07.277+00:00,2026-09-14T02:25:13.507+00:00,False,88,87.0,,87.0,293852.519961,300082.462233,300082.46206600004,3410.0279780227274,0.02146,293852.519961,31317.156452431096,89.148359,71.60853186206897,19.608409608411538,0.289920308413254,1,64,,False,False,Request timeout: 300.0s exceeded,326,21.16838264042747
248,2026-09-14T02:20:18.289+00:00,2026-09-14T02:25:12.143+00:00,2026-09-14T02:25:18.335+00:00,False,89,88.0,,88.0,293854.537301,300046.09160499997,300046.091736,3371.30440152809,0.02384,293854.537301,31141.06712634631,89.80507600000001,70.35857163636364,20.17850775379789,0.2932882729092465,1,64,,False,False,Request timeout: 300.0s exceeded,442,21.16838264042747
249,2026-09-14T02:20:21.162+00:00,2026-09-14T02:25:14.822+00:00,2026-09-14T02:25:21.251+00:00,False,91,90.0,,90.0,293660.36768300005,300089.23757100006,300089.23745700007,3297.6839280989016,0.02096,293660.36768300005,30776.489380815663,89.53954600000002,71.43188764444444,19.987638784284133,0.29991078896558665,1,64,,False,False,Request timeout: 300.0s exceeded,222,21.16838264042747
250,2026-09-14T02:20:24.249+00:00,2026-09-14T02:25:17.940+00:00,2026-09-14T02:25:24.300+00:00,False,97,96.0,,96.0,293690.967441,300050.58344099997,300050.58326,3093.3049820618558,0.04054,293690.967441,29813.080735814565,89.7782964,66.246,20.893893581816325,0.3199460534256113,1,64,,False,False,Request timeout: 300.0s exceeded,503,21.16838264042747
251,2026-09-14T02:20:27.968+00:00,2026-09-14T02:25:21.459+00:00,2026-09-14T02:25:28.027+00:00,False,100,99.0,,99.0,293491.718205,300058.96761299996,300058.967687,3000.58967687,0.03593,293491.718205,29342.545568446043,91.207776,66.33585260606061,20.850558305848292,0.32993514837285226,1,64,,False,False,Request timeout: 300.0s exceeded,512,21.16838264042747
252,2026-09-14T02:20:32.380+00:00,2026-09-14T02:25:26.376+00:00,2026-09-14T02:25:32.410+00:00,False,86,85.0,,85.0,293996.419231,300030.250655,300030.250701,3488.723845360465,0.02535,293996.419231,31694.801366206455,91.80559124999999,70.98625204705883,20.905098760213804,0.2833047661508644,1,64,,False,False,Request timeout: 300.0s exceeded,403,21.16838264042747
253,2026-09-14T02:20:36.139+00:00,2026-09-14T02:25:29.930+00:00,2026-09-14T02:25:36.162+00:00,False,89,88.0,,88.0,293791.08643900004,300022.85885500006,300022.85886900005,3371.043358078652,0.0352,293791.08643900004,31134.29281499543,89.65987700000001,70.81559563636364,20.036710824540403,0.29331098415581086,1,64,,False,False,Request timeout: 300.0s exceeded,424,21.16838264042747
254,2026-09-14T02:20:40.253+00:00,2026-09-14T02:25:34.326+00:00,2026-09-14T02:25:40.331+00:00,False,89,88.0,,88.0,294073.468566,300078.177942,300078.177866,3371.6649198426967,0.04003,294073.468566,31164.49879740384,88.068336,68.23533381818181,20.092740196624394,0.2932569125936539,1,64,,False,False,Request timeout: 300.0s exceeded,420,21.16838264042747
255,2026-09-14T02:20:44.453+00:00,2026-09-14T02:25:38.186+00:00,2026-09-14T02:25:44.468+00:00,False,94,93.0,,93.0,293732.826177,300014.852929,300014.852911,3191.647371393617,0.03534,293732.826177,30289.267528882745,88.98045685,67.54867475268817,20.523511397912227,0.30998465273320625,1,64,,False,False,Request timeout: 300.0s exceeded,313,21.16838264042747
256,2026-09-14T02:20:47.273+00:00,2026-09-14T02:25:41.012+00:00,2026-09-14T02:25:47.280+00:00,False,92,91.0,,91.0,293739.128305,300007.290609,300007.290471,3260.9488094673916,0.038509999999999996,293739.128305,30617.246401103057,89.18639200000001,68.88090443956044,20.24477280410342,0.3033259618967075,1,64,,False,False,Request timeout: 300.0s exceeded,407,21.16838264042747
257,2026-09-14T02:20:50.979+00:00,2026-09-14T02:25:44.978+00:00,2026-09-14T02:25:51.613+00:00,False,85,84.0,,84.0,293999.124389,300634.114213,300634.11412,3536.8719308235295,0.0582,293999.124389,31880.18783744088,90.15660920000002,78.98797409523809,68.6148525299042,0.2794094084096052,1,64,,False,False,Request timeout: 300.0s exceeded,209,21.16838264042747
258,2026-09-14T02:20:53.824+00:00,2026-09-14T02:25:47.539+00:00,2026-09-14T02:25:53.858+00:00,False,99,98.0,,98.0,293714.66857499996,300033.46358299995,300033.46364999993,3030.6410469696966,0.0,293714.66857499996,29513.034402656198,89.311268,64.47750008163266,68.96436212036916,0.32663023260700286,1,64,,False,False,Request timeout: 300.0s exceeded,443,21.16838264042747
259,2026-09-14T02:20:56.987+00:00,2026-09-14T02:25:50.680+00:00,2026-09-14T02:25:57.073+00:00,False,102,101.0,,101.0,293692.774985,300086.315849,300086.31576900004,2942.0227036176475,0.0,293692.774985,29073.727846836995,89.94024655,63.30238479207921,67.57895387397623,0.3365698289648837,1,64,,False,False,Request timeout: 300.0s exceeded,513,21.16838264042747
260,2026-09-14T02:21:00.401+00:00,2026-09-14T02:25:54.422+00:00,2026-09-14T02:26:00.461+00:00,False,91,90.0,,90.0,294021.41255,300060.14919,300060.149406,3297.3642791868133,0.023969999999999998,294021.41255,30814.79261725398,91.5922265,67.09707377777778,21.558057826498732,0.2999398628673327,1,64,,False,False,Request timeout: 300.0s exceeded,448,21.16838264042747
261,2026-09-14T02:21:05.221+00:00,2026-09-14T02:25:59.117+00:00,2026-09-14T02:26:05.274+00:00,False,89,88.0,,88.0,293896.125627,300053.826235,300053.826033,3371.391303741573,0.01737,293896.125627,31145.516233045684,88.79529139999998,69.97387054545455,20.139834481183968,0.2932807126781281,1,64,,False,False,Request timeout: 300.0s exceeded,403,21.16838264042747
262,2026-09-14T02:21:09.171+00:00,2026-09-14T02:26:03.235+00:00,2026-09-14T02:26:09.263+00:00,False,93,92.0,,92.0,294064.200195,300092.203523,300092.203734,3226.797889612903,0.02252,294064.200195,30486.24984600504,90.84159800000002,65.52177530434783,20.865286659725726,0.30657244313562726,1,64,,False,False,Request timeout: 300.0s exceeded,346,21.16838264042747
263,2026-09-14T02:21:12.194+00:00,2026-09-14T02:26:06.049+00:00,2026-09-14T02:26:12.228+00:00,False,92,91.0,,91.0,293855.908767,300034.934175,300034.934206,3261.2492848478264,0.07442,293855.908767,30629.5240286561,90.06421415000001,67.9013781098901,20.702975786654903,0.30329801511354293,1,64,,False,False,Request timeout: 300.0s exceeded,415,21.16838264042747
264,2026-09-14T02:21:15.090+00:00,2026-09-14T02:26:08.998+00:00,2026-09-14T02:26:15.127+00:00,False,88,87.0,,87.0,293908.29122799996,300037.767068,300037.766921,3409.5200786477267,0.0246,293908.29122799996,31323.225062580303,90.78991435,70.45374528735631,20.04575700228704,0.2899634964297094,1,64,,False,False,Request timeout: 300.0s exceeded,384,21.16838264042747
265,2026-09-14T02:21:19.213+00:00,2026-09-14T02:26:13.162+00:00,2026-09-14T02:26:19.243+00:00,False,92,91.0,,91.0,293949.84234100004,300030.42090100003,300030.42081700003,3261.2002262717397,0.045459000000000006,293949.84234100004,30639.429627988724,88.73494704999999,66.81954461538461,20.034410160093376,0.30330257754105194,1,64,,False,False,Request timeout: 300.0s exceeded,422,21.16838264042747
266,2026-09-14T02:21:23.760+00:00,2026-09-14T02:26:17.445+00:00,2026-09-14T02:26:23.817+00:00,False,96,95.0,,95.0,293684.62800300005,300056.98665900005,300056.98649400007,3125.5936093125006,0.0216,293684.62800300005,29967.222584012543,88.8036125,67.07745953684211,20.323332838595693,0.31660652550631263,1,64,,False,False,Request timeout: 300.0s exceeded,412,21.16838264042747
267,2026-09-14T02:21:28.758+00:00,2026-09-14T02:26:22.417+00:00,2026-09-14T02:26:28.778+00:00,False,95,94.0,,94.0,293658.65083,300020.10875,300020.108914,3158.1064096210525,0.02526,293658.65083,30121.805391951017,88.387527,67.67508425531915,20.41402236594321,0.31331233226879496,1,64,,False,False,Request timeout: 300.0s exceeded,411,21.16838264042747
268,2026-09-14T02:21:31.635+00:00,2026-09-14T02:26:25.370+00:00,2026-09-14T02:26:31.667+00:00,False,95,94.0,,94.0,293735.04202999995,300031.97182199993,300031.97192,3158.2312833684205,0.05375,293735.04202999995,30129.713262765068,88.8622241,66.98861480851063,20.219940070673243,0.31329994409984885,1,64,,False,False,Request timeout: 300.0s exceeded,465,21.16838264042747
269,2026-09-14T02:21:35.709+00:00,2026-09-14T02:26:28.941+00:00,2026-09-14T02:26:35.782+00:00,False,101,100.0,,100.0,293232.33906300005,300073.2865190001,300073.2863740001,2971.022637366337,0.03433,293232.33906300005,29170.908235346866,88.813643,68.40947456,20.25000195979994,0.333251923755193,1,64,,False,False,Request timeout: 300.0s exceeded,462,21.16838264042747
270,2026-09-14T02:21:39.707+00:00,2026-09-14T02:26:33.191+00:00,2026-09-14T02:26:39.786+00:00,False,100,99.0,,99.0,293484.037273,300079.522201,300079.522163,3000.79522163,0.03566,293484.037273,29341.748966025905,91.05027700000001,66.62105987878788,20.86644532006237,0.32991254875995024,1,64,,False,False,Request timeout: 300.0s exceeded,449,21.16838264042747
271,2026-09-14T02:21:46.361+00:00,2026-09-14T02:26:38.155+00:00,2026-09-14T02:26:46.457+00:00,False,119,118.0,,118.0,291793.789515,300095.97114700003,300095.97097100003,2521.8148821092436,0.023039999999999998,291793.789515,26742.29852356443,88.49800880000001,70.35747145762711,54.64288972011107,0.39320754473640857,1,64,,False,False,Request timeout: 300.0s exceeded,611,21.16838264042747
272,2026-09-14T02:21:47.714+00:00,2026-09-14T02:26:41.126+00:00,2026-09-14T02:26:47.740+00:00,False,106,105.0,,105.0,293411.94849800004,300026.397394,300026.39719900006,2830.4377094245287,0.0,293411.94849800004,28492.636830107043,89.98017675000001,62.99475139047619,62.40010789609827,0.3499692057499598,1,64,,False,False,Request timeout: 300.0s exceeded,553,21.16838264042747
273,2026-09-14T02:21:52.431+00:00,2026-09-14T02:26:47.657+00:00,2026-09-14T02:26:52.453+00:00,False,75,74.0,,74.0,295226.629389,300022.332941,300022.33280000003,4000.2977706666666,0.02879,295226.629389,34082.357209074136,85.513004,64.80680475675676,19.78341003365566,0.24664830539315968,1,64,,False,False,Request timeout: 300.0s exceeded,329,21.16838264042747
274,2026-09-14T02:21:56.912+00:00,2026-09-14T02:26:50.298+00:00,2026-09-14T02:26:56.987+00:00,False,102,101.0,,101.0,293385.801838,300074.89009400003,300074.88999,2941.910686176471,0.05051,293385.801838,29042.97269467321,89.1447545,66.22859659405941,20.580039529347253,0.3365826443137619,1,64,,False,False,Request timeout: 300.0s exceeded,538,21.16838264042747
275,2026-09-14T02:22:00.274+00:00,2026-09-14T02:26:54.035+00:00,2026-09-14T02:27:00.311+00:00,False,92,91.0,,91.0,293761.41623699997,300036.848685,300036.84890299995,3261.2700967717387,0.0365,293761.41623699997,30619.561420313254,87.47425255,68.96079613186814,19.736594862309154,0.3032960797943131,1,64,,False,False,Request timeout: 300.0s exceeded,334,21.16838264042747
276,2026-09-14T02:22:05.162+00:00,2026-09-14T02:26:58.763+00:00,2026-09-14T02:27:05.228+00:00,False,94,93.0,,93.0,293600.36941900005,300065.6719470001,300065.67200400005,3192.1880000425535,0.027219999999999998,293600.36941900005,30275.40160135284,88.29309265,69.51938202150536,19.29971968159061,0.3099321538400647,1,64,,False,False,Request timeout: 300.0s exceeded,201,21.16838264042747
277,2026-09-14T02:22:09.574+00:00,2026-09-14T02:27:03.618+00:00,2026-09-14T02:27:09.601+00:00,False,90,89.0,,89.0,294043.737333,300026.800885,300026.800967,3333.6311218555556,0.01975,294043.737333,30987.851849973995,88.65609189999999,67.22543316853933,20.40633600176457,0.2966401659367545,1,64,,False,False,Request timeout: 300.0s exceeded,339,21.16838264042747
278,2026-09-14T02:22:12.365+00:00,2026-09-14T02:27:06.301+00:00,2026-09-14T02:27:12.375+00:00,False,89,88.0,,88.0,293935.677143,300009.781463,300009.781584,3370.896422292135,0.0365,293935.677143,31149.809281784863,90.0801538,69.02391272727273,19.986527174284117,0.2933237695480039,1,64,,False,False,Request timeout: 300.0s exceeded,462,21.16838264042747
279,2026-09-14T02:22:15.492+00:00,2026-09-14T02:27:09.385+00:00,2026-09-14T02:27:15.510+00:00,False,93,92.0,,92.0,293893.073614,300017.534414,300017.53441799997,3225.9949937419356,0.02932,293893.073614,30468.39610468914,90.509177,66.57022608695652,20.825993749939208,0.30664874364658773,1,64,,False,False,Request timeout: 300.0s exceeded,292,21.16838264042747
280,2026-09-14T02:22:19.143+00:00,2026-09-14T02:27:12.880+00:00,2026-09-14T02:27:19.215+00:00,False,98,97.0,,97.0,293737.436674,300072.452098,300072.452084,3061.96379677551,0.023170000000000003,293737.436674,29665.371415326365,88.26212335,65.30943736082475,20.12512377584445,0.32325526492622186,1,64,,False,False,Request timeout: 300.0s exceeded,435,21.16838264042747
281,2026-09-14T02:22:21.865+00:00,2026-09-14T02:27:15.984+00:00,2026-09-14T02:27:21.890+00:00,False,88,87.0,,87.0,294119.694778,300025.25945,300025.259355,3409.377947215909,0.04803,294119.694778,31346.0352121841,90.856653,67.88005370114942,20.209110000751462,0.28997558458739964,1,64,,False,False,Request timeout: 300.0s exceeded,358,21.16838264042747
282,2026-09-14T02:22:25.137+00:00,2026-09-14T02:27:18.921+00:00,2026-09-14T02:27:25.170+00:00,False,90,89.0,,89.0,293784.064708,300033.594052,300033.59392899997,3333.706599211111,0.05393,293784.064708,30960.16353509657,88.0559915,70.21943083146067,19.093646284965196,0.29663344960156385,1,64,,False,False,Request timeout: 300.0s exceeded,440,21.16838264042747
283,2026-09-14T02:22:28.365+00:00,2026-09-14T02:27:22.139+00:00,2026-09-14T02:27:28.452+00:00,False,90,89.0,,89.0,293774.12234,300087.0017,300087.001837,3334.3000204111113,0.02665,293774.12234,30959.040285643598,87.76078944999999,70.93122876404495,18.760070083099514,0.2965806565956302,1,64,,False,False,Request timeout: 300.0s exceeded,433,21.16838264042747
284,2026-09-14T02:22:31.495+00:00,2026-09-14T02:27:25.508+00:00,2026-09-14T02:27:31.533+00:00,False,91,90.0,,90.0,294012.496699,300037.891387,300037.891273,3297.1196843186813,0.021959,294012.496699,30813.872587180173,87.9574795,66.94882986666667,20.160247848926712,0.29996211339825296,1,64,,False,False,Request timeout: 300.0s exceeded,301,21.16838264042747
285,2026-09-14T02:22:34.533+00:00,2026-09-14T02:27:28.674+00:00,2026-09-14T02:27:34.605+00:00,False,93,92.0,,92.0,294140.715749,300072.195045,300072.195022,3226.5827421720433,0.03703,294140.715749,30494.292154066894,87.18760180000001,64.47260104347826,19.682230628503635,0.30659288504289217,1,64,,False,False,Request timeout: 300.0s exceeded,408,21.16838264042747
286,2026-09-14T02:22:38.676+00:00,2026-09-14T02:27:32.241+00:00,2026-09-14T02:27:38.757+00:00,False,99,98.0,,98.0,293564.43687800004,300080.83854200004,300080.838685,3031.119582676768,0.05199,293564.43687800004,29497.660169720133,89.4508639,66.49389453061225,20.469735229976276,0.32657866618925646,1,64,,False,False,Request timeout: 300.0s exceeded,393,21.16838264042747
287,2026-09-14T02:22:42.456+00:00,2026-09-14T02:27:36.320+00:00,2026-09-14T02:27:42.486+00:00,False,92,91.0,,91.0,293864.29332700005,300029.84468700003,300029.844755,3261.1939647282616,0.0,293864.29332700005,30630.48622624567,89.6412307,67.75331164835166,70.18683333121115,0.30330316004040825,1,64,,False,False,Request timeout: 300.0s exceeded,388,21.16838264042747
288,2026-09-14T02:22:45.976+00:00,2026-09-14T02:27:39.823+00:00,2026-09-14T02:27:46.003+00:00,False,98,97.0,,97.0,293846.993854,300027.57907,300027.57897,3061.505907857143,0.0,293846.993854,29676.66972206324,91.28964535000001,63.717373360824745,68.08388138364298,0.32330361195684865,1,64,,False,False,Request timeout: 300.0s exceeded,515,21.16838264042747
289,2026-09-14T02:22:49.206+00:00,2026-09-14T02:27:42.911+00:00,2026-09-14T02:27:49.253+00:00,False,98,97.0,,97.0,293705.115475,300046.415187,300046.415073,3061.698112989796,0.019309999999999997,293705.115475,29662.100295870852,90.067986,65.37422383505154,20.651756829874273,0.3232833158148083,1,64,,False,False,Request timeout: 300.0s exceeded,240,21.16838264042747
290,2026-09-14T02:22:52.654+00:00,2026-09-14T02:27:46.477+00:00,2026-09-14T02:27:52.743+00:00,False,90,89.0,,89.0,293823.268337,300089.153265,300089.153344,3334.3239260444443,0.03083,293823.268337,30964.277299700523,90.32780905,70.40320143820225,20.226851990468678,0.2965785301856835,1,64,,False,False,Request timeout: 300.0s exceeded,348,21.16838264042747
291,2026-09-14T02:22:56.650+00:00,2026-09-14T02:27:50.221+00:00,2026-09-14T02:27:56.665+00:00,False,95,94.0,,94.0,293571.04494,300014.459468,300014.459372,3158.046940757895,0.02868,293571.04494,30112.72745811261,88.1751753,68.54696306382979,19.94855409351085,0.313318231950171,1,64,,False,False,Request timeout: 300.0s exceeded,476,21.16838264042747
292,2026-09-14T02:23:00.446+00:00,2026-09-14T02:27:54.103+00:00,2026-09-14T02:28:00.504+00:00,False,96,95.0,,95.0,293657.05864,300058.375504,300058.375421,3125.6080773020835,0.029679999999999998,293657.05864,29964.37801728605,90.16328474999999,67.38228277894737,20.809157406752956,0.3166050600668322,1,64,,False,False,Request timeout: 300.0s exceeded,472,21.16838264042747
293,2026-09-14T02:23:05.372+00:00,2026-09-14T02:27:58.730+00:00,2026-09-14T02:28:05.387+00:00,False,101,100.0,,100.0,293358.256053,300015.185589,300015.185614,2970.4473823168314,0.03281,293358.256053,29183.620742655297,88.122534,66.56929536,20.534849907460423,0.33331646131070536,1,64,,False,False,Request timeout: 300.0s exceeded,433,21.16838264042747
294,2026-09-14T02:23:10.200+00:00,2026-09-14T02:28:03.843+00:00,2026-09-14T02:28:10.214+00:00,False,94,93.0,,93.0,293642.560676,300014.19229200005,300014.192409,3191.640344776596,0.02014,293642.560676,30279.858284709215,90.39011929999998,68.51216791397849,20.975088751020817,0.30998533532535105,1,64,,False,False,Request timeout: 300.0s exceeded,416,21.16838264042747
295,2026-09-14T02:23:15.100+00:00,2026-09-14T02:28:09.010+00:00,2026-09-14T02:28:15.135+00:00,False,100,99.0,,99.0,293909.811274,300035.35649,300035.356477,3000.3535647699996,0.015179999999999999,293909.811274,29386.06730022012,89.5142066,61.8741941010101,274.97978456812376,0.32996111244409165,1,64,,False,False,Request timeout: 300.0s exceeded,482,21.16838264042747
296,2026-09-14T02:23:18.938+00:00,2026-09-14T02:28:14.660+00:00,2026-09-14T02:28:18.998+00:00,False,78,77.0,,77.0,295722.611417,300060.73493700003,300060.734788,3846.9324972820514,0.01583,295722.611417,33477.62727417614,92.7983871,56.33926649350649,31.147095857100048,0.25661471507148953,1,64,,False,False,Request timeout: 300.0s exceeded,292,21.16838264042747
297,2026-09-14T02:23:22.859+00:00,2026-09-14T02:28:16.491+00:00,2026-09-14T02:28:22.936+00:00,False,93,92.0,,92.0,293631.466466,300076.813282,300076.81351,3226.6324033333335,0.03896,293631.466466,30440.905846903137,88.4272092,70.05811756521739,18.988101161990613,0.3065881665223569,1,64,,False,False,Request timeout: 300.0s exceeded,491,21.16838264042747
298,2026-09-14T02:23:27.285+00:00,2026-09-14T02:28:20.862+00:00,2026-09-14T02:28:27.302+00:00,False,93,92.0,,92.0,293577.394096,300016.878,300016.878182,3225.98793744086,0.01737,293577.394096,30435.305641260147,88.98576059999999,69.99439026086957,19.35498291654651,0.3066494145706029,1,64,,False,False,Request timeout: 300.0s exceeded,385,21.16838264042747
299,2026-09-14T02:23:31.320+00:00,2026-09-14T02:28:24.786+00:00,2026-09-14T02:28:31.392+00:00,False,100,99.0,,99.0,293465.944688,300071.814,300071.814113,3000.7181411300003,0.04914,293465.944688,29339.928895756693,87.98725895000001,66.72595264646465,20.402798203914077,0.32992102350539326,1,64,,False,False,Request timeout: 300.0s exceeded,615,21.16838264042747
300,2026-09-14T02:23:36.029+00:00,2026-09-14T02:28:29.799+00:00,2026-09-14T02:28:36.067+00:00,False,88,87.0,,87.0,293769.440973,300037.718477,300037.71856,3409.519529090909,0.03268,293769.440973,31308.25327189194,90.2232695,72.04916671264368,19.67246903716123,0.2899635433891928,1,64,,False,False,Request timeout: 300.0s exceeded,334,21.16838264042747
301,2026-09-14T02:23:38.762+00:00,2026-09-14T02:28:33.067+00:00,2026-09-14T02:28:38.784+00:00,False,87,86.0,,86.0,294304.40283700003,300021.799317,300021.799408,3448.526429977012,0.0,294304.40283700003,31545.69189027197,89.84814259999999,66.48135441860465,69.42479253259465,0.28664583772172253,1,64,,False,False,Request timeout: 300.0s exceeded,337,21.16838264042747
302,2026-09-14T02:23:41.623+00:00,2026-09-14T02:28:35.555+00:00,2026-09-14T02:28:41.675+00:00,False,95,94.0,,94.0,293931.997226,300052.019754,300052.019717,3158.4423128105263,0.0,293931.997226,30150.178866831164,87.89534039999998,65.10662263829786,66.26793957863248,0.313279011009713,1,64,,False,False,Request timeout: 300.0s exceeded,370,21.16838264042747
303,2026-09-14T02:23:44.359+00:00,2026-09-14T02:28:38.245+00:00,2026-09-14T02:28:44.402+00:00,False,93,92.0,,92.0,293885.858788,300043.26550800004,300043.26541,3226.271671075269,0.03004,293885.858788,30467.610030719756,86.60855659999999,66.92833391304347,19.610851586764664,0.3066224460803537,1,64,,False,False,Request timeout: 300.0s exceeded,322,21.16838264042747
304,2026-09-14T02:23:49.079+00:00,2026-09-14T02:28:42.771+00:00,2026-09-14T02:28:49.114+00:00,False,92,91.0,,91.0,293692.705502,300035.87555,300035.875452,3261.2595157826086,0.02457,293692.705502,30612.320178653605,88.86131400000001,69.70516536263736,19.66064201615118,0.30329706350344476,1,64,,False,False,Request timeout: 300.0s exceeded,385,21.16838264042747
305,2026-09-14T02:23:53.662+00:00,2026-09-14T02:28:47.388+00:00,2026-09-14T02:28:53.732+00:00,False,95,94.0,,94.0,293726.003258,300070.22137,300070.221225,3158.633907631579,0.022369,293726.003258,30128.734641574694,89.663665,67.49168204255318,20.740911543643044,0.31326000817686533,1,64,,False,False,Request timeout: 300.0s exceeded,209,21.16838264042747
306,2026-09-14T02:23:58.536+00:00,2026-09-14T02:28:52.176+00:00,2026-09-14T02:28:58.567+00:00,False,94,93.0,,93.0,293640.105915,300030.93471500004,300030.934794,3191.8184552553193,0.03748,293640.105915,30279.58409823525,91.88660264999999,68.71858924731183,21.39898336188724,0.30996803742367723,1,64,,False,False,Request timeout: 300.0s exceeded,267,21.16838264042747
307,2026-09-14T02:24:03.245+00:00,2026-09-14T02:28:56.597+00:00,2026-09-14T02:29:03.294+00:00,False,101,100.0,,100.0,293352.068597,300049.413877,300049.413979,2970.7862770198017,0.0416,293352.068597,29182.96477618502,91.556466,66.9734528,20.424743217068738,0.3332784380675153,1,64,,False,False,Request timeout: 300.0s exceeded,448,21.16838264042747
308,2026-09-14T02:24:06.121+00:00,2026-09-14T02:28:59.462+00:00,2026-09-14T02:29:06.171+00:00,False,99,98.0,,98.0,293341.720311,300050.756599,300050.756588,3030.8157231111113,0.019629999999999998,293341.720311,29475.079352146196,91.4765367,68.45955395918368,21.311162701306774,0.32661140771916525,1,64,,False,False,Request timeout: 300.0s exceeded,391,21.16838264042747
309,2026-09-14T02:24:09.275+00:00,2026-09-14T02:29:03.039+00:00,2026-09-14T02:29:09.315+00:00,False,90,89.0,,89.0,293764.065143,300039.89797499997,300039.897894,3333.7766432666667,0.0409,293764.065143,30958.02520696401,89.9393455,70.51497564044944,20.613808909946517,0.2966272172490063,1,64,,False,False,Request timeout: 300.0s exceeded,389,21.16838264042747
310,2026-09-14T02:24:12.497+00:00,2026-09-14T02:29:06.511+00:00,2026-09-14T02:29:12.551+00:00,False,91,90.0,,90.0,294013.192139,300053.25997899997,300053.260018,3297.2885716263736,0.02092,294013.192139,30813.92857746277,88.91714199999998,67.11186488888889,20.435438022446988,0.29994674947473954,1,64,,False,False,Request timeout: 300.0s exceeded,427,21.16838264042747
311,2026-09-14T02:24:15.525+00:00,2026-09-14T02:29:09.527+00:00,2026-09-14T02:29:15.582+00:00,False,92,91.0,,91.0,294002.314704,300057.55873600004,300057.558862,3261.4952050217394,0.01813,294002.314704,30644.929021173863,87.595481,66.54114320879121,19.63957560494897,0.30327514621974455,1,64,,False,False,Request timeout: 300.0s exceeded,361,21.16838264042747
312,2026-09-14T02:24:18.246+00:00,2026-09-14T02:29:11.950+00:00,2026-09-14T02:29:18.319+00:00,False,99,98.0,,98.0,293703.885726,300073.533854,300073.53382,3031.045796161616,0.0198,293703.885726,29511.825472695957,87.57547699999999,64.99640946938776,19.97835775619439,0.32658661609151324,1,64,,False,False,Request timeout: 300.0s exceeded,473,21.16838264042747
313,2026-09-14T02:24:22.804+00:00,2026-09-14T02:29:16.172+00:00,2026-09-14T02:29:22.860+00:00,False,99,98.0,,98.0,293368.447207,300056.27363899996,300056.273549,3030.871449989899,0.04872,293368.447207,29477.786501987754,89.4410239,68.24312685714285,20.227988182008506,0.3266054024182962,1,64,,False,False,Request timeout: 300.0s exceeded,323,21.16838264042747
314,2026-09-14T02:24:26.465+00:00,2026-09-14T02:29:20.346+00:00,2026-09-14T02:29:26.554+00:00,False,87,86.0,,86.0,293880.832958,300088.979134,300088.979173,3449.298611183908,0.01735,293880.832958,31499.599306003394,91.32267100000001,72.18774623255814,19.828864905496637,0.28658166737139007,1,64,,False,False,Request timeout: 300.0s exceeded,540,21.16838264042747
315,2026-09-14T02:24:29.904+00:00,2026-09-14T02:29:23.580+00:00,2026-09-14T02:29:29.970+00:00,False,92,91.0,,91.0,293676.25783200003,300065.89904800005,300065.89889400004,3261.5858575434786,0.03413,293676.25783200003,30610.55253626385,90.95882754999998,70.21583753846154,20.26006198563205,0.3032667167069297,1,64,,False,False,Request timeout: 300.0s exceeded,458,21.16838264042747
316,2026-09-14T02:24:34.593+00:00,2026-09-14T02:29:28.297+00:00,2026-09-14T02:29:34.628+00:00,False,104,103.0,,103.0,293703.06227999995,300034.86259999993,300034.86263299995,2884.9506022403843,0.0,293703.06227999995,28793.993459297213,89.2006185,61.47378951456311,62.29566401979216,0.3432934396604351,1,64,,False,False,Request timeout: 300.0s exceeded,555,21.16838264042747
317,2026-09-14T02:24:39.597+00:00,2026-09-14T02:29:33.253+00:00,2026-09-14T02:29:39.611+00:00,False,99,98.0,,98.0,293655.884553,300014.181897,300014.18189999997,3030.4462818181814,0.019209,293655.884553,29507.013564194236,88.74819289999999,64.88058514285714,21.066463902996098,0.3266512248865791,1,64,,False,False,Request timeout: 300.0s exceeded,449,21.16838264042747
318,2026-09-14T02:24:43.183+00:00,2026-09-14T02:29:36.709+00:00,2026-09-14T02:29:43.237+00:00,False,98,97.0,,97.0,293525.42097100004,300054.24375500006,300054.243849,3061.777998459184,0.037090000000000005,293525.42097100004,29643.75314573757,88.96041939999999,67.30745138144329,20.676650979403146,0.32327488118849046,1,64,,False,False,Request timeout: 300.0s exceeded,468,21.16838264042747
319,2026-09-14T02:24:47.548+00:00,2026-09-14T02:29:39.695+00:00,2026-09-14T02:29:47.641+00:00,False,123,122.0,,122.0,292146.876305,300093.369233,300093.36919999996,2439.783489430894,0.0202,292146.876305,26336.13192922151,91.1998069,65.13518793442623,20.929956977224993,0.40654013886350204,1,64,,False,False,Request timeout: 300.0s exceeded,528,21.16838264042747
320,2026-09-14T02:24:50.685+00:00,2026-09-14T02:29:44.206+00:00,2026-09-14T02:29:50.744+00:00,False,103,102.0,,102.0,293521.198987,300059.852171,300059.852034,2913.2024469320386,0.09156,293521.198987,28915.194548025323,90.1910072,64.10444298039216,21.38986376326771,0.3399321810699007,1,64,,False,False,Request timeout: 300.0s exceeded,430,21.16838264042747
321,2026-09-14T02:24:54.168+00:00,2026-09-14T02:29:48.907+00:00,2026-09-14T02:29:54.219+00:00,False,76,75.0,,75.0,294738.73075,300050.543358,300050.543336,3948.0334649473684,0.02173,294738.73075,33800.732913802975,89.42039150000001,70.82416810666668,20.09797298382383,0.249957887630002,1,64,,False,False,Request timeout: 300.0s exceeded,306,21.16838264042747
322,2026-09-14T02:24:57.508+00:00,2026-09-14T02:29:50.880+00:00,2026-09-14T02:29:57.530+00:00,False,96,95.0,,95.0,293371.922807,300021.618039,300021.618059,3125.2251881145835,0.04387,293371.922807,29935.00860970758,89.76787574999999,69.99679191578947,19.272128321009653,0.31664384926972455,1,64,,False,False,Request timeout: 300.0s exceeded,477,21.16838264042747
323,2026-09-14T02:25:00.392+00:00,2026-09-14T02:29:54.141+00:00,2026-09-14T02:30:00.442+00:00,False,92,91.0,,91.0,293748.738963,300049.627027,300049.627082,3261.408990021739,0.046990000000000004,293748.738963,30618.210944429255,89.471713,69.24052817582418,20.331380949237914,0.30328316319423837,1,64,,False,False,Request timeout: 300.0s exceeded,405,21.16838264042747
324,2026-09-14T02:25:05.279+00:00,2026-09-14T02:29:59.338+00:00,2026-09-14T02:30:05.302+00:00,False,87,86.0,,86.0,294058.897422,300023.206158,300023.206291,3448.5426010459773,0.0355,294058.897422,31518.993710070463,88.70379690000001,69.3524271627907,19.69249117753747,0.2866444936086383,1,64,,False,False,Request timeout: 300.0s exceeded,325,21.16838264042747
325,2026-09-14T02:25:09.032+00:00,2026-09-14T02:30:02.798+00:00,2026-09-14T02:30:09.043+00:00,False,93,92.0,,92.0,293765.356295,300010.482951,300010.482952,3225.9191715268817,0.056369999999999996,293765.356295,30455.01652475056,91.46882120000001,67.88181147826087,20.960254006728363,0.30665595113563465,1,64,,False,False,Request timeout: 300.0s exceeded,425,21.16838264042747
326,2026-09-14T02:25:13.167+00:00,2026-09-14T02:30:07.204+00:00,2026-09-14T02:30:13.215+00:00,False,89,88.0,,88.0,294036.63253500004,300047.214807,300047.21490600007,3371.317021415731,0.050489,294036.63253500004,31160.58738876682,90.4126186,68.30207127272726,20.521783298049094,0.293287175008788,1,64,,False,False,Request timeout: 300.0s exceeded,298,21.16838264042747
327,2026-09-14T02:25:16.411+00:00,2026-09-14T02:30:10.324+00:00,2026-09-14T02:30:16.486+00:00,False,94,93.0,,93.0,293913.06107700005,300075.5522130001,300075.55224800005,3192.293109021277,0.01614,293913.06107700005,30307.989353764933,88.0452385,66.2633455483871,19.6808253313725,0.30992194903631004,1,64,,False,False,Request timeout: 300.0s exceeded,304,21.16838264042747
328,2026-09-14T02:25:19.810+00:00,2026-09-14T02:30:13.173+00:00,2026-09-14T02:30:19.824+00:00,False,101,100.0,,100.0,293362.993281,300013.375873,300013.375772,2970.429463089109,0.04247,293362.993281,29184.098309228226,88.085944,66.50382592,20.070644313705913,0.333318471914837,1,64,,False,False,Request timeout: 300.0s exceeded,449,21.16838264042747
329,2026-09-14T02:25:24.296+00:00,2026-09-14T02:30:17.619+00:00,2026-09-14T02:30:24.312+00:00,False,98,97.0,,97.0,293322.675921,300015.512017,300015.512132,3061.382776857143,0.04875,293322.675921,29623.101569276503,88.61376190000001,68.99831026804124,20.0354988675162,0.32331661569053677,1,64,,False,False,Request timeout: 300.0s exceeded,415,21.16838264042747
330,2026-09-14T02:25:28.809+00:00,2026-09-14T02:30:22.614+00:00,2026-09-14T02:30:28.843+00:00,False,96,95.0,,95.0,293804.835195,300034.335867,300034.335905,3125.3576656770833,0.0,293804.835195,29979.70864453054,91.50411675,65.57369128421053,65.50338524984417,0.3166304273991889,1,64,,False,False,Request timeout: 300.0s exceeded,460,21.16838264042747
331,2026-09-14T02:25:32.512+00:00,2026-09-14T02:30:26.321+00:00,2026-09-14T02:30:32.526+00:00,False,101,100.0,,100.0,293808.855378,300013.87093000003,300013.870809,2970.434364445545,0.0,293808.855378,29228.969459461016,90.304639,62.050155520000004,64.2404951971472,0.3333179219014585,1,64,,False,False,Request timeout: 300.0s exceeded,467,21.16838264042747
332,2026-09-14T02:25:35.304+00:00,2026-09-14T02:30:29.528+00:00,2026-09-14T02:30:35.345+00:00,False,87,86.0,,86.0,294223.50759600004,300040.481932,300040.482047,3448.7411729540236,0.03399,294223.50759600004,31536.826138558572,89.47595129999999,67.63923646511628,20.78883980406429,0.28662798915077964,1,64,,False,False,Request timeout: 300.0s exceeded,355,21.16838264042747
333,2026-09-14T02:25:38.888+00:00,2026-09-14T02:30:32.528+00:00,2026-09-14T02:30:38.974+00:00,False,94,93.0,,93.0,293639.864971,300085.096843,300085.096905,3192.394647925532,0.022109999999999998,293639.864971,30279.498232658483,90.43572065000001,69.30356851612903,20.405963404463485,0.30991209153134386,1,64,,False,False,Request timeout: 300.0s exceeded,416,21.16838264042747
334,2026-09-14T02:25:42.150+00:00,2026-09-14T02:30:35.855+00:00,2026-09-14T02:30:42.155+00:00,False,96,95.0,,95.0,293704.99753600004,300005.57353600004,300005.573366,3125.0580558958336,0.04374,293704.99753600004,29969.378726861552,89.6489855,66.32185263157895,20.42406506846581,0.316660783599076,1,64,,False,False,Request timeout: 300.0s exceeded,163,21.16838264042747
335,2026-09-14T02:25:45.769+00:00,2026-09-14T02:30:39.179+00:00,2026-09-14T02:30:45.803+00:00,False,101,100.0,,100.0,293410.23493000004,300033.56702600006,300033.566958,2970.6293758217826,0.02027,293410.23493000004,29188.825947953464,88.581963,66.23332096,20.07628531501039,0.33329604081044134,1,64,,False,False,Request timeout: 300.0s exceeded,495,21.16838264042747
336,2026-09-14T02:25:48.880+00:00,2026-09-14T02:30:42.365+00:00,2026-09-14T02:30:48.964+00:00,False,97,96.0,,96.0,293484.994103,300084.283191,300084.283052,3093.652402597938,0.03617,293484.994103,29791.91326084141,88.31626960000001,68.74259466666668,20.062683261757822,0.31991012317995066,1,64,,False,False,Request timeout: 300.0s exceeded,401,21.16838264042747
337,2026-09-14T02:25:52.791+00:00,2026-09-14T02:30:46.705+00:00,2026-09-14T02:30:52.833+00:00,False,96,95.0,,95.0,293913.374603,300041.122699,300041.122707,3125.42836153125,0.02552,293913.374603,29990.831855994915,89.39441375,64.50261153684211,20.51791416303502,0.3166232653225458,1,64,,False,False,Request timeout: 300.0s exceeded,427,21.16838264042747
338,2026-09-14T02:25:55.935+00:00,2026-09-14T02:30:49.488+00:00,2026-09-14T02:30:55.995+00:00,False,99,98.0,,98.0,293553.137808,300059.74132800003,300059.741202,3030.906476787879,0.02435,293553.137808,29496.53475157807,89.64904800000001,66.39391346938775,20.66114671888432,0.3266016279500643,1,64,,False,False,Request timeout: 300.0s exceeded,248,21.16838264042747
339,2026-09-14T02:25:59.439+00:00,2026-09-14T02:30:53.101+00:00,2026-09-14T02:30:59.479+00:00,False,92,91.0,,91.0,293661.813492,300040.186612,300040.186498,3261.306374978261,0.04467,293661.813492,30609.059585876923,89.04054405000001,70.0920123076923,20.36095869485758,0.30329270564571925,1,64,,False,False,Request timeout: 300.0s exceeded,434,21.16838264042747
340,2026-09-14T02:26:02.951+00:00,2026-09-14T02:30:56.760+00:00,2026-09-14T02:31:03.006+00:00,False,93,92.0,,92.0,293808.81760500005,300054.69920500007,300054.69909000007,3226.3946138709684,0.03818,293808.81760500005,30459.522023949445,88.7304086,67.89001739130434,20.39899004739321,0.3066107621168925,1,64,,False,False,Request timeout: 300.0s exceeded,181,21.16838264042747
341,2026-09-14T02:26:07.632+00:00,2026-09-14T02:31:01.053+00:00,2026-09-14T02:31:07.659+00:00,False,99,98.0,,98.0,293421.030708,300027.273268,300027.273232,3030.5785174949497,0.0182,293421.030708,29483.155632143156,88.9113209,67.41063836734695,21.12482927930551,0.32663697180776397,1,64,,False,False,Request timeout: 300.0s exceeded,498,21.16838264042747
342,2026-09-14T02:26:11.507+00:00,2026-09-14T02:31:05.161+00:00,2026-09-14T02:31:11.553+00:00,False,96,95.0,,95.0,293653.400353,300045.318177,300045.318279,3125.47206540625,0.03332,293653.400353,29964.015477652272,89.87297524999998,67.28334551578948,21.852720239719485,0.3166188380381876,1,64,,False,False,Request timeout: 300.0s exceeded,293,21.16838264042747
343,2026-09-14T02:26:15.406+00:00,2026-09-14T02:31:09.027+00:00,2026-09-14T02:31:15.451+00:00,False,98,97.0,,97.0,293621.171255,300045.163831,300045.16381399997,3061.685345040816,0.0437,293621.171255,29653.53440084592,88.92254685,66.22672758762886,20.45588858707961,0.32328466408688766,1,64,,False,False,Request timeout: 300.0s exceeded,420,21.16838264042747
344,2026-09-14T02:26:20.125+00:00,2026-09-14T02:31:14.225+00:00,2026-09-14T02:31:20.152+00:00,False,92,91.0,,91.0,294099.87717,300027.02238599997,300027.022247,3261.163285293478,0.0174,294099.87717,30655.2474317208,87.37295,65.1334639120879,19.73625583325718,0.3033060131594543,1,64,,False,False,Request timeout: 300.0s exceeded,408,21.16838264042747
345,2026-09-14T02:26:24.518+00:00,2026-09-14T02:31:18.263+00:00,2026-09-14T02:31:24.553+00:00,False,99,98.0,,98.0,293744.203446,300034.940598,300034.940526,3030.655964909091,0.0,293744.203446,29516.0297372022,89.7232899,64.19119542857142,68.1822742636132,0.3266286246684339,1,64,,False,False,Request timeout: 300.0s exceeded,479,21.16838264042747
346,2026-09-14T02:26:27.259+00:00,2026-09-14T02:31:21.706+00:00,2026-09-14T02:31:27.313+00:00,False,94,93.0,,93.0,294447.91625300003,300054.01622100006,300054.01635800005,3192.064003808511,0.0,294447.91625300003,30363.78093077761,90.87615215000001,60.280644817204305,30.071317279895464,0.30994419328652584,1,64,,False,False,Request timeout: 300.0s exceeded,475,21.16838264042747
347,2026-09-14T02:26:31.390+00:00,2026-09-14T02:31:24.933+00:00,2026-09-14T02:31:31.424+00:00,False,93,92.0,,92.0,293543.231768,300034.29148,300034.291365,3226.175175967742,0.018510000000000002,293543.231768,30431.704925656093,87.97079959999999,70.55499686956522,19.16958146682881,0.3066316171601092,1,64,,False,False,Request timeout: 300.0s exceeded,462,21.16838264042747
348,2026-09-14T02:26:35.359+00:00,2026-09-14T02:31:29.123+00:00,2026-09-14T02:31:35.435+00:00,False,90,89.0,,89.0,293764.541495,300075.870775,300075.87079200003,3334.1763421333335,0.0172,293764.541495,30958.032122983524,88.04016899999999,70.91381213483146,18.610746135797882,0.2965916578701962,1,64,,False,False,Request timeout: 300.0s exceeded,405,21.16838264042747
349,2026-09-14T02:26:39.589+00:00,2026-09-14T02:31:33.275+00:00,2026-09-14T02:31:39.652+00:00,False,94,93.0,,93.0,293685.59345700004,300062.58750500006,300062.58747500007,3192.1551859042556,0.046130000000000004,293685.59345700004,30284.29014186966,88.6047078,68.56982847311828,19.94694986884416,0.3099353397345822,1,64,,False,False,Request timeout: 300.0s exceeded,489,21.16838264042747
350,2026-09-14T02:26:43.014+00:00,2026-09-14T02:31:36.713+00:00,2026-09-14T02:31:43.056+00:00,False,96,95.0,,95.0,293699.351411,300042.679155,300042.679201,3125.444575010417,0.02143,293699.351411,29968.756740942346,90.059918,66.77187098947368,20.717368380189004,0.31662162285560597,1,64,,False,False,Request timeout: 300.0s exceeded,432,21.16838264042747
351,2026-09-14T02:26:47.881+00:00,2026-09-14T02:31:41.689+00:00,2026-09-14T02:31:47.965+00:00,False,98,97.0,,97.0,293808.011585,300083.993921,300083.993759,3062.0815689693873,0.01729,293808.011585,29672.562231101365,89.13393705,64.70084882474227,20.417860286886267,0.3232428318903813,1,64,,False,False,Request timeout: 300.0s exceeded,392,21.16838264042747
352,2026-09-14T02:26:51.580+00:00,2026-09-14T02:31:44.955+00:00,2026-09-14T02:31:51.634+00:00,False,100,99.0,,99.0,293374.773476,300054.482404,300054.48244500003,3000.54482445,0.07701000000000001,293374.773476,29330.73711653388,88.5780754,67.47180735353535,20.293858480597677,0.32994008023750904,1,64,,False,False,Request timeout: 300.0s exceeded,501,21.16838264042747
353,2026-09-14T02:26:55.656+00:00,2026-09-14T02:31:48.935+00:00,2026-09-14T02:31:55.700+00:00,False,103,102.0,,102.0,293279.21188200003,300043.80836200004,300043.80817200005,2913.046681281554,0.02587,293279.21188200003,28891.13199323986,89.58540699999999,66.31957333333334,20.554951769671007,0.33995035777221555,1,64,,False,False,Request timeout: 300.0s exceeded,531,21.16838264042747
354,2026-09-14T02:26:58.520+00:00,2026-09-14T02:31:52.154+00:00,2026-09-14T02:31:58.563+00:00,False,97,96.0,,96.0,293633.615357,300042.43199699995,300042.432178,3093.2209502886594,0.018170000000000002,293633.615357,29807.205373141325,89.73575099999998,66.75850666666666,20.74240487863437,0.3199547456039814,1,64,,False,False,Request timeout: 300.0s exceeded,398,21.16838264042747
355,2026-09-14T02:27:01.418+00:00,2026-09-14T02:31:55.172+00:00,2026-09-14T02:32:01.492+00:00,False,94,93.0,,93.0,293754.450345,300073.70231300005,300073.70236500003,3192.2734294148936,0.022479,293754.450345,30291.456598433982,89.4463483,67.94894589247312,20.512052769146237,0.3099238596489665,1,64,,False,False,Request timeout: 300.0s exceeded,442,21.16838264042747
356,2026-09-14T02:27:06.361+00:00,2026-09-14T02:31:59.990+00:00,2026-09-14T02:32:06.386+00:00,False,107,106.0,,106.0,293628.916636,300024.36981999996,300024.369695,2803.966071915888,0.015449999999999998,293628.916636,28381.537361736988,89.41118900000001,60.334464,261.27676424938585,0.3533046334322604,1,64,,False,False,Request timeout: 300.0s exceeded,523,21.16838264042747
357,2026-09-14T02:27:10.857+00:00,2026-09-14T02:32:06.751+00:00,2026-09-14T02:32:10.903+00:00,False,62,61.0,,61.0,295894.306448,300046.540432,300046.540293,4839.460327306452,0.0464,295894.306448,37569.97536010623,89.95518959999998,68.0694095737705,20.841373689162342,0.20330179415557872,1,64,,False,False,Request timeout: 300.0s exceeded,325,21.16838264042747
358,2026-09-14T02:27:13.776+00:00,2026-09-14T02:32:07.241+00:00,2026-09-14T02:32:13.796+00:00,False,98,97.0,,97.0,293464.250052,300019.210692,300019.210664,3061.420516979592,0.03153,293464.250052,29637.546031032027,87.10726084999999,67.576913814433,19.635841989037072,0.32331262980216385,1,64,,False,False,Request timeout: 300.0s exceeded,441,21.16838264042747
359,2026-09-14T02:27:16.514+00:00,2026-09-14T02:32:09.689+00:00,2026-09-14T02:32:16.539+00:00,False,105,104.0,,104.0,293175.212815,300025.325327,300025.32524499996,2857.384049952381,0.0,293175.212815,28604.61036771459,87.83024499999999,65.86646646153847,62.26649284661813,0.34663740431461765,1,64,,False,False,Request timeout: 300.0s exceeded,343,21.16838264042747
360,2026-09-14T02:27:20.623+00:00,2026-09-14T02:32:14.362+00:00,2026-09-14T02:32:20.662+00:00,False,95,94.0,,94.0,293739.358738,300039.279122,300039.279039,3158.3082004105263,0.0,293739.358738,30130.21731852798,90.9441901,67.02042961702128,65.82907839085489,0.3132923138432763,1,64,,False,False,Request timeout: 300.0s exceeded,369,21.16838264042747
361,2026-09-14T02:27:25.141+00:00,2026-09-14T02:32:18.818+00:00,2026-09-14T02:32:25.177+00:00,False,91,90.0,,90.0,293676.952955,300036.764539,300036.764559,3297.1073028461537,0.04646,293676.952955,30778.308349881776,90.59252400000001,70.66457315555556,19.86936541716317,0.2999632399658857,1,64,,False,False,Request timeout: 300.0s exceeded,301,21.16838264042747
362,2026-09-14T02:27:29.925+00:00,2026-09-14T02:32:23.912+00:00,2026-09-14T02:32:29.981+00:00,False,85,84.0,,84.0,293987.640443,300056.584571,300056.58448200003,3530.077464494118,0.01883,293987.640443,31879.60615191553,91.5950462,72.24933485714286,19.63590891431876,0.27994719769305293,1,64,,False,False,Request timeout: 300.0s exceeded,426,21.16838264042747
363,2026-09-14T02:27:32.741+00:00,2026-09-14T02:32:26.364+00:00,2026-09-14T02:32:32.801+00:00,False,91,90.0,,90.0,293623.349245,300059.870461,300059.87030899996,3297.361212186813,0.02476,293623.349245,30772.599941397842,91.22127199999998,71.5169024,20.078397667520505,0.2999401414848563,1,64,,False,False,Request timeout: 300.0s exceeded,348,21.16838264042747
364,2026-09-14T02:27:36.332+00:00,2026-09-14T02:32:30.325+00:00,2026-09-14T02:32:36.393+00:00,False,90,89.0,,89.0,293993.041418,300060.50305,300060.502974,3334.0055886,0.0181,293993.041418,30982.407990535263,88.42998945,68.17372620224718,20.278066069219403,0.2966068479368298,1,64,,False,False,Request timeout: 300.0s exceeded,440,21.16838264042747
365,2026-09-14T02:27:40.563+00:00,2026-09-14T02:32:34.020+00:00,2026-09-14T02:32:40.596+00:00,False,95,94.0,,94.0,293456.99720700004,300033.24859900004,300033.24878100003,3158.2447240105266,0.034659999999999996,293456.99720700004,30100.881383819287,88.6875367,69.96012119148936,19.888854273365446,0.3132986108670667,1,64,,False,False,Request timeout: 300.0s exceeded,390,21.16838264042747
366,2026-09-14T02:27:43.866+00:00,2026-09-14T02:32:37.283+00:00,2026-09-14T02:32:43.888+00:00,False,103,102.0,,102.0,293416.59798900003,300021.932005,300021.93220100005,2912.8342932135924,0.01682,293416.59798900003,28904.8226102153,90.75622229999999,64.75817662745098,20.14823273653746,0.3399751455446935,1,64,,False,False,Request timeout: 300.0s exceeded,492,21.16838264042747
367,2026-09-14T02:27:48.617+00:00,2026-09-14T02:32:42.230+00:00,2026-09-14T02:32:48.690+00:00,False,95,94.0,,94.0,293612.744184,300072.886776,300072.88676200004,3158.6619659157896,0.037299,293612.744184,30116.987290728284,91.33574039999999,68.72492119148937,19.702224957432353,0.3132572256358823,1,64,,False,False,Request timeout: 300.0s exceeded,329,21.16838264042747
368,2026-09-14T02:27:52.981+00:00,2026-09-14T02:32:46.856+00:00,2026-09-14T02:32:53.064+00:00,False,90,89.0,,89.0,293874.763579,300082.474299,300082.47413000005,3334.2497125555556,0.031190000000000002,293874.763579,30969.77370503981,87.97612645000001,69.74955865168539,19.325802192122634,0.2965851311640447,1,64,,False,False,Request timeout: 300.0s exceeded,436,21.16838264042747
369,2026-09-14T02:27:56.848+00:00,2026-09-14T02:32:50.378+00:00,2026-09-14T02:32:56.901+00:00,False,95,94.0,,94.0,293529.903764,300052.364692,300052.364811,3158.4459453789473,0.026170000000000002,293529.903764,30108.41973808819,88.1049387,69.38788221276596,19.251954622754035,0.3132786508664574,1,64,,False,False,Request timeout: 300.0s exceeded,357,21.16838264042747
370,2026-09-14T02:28:00.418+00:00,2026-09-14T02:32:53.697+00:00,2026-09-14T02:33:00.508+00:00,False,99,98.0,,98.0,293278.99127999996,300089.555632,300089.55555999995,3031.2076319191915,0.019280000000000002,293278.99127999996,29468.668878666627,87.12966399999999,69.4955546122449,18.550013598405172,0.3265691796357533,1,64,,False,False,Request timeout: 300.0s exceeded,450,21.16838264042747
371,2026-09-14T02:28:04.206+00:00,2026-09-14T02:32:58.115+00:00,2026-09-14T02:33:04.238+00:00,False,91,90.0,,90.0,293908.785158,300032.47642200004,300032.476507,3297.0601813956046,0.01918,293908.785158,30802.8859852292,88.50726350000001,68.04101404444444,19.866933919584586,0.299967527093346,1,64,,False,False,Request timeout: 300.0s exceeded,433,21.16838264042747
372,2026-09-14T02:28:07.965+00:00,2026-09-14T02:33:01.816+00:00,2026-09-14T02:33:08.028+00:00,False,91,90.0,,90.0,293850.473898,300062.669226,300062.66913000005,3297.391968461539,0.03619,293850.473898,30796.670935977963,90.94746299999998,69.02439253333333,20.959765767696325,0.29993734386270543,1,64,,False,False,Request timeout: 300.0s exceeded,474,21.16838264042747
373,2026-09-14T02:28:14.652+00:00,2026-09-14T02:33:07.471+00:00,2026-09-14T02:33:14.840+00:00,False,123,122.0,,122.0,292818.58373799996,300188.374202,300188.37409799994,2440.5558869756096,0.0,292818.58373799996,26397.187016402248,90.8429182,60.40811855737705,61.602332136128815,0.40641147520891296,1,64,,False,False,Request timeout: 300.0s exceeded,526,21.16838264042747
374,2026-09-14T02:28:16.115+00:00,2026-09-14T02:33:09.791+00:00,2026-09-14T02:33:16.033+00:00,True,107,107.0,,107.0,293675.94325099996,299917.66869099997,299917.668761,2802.968866925233,0.0,293675.94325099996,28385.106912494837,93.32062390000002,58.88420226415094,65.31351494883653,0.35676457631524294,1,64,,False,True,,503,21.16838264042747
375,2026-09-14T02:28:18.890+00:00,2026-09-14T02:33:12.766+00:00,2026-09-14T02:33:18.908+00:00,False,101,100.0,,100.0,293876.326461,300017.832253,300017.832272,2970.4735868514854,0.05111,293876.326461,29235.684618073672,89.67453000000002,61.41505792,22.046765263956463,0.33331352089655686,1,64,,False,False,Request timeout: 300.0s exceeded,455,21.16838264042747
376,2026-09-14T02:28:22.507+00:00,2026-09-14T02:33:16.036+00:00,2026-09-14T02:33:22.522+00:00,False,97,96.0,,96.0,293528.14641900006,300014.2724990001,300014.27267300006,3092.9306461134024,0.01806,293528.14641900006,29796.414731421042,88.1141756,67.56381333333333,20.553372575475024,0.31998477672531384,1,64,,False,False,Request timeout: 300.0s exceeded,331,21.16838264042747
377,2026-09-14T02:28:25.565+00:00,2026-09-14T02:33:18.737+00:00,2026-09-14T02:33:25.602+00:00,False,99,98.0,,98.0,293171.837544,300037.377128,300037.377087,3030.6805766363636,0.0174,293171.837544,29457.844000702982,88.86540190000001,70.05652636734695,19.875102295300344,0.32662597219743017,1,64,,False,False,Request timeout: 300.0s exceeded,440,21.16838264042747
378,2026-09-14T02:28:30.560+00:00,2026-09-14T02:33:24.287+00:00,2026-09-14T02:33:30.579+00:00,False,97,96.0,,96.0,293727.71520499996,300018.93082099996,300018.9309,3092.9786690721644,0.03061,293727.71520499996,29816.883881412123,88.8306166,65.533496,20.35756370880467,0.319979808398412,1,64,,False,False,Request timeout: 300.0s exceeded,299,21.16838264042747
379,2026-09-14T02:28:35.134+00:00,2026-09-14T02:33:28.456+00:00,2026-09-14T02:33:35.188+00:00,False,106,105.0,,105.0,293322.229655,300053.86613499996,300053.866161,2830.6968505754717,0.018949999999999998,293322.229655,28483.75353232441,88.5570705,64.11082361904762,20.13388961916455,0.3499371674576541,1,64,,False,False,Request timeout: 300.0s exceeded,394,21.16838264042747
380,2026-09-14T02:28:38.520+00:00,2026-09-14T02:33:32.120+00:00,2026-09-14T02:33:38.567+00:00,False,101,100.0,,100.0,293600.040912,300046.998992,300046.998917,2970.7623655148514,0.022838999999999998,293600.040912,29207.887894591335,88.232714,64.4695808,20.15153237401461,0.3332811204109602,1,64,,False,False,Request timeout: 300.0s exceeded,219,21.16838264042747
381,2026-09-14T02:28:41.274+00:00,2026-09-14T02:33:35.107+00:00,2026-09-14T02:33:41.342+00:00,False,98,97.0,,97.0,293832.59209399996,300067.81718199997,300067.817306,3061.916503122449,0.036950000000000004,293832.59209399996,29675.088117229305,87.36677435,64.28067101030928,21.048772064433315,0.3232602580008327,1,64,,False,False,Request timeout: 300.0s exceeded,276,21.16838264042747
382,2026-09-14T02:28:44.878+00:00,2026-09-14T02:33:38.983+00:00,2026-09-14T02:33:44.912+00:00,False,89,88.0,,88.0,294104.35800300003,300033.342323,300033.34233200003,3371.1611497977533,0.03606,294104.35800300003,31167.864502775337,89.1468794,67.37482181818181,20.432422431903486,0.29330073557379455,1,64,,False,False,Request timeout: 300.0s exceeded,263,21.16838264042747
383,2026-09-14T02:28:47.756+00:00,2026-09-14T02:33:41.429+00:00,2026-09-14T02:33:47.814+00:00,False,96,95.0,,95.0,293672.333727,300057.315487,300057.315573,3125.59703721875,0.02556,293672.333727,29965.953972436593,88.88805500000001,67.21033431578948,19.915660482671477,0.31660617854229883,1,64,,False,False,Request timeout: 300.0s exceeded,219,21.16838264042747
384,2026-09-14T02:28:51.269+00:00,2026-09-14T02:33:45.128+00:00,2026-09-14T02:33:51.287+00:00,False,96,95.0,,95.0,293858.943796,300017.85861199995,300017.85871899995,3125.1860283229166,0.02122,293858.943796,29985.24271807615,86.57034674999998,64.83068227368422,20.01771906567071,0.31664781703165,1,64,,False,False,Request timeout: 300.0s exceeded,457,21.16838264042747
385,2026-09-14T02:28:54.921+00:00,2026-09-14T02:33:48.960+00:00,2026-09-14T02:33:54.978+00:00,False,94,93.0,,93.0,294039.022259,300057.34801899997,300057.348009,3192.0994469042553,0.022690000000000002,294039.022259,30321.141281238397,87.267561,64.71318021505377,19.89593541264381,0.3099407517062743,1,64,,False,False,Request timeout: 300.0s exceeded,384,21.16838264042747
386,2026-09-14T02:28:59.948+00:00,2026-09-14T02:33:53.659+00:00,2026-09-14T02:33:59.963+00:00,False,94,93.0,,93.0,293711.294014,300015.401022,300015.400991,3191.6532020319146,0.02175,293711.294014,30287.0214487452,88.67889299999999,67.78609686021505,19.420698676318224,0.30998408642755093,1,64,,False,False,Request timeout: 300.0s exceeded,424,21.16838264042747
387,2026-09-14T02:29:04.291+00:00,2026-09-14T02:33:58.124+00:00,2026-09-14T02:34:04.471+00:00,False,95,94.0,,94.0,293832.547492,300179.377316,300179.377429,3159.782920305263,0.02913,293832.547492,30139.662027581093,88.293639,67.51946621276596,19.26624625400129,0.31314609564615703,1,64,,False,False,Request timeout: 300.0s exceeded,449,21.16838264042747
388,2026-09-14T02:29:07.170+00:00,2026-09-14T02:34:00.777+00:00,2026-09-14T02:34:07.224+00:00,False,102,101.0,,101.0,293606.85066000005,300054.1853160001,300054.185256,2941.707698588236,0.0,293606.85066000005,29065.16305625329,87.51633955000001,63.834996594059405,65.68399331420564,0.336605869681946,1,64,,False,False,Request timeout: 300.0s exceeded,445,21.16838264042747
389,2026-09-14T02:29:11.884+00:00,2026-09-14T02:34:05.885+00:00,2026-09-14T02:34:11.971+00:00,False,98,97.0,,97.0,294001.600612,300087.787364,300087.78732899996,3062.1202788673468,0.0,294001.600612,29692.322685246043,90.60640705,62.74419331958762,29.302464383988063,0.3232387457418955,1,64,,False,False,Request timeout: 300.0s exceeded,472,21.16838264042747
390,2026-09-14T02:29:15.855+00:00,2026-09-14T02:34:09.496+00:00,2026-09-14T02:34:15.877+00:00,False,89,88.0,,88.0,293641.364555,300022.235467,300022.23546,3371.036353483146,0.02036,293641.364555,31118.24300353652,91.0360556,72.50989672727273,20.454539068534032,0.2933115935991327,1,64,,False,False,Request timeout: 300.0s exceeded,366,21.16838264042747
391,2026-09-14T02:29:19.609+00:00,2026-09-14T02:34:13.367+00:00,2026-09-14T02:34:19.681+00:00,False,94,93.0,,93.0,293757.38101300003,300071.74952500005,300071.74960900005,3192.252655414894,0.04248,293757.38101300003,30291.764225257666,88.29027365000002,67.89643561290322,20.415636342795295,0.3099258765519073,1,64,,False,False,Request timeout: 300.0s exceeded,437,21.16838264042747
392,2026-09-14T02:29:22.942+00:00,2026-09-14T02:34:17.004+00:00,2026-09-14T02:34:22.961+00:00,False,87,86.0,,86.0,294062.105154,300018.68089799996,300018.680754,3448.49058337931,0.01902,294062.105154,31519.347734220046,88.2210146,69.26250865116279,20.452872391745743,0.28664881714228385,1,64,,False,False,Request timeout: 300.0s exceeded,441,21.16838264042747
393,2026-09-14T02:29:26.392+00:00,2026-09-14T02:34:20.011+00:00,2026-09-14T02:34:26.432+00:00,False,94,93.0,,93.0,293619.252051,300040.205139,300040.205162,3191.9170761914897,0.02457,293619.252051,30277.399018715623,88.30858515,69.04250632258065,20.284698569443815,0.3099584602567371,1,64,,False,False,Request timeout: 300.0s exceeded,367,21.16838264042747
394,2026-09-14T02:29:31.098+00:00,2026-09-14T02:34:25.024+00:00,2026-09-14T02:34:31.123+00:00,False,89,88.0,,88.0,293925.243769,300024.252537,300024.25256,3371.05901752809,0.0238,293925.243769,31148.673179495723,88.682435,69.30691781818182,19.71871720437817,0.2933096216584942,1,64,,False,False,Request timeout: 300.0s exceeded,394,21.16838264042747
395,2026-09-14T02:29:33.923+00:00,2026-09-14T02:34:27.620+00:00,2026-09-14T02:34:33.961+00:00,False,96,95.0,,95.0,293697.253702,300038.532678,300038.532682,3125.4013821041667,0.02153,293697.253702,29968.544232716846,87.36084,66.75030501052632,19.801136253404938,0.3166259985078436,1,64,,False,False,Request timeout: 300.0s exceeded,406,21.16838264042747
396,2026-09-14T02:29:37.164+00:00,2026-09-14T02:34:31.035+00:00,2026-09-14T02:34:37.214+00:00,False,91,90.0,,90.0,293871.50449900003,300050.544499,300050.544521,3297.2587310000004,0.02418,293871.50449900003,30798.913484870423,88.795938,68.656,19.93230803325109,0.29994946401538675,1,64,,False,False,Request timeout: 300.0s exceeded,292,21.16838264042747
397,2026-09-14T02:29:40.209+00:00,2026-09-14T02:34:34.316+00:00,2026-09-14T02:34:40.220+00:00,False,83,82.0,,82.0,294107.617823,300011.259935,300011.259917,3614.5934929759037,0.02556,294107.617823,32274.608017127503,89.84801730000001,71.99563551219512,19.02176787745583,0.2733230746664842,1,64,,False,False,Request timeout: 300.0s exceeded,343,21.16838264042747
398,2026-09-14T02:29:43.791+00:00,2026-09-14T02:34:37.735+00:00,2026-09-14T02:34:43.828+00:00,False,88,87.0,,87.0,293944.69768,300036.987472,300036.98746499995,3409.5112211931814,0.022260000000000002,293944.69768,31327.151128902813,90.01416085,70.02631944827587,19.342070314037624,0.2899642498514254,1,64,,False,False,Request timeout: 300.0s exceeded,375,21.16838264042747
399,2026-09-14T02:29:48.194+00:00,2026-09-14T02:34:42.220+00:00,2026-09-14T02:34:48.229+00:00,False,92,91.0,,91.0,294026.439272,300035.455848,300035.455782,3261.254954152174,0.04775,294026.439272,30647.49706959279,87.6018461,66.03314918681318,19.523395417259813,0.3032974877679164,1,64,,False,False,Request timeout: 300.0s exceeded,133,21.16838264042747
400,2026-09-14T02:29:52.044+00:00,2026-09-14T02:34:45.608+00:00,2026-09-14T02:34:52.060+00:00,False,101,100.0,,100.0,293563.866211,300015.951971,300015.951927,2970.4549695742576,0.022,293563.866211,29204.283088863325,85.879869,64.5208576,19.87587665098125,0.3333156098635254,1,64,,False,False,Request timeout: 300.0s exceeded,442,21.16838264042747
401,2026-09-14T02:29:56.022+00:00,2026-09-14T02:34:49.591+00:00,2026-09-14T02:34:56.040+00:00,False,97,96.0,,96.0,293568.463806,300017.70182200003,300017.701618,3092.965996061856,0.021070000000000002,293568.463806,29800.547136962716,88.7228068,67.17956266666667,20.229870590176535,0.3199811191706169,1,64,,True,False,Request timeout: 300.0s exceeded,458,21.16838264042747
402,2026-09-14T02:29:59.463+00:00,2026-09-14T02:34:52.958+00:00,2026-09-14T02:34:59.517+00:00,False,96,95.0,,95.0,293495.561062,300054.665318,300054.665213,3125.5694293020833,0.03779,293495.561062,29947.724848886868,87.9292945,69.04320269473683,19.490425646494764,0.3166089748990183,1,64,,True,False,Request timeout: 300.0s exceeded,393,21.16838264042747
403,2026-09-14T02:30:02.937+00:00,2026-09-14T02:34:56.502+00:00,2026-09-14T02:35:02.960+00:00,False,99,98.0,,98.0,293565.192419,300023.70224300004,300023.702242,3030.542446888889,0.02113,293565.192419,29497.794930788114,86.795777,65.90316146938775,19.660732821174943,0.32664085959657363,1,64,,True,False,Request timeout: 300.0s exceeded,468,21.16838264042747
404,2026-09-14T02:30:06.410+00:00,2026-09-14T02:34:59.746+00:00,2026-09-14T02:35:06.424+00:00,False,98,97.0,,97.0,293336.609135,300014.669679,300014.66983499995,3061.3741819897955,0.021929999999999998,293336.609135,29624.524299173823,89.1904325,68.84598498969072,19.849269268958636,0.32331752345238624,1,64,,True,False,Request timeout: 300.0s exceeded,481,21.16838264042747
405,2026-09-14T02:30:10.874+00:00,2026-09-14T02:35:04.684+00:00,2026-09-14T02:35:10.895+00:00,False,92,91.0,,91.0,293809.41768199997,300020.90952199994,300020.90951599996,3261.0968425652172,0.02082,293809.41768199997,30624.639565833142,88.38112105,68.25815208791208,20.345350325070022,0.3033121929567617,1,64,,True,False,Request timeout: 300.0s exceeded,418,21.16838264042747
406,2026-09-14T02:30:14.682+00:00,2026-09-14T02:35:08.149+00:00,2026-09-14T02:35:14.690+00:00,False,100,99.0,,99.0,293467.68086799997,300007.79529999994,300007.795168,3000.07795168,0.03726,293467.68086799997,29340.169077537965,89.0684379,66.06176193939393,20.611685150871075,0.3299914253928055,1,64,,True,False,Request timeout: 300.0s exceeded,428,21.16838264042747
407,2026-09-14T02:30:17.494+00:00,2026-09-14T02:35:11.022+00:00,2026-09-14T02:35:17.571+00:00,False,97,96.0,,96.0,293528.049883,300077.552603,300077.552563,3093.583016113402,0.02793,293528.049883,29796.33793732438,89.29001360000001,68.22398666666668,20.608762902445854,0.31991729860249546,1,64,,True,False,Request timeout: 300.0s exceeded,240,21.16838264042747
408,2026-09-14T02:30:20.299+00:00,2026-09-14T02:35:14.120+00:00,2026-09-14T02:35:20.318+00:00,False,90,89.0,,89.0,293821.349477,300019.366501,300019.366529,3333.548516988889,0.0255,293821.349477,30964.155571581126,90.33502385,69.64064071910113,20.467619100168704,0.29664751658524463,1,64,,True,False,Request timeout: 300.0s exceeded,317,21.16838264042747
409,2026-09-14T02:30:24.570+00:00,2026-09-14T02:35:18.119+00:00,2026-09-14T02:35:24.620+00:00,False,94,93.0,,93.0,293549.019295,300050.202271,300050.202399,3192.023429776596,0.02159,293549.019295,30270.065545241276,87.74625549999999,69.90519329032259,19.453197160098572,0.3099481329994374,1,64,,True,False,Request timeout: 300.0s exceeded,350,21.16838264042747
410,2026-09-14T02:30:29.074+00:00,2026-09-14T02:35:22.719+00:00,2026-09-14T02:35:29.095+00:00,False,94,93.0,,93.0,293644.50597000006,300020.5574260001,300020.55734700005,3191.7080568829792,0.02429,293644.50597000006,30280.05463076901,89.6106301,68.55969307526883,21.841517746589577,0.3099787587820158,1,64,,True,False,Request timeout: 300.0s exceeded,441,21.16838264042747
411,2026-09-14T02:30:33.629+00:00,2026-09-14T02:35:27.268+00:00,2026-09-14T02:35:33.717+00:00,False,97,96.0,,96.0,293638.94675700006,300087.8826930001,300087.88279000006,3093.68951329897,0.040850000000000004,293638.94675700006,29807.7039053306,88.4787308,67.176416,20.217088373834894,0.31990628591362086,1,64,,True,False,Request timeout: 300.0s exceeded,412,21.16838264042747
412,2026-09-14T02:30:36.466+00:00,2026-09-14T02:35:30.031+00:00,2026-09-14T02:35:36.474+00:00,False,93,92.0,,92.0,293564.976686,300007.93963000004,300007.93962200003,3225.8918238924734,0.02084,293564.976686,30434.013765216943,86.343334,70.03220591304348,18.823409166965163,0.30665855081523397,1,64,,True,False,Request timeout: 300.0s exceeded,441,21.16838264042747
413,2026-09-14T02:30:40.618+00:00,2026-09-14T02:35:34.204+00:00,2026-09-14T02:35:40.687+00:00,False,97,96.0,,96.0,293586.061285,300069.703397,300069.70336600003,3093.502096556701,0.01691,293586.061285,29802.29711585129,86.4925446,67.53793866666668,19.646483757563114,0.31992566698074654,1,64,,True,False,Request timeout: 300.0s exceeded,471,21.16838264042747
414,2026-09-14T02:30:45.306+00:00,2026-09-14T02:35:39.016+00:00,2026-09-14T02:35:45.348+00:00,False,93,92.0,,92.0,293710.88950700004,300042.23645100003,300042.23644800007,3226.260606967742,0.01957,293710.88950700004,30449.27138952656,89.88197400000001,68.81898852173913,20.941062903471767,0.3066234977055457,1,64,,True,False,Request timeout: 300.0s exceeded,442,21.16838264042747
415,2026-09-14T02:30:50.053+00:00,2026-09-14T02:35:43.831+00:00,2026-09-14T02:35:50.134+00:00,False,92,91.0,,91.0,293778.0588,300081.819696,300081.8195,3261.7589076086956,0.03828,293778.0588,30621.264875933055,90.1028276,69.27209775824176,20.95962092981017,0.3032506270862666,1,64,,True,False,Request timeout: 300.0s exceeded,209,21.16838264042747
416,2026-09-14T02:30:54.683+00:00,2026-09-14T02:35:48.334+00:00,2026-09-14T02:35:54.706+00:00,False,93,92.0,,92.0,293650.89184399997,300022.74157199997,300022.741621,3226.0509851720426,0.03754,293650.89184399997,30443.003168181087,87.77039699999999,69.25923617391305,19.251248093892006,0.3066434214885063,1,64,,True,False,Request timeout: 300.0s exceeded,268,21.16838264042747
417,2026-09-14T02:30:57.522+00:00,2026-09-14T02:35:51.148+00:00,2026-09-14T02:35:57.537+00:00,False,93,92.0,,92.0,293625.828461,300015.090029,300015.08990099997,3225.9687086129034,0.02239,293625.828461,30440.384400703064,85.63082399999999,69.44849530434783,18.943140309681056,0.3066512420795471,1,64,,True,False,Request timeout: 300.0s exceeded,405,21.16838264042747
418,2026-09-14T02:31:00.379+00:00,2026-09-14T02:35:54.335+00:00,2026-09-14T02:36:00.432+00:00,False,90,89.0,,89.0,293956.008956,300053.181948,300053.181904,3333.9242433777777,0.02911,293956.008956,30978.469158631186,88.88687845,68.50756170786516,20.155456260757422,0.296614084950527,1,64,,True,False,Request timeout: 300.0s exceeded,219,21.16838264042747
419,2026-09-14T02:31:05.105+00:00,2026-09-14T02:35:59.008+00:00,2026-09-14T02:36:05.129+00:00,False,89,88.0,,88.0,293903.044864,300024.02816,300024.028252,3371.056497213483,0.04439,293903.044864,31146.294422017145,91.12114240000001,69.55662836363636,20.94385859866133,0.2933098410140351,1,64,,True,False,Request timeout: 300.0s exceeded,428,21.16838264042747
420,2026-09-14T02:31:08.921+00:00,2026-09-14T02:36:02.971+00:00,2026-09-14T02:36:08.932+00:00,False,84,83.0,,83.0,294049.73732099996,300011.15735299996,300011.15717499994,3571.5613949404756,0.027059999999999997,294049.73732099996,32075.626123657585,90.77526565,71.82433773493976,19.983266431077222,0.2766563774904555,1,64,,True,False,Request timeout: 300.0s exceeded,389,21.16838264042747
421,2026-09-14T02:31:12.862+00:00,2026-09-14T02:36:06.945+00:00,2026-09-14T02:36:12.915+00:00,False,88,87.0,,87.0,294083.354076,300052.91797999997,300052.91807,3409.6922507954546,0.021658999999999998,294083.354076,31342.082209302476,86.93249205000001,68.61567705747126,19.15571369603219,0.28994885497430484,1,64,,True,False,Request timeout: 300.0s exceeded,355,21.16838264042747
422,2026-09-14T02:31:16.709+00:00,2026-09-14T02:36:10.898+00:00,2026-09-14T02:36:16.771+00:00,False,86,85.0,,85.0,294189.165346,300062.154274,300062.154145,3489.0948156395348,0.02357,294189.165346,31715.788564085473,87.63494475000002,69.0939873882353,18.98362443079866,0.2832746442338168,1,64,,True,False,Request timeout: 300.0s exceeded,433,21.16838264042747
423,2026-09-14T02:31:21.655+00:00,2026-09-14T02:36:15.352+00:00,2026-09-14T02:36:21.752+00:00,False,94,93.0,,93.0,293696.79138099996,300096.66158899997,300096.66155699996,3192.5176761382972,0.03461,293696.79138099996,30285.419475332765,87.8169621,68.81580868817204,19.523376953559637,0.3099001485307057,1,64,,True,False,Request timeout: 300.0s exceeded,472,21.16838264042747
424,2026-09-14T02:31:26.562+00:00,2026-09-14T02:36:20.158+00:00,2026-09-14T02:36:26.626+00:00,False,98,97.0,,97.0,293596.000112,300063.306864,300063.307024,3061.8704798367344,0.03503,293596.000112,29650.946363464533,88.4445715,66.67326548453609,20.069607446085183,0.32326511699734106,1,64,,True,False,Request timeout: 300.0s exceeded,402,21.16838264042747
425,2026-09-14T02:31:29.344+00:00,2026-09-14T02:36:23.387+00:00,2026-09-14T02:36:29.414+00:00,False,87,86.0,,86.0,294042.667489,300070.300385,300070.300583,3449.0839147471265,0.02051,294042.667489,31517.17472093854,88.5015753,70.08875460465117,19.667606535748128,0.28659950648117855,1,64,,True,False,Request timeout: 300.0s exceeded,373,21.16838264042747
426,2026-09-14T02:31:34.226+00:00,2026-09-14T02:36:28.312+00:00,2026-09-14T02:36:34.253+00:00,False,85,84.0,,84.0,294086.282574,300027.166798,300027.16697,3529.7313761176474,0.03787,294086.282574,31890.47010760426,88.22107360000001,70.7248121904762,18.552515126819635,0.2799746466177674,1,64,,True,False,Request timeout: 300.0s exceeded,193,21.16838264042747
427,2026-09-14T02:31:37.092+00:00,2026-09-14T02:36:31.029+00:00,2026-09-14T02:36:37.162+00:00,False,89,88.0,,88.0,293936.400595,300069.92763500003,300069.927535,3371.5722194943824,0.02291,293936.400595,31149.81484395488,89.04406039999999,69.69917090909091,20.68889303749756,0.29326497557943126,1,64,,True,False,Request timeout: 300.0s exceeded,364,21.16838264042747
428,2026-09-14T02:31:41.226+00:00,2026-09-14T02:36:35.015+00:00,2026-09-14T02:36:41.261+00:00,False,92,91.0,,91.0,293788.39708200004,300034.47401000006,300034.47415400005,3261.244284282609,0.0417,293788.39708200004,30622.408041105988,89.2554345,68.638208,19.80175172995492,0.303298480283859,1,64,,True,False,Request timeout: 300.0s exceeded,425,21.16838264042747
429,2026-09-14T02:31:45.037+00:00,2026-09-14T02:36:38.968+00:00,2026-09-14T02:36:45.110+00:00,False,89,88.0,,88.0,293930.821255,300073.070727,300073.07052400004,3371.6075339775284,0.02157,293930.821255,31149.2130678028,89.72992839999999,69.79828945454545,20.89948654260743,0.2932619037982935,1,64,,True,False,Request timeout: 300.0s exceeded,450,21.16838264042747
430,2026-09-14T02:31:49.017+00:00,2026-09-14T02:36:42.700+00:00,2026-09-14T02:36:49.062+00:00,False,92,91.0,,91.0,293682.835301,300045.097829,300045.09769799997,3261.359757586956,0.023739999999999997,293682.835301,30611.270211001894,90.89744999999999,69.91497283516483,21.096864245052313,0.3032877412710212,1,64,,True,False,Request timeout: 300.0s exceeded,494,21.16838264042747
431,2026-09-14T02:31:53.169+00:00,2026-09-14T02:36:47.305+00:00,2026-09-14T02:36:53.202+00:00,False,88,87.0,,87.0,294136.70404000004,300033.17943200003,300033.17955800006,3409.467949522728,0.03644,294136.70404000004,31347.859610249616,88.87727115000001,67.7755792183908,20.315945295976405,0.2899679300959373,1,64,,True,False,Request timeout: 300.0s exceeded,389,21.16838264042747
432,2026-09-14T02:31:57.116+00:00,2026-09-14T02:36:51.057+00:00,2026-09-14T02:36:57.165+00:00,False,88,87.0,,87.0,293940.883987,300049.580563,300049.58058899996,3409.654324875,0.02101,293940.883987,31326.724509131047,89.38771035000002,70.2149031724138,19.381881523969707,0.28995208004209494,1,64,,True,False,Request timeout: 300.0s exceeded,423,21.16838264042747
433,2026-09-14T02:32:00.558+00:00,2026-09-14T02:36:54.258+00:00,2026-09-14T02:37:00.592+00:00,False,90,89.0,,89.0,293700.148609,300034.067585,300034.06779500004,3333.7118643888894,0.025228999999999998,293700.148609,30951.218216044846,88.62877044999999,71.16762894382022,19.357485035399165,0.2966329814356371,1,64,,True,False,Request timeout: 300.0s exceeded,406,21.16838264042747
434,2026-09-14T02:32:05.611+00:00,2026-09-14T02:36:58.254+00:00,2026-09-14T02:37:05.720+00:00,False,114,113.0,,113.0,292643.676013,300109.81514900003,300109.81514,2632.5422380701757,0.04789,292643.676013,27402.410667612483,88.79444065,66.07202775221239,20.227687897555754,0.3765288380984713,1,64,,True,False,Request timeout: 300.0s exceeded,371,21.16838264042747
435,2026-09-14T02:32:08.649+00:00,2026-09-14T02:37:02.309+00:00,2026-09-14T02:37:08.667+00:00,False,105,104.0,,104.0,293660.211662,300018.15521399997,300018.15542699996,2857.3157659714284,0.0,293660.211662,28652.349797543906,89.16895180000002,61.13407261538462,28.128180083039194,0.34664568857780564,1,64,,True,False,Request timeout: 300.0s exceeded,496,21.16838264042747
436,2026-09-14T02:32:11.531+00:00,2026-09-14T02:37:06.938+00:00,2026-09-14T02:37:11.541+00:00,False,69,68.0,,68.0,295406.96671899996,300009.79014299996,300009.789977,4347.9679706811585,0.0,295406.96671899996,35554.68510887738,89.6052052,67.68857976470588,31.96779550758758,0.22665926991111768,1,64,,True,False,Request timeout: 300.0s exceeded,316,21.16838264042747
437,2026-09-14T02:32:14.381+00:00,2026-09-14T02:37:07.930+00:00,2026-09-14T02:37:14.423+00:00,False,97,96.0,,96.0,293549.165302,300041.92127,300041.92125200003,3093.2156830103095,0.030100000000000002,293549.165302,29798.541607246174,89.4621488,67.63287466666667,20.174838062374693,0.31995529022630165,1,64,,True,False,Request timeout: 300.0s exceeded,238,21.16838264042747
438,2026-09-14T02:32:17.526+00:00,2026-09-14T02:37:11.148+00:00,2026-09-14T02:37:17.535+00:00,False,101,100.0,,100.0,293622.55723000003,300009.85399800004,300009.854002,2970.394594079208,0.02212,293622.55723000003,29210.187526390706,88.212214,63.87296768,19.871131482049737,0.3333223848062892,1,64,,True,False,Request timeout: 300.0s exceeded,486,21.16838264042747
439,2026-09-14T02:32:20.976+00:00,2026-09-14T02:37:14.641+00:00,2026-09-14T02:37:21.034+00:00,False,100,99.0,,99.0,293665.03743300005,300058.30898500007,300058.30913400004,3000.5830913400005,0.023719999999999998,293665.03743300005,29360.052758529288,89.03232489999999,64.57850052525252,20.180507214776085,0.32993587258051577,1,64,,True,False,Request timeout: 300.0s exceeded,486,21.16838264042747
440,2026-09-14T02:32:25.078+00:00,2026-09-14T02:37:18.711+00:00,2026-09-14T02:37:25.144+00:00,False,97,96.0,,96.0,293632.78835600003,300065.75936400006,300065.759452,3093.461437649485,0.022260000000000002,293632.78835600003,29807.095394178337,87.33824580000001,67.01011466666667,20.058908288053384,0.3199298720502979,1,64,,True,False,Request timeout: 300.0s exceeded,401,21.16838264042747
441,2026-09-14T02:32:28.100+00:00,2026-09-14T02:37:21.798+00:00,2026-09-14T02:37:28.113+00:00,False,96,95.0,,95.0,293698.038531,300013.098499,300013.098506,3125.1364427708336,0.027280000000000002,293698.038531,29968.652825292313,89.09815199999998,66.47431545263157,20.289581118303673,0.316652841076926,1,64,,True,False,Request timeout: 300.0s exceeded,467,21.16838264042747
442,2026-09-14T02:32:32.781+00:00,2026-09-14T02:37:26.485+00:00,2026-09-14T02:37:32.795+00:00,False,91,90.0,,90.0,293703.717602,300014.00957,300014.009588,3296.85724821978,0.023279,293703.717602,30781.171241258387,87.856414,70.1143552,19.096254165166926,0.2999859910841963,1,64,,True,False,Request timeout: 300.0s exceeded,344,21.16838264042747
443,2026-09-14T02:32:37.738+00:00,2026-09-14T02:37:31.344+00:00,2026-09-14T02:37:37.751+00:00,False,94,93.0,,93.0,293605.27687,300013.094342,300013.094534,3191.628665255319,0.02199,293605.27687,30275.97113825752,86.75572815,68.90126313978494,18.68436662521346,0.30998646977049815,1,64,,True,False,Request timeout: 300.0s exceeded,359,21.16838264042747
444,2026-09-14T02:32:41.847+00:00,2026-09-14T02:37:35.625+00:00,2026-09-14T02:37:41.902+00:00,False,94,93.0,,93.0,293778.00922899996,300054.07246099995,300054.07246699993,3192.0646007127657,0.04954,293778.00922899996,30293.933997763572,88.14559150000001,67.48455088172042,19.88713295852326,0.3099441351927921,1,64,,True,False,Request timeout: 300.0s exceeded,374,21.16838264042747
445,2026-09-14T02:32:46.309+00:00,2026-09-14T02:37:40.090+00:00,2026-09-14T02:37:46.345+00:00,False,90,89.0,,89.0,293780.762025,300036.240809,300036.240772,3333.7360085777777,0.03842,293780.762025,30959.80784338155,88.20491495,70.28627847191012,18.234784011417734,0.2966308328621424,1,64,,True,False,Request timeout: 300.0s exceeded,473,21.16838264042747
446,2026-09-14T02:32:50.268+00:00,2026-09-14T02:37:44.192+00:00,2026-09-14T02:37:50.290+00:00,False,90,89.0,,89.0,293923.722612,300021.973108,300021.97303,3333.5774781111113,0.023129999999999998,293923.722612,30975.0635696543,86.35904855000001,68.51966849438202,18.478442175645473,0.296644939295704,1,64,,True,False,Request timeout: 300.0s exceeded,344,21.16838264042747
447,2026-09-14T02:32:54.973+00:00,2026-09-14T02:37:48.810+00:00,2026-09-14T02:37:54.984+00:00,False,90,89.0,,89.0,293836.526282,300010.24097,300010.240812,3333.4471201333336,0.03519,293836.526282,30965.783700228065,87.86935294999999,69.36758076404494,19.798768874009358,0.29665653983091766,1,64,,True,False,Request timeout: 300.0s exceeded,411,21.16838264042747
448,2026-09-14T02:32:59.736+00:00,2026-09-14T02:37:53.422+00:00,2026-09-14T02:37:59.757+00:00,False,90,89.0,,89.0,293686.191277,300021.209005,300021.208956,3333.5689884,0.038759999999999996,293686.191277,30949.746268173087,90.42318995000001,71.17997447191011,20.28116010916983,0.2966456947999192,1,64,,True,False,Request timeout: 300.0s exceeded,441,21.16838264042747
449,2026-09-14T02:33:02.580+00:00,2026-09-14T02:37:56.259+00:00,2026-09-14T02:38:02.594+00:00,False,93,92.0,,92.0,293679.10405,300014.142002,300014.14179900003,3225.958513967742,0.04907,293679.10405,30445.971128396788,90.2968668,68.85910817391304,20.788276393285038,0.306652211079392,1,64,,True,False,Request timeout: 300.0s exceeded,475,21.16838264042747
450,2026-09-14T02:33:07.476+00:00,2026-09-14T02:38:01.468+00:00,2026-09-14T02:38:07.553+00:00,False,89,88.0,,88.0,293991.936557,300076.45418899995,300076.45443399996,3371.645555438202,0.02025,293991.936557,31155.7608227115,90.5820144,69.1422458181818,20.910571385791037,0.2932585971726197,1,64,,True,False,Request timeout: 300.0s exceeded,326,21.16838264042747
451,2026-09-14T02:33:12.026+00:00,2026-09-14T02:38:05.556+00:00,2026-09-14T02:38:12.765+00:00,False,62,61.0,,61.0,293529.90947899997,300738.44989499997,300738.44971499994,4850.620156693548,0.048229999999999995,293529.90947899997,37265.21653832014,92.0712397,118.17279370491802,378.29785714758407,0.20283405737210383,1,64,,True,False,Request timeout: 300.0s exceeded,282,21.16838264042747
452,2026-09-14T02:33:14.791+00:00,2026-09-14T02:38:08.118+00:00,2026-09-14T02:38:14.815+00:00,False,109,108.0,,108.0,293327.103334,300023.882598,300023.882781,2752.51268606422,0.01753,293327.103334,28091.148614493493,88.05970560000002,62.00721540740741,286.4353245239499,0.35997134316373236,1,64,,True,False,Request timeout: 300.0s exceeded,676,21.16838264042747
453,2026-09-14T02:33:18.861+00:00,2026-09-14T02:38:14.041+00:00,2026-09-14T02:38:18.944+00:00,False,75,74.0,,74.0,295180.21775199997,300083.13640799996,300083.136625,4001.108488333333,0.04728,295180.21775199997,34076.83083564601,86.51565640000001,66.25565751351351,19.921821247204207,0.24659832900235984,1,64,,True,False,Request timeout: 300.0s exceeded,203,21.16838264042747
454,2026-09-14T02:33:22.046+00:00,2026-09-14T02:38:15.345+00:00,2026-09-14T02:38:22.054+00:00,False,101,100.0,,100.0,293298.93339099997,300007.32430299994,300007.32428299997,2970.3695473564353,0.02447,293298.93339099997,29177.666451184723,88.68270299999999,67.08390912,20.156038585009355,0.3333251954175708,1,64,,True,False,Request timeout: 300.0s exceeded,489,21.16838264042747
455,2026-09-14T02:33:26.440+00:00,2026-09-14T02:38:20.770+00:00,2026-09-14T02:38:26.471+00:00,False,86,85.0,,85.0,294329.97378299996,300030.308631,300030.30864199996,3488.724519093023,0.020399999999999998,294329.97378299996,31731.191980043488,88.345873,67.06276291764705,20.00812424056416,0.28330471140680474,1,64,,True,False,Request timeout: 300.0s exceeded,325,21.16838264042747
456,2026-09-14T02:33:29.866+00:00,2026-09-14T02:38:23.659+00:00,2026-09-14T02:38:29.901+00:00,False,95,94.0,,94.0,293793.685972,300035.56194,300035.561789,3158.269071463158,0.02124,293793.685972,30135.78998238815,88.13176299999999,66.40293582978722,20.05324671529274,0.3132961952650059,1,64,,True,False,Request timeout: 300.0s exceeded,155,21.16838264042747
457,2026-09-14T02:33:33.941+00:00,2026-09-14T02:38:27.500+00:00,2026-09-14T02:38:33.988+00:00,False,99,98.0,,98.0,293558.43397799996,300047.04069799994,300047.04076199996,3030.778189515151,0.019489999999999997,293558.43397799996,29497.08515523646,88.69823400000001,66.21027265306122,20.168152536591887,0.32661545260377317,1,64,,True,False,Request timeout: 300.0s exceeded,517,21.16838264042747
458,2026-09-14T02:33:38.916+00:00,2026-09-14T02:38:32.385+00:00,2026-09-14T02:38:38.958+00:00,False,94,93.0,,93.0,293468.636005,300041.738853,300041.739091,3191.9333945851063,0.03516,293468.636005,30261.695119572378,89.56688375,70.67852524731182,19.82567236889742,0.30995687585174164,1,64,,True,False,Request timeout: 300.0s exceeded,418,21.16838264042747
459,2026-09-14T02:33:43.507+00:00,2026-09-14T02:38:37.379+00:00,2026-09-14T02:38:43.568+00:00,False,93,92.0,,92.0,293871.85557200003,300060.595924,300060.595929,3226.458020741936,0.020649999999999998,293871.85557200003,30466.123572995813,88.31699199999998,67.26891686956522,21.013136709607178,0.3066047366755945,1,64,,True,False,Request timeout: 300.0s exceeded,466,21.16838264042747
460,2026-09-14T02:33:46.409+00:00,2026-09-14T02:38:40.159+00:00,2026-09-14T02:38:46.458+00:00,False,99,98.0,,98.0,293750.435186,300049.54533,300049.545231,3030.803487181818,0.022268999999999997,293750.435186,29516.57644730009,85.532405,64.27663412244898,20.331536140525515,0.3266127262156582,1,64,,True,False,Request timeout: 300.0s exceeded,529,21.16838264042747
461,2026-09-14T02:33:50.161+00:00,2026-09-14T02:38:43.728+00:00,2026-09-14T02:38:50.223+00:00,False,100,99.0,,99.0,293567.04199199995,300061.892808,300061.89273399994,3000.6189273399996,0.02045,293567.04199199995,29350.15019602504,86.82840645000002,65.60455369696969,19.560317991914868,0.32993193195427495,1,64,,True,False,Request timeout: 300.0s exceeded,449,21.16838264042747
462,2026-09-14T02:33:54.515+00:00,2026-09-14T02:38:48.133+00:00,2026-09-14T02:38:54.590+00:00,False,96,95.0,,95.0,293617.266774,300074.92463,300074.924665,3125.780465260417,0.02321,293617.266774,29960.255416361244,88.2139935,67.97534585263158,19.560763343350764,0.3165875993041985,1,64,,True,False,Request timeout: 300.0s exceeded,396,21.16838264042747
463,2026-09-14T02:33:58.853+00:00,2026-09-14T02:38:52.399+00:00,2026-09-14T02:38:58.868+00:00,False,97,96.0,,96.0,293546.097343,300015.177407,300015.177469,3092.9399739072164,0.04372,293546.097343,29798.254541453665,87.3638438,67.38625066666667,19.254426184746507,0.3199838115848606,1,64,,True,False,Request timeout: 300.0s exceeded,415,21.16838264042747
464,2026-09-14T02:34:03.878+00:00,2026-09-14T02:38:57.954+00:00,2026-09-14T02:39:03.884+00:00,False,85,84.0,,84.0,294075.80168300006,300006.18529900006,300006.18540700007,3529.484534200001,0.023530000000000002,294075.80168300006,31889.347151816302,87.89027820000001,70.59980495238095,19.062583477688612,0.2799942271732888,1,64,,True,False,Request timeout: 300.0s exceeded,414,21.16838264042747
465,2026-09-14T02:34:08.100+00:00,2026-09-14T02:39:02.101+00:00,2026-09-14T02:39:08.156+00:00,False,94,93.0,,93.0,294000.991509,300056.355605,300056.35574900004,3192.0888909468085,0.04137,294000.991509,30317.177834871894,89.02186115,65.11144189247311,20.20603357322924,0.3099417768121766,1,64,,True,False,Request timeout: 300.0s exceeded,438,21.16838264042747
466,2026-09-14T02:34:12.505+00:00,2026-09-14T02:39:06.264+00:00,2026-09-14T02:39:12.546+00:00,False,95,94.0,,94.0,293758.676129,300040.644769,300040.64482100005,3158.3225770631584,0.02135,293758.676129,30132.15445153838,88.4247597,66.82945361702127,20.298503809393935,0.3132908878807743,1,64,,True,False,Request timeout: 300.0s exceeded,404,21.16838264042747
467,2026-09-14T02:34:16.648+00:00,2026-09-14T02:39:10.413+00:00,2026-09-14T02:39:16.670+00:00,False,93,92.0,,92.0,293765.768782,300021.956174,300021.955969,3226.0425373010753,0.02366,293765.768782,30455.046080718228,87.4015004,68.00203686956522,19.827338467437766,0.3066442242201898,1,64,,True,False,Request timeout: 300.0s exceeded,450,21.16838264042747
468,2026-09-14T02:34:20.358+00:00,2026-09-14T02:39:13.960+00:00,2026-09-14T02:39:20.384+00:00,False,94,93.0,,93.0,293601.894627,300025.48195499997,300025.48202999996,3191.760447127659,0.02946,293601.894627,30275.605316993588,87.691993,69.07083148387096,19.51738406896704,0.3099736708828913,1,64,,True,False,Request timeout: 300.0s exceeded,385,21.16838264042747
469,2026-09-14T02:34:25.302+00:00,2026-09-14T02:39:18.867+00:00,2026-09-14T02:39:25.333+00:00,False,96,95.0,,95.0,293564.46479500004,300030.757019,300030.75713800004,3125.320386854167,0.06287,293564.46479500004,29954.857047160207,86.72251424999999,68.0662339368421,19.538119912637697,0.31663420425254585,1,64,,True,False,Request timeout: 300.0s exceeded,484,21.16838264042747
470,2026-09-14T02:34:29.930+00:00,2026-09-14T02:39:23.699+00:00,2026-09-14T02:39:29.973+00:00,False,95,94.0,,94.0,293769.56184100005,300043.57937700005,300043.57919,3158.3534651578952,0.035679999999999996,293769.56184100005,30133.280336792028,88.409077,66.74486740425532,20.82642153647634,0.3132878237060706,1,64,,True,False,Request timeout: 300.0s exceeded,419,21.16838264042747
471,2026-09-14T02:34:34.060+00:00,2026-09-14T02:39:27.493+00:00,2026-09-14T02:39:34.109+00:00,False,101,100.0,,100.0,293432.65704900003,300048.602521,300048.60245700006,2970.7782421485153,0.02246,293432.65704900003,29191.064616076495,89.685761,66.15945472,20.417747495805468,0.3332793392797126,1,64,,True,False,Request timeout: 300.0s exceeded,448,21.16838264042747
472,2026-09-14T02:34:37.237+00:00,2026-09-14T02:39:30.863+00:00,2026-09-14T02:39:36.774+00:00,True,109,109.0,,109.0,293625.54161,299536.831466,299536.831645,2748.0443270183487,21.295895,293625.54161,28118.989604601593,87.59914520000001,54.73416533333334,18.47075141154999,0.3638951492760663,1,64,,True,True,,387,21.16838264042747
0,2026-09-14T02:04:40.876+00:00,2026-09-14T02:04:41.041+00:00,2026-09-14T02:04:46.891+00:00,True,122,122.0,,122.0,165.123222,6014.816406,6014.816364,49.30177347540984,0.024329999999999997,165.123222,20.715240466848837,83.04080269999999,48.34457176859504,17.888123974981216,20.283245865709308,2,64,,False,True,,626,21.16838264042747
1,2026-09-14T02:04:45.759+00:00,2026-09-14T02:04:45.934+00:00,2026-09-14T02:04:58.916+00:00,True,204,204.0,,204.0,175.51837,13157.150882,13157.150764,64.49583707843138,39.622936,175.51837,22.47759542424386,96.10884715,63.94892863054187,21.128721438570402,15.504876536689093,2,64,,False,True,,957,21.16838264042747
2,2026-09-14T02:04:49.193+00:00,2026-09-14T02:04:53.495+00:00,2026-09-14T02:05:05.169+00:00,True,175,175.0,,175.0,4302.461174,15975.948022,15975.947883,91.29113076,39.933445,4302.461174,320.919054125239,96.65408670000001,67.08900487356321,22.064092931647217,10.953966535132233,2,64,,False,True,,720,21.16838264042747
3,2026-09-14T02:04:53.317+00:00,2026-09-14T02:04:59.517+00:00,2026-09-14T02:05:07.831+00:00,True,131,131.0,,131.0,6200.838392,14514.036216,14514.036023999999,110.7941681221374,39.452297,6200.838392,536.5933220698113,94.96193500000001,63.947675569230775,21.07115562574416,9.025745702328347,2,64,,False,True,,613,21.16838264042747
4,2026-09-14T02:04:56.627+00:00,2026-09-14T02:05:05.533+00:00,2026-09-14T02:05:19.852+00:00,True,216,216.0,,216.0,8906.172902,23224.826086,23224.825998,107.52234258333334,21.826964,8906.172902,601.8702166254182,96.3946625,66.59838690232557,22.35447106056637,9.300392571301341,2,64,,False,True,,943,21.16838264042747
5,2026-09-14T02:05:00.543+00:00,2026-09-14T02:05:12.612+00:00,2026-09-14T02:05:19.573+00:00,True,104,104.0,,104.0,12069.327664999999,19030.019633,19030.019577,182.98095747115383,17.330273000000002,12069.327664999999,1177.0937136909051,95.182795,67.5795336699029,23.151378022034425,5.4650495378183095,2,64,,False,True,,507,21.16838264042747
6,2026-09-14T02:05:04.592+00:00,2026-09-14T02:05:19.479+00:00,2026-09-14T02:05:32.960+00:00,True,203,203.0,,203.0,14887.357297,28368.545905,28368.545757,139.7465308226601,39.636226,14887.357297,1040.429519314249,95.4248691,66.73855746534653,21.73879722863047,7.1558126623691685,2,64,,False,True,,952,21.16838264042747
7,2026-09-14T02:05:07.882+00:00,2026-09-14T02:05:26.071+00:00,2026-09-14T02:05:36.862+00:00,True,158,158.0,,158.0,18188.79507,28979.571133999998,28979.571002,183.41500634177214,39.026158,18188.79507,1441.7200056552851,95.35243634999999,68.73105773248408,21.888835396636075,5.452116570994663,2,64,,False,True,,677,21.16838264042747
8,2026-09-14T02:05:11.517+00:00,2026-09-14T02:05:31.777+00:00,2026-09-14T02:05:42.563+00:00,True,169,169.0,,169.0,20260.329083999997,31045.648763999998,31045.648945999998,183.70206476923076,0.01852,20260.329083999997,1553.8098586137464,97.0057936,64.19833142857142,28.582104346448464,5.443596984707548,2,64,,False,True,,554,21.16838264042747
9,2026-09-14T02:05:16.450+00:00,2026-09-14T02:05:41.673+00:00,2026-09-14T02:06:01.409+00:00,True,298,298.0,,298.0,25223.532855999998,44959.527992,44959.528076999995,150.87089958724832,38.665158000000005,25223.532855999998,1457.4737050905992,95.56195315000001,66.45116207407408,21.839900551974814,6.628183464315405,2,64,,False,True,,623,21.16838264042747
10,2026-09-14T02:05:19.809+00:00,2026-09-14T02:05:46.247+00:00,2026-09-14T02:05:54.701+00:00,True,131,131.0,,131.0,26438.175896,34892.304024,34892.304191,266.35346710687026,40.157406,26438.175896,2304.3329403954226,95.72720400000001,65.03175483076923,21.619264322286732,3.7544095657854575,2,64,,False,True,,638,21.16838264042747
11,2026-09-14T02:05:22.922+00:00,2026-09-14T02:05:51.858+00:00,2026-09-14T02:06:01.768+00:00,True,150,150.0,,150.0,28936.040054,38845.434998,38845.434892,258.96956594666665,40.129645,28936.040054,2357.290032096252,95.63023990000002,66.50600633557048,22.0511178285415,3.861457594894302,2,64,,False,True,,783,21.16838264042747
12,2026-09-14T02:05:26.129+00:00,2026-09-14T02:05:57.671+00:00,2026-09-14T02:06:07.552+00:00,True,149,149.0,,149.0,31542.343471,41423.597871,41423.597849,278.010723818792,38.972538,31542.343471,2578.672029738959,95.43883440000002,66.76523243243244,21.878614588628785,3.5969835470113165,2,64,,False,True,,661,21.16838264042747
13,2026-09-14T02:05:29.630+00:00,2026-09-14T02:06:04.105+00:00,2026-09-14T02:06:22.785+00:00,True,278,278.0,,278.0,34475.105412,53154.75674,53154.756741,191.2041609388489,33.53199,34475.105412,2063.757741625995,94.4392917,67.43556436101083,22.557585708159156,5.2300117063803535,2,64,,False,True,,1220,21.16838264042747
14,2026-09-14T02:05:33.406+00:00,2026-09-14T02:06:10.765+00:00,2026-09-14T02:06:26.274+00:00,True,236,236.0,,236.0,37358.541446999996,52867.96327099999,52867.963385999996,224.01679400847456,13.766811,37358.541446999996,2427.6431205372623,93.73927225,65.99753967659575,22.65707654855224,4.463951047069267,2,64,,False,True,,1111,21.16838264042747
15,2026-09-14T02:05:37.631+00:00,2026-09-14T02:06:18.374+00:00,2026-09-14T02:06:32.740+00:00,True,217,217.0,,217.0,40742.486857,55108.423497,55108.423426,253.95586832258067,9.6681,40742.486857,2761.3596355949458,95.0683338,66.50896592592592,22.877701898068857,3.9376920301814304,2,64,,False,True,,776,21.16838264042747
16,2026-09-14T02:05:40.601+00:00,2026-09-14T02:06:22.573+00:00,2026-09-14T02:06:36.199+00:00,True,210,210.0,,210.0,41971.191508,55597.802452,55597.802445,264.7514402142857,0.01736,41971.191508,2891.9988310858607,95.05107095,65.19909542583733,34.986397868745485,3.7771277053855163,2,64,,False,True,,1121,21.16838264042747
17,2026-09-14T02:05:45.263+00:00,2026-09-14T02:06:31.817+00:00,2026-09-14T02:06:44.970+00:00,True,196,196.0,,196.0,46553.880752,59706.745008,59706.744859,304.6262492806122,0.01767,46553.880752,3320.616517430771,94.973775,67.45058592820513,32.39583116785627,3.282711190732945,2,64,,False,True,,913,21.16838264042747
18,2026-09-14T02:05:50.011+00:00,2026-09-14T02:06:40.114+00:00,2026-09-14T02:06:55.796+00:00,True,236,236.0,,236.0,50102.319745,65784.942465,65784.942472,278.7497562372881,5.737397,50102.319745,3257.1193715817835,95.45203824999999,66.73456476595744,22.905510390197982,3.5874470837389674,2,64,,False,True,,963,21.16838264042747
19,2026-09-14T02:05:53.303+00:00,2026-09-14T02:06:44.923+00:00,2026-09-14T02:06:54.059+00:00,True,140,140.0,,140.0,51620.42258,60756.129971999995,60756.130195,433.97235853571425,14.889519,51620.42258,4357.228296197332,95.5097825,65.72451361151079,23.14962674076992,2.3042942344175024,2,64,,False,True,,646,21.16838264042747
20,2026-09-14T02:05:56.813+00:00,2026-09-14T02:06:51.068+00:00,2026-09-14T02:07:02.333+00:00,True,170,170.0,,170.0,54255.011204999995,65519.451525,65519.451496999995,385.40853821764705,39.629977,54255.011204999995,4156.112717643094,95.00108840000001,66.65349301775147,21.523061945855773,2.5946493147173824,2,64,,False,True,,227,21.16838264042747
21,2026-09-14T02:06:01.350+00:00,2026-09-14T02:06:59.288+00:00,2026-09-14T02:07:09.571+00:00,True,156,156.0,,156.0,57937.408826,68220.716602,68220.71667,437.3122863461538,0.0,57937.408826,4633.469987388784,95.73356025,66.34392113548387,26.728599562264712,2.2866954170256637,2,64,,False,True,,642,21.16838264042747
22,2026-09-14T02:06:06.234+00:00,2026-09-14T02:07:07.821+00:00,2026-09-14T02:07:25.693+00:00,True,268,268.0,,268.0,61587.776183,79459.701943,79459.702128,296.4914258507463,0.0,61587.776183,3758.070699097819,96.5673432,66.93605153558052,25.65937076583007,3.372778823059875,2,64,,False,True,,928,21.16838264042747
23,2026-09-14T02:06:10.117+00:00,2026-09-14T02:07:14.994+00:00,2026-09-14T02:07:28.312+00:00,True,197,197.0,,197.0,64876.678657,78194.96985699999,78194.969883,396.9287811319797,0.02134,64876.678657,4617.593546291809,95.4288334,67.95046530612245,38.87966171303906,2.519343640137801,2,64,,False,True,,486,21.16838264042747
24,2026-09-14T02:06:12.966+00:00,2026-09-14T02:07:20.693+00:00,2026-09-14T02:07:37.167+00:00,True,250,250.0,,250.0,67726.883669,84200.40174900001,84200.401607,336.801606428,0.016189,67726.883669,4279.396654299986,94.20176205,66.15870714859437,36.692255414338675,2.9691069734470608,2,64,,False,True,,1140,21.16838264042747
25,2026-09-14T02:06:16.822+00:00,2026-09-14T02:07:27.066+00:00,2026-09-14T02:07:37.219+00:00,True,155,155.0,,155.0,70244.66004,80397.40628,80397.406291,518.6929438129032,0.01814,70244.66004,5637.065478382751,94.049447,65.92692363636364,44.433541094170316,1.9279228916935653,2,64,,False,True,,683,21.16838264042747
26,2026-09-14T02:06:20.262+00:00,2026-09-14T02:07:32.520+00:00,2026-09-14T02:07:49.892+00:00,True,268,268.0,,268.0,72258.91643299999,89630.29947299999,89630.299657,334.44141663059696,37.084582000000005,72258.91643299999,4409.9897467430155,92.677567,65.06135970037452,20.65002746514158,2.990060298534779,2,64,,False,True,,940,21.16838264042747
27,2026-09-14T02:06:24.597+00:00,2026-09-14T02:07:40.285+00:00,2026-09-14T02:07:47.659+00:00,True,117,117.0,,117.0,75688.024302,83061.865454,83061.86539800001,709.9304734871795,40.590934000000004,75688.024302,6991.511848793632,91.6881168,63.567596137931034,19.997716341748358,1.408588638847692,2,64,,False,True,,586,21.16838264042747
28,2026-09-14T02:06:28.039+00:00,2026-09-14T02:07:46.316+00:00,2026-09-14T02:07:55.067+00:00,True,139,139.0,,139.0,78277.605545,87028.474793,87028.474802,626.1041352661871,0.0,78277.605545,6634.091003329513,92.68662570000001,63.412096,25.772983876162115,1.5971783985714552,2,64,,False,True,,641,21.16838264042747
29,2026-09-14T02:06:31.642+00:00,2026-09-14T02:07:52.498+00:00,2026-09-14T02:08:08.973+00:00,True,250,250.0,,250.0,80855.471428,97330.54010000001,97330.540028,389.322160112,37.656502,80855.471428,5109.61071068844,95.38283095000001,66.16493442570281,21.80249820849233,2.568566862396359,2,64,,False,True,,978,21.16838264042747
30,2026-09-14T02:06:36.018+00:00,2026-09-14T02:07:59.171+00:00,2026-09-14T02:08:07.494+00:00,True,127,127.0,,127.0,83152.784854,91475.748054,91475.74795799999,720.281479984252,40.690794000000004,83152.784854,7372.789583276764,96.37107030000001,66.05526349206349,22.660758537164906,1.388346121258602,2,64,,False,True,,631,21.16838264042747
31,2026-09-14T02:06:39.548+00:00,2026-09-14T02:08:06.243+00:00,2026-09-14T02:08:15.031+00:00,True,136,136.0,,136.0,86694.642616,95482.436792,95482.436696,702.0767404117647,0.0,86694.642616,7428.477895165443,94.83700474999999,65.09477167407408,28.809511116062758,1.4243457181163477,2,64,,False,True,,577,21.16838264042747
32,2026-09-14T02:06:43.143+00:00,2026-09-14T02:08:12.488+00:00,2026-09-14T02:08:22.957+00:00,True,150,150.0,,150.0,89344.920452,99814.32614800001,99814.326255,665.4288417,0.0,89344.920452,7289.451812546295,94.22821950000001,70.26446775838926,55.07643021703597,1.5027902886163558,2,64,,False,True,,454,21.16838264042747
33,2026-09-14T02:06:46.789+00:00,2026-09-14T02:08:19.298+00:00,2026-09-14T02:08:34.553+00:00,True,229,229.0,,229.0,92508.47274,107763.583908,107763.583724,470.5833350393013,0.016800000000000002,92508.47274,6108.883571765763,96.608446,66.90838231578948,46.082640584967,2.1250221243152234,2,64,,False,True,,1088,21.16838264042747
34,2026-09-14T02:06:51.730+00:00,2026-09-14T02:08:28.299+00:00,2026-09-14T02:08:37.765+00:00,True,140,140.0,,140.0,96569.339884,106035.361772,106035.36173,757.3954409285715,0.0,96569.339884,8155.885722209505,97.1828344,68.10087689208633,26.408911739,1.3203142580022658,2,64,,False,True,,683,21.16838264042747
35,2026-09-14T02:06:55.918+00:00,2026-09-14T02:08:35.693+00:00,2026-09-14T02:08:47.514+00:00,True,178,178.0,,178.0,99775.41058499999,111596.469401,111596.46941899999,626.9464574101123,0.0,99775.41058499999,7473.520715274359,96.42894684999999,66.78564302824859,25.51512673369552,1.5950325396083271,2,64,,False,True,,942,21.16838264042747
36,2026-09-14T02:06:59.141+00:00,2026-09-14T02:08:41.894+00:00,2026-09-14T02:08:50.448+00:00,True,132,132.0,,132.0,102752.289369,111306.925145,111306.925159,843.2342815075758,36.665822999999996,102752.289369,8937.782108937789,94.46173255,65.30256317557252,22.105920786932913,1.1859100395419515,2,64,,False,True,,551,21.16838264042747
37,2026-09-14T02:07:03.203+00:00,2026-09-14T02:08:49.529+00:00,2026-09-14T02:09:07.358+00:00,True,271,271.0,,271.0,106325.189495,124154.999415,124154.999302,458.1365287896679,0.0,106325.189495,6454.839048983815,95.48359349999998,66.03633303703704,26.739425246760998,2.1827554369692073,2,64,,False,True,,1399,21.16838264042747
38,2026-09-14T02:07:07.126+00:00,2026-09-14T02:08:55.605+00:00,2026-09-14T02:09:13.841+00:00,True,277,277.0,,277.0,108478.476065,126714.354209,126714.354261,457.4525424584837,0.0,108478.476065,6513.925081968903,96.2932748,66.07202226086956,26.82370674151711,2.1860191114822083,2,64,,False,True,,1002,21.16838264042747
39,2026-09-14T02:07:10.130+00:00,2026-09-14T02:09:01.627+00:00,2026-09-14T02:09:11.456+00:00,True,151,151.0,,151.0,111497.369466,121326.309754,121326.309628,803.4854942251656,34.843056,111497.369466,9068.223100442005,96.29094649999999,65.52626858666666,22.733960611920363,1.2445775389209979,2,64,,False,True,,662,21.16838264042747
40,2026-09-14T02:07:14.206+00:00,2026-09-14T02:09:08.643+00:00,2026-09-14T02:09:21.042+00:00,True,186,186.0,,186.0,114436.213604,126835.966308,126835.966296,681.9137972903226,0.015880000000000002,114436.213604,8386.135951874588,98.01679,67.02569029189189,55.128668514280214,1.46646101586304,2,64,,False,True,,957,21.16838264042747
41,2026-09-14T02:07:17.752+00:00,2026-09-14T02:09:15.485+00:00,2026-09-14T02:09:22.096+00:00,True,101,101.0,,101.0,117733.256378,124344.594618,124344.594695,1231.134600940594,0.0,117733.256378,11708.608390565581,96.603626,66.11338239999999,82.8301034035254,0.8122588706833851,2,64,,False,True,,491,21.16838264042747
42,2026-09-14T02:07:22.310+00:00,2026-09-14T02:09:23.229+00:00,2026-09-14T02:09:33.961+00:00,True,163,163.0,,163.0,120919.767492,131651.65306,131651.652917,807.6788522515337,40.176576000000004,120919.767492,9466.003264772355,96.5087681,66.24620720987654,21.787219344348767,1.2381158626676192,2,64,,False,True,,810,21.16838264042747
43,2026-09-14T02:07:26.284+00:00,2026-09-14T02:09:29.533+00:00,2026-09-14T02:09:42.020+00:00,True,192,192.0,,192.0,123248.997648,135736.10216,135736.102086,706.9588650312501,39.474477,123248.997648,8890.038019341508,95.9480915,65.37751053403142,21.55248512928685,1.4145094558091735,2,64,,False,True,,976,21.16838264042747
44,2026-09-14T02:07:31.126+00:00,2026-09-14T02:09:38.130+00:00,2026-09-14T02:09:55.628+00:00,True,265,265.0,,265.0,127004.577093,144501.937989,144501.937999,545.2903320716981,0.0,127004.577093,7797.809210140461,95.057248,66.27788218181819,28.387407581423485,1.833885439101673,2,64,,False,True,,1317,21.16838264042747
45,2026-09-14T02:07:35.937+00:00,2026-09-14T02:09:46.676+00:00,2026-09-14T02:09:56.215+00:00,True,142,142.0,,142.0,130739.244618,140278.279242,140278.279162,987.8752053661972,39.452307,130739.244618,10965.739178715943,96.67320055,67.65272782978724,22.432057004727376,1.0122736090526874,2,64,,False,True,,609,21.16838264042747
46,2026-09-14T02:07:40.070+00:00,2026-09-14T02:09:54.060+00:00,2026-09-14T02:10:02.029+00:00,True,119,119.0,,119.0,133989.82298899998,141958.65140499998,141958.65123899997,1192.9298423445377,36.392743,133989.82298899998,12276.655977266502,94.1759139,67.53244420338983,22.10439375781468,0.8382722632416375,2,64,,False,True,,529,21.16838264042747
47,2026-09-14T02:07:44.130+00:00,2026-09-14T02:10:01.395+00:00,2026-09-14T02:10:12.780+00:00,True,172,172.0,,172.0,137265.068077,148650.589741,148650.589711,864.2476145988372,0.0,137265.068077,10461.331838388942,95.7251666,66.58199803508772,30.89336476037609,1.1570757996970118,2,64,,False,True,,824,21.16838264042747
48,2026-09-14T02:07:48.089+00:00,2026-09-14T02:10:08.985+00:00,2026-09-14T02:10:26.348+00:00,True,264,264.0,,264.0,140896.456073,158259.247753,158259.24776300002,599.4668475871213,0.0,140896.456073,8667.733712070692,95.74894199999999,66.01821931558935,61.79267022037779,1.6681489628462836,2,64,,False,True,,1354,21.16838264042747
49,2026-09-14T02:07:51.351+00:00,2026-09-14T02:10:14.602+00:00,2026-09-14T02:10:27.049+00:00,True,190,190.0,,190.0,143251.442213,155698.650917,155698.650915,819.4665837631579,0.01666,143251.442213,10387.998682206777,95.32727795000001,65.85824711111111,68.49583493477854,1.220306013449567,2,64,,False,True,,688,21.16838264042747
50,2026-09-14T02:07:54.536+00:00,2026-09-14T02:10:18.426+00:00,2026-09-14T02:10:25.742+00:00,True,119,119.0,,119.0,143889.898342,151206.657382,151206.657489,1270.644180579832,0.0176,143889.898342,13184.702287194186,94.9034499,62.006432542372885,23.662104064618788,0.7870023850825899,2,64,,False,True,,567,21.16838264042747
51,2026-09-14T02:07:57.449+00:00,2026-09-14T02:10:25.652+00:00,2026-09-14T02:10:40.217+00:00,True,217,217.0,,217.0,148202.98984,162767.776528,162767.77664,750.08192,0.0,148202.98984,10056.148718926921,95.9923378,67.429568,32.30061580065134,1.3331877146006892,2,64,,False,True,,1063,21.16838264042747
52,2026-09-14T02:08:00.362+00:00,2026-09-14T02:10:29.927+00:00,2026-09-14T02:10:46.906+00:00,True,255,255.0,,255.0,149564.811621,166543.813733,166543.813812,653.1129953411764,0.0,149564.811621,9361.975739879563,95.09118269999999,66.84646500787402,30.66233409623219,1.5311286218580977,2,64,,False,True,,1156,21.16838264042747
53,2026-09-14T02:08:03.549+00:00,2026-09-14T02:10:35.968+00:00,2026-09-14T02:10:44.094+00:00,True,122,122.0,,122.0,152419.666567,160545.963655,160545.963675,1315.9505219262296,0.0,152419.666567,13793.401337720567,96.54284199999998,67.1594800661157,38.558022483945194,0.7599069900141987,2,64,,False,True,,556,21.16838264042747
54,2026-09-14T02:08:07.331+00:00,2026-09-14T02:10:42.472+00:00,2026-09-14T02:10:55.149+00:00,True,193,193.0,,193.0,155141.533992,167818.307368,167818.30738900002,869.5249087512954,9.60603,155141.533992,11162.602227284198,95.608524,66.02486133333333,22.632490138788636,1.1500533107915358,2,64,,False,True,,1131,21.16838264042747
55,2026-09-14T02:08:10.661+00:00,2026-09-14T02:10:47.909+00:00,2026-09-14T02:11:01.916+00:00,True,213,213.0,,213.0,157248.04186899998,171255.48660499998,171255.48670699997,804.0163695164318,6.721016,157248.04186899998,10769.95382734897,94.78667959999999,66.0728525283019,22.199565947283077,1.2437557722824002,2,64,,False,True,,1050,21.16838264042747
56,2026-09-14T02:08:14.522+00:00,2026-09-14T02:10:54.916+00:00,2026-09-14T02:11:14.428+00:00,True,297,297.0,,297.0,160393.659953,179905.835313,179905.835261,605.74355306734,0.0,160393.659953,9303.206141001636,94.002916,65.91951135135135,29.641143313833634,1.6508636280934397,2,64,,False,True,,1306,21.16838264042747
57,2026-09-14T02:08:17.589+00:00,2026-09-14T02:11:00.146+00:00,2026-09-14T02:11:16.838+00:00,True,254,254.0,,254.0,162556.566542,179248.599054,179248.59914699997,705.7031462480314,0.0,162556.566542,10195.611987130398,93.35865914999998,65.97641309090909,30.547487169067573,1.4170264166108244,2,64,,False,True,,1056,21.16838264042747
58,2026-09-14T02:08:22.217+00:00,2026-09-14T02:11:08.376+00:00,2026-09-14T02:11:24.984+00:00,True,253,253.0,,253.0,166158.843013,182766.82714100002,182766.827091,722.3985260513834,0.0,166158.843013,10442.219629735562,95.91734400000001,65.90469892063491,31.07832221908483,1.3842774641199895,2,64,,False,True,,1452,21.16838264042747
59,2026-09-14T02:08:25.028+00:00,2026-09-14T02:11:13.518+00:00,2026-09-14T02:11:21.332+00:00,True,118,118.0,,118.0,168490.667109,176304.45987700002,176304.459741,1494.1055910254238,39.386267,168490.667109,15504.692850864882,98.30148349999999,66.78455357264957,23.540576176188633,0.6692967386209259,2,64,,False,True,,472,21.16838264042747
60,2026-09-14T02:08:27.796+00:00,2026-09-14T02:11:18.562+00:00,2026-09-14T02:11:29.460+00:00,True,164,164.0,,164.0,170766.764472,181664.53164,181664.531575,1107.7105583841465,0.01523,170766.764472,13329.684791489026,98.0190838,66.85746728834356,83.74810886456012,0.9027629032451675,2,64,,False,True,,383,21.16838264042747
61,2026-09-14T02:08:32.116+00:00,2026-09-14T02:11:26.323+00:00,2026-09-14T02:11:39.528+00:00,True,202,202.0,,202.0,174207.232756,187411.95442000002,187411.95444700003,927.7819527079208,0.01558,174207.232756,12252.778816311713,94.6056401,65.69513265671642,74.10572951733236,1.0778394613361078,2,64,,False,True,,975,21.16838264042747
62,2026-09-14T02:08:34.880+00:00,2026-09-14T02:11:30.886+00:00,2026-09-14T02:11:42.711+00:00,True,179,179.0,,179.0,176006.450464,187830.987296,187830.987084,1049.3351233743017,0.0,176006.450464,13150.417984841793,95.86005490000001,66.42998220224719,33.89318680494369,0.952984396115198,2,64,,False,True,,815,21.16838264042747
63,2026-09-14T02:08:37.694+00:00,2026-09-14T02:11:35.580+00:00,2026-09-14T02:11:48.040+00:00,True,190,190.0,,190.0,177886.118863,190346.03515100002,190346.035234,1001.8212380736843,0.0,177886.118863,12900.474328740183,96.47381555,65.92548300529101,32.85647013342499,0.9981820732397945,2,64,,False,True,,774,21.16838264042747
64,2026-09-14T02:08:40.489+00:00,2026-09-14T02:11:41.311+00:00,2026-09-14T02:11:57.062+00:00,True,234,234.0,,234.0,180822.444335,196573.20631900002,196573.20623900002,840.0564369188035,0.0,180822.444335,11816.354686464258,95.743943,67.59983684120172,31.137542895081758,1.1903962110699033,2,64,,False,True,,1031,21.16838264042747
65,2026-09-14T02:08:43.640+00:00,2026-09-14T02:11:46.406+00:00,2026-09-14T02:11:58.887+00:00,True,185,185.0,,185.0,182766.29512,195246.86984,195246.86966599998,1055.388484681081,40.073716,182766.29512,13432.2784401041,96.6577302,67.82921043478261,23.290943024793123,0.9475183912121252,2,64,,False,True,,959,21.16838264042747
66,2026-09-14T02:08:46.340+00:00,2026-09-14T02:11:50.641+00:00,2026-09-14T02:12:04.030+00:00,True,204,204.0,,204.0,184301.125325,197690.765517,197690.765465,969.0723797303922,40.322425,184301.125325,12899.060775364822,96.76869715,65.95881867980296,22.22562791763777,1.0319146646354478,2,64,,False,True,,943,21.16838264042747
67,2026-09-14T02:08:50.456+00:00,2026-09-14T02:11:58.756+00:00,2026-09-14T02:12:16.457+00:00,True,262,262.0,,262.0,188299.834681,206001.604665,206001.604804,786.2656671908397,0.0,188299.834681,11629.058406252168,98.23800555000001,67.82287350191571,32.72912675903193,1.2718347530644951,2,64,,False,True,,1243,21.16838264042747
68,2026-09-14T02:08:53.985+00:00,2026-09-14T02:12:05.282+00:00,2026-09-14T02:12:14.776+00:00,True,139,139.0,,139.0,191296.805759,200790.720639,200790.720611,1444.537558352518,39.442347,191296.805759,16219.764118803572,98.58236089999998,68.79648463768116,22.913589252688958,0.6922630665283929,2,64,,False,True,,573,21.16838264042747
69,2026-09-14T02:08:58.421+00:00,2026-09-14T02:12:13.043+00:00,2026-09-14T02:12:31.486+00:00,True,279,279.0,,279.0,194622.52364899998,213065.587201,213065.58727999998,763.6759400716845,0.0,194622.52364899998,11647.81590605492,94.80031199999999,66.34195522302159,31.32906410641252,1.309455945773164,2,64,,False,True,,1327,21.16838264042747
70,2026-09-14T02:09:02.813+00:00,2026-09-14T02:12:20.734+00:00,2026-09-14T02:12:38.056+00:00,True,264,264.0,,264.0,197921.686576,215243.37694400002,215243.37705,815.3158221590909,35.505905,197921.686576,12177.202981641083,93.9857203,65.86194056273764,21.41284481513147,1.2265185751507932,2,64,,False,True,,1125,21.16838264042747
71,2026-09-14T02:09:05.812+00:00,2026-09-14T02:12:26.231+00:00,2026-09-14T02:12:38.596+00:00,True,191,191.0,,191.0,200419.155676,212784.766172,212784.766165,1114.056367356021,33.495099,200419.155676,14497.127564559978,93.7261275,65.08216050526316,21.322598288317554,0.8976206494294298,2,64,,False,True,,870,21.16838264042747
72,2026-09-14T02:09:10.300+00:00,2026-09-14T02:12:34.517+00:00,2026-09-14T02:12:42.531+00:00,True,126,126.0,,126.0,204216.309873,212230.616433,212230.616492,1684.36997215873,39.270576999999996,204216.309873,18187.33506004647,94.77358775,64.11445248,20.945381179405608,0.5936937945980922,2,64,,False,True,,552,21.16838264042747
73,2026-09-14T02:09:13.555+00:00,2026-09-14T02:12:40.205+00:00,2026-09-14T02:12:55.158+00:00,True,230,230.0,,230.0,206649.57068,221602.112632,221602.112537,963.4874458130435,0.0,206649.57068,13622.007994373937,95.42945390000001,65.29494302183406,81.75105944822448,1.0378962423609464,2,64,,False,True,,1088,21.16838264042747
74,2026-09-14T02:09:18.166+00:00,2026-09-14T02:12:48.492+00:00,2026-09-14T02:13:03.553+00:00,True,226,226.0,,226.0,210326.101651,225386.242451,225386.242371,997.2842582787611,0.0,210326.101651,13986.486012909358,96.17829474999999,66.93395911111111,84.51684085519922,1.0027231367022478,2,64,,False,True,,1030,21.16838264042747
75,2026-09-14T02:09:21.185+00:00,2026-09-14T02:12:53.835+00:00,2026-09-14T02:13:08.742+00:00,True,222,222.0,,222.0,212649.242718,227556.55331,227556.55332,1025.0295194594594,33.901349,212649.242718,14267.57282710367,97.31633915,67.45389408144796,22.299311005599446,0.9755816599031085,2,64,,False,True,,1072,21.16838264042747
76,2026-09-14T02:09:24.977+00:00,2026-09-14T02:13:00.186+00:00,2026-09-14T02:13:08.747+00:00,True,127,127.0,,127.0,215208.280322,223769.990146,223769.990117,1761.9684261181103,34.496517,215208.280322,19090.630299778095,96.82832200000001,67.95007796825396,22.41246355099365,0.5675470598945735,2,64,,False,True,,682,21.16838264042747
77,2026-09-14T02:09:28.918+00:00,2026-09-14T02:13:07.148+00:00,2026-09-14T02:13:23.125+00:00,True,244,244.0,,244.0,218230.84108,234207.48568800002,234207.485676,959.8667445737706,39.893565,218230.84108,13966.605606877067,94.48523985,65.74750867489712,21.617738448675233,1.0418112780777857,2,64,,False,True,,1490,21.16838264042747
78,2026-09-14T02:09:33.556+00:00,2026-09-14T02:13:15.825+00:00,2026-09-14T02:13:29.898+00:00,True,218,218.0,,218.0,222269.446963,236341.875763,236341.875711,1084.1370445458715,39.125277000000004,222269.446963,15049.609677167804,93.97621350000001,64.84990230414746,21.559055338076487,0.9223926115345173,2,64,,False,True,,753,21.16838264042747
79,2026-09-14T02:09:36.406+00:00,2026-09-14T02:13:20.703+00:00,2026-09-14T02:13:34.150+00:00,True,205,205.0,,205.0,224296.817208,237743.275064,237743.27513599998,1159.7232933463415,0.0,224296.817208,15661.012476182854,94.6100042,65.91400909803922,38.4103565113329,0.8622746529625893,2,64,,False,True,,889,21.16838264042747
80,2026-09-14T02:09:40.419+00:00,2026-09-14T02:13:27.807+00:00,2026-09-14T02:13:39.642+00:00,True,181,181.0,,181.0,227388.23826699998,239222.725051,239222.72512999998,1321.6725145303867,0.0,227388.23826699998,16896.79558371606,93.17451200000001,65.74714879999999,40.34033678360296,0.7566170812635485,2,64,,False,True,,840,21.16838264042747
81,2026-09-14T02:09:44.733+00:00,2026-09-14T02:13:34.953+00:00,2026-09-14T02:13:41.842+00:00,True,108,108.0,,108.0,230219.975954,237109.60590599998,237109.60592499998,2195.4593141203704,40.862473,230219.975954,22146.741668326,94.50118785000002,64.38906497196261,21.13874507957129,0.45548555313619665,2,64,,False,True,,477,21.16838264042747
82,2026-09-14T02:09:49.654+00:00,2026-09-14T02:13:44.544+00:00,2026-09-14T02:13:57.848+00:00,True,199,199.0,,199.0,234889.348499,248193.998995,248193.999033,1247.2060252914573,39.096057,234889.348499,16646.116491156426,96.02674509999999,67.19520452525252,22.69448920233843,0.8017921497127292,2,64,,False,True,,873,21.16838264042747
83,2026-09-14T02:09:53.313+00:00,2026-09-14T02:13:50.850+00:00,2026-09-14T02:14:00.887+00:00,True,154,154.0,,154.0,237537.104077,247573.729997,247573.730028,1607.6216235584416,37.17377,237537.104077,19136.01236488833,94.2153715,65.59886222222222,22.502818342699186,0.6220369180601921,2,64,,False,True,,487,21.16838264042747
84,2026-09-14T02:09:57.814+00:00,2026-09-14T02:13:59.259+00:00,2026-09-14T02:14:12.691+00:00,True,198,198.0,,198.0,241444.65971,254876.755198,254876.755149,1287.2563391363637,38.861957000000004,241444.65971,17153.893638424728,95.67685569999999,68.18322582741118,22.287940007985792,0.7768460479896822,2,64,,False,True,,814,21.16838264042747
85,2026-09-14T02:10:02.682+00:00,2026-09-14T02:14:07.924+00:00,2026-09-14T02:14:27.032+00:00,True,287,287.0,,287.0,245242.699848,264350.956616,264350.956519,921.0834721916376,0.0,245242.699848,14472.322284708735,96.36763409999999,66.8120866013986,37.03611420294409,1.0856779323741974,2,64,,False,True,,1387,21.16838264042747
86,2026-09-14T02:10:05.540+00:00,2026-09-14T02:14:14.011+00:00,2026-09-14T02:14:28.620+00:00,True,222,222.0,,222.0,248471.226179,263080.218179,263080.218202,1185.046027936937,40.053055,248471.226179,16671.873885320376,94.7100935,66.10403619909502,21.4201109178071,0.84384907970903,2,64,,False,True,,1020,21.16838264042747
87,2026-09-14T02:10:08.751+00:00,2026-09-14T02:14:20.171+00:00,2026-09-14T02:14:39.011+00:00,True,286,286.0,,286.0,251419.9243,270260.577868,270260.577884,944.9670555384616,0.01515,251419.9243,14863.127469071744,93.98754774999999,66.10755637894736,88.86161403364173,1.0582379504112782,2,64,,False,True,,1008,21.16838264042747
88,2026-09-14T02:10:12.759+00:00,2026-09-14T02:14:27.160+00:00,2026-09-14T02:14:37.255+00:00,True,150,150.0,,150.0,254401.74333899998,264496.91697099997,264496.916988,1763.31277992,0.01573,254401.74333899998,20766.60863498656,94.40430154999999,67.75284316778524,116.62190659037721,0.567114360794029,2,64,,False,True,,480,21.16838264042747
89,2026-09-14T02:10:15.928+00:00,2026-09-14T02:14:32.250+00:00,2026-09-14T02:14:49.891+00:00,True,270,270.0,,270.0,256322.16713800002,273963.528034,273963.528139,1014.6797338481482,33.00938,256322.16713800002,15595.293674383449,92.8471845,65.58126727137547,21.30441142745167,0.9855326434783387,2,64,,False,True,,1231,21.16838264042747
90,2026-09-14T02:10:18.721+00:00,2026-09-14T02:14:36.502+00:00,2026-09-14T02:14:42.910+00:00,True,103,103.0,,103.0,257780.347623,264188.760807,264188.760685,2564.9394241262135,39.903135,257780.347623,25393.669903987342,91.56889100000001,62.82758023529412,20.388228495886946,0.389872754939963,2,64,,False,True,,455,21.16838264042747
91,2026-09-14T02:10:22.420+00:00,2026-09-14T02:14:43.354+00:00,2026-09-14T02:14:59.526+00:00,True,238,238.0,,238.0,260934.52512200002,277106.049474,277106.04948600003,1164.3111322941177,0.0,260934.52512200002,16909.495954520513,95.95470934999999,68.23427996624473,39.459785865017,0.8588769550566265,2,64,,False,True,,1157,21.16838264042747
92,2026-09-14T02:10:27.302+00:00,2026-09-14T02:14:51.676+00:00,2026-09-14T02:15:04.082+00:00,True,181,181.0,,181.0,264374.353437,276780.77698900003,276780.777113,1529.175564160221,0.0,264374.353437,19645.718031793407,94.84595900000001,68.92457528888889,44.54585309941877,0.6539471489640099,2,64,,False,True,,943,21.16838264042747
93,2026-09-14T02:10:32.275+00:00,2026-09-14T02:15:00.759+00:00,2026-09-14T02:15:13.285+00:00,True,186,186.0,,186.0,268483.19876999996,281009.46769799996,281009.46791199996,1510.803590924731,41.463552,268483.19876999996,19681.190889819754,95.93658775,67.70956177297298,22.09033701407461,0.6618994068907801,2,64,,False,True,,915,21.16838264042747
94,2026-09-14T02:10:35.882+00:00,2026-09-14T02:15:06.984+00:00,2026-09-14T02:15:15.456+00:00,True,129,129.0,,129.0,271101.191929,279573.935865,279573.935844,2167.239812744186,39.427877,271101.191929,23863.311734867446,95.70500960000001,66.193312,22.70495655344149,0.4614164035029761,2,64,,False,True,,539,21.16838264042747
95,2026-09-14T02:10:38.607+00:00,2026-09-14T02:15:11.652+00:00,2026-09-14T02:15:24.687+00:00,True,194,194.0,,194.0,273045.093705,286080.384329,286080.38444500003,1474.6411569329898,39.871785,273045.093705,19598.659458449358,96.29126000000001,67.54036592746115,22.89584760569589,0.678131080028524,2,64,,False,True,,971,21.16838264042747
96,2026-09-14T02:10:41.396+00:00,2026-09-14T02:15:16.464+00:00,2026-09-14T02:15:31.406+00:00,True,219,219.0,,219.0,275067.77724,290010.60808800004,290010.60801200004,1324.2493516529682,40.198394,275067.77724,18582.739754058817,96.00803779999998,68.54509563302753,22.645465396172632,0.7551447908882948,2,64,,False,True,,1132,21.16838264042747
97,2026-09-14T02:10:46.317+00:00,2026-09-14T02:15:26.023+00:00,2026-09-14T02:15:41.389+00:00,True,224,224.0,,224.0,279705.953683,295072.828307,295072.828263,1317.2894118883928,35.304955,279705.953683,18684.049202116945,96.3991073,68.90975167713005,22.335686980173453,0.759134622070134,2,64,,False,True,,436,21.16838264042747
98,2026-09-14T02:10:50.734+00:00,2026-09-14T02:15:33.192+00:00,2026-09-14T02:15:50.796+00:00,True,268,268.0,,268.0,282458.341524,300062.210196,300062.21019199997,1119.6351126567163,0.0,282458.341524,17249.90734721783,96.83466425,65.93209240449438,39.68206141309737,0.8931481236005792,2,64,,False,True,,1391,21.16838264042747
99,2026-09-14T02:10:54.928+00:00,2026-09-14T02:15:41.481+00:00,2026-09-14T02:15:55.004+00:00,False,209,208.0,,208.0,286552.969366,300075.48559,300075.485535,1435.7678733732057,0.0,286552.969366,19816.835248461648,95.1980548,65.01209723076923,44.11716647922473,0.6931589216327894,2,64,,False,False,Request timeout: 300.0s exceeded,830,21.16838264042747
100,2026-09-14T02:10:58.138+00:00,2026-09-14T02:15:47.194+00:00,2026-09-14T02:15:55.726+00:00,True,130,130.0,,130.0,289056.644842,297587.81053799996,297587.81071499997,2289.1370054999998,0.0,289056.644842,25346.1990100315,94.53430039999999,66.13306741085272,52.730117852394876,0.4368458498517696,2,64,,False,True,,580,21.16838264042747
101,2026-09-14T02:11:01.880+00:00,2026-09-14T02:15:54.060+00:00,2026-09-14T02:16:01.915+00:00,False,111,110.0,,110.0,292179.488674,300034.84432200005,300034.844256,2703.016614918919,0.038359000000000004,292179.488674,27725.679748844563,93.228923,71.41232407272727,21.316104274143182,0.36662408410786795,2,64,,False,False,Request timeout: 300.0s exceeded,404,21.16838264042747
102,2026-09-14T02:11:06.250+00:00,2026-09-14T02:15:59.506+00:00,2026-09-14T02:16:06.280+00:00,False,98,97.0,,97.0,293256.00029500003,300030.54826300003,300030.54832500004,3061.5362073979595,0.023170000000000003,293256.00029500003,29616.281706312355,91.70948234999997,69.84070070103093,20.74730209096986,0.3233004124465752,2,64,,False,False,Request timeout: 300.0s exceeded,330,21.16838264042747
103,2026-09-14T02:11:09.628+00:00,2026-09-14T02:16:03.119+00:00,2026-09-14T02:16:09.643+00:00,False,99,98.0,,98.0,293490.37268800003,300014.89800000004,300014.897958,3030.453514727273,0.04895,293490.37268800003,29490.208249121126,90.0556799,66.57678889795918,20.672213063129554,0.32665044520555775,2,64,,False,False,Request timeout: 300.0s exceeded,425,21.16838264042747
104,2026-09-14T02:11:13.314+00:00,2026-09-14T02:16:07.312+00:00,2026-09-14T02:16:13.329+00:00,False,90,89.0,,89.0,293997.68176,300014.908768,300014.90875400003,3333.4989861555555,0.025,293997.68176,30982.956575238106,88.09985795,67.60929222471911,20.205808548304773,0.29665192428428033,2,64,,False,False,Request timeout: 300.0s exceeded,364,21.16838264042747
105,2026-09-14T02:11:17.975+00:00,2026-09-14T02:16:11.571+00:00,2026-09-14T02:16:18.004+00:00,False,97,96.0,,96.0,293596.306568,300029.243272,300029.24339,3093.084983402062,0.03781,293596.306568,29803.391350408583,88.4473556,67.00975733333334,20.183888865530545,0.31996881021683776,2,64,,False,False,Request timeout: 300.0s exceeded,506,21.16838264042747
106,2026-09-14T02:11:21.512+00:00,2026-09-14T02:16:14.744+00:00,2026-09-14T02:16:21.556+00:00,False,101,100.0,,100.0,293232.093886,300044.164542,300044.16457699996,2970.734302742574,0.09963,293232.093886,29170.911965382635,88.138894,68.12070656,19.34622792470007,0.33328426884303586,2,64,,False,False,Request timeout: 300.0s exceeded,524,21.16838264042747
107,2026-09-14T02:11:26.472+00:00,2026-09-14T02:16:20.369+00:00,2026-09-14T02:16:26.495+00:00,False,92,91.0,,91.0,293897.598072,300023.31583200005,300023.315827,3261.1229981195656,0.023149999999999997,293897.598072,30633.931511810697,88.92033860000001,67.31557978021978,20.702839312066626,0.30330976026861867,2,64,,False,False,Request timeout: 300.0s exceeded,447,21.16838264042747
108,2026-09-14T02:11:29.368+00:00,2026-09-14T02:16:23.293+00:00,2026-09-14T02:16:29.449+00:00,False,97,96.0,,96.0,293924.50452899997,300080.60923299997,300080.60933899996,3093.6145292680408,0.03661,293924.50452899997,29837.00832746656,88.79531999999999,64.12609066666667,21.258565486539087,0.31991403991538836,2,64,,False,False,Request timeout: 300.0s exceeded,446,21.16838264042747
109,2026-09-14T02:11:32.483+00:00,2026-09-14T02:16:26.627+00:00,2026-09-14T02:16:32.815+00:00,False,74,73.0,,73.0,294144.153295,300331.899343,300331.899439,4058.5391816081083,0.032869999999999996,294144.153295,34184.206571498806,94.68000885,84.76364449315068,185.5857697729975,0.24306442359167746,2,64,,False,False,Request timeout: 300.0s exceeded,340,21.16838264042747
110,2026-09-14T02:11:36.581+00:00,2026-09-14T02:16:29.997+00:00,2026-09-14T02:16:36.641+00:00,False,108,107.0,,107.0,293416.437889,300060.727937,300060.727918,2778.3400733148146,0.015609999999999999,293416.437889,28228.45183060182,88.65864800000001,62.0961686728972,154.18257246732168,0.3565944825091055,2,64,,False,False,Request timeout: 300.0s exceeded,522,21.16838264042747
111,2026-09-14T02:11:41.558+00:00,2026-09-14T02:16:35.469+00:00,2026-09-14T02:16:41.938+00:00,False,93,92.0,,92.0,293911.225698,300379.544674,300379.544729,3229.887577731183,0.03828,293911.225698,30469.88992954667,87.84831539999999,70.30781495652174,19.467862561182542,0.3062791778975729,2,64,,False,False,Request timeout: 300.0s exceeded,497,21.16838264042747
112,2026-09-14T02:11:46.493+00:00,2026-09-14T02:16:39.584+00:00,2026-09-14T02:16:46.535+00:00,False,110,109.0,,109.0,293090.252753,300041.879761,300041.879659,2727.6534514454547,0.0,293090.252753,27939.0434808761,89.18725094999999,63.77639456880734,60.63540144415772,0.3632826193690846,2,64,,False,False,Request timeout: 300.0s exceeded,466,21.16838264042747
113,2026-09-14T02:11:50.117+00:00,2026-09-14T02:16:43.918+00:00,2026-09-14T02:16:50.162+00:00,False,94,93.0,,93.0,293800.10583899997,300044.757871,300044.75787,3191.965509255319,0.03984,293800.10583899997,30296.24867159934,88.62135635,67.14679604301075,21.004945418207335,0.3099537570990793,2,64,,False,False,Request timeout: 300.0s exceeded,464,21.16838264042747
114,2026-09-14T02:11:53.458+00:00,2026-09-14T02:16:47.044+00:00,2026-09-14T02:16:53.526+00:00,False,96,95.0,,95.0,293586.34739999997,300068.246152,300068.24628099997,3125.7108987604165,0.037770000000000005,293586.34739999997,29957.07451307853,89.42717574999999,68.23051317894738,20.812267325416496,0.3165946454456818,2,64,,False,False,Request timeout: 300.0s exceeded,211,21.16838264042747
115,2026-09-14T02:11:56.194+00:00,2026-09-14T02:16:49.384+00:00,2026-09-14T02:16:56.265+00:00,False,100,99.0,,99.0,293189.310266,300071.005242,300071.005251,3000.71005251,0.025670000000000002,293189.310266,29311.986660153998,89.19998850000002,69.51207046464646,20.127490517066683,0.32992191271582166,2,64,,False,False,Request timeout: 300.0s exceeded,387,21.16838264042747
116,2026-09-14T02:11:58.941+00:00,2026-09-14T02:16:52.809+00:00,2026-09-14T02:16:58.971+00:00,False,87,86.0,,86.0,293868.184404,300029.91138,300029.911403,3448.619671298851,0.04784,293868.184404,31498.30145320788,91.6500475,71.64798809302326,20.377573233147096,0.28663808753080466,2,64,,False,False,Request timeout: 300.0s exceeded,419,21.16838264042747
117,2026-09-14T02:12:02.633+00:00,2026-09-14T02:16:56.135+00:00,2026-09-14T02:17:02.661+00:00,False,97,96.0,,96.0,293502.76320499997,300028.762565,300028.76261299994,3093.080026938144,0.02423,293502.76320499997,29793.79521345377,89.050983,67.97916,20.448012834098204,0.319969322871843,2,64,,False,False,Request timeout: 300.0s exceeded,472,21.16838264042747
118,2026-09-14T02:12:07.005+00:00,2026-09-14T02:17:00.818+00:00,2026-09-14T02:17:07.019+00:00,False,89,88.0,,88.0,293812.24056,300013.297584,300013.297615,3370.935928258427,0.04108,293812.24056,31136.571996209725,88.877364,70.46655709090909,19.80168921572938,0.2933203318274954,2,64,,False,False,Request timeout: 300.0s exceeded,411,21.16838264042747
119,2026-09-14T02:12:10.161+00:00,2026-09-14T02:17:04.194+00:00,2026-09-14T02:17:10.180+00:00,False,84,83.0,,83.0,294032.773206,300019.045974,300019.04594499996,3571.6553088690475,0.02503,294032.773206,32073.742083340352,89.67370000000001,72.12376828915663,19.26656773739893,0.2766491031612469,2,64,,False,False,Request timeout: 300.0s exceeded,295,21.16838264042747
120,2026-09-14T02:12:13.431+00:00,2026-09-14T02:17:07.531+00:00,2026-09-14T02:17:13.441+00:00,False,85,84.0,,84.0,294099.744954,300009.309626,300009.309616,3529.5212896,0.02608,294099.744954,31891.97117708324,88.1873032,70.35196038095239,19.28258383553297,0.27999131128536225,2,64,,False,False,Request timeout: 300.0s exceeded,407,21.16838264042747
121,2026-09-14T02:12:16.193+00:00,2026-09-14T02:17:10.523+00:00,2026-09-14T02:17:16.204+00:00,False,82,81.0,,81.0,294330.136421,300011.294565,300011.29464700003,3658.6743249634146,0.03529,294330.136421,32495.58670220904,89.38314195000001,70.13775486419753,19.848304392425074,0.2699898352741872,2,64,,False,False,Request timeout: 300.0s exceeded,429,21.16838264042747
122,2026-09-14T02:12:19.981+00:00,2026-09-14T02:17:13.859+00:00,2026-09-14T02:17:19.995+00:00,False,92,91.0,,91.0,293877.817365,300014.312213,300014.31217600004,3261.0251323478265,0.02278,293877.817365,30631.856778107573,89.55421165,67.43400931868132,20.543919589367324,0.30331886278609627,2,64,,False,False,Request timeout: 300.0s exceeded,344,21.16838264042747
123,2026-09-14T02:12:23.636+00:00,2026-09-14T02:17:17.220+00:00,2026-09-14T02:17:23.692+00:00,False,95,94.0,,94.0,293583.836023,300056.04773500003,300056.04773600004,3158.4847130105263,0.031039999999999998,293583.836023,30114.008210523276,89.02590500000001,68.85331608510639,19.712981510350392,0.31327480552239295,2,64,,False,False,Request timeout: 300.0s exceeded,354,21.16838264042747
124,2026-09-14T02:12:26.664+00:00,2026-09-14T02:17:20.630+00:00,2026-09-14T02:17:26.749+00:00,False,90,89.0,,89.0,293966.274998,300085.150902,300085.151077,3334.2794564111114,0.040799999999999996,293966.274998,30979.525791398155,89.16207895,68.75141465168538,20.46669754287235,0.29658248577939494,2,64,,False,False,Request timeout: 300.0s exceeded,399,21.16838264042747
125,2026-09-14T02:12:29.426+00:00,2026-09-14T02:17:23.279+00:00,2026-09-14T02:17:29.473+00:00,False,92,91.0,,91.0,293852.97963200003,300046.403248,300046.40314500005,3261.3739472282614,0.022969999999999997,293852.97963200003,30629.20170059208,89.1764701,68.05960017582419,20.019948565938947,0.30328642174985504,2,64,,False,False,Request timeout: 300.0s exceeded,441,21.16838264042747
126,2026-09-14T02:12:33.282+00:00,2026-09-14T02:17:27.090+00:00,2026-09-14T02:17:33.332+00:00,False,92,91.0,,91.0,293808.182263,300049.972727,300049.972722,3261.4127469782607,0.03615,293808.182263,30624.47560119193,88.19461155,68.591104,19.647433078922333,0.30328281376914573,2,64,,False,False,Request timeout: 300.0s exceeded,151,21.16838264042747
127,2026-09-14T02:12:36.755+00:00,2026-09-14T02:17:30.420+00:00,2026-09-14T02:17:36.804+00:00,False,91,90.0,,90.0,293665.33256699995,300049.50869499997,300049.50863899995,3297.247347681318,0.04068,293665.33256699995,30777.061292414135,88.478008,70.9352903111111,19.018944753046732,0.29995049947402147,2,64,,False,False,Request timeout: 300.0s exceeded,404,21.16838264042747
128,2026-09-14T02:12:41.051+00:00,2026-09-14T02:17:34.598+00:00,2026-09-14T02:17:41.069+00:00,False,101,100.0,,100.0,293547.349538,300018.357026,300018.35695600003,2970.4787817425745,0.0,293547.349538,29202.684558176228,90.356749,64.71007488000001,64.4748472320524,0.333312937885777,2,64,,False,False,Request timeout: 300.0s exceeded,527,21.16838264042747
129,2026-09-14T02:12:43.844+00:00,2026-09-14T02:17:37.815+00:00,2026-09-14T02:17:43.863+00:00,False,87,86.0,,86.0,293971.130323,300019.15720300004,300019.157276,3448.4960606436784,0.04167,293971.130323,31509.47981242624,88.9981817,70.32589395348836,19.834024241180867,0.2866483620637944,2,64,,False,False,Request timeout: 300.0s exceeded,430,21.16838264042747
130,2026-09-14T02:12:47.825+00:00,2026-09-14T02:17:41.155+00:00,2026-09-14T02:17:47.867+00:00,False,96,95.0,,95.0,293329.849032,300042.331592,300042.331411,3125.4409521979164,0.02332,293329.849032,29930.647078445385,87.939296,70.65771115789472,19.36462775750645,0.3166219896237234,2,64,,False,False,Request timeout: 300.0s exceeded,370,21.16838264042747
131,2026-09-14T02:12:51.103+00:00,2026-09-14T02:17:44.748+00:00,2026-09-14T02:17:52.454+00:00,False,114,113.0,,113.0,293644.55286500003,301350.356641,301350.35661300004,2643.42418081579,0.0177,293644.55286500003,27495.953224462803,90.8337043,68.1929537699115,20.92745603951866,0.3749788162176207,2,64,,False,False,Request timeout: 300.0s exceeded,436,21.16838264042747
132,2026-09-14T02:12:54.191+00:00,2026-09-14T02:17:47.746+00:00,2026-09-14T02:17:54.249+00:00,False,100,99.0,,99.0,293554.626305,300057.716225,300057.716196,3000.57716196,0.038189,293554.626305,29348.901543492,91.46852600000003,65.68777696969697,21.354887560016326,0.32993652436441356,2,64,,False,False,Request timeout: 300.0s exceeded,408,21.16838264042747
133,2026-09-14T02:12:57.353+00:00,2026-09-14T02:17:50.652+00:00,2026-09-14T02:17:57.363+00:00,False,105,104.0,,104.0,293298.99420599994,300010.02627,300010.0262549999,2857.238345285714,0.07536,293298.99420599994,28616.761012725263,89.78891820000001,64.52915446153847,20.72025015028945,0.3466550811418654,2,64,,False,False,Request timeout: 300.0s exceeded,344,21.16838264042747
134,2026-09-14T02:13:01.825+00:00,2026-09-14T02:17:55.148+00:00,2026-09-14T02:18:01.864+00:00,False,101,100.0,,100.0,293322.70337400003,300039.494926,300039.49485300004,2970.6880678514854,0.03764,293322.70337400003,29180.023316996965,87.577006,67.16791552,20.190465586110196,0.3332894558586809,2,64,,False,False,Request timeout: 300.0s exceeded,454,21.16838264042747
135,2026-09-14T02:13:06.678+00:00,2026-09-14T02:18:00.367+00:00,2026-09-14T02:18:06.760+00:00,False,93,92.0,,92.0,293689.028367,300081.425167,300081.425102,3226.681990344086,0.02175,293689.028367,30446.935090999374,89.5843246,69.48257391304348,20.049037827949498,0.3065834546366893,2,64,,False,False,Request timeout: 300.0s exceeded,372,21.16838264042747
136,2026-09-14T02:13:10.444+00:00,2026-09-14T02:18:04.119+00:00,2026-09-14T02:18:10.478+00:00,False,93,92.0,,92.0,293674.522422,300033.996598,300033.99642700003,3226.172004591398,0.0434,293674.522422,30445.468090149006,90.5662932,69.12471930434783,20.182701283945605,0.3066319185264396,2,64,,False,False,Request timeout: 300.0s exceeded,346,21.16838264042747
137,2026-09-14T02:13:13.786+00:00,2026-09-14T02:18:07.631+00:00,2026-09-14T02:18:13.797+00:00,False,90,89.0,,89.0,293845.91301899997,300011.11826699995,300011.118285,3333.456869833333,0.021070000000000002,293845.91301899997,30966.783355230928,88.69806445,69.27196907865168,20.0003834867208,0.2966556723434261,2,64,,False,False,Request timeout: 300.0s exceeded,479,21.16838264042747
138,2026-09-14T02:13:17.986+00:00,2026-09-14T02:18:11.845+00:00,2026-09-14T02:18:18.074+00:00,False,95,94.0,,94.0,293859.013396,300088.743444,300088.743456,3158.8288784842107,0.026719999999999997,293859.013396,30142.506389365717,88.4992087,66.27372391489362,21.089192832937428,0.31324067314621373,2,64,,False,False,Request timeout: 300.0s exceeded,351,21.16838264042747
139,2026-09-14T02:13:22.347+00:00,2026-09-14T02:18:15.920+00:00,2026-09-14T02:18:22.433+00:00,False,98,97.0,,97.0,293573.480626,300086.716082,300086.71613699995,3062.1093483367345,0.04372,293573.480626,29648.623991313107,87.9700852,67.14675727835052,20.466784904424596,0.32323989967451383,2,64,,False,False,Request timeout: 300.0s exceeded,252,21.16838264042747
140,2026-09-14T02:13:25.791+00:00,2026-09-14T02:18:19.258+00:00,2026-09-14T02:18:25.797+00:00,False,99,98.0,,98.0,293466.578679,300005.647095,300005.64697500004,3030.3600704545456,0.02162,293466.578679,29487.80123457344,88.54659090000001,66.72518791836735,19.618267000802273,0.3266605177234122,2,64,,False,False,Request timeout: 300.0s exceeded,464,21.16838264042747
141,2026-09-14T02:13:28.492+00:00,2026-09-14T02:18:22.351+00:00,2026-09-14T02:18:28.502+00:00,False,90,89.0,,89.0,293859.09456,300010.663456,300010.663434,3333.4518159333334,0.02456,293859.09456,30968.188754364703,87.63392995,69.11875164044943,19.67263759792635,0.2966561220683173,2,64,,False,False,Request timeout: 300.0s exceeded,429,21.16838264042747
142,2026-09-14T02:13:32.698+00:00,2026-09-14T02:18:26.348+00:00,2026-09-14T02:18:32.813+00:00,False,96,95.0,,95.0,293650.048676,300114.58269199997,300114.58271,3126.193569895833,0.0,293650.048676,29963.65329214777,94.79728475,68.04772648421051,63.12454256991837,0.3165457644472282,2,64,,False,False,Request timeout: 300.0s exceeded,186,21.16838264042747
143,2026-09-14T02:13:36.633+00:00,2026-09-14T02:18:30.290+00:00,2026-09-14T02:18:36.645+00:00,False,98,97.0,,97.0,293657.55042299995,300012.191319,300012.19120199996,3061.348889816326,0.0,293657.55042299995,29657.34035037413,92.93425069999999,65.51176181443299,62.82583064217821,0.3233201943345725,2,64,,False,False,Request timeout: 300.0s exceeded,433,21.16838264042747
144,2026-09-14T02:13:39.987+00:00,2026-09-14T02:18:33.809+00:00,2026-09-14T02:18:40.030+00:00,False,91,90.0,,90.0,293822.707641,300043.647673,300043.64752999996,3297.1829398901095,0.02752,293822.707641,30793.749894102737,90.743413,69.12155591111112,20.716919428884832,0.2999563586764741,2,64,,False,False,Request timeout: 300.0s exceeded,493,21.16838264042747
145,2026-09-14T02:13:44.238+00:00,2026-09-14T02:18:38.147+00:00,2026-09-14T02:18:44.279+00:00,False,93,92.0,,92.0,293908.748856,300040.84485600004,300040.845011,3226.24564527957,0.03699,293908.748856,30470.01294670206,89.084216,66.65321739130435,20.828180490239156,0.3066249198310116,2,64,,False,False,Request timeout: 300.0s exceeded,406,21.16838264042747
146,2026-09-14T02:13:47.303+00:00,2026-09-14T02:18:41.236+00:00,2026-09-14T02:18:47.352+00:00,False,96,95.0,,95.0,293933.784856,300049.41083999997,300049.410896,3125.5146968333333,0.04064,293933.784856,29992.928430925014,89.95610225,64.37501035789474,21.15726522767757,0.316614519368806,2,64,,False,False,Request timeout: 300.0s exceeded,475,21.16838264042747
147,2026-09-14T02:13:52.178+00:00,2026-09-14T02:18:45.548+00:00,2026-09-14T02:18:52.214+00:00,False,100,99.0,,99.0,293369.460569,300035.44175299996,300035.441655,3000.3544165499998,0.038259,293369.460569,29330.21985115331,89.06631894999998,67.33314327272727,20.524174281782486,0.3299610186769214,2,64,,False,False,Request timeout: 300.0s exceeded,538,21.16838264042747
148,2026-09-14T02:13:56.325+00:00,2026-09-14T02:18:49.755+00:00,2026-09-14T02:18:56.331+00:00,False,99,98.0,,98.0,293429.850794,300006.795434,300006.795349,3030.3716701919193,0.02501,293429.850794,29484.07105569132,88.30216980000002,67.11168,19.550711614664184,0.3266592673616938,2,64,,False,False,Request timeout: 300.0s exceeded,457,21.16838264042747
149,2026-09-14T02:14:00.682+00:00,2026-09-14T02:18:54.417+00:00,2026-09-14T02:19:00.694+00:00,False,104,103.0,,103.0,293735.409961,300012.164905,300012.164911,2884.7323549134617,0.015220000000000001,293735.409961,28797.762032013532,88.72044565,60.93936838834952,188.5010892462548,0.343319411839901,2,64,,False,False,Request timeout: 300.0s exceeded,503,21.16838264042747
150,2026-09-14T02:14:04.243+00:00,2026-09-14T02:18:59.276+00:00,2026-09-14T02:19:04.255+00:00,False,98,97.0,,97.0,295033.183044,300012.443204,300012.443158,3061.3514607959182,0.015559,295033.183044,29797.686282140312,91.84643555000001,51.332578969072166,34.35255360748014,0.32331992288080774,2,64,,False,False,Request timeout: 300.0s exceeded,481,21.16838264042747
151,2026-09-14T02:14:07.403+00:00,2026-09-14T02:19:00.998+00:00,2026-09-14T02:19:07.474+00:00,False,99,98.0,,98.0,293594.999479,300071.364279,300071.364276,3031.0238815757575,0.038060000000000004,293594.999479,29500.77290179865,89.18260890000002,66.08535510204082,20.492915460070293,0.3265889773770005,2,64,,False,False,Request timeout: 300.0s exceeded,471,21.16838264042747
152,2026-09-14T02:14:11.436+00:00,2026-09-14T02:19:05.159+00:00,2026-09-14T02:19:11.519+00:00,False,92,91.0,,91.0,293723.59369199997,300083.60598,300083.60600499995,3261.7783261413038,0.03047,293723.59369199997,30615.520755982398,87.51287905000001,69.89024492307692,18.951245209790258,0.30324882195019004,2,64,,False,False,Request timeout: 300.0s exceeded,438,21.16838264042747
153,2026-09-14T02:14:15.933+00:00,2026-09-14T02:19:09.556+00:00,2026-09-14T02:19:15.961+00:00,False,91,90.0,,90.0,293622.909614,300027.996334,300027.996352,3297.0109489230767,0.040130000000000006,293622.909614,30772.589993183996,89.5342555,71.16763022222223,19.326846873791382,0.29997200627840526,2,64,,False,False,Request timeout: 300.0s exceeded,363,21.16838264042747
154,2026-09-14T02:14:19.005+00:00,2026-09-14T02:19:13.057+00:00,2026-09-14T02:19:19.053+00:00,False,85,84.0,,84.0,294052.527129,300048.541209,300048.541192,3529.982837552941,0.05144,294052.527129,31886.73842421083,89.5276584,71.38112,19.886366780337568,0.2799547022009664,2,64,,False,False,Request timeout: 300.0s exceeded,463,21.16838264042747
155,2026-09-14T02:14:22.312+00:00,2026-09-14T02:19:16.127+00:00,2026-09-14T02:19:22.329+00:00,False,90,89.0,,89.0,293814.379249,300017.359345,300017.359395,3333.5262155,0.0357,293814.379249,30963.41496695345,90.85799500000002,69.6964055730337,20.467477049129375,0.29664950119654887,2,64,,False,False,Request timeout: 300.0s exceeded,360,21.16838264042747
156,2026-09-14T02:14:26.389+00:00,2026-09-14T02:19:20.439+00:00,2026-09-14T02:19:26.579+00:00,False,84,83.0,,83.0,294050.202186,300190.048074,300190.048086,3573.6910486428574,0.024229,294050.202186,32075.50759578636,89.2910185,73.97404684337349,68.11553628102284,0.27649151106947967,2,64,,False,False,Request timeout: 300.0s exceeded,387,21.16838264042747
157,2026-09-14T02:14:29.690+00:00,2026-09-14T02:19:23.274+00:00,2026-09-14T02:19:29.748+00:00,False,103,102.0,,102.0,293583.904668,300058.204316,300058.204491,2913.186451368932,0.0,293583.904668,28921.502725772796,90.6113841,63.473525960784315,66.31015756684589,0.33993404790418874,2,64,,False,False,Request timeout: 300.0s exceeded,442,21.16838264042747
158,2026-09-14T02:14:32.880+00:00,2026-09-14T02:19:26.801+00:00,2026-09-14T02:19:32.887+00:00,False,103,102.0,,102.0,293921.14814,300007.31569200003,300007.315662,2912.6923850679614,0.02401,293921.14814,28955.038802162806,88.02054,59.66830933333333,19.97426336905254,0.33999170908457926,2,64,,False,False,Request timeout: 300.0s exceeded,428,21.16838264042747
159,2026-09-14T02:14:37.514+00:00,2026-09-14T02:19:31.292+00:00,2026-09-14T02:19:37.534+00:00,False,103,102.0,,102.0,293777.437894,300019.358662,300019.35850699997,2912.8093058932036,0.02702,293777.437894,28940.728107058796,87.3255112,61.19530164705882,19.90349219757182,0.33997806159872695,2,64,,False,False,Request timeout: 300.0s exceeded,382,21.16838264042747
160,2026-09-14T02:14:41.337+00:00,2026-09-14T02:19:35.173+00:00,2026-09-14T02:19:41.377+00:00,False,91,90.0,,90.0,293836.73776,300040.5688,300040.568821,3297.149107923077,0.02126,293836.73776,30795.239868253313,89.009002,68.931456,19.621753801628326,0.29995943668534997,2,64,,False,False,Request timeout: 300.0s exceeded,442,21.16838264042747
161,2026-09-14T02:14:45.276+00:00,2026-09-14T02:19:38.962+00:00,2026-09-14T02:19:45.330+00:00,False,94,93.0,,93.0,293685.82293300005,300053.44558900007,300053.44575400004,3192.057933553192,0.0636,293685.82293300005,30284.324432409416,90.10832280000001,68.4690608172043,20.29496104240163,0.3099447827284319,2,64,,False,False,Request timeout: 300.0s exceeded,208,21.16838264042747
162,2026-09-14T02:14:48.665+00:00,2026-09-14T02:19:42.465+00:00,2026-09-14T02:19:48.747+00:00,False,95,94.0,,94.0,293799.722928,300082.25809599995,300082.258179,3158.760612410526,0.02208,293799.722928,30136.364999371945,87.891152,66.83548051063829,20.078910860309094,0.3132474428725749,2,64,,False,False,Request timeout: 300.0s exceeded,459,21.16838264042747
163,2026-09-14T02:14:51.837+00:00,2026-09-14T02:19:45.125+00:00,2026-09-14T02:19:51.890+00:00,False,105,104.0,,104.0,293287.78711000003,300052.992358,300052.992382,2857.647546495238,0.03013,293287.78711000003,28615.616279266997,87.46384900000001,65.05005046153846,20.4410322445128,0.3466054418677993,2,64,,False,False,Request timeout: 300.0s exceeded,496,21.16838264042747
164,2026-09-14T02:14:55.236+00:00,2026-09-14T02:19:48.522+00:00,2026-09-14T02:19:55.283+00:00,False,99,98.0,,98.0,293286.342148,300046.82445200003,300046.82467,3030.7760067676772,0.039990000000000005,293286.342148,29469.460178386908,89.10168800000001,68.98451330612245,20.31000062477778,0.32661568799798296,2,64,,False,False,Request timeout: 300.0s exceeded,404,21.16838264042747
165,2026-09-14T02:14:58.285+00:00,2026-09-14T02:19:51.803+00:00,2026-09-14T02:19:58.361+00:00,False,97,96.0,,96.0,293517.588249,300075.47343300004,300075.47357100004,3093.561583206186,0.02652,293517.588249,29795.266363183848,88.18432639999999,68.311304,19.87927041299084,0.3199195152530005,2,64,,False,False,Request timeout: 300.0s exceeded,390,21.16838264042747
166,2026-09-14T02:15:01.397+00:00,2026-09-14T02:19:55.040+00:00,2026-09-14T02:20:01.456+00:00,False,99,98.0,,98.0,293643.525175,300058.702647,300058.702715,3030.895987020202,0.02926,293643.525175,29505.712268222956,87.98656500000001,65.4609946122449,19.90425411051033,0.3266027585118595,2,64,,False,False,Request timeout: 300.0s exceeded,496,21.16838264042747
167,2026-09-14T02:15:04.951+00:00,2026-09-14T02:19:58.878+00:00,2026-09-14T02:20:05.038+00:00,False,94,93.0,,93.0,293927.321661,300087.42073300004,300087.420569,3192.4193677553194,0.02776,293927.321661,30309.46376392048,89.82529265,66.23762443010753,21.021306899536743,0.3099096915586671,2,64,,False,False,Request timeout: 300.0s exceeded,572,21.16838264042747
168,2026-09-14T02:15:07.762+00:00,2026-09-14T02:20:01.675+00:00,2026-09-14T02:20:07.819+00:00,False,91,90.0,,90.0,293912.561058,300057.05027400004,300057.050478,3297.330225032967,0.01709,293912.561058,30803.257862512037,88.524123,68.27210240000001,20.301616791257736,0.2999429605730497,2,64,,False,False,Request timeout: 300.0s exceeded,435,21.16838264042747
169,2026-09-14T02:15:12.719+00:00,2026-09-14T02:20:06.740+00:00,2026-09-14T02:20:12.796+00:00,False,92,91.0,,91.0,294020.995972,300076.785796,300076.78579,3261.7041933695655,0.03535,294020.995972,30646.877391099762,90.6955665,66.54714092307692,21.648901036591962,0.30325571422863806,2,64,,False,False,Request timeout: 300.0s exceeded,458,21.16838264042747
170,2026-09-14T02:15:16.202+00:00,2026-09-14T02:20:09.759+00:00,2026-09-14T02:20:16.221+00:00,False,96,95.0,,95.0,293557.054536,300018.635336,300018.635496,3125.19411975,0.02293,293557.054536,29954.106708052066,89.8824625,68.01664,20.894095402523376,0.3166469972560425,2,64,,False,False,Request timeout: 300.0s exceeded,289,21.16838264042747
171,2026-09-14T02:15:20.885+00:00,2026-09-14T02:20:14.160+00:00,2026-09-14T02:20:20.894+00:00,False,99,98.0,,98.0,293275.142349,300009.111245,300009.11113399995,3030.3950619595958,0.025079999999999998,293275.142349,29468.361520711893,88.87398370000001,68.7139683265306,19.974610352350197,0.32665674583452603,2,64,,False,False,Request timeout: 300.0s exceeded,368,21.16838264042747
172,2026-09-14T02:15:24.880+00:00,2026-09-14T02:20:18.475+00:00,2026-09-14T02:20:24.949+00:00,False,100,99.0,,99.0,293594.767841,300068.561889,300068.561995,3000.68561995,0.0,293594.767841,29353.011264697332,91.34368699999999,65.39185907070707,66.09688169281895,0.3299245991541814,2,64,,False,False,Request timeout: 300.0s exceeded,482,21.16838264042747
173,2026-09-14T02:15:29.824+00:00,2026-09-14T02:20:23.696+00:00,2026-09-14T02:20:29.883+00:00,False,94,93.0,,93.0,293871.354459,300058.478427,300058.478289,3192.111471159574,0.02974,293871.354459,30303.66017073559,86.3179008,66.52821470967741,19.436892016896664,0.3099395840688621,2,64,,False,False,Request timeout: 300.0s exceeded,136,21.16838264042747
174,2026-09-14T02:15:32.894+00:00,2026-09-14T02:20:26.492+00:00,2026-09-14T02:20:32.946+00:00,False,97,96.0,,96.0,293598.59575800004,300051.996846,300051.99676600005,3093.31955428866,0.03835,293598.59575800004,29803.602275401674,89.90998179999998,67.222928,20.38731122185095,0.3199445463089901,2,64,,False,False,Request timeout: 300.0s exceeded,401,21.16838264042747
175,2026-09-14T02:15:37.011+00:00,2026-09-14T02:20:30.736+00:00,2026-09-14T02:20:37.037+00:00,False,88,87.0,,87.0,293725.47419800004,300025.72815000004,300025.72814900003,3409.383274420455,0.038689999999999995,293725.47419800004,31303.52683654309,91.03758099999999,72.41671209195403,19.047759021579257,0.2899751315877275,2,64,,False,False,Request timeout: 300.0s exceeded,355,21.16838264042747
176,2026-09-14T02:15:41.424+00:00,2026-09-14T02:20:34.731+00:00,2026-09-14T02:20:41.506+00:00,False,94,93.0,,93.0,293307.31493,300081.77509,300081.77504,3192.3593089361702,0.01941,293307.31493,30244.83230232569,89.295734,72.84365763440861,19.02878155922688,0.3099155221009593,2,64,,False,False,Request timeout: 300.0s exceeded,437,21.16838264042747
177,2026-09-14T02:15:45.420+00:00,2026-09-14T02:20:39.020+00:00,2026-09-14T02:20:45.481+00:00,False,93,92.0,,92.0,293599.992378,300060.287546,300060.287612,3226.4547055053763,0.03437,293599.992378,30437.625770134127,89.1465856,70.2205996521739,19.753650940315453,0.30660505177945674,2,64,,False,False,Request timeout: 300.0s exceeded,427,21.16838264042747
178,2026-09-14T02:15:49.038+00:00,2026-09-14T02:20:43.129+00:00,2026-09-14T02:20:49.632+00:00,False,96,95.0,,95.0,294090.481296,300593.946768,300593.946618,3131.1869439375,0.04346,294090.481296,30008.503968675683,89.61454075,68.45753128421053,20.351322613564758,0.3160409616409258,2,64,,False,False,Request timeout: 300.0s exceeded,422,21.16838264042747
179,2026-09-14T02:15:52.176+00:00,2026-09-14T02:20:45.664+00:00,2026-09-14T02:20:52.267+00:00,False,99,98.0,,98.0,293487.836453,300090.32272500003,300090.322716,3031.2153809696974,0.01844,293487.836453,29489.87479546966,91.601362,67.37230889795919,22.60041909664855,0.32656834485731245,2,64,,False,False,Request timeout: 300.0s exceeded,460,21.16838264042747
180,2026-09-14T02:15:56.740+00:00,2026-09-14T02:20:50.846+00:00,2026-09-14T02:20:56.769+00:00,False,88,87.0,,87.0,294105.590528,300028.578048,300028.577955,3409.415658579545,0.04592,294105.590528,31344.51026874938,90.87483499999999,68.08031632183908,20.08702188160898,0.2899723771849538,2,64,,False,False,Request timeout: 300.0s exceeded,255,21.16838264042747
181,2026-09-14T02:16:00.646+00:00,2026-09-14T02:20:54.232+00:00,2026-09-14T02:21:00.710+00:00,False,94,93.0,,93.0,293585.97602999996,300064.13999799994,300064.13992499997,3192.1717013297866,0.04469,293585.97602999996,30273.90319228249,90.3373223,69.65767707526882,19.953443499668726,0.30993373616927333,2,64,,False,False,Request timeout: 300.0s exceeded,317,21.16838264042747
182,2026-09-14T02:16:05.511+00:00,2026-09-14T02:20:59.189+00:00,2026-09-14T02:21:05.527+00:00,False,95,94.0,,94.0,293677.63728799997,300015.63280799997,300015.63270799996,3158.0592916631576,0.0385,293677.63728799997,30123.778763672948,88.8181797,67.42548425531915,20.10437631298109,0.3133170065846431,2,64,,False,False,Request timeout: 300.0s exceeded,444,21.16838264042747
183,2026-09-14T02:16:09.250+00:00,2026-09-14T02:21:02.890+00:00,2026-09-14T02:21:09.280+00:00,False,95,94.0,,94.0,293639.21897399996,300029.09135799995,300029.091545,3158.2009636315784,0.0505,293639.21897399996,30119.780945516773,89.8018347,67.97736578723404,20.75847142745589,0.31330295197220576,2,64,,False,False,Request timeout: 300.0s exceeded,439,21.16838264042747
184,2026-09-14T02:16:13.454+00:00,2026-09-14T02:21:07.241+00:00,2026-09-14T02:21:13.496+00:00,False,90,89.0,,89.0,293787.729998,300042.166862,300042.166845,3333.8018538333336,0.03464,293787.729998,30960.5452320155,90.29060600000001,70.27457150561797,20.90060935767703,0.29662497418549255,2,64,,False,False,Request timeout: 300.0s exceeded,305,21.16838264042747
185,2026-09-14T02:16:16.156+00:00,2026-09-14T02:21:09.836+00:00,2026-09-14T02:21:16.196+00:00,False,93,92.0,,92.0,293680.75448500004,300040.43627700006,300040.43631,3226.241250645162,0.02497,293680.75448500004,30446.113933314762,89.36444199999998,69.126976,19.941366851023837,0.3066253373764087,2,64,,False,False,Request timeout: 300.0s exceeded,495,21.16838264042747
186,2026-09-14T02:16:19.207+00:00,2026-09-14T02:21:13.025+00:00,2026-09-14T02:21:19.245+00:00,False,98,97.0,,97.0,293817.536269,300037.63918099995,300037.638979,3061.6085610102036,0.0,293817.536269,29673.65147856635,90.45442985,64.1247722886598,67.45007593055034,0.3232927717494938,2,64,,False,False,Request timeout: 300.0s exceeded,392,21.16838264042747
187,2026-09-14T02:16:22.766+00:00,2026-09-14T02:21:17.399+00:00,2026-09-14T02:21:22.828+00:00,False,85,84.0,,84.0,294632.619741,300061.705693,300061.705782,3530.1377150823528,0.01991,294632.619741,31950.390931959835,89.39216540000001,64.63197561904762,20.830832765922295,0.2799424198632741,2,64,,False,False,Request timeout: 300.0s exceeded,275,21.16838264042747
188,2026-09-14T02:16:26.465+00:00,2026-09-14T02:21:20.431+00:00,2026-09-14T02:21:26.515+00:00,False,91,90.0,,90.0,293966.143584,300050.231136,300050.231121,3297.2552870439563,0.03487,293966.143584,30808.9450752751,87.6444095,67.6009728,20.124796791354754,0.2999497772731487,2,64,,False,False,Request timeout: 300.0s exceeded,368,21.16838264042747
189,2026-09-14T02:16:29.721+00:00,2026-09-14T02:21:23.533+00:00,2026-09-14T02:21:29.796+00:00,False,94,93.0,,93.0,293812.043663,300074.905999,300074.905971,3192.2862337340425,0.0195,293812.043663,30297.45891111898,87.500629,67.34260576344086,19.7165665216929,0.30992261645600555,2,64,,False,False,Request timeout: 300.0s exceeded,424,21.16838264042747
190,2026-09-14T02:16:33.290+00:00,2026-09-14T02:21:27.095+00:00,2026-09-14T02:21:33.328+00:00,False,98,97.0,,97.0,293805.14882099995,300038.49154099997,300038.49158299994,3061.61726105102,0.039439999999999996,293805.14882099995,29672.317764033785,89.8620702,64.26126515463918,20.869908381932394,0.3232918533279089,2,64,,False,False,Request timeout: 300.0s exceeded,462,21.16838264042747
191,2026-09-14T02:16:37.014+00:00,2026-09-14T02:21:30.881+00:00,2026-09-14T02:21:37.028+00:00,False,94,93.0,,93.0,293866.540805,300013.128197,300013.128332,3191.6290248085106,0.023530000000000002,293866.540805,30303.209563942713,90.24364675000001,66.09233754838709,20.846137467274726,0.30998643479005583,2,64,,False,False,Request timeout: 300.0s exceeded,462,21.16838264042747
192,2026-09-14T02:16:40.136+00:00,2026-09-14T02:21:34.168+00:00,2026-09-14T02:21:40.166+00:00,False,89,88.0,,88.0,294031.821678,300030.14334199997,300030.143367,3371.125206370786,0.0198,294031.821678,31160.09192446845,88.12691639999998,68.16274618181819,20.082271163182664,0.29330386280451193,2,64,,False,False,Request timeout: 300.0s exceeded,398,21.16838264042747
193,2026-09-14T02:16:44.341+00:00,2026-09-14T02:21:38.211+00:00,2026-09-14T02:21:46.363+00:00,False,95,94.0,,94.0,293869.693128,302021.88282400003,302021.882777,3179.1777134421054,0.026359999999999998,293869.693128,30142.220403531574,90.36659610000001,86.72542229787233,210.0199088565544,0.3112357261039177,2,64,,False,False,Request timeout: 300.0s exceeded,413,21.16838264042747
194,2026-09-14T02:16:48.285+00:00,2026-09-14T02:21:41.861+00:00,2026-09-14T02:21:48.298+00:00,False,111,110.0,,110.0,293576.351394,300013.308578,300013.308606,2702.822600054054,0.015359999999999999,293576.351394,27860.20406404318,89.8694145,58.51779258181818,201.79765311532157,0.36665040134844973,2,64,,False,False,Request timeout: 300.0s exceeded,424,21.16838264042747
195,2026-09-14T02:16:52.759+00:00,2026-09-14T02:21:47.505+00:00,2026-09-14T02:21:52.765+00:00,False,80,79.0,,79.0,294745.75732,300005.92986399995,300005.929968,3750.0741246,0.02489,294745.75732,32946.13889662574,86.54668799999999,66.58446258227848,19.663419904020994,0.2633281283333721,2,64,,False,False,Request timeout: 300.0s exceeded,435,21.16838264042747
196,2026-09-14T02:16:57.563+00:00,2026-09-14T02:21:51.118+00:00,2026-09-14T02:21:57.642+00:00,False,97,96.0,,96.0,293555.345295,300079.073167,300079.073054,3093.5986912783505,0.03628,293555.345295,29799.136026555152,87.8430088,67.95549866666667,19.71227771323642,0.31991567751402,2,64,,False,False,Request timeout: 300.0s exceeded,398,21.16838264042747
197,2026-09-14T02:17:01.327+00:00,2026-09-14T02:21:54.950+00:00,2026-09-14T02:22:01.420+00:00,False,97,96.0,,96.0,293623.96480400005,300093.83718800003,300093.83707600005,3093.750897690722,0.037270000000000005,293623.96480400005,29806.16063276245,88.604166,67.394504,20.30213003599766,0.3198999382978292,2,64,,False,False,Request timeout: 300.0s exceeded,373,21.16838264042747
198,2026-09-14T02:17:05.879+00:00,2026-09-14T02:21:59.559+00:00,2026-09-14T02:22:05.906+00:00,False,98,97.0,,97.0,293679.772575,300027.175071,300027.175177,3061.5017875204085,0.0273,293679.772575,29659.534280332464,90.66309949999999,65.43713913402063,21.16625781641194,0.32330404729853357,2,64,,False,False,Request timeout: 300.0s exceeded,481,21.16838264042747
199,2026-09-14T02:17:10.206+00:00,2026-09-14T02:22:03.701+00:00,2026-09-14T02:22:10.233+00:00,False,99,98.0,,98.0,293495.250665,300027.047913,300027.047816,3030.5762405656565,0.04324,293495.250665,29490.690547001195,87.95831600000001,66.65099232653061,19.939340033679546,0.32663721714989324,2,64,,False,False,Request timeout: 300.0s exceeded,496,21.16838264042747
200,2026-09-14T02:17:15.032+00:00,2026-09-14T02:22:08.667+00:00,2026-09-14T02:22:15.051+00:00,False,103,102.0,,102.0,293634.862258,300018.831538,300018.831553,2912.8041898349516,0.0,293634.862258,28926.6100160204,89.7024501,62.58793411764706,65.88715979818706,0.3399786589298839,2,64,,False,False,Request timeout: 300.0s exceeded,338,21.16838264042747
201,2026-09-14T02:17:18.683+00:00,2026-09-14T02:22:12.500+00:00,2026-09-14T02:22:18.692+00:00,False,96,95.0,,95.0,293817.268048,300009.658448,300009.658437,3125.1006087187498,0.0205,293817.268048,29980.95334803943,88.19727125000001,65.18305684210526,20.177804517974558,0.31665647196643887,2,64,,False,False,Request timeout: 300.0s exceeded,397,21.16838264042747
202,2026-09-14T02:17:21.765+00:00,2026-09-14T02:22:14.919+00:00,2026-09-14T02:22:21.792+00:00,False,102,101.0,,101.0,293154.65073,300026.743146,300026.74309299997,2941.43865777451,0.04243,293154.65073,29019.90552677769,88.48855055,68.04051897029703,20.007537651803826,0.33663665758905714,2,64,,False,False,Request timeout: 300.0s exceeded,463,21.16838264042747
203,2026-09-14T02:17:26.408+00:00,2026-09-14T02:22:20.076+00:00,2026-09-14T02:22:26.442+00:00,False,98,97.0,,97.0,293668.10748400004,300033.99215600005,300033.99228600005,3061.571349857143,0.039549999999999995,293668.10748400004,29658.336035184988,90.12089535,65.62767703092784,20.230923699082627,0.3232967014936284,2,64,,False,False,Request timeout: 300.0s exceeded,445,21.16838264042747
204,2026-09-14T02:17:30.993+00:00,2026-09-14T02:22:24.280+00:00,2026-09-14T02:22:31.029+00:00,False,100,99.0,,99.0,293287.252782,300036.008494,300036.008515,3000.36008515,0.03456,293287.252782,29321.915351810057,88.60307895,68.16924961616161,20.362007848322982,0.3299603954102721,2,64,,False,False,Request timeout: 300.0s exceeded,326,21.16838264042747
205,2026-09-14T02:17:35.346+00:00,2026-09-14T02:22:29.190+00:00,2026-09-14T02:22:35.428+00:00,False,89,88.0,,88.0,293844.868732,300082.111868,300082.111906,3371.709122539326,0.03818,293844.868732,31139.987579890807,91.8347098,70.8777629090909,20.723160969763892,0.29325306814259355,2,64,,False,False,Request timeout: 300.0s exceeded,353,21.16838264042747
206,2026-09-14T02:17:40.232+00:00,2026-09-14T02:22:33.837+00:00,2026-09-14T02:22:40.245+00:00,False,92,91.0,,91.0,293604.80804900004,300012.40766500006,300012.40766200004,3261.0044311086963,0.0268,293604.80804900004,30603.08366986864,91.64164325,70.41318259340659,21.53585059615307,0.30332078832423637,2,64,,False,False,Request timeout: 300.0s exceeded,393,21.16838264042747
207,2026-09-14T02:17:43.787+00:00,2026-09-14T02:22:37.940+00:00,2026-09-14T02:22:43.872+00:00,False,85,84.0,,84.0,294152.60399699997,300084.841309,300084.841326,3530.409897952941,0.02026,294152.60399699997,31897.67649153686,92.58013840000001,70.62187276190475,21.23222699577376,0.27992083716586164,2,64,,False,False,Request timeout: 300.0s exceeded,430,21.16838264042747
208,2026-09-14T02:17:47.125+00:00,2026-09-14T02:22:40.947+00:00,2026-09-14T02:22:47.150+00:00,False,92,91.0,,91.0,293822.69823900005,300025.56083100004,300025.5608360001,3261.147400391305,0.04095,293822.69823900005,30626.034423308494,90.7790325,68.1633251868132,20.912219535089307,0.3033074906949643,2,64,,False,False,Request timeout: 300.0s exceeded,450,21.16838264042747
209,2026-09-14T02:17:51.183+00:00,2026-09-14T02:22:44.934+00:00,2026-09-14T02:22:51.226+00:00,False,94,93.0,,93.0,293751.60325700004,300043.55948100006,300043.559537,3191.952761031915,0.03549,293751.60325700004,30291.192478503162,87.758658,67.6554432688172,19.37942436412487,0.3099549950709378,2,64,,False,False,Request timeout: 300.0s exceeded,396,21.16838264042747
210,2026-09-14T02:17:55.184+00:00,2026-09-14T02:22:48.728+00:00,2026-09-14T02:22:55.200+00:00,False,97,96.0,,96.0,293543.760594,300015.77032199997,300015.770292,3092.946085484536,0.03918,293543.760594,29798.01398573811,87.8414404,67.416768,18.94481524366336,0.3199831792074311,2,64,,False,False,Request timeout: 300.0s exceeded,468,21.16838264042747
211,2026-09-14T02:17:59.788+00:00,2026-09-14T02:22:53.551+00:00,2026-09-14T02:22:59.837+00:00,False,92,91.0,,91.0,293763.45335900004,300049.03748700005,300049.03744200006,3261.4025808913048,0.03796,293763.45335900004,30619.76312743717,90.6614317,69.07235305494505,21.178561384750022,0.3032837590886878,2,64,,False,False,Request timeout: 300.0s exceeded,420,21.16838264042747
212,2026-09-14T02:18:03.551+00:00,2026-09-14T02:22:57.341+00:00,2026-09-14T02:23:03.628+00:00,False,91,90.0,,90.0,293789.390601,300077.107977,300077.107959,3297.5506369120876,0.01973,293789.390601,30790.179600709052,89.93147450000001,69.86352640000001,20.807473678028668,0.2999229118367077,2,64,,False,False,Request timeout: 300.0s exceeded,430,21.16838264042747
213,2026-09-14T02:18:06.281+00:00,2026-09-14T02:22:59.834+00:00,2026-09-14T02:23:06.434+00:00,False,90,89.0,,89.0,293553.121616,300153.13595200004,300153.136094,3335.034845488889,0.038840000000000006,293553.121616,30935.469246529286,88.29625100000001,74.1574644494382,66.26690629646298,0.29651530948599764,2,64,,False,False,Request timeout: 300.0s exceeded,382,21.16838264042747
214,2026-09-14T02:18:09.076+00:00,2026-09-14T02:23:02.741+00:00,2026-09-14T02:23:09.115+00:00,False,99,98.0,,98.0,293665.550632,300039.29988,300039.29986800003,3030.699998666667,0.0,293665.550632,29508.03729678326,89.86276470000001,65.03825763265306,67.11436750981875,0.3266238790691582,2,64,,False,False,Request timeout: 300.0s exceeded,404,21.16838264042747
215,2026-09-14T02:18:13.865+00:00,2026-09-14T02:23:07.746+00:00,2026-09-14T02:23:13.874+00:00,False,90,89.0,,89.0,293881.450865,300008.469617,300008.46958200005,3333.4274398000002,0.02308,293881.450865,30970.574549573426,88.37984095,68.84290732584269,19.92205484000508,0.2966582913929734,2,64,,False,False,Request timeout: 300.0s exceeded,335,21.16838264042747
216,2026-09-14T02:18:16.838+00:00,2026-09-14T02:23:10.425+00:00,2026-09-14T02:23:16.855+00:00,False,89,88.0,,88.0,293586.782203,300016.627707,300016.627871,3370.9733468651684,0.02809,293586.782203,31112.397518116755,91.84878,73.06642618181819,19.222434087604118,0.29331707603200546,2,64,,False,False,Request timeout: 300.0s exceeded,304,21.16838264042747
217,2026-09-14T02:18:21.414+00:00,2026-09-14T02:23:15.087+00:00,2026-09-14T02:23:21.489+00:00,False,93,92.0,,92.0,293672.881398,300074.142454,300074.142486,3226.6036826451614,0.01782,293672.881398,30445.25101651761,90.9836342,69.57892452173913,20.472974057670882,0.30659089532882083,2,64,,False,False,Request timeout: 300.0s exceeded,441,21.16838264042747
218,2026-09-14T02:18:25.730+00:00,2026-09-14T02:23:19.283+00:00,2026-09-14T02:23:25.777+00:00,False,99,98.0,,98.0,293552.59702100005,300047.11478100007,300047.114852,3030.7789378989905,0.02568,293552.59702100005,29496.492570860788,89.162269,66.27058938775511,20.33562521907886,0.3266153719609294,2,64,,False,False,Request timeout: 300.0s exceeded,503,21.16838264042747
219,2026-09-14T02:18:29.232+00:00,2026-09-14T02:23:22.563+00:00,2026-09-14T02:23:29.255+00:00,False,100,99.0,,99.0,293330.664804,300022.704228,300022.704318,3000.22704318,0.02218,293330.664804,29326.313934005047,90.11676895,67.59635781818181,20.495345677539067,0.3299750272391575,2,64,,False,False,Request timeout: 300.0s exceeded,402,21.16838264042747
220,2026-09-14T02:18:32.243+00:00,2026-09-14T02:23:25.905+00:00,2026-09-14T02:23:32.714+00:00,False,102,101.0,,101.0,293662.460798,300471.859582,300471.859384,2945.802542980392,0.03943,293662.460798,29070.248369167988,91.31476455,67.41978994059406,21.014783288046093,0.3361379669314314,2,64,,False,False,Request timeout: 300.0s exceeded,413,21.16838264042747
221,2026-09-14T02:18:36.762+00:00,2026-09-14T02:23:30.209+00:00,2026-09-14T02:23:36.819+00:00,False,98,97.0,,97.0,293447.25639,300056.651334,300056.651159,3061.8025628469386,0.03725,293447.25639,29635.773414064046,89.77890435,68.13809220618556,20.660094764294286,0.32327228731226176,2,64,,False,False,Request timeout: 300.0s exceeded,336,21.16838264042747
222,2026-09-14T02:18:40.744+00:00,2026-09-14T02:23:34.608+00:00,2026-09-14T02:23:40.754+00:00,False,88,87.0,,87.0,293864.74422500003,300010.31632100005,300010.31646400003,3409.208141636364,0.02014,293864.74422500003,31318.562732320865,88.68490084999999,70.63875972413793,19.2686549623586,0.2899900278992846,2,64,,False,False,Request timeout: 300.0s exceeded,419,21.16838264042747
223,2026-09-14T02:18:44.084+00:00,2026-09-14T02:23:37.629+00:00,2026-09-14T02:23:44.094+00:00,False,97,96.0,,96.0,293544.760367,300009.839407,300009.83927,3092.884940927835,0.03739,293544.760367,29798.122765594773,87.7783528,67.34457333333333,18.84592185575301,0.31998950497674933,2,64,,False,False,Request timeout: 300.0s exceeded,402,21.16838264042747
224,2026-09-14T02:18:47.197+00:00,2026-09-14T02:23:40.755+00:00,2026-09-14T02:23:47.275+00:00,False,99,98.0,,98.0,293558.740543,300078.022207,300078.022162,3031.0911329494947,0.037679000000000004,293558.740543,29497.083812903078,86.1331528,66.52328228571429,19.114044584182583,0.32658173124187545,2,64,,False,False,Request timeout: 300.0s exceeded,441,21.16838264042747
225,2026-09-14T02:18:49.953+00:00,2026-09-14T02:23:43.804+00:00,2026-09-14T02:23:49.978+00:00,False,93,92.0,,92.0,293850.735931,300024.53970699996,300024.53959,3226.070318172043,0.03897,293850.735931,30463.949042334083,85.8034992,67.10656278260869,18.9119865290666,0.3066415836846079,2,64,,False,False,Request timeout: 300.0s exceeded,297,21.16838264042747
226,2026-09-14T02:18:53.674+00:00,2026-09-14T02:23:47.483+00:00,2026-09-14T02:23:53.682+00:00,False,90,89.0,,89.0,293809.785935,300008.801103,300008.801191,3333.4311243444445,0.028820000000000002,293809.785935,30962.93550268273,89.16943289999999,69.65185582022471,20.494267822481874,0.2966579636090217,2,64,,False,False,Request timeout: 300.0s exceeded,368,21.16838264042747
227,2026-09-14T02:18:57.196+00:00,2026-09-14T02:23:51.408+00:00,2026-09-14T02:23:57.282+00:00,False,86,85.0,,85.0,294212.243621,300085.38614899997,300085.386136,3489.3649550697673,0.02822,294212.243621,31718.278278395734,89.23057200000001,69.09579444705882,21.090619675263536,0.2832527138052479,2,64,,False,False,Request timeout: 300.0s exceeded,413,21.16838264042747
228,2026-09-14T02:19:01.903+00:00,2026-09-14T02:23:55.622+00:00,2026-09-14T02:24:01.965+00:00,False,105,104.0,,104.0,293718.547093,300061.572757,300061.57295799995,2857.7292662666664,0.0,293718.547093,28658.11824621263,93.0469932,60.990631384615384,65.9563143916076,0.3465955305254056,2,64,,False,False,Request timeout: 300.0s exceeded,513,21.16838264042747
229,2026-09-14T02:19:06.205+00:00,2026-09-14T02:24:00.571+00:00,2026-09-14T02:24:06.284+00:00,False,89,88.0,,88.0,294365.805476,300079.050148,300079.050092,3371.6747201348317,0.0,294365.805476,31195.910169329163,91.7786884,64.92323490909091,70.62814991159405,0.2932560602167932,2,64,,False,False,Request timeout: 300.0s exceeded,432,21.16838264042747
230,2026-09-14T02:19:09.399+00:00,2026-09-14T02:24:03.522+00:00,2026-09-14T02:24:09.420+00:00,False,90,89.0,,89.0,294122.68256800005,300020.76615200005,300020.76628200006,3333.5640698000007,0.03968,294122.68256800005,30996.27418767238,89.06512445,66.27060206741572,20.609787411083783,0.2966461326710624,2,64,,False,False,Request timeout: 300.0s exceeded,284,21.16838264042747
231,2026-09-14T02:19:13.854+00:00,2026-09-14T02:24:08.064+00:00,2026-09-14T02:24:13.893+00:00,False,88,87.0,,87.0,294209.313046,300038.58818200004,300038.588055,3409.5294097159094,0.0355,294209.313046,31355.681706137166,88.76608689999999,67.00316248275863,19.699625665062854,0.2899627028881591,2,64,,False,False,Request timeout: 300.0s exceeded,464,21.16838264042747
232,2026-09-14T02:19:16.832+00:00,2026-09-14T02:24:10.161+00:00,2026-09-14T02:24:16.923+00:00,False,100,99.0,,99.0,293329.53499,300091.60859,300091.60854,3000.9160854,0.03523,293329.53499,29326.129472952285,87.90754799999999,68.30377373737375,19.398903264064884,0.32989926131276365,2,64,,False,False,Request timeout: 300.0s exceeded,480,21.16838264042747
233,2026-09-14T02:19:20.633+00:00,2026-09-14T02:24:14.399+00:00,2026-09-14T02:24:20.681+00:00,False,92,91.0,,91.0,293766.624276,300047.923988,300047.923872,3261.390476869565,0.03618,293766.624276,30620.097873638697,89.27193894999999,69.02527156043956,20.047039031912238,0.3032848845961001,2,64,,False,False,Request timeout: 300.0s exceeded,382,21.16838264042747
234,2026-09-14T02:19:23.812+00:00,2026-09-14T02:24:17.804+00:00,2026-09-14T02:24:23.851+00:00,False,88,87.0,,87.0,293992.181987,300039.250403,300039.250428,3409.536936681818,0.02095,293992.181987,31332.268287324277,87.2713245,69.50653351724138,19.187296664074243,0.28996206290725396,2,64,,False,False,Request timeout: 300.0s exceeded,393,21.16838264042747
235,2026-09-14T02:19:27.852+00:00,2026-09-14T02:24:21.262+00:00,2026-09-14T02:24:27.931+00:00,False,101,100.0,,100.0,293409.633736,300078.456008,300078.456154,2971.0738233069305,0.02689,293409.633736,29188.720796441925,88.826633,66.68822272,19.979341959642618,0.33324618278272544,2,64,,False,False,Request timeout: 300.0s exceeded,290,21.16838264042747
236,2026-09-14T02:19:31.614+00:00,2026-09-14T02:24:25.221+00:00,2026-09-14T02:24:31.629+00:00,False,97,96.0,,96.0,293606.6162,300014.680712,300014.68076799996,3092.9348532783506,0.019579999999999997,293606.6162,29804.46406650254,87.98189599999999,66.750672,19.61728628374385,0.3199843413401342,2,64,,False,False,Request timeout: 300.0s exceeded,453,21.16838264042747
237,2026-09-14T02:19:36.542+00:00,2026-09-14T02:24:30.350+00:00,2026-09-14T02:24:36.553+00:00,False,92,91.0,,91.0,293807.831548,300010.699516,300010.699639,3260.9858656413044,0.03601,293807.831548,30624.483724184156,86.47509165,68.16338426373626,19.796341439457237,0.30332251531964727,2,64,,False,False,Request timeout: 300.0s exceeded,385,21.16838264042747
238,2026-09-14T02:19:41.526+00:00,2026-09-14T02:24:35.540+00:00,2026-09-14T02:24:41.572+00:00,False,87,86.0,,86.0,294013.903958,300045.44879,300045.44881000003,3448.7982621839083,0.02336,294013.903958,31514.086175492892,88.44856360000001,70.13424223255815,19.836669537670023,0.28662324440118697,2,64,,False,False,Request timeout: 300.0s exceeded,389,21.16838264042747
239,2026-09-14T02:19:45.559+00:00,2026-09-14T02:24:39.225+00:00,2026-09-14T02:24:47.638+00:00,False,89,88.0,,88.0,293666.03611299995,302079.1302569999,302079.13024699996,3394.147530865168,0.04056,293666.03611299995,31119.29577390565,91.9093326,95.60334254545455,236.98684505651704,0.29131439806891735,2,64,,False,False,Request timeout: 300.0s exceeded,394,21.16838264042747
240,2026-09-14T02:19:49.448+00:00,2026-09-14T02:24:42.820+00:00,2026-09-14T02:24:49.528+00:00,False,112,111.0,,111.0,293372.250245,300080.443013,300080.443068,2679.28967025,0.01541,293372.250245,27716.205077035615,90.9261551,60.43416908108108,217.2234674788773,0.36990081354682375,2,64,,False,False,Request timeout: 300.0s exceeded,518,21.16838264042747
241,2026-09-14T02:19:53.421+00:00,2026-09-14T02:24:48.133+00:00,2026-09-14T02:24:53.471+00:00,False,79,78.0,,78.0,294712.617574,300050.630502,300050.630601,3798.1092481139235,0.03594,294712.617574,33150.067581021336,92.50557560000001,68.43606317948718,22.007640417831755,0.25995612763586606,2,64,,False,False,Request timeout: 300.0s exceeded,282,21.16838264042747
242,2026-09-14T02:19:56.583+00:00,2026-09-14T02:24:50.321+00:00,2026-09-14T02:24:57.011+00:00,False,88,87.0,,87.0,293737.77382099995,300427.687421,300427.687634,3413.9509958409085,0.0385,293737.77382099995,31304.426327236808,89.13226755,76.89555862068966,67.30505834611331,0.28958715738501095,2,64,,False,False,Request timeout: 300.0s exceeded,427,21.16838264042747
243,2026-09-14T02:20:00.258+00:00,2026-09-14T02:24:54.150+00:00,2026-09-14T02:25:00.328+00:00,False,95,94.0,,94.0,293891.65544,300070.086672,300070.086802,3158.6324926526318,0.0,293891.65544,30145.981637491408,88.004174,65.72799182978723,68.74674567009875,0.31326014879566894,2,64,,False,False,Request timeout: 300.0s exceeded,379,21.16838264042747
244,2026-09-14T02:20:05.021+00:00,2026-09-14T02:24:58.922+00:00,2026-09-14T02:25:05.080+00:00,False,93,92.0,,92.0,293901.824951,300059.914423,300059.91431699996,3226.450691580645,0.051299,293901.824951,30469.264851471162,86.34163319999999,66.93575513043479,19.574145109033257,0.3066054330413022,2,64,,False,False,Request timeout: 300.0s exceeded,304,21.16838264042747
245,2026-09-14T02:20:09.790+00:00,2026-09-14T02:25:03.714+00:00,2026-09-14T02:25:09.858+00:00,False,91,90.0,,90.0,293924.573027,300068.436323,300068.436193,3297.45534278022,0.02581,293924.573027,30804.517362599832,88.6754375,68.26514773333334,19.63777638052993,0.2999315792852071,2,64,,False,False,Request timeout: 300.0s exceeded,522,21.16838264042747
246,2026-09-14T02:20:13.921+00:00,2026-09-14T02:25:07.840+00:00,2026-09-14T02:25:13.936+00:00,False,86,85.0,,85.0,293918.337803,300014.743563,300014.743601,3488.543530244186,0.03719,293918.337803,31686.301273562854,88.44384575,71.72242070588236,19.352870770633412,0.2833194095414543,2,64,,False,False,Request timeout: 300.0s exceeded,370,21.16838264042747
247,2026-09-14T02:20:18.335+00:00,2026-09-14T02:25:12.227+00:00,2026-09-14T02:25:18.417+00:00,False,89,88.0,,88.0,293891.826712,300081.135128,300081.135173,3371.698148011236,0.04183,293891.826712,31145.022745188875,90.19331100000001,70.33305018181818,20.556882049079498,0.29325402265778383,2,64,,False,False,Request timeout: 300.0s exceeded,415,21.16838264042747
248,2026-09-14T02:20:23.291+00:00,2026-09-14T02:25:17.064+00:00,2026-09-14T02:25:23.333+00:00,False,94,93.0,,93.0,293773.489887,300042.133471,300042.133248,3191.937587744681,0.11959,293773.489887,30293.476743712232,90.64127564999998,67.40476972043011,20.86599678440555,0.30995646819378697,2,64,,False,False,Request timeout: 300.0s exceeded,405,21.16838264042747
249,2026-09-14T02:20:26.812+00:00,2026-09-14T02:25:20.697+00:00,2026-09-14T02:25:26.900+00:00,False,95,94.0,,94.0,293884.47443400003,300088.01414600003,300088.014274,3158.821202884211,0.03796,293884.47443400003,30145.146923382308,87.925857,65.99510331914894,20.65348599024854,0.31324143440886226,2,64,,False,False,Request timeout: 300.0s exceeded,454,21.16838264042747
250,2026-09-14T02:20:31.636+00:00,2026-09-14T02:25:25.298+00:00,2026-09-14T02:25:31.706+00:00,False,91,90.0,,90.0,293662.350967,300070.378871,300070.378876,3297.476690945055,0.035459000000000004,293662.350967,30776.721794404548,90.5302185,71.20031004444444,20.34750656008063,0.29992963763574587,2,64,,False,False,Request timeout: 300.0s exceeded,377,21.16838264042747
251,2026-09-14T02:20:35.487+00:00,2026-09-14T02:25:29.277+00:00,2026-09-14T02:25:35.562+00:00,False,89,88.0,,88.0,293789.18570200005,300074.10474200005,300074.10469000007,3371.619153820225,0.0348,293789.18570200005,31134.02714905976,91.02801879999998,71.41953454545455,19.76620830637044,0.2932608932572216,2,64,,False,False,Request timeout: 300.0s exceeded,438,21.16838264042747
252,2026-09-14T02:20:39.612+00:00,2026-09-14T02:25:33.480+00:00,2026-09-14T02:25:39.641+00:00,False,91,90.0,,90.0,293867.40008999995,300029.26786599995,300029.26793699997,3297.024922384615,0.03839,293867.40008999995,30798.503215839177,88.4569785,68.46519751111111,19.91411413132071,0.29997073498908144,2,64,,False,False,Request timeout: 300.0s exceeded,438,21.16838264042747
253,2026-09-14T02:20:44.111+00:00,2026-09-14T02:25:37.678+00:00,2026-09-14T02:25:44.159+00:00,False,96,95.0,,95.0,293567.271536,300047.726448,300047.726481,3125.49715084375,0.039310000000000005,293567.271536,29955.128509538543,87.4136805,68.2153148631579,19.870064032284773,0.3166162967625887,2,64,,False,False,Request timeout: 300.0s exceeded,400,21.16838264042747
254,2026-09-14T02:20:47.883+00:00,2026-09-14T02:25:41.565+00:00,2026-09-14T02:25:47.915+00:00,False,93,92.0,,92.0,293681.94962699997,300031.74751499994,300031.74765,3226.147824193548,0.04001,293681.94962699997,30446.24924984385,89.671055,69.01954226086956,20.317353445774103,0.30663421708531197,2,64,,False,False,Request timeout: 300.0s exceeded,535,21.16838264042747
255,2026-09-14T02:20:52.232+00:00,2026-09-14T02:25:46.102+00:00,2026-09-14T02:25:52.263+00:00,False,92,91.0,,91.0,293870.156224,300031.091392,300031.09124499996,3261.2075135326086,0.0,293870.156224,30631.10335300499,89.03202594999999,67.70258426373626,70.44678281382218,0.3033018997391363,2,64,,False,False,Request timeout: 300.0s exceeded,452,21.16838264042747
256,2026-09-14T02:20:55.607+00:00,2026-09-14T02:25:49.496+00:00,2026-09-14T02:25:55.637+00:00,False,97,96.0,,96.0,293888.51419099997,300029.80391899997,300029.80394799996,3093.090762350515,0.0,293888.51419099997,29833.441700234478,89.50342280000001,63.971768,69.2186518512251,0.31996821231105904,2,64,,False,False,Request timeout: 300.0s exceeded,472,21.16838264042747
257,2026-09-14T02:21:00.456+00:00,2026-09-14T02:25:54.421+00:00,2026-09-14T02:26:00.546+00:00,False,92,91.0,,91.0,293964.73186,300090.322388,300090.322293,3261.851329271739,0.02215,293964.73186,30640.93092493908,89.86277010000002,67.31418162637364,20.833514342840047,0.303242034850901,2,64,,False,False,Request timeout: 300.0s exceeded,293,21.16838264042747
258,2026-09-14T02:21:04.788+00:00,2026-09-14T02:25:58.378+00:00,2026-09-14T02:26:04.820+00:00,False,93,92.0,,92.0,293590.02684299997,300031.598427,300031.598579,3226.1462212795695,0.038459,293590.02684299997,30436.613826500594,89.66967720000001,70.01708243478261,20.261684329415655,0.3066343694542037,2,64,,False,False,Request timeout: 300.0s exceeded,450,21.16838264042747
259,2026-09-14T02:21:08.083+00:00,2026-09-14T02:26:01.684+00:00,2026-09-14T02:26:08.115+00:00,False,97,96.0,,96.0,293600.80380299996,300031.50460299995,300031.50453199993,3093.1082941443296,0.023440000000000003,293600.80380299996,29803.85080478403,90.07781599999998,66.98646666666666,20.865406225395585,0.31996639861879395,2,64,,False,False,Request timeout: 300.0s exceeded,438,21.16838264042747
260,2026-09-14T02:21:10.816+00:00,2026-09-14T02:26:04.428+00:00,2026-09-14T02:26:10.846+00:00,False,98,97.0,,97.0,293612.373851,300030.396763,300030.396815,3061.534661377551,0.03055,293612.373851,29652.651972669843,90.4532125,66.16518465979382,20.495286531204183,0.3233005756967426,2,64,,False,False,Request timeout: 300.0s exceeded,402,21.16838264042747
261,2026-09-14T02:21:14.781+00:00,2026-09-14T02:26:08.773+00:00,2026-09-14T02:26:14.831+00:00,False,87,86.0,,86.0,293992.109481,300049.925289,300049.925125,3448.8497140804598,0.01692,293992.109481,31511.71705182513,91.2209773,70.43971869767442,20.217728958453655,0.2866189682172629,2,64,,False,False,Request timeout: 300.0s exceeded,128,21.16838264042747
262,2026-09-14T02:21:19.310+00:00,2026-09-14T02:26:13.418+00:00,2026-09-14T02:26:19.329+00:00,False,89,88.0,,88.0,294107.533408,300018.448736,300018.448733,3370.993805988764,0.03774,294107.533408,31168.22291146721,89.48519100000001,67.16949236363637,20.511896620514456,0.29331529567848424,2,64,,False,False,Request timeout: 300.0s exceeded,483,21.16838264042747
263,2026-09-14T02:21:23.092+00:00,2026-09-14T02:26:17.108+00:00,2026-09-14T02:26:23.140+00:00,False,93,92.0,,92.0,294016.09547299996,300048.62948899996,300048.629461,3226.3293490430106,0.02318,294016.09547299996,30481.256749743618,89.8651786,65.57102191304348,21.21134485070095,0.30661696457897936,2,64,,False,False,Request timeout: 300.0s exceeded,437,21.16838264042747
264,2026-09-14T02:21:26.029+00:00,2026-09-14T02:26:19.685+00:00,2026-09-14T02:26:26.106+00:00,False,93,92.0,,92.0,293656.691123,300076.783283,300076.78333299997,3226.6320788494622,0.038130000000000004,293656.691123,30443.550896470795,89.66759819999999,69.7836104347826,20.409483097474695,0.30658819717230684,2,64,,False,False,Request timeout: 300.0s exceeded,417,21.16838264042747
265,2026-09-14T02:21:29.687+00:00,2026-09-14T02:26:23.306+00:00,2026-09-14T02:26:29.754+00:00,False,96,95.0,,95.0,293619.09074400004,300066.76588,300066.76587600005,3125.6954778750005,0.01871,293619.09074400004,29960.453340289307,90.46760049999999,67.87026458947368,21.110691913840025,0.31659620725206045,2,64,,False,False,Request timeout: 300.0s exceeded,357,21.16838264042747
266,2026-09-14T02:21:34.624+00:00,2026-09-14T02:26:28.202+00:00,2026-09-14T02:26:34.702+00:00,False,97,96.0,,96.0,293578.085661,300077.709341,300077.709483,3093.5846338453607,0.02282,293578.085661,29801.47117327777,88.7197344,67.70441333333333,20.78213991525688,0.31991713150178797,2,64,,False,False,Request timeout: 300.0s exceeded,234,21.16838264042747
267,2026-09-14T02:21:38.884+00:00,2026-09-14T02:26:32.520+00:00,2026-09-14T02:26:38.899+00:00,False,96,95.0,,95.0,293636.138672,300014.7788,300014.77879899996,3125.1539458229163,0.03626,293636.138672,29962.26673216706,88.56844600000001,67.14358029473685,20.04918085909591,0.3166510675906743,2,64,,False,False,Request timeout: 300.0s exceeded,501,21.16838264042747
268,2026-09-14T02:21:43.627+00:00,2026-09-14T02:26:37.182+00:00,2026-09-14T02:26:43.661+00:00,False,98,97.0,,97.0,293555.19929400005,300033.61055800004,300033.61050300003,3061.5674541122453,0.02462,293555.19929400005,29646.813363802423,88.61831835000001,66.78774498969072,20.171395337265466,0.32329711267881023,2,64,,False,False,Request timeout: 300.0s exceeded,452,21.16838264042747
269,2026-09-14T02:21:48.249+00:00,2026-09-14T02:26:41.868+00:00,2026-09-14T02:26:48.336+00:00,False,104,103.0,,103.0,293618.59106199996,300086.822742,300086.822932,2885.4502204999994,0.0,293618.59106199996,28785.581259130697,90.9346913,62.79836582524272,62.64478362350055,0.34323399827707324,2,64,,False,False,Request timeout: 300.0s exceeded,444,21.16838264042747
270,2026-09-14T02:21:52.758+00:00,2026-09-14T02:26:47.657+00:00,2026-09-14T02:26:52.842+00:00,False,80,79.0,,79.0,294898.875971,300083.209283,300083.209161,3751.0401145125,0.02745,294898.875971,32963.365929135434,88.27959535,65.62447230379748,20.526426936884956,0.26326031432667507,2,64,,False,False,Request timeout: 300.0s exceeded,331,21.16838264042747
271,2026-09-14T02:21:56.113+00:00,2026-09-14T02:26:49.762+00:00,2026-09-14T02:26:56.191+00:00,False,97,96.0,,96.0,293649.147182,300077.794094,300077.794104,3093.585506226804,0.02158,293649.147182,29808.7608662063,88.94572380000001,66.965072,19.926028345610302,0.31991704114542974,2,64,,False,False,Request timeout: 300.0s exceeded,319,21.16838264042747
272,2026-09-14T02:22:00.830+00:00,2026-09-14T02:26:54.872+00:00,2026-09-14T02:27:00.854+00:00,False,88,87.0,,87.0,294042.330984,300024.712552,300024.712468,3409.3717325909092,0.02091,294042.330984,31337.694442512744,89.6429685,68.76300652873564,20.76595134866169,0.2899761131674153,2,64,,False,False,Request timeout: 300.0s exceeded,433,21.16838264042747
273,2026-09-14T02:22:05.457+00:00,2026-09-14T02:26:59.272+00:00,2026-09-14T02:27:05.524+00:00,False,92,91.0,,91.0,293814.93808600004,300066.93783,300066.93781000003,3261.597150108696,0.02129,293814.93808600004,30625.168347225976,89.48020349999999,68.70329389010989,19.803668738288017,0.30326566684782563,2,64,,False,False,Request timeout: 300.0s exceeded,236,21.16838264042747
274,2026-09-14T02:22:09.089+00:00,2026-09-14T02:27:03.154+00:00,2026-09-14T02:27:09.173+00:00,False,90,89.0,,89.0,294064.854238,300083.913694,300083.913786,3334.265708733333,0.03982,294064.854238,30990.03479417777,90.10754045,67.62988152808988,19.877353912827694,0.2965837085514508,2,64,,False,False,Request timeout: 300.0s exceeded,365,21.16838264042747
275,2026-09-14T02:22:12.850+00:00,2026-09-14T02:27:06.846+00:00,2026-09-14T02:27:12.884+00:00,False,89,88.0,,88.0,293995.618576,300033.361424,300033.361574,3371.161366,0.0215,293995.618576,31156.207024779997,88.82162899999999,68.61071418181818,20.24685368389098,0.2933007169014131,2,64,,False,False,Request timeout: 300.0s exceeded,360,21.16838264042747
276,2026-09-14T02:22:17.270+00:00,2026-09-14T02:27:11.523+00:00,2026-09-14T02:27:17.334+00:00,False,90,89.0,,89.0,294252.839124,300064.241364,300064.24115,3334.0471238888886,0.026199999999999998,294252.839124,31010.096544181524,87.95360794999999,65.29665438202247,20.595117142898477,0.29660315269634696,2,64,,False,False,Request timeout: 300.0s exceeded,427,21.16838264042747
277,2026-09-14T02:22:21.194+00:00,2026-09-14T02:27:15.380+00:00,2026-09-14T02:27:21.254+00:00,False,88,87.0,,87.0,294185.921338,300060.10988199996,300060.109671,3409.7739735340906,0.03339,294185.921338,31353.13331635275,87.965458,67.51940855172414,20.028686725943178,0.2899419054209277,2,64,,False,False,Request timeout: 300.0s exceeded,379,21.16838264042747
278,2026-09-14T02:22:25.488+00:00,2026-09-14T02:27:19.344+00:00,2026-09-14T02:27:25.510+00:00,False,89,88.0,,88.0,293856.070746,300022.143834,300022.143833,3371.035323966292,0.022539999999999998,293856.070746,31141.260019587287,87.37699500000001,70.06901236363636,19.63263940064428,0.2933116831825912,2,64,,False,False,Request timeout: 300.0s exceeded,433,21.16838264042747
279,2026-09-14T02:22:29.852+00:00,2026-09-14T02:27:23.581+00:00,2026-09-14T02:27:29.937+00:00,False,92,91.0,,91.0,293728.768347,300084.852059,300084.85203300003,3261.791869923913,0.04107,293728.768347,30616.065162737897,89.02428110000001,69.84707375824176,19.610830012021584,0.3032475627330512,2,64,,False,False,Request timeout: 300.0s exceeded,417,21.16838264042747
280,2026-09-14T02:22:33.941+00:00,2026-09-14T02:27:27.642+00:00,2026-09-14T02:27:34.014+00:00,False,101,100.0,,100.0,293700.525228,300072.369068,300072.369171,2971.013556148515,0.02343,293700.525228,29217.960879118156,85.669149,63.7184384,19.680993349412955,0.3332529426504404,2,64,,False,False,Request timeout: 300.0s exceeded,420,21.16838264042747
281,2026-09-14T02:22:36.663+00:00,2026-09-14T02:27:30.576+00:00,2026-09-14T02:27:36.694+00:00,False,94,93.0,,93.0,293912.742692,300030.645284,300030.64537,3191.8153762765955,0.020399999999999998,293912.742692,30308.005917360857,87.99609464999999,65.78389883870967,19.60503677645628,0.30996833644099586,2,64,,False,False,Request timeout: 300.0s exceeded,401,21.16838264042747
282,2026-09-14T02:22:40.464+00:00,2026-09-14T02:27:34.474+00:00,2026-09-14T02:27:40.539+00:00,False,88,87.0,,87.0,294009.832998,300074.68855,300074.68869900005,3409.9396443068185,0.02076,294009.832998,31334.128319625088,88.7705937,69.71098335632185,19.55242302613643,0.2899278190386378,2,64,,False,False,Request timeout: 300.0s exceeded,386,21.16838264042747
283,2026-09-14T02:22:44.294+00:00,2026-09-14T02:27:37.905+00:00,2026-09-14T02:27:44.366+00:00,False,98,97.0,,97.0,293610.33778299997,300071.08632699994,300071.08616799995,3061.9498588571423,0.0,293610.33778299997,29652.47318461481,90.9183152,66.60565509278351,68.53703912588396,0.3232567362198138,2,64,,False,False,Request timeout: 300.0s exceeded,462,21.16838264042747
284,2026-09-14T02:22:47.015+00:00,2026-09-14T02:27:40.704+00:00,2026-09-14T02:27:47.078+00:00,False,100,99.0,,99.0,293688.38905,300063.071162,300063.071067,3000.63071067,0.0,293688.38905,29362.477566779475,90.41015750000001,64.3907284040404,67.90826772896138,0.32993063630462954,2,64,,False,False,Request timeout: 300.0s exceeded,374,21.16838264042747
285,2026-09-14T02:22:51.790+00:00,2026-09-14T02:27:45.566+00:00,2026-09-14T02:27:51.885+00:00,False,91,90.0,,90.0,293775.956856,300094.395256,300094.395172,3297.7406062857144,0.02481,293775.956856,30788.73509634015,88.89615750000002,70.2048711111111,20.071713248180966,0.2999056344362052,2,64,,False,False,Request timeout: 300.0s exceeded,434,21.16838264042747
286,2026-09-14T02:22:56.584+00:00,2026-09-14T02:27:50.054+00:00,2026-09-14T02:27:56.669+00:00,False,97,96.0,,96.0,293470.284193,300085.152161,300085.152263,3093.6613635360823,0.02826,293470.284193,29790.40307358186,89.10922799999999,68.90487466666667,19.84357178126477,0.31990919680189517,2,64,,False,False,Request timeout: 300.0s exceeded,451,21.16838264042747
287,2026-09-14T02:23:00.986+00:00,2026-09-14T02:27:54.489+00:00,2026-09-14T02:28:01.009+00:00,False,99,98.0,,98.0,293503.26203600003,300023.367764,300023.367616,3030.539066828283,0.04083,293503.26203600003,29491.508315665276,89.5782279,66.53169110204082,20.824506921207938,0.32664122374990245,2,64,,False,False,Request timeout: 300.0s exceeded,161,21.16838264042747
288,2026-09-14T02:23:05.846+00:00,2026-09-14T02:27:58.983+00:00,2026-09-14T02:28:06.272+00:00,True,108,108.0,,108.0,293136.573612,300425.574828,300425.574938,2781.7182864629626,39.291277,293136.573612,28200.531639490855,89.316893,68.12150669158879,19.512231392053167,0.3594900336358923,2,64,,False,True,,390,21.16838264042747
289,2026-09-14T02:23:08.775+00:00,2026-09-14T02:28:02.636+00:00,2026-09-14T02:28:08.794+00:00,False,90,89.0,,89.0,293861.626923,300019.477547,300019.477378,3333.549748644444,0.01835,293861.626923,30968.44862152947,90.7939594,69.18933285393258,20.256923831579943,0.2966474067873062,2,64,,False,False,Request timeout: 300.0s exceeded,366,21.16838264042747
290,2026-09-14T02:23:12.897+00:00,2026-09-14T02:28:07.358+00:00,2026-09-14T02:28:14.731+00:00,False,69,68.0,,68.0,294460.870129,301833.658353,301833.658529,4374.400848246377,0.026199999999999998,294460.870129,35437.37708219066,98.09682939999999,108.42335623529412,329.2056519252637,0.22528965248956015,2,64,,False,False,Request timeout: 300.0s exceeded,329,21.16838264042747
291,2026-09-14T02:23:17.346+00:00,2026-09-14T02:28:11.076+00:00,2026-09-14T02:28:17.377+00:00,False,105,104.0,,104.0,293729.877304,300030.995768,300030.99573900003,2857.438054657143,0.015560000000000001,293729.877304,28660.451800333045,91.24854520000001,60.587677538461534,270.43875022699444,0.34663085303499225,2,64,,False,False,Request timeout: 300.0s exceeded,540,21.16838264042747
292,2026-09-14T02:23:21.201+00:00,2026-09-14T02:28:15.917+00:00,2026-09-14T02:28:21.235+00:00,False,77,76.0,,76.0,294715.339956,300033.20030799997,300033.20035,3896.5350694805193,0.04586,294715.339956,33577.9618243527,88.98565200000002,69.97184673684211,19.90726953531535,0.25330530062000467,2,64,,False,False,Request timeout: 300.0s exceeded,318,21.16838264042747
293,2026-09-14T02:23:24.036+00:00,2026-09-14T02:28:17.711+00:00,2026-09-14T02:28:24.045+00:00,False,91,90.0,,90.0,293675.822894,300009.472046,300009.472164,3296.807386417582,0.044289999999999996,293675.822894,30778.220469392694,88.5132175,70.37387946666666,20.039688108587406,0.2999905282530561,2,64,,False,False,Request timeout: 300.0s exceeded,367,21.16838264042747
294,2026-09-14T02:23:27.010+00:00,2026-09-14T02:28:20.437+00:00,2026-09-14T02:28:27.091+00:00,False,96,95.0,,95.0,293427.68250199995,300081.67802199995,300081.67793599993,3125.850811833333,0.01796,293427.68250199995,29940.695763810192,90.64289375,70.04205810526315,20.526729949492466,0.31658047444347887,2,64,,False,False,Request timeout: 300.0s exceeded,457,21.16838264042747
295,2026-09-14T02:23:30.420+00:00,2026-09-14T02:28:23.526+00:00,2026-09-14T02:28:30.445+00:00,False,104,103.0,,103.0,293106.564885,300025.461525,300025.461389,2884.8602056634613,0.01898,293106.564885,28734.88379902537,89.39088845,67.17375378640777,20.69917439136759,0.3433041965053936,2,64,,False,False,Request timeout: 300.0s exceeded,504,21.16838264042747
296,2026-09-14T02:23:33.606+00:00,2026-09-14T02:28:27.172+00:00,2026-09-14T02:28:33.665+00:00,False,96,95.0,,95.0,293566.430939,300059.30261899997,300059.30260299996,3125.6177354479164,0.01686,293566.430939,29955.030007933707,90.21418725,68.34601768421052,20.809522981442466,0.3166040818292048,2,64,,False,False,Request timeout: 300.0s exceeded,468,21.16838264042747
297,2026-09-14T02:23:37.255+00:00,2026-09-14T02:28:31.394+00:00,2026-09-14T02:28:37.752+00:00,False,82,81.0,,81.0,294138.245476,300496.930916,300496.930723,3664.5967161341464,0.0498,294138.245476,32473.533908022924,90.06554705,78.50228938271604,66.72753329406368,0.26955350177151227,2,64,,False,False,Request timeout: 300.0s exceeded,358,21.16838264042747
298,2026-09-14T02:23:42.073+00:00,2026-09-14T02:28:35.719+00:00,2026-09-14T02:28:42.116+00:00,False,101,100.0,,100.0,293645.98707200005,300043.147264,300043.14710700006,2970.7242287821787,0.0,293645.98707200005,29212.571740655694,88.951642,63.971601920000005,63.98048698301838,0.3332853988230321,2,64,,False,False,Request timeout: 300.0s exceeded,486,21.16838264042747
299,2026-09-14T02:23:46.965+00:00,2026-09-14T02:28:40.681+00:00,2026-09-14T02:28:47.046+00:00,False,94,93.0,,93.0,293716.0845,300081.182996,300081.182953,3192.353010138298,0.025709,293716.0845,30287.448128991793,88.7900005,68.44191931182796,19.76810024907305,0.30991613359921893,2,64,,False,False,Request timeout: 300.0s exceeded,361,21.16838264042747
300,2026-09-14T02:23:50.326+00:00,2026-09-14T02:28:44.201+00:00,2026-09-14T02:28:50.362+00:00,False,92,91.0,,91.0,293875.608838,300035.79981399997,300035.799754,3261.2586929782606,0.032229999999999995,293875.608838,30631.599153846822,88.26836255,67.69440632967033,20.207664838473587,0.30329714006266345,2,64,,False,False,Request timeout: 300.0s exceeded,437,21.16838264042747
301,2026-09-14T02:23:54.058+00:00,2026-09-14T02:28:47.983+00:00,2026-09-14T02:28:54.070+00:00,False,91,90.0,,90.0,293924.18819,300011.311902,300011.31192,3296.8276035164836,0.02308,293924.18819,30804.543635521015,90.95420750000001,67.63470791111112,20.456544439207565,0.2999886885245144,2,64,,False,False,Request timeout: 300.0s exceeded,432,21.16838264042747
302,2026-09-14T02:23:58.924+00:00,2026-09-14T02:28:52.433+00:00,2026-09-14T02:28:58.951+00:00,False,96,95.0,,95.0,293508.42663400003,300026.23373800004,300026.23375500005,3125.2732682812502,0.018609999999999998,293508.42663400003,29949.083004364606,89.956523,68.60849583157894,20.551511916040212,0.31663897792004214,2,64,,False,False,Request timeout: 300.0s exceeded,449,21.16838264042747
303,2026-09-14T02:24:03.823+00:00,2026-09-14T02:28:57.527+00:00,2026-09-14T02:29:03.863+00:00,False,93,92.0,,92.0,293704.219934,300039.73327799997,300039.73318,3226.233690107527,0.027149999999999997,293704.219934,30448.57485464898,91.35455460000001,68.86427547826088,20.590316305015367,0.3066260558056088,2,64,,False,False,Request timeout: 300.0s exceeded,447,21.16838264042747
304,2026-09-14T02:24:06.805+00:00,2026-09-14T02:29:00.323+00:00,2026-09-14T02:29:06.843+00:00,False,94,93.0,,93.0,293518.535638,300038.14703,300038.147065,3191.895181542553,0.040350000000000004,293518.535638,30266.9019207369,93.20727665,70.10334830107527,20.911555573522662,0.3099605864140375,2,64,,False,False,Request timeout: 300.0s exceeded,370,21.16838264042747
305,2026-09-14T02:24:10.313+00:00,2026-09-14T02:29:04.218+00:00,2026-09-14T02:29:10.337+00:00,False,89,88.0,,88.0,293904.809656,300024.266168,300024.266218,3371.059170988764,0.03533,293904.809656,31146.483210492202,90.3656894,69.53927854545455,20.76528493809116,0.29330960833256065,2,64,,False,False,Request timeout: 300.0s exceeded,354,21.16838264042747
306,2026-09-14T02:24:13.898+00:00,2026-09-14T02:29:07.588+00:00,2026-09-14T02:29:13.920+00:00,False,96,95.0,,95.0,293690.154922,300022.254506,300022.254595,3125.231818697917,0.02346,293690.154922,29967.82970134686,87.11719325,66.65367983157894,19.988378421918757,0.3166431775416851,2,64,,False,False,Request timeout: 300.0s exceeded,365,21.16838264042747
307,2026-09-14T02:24:16.766+00:00,2026-09-14T02:29:10.463+00:00,2026-09-14T02:29:16.775+00:00,False,97,96.0,,96.0,293696.466831,300008.200591,300008.200677,3092.868048216495,0.04796,293696.466831,29813.689053000177,86.93267879999999,65.74722666666666,19.853468562178257,0.31999125294203684,2,64,,False,False,Request timeout: 300.0s exceeded,432,21.16838264042747
308,2026-09-14T02:24:19.616+00:00,2026-09-14T02:29:13.298+00:00,2026-09-14T02:29:19.694+00:00,False,99,98.0,,98.0,293682.257723,300077.851963,300077.851992,3031.089414060606,0.017929999999999998,293682.257723,29509.62519476232,88.2116339,65.26116571428571,20.018186394593382,0.32658191652239477,2,64,,False,False,Request timeout: 300.0s exceeded,469,21.16838264042747
309,2026-09-14T02:24:23.582+00:00,2026-09-14T02:29:17.419+00:00,2026-09-14T02:29:23.657+00:00,False,89,88.0,,88.0,293837.074539,300074.83684299997,300074.836801,3371.627379786517,0.01693,293837.074539,31139.159974345654,89.5484922,70.88366254545454,19.47311660292805,0.29326017778039104,2,64,,False,False,Request timeout: 300.0s exceeded,423,21.16838264042747
310,2026-09-14T02:24:26.945+00:00,2026-09-14T02:29:20.645+00:00,2026-09-14T02:29:27.014+00:00,False,89,88.0,,88.0,293699.78713099996,300068.272251,300068.27237699996,3371.553622213483,0.04482,293699.78713099996,31124.450034210946,90.07236639999999,72.36914909090909,19.399631016522545,0.2932665934317444,2,64,,False,False,Request timeout: 300.0s exceeded,220,21.16838264042747
311,2026-09-14T02:24:31.742+00:00,2026-09-14T02:29:25.797+00:00,2026-09-14T02:29:31.775+00:00,False,87,86.0,,86.0,294054.941804,300033.786476,300033.786533,3448.6642130229884,0.02289,294054.941804,31518.55140680253,88.7138626,69.5214496744186,19.537095313229695,0.28663438544738434,2,64,,False,False,Request timeout: 300.0s exceeded,316,21.16838264042747
312,2026-09-14T02:24:36.042+00:00,2026-09-14T02:29:29.506+00:00,2026-09-14T02:29:36.072+00:00,False,106,105.0,,105.0,293464.083295,300030.07907100004,300030.079074,2830.4724440943396,0.0,293464.083295,28497.743616601423,90.0015325,62.5332931047619,61.56404549306192,0.34996491126862145,2,64,,False,False,Request timeout: 300.0s exceeded,231,21.16838264042747
313,2026-09-14T02:24:40.730+00:00,2026-09-14T02:29:34.241+00:00,2026-09-14T02:29:40.740+00:00,False,98,97.0,,97.0,293511.001461,300009.633397,300009.63322200003,3061.322787979592,0.045829999999999996,293511.001461,29642.3277583201,89.8875007,66.99620552577319,20.328756817227408,0.3233229510055125,2,64,,False,False,Request timeout: 300.0s exceeded,415,21.16838264042747
314,2026-09-14T02:24:44.299+00:00,2026-09-14T02:29:37.764+00:00,2026-09-14T02:29:44.384+00:00,False,100,99.0,,99.0,293464.48127100006,300084.45592700003,300084.45615600003,3000.8445615600003,0.04292,293464.48127100006,29339.76884263825,90.01151839999999,66.86843086868687,21.167817931660863,0.32990712462655253,2,64,,False,False,Request timeout: 300.0s exceeded,522,21.16838264042747
315,2026-09-14T02:24:48.273+00:00,2026-09-14T02:29:42.124+00:00,2026-09-14T02:29:48.374+00:00,False,100,99.0,,99.0,293850.897089,300100.745153,300100.745005,3001.00745005,0.03417,293850.897089,29378.78373924839,89.92335800000001,63.129778424242424,20.395500874386226,0.32988921753435485,2,64,,False,False,Request timeout: 300.0s exceeded,420,21.16838264042747
316,2026-09-14T02:24:52.359+00:00,2026-09-14T02:29:45.973+00:00,2026-09-14T02:29:52.433+00:00,False,102,101.0,,101.0,293613.58312300005,300073.81147500005,300073.81152600003,2941.9001130000006,0.02355,293613.58312300005,29065.75180050701,90.03155799999999,63.96265695049505,22.016585129777134,0.3365838541642098,2,64,,False,False,Request timeout: 300.0s exceeded,495,21.16838264042747
317,2026-09-14T02:24:55.226+00:00,2026-09-14T02:29:49.201+00:00,2026-09-14T02:29:55.283+00:00,False,87,86.0,,86.0,293975.639041,300057.076993,300057.077094,3448.9319206206897,0.03379,293975.639041,31509.9215747229,90.0790763,70.71439479069768,19.88020826293051,0.28661213680357983,2,64,,False,False,Request timeout: 300.0s exceeded,353,21.16838264042747
318,2026-09-14T02:24:59.109+00:00,2026-09-14T02:29:52.858+00:00,2026-09-14T02:29:59.176+00:00,False,93,92.0,,92.0,293748.801112,300066.63356,300066.63344500004,3226.5229402688174,0.02162,293748.801112,30453.218184624075,89.8752542,68.67209182608696,21.396461843580312,0.3065985674865249,2,64,,False,False,Request timeout: 300.0s exceeded,424,21.16838264042747
319,2026-09-14T02:25:03.576+00:00,2026-09-14T02:29:57.053+00:00,2026-09-14T02:30:03.595+00:00,False,97,96.0,,96.0,293476.646379,300018.761451,300018.761509,3092.976922773196,0.04843,293476.646379,29791.126745701527,89.82820660000002,68.147032,20.940237079262893,0.319979989037049,2,64,,False,False,Request timeout: 300.0s exceeded,327,21.16838264042747
320,2026-09-14T02:25:07.631+00:00,2026-09-14T02:30:01.246+00:00,2026-09-14T02:30:07.643+00:00,False,94,93.0,,93.0,293615.2803,300012.11946799996,300012.11943699996,3191.6182918829786,0.04507,293615.2803,30277.015994867696,89.56024465,68.78321686021505,20.113766206660955,0.3099874770556381,2,64,,False,False,Request timeout: 300.0s exceeded,345,21.16838264042747
321,2026-09-14T02:25:10.854+00:00,2026-09-14T02:30:04.664+00:00,2026-09-14T02:30:10.884+00:00,False,92,91.0,,91.0,293809.879052,300029.953036,300029.953192,3261.1951433913046,0.03083,293809.879052,30624.678043673855,89.26720000000002,68.35246136263736,20.661466059879213,0.30330305050936396,2,64,,False,False,Request timeout: 300.0s exceeded,496,21.16838264042747
322,2026-09-14T02:25:14.664+00:00,2026-09-14T02:30:08.606+00:00,2026-09-14T02:30:14.697+00:00,False,92,91.0,,91.0,293941.436897,300032.661217,300032.661178,3261.224578021739,0.041890000000000004,293941.436897,30638.540903896388,88.13572065,66.93653098901099,19.723615412747193,0.3033003128088906,2,64,,False,False,Request timeout: 300.0s exceeded,429,21.16838264042747
323,2026-09-14T02:25:18.452+00:00,2026-09-14T02:30:12.077+00:00,2026-09-14T02:30:18.465+00:00,False,98,97.0,,97.0,293624.72663700004,300012.97265300003,300012.97270200006,3061.356864306123,0.0362,293624.72663700004,29653.930238094254,88.439746,65.85820635051546,19.654090899050132,0.32331935230078135,2,64,,False,False,Request timeout: 300.0s exceeded,436,21.16838264042747
324,2026-09-14T02:25:21.791+00:00,2026-09-14T02:30:15.539+00:00,2026-09-14T02:30:21.800+00:00,False,93,92.0,,92.0,293748.57168,300009.333536,300009.333514,3225.9068119784947,0.03358,293748.57168,30453.257214289137,88.004662,68.05175930434783,19.10901179884289,0.30665712601558226,2,64,,False,False,Request timeout: 300.0s exceeded,423,21.16838264042747
325,2026-09-14T02:25:26.075+00:00,2026-09-14T02:30:19.570+00:00,2026-09-14T02:30:26.150+00:00,False,94,93.0,,93.0,293495.210578,300075.863122,300075.863077,3192.296415712766,0.01939,293495.210578,30264.428132094006,90.6613395,70.75970477419355,20.475330114993316,0.30992162792576744,2,64,,False,False,Request timeout: 300.0s exceeded,311,21.16838264042747
326,2026-09-14T02:25:30.703+00:00,2026-09-14T02:30:24.707+00:00,2026-09-14T02:30:30.760+00:00,False,97,96.0,,96.0,294003.533356,300056.243244,300056.243359,3093.3633335979384,0.0,294003.533356,29845.20510461647,95.0990052,63.049061333333334,65.32834864035092,0.31994001845158954,2,64,,False,False,Request timeout: 300.0s exceeded,458,21.16838264042747
327,2026-09-14T02:25:33.664+00:00,2026-09-14T02:30:27.475+00:00,2026-09-14T02:30:33.707+00:00,False,101,100.0,,100.0,293811.416454,300042.809478,300042.809509,2970.7208862277225,0.0,293811.416454,29229.19798765233,92.865064,62.313930240000005,64.2124060165597,0.33328577403329607,2,64,,False,False,Request timeout: 300.0s exceeded,204,21.16838264042747
328,2026-09-14T02:25:36.601+00:00,2026-09-14T02:30:30.226+00:00,2026-09-14T02:30:36.631+00:00,False,94,93.0,,93.0,293624.139722,300029.75328999996,300029.75323,3191.805885425532,0.039409999999999994,293624.139722,30277.9201573681,90.86649515,68.87756524731184,20.287021229489987,0.30996925798258723,2,64,,False,False,Request timeout: 300.0s exceeded,385,21.16838264042747
329,2026-09-14T02:25:41.022+00:00,2026-09-14T02:30:34.914+00:00,2026-09-14T02:30:41.081+00:00,False,94,93.0,,93.0,293891.947341,300059.452493,300059.45258100005,3192.121835968085,0.0221,293891.947341,30305.806849776138,89.41890415000002,66.31725969892473,20.847948741578968,0.30993857792955065,2,64,,False,False,Request timeout: 300.0s exceeded,409,21.16838264042747
330,2026-09-14T02:25:43.841+00:00,2026-09-14T02:30:37.423+00:00,2026-09-14T02:30:43.917+00:00,False,98,97.0,,97.0,293582.200306,300075.99333,300075.993198,3061.999930591837,0.018850000000000002,293582.200306,29649.52480987296,87.74377900000002,66.94631983505154,20.098472836691716,0.3232514501529185,2,64,,False,False,Request timeout: 300.0s exceeded,515,21.16838264042747
331,2026-09-14T02:25:48.595+00:00,2026-09-14T02:30:42.024+00:00,2026-09-14T02:30:48.631+00:00,False,98,97.0,,97.0,293429.10602,300036.184932,300036.184863,3061.5937230918366,0.0386,293429.10602,29633.942069955836,89.15993285,68.11421558762888,20.23232371665935,0.3232943387211246,2,64,,False,False,Request timeout: 300.0s exceeded,441,21.16838264042747
332,2026-09-14T02:25:53.274+00:00,2026-09-14T02:30:47.089+00:00,2026-09-14T02:30:53.357+00:00,False,96,95.0,,95.0,293815.45795099996,300083.32380699995,300083.32376899995,3125.867955927083,0.03556,293815.45795099996,29980.688173451887,89.7298275,65.97753532631579,21.136622412008478,0.3165787381810651,2,64,,False,False,Request timeout: 300.0s exceeded,477,21.16838264042747
333,2026-09-14T02:25:56.651+00:00,2026-09-14T02:30:50.477+00:00,2026-09-14T02:30:56.678+00:00,False,94,93.0,,93.0,293826.593721,300027.33279300004,300027.332851,3191.7801367127663,0.019600000000000003,293826.593721,30299.029012077557,88.70233315,66.67461367741936,20.447667186930342,0.30997175868694654,2,64,,False,False,Request timeout: 300.0s exceeded,359,21.16838264042747
334,2026-09-14T02:26:00.863+00:00,2026-09-14T02:30:54.025+00:00,2026-09-14T02:31:00.923+00:00,False,100,99.0,,99.0,293162.206127,300060.181679,300060.181765,3000.6018176499997,0.15938,293162.206127,29309.259398232934,88.58608950000001,69.67652072727273,19.52481026506966,0.32993381343049627,2,64,,False,False,Request timeout: 300.0s exceeded,425,21.16838264042747
335,2026-09-14T02:26:05.420+00:00,2026-09-14T02:30:58.836+00:00,2026-09-14T02:31:05.463+00:00,False,97,96.0,,96.0,293416.35714499996,300043.00674499996,300043.00669599994,3093.2268731546387,0.02352,293416.35714499996,29784.915306324096,89.1472812,69.0276,20.076366200865255,0.31995413271400897,2,64,,False,False,Request timeout: 300.0s exceeded,453,21.16838264042747
336,2026-09-14T02:26:08.966+00:00,2026-09-14T02:31:02.655+00:00,2026-09-14T02:31:09.025+00:00,False,93,92.0,,92.0,293688.73228399997,300058.792316,300058.79220699996,3226.43862588172,0.01881,293688.73228399997,30446.929867466268,88.7585606,69.23978295652174,20.508273597933847,0.30660657963027566,2,64,,False,False,Request timeout: 300.0s exceeded,365,21.16838264042747
337,2026-09-14T02:26:13.369+00:00,2026-09-14T02:31:06.792+00:00,2026-09-14T02:31:13.410+00:00,False,100,99.0,,99.0,293423.16239899996,300041.53116699995,300041.53115799994,3000.4153115799995,0.0211,293423.16239899996,29335.638462632145,88.6846605,66.85220977777777,21.004475557449155,0.32995432203983,2,64,,False,False,Request timeout: 300.0s exceeded,464,21.16838264042747
338,2026-09-14T02:26:16.995+00:00,2026-09-14T02:31:10.873+00:00,2026-09-14T02:31:17.041+00:00,False,94,93.0,,93.0,293877.441776,300045.539056,300045.538866,3191.9738177234044,0.046439999999999995,293877.441776,30304.309416484044,86.848282,66.32362666666667,19.881541589077635,0.3099529501174908,2,64,,False,False,Request timeout: 300.0s exceeded,418,21.16838264042747
339,2026-09-14T02:26:21.354+00:00,2026-09-14T02:31:15.034+00:00,2026-09-14T02:31:21.706+00:00,False,93,92.0,,92.0,293680.798536,300352.02004000003,300352.020013,3229.591613043011,0.017568999999999998,293680.798536,30445.832184031777,87.29071959999999,72.51327721739129,66.24486883253134,0.3063072457037169,2,64,,False,False,Request timeout: 300.0s exceeded,123,21.16838264042747
340,2026-09-14T02:26:24.836+00:00,2026-09-14T02:31:18.633+00:00,2026-09-14T02:31:24.932+00:00,False,99,98.0,,98.0,293796.544625,300096.053617,300096.053647,3031.273269161616,0.0,293796.544625,29521.282772840023,91.1613767,64.280704,68.86095028693457,0.3265621084277012,2,64,,False,False,Request timeout: 300.0s exceeded,212,21.16838264042747
341,2026-09-14T02:26:27.861+00:00,2026-09-14T02:31:21.888+00:00,2026-09-14T02:31:27.923+00:00,False,89,88.0,,88.0,294027.011412,300062.62178,300062.621901,3371.490133719101,0.01914,294027.011412,31159.537068124053,90.3133874,68.58648145454545,19.998416411271577,0.293272115926921,2,64,,False,False,Request timeout: 300.0s exceeded,415,21.16838264042747
342,2026-09-14T02:26:31.492+00:00,2026-09-14T02:31:25.185+00:00,2026-09-14T02:31:31.509+00:00,False,91,90.0,,90.0,293693.301551,300017.051439,300017.051271,3296.890673307692,0.023739,293693.301551,30780.063686782814,88.72849249999999,70.26388764444445,19.127497293729725,0.29998294953011684,2,64,,False,False,Request timeout: 300.0s exceeded,380,21.16838264042747
343,2026-09-14T02:26:34.890+00:00,2026-09-14T02:31:28.259+00:00,2026-09-14T02:31:34.909+00:00,False,96,95.0,,95.0,293368.87402999995,300018.75332599995,300018.753322,3125.195347104166,0.03189,293368.87402999995,29934.696789258513,88.05406125000002,69.99872943157895,18.53873041774339,0.31664687272656294,2,64,,False,False,Request timeout: 300.0s exceeded,143,21.16838264042747
344,2026-09-14T02:26:39.370+00:00,2026-09-14T02:31:32.948+00:00,2026-09-14T02:31:39.383+00:00,False,93,92.0,,92.0,293577.750814,300013.19119800004,300013.19119800004,3225.9482924516133,0.020579999999999998,293577.750814,30435.347742705246,90.2085696,69.95043895652174,20.21615953838848,0.3066531829238223,2,64,,False,False,Request timeout: 300.0s exceeded,570,21.16838264042747
345,2026-09-14T02:26:42.067+00:00,2026-09-14T02:31:35.435+00:00,2026-09-14T02:31:42.159+00:00,False,101,100.0,,100.0,293367.71622,300091.528828,300091.528926,2971.2032566930693,0.03671,293367.71622,29184.495709630217,89.96378999999999,67.23812608,20.815177926049728,0.33323166565396733,2,64,,False,False,Request timeout: 300.0s exceeded,375,21.16838264042747
346,2026-09-14T02:26:45.505+00:00,2026-09-14T02:31:38.777+00:00,2026-09-14T02:31:45.554+00:00,False,105,104.0,,104.0,293272.117794,300049.00867400004,300049.00868,2857.6096064761905,0.016989999999999998,293272.117794,28614.076360825155,89.33768599999999,65.1624123076923,20.7429902411599,0.34661004367121523,2,64,,False,False,Request timeout: 300.0s exceeded,511,21.16838264042747
347,2026-09-14T02:26:49.636+00:00,2026-09-14T02:31:43.312+00:00,2026-09-14T02:31:49.657+00:00,False,99,98.0,,98.0,293676.517445,300021.16333300003,300021.163483,3030.516802858586,0.03467,293676.517445,29509.101011720977,88.15332500000001,64.74128457142858,20.730213409426515,0.3266436237740591,2,64,,False,False,Request timeout: 300.0s exceeded,503,21.16838264042747
348,2026-09-14T02:26:53.199+00:00,2026-09-14T02:31:47.104+00:00,2026-09-14T02:31:53.222+00:00,False,96,95.0,,95.0,293905.289078,300023.283062,300023.283033,3125.24253159375,0.02229,293905.289078,29990.01720685227,89.291692,64.39993667368421,20.660520118382344,0.3166420920084665,2,64,,False,False,Request timeout: 300.0s exceeded,309,21.16838264042747
349,2026-09-14T02:26:57.581+00:00,2026-09-14T02:31:51.422+00:00,2026-09-14T02:31:57.620+00:00,False,95,94.0,,94.0,293841.45568699995,300038.772295,300038.77241499996,3158.3028675263154,0.01794,293841.45568699995,30140.74027887467,88.96074010000001,65.92890008510638,20.93546933358784,0.3132928430582252,2,64,,False,False,Request timeout: 300.0s exceeded,506,21.16838264042747
350,2026-09-14T02:27:02.380+00:00,2026-09-14T02:31:56.433+00:00,2026-09-14T02:32:02.417+00:00,False,87,86.0,,86.0,294052.47812800005,300036.29304,300036.29309600004,3448.6930240919546,0.02657,294052.47812800005,31518.282084508475,90.57627260000001,69.5792431627907,21.11775244990149,0.2866319908456365,2,64,,False,False,Request timeout: 300.0s exceeded,456,21.16838264042747
351,2026-09-14T02:27:05.391+00:00,2026-09-14T02:31:58.938+00:00,2026-09-14T02:32:05.670+00:00,False,64,63.0,,63.0,293547.264788,300279.01006799995,300279.01004699996,4691.859531984374,0.03137,293547.264788,36681.557189284664,90.00167464999998,106.85309968253969,335.02880196382984,0.20980487442573253,2,64,,False,False,Request timeout: 300.0s exceeded,269,21.16838264042747
352,2026-09-14T02:27:08.734+00:00,2026-09-14T02:32:02.588+00:00,2026-09-14T02:32:08.785+00:00,False,105,104.0,,104.0,293853.732544,300051.493312,300051.493291,2857.6332694380953,0.015380000000000001,293853.732544,28672.488507357506,89.24597999999997,59.59385353846154,254.24091269354034,0.3466071734955792,2,64,,False,False,Request timeout: 300.0s exceeded,488,21.16838264042747
353,2026-09-14T02:27:12.713+00:00,2026-09-14T02:32:06.953+00:00,2026-09-14T02:32:12.732+00:00,False,88,87.0,,87.0,294239.177355,300018.836363,300018.836294,3409.3049578863634,0.02218,294239.177355,31358.92587715367,86.78536700000001,66.43286216091954,19.426313266140458,0.28998179265896695,2,64,,False,False,Request timeout: 300.0s exceeded,428,21.16838264042747
354,2026-09-14T02:27:16.158+00:00,2026-09-14T02:32:09.605+00:00,2026-09-14T02:32:16.544+00:00,False,106,105.0,,105.0,293447.669299,300385.957683,300385.957793,2833.8297905,0.0,293447.669299,28495.807524062373,89.11518424999998,66.0789369904762,62.74651540185314,0.3495502945940217,2,64,,False,False,Request timeout: 300.0s exceeded,392,21.16838264042747
355,2026-09-14T02:27:20.366+00:00,2026-09-14T02:32:14.182+00:00,2026-09-14T02:32:20.454+00:00,False,95,94.0,,94.0,293815.367177,300088.129545,300088.129365,3158.822414368421,0.0,293815.367177,30138.045889806857,88.44265599999999,66.73151455319149,66.12748633411432,0.31324131395175414,2,64,,False,False,Request timeout: 300.0s exceeded,404,21.16838264042747
356,2026-09-14T02:27:23.305+00:00,2026-09-14T02:32:16.680+00:00,2026-09-14T02:32:23.348+00:00,False,98,97.0,,97.0,293374.979071,300042.789119,300042.789115,3061.661113418367,0.019989999999999997,293374.979071,29628.411260890403,89.5554642,68.74030977319588,20.353768508576643,0.3232872227485154,2,64,,False,False,Request timeout: 300.0s exceeded,378,21.16838264042747
357,2026-09-14T02:27:26.236+00:00,2026-09-14T02:32:19.736+00:00,2026-09-14T02:32:26.284+00:00,False,95,94.0,,94.0,293500.153519,300048.51729499997,300048.517186,3158.4054440631576,0.02926,293500.153519,30105.33975200642,90.9641568,69.6634444255319,20.171764279749265,0.31328266790794246,2,64,,False,False,Request timeout: 300.0s exceeded,138,21.16838264042747
358,2026-09-14T02:27:29.220+00:00,2026-09-14T02:32:23.260+00:00,2026-09-14T02:32:29.258+00:00,False,85,84.0,,84.0,294039.98751300003,300038.06751300005,300038.06749100005,3529.8596175411767,0.01715,294039.98751300003,31885.375818490207,91.6072126,71.40571428571428,20.16665004781399,0.2799644748290496,2,64,,False,False,Request timeout: 300.0s exceeded,371,21.16838264042747
359,2026-09-14T02:27:32.773+00:00,2026-09-14T02:32:26.363+00:00,2026-09-14T02:32:32.802+00:00,False,91,90.0,,90.0,293589.987586,300029.228034,300029.227934,3297.024482791209,0.01945,293589.987586,30769.099559611812,91.382127,71.54711608888888,20.135505393416523,0.2999707748133158,2,64,,False,False,Request timeout: 300.0s exceeded,491,21.16838264042747
360,2026-09-14T02:27:36.056+00:00,2026-09-14T02:32:29.983+00:00,2026-09-14T02:32:36.096+00:00,False,90,89.0,,89.0,293926.73236900003,300039.675217,300039.67509800004,3333.774167755556,0.01808,293926.73236900003,30975.36478175081,89.9577003,68.6847511011236,20.651405238113853,0.29662743747350023,2,64,,False,False,Request timeout: 300.0s exceeded,514,21.16838264042747
361,2026-09-14T02:27:38.805+00:00,2026-09-14T02:32:32.676+00:00,2026-09-14T02:32:38.834+00:00,False,91,90.0,,90.0,293870.96433999995,300028.97419599997,300028.97396599996,3297.0216919340655,0.020120000000000002,293870.96433999995,30798.881323095986,88.560828,68.42233173333334,19.880473280171067,0.2999710286020766,2,64,,False,False,Request timeout: 300.0s exceeded,441,21.16838264042747
362,2026-09-14T02:27:42.030+00:00,2026-09-14T02:32:35.837+00:00,2026-09-14T02:32:42.440+00:00,False,99,98.0,,98.0,293806.97670099995,300409.25868499995,300409.2586199999,3034.436955757575,0.03579,293806.97670099995,29521.94806978725,87.75320690000001,67.3702243265306,20.192032118388227,0.326221636540037,2,64,,False,False,Request timeout: 300.0s exceeded,449,21.16838264042747
363,2026-09-14T02:27:46.368+00:00,2026-09-14T02:32:40.031+00:00,2026-09-14T02:32:46.388+00:00,False,98,97.0,,97.0,293663.526302,300020.624286,300020.624128,3061.4349400816327,0.018510000000000002,293663.526302,29657.882893429134,91.49809300000001,65.5370926185567,20.92508213404178,0.3233111064642444,2,64,,False,False,Request timeout: 300.0s exceeded,444,21.16838264042747
364,2026-09-14T02:27:51.201+00:00,2026-09-14T02:32:44.835+00:00,2026-09-14T02:32:51.237+00:00,False,92,91.0,,91.0,293634.189303,300035.899383,300035.899475,3261.259776902174,0.018690000000000002,293634.189303,30606.152146665474,89.79795595,70.34846241758243,19.296502744161863,0.3032970394113981,2,64,,False,False,Request timeout: 300.0s exceeded,431,21.16838264042747
365,2026-09-14T02:27:54.363+00:00,2026-09-14T02:32:47.807+00:00,2026-09-14T02:32:54.426+00:00,False,96,95.0,,95.0,293443.704131,300062.685251,300062.685295,3125.6529718229162,0.02103,293443.704131,29942.367799975356,89.48386924999998,69.67348547368421,19.340705504467792,0.31660051272464373,2,64,,False,False,Request timeout: 300.0s exceeded,246,21.16838264042747
366,2026-09-14T02:27:59.333+00:00,2026-09-14T02:32:53.229+00:00,2026-09-14T02:32:59.381+00:00,False,90,89.0,,89.0,293895.91758600005,300047.83208200004,300047.8319350001,3333.8647992777783,0.02871,293895.91758600005,30972.0693320651,86.69535845,69.12263478651685,18.859501173240442,0.2966193735926651,2,64,,False,False,Request timeout: 300.0s exceeded,219,21.16838264042747
367,2026-09-14T02:28:03.716+00:00,2026-09-14T02:32:57.577+00:00,2026-09-14T02:33:03.759+00:00,False,91,90.0,,90.0,293860.619349,300042.721877,300042.721855,3297.1727676373625,0.05838,293860.619349,30797.7687504865,87.79618450000002,68.69002808888888,19.78520149667901,0.2999572842059963,2,64,,False,False,Request timeout: 300.0s exceeded,407,21.16838264042747
368,2026-09-14T02:28:07.897+00:00,2026-09-14T02:33:01.369+00:00,2026-09-14T02:33:07.941+00:00,False,98,97.0,,97.0,293472.739575,300043.90143100003,300043.90167,3061.672466020408,0.027899999999999998,293472.739575,29638.38782628783,90.46870499999999,67.7439366597938,21.242059020788094,0.3232860242697075,2,64,,False,False,Request timeout: 300.0s exceeded,503,21.16838264042747
369,2026-09-14T02:28:10.653+00:00,2026-09-14T02:33:04.451+00:00,2026-09-14T02:33:11.166+00:00,False,92,91.0,,91.0,293798.34235299996,300512.59694499994,300512.59687599994,3266.441270391304,0.04911,293798.34235299996,30622.97341957094,91.35739450000001,73.7830174945055,66.41432532651164,0.3028159249399282,2,64,,False,False,Request timeout: 300.0s exceeded,449,21.16838264042747
370,2026-09-14T02:28:14.654+00:00,2026-09-14T02:33:08.111+00:00,2026-09-14T02:33:14.837+00:00,False,114,113.0,,113.0,293457.140421,300183.62208500004,300183.621988,2633.1896665614036,0.0,293457.140421,27479.276056273397,90.55411595,59.52638640707964,63.10177378034361,0.37643625996358626,2,64,,False,False,Request timeout: 300.0s exceeded,503,21.16838264042747
371,2026-09-14T02:28:17.206+00:00,2026-09-14T02:33:10.418+00:00,2026-09-14T02:33:17.164+00:00,True,118,118.0,,118.0,293212.5108,299958.594384,299958.594425,2542.021986652542,0.0,293212.5108,26987.1629560777,89.83133545000001,57.65883405128205,62.333777667541575,0.39338762819024004,2,64,,False,True,,615,21.16838264042747
372,2026-09-14T02:28:21.534+00:00,2026-09-14T02:33:16.038+00:00,2026-09-14T02:33:21.556+00:00,False,83,82.0,,82.0,294503.857729,300021.830721,300021.830866,3614.7208538072287,0.01804,294503.857729,32318.618416597317,89.6618021,67.29235356097561,20.945333308857002,0.27331344456815365,2,64,,False,False,Request timeout: 300.0s exceeded,417,21.16838264042747
373,2026-09-14T02:28:26.353+00:00,2026-09-14T02:33:20.103+00:00,2026-09-14T02:33:26.408+00:00,False,91,90.0,,90.0,293749.941405,300054.96540499997,300054.965361,3297.3073116593405,0.02233,293749.941405,30786.023491645283,89.99408500000001,70.05582222222222,19.963649155630176,0.2999450446638077,2,64,,False,False,Request timeout: 300.0s exceeded,436,21.16838264042747
374,2026-09-14T02:28:30.155+00:00,2026-09-14T02:33:23.783+00:00,2026-09-14T02:33:30.194+00:00,False,97,96.0,,96.0,293627.738896,300039.22382400004,300039.22373800003,3093.187873587629,0.03508,293627.738896,29806.60549185142,88.4764592,66.78630133333334,20.1601058061604,0.31995816672393684,2,64,,False,False,Request timeout: 300.0s exceeded,500,21.16838264042747
375,2026-09-14T02:28:33.343+00:00,2026-09-14T02:33:27.078+00:00,2026-09-14T02:33:33.366+00:00,False,98,97.0,,97.0,293735.328193,300022.993857,300022.99399499997,3061.459122397959,0.0217,293735.328193,29665.20770347804,87.82602385,64.82129550515464,20.076256401059165,0.3233085529645542,2,64,,False,False,Request timeout: 300.0s exceeded,470,21.16838264042747
376,2026-09-14T02:28:37.253+00:00,2026-09-14T02:33:30.789+00:00,2026-09-14T02:33:37.829+00:00,False,108,107.0,,107.0,293536.069546,300576.58129,300576.58151,2783.116495462963,0.039549999999999995,293536.069546,28239.19684871407,88.0091845,65.79917517757009,19.856668622839226,0.355982490521326,2,64,,False,False,Request timeout: 300.0s exceeded,489,21.16838264042747
377,2026-09-14T02:28:41.799+00:00,2026-09-14T02:33:35.515+00:00,2026-09-14T02:33:41.817+00:00,False,100,99.0,,99.0,293716.10508099996,300017.93343299994,300017.93344199995,3000.1793344199996,0.03857,293716.10508099996,29365.252949510035,89.3657755,63.65483183838384,21.68329050248967,0.329980274402859,2,64,,False,False,Request timeout: 300.0s exceeded,544,21.16838264042747
378,2026-09-14T02:28:44.858+00:00,2026-09-14T02:33:38.984+00:00,2026-09-14T02:33:44.871+00:00,False,88,87.0,,87.0,294126.728136,300013.050056,300013.050164,3409.239206409091,0.02077,294126.728136,31346.808945433637,87.69162035,67.65887264367817,20.823050843222973,0.2899873854946,2,64,,False,False,Request timeout: 300.0s exceeded,410,21.16838264042747
379,2026-09-14T02:28:47.907+00:00,2026-09-14T02:33:41.901+00:00,2026-09-14T02:33:47.948+00:00,False,92,91.0,,91.0,293994.340357,300041.158149,300041.158217,3261.3169371413046,0.04015,293994.340357,30644.107583611414,87.91876805,66.44854716483516,20.09428907969439,0.30329172358016804,2,64,,False,False,Request timeout: 300.0s exceeded,224,21.16838264042747
380,2026-09-14T02:28:51.679+00:00,2026-09-14T02:33:45.716+00:00,2026-09-14T02:33:51.701+00:00,False,93,92.0,,92.0,294037.562929,300022.818865,300022.818869,3226.051815795699,0.02302,294037.562929,30483.53495872625,87.03404060000001,65.05712973913043,19.468796072271164,0.30664334248988195,2,64,,False,False,Request timeout: 300.0s exceeded,395,21.16838264042747
381,2026-09-14T02:28:55.576+00:00,2026-09-14T02:33:49.383+00:00,2026-09-14T02:33:55.651+00:00,False,98,97.0,,97.0,293806.34797,300074.720194,300074.720083,3061.986939622449,0.023960000000000002,293806.34797,29672.40140617112,86.27125970000002,64.62239406185567,19.363407667040608,0.32325282162152463,2,64,,False,False,Request timeout: 300.0s exceeded,521,21.16838264042747
382,2026-09-14T02:29:00.227+00:00,2026-09-14T02:33:53.656+00:00,2026-09-14T02:34:00.271+00:00,False,99,98.0,,98.0,293428.737611,300044.370507,300044.3704,3030.7512161616164,0.03817,293428.737611,29483.919580757927,87.97249389999999,67.50645812244898,19.673460207781275,0.3266183592593472,2,64,,False,False,Request timeout: 300.0s exceeded,483,21.16838264042747
383,2026-09-14T02:29:04.308+00:00,2026-09-14T02:33:58.040+00:00,2026-09-14T02:34:04.388+00:00,False,95,94.0,,94.0,293732.131764,300079.758004,300079.757929,3158.7342939894734,0.03616,293732.131764,30129.358794045726,87.4441367,67.52793872340426,19.376157821607933,0.3132500526701538,2,64,,False,False,Request timeout: 300.0s exceeded,459,21.16838264042747
384,2026-09-14T02:29:08.546+00:00,2026-09-14T02:34:01.998+00:00,2026-09-14T02:34:08.623+00:00,False,103,102.0,,102.0,293451.839669,300077.161141,300077.161098,2913.3704960970877,0.0,293451.839669,28908.342134180504,87.46725,64.95413207843137,65.42967128571178,0.33991257319337387,2,64,,False,False,Request timeout: 300.0s exceeded,520,21.16838264042747
385,2026-09-14T02:29:12.653+00:00,2026-09-14T02:34:06.169+00:00,2026-09-14T02:34:12.700+00:00,False,93,92.0,,92.0,293515.97744700004,300046.96573500003,300046.96576500003,3226.31145983871,0.02614,293515.97744700004,30428.83435932085,90.779122,70.98900313043478,20.0773631499189,0.3066186647634822,2,64,,False,False,Request timeout: 300.0s exceeded,372,21.16838264042747
386,2026-09-14T02:29:17.625+00:00,2026-09-14T02:34:11.278+00:00,2026-09-14T02:34:17.676+00:00,False,92,91.0,,91.0,293653.010292,300051.04677200003,300051.04677200003,3261.4244214347827,0.040740000000000005,293653.010292,30608.11912979752,90.01011559999999,70.3080931868132,20.16068213516164,0.30328172815590354,2,64,,False,False,Request timeout: 300.0s exceeded,404,21.16838264042747
387,2026-09-14T02:29:21.630+00:00,2026-09-14T02:34:15.233+00:00,2026-09-14T02:34:21.674+00:00,False,95,94.0,,94.0,293603.16576,300044.273728,300044.273529,3158.3607739894737,0.03643,293603.16576,30116.025512647197,89.347497,68.52242519148938,19.965330892107914,0.31328709870735305,2,64,,False,False,Request timeout: 300.0s exceeded,396,21.16838264042747
388,2026-09-14T02:29:25.327+00:00,2026-09-14T02:34:19.032+00:00,2026-09-14T02:34:25.373+00:00,False,94,93.0,,93.0,293704.69640899997,300045.660505,300045.66056899994,3191.97511243617,0.03354,293704.69640899997,30286.300852968114,89.80811365,68.18240963440861,20.60138037994898,0.30995282465833307,2,64,,False,False,Request timeout: 300.0s exceeded,382,21.16838264042747
389,2026-09-14T02:29:28.660+00:00,2026-09-14T02:34:22.488+00:00,2026-09-14T02:34:28.730+00:00,False,88,87.0,,87.0,293828.361931,300069.512139,300069.511981,3409.8808179659095,0.02117,293828.361931,31314.56802306288,90.27336905,71.73735871264368,20.489715918715746,0.2899328204982696,2,64,,False,False,Request timeout: 300.0s exceeded,352,21.16838264042747
390,2026-09-14T02:29:31.782+00:00,2026-09-14T02:34:25.842+00:00,2026-09-14T02:34:31.845+00:00,False,88,87.0,,87.0,294060.202624,300063.083648,300063.08375800005,3409.807769977273,0.038339,294060.202624,31339.574081534953,88.29977600000001,68.9986324597701,20.199841000781905,0.2899390319605544,2,64,,False,False,Request timeout: 300.0s exceeded,404,21.16838264042747
391,2026-09-14T02:29:35.812+00:00,2026-09-14T02:34:29.628+00:00,2026-09-14T02:34:35.877+00:00,False,93,92.0,,92.0,293815.25989499997,300064.93797499995,300064.93798899994,3226.5047095591394,0.03401,293815.25989499997,30460.1856600075,89.34578099999999,67.93128347826088,20.2187115032719,0.30660029999128063,2,64,,False,False,Request timeout: 300.0s exceeded,425,21.16838264042747
392,2026-09-14T02:29:40.348+00:00,2026-09-14T02:34:34.698+00:00,2026-09-14T02:34:40.385+00:00,False,80,79.0,,79.0,294349.308233,300036.76551299996,300036.765342,3750.459566775,0.021670000000000002,294349.308233,32901.20971322554,89.4573199,71.99313012658229,19.443785653781966,0.2633010653375314,2,64,,False,False,Request timeout: 300.0s exceeded,306,21.16838264042747
393,2026-09-14T02:29:43.652+00:00,2026-09-14T02:34:37.166+00:00,2026-09-14T02:34:43.696+00:00,False,95,94.0,,94.0,293514.267669,300044.315925,300044.31594,3158.361220421053,0.038840000000000006,293514.267669,30106.80762618072,90.31698270000001,69.4685984680851,19.87179134280499,0.31328705464794254,2,64,,False,False,Request timeout: 300.0s exceeded,363,21.16838264042747
394,2026-09-14T02:29:47.938+00:00,2026-09-14T02:34:41.488+00:00,2026-09-14T02:34:47.947+00:00,False,99,98.0,,98.0,293549.947627,300008.11261899996,300008.11266,3030.3849763636363,0.03587,293549.947627,29496.26312391438,86.45837000000002,65.8996427755102,19.65837267570169,0.3266578331648539,2,64,,False,False,Request timeout: 300.0s exceeded,486,21.16838264042747
395,2026-09-14T02:29:52.483+00:00,2026-09-14T02:34:46.292+00:00,2026-09-14T02:34:52.526+00:00,False,97,96.0,,96.0,293809.35264399997,300042.68512399995,300042.68514099997,3093.223558154639,0.03514,293809.35264399997,29825.23375838382,86.98108199999999,64.93054666666666,19.806054229131494,0.31995447567843777,2,64,,True,False,Request timeout: 300.0s exceeded,482,21.16838264042747
396,2026-09-14T02:29:56.323+00:00,2026-09-14T02:34:49.676+00:00,2026-09-14T02:34:56.376+00:00,False,101,100.0,,100.0,293352.978551,300053.026167,300053.026313,2970.8220427029705,0.02442,293352.978551,29183.05238580571,88.000524,67.00047615999999,20.067724731101805,0.33327442578213884,2,64,,True,False,Request timeout: 300.0s exceeded,430,21.16838264042747
397,2026-09-14T02:29:59.436+00:00,2026-09-14T02:34:52.961+00:00,2026-09-14T02:34:59.519+00:00,False,96,95.0,,95.0,293524.97356099996,300082.60786499997,300082.60786399996,3125.860498583333,0.03415,293524.97356099996,29950.728463461535,87.79185774999998,69.02772951578947,19.699704966707902,0.3165794934798029,2,64,,True,False,Request timeout: 300.0s exceeded,438,21.16838264042747
398,2026-09-14T02:30:02.259+00:00,2026-09-14T02:34:55.725+00:00,2026-09-14T02:35:02.275+00:00,False,101,100.0,,100.0,293466.09717699996,300015.70408899995,300015.70398799994,2970.452514732673,0.03579,293466.09717699996,29194.457867304413,88.791892,65.49606912,20.16428266377889,0.3333158852589093,2,64,,True,False,Request timeout: 300.0s exceeded,485,21.16838264042747
399,2026-09-14T02:30:05.401+00:00,2026-09-14T02:34:59.232+00:00,2026-09-14T02:35:05.491+00:00,False,95,94.0,,94.0,293830.677922,300089.648034,300089.648126,3158.8384013263158,0.02691,293830.677922,30139.566736290886,88.14388070000001,66.58478842553191,20.232738418625907,0.31323972891377394,2,64,,True,False,Request timeout: 300.0s exceeded,434,21.16838264042747
400,2026-09-14T02:30:08.944+00:00,2026-09-14T02:35:02.699+00:00,2026-09-14T02:35:08.973+00:00,False,94,93.0,,93.0,293755.487584,300029.495904,300029.495816,3191.8031469787234,0.020239999999999998,293755.487584,30291.613755452538,89.24788000000001,67.46245505376343,20.506321847572707,0.30996952389560084,2,64,,True,False,Request timeout: 300.0s exceeded,368,21.16838264042747
401,2026-09-14T02:30:13.790+00:00,2026-09-14T02:35:07.070+00:00,2026-09-14T02:35:13.801+00:00,False,103,102.0,,102.0,293280.215112,300011.256904,300011.256939,2912.730649893204,0.034689,293280.215112,28891.26303259582,88.11732099999999,65.99060580392157,20.232033062442046,0.33998724265416075,2,64,,True,False,Request timeout: 300.0s exceeded,339,21.16838264042747
402,2026-09-14T02:30:18.755+00:00,2026-09-14T02:35:12.065+00:00,2026-09-14T02:35:18.848+00:00,False,99,98.0,,98.0,293310.030194,300093.583986,300093.584141,3031.2483246565657,0.027739999999999997,293310.030194,29471.817353143273,89.29660789999998,69.21993665306123,20.453132562926733,0.3265647958823802,2,64,,True,False,Request timeout: 300.0s exceeded,413,21.16838264042747
403,2026-09-14T02:30:22.278+00:00,2026-09-14T02:35:15.911+00:00,2026-09-14T02:35:22.302+00:00,False,92,91.0,,91.0,293633.726105,300024.360857,300024.360741,3261.1343558804347,0.02062,293633.726105,30606.11649471652,89.32546755,70.22675551648352,19.21727642428415,0.3033087038001329,2,64,,True,False,Request timeout: 300.0s exceeded,443,21.16838264042747
404,2026-09-14T02:30:26.805+00:00,2026-09-14T02:35:20.648+00:00,2026-09-14T02:35:26.844+00:00,False,88,87.0,,87.0,293843.385457,300039.421809,300039.421784,3409.538883909091,0.02522,293843.385457,31316.225201237892,88.83637069999999,71.21880864367816,21.080821246088714,0.28996189725823,2,64,,True,False,Request timeout: 300.0s exceeded,413,21.16838264042747
405,2026-09-14T02:30:30.802+00:00,2026-09-14T02:35:24.748+00:00,2026-09-14T02:35:30.849+00:00,False,88,87.0,,87.0,293945.928605,300046.44879700005,300046.448844,3409.6187368636365,0.01968,293945.928605,31327.27361848543,87.45967999999999,70.12092174712643,21.450936228473065,0.28995510644707173,2,64,,True,False,Request timeout: 300.0s exceeded,384,21.16838264042747
406,2026-09-14T02:30:34.701+00:00,2026-09-14T02:35:28.202+00:00,2026-09-14T02:35:34.750+00:00,False,98,97.0,,97.0,293500.51128,300048.93675199995,300048.93687399995,3061.723845653061,0.03582,293500.51128,29641.215745315,87.54951134999999,67.5095409484536,19.59366512321005,0.32328059899166917,2,64,,True,False,Request timeout: 300.0s exceeded,447,21.16838264042747
407,2026-09-14T02:30:37.738+00:00,2026-09-14T02:35:31.406+00:00,2026-09-14T02:35:37.755+00:00,False,94,93.0,,93.0,293668.133259,300017.03719500004,300017.037154,3191.670608021277,0.0209,293668.133259,30282.52023713569,88.19005515,68.26778425806452,19.673940973730954,0.30998239589824833,2,64,,True,False,Request timeout: 300.0s exceeded,576,21.16838264042747
408,2026-09-14T02:30:42.038+00:00,2026-09-14T02:35:35.546+00:00,2026-09-14T02:35:42.056+00:00,False,98,97.0,,97.0,293508.377181,300018.823005,300018.823065,3061.4165618877555,0.03638,293508.377181,29642.05011921176,89.05360514999998,67.117998185567,19.96650607011651,0.32331304758962887,2,64,,True,False,Request timeout: 300.0s exceeded,242,21.16838264042747
409,2026-09-14T02:30:44.881+00:00,2026-09-14T02:35:38.387+00:00,2026-09-14T02:35:44.966+00:00,False,97,96.0,,96.0,293505.92512,300085.29228800006,300085.292207,3093.6628062577324,0.04489,293505.92512,29794.05996833541,89.75365040000001,68.53507466666667,20.675767683837556,0.3199090474179793,2,64,,True,False,Request timeout: 300.0s exceeded,408,21.16838264042747
410,2026-09-14T02:30:47.910+00:00,2026-09-14T02:35:41.650+00:00,2026-09-14T02:35:47.932+00:00,False,92,91.0,,91.0,293739.955509,300021.906997,300021.906924,3261.1076839565217,0.028239999999999998,293739.955509,30617.317442896456,91.6469297,69.03243393406593,21.139353704447537,0.3033111845426339,2,64,,True,False,Request timeout: 300.0s exceeded,445,21.16838264042747
411,2026-09-14T02:30:51.847+00:00,2026-09-14T02:35:45.610+00:00,2026-09-14T02:35:51.896+00:00,False,92,91.0,,91.0,293763.14670499996,300049.10664099996,300049.10670099995,3261.403333706521,0.03573,293763.14670499996,30619.730078425237,89.48532305,69.07648281318681,20.209938916023912,0.3032836891891795,2,64,,True,False,Request timeout: 300.0s exceeded,302,21.16838264042747
412,2026-09-14T02:30:56.405+00:00,2026-09-14T02:35:50.263+00:00,2026-09-14T02:35:56.441+00:00,False,90,89.0,,89.0,293857.46232,300035.513392,300035.513405,3333.727926722222,0.03419,293857.46232,30967.98465010584,86.040121,69.41630417977528,18.547897570497728,0.29663155202471125,2,64,,True,False,Request timeout: 300.0s exceeded,445,21.16838264042747
413,2026-09-14T02:31:00.407+00:00,2026-09-14T02:35:54.414+00:00,2026-09-14T02:36:00.434+00:00,False,89,88.0,,88.0,294006.89673900005,300026.40035500005,300026.40057100006,3371.0831524831465,0.023710000000000002,294006.89673900005,31157.424076241743,88.7154046,68.40345018181819,19.61269130875011,0.2933075219243234,2,64,,True,False,Request timeout: 300.0s exceeded,480,21.16838264042747
414,2026-09-14T02:31:04.675+00:00,2026-09-14T02:35:58.527+00:00,2026-09-14T02:36:04.696+00:00,False,90,89.0,,89.0,293852.296141,300020.987085,300020.987159,3333.566523988889,0.02599,293852.296141,30967.45272105771,90.5269249,69.31113420224719,20.999930069239262,0.2966459142232777,2,64,,True,False,Request timeout: 300.0s exceeded,119,21.16838264042747
415,2026-09-14T02:31:09.568+00:00,2026-09-14T02:36:03.397+00:00,2026-09-14T02:36:09.607+00:00,False,89,88.0,,88.0,293828.413409,300038.39843299997,300038.398398,3371.2179595280895,0.03449,293828.413409,31138.275484377467,89.2552336,70.56801163636364,19.68046241661011,0.2932957930038106,2,64,,True,False,Request timeout: 300.0s exceeded,242,21.16838264042747
416,2026-09-14T02:31:13.582+00:00,2026-09-14T02:36:07.112+00:00,2026-09-14T02:36:13.658+00:00,False,96,95.0,,95.0,293529.88934399997,300076.78393599996,300076.78408099996,3125.799834177083,0.039909999999999994,293529.88934399997,29951.241131377057,87.16444875,68.91467991578946,18.779476200343215,0.3165856376955223,2,64,,True,False,Request timeout: 300.0s exceeded,446,21.16838264042747
417,2026-09-14T02:31:17.319+00:00,2026-09-14T02:36:11.272+00:00,2026-09-14T02:36:17.371+00:00,False,89,88.0,,88.0,293953.766833,300052.786609,300052.786455,3371.3796230898874,0.03474,293953.766833,31151.695993665133,85.82312699999999,69.30704290909091,18.717079676902806,0.2932817288401762,2,64,,True,False,Request timeout: 300.0s exceeded,417,21.16838264042747
418,2026-09-14T02:31:20.695+00:00,2026-09-14T02:36:14.376+00:00,2026-09-14T02:36:20.714+00:00,False,92,91.0,,91.0,293681.262122,300019.086122,300019.08608,3261.0770226086956,0.023629999999999998,293681.262122,30611.133106617854,89.02631099999999,69.64641758241758,19.435391576838484,0.3033140363709917,2,64,,True,False,Request timeout: 300.0s exceeded,447,21.16838264042747
419,2026-09-14T02:31:25.541+00:00,2026-09-14T02:36:19.587+00:00,2026-09-14T02:36:25.630+00:00,False,91,90.0,,90.0,294046.211418,300088.734298,300088.734258,3297.67839843956,0.037520000000000005,294046.211418,30817.387141701718,88.590213,67.13914311111111,20.532051182787207,0.29991129194015803,2,64,,True,False,Request timeout: 300.0s exceeded,394,21.16838264042747
420,2026-09-14T02:31:30.156+00:00,2026-09-14T02:36:24.149+00:00,2026-09-14T02:36:30.244+00:00,False,86,85.0,,85.0,293992.189316,300087.585668,300087.58558799996,3489.390530093023,0.020829999999999998,293992.189316,31694.26646229795,89.66645849999999,71.71054531764706,19.8373922408618,0.28325063767895825,2,64,,True,False,Request timeout: 300.0s exceeded,427,21.16838264042747
421,2026-09-14T02:31:35.003+00:00,2026-09-14T02:36:28.867+00:00,2026-09-14T02:36:35.017+00:00,False,88,87.0,,87.0,293863.881703,300014.675943,300014.675858,3409.2576802045455,0.02551,293863.881703,31318.46500828506,88.6964862,70.69878436781609,20.261630351569764,0.2899858139490789,2,64,,True,False,Request timeout: 300.0s exceeded,353,21.16838264042747
422,2026-09-14T02:31:38.000+00:00,2026-09-14T02:36:31.452+00:00,2026-09-14T02:36:38.062+00:00,False,96,95.0,,95.0,293451.640847,300061.717263,300061.717193,3125.642887427083,0.03836,293451.640847,29943.18814095882,88.122964,69.57975174736842,20.460955751589076,0.3166015340661861,2,64,,True,False,Request timeout: 300.0s exceeded,396,21.16838264042747
423,2026-09-14T02:31:42.453+00:00,2026-09-14T02:36:36.273+00:00,2026-09-14T02:36:42.491+00:00,False,93,92.0,,92.0,293820.54723699996,300038.535589,300038.53539699997,3226.2208107204297,0.019399999999999997,293820.54723699996,30460.770276706193,88.6556092,67.58682991304349,21.151555178713522,0.30662727979056603,2,64,,True,False,Request timeout: 300.0s exceeded,482,21.16838264042747
424,2026-09-14T02:31:46.695+00:00,2026-09-14T02:36:40.356+00:00,2026-09-14T02:36:46.776+00:00,False,93,92.0,,92.0,293660.54127600003,300080.85615600005,300080.85605000006,3226.6758715053766,0.03488,293660.54127600003,30443.94989879622,90.7398406,69.78603130434783,20.42606622410072,0.30658403597786615,2,64,,True,False,Request timeout: 300.0s exceeded,408,21.16838264042747
425,2026-09-14T02:31:49.559+00:00,2026-09-14T02:36:43.359+00:00,2026-09-14T02:36:49.596+00:00,False,91,90.0,,90.0,293799.943045,300037.65338100004,300037.653515,3297.1170715934068,0.022719999999999997,293799.943045,30791.3438919213,89.65018599999999,69.30789262222221,20.579819275060842,0.2999623513443305,2,64,,True,False,Request timeout: 300.0s exceeded,435,21.16838264042747
426,2026-09-14T02:31:53.581+00:00,2026-09-14T02:36:47.689+00:00,2026-09-14T02:36:53.627+00:00,False,89,88.0,,88.0,294107.60983200005,300046.210536,300046.21057200007,3371.3057367640454,0.021079999999999998,294107.60983200005,31168.197628916012,88.02806819999999,67.4840989090909,20.457720748507914,0.29328815665692803,2,64,,True,False,Request timeout: 300.0s exceeded,399,21.16838264042747
427,2026-09-14T02:31:57.403+00:00,2026-09-14T02:36:51.296+00:00,2026-09-14T02:36:57.424+00:00,False,88,87.0,,87.0,293893.249628,300021.468508,300021.468369,3409.3348678295456,0.027739999999999997,293893.249628,31321.622679255066,88.518662,70.43929747126437,19.26577437119184,0.2899792485939391,2,64,,True,False,Request timeout: 300.0s exceeded,342,21.16838264042747
428,2026-09-14T02:32:01.749+00:00,2026-09-14T02:36:55.398+00:00,2026-09-14T02:37:01.801+00:00,False,92,91.0,,91.0,293648.60082,300051.553268,300051.55326,3261.42992673913,0.03571,293648.60082,30607.653777734806,89.23383645,70.3621148131868,20.159448392097836,0.30328121620727166,2,64,,True,False,Request timeout: 300.0s exceeded,402,21.16838264042747
429,2026-09-14T02:32:05.604+00:00,2026-09-14T02:36:58.508+00:00,2026-09-14T02:37:05.724+00:00,False,111,110.0,,110.0,292903.666645,300119.557333,300119.55746,2703.7797969369367,0.03867,292903.666645,27794.96656485764,88.7161625,65.59900625454546,20.138141203475822,0.3665205992488808,2,64,,True,False,Request timeout: 300.0s exceeded,522,21.16838264042747
430,2026-09-14T02:32:07.922+00:00,2026-09-14T02:37:01.758+00:00,2026-09-14T02:37:07.929+00:00,False,100,99.0,,99.0,293835.45682099997,300007.03928499995,300007.03908899997,3000.0703908899995,0.0,293835.45682099997,29377.326209586812,90.14137944999999,62.339216808080806,29.284929975132155,0.32999225696818474,2,64,,True,False,Request timeout: 300.0s exceeded,471,21.16838264042747
431,2026-09-14T02:32:11.955+00:00,2026-09-14T02:37:06.938+00:00,2026-09-14T02:37:12.010+00:00,False,76,75.0,,75.0,294982.82954500004,300055.300073,300055.30010100006,3948.096053960527,0.0,294982.82954500004,33829.10740716568,89.0332795,67.63294037333334,31.290119212238466,0.24995392509898462,2,64,,True,False,Request timeout: 300.0s exceeded,359,21.16838264042747
432,2026-09-14T02:32:15.803+00:00,2026-09-14T02:37:09.393+00:00,2026-09-14T02:37:15.831+00:00,False,97,96.0,,96.0,293590.221867,300027.725099,300027.725172,3093.069331670103,0.02484,293590.221867,29802.769156211194,88.483351,67.05732533333334,20.83470658134778,0.31997042929390257,2,64,,True,False,Request timeout: 300.0s exceeded,144,21.16838264042747
433,2026-09-14T02:32:19.065+00:00,2026-09-14T02:37:13.090+00:00,2026-09-14T02:37:19.105+00:00,False,95,94.0,,94.0,294024.404863,300039.39827099995,300039.39827099995,3158.30945548421,0.02437,294024.404863,30159.709601671082,88.67136369999999,63.98929157446808,21.13565723160635,0.31329218943139536,2,64,,True,False,Request timeout: 300.0s exceeded,458,21.16838264042747
434,2026-09-14T02:32:23.362+00:00,2026-09-14T02:37:17.767+00:00,2026-09-14T02:37:23.387+00:00,False,85,84.0,,84.0,294405.014884,300024.632676,300024.632617,3529.7015602,0.01765,294405.014884,31925.45721565828,88.27509600000002,66.90021180952381,20.065981364517018,0.27997701138996994,2,64,,True,False,Request timeout: 300.0s exceeded,392,21.16838264042747
435,2026-09-14T02:32:27.588+00:00,2026-09-14T02:37:21.344+00:00,2026-09-14T02:37:27.606+00:00,False,95,94.0,,94.0,293755.702439,300017.808807,300017.808826,3158.082198168421,0.0277,293755.702439,30131.871100416785,89.2109561,66.61815285106383,20.394205486959066,0.3133147341278989,2,64,,True,False,Request timeout: 300.0s exceeded,321,21.16838264042747
436,2026-09-14T02:32:30.673+00:00,2026-09-14T02:37:24.555+00:00,2026-09-14T02:37:30.713+00:00,False,90,89.0,,89.0,293882.062984,300040.225928,300040.225931,3333.7802881222224,0.020210000000000002,293882.062984,30970.602080900117,87.804533,69.19284206741573,19.75585675235716,0.2966268930265275,2,64,,True,False,Request timeout: 300.0s exceeded,402,21.16838264042747
437,2026-09-14T02:32:34.430+00:00,2026-09-14T02:37:27.933+00:00,2026-09-14T02:37:34.470+00:00,False,95,94.0,,94.0,293503.28045599995,300039.89357599994,300039.8934049999,3158.314667421052,0.195909,293503.28045599995,30105.672829295734,87.15684069999999,69.53843744680852,19.30045614582883,0.31329167224954324,2,64,,True,False,Request timeout: 300.0s exceeded,473,21.16838264042747
438,2026-09-14T02:32:38.498+00:00,2026-09-14T02:37:32.077+00:00,2026-09-14T02:37:38.525+00:00,False,97,96.0,,96.0,293579.417935,300026.91515099996,300026.915146,3093.0609808865975,0.02423,293579.417935,29801.660446084825,87.0417108,67.16142933333333,19.073095069633492,0.31997129308110356,2,64,,True,False,Request timeout: 300.0s exceeded,401,21.16838264042747
439,2026-09-14T02:32:41.985+00:00,2026-09-14T02:37:35.755+00:00,2026-09-14T02:37:42.032+00:00,False,94,93.0,,93.0,293770.65028299997,300047.314347,300047.314311,3191.9927054361697,0.0583,293770.65028299997,30293.17433320919,88.03156015,67.4910114408602,19.916257602750466,0.30995111621778076,2,64,,True,False,Request timeout: 300.0s exceeded,207,21.16838264042747
440,2026-09-14T02:32:46.696+00:00,2026-09-14T02:37:40.343+00:00,2026-09-14T02:37:46.722+00:00,False,92,91.0,,91.0,293647.57716600003,300025.86452600005,300025.86450300005,3261.1507011195654,0.02494,293647.57716600003,30607.574406333282,88.0271645,70.09106989010989,18.71614555901496,0.30330718367820586,2,64,,True,False,Request timeout: 300.0s exceeded,366,21.16838264042747
441,2026-09-14T02:32:51.062+00:00,2026-09-14T02:37:45.031+00:00,2026-09-14T02:37:51.148+00:00,False,91,90.0,,90.0,293968.183717,300085.382053,300085.382265,3297.6415633516485,0.037039,293968.183717,30809.119702267508,86.955656,67.9688704,19.058384833132337,0.29991464224040254,2,64,,True,False,Request timeout: 300.0s exceeded,356,21.16838264042747
442,2026-09-14T02:32:53.866+00:00,2026-09-14T02:37:47.368+00:00,2026-09-14T02:37:53.913+00:00,False,99,98.0,,98.0,293501.963439,300047.054767,300047.05477700004,3030.778331080808,0.03083,293501.963439,29491.35150807141,88.22606880000001,66.78664620408163,19.843310935681355,0.32661543728899917,2,64,,True,False,Request timeout: 300.0s exceeded,167,21.16838264042747
443,2026-09-14T02:32:57.372+00:00,2026-09-14T02:37:50.763+00:00,2026-09-14T02:37:57.381+00:00,False,94,93.0,,93.0,293391.32002999994,300008.9650859999,300008.9650019999,3191.5847340638293,0.02119,293391.32002999994,30253.671277914535,89.45837015000001,71.1574737204301,19.963990423671547,0.3099907363546313,2,64,,True,False,Request timeout: 300.0s exceeded,471,21.16838264042747
444,2026-09-14T02:33:01.127+00:00,2026-09-14T02:37:54.897+00:00,2026-09-14T02:38:01.208+00:00,False,89,88.0,,88.0,293770.222289,300081.205457,300081.205299,3371.6989359438203,0.0363,293770.222289,31131.985753666675,89.8592964,71.71571781818182,19.952028971946138,0.2932539539288472,2,64,,True,False,Request timeout: 300.0s exceeded,374,21.16838264042747
445,2026-09-14T02:33:04.101+00:00,2026-09-14T02:37:57.672+00:00,2026-09-14T02:38:04.196+00:00,False,93,92.0,,92.0,293571.887555,300095.32435500005,300095.32431700005,3226.8314442688174,0.02221,293571.887555,30434.640263776608,89.29658380000001,70.90692173913044,19.7467544294315,0.30656925494503173,2,64,,True,False,Request timeout: 300.0s exceeded,233,21.16838264042747
446,2026-09-14T02:33:08.928+00:00,2026-09-14T02:38:02.674+00:00,2026-09-14T02:38:09.016+00:00,False,92,91.0,,91.0,293745.569425,300087.981713,300087.981678,3261.825887804348,0.023420000000000003,293745.569425,30617.83289858639,89.7890886,69.69683832967033,20.292935097066156,0.3032444001273971,2,64,,True,False,Request timeout: 300.0s exceeded,414,21.16838264042747
447,2026-09-14T02:33:13.245+00:00,2026-09-14T02:38:06.867+00:00,2026-09-14T02:38:13.280+00:00,False,106,105.0,,105.0,293621.19146600005,300034.4494500001,300034.44935000007,2830.513673113208,0.015050000000000001,293621.19146600005,28514.56304758207,89.04201450000001,61.078647466666666,292.33689182897933,0.3499598135896657,2,64,,True,False,Request timeout: 300.0s exceeded,492,21.16838264042747
448,2026-09-14T02:33:17.363+00:00,2026-09-14T02:38:12.962+00:00,2026-09-14T02:38:17.384+00:00,False,69,68.0,,68.0,295599.182068,300021.229812,300021.229845,4348.133765869566,0.02204,295599.182068,35578.139803530095,89.57397120000002,65.03011388235294,25.216149715490317,0.22665062749929502,2,64,,True,False,Request timeout: 300.0s exceeded,343,21.16838264042747
449,2026-09-14T02:33:21.189+00:00,2026-09-14T02:38:14.562+00:00,2026-09-14T02:38:21.273+00:00,False,101,100.0,,100.0,293373.44461400004,300084.048902,300084.048851,2971.129196544555,0.03687,293373.44461400004,29185.077963513828,86.666307,67.10604288,19.52098206759902,0.3332399718208865,2,64,,True,False,Request timeout: 300.0s exceeded,432,21.16838264042747
450,2026-09-14T02:33:26.189+00:00,2026-09-14T02:38:20.121+00:00,2026-09-14T02:38:26.215+00:00,False,92,91.0,,91.0,293931.59349400003,300025.446422,300025.44627300004,3261.1461551413045,0.02117,293931.59349400003,30637.5120982586,88.87623155000001,66.9654167912088,20.42008669841635,0.3033076063555095,2,64,,True,False,Request timeout: 300.0s exceeded,369,21.16838264042747
451,2026-09-14T02:33:30.912+00:00,2026-09-14T02:38:24.669+00:00,2026-09-14T02:38:31.001+00:00,False,100,99.0,,99.0,293756.84901,300089.394034,300089.393895,3000.89393895,0.03871,293756.84901,29369.295613207152,88.81501100000001,63.96510125252526,20.70146703665496,0.3299016958552802,2,64,,True,False,Request timeout: 300.0s exceeded,474,21.16838264042747
452,2026-09-14T02:33:33.892+00:00,2026-09-14T02:38:27.414+00:00,2026-09-14T02:38:33.944+00:00,False,99,98.0,,98.0,293522.79416399996,300051.86552399996,300051.86548199994,3030.8269240606055,0.036719999999999996,293522.79416399996,29493.46221920488,88.64881600000001,66.62317714285714,20.89034458184642,0.326610200636001,2,64,,True,False,Request timeout: 300.0s exceeded,488,21.16838264042747
453,2026-09-14T02:33:36.678+00:00,2026-09-14T02:38:30.240+00:00,2026-09-14T02:38:36.696+00:00,False,95,94.0,,94.0,293562.763947,300018.426027,300018.42610100005,3158.0886958,0.024550000000000002,293562.763947,30111.864765152426,89.541255,68.67725617021276,20.38137504389624,0.3133140895537546,2,64,,True,False,Request timeout: 300.0s exceeded,393,21.16838264042747
454,2026-09-14T02:33:41.618+00:00,2026-09-14T02:38:35.187+00:00,2026-09-14T02:38:41.661+00:00,False,94,93.0,,93.0,293568.992212,300042.962132,300042.962087,3191.9464051808513,0.02069,293568.992212,30272.155814962236,87.42140635,69.61257978494623,19.51610933008775,0.30995561215358836,2,64,,True,False,Request timeout: 300.0s exceeded,485,21.16838264042747
455,2026-09-14T02:33:44.415+00:00,2026-09-14T02:38:38.319+00:00,2026-09-14T02:38:44.485+00:00,False,94,93.0,,93.0,293904.116863,300069.85203099996,300069.85215999995,3192.2324697872336,0.027420000000000003,293904.116863,30307.063858519126,88.43092615000002,66.29822761290322,20.634841792336463,0.3099278363705536,2,64,,True,False,Request timeout: 300.0s exceeded,164,21.16838264042747
456,2026-09-14T02:33:47.795+00:00,2026-09-14T02:38:41.448+00:00,2026-09-14T02:38:47.879+00:00,False,100,99.0,,99.0,293652.835372,300083.677484,300083.677539,3000.83677539,0.034409999999999996,293652.835372,29358.794933568304,87.37032800000001,64.95800113131313,20.660969918356717,0.32990798043415254,2,64,,True,False,Request timeout: 300.0s exceeded,470,21.16838264042747
457,2026-09-14T02:33:50.623+00:00,2026-09-14T02:38:44.614+00:00,2026-09-14T02:38:50.659+00:00,False,93,92.0,,92.0,293990.597959,300035.66752699995,300035.66756,3226.189973763441,0.02028,293990.597959,30478.59803426753,88.171682,65.70727791304347,20.29383151445549,0.30663021086225023,2,64,,True,False,Request timeout: 300.0s exceeded,481,21.16838264042747
458,2026-09-14T02:33:54.106+00:00,2026-09-14T02:38:47.753+00:00,2026-09-14T02:38:54.113+00:00,False,96,95.0,,95.0,293647.358841,300006.821497,300006.821659,3125.0710589479168,0.02075,293647.358841,29963.432287797965,87.6377275,66.94171216842105,19.74368606058097,0.316659466361334,2,64,,True,False,Request timeout: 300.0s exceeded,404,21.16838264042747
459,2026-09-14T02:33:58.822+00:00,2026-09-14T02:38:52.397+00:00,2026-09-14T02:38:58.870+00:00,False,97,96.0,,96.0,293574.887902,300048.113886,300048.11383,3093.2795240206183,0.04094,293574.887902,29801.173632790604,87.73619500000001,67.42943733333333,19.623737191307296,0.3199486867511993,2,64,,True,False,Request timeout: 300.0s exceeded,427,21.16838264042747
460,2026-09-14T02:34:01.560+00:00,2026-09-14T02:38:55.325+00:00,2026-09-14T02:39:01.596+00:00,False,94,93.0,,93.0,293764.90516100003,300035.32026500005,300035.320336,3191.865109957447,0.01959,293764.90516100003,30292.588675004386,87.39577365,67.42381832258064,19.878444227539006,0.30996350668934464,2,64,,True,False,Request timeout: 300.0s exceeded,461,21.16838264042747
461,2026-09-14T02:34:04.583+00:00,2026-09-14T02:38:58.455+00:00,2026-09-14T02:39:04.634+00:00,False,90,89.0,,89.0,293872.77591100003,300051.59370300005,300051.59386100003,3333.906598455556,0.0371,293872.77591100003,30969.598578395413,87.6017735,69.42491901123596,19.60304349669103,0.2966156549999692,2,64,,True,False,Request timeout: 300.0s exceeded,380,21.16838264042747
462,2026-09-14T02:34:09.212+00:00,2026-09-14T02:39:02.689+00:00,2026-09-14T02:39:09.233+00:00,False,101,100.0,,100.0,293477.140235,300020.984075,300020.984014,2970.504792217822,0.03491,293477.140235,29195.562722254832,89.373972,65.4384384,20.59181444348522,0.33331001932518745,2,64,,True,False,Request timeout: 300.0s exceeded,487,21.16838264042747
463,2026-09-14T02:34:12.081+00:00,2026-09-14T02:39:05.814+00:00,2026-09-14T02:39:12.113+00:00,False,95,94.0,,94.0,293732.825534,300031.604414,300031.604291,3158.2274135894736,0.01966,293732.825534,30129.48389476477,88.264923,67.0082859574468,20.306506828090942,0.3133003277557842,2,64,,True,False,Request timeout: 300.0s exceeded,281,21.16838264042747
464,2026-09-14T02:34:17.073+00:00,2026-09-14T02:39:10.672+00:00,2026-09-14T02:39:17.121+00:00,False,95,94.0,,94.0,293599.035824,300048.18475200003,300048.184804,3158.4019453052633,0.0197,293599.035824,30115.592635411092,88.03160800000002,68.60796731914894,19.380251085664522,0.31328301511870227,2,64,,True,False,Request timeout: 300.0s exceeded,429,21.16838264042747
465,2026-09-14T02:34:21.480+00:00,2026-09-14T02:39:15.532+00:00,2026-09-14T02:39:21.552+00:00,False,87,86.0,,86.0,294052.735716,300072.46026,300072.46040100005,3449.1087402413796,0.02714,294052.735716,31518.26395997697,87.891682,69.99679702325581,19.59131680521984,0.2865974435824089,2,64,,True,False,Request timeout: 300.0s exceeded,214,21.16838264042747
466,2026-09-14T02:34:24.828+00:00,2026-09-14T02:39:18.446+00:00,2026-09-14T02:39:24.897+00:00,False,95,94.0,,94.0,293618.45276099996,300069.146905,300069.14694699994,3158.6225994421047,0.032240000000000005,293618.45276099996,30117.583180440764,88.3117197,68.62440578723404,19.53088145834773,0.3132611298747079,2,64,,True,False,Request timeout: 300.0s exceeded,472,21.16838264042747
467,2026-09-14T02:34:29.613+00:00,2026-09-14T02:39:23.267+00:00,2026-09-14T02:39:29.669+00:00,False,96,95.0,,95.0,293653.816935,300055.194983,300055.19496500003,3125.5749475520834,0.02043,293653.816935,29964.046708047073,87.478198,67.38292682105262,20.23603489359195,0.3166084160128684,2,64,,True,False,Request timeout: 300.0s exceeded,428,21.16838264042747
468,2026-09-14T02:34:34.415+00:00,2026-09-14T02:39:27.965+00:00,2026-09-14T02:39:34.444+00:00,False,99,98.0,,98.0,293549.628203,300028.588331,300028.588399,3030.591802010101,0.02284,293549.628203,29496.209931153622,87.2203129,66.11183804081632,20.014411326516075,0.32663554011687596,2,64,,True,False,Request timeout: 300.0s exceeded,423,21.16838264042747
469,2026-09-14T02:34:38.664+00:00,2026-09-14T02:39:32.157+00:00,2026-09-14T02:39:38.679+00:00,False,139,138.0,,138.0,293492.98021899996,300014.44351499993,300014.44345699996,2158.3772910575535,0.0185,293492.98021899996,24889.76085557853,89.8205937,47.2569804057971,31.240882780717406,0.4599778543432039,2,64,,True,False,Request timeout: 300.0s exceeded,500,21.16838264042747
0,2026-09-14T02:04:40.878+00:00,2026-09-14T02:04:41.003+00:00,2026-09-14T02:04:56.881+00:00,True,284,284.0,,284.0,124.849878,16002.928854000002,16002.928786,56.34834079577465,0.02246,130.078676,21.43693310900767,94.32884815,56.106286134275614,21.082521050146,17.746751397261445,3,64,,False,True,,1424,21.16838264042747
1,2026-09-14T02:04:43.718+00:00,2026-09-14T02:04:43.855+00:00,2026-09-14T02:04:59.335+00:00,True,247,247.0,,247.0,136.257293,15616.443149,15616.443011,63.224465631578944,0.03461,136.257293,21.901644096538234,96.054567,62.927584780487805,21.44249788861264,15.81666181238054,3,64,,False,True,,902,21.16838264042747
2,2026-09-14T02:04:48.268+00:00,2026-09-14T02:04:51.751+00:00,2026-09-14T02:05:08.194+00:00,True,249,249.0,,249.0,3483.63973,19926.515122,19926.515218,80.02616553413655,37.9388,3483.63973,217.6689679066094,95.795404,66.30191690322582,21.939183298873708,12.495913032233615,3,64,,False,True,,1137,21.16838264042747
3,2026-09-14T02:04:50.954+00:00,2026-09-14T02:04:56.146+00:00,2026-09-14T02:05:13.982+00:00,True,272,272.0,,272.0,5191.889480000001,23028.039240000002,23028.039312,84.66190923529412,38.04368,5191.889480000001,311.55491220175094,95.62598799999999,65.81605077490775,21.515537161205444,11.811687359275144,3,64,,False,True,,1069,21.16838264042747
4,2026-09-14T02:04:53.847+00:00,2026-09-14T02:05:00.470+00:00,2026-09-14T02:05:08.504+00:00,True,126,126.0,,126.0,6622.748695,14657.246487,14657.246303,116.32735161111111,40.727114,6622.748695,584.6724552132072,94.04613224999999,64.275982336,21.63630167905069,8.596430449044682,3,64,,False,True,,655,21.16838264042747
5,2026-09-14T02:04:57.034+00:00,2026-09-14T02:05:06.127+00:00,2026-09-14T02:05:17.049+00:00,True,166,166.0,,166.0,9092.882967,20014.840086999997,20014.839991,120.57132524698795,21.540624,9092.882967,700.9571463773091,95.03570749999999,66.19367951515152,22.22152267385838,8.293845930241533,3,64,,False,True,,595,21.16838264042747
6,2026-09-14T02:05:00.910+00:00,2026-09-14T02:05:13.341+00:00,2026-09-14T02:05:28.742+00:00,True,229,229.0,,229.0,12431.915621,27832.171365000002,27832.171457,121.53786662445415,17.718353,12431.915621,817.3719211189327,95.21822540000001,67.54498133333333,22.606595829142858,8.22788840284219,3,64,,False,True,,1091,21.16838264042747
7,2026-09-14T02:05:04.715+00:00,2026-09-14T02:05:19.804+00:00,2026-09-14T02:05:33.378+00:00,True,204,204.0,,204.0,15089.251323,28662.980347,28662.980307,140.5048054264706,39.291477,15089.251323,1051.9955226033464,93.69301215,66.86566021674876,21.47577916452156,7.117194287904941,3,64,,False,True,,750,21.16838264042747
8,2026-09-14T02:05:08.203+00:00,2026-09-14T02:05:26.601+00:00,2026-09-14T02:05:43.223+00:00,True,252,252.0,,252.0,18398.579697,35020.046065,35020.046051,138.96843671031746,0.01761,18398.579697,1155.1330451738913,95.92206005,66.22098154581674,26.5086151481698,7.195878598568028,3,64,,False,True,,1321,21.16838264042747
9,2026-09-14T02:05:12.069+00:00,2026-09-14T02:05:33.607+00:00,2026-09-14T02:05:51.222+00:00,True,271,271.0,,271.0,21538.335943,39153.182151,39153.182293,144.47668742804427,0.01651,21538.335943,1304.659230028272,97.281855,65.24017114074074,26.171581136747058,6.921531919291992,3,64,,False,True,,1222,21.16838264042747
10,2026-09-14T02:05:15.843+00:00,2026-09-14T02:05:40.337+00:00,2026-09-14T02:05:58.475+00:00,True,276,276.0,,276.0,24494.309803,42631.762858999995,42631.762912,154.46290910144927,39.073978000000004,24494.309803,1470.576544193812,96.0270995,65.95437474909092,21.89026650169624,6.474046145190864,3,64,,False,True,,1284,21.16838264042747
11,2026-09-14T02:05:19.091+00:00,2026-09-14T02:05:44.968+00:00,2026-09-14T02:05:54.696+00:00,True,149,149.0,,149.0,25876.486989999998,35604.969549999994,35604.969599,238.9595275100671,39.319317000000005,25876.486989999998,2114.6064333703334,96.37491020000002,65.73299027027028,21.35224750319727,4.184809083764545,3,64,,False,True,,686,21.16838264042747
12,2026-09-14T02:05:22.519+00:00,2026-09-14T02:05:51.037+00:00,2026-09-14T02:06:05.777+00:00,True,219,219.0,,219.0,28517.520016,43257.182608,43257.182615,197.52138180365296,41.245123,28517.520016,1922.5908747126343,95.36875180000001,67.6131311559633,21.914402477815052,5.0627430358697945,3,64,,False,True,,1202,21.16838264042747
13,2026-09-14T02:05:26.575+00:00,2026-09-14T02:05:58.835+00:00,2026-09-14T02:06:13.333+00:00,True,216,216.0,,216.0,32260.272109999998,46758.232046,46758.232069,216.47329661574074,37.97889,32260.272109999998,2190.5543366516404,94.22015674999999,67.43237179534884,21.907320556865333,4.619507422511242,3,64,,False,True,,924,21.16838264042747
14,2026-09-14T02:05:29.981+00:00,2026-09-14T02:06:04.920+00:00,2026-09-14T02:06:19.053+00:00,True,213,213.0,,213.0,34938.732806,49071.529222,49071.529286,230.38276660093896,34.525588000000006,34938.732806,2389.4918370014257,94.71320820000001,66.66413403773585,21.58821882671508,4.340602450687572,3,64,,False,True,,1104,21.16838264042747
15,2026-09-14T02:05:33.054+00:00,2026-09-14T02:06:10.040+00:00,2026-09-14T02:06:24.675+00:00,True,219,219.0,,219.0,36985.263463,51620.749927000004,51620.750144000005,235.71118787214613,12.178165000000002,36985.263463,2494.7988246813243,93.41222069999999,67.13525900917432,22.711773377942276,4.242480016460455,3,64,,False,True,,915,21.16838264042747
16,2026-09-14T02:05:36.657+00:00,2026-09-14T02:06:16.465+00:00,2026-09-14T02:06:29.538+00:00,True,199,199.0,,199.0,39807.86412699999,52881.04889499999,52881.048730999995,265.73391322110547,6.559167,39807.86412699999,2817.3170051742572,95.186312,66.02618569696969,22.925675481146587,3.7631628751375965,3,64,,False,True,,889,21.16838264042747
17,2026-09-14T02:05:39.679+00:00,2026-09-14T02:06:21.679+00:00,2026-09-14T02:06:38.747+00:00,True,260,260.0,,260.0,42000.737174999995,59068.421783,59068.42174199999,227.18623746923075,0.01643,42000.737174999995,2600.895794406199,94.7969715,65.89839616988417,32.91638310079024,4.401675077000762,3,64,,False,True,,1092,21.16838264042747
18,2026-09-14T02:05:43.544+00:00,2026-09-14T02:06:27.671+00:00,2026-09-14T02:06:39.292+00:00,True,175,175.0,,175.0,44127.461835,55748.127691,55748.127668,318.5607295314286,0.01667,44127.461835,3330.8426650059696,95.1504897,66.78543595402299,33.609658561745434,3.139118877139475,3,64,,False,True,,734,21.16838264042747
19,2026-09-14T02:05:46.729+00:00,2026-09-14T02:06:33.851+00:00,2026-09-14T02:06:51.534+00:00,True,265,265.0,,265.0,47121.871146,64804.33361,64804.333503999995,244.54465473207546,6.415796,47121.871146,2890.648399491716,95.8771392,66.97902448484848,22.771445424147963,4.089232698461198,3,64,,False,True,,1397,21.16838264042747
20,2026-09-14T02:05:50.979+00:00,2026-09-14T02:06:41.743+00:00,2026-09-14T02:06:51.810+00:00,True,152,152.0,,152.0,50764.073920999996,60830.415297,60830.415076,400.2000991842105,7.7807640000000005,50764.073920999996,4112.169273206307,94.73806205000001,66.66451242384106,23.441455165671577,2.4987499963278443,3,64,,False,True,,799,21.16838264042747
21,2026-09-14T02:05:53.744+00:00,2026-09-14T02:06:45.413+00:00,2026-09-14T02:07:02.509+00:00,True,256,256.0,,256.0,51668.341795,68764.397859,68764.397798,268.6109288984375,11.502526,51668.341795,3225.160957295025,95.21594625,67.04335711372549,22.732970792938332,3.7228567103128394,3,64,,False,True,,1271,21.16838264042747
22,2026-09-14T02:05:57.116+00:00,2026-09-14T02:06:52.222+00:00,2026-09-14T02:07:11.175+00:00,True,282,282.0,,282.0,55105.978587,74058.579163,74058.579312,262.61907557446807,0.0,55105.978587,3277.594749298956,95.8341256,67.44697713879005,25.37622201149877,3.8077965198242483,3,64,,False,True,,1439,21.16838264042747
23,2026-09-14T02:06:00.387+00:00,2026-09-14T02:06:58.097+00:00,2026-09-14T02:07:06.299+00:00,True,121,121.0,,121.0,57710.320729,65912.126809,65912.12699799999,544.7283222975207,40.335535,57710.320729,5240.224539303379,95.463889,68.348384,21.86480995881415,1.8357775095110116,3,64,,False,True,,579,21.16838264042747
24,2026-09-14T02:06:03.709+00:00,2026-09-14T02:07:03.566+00:00,2026-09-14T02:07:12.864+00:00,True,139,139.0,,139.0,59857.302604000004,69155.01550000001,69155.015579,497.5180976906475,0.0,59857.302604000004,5071.396974658327,98.3373657,67.37473113043478,28.852733437949652,2.009977136076269,3,64,,False,True,,659,21.16838264042747
25,2026-09-14T02:06:07.000+00:00,2026-09-14T02:07:09.210+00:00,2026-09-14T02:07:18.356+00:00,True,133,133.0,,133.0,62210.138248,71356.74714400001,71356.746989,536.5168946541354,41.421873,62210.138248,5388.34622878347,96.382681,69.29249163636364,23.657678532148868,1.8638742000332793,3,64,,False,True,,550,21.16838264042747
26,2026-09-14T02:06:10.239+00:00,2026-09-14T02:07:15.077+00:00,2026-09-14T02:07:22.451+00:00,True,111,111.0,,111.0,64837.427509,72211.375669,72211.375483,650.5529322792793,38.980937,64837.427509,6147.77334109318,96.22289700000002,67.03589236363636,22.231634191686805,1.537153931380534,3,64,,False,True,,518,21.16838264042747
27,2026-09-14T02:06:12.859+00:00,2026-09-14T02:07:20.414+00:00,2026-09-14T02:07:32.018+00:00,True,176,176.0,,176.0,67555.65735,79159.430278,79159.430517,449.7694915738636,0.01777,67555.65735,5087.378041755515,95.610567,66.30727387428571,42.5431993085501,2.2233611255400096,3,64,,False,True,,860,21.16838264042747
28,2026-09-14T02:06:17.028+00:00,2026-09-14T02:07:27.384+00:00,2026-09-14T02:07:35.224+00:00,True,119,119.0,,119.0,70355.833365,78195.735317,78195.735447,657.1070205630252,0.01936,70355.833365,6443.597647416545,95.1421581,66.43984705084746,48.30211576910847,1.521822123899499,3,64,,False,True,,171,21.16838264042747
29,2026-09-14T02:06:20.057+00:00,2026-09-14T02:07:32.281+00:00,2026-09-14T02:07:49.895+00:00,True,273,273.0,,273.0,72223.73595,89837.883022,89837.88280200001,329.0764937802198,39.380306,72223.73595,4367.309410455415,93.09348559999998,64.75789364705882,20.807508911089442,3.0388071358843822,3,64,,False,True,,839,21.16838264042747
30,2026-09-14T02:06:24.814+00:00,2026-09-14T02:07:40.780+00:00,2026-09-14T02:07:48.196+00:00,True,118,118.0,,118.0,75966.190973,83382.76466900001,83382.76470900001,706.6335992288136,39.716676,75966.190973,6987.450200412512,92.88263205,63.38951876923077,20.888592562170054,1.4151605606796336,3,64,,False,True,,545,21.16838264042747
31,2026-09-14T02:06:29.045+00:00,2026-09-14T02:07:48.243+00:00,2026-09-14T02:07:59.039+00:00,True,162,162.0,,162.0,79198.595956,89994.71576400001,89994.715568,555.5229356049383,0.0,79198.595956,6217.215313112894,94.53998845,67.05664477018634,26.093795433283574,1.8001056909255087,3,64,,False,True,,658,21.16838264042747
32,2026-09-14T02:06:33.327+00:00,2026-09-14T02:07:55.612+00:00,2026-09-14T02:08:14.210+00:00,True,285,285.0,,285.0,82285.067305,100882.822953,100882.822961,353.97481740701755,32.175922,82285.067305,4870.3159652150625,95.24171700000001,65.48505509859154,21.714585569029744,2.8250597243177644,3,64,,False,True,,1338,21.16838264042747
33,2026-09-14T02:06:36.818+00:00,2026-09-14T02:08:00.454+00:00,2026-09-14T02:08:12.980+00:00,True,192,192.0,,192.0,83635.15453300001,96161.31030900001,96161.310475,500.8401587239584,36.820113,83635.15453300001,6031.154482338322,95.53287004999999,65.58196741361256,22.045489023699123,1.996645006011635,3,64,,False,True,,1212,21.16838264042747
34,2026-09-14T02:06:41.242+00:00,2026-09-14T02:08:08.830+00:00,2026-09-14T02:08:18.848+00:00,True,153,153.0,,153.0,87588.17457700001,97605.90283300001,97605.90260600002,637.9470758562093,0.0,87588.17457700001,7075.8130618824725,95.140445,65.90610694736841,28.503414798197255,1.567528146958255,3,64,,False,True,,295,21.16838264042747
35,2026-09-14T02:06:44.873+00:00,2026-09-14T02:08:15.764+00:00,2026-09-14T02:08:23.041+00:00,True,108,108.0,,108.0,90890.776976,98167.357584,98167.35764199999,908.9570152037037,0.01622,90890.776976,8739.657152699434,97.678151,68.00542624299065,63.96393574159252,1.1001620361186395,3,64,,False,True,,525,21.16838264042747
36,2026-09-14T02:06:49.088+00:00,2026-09-14T02:08:23.443+00:00,2026-09-14T02:08:31.155+00:00,True,119,119.0,,119.0,94354.359291,102066.072571,102066.07242,857.6980875630252,40.730474,94354.359291,8643.486742499692,96.84647990000002,65.35350237288135,21.996979215928008,1.1659114238692814,3,64,,False,True,,434,21.16838264042747
37,2026-09-14T02:06:53.677+00:00,2026-09-14T02:08:31.522+00:00,2026-09-14T02:08:50.002+00:00,True,278,278.0,,278.0,97844.95115099999,116324.98980699999,116324.98980699999,418.4352151330935,0.0,97844.95115099999,5864.398183119938,95.62795235,66.71494099638988,24.08527628252959,2.389856216288884,3,64,,False,True,,1255,21.16838264042747
38,2026-09-14T02:06:57.056+00:00,2026-09-14T02:08:36.999+00:00,2026-09-14T02:08:50.538+00:00,True,206,206.0,,206.0,99942.436972,113481.29751599999,113481.29729,550.8800839320388,38.870438,99942.436972,6958.753301823321,95.3864905,66.04322216585366,22.192268467102085,1.8152770941921559,3,64,,False,True,,797,21.16838264042747
39,2026-09-14T02:07:00.144+00:00,2026-09-14T02:08:43.159+00:00,2026-09-14T02:08:59.086+00:00,True,241,241.0,,241.0,103015.171404,118942.018892,118942.019015,493.5353486099585,0.0,103015.171404,6631.572307046405,95.298119,66.36186453333333,27.437206564617433,2.0261973207200166,3,64,,False,True,,1538,21.16838264042747
40,2026-09-14T02:07:04.830+00:00,2026-09-14T02:08:52.041+00:00,2026-09-14T02:09:04.614+00:00,True,192,192.0,,192.0,107210.739245,119784.105005,119784.104961,623.875546671875,0.0,107210.739245,7732.569452828633,95.20079399999999,65.82914010471204,28.327602549836936,1.6028837882287101,3,64,,False,True,,716,21.16838264042747
41,2026-09-14T02:07:07.822+00:00,2026-09-14T02:08:57.458+00:00,2026-09-14T02:09:13.885+00:00,True,252,252.0,,252.0,109636.04169,126062.859226,126062.859407,500.2494420912698,0.0,109636.04169,6902.352014369484,96.1473395,65.44548819123506,27.164118894141268,1.999002732027721,3,64,,False,True,,1041,21.16838264042747
42,2026-09-14T02:07:12.437+00:00,2026-09-14T02:09:04.703+00:00,2026-09-14T02:09:18.898+00:00,True,216,216.0,,216.0,112265.673241,126460.608281,126460.608241,585.4657788935185,0.01593,112265.673241,7634.403482975016,97.5616035,66.0229536744186,53.16326554009941,1.7080417604827607,3,64,,False,True,,1000,21.16838264042747
43,2026-09-14T02:07:16.017+00:00,2026-09-14T02:09:11.921+00:00,2026-09-14T02:09:21.272+00:00,True,139,139.0,,139.0,115904.042812,125254.42566,125254.425645,901.1109758633094,0.016649999999999998,115904.042812,9825.308601105628,97.34117570000001,67.75639744927535,63.39229200551528,1.1097412268474411,3,64,,False,True,,470,21.16838264042747
44,2026-09-14T02:07:18.977+00:00,2026-09-14T02:09:17.079+00:00,2026-09-14T02:09:29.710+00:00,True,188,188.0,,188.0,118101.554088,130732.911784,130732.911681,695.3878280904255,0.0,118101.554088,8608.722818609684,97.06838499999999,67.54736735828877,60.021700262053045,1.4380464523777916,3,64,,False,True,,1193,21.16838264042747
45,2026-09-14T02:07:21.816+00:00,2026-09-14T02:09:22.462+00:00,2026-09-14T02:09:32.491+00:00,True,151,151.0,,151.0,120645.38392299999,130674.79704299998,130674.79711099999,865.3960073576158,37.37382100000001,120645.38392299999,9812.56662490555,95.618823,66.86275413333334,22.548493309686062,1.1555403445571206,3,64,,False,True,,676,21.16838264042747
46,2026-09-14T02:07:26.594+00:00,2026-09-14T02:09:29.885+00:00,2026-09-14T02:09:36.843+00:00,True,111,111.0,,111.0,123290.590062,130249.23787,130249.237886,1173.4165575315315,39.880076,123290.590062,11696.240120367072,95.3862735,63.26043461818182,21.510030895974907,0.8522122802038012,3,64,,False,True,,472,21.16838264042747
47,2026-09-14T02:07:29.737+00:00,2026-09-14T02:09:35.465+00:00,2026-09-14T02:09:53.881+00:00,True,279,279.0,,279.0,125727.64602,144144.356164,144144.356065,516.6464375089606,0.0,125727.64602,7523.204175948086,95.1610639,66.2471587913669,28.2930642362022,1.9355596530090171,3,64,,False,True,,1447,21.16838264042747
48,2026-09-14T02:07:33.743+00:00,2026-09-14T02:09:42.871+00:00,2026-09-14T02:10:02.450+00:00,True,296,296.0,,296.0,129128.449773,148707.323373,148707.323433,502.38960619256756,0.0,129128.449773,7501.633204200778,95.071939,66.36906305084746,28.015843697511716,1.9904870404905908,3,64,,False,True,,1098,21.16838264042747
49,2026-09-14T02:07:36.921+00:00,2026-09-14T02:09:47.771+00:00,2026-09-14T02:09:57.228+00:00,True,141,141.0,,141.0,130849.419735,140306.796759,140306.79662100002,995.0836639787234,32.92423,130849.419735,11013.842919929019,96.75382499999999,67.55269302857143,22.52195226024981,1.0049406248094361,3,64,,False,True,,655,21.16838264042747
50,2026-09-14T02:07:41.603+00:00,2026-09-14T02:09:56.346+00:00,2026-09-14T02:10:06.878+00:00,True,160,160.0,,160.0,134742.202308,145274.99437200002,145274.99422300002,907.9687138937501,40.249005,134742.202308,10647.091441262739,96.72045394999999,66.24397524528302,21.752651859788937,1.1013595332882564,3,64,,False,True,,798,21.16838264042747
51,2026-09-14T02:07:45.260+00:00,2026-09-14T02:10:02.767+00:00,2026-09-14T02:10:10.168+00:00,True,112,112.0,,112.0,137507.08156400002,144907.247196,144907.24728600003,1293.8147079107146,41.251323,137507.08156400002,12986.916538363626,95.6461465,66.66815884684685,21.83045152355698,0.7729082027796027,3,64,,False,True,,512,21.16838264042747
52,2026-09-14T02:07:50.034+00:00,2026-09-14T02:10:11.792+00:00,2026-09-14T02:10:27.105+00:00,True,238,238.0,,238.0,141757.25894200001,157070.19948600003,157070.199372,659.9588208907563,0.0,141757.25894200001,9184.787060982788,96.79250384999999,64.61156347679325,63.25469253451455,1.5152460541772814,3,64,,False,True,,692,21.16838264042747
53,2026-09-14T02:07:52.955+00:00,2026-09-14T02:10:16.784+00:00,2026-09-14T02:10:27.903+00:00,True,172,172.0,,172.0,143829.632481,154948.389345,154948.389258,900.8627282441861,0.01581,143829.632481,10962.170444973739,94.375331,65.02196996491229,69.91646927168148,1.1100470339000024,3,64,,False,True,,908,21.16838264042747
54,2026-09-14T02:07:56.277+00:00,2026-09-14T02:10:23.439+00:00,2026-09-14T02:10:36.145+00:00,True,189,189.0,,189.0,147161.310391,159867.782071,159867.782106,845.861280984127,40.664874000000005,147161.310391,10699.516009177514,96.3999384,67.58761531914894,21.784429344768743,1.1822269474912832,3,64,,False,True,,803,21.16838264042747
55,2026-09-14T02:08:00.501+00:00,2026-09-14T02:10:30.821+00:00,2026-09-14T02:10:43.212+00:00,True,185,185.0,,185.0,150320.419224,162710.972312,162710.972236,879.5187688432433,0.0,150320.419224,11046.877311630346,95.90026400000002,67.3399624347826,33.73257671712823,1.1369854003776743,3,64,,False,True,,912,21.16838264042747
56,2026-09-14T02:08:03.422+00:00,2026-09-14T02:10:35.473+00:00,2026-09-14T02:10:53.595+00:00,True,273,273.0,,273.0,152051.19831600002,170172.94526,170172.94537300002,623.3441222454213,0.0,152051.19831600002,9198.576675314991,97.03769759999999,66.62406964705882,30.923487283607372,1.6042503089013058,3,64,,False,True,,1295,21.16838264042747
57,2026-09-14T02:08:07.232+00:00,2026-09-14T02:10:42.054+00:00,2026-09-14T02:10:59.280+00:00,True,262,262.0,,262.0,154822.092697,172047.97685699997,172047.976967,656.671667812977,7.923714,154822.092697,9560.88872582403,95.16859099999998,65.99955616858237,22.064282614774303,1.5228310427489935,3,64,,False,True,,1343,21.16838264042747
58,2026-09-14T02:08:11.407+00:00,2026-09-14T02:10:49.891+00:00,2026-09-14T02:11:07.486+00:00,True,270,270.0,,270.0,158483.94811700002,176079.72846900002,176079.72858100003,652.1471428925927,39.283247,158483.94811700002,9641.068518542277,94.45006495000001,65.41182286988848,21.291797167268733,1.5333962764915057,3,64,,False,True,,405,21.16838264042747
59,2026-09-14T02:08:14.672+00:00,2026-09-14T02:10:55.289+00:00,2026-09-14T02:11:12.877+00:00,True,267,267.0,,267.0,160617.83371,178205.351662,178205.351616,667.4357738426967,0.0,160617.83371,9825.651858380339,93.190829,66.11848854135339,30.270637106762205,1.4982715025664086,3,64,,False,True,,975,21.16838264042747
60,2026-09-14T02:08:18.340+00:00,2026-09-14T02:11:02.059+00:00,2026-09-14T02:11:19.936+00:00,True,272,272.0,,272.0,163719.05175,181596.46384600003,181596.463992,667.6340587941177,0.0,163719.05175,9922.97315632046,95.65649454999999,65.96831031734318,30.73920058007616,1.4978265228262662,3,64,,False,True,,1340,21.16838264042747
61,2026-09-14T02:08:22.287+00:00,2026-09-14T02:11:08.550+00:00,2026-09-14T02:11:28.428+00:00,True,299,299.0,,299.0,166263.223624,186140.96980000002,186140.9699,622.5450498327759,0.0,166263.223624,9611.618219565626,95.95454799999999,66.70384622818791,65.92306820908189,1.6063094563290492,3,64,,False,True,,1407,21.16838264042747
62,2026-09-14T02:08:25.212+00:00,2026-09-14T02:11:13.796+00:00,2026-09-14T02:11:21.841+00:00,True,122,122.0,,122.0,168583.82730399998,176629.30032799998,176629.30020699996,1447.7811492377048,36.738883,168583.82730399998,15256.860247054938,96.89108699999998,66.49151259504131,23.22417829320846,0.6907121285848182,3,64,,False,True,,526,21.16838264042747
63,2026-09-14T02:08:28.451+00:00,2026-09-14T02:11:20.158+00:00,2026-09-14T02:11:30.284+00:00,True,152,152.0,,152.0,171707.136742,181832.348134,181832.348083,1196.2654479144737,0.015529999999999999,171707.136742,13922.108634132166,96.88180404999999,67.0543800794702,85.30100817300297,0.835934868354583,3,64,,False,True,,714,21.16838264042747
64,2026-09-14T02:08:32.088+00:00,2026-09-14T02:11:26.323+00:00,2026-09-14T02:11:44.962+00:00,True,282,282.0,,282.0,174234.58742899998,192874.098469,192874.09845499997,683.9507037411347,0.0,174234.58742899998,10371.778938828054,95.80076150000001,66.33277950177936,66.16662818282374,1.4620936778886613,3,64,,False,True,,1032,21.16838264042747
65,2026-09-14T02:08:36.199+00:00,2026-09-14T02:11:33.257+00:00,2026-09-14T02:11:51.853+00:00,True,280,280.0,,280.0,177057.86505300002,195653.432157,195653.43213200002,698.7622576142858,0.0,177057.86505300002,10577.292425777598,94.97631995,66.65077815053763,30.661151777428774,1.4311019076594425,3,64,,False,True,,1225,21.16838264042747
66,2026-09-14T02:08:39.248+00:00,2026-09-14T02:11:38.607+00:00,2026-09-14T02:11:55.533+00:00,True,251,251.0,,251.0,179358.594375,196284.47802299997,196284.478133,782.0098730398406,0.0,179358.594375,11316.783777792587,95.656168,67.703534592,31.294033057026088,1.278756234461844,3,64,,False,True,,1289,21.16838264042747
67,2026-09-14T02:08:43.692+00:00,2026-09-14T02:11:46.544+00:00,2026-09-14T02:12:06.914+00:00,True,299,299.0,,299.0,182852.622327,203222.05643899998,203222.056437,679.672429555184,41.105694,182852.622327,10570.71206054197,96.4396661,68.35380574496645,22.97281130058173,1.4712969902937143,3,64,,False,True,,1492,21.16838264042747
68,2026-09-14T02:08:46.882+00:00,2026-09-14T02:11:52.453+00:00,2026-09-14T02:12:07.669+00:00,True,222,222.0,,222.0,185571.01536000002,200786.93523200002,200786.93531200002,904.4456545585587,39.452436,185571.01536000002,12450.112128220448,97.8448855,68.85031616289594,23.456104648253334,1.1056496267722262,3,64,,False,True,,996,21.16838264042747
69,2026-09-14T02:08:50.871+00:00,2026-09-14T02:11:59.715+00:00,2026-09-14T02:12:17.482+00:00,True,265,265.0,,265.0,188844.006896,206611.183088,206611.183301,779.664842645283,0.0,188844.006896,11596.508190643566,98.595626,67.29990981818182,33.17145199440745,1.2826024034097467,3,64,,False,True,,998,21.16838264042747
70,2026-09-14T02:08:55.194+00:00,2026-09-14T02:12:07.439+00:00,2026-09-14T02:12:24.258+00:00,True,251,251.0,,251.0,192244.763057,209063.901105,209063.901229,832.9239092788845,0.0,192244.763057,12130.178651313116,96.56988150000001,67.276552192,32.46212814721804,1.200589861154165,3,64,,False,True,,1372,21.16838264042747
71,2026-09-14T02:08:58.276+00:00,2026-09-14T02:12:12.623+00:00,2026-09-14T02:12:21.591+00:00,True,134,134.0,,134.0,194346.91208,203315.45121600002,203315.451169,1517.279486335821,0.0,194346.91208,16783.237298872722,96.75496949999999,67.43262508270676,39.65464139062306,0.6590743556309447,3,64,,False,True,,593,21.16838264042747
72,2026-09-14T02:09:02.505+00:00,2026-09-14T02:12:20.376+00:00,2026-09-14T02:12:30.888+00:00,True,160,160.0,,160.0,197871.02525099998,208383.20137899998,208383.20154699998,1302.39500966875,39.667396999999994,197871.02525099998,15637.865347534575,93.22068300000001,66.11431527044024,21.04700612788902,0.7678162104295426,3,64,,False,True,,655,21.16838264042747
73,2026-09-14T02:09:06.666+00:00,2026-09-14T02:12:27.333+00:00,2026-09-14T02:12:36.356+00:00,True,139,139.0,,139.0,200666.949718,209690.32149399997,209690.32132999998,1508.5634628057553,39.536936000000004,200666.949718,17014.81567046093,94.06428489999999,65.386752,21.24870919103659,0.6628822876022787,3,64,,False,True,,640,21.16838264042747
74,2026-09-14T02:09:09.287+00:00,2026-09-14T02:12:33.513+00:00,2026-09-14T02:12:51.224+00:00,True,268,268.0,,268.0,204225.29106,221936.446004,221936.445973,828.1210670634327,0.0,204225.29106,12471.035523479442,95.3791345,66.33391364794008,32.56018788212329,1.2075529045606588,3,64,,False,True,,1099,21.16838264042747
75,2026-09-14T02:09:12.647+00:00,2026-09-14T02:12:38.733+00:00,2026-09-14T02:12:53.375+00:00,True,225,225.0,,225.0,206085.911043,220728.698883,220728.698733,981.0164388133334,0.0,206085.911043,13734.949389357536,93.80909199999998,65.36958857142858,82.49303162931069,1.0193509096851245,3,64,,False,True,,1123,21.16838264042747
76,2026-09-14T02:09:16.271+00:00,2026-09-14T02:12:45.668+00:00,2026-09-14T02:12:52.419+00:00,True,100,100.0,,100.0,209396.662102,216148.212566,216148.212543,2161.48212543,0.0,209396.662102,20933.215062714124,97.16832234999998,68.19747943434342,124.85718380585463,0.4626455098233366,3,64,,False,True,,505,21.16838264042747
77,2026-09-14T02:09:20.677+00:00,2026-09-14T02:12:52.367+00:00,2026-09-14T02:13:03.415+00:00,True,168,168.0,,168.0,211689.414639,222738.268399,222738.26833299999,1325.8230257916666,0.03005,211689.414639,16327.103969026488,94.4219037,66.16080095808383,22.543688197207477,0.7542484783039386,3,64,,False,True,,819,21.16838264042747
78,2026-09-14T02:09:24.301+00:00,2026-09-14T02:12:59.078+00:00,2026-09-14T02:13:14.099+00:00,True,225,225.0,,225.0,214777.082337,229798.477793,229798.477783,1021.3265679244445,32.984731,214777.082337,14314.018322950526,95.7554048,67.05980114285714,21.993158656181688,0.9791187572733949,3,64,,False,True,,821,21.16838264042747
79,2026-09-14T02:09:28.823+00:00,2026-09-14T02:13:06.872+00:00,2026-09-14T02:13:24.022+00:00,True,260,260.0,,260.0,218048.454273,235198.810241,235198.81033100002,904.6108089653846,33.921398,218048.454273,13518.701677897086,94.3834886,66.21759061003861,21.632905645070913,1.1054477687773467,3,64,,False,True,,1296,21.16838264042747
80,2026-09-14T02:09:31.866+00:00,2026-09-14T02:13:12.169+00:00,2026-09-14T02:13:26.161+00:00,True,215,215.0,,215.0,220303.29314199998,234295.13621399997,234295.13632199998,1089.7448201023255,37.35439,220303.29314199998,15020.116835303732,94.19676070000001,65.38244426168224,21.96954043915036,0.9176460231919786,3,64,,False,True,,428,21.16838264042747
81,2026-09-14T02:09:35.536+00:00,2026-09-14T02:13:18.813+00:00,2026-09-14T02:13:30.038+00:00,True,176,176.0,,176.0,223277.427375,234502.135983,234502.136084,1332.3985004772728,40.585604,223277.427375,16825.34698287628,93.012797,64.14119204571429,20.544944445273828,0.7505262127452815,3,64,,False,True,,615,21.16838264042747
82,2026-09-14T02:09:38.756+00:00,2026-09-14T02:13:25.070+00:00,2026-09-14T02:13:40.222+00:00,True,231,231.0,,231.0,226314.110491,241466.381083,241466.381104,1045.3090091082252,0.0,226314.110491,14886.085936764237,94.3371345,65.87943735652173,36.77454434129659,0.9566549138805276,3,64,,False,True,,941,21.16838264042747
83,2026-09-14T02:09:43.067+00:00,2026-09-14T02:13:32.071+00:00,2026-09-14T02:13:48.311+00:00,True,242,242.0,,242.0,229003.93368000002,245243.33387200002,245243.33372400003,1013.4022054710745,35.591265,229003.93368000002,14716.615437361519,96.54399599999999,67.38340328630706,22.15304353216691,0.9867750375890224,3,64,,False,True,,864,21.16838264042747
84,2026-09-14T02:09:45.978+00:00,2026-09-14T02:13:37.123+00:00,2026-09-14T02:13:56.408+00:00,True,288,288.0,,288.0,231145.365042,250429.813042,250429.81318899998,869.5479624618055,34.404527,231145.365042,13616.430431091254,96.38265785,67.19319860627178,22.529323314575116,1.150022820772138,3,64,,False,True,,1357,21.16838264042747
85,2026-09-14T02:09:48.579+00:00,2026-09-14T02:13:42.511+00:00,2026-09-14T02:13:52.542+00:00,True,150,150.0,,150.0,233932.415797,243963.171381,243963.171314,1626.4211420933334,42.071441,233932.415797,19095.018283647394,94.77388649999999,67.32050727516778,22.539507735361834,0.6148469014847464,3,64,,False,True,,443,21.16838264042747
86,2026-09-14T02:09:53.228+00:00,2026-09-14T02:13:50.847+00:00,2026-09-14T02:14:10.182+00:00,True,291,291.0,,291.0,237618.118246,256953.872486,256953.872686,883.0029989209622,39.417466,237618.118246,13925.530594648484,95.8037265,66.67501462068965,22.659579731945865,1.1324989858475667,3,64,,False,True,,438,21.16838264042747
87,2026-09-14T02:09:55.968+00:00,2026-09-14T02:13:55.582+00:00,2026-09-14T02:14:03.554+00:00,True,123,123.0,,123.0,239613.75872299998,247586.135043,247586.13506799997,2012.8954070569105,35.468124,239613.75872299998,21599.364772076482,93.65753210000001,65.3473468852459,22.78086260526021,0.4967968015601429,3,64,,False,True,,478,21.16838264042747
88,2026-09-14T02:10:00.715+00:00,2026-09-14T02:14:04.731+00:00,2026-09-14T02:14:11.999+00:00,True,107,107.0,,107.0,244015.398593,251284.074177,251284.074217,2348.4492917476637,41.96646,244015.398593,23583.240790470067,96.50509899999999,68.57241116981132,22.849467733968368,0.4258128986106422,3,64,,False,True,,498,21.16838264042747
89,2026-09-14T02:10:04.898+00:00,2026-09-14T02:14:12.599+00:00,2026-09-14T02:14:26.617+00:00,True,213,213.0,,213.0,247701.001516,261718.53725999998,261718.537354,1228.725527483568,0.0,247701.001516,16967.710732462165,94.684759,66.12045162264151,40.56707834288609,0.8138514078137256,3,64,,False,True,,1149,21.16838264042747
90,2026-09-14T02:10:07.869+00:00,2026-09-14T02:14:17.902+00:00,2026-09-14T02:14:29.990+00:00,True,184,184.0,,184.0,250032.235711,262120.221375,262120.221332,1424.5664202826085,41.344792,250032.235711,18427.76386737289,93.5751575,66.05456646994536,21.528780233092323,0.7019679711652693,3,64,,False,True,,861,21.16838264042747
91,2026-09-14T02:10:12.155+00:00,2026-09-14T02:14:26.075+00:00,2026-09-14T02:14:38.109+00:00,True,182,182.0,,182.0,253919.73177200003,265953.330748,265953.33069100004,1461.2820367637364,0.01531,253919.73177200003,18817.155619123143,93.0837831,66.48397224309392,106.7227055428481,0.6843305909654176,3,64,,False,True,,1025,21.16838264042747
92,2026-09-14T02:10:16.525+00:00,2026-09-14T02:14:33.229+00:00,2026-09-14T02:14:40.005+00:00,True,103,103.0,,103.0,256704.75491699998,263479.971557,263479.9715,2558.0579757281553,40.659613,256704.75491699998,25287.334861935622,92.32144199999999,66.4236925490196,21.075384238687004,0.3909215542697046,3,64,,False,True,,487,21.16838264042747
93,2026-09-14T02:10:20.002+00:00,2026-09-14T02:14:39.730+00:00,2026-09-14T02:14:49.341+00:00,True,149,149.0,,149.0,259727.74742899998,269339.097701,269339.09780299995,1807.6449516979865,33.02589,259727.74742899998,21272.417052180517,92.3417016,64.9415558918919,21.842307248531043,0.5532059818712565,3,64,,False,True,,717,21.16838264042747
94,2026-09-14T02:10:23.183+00:00,2026-09-14T02:14:44.470+00:00,2026-09-14T02:15:01.168+00:00,True,249,249.0,,249.0,261287.913741,277985.218829,277985.218678,1116.4065007148595,0.0,261287.913741,16554.23064329343,96.77794239999999,67.32784309677419,40.21138034767322,0.8957310789721161,3,64,,False,True,,548,21.16838264042747
95,2026-09-14T02:10:27.303+00:00,2026-09-14T02:14:52.005+00:00,2026-09-14T02:15:08.882+00:00,True,246,246.0,,246.0,264701.413872,281578.149616,281578.149509,1144.6266240203252,0.0,264701.413872,16872.401455321087,96.21893825,68.88463568979591,40.17666960846223,0.8736473349778048,3,64,,False,True,,1185,21.16838264042747
96,2026-09-14T02:10:31.225+00:00,2026-09-14T02:14:59.532+00:00,2026-09-14T02:15:06.381+00:00,True,103,103.0,,103.0,268307.579048,275156.654248,275156.654383,2671.423828961165,0.0,268307.579048,26430.527718314956,95.62450290000001,67.14779607843137,26.005733778023874,0.3743322155210014,3,64,,False,True,,546,21.16838264042747
97,2026-09-14T02:10:34.341+00:00,2026-09-14T02:15:04.222+00:00,2026-09-14T02:15:22.026+00:00,True,267,267.0,,267.0,269880.696853,287684.793365,287684.79342899995,1077.4711364382022,40.023598,269880.696853,16512.349505532748,95.9748855,66.93269365413533,22.51864199148188,0.9280991076272975,3,64,,False,True,,1217,21.16838264042747
98,2026-09-14T02:10:37.565+00:00,2026-09-14T02:15:09.109+00:00,2026-09-14T02:15:21.981+00:00,True,194,194.0,,194.0,271543.593508,284416.140068,284416.139993,1466.0625772835053,40.020625,271543.593508,19490.917948389862,95.77874030000001,66.69713243523316,22.29524321008501,0.6820991240286759,3,64,,False,True,,796,21.16838264042747
99,2026-09-14T02:10:42.278+00:00,2026-09-14T02:15:18.314+00:00,2026-09-14T02:15:31.764+00:00,True,197,197.0,,197.0,276035.536611,289485.821667,289485.82173900004,1469.4711763401017,38.801697,276035.536611,19661.841454208934,97.0142562,68.62390334693877,22.693539281675356,0.6805169208826127,3,64,,False,True,,838,21.16838264042747
100,2026-09-14T02:10:46.246+00:00,2026-09-14T02:15:25.848+00:00,2026-09-14T02:15:38.092+00:00,True,178,178.0,,178.0,279602.101001,291845.790217,291845.790344,1639.5830918202246,35.195966,279602.101001,20951.89058506472,96.79183334999999,69.17338540112995,22.345466904666143,0.6099111447441106,3,64,,False,True,,862,21.16838264042747
101,2026-09-14T02:10:50.709+00:00,2026-09-14T02:15:33.106+00:00,2026-09-14T02:15:41.348+00:00,True,123,123.0,,123.0,282396.81237400003,290638.81173400005,290638.81184700003,2362.917169487805,30.248966,282396.81237400003,25456.781418653754,96.85688350000001,67.55737180327868,22.426351315002325,0.42320569392009727,3,64,,False,True,,570,21.16838264042747
102,2026-09-14T02:10:53.374+00:00,2026-09-14T02:15:38.497+00:00,2026-09-14T02:15:53.417+00:00,False,232,231.0,,231.0,285122.42119300005,300042.48160900007,300042.48155200004,1293.2865584137933,0.0,285122.42119300005,18715.01042428732,94.263724,64.58900612987013,41.97703090975703,0.7698909793081479,3,64,,False,False,Request timeout: 300.0s exceeded,1027,21.16838264042747
103,2026-09-14T02:10:57.438+00:00,2026-09-14T02:15:45.761+00:00,2026-09-14T02:15:55.191+00:00,True,144,144.0,,144.0,288323.419287,297753.149847,297753.149878,2067.7302074861113,0.0,288323.419287,24021.50950632428,95.06613499999999,65.94217174825175,50.676268077276106,0.48362208787377786,3,64,,False,True,,659,21.16838264042747
104,2026-09-14T02:11:01.491+00:00,2026-09-14T02:15:53.048+00:00,2026-09-14T02:16:01.517+00:00,False,120,119.0,,119.0,291556.607166,300025.648062,300025.64811,2500.21373425,0.01862,291556.607166,26608.86706400809,93.54022834999999,71.1684108907563,21.64836373852973,0.3966327571281798,3,64,,False,False,Request timeout: 300.0s exceeded,579,21.16838264042747
105,2026-09-14T02:11:04.815+00:00,2026-09-14T02:15:57.565+00:00,2026-09-14T02:16:04.905+00:00,False,104,103.0,,103.0,292750.31285900006,300090.79081100004,300090.79075100005,2885.4883726057697,0.038020000000000005,292750.31285900006,28699.548838763723,90.7906297,71.26677623300971,20.374361527267496,0.3432294597299734,3,64,,False,False,Request timeout: 300.0s exceeded,389,21.16838264042747
106,2026-09-14T02:11:09.309+00:00,2026-09-14T02:16:02.740+00:00,2026-09-14T02:16:09.382+00:00,False,100,99.0,,99.0,293430.656078,300072.63547000004,300072.635359,3000.72635359,0.02239,293430.656078,29336.363595617888,89.56621189999998,67.09070092929294,20.453001386944187,0.3299201203233262,3,64,,False,False,Request timeout: 300.0s exceeded,218,21.16838264042747
107,2026-09-14T02:11:12.368+00:00,2026-09-14T02:16:05.719+00:00,2026-09-14T02:16:12.427+00:00,False,100,99.0,,99.0,293350.878197,300059.139317,300059.139288,3000.59139288,0.083349,293350.878197,29328.318606842186,88.49452339999999,67.76021333333333,20.085695923954248,0.3299349595727881,3,64,,False,False,Request timeout: 300.0s exceeded,345,21.16838264042747
108,2026-09-14T02:11:16.934+00:00,2026-09-14T02:16:10.771+00:00,2026-09-14T02:16:17.022+00:00,False,94,93.0,,93.0,293836.845249,300088.313793,300088.313835,3192.4288705851063,0.02578,293836.845249,30300.03000901013,88.23445799999999,67.22009187096775,20.289088440444473,0.3099087692703392,3,64,,False,False,Request timeout: 300.0s exceeded,447,21.16838264042747
109,2026-09-14T02:11:19.632+00:00,2026-09-14T02:16:13.719+00:00,2026-09-14T02:16:19.664+00:00,False,90,89.0,,89.0,294087.253983,300031.428063,300031.42798,3333.6825331111113,0.03521,294087.253983,30992.484653080795,88.97309460000001,66.78847280898877,19.919054923311197,0.29663559105985376,3,64,,False,False,Request timeout: 300.0s exceeded,348,21.16838264042747
110,2026-09-14T02:11:23.119+00:00,2026-09-14T02:16:16.939+00:00,2026-09-14T02:16:23.211+00:00,False,92,91.0,,91.0,293820.783945,300092.15700099996,300092.15677099995,3261.87126925,0.02404,293820.783945,30625.755599644817,88.8795731,68.91618742857143,19.76462161519375,0.303240180981127,3,64,,False,False,Request timeout: 300.0s exceeded,365,21.16838264042747
111,2026-09-14T02:11:26.643+00:00,2026-09-14T02:16:20.445+00:00,2026-09-14T02:16:26.704+00:00,False,94,93.0,,93.0,293802.043393,300060.549889,300060.54985600006,3192.1335091063834,0.080469,293802.043393,30296.43253962326,89.28105880000001,67.29576877419356,20.095820431115825,0.3099374444071473,3,64,,False,False,Request timeout: 300.0s exceeded,463,21.16838264042747
112,2026-09-14T02:11:30.901+00:00,2026-09-14T02:16:24.106+00:00,2026-09-14T02:16:30.959+00:00,False,108,107.0,,107.0,293204.888918,300058.34479,300058.34492199996,2778.318008537037,0.033549999999999996,293204.888918,28207.49779468994,90.48514225000001,64.05098945794393,20.684945073784196,0.3565973146818678,3,64,,False,False,Request timeout: 300.0s exceeded,240,21.16838264042747
113,2026-09-14T02:11:33.985+00:00,2026-09-14T02:16:27.314+00:00,2026-09-14T02:16:34.017+00:00,False,115,114.0,,114.0,293328.81336900004,300032.649785,300032.649939,2608.979564686957,0.0159,293328.81336900004,27347.978319128273,91.58837199999998,58.80558259649123,150.2430223827943,0.37995864810610147,3,64,,False,False,Request timeout: 300.0s exceeded,563,21.16838264042747
114,2026-09-14T02:11:38.197+00:00,2026-09-14T02:16:32.925+00:00,2026-09-14T02:16:38.239+00:00,False,82,81.0,,81.0,294727.81337,300041.855226,300041.855253,3659.047015280488,0.04109,294727.81337,32540.003604395875,87.58038405,65.60545501234567,20.38730733056606,0.2699623355514467,3,64,,False,False,Request timeout: 300.0s exceeded,377,21.16838264042747
115,2026-09-14T02:11:42.919+00:00,2026-09-14T02:16:36.483+00:00,2026-09-14T02:16:42.945+00:00,False,98,97.0,,97.0,293563.920122,300026.09765799996,300026.097555,3061.490791377551,0.0,293563.920122,29647.77399455616,88.16634185000001,66.62038696907216,64.56580748141866,0.3233052083041469,3,64,,False,False,Request timeout: 300.0s exceeded,461,21.16838264042747
116,2026-09-14T02:11:46.744+00:00,2026-09-14T02:16:39.954+00:00,2026-09-14T02:16:46.752+00:00,False,108,107.0,,107.0,293210.196696,300008.25852,300008.2587,2777.854247222222,0.0,293210.196696,28208.117856551085,88.192662,63.533288074766354,61.77850446557294,0.35665684847427914,3,64,,False,False,Request timeout: 300.0s exceeded,161,21.16838264042747
117,2026-09-14T02:11:49.699+00:00,2026-09-14T02:16:43.159+00:00,2026-09-14T02:16:49.725+00:00,False,101,100.0,,100.0,293460.251271,300026.333063,300026.33302300004,2970.5577527029704,0.04224,293460.251271,29193.860243080693,87.958663,65.66081792,20.82357924267903,0.3333040769424791,3,64,,False,False,Request timeout: 300.0s exceeded,474,21.16838264042747
118,2026-09-14T02:11:52.550+00:00,2026-09-14T02:16:45.978+00:00,2026-09-14T02:16:52.594+00:00,False,98,97.0,,97.0,293427.760463,300043.851087,300043.85096,3061.6719485714284,0.02186,293427.760463,29633.797327336666,90.207798,68.20711983505156,21.050208216150704,0.32328607851348407,3,64,,False,False,Request timeout: 300.0s exceeded,375,21.16838264042747
119,2026-09-14T02:11:56.206+00:00,2026-09-14T02:16:49.509+00:00,2026-09-14T02:16:56.265+00:00,False,98,97.0,,97.0,293302.907074,300058.63776199997,300058.637816,3061.822834857143,0.02501,293302.907074,29621.039008299034,90.86633314999999,69.64670812371135,19.873016713787603,0.3232701472068213,3,64,,False,False,Request timeout: 300.0s exceeded,447,21.16838264042747
120,2026-09-14T02:12:00.523+00:00,2026-09-14T02:16:54.384+00:00,2026-09-14T02:17:00.553+00:00,False,90,89.0,,89.0,293861.086157,300030.230733,300030.230519,3333.669227988889,0.04449,293861.086157,30968.3783708659,90.18187089999999,69.31623119101124,20.452743137758713,0.2966367748428725,3,64,,False,False,Request timeout: 300.0s exceeded,332,21.16838264042747
121,2026-09-14T02:12:03.281+00:00,2026-09-14T02:16:57.046+00:00,2026-09-14T02:17:03.308+00:00,False,93,92.0,,92.0,293764.92441399995,300026.83417399996,300026.83424099995,3226.094991838709,0.03526,293764.92441399995,30454.952497232807,89.91860539999999,68.06423652173912,20.47438094084638,0.3066392386310512,3,64,,False,False,Request timeout: 300.0s exceeded,310,21.16838264042747
122,2026-09-14T02:12:07.113+00:00,2026-09-14T02:17:00.901+00:00,2026-09-14T02:17:07.154+00:00,False,91,90.0,,90.0,293788.18486000004,300041.26850800007,300041.26851500006,3297.1567968681325,0.023440000000000003,293788.18486000004,30790.09284219823,89.72657449999998,69.4787072,19.728251860907676,0.29995873716818494,3,64,,False,False,Request timeout: 300.0s exceeded,356,21.16838264042747
123,2026-09-14T02:12:10.395+00:00,2026-09-14T02:17:04.442+00:00,2026-09-14T02:17:10.440+00:00,False,85,84.0,,84.0,294047.453583,300044.973711,300044.973738,3529.940867505882,0.02491,294047.453583,31886.185906592753,89.302353,71.39904914285715,19.443838563427118,0.279958030828098,3,64,,False,False,Request timeout: 300.0s exceeded,395,21.16838264042747
124,2026-09-14T02:12:13.362+00:00,2026-09-14T02:17:07.451+00:00,2026-09-14T02:17:13.394+00:00,False,85,84.0,,84.0,294089.196458,300031.467434,300031.46749999997,3529.7819705882353,0.026199999999999998,294089.196458,31890.78496090734,89.92496419999999,70.74132114285715,19.5499793177368,0.2799706334752306,3,64,,False,False,Request timeout: 300.0s exceeded,371,21.16838264042747
125,2026-09-14T02:12:16.887+00:00,2026-09-14T02:17:10.894+00:00,2026-09-14T02:17:16.912+00:00,False,89,88.0,,88.0,294006.13683,300024.25010999996,300024.249893,3371.0589875617975,0.02475,294006.13683,31157.3455493006,88.4956828,68.38765090909091,20.164128895113837,0.29330962403117733,3,64,,False,False,Request timeout: 300.0s exceeded,400,21.16838264042747
126,2026-09-14T02:12:19.923+00:00,2026-09-14T02:17:13.859+00:00,2026-09-14T02:17:19.996+00:00,False,92,91.0,,91.0,293935.766353,300072.247633,300072.247504,3261.654864173913,0.03624,293935.766353,30637.8984490906,89.29870599999998,67.43386021978021,20.62975016681349,0.3032603005370111,3,64,,False,False,Request timeout: 300.0s exceeded,417,21.16838264042747
127,2026-09-14T02:12:23.634+00:00,2026-09-14T02:17:17.218+00:00,2026-09-14T02:17:23.693+00:00,False,95,94.0,,94.0,293584.90370200004,300059.91195800004,300059.91189800005,3158.5253884000003,0.03957,293584.90370200004,30114.114594836723,88.32406780000001,68.88306655319148,19.550255373181542,0.3132707711157276,3,64,,False,False,Request timeout: 300.0s exceeded,138,21.16838264042747
128,2026-09-14T02:12:27.546+00:00,2026-09-14T02:17:21.179+00:00,2026-09-14T02:17:27.633+00:00,False,94,93.0,,93.0,293633.532203,300087.16881099995,300087.168936,3192.4166908085103,0.03552,293633.532203,30278.83550715615,88.4879573,69.39394202150537,20.059360774247953,0.30990995172663643,3,64,,False,False,Request timeout: 300.0s exceeded,489,21.16838264042747
129,2026-09-14T02:12:30.990+00:00,2026-09-14T02:17:24.857+00:00,2026-09-14T02:17:31.011+00:00,False,92,91.0,,91.0,293867.545388,300020.93879600003,300020.938939,3261.0971623804353,0.036590000000000004,293867.545388,30630.76638455717,88.97519955,67.61970778021978,20.38420063072223,0.3033121633616235,3,64,,False,False,Request timeout: 300.0s exceeded,444,21.16838264042747
130,2026-09-14T02:12:34.781+00:00,2026-09-14T02:17:28.693+00:00,2026-09-14T02:17:34.865+00:00,False,90,89.0,,89.0,293911.328071,300083.594823,300083.594731,3334.2621636777776,0.03252,293911.328071,30973.67041924499,89.4606059,69.35131182022472,20.120389507737325,0.2965840237034463,3,64,,False,False,Request timeout: 300.0s exceeded,130,21.16838264042747
131,2026-09-14T02:12:39.422+00:00,2026-09-14T02:17:33.080+00:00,2026-09-14T02:17:39.446+00:00,False,100,99.0,,99.0,293658.122135,300024.17653500004,300024.17663500004,3000.24176635,0.0,293658.122135,29359.45162432163,89.1781669,64.3035797979798,64.33156980902889,0.3299734079545117,3,64,,False,False,Request timeout: 300.0s exceeded,417,21.16838264042747
132,2026-09-14T02:12:42.315+00:00,2026-09-14T02:17:36.169+00:00,2026-09-14T02:17:42.340+00:00,False,95,94.0,,94.0,293853.976672,300024.272736,300024.272696,3158.1502389052634,0.0,293853.976672,30142.11828227949,90.6095661,65.64144748936171,65.81030686336406,0.31330798386007025,3,64,,False,False,Request timeout: 300.0s exceeded,458,21.16838264042747
133,2026-09-14T02:12:45.975+00:00,2026-09-14T02:17:39.857+00:00,2026-09-14T02:17:46.012+00:00,False,88,87.0,,87.0,293881.970477,300037.361709,300037.361804,3409.5154750454544,0.039259999999999996,293881.970477,31320.387273803834,90.66077085,70.75162335632184,19.672937275208156,0.28996388817863117,3,64,,False,False,Request timeout: 300.0s exceeded,411,21.16838264042747
134,2026-09-14T02:12:48.634+00:00,2026-09-14T02:17:42.129+00:00,2026-09-14T02:17:48.665+00:00,False,96,95.0,,95.0,293494.07402,300030.31619599997,300030.316102,3125.315792729167,0.03748,293494.07402,29947.59840107621,90.00221924999998,68.80254922105263,20.63859080780786,0.3166346694709998,3,64,,False,False,Request timeout: 300.0s exceeded,469,21.16838264042747
135,2026-09-14T02:12:52.472+00:00,2026-09-14T02:17:46.495+00:00,2026-09-14T02:17:52.505+00:00,False,89,88.0,,88.0,294023.184667,300033.463323,300033.463348,3371.16250952809,0.02122,294023.184667,31159.16248364429,89.74230240000001,68.2986210909091,20.826540660557193,0.29330061728902523,3,64,,False,False,Request timeout: 300.0s exceeded,287,21.16838264042747
136,2026-09-14T02:12:56.259+00:00,2026-09-14T02:17:49.969+00:00,2026-09-14T02:17:56.307+00:00,False,98,97.0,,97.0,293710.228523,300048.092459,300048.09246300004,3061.715229214286,0.0341,293710.228523,29662.620486148375,89.8352765,65.33880346391753,20.820385081767817,0.3232815086576647,3,64,,False,False,Request timeout: 300.0s exceeded,420,21.16838264042747
137,2026-09-14T02:12:59.596+00:00,2026-09-14T02:17:53.784+00:00,2026-09-14T02:17:59.653+00:00,False,88,87.0,,87.0,294188.92937699996,300057.85097699997,300057.850949,3409.748306238636,0.024210000000000002,294188.92937699996,31353.46079223043,88.65067020000001,67.45886896551724,20.597991272935726,0.2899440881707465,3,64,,False,False,Request timeout: 300.0s exceeded,417,21.16838264042747
138,2026-09-14T02:13:02.280+00:00,2026-09-14T02:17:55.702+00:00,2026-09-14T02:18:02.302+00:00,False,101,100.0,,100.0,293422.026861,300022.024813,300022.024787,2970.51509690099,0.02175,293422.026861,29190.022519293667,87.509226,65.99997952,20.094407177878843,0.3333088631153955,3,64,,False,False,Request timeout: 300.0s exceeded,457,21.16838264042747
139,2026-09-14T02:13:05.778+00:00,2026-09-14T02:17:59.442+00:00,2026-09-14T02:18:05.808+00:00,False,93,92.0,,92.0,293663.88940600003,300029.80147,300029.80129800003,3226.1268956774197,0.0286,293663.88940600003,30444.35795337308,87.93933379999999,69.1946963478261,19.738063801662275,0.3066362059676898,3,64,,False,False,Request timeout: 300.0s exceeded,450,21.16838264042747
140,2026-09-14T02:13:10.367+00:00,2026-09-14T02:18:03.991+00:00,2026-09-14T02:18:10.391+00:00,False,94,93.0,,93.0,293624.12904900004,300023.513625,300023.51382000005,3191.7395087234045,0.03796,293624.12904900004,30277.926147429207,90.9539823,68.81058683870968,20.56108004079091,0.30997570449175155,3,64,,False,False,Request timeout: 300.0s exceeded,452,21.16838264042747
141,2026-09-14T02:13:14.830+00:00,2026-09-14T02:18:08.787+00:00,2026-09-14T02:18:14.846+00:00,False,91,90.0,,90.0,293957.174495,300015.450335,300015.450287,3296.873080076923,0.039119999999999995,293957.174495,30808.03502823516,90.272739,67.314176,20.285556766984943,0.2999845504606685,3,64,,False,False,Request timeout: 300.0s exceeded,450,21.16838264042747
142,2026-09-14T02:13:17.590+00:00,2026-09-14T02:18:11.327+00:00,2026-09-14T02:18:17.650+00:00,False,96,95.0,,95.0,293737.732869,300060.266245,300060.266271,3125.62777365625,0.02539,293737.732869,29972.696446633872,88.95423699999999,66.55298290526315,20.82717341840453,0.3166030650737084,3,64,,False,False,Request timeout: 300.0s exceeded,455,21.16838264042747
143,2026-09-14T02:13:20.176+00:00,2026-09-14T02:18:13.661+00:00,2026-09-14T02:18:20.185+00:00,False,97,96.0,,96.0,293485.29821,300009.218338,300009.218307,3092.8785392474224,0.039450000000000006,293485.29821,29792.023928063983,88.50634679999999,67.95750133333333,20.176124813349226,0.3199901674082672,3,64,,False,False,Request timeout: 300.0s exceeded,469,21.16838264042747
144,2026-09-14T02:13:22.766+00:00,2026-09-14T02:18:16.313+00:00,2026-09-14T02:18:22.826+00:00,False,99,98.0,,98.0,293547.232117,300060.442997,300060.44307599997,3030.913566424242,0.035158999999999996,293547.232117,29495.934169760974,88.597482,66.46133551020408,20.28077306869984,0.3266008642164799,3,64,,False,False,Request timeout: 300.0s exceeded,463,21.16838264042747
145,2026-09-14T02:13:27.145+00:00,2026-09-14T02:18:20.574+00:00,2026-09-14T02:18:27.228+00:00,False,99,98.0,,98.0,293429.316643,300083.150371,300083.150546,3031.142934808081,0.02366,293429.316643,29483.93870902322,88.216056,67.89626253061225,19.840019670105026,0.32657615023982606,3,64,,False,False,Request timeout: 300.0s exceeded,483,21.16838264042747
146,2026-09-14T02:13:31.594+00:00,2026-09-14T02:18:25.284+00:00,2026-09-14T02:18:31.613+00:00,False,90,89.0,,89.0,293689.640421,300018.587621,300018.587651,3333.539862788889,0.03744,293689.640421,30950.1172062307,90.9950019,71.11176629213483,20.552132904805077,0.29664828671358756,3,64,,False,False,Request timeout: 300.0s exceeded,390,21.16838264042747
147,2026-09-14T02:13:35.228+00:00,2026-09-14T02:18:29.037+00:00,2026-09-14T02:18:35.300+00:00,False,97,96.0,,96.0,293808.58818900003,300072.00809300004,300072.008099,3093.525856690722,0.0,293808.58818900003,29825.183611209563,92.5527664,65.24395733333334,62.97923726546291,0.31992320979918637,3,64,,False,False,Request timeout: 300.0s exceeded,466,21.16838264042747
148,2026-09-14T02:13:38.174+00:00,2026-09-14T02:18:32.806+00:00,2026-09-14T02:18:38.238+00:00,False,82,81.0,,81.0,294632.474728,300064.099432,300064.099496,3659.318286536585,0.035629,294632.474728,32529.315293348245,91.35711005000002,67.05709511111111,21.000865357334128,0.2699423228347784,3,64,,False,False,Request timeout: 300.0s exceeded,356,21.16838264042747
149,2026-09-14T02:13:40.828+00:00,2026-09-14T02:18:34.609+00:00,2026-09-14T02:18:40.854+00:00,False,91,90.0,,90.0,293780.774908,300025.194748,300025.194818,3296.980162835165,0.04461,293780.774908,30789.326420634043,88.2759345,69.38244266666668,20.136127484603467,0.29997480736774007,3,64,,False,False,Request timeout: 300.0s exceeded,462,21.16838264042747
150,2026-09-14T02:13:44.767+00:00,2026-09-14T02:18:38.665+00:00,2026-09-14T02:18:44.847+00:00,False,95,94.0,,94.0,293897.99074599997,300079.81704999995,300079.817045,3158.7349162631576,0.03592,293897.99074599997,30146.557501392355,89.92020999999998,65.76410961702128,20.850819123479397,0.31324999103267753,3,64,,False,False,Request timeout: 300.0s exceeded,447,21.16838264042747
151,2026-09-14T02:13:48.498+00:00,2026-09-14T02:18:42.402+00:00,2026-09-14T02:18:48.523+00:00,False,98,97.0,,97.0,293903.984101,300024.510181,300024.510351,3061.4745954183672,0.02543,293903.984101,29682.418918545092,88.4602,63.09820701030928,20.57982632274935,0.32330691896299224,3,64,,False,False,Request timeout: 300.0s exceeded,388,21.16838264042747
152,2026-09-14T02:13:52.891+00:00,2026-09-14T02:18:46.192+00:00,2026-09-14T02:18:52.901+00:00,False,101,100.0,,100.0,293301.544159,300010.44246299996,300010.442443,2970.4004202277224,0.03878,293301.544159,29177.925898918144,89.47537,67.08898304,20.405316955092268,0.33332173100052315,3,64,,False,False,Request timeout: 300.0s exceeded,477,21.16838264042747
153,2026-09-14T02:13:57.460+00:00,2026-09-14T02:18:51.153+00:00,2026-09-14T02:18:59.314+00:00,False,97,96.0,,96.0,293693.18537900003,301854.60617900005,301854.606344,3111.9031581855675,0.04943,293693.18537900003,29811.970608540054,88.8197068,85.0148,186.5507824538114,0.31803390783134816,3,64,,False,False,Request timeout: 300.0s exceeded,477,21.16838264042747
154,2026-09-14T02:14:01.987+00:00,2026-09-14T02:18:55.680+00:00,2026-09-14T02:19:02.060+00:00,False,104,103.0,,103.0,293692.309326,300073.193806,300073.193575,2885.3191689903847,0.015269999999999999,293692.309326,28793.413298837717,88.82054564999999,61.95033475728156,184.86800245723109,0.34324958752093804,3,64,,False,False,Request timeout: 300.0s exceeded,405,21.16838264042747
155,2026-09-14T02:14:05.402+00:00,2026-09-14T02:19:00.229+00:00,2026-09-14T02:19:05.469+00:00,False,81,80.0,,80.0,294827.159532,300067.09169200005,300067.091754,3704.531996962963,0.0405,294827.159532,32751.303272462068,89.90733999999999,65.499152,22.562814576867925,0.26660704294129983,3,64,,False,False,Request timeout: 300.0s exceeded,399,21.16838264042747
156,2026-09-14T02:14:08.938+00:00,2026-09-14T02:19:02.630+00:00,2026-09-14T02:19:08.942+00:00,False,96,95.0,,95.0,293692.570971,300004.844379,300004.844545,3125.050464010417,0.04077,293692.570971,29968.097488511175,88.22085075,66.44498324210527,19.836784435315963,0.31666155323807127,3,64,,False,False,Request timeout: 300.0s exceeded,434,21.16838264042747
157,2026-09-14T02:14:12.421+00:00,2026-09-14T02:19:06.216+00:00,2026-09-14T02:19:12.465+00:00,False,90,89.0,,89.0,293795.49905,300043.88944999996,300043.889529,3333.8209947666664,0.037950000000000005,293795.49905,30961.370005226425,86.48284205,70.20663370786517,18.823108907433138,0.2966232712258957,3,64,,False,False,Request timeout: 300.0s exceeded,258,21.16838264042747
158,2026-09-14T02:14:15.261+00:00,2026-09-14T02:19:09.232+00:00,2026-09-14T02:19:15.277+00:00,False,87,86.0,,86.0,293971.2886,300016.54018400004,300016.54010800004,3448.465978252874,0.03623,293971.2886,31509.499860856064,89.2163046,70.29362306976745,19.212468497022446,0.28665086247330307,3,64,,False,False,Request timeout: 300.0s exceeded,187,21.16838264042747
159,2026-09-14T02:14:18.635+00:00,2026-09-14T02:19:12.680+00:00,2026-09-14T02:19:18.711+00:00,False,85,84.0,,84.0,294044.943711,300075.855967,300075.855801,3530.304185894118,0.05796,294044.943711,31885.87067621022,89.595861,71.79657447619047,19.643372524424255,0.27992921899467205,3,64,,False,False,Request timeout: 300.0s exceeded,307,21.16838264042747
160,2026-09-14T02:14:21.834+00:00,2026-09-14T02:19:15.698+00:00,2026-09-14T02:19:21.913+00:00,False,90,89.0,,89.0,293863.775679,300079.183039,300079.18313900003,3334.213145988889,0.03914,293863.775679,30968.607321967935,90.17710745000001,69.83603775280899,20.822195050956424,0.2965883841013825,3,64,,False,False,Request timeout: 300.0s exceeded,429,21.16838264042747
161,2026-09-14T02:14:24.869+00:00,2026-09-14T02:19:18.379+00:00,2026-09-14T02:19:24.915+00:00,False,98,97.0,,97.0,293509.903571,300045.91611499997,300045.916224,3061.693022693877,0.02777,293509.903571,29642.17789125661,89.5724894,67.3815726185567,20.27681449334656,0.3232838535380111,3,64,,False,False,Request timeout: 300.0s exceeded,464,21.16838264042747
162,2026-09-14T02:14:28.606+00:00,2026-09-14T02:19:22.495+00:00,2026-09-14T02:19:28.645+00:00,False,101,100.0,,100.0,293889.34811,300039.480846,300039.480738,2970.68792809901,0.0,293889.34811,29237.03814365302,91.68001600000001,61.50132736,66.39572852300128,0.33328947149900773,3,64,,False,False,Request timeout: 300.0s exceeded,509,21.16838264042747
163,2026-09-14T02:14:32.822+00:00,2026-09-14T02:19:26.800+00:00,2026-09-14T02:19:32.853+00:00,False,102,101.0,,101.0,293977.24657899997,300031.04344299994,300031.04345,2941.4808181372546,0.02208,293977.24657899997,29102.1568859287,89.56817099999998,59.93858281188118,20.06829402580785,0.3366318326296393,3,64,,False,False,Request timeout: 300.0s exceeded,579,21.16838264042747
164,2026-09-14T02:14:36.331+00:00,2026-09-14T02:19:29.834+00:00,2026-09-14T02:19:36.339+00:00,False,107,106.0,,106.0,293503.120421,300008.251429,300008.251448,2803.815434093458,0.03934,293503.120421,28368.091598932016,85.6923847,61.36916045283019,19.68243205313613,0.3533236152509158,3,64,,False,False,Request timeout: 300.0s exceeded,550,21.16838264042747
165,2026-09-14T02:14:40.120+00:00,2026-09-14T02:19:33.673+00:00,2026-09-14T02:19:40.186+00:00,False,98,97.0,,97.0,293552.506507,300065.395083,300065.395013,3061.891785846939,0.03093,293552.506507,29646.505206221726,87.524216,67.14318119587628,19.81082528727187,0.32326286732653453,3,64,,False,False,Request timeout: 300.0s exceeded,332,21.16838264042747
166,2026-09-14T02:14:44.883+00:00,2026-09-14T02:19:38.962+00:00,2026-09-14T02:19:44.915+00:00,False,88,87.0,,87.0,294078.581939,300031.506099,300031.506166,3409.448933704545,0.03667,294078.581939,31341.59420593864,88.7860565,68.42441563218391,19.677440938965148,0.28996954730245234,3,64,,False,False,Request timeout: 300.0s exceeded,383,21.16838264042747
167,2026-09-14T02:14:48.667+00:00,2026-09-14T02:19:42.467+00:00,2026-09-14T02:19:48.744+00:00,False,95,94.0,,94.0,293800.26974699995,300076.97195499996,300076.9720199999,3158.7049686315786,0.03499,293800.26974699995,30136.427267252257,87.6681304,66.77342774468084,19.771551547590263,0.31325296102393485,3,64,,False,False,Request timeout: 300.0s exceeded,455,21.16838264042747
168,2026-09-14T02:14:51.438+00:00,2026-09-14T02:19:44.827+00:00,2026-09-14T02:19:51.507+00:00,False,104,103.0,,103.0,293389.4388,300069.046096,300069.046062,2885.2792890576925,0.021919,293389.4388,28762.849368755382,88.82926185000001,64.85055627184467,20.272842755768746,0.3432543320947792,3,64,,False,False,Request timeout: 300.0s exceeded,415,21.16838264042747
169,2026-09-14T02:14:55.326+00:00,2026-09-14T02:19:48.965+00:00,2026-09-14T02:19:55.363+00:00,False,93,92.0,,92.0,293638.992875,300036.900587,300036.900602,3226.20323227957,0.023059999999999997,293638.992875,30441.74046465725,89.4898066,69.54247513043478,20.08422216474596,0.30662895070575924,3,64,,False,False,Request timeout: 300.0s exceeded,487,21.16838264042747
170,2026-09-14T02:14:58.541+00:00,2026-09-14T02:19:52.277+00:00,2026-09-14T02:19:58.620+00:00,False,93,92.0,,92.0,293736.340401,300079.10494499997,300079.105016,3226.657043182796,0.040420000000000005,293736.340401,30451.896801252926,89.97125619999998,68.94309286956522,19.64654279307976,0.30658582515054567,3,64,,False,False,Request timeout: 300.0s exceeded,380,21.16838264042747
171,2026-09-14T02:15:02.589+00:00,2026-09-14T02:19:56.576+00:00,2026-09-14T02:20:02.629+00:00,False,93,92.0,,92.0,293987.311896,300040.816664,300040.816608,3226.2453398709677,0.038619999999999995,293987.311896,30478.247938593755,89.51156299999998,65.79896486956522,20.536114124631514,0.3066249486416576,3,64,,False,False,Request timeout: 300.0s exceeded,379,21.16838264042747
172,2026-09-14T02:15:05.503+00:00,2026-09-14T02:19:59.045+00:00,2026-09-14T02:20:05.590+00:00,False,99,98.0,,98.0,293542.054683,300087.05180300004,300087.051817,3031.182341585859,0.0248,293542.054683,29495.381580858775,89.26042880000001,66.78568489795919,20.804352058891585,0.326571904423036,3,64,,False,False,Request timeout: 300.0s exceeded,443,21.16838264042747
173,2026-09-14T02:15:10.035+00:00,2026-09-14T02:20:03.613+00:00,2026-09-14T02:20:10.115+00:00,False,97,96.0,,96.0,293577.467655,300079.602951,300079.60282,3093.604152783505,0.02147,293577.467655,29801.405716305715,89.99472960000001,67.730576,20.706873662337905,0.31991511270986267,3,64,,False,False,Request timeout: 300.0s exceeded,474,21.16838264042747
174,2026-09-14T02:15:12.743+00:00,2026-09-14T02:20:06.824+00:00,2026-09-14T02:20:12.793+00:00,False,91,90.0,,90.0,294081.438695,300049.803495,300049.803467,3297.2505875494508,0.023350000000000003,294081.438695,30821.16710081876,89.830755,66.31516444444445,21.657152864959272,0.299950204771588,3,64,,False,False,Request timeout: 300.0s exceeded,301,21.16838264042747
175,2026-09-14T02:15:16.656+00:00,2026-09-14T02:20:10.112+00:00,2026-09-14T02:20:16.687+00:00,False,97,96.0,,96.0,293455.85628500005,300030.51996500004,300030.51990700007,3093.0981433711345,0.0249,293455.85628500005,29788.981382683043,90.23600979999999,68.48608,20.905211624570697,0.3199674486822169,3,64,,False,False,Request timeout: 300.0s exceeded,507,21.16838264042747
176,2026-09-14T02:15:21.339+00:00,2026-09-14T02:20:14.639+00:00,2026-09-14T02:20:21.412+00:00,False,98,97.0,,97.0,293300.510678,300072.968406,300072.968392,3061.96906522449,0.01945,293300.510678,29620.7797042664,89.99808635000001,69.81915183505156,20.153914284660768,0.32325470873057316,3,64,,False,False,Request timeout: 300.0s exceeded,281,21.16838264042747
177,2026-09-14T02:15:24.704+00:00,2026-09-14T02:20:17.996+00:00,2026-09-14T02:20:24.775+00:00,False,103,102.0,,102.0,293291.48002200003,300070.57787800004,300070.57774000004,2913.3065800000004,0.0,293291.48002200003,28892.392140774064,89.08109910000002,66.4617436862745,65.0813074251501,0.33992003055184644,3,64,,False,False,Request timeout: 300.0s exceeded,443,21.16838264042747
178,2026-09-14T02:15:28.638+00:00,2026-09-14T02:20:22.742+00:00,2026-09-14T02:20:28.672+00:00,False,90,89.0,,89.0,294104.001912,300033.785976,300033.78592500003,3333.7087325,0.02131,294104.001912,30994.266824981172,86.3112185,66.62678723595506,19.509529300109232,0.29663325985267275,3,64,,False,False,Request timeout: 300.0s exceeded,400,21.16838264042747
179,2026-09-14T02:15:32.319+00:00,2026-09-14T02:20:25.963+00:00,2026-09-14T02:20:32.350+00:00,False,96,95.0,,95.0,293643.592801,300030.848353,300030.848558,3125.3213391458335,0.0334,293643.592801,29963.018067543755,87.56158825,67.23426896842106,19.756726855299856,0.3166341078642292,3,64,,False,False,Request timeout: 300.0s exceeded,430,21.16838264042747
180,2026-09-14T02:15:36.428+00:00,2026-09-14T02:20:30.259+00:00,2026-09-14T02:20:36.447+00:00,False,87,86.0,,86.0,293831.81412,300019.131368,300019.13146,3448.495763908046,0.03166,293831.81412,31494.369719676746,90.051697,71.94554939534883,19.53349348547518,0.28664838674742177,3,64,,False,False,Request timeout: 300.0s exceeded,212,21.16838264042747
181,2026-09-14T02:15:40.277+00:00,2026-09-14T02:20:34.008+00:00,2026-09-14T02:20:40.282+00:00,False,86,85.0,,85.0,293730.80323,300005.334814,300005.334756,3488.4341250697676,0.01837,293730.80323,31665.852714009012,89.45661124999998,73.81801863529412,18.991480521493205,0.28332829498748435,3,64,,False,False,Request timeout: 300.0s exceeded,451,21.16838264042747
182,2026-09-14T02:15:44.709+00:00,2026-09-14T02:20:37.934+00:00,2026-09-14T02:20:44.773+00:00,False,100,99.0,,99.0,293224.846197,300063.518581,300063.518411,3000.63518411,0.04165,293224.846197,29315.583662880574,89.00021195000001,69.07749882828283,20.058382492513946,0.32993014435133894,3,64,,False,False,Request timeout: 300.0s exceeded,457,21.16838264042747
183,2026-09-14T02:15:48.346+00:00,2026-09-14T02:20:42.239+00:00,2026-09-14T02:20:48.424+00:00,False,92,91.0,,91.0,293893.15445200005,300078.63413200004,300078.63410500006,3261.7242837500007,0.0183,293893.15445200005,30633.399499044903,88.03745149999999,67.97230417582418,20.302136083698322,0.30325384632339564,3,64,,False,False,Request timeout: 300.0s exceeded,446,21.16838264042747
184,2026-09-14T02:15:51.408+00:00,2026-09-14T02:20:44.929+00:00,2026-09-14T02:20:51.440+00:00,False,96,95.0,,95.0,293521.71483899996,300032.21826299996,300032.218266,3125.3356069374995,0.048490000000000005,293521.71483899996,29950.44816588386,92.38014474999999,68.53161498947368,22.103379757972757,0.3166326621520547,3,64,,False,False,Request timeout: 300.0s exceeded,370,21.16838264042747
185,2026-09-14T02:15:54.135+00:00,2026-09-14T02:20:47.726+00:00,2026-09-14T02:20:54.234+00:00,False,98,97.0,,97.0,293591.453693,300099.027197,300099.027335,3062.2349728061226,0.03699,293591.453693,29650.446528676606,91.43578105,67.08838663917525,22.00132876503098,0.32322663923973455,3,64,,False,False,Request timeout: 300.0s exceeded,432,21.16838264042747
186,2026-09-14T02:15:56.943+00:00,2026-09-14T02:20:50.846+00:00,2026-09-14T02:20:57.017+00:00,False,91,90.0,,90.0,293902.824267,300073.789003,300073.789039,3297.5141652637367,0.01843,293902.824267,30802.206082225206,88.57883799999999,68.56627484444444,19.914312934690763,0.2999262291419269,3,64,,False,False,Request timeout: 300.0s exceeded,322,21.16838264042747
187,2026-09-14T02:16:01.411+00:00,2026-09-14T02:20:54.909+00:00,2026-09-14T02:21:01.465+00:00,False,98,97.0,,97.0,293498.05317,300054.39749,300054.397329,3061.779564581633,0.02545,293498.05317,29640.959487535012,89.08459984999999,67.59117855670104,20.039682021833233,0.32327471555631093,3,64,,False,False,Request timeout: 300.0s exceeded,402,21.16838264042747
188,2026-09-14T02:16:05.718+00:00,2026-09-14T02:20:59.356+00:00,2026-09-14T02:21:05.742+00:00,False,96,95.0,,95.0,293638.504862,300023.980958,300023.981032,3125.2498024166666,0.030019999999999998,293638.504862,29962.50117023076,90.69089550000001,67.21553785263158,20.473745787408134,0.31664135545651245,3,64,,False,False,Request timeout: 300.0s exceeded,365,21.16838264042747
189,2026-09-14T02:16:08.476+00:00,2026-09-14T02:21:02.013+00:00,2026-09-14T02:21:08.496+00:00,False,95,94.0,,94.0,293536.293109,300019.646197,300019.64630200004,3158.1015400210526,0.02171,293536.293109,30109.1183923405,90.11643769999999,68.97184136170213,19.930047625947957,0.3133128153156923,3,64,,False,False,Request timeout: 300.0s exceeded,216,21.16838264042747
190,2026-09-14T02:16:11.176+00:00,2026-09-14T02:21:04.686+00:00,2026-09-14T02:21:11.230+00:00,False,98,97.0,,97.0,293510.350045,300054.38998100004,300054.39006,3061.7794904081634,0.02093,293510.350045,29642.214797520886,89.46821700000001,67.4643292371134,20.519454820116813,0.32327472364641024,3,64,,False,False,Request timeout: 300.0s exceeded,495,21.16838264042747
191,2026-09-14T02:16:14.745+00:00,2026-09-14T02:21:08.493+00:00,2026-09-14T02:21:14.835+00:00,False,93,92.0,,92.0,293748.332896,300090.1336,300090.13381800003,3226.775632451613,0.02255,293748.332896,30453.14200849887,89.7644126,68.9326163478261,20.501589425850447,0.3065745577714655,3,64,,False,False,Request timeout: 300.0s exceeded,441,21.16838264042747
192,2026-09-14T02:16:19.189+00:00,2026-09-14T02:21:12.932+00:00,2026-09-14T02:21:19.244+00:00,False,99,98.0,,98.0,293743.711695,300055.139535,300055.139553,3030.8599954848487,0.0,293743.711695,29515.957422654163,91.76509879999999,64.40232489795918,67.44683846520233,0.32660663687304964,3,64,,False,False,Request timeout: 300.0s exceeded,366,21.16838264042747
193,2026-09-14T02:16:23.880+00:00,2026-09-14T02:21:17.735+00:00,2026-09-14T02:21:23.957+00:00,False,97,96.0,,96.0,293854.910068,300076.644212,300076.64415400004,3093.5736510721654,0.042159999999999996,293854.910068,29829.871765563417,88.7161204,64.80973066666667,19.935785305431054,0.31991826705505716,3,64,,False,False,Request timeout: 300.0s exceeded,483,21.16838264042747
194,2026-09-14T02:16:28.459+00:00,2026-09-14T02:21:22.105+00:00,2026-09-14T02:21:28.506+00:00,False,95,94.0,,94.0,293646.666956,300047.08423599997,300047.08423399995,3158.390360357894,0.03575,293646.666956,30120.532819059084,87.7354817,68.0895455319149,19.606128267881,0.3132841641815954,3,64,,False,False,Request timeout: 300.0s exceeded,269,21.16838264042747
195,2026-09-14T02:16:32.742+00:00,2026-09-14T02:21:24.831+00:00,2026-09-14T02:21:31.882+00:00,True,103,103.0,,103.0,292088.507866,299139.302874,299139.30289,2904.265076601942,39.925756,292088.507866,28773.53110309345,88.09415209999999,69.12544125490196,19.24621366699422,0.3443211875217362,3,64,,False,True,,501,21.16838264042747
196,2026-09-14T02:16:35.934+00:00,2026-09-14T02:21:29.720+00:00,2026-09-14T02:21:35.988+00:00,False,96,95.0,,95.0,293785.338682,300053.599546,300053.599571,3125.5583288645835,0.037770000000000005,293785.338682,29977.613718259247,91.03558274999999,65.98169330526315,21.141652845123154,0.31661009947469715,3,64,,False,False,Request timeout: 300.0s exceeded,454,21.16838264042747
197,2026-09-14T02:16:38.894+00:00,2026-09-14T02:21:34.076+00:00,2026-09-14T02:21:38.939+00:00,False,72,71.0,,71.0,295181.759936,300045.046208,300045.046341,4167.292310291667,0.04729,295181.759936,34779.43727605272,88.3561275,68.49698974647887,20.056658070085522,0.23663113554882934,3,64,,False,False,Request timeout: 300.0s exceeded,369,21.16838264042747
198,2026-09-14T02:16:42.181+00:00,2026-09-14T02:21:36.201+00:00,2026-09-14T02:21:42.203+00:00,False,90,89.0,,89.0,294020.239701,300022.053973,300022.05387199996,3333.5783763555555,0.02127,294020.239701,30985.352342679027,87.69327390000001,67.43611541573034,19.731300655223826,0.29664485934093837,3,64,,False,False,Request timeout: 300.0s exceeded,356,21.16838264042747
199,2026-09-14T02:16:46.671+00:00,2026-09-14T02:21:40.116+00:00,2026-09-14T02:21:46.756+00:00,False,113,112.0,,112.0,293445.839122,300085.11950599996,300085.119707,2655.6205283805307,0.015220000000000001,293445.839122,27600.230196316017,88.4879452,59.279289142857145,203.6006023066254,0.37322743688315624,3,64,,False,False,Request timeout: 300.0s exceeded,258,21.16838264042747
200,2026-09-14T02:16:49.861+00:00,2026-09-14T02:21:43.295+00:00,2026-09-14T02:21:49.894+00:00,False,110,109.0,,109.0,293434.401157,300032.903301,300032.903168,2727.571846981818,0.015130000000000001,293434.401157,27972.81534526239,92.00560840000001,60.53671691743119,200.9119253276707,0.3632934881500268,3,64,,False,False,Request timeout: 300.0s exceeded,476,21.16838264042747
201,2026-09-14T02:16:53.520+00:00,2026-09-14T02:21:47.622+00:00,2026-09-14T02:21:53.567+00:00,False,90,89.0,,89.0,294102.413885,300047.799613,300047.79942299996,3333.864438033333,0.02434,294102.413885,30994.08082736816,86.94060485,66.80208683146067,19.304598427672346,0.29661940569066564,3,64,,False,False,Request timeout: 300.0s exceeded,368,21.16838264042747
202,2026-09-14T02:16:57.513+00:00,2026-09-14T02:21:51.119+00:00,2026-09-14T02:21:57.552+00:00,False,96,95.0,,95.0,293606.159768,300039.316888,300039.316948,3125.4095515416666,0.048299999999999996,293606.159768,29959.148387162648,88.98720975,67.71744336842104,19.947888741795538,0.31662517094538656,3,64,,False,False,Request timeout: 300.0s exceeded,460,21.16838264042747
203,2026-09-14T02:17:01.046+00:00,2026-09-14T02:21:54.705+00:00,2026-09-14T02:22:01.074+00:00,False,95,94.0,,94.0,293658.76451,300027.81462200003,300027.814626,3158.1875223789475,0.03508,293658.76451,30121.808431247864,88.10273839999999,67.75585225531916,19.90420002120738,0.3133042851991206,3,64,,False,False,Request timeout: 300.0s exceeded,477,21.16838264042747
204,2026-09-14T02:17:04.813+00:00,2026-09-14T02:21:58.734+00:00,2026-09-14T02:22:04.874+00:00,False,94,93.0,,93.0,293920.077542,300060.89879,300060.89894,3192.137222765957,0.04838,293920.077542,30308.737674883672,88.73542314999999,66.030336,20.586562450904015,0.3099370840220231,3,64,,False,False,Request timeout: 300.0s exceeded,136,21.16838264042747
205,2026-09-14T02:17:09.096+00:00,2026-09-14T02:22:02.706+00:00,2026-09-14T02:22:09.181+00:00,False,99,98.0,,98.0,293610.045454,300084.972046,300084.971906,3031.1613323838383,0.041,293610.045454,29502.286834351595,89.2737781,66.07067951020409,20.89682419406722,0.32657416774931863,3,64,,False,False,Request timeout: 300.0s exceeded,440,21.16838264042747
206,2026-09-14T02:17:12.005+00:00,2026-09-14T02:22:05.688+00:00,2026-09-14T02:22:12.292+00:00,False,92,91.0,,91.0,293683.338283,300286.675755,300286.675634,3263.985604717391,0.05261,293683.338283,30611.1103793442,90.011795,72.56414804395604,66.3487178253566,0.3030437490148438,3,64,,False,False,Request timeout: 300.0s exceeded,443,21.16838264042747
207,2026-09-14T02:17:14.701+00:00,2026-09-14T02:22:08.138+00:00,2026-09-14T02:22:14.757+00:00,False,108,107.0,,107.0,293436.90852600004,300055.415534,300055.41554500005,2778.2908846759265,0.0,293436.90852600004,28230.1006819033,88.5144527,61.85520568224299,64.50785326610115,0.3566007959215639,3,64,,False,False,Request timeout: 300.0s exceeded,351,21.16838264042747
208,2026-09-14T02:17:19.258+00:00,2026-09-14T02:22:12.829+00:00,2026-09-14T02:22:19.273+00:00,False,99,98.0,,98.0,293570.194473,300014.894633,300014.89445900003,3030.4534793838384,0.02637,293570.194473,29498.3119258415,88.1330789,65.76224653061225,19.822521778172327,0.32665044887148253,3,64,,False,False,Request timeout: 300.0s exceeded,490,21.16838264042747
209,2026-09-14T02:17:22.996+00:00,2026-09-14T02:22:16.701+00:00,2026-09-14T02:22:23.075+00:00,False,93,92.0,,92.0,293705.496321,300079.298817,300079.298776,3226.6591266236555,0.029589999999999998,293705.496321,30448.66364177731,89.3337256,69.28046191304348,19.965738505033492,0.3065856270748792,3,64,,False,False,Request timeout: 300.0s exceeded,301,21.16838264042747
210,2026-09-14T02:17:25.956+00:00,2026-09-14T02:22:19.734+00:00,2026-09-14T02:22:26.004+00:00,False,95,94.0,,94.0,293778.434579,300048.508691,300048.50879399996,3158.4053557263155,0.0213,293778.434579,30134.194584146284,88.8011064,66.70291608510638,20.263156728059112,0.31328267689143674,3,64,,False,False,Request timeout: 300.0s exceeded,465,21.16838264042747
211,2026-09-14T02:17:28.879+00:00,2026-09-14T02:22:22.864+00:00,2026-09-14T02:22:28.890+00:00,False,91,90.0,,90.0,293985.455642,300011.35081000003,300011.350863,3296.8280314615386,0.02029,293985.455642,30811.037488927755,89.84541999999999,66.95439075555555,20.401862548648637,0.2999886496194534,3,64,,False,False,Request timeout: 300.0s exceeded,120,21.16838264042747
212,2026-09-14T02:17:32.093+00:00,2026-09-14T02:22:26.348+00:00,2026-09-14T02:22:32.109+00:00,False,84,83.0,,83.0,294255.02958,300016.71610799996,300016.715979,3571.627571178571,0.02089,294255.02958,32098.28817056263,89.86241415,69.41790997590361,20.412265112423654,0.27665125155933534,3,64,,False,False,Request timeout: 300.0s exceeded,319,21.16838264042747
213,2026-09-14T02:17:36.120+00:00,2026-09-14T02:22:29.819+00:00,2026-09-14T02:22:36.150+00:00,False,90,89.0,,89.0,293699.33303,300029.65751,300029.65772799996,3333.6628636444443,0.03601,293699.33303,30951.137230377182,90.30577339999999,71.12724134831461,20.498926790510524,0.2966373415835854,3,64,,False,False,Request timeout: 300.0s exceeded,349,21.16838264042747
214,2026-09-14T02:17:40.311+00:00,2026-09-14T02:22:34.102+00:00,2026-09-14T02:22:40.416+00:00,False,90,89.0,,89.0,293791.340914,300105.220466,300105.220426,3334.5024491777776,0.027059999999999997,293791.340914,30960.855705624108,92.02966995000001,70.9424668764045,21.274832758015734,0.2965626517985985,3,64,,False,False,Request timeout: 300.0s exceeded,365,21.16838264042747
215,2026-09-14T02:17:43.384+00:00,2026-09-14T02:22:37.010+00:00,2026-09-14T02:22:43.469+00:00,False,94,93.0,,93.0,293626.352879,300085.27076700004,300085.270764,3192.396497489362,0.022510000000000002,293626.352879,30278.090328847284,93.19751665,69.45072997849464,21.77059452504184,0.30991191191189604,3,64,,False,False,Request timeout: 300.0s exceeded,201,21.16838264042747
216,2026-09-14T02:17:46.608+00:00,2026-09-14T02:22:40.245+00:00,2026-09-14T02:22:46.624+00:00,False,93,92.0,,92.0,293637.061731,300015.43664300005,300015.43684800004,3225.9724392258067,0.02072,293637.061731,30441.562769829576,90.8256512,69.33016208695652,20.89501655739599,0.3066508877990647,3,64,,False,False,Request timeout: 300.0s exceeded,341,21.16838264042747
217,2026-09-14T02:17:51.196+00:00,2026-09-14T02:22:44.933+00:00,2026-09-14T02:22:51.228+00:00,False,94,93.0,,93.0,293737.02642799995,300031.53522799996,300031.53510199994,3191.8248415106377,0.023809999999999998,293737.02642799995,30289.686160963756,89.87749495,67.68289032258065,19.376303293245506,0.30996741702277214,3,64,,False,False,Request timeout: 300.0s exceeded,397,21.16838264042747
218,2026-09-14T02:17:55.419+00:00,2026-09-14T02:22:48.968+00:00,2026-09-14T02:22:55.465+00:00,False,98,97.0,,97.0,293549.06968300004,300045.47467500006,300045.47485000006,3061.6885188775514,0.038759999999999996,293549.06968300004,29646.175002997592,87.40153585,66.97324734020619,19.51020995847414,0.32328432916732835,3,64,,False,False,Request timeout: 300.0s exceeded,470,21.16838264042747
219,2026-09-14T02:17:58.358+00:00,2026-09-14T02:22:52.096+00:00,2026-09-14T02:22:58.391+00:00,False,94,93.0,,93.0,293738.37073,300033.317546,300033.317593,3191.8438041808513,0.021,293738.37073,30289.82523723582,90.21646485,67.687600172043,20.761779603266802,0.30996557569224487,3,64,,False,False,Request timeout: 300.0s exceeded,456,21.16838264042747
220,2026-09-14T02:18:01.204+00:00,2026-09-14T02:22:55.031+00:00,2026-09-14T02:23:01.232+00:00,False,90,89.0,,89.0,293826.438899,300027.713011,300027.713,3333.6412555555557,0.03861,293826.438899,30964.689174763855,91.68412984999999,69.67723721348314,21.928259890599023,0.296639264109369,3,64,,False,False,Request timeout: 300.0s exceeded,423,21.16838264042747
221,2026-09-14T02:18:05.286+00:00,2026-09-14T02:22:59.088+00:00,2026-09-14T02:23:05.327+00:00,False,92,91.0,,91.0,293802.115468,300041.091212,300041.091409,3261.3162109673913,0.02206,293802.115468,30623.846943161763,89.33574195,68.560173010989,20.607991253723462,0.30329179124236066,3,64,,False,False,Request timeout: 300.0s exceeded,440,21.16838264042747
222,2026-09-14T02:18:09.882+00:00,2026-09-14T02:23:03.711+00:00,2026-09-14T02:23:09.925+00:00,False,98,97.0,,97.0,293829.015949,300042.61953300005,300042.619613,3061.6593838061226,0.0,293829.015949,29674.817917862372,89.17986385,64.0577689072165,67.47291209078254,0.3232874054725132,3,64,,False,False,Request timeout: 300.0s exceeded,451,21.16838264042747
223,2026-09-14T02:18:12.472+00:00,2026-09-14T02:23:06.666+00:00,2026-09-14T02:23:12.479+00:00,False,89,88.0,,88.0,294194.230072,300006.995512,300006.995353,3370.865116325843,0.02318,294194.230072,31177.530542430653,87.2912414,66.05415272727272,19.85407996903805,0.2933264934366508,3,64,,False,False,Request timeout: 300.0s exceeded,257,21.16838264042747
224,2026-09-14T02:18:17.126+00:00,2026-09-14T02:23:10.425+00:00,2026-09-14T02:23:17.169+00:00,False,95,94.0,,94.0,293298.52821200003,300042.983636,300042.983805,3158.347197947369,0.023059999999999997,293298.52821200003,30084.4388979298,89.7856227,71.74952578723403,19.386241871794592,0.3132884457449503,3,64,,False,False,Request timeout: 300.0s exceeded,396,21.16838264042747
225,2026-09-14T02:18:19.990+00:00,2026-09-14T02:23:13.536+00:00,2026-09-14T02:23:20.057+00:00,False,91,90.0,,90.0,293545.305885,300066.910237,300066.910249,3297.438574164835,0.02117,293545.305885,30764.319319033853,89.90377000000001,72.46227057777777,19.5201168686838,0.2999331046829384,3,64,,False,False,Request timeout: 300.0s exceeded,401,21.16838264042747
226,2026-09-14T02:18:24.096+00:00,2026-09-14T02:23:17.608+00:00,2026-09-14T02:23:24.161+00:00,False,99,98.0,,98.0,293512.262483,300065.177939,300065.178051,3030.9613944545454,0.01789,293512.262483,29492.379200483592,89.67520689999999,66.86648424489796,20.759032647441916,0.32659571054900055,3,64,,False,False,Request timeout: 300.0s exceeded,348,21.16838264042747
227,2026-09-14T02:18:28.226+00:00,2026-09-14T02:23:21.959+00:00,2026-09-14T02:23:28.245+00:00,False,94,93.0,,93.0,293733.433633,300019.592737,300019.592694,3191.6977946170214,0.041960000000000004,293733.433633,30289.325506384863,89.38613500000001,67.59310864516128,20.38307724895832,0.3099797554939176,3,64,,False,False,Request timeout: 300.0s exceeded,437,21.16838264042747
228,2026-09-14T02:18:31.004+00:00,2026-09-14T02:23:24.536+00:00,2026-09-14T02:23:31.009+00:00,False,98,97.0,,97.0,293532.5801,300005.540868,300005.54082700005,3061.281028846939,0.02467,293532.5801,29644.534681239544,90.18409235000001,66.73155430927835,20.935678281849736,0.32332736161922826,3,64,,False,False,Request timeout: 300.0s exceeded,453,21.16838264042747
229,2026-09-14T02:18:34.973+00:00,2026-09-14T02:23:28.635+00:00,2026-09-14T02:23:35.045+00:00,False,99,98.0,,98.0,293661.67399299995,300072.14490499994,300072.14477199997,3031.031765373737,0.02354,293661.67399299995,29507.542464702798,93.38392100000002,65.41296848979592,21.826021111488313,0.32658812776849344,3,64,,False,False,Request timeout: 300.0s exceeded,131,21.16838264042747
230,2026-09-14T02:18:39.475+00:00,2026-09-14T02:23:32.797+00:00,2026-09-14T02:23:39.562+00:00,False,101,100.0,,100.0,293321.907989,300086.53134900006,300086.531321,2971.1537754554456,0.038869999999999995,293321.907989,29179.896845325835,90.587689,67.64623359999999,20.575883163032938,0.3332372151141305,3,64,,False,False,Request timeout: 300.0s exceeded,414,21.16838264042747
231,2026-09-14T02:18:43.911+00:00,2026-09-14T02:23:37.326+00:00,2026-09-14T02:23:43.926+00:00,False,99,98.0,,98.0,293414.68102200003,300014.98335800006,300014.983369,3030.4543774646468,0.024689,293414.68102200003,29482.522389886282,88.1544359,67.35002383673469,19.40985704883099,0.326650352269437,3,64,,False,False,Request timeout: 300.0s exceeded,463,21.16838264042747
232,2026-09-14T02:18:48.301+00:00,2026-09-14T02:23:42.212+00:00,2026-09-14T02:23:48.364+00:00,False,94,93.0,,93.0,293910.28174299997,300062.78427099995,300062.784396,3192.15728080851,0.098439,293910.28174299997,30307.71343345613,88.9264245,66.15594116129033,19.157408135244534,0.3099351364946597,3,64,,False,False,Request timeout: 300.0s exceeded,400,21.16838264042747
233,2026-09-14T02:18:52.627+00:00,2026-09-14T02:23:46.517+00:00,2026-09-14T02:23:52.688+00:00,False,91,90.0,,90.0,293889.479405,300061.064173,300061.064258,3297.3743325054943,0.028640000000000002,293889.479405,30800.80648199515,87.8581695,68.57316408888889,19.98206346870002,0.29993894825391465,3,64,,False,False,Request timeout: 300.0s exceeded,357,21.16838264042747
234,2026-09-14T02:18:57.133+00:00,2026-09-14T02:23:51.197+00:00,2026-09-14T02:23:57.148+00:00,False,87,86.0,,86.0,294063.572835,300015.184739,300015.184673,3448.45039854023,0.02028,294063.572835,31519.510876684442,88.40330670000002,69.20478958139535,19.823497344614363,0.2866521575393466,3,64,,False,False,Request timeout: 300.0s exceeded,389,21.16838264042747
235,2026-09-14T02:19:00.004+00:00,2026-09-14T02:23:53.375+00:00,2026-09-14T02:24:00.025+00:00,False,105,104.0,,104.0,293371.401472,300020.669696,300020.669688,2857.3397113142855,0.03445,293371.401472,28623.88511799692,89.24659520000002,63.93527138461538,20.614599496921656,0.34664278333015996,3,64,,False,False,Request timeout: 300.0s exceeded,509,21.16838264042747
236,2026-09-14T02:19:02.580+00:00,2026-09-14T02:23:56.187+00:00,2026-09-14T02:24:02.607+00:00,False,109,108.0,,108.0,293607.572428,300027.4923,300027.49231999996,2752.5458011009173,0.0,293607.572428,28116.885258627823,94.380147,59.44370251851851,64.7613400588623,0.3599670122630292,3,64,,False,False,Request timeout: 300.0s exceeded,517,21.16838264042747
237,2026-09-14T02:19:05.341+00:00,2026-09-14T02:24:00.567+00:00,2026-09-14T02:24:05.388+00:00,False,76,75.0,,75.0,295226.353306,300047.266202,300047.266235,3947.9903451973687,0.0,295226.353306,33857.4967980117,93.547485,64.27883861333333,76.30383159408841,0.249960617703172,3,64,,False,False,Request timeout: 300.0s exceeded,405,21.16838264042747
238,2026-09-14T02:19:08.454+00:00,2026-09-14T02:24:02.523+00:00,2026-09-14T02:24:08.533+00:00,False,91,90.0,,90.0,294069.211698,300078.86443400005,300078.86438700004,3297.5699383186816,0.10425,294069.211698,30819.8364976823,89.190072,66.77391928888889,20.511029065631828,0.29992115629254784,3,64,,False,False,Request timeout: 300.0s exceeded,176,21.16838264042747
239,2026-09-14T02:19:12.541+00:00,2026-09-14T02:24:06.206+00:00,2026-09-14T02:24:12.576+00:00,False,96,95.0,,95.0,293664.566393,300035.25746500003,300035.25751900004,3125.367265822917,0.06055,293664.566393,29965.176354766587,86.64214175000001,67.05990602105263,19.577211063622062,0.3166294548269282,3,64,,False,False,Request timeout: 300.0s exceeded,436,21.16838264042747
240,2026-09-14T02:19:16.225+00:00,2026-09-14T02:24:09.715+00:00,2026-09-14T02:24:16.259+00:00,False,97,96.0,,96.0,293489.686431,300033.685663,300033.685821,3093.1307816597937,0.02583,293489.686431,29792.44810949301,88.2691504,68.16665866666668,19.969289965773616,0.31996407266025423,3,64,,False,False,Request timeout: 300.0s exceeded,463,21.16838264042747
241,2026-09-14T02:19:19.543+00:00,2026-09-14T02:24:13.581+00:00,2026-09-14T02:24:19.623+00:00,False,88,87.0,,87.0,294037.717521,300079.96929700003,300079.969311,3409.999651261364,0.027509,294037.717521,31337.12884557609,89.69489035000001,69.45116983908045,20.08037545962826,0.289922716947138,3,64,,False,False,Request timeout: 300.0s exceeded,364,21.16838264042747
242,2026-09-14T02:19:23.111+00:00,2026-09-14T02:24:16.840+00:00,2026-09-14T02:24:23.136+00:00,False,93,92.0,,92.0,293728.965752,300025.159032,300025.158966,3226.0769781290323,0.019829999999999997,293728.965752,30451.18458892438,88.775743,68.43688347826088,19.664367491179547,0.306640950701696,3,64,,False,False,Request timeout: 300.0s exceeded,347,21.16838264042747
243,2026-09-14T02:19:27.748+00:00,2026-09-14T02:24:21.260+00:00,2026-09-14T02:24:27.853+00:00,False,100,99.0,,99.0,293512.463339,300105.111531,300105.111458,3001.05111458,0.03698,293512.463339,29344.594154025428,89.51343400000002,66.59240597979799,20.460007243178076,0.3298844178126356,3,64,,False,False,Request timeout: 300.0s exceeded,511,21.16838264042747
244,2026-09-14T02:19:30.508+00:00,2026-09-14T02:24:24.120+00:00,2026-09-14T02:24:30.529+00:00,False,96,95.0,,95.0,293612.523404,300021.181068,300021.18091199995,3125.2206345,0.038630000000000005,293612.523404,29959.8241926832,89.06359200000001,67.45955435789473,19.94618568339466,0.3166443104510951,3,64,,False,False,Request timeout: 300.0s exceeded,423,21.16838264042747
245,2026-09-14T02:19:33.671+00:00,2026-09-14T02:24:27.854+00:00,2026-09-14T02:24:33.699+00:00,False,87,86.0,,86.0,294183.077838,300027.610318,300027.61033600004,3448.593222252874,0.04149,294183.077838,31532.456360291715,86.06678759999998,67.95968,19.359896776552276,0.28664028590184876,3,64,,False,False,Request timeout: 300.0s exceeded,360,21.16838264042747
246,2026-09-14T02:19:37.587+00:00,2026-09-14T02:24:31.208+00:00,2026-09-14T02:24:37.627+00:00,False,96,95.0,,95.0,293620.573085,300039.781277,300039.781159,3125.4143870729163,0.05281,293620.573085,29960.634616634987,88.5351605,67.57061254736843,20.23535982922004,0.3166246808862155,3,64,,False,False,Request timeout: 300.0s exceeded,445,21.16838264042747
247,2026-09-14T02:19:41.240+00:00,2026-09-14T02:24:34.636+00:00,2026-09-14T02:24:41.264+00:00,False,96,95.0,,95.0,293395.55890299997,300024.22322299995,300024.22311499994,3125.252324114583,0.04503,293395.55890299997,29937.44403216564,89.26170174999999,69.77541389473684,20.010877297243674,0.3166410997734308,3,64,,False,False,Request timeout: 300.0s exceeded,394,21.16838264042747
248,2026-09-14T02:19:44.824+00:00,2026-09-14T02:24:38.207+00:00,2026-09-14T02:24:44.844+00:00,False,94,93.0,,93.0,293383.567609,300020.48511300003,300020.485134,3191.7072886595747,0.02173,293383.567609,30252.850341701498,89.0619595,71.36470434408602,20.023826377771,0.3099788334952275,3,64,,False,False,Request timeout: 300.0s exceeded,452,21.16838264042747
249,2026-09-14T02:19:49.005+00:00,2026-09-14T02:24:42.569+00:00,2026-09-14T02:24:49.039+00:00,False,108,107.0,,107.0,293563.86142000003,300033.65854000003,300033.65842700005,2778.0894298796297,0.01548,293563.86142000003,28243.14467198769,93.1954094,60.465393644859816,209.1547942314115,0.35662665489157086,3,64,,False,False,Request timeout: 300.0s exceeded,373,21.16838264042747
250,2026-09-14T02:19:53.069+00:00,2026-09-14T02:24:47.823+00:00,2026-09-14T02:24:53.077+00:00,False,78,77.0,,77.0,294753.50935799995,300007.32746999996,300007.32743299997,3846.2477876025637,0.01756,294753.50935799995,33366.54444041703,91.30107359999998,68.23140405194806,22.044518367231138,0.2566603977621174,3,64,,False,False,Request timeout: 300.0s exceeded,259,21.16838264042747
251,2026-09-14T02:19:55.792+00:00,2026-09-14T02:24:49.395+00:00,2026-09-14T02:24:55.846+00:00,False,93,92.0,,92.0,293602.766829,300053.973229,300053.973205,3226.3868086559137,0.027709,293602.766829,30437.923938846317,91.6451506,70.12180869565218,20.104718391219244,0.306611503956943,3,64,,False,False,Request timeout: 300.0s exceeded,426,21.16838264042747
252,2026-09-14T02:20:00.170+00:00,2026-09-14T02:24:53.934+00:00,2026-09-14T02:25:00.203+00:00,False,96,95.0,,95.0,293763.53642,300033.459236,300033.45907000004,3125.3485319791666,0.0,293763.53642,29975.458415120567,88.0838415,65.99918753684211,69.20326721570449,0.3166313525228365,3,64,,False,False,Request timeout: 300.0s exceeded,427,21.16838264042747
253,2026-09-14T02:20:03.458+00:00,2026-09-14T02:24:57.405+00:00,2026-09-14T02:25:03.465+00:00,False,94,93.0,,93.0,293947.02832499996,300006.374501,300006.37451999995,3191.5571757446805,0.02487,293947.02832499996,30311.606985329243,85.20674200000002,65.15425995698925,19.34276750679113,0.3099934131555928,3,64,,False,False,Request timeout: 300.0s exceeded,440,21.16838264042747
254,2026-09-14T02:20:07.216+00:00,2026-09-14T02:25:00.884+00:00,2026-09-14T02:25:07.279+00:00,False,97,96.0,,96.0,293668.222866,300062.689682,300062.68962300004,3093.4297899278354,0.025670000000000002,293668.222866,29810.733740666306,87.66018899999999,66.60902933333334,19.746693795107984,0.31993314497626724,3,64,,False,False,Request timeout: 300.0s exceeded,413,21.16838264042747
255,2026-09-14T02:20:10.007+00:00,2026-09-14T02:25:03.718+00:00,2026-09-14T02:25:10.026+00:00,False,93,92.0,,92.0,293711.119268,300019.351204,300019.351377,3226.014530935484,0.03502,293711.119268,30449.3205874785,90.580971,68.56773843478261,19.915825957439385,0.3066468867117976,3,64,,False,False,Request timeout: 300.0s exceeded,265,21.16838264042747
256,2026-09-14T02:20:14.674+00:00,2026-09-14T02:25:08.594+00:00,2026-09-14T02:25:14.687+00:00,False,89,88.0,,88.0,293920.16516000003,300012.83613600006,300012.83619500004,3370.9307437640455,0.026809999999999997,293920.16516000003,31148.14281099729,90.24154840000001,69.23489745454545,20.23722971799927,0.29332078298179337,3,64,,False,False,Request timeout: 300.0s exceeded,146,21.16838264042747
257,2026-09-14T02:20:18.583+00:00,2026-09-14T02:25:12.515+00:00,2026-09-14T02:25:18.678+00:00,False,89,88.0,,88.0,293932.213428,300094.928052,300094.92815399996,3371.8531253258425,0.02123,293932.213428,31149.33598562308,90.07620739999999,70.030848,20.898484845496636,0.2932405441545866,3,64,,False,False,Request timeout: 300.0s exceeded,385,21.16838264042747
258,2026-09-14T02:20:22.007+00:00,2026-09-14T02:25:15.540+00:00,2026-09-14T02:25:22.600+00:00,False,104,103.0,,103.0,293532.90204400005,300593.15497200005,300593.15502400004,2890.3187983076928,0.027620000000000002,293532.90204400005,28776.55518005677,90.30275749999998,68.54614493203883,20.93368085644186,0.342655839949497,3,64,,False,False,Request timeout: 300.0s exceeded,470,21.16838264042747
259,2026-09-14T02:20:25.548+00:00,2026-09-14T02:25:19.016+00:00,2026-09-14T02:25:25.601+00:00,False,101,100.0,,100.0,293467.996364,300052.201164,300052.201298,2970.813874237624,0.03662,293467.996364,29194.612399714355,86.898927,65.842048,20.138930547440136,0.3332753421306942,3,64,,False,False,Request timeout: 300.0s exceeded,332,21.16838264042747
260,2026-09-14T02:20:28.928+00:00,2026-09-14T02:25:22.687+00:00,2026-09-14T02:25:28.982+00:00,False,94,93.0,,93.0,293759.47615899995,300054.23046299996,300054.23051699996,3192.066282095744,0.023510000000000003,293759.47615899995,30292.00232249419,90.01078379999998,67.68553015053764,20.781656957460875,0.3099439719829844,3,64,,False,False,Request timeout: 300.0s exceeded,405,21.16838264042747
261,2026-09-14T02:20:32.026+00:00,2026-09-14T02:25:25.685+00:00,2026-09-14T02:25:32.051+00:00,False,91,90.0,,90.0,293658.60024400003,300024.67666000006,300024.67658300005,3296.9744679450555,0.0368,293658.60024400003,30776.37785006737,90.0202605,70.73418240000001,20.91268578445733,0.2999753253696248,3,64,,False,False,Request timeout: 300.0s exceeded,416,21.16838264042747
262,2026-09-14T02:20:36.757+00:00,2026-09-14T02:25:30.487+00:00,2026-09-14T02:25:36.764+00:00,False,90,89.0,,89.0,293729.4124,300007.10302399995,300007.103083,3333.4122564777776,0.03562,293729.4124,30954.370406138318,91.84306745000002,70.53584970786517,20.793293291842716,0.29665964273145956,3,64,,False,False,Request timeout: 300.0s exceeded,399,21.16838264042747
263,2026-09-14T02:20:39.472+00:00,2026-09-14T02:25:33.224+00:00,2026-09-14T02:25:39.550+00:00,False,92,91.0,,91.0,293752.172893,300077.797981,300077.798024,3261.7151959130438,0.04069,293752.172893,30618.540272803955,87.90074155,69.5123636043956,19.802661815221033,0.3032546913242873,3,64,,False,False,Request timeout: 300.0s exceeded,441,21.16838264042747
264,2026-09-14T02:20:43.366+00:00,2026-09-14T02:25:37.389+00:00,2026-09-14T02:25:43.457+00:00,False,88,87.0,,87.0,294022.539554,300090.90000200004,300090.900049,3410.123864193182,0.024820000000000002,294022.539554,31335.47842083295,88.77824885000001,69.75126951724137,19.344512865130113,0.289912156614613,3,64,,False,False,Request timeout: 300.0s exceeded,410,21.16838264042747
265,2026-09-14T02:20:47.355+00:00,2026-09-14T02:25:41.008+00:00,2026-09-14T02:25:47.367+00:00,False,93,92.0,,92.0,293653.261397,300011.739733,300011.73969099997,3225.9326848494625,0.034469,293653.261397,30443.265175987497,90.6781226,69.11389495652173,21.119632222745647,0.30665466652030615,3,64,,False,False,Request timeout: 300.0s exceeded,400,21.16838264042747
266,2026-09-14T02:20:50.656+00:00,2026-09-14T02:25:44.552+00:00,2026-09-14T02:25:50.681+00:00,False,85,84.0,,84.0,293895.733018,300025.277466,300025.277446,3529.7091464235295,0.03655,293895.733018,31869.55903861703,89.8041662,72.97076723809523,19.46289031554099,0.2799764096860779,3,64,,False,False,Request timeout: 300.0s exceeded,327,21.16838264042747
267,2026-09-14T02:20:55.414+00:00,2026-09-14T02:25:49.414+00:00,2026-09-14T02:25:55.467+00:00,False,96,95.0,,95.0,293999.802295,300052.477879,300052.47768,3125.5466425,0.0,293999.802295,29999.806897719038,91.27619725000001,63.71237456842105,69.79869550616445,0.31661128303799563,3,64,,False,False,Request timeout: 300.0s exceeded,450,21.16838264042747
268,2026-09-14T02:20:58.635+00:00,2026-09-14T02:25:52.777+00:00,2026-09-14T02:25:58.683+00:00,False,89,88.0,,88.0,294142.86518300005,300048.68047900003,300048.68052900006,3371.333489089888,0.0195,294142.86518300005,31171.97417224561,89.09729139999999,67.11153745454546,20.44690229810291,0.2932857423652593,3,64,,False,False,Request timeout: 300.0s exceeded,364,21.16838264042747
269,2026-09-14T02:21:01.613+00:00,2026-09-14T02:25:55.639+00:00,2026-09-14T02:26:01.683+00:00,False,89,88.0,,88.0,294025.922181,300069.580933,300069.581016,3371.568326022472,0.01799,294025.922181,31159.412477633563,89.98056220000001,68.67794036363635,20.86580430386037,0.2932653144193539,3,64,,False,False,Request timeout: 300.0s exceeded,424,21.16838264042747
270,2026-09-14T02:21:05.618+00:00,2026-09-14T02:25:59.733+00:00,2026-09-14T02:26:05.668+00:00,False,86,85.0,,85.0,294115.17968400003,300050.12317200005,300050.123001,3488.9549186162794,0.02067,294115.17968400003,31707.73259153205,90.81030575000001,69.82286456470588,20.13506944725521,0.28328600268987325,3,64,,False,False,Request timeout: 300.0s exceeded,399,21.16838264042747
271,2026-09-14T02:21:08.437+00:00,2026-09-14T02:26:01.766+00:00,2026-09-14T02:26:08.472+00:00,False,102,101.0,,101.0,293329.11052600003,300035.17363000003,300035.173704,2941.52131082353,0.03824,293329.11052600003,29037.342754205714,89.69416164999998,66.39666439603961,20.5455728234903,0.3366271986648874,3,64,,False,False,Request timeout: 300.0s exceeded,236,21.16838264042747
272,2026-09-14T02:21:11.711+00:00,2026-09-14T02:26:05.626+00:00,2026-09-14T02:26:11.752+00:00,False,92,91.0,,91.0,293915.443361,300041.35542499996,300041.355392,3261.319080347826,0.038590000000000006,293915.443361,30635.791528903188,89.01289515,67.317714989011,20.31024706546765,0.30329152416706395,3,64,,False,False,Request timeout: 300.0s exceeded,245,21.16838264042747
273,2026-09-14T02:21:15.975+00:00,2026-09-14T02:26:09.861+00:00,2026-09-14T02:26:15.995+00:00,False,88,87.0,,87.0,293886.293274,300019.960602,300019.960688,3409.317735090909,0.018158999999999998,293886.293274,31320.87485081217,88.27111835,70.50192331034484,19.908711795660935,0.2899807060351305,3,64,,False,False,Request timeout: 300.0s exceeded,432,21.16838264042747
274,2026-09-14T02:21:20.301+00:00,2026-09-14T02:26:13.873+00:00,2026-09-14T02:26:20.381+00:00,False,99,98.0,,98.0,293572.094239,300080.117279,300080.117293,3031.112295888889,0.022350000000000002,293572.094239,29498.438200215616,88.92593599999998,66.40839836734695,20.2415092603785,0.32657945114332365,3,64,,False,False,Request timeout: 300.0s exceeded,406,21.16838264042747
275,2026-09-14T02:21:24.755+00:00,2026-09-14T02:26:18.557+00:00,2026-09-14T02:26:24.767+00:00,False,90,89.0,,89.0,293802.63340399996,300012.284092,300012.28427899996,3333.469825322222,0.0249,293802.63340399996,30962.1690027266,89.4593415,69.77135604494383,20.554364640353885,0.296654519561965,3,64,,False,False,Request timeout: 300.0s exceeded,407,21.16838264042747
276,2026-09-14T02:21:27.505+00:00,2026-09-14T02:26:21.161+00:00,2026-09-14T02:26:27.558+00:00,False,93,92.0,,92.0,293656.339644,300053.04774,300053.047904,3226.3768591827957,0.04161,293656.339644,30443.54038577114,88.92897160000001,69.52943582608695,19.76508025790812,0.30661244967496293,3,64,,False,False,Request timeout: 300.0s exceeded,179,21.16838264042747
277,2026-09-14T02:21:31.318+00:00,2026-09-14T02:26:24.768+00:00,2026-09-14T02:26:31.341+00:00,False,100,99.0,,99.0,293450.071602,300023.280178,300023.27996799996,3000.23279968,0.03185,293450.071602,29338.374588390587,88.1248145,66.39604622222222,20.41717919114632,0.329974393791257,3,64,,False,False,Request timeout: 300.0s exceeded,145,21.16838264042747
278,2026-09-14T02:21:34.869+00:00,2026-09-14T02:26:28.733+00:00,2026-09-14T02:26:34.952+00:00,False,91,90.0,,90.0,293863.20192,300082.96537600004,300082.965463,3297.6150050879123,0.02255,293863.20192,30797.995538494488,88.652538,69.10848284444444,19.67017951710937,0.2999170575618352,3,64,,False,False,Request timeout: 300.0s exceeded,398,21.16838264042747
279,2026-09-14T02:21:39.569+00:00,2026-09-14T02:26:33.021+00:00,2026-09-14T02:26:39.626+00:00,False,100,99.0,,99.0,293452.11716,300056.736936,300056.73697,3000.5673697,0.03829,293452.11716,29338.54728395756,89.07082095,66.71333107070707,20.22542752953039,0.32993760117146115,3,64,,False,False,Request timeout: 300.0s exceeded,233,21.16838264042747
280,2026-09-14T02:21:43.724+00:00,2026-09-14T02:26:37.265+00:00,2026-09-14T02:26:43.748+00:00,False,98,97.0,,97.0,293541.002763,300024.18970700004,300024.18985100003,3061.4713250102045,0.03308,293541.002763,29645.374667273056,87.82764220000001,66.83697880412372,20.674330454012836,0.32330726430668477,3,64,,False,False,Request timeout: 300.0s exceeded,520,21.16838264042747
281,2026-09-14T02:21:47.317+00:00,2026-09-14T02:26:40.832+00:00,2026-09-14T02:26:47.354+00:00,False,105,104.0,,104.0,293515.05082,300036.472644,300036.472708,2857.4902162666667,0.0,293515.05082,28638.08298531439,88.37789919999999,62.70597907692308,62.02027031276632,0.3466245256235842,3,64,,False,False,Request timeout: 300.0s exceeded,466,21.16838264042747
282,2026-09-14T02:21:51.698+00:00,2026-09-14T02:26:45.475+00:00,2026-09-14T02:26:51.727+00:00,False,102,101.0,,101.0,293777.38767,300029.627798,300029.62783300004,2941.466939539216,0.0,293777.38767,29082.23466879337,91.59427765000002,61.9033676039604,63.27689921940592,0.33663342097667753,3,64,,False,False,Request timeout: 300.0s exceeded,512,21.16838264042747
283,2026-09-14T02:21:55.200+00:00,2026-09-14T02:26:49.010+00:00,2026-09-14T02:26:55.214+00:00,False,93,92.0,,92.0,293810.45558099996,300014.75228499994,300014.75232699997,3225.965078784946,0.02496,293810.45558099996,30459.738523846114,88.881975,67.43800765217391,20.06213869953618,0.3066515872946285,3,64,,False,False,Request timeout: 300.0s exceeded,388,21.16838264042747
284,2026-09-14T02:21:57.917+00:00,2026-09-14T02:26:51.679+00:00,2026-09-14T02:26:57.971+00:00,False,93,92.0,,92.0,293761.29510600003,300053.14637000003,300053.14632700005,3226.377917494624,0.040659999999999995,293761.29510600003,30454.542190633285,88.2683316,68.3896876521739,20.14481611090327,0.30661234888886457,3,64,,False,False,Request timeout: 300.0s exceeded,313,21.16838264042747
285,2026-09-14T02:22:01.355+00:00,2026-09-14T02:26:55.216+00:00,2026-09-14T02:27:01.410+00:00,False,90,89.0,,89.0,293860.461768,300054.91680799995,300054.916635,3333.9435181666663,0.03836,293860.461768,30968.282391277324,88.0336874,69.60061842696629,20.165696747473515,0.2966123699847571,3,64,,False,False,Request timeout: 300.0s exceeded,309,21.16838264042747
286,2026-09-14T02:22:04.037+00:00,2026-09-14T02:26:57.971+00:00,2026-09-14T02:27:04.080+00:00,False,87,86.0,,86.0,293934.329862,300043.00519,300043.00541000004,3448.770177126437,0.023869,293934.329862,31505.458507689204,90.41587950000002,71.03110846511628,19.387234882314164,0.2866255787084293,3,64,,False,False,Request timeout: 300.0s exceeded,412,21.16838264042747
287,2026-09-14T02:22:08.667+00:00,2026-09-14T02:27:02.147+00:00,2026-09-14T02:27:08.741+00:00,False,99,98.0,,98.0,293479.749954,300073.430594,300073.430378,3031.0447512929295,0.0352,293479.749954,29489.06917035922,87.6765148,67.28245551020407,19.890534583193652,0.3265867284751185,3,64,,False,False,Request timeout: 300.0s exceeded,486,21.16838264042747
288,2026-09-14T02:22:12.171+00:00,2026-09-14T02:27:06.299+00:00,2026-09-14T02:27:12.373+00:00,False,89,88.0,,88.0,294128.102336,300201.608384,300201.608468,3373.051780539326,0.02901,294128.102336,31170.20729173402,89.89960040000001,69.01711418181819,20.398312862523106,0.2931363375223348,3,64,,False,False,Request timeout: 300.0s exceeded,129,21.16838264042747
289,2026-09-14T02:22:14.774+00:00,2026-09-14T02:27:08.871+00:00,2026-09-14T02:27:14.810+00:00,False,89,88.0,,88.0,294096.152484,300035.7009,300035.70069900004,3371.187648303371,0.034649,294096.152484,31166.98188305509,88.358547,67.49486836363636,20.258885191592654,0.29329842994027516,3,64,,False,False,Request timeout: 300.0s exceeded,430,21.16838264042747
290,2026-09-14T02:22:18.127+00:00,2026-09-14T02:27:12.074+00:00,2026-09-14T02:27:18.155+00:00,False,94,93.0,,93.0,293947.09006099997,300027.80839699996,300027.80823799997,3191.7851940212763,0.03847,293947.09006099997,30311.590548696342,90.125975,65.38406812903226,20.717224101005762,0.3099712673197993,3,64,,False,False,Request timeout: 300.0s exceeded,462,21.16838264042747
291,2026-09-14T02:22:22.849+00:00,2026-09-14T02:27:16.722+00:00,2026-09-14T02:27:22.901+00:00,False,89,88.0,,88.0,293872.85436,300051.803224,300051.80301,3371.3685731460673,0.02566,293872.85436,31143.023673382824,89.09149239999999,70.215328,19.798459774684385,0.2932826900370423,3,64,,False,False,Request timeout: 300.0s exceeded,465,21.16838264042747
292,2026-09-14T02:22:26.463+00:00,2026-09-14T02:27:20.841+00:00,2026-09-14T02:27:26.513+00:00,False,79,78.0,,78.0,294377.453995,300049.262507,300049.26248599996,3798.0919302025313,0.02921,294377.453995,33111.8749513825,88.2118329,72.71549374358975,18.13787641856053,0.2599573128368556,3,64,,False,False,Request timeout: 300.0s exceeded,368,21.16838264042747
293,2026-09-14T02:22:30.477+00:00,2026-09-14T02:27:24.549+00:00,2026-09-14T02:27:30.495+00:00,False,88,87.0,,87.0,294071.51505299995,300018.08554899995,300018.085575,3409.2964269886356,0.02133,294071.51505299995,31340.84846251696,87.48733985000001,68.35138501149424,19.358834664321186,0.28998251835651706,3,64,,False,False,Request timeout: 300.0s exceeded,323,21.16838264042747
294,2026-09-14T02:22:34.560+00:00,2026-09-14T02:27:28.801+00:00,2026-09-14T02:27:34.606+00:00,False,91,90.0,,90.0,294240.318379,300045.873579,300045.873508,3297.207401186813,0.020210000000000002,294240.318379,30838.010820256273,88.1088995,64.5061688888889,20.12390039005981,0.2999541334345451,3,64,,False,False,Request timeout: 300.0s exceeded,396,21.16838264042747
295,2026-09-14T02:22:37.320+00:00,2026-09-14T02:27:31.198+00:00,2026-09-14T02:27:37.384+00:00,False,95,94.0,,94.0,293878.11803500005,300063.61973100004,300063.6196210001,3158.5644170631585,0.08484,293878.11803500005,30144.513570223204,86.22176800000001,65.8032095319149,19.297984377877057,0.31326690014693814,3,64,,False,False,Request timeout: 300.0s exceeded,442,21.16838264042747
296,2026-09-14T02:22:41.272+00:00,2026-09-14T02:27:35.235+00:00,2026-09-14T02:27:41.346+00:00,False,88,87.0,,87.0,293962.987187,300073.869491,300073.86959099997,3409.9303362613637,0.02348,293962.987187,31329.07846002116,89.41157735,70.24002648275862,20.05776088354599,0.28992861040374374,3,64,,False,False,Request timeout: 300.0s exceeded,213,21.16838264042747
297,2026-09-14T02:22:45.578+00:00,2026-09-14T02:27:39.315+00:00,2026-09-14T02:27:45.609+00:00,False,98,97.0,,97.0,293736.974246,300031.103398,300031.103164,3061.5418690204083,0.0,293736.974246,29665.438888527777,89.66288905000002,64.88792940206186,68.54011708185824,0.32329981425734605,3,64,,False,False,Request timeout: 300.0s exceeded,415,21.16838264042747
298,2026-09-14T02:22:48.463+00:00,2026-09-14T02:27:42.584+00:00,2026-09-14T02:27:48.521+00:00,False,91,90.0,,90.0,294121.29796600004,300058.066478,300058.06641800003,3297.3413892087915,0.04642,294121.29796600004,30825.381837856803,90.848698,65.96409457777779,20.997962277748705,0.2999419447588779,3,64,,False,False,Request timeout: 300.0s exceeded,427,21.16838264042747
299,2026-09-14T02:22:52.405+00:00,2026-09-14T02:27:46.223+00:00,2026-09-14T02:27:52.445+00:00,False,90,89.0,,89.0,293817.912718,300039.740302,300039.740278,3333.7748919777778,0.020649999999999998,293817.912718,30963.764404380283,89.43339085,69.9081751011236,19.36614104237376,0.2966273731287013,3,64,,False,False,Request timeout: 300.0s exceeded,204,21.16838264042747
300,2026-09-14T02:22:56.270+00:00,2026-09-14T02:27:49.716+00:00,2026-09-14T02:27:56.328+00:00,False,97,96.0,,96.0,293446.239114,300058.237578,300058.23747,3093.383891443299,0.017929999999999998,293446.239114,29787.964702124325,87.78751660000002,68.874984,19.844673304870543,0.3199378919735368,3,64,,False,False,Request timeout: 300.0s exceeded,394,21.16838264042747
301,2026-09-14T02:23:00.067+00:00,2026-09-14T02:27:53.764+00:00,2026-09-14T02:28:00.093+00:00,False,95,94.0,,94.0,293696.645417,300025.752873,300025.75276,3158.165818526316,0.04339,293696.645417,30125.738717021846,88.6644684,67.33093038297872,20.19482866871301,0.3133064381969568,3,64,,False,False,Request timeout: 300.0s exceeded,465,21.16838264042747
302,2026-09-14T02:23:03.388+00:00,2026-09-14T02:27:57.267+00:00,2026-09-14T02:28:03.416+00:00,False,93,92.0,,92.0,293879.342413,300027.887693,300027.887637,3226.1063186774195,0.045389000000000006,293879.342413,30466.94473761948,88.41708539999999,66.83201391304348,20.283355884977848,0.3066381618969298,3,64,,False,False,Request timeout: 300.0s exceeded,457,21.16838264042747
303,2026-09-14T02:23:07.031+00:00,2026-09-14T02:28:00.335+00:00,2026-09-14T02:28:07.040+00:00,False,101,100.0,,100.0,293303.81771,300009.155566,300009.15573899995,2970.3876805841583,0.0207,293303.81771,29178.155667411153,90.07748,67.05337856,20.404126366786855,0.3333231607926735,3,64,,False,False,Request timeout: 300.0s exceeded,468,21.16838264042747
304,2026-09-14T02:23:09.715+00:00,2026-09-14T02:28:03.584+00:00,2026-09-14T02:28:09.786+00:00,False,91,90.0,,90.0,293868.428978,300071.056306,300071.056149,3297.484133505495,0.02596,293868.428978,30798.564198022286,89.97041550000002,68.91808142222223,20.83180601010278,0.2999289605200101,3,64,,False,False,Request timeout: 300.0s exceeded,423,21.16838264042747
305,2026-09-14T02:23:12.612+00:00,2026-09-14T02:28:06.784+00:00,2026-09-14T02:28:14.632+00:00,False,79,78.0,,78.0,294171.959539,302019.898867,302019.898884,3823.036694734177,0.027739999999999997,294171.959539,33086.920101626085,93.48408439999999,100.61460676923076,296.20417157659404,0.2582611287951882,3,64,,False,False,Request timeout: 300.0s exceeded,394,21.16838264042747
306,2026-09-14T02:23:16.519+00:00,2026-09-14T02:28:10.300+00:00,2026-09-14T02:28:16.535+00:00,False,104,103.0,,103.0,293781.70307499997,300016.348067,300016.34820899996,2884.772578932692,0.0155,293781.70307499997,28802.96281620055,99.91366005,60.53053390291262,267.7280232560436,0.34331462489836695,3,64,,False,False,Request timeout: 300.0s exceeded,493,21.16838264042747
307,2026-09-14T02:23:19.860+00:00,2026-09-14T02:28:14.825+00:00,2026-09-14T02:28:19.895+00:00,False,77,76.0,,76.0,294964.912127,300035.425023,300035.424823,3896.5639587402597,0.03258,294964.912127,33606.77527062704,90.5757544,66.71727494736842,21.816425979965725,0.2533034224014515,3,64,,False,False,Request timeout: 300.0s exceeded,385,21.16838264042747
308,2026-09-14T02:23:24.070+00:00,2026-09-14T02:28:17.713+00:00,2026-09-14T02:28:24.137+00:00,False,92,91.0,,91.0,293643.591902,300067.50819,300067.508151,3261.6033494673916,0.03569,293643.591902,30607.107279397667,88.95053655,70.59248668131869,19.748814961370847,0.30326509040885435,3,64,,False,False,Request timeout: 300.0s exceeded,409,21.16838264042747
309,2026-09-14T02:23:28.259+00:00,2026-09-14T02:28:21.829+00:00,2026-09-14T02:28:28.290+00:00,False,95,94.0,,94.0,293569.936593,300030.789073,300030.788934,3158.2188308842105,0.03364,293569.936593,30112.595277823624,90.8547667,68.73247319148936,20.79504087545314,0.31330117915707983,3,64,,False,False,Request timeout: 300.0s exceeded,430,21.16838264042747
310,2026-09-14T02:23:32.065+00:00,2026-09-14T02:28:25.865+00:00,2026-09-14T02:28:32.168+00:00,False,94,93.0,,93.0,293800.185964,300103.302252,300103.302248,3192.5883217872342,0.01684,293800.185964,30296.191603878895,89.705331,67.77544395698925,20.275063445815906,0.3098932910838378,3,64,,False,False,Request timeout: 300.0s exceeded,472,21.16838264042747
311,2026-09-14T02:23:35.863+00:00,2026-09-14T02:28:29.712+00:00,2026-09-14T02:28:35.891+00:00,False,86,85.0,,85.0,293849.92245300004,300028.95272500004,300028.95268900006,3488.708752197675,0.04301,293849.92245300004,31678.819186597044,89.81072024999999,72.69447378823529,19.595922290546895,0.2833059917317684,3,64,,False,False,Request timeout: 300.0s exceeded,425,21.16838264042747
312,2026-09-14T02:23:40.365+00:00,2026-09-14T02:28:34.429+00:00,2026-09-14T02:28:40.386+00:00,False,92,91.0,,91.0,294063.62463800004,300021.00703800004,300021.00705200003,3261.097902739131,0.0,294063.62463800004,30651.500168801285,90.4340912,65.46574065934065,67.38228643469341,0.3033120943710256,3,64,,False,False,Request timeout: 300.0s exceeded,350,21.16838264042747
313,2026-09-14T02:23:44.172+00:00,2026-09-14T02:28:38.081+00:00,2026-09-14T02:28:44.200+00:00,False,92,91.0,,91.0,293908.75699900003,300028.34176700003,300028.341741,3261.1776276195656,0.022019999999999998,293908.75699900003,30635.10107450646,87.97010904999999,67.24818426373626,19.37007346020279,0.30330467936482475,3,64,,False,False,Request timeout: 300.0s exceeded,450,21.16838264042747
314,2026-09-14T02:23:48.787+00:00,2026-09-14T02:28:42.772+00:00,2026-09-14T02:28:48.822+00:00,False,87,86.0,,86.0,293985.317014,300034.98152599996,300034.981544,3448.677948781609,0.052829999999999995,293985.317014,31510.9984727112,90.3714675,70.34493618604651,19.39371023131743,0.28663324377243504,3,64,,False,False,Request timeout: 300.0s exceeded,400,21.16838264042747
315,2026-09-14T02:23:52.480+00:00,2026-09-14T02:28:45.965+00:00,2026-09-14T02:28:52.512+00:00,False,98,97.0,,97.0,293484.20008700003,300031.66248700005,300031.66254600004,3061.5475770000003,0.02538,293484.20008700003,29639.569375434767,89.90605235000001,67.49961237113403,20.056013869033833,0.3232992118096965,3,64,,False,False,Request timeout: 300.0s exceeded,429,21.16838264042747
316,2026-09-14T02:23:56.669+00:00,2026-09-14T02:28:50.451+00:00,2026-09-14T02:28:56.735+00:00,False,93,92.0,,92.0,293781.804335,300065.857327,300065.857399,3226.514595688172,0.02071,293781.804335,30456.677996434686,90.279477,68.30492382608695,20.611434189988657,0.3065993606188325,3,64,,False,False,Request timeout: 300.0s exceeded,427,21.16838264042747
317,2026-09-14T02:23:59.368+00:00,2026-09-14T02:28:53.515+00:00,2026-09-14T02:28:59.379+00:00,False,86,85.0,,85.0,294146.389287,300011.107367,300011.107397,3488.5012488023253,0.01887,294146.389287,31711.18771747762,90.25206750000001,68.99668329411764,21.099167401722546,0.2833228434306618,3,64,,False,False,Request timeout: 300.0s exceeded,409,21.16838264042747
318,2026-09-14T02:24:03.587+00:00,2026-09-14T02:28:56.863+00:00,2026-09-14T02:29:03.682+00:00,False,102,101.0,,101.0,293276.459927,300095.770775,300095.770901,2942.115400990196,0.02228,293276.459927,29032.018716635997,90.51862155,67.51792918811881,20.785414467176377,0.33655922487400136,3,64,,False,False,Request timeout: 300.0s exceeded,222,21.16838264042747
319,2026-09-14T02:24:07.793+00:00,2026-09-14T02:29:01.276+00:00,2026-09-14T02:29:07.853+00:00,False,95,94.0,,94.0,293483.044135,300059.493671,300059.493592,3158.5209851789473,0.03478,293483.044135,30103.553964696843,90.85813669999999,69.96222910638298,20.549494596360127,0.3132712078194274,3,64,,False,False,Request timeout: 300.0s exceeded,351,21.16838264042747
320,2026-09-14T02:24:12.162+00:00,2026-09-14T02:29:06.341+00:00,2026-09-14T02:29:12.246+00:00,False,88,87.0,,87.0,294179.079329,300083.32048099994,300083.32044499996,3410.037732329545,0.03983,294179.079329,31352.367222620935,89.03607550000001,67.8648408275862,20.170955295372444,0.2899194792317972,3,64,,False,False,Request timeout: 300.0s exceeded,373,21.16838264042747
321,2026-09-14T02:24:14.962+00:00,2026-09-14T02:29:08.977+00:00,2026-09-14T02:29:15.001+00:00,False,92,91.0,,91.0,294014.962908,300038.93014,300038.929941,3261.2927167499997,0.018,294014.962908,30646.28378912072,88.61366104999999,66.1974421098901,20.058132118986688,0.30329397574354383,3,64,,False,False,Request timeout: 300.0s exceeded,494,21.16838264042747
322,2026-09-14T02:24:18.050+00:00,2026-09-14T02:29:11.663+00:00,2026-09-14T02:29:18.139+00:00,False,100,99.0,,99.0,293612.789138,300089.20411399996,300089.204197,3000.89204197,0.01821,293612.789138,29354.743791988338,87.40093395,65.41833309090909,19.951293368536913,0.3299019046429647,3,64,,False,False,Request timeout: 300.0s exceeded,288,21.16838264042747
323,2026-09-14T02:24:20.938+00:00,2026-09-14T02:29:14.872+00:00,2026-09-14T02:29:20.957+00:00,False,92,91.0,,91.0,293934.02895300003,300019.125401,300019.12528700003,3261.0774487717395,0.0316,293934.02895300003,30637.775845505457,89.136875,66.86919173626374,20.11600924526378,0.3033139966606165,3,64,,False,False,Request timeout: 300.0s exceeded,263,21.16838264042747
324,2026-09-14T02:24:23.917+00:00,2026-09-14T02:29:17.587+00:00,2026-09-14T02:29:23.966+00:00,False,92,91.0,,91.0,293670.417351,300049.455047,300049.45509400003,3261.407120586957,0.02729,293670.417351,30609.95565204674,90.23202010000001,70.09931534065933,20.07566009486604,0.3032833370277099,3,64,,False,False,Request timeout: 300.0s exceeded,351,21.16838264042747
325,2026-09-14T02:24:28.625+00:00,2026-09-14T02:29:22.337+00:00,2026-09-14T02:29:28.687+00:00,False,89,88.0,,88.0,293711.874396,300062.184796,300062.184811,3371.4852225955055,0.02902,293711.874396,31125.75331038885,90.43646280000002,72.16261818181819,19.61994695835227,0.2932725430224658,3,64,,False,False,Request timeout: 300.0s exceeded,282,21.16838264042747
326,2026-09-14T02:24:31.651+00:00,2026-09-14T02:29:25.580+00:00,2026-09-14T02:29:31.687+00:00,False,89,88.0,,88.0,293929.13818999997,300035.69230199995,300035.69243899995,3371.1875554943817,0.019100000000000002,293929.13818999997,31149.077071578013,88.83177440000001,69.39266036363637,19.99355137494444,0.2932984383452082,3,64,,False,False,Request timeout: 300.0s exceeded,386,21.16838264042747
327,2026-09-14T02:24:35.491+00:00,2026-09-14T02:29:29.122+00:00,2026-09-14T02:29:35.533+00:00,False,105,104.0,,104.0,293631.11955199996,300041.98470399994,300041.98468799994,2857.5427113142855,0.0,293631.11955199996,28649.515296754387,89.115386,61.64293415384615,62.691527260941825,0.34661815779747956,3,64,,False,False,Request timeout: 300.0s exceeded,511,21.16838264042747
328,2026-09-14T02:24:39.582+00:00,2026-09-14T02:29:33.252+00:00,2026-09-14T02:29:39.608+00:00,False,99,98.0,,98.0,293669.27742500004,300025.48427300004,300025.48422700004,3030.560446737374,0.02487,293669.27742500004,29508.361632735705,90.5708439,64.8592535510204,20.91113107608958,0.3266389194820116,3,64,,False,False,Request timeout: 300.0s exceeded,413,21.16838264042747
329,2026-09-14T02:24:42.704+00:00,2026-09-14T02:29:36.325+00:00,2026-09-14T02:29:42.720+00:00,False,96,95.0,,95.0,293620.99134899996,300016.84901299997,300016.849107,3125.1755115312494,0.02096,293620.99134899996,29960.70263612094,89.32831175,67.32481751578948,20.597953982089503,0.3166488825962024,3,64,,False,False,Request timeout: 300.0s exceeded,410,21.16838264042747
330,2026-09-14T02:24:47.534+00:00,2026-09-14T02:29:39.352+00:00,2026-09-14T02:29:47.640+00:00,False,128,127.0,,127.0,291818.438558,300106.35535800003,300106.35548300005,2344.580902210938,0.0189,291818.438558,25787.589633111238,90.29889385,65.2591874015748,20.630624397242354,0.4231833072928441,3,64,,False,False,Request timeout: 300.0s exceeded,796,21.16838264042747
331,2026-09-14T02:24:52.002+00:00,2026-09-14T02:29:45.670+00:00,2026-09-14T02:29:52.017+00:00,False,102,101.0,,101.0,293667.196829,300014.28214100003,300014.281911,2941.31648932353,0.023039999999999998,293667.196829,29071.1710034327,91.74967860000001,62.842428831683165,21.663179479796185,0.33665063969365383,3,64,,False,False,Request timeout: 300.0s exceeded,340,21.16838264042747
332,2026-09-14T02:24:55.346+00:00,2026-09-14T02:29:49.202+00:00,2026-09-14T02:29:55.370+00:00,False,88,87.0,,87.0,293855.913014,300023.313462,300023.31340499996,3409.3558341477274,0.04293,293855.913014,31317.59495454128,90.36299319999998,70.88966032183907,19.880680984484755,0.2899774654045981,3,64,,False,False,Request timeout: 300.0s exceeded,389,21.16838264042747
333,2026-09-14T02:24:58.936+00:00,2026-09-14T02:29:52.514+00:00,2026-09-14T02:29:59.016+00:00,False,96,95.0,,95.0,293578.777701,300080.490085,300080.489976,3125.83843725,0.0344,293578.777701,29956.280733544198,88.90221025000001,68.4390777263158,20.9365619583875,0.3165817276994267,3,64,,False,False,Request timeout: 300.0s exceeded,525,21.16838264042747
334,2026-09-14T02:25:02.524+00:00,2026-09-14T02:29:56.090+00:00,2026-09-14T02:30:02.538+00:00,False,94,93.0,,93.0,293565.552801,300013.843361,300013.843559,3191.636633606383,0.04456,293565.552801,30271.830378254108,89.2457085,69.3364576344086,20.779514833526303,0.3099856958536915,3,64,,False,False,Request timeout: 300.0s exceeded,318,21.16838264042747
335,2026-09-14T02:25:07.051+00:00,2026-09-14T02:30:00.522+00:00,2026-09-14T02:30:07.119+00:00,False,98,97.0,,97.0,293471.484674,300067.91885,300067.918809,3061.917538867347,0.041530000000000004,293471.484674,29638.23408767434,89.4692982,68.00447604123711,20.295666511839226,0.3232601484748825,3,64,,False,False,Request timeout: 300.0s exceeded,252,21.16838264042747
336,2026-09-14T02:25:10.934+00:00,2026-09-14T02:30:04.748+00:00,2026-09-14T02:30:10.964+00:00,False,92,91.0,,91.0,293814.61388200003,300030.548346,300030.54836,3261.201612608696,0.03514,293814.61388200003,30625.176382975504,88.99070104999998,68.30697213186814,20.59618965876706,0.3033024487061809,3,64,,False,False,Request timeout: 300.0s exceeded,381,21.16838264042747
337,2026-09-14T02:25:15.039+00:00,2026-09-14T02:30:08.821+00:00,2026-09-14T02:30:15.084+00:00,False,95,94.0,,94.0,293782.086313,300044.197545,300044.197614,3158.3599748842107,0.02048,293782.086313,30134.577762442597,88.6399864,66.61820459574469,20.001595650613748,0.31328717825280417,3,64,,False,False,Request timeout: 300.0s exceeded,308,21.16838264042747
338,2026-09-14T02:25:18.075+00:00,2026-09-14T02:30:11.753+00:00,2026-09-14T02:30:18.121+00:00,False,96,95.0,,95.0,293678.675523,300046.363459,300046.363511,3125.4829532395834,0.032229999999999995,293678.675523,29966.620049597128,87.413918,67.02829406315789,20.278872517439513,0.31661773502207874,3,64,,False,False,Request timeout: 300.0s exceeded,467,21.16838264042747
339,2026-09-14T02:25:21.994+00:00,2026-09-14T02:30:15.539+00:00,2026-09-14T02:30:22.053+00:00,False,96,95.0,,95.0,293544.5111,300059.36294,300059.363058,3125.6183651875,0.019530000000000002,293544.5111,29952.76854402294,88.66737775,68.57738778947368,19.817065801688862,0.3166040181822163,3,64,,False,False,Request timeout: 300.0s exceeded,434,21.16838264042747
340,2026-09-14T02:25:26.465+00:00,2026-09-14T02:30:19.992+00:00,2026-09-14T02:30:26.536+00:00,False,94,93.0,,93.0,293527.12009,300070.49672999996,300070.49674699997,3192.2393270957446,0.025768999999999997,293527.12009,30267.760517613828,90.7578328,70.35888860215054,20.2203867788264,0.30992717049314034,3,64,,False,False,Request timeout: 300.0s exceeded,485,21.16838264042747
341,2026-09-14T02:25:30.384+00:00,2026-09-14T02:30:24.226+00:00,2026-09-14T02:30:30.408+00:00,False,98,97.0,,97.0,293841.686448,300024.11512000003,300024.11503700004,3061.470561602041,0.0,293841.686448,29676.12638411412,92.39349634999999,63.736378061855675,65.71251012561612,0.32330734468195366,3,64,,False,False,Request timeout: 300.0s exceeded,481,21.16838264042747
342,2026-09-14T02:25:34.375+00:00,2026-09-14T02:30:28.315+00:00,2026-09-14T02:30:34.408+00:00,False,95,94.0,,94.0,293940.48369300005,300033.66231700004,300033.66229000007,3158.2490767368427,0.08376,293940.48369300005,30151.01401593126,91.0187127,64.82104919148937,20.960493217641226,0.31329817885795913,3,64,,False,False,Request timeout: 300.0s exceeded,419,21.16838264042747
343,2026-09-14T02:25:37.286+00:00,2026-09-14T02:30:31.149+00:00,2026-09-14T02:30:37.336+00:00,False,91,90.0,,90.0,293862.38077,300049.283298,300049.283349,3297.244871967033,0.019059999999999997,293862.38077,30797.948277963624,89.21584650000001,68.74336142222222,20.513766638013546,0.2999507247968151,3,64,,False,False,Request timeout: 300.0s exceeded,377,21.16838264042747
344,2026-09-14T02:25:41.096+00:00,2026-09-14T02:30:35.039+00:00,2026-09-14T02:30:41.169+00:00,False,93,92.0,,92.0,293943.404672,300073.58860799996,300073.588581,3226.597726677419,0.038880000000000005,293943.404672,30473.60880927886,90.58875099999999,66.63243408695652,20.927604330442467,0.3065914612038178,3,64,,False,False,Request timeout: 300.0s exceeded,416,21.16838264042747
345,2026-09-14T02:25:43.907+00:00,2026-09-14T02:30:37.503+00:00,2026-09-14T02:30:43.917+00:00,False,97,96.0,,96.0,293596.104067,300010.005379,300010.005388,3092.886653484536,0.03168,293596.104067,29803.391150409803,88.641535,66.811472,20.521185014950817,0.31998932795165963,3,64,,False,False,Request timeout: 300.0s exceeded,401,21.16838264042747
346,2026-09-14T02:25:47.802+00:00,2026-09-14T02:30:41.468+00:00,2026-09-14T02:30:47.900+00:00,False,96,95.0,,95.0,293665.9973,300097.967604,300097.967532,3126.020495125,0.04414,293665.9973,29965.257198345425,89.4350555,67.70495056842105,20.538520707560867,0.31656329017649015,3,64,,False,False,Request timeout: 300.0s exceeded,495,21.16838264042747
347,2026-09-14T02:25:50.425+00:00,2026-09-14T02:30:43.919+00:00,2026-09-14T02:30:50.483+00:00,False,98,97.0,,97.0,293493.971295,300058.079839,300058.079909,3061.8171419285713,0.045939999999999995,293493.971295,29640.53958629358,90.468882,67.67122210309279,20.796807178488457,0.323270748289953,3,64,,False,False,Request timeout: 300.0s exceeded,471,21.16838264042747
348,2026-09-14T02:25:53.839+00:00,2026-09-14T02:30:47.636+00:00,2026-09-14T02:30:53.859+00:00,False,95,94.0,,94.0,293797.03825,300019.613098,300019.613174,3158.101191305263,0.04203,293797.03825,30136.15523709332,89.970471,66.19760476595745,20.432506387176947,0.3133128498812354,3,64,,False,False,Request timeout: 300.0s exceeded,444,21.16838264042747
349,2026-09-14T02:25:57.387+00:00,2026-09-14T02:30:50.647+00:00,2026-09-14T02:30:57.436+00:00,False,102,101.0,,101.0,293259.741879,300049.26123899996,300049.26128599996,2941.659424372549,0.0362,293259.741879,29030.39229199103,88.3096925,67.22296396039604,20.361256685810716,0.3366113936856185,3,64,,False,False,Request timeout: 300.0s exceeded,438,21.16838264042747
350,2026-09-14T02:26:02.081+00:00,2026-09-14T02:30:55.476+00:00,2026-09-14T02:31:02.092+00:00,False,97,96.0,,96.0,293395.483727,300011.77505500003,300011.77505,3092.9048974226807,0.019969999999999998,293395.483727,29782.806635991517,89.2624628,68.91970133333332,19.69539998683372,0.31998744043429855,3,64,,False,False,Request timeout: 300.0s exceeded,459,21.16838264042747
351,2026-09-14T02:26:06.664+00:00,2026-09-14T02:30:59.939+00:00,2026-09-14T02:31:06.709+00:00,False,100,99.0,,99.0,293275.278925,300045.010253,300045.010274,3000.4501027399997,0.02398,293275.278925,29320.69647384911,88.89581395,68.38112452525252,19.913320405459565,0.32995049614896954,3,64,,False,False,Request timeout: 300.0s exceeded,457,21.16838264042747
352,2026-09-14T02:26:09.959+00:00,2026-09-14T02:31:03.304+00:00,2026-09-14T02:31:09.977+00:00,False,98,97.0,,97.0,293345.60727,300017.74166999996,300017.741766,3061.4055282244894,0.03717,293345.60727,29625.439524884005,89.78724785,68.78489072164949,20.007724995457625,0.3233142128864289,3,64,,False,False,Request timeout: 300.0s exceeded,317,21.16838264042747
353,2026-09-14T02:26:14.029+00:00,2026-09-14T02:31:07.824+00:00,2026-09-14T02:31:14.058+00:00,False,94,93.0,,93.0,293795.39758499997,300029.18036899995,300029.180366,3191.7997911276593,0.020489999999999998,293795.39758499997,30295.77491263121,89.02704015,67.02992240860215,20.71964352272338,0.3099698498846717,3,64,,False,False,Request timeout: 300.0s exceeded,298,21.16838264042747
354,2026-09-14T02:26:18.610+00:00,2026-09-14T02:31:11.965+00:00,2026-09-14T02:31:18.632+00:00,False,104,103.0,,103.0,293355.00318,300022.375212,300022.375316,2884.8305318846155,0.041,293355.00318,28759.484265671043,87.79185949999999,64.73176730097087,20.184327742997965,0.34330772805601173,3,64,,False,False,Request timeout: 300.0s exceeded,465,21.16838264042747
355,2026-09-14T02:26:21.642+00:00,2026-09-14T02:31:15.328+00:00,2026-09-14T02:31:21.706+00:00,False,89,88.0,,88.0,293685.812836,300064.201316,300064.201551,3371.5078825955056,0.01729,293685.812836,31123.022580071887,87.86097840000001,72.48168727272727,67.20026414960878,0.29327057214441415,3,64,,False,False,Request timeout: 300.0s exceeded,372,21.16838264042747
356,2026-09-14T02:26:24.615+00:00,2026-09-14T02:31:18.388+00:00,2026-09-14T02:31:24.641+00:00,False,98,97.0,,97.0,293772.789805,300025.509421,300025.509436,3061.484790163265,0.0,293772.789805,29669.100674271256,90.8299455,64.46102696907217,68.8692068219994,0.32330584218386654,3,64,,False,False,Request timeout: 300.0s exceeded,442,21.16838264042747
357,2026-09-14T02:26:28.402+00:00,2026-09-14T02:31:22.886+00:00,2026-09-14T02:31:28.478+00:00,False,79,78.0,,78.0,294483.815629,300076.541901,300076.542083,3798.4372415569624,0.01761,294483.815629,33123.95668781455,90.18006989999999,71.70161887179486,19.98603451353541,0.2599336806065081,3,64,,False,False,Request timeout: 300.0s exceeded,371,21.16838264042747
358,2026-09-14T02:26:31.334+00:00,2026-09-14T02:31:24.934+00:00,2026-09-14T02:31:31.376+00:00,False,92,91.0,,91.0,293599.693039,300042.356463,300042.356239,3261.329959119565,0.08278,293599.693039,30602.508931842956,89.47761464999999,70.79849916483516,19.595321823122287,0.30329051228879333,3,64,,False,False,Request timeout: 300.0s exceeded,474,21.16838264042747
359,2026-09-14T02:26:34.476+00:00,2026-09-14T02:31:28.008+00:00,2026-09-14T02:31:34.490+00:00,False,93,92.0,,92.0,293531.959766,300014.60757399997,300014.607611,3225.9635226989244,0.03064,293531.959766,30430.54545015416,88.03662260000002,70.46356313043478,19.00088012621685,0.3066517352069525,3,64,,False,False,Request timeout: 300.0s exceeded,294,21.16838264042747
360,2026-09-14T02:26:38.027+00:00,2026-09-14T02:31:31.511+00:00,2026-09-14T02:31:38.044+00:00,False,94,93.0,,93.0,293483.60240100004,300017.123297,300017.12317900005,3191.6715231808516,0.041210000000000004,293483.60240100004,30263.282345282525,89.19091495,70.25291286021505,19.2958061477733,0.30998230693631196,3,64,,False,False,Request timeout: 300.0s exceeded,490,21.16838264042747
361,2026-09-14T02:26:41.877+00:00,2026-09-14T02:31:35.077+00:00,2026-09-14T02:31:41.942+00:00,False,104,103.0,,103.0,293199.499864,300064.68412,300064.684142,2885.2373475192308,0.03617,293199.499864,28744.04794086877,89.81213335000001,66.65227433009709,20.677615789731792,0.343259321909435,3,64,,False,False,Request timeout: 300.0s exceeded,480,21.16838264042747
362,2026-09-14T02:26:46.392+00:00,2026-09-14T02:31:40.033+00:00,2026-09-14T02:31:46.557+00:00,False,102,101.0,,101.0,293641.185676,300165.70740400004,300165.707245,2942.801051421569,0.0358,293641.185676,29068.420777579933,89.165893,64.59922502970296,20.564863027760495,0.3364808087955955,3,64,,False,False,Request timeout: 300.0s exceeded,470,21.16838264042747
363,2026-09-14T02:26:50.913+00:00,2026-09-14T02:31:44.249+00:00,2026-09-14T02:31:50.992+00:00,False,102,101.0,,101.0,293335.940208,300078.946928,300078.946904,2941.950459843137,0.01822,293335.940208,29037.982492605213,89.08866099999999,66.76244277227723,20.136983721881922,0.33657809397816113,3,64,,False,False,Request timeout: 300.0s exceeded,473,21.16838264042747
364,2026-09-14T02:26:55.205+00:00,2026-09-14T02:31:48.692+00:00,2026-09-14T02:31:55.259+00:00,False,99,98.0,,98.0,293487.234163,300053.917811,300053.91774,3030.847653939394,0.02302,293487.234163,29489.84922494413,88.346113,67.006976,20.15372784494839,0.32660796671126585,3,64,,False,False,Request timeout: 300.0s exceeded,383,21.16838264042747
365,2026-09-14T02:26:59.238+00:00,2026-09-14T02:31:53.222+00:00,2026-09-14T02:31:59.291+00:00,False,89,88.0,,88.0,293983.731208,300052.303624,300052.303588,3371.374197617977,0.04439,293983.731208,31154.910071441383,90.85813200000001,68.96105018181818,20.617288980109297,0.29328220092678947,3,64,,False,False,Request timeout: 300.0s exceeded,196,21.16838264042747
366,2026-09-14T02:27:03.858+00:00,2026-09-14T02:31:57.751+00:00,2026-09-14T02:32:05.596+00:00,False,80,79.0,,79.0,293893.643044,301738.3729,301738.372814,3771.7296601750004,0.02893,293893.643044,32848.47415181888,89.91514995,99.30037792405064,290.47348704109874,0.2618162192654947,3,64,,False,False,Request timeout: 300.0s exceeded,371,21.16838264042747
367,2026-09-14T02:27:08.468+00:00,2026-09-14T02:32:02.330+00:00,2026-09-14T02:32:08.498+00:00,False,105,104.0,,104.0,293861.491897,300029.975481,300029.975386,2857.4283370095236,0.0155,293861.491897,28673.366145555858,88.3223872,59.31234215384615,264.6151669388301,0.3466320317937233,3,64,,False,False,Request timeout: 300.0s exceeded,505,21.16838264042747
368,2026-09-14T02:27:13.115+00:00,2026-09-14T02:32:06.952+00:00,2026-09-14T02:32:13.195+00:00,False,95,94.0,,94.0,293836.611095,300080.030999,300080.030985,3158.737168263158,0.02436,293836.611095,30140.19207306147,87.51389770000002,66.41936068085107,19.673264544887733,0.31324976769384977,3,64,,False,False,Request timeout: 300.0s exceeded,431,21.16838264042747
369,2026-09-14T02:27:16.951+00:00,2026-09-14T02:32:10.812+00:00,2026-09-14T02:32:16.982+00:00,False,96,95.0,,95.0,293861.223917,300031.504365,300031.504172,3125.3281684583335,0.0,293861.223917,29985.526322795424,87.66196749999999,64.95032050526316,65.00156210007526,0.31663341555101765,3,64,,False,False,Request timeout: 300.0s exceeded,422,21.16838264042747
370,2026-09-14T02:27:21.717+00:00,2026-09-14T02:32:15.212+00:00,2026-09-14T02:32:21.725+00:00,False,99,98.0,,98.0,293494.280987,300007.90607499995,300007.906327,3030.382892191919,0.0,293494.280987,29490.673864883163,88.85081100000001,66.46556212244899,64.03393271955433,0.32665805805631226,3,64,,False,False,Request timeout: 300.0s exceeded,323,21.16838264042747
371,2026-09-14T02:27:25.585+00:00,2026-09-14T02:32:19.151+00:00,2026-09-14T02:32:25.607+00:00,False,94,93.0,,93.0,293566.64811799995,300022.83448599995,300022.834489,3191.732281797872,0.04736,293566.64811799995,30271.934169129647,90.26149845,69.42135879569892,20.142782139843316,0.3099764061603107,3,64,,False,False,Request timeout: 300.0s exceeded,267,21.16838264042747
372,2026-09-14T02:27:29.022+00:00,2026-09-14T02:32:22.963+00:00,2026-09-14T02:32:29.041+00:00,False,86,85.0,,85.0,293940.90664099995,300019.042193,300019.04209999996,3488.593512790697,0.03824,293940.90664099995,31688.758880302437,90.76645825,71.50747708235293,20.587135946971188,0.28331535018140663,3,64,,False,False,Request timeout: 300.0s exceeded,459,21.16838264042747
373,2026-09-14T02:27:33.572+00:00,2026-09-14T02:32:27.569+00:00,2026-09-14T02:32:33.593+00:00,False,87,86.0,,86.0,293996.775268,300020.7233,300020.72337300004,3448.514061758621,0.02027,293996.775268,31512.259613551458,90.004153,70.04590734883722,20.40021069857174,0.28664686577002196,3,64,,False,False,Request timeout: 300.0s exceeded,446,21.16838264042747
374,2026-09-14T02:27:36.868+00:00,2026-09-14T02:32:30.711+00:00,2026-09-14T02:32:36.874+00:00,False,91,90.0,,90.0,293843.879125,300006.67464499996,300006.67458999995,3296.7766438461535,0.04572,293843.879125,30796.037165600213,90.7571935,68.47550577777777,20.975525102286497,0.29999332550349966,3,64,,False,False,Request timeout: 300.0s exceeded,331,21.16838264042747
375,2026-09-14T02:27:41.398+00:00,2026-09-14T02:32:35.208+00:00,2026-09-14T02:32:41.476+00:00,False,94,93.0,,93.0,293809.673884,300078.078108,300078.07803699997,3192.3199791170214,0.01766,293809.673884,30297.208992294934,90.83327129999999,67.40219595698925,20.703669985264156,0.30991934028092755,3,64,,False,False,Request timeout: 300.0s exceeded,367,21.16838264042747
376,2026-09-14T02:27:44.620+00:00,2026-09-14T02:32:38.086+00:00,2026-09-14T02:32:44.664+00:00,False,102,101.0,,101.0,293466.206885,300044.294309,300044.294335,2941.61072877451,0.01602,293466.206885,29051.042568114946,89.00602450000001,65.12957845544554,20.250307915891348,0.33661696594698565,3,64,,False,False,Request timeout: 300.0s exceeded,496,21.16838264042747
377,2026-09-14T02:27:49.140+00:00,2026-09-14T02:32:42.604+00:00,2026-09-14T02:32:49.164+00:00,False,97,96.0,,96.0,293463.836499,300023.377235,300023.377088,3093.024506061856,0.01805,293463.836499,29789.80721209926,91.3856588,68.32854933333333,20.271716502126043,0.319975066225609,3,64,,False,False,Request timeout: 300.0s exceeded,398,21.16838264042747
378,2026-09-14T02:27:53.082+00:00,2026-09-14T02:32:46.947+00:00,2026-09-14T02:32:53.145+00:00,False,90,89.0,,89.0,293864.88058,300063.304132,300063.303981,3334.0367109,0.02872,293864.88058,30968.7429636313,89.61415795,69.6452084494382,19.355765043488294,0.2966040791207453,3,64,,False,False,Request timeout: 300.0s exceeded,130,21.16838264042747
379,2026-09-14T02:27:57.235+00:00,2026-09-14T02:32:50.753+00:00,2026-09-14T02:32:57.313+00:00,False,96,95.0,,95.0,293517.88026,300077.670084,300077.669918,3125.8090616458335,0.060378999999999995,293517.88026,29950.001756067046,89.21853675000003,69.05041920000001,19.019623704751915,0.31658470279846845,3,64,,False,False,Request timeout: 300.0s exceeded,453,21.16838264042747
380,2026-09-14T02:28:00.493+00:00,2026-09-14T02:32:53.779+00:00,2026-09-14T02:33:00.511+00:00,False,98,97.0,,97.0,293286.260994,300018.400258,300018.40013900003,3061.4122463163267,0.02493,293286.260994,29619.38125899895,86.91497735000002,69.40349756701032,18.61353522595693,0.32331350316042323,3,64,,False,False,Request timeout: 300.0s exceeded,390,21.16838264042747
381,2026-09-14T02:28:04.531+00:00,2026-09-14T02:32:58.271+00:00,2026-09-14T02:33:04.577+00:00,False,94,93.0,,93.0,293739.597466,300045.675418,300045.67553,3191.9752715957447,0.01858,293739.597466,30289.938983197364,87.77244600000002,67.80728980645162,20.106891723271442,0.3099528092529236,3,64,,False,False,Request timeout: 300.0s exceeded,429,21.16838264042747
382,2026-09-14T02:28:08.005+00:00,2026-09-14T02:33:01.816+00:00,2026-09-14T02:33:08.025+00:00,False,91,90.0,,90.0,293810.743322,300020.30313,300020.30314000003,3296.9264081318684,0.019960000000000002,293810.743322,30792.509201581743,89.8069605,68.99510897777778,21.094595165709965,0.299979698243964,3,64,,False,False,Request timeout: 300.0s exceeded,522,21.16838264042747
383,2026-09-14T02:28:11.544+00:00,2026-09-14T02:33:05.111+00:00,2026-09-14T02:33:11.568+00:00,False,100,99.0,,99.0,293567.18406199996,300024.64454199997,300024.64452699997,3000.2464452699996,0.0,293567.18406199996,29350.27311010745,88.22399335,65.22687353535353,67.74407377938384,0.32997289323057977,3,64,,False,False,Request timeout: 300.0s exceeded,444,21.16838264042747
384,2026-09-14T02:28:14.660+00:00,2026-09-14T02:33:06.863+00:00,2026-09-14T02:33:14.756+00:00,False,132,131.0,,131.0,292202.811337,300095.522505,300095.522433,2273.4509275227274,0.0,292202.811337,25427.816436466535,89.42924855000001,60.24970357251909,60.008998495049205,0.4365276726107013,3,64,,False,False,Request timeout: 300.0s exceeded,432,21.16838264042747
385,2026-09-14T02:28:17.346+00:00,2026-09-14T02:33:11.353+00:00,2026-09-14T02:33:17.412+00:00,False,105,104.0,,104.0,294006.597544,300065.126056,300065.12611,2857.763105809524,0.05086,294006.597544,28686.427987514417,88.6180032,58.25508184615385,20.283975854423293,0.34659142622455524,3,64,,False,False,Request timeout: 300.0s exceeded,496,21.16838264042747
386,2026-09-14T02:28:20.496+00:00,2026-09-14T02:33:16.039+00:00,2026-09-14T02:33:20.520+00:00,False,69,68.0,,68.0,295542.444846,300024.120622,300024.12084,4348.175664347826,0.0349,295542.444846,35571.20134477208,89.70553899999999,65.90699670588235,21.27610010603635,0.22664844366187847,3,64,,False,False,Request timeout: 300.0s exceeded,319,21.16838264042747
387,2026-09-14T02:28:24.917+00:00,2026-09-14T02:33:18.446+00:00,2026-09-14T02:33:24.977+00:00,False,92,91.0,,91.0,293529.00039,300060.60487,300060.604798,3261.528313021739,0.05638,293529.00039,30595.036347607253,87.28751855,71.77587340659342,18.84017306671568,0.3032720674525914,3,64,,False,False,Request timeout: 300.0s exceeded,395,21.16838264042747
388,2026-09-14T02:28:29.301+00:00,2026-09-14T02:33:23.114+00:00,2026-09-14T02:33:29.332+00:00,False,93,92.0,,92.0,293812.988454,300030.705958,300030.706004,3226.1366236989243,0.031979,293812.988454,30459.986248663194,89.466461,67.58388591304349,20.374452892650254,0.3066352815664097,3,64,,False,False,Request timeout: 300.0s exceeded,457,21.16838264042747
389,2026-09-14T02:28:33.197+00:00,2026-09-14T02:33:27.079+00:00,2026-09-14T02:33:33.232+00:00,False,96,95.0,,95.0,293882.266542,300035.134638,300035.134549,3125.3659848854168,0.017839999999999998,293882.266542,29987.629639389692,88.66404799999998,64.76703258947369,20.10475689447153,0.31662958444723455,3,64,,False,False,Request timeout: 300.0s exceeded,447,21.16838264042747
390,2026-09-14T02:28:37.519+00:00,2026-09-14T02:33:30.787+00:00,2026-09-14T02:33:37.829+00:00,False,108,107.0,,107.0,293268.62015100004,300310.49483900005,300310.49477100006,2780.6527293611116,0.03694,293268.62015100004,28213.459979561445,85.832287,65.81191297196261,19.392281741393287,0.3562979044650569,3,64,,False,False,Request timeout: 300.0s exceeded,351,21.16838264042747
391,2026-09-14T02:28:40.670+00:00,2026-09-14T02:33:34.381+00:00,2026-09-14T02:33:40.735+00:00,False,100,99.0,,99.0,293710.800491,300064.808299,300064.808182,3000.6480818200002,0.02209,293710.800491,29364.668938373565,88.565081,64.18189705050504,20.4933868837703,0.3299287262681977,3,64,,False,False,Request timeout: 300.0s exceeded,471,21.16838264042747
392,2026-09-14T02:28:43.292+00:00,2026-09-14T02:33:37.054+00:00,2026-09-14T02:33:43.338+00:00,False,99,98.0,,98.0,293761.692095,300045.572287,300045.572375,3030.7633573232324,0.019760000000000003,293761.692095,29517.724253134165,88.03813190000001,64.1212264489796,21.508055188025004,0.32661705104670197,3,64,,False,False,Request timeout: 300.0s exceeded,464,21.16838264042747
393,2026-09-14T02:28:47.868+00:00,2026-09-14T02:33:41.769+00:00,2026-09-14T02:33:47.905+00:00,False,93,92.0,,92.0,293900.910074,300036.943098,300036.943126,3226.203689526882,0.02104,293900.910074,30469.195127375468,88.6351792,66.69601113043478,20.01616125491239,0.3066289072607648,3,64,,False,False,Request timeout: 300.0s exceeded,482,21.16838264042747
394,2026-09-14T02:28:51.600+00:00,2026-09-14T02:33:45.720+00:00,2026-09-14T02:33:51.658+00:00,False,92,91.0,,91.0,294120.120435,300058.11262699997,300058.112625,3261.5012241847826,0.039450000000000006,294120.120435,30657.345537723773,87.28159905000001,65.25266145054945,19.779424596362503,0.3032745863902751,3,64,,False,False,Request timeout: 300.0s exceeded,334,21.16838264042747
395,2026-09-14T02:28:55.457+00:00,2026-09-14T02:33:49.119+00:00,2026-09-14T02:33:55.478+00:00,False,99,98.0,,98.0,293662.50185299997,300021.30530899996,300021.305235,3030.5182346969696,0.0337,293662.50185299997,29507.677020273975,87.2462676,64.88574955102041,19.465296185137614,0.32664346919985293,3,64,,False,False,Request timeout: 300.0s exceeded,612,21.16838264042747
396,2026-09-14T02:28:59.344+00:00,2026-09-14T02:33:52.854+00:00,2026-09-14T02:33:59.362+00:00,False,97,96.0,,96.0,293510.02886799996,300017.53069199994,300017.53067699994,3092.964233783505,0.03265,293510.02886799996,29794.552054184787,88.3425238,67.78647733333332,19.790402438095995,0.31998130168784794,3,64,,False,False,Request timeout: 300.0s exceeded,486,21.16838264042747
397,2026-09-14T02:29:03.174+00:00,2026-09-14T02:33:56.694+00:00,2026-09-14T02:34:03.209+00:00,False,97,96.0,,96.0,293519.934111,300034.579103,300034.579234,3093.1399921030925,0.02255,293519.934111,29795.550204000792,89.87539279999999,67.86088533333333,19.760157577520417,0.31996311987440557,3,64,,False,False,Request timeout: 300.0s exceeded,452,21.16838264042747
398,2026-09-14T02:29:07.815+00:00,2026-09-14T02:34:01.411+00:00,2026-09-14T02:34:07.895+00:00,False,101,100.0,,100.0,293595.400805,300080.01699699997,300080.016891,2971.0892761485147,0.0,293595.400805,29207.456198928656,88.051596,64.84616192,66.24145945832657,0.33324444926634267,3,64,,False,False,Request timeout: 300.0s exceeded,464,21.16838264042747
399,2026-09-14T02:29:11.180+00:00,2026-09-14T02:34:04.681+00:00,2026-09-14T02:34:11.196+00:00,False,98,97.0,,97.0,293500.609208,300016.323256,300016.323159,3061.391052642857,0.0,293500.609208,29641.32907620613,89.52950669999998,67.17230977319588,67.37477185200598,0.323315741447945,3,64,,False,False,Request timeout: 300.0s exceeded,462,21.16838264042747
400,2026-09-14T02:29:14.476+00:00,2026-09-14T02:34:08.142+00:00,2026-09-14T02:34:14.533+00:00,False,89,88.0,,88.0,293665.262753,300056.96297700005,300056.963066,3371.426551303371,0.02554,293665.262753,31120.76298597401,90.90385780000001,72.63295709090909,20.181172663482887,0.2932776467738406,3,64,,False,False,Request timeout: 300.0s exceeded,459,21.16838264042747
401,2026-09-14T02:29:17.522+00:00,2026-09-14T02:34:11.105+00:00,2026-09-14T02:34:17.591+00:00,False,93,92.0,,92.0,293583.24538,300068.698436,300068.698614,3226.5451463870963,0.02147,293583.24538,30435.861045627007,89.2647898,70.49405495652174,20.08431932737966,0.3065964576762484,3,64,,False,False,Request timeout: 300.0s exceeded,393,21.16838264042747
402,2026-09-14T02:29:21.624+00:00,2026-09-14T02:34:15.232+00:00,2026-09-14T02:34:21.673+00:00,False,95,94.0,,94.0,293608.462309,300048.67094900005,300048.670859,3158.4070616736844,0.03742,293608.462309,30116.569998220046,88.7972077,68.51285787234042,20.101704222254767,0.3132825074768533,3,64,,False,False,Request timeout: 300.0s exceeded,477,21.16838264042747
403,2026-09-14T02:29:24.780+00:00,2026-09-14T02:34:18.571+00:00,2026-09-14T02:34:24.810+00:00,False,92,91.0,,91.0,293790.760008,300030.275144,300030.275091,3261.1986422934783,0.02312,293790.760008,30622.661894111618,88.31165845,68.56610039560441,19.775189298749545,0.3033027248877614,3,64,,False,False,Request timeout: 300.0s exceeded,263,21.16838264042747
404,2026-09-14T02:29:29.453+00:00,2026-09-14T02:34:23.128+00:00,2026-09-14T02:34:29.498+00:00,False,92,91.0,,91.0,293675.903413,300045.178293,300045.178253,3261.3606331847827,0.033939,293675.903413,30610.539006712967,89.65853905,69.99203164835166,20.393980829837012,0.30328765993745355,3,64,,False,False,Request timeout: 300.0s exceeded,347,21.16838264042747
405,2026-09-14T02:29:34.020+00:00,2026-09-14T02:34:27.834+00:00,2026-09-14T02:34:34.051+00:00,False,95,94.0,,94.0,293814.62652499997,300030.681053,300030.681259,3158.2176974631575,0.040490000000000005,293814.62652499997,30137.966582997706,87.2809294,66.12823965957448,19.996738700229567,0.31330129195485523,3,64,,False,False,Request timeout: 300.0s exceeded,442,21.16838264042747
406,2026-09-14T02:29:38.740+00:00,2026-09-14T02:34:32.593+00:00,2026-09-14T02:34:38.788+00:00,False,91,90.0,,90.0,293852.3101,300047.79195600003,300047.792098,3297.228484593407,0.02013,293852.3101,30796.882209667136,88.6560735,68.83868728888889,19.924621116127536,0.2999522156563575,3,64,,False,False,Request timeout: 300.0s exceeded,377,21.16838264042747
407,2026-09-14T02:29:41.579+00:00,2026-09-14T02:34:35.411+00:00,2026-09-14T02:34:41.622+00:00,False,89,88.0,,88.0,293832.295545,300042.953593,300042.95364100003,3371.269142033708,0.03444,293832.295545,31138.685925417427,88.0087564,70.57565963636364,19.270203928460965,0.29329134027713105,3,64,,False,False,Request timeout: 300.0s exceeded,455,21.16838264042747
408,2026-09-14T02:29:45.431+00:00,2026-09-14T02:34:39.600+00:00,2026-09-14T02:34:45.446+00:00,False,86,85.0,,85.0,294169.654357,300015.227221,300015.227192,3488.549153395349,0.027649,294169.654357,31713.719884650713,88.81711725,68.77144545882354,19.752091588032222,0.2833189527989741,3,64,,False,False,Request timeout: 300.0s exceeded,277,21.16838264042747
409,2026-09-14T02:29:48.081+00:00,2026-09-14T02:34:42.091+00:00,2026-09-14T02:34:48.104+00:00,False,92,91.0,,91.0,294009.84345700004,300022.76352100004,300022.763739,3261.116997163044,0.02121,294009.84345700004,30645.762659190623,88.14207809999999,66.07604465934065,19.986235126154543,0.30331031863064106,3,64,,False,False,Request timeout: 300.0s exceeded,458,21.16838264042747
410,2026-09-14T02:29:51.274+00:00,2026-09-14T02:34:45.199+00:00,2026-09-14T02:34:51.335+00:00,False,95,94.0,,94.0,293924.66252899996,300060.924417,300060.92422099994,3158.5360444315784,0.02094,293924.66252899996,30149.34316142245,87.12236399999998,65.27938178723404,20.047965142924443,0.3132697140843522,3,64,,False,False,Request timeout: 300.0s exceeded,463,21.16838264042747
411,2026-09-14T02:29:55.294+00:00,2026-09-14T02:34:49.140+00:00,2026-09-14T02:34:55.325+00:00,False,91,90.0,,90.0,293846.097679,300031.371791,300031.371638,3297.048039978022,0.08764,293846.097679,30796.242794028778,88.10678949999999,68.72526791111112,19.8195634520224,0.2999686314892879,3,64,,True,False,Request timeout: 300.0s exceeded,435,21.16838264042747
412,2026-09-14T02:29:58.010+00:00,2026-09-14T02:34:51.846+00:00,2026-09-14T02:34:58.069+00:00,False,91,90.0,,90.0,293835.896463,300059.658639,300059.658651,3297.358886274725,0.039049,293835.896463,30795.128688967947,88.3808935,69.15291306666666,19.979684348682966,0.29994035322248525,3,64,,True,False,Request timeout: 300.0s exceeded,301,21.16838264042747
413,2026-09-14T02:30:02.287+00:00,2026-09-14T02:34:55.730+00:00,2026-09-14T02:35:02.323+00:00,False,102,101.0,,101.0,293442.600797,300035.633245,300035.633127,2941.5258149705883,0.03463,293442.600797,29048.690496756113,87.49164455000002,65.277548990099,20.148920181616543,0.3366266829964375,3,64,,True,False,Request timeout: 300.0s exceeded,302,21.16838264042747
414,2026-09-14T02:30:05.826+00:00,2026-09-14T02:34:59.310+00:00,2026-09-14T02:35:05.913+00:00,False,99,98.0,,98.0,293484.049573,300086.931621,300086.931712,3031.1811284040405,0.02811,293484.049573,29489.49223162492,89.028338,67.37634742857144,20.437518482896373,0.32657203521201916,3,64,,True,False,Request timeout: 300.0s exceeded,169,21.16838264042747
415,2026-09-14T02:30:08.691+00:00,2026-09-14T02:35:02.488+00:00,2026-09-14T02:35:08.755+00:00,False,94,93.0,,93.0,293796.14118800004,300063.77152400004,300063.771414,3192.1677810000006,0.02966,293796.14118800004,30295.81366570077,88.1395103,67.39387458064516,20.112049989302932,0.30993411676344795,3,64,,True,False,Request timeout: 300.0s exceeded,445,21.16838264042747
416,2026-09-14T02:30:11.446+00:00,2026-09-14T02:35:05.159+00:00,2026-09-14T02:35:11.457+00:00,False,94,93.0,,93.0,293712.846946,300010.678626,300010.678578,3191.6029635957448,0.023370000000000002,293712.846946,30287.18908738427,88.96361649999999,67.71862021505376,20.203078526712044,0.3099889658125665,3,64,,True,False,Request timeout: 300.0s exceeded,497,21.16838264042747
417,2026-09-14T02:30:14.438+00:00,2026-09-14T02:35:07.843+00:00,2026-09-14T02:35:14.475+00:00,False,102,101.0,,101.0,293404.5492,300037.103696,300037.103606,2941.540231431373,0.04056,293404.5492,29044.88408419445,88.54362155000001,65.6688563960396,20.15081329325063,0.3366250332236709,3,64,,True,False,Request timeout: 300.0s exceeded,455,21.16838264042747
418,2026-09-14T02:30:18.655+00:00,2026-09-14T02:35:11.927+00:00,2026-09-14T02:35:18.682+00:00,False,99,98.0,,98.0,293272.56424299994,300027.35157099995,300027.3516899999,3030.5793099999996,0.02191,293272.56424299994,29468.08136044158,91.55522589999998,68.92640130612246,20.416307778631577,0.32663688656002016,3,64,,True,False,Request timeout: 300.0s exceeded,379,21.16838264042747
419,2026-09-14T02:30:22.292+00:00,2026-09-14T02:35:16.040+00:00,2026-09-14T02:35:22.388+00:00,False,91,90.0,,90.0,293747.829024,300096.50844799995,300096.50835899997,3297.7638281208788,0.02028,293747.829024,30785.750742764576,87.9456335,70.54088248888888,19.227789376431954,0.2999035225882843,3,64,,True,False,Request timeout: 300.0s exceeded,384,21.16838264042747
420,2026-09-14T02:30:26.731+00:00,2026-09-14T02:35:20.648+00:00,2026-09-14T02:35:26.760+00:00,False,87,86.0,,86.0,293917.00345200003,300029.064636,300029.064427,3448.6099359425293,0.02093,293917.00345200003,31503.597910228986,90.13343409999999,71.07047888372094,21.281938358659453,0.2866388964827009,3,64,,True,False,Request timeout: 300.0s exceeded,409,21.16838264042747
421,2026-09-14T02:30:30.600+00:00,2026-09-14T02:35:24.489+00:00,2026-09-14T02:35:30.608+00:00,False,89,88.0,,88.0,293889.293874,300008.216626,300008.216864,3370.8788411685396,0.02043,293889.293874,31144.839781112863,87.5889578,69.5332130909091,21.652308103191377,0.29332529951905834,3,64,,True,False,Request timeout: 300.0s exceeded,455,21.16838264042747
422,2026-09-14T02:30:35.265+00:00,2026-09-14T02:35:29.398+00:00,2026-09-14T02:35:35.336+00:00,False,85,84.0,,84.0,294132.50562699995,300071.4439949999,300071.44410599995,3530.2522835999994,0.0197,294132.50562699995,31895.486245657554,87.6724138,70.70164723809523,18.608448194258504,0.2799333348140908,3,64,,True,False,Request timeout: 300.0s exceeded,364,21.16838264042747
423,2026-09-14T02:30:38.647+00:00,2026-09-14T02:35:32.384+00:00,2026-09-14T02:35:38.686+00:00,False,94,93.0,,93.0,293736.99596499995,300038.78668499994,300038.7866289999,3191.9019854148933,0.05217,293736.99596499995,30289.67516008604,88.131078,67.7611905376344,19.71663143014332,0.3099599256066763,3,64,,True,False,Request timeout: 300.0s exceeded,380,21.16838264042747
424,2026-09-14T02:30:41.817+00:00,2026-09-14T02:35:35.412+00:00,2026-09-14T02:35:41.873+00:00,False,96,95.0,,95.0,293594.70954799996,300055.936044,300055.93611599994,3125.5826678749995,0.02565,293594.70954799996,29957.949975283827,89.07439199999999,68.01291048421052,20.512189039401225,0.3166076340714995,3,64,,True,False,Request timeout: 300.0s exceeded,400,21.16838264042747
425,2026-09-14T02:30:45.561+00:00,2026-09-14T02:35:39.257+00:00,2026-09-14T02:35:45.615+00:00,False,94,93.0,,93.0,293695.45295,300053.370902,300053.37090700003,3192.057137308511,0.02404,293695.45295,30285.32901523652,90.02899980000001,68.36470916129032,21.12197220512963,0.3099448598775269,3,64,,True,False,Request timeout: 300.0s exceeded,450,21.16838264042747
426,2026-09-14T02:30:49.721+00:00,2026-09-14T02:35:43.486+00:00,2026-09-14T02:35:49.757+00:00,False,91,90.0,,90.0,293765.425557,300036.325525,300036.325417,3297.10247710989,0.026600000000000002,293765.425557,30787.686638787287,90.58924299999998,69.6766663111111,20.305195552827858,0.2999636788729467,3,64,,True,False,Request timeout: 300.0s exceeded,261,21.16838264042747
427,2026-09-14T02:30:52.515+00:00,2026-09-14T02:35:46.181+00:00,2026-09-14T02:35:52.551+00:00,False,92,91.0,,91.0,293666.11432,300036.111632,300036.11167899997,3261.262083467391,0.04192,293666.11432,30609.517098107666,87.94650204999999,69.99997046153847,19.62436608662566,0.3032968248555801,3,64,,True,False,Request timeout: 300.0s exceeded,450,21.16838264042747
428,2026-09-14T02:30:55.407+00:00,2026-09-14T02:35:49.145+00:00,2026-09-14T02:35:55.442+00:00,False,92,91.0,,91.0,293738.6256,300035.616576,300035.61653500004,3261.2567014673914,0.03706,293738.6256,30617.160006607253,85.62352150000001,69.19770303296703,18.72716963385883,0.3032973252925437,3,64,,True,False,Request timeout: 300.0s exceeded,353,21.16838264042747
429,2026-09-14T02:31:00.106+00:00,2026-09-14T02:35:54.251+00:00,2026-09-14T02:36:00.136+00:00,False,87,86.0,,86.0,294144.066461,300029.29090900003,300029.29076400003,3448.6125375172414,0.02658,294144.066461,31528.223614632876,89.12250230000001,68.43284241860465,20.072304778535262,0.2866386803083306,3,64,,True,False,Request timeout: 300.0s exceeded,409,21.16838264042747
430,2026-09-14T02:31:04.467+00:00,2026-09-14T02:35:58.172+00:00,2026-09-14T02:36:04.527+00:00,False,94,93.0,,93.0,293705.320371,300060.651187,300060.651334,3192.134588659574,0.02168,293705.320371,30286.349381159656,89.96394330000001,68.33689049462366,20.756849346525453,0.30993733977482346,3,64,,True,False,Request timeout: 300.0s exceeded,373,21.16838264042747
431,2026-09-14T02:31:08.718+00:00,2026-09-14T02:36:02.837+00:00,2026-09-14T02:36:08.795+00:00,False,84,83.0,,83.0,294119.371644,300077.210748,300077.210735,3572.347746845238,0.0197,294119.371644,32083.228408583047,90.14148215000002,71.78119402409638,19.74079582897476,0.27659547952044267,3,64,,True,False,Request timeout: 300.0s exceeded,360,21.16838264042747
432,2026-09-14T02:31:12.553+00:00,2026-09-14T02:36:06.693+00:00,2026-09-14T02:36:12.626+00:00,False,87,86.0,,86.0,294140.35708499997,300073.534941,300073.534987,3449.121091804597,0.02131,294140.35708499997,31527.76550134197,87.6028366,68.99044018604651,19.01875691581086,0.2865964171645766,3,64,,True,False,Request timeout: 300.0s exceeded,368,21.16838264042747
433,2026-09-14T02:31:15.716+00:00,2026-09-14T02:36:09.686+00:00,2026-09-14T02:36:15.724+00:00,False,88,87.0,,87.0,293969.711869,300008.33817299997,300008.338208,3409.1856614545454,0.0366,293969.711869,31329.88286494125,86.93336605,69.40949774712644,18.438878596249264,0.28999193999011924,3,64,,True,False,Request timeout: 300.0s exceeded,391,21.16838264042747
434,2026-09-14T02:31:19.733+00:00,2026-09-14T02:36:13.494+00:00,2026-09-14T02:36:19.752+00:00,False,91,90.0,,90.0,293760.167505,300018.731089,300018.73112,3296.9091331868135,0.01991,293760.167505,30787.149376605757,87.55660100000001,69.53959537777779,19.623028765378162,0.2999812700804393,3,64,,True,False,Request timeout: 300.0s exceeded,438,21.16838264042747
435,2026-09-14T02:31:23.606+00:00,2026-09-14T02:36:17.712+00:00,2026-09-14T02:36:23.675+00:00,False,90,89.0,,89.0,294106.123129,300069.313401,300069.31343800004,3334.1034826444447,0.02195,294106.123129,30994.45127346708,88.03782445,67.00213788764044,20.170217189045978,0.29659813924746165,3,64,,True,False,Request timeout: 300.0s exceeded,485,21.16838264042747
436,2026-09-14T02:31:27.013+00:00,2026-09-14T02:36:20.588+00:00,2026-09-14T02:36:27.035+00:00,False,96,95.0,,95.0,293575.390373,300022.266533,300022.266561,3125.23194334375,0.0512,293575.390373,29955.993406466783,88.12674225,67.86185431578947,20.167781885761542,0.31664316484840227,3,64,,True,False,Request timeout: 300.0s exceeded,472,21.16838264042747
437,2026-09-14T02:31:29.712+00:00,2026-09-14T02:36:23.469+00:00,2026-09-14T02:36:29.757+00:00,False,90,89.0,,89.0,293757.71087999997,300044.955936,300044.956057,3333.8328450777776,0.02659,293757.71087999997,30957.341273050726,87.6871745,70.64320287640449,19.650591493858677,0.2966222169020026,3,64,,True,False,Request timeout: 300.0s exceeded,447,21.16838264042747
438,2026-09-14T02:31:33.697+00:00,2026-09-14T02:36:27.628+00:00,2026-09-14T02:36:33.773+00:00,False,87,86.0,,86.0,293931.270901,300076.514293,300076.514197,3449.155335597701,0.02057,293931.270901,31505.08455573094,87.6063143,71.45631851162791,18.700861654161866,0.2865935716516224,3,64,,True,False,Request timeout: 300.0s exceeded,369,21.16838264042747
439,2026-09-14T02:31:36.847+00:00,2026-09-14T02:36:30.482+00:00,2026-09-14T02:36:36.919+00:00,False,94,93.0,,93.0,293635.62404799997,300072.779376,300072.77941899997,3192.2636108404254,0.037759999999999995,293635.62404799997,30279.06964562386,87.37425165,69.21672395698924,20.215068259170433,0.3099248128850377,3,64,,True,False,Request timeout: 300.0s exceeded,352,21.16838264042747
440,2026-09-14T02:31:41.288+00:00,2026-09-14T02:36:35.181+00:00,2026-09-14T02:36:41.344+00:00,False,91,90.0,,90.0,293893.56137999997,300056.53968399996,300056.539849,3297.3246137252745,0.03732,293893.56137999997,30801.244282206295,87.4208405,68.47753671111111,19.77630480171144,0.29994347096977836,3,64,,True,False,Request timeout: 300.0s exceeded,371,21.16838264042747
441,2026-09-14T02:31:45.557+00:00,2026-09-14T02:36:39.144+00:00,2026-09-14T02:36:45.595+00:00,False,93,92.0,,92.0,293587.02614,300038.00649199996,300038.006389,3226.2151224623653,0.02354,293587.02614,30436.292306492618,90.529943,70.1193516521739,20.62722666902259,0.30662782050730975,3,64,,True,False,Request timeout: 300.0s exceeded,348,21.16838264042747
442,2026-09-14T02:31:50.096+00:00,2026-09-14T02:36:43.702+00:00,2026-09-14T02:36:50.117+00:00,False,95,94.0,,94.0,293605.984115,300021.279091,300021.279081,3158.118727168421,0.03039,293605.984115,30116.343446981988,89.61135770000001,68.24781889361702,20.86514980598503,0.31331111008125756,3,64,,True,False,Request timeout: 300.0s exceeded,394,21.16838264042747
443,2026-09-14T02:31:53.509+00:00,2026-09-14T02:36:47.473+00:00,2026-09-14T02:36:53.584+00:00,False,91,90.0,,90.0,293964.268953,300075.144601,300075.14443000004,3297.52905967033,0.03503,293964.268953,30808.717350186864,88.652593,67.89861831111111,20.11108314485666,0.2999248742166567,3,64,,True,False,Request timeout: 300.0s exceeded,507,21.16838264042747
444,2026-09-14T02:31:57.444+00:00,2026-09-14T02:36:51.295+00:00,2026-09-14T02:36:57.509+00:00,False,89,88.0,,88.0,293851.289536,300065.560768,300065.560775,3371.523154775281,0.02533,293851.289536,31140.69508238755,89.71877280000001,70.61671854545455,19.5146526566922,0.29326924347722283,3,64,,True,False,Request timeout: 300.0s exceeded,334,21.16838264042747
445,2026-09-14T02:32:01.362+00:00,2026-09-14T02:36:55.267+00:00,2026-09-14T02:37:01.399+00:00,False,87,86.0,,86.0,293904.44977899996,300036.10571499995,300036.10577299993,3448.6908709540226,0.03614,293904.44977899996,31502.226690080388,90.013436,71.2983248372093,19.892505780104504,0.28663216980189105,3,64,,True,False,Request timeout: 300.0s exceeded,417,21.16838264042747
446,2026-09-14T02:32:05.569+00:00,2026-09-14T02:36:57.117+00:00,2026-09-14T02:37:05.679+00:00,False,128,127.0,,127.0,291548.248185,300110.557561,300110.557569,2344.6137310078125,0.040369999999999996,291548.248185,25763.516438561852,89.46550285000001,67.41975886614173,19.923273732066484,0.4231773818026584,3,64,,True,False,Request timeout: 300.0s exceeded,807,21.16838264042747
447,2026-09-14T02:32:08.627+00:00,2026-09-14T02:37:02.228+00:00,2026-09-14T02:37:08.667+00:00,False,106,105.0,,105.0,293600.516218,300040.207994,300040.208,2830.5679999999998,0.0,293600.516218,28511.05997690478,90.29850225,61.330397866666665,28.2408797496391,0.3499530969599238,3,64,,True,False,Request timeout: 300.0s exceeded,502,21.16838264042747
448,2026-09-14T02:32:11.606+00:00,2026-09-14T02:37:06.940+00:00,2026-09-14T02:37:11.671+00:00,False,71,70.0,,70.0,295333.249375,300064.122463,300064.122403,4226.255245112677,0.0,295333.249375,35041.601610800324,89.8056555,67.58390125714286,31.552918370421978,0.23328347096421528,3,64,,True,False,Request timeout: 300.0s exceeded,368,21.16838264042747
449,2026-09-14T02:32:15.355+00:00,2026-09-14T02:37:09.224+00:00,2026-09-14T02:37:15.375+00:00,False,91,90.0,,90.0,293868.551659,300019.267051,300019.26712,3296.915023296703,0.02332,293868.551659,30798.637199019257,89.29589199999998,68.34128213333334,20.34137414098344,0.29998073418631804,3,64,,True,False,Request timeout: 300.0s exceeded,406,21.16838264042747
450,2026-09-14T02:32:18.290+00:00,2026-09-14T02:37:12.273+00:00,2026-09-14T02:37:18.337+00:00,False,96,95.0,,95.0,293983.61384899996,300046.923417,300046.92347499996,3125.4887861979164,0.02063,293983.61384899996,29998.07007650352,89.06059925,63.82431124210526,20.85569603223144,0.31661714413905406,3,64,,True,False,Request timeout: 300.0s exceeded,406,21.16838264042747
451,2026-09-14T02:32:22.452+00:00,2026-09-14T02:37:16.347+00:00,2026-09-14T02:37:22.481+00:00,False,94,93.0,,93.0,293894.69265,300029.26340199995,300029.263447,3191.800674968085,0.0292,293894.69265,30306.126265035397,89.1498015,65.96312636559139,20.450679282410107,0.3099697641006176,3,64,,True,False,Request timeout: 300.0s exceeded,445,21.16838264042747
452,2026-09-14T02:32:26.100+00:00,2026-09-14T02:37:19.656+00:00,2026-09-14T02:37:26.142+00:00,False,99,98.0,,98.0,293556.073218,300042.735106,300042.735022,3030.734697191919,0.02249,293556.073218,29496.849785013583,88.6238269,66.19042742857143,20.020373327722766,0.3266201395123874,3,64,,True,False,Request timeout: 300.0s exceeded,399,21.16838264042747
453,2026-09-14T02:32:30.036+00:00,2026-09-14T02:37:23.835+00:00,2026-09-14T02:37:30.065+00:00,False,90,89.0,,89.0,293799.17946899997,300029.63092499995,300029.63083399995,3333.662564822222,0.02277,293799.17946899997,30961.779959909505,89.67371185,70.00507253932585,20.04431823217059,0.29663736786800177,3,64,,True,False,Request timeout: 300.0s exceeded,262,21.16838264042747
454,2026-09-14T02:32:34.512+00:00,2026-09-14T02:37:28.192+00:00,2026-09-14T02:37:34.551+00:00,False,92,91.0,,91.0,293680.044542,300039.39506999997,300039.395296,3261.2977749565216,0.02432,293680.044542,30610.98122984038,87.95534355,69.88297283516484,18.996614005865375,0.30329350577036546,3,64,,True,False,Request timeout: 300.0s exceeded,277,21.16838264042747
455,2026-09-14T02:32:39.262+00:00,2026-09-14T02:37:33.113+00:00,2026-09-14T02:37:39.270+00:00,False,94,93.0,,93.0,293850.722233,300007.437241,300007.437247,3191.5684813510634,0.020989999999999998,293850.722233,30301.566088191248,87.99330765,66.20123664516129,19.817065630194627,0.30999231504148295,3,64,,True,False,Request timeout: 300.0s exceeded,454,21.16838264042747
456,2026-09-14T02:32:43.425+00:00,2026-09-14T02:37:37.082+00:00,2026-09-14T02:37:43.441+00:00,False,92,91.0,,91.0,293656.90534500004,300016.56076900003,300016.560736,3261.0495732173918,0.02682,293656.90534500004,30608.5688255876,87.8507285,69.88632334065933,19.593849771755636,0.3033165894800925,3,64,,True,False,Request timeout: 300.0s exceeded,344,21.16838264042747
457,2026-09-14T02:32:48.166+00:00,2026-09-14T02:37:41.819+00:00,2026-09-14T02:37:48.210+00:00,False,92,91.0,,91.0,293653.622342,300044.54483800003,300044.544843,3261.3537482934785,0.02631,293653.622342,30608.19026650985,88.98907105,70.22991753846154,18.852947948998803,0.30328830023932846,3,64,,True,False,Request timeout: 300.0s exceeded,447,21.16838264042747
458,2026-09-14T02:32:51.574+00:00,2026-09-14T02:37:45.402+00:00,2026-09-14T02:37:51.620+00:00,False,93,92.0,,92.0,293828.121292,300045.28404399997,300045.28422,3226.293378709677,0.02054,293828.121292,30461.555470374915,87.1061962,67.577856,19.438097757636218,0.306620383296905,3,64,,True,False,Request timeout: 300.0s exceeded,560,21.16838264042747
459,2026-09-14T02:32:55.909+00:00,2026-09-14T02:37:49.503+00:00,2026-09-14T02:37:55.917+00:00,False,92,91.0,,91.0,293594.15599299996,300008.70652099996,300008.70661399997,3260.9642023260867,0.02889,293594.15599299996,30601.963899483122,88.70032095,70.48956624175824,19.65267852674886,0.3033245303286896,3,64,,True,False,Request timeout: 300.0s exceeded,230,21.16838264042747
460,2026-09-14T02:32:58.798+00:00,2026-09-14T02:37:52.343+00:00,2026-09-14T02:37:58.878+00:00,False,93,92.0,,92.0,293545.074496,300079.41945600003,300079.419383,3226.6604234731185,0.0344,293545.074496,30431.84770978569,89.12033159999999,71.02548869565217,19.940413267689717,0.3065855038202303,3,64,,True,False,Request timeout: 300.0s exceeded,379,21.16838264042747
461,2026-09-14T02:33:02.233+00:00,2026-09-14T02:37:55.920+00:00,2026-09-14T02:38:02.290+00:00,False,92,91.0,,91.0,293686.893093,300057.303333,300057.303438,3261.492428673913,0.03835,293686.893093,30611.683462491044,90.459762,70.00450813186814,20.399470546710894,0.3032754043617105,3,64,,True,False,Request timeout: 300.0s exceeded,415,21.16838264042747
462,2026-09-14T02:33:05.067+00:00,2026-09-14T02:37:58.702+00:00,2026-09-14T02:38:05.120+00:00,False,93,92.0,,92.0,293635.24402999994,300053.48326199997,300053.48337299994,3226.3815416451607,0.040119,293635.24402999994,30441.32861066594,89.02343420000001,69.76346991304348,19.774177004838375,0.3066120046327463,3,64,,True,False,Request timeout: 300.0s exceeded,387,21.16838264042747
463,2026-09-14T02:33:08.766+00:00,2026-09-14T02:38:02.416+00:00,2026-09-14T02:38:08.805+00:00,False,93,92.0,,92.0,293650.006458,300038.777274,300038.777183,3226.223410569892,0.02128,293650.006458,30442.89305133245,90.000882,69.44316104347827,20.438211388922838,0.30662703279844455,3,64,,True,False,Request timeout: 300.0s exceeded,481,21.16838264042747
464,2026-09-14T02:33:12.503+00:00,2026-09-14T02:38:06.177+00:00,2026-09-14T02:38:12.777+00:00,False,54,53.0,,53.0,293673.93737400003,300273.94633400004,300273.946445,5560.628637870371,0.04582,293673.93737400003,39949.05563953015,91.52624080000001,124.52847094339623,407.66662082031235,0.17650548989370915,3,64,,True,False,Request timeout: 300.0s exceeded,71,21.16838264042747
465,2026-09-14T02:33:17.213+00:00,2026-09-14T02:38:12.965+00:00,2026-09-14T02:38:17.255+00:00,False,67,66.0,,66.0,295752.241895,300042.204135,300042.204132,4478.241852716417,0.02853,295752.241895,36123.95498776791,87.611872,64.99942787878787,25.512111213373487,0.21996905465440514,3,64,,True,False,Request timeout: 300.0s exceeded,284,21.16838264042747
466,2026-09-14T02:33:21.019+00:00,2026-09-14T02:38:14.437+00:00,2026-09-14T02:38:21.104+00:00,False,101,100.0,,100.0,293417.78086,300084.567676,300084.56779,2971.1343345544556,0.023940000000000003,293417.78086,29189.53319049608,87.56703499999999,66.66786816,19.531199979017455,0.3332393957291718,3,64,,True,False,Request timeout: 300.0s exceeded,416,21.16838264042747
467,2026-09-14T02:33:25.128+00:00,2026-09-14T02:38:18.442+00:00,2026-09-14T02:38:25.145+00:00,False,99,98.0,,98.0,293313.803868,300016.53282799997,300016.532901,3030.47002930303,0.03778,293313.803868,29472.279064199614,89.180257,68.39519346938775,19.79132886142097,0.32664866524600356,3,64,,True,False,Request timeout: 300.0s exceeded,464,21.16838264042747
468,2026-09-14T02:33:29.802+00:00,2026-09-14T02:38:23.480+00:00,2026-09-14T02:38:29.819+00:00,False,97,96.0,,96.0,293678.063466,300016.805738,300016.80577800004,3092.9567605979382,0.02228,293678.063466,29811.792050835542,88.09652200000001,66.02856533333333,20.067166831300042,0.319982074883616,3,64,,True,False,Request timeout: 300.0s exceeded,477,21.16838264042747
469,2026-09-14T02:33:33.766+00:00,2026-09-14T02:38:27.331+00:00,2026-09-14T02:38:33.775+00:00,False,98,97.0,,97.0,293565.215773,300009.10415699997,300009.10417199996,3061.3173895102036,0.04306,293565.215773,29647.861236936482,88.9858907,66.43183901030928,20.32577014138545,0.3233235213729988,3,64,,True,False,Request timeout: 300.0s exceeded,487,21.16838264042747
470,2026-09-14T02:33:37.076+00:00,2026-09-14T02:38:30.829+00:00,2026-09-14T02:38:37.136+00:00,False,91,90.0,,90.0,293753.357274,300059.613658,300059.613453,3297.3583895934066,0.02936,293753.357274,30786.380336618837,89.80106400000001,70.06951537777779,20.273017293580757,0.29994039818560725,3,64,,True,False,Request timeout: 300.0s exceeded,404,21.16838264042747
471,2026-09-14T02:33:40.342+00:00,2026-09-14T02:38:34.506+00:00,2026-09-14T02:38:40.405+00:00,False,85,84.0,,84.0,294164.351126,300063.342486,300063.342635,3530.1569721764704,0.03553,294164.351126,31898.992299351667,89.24195319999998,70.22608761904762,19.19480106463931,0.27994089282638446,3,64,,True,False,Request timeout: 300.0s exceeded,443,21.16838264042747
472,2026-09-14T02:33:43.656+00:00,2026-09-14T02:38:37.598+00:00,2026-09-14T02:38:43.730+00:00,False,92,91.0,,91.0,293942.605092,300073.71498,300073.715011,3261.6708153369564,0.02425,293942.605092,30638.61771619781,88.1629365,67.37483393406593,20.81767696250286,0.30325881760775075,3,64,,True,False,Request timeout: 300.0s exceeded,133,21.16838264042747
473,2026-09-14T02:33:47.408+00:00,2026-09-14T02:38:40.857+00:00,2026-09-14T02:38:47.424+00:00,False,103,102.0,,102.0,293448.226044,300015.187196,300015.187354,2912.768809262136,0.03822,293448.226044,28907.9755843538,85.79288319999999,64.38197207843137,19.412426122133414,0.33998278871583715,3,64,,True,False,Request timeout: 300.0s exceeded,317,21.16838264042747
474,2026-09-14T02:33:51.443+00:00,2026-09-14T02:38:45.209+00:00,2026-09-14T02:38:51.487+00:00,False,97,96.0,,96.0,293766.004602,300044.05721,300044.057301,3093.2377041340205,0.03946,293766.004602,29820.785083573388,88.43303100000001,65.39638133333334,19.72901388570837,0.31995301254312086,3,64,,True,False,Request timeout: 300.0s exceeded,376,21.16838264042747
475,2026-09-14T02:33:54.087+00:00,2026-09-14T02:38:47.672+00:00,2026-09-14T02:38:54.115+00:00,False,97,96.0,,96.0,293585.812291,300028.30675499997,300028.30681399995,3093.075327979381,0.02144,293585.812291,29802.315398096667,86.9195608,67.10931733333332,19.71370873467009,0.3199698089766997,3,64,,True,False,Request timeout: 300.0s exceeded,489,21.16838264042747
476,2026-09-14T02:33:57.061+00:00,2026-09-14T02:38:50.486+00:00,2026-09-14T02:38:57.088+00:00,False,98,97.0,,97.0,293425.06345899997,300026.783779,300026.78357599996,3061.4977915918366,0.03558,293425.06345899997,29633.538901556483,90.1967902,68.05897237113403,19.648656605026414,0.3233044689485133,3,64,,True,False,Request timeout: 300.0s exceeded,371,21.16838264042747
477,2026-09-14T02:34:00.914+00:00,2026-09-14T02:38:54.588+00:00,2026-09-14T02:39:00.994+00:00,False,96,95.0,,95.0,293673.616713,300079.193161,300079.193354,3125.8249307708334,0.02314,293673.616713,29966.06277614704,86.48287524999999,67.42712050526316,19.893267243549978,0.3165830959463762,3,64,,True,False,Request timeout: 300.0s exceeded,582,21.16838264042747
478,2026-09-14T02:34:05.210+00:00,2026-09-14T02:38:58.869+00:00,2026-09-14T02:39:05.251+00:00,False,94,93.0,,93.0,293659.076772,300041.123748,300041.123773,3191.9268486489364,0.03481,293659.076772,30281.549413089484,88.07225345,68.62416103225806,19.733878440777275,0.3099575112847174,3,64,,True,False,Request timeout: 300.0s exceeded,485,21.16838264042747
479,2026-09-14T02:34:09.299+00:00,2026-09-14T02:39:02.906+00:00,2026-09-14T02:39:09.319+00:00,False,99,98.0,,98.0,293606.50891100004,300019.932015,300019.93189500005,3030.504362575758,0.02077,293606.50891100004,29501.99426349385,88.42517590000001,65.44309289795918,20.59542124940847,0.32664496435890233,3,64,,True,False,Request timeout: 300.0s exceeded,375,21.16838264042747
480,2026-09-14T02:34:12.100+00:00,2026-09-14T02:39:05.819+00:00,2026-09-14T02:39:12.111+00:00,False,95,94.0,,94.0,293718.817683,300011.017107,300011.017304,3158.0107084631577,0.037770000000000005,293718.817683,30128.05436075669,91.034861,66.93829174468085,20.984942878949397,0.31332182699968836,3,64,,True,False,Request timeout: 300.0s exceeded,355,21.16838264042747
481,2026-09-14T02:34:14.867+00:00,2026-09-14T02:39:08.504+00:00,2026-09-14T02:39:14.910+00:00,False,95,94.0,,94.0,293636.339346,300042.703762,300042.703785,3158.344250368421,0.022940000000000002,293636.339346,30119.467036571306,87.7438557,68.1528129361702,20.06478624979096,0.31328873797432083,3,64,,True,False,Request timeout: 300.0s exceeded,351,21.16838264042747
482,2026-09-14T02:34:19.359+00:00,2026-09-14T02:39:12.801+00:00,2026-09-14T02:39:19.406+00:00,False,97,96.0,,96.0,293442.23167400004,300047.01401000004,300047.01406500005,3093.2681862371137,0.020309999999999998,293442.23167400004,29787.565625251984,88.13174000000001,68.799816,20.123221052617353,0.31994985958034056,3,64,,True,False,Request timeout: 300.0s exceeded,468,21.16838264042747
483,2026-09-14T02:34:22.430+00:00,2026-09-14T02:39:16.213+00:00,2026-09-14T02:39:22.509+00:00,False,91,90.0,,90.0,293783.599554,300079.441858,300079.44171600003,3297.5762825934066,0.03778,293783.599554,30789.561891652764,87.61718,69.95380337777779,18.961237115370633,0.29992057917312687,3,64,,True,False,Request timeout: 300.0s exceeded,440,21.16838264042747
484,2026-09-14T02:34:27.192+00:00,2026-09-14T02:39:21.247+00:00,2026-09-14T02:39:27.226+00:00,False,89,88.0,,88.0,294055.088648,300034.05952799995,300034.05967999995,3371.16920988764,0.019559999999999998,294055.088648,31162.58169078704,88.96655700000001,67.94285090909091,20.338438725125194,0.2933000344642126,3,64,,True,False,Request timeout: 300.0s exceeded,394,21.16838264042747
485,2026-09-14T02:34:30.858+00:00,2026-09-14T02:39:24.592+00:00,2026-09-14T02:39:30.951+00:00,False,96,95.0,,95.0,293734.385844,300093.185716,300093.185694,3125.9706843124995,0.02034,293734.385844,29972.315222677084,88.1105455,66.93473549473684,19.848110207896482,0.31656833451028576,3,64,,True,False,Request timeout: 300.0s exceeded,499,21.16838264042747
486,2026-09-14T02:34:35.531+00:00,2026-09-14T02:39:29.328+00:00,2026-09-14T02:39:35.561+00:00,False,104,103.0,,103.0,293796.336212,300030.10952399997,300030.109486,2884.904898903846,0.024239999999999998,293796.336212,28803.17317958089,88.90081929999998,60.52207099029126,19.98949615792362,0.3432988781139676,3,64,,True,False,Request timeout: 300.0s exceeded,415,21.16838264042747
487,2026-09-14T02:34:39.834+00:00,2026-09-14T02:39:33.411+00:00,2026-09-14T02:39:40.014+00:00,False,145,144.0,,144.0,293577.41743000003,300179.78005400003,300179.78008700005,2070.205379910345,0.019219999999999998,293577.41743000003,24376.511128159353,131.2566528,45.84974044444445,44.99438730846876,0.47971252418832305,3,64,,True,False,Request timeout: 300.0s exceeded,351,21.16838264042747
0,2026-09-14T02:04:40.880+00:00,2026-09-14T02:04:41.077+00:00,2026-09-14T02:04:51.606+00:00,True,204,204.0,,204.0,197.149055,10725.766527,10725.766488,52.57728670588235,0.02779,197.149055,20.83575802925001,89.15969865,51.86511069950738,18.22904139716719,19.01961966881064,4,64,,False,True,,830,21.16838264042747
1,2026-09-14T02:04:44.447+00:00,2026-09-14T02:04:44.589+00:00,2026-09-14T02:04:59.567+00:00,True,237,237.0,,237.0,142.535879,15119.844294999999,15119.844227,63.79681108438819,0.053689999999999995,142.535879,22.540542738586435,96.77520220000001,63.46317125423729,21.9941765557566,15.674764592541065,4,64,,False,True,,944,21.16838264042747
2,2026-09-14T02:04:47.072+00:00,2026-09-14T02:04:49.213+00:00,2026-09-14T02:05:02.827+00:00,True,209,209.0,,209.0,2140.17144,15755.002544,15755.002581,75.38278746889952,39.447849000000005,2140.17144,145.1477900099798,96.10323840000001,65.45591876923076,21.788424397210807,13.265627816708525,4,64,,False,True,,1158,21.16838264042747
3,2026-09-14T02:04:49.292+00:00,2026-09-14T02:04:53.724+00:00,2026-09-14T02:05:07.092+00:00,True,204,204.0,,204.0,4431.788901,17799.812453,17799.81245,87.25398259803922,38.51662,4431.788901,306.41130505471637,95.27495115000002,65.8523327684729,21.257185600028947,11.46079491223053,4,64,,False,True,,984,21.16838264042747
4,2026-09-14T02:04:52.704+00:00,2026-09-14T02:04:58.737+00:00,2026-09-14T02:05:07.553+00:00,True,138,138.0,,138.0,6032.872647,14848.761799,14848.761829000001,107.59972339855072,39.699089,6032.872647,508.50959049720836,94.22843805000001,64.3495558540146,21.110045060362243,9.293704206992782,4,64,,False,True,,195,21.16838264042747
5,2026-09-14T02:04:56.001+00:00,2026-09-14T02:05:04.539+00:00,2026-09-14T02:05:19.847+00:00,True,231,231.0,,231.0,8537.998557,23845.868509,23845.868359,103.22886735497836,23.507901,8537.998557,557.8193823774301,95.0046155,66.55595631304348,22.18415368956162,9.687212688974407,4,64,,False,True,,1207,21.16838264042747
6,2026-09-14T02:04:59.358+00:00,2026-09-14T02:05:11.078+00:00,2026-09-14T02:05:27.689+00:00,True,249,249.0,,249.0,11719.930601,28331.232489,28331.232566,113.78005046586345,22.548812,11719.930601,738.8084627565054,94.39525099999999,66.981056,22.217513430148145,8.788886967648786,4,64,,False,True,,907,21.16838264042747
7,2026-09-14T02:05:03.109+00:00,2026-09-14T02:05:17.180+00:00,2026-09-14T02:05:36.912+00:00,True,294,294.0,,294.0,14071.286047,33802.868255,33802.868275,114.97574243197279,40.424033,14071.286047,817.0213176612408,95.81795265000001,67.34328398634813,21.9832115362696,8.697486786687476,4,64,,False,True,,972,21.16838264042747
8,2026-09-14T02:05:06.542+00:00,2026-09-14T02:05:23.630+00:00,2026-09-14T02:05:39.263+00:00,True,236,236.0,,236.0,17088.565228,32721.723628,32721.723815,138.65137209745762,0.02265,17088.565228,1108.3617463611306,95.92381300000001,66.52407829787234,26.740496708313707,7.212334004253207,4,64,,False,True,,934,21.16838264042747
9,2026-09-14T02:05:08.789+00:00,2026-09-14T02:05:27.286+00:00,2026-09-14T02:05:44.559+00:00,True,260,260.0,,260.0,18496.194481,35769.987505,35769.987573,137.57687528076923,0.02323,18496.194481,1143.2416088269822,95.5227265,66.69418155984556,25.91037717775966,7.268663428066803,4,64,,False,True,,1170,21.16838264042747
10,2026-09-14T02:05:12.644+00:00,2026-09-14T02:05:34.170+00:00,2026-09-14T02:05:48.950+00:00,True,226,226.0,,226.0,21526.790535999997,36306.700167999996,36306.70041,160.64911685840707,0.01687,21526.790535999997,1427.8247584468047,96.44613874999999,65.68848725333334,26.96354509204256,6.22474636786716,4,64,,False,True,,1415,21.16838264042747
11,2026-09-14T02:05:15.189+00:00,2026-09-14T02:05:38.892+00:00,2026-09-14T02:05:52.746+00:00,True,214,214.0,,214.0,23703.06812,37557.470936,37557.470975,175.502200817757,38.078481,23703.06812,1616.0103382206867,95.78277399999999,65.04414467605633,21.94308716193602,5.697934250276537,4,64,,False,True,,843,21.16838264042747
12,2026-09-14T02:05:19.000+00:00,2026-09-14T02:05:44.731+00:00,2026-09-14T02:05:57.539+00:00,True,195,195.0,,195.0,25731.525276,38539.245212,38539.245307,197.6371554205128,40.828483999999996,25731.525276,1838.0735528174434,95.5019883,66.01917492783505,21.789084579968755,5.059777349746399,4,64,,False,True,,880,21.16838264042747
13,2026-09-14T02:05:22.863+00:00,2026-09-14T02:05:51.722+00:00,2026-09-14T02:06:08.093+00:00,True,245,245.0,,245.0,28858.153218,45229.06317,45229.063201,184.60842122857142,40.183426,28858.153218,1839.5254070651627,96.02187599999999,67.09389324590164,22.090268797338926,5.416870985789202,4,64,,False,True,,972,21.16838264042747
14,2026-09-14T02:05:25.568+00:00,2026-09-14T02:05:57.123+00:00,2026-09-14T02:06:16.110+00:00,True,287,287.0,,287.0,31555.106965,50541.669525,50541.669487,176.10337800348432,35.974014000000004,31555.106965,1858.8480519973093,96.33570530000001,66.38658237762237,21.82298693207669,5.678482778611774,4,64,,False,True,,1521,21.16838264042747
15,2026-09-14T02:05:28.814+00:00,2026-09-14T02:06:02.317+00:00,2026-09-14T02:06:16.552+00:00,True,214,214.0,,214.0,33503.49369,47737.821242000005,47737.821306000005,223.07393133644862,39.372926,33503.49369,2285.785212975398,94.88381535,66.8278288826291,21.622328222861846,4.4828187469042176,4,64,,False,True,,1194,21.16838264042747
16,2026-09-14T02:05:32.234+00:00,2026-09-14T02:06:08.051+00:00,2026-09-14T02:06:16.109+00:00,True,123,123.0,,123.0,35816.633466,43875.19449,43875.194625,356.7088993902439,40.024116,35816.633466,3223.594460540521,94.9437132,66.0537788852459,21.82067253481246,2.8034063764215125,4,64,,False,True,,585,21.16838264042747
17,2026-09-14T02:05:35.645+00:00,2026-09-14T02:06:13.865+00:00,2026-09-14T02:06:25.676+00:00,True,179,179.0,,179.0,38219.587723,50030.96410699999,50030.964036,279.50259237988826,5.152019,38219.587723,2851.8002253549234,94.694348,66.3560471011236,23.195035972798713,3.5777843420561934,4,64,,False,True,,742,21.16838264042747
18,2026-09-14T02:05:38.337+00:00,2026-09-14T02:06:19.630+00:00,2026-09-14T02:06:33.329+00:00,True,207,207.0,,207.0,41293.396715999996,54992.529131999996,54992.52907,265.66439164251204,0.016280000000000003,41293.396715999996,2865.646627261392,94.315224,66.50064279611651,32.1312272282482,3.7641476627331056,4,64,,False,True,,1040,21.16838264042747
19,2026-09-14T02:05:42.311+00:00,2026-09-14T02:06:26.130+00:00,2026-09-14T02:06:45.278+00:00,True,287,287.0,,287.0,43819.760053000005,62967.74776500001,62967.747886000005,219.39981841811849,0.01661,43819.760053000005,2582.8316012026985,94.27201869999999,66.95100598601398,30.96240671279207,4.557888922295647,4,64,,False,True,,1433,21.16838264042747
20,2026-09-14T02:05:44.762+00:00,2026-09-14T02:06:30.299+00:00,2026-09-14T02:06:43.370+00:00,True,196,196.0,,196.0,45537.521874,58608.688338,58608.688279999995,299.02391979591835,0.01642,45537.521874,3248.0450084488702,94.96880225000001,67.0316228923077,31.59123565025261,3.3442140671986316,4,64,,False,True,,959,21.16838264042747
21,2026-09-14T02:05:48.714+00:00,2026-09-14T02:06:37.398+00:00,2026-09-14T02:06:48.954+00:00,True,175,175.0,,175.0,48683.111505999994,60239.26433799999,60239.264306,344.2243674628571,8.434631999999999,48683.111505999994,3675.148414914568,94.1531533,66.41467144827587,23.00292620092099,2.9050819581408285,4,64,,False,True,,854,21.16838264042747
22,2026-09-14T02:05:52.501+00:00,2026-09-14T02:06:43.872+00:00,2026-09-14T02:06:53.001+00:00,True,140,140.0,,140.0,51371.860397,60500.817580999996,60500.817526,432.1486966142857,8.426193,51371.860397,4336.22768483842,95.7869944,65.67595096402877,23.584620536380708,2.3140183157453125,4,64,,False,True,,657,21.16838264042747
23,2026-09-14T02:05:56.427+00:00,2026-09-14T02:06:50.489+00:00,2026-09-14T02:07:05.488+00:00,True,225,225.0,,225.0,54061.694245,69060.604709,69060.604745,306.9360210888889,41.158964,54061.694245,3599.7140387612953,94.753678,66.95942171428571,21.68922775950613,3.258007961964427,4,64,,False,True,,997,21.16838264042747
24,2026-09-14T02:05:59.267+00:00,2026-09-14T02:06:55.889+00:00,2026-09-14T02:07:15.165+00:00,True,287,287.0,,287.0,56621.93095,75898.052294,75898.052402,264.4531442578397,0.0,56621.93095,3338.403729905529,95.5840356,67.39902567832168,25.26414264292749,3.7813882085968675,4,64,,False,True,,1230,21.16838264042747
25,2026-09-14T02:06:02.871+00:00,2026-09-14T02:07:01.502+00:00,2026-09-14T02:07:21.201+00:00,True,298,298.0,,298.0,58630.951456,78329.768736,78329.768736,262.8515729395973,0.0,58630.951456,3392.6506134922447,95.70296984999999,66.3259841077441,25.155716328757173,3.8044284415592893,4,64,,False,True,,1439,21.16838264042747
26,2026-09-14T02:06:05.241+00:00,2026-09-14T02:07:06.256+00:00,2026-09-14T02:07:24.908+00:00,True,281,281.0,,281.0,61014.473497,79666.697497,79666.697435,283.511378772242,0.0,61014.473497,3635.9354731392114,97.50686400000001,66.61508571428571,25.779158500313386,3.5271952877246053,4,64,,False,True,,911,21.16838264042747
27,2026-09-14T02:06:08.842+00:00,2026-09-14T02:07:13.324+00:00,2026-09-14T02:07:21.851+00:00,True,127,127.0,,127.0,64481.635715000004,73008.567683,73008.567885,574.8706132677165,39.25346699999999,64481.635715000004,5715.858064885672,97.1604816,67.67406323809524,22.323832151735452,1.7395218675077757,4,64,,False,True,,614,21.16838264042747
28,2026-09-14T02:06:12.200+00:00,2026-09-14T02:07:18.852+00:00,2026-09-14T02:07:33.698+00:00,True,227,227.0,,227.0,66651.452282,81497.478778,81497.47891399999,359.0197308986784,0.0174,66651.452282,4419.617569173977,95.7086913,65.69038272566371,38.312629634687625,2.785362239466946,4,64,,False,True,,767,21.16838264042747
29,2026-09-14T02:06:14.719+00:00,2026-09-14T02:07:22.590+00:00,2026-09-14T02:07:38.133+00:00,True,238,238.0,,238.0,67870.957839,83414.310927,83414.31108,350.48029865546215,0.017,67870.957839,4395.328855126226,93.60805235,65.58376830379747,37.495460349069624,2.853227430102319,4,64,,False,True,,1259,21.16838264042747
30,2026-09-14T02:06:18.732+00:00,2026-09-14T02:07:30.975+00:00,2026-09-14T02:07:46.183+00:00,True,235,235.0,,235.0,72242.51274600001,87450.906474,87450.90637400001,372.13151648510643,0.05175,72242.51274600001,4708.393291512762,93.42156070000001,64.99313558974359,21.975214198846615,2.687222002322729,4,64,,False,True,,392,21.16838264042747
31,2026-09-14T02:06:21.036+00:00,2026-09-14T02:07:34.518+00:00,2026-09-14T02:07:44.889+00:00,True,159,159.0,,159.0,73481.903851,83852.565227,83852.565381,527.3746250377358,39.372716999999994,73481.903851,5822.326207715523,94.21602789999999,65.6370973164557,20.971843796890838,1.8961852815064864,4,64,,False,True,,731,21.16838264042747
32,2026-09-14T02:06:24.827+00:00,2026-09-14T02:07:40.957+00:00,2026-09-14T02:07:58.815+00:00,True,274,274.0,,274.0,76129.402499,93987.98272300001,93987.982644,343.02183446715327,0.0,76129.402499,4595.2543941285085,92.53947965000002,65.41604477655677,23.70561692755442,2.9152663144981923,4,64,,False,True,,1119,21.16838264042747
33,2026-09-14T02:06:27.964+00:00,2026-09-14T02:07:46.090+00:00,2026-09-14T02:08:02.850+00:00,True,259,259.0,,259.0,78125.970682,94885.778682,94885.778496,366.35435712741315,0.0,78125.970682,4850.536495841188,94.95988100000002,64.96049612403101,24.439761277862015,2.7295976657156604,4,64,,False,True,,1329,21.16838264042747
34,2026-09-14T02:06:31.409+00:00,2026-09-14T02:07:52.154+00:00,2026-09-14T02:08:07.307+00:00,True,231,231.0,,231.0,80745.451173,95897.94218099999,95897.942102,415.1426065021645,0.0,80745.451173,5308.372741374333,93.84807649999999,65.88039568695652,22.31683224306324,2.408810812269624,4,64,,False,True,,515,21.16838264042747
35,2026-09-14T02:06:33.903+00:00,2026-09-14T02:07:56.552+00:00,2026-09-14T02:08:12.796+00:00,True,248,248.0,,248.0,82649.35204700001,98893.683055,98893.683199,398.76485160887097,34.886257,82649.35204700001,5244.109915839556,96.8605855,65.76652229959514,22.245303754975044,2.5077435922987528,4,64,,False,True,,1183,21.16838264042747
36,2026-09-14T02:06:37.760+00:00,2026-09-14T02:08:03.080+00:00,2026-09-14T02:08:12.227+00:00,True,141,141.0,,141.0,85320.628832,94467.483744,94467.483768,669.9821543829787,34.123408000000005,85320.628832,7179.825007871127,96.735006,65.33467794285714,22.18582465416017,1.4925770689743334,4,64,,False,True,,573,21.16838264042747
37,2026-09-14T02:06:40.864+00:00,2026-09-14T02:08:08.558+00:00,2026-09-14T02:08:17.639+00:00,True,141,141.0,,141.0,87694.44257500001,96775.37492700001,96775.37489100001,686.3501765319149,0.0,87694.44257500001,7379.797266838704,95.866448,64.86380251428571,28.712334347868524,1.4569822137745234,4,64,,False,True,,614,21.16838264042747
38,2026-09-14T02:06:44.249+00:00,2026-09-14T02:08:14.752+00:00,2026-09-14T02:08:31.340+00:00,True,251,251.0,,251.0,90503.51492399999,107091.523116,107091.52310199999,426.65945458964137,0.0,90503.51492399999,5708.524230317812,95.43473399999999,66.352032768,45.5652138272642,2.343789617485601,4,64,,False,True,,1039,21.16838264042747
39,2026-09-14T02:06:46.955+00:00,2026-09-14T02:08:19.527+00:00,2026-09-14T02:08:29.420+00:00,True,152,152.0,,152.0,92571.981205,102465.088405,102465.088288,674.1124229473685,0.03261,92571.981205,7503.450165573649,96.141086,65.51726622516556,52.88590696799807,1.4834320876122216,4,64,,False,True,,789,21.16838264042747
40,2026-09-14T02:06:49.962+00:00,2026-09-14T02:08:25.146+00:00,2026-09-14T02:08:44.550+00:00,True,292,292.0,,292.0,95184.74896699999,114588.42154299999,114588.42139399999,392.4261006643835,0.0,95184.74896699999,5566.41556140414,95.9247005,66.67928720274914,24.00066451749607,2.548250478259928,4,64,,False,True,,1209,21.16838264042747
41,2026-09-14T02:06:54.030+00:00,2026-09-14T02:08:32.295+00:00,2026-09-14T02:08:41.625+00:00,True,137,137.0,,137.0,98264.74797499999,107594.037959,107594.03803999998,785.3579418978102,0.0,98264.74797499999,8389.502208946325,94.919805,68.59772047058824,25.647812217761572,1.273304753672369,4,64,,False,True,,220,21.16838264042747
42,2026-09-14T02:06:56.400+00:00,2026-09-14T02:08:36.139+00:00,2026-09-14T02:08:52.877+00:00,True,252,252.0,,252.0,99739.375852,116477.04062,116477.040676,462.21047887301586,0.0,99739.375852,6278.836222119712,96.60848450000002,66.68392337848606,24.29325863264887,2.1635165064172286,4,64,,False,True,,1209,21.16838264042747
43,2026-09-14T02:07:00.029+00:00,2026-09-14T02:08:42.666+00:00,2026-09-14T02:09:01.621+00:00,True,289,289.0,,289.0,102637.17848199999,121592.15013,121592.15022799998,420.73408383391,0.0,102637.17848199999,6033.666679570686,95.1525894,65.81587377777778,26.298611387713922,2.376798170696186,4,64,,False,True,,1318,21.16838264042747
44,2026-09-14T02:07:02.353+00:00,2026-09-14T02:08:47.059+00:00,2026-09-14T02:08:55.423+00:00,True,128,128.0,,128.0,104706.66034199999,113070.78808599999,113070.78830199999,883.3655336093749,39.484767,104706.66034199999,9249.05221506525,94.3667645,65.85927357480315,21.465213128047672,1.1320342076562258,4,64,,False,True,,580,21.16838264042747
45,2026-09-14T02:07:06.004+00:00,2026-09-14T02:08:53.650+00:00,2026-09-14T02:09:11.919+00:00,True,279,279.0,,279.0,107646.352433,125915.32676899999,125915.32665999999,451.3094145519713,0.0,107646.352433,6440.740283826364,96.76206400000001,65.71573502158273,26.914988546580236,2.215774736556448,4,64,,False,True,,1224,21.16838264042747
46,2026-09-14T02:07:08.991+00:00,2026-09-14T02:08:59.082+00:00,2026-09-14T02:09:08.046+00:00,True,138,138.0,,138.0,110091.627467,119055.076299,119055.076226,862.7179436666667,37.263061,110091.627467,9366.080105297307,97.2048545,65.42663381021897,22.946496607919276,1.1591273912035545,4,64,,False,True,,566,21.16838264042747
47,2026-09-14T02:07:12.989+00:00,2026-09-14T02:09:06.082+00:00,2026-09-14T02:09:21.782+00:00,True,235,235.0,,235.0,113093.023463,128792.489191,128792.489216,548.0531456,0.0,113093.023463,7373.194199864676,98.1161087,67.09173388034188,53.79034478839171,1.8246405630959868,4,64,,False,True,,926,21.16838264042747
48,2026-09-14T02:07:16.628+00:00,2026-09-14T02:09:13.041+00:00,2026-09-14T02:09:23.051+00:00,True,149,149.0,,149.0,116412.68387800001,126422.87959000001,126422.87960700001,848.4757020604028,0.0,116412.68387800001,9531.580694201979,98.7732274,67.63645751351352,65.42577574723506,1.178584133530414,4,64,,False,True,,537,21.16838264042747
49,2026-09-14T02:07:19.000+00:00,2026-09-14T02:09:17.169+00:00,2026-09-14T02:09:32.999+00:00,True,240,240.0,,240.0,118168.298958,133999.227598,133999.227484,558.3301145166666,0.0,118168.298958,7623.631999953392,96.25647394999999,66.23819514644352,52.02284647320047,1.7910551001085182,4,64,,False,True,,970,21.16838264042747
50,2026-09-14T02:07:22.319+00:00,2026-09-14T02:09:23.372+00:00,2026-09-14T02:09:43.183+00:00,True,298,298.0,,298.0,121053.087611,140864.36748299998,140864.367581,472.6992200704698,39.28117700000001,121053.087611,7008.586683001969,95.33122784999999,66.70464603367003,21.7695406044063,2.11551015579553,4,64,,False,True,,1208,21.16838264042747
51,2026-09-14T02:07:24.562+00:00,2026-09-14T02:09:27.614+00:00,2026-09-14T02:09:44.975+00:00,True,263,263.0,,263.0,123052.40497599999,140412.785392,140412.785381,533.888917798479,39.532287,123052.40497599999,7583.681077393158,94.8632931,66.26099395419847,21.570407213991462,1.8730488058175392,4,64,,False,True,,1231,21.16838264042747
52,2026-09-14T02:07:27.610+00:00,2026-09-14T02:09:32.308+00:00,2026-09-14T02:09:41.114+00:00,True,135,135.0,,135.0,124697.35029999999,133504.15375599999,133504.15389,988.9196584444444,41.165773,124697.35029999999,10726.604184539783,95.507305,65.72241385074626,21.574925034058175,1.011204492159352,4,64,,False,True,,589,21.16838264042747
53,2026-09-14T02:07:31.203+00:00,2026-09-14T02:09:38.353+00:00,2026-09-14T02:09:51.804+00:00,True,208,208.0,,208.0,127150.21172400001,140601.588876,140601.588805,675.9691769471154,0.0,127150.21172400001,8811.825374924561,95.1136047,64.98249831884058,29.809044513514515,1.4793573932044277,4,64,,False,True,,1108,21.16838264042747
54,2026-09-14T02:07:33.603+00:00,2026-09-14T02:09:42.779+00:00,2026-09-14T02:09:49.368+00:00,True,102,102.0,,102.0,129175.892214,135765.510134,135765.510157,1331.0344133039216,0.0,129175.892214,12783.910676691734,93.70514755,65.24374178217822,36.482406474041504,0.7512953761181791,4,64,,False,True,,423,21.16838264042747
55,2026-09-14T02:07:36.361+00:00,2026-09-14T02:09:47.464+00:00,2026-09-14T02:10:02.164+00:00,True,218,218.0,,218.0,131102.769301,145803.37269299998,145803.372733,668.8228107018348,34.811856,131102.769301,8874.838311083064,94.9082835,67.7447160921659,21.779657405205516,1.495164315979271,4,64,,False,True,,793,21.16838264042747
56,2026-09-14T02:07:40.110+00:00,2026-09-14T02:09:54.200+00:00,2026-09-14T02:10:01.391+00:00,True,108,108.0,,108.0,134090.484216,141280.87960800002,141280.87976,1308.1562940740741,34.222498,134090.484216,12896.415694843978,95.39499384999999,67.19995693457943,22.33164755100906,0.7644346517353118,4,64,,False,True,,457,21.16838264042747
57,2026-09-14T02:07:44.024+00:00,2026-09-14T02:10:00.891+00:00,2026-09-14T02:10:11.106+00:00,True,153,153.0,,153.0,136867.021338,147081.74953,147081.749595,961.3186248039215,38.997688000000004,136867.021338,11059.631912038372,96.2329766,67.20215915789473,22.147010875102875,1.0402378302468647,4,64,,False,True,,229,21.16838264042747
58,2026-09-14T02:07:47.619+00:00,2026-09-14T02:10:07.708+00:00,2026-09-14T02:10:18.427+00:00,True,154,154.0,,154.0,140089.29865799999,150807.314658,150807.31465199997,979.2682769610389,0.0,140089.29865799999,11283.329903912754,95.91643615000001,70.05239215686275,76.47915750550516,1.0211706265656966,4,64,,False,True,,700,21.16838264042747
59,2026-09-14T02:07:51.520+00:00,2026-09-14T02:10:14.889+00:00,2026-09-14T02:10:31.106+00:00,True,247,247.0,,247.0,143368.738656,159586.330208,159586.330245,646.0985030161943,0.0162,143368.738656,9118.346458933056,96.04632799999999,65.92516891056911,61.53431099904959,1.5477516130489852,4,64,,False,True,,552,21.16838264042747
60,2026-09-14T02:07:55.161+00:00,2026-09-14T02:10:20.812+00:00,2026-09-14T02:10:30.597+00:00,True,148,148.0,,148.0,145650.685403,155436.26133900002,155436.26139600002,1050.2450094324324,40.103415,145650.685403,11966.960759995734,95.33719535,66.56854378231293,21.992069567772123,0.9521587737961489,4,64,,False,True,,610,21.16838264042747
61,2026-09-14T02:07:57.600+00:00,2026-09-14T02:10:25.924+00:00,2026-09-14T02:10:33.815+00:00,True,119,119.0,,119.0,148324.56055300002,156215.31536900002,156215.31524800003,1312.733741579832,40.753322999999995,148324.56055300002,13590.776973247579,96.10270099999998,66.87080352542372,21.483809165313772,0.7617690987526234,4,64,,False,True,,652,21.16838264042747
62,2026-09-14T02:08:01.279+00:00,2026-09-14T02:10:32.182+00:00,2026-09-14T02:10:44.000+00:00,True,177,177.0,,177.0,150903.258813,162720.943293,162720.943304,919.327363299435,0.0,150903.258813,11337.588225896983,96.5195986,67.14593454545455,34.34107222502538,1.0877518063626803,4,64,,False,True,,802,21.16838264042747
63,2026-09-14T02:08:04.135+00:00,2026-09-14T02:10:36.514+00:00,2026-09-14T02:10:51.786+00:00,True,232,232.0,,232.0,152378.823052,167650.696332,167650.696378,722.6323119741379,0.0,152378.823052,9999.87017517423,96.5345915,66.11200554112554,31.941153348489102,1.3838296235917122,4,64,,False,True,,1023,21.16838264042747
64,2026-09-14T02:08:06.905+00:00,2026-09-14T02:10:41.363+00:00,2026-09-14T02:10:56.227+00:00,True,226,226.0,,226.0,154457.749537,169321.345313,169321.345326,749.2094925929204,12.497594,154457.749537,10270.006016024343,96.16374400000001,66.06042567111112,22.07685269243949,1.334740162749276,4,64,,False,True,,1007,21.16838264042747
65,2026-09-14T02:08:09.618+00:00,2026-09-14T02:10:47.035+00:00,2026-09-14T02:11:01.968+00:00,True,227,227.0,,227.0,157416.790243,172350.114275,172350.114096,759.2516039471366,13.127142,157416.790243,10443.756674210425,95.66645929999999,66.07665500884956,21.96870235150602,1.3170864490278273,4,64,,False,True,,997,21.16838264042747
66,2026-09-14T02:08:12.961+00:00,2026-09-14T02:10:53.244+00:00,2026-09-14T02:11:01.556+00:00,True,129,129.0,,129.0,160282.182669,168594.369549,168594.369504,1306.9330969302325,36.694313,160282.182669,14106.357181178311,91.50417640000002,64.93896,20.951711591523516,0.7651501075930514,4,64,,False,True,,504,21.16838264042747
67,2026-09-14T02:08:15.338+00:00,2026-09-14T02:10:56.816+00:00,2026-09-14T02:11:03.661+00:00,True,105,105.0,,105.0,161478.352821,168322.674613,168322.67446500002,1603.0730901428572,40.633593999999995,161478.352821,15752.264903943596,92.36061939999999,65.81078646153847,20.913320112980518,0.6238018748300627,4,64,,False,True,,373,21.16838264042747
68,2026-09-14T02:08:18.468+00:00,2026-09-14T02:11:02.273+00:00,2026-09-14T02:11:19.980+00:00,True,270,270.0,,270.0,163804.785948,181511.647516,181511.64742,672.2653608148148,0.0,163804.785948,9964.880905202426,95.068478,65.82476419330855,30.02392837841486,1.4875078469892675,4,64,,False,True,,437,21.16838264042747
69,2026-09-14T02:08:22.968+00:00,2026-09-14T02:11:10.156+00:00,2026-09-14T02:11:26.327+00:00,True,244,244.0,,244.0,167188.41503600002,183358.49938800003,183358.49935700002,751.4692596598361,36.819322,167188.41503600002,10698.904961971615,96.22901335,66.54355700411523,22.454106781794042,1.3307264229059714,4,64,,False,True,,1142,21.16838264042747
70,2026-09-14T02:08:25.291+00:00,2026-09-14T02:11:13.930+00:00,2026-09-14T02:11:23.631+00:00,True,148,148.0,,148.0,168639.316296,178340.604232,178340.60411000001,1205.0040818243244,36.522513,168639.316296,13856.659586336371,95.78750250000002,65.99515602721088,22.37692818297115,0.8298727069886426,4,64,,False,True,,628,21.16838264042747
71,2026-09-14T02:08:29.179+00:00,2026-09-14T02:11:21.336+00:00,2026-09-14T02:11:32.938+00:00,True,175,175.0,,175.0,172157.572805,183759.318725,183759.318784,1050.0532501942857,0.01566,172157.572805,13009.10114421895,95.5479017,66.67670068965516,81.23393275328334,0.9523326556401284,4,64,,False,True,,601,21.16838264042747
72,2026-09-14T02:08:31.585+00:00,2026-09-14T02:11:25.634+00:00,2026-09-14T02:11:43.888+00:00,True,276,276.0,,276.0,174048.839848,192302.659752,192302.659758,696.7487672391304,0.0,174048.839848,10472.727049828763,95.194982,66.37752692363637,66.98966920979959,1.43523755914733,4,64,,False,True,,892,21.16838264042747
73,2026-09-14T02:08:34.301+00:00,2026-09-14T02:11:29.767+00:00,2026-09-14T02:11:40.104+00:00,True,159,159.0,,159.0,175466.43206,185803.593532,185803.593444,1168.5760593962264,41.889452,175466.43206,13910.222236485855,94.73080290000001,65.42507260759494,22.17521658537004,0.8557423297231129,4,64,,False,True,,806,21.16838264042747
74,2026-09-14T02:08:37.260+00:00,2026-09-14T02:11:35.365+00:00,2026-09-14T02:11:52.504+00:00,True,259,259.0,,259.0,178105.297709,195244.259373,195244.259388,753.8388393359073,0.0,178105.297709,11062.838646826023,95.286669,66.43008396899225,30.43230561512956,1.3265434836944388,4,64,,False,True,,577,21.16838264042747
75,2026-09-14T02:08:39.639+00:00,2026-09-14T02:11:39.529+00:00,2026-09-14T02:11:56.787+00:00,True,256,256.0,,256.0,179890.398076,197148.693884,197148.693963,770.1120857929687,0.0,179890.398076,11238.963327210555,95.91127025,67.67959140392158,31.30298460180734,1.2985122800287352,4,64,,False,True,,1080,21.16838264042747
76,2026-09-14T02:08:43.620+00:00,2026-09-14T02:11:45.850+00:00,2026-09-14T02:11:54.465+00:00,True,128,128.0,,128.0,182230.11649900003,190845.05742700002,190845.05759300003,1490.9770124453128,41.360322999999994,182230.11649900003,16101.039624420378,96.17780200000001,67.83418053543306,23.132547640346516,0.6707011526822546,4,64,,False,True,,419,21.16838264042747
77,2026-09-14T02:08:46.469+00:00,2026-09-14T02:11:51.057+00:00,2026-09-14T02:12:03.212+00:00,True,186,186.0,,186.0,184588.360129,196742.90374500002,196742.903853,1057.7575475967742,36.361904,184588.360129,13529.874920826747,95.54008925,65.70023576216217,21.541664925228186,0.9453962326441824,4,64,,False,True,,557,21.16838264042747
78,2026-09-14T02:08:49.847+00:00,2026-09-14T02:11:56.969+00:00,2026-09-14T02:12:05.563+00:00,True,127,127.0,,127.0,187121.682642,195716.25877000001,195716.258829,1541.0729041653544,38.947568,187121.682642,16598.32932629864,98.5570846,68.21092165079365,24.37278891643312,0.6488985677436572,4,64,,False,True,,554,21.16838264042747
79,2026-09-14T02:08:52.781+00:00,2026-09-14T02:12:02.877+00:00,2026-09-14T02:12:16.454+00:00,True,199,199.0,,199.0,190096.403574,203673.13419799999,203673.13442,1023.4830875376884,0.0,190096.403574,13470.763132880464,99.12183300000001,68.56934658585858,35.72076736034413,0.9770557161777801,4,64,,False,True,,582,21.16838264042747
80,2026-09-14T02:08:55.439+00:00,2026-09-14T02:12:07.859+00:00,2026-09-14T02:12:23.257+00:00,True,230,230.0,,230.0,192419.812739,207817.70739499998,207817.707217,903.5552487695652,0.0,192419.812739,12683.396973923102,97.3261389,67.23971465502183,33.44676457357539,1.1067391844663075,4,64,,False,True,,848,21.16838264042747
81,2026-09-14T02:08:58.088+00:00,2026-09-14T02:12:12.112+00:00,2026-09-14T02:12:21.591+00:00,True,141,141.0,,141.0,194023.424991,203502.576607,203502.57663300002,1443.2806853404256,0.0,194023.424991,16334.063514168689,96.66553599999999,67.70822582857143,38.720566667533916,0.6928659201809336,4,64,,False,True,,718,21.16838264042747
82,2026-09-14T02:09:01.928+00:00,2026-09-14T02:12:19.185+00:00,2026-09-14T02:12:31.996+00:00,True,194,194.0,,194.0,197257.296973,210068.13626899998,210068.136443,1082.8254455824742,39.558837,197257.296973,14157.499156500744,94.62984785,66.37740567875647,21.47680552437623,0.9235098832484326,4,64,,False,True,,775,21.16838264042747
83,2026-09-14T02:09:04.885+00:00,2026-09-14T02:12:23.791+00:00,2026-09-14T02:12:36.177+00:00,True,188,188.0,,188.0,198905.975241,211291.832265,211291.832367,1123.892725356383,41.013064,198905.975241,14501.893457418248,93.54839035,66.23452954010695,20.853473440789323,0.8897646349349291,4,64,,False,True,,835,21.16838264042747
84,2026-09-14T02:09:07.331+00:00,2026-09-14T02:12:29.232+00:00,2026-09-14T02:12:38.324+00:00,True,140,140.0,,140.0,201901.248499,210992.982771,210992.982708,1507.0927336285715,40.527094,201901.248499,17058.254771788394,94.22377200000001,65.40816023021583,21.01353146461584,0.6635291760008349,4,64,,False,True,,511,21.16838264042747
85,2026-09-14T02:09:09.988+00:00,2026-09-14T02:12:34.331+00:00,2026-09-14T02:12:49.398+00:00,True,231,231.0,,231.0,204343.20318399998,219410.60388799998,219410.603759,949.8294535021645,40.631204,204343.20318399998,13440.502771856942,94.82430499999998,65.51043784347826,21.645154725072903,1.0528205834478077,4,64,,False,True,,981,21.16838264042747
86,2026-09-14T02:09:12.584+00:00,2026-09-14T02:12:38.459+00:00,2026-09-14T02:12:47.377+00:00,True,138,138.0,,138.0,205874.998827,214793.065515,214793.065582,1556.4714897246376,41.268443,205874.998827,17519.715015034515,93.796374,65.09537728467153,21.067527098964153,0.6424788419920513,4,64,,False,True,,700,21.16838264042747
87,2026-09-14T02:09:15.831+00:00,2026-09-14T02:12:44.468+00:00,2026-09-14T02:12:55.336+00:00,True,169,169.0,,169.0,208636.678541,219504.658573,219504.658596,1298.844133704142,0.0,208636.678541,16044.27850099622,94.3001614,64.69035733333334,94.97089747606051,0.769915322520575,4,64,,False,True,,727,21.16838264042747
88,2026-09-14T02:09:18.160+00:00,2026-09-14T02:12:47.291+00:00,2026-09-14T02:13:04.325+00:00,True,256,256.0,,256.0,209130.343471,226165.124911,226165.124889,883.4575190976562,0.0,209130.343471,13066.707697927885,95.38871875000001,66.80306447058824,78.75782766181115,1.1319163381212756,4,64,,False,True,,1224,21.16838264042747
89,2026-09-14T02:09:21.501+00:00,2026-09-14T02:12:54.333+00:00,2026-09-14T02:13:01.741+00:00,True,112,112.0,,112.0,212832.529523,220239.923059,220239.923032,1966.4278842142858,41.098414,212832.529523,20104.490095768615,95.2600656,66.7332750990991,22.141331422918046,0.5085363200476435,4,64,,False,True,,505,21.16838264042747
90,2026-09-14T02:09:25.466+00:00,2026-09-14T02:13:01.182+00:00,2026-09-14T02:13:08.430+00:00,True,109,109.0,,109.0,215716.043444,222963.297972,222963.29779,2045.5348421100919,38.807289,215716.043444,20655.43402066231,97.9478758,67.10420859259258,22.165180070355223,0.48886969735121316,4,64,,False,True,,494,21.16838264042747
91,2026-09-14T02:09:29.118+00:00,2026-09-14T02:13:07.378+00:00,2026-09-14T02:13:21.199+00:00,True,211,211.0,,211.0,218259.950318,232080.80791799998,232080.808142,1099.9090433270142,40.089014999999996,218259.950318,15021.119243261313,94.0224745,65.81360761904762,21.561484515827487,0.9091660869887683,4,64,,False,True,,1147,21.16838264042747
92,2026-09-14T02:09:32.157+00:00,2026-09-14T02:13:13.421+00:00,2026-09-14T02:13:31.274+00:00,True,271,271.0,,271.0,221263.82952700002,239117.07727100002,239117.07735200002,882.3508389372695,0.0,221263.82952700002,13436.85009044901,93.63099549999998,66.1231397925926,35.35687454924546,1.1333360339331426,4,64,,False,True,,1437,21.16838264042747
93,2026-09-14T02:09:35.939+00:00,2026-09-14T02:13:20.116+00:00,2026-09-14T02:13:29.585+00:00,True,148,148.0,,148.0,224177.432187,233646.184571,233646.184677,1578.6904370067568,32.355391,224177.432187,18421.988568671393,92.9883655,64.41328152380952,21.00508402817737,0.633436408438444,4,64,,False,True,,749,21.16838264042747
94,2026-09-14T02:09:38.363+00:00,2026-09-14T02:13:23.967+00:00,2026-09-14T02:13:39.598+00:00,True,240,240.0,,240.0,225604.148795,241235.81804299998,241235.817919,1005.1492413291666,0.0,225604.148795,14558.508423937412,92.37300795000002,65.40447384100419,36.30544638808935,0.9948771370146215,4,64,,False,True,,1182,21.16838264042747
95,2026-09-14T02:09:42.076+00:00,2026-09-14T02:13:30.033+00:00,2026-09-14T02:13:48.218+00:00,True,270,270.0,,270.0,227956.869238,246142.569334,246142.569286,911.6391455037037,0.0,227956.869238,13868.944078651733,95.8315715,67.60483307063197,35.43856335821575,1.096925252428104,4,64,,False,True,,1384,21.16838264042747
96,2026-09-14T02:09:44.521+00:00,2026-09-14T02:13:34.286+00:00,2026-09-14T02:13:49.453+00:00,True,226,226.0,,226.0,229765.50822299998,244932.95475099998,244932.954805,1083.7741363053096,36.140263,229765.50822299998,15279.306448716812,95.590202,67.41087345777778,22.36379581589214,0.9227014806143693,4,64,,False,True,,760,21.16838264042747
97,2026-09-14T02:09:47.175+00:00,2026-09-14T02:13:39.731+00:00,2026-09-14T02:13:49.599+00:00,True,143,143.0,,143.0,232556.0237,242423.47202,242423.472013,1695.269035055944,37.73435,232556.0237,19441.513987000755,95.85155,69.48907267605634,22.808744705331538,0.5898768745800426,4,64,,False,True,,706,21.16838264042747
98,2026-09-14T02:09:50.977+00:00,2026-09-14T02:13:47.532+00:00,2026-09-14T02:14:06.457+00:00,True,284,284.0,,284.0,236554.766393,255479.323193,255479.323078,899.5750812605634,38.268758999999996,236554.766393,14032.992728040488,94.783141,66.87122544169611,22.459535170597498,1.1116359494402381,4,64,,False,True,,1495,21.16838264042747
99,2026-09-14T02:09:53.857+00:00,2026-09-14T02:13:52.087+00:00,2026-09-14T02:13:59.260+00:00,True,110,110.0,,110.0,238229.45412,245402.64964000002,245402.64957100002,2230.933177918182,33.357929,238229.45412,22708.024001867674,95.47302015,65.80913321100917,22.899617386690792,0.4482429189797561,4,64,,False,True,,450,21.16838264042747
100,2026-09-14T02:09:56.226+00:00,2026-09-14T02:13:56.492+00:00,2026-09-14T02:14:06.918+00:00,True,158,158.0,,158.0,240265.854594,250692.45555400001,250692.45556200002,1586.6611111518987,37.052231,240265.854594,19109.254850529545,94.93809985,66.41147108280255,22.521846233961618,0.6302543076170326,4,64,,False,True,,729,21.16838264042747
101,2026-09-14T02:09:59.694+00:00,2026-09-14T02:14:02.677+00:00,2026-09-14T02:14:22.218+00:00,True,290,290.0,,290.0,242983.15023899998,262523.81711899996,262523.817011,905.2545414172413,0.0,242983.15023899998,14264.539664678901,97.45053995,67.61476429065745,37.16905884647828,1.1046616767291073,4,64,,False,True,,1419,21.16838264042747
102,2026-09-14T02:10:03.014+00:00,2026-09-14T02:14:08.194+00:00,2026-09-14T02:14:18.263+00:00,True,149,149.0,,149.0,245180.589486,255249.41662200002,255249.416578,1713.0833327382552,0.0,245180.589486,20080.458318983026,97.1808808,68.03261578378378,47.264229470611795,0.5837427641241381,4,64,,False,True,,653,21.16838264042747
103,2026-09-14T02:10:05.784+00:00,2026-09-14T02:14:14.764+00:00,2026-09-14T02:14:23.994+00:00,True,139,139.0,,139.0,248979.85427799998,258210.54227799998,258210.542298,1857.629800705036,38.680278,248979.85427799998,21112.533097503965,95.675154,66.88904347826087,21.57206332521607,0.538320390692441,4,64,,False,True,,663,21.16838264042747
104,2026-09-14T02:10:09.123+00:00,2026-09-14T02:14:20.389+00:00,2026-09-14T02:14:30.123+00:00,True,150,150.0,,150.0,251265.726403,260999.856323,260999.856426,1739.9990428400001,34.513726000000005,251265.726403,20510.437657028117,93.74123195,65.32973100671141,21.464453234644534,0.5747129600499385,4,64,,False,True,,666,21.16838264042747
105,2026-09-14T02:10:12.553+00:00,2026-09-14T02:14:26.933+00:00,2026-09-14T02:14:33.585+00:00,True,100,100.0,,100.0,254379.792439,261031.24587900002,261031.245975,2610.31245975,0.015099999999999999,254379.792439,25431.659296192654,93.48679635,67.18639838383838,143.12783205171885,0.3830958997389707,4,64,,False,True,,458,21.16838264042747
106,2026-09-14T02:10:15.536+00:00,2026-09-14T02:14:31.926+00:00,2026-09-14T02:14:43.724+00:00,True,191,191.0,,191.0,256389.62847999998,268187.915072,268187.915088,1404.1252098848167,0.015880000000000002,256389.62847999998,18547.225190218134,92.3541085,62.096245221052634,24.345389450545543,0.7121871988479515,4,64,,False,True,,999,21.16838264042747
107,2026-09-14T02:10:19.133+00:00,2026-09-14T02:14:37.256+00:00,2026-09-14T02:14:53.792+00:00,True,252,252.0,,252.0,258122.61341100003,274658.23888300004,274658.23890000005,1089.9136464285716,35.781184,258122.61341100003,16256.060811252055,94.23625005,65.8789859442231,21.78496851382361,0.9175038805493395,4,64,,False,True,,1199,21.16838264042747
108,2026-09-14T02:10:22.192+00:00,2026-09-14T02:14:42.678+00:00,2026-09-14T02:14:51.503+00:00,True,136,136.0,,136.0,260485.74544,269310.205216,269310.205296,1980.222097764706,33.01473,260485.74544,22330.873730463572,94.11486975,65.36636871111111,21.688219142034125,0.5049938597422304,4,64,,False,True,,511,21.16838264042747
109,2026-09-14T02:10:24.778+00:00,2026-09-14T02:14:46.702+00:00,2026-09-14T02:14:54.809+00:00,True,124,124.0,,124.0,261923.889459,270031.10507499997,270031.105169,2177.6702029758067,32.214522,261923.889459,23515.550852580185,95.37635614999999,65.91232208130081,22.11751302521491,0.4592063568586276,4,64,,False,True,,657,21.16838264042747
110,2026-09-14T02:10:28.255+00:00,2026-09-14T02:14:53.278+00:00,2026-09-14T02:15:01.388+00:00,True,120,120.0,,120.0,265022.78309599997,273133.12575199996,273133.125871,2276.109382258333,0.0,265022.78309599997,24186.995671718414,96.90470995,68.15413996638655,53.11901608035997,0.439346196729568,4,64,,False,True,,586,21.16838264042747
111,2026-09-14T02:10:31.767+00:00,2026-09-14T02:14:59.941+00:00,2026-09-14T02:15:08.200+00:00,True,121,121.0,,121.0,268173.805644,276432.881484,276432.88140300004,2284.5692677933885,38.385638,268173.805644,24373.18910286595,94.519879,68.825632,21.151925935351024,0.43771927330216504,4,64,,False,True,,394,21.16838264042747
112,2026-09-14T02:10:34.669+00:00,2026-09-14T02:15:04.546+00:00,2026-09-14T02:15:16.323+00:00,True,176,176.0,,176.0,269876.32811799995,281653.47653399996,281653.47671099997,1600.3038449488633,40.326474000000005,269876.32811799995,20337.633090842122,95.60341174999999,67.29799094857142,22.365676612196896,0.6248813334947565,4,64,,False,True,,825,21.16838264042747
113,2026-09-14T02:10:38.697+00:00,2026-09-14T02:15:11.653+00:00,2026-09-14T02:15:26.170+00:00,True,215,215.0,,215.0,272955.88555199996,287473.295344,287473.29545599996,1337.085095144186,40.862383,272955.88555199996,18610.823662043254,96.2251117,67.83836351401868,22.31266543155654,0.7478955558036232,4,64,,False,True,,1032,21.16838264042747
114,2026-09-14T02:10:42.313+00:00,2026-09-14T02:15:18.410+00:00,2026-09-14T02:15:31.591+00:00,True,194,194.0,,194.0,276097.135969,289278.467937,289278.468007,1491.1261237474228,32.307791,276097.135969,19817.728708969928,98.46034265,68.29705682901553,22.774075582820846,0.6706340827352901,4,64,,False,True,,848,21.16838264042747
115,2026-09-14T02:10:44.917+00:00,2026-09-14T02:15:22.665+00:00,2026-09-14T02:15:30.245+00:00,True,113,113.0,,113.0,277747.82037300005,285328.4908370001,285328.49070600007,2525.0308912035402,34.922055,277747.82037300005,26121.960036047833,98.0310846,67.68455771428572,23.172462906025242,0.39603475863387805,4,64,,False,True,,719,21.16838264042747
116,2026-09-14T02:10:48.363+00:00,2026-09-14T02:15:29.359+00:00,2026-09-14T02:15:46.182+00:00,True,250,250.0,,250.0,280996.23769,297818.668922,297818.66888199997,1191.274675528,28.979998,280996.23769,17767.503393592528,96.02356094999999,67.5599647871486,22.157143267162088,0.8394369664766587,4,64,,False,True,,1171,21.16838264042747
117,2026-09-14T02:10:52.107+00:00,2026-09-14T02:15:36.252+00:00,2026-09-14T02:15:50.435+00:00,True,215,215.0,,215.0,284144.44775700005,298327.80519700004,298327.80503600003,1387.5711862139538,0.0,284144.44775700005,19374.018454289635,96.689538,66.27737121495328,43.24445840069063,0.7206837453787631,4,64,,False,True,,947,21.16838264042747
118,2026-09-14T02:10:56.102+00:00,2026-09-14T02:15:42.961+00:00,2026-09-14T02:15:56.164+00:00,False,203,202.0,,202.0,286859.170773,300062.186965,300062.18690699997,1478.1388517586206,0.0,286859.170773,20129.028576178924,95.184832,65.36146629702971,44.64443886683152,0.6731937870717505,4,64,,False,False,Request timeout: 300.0s exceeded,1016,21.16838264042747
119,2026-09-14T02:11:00.137+00:00,2026-09-14T02:15:50.570+00:00,2026-09-14T02:16:00.159+00:00,False,140,139.0,,139.0,290432.74716900004,300022.26908900007,300022.26889300003,2143.0162063785715,0.02137,290432.74716900004,24540.226111789638,93.5147034,68.98936633093525,21.76124056659135,0.46329894251538495,4,64,,False,False,Request timeout: 300.0s exceeded,731,21.16838264042747
120,2026-09-14T02:11:03.412+00:00,2026-09-14T02:15:55.505+00:00,2026-09-14T02:16:03.450+00:00,False,112,111.0,,111.0,292092.823143,300037.724775,300037.724836,2678.9082574642857,0.03523,292092.823143,27593.42186312567,92.08785114999999,71.57569037837838,20.623913448095262,0.3699534786275277,4,64,,False,False,Request timeout: 300.0s exceeded,549,21.16838264042747
121,2026-09-14T02:11:05.911+00:00,2026-09-14T02:15:58.947+00:00,2026-09-14T02:16:05.932+00:00,False,100,99.0,,99.0,293035.92202399997,300021.108584,300021.108618,3000.2110861799997,0.091779,293035.92202399997,29296.5435586344,92.42039289999998,70.55744,20.500509444493524,0.3299767821912502,4,64,,False,False,Request timeout: 300.0s exceeded,448,21.16838264042747
122,2026-09-14T02:11:08.949+00:00,2026-09-14T02:16:02.391+00:00,2026-09-14T02:16:08.967+00:00,False,99,98.0,,98.0,293442.001946,300017.776922,300017.77679699997,3030.4825939090906,0.041609,293442.001946,29485.294204619062,89.2547361,67.09974465306122,20.608316775821333,0.326647310720786,4,64,,False,False,Request timeout: 300.0s exceeded,397,21.16838264042747
123,2026-09-14T02:11:12.533+00:00,2026-09-14T02:16:06.279+00:00,2026-09-14T02:16:12.556+00:00,False,93,92.0,,92.0,293746.366269,300022.539325,300022.53926499997,3226.0488093010754,0.03893,293746.366269,30453.011466079774,87.253577,68.21927234782609,19.6059441756472,0.3066436281986828,4,64,,False,False,Request timeout: 300.0s exceeded,247,21.16838264042747
124,2026-09-14T02:11:15.649+00:00,2026-09-14T02:16:09.861+00:00,2026-09-14T02:16:15.683+00:00,False,89,88.0,,88.0,294212.046675,300034.736979,300034.736911,3371.176819224719,0.03661,294212.046675,31179.406927085296,86.32194739999998,66.16693527272727,19.50783236935902,0.293299372219555,4,64,,False,False,Request timeout: 300.0s exceeded,409,21.16838264042747
125,2026-09-14T02:11:18.072+00:00,2026-09-14T02:16:11.796+00:00,2026-09-14T02:16:18.080+00:00,False,94,93.0,,93.0,293723.54837699997,300007.44392899994,300007.443957,3191.5685527340424,0.023030000000000002,293723.54837699997,30288.307947380108,87.28072645,67.56876937634408,19.643784565245223,0.3099923081308925,4,64,,False,False,Request timeout: 300.0s exceeded,488,21.16838264042747
126,2026-09-14T02:11:21.291+00:00,2026-09-14T02:16:14.613+00:00,2026-09-14T02:16:21.383+00:00,False,100,99.0,,99.0,293322.603796,300092.946964,300092.947166,3000.92947166,0.03546,293322.603796,29325.428089557765,87.79733420000001,68.38730472727273,19.534673516238165,0.32989779000662856,4,64,,False,False,Request timeout: 300.0s exceeded,443,21.16838264042747
127,2026-09-14T02:11:24.116+00:00,2026-09-14T02:16:17.833+00:00,2026-09-14T02:16:24.155+00:00,False,94,93.0,,93.0,293716.477237,300038.72850100003,300038.728365,3191.9013655851063,0.02222,293716.477237,30287.53613960856,88.2722365,67.98119638709677,19.741557482407703,0.3099599857146109,4,64,,False,False,Request timeout: 300.0s exceeded,267,21.16838264042747
128,2026-09-14T02:11:28.051+00:00,2026-09-14T02:16:21.819+00:00,2026-09-14T02:16:28.106+00:00,False,95,94.0,,94.0,293767.892782,300055.118382,300055.118225,3158.4749286842107,0.0218,293767.892782,30133.09464255464,88.9132267,66.88537872340426,20.77333608715331,0.31327577582038996,4,64,,False,False,Request timeout: 300.0s exceeded,432,21.16838264042747
129,2026-09-14T02:11:31.330+00:00,2026-09-14T02:16:25.329+00:00,2026-09-14T02:16:32.816+00:00,False,93,92.0,,92.0,293998.98147299996,301486.745441,301486.74551499996,3241.792962526881,0.02238,293998.98147299996,30478.280032604594,90.4839346,81.3887387826087,165.68299027376665,0.30515437707029847,4,64,,False,False,Request timeout: 300.0s exceeded,420,21.16838264042747
130,2026-09-14T02:11:34.243+00:00,2026-09-14T02:16:27.965+00:00,2026-09-14T02:16:34.273+00:00,False,109,108.0,,108.0,293721.631395,300029.382819,300029.382804,2752.5631449908255,0.0157,293721.631395,28128.260096811817,90.07867259999999,58.40510577777778,155.23281494354427,0.359964744070262,4,64,,False,False,Request timeout: 300.0s exceeded,532,21.16838264042747
131,2026-09-14T02:11:37.280+00:00,2026-09-14T02:16:30.959+00:00,2026-09-14T02:16:37.355+00:00,False,104,103.0,,103.0,293678.25079900003,300074.344495,300074.34452200006,2885.330235788462,0.016,293678.25079900003,28791.868731835817,89.34574595,62.09799704854369,159.2576250568816,0.3432482712687096,4,64,,False,False,Request timeout: 300.0s exceeded,520,21.16838264042747
132,2026-09-14T02:11:40.501+00:00,2026-09-14T02:16:34.098+00:00,2026-09-14T02:16:40.547+00:00,False,92,91.0,,91.0,293596.33263300004,300045.907033,300045.907086,3261.368555282609,0.02588,293596.33263300004,30602.15059440856,87.87658649999999,70.87444395604396,19.479964008123442,0.30328692332400825,4,64,,False,False,Request timeout: 300.0s exceeded,464,21.16838264042747
133,2026-09-14T02:11:43.291+00:00,2026-09-14T02:16:36.863+00:00,2026-09-14T02:16:43.336+00:00,False,98,97.0,,97.0,293571.741752,300045.065016,300045.065151,3061.68433827551,0.0,293571.741752,29648.551180563794,87.17292079999999,66.7352913814433,63.95569627017453,0.3232847705554745,4,64,,False,False,Request timeout: 300.0s exceeded,503,21.16838264042747
134,2026-09-14T02:11:47.111+00:00,2026-09-14T02:16:40.547+00:00,2026-09-14T02:16:46.877+00:00,True,101,101.0,,101.0,293435.80943699996,299766.07862099994,299766.078627,2967.98097650495,0.0,293435.80943699996,29191.722896442687,87.928875,63.30269184,63.053788896328115,0.33692938328654676,4,64,,False,True,,456,21.16838264042747
135,2026-09-14T02:11:50.141+00:00,2026-09-14T02:16:43.920+00:00,2026-09-14T02:16:50.166+00:00,False,94,93.0,,93.0,293778.809164,300024.76423599996,300024.76399199996,3191.752808425532,0.02281,293778.809164,30294.05041436888,89.3533378,67.16080722580645,20.66897432588056,0.3099744124016578,4,64,,False,False,Request timeout: 300.0s exceeded,536,21.16838264042747
136,2026-09-14T02:11:53.929+00:00,2026-09-14T02:16:47.839+00:00,2026-09-14T02:16:53.998+00:00,False,91,90.0,,90.0,293909.474292,300069.3573,300069.357206,3297.465463802198,0.03682,293909.474292,30802.91625514719,88.53191350000002,68.44314453333332,20.15272350711223,0.2999306587310773,4,64,,False,False,Request timeout: 300.0s exceeded,198,21.16838264042747
137,2026-09-14T02:11:57.744+00:00,2026-09-14T02:16:51.606+00:00,2026-09-14T02:16:57.828+00:00,False,91,90.0,,90.0,293861.567009,300083.965985,300083.96592,3297.625999120879,0.030379999999999997,293861.567009,30797.82162576286,88.770267,69.1377664,20.510455700516385,0.29991605750937966,4,64,,False,False,Request timeout: 300.0s exceeded,438,21.16838264042747
138,2026-09-14T02:12:00.499+00:00,2026-09-14T02:16:54.247+00:00,2026-09-14T02:17:00.509+00:00,False,91,90.0,,90.0,293748.014785,300009.795777,300009.795762,3296.8109424395607,0.03478,293748.014785,30785.872159281782,89.44369050000002,69.57534435555554,20.371968196836765,0.299990204542847,4,64,,False,False,Request timeout: 300.0s exceeded,388,21.16838264042747
139,2026-09-14T02:12:04.139+00:00,2026-09-14T02:16:57.995+00:00,2026-09-14T02:17:04.190+00:00,False,94,93.0,,93.0,293856.236913,300050.904177,300050.904042,3192.0308940638297,0.026579000000000002,293856.236913,30302.0932186346,89.41395549999999,66.60932541935485,20.46451097232406,0.3099474079409516,4,64,,False,False,Request timeout: 300.0s exceeded,401,21.16838264042747
140,2026-09-14T02:12:06.996+00:00,2026-09-14T02:17:00.815+00:00,2026-09-14T02:17:07.017+00:00,False,89,88.0,,88.0,293818.312188,300020.84991600004,300020.849869,3371.0207850449438,0.023329999999999997,293818.312188,31137.21433090103,90.7673264,70.48338327272727,20.622880631475628,0.2933129481655634,4,64,,False,False,Request timeout: 300.0s exceeded,364,21.16838264042747
141,2026-09-14T02:12:09.317+00:00,2026-09-14T02:17:02.871+00:00,2026-09-14T02:17:09.369+00:00,False,93,92.0,,92.0,293553.587248,300051.521328,300051.521375,3226.3604448924734,0.037380000000000004,293553.587248,30432.77138120133,88.78082780000001,70.62971826086957,19.78706267061867,0.3066140094634968,4,64,,False,False,Request timeout: 300.0s exceeded,368,21.16838264042747
142,2026-09-14T02:12:11.993+00:00,2026-09-14T02:17:05.795+00:00,2026-09-14T02:17:12.083+00:00,False,90,89.0,,89.0,293802.230417,300090.17563300004,300090.175628,3334.3352847555557,0.038299999999999994,293802.230417,30962.032966944862,88.7525886,70.65106984269663,19.252482532927285,0.2965775197814004,4,64,,False,False,Request timeout: 300.0s exceeded,405,21.16838264042747
143,2026-09-14T02:12:14.206+00:00,2026-09-14T02:17:08.225+00:00,2026-09-14T02:17:14.235+00:00,False,84,83.0,,83.0,294018.969788,300028.27077999996,300028.27092,3571.7651299999998,0.02952,294018.969788,32072.20557400221,88.90035465000001,72.40121677108434,18.993513596282025,0.2766405971817934,4,64,,False,False,Request timeout: 300.0s exceeded,300,21.16838264042747
144,2026-09-14T02:12:16.535+00:00,2026-09-14T02:17:10.731+00:00,2026-09-14T02:17:16.563+00:00,False,86,85.0,,85.0,294195.727893,300028.631829,300028.631877,3488.7050218255813,0.023600000000000003,294195.727893,31716.54777309721,91.01017374999999,68.62239924705882,20.130817882957903,0.2833062947420477,4,64,,False,False,Request timeout: 300.0s exceeded,451,21.16838264042747
145,2026-09-14T02:12:18.991+00:00,2026-09-14T02:17:12.674+00:00,2026-09-14T02:17:19.043+00:00,False,94,93.0,,93.0,293682.823876,300052.0409,300052.040845,3192.0429877127663,0.036289999999999996,293682.823876,30284.013797521588,90.78354200000001,68.4862045591398,20.980499764827417,0.30994623373015023,4,64,,False,False,Request timeout: 300.0s exceeded,388,21.16838264042747
146,2026-09-14T02:12:21.755+00:00,2026-09-14T02:17:15.802+00:00,2026-09-14T02:17:21.791+00:00,False,91,90.0,,90.0,294046.50691299996,300035.764385,300035.76439499995,3297.0963120329666,0.02318,294046.50691299996,30817.480200565253,89.4545645,66.54730524444444,20.594442862141555,0.2999642398781292,4,64,,False,False,Request timeout: 300.0s exceeded,451,21.16838264042747
147,2026-09-14T02:12:24.008+00:00,2026-09-14T02:17:17.385+00:00,2026-09-14T02:17:24.039+00:00,False,98,97.0,,97.0,293377.119748,300031.54202,300031.541984,3061.5463467755103,0.028679,293377.119748,29628.641299546052,88.606031,68.60229146391752,20.14038083252121,0.3232993416190022,4,64,,False,False,Request timeout: 300.0s exceeded,231,21.16838264042747
148,2026-09-14T02:12:27.143+00:00,2026-09-14T02:17:20.842+00:00,2026-09-14T02:17:27.170+00:00,False,93,92.0,,92.0,293699.37139700004,300027.23418100004,300027.23414500005,3226.099291881721,0.022170000000000002,293699.37139700004,30448.080465741597,88.7557446,68.7811172173913,20.224990985313987,0.30663882980869117,4,64,,False,False,Request timeout: 300.0s exceeded,417,21.16838264042747
149,2026-09-14T02:12:30.360+00:00,2026-09-14T02:17:24.037+00:00,2026-09-14T02:17:30.421+00:00,False,96,95.0,,95.0,293677.255547,300061.23762699997,300061.237599,3125.63789165625,0.032850000000000004,293677.255547,29966.457788328746,88.62617575,67.19981136842105,20.53076337888868,0.3166020401411947,4,64,,False,False,Request timeout: 300.0s exceeded,363,21.16838264042747
150,2026-09-14T02:12:33.658+00:00,2026-09-14T02:17:27.385+00:00,2026-09-14T02:17:33.706+00:00,False,93,92.0,,92.0,293726.743152,300048.34827200003,300048.348383,3226.3263266989247,0.03607,293726.743152,30450.92541037187,87.49533060000002,68.71309913043478,19.565025418170432,0.30661725195234235,4,64,,False,False,Request timeout: 300.0s exceeded,348,21.16838264042747
151,2026-09-14T02:12:36.481+00:00,2026-09-14T02:17:30.079+00:00,2026-09-14T02:17:36.506+00:00,False,92,91.0,,91.0,293597.247564,300024.58273200004,300024.582744,3261.136768956522,0.03643,293597.247564,30602.271070430197,87.51301800000002,70.63005679120879,18.848193912660484,0.3033084794964506,4,64,,False,False,Request timeout: 300.0s exceeded,438,21.16838264042747
152,2026-09-14T02:12:39.934+00:00,2026-09-14T02:17:33.791+00:00,2026-09-14T02:17:40.024+00:00,False,97,96.0,,96.0,293856.241723,300089.607739,300089.607684,3093.7072957113405,0.0,293856.241723,29830.059508959774,89.3547448,64.930896,65.62255677740181,0.3199044469527084,4,64,,False,False,Request timeout: 300.0s exceeded,474,21.16838264042747
153,2026-09-14T02:12:42.893+00:00,2026-09-14T02:17:36.634+00:00,2026-09-14T02:17:42.922+00:00,False,95,94.0,,94.0,293740.940546,300028.19200200005,300028.19189300004,3158.191493610527,0.0,293740.940546,30130.39492237223,89.5628913,66.88565378723405,66.51317057789228,0.3133038911202497,4,64,,False,False,Request timeout: 300.0s exceeded,455,21.16838264042747
154,2026-09-14T02:12:46.855+00:00,2026-09-14T02:17:40.451+00:00,2026-09-14T02:17:46.920+00:00,False,92,91.0,,91.0,293596.037916,300064.833308,300064.83324,3261.5742743478263,0.026759,293596.037916,30602.09772265526,89.21972025000001,71.08566364835166,19.28142339192289,0.30326779381905616,4,64,,False,False,Request timeout: 300.0s exceeded,369,21.16838264042747
155,2026-09-14T02:12:49.789+00:00,2026-09-14T02:17:43.622+00:00,2026-09-14T02:17:49.801+00:00,False,91,90.0,,90.0,293833.35244499997,300012.460797,300012.460812,3296.8402287032964,0.05165,293833.35244499997,30794.914454873917,90.9694825,68.65675946666667,20.65466508284108,0.2999875397205501,4,64,,False,False,Request timeout: 300.0s exceeded,159,21.16838264042747
156,2026-09-14T02:12:53.655+00:00,2026-09-14T02:17:47.138+00:00,2026-09-14T02:17:53.688+00:00,False,102,101.0,,101.0,293483.866079,300033.845727,300033.84561,2941.5082902941176,0.028829,293483.866079,29052.818925753163,88.5896421,64.85128364356436,20.65473017665338,0.3366286885243595,4,64,,False,False,Request timeout: 300.0s exceeded,422,21.16838264042747
157,2026-09-14T02:12:57.142+00:00,2026-09-14T02:17:50.577+00:00,2026-09-14T02:17:57.151+00:00,False,103,102.0,,102.0,293434.709643,300008.525195,300008.52521,2912.704128252427,0.02419,293434.709643,28906.638011747287,89.54008230000001,64.44917207843137,20.663771558379597,0.33999033838689047,4,64,,False,False,Request timeout: 300.0s exceeded,584,21.16838264042747
158,2026-09-14T02:12:59.509+00:00,2026-09-14T02:17:53.787+00:00,2026-09-14T02:17:59.573+00:00,False,87,86.0,,86.0,294277.503041,300063.86284899997,300063.862987,3449.0099193908045,0.03782,294277.503041,31542.653200605862,89.1730733,67.28325358139534,20.75601381374701,0.2866056551544078,4,64,,False,False,Request timeout: 300.0s exceeded,306,21.16838264042747
159,2026-09-14T02:13:03.042+00:00,2026-09-14T02:17:56.808+00:00,2026-09-14T02:18:03.112+00:00,False,95,94.0,,94.0,293765.571931,300069.443675,300069.443622,3158.625722336842,0.02832,293765.571931,30132.838156058147,87.26445199999998,67.06246536170212,20.47287947554416,0.31326082005807215,4,64,,False,False,Request timeout: 300.0s exceeded,506,21.16838264042747
160,2026-09-14T02:13:05.868+00:00,2026-09-14T02:17:59.654+00:00,2026-09-14T02:18:05.890+00:00,False,91,90.0,,90.0,293786.30496700003,300021.676487,300021.67645400006,3296.941499494506,0.04355,293786.30496700003,30789.916222277225,89.15588950000001,69.28190577777778,19.435559323353925,0.2999783250791204,4,64,,False,False,Request timeout: 300.0s exceeded,346,21.16838264042747
161,2026-09-14T02:13:09.138+00:00,2026-09-14T02:18:03.027+00:00,2026-09-14T02:18:09.170+00:00,False,87,86.0,,86.0,293888.86924900004,300032.22259300004,300032.222521,3448.6462358735635,0.019379999999999998,293888.86924900004,31500.54171456919,90.43491,71.43434120930232,19.915922290535814,0.28663587949571934,4,64,,False,False,Request timeout: 300.0s exceeded,456,21.16838264042747
162,2026-09-14T02:13:12.957+00:00,2026-09-14T02:18:06.887+00:00,2026-09-14T02:18:12.974+00:00,False,89,88.0,,88.0,293930.40758099995,300017.57455699996,300017.57447199995,3370.9839828314603,0.057669,293930.40758099995,31149.235237775556,88.65528699999999,69.172352,20.396293953141797,0.2933161503286568,4,64,,False,False,Request timeout: 300.0s exceeded,403,21.16838264042747
163,2026-09-14T02:13:16.593+00:00,2026-09-14T02:18:10.077+00:00,2026-09-14T02:18:16.613+00:00,False,98,97.0,,97.0,293484.121014,300019.802294,300019.80223599996,3061.426553428571,0.0223,293484.121014,29639.57430633335,89.343187,67.3781575257732,21.003596580639147,0.3233119922695845,4,64,,False,False,Request timeout: 300.0s exceeded,321,21.16838264042747
164,2026-09-14T02:13:19.450+00:00,2026-09-14T02:18:13.063+00:00,2026-09-14T02:18:19.510+00:00,False,96,95.0,,95.0,293612.460023,300059.35000700003,300059.350164,3125.6182308750003,0.02823,293612.460023,29959.77707352447,89.24543874999999,67.86199983157894,20.580315676736816,0.3166040318283158,4,64,,False,False,Request timeout: 300.0s exceeded,427,21.16838264042747
165,2026-09-14T02:13:21.685+00:00,2026-09-14T02:18:15.406+00:00,2026-09-14T02:18:21.706+00:00,False,94,93.0,,93.0,293721.326308,300021.599204,300021.599088,3191.719139234043,0.02246,293721.326308,30288.061086941605,88.79824515,67.74486984946236,20.395679322992486,0.30997768242933915,4,64,,False,False,Request timeout: 300.0s exceeded,493,21.16838264042747
166,2026-09-14T02:13:25.720+00:00,2026-09-14T02:18:19.086+00:00,2026-09-14T02:18:25.754+00:00,False,100,99.0,,99.0,293366.90318900003,300034.14875700005,300034.148684,3000.3414868400005,0.03555,293366.90318900003,29329.962487558212,89.4360829,67.34591482828283,20.014781492975036,0.3299624406426512,4,64,,False,False,Request timeout: 300.0s exceeded,485,21.16838264042747
167,2026-09-14T02:13:28.162+00:00,2026-09-14T02:18:22.140+00:00,2026-09-14T02:18:28.245+00:00,False,89,88.0,,88.0,293978.238553,300083.198553,300083.198657,3371.721333224719,0.02388,293978.238553,31154.28318541044,88.98637000000001,69.37454545454545,19.298390771908704,0.2932520061914018,4,64,,False,False,Request timeout: 300.0s exceeded,385,21.16838264042747
168,2026-09-14T02:13:31.462+00:00,2026-09-14T02:18:25.058+00:00,2026-09-14T02:18:31.522+00:00,False,93,92.0,,92.0,293596.708835,300060.395747,300060.395731,3226.455868075269,0.05881,293596.708835,30437.282220985577,90.239149,70.25746643478261,20.905772094730363,0.3066049412184707,4,64,,False,False,Request timeout: 300.0s exceeded,334,21.16838264042747
169,2026-09-14T02:13:34.757+00:00,2026-09-14T02:18:28.634+00:00,2026-09-14T02:18:34.783+00:00,False,96,95.0,,95.0,293877.605477,300025.690981,300025.690802,3125.2676125208336,0.0,293877.605477,29987.21890658836,92.77958625,64.71668951578947,63.49536483067347,0.31663955073106104,4,64,,False,False,Request timeout: 300.0s exceeded,313,21.16838264042747
170,2026-09-14T02:13:38.297+00:00,2026-09-14T02:18:32.810+00:00,2026-09-14T02:18:38.321+00:00,False,83,82.0,,82.0,294512.654664,300024.16954399995,300024.16971399996,3614.749032698795,0.02176,294512.654664,32319.593144520786,90.5241431,67.21359609756097,21.703817735211295,0.27331131396723796,4,64,,False,False,Request timeout: 300.0s exceeded,413,21.16838264042747
171,2026-09-14T02:13:41.140+00:00,2026-09-14T02:18:34.997+00:00,2026-09-14T02:18:41.152+00:00,False,90,89.0,,89.0,293856.743201,300012.250145,300012.250119,3333.4694457666665,0.03464,293856.743201,30967.936920512453,89.68673344999999,69.16299937078652,20.734838629922198,0.2966545531290309,4,64,,False,False,Request timeout: 300.0s exceeded,397,21.16838264042747
172,2026-09-14T02:13:44.185+00:00,2026-09-14T02:18:38.146+00:00,2026-09-14T02:18:44.275+00:00,False,93,92.0,,92.0,293960.741645,300090.039053,300090.039006,3226.774612967742,0.02165,293960.741645,30475.407562165485,89.2897372,66.62279791304347,20.918303025378084,0.3065746543614916,4,64,,False,False,Request timeout: 300.0s exceeded,511,21.16838264042747
173,2026-09-14T02:13:47.996+00:00,2026-09-14T02:18:42.149+00:00,2026-09-14T02:18:48.005+00:00,False,93,92.0,,92.0,294152.62096,300008.356768,300008.35676,3225.8963092473114,0.02032,294152.62096,30495.613043999423,90.591426,63.64930226086956,21.1984885794066,0.3066581244306627,4,64,,False,False,Request timeout: 300.0s exceeded,310,21.16838264042747
174,2026-09-14T02:13:50.401+00:00,2026-09-14T02:18:44.410+00:00,2026-09-14T02:18:50.482+00:00,False,93,92.0,,92.0,294009.23074800003,300081.1839,300081.183931,3226.679397107527,0.03052,294009.23074800003,30480.500347790272,90.811766,65.99949078260869,21.017094676614395,0.30658370113155237,4,64,,False,False,Request timeout: 300.0s exceeded,511,21.16838264042747
175,2026-09-14T02:13:54.149+00:00,2026-09-14T02:18:47.645+00:00,2026-09-14T02:18:54.210+00:00,False,96,95.0,,95.0,293496.093651,300060.975571,300060.975572,3125.6351622083334,0.047020000000000006,293496.093651,29947.773520330196,89.69040825,69.10402021052631,20.284236787879,0.31660231664320915,4,64,,False,False,Request timeout: 300.0s exceeded,271,21.16838264042747
176,2026-09-14T02:13:56.706+00:00,2026-09-14T02:18:50.177+00:00,2026-09-14T02:18:56.794+00:00,False,100,99.0,,99.0,293471.53681900003,300087.785395,300087.78520100005,3000.8778520100004,0.021670000000000002,293471.53681900003,29340.477085413375,87.0551109,66.83079369696969,19.603366217155333,0.32990346431357787,4,64,,False,False,Request timeout: 300.0s exceeded,620,21.16838264042747
177,2026-09-14T02:13:59.005+00:00,2026-09-14T02:18:52.390+00:00,2026-09-14T02:18:59.278+00:00,False,79,78.0,,78.0,293384.464786,300272.81166600005,300272.811813,3800.9216685189876,0.05055,293384.464786,32999.009712675084,87.66407589999999,88.3121394871795,202.67727417032538,0.2597637780364913,4,64,,False,False,Request timeout: 300.0s exceeded,347,21.16838264042747
178,2026-09-14T02:14:02.135+00:00,2026-09-14T02:18:56.245+00:00,2026-09-14T02:19:02.191+00:00,False,96,95.0,,95.0,294110.08918400004,300056.92464000004,300056.92460100004,3125.5929645937504,0.015189999999999999,294110.08918400004,30011.745105074395,89.87953775000001,62.598267957894734,198.37624876246676,0.31660659094596255,4,64,,False,False,Request timeout: 300.0s exceeded,460,21.16838264042747
179,2026-09-14T02:14:05.945+00:00,2026-09-14T02:19:00.492+00:00,2026-09-14T02:19:06.013+00:00,False,85,84.0,,84.0,294546.526161,300067.511505,300067.51134900004,3530.2060158705885,0.04311,294546.526161,31940.93423484288,88.9776834,65.726016,21.025131255657477,0.2799370034386422,4,64,,False,False,Request timeout: 300.0s exceeded,370,21.16838264042747
180,2026-09-14T02:14:08.363+00:00,2026-09-14T02:19:01.931+00:00,2026-09-14T02:19:08.401+00:00,False,99,98.0,,98.0,293567.684357,300037.748485,300037.748548,3030.6843287676766,0.03953,293567.684357,29498.033720066196,88.9331239,66.02106253061224,19.946234472483702,0.32662556793216097,4,64,,False,False,Request timeout: 300.0s exceeded,169,21.16838264042747
181,2026-09-14T02:14:11.791+00:00,2026-09-14T02:19:05.589+00:00,2026-09-14T02:19:11.826+00:00,False,90,89.0,,89.0,293797.65434899996,300034.346317,300034.34636299993,3333.7149595888886,0.02102,293797.65434899996,30961.611470226162,87.65092039999999,70.07519065168539,19.5112557186325,0.29663270586350615,4,64,,False,False,Request timeout: 300.0s exceeded,382,21.16838264042747
182,2026-09-14T02:14:14.067+00:00,2026-09-14T02:19:07.852+00:00,2026-09-14T02:19:14.088+00:00,False,88,87.0,,87.0,293784.97386,300021.01174800005,300021.011635,3409.3296776704547,0.036119,293784.97386,31309.94801404878,88.36502284999999,71.6785964137931,18.728920010835775,0.2899796900660907,4,64,,False,False,Request timeout: 300.0s exceeded,383,21.16838264042747
183,2026-09-14T02:14:16.712+00:00,2026-09-14T02:19:10.350+00:00,2026-09-14T02:19:16.743+00:00,False,90,89.0,,89.0,293637.889981,300030.482109,300030.482175,3333.6720241666667,0.03614,293637.889981,30944.586015384455,90.28226685,71.82687784269662,19.234914716315064,0.2966365263102388,4,64,,False,False,Request timeout: 300.0s exceeded,385,21.16838264042747
184,2026-09-14T02:14:19.587+00:00,2026-09-14T02:19:13.469+00:00,2026-09-14T02:19:19.668+00:00,False,90,89.0,,89.0,293882.40738499997,300081.216217,300081.21622899995,3334.2357358777776,0.03512,293882.40738499997,30970.590585400547,90.1808255,69.64953743820224,20.2898903692637,0.2965863745888072,4,64,,False,False,Request timeout: 300.0s exceeded,334,21.16838264042747
185,2026-09-14T02:14:23.041+00:00,2026-09-14T02:19:16.563+00:00,2026-09-14T02:19:23.061+00:00,False,96,95.0,,95.0,293521.795105,300019.919393,300019.91945800005,3125.207494354167,0.03571,293521.795105,29950.468741701578,89.945555,68.40130829473685,20.811818113205153,0.3166456420367151,4,64,,False,False,Request timeout: 300.0s exceeded,353,21.16838264042747
186,2026-09-14T02:14:25.345+00:00,2026-09-14T02:19:18.797+00:00,2026-09-14T02:19:25.380+00:00,False,99,98.0,,98.0,293452.17912800005,300035.06501600007,300035.06519200007,3030.657224161617,0.019370000000000002,293452.17912800005,29486.30946732877,88.30852579999998,67.17230497959183,20.185614623748382,0.3266284892226644,4,64,,False,False,Request timeout: 300.0s exceeded,469,21.16838264042747
187,2026-09-14T02:14:29.073+00:00,2026-09-14T02:19:22.573+00:00,2026-09-14T02:19:29.158+00:00,False,107,106.0,,106.0,293500.17667799996,300085.36298199993,300085.362897,2804.5361018411213,0.0,293500.17667799996,28367.800462562267,91.1187376,62.12439909433962,64.75964266833039,0.35323282330954014,4,64,,False,False,Request timeout: 300.0s exceeded,507,21.16838264042747
188,2026-09-14T02:14:31.980+00:00,2026-09-14T02:19:25.602+00:00,2026-09-14T02:19:32.069+00:00,False,106,105.0,,105.0,293621.37185399997,300089.000654,300089.000611,2831.028307650943,0.0,293621.37185399997,28513.118577651694,90.629798,61.59646476190476,64.66039934113971,0.34989619669887234,4,64,,False,False,Request timeout: 300.0s exceeded,492,21.16838264042747
189,2026-09-14T02:14:35.172+00:00,2026-09-14T02:19:28.907+00:00,2026-09-14T02:19:35.248+00:00,False,104,103.0,,103.0,293735.027598,300075.89287800004,300075.892792,2885.345123,0.038259999999999995,293735.027598,28797.059419147357,87.27181385,61.56179883495145,19.983649931755387,0.3432465001174755,4,64,,False,False,Request timeout: 300.0s exceeded,340,21.16838264042747
190,2026-09-14T02:14:38.847+00:00,2026-09-14T02:19:33.301+00:00,2026-09-14T02:19:38.879+00:00,False,86,85.0,,85.0,294453.996378,300032.33877800003,300032.338546,3488.748122627907,0.02054,294453.996378,31744.720529057002,86.8961135,65.62755764705882,20.15021000218731,0.2833027944460787,4,64,,False,False,Request timeout: 300.0s exceeded,345,21.16838264042747
191,2026-09-14T02:14:42.148+00:00,2026-09-14T02:19:35.825+00:00,2026-09-14T02:19:42.155+00:00,False,96,95.0,,95.0,293677.472626,300006.745714,300006.745763,3125.070268364583,0.07112,293677.472626,29966.53833849317,88.86906049999999,66.62392724210527,19.960529278030126,0.3166595463508831,4,64,,False,False,Request timeout: 300.0s exceeded,394,21.16838264042747
192,2026-09-14T02:14:44.478+00:00,2026-09-14T02:19:38.341+00:00,2026-09-14T02:19:44.498+00:00,False,91,90.0,,90.0,293863.00925,300020.002274,300020.002275,3296.923101923077,0.02553,293863.00925,30798.048444709508,88.10022400000001,68.4110336,19.655762715890944,0.2999799990595476,4,64,,False,False,Request timeout: 300.0s exceeded,387,21.16838264042747
193,2026-09-14T02:14:48.204+00:00,2026-09-14T02:19:42.159+00:00,2026-09-14T02:19:48.276+00:00,False,94,93.0,,93.0,293954.99766399997,300071.89622399997,300071.896104,3192.25421387234,0.02007,293954.99766399997,30312.365535855046,87.55920330000001,65.77310279569893,19.97361464764957,0.30992572503549837,4,64,,False,False,Request timeout: 300.0s exceeded,124,21.16838264042747
194,2026-09-14T02:14:51.208+00:00,2026-09-14T02:19:44.663+00:00,2026-09-14T02:19:51.255+00:00,False,102,101.0,,101.0,293455.01789899997,300047.348395,300047.348265,2941.6406692647056,0.03442,293455.01789899997,29049.920617301435,88.26667355,65.27059897029703,20.085302058289997,0.33661353963054413,4,64,,False,False,Request timeout: 300.0s exceeded,624,21.16838264042747
195,2026-09-14T02:14:53.989+00:00,2026-09-14T02:19:47.881+00:00,2026-09-14T02:19:54.034+00:00,False,91,90.0,,90.0,293892.66572000005,300045.11244000006,300045.11240700004,3297.199037439561,0.02035,293892.66572000005,30801.163395952506,90.29280899999999,68.3605191111111,20.905444045685613,0.29995489434275413,4,64,,False,False,Request timeout: 300.0s exceeded,387,21.16838264042747
196,2026-09-14T02:14:56.902+00:00,2026-09-14T02:19:50.175+00:00,2026-09-14T02:19:56.982+00:00,False,98,97.0,,97.0,293272.558148,300080.004164,300080.004324,3062.0408604489794,0.0358,293272.558148,29617.918783966354,89.54476704999999,70.17985583505155,18.84600850678424,0.32324712961209995,4,64,,False,False,Request timeout: 300.0s exceeded,510,21.16838264042747
197,2026-09-14T02:15:00.467+00:00,2026-09-14T02:19:53.911+00:00,2026-09-14T02:20:00.497+00:00,False,100,99.0,,99.0,293443.969614,300030.640974,300030.641042,3000.30641042,0.039049,293443.969614,29337.749902883395,86.81019995000001,66.53203393939394,19.085002539713294,0.3299662983707692,4,64,,False,False,Request timeout: 300.0s exceeded,348,21.16838264042747
198,2026-09-14T02:15:04.495+00:00,2026-09-14T02:19:58.194+00:00,2026-09-14T02:20:04.571+00:00,False,96,95.0,,95.0,293699.489488,300076.460496,300076.460496,3125.7964635,0.03904,293699.489488,29968.734822431048,89.60632300000002,67.12601061052631,20.911245153974868,0.31658597893008117,4,64,,False,False,Request timeout: 300.0s exceeded,369,21.16838264042747
199,2026-09-14T02:15:07.821+00:00,2026-09-14T02:20:01.671+00:00,2026-09-14T02:20:07.904+00:00,False,92,91.0,,91.0,293850.5205,300083.207092,300083.206984,3261.7739889565214,0.040780000000000004,293850.5205,30628.900673948694,90.15329715,68.49106145054945,20.53687797329753,0.30324922504610885,4,64,,False,False,Request timeout: 300.0s exceeded,557,21.16838264042747
200,2026-09-14T02:15:11.735+00:00,2026-09-14T02:20:05.208+00:00,2026-09-14T02:20:11.794+00:00,False,101,100.0,,100.0,293473.044066,300059.781218,300059.781232,2970.8889230891086,0.048350000000000004,293473.044066,29195.112575956286,89.12970200000001,65.86737152,20.760346420563373,0.33326692299141486,4,64,,False,False,Request timeout: 300.0s exceeded,285,21.16838264042747
201,2026-09-14T02:15:13.984+00:00,2026-09-14T02:20:07.690+00:00,2026-09-14T02:20:13.993+00:00,False,95,94.0,,94.0,293706.496682,300009.51569,300009.51585799997,3157.994903768421,0.02054,293706.496682,30126.77828980832,89.27067869999999,67.05339370212766,20.760226088152354,0.31332339503901024,4,64,,False,False,Request timeout: 300.0s exceeded,443,21.16838264042747
202,2026-09-14T02:15:17.725+00:00,2026-09-14T02:20:11.575+00:00,2026-09-14T02:20:17.739+00:00,False,89,88.0,,88.0,293850.33928500005,300014.45064500003,300014.45060400007,3370.9488831910116,0.0202,293850.33928500005,31140.655306533237,90.025674,70.04672,20.353354142947115,0.29331920449434723,4,64,,False,False,Request timeout: 300.0s exceeded,413,21.16838264042747
203,2026-09-14T02:15:21.624+00:00,2026-09-14T02:20:15.325+00:00,2026-09-14T02:20:21.663+00:00,False,92,91.0,,91.0,293700.875023,300038.680079,300038.680274,3261.290002978261,0.03656,293700.875023,30613.17859973407,90.0015595,69.64620940659341,20.498553344594775,0.3032942285176023,4,64,,False,False,Request timeout: 300.0s exceeded,369,21.16838264042747
204,2026-09-14T02:15:24.931+00:00,2026-09-14T02:20:18.470+00:00,2026-09-14T02:20:24.949+00:00,False,100,99.0,,99.0,293539.24705,300018.058954,300018.059093,3000.18059093,0.0,293539.24705,29347.454762734367,89.87703545000001,65.44254448484848,66.3796612329016,0.32998013634632267,4,64,,False,False,Request timeout: 300.0s exceeded,348,21.16838264042747
205,2026-09-14T02:15:28.746+00:00,2026-09-14T02:20:22.741+00:00,2026-09-14T02:20:28.802+00:00,False,92,91.0,,91.0,293995.204742,300056.74791,300056.74796699994,3261.4863909456517,0.02683,293995.204742,30644.180471513435,87.38026615000001,66.61036448351649,19.531513028894754,0.30327596574263627,4,64,,False,False,Request timeout: 300.0s exceeded,494,21.16838264042747
206,2026-09-14T02:15:32.439+00:00,2026-09-14T02:20:26.122+00:00,2026-09-14T02:20:32.520+00:00,False,96,95.0,,95.0,293683.047478,300080.89887,300080.899053,3125.84269846875,0.02451,293683.047478,29967.03348819812,88.401994,67.34580412631578,19.724346662317842,0.31658129643618393,4,64,,False,False,Request timeout: 300.0s exceeded,431,21.16838264042747
207,2026-09-14T02:15:35.014+00:00,2026-09-14T02:20:28.464+00:00,2026-09-14T02:20:35.032+00:00,False,95,94.0,,94.0,293449.603562,300018.06205799995,300018.06199699995,3158.0848631263157,0.02203,293449.603562,30100.131627244256,90.49033600000001,69.87721804255318,20.35644322360386,0.31331446965292303,4,64,,False,False,Request timeout: 300.0s exceeded,424,21.16838264042747
208,2026-09-14T02:15:38.945+00:00,2026-09-14T02:20:32.436+00:00,2026-09-14T02:20:39.017+00:00,False,92,91.0,,91.0,293490.875631,300072.071151,300072.071099,3261.6529467282608,0.03554,293490.875631,30591.00507031996,89.17416244999998,72.32082989010989,19.356031550404406,0.30326047889411095,4,64,,False,False,Request timeout: 300.0s exceeded,465,21.16838264042747
209,2026-09-14T02:15:42.850+00:00,2026-09-14T02:20:36.615+00:00,2026-09-14T02:20:42.878+00:00,False,88,87.0,,87.0,293764.97239899996,300027.752559,300027.752489,3409.4062782840906,0.08452,293764.97239899996,31307.783852228826,88.947658,71.98597885057471,19.985257411618868,0.28997317500784064,4,64,,False,False,Request timeout: 300.0s exceeded,545,21.16838264042747
210,2026-09-14T02:15:45.225+00:00,2026-09-14T02:20:38.578+00:00,2026-09-14T02:20:45.260+00:00,False,97,96.0,,96.0,293352.78704900004,300035.16452100006,300035.164493,3093.1460257010312,0.06945,293352.78704900004,29778.401828641665,88.87810819999999,69.60809866666668,20.1166453616553,0.3199624955736839,4,64,,False,False,Request timeout: 300.0s exceeded,500,21.16838264042747
211,2026-09-14T02:15:49.033+00:00,2026-09-14T02:20:43.043+00:00,2026-09-14T02:20:49.638+00:00,False,97,96.0,,96.0,294009.355988,300604.31714,300604.31726599997,3099.0135800618555,0.020339,294009.355988,29845.15885826285,88.358971,68.697512,20.28582666088147,0.3193566909263318,4,64,,False,False,Request timeout: 300.0s exceeded,408,21.16838264042747
212,2026-09-14T02:15:53.133+00:00,2026-09-14T02:20:46.958+00:00,2026-09-14T02:20:53.171+00:00,False,93,92.0,,92.0,293824.984426,300038.130794,300038.13076,3226.216459784946,0.0386,293824.984426,30461.23626498007,90.5685986,67.53419965217391,21.74879846806361,0.3066276934752847,4,64,,False,False,Request timeout: 300.0s exceeded,395,21.16838264042747
213,2026-09-14T02:15:56.813+00:00,2026-09-14T02:20:50.846+00:00,2026-09-14T02:20:56.849+00:00,False,89,88.0,,88.0,294033.118751,300036.36815899995,300036.36803799996,3371.195146494382,0.03789,294033.118751,31160.223395189896,89.2903258,68.21874327272727,19.951224463628535,0.2932977776659584,4,64,,False,False,Request timeout: 300.0s exceeded,458,21.16838264042747
214,2026-09-14T02:16:00.304+00:00,2026-09-14T02:20:54.065+00:00,2026-09-14T02:21:00.374+00:00,False,92,91.0,,91.0,293761.420398,300070.450798,300070.45063,3261.6353329347826,0.02355,293761.420398,30619.52322447987,88.359354,69.3300043956044,19.519741862854197,0.3032621164729711,4,64,,False,False,Request timeout: 300.0s exceeded,385,21.16838264042747
215,2026-09-14T02:16:02.551+00:00,2026-09-14T02:20:56.384+00:00,2026-09-14T02:21:02.603+00:00,False,91,90.0,,90.0,293832.891167,300051.904799,300051.904699,3297.273678010989,0.022940000000000002,293832.891167,30794.819147363283,88.86011699999999,69.10015146666667,19.929568503815137,0.29994810417980705,4,64,,False,False,Request timeout: 300.0s exceeded,427,21.16838264042747
216,2026-09-14T02:16:05.224+00:00,2026-09-14T02:20:58.848+00:00,2026-09-14T02:21:05.260+00:00,False,96,95.0,,95.0,293624.01026999997,300035.17340599996,300035.173326,3125.3663888124997,0.04397,293624.01026999997,29960.994249264702,89.97355975,67.48592774736842,20.507995233655144,0.3166295435350455,4,64,,False,False,Request timeout: 300.0s exceeded,450,21.16838264042747
217,2026-09-14T02:16:09.054+00:00,2026-09-14T02:21:02.680+00:00,2026-09-14T02:21:09.103+00:00,False,95,94.0,,94.0,293626.338531,300049.67165100004,300049.671621,3158.4175960105263,0.039119999999999995,293626.338531,30118.422788918353,89.7235563,68.33333106382979,20.566488150235795,0.31328146264174295,4,64,,False,False,Request timeout: 300.0s exceeded,419,21.16838264042747
218,2026-09-14T02:16:11.391+00:00,2026-09-14T02:21:05.396+00:00,2026-09-14T02:21:11.406+00:00,False,89,88.0,,88.0,294004.349092,300014.461092,300014.461035,3370.9490003932583,0.022629999999999997,294004.349092,31157.16595596213,90.87230179999999,68.29672727272727,20.579920909668033,0.29331919428048714,4,64,,False,False,Request timeout: 300.0s exceeded,391,21.16838264042747
219,2026-09-14T02:16:15.204+00:00,2026-09-14T02:21:08.878+00:00,2026-09-14T02:21:15.214+00:00,False,93,92.0,,92.0,293674.589353,300010.127017,300010.126979,3225.9153438602148,0.03545,293674.589353,30445.50232854768,90.9040764,68.86453982608695,20.66313979645745,0.30665631495428436,4,64,,False,False,Request timeout: 300.0s exceeded,483,21.16838264042747
220,2026-09-14T02:16:18.914+00:00,2026-09-14T02:21:12.690+00:00,2026-09-14T02:21:18.942+00:00,False,98,97.0,,97.0,293775.86707700003,300027.57344500005,300027.57350000006,3061.5058520408165,0.0,293775.86707700003,29669.4098984911,88.57047569999999,64.45058111340207,67.69190164197356,0.3233036180182342,4,64,,False,False,Request timeout: 300.0s exceeded,492,21.16838264042747
221,2026-09-14T02:16:21.202+00:00,2026-09-14T02:21:15.003+00:00,2026-09-14T02:21:21.243+00:00,False,99,98.0,,98.0,293801.65639899997,300041.26830299996,300041.26828899997,3030.7198817070703,0.0,293801.65639899997,29521.8545380625,93.11542770000001,63.669509224489794,67.36630127677046,0.3266217362507401,4,64,,False,False,Request timeout: 300.0s exceeded,514,21.16838264042747
222,2026-09-14T02:16:25.287+00:00,2026-09-14T02:21:18.937+00:00,2026-09-14T02:21:25.303+00:00,False,97,96.0,,96.0,293650.881536,300016.105472,300016.105409,3092.949540298969,0.02389,293650.881536,29809.0039354957,87.3264774,66.304416,19.763382751434293,0.31998282175207926,4,64,,False,False,Request timeout: 300.0s exceeded,428,21.16838264042747
223,2026-09-14T02:16:29.100+00:00,2026-09-14T02:21:22.949+00:00,2026-09-14T02:21:29.115+00:00,False,92,91.0,,91.0,293848.771283,300014.545107,300014.545097,3261.0276640978263,0.03917,293848.771283,30628.794608176253,89.81877995,67.75575630769231,19.98964256543495,0.3033186273270348,4,64,,False,False,Request timeout: 300.0s exceeded,368,21.16838264042747
224,2026-09-14T02:16:32.747+00:00,2026-09-14T02:21:26.592+00:00,2026-09-14T02:21:32.907+00:00,False,96,95.0,,95.0,293844.58451599994,300159.50701199996,300159.50708499993,3126.661532135416,0.02447,293844.58451599994,29983.610130154728,89.88976550000001,66.47286837894737,20.840176823135884,0.3164983876262898,4,64,,False,False,Request timeout: 300.0s exceeded,488,21.16838264042747
225,2026-09-14T02:16:34.890+00:00,2026-09-14T02:21:28.680+00:00,2026-09-14T02:21:34.968+00:00,False,97,96.0,,96.0,293789.82273,300078.02369,300078.023536,3093.587871505155,0.03516,293789.82273,29823.19357023359,91.2475188,65.50209333333333,20.995709411373973,0.3199167963701807,4,64,,False,False,Request timeout: 300.0s exceeded,144,21.16838264042747
226,2026-09-14T02:16:38.243+00:00,2026-09-14T02:21:33.781+00:00,2026-09-14T02:21:38.257+00:00,False,66,65.0,,65.0,295537.90286000003,300014.21134000004,300014.21117400005,4545.669866272728,0.02454,295537.90286000003,36369.73032434943,87.84187675000001,68.86628430769231,21.18258370411443,0.2166564034072933,4,64,,False,False,Request timeout: 300.0s exceeded,229,21.16838264042747
227,2026-09-14T02:16:42.306+00:00,2026-09-14T02:21:36.410+00:00,2026-09-14T02:21:42.814+00:00,False,97,96.0,,96.0,294104.965362,300508.502002,300508.502045,3098.0257942783505,0.026600000000000002,294104.965362,29855.06868152824,87.44621160000001,66.70350666666667,19.840336909055576,0.31945851568406236,4,64,,False,False,Request timeout: 300.0s exceeded,470,21.16838264042747
228,2026-09-14T02:16:44.664+00:00,2026-09-14T02:21:38.470+00:00,2026-09-14T02:21:46.376+00:00,False,91,90.0,,90.0,293806.74253399996,301712.128774,301712.12867299997,3315.517897505494,0.0264,293806.74253399996,30790.857625277808,89.129097,87.8376248888889,216.1410992224907,0.29829758705993303,4,64,,False,False,Request timeout: 300.0s exceeded,451,21.16838264042747
229,2026-09-14T02:16:48.115+00:00,2026-09-14T02:21:41.510+00:00,2026-09-14T02:21:48.127+00:00,False,115,114.0,,114.0,293394.392167,300011.052647,300011.05280999996,2608.791763565217,0.01517,293394.392167,27354.453161162826,90.4744484,58.04088140350878,196.18607041724346,0.3799860004962386,4,64,,False,False,Request timeout: 300.0s exceeded,510,21.16838264042747
230,2026-09-14T02:16:52.021+00:00,2026-09-14T02:21:46.631+00:00,2026-09-14T02:21:52.036+00:00,False,82,81.0,,81.0,294610.03377499996,300014.69348699995,300014.693377,3658.7157728902434,0.02582,294610.03377499996,32526.873281138796,88.1314356,66.72419397530864,20.059147555525502,0.26998677650936403,4,64,,False,False,Request timeout: 300.0s exceeded,273,21.16838264042747
231,2026-09-14T02:16:54.322+00:00,2026-09-14T02:21:48.210+00:00,2026-09-14T02:21:54.405+00:00,False,92,91.0,,91.0,293888.030379,300082.938283,300082.938252,3261.7710679565216,0.056979999999999996,293888.030379,30632.85383400763,86.58901105,68.07591103296703,19.29804179463045,0.30324949669141266,4,64,,False,False,Request timeout: 300.0s exceeded,151,21.16838264042747
232,2026-09-14T02:16:56.986+00:00,2026-09-14T02:21:50.624+00:00,2026-09-14T02:21:57.005+00:00,False,95,94.0,,94.0,293637.46260900004,300019.01729700004,300019.017318,3158.0949191368427,0.026760000000000003,293637.46260900004,30119.609447446543,88.31513500000001,67.88887965957447,20.197208753711738,0.31331347208215765,4,64,,False,False,Request timeout: 300.0s exceeded,347,21.16838264042747
233,2026-09-14T02:17:00.389+00:00,2026-09-14T02:21:54.152+00:00,2026-09-14T02:22:00.428+00:00,False,93,92.0,,92.0,293762.568778,300038.32865000004,300038.32864100003,3226.2185875376344,0.06568,293762.568778,30454.692497431406,88.695278,68.21478121739129,20.29144573008721,0.3066274912740219,4,64,,False,False,Request timeout: 300.0s exceeded,345,21.16838264042747
234,2026-09-14T02:17:04.145+00:00,2026-09-14T02:21:58.101+00:00,2026-09-14T02:22:04.172+00:00,False,91,90.0,,90.0,293956.029065,300027.587721,300027.58770800004,3297.0064583296703,0.02185,293956.029065,30807.899471983103,88.704133,67.46176284444444,20.268287650308455,0.29997241481570786,4,64,,False,False,Request timeout: 300.0s exceeded,439,21.16838264042747
235,2026-09-14T02:17:07.564+00:00,2026-09-14T02:22:01.422+00:00,2026-09-14T02:22:07.571+00:00,False,91,90.0,,90.0,293857.85051599995,300007.13179599994,300007.13189599995,3296.7816691868125,0.02198,293857.85051599995,30797.51707916476,88.48047249999999,68.32534755555555,20.332385374946234,0.2999928683735377,4,64,,False,False,Request timeout: 300.0s exceeded,385,21.16838264042747
236,2026-09-14T02:17:11.142+00:00,2026-09-14T02:22:05.184+00:00,2026-09-14T02:22:11.233+00:00,False,92,91.0,,91.0,294041.950692,300091.604452,300091.604433,3261.8652655760866,0.0223,294041.950692,30649.06836675397,88.5958706,66.47971164835165,20.570830368858882,0.3032407393274994,4,64,,False,False,Request timeout: 300.0s exceeded,428,21.16838264042747
237,2026-09-14T02:17:13.631+00:00,2026-09-14T02:22:07.487+00:00,2026-09-14T02:22:13.677+00:00,False,103,102.0,,102.0,293855.503297,300046.129089,300046.129089,2913.069214456311,0.0,293855.503297,28948.537136986582,89.993017,60.6924097254902,65.88629316867758,0.3399477284032705,4,64,,False,False,Request timeout: 300.0s exceeded,371,21.16838264042747
238,2026-09-14T02:17:16.930+00:00,2026-09-14T02:22:10.536+00:00,2026-09-14T02:22:16.999+00:00,False,105,104.0,,104.0,293606.343767,300069.270359,300069.270374,2857.8025749904764,0.0,293606.343767,28647.05468827035,87.2108672,62.14352492307692,65.44879218132249,0.3465866393968812,4,64,,False,False,Request timeout: 300.0s exceeded,550,21.16838264042747
239,2026-09-14T02:17:20.468+00:00,2026-09-14T02:22:14.221+00:00,2026-09-14T02:22:20.495+00:00,False,91,90.0,,90.0,293753.261641,300027.002185,300027.002058,3297.0000226153843,0.03282,293753.261641,30786.40757469161,87.4089055,69.70822826666667,19.313639565036258,0.2999730002451746,4,64,,False,False,Request timeout: 300.0s exceeded,435,21.16838264042747
240,2026-09-14T02:17:24.473+00:00,2026-09-14T02:22:17.671+00:00,2026-09-14T02:22:24.538+00:00,False,100,99.0,,99.0,293198.709097,300065.92650500004,300065.92649000004,3000.6592649,0.02085,293198.709097,29312.941031026603,89.84367145,69.36583240404042,19.92664196031063,0.3299274967774468,4,64,,False,False,Request timeout: 300.0s exceeded,369,21.16838264042747
241,2026-09-14T02:17:26.831+00:00,2026-09-14T02:22:20.413+00:00,2026-09-14T02:22:26.873+00:00,False,98,97.0,,97.0,293581.782018,300041.991426,300041.99152100005,3061.6529747040818,0.036289999999999996,293581.782018,29649.517961580485,89.72178400000001,66.60009698969073,20.73184778968703,0.3232880822413929,4,64,,False,False,Request timeout: 300.0s exceeded,509,21.16838264042747
242,2026-09-14T02:17:30.471+00:00,2026-09-14T02:22:24.020+00:00,2026-09-14T02:22:30.555+00:00,False,98,97.0,,97.0,293549.520667,300084.387099,300084.387132,3062.0855829795914,0.02268,293549.520667,29646.181023896286,90.18646704999999,67.36975703092784,20.28998441511402,0.3232424083696131,4,64,,False,False,Request timeout: 300.0s exceeded,447,21.16838264042747
243,2026-09-14T02:17:33.000+00:00,2026-09-14T02:22:26.785+00:00,2026-09-14T02:22:33.051+00:00,False,90,89.0,,89.0,293785.006134,300050.41311,300050.41309800005,3333.893478866667,0.01882,293785.006134,30960.24448762664,90.94092645,70.39783119101124,19.93246266275927,0.29661682207840234,4,64,,False,False,Request timeout: 300.0s exceeded,444,21.16838264042747
244,2026-09-14T02:17:37.062+00:00,2026-09-14T02:22:30.942+00:00,2026-09-14T02:22:37.138+00:00,False,89,88.0,,88.0,293880.55754,300075.95722,300075.957103,3371.6399674494382,0.05341,293880.55754,31143.82106228339,89.83318,70.40226909090909,20.83643655480384,0.29325908285108965,4,64,,False,False,Request timeout: 300.0s exceeded,432,21.16838264042747
245,2026-09-14T02:17:39.571+00:00,2026-09-14T02:22:33.001+00:00,2026-09-14T02:22:39.642+00:00,False,98,97.0,,97.0,293430.379265,300071.548161,300071.548136,3061.9545728163266,0.048479999999999995,293430.379265,29634.036175513163,89.41257949999999,68.46565872164949,21.64734379958332,0.3232562387019636,4,64,,False,False,Request timeout: 300.0s exceeded,472,21.16838264042747
246,2026-09-14T02:17:42.123+00:00,2026-09-14T02:22:35.768+00:00,2026-09-14T02:22:42.152+00:00,False,92,91.0,,91.0,293644.381528,300029.002072,300029.002171,3261.184806206522,0.03857,293644.381528,30607.235746422164,91.30014445,70.16066531868131,21.435806235869403,0.3033040118507014,4,64,,False,False,Request timeout: 300.0s exceeded,421,21.16838264042747
247,2026-09-14T02:17:45.463+00:00,2026-09-14T02:22:39.386+00:00,2026-09-14T02:22:45.526+00:00,False,88,87.0,,87.0,293922.305866,300062.369098,300062.36909600004,3409.799648818182,0.038259999999999995,293922.305866,31324.706479239278,91.11134435,70.57543944827586,20.70570286568618,0.28993972240346444,4,64,,False,False,Request timeout: 300.0s exceeded,433,21.16838264042747
248,2026-09-14T02:17:48.393+00:00,2026-09-14T02:22:42.236+00:00,2026-09-14T02:22:48.478+00:00,False,93,92.0,,92.0,293842.45859,300084.46691,300084.467055,3226.714699516129,0.08272,293842.45859,30463.015139255232,90.5883166,67.84791652173912,20.91056805139926,0.30658034701806886,4,64,,False,False,Request timeout: 300.0s exceeded,247,21.16838264042747
249,2026-09-14T02:17:52.018+00:00,2026-09-14T02:22:45.365+00:00,2026-09-14T02:22:52.097+00:00,False,99,98.0,,98.0,293346.931913,300079.127497,300079.12744300003,3031.1022974040407,0.027460000000000002,293346.931913,29475.577821229206,88.30560699999998,68.69587330612245,18.997964015200417,0.32658052833407997,4,64,,False,False,Request timeout: 300.0s exceeded,500,21.16838264042747
250,2026-09-14T02:17:55.742+00:00,2026-09-14T02:22:49.209+00:00,2026-09-14T02:22:55.808+00:00,False,99,98.0,,98.0,293466.89206800004,300065.66582800006,300065.665748,3030.966320686869,0.032809,293466.89206800004,29487.77155656196,87.455291,67.33442612244897,19.703113229784513,0.32659517952371914,4,64,,False,False,Request timeout: 300.0s exceeded,423,21.16838264042747
251,2026-09-14T02:17:58.165+00:00,2026-09-14T02:22:51.844+00:00,2026-09-14T02:22:58.212+00:00,False,96,95.0,,95.0,293678.69515600003,300047.15877200005,300047.15854300006,3125.491234822917,0.038579999999999996,293678.69515600003,29966.62148357975,88.384946,67.03645911578947,20.668242117774998,0.31661689578666746,4,64,,False,False,Request timeout: 300.0s exceeded,395,21.16838264042747
252,2026-09-14T02:18:02.188+00:00,2026-09-14T02:22:55.971+00:00,2026-09-14T02:23:02.270+00:00,False,93,92.0,,92.0,293783.168981,300082.112213,300082.112066,3226.6893770537636,0.02081,293783.168981,30456.803066191173,91.0093836,68.46677426086956,21.121194122350516,0.30658275270569235,4,64,,False,False,Request timeout: 300.0s exceeded,304,21.16838264042747
253,2026-09-14T02:18:04.741+00:00,2026-09-14T02:22:58.393+00:00,2026-09-14T02:23:04.764+00:00,False,92,91.0,,91.0,293652.409652,300023.2341,300023.23403500003,3261.122109076087,0.03432,293652.409652,30608.08766647748,89.43708400000001,70.00905986813186,20.131883404187885,0.30330984289593055,4,64,,False,False,Request timeout: 300.0s exceeded,390,21.16838264042747
254,2026-09-14T02:18:07.422+00:00,2026-09-14T02:23:01.504+00:00,2026-09-14T02:23:07.461+00:00,False,92,91.0,,91.0,294081.924101,300038.557701,300038.55775800004,3261.288671282609,0.0,294081.924101,30653.41457631999,89.020811,65.4575120879121,69.95649239948075,0.3032943522235066,4,64,,False,False,Request timeout: 300.0s exceeded,178,21.16838264042747
255,2026-09-14T02:18:10.999+00:00,2026-09-14T02:23:04.553+00:00,2026-09-14T02:23:11.057+00:00,False,102,101.0,,101.0,293554.197172,300057.728948,300057.728764,2941.742438862745,0.0,293554.197172,29059.894536752858,89.18425604999999,64.39140372277228,65.69818235179332,0.3366018944224673,4,64,,False,False,Request timeout: 300.0s exceeded,523,21.16838264042747
256,2026-09-14T02:18:14.848+00:00,2026-09-14T02:23:08.606+00:00,2026-09-14T02:23:14.874+00:00,False,91,90.0,,90.0,293758.429166,300025.930734,300025.930896,3296.9882516043954,0.038039,293758.429166,30786.956957075017,89.1470725,69.63890631111111,19.966900998558913,0.2999740715071495,4,64,,False,False,Request timeout: 300.0s exceeded,360,21.16838264042747
257,2026-09-14T02:18:17.844+00:00,2026-09-14T02:23:11.217+00:00,2026-09-14T02:23:17.915+00:00,False,97,96.0,,96.0,293372.54808700003,300070.654455,300070.65433800005,3093.511900391753,0.06901,293372.54808700003,29780.391666336003,90.82540139999999,69.77194133333333,20.1828726883453,0.31992465299333894,4,64,,False,False,Request timeout: 300.0s exceeded,408,21.16838264042747
258,2026-09-14T02:18:21.934+00:00,2026-09-14T02:23:15.647+00:00,2026-09-14T02:23:21.962+00:00,False,93,92.0,,92.0,293712.912004,300028.0969,300028.096805,3226.108567795699,0.022510000000000002,293712.912004,30449.49922111628,92.12824280000001,68.64331408695652,20.78137665266447,0.3066379480807886,4,64,,False,False,Request timeout: 300.0s exceeded,415,21.16838264042747
259,2026-09-14T02:18:25.138+00:00,2026-09-14T02:23:18.858+00:00,2026-09-14T02:23:25.185+00:00,False,95,94.0,,94.0,293719.878675,300046.484243,300046.484231,3158.384044536842,0.02395,293719.878675,30128.125520849022,89.647075,67.30431455319149,20.777179459507874,0.31328479064554476,4,64,,False,False,Request timeout: 300.0s exceeded,486,21.16838264042747
260,2026-09-14T02:18:28.967+00:00,2026-09-14T02:23:22.435+00:00,2026-09-14T02:23:29.026+00:00,False,98,97.0,,97.0,293467.971114,300058.83549800003,300058.835472,3061.8248517551024,0.03576,293467.971114,29637.884922348312,89.472202,67.94705550515464,20.23270775204999,0.32326993417478134,4,64,,False,False,Request timeout: 300.0s exceeded,482,21.16838264042747
261,2026-09-14T02:18:31.417+00:00,2026-09-14T02:23:25.185+00:00,2026-09-14T02:23:31.494+00:00,False,96,95.0,,95.0,293768.564313,300077.173593,300077.17344600003,3125.8038900625,0.040069,293768.564313,29975.85831434971,89.9942345,66.40641347368421,21.098833345237786,0.316585226601908,4,64,,False,False,Request timeout: 300.0s exceeded,459,21.16838264042747
262,2026-09-14T02:18:34.058+00:00,2026-09-14T02:23:27.236+00:00,2026-09-14T02:23:34.082+00:00,False,106,105.0,,105.0,293177.74463599996,300023.525628,300023.52563499997,2830.4106191981127,0.04086,293177.74463599996,28469.614841673385,90.166852,65.19791420952382,20.861710763032686,0.349972555586157,4,64,,False,False,Request timeout: 300.0s exceeded,600,21.16838264042747
263,2026-09-14T02:18:37.434+00:00,2026-09-14T02:23:31.092+00:00,2026-09-14T02:23:37.502+00:00,False,94,93.0,,93.0,293658.002515,300067.716691,300067.716646,3192.2097515531914,0.02307,293658.002515,30281.40850238155,90.6618935,68.92165780645162,20.606188088231516,0.30993004187707535,4,64,,False,False,Request timeout: 300.0s exceeded,505,21.16838264042747
264,2026-09-14T02:18:40.877+00:00,2026-09-14T02:23:34.909+00:00,2026-09-14T02:23:40.959+00:00,False,87,86.0,,86.0,294031.73306199996,300081.99994199997,300081.999943,3449.218390149425,0.02057,294031.73306199996,31515.973841412557,90.03113359999999,70.35194046511627,19.058471371193452,0.28658833257783584,4,64,,False,False,Request timeout: 300.0s exceeded,366,21.16838264042747
265,2026-09-14T02:18:44.434+00:00,2026-09-14T02:23:38.363+00:00,2026-09-14T02:23:44.461+00:00,False,91,90.0,,90.0,293929.165065,300026.82522500004,300026.82535400003,3296.998080813187,0.02431,293929.165065,30805.05221187242,86.5522525,67.75177955555556,19.087042123704798,0.2999731771734278,4,64,,False,False,Request timeout: 300.0s exceeded,559,21.16838264042747
266,2026-09-14T02:18:47.646+00:00,2026-09-14T02:23:41.644+00:00,2026-09-14T02:23:47.693+00:00,False,91,90.0,,90.0,293997.881956,300047.43434,300047.434408,3297.224553934066,0.05629,293997.881956,30812.311823439068,87.036086,67.21724871111111,19.23554854109475,0.2999525731588697,4,64,,False,False,Request timeout: 300.0s exceeded,438,21.16838264042747
267,2026-09-14T02:18:50.975+00:00,2026-09-14T02:23:44.935+00:00,2026-09-14T02:23:51.025+00:00,False,90,89.0,,89.0,293960.279572,300050.35957200004,300050.35938800004,3333.892882088889,0.0417,293960.279572,30978.92758144583,89.56966195000001,68.42786516853933,19.935907249639474,0.29661687500375605,4,64,,False,False,Request timeout: 300.0s exceeded,397,21.16838264042747
268,2026-09-14T02:18:53.300+00:00,2026-09-14T02:23:47.026+00:00,2026-09-14T02:23:53.374+00:00,False,92,91.0,,91.0,293725.26876300003,300073.84220300004,300073.842202,3261.6721978478263,0.054520000000000006,293725.26876300003,30615.709142530886,89.30095949999999,69.7645432967033,19.974004985664088,0.30325868903440933,4,64,,False,False,Request timeout: 300.0s exceeded,327,21.16838264042747
269,2026-09-14T02:18:56.419+00:00,2026-09-14T02:23:49.932+00:00,2026-09-14T02:23:56.461+00:00,False,95,94.0,,94.0,293513.17750700004,300042.56425900006,300042.56432400004,3158.342782357895,0.04333,293513.17750700004,30106.696859813528,89.45125669999999,69.46156119148937,20.415521264641484,0.31328888363605023,4,64,,False,False,Request timeout: 300.0s exceeded,404,21.16838264042747
270,2026-09-14T02:19:00.403+00:00,2026-09-14T02:23:54.168+00:00,2026-09-14T02:24:00.445+00:00,False,101,100.0,,100.0,293764.674663,300041.91498299997,300041.914956,2970.7120292673267,0.04033,293764.674663,29224.439004387743,89.83028,62.77240320000001,20.966736263032807,0.3332867676360014,4,64,,False,False,Request timeout: 300.0s exceeded,491,21.16838264042747
271,2026-09-14T02:19:03.650+00:00,2026-09-14T02:23:57.755+00:00,2026-09-14T02:24:03.657+00:00,False,100,99.0,,99.0,294104.90610100003,300006.86552500003,300006.86543700006,3000.0686543700003,0.0,294104.90610100003,29404.60518163515,93.0810635,59.61575175757576,67.25928546987836,0.32999244809532596,4,64,,False,False,Request timeout: 300.0s exceeded,415,21.16838264042747
272,2026-09-14T02:19:06.289+00:00,2026-09-14T02:24:00.570+00:00,2026-09-14T02:24:06.368+00:00,False,90,89.0,,89.0,294281.05675499997,300078.366963,300078.36701299995,3334.204077922222,0.0,294281.05675499997,31013.159146137914,92.03175230000001,65.13831694382023,70.07325864408736,0.29658919068622436,4,64,,False,False,Request timeout: 300.0s exceeded,271,21.16838264042747
273,2026-09-14T02:19:10.344+00:00,2026-09-14T02:24:04.329+00:00,2026-09-14T02:24:10.371+00:00,False,92,91.0,,91.0,293985.30181,300027.78936199995,300027.789489,3261.1716248804346,0.06124,293985.30181,30643.170087195755,88.76314655,66.40096210989012,19.902202032982313,0.3033052378031673,4,64,,False,False,Request timeout: 300.0s exceeded,327,21.16838264042747
274,2026-09-14T02:19:14.068+00:00,2026-09-14T02:24:08.065+00:00,2026-09-14T02:24:14.103+00:00,False,91,90.0,,90.0,293996.690995,300034.912051,300034.91190300003,3297.086943989011,0.03664,293996.690995,30812.200803224976,87.6691395,67.09134506666668,20.227042318974686,0.29996509201136495,4,64,,False,False,Request timeout: 300.0s exceeded,450,21.16838264042747
275,2026-09-14T02:19:17.036+00:00,2026-09-14T02:24:10.374+00:00,2026-09-14T02:24:17.050+00:00,False,99,98.0,,98.0,293337.44181499997,300014.036247,300014.03639499994,3030.4448120707066,0.02248,293337.44181499997,29474.68185887779,88.3224367,68.1285146122449,20.222982637543225,0.32665138346832917,4,64,,False,False,Request timeout: 300.0s exceeded,423,21.16838264042747
276,2026-09-14T02:19:19.880+00:00,2026-09-14T02:24:13.976+00:00,2026-09-14T02:24:19.967+00:00,False,87,86.0,,86.0,294096.109158,300086.89110999997,300086.89091799996,3449.2746082528733,0.02395,294096.109158,31522.95047453646,89.4487403,69.66025525581395,20.094248453198933,0.2865836614251697,4,64,,False,False,Request timeout: 300.0s exceeded,460,21.16838264042747
277,2026-09-14T02:19:23.475+00:00,2026-09-14T02:24:17.136+00:00,2026-09-14T02:24:23.524+00:00,False,95,94.0,,94.0,293661.055296,300048.93420799996,300048.934197,3158.4098336526313,0.02214,293661.055296,30122.02313887101,88.880053,67.95615863829786,20.25141745858059,0.31328223260688975,4,64,,False,False,Request timeout: 300.0s exceeded,354,21.16838264042747
278,2026-09-14T02:19:25.948+00:00,2026-09-14T02:24:19.455+00:00,2026-09-14T02:24:25.981+00:00,False,97,96.0,,96.0,293506.634947,300032.83705900004,300032.837126,3093.122032226804,0.07093,293506.634947,29794.18769237809,88.98173059999999,67.981272,19.816358979642196,0.3199649776371713,4,64,,False,False,Request timeout: 300.0s exceeded,441,21.16838264042747
279,2026-09-14T02:19:28.479+00:00,2026-09-14T02:24:21.867+00:00,2026-09-14T02:24:28.544+00:00,False,100,99.0,,99.0,293388.14190399996,300065.29236799997,300065.29244399996,3000.6529244399994,0.02128,293388.14190399996,29332.076208681377,88.99304000000001,67.44596428282829,19.799259063117205,0.32992819402314094,4,64,,False,False,Request timeout: 300.0s exceeded,482,21.16838264042747
280,2026-09-14T02:19:31.915+00:00,2026-09-14T02:24:25.476+00:00,2026-09-14T02:24:31.928+00:00,False,97,96.0,,96.0,293560.72074699996,300012.48778699996,300012.48782299994,3092.9122455979377,0.03704,293560.72074699996,29799.758090056534,88.66396839999999,67.20590666666668,19.954888946962527,0.3199866802483141,4,64,,False,False,Request timeout: 300.0s exceeded,451,21.16838264042747
281,2026-09-14T02:19:34.404+00:00,2026-09-14T02:24:28.008+00:00,2026-09-14T02:24:34.507+00:00,False,97,96.0,,96.0,293603.875003,300102.112443,300102.112571,3093.8362120721654,0.03397,293603.875003,29804.09059479949,88.74822,67.68997333333333,19.96164259737365,0.31989111712178897,4,64,,False,False,Request timeout: 300.0s exceeded,474,21.16838264042747
282,2026-09-14T02:19:37.779+00:00,2026-09-14T02:24:31.207+00:00,2026-09-14T02:24:37.799+00:00,False,98,97.0,,97.0,293427.85842299997,300020.47512699995,300020.47520999995,3061.4334205102036,0.037359,293427.85842299997,29633.83095041034,88.44897219999999,67.96512065979381,20.00319090860668,0.3233112672024784,4,64,,False,False,Request timeout: 300.0s exceeded,436,21.16838264042747
283,2026-09-14T02:19:41.373+00:00,2026-09-14T02:24:35.241+00:00,2026-09-14T02:24:41.437+00:00,False,89,88.0,,88.0,293868.179625,300063.720617,300063.720671,3371.502479449438,0.02422,293868.179625,31142.508562673855,91.14221939999999,70.4038749090909,20.419379939319104,0.29327104196086007,4,64,,False,False,Request timeout: 300.0s exceeded,304,21.16838264042747
284,2026-09-14T02:19:45.058+00:00,2026-09-14T02:24:38.841+00:00,2026-09-14T02:24:45.099+00:00,False,89,88.0,,88.0,293783.65978399996,300041.02528799995,300041.02524,3371.247474606741,0.041919,293783.65978399996,31133.474849433303,89.800036,71.1064261818182,20.171480669989904,0.2932932252032253,4,64,,False,False,Request timeout: 300.0s exceeded,191,21.16838264042747
285,2026-09-14T02:19:47.607+00:00,2026-09-14T02:24:41.350+00:00,2026-09-14T02:24:47.648+00:00,False,102,101.0,,101.0,293743.386311,300041.05491899996,300041.05501099996,2941.578970696078,0.01549,293743.386311,29079.565105278845,90.28505050000001,62.35315453465346,218.09527753486861,0.336620600228413,4,64,,False,False,Request timeout: 300.0s exceeded,447,21.16838264042747
286,2026-09-14T02:19:49.901+00:00,2026-09-14T02:24:43.152+00:00,2026-09-14T02:24:49.973+00:00,False,115,114.0,,114.0,293251.31131099997,300072.657615,300072.657555,2609.327457,0.015179999999999999,293251.31131099997,27341.048560387793,90.1252497,59.8363710877193,210.410927897536,0.3799079893052588,4,64,,False,False,Request timeout: 300.0s exceeded,528,21.16838264042747
287,2026-09-14T02:19:52.908+00:00,2026-09-14T02:24:47.827+00:00,2026-09-14T02:24:52.954+00:00,False,76,75.0,,75.0,294918.2745,300045.276356,300045.276393,3947.9641630657893,0.027280000000000002,294918.2745,33821.61189050221,92.986661,68.36002474666667,22.116985911252943,0.24996227539677524,4,64,,False,False,Request timeout: 300.0s exceeded,208,21.16838264042747
288,2026-09-14T02:19:56.870+00:00,2026-09-14T02:24:50.712+00:00,2026-09-14T02:24:57.008+00:00,False,83,82.0,,82.0,293842.114631,300137.970247,300137.97042499995,3616.120125602409,0.023370000000000002,293842.114631,32245.008382434928,89.04904210000001,76.77872702439025,69.35456278045031,0.2732076848941095,4,64,,False,False,Request timeout: 300.0s exceeded,419,21.16838264042747
289,2026-09-14T02:20:00.261+00:00,2026-09-14T02:24:54.151+00:00,2026-09-14T02:25:00.330+00:00,False,95,94.0,,94.0,293890.41631199996,300069.30475999997,300069.30476399994,3158.6242606736837,0.0,293890.41631199996,30145.85466979635,86.8975794,65.73285582978723,69.03984540881659,0.31326096507999257,4,64,,False,False,Request timeout: 300.0s exceeded,432,21.16838264042747
290,2026-09-14T02:20:04.339+00:00,2026-09-14T02:24:58.261+00:00,2026-09-14T02:25:04.354+00:00,False,92,91.0,,91.0,293921.916499,300014.071635,300014.07174399996,3261.0225189565217,0.02129,293921.916499,30636.50457625104,86.0923985,66.94675973626374,19.535330035344654,0.30331910601417217,4,64,,False,False,Request timeout: 300.0s exceeded,388,21.16838264042747
291,2026-09-14T02:20:07.703+00:00,2026-09-14T02:25:01.550+00:00,2026-09-14T02:25:07.751+00:00,False,94,93.0,,93.0,293846.88235900004,300048.769847,300048.770022,3192.0081917234047,0.047049999999999995,293846.88235900004,30301.11990270341,89.76763915,66.68696223655914,19.764644688457896,0.3099496126827058,4,64,,False,False,Request timeout: 300.0s exceeded,356,21.16838264042747
292,2026-09-14T02:20:11.412+00:00,2026-09-14T02:25:04.995+00:00,2026-09-14T02:25:11.421+00:00,False,94,93.0,,93.0,293583.088,300008.51417599997,300008.51403099997,3191.5799365,0.019960000000000002,293583.088,30273.663571224497,88.13501495,69.09060404301076,19.593200487125756,0.3099912022678182,4,64,,False,False,Request timeout: 300.0s exceeded,428,21.16838264042747
293,2026-09-14T02:20:14.997+00:00,2026-09-14T02:25:08.925+00:00,2026-09-14T02:25:15.075+00:00,False,90,89.0,,89.0,293928.808631,300078.207927,300078.207836,3334.202309288889,0.055939,293928.808631,30975.539878938565,88.06686945,69.09437411235956,19.74897323726239,0.29658934787310853,4,64,,False,False,Request timeout: 300.0s exceeded,410,21.16838264042747
294,2026-09-14T02:20:18.732+00:00,2026-09-14T02:25:12.606+00:00,2026-09-14T02:25:18.759+00:00,False,89,88.0,,88.0,293873.791991,300026.573815,300026.573938,3371.085100426966,0.05096,293873.791991,31143.15519843669,91.5146468,69.91797527272726,20.75771462382884,0.2933073523489351,4,64,,False,False,Request timeout: 300.0s exceeded,420,21.16838264042747
295,2026-09-14T02:20:21.240+00:00,2026-09-14T02:25:15.078+00:00,2026-09-14T02:25:21.246+00:00,False,88,87.0,,87.0,293838.466258,300006.638802,300006.638822,3409.16635025,0.049280000000000004,293838.466258,31315.734185171772,90.08368270000001,70.89853498850574,19.89160447969791,0.2899935826334121,4,64,,False,False,Request timeout: 300.0s exceeded,331,21.16838264042747
296,2026-09-14T02:20:23.672+00:00,2026-09-14T02:25:17.686+00:00,2026-09-14T02:25:23.694+00:00,False,92,91.0,,91.0,294013.75327999995,300021.67775999993,300021.6779809999,3261.1051954456516,0.0179,294013.75327999995,30646.176603191732,88.65854504999999,66.02114813186813,20.886155969530655,0.3033114162930412,4,64,,False,False,Request timeout: 300.0s exceeded,438,21.16838264042747
297,2026-09-14T02:20:26.930+00:00,2026-09-14T02:25:20.696+00:00,2026-09-14T02:25:26.981+00:00,False,96,95.0,,95.0,293766.649033,300051.172809,300051.172972,3125.533051791667,0.03713,293766.649033,29975.688392350345,89.392799,66.15288185263158,20.63394075871979,0.3166126601360529,4,64,,False,False,Request timeout: 300.0s exceeded,241,21.16838264042747
298,2026-09-14T02:20:30.581+00:00,2026-09-14T02:25:24.125+00:00,2026-09-14T02:25:30.652+00:00,False,93,92.0,,92.0,293544.161535,300071.47468700004,300071.474874,3226.5749986451615,0.02063,293544.161535,30431.760899003664,90.18781360000001,70.949056,19.837450503273786,0.3065936210563293,4,64,,False,False,Request timeout: 300.0s exceeded,442,21.16838264042747
299,2026-09-14T02:20:32.934+00:00,2026-09-14T02:25:26.678+00:00,2026-09-14T02:25:32.972+00:00,False,89,88.0,,88.0,293744.233954,300037.683426,300037.683516,3371.2099271460675,0.026010000000000002,293744.233954,31129.252900947282,92.38469659999998,71.51647127272727,21.154541144660183,0.29329649194449914,4,64,,False,False,Request timeout: 300.0s exceeded,331,21.16838264042747
300,2026-09-14T02:20:36.958+00:00,2026-09-14T02:25:30.570+00:00,2026-09-14T02:25:36.985+00:00,False,93,92.0,,92.0,293611.890749,300026.115133,300026.115003,3226.0872580967743,0.02077,293611.890749,30438.911723438865,90.77336599999998,69.71983026086956,20.097120775652836,0.3066399735210279,4,64,,False,False,Request timeout: 300.0s exceeded,500,21.16838264042747
301,2026-09-14T02:20:40.430+00:00,2026-09-14T02:25:34.547+00:00,2026-09-14T02:25:40.460+00:00,False,88,87.0,,87.0,294117.418903,300030.30722300004,300030.30718500004,3409.4353089204546,0.04086,294117.418903,31345.783149229796,87.5015265,67.96423356321839,19.440933507619004,0.28997070597716823,4,64,,False,False,Request timeout: 300.0s exceeded,419,21.16838264042747
302,2026-09-14T02:20:43.319+00:00,2026-09-14T02:25:37.389+00:00,2026-09-14T02:25:43.368+00:00,False,87,86.0,,86.0,294069.37509600003,300049.28933600005,300049.28952700004,3448.8424083563223,0.023239999999999997,294069.37509600003,31520.097781019933,89.3409459,69.53388651162791,20.015600136406828,0.286619575704763,4,64,,False,False,Request timeout: 300.0s exceeded,362,21.16838264042747
303,2026-09-14T02:20:46.120+00:00,2026-09-14T02:25:39.948+00:00,2026-09-14T02:25:46.181+00:00,False,92,91.0,,91.0,293828.001707,300060.711083,300060.711066,3261.5294681086957,0.03657,293828.001707,30626.552809869103,89.34630505000001,68.49131182417582,20.397771432094018,0.30327196010286206,4,64,,False,False,Request timeout: 300.0s exceeded,458,21.16838264042747
304,2026-09-14T02:20:48.959+00:00,2026-09-14T02:25:42.759+00:00,2026-09-14T02:25:48.989+00:00,False,92,91.0,,91.0,293800.22086799995,300030.16313999996,300030.16304499994,3261.1974244021735,0.02101,293800.22086799995,30623.659921515085,90.52745265,68.46090408791208,20.838363797353534,0.30330283811343867,4,64,,False,False,Request timeout: 300.0s exceeded,421,21.16838264042747
305,2026-09-14T02:20:52.787+00:00,2026-09-14T02:25:46.641+00:00,2026-09-14T02:25:52.823+00:00,False,96,95.0,,95.0,293854.000509,300036.484733,300036.484733,3125.380049302083,0.0,293854.000509,29984.786115289156,88.756515,65.07878130526315,69.56750826972498,0.3166281596871118,4,64,,False,False,Request timeout: 300.0s exceeded,481,21.16838264042747
306,2026-09-14T02:20:56.727+00:00,2026-09-14T02:25:50.678+00:00,2026-09-14T02:25:56.810+00:00,False,98,97.0,,97.0,293950.52391000005,300083.27271000005,300083.272645,3062.0742106632656,0.0,293950.52391000005,29687.180239348676,91.0433525,63.2242144329897,69.22559637742332,0.3232436087623605,4,64,,False,False,Request timeout: 300.0s exceeded,488,21.16838264042747
307,2026-09-14T02:21:00.107+00:00,2026-09-14T02:25:54.020+00:00,2026-09-14T02:26:00.197+00:00,False,93,92.0,,92.0,293913.953468,300090.439612,300090.439602,3226.778920451613,0.13256,293913.953468,30470.502516038938,90.7483762,67.13571895652173,20.693493123983878,0.3065742451473989,4,64,,False,False,Request timeout: 300.0s exceeded,570,21.16838264042747
308,2026-09-14T02:21:03.025+00:00,2026-09-14T02:25:56.814+00:00,2026-09-14T02:26:03.066+00:00,False,92,91.0,,91.0,293788.85754299996,300040.311495,300040.31142899994,3261.3077329239127,0.04313,293788.85754299996,30622.450401443322,89.71231655,68.69729617582418,20.589914227844634,0.30329257940900545,4,64,,False,False,Request timeout: 300.0s exceeded,360,21.16838264042747
309,2026-09-14T02:21:05.243+00:00,2026-09-14T02:25:59.120+00:00,2026-09-14T02:26:05.275+00:00,False,89,88.0,,88.0,293876.86662800005,300031.93990800006,300031.94005000003,3371.1453938202253,0.022510000000000002,293876.86662800005,31143.47862449658,90.9373568,69.94401454545455,21.17158647957734,0.2933021065256711,4,64,,False,False,Request timeout: 300.0s exceeded,357,21.16838264042747
310,2026-09-14T02:21:08.719+00:00,2026-09-14T02:26:02.357+00:00,2026-09-14T02:26:08.773+00:00,False,99,98.0,,98.0,293637.539056,300053.492208,300053.492336,3030.843356929293,0.026969999999999997,293637.539056,29505.110069129798,88.43269989999999,65.46890971428572,20.236855515659812,0.32660842997976325,4,64,,False,False,Request timeout: 300.0s exceeded,321,21.16838264042747
311,2026-09-14T02:21:11.173+00:00,2026-09-14T02:26:04.697+00:00,2026-09-14T02:26:11.223+00:00,False,99,98.0,,98.0,293524.141727,300050.409631,300050.409673,3030.812218919192,0.02312,293524.141727,29493.60032896822,89.5598648,66.5945704489796,20.602547894498414,0.3266117854013922,4,64,,False,False,Request timeout: 300.0s exceeded,434,21.16838264042747
312,2026-09-14T02:21:14.307+00:00,2026-09-14T02:26:08.377+00:00,2026-09-14T02:26:14.354+00:00,False,87,86.0,,86.0,294070.238885,300047.054501,300047.054501,3448.8167184022986,0.01702,294070.238885,31520.19448948673,90.4000223,69.497856,20.39043462210598,0.2866217105281178,4,64,,False,False,Request timeout: 300.0s exceeded,363,21.16838264042747
313,2026-09-14T02:21:18.407+00:00,2026-09-14T02:26:12.234+00:00,2026-09-14T02:26:18.468+00:00,False,93,92.0,,92.0,293826.62137,300061.167034,300061.166892,3226.4641601290323,0.03363,293826.62137,30461.3808815018,88.23027959999999,67.76680069565217,20.272595822609837,0.30660415311114037,4,64,,False,False,Request timeout: 300.0s exceeded,352,21.16838264042747
314,2026-09-14T02:21:22.124+00:00,2026-09-14T02:26:15.995+00:00,2026-09-14T02:26:22.206+00:00,False,95,94.0,,94.0,293870.963069,300082.132605,300082.13271,3158.7592916842104,0.0215,293870.963069,30143.75261997497,90.0970167,66.07627165957447,21.03459666328542,0.3132475738691607,4,64,,False,False,Request timeout: 300.0s exceeded,490,21.16838264042747
315,2026-09-14T02:21:25.640+00:00,2026-09-14T02:26:19.330+00:00,2026-09-14T02:26:25.676+00:00,False,93,92.0,,92.0,293690.08253200003,300035.951332,300035.95109900006,3226.193022569893,0.04136,293690.08253200003,30447.097065624002,89.6709606,68.9768347826087,20.383931232026786,0.30662992081971824,4,64,,False,False,Request timeout: 300.0s exceeded,346,21.16838264042747
316,2026-09-14T02:21:29.309+00:00,2026-09-14T02:26:22.891+00:00,2026-09-14T02:26:29.361+00:00,False,95,94.0,,94.0,293581.892843,300051.989483,300051.989498,3158.4419947157894,0.01946,293581.892843,30113.811924803944,89.61459500000001,68.83081531914894,20.870611190553,0.31327904261513234,4,64,,False,False,Request timeout: 300.0s exceeded,424,21.16838264042747
317,2026-09-14T02:21:32.314+00:00,2026-09-14T02:26:25.969+00:00,2026-09-14T02:26:32.344+00:00,False,96,95.0,,95.0,293654.646301,300029.63074899995,300029.63079499995,3125.308654114583,0.04086,293654.646301,29964.159822968984,88.32069899999999,67.10509945263158,20.403815159665214,0.31663539285383285,4,64,,False,False,Request timeout: 300.0s exceeded,432,21.16838264042747
318,2026-09-14T02:21:35.882+00:00,2026-09-14T02:26:29.200+00:00,2026-09-14T02:26:35.916+00:00,False,100,99.0,,99.0,293317.722383,300034.147343,300034.14735700004,3000.3414735700003,0.023399999999999997,293317.722383,29324.99444353141,87.42979150000001,67.84267636363636,19.583377694586243,0.3299624421976972,4,64,,False,False,Request timeout: 300.0s exceeded,446,21.16838264042747
319,2026-09-14T02:21:39.956+00:00,2026-09-14T02:26:33.833+00:00,2026-09-14T02:26:39.966+00:00,False,94,93.0,,93.0,293876.67449299997,300009.655997,300009.65589,3191.5920839361697,0.027189,293876.67449299997,30304.269707632382,90.60824365,65.94603767741935,20.615456772917838,0.30999002245757706,4,64,,False,False,Request timeout: 300.0s exceeded,350,21.16838264042747
320,2026-09-14T02:21:42.557+00:00,2026-09-14T02:26:36.312+00:00,2026-09-14T02:26:42.597+00:00,False,95,94.0,,94.0,293755.306291,300039.449395,300039.449448,3158.3099941894734,0.03472,293755.306291,30131.806525181913,90.8908684,66.85258621276596,20.574231945874878,0.31329213604924866,4,64,,False,False,Request timeout: 300.0s exceeded,358,21.16838264042747
321,2026-09-14T02:21:46.377+00:00,2026-09-14T02:26:39.234+00:00,2026-09-14T02:26:46.463+00:00,False,102,101.0,,101.0,292857.36615899997,300085.99643099995,300085.99642299995,2942.0195727745095,0.03932,292857.36615899997,28990.174570594674,90.2199695,71.57059675247525,59.74855409758742,0.33657018721706117,4,64,,False,False,Request timeout: 300.0s exceeded,485,21.16838264042747
322,2026-09-14T02:21:48.816+00:00,2026-09-14T02:26:42.898+00:00,2026-09-14T02:26:48.850+00:00,False,97,96.0,,96.0,294081.928994,300033.648418,300033.648315,3093.130395,0.0,294081.928994,29853.270147896852,90.51717279999998,61.99707733333334,64.57514933403256,0.3199641123793388,4,64,,False,False,Request timeout: 300.0s exceeded,438,21.16838264042747
323,2026-09-14T02:21:52.429+00:00,2026-09-14T02:26:47.657+00:00,2026-09-14T02:26:52.454+00:00,False,75,74.0,,74.0,295228.428444,300024.702108,300024.70195400005,4000.329359386667,0.02476,295228.428444,34082.564391896194,88.1994331,64.81450897297297,20.360860586172638,0.2466463577167796,4,64,,False,False,Request timeout: 300.0s exceeded,300,21.16838264042747
324,2026-09-14T02:21:54.778+00:00,2026-09-14T02:26:48.845+00:00,2026-09-14T02:26:54.873+00:00,False,89,88.0,,88.0,294067.096899,300094.479171,300094.479059,3371.848079314607,0.023739999999999997,294067.096899,31163.79596727546,89.39153300000002,68.49298036363636,19.896499263296512,0.293240982783478,4,64,,False,False,Request timeout: 300.0s exceeded,366,21.16838264042747
325,2026-09-14T02:21:57.559+00:00,2026-09-14T02:26:51.340+00:00,2026-09-14T02:26:57.577+00:00,False,93,92.0,,92.0,293780.713774,300017.619758,300017.619711,3225.9959108709677,0.0195,293780.713774,30456.617623460294,88.5532786,67.79245634782609,19.962432261157563,0.30664865641627637,4,64,,False,False,Request timeout: 300.0s exceeded,433,21.16838264042747
326,2026-09-14T02:22:00.553+00:00,2026-09-14T02:26:54.414+00:00,2026-09-14T02:27:00.608+00:00,False,91,90.0,,90.0,293860.844717,300055.040685,300055.040724,3297.308139824176,0.03749,293860.844717,30797.778598054538,88.95654699999999,68.82439964444445,20.265184080905218,0.2999449694114043,4,64,,False,False,Request timeout: 300.0s exceeded,430,21.16838264042747
327,2026-09-14T02:22:04.037+00:00,2026-09-14T02:26:57.888+00:00,2026-09-14T02:27:04.082+00:00,False,88,87.0,,87.0,293850.90447899996,300044.75945499993,300044.759317,3409.5995376931814,0.02293,293850.90447899996,31317.028345828367,90.11794600000002,71.19373535632184,19.42480051159316,0.28995673898129876,4,64,,False,False,Request timeout: 300.0s exceeded,398,21.16838264042747
328,2026-09-14T02:22:06.755+00:00,2026-09-14T02:27:00.854+00:00,2026-09-14T02:27:06.851+00:00,False,88,87.0,,87.0,294098.960546,300095.759778,300095.759701,3410.1790875113634,0.0205,294098.960546,31343.71298151905,89.00850635,68.9287268045977,19.94752888717145,0.28990746175274007,4,64,,False,False,Request timeout: 300.0s exceeded,420,21.16838264042747
329,2026-09-14T02:22:09.063+00:00,2026-09-14T02:27:03.027+00:00,2026-09-14T02:27:09.085+00:00,False,91,90.0,,90.0,293963.346602,300021.151914,300021.151748,3296.9357334945057,0.01952,293963.346602,30808.682441583944,89.1030115,67.30894791111112,20.058015123392867,0.29997884957723975,4,64,,False,False,Request timeout: 300.0s exceeded,447,21.16838264042747
330,2026-09-14T02:22:12.354+00:00,2026-09-14T02:27:06.429+00:00,2026-09-14T02:27:12.373+00:00,False,87,86.0,,86.0,294074.886129,300018.969329,300018.96939499996,3448.493901091954,0.03875,294074.886129,31520.733373761977,90.7685152,69.11724651162791,20.14179353549928,0.28664854156502567,4,64,,False,False,Request timeout: 300.0s exceeded,406,21.16838264042747
331,2026-09-14T02:22:16.356+00:00,2026-09-14T02:27:10.419+00:00,2026-09-14T02:27:16.379+00:00,False,92,91.0,,91.0,294063.412734,300023.860734,300023.860835,3261.1289221195652,0.05711,294063.412734,30651.408156530786,89.18452955000001,65.49942857142858,20.59535977797925,0.30330920939878264,4,64,,False,False,Request timeout: 300.0s exceeded,386,21.16838264042747
332,2026-09-14T02:22:20.254+00:00,2026-09-14T02:27:13.993+00:00,2026-09-14T02:27:20.287+00:00,False,96,95.0,,95.0,293739.71435,300033.120302,300033.120367,3125.345003822917,0.02854,293739.71435,29972.92979613906,88.99805,66.24637844210527,20.567878399002026,0.31663171020711717,4,64,,False,False,Request timeout: 300.0s exceeded,421,21.16838264042747
333,2026-09-14T02:22:23.824+00:00,2026-09-14T02:27:17.586+00:00,2026-09-14T02:27:23.834+00:00,False,91,90.0,,90.0,293762.371973,300009.999237,300009.999448,3296.8131807472528,0.039619999999999995,293762.371973,30787.393453939167,90.29298399999999,69.41808071111112,20.01316900064508,0.2999900010962714,4,64,,False,False,Request timeout: 300.0s exceeded,432,21.16838264042747
334,2026-09-14T02:22:26.260+00:00,2026-09-14T02:27:20.237+00:00,2026-09-14T02:27:26.296+00:00,False,85,84.0,,84.0,293976.925162,300036.73777,300036.737863,3529.8439748588235,0.0235,293976.925162,31878.455129322516,88.8751448,72.14062628571429,18.661627571092133,0.2799657156131064,4,64,,False,False,Request timeout: 300.0s exceeded,414,21.16838264042747
335,2026-09-14T02:22:29.915+00:00,2026-09-14T02:27:23.662+00:00,2026-09-14T02:27:29.937+00:00,False,91,90.0,,90.0,293747.570876,300021.89612399996,300021.896295,3296.9439153296703,0.02111,293747.570876,30785.810167796302,87.2916855,69.71472497777778,19.035434594005608,0.29997810547401754,4,64,,False,False,Request timeout: 300.0s exceeded,398,21.16838264042747
336,2026-09-14T02:22:33.643+00:00,2026-09-14T02:27:27.434+00:00,2026-09-14T02:27:33.672+00:00,False,99,98.0,,98.0,293791.227977,300028.804169,300028.804184,3030.5939816565656,0.0237,293791.227977,29520.73907030417,87.4720488,63.64873665306123,19.86902383664654,0.3266353051382314,4,64,,False,False,Request timeout: 300.0s exceeded,469,21.16838264042747
337,2026-09-14T02:22:36.001+00:00,2026-09-14T02:27:30.017+00:00,2026-09-14T02:27:36.067+00:00,False,94,93.0,,93.0,294016.513082,300066.405946,300066.40586400003,3192.19580706383,0.02002,294016.513082,30318.7844886635,86.6687645,65.05261144086022,19.680410738127044,0.30993139570824296,4,64,,False,False,Request timeout: 300.0s exceeded,485,21.16838264042747
338,2026-09-14T02:22:38.730+00:00,2026-09-14T02:27:32.366+00:00,2026-09-14T02:27:38.752+00:00,False,97,96.0,,96.0,293635.79528799996,300021.98229599994,300021.98247999995,3093.0101286597933,0.04089,293635.79528799996,29807.450042178632,88.00560039999999,66.52278133333334,19.846509879397882,0.3199765539355945,4,64,,False,False,Request timeout: 300.0s exceeded,430,21.16838264042747
339,2026-09-14T02:22:41.383+00:00,2026-09-14T02:27:35.316+00:00,2026-09-14T02:27:41.429+00:00,False,88,87.0,,87.0,293933.09245,300046.206562,300046.206459,3409.6159824886363,0.038439999999999995,293933.09245,31325.88855753397,89.36987635,70.26567944827586,19.449595098835054,0.2899553405352678,4,64,,False,False,Request timeout: 300.0s exceeded,404,21.16838264042747
340,2026-09-14T02:22:44.824+00:00,2026-09-14T02:27:38.451+00:00,2026-09-14T02:27:44.869+00:00,False,98,97.0,,97.0,293626.698419,300044.79736300005,300044.79742400005,3061.6816063673473,0.0,293626.698419,29654.169502245917,91.599059,66.16596849484536,68.20108568535976,0.3232850589395406,4,64,,False,False,Request timeout: 300.0s exceeded,464,21.16838264042747
341,2026-09-14T02:22:47.463+00:00,2026-09-14T02:27:41.564+00:00,2026-09-14T02:27:47.501+00:00,False,94,93.0,,93.0,294101.540866,300038.209794,300038.209728,3191.8958481702125,0.0,294101.540866,30327.75228706775,90.08566730000001,63.83514976344086,69.42114082068379,0.30996052157440834,4,64,,False,False,Request timeout: 300.0s exceeded,124,21.16838264042747
342,2026-09-14T02:22:51.337+00:00,2026-09-14T02:27:45.047+00:00,2026-09-14T02:27:51.346+00:00,False,92,91.0,,91.0,293709.873875,300008.663763,300008.663643,3260.96373525,0.021079999999999998,293709.873875,30614.161151526165,88.66234404999999,69.2174712967033,19.97456608597744,0.30332457355927533,4,64,,False,False,Request timeout: 300.0s exceeded,434,21.16838264042747
343,2026-09-14T02:22:55.233+00:00,2026-09-14T02:27:48.688+00:00,2026-09-14T02:27:55.294+00:00,False,96,95.0,,95.0,293454.906816,300061.36928,300061.369304,3125.6392635833336,0.02346,293454.906816,29943.524977667686,88.28845899999999,69.54171014736842,19.895111059227567,0.3166019012309161,4,64,,False,False,Request timeout: 300.0s exceeded,481,21.16838264042747
344,2026-09-14T02:22:59.329+00:00,2026-09-14T02:27:53.262+00:00,2026-09-14T02:27:59.365+00:00,False,90,89.0,,89.0,293933.333577,300035.65242500004,300035.652499,3333.7294722111114,0.06448000000000001,293933.333577,30976.073473891734,88.36964049999999,68.56538031460674,21.073858103597143,0.2966314145691314,4,64,,False,False,Request timeout: 300.0s exceeded,457,21.16838264042747
345,2026-09-14T02:23:02.732+00:00,2026-09-14T02:27:56.456+00:00,2026-09-14T02:28:02.820+00:00,False,97,96.0,,96.0,293724.41123900004,300088.25047100004,300088.25057900004,3093.6933049381446,0.051569000000000004,293724.41123900004,29816.471953604254,89.84978600000001,66.289992,20.868540928874772,0.3199058938473076,4,64,,False,False,Request timeout: 300.0s exceeded,423,21.16838264042747
346,2026-09-14T02:23:05.924+00:00,2026-09-14T02:27:58.984+00:00,2026-09-14T02:28:06.481+00:00,False,112,111.0,,111.0,293059.56298299995,300556.570087,300556.57016999996,2683.540805089285,0.044590000000000005,293059.56298299995,27685.150664582783,87.36261155,67.54060454054054,19.536614180959326,0.36931483470106685,4,64,,False,False,Request timeout: 300.0s exceeded,515,21.16838264042747
347,2026-09-14T02:23:09.204+00:00,2026-09-14T02:28:03.086+00:00,2026-09-14T02:28:09.276+00:00,False,90,89.0,,89.0,293882.829188,300072.910212,300072.910245,3334.1434471666666,0.04575,293882.829188,30970.645350824758,91.2173585,69.55147217977529,20.238153545200813,0.29659458408665396,4,64,,False,False,Request timeout: 300.0s exceeded,403,21.16838264042747
348,2026-09-14T02:23:12.045+00:00,2026-09-14T02:28:05.977+00:00,2026-09-14T02:28:14.619+00:00,False,90,89.0,,89.0,293932.362824,302574.412872,302574.412823,3361.9379202555556,0.0586,293932.362824,30974.17382440608,91.39907995000002,97.10168593258427,276.2131197975529,0.2941425190425809,4,64,,False,False,Request timeout: 300.0s exceeded,400,21.16838264042747
349,2026-09-14T02:23:16.081+00:00,2026-09-14T02:28:09.784+00:00,2026-09-14T02:28:16.111+00:00,False,106,105.0,,105.0,293702.43051200005,300030.03345600003,300030.0334000001,2830.4720132075477,0.01515,293702.43051200005,28522.23588653497,99.579399,60.26288518095238,261.49166964587425,0.3499649644754596,4,64,,False,False,Request timeout: 300.0s exceeded,349,21.16838264042747
350,2026-09-14T02:23:19.179+00:00,2026-09-14T02:28:14.829+00:00,2026-09-14T02:28:19.209+00:00,False,67,66.0,,66.0,295649.90032,300029.57008000003,300029.570115,4478.053285298508,0.03141,295649.90032,36111.283590778876,88.20887699999999,66.35863272727272,21.903230999122798,0.21997831741185286,4,64,,False,False,Request timeout: 300.0s exceeded,290,21.16838264042747
351,2026-09-14T02:23:21.992+00:00,2026-09-14T02:28:16.026+00:00,2026-09-14T02:28:22.047+00:00,False,87,86.0,,86.0,294034.739894,300055.21631,300055.216304,3448.910532229885,0.019629999999999998,294034.739894,31516.333443252784,89.0095143,70.00553972093023,19.221097121506855,0.2866139141242247,4,64,,False,False,Request timeout: 300.0s exceeded,385,21.16838264042747
352,2026-09-14T02:23:24.283+00:00,2026-09-14T02:28:17.792+00:00,2026-09-14T02:28:24.354+00:00,False,94,93.0,,93.0,293508.965037,300071.138989,300071.139054,3192.2461601489363,0.04208,293508.965037,30265.866743589206,88.2391275,70.56101023655914,19.642620107392485,0.30992650713872616,4,64,,False,False,Request timeout: 300.0s exceeded,136,21.16838264042747
353,2026-09-14T02:23:27.408+00:00,2026-09-14T02:28:21.025+00:00,2026-09-14T02:28:27.468+00:00,False,93,92.0,,92.0,293616.577314,300059.79293,300059.792902,3226.4493860430107,0.04692,293616.577314,30439.36537041355,91.0725056,70.03495234782609,20.625594086274386,0.30660555718460547,4,64,,False,False,Request timeout: 300.0s exceeded,425,21.16838264042747
354,2026-09-14T02:23:31.473+00:00,2026-09-14T02:28:24.866+00:00,2026-09-14T02:28:31.479+00:00,False,100,99.0,,99.0,293392.722862,300005.415854,300005.415813,3000.05415813,0.02181,293392.722862,29332.59982609597,89.00298884999998,66.79487870707071,20.408069306946043,0.32999404266814675,4,64,,False,False,Request timeout: 300.0s exceeded,331,21.16838264042747
355,2026-09-14T02:23:33.861+00:00,2026-09-14T02:28:27.383+00:00,2026-09-14T02:28:33.880+00:00,False,96,95.0,,95.0,293522.136902,300019.615302,300019.615346,3125.204326520833,0.01635,293522.136902,29950.50422898107,90.27466725000001,68.39450947368421,20.678824629686936,0.31664596297936354,4,64,,False,False,Request timeout: 300.0s exceeded,453,21.16838264042747
356,2026-09-14T02:23:37.935+00:00,2026-09-14T02:28:31.867+00:00,2026-09-14T02:28:37.994+00:00,False,89,88.0,,88.0,293931.996462,300058.976302,300058.976318,3371.4491721123595,0.0,293931.996462,31149.42321410646,91.58941300000001,69.62477090909091,68.33924002390144,0.2932756789499633,4,64,,False,False,Request timeout: 300.0s exceeded,348,21.16838264042747
357,2026-09-14T02:23:40.337+00:00,2026-09-14T02:28:34.432+00:00,2026-09-14T02:28:40.382+00:00,False,92,91.0,,91.0,294095.022131,300045.140787,300045.14072,3261.3602252173914,0.0,294095.022131,30654.7815314622,89.833212,65.38591929670329,67.21349526362474,0.30328769784877224,4,64,,False,False,Request timeout: 300.0s exceeded,447,21.16838264042747
358,2026-09-14T02:23:43.422+00:00,2026-09-14T02:28:37.779+00:00,2026-09-14T02:28:43.436+00:00,False,85,84.0,,84.0,294357.162213,300014.048485,300014.048331,3529.577039188235,0.024120000000000003,294357.162213,31920.21872872441,87.66649699999999,67.34388419047619,20.043208919755322,0.2799868886946466,4,64,,False,False,Request timeout: 300.0s exceeded,429,21.16838264042747
359,2026-09-14T02:23:46.114+00:00,2026-09-14T02:28:39.625+00:00,2026-09-14T02:28:46.182+00:00,False,96,95.0,,95.0,293510.59799299994,300067.8424089999,300067.84238999995,3125.7066915624996,0.02032,293510.59799299994,29949.261412741733,88.623518,69.02362543157895,19.280932172644402,0.31659507142558996,4,64,,False,False,Request timeout: 300.0s exceeded,439,21.16838264042747
360,2026-09-14T02:23:49.476+00:00,2026-09-14T02:28:42.935+00:00,2026-09-14T02:28:49.538+00:00,False,96,95.0,,95.0,293458.170938,300061.99609000003,300061.996088,3125.645792583334,0.01609,293458.170938,29943.86076601818,89.348374,69.51394896842106,19.607023085608056,0.3166012398701296,4,64,,False,False,Request timeout: 300.0s exceeded,439,21.16838264042747
361,2026-09-14T02:23:52.487+00:00,2026-09-14T02:28:45.964+00:00,2026-09-14T02:28:52.515+00:00,False,98,97.0,,97.0,293477.214162,300027.77134599996,300027.771294,3061.5078703469385,0.03976,293477.214162,29638.860671001687,89.64924485,67.53151736082475,20.357147996006734,0.32330340476427777,4,64,,False,False,Request timeout: 300.0s exceeded,364,21.16838264042747
362,2026-09-14T02:23:56.369+00:00,2026-09-14T02:28:49.977+00:00,2026-09-14T02:28:56.431+00:00,False,96,95.0,,95.0,293607.79490100004,300062.12859700003,300062.12837600004,3125.6471705833337,0.03089,293607.79490100004,29959.293145563046,90.23287724999999,67.94035469473684,20.873354032961373,0.3166011000594821,4,64,,False,False,Request timeout: 300.0s exceeded,488,21.16838264042747
363,2026-09-14T02:24:00.367+00:00,2026-09-14T02:28:53.980+00:00,2026-09-14T02:29:00.452+00:00,False,96,95.0,,95.0,293612.81759500003,300085.22617100005,300085.22603200004,3125.887771166667,0.0241,293612.81759500003,29959.78659971557,90.49709724999998,68.13061658947368,21.227674957529608,0.3165767312578906,4,64,,False,False,Request timeout: 300.0s exceeded,401,21.16838264042747
364,2026-09-14T02:24:03.586+00:00,2026-09-14T02:28:56.864+00:00,2026-09-14T02:29:03.595+00:00,False,101,100.0,,100.0,293278.462583,300009.55634300003,300009.556193,2970.3916454752475,0.04775,293278.462583,29175.607094195424,90.436749,67.31093759999999,20.3800933038507,0.3333227155126695,4,64,,False,False,Request timeout: 300.0s exceeded,468,21.16838264042747
365,2026-09-14T02:24:06.346+00:00,2026-09-14T02:28:59.989+00:00,2026-09-14T02:29:06.422+00:00,False,93,92.0,,92.0,293642.51469599997,300075.548424,300075.548416,3226.6188001720425,0.02072,293642.51469599997,30442.06678903803,90.87729999999999,69.92427965217391,21.158594335561332,0.3065894588319008,4,64,,False,False,Request timeout: 300.0s exceeded,463,21.16838264042747
366,2026-09-14T02:24:08.781+00:00,2026-09-14T02:29:02.643+00:00,2026-09-14T02:29:08.846+00:00,False,89,88.0,,88.0,293861.633546,300065.117962,300065.117901,3371.5181786629214,0.044719999999999996,293861.633546,31141.805215577533,91.7872324,70.4941410909091,20.578863450023743,0.29326967625455297,4,64,,False,False,Request timeout: 300.0s exceeded,438,21.16838264042747
367,2026-09-14T02:24:11.167+00:00,2026-09-14T02:29:05.050+00:00,2026-09-14T02:29:11.198+00:00,False,91,90.0,,90.0,293883.027963,300031.154427,300031.154405,3297.0456528021978,0.045630000000000004,293883.027963,30800.158043102245,92.1566505,68.31251626666666,20.79539053531298,0.2999688488079918,4,64,,False,False,Request timeout: 300.0s exceeded,427,21.16838264042747
368,2026-09-14T02:24:14.293+00:00,2026-09-14T02:29:08.159+00:00,2026-09-14T02:29:14.315+00:00,False,94,93.0,,93.0,293866.140031,300021.599103,300021.59916700004,3191.719140074468,0.015550000000000001,293866.140031,30303.157643563045,86.72607115000001,66.18773195698924,19.7216670475491,0.3099776825336908,4,64,,False,False,Request timeout: 300.0s exceeded,416,21.16838264042747
369,2026-09-14T02:24:17.859+00:00,2026-09-14T02:29:11.576+00:00,2026-09-14T02:29:17.923+00:00,False,98,97.0,,97.0,293717.012768,300064.452384,300064.452349,3061.882166826531,0.0353,293717.012768,29663.294942478464,85.365067,65.43752181443298,19.50680786361929,0.32326388290695185,4,64,,False,False,Request timeout: 300.0s exceeded,316,21.16838264042747
370,2026-09-14T02:24:21.633+00:00,2026-09-14T02:29:15.502+00:00,2026-09-14T02:29:21.661+00:00,False,93,92.0,,92.0,293869.401959,300028.215143,300028.21509799996,3226.1098397634405,0.13636,293869.401959,30465.902697559057,88.7761146,66.94362156521738,20.74868711618925,0.3066378272328514,4,64,,False,False,Request timeout: 300.0s exceeded,412,21.16838264042747
371,2026-09-14T02:24:23.928+00:00,2026-09-14T02:29:17.752+00:00,2026-09-14T02:29:23.964+00:00,False,90,89.0,,89.0,293823.88011699996,300036.11026099994,300036.110183,3333.7345575888885,0.04372,293823.88011699996,30964.40586698559,90.86703445,69.80033869662921,21.03518992006331,0.2966309619284804,4,64,,False,False,Request timeout: 300.0s exceeded,440,21.16838264042747
372,2026-09-14T02:24:26.350+00:00,2026-09-14T02:29:20.046+00:00,2026-09-14T02:29:26.380+00:00,False,89,88.0,,88.0,293695.956139,300030.126507,300030.126647,3371.1250185056183,0.01991,293695.956139,31124.085472775765,90.3104534,71.97920872727273,19.704365516376864,0.2933038792620942,4,64,,False,False,Request timeout: 300.0s exceeded,220,21.16838264042747
373,2026-09-14T02:24:30.211+00:00,2026-09-14T02:29:24.172+00:00,2026-09-14T02:29:30.227+00:00,False,87,86.0,,86.0,293960.634982,300015.53827799996,300015.53825,3448.454462643678,0.045878999999999996,293960.634982,31508.345629366955,88.58649600000001,70.40585227906976,19.193101339914545,0.2866518197477852,4,64,,False,False,Request timeout: 300.0s exceeded,341,21.16838264042747
374,2026-09-14T02:24:34.164+00:00,2026-09-14T02:29:27.665+00:00,2026-09-14T02:29:34.242+00:00,False,106,105.0,,105.0,293501.066226,300078.55665800004,300078.556701,2830.9297801981133,0.0,293501.066226,28501.32614202156,90.44145474999999,62.64276601904762,62.06070692980447,0.34990837455829493,4,64,,False,False,Request timeout: 300.0s exceeded,487,21.16838264042747
375,2026-09-14T02:24:36.395+00:00,2026-09-14T02:29:30.142+00:00,2026-09-14T02:29:36.409+00:00,False,101,100.0,,100.0,293746.93174800003,300014.118436,300014.118298,2970.4368148316835,0.0,293746.93174800003,29222.74486177631,90.00969,62.67186688,63.72445724387824,0.3333176469204476,4,64,,False,False,Request timeout: 300.0s exceeded,531,21.16838264042747
376,2026-09-14T02:24:38.786+00:00,2026-09-14T02:29:33.111+00:00,2026-09-14T02:29:38.829+00:00,False,100,99.0,,99.0,294324.51039099996,300042.67871099996,300042.67886999995,3000.4267886999996,0.0,294324.51039099996,29426.688822165357,89.92739840000002,57.75927595959595,28.551036331995704,0.3299530600956821,4,64,,False,False,Request timeout: 300.0s exceeded,507,21.16838264042747
377,2026-09-14T02:24:41.883+00:00,2026-09-14T02:29:35.613+00:00,2026-09-14T02:29:41.910+00:00,False,94,93.0,,93.0,293729.65035,300026.33284600003,300026.332748,3191.769497319149,0.040299999999999996,293729.65035,30288.92379238736,89.0837075,67.70626339784945,20.640884818165507,0.3099727917806994,4,64,,False,False,Request timeout: 300.0s exceeded,413,21.16838264042747
378,2026-09-14T02:24:44.391+00:00,2026-09-14T02:29:37.895+00:00,2026-09-14T02:29:44.466+00:00,False,99,98.0,,98.0,293503.96409799997,300075.840706,300075.84062399995,3031.069097212121,0.027219999999999998,293503.96409799997,29491.525824792352,89.09667289999999,67.0599653877551,20.88573139104225,0.3265841054362511,4,64,,False,False,Request timeout: 300.0s exceeded,491,21.16838264042747
379,2026-09-14T02:24:47.545+00:00,2026-09-14T02:29:39.349+00:00,2026-09-14T02:29:47.639+00:00,False,128,127.0,,127.0,291804.437178,300094.266042,300094.265938,2344.486452640625,0.018609999999999998,291804.437178,25786.35090765226,90.3257365,65.27424302362205,20.835695886197033,0.423200355258456,4,64,,False,False,Request timeout: 300.0s exceeded,473,21.16838264042747
380,2026-09-14T02:24:50.533+00:00,2026-09-14T02:29:43.943+00:00,2026-09-14T02:29:50.567+00:00,False,103,102.0,,102.0,293410.42474,300034.381988,300034.38196699996,2912.955164728155,0.02689,293410.42474,28904.19729983272,90.35878819999999,64.94075733333334,21.47747969480132,0.3399610382122124,4,64,,False,False,Request timeout: 300.0s exceeded,428,21.16838264042747
381,2026-09-14T02:24:53.274+00:00,2026-09-14T02:29:48.099+00:00,2026-09-14T02:29:53.312+00:00,False,76,75.0,,75.0,294825.096446,300038.066174,300038.066181,3947.869291855263,0.021920000000000002,294825.096446,33810.79162993624,90.76994125000002,69.50626304000001,21.288776998260914,0.249968282212916,4,64,,False,False,Request timeout: 300.0s exceeded,384,21.16838264042747
382,2026-09-14T02:24:56.334+00:00,2026-09-14T02:29:49.926+00:00,2026-09-14T02:29:56.422+00:00,False,93,92.0,,92.0,293592.054321,300087.918641,300087.91863800003,3226.751813311828,0.01755,293592.054321,30436.762728045087,88.94638420000001,70.60722086956523,20.04219786587739,0.30657682060856667,4,64,,False,False,Request timeout: 300.0s exceeded,433,21.16838264042747
383,2026-09-14T02:25:00.400+00:00,2026-09-14T02:29:54.221+00:00,2026-09-14T02:30:00.444+00:00,False,91,90.0,,90.0,293821.38207,300043.896502,300043.89651399996,3297.185675978022,0.04247,293821.38207,30793.608982540893,89.30185700000001,69.13904924444445,20.535728746146685,0.29995610992006994,4,64,,False,False,Request timeout: 300.0s exceeded,436,21.16838264042747
384,2026-09-14T02:25:04.053+00:00,2026-09-14T02:29:58.201+00:00,2026-09-14T02:30:04.068+00:00,False,83,82.0,,82.0,294148.29748199997,300015.323146,300015.32325699995,3614.642448879518,0.04047,294148.29748199997,32279.12298099441,88.973165,71.54909346341464,20.314048657529145,0.27331937295781183,4,64,,False,False,Request timeout: 300.0s exceeded,396,21.16838264042747
385,2026-09-14T02:25:06.734+00:00,2026-09-14T02:30:00.356+00:00,2026-09-14T02:30:06.768+00:00,False,95,94.0,,94.0,293621.24025800003,300033.79552200006,300033.795471,3158.2504786421055,0.02652,293621.24025800003,30117.911408181084,89.553467,68.21867302127659,20.45847855861767,0.31329803976401527,4,64,,False,False,Request timeout: 300.0s exceeded,473,21.16838264042747
386,2026-09-14T02:25:10.126+00:00,2026-09-14T02:30:04.146+00:00,2026-09-14T02:30:10.154+00:00,False,89,88.0,,88.0,294020.053118,300028.654718,300028.654614,3371.1084788089884,0.06404,294020.053118,31158.832494903338,89.29511780000001,68.27956363636363,20.727133010099404,0.2933053180627434,4,64,,False,False,Request timeout: 300.0s exceeded,346,21.16838264042747
387,2026-09-14T02:25:13.549+00:00,2026-09-14T02:30:07.384+00:00,2026-09-14T02:30:13.579+00:00,False,92,91.0,,91.0,293835.24968,300029.574672,300029.574714,3261.1910295000002,0.02191,293835.24968,30627.352547439663,88.72655550000002,68.06950540659341,20.56114158212701,0.3033034330015083,4,64,,False,False,Request timeout: 300.0s exceeded,452,21.16838264042747
388,2026-09-14T02:25:15.998+00:00,2026-09-14T02:30:09.686+00:00,2026-09-14T02:30:16.044+00:00,False,97,96.0,,96.0,293687.36544300005,300045.68352300004,300045.68363100005,3093.2544704226807,0.03154,293687.36544300005,29812.715542156475,88.1684318,66.23248,19.647407012164347,0.3199512783280587,4,64,,False,False,Request timeout: 300.0s exceeded,141,21.16838264042747
389,2026-09-14T02:25:18.977+00:00,2026-09-14T02:30:12.492+00:00,2026-09-14T02:30:19.010+00:00,False,100,99.0,,99.0,293515.47136799997,300033.553928,300033.55393899995,3000.3355393899997,0.02465,293515.47136799997,29344.96952384754,87.35444645,65.83921777777778,19.34018597851895,0.329963094806914,4,64,,False,False,Request timeout: 300.0s exceeded,327,21.16838264042747
390,2026-09-14T02:25:22.347+00:00,2026-09-14T02:30:15.869+00:00,2026-09-14T02:30:22.389+00:00,False,95,94.0,,94.0,293522.314128,300041.717136,300041.717225,3158.3338655263155,0.018609999999999998,293522.314128,30107.644439169293,88.089088,69.35535114893617,19.320584922501336,0.3132897681604475,4,64,,False,False,Request timeout: 300.0s exceeded,390,21.16838264042747
391,2026-09-14T02:25:24.840+00:00,2026-09-14T02:30:18.422+00:00,2026-09-14T02:30:24.884+00:00,False,94,93.0,,93.0,293582.385553,300044.867217,300044.86714,3191.9666717021273,0.019059999999999997,293582.385553,30273.55069131183,90.93707549999999,69.48905015053764,20.611024130798764,0.30995364414196114,4,64,,False,False,Request timeout: 300.0s exceeded,413,21.16838264042747
392,2026-09-14T02:25:28.078+00:00,2026-09-14T02:30:21.637+00:00,2026-09-14T02:30:28.104+00:00,False,86,85.0,,85.0,293558.869334,300026.329174,300026.329202,3488.678246534884,0.02469,293558.869334,31647.12672978819,90.44013375,76.0877628235294,64.27622520972042,0.28330846907340695,4,64,,False,False,Request timeout: 300.0s exceeded,358,21.16838264042747
393,2026-09-14T02:25:30.434+00:00,2026-09-14T02:30:24.358+00:00,2026-09-14T02:30:30.492+00:00,False,97,96.0,,96.0,293924.039994,300057.33433,300057.334196,3093.3745793402063,0.0,293924.039994,29837.049531414705,93.4467908,63.88848266666666,65.77247457908062,0.31993885506701253,4,64,,False,False,Request timeout: 300.0s exceeded,474,21.16838264042747
394,2026-09-14T02:25:34.364+00:00,2026-09-14T02:30:28.317+00:00,2026-09-14T02:30:34.413+00:00,False,95,94.0,,94.0,293952.306048,300048.800896,300048.801068,3158.408432294737,0.030510000000000002,293952.306048,30152.223621608628,90.70398000000002,64.85632817021276,21.360427468601625,0.3132823717985174,4,64,,False,False,Request timeout: 300.0s exceeded,451,21.16838264042747
395,2026-09-14T02:25:36.901+00:00,2026-09-14T02:30:30.626+00:00,2026-09-14T02:30:36.936+00:00,False,93,92.0,,92.0,293725.388499,300035.192531,300035.192559,3226.184866225806,0.02166,293725.388499,30450.798798231084,90.6667526,68.58482643478261,20.42333682772999,0.3066306962990498,4,64,,False,False,Request timeout: 300.0s exceeded,423,21.16838264042747
396,2026-09-14T02:25:40.406+00:00,2026-09-14T02:30:34.154+00:00,2026-09-14T02:30:40.474+00:00,False,92,91.0,,91.0,293748.114474,300068.62801,300068.62816100003,3261.6155234891303,0.05193,293748.114474,30618.123131306707,89.38932605,69.45619270329671,19.992065081029942,0.30326395866004147,4,64,,False,False,Request timeout: 300.0s exceeded,406,21.16838264042747
397,2026-09-14T02:25:43.775+00:00,2026-09-14T02:30:37.421+00:00,2026-09-14T02:30:43.841+00:00,False,97,96.0,,96.0,293646.586681,300065.971769,300065.97171,3093.463625876289,0.04018,293646.586681,29808.51074992849,88.01315000000001,66.86859466666667,20.027493941163726,0.3199296455844175,4,64,,False,False,Request timeout: 300.0s exceeded,361,21.16838264042747
398,2026-09-14T02:25:47.829+00:00,2026-09-14T02:30:41.481+00:00,2026-09-14T02:30:47.898+00:00,False,96,95.0,,95.0,293652.07641900005,300068.34854700003,300068.34855500003,3125.7119641145837,0.026609999999999998,293652.07641900005,29963.85311124243,88.31943625,67.53970661052631,20.303454251956595,0.316594537411266,4,64,,False,False,Request timeout: 300.0s exceeded,453,21.16838264042747
399,2026-09-14T02:25:51.722+00:00,2026-09-14T02:30:45.125+00:00,2026-09-14T02:30:51.745+00:00,False,98,97.0,,97.0,293402.76837,300023.339762,300023.339804,3061.4626510612247,0.06766,293402.76837,29631.26787286036,89.31473235,68.25331331958763,20.75507163431572,0.32330818021340385,4,64,,False,False,Request timeout: 300.0s exceeded,402,21.16838264042747
400,2026-09-14T02:25:55.148+00:00,2026-09-14T02:30:48.880+00:00,2026-09-14T02:30:55.221+00:00,False,96,95.0,,95.0,293732.132949,300073.693013,300073.69312199997,3125.7676366875,0.028300000000000002,293732.132949,29972.104295459787,88.02218200000002,66.75326383157895,20.577355931196625,0.31658889870057466,4,64,,False,False,Request timeout: 300.0s exceeded,409,21.16838264042747
401,2026-09-14T02:25:58.169+00:00,2026-09-14T02:30:51.921+00:00,2026-09-14T02:30:58.207+00:00,False,94,93.0,,93.0,293752.511579,300038.012251,300038.01234099997,3191.8937483085106,0.03829,293752.511579,30291.29394431146,89.83328265,67.5860287311828,20.335544561038954,0.30996072565032146,4,64,,False,False,Request timeout: 300.0s exceeded,416,21.16838264042747
402,2026-09-14T02:26:00.402+00:00,2026-09-14T02:30:53.778+00:00,2026-09-14T02:31:00.487+00:00,False,96,95.0,,95.0,293376.353855,300084.935487,300084.935263,3125.8847423229167,0.033710000000000004,293376.353855,29935.397865571787,89.10568175,70.61664875789474,19.703105613203483,0.31657703791703834,4,64,,False,False,Request timeout: 300.0s exceeded,451,21.16838264042747
403,2026-09-14T02:26:03.751+00:00,2026-09-14T02:30:57.647+00:00,2026-09-14T02:31:03.803+00:00,False,91,90.0,,90.0,293895.614703,300052.119791,300052.119797,3297.276041725275,0.05112,293895.614703,30801.4672200731,88.8743875,68.40561208888889,20.013062828110442,0.29994788926233584,4,64,,False,False,Request timeout: 300.0s exceeded,427,21.16838264042747
404,2026-09-14T02:26:06.635+00:00,2026-09-14T02:30:59.942+00:00,2026-09-14T02:31:06.709+00:00,False,100,99.0,,99.0,293306.511908,300073.143332,300073.14333399996,3000.73143334,0.057409999999999996,293306.511908,29323.82315329177,89.65322494999998,68.34981236363636,20.282717510768723,0.3299195619464908,4,64,,False,False,Request timeout: 300.0s exceeded,331,21.16838264042747
405,2026-09-14T02:26:10.598+00:00,2026-09-14T02:31:04.266+00:00,2026-09-14T02:31:10.654+00:00,False,95,94.0,,94.0,293667.200492,300055.423724,300055.42356699996,3158.478142810526,0.033780000000000004,293667.200492,30122.653825828165,89.25617270000001,67.95982161702128,21.103861298344498,0.3132754570251129,4,64,,False,False,Request timeout: 300.0s exceeded,358,21.16838264042747
406,2026-09-14T02:26:13.033+00:00,2026-09-14T02:31:06.626+00:00,2026-09-14T02:31:13.066+00:00,False,97,96.0,,96.0,293593.53191,300032.924422,300032.92419700004,3093.1229298659796,0.01896,293593.53191,29803.10296995501,87.43047539999999,67.07700533333333,20.43741061999817,0.31996488447039506,4,64,,False,False,Request timeout: 300.0s exceeded,188,21.16838264042747
407,2026-09-14T02:26:15.825+00:00,2026-09-14T02:31:09.893+00:00,2026-09-14T02:31:15.902+00:00,False,90,89.0,,89.0,294067.204044,300076.13358,300076.13357,3334.179261888889,0.04057,294067.204044,30990.294842657237,89.62062850000001,67.51606220224718,20.436349899723883,0.2965913981168805,4,64,,False,False,Request timeout: 300.0s exceeded,130,21.16838264042747
408,2026-09-14T02:26:19.195+00:00,2026-09-14T02:31:12.548+00:00,2026-09-14T02:31:19.206+00:00,False,103,102.0,,102.0,293352.650806,300010.541878,300010.542061,2912.723709330097,0.022,293352.650806,28898.470676373716,87.637954,65.27344188235294,19.7656248942045,0.3399880529580808,4,64,,False,False,Request timeout: 300.0s exceeded,626,21.16838264042747
409,2026-09-14T02:26:23.005+00:00,2026-09-14T02:31:16.617+00:00,2026-09-14T02:31:23.061+00:00,False,106,105.0,,105.0,293612.604282,300056.644474,300056.644579,2830.7230620660375,0.0,293612.604282,28512.292990816775,88.83518974999998,61.37181135238095,66.49213930287914,0.3499339272558528,4,64,,False,False,Request timeout: 300.0s exceeded,394,21.16838264042747
410,2026-09-14T02:26:25.501+00:00,2026-09-14T02:31:19.212+00:00,2026-09-14T02:31:25.522+00:00,False,98,97.0,,97.0,293710.380588,300021.293868,300021.293896,3061.4417744489797,0.0,293710.380588,29662.736086484063,89.53645945,65.06096164948454,68.99127008690888,0.3233103849044694,4,64,,False,False,Request timeout: 300.0s exceeded,433,21.16838264042747
411,2026-09-14T02:26:28.353+00:00,2026-09-14T02:31:22.554+00:00,2026-09-14T02:31:28.396+00:00,False,84,83.0,,83.0,294201.636575,300042.98876700003,300042.988884,3571.940343857143,0.03557,294201.636575,32092.357691333113,90.39355265,70.37773725301204,20.25265135042598,0.276627027150613,4,64,,False,False,Request timeout: 300.0s exceeded,457,21.16838264042747
412,2026-09-14T02:26:32.371+00:00,2026-09-14T02:31:26.245+00:00,2026-09-14T02:31:32.397+00:00,False,91,90.0,,90.0,293873.352542,300026.20630200004,300026.20639300003,3296.991279043956,0.04176,293873.352542,30799.137595639946,89.1129315,68.36504177777778,19.748059021228272,0.2999737959870342,4,64,,False,False,Request timeout: 300.0s exceeded,131,21.16838264042747
413,2026-09-14T02:26:36.410+00:00,2026-09-14T02:31:29.945+00:00,2026-09-14T02:31:36.465+00:00,False,95,94.0,,94.0,293535.282091,300055.225259,300055.225287,3158.4760556526317,0.01889,293535.282091,30108.974640813507,88.3502314,69.3610975319149,19.797449540091925,0.3132756642343475,4,64,,False,False,Request timeout: 300.0s exceeded,528,21.16838264042747
414,2026-09-14T02:26:39.165+00:00,2026-09-14T02:31:32.861+00:00,2026-09-14T02:31:39.250+00:00,False,92,91.0,,91.0,293695.85072399996,300084.78435599996,300084.78428699996,3261.791133554347,0.02903,293695.85072399996,30612.595680714217,89.97813109999998,70.2080618901099,19.693176463341736,0.3032476311496149,4,64,,False,False,Request timeout: 300.0s exceeded,436,21.16838264042747
415,2026-09-14T02:26:42.271+00:00,2026-09-14T02:31:35.776+00:00,2026-09-14T02:31:42.331+00:00,False,98,97.0,,97.0,293504.79576099996,300059.496305,300059.496144,3061.831593306122,0.01874,293504.79576099996,29641.64262333946,88.5585715,67.57423241237113,20.511786184581794,0.3232692222525192,4,64,,False,False,Request timeout: 300.0s exceeded,401,21.16838264042747
416,2026-09-14T02:26:45.362+00:00,2026-09-14T02:31:38.385+00:00,2026-09-14T02:31:44.952+00:00,True,101,101.0,,101.0,293022.94302999997,299590.03243799997,299590.03222899995,2966.237942861386,39.393826999999995,293022.94302999997,29150.344511953925,87.309506,65.67089408,19.44400950465781,0.33712737095451234,4,64,,False,True,,407,21.16838264042747
417,2026-09-14T02:26:48.309+00:00,2026-09-14T02:31:41.853+00:00,2026-09-14T02:31:48.353+00:00,False,102,101.0,,101.0,293544.29233200004,300043.92522800004,300043.925204,2941.6071098431376,0.02364,293544.29233200004,29058.851294074746,89.12134660000001,64.35280095049505,20.543849766836836,0.3366173800161134,4,64,,False,False,Request timeout: 300.0s exceeded,346,21.16838264042747
418,2026-09-14T02:26:50.854+00:00,2026-09-14T02:31:44.128+00:00,2026-09-14T02:31:50.914+00:00,False,103,102.0,,102.0,293273.47795,300059.757374,300059.75716399995,2913.201525864077,0.05054,293273.47795,28890.546040503283,89.73920910000001,66.53215121568627,20.518207542579194,0.33993228846367873,4,64,,False,False,Request timeout: 300.0s exceeded,463,21.16838264042747
419,2026-09-14T02:26:53.770+00:00,2026-09-14T02:31:47.757+00:00,2026-09-14T02:31:53.836+00:00,False,92,91.0,,91.0,293986.648687,300066.077039,300066.07690299995,3261.587792423913,0.02106,293986.648687,30643.26865705009,90.0015311,66.80690496703296,20.621525522359196,0.30326653681739774,4,64,,False,False,Request timeout: 300.0s exceeded,438,21.16838264042747
420,2026-09-14T02:26:57.269+00:00,2026-09-14T02:31:51.074+00:00,2026-09-14T02:31:57.325+00:00,False,97,96.0,,96.0,293804.887054,300056.05019,300056.050338,3093.3613436907217,0.03463,293804.887054,29824.76212109981,90.2811196,65.11628266666666,20.747478925030425,0.31994022429879804,4,64,,False,False,Request timeout: 300.0s exceeded,234,21.16838264042747
421,2026-09-14T02:26:59.495+00:00,2026-09-14T02:31:53.316+00:00,2026-09-14T02:31:59.510+00:00,False,92,91.0,,91.0,293820.739953,300014.39908899995,300014.398988,3261.0260759565217,0.02163,293820.739953,30625.840429834778,90.37368704999999,68.06218830769231,20.353212403760473,0.30331877495321363,4,64,,False,False,Request timeout: 300.0s exceeded,265,21.16838264042747
422,2026-09-14T02:27:02.388+00:00,2026-09-14T02:31:56.563+00:00,2026-09-14T02:32:02.417+00:00,False,85,84.0,,84.0,294174.5263,300028.290396,300028.290373,3529.7445926235296,0.03566,294174.5263,31900.155169471916,89.25049800000001,69.6876678095238,20.524101141307735,0.27997359812013206,4,64,,False,False,Request timeout: 300.0s exceeded,366,21.16838264042747
423,2026-09-14T02:27:06.069+00:00,2026-09-14T02:31:59.992+00:00,2026-09-14T02:32:06.079+00:00,False,102,101.0,,101.0,293922.992555,300010.333099,300010.333064,2941.277775137255,0.015710000000000002,293922.992555,29097.871606867066,90.02907454999999,60.27069845544554,257.3056866203254,0.33665507103274056,4,64,,False,False,Request timeout: 300.0s exceeded,524,21.16838264042747
424,2026-09-14T02:27:08.751+00:00,2026-09-14T02:32:02.637+00:00,2026-09-14T02:32:08.706+00:00,True,102,102.0,,102.0,293885.904657,299955.16596899997,299955.16594399995,2940.7369210196075,0.015380000000000001,293885.904657,29094.250335552682,89.32474255,60.091696158415836,261.05982202359036,0.3400508194966097,4,64,,False,True,,503,21.16838264042747
425,2026-09-14T02:27:12.407+00:00,2026-09-14T02:32:06.951+00:00,2026-09-14T02:32:12.437+00:00,False,83,82.0,,82.0,294544.14600999997,300030.343258,300030.34314899996,3614.8234114337347,0.022969999999999997,294544.14600999997,32323.082027841294,87.296254,66.90484448780488,19.087972881079825,0.2733056900497799,4,64,,False,False,Request timeout: 300.0s exceeded,391,21.16838264042747
426,2026-09-14T02:27:14.618+00:00,2026-09-14T02:32:08.660+00:00,2026-09-14T02:32:14.704+00:00,False,92,91.0,,91.0,294041.700343,300085.464823,300085.464855,3261.798531032609,0.035590000000000004,294041.700343,30649.0489346346,89.47253405000001,66.41499428571429,20.452002802518123,0.30324694351215814,4,64,,False,False,Request timeout: 300.0s exceeded,381,21.16838264042747
427,2026-09-14T02:27:17.812+00:00,2026-09-14T02:32:11.736+00:00,2026-09-14T02:32:17.895+00:00,False,96,95.0,,95.0,293924.731554,300083.69757,300083.697653,3125.8718505520833,0.0,293924.731554,29992.020797649737,88.10760875,64.83122122105263,65.28709122188403,0.31657834387301065,4,64,,False,False,Request timeout: 300.0s exceeded,419,21.16838264042747
428,2026-09-14T02:27:21.425+00:00,2026-09-14T02:32:14.952+00:00,2026-09-14T02:32:21.432+00:00,False,99,98.0,,98.0,293526.675148,300006.846412,300006.846298,3030.372184828283,0.0,293526.675148,29493.963850989763,89.0847129,66.12419657142857,64.0102906103902,0.32665921185484015,4,64,,False,False,Request timeout: 300.0s exceeded,612,21.16838264042747
429,2026-09-14T02:27:24.838+00:00,2026-09-14T02:32:18.528+00:00,2026-09-14T02:32:24.925+00:00,False,91,90.0,,90.0,293689.451899,300086.89215499995,300086.89216399996,3297.6581556483516,0.05103,293689.451899,30779.574881464054,90.70824350000001,71.0826695111111,20.048530910876526,0.29991313300520134,4,64,,False,False,Request timeout: 300.0s exceeded,464,21.16838264042747
430,2026-09-14T02:27:28.540+00:00,2026-09-14T02:32:22.223+00:00,2026-09-14T02:32:28.594+00:00,False,89,88.0,,88.0,293682.563577,300053.712377,300053.712397,3371.390026932584,0.089459,293682.563577,31122.62164252458,91.0810196,72.39941818181819,20.209358131832296,0.2932808239660542,4,64,,False,False,Request timeout: 300.0s exceeded,366,21.16838264042747
431,2026-09-14T02:27:31.551+00:00,2026-09-14T02:32:25.176+00:00,2026-09-14T02:32:31.578+00:00,False,90,89.0,,89.0,293624.85840100003,300027.108897,300027.10900600004,3333.6345445111115,0.02063,293624.85840100003,30943.201181187436,90.79764429999999,71.93539883146067,19.64357927053046,0.2966398614018372,4,64,,False,False,Request timeout: 300.0s exceeded,432,21.16838264042747
432,2026-09-14T02:27:35.280+00:00,2026-09-14T02:32:29.045+00:00,2026-09-14T02:32:35.289+00:00,False,91,90.0,,90.0,293765.26255800005,300009.31811000005,300009.31811000005,3296.805693516484,0.01973,293765.26255800005,30787.70085055963,89.3367665,69.37839502222222,20.3534648714102,0.2999906821794149,4,64,,False,False,Request timeout: 300.0s exceeded,384,21.16838264042747
433,2026-09-14T02:27:37.876+00:00,2026-09-14T02:32:31.580+00:00,2026-09-14T02:32:37.923+00:00,False,92,91.0,,91.0,293704.34364,300047.190616,300047.190726,3261.382507891304,0.031219999999999998,293704.34364,30613.53402329848,89.5552521,69.70161512087911,19.841225926775103,0.3032856258816357,4,64,,False,False,Request timeout: 300.0s exceeded,347,21.16838264042747
434,2026-09-14T02:27:40.218+00:00,2026-09-14T02:32:33.936+00:00,2026-09-14T02:32:40.300+00:00,False,92,91.0,,91.0,293718.163855,300081.871759,300081.871637,3261.759474315217,0.02189,293718.163855,30614.951160342956,90.6165856,69.93085608791208,20.120195887958758,0.3032505744735003,4,64,,False,False,Request timeout: 300.0s exceeded,354,21.16838264042747
435,2026-09-14T02:27:43.560+00:00,2026-09-14T02:32:37.282+00:00,2026-09-14T02:32:43.594+00:00,False,99,98.0,,98.0,293721.700144,300033.74904,300033.74892600003,3030.6439285454544,0.01825,293721.700144,29513.675425581896,89.4126879,64.40866220408164,20.662192031152394,0.32662992184567474,4,64,,False,False,Request timeout: 300.0s exceeded,405,21.16838264042747
436,2026-09-14T02:27:46.315+00:00,2026-09-14T02:32:40.034+00:00,2026-09-14T02:32:46.392+00:00,False,98,97.0,,97.0,293718.33144700003,300077.054263,300077.05421000003,3062.0107572448983,0.02171,293718.33144700003,29663.417435696203,91.51677735,65.55384346391753,21.03958580106902,0.3232503072860251,4,64,,False,False,Request timeout: 300.0s exceeded,317,21.16838264042747
437,2026-09-14T02:27:49.318+00:00,2026-09-14T02:32:42.685+00:00,2026-09-14T02:32:49.340+00:00,False,99,98.0,,98.0,293367.47982300003,300022.52545500005,300022.52557000006,3030.530561313132,0.02025,293367.47982300003,29477.72300470876,89.7104349,67.90862889795919,20.389808030780905,0.3266421407905217,4,64,,False,False,Request timeout: 300.0s exceeded,473,21.16838264042747
438,2026-09-14T02:27:53.026+00:00,2026-09-14T02:32:46.859+00:00,2026-09-14T02:32:53.061+00:00,False,90,89.0,,89.0,293832.226379,300034.710603,300034.710541,3333.719006011111,0.01685,293832.226379,30965.29636056661,88.83595945,69.6908339775281,19.773134128779198,0.2966323457080372,4,64,,False,False,Request timeout: 300.0s exceeded,457,21.16838264042747
439,2026-09-14T02:27:56.899+00:00,2026-09-14T02:32:50.504+00:00,2026-09-14T02:32:56.976+00:00,False,94,93.0,,93.0,293605.002916,300076.611748,300076.61161,3192.3043788297873,0.122789,293605.002916,30275.87211829457,87.62960944999999,69.58719174193547,18.65811270072096,0.3099208547385894,4,64,,False,False,Request timeout: 300.0s exceeded,182,21.16838264042747
440,2026-09-14T02:27:59.157+00:00,2026-09-14T02:32:53.064+00:00,2026-09-14T02:32:59.171+00:00,False,89,88.0,,88.0,293907.024782,300013.66311799997,300013.663047,3370.940034235955,0.03367,293907.024782,31146.73225793205,86.3798242,69.39361745454545,18.864345973023614,0.2933199744485912,4,64,,False,False,Request timeout: 300.0s exceeded,420,21.16838264042747
441,2026-09-14T02:28:02.263+00:00,2026-09-14T02:32:56.227+00:00,2026-09-14T02:33:02.293+00:00,False,90,89.0,,89.0,293964.150778,300029.555194,300029.55515000003,3333.661723888889,0.023379999999999998,293964.150778,30979.364343139907,89.12422350000001,68.15061141573034,19.09448471054148,0.2966374427427736,4,64,,False,False,Request timeout: 300.0s exceeded,553,21.16838264042747
442,2026-09-14T02:28:05.529+00:00,2026-09-14T02:32:59.091+00:00,2026-09-14T02:33:05.582+00:00,False,96,95.0,,95.0,293562.256722,300053.52789,300053.527985,3125.5575831770834,0.046439999999999995,293562.256722,29954.60504207158,90.089545,68.32917018947369,19.8321248254134,0.3166101750845839,4,64,,False,False,Request timeout: 300.0s exceeded,421,21.16838264042747
443,2026-09-14T02:28:08.967+00:00,2026-09-14T02:33:02.831+00:00,2026-09-14T02:33:08.977+00:00,False,92,91.0,,91.0,293863.911431,300009.97018299997,300009.970323,3260.977938293478,0.030420000000000003,293863.911431,30630.396227462104,90.15029105000002,67.53910716483517,20.84367446311994,0.3033232527055413,4,64,,False,False,Request timeout: 300.0s exceeded,366,21.16838264042747
444,2026-09-14T02:28:14.714+00:00,2026-09-14T02:33:07.471+00:00,2026-09-14T02:33:14.755+00:00,False,122,121.0,,121.0,292756.93441900006,300040.58369900007,300040.58375000005,2459.349047131148,0.0,292756.93441900006,26499.589039246937,89.8376675,60.19544859504132,61.7764725636199,0.4032787781848434,4,64,,False,False,Request timeout: 300.0s exceeded,618,21.16838264042747
445,2026-09-14T02:28:16.349+00:00,2026-09-14T02:33:09.878+00:00,2026-09-14T02:33:16.427+00:00,False,114,113.0,,113.0,293528.575852,300077.56119599997,300077.561224,2632.259308982456,0.0,293528.575852,27486.115656712856,91.96133300000001,57.955622513274335,63.95812137025874,0.3765693094466081,4,64,,False,False,Request timeout: 300.0s exceeded,161,21.16838264042747
446,2026-09-14T02:28:20.250+00:00,2026-09-14T02:33:15.895+00:00,2026-09-14T02:33:20.270+00:00,False,66,65.0,,65.0,295645.315409,300019.698513,300019.69863899995,4545.753009681818,0.04305,295645.315409,36383.14578386537,87.93186674999998,67.2982016,22.655739064522226,0.2166524408969217,4,64,,False,False,Request timeout: 300.0s exceeded,319,21.16838264042747
447,2026-09-14T02:28:22.580+00:00,2026-09-14T02:33:16.034+00:00,2026-09-14T02:33:22.610+00:00,False,98,97.0,,97.0,293453.543057,300030.264721,300030.2647,3061.533313265306,0.03118,293453.543057,29636.44227892446,90.11932385,67.80125426804123,20.353645900072785,0.3233007179799042,4,64,,False,False,Request timeout: 300.0s exceeded,448,21.16838264042747
448,2026-09-14T02:28:25.860+00:00,2026-09-14T02:33:19.040+00:00,2026-09-14T02:33:25.935+00:00,False,100,99.0,,99.0,293179.418417,300074.810161,300074.810188,3000.74810188,0.03268,293179.418417,29310.9836572293,91.180641,69.65042165656565,20.152316158583314,0.3299177293385048,4,64,,False,False,Request timeout: 300.0s exceeded,417,21.16838264042747
449,2026-09-14T02:28:29.144+00:00,2026-09-14T02:33:23.027+00:00,2026-09-14T02:33:29.205+00:00,False,92,91.0,,91.0,293882.934126,300060.599918,300060.59999099997,3261.528260771739,0.03832,293882.934126,30632.34282189793,88.14894399999999,67.88643727472527,20.169171819247346,0.3032720724575913,4,64,,False,False,Request timeout: 300.0s exceeded,480,21.16838264042747
450,2026-09-14T02:28:32.999+00:00,2026-09-14T02:33:26.786+00:00,2026-09-14T02:33:33.021+00:00,False,97,96.0,,96.0,293787.742811,300021.91727499996,300021.91729699995,3093.0094566701027,0.02137,293787.742811,29823.038700381483,87.9729446,64.93931733333334,19.772797764106777,0.31997662328117993,4,64,,False,False,Request timeout: 300.0s exceeded,376,21.16838264042747
451,2026-09-14T02:28:36.112+00:00,2026-09-14T02:33:30.113+00:00,2026-09-14T02:33:36.138+00:00,False,93,92.0,,92.0,294000.701124,300026.022852,300026.02288,3226.086267526882,0.01924,294000.701124,30479.667770001397,87.611129,65.49262747826087,20.031517741110346,0.3066400678363247,4,64,,False,False,Request timeout: 300.0s exceeded,441,21.16838264042747
452,2026-09-14T02:28:39.436+00:00,2026-09-14T02:33:33.322+00:00,2026-09-14T02:33:39.497+00:00,False,98,97.0,,97.0,293886.319999,300061.278079,300061.278078,3061.8497763061223,0.035369,293886.319999,29680.577627462393,88.27790584999998,63.65936164948454,20.193294773471383,0.3232673026689631,4,64,,False,False,Request timeout: 300.0s exceeded,214,21.16838264042747
453,2026-09-14T02:28:41.703+00:00,2026-09-14T02:33:35.355+00:00,2026-09-14T02:33:41.771+00:00,False,101,100.0,,100.0,293652.282345,300068.55114500003,300068.55121500004,2970.9757546039605,0.03577,293652.282345,29213.11733647507,90.942898,64.162688,21.13695699049952,0.33325718279513306,4,64,,False,False,Request timeout: 300.0s exceeded,390,21.16838264042747
454,2026-09-14T02:28:44.037+00:00,2026-09-14T02:33:37.823+00:00,2026-09-14T02:33:44.049+00:00,False,97,96.0,,96.0,293786.140384,300012.15792,300012.15787600004,3092.9088440824744,0.02589,293786.140384,29822.885190133093,88.74991880000002,64.85434933333333,20.614885714214253,0.31998703207754314,4,64,,False,False,Request timeout: 300.0s exceeded,548,21.16838264042747
455,2026-09-14T02:28:47.034+00:00,2026-09-14T02:33:40.165+00:00,2026-09-14T02:33:47.078+00:00,False,103,102.0,,102.0,293131.507737,300044.512025,300044.51185,2913.0535131067963,0.03518,293131.507737,28876.435071664284,88.07945500000001,67.77455184313725,20.780590930925825,0.339949560522211,4,64,,False,False,Request timeout: 300.0s exceeded,460,21.16838264042747
456,2026-09-14T02:28:49.803+00:00,2026-09-14T02:33:43.517+00:00,2026-09-14T02:33:49.879+00:00,False,96,95.0,,95.0,293714.11089,300075.489706,300075.489696,3125.786351,0.02264,293714.11089,29970.242891194892,87.61855,66.96188227368421,19.45127011657752,0.31658700313403326,4,64,,False,False,Request timeout: 300.0s exceeded,361,21.16838264042747
457,2026-09-14T02:28:52.834+00:00,2026-09-14T02:33:46.685+00:00,2026-09-14T02:33:52.855+00:00,False,97,96.0,,96.0,293851.401814,300021.22914199997,300021.229204,3093.002362927835,0.026699999999999998,293851.401814,29829.570104968294,86.8938768,64.26903466666667,19.39834017910291,0.31997735718415854,4,64,,False,False,Request timeout: 300.0s exceeded,470,21.16838264042747
458,2026-09-14T02:28:56.826+00:00,2026-09-14T02:33:50.920+00:00,2026-09-14T02:33:56.862+00:00,False,89,88.0,,88.0,294094.17916299996,300036.62191499997,300036.62190399994,3371.197998921348,0.042409999999999996,294094.17916299996,31166.769078904723,88.91095059999999,67.52775854545455,20.03042560931075,0.2932975296093365,4,64,,False,False,Request timeout: 300.0s exceeded,288,21.16838264042747
459,2026-09-14T02:28:59.095+00:00,2026-09-14T02:33:52.321+00:00,2026-09-14T02:33:59.116+00:00,False,102,101.0,,101.0,293225.167009,300020.82832100004,300020.82837,2941.380670294118,0.03478,293225.167009,29026.962405339687,88.313354,67.28377536633663,19.71158147835908,0.3366432942846805,4,64,,False,False,Request timeout: 300.0s exceeded,358,21.16838264042747
460,2026-09-14T02:29:01.893+00:00,2026-09-14T02:33:55.736+00:00,2026-09-14T02:34:01.914+00:00,False,92,91.0,,91.0,293842.477829,300021.083909,300021.08386199997,3261.0987376304347,0.04223,293842.477829,30628.123383402813,88.65928904999998,67.8967701098901,19.383487985425095,0.30331201665680735,4,64,,False,False,Request timeout: 300.0s exceeded,202,21.16838264042747
461,2026-09-14T02:29:05.567+00:00,2026-09-14T02:33:59.201+00:00,2026-09-14T02:34:05.860+00:00,False,91,90.0,,90.0,293633.600903,300292.411783,300292.411562,3299.9166105714285,0.02427,293633.600903,30773.47858662008,88.010984,73.98678755555555,65.70812145680522,0.29970787295496704,4,64,,False,False,Request timeout: 300.0s exceeded,433,21.16838264042747
462,2026-09-14T02:29:08.744+00:00,2026-09-14T02:34:02.158+00:00,2026-09-14T02:34:08.793+00:00,False,103,102.0,,102.0,293414.176259,300049.21549100004,300049.215288,2913.0991775533985,0.0,293414.176259,28904.622004589382,86.854188,65.04940423529412,65.57864685072374,0.3399442315924318,4,64,,False,False,Request timeout: 300.0s exceeded,470,21.16838264042747
463,2026-09-14T02:29:11.043+00:00,2026-09-14T02:34:04.470+00:00,2026-09-14T02:34:11.105+00:00,False,100,99.0,,99.0,293426.996884,300061.623188,300061.623344,3000.61623344,0.0,293426.996884,29336.073600348842,91.0445195,67.01642731313132,66.91931826122554,0.3299322284142039,4,64,,False,False,Request timeout: 300.0s exceeded,411,21.16838264042747
464,2026-09-14T02:29:14.274+00:00,2026-09-14T02:34:08.060+00:00,2026-09-14T02:34:14.311+00:00,False,86,85.0,,85.0,293785.88046899997,300037.000341,300037.000328,3488.8023293953484,0.08198,293785.88046899997,31671.82204687155,91.8397135,73.54258672941177,19.820449657945236,0.2832983928761961,4,64,,False,False,Request timeout: 300.0s exceeded,417,21.16838264042747
465,2026-09-14T02:29:16.896+00:00,2026-09-14T02:34:10.450+00:00,2026-09-14T02:34:16.919+00:00,False,94,93.0,,93.0,293554.18717,300023.239074,300023.239069,3191.7365858404255,0.02345,293554.18717,30270.635009526293,88.23849115000002,69.55969789247311,20.67849137982014,0.30997598815024385,4,64,,False,False,Request timeout: 300.0s exceeded,304,21.16838264042747
466,2026-09-14T02:29:20.473+00:00,2026-09-14T02:34:14.221+00:00,2026-09-14T02:34:20.565+00:00,False,94,93.0,,93.0,293747.715585,300092.088833,300092.088998,3192.469031893617,0.022009,293747.715585,30290.73386563842,89.38984215,68.2190671827957,20.15894509297479,0.30990487074037504,4,64,,False,False,Request timeout: 300.0s exceeded,434,21.16838264042747
467,2026-09-14T02:29:24.566+00:00,2026-09-14T02:34:18.233+00:00,2026-09-14T02:34:24.635+00:00,False,94,93.0,,93.0,293667.045469,300068.326749,300068.32663100003,3192.216240755319,0.0338,293667.045469,30282.350042204296,88.77038215,68.83098150537634,19.81543960275488,0.309929411769581,4,64,,False,False,Request timeout: 300.0s exceeded,441,21.16838264042747
468,2026-09-14T02:29:27.818+00:00,2026-09-14T02:34:21.587+00:00,2026-09-14T02:34:27.838+00:00,False,89,88.0,,88.0,293769.010246,300019.55002200004,300019.550247,3371.0061825505622,0.0256,293769.010246,31131.92994764244,90.3007414,71.02886109090909,19.736310146791286,0.2933142190018853,4,64,,False,False,Request timeout: 300.0s exceeded,394,21.16838264042747
469,2026-09-14T02:29:31.540+00:00,2026-09-14T02:34:25.547+00:00,2026-09-14T02:34:31.628+00:00,False,89,88.0,,88.0,294007.507496,300088.38788,300088.388015,3371.7796406179773,0.04018,294007.507496,31157.415333577632,88.87627499999999,69.10091345454545,20.319963412086835,0.29324693508363825,4,64,,False,False,Request timeout: 300.0s exceeded,402,21.16838264042747
470,2026-09-14T02:29:35.447+00:00,2026-09-14T02:34:28.984+00:00,2026-09-14T02:34:35.459+00:00,False,98,97.0,,97.0,293536.839042,300011.385986,300011.38579000003,3061.340671326531,0.021889,293536.839042,29644.96294455829,88.08981935,66.74790663917526,20.497576659061814,0.3233210622363729,4,64,,False,False,Request timeout: 300.0s exceeded,415,21.16838264042747
471,2026-09-14T02:29:39.507+00:00,2026-09-14T02:34:33.349+00:00,2026-09-14T02:34:39.514+00:00,False,92,91.0,,91.0,293842.07785299997,300007.447709,300007.447764,3260.9505191739127,0.023149999999999997,293842.07785299997,30628.09750448094,88.64157305,67.7513170989011,20.406239723068847,0.30332580305895546,4,64,,False,False,Request timeout: 300.0s exceeded,485,21.16838264042747
472,2026-09-14T02:29:42.200+00:00,2026-09-14T02:34:35.963+00:00,2026-09-14T02:34:42.223+00:00,False,91,90.0,,90.0,293763.44513099996,300023.57543499995,300023.57550199993,3296.9623681538455,0.02009,293763.44513099996,30787.491211011526,88.7712775,69.55700337777779,19.735016508313688,0.2999764264175249,4,64,,False,False,Request timeout: 300.0s exceeded,349,21.16838264042747
473,2026-09-14T02:29:45.557+00:00,2026-09-14T02:34:39.601+00:00,2026-09-14T02:34:45.610+00:00,False,88,87.0,,87.0,294044.55231199996,300053.00107999996,300053.00096299994,3409.693192761363,0.036789999999999996,294044.55231199996,31337.898434036288,87.369175,69.06262951724138,19.403896039835885,0.28994877467265895,4,64,,False,False,Request timeout: 300.0s exceeded,364,21.16838264042747
474,2026-09-14T02:29:49.591+00:00,2026-09-14T02:34:43.573+00:00,2026-09-14T02:34:49.671+00:00,False,94,93.0,,93.0,293981.358828,300079.83460400003,300079.83438,3192.3386636170217,0.06411,293981.358828,30315.104730729458,86.69140949999999,65.57500834408602,19.690862933075618,0.3099175261900798,4,64,,False,False,Request timeout: 300.0s exceeded,136,21.16838264042747
475,2026-09-14T02:29:52.579+00:00,2026-09-14T02:34:46.420+00:00,2026-09-14T02:34:52.622+00:00,False,97,96.0,,96.0,293840.700898,300043.35101,300043.35111,3093.230423814433,0.0353,293840.700898,29828.449086005086,85.650561,64.61093866666667,19.720948912956427,0.3199537656036926,4,64,,True,False,Request timeout: 300.0s exceeded,226,21.16838264042747
476,2026-09-14T02:29:56.626+00:00,2026-09-14T02:34:50.100+00:00,2026-09-14T02:34:56.724+00:00,False,99,98.0,,98.0,293474.065865,300098.183625,300098.183778,3031.294785636364,0.024149999999999998,293474.065865,29488.466591895256,87.34322780000001,67.59303836734695,19.75372127764561,0.3265597905866032,4,64,,True,False,Request timeout: 300.0s exceeded,447,21.16838264042747
477,2026-09-14T02:30:00.146+00:00,2026-09-14T02:34:53.525+00:00,2026-09-14T02:35:00.176+00:00,False,99,98.0,,98.0,293378.977969,300029.993137,300029.992976,3030.6059896565657,0.02514,293378.977969,29478.882688068494,87.900895,67.86750171428572,20.30603166395674,0.3266340107378902,4,64,,True,False,Request timeout: 300.0s exceeded,486,21.16838264042747
478,2026-09-14T02:30:02.937+00:00,2026-09-14T02:34:56.329+00:00,2026-09-14T02:35:02.960+00:00,False,102,101.0,,101.0,293392.334783,300022.857663,300022.857733,2941.4005660098037,0.020499,293392.334783,29043.676677363703,86.72518705,65.64874138613861,20.163715688535017,0.3366410172435862,4,64,,True,False,Request timeout: 300.0s exceeded,510,21.16838264042747
479,2026-09-14T02:30:05.838+00:00,2026-09-14T02:34:59.313+00:00,2026-09-14T02:35:05.913+00:00,False,99,98.0,,98.0,293474.664353,300075.059617,300075.059477,3031.061206838384,0.039850000000000003,293474.664353,29488.55143211681,89.2801671,67.35097208163266,20.290963470230086,0.3265849555277338,4,64,,True,False,Request timeout: 300.0s exceeded,513,21.16838264042747
480,2026-09-14T02:30:08.128+00:00,2026-09-14T02:35:01.932+00:00,2026-09-14T02:35:08.149+00:00,False,92,91.0,,91.0,293804.03207099997,300021.08499899996,300021.08511399996,3261.0987512391303,0.029589999999999998,293804.03207099997,30624.071520780904,88.32357454999999,68.31926294505494,20.061784539529306,0.30331201555485116,4,64,,True,False,Request timeout: 300.0s exceeded,333,21.16838264042747
481,2026-09-14T02:30:11.286+00:00,2026-09-14T02:35:04.897+00:00,2026-09-14T02:35:11.318+00:00,False,95,94.0,,94.0,293610.87738099997,300032.28154099995,300032.28157199995,3158.2345428631575,0.038509999999999996,293610.87738099997,30116.838011951426,89.1879377,68.31281021276597,19.655045161297608,0.313299620684832,4,64,,True,False,Request timeout: 300.0s exceeded,429,21.16838264042747
482,2026-09-14T02:30:14.941+00:00,2026-09-14T02:35:08.274+00:00,2026-09-14T02:35:14.999+00:00,False,103,102.0,,102.0,293332.670172,300058.484444,300058.48457100004,2913.189170592233,0.0384,293332.670172,28896.437009270205,90.78558720000001,65.93935560784314,20.76944722166478,0.33993373054924,4,64,,True,False,Request timeout: 300.0s exceeded,417,21.16838264042747
483,2026-09-14T02:30:17.811+00:00,2026-09-14T02:35:11.232+00:00,2026-09-14T02:35:17.822+00:00,False,97,96.0,,96.0,293421.53736799996,300011.03752799996,300011.037524,3092.897294061855,0.03488,293421.53736799996,29785.480604907312,91.2327976,68.64062666666668,20.129673101201014,0.31998822706994684,4,64,,True,False,Request timeout: 300.0s exceeded,370,21.16838264042747
484,2026-09-14T02:30:21.125+00:00,2026-09-14T02:35:14.610+00:00,2026-09-14T02:35:21.192+00:00,False,94,93.0,,93.0,293484.47291799996,300067.171926,300067.17192899995,3192.203956691489,0.02123,293484.47291799996,30263.318013385535,89.68575864999998,70.78170976344086,19.95445054813496,0.3099306045478873,4,64,,True,False,Request timeout: 300.0s exceeded,416,21.16838264042747
485,2026-09-14T02:30:24.918+00:00,2026-09-14T02:35:18.200+00:00,2026-09-14T02:35:24.965+00:00,False,99,98.0,,98.0,293282.683048,300047.75210399996,300047.75213499996,3030.78537510101,0.023710000000000002,293282.683048,29469.087204401298,88.528577,69.03131689795919,19.53751404266224,0.32661467820639456,4,64,,True,False,Request timeout: 300.0s exceeded,521,21.16838264042747
486,2026-09-14T02:30:27.254+00:00,2026-09-14T02:35:20.854+00:00,2026-09-14T02:35:27.269+00:00,False,91,90.0,,90.0,293599.942401,300014.429185,300014.429308,3296.861860527473,0.03519,293599.942401,30770.172312494342,87.8522245,71.27207537777778,20.704072144959518,0.2999855715089712,4,64,,True,False,Request timeout: 300.0s exceeded,421,21.16838264042747
487,2026-09-14T02:30:31.220+00:00,2026-09-14T02:35:24.919+00:00,2026-09-14T02:35:31.232+00:00,False,91,90.0,,90.0,293699.805035,300012.386667,300012.38684600004,3296.83941589011,0.0256,293699.805035,30780.759899405577,89.09322200000001,70.13979591111112,21.363619749841934,0.29998761384441064,4,64,,True,False,Request timeout: 300.0s exceeded,468,21.16838264042747
488,2026-09-14T02:30:34.845+00:00,2026-09-14T02:35:28.546+00:00,2026-09-14T02:35:34.883+00:00,False,95,94.0,,94.0,293700.853067,300038.22061899997,300038.220635,3158.2970593157893,0.03607,293700.853067,30126.16125339742,88.6365921,67.41880374468086,19.97721519933126,0.3132934191053106,4,64,,True,False,Request timeout: 300.0s exceeded,360,21.16838264042747
489,2026-09-14T02:30:37.069+00:00,2026-09-14T02:35:30.768+00:00,2026-09-14T02:35:37.115+00:00,False,94,93.0,,93.0,293698.75186400005,300045.7509040001,300045.750982,3191.976074276596,0.02954,293698.75186400005,30285.68024670445,86.76436865,68.24730150537634,19.407177478803472,0.30995273127448963,4,64,,True,False,Request timeout: 300.0s exceeded,136,21.16838264042747
490,2026-09-14T02:30:40.317+00:00,2026-09-14T02:35:33.877+00:00,2026-09-14T02:35:40.337+00:00,False,95,94.0,,94.0,293559.80704000004,300019.88716800004,300019.88717000006,3158.1040754736846,0.02851,293559.80704000004,30111.5560470269,87.035612,68.72425668085106,19.583486794875185,0.31331256366803273,4,64,,True,False,Request timeout: 300.0s exceeded,236,21.16838264042747
491,2026-09-14T02:30:43.893+00:00,2026-09-14T02:35:37.677+00:00,2026-09-14T02:35:43.917+00:00,False,92,91.0,,91.0,293783.723102,300024.33315,300024.333155,3261.134056032609,0.0258,293783.723102,30621.92749253972,89.8080171,68.5781323956044,20.54453728616603,0.3033087318104418,4,64,,True,False,Request timeout: 300.0s exceeded,413,21.16838264042747
492,2026-09-14T02:30:46.978+00:00,2026-09-14T02:35:40.419+00:00,2026-09-14T02:35:47.001+00:00,False,95,94.0,,94.0,293441.150998,300023.215638,300023.21547,3158.1391102105263,0.01961,293441.150998,30099.249649456484,90.4627534,70.02196425531915,20.486512549958178,0.3133090877654544,4,64,,True,False,Request timeout: 300.0s exceeded,443,21.16838264042747
493,2026-09-14T02:30:49.265+00:00,2026-09-14T02:35:42.833+00:00,2026-09-14T02:35:49.278+00:00,False,94,93.0,,93.0,293567.571413,300013.097685,300013.097684,3191.6286987659573,0.040619,293567.571413,30272.04173370553,90.19580264999999,69.30673410752688,20.905211823152598,0.30998646631636645,4,64,,True,False,Request timeout: 300.0s exceeded,412,21.16838264042747
494,2026-09-14T02:30:52.975+00:00,2026-09-14T02:35:46.269+00:00,2026-09-14T02:35:53.022+00:00,False,99,98.0,,98.0,293294.279763,300047.53083500004,300047.53086600004,3030.7831400606065,0.0246,293294.279763,29470.265218216962,89.74036380000001,68.9107252244898,20.10894672884747,0.3266149190672442,4,64,,True,False,Request timeout: 300.0s exceeded,449,21.16838264042747
495,2026-09-14T02:30:56.157+00:00,2026-09-14T02:35:50.131+00:00,2026-09-14T02:35:56.190+00:00,False,88,87.0,,87.0,293974.025044,300033.24245200003,300033.242461,3409.4686643295454,0.03657,293974.025044,31330.317638427594,86.3382,69.64617710344827,18.80925855841737,0.28996786919008966,4,64,,True,False,Request timeout: 300.0s exceeded,410,21.16838264042747
496,2026-09-14T02:30:59.490+00:00,2026-09-14T02:35:53.180+00:00,2026-09-14T02:35:59.532+00:00,False,95,94.0,,94.0,293689.242158,300041.188398,300041.188378,3158.3282987157895,0.02067,293689.242158,30124.95402229432,89.10121570000001,67.57389617021276,19.877697645628526,0.31329032024533393,4,64,,True,False,Request timeout: 300.0s exceeded,414,21.16838264042747
497,2026-09-14T02:31:02.773+00:00,2026-09-14T02:35:56.566+00:00,2026-09-14T02:36:02.837+00:00,False,95,94.0,,94.0,293792.20408600004,300063.335734,300063.335787,3158.5614293368426,0.024079999999999997,293792.20408600004,30135.60611682209,88.8678363,66.7141664680851,20.211353727683747,0.31326719664054214,4,64,,True,False,Request timeout: 300.0s exceeded,473,21.16838264042747
498,2026-09-14T02:31:06.434+00:00,2026-09-14T02:36:00.300+00:00,2026-09-14T02:36:06.474+00:00,False,89,88.0,,88.0,293866.34022500005,300040.02982500003,300040.0298910001,3371.236290910113,0.04309,293866.34022500005,31142.339931849627,90.03369040000001,70.15556363636364,20.456694347039427,0.2932941982818975,4,64,,True,False,Request timeout: 300.0s exceeded,420,21.16838264042747
499,2026-09-14T02:31:09.336+00:00,2026-09-14T02:36:03.227+00:00,2026-09-14T02:36:09.389+00:00,False,87,86.0,,86.0,293890.432218,300052.900058,300052.899897,3448.883906862069,0.02869,293890.432218,31500.685236606918,90.0828556,71.65660279069768,19.565615306388466,0.28661612663425773,4,64,,True,False,Request timeout: 300.0s exceeded,371,21.16838264042747
500,2026-09-14T02:31:12.960+00:00,2026-09-14T02:36:06.946+00:00,2026-09-14T02:36:13.037+00:00,False,90,89.0,,89.0,293985.939731,300076.096275,300076.096371,3334.1788485666666,0.08334,293985.939731,30981.63188261661,87.10518890000002,68.42872521348313,19.255489998024963,0.2965914349886682,4,64,,True,False,Request timeout: 300.0s exceeded,440,21.16838264042747
501,2026-09-14T02:31:15.223+00:00,2026-09-14T02:36:08.795+00:00,2026-09-14T02:36:15.270+00:00,False,95,94.0,,94.0,293572.567926,300047.451254,300047.451245,3158.394223631579,0.0376,293572.567926,30112.848946242142,87.29848399999999,68.8817375319149,19.297582301609317,0.31328378097244997,4,64,,True,False,Request timeout: 300.0s exceeded,389,21.16838264042747
502,2026-09-14T02:31:17.922+00:00,2026-09-14T02:36:11.612+00:00,2026-09-14T02:36:17.957+00:00,False,91,90.0,,90.0,293690.044511,300035.42255899997,300035.42267299996,3297.092556846154,0.0207,293690.044511,30779.696820162088,87.687745,70.50420053333333,18.725957896146827,0.29996458162303186,4,64,,True,False,Request timeout: 300.0s exceeded,504,21.16838264042747
503,2026-09-14T02:31:21.926+00:00,2026-09-14T02:36:15.846+00:00,2026-09-14T02:36:22.006+00:00,False,90,89.0,,89.0,293920.516359,300080.615687,300080.615612,3334.2290623555555,0.02069,293920.516359,30974.65335065112,89.03090694999999,69.21459919101123,20.105189700783445,0.2965869681260309,4,64,,True,False,Request timeout: 300.0s exceeded,514,21.16838264042747
504,2026-09-14T02:31:25.108+00:00,2026-09-14T02:36:19.106+00:00,2026-09-14T02:36:25.151+00:00,False,92,91.0,,91.0,293997.83652899996,300043.035889,300043.03569399996,3261.3373444999997,0.02123,293997.83652899996,30644.473819969284,88.8883886,66.4307621978022,19.909609900325975,0.3032898255091152,4,64,,True,False,Request timeout: 300.0s exceeded,394,21.16838264042747
505,2026-09-14T02:31:27.430+00:00,2026-09-14T02:36:20.970+00:00,2026-09-14T02:36:27.498+00:00,False,97,96.0,,96.0,293539.430069,300068.098741,300068.098914,3093.485555814433,0.03643,293539.430069,29797.515141932978,88.6769628,68.00696533333333,20.146413645100917,0.3199273778278617,4,64,,True,False,Request timeout: 300.0s exceeded,430,21.16838264042747
506,2026-09-14T02:31:30.114+00:00,2026-09-14T02:36:24.149+00:00,2026-09-14T02:36:30.158+00:00,False,85,84.0,,84.0,294035.389816,300044.04236,300044.04246,3529.9299112941176,0.03505,294035.389816,31884.86306965617,88.66746499999999,71.53157790476192,19.505020139208124,0.2799588998311614,4,64,,True,False,Request timeout: 300.0s exceeded,408,21.16838264042747
507,2026-09-14T02:31:34.154+00:00,2026-09-14T02:36:28.096+00:00,2026-09-14T02:36:34.206+00:00,False,87,86.0,,86.0,293942.032997,300051.998309,300051.99829799996,3448.873543655172,0.02409,293942.032997,31506.282420903146,89.19516459999998,71.04610827906977,18.817324599167797,0.28661698800431035,4,64,,True,False,Request timeout: 300.0s exceeded,423,21.16838264042747
508,2026-09-14T02:31:38.200+00:00,2026-09-14T02:36:31.832+00:00,2026-09-14T02:36:38.269+00:00,False,94,93.0,,93.0,293632.723145,300069.071561,300069.071647,3192.2241664574467,0.02625,293632.723145,30278.77144710089,89.3325813,69.20804748387097,20.383707757656968,0.3099286424828836,4,64,,True,False,Request timeout: 300.0s exceeded,416,21.16838264042747
509,2026-09-14T02:31:41.025+00:00,2026-09-14T02:36:34.635+00:00,2026-09-14T02:36:41.050+00:00,False,94,93.0,,93.0,293609.88044800004,300024.770176,300024.77013400005,3191.7528737659577,0.03543,293609.88044800004,30276.439255321213,88.19451065,68.9773089032258,20.46312891083306,0.3099744062646711,4,64,,True,False,Request timeout: 300.0s exceeded,463,21.16838264042747
510,2026-09-14T02:31:43.626+00:00,2026-09-14T02:36:37.326+00:00,2026-09-14T02:36:43.703+00:00,False,95,94.0,,94.0,293700.386581,300076.750357,300076.750317,3158.7026349157895,0.019739999999999997,293700.386581,30126.07158340818,90.92838200000001,67.83365719148937,21.094410724996685,0.3132531923521853,4,64,,True,False,Request timeout: 300.0s exceeded,478,21.16838264042747
511,2026-09-14T02:31:46.047+00:00,2026-09-14T02:36:39.628+00:00,2026-09-14T02:36:46.120+00:00,False,93,92.0,,92.0,293581.109263,300072.953103,300072.95310600003,3226.5908936129035,0.04205,293581.109263,30435.63279663139,89.94907659999998,70.56352,20.7755336006644,0.30659211051394225,4,64,,True,False,Request timeout: 300.0s exceeded,487,21.16838264042747
512,2026-09-14T02:31:48.409+00:00,2026-09-14T02:36:42.096+00:00,2026-09-14T02:36:48.501+00:00,False,91,90.0,,90.0,293687.466971,300091.933915,300091.933909,3297.7135594395604,0.02754,293687.466971,30779.35894152852,90.7312685,71.16074382222222,20.54148083462077,0.2999080942491849,4,64,,True,False,Request timeout: 300.0s exceeded,421,21.16838264042747
513,2026-09-14T02:31:50.679+00:00,2026-09-14T02:36:44.483+00:00,2026-09-14T02:36:50.743+00:00,False,93,92.0,,92.0,293803.94290799997,300064.19941999996,300064.199201,3226.4967656021504,0.02461,293803.94290799997,30459.000689400884,89.54732100000001,68.04626643478261,20.92071928757781,0.3066010546337371,4,64,,True,False,Request timeout: 300.0s exceeded,379,21.16838264042747
514,2026-09-14T02:31:54.261+00:00,2026-09-14T02:36:48.198+00:00,2026-09-14T02:36:54.340+00:00,False,91,90.0,,90.0,293937.536491,300079.597547,300079.59755199996,3297.577995076923,0.0255,293937.536491,30805.878706511863,87.90440900000002,68.24512284444444,20.115633385191376,0.2999204235666297,4,64,,True,False,Request timeout: 300.0s exceeded,418,21.16838264042747
515,2026-09-14T02:31:57.485+00:00,2026-09-14T02:36:51.380+00:00,2026-09-14T02:36:57.507+00:00,False,88,87.0,,87.0,293895.63163300004,300022.79092900007,300022.790916,3409.349896772728,0.03481,293895.63163300004,31321.877944556705,89.11128434999999,70.42711834482759,19.33903129205635,0.2899779704422136,4,64,,True,False,Request timeout: 300.0s exceeded,383,21.16838264042747
516,2026-09-14T02:31:59.864+00:00,2026-09-14T02:36:53.714+00:00,2026-09-14T02:36:59.948+00:00,False,87,86.0,,86.0,293849.407223,300084.33663100004,300084.336559,3449.245247804598,0.02146,293849.407223,31496.19610501627,88.5852347,72.4991791627907,18.80570386290224,0.28658610097917325,4,64,,True,False,Request timeout: 300.0s exceeded,419,21.16838264042747
517,2026-09-14T02:32:02.846+00:00,2026-09-14T02:36:56.546+00:00,2026-09-14T02:37:02.862+00:00,False,90,89.0,,89.0,293700.240952,300016.18796,300016.18802500004,3333.513200277778,0.02164,293700.240952,30951.249509382764,88.93921395,70.96569671910113,19.7953669447823,0.2966506594366369,4,64,,True,False,Request timeout: 300.0s exceeded,464,21.16838264042747
518,2026-09-14T02:32:05.593+00:00,2026-09-14T02:36:58.758+00:00,2026-09-14T02:37:05.722+00:00,False,108,107.0,,107.0,293165.38994300005,300129.35999100003,300129.35993000004,2778.975554907408,0.03363,293165.38994300005,28203.597214671165,90.33406735,65.08383222429907,20.119441329632146,0.3565129382983677,4,64,,True,False,Request timeout: 300.0s exceeded,353,21.16838264042747
519,2026-09-14T02:32:08.725+00:00,2026-09-14T02:37:02.310+00:00,2026-09-14T02:37:08.794+00:00,False,107,106.0,,106.0,293584.87823000003,300069.463446,300069.463568,2804.3875099813085,0.0,293584.87823000003,28376.02148816273,89.1571747,61.1753322264151,28.411320517718654,0.3532515397691428,4,64,,True,False,Request timeout: 300.0s exceeded,273,21.16838264042747
520,2026-09-14T02:32:11.858+00:00,2026-09-14T02:37:06.941+00:00,2026-09-14T02:37:11.880+00:00,False,74,73.0,,73.0,295082.787953,300021.697393,300021.697422,4054.347262459459,0.0,295082.787953,34294.826171360895,88.02691214999999,67.65629369863014,30.891456905302515,0.24331573560953798,4,64,,True,False,Request timeout: 300.0s exceeded,328,21.16838264042747
521,2026-09-14T02:32:15.135+00:00,2026-09-14T02:37:08.797+00:00,2026-09-14T02:37:15.150+00:00,False,94,93.0,,93.0,293661.340106,300014.942922,300014.942908,3191.648328808511,0.04335,293661.340106,30281.81466549294,88.666555,68.31830984946237,20.134979596034313,0.30998455974967487,4,64,,True,False,Request timeout: 300.0s exceeded,495,21.16838264042747
522,2026-09-14T02:32:18.156+00:00,2026-09-14T02:37:11.877+00:00,2026-09-14T02:37:18.195+00:00,False,99,98.0,,98.0,293721.793731,300038.859971,300038.859832,3030.6955538585858,0.03655,293721.793731,29513.679279965083,88.46389,64.45985959183673,20.06782538840322,0.3266243579564064,4,64,,True,False,Request timeout: 300.0s exceeded,464,21.16838264042747
523,2026-09-14T02:32:20.671+00:00,2026-09-14T02:37:14.375+00:00,2026-09-14T02:37:20.724+00:00,False,99,98.0,,98.0,293703.58601200004,300052.424156,300052.42409700004,3030.832566636364,0.04046,293703.58601200004,29511.817026837252,89.68134169999999,64.78406269387754,20.471990124437873,0.32660959255922856,4,64,,True,False,Request timeout: 300.0s exceeded,277,21.16838264042747
524,2026-09-14T02:32:23.765+00:00,2026-09-14T02:37:17.769+00:00,2026-09-14T02:37:23.786+00:00,False,92,91.0,,91.0,294003.819871,300021.638751,300021.638884,3261.104770478261,0.02312,294003.819871,30645.12908668349,88.26039105,66.1298778021978,20.05125544555451,0.30331145572978,4,64,,True,False,Request timeout: 300.0s exceeded,178,21.16838264042747
525,2026-09-14T02:32:26.856+00:00,2026-09-14T02:37:20.332+00:00,2026-09-14T02:37:26.869+00:00,False,100,99.0,,99.0,293476.479717,300012.79843699996,300012.79837499995,3000.1279837499997,0.03524,293476.479717,29341.052432581226,88.64060395,66.02342141414141,20.081985901540715,0.3299859223198744,4,64,,True,False,Request timeout: 300.0s exceeded,457,21.16838264042747
526,2026-09-14T02:32:29.974+00:00,2026-09-14T02:37:23.692+00:00,2026-09-14T02:37:29.985+00:00,False,92,91.0,,91.0,293717.72253100004,300010.767011,300010.766903,3260.9865967717396,0.0241,293717.72253100004,30614.985922765405,88.30735905000002,69.15433494505494,19.83469312245439,0.3033224470795858,4,64,,True,False,Request timeout: 300.0s exceeded,438,21.16838264042747
527,2026-09-14T02:32:32.923+00:00,2026-09-14T02:37:26.740+00:00,2026-09-14T02:37:32.951+00:00,False,90,89.0,,89.0,293817.586292,300028.52875600004,300028.528637,3333.6503181888893,0.03939,293817.586292,30963.742777359374,87.4738249,69.78587038202247,19.186001357734213,0.2966384575794116,4,64,,True,False,Request timeout: 300.0s exceeded,461,21.16838264042747
528,2026-09-14T02:32:35.655+00:00,2026-09-14T02:37:29.291+00:00,2026-09-14T02:37:35.674+00:00,False,94,93.0,,93.0,293636.06174699997,300019.005235,300019.005059,3191.6915431808507,0.0366,293636.06174699997,30279.174086134462,87.51655665,68.63380094623656,18.918522078254334,0.3099803625012176,4,64,,True,False,Request timeout: 300.0s exceeded,294,21.16838264042747
529,2026-09-14T02:32:38.580+00:00,2026-09-14T02:37:32.329+00:00,2026-09-14T02:37:38.605+00:00,False,94,93.0,,93.0,293749.548476,300025.67314800003,300025.67324900004,3191.7624813723405,0.03805,293749.548476,30290.997939867797,87.51913815,67.48521152688173,19.121425041527402,0.3099734733504753,4,64,,True,False,Request timeout: 300.0s exceeded,372,21.16838264042747
530,2026-09-14T02:32:42.023+00:00,2026-09-14T02:37:35.881+00:00,2026-09-14T02:37:42.036+00:00,False,92,91.0,,91.0,293858.500189,300013.016157,300013.016294,3261.011046673913,0.02135,293858.500189,30629.821891380132,87.27696850000001,67.6320436043956,20.10870326421517,0.3033201731233512,4,64,,True,False,Request timeout: 300.0s exceeded,202,21.16838264042747
531,2026-09-14T02:32:45.274+00:00,2026-09-14T02:37:39.042+00:00,2026-09-14T02:37:45.322+00:00,False,91,90.0,,90.0,293767.690064,300047.707728,300047.707758,3297.22755778022,0.03818,293767.690064,30787.912753616223,88.6149135,69.77797404444445,19.283032000710705,0.2999522998575514,4,64,,True,False,Request timeout: 300.0s exceeded,453,21.16838264042747
532,2026-09-14T02:32:48.194+00:00,2026-09-14T02:37:41.816+00:00,2026-09-14T02:37:48.212+00:00,False,92,91.0,,91.0,293621.875499,300017.618219,300017.61818,3261.061067173913,0.019129999999999998,293621.875499,30604.87470737858,87.69051249999998,70.28288703296703,18.52148479741416,0.3033155204024515,4,64,,True,False,Request timeout: 300.0s exceeded,398,21.16838264042747
533,2026-09-14T02:32:51.705+00:00,2026-09-14T02:37:45.532+00:00,2026-09-14T02:37:51.798+00:00,False,94,93.0,,93.0,293826.634045,300092.746813,300092.74686,3192.476030425532,0.04112,293826.634045,30298.96013608373,88.04940665,67.37755664516129,19.63446896248381,0.3099041912464218,4,64,,True,False,Request timeout: 300.0s exceeded,448,21.16838264042747
534,2026-09-14T02:32:55.210+00:00,2026-09-14T02:37:48.977+00:00,2026-09-14T02:37:55.235+00:00,False,91,90.0,,90.0,293767.34915799997,300024.68803799996,300024.68812099996,3296.9745947362635,0.03939,293767.34915799997,30787.9039510782,89.7401655,69.52598755555555,20.103278143611693,0.2999753139934969,4,64,,True,False,Request timeout: 300.0s exceeded,372,21.16838264042747
535,2026-09-14T02:32:58.698+00:00,2026-09-14T02:37:52.214+00:00,2026-09-14T02:37:58.705+00:00,False,93,92.0,,92.0,293516.33096600004,300006.83131800004,300006.831276,3225.879906193549,0.023620000000000002,293516.33096600004,30428.916830402108,90.5688068,70.54891686956522,20.348226960638897,0.30665968370060953,4,64,,True,False,Request timeout: 300.0s exceeded,495,21.16838264042747
536,2026-09-14T02:33:01.508+00:00,2026-09-14T02:37:55.151+00:00,2026-09-14T02:38:01.550+00:00,False,91,90.0,,90.0,293643.210787,300041.562915,300041.56300200004,3297.160032989011,0.02159,293643.210787,30774.726496597625,90.62606349999999,71.09280142222222,20.144517018420824,0.2999584428424553,4,64,,True,False,Request timeout: 300.0s exceeded,317,21.16838264042747
537,2026-09-14T02:33:04.129+00:00,2026-09-14T02:37:57.755+00:00,2026-09-14T02:38:04.196+00:00,False,92,91.0,,91.0,293626.506849,300067.066465,300067.066636,3261.5985503913043,0.03548,293626.506849,30605.30680436901,89.69022154999999,70.7753803956044,19.48498587656675,0.3032655368416257,4,64,,True,False,Request timeout: 300.0s exceeded,461,21.16838264042747
538,2026-09-14T02:33:06.720+00:00,2026-09-14T02:38:00.518+00:00,2026-09-14T02:38:06.735+00:00,False,92,91.0,,91.0,293797.563317,300014.72606899997,300014.726094,3261.0296314565217,0.02119,293797.563317,30623.397028445685,89.11317064999999,68.3204698021978,20.134899857303562,0.3033184443721974,4,64,,True,False,Request timeout: 300.0s exceeded,320,21.16838264042747
539,2026-09-14T02:33:10.776+00:00,2026-09-14T02:38:04.191+00:00,2026-09-14T02:38:12.785+00:00,False,84,83.0,,83.0,293414.614673,302008.273809,302008.273695,3595.336591607143,0.08795,293414.614673,32004.509439554375,90.74461875000001,103.53806187951808,326.68611865676615,0.27482690773065355,4,64,,True,False,Request timeout: 300.0s exceeded,312,21.16838264042747
540,2026-09-14T02:33:14.361+00:00,2026-09-14T02:38:07.945+00:00,2026-09-14T02:38:14.437+00:00,False,106,105.0,,105.0,293583.739014,300075.92999,300075.929992,2830.904999924528,0.015300000000000001,293583.739014,28510.901682195472,90.53103975,61.83039024761905,297.13810123391954,0.34991143742685105,4,64,,True,False,Request timeout: 300.0s exceeded,452,21.16838264042747
541,2026-09-14T02:33:16.645+00:00,2026-09-14T02:38:12.783+00:00,2026-09-14T02:38:16.681+00:00,False,114,113.0,,113.0,296137.400532,300036.295892,300036.295933,2631.897332745614,0.01469,296137.400532,27732.602206375577,87.05072515,34.50349876106194,37.39844223069298,0.3766211006706838,4,64,,True,False,Request timeout: 300.0s exceeded,170,21.16838264042747
542,2026-09-14T02:33:20.540+00:00,2026-09-14T02:38:14.241+00:00,2026-09-14T02:38:20.602+00:00,False,98,97.0,,97.0,293701.130633,300061.455497,300061.455469,3061.8515864183673,0.02275,293701.130633,29661.676994953796,87.06720750000001,65.57035942268041,19.210573756810224,0.32326711152999055,4,64,,True,False,Request timeout: 300.0s exceeded,454,21.16838264042747
543,2026-09-14T02:33:23.245+00:00,2026-09-14T02:38:16.679+00:00,2026-09-14T02:38:23.307+00:00,False,97,96.0,,96.0,293433.979445,300061.470517,300061.470557,3093.4172222371135,0.02123,293433.979445,29786.70328496692,88.1731258,69.03636533333332,19.46069489661889,0.3199344448808902,4,64,,True,False,Request timeout: 300.0s exceeded,128,21.16838264042747
544,2026-09-14T02:33:27.253+00:00,2026-09-14T02:38:21.023+00:00,2026-09-14T02:38:27.335+00:00,False,96,95.0,,95.0,293769.599695,300081.949391,300081.949363,3125.8536391979164,0.02914,293769.599695,29975.959328225894,89.055694,66.4457862736842,20.15787946117186,0.3165801881545936,4,64,,True,False,Request timeout: 300.0s exceeded,379,21.16838264042747
545,2026-09-14T02:33:30.881+00:00,2026-09-14T02:38:24.673+00:00,2026-09-14T02:38:30.914+00:00,False,99,98.0,,98.0,293792.220166,300033.300742,300033.300704,3030.639401050505,0.040310000000000006,293792.220166,29520.835381082863,87.11451290000001,63.684495673469385,20.14615770679624,0.3266304098833037,4,64,,True,False,Request timeout: 300.0s exceeded,333,21.16838264042747
546,2026-09-14T02:33:34.099+00:00,2026-09-14T02:38:27.627+00:00,2026-09-14T02:38:34.159+00:00,False,99,98.0,,98.0,293527.898352,300059.630832,300059.630666,3030.9053602626263,0.033979999999999996,293527.898352,29493.97236626478,88.36643459999999,66.65033142857142,20.72704215073296,0.32660174822007,4,64,,True,False,Request timeout: 300.0s exceeded,479,21.16838264042747
547,2026-09-14T02:33:38.137+00:00,2026-09-14T02:38:31.512+00:00,2026-09-14T02:38:38.157+00:00,False,96,95.0,,95.0,293374.84242299997,300020.027447,300020.02739799995,3125.208618729166,0.02462,293374.84242299997,29935.311756726118,89.50209075,69.94931604210525,19.76722052047076,0.31664552799490103,4,64,,True,False,Request timeout: 300.0s exceeded,313,21.16838264042747
548,2026-09-14T02:33:42.129+00:00,2026-09-14T02:38:35.640+00:00,2026-09-14T02:38:42.163+00:00,False,96,95.0,,95.0,293510.789324,300033.706956,300033.706996,3125.351114541667,0.03566,293510.789324,29949.31808417293,88.78169275,68.66229086315789,19.693036552047605,0.31663109109914694,4,64,,True,False,Request timeout: 300.0s exceeded,439,21.16838264042747
549,2026-09-14T02:33:44.566+00:00,2026-09-14T02:38:38.403+00:00,2026-09-14T02:38:44.613+00:00,False,95,94.0,,94.0,293836.783016,300047.50532,300047.505507,3158.3947948105265,0.02177,293836.783016,30140.245710285802,86.0331173,66.07151387234043,20.14819121729681,0.3132837245213861,4,64,,True,False,Request timeout: 300.0s exceeded,270,21.16838264042747
550,2026-09-14T02:33:47.513+00:00,2026-09-14T02:38:40.854+00:00,2026-09-14T02:38:47.592+00:00,False,105,104.0,,104.0,293340.179582,300078.675838,300078.67603100004,2857.8921526761906,0.0421,293340.179582,28620.754346839967,87.7470682,64.79323323076923,20.475657046650962,0.3465757762012562,4,64,,True,False,Request timeout: 300.0s exceeded,450,21.16838264042747
551,2026-09-14T02:33:50.225+00:00,2026-09-14T02:38:43.807+00:00,2026-09-14T02:38:50.268+00:00,False,100,99.0,,99.0,293582.40704,300042.934912,300042.934904,3000.42934904,0.03737,293582.40704,29351.721565671676,87.48741000000001,65.25785729292929,19.85463998466736,0.32995277835499054,4,64,,True,False,Request timeout: 300.0s exceeded,438,21.16838264042747
552,2026-09-14T02:33:52.576+00:00,2026-09-14T02:38:46.058+00:00,2026-09-14T02:38:52.658+00:00,False,100,99.0,,99.0,293482.45701899996,300082.40991499997,300082.40973899997,3000.8240973899997,0.036789999999999996,293482.45701899996,29341.585682031888,87.53126344999998,66.66619086868687,19.77888242215728,0.3299093739884397,4,64,,True,False,Request timeout: 300.0s exceeded,444,21.16838264042747
553,2026-09-14T02:33:54.900+00:00,2026-09-14T02:38:48.604+00:00,2026-09-14T02:38:54.928+00:00,False,94,93.0,,93.0,293703.166553,300028.118617,300028.118564,3191.788495361702,0.05811,293703.166553,30286.160245164283,89.22883099999999,68.01023724731184,19.730587960336912,0.3099709468188842,4,64,,True,False,Request timeout: 300.0s exceeded,466,21.16838264042747
554,2026-09-14T02:33:58.840+00:00,2026-09-14T02:38:52.400+00:00,2026-09-14T02:38:58.872+00:00,False,97,96.0,,96.0,293559.857194,300032.355626,300032.355523,3093.1170672474227,0.02234,293559.857194,29799.64872150401,87.5332792,67.42185866666667,20.311458761256812,0.3199654910541285,4,64,,True,False,Request timeout: 300.0s exceeded,471,21.16838264042747
555,2026-09-14T02:34:02.704+00:00,2026-09-14T02:38:56.378+00:00,2026-09-14T02:39:02.774+00:00,False,94,93.0,,93.0,293674.037892,300069.738628,300069.738783,3192.231263648936,0.03879,293674.037892,30283.07738975599,88.57710715000002,68.77097565591397,19.731101969505026,0.30992795349914704,4,64,,True,False,Request timeout: 300.0s exceeded,310,21.16838264042747
556,2026-09-14T02:34:06.374+00:00,2026-09-14T02:38:59.923+00:00,2026-09-14T02:39:06.430+00:00,False,97,96.0,,96.0,293549.32618300006,300055.81655100005,300055.81632100005,3093.3589311443307,0.02143,293549.32618300006,29798.543204544527,87.9652546,67.77594133333332,19.856355116935948,0.3199404734208277,4,64,,True,False,Request timeout: 300.0s exceeded,444,21.16838264042747
557,2026-09-14T02:34:08.784+00:00,2026-09-14T02:39:02.266+00:00,2026-09-14T02:39:08.813+00:00,False,101,100.0,,100.0,293482.006176,300029.184672,300029.184657,2970.5859867029703,0.02564,293482.006176,29196.043578347388,90.14278900000001,65.47178496000001,20.58487048059438,0.33330090907430454,4,64,,True,False,Request timeout: 300.0s exceeded,133,21.16838264042747
558,2026-09-14T02:34:11.424+00:00,2026-09-14T02:39:05.027+00:00,2026-09-14T02:39:11.482+00:00,False,99,98.0,,98.0,293602.993768,300058.025576,300058.025524,3030.8891467070707,0.03483,293602.993768,29501.59860194936,90.05285389999999,65.86767151020409,21.018501246517545,0.32660349548017054,4,64,,True,False,Request timeout: 300.0s exceeded,524,21.16838264042747
559,2026-09-14T02:34:14.309+00:00,2026-09-14T02:39:07.720+00:00,2026-09-14T02:39:14.334+00:00,False,99,98.0,,98.0,293411.008592,300025.114704,300025.114823,3030.5567153838383,0.03459,293411.008592,29482.1392557924,87.6785479,67.49087869387755,19.586258069540502,0.32663932183372457,4,64,,True,False,Request timeout: 300.0s exceeded,508,21.16838264042747
560,2026-09-14T02:34:18.223+00:00,2026-09-14T02:39:11.869+00:00,2026-09-14T02:39:18.281+00:00,False,95,94.0,,94.0,293645.767755,300058.264907,300058.264952,3158.5080521263158,0.04329,293645.767755,30120.427568332983,87.4573747,68.21805480851063,19.899197924273302,0.3132724906915473,4,64,,True,False,Request timeout: 300.0s exceeded,431,21.16838264042747
561,2026-09-14T02:34:22.000+00:00,2026-09-14T02:39:15.834+00:00,2026-09-14T02:39:22.097+00:00,False,91,90.0,,90.0,293834.292756,300097.401364,300097.401577,3297.773643703297,0.038738999999999996,293834.292756,30794.914369555026,87.408636,69.59009564444445,19.384989319551625,0.29990263024915514,4,64,,True,False,Request timeout: 300.0s exceeded,199,21.16838264042747
562,2026-09-14T02:34:24.327+00:00,2026-09-14T02:39:18.194+00:00,2026-09-14T02:39:24.378+00:00,False,90,89.0,,89.0,293866.86693699996,300051.47852099995,300051.4783339999,3333.9053148222215,0.03588,293866.86693699996,30968.968485737645,87.15780799999999,69.49001779775281,19.001654955597285,0.2966157688630455,4,64,,True,False,Request timeout: 300.0s exceeded,299,21.16838264042747
563,2026-09-14T02:34:28.123+00:00,2026-09-14T02:39:21.933+00:00,2026-09-14T02:39:28.133+00:00,False,91,90.0,,90.0,293809.737567,300009.955935,300009.95577099995,3296.8127007802195,0.03536,293809.737567,30792.414051446543,89.105597,68.89131520000001,20.190831390779927,0.2999900443953912,4,64,,True,False,Request timeout: 300.0s exceeded,557,21.16838264042747
564,2026-09-14T02:34:31.479+00:00,2026-09-14T02:39:25.027+00:00,2026-09-14T02:39:31.508+00:00,False,97,96.0,,96.0,293548.466297,300028.740217,300028.74004,3093.079794226804,0.02417,293548.466297,29798.483925771896,88.686765,67.50285333333333,20.30854506710664,0.31996934670514116,4,64,,True,False,Request timeout: 300.0s exceeded,461,21.16838264042747
565,2026-09-14T02:34:35.451+00:00,2026-09-14T02:39:28.792+00:00,2026-09-14T02:39:35.475+00:00,False,111,110.0,,110.0,293341.300362,300024.60481,300024.604837,2702.924367900901,0.02574,293341.300362,27836.964146250055,86.5646875,60.75731316363636,19.69363578310203,0.36663659658733977,4,64,,True,False,Request timeout: 300.0s exceeded,458,21.16838264042747
566,2026-09-14T02:34:37.869+00:00,2026-09-14T02:39:31.116+00:00,2026-09-14T02:39:37.925+00:00,False,134,133.0,,133.0,293247.256728,300056.614552,300056.614538,2239.2284667014924,0.02071,293247.256728,25328.294198235322,87.39389680000001,51.19817912781954,25.20787017808606,0.44324968539212456,4,64,,True,False,Request timeout: 300.0s exceeded,627,21.16838264042747
0,2026-09-14T02:04:40.881+00:00,2026-09-14T02:04:41.077+00:00,2026-09-14T02:04:54.373+00:00,True,244,244.0,,244.0,196.675456,13492.31168,13492.311757,55.296359659836064,0.023620000000000002,196.675456,22.380940987817045,95.0785471,54.71455236213992,20.494901602978246,18.084373218392773,5,64,,False,True,,983,21.16838264042747
1,2026-09-14T02:04:46.314+00:00,2026-09-14T02:04:46.550+00:00,2026-09-14T02:05:02.824+00:00,True,258,258.0,,258.0,235.82639300000002,16510.000857,16510.00093,63.99225166666667,35.879127,235.82639300000002,24.13745581465468,96.0897125,63.32363604669261,21.658809953349525,15.626891981087438,5,64,,False,True,,1328,21.16838264042747
2,2026-09-14T02:04:50.499+00:00,2026-09-14T02:04:55.114+00:00,2026-09-14T02:05:08.969+00:00,True,213,213.0,,213.0,4614.8848849999995,18470.013461,18470.013677,86.71367923474178,39.991245,4614.8848849999995,312.4670222101245,94.45570499999998,65.3543800754717,21.518507710978323,11.532205997020851,5,64,,False,True,,955,21.16838264042747
3,2026-09-14T02:04:53.657+00:00,2026-09-14T02:05:00.151+00:00,2026-09-14T02:05:08.286+00:00,True,127,127.0,,127.0,6494.472304,14629.157488,14629.157402,115.19021576377952,38.352739,6494.472304,570.9697363717694,93.8612016,64.56099352380953,21.65057070268425,8.681292829349571,5,64,,False,True,,547,21.16838264042747
4,2026-09-14T02:04:57.728+00:00,2026-09-14T02:05:08.285+00:00,2026-09-14T02:05:26.514+00:00,True,275,275.0,,275.0,10557.213022,28786.600798,28786.600855,104.67854856363637,16.888105,10557.213022,632.9962464448481,94.12140299999999,66.53061232116788,22.094068100827503,9.553055670925417,5,64,,False,True,,617,21.16838264042747
5,2026-09-14T02:05:00.962+00:00,2026-09-14T02:05:13.564+00:00,2026-09-14T02:05:28.698+00:00,True,225,225.0,,225.0,12602.566602,27736.280522,27736.280531,123.27235791555556,16.783914,12602.566602,835.9630047360807,94.04518200000001,67.56122285714285,22.293201242799867,8.112118703931243,5,64,,False,True,,782,21.16838264042747
6,2026-09-14T02:05:04.217+00:00,2026-09-14T02:05:18.791+00:00,2026-09-14T02:05:34.628+00:00,True,237,237.0,,237.0,14574.681967,30411.133295,30411.133143,128.31701748101267,40.666434,14574.681967,942.6194300491519,94.940726,67.1036073220339,21.795612052525072,7.793198553339214,5,64,,False,True,,1117,21.16838264042747
7,2026-09-14T02:05:08.496+00:00,2026-09-14T02:05:27.007+00:00,2026-09-14T02:05:40.381+00:00,True,203,203.0,,203.0,18510.988739999997,31885.444291999996,31885.444356999997,157.07115446798028,0.01821,18510.988739999997,1294.8572963061838,97.0279081,66.210176,27.35874584888944,6.366541364171374,5,64,,False,True,,840,21.16838264042747
8,2026-09-14T02:05:12.170+00:00,2026-09-14T02:05:33.798+00:00,2026-09-14T02:05:44.013+00:00,True,158,158.0,,158.0,21627.976473000002,31843.151385000005,31843.151286000004,201.53893218987344,0.01718,21627.976473000002,1715.7043182372836,96.45228934999999,65.06480835668789,29.45066759726604,4.961820458336523,5,64,,False,True,,723,21.16838264042747
9,2026-09-14T02:05:15.953+00:00,2026-09-14T02:05:40.754+00:00,2026-09-14T02:05:54.698+00:00,True,210,210.0,,210.0,24801.000765999997,38745.312062,38745.312212,184.5014867238095,39.261088,24801.000765999997,1706.9729818129101,96.00684489999999,66.71919280382775,22.33254994811708,5.420010546410347,5,64,,False,True,,1079,21.16838264042747
10,2026-09-14T02:05:19.325+00:00,2026-09-14T02:05:45.332+00:00,2026-09-14T02:05:53.818+00:00,True,131,131.0,,131.0,26007.138574,34492.449038,34492.449013,263.3011375038168,42.179901,26007.138574,2266.6525492380515,95.3740135,65.27161895384616,21.49194780374355,3.797932696970243,5,64,,False,True,,253,21.16838264042747
11,2026-09-14T02:05:22.508+00:00,2026-09-14T02:05:50.800+00:00,2026-09-14T02:06:04.562+00:00,True,205,205.0,,205.0,28292.002192,42053.745296,42053.745182,205.1402204,37.349642,28292.002192,1971.4116175403392,95.839536,67.45952501960784,22.16977016669752,4.8747144530667725,5,64,,False,True,,626,21.16838264042747
12,2026-09-14T02:05:26.670+00:00,2026-09-14T02:05:59.302+00:00,2026-09-14T02:06:13.648+00:00,True,213,213.0,,213.0,32632.175465999997,46977.831018,46977.831115999994,220.5531977276995,37.9945,32632.175465999997,2231.390498288283,95.1326482,67.66818656603773,21.92669672524316,4.5340535181027635,5,64,,False,True,,917,21.16838264042747
13,2026-09-14T02:05:31.758+00:00,2026-09-14T02:06:07.328+00:00,2026-09-14T02:06:21.221+00:00,True,208,208.0,,208.0,35569.34359700001,49462.49815700001,49462.498342000006,237.80047279807695,40.976184,35569.34359700001,2461.7313547834087,93.92033785,67.11668869565217,21.6593744677503,4.205206120802524,5,64,,False,True,,897,21.16838264042747
14,2026-09-14T02:05:36.137+00:00,2026-09-14T02:06:15.614+00:00,2026-09-14T02:06:26.667+00:00,True,167,167.0,,167.0,39476.412135,50529.458151,50529.457964,302.5716045748503,12.429884,39476.412135,3049.710148501178,93.9651726,66.58461455421687,22.990355558308433,3.3050027867099736,5,64,,False,True,,760,21.16838264042747
15,2026-09-14T02:05:41.157+00:00,2026-09-14T02:06:24.090+00:00,2026-09-14T02:06:36.552+00:00,True,191,191.0,,191.0,42933.473162,55394.67073,55394.670863,290.02445478010475,0.016329999999999997,42933.473162,3102.005866240418,95.735598,65.58525035789474,34.81588414125734,3.44798511270075,5,64,,False,True,,842,21.16838264042747
16,2026-09-14T02:05:44.766+00:00,2026-09-14T02:06:30.429+00:00,2026-09-14T02:06:42.773+00:00,True,185,185.0,,185.0,45662.407911,58007.079399,58007.079348,313.55178025945946,0.01677,45662.407911,3352.412910350598,95.267136,67.09060591304348,34.690073706555516,3.189265895072615,5,64,,False,True,,864,21.16838264042747
17,2026-09-14T02:05:50.058+00:00,2026-09-14T02:06:40.204+00:00,2026-09-14T02:06:47.794+00:00,True,114,114.0,,114.0,50145.881234,57736.659858,57736.65994,506.4619292982456,9.5946,50145.881234,4690.357359242241,93.69050714999999,67.17503207079646,23.183731558659847,1.9744820756929213,5,64,,False,True,,551,21.16838264042747
18,2026-09-14T02:05:54.198+00:00,2026-09-14T02:06:46.432+00:00,2026-09-14T02:06:55.433+00:00,True,138,138.0,,138.0,52234.474811,61235.728699,61235.728529,443.7371632536232,11.641855,52234.474811,4440.962398018798,94.97431735,65.7025831240876,23.474940751724162,2.253586311976942,5,64,,False,True,,577,21.16838264042747
19,2026-09-14T02:05:58.161+00:00,2026-09-14T02:06:54.151+00:00,2026-09-14T02:07:11.882+00:00,True,262,262.0,,262.0,55990.256718000004,73720.99847800001,73720.99837100001,281.3778563778626,0.0,55990.256718000004,3454.987574533311,95.41084700000002,67.93387647509577,25.66100297733477,3.5539399276881287,5,64,,False,True,,1311,21.16838264042747
20,2026-09-14T02:06:02.501+00:00,2026-09-14T02:07:01.322+00:00,2026-09-14T02:07:17.359+00:00,True,241,241.0,,241.0,58820.905355999996,74857.7243,74857.72429499999,310.61296387966803,0.0,58820.905355999996,3784.773315033515,96.35776700000001,66.82007893333333,26.152299788714256,3.2194406422798507,5,64,,False,True,,1063,21.16838264042747
21,2026-09-14T02:06:06.679+00:00,2026-09-14T02:07:08.714+00:00,2026-09-14T02:07:17.774+00:00,True,132,132.0,,132.0,62034.975997,71095.415293,71095.415082,538.601629409091,38.920078000000004,62034.975997,5393.4848458453835,97.87376809999999,69.1636587480916,24.03951927272122,1.8566598064867992,5,64,,False,True,,563,21.16838264042747
22,2026-09-14T02:06:10.419+00:00,2026-09-14T02:07:15.262+00:00,2026-09-14T02:07:31.168+00:00,True,242,242.0,,242.0,64842.084418,80748.384066,80748.383932,333.67100798347104,0.01829,64842.084418,4164.1351676375325,95.69853365,66.0012433526971,37.79747424316709,2.99696399871235,5,64,,False,True,,1234,21.16838264042747
23,2026-09-14T02:06:13.531+00:00,2026-09-14T02:07:21.201+00:00,2026-09-14T02:07:36.256+00:00,True,228,228.0,,228.0,67670.971515,82725.957243,82725.957067,362.83314503070176,0.01781,67670.971515,4477.391064029939,95.42066349999999,66.32152303083701,38.376452830949624,2.75608778185873,5,64,,False,True,,1081,21.16838264042747
24,2026-09-14T02:06:17.058+00:00,2026-09-14T02:07:27.529+00:00,2026-09-14T02:07:38.218+00:00,True,164,164.0,,164.0,70471.56414,81160.086636,81160.086629,494.8785770060976,0.01724,70471.56414,5497.957667550286,94.10041700000002,65.57375764417178,43.809838324884126,2.020697695106388,5,64,,False,True,,728,21.16838264042747
25,2026-09-14T02:06:20.981+00:00,2026-09-14T02:07:33.828+00:00,2026-09-14T02:07:48.327+00:00,True,226,226.0,,226.0,72847.33704000001,87346.33531200001,87346.33522600001,386.4882089646018,39.311207,72847.33704000001,4841.491551787215,92.74803425,64.43999232,20.980424986011595,2.5874010534355087,5,64,,False,True,,310,21.16838264042747
26,2026-09-14T02:06:24.429+00:00,2026-09-14T02:07:39.972+00:00,2026-09-14T02:07:56.155+00:00,True,250,250.0,,250.0,75543.71643700001,91725.953877,91725.95381100001,366.90381524400004,0.0,75543.71643700001,4773.7550305371815,93.28876895000002,64.98890538152611,24.211701964533695,2.725509950381521,5,64,,False,True,,1219,21.16838264042747
27,2026-09-14T02:06:29.114+00:00,2026-09-14T02:07:48.466+00:00,2026-09-14T02:07:56.953+00:00,True,129,129.0,,129.0,79352.29651,87838.541118,87838.541047,680.9189228449612,0.0,79352.29651,6980.792755219899,93.16711920000002,66.298786,26.498329884408456,1.4686036261315494,5,64,,False,True,,638,21.16838264042747
28,2026-09-14T02:06:32.612+00:00,2026-09-14T02:07:54.842+00:00,2026-09-14T02:08:03.864+00:00,True,135,135.0,,135.0,82229.871765,91252.316821,91252.31689100001,675.9430880814815,40.215925000000006,82229.871765,7071.457728646265,95.1315848,67.33167952238806,21.41543386714257,1.4794144927280608,5,64,,False,True,,479,21.16838264042747
29,2026-09-14T02:06:36.491+00:00,2026-09-14T02:07:59.763+00:00,2026-09-14T02:08:16.656+00:00,True,260,260.0,,260.0,83272.822008,100165.829624,100165.829431,385.2531901192308,0.0,83272.822008,5160.37901872338,96.44348705000002,65.22396762934363,25.517885215178772,2.5956955677997327,5,64,,False,True,,1273,21.16838264042747
30,2026-09-14T02:06:40.335+00:00,2026-09-14T02:08:07.632+00:00,2026-09-14T02:08:17.370+00:00,True,152,152.0,,152.0,87297.161903,97034.424751,97034.424757,638.3843734013158,0.0,87297.161903,7075.558721941429,95.75009205,64.48518442384106,27.819705203078133,1.566454383483461,5,64,,False,True,,582,21.16838264042747
31,2026-09-14T02:06:45.543+00:00,2026-09-14T02:08:16.961+00:00,2026-09-14T02:08:31.342+00:00,True,216,216.0,,216.0,91417.48105500001,105798.08572700001,105798.08564300001,489.80595205092595,0.016300000000000002,91417.48105500001,6215.795411977687,96.10062225,66.88653335813953,46.71601134922501,2.0416248414679594,5,64,,False,True,,768,21.16838264042747
32,2026-09-14T02:06:48.782+00:00,2026-09-14T02:08:23.184+00:00,2026-09-14T02:08:35.379+00:00,True,182,182.0,,182.0,94401.901471,106597.096607,106597.09663500001,585.6983331593407,40.599114,94401.901471,6992.575124078038,95.852275,67.37676870718232,22.16233430379673,1.7073635754920595,5,64,,False,True,,386,21.16838264042747
33,2026-09-14T02:06:51.991+00:00,2026-09-14T02:08:29.282+00:00,2026-09-14T02:08:46.788+00:00,True,260,260.0,,260.0,97290.582802,114796.486162,114796.486175,441.5249468269231,0.0,97290.582802,6029.5638298995,95.89153545,67.59036046332047,24.552959434455957,2.2648776865268316,5,64,,False,True,,910,21.16838264042747
34,2026-09-14T02:06:55.890+00:00,2026-09-14T02:08:35.695+00:00,2026-09-14T02:08:50.449+00:00,True,224,224.0,,224.0,99805.296102,114558.949862,114558.949805,511.4238830580357,0.0,99805.296102,6664.14730417054,95.00006035,66.15988233183856,24.803272980059866,1.9553251864636931,5,64,,False,True,,1071,21.16838264042747
35,2026-09-14T02:06:59.225+00:00,2026-09-14T02:08:42.116+00:00,2026-09-14T02:08:52.873+00:00,True,163,163.0,,163.0,102890.60646699999,113647.93229099999,113647.93219699999,697.2265778957054,41.277882,102890.60646699999,8053.844875230842,95.77641520000002,66.40324582716049,22.669221409187855,1.4342539869764819,5,64,,False,True,,217,21.16838264042747
36,2026-09-14T02:07:02.476+00:00,2026-09-14T02:08:47.598+00:00,2026-09-14T02:08:58.011+00:00,True,157,157.0,,157.0,105121.68776700001,115534.82747900001,115534.82748900002,735.8906209490447,40.220845000000004,105121.68776700001,8384.324315154905,94.744982,66.75089558974359,21.57794531009302,1.3588976019247254,5,64,,False,True,,801,21.16838264042747
37,2026-09-14T02:07:07.582+00:00,2026-09-14T02:08:57.057+00:00,2026-09-14T02:09:12.432+00:00,True,236,236.0,,236.0,109475.239809,124850.87424100001,124850.874286,529.0291283305085,0.0,109475.239809,7122.026563764301,96.05211175000001,65.42823162553191,27.90976965886947,1.890255085794982,5,64,,False,True,,1042,21.16838264042747
38,2026-09-14T02:07:11.665+00:00,2026-09-14T02:09:03.843+00:00,2026-09-14T02:09:20.308+00:00,True,248,248.0,,248.0,112177.873146,128642.522618,128642.522684,518.7198495322581,0.016739999999999998,112177.873146,7119.25753063384,97.01378434999998,66.65849988663967,51.881715907272444,1.9278228920963274,5,64,,False,True,,937,21.16838264042747
39,2026-09-14T02:07:15.849+00:00,2026-09-14T02:09:11.736+00:00,2026-09-14T02:09:25.919+00:00,True,210,210.0,,210.0,115886.61945,130069.84376999999,130069.843936,619.3802092190476,0.0,115886.61945,7992.446223724409,97.49703294999999,67.86231732057416,55.630609726106606,1.6145172002461918,5,64,,False,True,,932,21.16838264042747
40,2026-09-14T02:07:18.945+00:00,2026-09-14T02:09:17.080+00:00,2026-09-14T02:09:23.556+00:00,True,100,100.0,,100.0,118135.317907,124610.771091,124610.771191,1246.10771191,0.0,118135.317907,11807.283594760454,97.78828585,65.40861802020201,83.55606729974801,0.8024988460024263,5,64,,False,True,,503,21.16838264042747
41,2026-09-14T02:07:23.175+00:00,2026-09-14T02:09:24.608+00:00,2026-09-14T02:09:41.109+00:00,True,251,251.0,,251.0,121432.929929,137934.10010500002,137934.100218,549.5382478804781,37.84207,121432.929929,7660.643374369196,96.52764599999999,66.00468070400001,21.830438595900038,1.8197095555698732,5,64,,False,True,,1201,21.16838264042747
42,2026-09-14T02:07:26.738+00:00,2026-09-14T02:09:29.973+00:00,2026-09-14T02:09:39.946+00:00,True,154,154.0,,154.0,123234.518079,133207.783743,133207.783576,864.9856076363636,40.828433,123234.518079,9925.290679313095,94.5582843,65.18474290196079,21.41541717100308,1.156088598374362,5,64,,False,True,,579,21.16838264042747
43,2026-09-14T02:07:30.053+00:00,2026-09-14T02:09:36.626+00:00,2026-09-14T02:09:48.000+00:00,True,173,173.0,,173.0,126573.406705,137947.282673,137947.282623,797.3831365491329,0.0,126573.406705,9618.22222559129,95.5874396,66.12718586046512,31.68003874971995,1.2541022675313687,5,64,,False,True,,680,21.16838264042747
44,2026-09-14T02:07:35.370+00:00,2026-09-14T02:09:46.028+00:00,2026-09-14T02:09:59.586+00:00,True,204,204.0,,204.0,130658.194331,144216.778907,144216.779006,706.944995127451,34.166218,130658.194331,9143.253153148722,94.8274555,66.79105702463053,21.898869908461627,1.4145372095125768,5,64,,False,True,,941,21.16838264042747
45,2026-09-14T02:07:38.647+00:00,2026-09-14T02:09:51.707+00:00,2026-09-14T02:10:11.801+00:00,True,296,296.0,,296.0,133059.428405,153153.81202100002,153153.81195700003,517.4115268817568,0.0,133059.428405,7730.010369933554,94.41831524999999,68.11655463050847,27.111157072378912,1.9326975678503733,5,64,,False,True,,1360,21.16838264042747
46,2026-09-14T02:07:43.133+00:00,2026-09-14T02:09:59.592+00:00,2026-09-14T02:10:08.619+00:00,True,136,136.0,,136.0,136458.946391,145485.887831,145485.887966,1069.7491762205882,40.542394,136458.946391,11695.543675352355,95.48866549999998,66.86623288888889,21.320654559724336,0.9347985706901067,5,64,,False,True,,675,21.16838264042747
47,2026-09-14T02:07:48.378+00:00,2026-09-14T02:10:09.666+00:00,2026-09-14T02:10:20.717+00:00,True,169,169.0,,169.0,141288.652894,152339.42563,152339.425605,901.416719556213,0.0,141288.652894,10863.562292110613,96.57264439999999,65.77840914285714,75.99874284178314,1.1093648233285647,5,64,,False,True,,770,21.16838264042747
48,2026-09-14T02:07:52.840+00:00,2026-09-14T02:10:16.561+00:00,2026-09-14T02:10:25.060+00:00,True,134,134.0,,134.0,143720.52667300001,152219.79528100003,152219.795243,1135.9686212164181,0.01542,143720.52667300001,12410.310726578075,96.49984264999999,63.9042752481203,81.97489203421193,0.8803060058820471,5,64,,False,True,,501,21.16838264042747
49,2026-09-14T02:07:56.922+00:00,2026-09-14T02:10:24.310+00:00,2026-09-14T02:10:38.576+00:00,True,214,214.0,,214.0,147388.652421,161654.497669,161654.49760200002,755.3948486074767,39.358477,147388.652421,10070.725050055255,95.23940999999999,66.97579928638498,21.36741998864722,1.3238109863060008,5,64,,False,True,,920,21.16838264042747
50,2026-09-14T02:08:00.740+00:00,2026-09-14T02:10:31.193+00:00,2026-09-14T02:10:43.353+00:00,True,182,182.0,,182.0,150452.792404,162613.60034,162613.600451,893.4813211593407,0.0,150452.792404,11147.37441160924,95.77042555,67.18678417679558,34.035293847840606,1.119217578477237,5,64,,False,True,,858,21.16838264042747
51,2026-09-14T02:08:05.284+00:00,2026-09-14T02:10:38.804+00:00,2026-09-14T02:10:52.790+00:00,True,213,213.0,,213.0,153519.764111,167506.198415,167506.198392,786.4140769577465,0.0,153519.764111,10514.530487514268,96.135657,65.97374671698114,32.51052745739644,1.2715947350932542,5,64,,False,True,,912,21.16838264042747
52,2026-09-14T02:08:09.202+00:00,2026-09-14T02:10:46.303+00:00,2026-09-14T02:10:57.785+00:00,True,174,174.0,,174.0,157101.439499,168583.353099,168583.35303,968.869845,0.03539,157101.439499,11904.819166880408,94.08121865,66.36944277456647,22.547342598996913,1.0321303782457043,5,64,,False,True,,685,21.16838264042747
53,2026-09-14T02:08:12.867+00:00,2026-09-14T02:10:53.109+00:00,2026-09-14T02:11:11.563+00:00,True,281,281.0,,281.0,160241.65218399998,178695.72552799998,178695.72549399998,635.927848733096,0.0,160241.65218399998,9555.330006322854,92.705815,65.9074048,29.757790789332415,1.5725054372157878,5,64,,False,True,,1313,21.16838264042747
54,2026-09-14T02:08:17.596+00:00,2026-09-14T02:11:00.611+00:00,2026-09-14T02:11:10.979+00:00,True,157,157.0,,157.0,163014.56375600002,173382.799276,173382.79932000002,1104.3490402547773,0.0,163014.56375600002,13004.722655950873,93.88886859999998,66.4630482051282,35.61431076515163,0.9055108156956159,5,64,,False,True,,705,21.16838264042747
55,2026-09-14T02:08:22.940+00:00,2026-09-14T02:11:09.418+00:00,2026-09-14T02:11:23.407+00:00,True,213,213.0,,213.0,166477.900343,180466.84651899998,180466.846451,847.262189910798,0.0,166477.900343,11402.40394263246,95.7110886,65.98559516981132,32.96458971475695,1.1802721890947148,5,64,,False,True,,983,21.16838264042747
56,2026-09-14T02:08:27.058+00:00,2026-09-14T02:11:17.338+00:00,2026-09-14T02:11:32.256+00:00,True,225,225.0,,225.0,170279.966675,185198.663891,185198.663964,823.1051731733334,0.03349,170279.966675,11347.770947375937,97.380295,66.60132685714285,69.72555738716916,1.214911572647335,5,64,,False,True,,999,21.16838264042747
57,2026-09-14T02:08:30.163+00:00,2026-09-14T02:11:22.525+00:00,2026-09-14T02:11:40.424+00:00,True,273,273.0,,273.0,172362.20446799998,190261.127732,190261.127675,696.9272076007326,0.01597,172362.20446799998,10428.051791209262,94.929296,65.80486494117648,64.59190490736886,1.4348700822616018,5,64,,False,True,,1174,21.16838264042747
58,2026-09-14T02:08:34.561+00:00,2026-09-14T02:11:30.371+00:00,2026-09-14T02:11:39.120+00:00,True,135,135.0,,135.0,175809.626988,184558.228844,184558.22903000002,1367.097992814815,38.03486,175809.626988,15125.67952225502,96.08263240000001,65.28807355223881,21.471910116819334,0.7314764605489921,5,64,,False,True,,690,21.16838264042747
59,2026-09-14T02:08:37.953+00:00,2026-09-14T02:11:35.979+00:00,2026-09-14T02:11:43.802+00:00,True,123,123.0,,123.0,178026.103219,185849.37515500002,185849.37504100002,1510.970528788618,0.0,178026.103219,16046.336075504021,95.18297789999998,64.1251798032787,38.11781714409195,0.6618262767761093,5,64,,False,True,,514,21.16838264042747
60,2026-09-14T02:08:42.377+00:00,2026-09-14T02:11:43.892+00:00,2026-09-14T02:11:54.468+00:00,True,154,154.0,,154.0,181514.780172,192091.307532,192091.307671,1247.3461537077922,37.376401,181514.780172,14621.324497652671,94.70993965,69.12762980392156,22.463798480803042,0.8017020758440385,5,64,,False,True,,734,21.16838264042747
61,2026-09-14T02:08:46.981+00:00,2026-09-14T02:11:52.689+00:00,2026-09-14T02:12:07.107+00:00,True,211,211.0,,211.0,185707.969771,200125.87825100002,200125.878185,948.4638776540285,39.998456,185707.969771,12779.958423508224,99.26154650000001,68.65670704761905,23.260351965576866,1.0543364098837908,5,64,,False,True,,726,21.16838264042747
62,2026-09-14T02:08:50.014+00:00,2026-09-14T02:11:57.192+00:00,2026-09-14T02:12:12.110+00:00,True,219,219.0,,219.0,187178.83882300003,202096.50026300002,202096.50013300002,922.8150691004568,39.145767,187178.83882300003,12643.771015170858,98.39310289999999,68.42963963302752,23.249600593538645,1.0836407345748316,5,64,,False,True,,956,21.16838264042747
63,2026-09-14T02:08:54.428+00:00,2026-09-14T02:12:05.930+00:00,2026-09-14T02:12:23.389+00:00,True,259,259.0,,259.0,191502.527918,208961.442734,208961.442663,806.8009369227799,0.0,191502.527918,11895.22791224711,96.876592,67.67021246511628,32.65120642164382,1.2394631115257813,5,64,,False,True,,1180,21.16838264042747
64,2026-09-14T02:08:58.438+00:00,2026-09-14T02:12:13.279+00:00,2026-09-14T02:12:22.217+00:00,True,135,135.0,,135.0,194840.80612999998,203778.17956999998,203778.17941399998,1509.467995659259,0.0,194840.80612999998,16763.53165862417,95.218003,66.69681671641791,39.160742012096925,0.66248506235981,5,64,,False,True,,610,21.16838264042747
65,2026-09-14T02:09:01.918+00:00,2026-09-14T02:12:19.007+00:00,2026-09-14T02:12:26.322+00:00,True,107,107.0,,107.0,197089.479006,204404.511582,204404.511709,1910.3225393364487,41.513323,197089.479006,19046.699625603826,93.7355593,69.00974128301887,21.4398431662987,0.5234718117123129,5,64,,False,True,,143,21.16838264042747
66,2026-09-14T02:09:07.268+00:00,2026-09-14T02:12:28.866+00:00,2026-09-14T02:12:45.662+00:00,True,259,259.0,,259.0,201597.853608,218393.775528,218393.77557,843.2192106949807,39.119247,201597.853608,12522.653768106857,93.83264400000002,65.10047255813953,21.156569897535245,1.1859312353286091,5,64,,False,True,,1299,21.16838264042747
67,2026-09-14T02:09:11.745+00:00,2026-09-14T02:12:36.621+00:00,2026-09-14T02:12:49.854+00:00,True,206,206.0,,206.0,204875.849559,218108.805975,218108.80584,1058.7806108737864,41.385032,204875.849559,14269.894379814466,93.434218,64.55100690731707,20.768545759953916,0.9444827276878132,5,64,,False,True,,453,21.16838264042747
68,2026-09-14T02:09:16.612+00:00,2026-09-14T02:12:45.834+00:00,2026-09-14T02:12:58.613+00:00,True,196,196.0,,196.0,209221.16329300002,222000.54735700003,222000.5473,1132.6558535714287,0.0,209221.16329300002,14939.966903034958,95.594498,65.5353028923077,91.57010054472278,0.8828807060768709,5,64,,False,True,,654,21.16838264042747
69,2026-09-14T02:09:20.122+00:00,2026-09-14T02:12:52.410+00:00,2026-09-14T02:13:03.149+00:00,True,167,167.0,,167.0,212288.045655,223026.679895,223026.679713,1335.4891000778443,0.016859000000000002,212288.045655,16422.354237066556,95.2071653,64.69056771084338,24.36909081838749,0.7487893380228001,5,64,,False,True,,751,21.16838264042747
70,2026-09-14T02:09:24.850+00:00,2026-09-14T02:12:59.818+00:00,2026-09-14T02:13:16.777+00:00,True,258,258.0,,258.0,214967.821588,231926.60251599998,231926.602574,898.9403200542636,35.362436,214967.821588,13379.221377708931,95.03564515,65.98747442801557,21.732590155735306,1.1124209004105137,5,64,,False,True,,1200,21.16838264042747
71,2026-09-14T02:09:29.726+00:00,2026-09-14T02:13:08.511+00:00,2026-09-14T02:13:18.419+00:00,True,151,151.0,,151.0,218784.334217,228692.553353,228692.553354,1514.5202208874173,41.260273,218784.334217,17799.054449337793,94.9848835,66.05479424,21.830006883391125,0.6602751064085716,5,64,,False,True,,688,21.16838264042747
72,2026-09-14T02:09:32.931+00:00,2026-09-14T02:13:15.012+00:00,2026-09-14T02:13:23.079+00:00,True,125,125.0,,125.0,222081.562099,230148.123891,230148.123929,1841.184991432,39.58426600000001,222081.562099,19857.77196967819,91.884283,65.05291767741936,21.646880298964426,0.5431284769420975,5,64,,False,True,,551,21.16838264042747
73,2026-09-14T02:09:36.167+00:00,2026-09-14T02:13:20.253+00:00,2026-09-14T02:13:33.658+00:00,True,205,205.0,,205.0,224085.915449,237491.036217,237491.036165,1158.4928593414634,0.0,224085.915449,15646.297140736477,92.51906,65.7113763137255,38.60870237465408,0.8631904734824926,5,64,,False,True,,416,21.16838264042747
74,2026-09-14T02:09:40.881+00:00,2026-09-14T02:13:28.935+00:00,2026-09-14T02:13:39.289+00:00,True,158,158.0,,158.0,228054.827775,238408.26598300002,238408.265875,1508.913075158228,0.0,228054.827775,18137.87171624495,93.83388335,65.94546629299363,42.77309323279754,0.6627286992275108,5,64,,False,True,,680,21.16838264042747
75,2026-09-14T02:09:45.978+00:00,2026-09-14T02:13:36.756+00:00,2026-09-14T02:13:44.372+00:00,True,115,115.0,,115.0,230778.564102,238394.749702,238394.749739,2072.9978238173912,41.379382,230778.564102,21513.993555242698,94.3640048,66.80864561403509,22.271961526567218,0.4823931741103911,5,64,,False,True,,497,21.16838264042747
76,2026-09-14T02:09:50.770+00:00,2026-09-14T02:13:47.021+00:00,2026-09-14T02:13:55.053+00:00,True,119,119.0,,119.0,236251.116381,244283.323485,244283.323596,2052.801038621849,41.124202,236251.116381,21650.87571579545,95.3435959,68.06955172881356,22.2251549784502,0.4871392705090124,5,64,,False,True,,287,21.16838264042747
77,2026-09-14T02:09:54.703+00:00,2026-09-14T02:13:53.356+00:00,2026-09-14T02:14:11.908+00:00,True,279,279.0,,279.0,238652.96796799998,257204.91369599997,257204.913572,921.8814106523297,31.433023000000002,238652.96796799998,14283.801851983313,95.2604319,66.7336177266187,22.47957122013638,1.084738218997482,5,64,,False,True,,1275,21.16838264042747
78,2026-09-14T02:09:57.928+00:00,2026-09-14T02:13:59.533+00:00,2026-09-14T02:14:12.836+00:00,True,196,196.0,,196.0,241605.82265599997,254908.25798399997,254908.25801099997,1300.5523367908163,42.009881,241605.82265599997,17252.700632778768,96.61859275,68.21761706666666,22.470846730056618,0.7689040816100297,5,64,,False,True,,878,21.16838264042747
79,2026-09-14T02:10:02.336+00:00,2026-09-14T02:14:07.519+00:00,2026-09-14T02:14:19.678+00:00,True,178,178.0,,178.0,245183.18737,257341.401258,257341.401201,1445.738208994382,0.0,245183.18737,18372.160347575602,97.12213334999998,68.69047394350282,43.861701039012516,0.691688158725554,5,64,,False,True,,760,21.16838264042747
80,2026-09-14T02:10:07.425+00:00,2026-09-14T02:14:16.645+00:00,2026-09-14T02:14:35.573+00:00,True,285,285.0,,285.0,249219.762094,268148.04139,268148.0414,940.8703207017544,0.01517,249219.762094,14758.803028840674,94.95149219999999,66.64887076056338,85.42040124992788,1.0628457270194644,5,64,,False,True,,1288,21.16838264042747
81,2026-09-14T02:10:11.990+00:00,2026-09-14T02:14:25.848+00:00,2026-09-14T02:14:36.420+00:00,True,158,158.0,,158.0,253857.637707,264429.576779,264429.57682099997,1673.6049165886075,0.015269999999999999,253857.637707,20190.79744873256,93.224391,67.33719154140127,114.9661774982353,0.5975125851071126,5,64,,False,True,,788,21.16838264042747
82,2026-09-14T02:10:16.142+00:00,2026-09-14T02:14:32.246+00:00,2026-09-14T02:14:46.752+00:00,True,219,219.0,,219.0,256103.90101899998,270609.816155,270609.81617299997,1235.6612610639268,39.557326,256103.90101899998,17301.414341504853,92.5622568,66.54089511926605,21.169074453274,0.8092832814112001,5,64,,False,True,,788,21.16838264042747
83,2026-09-14T02:10:20.049+00:00,2026-09-14T02:14:40.002+00:00,2026-09-14T02:14:57.114+00:00,True,261,261.0,,261.0,259952.57299000002,277065.095486,277065.09541300003,1061.552089704981,36.262072,259952.57299000002,16086.600830844925,94.26209,65.81739421538462,21.6466071347901,0.9420168915257253,5,64,,False,True,,929,21.16838264042747
84,2026-09-14T02:10:23.358+00:00,2026-09-14T02:14:44.604+00:00,2026-09-14T02:15:03.168+00:00,True,274,274.0,,274.0,261245.330939,279809.414651,279809.414638,1021.2022432043796,0.0,261245.330939,15778.346713057577,95.20092645000001,68.00030663736264,38.64076395118762,0.9792379586003354,5,64,,False,True,,1305,21.16838264042747
85,2026-09-14T02:10:28.162+00:00,2026-09-14T02:14:52.907+00:00,2026-09-14T02:15:04.955+00:00,True,176,176.0,,176.0,264745.040438,276792.577078,276792.577126,1572.685097306818,0.0,264745.040438,19950.77150838295,97.14015224999999,68.84306651428571,45.88820486915731,0.6358552019637552,5,64,,False,True,,860,21.16838264042747
86,2026-09-14T02:10:32.744+00:00,2026-09-14T02:15:01.554+00:00,2026-09-14T02:15:18.640+00:00,True,252,252.0,,252.0,268810.402629,285896.341061,285896.34102,1134.509289761905,40.445674,268810.402629,16929.190543638586,97.588768,68.0714678565737,22.54209746922992,0.8814383530226162,5,64,,False,True,,1049,21.16838264042747
87,2026-09-14T02:10:37.724+00:00,2026-09-14T02:15:09.803+00:00,2026-09-14T02:15:16.842+00:00,True,105,105.0,,105.0,272079.59033700003,279118.304705,279118.304521,2658.269566866667,41.818312,272079.59033700003,26545.65427708791,96.2954838,67.67994584615384,23.103937996588,0.37618457202573813,5,64,,False,True,,432,21.16838264042747
88,2026-09-14T02:10:40.747+00:00,2026-09-14T02:15:15.585+00:00,2026-09-14T02:15:30.526+00:00,True,220,220.0,,220.0,274837.67203500005,289778.86832300003,289778.86817400006,1317.176673518182,40.541415,274837.67203500005,18524.96586656972,96.69174895,68.2246405844749,22.41770281417958,0.7591995968276697,5,64,,False,True,,1081,21.16838264042747
89,2026-09-14T02:10:45.125+00:00,2026-09-14T02:15:22.757+00:00,2026-09-14T02:15:37.405+00:00,True,215,215.0,,215.0,277631.942787,292280.10227499995,292280.10241,1359.4423367906975,40.219425,277631.942787,18929.686209030322,95.4868429,68.44934340186916,22.298329003977603,0.7355957464313162,5,64,,False,True,,790,21.16838264042747
90,2026-09-14T02:10:50.382+00:00,2026-09-14T02:15:32.873+00:00,2026-09-14T02:15:40.127+00:00,True,108,108.0,,108.0,282490.952657,289744.457169,289744.45694199996,2682.819045759259,36.663582000000005,282490.952657,27176.190957226576,97.4405707,67.78976179439253,22.753813162317243,0.3727422469276317,5,64,,False,True,,520,21.16838264042747
91,2026-09-14T02:10:53.698+00:00,2026-09-14T02:15:39.215+00:00,2026-09-14T02:15:53.794+00:00,False,227,226.0,,226.0,285517.169124,300096.955876,300096.955975,1322.0130219162995,0.0,285517.169124,18946.20560375774,95.324894,64.51233076106195,42.44606281481283,0.7530899450155808,5,64,,False,False,Request timeout: 300.0s exceeded,925,21.16838264042747
92,2026-09-14T02:10:57.138+00:00,2026-09-14T02:15:45.175+00:00,2026-09-14T02:15:57.159+00:00,False,182,181.0,,181.0,288037.813064,300021.18714399997,300021.187109,1648.4680610384614,0.0,288037.813064,21345.92537290518,94.96435600000001,66.20648662983426,46.19687530162615,0.6032907266416694,5,64,,False,False,Request timeout: 300.0s exceeded,835,21.16838264042747
93,2026-09-14T02:11:01.764+00:00,2026-09-14T02:15:53.693+00:00,2026-09-14T02:16:01.827+00:00,True,113,113.0,,113.0,291929.139215,300062.439951,300062.43994999997,2655.4198225663713,42.236961,291929.139215,27455.55924016272,92.759072,72.61875657142856,20.11572677962915,0.3765882861528848,5,64,,False,True,,517,21.16838264042747
94,2026-09-14T02:11:05.399+00:00,2026-09-14T02:15:58.371+00:00,2026-09-14T02:16:05.459+00:00,False,99,98.0,,98.0,292971.829935,300060.30251099996,300060.30251,3030.9121465656563,0.02901,292971.829935,29437.51405308034,91.89198200000001,72.33135281632653,20.168508717776348,0.3266010171285733,5,64,,False,False,Request timeout: 300.0s exceeded,469,21.16838264042747
95,2026-09-14T02:11:09.828+00:00,2026-09-14T02:16:03.289+00:00,2026-09-14T02:16:10.029+00:00,False,103,102.0,,102.0,293461.606287,300200.874127,300200.874122,2914.571593417476,0.02561,293461.606287,28909.128081070514,90.72358340000001,66.07125333333333,20.225752132739185,0.33977249498896833,5,64,,False,False,Request timeout: 300.0s exceeded,455,21.16838264042747
96,2026-09-14T02:11:14.300+00:00,2026-09-14T02:16:07.982+00:00,2026-09-14T02:16:14.361+00:00,False,96,95.0,,95.0,293681.9654,300061.208408,300061.208467,3125.6375881979166,0.024699000000000002,293681.9654,29966.943392155576,87.650712,67.14992640000001,20.256497642687602,0.3166020709708879,5,64,,False,False,Request timeout: 300.0s exceeded,446,21.16838264042747
97,2026-09-14T02:11:18.703+00:00,2026-09-14T02:16:12.305+00:00,2026-09-14T02:16:18.727+00:00,False,97,96.0,,96.0,293602.703917,300024.557613,300024.557804,3093.0366783917525,0.04423,293602.703917,29804.052741757365,88.04847960000001,66.89430933333334,20.35807450439517,0.319973807356896,5,64,,False,False,Request timeout: 300.0s exceeded,364,21.16838264042747
98,2026-09-14T02:11:23.576+00:00,2026-09-14T02:16:17.368+00:00,2026-09-14T02:16:23.594+00:00,False,91,90.0,,90.0,293791.753592,300017.66616799997,300017.666135,3296.897430054945,0.03792,293791.753592,30790.498654223764,88.78155299999999,69.1768064,19.82192204676292,0.29998233487225046,5,64,,False,False,Request timeout: 300.0s exceeded,451,21.16838264042747
99,2026-09-14T02:11:28.552+00:00,2026-09-14T02:16:22.737+00:00,2026-09-14T02:16:28.605+00:00,False,93,92.0,,92.0,294184.67358600005,300053.57521800004,300053.57537400007,3226.3825309032263,0.02277,294184.67358600005,30498.9216065436,88.54734059999998,63.79240904347826,20.75830589322568,0.30661191066681537,5,64,,False,False,Request timeout: 300.0s exceeded,413,21.16838264042747
100,2026-09-14T02:11:32.102+00:00,2026-09-14T02:16:26.231+00:00,2026-09-14T02:16:32.784+00:00,False,80,79.0,,79.0,294128.965532,300681.668252,300681.668273,3758.5208534125,0.0353,294128.965532,32875.805144796264,91.3836085,82.94560405063291,175.15514877698988,0.2627363366023047,5,64,,False,False,Request timeout: 300.0s exceeded,186,21.16838264042747
101,2026-09-14T02:11:35.374+00:00,2026-09-14T02:16:29.447+00:00,2026-09-14T02:16:35.384+00:00,False,100,99.0,,99.0,294072.776331,300009.66593099997,300009.66577499994,3000.09665775,0.015609999999999999,294072.776331,29401.707346263644,89.5660409,59.96858181818182,159.18424238163306,0.3299893678184665,5,64,,False,False,Request timeout: 300.0s exceeded,240,21.16838264042747
102,2026-09-14T02:11:40.429+00:00,2026-09-14T02:16:34.095+00:00,2026-09-14T02:16:40.467+00:00,False,91,90.0,,90.0,293666.163736,300038.005016,300038.00492100004,3297.1209331978025,0.02416,293666.163736,30777.163005562525,87.54388999999999,70.79823644444444,19.368865391217046,0.29996199979799426,5,64,,False,False,Request timeout: 300.0s exceeded,460,21.16838264042747
103,2026-09-14T02:11:45.519+00:00,2026-09-14T02:16:39.124+00:00,2026-09-14T02:16:45.538+00:00,False,101,100.0,,100.0,293605.142111,300019.539807,300019.53973400005,2970.490492415842,0.0,293605.142111,29208.488681582996,88.159234,64.14397696,63.19583641880699,0.33331162385066365,5,64,,False,False,Request timeout: 300.0s exceeded,468,21.16838264042747
104,2026-09-14T02:11:50.442+00:00,2026-09-14T02:16:44.007+00:00,2026-09-14T02:16:50.460+00:00,False,97,96.0,,96.0,293564.624083,300017.722835,300017.722864,3092.9662150927834,0.02041,293564.624083,29800.15378636374,89.88932199999999,67.21977866666667,21.1008340650014,0.3199810967593967,5,64,,False,False,Request timeout: 300.0s exceeded,413,21.16838264042747
105,2026-09-14T02:11:55.369+00:00,2026-09-14T02:16:48.745+00:00,2026-09-14T02:16:55.422+00:00,False,98,97.0,,97.0,293375.981549,300053.15991700004,300053.159836,3061.766937102041,0.038799999999999994,293375.981549,29628.50261410329,88.21623885,68.83689039175258,20.122567593919026,0.3232760489069067,5,64,,False,False,Request timeout: 300.0s exceeded,281,21.16838264042747
106,2026-09-14T02:11:59.714+00:00,2026-09-14T02:16:53.225+00:00,2026-09-14T02:16:59.764+00:00,False,94,93.0,,93.0,293511.600612,300050.15933199995,300050.15939399996,3192.0229722765957,0.02943,293511.600612,30266.164819012494,88.410824,70.30708301075269,19.71428123664101,0.30994817735489755,5,64,,False,False,Request timeout: 300.0s exceeded,310,21.16838264042747
107,2026-09-14T02:12:04.708+00:00,2026-09-14T02:16:58.539+00:00,2026-09-14T02:17:04.785+00:00,False,94,93.0,,93.0,293830.94120099995,300077.51886499993,300077.51889199996,3192.314030765957,0.03595,293830.94120099995,30299.42679396815,89.5380993,67.16750176344087,20.761525844696497,0.3099199178657539,5,64,,False,False,Request timeout: 300.0s exceeded,414,21.16838264042747
108,2026-09-14T02:12:09.270+00:00,2026-09-14T02:17:02.660+00:00,2026-09-14T02:17:09.369+00:00,False,96,95.0,,95.0,293390.268844,300099.46922800003,300099.469253,3126.0361380520835,0.023719,293390.268844,29936.817413746026,89.56663275,70.6231619368421,19.735123308136522,0.3165617061715758,5,64,,False,False,Request timeout: 300.0s exceeded,495,21.16838264042747
109,2026-09-14T02:12:12.873+00:00,2026-09-14T02:17:07.015+00:00,2026-09-14T02:17:12.885+00:00,False,85,84.0,,84.0,294142.156419,300011.914627,300011.914535,3529.5519357058824,0.02843,294142.156419,31896.62285506165,89.2905012,69.8780739047619,19.464634363126674,0.27998888012309725,5,64,,False,False,Request timeout: 300.0s exceeded,426,21.16838264042747
110,2026-09-14T02:12:16.415+00:00,2026-09-14T02:17:10.651+00:00,2026-09-14T02:17:16.421+00:00,False,84,83.0,,83.0,294235.609839,300005.62660699995,300005.626596,3571.4955547142854,0.045069000000000005,294235.609839,32096.15799949705,88.11654130000001,69.51827431325302,19.842080737224844,0.276661477781975,5,64,,False,False,Request timeout: 300.0s exceeded,454,21.16838264042747
111,2026-09-14T02:12:21.801+00:00,2026-09-14T02:17:16.022+00:00,2026-09-14T02:17:21.833+00:00,False,88,87.0,,87.0,294220.347893,300031.949557,300031.949572,3409.453972409091,0.05679,294220.347893,31356.880244816355,91.0083755,66.80001912643678,20.589781261573048,0.28996911871704434,5,64,,False,False,Request timeout: 300.0s exceeded,443,21.16838264042747
112,2026-09-14T02:12:25.951+00:00,2026-09-14T02:17:19.775+00:00,2026-09-14T02:17:25.968+00:00,False,91,90.0,,90.0,293823.65304500004,300016.79813300003,300016.79818800004,3296.8878921758246,0.02131,293823.65304500004,30793.880911314907,89.93460950000001,68.81272320000001,20.010029796376077,0.2999832028075382,5,64,,False,False,Request timeout: 300.0s exceeded,312,21.16838264042747
113,2026-09-14T02:12:29.827+00:00,2026-09-14T02:17:23.694+00:00,2026-09-14T02:17:29.861+00:00,False,93,92.0,,92.0,293867.625749,300034.736405,300034.736198,3226.1799591182794,0.02536,293867.625749,30465.708920111047,88.4219816,67.03381147826087,20.387745847167785,0.3066311624525181,5,64,,False,False,Request timeout: 300.0s exceeded,307,21.16838264042747
114,2026-09-14T02:12:32.956+00:00,2026-09-14T02:17:26.753+00:00,2026-09-14T02:17:32.998+00:00,False,92,91.0,,91.0,293796.95071,300042.525878,300042.5259,3261.3318032608695,0.048,293796.95071,30623.30042462694,88.3870426,68.63269415384616,19.85071810875438,0.3032903410398612,5,64,,False,False,Request timeout: 300.0s exceeded,341,21.16838264042747
115,2026-09-14T02:12:36.432+00:00,2026-09-14T02:17:29.990+00:00,2026-09-14T02:17:36.456+00:00,False,92,91.0,,91.0,293558.380176,300023.890064,300023.890016,3261.1292393043477,0.02973,293558.380176,30598.175250869936,88.87840105000001,71.04955920879121,19.045903045835832,0.30330917974761346,5,64,,False,False,Request timeout: 300.0s exceeded,290,21.16838264042747
116,2026-09-14T02:12:40.490+00:00,2026-09-14T02:17:34.220+00:00,2026-09-14T02:17:40.499+00:00,False,98,97.0,,97.0,293729.372947,300008.96309100004,300008.96328100003,3061.3159518469392,0.0,293729.372947,29664.678031885847,88.95154849999999,64.73804272164948,64.877290451816,0.32332367340164275,5,64,,False,False,Request timeout: 300.0s exceeded,445,21.16838264042747
117,2026-09-14T02:12:44.913+00:00,2026-09-14T02:17:38.839+00:00,2026-09-14T02:17:44.964+00:00,False,87,86.0,,86.0,293926.287841,300051.276769,300051.276901,3448.8652517356322,0.024059999999999998,293926.287841,31504.5761670222,89.8713076,71.22080148837209,19.69948313399213,0.28661767723857645,5,64,,False,False,Request timeout: 300.0s exceeded,427,21.16838264042747
118,2026-09-14T02:12:48.647+00:00,2026-09-14T02:17:42.127+00:00,2026-09-14T02:17:48.665+00:00,False,96,95.0,,95.0,293479.099251,300017.184883,300017.18500899995,3125.1790105104164,0.07891,293479.099251,29946.067626796586,90.91895199999999,68.82195402105263,19.986089644296793,0.3166485281069746,5,64,,False,False,Request timeout: 300.0s exceeded,431,21.16838264042747
119,2026-09-14T02:12:52.904+00:00,2026-09-14T02:17:46.671+00:00,2026-09-14T02:17:52.962+00:00,False,95,94.0,,94.0,293767.422944,300058.01776,300058.017724,3158.505449726316,0.019780000000000002,293767.422944,30133.042890126693,89.91635109999999,66.92122144680852,20.962253601144283,0.3132727487228335,5,64,,False,False,Request timeout: 300.0s exceeded,432,21.16838264042747
120,2026-09-14T02:12:55.964+00:00,2026-09-14T02:17:49.803+00:00,2026-09-14T02:17:55.997+00:00,False,94,93.0,,93.0,293838.908662,300033.443574,300033.44375599996,3191.8451463404253,0.03735,293838.908662,30300.306501253293,90.0189055,66.6079022795699,21.06691024003259,0.30996544549228744,5,64,,False,False,Request timeout: 300.0s exceeded,394,21.16838264042747
121,2026-09-14T02:12:59.842+00:00,2026-09-14T02:17:53.784+00:00,2026-09-14T02:17:59.860+00:00,False,91,90.0,,90.0,293942.234618,300018.62809,300018.62806099997,3296.9080006703293,0.02545,293942.234618,30806.44773594103,87.7660645,67.51548302222223,20.185083149872142,0.299981373066614,5,64,,False,False,Request timeout: 300.0s exceeded,407,21.16838264042747
122,2026-09-14T02:13:02.975+00:00,2026-09-14T02:17:56.812+00:00,2026-09-14T02:18:03.029+00:00,False,94,93.0,,93.0,293836.93593000004,300053.92562600004,300053.92576600006,3192.06304006383,0.023620000000000002,293836.93593000004,30300.07717621042,88.74980649999999,66.84935156989248,19.63754736047351,0.3099442868676851,5,64,,False,False,Request timeout: 300.0s exceeded,267,21.16838264042747
123,2026-09-14T02:13:05.945+00:00,2026-09-14T02:17:59.738+00:00,2026-09-14T02:18:05.967+00:00,False,91,90.0,,90.0,293792.791694,300021.977998,300021.978213,3296.9448155274727,0.045269,293792.791694,30790.6035840836,87.63022,69.21318115555556,19.696848741500652,0.29997802361199005,5,64,,False,False,Request timeout: 300.0s exceeded,447,21.16838264042747
124,2026-09-14T02:13:09.434+00:00,2026-09-14T02:18:03.112+00:00,2026-09-14T02:18:09.503+00:00,False,90,89.0,,89.0,293677.487224,300069.408632,300069.40881999995,3334.104542444444,0.02555,293677.487224,30948.761162984527,88.96218850000001,71.81934166292136,19.93533986800129,0.29659804511811494,5,64,,False,False,Request timeout: 300.0s exceeded,408,21.16838264042747
125,2026-09-14T02:13:12.637+00:00,2026-09-14T02:18:06.448+00:00,2026-09-14T02:18:12.666+00:00,False,90,89.0,,89.0,293811.699999,300029.466399,300029.466324,3333.6607369333333,0.02727,293811.699999,30963.11496000558,89.43457395000001,69.86254382022472,20.3494717990563,0.2966375305338897,5,64,,False,False,Request timeout: 300.0s exceeded,366,21.16838264042747
126,2026-09-14T02:13:15.656+00:00,2026-09-14T02:18:09.257+00:00,2026-09-14T02:18:15.670+00:00,False,97,96.0,,96.0,293600.527637,300013.58235700004,300013.58218900004,3092.92352772165,0.02183,293600.527637,29803.84097625762,89.76436960000001,66.80265333333334,20.202990369664047,0.319985512808434,5,64,,False,False,Request timeout: 300.0s exceeded,451,21.16838264042747
127,2026-09-14T02:13:20.518+00:00,2026-09-14T02:18:14.140+00:00,2026-09-14T02:18:20.576+00:00,False,96,95.0,,95.0,293622.402134,300057.59496599995,300057.59499899996,3125.59994790625,0.026920000000000003,293622.402134,29960.80403077101,88.72839524999999,67.73887191578947,20.10130543489595,0.3166058836496527,5,64,,False,False,Request timeout: 300.0s exceeded,179,21.16838264042747
128,2026-09-14T02:13:23.519+00:00,2026-09-14T02:18:17.388+00:00,2026-09-14T02:18:23.544+00:00,False,93,92.0,,92.0,293868.517265,300024.47937699995,300024.47936999996,3226.069670645161,0.021079999999999998,293868.517265,30465.81415010045,87.96314020000001,66.91263165217391,20.715326082789673,0.306641645345199,5,64,,False,False,Request timeout: 300.0s exceeded,137,21.16838264042747
129,2026-09-14T02:13:27.812+00:00,2026-09-14T02:18:21.357+00:00,2026-09-14T02:18:27.902+00:00,False,97,96.0,,96.0,293545.063965,300090.340637,300090.340608,3093.7148516288657,0.02281,293545.063965,29798.069620788287,88.726472,68.17996533333333,20.15953381251016,0.31990366566355105,5,64,,False,False,Request timeout: 300.0s exceeded,458,21.16838264042747
130,2026-09-14T02:13:31.461+00:00,2026-09-14T02:18:24.982+00:00,2026-09-14T02:18:31.527+00:00,False,94,93.0,,93.0,293520.921055,300066.195679,300066.195519,3192.1935693510636,0.023620000000000002,293520.921055,30267.119368534048,91.92877115000002,70.37929703225807,20.724305286883062,0.3099316128881377,5,64,,False,False,Request timeout: 300.0s exceeded,474,21.16838264042747
131,2026-09-14T02:13:35.603+00:00,2026-09-14T02:18:29.202+00:00,2026-09-14T02:18:35.638+00:00,False,99,98.0,,98.0,293599.034235,300034.800507,300034.800561,3030.6545511212125,0.0,293599.034235,29501.27848845107,91.84722879999998,65.67108440816327,62.480236497972335,0.32662877717651156,5,64,,False,False,Request timeout: 300.0s exceeded,468,21.16838264042747
132,2026-09-14T02:13:40.932+00:00,2026-09-14T02:18:34.781+00:00,2026-09-14T02:18:40.942+00:00,False,90,89.0,,89.0,293849.164206,300010.366126,300010.36614,3333.4485126666664,0.03158,293849.164206,30967.130874828737,91.0633755,69.22698786516854,20.11439785266801,0.29665641607404086,5,64,,False,False,Request timeout: 300.0s exceeded,400,21.16838264042747
133,2026-09-14T02:13:45.706+00:00,2026-09-14T02:18:39.420+00:00,2026-09-14T02:18:45.720+00:00,False,97,96.0,,96.0,293713.98943300004,300013.615417,300013.61559400003,3092.9238721030933,0.02456,293713.98943300004,29815.481489948375,90.60222279999999,65.621104,20.570380317361728,0.3199854775476308,5,64,,False,False,Request timeout: 300.0s exceeded,458,21.16838264042747
134,2026-09-14T02:13:50.913+00:00,2026-09-14T02:18:44.851+00:00,2026-09-14T02:18:50.945+00:00,False,92,91.0,,91.0,293938.317154,300032.19363399997,300032.193441,3261.219493923913,0.039450000000000006,293938.317154,30638.21313494023,90.06819709999999,66.9656756043956,20.531685221555577,0.30330078548506734,5,64,,False,False,Request timeout: 300.0s exceeded,202,21.16838264042747
135,2026-09-14T02:13:55.856+00:00,2026-09-14T02:18:49.149+00:00,2026-09-14T02:18:55.885+00:00,False,99,98.0,,98.0,293292.70016,300029.230592,300029.230487,3030.598287747475,0.031969000000000004,293292.70016,29470.123276031387,88.95811090000001,68.74010644897959,19.607965558347573,0.32663484090077544,5,64,,False,False,Request timeout: 300.0s exceeded,457,21.16838264042747
136,2026-09-14T02:14:00.463+00:00,2026-09-14T02:18:54.129+00:00,2026-09-14T02:19:00.492+00:00,False,105,104.0,,104.0,293665.968407,300029.262871,300029.263104,2857.4215533714287,0.0154,293665.968407,28653.54077758049,88.71749039999999,61.1855236923077,193.61773460869287,0.34663285509159036,5,64,,False,False,Request timeout: 300.0s exceeded,479,21.16838264042747
137,2026-09-14T02:14:04.446+00:00,2026-09-14T02:18:59.481+00:00,2026-09-14T02:19:04.502+00:00,False,76,75.0,,75.0,295034.669223,300056.079271,300056.079348,3948.106307210526,0.02102,295034.669223,33835.12521280768,91.08278700000001,66.95213397333333,22.786977141175964,0.24995327600832465,5,64,,False,False,Request timeout: 300.0s exceeded,345,21.16838264042747
138,2026-09-14T02:14:09.794+00:00,2026-09-14T02:19:03.794+00:00,2026-09-14T02:19:09.844+00:00,False,90,89.0,,89.0,293999.55327,300050.17394199996,300050.17388699995,3333.8908209666665,0.04164,293999.55327,30983.113758354586,87.67336300000001,67.98450193258427,19.34897175340087,0.29661705850970044,5,64,,False,False,Request timeout: 300.0s exceeded,423,21.16838264042747
139,2026-09-14T02:14:15.059+00:00,2026-09-14T02:19:08.900+00:00,2026-09-14T02:19:15.108+00:00,False,90,89.0,,89.0,293840.62756199995,300048.8100899999,300048.81003699993,3333.875667077777,0.03529,293840.62756199995,30966.17520961284,89.10746725000001,69.75485986516854,19.829606443316898,0.2966184067629009,5,64,,False,False,Request timeout: 300.0s exceeded,355,21.16838264042747
140,2026-09-14T02:14:20.260+00:00,2026-09-14T02:19:13.959+00:00,2026-09-14T02:19:20.306+00:00,False,92,91.0,,91.0,293699.616708,300046.507972,300046.508079,3261.3750878152177,0.069569,293699.616708,30613.037078418325,89.48018605000001,69.74605784615385,20.614332788390175,0.30328631589504124,5,64,,False,False,Request timeout: 300.0s exceeded,379,21.16838264042747
141,2026-09-14T02:14:25.730+00:00,2026-09-14T02:19:19.665+00:00,2026-09-14T02:19:25.740+00:00,False,91,90.0,,90.0,293934.58026300004,300009.840679,300009.84066000005,3296.8114358241764,0.03506,293934.58026300004,30805.646931169766,89.886585,67.50289351111111,20.597219977884393,0.29999015964378595,5,64,,False,False,Request timeout: 300.0s exceeded,436,21.16838264042747
142,2026-09-14T02:14:30.352+00:00,2026-09-14T02:19:23.774+00:00,2026-09-14T02:19:30.376+00:00,False,109,108.0,,108.0,293421.806518,300024.102582,300024.10266000003,2752.5147033027524,0.0,293421.806518,28098.929982269423,94.5583598,61.132370962962966,64.57220519881194,0.35997107922515115,5,64,,False,False,Request timeout: 300.0s exceeded,565,21.16838264042747
143,2026-09-14T02:14:34.173+00:00,2026-09-14T02:19:28.019+00:00,2026-09-14T02:19:34.199+00:00,False,102,101.0,,101.0,293845.81630299997,300025.900271,300025.90012699994,2941.4303934019604,0.023780000000000003,293845.81630299997,29089.01972778033,88.49162955,61.18895017821782,20.32997915852852,0.33663760331615106,5,64,,False,False,Request timeout: 300.0s exceeded,523,21.16838264042747
144,2026-09-14T02:14:38.907+00:00,2026-09-14T02:19:33.302+00:00,2026-09-14T02:19:38.965+00:00,False,87,86.0,,86.0,294395.289893,300058.19062899996,300058.190723,3448.9447209540226,0.03461,294395.289893,31555.43455140563,87.85949199999999,65.84768297674418,19.760144821704003,0.28661107307126543,5,64,,False,False,Request timeout: 300.0s exceeded,282,21.16838264042747
145,2026-09-14T02:14:42.792+00:00,2026-09-14T02:19:36.470+00:00,2026-09-14T02:19:42.847+00:00,False,97,96.0,,96.0,293678.30251099996,300054.847279,300054.84739999997,3093.348942268041,0.03549,293678.30251099996,29811.77641048191,88.71303460000001,66.42234133333334,20.172396803783975,0.3199415069296858,5,64,,False,False,Request timeout: 300.0s exceeded,364,21.16838264042747
146,2026-09-14T02:14:46.978+00:00,2026-09-14T02:19:40.182+00:00,2026-09-14T02:19:47.000+00:00,False,103,102.0,,102.0,293204.16567400005,300022.26333800005,300022.26345400006,2912.8375092621363,0.02308,293204.16567400005,28883.685248857302,89.4804803,66.84409474509803,19.772720851775745,0.33997477008927335,5,64,,False,False,Request timeout: 300.0s exceeded,519,21.16838264042747
147,2026-09-14T02:14:52.306+00:00,2026-09-14T02:19:45.888+00:00,2026-09-14T02:19:52.323+00:00,False,100,99.0,,99.0,293581.726217,300016.34996099997,300016.349985,3000.16349985,0.02158,293581.726217,29351.680049126157,88.49270900000002,64.99619943434344,20.4432634741807,0.32998201602302446,5,64,,False,False,Request timeout: 300.0s exceeded,348,21.16838264042747
148,2026-09-14T02:14:56.788+00:00,2026-09-14T02:19:50.049+00:00,2026-09-14T02:19:56.826+00:00,False,98,97.0,,97.0,293261.620799,300038.697279,300038.69732900005,3061.6193605000003,0.023690000000000003,293261.620799,29616.845782022403,89.03463585000002,69.86676783505155,19.176794667015308,0.3232916316451062,5,64,,False,False,Request timeout: 300.0s exceeded,433,21.16838264042747
149,2026-09-14T02:15:01.321+00:00,2026-09-14T02:19:54.950+00:00,2026-09-14T02:20:01.366+00:00,False,99,98.0,,98.0,293628.720155,300045.13308299996,300045.133133,3030.7589205353534,0.02088,293628.720155,29504.222866422842,87.454208,65.47360130612245,19.640992546671576,0.32661752914649267,5,64,,False,False,Request timeout: 300.0s exceeded,450,21.16838264042747
150,2026-09-14T02:15:05.463+00:00,2026-09-14T02:19:58.958+00:00,2026-09-14T02:20:05.508+00:00,False,99,98.0,,98.0,293494.309193,300044.22688900004,300044.226877,3030.7497664343437,0.02743,293494.309193,29490.577619772972,88.88411699999999,66.83589485714286,20.350104568040837,0.3266185155972178,5,64,,False,False,Request timeout: 300.0s exceeded,494,21.16838264042747
151,2026-09-14T02:15:08.846+00:00,2026-09-14T02:20:02.797+00:00,2026-09-14T02:20:08.907+00:00,False,91,90.0,,90.0,293950.610012,300060.66441200004,300060.664295,3297.3699373076925,0.02103,293950.610012,30807.286942292445,88.68826250000002,67.88949333333333,20.843442107301207,0.2999393478527561,5,64,,False,False,Request timeout: 300.0s exceeded,331,21.16838264042747
152,2026-09-14T02:15:13.105+00:00,2026-09-14T02:20:06.951+00:00,2026-09-14T02:20:13.139+00:00,False,94,93.0,,93.0,293845.73464700003,300033.76562300004,300033.765825,3191.848572606383,0.02088,293845.73464700003,30301.018012142085,90.25383915,66.53796748387097,21.42913537006372,0.30996511278286204,5,64,,False,False,Request timeout: 300.0s exceeded,389,21.16838264042747
153,2026-09-14T02:15:18.204+00:00,2026-09-14T02:20:11.925+00:00,2026-09-14T02:20:18.216+00:00,False,91,90.0,,90.0,293720.84485500003,300012.49157500005,300012.49134500005,3296.8405642307694,0.02138,293720.84485500003,30782.989342435907,89.55393099999999,69.90718577777777,20.60181630419154,0.2999875089451098,5,64,,False,False,Request timeout: 300.0s exceeded,442,21.16838264042747
154,2026-09-14T02:15:21.562+00:00,2026-09-14T02:20:14.896+00:00,2026-09-14T02:20:21.581+00:00,False,97,96.0,,96.0,293334.493867,300018.693291,300018.69342699996,3092.976220896907,0.01899,293334.493867,29776.542364231245,90.58822620000001,69.62707733333333,19.896384706395672,0.31998006173197285,5,64,,False,False,Request timeout: 300.0s exceeded,500,21.16838264042747
155,2026-09-14T02:15:26.224+00:00,2026-09-14T02:20:20.086+00:00,2026-09-14T02:20:26.285+00:00,False,95,94.0,,94.0,293862.12305299996,300061.15178899997,300061.15164699993,3158.5384383894734,0.0,293862.12305299996,30142.927298309965,89.3869427,65.94711421276595,67.89640740425571,0.313269476703535,5,64,,False,False,Request timeout: 300.0s exceeded,163,21.16838264042747
156,2026-09-14T02:15:29.199+00:00,2026-09-14T02:20:22.871+00:00,2026-09-14T02:20:29.237+00:00,False,98,97.0,,97.0,293672.300497,300037.90152099996,300037.90152899997,3061.6112400918364,0.03714,293672.300497,29658.75944676551,87.60998215,65.62475282474226,19.56506058993346,0.32329248907645375,5,64,,False,False,Request timeout: 300.0s exceeded,368,21.16838264042747
157,2026-09-14T02:15:33.455+00:00,2026-09-14T02:20:26.988+00:00,2026-09-14T02:20:33.496+00:00,False,98,97.0,,97.0,293532.961468,300041.781948,300041.78195900004,3061.6508363163266,0.04621,293532.961468,29644.535118162938,87.60418335,67.10124206185567,19.844375366989787,0.32328830794909424,5,64,,False,False,Request timeout: 300.0s exceeded,337,21.16838264042747
158,2026-09-14T02:15:38.455+00:00,2026-09-14T02:20:31.845+00:00,2026-09-14T02:20:38.495+00:00,False,92,91.0,,91.0,293390.58719,300040.741942,300040.741962,3261.3124126304347,0.02457,293390.58719,30580.470111448118,89.58980555,73.07862364835165,19.09441975851619,0.30329214429682666,5,64,,False,False,Request timeout: 300.0s exceeded,429,21.16838264042747
159,2026-09-14T02:15:42.915+00:00,2026-09-14T02:20:36.701+00:00,2026-09-14T02:20:42.961+00:00,False,88,87.0,,87.0,293786.33141399996,300046.54645399994,300046.54626,3409.6198438636357,0.01791,293786.33141399996,31310.063477321186,90.13478285,71.95649471264369,19.347022767654355,0.28995501207456137,5,64,,False,False,Request timeout: 300.0s exceeded,346,21.16838264042747
160,2026-09-14T02:15:46.373+00:00,2026-09-14T02:20:40.199+00:00,2026-09-14T02:20:46.434+00:00,False,92,91.0,,91.0,293826.13946499996,300061.34176899993,300061.341814,3261.536324065217,0.01873,293826.13946499996,30626.3556170661,89.59974805,68.51870663736264,20.115696150903656,0.3032713226686019,5,64,,False,False,Request timeout: 300.0s exceeded,199,21.16838264042747
161,2026-09-14T02:15:50.337+00:00,2026-09-14T02:20:44.045+00:00,2026-09-14T02:20:50.384+00:00,False,93,92.0,,92.0,293708.66817900003,300047.647507,300047.647309,3226.3187882688176,0.02105,293708.66817900003,30449.033313639684,92.90374,68.90194921739129,22.17958582641272,0.306617968060735,5,64,,False,False,Request timeout: 300.0s exceeded,298,21.16838264042747
162,2026-09-14T02:15:54.530+00:00,2026-09-14T02:20:48.422+00:00,2026-09-14T02:20:54.567+00:00,False,93,92.0,,92.0,293892.32011900004,300037.401719,300037.40177700005,3226.208621258065,0.03198,293892.32011900004,30468.295382982436,91.8067284,66.7943652173913,21.77221082059154,0.3066284385643447,5,64,,False,False,Request timeout: 300.0s exceeded,437,21.16838264042747
163,2026-09-14T02:15:59.134+00:00,2026-09-14T02:20:53.430+00:00,2026-09-14T02:20:59.187+00:00,False,84,83.0,,83.0,294295.684305,300052.563409,300052.563534,3572.054327785714,0.0269,294295.684305,32102.729940578778,88.4929218,69.35998920481927,19.859388552012017,0.27661820001471926,5,64,,False,False,Request timeout: 300.0s exceeded,382,21.16838264042747
164,2026-09-14T02:16:03.990+00:00,2026-09-14T02:20:57.437+00:00,2026-09-14T02:21:04.045+00:00,False,97,96.0,,96.0,293447.26786900003,300055.21871700004,300055.21857900004,3093.3527688556705,0.03706,293447.26786900003,29788.073572448295,91.4926468,68.83282133333333,20.04855654196706,0.31994111087447313,5,64,,False,False,Request timeout: 300.0s exceeded,460,21.16838264042747
165,2026-09-14T02:16:06.995+00:00,2026-09-14T02:21:00.460+00:00,2026-09-14T02:21:07.026+00:00,False,98,97.0,,97.0,293464.184625,300030.957617,300030.957622,3061.540383897959,0.03755,293464.184625,29637.527491766272,90.94858765000001,67.69869063917525,20.194026447106207,0.3232999713443701,5,64,,False,False,Request timeout: 300.0s exceeded,496,21.16838264042747
166,2026-09-14T02:16:10.507+00:00,2026-09-14T02:21:03.913+00:00,2026-09-14T02:21:10.584+00:00,False,100,99.0,,99.0,293406.45886,300077.229292,300077.229328,3000.77229328,0.02183,293406.45886,29333.915118086046,90.9019675,67.38151951515151,20.91957437190643,0.32991506964250455,5,64,,False,False,Request timeout: 300.0s exceeded,400,21.16838264042747
167,2026-09-14T02:16:14.100+00:00,2026-09-14T02:21:08.013+00:00,2026-09-14T02:21:14.120+00:00,False,91,90.0,,90.0,293912.939515,300019.717883,300019.717954,3296.9199775164834,0.02171,293912.939515,30803.341664380496,90.576959,67.85309297777778,20.613075745174793,0.29998028341289784,5,64,,False,False,Request timeout: 300.0s exceeded,474,21.16838264042747
168,2026-09-14T02:16:18.303+00:00,2026-09-14T02:21:12.044+00:00,2026-09-14T02:21:18.330+00:00,False,98,97.0,,97.0,293740.842037,300027.585589,300027.585587,3061.505975377551,0.0,293740.842037,29665.83591659735,88.35490605,64.81178919587629,67.93926293805066,0.3233036049321071,5,64,,False,False,Request timeout: 300.0s exceeded,413,21.16838264042747
169,2026-09-14T02:16:21.638+00:00,2026-09-14T02:21:15.645+00:00,2026-09-14T02:21:21.665+00:00,False,95,94.0,,94.0,294007.045318,300026.75783,300026.757632,3158.176396126316,0.0,294007.045318,30157.992834951438,91.13898379999999,64.03949480851064,68.40899007267869,0.31330538875889835,5,64,,False,False,Request timeout: 300.0s exceeded,347,21.16838264042747
170,2026-09-14T02:16:25.545+00:00,2026-09-14T02:21:19.367+00:00,2026-09-14T02:21:25.556+00:00,False,94,93.0,,93.0,293822.33877499995,300010.895063,300010.89499099995,3191.605265861702,0.02109,293822.33877499995,30298.60332426936,87.8130446,66.543616,19.939146612514964,0.30998874217708233,5,64,,False,False,Request timeout: 300.0s exceeded,428,21.16838264042747
171,2026-09-14T02:16:28.978+00:00,2026-09-14T02:21:22.696+00:00,2026-09-14T02:21:28.988+00:00,False,94,93.0,,93.0,293717.32302999997,300009.30050199997,300009.300527,3191.588303478723,0.0375,293717.32302999997,30287.656814679744,87.64338165000001,67.65567174193548,19.52805419189426,0.3099903897791996,5,64,,False,False,Request timeout: 300.0s exceeded,398,21.16838264042747
172,2026-09-14T02:16:33.061+00:00,2026-09-14T02:21:26.840+00:00,2026-09-14T02:21:33.091+00:00,False,97,96.0,,96.0,293779.536875,300030.453995,300030.45394,3093.097463298969,0.022789999999999998,293779.536875,29822.188338041546,90.34253499999998,65.11372,20.567448388779557,0.319967519035917,5,64,,False,False,Request timeout: 300.0s exceeded,438,21.16838264042747
173,2026-09-14T02:16:36.953+00:00,2026-09-14T02:21:30.619+00:00,2026-09-14T02:21:37.027+00:00,False,98,97.0,,97.0,293665.995519,300073.996799,300073.996814,3061.9795593265303,0.03548,293665.995519,29658.079103001288,89.42679284999998,66.06186886597938,20.624526191258358,0.3232536008942286,5,64,,False,False,Request timeout: 300.0s exceeded,411,21.16838264042747
174,2026-09-14T02:16:40.174+00:00,2026-09-14T02:21:34.167+00:00,2026-09-14T02:21:40.247+00:00,False,90,89.0,,89.0,293993.38765,300073.300098,300073.299996,3334.1477777333334,0.03713,293993.38765,30982.42932647762,89.47359700000001,68.31362301123595,19.628361495968644,0.2965941987205585,5,64,,False,False,Request timeout: 300.0s exceeded,447,21.16838264042747
175,2026-09-14T02:16:44.043+00:00,2026-09-14T02:21:37.535+00:00,2026-09-14T02:21:44.054+00:00,False,102,101.0,,101.0,293492.43555299996,300011.306849,300011.306733,2941.2873209117643,0.04415,293492.43555299996,29053.697658410256,87.69981404999999,64.54328015841584,20.269852464310013,0.3366539783476719,5,64,,False,False,Request timeout: 300.0s exceeded,379,21.16838264042747
176,2026-09-14T02:16:48.203+00:00,2026-09-14T02:21:41.682+00:00,2026-09-14T02:21:48.211+00:00,False,113,112.0,,112.0,293478.96180800005,300008.14171200007,300008.14190600003,2654.9393089026553,0.015009999999999999,293478.96180800005,27603.410765018933,91.028492,58.29624914285714,199.7695706319488,0.3733232017000294,5,64,,False,False,Request timeout: 300.0s exceeded,554,21.16838264042747
177,2026-09-14T02:16:51.524+00:00,2026-09-14T02:21:46.561+00:00,2026-09-14T02:21:51.576+00:00,False,76,75.0,,75.0,295036.973401,300052.23304900003,300052.232926,3948.055696394737,0.023469999999999998,295036.973401,33835.39740588919,88.06754400000001,66.87012864,20.36951918901572,0.2499564800364346,5,64,,False,False,Request timeout: 300.0s exceeded,356,21.16838264042747
178,2026-09-14T02:16:56.944+00:00,2026-09-14T02:21:50.626+00:00,2026-09-14T02:21:57.007+00:00,False,95,94.0,,94.0,293682.306184,300063.423624,300063.423564,3158.562353305263,0.03487,293682.306184,30124.210589523736,88.90271840000001,67.88422808510639,19.91186517412948,0.31326710488309445,5,64,,False,False,Request timeout: 300.0s exceeded,243,21.16838264042747
179,2026-09-14T02:17:00.070+00:00,2026-09-14T02:21:53.901+00:00,2026-09-14T02:22:00.122+00:00,False,91,90.0,,90.0,293831.06557200005,300052.17098000005,300052.17100000003,3297.276604395605,0.04958,293831.06557200005,30794.625162320823,89.7613855,69.12339342222222,19.65554451547027,0.2999478380911263,5,64,,False,False,Request timeout: 300.0s exceeded,359,21.16838264042747
180,2026-09-14T02:17:04.092+00:00,2026-09-14T02:21:58.022+00:00,2026-09-14T02:22:04.123+00:00,False,91,90.0,,90.0,293930.03899000003,300031.568846,300031.56897,3297.0502084615387,0.02164,293930.03899000003,30805.140323412135,89.882435,67.79477617777778,20.664686272342355,0.2999684344756239,5,64,,False,False,Request timeout: 300.0s exceeded,498,21.16838264042747
181,2026-09-14T02:17:09.514+00:00,2026-09-14T02:22:02.959+00:00,2026-09-14T02:22:09.558+00:00,False,101,100.0,,100.0,293444.550257,300043.58539300004,300043.58541700005,2970.7285684851486,0.03934,293444.550257,29192.26494338604,88.805122,65.99035136,20.5370580489195,0.3332849121537426,5,64,,False,False,Request timeout: 300.0s exceeded,428,21.16838264042747
182,2026-09-14T02:17:13.936+00:00,2026-09-14T02:22:07.697+00:00,2026-09-14T02:22:13.970+00:00,False,104,103.0,,103.0,293761.486895,300034.386991,300034.387114,2884.9460299423076,0.0,293761.486895,28799.78660091163,88.28919249999998,60.90194267961165,65.958241423478,0.34329398384289084,5,64,,False,False,Request timeout: 300.0s exceeded,463,21.16838264042747
183,2026-09-14T02:17:17.563+00:00,2026-09-14T02:22:11.236+00:00,2026-09-14T02:22:17.587+00:00,False,101,100.0,,100.0,293672.75336900004,300023.16284100007,300023.16279400006,2970.5263642970303,0.0,293672.75336900004,29215.287717114144,90.626128,63.50409472,66.74282017276762,0.3333075988302806,5,64,,False,False,Request timeout: 300.0s exceeded,298,21.16838264042747
184,2026-09-14T02:17:21.689+00:00,2026-09-14T02:22:14.923+00:00,2026-09-14T02:22:21.708+00:00,False,101,100.0,,100.0,293234.37056,300018.802944,300018.803128,2970.4831992871286,0.040350000000000004,293234.37056,29171.166430911526,88.287174,67.84432384,19.986166911034896,0.3333124424826983,5,64,,False,False,Request timeout: 300.0s exceeded,509,21.16838264042747
185,2026-09-14T02:17:25.677+00:00,2026-09-14T02:22:19.177+00:00,2026-09-14T02:22:25.745+00:00,False,99,98.0,,98.0,293500.144065,300067.976897,300067.976841,3030.989665060606,0.02892,293500.144065,29491.14566871273,88.4321559,67.01870236734695,20.34304147716619,0.32659266414702776,5,64,,False,False,Request timeout: 300.0s exceeded,477,21.16838264042747
186,2026-09-14T02:17:29.104+00:00,2026-09-14T02:22:22.994+00:00,2026-09-14T02:22:29.191+00:00,False,94,93.0,,93.0,293889.394256,300086.57928,300086.579235,3192.410417393617,0.02708,293889.394256,30305.51017338293,89.3139388,66.63639810752689,20.20713589141163,0.30991056055600885,5,64,,False,False,Request timeout: 300.0s exceeded,440,21.16838264042747
187,2026-09-14T02:17:32.677+00:00,2026-09-14T02:22:26.700+00:00,2026-09-14T02:22:32.744+00:00,False,87,86.0,,86.0,294022.401622,300067.010134,300067.009974,3449.046091655172,0.0364,294022.401622,31514.98109781608,90.151264,70.28614548837209,20.096638277385267,0.2866026490602724,5,64,,False,False,Request timeout: 300.0s exceeded,421,21.16838264042747
188,2026-09-14T02:17:35.862+00:00,2026-09-14T02:22:29.656+00:00,2026-09-14T02:22:35.935+00:00,False,89,88.0,,88.0,293794.20991900004,300073.515903,300073.51569400006,3371.612535887641,0.037090000000000005,293794.20991900004,31134.567295913817,92.26325260000002,71.3557498181818,21.031613469269548,0.29326146872770453,5,64,,False,False,Request timeout: 300.0s exceeded,354,21.16838264042747
189,2026-09-14T02:17:39.145+00:00,2026-09-14T02:22:32.829+00:00,2026-09-14T02:22:39.217+00:00,False,95,94.0,,94.0,293684.171508,300071.837684,300071.837764,3158.650923831579,0.036950000000000004,293684.171508,30124.396575460858,93.9830384,67.9538954893617,22.436461575801257,0.3132583208257938,5,64,,False,False,Request timeout: 300.0s exceeded,396,21.16838264042747
190,2026-09-14T02:17:43.003+00:00,2026-09-14T02:22:36.495+00:00,2026-09-14T02:22:43.027+00:00,False,95,94.0,,94.0,293492.795669,300024.469525,300024.46938200004,3158.152309284211,0.04036,293492.795669,30104.603740058505,90.83971000000001,69.48589208510639,21.159542654374413,0.31330777835828255,5,64,,False,False,Request timeout: 300.0s exceeded,399,21.16838264042747
191,2026-09-14T02:17:48.220+00:00,2026-09-14T02:22:42.155+00:00,2026-09-14T02:22:48.235+00:00,False,91,90.0,,90.0,293935.210693,300014.708677,300014.708681,3296.8649305604395,0.04097,293935.210693,30805.70808041288,89.6508105,67.54997759999999,20.594187355728664,0.29998529204411517,5,64,,False,False,Request timeout: 300.0s exceeded,409,21.16838264042747
192,2026-09-14T02:17:52.905+00:00,2026-09-14T02:22:46.834+00:00,2026-09-14T02:22:52.951+00:00,False,91,90.0,,90.0,293928.450876,300045.133116,300045.133026,3297.199264021978,0.030539999999999998,293928.450876,30804.95505661385,85.8263235,67.963136,18.870370365854793,0.2999548736729725,5,64,,False,False,Request timeout: 300.0s exceeded,387,21.16838264042747
193,2026-09-14T02:17:56.154+00:00,2026-09-14T02:22:50.231+00:00,2026-09-14T02:22:56.197+00:00,False,90,89.0,,89.0,294076.64742,300042.360572,300042.360568,3333.804006311111,0.03392,294076.64742,30991.34102738139,88.15555044999999,67.03048485393258,19.78391050128231,0.29662478268178744,5,64,,False,False,Request timeout: 300.0s exceeded,397,21.16838264042747
194,2026-09-14T02:17:59.886+00:00,2026-09-14T02:22:53.730+00:00,2026-09-14T02:22:59.963+00:00,False,91,90.0,,90.0,293844.86383700004,300077.285213,300077.28512200003,3297.5525837582422,0.03975,293844.86383700004,30796.05950740806,91.2645075,69.24912640000001,21.289933702353526,0.29992273469188596,5,64,,False,False,Request timeout: 300.0s exceeded,302,21.16838264042747
195,2026-09-14T02:18:04.941+00:00,2026-09-14T02:22:58.617+00:00,2026-09-14T02:23:04.982+00:00,False,93,92.0,,92.0,293676.605942,300041.746422,300041.746477,3226.2553384623657,0.026,293676.605942,30445.67761634871,88.5538392,69.18630956521739,19.971388497559783,0.3066239984838799,5,64,,False,False,Request timeout: 300.0s exceeded,350,21.16838264042747
196,2026-09-14T02:18:09.189+00:00,2026-09-14T02:23:03.047+00:00,2026-09-14T02:23:09.247+00:00,False,96,95.0,,95.0,293858.480035,300058.292131,300058.292059,3125.6072089479167,0.0,293858.480035,29985.220862916918,91.31531975,65.26117995789474,67.88084232298117,0.31660514803745105,5,64,,False,False,Request timeout: 300.0s exceeded,388,21.16838264042747
197,2026-09-14T02:18:13.071+00:00,2026-09-14T02:23:06.917+00:00,2026-09-14T02:23:13.114+00:00,False,94,93.0,,93.0,293846.103388,300043.050332,300043.050327,3191.9473439042554,0.02984,293846.103388,30301.045119152426,87.9295788,66.63383810752688,19.890746216179934,0.30995552103971336,5,64,,False,False,Request timeout: 300.0s exceeded,395,21.16838264042747
198,2026-09-14T02:18:16.381+00:00,2026-09-14T02:23:09.926+00:00,2026-09-14T02:23:16.424+00:00,False,91,90.0,,90.0,293544.327612,300042.773436,300042.773534,3297.1733355384613,0.038270000000000005,293544.327612,30764.24377198119,91.3603675,72.2049536,19.56745229521626,0.29995723266168667,5,64,,False,False,Request timeout: 300.0s exceeded,438,21.16838264042747
199,2026-09-14T02:18:20.527+00:00,2026-09-14T02:23:13.961+00:00,2026-09-14T02:23:20.574+00:00,False,94,93.0,,93.0,293433.69604199997,300046.460202,300046.46011399996,3191.9836182340423,0.045939999999999995,293433.69604199997,30258.047557369668,89.96207679999999,71.10499096774194,20.139871088381984,0.30995199855845557,5,64,,False,False,Request timeout: 300.0s exceeded,457,21.16838264042747
200,2026-09-14T02:18:24.793+00:00,2026-09-14T02:23:18.694+00:00,2026-09-14T02:23:24.807+00:00,False,92,91.0,,91.0,293901.032712,300014.751752,300014.751868,3261.029911608696,0.03921,293901.032712,30634.303304924302,89.71332905,67.18372571428571,20.643833926600266,0.30331841840638213,5,64,,False,False,Request timeout: 300.0s exceeded,400,21.16838264042747
201,2026-09-14T02:18:30.033+00:00,2026-09-14T02:23:23.430+00:00,2026-09-14T02:23:30.074+00:00,False,99,98.0,,98.0,293396.462786,300040.87597,300040.876011,3030.71591930303,0.04043,293396.462786,29480.647034294794,90.6814199,67.80013453061224,20.721236760410946,0.32662216334083316,5,64,,False,False,Request timeout: 300.0s exceeded,475,21.16838264042747
202,2026-09-14T02:18:35.030+00:00,2026-09-14T02:23:28.636+00:00,2026-09-14T02:23:35.048+00:00,False,99,98.0,,98.0,293606.175152,300017.946544,300017.946627,3030.4843093636364,0.0228,293606.175152,29501.962475134296,89.892301,65.42623869387755,20.684904852503422,0.3266471260432667,5,64,,False,False,Request timeout: 300.0s exceeded,471,21.16838264042747
203,2026-09-14T02:18:39.321+00:00,2026-09-14T02:23:32.713+00:00,2026-09-14T02:23:39.347+00:00,False,99,98.0,,98.0,293391.604921,300025.600441,300025.600258,3030.561618767677,0.02113,293391.604921,29480.16906431837,89.0874299,67.6938318367347,20.107979373504204,0.32663879300950416,5,64,,False,False,Request timeout: 300.0s exceeded,407,21.16838264042747
204,2026-09-14T02:18:44.184+00:00,2026-09-14T02:23:38.017+00:00,2026-09-14T02:23:44.259+00:00,False,93,92.0,,92.0,293832.36379000003,300074.05083,300074.05082600005,3226.6026970537637,0.03681,293832.36379000003,30461.967512325016,88.5521672,67.84442434782609,19.04939297323743,0.3065909889426609,5,64,,False,False,Request timeout: 300.0s exceeded,412,21.16838264042747
205,2026-09-14T02:18:47.165+00:00,2026-09-14T02:23:40.671+00:00,2026-09-14T02:23:47.189+00:00,False,99,98.0,,98.0,293506.074983,300023.802727,300023.802705,3030.5434616666666,0.03194,293506.074983,29491.79231886183,86.27477069999999,66.50742595918366,19.112793227624064,0.32664075019798655,5,64,,False,False,Request timeout: 300.0s exceeded,433,21.16838264042747
206,2026-09-14T02:18:50.657+00:00,2026-09-14T02:23:44.540+00:00,2026-09-14T02:23:50.711+00:00,False,92,91.0,,91.0,293882.701935,300053.813359,300053.81322,3261.4544915217393,0.02104,293882.701935,30632.325569293684,87.92138105,67.81441125274725,19.298899943449985,0.30327893180655185,5,64,,False,False,Request timeout: 300.0s exceeded,450,21.16838264042747
207,2026-09-14T02:18:54.018+00:00,2026-09-14T02:23:47.614+00:00,2026-09-14T02:23:54.037+00:00,False,94,93.0,,93.0,293596.47218599997,300019.84472999995,300019.844848,3191.7004771063826,0.023059999999999997,293596.47218599997,30275.046737618366,88.98206515,69.06852197849463,20.232534960679754,0.3099794951353784,5,64,,False,False,Request timeout: 300.0s exceeded,471,21.16838264042747
208,2026-09-14T02:18:59.289+00:00,2026-09-14T02:23:52.435+00:00,2026-09-14T02:23:59.372+00:00,False,105,104.0,,104.0,293146.788026,300082.880698,300082.880826,2857.932198342857,0.039049999999999994,293146.788026,28601.696301958564,90.5035804,66.69319876923076,21.10249297917662,0.34657091986751626,5,64,,False,False,Request timeout: 300.0s exceeded,400,21.16838264042747
209,2026-09-14T02:19:02.977+00:00,2026-09-14T02:23:56.759+00:00,2026-09-14T02:24:02.993+00:00,False,106,105.0,,105.0,293782.22529000003,300016.11047400004,300016.110325,2830.3406634433964,0.0,293782.22529000003,28528.95945741585,94.73738475,59.37033508571429,65.20702671647791,0.34998120545629663,5,64,,False,False,Request timeout: 300.0s exceeded,321,21.16838264042747
210,2026-09-14T02:19:08.413+00:00,2026-09-14T02:24:02.523+00:00,2026-09-14T02:24:08.454+00:00,False,90,89.0,,89.0,294109.73690200003,300040.89491800003,300040.89486700005,3333.787720744445,0.03968,294109.73690200003,30994.869974262077,88.4005464,66.6422248988764,19.91603710975941,0.29662623164860025,5,64,,False,False,Request timeout: 300.0s exceeded,352,21.16838264042747
211,2026-09-14T02:19:11.393+00:00,2026-09-14T02:24:04.826+00:00,2026-09-14T02:24:11.428+00:00,False,101,100.0,,100.0,293433.78825700004,300035.906657,300035.90649400005,2970.6525395445547,0.03731,293433.78825700004,29191.190281010793,86.725187,66.021184,19.451902237481068,0.3332934418223471,5,64,,False,False,Request timeout: 300.0s exceeded,463,21.16838264042747
212,2026-09-14T02:19:14.998+00:00,2026-09-14T02:24:09.050+00:00,2026-09-14T02:24:15.074+00:00,False,88,87.0,,87.0,294052.414579,300075.89029099996,300075.890279,3409.9532986249997,0.040310000000000006,294052.414579,31338.71779647318,87.39806684999999,69.23535301149425,18.8312037398865,0.28992665793853467,5,64,,False,False,Request timeout: 300.0s exceeded,454,21.16838264042747
213,2026-09-14T02:19:19.766+00:00,2026-09-14T02:24:13.802+00:00,2026-09-14T02:24:19.837+00:00,False,88,87.0,,87.0,294036.145654,300070.998518,300070.998491,3409.897710125,0.022879999999999998,294036.145654,31336.970173315076,89.35116155,69.36612487356321,19.799628244587076,0.2899313843379677,5,64,,False,False,Request timeout: 300.0s exceeded,380,21.16838264042747
214,2026-09-14T02:19:24.612+00:00,2026-09-14T02:24:18.483+00:00,2026-09-14T02:24:24.671+00:00,False,92,91.0,,91.0,293870.965814,300058.64223,300058.642168,3261.5069800869564,0.03557,293870.965814,30631.08375239483,88.38248455000002,67.99644413186815,20.446529103176772,0.30327405111113903,5,64,,False,False,Request timeout: 300.0s exceeded,397,21.16838264042747
215,2026-09-14T02:19:30.082+00:00,2026-09-14T02:24:23.682+00:00,2026-09-14T02:24:30.094+00:00,False,97,96.0,,96.0,293599.797241,300011.56607299997,300011.565851,3092.9027407319586,0.04599,293599.797241,29803.76829541415,89.89133440000002,66.78925866666667,20.380408672762982,0.3199876633310894,5,64,,False,False,Request timeout: 300.0s exceeded,463,21.16838264042747
216,2026-09-14T02:19:34.899+00:00,2026-09-14T02:24:28.255+00:00,2026-09-14T02:24:34.943+00:00,False,101,100.0,,100.0,293356.49422600004,300044.055186,300044.05500500003,2970.7332178712877,0.0217,293356.49422600004,29183.414790591254,88.83865300000001,66.8756096,20.297225239221607,0.3332843903139794,5,64,,False,False,Request timeout: 300.0s exceeded,443,21.16838264042747
217,2026-09-14T02:19:39.667+00:00,2026-09-14T02:24:33.283+00:00,2026-09-14T02:24:39.724+00:00,False,94,93.0,,93.0,293616.283865,300056.991449,300056.991523,3192.0956545,0.035079,293616.283865,30277.07075222045,87.4925505,69.25492025806453,19.961237695723135,0.30994112002155094,5,64,,False,False,Request timeout: 300.0s exceeded,311,21.16838264042747
218,2026-09-14T02:19:45.039+00:00,2026-09-14T02:24:38.717+00:00,2026-09-14T02:24:45.099+00:00,False,91,90.0,,90.0,293678.777496,300059.990168,300059.990311,3297.3625308901096,0.044020000000000004,293678.777496,30778.474965848825,89.65359049999999,70.90236302222222,20.302354984903165,0.29994002182566915,5,64,,False,False,Request timeout: 300.0s exceeded,425,21.16838264042747
219,2026-09-14T02:19:50.284+00:00,2026-09-14T02:24:43.763+00:00,2026-09-14T02:24:50.318+00:00,False,110,109.0,,109.0,293478.55416,300034.073904,300034.073796,2727.5824890545455,0.01491,293478.55416,27977.1934927283,90.63929844999998,60.142382972477066,218.52713962538508,0.36329207073619263,5,64,,False,False,Request timeout: 300.0s exceeded,452,21.16838264042747
220,2026-09-14T02:19:53.874+00:00,2026-09-14T02:24:48.750+00:00,2026-09-14T02:24:53.937+00:00,False,74,73.0,,73.0,294876.496829,300062.822077,300062.822276,4054.90300372973,0.04119,294876.496829,34270.44409308004,92.14983464999999,71.04555134246576,21.242811591604127,0.24328238831689475,5,64,,False,False,Request timeout: 300.0s exceeded,147,21.16838264042747
221,2026-09-14T02:19:58.758+00:00,2026-09-14T02:24:52.579+00:00,2026-09-14T02:24:58.767+00:00,False,96,95.0,,95.0,293820.941498,300009.165242,300009.16527,3125.0954715625,0.0,293820.941498,29981.40293187537,88.27799300000001,65.13919730526315,68.26828453502853,0.31665699254010793,5,64,,False,False,Request timeout: 300.0s exceeded,368,21.16838264042747
222,2026-09-14T02:20:04.134+00:00,2026-09-14T02:24:58.179+00:00,2026-09-14T02:25:04.145+00:00,False,90,89.0,,89.0,294044.43335,300010.74631,300010.746431,3333.4527381222224,0.03617,294044.43335,30987.944616328343,87.02848445,67.03722426966293,19.720326427431015,0.29665604014076424,5,64,,False,False,Request timeout: 300.0s exceeded,382,21.16838264042747
223,2026-09-14T02:20:07.531+00:00,2026-09-14T02:25:01.187+00:00,2026-09-14T02:25:07.581+00:00,False,97,96.0,,96.0,293656.45546100003,300050.48528500006,300050.485409,3093.30397328866,0.02563,293656.45546100003,29809.539487286427,87.32347880000002,66.60447733333334,19.873383135300244,0.31994615809008053,5,64,,False,False,Request timeout: 300.0s exceeded,470,21.16838264042747
224,2026-09-14T02:20:12.103+00:00,2026-09-14T02:25:05.843+00:00,2026-09-14T02:25:12.142+00:00,False,93,92.0,,92.0,293739.71527999995,300038.90427199996,300038.90438699996,3226.2247783548382,0.041089,293739.71527999995,30452.296028663874,88.22032220000001,68.46944556521738,19.88634888597123,0.30662690301187573,5,64,,False,False,Request timeout: 300.0s exceeded,346,21.16838264042747
225,2026-09-14T02:20:16.572+00:00,2026-09-14T02:25:10.194+00:00,2026-09-14T02:25:16.660+00:00,False,93,92.0,,92.0,293621.288852,300087.69499600003,300087.69502800005,3226.749408903226,0.039060000000000004,293621.288852,30439.827474299458,91.79370099999998,70.28702330434783,20.140745675633084,0.3065770490896879,5,64,,False,False,Request timeout: 300.0s exceeded,411,21.16838264042747
226,2026-09-14T02:20:21.477+00:00,2026-09-14T02:25:15.162+00:00,2026-09-14T02:25:21.542+00:00,False,91,90.0,,90.0,293685.550361,300065.028633,300065.028519,3297.417895813187,0.01823,293685.550361,30779.187205162587,92.41807,70.88309191111112,20.65170067871015,0.29993498545968894,5,64,,False,False,Request timeout: 300.0s exceeded,421,21.16838264042747
227,2026-09-14T02:20:25.662+00:00,2026-09-14T02:25:19.330+00:00,2026-09-14T02:25:25.681+00:00,False,97,96.0,,96.0,293667.229152,300019.04150399996,300019.041468,3092.9798089484534,0.022269999999999998,293667.229152,29810.67861415865,87.81231480000001,66.164712,20.72370768623285,0.31997969035148754,5,64,,False,False,Request timeout: 300.0s exceeded,323,21.16838264042747
228,2026-09-14T02:20:29.815+00:00,2026-09-14T02:25:23.798+00:00,2026-09-14T02:25:29.847+00:00,False,87,86.0,,86.0,293983.047688,300032.071176,300032.071056,3448.644494896552,0.03018,293983.047688,31510.756494945774,91.368701,70.33748241860465,20.230778863708544,0.2866360241520716,5,64,,False,False,Request timeout: 300.0s exceeded,376,21.16838264042747
229,2026-09-14T02:20:35.140+00:00,2026-09-14T02:25:28.810+00:00,2026-09-14T02:25:35.178+00:00,False,90,89.0,,89.0,293669.690914,300038.255906,300038.255856,3333.7583984,0.03917,293669.690914,30947.96717567625,91.84874350000001,71.55691002247191,20.173753554742675,0.29662884064985073,5,64,,False,False,Request timeout: 300.0s exceeded,408,21.16838264042747
230,2026-09-14T02:20:40.065+00:00,2026-09-14T02:25:33.898+00:00,2026-09-14T02:25:40.080+00:00,False,92,91.0,,91.0,293832.654064,300014.470896,300014.470819,3261.026856728261,0.020489999999999998,293832.654064,30627.09557531836,88.40060745,67.9320530989011,19.492579627262064,0.3033187023553446,5,64,,False,False,Request timeout: 300.0s exceeded,413,21.16838264042747
231,2026-09-14T02:20:44.774+00:00,2026-09-14T02:25:38.430+00:00,2026-09-14T02:25:44.813+00:00,False,95,94.0,,94.0,293656.290649,300039.51496899995,300039.51503999997,3158.3106846315786,0.02207,293656.290649,30121.539610803135,89.6309247,67.90664170212767,20.600261979573634,0.31329206757887235,5,64,,False,False,Request timeout: 300.0s exceeded,418,21.16838264042747
232,2026-09-14T02:20:49.638+00:00,2026-09-14T02:25:43.850+00:00,2026-09-14T02:25:49.660+00:00,False,83,82.0,,82.0,294211.48039,300022.32557399996,300022.325532,3614.726813638554,0.03706,294211.48039,32286.133013455958,88.71874299999999,70.86396565853659,19.66977782989151,0.27331299376844154,5,64,,False,False,Request timeout: 300.0s exceeded,366,21.16838264042747
233,2026-09-14T02:20:55.042+00:00,2026-09-14T02:25:49.075+00:00,2026-09-14T02:25:55.070+00:00,False,94,93.0,,93.0,294032.597986,300027.959778,300027.959762,3191.7868059787234,0.0,294032.597986,30320.57899941531,89.483739,64.46625582795699,70.60426218645101,0.30997111092184065,5,64,,False,False,Request timeout: 300.0s exceeded,235,21.16838264042747
234,2026-09-14T02:21:00.052+00:00,2026-09-14T02:25:53.853+00:00,2026-09-14T02:26:00.068+00:00,False,93,92.0,,92.0,293800.45271700004,300015.41028500005,300015.41040000005,3225.97215483871,0.05059,293800.45271700004,30458.68984730126,89.8059922,67.55388660869566,20.94534370902464,0.3066509147400278,5,64,,False,False,Request timeout: 300.0s exceeded,433,21.16838264042747
235,2026-09-14T02:21:03.349+00:00,2026-09-14T02:25:57.068+00:00,2026-09-14T02:26:03.361+00:00,False,92,91.0,,91.0,293719.760199,300012.543815,300012.543718,3261.005909978261,0.04004,293719.760199,30615.198872741723,90.09276009999999,69.1514683076923,20.15914377666915,0.30332065067290764,5,64,,False,False,Request timeout: 300.0s exceeded,320,21.16838264042747
236,2026-09-14T02:21:06.571+00:00,2026-09-14T02:26:00.461+00:00,2026-09-14T02:26:06.603+00:00,False,88,87.0,,87.0,293890.31894,300032.353116,300032.353139,3409.4585583977278,0.022670000000000003,293890.31894,31321.293955806344,90.46974185,70.59809397701149,20.254887909604363,0.289968728693614,5,64,,False,False,Request timeout: 300.0s exceeded,457,21.16838264042747
237,2026-09-14T02:21:11.003+00:00,2026-09-14T02:26:04.557+00:00,2026-09-14T02:26:11.013+00:00,False,98,97.0,,97.0,293554.577573,300010.30774899997,300010.307738,3061.3296707959184,0.02622,293554.577573,29646.774648808467,90.767711,66.55391934020618,20.85536957906581,0.32332222425222096,5,64,,False,False,Request timeout: 300.0s exceeded,448,21.16838264042747
238,2026-09-14T02:21:14.751+00:00,2026-09-14T02:26:08.646+00:00,2026-09-14T02:26:14.782+00:00,False,88,87.0,,87.0,293895.85559399996,300031.34333799995,300031.34331499995,3409.4470831249996,0.023100000000000002,293895.85559399996,31321.892219843314,88.23257249999999,70.52284763218391,20.30724146392354,0.2899697046051294,5,64,,False,False,Request timeout: 300.0s exceeded,324,21.16838264042747
239,2026-09-14T02:21:18.771+00:00,2026-09-14T02:26:12.780+00:00,2026-09-14T02:26:18.846+00:00,False,91,90.0,,90.0,294009.135385,300074.775065,300074.775104,3297.525001142857,0.019989999999999997,294009.135385,30813.473607479893,89.851495,67.39599644444445,20.554606819576232,0.2999252435680569,5,64,,False,False,Request timeout: 300.0s exceeded,372,21.16838264042747
240,2026-09-14T02:21:22.586+00:00,2026-09-14T02:26:16.511+00:00,2026-09-14T02:26:22.629+00:00,False,94,93.0,,93.0,293924.849294,300043.52782200003,300043.527881,3191.9524242659577,0.019760000000000003,293924.849294,30309.254451941328,89.28332515,65.79224223655913,20.662213663817308,0.3099550277757432,5,64,,False,False,Request timeout: 300.0s exceeded,424,21.16838264042747
241,2026-09-14T02:21:25.837+00:00,2026-09-14T02:26:19.552+00:00,2026-09-14T02:26:25.889+00:00,False,92,91.0,,91.0,293714.96962,300051.824148,300051.82427599997,3261.432872565217,0.02082,293714.96962,30614.64940412768,91.74397359999999,69.63576404395604,20.87611161378897,0.3032809424118496,5,64,,False,False,Request timeout: 300.0s exceeded,424,21.16838264042747
242,2026-09-14T02:21:29.936+00:00,2026-09-14T02:26:23.651+00:00,2026-09-14T02:26:29.977+00:00,False,96,95.0,,95.0,293715.24562199996,300040.541238,300040.54104099993,3125.422302510416,0.02346,293715.24562199996,29970.398277244294,88.7118555,66.58205911578948,20.67012292381188,0.3166238789198941,5,64,,False,False,Request timeout: 300.0s exceeded,271,21.16838264042747
243,2026-09-14T02:21:35.242+00:00,2026-09-14T02:26:28.862+00:00,2026-09-14T02:26:35.254+00:00,False,94,93.0,,93.0,293619.89392400003,300011.692708,300011.692563,3191.613750670213,0.03643,293619.89392400003,30277.497344722637,87.9519183,68.72901918279571,19.962231104986746,0.30998791800597075,5,64,,False,False,Request timeout: 300.0s exceeded,207,21.16838264042747
244,2026-09-14T02:21:39.194+00:00,2026-09-14T02:26:32.689+00:00,2026-09-14T02:26:39.235+00:00,False,99,98.0,,98.0,293494.52732,300040.933464,300040.933373,3030.716498717172,0.02252,293494.52732,29490.603093657843,89.32679500000002,66.80006269387755,20.276709000075954,0.32662210075332404,5,64,,False,False,Request timeout: 300.0s exceeded,367,21.16838264042747
245,2026-09-14T02:21:43.860+00:00,2026-09-14T02:26:37.431+00:00,2026-09-14T02:26:43.879+00:00,False,98,97.0,,97.0,293571.55828,300019.168648,300019.168613,3061.420087887755,0.03982,293571.55828,29648.498055549622,88.719484,66.47020997938144,20.332830438261666,0.32331267511045625,5,64,,False,False,Request timeout: 300.0s exceeded,452,21.16838264042747
246,2026-09-14T02:21:47.680+00:00,2026-09-14T02:26:41.125+00:00,2026-09-14T02:26:47.744+00:00,False,106,105.0,,105.0,293445.738997,300064.632309,300064.632278,2830.798417716981,0.0,293445.738997,28495.914952557956,89.9219825,63.03707916190476,62.50064269572898,0.349924611881194,5,64,,False,False,Request timeout: 300.0s exceeded,182,21.16838264042747
247,2026-09-14T02:21:52.218+00:00,2026-09-14T02:26:47.655+00:00,2026-09-14T02:26:52.232+00:00,False,71,70.0,,70.0,295436.821795,300013.310755,300013.310839,4225.5395892816905,0.02538,295436.821795,35054.14702424643,87.980049,65.37841371428571,20.46495679953533,0.23332298098321425,5,64,,False,False,Request timeout: 300.0s exceeded,355,21.16838264042747
248,2026-09-14T02:21:55.444+00:00,2026-09-14T02:26:49.090+00:00,2026-09-14T02:26:55.468+00:00,False,96,95.0,,95.0,293645.968058,300023.88575400005,300023.88563800004,3125.2488087291667,0.03049,293645.968058,29963.270995731495,89.545861,67.13597574736842,20.4677289896616,0.31664145593359116,5,64,,False,False,Request timeout: 300.0s exceeded,186,21.16838264042747
249,2026-09-14T02:22:00.735+00:00,2026-09-14T02:26:54.707+00:00,2026-09-14T02:27:00.772+00:00,False,89,88.0,,88.0,293971.67109200003,300036.70328400005,300036.70344300003,3371.198915089888,0.02061,293971.67109200003,31153.63563010473,88.14693399999999,68.92082036363637,20.097224444411296,0.29329745006797886,5,64,,False,False,Request timeout: 300.0s exceeded,548,21.16838264042747
250,2026-09-14T02:22:03.722+00:00,2026-09-14T02:26:57.667+00:00,2026-09-14T02:27:03.786+00:00,False,87,86.0,,86.0,293945.211639,300063.97362299997,300063.973575,3449.011190517241,0.03925,293945.211639,31506.61263522799,88.49907999999999,71.1483951627907,19.474051821389622,0.2866055493487875,5,64,,False,False,Request timeout: 300.0s exceeded,425,21.16838264042747
251,2026-09-14T02:22:07.715+00:00,2026-09-14T02:27:01.574+00:00,2026-09-14T02:27:07.732+00:00,False,90,89.0,,89.0,293858.99803200003,300017.139984,300017.139916,3333.523776844445,0.02075,293858.99803200003,30968.170937818675,88.78420395,69.19260620224719,19.899438676404912,0.2966497180952608,5,64,,False,False,Request timeout: 300.0s exceeded,379,21.16838264042747
252,2026-09-14T02:22:11.522+00:00,2026-09-14T02:27:05.396+00:00,2026-09-14T02:27:11.606+00:00,False,93,92.0,,92.0,293874.213742,300084.23307,300084.233135,3226.7121842473116,0.030350000000000002,293874.213742,30466.343508117956,89.07224000000002,67.50021008695651,20.0966606460576,0.3065805859201518,5,64,,False,False,Request timeout: 300.0s exceeded,448,21.16838264042747
253,2026-09-14T02:22:15.396+00:00,2026-09-14T02:27:09.387+00:00,2026-09-14T02:27:15.430+00:00,False,92,91.0,,91.0,293990.45172799996,300033.91233599995,300033.912354,3261.238177760869,0.02271,293990.45172799996,30643.70645534997,90.06927109999998,66.41165503296703,20.76601040973402,0.3032990480692447,5,64,,False,False,Request timeout: 300.0s exceeded,209,21.16838264042747
254,2026-09-14T02:22:19.034+00:00,2026-09-14T02:27:12.792+00:00,2026-09-14T02:27:19.093+00:00,False,97,96.0,,96.0,293757.612691,300058.436755,300058.436713,3093.385945494845,0.023,293757.612691,29819.91002497993,90.53946,65.633584,21.335815723333432,0.3199376796006731,5,64,,False,False,Request timeout: 300.0s exceeded,444,21.16838264042747
255,2026-09-14T02:22:23.277+00:00,2026-09-14T02:27:16.859+00:00,2026-09-14T02:27:23.324+00:00,False,94,93.0,,93.0,293581.217116,300046.54038,300046.54035100003,3191.984471819149,0.030199999999999998,293581.217116,30273.42677392364,88.90500479999999,69.51960498924731,20.235223502164352,0.3099519157335334,5,64,,False,False,Request timeout: 300.0s exceeded,384,21.16838264042747
256,2026-09-14T02:22:26.931+00:00,2026-09-14T02:27:20.999+00:00,2026-09-14T02:27:26.939+00:00,False,84,83.0,,83.0,294068.45112800004,300008.07685600006,300008.07683300006,3571.5247242023815,0.03578,294068.45112800004,32077.69624400854,89.96260965000002,71.56175575903615,19.36801254171139,0.2766592182111114,5,64,,False,False,Request timeout: 300.0s exceeded,343,21.16838264042747
257,2026-09-14T02:22:30.084+00:00,2026-09-14T02:27:23.955+00:00,2026-09-14T02:27:30.105+00:00,False,89,88.0,,88.0,293870.926667,300020.989771,300020.989868,3371.0223580674156,0.036139000000000004,293870.926667,31142.85403405044,88.75229279999999,69.88708072727273,19.64177375179051,0.29331281143752186,5,64,,False,False,Request timeout: 300.0s exceeded,357,21.16838264042747
258,2026-09-14T02:22:33.381+00:00,2026-09-14T02:27:27.105+00:00,2026-09-14T02:27:33.408+00:00,False,98,97.0,,97.0,293723.853819,300026.508539,300026.508458,3061.4949842653064,0.02589,293723.853819,29664.032781120426,87.19542589999999,64.9758218556701,19.735167356311134,0.323304765543379,5,64,,False,False,Request timeout: 300.0s exceeded,442,21.16838264042747
259,2026-09-14T02:22:38.638+00:00,2026-09-14T02:27:32.240+00:00,2026-09-14T02:27:38.668+00:00,False,98,97.0,,97.0,293601.63351899997,300030.090223,300030.090292,3061.5315335918363,0.02117,293601.63351899997,29651.55603355291,88.3448027,66.2727495257732,20.295064451353266,0.32330090601213995,5,64,,False,False,Request timeout: 300.0s exceeded,472,21.16838264042747
260,2026-09-14T02:22:41.603+00:00,2026-09-14T02:27:35.401+00:00,2026-09-14T02:27:41.645+00:00,False,90,89.0,,89.0,293798.156457,300042.124201,300042.124069,3333.8013785444446,0.02388,293798.156457,30961.655800934746,89.10978035,70.15694094382022,19.544787794929583,0.2966250163606306,5,64,,False,False,Request timeout: 300.0s exceeded,429,21.16838264042747
261,2026-09-14T02:22:46.646+00:00,2026-09-14T02:27:40.158+00:00,2026-09-14T02:27:46.653+00:00,False,103,102.0,,102.0,293511.79713300004,300006.74932500004,300006.749315,2912.6868865533984,0.0,293511.79713300004,28914.37774370747,90.43604719999999,63.67600188235294,66.27328080884156,0.33999235093708663,5,64,,False,False,Request timeout: 300.0s exceeded,459,21.16838264042747
262,2026-09-14T02:22:51.926+00:00,2026-09-14T02:27:45.567+00:00,2026-09-14T02:27:51.965+00:00,False,92,91.0,,91.0,293640.852781,300038.25668500003,300038.25660100003,3261.2853978369567,0.019579999999999997,293640.852781,30606.851987472626,88.69135504999998,70.3011418021978,19.601405004701984,0.30329465650621285,5,64,,False,False,Request timeout: 300.0s exceeded,394,21.16838264042747
263,2026-09-14T02:22:56.137+00:00,2026-09-14T02:27:49.637+00:00,2026-09-14T02:27:56.203+00:00,False,96,95.0,,95.0,293500.18757,300066.356402,300066.356373,3125.69121221875,0.01871,293500.18757,29948.189942166126,88.96317950000001,69.11756665263158,20.240351840762692,0.3165966392871054,5,64,,False,False,Request timeout: 300.0s exceeded,461,21.16838264042747
264,2026-09-14T02:23:00.467+00:00,2026-09-14T02:27:54.101+00:00,2026-09-14T02:28:00.500+00:00,False,96,95.0,,95.0,293633.975949,300032.598413,300032.598526,3125.3395679791665,0.01995,293633.975949,29962.024942144613,89.413194,67.35392067368421,20.658859713335534,0.31663226096929264,5,64,,False,False,Request timeout: 300.0s exceeded,396,21.16838264042747
265,2026-09-14T02:23:04.265+00:00,2026-09-14T02:27:57.878+00:00,2026-09-14T02:28:04.300+00:00,False,96,95.0,,95.0,293613.21953500004,300035.34126300004,300035.34133200004,3125.3681388750006,0.04329,293613.21953500004,29959.881019382097,88.42415099999998,67.60128134736841,20.312206590803473,0.3166293663942958,5,64,,False,False,Request timeout: 300.0s exceeded,461,21.16838264042747
266,2026-09-14T02:23:08.558+00:00,2026-09-14T02:28:02.419+00:00,2026-09-14T02:28:08.581+00:00,False,90,89.0,,89.0,293861.568522,300023.36589799996,300023.365888,3333.592954311111,0.02316,293861.568522,30968.43799946324,92.36955095000002,69.23367838202248,20.57685130390543,0.29664356218927845,5,64,,False,False,Request timeout: 300.0s exceeded,408,21.16838264042747
267,2026-09-14T02:23:12.524+00:00,2026-09-14T02:28:06.697+00:00,2026-09-14T02:28:14.635+00:00,False,80,79.0,,79.0,294173.08258700004,302111.18972300005,302111.189872,3776.3898734000004,0.03336,294173.08258700004,32879.620805191604,92.47395840000001,100.48236881012659,294.76542941676234,0.2614931279852083,5,64,,False,False,Request timeout: 300.0s exceeded,347,21.16838264042747
268,2026-09-14T02:23:17.794+00:00,2026-09-14T02:28:11.868+00:00,2026-09-14T02:28:17.874+00:00,False,100,99.0,,99.0,294074.349157,300080.393829,300080.393766,3000.80393766,0.01537,294074.349157,29402.63991531604,92.23209205,60.6671178989899,274.8541306635537,0.32991159048003277,5,64,,False,False,Request timeout: 300.0s exceeded,457,21.16838264042747
269,2026-09-14T02:23:21.713+00:00,2026-09-14T02:28:16.020+00:00,2026-09-14T02:28:21.744+00:00,False,83,82.0,,82.0,294307.333658,300031.558938,300031.559054,3614.8380608915663,0.053259999999999995,294307.333658,32296.77003611706,87.346375,69.80762536585365,19.357095799368796,0.27330458265873586,5,64,,False,False,Request timeout: 300.0s exceeded,375,21.16838264042747
270,2026-09-14T02:23:26.004+00:00,2026-09-14T02:28:19.426+00:00,2026-09-14T02:28:26.079+00:00,False,98,97.0,,97.0,293421.573414,300074.75818199996,300074.75831899996,3061.9873297857143,0.019280000000000002,293421.573414,29633.133215554837,88.86273485,68.58953369072165,20.332889936206637,0.3232527806992949,5,64,,False,False,Request timeout: 300.0s exceeded,523,21.16838264042747
271,2026-09-14T02:23:29.924+00:00,2026-09-14T02:28:23.227+00:00,2026-09-14T02:28:29.962+00:00,False,100,99.0,,99.0,293303.520498,300038.09765,300038.097651,3000.3809765100004,0.01902,293303.520498,29323.556586650953,90.11857445,68.02603183838384,20.56733446216247,0.3299580979062377,5,64,,False,False,Request timeout: 300.0s exceeded,466,21.16838264042747
272,2026-09-14T02:23:34.243+00:00,2026-09-14T02:28:27.893+00:00,2026-09-14T02:28:34.268+00:00,False,94,93.0,,93.0,293649.523874,300024.964002,300024.964086,3191.7549370851066,0.06054,293649.523874,30280.572166423633,90.59174165,68.55311965591397,20.83846145122148,0.309974206011004,5,64,,False,False,Request timeout: 300.0s exceeded,452,21.16838264042747
273,2026-09-14T02:23:38.401+00:00,2026-09-14T02:28:32.383+00:00,2026-09-14T02:28:38.425+00:00,False,89,88.0,,88.0,293982.91803500004,300024.26997100003,300024.27000200003,3371.0592135056186,0.0,293982.91803500004,31154.9244052659,90.8076108,68.65172654545455,68.51692896901744,0.29330960461467326,5,64,,False,False,Request timeout: 300.0s exceeded,194,21.16838264042747
274,2026-09-14T02:23:42.980+00:00,2026-09-14T02:28:36.796+00:00,2026-09-14T02:28:43.014+00:00,False,96,95.0,,95.0,293816.502853,300034.425157,300034.425127,3125.3585950729166,0.0,293816.502853,29980.91322317134,88.86914025000002,65.45181372631579,66.10977498614244,0.31663033317023215,5,64,,False,False,Request timeout: 300.0s exceeded,410,21.16838264042747
275,2026-09-14T02:23:47.260+00:00,2026-09-14T02:28:40.848+00:00,2026-09-14T02:28:47.297+00:00,False,96,95.0,,95.0,293587.966051,300037.24451499997,300037.244546,3125.3879640208334,0.03591,293587.966051,29957.27375310474,87.62217225,67.88714172631579,19.290055968889206,0.31662735789206525,5,64,,False,False,Request timeout: 300.0s exceeded,313,21.16838264042747
276,2026-09-14T02:23:51.188+00:00,2026-09-14T02:28:44.653+00:00,2026-09-14T02:28:51.218+00:00,False,98,97.0,,97.0,293464.814996,300030.221716,300030.221766,3061.532875163265,0.07438,293464.814996,29637.592369775866,88.16241985,67.68460536082475,19.862311744126824,0.32330076432039373,5,64,,False,False,Request timeout: 300.0s exceeded,433,21.16838264042747
277,2026-09-14T02:23:55.250+00:00,2026-09-14T02:28:49.069+00:00,2026-09-14T02:28:55.288+00:00,False,94,93.0,,93.0,293819.144394,300038.174154,300038.174085,3191.8954689893617,0.01719,293819.144394,30298.24056731925,89.9885355,66.87128774193549,20.71511547446423,0.30996055839303327,5,64,,False,False,Request timeout: 300.0s exceeded,462,21.16838264042747
278,2026-09-14T02:23:58.985+00:00,2026-09-14T02:28:52.430+00:00,2026-09-14T02:28:59.037+00:00,False,97,96.0,,96.0,293444.707768,300052.19013600005,300052.1901,3093.321547422681,0.03297,293444.707768,29787.81479299535,89.2608378,68.82794133333333,21.021827392785994,0.3199443402045743,5,64,,False,False,Request timeout: 300.0s exceeded,373,21.16838264042747
279,2026-09-14T02:24:03.828+00:00,2026-09-14T02:28:57.524+00:00,2026-09-14T02:29:03.859+00:00,False,93,92.0,,92.0,293695.555063,300030.663159,300030.663179,3226.136163215054,0.016579999999999998,293695.555063,30447.676992617355,89.7162464,68.85987060869566,20.86713895631397,0.3066353253075503,5,64,,False,False,Request timeout: 300.0s exceeded,211,21.16838264042747
280,2026-09-14T02:24:07.868+00:00,2026-09-14T02:29:01.360+00:00,2026-09-14T02:29:07.895+00:00,False,95,94.0,,94.0,293492.39096399996,300026.80146,300026.80156999995,3158.1768586315784,0.05021,293492.39096399996,30104.5590413407,91.6640507,69.51500527659574,20.885042458178784,0.31330534319792164,5,64,,False,False,Request timeout: 300.0s exceeded,469,21.16838264042747
281,2026-09-14T02:24:12.095+00:00,2026-09-14T02:29:06.340+00:00,2026-09-14T02:29:12.157+00:00,False,87,86.0,,86.0,294244.93518000003,300061.96558,300061.96558,3448.988110114943,0.03756,294244.93518000003,31539.122870793843,88.470918,67.63988837209303,20.045452144930014,0.2866074673401798,5,64,,False,False,Request timeout: 300.0s exceeded,252,21.16838264042747
282,2026-09-14T02:24:15.282+00:00,2026-09-14T02:29:09.272+00:00,2026-09-14T02:29:15.338+00:00,False,93,92.0,,92.0,293989.878561,300055.896609,300055.896665,3226.4074910215054,0.01691,293989.878561,30478.499657885986,89.023706,65.9349787826087,20.038971714964458,0.3066095385550257,5,64,,False,False,Request timeout: 300.0s exceeded,405,21.16838264042747
283,2026-09-14T02:24:20.430+00:00,2026-09-14T02:29:13.799+00:00,2026-09-14T02:29:20.473+00:00,False,103,102.0,,102.0,293368.846784,300043.46156799997,300043.461604,2913.0433165436893,0.036128999999999994,293368.846784,28900.05088360985,88.21873310000001,65.43739984313726,20.527066655640002,0.3399507506911073,5,64,,False,False,Request timeout: 300.0s exceeded,488,21.16838264042747
284,2026-09-14T02:24:24.415+00:00,2026-09-14T02:29:17.755+00:00,2026-09-14T02:29:24.422+00:00,False,96,95.0,,95.0,293340.082889,300006.961097,300006.961185,3125.07251234375,0.04281,293340.082889,29931.741257892354,90.19867975,70.17766534736842,20.424206194142158,0.316659319012548,5,64,,False,False,Request timeout: 300.0s exceeded,467,21.16838264042747
285,2026-09-14T02:24:28.718+00:00,2026-09-14T02:29:22.420+00:00,2026-09-14T02:29:28.775+00:00,False,90,89.0,,89.0,293702.037227,300056.924139,300056.92391199997,3333.965821244444,0.03655,293702.037227,30951.3926225197,88.13772695,71.40322373033709,19.617761143192386,0.29661038569725245,5,64,,False,False,Request timeout: 300.0s exceeded,401,21.16838264042747
286,2026-09-14T02:24:32.280+00:00,2026-09-14T02:29:26.129+00:00,2026-09-14T02:29:32.298+00:00,False,91,90.0,,90.0,293849.85432700004,300018.125431,300018.12558600004,3296.9024789670334,0.02445,293849.85432700004,30796.656750693208,88.721512,68.53634559999999,20.360510069293422,0.29998187566403794,5,64,,False,False,Request timeout: 300.0s exceeded,452,21.16838264042747
287,2026-09-14T02:24:36.391+00:00,2026-09-14T02:29:30.140+00:00,2026-09-14T02:29:36.407+00:00,False,101,100.0,,100.0,293748.95989399997,300016.694422,300016.694593,2970.46232270297,0.0,293748.95989399997,29222.945175955218,88.78125199999998,62.677345280000004,63.28383766042209,0.3333147850077342,5,64,,False,False,Request timeout: 300.0s exceeded,411,21.16838264042747
288,2026-09-14T02:24:41.702+00:00,2026-09-14T02:29:35.310+00:00,2026-09-14T02:29:41.775+00:00,False,96,95.0,,95.0,293608.114106,300073.723066,300073.722977,3125.767947677083,0.03566,293608.114106,29959.313396325397,88.78016724999999,68.05904168421053,20.560034678882513,0.31658886699354594,5,64,,False,False,Request timeout: 300.0s exceeded,377,21.16838264042747
289,2026-09-14T02:24:47.566+00:00,2026-09-14T02:29:40.430+00:00,2026-09-14T02:29:47.685+00:00,False,113,112.0,,112.0,292863.66206199996,300118.693614,300118.693797,2655.917644221239,0.032729999999999995,292863.66206199996,27544.209909471138,91.46978899999998,64.77706742857143,20.78771867689339,0.3731856841415206,5,64,,False,False,Request timeout: 300.0s exceeded,253,21.16838264042747
290,2026-09-14T02:24:51.562+00:00,2026-09-14T02:29:45.077+00:00,2026-09-14T02:29:51.585+00:00,False,104,103.0,,103.0,293515.03311,300022.07720600005,300022.077234,2884.8276657115384,0.036270000000000004,293515.03311,28775.330131286242,91.37223515,63.175185398058254,21.58712877408073,0.3433080690567932,5,64,,False,False,Request timeout: 300.0s exceeded,504,21.16838264042747
291,2026-09-14T02:24:54.847+00:00,2026-09-14T02:29:48.911+00:00,2026-09-14T02:29:54.908+00:00,False,86,85.0,,85.0,294063.600585,300060.763849,300060.76379500004,3489.0786487790697,0.025,294063.600585,31702.09209492755,91.52035400000001,70.55486192941177,20.689851164978084,0.28327595687510376,5,64,,False,False,Request timeout: 300.0s exceeded,426,21.16838264042747
292,2026-09-14T02:24:59.068+00:00,2026-09-14T02:29:52.775+00:00,2026-09-14T02:29:59.094+00:00,False,93,92.0,,92.0,293707.03189,300025.921362,300025.921301,3226.0851752795697,0.057809,293707.03189,30448.88548620327,90.0394182,68.68358121739129,21.04619085718301,0.30664017156369716,5,64,,False,False,Request timeout: 300.0s exceeded,395,21.16838264042747
293,2026-09-14T02:25:03.470+00:00,2026-09-14T02:29:56.926+00:00,2026-09-14T02:30:03.520+00:00,False,98,97.0,,97.0,293455.54884299997,300049.236651,300049.23646399996,3061.726902693877,0.04995,293455.54884299997,29636.62788585157,88.27054700000001,67.97616296907216,21.302919080203235,0.3232802758729389,5,64,,False,False,Request timeout: 300.0s exceeded,451,21.16838264042747
294,2026-09-14T02:25:07.978+00:00,2026-09-14T02:30:01.626+00:00,2026-09-14T02:30:07.987+00:00,False,94,93.0,,93.0,293647.743862,300008.834934,300008.834954,3191.583350574468,0.02456,293647.743862,30280.404456927386,89.17927279999999,68.3988287311828,20.79539465405731,0.30999087083705185,5,64,,False,False,Request timeout: 300.0s exceeded,485,21.16838264042747
295,2026-09-14T02:25:11.540+00:00,2026-09-14T02:30:05.258+00:00,2026-09-14T02:30:11.623+00:00,False,95,94.0,,94.0,293718.007156,300083.59819600004,300083.597969,3158.774715463158,0.03362,293718.007156,30127.891104919705,89.4998197,67.71905361702127,20.994294838886255,0.3132460439860621,5,64,,False,False,Request timeout: 300.0s exceeded,473,21.16838264042747
296,2026-09-14T02:25:15.230+00:00,2026-09-14T02:30:09.131+00:00,2026-09-14T02:30:15.283+00:00,False,93,92.0,,92.0,293900.830633,300052.965289,300052.965196,3226.3759698494623,0.02576,293900.830633,30469.16895435269,89.8717406,66.87102886956522,20.341313221407685,0.30661253392843146,5,64,,False,False,Request timeout: 300.0s exceeded,436,21.16838264042747
297,2026-09-14T02:25:19.379+00:00,2026-09-14T02:30:12.952+00:00,2026-09-14T02:30:19.401+00:00,False,99,98.0,,98.0,293572.828718,300022.01399799995,300022.014024,3030.525394181818,0.03169,293572.828718,29498.572384694264,88.860995,65.80801306122449,20.279175216830545,0.3266426976276924,5,64,,False,False,Request timeout: 300.0s exceeded,484,21.16838264042747
298,2026-09-14T02:25:22.819+00:00,2026-09-14T02:30:16.413+00:00,2026-09-14T02:30:22.866+00:00,False,94,93.0,,93.0,293593.649917,300047.27295699995,300047.27287299995,3191.992264606383,0.061929000000000005,293593.649917,30274.721917066912,89.00549045,69.39379612903225,19.963680621026892,0.3099511589739658,5,64,,False,False,Request timeout: 300.0s exceeded,471,21.16838264042747
299,2026-09-14T02:25:26.856+00:00,2026-09-14T02:30:20.428+00:00,2026-09-14T02:30:26.899+00:00,False,94,93.0,,93.0,293571.768506,300042.23301799997,300042.232887,3191.9386477340427,0.02196,293571.768506,30272.44665205496,89.9226915,69.57488722580645,20.43004822370548,0.3099563653574755,5,64,,False,False,Request timeout: 300.0s exceeded,416,21.16838264042747
300,2026-09-14T02:25:31.187+00:00,2026-09-14T02:30:25.192+00:00,2026-09-14T02:30:31.193+00:00,False,96,95.0,,95.0,294005.087543,300005.824567,300005.824806,3125.0606750625,0.0,294005.087543,30000.393824701496,93.19063375,63.16565288421053,66.09789132701928,0.3166605186319766,5,64,,False,False,Request timeout: 300.0s exceeded,416,21.16838264042747
301,2026-09-14T02:25:34.236+00:00,2026-09-14T02:30:28.312+00:00,2026-09-14T02:30:34.327+00:00,False,94,93.0,,93.0,294075.339907,300090.53734700003,300090.537349,3192.452524989362,0.018420000000000002,294075.339907,30324.89140415136,90.611176,64.6795423655914,21.056001244530048,0.30990647296706475,5,64,,False,False,Request timeout: 300.0s exceeded,424,21.16838264042747
302,2026-09-14T02:25:37.413+00:00,2026-09-14T02:30:31.149+00:00,2026-09-14T02:30:37.422+00:00,False,92,91.0,,91.0,293736.020137,300008.696489,300008.69655600004,3260.964093,0.04618,293736.020137,30616.917453387832,89.08336064999999,68.93050936263735,20.658035938138184,0.30332454047156787,5,64,,False,False,Request timeout: 300.0s exceeded,429,21.16838264042747
303,2026-09-14T02:25:40.804+00:00,2026-09-14T02:30:34.829+00:00,2026-09-14T02:30:40.824+00:00,False,91,90.0,,90.0,294024.85129,300020.15548200003,300020.155434,3296.924784989011,0.0246,294024.85129,30815.203458742144,89.65849050000001,66.61449102222223,21.230285572701714,0.2999798458720539,5,64,,False,False,Request timeout: 300.0s exceeded,405,21.16838264042747
304,2026-09-14T02:25:43.886+00:00,2026-09-14T02:30:37.420+00:00,2026-09-14T02:30:43.920+00:00,False,98,97.0,,97.0,293533.12407,300033.984998,300033.985127,3061.5712768061226,0.023100000000000002,293533.12407,29644.559702253304,88.5822665,67.01918482474227,19.646992448723935,0.32329670920661396,5,64,,False,False,Request timeout: 300.0s exceeded,145,21.16838264042747
305,2026-09-14T02:25:47.994+00:00,2026-09-14T02:30:41.731+00:00,2026-09-14T02:30:48.026+00:00,False,94,93.0,,93.0,293737.04524,300032.719096,300032.71907,3191.8374369148937,0.0248,293737.04524,30289.68726872858,88.71786780000001,67.69541780645162,20.089565219723763,0.3099661939544775,5,64,,False,False,Request timeout: 300.0s exceeded,434,21.16838264042747
306,2026-09-14T02:25:52.284+00:00,2026-09-14T02:30:46.051+00:00,2026-09-14T02:30:52.326+00:00,False,96,95.0,,95.0,293766.678662,300042.543238,300042.543174,3125.4431580625,0.02214,293766.678662,29975.700952461735,89.62736850000002,66.06173237894737,20.973212283912442,0.3166217662828035,5,64,,False,False,Request timeout: 300.0s exceeded,336,21.16838264042747
307,2026-09-14T02:25:56.843+00:00,2026-09-14T02:30:50.478+00:00,2026-09-14T02:30:56.892+00:00,False,97,96.0,,96.0,293635.291806,300048.99753399997,300048.997667,3093.288635742268,0.025,293635.291806,29807.370254656915,88.98581060000001,66.80943466666666,20.501207029294896,0.3199477444983691,5,64,,False,False,Request timeout: 300.0s exceeded,475,21.16838264042747
308,2026-09-14T02:26:02.198+00:00,2026-09-14T02:30:55.689+00:00,2026-09-14T02:31:02.228+00:00,False,97,96.0,,96.0,293490.543507,300029.586067,300029.58617300005,3093.0885172474227,0.01841,293490.543507,29792.540725163093,90.0687032,68.11502666666667,20.490650929258884,0.31996844464053,5,64,,False,False,Request timeout: 300.0s exceeded,471,21.16838264042747
309,2026-09-14T02:26:07.253+00:00,2026-09-14T02:31:00.400+00:00,2026-09-14T02:31:07.262+00:00,False,103,102.0,,102.0,293146.928386,300009.70444999996,300009.70435899997,2912.715576300971,0.04528,293146.928386,28878.00296542161,89.033162,67.2821182745098,20.684388996019653,0.3399890019790992,5,64,,False,False,Request timeout: 300.0s exceeded,378,21.16838264042747
310,2026-09-14T02:26:10.555+00:00,2026-09-14T02:31:04.190+00:00,2026-09-14T02:31:10.568+00:00,False,95,94.0,,94.0,293635.03142,300013.186428,300013.18662600004,3158.033543431579,0.01742,293635.03142,30119.364312796104,89.8763221,67.85271285106383,21.067156890025004,0.31331956144720663,5,64,,False,False,Request timeout: 300.0s exceeded,349,21.16838264042747
311,2026-09-14T02:26:15.677+00:00,2026-09-14T02:31:09.466+00:00,2026-09-14T02:31:15.736+00:00,False,94,93.0,,93.0,293789.03296100005,300059.83001700003,300059.82991300005,3192.1258501382986,0.02511,293789.03296100005,30295.077846091335,91.02468544999999,67.42792533333333,21.367083071509793,0.30993818797648137,5,64,,False,False,Request timeout: 300.0s exceeded,471,21.16838264042747
312,2026-09-14T02:26:19.568+00:00,2026-09-14T02:31:12.848+00:00,2026-09-14T02:31:19.597+00:00,False,105,104.0,,104.0,293279.25124199997,300028.66769,300028.66759399994,2857.415881847619,0.0304,293279.25124199997,28614.797660976346,87.6063372,64.89823507692309,19.840158707089756,0.34663354272351204,5,64,,False,False,Request timeout: 300.0s exceeded,502,21.16838264042747
313,2026-09-14T02:26:23.380+00:00,2026-09-14T02:31:16.916+00:00,2026-09-14T02:31:23.453+00:00,False,107,106.0,,106.0,293535.81016399997,300072.93989199994,300072.939784,2804.419997981308,0.0,293535.81016399997,28371.29150403235,88.61760860000003,61.671035169811326,65.81381979223954,0.35324744723116575,5,64,,False,False,Request timeout: 300.0s exceeded,403,21.16838264042747
314,2026-09-14T02:26:28.116+00:00,2026-09-14T02:31:21.894+00:00,2026-09-14T02:31:28.177+00:00,False,92,91.0,,91.0,293777.564199,300061.353511,300061.35352400003,3261.536451347826,0.035119,293777.564199,30621.2359266988,90.5306745,69.0526298021978,20.565365310338006,0.3032713108009893,5,64,,False,False,Request timeout: 300.0s exceeded,423,21.16838264042747
315,2026-09-14T02:26:32.620+00:00,2026-09-14T02:31:26.500+00:00,2026-09-14T02:31:32.649+00:00,False,91,90.0,,90.0,293879.46259899996,300028.76589499996,300028.76597799995,3297.019406351648,0.03337,293879.46259899996,30799.782497167824,88.85712749999999,68.32559217777778,20.151160636895224,0.2999712368629913,5,64,,False,False,Request timeout: 300.0s exceeded,409,21.16838264042747
316,2026-09-14T02:26:37.278+00:00,2026-09-14T02:31:30.955+00:00,2026-09-14T02:31:37.287+00:00,False,93,92.0,,92.0,293676.989922,300009.658594,300009.658564,3225.910307139785,0.020210000000000002,293676.989922,30445.753792121817,88.450563,68.83335513043478,19.596644590254314,0.30665679375510596,5,64,,False,False,Request timeout: 300.0s exceeded,470,21.16838264042747
317,2026-09-14T02:26:42.460+00:00,2026-09-14T02:31:35.938+00:00,2026-09-14T02:31:42.540+00:00,False,99,98.0,,98.0,293478.511225,300079.84549700003,300079.84547,3031.1095502020203,0.02565,293478.511225,29488.937424591142,89.75467189999999,67.36055379591836,20.77056464301556,0.3265797469259885,5,64,,False,False,Request timeout: 300.0s exceeded,277,21.16838264042747
318,2026-09-14T02:26:47.191+00:00,2026-09-14T02:31:40.720+00:00,2026-09-14T02:31:47.240+00:00,False,101,100.0,,100.0,293528.67167400004,300048.28946600005,300048.289563,2970.775144188119,0.03281,293528.67167400004,29200.71424117626,89.026482,65.19617792,20.368150781489966,0.333279687006286,5,64,,False,False,Request timeout: 300.0s exceeded,406,21.16838264042747
319,2026-09-14T02:26:52.450+00:00,2026-09-14T02:31:45.684+00:00,2026-09-14T02:31:52.463+00:00,False,102,101.0,,101.0,293233.862175,300012.324383,300012.324386,2941.297297901961,0.02069,293233.862175,29027.84044138658,88.578182,67.11348720792078,20.044082932050998,0.3366528365383482,5,64,,False,False,Request timeout: 300.0s exceeded,418,21.16838264042747
320,2026-09-14T02:26:56.531+00:00,2026-09-14T02:31:50.247+00:00,2026-09-14T02:31:56.557+00:00,False,97,96.0,,96.0,293716.152171,300026.078571,300026.078801,3093.052358773196,0.018420000000000002,293716.152171,29815.689879439626,89.2163018,65.7284,20.112833644106203,0.3199721852754942,5,64,,False,False,Request timeout: 300.0s exceeded,492,21.16838264042747
321,2026-09-14T02:27:00.564+00:00,2026-09-14T02:31:54.247+00:00,2026-09-14T02:32:00.590+00:00,False,95,94.0,,94.0,293683.22027399996,300026.45995399996,300026.460063,3158.1732638210524,0.01781,293683.22027399996,30124.346386337762,91.079951,67.48127319148936,20.912880328224897,0.3133056998186496,5,64,,False,False,Request timeout: 300.0s exceeded,294,21.16838264042747
322,2026-09-14T02:27:04.203+00:00,2026-09-14T02:31:58.392+00:00,2026-09-14T02:32:05.572+00:00,False,72,71.0,,71.0,294188.241613,301368.501453,301368.501515,4185.673632152778,0.04259,294188.241613,34659.81210826226,90.82272799999998,101.13042028169014,303.91249708355116,0.23559197347328886,5,64,,False,False,Request timeout: 300.0s exceeded,327,21.16838264042747
323,2026-09-14T02:27:07.274+00:00,2026-09-14T02:32:00.890+00:00,2026-09-14T02:32:07.288+00:00,False,108,107.0,,107.0,293615.209996,300013.2539,300013.253979,2777.9004998055557,0.01512,293615.209996,28248.502221582483,90.150823,59.794802841121495,252.64223455263038,0.3566509099483488,5,64,,False,False,Request timeout: 300.0s exceeded,529,21.16838264042747
324,2026-09-14T02:27:10.712+00:00,2026-09-14T02:32:06.751+00:00,2026-09-14T02:32:10.732+00:00,False,59,58.0,,58.0,296039.537971,300019.73509100004,300019.735019,5085.080254559322,0.03434,296039.537971,38532.13679392262,90.9744779,68.62408827586206,21.38765737718074,0.19332061600017017,5,64,,False,False,Request timeout: 300.0s exceeded,191,21.16838264042747
325,2026-09-14T02:27:15.552+00:00,2026-09-14T02:32:09.401+00:00,2026-09-14T02:32:15.614+00:00,False,95,94.0,,94.0,293848.748832,300061.38524800004,300061.385137,3158.5408961789476,0.02077,293848.748832,30141.471030316254,89.071812,66.09187676595745,19.75475659323704,0.3132692329681449,5,64,,False,False,Request timeout: 300.0s exceeded,374,21.16838264042747
326,2026-09-14T02:27:18.875+00:00,2026-09-14T02:32:12.308+00:00,2026-09-14T02:32:18.903+00:00,False,102,101.0,,101.0,293433.49226200004,300028.08221400005,300028.08215100004,2941.451785794118,0.0,293433.49226200004,29047.84809140515,88.188908,65.29296982178218,63.12916860426061,0.33663515513177883,5,64,,False,False,Request timeout: 300.0s exceeded,422,21.16838264042747
327,2026-09-14T02:27:23.268+00:00,2026-09-14T02:32:16.537+00:00,2026-09-14T02:32:23.345+00:00,False,103,102.0,,102.0,293269.06812400004,300077.15618800005,300077.15619300003,2913.3704484757286,0.0,293269.06812400004,28890.092012381632,89.8648043,66.74596141176471,22.618160899616953,0.3399125788038874,5,64,,False,False,Request timeout: 300.0s exceeded,468,21.16838264042747
328,2026-09-14T02:27:28.608+00:00,2026-09-14T02:32:22.539+00:00,2026-09-14T02:32:28.640+00:00,False,85,84.0,,84.0,293930.53418300004,300031.671335,300031.67122300004,3529.7843673294124,0.07021,293930.53418300004,31873.370834683912,90.191406,72.63258514285715,20.113818518389216,0.2799704432076769,5,64,,False,False,Request timeout: 300.0s exceeded,302,21.16838264042747
329,2026-09-14T02:27:31.687+00:00,2026-09-14T02:32:25.336+00:00,2026-09-14T02:32:31.712+00:00,False,90,89.0,,89.0,293648.442852,300025.150948,300025.150901,3333.612787788889,0.02195,293648.442852,30945.71757857028,89.922231,71.6484055730337,19.844170515490756,0.2966417972586084,5,64,,False,False,Request timeout: 300.0s exceeded,457,21.16838264042747
330,2026-09-14T02:27:36.229+00:00,2026-09-14T02:32:30.151+00:00,2026-09-14T02:32:36.261+00:00,False,90,89.0,,89.0,293921.24317900004,300031.55665100005,300031.556784,3333.6839642666673,0.01572,293921.24317900004,30974.78899863469,88.472799,68.6552075505618,20.213448199777,0.296635463927302,5,64,,False,False,Request timeout: 300.0s exceeded,365,21.16838264042747
331,2026-09-14T02:27:40.493+00:00,2026-09-14T02:32:34.021+00:00,2026-09-14T02:32:40.516+00:00,False,94,93.0,,93.0,293528.793126,300023.045926,300023.046042,3191.734532361702,0.022489000000000002,293528.793126,30267.98741366513,89.74931864999999,69.8306752688172,19.9992801620336,0.3099761877057212,5,64,,False,False,Request timeout: 300.0s exceeded,427,21.16838264042747
332,2026-09-14T02:27:45.490+00:00,2026-09-14T02:32:39.213+00:00,2026-09-14T02:32:45.579+00:00,False,98,97.0,,97.0,293723.36624400003,300089.13213200006,300089.132272,3062.1340027755105,0.045520000000000005,293723.36624400003,29663.918571123,90.59460650000001,65.62645245360824,20.866602825972382,0.323237297235185,5,64,,False,False,Request timeout: 300.0s exceeded,321,21.16838264042747
333,2026-09-14T02:27:49.519+00:00,2026-09-14T02:32:43.595+00:00,2026-09-14T02:32:49.526+00:00,False,86,85.0,,85.0,294076.431627,300006.73076299997,300006.730674,3488.4503566744183,0.01883,294076.431627,31703.56015911704,89.42924175,69.76822512941177,20.111749504706022,0.28332697664422907,5,64,,False,False,Request timeout: 300.0s exceeded,449,21.16838264042747
334,2026-09-14T02:27:54.044+00:00,2026-09-14T02:32:47.590+00:00,2026-09-14T02:32:54.106+00:00,False,95,94.0,,94.0,293545.666425,300061.784697,300061.784735,3158.5451024736844,0.01998,293545.666425,30110.044274367454,88.987576,69.32040714893617,19.872437678869122,0.3132688159370926,5,64,,False,False,Request timeout: 300.0s exceeded,436,21.16838264042747
335,2026-09-14T02:27:57.537+00:00,2026-09-14T02:32:50.911+00:00,2026-09-14T02:32:57.578+00:00,False,98,97.0,,97.0,293373.360055,300040.543927,300040.544017,3061.638204255102,0.03096,293373.360055,29628.247668741617,87.06292069999999,68.73385435051547,19.298484038370752,0.3232896418945305,5,64,,False,False,Request timeout: 300.0s exceeded,438,21.16838264042747
336,2026-09-14T02:28:02.098+00:00,2026-09-14T02:32:55.711+00:00,2026-09-14T02:33:02.117+00:00,False,96,95.0,,95.0,293613.68787699996,300019.41587699996,300019.41588999995,3125.202248854166,0.01939,293613.68787699996,29959.946040516756,87.9925945,67.42871578947369,19.72033025886323,0.31664617345614554,5,64,,False,False,Request timeout: 300.0s exceeded,582,21.16838264042747
337,2026-09-14T02:28:07.289+00:00,2026-09-14T02:33:00.677+00:00,2026-09-14T02:33:07.343+00:00,False,100,99.0,,99.0,293388.111653,300053.475109,300053.475058,3000.53475058,0.024820000000000002,293388.111653,29332.085812343194,89.45257645000001,67.32690359595959,20.85262225543651,0.3299411878633847,5,64,,False,False,Request timeout: 300.0s exceeded,331,21.16838264042747
338,2026-09-14T02:28:10.616+00:00,2026-09-14T02:33:04.368+00:00,2026-09-14T02:33:11.168+00:00,False,93,92.0,,92.0,293752.004571,300551.560155,300551.560044,3231.7372047741937,0.03983,293752.004571,30453.071545758536,91.679393,73.90821286956522,66.38634735919221,0.30610388431373936,5,64,,False,False,Request timeout: 300.0s exceeded,210,21.16838264042747
339,2026-09-14T02:28:14.618+00:00,2026-09-14T02:33:07.599+00:00,2026-09-14T02:33:14.839+00:00,False,121,120.0,,120.0,292981.218405,300220.812645,300220.812569,2481.1637402396696,0.0,292981.218405,26629.243006254597,92.05426600000001,60.329952,61.89324691355818,0.3997057996838332,5,64,,False,False,Request timeout: 300.0s exceeded,576,21.16838264042747
340,2026-09-14T02:28:18.649+00:00,2026-09-14T02:33:12.557+00:00,2026-09-14T02:33:18.655+00:00,False,101,100.0,,100.0,293907.80812400003,300005.78982,300005.789967,2970.3543561089114,0.03501,293907.80812400003,29238.86048266697,90.348969,60.97981696,22.06681911975506,0.3333269003241532,5,64,,False,False,Request timeout: 300.0s exceeded,621,21.16838264042747
341,2026-09-14T02:28:23.533+00:00,2026-09-14T02:33:16.771+00:00,2026-09-14T02:33:23.626+00:00,False,99,98.0,,98.0,293237.510123,300093.16887500003,300093.168687,3031.2441281515153,0.055600000000000004,293237.510123,29464.45444788831,88.8265759,69.95570155102041,19.834166675093698,0.32656524761088657,5,64,,False,False,Request timeout: 300.0s exceeded,283,21.16838264042747
342,2026-09-14T02:28:27.652+00:00,2026-09-14T02:33:21.554+00:00,2026-09-14T02:33:27.709+00:00,False,89,88.0,,88.0,293902.72605299996,300057.493669,300057.49368599994,3371.432513325842,0.023100000000000002,293902.72605299996,31146.219230667688,89.7538668,69.9405410909091,19.858413294381474,0.293277128072911,5,64,,False,False,Request timeout: 300.0s exceeded,426,21.16838264042747
343,2026-09-14T02:28:33.077+00:00,2026-09-14T02:33:26.867+00:00,2026-09-14T02:33:33.100+00:00,False,97,96.0,,96.0,293789.434628,300023.22816400003,300023.22807400004,3093.0229698350518,0.043609999999999996,293789.434628,29823.21095997368,87.79836279999999,64.93534933333333,19.89228846376582,0.31997522520997623,5,64,,False,False,Request timeout: 300.0s exceeded,459,21.16838264042747
344,2026-09-14T02:28:38.114+00:00,2026-09-14T02:33:31.677+00:00,2026-09-14T02:33:38.165+00:00,False,99,98.0,,98.0,293562.488921,300050.417753,300050.417821,3030.8123012222222,0.03914,293562.488921,29497.493084304417,86.835959,66.20335542857143,19.715106922742923,0.3266117765604083,5,64,,False,False,Request timeout: 300.0s exceeded,458,21.16838264042747
345,2026-09-14T02:28:42.838+00:00,2026-09-14T02:33:36.550+00:00,2026-09-14T02:33:42.928+00:00,False,102,101.0,,101.0,293712.376829,300089.939197,300089.939181,2942.058227264706,0.03904,293712.376829,29075.61455571473,88.0153196,63.14418186138614,21.588660217113283,0.3365657651511487,5,64,,False,False,Request timeout: 300.0s exceeded,386,21.16838264042747
346,2026-09-14T02:28:47.117+00:00,2026-09-14T02:33:40.413+00:00,2026-09-14T02:33:47.159+00:00,False,100,99.0,,99.0,293295.36882200005,300041.68178200006,300041.68173600006,3000.4168173600006,0.02547,293295.36882200005,29322.729882650816,87.3250259,68.14457535353536,21.01995599907867,0.3299541564092751,5,64,,False,False,Request timeout: 300.0s exceeded,366,21.16838264042747
347,2026-09-14T02:28:50.761+00:00,2026-09-14T02:33:44.535+00:00,2026-09-14T02:33:50.795+00:00,False,98,97.0,,97.0,293774.78592299996,300034.46336299996,300034.46336399997,3061.57615677551,0.04077,293774.78592299996,29669.222713917316,86.43724815,64.53275711340206,20.12368841385012,0.32329619375306057,5,64,,False,False,Request timeout: 300.0s exceeded,453,21.16838264042747
348,2026-09-14T02:28:54.754+00:00,2026-09-14T02:33:48.798+00:00,2026-09-14T02:33:54.772+00:00,False,93,92.0,,92.0,294043.760968,300017.30080799997,300017.30088299996,3225.992482612903,0.02041,294043.760968,30484.19115263098,87.14451019999998,64.92978086956522,19.910132279949107,0.3066489824161061,5,64,,False,False,Request timeout: 300.0s exceeded,301,21.16838264042747
349,2026-09-14T02:28:59.937+00:00,2026-09-14T02:33:53.654+00:00,2026-09-14T02:33:59.964+00:00,False,94,93.0,,93.0,293716.913853,300027.606973,300027.606936,3191.783052510638,0.02558,293716.913853,30287.594366434278,88.82565545000001,67.8569152688172,20.314536298342603,0.3099714754194911,5,64,,False,False,Request timeout: 300.0s exceeded,434,21.16838264042747
350,2026-09-14T02:29:04.638+00:00,2026-09-14T02:33:58.335+00:00,2026-09-14T02:34:04.680+00:00,False,95,94.0,,94.0,293697.46605800005,300042.31521000003,300042.31528900005,3158.3401609368425,0.04764,293697.46605800005,30125.805470784027,87.2836747,67.49839523404256,19.798208853784264,0.3132891436803148,5,64,,False,False,Request timeout: 300.0s exceeded,184,21.16838264042747
351,2026-09-14T02:29:09.309+00:00,2026-09-14T02:34:02.793+00:00,2026-09-14T02:34:09.361+00:00,False,101,100.0,,100.0,293484.15715100005,300051.70479900006,300051.7047320001,2970.808957742575,0.0,293484.15715100005,29196.30469484356,90.1317,65.67547648,66.30585095539261,0.3332758934563909,5,64,,False,False,Request timeout: 300.0s exceeded,290,21.16838264042747
352,2026-09-14T02:29:13.478+00:00,2026-09-14T02:34:07.225+00:00,2026-09-14T02:34:13.532+00:00,False,85,84.0,,84.0,293746.281861,300053.635205,300053.635212,3530.0427672,0.03121,293746.281861,31853.118860641367,90.62123839999998,75.0875398095238,18.90704927209775,0.2799499494235764,5,64,,False,False,Request timeout: 300.0s exceeded,150,21.16838264042747
353,2026-09-14T02:29:17.560+00:00,2026-09-14T02:34:11.193+00:00,2026-09-14T02:34:17.593+00:00,False,92,91.0,,91.0,293632.83279400005,300032.31900200003,300032.31904000003,3261.220859130435,0.035639000000000004,293632.83279400005,30606.013905156193,89.30337345,70.32402426373626,20.291446791149696,0.30330065875134404,5,64,,False,False,Request timeout: 300.0s exceeded,302,21.16838264042747
354,2026-09-14T02:29:21.929+00:00,2026-09-14T02:34:15.532+00:00,2026-09-14T02:34:21.961+00:00,False,95,94.0,,94.0,293603.36646,300032.04102,300032.04091599997,3158.2320096421054,0.04101,293603.36646,30116.059993629366,88.5698754,68.39015489361702,20.44599359424936,0.3132998718418011,5,64,,False,False,Request timeout: 300.0s exceeded,379,21.16838264042747
355,2026-09-14T02:29:26.900+00:00,2026-09-14T02:34:20.478+00:00,2026-09-14T02:34:26.946+00:00,False,94,93.0,,93.0,293578.446238,300046.324382,300046.324419,3191.9821746702128,0.02595,293578.446238,30273.137964821388,89.18913595,69.5470768172043,19.95909313175317,0.30995213886239203,5,64,,False,False,Request timeout: 300.0s exceeded,425,21.16838264042747
356,2026-09-14T02:29:30.258+00:00,2026-09-14T02:34:23.804+00:00,2026-09-14T02:34:30.307+00:00,False,96,95.0,,95.0,293545.91042900004,300048.53750100004,300048.53748800006,3125.505598833334,0.04981,293545.91042900004,29952.92478657383,88.64798074999999,68.44870602105263,20.255941796876918,0.31661544092573146,5,64,,False,False,Request timeout: 300.0s exceeded,450,21.16838264042747
357,2026-09-14T02:29:34.710+00:00,2026-09-14T02:34:28.646+00:00,2026-09-14T02:34:34.786+00:00,False,94,93.0,,93.0,293936.708648,300076.72503200005,300076.72503200005,3192.305585446809,0.01964,293936.708648,30310.453835172386,88.6231563,66.0216815483871,20.437579465434627,0.3099207377382652,5,64,,False,False,Request timeout: 300.0s exceeded,450,21.16838264042747
358,2026-09-14T02:29:38.684+00:00,2026-09-14T02:34:32.340+00:00,2026-09-14T02:34:38.702+00:00,False,94,93.0,,93.0,293656.358624,300018.078688,300018.07881,3191.681689468085,0.03621,293656.358624,30281.291546296223,87.00568064999999,68.40559208602151,19.648630579170863,0.30998131981477745,5,64,,False,False,Request timeout: 300.0s exceeded,449,21.16838264042747
359,2026-09-14T02:29:43.976+00:00,2026-09-14T02:34:37.991+00:00,2026-09-14T02:34:44.001+00:00,False,87,86.0,,86.0,294014.559093,300024.26686900004,300024.266812,3448.554790942529,0.03866,294014.559093,31514.183672163945,87.9836703,69.8803229767442,19.894049193679994,0.28664348020072083,5,64,,False,False,Request timeout: 300.0s exceeded,433,21.16838264042747
360,2026-09-14T02:29:47.772+00:00,2026-09-14T02:34:41.323+00:00,2026-09-14T02:34:47.821+00:00,False,99,98.0,,98.0,293550.719555,300049.01741100004,300049.01721300004,3030.7981536666666,0.02499,293550.719555,29496.299745581287,87.2261649,66.30916179591837,19.956168840053596,0.32661330087197693,5,64,,False,False,Request timeout: 300.0s exceeded,423,21.16838264042747
361,2026-09-14T02:29:52.165+00:00,2026-09-14T02:34:45.813+00:00,2026-09-14T02:34:52.185+00:00,False,100,99.0,,99.0,293647.45890499995,300019.72591299994,300019.72579899995,3000.1972579899993,0.04138,293647.45890499995,29358.315553161767,86.54629144999998,64.36633341414142,19.32473515144564,0.3299783029223489,5,64,,False,False,Request timeout: 300.0s exceeded,256,21.16838264042747
362,2026-09-14T02:29:57.636+00:00,2026-09-14T02:34:50.946+00:00,2026-09-14T02:34:57.687+00:00,False,99,98.0,,98.0,293310.504801,300050.920033,300050.920111,3030.817374858586,0.02588,293310.504801,29471.908783550512,87.7373619,68.77974726530611,19.696464190520686,0.32661122981799834,5,64,,True,False,Request timeout: 300.0s exceeded,450,21.16838264042747
363,2026-09-14T02:30:00.946+00:00,2026-09-14T02:34:54.494+00:00,2026-09-14T02:35:00.958+00:00,False,98,97.0,,97.0,293548.003264,300011.29824,300011.298277,3061.3397783367345,0.02484,293548.003264,29646.10226370252,88.367507,66.63190696907216,20.270098583872137,0.32332115679991136,5,64,,True,False,Request timeout: 300.0s exceeded,442,21.16838264042747
364,2026-09-14T02:30:06.030+00:00,2026-09-14T02:34:59.391+00:00,2026-09-14T02:35:06.082+00:00,False,100,99.0,,99.0,293361.052853,300051.478197,300051.478227,3000.51478227,0.02521,293361.052853,29329.354114451282,87.71070545,67.58005397979798,20.124549869272123,0.3299433836983171,5,64,,True,False,Request timeout: 300.0s exceeded,243,21.16838264042747
365,2026-09-14T02:30:10.059+00:00,2026-09-14T02:35:04.120+00:00,2026-09-14T02:35:10.091+00:00,False,89,88.0,,88.0,294060.77223,300032.405126,300032.405291,3371.150621247191,0.02608,294060.77223,31163.192932053134,88.32230739999999,67.85946472727274,20.251470884402536,0.29330165174339745,5,64,,True,False,Request timeout: 300.0s exceeded,398,21.16838264042747
366,2026-09-14T02:30:13.990+00:00,2026-09-14T02:35:07.588+00:00,2026-09-14T02:35:14.030+00:00,False,99,98.0,,98.0,293597.991852,300040.740524,300040.740558,3030.714551090909,0.03682,293597.991852,29501.108114530605,88.1278108,65.74233338775511,20.48284426868719,0.32662231078636156,5,64,,True,False,Request timeout: 300.0s exceeded,365,21.16838264042747
367,2026-09-14T02:30:19.147+00:00,2026-09-14T02:35:12.500+00:00,2026-09-14T02:35:19.190+00:00,False,97,96.0,,96.0,293353.464593,300043.16187300003,300043.161898,3093.228473175258,0.03387,293353.464593,29778.463146324688,90.112582,69.68434666666667,20.50980121279575,0.31995396729165965,5,64,,True,False,Request timeout: 300.0s exceeded,363,21.16838264042747
368,2026-09-14T02:30:24.367+00:00,2026-09-14T02:35:17.824+00:00,2026-09-14T02:35:24.411+00:00,False,96,95.0,,95.0,293457.14272,300044.82528,300044.82517,3125.466928854167,0.035929,293457.14272,29943.77315487395,88.01552650000002,69.34402694736843,19.58879720992537,0.31661935816205655,5,64,,True,False,Request timeout: 300.0s exceeded,370,21.16838264042747
369,2026-09-14T02:30:28.679+00:00,2026-09-14T02:35:22.119+00:00,2026-09-14T02:35:28.731+00:00,False,95,94.0,,94.0,293440.01826,300052.117844,300052.11786,3158.4433458947365,0.0216,293440.01826,30099.100805883827,88.1825937,70.3414849361702,20.715718240342905,0.31327890859571106,5,64,,True,False,Request timeout: 300.0s exceeded,312,21.16838264042747
370,2026-09-14T02:30:32.496+00:00,2026-09-14T02:35:26.130+00:00,2026-09-14T02:35:32.509+00:00,False,94,93.0,,93.0,293634.41789499996,300012.66787899996,300012.66787799995,3191.6241263617017,0.023030000000000002,293634.41789499996,30279.01014288986,88.49837749999999,68.58333316129031,19.558011012444858,0.30998691041109117,5,64,,True,False,Request timeout: 300.0s exceeded,323,21.16838264042747
371,2026-09-14T02:30:37.471+00:00,2026-09-14T02:35:30.978+00:00,2026-09-14T02:35:37.506+00:00,False,97,96.0,,96.0,293507.54824800004,300035.39080800005,300035.39075400005,3093.1483582886603,0.033839,293507.54824800004,29794.278704989494,87.9916302,67.99836,19.84042644473988,0.319962254257641,5,64,,True,False,Request timeout: 300.0s exceeded,313,21.16838264042747
372,2026-09-14T02:30:41.423+00:00,2026-09-14T02:35:34.883+00:00,2026-09-14T02:35:41.438+00:00,False,97,96.0,,96.0,293459.850782,300014.37494199997,300014.374963,3092.9317006494844,0.022609999999999998,293459.850782,29789.407725987236,89.9301106,68.27629333333333,20.11735198455115,0.31998466746321447,5,64,,True,False,Request timeout: 300.0s exceeded,428,21.16838264042747
373,2026-09-14T02:30:46.197+00:00,2026-09-14T02:35:39.947+00:00,2026-09-14T02:35:46.271+00:00,False,93,92.0,,92.0,293749.831816,300073.761672,300073.761613,3226.599587236559,0.040240000000000005,293749.831816,30453.31794052641,90.1162336,68.738368,21.032892260113265,0.3065912843808115,5,64,,True,False,Request timeout: 300.0s exceeded,579,21.16838264042747
374,2026-09-14T02:30:50.503+00:00,2026-09-14T02:35:44.176+00:00,2026-09-14T02:35:50.530+00:00,False,95,94.0,,94.0,293672.601143,300026.956087,300026.955957,3158.178483757895,0.02089,293672.601143,30123.244854989785,90.8111051,67.59952068085106,21.05783049381041,0.31330518172754596,5,64,,True,False,Request timeout: 300.0s exceeded,493,21.16838264042747
375,2026-09-14T02:30:54.093+00:00,2026-09-14T02:35:47.487+00:00,2026-09-14T02:35:54.170+00:00,False,99,98.0,,98.0,293394.332854,300076.721078,300076.72085499996,3031.0779884343433,0.024419,293394.332854,29480.39344857323,89.65668459999999,68.1876349387755,19.878209298921476,0.326583147296276,5,64,,True,False,Request timeout: 300.0s exceeded,469,21.16838264042747
376,2026-09-14T02:30:59.042+00:00,2026-09-14T02:35:52.502+00:00,2026-09-14T02:35:59.099+00:00,False,100,99.0,,99.0,293459.639832,300056.116248,300056.11630600004,3000.56116306,0.02253,293459.639832,29339.307358927083,87.81412199999998,66.63107490909091,19.603867162968708,0.32993828367149597,5,64,,True,False,Request timeout: 300.0s exceeded,411,21.16838264042747
377,2026-09-14T02:31:03.421+00:00,2026-09-14T02:35:57.286+00:00,2026-09-14T02:36:03.446+00:00,False,92,91.0,,91.0,293864.952523,300024.621003,300024.621039,3261.1371852065217,0.03572,293864.952523,30630.48894548031,89.34276404999999,67.68866461538461,20.49759259319448,0.3033084408065633,5,64,,True,False,Request timeout: 300.0s exceeded,413,21.16838264042747
378,2026-09-14T02:31:07.763+00:00,2026-09-14T02:36:01.635+00:00,2026-09-14T02:36:07.785+00:00,False,90,89.0,,89.0,293872.221044,300021.98898,300021.988961,3333.5776551222225,0.040229999999999995,293872.221044,30969.57501308022,88.83168195,69.09851613483146,20.411933521856156,0.29664492360235933,5,64,,True,False,Request timeout: 300.0s exceeded,421,21.16838264042747
379,2026-09-14T02:31:11.868+00:00,2026-09-14T02:36:05.515+00:00,2026-09-14T02:36:11.955+00:00,False,94,93.0,,93.0,293646.856645,300086.70406899997,300086.704008,3192.4117447659573,0.03558,293646.856645,30280.224738268087,88.2558485,69.24567122580645,19.481842678717104,0.3099104316818255,5,64,,True,False,Request timeout: 300.0s exceeded,505,21.16838264042747
380,2026-09-14T02:31:15.542+00:00,2026-09-14T02:36:09.388+00:00,2026-09-14T02:36:15.560+00:00,False,91,90.0,,90.0,293845.952669,300017.765533,300017.765578,3296.898522835165,0.02419,293845.952669,30796.242714385287,87.2153265,68.57569848888889,18.923539246707573,0.29998223551898495,5,64,,True,False,Request timeout: 300.0s exceeded,357,21.16838264042747
381,2026-09-14T02:31:20.603+00:00,2026-09-14T02:36:13.901+00:00,2026-09-14T02:36:20.669+00:00,False,99,98.0,,98.0,293297.870422,300066.229078,300066.22902100004,3030.9720103131312,0.03633,293297.870422,29470.609888240953,87.92886,69.06488424489797,19.02672732633424,0.3265945664766082,5,64,,True,False,Request timeout: 300.0s exceeded,420,21.16838264042747
382,2026-09-14T02:31:23.569+00:00,2026-09-14T02:36:17.622+00:00,2026-09-14T02:36:23.594+00:00,False,90,89.0,,89.0,294053.203851,300024.724363,300024.724401,3333.6080489,0.03768,294053.203851,30988.86293355263,88.254978,67.09573608988764,19.70922768868591,0.2966422190336516,5,64,,True,False,Request timeout: 300.0s exceeded,415,21.16838264042747
383,2026-09-14T02:31:28.108+00:00,2026-09-14T02:36:21.920+00:00,2026-09-14T02:36:28.145+00:00,False,93,92.0,,92.0,293811.478345,300036.904009,300036.904001,3226.203268827957,0.039049999999999994,293811.478345,30459.82068557455,88.431417,67.66767026086956,19.940408504707772,0.30662894720857514,5,64,,True,False,Request timeout: 300.0s exceeded,418,21.16838264042747
384,2026-09-14T02:31:31.541+00:00,2026-09-14T02:36:25.108+00:00,2026-09-14T02:36:31.619+00:00,False,91,90.0,,90.0,293566.36954600003,300077.407498,300077.40760100004,3297.553929681319,0.03707,293566.36954600003,30766.539295827974,88.398863,72.34486613333334,18.869091500718262,0.2999226124699169,5,64,,True,False,Request timeout: 300.0s exceeded,375,21.16838264042747
385,2026-09-14T02:31:34.782+00:00,2026-09-14T02:36:28.698+00:00,2026-09-14T02:36:34.807+00:00,False,88,87.0,,87.0,293915.557555,300024.306867,300024.306868,3409.3671235,0.02175,293915.557555,31324.0243969967,86.69146400000001,70.21550933333333,18.983212967826578,0.2899765052655113,5,64,,True,False,Request timeout: 300.0s exceeded,326,21.16838264042747
386,2026-09-14T02:31:39.459+00:00,2026-09-14T02:36:33.436+00:00,2026-09-14T02:36:39.496+00:00,False,89,88.0,,88.0,293976.733732,300036.96362,300036.963657,3371.2018388426964,0.02696,293976.733732,31154.17850520032,89.2980238,68.86624872727273,20.79344538532412,0.29329719557971845,5,64,,True,False,Request timeout: 300.0s exceeded,454,21.16838264042747
387,2026-09-14T02:31:44.154+00:00,2026-09-14T02:36:37.935+00:00,2026-09-14T02:36:44.228+00:00,False,93,92.0,,92.0,293780.69968099997,300074.193697,300074.193622,3226.6042324946234,0.03515,293780.69968099997,30456.55313359597,90.80411459999999,68.40754365217391,21.09200185351464,0.3065908429729783,5,64,,True,False,Request timeout: 300.0s exceeded,535,21.16838264042747
388,2026-09-14T02:31:49.140+00:00,2026-09-14T02:36:43.006+00:00,2026-09-14T02:36:49.195+00:00,False,89,88.0,,88.0,293866.897463,300055.260471,300055.260517,3371.4074215393257,0.01907,293866.897463,31142.38126328316,91.00464400000001,70.32230690909091,20.36267389177089,0.2932793108238311,5,64,,True,False,Request timeout: 300.0s exceeded,364,21.16838264042747
389,2026-09-14T02:31:53.464+00:00,2026-09-14T02:36:47.391+00:00,2026-09-14T02:36:53.498+00:00,False,91,90.0,,90.0,293926.964981,300034.713333,300034.713234,3297.0847608131867,0.020209,293926.964981,30804.810615698636,89.32439600000002,67.86387057777777,20.328365280610537,0.29996529068325356,5,64,,True,False,Request timeout: 300.0s exceeded,488,21.16838264042747
390,2026-09-14T02:31:56.854+00:00,2026-09-14T02:36:50.577+00:00,2026-09-14T02:36:56.894+00:00,False,90,89.0,,89.0,293722.738287,300040.553327,300040.553118,3333.783923533333,0.02875,293722.738287,30953.61820530669,89.19014595,70.98668584269662,18.957142966950798,0.29662656935245385,5,64,,True,False,Request timeout: 300.0s exceeded,489,21.16838264042747
391,2026-09-14T02:32:00.767+00:00,2026-09-14T02:36:54.589+00:00,2026-09-14T02:37:00.848+00:00,False,89,88.0,,88.0,293821.988962,300081.25629,300081.256316,3371.6995091685394,0.04182,293821.988962,31137.53531231791,91.471983,71.12803781818181,19.967317121452947,0.2932539042523748,5,64,,True,False,Request timeout: 300.0s exceeded,464,21.16838264042747
392,2026-09-14T02:32:05.770+00:00,2026-09-14T02:36:59.563+00:00,2026-09-14T02:37:05.814+00:00,False,98,97.0,,97.0,293792.720979,300044.490323,300044.49030899996,3061.678472540816,0.03442,293792.720979,29671.04322553729,89.470887,64.45123035051546,20.94465787040549,0.32328538976196103,5,64,,True,False,Request timeout: 300.0s exceeded,337,21.16838264042747
393,2026-09-14T02:32:09.131+00:00,2026-09-14T02:37:02.645+00:00,2026-09-14T02:37:09.144+00:00,False,108,107.0,,107.0,293514.51395,300013.455134,300013.45504699997,2777.902361546296,0.0,293514.51395,28237.61648650774,88.84282599999999,60.73776807476635,27.95425428409393,0.35665067072478074,5,64,,True,False,Request timeout: 300.0s exceeded,479,21.16838264042747
394,2026-09-14T02:32:12.634+00:00,2026-09-14T02:37:07.189+00:00,2026-09-14T02:37:12.667+00:00,False,85,84.0,,84.0,294555.240627,300033.316019,300033.315888,3529.8037163294116,0.0,294555.240627,31941.936043437687,89.2565934,65.21518323809524,22.77390168597604,0.27996890850174977,5,64,,True,False,Request timeout: 300.0s exceeded,426,21.16838264042747
395,2026-09-14T02:32:16.861+00:00,2026-09-14T02:37:10.420+00:00,2026-09-14T02:37:16.905+00:00,False,99,98.0,,98.0,293558.47864499997,300043.34162099997,300043.34165099997,3030.7408247575754,0.01908,293558.47864499997,29497.093309658,87.65283079999999,66.17207118367347,19.909094680194,0.3266194792743936,5,64,,True,False,Request timeout: 300.0s exceeded,326,21.16838264042747
396,2026-09-14T02:32:20.136+00:00,2026-09-14T02:37:13.695+00:00,2026-09-14T02:37:20.207+00:00,False,101,100.0,,100.0,293559.296226,300071.108322,300071.108456,2971.001073821782,0.02175,293559.296226,29203.7695364665,89.845209,65.11812096,20.758759533479374,0.333254342809612,5,64,,True,False,Request timeout: 300.0s exceeded,619,21.16838264042747
397,2026-09-14T02:32:25.226+00:00,2026-09-14T02:37:19.106+00:00,2026-09-14T02:37:25.277+00:00,False,93,92.0,,92.0,293879.490824,300050.74867999996,300050.748754,3226.3521371397846,0.02016,293879.490824,30466.934336273152,88.6385926,67.07888973913043,19.991382262968266,0.30661479901227223,5,64,,True,False,Request timeout: 300.0s exceeded,443,21.16838264042747
398,2026-09-14T02:32:29.667+00:00,2026-09-14T02:37:22.992+00:00,2026-09-14T02:37:29.674+00:00,False,99,98.0,,98.0,293324.65272,300007.23499200004,300007.235011,3030.3761112222223,0.02146,293324.65272,29473.390390591867,88.22132399999998,68.18961502040817,20.259043448253493,0.32665878875425536,5,64,,True,False,Request timeout: 300.0s exceeded,380,21.16838264042747
399,2026-09-14T02:32:33.624+00:00,2026-09-14T02:37:27.431+00:00,2026-09-14T02:37:33.703+00:00,False,91,90.0,,90.0,293807.099424,300078.750496,300078.750452,3297.5686862857146,0.02618,293807.099424,30792.053684551036,87.45448499999999,69.68501191111112,19.223404944588005,0.29992127017071035,5,64,,True,False,Request timeout: 300.0s exceeded,266,21.16838264042747
400,2026-09-14T02:32:38.417+00:00,2026-09-14T02:37:31.915+00:00,2026-09-14T02:37:38.442+00:00,False,98,97.0,,97.0,293497.825748,300025.59714,300025.59719,3061.485685612245,0.022269999999999998,293497.825748,29640.96571228714,86.1111708,67.2966122886598,19.18822387546341,0.32330574765838127,5,64,,True,False,Request timeout: 300.0s exceeded,481,21.16838264042747
401,2026-09-14T02:32:41.490+00:00,2026-09-14T02:37:35.167+00:00,2026-09-14T02:37:41.530+00:00,False,96,95.0,,95.0,293677.143742,300040.50886199996,300040.508846,3125.421967145833,0.03499,293677.143742,29966.46834874539,88.70119050000001,66.9827907368421,20.266348039714597,0.3166239130853298,5,64,,True,False,Request timeout: 300.0s exceeded,432,21.16838264042747
402,2026-09-14T02:32:44.685+00:00,2026-09-14T02:37:38.606+00:00,2026-09-14T02:37:44.731+00:00,False,88,87.0,,87.0,293920.98388,300045.92596,300045.92602300004,3409.612795715909,0.02299,293920.98388,31324.583086295184,88.73648499999999,70.40163310344828,19.119853523676714,0.2899556117005842,5,64,,True,False,Request timeout: 300.0s exceeded,463,21.16838264042747
403,2026-09-14T02:32:50.007+00:00,2026-09-14T02:37:43.595+00:00,2026-09-14T02:37:50.079+00:00,False,96,95.0,,95.0,293588.33412,300072.53636,300072.536383,3125.7555873229167,0.0229,293588.33412,29957.2735250653,86.09822100000001,68.25476042105264,18.855097592745672,0.31659011901718176,5,64,,True,False,Request timeout: 300.0s exceeded,377,21.16838264042747
404,2026-09-14T02:32:53.321+00:00,2026-09-14T02:37:46.802+00:00,2026-09-14T02:37:53.335+00:00,False,97,96.0,,96.0,293481.38598400005,300014.03545600007,300014.03547500004,3092.9282007731963,0.038520000000000006,293481.38598400005,29791.617195280553,88.0507982,68.048432,19.763324116651987,0.3199850295473237,5,64,,True,False,Request timeout: 300.0s exceeded,459,21.16838264042747
405,2026-09-14T02:32:57.192+00:00,2026-09-14T02:37:50.370+00:00,2026-09-14T02:37:57.204+00:00,False,99,98.0,,98.0,293177.859181,300011.981677,300011.98172599997,3030.4240578383838,0.02418,293177.859181,29458.48168542501,90.206662,69.73594383673469,20.27231155920907,0.32665362047276203,5,64,,True,False,Request timeout: 300.0s exceeded,446,21.16838264042747
406,2026-09-14T02:33:01.207+00:00,2026-09-14T02:37:54.894+00:00,2026-09-14T02:38:01.254+00:00,False,90,89.0,,89.0,293686.339076,300047.09862799995,300047.09843099996,3333.856649233333,0.037340000000000005,293686.339076,30949.731221900063,91.69685945,71.4692084494382,20.06718889662065,0.29662009866771843,5,64,,True,False,Request timeout: 300.0s exceeded,368,21.16838264042747
407,2026-09-14T02:33:05.213+00:00,2026-09-14T02:37:58.788+00:00,2026-09-14T02:38:05.251+00:00,False,94,93.0,,93.0,293574.897678,300038.077198,300038.077036,3191.894436553191,0.023530000000000002,293574.897678,30272.777162777293,89.98488864999999,69.49655397849463,19.947823568894655,0.3099606585554399,5,64,,True,False,Request timeout: 300.0s exceeded,401,21.16838264042747
408,2026-09-14T02:33:10.525+00:00,2026-09-14T02:38:04.195+00:00,2026-09-14T02:38:12.772+00:00,False,83,82.0,,82.0,293670.274174,302246.700158,302246.700192,3641.5265083373497,0.032380000000000006,293670.274174,32224.752431215245,91.29943300000001,104.5905607804878,336.1970096780806,0.2713015558387713,5,64,,True,False,Request timeout: 300.0s exceeded,308,21.16838264042747
409,2026-09-14T02:33:15.112+00:00,2026-09-14T02:38:08.721+00:00,2026-09-14T02:38:15.141+00:00,False,105,104.0,,104.0,293608.745569,300028.70640100003,300028.70647000003,2857.416252095238,0.01579,293608.745569,28648.776122585692,88.8896846,61.730392615384616,296.61433989809433,0.3466334979993546,5,64,,True,False,Request timeout: 300.0s exceeded,482,21.16838264042747
410,2026-09-14T02:33:18.321+00:00,2026-09-14T02:38:14.038+00:00,2026-09-14T02:38:18.364+00:00,False,67,66.0,,66.0,295716.71911,300042.611974,300042.61209,4478.247941641791,0.03589,295716.71911,36119.54565545006,87.6981513,65.54383127272727,20.71218349358323,0.21996875565701043,5,64,,True,False,Request timeout: 300.0s exceeded,309,21.16838264042747
411,2026-09-14T02:33:23.479+00:00,2026-09-14T02:38:17.131+00:00,2026-09-14T02:38:23.526+00:00,False,95,94.0,,94.0,293652.293784,300046.8246,300046.824538,3158.3876267157893,0.040049999999999995,293652.293784,30121.11667609225,88.2062694,68.02692357446809,19.809800547718456,0.3132844352721072,5,64,,True,False,Request timeout: 300.0s exceeded,447,21.16838264042747
412,2026-09-14T02:33:28.225+00:00,2026-09-14T02:38:21.869+00:00,2026-09-14T02:38:28.280+00:00,False,99,98.0,,98.0,293643.9343,300054.989148,300054.989199,3030.8584767575758,0.0419,293643.9343,29505.75790157788,89.7258359,65.41892702040816,20.329225803610864,0.32660680056768593,5,64,,True,False,Request timeout: 300.0s exceeded,447,21.16838264042747
413,2026-09-14T02:33:32.786+00:00,2026-09-14T02:38:26.387+00:00,2026-09-14T02:38:32.868+00:00,False,100,99.0,,99.0,293600.47418900003,300082.063693,300082.063619,3000.82063619,0.04423,293600.47418900003,29353.50711823358,88.61274195,65.47060105050505,20.021781734971746,0.32990975462392946,5,64,,True,False,Request timeout: 300.0s exceeded,327,21.16838264042747
414,2026-09-14T02:33:37.343+00:00,2026-09-14T02:38:30.996+00:00,2026-09-14T02:38:37.380+00:00,False,92,91.0,,91.0,293653.666805,300037.342197,300037.34216199996,3261.2754582826087,0.01811,293653.666805,30608.203939166757,88.44397955000001,70.15027903296703,20.021842881191056,0.3032955809222266,5,64,,True,False,Request timeout: 300.0s exceeded,380,21.16838264042747
415,2026-09-14T02:33:41.132+00:00,2026-09-14T02:38:34.932+00:00,2026-09-14T02:38:41.157+00:00,False,90,89.0,,89.0,293800.437895,300025.139591,300025.139455,3333.612660611111,0.034159999999999996,293800.437895,30961.919231792857,87.55914095,69.94046849438202,19.748834436975415,0.29664180848753713,5,64,,True,False,Request timeout: 300.0s exceeded,369,21.16838264042747
416,2026-09-14T02:33:46.228+00:00,2026-09-14T02:38:39.994+00:00,2026-09-14T02:38:46.239+00:00,False,97,96.0,,96.0,293766.594652,300010.833756,300010.833754,3092.8951933402063,0.02109,293766.594652,29820.88082035752,88.2866138,65.04415733333333,19.825436651109285,0.3199884444109015,5,64,,True,False,Request timeout: 300.0s exceeded,158,21.16838264042747
417,2026-09-14T02:33:50.114+00:00,2026-09-14T02:38:43.650+00:00,2026-09-14T02:38:50.143+00:00,False,100,99.0,,99.0,293535.71130900003,300028.862541,300028.86249400006,3000.2886249400003,0.03774,293535.71130900003,29347.018960851703,88.18707345000001,65.58738618181818,19.734919582049336,0.32996825425910914,5,64,,True,False,Request timeout: 300.0s exceeded,243,21.16838264042747
418,2026-09-14T02:33:53.533+00:00,2026-09-14T02:38:47.264+00:00,2026-09-14T02:38:53.562+00:00,False,94,93.0,,93.0,293730.691566,300028.788206,300028.788323,3191.7956204574466,0.03014,293730.691566,30289.028968039536,87.9356473,67.72146924731183,19.654692121236394,0.30997025504147996,5,64,,True,False,Request timeout: 300.0s exceeded,488,21.16838264042747
419,2026-09-14T02:33:57.624+00:00,2026-09-14T02:38:51.403+00:00,2026-09-14T02:38:57.646+00:00,False,92,91.0,,91.0,293779.66014,300022.421868,300022.422004,3261.113282652174,0.04064,293779.66014,30621.500919497084,88.09073795,68.60177723076923,19.753517562876993,0.30331066402776063,5,64,,True,False,Request timeout: 300.0s exceeded,443,21.16838264042747
420,2026-09-14T02:34:02.172+00:00,2026-09-14T02:38:56.091+00:00,2026-09-14T02:39:02.185+00:00,False,91,90.0,,90.0,293918.68853600003,300012.772376,300012.77249400003,3296.84365378022,0.04161,293918.68853600003,30803.958483901555,87.738595,67.71204266666668,19.64185662945481,0.29998722816775547,5,64,,True,False,Request timeout: 300.0s exceeded,432,21.16838264042747
421,2026-09-14T02:34:06.452+00:00,2026-09-14T02:39:00.056+00:00,2026-09-14T02:39:06.514+00:00,False,96,95.0,,95.0,293604.388526,300061.887662,300061.887547,3125.644661947917,0.01968,293604.388526,29958.94176200493,89.45100825,67.97367511578948,20.402294518577534,0.3166013542746597,5,64,,True,False,Request timeout: 300.0s exceeded,469,21.16838264042747
422,2026-09-14T02:34:11.415+00:00,2026-09-14T02:39:05.027+00:00,2026-09-14T02:39:11.479+00:00,False,99,98.0,,98.0,293612.267219,300063.92725099996,300063.927172,3030.948759313131,0.02203,293612.267219,29502.533556358325,88.48421680000001,65.83326563265305,20.267383228411326,0.326597071823379,5,64,,True,False,Request timeout: 300.0s exceeded,503,21.16838264042747
423,2026-09-14T02:34:14.426+00:00,2026-09-14T02:39:08.030+00:00,2026-09-14T02:39:14.500+00:00,False,96,95.0,,95.0,293604.20371499995,300073.54925099993,300073.549242,3125.7661379374995,0.02057,293604.20371499995,29958.910048241287,88.8498395,68.0983740631579,20.216809949436414,0.3165890503749005,5,64,,True,False,Request timeout: 300.0s exceeded,400,21.16838264042747
424,2026-09-14T02:34:17.811+00:00,2026-09-14T02:39:11.480+00:00,2026-09-14T02:39:17.860+00:00,False,96,95.0,,95.0,293668.994536,300048.689896,300048.689793,3125.5071853437503,0.02886,293668.994536,29965.61875899338,87.89818450000001,67.154688,19.780875188902794,0.31661528011646367,5,64,,True,False,Request timeout: 300.0s exceeded,467,21.16838264042747
425,2026-09-14T02:34:21.803+00:00,2026-09-14T02:39:15.699+00:00,2026-09-14T02:39:21.849+00:00,False,90,89.0,,89.0,293895.873377,300045.767777,300045.767827,3333.841864744444,0.06086,293895.873377,30972.0676798628,86.99768199999998,69.09993707865168,19.855560844495262,0.296621414324186,5,64,,True,False,Request timeout: 300.0s exceeded,355,21.16838264042747
426,2026-09-14T02:34:25.649+00:00,2026-09-14T02:39:19.568+00:00,2026-09-14T02:39:25.689+00:00,False,92,91.0,,91.0,293918.35765799996,300039.72674599994,300039.72680899996,3261.3013783586953,0.02121,293918.35765799996,30636.10012383107,88.240054,67.26779217582418,19.617953335218544,0.3032931704975071,5,64,,True,False,Request timeout: 300.0s exceeded,351,21.16838264042747
427,2026-09-14T02:34:30.737+00:00,2026-09-14T02:39:24.251+00:00,2026-09-14T02:39:30.781+00:00,False,99,98.0,,98.0,293514.297128,300043.671336,300043.671448,3030.744156040404,0.0215,293514.297128,29492.607366328593,87.7797127,66.62626742857142,20.07852650842537,0.32661912035550306,5,64,,True,False,Request timeout: 300.0s exceeded,513,21.16838264042747
428,2026-09-14T02:34:34.407+00:00,2026-09-14T02:39:27.884+00:00,2026-09-14T02:39:34.448+00:00,False,100,99.0,,99.0,293477.395815,300041.416039,300041.41622199997,3000.41416222,0.04416,293477.395815,29341.116009772424,87.90889639999999,66.30323458585859,20.006507169324347,0.3299544486456223,5,64,,True,False,Request timeout: 300.0s exceeded,374,21.16838264042747
429,2026-09-14T02:34:38.142+00:00,2026-09-14T02:39:31.509+00:00,2026-09-14T02:39:38.155+00:00,False,135,134.0,,134.0,293366.386037,300012.382837,300012.382952,2222.3139477925924,0.020359000000000002,293366.386037,25244.7095304469,87.8585707,49.59699104477612,31.713995160933653,0.44664823075920723,5,64,,True,False,Request timeout: 300.0s exceeded,574,21.16838264042747
0,2026-09-14T02:04:40.883+00:00,2026-09-14T02:04:41.078+00:00,2026-09-14T02:04:51.941+00:00,True,209,209.0,,209.0,194.53466,11057.931267999998,11057.931177,52.908761612440195,0.02597,194.53466,21.30031912541204,90.72376479999998,52.227868307692304,18.934927692165083,18.900461120138697,6,64,,False,True,,1097,21.16838264042747
1,2026-09-14T02:04:43.232+00:00,2026-09-14T02:04:43.350+00:00,2026-09-14T02:04:52.694+00:00,True,162,162.0,,162.0,117.626772,9461.454996,9461.454911,58.40404266049383,0.03701,130.975414,20.055450623703823,91.5710156,58.03620014906833,19.5621506346566,17.12210226318134,6,64,,False,True,,692,21.16838264042747
2,2026-09-14T02:04:46.658+00:00,2026-09-14T02:04:46.845+00:00,2026-09-14T02:04:57.929+00:00,True,177,177.0,,177.0,187.627004,11271.659004,11271.659076,63.681689694915256,40.342085,187.627004,23.166035424571994,96.0598298,62.97745454545455,21.247297331374003,15.703101019751182,6,64,,False,True,,853,21.16838264042747
3,2026-09-14T02:04:49.740+00:00,2026-09-14T02:04:54.277+00:00,2026-09-14T02:05:05.402+00:00,True,168,168.0,,168.0,4536.852579,15661.945443,15661.945294000001,93.22586484523809,40.685953999999995,4536.852579,345.5900020212632,96.2542595,66.61732253892215,22.111745495522072,10.726636777750139,6,64,,False,True,,499,21.16838264042747
4,2026-09-14T02:04:53.477+00:00,2026-09-14T02:04:59.982+00:00,2026-09-14T02:05:08.462+00:00,True,131,131.0,,131.0,6504.430024,14984.929992000001,14984.929971,114.38877840458015,34.352347,6504.430024,562.9999793470561,94.43301149999999,65.23461513846154,21.43002783115375,8.742116250789087,6,64,,False,True,,547,21.16838264042747
5,2026-09-14T02:04:57.000+00:00,2026-09-14T02:05:06.127+00:00,2026-09-14T02:05:23.045+00:00,True,254,254.0,,254.0,9126.432405,26044.316308999998,26044.316443,102.53667890944882,20.341566999999998,9126.432405,568.8776385140314,94.35452,66.86910633992095,22.16038511315177,9.75260770858579,6,64,,False,True,,626,21.16838264042747
6,2026-09-14T02:05:00.863+00:00,2026-09-14T02:05:13.339+00:00,2026-09-14T02:05:27.689+00:00,True,214,214.0,,214.0,12476.398607000001,26825.937167000004,26825.937198,125.35484671962617,17.000504,12476.398607000001,848.5548152747529,94.69090845,67.36872563380281,22.2732125678608,7.977354105758984,6,64,,False,True,,742,21.16838264042747
7,2026-09-14T02:05:04.835+00:00,2026-09-14T02:05:20.103+00:00,2026-09-14T02:05:31.020+00:00,True,162,162.0,,162.0,15267.700227,26184.837635,26184.837759,161.63480098148148,40.184735999999994,15267.700227,1194.4130069467592,94.90063549999999,67.80830688198758,21.744206725192576,6.18678650057629,6,64,,False,True,,797,21.16838264042747
8,2026-09-14T02:05:07.391+00:00,2026-09-14T02:05:25.042+00:00,2026-09-14T02:05:36.358+00:00,True,166,166.0,,166.0,17650.820412999998,28966.221116999997,28966.221167999996,174.49530824096385,42.080191,17650.820412999998,1364.8267240336136,95.423894,68.57818608484848,22.237168302587975,5.7308131195123755,6,64,,False,True,,774,21.16838264042747
9,2026-09-14T02:05:10.859+00:00,2026-09-14T02:05:30.184+00:00,2026-09-14T02:05:44.829+00:00,True,224,224.0,,224.0,19325.894094,33970.87995,33970.880113,151.65571479017856,0.022850000000000002,19325.894094,1287.164763293588,97.64004034999999,65.67258231390134,27.245046304444923,6.593882770469712,6,64,,False,True,,952,21.16838264042747
10,2026-09-14T02:05:14.247+00:00,2026-09-14T02:05:36.536+00:00,2026-09-14T02:05:51.442+00:00,True,233,233.0,,233.0,22289.318048999998,37195.267489,37195.267567999996,159.6363414935622,0.01644,22289.318048999998,1456.2547901041744,96.5264686,64.24978206896552,26.61351279979484,6.264237784253242,6,64,,False,True,,1092,21.16838264042747
11,2026-09-14T02:05:16.950+00:00,2026-09-14T02:05:42.745+00:00,2026-09-14T02:05:57.307+00:00,True,219,219.0,,219.0,25795.124021000003,40356.838709,40356.838876,184.277803086758,40.375445,25795.124021000003,1738.696641962594,95.89029310000002,66.79685636697248,21.908945095012268,5.42658956959284,6,64,,False,True,,1012,21.16838264042747
12,2026-09-14T02:05:20.824+00:00,2026-09-14T02:05:47.987+00:00,2026-09-14T02:05:58.473+00:00,True,163,163.0,,163.0,27163.230699,37648.944107,37648.944223,230.97511793251533,38.927078,27163.230699,2122.630198674433,95.93709210000002,64.72662597530864,21.828524549162267,4.329470689450058,6,64,,False,True,,590,21.16838264042747
13,2026-09-14T02:05:24.623+00:00,2026-09-14T02:05:54.960+00:00,2026-09-14T02:06:10.896+00:00,True,239,239.0,,239.0,30336.826272,46272.553375999996,46272.553303,193.60900963598326,36.815232,30336.826272,1958.1145800210948,95.3541339,66.95683657142857,21.677899667401583,5.165048880228018,6,64,,False,True,,1004,21.16838264042747
14,2026-09-14T02:05:28.292+00:00,2026-09-14T02:06:01.495+00:00,2026-09-14T02:06:11.041+00:00,True,141,141.0,,141.0,33202.855883000004,42748.308427,42748.30860900001,303.17949368085107,41.146392999999996,33202.855883000004,2790.523424061938,93.759473,68.18180388571429,21.269560006866048,3.298376127345049,6,64,,False,True,,520,21.16838264042747
15,2026-09-14T02:05:31.245+00:00,2026-09-14T02:06:06.089+00:00,2026-09-14T02:06:24.541+00:00,True,276,276.0,,276.0,34844.158005000005,53295.756853000006,53295.756804000004,193.1005681304348,8.575822,34844.158005000005,2093.4529805282964,94.27475425,67.09672308363636,22.444743472016814,5.178648663556112,6,64,,False,True,,1100,21.16838264042747
16,2026-09-14T02:05:34.296+00:00,2026-09-14T02:06:11.888+00:00,2026-09-14T02:06:20.910+00:00,True,136,136.0,,136.0,37591.855525,46613.648293,46613.648134999996,342.74741275735295,37.80545,37591.855525,3217.8141600963913,94.250137,66.82809457777778,21.243443332313916,2.917600423488483,6,64,,False,True,,649,21.16838264042747
17,2026-09-14T02:05:37.975+00:00,2026-09-14T02:06:18.876+00:00,2026-09-14T02:06:33.338+00:00,True,214,214.0,,214.0,40901.976601,55363.781657,55363.781458000005,258.7092591495327,0.02547,40901.976601,2791.5340769597556,95.3421178,67.89579838497652,31.22124637484264,3.865342893767854,6,64,,False,True,,1113,21.16838264042747
18,2026-09-14T02:05:40.951+00:00,2026-09-14T02:06:23.514+00:00,2026-09-14T02:06:43.137+00:00,True,297,297.0,,297.0,42563.015089,62186.544049000004,62186.54399,209.382302996633,0.016579999999999998,42563.015089,2466.074535665419,93.0467588,66.29570594594595,28.555217838763365,4.7759528132963665,6,64,,False,True,,1402,21.16838264042747
19,2026-09-14T02:05:44.643+00:00,2026-09-14T02:06:30.027+00:00,2026-09-14T02:06:41.260+00:00,True,170,170.0,,170.0,45383.814237000006,56616.47932500001,56616.479299000006,333.03811352352943,0.01659,45383.814237000006,3475.8719359263655,93.91635900000001,66.46547389349112,36.44566474926692,3.002659332173159,6,64,,False,True,,875,21.16838264042747
20,2026-09-14T02:05:47.686+00:00,2026-09-14T02:06:35.965+00:00,2026-09-14T02:06:54.380+00:00,True,276,276.0,,276.0,48278.543009,66693.811361,66693.811201,241.64424348188408,5.149269,48278.543009,2902.0840149735604,94.87656975,66.96461218909091,22.643497208081715,4.13831500056382,6,64,,False,True,,1184,21.16838264042747
21,2026-09-14T02:05:51.445+00:00,2026-09-14T02:06:42.277+00:00,2026-09-14T02:06:53.877+00:00,True,177,177.0,,177.0,50832.322218,62432.294314,62432.294303,352.7248265706215,4.66261,50832.322218,3815.9065419458016,95.28655700000002,65.90893236363637,23.054985890364154,2.83507120705492,6,64,,False,True,,677,21.16838264042747
22,2026-09-14T02:05:54.079+00:00,2026-09-14T02:06:45.938+00:00,2026-09-14T02:06:56.806+00:00,True,166,166.0,,166.0,51859.609032,62726.928072,62726.928052,377.87306055421686,4.339781,51859.609032,4020.0423539043095,96.5034015,65.86253963636364,23.452732928293507,2.646391352202994,6,64,,False,True,,767,21.16838264042747
23,2026-09-14T02:05:57.541+00:00,2026-09-14T02:06:52.765+00:00,2026-09-14T02:07:09.934+00:00,True,257,257.0,,257.0,55224.191115999995,72393.64801199999,72393.647875,281.6873458171206,0.0,55224.191115999995,3440.6994078678636,95.90931219999999,67.068191,25.293894779568358,3.550035217971052,6,64,,False,True,,895,21.16838264042747
24,2026-09-14T02:06:00.898+00:00,2026-09-14T02:06:58.554+00:00,2026-09-14T02:07:05.529+00:00,True,103,103.0,,103.0,57655.224364,64630.926636000004,64630.926510000005,627.4847233980582,38.850328000000005,57655.224364,5674.240667269256,95.9145693,68.38923796078431,21.72940885412798,1.5936642929490057,6,64,,False,True,,449,21.16838264042747
25,2026-09-14T02:06:04.888+00:00,2026-09-14T02:07:05.436+00:00,2026-09-14T02:07:16.108+00:00,True,160,160.0,,160.0,60547.354504,71219.66375200001,71219.663636,445.12289772500003,0.0,60547.354504,4781.46792912925,98.42853514999999,67.12144181132075,28.714922445774953,2.2465705617082032,6,64,,False,True,,730,21.16838264042747
26,2026-09-14T02:06:08.875+00:00,2026-09-14T02:07:13.329+00:00,2026-09-14T02:07:26.664+00:00,True,202,202.0,,202.0,64454.313833,77789.146473,77789.146304,385.0947836831683,30.875215,64454.313833,4530.376791973614,96.69533555,66.34245094527363,22.365890245068467,2.596763291008889,6,64,,False,True,,813,21.16838264042747
27,2026-09-14T02:06:11.632+00:00,2026-09-14T02:07:17.442+00:00,2026-09-14T02:07:37.038+00:00,True,298,298.0,,298.0,65810.04622,85405.61050800001,85405.610348,286.59600787919464,0.01597,65810.04622,3808.61699066614,94.10415715,65.97833093602694,35.55377005042382,3.4892321268763262,6,64,,False,True,,1365,21.16838264042747
28,2026-09-14T02:06:15.812+00:00,2026-09-14T02:07:25.828+00:00,2026-09-14T02:07:34.776+00:00,True,134,134.0,,134.0,70015.850307,78963.480899,78963.48075,589.2797070895523,0.03417,70015.850307,6042.8112376208755,95.57564780000001,67.2754179849624,46.12441058992486,1.696986992903665,6,64,,False,True,,553,21.16838264042747
29,2026-09-14T02:06:18.352+00:00,2026-09-14T02:07:30.258+00:00,2026-09-14T02:07:39.624+00:00,True,146,146.0,,146.0,71906.487936,81272.409984,81272.409897,556.660341760274,0.03909000000000001,71906.487936,5945.730295117536,93.37195249999999,64.59256584827587,25.12728744307798,1.7964275949088118,6,64,,False,True,,659,21.16838264042747
30,2026-09-14T02:06:20.995+00:00,2026-09-14T02:07:34.236+00:00,2026-09-14T02:07:47.610+00:00,True,208,208.0,,208.0,73241.579448,86615.431864,86615.431689,416.42034465865385,34.706936,73241.579448,5073.953238575191,93.50220085000001,64.60798268599034,20.984749186483253,2.4014196491751387,6,64,,False,True,,955,21.16838264042747
31,2026-09-14T02:06:24.108+00:00,2026-09-14T02:07:39.719+00:00,2026-09-14T02:07:52.149+00:00,True,191,191.0,,191.0,75611.001986,88040.82086600001,88040.820709,460.9467052827225,39.012527999999996,75611.001986,5466.337163444563,91.808022,65.42009936842105,23.60633328377841,2.169448195976115,6,64,,False,True,,936,21.16838264042747
32,2026-09-14T02:06:26.695+00:00,2026-09-14T02:07:44.170+00:00,2026-09-14T02:07:53.168+00:00,True,139,139.0,,139.0,77475.29501100001,86472.72195500002,86472.72187000001,622.105912733813,0.0,77475.29501100001,6565.890176283496,93.27907210000001,65.19874597101449,26.101831808683414,1.6074433284560528,6,64,,False,True,,522,21.16838264042747
33,2026-09-14T02:06:29.346+00:00,2026-09-14T02:07:48.636+00:00,2026-09-14T02:07:58.299+00:00,True,145,145.0,,145.0,79289.835144,88953.50516,88953.505305,613.4724503793103,0.0,79289.835144,6579.14249821563,94.15287639999998,67.10881955555556,26.544043220311618,1.6300650518401674,6,64,,False,True,,509,21.16838264042747
34,2026-09-14T02:06:32.278+00:00,2026-09-14T02:07:53.248+00:00,2026-09-14T02:08:03.404+00:00,True,157,157.0,,157.0,80969.81150499999,91126.039601,91126.03962799998,580.4206345732483,39.221088,80969.81150499999,6456.934419757621,93.99797099999999,65.10402625641025,21.57882735888415,1.7228884376785438,6,64,,False,True,,657,21.16838264042747
35,2026-09-14T02:06:36.188+00:00,2026-09-14T02:07:59.581+00:00,2026-09-14T02:08:15.767+00:00,True,250,250.0,,250.0,83392.967436,99578.3995,99578.399462,398.31359784800003,0.0,83392.967436,5270.18616445317,95.961636,65.00173519678715,25.795524752529488,2.5105846373841345,6,64,,False,True,,1386,21.16838264042747
36,2026-09-14T02:06:39.838+00:00,2026-09-14T02:08:06.576+00:00,2026-09-14T02:08:20.336+00:00,True,207,207.0,,207.0,86737.28491599999,100497.59749199999,100497.597277,485.4956390193236,0.0,86737.28491599999,6024.074985670005,96.3864366,66.79763386407767,26.883444113266926,2.059750732016037,6,64,,False,True,,982,21.16838264042747
37,2026-09-14T02:06:42.292+00:00,2026-09-14T02:08:11.128+00:00,2026-09-14T02:08:21.060+00:00,True,151,151.0,,151.0,88835.36755,98767.832702,98767.83256899999,654.0916064172185,0.0,88835.36755,7223.987500748802,94.677255,66.21643434666666,28.649925800986427,1.5288378399027311,6,64,,False,True,,671,21.16838264042747
38,2026-09-14T02:06:45.624+00:00,2026-09-14T02:08:17.047+00:00,2026-09-14T02:08:36.861+00:00,True,295,295.0,,295.0,91423.535703,111236.773207,111236.773241,377.07380759661015,0.0,91423.535703,5319.136034371156,95.72305769999998,67.39196429931972,43.30765276754241,2.6520006963078284,6,64,,False,True,,1506,21.16838264042747
39,2026-09-14T02:06:48.430+00:00,2026-09-14T02:08:21.798+00:00,2026-09-14T02:08:35.057+00:00,True,199,199.0,,199.0,93368.60515199999,106627.32259199998,106627.322731,535.8156921155778,0.016739999999999998,93368.60515199999,6614.1572562060865,96.7407899,66.9632193939394,48.813741600500514,1.8663133910006902,6,64,,False,True,,946,21.16838264042747
40,2026-09-14T02:06:51.793+00:00,2026-09-14T02:08:28.306+00:00,2026-09-14T02:08:41.670+00:00,True,199,199.0,,199.0,96512.88411300001,109877.301137,109877.30132900001,552.1472428592965,0.0,96512.88411300001,6836.877370274066,95.47546499999999,67.49705567676767,24.910102416613135,1.811111102482193,6,64,,False,True,,940,21.16838264042747
41,2026-09-14T02:06:55.568+00:00,2026-09-14T02:08:35.004+00:00,2026-09-14T02:08:49.766+00:00,True,224,224.0,,224.0,99435.806233,114198.123289,114198.123278,509.8130503482143,0.0,99435.806233,6639.455912191967,95.10384065,66.19873119282511,24.42752142210845,1.9615033377836302,6,64,,False,True,,984,21.16838264042747
42,2026-09-14T02:06:59.360+00:00,2026-09-14T02:08:42.201+00:00,2026-09-14T02:09:01.672+00:00,True,297,297.0,,297.0,102841.207341,122312.843053,122312.842896,411.8277538585859,0.0,102841.207341,5963.6927533829385,96.03521100000002,65.78255308108108,26.287462683540078,2.4281996279925027,6,64,,False,True,,1306,21.16838264042747
43,2026-09-14T02:07:02.719+00:00,2026-09-14T02:08:48.804+00:00,2026-09-14T02:09:01.948+00:00,True,199,199.0,,199.0,106084.80691300001,119228.83456100001,119228.83476600001,599.1398731959799,0.0,106084.80691300001,7515.498506402848,95.52996000000002,66.38397802020202,27.965044248523135,1.6690593406596401,6,64,,False,True,,975,21.16838264042747
44,2026-09-14T02:07:06.230+00:00,2026-09-14T02:08:54.108+00:00,2026-09-14T02:09:02.552+00:00,True,129,129.0,,129.0,107877.586825,116322.46720900001,116322.46726,901.7245524031008,0.0,107877.586825,9492.335451089128,94.41897420000001,65.975628,31.655842011636853,1.1089861064262152,6,64,,False,True,,314,21.16838264042747
45,2026-09-14T02:07:10.267+00:00,2026-09-14T02:09:01.760+00:00,2026-09-14T02:09:21.089+00:00,True,290,290.0,,290.0,111492.495186,130822.39317,130822.393202,451.11170069655174,0.016280000000000003,111492.495186,6543.3245988508625,97.86427295000001,66.88546015224914,49.62067009074613,2.216745871810747,6,64,,False,True,,1361,21.16838264042747
46,2026-09-14T02:07:14.124+00:00,2026-09-14T02:09:08.368+00:00,2026-09-14T02:09:28.542+00:00,True,300,300.0,,300.0,114243.929571,134418.432739,134418.432623,448.06144207666665,0.0,114243.929571,6592.169298037162,97.5279935,67.47325474247491,49.93799920106946,2.2318367644005295,6,64,,False,True,,1236,21.16838264042747
47,2026-09-14T02:07:16.885+00:00,2026-09-14T02:09:13.838+00:00,2026-09-14T02:09:30.339+00:00,True,244,244.0,,244.0,116953.313866,133454.964554,133454.964515,546.9465758811475,0.0,116953.313866,7483.0017132728135,96.65483264999999,67.90802752263374,52.06380200454872,1.82833213298161,6,64,,False,True,,933,21.16838264042747
48,2026-09-14T02:07:19.704+00:00,2026-09-14T02:09:18.995+00:00,2026-09-14T02:09:28.954+00:00,True,146,146.0,,146.0,119290.556357,129250.006981,129250.007093,885.2740211849315,0.0,119290.556357,9866.924018854714,97.45933675,68.6858663724138,32.08659674311165,1.1295937494337023,6,64,,False,True,,608,21.16838264042747
49,2026-09-14T02:07:22.655+00:00,2026-09-14T02:09:24.058+00:00,2026-09-14T02:09:39.230+00:00,True,229,229.0,,229.0,121402.850483,136574.776499,136574.77654,596.3964041048035,38.812667999999995,121402.850483,8018.158358110136,95.29425859999999,66.54353515789474,21.79950728677622,1.676737138952424,6,64,,False,True,,1389,21.16838264042747
50,2026-09-14T02:07:26.690+00:00,2026-09-14T02:09:29.974+00:00,2026-09-14T02:09:37.905+00:00,True,125,125.0,,125.0,123283.680405,131214.387349,131214.387376,1049.7150990080002,38.393019,123283.680405,11021.12819125482,95.3221384,63.957314064516126,21.659244424683674,0.9526394363106604,6,64,,False,True,,527,21.16838264042747
51,2026-09-14T02:07:30.798+00:00,2026-09-14T02:09:37.624+00:00,2026-09-14T02:09:48.728+00:00,True,168,168.0,,168.0,126825.97579000001,137929.438702,137929.43858000002,821.0085629761905,0.0,126825.97579000001,9779.75734273303,95.0046645,66.48780186826347,31.5307491540985,1.2180140917050215,6,64,,False,True,,749,21.16838264042747
52,2026-09-14T02:07:34.666+00:00,2026-09-14T02:09:43.353+00:00,2026-09-14T02:09:53.013+00:00,True,149,149.0,,149.0,128686.496006,138346.935302,138346.935444,928.502922442953,0.0,128686.496006,10537.110982900833,94.77926940000002,65.27323848648649,32.521632191389216,1.0770025347850694,6,64,,False,True,,568,21.16838264042747
53,2026-09-14T02:07:37.020+00:00,2026-09-14T02:09:47.905+00:00,2026-09-14T02:10:00.938+00:00,True,194,194.0,,194.0,130885.457628,143917.955036,143917.955034,741.8451290412371,35.498305,130885.457628,9392.20517507976,95.21911715,67.52589330569948,21.742831510210955,1.3479902486904596,6,64,,False,True,,861,21.16838264042747
54,2026-09-14T02:07:39.691+00:00,2026-09-14T02:09:53.152+00:00,2026-09-14T02:10:05.860+00:00,True,191,191.0,,191.0,133460.92755599998,146168.88531599997,146168.88520699998,765.2821215026177,35.568955,133460.92755599998,9652.079133482886,95.92928249999999,66.88398821052631,21.97826621264241,1.3067076456598845,6,64,,False,True,,887,21.16838264042747
55,2026-09-14T02:07:43.852+00:00,2026-09-14T02:10:00.586+00:00,2026-09-14T02:10:09.809+00:00,True,139,139.0,,139.0,136733.98546999999,145956.82450999998,145956.82464099998,1050.0490981366906,39.916156,136733.98546999999,11591.9770253264,95.82514579999999,66.83216695652175,21.81445854473664,0.952336421860676,6,64,,False,True,,696,21.16838264042747
56,2026-09-14T02:07:48.024+00:00,2026-09-14T02:10:08.706+00:00,2026-09-14T02:10:18.439+00:00,True,138,138.0,,138.0,140682.44965400003,150415.62853400002,150415.62860800003,1089.968323246377,0.0,140682.44965400003,11969.910012943556,97.16243200000001,71.04510131386861,81.04550132624965,0.9174578555765329,6,64,,False,True,,468,21.16838264042747
57,2026-09-14T02:07:52.201+00:00,2026-09-14T02:10:15.727+00:00,2026-09-14T02:10:32.012+00:00,True,249,249.0,,249.0,143526.304443,159811.334843,159811.33488,641.8125898795181,0.01729,143526.304443,9091.661629044547,95.9572672,65.66544516129032,62.36459517155666,1.5580872298239652,6,64,,False,True,,1111,21.16838264042747
58,2026-09-14T02:07:55.840+00:00,2026-09-14T02:10:22.189+00:00,2026-09-14T02:10:41.823+00:00,True,294,294.0,,294.0,146348.77802700002,165982.98833100003,165982.98848000003,564.567988027211,0.0,146348.77802700002,8531.377631216901,95.63497149999999,67.01095666894199,29.75934364022757,1.7712658565570043,6,64,,False,True,,1164,21.16838264042747
59,2026-09-14T02:07:58.361+00:00,2026-09-14T02:10:26.531+00:00,2026-09-14T02:10:40.032+00:00,True,199,199.0,,199.0,148170.20140700002,161671.025215,161671.02516400002,812.4172118793971,0.0,148170.20140700002,10498.721036921714,94.829403,68.18597882828283,31.668248113479578,1.230894650017575,6,64,,False,True,,916,21.16838264042747
60,2026-09-14T02:08:01.018+00:00,2026-09-14T02:10:31.935+00:00,2026-09-14T02:10:41.003+00:00,True,136,136.0,,136.0,150916.76685400002,159984.80935000003,159984.80930300002,1176.3588919338235,0.0,150916.76685400002,12935.2991854165,96.17748950000001,67.17068515555556,37.17704889389882,0.8500807079906676,6,64,,False,True,,554,21.16838264042747
61,2026-09-14T02:08:05.103+00:00,2026-09-14T02:10:38.436+00:00,2026-09-14T02:10:53.944+00:00,True,233,233.0,,233.0,153332.533157,168840.448421,168840.44839499998,724.6371175751073,0.0,153332.533157,10040.820391094854,95.94554959999999,66.84446234482759,32.15968068549624,1.3800010730782917,6,64,,False,True,,1053,21.16838264042747
62,2026-09-14T02:08:07.889+00:00,2026-09-14T02:10:43.718+00:00,2026-09-14T02:10:52.390+00:00,True,133,133.0,,133.0,155828.940859,164500.740155,164500.740084,1236.8476698045113,7.891323000000001,155828.940859,13506.405416338988,96.61464219999999,65.6954492121212,22.811850218369667,0.808507000483289,6,64,,False,True,,634,21.16838264042747
63,2026-09-14T02:08:11.523+00:00,2026-09-14T02:10:50.307+00:00,2026-09-14T02:11:07.264+00:00,True,261,261.0,,261.0,158783.335043,175741.111683,175741.111894,673.3375934636015,38.541739,158783.335043,9824.42681938896,92.087355,65.22221784615385,20.960700069233074,1.4851391202690758,6,64,,False,True,,1036,21.16838264042747
64,2026-09-14T02:08:14.201+00:00,2026-09-14T02:10:53.894+00:00,2026-09-14T02:11:02.142+00:00,True,129,129.0,,129.0,159692.251084,167940.49479599998,167940.494877,1301.864301372093,41.269523,159692.251084,14054.460678235493,93.06350559999998,64.439404,20.9763972722647,0.7681292124135894,6,64,,False,True,,646,21.16838264042747
65,2026-09-14T02:08:18.345+00:00,2026-09-14T02:11:02.138+00:00,2026-09-14T02:11:14.289+00:00,True,184,184.0,,184.0,163793.26344299997,175944.16648299998,175944.16658499997,956.2182966576086,0.0,163793.26344299997,12070.150576835693,94.21179599999999,66.39837726775956,33.39551332183721,1.0457863064063473,6,64,,False,True,,785,21.16838264042747
66,2026-09-14T02:08:21.191+00:00,2026-09-14T02:11:06.855+00:00,2026-09-14T02:11:16.223+00:00,True,139,139.0,,139.0,165664.25554100002,175032.36920500002,175032.36919700002,1259.2256776762592,0.0,165664.25554100002,14045.747507097743,95.47435690000002,67.8848816231884,36.339346947413596,0.7941388249004475,6,64,,False,True,,659,21.16838264042747
67,2026-09-14T02:08:25.140+00:00,2026-09-14T02:11:13.517+00:00,2026-09-14T02:11:32.125+00:00,True,280,280.0,,280.0,168376.755699,186984.952563,186984.952542,667.8034019357143,0.016149999999999998,168376.755699,10058.650224237237,95.97843345,66.69604610752688,63.5916458663666,1.4974466991169295,6,64,,False,True,,910,21.16838264042747
68,2026-09-14T02:08:27.933+00:00,2026-09-14T02:11:18.654+00:00,2026-09-14T02:11:25.633+00:00,True,106,106.0,,106.0,170720.56003999998,177700.083368,177700.08342999997,1676.4158814150942,37.606970000000004,170720.56003999998,16575.406948624663,97.9239465,66.47165074285715,23.576791702287828,0.5965106936977856,6,64,,False,True,,394,21.16838264042747
69,2026-09-14T02:08:31.812+00:00,2026-09-14T02:11:26.003+00:00,2026-09-14T02:11:45.054+00:00,True,287,287.0,,287.0,174190.42906999998,193241.51898999998,193241.51893899997,673.315397,0.0,174190.42906999998,10278.427480979959,95.58106,66.61220251748252,67.90909813165216,1.4851880770759824,6,64,,False,True,,1236,21.16838264042747
70,2026-09-14T02:08:34.365+00:00,2026-09-14T02:11:29.863+00:00,2026-09-14T02:11:44.156+00:00,True,218,218.0,,218.0,175497.966794,189790.54433,189790.544391,870.5988274816514,0.0,175497.966794,11881.802330163893,94.09581335000001,65.86441260829493,31.319696731379313,1.1486346739221662,6,64,,False,True,,1155,21.16838264042747
71,2026-09-14T02:08:37.109+00:00,2026-09-14T02:11:34.856+00:00,2026-09-14T02:11:44.389+00:00,True,147,147.0,,147.0,177747.375523,187279.903907,187279.903783,1274.012950904762,0.0,177747.375523,14655.015042943533,97.25897359999999,65.29129030136986,35.92610630509109,0.7849213766843756,6,64,,False,True,,714,21.16838264042747
72,2026-09-14T02:08:40.616+00:00,2026-09-14T02:11:41.880+00:00,2026-09-14T02:11:56.883+00:00,True,225,225.0,,225.0,181264.454584,196267.61132,196267.611164,872.3004940622222,0.0,181264.454584,12079.853701118705,94.75176400000001,66.97837828571429,23.082047271596675,1.1463939387999886,6,64,,False,True,,1027,21.16838264042747
73,2026-09-14T02:08:43.704+00:00,2026-09-14T02:11:46.678+00:00,2026-09-14T02:12:04.600+00:00,True,268,268.0,,268.0,182973.970032,200895.929968,200895.9302,749.6116798507463,40.404995,182973.970032,11172.837383167129,96.39039949999999,67.12344545318352,22.946387362493336,1.3340240394252325,6,64,,False,True,,1170,21.16838264042747
74,2026-09-14T02:08:46.404+00:00,2026-09-14T02:11:50.961+00:00,2026-09-14T02:12:11.067+00:00,True,298,298.0,,298.0,184556.738616,204662.883384,204662.883591,686.7881999697986,39.091298,184556.738616,10687.187180596145,97.77316435,67.69745713131313,22.675014010817268,1.456052973908687,6,64,,False,True,,1295,21.16838264042747
75,2026-09-14T02:08:50.121+00:00,2026-09-14T02:11:57.379+00:00,2026-09-14T02:12:04.737+00:00,True,111,111.0,,111.0,187258.277815,194616.63557500002,194616.63559700001,1753.3030233963964,39.524437,187258.277815,17767.43460310684,97.2928155,66.89416145454545,22.998897131986443,0.570352065084506,6,64,,False,True,,529,21.16838264042747
76,2026-09-14T02:08:52.610+00:00,2026-09-14T02:12:02.453+00:00,2026-09-14T02:12:09.509+00:00,True,101,101.0,,101.0,189842.88049799998,196898.533618,196898.53357799997,1949.4904314653463,41.498332999999995,189842.88049799998,18883.068027562673,99.81752,70.55653120000001,24.72522115948053,0.5129545565633752,6,64,,False,True,,425,21.16838264042747
77,2026-09-14T02:08:54.999+00:00,2026-09-14T02:12:07.204+00:00,2026-09-14T02:12:20.372+00:00,True,196,196.0,,196.0,192205.614359,205373.702167,205373.702396,1047.8250122244897,0.0,192205.614359,13724.19400390804,97.3618175,67.52865542564103,35.24538801225609,0.9543578264008808,6,64,,False,True,,913,21.16838264042747
78,2026-09-14T02:08:59.123+00:00,2026-09-14T02:12:14.357+00:00,2026-09-14T02:12:33.599+00:00,True,291,291.0,,291.0,195234.296573,214475.832061,214475.832211,737.0303512405499,0.0,195234.296573,11440.988509132947,94.701931,66.3501223724138,30.63348324615787,1.3567962282912855,6,64,,False,True,,715,21.16838264042747
79,2026-09-14T02:09:02.016+00:00,2026-09-14T02:12:19.411+00:00,2026-09-14T02:12:26.449+00:00,True,103,103.0,,103.0,197395.119653,204432.370213,204432.370131,1984.7802925339806,39.661305999999996,197395.119653,19443.132464128666,95.3926971,68.99265254901961,21.192134682088845,0.5038341036338,6,64,,False,True,,467,21.16838264042747
80,2026-09-14T02:09:05.883+00:00,2026-09-14T02:12:26.455+00:00,2026-09-14T02:12:45.530+00:00,True,294,294.0,,294.0,200572.290783,219647.239903,219647.240112,747.0994561632654,39.241738,200572.290783,11693.835981717915,95.09406064999999,65.10221542662116,21.267421622841407,1.3385098766997274,6,64,,False,True,,1553,21.16838264042747
81,2026-09-14T02:09:08.501+00:00,2026-09-14T02:12:31.667+00:00,2026-09-14T02:12:41.543+00:00,True,150,150.0,,150.0,203165.96984900002,213042.04562500003,213042.045484,1420.2803032266668,40.674104,203165.96984900002,16583.033258829124,93.82991245000001,66.28238775838926,21.008980490953466,0.704086367364461,6,64,,False,True,,668,21.16838264042747
82,2026-09-14T02:09:11.847+00:00,2026-09-14T02:12:37.086+00:00,2026-09-14T02:12:48.492+00:00,True,177,177.0,,177.0,205239.088035,216645.12221099998,216645.122026,1223.9837402598869,40.322125,205239.088035,15421.857453336315,93.42201500000002,64.80701236363636,20.925060327786298,0.8170043165228161,6,64,,False,True,,623,21.16838264042747
83,2026-09-14T02:09:15.911+00:00,2026-09-14T02:12:44.553+00:00,2026-09-14T02:13:04.143+00:00,True,297,297.0,,297.0,208642.08709000002,228231.72216200002,228231.72215400002,768.456976949495,0.0,208642.08709000002,12103.033060703665,95.49191880000001,66.18119956756756,74.9786895879296,1.3013090256979611,6,64,,False,True,,1487,21.16838264042747
84,2026-09-14T02:09:18.396+00:00,2026-09-14T02:12:49.711+00:00,2026-09-14T02:12:57.419+00:00,True,120,120.0,,120.0,211315.03666800002,219022.892284,219022.892243,1825.1907686916668,0.0,211315.03666800002,19284.763635958694,94.45890845,64.7718959327731,115.18214894210816,0.5478879342183092,6,64,,False,True,,646,21.16838264042747
85,2026-09-14T02:09:21.647+00:00,2026-09-14T02:12:54.787+00:00,2026-09-14T02:13:14.826+00:00,True,300,300.0,,300.0,213140.178406,233179.49463,233179.49452399998,777.2649817466666,37.77089,213140.178406,12301.803536980757,94.00912690000001,67.02112449498328,21.694615068285934,1.2865625276185977,6,64,,False,True,,1581,21.16838264042747
86,2026-09-14T02:09:25.385+00:00,2026-09-14T02:13:00.813+00:00,2026-09-14T02:13:09.242+00:00,True,127,127.0,,127.0,215427.96144100002,223856.46448100003,223856.464417,1762.6493261181104,38.425839,215427.96144100002,19110.21744471007,97.14980599999998,66.89288126984127,22.240040212432465,0.5673278200584607,6,64,,False,True,,505,21.16838264042747
87,2026-09-14T02:09:28.532+00:00,2026-09-14T02:13:06.040+00:00,2026-09-14T02:13:16.435+00:00,True,160,160.0,,160.0,217508.42765,227903.393666,227903.393786,1424.3962111625,36.040814,217508.42765,17190.395426656927,93.9996859,65.37714475471698,21.128254517328575,0.7020518537538116,6,64,,False,True,,694,21.16838264042747
88,2026-09-14T02:09:31.615+00:00,2026-09-14T02:13:11.497+00:00,2026-09-14T02:13:18.423+00:00,True,106,106.0,,106.0,219881.582771,226807.446451,226807.44657499998,2139.692892216981,40.528674,219881.582771,21350.392295860343,95.691384,65.96060647619048,22.442229625465348,0.46735678946458437,6,64,,False,True,,408,21.16838264042747
89,2026-09-14T02:09:35.524+00:00,2026-09-14T02:13:18.727+00:00,2026-09-14T02:13:30.488+00:00,True,183,183.0,,183.0,223203.148693,234964.091541,234964.091393,1283.956783568306,36.004844,223203.148693,16494.88781578442,94.49711620000002,64.6205650989011,20.909153830801227,0.7788424128972382,6,64,,False,True,,814,21.16838264042747
90,2026-09-14T02:09:38.214+00:00,2026-09-14T02:13:23.566+00:00,2026-09-14T02:13:38.046+00:00,True,221,221.0,,221.0,225352.387222,239831.821718,239831.821845,1085.2118635520362,0.0,225352.387222,15154.461721520778,95.40556699999999,65.81561134545454,37.814380184160186,0.9214790531835976,6,64,,False,True,,946,21.16838264042747
91,2026-09-14T02:09:41.104+00:00,2026-09-14T02:13:29.258+00:00,2026-09-14T02:13:39.465+00:00,True,154,154.0,,154.0,228154.33013100002,238361.17249900004,238361.17238200002,1547.7998206623379,0.0,228154.33013100002,18379.87375080464,94.07813415000001,66.7113880261438,42.86234631817968,0.6460783792320288,6,64,,False,True,,717,21.16838264042747
92,2026-09-14T02:09:44.730+00:00,2026-09-14T02:13:34.817+00:00,2026-09-14T02:13:48.680+00:00,True,208,208.0,,208.0,230087.004387,243950.217443,243950.21758,1172.8375845192306,40.674063000000004,230087.004387,15949.035332108624,96.50677735000001,66.97204374879227,22.431065932061667,0.8526329764333991,6,64,,False,True,,946,21.16838264042747
93,2026-09-14T02:09:48.188+00:00,2026-09-14T02:13:41.654+00:00,2026-09-14T02:13:49.822+00:00,True,118,118.0,,118.0,233465.918603,241634.193291,241634.19327699998,2047.7474006525424,40.017405,233465.918603,21485.86510177068,96.318922,69.81431357264957,22.94722300416497,0.4883414817781713,6,64,,False,True,,440,21.16838264042747
94,2026-09-14T02:09:51.603+00:00,2026-09-14T02:13:48.492+00:00,2026-09-14T02:14:01.981+00:00,True,205,205.0,,205.0,236889.062595,250377.75840299999,250377.75837999998,1221.3549189268292,36.833352,236889.062595,16540.445960023673,94.544923,66.12105788235294,21.765021719364142,0.8187628218559199,6,64,,False,True,,826,21.16838264042747
95,2026-09-14T02:09:55.107+00:00,2026-09-14T02:13:54.046+00:00,2026-09-14T02:14:05.017+00:00,True,168,168.0,,168.0,238938.809537,249909.690561,249909.69069,1487.5576826785714,36.110563,238938.809537,18429.474723776933,94.3868497,65.69389834730539,22.575538290622806,0.6722428394948262,6,64,,False,True,,776,21.16838264042747
96,2026-09-14T02:09:59.192+00:00,2026-09-14T02:14:01.337+00:00,2026-09-14T02:14:11.577+00:00,True,152,152.0,,152.0,242144.932506,252384.897946,252384.897887,1660.4269597828948,41.090203,242144.932506,19635.06065675713,96.64270365,67.81434066225165,23.17900460748434,0.602254735671711,6,64,,False,True,,617,21.16838264042747
97,2026-09-14T02:10:01.588+00:00,2026-09-14T02:14:06.638+00:00,2026-09-14T02:14:17.425+00:00,True,160,160.0,,160.0,245049.881443,255836.786019,255836.786068,1598.979912925,0.0,245049.881443,19367.584462779803,97.96408835,67.8421671446541,45.757991810263206,0.6253987258428013,6,64,,False,True,,782,21.16838264042747
98,2026-09-14T02:10:05.701+00:00,2026-09-14T02:14:14.762+00:00,2026-09-14T02:14:22.443+00:00,True,114,114.0,,114.0,249060.908107,256742.302283,256742.302429,2252.1254599035087,38.074968,249060.908107,23320.334330789046,95.553673,67.97693961061947,21.34202565612651,0.4440249969961745,6,64,,False,True,,508,21.16838264042747
99,2026-09-14T02:10:08.275+00:00,2026-09-14T02:14:18.953+00:00,2026-09-14T02:14:32.003+00:00,True,198,198.0,,198.0,250678.011123,263728.076531,263728.07639,1331.9599817676767,0.01512,250678.011123,17810.528310603397,94.32753715000001,66.2439868426396,107.96067294374197,0.7507733063708368,6,64,,False,True,,808,21.16838264042747
100,2026-09-14T02:10:11.131+00:00,2026-09-14T02:14:23.995+00:00,2026-09-14T02:14:33.230+00:00,True,139,139.0,,139.0,252864.546348,262098.998828,262098.998725,1885.6043073741007,0.01573,252864.546348,21442.364274507287,92.87603779999999,66.91632231884059,122.81045618933724,0.53033396015075,6,64,,False,True,,629,21.16838264042747
101,2026-09-14T02:10:14.867+00:00,2026-09-14T02:14:30.038+00:00,2026-09-14T02:14:43.994+00:00,True,215,215.0,,215.0,255170.938167,269126.57695099997,269126.577122,1251.7515214976743,0.01503,255170.938167,17398.366693024353,92.0452664,65.2132653457944,102.52291720078988,0.7988805952789464,6,64,,False,True,,865,21.16838264042747
102,2026-09-14T02:10:18.628+00:00,2026-09-14T02:14:36.281+00:00,2026-09-14T02:14:49.937+00:00,True,212,212.0,,212.0,257653.644795,271309.684219,271309.684283,1279.7626617122642,34.818126,257653.644795,17691.29303051772,93.1992685,64.72056599052132,21.564885229583776,0.7813948868440485,6,64,,False,True,,470,21.16838264042747
103,2026-09-14T02:10:22.307+00:00,2026-09-14T02:14:43.043+00:00,2026-09-14T02:15:00.395+00:00,True,259,259.0,,259.0,260736.36112599997,278088.175014,278088.17494899995,1073.6995171776061,0.0,260736.36112599997,16197.237539770815,94.5204407,67.25509258914728,39.2606475969538,0.9313592711626841,6,64,,False,True,,1220,21.16838264042747
104,2026-09-14T02:10:25.732+00:00,2026-09-14T02:14:48.274+00:00,2026-09-14T02:14:59.985+00:00,True,175,175.0,,175.0,262542.234661,274252.82000500005,274252.820015,1567.158971514286,0.0,262542.234661,19841.292290242993,96.6189623,67.30221462068965,45.72564485474925,0.6380973584767861,6,64,,False,True,,385,21.16838264042747
105,2026-09-14T02:10:29.688+00:00,2026-09-14T02:14:56.516+00:00,2026-09-14T02:15:05.793+00:00,True,134,134.0,,134.0,266828.023631,276105.77646300005,276105.776406,2060.4908687014927,0.0,266828.023631,23044.458532793797,96.66733180000001,69.75754009022556,50.16861043670577,0.48532124795279996,6,64,,False,True,,387,21.16838264042747
106,2026-09-14T02:10:32.206+00:00,2026-09-14T02:15:00.397+00:00,2026-09-14T02:15:19.020+00:00,True,274,274.0,,274.0,268190.634303,286813.956159,286813.956248,1046.766263678832,39.271267,268190.634303,16197.88324425395,95.96808014999999,68.21729617582417,22.565921738854964,0.9553231079456386,6,64,,False,True,,1438,21.16838264042747
107,2026-09-14T02:10:35.792+00:00,2026-09-14T02:15:06.796+00:00,2026-09-14T02:15:19.460+00:00,True,189,189.0,,189.0,271004.59231599997,283668.19679599995,283668.196785,1500.8899300793648,40.275884,271004.59231599997,19707.796688816445,96.442076,67.35959829787234,22.625761506544894,0.6662713766813958,6,64,,False,True,,1030,21.16838264042747
108,2026-09-14T02:10:39.791+00:00,2026-09-14T02:15:13.840+00:00,2026-09-14T02:15:31.217+00:00,True,254,254.0,,254.0,274048.552208,291426.170384,291426.170353,1147.3471273740156,40.643444,274048.552208,17191.041151380487,98.09460564999999,68.68623784980238,23.065083469115535,0.8715758082581084,6,64,,False,True,,1349,21.16838264042747
109,2026-09-14T02:10:42.724+00:00,2026-09-14T02:15:19.190+00:00,2026-09-14T02:15:30.800+00:00,True,172,172.0,,172.0,276466.12661900005,288075.72226700006,288075.72208100004,1674.8588493081397,37.349610999999996,276466.12661900005,21075.180188121023,96.97436105000001,67.89237221052632,22.934074743823537,0.5970652391199546,6,64,,False,True,,619,21.16838264042747
110,2026-09-14T02:10:46.139+00:00,2026-09-14T02:15:25.384+00:00,2026-09-14T02:15:38.859+00:00,True,194,194.0,,194.0,279245.121278,292719.56275,292719.56266500003,1508.8637250773197,40.308285000000005,279245.121278,20043.631241495525,96.07399285000001,69.81575892227978,22.365271171356962,0.6627503750601309,6,64,,False,True,,478,21.16838264042747
111,2026-09-14T02:10:49.488+00:00,2026-09-14T02:15:31.766+00:00,2026-09-14T02:15:39.625+00:00,True,116,116.0,,116.0,282278.59143000003,290137.76839000004,290137.768424,2501.1876588275863,40.938013,282278.59143000003,26202.573103348164,95.7004755,68.3406692173913,21.96622781981963,0.399810064865716,6,64,,False,True,,560,21.16838264042747
112,2026-09-14T02:10:52.620+00:00,2026-09-14T02:15:36.990+00:00,2026-09-14T02:15:52.638+00:00,False,240,239.0,,239.0,284370.813357,300018.772909,300018.772836,1250.07822015,0.0,284370.813357,18351.87758032454,95.52258174999999,65.47263410878661,41.5100395059528,0.7966168172832709,6,64,,False,False,Request timeout: 300.0s exceeded,1111,21.16838264042747
113,2026-09-14T02:10:55.429+00:00,2026-09-14T02:15:41.798+00:00,2026-09-14T02:15:53.967+00:00,True,190,190.0,,190.0,286368.54786500003,298537.447449,298537.44736800005,1571.2497229894739,0.0,286368.54786500003,20770.735265414045,95.28850985000001,64.38571208465608,44.89863866265117,0.6364360706623186,6,64,,False,True,,862,21.16838264042747
114,2026-09-14T02:10:58.320+00:00,2026-09-14T02:15:47.509+00:00,2026-09-14T02:15:58.059+00:00,True,162,162.0,,162.0,289189.09572000004,299739.37565600005,299739.37558000005,1850.2430591358027,0.0,289189.09572000004,22715.74305475295,94.06888699999999,65.52968904347826,47.98741911653584,0.5404695317238583,6,64,,False,True,,824,21.16838264042747
115,2026-09-14T02:11:02.372+00:00,2026-09-14T02:15:54.554+00:00,2026-09-14T02:16:02.393+00:00,False,111,110.0,,110.0,292181.249536,300020.151296,300020.151313,2702.884246063063,0.02309,292181.249536,27725.861018530715,92.2793395,71.26274327272726,21.23535160468709,0.3666420389591563,6,64,,False,False,Request timeout: 300.0s exceeded,380,21.16838264042747
116,2026-09-14T02:11:06.412+00:00,2026-09-14T02:15:59.850+00:00,2026-09-14T02:16:06.492+00:00,False,97,96.0,,96.0,293438.656748,300080.574956,300080.574968,3093.614174927835,0.037700000000000004,293438.656748,29787.163565677805,90.72288200000001,69.186648,20.414128873276226,0.3199140764578854,6,64,,False,False,Request timeout: 300.0s exceeded,398,21.16838264042747
117,2026-09-14T02:11:08.903+00:00,2026-09-14T02:16:02.262+00:00,2026-09-14T02:16:08.922+00:00,False,100,99.0,,99.0,293359.68028100004,300019.82696900005,300019.82695300004,3000.1982695300003,0.02707,293359.68028100004,29329.247391154346,89.01689600000002,67.27420896969697,20.049825705851447,0.3299781917754032,6,64,,False,False,Request timeout: 300.0s exceeded,445,21.16838264042747
118,2026-09-14T02:11:12.965+00:00,2026-09-14T02:16:06.929+00:00,2026-09-14T02:16:13.013+00:00,False,89,88.0,,88.0,293964.275794,300048.444242,300048.44421600003,3371.3308338876404,0.02166,293964.275794,31152.828488873016,88.267263,69.13827781818182,19.795237061292244,0.2932859732777844,6,64,,False,False,Request timeout: 300.0s exceeded,435,21.16838264042747
119,2026-09-14T02:11:16.713+00:00,2026-09-14T02:16:10.615+00:00,2026-09-14T02:16:16.775+00:00,False,93,92.0,,92.0,293901.52678500005,300061.95353700005,300061.9536630001,3226.4726200322584,0.088389,293901.52678500005,30469.23167318936,87.452623,66.96116034782608,20.155238801023707,0.30660334946014955,6,64,,False,False,Request timeout: 300.0s exceeded,452,21.16838264042747
120,2026-09-14T02:11:20.192+00:00,2026-09-14T02:16:14.190+00:00,2026-09-14T02:16:20.202+00:00,False,90,89.0,,89.0,293998.074257,300010.70811300003,300010.70805,3333.4523116666664,0.02229,293998.074257,30983.00284752378,86.4438395,67.55768377528089,19.349320169982732,0.29665607791065196,6,64,,False,False,Request timeout: 300.0s exceeded,431,21.16838264042747
121,2026-09-14T02:11:23.637+00:00,2026-09-14T02:16:17.536+00:00,2026-09-14T02:16:23.650+00:00,False,90,89.0,,89.0,293899.25597399997,300012.53392599995,300012.53400499996,3333.472600055555,0.07671,293899.25597399997,30972.46756449655,87.79873860000002,68.68851631460674,19.79260242301007,0.29665427252433535,6,64,,False,False,Request timeout: 300.0s exceeded,288,21.16838264042747
122,2026-09-14T02:11:27.771+00:00,2026-09-14T02:16:20.697+00:00,2026-09-14T02:16:27.876+00:00,False,108,107.0,,107.0,292925.625107,300105.516563,300105.516571,2778.754783064815,0.03019,292925.625107,28180.332017725792,88.836317,67.10178930841121,20.618501468029795,0.35654126330442815,6,64,,False,False,Request timeout: 300.0s exceeded,424,21.16838264042747
123,2026-09-14T02:11:31.070+00:00,2026-09-14T02:16:24.711+00:00,2026-09-14T02:16:31.087+00:00,False,101,100.0,,100.0,293640.403695,300016.210159,300016.21006,2970.4575253465346,0.0327,293640.403695,29211.975231079607,88.90736999999999,63.75806464,20.574526526477175,0.3333153230187224,6,64,,False,False,Request timeout: 300.0s exceeded,505,21.16838264042747
124,2026-09-14T02:11:33.827+00:00,2026-09-14T02:16:27.175+00:00,2026-09-14T02:16:33.835+00:00,False,115,114.0,,114.0,293348.363868,300008.32444399997,300008.324312,2608.768037495652,0.01558,293348.363868,27349.82928575295,90.2304998,58.420706807017545,148.76860220730387,0.37998945599684325,6,64,,False,False,Request timeout: 300.0s exceeded,375,21.16838264042747
125,2026-09-14T02:11:37.217+00:00,2026-09-14T02:16:30.784+00:00,2026-09-14T02:16:37.263+00:00,False,106,105.0,,105.0,293567.891933,300046.968541,300046.96864,2830.6317796226417,0.015380000000000001,293567.891933,28508.263033770636,89.3670655,61.7054915047619,155.87663032519893,0.3499452119465498,6,64,,False,False,Request timeout: 300.0s exceeded,392,21.16838264042747
126,2026-09-14T02:11:41.280+00:00,2026-09-14T02:16:35.215+00:00,2026-09-14T02:16:41.288+00:00,False,86,85.0,,85.0,293934.868911,300007.55294300005,300007.55292900006,3488.45991777907,0.03674,293934.868911,31688.114130585596,88.10231625,71.44334155294118,19.629548593030922,0.2833262001778654,6,64,,False,False,Request timeout: 300.0s exceeded,206,21.16838264042747
127,2026-09-14T02:11:44.898+00:00,2026-09-14T02:16:38.830+00:00,2026-09-14T02:16:44.946+00:00,False,96,95.0,,95.0,293931.709245,300047.974973,300047.97491999995,3125.49973875,0.0,293931.709245,29992.77806744656,88.98525325,64.38174450526316,64.93294242023124,0.31661603451430936,6,64,,False,False,Request timeout: 300.0s exceeded,140,21.16838264042747
128,2026-09-14T02:11:48.482+00:00,2026-09-14T02:16:42.152+00:00,2026-09-14T02:16:48.532+00:00,False,102,101.0,,101.0,293669.677748,300049.708468,300049.708394,2941.663807784314,0.0,293669.677748,29071.44299801481,89.9069615,63.168620990099015,62.55541669075597,0.3366108919608284,6,64,,False,False,Request timeout: 300.0s exceeded,358,21.16838264042747
129,2026-09-14T02:11:52.579+00:00,2026-09-14T02:16:46.061+00:00,2026-09-14T02:16:52.593+00:00,False,97,96.0,,96.0,293481.57489999995,300013.30200399994,300013.30193499994,3092.9206385051543,0.05003,293481.57489999995,29791.637892865492,89.73938,68.038824,20.570103446604207,0.3199858118248373,6,64,,False,False,Request timeout: 300.0s exceeded,372,21.16838264042747
130,2026-09-14T02:11:54.897+00:00,2026-09-14T02:16:48.398+00:00,2026-09-14T02:16:54.948+00:00,False,96,95.0,,95.0,293501.497256,300050.975144,300050.975235,3125.53099203125,0.039,293501.497256,29948.341435053946,88.44519849999999,68.94187250526316,20.0783337840561,0.31661286871141725,6,64,,False,False,Request timeout: 300.0s exceeded,404,21.16838264042747
131,2026-09-14T02:11:57.758+00:00,2026-09-14T02:16:51.684+00:00,2026-09-14T02:16:57.827+00:00,False,90,89.0,,89.0,293925.97850300005,300068.17037500005,300068.17055300006,3334.0907839222227,0.03778,293925.97850300005,30975.250208037294,87.86424944999999,69.01339182022471,19.93015708779232,0.2965992690553459,6,64,,False,False,Request timeout: 300.0s exceeded,198,21.16838264042747
132,2026-09-14T02:12:01.861+00:00,2026-09-14T02:16:55.837+00:00,2026-09-14T02:17:01.924+00:00,False,89,88.0,,88.0,293976.06061,300062.21510599996,300062.21496899996,3371.485561449438,0.04007,293976.06061,31154.07579637736,89.7991404,69.16084654545455,20.594022895060682,0.29327251339830684,6,64,,False,False,Request timeout: 300.0s exceeded,354,21.16838264042747
133,2026-09-14T02:12:05.341+00:00,2026-09-14T02:16:59.053+00:00,2026-09-14T02:17:05.380+00:00,False,95,94.0,,94.0,293711.75329799997,300038.275154,300038.27500799997,3158.2976316631575,0.03823,293711.75329799997,30127.29171566651,88.74925350000001,67.303424,20.406312441877713,0.31329336216105375,6,64,,False,False,Request timeout: 300.0s exceeded,370,21.16838264042747
134,2026-09-14T02:12:08.724+00:00,2026-09-14T02:17:02.182+00:00,2026-09-14T02:17:08.770+00:00,False,96,95.0,,95.0,293457.457856,300045.729984,300045.729882,3125.4763529375,0.04112,293457.457856,29943.80480734054,88.81737724999999,69.35023292631578,19.777037364882013,0.3166184034849151,6,64,,False,False,Request timeout: 300.0s exceeded,443,21.16838264042747
135,2026-09-14T02:12:11.252+00:00,2026-09-14T02:17:05.086+00:00,2026-09-14T02:17:11.325+00:00,False,89,88.0,,88.0,293833.584058,300072.90233,300072.902211,3371.6056428202246,0.041460000000000004,293833.584058,31138.787768785132,87.5828924,70.901344,18.913107852137415,0.2932620683730499,6,64,,False,False,Request timeout: 300.0s exceeded,426,21.16838264042747
136,2026-09-14T02:12:15.110+00:00,2026-09-14T02:17:08.770+00:00,2026-09-14T02:17:15.504+00:00,False,95,94.0,,94.0,293660.245069,300393.714765,300393.714777,3162.0391029157895,0.027649999999999997,293660.245069,30121.562091280288,87.536096,71.63265634042554,19.13929837910789,0.3129226590960361,6,64,,False,False,Request timeout: 300.0s exceeded,459,21.16838264042747
137,2026-09-14T02:12:18.939+00:00,2026-09-14T02:17:12.672+00:00,2026-09-14T02:17:18.957+00:00,False,93,92.0,,92.0,293733.691859,300018.411987,300018.411946,3226.0044295268817,0.092519,293733.691859,30451.688073261907,88.8889996,68.31217530434783,20.39956291584153,0.3066478466794445,6,64,,False,False,Request timeout: 300.0s exceeded,123,21.16838264042747
138,2026-09-14T02:12:21.679+00:00,2026-09-14T02:17:15.674+00:00,2026-09-14T02:17:21.704+00:00,False,92,91.0,,91.0,293995.51378,300025.12478799996,300025.12481899996,3261.142661076087,0.0381,293995.51378,30644.24984267075,89.36989755,66.25946162637362,20.412041092385888,0.3033079315084071,6,64,,False,False,Request timeout: 300.0s exceeded,365,21.16838264042747
139,2026-09-14T02:12:25.728+00:00,2026-09-14T02:17:19.349+00:00,2026-09-14T02:17:25.758+00:00,False,94,93.0,,93.0,293620.953806,300029.836238,300029.83613300003,3191.8067673723403,0.03593,293620.953806,30277.58763393524,90.07125565,68.91271432258065,19.83535183021059,0.3099691722866766,6,64,,False,False,Request timeout: 300.0s exceeded,422,21.16838264042747
140,2026-09-14T02:12:28.925+00:00,2026-09-14T02:17:22.858+00:00,2026-09-14T02:17:28.955+00:00,False,90,89.0,,89.0,293933.03387800005,300030.79592600005,300030.79598200007,3333.675510911112,0.03977,293933.03387800005,30976.046530764102,88.8031091,68.51418031460675,19.92925854951219,0.2966362160434726,6,64,,False,False,Request timeout: 300.0s exceeded,464,21.16838264042747
141,2026-09-14T02:12:32.975+00:00,2026-09-14T02:17:26.923+00:00,2026-09-14T02:17:32.999+00:00,False,89,88.0,,88.0,293948.35001,300023.99160999997,300023.991729,3371.0560868426965,0.02521,293948.35001,31151.150578846784,87.9998978,69.04138181818182,19.713209776574327,0.2933098767460932,6,64,,False,False,Request timeout: 300.0s exceeded,377,21.16838264042747
142,2026-09-14T02:12:36.574+00:00,2026-09-14T02:17:30.162+00:00,2026-09-14T02:17:36.637+00:00,False,93,92.0,,92.0,293588.063222,300062.77426200005,300062.77409200004,3226.4814418494625,0.04221,293588.063222,30436.372153360793,88.35023100000001,70.37729391304349,19.163782341835418,0.3066025108455144,6,64,,False,False,Request timeout: 300.0s exceeded,301,21.16838264042747
143,2026-09-14T02:12:39.247+00:00,2026-09-14T02:17:33.075+00:00,2026-09-14T02:17:39.271+00:00,False,98,97.0,,97.0,293827.549167,300023.549935,300023.549828,3061.464794163265,0.0,293827.549167,29674.683246284687,90.52290385,63.876296577319586,65.28842343478985,0.32330795372901566,6,64,,False,False,Request timeout: 300.0s exceeded,172,21.16838264042747
144,2026-09-14T02:12:42.265+00:00,2026-09-14T02:17:36.171+00:00,2026-09-14T02:17:42.338+00:00,False,95,94.0,,94.0,293906.108112,300073.27329599997,300073.273293,3158.666034663158,0.0,293906.108112,30147.47098069589,89.4922593,65.60814025531914,66.14324144024546,0.31325682213382594,6,64,,False,False,Request timeout: 300.0s exceeded,477,21.16838264042747
145,2026-09-14T02:12:46.280+00:00,2026-09-14T02:17:39.938+00:00,2026-09-14T02:17:46.317+00:00,False,91,90.0,,90.0,293657.949148,300036.79177199997,300036.79196299997,3297.107603989011,0.01875,293657.949148,30776.293885881423,88.96488649999999,70.87602915555556,19.621387003718763,0.2999632127395617,6,64,,False,False,Request timeout: 300.0s exceeded,255,21.16838264042747
146,2026-09-14T02:12:49.174+00:00,2026-09-14T02:17:42.833+00:00,2026-09-14T02:17:49.203+00:00,False,95,94.0,,94.0,293658.604918,300028.676982,300028.677101,3158.1966010631577,0.04083,293658.604918,30121.79117089808,89.3773791,67.76672408510639,20.251435651598985,0.31330338468158986,6,64,,False,False,Request timeout: 300.0s exceeded,545,21.16838264042747
147,2026-09-14T02:12:52.384+00:00,2026-09-14T02:17:45.100+00:00,2026-09-14T02:17:52.459+00:00,False,108,107.0,,107.0,292716.06716000004,300075.14504800003,300075.14510100003,2778.4735657500005,0.03735,292716.06716000004,28160.006258247948,90.53337885,68.77642885981308,20.75630629163793,0.35657734992641354,6,64,,False,False,Request timeout: 300.0s exceeded,509,21.16838264042747
148,2026-09-14T02:12:56.008+00:00,2026-09-14T02:17:49.803+00:00,2026-09-14T02:17:56.042+00:00,False,95,94.0,,94.0,293795.323615,300033.659871,300033.659785,3158.249050368421,0.02284,293795.323615,30135.962712640176,91.470606,66.36527931914894,21.30278686737452,0.31329818141209714,6,64,,False,False,Request timeout: 300.0s exceeded,439,21.16838264042747
149,2026-09-14T02:13:00.098+00:00,2026-09-14T02:17:53.864+00:00,2026-09-14T02:18:00.106+00:00,False,93,92.0,,92.0,293765.59097,300008.483514,300008.483529,3225.897672354839,0.036109,293765.59097,30455.04287695047,88.70309879999999,67.8575276521739,20.211540558834397,0.3066579948753575,6,64,,False,False,Request timeout: 300.0s exceeded,483,21.16838264042747
150,2026-09-14T02:13:03.569+00:00,2026-09-14T02:17:57.492+00:00,2026-09-14T02:18:03.611+00:00,False,92,91.0,,91.0,293922.685026,300041.960802,300041.960907,3261.3256620326088,0.02255,293922.685026,30636.55368815853,88.6559281,67.24478874725274,19.62883566976138,0.3032909122336112,6,64,,False,False,Request timeout: 300.0s exceeded,302,21.16838264042747
151,2026-09-14T02:13:06.615+00:00,2026-09-14T02:18:00.233+00:00,2026-09-14T02:18:06.668+00:00,False,94,93.0,,93.0,293618.725195,300053.517899,300053.517781,3192.0586997978726,0.02111,293618.725195,30277.329102567644,89.83791515000001,69.19131939784945,19.940216901633725,0.3099447080347327,6,64,,False,False,Request timeout: 300.0s exceeded,332,21.16838264042747
152,2026-09-14T02:13:10.042+00:00,2026-09-14T02:18:03.778+00:00,2026-09-14T02:18:10.077+00:00,False,91,90.0,,90.0,293735.582926,300034.851534,300034.851339,3297.0862784505493,0.023280000000000002,293735.582926,30784.525149208897,89.5178165,69.99187342222223,20.166866992356827,0.2999651525142944,6,64,,False,False,Request timeout: 300.0s exceeded,174,21.16838264042747
153,2026-09-14T02:13:12.629+00:00,2026-09-14T02:18:06.447+00:00,2026-09-14T02:18:12.671+00:00,False,90,89.0,,89.0,293817.800796,300041.306972,300041.306928,3333.7922992,0.037270000000000005,293817.800796,30963.75126962435,90.57731695000001,69.92703568539326,20.39154067202371,0.29662582428460604,6,64,,False,False,Request timeout: 300.0s exceeded,423,21.16838264042747
154,2026-09-14T02:13:16.491+00:00,2026-09-14T02:18:09.584+00:00,2026-09-14T02:18:16.570+00:00,False,106,105.0,,105.0,293093.142689,300078.901921,300078.9019,2830.9330367924526,0.021099,293093.142689,28461.267630320544,88.28329549999998,66.5310403047619,20.216121184662743,0.3499079719627964,6,64,,False,False,Request timeout: 300.0s exceeded,463,21.16838264042747
155,2026-09-14T02:13:19.663+00:00,2026-09-14T02:18:13.233+00:00,2026-09-14T02:18:19.674+00:00,False,95,94.0,,94.0,293569.38987699995,300010.58411699993,300010.58394899993,3158.0061468315785,0.03649,293569.38987699995,30112.560179672586,89.21632170000001,68.5233429787234,20.1065205799972,0.3133222792011275,6,64,,False,False,Request timeout: 300.0s exceeded,167,21.16838264042747
156,2026-09-14T02:13:23.387+00:00,2026-09-14T02:18:16.860+00:00,2026-09-14T02:18:23.418+00:00,False,100,99.0,,99.0,293472.366301,300030.602205,300030.602306,3000.30602306,0.0232,293472.366301,29340.618916588777,88.92303595000001,66.24480711111111,20.02912034353015,0.3299663410079646,6,64,,False,False,Request timeout: 300.0s exceeded,477,21.16838264042747
157,2026-09-14T02:13:25.930+00:00,2026-09-14T02:18:19.348+00:00,2026-09-14T02:18:26.013+00:00,False,101,100.0,,100.0,293417.940734,300083.090174,300083.090183,2971.1197047821784,0.04675,293417.940734,29189.551419386506,88.47996299999998,66.6514944,20.548546611764642,0.33324103648098286,6,64,,False,False,Request timeout: 300.0s exceeded,487,21.16838264042747
158,2026-09-14T02:13:29.594+00:00,2026-09-14T02:18:23.208+00:00,2026-09-14T02:18:29.630+00:00,False,92,91.0,,91.0,293613.732119,300036.138007,300036.137802,3261.262367413043,0.02525,293613.732119,30603.99591872873,89.51014105,70.57588887912088,19.757672458472523,0.303296798193946,6,64,,False,False,Request timeout: 300.0s exceeded,317,21.16838264042747
159,2026-09-14T02:13:32.079+00:00,2026-09-14T02:18:25.883+00:00,2026-09-14T02:18:32.622+00:00,False,88,87.0,,87.0,293803.93990600004,300543.50547400006,300543.50552700006,3415.2671082613642,0.023469999999999998,293803.93990600004,31311.40660640132,92.08591634999999,77.46627089655173,61.297543703039125,0.28947556149246534,6,64,,False,False,Request timeout: 300.0s exceeded,400,21.16838264042747
160,2026-09-14T02:13:34.505+00:00,2026-09-14T02:18:28.505+00:00,2026-09-14T02:18:34.524+00:00,False,95,94.0,,94.0,294000.537885,300018.886429,300018.886253,3158.093539505263,0.0,294000.537885,30157.316743040807,93.2954004,64.02498451063829,63.829420865750414,0.3133136087492454,6,64,,False,False,Request timeout: 300.0s exceeded,482,21.16838264042747
161,2026-09-14T02:13:38.017+00:00,2026-09-14T02:18:32.810+00:00,2026-09-14T02:18:38.062+00:00,False,80,79.0,,79.0,294792.51684899995,300044.7334249999,300044.73355699994,3750.5591694624995,0.03835,294792.51684899995,32951.37889048676,90.97756835,66.48375412658228,21.07417586450262,0.2632940731810814,6,64,,False,False,Request timeout: 300.0s exceeded,371,21.16838264042747
162,2026-09-14T02:13:41.225+00:00,2026-09-14T02:18:35.383+00:00,2026-09-14T02:18:41.239+00:00,False,86,85.0,,85.0,294157.76090600004,300014.14644200006,300014.14623500005,3488.5365841279076,0.02613,294157.76090600004,31712.424192602226,89.36317375,68.89865336470588,20.59277833536816,0.2833199734347611,6,64,,False,False,Request timeout: 300.0s exceeded,394,21.16838264042747
163,2026-09-14T02:13:44.872+00:00,2026-09-14T02:18:38.833+00:00,2026-09-14T02:18:44.895+00:00,False,94,93.0,,93.0,293960.68709200004,300022.55538000003,300022.555248,3191.7293111489366,0.03532,293960.68709200004,30313.013769458732,88.81545065,65.18137944086021,20.55196626713902,0.3099766945262127,6,64,,False,False,Request timeout: 300.0s exceeded,419,21.16838264042747
164,2026-09-14T02:13:48.285+00:00,2026-09-14T02:18:42.240+00:00,2026-09-14T02:18:48.313+00:00,False,97,96.0,,96.0,293955.12620999996,300028.51219399995,300028.51209999993,3093.0774443298965,0.03177,293955.12620999996,29840.2050434233,91.33448059999999,63.26443733333333,21.355196696319744,0.31996958988326385,6,64,,False,False,Request timeout: 300.0s exceeded,317,21.16838264042747
165,2026-09-14T02:13:51.924+00:00,2026-09-14T02:18:45.547+00:00,2026-09-14T02:18:52.006+00:00,False,97,96.0,,96.0,293622.12744300003,300081.95003500005,300081.95006500004,3093.628351185567,0.04604,293622.12744300003,29805.985128736756,89.7207744,67.28981866666668,20.91975019936737,0.3199126105012416,6,64,,False,False,Request timeout: 300.0s exceeded,317,21.16838264042747
166,2026-09-14T02:13:55.972+00:00,2026-09-14T02:18:49.238+00:00,2026-09-14T02:18:55.979+00:00,False,100,99.0,,99.0,293265.575678,300006.550782,300006.550576,3000.0655057599997,0.02207,293265.575678,29319.755082646258,88.4104283,68.09065761616162,19.743591843655718,0.32999279429714323,6,64,,False,False,Request timeout: 300.0s exceeded,485,21.16838264042747
167,2026-09-14T02:13:58.712+00:00,2026-09-14T02:18:52.129+00:00,2026-09-14T02:18:59.315+00:00,False,83,82.0,,82.0,293416.983644,300602.471772,300602.471953,3621.7165295542172,0.053439999999999994,293416.983644,32197.7044465963,87.7046292,87.627904,201.81510031649364,0.2727855147584917,6,64,,False,False,Request timeout: 300.0s exceeded,319,21.16838264042747
168,2026-09-14T02:14:01.023+00:00,2026-09-14T02:18:54.666+00:00,2026-09-14T02:19:01.045+00:00,False,105,104.0,,104.0,293642.341712,300021.63464,300021.634725,2857.3489021428572,0.01581,293642.341712,28651.15760830063,90.33080259999998,61.33935507692308,184.04565614296604,0.34664166844098093,6,64,,False,False,Request timeout: 300.0s exceeded,466,21.16838264042747
169,2026-09-14T02:14:04.610+00:00,2026-09-14T02:18:59.483+00:00,2026-09-14T02:19:04.633+00:00,False,78,77.0,,77.0,294873.007694,300022.35143800004,300022.35136800003,3846.4404021538467,0.02725,294873.007694,33380.22896829894,90.27670760000001,66.87459407792207,22.620215366236557,0.2566475451943524,6,64,,False,False,Request timeout: 300.0s exceeded,340,21.16838264042747
170,2026-09-14T02:14:07.175+00:00,2026-09-14T02:19:00.694+00:00,2026-09-14T02:19:07.220+00:00,False,99,98.0,,98.0,293519.437486,300044.851886,300044.85198000004,3030.7560806060606,0.02241,293519.437486,29493.128160521457,88.15224479999999,66.58586122448979,20.238037627012204,0.3266178352469598,6,64,,False,False,Request timeout: 300.0s exceeded,457,21.16838264042747
171,2026-09-14T02:14:11.034+00:00,2026-09-14T02:19:04.590+00:00,2026-09-14T02:19:11.062+00:00,False,95,94.0,,94.0,293555.818272,300027.561248,300027.561179,3158.1848545157895,0.039850000000000003,293555.818272,30111.13361977631,86.428519,68.84832953191489,18.8569064078906,0.3133045497853461,6,64,,False,False,Request timeout: 300.0s exceeded,465,21.16838264042747
172,2026-09-14T02:14:14.186+00:00,2026-09-14T02:19:08.025+00:00,2026-09-14T02:19:14.217+00:00,False,87,86.0,,86.0,293838.437777,300030.205329,300030.205166,3448.6230478850575,0.0358,293838.437777,31495.073999621796,88.53263330000001,71.99729711627907,19.032991401157297,0.28663780670248235,6,64,,False,False,Request timeout: 300.0s exceeded,400,21.16838264042747
173,2026-09-14T02:14:17.573+00:00,2026-09-14T02:19:11.523+00:00,2026-09-14T02:19:17.618+00:00,False,88,87.0,,87.0,293949.51932200004,300044.649946,300044.65000500006,3409.598295511364,0.040310000000000006,293949.51932200004,31327.66205534779,90.24852784999999,70.05897268965516,20.016362569256753,0.28995684480845657,6,64,,False,False,Request timeout: 300.0s exceeded,353,21.16838264042747
174,2026-09-14T02:14:20.954+00:00,2026-09-14T02:19:14.627+00:00,2026-09-14T02:19:21.002+00:00,False,90,89.0,,89.0,293673.540531,300048.130483,300048.13061500003,3333.8681179444443,0.02223,293673.540531,30948.365857163782,90.40768800000002,71.6246062022472,20.223825246343004,0.2966190786015996,6,64,,False,False,Request timeout: 300.0s exceeded,378,21.16838264042747
175,2026-09-14T02:14:24.020+00:00,2026-09-14T02:19:17.957+00:00,2026-09-14T02:19:24.037+00:00,False,88,87.0,,87.0,293936.962939,300016.058235,300016.058289,3409.273389647727,0.02973,293936.962939,31326.342979026093,88.66360485,69.87465857471265,19.68169784923134,0.28998447787036,6,64,,False,False,Request timeout: 300.0s exceeded,380,21.16838264042747
176,2026-09-14T02:14:26.297+00:00,2026-09-14T02:19:20.437+00:00,2026-09-14T02:19:26.576+00:00,False,84,83.0,,83.0,294139.893385,300278.487945,300278.487929,3574.7439039166666,0.023710000000000002,294139.893385,32085.294823413373,90.67999045,73.95897060240965,67.87304437413876,0.27641007708551724,6,64,,False,False,Request timeout: 300.0s exceeded,361,21.16838264042747
177,2026-09-14T02:14:28.592+00:00,2026-09-14T02:19:22.406+00:00,2026-09-14T02:19:28.646+00:00,False,102,101.0,,101.0,293814.230259,300054.217715,300054.217687,2941.7080165392154,0.0,293814.230259,29085.90092239717,92.6599222,61.78205401980198,66.13280413730632,0.3366058333362028,6,64,,False,False,Request timeout: 300.0s exceeded,559,21.16838264042747
178,2026-09-14T02:14:31.938+00:00,2026-09-14T02:19:25.249+00:00,2026-09-14T02:19:32.070+00:00,False,111,110.0,,110.0,293311.478579,300132.118835,300132.118939,2703.892963414414,0.0,293311.478579,27834.080502659006,91.85278149999998,62.00582050909091,63.74088757586378,0.3665052591737887,6,64,,False,False,Request timeout: 300.0s exceeded,450,21.16838264042747
179,2026-09-14T02:14:35.236+00:00,2026-09-14T02:19:29.076+00:00,2026-09-14T02:19:35.253+00:00,False,102,101.0,,101.0,293840.54283600004,300017.28754000005,300017.287567,2941.345956539216,0.02166,293840.54283600004,29088.500542866026,89.23031209999999,61.15588815841584,19.880696534918506,0.3366472673230008,6,64,,False,False,Request timeout: 300.0s exceeded,340,21.16838264042747
180,2026-09-14T02:14:37.670+00:00,2026-09-14T02:19:31.505+00:00,2026-09-14T02:19:37.744+00:00,False,103,102.0,,102.0,293835.302233,300074.000985,300074.000994,2913.3398154757283,0.05364,293835.302233,28946.432967342305,88.3540322,61.163713254901964,20.20458278016839,0.33991615289956006,6,64,,False,False,Request timeout: 300.0s exceeded,436,21.16838264042747
181,2026-09-14T02:14:40.919+00:00,2026-09-14T02:19:34.676+00:00,2026-09-14T02:19:40.998+00:00,False,93,92.0,,92.0,293757.271683,300079.20653100003,300079.20652400004,3226.658134666667,0.018879999999999997,293757.271683,30454.09078075847,88.094012,68.71668313043479,19.692626734537637,0.30658572136185597,6,64,,False,False,Request timeout: 300.0s exceeded,388,21.16838264042747
182,2026-09-14T02:14:45.078+00:00,2026-09-14T02:19:38.966+00:00,2026-09-14T02:19:45.123+00:00,False,91,90.0,,90.0,293887.49207599997,300044.96689199994,300044.96692,3297.197438681318,0.04273,293887.49207599997,30800.614955856476,89.21792150000002,68.41638684444443,20.54724902488048,0.2999550398470612,6,64,,False,False,Request timeout: 300.0s exceeded,324,21.16838264042747
183,2026-09-14T02:14:49.183+00:00,2026-09-14T02:19:42.724+00:00,2026-09-14T02:19:49.225+00:00,False,99,98.0,,98.0,293540.771953,300042.382193,300042.38211999997,3030.7311325252526,0.02521,293540.771953,29495.296714157485,87.66909500000001,66.34296163265306,20.15989791247652,0.3266205236864246,6,64,,False,False,Request timeout: 300.0s exceeded,374,21.16838264042747
184,2026-09-14T02:14:51.637+00:00,2026-09-14T02:19:44.911+00:00,2026-09-14T02:19:51.721+00:00,False,106,105.0,,105.0,293273.635328,300084.562688,300084.562783,2830.986441349057,0.0373,293273.635328,28478.960616162785,88.92801725000001,64.86597485714286,20.596659403402423,0.3499013713316844,6,64,,False,False,Request timeout: 300.0s exceeded,434,21.16838264042747
185,2026-09-14T02:14:54.911+00:00,2026-09-14T02:19:48.436+00:00,2026-09-14T02:19:54.953+00:00,False,96,95.0,,95.0,293525.838545,300042.882001,300042.882032,3125.4466878333333,0.02044,293525.838545,29950.860605775044,87.87644625000001,68.60045743157895,20.08323490258436,0.3166214088014372,6,64,,False,False,Request timeout: 300.0s exceeded,356,21.16838264042747
186,2026-09-14T02:14:59.009+00:00,2026-09-14T02:19:52.800+00:00,2026-09-14T02:19:59.544+00:00,False,98,97.0,,97.0,293791.135172,300534.99360399996,300534.993759,3066.683609785714,0.020569,293791.135172,29670.369212696867,88.5860655,69.52431373195876,18.89274911606666,0.3227577555504637,6,64,,False,False,Request timeout: 300.0s exceeded,528,21.16838264042747
187,2026-09-14T02:15:02.312+00:00,2026-09-14T02:19:55.727+00:00,2026-09-14T02:20:02.367+00:00,False,104,103.0,,103.0,293414.4665,300054.308036,300054.307966,2885.137576596154,0.04274,293414.4665,28765.341288873085,88.28456715,64.46448093203884,20.121781051015756,0.3432711920524808,6,64,,False,False,Request timeout: 300.0s exceeded,346,21.16838264042747
188,2026-09-14T02:15:05.881+00:00,2026-09-14T02:19:59.464+00:00,2026-09-14T02:20:05.922+00:00,False,97,96.0,,96.0,293582.717282,300040.895586,300040.895589,3093.205109164948,0.01678,293582.717282,29801.985296986346,89.7410086,67.27269066666668,20.80968149294223,0.3199563839872747,6,64,,False,False,Request timeout: 300.0s exceeded,418,21.16838264042747
189,2026-09-14T02:15:08.377+00:00,2026-09-14T02:20:02.237+00:00,2026-09-14T02:20:08.424+00:00,False,91,90.0,,90.0,293859.88693800004,300047.20265000005,300047.202707,3297.2220077692314,0.03289,293859.88693800004,30797.68634848235,89.28801599999998,68.74795235555555,20.477844462371344,0.2999528047757988,6,64,,False,False,Request timeout: 300.0s exceeded,339,21.16838264042747
190,2026-09-14T02:15:12.196+00:00,2026-09-14T02:20:06.141+00:00,2026-09-14T02:20:12.229+00:00,False,95,94.0,,94.0,293944.514066,300033.282834,300033.282814,3158.2450822526316,0.05357,293944.514066,30151.432157298335,89.88271549999999,64.77413582978723,20.698150277673108,0.3132985751184396,6,64,,False,False,Request timeout: 300.0s exceeded,269,21.16838264042747
191,2026-09-14T02:15:15.870+00:00,2026-09-14T02:20:09.380+00:00,2026-09-14T02:20:15.928+00:00,False,98,97.0,,97.0,293510.125911,300057.900119,300057.90016900003,3061.815307846939,0.019780000000000002,293510.125911,29642.18860345799,89.90537954999999,67.50282688659793,21.003754840433974,0.32327094191331324,6,64,,False,False,Request timeout: 300.0s exceeded,414,21.16838264042747
192,2026-09-14T02:15:19.901+00:00,2026-09-14T02:20:13.358+00:00,2026-09-14T02:20:19.956+00:00,False,96,95.0,,95.0,293456.628514,300054.64067399997,300054.640637,3125.569173302083,0.0224,293456.628514,29943.70968199434,89.64823075,69.45275957894737,19.7512382415343,0.31660900090265404,6,64,,False,False,Request timeout: 300.0s exceeded,432,21.16838264042747
193,2026-09-14T02:15:23.764+00:00,2026-09-14T02:20:17.427+00:00,2026-09-14T02:20:23.819+00:00,False,99,98.0,,98.0,293662.636733,300054.396605,300054.39663,3030.852491212121,0.0,293662.636733,29507.724428477213,90.00991959999999,65.22203951020408,66.42659799052487,0.3266074455459819,6,64,,False,False,Request timeout: 300.0s exceeded,499,21.16838264042747
194,2026-09-14T02:15:26.679+00:00,2026-09-14T02:20:20.382+00:00,2026-09-14T02:20:26.695+00:00,False,97,96.0,,96.0,293702.814571,300015.290987,300015.290966,3092.941143979381,0.0,293702.814571,29814.401146811768,89.63257140000002,65.75496266666667,67.1827832213529,0.319983690445164,6,64,,False,False,Request timeout: 300.0s exceeded,234,21.16838264042747
195,2026-09-14T02:15:29.030+00:00,2026-09-14T02:20:22.866+00:00,2026-09-14T02:20:29.054+00:00,False,94,93.0,,93.0,293836.04516000004,300023.52829600003,300023.528318,3191.7396629574473,0.03764,293836.04516000004,30300.017770321443,86.81730885,66.5320767311828,19.23646210607773,0.3099756893340951,6,64,,False,False,Request timeout: 300.0s exceeded,356,21.16838264042747
196,2026-09-14T02:15:31.707+00:00,2026-09-14T02:20:25.378+00:00,2026-09-14T02:20:31.760+00:00,False,96,95.0,,95.0,293671.34502899996,300053.399429,300053.39948699996,3125.5562446562494,0.03403,293671.34502899996,29965.85586922277,88.64710525000001,67.17952,19.392271152168185,0.3166103106339888,6,64,,False,False,Request timeout: 300.0s exceeded,400,21.16838264042747
197,2026-09-14T02:15:35.577+00:00,2026-09-14T02:20:28.926+00:00,2026-09-14T02:20:35.640+00:00,False,97,96.0,,96.0,293348.466847,300062.601631,300062.601654,3093.428883030928,0.02237,293348.466847,29777.929105549247,88.91295680000002,69.938904,19.377751076655333,0.31993323885812125,6,64,,False,False,Request timeout: 300.0s exceeded,357,21.16838264042747
198,2026-09-14T02:15:38.145+00:00,2026-09-14T02:20:31.466+00:00,2026-09-14T02:20:38.197+00:00,False,93,92.0,,92.0,293321.13946700003,300052.34433100006,300052.344128,3226.369291698925,0.05073,293321.13946700003,30408.404287782876,89.7995062,73.16527026086956,19.055360426419824,0.3066131684627367,6,64,,False,False,Request timeout: 300.0s exceeded,317,21.16838264042747
199,2026-09-14T02:15:40.742+00:00,2026-09-14T02:20:34.176+00:00,2026-09-14T02:20:40.783+00:00,False,91,90.0,,90.0,293433.91037,300041.806946,300041.807121,3297.1627156153845,0.03003,293433.91037,30752.540743575537,88.489718,73.42107306666666,18.464167672196723,0.29995819887925734,6,64,,False,False,Request timeout: 300.0s exceeded,323,21.16838264042747
200,2026-09-14T02:15:43.101+00:00,2026-09-14T02:20:36.950+00:00,2026-09-14T02:20:43.128+00:00,False,87,86.0,,86.0,293849.12929199997,300026.81223599997,300026.81224199996,3448.58404875862,0.02131,293849.12929199997,31496.238422535316,90.3914803,71.83352260465117,20.034855995636967,0.2866410483752123,6,64,,False,False,Request timeout: 300.0s exceeded,371,21.16838264042747
201,2026-09-14T02:15:46.445+00:00,2026-09-14T02:20:40.405+00:00,2026-09-14T02:20:46.477+00:00,False,90,89.0,,89.0,293960.386171,300032.533115,300032.532964,3333.694810711111,0.019600000000000003,293960.386171,30978.96038106839,89.182587,68.22637015730338,20.43832511304088,0.29663449851915574,6,64,,False,False,Request timeout: 300.0s exceeded,464,21.16838264042747
202,2026-09-14T02:15:49.182+00:00,2026-09-14T02:20:43.301+00:00,2026-09-14T02:20:49.637+00:00,False,93,92.0,,92.0,294118.94246600004,300454.66777800006,300454.66765200003,3230.6953510967746,0.03502,294118.94246600004,30491.579570623293,90.8947696,68.86657947826087,20.94849597180734,0.3062025984830995,6,64,,False,False,Request timeout: 300.0s exceeded,427,21.16838264042747
203,2026-09-14T02:15:53.151+00:00,2026-09-14T02:20:47.037+00:00,2026-09-14T02:20:53.168+00:00,False,92,91.0,,91.0,293886.527795,300017.360179,300017.360374,3261.0582649347825,0.036899999999999995,293886.527795,30632.772707864202,91.0540812,67.37178443956044,22.442853860563208,0.3033157812791449,6,64,,False,False,Request timeout: 300.0s exceeded,415,21.16838264042747
204,2026-09-14T02:15:55.543+00:00,2026-09-14T02:20:49.506+00:00,2026-09-14T02:20:55.585+00:00,False,93,92.0,,92.0,293963.486623,300041.900959,300041.900961,3226.2569995806452,0.026510000000000002,293963.486623,30475.750291463934,91.77531800000001,66.06972104347825,21.977155881525885,0.3066238405567614,6,64,,False,False,Request timeout: 300.0s exceeded,388,21.16838264042747
205,2026-09-14T02:15:59.322+00:00,2026-09-14T02:20:53.688+00:00,2026-09-14T02:20:59.357+00:00,False,82,81.0,,81.0,294365.673408,300034.644928,300034.644943,3658.9590846707315,0.03744,294365.673408,32499.52747650448,88.60864299999997,69.98730271604938,19.4405374957995,0.2699688231651973,6,64,,False,False,Request timeout: 300.0s exceeded,334,21.16838264042747
206,2026-09-14T02:16:03.187+00:00,2026-09-14T02:20:56.925+00:00,2026-09-14T02:21:03.237+00:00,False,93,92.0,,92.0,293738.4014,300050.49356,300050.49356499995,3226.3493931720427,0.08639,293738.4014,30452.14538453337,90.6740322,68.60969739130434,20.105196238216816,0.3066150597136182,6,64,,False,False,Request timeout: 300.0s exceeded,452,21.16838264042747
207,2026-09-14T02:16:07.253+00:00,2026-09-14T02:21:00.540+00:00,2026-09-14T02:21:07.326+00:00,False,101,100.0,,100.0,293287.46364,300072.85218399996,300072.852165,2971.0183382673263,0.0389,293287.46364,29176.44843888901,88.53567299999999,67.85388544,19.988386301589298,0.3332524061146377,6,64,,False,False,Request timeout: 300.0s exceeded,463,21.16838264042747
208,2026-09-14T02:16:10.364+00:00,2026-09-14T02:21:03.786+00:00,2026-09-14T02:21:10.373+00:00,False,99,98.0,,98.0,293422.019878,300009.02506200003,300009.02496300003,3030.3941915454548,0.03892,293422.019878,29483.27445013288,88.9835837,67.2143386122449,20.659670218777133,0.3266568396725641,6,64,,False,False,Request timeout: 300.0s exceeded,457,21.16838264042747
209,2026-09-14T02:16:12.965+00:00,2026-09-14T02:21:06.732+00:00,2026-09-14T02:21:13.025+00:00,False,91,90.0,,90.0,293766.57201,300060.030954,300060.030975,3297.362977747253,0.0211,293766.57201,30787.780802314137,91.40455699999998,69.9273216,20.697872736486428,0.2999399810559815,6,64,,False,False,Request timeout: 300.0s exceeded,414,21.16838264042747
210,2026-09-14T02:16:16.448+00:00,2026-09-14T02:21:10.502+00:00,2026-09-14T02:21:16.531+00:00,False,87,86.0,,86.0,294053.583309,300083.075277,300083.07525,3449.23075,0.024499,294053.583309,31518.342584323338,88.37730099999999,70.11037172093023,19.475639735146157,0.2865873056006751,6,64,,False,False,Request timeout: 300.0s exceeded,465,21.16838264042747
211,2026-09-14T02:16:18.825+00:00,2026-09-14T02:21:12.599+00:00,2026-09-14T02:21:18.860+00:00,False,99,98.0,,98.0,293773.414581,300034.291893,300034.29195499996,3030.6494136868687,0.0,293773.414581,29518.99424737208,88.5359389,63.88650318367347,67.33099639168951,0.3266293308731168,6,64,,False,False,Request timeout: 300.0s exceeded,321,21.16838264042747
212,2026-09-14T02:16:21.960+00:00,2026-09-14T02:21:16.115+00:00,2026-09-14T02:21:22.027+00:00,False,93,92.0,,92.0,294154.630548,300066.484116,300066.484129,3226.52133472043,0.0,294154.630548,30495.829706280132,92.41202700000002,64.25927791304348,69.71371384817586,0.30659872018373946,6,64,,False,False,Request timeout: 300.0s exceeded,361,21.16838264042747
213,2026-09-14T02:16:24.364+00:00,2026-09-14T02:21:18.428+00:00,2026-09-14T02:21:24.378+00:00,False,91,90.0,,90.0,294063.7829,300014.53694799996,300014.536989,3296.8630438351647,0.022670000000000003,294063.7829,30819.335613568466,88.60999299999999,66.11948942222222,19.90282069255181,0.29998546375637547,6,64,,False,False,Request timeout: 300.0s exceeded,405,21.16838264042747
214,2026-09-14T02:16:28.561+00:00,2026-09-14T02:21:22.317+00:00,2026-09-14T02:21:28.594+00:00,False,94,93.0,,93.0,293756.150334,300032.56787,300032.567965,3191.835829414894,0.02305,293756.150334,30291.67893054017,88.59273265,67.48836060215055,19.729786174345524,0.30996635018734237,6,64,,False,False,Request timeout: 300.0s exceeded,342,21.16838264042747
215,2026-09-14T02:16:32.745+00:00,2026-09-14T02:21:24.749+00:00,2026-09-14T02:21:32.809+00:00,False,120,119.0,,119.0,292003.955864,300064.704664,300064.704845,2500.539207041667,0.019690000000000003,292003.955864,26650.016319795028,89.00337895000001,67.73738487394957,20.235151408883844,0.3965811311705295,6,64,,False,False,Request timeout: 300.0s exceeded,799,21.16838264042747
216,2026-09-14T02:16:35.267+00:00,2026-09-14T02:21:29.333+00:00,2026-09-14T02:21:35.275+00:00,False,92,91.0,,91.0,294066.13882700005,300008.603339,300008.6032540001,3260.9630788478266,0.03965,294066.13882700005,30651.713575444304,90.1695916,65.30180782417582,21.480056865120705,0.3033246346511368,6,64,,False,False,Request timeout: 300.0s exceeded,442,21.16838264042747
217,2026-09-14T02:16:39.470+00:00,2026-09-14T02:21:34.075+00:00,2026-09-14T02:21:39.510+00:00,False,79,78.0,,78.0,294604.707667,300040.313683,300040.313853,3797.9786563670887,0.04051,294604.707667,33137.784550036435,87.61224979999999,69.68725661538461,19.67166585667236,0.25996506616910464,6,64,,False,False,Request timeout: 300.0s exceeded,298,21.16838264042747
218,2026-09-14T02:16:43.653+00:00,2026-09-14T02:21:37.279+00:00,2026-09-14T02:21:43.687+00:00,False,100,99.0,,99.0,293626.221509,300034.346693,300034.346492,3000.34346492,0.02318,293626.221509,29356.15608780488,87.18861545000001,64.72853721212121,20.06862577028726,0.32996222296275435,6,64,,False,False,Request timeout: 300.0s exceeded,448,21.16838264042747
219,2026-09-14T02:16:47.519+00:00,2026-09-14T02:21:40.961+00:00,2026-09-14T02:21:47.623+00:00,False,114,113.0,,113.0,293441.36120499996,300104.14162099996,300104.14146199997,2632.492468964912,0.01632,293441.36120499996,27478.465555372135,91.34301645,58.962658548672565,195.08241147955525,0.37653595645043497,6,64,,False,False,Request timeout: 300.0s exceeded,550,21.16838264042747
220,2026-09-14T02:16:50.135+00:00,2026-09-14T02:21:43.967+00:00,2026-09-14T02:21:50.156+00:00,False,103,102.0,,102.0,293832.324531,300021.764019,300021.764055,2912.832660728155,0.01598,293832.324531,28946.941178862817,90.14392609999999,60.68077929411764,210.93479379221716,0.33997533590109974,6,64,,False,False,Request timeout: 300.0s exceeded,175,21.16838264042747
221,2026-09-14T02:16:53.295+00:00,2026-09-14T02:21:47.619+00:00,2026-09-14T02:21:53.317+00:00,False,87,86.0,,86.0,294323.930484,300021.848436,300021.848415,3448.5269932758624,0.03524,294323.930484,31547.740169657343,87.4038519,66.25485990697675,19.438096175264327,0.2866457907926173,6,64,,False,False,Request timeout: 300.0s exceeded,143,21.16838264042747
222,2026-09-14T02:16:56.101+00:00,2026-09-14T02:21:49.722+00:00,2026-09-14T02:21:56.124+00:00,False,97,96.0,,96.0,293621.512909,300023.245261,300023.245155,3093.023145927835,0.022059000000000002,293621.512909,29805.983395639152,89.2101798,66.684712,19.770902419001988,0.31997520697600107,6,64,,False,False,Request timeout: 300.0s exceeded,461,21.16838264042747
223,2026-09-14T02:16:58.988+00:00,2026-09-14T02:21:53.231+00:00,2026-09-14T02:21:58.994+00:00,False,82,81.0,,81.0,294243.166748,300006.46889200003,300006.468843,3658.615473695122,0.03409,294243.166748,32485.870388075513,89.07288195,71.15187832098766,19.629701921407598,0.26999417812273696,6,64,,False,False,Request timeout: 300.0s exceeded,188,21.16838264042747
224,2026-09-14T02:17:01.546+00:00,2026-09-14T02:21:55.441+00:00,2026-09-14T02:22:01.596+00:00,False,92,91.0,,91.0,293895.142533,300050.60032499995,300050.600399,3261.4195695543476,0.02327,293895.142533,30633.640997362818,88.21908155000001,67.64239331868131,20.04283514918379,0.3032821794105171,6,64,,False,False,Request timeout: 300.0s exceeded,267,21.16838264042747
225,2026-09-14T02:17:04.203+00:00,2026-09-14T02:21:58.185+00:00,2026-09-14T02:22:04.255+00:00,False,91,90.0,,90.0,293982.13825,300051.982218,300051.982387,3297.2745317252748,0.02259,293982.13825,30810.638840192725,88.679603,67.44271075555555,20.852518893456445,0.29994802678760957,6,64,,False,False,Request timeout: 300.0s exceeded,135,21.16838264042747
226,2026-09-14T02:17:08.250+00:00,2026-09-14T02:22:02.200+00:00,2026-09-14T02:22:08.268+00:00,False,91,90.0,,90.0,293949.96005500003,300017.855095,300017.85498700006,3296.8995053516487,0.04311,293949.96005500003,30807.267509895784,88.080019,67.421056,20.23065352525864,0.29998214596761813,6,64,,False,False,Request timeout: 300.0s exceeded,434,21.16838264042747
227,2026-09-14T02:17:10.685+00:00,2026-09-14T02:22:04.256+00:00,2026-09-14T02:22:10.709+00:00,False,98,97.0,,97.0,293570.810756,300023.917956,300023.917944,3061.4685504489794,0.02072,293570.810756,29648.416951096286,89.36155049999999,66.52687835051546,20.525301469776853,0.32330755714691234,6,64,,False,False,Request timeout: 300.0s exceeded,435,21.16838264042747
228,2026-09-14T02:17:14.251+00:00,2026-09-14T02:22:08.005+00:00,2026-09-14T02:22:14.300+00:00,False,103,102.0,,102.0,293753.68877300003,300048.89133300004,300048.891155,2913.096030631068,0.0,293753.68877300003,28938.404665412974,89.1624181,61.71767215686274,66.15521763515453,0.33994459885138667,6,64,,False,False,Request timeout: 300.0s exceeded,501,21.16838264042747
229,2026-09-14T02:17:17.989+00:00,2026-09-14T02:22:12.318+00:00,2026-09-14T02:22:17.997+00:00,False,99,98.0,,98.0,294328.780375,300008.26069499995,300008.26063699997,3030.386471080808,0.0,294328.780375,29575.343818990947,87.6875409,57.95388081632653,27.833525279055248,0.3266576719353425,6,64,,False,False,Request timeout: 300.0s exceeded,286,21.16838264042747
230,2026-09-14T02:17:21.863+00:00,2026-09-14T02:22:15.182+00:00,2026-09-14T02:22:21.877+00:00,False,99,98.0,,98.0,293318.744464,300014.06452799996,300014.06445,3030.4450954545455,0.03871,293318.744464,29472.78340307716,88.32164180000001,68.31959248979592,20.078232645266425,0.3266513526763469,6,64,,False,False,Request timeout: 300.0s exceeded,369,21.16838264042747
231,2026-09-14T02:17:24.646+00:00,2026-09-14T02:22:17.955+00:00,2026-09-14T02:22:24.673+00:00,False,98,97.0,,97.0,293309.17857499997,300027.385807,300027.385792,3061.503936653061,0.026879999999999998,293309.17857499997,29621.71173661071,88.08725685000002,69.25986837113403,20.07440036072523,0.3233038202132576,6,64,,False,False,Request timeout: 300.0s exceeded,401,21.16838264042747
232,2026-09-14T02:17:28.244+00:00,2026-09-14T02:22:22.044+00:00,2026-09-14T02:22:28.293+00:00,False,95,94.0,,94.0,293799.615713,300048.372705,300048.372852,3158.403924757895,0.037270000000000005,293799.615713,30136.39107398275,89.6450487,66.47613821276596,20.39045848385768,0.31328281887540327,6,64,,False,False,Request timeout: 300.0s exceeded,465,21.16838264042747
233,2026-09-14T02:17:31.360+00:00,2026-09-14T02:22:24.892+00:00,2026-09-14T02:22:31.413+00:00,False,98,97.0,,97.0,293532.421755,300052.788091,300052.788231,3061.763145214286,0.04209,293532.421755,29644.46904757813,90.11062285,67.22027150515464,20.545280515069205,0.32327644951121687,6,64,,False,False,Request timeout: 300.0s exceeded,428,21.16838264042747
234,2026-09-14T02:17:34.980+00:00,2026-09-14T02:22:28.550+00:00,2026-09-14T02:22:35.043+00:00,False,92,91.0,,91.0,293570.029302,300063.37279,300063.372945,3261.558401576087,0.033780000000000004,293570.029302,30599.358989449654,92.058313,71.35542294505495,20.789101000947827,0.3032692699341433,6,64,,False,False,Request timeout: 300.0s exceeded,439,21.16838264042747
235,2026-09-14T02:17:37.578+00:00,2026-09-14T02:22:31.186+00:00,2026-09-14T02:22:37.717+00:00,False,96,95.0,,95.0,293608.161286,300138.920966,300138.92082999996,3126.4470919791665,0.041530000000000004,293608.161286,29959.248712899855,91.13973525,68.74483873684211,21.276651013728554,0.3165200957418038,6,64,,False,False,Request timeout: 300.0s exceeded,436,21.16838264042747
236,2026-09-14T02:17:40.816+00:00,2026-09-14T02:22:34.652+00:00,2026-09-14T02:22:40.860+00:00,False,90,89.0,,89.0,293835.86434100004,300043.39790900005,300043.39793800004,3333.815532644445,0.03635,293835.86434100004,30965.675071804326,90.87621639999999,69.74756817977529,21.61468741636407,0.29662375716393113,6,64,,False,False,Request timeout: 300.0s exceeded,467,21.16838264042747
237,2026-09-14T02:17:44.857+00:00,2026-09-14T02:22:38.907+00:00,2026-09-14T02:22:44.933+00:00,False,86,85.0,,85.0,294049.194306,300075.571522,300075.571466,3489.2508310000003,0.03503,294049.194306,31700.50186386877,93.260698,70.89855548235295,21.148433104473664,0.28326197820394133,6,64,,False,False,Request timeout: 300.0s exceeded,394,21.16838264042747
238,2026-09-14T02:17:48.886+00:00,2026-09-14T02:22:42.408+00:00,2026-09-14T02:22:48.969+00:00,False,98,97.0,,97.0,293521.421258,300082.891466,300082.891278,3062.0703191632656,0.04965,293521.421258,29643.314880804086,89.7756942,67.64402276288659,20.33419702020336,0.32324401943117875,6,64,,False,False,Request timeout: 300.0s exceeded,453,21.16838264042747
239,2026-09-14T02:17:52.805+00:00,2026-09-14T02:22:46.708+00:00,2026-09-14T02:22:52.821+00:00,False,91,90.0,,90.0,293903.37881,300015.644282,300015.644449,3296.875213725275,0.03642,293903.37881,30802.33183480007,85.85684850000001,67.9140608,18.704883071979275,0.29998435653376926,6,64,,False,False,Request timeout: 300.0s exceeded,436,21.16838264042747
240,2026-09-14T02:17:55.868+00:00,2026-09-14T02:22:49.368+00:00,2026-09-14T02:22:55.890+00:00,False,98,97.0,,97.0,293500.77033499995,300021.94947099994,300021.94922999997,3061.448461530612,0.03889,293500.77033499995,29641.27032967586,88.918133,67.22865088659793,19.656693541938946,0.3233096784119657,6,64,,False,False,Request timeout: 300.0s exceeded,447,21.16838264042747
241,2026-09-14T02:17:58.549+00:00,2026-09-14T02:22:52.427+00:00,2026-09-14T02:22:58.618+00:00,False,93,92.0,,92.0,293877.599335,300068.66442299995,300068.664498,3226.544779548387,0.03507,293877.599335,30466.716702985766,90.0448336,67.29418573913044,21.231871860053044,0.30659649242917847,6,64,,False,False,Request timeout: 300.0s exceeded,393,21.16838264042747
242,2026-09-14T02:18:01.836+00:00,2026-09-14T02:22:55.555+00:00,2026-09-14T02:23:01.844+00:00,False,92,91.0,,91.0,293718.815487,300007.868415,300007.868392,3260.9550912173913,0.02289,293718.815487,30615.10497070825,90.78339550000001,69.11047173626373,20.639968874532585,0.30332537770016077,6,64,,False,False,Request timeout: 300.0s exceeded,258,21.16838264042747
243,2026-09-14T02:18:05.417+00:00,2026-09-14T02:22:59.220+00:00,2026-09-14T02:23:05.454+00:00,False,92,91.0,,91.0,293803.21979500004,300036.33416300005,300036.33413900004,3261.26450151087,0.038,293803.21979500004,30623.968827584744,88.43853204999999,68.49576228571428,20.66032499124644,0.3032965999063388,6,64,,False,False,Request timeout: 300.0s exceeded,411,21.16838264042747
244,2026-09-14T02:18:08.114+00:00,2026-09-14T02:23:02.012+00:00,2026-09-14T02:23:08.144+00:00,False,97,96.0,,96.0,293898.324119,300029.625239,300029.625158,3093.0889191546394,0.0,293898.324119,29834.443936158274,88.5491848,63.86772,67.28688210557979,0.31996840286530887,6,64,,False,False,Request timeout: 300.0s exceeded,462,21.16838264042747
245,2026-09-14T02:18:12.188+00:00,2026-09-14T02:23:06.455+00:00,2026-09-14T02:23:12.215+00:00,False,97,96.0,,96.0,294266.428599,300026.57554299996,300026.575531,3093.057479701031,0.0,294266.428599,29872.14898923193,88.32533780000001,60.00153066666667,27.185147264746128,0.3199716552650558,6,64,,False,False,Request timeout: 300.0s exceeded,389,21.16838264042747
246,2026-09-14T02:18:15.684+00:00,2026-09-14T02:23:09.409+00:00,2026-09-14T02:23:15.730+00:00,False,91,90.0,,90.0,293724.847648,300046.45456,300046.454805,3297.213789065934,0.04607,293724.847648,30783.37361113848,90.07864450000001,70.2400768,19.92446937749598,0.2999535526323068,6,64,,False,False,Request timeout: 300.0s exceeded,475,21.16838264042747
247,2026-09-14T02:18:19.439+00:00,2026-09-14T02:23:13.248+00:00,2026-09-14T02:23:19.452+00:00,False,86,85.0,,85.0,293808.770808,300012.861176,300012.861243,3488.521642360465,0.02382,293808.770808,31674.35015858546,91.2532245,72.98929844705883,20.01513937597575,0.2833211871878235,6,64,,False,False,Request timeout: 300.0s exceeded,371,21.16838264042747
248,2026-09-14T02:18:22.898+00:00,2026-09-14T02:23:16.337+00:00,2026-09-14T02:23:22.959+00:00,False,101,100.0,,100.0,293439.193435,300060.737627,300060.73778900004,2970.898393950495,0.01831,293439.193435,29191.710170313137,91.369237,66.21544192,21.447245265519545,0.33326586074152814,6,64,,False,False,Request timeout: 300.0s exceeded,420,21.16838264042747
249,2026-09-14T02:18:26.276+00:00,2026-09-14T02:23:19.839+00:00,2026-09-14T02:23:26.284+00:00,False,98,97.0,,97.0,293563.125639,300008.383367,300008.383284,3061.310033510204,0.03909000000000001,293563.125639,29647.648558765806,88.43860735,66.44595595876288,20.152776330236986,0.3233242981791612,6,64,,False,False,Request timeout: 300.0s exceeded,442,21.16838264042747
250,2026-09-14T02:18:29.985+00:00,2026-09-14T02:23:23.353+00:00,2026-09-14T02:23:30.030+00:00,False,99,98.0,,98.0,293368.217227,300044.64321099996,300044.643224,3030.7539719595957,0.038450000000000005,293368.217227,29477.775277976263,90.14932369999998,68.12679575510204,20.51777915869883,0.32661806240307917,6,64,,False,False,Request timeout: 300.0s exceeded,477,21.16838264042747
251,2026-09-14T02:18:33.029+00:00,2026-09-14T02:23:26.365+00:00,2026-09-14T02:23:33.102+00:00,False,101,100.0,,100.0,293336.1187,300073.115564,300073.11560799996,2971.0209466138613,0.02834,293336.1187,29181.338932475963,92.06063599999999,67.36996864,21.39005559249907,0.3332521136125301,6,64,,False,False,Request timeout: 300.0s exceeded,469,21.16838264042747
252,2026-09-14T02:18:36.327+00:00,2026-09-14T02:23:29.852+00:00,2026-09-14T02:23:36.351+00:00,False,98,97.0,,97.0,293524.286517,300023.565621,300023.565668,3061.4649557959183,0.023010000000000003,293524.286517,29643.669483829784,90.02763385,67.00287736082474,20.919432625608138,0.32330793682564823,6,64,,False,False,Request timeout: 300.0s exceeded,363,21.16838264042747
253,2026-09-14T02:18:38.926+00:00,2026-09-14T02:23:32.326+00:00,2026-09-14T02:23:38.947+00:00,False,97,96.0,,96.0,293400.331442,300021.29937799997,300021.299438,3093.0030869896905,0.03578,293400.331442,29783.294086763,90.56926099999998,68.968416,19.978040563452463,0.31997728227637795,6,64,,False,False,Request timeout: 300.0s exceeded,403,21.16838264042747
254,2026-09-14T02:18:41.395+00:00,2026-09-14T02:23:35.296+00:00,2026-09-14T02:23:41.440+00:00,False,90,89.0,,89.0,293900.764399,300044.09086299996,300044.09089299996,3333.8232321444443,0.02327,293900.764399,30972.59084224916,88.83650395,69.02614004494383,19.576858843308578,0.2966230721092167,6,64,,False,False,Request timeout: 300.0s exceeded,480,21.16838264042747
255,2026-09-14T02:18:43.893+00:00,2026-09-14T02:23:37.244+00:00,2026-09-14T02:23:43.928+00:00,False,100,99.0,,99.0,293351.791304,300034.979272,300034.97906700004,3000.34979067,0.03528,293351.791304,29328.4346706269,87.57843745,67.50694917171717,19.221174309766504,0.329961527286625,6,64,,False,False,Request timeout: 300.0s exceeded,383,21.16838264042747
256,2026-09-14T02:18:47.633+00:00,2026-09-14T02:23:41.646+00:00,2026-09-14T02:23:47.695+00:00,False,91,90.0,,90.0,294013.318144,300062.19545600004,300062.195307,3297.386761615385,0.02476,294013.318144,30813.930836445285,86.11970799999999,67.20974791111112,19.356010478173488,0.29993781743557646,6,64,,False,False,Request timeout: 300.0s exceeded,342,21.16838264042747
257,2026-09-14T02:18:51.650+00:00,2026-09-14T02:23:45.498+00:00,2026-09-14T02:23:51.662+00:00,False,92,91.0,,91.0,293847.75432099996,300011.94171299995,300011.94167,3260.9993659782604,0.019850000000000003,293847.75432099996,30628.690031445123,88.60034615000001,67.738322989011,19.40996059836545,0.3033212594152443,6,64,,False,False,Request timeout: 300.0s exceeded,402,21.16838264042747
258,2026-09-14T02:18:53.967+00:00,2026-09-14T02:23:47.487+00:00,2026-09-14T02:23:54.039+00:00,False,96,95.0,,95.0,293520.18086699996,300071.92358699994,300071.92343699996,3125.7492024687494,0.047909,293520.18086699996,29950.246114529262,91.20805275000001,68.96571284210528,20.4143471237139,0.3165907655217754,6,64,,False,False,Request timeout: 300.0s exceeded,140,21.16838264042747
259,2026-09-14T02:18:57.090+00:00,2026-09-14T02:23:51.105+00:00,2026-09-14T02:23:57.149+00:00,False,88,87.0,,87.0,294015.27736799995,300058.748216,300058.74834199995,3409.758503886363,0.02368,294015.27736799995,31334.73540176413,90.6322127,69.46518216091955,20.359284880371927,0.2899432211767153,6,64,,False,False,Request timeout: 300.0s exceeded,427,21.16838264042747
260,2026-09-14T02:18:59.752+00:00,2026-09-14T02:23:53.202+00:00,2026-09-14T02:23:59.791+00:00,False,102,101.0,,101.0,293449.618256,300038.83604799997,300038.836029,2941.557215970588,0.03468,293449.618256,29049.389669724154,89.18298,65.23978011881188,21.006681295534726,0.33662308963177723,6,64,,False,False,Request timeout: 300.0s exceeded,334,21.16838264042747
261,2026-09-14T02:19:03.661+00:00,2026-09-14T02:23:57.761+00:00,2026-09-14T02:24:03.739+00:00,False,101,100.0,,100.0,294099.632072,300077.98164,300077.98159700003,2971.0691247227724,0.0,294099.632072,29258.133579009515,92.335345,59.78349568,66.62779625974112,0.33324670958354025,6,64,,False,False,Request timeout: 300.0s exceeded,504,21.16838264042747
262,2026-09-14T02:19:06.840+00:00,2026-09-14T02:24:01.380+00:00,2026-09-14T02:24:06.876+00:00,False,93,92.0,,92.0,294540.09510000004,300035.788156,300035.78813400003,3226.191270258065,0.0,294540.09510000004,30536.204590775742,91.41948500000001,59.735794086956524,29.217601231270766,0.3066300875819711,6,64,,False,False,Request timeout: 300.0s exceeded,481,21.16838264042747
263,2026-09-14T02:19:10.076+00:00,2026-09-14T02:24:04.203+00:00,2026-09-14T02:24:10.083+00:00,False,90,89.0,,89.0,294126.89063,300006.541958,300006.542083,3333.406023144444,0.02579,294126.89063,30996.73923220268,89.144273,66.06349806741574,20.062947960519843,0.2966601975381581,6,64,,False,False,Request timeout: 300.0s exceeded,426,21.16838264042747
264,2026-09-14T02:19:13.429+00:00,2026-09-14T02:24:07.382+00:00,2026-09-14T02:24:13.494+00:00,False,93,92.0,,92.0,293953.458635,300065.08615499997,300065.086218,3226.506303419355,0.02095,293953.458635,30474.67128598912,86.74340059999999,66.43073391304348,19.422366013680133,0.30660014858402085,6,64,,False,False,Request timeout: 300.0s exceeded,465,21.16838264042747
265,2026-09-14T02:19:16.335+00:00,2026-09-14T02:24:09.841+00:00,2026-09-14T02:24:16.385+00:00,False,97,96.0,,96.0,293505.738218,300050.121194,300050.12115699996,3093.300218113402,0.0217,293505.738218,29794.077588820885,88.82417,68.170656,20.079546041376794,0.319946546323607,6,64,,False,False,Request timeout: 300.0s exceeded,398,21.16838264042747
266,2026-09-14T02:19:19.851+00:00,2026-09-14T02:24:13.975+00:00,2026-09-14T02:24:19.881+00:00,False,86,85.0,,85.0,294124.26417900005,300030.11377900006,300030.1139180001,3488.722254860466,0.03461,294124.26417900005,31708.749127907777,88.05732925000001,69.48058352941176,20.169412196323755,0.2833048953966346,6,64,,False,False,Request timeout: 300.0s exceeded,413,21.16838264042747
267,2026-09-14T02:19:24.001+00:00,2026-09-14T02:24:17.933+00:00,2026-09-14T02:24:24.031+00:00,False,90,89.0,,89.0,293932.081185,300029.345569,300029.345699,3333.6593966555556,0.02296,293932.081185,30975.946624649412,88.11067745,68.50858858426966,19.814436990062735,0.2966376499979133,6,64,,False,False,Request timeout: 300.0s exceeded,411,21.16838264042747
268,2026-09-14T02:19:26.952+00:00,2026-09-14T02:24:20.419+00:00,2026-09-14T02:24:26.986+00:00,False,97,96.0,,96.0,293467.06292299996,300034.48257099994,300034.482615,3093.1389960309275,0.03021,293467.06292299996,29790.126547690852,90.86868359999998,68.41062133333332,20.383216627265252,0.31996322281817263,6,64,,False,False,Request timeout: 300.0s exceeded,413,21.16838264042747
269,2026-09-14T02:19:30.660+00:00,2026-09-14T02:24:24.363+00:00,2026-09-14T02:24:30.735+00:00,False,96,95.0,,95.0,293702.98614399997,300074.46416,300074.46421999997,3125.775668958333,0.01912,293702.98614399997,29969.09706663386,88.54705275,67.06818964210527,20.12454398919504,0.31658808511391995,6,64,,False,False,Request timeout: 300.0s exceeded,292,21.16838264042747
270,2026-09-14T02:19:34.331+00:00,2026-09-14T02:24:27.850+00:00,2026-09-14T02:24:34.340+00:00,False,97,96.0,,96.0,293519.81195099995,300009.66923099995,300009.66927599994,3092.8831884123706,0.04136,293519.81195099995,29795.563854278884,87.77686659999999,67.60268,19.510000363934566,0.3199896864860125,6,64,,False,False,Request timeout: 300.0s exceeded,403,21.16838264042747
271,2026-09-14T02:19:38.016+00:00,2026-09-14T02:24:31.584+00:00,2026-09-14T02:24:38.046+00:00,False,96,95.0,,95.0,293567.885337,300030.680857,300030.680789,3125.3195915520837,0.0353,293567.885337,29955.210130597083,87.75426225,68.02942652631579,19.874679157037306,0.31663428462930665,6,64,,False,False,Request timeout: 300.0s exceeded,434,21.16838264042747
272,2026-09-14T02:19:41.256+00:00,2026-09-14T02:24:34.764+00:00,2026-09-14T02:24:41.266+00:00,False,94,93.0,,93.0,293508.445934,300010.61655800004,300010.616563,3191.6023038617022,0.041909999999999996,293508.445934,30265.880034703572,90.9537343,69.91581316129032,20.08230575828786,0.30998902994494737,6,64,,False,False,Request timeout: 300.0s exceeded,499,21.16838264042747
273,2026-09-14T02:19:45.335+00:00,2026-09-14T02:24:39.142+00:00,2026-09-14T02:24:45.355+00:00,False,89,88.0,,88.0,293807.425834,300020.544554,300020.544583,3371.0173548651683,0.03408,293807.425834,31136.047592022365,91.14437679999999,70.60362181818181,20.5577845870477,0.2933132467005475,6,64,,False,False,Request timeout: 300.0s exceeded,420,21.16838264042747
274,2026-09-14T02:19:48.408+00:00,2026-09-14T02:24:42.171+00:00,2026-09-14T02:24:48.417+00:00,False,104,103.0,,103.0,293763.48346899997,300008.83950099995,300008.83959,2884.700380673077,0.01507,293763.48346899997,28800.776144153493,89.84162194999999,60.63452458252427,221.34792155411986,0.34332321731359083,6,64,,False,False,Request timeout: 300.0s exceeded,465,21.16838264042747
275,2026-09-14T02:19:52.019+00:00,2026-09-14T02:24:47.727+00:00,2026-09-14T02:24:52.080+00:00,False,66,65.0,,65.0,295707.31110399996,300060.23577599996,300060.235871,4546.367210166666,0.054259999999999996,295707.31110399996,36390.81793213671,96.72490125,66.96807187692308,23.253082354940236,0.21662317178382676,6,64,,False,False,Request timeout: 300.0s exceeded,295,21.16838264042747
276,2026-09-14T02:19:54.944+00:00,2026-09-14T02:24:48.959+00:00,2026-09-14T02:24:55.011+00:00,False,87,86.0,,86.0,294014.531838,300066.297086,300066.297098,3449.037897678161,0.023149999999999997,294014.531838,31514.128726843872,90.8353316,70.36936334883721,20.536674783435043,0.28660333011458505,6,64,,False,False,Request timeout: 300.0s exceeded,441,21.16838264042747
277,2026-09-14T02:19:58.061+00:00,2026-09-14T02:24:52.002+00:00,2026-09-14T02:24:58.092+00:00,False,93,92.0,,92.0,293941.062373,300030.883557,300030.88361300004,3226.1385334731185,0.0,293941.062373,30473.484062811312,88.6970406,66.19370852173913,70.10063556933152,0.30663510005803046,6,64,,False,False,Request timeout: 300.0s exceeded,341,21.16838264042747
278,2026-09-14T02:20:01.500+00:00,2026-09-14T02:24:55.393+00:00,2026-09-14T02:25:01.551+00:00,False,96,95.0,,95.0,293893.341677,300051.225837,300051.225684,3125.533600875,0.0,293893.341677,29988.824444655325,85.8489985,64.8198332631579,68.10130671967356,0.31661260418115356,6,64,,False,False,Request timeout: 300.0s exceeded,349,21.16838264042747
279,2026-09-14T02:20:04.545+00:00,2026-09-14T02:24:58.423+00:00,2026-09-14T02:25:04.609+00:00,False,94,93.0,,93.0,293877.52468300005,300064.05780300003,300064.05779900006,3192.1708276489367,0.03495,293877.52468300005,30304.297241682383,86.47030949999998,66.52186150537635,19.446207160111957,0.3099338210678233,6,64,,False,False,Request timeout: 300.0s exceeded,318,21.16838264042747
280,2026-09-14T02:20:07.700+00:00,2026-09-14T02:25:01.552+00:00,2026-09-14T02:25:07.754+00:00,False,94,93.0,,93.0,293851.36582099996,300053.93836499995,300053.93837199995,3192.0631741702123,0.02102,293851.36582099996,30301.581852193416,89.32905935000001,66.69432843010753,20.186900450544403,0.30994427370878347,6,64,,False,False,Request timeout: 300.0s exceeded,509,21.16838264042747
281,2026-09-14T02:20:11.058+00:00,2026-09-14T02:25:04.606+00:00,2026-09-14T02:25:11.124+00:00,False,96,95.0,,95.0,293547.908864,300066.031872,300066.031769,3125.6878309270833,0.03816,293547.908864,29953.111996260533,88.90594024999999,68.6118211368421,20.095528039506583,0.3165969816954303,6,64,,False,False,Request timeout: 300.0s exceeded,441,21.16838264042747
282,2026-09-14T02:20:13.912+00:00,2026-09-14T02:25:07.750+00:00,2026-09-14T02:25:13.935+00:00,False,87,86.0,,86.0,293838.30589200003,300023.40080400003,300023.40087300004,3448.54483762069,0.03685,293838.30589200003,31495.06818353338,89.3015313,71.91970827906977,19.041955291953776,0.28664430764246374,6,64,,False,False,Request timeout: 300.0s exceeded,352,21.16838264042747
283,2026-09-14T02:20:17.339+00:00,2026-09-14T02:25:10.870+00:00,2026-09-14T02:25:17.372+00:00,False,94,93.0,,93.0,293530.618685,300032.798269,300032.798435,3191.838281223404,0.04255,293530.618685,30268.166928872888,89.64911250000002,69.91590950537633,20.021465936086273,0.3099661121602416,6,64,,False,False,Request timeout: 300.0s exceeded,402,21.16838264042747
284,2026-09-14T02:20:20.130+00:00,2026-09-14T02:25:13.895+00:00,2026-09-14T02:25:20.202+00:00,False,94,93.0,,93.0,293765.03183099994,300071.90031099995,300071.90039299993,3192.2542594999995,0.02732,293765.03183099994,30292.561953000968,90.67313765,67.81579010752688,20.843657659947976,0.3099257208142886,6,64,,False,False,Request timeout: 300.0s exceeded,182,21.16838264042747
285,2026-09-14T02:20:22.920+00:00,2026-09-14T02:25:16.661+00:00,2026-09-14T02:25:22.938+00:00,False,94,93.0,,93.0,293740.988276,300018.60082,300018.600748,3191.687242,0.040600000000000004,293740.988276,30290.114745511288,90.7107733,67.50121015053764,21.205814775788518,0.30998078034433785,6,64,,False,False,Request timeout: 300.0s exceeded,182,21.16838264042747
286,2026-09-14T02:20:25.935+00:00,2026-09-14T02:25:19.727+00:00,2026-09-14T02:25:26.021+00:00,False,94,93.0,,93.0,293791.67131,300085.863182,300085.863307,3192.402801138298,0.09910899999999999,293791.67131,30295.32351387,89.43664015,67.67948249462366,20.6221685047282,0.30991130009878587,6,64,,False,False,Request timeout: 300.0s exceeded,432,21.16838264042747
287,2026-09-14T02:20:30.045+00:00,2026-09-14T02:25:23.798+00:00,2026-09-14T02:25:30.058+00:00,False,90,89.0,,89.0,293753.137963,300012.98436299997,300012.984326,3333.477603622222,0.02686,293753.137963,30956.892179016875,92.4364545,70.33535280898876,20.40597534287085,0.2966538271300774,6,64,,False,False,Request timeout: 300.0s exceeded,419,21.16838264042747
288,2026-09-14T02:20:33.703+00:00,2026-09-14T02:25:27.326+00:00,2026-09-14T02:25:33.736+00:00,False,91,90.0,,90.0,293623.04471100005,300033.26525500003,300033.2651460001,3297.0688477582426,0.03669,293623.04471100005,30772.598736662905,91.24817749999998,71.22467271111111,20.209939837328292,0.2999667384331816,6,64,,False,False,Request timeout: 300.0s exceeded,406,21.16838264042747
289,2026-09-14T02:20:36.313+00:00,2026-09-14T02:25:30.144+00:00,2026-09-14T02:25:36.381+00:00,False,89,88.0,,88.0,293830.99834600004,300068.03361000004,300068.03337400005,3371.5509367865175,0.022670000000000003,293830.99834600004,31138.51716253353,90.1413234,70.87540072727273,20.089689395828227,0.2932668266636294,6,64,,False,False,Request timeout: 300.0s exceeded,406,21.16838264042747
290,2026-09-14T02:20:39.141+00:00,2026-09-14T02:25:33.143+00:00,2026-09-14T02:25:39.209+00:00,False,88,87.0,,87.0,294001.965256,300067.974344,300067.974305,3409.863344375,0.03395,294001.965256,31333.288317639785,87.62745000000001,69.7242423908046,19.738240890436302,0.2899343063524087,6,64,,False,False,Request timeout: 300.0s exceeded,383,21.16838264042747
291,2026-09-14T02:20:42.626+00:00,2026-09-14T02:25:36.463+00:00,2026-09-14T02:25:42.633+00:00,False,90,89.0,,89.0,293837.47222500003,300007.24937700003,300007.249336,3333.4138815111114,0.02088,293837.47222500003,30965.887778872016,89.63471835,69.32333878651686,19.325105622144214,0.2966594980115276,6,64,,False,False,Request timeout: 300.0s exceeded,287,21.16838264042747
292,2026-09-14T02:20:46.439+00:00,2026-09-14T02:25:40.326+00:00,2026-09-14T02:25:46.512+00:00,False,91,90.0,,90.0,293887.200043,300073.082155,300073.08211099997,3297.5063968241757,0.02128,293887.200043,30800.55128875565,89.731016,68.73202346666667,20.59853493942164,0.29992693564400197,6,64,,False,False,Request timeout: 300.0s exceeded,358,21.16838264042747
293,2026-09-14T02:20:49.919+00:00,2026-09-14T02:25:44.333+00:00,2026-09-14T02:25:49.956+00:00,False,79,78.0,,78.0,294413.360934,300036.807462,300036.807511,3797.934272291139,0.03731,294413.360934,33115.985383492516,90.324287,72.0954683076923,19.609991534153163,0.2599681041129555,6,64,,False,False,Request timeout: 300.0s exceeded,290,21.16838264042747
294,2026-09-14T02:20:54.089+00:00,2026-09-14T02:25:47.868+00:00,2026-09-14T02:25:54.109+00:00,False,98,97.0,,97.0,293778.86792,300020.126416,300020.12634799996,3061.4298606938773,0.0,293778.86792,29669.72665635242,89.34361504999998,64.3428710927835,68.89783292218104,0.3233116429845855,6,64,,False,False,Request timeout: 300.0s exceeded,435,21.16838264042747
295,2026-09-14T02:20:56.989+00:00,2026-09-14T02:25:50.678+00:00,2026-09-14T02:25:57.075+00:00,False,102,101.0,,101.0,293688.761463,300085.59653499996,300085.59657999995,2942.0156527450977,0.0,293688.761463,29073.327158771415,89.166679,63.33500071287129,67.5521497096376,0.3365706357326618,6,64,,False,False,Request timeout: 300.0s exceeded,405,21.16838264042747
296,2026-09-14T02:21:00.340+00:00,2026-09-14T02:25:54.019+00:00,2026-09-14T02:26:00.373+00:00,False,96,95.0,,95.0,293678.331345,300032.25006500003,300032.250145,3125.335939010417,0.05976,293678.331345,29966.599880089638,89.7102405,66.88335494736842,20.524180765587246,0.3166326285904894,6,64,,False,False,Request timeout: 300.0s exceeded,436,21.16838264042747
297,2026-09-14T02:21:04.418+00:00,2026-09-14T02:25:57.897+00:00,2026-09-14T02:26:04.431+00:00,False,94,93.0,,93.0,293479.18628799997,300013.09963199997,300013.09962899995,3191.6287194574466,0.02283,293479.18628799997,30262.827025376224,89.78150815000001,70.2571327311828,20.228723263059667,0.3099864643046421,6,64,,False,False,Request timeout: 300.0s exceeded,489,21.16838264042747
298,2026-09-14T02:21:07.793+00:00,2026-09-14T02:26:01.436+00:00,2026-09-14T02:26:07.813+00:00,False,95,94.0,,94.0,293643.235433,300020.26813700004,300020.268196,3158.1080862736844,0.04725,293643.235433,30120.206756966512,88.601034,67.84077344680851,20.339689301846274,0.3133121658203313,6,64,,False,False,Request timeout: 300.0s exceeded,419,21.16838264042747
299,2026-09-14T02:21:10.283+00:00,2026-09-14T02:26:03.996+00:00,2026-09-14T02:26:10.318+00:00,False,96,95.0,,95.0,293713.126077,300034.943165,300034.943025,3125.36398984375,0.02047,293713.126077,29970.18561256584,89.9803105,66.54544303157896,20.55752841801844,0.3166297865104202,6,64,,False,False,Request timeout: 300.0s exceeded,427,21.16838264042747
300,2026-09-14T02:21:13.585+00:00,2026-09-14T02:26:07.149+00:00,2026-09-14T02:26:13.629+00:00,False,97,96.0,,96.0,293564.133564,300044.127164,300044.127027,3093.2384229587633,0.02238,293564.133564,29800.0752702988,89.6569982,67.49993333333333,20.71740105581718,0.31995293794744967,6,64,,False,False,Request timeout: 300.0s exceeded,433,21.16838264042747
301,2026-09-14T02:21:17.620+00:00,2026-09-14T02:26:11.097+00:00,2026-09-14T02:26:17.657+00:00,False,94,93.0,,93.0,293476.896149,300037.326229,300037.32616199995,3191.8864485319145,0.047909999999999994,293476.896149,30262.561108295595,90.0722555,70.54225892473119,19.771537519673625,0.30996143436173285,6,64,,False,False,Request timeout: 300.0s exceeded,162,21.16838264042747
302,2026-09-14T02:21:21.223+00:00,2026-09-14T02:26:14.919+00:00,2026-09-14T02:26:21.295+00:00,False,97,96.0,,96.0,293695.189139,300071.491219,300071.49132100004,3093.5205290824747,0.03667,293695.189139,29813.49122855932,89.1225632,66.41981333333334,20.149188457672576,0.3199237608678283,6,64,,False,False,Request timeout: 300.0s exceeded,338,21.16838264042747
303,2026-09-14T02:21:24.523+00:00,2026-09-14T02:26:18.471+00:00,2026-09-14T02:26:24.596+00:00,False,89,88.0,,88.0,293948.352336,300073.537616,300073.537689,3371.612783022472,0.02426,293948.352336,31151.091519213798,88.655143,69.60437818181819,20.297954951838314,0.29326144750761857,6,64,,False,False,Request timeout: 300.0s exceeded,455,21.16838264042747
304,2026-09-14T02:21:28.029+00:00,2026-09-14T02:26:21.994+00:00,2026-09-14T02:26:28.075+00:00,False,89,88.0,,88.0,293965.098683,300046.24351500004,300046.243618,3371.306108067416,0.045719,293965.098683,31152.91950113569,88.473603,69.10391854545455,20.023622155133005,0.2932881244207301,6,64,,False,False,Request timeout: 300.0s exceeded,463,21.16838264042747
305,2026-09-14T02:21:30.336+00:00,2026-09-14T02:26:23.822+00:00,2026-09-14T02:26:30.359+00:00,False,99,98.0,,98.0,293486.151015,300023.16912700003,300023.169268,3030.5370633131315,0.03625,293486.151015,29489.771356613004,89.80629590000001,66.7042664489796,20.97787651807856,0.32664144000997647,6,64,,False,False,Request timeout: 300.0s exceeded,239,21.16838264042747
306,2026-09-14T02:21:33.005+00:00,2026-09-14T02:26:26.442+00:00,2026-09-14T02:26:33.023+00:00,False,99,98.0,,98.0,293436.79717000003,300018.28376200004,300018.283799,3030.4877151414144,0.03896,293436.79717000003,29484.764881104307,88.12851690000001,67.15802644897958,20.071917767275348,0.3266467588946743,6,64,,False,False,Request timeout: 300.0s exceeded,479,21.16838264042747
307,2026-09-14T02:21:37.039+00:00,2026-09-14T02:26:30.656+00:00,2026-09-14T02:26:37.101+00:00,False,96,95.0,,95.0,293616.83314099995,300061.16338099993,300061.16338999994,3125.6371186458327,0.02239,293616.83314099995,29960.22593568451,88.75363974999999,67.83505515789473,20.257901786334724,0.31660211848000674,6,64,,False,False,Request timeout: 300.0s exceeded,330,21.16838264042747
308,2026-09-14T02:21:41.109+00:00,2026-09-14T02:26:34.785+00:00,2026-09-14T02:26:41.125+00:00,False,96,95.0,,95.0,293675.24828899995,300015.4674249999,300015.46726899996,3125.161117385416,0.02182,293675.24828899995,29966.300187949153,91.22346525,66.7391488,20.893635269211458,0.31665034078200915,6,64,,False,False,Request timeout: 300.0s exceeded,470,21.16838264042747
309,2026-09-14T02:21:43.895+00:00,2026-09-14T02:26:37.522+00:00,2026-09-14T02:26:43.962+00:00,False,98,97.0,,97.0,293626.216714,300066.898186,300066.898251,3061.907125010204,0.019100000000000002,293626.216714,29654.0266588094,90.79212884999998,66.39877806185568,20.41124329016565,0.3232612480296757,6,64,,False,False,Request timeout: 300.0s exceeded,497,21.16838264042747
310,2026-09-14T02:21:46.332+00:00,2026-09-14T02:26:39.627+00:00,2026-09-14T02:26:46.482+00:00,False,106,105.0,,105.0,293295.12929400004,300150.90273400006,300150.90262500005,2831.6122889150947,0.0,293295.12929400004,28481.06442427259,91.3780545,65.29308038095238,61.13589015015364,0.3498240353221698,6,64,,False,False,Request timeout: 300.0s exceeded,546,21.16838264042747
311,2026-09-14T02:21:49.485+00:00,2026-09-14T02:26:43.620+00:00,2026-09-14T02:26:49.511+00:00,False,95,94.0,,94.0,294135.19420200004,300025.50716200005,300025.50731200003,3158.1632348631583,0.0,294135.19420200004,30171.274416854852,94.4147746,62.66290382978723,65.01847787569454,0.31330669478460144,6,64,,False,False,Request timeout: 300.0s exceeded,269,21.16838264042747
312,2026-09-14T02:21:53.107+00:00,2026-09-14T02:26:47.658+00:00,2026-09-14T02:26:53.141+00:00,False,84,83.0,,83.0,294551.009505,300033.600737,300033.600547,3571.8285779404764,0.04504,294551.009505,32130.949122847254,88.58799480000002,66.05531604819276,20.431768866493474,0.2766356827905924,6,64,,False,False,Request timeout: 300.0s exceeded,323,21.16838264042747
313,2026-09-14T02:21:56.519+00:00,2026-09-14T02:26:50.056+00:00,2026-09-14T02:26:56.569+00:00,False,99,98.0,,98.0,293536.37924000004,300049.289064,300049.289104,3030.8009000404045,0.041210000000000004,293536.37924000004,29494.843514105163,87.7095911,66.45826351020409,19.970534877844983,0.32661300516895,6,64,,False,False,Request timeout: 300.0s exceeded,612,21.16838264042747
314,2026-09-14T02:21:59.050+00:00,2026-09-14T02:26:52.928+00:00,2026-09-14T02:26:59.105+00:00,False,89,88.0,,88.0,293878.533528,300055.005592,300055.005784,3371.4045593707865,0.03566,293878.533528,31143.628413168935,88.63586240000001,70.18718254545455,19.42322219060706,0.29327955994727867,6,64,,False,False,Request timeout: 300.0s exceeded,384,21.16838264042747
315,2026-09-14T02:22:01.930+00:00,2026-09-14T02:26:55.469+00:00,2026-09-14T02:27:01.989+00:00,False,94,93.0,,93.0,293539.264097,300058.769761,300058.769776,3192.1145720851064,0.023149999999999997,293539.264097,30269.03908667712,88.4334188,70.10221144086022,19.50626199136625,0.3099392831413509,6,64,,False,False,Request timeout: 300.0s exceeded,382,21.16838264042747
316,2026-09-14T02:22:05.102+00:00,2026-09-14T02:26:58.683+00:00,2026-09-14T02:27:05.143+00:00,False,94,93.0,,93.0,293580.315442,300041.275442,300041.275366,3191.9284613404257,0.04167,293580.315442,30273.33834549469,88.35510180000001,69.47268817204301,19.827290540849564,0.30995735457729556,6,64,,False,False,Request timeout: 300.0s exceeded,423,21.16838264042747
317,2026-09-14T02:22:07.921+00:00,2026-09-14T02:27:01.746+00:00,2026-09-14T02:27:07.950+00:00,False,91,90.0,,90.0,293824.930416,300028.68132800004,300028.681363,3297.0184765164836,0.02125,293824.930416,30794.002238648776,89.40564599999999,68.93056568888889,19.657902397673823,0.29997132141379973,6,64,,False,False,Request timeout: 300.0s exceeded,415,21.16838264042747
318,2026-09-14T02:22:11.870+00:00,2026-09-14T02:27:05.696+00:00,2026-09-14T02:27:12.375+00:00,False,99,98.0,,98.0,293825.565805,300504.60350100003,300504.603698,3035.4000373535355,0.023059999999999997,293825.565805,29523.737605233862,88.95399300000001,68.15344587755102,20.158951065021476,0.3261181321625706,6,64,,False,False,Request timeout: 300.0s exceeded,469,21.16838264042747
319,2026-09-14T02:22:15.147+00:00,2026-09-14T02:27:09.172+00:00,2026-09-14T02:27:15.165+00:00,False,91,90.0,,90.0,294025.011745,300018.42204900004,300018.422066,3296.905736989011,0.0345,294025.011745,30815.222085598492,88.90296300000001,66.59344782222223,20.635987541440233,0.29998157908217016,6,64,,False,False,Request timeout: 300.0s exceeded,423,21.16838264042747
320,2026-09-14T02:22:17.782+00:00,2026-09-14T02:27:11.691+00:00,2026-09-14T02:27:17.810+00:00,False,95,94.0,,94.0,293908.630712,300028.17836,300028.178386,3158.1913514315793,0.025408999999999998,293908.630712,30147.717434160448,90.96707100000002,65.10157072340427,21.314091280239452,0.31330390536588393,6,64,,False,False,Request timeout: 300.0s exceeded,336,21.16838264042747
321,2026-09-14T02:22:21.111+00:00,2026-09-14T02:27:15.071+00:00,2026-09-14T02:27:21.171+00:00,False,92,91.0,,91.0,293960.339154,300059.657426,300059.65749199997,3261.518016217391,0.02087,293960.339154,30640.502800022507,88.35470605,67.02547551648351,20.453459798218162,0.3032730250398363,6,64,,False,False,Request timeout: 300.0s exceeded,450,21.16838264042747
322,2026-09-14T02:22:23.653+00:00,2026-09-14T02:27:17.332+00:00,2026-09-14T02:27:23.661+00:00,False,92,91.0,,91.0,293678.78385,300008.034666,300008.034583,3260.9568976413043,0.023629999999999998,293678.78385,30610.884817721973,90.16387355,69.55220676923076,19.85538061130803,0.303325209610838,6,64,,False,False,Request timeout: 300.0s exceeded,297,21.16838264042747
323,2026-09-14T02:22:27.819+00:00,2026-09-14T02:27:21.895+00:00,2026-09-14T02:27:27.852+00:00,False,84,83.0,,83.0,294075.83323299995,300032.19240099995,300032.192413,3571.8118144404757,0.045198999999999996,294075.83323299995,32078.479238427128,87.30547,71.76336346987952,18.57756980099863,0.2766369813045547,6,64,,False,False,Request timeout: 300.0s exceeded,421,21.16838264042747
324,2026-09-14T02:22:31.513+00:00,2026-09-14T02:27:25.589+00:00,2026-09-14T02:27:31.532+00:00,False,90,89.0,,89.0,294076.630573,300019.771181,300019.771361,3333.5530151222224,0.035269,294076.630573,30991.366082101504,88.04559445000001,66.77686076404494,19.936094965592023,0.2966471164538915,6,64,,False,False,Request timeout: 300.0s exceeded,360,21.16838264042747
325,2026-09-14T02:22:34.116+00:00,2026-09-14T02:27:27.979+00:00,2026-09-14T02:27:34.182+00:00,False,98,97.0,,97.0,293862.199007,300065.360095,300065.360116,3061.8914297551023,0.02953,293862.199007,29678.112056171067,89.44243885,63.950114309278355,20.759682410601048,0.32326290501939314,6,64,,False,False,Request timeout: 300.0s exceeded,330,21.16838264042747
326,2026-09-14T02:22:37.276+00:00,2026-09-14T02:27:31.197+00:00,2026-09-14T02:27:37.305+00:00,False,94,93.0,,93.0,293920.946474,300028.88657,300028.886364,3191.7966634468085,0.02427,293920.946474,30308.863262135645,87.230988,65.67677522580645,19.822889756373844,0.30997015341821793,6,64,,False,False,Request timeout: 300.0s exceeded,280,21.16838264042747
327,2026-09-14T02:22:41.335+00:00,2026-09-14T02:27:35.235+00:00,2026-09-14T02:27:41.345+00:00,False,88,87.0,,87.0,293899.48576099996,300009.30336099997,300009.30336699996,3409.196629170454,0.044829999999999995,293899.48576099996,31322.310232567263,88.74372234999998,70.22778850574713,19.64472962013227,0.2899910070299162,6,64,,False,False,Request timeout: 300.0s exceeded,545,21.16838264042747
328,2026-09-14T02:22:43.815+00:00,2026-09-14T02:27:37.783+00:00,2026-09-14T02:27:43.858+00:00,False,93,92.0,,92.0,293968.019867,300043.174811,300043.174937,3226.270698247312,0.0,293968.019867,30476.296667433733,90.57297859999998,66.03429286956522,70.41619375935946,0.30662253876613477,6,64,,False,False,Request timeout: 300.0s exceeded,447,21.16838264042747
329,2026-09-14T02:22:47.203+00:00,2026-09-14T02:27:40.996+00:00,2026-09-14T02:27:47.288+00:00,False,99,98.0,,98.0,293793.296988,300085.11446,300085.11459,3031.1627736363635,0.0,293793.296988,29520.962796711745,90.7960939,64.20221910204081,68.22342550070952,0.32657401276417847,6,64,,False,False,Request timeout: 300.0s exceeded,325,21.16838264042747
330,2026-09-14T02:22:49.503+00:00,2026-09-14T02:27:43.556+00:00,2026-09-14T02:27:49.553+00:00,False,90,89.0,,89.0,294053.20085,300049.97397000005,300049.973955,3333.8885995,0.03911,294053.20085,30988.833841414922,89.84980599999999,67.37947325842697,21.434780656653416,0.2966172561937916,6,64,,False,False,Request timeout: 300.0s exceeded,415,21.16838264042747
331,2026-09-14T02:22:52.520+00:00,2026-09-14T02:27:46.353+00:00,2026-09-14T02:27:52.571+00:00,False,90,89.0,,89.0,293832.742056,300050.22480799997,300050.224896,3333.891387733333,0.02454,293832.742056,30965.33255026737,87.03876,69.85935676404495,19.12356541331542,0.29661700822570775,6,64,,False,False,Request timeout: 300.0s exceeded,195,21.16838264042747
332,2026-09-14T02:22:54.995+00:00,2026-09-14T02:27:48.608+00:00,2026-09-14T02:27:55.034+00:00,False,93,92.0,,92.0,293613.033351,300039.234695,300039.23456,3226.22832860215,0.02249,293613.033351,30439.01672761198,88.5978312,69.85001460869566,20.129808141144526,0.3066265653341007,6,64,,False,False,Request timeout: 300.0s exceeded,403,21.16838264042747
333,2026-09-14T02:22:58.710+00:00,2026-09-14T02:27:51.962+00:00,2026-09-14T02:27:58.731+00:00,False,101,100.0,,100.0,293252.577934,300021.215374,300021.215519,2970.5070843465346,0.03114,293252.577934,29172.994596034605,90.25796,67.6863744,21.059497850897007,0.3333097623624454,6,64,,False,False,Request timeout: 300.0s exceeded,448,21.16838264042747
334,2026-09-14T02:23:02.118+00:00,2026-09-14T02:27:55.856+00:00,2026-09-14T02:28:02.161+00:00,False,96,95.0,,95.0,293738.0207,300043.640668,300043.640594,3125.4545895208335,0.04286,293738.0207,29972.744224324033,90.08281475,66.37494703157896,21.159344037110145,0.3166206082171828,6,64,,False,False,Request timeout: 300.0s exceeded,455,21.16838264042747
335,2026-09-14T02:23:06.084+00:00,2026-09-14T02:27:59.532+00:00,2026-09-14T02:28:06.562+00:00,False,106,105.0,,105.0,293447.930414,300477.806894,300477.806878,2834.696291301887,0.02023,293447.930414,28495.686632084347,87.7751625,66.95120457142858,19.915293076326083,0.3494434450429845,6,64,,False,False,Request timeout: 300.0s exceeded,521,21.16838264042747
336,2026-09-14T02:23:09.497+00:00,2026-09-14T02:28:03.417+00:00,2026-09-14T02:28:09.524+00:00,False,89,88.0,,88.0,293919.98048,300027.329472,300027.329351,3371.0935882134836,0.02077,293919.98048,31148.10567596635,88.30297340000001,69.40169309090909,20.424862979881286,0.29330661361705246,6,64,,False,False,Request timeout: 300.0s exceeded,449,21.16838264042747
337,2026-09-14T02:23:13.501+00:00,2026-09-14T02:28:07.814+00:00,2026-09-14T02:28:14.714+00:00,False,63,62.0,,62.0,294312.66733200004,301213.03648400004,301213.03670900007,4781.159312841271,0.04874,294312.66733200004,37067.39804302771,93.41569520000002,111.29627664516129,337.2315884939168,0.20583438460603726,6,64,,False,False,Request timeout: 300.0s exceeded,121,21.16838264042747
338,2026-09-14T02:23:16.507+00:00,2026-09-14T02:28:10.301+00:00,2026-09-14T02:28:16.537+00:00,False,104,103.0,,103.0,293793.949299,300029.657459,300029.657611,2884.9005539519235,0.01526,293793.949299,28804.165020239536,92.402636,60.540855922330095,267.9915061998192,0.34329939537418985,6,64,,False,False,Request timeout: 300.0s exceeded,392,21.16838264042747
339,2026-09-14T02:23:20.639+00:00,2026-09-14T02:28:15.913+00:00,2026-09-14T02:28:20.651+00:00,False,69,68.0,,68.0,295274.195175,300012.302567,300012.302503,4348.004384101449,0.04485,295274.195175,35538.45346693541,87.99118999999999,69.67804988235295,20.521604107436865,0.22665737177499234,6,64,,False,False,Request timeout: 300.0s exceeded,321,21.16838264042747
340,2026-09-14T02:23:23.027+00:00,2026-09-14T02:28:16.619+00:00,2026-09-14T02:28:23.062+00:00,False,93,92.0,,92.0,293591.82222000003,300034.573196,300034.573249,3226.178206978495,0.029670000000000002,293591.82222000003,30436.79806933791,88.4577272,70.02990191304349,19.329285371125277,0.30663132924984704,6,64,,False,False,Request timeout: 300.0s exceeded,463,21.16838264042747
341,2026-09-14T02:23:27.116+00:00,2026-09-14T02:28:20.570+00:00,2026-09-14T02:28:27.172+00:00,False,95,94.0,,94.0,293454.007517,300055.609309,300055.609221,3158.480097063158,0.02447,293454.007517,30100.547235743285,90.38304539999999,70.22980629787233,20.277242243707388,0.3132752632636104,6,64,,False,False,Request timeout: 300.0s exceeded,403,21.16838264042747
342,2026-09-14T02:23:31.155+00:00,2026-09-14T02:28:24.659+00:00,2026-09-14T02:28:31.178+00:00,False,99,98.0,,98.0,293503.71494800004,300022.17306000006,300022.17286700004,3030.526998656566,0.019089,293503.71494800004,29491.555162048277,88.0910099,66.51487869387755,20.298833675982944,0.3266425244523558,6,64,,False,False,Request timeout: 300.0s exceeded,346,21.16838264042747
343,2026-09-14T02:23:34.906+00:00,2026-09-14T02:28:28.836+00:00,2026-09-14T02:28:34.916+00:00,False,89,88.0,,88.0,293930.546142,300010.146014,300010.146128,3370.900518292135,0.04779,293930.546142,31149.25939010023,88.974632,69.08636218181819,20.930306394902036,0.29332341312181315,6,64,,False,False,Request timeout: 300.0s exceeded,374,21.16838264042747
344,2026-09-14T02:23:37.445+00:00,2026-09-14T02:28:31.475+00:00,2026-09-14T02:28:37.750+00:00,False,81,80.0,,80.0,294030.344414,300305.235934,300305.236087,3707.47205045679,0.02002,294030.344414,32661.3909419458,90.12232,78.436144,66.97022168441478,0.2663956216120791,6,64,,False,False,Request timeout: 300.0s exceeded,320,21.16838264042747
345,2026-09-14T02:23:41.508+00:00,2026-09-14T02:28:35.300+00:00,2026-09-14T02:28:41.548+00:00,False,96,95.0,,95.0,293791.329774,300039.666158,300039.66621299996,3125.41318971875,0.0,293791.329774,29978.311392092084,89.26515599999999,65.7719619368421,66.13471432059812,0.3166248023685418,6,64,,False,False,Request timeout: 300.0s exceeded,422,21.16838264042747
346,2026-09-14T02:23:44.846+00:00,2026-09-14T02:28:38.917+00:00,2026-09-14T02:28:44.905+00:00,False,86,85.0,,85.0,294070.900868,300058.157444,300058.15746899997,3489.0483426627907,0.01912,294070.900868,31702.89104834355,89.28032925,70.43831265882353,19.370259746118634,0.28327841750432525,6,64,,False,False,Request timeout: 300.0s exceeded,295,21.16838264042747
347,2026-09-14T02:23:48.552+00:00,2026-09-14T02:28:42.335+00:00,2026-09-14T02:28:48.571+00:00,False,90,89.0,,89.0,293783.145171,300018.77115499997,300018.771358,3333.5419039777776,0.0422,293783.145171,30960.083613573763,89.7286763,70.06321330337079,19.95925468064602,0.2966481052414536,6,64,,False,False,Request timeout: 300.0s exceeded,385,21.16838264042747
348,2026-09-14T02:23:51.473+00:00,2026-09-14T02:28:44.982+00:00,2026-09-14T02:28:51.483+00:00,False,98,97.0,,97.0,293508.931454,300009.73811,300009.738151,3061.3238586836737,0.0202,293508.931454,29642.116328599335,89.56474699999998,67.01862531958763,20.236457995309447,0.3233228381554551,6,64,,False,False,Request timeout: 300.0s exceeded,336,21.16838264042747
349,2026-09-14T02:23:55.285+00:00,2026-09-14T02:28:49.075+00:00,2026-09-14T02:28:55.330+00:00,False,95,94.0,,94.0,293789.12609700003,300044.648913,300044.64899200003,3158.3647262315794,0.0437,293789.12609700003,30135.307931010037,89.0289357,66.54811506382978,21.05667049699066,0.31328670696358907,6,64,,False,False,Request timeout: 300.0s exceeded,398,21.16838264042747
350,2026-09-14T02:23:59.364+00:00,2026-09-14T02:28:53.383+00:00,2026-09-14T02:28:59.383+00:00,False,88,87.0,,87.0,294019.463165,300019.060477,300019.06058000005,3409.3075065909093,0.01874,294019.463165,31335.235986045245,90.7574055,68.96088864367816,21.301326660085163,0.289981576042798,6,64,,False,False,Request timeout: 300.0s exceeded,379,21.16838264042747
351,2026-09-14T02:24:03.174+00:00,2026-09-14T02:28:56.428+00:00,2026-09-14T02:29:03.206+00:00,False,102,101.0,,101.0,293253.569725,300031.593405,300031.59325700003,2941.486208401961,0.04032,293253.569725,29029.792546571196,89.89814449999999,67.10914534653466,20.531651335887197,0.33663121557890197,6,64,,False,False,Request timeout: 300.0s exceeded,428,21.16838264042747
352,2026-09-14T02:24:06.649+00:00,2026-09-14T02:29:00.243+00:00,2026-09-14T02:29:06.680+00:00,False,93,92.0,,92.0,293594.202329,300031.059673,300031.059671,3226.1404265698925,0.03049,293594.202329,30437.052607017205,92.43229480000002,69.96584069565218,20.991507434638955,0.3066349200655079,6,64,,False,False,Request timeout: 300.0s exceeded,346,21.16838264042747
353,2026-09-14T02:24:10.801+00:00,2026-09-14T02:29:04.875+00:00,2026-09-14T02:29:10.812+00:00,False,88,87.0,,87.0,294074.22179900005,300010.84336700005,300010.84348700003,3409.2141305340915,0.04647,294074.22179900005,31341.14981620224,89.77682100000001,68.23702951724137,20.35427530603008,0.28998951845741733,6,64,,False,False,Request timeout: 300.0s exceeded,463,21.16838264042747
354,2026-09-14T02:24:13.521+00:00,2026-09-14T02:29:07.158+00:00,2026-09-14T02:29:13.538+00:00,False,96,95.0,,95.0,293637.710642,300016.87557000003,300016.875626,3125.1757877708337,0.01727,293637.710642,29962.42650280808,87.71239225000001,67.14910450526317,19.891549949787187,0.3166488545669644,6,64,,False,False,Request timeout: 300.0s exceeded,395,21.16838264042747
355,2026-09-14T02:24:16.893+00:00,2026-09-14T02:29:10.593+00:00,2026-09-14T02:29:16.953+00:00,False,98,97.0,,97.0,293699.55626499996,300059.897257,300059.897188,3061.8356855918364,0.02043,293699.55626499996,29661.518487721627,86.76391084999999,65.57052569072165,20.042310004718846,0.3232687902872936,6,64,,False,False,Request timeout: 300.0s exceeded,364,21.16838264042747
356,2026-09-14T02:24:19.954+00:00,2026-09-14T02:29:13.381+00:00,2026-09-14T02:29:20.046+00:00,False,103,102.0,,102.0,293427.469021,300091.96130900003,300091.961132,2913.5141857475733,0.02068,293427.469021,28905.836836817496,88.37730309999999,65.33815968627451,20.463490758060505,0.33989580912156514,6,64,,False,False,Request timeout: 300.0s exceeded,223,21.16838264042747
357,2026-09-14T02:24:23.900+00:00,2026-09-14T02:29:17.585+00:00,2026-09-14T02:29:23.962+00:00,False,92,91.0,,91.0,293684.41334100004,300061.11708500003,300061.11694000004,3261.533879782609,0.04136,293684.41334100004,30611.417838167243,91.76562665000002,70.07366751648351,20.577255827581084,0.3032715497563848,6,64,,False,False,Request timeout: 300.0s exceeded,345,21.16838264042747
358,2026-09-14T02:24:27.854+00:00,2026-09-14T02:29:21.663+00:00,2026-09-14T02:29:27.918+00:00,False,87,86.0,,86.0,293809.13061,300064.602226,300064.602075,3449.0184146551724,0.04228,293809.13061,31491.85260939484,89.8844256,72.73804204651164,19.17229336950642,0.28660494894105265,6,64,,False,False,Request timeout: 300.0s exceeded,153,21.16838264042747
359,2026-09-14T02:24:31.394+00:00,2026-09-14T02:29:25.110+00:00,2026-09-14T02:29:31.435+00:00,False,92,91.0,,91.0,293715.60793,300040.496762,300040.496658,3261.3097462826086,0.03431,293715.60793,30614.729353140796,90.30705955000002,69.50427287912089,20.413459219603215,0.3032923921339311,6,64,,False,False,Request timeout: 300.0s exceeded,420,21.16838264042747
360,2026-09-14T02:24:33.831+00:00,2026-09-14T02:29:27.534+00:00,2026-09-14T02:29:33.865+00:00,False,101,100.0,,100.0,293703.571268,300034.77818,300034.778023,2970.6413665643563,0.0,293703.571268,29218.36660680001,89.43530100000002,63.31206912,63.70880187545576,0.3332946953903022,6,64,,False,False,Request timeout: 300.0s exceeded,452,21.16838264042747
361,2026-09-14T02:24:37.763+00:00,2026-09-14T02:29:31.126+00:00,2026-09-14T02:29:37.804+00:00,False,107,106.0,,106.0,293363.091509,300041.274933,300041.274942,2804.1240648785047,0.0,293363.091509,28354.457485993873,89.1977149,63.001730415094336,62.20176115755779,0.35328472732183297,6,64,,False,False,Request timeout: 300.0s exceeded,495,21.16838264042747
362,2026-09-14T02:24:41.761+00:00,2026-09-14T02:29:35.446+00:00,2026-09-14T02:29:41.777+00:00,False,94,93.0,,93.0,293685.800452,300016.34074,300016.340678,3191.663198702128,0.037200000000000004,293685.800452,30284.362977781635,88.54788015,68.07032567741935,19.8950255169517,0.30998311548835134,6,64,,False,False,Request timeout: 300.0s exceeded,317,21.16838264042747
363,2026-09-14T02:24:44.635+00:00,2026-09-14T02:29:37.895+00:00,2026-09-14T02:29:44.680+00:00,False,102,101.0,,101.0,293260.099012,300044.88672400004,300044.88680000004,2941.616537254902,0.04026,293260.099012,29030.432428805547,88.82960255,67.17611596039603,20.557250078126884,0.3366163013232953,6,64,,False,False,Request timeout: 300.0s exceeded,430,21.16838264042747
364,2026-09-14T02:24:47.551+00:00,2026-09-14T02:29:39.779+00:00,2026-09-14T02:29:47.638+00:00,False,122,121.0,,121.0,292228.654972,300087.692156,300087.692252,2459.7351823934428,0.04474,292228.654972,26451.267340217815,91.42861845000002,64.95072052892561,21.179757316678064,0.40321547055351536,6,64,,False,False,Request timeout: 300.0s exceeded,587,21.16838264042747
365,2026-09-14T02:24:51.516+00:00,2026-09-14T02:29:44.946+00:00,2026-09-14T02:29:51.586+00:00,False,106,105.0,,105.0,293430.430589,300070.326909,300070.326892,2830.852140490566,0.022690000000000002,293430.430589,28494.348880699916,90.611994,63.237107809523806,21.627936801026387,0.34991797116894713,6,64,,False,False,Request timeout: 300.0s exceeded,487,21.16838264042747
366,2026-09-14T02:24:54.019+00:00,2026-09-14T02:29:48.909+00:00,2026-09-14T02:29:54.055+00:00,False,74,73.0,,73.0,294890.373759,300036.155775,300036.155606,4054.542643324324,0.0417,294890.373759,34272.12165568352,90.51759480000001,70.49016460273972,20.97877179280528,0.2433040105164639,6,64,,False,False,Request timeout: 300.0s exceeded,348,21.16838264042747
367,2026-09-14T02:24:58.209+00:00,2026-09-14T02:29:52.186+00:00,2026-09-14T02:29:58.246+00:00,False,91,90.0,,90.0,293976.46808099997,300037.007985,300037.00800699997,3297.1099780989007,0.02718,293976.46808099997,30810.05511772468,88.91087250000001,67.33933226666666,20.605163293418734,0.29996299657974007,6,64,,False,False,Request timeout: 300.0s exceeded,457,21.16838264042747
368,2026-09-14T02:25:02.109+00:00,2026-09-14T02:29:55.926+00:00,2026-09-14T02:30:02.127+00:00,False,90,89.0,,89.0,293817.59224900004,300018.73580100003,300018.73568800004,3333.5415076444447,0.04003,293817.59224900004,30963.756032629717,90.90471145000001,69.67577024719101,20.787015823527216,0.2966481401982607,6,64,,False,False,Request timeout: 300.0s exceeded,477,21.16838264042747
369,2026-09-14T02:25:05.398+00:00,2026-09-14T02:29:59.424+00:00,2026-09-14T02:30:05.438+00:00,False,88,87.0,,87.0,294026.113741,300039.353805,300039.353827,3409.538111670455,0.023169000000000002,294026.113741,31335.927351549464,88.84300934999999,69.11770188505747,19.961681455350128,0.2899619629781718,6,64,,False,False,Request timeout: 300.0s exceeded,331,21.16838264042747
370,2026-09-14T02:25:08.550+00:00,2026-09-14T02:30:02.283+00:00,2026-09-14T02:30:08.603+00:00,False,94,93.0,,93.0,293733.644601,300053.297977,300053.29797,3192.0563613829786,0.01945,293733.644601,30289.310495141726,90.3487015,67.95326210752688,20.940420892102246,0.3099449352065736,6,64,,False,False,Request timeout: 300.0s exceeded,228,21.16838264042747
371,2026-09-14T02:25:11.305+00:00,2026-09-14T02:30:05.131+00:00,2026-09-14T02:30:11.314+00:00,False,92,91.0,,91.0,293825.37078899995,300008.681381,300008.68147599994,3260.963929086956,0.01998,293825.37078899995,30626.335962540154,91.1109426,67.94846804395604,21.649101657963392,0.3033245557465497,6,64,,False,False,Request timeout: 300.0s exceeded,452,21.16838264042747
372,2026-09-14T02:25:13.740+00:00,2026-09-14T02:30:07.467+00:00,2026-09-14T02:30:13.749+00:00,False,94,93.0,,93.0,293727.409018,300009.080442,300009.080267,3191.5859602872342,0.09126999999999999,293727.409018,30288.70887957691,88.60387829999999,67.54485402150537,20.061199220564664,0.30999061716060106,6,64,,False,False,Request timeout: 300.0s exceeded,432,21.16838264042747
373,2026-09-14T02:25:16.827+00:00,2026-09-14T02:30:10.717+00:00,2026-09-14T02:30:16.834+00:00,False,94,93.0,,93.0,293890.621115,300006.95186699997,300006.95171299996,3191.5633160957445,0.037128999999999995,293890.621115,30305.7260075999,86.4720753,65.76699733333334,19.62485273338426,0.3099928165705609,6,64,,False,False,Request timeout: 300.0s exceeded,356,21.16838264042747
374,2026-09-14T02:25:20.575+00:00,2026-09-14T02:30:14.390+00:00,2026-09-14T02:30:20.597+00:00,False,94,93.0,,93.0,293814.54749900004,300021.59927500004,300021.59947600006,3191.7191433617027,0.046119999999999994,293814.54749900004,30297.779546816637,88.85745715000002,66.74249221505377,20.460672075935715,0.30997768235598305,6,64,,False,False,Request timeout: 300.0s exceeded,311,21.16838264042747
375,2026-09-14T02:25:23.919+00:00,2026-09-14T02:30:17.323+00:00,2026-09-14T02:30:24.015+00:00,False,99,98.0,,98.0,293404.243638,300096.279222,300096.279241,3031.275547888889,0.02171,293404.243638,29481.379841542548,89.4438909,68.2860773877551,20.199248729867584,0.326561862926342,6,64,,False,False,Request timeout: 300.0s exceeded,479,21.16838264042747
376,2026-09-14T02:25:27.339+00:00,2026-09-14T02:30:21.206+00:00,2026-09-14T02:30:27.385+00:00,False,90,89.0,,89.0,293867.333903,300046.003471,300046.00367,3333.844485222222,0.03768,293867.333903,30969.0257209178,90.344999,69.4232535730337,20.54682982434102,0.2966211813202905,6,64,,False,False,Request timeout: 300.0s exceeded,444,21.16838264042747
377,2026-09-14T02:25:31.319+00:00,2026-09-14T02:30:25.502+00:00,2026-09-14T02:30:31.324+00:00,False,94,93.0,,93.0,294182.504379,300004.954811,300004.954788,3191.542072212766,0.0,294182.504379,30336.223621229045,93.3040033,62.60699389247311,66.68720453067715,0.30999488011319365,6,64,,False,False,Request timeout: 300.0s exceeded,318,21.16838264042747
378,2026-09-14T02:25:34.915+00:00,2026-09-14T02:30:29.262+00:00,2026-09-14T02:30:34.958+00:00,False,86,85.0,,85.0,294347.003995,300042.360155,300042.36007199995,3488.8646519999998,0.04242,294347.003995,31733.035121656405,89.723616,67.00419011764706,20.65687963583085,0.2832933321684629,6,64,,False,False,Request timeout: 300.0s exceeded,439,21.16838264042747
379,2026-09-14T02:25:38.453+00:00,2026-09-14T02:30:32.013+00:00,2026-09-14T02:30:38.500+00:00,False,95,94.0,,94.0,293560.03961900005,300046.95776300004,300046.95776500006,3158.3890291052635,0.023030000000000002,293560.03961900005,30111.550915233503,89.23618699999999,69.0097674893617,20.04262052109936,0.31328429623421933,6,64,,False,False,Request timeout: 300.0s exceeded,450,21.16838264042747
380,2026-09-14T02:25:41.613+00:00,2026-09-14T02:30:35.471+00:00,2026-09-14T02:30:41.646+00:00,False,94,93.0,,93.0,293857.477784,300032.801432,300032.801568,3191.838314553191,0.02657,293857.477784,30302.242740638718,87.95566465,66.4013295483871,20.588585884586532,0.30996610889252285,6,64,,False,False,Request timeout: 300.0s exceeded,434,21.16838264042747
381,2026-09-14T02:25:45.360+00:00,2026-09-14T02:30:38.716+00:00,2026-09-14T02:30:45.379+00:00,False,102,101.0,,101.0,293355.822254,300018.649262,300018.6494,2941.3593078431372,0.019039999999999998,293355.822254,29040.02960676125,87.97401405,65.96858423762377,19.983754048119355,0.33664573935135217,6,64,,False,False,Request timeout: 300.0s exceeded,438,21.16838264042747
382,2026-09-14T02:25:49.261+00:00,2026-09-14T02:30:42.523+00:00,2026-09-14T02:30:49.275+00:00,False,100,99.0,,99.0,293261.499015,300013.344903,300013.34506200004,3000.13345062,0.02853,293261.499015,29319.33686223555,88.00521745,68.20046351515151,20.373727068416628,0.3299853212596545,6,64,,False,False,Request timeout: 300.0s exceeded,478,21.16838264042747
383,2026-09-14T02:25:52.120+00:00,2026-09-14T02:30:45.887+00:00,2026-09-14T02:30:52.144+00:00,False,94,93.0,,93.0,293767.41083999997,300024.118936,300024.11903299997,3191.745947159574,0.0458,293767.41083999997,30292.863007057425,88.6285485,67.27643113978495,20.913263378731315,0.3099750791030184,6,64,,False,False,Request timeout: 300.0s exceeded,356,21.16838264042747
384,2026-09-14T02:25:54.724+00:00,2026-09-14T02:30:48.629+00:00,2026-09-14T02:30:54.803+00:00,False,94,93.0,,93.0,293905.291523,300078.752003,300078.752131,3192.327150329787,0.03419,293905.291523,30307.176510353573,89.97994899999999,66.38129548387097,20.727754096846144,0.3099186442866513,6,64,,False,False,Request timeout: 300.0s exceeded,416,21.16838264042747
385,2026-09-14T02:25:58.707+00:00,2026-09-14T02:30:52.931+00:00,2026-09-14T02:30:58.751+00:00,False,84,83.0,,83.0,294223.742675,300043.963091,300043.963229,3571.951943202381,0.037149999999999996,294223.742675,32094.797261902087,88.91681859999998,70.12313754216868,19.95975316614666,0.2766261288677454,6,64,,False,False,Request timeout: 300.0s exceeded,317,21.16838264042747
386,2026-09-14T02:26:02.090+00:00,2026-09-14T02:30:55.556+00:00,2026-09-14T02:31:02.136+00:00,False,97,96.0,,96.0,293465.38054000004,300045.974716,300045.97458800004,3093.2574699793818,0.03345,293465.38054000004,29789.941732405812,88.98855080000001,68.547856,20.2924676798956,0.3199509678170689,6,64,,False,False,Request timeout: 300.0s exceeded,427,21.16838264042747
387,2026-09-14T02:26:04.911+00:00,2026-09-14T02:30:58.410+00:00,2026-09-14T02:31:04.987+00:00,False,96,95.0,,95.0,293499.40298,300076.30230800004,300076.302266,3125.7948152708336,0.0285,293499.40298,29948.098276692646,89.64766374999999,69.23051924210526,20.149746514859608,0.31658614582131,6,64,,False,False,Request timeout: 300.0s exceeded,407,21.16838264042747
388,2026-09-14T02:26:07.424+00:00,2026-09-14T02:31:00.701+00:00,2026-09-14T02:31:07.479+00:00,False,102,101.0,,101.0,293277.264531,300054.98075499997,300054.980604,2941.715496117647,0.03595,293277.264531,29032.138638171084,88.52684599999999,67.10610122772277,20.03341408304156,0.33660497734736233,6,64,,False,False,Request timeout: 300.0s exceeded,483,21.16838264042747
389,2026-09-14T02:26:09.755+00:00,2026-09-14T02:31:03.301+00:00,2026-09-14T02:31:09.810+00:00,False,96,95.0,,95.0,293546.222317,300055.332077,300055.332106,3125.5763761041662,0.04523,293546.222317,29952.94934196908,88.81392025000001,68.51694484210527,19.784316855694197,0.316608271355835,6,64,,False,False,Request timeout: 300.0s exceeded,396,21.16838264042747
390,2026-09-14T02:26:12.939+00:00,2026-09-14T02:31:06.628+00:00,2026-09-14T02:31:13.021+00:00,False,96,95.0,,95.0,293689.14467799995,300082.2854139999,300082.285352,3125.8571390833326,0.04144,293689.14467799995,29967.661303422465,87.2214435,67.2962182736842,20.4205141943349,0.31657983365774484,6,64,,False,False,Request timeout: 300.0s exceeded,432,21.16838264042747
391,2026-09-14T02:26:15.798+00:00,2026-09-14T02:31:09.811+00:00,2026-09-14T02:31:15.822+00:00,False,90,89.0,,89.0,294012.94449900003,300023.97963500005,300023.979639,3333.599773766667,0.019549,294012.94449900003,30984.572913245178,88.2737638,67.53972062921348,20.46919365821481,0.29664295536734986,6,64,,False,False,Request timeout: 300.0s exceeded,242,21.16838264042747
392,2026-09-14T02:26:18.692+00:00,2026-09-14T02:31:12.306+00:00,2026-09-14T02:31:18.717+00:00,False,99,98.0,,98.0,293614.70562300005,300024.86319100007,300024.86321100005,3030.5541738484853,0.03405,293614.70562300005,29502.820941117014,87.8739957,65.40977110204082,19.901246836205207,0.3266395956578166,6,64,,False,False,Request timeout: 300.0s exceeded,333,21.16838264042747
393,2026-09-14T02:26:21.234+00:00,2026-09-14T02:31:14.951+00:00,2026-09-14T02:31:21.707+00:00,False,94,93.0,,93.0,293717.088719,300473.190351,300473.190357,3196.5233016702127,0.03484,293717.088719,30287.182044854675,87.65398714999999,72.64625410752689,65.6399775140872,0.30951180666521816,6,64,,False,False,Request timeout: 300.0s exceeded,456,21.16838264042747
394,2026-09-14T02:26:24.980+00:00,2026-09-14T02:31:18.796+00:00,2026-09-14T02:31:25.020+00:00,False,98,97.0,,97.0,293815.424266,300039.600906,300039.601006,3061.6285816938775,0.0,293815.424266,29673.436967018373,91.18102105,64.16676948453608,68.80342393220525,0.32329065799014084,6,64,,False,False,Request timeout: 300.0s exceeded,471,21.16838264042747
395,2026-09-14T02:26:28.843+00:00,2026-09-14T02:31:23.060+00:00,2026-09-14T02:31:28.863+00:00,False,82,81.0,,81.0,294217.45345200005,300020.60225200007,300020.60240100004,3658.787834158537,0.036389000000000005,294217.45345200005,32482.97639446127,90.5309498,71.64381234567901,19.44398817664862,0.2699814592464709,6,64,,False,False,Request timeout: 300.0s exceeded,345,21.16838264042747
396,2026-09-14T02:26:32.303+00:00,2026-09-14T02:31:26.075+00:00,2026-09-14T02:31:32.349+00:00,False,92,91.0,,91.0,293772.025547,300046.698443,300046.698671,3261.3771594673913,0.08603,293772.025547,30620.668311672907,88.70146959999998,68.95244940659342,19.61757016995362,0.3032861233675175,6,64,,False,False,Request timeout: 300.0s exceeded,302,21.16838264042747
397,2026-09-14T02:26:36.477+00:00,2026-09-14T02:31:30.024+00:00,2026-09-14T02:31:36.551+00:00,False,95,94.0,,94.0,293547.02708499995,300074.72372499993,300074.7237849999,3158.6813029999994,0.017478999999999998,293547.02708499995,30110.170970996314,88.0271304,69.44358127659574,19.45971421671767,0.3132553079883703,6,64,,False,False,Request timeout: 300.0s exceeded,451,21.16838264042747
398,2026-09-14T02:26:40.269+00:00,2026-09-14T02:31:33.560+00:00,2026-09-14T02:31:40.296+00:00,False,100,99.0,,99.0,293291.19977899996,300026.74640299997,300026.74652999995,3000.2674652999995,0.046520000000000006,293291.19977899996,29322.323404462033,88.52032544999999,68.03582448484849,20.37749576009661,0.32997058157948983,6,64,,False,False,Request timeout: 300.0s exceeded,279,21.16838264042747
399,2026-09-14T02:26:43.128+00:00,2026-09-14T02:31:36.797+00:00,2026-09-14T02:31:43.138+00:00,False,96,95.0,,95.0,293669.090414,300009.83588599996,300009.83600899996,3125.102458427083,0.01663,293669.090414,29965.67083755883,88.67171575,66.74468917894737,20.455235674785254,0.31665628468294227,6,64,,False,False,Request timeout: 300.0s exceeded,433,21.16838264042747
400,2026-09-14T02:26:45.663+00:00,2026-09-14T02:31:38.994+00:00,2026-09-14T02:31:45.687+00:00,False,104,103.0,,103.0,293330.99667100003,300024.33247900003,300024.33237300004,2884.8493497403847,0.03379,293330.99667100003,28757.10597781807,89.63203029999998,64.9838427961165,20.83739828015752,0.34330548842137465,6,64,,False,False,Request timeout: 300.0s exceeded,451,21.16838264042747
401,2026-09-14T02:26:48.448+00:00,2026-09-14T02:31:42.071+00:00,2026-09-14T02:31:48.522+00:00,False,101,100.0,,100.0,293623.20981699997,300073.46082499996,300073.46086199995,2971.0243649702966,0.02923,293623.20981699997,29210.190174677722,88.905833,64.50251008,20.39186511273497,0.33325173017656184,6,64,,False,False,Request timeout: 300.0s exceeded,298,21.16838264042747
402,2026-09-14T02:26:52.192+00:00,2026-09-14T02:31:45.474+00:00,2026-09-14T02:31:52.241+00:00,False,101,100.0,,100.0,293281.516574,300048.44598200003,300048.446009,2970.776693158416,0.03297,293281.516574,29175.875155607875,88.863582,67.66929408,20.141552748739112,0.33327951315568227,6,64,,False,False,Request timeout: 300.0s exceeded,447,21.16838264042747
403,2026-09-14T02:26:54.618+00:00,2026-09-14T02:31:48.172+00:00,2026-09-14T02:31:54.663+00:00,False,97,96.0,,96.0,293554.02357099997,300044.75739499996,300044.75734999997,3093.2449211340204,0.02343,293554.02357099997,29799.037100715424,90.06894759999999,67.61181066666667,20.28256074399449,0.3199522659001799,6,64,,False,False,Request timeout: 300.0s exceeded,413,21.16838264042747
404,2026-09-14T02:26:58.128+00:00,2026-09-14T02:31:51.853+00:00,2026-09-14T02:31:58.133+00:00,False,96,95.0,,95.0,293725.04518300004,300005.59507100005,300005.595205,3125.058283385417,0.04156,293725.04518300004,29971.446380955982,88.705998,66.11105145263157,20.476940683494295,0.31666076086853334,6,64,,False,False,Request timeout: 300.0s exceeded,543,21.16838264042747
405,2026-09-14T02:27:02.140+00:00,2026-09-14T02:31:55.949+00:00,2026-09-14T02:32:02.158+00:00,False,92,91.0,,91.0,293808.725392,300018.11905599997,300018.119204,3261.0665130869565,0.019440000000000002,293808.725392,30624.570386798172,90.4687255,68.23509520879121,21.229424595557237,0.3033150140609153,6,64,,False,False,Request timeout: 300.0s exceeded,373,21.16838264042747
406,2026-09-14T02:27:05.118+00:00,2026-09-14T02:31:58.774+00:00,2026-09-14T02:32:05.674+00:00,False,66,65.0,,65.0,293656.608786,300556.411154,300556.411111,4553.885016833333,0.0317,293656.608786,36135.046741957696,89.38509875,106.15080566153847,329.9439426429256,0.2162655581041494,6,64,,False,False,Request timeout: 300.0s exceeded,246,21.16838264042747
407,2026-09-14T02:27:07.895+00:00,2026-09-14T02:32:01.660+00:00,2026-09-14T02:32:07.948+00:00,False,106,105.0,,105.0,293764.569801,300052.625353,300052.625247,2830.6851438396225,0.015179999999999999,293764.569801,28528.327254633772,89.18645699999999,59.88624335238095,263.63479291510544,0.34993861452294134,6,64,,False,False,Request timeout: 300.0s exceeded,477,21.16838264042747
408,2026-09-14T02:27:11.739+00:00,2026-09-14T02:32:06.866+00:00,2026-09-14T02:32:11.817+00:00,False,75,74.0,,74.0,295127.120989,300078.189917,300078.189937,4001.0425324933335,0.018510000000000002,295127.120989,34070.62444685782,87.19404409999999,66.90633686486487,19.62478160096819,0.2466023939309551,6,64,,False,False,Request timeout: 300.0s exceeded,269,21.16838264042747
409,2026-09-14T02:27:15.166+00:00,2026-09-14T02:32:09.161+00:00,2026-09-14T02:32:15.206+00:00,False,93,92.0,,92.0,293994.983222,300040.106806,300040.106821,3226.2377077526885,0.020149999999999998,293994.983222,30479.052420309752,86.59543559999999,65.70786504347826,19.85858119772385,0.3066256740785837,6,64,,False,False,Request timeout: 300.0s exceeded,323,21.16838264042747
410,2026-09-14T02:27:19.319+00:00,2026-09-14T02:32:13.113+00:00,2026-09-14T02:32:19.394+00:00,False,95,94.0,,94.0,293793.69286199997,300074.87711799995,300074.877223,3158.6829181368416,0.0,293793.69286199997,30135.8117957429,88.05956839999999,66.82110910638298,65.5867484830408,0.31325514785776587,6,64,,False,False,Request timeout: 300.0s exceeded,347,21.16838264042747
411,2026-09-14T02:27:21.992+00:00,2026-09-14T02:32:15.372+00:00,2026-09-14T02:32:22.056+00:00,False,101,100.0,,100.0,293380.41924699995,300064.710063,300064.70996699994,2970.9377224455443,0.0,293380.41924699995,29185.860863259575,89.645971,66.84290816,63.8657009331758,0.33326144876884906,6,64,,False,False,Request timeout: 300.0s exceeded,524,21.16838264042747
412,2026-09-14T02:27:24.871+00:00,2026-09-14T02:32:18.524+00:00,2026-09-14T02:32:24.925+00:00,False,91,90.0,,90.0,293652.505527,300053.703607,300053.703484,3297.2934448791207,0.032549999999999996,293652.505527,30775.697555368784,90.1775245,71.1244231111111,20.175505294539633,0.2999463060048707,6,64,,False,False,Request timeout: 300.0s exceeded,438,21.16838264042747
413,2026-09-14T02:27:27.801+00:00,2026-09-14T02:32:21.513+00:00,2026-09-14T02:32:27.825+00:00,False,89,88.0,,88.0,293712.358383,300024.381167,300024.381008,3371.0604607640453,0.01687,293712.358383,31125.850934811882,90.76106239999999,71.72753163636364,19.942444789419365,0.2933094959073253,6,64,,False,False,Request timeout: 300.0s exceeded,424,21.16838264042747
414,2026-09-14T02:27:31.382+00:00,2026-09-14T02:32:25.095+00:00,2026-09-14T02:32:31.448+00:00,False,89,88.0,,88.0,293712.88382499997,300065.96670499997,300065.96663399995,3371.527714988764,0.04833,293712.88382499997,31125.85720507352,90.38118880000002,72.19412363636364,19.99335900801215,0.2932688467350058,6,64,,False,False,Request timeout: 300.0s exceeded,395,21.16838264042747
415,2026-09-14T02:27:35.124+00:00,2026-09-14T02:32:28.829+00:00,2026-09-14T02:32:35.212+00:00,False,93,92.0,,92.0,293704.72880599997,300087.542502,300087.54263499996,3226.747770268817,0.02517,293704.72880599997,30448.57434503668,90.5378992,69.37840973913043,20.644542426359497,0.30657720488142837,6,64,,False,False,Request timeout: 300.0s exceeded,307,21.16838264042747
416,2026-09-14T02:27:37.994+00:00,2026-09-14T02:32:32.034+00:00,2026-09-14T02:32:38.006+00:00,False,85,84.0,,84.0,294040.153241,300012.463513,300012.46344900003,3529.5583935176473,0.037429000000000004,294040.153241,31885.426749920076,88.78128099999999,71.0989318095238,19.648633623661883,0.27998836787112397,6,64,,False,False,Request timeout: 300.0s exceeded,235,21.16838264042747
417,2026-09-14T02:27:42.053+00:00,2026-09-14T02:32:35.968+00:00,2026-09-14T02:32:42.440+00:00,False,97,96.0,,96.0,293915.823071,300387.324127,300387.324206,3096.7765382061857,0.04657,293915.823071,29835.792378449838,88.39658100000001,67.41146933333333,19.939570219706642,0.31958738698112443,6,64,,False,False,Request timeout: 300.0s exceeded,313,21.16838264042747
418,2026-09-14T02:27:46.039+00:00,2026-09-14T02:32:39.555+00:00,2026-09-14T02:32:46.090+00:00,False,101,100.0,,100.0,293515.847633,300050.768337,300050.768184,2970.799684990099,0.01781,293515.847633,29199.42300357108,89.696281,65.34920704,20.40947928549524,0.3332769336143998,6,64,,False,False,Request timeout: 300.0s exceeded,440,21.16838264042747
419,2026-09-14T02:27:49.125+00:00,2026-09-14T02:32:42.521+00:00,2026-09-14T02:32:49.166+00:00,False,98,97.0,,97.0,293396.02315200004,300041.13060800004,300041.13060100004,3061.644189806123,0.03683,293396.02315200004,29630.56021852311,87.84639435000001,68.50626243298969,19.669414387549644,0.32328900975489683,6,64,,False,False,Request timeout: 300.0s exceeded,526,21.16838264042747
420,2026-09-14T02:27:52.736+00:00,2026-09-14T02:32:46.607+00:00,2026-09-14T02:32:52.773+00:00,False,89,88.0,,88.0,293870.777696,300037.610848,300037.611074,3371.2091131910115,0.0192,293870.777696,31142.81812691374,88.274198,70.07764945454545,19.77629675054126,0.2932965628918472,6,64,,False,False,Request timeout: 300.0s exceeded,420,21.16838264042747
421,2026-09-14T02:27:55.751+00:00,2026-09-14T02:32:49.293+00:00,2026-09-14T02:32:55.760+00:00,False,95,94.0,,94.0,293542.134986,300008.43233000004,300008.432362,3157.9834985473685,0.04299,293542.134986,30109.736063277815,87.9122307,68.79039727659574,19.452923069074604,0.313324526480652,6,64,,False,False,Request timeout: 300.0s exceeded,459,21.16838264042747
422,2026-09-14T02:27:59.557+00:00,2026-09-14T02:32:53.358+00:00,2026-09-14T02:32:59.585+00:00,False,91,90.0,,90.0,293800.610817,300027.42144099995,300027.42144799995,3297.004631296703,0.095249,293800.610817,30791.42566639308,87.61921999999998,69.18678471111112,19.132828419902243,0.2999725810652224,6,64,,False,False,Request timeout: 300.0s exceeded,432,21.16838264042747
423,2026-09-14T02:28:03.111+00:00,2026-09-14T02:32:56.981+00:00,2026-09-14T02:33:03.165+00:00,False,91,90.0,,90.0,293869.892468,300054.149748,300054.149519,3297.2983463626374,0.01758,293869.892468,30798.738252113813,88.03610450000001,68.71396977777778,19.665738915587927,0.29994586002422013,6,64,,False,False,Request timeout: 300.0s exceeded,380,21.16838264042747
424,2026-09-14T02:28:05.904+00:00,2026-09-14T02:32:59.293+00:00,2026-09-14T02:33:05.917+00:00,False,98,97.0,,97.0,293388.680339,300013.269395,300013.26936000003,3061.3598914285717,0.039850000000000003,293388.680339,29629.840258537763,89.19681990000001,68.29473253608248,20.28124221614922,0.32331903250682215,6,64,,False,False,Request timeout: 300.0s exceeded,367,21.16838264042747
425,2026-09-14T02:28:10.108+00:00,2026-09-14T02:33:03.577+00:00,2026-09-14T02:33:10.123+00:00,False,100,99.0,,99.0,293468.801238,300014.337238,300014.33725599997,3000.14337256,0.019399,293468.801238,29340.276297860502,90.44390145,66.11652525252525,21.539635631594777,0.32998422979187075,6,64,,False,False,Request timeout: 300.0s exceeded,202,21.16838264042747
426,2026-09-14T02:28:14.645+00:00,2026-09-14T02:33:06.261+00:00,2026-09-14T02:33:14.750+00:00,False,140,139.0,,139.0,291615.295468,300104.303852,300104.303875,2143.6021705357143,0.0,291615.295468,24640.896268561322,89.55192935000001,61.07200276258993,57.680096437646434,0.46317229781732655,6,64,,False,False,Request timeout: 300.0s exceeded,674,21.16838264042747
427,2026-09-14T02:28:17.602+00:00,2026-09-14T02:33:11.356+00:00,2026-09-14T02:33:17.121+00:00,True,100,100.0,,100.0,293753.834908,299518.85660400003,299518.85651300004,2995.1885651300004,33.494049,293753.834908,29369.566942081325,90.39745884999998,58.232542383838386,19.94719402117743,0.33386879588757257,6,64,,False,True,,430,21.16838264042747
428,2026-09-14T02:28:20.580+00:00,2026-09-14T02:33:16.033+00:00,2026-09-14T02:33:20.652+00:00,False,71,70.0,,70.0,295453.489594,300072.30329,300072.30319899996,4226.370467591549,0.07006,295453.489594,35056.05342129559,89.128177,65.9830528,20.55287236792526,0.23327711099131207,6,64,,False,False,Request timeout: 300.0s exceeded,287,21.16838264042747
429,2026-09-14T02:28:23.598+00:00,2026-09-14T02:33:17.071+00:00,2026-09-14T02:33:23.623+00:00,False,94,93.0,,93.0,293473.712135,300025.699591,300025.69977,3191.7627635106383,0.02142,293473.712135,30262.241819318016,88.36935635,70.45147802150537,19.386986454668413,0.3099734460307205,6,64,,False,False,Request timeout: 300.0s exceeded,416,21.16838264042747
430,2026-09-14T02:28:26.575+00:00,2026-09-14T02:33:20.269+00:00,2026-09-14T02:33:26.657+00:00,False,92,91.0,,91.0,293694.00933200005,300082.07435600006,300082.074383,3261.7616780760873,0.04797,293694.00933200005,30612.40462634217,88.87715655,70.19851674725275,19.581158288342593,0.3032503697373234,6,64,,False,False,Request timeout: 300.0s exceeded,327,21.16838264042747
431,2026-09-14T02:28:29.218+00:00,2026-09-14T02:33:23.116+00:00,2026-09-14T02:33:29.247+00:00,False,92,91.0,,91.0,293898.185774,300029.696302,300029.696376,3261.1923519130437,0.02978,293898.185774,30633.985712914888,88.24110905000002,67.37923657142856,20.04254106173086,0.3033033100443577,6,64,,False,False,Request timeout: 300.0s exceeded,427,21.16838264042747
432,2026-09-14T02:28:32.540+00:00,2026-09-14T02:33:26.153+00:00,2026-09-14T02:33:32.549+00:00,False,98,97.0,,97.0,293613.334509,300009.024493,300009.02450400003,3061.316576571429,0.024149999999999998,293613.334509,29652.771576206243,87.4932567,65.9349482886598,19.452786353980862,0.32332360722789943,6,64,,False,False,Request timeout: 300.0s exceeded,461,21.16838264042747
433,2026-09-14T02:28:35.733+00:00,2026-09-14T02:33:29.464+00:00,2026-09-14T02:33:35.764+00:00,False,97,96.0,,96.0,293730.294124,300031.260268,300031.260109,3093.105774319588,0.0405,293730.294124,29817.135129827282,86.95235279999999,65.635064,19.925701337151054,0.31996665918827566,6,64,,False,False,Request timeout: 300.0s exceeded,489,21.16838264042747
434,2026-09-14T02:28:38.846+00:00,2026-09-14T02:33:32.506+00:00,2026-09-14T02:33:38.887+00:00,False,101,100.0,,100.0,293659.432997,300040.787749,300040.787841,2970.7008697128713,0.04129,293659.432997,29213.862735446608,86.218458,63.81354752,19.90301282984344,0.333288019773016,6,64,,False,False,Request timeout: 300.0s exceeded,528,21.16838264042747
435,2026-09-14T02:28:42.866+00:00,2026-09-14T02:33:36.751+00:00,2026-09-14T02:33:42.928+00:00,False,99,98.0,,98.0,293884.128157,300061.849245,300061.84918,3030.9277694949496,0.05051,293884.128157,29530.138111987584,88.91063979999998,63.03797028571428,21.092595962212854,0.326599333592666,6,64,,False,False,Request timeout: 300.0s exceeded,438,21.16838264042747
436,2026-09-14T02:28:46.473+00:00,2026-09-14T02:33:40.035+00:00,2026-09-14T02:33:46.526+00:00,False,97,96.0,,96.0,293561.51113,300052.316122,300052.316263,3093.322848072165,0.05269,293561.51113,29799.79736241838,89.7787528,67.612552,20.417071862454275,0.31994420586630906,6,64,,False,False,Request timeout: 300.0s exceeded,396,21.16838264042747
437,2026-09-14T02:28:50.356+00:00,2026-09-14T02:33:44.126+00:00,2026-09-14T02:33:50.407+00:00,False,98,97.0,,97.0,293769.892173,300050.83348499995,300050.83334799996,3061.743197428571,0.04929,293769.892173,29668.706107603037,87.08979135000001,64.7519722886598,19.94545800408711,0.3232785554146751,6,64,,False,False,Request timeout: 300.0s exceeded,142,21.16838264042747
438,2026-09-14T02:28:53.460+00:00,2026-09-14T02:33:46.866+00:00,2026-09-14T02:33:53.533+00:00,False,105,104.0,,104.0,293406.087434,300073.17197799997,300073.172055,2857.8397338571426,0.027309999999999997,293406.087434,28627.25253561739,87.1180542,64.10658215384615,19.36154308368316,0.3465821329992967,6,64,,False,False,Request timeout: 300.0s exceeded,444,21.16838264042747
439,2026-09-14T02:28:56.793+00:00,2026-09-14T02:33:50.749+00:00,2026-09-14T02:33:56.861+00:00,False,92,91.0,,91.0,293955.993195,300068.128875,300068.12884799996,3261.610096173913,0.02367,293955.993195,30640.034125353523,85.8321335,67.16632615384616,19.053448585940206,0.3032644631110025,6,64,,False,False,Request timeout: 300.0s exceeded,445,21.16838264042747
440,2026-09-14T02:29:00.033+00:00,2026-09-14T02:33:53.654+00:00,2026-09-14T02:34:00.048+00:00,False,95,94.0,,94.0,293621.009395,300015.486707,300015.486872,3158.0577565473686,0.028059999999999998,293621.009395,30117.907206893688,88.0581541,68.02635438297872,20.088362128024762,0.31331715916319325,6,64,,False,False,Request timeout: 300.0s exceeded,184,21.16838264042747
441,2026-09-14T02:29:03.459+00:00,2026-09-14T02:33:56.983+00:00,2026-09-14T02:34:03.467+00:00,False,97,96.0,,96.0,293524.755971,300008.850691,300008.85071800003,3092.874749670103,0.02428,293524.755971,29796.071940097547,88.4802554,67.54265333333333,19.5130013726425,0.31999055954144856,6,64,,False,False,Request timeout: 300.0s exceeded,459,21.16838264042747
442,2026-09-14T02:29:06.901+00:00,2026-09-14T02:34:00.611+00:00,2026-09-14T02:34:06.927+00:00,False,100,99.0,,99.0,293709.504564,300025.9925,300025.992615,3000.25992615,0.0,293709.504564,29364.64409477517,87.18297894999999,63.80290844444445,66.22775407363577,0.3299714107270223,6,64,,False,False,Request timeout: 300.0s exceeded,502,21.16838264042747
443,2026-09-14T02:29:10.688+00:00,2026-09-14T02:34:04.388+00:00,2026-09-14T02:34:10.763+00:00,False,97,96.0,,96.0,293700.345156,300074.572612,300074.572456,3093.5522933608245,0.0,293700.345156,29814.086791883685,90.87199999999999,66.39820266666666,67.9348306130842,0.31992047564832876,6,64,,False,False,Request timeout: 300.0s exceeded,398,21.16838264042747
444,2026-09-14T02:29:12.962+00:00,2026-09-14T02:34:07.008+00:00,2026-09-14T02:34:13.039+00:00,False,82,81.0,,81.0,294045.36460100004,300076.447097,300076.44709400006,3659.4688670000005,0.02134,294045.36460100004,32463.66158629471,90.63837855000001,74.4578085925926,19.404303925231012,0.26993121514070934,6,64,,False,False,Request timeout: 300.0s exceeded,410,21.16838264042747
445,2026-09-14T02:29:16.285+00:00,2026-09-14T02:34:09.978+00:00,2026-09-14T02:34:16.349+00:00,False,90,89.0,,89.0,293693.285846,300064.727254,300064.727021,3334.052522455556,0.023489999999999997,293693.285846,30950.45093095778,91.0921669,71.58922930337079,20.23282511784484,0.2966026724116191,6,64,,False,False,Request timeout: 300.0s exceeded,432,21.16838264042747
446,2026-09-14T02:29:18.869+00:00,2026-09-14T02:34:12.868+00:00,2026-09-14T02:34:18.947+00:00,False,89,88.0,,88.0,293999.14697299997,300078.445021,300078.44491499994,3371.667920393258,0.05088,293999.14697299997,31156.53081568501,88.28052199999998,69.08293236363636,19.990483676704695,0.2932566515860265,6,64,,False,False,Request timeout: 300.0s exceeded,462,21.16838264042747
447,2026-09-14T02:29:22.455+00:00,2026-09-14T02:34:16.091+00:00,2026-09-14T02:34:22.491+00:00,False,96,95.0,,95.0,293635.512193,300035.622017,300035.622118,3125.3710637291665,0.03728,293635.512193,29962.17974446199,88.3712365,67.36957709473684,20.076083612180796,0.31662907011293917,6,64,,False,False,Request timeout: 300.0s exceeded,436,21.16838264042747
448,2026-09-14T02:29:26.264+00:00,2026-09-14T02:34:19.927+00:00,2026-09-14T02:34:26.353+00:00,False,94,93.0,,93.0,293663.737847,300089.71211900003,300089.712237,3192.4437472021277,0.05044,293663.737847,30281.9815760511,89.94786464999999,69.09649754838709,19.931094630177697,0.3099073251905451,6,64,,False,False,Request timeout: 300.0s exceeded,419,21.16838264042747
449,2026-09-14T02:29:29.488+00:00,2026-09-14T02:34:23.211+00:00,2026-09-14T02:34:29.500+00:00,False,91,90.0,,90.0,293723.52729299996,300012.65087699995,300012.650912,3296.8423177142854,0.03641,293723.52729299996,30783.273080120896,88.9700375,69.87915093333334,19.993420144507013,0.29998734965645985,6,64,,False,False,Request timeout: 300.0s exceeded,434,21.16838264042747
450,2026-09-14T02:29:33.475+00:00,2026-09-14T02:34:26.958+00:00,2026-09-14T02:34:33.516+00:00,False,97,96.0,,96.0,293482.952814,300041.18667,300041.186517,3093.2081084226807,0.09021,293482.952814,29791.74925152485,87.5662702,68.314936,19.80588596027965,0.3199560735826095,6,64,,False,False,Request timeout: 300.0s exceeded,372,21.16838264042747
451,2026-09-14T02:29:36.476+00:00,2026-09-14T02:34:30.180+00:00,2026-09-14T02:34:36.522+00:00,False,94,93.0,,93.0,293704.068961,300045.906529,300045.906569,3191.977729457447,0.035619,293704.068961,30286.234902284927,88.22312335000001,68.19180180645162,20.20271858145189,0.30995257051111064,6,64,,False,False,Request timeout: 300.0s exceeded,394,21.16838264042747
452,2026-09-14T02:29:40.239+00:00,2026-09-14T02:34:34.406+00:00,2026-09-14T02:34:40.305+00:00,False,83,82.0,,82.0,294166.97399800003,300065.95563000004,300065.95582100004,3615.252479771085,0.03661,294166.97399800003,32281.129424951563,89.053876,71.9388003902439,18.994464518672878,0.2732732536346479,6,64,,False,False,Request timeout: 300.0s exceeded,369,21.16838264042747
453,2026-09-14T02:29:43.177+00:00,2026-09-14T02:34:36.693+00:00,2026-09-14T02:34:43.193+00:00,False,95,94.0,,94.0,293515.849145,300016.403129,300016.40308799996,3158.0674009263157,0.03556,293515.849145,30107.001586226346,87.2945887,69.15482961702128,19.109898148428126,0.3133162021130632,6,64,,False,False,Request timeout: 300.0s exceeded,311,21.16838264042747
454,2026-09-14T02:29:46.698+00:00,2026-09-14T02:34:40.009+00:00,2026-09-14T02:34:46.749+00:00,False,101,100.0,,100.0,293310.412761,300050.81365699996,300050.813789,2970.8001365247524,0.03533,293310.412761,29178.776589223366,88.64968300000001,67.40400896,19.78643225004368,0.3332768832758907,6,64,,False,False,Request timeout: 300.0s exceeded,435,21.16838264042747
455,2026-09-14T02:29:49.726+00:00,2026-09-14T02:34:43.785+00:00,2026-09-14T02:34:49.765+00:00,False,93,92.0,,92.0,294058.642255,300038.341711,300038.34160700004,3226.2187269569895,0.019559999999999998,294058.642255,30485.727179789093,87.4248676,64.99673321739131,19.680250805487503,0.30662747792618894,6,64,,False,False,Request timeout: 300.0s exceeded,426,21.16838264042747
456,2026-09-14T02:29:53.569+00:00,2026-09-14T02:34:47.261+00:00,2026-09-14T02:34:53.606+00:00,False,98,97.0,,97.0,293692.00899299997,300037.13462499995,300037.13450399996,3061.603413306122,0.0202,293692.00899299997,29660.771941236522,88.09774685000001,65.41366630927836,20.038862485168764,0.32329331541322376,6,64,,True,False,Request timeout: 300.0s exceeded,472,21.16838264042747
457,2026-09-14T02:29:55.951+00:00,2026-09-14T02:34:49.425+00:00,2026-09-14T02:34:56.039+00:00,False,99,98.0,,98.0,293473.692115,300088.341203,300088.341178,3031.1953654343433,0.02009,293473.692115,29488.43896704067,88.20096880000001,67.49641926530612,20.094137399286065,0.32657050123019005,6,64,,True,False,Request timeout: 300.0s exceeded,498,21.16838264042747
458,2026-09-14T02:29:58.253+00:00,2026-09-14T02:34:52.140+00:00,2026-09-14T02:34:58.302+00:00,False,92,91.0,,91.0,293887.899213,300049.852749,300049.852642,3261.41144176087,0.023719999999999998,293887.899213,30632.87844121497,87.5471135,67.71377512087912,20.125896395490074,0.30328293503987824,6,64,,True,False,Request timeout: 300.0s exceeded,490,21.16838264042747
459,2026-09-14T02:30:02.069+00:00,2026-09-14T02:34:55.327+00:00,2026-09-14T02:35:02.113+00:00,False,106,105.0,,105.0,293258.134437,300044.380325,300044.38039799995,2830.6073622452827,0.0357,293258.134437,28477.477478929275,88.06874899999998,64.63091321904763,20.045972152139456,0.34994823061264085,6,64,,True,False,Request timeout: 300.0s exceeded,432,21.16838264042747
460,2026-09-14T02:30:05.165+00:00,2026-09-14T02:34:58.985+00:00,2026-09-14T02:35:05.236+00:00,False,95,94.0,,94.0,293820.739642,300071.962426,300071.962322,3158.652234968421,0.03681,293820.739642,30138.555538844248,88.144883,66.5023700425532,20.220952907263246,0.31325819060213306,6,64,,True,False,Request timeout: 300.0s exceeded,458,21.16838264042747
461,2026-09-14T02:30:07.996+00:00,2026-09-14T02:35:01.810+00:00,2026-09-14T02:35:08.020+00:00,False,92,91.0,,91.0,293814.264199,300024.34931900003,300024.34930500004,3261.134231576087,0.038049,293814.264199,30625.1464931576,89.5241461,68.24269362637364,20.39315852715071,0.30330871546443894,6,64,,True,False,Request timeout: 300.0s exceeded,320,21.16838264042747
462,2026-09-14T02:30:10.471+00:00,2026-09-14T02:35:04.123+00:00,2026-09-14T02:35:10.516+00:00,False,95,94.0,,94.0,293652.065363,300044.57531499997,300044.57521599997,3158.363949642105,0.040170000000000004,293652.065363,30121.09568161738,89.24117170000001,68.0054250212766,20.16813745246135,0.3132867838097545,6,64,,True,False,Request timeout: 300.0s exceeded,454,21.16838264042747
463,2026-09-14T02:30:14.668+00:00,2026-09-14T02:35:08.144+00:00,2026-09-14T02:35:14.695+00:00,False,100,99.0,,99.0,293476.616829,300026.705789,300026.705968,3000.26705968,0.02171,293476.616829,29341.052530967412,89.873552,66.16251474747475,20.51531264058974,0.32997062624693085,6,64,,True,False,Request timeout: 300.0s exceeded,464,21.16838264042747
464,2026-09-14T02:30:18.677+00:00,2026-09-14T02:35:11.930+00:00,2026-09-14T02:35:18.761+00:00,False,100,99.0,,99.0,293252.996064,300084.235232,300084.235371,3000.84235371,0.02534,293252.996064,29318.40661394325,89.29706585,69.00241583838384,20.722237416438816,0.3299073672546026,6,64,,True,False,Request timeout: 300.0s exceeded,468,21.16838264042747
465,2026-09-14T02:30:22.550+00:00,2026-09-14T02:35:16.209+00:00,2026-09-14T02:35:22.559+00:00,False,91,90.0,,90.0,293659.62574,300009.715468,300009.715522,3296.8100606813186,0.019170000000000003,293659.62574,30776.503054386227,88.71090800000002,70.55655253333333,19.499733258952347,0.2999902848466242,6,64,,True,False,Request timeout: 300.0s exceeded,339,21.16838264042747
466,2026-09-14T02:30:26.035+00:00,2026-09-14T02:35:20.230+00:00,2026-09-14T02:35:26.054+00:00,False,82,81.0,,81.0,294195.564343,300019.761719,300019.761836,3658.777583365854,0.01808,294195.564343,32480.531917586093,89.54127055000001,71.90367130864198,21.784307497611437,0.2699822156243994,6,64,,True,False,Request timeout: 300.0s exceeded,188,21.16838264042747
467,2026-09-14T02:30:30.133+00:00,2026-09-14T02:35:23.843+00:00,2026-09-14T02:35:30.193+00:00,False,94,93.0,,93.0,293710.489461,300060.683381,300060.68329400005,3192.1349286595746,0.02798,293710.489461,30286.88922170765,89.06319115000001,68.28165505376343,22.172361101082643,0.3099373065211409,6,64,,True,False,Request timeout: 300.0s exceeded,235,21.16838264042747
468,2026-09-14T02:30:33.012+00:00,2026-09-14T02:35:26.842+00:00,2026-09-14T02:35:33.071+00:00,False,92,91.0,,91.0,293830.046133,300058.748341,300058.74842099997,3261.5081350108694,0.03646,293830.046133,30626.770231012324,89.7960015,68.44727701098901,19.912578627000826,0.30327394386309836,6,64,,True,False,Request timeout: 300.0s exceeded,351,21.16838264042747
469,2026-09-14T02:30:36.802+00:00,2026-09-14T02:35:30.528+00:00,2026-09-14T02:35:36.851+00:00,False,93,92.0,,92.0,293725.63469700003,300048.912009,300048.91199600004,3226.332387053764,0.02091,293725.63469700003,30450.808466351024,86.284542,68.73127513043478,19.378465733049286,0.30661667587463354,6,64,,True,False,Request timeout: 300.0s exceeded,441,21.16838264042747
470,2026-09-14T02:30:40.964+00:00,2026-09-14T02:35:34.370+00:00,2026-09-14T02:35:41.048+00:00,False,100,99.0,,99.0,293406.355435,300084.13975499995,300084.139806,3000.84139806,0.0356,293406.355435,29333.89726653507,89.05259480000001,67.45236686868687,20.3096153348762,0.3299074722203824,6,64,,True,False,Request timeout: 300.0s exceeded,615,21.16838264042747
471,2026-09-14T02:30:44.898+00:00,2026-09-14T02:35:38.511+00:00,2026-09-14T02:35:44.965+00:00,False,95,94.0,,94.0,293612.045666,300066.85782599996,300066.857776,3158.598502905263,0.024460000000000003,293612.045666,30116.92167195399,88.87145430000001,68.66821446808511,20.05385761933636,0.31326351960704657,6,64,,True,False,Request timeout: 300.0s exceeded,449,21.16838264042747
472,2026-09-14T02:30:48.159+00:00,2026-09-14T02:35:41.874+00:00,2026-09-14T02:35:48.241+00:00,False,94,93.0,,93.0,293714.95689200005,300082.43388400006,300082.43374700006,3192.3663164574473,0.0237,293714.95689200005,30287.33006830962,90.12585529999998,68.46749453763441,21.088430898369737,0.30991484171962597,6,64,,True,False,Request timeout: 300.0s exceeded,582,21.16838264042747
473,2026-09-14T02:30:50.457+00:00,2026-09-14T02:35:44.089+00:00,2026-09-14T02:35:50.482+00:00,False,95,94.0,,94.0,293632.641418,300025.533834,300025.533751,3158.163513168421,0.037759999999999995,293632.641418,30119.102922278635,89.4486754,68.00949378723404,20.927292192255745,0.3133066669319182,6,64,,True,False,Request timeout: 300.0s exceeded,430,21.16838264042747
474,2026-09-14T02:30:53.953+00:00,2026-09-14T02:35:47.486+00:00,2026-09-14T02:35:54.000+00:00,False,97,96.0,,96.0,293532.34705299995,300046.398893,300046.39894999994,3093.2618448453604,0.02047,293532.34705299995,29796.811026261446,88.25195579999999,67.85470666666667,19.53299697063281,0.3199505155008866,6,64,,True,False,Request timeout: 300.0s exceeded,470,21.16838264042747
475,2026-09-14T02:30:56.895+00:00,2026-09-14T02:35:50.858+00:00,2026-09-14T02:35:56.908+00:00,False,88,87.0,,87.0,293963.15488700004,300013.26893500006,300013.26874400006,3409.2416902727277,0.02072,293963.15488700004,31329.17005257147,87.14667485000001,69.54154078160919,18.8463784994101,0.2899871739301276,6,64,,True,False,Request timeout: 300.0s exceeded,408,21.16838264042747
476,2026-09-14T02:31:00.480+00:00,2026-09-14T02:35:54.580+00:00,2026-09-14T02:36:00.564+00:00,False,89,88.0,,88.0,294100.017123,300083.599843,300083.59985,3371.725841011236,0.033600000000000005,294100.017123,31167.338171939962,89.2061858,67.99525818181819,19.753894641746076,0.2932516140370234,6,64,,True,False,Request timeout: 300.0s exceeded,411,21.16838264042747
477,2026-09-14T02:31:04.671+00:00,2026-09-14T02:35:58.253+00:00,2026-09-14T02:36:04.696+00:00,False,95,94.0,,94.0,293582.484301,300025.902925,300025.902939,3158.1673993578947,0.022539999999999998,293582.484301,30113.901566966055,89.6229967,68.54700663829787,20.638534551873633,0.31330628150296064,6,64,,True,False,Request timeout: 300.0s exceeded,323,21.16838264042747
478,2026-09-14T02:31:07.431+00:00,2026-09-14T02:36:01.334+00:00,2026-09-14T02:36:07.443+00:00,False,88,87.0,,87.0,293903.411029,300012.052565,300012.052641,3409.2278709204547,0.0205,293903.411029,31322.730563063105,90.0514142,70.21427052873564,20.364903106406963,0.28998834965522174,6,64,,True,False,Request timeout: 300.0s exceeded,215,21.16838264042747
479,2026-09-14T02:31:10.317+00:00,2026-09-14T02:36:04.356+00:00,2026-09-14T02:36:10.398+00:00,False,86,85.0,,85.0,294038.525207,300081.22523900005,300081.22530800005,3489.3165733488377,0.03637,294038.525207,31699.329716532407,89.44308849999999,71.0905886117647,19.636082059526093,0.28325664137202067,6,64,,True,False,Request timeout: 300.0s exceeded,376,21.16838264042747
480,2026-09-14T02:31:13.863+00:00,2026-09-14T02:36:07.356+00:00,2026-09-14T02:36:13.902+00:00,False,96,95.0,,95.0,293493.68939099996,300039.365679,300039.36571,3125.410059479166,0.03814,293493.68939099996,29947.548058742457,86.792362,68.90185566315789,19.19376984106277,0.3166251194572804,6,64,,True,False,Request timeout: 300.0s exceeded,421,21.16838264042747
481,2026-09-14T02:31:16.334+00:00,2026-09-14T02:36:10.189+00:00,2026-09-14T02:36:16.354+00:00,False,90,89.0,,89.0,293854.689922,300020.296578,300020.296583,3333.558850922222,0.0225,293854.689922,30967.70753533536,86.54482200000001,69.27647928089887,19.18331767037189,0.29664659696402096,6,64,,True,False,Request timeout: 300.0s exceeded,443,21.16838264042747
482,2026-09-14T02:31:19.417+00:00,2026-09-14T02:36:13.412+00:00,2026-09-14T02:36:19.460+00:00,False,88,87.0,,87.0,293995.090748,300043.1399,300043.14004800003,3409.581136909091,0.02123,293995.090748,31332.57724246031,87.8934469,69.51780634482759,19.322361839726078,0.2899583040925242,6,64,,True,False,Request timeout: 300.0s exceeded,434,21.16838264042747
483,2026-09-14T02:31:23.053+00:00,2026-09-14T02:36:16.854+00:00,2026-09-14T02:36:23.135+00:00,False,95,94.0,,94.0,293800.92130299995,300081.43381499994,300081.43379199994,3158.751934652631,0.02134,293800.92130299995,30136.490215812482,87.70255870000001,66.81396289361702,20.166714786450772,0.3132483033187283,6,64,,True,False,Request timeout: 300.0s exceeded,444,21.16838264042747
484,2026-09-14T02:31:26.504+00:00,2026-09-14T02:36:20.079+00:00,2026-09-14T02:36:26.534+00:00,False,98,97.0,,97.0,293574.80054400006,300029.87843200006,300029.87857400003,3061.5293732040823,0.0902,293574.80054400006,29648.81799150469,89.339484,66.54719472164949,20.617731952154028,0.3233011342301512,6,64,,True,False,Request timeout: 300.0s exceeded,423,21.16838264042747
485,2026-09-14T02:31:29.208+00:00,2026-09-14T02:36:23.216+00:00,2026-09-14T02:36:29.286+00:00,False,87,86.0,,86.0,294008.276282,300078.220346,300078.220496,3449.174948229885,0.045829999999999996,294008.276282,31513.43510107517,88.7568106,70.58074493023256,20.069852532363186,0.28659194226371776,6,64,,True,False,Request timeout: 300.0s exceeded,359,21.16838264042747
486,2026-09-14T02:31:32.488+00:00,2026-09-14T02:36:26.357+00:00,2026-09-14T02:36:32.504+00:00,False,86,85.0,,85.0,293869.94306699996,300016.33641099994,300016.33628099994,3488.562049779069,0.02327,293869.94306699996,31681.018809817633,87.65889999999999,72.31050992941177,18.486941731814305,0.28331790534084905,6,64,,True,False,Request timeout: 300.0s exceeded,396,21.16838264042747
487,2026-09-14T02:31:34.870+00:00,2026-09-14T02:36:28.695+00:00,2026-09-14T02:36:34.891+00:00,False,89,88.0,,88.0,293825.589264,300021.26824,300021.26824400004,3371.0254858876406,0.0272,293825.589264,31137.99305091504,88.48702180000001,70.40544290909091,19.182946193848288,0.29331253919507133,6,64,,True,False,Request timeout: 300.0s exceeded,338,21.16838264042747
488,2026-09-14T02:31:38.104+00:00,2026-09-14T02:36:31.449+00:00,2026-09-14T02:36:38.191+00:00,False,98,97.0,,97.0,293345.179172,300087.59786,300087.59762899997,3062.118343153061,0.053630000000000004,293345.179172,29625.323357268746,88.59791805,69.50947101030928,20.407833827904394,0.32323894986574375,6,64,,True,False,Request timeout: 300.0s exceeded,439,21.16838264042747
489,2026-09-14T02:31:40.864+00:00,2026-09-14T02:36:34.460+00:00,2026-09-14T02:36:40.923+00:00,False,94,93.0,,93.0,293596.73835500004,300059.65086700005,300059.65106000006,3192.123947446809,0.02131,293596.73835500004,30275.030814848058,89.96853229999999,69.49368292473117,20.940289520905758,0.30993837302444166,6,64,,True,False,Request timeout: 300.0s exceeded,419,21.16838264042747
490,2026-09-14T02:31:44.733+00:00,2026-09-14T02:36:38.440+00:00,2026-09-14T02:36:44.752+00:00,False,93,92.0,,92.0,293707.475965,300019.519485,300019.519248,3226.0163359999997,0.026269999999999998,293707.475965,30448.939111983265,91.0828484,68.60916869565217,20.84179229672599,0.3066467147135062,6,64,,True,False,Request timeout: 300.0s exceeded,390,21.16838264042747
491,2026-09-14T02:31:47.912+00:00,2026-09-14T02:36:41.923+00:00,2026-09-14T02:36:47.950+00:00,False,87,86.0,,86.0,294011.09136799996,300038.11652,300038.11649199994,3448.713982666666,0.023039999999999998,294011.09136799996,31513.79099267359,90.21482699999999,70.0816878139535,20.96803090748927,0.2866302488412915,6,64,,True,False,Request timeout: 300.0s exceeded,379,21.16838264042747
492,2026-09-14T02:31:50.711+00:00,2026-09-14T02:36:44.752+00:00,2026-09-14T02:36:50.741+00:00,False,89,88.0,,88.0,294041.561157,300030.84576500003,300030.84587200003,3371.1330996853935,0.03632,294041.561157,31161.13574411091,91.309545,68.06005236363636,20.930296470769512,0.2933031761305177,6,64,,True,False,Request timeout: 300.0s exceeded,331,21.16838264042747
493,2026-09-14T02:31:53.539+00:00,2026-09-14T02:36:47.521+00:00,2026-09-14T02:36:53.580+00:00,False,90,89.0,,89.0,293982.065726,300041.040702,300041.040862,3333.789342911111,0.04481,293982.065726,30981.26051303813,86.55592644999999,68.07837051685392,19.34605204437489,0.29662608752378833,6,64,,True,False,Request timeout: 300.0s exceeded,411,21.16838264042747
494,2026-09-14T02:31:57.433+00:00,2026-09-14T02:36:51.296+00:00,2026-09-14T02:36:57.512+00:00,False,89,88.0,,88.0,293862.391933,300078.533501,300078.533638,3371.6689172808988,0.02182,293862.391933,31141.869538299696,87.3512514,70.63797236363637,19.28322190744981,0.29325656511750026,6,64,,True,False,Request timeout: 300.0s exceeded,336,21.16838264042747
495,2026-09-14T02:32:00.303+00:00,2026-09-14T02:36:54.092+00:00,2026-09-14T02:37:00.339+00:00,False,88,87.0,,87.0,293788.173873,300035.113009,300035.11300300003,3409.4899204886365,0.0207,293788.173873,31310.27603387904,89.06379885,71.80389811494254,19.154803101900452,0.28996606139692155,6,64,,True,False,Request timeout: 300.0s exceeded,392,21.16838264042747
496,2026-09-14T02:32:02.751+00:00,2026-09-14T02:36:56.211+00:00,2026-09-14T02:37:02.774+00:00,False,93,92.0,,92.0,293459.31844,300022.842536,300022.842511,3226.0520700107527,0.02547,293459.31844,30422.922333404287,89.72768479999999,71.3426532173913,19.938807082556625,0.3066433182965422,6,64,,True,False,Request timeout: 300.0s exceeded,379,21.16838264042747
497,2026-09-14T02:32:05.641+00:00,2026-09-14T02:36:58.679+00:00,2026-09-14T02:37:05.725+00:00,False,109,108.0,,108.0,293037.749723,300083.461851,300083.462077,2753.0592851100914,0.02095,293037.749723,28061.684356150374,89.2130416,65.23807525925926,20.063404024678242,0.35989987363457265,6,64,,True,False,Request timeout: 300.0s exceeded,506,21.16838264042747
498,2026-09-14T02:32:07.980+00:00,2026-09-14T02:37:01.755+00:00,2026-09-14T02:37:08.021+00:00,False,102,101.0,,101.0,293774.956559,300040.464399,300040.464378,2941.573180176471,0.0,293774.956559,29081.926757363563,89.4350641,62.03473108910892,28.6458753649719,0.33662126274304166,6,64,,True,False,Request timeout: 300.0s exceeded,543,21.16838264042747
499,2026-09-14T02:32:11.492+00:00,2026-09-14T02:37:06.939+00:00,2026-09-14T02:37:11.541+00:00,False,69,68.0,,68.0,295446.105037,300048.53780499997,300048.53782499995,4348.5295336956515,0.0,295446.105037,35559.39711382762,88.3480098,67.6828348235294,31.531024370871418,0.22662999959090904,6,64,,True,False,Request timeout: 300.0s exceeded,283,21.16838264042747
500,2026-09-14T02:32:15.312+00:00,2026-09-14T02:37:08.875+00:00,2026-09-14T02:37:15.331+00:00,False,96,95.0,,95.0,293562.80137400003,300018.988766,300018.98875,3125.197799479167,0.02197,293562.80137400003,29954.698352415515,89.00003199999999,67.95986728421053,19.878045169716895,0.3166466242378255,6,64,,True,False,Request timeout: 300.0s exceeded,486,21.16838264042747
501,2026-09-14T02:32:19.208+00:00,2026-09-14T02:37:13.168+00:00,2026-09-14T02:37:19.235+00:00,False,96,95.0,,95.0,293959.947109,300026.524773,300026.524858,3125.276300604167,0.036270000000000004,293959.947109,29995.651041001394,90.24577075,63.858712252631584,20.785124065937165,0.3166386707704493,6,64,,True,False,Request timeout: 300.0s exceeded,374,21.16838264042747
502,2026-09-14T02:32:21.506+00:00,2026-09-14T02:37:15.156+00:00,2026-09-14T02:37:21.592+00:00,False,100,99.0,,99.0,293649.533876,300085.54462799995,300085.544467,3000.8554446699995,0.02361,293649.533876,29358.459293797896,87.63318089999999,65.01020961616162,20.27021808057952,0.3299059277337901,6,64,,True,False,Request timeout: 300.0s exceeded,449,21.16838264042747
503,2026-09-14T02:32:24.681+00:00,2026-09-14T02:37:18.497+00:00,2026-09-14T02:37:24.719+00:00,False,94,93.0,,93.0,293816.178158,300038.41099,300038.410879,3191.8979880744682,0.03698,293816.178158,30297.930378908637,88.18074295000001,66.90572937634408,19.664960991737548,0.30996031372496374,6,64,,True,False,Request timeout: 300.0s exceeded,328,21.16838264042747
504,2026-09-14T02:32:27.319+00:00,2026-09-14T02:37:21.344+00:00,2026-09-14T02:37:27.344+00:00,False,91,90.0,,90.0,294025.15325,300025.286882,300025.286819,3296.9811738351646,0.02423,294025.15325,30815.228604725533,86.6556075,66.66815146666667,19.892226103598333,0.2999747152492417,6,64,,True,False,Request timeout: 300.0s exceeded,307,21.16838264042747
505,2026-09-14T02:32:30.079+00:00,2026-09-14T02:37:23.965+00:00,2026-09-14T02:37:30.149+00:00,False,89,88.0,,88.0,293885.026877,300069.602365,300069.602259,3371.5685647078653,0.03607,293885.026877,31144.30698778927,87.99564600000002,70.27926690909091,19.49070086767451,0.29326529347333946,6,64,,True,False,Request timeout: 300.0s exceeded,341,21.16838264042747
506,2026-09-14T02:32:33.139+00:00,2026-09-14T02:37:26.868+00:00,2026-09-14T02:37:33.194+00:00,False,91,90.0,,90.0,293729.05734899995,300054.8762289999,300054.87639199995,3297.3063339780215,0.03748,293729.05734899995,30783.809532159557,87.62218000000001,70.28687644444445,19.17669777603643,0.2999451338071659,6,64,,True,False,Request timeout: 300.0s exceeded,447,21.16838264042747
507,2026-09-14T02:32:36.793+00:00,2026-09-14T02:37:30.711+00:00,2026-09-14T02:37:36.822+00:00,False,90,89.0,,89.0,293917.917521,300028.970577,300028.97048,3333.655227555556,0.0232,293917.917521,30974.436626641836,86.60079539999998,68.66351748314607,18.697855653410823,0.29663802075126233,6,64,,True,False,Request timeout: 300.0s exceeded,404,21.16838264042747
508,2026-09-14T02:32:40.137+00:00,2026-09-14T02:37:33.945+00:00,2026-09-14T02:37:40.179+00:00,False,95,94.0,,94.0,293807.67240499996,300042.13896499993,300042.13897399994,3158.3383049894733,0.022969999999999997,293807.67240499996,30137.233204701883,88.56176769999998,66.32411234042553,20.291739501301056,0.3132893277066164,6,64,,True,False,Request timeout: 300.0s exceeded,443,21.16838264042747
509,2026-09-14T02:32:42.471+00:00,2026-09-14T02:37:36.358+00:00,2026-09-14T02:37:42.496+00:00,False,91,90.0,,90.0,293887.72500700003,300025.669071,300025.669047,3296.9853741428574,0.027059999999999997,293887.72500700003,30800.66185754936,89.28155299999999,68.19937848888888,20.141803340031156,0.29997433312514943,6,64,,True,False,Request timeout: 300.0s exceeded,438,21.16838264042747
510,2026-09-14T02:32:44.911+00:00,2026-09-14T02:37:38.962+00:00,2026-09-14T02:37:44.949+00:00,False,87,86.0,,86.0,294050.408308,300037.251956,300037.25203100004,3448.7040463333333,0.03698,294050.408308,31518.054959032055,87.63749630000001,69.61446102325581,18.815069855262248,0.2866310747727145,6,64,,True,False,Request timeout: 300.0s exceeded,440,21.16838264042747
511,2026-09-14T02:32:48.336+00:00,2026-09-14T02:37:41.906+00:00,2026-09-14T02:37:48.385+00:00,False,94,93.0,,93.0,293570.449048,300049.332632,300049.33258299995,3192.0141764148934,0.02434,293570.449048,30272.300198737263,87.6281988,69.66541488172042,18.83332373597623,0.3099490313283291,6,64,,True,False,Request timeout: 300.0s exceeded,298,21.16838264042747
512,2026-09-14T02:32:51.077+00:00,2026-09-14T02:37:45.107+00:00,2026-09-14T02:37:51.149+00:00,False,90,89.0,,89.0,294030.48867500003,300072.415075,300072.415202,3334.1379466888893,0.0384,294030.48867500003,30986.385166714565,88.13592005000001,67.88681348314607,19.724225633723663,0.2965950734850298,6,64,,True,False,Request timeout: 300.0s exceeded,434,21.16838264042747
513,2026-09-14T02:32:54.167+00:00,2026-09-14T02:37:47.872+00:00,2026-09-14T02:37:54.174+00:00,False,94,93.0,,93.0,293705.01831,300006.52743,300006.52746,3191.558802765958,0.03668,293705.01831,30286.377585682978,88.02226285,67.75816258064516,20.261851012032967,0.30999325513575543,6,64,,True,False,Request timeout: 300.0s exceeded,476,21.16838264042747
514,2026-09-14T02:32:57.031+00:00,2026-09-14T02:37:50.287+00:00,2026-09-14T02:37:57.066+00:00,False,98,97.0,,97.0,293256.786444,300035.44449200004,300035.444337,3061.5861667040817,0.03456,293256.786444,29616.356438903662,90.64911750000002,69.88307265979381,20.16144068750325,0.32329513656039516,6,64,,True,False,Request timeout: 300.0s exceeded,368,21.16838264042747
515,2026-09-14T02:33:00.528+00:00,2026-09-14T02:37:54.335+00:00,2026-09-14T02:38:00.599+00:00,False,87,86.0,,86.0,293807.328731,300071.45724300004,300071.45731,3449.0972104597704,0.041659999999999996,293807.328731,31491.648897785457,90.46658230000001,72.83870362790698,19.603497624282117,0.28659840156125405,6,64,,True,False,Request timeout: 300.0s exceeded,299,21.16838264042747
516,2026-09-14T02:33:04.394+00:00,2026-09-14T02:37:58.106+00:00,2026-09-14T02:38:04.414+00:00,False,90,89.0,,89.0,293711.58321899996,300019.55685099994,300019.55683599995,3333.5506315111106,0.018949999999999998,293711.58321899996,30952.454806618174,90.6298144,70.8761082247191,20.224036127421993,0.2966473283746648,6,64,,True,False,Request timeout: 300.0s exceeded,394,21.16838264042747
517,2026-09-14T02:33:06.765+00:00,2026-09-14T02:38:00.519+00:00,2026-09-14T02:38:06.784+00:00,False,93,92.0,,92.0,293754.59834799997,300019.784908,300019.78487499995,3226.019192204301,0.02088,293754.59834799997,30453.877975515883,88.9051448,68.09985391304349,20.375572322725546,0.3066464434277609,6,64,,True,False,Request timeout: 300.0s exceeded,352,21.16838264042747
518,2026-09-14T02:33:10.522+00:00,2026-09-14T02:38:04.111+00:00,2026-09-14T02:38:12.777+00:00,False,85,84.0,,84.0,293589.481004,302255.573804,302255.573873,3555.947927917647,0.02398,293589.481004,31834.690167661498,90.26207679999999,103.16777142857143,324.0835478341764,0.27791050779586435,6,64,,True,False,Request timeout: 300.0s exceeded,259,21.16838264042747
519,2026-09-14T02:33:12.946+00:00,2026-09-14T02:38:06.475+00:00,2026-09-14T02:38:12.966+00:00,False,106,105.0,,105.0,293528.59127100004,300020.094631,300020.09479000006,2830.3782527358494,0.01791,293528.59127100004,28505.55068426652,88.80027700000001,61.82384152380952,297.57365160953566,0.3499765578340389,6,64,,True,False,Request timeout: 300.0s exceeded,544,21.16838264042747
520,2026-09-14T02:33:16.742+00:00,2026-09-14T02:38:12.737+00:00,2026-09-14T02:38:16.762+00:00,False,89,88.0,,88.0,295994.930694,300019.931398,300019.931209,3371.010463022472,0.016190000000000003,295994.930694,31370.57260133974,89.469961,45.73864436363637,36.49314095148705,0.29331384614997824,6,64,,True,False,Request timeout: 300.0s exceeded,435,21.16838264042747
521,2026-09-14T02:33:19.792+00:00,2026-09-14T02:38:14.043+00:00,2026-09-14T02:38:19.816+00:00,False,89,88.0,,88.0,294250.19152399997,300023.34352399997,300023.34343999997,3371.0488026966286,0.02454,294250.19152399997,31183.510311470138,86.20076999999999,65.604,20.09441263015104,0.2933105103302089,6,64,,True,False,Request timeout: 300.0s exceeded,288,21.16838264042747
522,2026-09-14T02:33:23.398+00:00,2026-09-14T02:38:16.926+00:00,2026-09-14T02:38:23.483+00:00,False,97,96.0,,96.0,293527.94043699995,300085.0926929999,300085.09275799996,3093.660750082474,0.02605,293527.94043699995,29796.318035911874,88.02738380000001,68.30366933333333,19.562077189554316,0.319909260198447,6,64,,True,False,Request timeout: 300.0s exceeded,361,21.16838264042747
523,2026-09-14T02:33:26.117+00:00,2026-09-14T02:38:19.815+00:00,2026-09-14T02:38:26.170+00:00,False,96,95.0,,95.0,293698.51496600005,300052.841238,300052.841085,3125.5504279687507,0.023530000000000002,293698.51496600005,29968.65913036748,89.12670924999999,66.88764496842104,20.0858790432228,0.316610899626998,6,64,,True,False,Request timeout: 300.0s exceeded,337,21.16838264042747
524,2026-09-14T02:33:28.401+00:00,2026-09-14T02:38:22.398+00:00,2026-09-14T02:38:28.408+00:00,False,93,92.0,,92.0,293996.833644,300007.097964,300007.09784,3225.882772473118,0.03637,293996.833644,30479.28369513156,88.24009760000001,65.32896,20.019719494921716,0.3066594111417982,6,64,,True,False,Request timeout: 300.0s exceeded,446,21.16838264042747
525,2026-09-14T02:33:32.605+00:00,2026-09-14T02:38:26.296+00:00,2026-09-14T02:38:32.653+00:00,False,98,97.0,,97.0,293690.932468,300048.680948,300048.68098899996,3061.7212345816324,0.02354,293690.932468,29660.65017458261,88.1334712,65.5437987628866,20.22391180004605,0.32328087460184707,6,64,,True,False,Request timeout: 300.0s exceeded,437,21.16838264042747
526,2026-09-14T02:33:35.382+00:00,2026-09-14T02:38:29.128+00:00,2026-09-14T02:38:35.434+00:00,False,94,93.0,,93.0,293746.16501999996,300052.51970799995,300052.51967899996,3192.0480816914887,0.020390000000000002,293746.16501999996,30290.616529539635,89.23159635,67.81026546236559,20.79823050646547,0.30994573913428275,6,64,,True,False,Request timeout: 300.0s exceeded,471,21.16838264042747
527,2026-09-14T02:33:39.382+00:00,2026-09-14T02:38:33.729+00:00,2026-09-14T02:38:39.431+00:00,False,82,81.0,,81.0,294347.101,300049.223752,300049.22378500004,3659.1368754268296,0.03691,294347.101,32497.43164115398,88.20671300000002,70.39657718518518,20.008476765646588,0.26995570589094076,6,64,,True,False,Request timeout: 300.0s exceeded,387,21.16838264042747
528,2026-09-14T02:33:42.113+00:00,2026-09-14T02:38:35.558+00:00,2026-09-14T02:38:42.119+00:00,False,96,95.0,,95.0,293445.39755299996,300006.20344099996,300006.203244,3125.0646171249996,0.022699999999999998,293445.39755299996,29942.603396991984,88.43152325,69.0611146105263,19.747621151789435,0.3166601187254548,6,64,,True,False,Request timeout: 300.0s exceeded,422,21.16838264042747
529,2026-09-14T02:33:45.019+00:00,2026-09-14T02:38:38.824+00:00,2026-09-14T02:38:45.081+00:00,False,96,95.0,,95.0,293804.33100400004,300061.90156400006,300061.901437,3125.644806635417,0.03582,293804.33100400004,29979.563221516513,87.5375995,65.86916378947369,20.594047584943816,0.31660133960637954,6,64,,True,False,Request timeout: 300.0s exceeded,428,21.16838264042747
530,2026-09-14T02:33:48.542+00:00,2026-09-14T02:38:42.463+00:00,2026-09-14T02:38:48.603+00:00,False,95,94.0,,94.0,293921.776034,300061.066146,300061.066047,3158.537537336842,0.034820000000000004,293921.776034,30149.044254298224,86.866319,65.31159693617022,20.86178088862803,0.3132695661164606,6,64,,True,False,Request timeout: 300.0s exceeded,368,21.16838264042747
531,2026-09-14T02:33:51.519+00:00,2026-09-14T02:38:45.338+00:00,2026-09-14T02:38:51.566+00:00,False,96,95.0,,95.0,293819.369889,300047.216801,300047.216894,3125.4918426458335,0.040679,293819.369889,29981.129731017532,87.50080275,65.55628328421052,20.113352358059732,0.31661683455309886,6,64,,True,False,Request timeout: 300.0s exceeded,468,21.16838264042747
532,2026-09-14T02:33:55.686+00:00,2026-09-14T02:38:49.406+00:00,2026-09-14T02:38:55.711+00:00,False,94,93.0,,93.0,293720.444936,300024.65588,300024.655881,3191.7516583085103,0.03387,293720.444936,30287.965520475165,88.86616015,67.78721445161291,19.952110194418903,0.30997452435108186,6,64,,True,False,Request timeout: 300.0s exceeded,306,21.16838264042747
533,2026-09-14T02:33:58.404+00:00,2026-09-14T02:38:51.896+00:00,2026-09-14T02:38:58.455+00:00,False,98,97.0,,97.0,293491.747328,300050.491648,300050.49173500005,3061.739711581633,0.02194,293491.747328,29640.319974940838,89.80157905,67.61592082474228,19.999461210342158,0.3232789237145932,6,64,,True,False,Request timeout: 300.0s exceeded,446,21.16838264042747
534,2026-09-14T02:34:01.449+00:00,2026-09-14T02:38:55.321+00:00,2026-09-14T02:39:01.466+00:00,False,92,91.0,,91.0,293871.169456,300016.584368,300016.584386,3261.0498302826086,0.0233,293871.169456,30631.15257840072,87.24157855,67.532032,19.158826650389983,0.30331656562151743,6,64,,True,False,Request timeout: 300.0s exceeded,413,21.16838264042747
535,2026-09-14T02:34:05.326+00:00,2026-09-14T02:38:59.219+00:00,2026-09-14T02:39:05.951+00:00,False,99,98.0,,98.0,293892.53014,300624.86166,300624.861631,3036.6147639494948,0.03345,293892.53014,29530.412803987707,88.99225,68.69726040816326,19.689609321348644,0.32598767599878614,6,64,,True,False,Request timeout: 300.0s exceeded,456,21.16838264042747
536,2026-09-14T02:34:07.785+00:00,2026-09-14T02:39:01.680+00:00,2026-09-14T02:39:07.853+00:00,False,95,94.0,,94.0,293895.14999199996,300068.50883999997,300068.50868299993,3158.6158808736836,0.039509999999999997,293895.14999199996,30146.275260624087,91.13868139999998,65.67403029787235,20.810220601207956,0.31326179599246745,6,64,,True,False,Request timeout: 300.0s exceeded,463,21.16838264042747
537,2026-09-14T02:34:11.897+00:00,2026-09-14T02:39:05.731+00:00,2026-09-14T02:39:11.949+00:00,False,94,93.0,,93.0,293834.437909,300052.32923699997,300052.329246,3192.04605580851,0.040329000000000004,293834.437909,30299.819274964157,89.5164185,66.85904653763441,20.773991927127977,0.3099459358855462,6,64,,True,False,Request timeout: 300.0s exceeded,418,21.16838264042747
538,2026-09-14T02:34:15.492+00:00,2026-09-14T02:39:08.983+00:00,2026-09-14T02:39:15.535+00:00,False,99,98.0,,98.0,293491.754141,300043.306653,300043.306725,3030.740471969697,0.02258,293491.754141,29490.319102994494,88.4782448,66.85257665306122,20.280033856090153,0.32661951733966516,6,64,,True,False,Request timeout: 300.0s exceeded,407,21.16838264042747
539,2026-09-14T02:34:19.556+00:00,2026-09-14T02:39:12.963+00:00,2026-09-14T02:39:19.567+00:00,False,97,96.0,,96.0,293407.761687,300011.49391099997,300011.49386,3092.901998556701,0.02195,293407.761687,29784.06683834895,87.92374079999999,68.78887733333333,20.120886946279114,0.3199877402979731,6,64,,True,False,Request timeout: 300.0s exceeded,508,21.16838264042747
540,2026-09-14T02:34:22.935+00:00,2026-09-14T02:39:16.753+00:00,2026-09-14T02:39:22.977+00:00,False,91,90.0,,90.0,293818.72183,300042.390566,300042.390744,3297.169129054945,0.02259,293818.72183,30793.32776207097,87.41056050000002,69.15187484444444,18.94745270510105,0.2999576154230207,6,64,,True,False,Request timeout: 300.0s exceeded,430,21.16838264042747
541,2026-09-14T02:34:25.602+00:00,2026-09-14T02:39:19.407+00:00,2026-09-14T02:39:25.642+00:00,False,93,92.0,,92.0,293804.33947899996,300039.399191,300039.39909099997,3226.230097752688,0.02764,293804.33947899996,30459.069259225675,88.4300812,67.77238817391304,19.468477641355033,0.3066263972267001,6,64,,True,False,Request timeout: 300.0s exceeded,164,21.16838264042747
542,2026-09-14T02:34:28.892+00:00,2026-09-14T02:39:22.510+00:00,2026-09-14T02:39:28.937+00:00,False,96,95.0,,95.0,293617.704401,300044.799697,300044.799897,3125.46666559375,0.037689999999999994,293617.704401,29960.333259645988,87.47609324999999,67.65363469473684,20.085979985765597,0.3166193851582686,6,64,,True,False,Request timeout: 300.0s exceeded,438,21.16838264042747
543,2026-09-14T02:34:31.532+00:00,2026-09-14T02:39:25.111+00:00,2026-09-14T02:39:31.554+00:00,False,97,96.0,,96.0,293579.65822000004,300022.79524400004,300022.79509200004,3093.0185061030934,0.02652,293579.65822000004,29801.69025030665,88.36526760000001,67.11601066666667,20.289924947298978,0.3199756869204752,6,64,,True,False,Request timeout: 300.0s exceeded,365,21.16838264042747
544,2026-09-14T02:34:35.229+00:00,2026-09-14T02:39:28.298+00:00,2026-09-14T02:39:35.256+00:00,False,113,112.0,,112.0,293069.148347,300027.32741900004,300027.327302,2655.1090911681417,0.02256,293069.148347,27563.7891458493,88.69551899999999,62.12659885714286,19.945001884102517,0.37329932897608215,6,64,,True,False,Request timeout: 300.0s exceeded,459,21.16838264042747
545,2026-09-14T02:34:37.704+00:00,2026-09-14T02:39:31.029+00:00,2026-09-14T02:39:37.733+00:00,False,126,125.0,,125.0,293325.334924,300029.452172,300029.452126,2381.1861279841273,0.0233,293325.334924,26126.73327844522,88.37502075,53.632937983999994,26.68136787672021,0.41662576488770964,6,64,,True,False,Request timeout: 300.0s exceeded,563,21.16838264042747
546,2026-09-14T02:34:40.757+00:00,2026-09-14T02:39:34.362+00:00,2026-09-14T02:39:38.957+00:00,True,106,106.0,,106.0,293604.56456300005,298199.5525950001,298199.552596,2813.203326377359,0.019289999999999998,293604.56456300005,28513.162194761113,119.04007800000001,43.76179078095238,30.77247739055254,0.3554666634391768,6,64,,True,True,,339,21.16838264042747
0,2026-09-14T02:04:40.883+00:00,2026-09-14T02:04:41.077+00:00,2026-09-14T02:04:49.431+00:00,True,167,167.0,,167.0,194.51229,8547.76157,8547.761526,51.184200754491016,0.023440000000000003,194.51229,20.739315283446754,85.0577153,50.32077879518072,17.534920214941227,19.537278693654528,7,64,,False,True,,344,21.16838264042747
1,2026-09-14T02:04:46.694+00:00,2026-09-14T02:04:46.847+00:00,2026-09-14T02:04:58.964+00:00,True,192,192.0,,192.0,153.64003599999998,12270.276708000001,12270.276942,63.90769240625,40.815993999999996,153.64003599999998,22.55610767285505,96.289575,63.43788833507854,21.653079684574593,15.647568882845114,7,64,,False,True,,1040,21.16838264042747
2,2026-09-14T02:04:50.689+00:00,2026-09-14T02:04:55.253+00:00,2026-09-14T02:05:06.404+00:00,True,172,172.0,,172.0,4564.451643,15715.521083,15715.521132,91.36930890697674,40.132516,4564.451643,343.7414465871741,95.02955155,65.21093239766083,21.635339939466864,10.944594143051235,7,64,,False,True,,793,21.16838264042747
3,2026-09-14T02:04:54.085+00:00,2026-09-14T02:05:01.756+00:00,2026-09-14T02:05:17.265+00:00,True,236,236.0,,236.0,7671.245664,23180.384096,23180.384111,98.22196657203389,22.521843,7671.245664,495.543415266167,94.722156,65.9963337531915,21.939757448680307,10.181021980594535,7,64,,False,True,,1072,21.16838264042747
4,2026-09-14T02:04:58.600+00:00,2026-09-14T02:05:10.354+00:00,2026-09-14T02:05:28.921+00:00,True,276,276.0,,276.0,11754.750218000001,30321.081098000002,30321.081212,109.85898989855073,21.234996,11754.750218000001,703.8478465563907,94.89159175,67.51393047272727,22.514989375574547,9.102577810730011,7,64,,False,True,,963,21.16838264042747
5,2026-09-14T02:05:03.938+00:00,2026-09-14T02:05:17.896+00:00,2026-09-14T02:05:29.601+00:00,True,175,175.0,,175.0,13958.384386,25662.872066,25662.872239,146.64498422285715,39.699887000000004,13958.384386,1050.2902153519776,93.48810069999999,67.26717057471265,21.58038957623166,6.819189978032602,7,64,,False,True,,880,21.16838264042747
6,2026-09-14T02:05:08.927+00:00,2026-09-14T02:05:27.557+00:00,2026-09-14T02:05:35.639+00:00,True,119,119.0,,119.0,18630.554279,26712.200615,26712.200609,224.47227402521008,39.662386,18630.554279,1701.7266198108339,96.6536379,68.48852827118644,22.296996982453003,4.454893167176073,7,64,,False,True,,533,21.16838264042747
7,2026-09-14T02:05:13.966+00:00,2026-09-14T02:05:35.994+00:00,2026-09-14T02:05:46.111+00:00,True,156,156.0,,156.0,22028.11311,32145.441238,32145.441220999997,206.06052064743588,0.01761,22028.11311,1758.6829096985807,95.75692850000001,65.27308469677419,29.653226166613877,4.852943185473783,7,64,,False,True,,571,21.16838264042747
8,2026-09-14T02:05:19.649+00:00,2026-09-14T02:05:45.978+00:00,2026-09-14T02:06:05.010+00:00,True,289,289.0,,289.0,26329.196106,45360.698185999994,45360.698262,156.95743343252596,38.969238,26329.196106,1545.0400731194259,95.276839,66.08160444444445,21.63695144784616,6.371154139095597,7,64,,False,True,,1394,21.16838264042747
9,2026-09-14T02:05:25.384+00:00,2026-09-14T02:05:56.571+00:00,2026-09-14T02:06:05.632+00:00,True,138,138.0,,138.0,31187.36809,40248.190874,40248.190947,291.65355758695654,39.274587,31187.36809,2649.3050562327358,95.04277155,66.1373925839416,21.91358460431637,3.4287255402862558,7,64,,False,True,,457,21.16838264042747
10,2026-09-14T02:05:31.008+00:00,2026-09-14T02:06:05.913+00:00,2026-09-14T02:06:18.244+00:00,True,187,187.0,,187.0,34905.287068000005,47236.477340000005,47236.47728300001,252.60148279679146,33.674839,34905.287068000005,2547.774092697474,95.6664373,66.29672189247312,22.037703901288925,3.9588049433493167,7,64,,False,True,,249,21.16838264042747
11,2026-09-14T02:05:35.586+00:00,2026-09-14T02:06:13.777+00:00,2026-09-14T02:06:25.860+00:00,True,183,183.0,,183.0,38190.574054,50273.717734,50273.717702999995,274.71976886885244,9.365540000000001,38190.574054,2818.3158769338243,94.15018110000001,66.39089934065935,23.22414419235243,3.6400729496127466,7,64,,False,True,,910,21.16838264042747
12,2026-09-14T02:05:40.559+00:00,2026-09-14T02:06:22.438+00:00,2026-09-14T02:06:36.696+00:00,True,218,218.0,,218.0,41878.787952,56136.755055999995,56136.755049,257.50805068348626,0.016739999999999998,41878.787952,2832.1177336821775,94.34066134999999,65.70491752995392,31.86222986428784,3.8833737322816595,7,64,,False,True,,958,21.16838264042747
13,2026-09-14T02:05:45.028+00:00,2026-09-14T02:06:31.215+00:00,2026-09-14T02:06:42.636+00:00,True,171,171.0,,171.0,46187.173714000004,57608.38024200001,57608.380428000004,336.89111361403513,0.01724,46187.173714000004,3527.076140604433,95.08602450000001,67.1835678117647,36.94355605988771,2.9683181384664348,7,64,,False,True,,766,21.16838264042747
14,2026-09-14T02:05:49.133+00:00,2026-09-14T02:06:38.430+00:00,2026-09-14T02:06:57.639+00:00,True,292,292.0,,292.0,49296.696254,68506.18335800001,68506.183321,234.61021685273974,5.310629,49296.696254,2881.0968566267748,95.95717594999998,66.01198317525774,22.68145078435938,4.262388965300617,7,64,,False,True,,1053,21.16838264042747
15,2026-09-14T02:05:54.376+00:00,2026-09-14T02:06:46.783+00:00,2026-09-14T02:06:59.427+00:00,True,192,192.0,,192.0,52407.031843000004,65050.923043,65050.92301400001,338.8068906979167,7.960183,52407.031843000004,3777.4377186213933,95.59912700000001,66.19838324607329,21.948670818056367,2.9515338294751645,7,64,,False,True,,1065,21.16838264042747
16,2026-09-14T02:05:59.088+00:00,2026-09-14T02:06:55.521+00:00,2026-09-14T02:07:08.762+00:00,True,200,200.0,,200.0,56433.45744699999,69674.276135,69674.276218,348.37138108999994,0.0,56433.45744699999,3985.8283137979356,97.70403195,66.53677732663316,26.11600529982269,2.870499861562717,7,64,,False,True,,1033,21.16838264042747
17,2026-09-14T02:06:03.475+00:00,2026-09-14T02:07:03.017+00:00,2026-09-14T02:07:18.001+00:00,True,223,223.0,,223.0,59541.084532,74525.255796,74525.255653,334.1939715381166,0.0,59541.084532,3982.734780738975,97.5283001,67.49626695495495,26.646195183881332,2.9922741977622183,7,64,,False,True,,723,21.16838264042747
18,2026-09-14T02:06:08.417+00:00,2026-09-14T02:07:12.024+00:00,2026-09-14T02:07:28.815+00:00,True,255,255.0,,255.0,63606.633912,80397.598136,80397.59822,315.2846989019608,0.01653,63606.633912,3979.227468145406,95.186376,66.10615836220472,36.33857475809081,3.1717365432813533,7,64,,False,True,,1018,21.16838264042747
19,2026-09-14T02:06:12.822+00:00,2026-09-14T02:07:20.325+00:00,2026-09-14T02:07:35.049+00:00,True,223,223.0,,223.0,67503.72843,82227.669806,82227.66968,368.73394475336323,0.01678,67503.72843,4516.111444932454,94.9376961,66.32406025225225,39.13793590602408,2.711982481397376,7,64,,False,True,,1174,21.16838264042747
20,2026-09-14T02:06:17.101+00:00,2026-09-14T02:07:27.709+00:00,2026-09-14T02:07:42.570+00:00,True,227,227.0,,227.0,70607.817413,85468.564421,85468.564265,376.5134989647577,0.01822,70607.817413,4682.203949935247,93.05627340000001,65.75551773451328,39.138343251425155,2.6559472659660717,7,64,,False,True,,1221,21.16838264042747
21,2026-09-14T02:06:21.075+00:00,2026-09-14T02:07:34.691+00:00,2026-09-14T02:07:52.549+00:00,True,278,278.0,,278.0,73615.67142900001,91474.082693,91474.08268400001,329.0434628920864,0.0,73615.67142900001,4411.371822468916,93.3482277,64.4707987870036,23.79704744675497,3.039112192390138,7,64,,False,True,,974,21.16838264042747
22,2026-09-14T02:06:25.925+00:00,2026-09-14T02:07:42.293+00:00,2026-09-14T02:07:53.038+00:00,True,167,167.0,,167.0,76368.67751000001,87113.722502,87113.72246900001,521.6390567005989,0.0,76368.67751000001,5904.63108759473,93.7453513,64.72918669879517,25.397688432117178,1.9170343684505724,7,64,,False,True,,829,21.16838264042747
23,2026-09-14T02:06:29.787+00:00,2026-09-14T02:07:48.861+00:00,2026-09-14T02:07:56.415+00:00,True,116,116.0,,116.0,79074.18927599999,86628.118236,86628.11815099999,746.7941219913793,0.0,79074.18927599999,7335.807899987106,92.77423050000002,65.6863387826087,27.891956616667755,1.3390571371293387,7,64,,False,True,,379,21.16838264042747
24,2026-09-14T02:06:34.756+00:00,2026-09-14T02:07:57.719+00:00,2026-09-14T02:08:13.159+00:00,True,237,237.0,,237.0,82963.375408,98403.272496,98403.27256000001,415.2036816877637,38.0696,82963.375408,5384.843268841558,96.0134832,65.42329274576271,21.472605665360366,2.408456487152232,7,64,,False,True,,1231,21.16838264042747
25,2026-09-14T02:06:39.337+00:00,2026-09-14T02:08:05.734+00:00,2026-09-14T02:08:21.799+00:00,True,242,242.0,,242.0,86396.833136,102462.62104,102462.62108900001,423.3992606983471,0.0,86396.833136,5549.574774996485,95.25909159999999,66.66302034854772,26.128872923077903,2.3618369073881733,7,64,,False,True,,691,21.16838264042747
26,2026-09-14T02:06:45.086+00:00,2026-09-14T02:08:16.075+00:00,2026-09-14T02:08:32.208+00:00,True,243,243.0,,243.0,90989.364597,107121.98386100002,107121.98376700001,440.8312089176955,0.016079999999999997,90989.364597,5832.868237170966,96.30763719999999,66.66371596694215,45.179981518190125,2.2684419317262963,7,64,,False,True,,983,21.16838264042747
27,2026-09-14T02:06:48.663+00:00,2026-09-14T02:08:22.934+00:00,2026-09-14T02:08:29.281+00:00,True,104,104.0,,104.0,94270.81773800001,100618.01825000001,100618.018118,967.4809434423078,0.01587,94270.81773800001,9238.009923392685,96.31897715000001,61.623305941747574,26.75582047140397,1.0336120886578881,7,64,,False,True,,493,21.16838264042747
28,2026-09-14T02:06:53.334+00:00,2026-09-14T02:08:30.873+00:00,2026-09-14T02:08:40.604+00:00,True,143,143.0,,143.0,97539.13579799999,107269.675318,107269.675215,750.1375889160838,0.0,97539.13579799999,8150.943635300379,95.54844130000001,68.5249261971831,26.158757390191003,1.3330887744003865,7,64,,False,True,,691,21.16838264042747
29,2026-09-14T02:06:57.708+00:00,2026-09-14T02:08:38.656+00:00,2026-09-14T02:08:53.968+00:00,True,231,231.0,,231.0,100948.137829,116260.317285,116260.317371,503.2914171904762,36.738663,100948.137829,6637.5561460805775,95.52298300000001,66.57469328695652,22.090661223460923,1.98692043333864,7,64,,False,True,,1093,21.16838264042747
30,2026-09-14T02:07:03.140+00:00,2026-09-14T02:08:49.528+00:00,2026-09-14T02:08:58.093+00:00,True,129,129.0,,129.0,106388.02575399999,114952.64527399998,114952.64517799999,891.1057765736433,41.386023,106388.02575399999,9361.077582023783,94.9527516,66.91109,21.89485798872552,1.12220123071128,7,64,,False,True,,566,21.16838264042747
31,2026-09-14T02:07:07.555+00:00,2026-09-14T02:08:57.052+00:00,2026-09-14T02:09:16.807+00:00,True,298,298.0,,298.0,109496.511324,129251.78377200001,129251.783832,433.73081822818796,0.0,109496.511324,6339.165756887198,97.19933084999998,66.51606884848485,26.770248255676606,2.305577465187418,7,64,,False,True,,1238,21.16838264042747
32,2026-09-14T02:07:11.806+00:00,2026-09-14T02:09:04.069+00:00,2026-09-14T02:09:23.837+00:00,True,297,297.0,,297.0,112262.93307799999,132030.90901399998,132030.909128,444.5485155824915,0.0,112262.93307799999,6510.465075941542,97.623734,66.78370248648649,49.053845603970586,2.2494732651466287,7,64,,False,True,,1472,21.16838264042747
33,2026-09-14T02:07:17.096+00:00,2026-09-14T02:09:14.264+00:00,2026-09-14T02:09:22.607+00:00,True,126,126.0,,126.0,117167.900963,125511.179043,125511.17892199999,996.1204676349206,0.0,117167.900963,10432.430345691511,98.27521250000001,66.74622464,69.6025866583809,1.0038946407860014,7,64,,False,True,,189,21.16838264042747
34,2026-09-14T02:07:21.665+00:00,2026-09-14T02:09:22.188+00:00,2026-09-14T02:09:37.625+00:00,True,234,234.0,,234.0,120523.36377,135960.597178,135960.597118,581.0281928119658,39.782346,120523.36377,7874.5583114204,95.27111565,66.25422063519314,22.04300865934628,1.7210868799998469,7,64,,False,True,,842,21.16838264042747
35,2026-09-14T02:07:26.073+00:00,2026-09-14T02:09:29.357+00:00,2026-09-14T02:09:43.181+00:00,True,210,210.0,,210.0,123284.090425,137107.758393,137107.75839,652.8940875714286,40.877644000000004,123284.090425,8502.871435741235,93.39433545,66.141952,20.74373923339211,1.5316419906601106,7,64,,False,True,,1103,21.16838264042747
36,2026-09-14T02:07:29.768+00:00,2026-09-14T02:09:36.112+00:00,2026-09-14T02:09:43.942+00:00,True,117,117.0,,117.0,126344.007169,134174.315009,134174.314921,1146.7890164188034,39.619116999999996,126344.007169,11674.286624780458,95.7991278,67.50265379310345,21.513898829407008,0.8719999799674921,7,64,,False,True,,433,21.16838264042747
37,2026-09-14T02:07:33.571+00:00,2026-09-14T02:09:42.558+00:00,2026-09-14T02:10:01.211+00:00,True,282,282.0,,282.0,128987.767561,147640.288521,147640.288528,523.5471224397163,0.0,128987.767561,7677.208405309905,94.727417,66.3790781494662,28.154622140053792,1.9100477439116423,7,64,,False,True,,1438,21.16838264042747
38,2026-09-14T02:07:37.777+00:00,2026-09-14T02:09:50.145+00:00,2026-09-14T02:10:06.843+00:00,True,249,249.0,,249.0,132368.678836,149065.84338,149065.843402,598.6580056305221,32.222631,132368.678836,8384.286728127052,95.01670700000001,67.32727638709677,22.18856536148313,1.6704027854674053,7,64,,False,True,,1116,21.16838264042747
39,2026-09-14T02:07:43.069+00:00,2026-09-14T02:09:59.322+00:00,2026-09-14T02:10:11.059+00:00,True,175,175.0,,175.0,136252.99666499998,147989.676089,147989.67610799999,845.6552920457142,40.442674,136252.99666499998,10294.681171648337,95.2970307,67.45218059770114,21.179398379493062,1.18251492012697,7,64,,False,True,,619,21.16838264042747
40,2026-09-14T02:07:47.197+00:00,2026-09-14T02:10:07.157+00:00,2026-09-14T02:10:24.132+00:00,True,258,258.0,,258.0,139960.087171,156935.43385899998,156935.43373999998,608.2768749612403,0.0,139960.087171,8709.65193434181,96.2648735,66.0519326381323,63.38134225362534,1.6439881909129737,7,64,,False,True,,1157,21.16838264042747
41,2026-09-14T02:07:51.983+00:00,2026-09-14T02:10:15.724+00:00,2026-09-14T02:10:25.421+00:00,True,151,151.0,,151.0,143741.16852900002,153438.58395300002,153438.58394900002,1016.149562576159,0.01594,143741.16852900002,11692.485402539745,95.2096735,64.64943616,77.6466403731944,0.9841071007684287,7,64,,False,True,,513,21.16838264042747
42,2026-09-14T02:07:57.368+00:00,2026-09-14T02:10:25.425+00:00,2026-09-14T02:10:41.504+00:00,True,240,240.0,,240.0,148056.59133899998,164136.390635,164136.39068899996,683.9016278708332,0.0,148056.59133899998,9552.720206779079,95.19725749999999,67.2794949623431,31.34288620381221,1.4621985963716144,7,64,,False,True,,1135,21.16838264042747
43,2026-09-14T02:08:00.549+00:00,2026-09-14T02:10:30.917+00:00,2026-09-14T02:10:49.985+00:00,True,286,286.0,,286.0,150367.838964,169435.331316,169435.33149399998,592.431229,0.0,150367.838964,8887.533051522452,96.82122600000001,66.90348193684211,30.579597924049438,1.687959634974861,7,64,,False,True,,1208,21.16838264042747
44,2026-09-14T02:08:03.866+00:00,2026-09-14T02:10:36.145+00:00,2026-09-14T02:10:45.464+00:00,True,143,143.0,,143.0,152278.96502399998,161597.66454399997,161597.66468299998,1130.053599181818,0.0,152278.96502399998,12728.771145906889,95.14139500000002,65.62464450704225,36.57414428462102,0.8849137789430356,7,64,,False,True,,629,21.16838264042747
45,2026-09-14T02:08:08.666+00:00,2026-09-14T02:10:45.697+00:00,2026-09-14T02:11:02.539+00:00,True,256,256.0,,256.0,157030.1648,173872.9872,173872.987183,679.1913561835937,4.527121,157030.1648,9810.282136314034,93.88579450000002,66.05028392156862,22.181797301135767,1.4723391144452598,7,64,,False,True,,1206,21.16838264042747
46,2026-09-14T02:08:14.379+00:00,2026-09-14T02:10:54.021+00:00,2026-09-14T02:11:05.255+00:00,True,177,177.0,,177.0,159642.640429,170876.70711699998,170876.70715,965.4051251412429,38.352759,159642.640429,11994.696589169369,91.86521480000002,63.829924363636366,21.230572936902334,1.0358345674276563,7,64,,False,True,,564,21.16838264042747
47,2026-09-14T02:08:18.164+00:00,2026-09-14T02:11:01.281+00:00,2026-09-14T02:11:18.839+00:00,True,268,268.0,,268.0,163117.721506,180675.232162,180675.232171,674.1613140708955,0.0,163117.721506,9960.02944530954,95.048443,65.7584668764045,30.189668827542857,1.4833245088053988,7,64,,False,True,,1280,21.16838264042747
48,2026-09-14T02:08:22.965+00:00,2026-09-14T02:11:09.186+00:00,2026-09-14T02:11:18.657+00:00,True,145,145.0,,145.0,166221.055025,175692.795185,175692.795193,1211.6744496068966,0.0,166221.055025,13798.491449808991,94.44448499999999,65.77597333333334,35.97495906736033,0.8253041898919004,7,64,,False,True,,762,21.16838264042747
49,2026-09-14T02:08:26.011+00:00,2026-09-14T02:11:14.607+00:00,2026-09-14T02:11:23.314+00:00,True,134,134.0,,134.0,168595.343861,177302.818037,177302.81806,1323.1553586567163,39.224396999999996,168595.343861,14558.782031082605,97.7711865,65.46973064661654,23.188717078965645,0.7557691495463797,7,64,,False,True,,709,21.16838264042747
50,2026-09-14T02:08:30.494+00:00,2026-09-14T02:11:23.584+00:00,2026-09-14T02:11:30.790+00:00,True,109,109.0,,109.0,173090.028035,180295.811331,180295.811419,1654.0900130183486,0.01584,173090.028035,16572.918049695676,95.5007244,66.7202157037037,98.64001058617005,0.6045620205778933,7,64,,False,True,,447,21.16838264042747
51,2026-09-14T02:08:35.071+00:00,2026-09-14T02:11:31.245+00:00,2026-09-14T02:11:49.161+00:00,True,271,271.0,,271.0,176174.212012,194090.51742,194090.517302,716.2011708560885,0.0,176174.212012,10697.833322630944,94.6125405,66.3566866962963,30.376617450158633,1.3962557450118627,7,64,,False,True,,1254,21.16838264042747
52,2026-09-14T02:08:38.944+00:00,2026-09-14T02:11:38.328+00:00,2026-09-14T02:11:48.271+00:00,True,148,148.0,,148.0,179383.652561,189327.48360099999,189327.483614,1279.2397541486487,0.0,179383.652561,14739.728103195548,95.40031049999999,67.64510911564626,35.761372711681695,0.7817142930600821,7,64,,False,True,,782,21.16838264042747
53,2026-09-14T02:08:44.568+00:00,2026-09-14T02:11:47.675+00:00,2026-09-14T02:11:58.750+00:00,True,164,164.0,,164.0,183107.840352,194182.526304,194182.526302,1184.0397945243903,38.536919000000005,183107.840352,14293.03314853769,96.350845,67.942858601227,23.045535405382935,0.8445662085127674,7,64,,False,True,,755,21.16838264042747
54,2026-09-14T02:08:49.313+00:00,2026-09-14T02:11:56.552+00:00,2026-09-14T02:12:15.540+00:00,True,280,280.0,,280.0,187238.88997299998,206226.55973299997,206226.55976499998,736.5234277321427,0.0,187238.88997299998,11185.643733573008,97.10205445,68.05616401433691,32.471687403905385,1.3577300632979281,7,64,,False,True,,1127,21.16838264042747
55,2026-09-14T02:08:54.665+00:00,2026-09-14T02:12:06.359+00:00,2026-09-14T02:12:19.646+00:00,True,200,200.0,,200.0,191693.31764700002,204980.79515100003,204980.79529300003,1024.9039764650001,0.0,191693.31764700002,13550.089145353404,98.69951845000001,66.77124373869347,35.43623949172611,0.975701161919433,7,64,,False,True,,881,21.16838264042747
56,2026-09-14T02:08:59.077+00:00,2026-09-14T02:12:14.261+00:00,2026-09-14T02:12:23.845+00:00,True,142,142.0,,142.0,195183.67132,204767.69564,204767.695621,1442.0260255,0.0,195183.67132,16373.791059617008,96.53207805,67.97180368794326,38.64670292658532,0.6934687600804413,7,64,,False,True,,686,21.16838264042747
57,2026-09-14T02:09:04.464+00:00,2026-09-14T02:12:22.670+00:00,2026-09-14T02:12:37.603+00:00,True,228,228.0,,228.0,198206.41937400002,213138.49847800002,213138.49850400002,934.817975894737,33.00868,198206.41937400002,13122.201670936027,93.944863,65.78008415859031,21.33742240325993,1.069726969215437,7,64,,False,True,,1021,21.16838264042747
58,2026-09-14T02:09:07.797+00:00,2026-09-14T02:12:29.834+00:00,2026-09-14T02:12:36.952+00:00,True,109,109.0,,109.0,202037.16289500002,209154.965903,209154.965884,1918.8528980183487,32.603512,202037.16289500002,19345.3498698555,93.98435599999999,65.9055834074074,21.610457940707438,0.5211446906335996,7,64,,False,True,,156,21.16838264042747
59,2026-09-14T02:09:11.845+00:00,2026-09-14T02:12:37.087+00:00,2026-09-14T02:12:54.653+00:00,True,271,271.0,,271.0,205241.737149,222807.578301,222807.578448,822.1681861549815,0.0,205241.737149,12463.827948784614,95.41583899999999,65.05867093333333,76.24436150490688,1.2162961514437127,7,64,,False,True,,1219,21.16838264042747
60,2026-09-14T02:09:15.589+00:00,2026-09-14T02:12:44.338+00:00,2026-09-14T02:12:52.417+00:00,True,111,111.0,,111.0,208748.992514,216827.671042,216827.67127700002,1953.402443936937,0.0,208748.992514,19806.949091928658,97.4409745,73.44253207272727,116.99857855798113,0.5119272806213883,7,64,,False,True,,478,21.16838264042747
61,2026-09-14T02:09:21.298+00:00,2026-09-14T02:12:54.062+00:00,2026-09-14T02:13:03.145+00:00,True,136,136.0,,136.0,212764.460236,221847.13006000002,221847.129924,1631.2288965,36.957671999999995,212764.460236,18238.646477438655,97.34977224999999,67.27903573333333,22.403310670247933,0.613034750385177,7,64,,False,True,,558,21.16838264042747
62,2026-09-14T02:09:25.113+00:00,2026-09-14T02:13:00.276+00:00,2026-09-14T02:13:13.010+00:00,True,193,193.0,,193.0,215162.74633899998,227896.62921899997,227896.62924399998,1180.8115504870466,31.709533999999998,215162.74633899998,15482.994113275407,95.45377280000001,66.32230666666666,21.404621488089557,0.8468751848652152,7,64,,False,True,,993,21.16838264042747
63,2026-09-14T02:09:30.525+00:00,2026-09-14T02:13:09.783+00:00,2026-09-14T02:13:27.986+00:00,True,280,280.0,,280.0,219257.930352,237461.254,237461.254131,848.0759076107142,38.771237,219257.930352,13099.286195276534,93.56442644999998,65.24488762724015,21.61176422648685,1.1791397345185417,7,64,,False,True,,834,21.16838264042747
64,2026-09-14T02:09:33.976+00:00,2026-09-14T02:13:16.868+00:00,2026-09-14T02:13:29.353+00:00,True,192,192.0,,192.0,222892.916822,235377.105238,235377.105285,1225.922423359375,39.502286,222892.916822,16081.207576845825,92.26517355,65.36224301570681,21.275041365639645,0.81571230050544,7,64,,False,True,,919,21.16838264042747
65,2026-09-14T02:09:38.086+00:00,2026-09-14T02:13:23.295+00:00,2026-09-14T02:13:32.872+00:00,True,147,147.0,,147.0,225208.97596799998,234786.007392,234786.00748799997,1597.1837244081632,0.0,225208.97596799998,18569.563352648205,92.9202723,65.59610564383561,43.394825899030444,0.6261020477023914,7,64,,False,True,,677,21.16838264042747
66,2026-09-14T02:09:43.584+00:00,2026-09-14T02:13:32.951+00:00,2026-09-14T02:13:44.772+00:00,True,177,177.0,,177.0,229366.15681400002,241187.206926,241187.206746,1362.6395861355934,39.982205,229366.15681400002,17235.18172733449,94.2503918,67.16505745454545,22.100694551384656,0.7338697696943203,7,64,,False,True,,923,21.16838264042747
67,2026-09-14T02:09:47.961+00:00,2026-09-14T02:13:41.184+00:00,2026-09-14T02:13:51.357+00:00,True,149,149.0,,149.0,233223.024262,243396.28326999999,243396.283436,1633.5321035973154,38.507038,233223.024262,19100.756927217153,95.9219188,68.73823654054054,22.850233882463193,0.6121703996388227,7,64,,False,True,,720,21.16838264042747
68,2026-09-14T02:09:51.701+00:00,2026-09-14T02:13:48.496+00:00,2026-09-14T02:13:59.908+00:00,True,175,175.0,,175.0,236795.01987400002,248207.53289800003,248207.53281900001,1418.3287589657143,40.045014,236795.01987400002,17895.07639277242,93.1721967,65.58915531034484,22.03407390009431,0.7050551526649902,7,64,,False,True,,866,21.16838264042747
69,2026-09-14T02:09:56.866+00:00,2026-09-14T02:13:57.249+00:00,2026-09-14T02:14:12.412+00:00,True,225,225.0,,225.0,240383.720165,255546.93168500002,255546.931688,1135.7641408355555,36.665491,240383.720165,16021.084717681038,96.04576399999998,67.69290857142856,22.858313121408003,0.8804644943941112,7,64,,False,True,,867,21.16838264042747
70,2026-09-14T02:10:00.518+00:00,2026-09-14T02:14:04.594+00:00,2026-09-14T02:14:17.730+00:00,True,194,194.0,,194.0,244076.20256799998,257211.82675999997,257211.82669,1325.8341581958762,0.0,244076.20256799998,17518.815240369924,97.34310334999998,68.06022897409326,42.62392290173604,0.754242145253368,7,64,,False,True,,1013,21.16838264042747
71,2026-09-14T02:10:05.128+00:00,2026-09-14T02:14:13.450+00:00,2026-09-14T02:14:29.304+00:00,True,244,244.0,,244.0,248322.511672,264176.095288,264176.095269,1082.6889150368852,0.0,248322.511672,15893.060065793592,94.96250400000001,65.24108483950617,23.2199142679512,0.9236263399759755,7,64,,False,True,,877,21.16838264042747
72,2026-09-14T02:10:10.155+00:00,2026-09-14T02:14:21.585+00:00,2026-09-14T02:14:34.617+00:00,True,197,197.0,,197.0,251430.08379,264462.173134,264462.17302600003,1342.4475788121827,0.015560000000000001,251430.08379,17909.220858957015,94.13247879999999,66.49025175510204,105.01892933693821,0.7449080436171958,7,64,,False,True,,878,21.16838264042747
73,2026-09-14T02:10:14.341+00:00,2026-09-14T02:14:29.119+00:00,2026-09-14T02:14:42.100+00:00,True,197,197.0,,197.0,254778.599389,267758.869469,267758.869316,1359.182077746193,0.015439999999999999,254778.599389,18147.82551778326,93.27301599999998,66.22586775510204,108.09872516356637,0.7357365990925944,7,64,,False,True,,944,21.16838264042747
74,2026-09-14T02:10:19.990+00:00,2026-09-14T02:14:39.595+00:00,2026-09-14T02:14:46.924+00:00,True,112,112.0,,112.0,259604.99983000002,266934.067862,266934.067784,2383.3398909285715,40.372274,259604.99983000002,24524.13726773091,91.60063935,66.02763992792792,21.74706241075785,0.4195792650112459,7,64,,False,True,,474,21.16838264042747
75,2026-09-14T02:10:24.152+00:00,2026-09-14T02:14:46.044+00:00,2026-09-14T02:14:54.015+00:00,True,120,120.0,,120.0,261891.843114,269862.75639399997,269862.756315,2248.856302625,30.960264,261891.843114,23901.240119162256,94.6494764,66.98246453781512,21.665414916759175,0.4446704747386477,7,64,,False,True,,546,21.16838264042747
76,2026-09-14T02:10:28.535+00:00,2026-09-14T02:14:53.921+00:00,2026-09-14T02:15:12.960+00:00,True,284,284.0,,284.0,265386.826069,284425.075797,284425.075812,1001.4967458169015,0.0,265386.826069,15743.866518710927,96.39402635,67.27296723674911,38.76664672429264,0.9985054911357274,7,64,,False,True,,1287,21.16838264042747
77,2026-09-14T02:10:33.055+00:00,2026-09-14T02:15:02.013+00:00,2026-09-14T02:15:18.974+00:00,True,250,250.0,,250.0,268958.17578,285919.632932,285919.632876,1143.678531504,41.473211000000006,268958.17578,17006.11484125606,96.06051950000001,68.11830181526105,22.179413090888218,0.874371575803811,7,64,,False,True,,1185,21.16838264042747
78,2026-09-14T02:10:37.252+00:00,2026-09-14T02:15:08.788+00:00,2026-09-14T02:15:15.674+00:00,True,105,105.0,,105.0,271535.603879,278422.181287,278422.181195,2651.639820904762,40.379743000000005,271535.603879,26492.709381803004,96.2902992,66.21709046153846,23.06596416783506,0.3771251252850616,7,64,,False,True,,589,21.16838264042747
79,2026-09-14T02:10:41.873+00:00,2026-09-14T02:15:17.533+00:00,2026-09-14T02:15:35.850+00:00,True,270,270.0,,270.0,275659.625914,293976.96684199997,293976.966944,1088.803581274074,40.692993,275659.625914,16771.981629905735,98.0291304,68.09420419330854,22.563930795786774,0.9184393012161168,7,64,,False,True,,1179,21.16838264042747
80,2026-09-14T02:10:45.688+00:00,2026-09-14T02:15:24.377+00:00,2026-09-14T02:15:38.271+00:00,True,202,202.0,,202.0,278689.042106,292582.70277800004,292582.702697,1448.4292212722773,32.533051,278689.042106,19603.64197623506,96.42345304999999,69.12268991044776,22.506039223604393,0.6904030828960844,7,64,,False,True,,677,21.16838264042747
81,2026-09-14T02:10:49.628+00:00,2026-09-14T02:15:31.992+00:00,2026-09-14T02:15:42.376+00:00,True,154,154.0,,154.0,282363.888129,292748.42342500004,292748.42334900005,1900.9637879805196,36.656822,282363.888129,22748.071880244268,96.19121005000001,67.8727797124183,22.134202270752617,0.5260489474145832,7,64,,False,True,,602,21.16838264042747
82,2026-09-14T02:10:54.717+00:00,2026-09-14T02:15:40.840+00:00,2026-09-14T02:15:54.739+00:00,False,215,214.0,,214.0,286122.86769700004,300022.04977700004,300022.050018,1395.4513954325582,0.0,286122.86769700004,19509.03632103017,94.910085,64.94944897196261,43.477602338929664,0.7132809077168215,7,64,,False,False,Request timeout: 300.0s exceeded,975,21.16838264042747
83,2026-09-14T02:10:58.275+00:00,2026-09-14T02:15:47.424+00:00,2026-09-14T02:15:58.283+00:00,False,167,166.0,,166.0,289148.873647,300008.110511,300008.110602,1796.4557521077845,0.0,289148.873647,22370.00003843471,94.2544627,65.41708954216868,47.7030300165289,0.5533183743507945,7,64,,False,False,Request timeout: 300.0s exceeded,781,21.16838264042747
84,2026-09-14T02:11:02.174+00:00,2026-09-14T02:15:54.553+00:00,2026-09-14T02:16:02.179+00:00,False,108,107.0,,107.0,292379.831747,300005.656515,300005.656476,2777.8301525555553,0.03583,292379.831747,28127.41263664,94.33235805,71.26939035514019,21.459239073866698,0.35665994182563054,7,64,,False,False,Request timeout: 300.0s exceeded,556,21.16838264042747
85,2026-09-14T02:11:06.985+00:00,2026-09-14T02:16:00.591+00:00,2026-09-14T02:16:07.058+00:00,False,96,95.0,,95.0,293605.864228,300072.912676,300072.912718,3125.7595074791666,0.04443,293605.864228,29959.08241191704,90.3730135,68.07419418947369,20.837071915120788,0.3165897219872527,7,64,,False,False,Request timeout: 300.0s exceeded,459,21.16838264042747
86,2026-09-14T02:11:11.870+00:00,2026-09-14T02:16:05.330+00:00,2026-09-14T02:16:11.876+00:00,False,98,97.0,,97.0,293460.581621,300006.76069300005,300006.760744,3061.293476979592,0.023309999999999997,293460.581621,29637.184861730253,88.55975585,67.48638218556701,20.01813438120544,0.3233260469728583,7,64,,False,False,Request timeout: 300.0s exceeded,245,21.16838264042747
87,2026-09-14T02:11:15.540+00:00,2026-09-14T02:16:09.467+00:00,2026-09-14T02:16:15.545+00:00,False,92,91.0,,91.0,293926.963869,300005.499549,300005.499613,3260.9293436195653,0.01781,293926.963869,30637.046452744245,87.20390865000002,66.79709538461539,19.611724472548318,0.3033277727801685,7,64,,False,False,Request timeout: 300.0s exceeded,360,21.16838264042747
88,2026-09-14T02:11:19.368+00:00,2026-09-14T02:16:13.590+00:00,2026-09-14T02:16:19.432+00:00,False,87,86.0,,86.0,294221.803101,300064.36386900005,300064.36369300005,3449.015674632184,0.043309,294221.803101,31536.610980832967,86.4704969,67.93675311627906,19.974860908623853,0.28660517660652723,7,64,,False,False,Request timeout: 300.0s exceeded,352,21.16838264042747
89,2026-09-14T02:11:23.586+00:00,2026-09-14T02:16:17.451+00:00,2026-09-14T02:16:23.594+00:00,False,90,89.0,,89.0,293864.320738,300007.57501,300007.574996,3333.4174999555553,0.03664,293864.320738,30968.74919176924,87.92009645,69.0253288988764,19.19294474474707,0.29665917601258374,7,64,,False,False,Request timeout: 300.0s exceeded,439,21.16838264042747
90,2026-09-14T02:11:26.773+00:00,2026-09-14T02:16:20.534+00:00,2026-09-14T02:16:26.788+00:00,False,94,93.0,,93.0,293761.151028,300014.248244,300014.248273,3191.640939074468,0.028390000000000002,293761.151028,30292.22088498222,89.74229485,67.23760447311828,20.203313038062454,0.3099852775137652,7,64,,False,False,Request timeout: 300.0s exceeded,385,21.16838264042747
91,2026-09-14T02:11:30.590+00:00,2026-09-14T02:16:23.942+00:00,2026-09-14T02:16:30.615+00:00,False,105,104.0,,104.0,293352.324139,300024.925483,300024.92544599995,2857.380242342857,0.02183,293352.324139,28622.001309506293,88.9621832,64.1596283076923,20.393409151873293,0.3466378662791897,7,64,,False,False,Request timeout: 300.0s exceeded,406,21.16838264042747
92,2026-09-14T02:11:35.281+00:00,2026-09-14T02:16:29.447+00:00,2026-09-14T02:16:35.299+00:00,False,99,98.0,,98.0,294165.47277600004,300017.90234400006,300017.90241900005,3030.4838628181824,0.01704,294165.47277600004,29559.16357867523,88.57054539999999,59.71866906122449,158.97165922741746,0.32664717416640476,7,64,,False,False,Request timeout: 300.0s exceeded,167,21.16838264042747
93,2026-09-14T02:11:39.226+00:00,2026-09-14T02:16:34.017+00:00,2026-09-14T02:16:39.252+00:00,False,76,75.0,,75.0,294790.812177,300026.732049,300026.731956,3947.7201573157895,0.054,294790.812177,33806.82352526501,88.68800375,69.81226496,20.751821241754538,0.24997772527732995,7,64,,False,False,Request timeout: 300.0s exceeded,346,21.16838264042747
94,2026-09-14T02:11:43.087+00:00,2026-09-14T02:16:36.565+00:00,2026-09-14T02:16:43.157+00:00,False,100,99.0,,99.0,293477.795911,300070.510663,300070.510609,3000.70510609,0.0,293477.795911,29341.18867327131,88.03032445,66.59307830303031,63.67284203057633,0.3299224564961796,7,64,,False,False,Request timeout: 300.0s exceeded,424,21.16838264042747
95,2026-09-14T02:11:48.091+00:00,2026-09-14T02:16:41.853+00:00,2026-09-14T02:16:48.105+00:00,False,100,99.0,,99.0,293762.469425,300013.86424100003,300013.864414,3000.13864414,0.0,293762.469425,29370.00061083066,89.28344889999998,63.14540218181818,63.619648051545575,0.3299847500396637,7,64,,False,False,Request timeout: 300.0s exceeded,499,21.16838264042747
96,2026-09-14T02:11:51.501+00:00,2026-09-14T02:16:44.696+00:00,2026-09-14T02:16:51.518+00:00,False,101,100.0,,100.0,293195.22722500004,300017.02536900004,300017.025367,2970.46559769307,0.12383,293195.22722500004,29167.2350573697,90.08377899999999,68.21798144,21.011037847121425,0.33331441733017303,7,64,,False,False,Request timeout: 300.0s exceeded,489,21.16838264042747
97,2026-09-14T02:11:55.397+00:00,2026-09-14T02:16:48.741+00:00,2026-09-14T02:16:55.419+00:00,False,98,97.0,,97.0,293344.226846,300022.19651,300022.196541,3061.450985112245,0.03798,293344.226846,29625.29392274877,90.4453031,68.84504808247424,19.885350017719357,0.3233094121979969,7,64,,False,False,Request timeout: 300.0s exceeded,371,21.16838264042747
98,2026-09-14T02:11:59.797+00:00,2026-09-14T02:16:53.525+00:00,2026-09-14T02:16:59.813+00:00,False,91,90.0,,90.0,293728.257003,300015.664363,300015.664586,3296.875435010989,0.03389,293728.257003,30783.771264520223,90.03571400000001,69.86008177777778,20.57265000851042,0.29998433645486483,7,64,,False,False,Request timeout: 300.0s exceeded,427,21.16838264042747
99,2026-09-14T02:12:04.362+00:00,2026-09-14T02:16:58.164+00:00,2026-09-14T02:17:04.439+00:00,False,95,94.0,,94.0,293801.549237,300076.512181,300076.512216,3158.7001285894735,0.021119,293801.549237,30136.56098489414,90.257947,66.75492493617021,20.596131536290198,0.3132534409867478,7,64,,False,False,Request timeout: 300.0s exceeded,406,21.16838264042747
100,2026-09-14T02:12:09.564+00:00,2026-09-14T02:17:03.717+00:00,2026-09-14T02:17:09.585+00:00,False,82,81.0,,81.0,294153.196596,300021.403444,300021.403207,3658.797600085366,0.02308,294153.196596,32475.79147007959,90.12281105,72.4469981234568,19.022580400559427,0.2699807382746242,7,64,,False,False,Request timeout: 300.0s exceeded,356,21.16838264042747
101,2026-09-14T02:12:15.148+00:00,2026-09-14T02:17:09.019+00:00,2026-09-14T02:17:15.503+00:00,False,92,91.0,,91.0,293871.488832,300355.825216,300355.825047,3264.737228771739,0.072,293871.488832,30630.7977199172,90.17149109999998,71.25644378021978,19.38500284830211,0.302973980726219,7,64,,False,False,Request timeout: 300.0s exceeded,526,21.16838264042747
102,2026-09-14T02:12:18.621+00:00,2026-09-14T02:17:12.594+00:00,2026-09-14T02:17:18.664+00:00,False,90,89.0,,89.0,293972.95689499995,300042.57123099995,300042.57132799993,3333.806348088888,0.03453,293972.95689499995,30980.288125912462,88.30012190000001,68.19791388764045,19.934216561808405,0.2966245744224067,7,64,,False,False,Request timeout: 300.0s exceeded,464,21.16838264042747
103,2026-09-14T02:12:22.787+00:00,2026-09-14T02:17:16.743+00:00,2026-09-14T02:17:22.858+00:00,False,91,90.0,,90.0,293956.359024,300071.22264,300071.222711,3297.485963857143,0.038399,293956.359024,30807.88369348989,88.8979515,67.94292906666666,20.379294526314627,0.2999287942648682,7,64,,False,False,Request timeout: 300.0s exceeded,443,21.16838264042747
104,2026-09-14T02:12:27.479+00:00,2026-09-14T02:17:21.055+00:00,2026-09-14T02:17:27.546+00:00,False,95,94.0,,94.0,293575.141908,300066.33422799996,300066.334111,3158.592990642105,0.038149999999999996,293575.141908,30113.095858864992,89.96534630000001,69.05523744680852,20.26433253111644,0.3132640662333543,7,64,,False,False,Request timeout: 300.0s exceeded,418,21.16838264042747
105,2026-09-14T02:12:32.507+00:00,2026-09-14T02:17:26.358+00:00,2026-09-14T02:17:32.534+00:00,False,91,90.0,,90.0,293850.58979,300026.834782,300026.834705,3296.9981835714284,0.023260000000000003,293850.58979,30796.724424805867,88.968131,68.62494435555556,20.15150389617804,0.2999731676181371,7,64,,False,False,Request timeout: 300.0s exceeded,293,21.16838264042747
106,2026-09-14T02:12:35.829+00:00,2026-09-14T02:17:29.992+00:00,2026-09-14T02:17:35.883+00:00,False,84,83.0,,83.0,294163.311931,300054.262587,300054.262535,3572.074553988095,0.046229,294163.311931,32088.110095146785,87.56516165000001,70.97530910843373,18.865539608543106,0.276616633552854,7,64,,False,False,Request timeout: 300.0s exceeded,413,21.16838264042747
107,2026-09-14T02:12:41.613+00:00,2026-09-14T02:17:35.204+00:00,2026-09-14T02:17:41.624+00:00,False,100,99.0,,99.0,293590.245983,300010.555487,300010.555519,3000.10555519,0.0,293590.245983,29352.610045626076,88.53917634999999,64.85161115151514,64.70993160533297,0.32998838937281944,7,64,,False,False,Request timeout: 300.0s exceeded,233,21.16838264042747
108,2026-09-14T02:12:45.581+00:00,2026-09-14T02:17:39.356+00:00,2026-09-14T02:17:45.613+00:00,False,88,87.0,,87.0,293774.285058,300031.799554,300031.79943,3409.4522662500003,0.02554,293774.285058,31308.782648033994,89.60807089999999,71.92545397701149,19.359249736731275,0.28996926368913656,7,64,,False,False,Request timeout: 300.0s exceeded,395,21.16838264042747
109,2026-09-14T02:12:49.189+00:00,2026-09-14T02:17:42.917+00:00,2026-09-14T02:17:49.202+00:00,False,94,93.0,,93.0,293728.393171,300013.028307,300013.028375,3191.62796143617,0.0213,293728.393171,30288.807447981082,89.50928180000001,67.57672189247312,20.58545697817075,0.3099865380007235,7,64,,False,False,Request timeout: 300.0s exceeded,328,21.16838264042747
110,2026-09-14T02:12:53.470+00:00,2026-09-14T02:17:47.004+00:00,2026-09-14T02:17:53.513+00:00,False,102,101.0,,101.0,293533.95301399997,300043.150582,300043.15051199996,2941.5995148235293,0.04015,293533.95301399997,29057.818149178463,90.48691500000001,64.44750067326733,20.51025173488039,0.33661824908880006,7,64,,False,False,Request timeout: 300.0s exceeded,430,21.16838264042747
111,2026-09-14T02:12:57.429+00:00,2026-09-14T02:17:50.790+00:00,2026-09-14T02:17:57.494+00:00,False,105,104.0,,104.0,293361.595912,300065.017352,300065.017521,2857.7620716285714,0.03474,293361.595912,28622.87749028842,89.849556,64.45597538461539,20.771570114467853,0.3465915517835916,7,64,,False,False,Request timeout: 300.0s exceeded,440,21.16838264042747
112,2026-09-14T02:13:02.533+00:00,2026-09-14T02:17:55.949+00:00,2026-09-14T02:18:02.554+00:00,False,101,100.0,,100.0,293416.080644,300021.70573199994,300021.70569599996,2970.511937584158,0.02299,293416.080644,29189.425146207017,86.64270700000002,66.05625088000001,19.94223666637368,0.3333092175981657,7,64,,False,False,Request timeout: 300.0s exceeded,376,21.16838264042747
113,2026-09-14T02:13:06.413+00:00,2026-09-14T02:18:00.026+00:00,2026-09-14T02:18:06.450+00:00,False,94,93.0,,93.0,293612.252072,300036.257704,300036.25793900003,3191.875084457447,0.027190000000000002,293612.252072,30276.67345859306,88.89942715,69.07532937634409,20.008385431993418,0.3099625382334588,7,64,,False,False,Request timeout: 300.0s exceeded,437,21.16838264042747
114,2026-09-14T02:13:09.859+00:00,2026-09-14T02:18:03.613+00:00,2026-09-14T02:18:09.903+00:00,False,90,89.0,,89.0,293753.969368,300043.981016,300043.98099,3333.8220109999997,0.03445,293753.969368,30956.943772347684,89.68318795,70.67428817977529,19.91286181740515,0.29662318070381166,7,64,,False,False,Request timeout: 300.0s exceeded,416,21.16838264042747
115,2026-09-14T02:13:13.456+00:00,2026-09-14T02:18:07.184+00:00,2026-09-14T02:18:13.501+00:00,False,93,92.0,,92.0,293727.61233499995,300044.98833499994,300044.9884399999,3226.2901982795693,0.02639,293727.61233499995,30451.020889614596,89.40299019999999,68.6671304347826,20.460994387609603,0.3066206854862781,7,64,,False,False,Request timeout: 300.0s exceeded,348,21.16838264042747
116,2026-09-14T02:13:16.744+00:00,2026-09-14T02:18:10.696+00:00,2026-09-14T02:18:16.781+00:00,False,90,89.0,,89.0,293952.35485500004,300036.59882300004,300036.59884200006,3333.7399871333337,0.02084,293952.35485500004,30978.09980166562,90.71384995,68.3622917752809,20.927669037251526,0.2966304789120196,7,64,,False,False,Request timeout: 300.0s exceeded,435,21.16838264042747
117,2026-09-14T02:13:21.632+00:00,2026-09-14T02:18:15.405+00:00,2026-09-14T02:18:21.703+00:00,False,94,93.0,,93.0,293773.053967,300071.15982299997,300071.159752,3192.2463803404253,0.08968000000000001,293773.053967,30293.39855825016,89.1506668,67.72156834408602,20.045149490079176,0.3099264856204675,7,64,,False,False,Request timeout: 300.0s exceeded,432,21.16838264042747
118,2026-09-14T02:13:27.404+00:00,2026-09-14T02:18:20.703+00:00,2026-09-14T02:18:27.433+00:00,False,100,99.0,,99.0,293299.38876999996,300028.975458,300028.97558299993,3000.2897558299996,0.037520000000000005,293299.38876999996,29323.14802296294,88.86024195,67.9756231111111,19.93583849436755,0.32996813007435233,7,64,,False,False,Request timeout: 300.0s exceeded,466,21.16838264042747
119,2026-09-14T02:13:33.105+00:00,2026-09-14T02:18:26.559+00:00,2026-09-14T02:18:33.115+00:00,False,98,97.0,,97.0,293453.392828,300009.470908,300009.470878,3061.321131408163,0.0,293453.392828,29636.50831057965,92.04458435000001,67.58843381443299,63.16851849948684,0.3233231261213941,7,64,,False,False,Request timeout: 300.0s exceeded,471,21.16838264042747
120,2026-09-14T02:13:36.281+00:00,2026-09-14T02:18:29.585+00:00,2026-09-14T02:18:36.289+00:00,False,104,103.0,,103.0,293304.360075,300007.70164299995,300007.70148499997,2884.689437355769,0.0,293304.360075,28754.54085713589,93.52830515,65.08098609708738,60.87585642324161,0.34332451945706005,7,64,,False,False,Request timeout: 300.0s exceeded,416,21.16838264042747
121,2026-09-14T02:13:39.571+00:00,2026-09-14T02:18:32.808+00:00,2026-09-14T02:18:39.629+00:00,False,101,100.0,,100.0,293237.13373400003,300057.45680600003,300057.456726,2970.865908178218,0.03741,293237.13373400003,29171.405991392163,90.42929799999997,68.20323072,20.46221752362594,0.33326950466241634,7,64,,False,False,Request timeout: 300.0s exceeded,427,21.16838264042747
122,2026-09-14T02:13:44.435+00:00,2026-09-14T02:18:38.407+00:00,2026-09-14T02:18:44.452+00:00,False,93,92.0,,92.0,293971.540775,300017.511463,300017.511623,3225.9947486344086,0.037630000000000004,293971.540775,30476.621129891144,89.2846772,65.71707269565218,20.66833611395813,0.30664876710486955,7,64,,False,False,Request timeout: 300.0s exceeded,304,21.16838264042747
123,2026-09-14T02:13:48.773+00:00,2026-09-14T02:18:42.487+00:00,2026-09-14T02:18:48.820+00:00,False,101,100.0,,100.0,293714.19765600003,300046.85506400006,300046.855127,2970.7609418514853,0.03209,293714.19765600003,29219.361026425453,89.73117999999998,63.32657408,20.701589395022598,0.3332812802809414,7,64,,False,False,Request timeout: 300.0s exceeded,432,21.16838264042747
124,2026-09-14T02:13:53.966+00:00,2026-09-14T02:18:47.649+00:00,2026-09-14T02:18:54.052+00:00,False,94,93.0,,93.0,293683.043854,300085.449486,300085.449478,3192.3983987021275,0.037039,293683.043854,30283.999135117698,89.4103155,68.84307131182796,20.172105916910617,0.30991172734064454,7,64,,False,False,Request timeout: 300.0s exceeded,442,21.16838264042747
125,2026-09-14T02:13:59.541+00:00,2026-09-14T02:18:53.159+00:00,2026-09-14T02:18:59.566+00:00,False,105,104.0,,104.0,293617.58126999997,300025.14171799994,300025.141883,2857.3823036476188,0.015050000000000001,293617.58126999997,28648.68597718148,85.94428399999998,61.611158153846155,179.46462673541077,0.3466376164493302,7,64,,False,False,Request timeout: 300.0s exceeded,405,21.16838264042747
126,2026-09-14T02:14:03.980+00:00,2026-09-14T02:18:59.315+00:00,2026-09-14T02:19:04.008+00:00,False,105,104.0,,104.0,295334.900213,300028.199157,300028.199181,2857.4114207714288,0.015380000000000001,295334.900213,28817.353981645512,89.4000392,45.12787446153846,36.54133741151537,0.34663408403680895,7,64,,False,False,Request timeout: 300.0s exceeded,394,21.16838264042747
127,2026-09-14T02:14:08.399+00:00,2026-09-14T02:19:01.933+00:00,2026-09-14T02:19:08.442+00:00,False,100,99.0,,99.0,293534.516009,300042.712873,300042.712819,3000.42712819,0.03774,293534.516009,29346.88477278867,90.46919584999999,65.73936226262626,20.52940271908099,0.32995302252817593,7,64,,False,False,Request timeout: 300.0s exceeded,444,21.16838264042747
128,2026-09-14T02:14:12.263+00:00,2026-09-14T02:19:06.011+00:00,2026-09-14T02:19:12.330+00:00,False,90,89.0,,89.0,293747.669829,300067.50931700005,300067.509197,3334.0834355222223,0.02117,293747.669829,30956.243951473676,88.13624390000001,71.0094324494382,19.16932039501257,0.29659992247270534,7,64,,False,False,Request timeout: 300.0s exceeded,365,21.16838264042747
129,2026-09-14T02:14:16.501+00:00,2026-09-14T02:19:10.134+00:00,2026-09-14T02:19:16.563+00:00,False,91,90.0,,90.0,293633.455468,300061.92189999996,300061.92178599996,3297.3837558901096,0.02078,293633.455468,30773.668341734156,89.85145,71.42740479999999,19.446441971332987,0.2999380908784348,7,64,,False,False,Request timeout: 300.0s exceeded,198,21.16838264042747
130,2026-09-14T02:14:20.667+00:00,2026-09-14T02:19:14.087+00:00,2026-09-14T02:19:20.700+00:00,False,96,95.0,,95.0,293419.67754500004,300032.18877700006,300032.18871500005,3125.335299114584,0.02036,293419.67754500004,29939.923199712135,90.19122475,69.60538138947369,20.334379961993477,0.31663269326948473,7,64,,False,False,Request timeout: 300.0s exceeded,495,21.16838264042747
131,2026-09-14T02:14:24.135+00:00,2026-09-14T02:19:17.960+00:00,2026-09-14T02:19:24.175+00:00,False,91,90.0,,90.0,293824.746557,300039.90124499996,300039.901308,3297.1417726153845,0.03853,293824.746557,30793.96979930068,89.7469255,69.0572743111111,19.842411111348145,0.29996010406132545,7,64,,False,False,Request timeout: 300.0s exceeded,427,21.16838264042747
132,2026-09-14T02:14:27.799+00:00,2026-09-14T02:19:21.913+00:00,2026-09-14T02:19:27.892+00:00,False,96,95.0,,95.0,294114.142856,300092.993928,300092.993837,3125.968685802083,0.0,294114.142856,30011.552961562626,95.39175325000001,62.93527444210526,68.45977889847319,0.3165685368275973,7,64,,False,False,Request timeout: 300.0s exceeded,461,21.16838264042747
133,2026-09-14T02:14:32.093+00:00,2026-09-14T02:19:26.602+00:00,2026-09-14T02:19:32.112+00:00,False,99,98.0,,98.0,294508.962459,300018.505115,300018.505071,3030.489950212121,0.0,294508.962459,29593.62684762847,90.27501600000001,56.219823020408164,27.592384470593135,0.32664651789540666,7,64,,False,False,Request timeout: 300.0s exceeded,458,21.16838264042747
134,2026-09-14T02:14:37.006+00:00,2026-09-14T02:19:30.793+00:00,2026-09-14T02:19:37.057+00:00,False,102,101.0,,101.0,293786.718839,300051.315319,300051.315334,2941.679562098039,0.03594,293786.718839,29083.08501530137,87.54630305,62.025707722772275,19.830392395437226,0.3366090893240102,7,64,,False,False,Request timeout: 300.0s exceeded,462,21.16838264042747
135,2026-09-14T02:14:41.095+00:00,2026-09-14T02:19:34.927+00:00,2026-09-14T02:19:41.130+00:00,False,91,90.0,,90.0,293831.73994700005,300034.72977100004,300034.729769,3297.0849425164843,0.046808999999999996,293831.73994700005,30794.71693420859,88.943462,68.92210915555556,19.62042579611964,0.2999652742490579,7,64,,False,False,Request timeout: 300.0s exceeded,522,21.16838264042747
136,2026-09-14T02:14:44.368+00:00,2026-09-14T02:19:38.211+00:00,2026-09-14T02:19:44.454+00:00,False,92,91.0,,91.0,293843.238731,300085.885771,300085.885825,3261.803106793478,0.0225,293843.238731,30628.129605954007,88.1572905,68.60051692307692,19.800521427974182,0.30324651812995784,7,64,,False,False,Request timeout: 300.0s exceeded,374,21.16838264042747
137,2026-09-14T02:14:49.344+00:00,2026-09-14T02:19:42.849+00:00,2026-09-14T02:19:49.393+00:00,False,99,98.0,,98.0,293504.87904100004,300049.19648100005,300049.19654800004,3030.7999651313135,0.037700000000000004,293504.87904100004,29491.645772391446,89.191062,66.7787493877551,20.495906963067423,0.3266131059484628,7,64,,False,False,Request timeout: 300.0s exceeded,372,21.16838264042747
138,2026-09-14T02:14:54.969+00:00,2026-09-14T02:19:48.440+00:00,2026-09-14T02:19:55.036+00:00,False,97,96.0,,96.0,293470.75022399996,300066.95015999995,300066.95018299995,3093.4737132268037,0.028820000000000002,293470.75022399996,29790.47031768232,88.3577296,68.710416,20.116972532737737,0.3199286024295959,7,64,,False,False,Request timeout: 300.0s exceeded,422,21.16838264042747
139,2026-09-14T02:15:00.493+00:00,2026-09-14T02:19:53.909+00:00,2026-09-14T02:20:00.499+00:00,False,100,99.0,,99.0,293415.818903,300006.201495,300006.20129399997,3000.06201294,0.01731,293415.818903,29334.931396107193,89.38775995,66.56952113131312,19.56372260758697,0.3299931784965118,7,64,,False,False,Request timeout: 300.0s exceeded,279,21.16838264042747
140,2026-09-14T02:15:03.731+00:00,2026-09-14T02:19:57.652+00:00,2026-09-14T02:20:03.755+00:00,False,92,91.0,,91.0,293921.01826,300023.906196,300023.90629799996,3261.1294162826084,0.027440000000000003,293921.01826,30636.399233981527,90.01684700000001,67.0647025934066,20.4676551725224,0.30330916343896747,7,64,,False,False,Request timeout: 300.0s exceeded,485,21.16838264042747
141,2026-09-14T02:15:08.546+00:00,2026-09-14T02:20:02.541+00:00,2026-09-14T02:20:08.559+00:00,False,89,88.0,,88.0,293995.392314,300012.999482,300012.999292,3370.9325763146066,0.02785,293995.392314,31156.2077309723,89.3468852,68.38189963636364,20.9132924432552,0.2933206232794582,7,64,,False,False,Request timeout: 300.0s exceeded,447,21.16838264042747
142,2026-09-14T02:15:11.872+00:00,2026-09-14T02:20:05.504+00:00,2026-09-14T02:20:11.921+00:00,False,99,98.0,,98.0,293631.94292299997,300049.19220299996,300049.19206699997,3030.7999198686866,0.02625,293631.94292299997,29504.54667094219,89.94384499999998,65.48213551020409,20.76490903667902,0.3266131106052022,7,64,,False,False,Request timeout: 300.0s exceeded,240,21.16838264042747
143,2026-09-14T02:15:17.221+00:00,2026-09-14T02:20:10.731+00:00,2026-09-14T02:20:17.258+00:00,False,95,94.0,,94.0,293509.790348,300036.840076,300036.84010000003,3158.282527368421,0.01819,293509.790348,30106.352091503937,90.0844853,69.43669923404255,20.705561709391425,0.31329486064507805,7,64,,False,False,Request timeout: 300.0s exceeded,518,21.16838264042747
144,2026-09-14T02:15:20.389+00:00,2026-09-14T02:20:13.517+00:00,2026-09-14T02:20:20.427+00:00,False,101,100.0,,100.0,293128.12126499997,300038.03512099996,300038.035038,2970.6736142376235,0.02128,293128.12126499997,29160.46962485266,90.08579,69.09913856,20.35113788151664,0.33329107744513725,7,64,,False,False,Request timeout: 300.0s exceeded,415,21.16838264042747
145,2026-09-14T02:15:24.886+00:00,2026-09-14T02:20:18.475+00:00,2026-09-14T02:20:24.946+00:00,False,100,99.0,,99.0,293588.827994,300059.368026,300059.368164,3000.59368164,0.0,293588.827994,29352.4199457478,89.68869799999999,65.35899022222222,65.81698335405783,0.32993470809223896,7,64,,False,False,Request timeout: 300.0s exceeded,449,21.16838264042747
146,2026-09-14T02:15:30.425+00:00,2026-09-14T02:20:24.124+00:00,2026-09-14T02:20:30.476+00:00,False,95,94.0,,94.0,293698.92545599997,300050.88398399996,300050.88409799995,3158.4303589263154,0.023780000000000003,293698.92545599997,30125.94723521385,88.45298500000001,67.57402689361702,19.47733072534949,0.31328019685158637,7,64,,False,False,Request timeout: 300.0s exceeded,357,21.16838264042747
147,2026-09-14T02:15:36.210+00:00,2026-09-14T02:20:30.013+00:00,2026-09-14T02:20:36.284+00:00,False,88,87.0,,87.0,293803.012601,300074.32933700003,300074.329173,3409.935558784091,0.022269999999999998,293803.012601,31311.828104750453,89.3045085,72.0841004137931,19.363539729851972,0.28992816610545247,7,64,,False,False,Request timeout: 300.0s exceeded,386,21.16838264042747
148,2026-09-14T02:15:41.652+00:00,2026-09-14T02:20:34.904+00:00,2026-09-14T02:20:41.682+00:00,False,95,94.0,,94.0,293251.34542699996,300030.22542699997,300030.22560699994,3158.2129011263155,0.04342,293251.34542699996,30079.560515190795,89.3543407,72.11574468085105,19.450664062921796,0.3133017677343013,7,64,,False,False,Request timeout: 300.0s exceeded,356,21.16838264042747
149,2026-09-14T02:15:45.010+00:00,2026-09-14T02:20:38.407+00:00,2026-09-14T02:20:45.016+00:00,False,96,95.0,,95.0,293397.238585,300006.53701699997,300006.536854,3125.0680922291667,0.03768,293397.238585,29937.63628526795,88.5409605,69.57156244210526,20.03467388960481,0.31665976663240775,7,64,,False,False,Request timeout: 300.0s exceeded,467,21.16838264042747
150,2026-09-14T02:15:48.918+00:00,2026-09-14T02:20:42.705+00:00,2026-09-14T02:20:48.941+00:00,False,93,92.0,,92.0,293787.047387,300023.409883,300023.409724,3226.058169075269,0.017839999999999998,293787.047387,30457.275744045503,89.4495314,67.78654886956522,21.0772810540406,0.3066427384312351,7,64,,False,False,Request timeout: 300.0s exceeded,363,21.16838264042747
151,2026-09-14T02:15:53.158+00:00,2026-09-14T02:20:47.034+00:00,2026-09-14T02:20:53.169+00:00,False,92,91.0,,91.0,293876.701627,300010.991035,300010.990938,3260.989031934783,0.03538,293876.701627,30631.743801898203,91.01635955000002,67.40977371428572,21.746033581661447,0.3033222205828576,7,64,,False,False,Request timeout: 300.0s exceeded,177,21.16838264042747
152,2026-09-14T02:15:57.080+00:00,2026-09-14T02:20:50.846+00:00,2026-09-14T02:20:57.107+00:00,False,93,92.0,,92.0,293765.362787,300026.319971,300026.32014,3226.089463870968,0.04075,293765.362787,30454.998763243722,87.97284400000001,68.05388243478261,20.07240811930154,0.30663976416766553,7,64,,False,False,Request timeout: 300.0s exceeded,417,21.16838264042747
153,2026-09-14T02:16:02.847+00:00,2026-09-14T02:20:56.683+00:00,2026-09-14T02:21:02.895+00:00,False,91,90.0,,90.0,293835.98300199996,300047.32559399994,300047.3255,3297.223357142857,0.02852,293835.98300199996,30795.15228029276,89.02276249999998,69.01491768888889,20.063061456889635,0.2999526818705287,7,64,,False,False,Request timeout: 300.0s exceeded,389,21.16838264042747
154,2026-09-14T02:16:06.985+00:00,2026-09-14T02:21:00.372+00:00,2026-09-14T02:21:07.025+00:00,False,99,98.0,,98.0,293387.43667799997,300040.171398,300040.17150299996,3030.7088030606055,0.01923,293387.43667799997,29479.73092094144,89.0473959,67.8850481632653,20.106445880471956,0.32662293033423206,7,64,,False,False,Request timeout: 300.0s exceeded,320,21.16838264042747
155,2026-09-14T02:16:11.841+00:00,2026-09-14T02:21:05.743+00:00,2026-09-14T02:21:11.873+00:00,False,90,89.0,,89.0,293901.65356,300031.517496,300031.51767000003,3333.683529666667,0.028739999999999998,293901.65356,30972.701195648635,89.01945690000001,68.87487568539326,20.641003627445887,0.29663550263910704,7,64,,False,False,Request timeout: 300.0s exceeded,446,21.16838264042747
156,2026-09-14T02:16:16.941+00:00,2026-09-14T02:21:10.752+00:00,2026-09-14T02:21:17.198+00:00,False,85,84.0,,84.0,293811.670352,300257.52430399996,300257.524375,3532.441463235294,0.04068,293811.670352,31860.09874538188,89.6029004,76.73635657142857,68.08889054790444,0.2797598501310263,7,64,,False,False,Request timeout: 300.0s exceeded,385,21.16838264042747
157,2026-09-14T02:16:21.007+00:00,2026-09-14T02:21:14.831+00:00,2026-09-14T02:21:21.036+00:00,False,98,97.0,,97.0,293824.080351,300028.71471900004,300028.714685,3061.5174967857142,0.0,293824.080351,29674.32899028733,93.04087234999999,63.9653027628866,67.60666626224653,0.32330238820923507,7,64,,False,False,Request timeout: 300.0s exceeded,276,21.16838264042747
158,2026-09-14T02:16:25.634+00:00,2026-09-14T02:21:19.622+00:00,2026-09-14T02:21:25.718+00:00,False,92,91.0,,91.0,293988.91799299995,300084.48740099993,300084.487216,3261.7879045217387,0.02732,293988.91799299995,30643.486190223924,88.06563825,66.98427920879121,19.753140824450877,0.30324793123477123,7,64,,False,False,Request timeout: 300.0s exceeded,383,21.16838264042747
159,2026-09-14T02:16:28.855+00:00,2026-09-14T02:21:22.445+00:00,2026-09-14T02:21:28.892+00:00,False,96,95.0,,95.0,293589.803338,300036.897866,300036.89768800006,3125.384350916667,0.03764,293589.803338,29957.463820515,87.51103025,67.86415292631578,19.60706219286145,0.316627723708929,7,64,,False,False,Request timeout: 300.0s exceeded,392,21.16838264042747
160,2026-09-14T02:16:32.751+00:00,2026-09-14T02:21:25.556+00:00,2026-09-14T02:21:32.854+00:00,False,109,108.0,,108.0,292805.075182,300102.55307,300102.553255,2753.23443353211,0.030248999999999998,292805.075182,28039.175134811478,90.28272720000001,67.5692397037037,20.39513824399862,0.3598769783701527,7,64,,False,False,Request timeout: 300.0s exceeded,544,21.16838264042747
161,2026-09-14T02:16:35.490+00:00,2026-09-14T02:21:29.328+00:00,2026-09-14T02:21:35.527+00:00,False,96,95.0,,95.0,293838.08971100004,300036.65355100005,300036.653477,3125.381807052084,0.02203,293838.08971100004,29983.07256790379,91.01612000000002,65.24804042105264,21.275110437890508,0.31662798153376936,7,64,,False,False,Request timeout: 300.0s exceeded,438,21.16838264042747
162,2026-09-14T02:16:38.848+00:00,2026-09-14T02:21:34.079+00:00,2026-09-14T02:21:38.940+00:00,False,72,71.0,,71.0,295230.879992,300091.446776,300091.44685300003,4167.936761847222,0.043539,295230.879992,34785.23061885644,87.40934744999998,68.45868709859155,20.01357479150831,0.236594547304766,7,64,,False,False,Request timeout: 300.0s exceeded,346,21.16838264042747
163,2026-09-14T02:16:42.102+00:00,2026-09-14T02:21:36.117+00:00,2026-09-14T02:21:42.157+00:00,False,90,89.0,,89.0,294014.282203,300054.746075,300054.745993,3333.9416221444444,0.02194,294014.282203,30984.67875174324,86.53562595,67.87038058426965,19.983720983198477,0.2966125387590239,7,64,,False,False,Request timeout: 300.0s exceeded,433,21.16838264042747
164,2026-09-14T02:16:47.853+00:00,2026-09-14T02:21:41.343+00:00,2026-09-14T02:21:47.920+00:00,False,114,113.0,,113.0,293489.15701599995,300066.71938399994,300066.71937199996,2632.1642050175433,0.015269999999999999,293489.15701599995,27482.993175995114,90.25224349999999,58.20851653097345,192.3072784111843,0.37658291539953215,7,64,,False,False,Request timeout: 300.0s exceeded,523,21.16838264042747
165,2026-09-14T02:16:53.703+00:00,2026-09-14T02:21:47.623+00:00,2026-09-14T02:21:53.735+00:00,False,92,91.0,,91.0,293919.977631,300032.01039899996,300032.010317,3261.2175034456523,0.0209,293919.977631,30636.279223243535,87.1101545,67.16519525274725,18.826652951594852,0.30330097071636763,7,64,,False,False,Request timeout: 300.0s exceeded,363,21.16838264042747
166,2026-09-14T02:16:57.383+00:00,2026-09-14T02:21:51.041+00:00,2026-09-14T02:21:57.428+00:00,False,95,94.0,,94.0,293657.919597,300045.627501,300045.627583,3158.3750271894737,0.074429,293657.919597,30121.701304883183,88.4745544,67.95433940425532,19.78804535451813,0.31328568519028566,7,64,,False,False,Request timeout: 300.0s exceeded,428,21.16838264042747
167,2026-09-14T02:17:02.054+00:00,2026-09-14T02:21:55.830+00:00,2026-09-14T02:22:02.112+00:00,False,93,92.0,,92.0,293776.002387,300058.26568300003,300058.265686,3226.4329643655915,0.03331,293776.002387,30456.078024104318,88.88537059999999,68.28547060869566,20.072965290621806,0.3066071177562375,7,64,,False,False,Request timeout: 300.0s exceeded,440,21.16838264042747
168,2026-09-14T02:17:06.115+00:00,2026-09-14T02:21:59.738+00:00,2026-09-14T02:22:06.206+00:00,False,99,98.0,,98.0,293623.386665,300091.164201,300091.164292,3031.2238817373736,0.02291,293623.386665,29503.63440516908,89.64499389999999,65.99772995918367,20.019011742436902,0.32656742913750014,7,64,,False,False,Request timeout: 300.0s exceeded,436,21.16838264042747
169,2026-09-14T02:17:11.799+00:00,2026-09-14T02:22:05.611+00:00,2026-09-14T02:22:12.290+00:00,False,93,92.0,,92.0,293811.892601,300491.030649,300491.030802,3231.0863527096776,0.0242,293811.892601,30459.41626237872,89.9918202,72.59932660869566,65.87752498617571,0.3061655444466963,7,64,,False,False,Request timeout: 300.0s exceeded,403,21.16838264042747
170,2026-09-14T02:17:15.091+00:00,2026-09-14T02:22:08.879+00:00,2026-09-14T02:22:15.098+00:00,False,101,100.0,,100.0,293788.018096,300006.07224,300006.07221,2970.3571505940595,0.0,293788.018096,29226.88909983128,88.71459200000001,62.18054144,66.93945926601788,0.3333265865365606,7,64,,False,False,Request timeout: 300.0s exceeded,492,21.16838264042747
171,2026-09-14T02:17:20.636+00:00,2026-09-14T02:22:14.223+00:00,2026-09-14T02:22:20.669+00:00,False,94,93.0,,93.0,293586.969451,300032.87844299997,300032.87834399997,3191.8391313191487,0.02071,293586.969451,30274.041184933783,87.80343079999999,69.31084937634408,19.576492922797033,0.309966029331909,7,64,,False,False,Request timeout: 300.0s exceeded,393,21.16838264042747
172,2026-09-14T02:17:25.011+00:00,2026-09-14T02:22:18.348+00:00,2026-09-14T02:22:25.018+00:00,False,97,96.0,,96.0,293336.62640899996,300006.29988099996,300006.29981899995,3092.8484517422676,0.04925,293336.62640899996,29776.774028429834,88.25284760000001,69.47576533333333,19.551290511075077,0.3199932802680451,7,64,,False,False,Request timeout: 300.0s exceeded,401,21.16838264042747
173,2026-09-14T02:17:30.210+00:00,2026-09-14T02:22:23.770+00:00,2026-09-14T02:22:30.254+00:00,False,97,96.0,,96.0,293560.068133,300043.770405,300043.770347,3093.234745845361,0.023710000000000002,293560.068133,29799.65862704472,88.72354080000001,67.53856533333332,20.80615372394734,0.3199533183789115,7,64,,False,False,Request timeout: 300.0s exceeded,604,21.16838264042747
174,2026-09-14T02:17:35.463+00:00,2026-09-14T02:22:29.186+00:00,2026-09-14T02:22:35.513+00:00,False,90,89.0,,89.0,293722.97372899996,300049.398817,300049.39873499994,3333.8822081666663,0.041409999999999995,293722.97372899996,30953.633385060086,88.95713845,71.08342795505618,19.859824770620495,0.2966178247678512,7,64,,False,False,Request timeout: 300.0s exceeded,452,21.16838264042747
175,2026-09-14T02:17:39.503+00:00,2026-09-14T02:22:32.917+00:00,2026-09-14T02:22:39.549+00:00,False,98,97.0,,97.0,293413.933569,300045.920513,300045.920529,3061.693066622449,0.035399,293413.933569,29632.3848877362,92.74643185000001,68.37099942268041,22.215243960543017,0.32328384879939503,7,64,,False,False,Request timeout: 300.0s exceeded,467,21.16838264042747
176,2026-09-14T02:17:43.253+00:00,2026-09-14T02:22:36.628+00:00,2026-09-14T02:22:43.296+00:00,False,97,96.0,,96.0,293374.89416900004,300042.93256900006,300042.932633,3093.226109618557,0.02754,293374.89416900004,29780.662701932535,91.734414,69.45873333333333,21.658548855780236,0.319954211812415,7,64,,False,False,Request timeout: 300.0s exceeded,410,21.16838264042747
177,2026-09-14T02:17:47.017+00:00,2026-09-14T02:22:40.859+00:00,2026-09-14T02:22:47.068+00:00,False,92,91.0,,91.0,293842.01215799997,300050.579454,300050.57943399996,3261.4193416739126,0.02401,293842.01215799997,30628.042045570186,91.69974615,68.22601424175824,21.70177976619839,0.30328220050630156,7,64,,False,False,Request timeout: 300.0s exceeded,488,21.16838264042747
178,2026-09-14T02:17:52.714+00:00,2026-09-14T02:22:46.624+00:00,2026-09-14T02:22:52.771+00:00,False,91,90.0,,90.0,293910.71213400003,300057.52583000006,300057.52572000003,3297.335447472528,0.03683,293910.71213400003,30803.060458572385,86.11816350000001,68.29792995555556,18.9082243846375,0.29994248519862227,7,64,,False,False,Request timeout: 300.0s exceeded,442,21.16838264042747
179,2026-09-14T02:17:56.143+00:00,2026-09-14T02:22:50.154+00:00,2026-09-14T02:22:56.196+00:00,False,91,90.0,,90.0,294010.466999,300053.238455,300053.238485,3297.288335,0.03754,294010.466999,30813.63933272936,87.6758995,67.14190506666667,19.779248624817818,0.2999467709911007,7,64,,False,False,Request timeout: 300.0s exceeded,485,21.16838264042747
180,2026-09-14T02:18:00.422+00:00,2026-09-14T02:22:53.991+00:00,2026-09-14T02:23:00.445+00:00,False,94,93.0,,93.0,293568.897761,300023.27548899996,300023.27552799997,3191.736973702127,0.03786,293568.897761,30272.16874455454,90.64127665,69.40191105376343,20.942220854217545,0.3099759505272442,7,64,,False,False,Request timeout: 300.0s exceeded,374,21.16838264042747
181,2026-09-14T02:18:06.132+00:00,2026-09-14T02:22:59.705+00:00,2026-09-14T02:23:06.431+00:00,False,92,91.0,,91.0,293573.246143,300298.76806300005,300298.76810600003,3264.117044630435,0.04228,293573.246143,30599.490080515778,89.381193,73.90683428571428,65.20010591392897,0.3030315461730732,7,64,,False,False,Request timeout: 300.0s exceeded,314,21.16838264042747
182,2026-09-14T02:18:11.726+00:00,2026-09-14T02:23:05.064+00:00,2026-09-14T02:23:11.762+00:00,False,103,102.0,,102.0,293338.411319,300036.397879,300036.39787,2912.974736601942,0.0,293338.411319,28897.096065857186,89.3457902,65.66653490196079,65.66374454056029,0.3399587540746807,7,64,,False,False,Request timeout: 300.0s exceeded,444,21.16838264042747
183,2026-09-14T02:18:16.775+00:00,2026-09-14T02:23:10.345+00:00,2026-09-14T02:23:16.858+00:00,False,90,89.0,,89.0,293569.82321899995,300082.43121899996,300082.43123199994,3334.2492359111106,0.0385,293569.82321899995,30937.269069634574,91.4142795,73.17537078651686,19.337333058866665,0.29658517374197046,7,64,,False,False,Request timeout: 300.0s exceeded,134,21.16838264042747
184,2026-09-14T02:18:22.412+00:00,2026-09-14T02:23:15.814+00:00,2026-09-14T02:23:22.432+00:00,False,98,97.0,,97.0,293401.976852,300019.926036,300019.925933,3061.4278156428572,0.0221,293401.976852,29631.19058172104,90.30172535000001,68.22628024742268,20.658653879046312,0.3233118589208664,7,64,,False,False,Request timeout: 300.0s exceeded,511,21.16838264042747
185,2026-09-14T02:18:25.942+00:00,2026-09-14T02:23:19.535+00:00,2026-09-14T02:23:25.987+00:00,False,99,98.0,,98.0,293593.346645,300045.586517,300045.58654499997,3030.7635004545455,0.03183,293593.346645,29500.631540764924,89.7196536,65.83918236734694,20.512904974952182,0.3266170355565204,7,64,,False,False,Request timeout: 300.0s exceeded,521,21.16838264042747
186,2026-09-14T02:18:29.608+00:00,2026-09-14T02:23:23.178+00:00,2026-09-14T02:23:29.637+00:00,False,95,94.0,,94.0,293569.90715100005,300029.6444950001,300029.6444650001,3158.206783842106,0.023049,293569.90715100005,30112.593204853798,89.773416,68.72061004255319,20.397054890572814,0.31330237436443215,7,64,,False,False,Request timeout: 300.0s exceeded,390,21.16838264042747
187,2026-09-14T02:18:33.580+00:00,2026-09-14T02:23:26.816+00:00,2026-09-14T02:23:33.594+00:00,False,103,102.0,,102.0,293235.555902,300013.634622,300013.63457399997,2912.753733728155,0.04373,293235.555902,28886.817493308077,90.5282291,66.45175215686274,20.660578732383712,0.33998454813066803,7,64,,False,False,Request timeout: 300.0s exceeded,210,21.16838264042747
188,2026-09-14T02:18:38.404+00:00,2026-09-14T02:23:31.939+00:00,2026-09-14T02:23:38.487+00:00,False,96,95.0,,95.0,293534.979737,300083.106713,300083.106846,3125.8656963125,0.03532,293534.979737,29951.760386659655,90.86129775,68.92765237894736,20.39195435988962,0.3165789672087678,7,64,,False,False,Request timeout: 300.0s exceeded,399,21.16838264042747
189,2026-09-14T02:18:41.966+00:00,2026-09-14T02:23:35.545+00:00,2026-09-14T02:23:42.049+00:00,False,95,94.0,,94.0,293579.19114,300082.511204,300082.51130300004,3158.7632768736844,0.0555,293579.19114,30113.49750299416,89.65658400000001,69.184256,19.40347285328922,0.3132471786604638,7,64,,False,False,Request timeout: 300.0s exceeded,454,21.16838264042747
190,2026-09-14T02:18:45.981+00:00,2026-09-14T02:23:39.721+00:00,2026-09-14T02:23:46.005+00:00,False,94,93.0,,93.0,293739.945668,300024.437956,300024.437774,3191.7493380212763,0.037090000000000005,293739.945668,30289.998046081277,87.4176095,67.57518589247312,18.863241604958695,0.30997474950236853,7,64,,False,False,Request timeout: 300.0s exceeded,352,21.16838264042747
191,2026-09-14T02:18:51.690+00:00,2026-09-14T02:23:45.665+00:00,2026-09-14T02:23:51.748+00:00,False,91,90.0,,90.0,293975.034992,300058.67556799995,300058.675702,3297.3480846373623,0.02934,293975.034992,30809.877612361328,88.04427399999999,67.59600640000001,20.037940543236225,0.2999413359058302,7,64,,False,False,Request timeout: 300.0s exceeded,561,21.16838264042747
192,2026-09-14T02:18:55.524+00:00,2026-09-14T02:23:48.824+00:00,2026-09-14T02:23:55.536+00:00,False,97,96.0,,96.0,293300.160135,300011.605127,300011.605108,3092.9031454432993,0.0198,293300.160135,29773.0275737227,89.62977479999999,69.91088533333333,20.02781309964809,0.3199876216767067,7,64,,False,False,Request timeout: 300.0s exceeded,283,21.16838264042747
193,2026-09-14T02:19:00.110+00:00,2026-09-14T02:23:53.547+00:00,2026-09-14T02:24:00.122+00:00,False,105,104.0,,104.0,293437.194374,300011.87367,300011.873558,2857.255938647619,0.03674,293437.194374,28630.376039403596,90.00267240000001,63.21807015384615,20.895294057316736,0.34665294652436146,7,64,,False,False,Request timeout: 300.0s exceeded,521,21.16838264042747
194,2026-09-14T02:19:04.814+00:00,2026-09-14T02:23:58.406+00:00,2026-09-14T02:24:04.824+00:00,False,107,106.0,,106.0,293591.742619,300009.14242700004,300009.14233500004,2803.823760140187,0.0,293591.742619,28376.806692343835,93.43986059999999,60.54150762264151,65.29510668837517,0.3533225659141122,7,64,,False,False,Request timeout: 300.0s exceeded,477,21.16838264042747
195,2026-09-14T02:19:08.712+00:00,2026-09-14T02:24:02.522+00:00,2026-09-14T02:24:08.755+00:00,False,95,94.0,,94.0,293809.976606,300042.87234999996,300042.87243299995,3158.3460256105263,0.04,293809.976606,30137.47132436582,88.6698767,66.30740153191489,20.2906422495593,0.31328856194373783,7,64,,False,False,Request timeout: 300.0s exceeded,395,21.16838264042747
196,2026-09-14T02:19:13.838+00:00,2026-09-14T02:24:07.939+00:00,2026-09-14T02:24:13.893+00:00,False,90,89.0,,89.0,294100.866484,300054.398644,300054.398481,3333.9377609,0.034140000000000004,294100.866484,30993.908375167488,88.47053349999999,66.8936197752809,19.79619215068551,0.2966128822047171,7,64,,False,False,Request timeout: 300.0s exceeded,329,21.16838264042747
197,2026-09-14T02:19:17.306+00:00,2026-09-14T02:24:11.054+00:00,2026-09-14T02:24:17.315+00:00,False,93,92.0,,92.0,293748.33886699995,300009.20158699993,300009.20165599993,3225.905394150537,0.027620000000000002,293748.33886699995,30453.23356343588,87.707099,68.0528556521739,20.059330498004304,0.30665726088844925,7,64,,False,False,Request timeout: 300.0s exceeded,443,21.16838264042747
198,2026-09-14T02:19:23.147+00:00,2026-09-14T02:24:16.923+00:00,2026-09-14T02:24:23.183+00:00,False,93,92.0,,92.0,293776.150292,300035.77525199996,300035.775284,3226.1911320860213,0.02393,293776.150292,30456.118846125606,89.9006722,68.03940173913044,20.025118412307357,0.30663010076958064,7,64,,False,False,Request timeout: 300.0s exceeded,434,21.16838264042747
199,2026-09-14T02:19:27.649+00:00,2026-09-14T02:24:21.183+00:00,2026-09-14T02:24:27.710+00:00,False,99,98.0,,98.0,293534.43887300004,300060.966361,300060.96627100004,3030.9188512222227,0.023010000000000003,293534.43887300004,29494.63447638652,87.68282479999999,66.59721926530612,19.883647047242697,0.32660029456179673,7,64,,False,False,Request timeout: 300.0s exceeded,479,21.16838264042747
200,2026-09-14T02:19:31.724+00:00,2026-09-14T02:24:25.344+00:00,2026-09-14T02:24:31.799+00:00,False,97,96.0,,96.0,293620.523661,300075.282061,300075.28204,3093.559608659794,0.03569,293620.523661,29805.827013423266,88.58654279999999,67.23706666666668,19.988857375175066,0.3199197192805934,7,64,,False,False,Request timeout: 300.0s exceeded,372,21.16838264042747
201,2026-09-14T02:19:35.069+00:00,2026-09-14T02:24:28.856+00:00,2026-09-14T02:24:35.078+00:00,False,93,92.0,,92.0,293787.288848,300009.098768,300009.098859,3225.9042888064514,0.0255,293787.288848,30457.316503333797,88.05131099999998,67.62836869565217,20.05731351259316,0.30665736598590465,7,64,,False,False,Request timeout: 300.0s exceeded,425,21.16838264042747
202,2026-09-14T02:19:40.583+00:00,2026-09-14T02:24:34.170+00:00,2026-09-14T02:24:40.672+00:00,False,95,94.0,,94.0,293586.610179,300088.442883,300088.442828,3158.8257139789475,0.02084,293586.610179,30114.260708923928,89.75494300000003,69.1684330212766,20.0289953678564,0.31324098688015517,7,64,,False,False,Request timeout: 300.0s exceeded,435,21.16838264042747
203,2026-09-14T02:19:44.771+00:00,2026-09-14T02:24:38.124+00:00,2026-09-14T02:24:44.845+00:00,False,95,94.0,,94.0,293352.340795,300073.406267,300073.406222,3158.66743391579,0.035709000000000005,293352.340795,30089.985850893176,90.24894199999999,71.50069651063829,19.958287239782866,0.313256683320882,7,64,,False,False,Request timeout: 300.0s exceeded,379,21.16838264042747
204,2026-09-14T02:19:49.445+00:00,2026-09-14T02:24:42.736+00:00,2026-09-14T02:24:49.526+00:00,False,113,112.0,,112.0,293290.97376599995,300080.588358,300080.58821799996,2655.5804267079643,0.01524,293290.97376599995,27585.5899677911,92.31853500000001,60.62155885714286,210.8737890696125,0.3732330725317779,7,64,,False,False,Request timeout: 300.0s exceeded,478,21.16838264042747
205,2026-09-14T02:19:54.512+00:00,2026-09-14T02:24:48.871+00:00,2026-09-14T02:24:54.542+00:00,False,81,80.0,,80.0,294358.91326099995,300030.44836499996,300030.44840399997,3704.0796099259255,0.03666,294358.91326099995,32698.67522958321,91.18485700000001,70.8941888,20.657792209016865,0.26663960420002625,7,64,,False,False,Request timeout: 300.0s exceeded,374,21.16838264042747
206,2026-09-14T02:19:59.403+00:00,2026-09-14T02:24:53.032+00:00,2026-09-14T02:24:59.461+00:00,False,99,98.0,,98.0,293628.396245,300057.856213,300057.856308,3030.8874374545458,0.0,293628.396245,29504.248081222293,86.8801958,65.60673436734695,68.02546589696841,0.32660367982644456,7,64,,False,False,Request timeout: 300.0s exceeded,478,21.16838264042747
207,2026-09-14T02:20:04.583+00:00,2026-09-14T02:24:58.425+00:00,2026-09-14T02:25:04.606+00:00,False,94,93.0,,93.0,293841.69168800005,300022.86391200003,300022.86390500003,3191.7325947340432,0.059158999999999996,293841.69168800005,30300.607305804286,86.04262829999999,66.4642174623656,19.460486702032593,0.30997637575807524,7,64,,False,False,Request timeout: 300.0s exceeded,509,21.16838264042747
208,2026-09-14T02:20:07.744+00:00,2026-09-14T02:25:01.678+00:00,2026-09-14T02:25:07.751+00:00,False,92,91.0,,91.0,293933.648817,300006.613937,300006.61394199997,3260.941455891304,0.036950000000000004,293933.648817,30637.75001390772,87.82885900000001,66.73588043956045,19.96416657829237,0.30332664605557524,7,64,,False,False,Request timeout: 300.0s exceeded,449,21.16838264042747
209,2026-09-14T02:20:10.931+00:00,2026-09-14T02:25:04.433+00:00,2026-09-14T02:25:10.998+00:00,False,97,96.0,,96.0,293502.142941,300067.172573,300067.172367,3093.4760037835053,0.04201,293502.142941,29793.69056517546,88.3088336,68.38572533333333,19.86568073732029,0.3199283652950915,7,64,,False,False,Request timeout: 300.0s exceeded,514,21.16838264042747
210,2026-09-14T02:20:15.001+00:00,2026-09-14T02:25:09.010+00:00,2026-09-14T02:25:15.078+00:00,False,89,88.0,,88.0,294008.594723,300076.928035,300076.927999,3371.6508763932584,0.03567,294008.594723,31157.545694453183,88.72177640000001,68.9583330909091,20.322086719645927,0.29325813409332147,7,64,,False,False,Request timeout: 300.0s exceeded,331,21.16838264042747
211,2026-09-14T02:20:19.338+00:00,2026-09-14T02:25:13.166+00:00,2026-09-14T02:25:19.375+00:00,False,90,89.0,,89.0,293828.142428,300037.441116,300037.441045,3333.749344944444,0.029998999999999998,293828.142428,30964.858346731315,90.61312695000001,69.76740098876405,20.615470025374236,0.2966296461833607,7,64,,False,False,Request timeout: 300.0s exceeded,429,21.16838264042747
212,2026-09-14T02:20:24.084+00:00,2026-09-14T02:25:17.854+00:00,2026-09-14T02:25:24.125+00:00,False,95,94.0,,94.0,293769.402346,300040.68093800003,300040.681012,3158.3229580210527,0.038700000000000005,293769.402346,30133.266980487402,89.36106799999999,66.71572970212766,20.853221887301064,0.3132908501145017,7,64,,False,False,Request timeout: 300.0s exceeded,429,21.16838264042747
213,2026-09-14T02:20:29.948+00:00,2026-09-14T02:25:23.798+00:00,2026-09-14T02:25:30.013+00:00,False,89,88.0,,88.0,293849.504959,300065.138367,300065.138375,3371.518408707865,0.02577,293849.504959,31140.504804011685,90.55812879999999,70.63219781818181,20.347782995863867,0.29326965631165736,7,64,,False,False,Request timeout: 300.0s exceeded,401,21.16838264042747
214,2026-09-14T02:20:33.730+00:00,2026-09-14T02:25:27.551+00:00,2026-09-14T02:25:33.816+00:00,False,88,87.0,,87.0,293821.381453,300086.663757,300086.663834,3410.075725386364,0.03772,293821.381453,31313.794099607494,91.74288335000001,72.01473912643678,20.126239078651082,0.289916249228755,7,64,,False,False,Request timeout: 300.0s exceeded,324,21.16838264042747
215,2026-09-14T02:20:37.895+00:00,2026-09-14T02:25:32.008+00:00,2026-09-14T02:25:37.968+00:00,False,88,87.0,,87.0,294113.31583,300073.249014,300073.24893299997,3409.923283329545,0.03258,294113.31583,31345.288330868185,90.62992624999998,68.50497912643678,19.7872420147225,0.28992920990414905,7,64,,False,False,Request timeout: 300.0s exceeded,443,21.16838264042747
216,2026-09-14T02:20:42.574+00:00,2026-09-14T02:25:36.377+00:00,2026-09-14T02:25:42.633+00:00,False,91,90.0,,90.0,293803.572167,300059.083207,300059.08318699995,3297.352562494505,0.02151,293803.572167,30791.70290943064,89.030667,69.50567822222223,19.516878525504985,0.29994092842679326,7,64,,False,False,Request timeout: 300.0s exceeded,493,21.16838264042747
217,2026-09-14T02:20:45.934+00:00,2026-09-14T02:25:39.773+00:00,2026-09-14T02:25:46.012+00:00,False,93,92.0,,92.0,293838.303756,300077.149196,300077.149272,3226.6360136774197,0.04813,293838.303756,30462.58763069962,88.88580459999999,67.81353739130435,20.55782503699889,0.3065878233197583,7,64,,False,False,Request timeout: 300.0s exceeded,386,21.16838264042747
218,2026-09-14T02:20:49.812+00:00,2026-09-14T02:25:43.851+00:00,2026-09-14T02:25:49.824+00:00,False,85,84.0,,84.0,294038.885715,300011.668051,300011.667944,3529.549034635294,0.049509,294038.885715,31885.288840792084,90.5796146,71.10455161904761,19.94664436588771,0.27998911024260753,7,64,,False,False,Request timeout: 300.0s exceeded,209,21.16838264042747
219,2026-09-14T02:20:54.915+00:00,2026-09-14T02:25:48.907+00:00,2026-09-14T02:25:54.985+00:00,False,95,94.0,,94.0,293992.201551,300070.611791,300070.611632,3158.6380171789474,0.0,293992.201551,30156.40968149243,89.26195,64.66393872340426,70.10235426330895,0.3132596005951801,7,64,,False,False,Request timeout: 300.0s exceeded,360,21.16838264042747
220,2026-09-14T02:20:59.127+00:00,2026-09-14T02:25:52.776+00:00,2026-09-14T02:25:59.162+00:00,False,97,96.0,,96.0,293649.29478600004,300035.01280200004,300035.01279800007,3093.144461835052,0.02869,293649.29478600004,29808.821642136838,89.557664,66.517896,20.500032881983078,0.31996265736943375,7,64,,False,False,Request timeout: 300.0s exceeded,414,21.16838264042747
221,2026-09-14T02:21:04.820+00:00,2026-09-14T02:25:58.381+00:00,2026-09-14T02:26:04.909+00:00,False,94,93.0,,93.0,293561.747913,300089.843913,300089.843967,3192.4451485851064,0.02348,293561.747913,30271.349148381214,89.405951,70.19458064516128,20.36710514094412,0.3099071890848859,7,64,,False,False,Request timeout: 300.0s exceeded,442,21.16838264042747
222,2026-09-14T02:21:08.056+00:00,2026-09-14T02:26:01.598+00:00,2026-09-14T02:26:08.114+00:00,False,98,97.0,,97.0,293542.01855599997,300057.32633199997,300057.326287,3061.809451908163,0.03513,293542.01855599997,29645.44382031851,90.69843399999999,67.16812140206186,20.663806925678436,0.32327156009073366,7,64,,False,False,Request timeout: 300.0s exceeded,357,21.16838264042747
223,2026-09-14T02:21:13.018+00:00,2026-09-14T02:26:06.819+00:00,2026-09-14T02:26:13.081+00:00,False,93,92.0,,92.0,293800.546884,300062.699332,300062.699397,3226.4806386774194,0.035840000000000004,293800.546884,30458.645980772057,88.40056359999998,68.0668744347826,20.292889762016422,0.3066025874086001,7,64,,False,False,Request timeout: 300.0s exceeded,350,21.16838264042747
224,2026-09-14T02:21:16.322+00:00,2026-09-14T02:26:10.191+00:00,2026-09-14T02:26:16.339+00:00,False,89,88.0,,88.0,293868.47462199995,300016.487422,300016.48728599993,3370.9717672584266,0.01993,293868.47462199995,31142.596188413856,88.765776,69.8637818181818,18.990467843284293,0.2933172131844213,7,64,,False,False,Request timeout: 300.0s exceeded,406,21.16838264042747
225,2026-09-14T02:21:19.921+00:00,2026-09-14T02:26:13.624+00:00,2026-09-14T02:26:19.988+00:00,False,96,95.0,,95.0,293703.57585100003,300066.885675,300066.885781,3125.696726885417,0.0237,293703.57585100003,29969.166303673992,89.03668925000002,66.98220867368421,20.5342300374206,0.31659608085809815,7,64,,False,False,Request timeout: 300.0s exceeded,468,21.16838264042747
226,2026-09-14T02:21:23.646+00:00,2026-09-14T02:26:17.321+00:00,2026-09-14T02:26:23.731+00:00,False,97,96.0,,96.0,293675.116762,300084.90620200004,300084.90626400005,3093.6588274639175,0.02788,293675.116762,29811.41840871617,88.86261480000002,66.76864,21.082528829018678,0.31990945900950535,7,64,,False,False,Request timeout: 300.0s exceeded,446,21.16838264042747
227,2026-09-14T02:21:28.922+00:00,2026-09-14T02:26:22.501+00:00,2026-09-14T02:26:28.944+00:00,False,96,95.0,,95.0,293579.517097,300021.99517699995,300021.99525,3125.2291171875,0.040920000000000005,293579.517097,29956.419828874583,90.12953675,67.8155587368421,20.92735472449876,0.3166434512374805,7,64,,False,False,Request timeout: 300.0s exceeded,434,21.16838264042747
228,2026-09-14T02:21:34.627+00:00,2026-09-14T02:26:28.203+00:00,2026-09-14T02:26:34.703+00:00,False,97,96.0,,96.0,293575.827796,300076.08097999997,300076.080917,3093.5678445051544,0.03612,293575.827796,29801.240916719173,89.09675360000001,67.71097066666667,20.284081397415456,0.3199188675301261,7,64,,False,False,Request timeout: 300.0s exceeded,415,21.16838264042747
229,2026-09-14T02:21:39.775+00:00,2026-09-14T02:26:33.576+00:00,2026-09-14T02:26:39.789+00:00,False,95,94.0,,94.0,293800.940252,300014.4271,300014.42702,3158.0466002105263,0.02072,293800.940252,30136.56531541123,88.37081400000001,66.10092391489361,20.165476290319983,0.31331826575349386,7,64,,False,False,Request timeout: 300.0s exceeded,456,21.16838264042747
230,2026-09-14T02:21:43.296+00:00,2026-09-14T02:26:36.933+00:00,2026-09-14T02:26:43.362+00:00,False,96,95.0,,95.0,293637.37476,300066.153512,300066.153552,3125.6890995,0.03707,293637.37476,29962.339413876147,88.9113375,67.67135528421053,20.629642880119643,0.3165968533542083,7,64,,False,False,Request timeout: 300.0s exceeded,456,21.16838264042747
231,2026-09-14T02:21:48.782+00:00,2026-09-14T02:26:42.897+00:00,2026-09-14T02:26:48.848+00:00,False,97,96.0,,96.0,294115.303013,300066.013029,300066.013046,3093.4640520206185,0.0,294115.303013,29856.660223332234,90.7724716,61.986562666666664,64.76065730541029,0.3199296015931069,7,64,,False,False,Request timeout: 300.0s exceeded,274,21.16838264042747
232,2026-09-14T02:21:53.174+00:00,2026-09-14T02:26:47.658+00:00,2026-09-14T02:26:53.225+00:00,False,85,84.0,,84.0,294484.233727,300051.499007,300051.498868,3530.0176337411767,0.03454,294484.233727,31934.117550110157,89.90852360000001,66.27696761904762,20.457999455263767,0.2799519425098434,7,64,,False,False,Request timeout: 300.0s exceeded,329,21.16838264042747
233,2026-09-14T02:21:57.120+00:00,2026-09-14T02:26:50.695+00:00,2026-09-14T02:26:57.155+00:00,False,97,96.0,,96.0,293574.779439,300034.810927,300034.810995,3093.1423813917527,0.02553,293574.779439,29801.176701730124,88.1847138,67.29199466666667,19.817128754103397,0.3199628726526579,7,64,,False,False,Request timeout: 300.0s exceeded,428,21.16838264042747
234,2026-09-14T02:22:01.167+00:00,2026-09-14T02:26:55.042+00:00,2026-09-14T02:27:01.195+00:00,False,90,89.0,,89.0,293874.50459799997,300028.19470999995,300028.19471999997,3333.6466079999996,0.037759999999999995,293874.50459799997,30969.81108067284,89.3459889,69.14258552808988,20.42002769856816,0.2966387878513393,7,64,,False,False,Request timeout: 300.0s exceeded,355,21.16838264042747
235,2026-09-14T02:22:05.042+00:00,2026-09-14T02:26:58.515+00:00,2026-09-14T02:27:05.101+00:00,False,95,94.0,,94.0,293473.075358,300058.512798,300058.513009,3158.5106632526317,0.037090000000000005,293473.075358,30102.52073043178,89.1600814,70.05784510638298,19.56458889622864,0.3132722318839225,7,64,,False,False,Request timeout: 300.0s exceeded,376,21.16838264042747
236,2026-09-14T02:22:10.803+00:00,2026-09-14T02:27:04.671+00:00,2026-09-14T02:27:10.889+00:00,False,95,94.0,,94.0,293868.229814,300085.89714200003,300085.897162,3158.798917494737,0.04341,293868.229814,30143.46454634384,88.719419,66.14539710638299,20.213813885181935,0.3132436442207059,7,64,,False,False,Request timeout: 300.0s exceeded,347,21.16838264042747
237,2026-09-14T02:22:14.590+00:00,2026-09-14T02:27:08.739+00:00,2026-09-14T02:27:14.598+00:00,False,88,87.0,,87.0,294149.100423,300007.595655,300007.595609,3409.1772228295454,0.035768999999999995,294149.100423,31349.227742839037,89.5756312,67.3390256551724,20.5287346852216,0.28999265771939814,7,64,,False,False,Request timeout: 300.0s exceeded,460,21.16838264042747
238,2026-09-14T02:22:19.893+00:00,2026-09-14T02:27:13.696+00:00,2026-09-14T02:27:19.934+00:00,False,94,93.0,,93.0,293802.460727,300041.032759,300041.032721,3191.9258800106386,0.04297,293802.460727,30296.498302658376,89.72185929999999,67.08141969892473,21.004767652922546,0.30995760528094096,7,64,,False,False,Request timeout: 300.0s exceeded,443,21.16838264042747
239,2026-09-14T02:22:24.347+00:00,2026-09-14T02:27:18.235+00:00,2026-09-14T02:27:24.386+00:00,False,90,89.0,,89.0,293888.77481699997,300038.99971299997,300038.99962699995,3333.766662522222,0.023129999999999998,293888.77481699997,30971.31900214434,89.471227,69.10365051685393,19.803923768796622,0.2966281052967524,7,64,,False,False,Request timeout: 300.0s exceeded,407,21.16838264042747
240,2026-09-14T02:22:29.160+00:00,2026-09-14T02:27:22.816+00:00,2026-09-14T02:27:29.181+00:00,False,93,92.0,,92.0,293656.19156,300021.25908,300021.258997,3226.035042978495,0.042159999999999996,293656.19156,30443.560203841884,87.22471300000001,69.18551652173913,18.987738919108878,0.3066449367025302,7,64,,False,False,Request timeout: 300.0s exceeded,425,21.16838264042747
241,2026-09-14T02:22:34.671+00:00,2026-09-14T02:27:28.804+00:00,2026-09-14T02:27:34.733+00:00,False,93,92.0,,92.0,294132.645056,300062.45830399997,300062.458352,3226.478046795699,0.05759,294132.645056,30493.457035634357,87.373451,64.45449182608695,19.517902748933018,0.30660283369002045,7,64,,False,False,Request timeout: 300.0s exceeded,301,21.16838264042747
242,2026-09-14T02:22:40.084+00:00,2026-09-14T02:27:34.186+00:00,2026-09-14T02:27:40.155+00:00,False,86,85.0,,85.0,294102.00103399996,300070.52916199993,300070.52912799997,3489.19219916279,0.019600000000000003,294102.00103399996,31706.268458057,88.65372224999999,70.21797797647059,19.42618608103357,0.28326673811446107,7,64,,False,False,Request timeout: 300.0s exceeded,329,21.16838264042747
243,2026-09-14T02:22:45.139+00:00,2026-09-14T02:27:38.885+00:00,2026-09-14T02:27:45.175+00:00,False,97,96.0,,96.0,293746.817756,300035.945692,300035.94568299997,3093.154079206185,0.0,293746.817756,29818.896475434303,91.11239739999999,65.51174933333334,68.42661303057533,0.3199616625220906,7,64,,False,False,Request timeout: 300.0s exceeded,432,21.16838264042747
244,2026-09-14T02:22:48.991+00:00,2026-09-14T02:27:42.825+00:00,2026-09-14T02:27:49.038+00:00,False,96,95.0,,95.0,293834.00433200004,300046.78513200005,300046.78527100006,3125.487346572917,0.039189999999999996,293834.00433200004,29982.64025233546,89.15000375000001,65.39769263157895,21.161740664262876,0.31661729006097,7,64,,False,False,Request timeout: 300.0s exceeded,358,21.16838264042747
245,2026-09-14T02:22:52.352+00:00,2026-09-14T02:27:46.086+00:00,2026-09-14T02:27:52.398+00:00,False,91,90.0,,90.0,293734.117845,300046.011861,300046.011724,3297.208920043956,0.03485,293734.117845,30784.356357728204,89.161262,70.13215573333333,19.37382477081284,0.299953995194889,7,64,,False,False,Request timeout: 300.0s exceeded,475,21.16838264042747
246,2026-09-14T02:22:56.845+00:00,2026-09-14T02:27:50.601+00:00,2026-09-14T02:27:56.929+00:00,False,93,92.0,,92.0,293755.635871,300083.474591,300083.474607,3226.704028032258,0.03442,293755.635871,30453.91536582734,88.24385760000001,68.78085565217391,21.00187205288721,0.3065813608209908,7,64,,False,False,Request timeout: 300.0s exceeded,328,21.16838264042747
247,2026-09-14T02:23:01.428+00:00,2026-09-14T02:27:54.863+00:00,2026-09-14T02:28:01.437+00:00,False,101,100.0,,100.0,293435.540459,300009.518315,300009.518305,2970.3912703465344,0.04514,293435.540459,29191.39415436227,88.696033,65.73977856,21.636437793047374,0.3333227577633165,7,64,,False,False,Request timeout: 300.0s exceeded,285,21.16838264042747
248,2026-09-14T02:23:04.944+00:00,2026-09-14T02:27:58.566+00:00,2026-09-14T02:28:04.992+00:00,False,97,96.0,,96.0,293622.12249599997,300048.44364799996,300048.443584,3093.2829235463914,0.02228,293622.12249599997,29806.019213817686,86.704931,66.94084533333334,19.664627837915322,0.3199483351182512,7,64,,False,False,Request timeout: 300.0s exceeded,434,21.16838264042747
249,2026-09-14T02:23:08.523+00:00,2026-09-14T02:28:02.293+00:00,2026-09-14T02:28:08.579+00:00,False,92,91.0,,91.0,293770.387185,300056.404465,300056.404439,3261.4826569456523,0.02503,293770.387185,30620.485209444865,91.24845010000001,69.07711296703297,20.701170774839575,0.3032763128727508,7,64,,False,False,Request timeout: 300.0s exceeded,309,21.16838264042747
250,2026-09-14T02:23:13.404+00:00,2026-09-14T02:28:07.810+00:00,2026-09-14T02:28:14.720+00:00,False,62,61.0,,61.0,294406.64736400003,301316.835908,301316.83580000006,4859.948964516129,0.050069,294406.64736400003,37376.86781395333,93.45476034999997,113.28177940983606,345.7536571891507,0.20244471178047585,7,64,,False,False,Request timeout: 300.0s exceeded,303,21.16838264042747
251,2026-09-14T02:23:16.986+00:00,2026-09-14T02:28:10.648+00:00,2026-09-14T02:28:17.003+00:00,False,106,105.0,,105.0,293661.735828,300017.157268,300017.157408,2830.350541584906,0.015189,293661.735828,28518.245689455518,93.47498999999999,60.52782323809524,260.1656427484199,0.34997998433204724,7,64,,False,False,Request timeout: 300.0s exceeded,427,21.16838264042747
252,2026-09-14T02:23:22.035+00:00,2026-09-14T02:28:16.021+00:00,2026-09-14T02:28:22.045+00:00,False,87,86.0,,86.0,293986.088176,300009.352176,300009.35210099997,3448.3833574827586,0.019440000000000002,293986.088176,31511.11422526359,88.8596083,70.03795348837208,19.66019269057858,0.28665773042151116,7,64,,False,False,Request timeout: 300.0s exceeded,357,21.16838264042747
253,2026-09-14T02:23:27.568+00:00,2026-09-14T02:28:21.106+00:00,2026-09-14T02:28:27.634+00:00,False,94,93.0,,93.0,293538.68790799996,300066.45264399995,300066.452618,3192.196304446808,0.05631,293538.68790799996,30268.970811305855,88.587521,70.19101866666666,19.99230829619843,0.3099313474750061,7,64,,False,False,Request timeout: 300.0s exceeded,428,21.16838264042747
254,2026-09-14T02:23:33.385+00:00,2026-09-14T02:28:26.838+00:00,2026-09-14T02:28:33.409+00:00,False,97,96.0,,96.0,293453.002707,300023.574227,300023.574387,3093.026540072165,0.02801,293453.002707,29788.695748007205,89.60974460000001,68.44345333333332,20.577743282932197,0.3199748561336907,7,64,,False,False,Request timeout: 300.0s exceeded,415,21.16838264042747
255,2026-09-14T02:23:37.132+00:00,2026-09-14T02:28:31.310+00:00,2026-09-14T02:28:37.748+00:00,False,83,82.0,,82.0,294178.011872,300616.372192,300616.372151,3621.8840018192773,0.04776,294178.011872,32281.679744706744,91.5245583,78.51658926829268,65.81937166861212,0.27277290122983594,7,64,,False,False,Request timeout: 300.0s exceeded,339,21.16838264042747
256,2026-09-14T02:23:40.463+00:00,2026-09-14T02:28:34.693+00:00,2026-09-14T02:28:40.512+00:00,False,90,89.0,,89.0,294230.310495,300049.24476699997,300049.244642,3333.880496022222,0.0,294230.310495,31007.779589985992,88.54997999999999,65.38128395505618,67.87566157866375,0.29661797705610626,7,64,,False,False,Request timeout: 300.0s exceeded,385,21.16838264042747
257,2026-09-14T02:23:46.150+00:00,2026-09-14T02:28:39.707+00:00,2026-09-14T02:28:46.184+00:00,False,95,94.0,,94.0,293556.377436,300033.946204,300033.946112,3158.252064336842,0.037509999999999995,293556.377436,30111.185250895855,88.431309,68.91030604255319,19.833491458245398,0.31329788242056866,7,64,,False,False,Request timeout: 300.0s exceeded,434,21.16838264042747
258,2026-09-14T02:23:49.998+00:00,2026-09-14T02:28:43.526+00:00,2026-09-14T02:28:50.058+00:00,False,97,96.0,,96.0,293528.19357099995,300059.5932509999,300059.59325299994,3093.397868587628,0.03394,293528.19357099995,29796.371321452363,89.2966196,68.03541333333332,20.08811293293166,0.3199364464901343,7,64,,False,False,Request timeout: 300.0s exceeded,491,21.16838264042747
259,2026-09-14T02:23:54.832+00:00,2026-09-14T02:28:48.654+00:00,2026-09-14T02:28:54.863+00:00,False,94,93.0,,93.0,293821.792198,300030.34746200003,300030.347411,3191.8122065000002,0.017388999999999998,293821.792198,30298.525246703015,90.33033565,66.75865875268816,20.65966446935649,0.30996864412783715,7,64,,False,False,Request timeout: 300.0s exceeded,461,21.16838264042747
260,2026-09-14T02:23:59.496+00:00,2026-09-14T02:28:53.643+00:00,2026-09-14T02:28:59.509+00:00,False,86,85.0,,85.0,294147.314305,300013.132673,300013.132782,3488.5247997906977,0.047729999999999995,294147.314305,31711.286032703698,90.05749275,69.00962785882352,21.044241515540435,0.283320930796206,7,64,,False,False,Request timeout: 300.0s exceeded,406,21.16838264042747
261,2026-09-14T02:24:05.345+00:00,2026-09-14T02:28:58.738+00:00,2026-09-14T02:29:05.395+00:00,False,99,98.0,,98.0,293392.947912,300049.503688,300049.50366,3030.8030672727273,0.01742,293392.947912,29480.28162707283,92.307517,67.92403853061225,21.15308530011466,0.3266127715442022,7,64,,False,False,Request timeout: 300.0s exceeded,433,21.16838264042747
262,2026-09-14T02:24:08.999+00:00,2026-09-14T02:29:02.727+00:00,2026-09-14T02:29:09.063+00:00,False,91,90.0,,90.0,293727.98073799995,300064.44870599994,300064.44868199993,3297.4115239780217,0.02082,293727.98073799995,30783.685364426707,90.9715935,70.40519964444445,20.878950024632584,0.2999355651364786,7,64,,False,False,Request timeout: 300.0s exceeded,460,21.16838264042747
263,2026-09-14T02:24:12.218+00:00,2026-09-14T02:29:06.514+00:00,2026-09-14T02:29:12.244+00:00,False,86,85.0,,85.0,294296.248092,300025.748764,300025.74863700004,3488.67149577907,0.04381,294296.248092,31727.518259931898,89.44714174999999,67.40589025882353,20.030821377008273,0.2833090171432617,7,64,,False,False,Request timeout: 300.0s exceeded,426,21.16838264042747
264,2026-09-14T02:24:15.973+00:00,2026-09-14T02:29:09.740+00:00,2026-09-14T02:29:16.047+00:00,False,96,95.0,,95.0,293766.724862,300073.845758,300073.845688,3125.7692259166665,0.0441,293766.724862,29975.671893396408,87.15324349999999,66.39074627368421,20.69034610927369,0.31658873754900474,7,64,,False,False,Request timeout: 300.0s exceeded,477,21.16838264042747
265,2026-09-14T02:24:20.510+00:00,2026-09-14T02:29:14.047+00:00,2026-09-14T02:29:20.566+00:00,False,100,99.0,,99.0,293536.311941,300055.380613,300055.38068,3000.5538068,0.03593,293536.311941,29347.053081294438,88.79172885,65.8491785050505,20.08720274605349,0.3299390925693361,7,64,,False,False,Request timeout: 300.0s exceeded,466,21.16838264042747
266,2026-09-14T02:24:24.796+00:00,2026-09-14T02:29:18.138+00:00,2026-09-14T02:29:24.849+00:00,False,96,95.0,,95.0,293341.318996,300052.31240399997,300052.31244899996,3125.54492134375,0.01704,293341.318996,29931.81992985583,91.2934245,70.64203587368421,20.28585018489624,0.3166114576450555,7,64,,False,False,Request timeout: 300.0s exceeded,364,21.16838264042747
267,2026-09-14T02:24:28.281+00:00,2026-09-14T02:29:22.169+00:00,2026-09-14T02:29:28.293+00:00,False,86,85.0,,85.0,293887.928954,300012.596858,300012.596855,3488.518568081395,0.02312,293887.928954,31682.98638239081,89.30148849999999,72.05491651764706,19.40681279401867,0.2833214368003076,7,64,,False,False,Request timeout: 300.0s exceeded,432,21.16838264042747
268,2026-09-14T02:24:31.791+00:00,2026-09-14T02:29:25.880+00:00,2026-09-14T02:29:31.820+00:00,False,87,86.0,,86.0,294089.234602,300029.428394,300029.428203,3448.6141172758616,0.01898,294089.234602,31522.27662180022,89.22888160000001,69.0720208372093,20.270495711485804,0.2866385489594855,7,64,,False,False,Request timeout: 300.0s exceeded,362,21.16838264042747
269,2026-09-14T02:24:37.202+00:00,2026-09-14T02:29:30.912+00:00,2026-09-14T02:29:37.268+00:00,False,103,102.0,,102.0,293709.511278,300065.60830200004,300065.60841000004,2913.25833407767,0.0,293709.511278,28933.986631371838,92.41531370000001,62.314676705882356,63.319441925075736,0.33992566018209736,7,64,,False,False,Request timeout: 300.0s exceeded,519,21.16838264042747
270,2026-09-14T02:24:41.753+00:00,2026-09-14T02:29:35.309+00:00,2026-09-14T02:29:41.779+00:00,False,96,95.0,,95.0,293555.975356,300026.280892,300026.280907,3125.2737594479167,0.03676,293555.975356,29953.986897794028,89.48219850000001,68.10847932631579,20.464012216322264,0.3166389281550872,7,64,,False,False,Request timeout: 300.0s exceeded,212,21.16838264042747
271,2026-09-14T02:24:47.534+00:00,2026-09-14T02:29:40.166+00:00,2026-09-14T02:29:47.682+00:00,False,117,116.0,,116.0,292631.843652,300147.73178000003,300147.73169600003,2565.36522817094,0.057159999999999996,292631.843652,27047.841250696645,90.1678472,64.79213903448276,20.590854669528397,0.3864763505360247,7,64,,False,False,Request timeout: 300.0s exceeded,453,21.16838264042747
272,2026-09-14T02:24:51.054+00:00,2026-09-14T02:29:44.550+00:00,2026-09-14T02:29:51.099+00:00,False,105,104.0,,104.0,293496.28940899996,300045.305985,300045.30590399995,2857.574341942857,0.07119,293496.28940899996,28636.167242791547,89.14693140000001,62.97131323076923,20.94922928383382,0.3466143209892416,7,64,,False,False,Request timeout: 300.0s exceeded,478,21.16838264042747
273,2026-09-14T02:24:54.626+00:00,2026-09-14T02:29:48.908+00:00,2026-09-14T02:29:54.690+00:00,False,83,82.0,,82.0,294281.568394,300064.33729,300064.337277,3615.2329792409637,0.04211,294281.568394,32293.864081999847,88.72842800000001,70.52157190243902,20.210038215154746,0.27327472748202775,7,64,,False,False,Request timeout: 300.0s exceeded,388,21.16838264042747
274,2026-09-14T02:24:58.870+00:00,2026-09-14T02:29:52.518+00:00,2026-09-14T02:29:58.928+00:00,False,95,94.0,,94.0,293648.739084,300057.990668,300057.990794,3158.5051662526316,0.03628,293648.739084,30120.73663543529,90.6286624,68.18352748936171,20.90336989579134,0.3132727770079836,7,64,,False,False,Request timeout: 300.0s exceeded,454,21.16838264042747
275,2026-09-14T02:25:03.447+00:00,2026-09-14T02:29:56.841+00:00,2026-09-14T02:30:03.519+00:00,False,99,98.0,,98.0,293394.505933,300072.283597,300072.283536,3031.033167030303,0.038700000000000005,293394.505933,29480.416069111576,90.0004118,68.14058840816327,20.609811005958257,0.3265879768209947,7,64,,False,False,Request timeout: 300.0s exceeded,473,21.16838264042747
276,2026-09-14T02:25:07.886+00:00,2026-09-14T02:30:01.414+00:00,2026-09-14T02:30:07.943+00:00,False,96,95.0,,95.0,293527.323807,300056.22364700004,300056.223724,3125.585663791667,0.033098999999999996,293527.323807,29950.99960869429,88.65774775,68.72526147368421,20.31082022978012,0.3166073306040217,7,64,,False,False,Request timeout: 300.0s exceeded,419,21.16838264042747
277,2026-09-14T02:25:12.753+00:00,2026-09-14T02:30:06.455+00:00,2026-09-14T02:30:12.826+00:00,False,93,92.0,,92.0,293701.595702,300073.157686,300073.15782200004,3226.5930948602154,0.02078,293701.595702,30448.262091945948,91.9974556,69.25610852173912,20.57367845746659,0.3065919014864697,7,64,,False,False,Request timeout: 300.0s exceeded,422,21.16838264042747
278,2026-09-14T02:25:18.041+00:00,2026-09-14T02:30:11.623+00:00,2026-09-14T02:30:18.114+00:00,False,98,97.0,,97.0,293581.612748,300073.01652400004,300073.01645500003,3061.9695556632655,0.09008,293581.612748,29649.467707988188,89.26528569999999,66.92168841237114,19.741041594850472,0.3232546568952889,7,64,,False,False,Request timeout: 300.0s exceeded,365,21.16838264042747
279,2026-09-14T02:25:23.308+00:00,2026-09-14T02:30:16.997+00:00,2026-09-14T02:30:23.394+00:00,False,93,92.0,,92.0,293689.091496,300085.970088,300085.970112,3226.730861419355,0.03033,293689.091496,30446.93646300809,89.88256059999999,69.53128904347827,19.860011133915076,0.3065788113087095,7,64,,False,False,Request timeout: 300.0s exceeded,259,21.16838264042747
280,2026-09-14T02:25:27.241+00:00,2026-09-14T02:30:21.121+00:00,2026-09-14T02:30:27.250+00:00,False,89,88.0,,88.0,293879.735906,300008.252514,300008.252379,3370.879240213483,0.03364,293879.735906,31143.814309366062,90.2515354,69.64223418181818,20.49582533207685,0.2933252644304958,7,64,,False,False,Request timeout: 300.0s exceeded,286,21.16838264042747
281,2026-09-14T02:25:30.560+00:00,2026-09-14T02:30:24.531+00:00,2026-09-14T02:30:30.626+00:00,False,97,96.0,,96.0,293970.885565,300065.367997,300065.36810900003,3093.4574031855673,0.0,293970.885565,29841.847142194863,93.1081776,63.484192,65.83021296374817,0.31993028932602374,7,64,,False,False,Request timeout: 300.0s exceeded,462,21.16838264042747
282,2026-09-14T02:25:34.139+00:00,2026-09-14T02:30:28.318+00:00,2026-09-14T02:30:34.151+00:00,False,92,91.0,,91.0,294178.693,300011.58336800005,300011.583257,3260.995470184783,0.07839,294178.693,30663.573481097657,91.3105631,64.09769635164835,21.171112941098173,0.3033216217134444,7,64,,False,False,Request timeout: 300.0s exceeded,407,21.16838264042747
283,2026-09-14T02:25:37.689+00:00,2026-09-14T02:30:31.586+00:00,2026-09-14T02:30:37.724+00:00,False,89,88.0,,88.0,293897.33002600004,300035.112298,300035.11217900005,3371.1810357191016,0.023839,293897.33002600004,31145.668195973456,90.16356540000001,69.74752581818181,20.610658502210686,0.29329900532640624,7,64,,False,False,Request timeout: 300.0s exceeded,331,21.16838264042747
284,2026-09-14T02:25:42.663+00:00,2026-09-14T02:30:36.062+00:00,2026-09-14T02:30:42.704+00:00,False,101,100.0,,100.0,293398.84062300005,300041.0803670001,300041.08037100005,2970.7037660495057,0.036588999999999997,293398.84062300005,29187.673726349818,89.85526099999998,66.42239744,20.60955073066149,0.33328769473061287,7,64,,False,False,Request timeout: 300.0s exceeded,219,21.16838264042747
285,2026-09-14T02:25:47.542+00:00,2026-09-14T02:30:41.171+00:00,2026-09-14T02:30:47.548+00:00,False,95,94.0,,94.0,293629.651778,300006.683202,300006.683376,3157.965088168421,0.02484,293629.651778,30118.812661059434,87.9463707,67.84075982978725,19.664084341139265,0.3133263532556309,7,64,,False,False,Request timeout: 300.0s exceeded,430,21.16838264042747
286,2026-09-14T02:25:51.748+00:00,2026-09-14T02:30:45.382+00:00,2026-09-14T02:30:51.790+00:00,False,95,94.0,,94.0,293633.373682,300041.526258,300041.52621499996,3158.331854894737,0.021070000000000002,293633.373682,30119.16118154027,89.9760161,68.1718359148936,20.61446300564319,0.31328996746660726,7,64,,False,False,Request timeout: 300.0s exceeded,450,21.16838264042747
287,2026-09-14T02:25:57.414+00:00,2026-09-14T02:30:50.737+00:00,2026-09-14T02:30:57.440+00:00,False,101,100.0,,100.0,293322.805376,300026.29568,300026.295485,2970.557381039604,0.02586,293322.805376,29180.04694669195,90.03869,67.03490304,20.544659580362886,0.33330411847186,7,64,,False,False,Request timeout: 300.0s exceeded,417,21.16838264042747
288,2026-09-14T02:26:01.585+00:00,2026-09-14T02:30:54.581+00:00,2026-09-14T02:31:01.616+00:00,False,102,101.0,,101.0,292996.32734899997,300031.105973,300031.105909,2941.4814304803917,0.03075,292996.32734899997,29004.069669190794,89.6218536,69.6512735049505,19.975047648775465,0.3366317624716187,7,64,,False,False,Request timeout: 300.0s exceeded,455,21.16838264042747
289,2026-09-14T02:26:05.583+00:00,2026-09-14T02:30:59.179+00:00,2026-09-14T02:31:05.596+00:00,False,95,94.0,,94.0,293596.780965,300013.152933,300013.15283,3158.03318768421,0.017929999999999998,293596.780965,30115.397853717597,90.59765569999999,68.25927625531915,20.57895925385029,0.313319596427802,7,64,,False,False,Request timeout: 300.0s exceeded,406,21.16838264042747
290,2026-09-14T02:26:11.087+00:00,2026-09-14T02:31:04.743+00:00,2026-09-14T02:31:11.135+00:00,False,96,95.0,,95.0,293655.123157,300047.448789,300047.448793,3125.4942582604167,0.016640000000000002,293655.123157,29964.19011090757,89.184852,67.28763823157895,20.770483883962847,0.31661658975412954,7,64,,False,False,Request timeout: 300.0s exceeded,271,21.16838264042747
291,2026-09-14T02:26:15.163+00:00,2026-09-14T02:31:08.952+00:00,2026-09-14T02:31:15.194+00:00,False,95,94.0,,94.0,293788.871291,300031.018107,300031.018284,3158.221245094737,0.04395,293788.871291,30135.296347458214,90.19357040000001,66.40581719148936,20.99822239684518,0.313300939993067,7,64,,False,False,Request timeout: 300.0s exceeded,302,21.16838264042747
292,2026-09-14T02:26:20.106+00:00,2026-09-14T02:31:14.225+00:00,2026-09-14T02:31:20.147+00:00,False,92,91.0,,91.0,294118.60802999994,300040.32834999997,300040.32857899996,3261.307919336956,0.03598,294118.60802999994,30657.20668747389,87.57446205000001,65.07384967032966,20.069881833494932,0.30329256237130764,7,64,,False,False,Request timeout: 300.0s exceeded,472,21.16838264042747
293,2026-09-14T02:26:24.758+00:00,2026-09-14T02:31:18.555+00:00,2026-09-14T02:31:24.848+00:00,False,99,98.0,,98.0,293796.324385,300089.332257,300089.33227099996,3031.2053764747475,0.0,293796.324385,29521.266318271937,89.65734560000001,64.21436604081633,68.43213744144772,0.3265694227213371,7,64,,False,False,Request timeout: 300.0s exceeded,450,21.16838264042747
294,2026-09-14T02:26:28.337+00:00,2026-09-14T02:31:22.243+00:00,2026-09-14T02:31:28.348+00:00,False,89,88.0,,88.0,293906.282908,300011.614108,300011.613969,3370.9170108876406,0.033359,293906.282908,31146.65603788209,91.12193740000001,69.37876363636364,20.22459362400612,0.29332197775623853,7,64,,False,False,Request timeout: 300.0s exceeded,381,21.16838264042747
295,2026-09-14T02:26:33.580+00:00,2026-09-14T02:31:27.488+00:00,2026-09-14T02:31:33.644+00:00,False,89,88.0,,88.0,293908.62747899996,300064.37557499995,300064.37561499997,3371.509838370786,0.04807,293908.62747899996,31146.843243965286,88.6144508,69.9516829090909,19.286294752665924,0.2932704018308389,7,64,,False,False,Request timeout: 300.0s exceeded,386,21.16838264042747
296,2026-09-14T02:26:37.044+00:00,2026-09-14T02:31:30.708+00:00,2026-09-14T02:31:37.056+00:00,False,91,90.0,,90.0,293664.420038,300012.38061399997,300012.38079699996,3296.839349417582,0.03619,293664.420038,30777.008151996393,88.72937250000001,70.53289528888888,19.56176045111167,0.299987619896911,7,64,,False,False,Request timeout: 300.0s exceeded,162,21.16838264042747
297,2026-09-14T02:26:40.931+00:00,2026-09-14T02:31:34.059+00:00,2026-09-14T02:31:40.940+00:00,False,103,102.0,,102.0,293127.854544,300009.579216,300009.579137,2912.714360553398,0.02518,293127.854544,28876.104686233688,89.3105322,67.46788894117647,19.859221922300428,0.3399891439018431,7,64,,False,False,Request timeout: 300.0s exceeded,457,21.16838264042747
298,2026-09-14T02:26:45.988+00:00,2026-09-14T02:31:39.781+00:00,2026-09-14T02:31:46.555+00:00,False,105,104.0,,104.0,293792.662243,300566.968547,300566.968415,2862.5425563333333,0.04476,293792.662243,28664.87824539161,89.00679040000001,65.13756061538461,20.084812749930443,0.34601273886733624,7,64,,False,False,Request timeout: 300.0s exceeded,430,21.16838264042747
299,2026-09-14T02:26:51.549+00:00,2026-09-14T02:31:44.955+00:00,2026-09-14T02:31:51.637+00:00,False,100,99.0,,99.0,293405.375922,300088.00811399997,300088.008115,3000.8800811499996,0.03821,293405.375922,29333.794407681602,89.16513835000002,67.50133527272726,20.293870035864376,0.3299032194661742,7,64,,False,False,Request timeout: 300.0s exceeded,411,21.16838264042747
300,2026-09-14T02:26:56.555+00:00,2026-09-14T02:31:50.329+00:00,2026-09-14T02:31:56.561+00:00,False,96,95.0,,95.0,293773.590789,300005.68013299996,300005.68020299997,3125.05916878125,0.045219999999999996,293773.590789,29976.45316295254,89.23057875,65.6009404631579,20.558046170460106,0.3166606710842413,7,64,,False,False,Request timeout: 300.0s exceeded,456,21.16838264042747
301,2026-09-14T02:27:01.979+00:00,2026-09-14T02:31:55.615+00:00,2026-09-14T02:32:01.991+00:00,False,94,93.0,,93.0,293635.714837,300011.586325,300011.586458,3191.612621893617,0.047369999999999995,293635.714837,30279.14705026492,89.38621865,68.55775793548388,20.32594408004392,0.3099880279265411,7,64,,False,False,Request timeout: 300.0s exceeded,400,21.16838264042747
302,2026-09-14T02:27:06.855+00:00,2026-09-14T02:32:00.464+00:00,2026-09-14T02:32:06.862+00:00,False,107,106.0,,106.0,293608.990598,300007.50375000003,300007.503831,2803.808447018692,0.015169,293608.990598,28379.561650388863,91.3068834,60.36333162264151,256.1071545697168,0.353324495804382,7,64,,False,False,Request timeout: 300.0s exceeded,466,21.16838264042747
303,2026-09-14T02:27:10.473+00:00,2026-09-14T02:32:05.852+00:00,2026-09-14T02:32:10.518+00:00,False,71,70.0,,70.0,295379.345016,300045.54994399997,300045.550015,4225.993662183098,0.02861,295379.345016,35047.17406655984,92.8589645,66.6600704,21.122386493339118,0.2332979109773989,7,64,,False,False,Request timeout: 300.0s exceeded,313,21.16838264042747
304,2026-09-14T02:27:14.461+00:00,2026-09-14T02:32:08.499+00:00,2026-09-14T02:32:14.537+00:00,False,92,91.0,,91.0,294038.064971,300075.574347,300075.574276,3261.6910247391306,0.0178,294038.064971,30648.676699819756,87.57838009999999,66.34625687912087,19.85595498588639,0.30325693851632807,7,64,,False,False,Request timeout: 300.0s exceeded,485,21.16838264042747
305,2026-09-14T02:27:19.182+00:00,2026-09-14T02:32:12.690+00:00,2026-09-14T02:32:19.231+00:00,False,100,99.0,,99.0,293507.673796,300048.86573200003,300048.86574700003,3000.4886574700004,0.0,293507.673796,29344.22784948786,89.63050850000002,66.07264581818183,63.37028907403976,0.3299462564488599,7,64,,False,False,Request timeout: 300.0s exceeded,453,21.16838264042747
306,2026-09-14T02:27:22.928+00:00,2026-09-14T02:32:15.901+00:00,2026-09-14T02:32:22.959+00:00,False,106,105.0,,105.0,292972.62739,300031.13234999997,300031.13247899996,2830.4823818773584,0.0,292972.62739,28449.554881429623,88.72099975,67.22385676190476,62.10217131645448,0.34996368269381034,7,64,,False,False,Request timeout: 300.0s exceeded,416,21.16838264042747
307,2026-09-14T02:27:26.387+00:00,2026-09-14T02:32:20.124+00:00,2026-09-14T02:32:26.452+00:00,False,91,90.0,,90.0,293736.84105,300065.398618,300065.39861,3297.4219627472526,0.04854,293736.84105,30784.622598205842,89.19211650000001,70.31730631111111,19.661396478104617,0.2999346156354903,7,64,,False,False,Request timeout: 300.0s exceeded,293,21.16838264042747
308,2026-09-14T02:27:30.874+00:00,2026-09-14T02:32:24.584+00:00,2026-09-14T02:32:30.887+00:00,False,89,88.0,,88.0,293710.03502999997,300013.588054,300013.58816399996,3370.939192853932,0.02069,293710.03502999997,31125.614535916226,89.56598880000001,71.63128436363635,19.421150620405328,0.29332004783783566,7,64,,False,False,Request timeout: 300.0s exceeded,326,21.16838264042747
309,2026-09-14T02:27:35.062+00:00,2026-09-14T02:32:28.597+00:00,2026-09-14T02:32:35.078+00:00,False,95,94.0,,94.0,293535.163884,300015.69789999997,300015.69780699996,3158.0599769157893,0.02933,293535.163884,30109.00609545415,90.66107040000001,68.94185123404256,20.6529507255981,0.31331693860676485,7,64,,False,False,Request timeout: 300.0s exceeded,429,21.16838264042747
310,2026-09-14T02:27:39.414+00:00,2026-09-14T02:32:33.595+00:00,2026-09-14T02:32:39.430+00:00,False,84,83.0,,83.0,294180.97980699997,300015.75535899994,300015.755425,3571.6161360119045,0.02804,294180.97980699997,32090.111865449766,88.37489430000001,70.29850062650603,19.209576378505243,0.27665213748751927,7,64,,False,False,Request timeout: 300.0s exceeded,408,21.16838264042747
311,2026-09-14T02:27:44.964+00:00,2026-09-14T02:32:38.428+00:00,2026-09-14T02:32:44.972+00:00,False,102,101.0,,101.0,293464.07204,300008.340072,300008.340161,2941.258236872549,0.016579999999999998,293464.07204,29050.864558370242,88.84088155,64.794732990099,20.562017690647505,0.33665730751272005,7,64,,False,False,Request timeout: 300.0s exceeded,482,21.16838264042747
312,2026-09-14T02:27:49.499+00:00,2026-09-14T02:32:43.593+00:00,2026-09-14T02:32:49.521+00:00,False,86,85.0,,85.0,294093.686301,300021.978141,300021.978052,3488.627651767442,0.03446,294093.686301,31705.423400623276,91.17858225,69.74460988235295,20.232677394547085,0.2833125777207326,7,64,,False,False,Request timeout: 300.0s exceeded,367,21.16838264042747
313,2026-09-14T02:27:53.170+00:00,2026-09-14T02:32:47.015+00:00,2026-09-14T02:32:53.231+00:00,False,90,89.0,,89.0,293845.075221,300060.980757,300060.980665,3334.0108962777776,0.020269,293845.075221,30966.63460668176,89.27744485000001,69.84163523595505,19.381733031983764,0.29660637572892345,7,64,,False,False,Request timeout: 300.0s exceeded,382,21.16838264042747
314,2026-09-14T02:27:57.508+00:00,2026-09-14T02:32:50.833+00:00,2026-09-14T02:32:57.576+00:00,False,99,98.0,,98.0,293325.209377,300068.513569,300068.513558,3030.9950864444445,0.0503,293325.209377,29473.383127964113,87.4752796,68.80922644897959,18.833888702803492,0.32659208003663187,7,64,,False,False,Request timeout: 300.0s exceeded,365,21.16838264042747
315,2026-09-14T02:28:02.316+00:00,2026-09-14T02:32:56.352+00:00,2026-09-14T02:33:02.374+00:00,False,89,88.0,,88.0,294035.412358,300057.885318,300057.88542,3371.436914831461,0.01858,294035.412358,31160.44314265532,88.6369428,68.43719272727273,19.60305405099011,0.2932767452744593,7,64,,False,False,Request timeout: 300.0s exceeded,480,21.16838264042747
316,2026-09-14T02:28:07.866+00:00,2026-09-14T02:33:01.370+00:00,2026-09-14T02:33:07.894+00:00,False,97,96.0,,96.0,293503.70271,300028.098742,300028.098573,3093.0731811649484,0.03277,293503.70271,29793.89239675943,89.3849356,67.96245866666668,20.587465171514403,0.3199700308155213,7,64,,False,False,Request timeout: 300.0s exceeded,445,21.16838264042747
317,2026-09-14T02:28:14.644+00:00,2026-09-14T02:33:07.896+00:00,2026-09-14T02:33:14.621+00:00,True,113,113.0,,113.0,293251.559644,299976.539612,299976.53956400004,2654.659642159292,0.0,293251.559644,27581.209640339024,93.17966960000001,60.044464,63.288762439996226,0.37669612479081893,7,64,,False,True,,505,21.16838264042747
318,2026-09-14T02:28:17.255+00:00,2026-09-14T02:33:11.168+00:00,2026-09-14T02:33:17.330+00:00,False,119,118.0,,118.0,293913.76438,300075.1007,300075.100859,2521.639503016807,0.0,293913.76438,26938.256947475402,89.8118707,52.214714576271184,26.430568494758415,0.39323489261433414,7,64,,False,False,Request timeout: 300.0s exceeded,551,21.16838264042747
319,2026-09-14T02:28:21.280+00:00,2026-09-14T02:33:16.039+00:00,2026-09-14T02:33:21.337+00:00,False,80,79.0,,79.0,294758.372942,300056.711502,300056.711382,3750.708892275,0.051469,294758.372942,32947.49616362485,89.07267435,67.06757670886076,20.99516208469234,0.2632835626457015,7,64,,False,False,Request timeout: 300.0s exceeded,394,21.16838264042747
320,2026-09-14T02:28:26.140+00:00,2026-09-14T02:33:19.818+00:00,2026-09-14T02:33:26.240+00:00,False,93,92.0,,92.0,293677.681717,300099.77784500003,300099.77764600003,3226.879329526882,0.01737,293677.681717,30445.724806215803,89.489045,69.80539269565217,19.712046932300616,0.3065647054477912,7,64,,False,False,Request timeout: 300.0s exceeded,442,21.16838264042747
321,2026-09-14T02:28:30.441+00:00,2026-09-14T02:33:24.123+00:00,2026-09-14T02:33:30.535+00:00,False,98,97.0,,97.0,293681.821372,300093.57100399997,300093.57090299996,3062.1792949285714,0.04097,293681.821372,29659.673761400467,88.94124535,66.10051167010309,20.492743743758147,0.3232325160298322,7,64,,False,False,Request timeout: 300.0s exceeded,217,21.16838264042747
322,2026-09-14T02:28:35.864+00:00,2026-09-14T02:33:29.770+00:00,2026-09-14T02:33:35.890+00:00,False,94,93.0,,93.0,293906.525103,300025.83262299997,300025.832721,3191.764177882979,0.0365,293906.525103,30307.362897359522,88.01482415000001,65.79900559139786,19.342861607031466,0.30997330858793065,7,64,,False,False,Request timeout: 300.0s exceeded,411,21.16838264042747
323,2026-09-14T02:28:40.737+00:00,2026-09-14T02:33:34.430+00:00,2026-09-14T02:33:40.756+00:00,False,100,99.0,,99.0,293692.845529,300019.090905,300019.09090899996,3000.19090909,0.01877,293692.845529,29362.90179590615,87.36033239999999,63.90146844444445,20.9381000344633,0.32997900134077807,7,64,,False,False,Request timeout: 300.0s exceeded,488,21.16838264042747
324,2026-09-14T02:28:43.902+00:00,2026-09-14T02:33:37.475+00:00,2026-09-14T02:33:43.965+00:00,False,102,101.0,,101.0,293572.27312699996,300063.067367,300063.06756899995,2941.794780088235,0.01977,293572.27312699996,29061.630871315792,88.08899905,64.26528950495049,21.109971377214595,0.3365959059415643,7,64,,False,False,Request timeout: 300.0s exceeded,471,21.16838264042747
325,2026-09-14T02:28:49.134+00:00,2026-09-14T02:33:42.923+00:00,2026-09-14T02:33:49.170+00:00,False,93,92.0,,92.0,293789.264881,300035.81105699996,300035.810999,3226.191516118279,0.018969999999999997,293789.264881,30457.493353036545,88.6711592,67.89724104347826,19.787226853919837,0.30663006417764616,7,64,,False,False,Request timeout: 300.0s exceeded,227,21.16838264042747
326,2026-09-14T02:28:54.912+00:00,2026-09-14T02:33:48.881+00:00,2026-09-14T02:33:54.979+00:00,False,95,94.0,,94.0,293969.275906,300067.201538,300067.201418,3158.6021201894737,0.03594,293969.275906,30153.962055003518,87.031178,64.87154927659574,19.766334125397186,0.313263160779323,7,64,,False,False,Request timeout: 300.0s exceeded,374,21.16838264042747
327,2026-09-14T02:28:59.074+00:00,2026-09-14T02:33:52.317+00:00,2026-09-14T02:33:59.110+00:00,False,102,101.0,,101.0,293242.899721,300036.020489,300036.020447,2941.52961222549,0.03721,293242.899721,29028.721121938815,88.44592555000001,67.25862146534654,20.3355931496602,0.3366262485263928,7,64,,False,False,Request timeout: 300.0s exceeded,479,21.16838264042747
328,2026-09-14T02:29:02.323+00:00,2026-09-14T02:33:55.978+00:00,2026-09-14T02:34:02.330+00:00,False,95,94.0,,94.0,293654.70851599996,300006.688292,300006.68841199996,3157.965141178947,0.02176,293654.70851599996,30121.41076933857,87.98153699999999,67.57425293617021,19.662025077217244,0.31332634793964564,7,64,,False,False,Request timeout: 300.0s exceeded,347,21.16838264042747
329,2026-09-14T02:29:07.751+00:00,2026-09-14T02:34:01.236+00:00,2026-09-14T02:34:07.813+00:00,False,103,102.0,,102.0,293485.20787800004,300062.82323800004,300062.82333900005,2913.2312945533986,0.0,293485.20787800004,28911.676812636237,87.82722699999998,64.48642509803922,65.75691996685238,0.3399288152371243,7,64,,False,False,Request timeout: 300.0s exceeded,455,21.16838264042747
330,2026-09-14T02:29:12.154+00:00,2026-09-14T02:34:06.039+00:00,2026-09-14T02:34:12.187+00:00,False,88,87.0,,87.0,293884.881008,300032.91531199997,300032.915215,3409.464945625,0.022109999999999998,293884.881008,31320.70712327319,91.99474749999999,70.66706096551724,20.57247860062414,0.2899681853556965,7,64,,False,False,Request timeout: 300.0s exceeded,403,21.16838264042747
331,2026-09-14T02:29:15.853+00:00,2026-09-14T02:34:09.357+00:00,2026-09-14T02:34:15.875+00:00,False,91,90.0,,90.0,293504.074565,300022.888517,300022.88832900004,3296.954816802198,0.023039999999999998,293504.074565,30760.00059961817,90.27228000000001,72.43126613333334,19.908367961268183,0.29997711322914744,7,64,,False,False,Request timeout: 300.0s exceeded,357,21.16838264042747
332,2026-09-14T02:29:19.656+00:00,2026-09-14T02:34:13.451+00:00,2026-09-14T02:34:19.680+00:00,False,93,92.0,,92.0,293795.197823,300024.461183,300024.461109,3226.069474290323,0.03386,293795.197823,30458.12834277512,88.6868252,67.70938434782609,20.23744821031002,0.30664166394047637,7,64,,False,False,Request timeout: 300.0s exceeded,259,21.16838264042747
333,2026-09-14T02:29:25.178+00:00,2026-09-14T02:34:18.868+00:00,2026-09-14T02:34:25.244+00:00,False,94,93.0,,93.0,293690.59564899997,300066.275393,300066.275485,3192.194420053191,0.038549999999999994,293690.59564899997,30284.807401940627,88.10180865000001,68.55569617204301,19.740174859687013,0.3099315305533649,7,64,,False,False,Request timeout: 300.0s exceeded,385,21.16838264042747
334,2026-09-14T02:29:30.760+00:00,2026-09-14T02:34:24.410+00:00,2026-09-14T02:34:30.827+00:00,False,95,94.0,,94.0,293649.99358999997,300067.805046,300067.80521799996,3158.608475978947,0.02017,293649.99358999997,30120.855794936768,89.7344787,68.2745899574468,20.599345067041195,0.3132625307323121,7,64,,False,False,Request timeout: 300.0s exceeded,460,21.16838264042747
335,2026-09-14T02:29:34.716+00:00,2026-09-14T02:34:28.643+00:00,2026-09-14T02:34:34.786+00:00,False,94,93.0,,93.0,293926.823798,300069.681782,300069.681877,3192.2306582659576,0.03594,293926.823798,30309.431194746252,88.47559600000001,66.05223638709678,20.520437819218117,0.30992801221272437,7,64,,False,False,Request timeout: 300.0s exceeded,446,21.16838264042747
336,2026-09-14T02:29:39.156+00:00,2026-09-14T02:34:33.054+00:00,2026-09-14T02:34:39.176+00:00,False,91,90.0,,90.0,293898.088254,300019.58483,300019.585007,3296.9185165604395,0.03452,293898.088254,30801.76729936633,89.6946255,68.01662862222221,20.019924180030372,0.29998041644846846,7,64,,False,False,Request timeout: 300.0s exceeded,439,21.16838264042747
337,2026-09-14T02:29:42.926+00:00,2026-09-14T02:34:36.391+00:00,2026-09-14T02:34:42.930+00:00,False,94,93.0,,93.0,293465.16840100003,300004.89243300003,300004.892402,3191.5414085319153,0.02255,293465.16840100003,30261.374047691825,88.16491300000001,70.31961324731184,19.142491240637675,0.30999494456834453,7,64,,False,False,Request timeout: 300.0s exceeded,435,21.16838264042747
338,2026-09-14T02:29:48.071+00:00,2026-09-14T02:34:42.094+00:00,2026-09-14T02:34:48.104+00:00,False,92,91.0,,91.0,294022.76055,300032.815974,300032.815748,3261.226258130435,0.036950000000000004,294022.76055,30647.11279369332,88.7461075,66.0445650989011,20.2209305758759,0.3033001563665149,7,64,,False,False,Request timeout: 300.0s exceeded,290,21.16838264042747
339,2026-09-14T02:29:52.578+00:00,2026-09-14T02:34:46.419+00:00,2026-09-14T02:34:52.621+00:00,False,97,96.0,,96.0,293841.918475,300043.76653900003,300043.766749,3093.2347087525773,0.02158,293841.918475,29828.57375892739,88.68475480000001,64.602584,20.022126945383523,0.3199533225014418,7,64,,True,False,Request timeout: 300.0s exceeded,440,21.16838264042747
340,2026-09-14T02:29:57.132+00:00,2026-09-14T02:34:50.266+00:00,2026-09-14T02:34:57.024+00:00,True,100,100.0,,100.0,293133.88568400004,299892.237044,299892.237084,2998.9223708400004,39.589236,293133.88568400004,29306.567980239193,88.43210895,68.26617535353536,18.89469056145005,0.33345311297713937,7,64,,True,True,,516,21.16838264042747
341,2026-09-14T02:30:01.779+00:00,2026-09-14T02:34:55.245+00:00,2026-09-14T02:35:01.809+00:00,False,102,101.0,,101.0,293465.698038,300030.31576599996,300030.31591799995,2941.473685470588,0.04175,293465.698038,29051.00528084496,87.8806251,64.99621512871288,20.092158433912214,0.33663264907794205,7,64,,True,False,Request timeout: 300.0s exceeded,438,21.16838264042747
342,2026-09-14T02:30:05.270+00:00,2026-09-14T02:34:59.066+00:00,2026-09-14T02:35:05.316+00:00,False,95,94.0,,94.0,293795.790845,300045.94790100004,300045.947738,3158.378397242105,0.295719,293795.790845,30135.997047867368,88.1174407,66.49103251063829,20.277736920544267,0.31328535065241153,7,64,,True,False,Request timeout: 300.0s exceeded,336,21.16838264042747
343,2026-09-14T02:30:09.195+00:00,2026-09-14T02:35:03.177+00:00,2026-09-14T02:35:09.226+00:00,False,89,88.0,,88.0,293981.60984600004,300030.15717400005,300030.157124,3371.125360943821,0.02486,293981.60984600004,31154.708943213867,88.89778279999999,68.73349236363636,20.019502878519102,0.29330384928260766,7,64,,True,False,Request timeout: 300.0s exceeded,430,21.16838264042747
344,2026-09-14T02:30:13.204+00:00,2026-09-14T02:35:06.810+00:00,2026-09-14T02:35:13.231+00:00,False,97,96.0,,96.0,293606.156113,300026.80251300003,300026.802346,3093.059818,0.03651,293606.156113,29804.404467377433,88.6230946,66.88173333333333,20.255755270268796,0.31997141320679295,7,64,,True,False,Request timeout: 300.0s exceeded,599,21.16838264042747
345,2026-09-14T02:30:17.864+00:00,2026-09-14T02:35:11.314+00:00,2026-09-14T02:35:17.945+00:00,False,98,97.0,,97.0,293450.000348,300081.11689199996,300081.11668599996,3062.0522110816323,0.03244,293450.000348,29636.02780845623,91.49618985,68.36202622680412,20.417402327552143,0.3232459309824236,7,64,,True,False,Request timeout: 300.0s exceeded,516,21.16838264042747
346,2026-09-14T02:30:21.514+00:00,2026-09-14T02:35:15.167+00:00,2026-09-14T02:35:21.565+00:00,False,91,90.0,,90.0,293652.442764,300050.28570799995,300050.28584599996,3297.2558884175824,0.02129,293652.442764,30775.69463959432,89.237146,71.08714382222222,19.79546690154664,0.2999497227194289,7,64,,True,False,Request timeout: 300.0s exceeded,493,21.16838264042747
347,2026-09-14T02:30:27.276+00:00,2026-09-14T02:35:20.941+00:00,2026-09-14T02:35:27.356+00:00,False,91,90.0,,90.0,293664.72988400003,300079.60630000004,300079.60625,3297.578090659341,0.03194,293664.72988400003,30776.963399922137,88.7358275,71.27640462222222,20.657360182100614,0.2999204148182728,7,64,,True,False,Request timeout: 300.0s exceeded,422,21.16838264042747
348,2026-09-14T02:30:31.979+00:00,2026-09-14T02:35:25.799+00:00,2026-09-14T02:35:31.991+00:00,False,90,89.0,,89.0,293820.086432,300011.771296,300011.771459,3333.464127322222,0.02497,293820.086432,30964.02916301311,87.78760445,69.56949285393259,19.251150552363416,0.29665502661957255,7,64,,True,False,Request timeout: 300.0s exceeded,172,21.16838264042747
349,2026-09-14T02:30:37.040+00:00,2026-09-14T02:35:30.604+00:00,2026-09-14T02:35:37.118+00:00,False,96,95.0,,95.0,293563.87284799997,300078.653008,300078.65316299995,3125.81930378125,0.02054,293563.87284799997,29954.744229203996,87.74280800000001,68.57663326315789,19.05144467546786,0.3165836658080018,7,64,,True,False,Request timeout: 300.0s exceeded,405,21.16838264042747
350,2026-09-14T02:30:40.519+00:00,2026-09-14T02:35:34.045+00:00,2026-09-14T02:35:40.556+00:00,False,97,96.0,,96.0,293526.04483200004,300036.58230400004,300036.582355,3093.160642835052,0.01898,293526.04483200004,29796.17505317589,87.74206480000001,67.81809866666667,19.844049807988945,0.31996098363342856,7,64,,True,False,Request timeout: 300.0s exceeded,458,21.16838264042747
351,2026-09-14T02:30:45.149+00:00,2026-09-14T02:35:38.763+00:00,2026-09-14T02:35:45.217+00:00,False,94,93.0,,93.0,293614.208422,300068.064934,300068.064974,3192.2134571702127,0.02043,293614.208422,30276.842344690398,88.74057065000001,69.39630658064516,20.327208491980464,0.3099296821887906,7,64,,True,False,Request timeout: 300.0s exceeded,311,21.16838264042747
352,2026-09-14T02:30:50.632+00:00,2026-09-14T02:35:44.568+00:00,2026-09-14T02:35:50.696+00:00,False,91,90.0,,90.0,293936.077038,300064.264942,300064.264809,3297.409503395604,0.024079999999999997,293936.077038,30805.74250618004,90.9968935,68.09097671111111,21.072859969944577,0.29993574882166085,7,64,,True,False,Request timeout: 300.0s exceeded,438,21.16838264042747
353,2026-09-14T02:30:55.120+00:00,2026-09-14T02:35:48.843+00:00,2026-09-14T02:35:55.198+00:00,False,93,92.0,,92.0,293722.795472,300078.36769600003,300078.367693,3226.6491149784947,0.03811,293722.795472,30450.47751911225,87.08495280000001,69.0823067826087,19.165855745792708,0.30658657838742415,7,64,,True,False,Request timeout: 300.0s exceeded,361,21.16838264042747
354,2026-09-14T02:30:58.566+00:00,2026-09-14T02:35:52.053+00:00,2026-09-14T02:35:58.576+00:00,False,98,97.0,,97.0,293487.506213,300009.768485,300009.768483,3061.3241681938775,0.02291,293487.506213,29639.9294139349,87.43803435,67.2398172371134,19.794616623887862,0.3233228054200837,7,64,,True,False,Request timeout: 300.0s exceeded,409,21.16838264042747
355,2026-09-14T02:31:02.625+00:00,2026-09-14T02:35:56.562+00:00,2026-09-14T02:36:02.704+00:00,False,93,92.0,,92.0,293936.29969099996,300078.68330699997,300078.68341399997,3226.6525098279567,0.02069,293936.29969099996,30472.858057046822,89.036318,66.76503930434782,20.55697681814858,0.3065862559316752,7,64,,True,False,Request timeout: 300.0s exceeded,441,21.16838264042747
356,2026-09-14T02:31:08.033+00:00,2026-09-14T02:36:01.983+00:00,2026-09-14T02:36:08.080+00:00,False,89,88.0,,88.0,293950.04052,300046.547656,300046.547529,3371.3095227977524,0.03372,293950.04052,31151.305059566912,88.81799240000001,69.27849018181819,20.37377963636604,0.29328782713037915,7,64,,True,False,Request timeout: 300.0s exceeded,485,21.16838264042747
357,2026-09-14T02:31:11.831+00:00,2026-09-14T02:36:05.511+00:00,2026-09-14T02:36:11.869+00:00,False,93,92.0,,92.0,293680.369344,300037.5088,300037.508781,3226.20977183871,0.04147,293680.369344,30446.07634977856,88.45526899999999,69.09934191304349,19.134983310789348,0.3066283291310943,7,64,,True,False,Request timeout: 300.0s exceeded,170,21.16838264042747
358,2026-09-14T02:31:15.368+00:00,2026-09-14T02:36:09.184+00:00,2026-09-14T02:36:15.433+00:00,False,92,91.0,,91.0,293815.382454,300064.486838,300064.486969,3261.5705105326088,0.02547,293815.382454,30625.217844938867,87.29739799999999,68.67147674725275,19.571162381150312,0.30326814398776036,7,64,,True,False,Request timeout: 300.0s exceeded,309,21.16838264042747
359,2026-09-14T02:31:19.754+00:00,2026-09-14T02:36:13.493+00:00,2026-09-14T02:36:19.835+00:00,False,92,91.0,,91.0,293739.25987,300081.160158,300081.16019900003,3261.7517412934785,0.02311,293739.25987,30617.174979607942,87.76554399999999,69.69121195604396,19.21303609947147,0.3032512935903284,7,64,,True,False,Request timeout: 300.0s exceeded,224,21.16838264042747
360,2026-09-14T02:31:24.535+00:00,2026-09-14T02:36:18.338+00:00,2026-09-14T02:36:24.588+00:00,False,95,94.0,,94.0,293802.9183,300052.301212,300052.301064,3158.445274357895,0.02392,293802.9183,30136.729215767737,88.25281169999998,66.48279693617022,20.370160705936495,0.31327871714466504,7,64,,True,False,Request timeout: 300.0s exceeded,312,21.16838264042747
361,2026-09-14T02:31:28.702+00:00,2026-09-14T02:36:22.928+00:00,2026-09-14T02:36:28.778+00:00,False,84,83.0,,83.0,294225.736872,300075.58621599997,300075.58609999996,3572.3284059523808,0.023350000000000003,294225.736872,32094.97555065135,88.8493638,70.48011257831325,19.386574834569338,0.2765969769371876,7,64,,True,False,Request timeout: 300.0s exceeded,374,21.16838264042747
362,2026-09-14T02:31:32.994+00:00,2026-09-14T02:36:26.788+00:00,2026-09-14T02:36:33.010+00:00,False,87,86.0,,86.0,293794.619847,300015.695303,300015.695244,3448.456267172414,0.022420000000000002,293794.619847,31490.33918214646,87.745509,72.33808669767443,18.165295754806053,0.28665166971729444,7,64,,True,False,Request timeout: 300.0s exceeded,351,21.16838264042747
363,2026-09-14T02:31:38.821+00:00,2026-09-14T02:36:32.715+00:00,2026-09-14T02:36:38.838+00:00,False,90,89.0,,89.0,293894.385855,300016.960191,300016.96022,3333.5217802222223,0.02299,293894.385855,30971.94379183341,88.39219775000001,68.79297006741572,20.710110505820047,0.296649895870353,7,64,,True,False,Request timeout: 300.0s exceeded,315,21.16838264042747
364,2026-09-14T02:31:43.481+00:00,2026-09-14T02:36:37.246+00:00,2026-09-14T02:36:43.534+00:00,False,94,93.0,,93.0,293765.119054,300053.516878,300053.516706,3192.058688361702,0.03616,293765.119054,30292.591418089236,89.81436330000001,67.61718090322582,20.819346061587403,0.30994470908938976,7,64,,True,False,Request timeout: 300.0s exceeded,441,21.16838264042747
365,2026-09-14T02:31:48.138+00:00,2026-09-14T02:36:42.099+00:00,2026-09-14T02:36:48.195+00:00,False,87,86.0,,86.0,293960.829974,300057.680406,300057.680311,3448.9388541494254,0.01955,293960.829974,31508.315107992898,90.396905,70.8936096744186,20.581713877841697,0.2866115604294338,7,64,,True,False,Request timeout: 300.0s exceeded,376,21.16838264042747
366,2026-09-14T02:31:53.235+00:00,2026-09-14T02:36:47.307+00:00,2026-09-14T02:36:53.252+00:00,False,89,88.0,,88.0,294071.951546,300016.629946,300016.62982300005,3370.973368797753,0.03797,294071.951546,31164.410321571726,88.085836,67.55316363636364,20.12098562940182,0.2933170738430037,7,64,,True,False,Request timeout: 300.0s exceeded,409,21.16838264042747
367,2026-09-14T02:31:57.472+00:00,2026-09-14T02:36:51.379+00:00,2026-09-14T02:36:57.509+00:00,False,88,87.0,,87.0,293906.133811,300036.82769899996,300036.82771599997,3409.509405863636,0.02302,293906.133811,31322.99357580854,88.7154475,70.46774583908045,20.02561440523394,0.28996440426066394,7,64,,True,False,Request timeout: 300.0s exceeded,428,21.16838264042747
368,2026-09-14T02:32:01.243+00:00,2026-09-14T02:36:54.923+00:00,2026-09-14T02:37:01.268+00:00,False,90,89.0,,89.0,293680.32076200005,300024.986618,300024.98670600005,3333.6109634000004,0.039,293680.32076200005,30949.11578768517,88.633372,71.28838040449438,19.896525333260307,0.2966419597355644,7,64,,True,False,Request timeout: 300.0s exceeded,401,21.16838264042747
369,2026-09-14T02:32:07.086+00:00,2026-09-14T02:37:00.846+00:00,2026-09-14T02:37:07.190+00:00,False,100,99.0,,99.0,293759.75695,300103.649174,300103.648994,3001.03648994,0.043679,293759.75695,29369.580758793003,87.49941789999998,64.07971943434343,27.812056990813975,0.3298860252865497,7,64,,True,False,Request timeout: 300.0s exceeded,350,21.16838264042747
370,2026-09-14T02:32:11.616+00:00,2026-09-14T02:37:06.938+00:00,2026-09-14T02:37:11.670+00:00,False,71,70.0,,70.0,295321.57589,300053.40820999997,300053.40835499996,4226.104343028169,0.0,295321.57589,35040.21497989769,89.3194365,67.59760457142856,31.981460095276677,0.2332918010083349,7,64,,True,False,Request timeout: 300.0s exceeded,276,21.16838264042747
371,2026-09-14T02:32:17.265+00:00,2026-09-14T02:37:10.846+00:00,2026-09-14T02:37:17.307+00:00,False,101,100.0,,100.0,293580.283399,300041.373959,300041.37399500003,2970.706673217822,0.03642,293580.283399,29205.9078245349,87.55214500000002,64.6109056,20.060508776273046,0.33328736860692015,7,64,,True,False,Request timeout: 300.0s exceeded,494,21.16838264042747
372,2026-09-14T02:32:21.533+00:00,2026-09-14T02:37:15.285+00:00,2026-09-14T02:37:21.591+00:00,False,98,97.0,,97.0,293751.76255,300058.051446,300058.05136499996,3061.816850663265,0.039259999999999996,293751.76255,29666.848951295848,89.2196135,65.01328758762887,20.84012108978859,0.32327077887945505,7,64,,True,False,Request timeout: 300.0s exceeded,530,21.16838264042747
373,2026-09-14T02:32:25.875+00:00,2026-09-14T02:37:19.401+00:00,2026-09-14T02:37:25.915+00:00,False,97,96.0,,96.0,293526.191321,300040.409561,300040.409676,3093.2000997525774,0.02983,293526.191321,29796.18635972471,88.4978456,67.85644,20.332514915936724,0.31995690227346735,7,64,,True,False,Request timeout: 300.0s exceeded,396,21.16838264042747
374,2026-09-14T02:32:31.120+00:00,2026-09-14T02:37:24.639+00:00,2026-09-14T02:37:31.132+00:00,False,95,94.0,,94.0,293518.543522,300011.833762,300011.833692,3158.0193020210527,0.03599,293518.543522,30107.286456887858,88.39683199999999,69.07755574468085,19.898288611043363,0.3133209741138757,7,64,,True,False,Request timeout: 300.0s exceeded,425,21.16838264042747
375,2026-09-14T02:32:34.386+00:00,2026-09-14T02:37:27.931+00:00,2026-09-14T02:37:34.429+00:00,False,94,93.0,,93.0,293544.876658,300042.895218,300042.895049,3191.945692010638,0.03475,293544.876658,30269.641493922994,88.0506158,69.87116731182796,19.006244182860843,0.3099556812782708,7,64,,True,False,Request timeout: 300.0s exceeded,393,21.16838264042747
376,2026-09-14T02:32:39.558+00:00,2026-09-14T02:37:33.370+00:00,2026-09-14T02:37:39.617+00:00,False,95,94.0,,94.0,293811.579746,300059.20573,300059.205838,3158.517956189474,0.04255,293811.579746,30137.61932685719,89.06200500000001,66.46410621276596,19.68316672207197,0.31327150843884893,7,64,,True,False,Request timeout: 300.0s exceeded,226,21.16838264042747
377,2026-09-14T02:32:44.453+00:00,2026-09-14T02:37:37.997+00:00,2026-09-14T02:37:44.480+00:00,False,95,94.0,,94.0,293544.199585,300027.017121,300027.017123,3158.1791276105264,0.01739,293544.199585,30109.930063033727,88.9454917,68.966144,19.775039387807833,0.31330511799239097,7,64,,True,False,Request timeout: 300.0s exceeded,436,21.16838264042747
378,2026-09-14T02:32:48.928+00:00,2026-09-14T02:37:42.817+00:00,2026-09-14T02:37:48.979+00:00,False,90,89.0,,89.0,293889.002786,300050.69469000003,300050.69475,3333.8966083333335,0.03674,293889.002786,30971.329011456328,88.24591345,69.23249330337079,19.096392947977353,0.2966165437208906,7,64,,True,False,Request timeout: 300.0s exceeded,408,21.16838264042747
379,2026-09-14T02:32:52.965+00:00,2026-09-14T02:37:46.423+00:00,2026-09-14T02:37:52.988+00:00,False,97,96.0,,96.0,293457.476375,300022.213655,300022.21361800004,3093.0125115257733,0.02175,293457.476375,29789.155425186073,87.692285,68.38268,19.487247940625622,0.31997630718901304,7,64,,True,False,Request timeout: 300.0s exceeded,406,21.16838264042747
380,2026-09-14T02:32:56.582+00:00,2026-09-14T02:37:50.078+00:00,2026-09-14T02:37:56.613+00:00,False,93,92.0,,92.0,293496.28907999996,300030.76895199995,300030.76897699997,3226.1373008279566,0.02045,293496.28907999996,30426.78881633998,89.32767100000001,71.02695513043479,20.047549044469065,0.3066352171857364,7,64,,True,False,Request timeout: 300.0s exceeded,436,21.16838264042747
381,2026-09-14T02:33:01.520+00:00,2026-09-14T02:37:55.150+00:00,2026-09-14T02:38:01.550+00:00,False,91,90.0,,90.0,293629.74572500004,300029.939773,300029.93957700004,3297.0323030439567,0.02571,293629.74572500004,30773.312825620058,90.7273885,71.11326720000001,20.138049266318124,0.2999700632146685,7,64,,True,False,Request timeout: 300.0s exceeded,398,21.16838264042747
382,2026-09-14T02:33:05.226+00:00,2026-09-14T02:37:58.790+00:00,2026-09-14T02:38:05.251+00:00,False,94,93.0,,93.0,293564.33008999994,300025.73194599996,300025.73190199997,3191.7631053404248,0.038590000000000006,293564.33008999994,30271.688930813812,88.74048910000002,69.47743931182796,19.576010235804635,0.3099734126029516,7,64,,True,False,Request timeout: 300.0s exceeded,359,21.16838264042747
383,2026-09-14T02:33:09.685+00:00,2026-09-14T02:38:03.389+00:00,2026-09-14T02:38:09.746+00:00,False,94,93.0,,93.0,293704.11980299995,300061.664763,300061.6647639999,3192.145369829787,0.022879999999999998,293704.11980299995,30286.223212172135,89.43951429999998,68.36069849462366,20.926617533574436,0.30993629283985646,7,64,,True,False,Request timeout: 300.0s exceeded,353,21.16838264042747
384,2026-09-14T02:33:12.977+00:00,2026-09-14T02:38:06.472+00:00,2026-09-14T02:38:13.047+00:00,False,107,106.0,,106.0,293495.71933,300070.364834,300070.364833,2804.3959330186917,0.01577,293495.71933,28368.78973564022,88.6967135,62.024957584905664,291.52384462452454,0.35325047862903614,7,64,,True,False,Request timeout: 300.0s exceeded,507,21.16838264042747
385,2026-09-14T02:33:16.378+00:00,2026-09-14T02:38:12.716+00:00,2026-09-14T02:38:16.429+00:00,False,111,110.0,,110.0,296337.382541,300050.47182100004,300050.47181400005,2703.15740372973,0.01744,296337.382541,28123.92041045681,86.818187,33.755357090909094,37.45876640751539,0.3666049892620142,7,64,,True,False,Request timeout: 300.0s exceeded,190,21.16838264042747
386,2026-09-14T02:33:21.141+00:00,2026-09-14T02:38:14.438+00:00,2026-09-14T02:38:21.191+00:00,False,102,101.0,,101.0,293296.609926,300049.53767,300049.53761400003,2941.6621334705883,0.02541,293296.609926,29034.077984749343,87.0399656,66.86067073267327,19.388270861985504,0.33661108357074576,7,64,,True,False,Request timeout: 300.0s exceeded,451,21.16838264042747
387,2026-09-14T02:33:25.314+00:00,2026-09-14T02:38:18.647+00:00,2026-09-14T02:38:25.324+00:00,False,99,98.0,,98.0,293333.750736,300010.857168,300010.857283,3030.412699828283,0.038799999999999994,293333.750736,29474.31032540458,90.4105248,68.1337391020408,20.162342493420383,0.326654844844905,7,64,,True,False,Request timeout: 300.0s exceeded,441,21.16838264042747
388,2026-09-14T02:33:29.617+00:00,2026-09-14T02:38:23.220+00:00,2026-09-14T02:38:29.648+00:00,False,98,97.0,,97.0,293603.28215399996,300030.97393,300030.973999,3061.5405510102037,0.04081,293603.28215399996,29651.722978111513,87.4845335,66.2648636701031,19.7120326716009,0.3232999537662102,7,64,,True,False,Request timeout: 300.0s exceeded,401,21.16838264042747
389,2026-09-14T02:33:34.871+00:00,2026-09-14T02:38:28.621+00:00,2026-09-14T02:38:34.929+00:00,False,95,94.0,,94.0,293749.721163,300058.288715,300058.28872899996,3158.508302410526,0.08204,293749.721163,30131.206571345716,88.74850070000001,67.11242076595744,20.165299685278256,0.313272465835072,7,64,,True,False,Request timeout: 300.0s exceeded,354,21.16838264042747
390,2026-09-14T02:33:39.304+00:00,2026-09-14T02:38:33.342+00:00,2026-09-14T02:38:39.345+00:00,False,86,85.0,,85.0,294038.280642,300041.60377800005,300041.603722,3488.8558572325583,0.24071,294038.280642,31699.352885099594,87.98137000000001,70.62733101176471,18.948056480945926,0.2832940463246266,7,64,,True,False,Request timeout: 300.0s exceeded,376,21.16838264042747
391,2026-09-14T02:33:42.639+00:00,2026-09-14T02:38:36.400+00:00,2026-09-14T02:38:42.686+00:00,False,94,93.0,,93.0,293761.274555,300046.758331,300046.758219,3191.98678956383,0.031129999999999998,293761.274555,30292.19827797047,88.9973498,67.58584705376343,21.050208484590737,0.30995169058752503,7,64,,True,False,Request timeout: 300.0s exceeded,416,21.16838264042747
392,2026-09-14T02:33:47.918+00:00,2026-09-14T02:38:41.536+00:00,2026-09-14T02:38:48.007+00:00,False,101,100.0,,100.0,293617.993046,300088.41557400004,300088.41571000003,2971.1724327722773,0.03516,293617.993046,29209.650928942046,86.07580800000001,64.70422528,20.266701366331464,0.3332351227511499,7,64,,True,False,Request timeout: 300.0s exceeded,226,21.16838264042747
393,2026-09-14T02:33:53.194+00:00,2026-09-14T02:38:46.842+00:00,2026-09-14T02:38:53.223+00:00,False,95,94.0,,94.0,293648.02511,300029.016854,300029.016702,3158.200175810526,0.01907,293648.02511,30120.69369865393,89.71034030000001,67.88289089361702,20.117270999999604,0.31330302977242447,7,64,,True,False,Request timeout: 300.0s exceeded,202,21.16838264042747
394,2026-09-14T02:33:58.855+00:00,2026-09-14T02:38:52.480+00:00,2026-09-14T02:38:58.874+00:00,False,96,95.0,,95.0,293624.449738,300019.132106,300019.132101,3125.19929271875,0.031100000000000003,293624.449738,29961.056522588682,89.96916500000002,67.31244597894737,20.082023971515287,0.31664647295371645,7,64,,True,False,Request timeout: 300.0s exceeded,457,21.16838264042747
395,2026-09-14T02:34:03.127+00:00,2026-09-14T02:38:56.584+00:00,2026-09-14T02:39:03.195+00:00,False,97,96.0,,96.0,293457.20510900003,300067.873397,300067.87350800005,3093.4832320412374,0.019370000000000002,293457.20510900003,29789.07950228661,88.6950708,68.861128,19.7925434951687,0.31992761808588793,7,64,,True,False,Request timeout: 300.0s exceeded,128,21.16838264042747
396,2026-09-14T02:34:06.504+00:00,2026-09-14T02:39:00.057+00:00,2026-09-14T02:39:06.515+00:00,False,96,95.0,,95.0,293553.018865,300011.012849,300011.012775,3125.11471640625,0.04185,293553.018865,29953.69803733589,88.31868875,67.97888404210526,19.951993780595046,0.3166550424194425,7,64,,True,False,Request timeout: 300.0s exceeded,499,21.16838264042747
397,2026-09-14T02:34:10.555+00:00,2026-09-14T02:39:03.970+00:00,2026-09-14T02:39:10.583+00:00,False,104,103.0,,103.0,293414.427786,300027.828874,300027.828858,2884.8829697884617,0.07226,293414.427786,28765.363087400125,90.56042014999998,64.20777755339806,20.723394766596705,0.34330148768718377,7,64,,True,False,Request timeout: 300.0s exceeded,440,21.16838264042747
398,2026-09-14T02:34:15.728+00:00,2026-09-14T02:39:09.400+00:00,2026-09-14T02:39:15.750+00:00,False,97,96.0,,96.0,293671.661642,300021.75905,300021.75887,3093.007823402062,0.02194,293671.661642,29811.12999689037,88.1863998,66.146848,20.01032824109475,0.3199767920299446,7,64,,True,False,Request timeout: 300.0s exceeded,438,21.16838264042747
399,2026-09-14T02:34:20.733+00:00,2026-09-14T02:39:14.498+00:00,2026-09-14T02:39:20.762+00:00,False,92,91.0,,91.0,293764.48248299997,300028.69445099996,300028.69444299996,3261.181461336956,0.03599,293764.48248299997,30619.893961366608,87.128641,68.83749415384617,19.748309129059496,0.3033043228299016,7,64,,True,False,Request timeout: 300.0s exceeded,417,21.16838264042747
400,2026-09-14T02:34:26.516+00:00,2026-09-14T02:39:20.382+00:00,2026-09-14T02:39:26.588+00:00,False,91,90.0,,90.0,293865.747128,300071.673016,300071.672962,3297.4909116703298,0.03576,293865.747128,30798.278799960706,87.867274,68.95473208888889,20.19149008052649,0.29992834410331404,7,64,,True,False,Request timeout: 300.0s exceeded,236,21.16838264042747
401,2026-09-14T02:34:29.731+00:00,2026-09-14T02:39:23.617+00:00,2026-09-14T02:39:29.795+00:00,False,93,92.0,,92.0,293886.065985,300064.114753,300064.114696,3226.4958569462365,0.023280000000000002,293886.065985,30467.60872768702,87.47353960000001,67.152704,20.347435603592338,0.3066011411452199,7,64,,True,False,Request timeout: 300.0s exceeded,400,21.16838264042747
402,2026-09-14T02:34:35.108+00:00,2026-09-14T02:39:28.295+00:00,2026-09-14T02:39:35.126+00:00,False,110,109.0,,109.0,293186.820848,300017.811952,300017.812021,2727.434654736364,0.02119,293186.820848,27948.298372239777,87.94232785,62.6696431559633,20.090152151977698,0.3633117623610926,7,64,,True,False,Request timeout: 300.0s exceeded,417,21.16838264042747
0,2026-09-14T02:04:40.885+00:00,2026-09-14T02:04:41.078+00:00,2026-09-14T02:04:53.542+00:00,True,233,233.0,,233.0,192.596575,12657.107295,12657.107237,54.32234865665236,0.02622,192.596575,21.863902736244356,92.90203819999999,53.726339310344834,19.924194159753675,18.40862959991207,8,64,,False,True,,1246,21.16838264042747
1,2026-09-14T02:04:43.907+00:00,2026-09-14T02:04:44.066+00:00,2026-09-14T02:04:56.569+00:00,True,204,204.0,,204.0,158.85180499999998,12662.149597,12662.149456,62.06936007843137,0.024429,158.85180499999998,22.55540087452406,96.88426565,61.59259996059113,21.556107097801416,16.111008516937208,8,64,,False,True,,815,21.16838264042747
2,2026-09-14T02:04:47.017+00:00,2026-09-14T02:04:48.103+00:00,2026-09-14T02:04:59.988+00:00,True,185,185.0,,185.0,1085.4742430000001,12971.044547000001,12971.044388,70.11375344864865,39.351436,1085.4742430000001,78.18000755270992,96.6367488,64.59549078260869,21.937441087815,14.262536785658298,8,64,,False,True,,834,21.16838264042747
3,2026-09-14T02:04:50.801+00:00,2026-09-14T02:04:55.871+00:00,2026-09-14T02:05:12.659+00:00,True,255,255.0,,255.0,5069.956515,21858.552227,21858.552195,85.71981252941177,38.345799,5069.956515,314.1097985038751,94.555425,66.09683351181103,21.822146846413958,11.665914437142836,8,64,,False,True,,1234,21.16838264042747
4,2026-09-14T02:04:54.021+00:00,2026-09-14T02:05:00.976+00:00,2026-09-14T02:05:11.219+00:00,True,161,161.0,,161.0,6954.6383940000005,17197.67737,17197.677388,106.81787197515528,40.437764,6954.6383940000005,543.4617499826483,94.30482099999999,64.0189936,21.03948483712988,9.361729292634125,8,64,,False,True,,215,21.16838264042747
5,2026-09-14T02:04:57.369+00:00,2026-09-14T02:05:07.458+00:00,2026-09-14T02:05:18.206+00:00,True,159,159.0,,159.0,10088.846849,20836.932865,20836.932968999998,131.04989288679246,15.821657,10088.846849,795.040058910727,95.34684299999999,68.0258608607595,23.228740325225594,7.630681589759012,8,64,,False,True,,778,21.16838264042747
6,2026-09-14T02:05:01.047+00:00,2026-09-14T02:05:13.929+00:00,2026-09-14T02:05:26.830+00:00,True,193,193.0,,193.0,12881.680392999999,25783.264776999997,25783.264844999998,133.59204582901555,22.111493,12881.680392999999,922.6755992394867,95.0125502,67.195752,22.328788982457212,7.485475624179525,8,64,,False,True,,906,21.16838264042747
7,2026-09-14T02:05:04.165+00:00,2026-09-14T02:05:18.660+00:00,2026-09-14T02:05:38.369+00:00,True,296,296.0,,296.0,14495.432014,34203.659598,34203.659522,115.55290379054054,0.01766,14495.432014,839.0441032053246,94.8658755,66.80755113220339,25.862776856407155,8.654044727345727,8,64,,False,True,,1325,21.16838264042747
8,2026-09-14T02:05:08.355+00:00,2026-09-14T02:05:27.005+00:00,2026-09-14T02:05:37.752+00:00,True,159,159.0,,159.0,18649.731217999997,29396.930706,29396.930651999995,184.88635630188676,38.712489,18649.731217999997,1473.7909680262178,96.091515,68.02024992405063,22.151888486138088,5.4087279243593835,8,64,,False,True,,531,21.16838264042747
9,2026-09-14T02:05:11.067+00:00,2026-09-14T02:05:30.690+00:00,2026-09-14T02:05:43.643+00:00,True,202,202.0,,202.0,19622.831267999998,32575.969187999995,32575.969181999997,161.2671741683168,0.02594,19622.831267999998,1376.39192083258,96.43547809999998,64.44347223880597,27.256274994343254,6.200889951553942,8,64,,False,True,,564,21.16838264042747
10,2026-09-14T02:05:14.676+00:00,2026-09-14T02:05:37.557+00:00,2026-09-14T02:05:49.268+00:00,True,181,181.0,,181.0,22881.499602000004,34592.845778,34592.845714,191.1206945524862,0.020239999999999998,22881.499602000004,1696.1616584438766,97.003625,65.06303431111111,27.966055320214007,5.232295751600479,8,64,,False,True,,446,21.16838264042747
11,2026-09-14T02:05:17.100+00:00,2026-09-14T02:05:42.747+00:00,2026-09-14T02:05:53.408+00:00,True,163,163.0,,163.0,25647.311012,36307.89034,36307.890497,222.7477944601227,41.476923,25647.311012,2003.8177057483695,95.23134199999998,65.8060452345679,21.960488046347862,4.489382293314484,8,64,,False,True,,815,21.16838264042747
12,2026-09-14T02:05:21.137+00:00,2026-09-14T02:05:48.583+00:00,2026-09-14T02:06:06.647+00:00,True,273,273.0,,273.0,27445.943613000003,45510.300989,45510.301037000005,166.70439940293042,39.562687,27445.943613000003,1657.2366477554592,96.84177799999999,66.4130785882353,22.492005741247773,5.99864193528373,8,64,,False,True,,953,21.16838264042747
13,2026-09-14T02:05:25.348+00:00,2026-09-14T02:05:56.434+00:00,2026-09-14T02:06:06.091+00:00,True,147,147.0,,147.0,31085.541255,40742.375559,40742.375446,277.1590166394558,38.823508000000004,31085.541255,2558.5327786532366,95.3500577,66.14270071232878,22.229137230521772,3.6080370371905732,8,64,,False,True,,749,21.16838264042747
14,2026-09-14T02:05:28.378+00:00,2026-09-14T02:06:01.585+00:00,2026-09-14T02:06:19.860+00:00,True,273,273.0,,273.0,33207.234804,51482.729972,51482.729815,188.58142789377288,38.458209000000004,33207.234804,2005.847553031874,94.959418,67.18932047058824,22.050233295929953,5.3027490995228295,8,64,,False,True,,1360,21.16838264042747
15,2026-09-14T02:05:32.499+00:00,2026-09-14T02:06:08.681+00:00,2026-09-14T02:06:23.518+00:00,True,223,223.0,,223.0,36181.909857,51019.005281,51019.005312,228.7847771838565,4.2690410000000005,36181.909857,2418.551856201725,93.7635031,66.83376317117117,22.852643465610836,4.370920184973647,8,64,,False,True,,1047,21.16838264042747
16,2026-09-14T02:05:35.312+00:00,2026-09-14T02:06:13.337+00:00,2026-09-14T02:06:26.000+00:00,True,191,191.0,,191.0,38024.659043,50687.379043,50687.379121,265.3789482774869,9.718530000000001,38024.659043,2746.6414957312363,94.83012,66.64589473684211,23.031603896357115,3.768196415087226,8,64,,False,True,,897,21.16838264042747
17,2026-09-14T02:05:38.534+00:00,2026-09-14T02:06:19.813+00:00,2026-09-14T02:06:39.246+00:00,True,294,294.0,,294.0,41278.905067,60711.722987,60711.722769,206.50245839795917,0.01682,41278.905067,2403.7484234450176,94.678743,66.32361064846417,29.61866958373892,4.842557343710262,8,64,,False,True,,1548,21.16838264042747
18,2026-09-14T02:05:41.088+00:00,2026-09-14T02:06:23.691+00:00,2026-09-14T02:06:41.169+00:00,True,267,267.0,,267.0,42602.921297,60080.874320999996,60080.874338,225.0220012659176,0.018940000000000002,42602.921297,2603.429540482421,95.54407799999998,65.70659031578947,31.86456576450019,4.44400989528669,8,64,,False,True,,1275,21.16838264042747
19,2026-09-14T02:05:44.264+00:00,2026-09-14T02:06:29.032+00:00,2026-09-14T02:06:44.642+00:00,True,234,234.0,,234.0,44767.884416,60377.916544,60377.916617,258.0252846880342,0.01722,44767.884416,2922.3681674054737,95.487657,66.99584604291846,32.47452595640208,3.8755891788593613,8,64,,False,True,,1229,21.16838264042747
20,2026-09-14T02:05:48.483+00:00,2026-09-14T02:06:36.862+00:00,2026-09-14T02:06:43.961+00:00,True,107,107.0,,107.0,48379.187167000004,55478.087135,55478.08704400001,518.4867948037383,40.916944,48379.187167000004,4670.569750342613,95.29096530000001,66.97075441509433,22.038042506056367,1.9286894254235356,8,64,,False,True,,556,21.16838264042747
21,2026-09-14T02:05:51.121+00:00,2026-09-14T02:06:41.967+00:00,2026-09-14T02:06:52.409+00:00,True,159,159.0,,159.0,50845.965879,61288.15160700001,61288.151699,385.46007357861635,7.163065,50845.965879,4027.174149070852,94.8245579,66.08978308860759,23.481183203590216,2.594302419488204,8,64,,False,True,,600,21.16838264042747
22,2026-09-14T02:05:53.826+00:00,2026-09-14T02:06:45.502+00:00,2026-09-14T02:06:59.563+00:00,True,212,212.0,,212.0,51675.82974,65736.742124,65736.74216,310.0789724528302,8.320281999999999,51675.82974,3544.6074115480283,96.12312904999999,66.63939518483413,22.906700232733204,3.2249848889697312,8,64,,False,True,,937,21.16838264042747
23,2026-09-14T02:05:57.159+00:00,2026-09-14T02:06:52.309+00:00,2026-09-14T02:07:00.340+00:00,True,120,120.0,,120.0,55149.747854999994,63180.432783,63180.43279399999,526.5036066166666,40.861205,55149.747854999994,5028.345919394043,94.456254,67.48474729411764,21.657602774316683,1.8993222223113433,8,64,,False,True,,629,21.16838264042747
24,2026-09-14T02:06:01.290+00:00,2026-09-14T02:06:59.282+00:00,2026-09-14T02:07:06.304+00:00,True,106,106.0,,106.0,57991.628951,65013.943191,65013.943259,613.3390873490566,39.664525999999995,57991.628951,5626.190728334426,95.83037049999999,66.87918323809524,21.759013700118885,1.6304194884563437,8,64,,False,True,,504,21.16838264042747
25,2026-09-14T02:06:04.870+00:00,2026-09-14T02:07:05.350+00:00,2026-09-14T02:07:16.479+00:00,True,166,166.0,,166.0,60480.740214000005,71609.744758,71609.744732,431.3840044096386,0.0,60480.740214000005,4689.064944014361,96.56335424999999,67.4485123878788,28.174636449445103,2.3181202580875704,8,64,,False,True,,813,21.16838264042747
26,2026-09-14T02:06:08.075+00:00,2026-09-14T02:07:11.255+00:00,2026-09-14T02:07:18.682+00:00,True,111,111.0,,111.0,63179.626056,70606.532936,70606.532899,636.094890981982,41.791940000000004,63179.626056,5990.380051265236,97.27205999999998,67.51733527272727,23.00951136894527,1.5720924875409745,8,64,,False,True,,571,21.16838264042747
27,2026-09-14T02:06:10.492+00:00,2026-09-14T02:07:15.450+00:00,2026-09-14T02:07:32.934+00:00,True,267,267.0,,267.0,64957.648663,82442.03266299999,82442.032616,308.7716577378277,0.016229,64957.648663,3971.4873777619937,95.05959630000001,65.73076691729324,36.434015930554196,3.2386392156464825,8,64,,False,True,,1267,21.16838264042747
28,2026-09-14T02:06:14.621+00:00,2026-09-14T02:07:22.406+00:00,2026-09-14T02:07:35.810+00:00,True,204,204.0,,204.0,67785.00996,81188.526376,81188.52614799999,397.98297131372544,0.016969,67785.00996,4741.450238291036,95.25597699999999,66.0271744630542,40.614271250064796,2.51267031323165,8,64,,False,True,,732,21.16838264042747
29,2026-09-14T02:06:18.365+00:00,2026-09-14T02:07:30.538+00:00,2026-09-14T02:07:45.236+00:00,True,224,224.0,,224.0,72172.659984,86870.95272,86870.95273,387.81675325892854,5.908358,72172.659984,4817.8929672320755,94.1564013,65.91162661883408,23.73206771537699,2.578537393528887,8,64,,False,True,,1107,21.16838264042747
30,2026-09-14T02:06:22.111+00:00,2026-09-14T02:07:36.579+00:00,2026-09-14T02:07:49.314+00:00,True,199,199.0,,199.0,74468.267508,87203.02104400001,87203.020926,438.2061353065327,39.280367,74468.267508,5274.397408273134,93.56528909999999,64.31693705050505,20.898692066131524,2.282031030778058,8,64,,False,True,,1037,21.16838264042747
31,2026-09-14T02:06:24.625+00:00,2026-09-14T02:07:40.370+00:00,2026-09-14T02:07:51.381+00:00,True,174,174.0,,174.0,75745.514721,86756.346081,86756.34603,498.5996898275862,35.542505,75745.514721,5737.464062728093,92.04498079999999,63.64642404624277,20.50616434137262,2.005616970515852,8,64,,False,True,,756,21.16838264042747
32,2026-09-14T02:06:27.908+00:00,2026-09-14T02:07:45.953+00:00,2026-09-14T02:07:57.760+00:00,True,183,183.0,,183.0,78045.088554,89851.80369,89851.803674,490.9934626994536,0.0,78045.088554,5764.51655514676,92.7440589,64.87206118681318,24.80617116542618,2.0366869944133006,8,64,,False,True,,836,21.16838264042747
33,2026-09-14T02:06:32.012+00:00,2026-09-14T02:07:52.943+00:00,2026-09-14T02:08:10.875+00:00,True,273,273.0,,273.0,80931.392009,98862.683657,98862.683522,362.1343718754579,38.774019,80931.392009,4894.250083084684,96.1183092,65.92386635294118,22.009505190822498,2.761405920834217,8,64,,False,True,,1285,21.16838264042747
34,2026-09-14T02:06:35.212+00:00,2026-09-14T02:07:58.391+00:00,2026-09-14T02:08:08.009+00:00,True,149,149.0,,149.0,83179.137542,92796.942086,92796.94207399999,622.79826895302,41.074733,83179.137542,6809.010175080837,94.1166596,64.98516583783784,21.433905813214846,1.6056563573173948,8,64,,False,True,,678,21.16838264042747
35,2026-09-14T02:06:38.686+00:00,2026-09-14T02:08:04.599+00:00,2026-09-14T02:08:23.861+00:00,True,292,292.0,,292.0,85912.887968,105175.43183999999,105175.431633,360.18983435958904,0.0,85912.887968,5023.987784951048,96.38839854999998,66.19430883848797,43.77178086981301,2.7763137730131713,8,64,,False,True,,439,21.16838264042747
36,2026-09-14T02:06:42.152+00:00,2026-09-14T02:08:10.688+00:00,2026-09-14T02:08:23.718+00:00,True,197,197.0,,197.0,88536.02745299999,101565.96255699999,101565.96258099999,515.5632618324872,0.0,88536.02745299999,6303.389430246769,95.47941080000001,66.47926073469388,49.7217991308782,1.939626180271184,8,64,,False,True,,798,21.16838264042747
37,2026-09-14T02:06:45.649+00:00,2026-09-14T02:08:17.321+00:00,2026-09-14T02:08:24.966+00:00,True,114,114.0,,114.0,91672.129597,99316.947773,99316.94780600001,871.2012965438597,0.01652,91672.129597,8579.7612218973,97.03216175,67.65325819469027,61.14301761141333,1.1478403490667046,8,64,,False,True,,527,21.16838264042747
38,2026-09-14T02:06:49.737+00:00,2026-09-14T02:08:24.820+00:00,2026-09-14T02:08:40.793+00:00,True,238,238.0,,238.0,95083.331842,111056.63309,111056.63317,466.62450911764705,0.0,95083.331842,6159.016055021667,95.88660449999999,67.39789556118144,24.32595060602058,2.1430507424723153,8,64,,False,True,,1446,21.16838264042747
39,2026-09-14T02:06:52.432+00:00,2026-09-14T02:08:29.699+00:00,2026-09-14T02:08:45.752+00:00,True,240,240.0,,240.0,97267.188341,113320.098933,113320.099091,472.16707954583336,0.0,97267.188341,6274.281357361053,95.89364195000002,67.16698992468619,24.325565795912105,2.117894374076561,8,64,,False,True,,1207,21.16838264042747
40,2026-09-14T02:06:54.732+00:00,2026-09-14T02:08:33.437+00:00,2026-09-14T02:08:53.509+00:00,True,299,299.0,,299.0,98705.15283499999,118777.07654699999,118777.07658999998,397.2477477926421,0.0,98705.15283499999,5704.420788029696,95.677576,67.35544869798657,23.84726738181321,2.51732075491592,8,64,,False,True,,1352,21.16838264042747
41,2026-09-14T02:06:58.816+00:00,2026-09-14T02:08:41.158+00:00,2026-09-14T02:08:55.161+00:00,True,212,212.0,,212.0,102341.678227,116344.296339,116344.296353,548.793850721698,39.507587,102341.678227,7024.3311710755725,95.00102555000001,66.36311901421801,21.80731247304073,1.8221778520391039,8,64,,False,True,,845,21.16838264042747
42,2026-09-14T02:07:02.960+00:00,2026-09-14T02:08:49.447+00:00,2026-09-14T02:09:07.905+00:00,True,280,280.0,,280.0,106486.760675,124945.446883,124945.446983,446.23373922499997,0.0,106486.760675,6359.901784969087,94.24385499999998,66.16016562007168,26.368617743709297,2.2409780186883834,8,64,,False,True,,1346,21.16838264042747
43,2026-09-14T02:07:06.835+00:00,2026-09-14T02:08:55.291+00:00,2026-09-14T02:09:05.172+00:00,True,151,151.0,,151.0,108455.107404,118336.33108399999,118336.331146,783.6843122251655,0.0,108455.107404,8820.642300358166,94.63808,65.87482453333332,30.285998420545344,1.2760240123788695,8,64,,False,True,,549,21.16838264042747
44,2026-09-14T02:07:10.405+00:00,2026-09-14T02:09:02.081+00:00,2026-09-14T02:09:11.174+00:00,True,140,140.0,,140.0,111676.04884900001,120769.57947300002,120769.57928300001,862.6398520214286,39.64376600000001,111676.04884900001,9432.846823589232,95.97199499999999,65.42108362589927,22.705629037453914,1.1592323216733502,8,64,,False,True,,495,21.16838264042747
45,2026-09-14T02:07:12.876+00:00,2026-09-14T02:09:05.669+00:00,2026-09-14T02:09:20.167+00:00,True,217,217.0,,217.0,112793.417516,127291.515692,127291.515746,586.5968467557603,0.01575,112793.417516,7652.537379133754,96.8490916,67.12082488888889,52.27670538315926,1.7047483394342047,8,64,,False,True,,1035,21.16838264042747
46,2026-09-14T02:07:15.161+00:00,2026-09-14T02:09:10.318+00:00,2026-09-14T02:09:23.653+00:00,True,198,198.0,,198.0,115156.480091,128491.553883,128491.553998,648.9472424141414,0.0,115156.480091,8179.211472370536,99.21346750000001,67.69072990862945,58.38962691973303,1.5409573159983108,8,64,,False,True,,935,21.16838264042747
47,2026-09-14T02:07:19.163+00:00,2026-09-14T02:09:18.168+00:00,2026-09-14T02:09:32.308+00:00,True,222,222.0,,222.0,119004.732821,133144.889749,133144.889728,599.7517555315316,0.0,119004.732821,7982.841584694202,96.48869755,63.98261053393665,31.307254614667407,1.667356519792134,8,64,,False,True,,1290,21.16838264042747
48,2026-09-14T02:07:22.632+00:00,2026-09-14T02:09:23.974+00:00,2026-09-14T02:09:42.108+00:00,True,274,274.0,,274.0,121341.949801,139476.432233,139476.432072,509.03807325547444,40.061885000000004,121341.949801,7326.5537544203025,95.89228415000001,66.42667557509158,21.51149476227682,1.9644895959359925,8,64,,False,True,,1473,21.16838264042747
49,2026-09-14T02:07:25.619+00:00,2026-09-14T02:09:28.727+00:00,2026-09-14T02:09:47.276+00:00,True,286,286.0,,286.0,123108.606137,141656.857785,141656.857773,495.303698506993,0.0,123108.606137,7275.768453302666,94.0094095,65.08158472982456,27.641313945349165,2.018963320745665,8,64,,False,True,,1471,21.16838264042747
50,2026-09-14T02:07:28.287+00:00,2026-09-14T02:09:32.626+00:00,2026-09-14T02:09:40.925+00:00,True,127,127.0,,127.0,124338.78179600001,132638.27798800002,132638.278098,1044.3958905354332,40.497165,124338.78179600001,11027.458546418828,94.880556,65.8690173968254,21.47102441603596,0.957491320955553,8,64,,False,True,,484,21.16838264042747
51,2026-09-14T02:07:31.416+00:00,2026-09-14T02:09:39.363+00:00,2026-09-14T02:09:48.913+00:00,True,147,147.0,,147.0,127946.82515199999,137496.870592,137496.870742,935.3528621904761,0.0,127946.82515199999,10547.531977030087,94.77613659999999,65.4112701369863,32.8257821080755,1.069115241438469,8,64,,False,True,,550,21.16838264042747
52,2026-09-14T02:07:35.030+00:00,2026-09-14T02:09:44.891+00:00,2026-09-14T02:10:04.246+00:00,True,292,292.0,,292.0,129861.240434,149215.813234,149215.813138,511.0130586917808,0.0,129861.240434,7595.7145755454,95.51403605,66.51055945017183,28.298488658516007,1.9568971523285275,8,64,,False,True,,1158,21.16838264042747
53,2026-09-14T02:07:37.379+00:00,2026-09-14T02:09:48.725+00:00,2026-09-14T02:10:00.409+00:00,True,176,176.0,,176.0,131346.171615,143030.577375,143030.577568,812.6737361818182,36.758483,131346.171615,9895.581465818112,94.47653325000002,66.76803291428571,21.89930258382295,1.230506114357353,8,64,,False,True,,888,21.16838264042747
54,2026-09-14T02:07:40.382+00:00,2026-09-14T02:09:54.806+00:00,2026-09-14T02:10:14.651+00:00,True,298,298.0,,298.0,134424.46315,154268.814894,154268.814839,517.6805867080536,0.0,134424.46315,7783.178016359555,95.34944585,66.81599913804713,27.52071779852827,1.9316930658004954,8,64,,False,True,,663,21.16838264042747
55,2026-09-14T02:07:42.760+00:00,2026-09-14T02:09:58.760+00:00,2026-09-14T02:10:16.418+00:00,True,264,264.0,,264.0,135999.88872,153657.46132799998,153657.461548,582.0358391969696,0.0,135999.88872,8366.130493962462,96.57938250000001,67.1390593460076,28.417427386648416,1.718107260905872,8,64,,False,True,,1261,21.16838264042747
56,2026-09-14T02:07:45.378+00:00,2026-09-14T02:10:02.765+00:00,2026-09-14T02:10:18.476+00:00,True,228,228.0,,228.0,137387.873616,153098.183248,153098.183216,671.4832597192982,0.0,137387.873616,9094.39399391728,96.47044635,69.20841247577093,66.66004344260388,1.489240402223901,8,64,,False,True,,749,21.16838264042747
57,2026-09-14T02:07:48.584+00:00,2026-09-14T02:10:09.807+00:00,2026-09-14T02:10:16.837+00:00,True,105,105.0,,105.0,141222.741533,148252.384797,148252.384686,1411.9274732,0.0,141222.741533,13775.379625796068,96.1889884,67.5927236923077,36.397873999486514,0.7082516759765792,8,64,,False,True,,429,21.16838264042747
58,2026-09-14T02:07:52.458+00:00,2026-09-14T02:10:15.901+00:00,2026-09-14T02:10:23.025+00:00,True,114,114.0,,114.0,143442.54809999999,150566.66406799998,150566.66383399998,1320.7602090701753,0.01565,143442.54809999999,13429.015119550655,95.94836615,63.045274053097344,89.30440967608892,0.7571397075551498,8,64,,False,True,,531,21.16838264042747
59,2026-09-14T02:07:56.276+00:00,2026-09-14T02:10:23.299+00:00,2026-09-14T02:10:35.600+00:00,True,183,183.0,,183.0,147022.422625,159323.695457,159323.695325,870.6212859289618,40.652354,147022.422625,10863.234864912518,94.998281,67.58941116483517,21.422497317672843,1.1486050425524434,8,64,,False,True,,843,21.16838264042747
60,2026-09-14T02:07:58.908+00:00,2026-09-14T02:10:27.763+00:00,2026-09-14T02:10:43.906+00:00,True,242,242.0,,242.0,148855.70358,164998.460188,164998.460277,681.8118193264463,0.0,148855.70358,9564.552875414862,95.55604255,66.98239256431536,31.491607908783077,1.4666803540121776,8,64,,False,True,,971,21.16838264042747
61,2026-09-14T02:08:01.655+00:00,2026-09-14T02:10:32.408+00:00,2026-09-14T02:10:42.427+00:00,True,151,151.0,,151.0,150753.264429,160771.612717,160771.61272,1064.7126670198675,0.0,150753.264429,12262.74400470314,96.149502,66.78898858666666,36.01826336517856,0.9392205343228062,8,64,,False,True,,621,21.16838264042747
62,2026-09-14T02:08:03.953+00:00,2026-09-14T02:10:36.327+00:00,2026-09-14T02:10:45.528+00:00,True,142,142.0,,142.0,152374.241661,161575.235453,161575.235629,1137.8537720352113,0.0,152374.241661,12781.53859681563,96.20730300000001,65.25527512056738,36.72594805451723,0.8788475511230546,8,64,,False,True,,759,21.16838264042747
63,2026-09-14T02:08:07.288+00:00,2026-09-14T02:10:42.144+00:00,2026-09-14T02:10:56.098+00:00,True,212,212.0,,212.0,154855.706546,168809.704626,168809.704565,796.2721913443396,14.34905,154855.706546,10631.014412026218,95.1469885,66.13269232227488,22.085926596041848,1.2558519693502732,8,64,,False,True,,985,21.16838264042747
64,2026-09-14T02:08:10.613+00:00,2026-09-14T02:10:47.535+00:00,2026-09-14T02:11:03.038+00:00,True,236,236.0,,236.0,156921.968227,172424.670819,172424.670893,730.6130122584746,12.001775,156921.968227,10210.478958178197,94.030141,65.9689472,21.76304500992318,1.3687136468292125,8,64,,False,True,,1022,21.16838264042747
65,2026-09-14T02:08:13.990+00:00,2026-09-14T02:10:53.725+00:00,2026-09-14T02:11:08.203+00:00,True,224,224.0,,224.0,159734.881594,174212.829754,174212.829617,777.7358465044643,41.301243,159734.881594,10668.4178551166,92.54907899999998,64.92353434977578,20.72131047518693,1.2857836034022452,8,64,,False,True,,1077,21.16838264042747
66,2026-09-14T02:08:17.221+00:00,2026-09-14T02:10:59.409+00:00,2026-09-14T02:11:15.158+00:00,True,239,239.0,,239.0,162187.315553,177936.689505,177936.68953099998,744.5049771171548,0.0,162187.315553,10486.789899333597,93.1313508,66.17384013445378,30.789708979552394,1.343174365359226,8,64,,False,True,,961,21.16838264042747
67,2026-09-14T02:08:19.560+00:00,2026-09-14T02:11:04.015+00:00,2026-09-14T02:11:14.706+00:00,True,162,162.0,,162.0,164454.802584,175145.64444,175145.64438299998,1081.1459529814815,0.0,164454.802584,12915.618914802086,93.57412955,66.40274444720497,34.743236395848676,0.9249444970097253,8,64,,False,True,,773,21.16838264042747
68,2026-09-14T02:08:22.965+00:00,2026-09-14T02:11:10.155+00:00,2026-09-14T02:11:26.735+00:00,True,249,249.0,,249.0,167189.358144,183770.024768,183770.024809,738.0322281485944,31.338664,167189.358144,10590.980747880023,95.30489699999998,66.85752670967742,21.925155693908103,1.3549543801517652,8,64,,False,True,,1232,21.16838264042747
69,2026-09-14T02:08:25.316+00:00,2026-09-14T02:11:14.068+00:00,2026-09-14T02:11:28.243+00:00,True,213,213.0,,213.0,168752.11037900002,182926.697771,182926.69765600003,858.810787117371,0.015380000000000001,168752.11037900002,11558.355181104858,96.82688160000002,66.86126128301886,73.46294012585572,1.1644008370317154,8,64,,False,True,,775,21.16838264042747
70,2026-09-14T02:08:28.434+00:00,2026-09-14T02:11:20.158+00:00,2026-09-14T02:11:33.120+00:00,True,193,193.0,,193.0,171724.456626,184685.951666,184685.951749,956.9220297875647,0.01531,171724.456626,12356.367389373565,95.62254860000002,67.50778666666668,75.5621912979474,1.0450172211746551,8,64,,False,True,,915,21.16838264042747
71,2026-09-14T02:08:32.118+00:00,2026-09-14T02:11:26.415+00:00,2026-09-14T02:11:41.882+00:00,True,232,232.0,,232.0,174296.986917,189763.994405,189763.99431,817.9482513362069,0.0,174296.986917,11438.997653863777,96.15329,66.95674237229437,73.6032532196948,1.2225712297394975,8,64,,False,True,,1056,21.16838264042747
72,2026-09-14T02:08:35.919+00:00,2026-09-14T02:11:32.435+00:00,2026-09-14T02:11:45.231+00:00,True,194,194.0,,194.0,176515.968505,189311.276537,189311.276418,975.8313217422681,0.0,176515.968505,12668.389877072786,96.09965834999998,66.29693280829015,32.60776986135377,1.0247672698043617,8,64,,False,True,,842,21.16838264042747
73,2026-09-14T02:08:39.441+00:00,2026-09-14T02:11:39.119+00:00,2026-09-14T02:11:48.824+00:00,True,145,145.0,,145.0,179678.338132,189383.032148,189383.03213900002,1306.0898768206896,0.0,179678.338132,14915.919829045382,94.7139562,67.39370844444444,35.84133154533744,0.7656440936413177,8,64,,False,True,,469,21.16838264042747
74,2026-09-14T02:08:43.415+00:00,2026-09-14T02:11:45.626+00:00,2026-09-14T02:11:59.487+00:00,True,206,206.0,,206.0,182210.85183899998,196072.21350299998,196072.213505,951.8068616747572,39.928836000000004,182210.85183899998,12690.5413500584,96.13154200000001,67.61639836097561,23.0350546874965,1.0506333167746287,8,64,,False,True,,1017,21.16838264042747
75,2026-09-14T02:08:47.136+00:00,2026-09-14T02:11:53.004+00:00,2026-09-14T02:12:10.788+00:00,True,263,263.0,,263.0,185867.936914,203651.18581,203651.185665,774.3391089923954,36.093454,185867.936914,11456.94515610029,97.30393000000002,67.87499578625955,22.764186706716355,1.2914238576807038,8,64,,False,True,,1042,21.16838264042747
76,2026-09-14T02:08:50.876+00:00,2026-09-14T02:11:59.899+00:00,2026-09-14T02:12:19.556+00:00,True,293,293.0,,293.0,189022.89630899997,208680.48734899997,208680.48743999997,712.220093651877,0.0,189022.89630899997,11038.94926101253,98.01074899999999,67.32051726027397,32.14966857952217,1.4040603590789156,8,64,,False,True,,1258,21.16838264042747
77,2026-09-14T02:08:54.890+00:00,2026-09-14T02:12:06.731+00:00,2026-09-14T02:12:22.760+00:00,True,238,238.0,,238.0,191841.062427,207870.262811,207870.262924,873.4044660672268,0.0,191841.062427,12430.869619640209,96.92691699999999,67.63375689451478,33.35665941876244,1.1449449131470748,8,64,,False,True,,997,21.16838264042747
78,2026-09-14T02:08:58.335+00:00,2026-09-14T02:12:12.901+00:00,2026-09-14T02:12:19.505+00:00,True,102,102.0,,102.0,194566.81352700002,201170.64149500002,201170.64135900003,1972.2611897941179,0.0,194566.81352700002,19258.558666995817,97.46890714999999,65.38443532673267,42.9662470637587,0.5070322351312637,8,64,,False,True,,298,21.16838264042747
79,2026-09-14T02:09:02.136+00:00,2026-09-14T02:12:19.737+00:00,2026-09-14T02:12:32.741+00:00,True,198,198.0,,198.0,197601.117649,210604.331985,210604.33212399998,1063.658243050505,38.771128,197601.117649,14038.225428209842,93.56630850000002,66.00616414213198,21.47146737480118,0.9401516015069542,8,64,,False,True,,942,21.16838264042747
80,2026-09-14T02:09:04.777+00:00,2026-09-14T02:12:23.385+00:00,2026-09-14T02:12:37.416+00:00,True,215,215.0,,215.0,198607.28354,212638.4541,212638.453979,989.0160650186046,35.362714999999994,198607.28354,13540.449246042841,94.039433,65.56621757009346,21.194281956340543,1.011105921127932,8,64,,False,True,,876,21.16838264042747
81,2026-09-14T02:09:07.095+00:00,2026-09-14T02:12:28.233+00:00,2026-09-14T02:12:39.149+00:00,True,170,170.0,,170.0,201137.571887,212053.801263,212053.801421,1247.3753024764706,34.140598,201137.571887,15421.608361880197,94.66499094999999,64.59307323076924,21.477023274685347,0.8016833416212015,8,64,,False,True,,698,21.16838264042747
82,2026-09-14T02:09:10.135+00:00,2026-09-14T02:12:34.519+00:00,2026-09-14T02:12:52.414+00:00,True,268,268.0,,268.0,204383.86468,222278.141544,222278.141597,829.3960507350746,0.0,204383.86468,12480.875563712683,93.96465769999999,67.01976353558052,77.19817388627179,1.2056966021868116,8,64,,False,True,,1265,21.16838264042747
83,2026-09-14T02:09:12.658+00:00,2026-09-14T02:12:38.828+00:00,2026-09-14T02:12:52.407+00:00,True,205,205.0,,205.0,206170.42071500001,219748.98941900002,219748.989448,1071.946289990244,0.0,206170.42071500001,14395.182667311465,94.3607372,66.56161129411764,87.51820640164962,0.9328825608800512,8,64,,False,True,,1322,21.16838264042747
84,2026-09-14T02:09:15.371+00:00,2026-09-14T02:12:44.014+00:00,2026-09-14T02:12:50.579+00:00,True,102,102.0,,102.0,208643.92390400002,215208.136896,215208.13678000003,2109.883693921569,40.752053999999994,208643.92390400002,20652.402024329243,94.3647091,64.99220784158416,20.77995267226056,0.47395977434297387,8,64,,False,True,,547,21.16838264042747
85,2026-09-14T02:09:18.168+00:00,2026-09-14T02:12:47.381+00:00,2026-09-14T02:13:07.055+00:00,True,297,297.0,,297.0,209213.200526,228886.328718,228886.328604,770.661039070707,0.0,209213.200526,12136.144926934103,95.86629799999999,66.46327091891892,73.25397774647851,1.2975873293241538,8,64,,False,True,,1184,21.16838264042747
86,2026-09-14T02:09:21.517+00:00,2026-09-14T02:12:54.563+00:00,2026-09-14T02:13:01.696+00:00,True,107,107.0,,107.0,213045.778084,220178.61161999998,220178.611751,2057.7440350560746,39.399637000000006,213045.778084,20589.41920515977,95.994246,67.29088241509434,22.062819090773665,0.48596909215082285,8,64,,False,True,,556,21.16838264042747
87,2026-09-14T02:09:24.830+00:00,2026-09-14T02:12:59.493+00:00,2026-09-14T02:13:15.102+00:00,True,235,235.0,,235.0,214663.35314,230272.09502799998,230272.09516,979.881256,35.351936,214663.35314,13998.758568998564,94.5640396,66.70402516239317,21.675252274059904,1.0205318189832124,8,64,,False,True,,899,21.16838264042747
88,2026-09-14T02:09:27.988+00:00,2026-09-14T02:13:05.297+00:00,2026-09-14T02:13:18.859+00:00,True,204,204.0,,204.0,217309.755627,230871.085291,230871.085207,1131.7210059166666,34.241738,217309.755627,15210.064822652865,94.8512388,66.80457962561576,22.07153447585178,0.8836100014121279,8,64,,False,True,,844,21.16838264042747
89,2026-09-14T02:09:31.958+00:00,2026-09-14T02:13:12.733+00:00,2026-09-14T02:13:26.031+00:00,True,202,202.0,,202.0,220774.576749,234073.386605,234073.386491,1158.7791410445545,40.37980399999999,220774.576749,15529.005064438457,94.45407499999999,66.16323311442785,21.838430586287174,0.8629772180844976,8,64,,False,True,,897,21.16838264042747
90,2026-09-14T02:09:36.170+00:00,2026-09-14T02:13:20.339+00:00,2026-09-14T02:13:30.211+00:00,True,154,154.0,,154.0,224169.082652,234041.27593200002,234041.27597500003,1519.7485452922078,39.023477,224169.082652,18058.871552214772,93.03305315,64.52413908496732,20.529666177721317,0.6580035909765943,8,64,,False,True,,722,21.16838264042747
91,2026-09-14T02:09:39.278+00:00,2026-09-14T02:13:26.031+00:00,2026-09-14T02:13:44.549+00:00,True,279,279.0,,279.0,226753.69256,245271.116944,245271.11678399998,879.1079454623656,0.0,226753.69256,13571.446302805283,94.753791,66.60944023021582,35.254785063662766,1.1375167344457477,8,64,,False,True,,1409,21.16838264042747
92,2026-09-14T02:09:42.875+00:00,2026-09-14T02:13:31.447+00:00,2026-09-14T02:13:39.594+00:00,True,126,126.0,,126.0,228571.174192,236718.796592,236718.796719,1878.7206088809523,39.939686,228571.174192,20356.94194999569,92.29897350000002,65.1809792,20.366571140324083,0.5322771229577052,8,64,,False,True,,553,21.16838264042747
93,2026-09-14T02:09:46.651+00:00,2026-09-14T02:13:38.369+00:00,2026-09-14T02:13:58.432+00:00,True,299,299.0,,299.0,231718.028447,251780.791455,251780.791251,842.0762249197325,40.235853999999996,231718.028447,13396.724968069317,96.000842,67.32470808053692,22.523636157283406,1.1875409489029245,8,64,,False,True,,1375,21.16838264042747
94,2026-09-14T02:09:49.557+00:00,2026-09-14T02:13:44.373+00:00,2026-09-14T02:13:56.360+00:00,True,179,179.0,,179.0,234816.13667699997,246803.14134899998,246803.14140899997,1378.7884994916199,39.326595999999995,234816.13667699997,17545.96239720069,95.86497790000001,67.3427228764045,22.019328351854124,0.7252743989464836,8,64,,False,True,,727,21.16838264042747
95,2026-09-14T02:09:53.131+00:00,2026-09-14T02:13:50.632+00:00,2026-09-14T02:14:00.079+00:00,True,146,146.0,,146.0,237500.524377,246948.409433,246948.409647,1691.4274633356165,37.041871,237500.524377,19650.303420833065,94.22920024999999,65.1578279724138,22.391110165231403,0.5912166040478649,8,64,,False,True,,195,21.16838264042747
96,2026-09-14T02:09:56.843+00:00,2026-09-14T02:13:57.116+00:00,2026-09-14T02:14:14.626+00:00,True,262,262.0,,262.0,240273.760129,257783.302785,257783.302905,983.9057362786259,0.0,240273.760129,14840.068163106454,96.8221305,67.08637032950192,38.71183839271114,1.0163575265327285,8,64,,False,True,,1279,21.16838264042747
97,2026-09-14T02:10:00.110+00:00,2026-09-14T02:14:03.685+00:00,2026-09-14T02:14:23.638+00:00,True,298,298.0,,298.0,243575.26908899998,263528.054753,263528.05458199995,884.3223308120805,0.0,243575.26908899998,14106.092162526935,95.6701273,67.1810965117845,36.61813967269514,1.1308093943899442,8,64,,False,True,,1532,21.16838264042747
98,2026-09-14T02:10:03.093+00:00,2026-09-14T02:14:08.375+00:00,2026-09-14T02:14:25.983+00:00,True,264,264.0,,264.0,245281.84349,262890.623266,262890.623378,995.7978158257575,0.0,245281.84349,15091.980212043682,95.56108404999999,66.95353526996198,37.73855798402552,1.004219917470687,8,64,,False,True,,1357,21.16838264042747
99,2026-09-14T02:10:06.771+00:00,2026-09-14T02:14:15.827+00:00,2026-09-14T02:14:32.466+00:00,True,249,249.0,,249.0,249056.02799200002,265694.256728,265694.256742,1067.0452077991968,0.01578,249056.02799200002,15779.306591732127,94.4587642,67.089632,93.1358279700965,0.9371674159103466,8,64,,False,True,,863,21.16838264042747
100,2026-09-14T02:10:10.350+00:00,2026-09-14T02:14:22.040+00:00,2026-09-14T02:14:29.440+00:00,True,113,113.0,,113.0,251689.942115,259090.25136300002,259090.25147000002,2292.83408380531,42.09464,251689.942115,23670.79183250851,93.64794020000001,66.07418971428572,21.278429934717852,0.43614145806543936,8,64,,False,True,,539,21.16838264042747
101,2026-09-14T02:10:13.950+00:00,2026-09-14T02:14:28.573+00:00,2026-09-14T02:14:36.284+00:00,True,114,114.0,,114.0,254622.054378,262333.851114,262333.85101,2301.1741316666667,0.01537,254622.054378,23841.541333407848,93.9272746,68.24598881415929,137.46827495620525,0.43456076871474764,8,64,,False,True,,584,21.16838264042747
102,2026-09-14T02:10:16.565+00:00,2026-09-14T02:14:33.581+00:00,2026-09-14T02:14:44.216+00:00,True,165,165.0,,165.0,257015.512646,267650.362694,267650.362687,1622.1234102242424,39.824775,257015.512646,20003.593333333523,92.70094359999999,64.84664663414634,21.15213480527927,0.6164759066239025,8,64,,False,True,,666,21.16838264042747
103,2026-09-14T02:10:18.921+00:00,2026-09-14T02:14:36.760+00:00,2026-09-14T02:14:53.601+00:00,True,258,258.0,,258.0,257839.095906,274680.410978,274680.410956,1064.652755643411,31.039424,257839.095906,16048.295709136986,93.83667535000001,65.53040884046692,21.616209986144877,0.9392733871388592,8,64,,False,True,,1323,21.16838264042747
104,2026-09-14T02:10:23.045+00:00,2026-09-14T02:14:44.297+00:00,2026-09-14T02:14:53.282+00:00,True,135,135.0,,135.0,261251.34627,270236.561502,270236.561615,2001.7523082592593,28.382060000000003,261251.34627,22479.175833501155,94.6238293,67.05384501492537,22.381599640380895,0.4995623066311139,8,64,,False,True,,636,21.16838264042747
105,2026-09-14T02:10:26.135+00:00,2026-09-14T02:14:49.292+00:00,2026-09-14T02:15:08.884+00:00,True,289,289.0,,289.0,263157.471958,282749.13608599995,282749.13592499995,978.3707125432526,0.0,263157.471958,15475.89643250369,95.37226360000001,68.02661155555555,38.08774433287662,1.0221074553950142,8,64,,False,True,,1341,21.16838264042747
106,2026-09-14T02:10:28.726+00:00,2026-09-14T02:14:54.482+00:00,2026-09-14T02:15:01.922+00:00,True,111,111.0,,111.0,265755.635292,273195.68367600004,273195.683702,2461.2223756936937,0.0,265755.635292,25218.047271671807,95.18278349999999,67.63680349090909,54.547415817412336,0.40630217324971313,8,64,,False,True,,578,21.16838264042747
107,2026-09-14T02:10:32.249+00:00,2026-09-14T02:15:00.669+00:00,2026-09-14T02:15:12.164+00:00,True,169,169.0,,169.0,268420.864074,279915.162442,279915.162558,1656.3027370295856,40.238344,268420.864074,20642.50821659317,96.1327672,68.41844266666668,22.692564002144326,0.6037543608771738,8,64,,False,True,,835,21.16838264042747
108,2026-09-14T02:10:35.787+00:00,2026-09-14T02:15:06.520+00:00,2026-09-14T02:15:21.331+00:00,True,223,223.0,,223.0,270732.843764,285543.784436,285543.784405,1280.4654009192825,41.854901,270732.843764,18125.158036971592,95.34079679999999,66.71594897297297,22.175358209102594,0.7809660449813847,8,64,,False,True,,723,21.16838264042747
109,2026-09-14T02:10:39.245+00:00,2026-09-14T02:15:12.389+00:00,2026-09-14T02:15:32.782+00:00,True,299,299.0,,299.0,273144.28061400005,293537.33533400006,293537.33524700004,981.7302182173914,38.111368999999996,273144.28061400005,15792.399906294344,96.522299,68.43306953020135,22.4381776771379,1.0186097780705963,8,64,,False,True,,1109,21.16838264042747
110,2026-09-14T02:10:42.355+00:00,2026-09-14T02:15:18.550+00:00,2026-09-14T02:15:36.765+00:00,True,270,270.0,,270.0,276195.31347899995,294409.51866299997,294409.51867599995,1090.4056247259257,35.631364999999995,276195.31347899995,16804.60577058058,96.18563954999999,67.71079994052045,22.51137319717292,0.9170899134856415,8,64,,False,True,,1102,21.16838264042747
111,2026-09-14T02:10:45.084+00:00,2026-09-14T02:15:22.755+00:00,2026-09-14T02:15:31.032+00:00,True,121,121.0,,121.0,277670.597616,285947.774704,285947.77469399996,2363.20474953719,38.670228,277670.597616,25236.521772772856,96.90466499999998,68.97647573333333,23.40200346005326,0.42315419354199785,8,64,,False,True,,566,21.16838264042747
112,2026-09-14T02:10:49.255+00:00,2026-09-14T02:15:31.224+00:00,2026-09-14T02:15:49.522+00:00,False,267,266.0,,266.0,281968.753857,300266.261953,300266.262107,1124.5927419737827,0.03704,281968.753857,17252.040758116535,95.373991,68.78762442105264,38.5888066532849,0.8858804125041407,8,64,,False,False,Request timeout: 300.0s exceeded,926,21.16838264042747
113,2026-09-14T02:10:52.943+00:00,2026-09-14T02:15:37.678+00:00,2026-09-14T02:15:51.586+00:00,True,213,213.0,,213.0,284734.818635,298643.125579,298643.12567599997,1402.0804022347418,0.0,284734.818635,19505.26117463253,96.2831104,65.60522143396226,43.405567303828235,0.7132258597516425,8,64,,False,True,,878,21.16838264042747
114,2026-09-14T02:10:56.532+00:00,2026-09-14T02:15:43.508+00:00,2026-09-14T02:15:54.647+00:00,True,172,172.0,,172.0,286976.174213,298115.489669,298115.489666,1733.2295910813953,0.0,286976.174213,21876.812052020345,95.3874625,65.1421956491228,47.355567986799656,0.5769576085797251,8,64,,False,True,,818,21.16838264042747
115,2026-09-14T02:11:00.003+00:00,2026-09-14T02:15:50.150+00:00,2026-09-14T02:16:00.072+00:00,False,146,145.0,,145.0,290146.253417,300068.486761,300068.486765,2055.263607979452,0.037439,290146.253417,24007.02150510287,94.7403195,68.42919547586207,21.940985481563054,0.48322301873535384,8,64,,False,False,Request timeout: 300.0s exceeded,690,21.16838264042747
116,2026-09-14T02:11:03.891+00:00,2026-09-14T02:15:56.029+00:00,2026-09-14T02:16:03.931+00:00,False,113,112.0,,112.0,292138.20392299996,300040.466195,300040.46635799995,2655.2253659999997,0.04238,292138.20392299996,27475.420793661408,91.24229460000001,70.55591314285715,20.591876244502,0.373282982193508,8,64,,False,False,Request timeout: 300.0s exceeded,478,21.16838264042747
117,2026-09-14T02:11:08.077+00:00,2026-09-14T02:16:01.690+00:00,2026-09-14T02:16:08.114+00:00,False,95,94.0,,94.0,293613.195923,300037.439123,300037.439044,3158.2888320421052,0.04156,293613.195923,30117.073206526282,89.66413870000001,68.34301276595744,20.28883219283003,0.31329423512865273,8,64,,False,False,Request timeout: 300.0s exceeded,435,21.16838264042747
118,2026-09-14T02:11:12.264+00:00,2026-09-14T02:16:05.714+00:00,2026-09-14T02:16:12.304+00:00,False,98,97.0,,97.0,293449.40042,300039.32298,300039.323042,3061.6257453265307,0.03562,293449.40042,29636.009447232103,89.15190254999999,67.93734597938145,19.428060606373556,0.3232909574538195,8,64,,False,False,Request timeout: 300.0s exceeded,434,21.16838264042747
119,2026-09-14T02:11:14.986+00:00,2026-09-14T02:16:08.624+00:00,2026-09-14T02:16:14.991+00:00,False,96,95.0,,95.0,293637.696416,300005.06128,300005.061269,3125.0527215520838,0.03344,293637.696416,29962.437551031882,87.96828850000001,67.02489330526315,19.619985782943296,0.3166613242945752,8,64,,False,False,Request timeout: 300.0s exceeded,407,21.16838264042747
120,2026-09-14T02:11:19.187+00:00,2026-09-14T02:16:13.143+00:00,2026-09-14T02:16:19.260+00:00,False,92,91.0,,91.0,293955.985687,300072.829463,300072.82955699996,3261.6611908369564,0.03643,293955.985687,30640.028316372,86.99826860000002,67.21806347252748,19.64256682047071,0.3032597125266238,8,64,,False,False,Request timeout: 300.0s exceeded,404,21.16838264042747
121,2026-09-14T02:11:23.072+00:00,2026-09-14T02:16:16.861+00:00,2026-09-14T02:16:23.123+00:00,False,92,91.0,,91.0,293789.343502,300050.426382,300050.42627999996,3261.4176769565215,0.025929999999999998,293789.343502,30622.48937303535,87.36989355,68.80310857142857,19.56997483508081,0.3032823552270049,8,64,,False,False,Request timeout: 300.0s exceeded,353,21.16838264042747
122,2026-09-14T02:11:25.413+00:00,2026-09-14T02:16:19.181+00:00,2026-09-14T02:16:25.452+00:00,False,95,94.0,,94.0,293767.931036,300039.113628,300039.113573,3158.306458663158,0.02233,293767.931036,30133.1156024086,89.22529039999999,66.71470842553191,20.064510020815394,0.31329248664740694,8,64,,False,False,Request timeout: 300.0s exceeded,459,21.16838264042747
123,2026-09-14T02:11:27.795+00:00,2026-09-14T02:16:20.700+00:00,2026-09-14T02:16:27.883+00:00,False,108,107.0,,107.0,292905.234431,300087.774975,300087.774799,2778.5905073981485,0.03675,292905.234431,28178.367502344365,88.8164022,67.12654714018691,20.563209664004148,0.3565623424976711,8,64,,False,False,Request timeout: 300.0s exceeded,514,21.16838264042747
124,2026-09-14T02:11:30.916+00:00,2026-09-14T02:16:24.281+00:00,2026-09-14T02:16:30.963+00:00,False,105,104.0,,104.0,293364.92828,300046.245912,300046.245728,2857.583292647619,0.02779,293364.92828,28623.224003446005,91.99602920000001,64.24343876923076,21.544219071294307,0.346613235182759,8,64,,False,False,Request timeout: 300.0s exceeded,430,21.16838264042747
125,2026-09-14T02:11:34.754+00:00,2026-09-14T02:16:29.110+00:00,2026-09-14T02:16:34.791+00:00,False,96,95.0,,95.0,294356.815305,300037.877961,300037.878021,3125.39456271875,0.015460000000000002,294356.815305,30037.02301021429,89.91710724999999,59.800659536842105,167.06730751675943,0.3166266894220217,8,64,,False,False,Request timeout: 300.0s exceeded,390,21.16838264042747
126,2026-09-14T02:11:38.985+00:00,2026-09-14T02:16:33.923+00:00,2026-09-14T02:16:39.046+00:00,False,74,73.0,,73.0,294937.85123699997,300060.973157,300060.973136,4054.8780153513508,0.0235,294937.85123699997,34277.67639316021,88.71892695000001,70.17975232876712,20.149523467580796,0.24328388737779783,8,64,,False,False,Request timeout: 300.0s exceeded,406,21.16838264042747
127,2026-09-14T02:11:41.491+00:00,2026-09-14T02:16:35.389+00:00,2026-09-14T02:16:41.551+00:00,False,89,88.0,,88.0,293897.257208,300059.040504,300059.040378,3371.44989188764,0.04362,293897.257208,31145.631140977395,88.93027400000001,70.02026472727273,19.948817039259467,0.29327561619936227,8,64,,False,False,Request timeout: 300.0s exceeded,391,21.16838264042747
128,2026-09-14T02:11:43.852+00:00,2026-09-14T02:16:37.825+00:00,2026-09-14T02:16:43.918+00:00,False,94,93.0,,93.0,293972.718597,300065.764101,300065.764065,3192.1889794148938,0.0,293972.718597,30314.282525314313,87.9118608,65.51661832258064,65.15679700996775,0.3099320586559714,8,64,,False,False,Request timeout: 300.0s exceeded,428,21.16838264042747
129,2026-09-14T02:11:47.512+00:00,2026-09-14T02:16:41.556+00:00,2026-09-14T02:16:47.537+00:00,False,96,95.0,,95.0,294044.38737400004,300025.158446,300025.15852600004,3125.262067979167,0.0,294044.38737400004,30004.424049166264,88.49322475,62.95548496842105,65.06286643160765,0.3166401127560726,8,64,,False,False,Request timeout: 300.0s exceeded,458,21.16838264042747
130,2026-09-14T02:11:51.207+00:00,2026-09-14T02:16:44.562+00:00,2026-09-14T02:16:51.223+00:00,False,99,98.0,,98.0,293354.169243,300015.510939,300015.51093299995,3030.459706393939,0.047439999999999996,293354.169243,29476.378778762915,89.81091099999999,67.97287444897958,20.38125566461451,0.32664977785073795,8,64,,False,False,Request timeout: 300.0s exceeded,484,21.16838264042747
131,2026-09-14T02:11:54.038+00:00,2026-09-14T02:16:47.844+00:00,2026-09-14T02:16:54.078+00:00,False,92,91.0,,91.0,293805.53450099996,300039.79165299993,300039.79167599994,3261.302083434782,0.03872,293805.53450099996,30624.20826423364,88.25067200000001,68.50832035164835,19.77388169680415,0.30329310488671024,8,64,,False,False,Request timeout: 300.0s exceeded,209,21.16838264042747
132,2026-09-14T02:11:56.926+00:00,2026-09-14T02:16:50.795+00:00,2026-09-14T02:16:56.960+00:00,False,90,89.0,,89.0,293868.993471,300033.82316699997,300033.822973,3333.7091441444445,0.02056,293868.993471,30969.216781774743,89.51574699999999,69.26774939325843,20.13886886461598,0.29663322308319306,8,64,,False,False,Request timeout: 300.0s exceeded,356,21.16838264042747
133,2026-09-14T02:11:59.838+00:00,2026-09-14T02:16:53.656+00:00,2026-09-14T02:16:59.875+00:00,False,90,89.0,,89.0,293817.822813,300037.447005,300037.44705,3333.7494116666667,0.02927,293817.822813,30963.75829999662,90.84517395,69.88341788764045,20.562758482543448,0.29662964036124745,8,64,,False,False,Request timeout: 300.0s exceeded,453,21.16838264042747
134,2026-09-14T02:12:03.637+00:00,2026-09-14T02:16:57.523+00:00,2026-09-14T02:17:03.716+00:00,False,94,93.0,,93.0,293885.713865,300079.250121,300079.250057,3192.3324474148935,0.032990000000000005,293885.713865,30305.134810749038,90.4482863,66.59716404301075,20.499044393416067,0.30991812983570144,8,64,,False,False,Request timeout: 300.0s exceeded,401,21.16838264042747
135,2026-09-14T02:12:06.173+00:00,2026-09-14T02:16:59.941+00:00,2026-09-14T02:17:06.257+00:00,False,91,90.0,,90.0,293767.562283,300083.887659,300083.88775399997,3297.625140153846,0.02041,293767.562283,30787.857406066065,89.225491,70.18139306666666,19.82033767934764,0.2999161357915737,8,64,,False,False,Request timeout: 300.0s exceeded,440,21.16838264042747
136,2026-09-14T02:12:09.956+00:00,2026-09-14T02:17:03.892+00:00,2026-09-14T02:17:09.971+00:00,False,85,84.0,,84.0,293936.250421,300015.234357,300015.234294,3529.5909916941177,0.02071,293936.250421,31874.018867372906,88.45281719999998,72.3688563809524,19.15169326849115,0.2799857819888075,8,64,,False,False,Request timeout: 300.0s exceeded,307,21.16838264042747
137,2026-09-14T02:12:13.721+00:00,2026-09-14T02:17:07.698+00:00,2026-09-14T02:17:13.778+00:00,False,87,86.0,,86.0,293976.83756099996,300057.622713,300057.62282099994,3448.938193344827,0.03622,293976.83756099996,31510.051034482763,89.4032093,70.70680409302325,20.121164008411093,0.2866116155371181,8,64,,False,False,Request timeout: 300.0s exceeded,362,21.16838264042747
138,2026-09-14T02:12:16.111+00:00,2026-09-14T02:17:10.262+00:00,2026-09-14T02:17:16.154+00:00,False,85,84.0,,84.0,294150.315452,300042.466748,300042.466832,3529.911374494118,0.040240000000000005,294150.315452,31897.478992112137,88.7337264,70.14465828571429,19.598824425834646,0.2799603699783938,8,64,,False,False,Request timeout: 300.0s exceeded,365,21.16838264042747
139,2026-09-14T02:12:19.341+00:00,2026-09-14T02:17:13.096+00:00,2026-09-14T02:17:19.434+00:00,False,94,93.0,,93.0,293755.522529,300093.008353,300093.008155,3192.4788101595746,0.02504,293755.522529,30291.54673627329,89.51724150000001,68.14500886021506,20.169721143442437,0.3099039211556836,8,64,,False,False,Request timeout: 300.0s exceeded,437,21.16838264042747
140,2026-09-14T02:12:21.679+00:00,2026-09-14T02:17:15.595+00:00,2026-09-14T02:17:21.704+00:00,False,93,92.0,,92.0,293915.43883,300025.082862,300025.083009,3226.076161387097,0.023469999999999998,293915.43883,30470.731695835922,88.6996262,66.40917426086956,20.417727417329264,0.3066410285513244,8,64,,False,False,Request timeout: 300.0s exceeded,393,21.16838264042747
141,2026-09-14T02:12:24.611+00:00,2026-09-14T02:17:18.113+00:00,2026-09-14T02:17:24.646+00:00,False,96,95.0,,95.0,293501.843929,300035.722713,300035.72276100004,3125.3721120937503,0.023010000000000003,293501.843929,29948.3936275884,89.28111074999998,68.77767141052632,20.155989455618283,0.3166289638479899,8,64,,False,False,Request timeout: 300.0s exceeded,313,21.16838264042747
142,2026-09-14T02:12:28.339+00:00,2026-09-14T02:17:21.915+00:00,2026-09-14T02:17:28.345+00:00,False,93,92.0,,92.0,293576.34162699996,300006.05836299993,300006.05817999993,3225.871593333333,0.02289,293576.34162699996,30435.20775537724,89.481471,69.88822539130435,19.73413397338922,0.30666047379844,8,64,,False,False,Request timeout: 300.0s exceeded,401,21.16838264042747
143,2026-09-14T02:12:30.787+00:00,2026-09-14T02:17:24.602+00:00,2026-09-14T02:17:30.839+00:00,False,94,93.0,,93.0,293815.056342,300052.143318,300052.143304,3192.044077702128,0.04396,293815.056342,30297.79878474702,89.61115715,67.0654513548387,20.55806953936797,0.30994612793496074,8,64,,False,False,Request timeout: 300.0s exceeded,448,21.16838264042747
144,2026-09-14T02:12:34.738+00:00,2026-09-14T02:17:28.691+00:00,2026-09-14T02:17:34.777+00:00,False,89,88.0,,88.0,293952.589695,300038.443391,300038.443447,3371.2184656966288,0.03879,293952.589695,31151.58787104485,87.65336440000002,69.15742836363636,20.01052935528774,0.29329574905613465,8,64,,False,False,Request timeout: 300.0s exceeded,436,21.16838264042747
145,2026-09-14T02:12:38.437+00:00,2026-09-14T02:17:32.197+00:00,2026-09-14T02:17:38.459+00:00,False,96,95.0,,95.0,293760.607824,300022.83400000003,300022.833805,3125.2378521354167,0.0,293760.607824,29975.160268452633,89.41862825,65.91817027368421,65.83017785391736,0.3166425659454973,8,64,,False,False,Request timeout: 300.0s exceeded,394,21.16838264042747
146,2026-09-14T02:12:41.913+00:00,2026-09-14T02:17:35.717+00:00,2026-09-14T02:17:41.961+00:00,False,96,95.0,,95.0,293804.35427899996,300047.56759099994,300047.56747899996,3125.4954945729164,0.0,293804.35427899996,29979.645084762207,90.5075665,65.7180348631579,65.62133728440865,0.3166164643917265,8,64,,False,False,Request timeout: 300.0s exceeded,452,21.16838264042747
147,2026-09-14T02:12:45.910+00:00,2026-09-14T02:17:39.862+00:00,2026-09-14T02:17:45.930+00:00,False,87,86.0,,86.0,293951.451371,300019.81514699996,300019.81503099995,3448.5036210459766,0.02229,293951.451371,31507.34473078175,91.8617153,70.56236948837208,19.955251214159937,0.2866477334434154,8,64,,False,False,Request timeout: 300.0s exceeded,352,21.16838264042747
148,2026-09-14T02:12:49.553+00:00,2026-09-14T02:17:43.414+00:00,2026-09-14T02:17:49.630+00:00,False,92,91.0,,91.0,293860.556149,300076.506997,300076.506928,3261.7011622608698,0.059049,293860.556149,30629.965981341524,91.38027910000001,68.30715217582419,20.301883800314528,0.3032559959814174,8,64,,False,False,Request timeout: 300.0s exceeded,386,21.16838264042747
149,2026-09-14T02:12:52.602+00:00,2026-09-14T02:17:46.672+00:00,2026-09-14T02:17:52.644+00:00,False,90,89.0,,89.0,294069.151588,300041.191012,300041.190943,3333.791010477778,0.01787,294069.151588,30990.544120926712,89.63550294999999,67.10156656179775,20.887511653977867,0.2966259389246341,8,64,,False,False,Request timeout: 300.0s exceeded,432,21.16838264042747
150,2026-09-14T02:12:56.808+00:00,2026-09-14T02:17:50.230+00:00,2026-09-14T02:17:56.894+00:00,False,103,102.0,,102.0,293422.108888,300086.13218400005,300086.132169,2913.4575938737867,0.037520000000000005,293422.108888,28905.309165761555,88.86415210000001,65.3335617254902,20.49987381299102,0.3399024115431563,8,64,,False,False,Request timeout: 300.0s exceeded,226,21.16838264042747
151,2026-09-14T02:12:59.237+00:00,2026-09-14T02:17:53.685+00:00,2026-09-14T02:17:59.275+00:00,False,84,83.0,,83.0,294447.50055299996,300038.01165699994,300038.01184399996,3571.881093380952,0.03594,294447.50055299996,32119.513870465144,90.42680445,67.35555546987952,21.00633732438581,0.27663161591300195,8,64,,False,False,Request timeout: 300.0s exceeded,288,21.16838264042747
152,2026-09-14T02:13:03.348+00:00,2026-09-14T02:17:57.023+00:00,2026-09-14T02:18:03.369+00:00,False,96,95.0,,95.0,293675.477498,300021.845754,300021.8458,3125.227560416667,0.021649,293675.477498,29966.316368996922,87.50738575,66.80387637894736,19.995913293229698,0.31664360893871146,8,64,,False,False,Request timeout: 300.0s exceeded,440,21.16838264042747
153,2026-09-14T02:13:06.459+00:00,2026-09-14T02:18:00.107+00:00,2026-09-14T02:18:06.493+00:00,False,94,93.0,,93.0,293647.639706,300033.781914,300033.78179499996,3191.8487425,0.02426,293647.639706,30280.3653331095,88.94734614999999,68.66819578494623,19.895677213473828,0.30996509595261845,8,64,,False,False,Request timeout: 300.0s exceeded,509,21.16838264042747
154,2026-09-14T02:13:09.796+00:00,2026-09-14T02:18:03.446+00:00,2026-09-14T02:18:09.809+00:00,False,90,89.0,,89.0,293650.118149,300012.232453,300012.232308,3333.4692478666666,0.02277,293650.118149,30945.911761326643,90.49177545,71.48443038202247,20.32163814607725,0.2966545706230254,8,64,,False,False,Request timeout: 300.0s exceeded,490,21.16838264042747
155,2026-09-14T02:13:12.815+00:00,2026-09-14T02:18:06.581+00:00,2026-09-14T02:18:12.847+00:00,False,91,90.0,,90.0,293765.767278,300031.71083,300031.71078200004,3297.051766835165,0.04801,293765.767278,30787.728148779068,89.38549599999999,69.62159502222222,20.174342046934957,0.2999682925215682,8,64,,False,False,Request timeout: 300.0s exceeded,335,21.16838264042747
156,2026-09-14T02:13:15.134+00:00,2026-09-14T02:18:08.998+00:00,2026-09-14T02:18:15.151+00:00,False,93,92.0,,92.0,293864.09646499995,300017.33064099995,300017.33049599995,3225.9928010322574,0.026019999999999998,293864.09646499995,30465.358704890317,90.3915466,66.88298017391304,20.559262234137506,0.3066489519236707,8,64,,False,False,Request timeout: 300.0s exceeded,483,21.16838264042747
157,2026-09-14T02:13:18.757+00:00,2026-09-14T02:18:12.396+00:00,2026-09-14T02:18:18.793+00:00,False,98,97.0,,97.0,293639.387819,300036.297387,300036.297295,3061.594870357143,0.036289999999999996,293639.387819,29655.403118331047,88.96910185,65.94752131958762,20.980771868943705,0.3232942175489026,8,64,,False,False,Request timeout: 300.0s exceeded,390,21.16838264042747
158,2026-09-14T02:13:21.524+00:00,2026-09-14T02:18:15.104+00:00,2026-09-14T02:18:21.576+00:00,False,96,95.0,,95.0,293580.866872,300052.29292,300052.29312,3125.54472,0.0354,293580.866872,29956.52623837573,89.535896,68.12027418947369,20.560641351376066,0.31661147820433067,8,64,,False,False,Request timeout: 300.0s exceeded,431,21.16838264042747
159,2026-09-14T02:13:24.658+00:00,2026-09-14T02:18:18.204+00:00,2026-09-14T02:18:24.732+00:00,False,98,97.0,,97.0,293546.771697,300074.320369,300074.32044800004,3061.9828617142857,0.02367,293546.771697,29645.910612486852,88.63759435,67.29431620618557,19.775285695866447,0.3232532523300213,8,64,,False,False,Request timeout: 300.0s exceeded,236,21.16838264042747
160,2026-09-14T02:13:27.049+00:00,2026-09-14T02:18:20.444+00:00,2026-09-14T02:18:27.097+00:00,False,99,98.0,,98.0,293395.537903,300048.16075100005,300048.16074900003,3030.7895025151515,0.022269999999999998,293395.537903,29480.545105617588,87.4022682,67.8839066122449,19.907352015002157,0.3266142333774441,8,64,,False,False,Request timeout: 300.0s exceeded,464,21.16838264042747
161,2026-09-14T02:13:30.147+00:00,2026-09-14T02:18:23.708+00:00,2026-09-14T02:18:30.165+00:00,False,94,93.0,,93.0,293560.08098900004,300017.251165,300017.25109800004,3191.672884021277,0.023059999999999997,293560.08098900004,30271.255689736223,89.10480610000002,69.43193737634408,20.080559607372894,0.3099821748211837,8,64,,False,False,Request timeout: 300.0s exceeded,400,21.16838264042747
162,2026-09-14T02:13:33.700+00:00,2026-09-14T02:18:27.391+00:00,2026-09-14T02:18:33.717+00:00,False,99,98.0,,98.0,293691.141172,300017.15230799996,300017.15213799995,3030.476284222222,0.0,293691.141172,29510.648769554275,93.14590469999997,64.55113404081634,62.78819780272089,0.3266479907768488,8,64,,False,False,Request timeout: 300.0s exceeded,408,21.16838264042747
163,2026-09-14T02:13:36.021+00:00,2026-09-14T02:18:29.452+00:00,2026-09-14T02:18:36.080+00:00,False,103,102.0,,102.0,293430.929815,300059.678615,300059.678633,2913.2007634271845,0.0,293430.929815,28906.27017635021,93.11962299999999,64.98773333333334,61.59491454613384,0.339932377688353,8,64,,False,False,Request timeout: 300.0s exceeded,484,21.16838264042747
164,2026-09-14T02:13:40.123+00:00,2026-09-14T02:18:33.811+00:00,2026-09-14T02:18:40.167+00:00,False,93,92.0,,92.0,293687.817577,300043.98167300003,300043.981602,3226.2793720645163,0.0416,293687.817577,30446.850663994876,90.390204,69.08874017391305,20.485528949097983,0.30662171421343587,8,64,,False,False,Request timeout: 300.0s exceeded,262,21.16838264042747
165,2026-09-14T02:13:43.289+00:00,2026-09-14T02:18:37.119+00:00,2026-09-14T02:18:43.350+00:00,False,91,90.0,,90.0,293829.658232,300060.618872,300060.61872900004,3297.3694365824176,0.03582,293829.658232,30794.46657510996,90.7654375,69.232896,20.31141260628875,0.29993939337435094,8,64,,False,False,Request timeout: 300.0s exceeded,430,21.16838264042747
166,2026-09-14T02:13:45.853+00:00,2026-09-14T02:18:39.499+00:00,2026-09-14T02:18:45.935+00:00,False,99,98.0,,98.0,293645.859328,300082.623488,300082.6237,3031.137613131313,0.038079999999999996,293645.859328,29505.925404442885,89.91074699999999,65.68126693877551,20.902743850972612,0.3265767236399775,8,64,,False,False,Request timeout: 300.0s exceeded,474,21.16838264042747
167,2026-09-14T02:13:48.864+00:00,2026-09-14T02:18:42.486+00:00,2026-09-14T02:18:48.904+00:00,False,102,101.0,,101.0,293622.22320099996,300039.943009,300039.94297299994,2941.5680683627447,0.039310000000000005,293622.22320099996,29066.64799174728,91.24237405,63.54178027722772,20.673112450092738,0.33662184770169223,8,64,,False,False,Request timeout: 300.0s exceeded,515,21.16838264042747
168,2026-09-14T02:13:53.031+00:00,2026-09-14T02:18:46.561+00:00,2026-09-14T02:18:53.072+00:00,False,97,96.0,,96.0,293530.051401,300041.208649,300041.208754,3093.208337670103,0.018920000000000003,293530.051401,29796.581935119375,89.97067760000002,67.82455466666667,20.925523810653463,0.3199560501447805,8,64,,False,False,Request timeout: 300.0s exceeded,395,21.16838264042747
169,2026-09-14T02:13:55.324+00:00,2026-09-14T02:18:48.605+00:00,2026-09-14T02:18:55.391+00:00,False,99,98.0,,98.0,293280.961599,300067.045695,300067.04579199996,3030.980260525252,0.02204,293280.961599,29468.892844427362,89.37258,69.24575608163266,19.846142452689687,0.3265936776663275,8,64,,False,False,Request timeout: 300.0s exceeded,524,21.16838264042747
170,2026-09-14T02:13:59.451+00:00,2026-09-14T02:18:52.983+00:00,2026-09-14T02:18:59.337+00:00,True,104,104.0,,104.0,293532.405259,299885.932043,299885.931936,2883.5185763076925,0.015649,293532.405259,28777.769315884598,87.2454275,61.68472605825242,186.36101081974056,0.34679852866551825,8,64,,False,True,,139,21.16838264042747
171,2026-09-14T02:14:03.058+00:00,2026-09-14T02:18:56.791+00:00,2026-09-14T02:19:03.069+00:00,True,101,101.0,,101.0,293733.01935,300011.485142,300011.485116,2970.4107437227726,0.01523,293733.01935,29221.86279842207,92.07125500000001,62.78465792,185.40243430086434,0.3366537782785054,8,64,,False,True,,462,21.16838264042747
172,2026-09-14T02:14:06.842+00:00,2026-09-14T02:19:00.493+00:00,2026-09-14T02:19:06.881+00:00,False,97,96.0,,96.0,293651.38165399997,300039.68015,300039.68018799997,3093.1925792577317,0.03771,293651.38165399997,29809.03075825165,89.21465540000001,66.544776,20.435452250672764,0.3199576801041994,8,64,,False,False,Request timeout: 300.0s exceeded,528,21.16838264042747
173,2026-09-14T02:14:09.268+00:00,2026-09-14T02:19:02.762+00:00,2026-09-14T02:19:09.316+00:00,False,99,98.0,,98.0,293493.786234,300047.914106,300047.913976,3030.787009858586,0.022420000000000002,293493.786234,29490.520386320823,88.67020099999999,66.8788558367347,19.821274924838125,0.3266145018604557,8,64,,False,False,Request timeout: 300.0s exceeded,462,21.16838264042747
174,2026-09-14T02:14:12.194+00:00,2026-09-14T02:19:05.849+00:00,2026-09-14T02:19:12.249+00:00,False,91,90.0,,90.0,293655.056714,300054.560586,300054.560375,3297.3028612637363,0.04282,293655.056714,30775.965887478513,87.958374,71.10559857777777,18.437223377308733,0.2999454493350542,8,64,,False,False,Request timeout: 300.0s exceeded,359,21.16838264042747
175,2026-09-14T02:14:14.680+00:00,2026-09-14T02:19:08.569+00:00,2026-09-14T02:19:14.757+00:00,False,89,88.0,,88.0,293888.80541900004,300076.80029900005,300076.80035400006,3371.6494421797756,0.03993,293888.80541900004,31144.703337273888,87.5273034,70.31812363636364,19.399824205436058,0.29325825892676727,8,64,,False,False,Request timeout: 300.0s exceeded,447,21.16838264042747
176,2026-09-14T02:14:17.356+00:00,2026-09-14T02:19:11.309+00:00,2026-09-14T02:19:17.401+00:00,False,88,87.0,,87.0,293952.452973,300044.145517,300044.145624,3409.592563909091,0.040619999999999996,293952.452973,31327.97902322212,89.2614972,70.01945452873564,20.059208774982583,0.289957332278862,8,64,,False,False,Request timeout: 300.0s exceeded,384,21.16838264042747
177,2026-09-14T02:14:19.838+00:00,2026-09-14T02:19:13.637+00:00,2026-09-14T02:19:19.925+00:00,False,91,90.0,,90.0,293798.754313,300087.06816900003,300087.06823800004,3297.6600905274727,0.02975,293798.754313,30791.159987790626,90.40066399999999,69.87015395555555,20.042871036847863,0.2999129570932217,8,64,,False,False,Request timeout: 300.0s exceeded,503,21.16838264042747
178,2026-09-14T02:14:23.825+00:00,2026-09-14T02:19:17.485+00:00,2026-09-14T02:19:23.901+00:00,False,93,92.0,,92.0,293659.413513,300076.036617,300076.03646800003,3226.624048043011,0.035549,293659.413513,30443.8367450545,88.2200416,69.74590330434783,19.85868478566025,0.30658896004222946,8,64,,False,False,Request timeout: 300.0s exceeded,179,21.16838264042747
179,2026-09-14T02:14:26.945+00:00,2026-09-14T02:19:20.868+00:00,2026-09-14T02:19:26.971+00:00,False,95,94.0,,94.0,293923.088612,300026.66109199997,300026.661049,3158.1753794631577,0.0,293923.088612,30149.28707344563,90.6925071,64.93162212765958,68.19622397904762,0.3133054897783764,8,64,,False,False,Request timeout: 300.0s exceeded,403,21.16838264042747
180,2026-09-14T02:14:29.762+00:00,2026-09-14T02:19:23.270+00:00,2026-09-14T02:19:29.829+00:00,False,104,103.0,,103.0,293507.53522,300066.63026,300066.630413,2885.256061663462,0.0,293507.53522,28774.611820677477,92.53016545,63.68053436893204,65.79424890532447,0.3432570956349033,8,64,,False,False,Request timeout: 300.0s exceeded,507,21.16838264042747
181,2026-09-14T02:14:33.588+00:00,2026-09-14T02:19:26.926+00:00,2026-09-14T02:19:33.632+00:00,False,112,111.0,,111.0,293337.538371,300044.39405099995,300044.393932,2678.9678029642855,0.01995,293337.538371,27712.08985723826,89.72593815,60.42212324324324,20.04610002853787,0.36994525543820966,8,64,,False,False,Request timeout: 300.0s exceeded,515,21.16838264042747
182,2026-09-14T02:14:37.807+00:00,2026-09-14T02:19:33.075+00:00,2026-09-14T02:19:37.876+00:00,False,75,74.0,,74.0,295267.382098,300068.85281799996,300068.852577,4000.9180343599996,0.02138,295267.382098,34087.05475454744,88.7438497,64.88473945945947,21.17984513633696,0.24661006733972166,8,64,,False,False,Request timeout: 300.0s exceeded,358,21.16838264042747
183,2026-09-14T02:14:41.309+00:00,2026-09-14T02:19:35.091+00:00,2026-09-14T02:19:41.378+00:00,False,92,91.0,,91.0,293781.40482700005,300069.03900300007,300069.03916100005,3261.619990880435,0.039700000000000006,293781.40482700005,30621.631031615925,89.30546749999999,69.09488105494505,19.157723520638424,0.30326354329108307,8,64,,False,False,Request timeout: 300.0s exceeded,404,21.16838264042747
184,2026-09-14T02:14:45.096+00:00,2026-09-14T02:19:38.964+00:00,2026-09-14T02:19:45.126+00:00,False,91,90.0,,90.0,293867.78024800005,300029.62396000006,300029.62404300005,3297.028835637363,0.02118,293867.78024800005,30798.542979251237,88.43330850000001,68.46493013333334,19.731906516812252,0.29997037896497447,8,64,,False,False,Request timeout: 300.0s exceeded,450,21.16838264042747
185,2026-09-14T02:14:48.254+00:00,2026-09-14T02:19:42.158+00:00,2026-09-14T02:19:48.276+00:00,False,94,93.0,,93.0,293904.358382,300021.841902,300021.841791,3191.721721180851,0.03756,293904.358382,30307.141867528506,89.59636865,65.77939268817204,20.008049867945005,0.30997743167771696,8,64,,False,False,Request timeout: 300.0s exceeded,446,21.16838264042747
186,2026-09-14T02:14:51.346+00:00,2026-09-14T02:19:44.748+00:00,2026-09-14T02:19:51.378+00:00,False,103,102.0,,102.0,293402.136583,300032.634887,300032.634899,2912.938202902913,0.02554,293402.136583,28903.373505566273,88.0648061,65.00488533333333,20.333425862792726,0.33996301781776445,8,64,,False,False,Request timeout: 300.0s exceeded,478,21.16838264042747
187,2026-09-14T02:14:53.632+00:00,2026-09-14T02:19:47.344+00:00,2026-09-14T02:19:53.659+00:00,False,95,94.0,,94.0,293711.985358,300027.283918,300027.2841,3158.1819378947366,0.02598,293711.985358,30127.328526590696,90.7917711,67.18402723404256,21.500039256820656,0.31330483938817705,8,64,,False,False,Request timeout: 300.0s exceeded,351,21.16838264042747
188,2026-09-14T02:14:57.423+00:00,2026-09-14T02:19:50.914+00:00,2026-09-14T02:19:57.436+00:00,False,96,95.0,,95.0,293490.840764,300012.91231600003,300012.91227200005,3125.1345028333335,0.02477,293490.840764,29947.28291769837,88.59627775000001,68.65338475789474,19.562589478648434,0.3166530375863877,8,64,,False,False,Request timeout: 300.0s exceeded,380,21.16838264042747
189,2026-09-14T02:15:00.072+00:00,2026-09-14T02:19:53.659+00:00,2026-09-14T02:20:00.096+00:00,False,95,94.0,,94.0,293587.627615,300023.992415,300023.992552,3158.147290021053,0.0223,293587.627615,30114.436019583565,87.69095569999999,68.47196595744681,19.20375111222574,0.3133082765926835,8,64,,False,False,Request timeout: 300.0s exceeded,482,21.16838264042747
190,2026-09-14T02:15:03.970+00:00,2026-09-14T02:19:57.985+00:00,2026-09-14T02:20:04.001+00:00,False,90,89.0,,89.0,294014.996575,300031.199583,300031.199686,3333.679996511111,0.02711,294014.996575,30984.783354647465,90.75431595,67.59778660674158,20.85509520896775,0.29663581695402724,8,64,,False,False,Request timeout: 300.0s exceeded,410,21.16838264042747
191,2026-09-14T02:15:07.413+00:00,2026-09-14T02:20:01.274+00:00,2026-09-14T02:20:07.472+00:00,False,92,91.0,,91.0,293861.303472,300058.709168,300058.70898,3261.5077063043477,0.019949,293861.303472,30630.065298470203,91.51159090000002,68.10335929670329,20.53899440341397,0.30327398345585094,8,64,,False,False,Request timeout: 300.0s exceeded,388,21.16838264042747
192,2026-09-14T02:15:11.172+00:00,2026-09-14T02:20:04.259+00:00,2026-09-14T02:20:11.210+00:00,False,106,105.0,,105.0,293086.23168699996,300037.83821499994,300037.83824199997,2830.5456437924527,0.052518999999999996,293086.23168699996,28460.62818245169,90.94747500000001,66.20577645714286,20.520081764235297,0.3499558609829721,8,64,,False,False,Request timeout: 300.0s exceeded,454,21.16838264042747
193,2026-09-14T02:15:14.393+00:00,2026-09-14T02:20:07.820+00:00,2026-09-14T02:20:14.429+00:00,False,100,99.0,,99.0,293427.01794700004,300035.65948300005,300035.65949700004,3000.3565949700005,0.02409,293427.01794700004,29336.033644789728,90.14436144999999,66.75395490909091,20.72322151367155,0.32996077923067446,8,64,,False,False,Request timeout: 300.0s exceeded,414,21.16838264042747
194,2026-09-14T02:15:17.706+00:00,2026-09-14T02:20:11.296+00:00,2026-09-14T02:20:17.739+00:00,False,94,93.0,,93.0,293590.026526,300032.847646,300032.847506,3191.8388032553194,0.02576,293590.026526,30274.360543381656,89.64831985000001,69.27764645161291,20.52378825870667,0.3099660611485046,8,64,,False,False,Request timeout: 300.0s exceeded,372,21.16838264042747
195,2026-09-14T02:15:21.060+00:00,2026-09-14T02:20:14.513+00:00,2026-09-14T02:20:21.149+00:00,False,96,95.0,,95.0,293452.755504,300089.133872,300089.133935,3125.9284784895835,0.02581,293452.755504,29943.27363806862,90.07081475,69.85661440000001,20.446526894532372,0.3165726088586776,8,64,,False,False,Request timeout: 300.0s exceeded,355,21.16838264042747
196,2026-09-14T02:15:23.483+00:00,2026-09-14T02:20:17.260+00:00,2026-09-14T02:20:23.566+00:00,False,97,96.0,,96.0,293776.550122,300082.535658,300082.535761,3093.63438928866,0.0,293776.550122,29821.8934677856,89.16793200000001,65.68734933333333,66.62604308108796,0.3199119861790621,8,64,,False,False,Request timeout: 300.0s exceeded,458,21.16838264042747
197,2026-09-14T02:15:27.714+00:00,2026-09-14T02:20:21.498+00:00,2026-09-14T02:20:27.740+00:00,False,97,96.0,,96.0,293783.502325,300025.746421,300025.746629,3093.0489343195877,0.0,293783.502325,29822.6666766149,88.3176538,65.023376,66.583174206989,0.3199725395076313,8,64,,False,False,Request timeout: 300.0s exceeded,501,21.16838264042747
198,2026-09-14T02:15:31.073+00:00,2026-09-14T02:20:24.461+00:00,2026-09-14T02:20:31.120+00:00,False,100,99.0,,99.0,293387.960685,300046.939245,300046.939119,3000.46939119,0.03537,293387.960685,29332.076761025197,88.6783079,67.2624096969697,20.270433701216557,0.3299483749079761,8,64,,False,False,Request timeout: 300.0s exceeded,402,21.16838264042747
199,2026-09-14T02:15:34.100+00:00,2026-09-14T02:20:27.614+00:00,2026-09-14T02:20:34.177+00:00,False,97,96.0,,96.0,293514.49088,300077.845248,300077.845425,3093.5860353092785,0.040780000000000004,293514.49088,29794.945838363143,89.40311979999998,68.36827466666666,19.49666742580107,0.3199169866094599,8,64,,False,False,Request timeout: 300.0s exceeded,363,21.16838264042747
200,2026-09-14T02:15:37.429+00:00,2026-09-14T02:20:31.074+00:00,2026-09-14T02:20:37.507+00:00,False,90,89.0,,89.0,293645.426998,300077.790262,300077.79013000004,3334.1976681111114,0.02023,293645.426998,30945.33337389745,90.12292845,72.27374453932585,19.220210750382062,0.29658976068269993,8,64,,False,False,Request timeout: 300.0s exceeded,408,21.16838264042747
201,2026-09-14T02:15:40.659+00:00,2026-09-14T02:20:34.174+00:00,2026-09-14T02:20:40.696+00:00,False,90,89.0,,89.0,293515.376617,300037.25949699996,300037.25947999995,3333.7473275555553,0.089449,293515.376617,30931.519015001144,91.05856985,73.27958292134832,19.50631558368804,0.2966298257396592,8,64,,False,False,Request timeout: 300.0s exceeded,345,21.16838264042747
202,2026-09-14T02:15:43.170+00:00,2026-09-14T02:20:36.956+00:00,2026-09-14T02:20:43.217+00:00,False,89,88.0,,88.0,293786.54060500005,300047.032125,300047.03223000007,3371.314968876405,0.02249,293786.54060500005,31133.776112080537,89.0823418,71.1419490909091,19.636525518110282,0.29328735357508573,8,64,,False,False,Request timeout: 300.0s exceeded,400,21.16838264042747
203,2026-09-14T02:15:47.405+00:00,2026-09-14T02:20:41.170+00:00,2026-09-14T02:20:47.470+00:00,False,93,92.0,,92.0,293765.864536,300065.755224,300065.755208,3226.513496860215,0.02198,293765.864536,30455.00709380814,89.4826172,68.47707269565217,20.352976692531076,0.30659946494501417,8,64,,False,False,Request timeout: 300.0s exceeded,339,21.16838264042747
204,2026-09-14T02:15:51.236+00:00,2026-09-14T02:20:44.848+00:00,2026-09-14T02:20:51.275+00:00,False,95,94.0,,94.0,293611.677608,300039.188904,300039.18904,3158.3072530526315,0.039899000000000004,293611.677608,30116.915012310714,91.5705347,68.37777974468085,21.944919751396142,0.31329240804632386,8,64,,False,False,Request timeout: 300.0s exceeded,142,21.16838264042747
205,2026-09-14T02:15:54.847+00:00,2026-09-14T02:20:48.684+00:00,2026-09-14T02:20:54.906+00:00,False,94,93.0,,93.0,293836.378219,300058.53527500003,300058.535433,3192.112079074468,0.04083,293836.378219,30300.01521753811,90.5527068,66.90491458064515,21.56401194846182,0.3099395253488344,8,64,,False,False,Request timeout: 300.0s exceeded,437,21.16838264042747
206,2026-09-14T02:15:58.054+00:00,2026-09-14T02:20:51.734+00:00,2026-09-14T02:20:58.138+00:00,False,95,94.0,,94.0,293680.00850199995,300083.76274199993,300083.762893,3158.7764515052627,0.03746,293680.00850199995,30123.94995121504,88.6279927,68.12504510638298,19.61353168753574,0.31324587222274153,8,64,,False,False,Request timeout: 300.0s exceeded,576,21.16838264042747
207,2026-09-14T02:16:00.985+00:00,2026-09-14T02:20:54.523+00:00,2026-09-14T02:21:01.019+00:00,False,96,95.0,,95.0,293538.299513,300034.042489,300034.042531,3125.3546096979167,0.02291,293538.299513,29952.1552862781,88.81021025,68.37624185263158,20.09029628798133,0.3166307370053948,8,64,,False,False,Request timeout: 300.0s exceeded,397,21.16838264042747
208,2026-09-14T02:16:04.554+00:00,2026-09-14T02:20:58.137+00:00,2026-09-14T02:21:04.603+00:00,False,95,94.0,,94.0,293583.25292299996,300048.40159499994,300048.40143499995,3158.4042256315784,0.025070000000000002,293583.25292299996,30113.95620515715,89.0984831,68.77817736170213,19.882367467933808,0.31328278871113446,8,64,,False,False,Request timeout: 300.0s exceeded,447,21.16838264042747
209,2026-09-14T02:16:07.286+00:00,2026-09-14T02:21:00.623+00:00,2026-09-14T02:21:07.326+00:00,False,100,99.0,,99.0,293336.439336,300039.152168,300039.152216,3000.39152216,0.040299999999999996,293336.439336,29326.880356375164,89.17584790000001,67.70417002020203,20.131451403196536,0.32995693823507155,8,64,,False,False,Request timeout: 300.0s exceeded,350,21.16838264042747
210,2026-09-14T02:16:10.059+00:00,2026-09-14T02:21:03.624+00:00,2026-09-14T02:21:10.103+00:00,False,97,96.0,,96.0,293565.533994,300044.04305,300044.042927,3093.2375559484535,0.03757,293565.533994,29800.21916190748,89.49565319999999,67.48446933333332,20.904675466156835,0.3199530276426863,8,64,,False,False,Request timeout: 300.0s exceeded,489,21.16838264042747
211,2026-09-14T02:16:13.742+00:00,2026-09-14T02:21:07.757+00:00,2026-09-14T02:21:13.802+00:00,False,88,87.0,,87.0,294014.40901999996,300059.541308,300059.54121899995,3409.7675138522723,0.02302,294014.40901999996,31334.64119716381,90.0837815,69.48427917241379,20.96840042006382,0.28994245482331693,8,64,,False,False,Request timeout: 300.0s exceeded,384,21.16838264042747
212,2026-09-14T02:16:16.689+00:00,2026-09-14T02:21:10.581+00:00,2026-09-14T02:21:17.193+00:00,False,87,86.0,,86.0,293892.44378,300503.76717199996,300503.76699399995,3454.066287287356,0.0285,293892.44378,31500.404804702142,89.18243999999999,76.87585339534883,66.54627513944308,0.28618609613228574,8,64,,False,False,Request timeout: 300.0s exceeded,430,21.16838264042747
213,2026-09-14T02:16:19.578+00:00,2026-09-14T02:21:13.275+00:00,2026-09-14T02:21:19.622+00:00,False,101,100.0,,100.0,293696.16123699996,300043.99048499996,300043.99054699996,2970.732579673267,0.0,293696.16123699996,29217.61960475657,88.76246299999998,63.47829247999999,66.81197060145722,0.33328446218288543,8,64,,False,False,Request timeout: 300.0s exceeded,214,21.16838264042747
214,2026-09-14T02:16:23.605+00:00,2026-09-14T02:21:17.479+00:00,2026-09-14T02:21:23.656+00:00,False,96,95.0,,95.0,293873.580598,300050.11768599995,300050.11778,3125.522060208333,0.019969999999999998,293873.580598,29986.717866765175,90.906476,65.01617987368421,20.346467816464067,0.3166137735010547,8,64,,False,False,Request timeout: 300.0s exceeded,357,21.16838264042747
215,2026-09-14T02:16:26.890+00:00,2026-09-14T02:21:20.813+00:00,2026-09-14T02:21:26.967+00:00,False,91,90.0,,90.0,293922.85101700004,300076.163529,300076.16335800005,3297.540256681319,0.02343,293922.85101700004,30804.325742039342,87.90891400000001,68.37013902222222,19.480287391009433,0.29992385580236935,8,64,,False,False,Request timeout: 300.0s exceeded,280,21.16838264042747
216,2026-09-14T02:16:29.685+00:00,2026-09-14T02:21:23.403+00:00,2026-09-14T02:21:29.716+00:00,False,95,94.0,,94.0,293717.69156300003,300030.65821900003,300030.658216,3158.2174549052634,0.028829999999999998,293717.69156300003,30127.915729007178,87.5274707,67.15921974468085,20.35470035112083,0.31330131579882414,8,64,,False,False,Request timeout: 300.0s exceeded,472,21.16838264042747
217,2026-09-14T02:16:33.538+00:00,2026-09-14T02:21:27.340+00:00,2026-09-14T02:21:33.554+00:00,False,98,97.0,,97.0,293802.325949,300016.53420500003,300016.534271,3061.393206846939,0.02888,293802.325949,29672.052298905615,89.6828242,64.06400263917526,20.524335784360403,0.3233155141166997,8,64,,False,False,Request timeout: 300.0s exceeded,394,21.16838264042747
218,2026-09-14T02:16:37.318+00:00,2026-09-14T02:21:30.884+00:00,2026-09-14T02:21:37.404+00:00,False,100,99.0,,99.0,293565.896013,300086.339149,300086.339218,3000.86339218,0.039020000000000006,293565.896013,29350.01068555447,91.42462835,65.86306197979798,20.93444212483868,0.32990505426121425,8,64,,False,False,Request timeout: 300.0s exceeded,444,21.16838264042747
219,2026-09-14T02:16:39.740+00:00,2026-09-14T02:21:34.075+00:00,2026-09-14T02:21:39.779+00:00,False,84,83.0,,83.0,294335.42206699995,300039.4648189999,300039.46457699995,3571.898387821428,0.02128,294335.42206699995,32107.135040728794,88.79023734999998,68.72340665060241,19.692356760505835,0.2766302761207433,8,64,,False,False,Request timeout: 300.0s exceeded,322,21.16838264042747
220,2026-09-14T02:16:43.542+00:00,2026-09-14T02:21:37.157+00:00,2026-09-14T02:21:43.550+00:00,False,99,98.0,,98.0,293615.74502100004,300007.937533,300007.93743800005,3030.383206444445,0.02072,293615.74502100004,29502.943601816325,86.9686818,65.22645420408163,19.558516579923733,0.32665802380385445,8,64,,False,False,Request timeout: 300.0s exceeded,410,21.16838264042747
221,2026-09-14T02:16:47.585+00:00,2026-09-14T02:21:41.130+00:00,2026-09-14T02:21:47.621+00:00,False,112,111.0,,111.0,293544.677777,300036.502929,300036.503065,2678.8973487946428,0.01524,293544.677777,27732.525302826205,89.92063060000001,58.484911279279274,196.05174957934256,0.3699549851981404,8,64,,False,False,Request timeout: 300.0s exceeded,422,21.16838264042747
222,2026-09-14T02:16:50.825+00:00,2026-09-14T02:21:46.309+00:00,2026-09-14T02:21:50.836+00:00,False,72,71.0,,71.0,295484.609733,300011.64922099997,300011.649229,4166.828461513889,0.0185,295484.609733,34815.68940341311,89.94855660000002,63.76111954929578,24.516386392551606,0.2366574770824939,8,64,,False,False,Request timeout: 300.0s exceeded,349,21.16838264042747
223,2026-09-14T02:16:54.053+00:00,2026-09-14T02:21:47.917+00:00,2026-09-14T02:21:54.068+00:00,False,91,90.0,,90.0,293863.875129,300015.287865,300015.288094,3296.871297736264,0.04367,293863.875129,30798.14515722409,87.2441205,68.3490304,18.75464557773848,0.299984712914023,8,64,,False,False,Request timeout: 300.0s exceeded,463,21.16838264042747
224,2026-09-14T02:16:57.639+00:00,2026-09-14T02:21:51.371+00:00,2026-09-14T02:21:57.645+00:00,False,93,92.0,,92.0,293732.729211,300006.044539,300006.044348,3225.871444602151,0.02222,293732.729211,30451.600734609696,87.5793566,68.18821008695652,19.83097897090189,0.3066604879290698,8,64,,False,False,Request timeout: 300.0s exceeded,393,21.16838264042747
225,2026-09-14T02:17:00.712+00:00,2026-09-14T02:21:54.536+00:00,2026-09-14T02:22:00.733+00:00,False,92,91.0,,91.0,293824.506358,300021.16607,300021.165958,3261.0996299782605,0.03547,293824.506358,30626.229167479803,87.82764755,68.09516167032967,19.578601499462874,0.3033119335946057,8,64,,False,False,Request timeout: 300.0s exceeded,440,21.16838264042747
226,2026-09-14T02:17:03.920+00:00,2026-09-14T02:21:57.640+00:00,2026-09-14T02:22:03.993+00:00,False,94,93.0,,93.0,293720.67157099996,300073.56321899995,300073.56324999995,3192.2719494680846,0.019719999999999998,293720.67157099996,30287.934767905146,88.44750779999998,68.31066288172042,19.738302749556688,0.3099240033089042,8,64,,False,False,Request timeout: 300.0s exceeded,443,21.16838264042747
227,2026-09-14T02:17:07.675+00:00,2026-09-14T02:22:01.597+00:00,2026-09-14T02:22:07.695+00:00,False,90,89.0,,89.0,293922.258331,300020.408731,300020.408498,3333.560094422222,0.029679999999999998,293922.258331,30974.910230458543,87.990775,68.51854382022472,19.931519355650973,0.2966464860722122,8,64,,False,False,Request timeout: 300.0s exceeded,365,21.16838264042747
228,2026-09-14T02:17:10.575+00:00,2026-09-14T02:22:03.992+00:00,2026-09-14T02:22:10.625+00:00,False,101,100.0,,100.0,293416.149152,300050.01744,300050.017299,2970.792250485149,0.03361,293416.149152,29189.40418261504,89.709401,66.33868288000001,20.41354861155953,0.33327776766417505,8,64,,False,False,Request timeout: 300.0s exceeded,454,21.16838264042747
229,2026-09-14T02:17:13.225+00:00,2026-09-14T02:22:07.189+00:00,2026-09-14T02:22:13.237+00:00,False,99,98.0,,98.0,293964.660035,300012.014147,300012.0143,3030.4243868686867,0.0,293964.660035,29538.43491109114,88.3182148,61.70769502040816,67.7040712884708,0.32665358511936765,8,64,,False,False,Request timeout: 300.0s exceeded,498,21.16838264042747
230,2026-09-14T02:17:16.126+00:00,2026-09-14T02:22:09.813+00:00,2026-09-14T02:22:16.192+00:00,False,104,103.0,,103.0,293686.94435299997,300066.756961,300066.757086,2885.2572796730765,0.0,293686.94435299997,28792.374871860917,90.0235563,61.93992823300971,65.75169574615772,0.34325695069709783,8,64,,False,False,Request timeout: 300.0s exceeded,555,21.16838264042747
231,2026-09-14T02:17:18.456+00:00,2026-09-14T02:22:12.495+00:00,2026-09-14T02:22:18.478+00:00,False,93,92.0,,92.0,294038.859,300021.234936,300021.234963,3226.034784548387,0.02241,294038.859,30483.673147504756,88.96351399999999,65.02582539130435,20.3154035379273,0.3066449613795679,8,64,,False,False,Request timeout: 300.0s exceeded,451,21.16838264042747
232,2026-09-14T02:17:21.272+00:00,2026-09-14T02:22:14.585+00:00,2026-09-14T02:22:21.361+00:00,False,100,99.0,,99.0,293312.959084,300088.746092,300088.74607999995,3000.8874607999996,0.02092,293312.959084,29324.45824395874,88.93129345000001,68.44229301010101,19.721803977438082,0.3299024081684455,8,64,,False,False,Request timeout: 300.0s exceeded,421,21.16838264042747
233,2026-09-14T02:17:25.261+00:00,2026-09-14T02:22:18.776+00:00,2026-09-14T02:22:25.340+00:00,False,97,96.0,,96.0,293514.280165,300078.600933,300078.60091700003,3093.593823886598,0.04531,293514.280165,29794.924060869296,90.60418680000001,68.37834133333332,20.460090492803094,0.3199161809656477,8,64,,False,False,Request timeout: 300.0s exceeded,167,21.16838264042747
234,2026-09-14T02:17:27.648+00:00,2026-09-14T02:22:21.488+00:00,2026-09-14T02:22:27.690+00:00,False,93,92.0,,92.0,293839.97859500005,300042.14384300006,300042.14383300004,3226.2596111075272,0.037899999999999996,293839.97859500005,30462.80256579552,88.6841746,67.41483965217391,20.436589656720848,0.30662359234488035,8,64,,False,False,Request timeout: 300.0s exceeded,346,21.16838264042747
235,2026-09-14T02:17:31.148+00:00,2026-09-14T02:22:24.539+00:00,2026-09-14T02:22:31.189+00:00,False,99,98.0,,98.0,293391.122972,300040.486428,300040.48642599996,3030.71198410101,0.03825,293391.122972,29480.10507049411,90.2946748,67.85064751020408,20.40880511592388,0.3266225873937744,8,64,,False,False,Request timeout: 300.0s exceeded,515,21.16838264042747
236,2026-09-14T02:17:34.151+00:00,2026-09-14T02:22:27.640+00:00,2026-09-14T02:22:34.229+00:00,False,97,96.0,,96.0,293488.951861,300078.57131699997,300078.57130099996,3093.59351856701,0.02767,293488.951861,29792.325580112778,91.3075088,68.64186933333333,20.42400546075506,0.31991621253950375,8,64,,False,False,Request timeout: 300.0s exceeded,434,21.16838264042747
237,2026-09-14T02:17:36.643+00:00,2026-09-14T02:22:30.076+00:00,2026-09-14T02:22:36.713+00:00,False,95,94.0,,94.0,293432.98222500004,300070.15931300004,300070.15945400007,3158.6332574105268,0.03033,293432.98222500004,30098.35205838326,91.8509645,70.60826689361701,21.44548011985171,0.31326007296163555,8,64,,False,False,Request timeout: 300.0s exceeded,184,21.16838264042747
238,2026-09-14T02:17:40.772+00:00,2026-09-14T02:22:34.485+00:00,2026-09-14T02:22:40.860+00:00,False,92,91.0,,91.0,293713.29211000004,300088.57377400005,300088.573862,3261.832324586957,0.027739999999999997,293713.29211000004,30614.43101314012,91.51043310000001,70.05804026373626,21.64309466206115,0.3032438018400963,8,64,,False,False,Request timeout: 300.0s exceeded,317,21.16838264042747
239,2026-09-14T02:17:44.260+00:00,2026-09-14T02:22:38.275+00:00,2026-09-14T02:22:44.346+00:00,False,88,87.0,,87.0,294014.775787,300085.825259,300085.82516300003,3410.066195034091,0.02416,294014.775787,31334.64860752123,91.31019485,69.78217783908045,21.072378343668692,0.28991705931098705,8,64,,False,False,Request timeout: 300.0s exceeded,213,21.16838264042747
240,2026-09-14T02:17:46.785+00:00,2026-09-14T02:22:40.326+00:00,2026-09-14T02:22:46.834+00:00,False,95,94.0,,94.0,293541.544773,300049.701189,300049.70106500003,3158.4179059473686,0.01982,293541.544773,30109.630716635835,90.62858770000001,69.23570655319148,20.806813669543764,0.3132814318011596,8,64,,False,False,Request timeout: 300.0s exceeded,425,21.16838264042747
241,2026-09-14T02:17:49.464+00:00,2026-09-14T02:22:43.159+00:00,2026-09-14T02:22:49.523+00:00,False,93,92.0,,92.0,293694.628463,300058.703727,300058.703549,3226.4376725698926,0.025329,293694.628463,30447.547481296475,91.5951706,69.17473113043478,19.68584127175254,0.30660667015246335,8,64,,False,False,Request timeout: 300.0s exceeded,420,21.16838264042747
242,2026-09-14T02:17:52.599+00:00,2026-09-14T02:22:46.466+00:00,2026-09-14T02:22:52.643+00:00,False,91,90.0,,90.0,293867.026583,300044.08130300004,300044.08119500004,3297.187705439561,0.02243,293867.026583,30798.445621991046,86.68675149999999,68.63394133333333,18.703183481632724,0.2999559251732526,8,64,,False,False,Request timeout: 300.0s exceeded,430,21.16838264042747
243,2026-09-14T02:17:56.248+00:00,2026-09-14T02:22:50.393+00:00,2026-09-14T02:22:56.289+00:00,False,90,89.0,,89.0,294144.55902600003,300040.650418,300040.650512,3333.785005688889,0.02171,294144.55902600003,30998.582024153548,87.3379884,66.24821788764045,19.82876596824255,0.296626473366226,8,64,,False,False,Request timeout: 300.0s exceeded,363,21.16838264042747
244,2026-09-14T02:17:58.605+00:00,2026-09-14T02:22:52.509+00:00,2026-09-14T02:22:58.618+00:00,False,92,91.0,,91.0,293903.37077,300012.860946,300012.860765,3261.009356141304,0.03771,293903.37077,30634.55220779178,91.785803,67.13725468131868,21.086593931478333,0.30332033004538195,8,64,,False,False,Request timeout: 300.0s exceeded,387,21.16838264042747
245,2026-09-14T02:18:02.794+00:00,2026-09-14T02:22:56.823+00:00,2026-09-14T02:23:02.835+00:00,False,88,87.0,,87.0,294029.217303,300040.622359,300040.62233499996,3409.5525265340907,0.03528,294029.217303,31336.26120674143,89.86580235,69.09660983908046,21.14312632620224,0.2899607370361474,8,64,,False,False,Request timeout: 300.0s exceeded,378,21.16838264042747
246,2026-09-14T02:18:05.767+00:00,2026-09-14T02:22:59.574+00:00,2026-09-14T02:23:06.436+00:00,False,94,93.0,,93.0,293806.844958,300669.291294,300669.291212,3198.6094809787232,0.03193,293806.844958,30296.321054184227,88.28933965,73.78974554838709,65.32351844866874,0.3093099385033734,8,64,,False,False,Request timeout: 300.0s exceeded,489,21.16838264042747
247,2026-09-14T02:18:08.205+00:00,2026-09-14T02:23:02.141+00:00,2026-09-14T02:23:08.274+00:00,False,97,96.0,,96.0,293935.278511,300069.04823899997,300069.048304,3093.495343340206,0.0,293935.278511,29838.19394983241,87.70025880000001,63.893434666666664,67.50352212377223,0.31992636549284353,8,64,,False,False,Request timeout: 300.0s exceeded,426,21.16838264042747
248,2026-09-14T02:18:12.321+00:00,2026-09-14T02:23:06.667+00:00,2026-09-14T02:23:12.342+00:00,False,87,86.0,,86.0,294346.08288,300020.7888,300020.788823,3448.514814057471,0.05347,294346.08288,31550.144275058672,87.9697023,65.98495255813954,19.735792854604885,0.28664680318979285,8,64,,False,False,Request timeout: 300.0s exceeded,423,21.16838264042747
249,2026-09-14T02:18:16.388+00:00,2026-09-14T02:23:10.009+00:00,2026-09-14T02:23:16.422+00:00,False,90,89.0,,89.0,293621.11627999996,300034.14719199995,300034.14699299994,3333.7127443666664,0.04474,293621.11627999996,30942.794024051196,90.7369475,72.0565271011236,19.746298790566904,0.29663290273105647,8,64,,False,False,Request timeout: 300.0s exceeded,284,21.16838264042747
250,2026-09-14T02:18:20.036+00:00,2026-09-14T02:23:13.620+00:00,2026-09-14T02:23:20.055+00:00,False,90,89.0,,89.0,293584.538033,300019.08779300004,300019.08770100004,3333.5454189,0.02174,293584.538033,30938.912768802194,89.81253494999999,72.29831191011236,19.61312675479824,0.2966477921611644,8,64,,False,False,Request timeout: 300.0s exceeded,416,21.16838264042747
251,2026-09-14T02:18:23.040+00:00,2026-09-14T02:23:16.687+00:00,2026-09-14T02:23:23.048+00:00,False,98,97.0,,97.0,293647.398206,300007.86668599996,300007.86680099997,3061.30476327551,0.03327,293647.398206,29656.25000367038,88.95489735,65.57184,20.64230133799621,0.3233248550162987,8,64,,False,False,Request timeout: 300.0s exceeded,236,21.16838264042747
252,2026-09-14T02:18:26.133+00:00,2026-09-14T02:23:19.660+00:00,2026-09-14T02:23:26.150+00:00,False,99,98.0,,98.0,293527.145435,300016.61026700004,300016.61026600003,3030.470810767677,0.03933,293527.145435,29493.939648813404,87.62696399999999,66.21902889795918,20.152928376825546,0.32664858093285176,8,64,,False,False,Request timeout: 300.0s exceeded,490,21.16838264042747
253,2026-09-14T02:18:30.303+00:00,2026-09-14T02:23:23.684+00:00,2026-09-14T02:23:30.337+00:00,False,99,98.0,,98.0,293381.16599,300034.322598,300034.322688,3030.6497241212123,0.019969999999999998,293381.16599,29479.10058318757,91.075995,67.88935314285715,20.57877659803534,0.32662929744642905,8,64,,False,False,Request timeout: 300.0s exceeded,440,21.16838264042747
254,2026-09-14T02:18:32.710+00:00,2026-09-14T02:23:26.151+00:00,2026-09-14T02:23:32.794+00:00,False,100,99.0,,99.0,293441.36119599995,300084.49105199997,300084.4909929999,3000.8449099299996,0.022010000000000002,293441.36119599995,29337.433406575372,90.39581894999999,67.10232177777777,21.111211774438033,0.3299070860108023,8,64,,False,False,Request timeout: 300.0s exceeded,470,21.16838264042747
255,2026-09-14T02:18:36.521+00:00,2026-09-14T02:23:30.025+00:00,2026-09-14T02:23:36.568+00:00,False,98,97.0,,97.0,293504.123709,300046.735165,300046.735309,3061.7013807040817,0.023780000000000003,293504.123709,29641.587802914873,90.43425649999999,67.44960263917525,21.198076861654496,0.3232829710566866,8,64,,False,False,Request timeout: 300.0s exceeded,503,21.16838264042747
256,2026-09-14T02:18:40.389+00:00,2026-09-14T02:23:33.987+00:00,2026-09-14T02:23:40.431+00:00,False,94,93.0,,93.0,293598.84667500004,300042.232787,300042.232825,3191.9386470744685,0.02154,293598.84667500004,30275.269232591854,88.88111545,69.28372163440861,19.898917757045147,0.3099563655961083,8,64,,False,False,Request timeout: 300.0s exceeded,416,21.16838264042747
257,2026-09-14T02:18:43.786+00:00,2026-09-14T02:23:37.159+00:00,2026-09-14T02:23:43.806+00:00,False,99,98.0,,98.0,293373.39624800003,300019.99157600006,300019.99146900006,3030.5049643333336,0.02291,293373.39624800003,29478.325550677364,87.48664699999999,67.82240130612246,19.273419728323468,0.32664489951222125,8,64,,False,False,Request timeout: 300.0s exceeded,477,21.16838264042747
258,2026-09-14T02:18:46.103+00:00,2026-09-14T02:23:39.807+00:00,2026-09-14T02:23:46.136+00:00,False,95,94.0,,94.0,293704.215774,300033.28738999995,300033.287465,3158.2451312105263,0.03068,293704.215774,30126.514629112728,86.6533507,67.33054910638297,18.903742980688076,0.31329857036100656,8,64,,False,False,Request timeout: 300.0s exceeded,425,21.16838264042747
259,2026-09-14T02:18:49.089+00:00,2026-09-14T02:23:42.798+00:00,2026-09-14T02:23:49.121+00:00,False,96,95.0,,95.0,293708.5922,300031.736904,300031.736663,3125.3305902395837,0.03194,293708.5922,29969.720635195186,87.86434725,66.55941793684211,19.320402562941126,0.31663317014491965,8,64,,False,False,Request timeout: 300.0s exceeded,458,21.16838264042747
260,2026-09-14T02:18:52.985+00:00,2026-09-14T02:23:46.824+00:00,2026-09-14T02:23:53.034+00:00,False,91,90.0,,90.0,293839.426732,300049.40049200004,300049.40041400003,3297.2461583956047,0.03533,293839.426732,30795.514461554947,87.9176295,68.99970844444445,19.4098240702483,0.29995060764135606,8,64,,False,False,Request timeout: 300.0s exceeded,493,21.16838264042747
261,2026-09-14T02:18:55.948+00:00,2026-09-14T02:23:49.330+00:00,2026-09-14T02:23:55.975+00:00,False,95,94.0,,94.0,293381.65343400004,300027.375034,300027.37498500006,3158.1828945789475,0.0218,293381.65343400004,30093.07587083615,89.58234270000001,70.69916595744681,20.517378948497708,0.3133047442399135,8,64,,False,False,Request timeout: 300.0s exceeded,390,21.16838264042747
262,2026-09-14T02:18:59.602+00:00,2026-09-14T02:23:52.953+00:00,2026-09-14T02:23:59.656+00:00,False,103,102.0,,102.0,293350.46235600003,300053.20053200005,300053.200589,2913.137869796117,0.038700000000000005,293350.46235600003,28898.21231392517,89.60099620000001,65.71311937254902,20.624711186253556,0.3399397167540691,8,64,,False,False,Request timeout: 300.0s exceeded,417,21.16838264042747
263,2026-09-14T02:19:03.204+00:00,2026-09-14T02:23:57.021+00:00,2026-09-14T02:24:03.257+00:00,False,105,104.0,,104.0,293816.853298,300053.228338,300053.228288,2857.6497932190478,0.0,293816.853298,28667.811655299007,92.84543219999999,59.96514461538462,65.80417806764986,0.34660516927632407,8,64,,False,False,Request timeout: 300.0s exceeded,517,21.16838264042747
264,2026-09-14T02:19:06.520+00:00,2026-09-14T02:24:00.569+00:00,2026-09-14T02:24:06.533+00:00,False,92,91.0,,91.0,294048.681376,300013.2584,300013.25834,3261.0136776086956,0.0,294048.681376,30649.937598530112,93.10140049999998,65.54480246153847,69.02327721372808,0.30331992821021275,8,64,,False,False,Request timeout: 300.0s exceeded,361,21.16838264042747
265,2026-09-14T02:19:09.722+00:00,2026-09-14T02:24:03.907+00:00,2026-09-14T02:24:09.760+00:00,False,90,89.0,,89.0,294185.576115,300037.744307,300037.744336,3333.7527148444447,0.037709000000000006,294185.576115,31002.95782146352,88.6335895,65.75469878651685,20.13604278132802,0.2966293464362763,8,64,,False,False,Request timeout: 300.0s exceeded,469,21.16838264042747
266,2026-09-14T02:19:13.180+00:00,2026-09-14T02:24:06.876+00:00,2026-09-14T02:24:13.231+00:00,False,97,96.0,,96.0,293696.402667,300051.231723,300051.231656,3093.3116665567013,0.03037,293696.402667,29813.637227717252,88.95364219999999,66.196136,20.257925726362338,0.3199453621594357,8,64,,False,False,Request timeout: 300.0s exceeded,452,21.16838264042747
267,2026-09-14T02:19:15.586+00:00,2026-09-14T02:24:09.632+00:00,2026-09-14T02:24:15.634+00:00,False,90,89.0,,89.0,294045.615635,300047.268371,300047.268461,3333.8585384555554,0.051179999999999996,294045.615635,30988.02767570388,88.53787535,67.43430040449438,20.177592900083056,0.29661993086353977,8,64,,False,False,Request timeout: 300.0s exceeded,390,21.16838264042747
268,2026-09-14T02:19:19.470+00:00,2026-09-14T02:24:13.408+00:00,2026-09-14T02:24:19.531+00:00,False,89,88.0,,88.0,293937.355222,300060.94920599996,300060.94906099996,3371.4713377640446,0.03935,293937.355222,31149.92764122206,89.7103528,69.58629527272727,20.136585946243848,0.293273750659189,8,64,,False,False,Request timeout: 300.0s exceeded,431,21.16838264042747
269,2026-09-14T02:19:21.748+00:00,2026-09-14T02:24:15.071+00:00,2026-09-14T02:24:21.778+00:00,False,99,98.0,,98.0,293323.123464,300030.990856,300030.99094,3030.6160701010103,0.019,293323.123464,29473.210750869755,90.14542000000002,68.44762644897959,20.24055714316831,0.3266329245535676,8,64,,False,False,Request timeout: 300.0s exceeded,253,21.16838264042747
270,2026-09-14T02:19:24.988+00:00,2026-09-14T02:24:18.646+00:00,2026-09-14T02:24:25.057+00:00,False,95,94.0,,94.0,293657.91859500005,300068.7673630001,300068.76743700006,3158.6186046000007,0.02176,293657.91859500005,30121.676055336015,89.6481797,68.20051880851064,19.957673176205915,0.3132615261030684,8,64,,False,False,Request timeout: 300.0s exceeded,354,21.16838264042747
271,2026-09-14T02:19:28.290+00:00,2026-09-14T02:24:21.736+00:00,2026-09-14T02:24:28.337+00:00,False,99,98.0,,98.0,293446.330771,300047.252115,300047.25202200003,3030.7803234545454,0.02509,293446.330771,29485.7030696454,88.43243779999999,67.35634024489796,20.007918013011285,0.3266152224664909,8,64,,False,False,Request timeout: 300.0s exceeded,399,21.16838264042747
272,2026-09-14T02:19:31.337+00:00,2026-09-14T02:24:25.056+00:00,2026-09-14T02:24:31.373+00:00,False,95,94.0,,94.0,293719.517031,300035.804007,300035.804013,3158.2716211894735,0.037628999999999996,293719.517031,30128.099291036044,88.7089357,67.19454229787233,20.200065729222047,0.3132959424996056,8,64,,False,False,Request timeout: 300.0s exceeded,458,21.16838264042747
273,2026-09-14T02:19:35.498+00:00,2026-09-14T02:24:29.470+00:00,2026-09-14T02:24:35.541+00:00,False,89,88.0,,88.0,293972.005839,300043.566031,300043.566047,3371.276023,0.037,293972.005839,31153.662799512684,88.79528599999999,68.9950021818182,19.377791950896718,0.29329074162152835,8,64,,False,False,Request timeout: 300.0s exceeded,395,21.16838264042747
274,2026-09-14T02:19:39.118+00:00,2026-09-14T02:24:32.822+00:00,2026-09-14T02:24:39.139+00:00,False,92,91.0,,91.0,293703.92746100004,300020.685477,300020.68548100005,3261.0944074021745,0.02501,293703.92746100004,30613.52086877186,90.5111175,69.41492325274726,20.372831062787597,0.3033124194597448,8,64,,False,False,Request timeout: 300.0s exceeded,209,21.16838264042747
275,2026-09-14T02:19:41.771+00:00,2026-09-14T02:24:35.967+00:00,2026-09-14T02:24:41.829+00:00,False,84,83.0,,83.0,294195.074514,300057.980882,300057.981093,3572.118822535714,0.022350000000000002,294195.074514,32091.613329785414,90.2866978,70.63742612048192,20.176113008316502,0.2766132057411943,8,64,,False,False,Request timeout: 300.0s exceeded,413,21.16838264042747
276,2026-09-14T02:19:45.307+00:00,2026-09-14T02:24:39.058+00:00,2026-09-14T02:24:45.351+00:00,False,90,89.0,,89.0,293751.806581,300044.681589,300044.681613,3333.8297957,0.018760000000000002,293751.806581,30956.71281759728,91.01473044999999,70.70646076404493,20.553957549369937,0.29662248811965897,8,64,,False,False,Request timeout: 300.0s exceeded,439,21.16838264042747
277,2026-09-14T02:19:48.840+00:00,2026-09-14T02:24:42.474+00:00,2026-09-14T02:24:48.865+00:00,False,107,106.0,,106.0,293633.634532,300024.573924,300024.573965,2803.9679809813083,0.0152,293633.634532,28381.58206137335,93.07512990000001,60.29188105660378,210.84594873463794,0.35330439308231837,8,64,,False,False,Request timeout: 300.0s exceeded,349,21.16838264042747
278,2026-09-14T02:19:51.236+00:00,2026-09-14T02:24:45.226+00:00,2026-09-14T02:24:51.277+00:00,False,102,101.0,,101.0,293990.24513,300040.990474,300040.990612,2941.578339333333,0.01515,293990.24513,29104.315729845457,92.36974905,59.90836974257426,226.89119406631866,0.3366206725302493,8,64,,False,False,Request timeout: 300.0s exceeded,550,21.16838264042747
279,2026-09-14T02:19:54.423+00:00,2026-09-14T02:24:48.867+00:00,2026-09-14T02:24:54.501+00:00,False,80,79.0,,79.0,294444.070631,300078.07127099996,300078.07136299997,3750.9758920374998,0.040179,294444.070631,32911.880823613465,91.7923158,71.31646379746834,20.610301131006256,0.2632648219358063,8,64,,False,False,Request timeout: 300.0s exceeded,371,21.16838264042747
280,2026-09-14T02:19:57.568+00:00,2026-09-14T02:24:51.146+00:00,2026-09-14T02:24:57.610+00:00,False,96,95.0,,95.0,293577.408881,300041.525105,300041.525141,3125.4325535520834,0.0,293577.408881,29956.252087074154,89.89305725,68.04332867368421,68.68209523628848,0.31662284067765156,8,64,,False,False,Request timeout: 300.0s exceeded,499,21.16838264042747
281,2026-09-14T02:20:00.939+00:00,2026-09-14T02:24:54.797+00:00,2026-09-14T02:25:01.010+00:00,False,97,96.0,,96.0,293857.629751,300070.97426299995,300070.974381,3093.5151998041233,0.0,293857.629751,29830.22795497964,86.64124360000001,64.72233866666666,68.47208239654036,0.319924312025794,8,64,,False,False,Request timeout: 300.0s exceeded,475,21.16838264042747
282,2026-09-14T02:20:03.651+00:00,2026-09-14T02:24:57.485+00:00,2026-09-14T02:25:03.717+00:00,False,96,95.0,,95.0,293834.069153,300065.634465,300065.634654,3125.6836943125004,0.023539,293834.069153,29982.62534628943,86.87954175,65.5954243368421,19.145750376460732,0.31659740099655065,8,64,,False,False,Request timeout: 300.0s exceeded,488,21.16838264042747
283,2026-09-14T02:20:07.530+00:00,2026-09-14T02:25:01.311+00:00,2026-09-14T02:25:07.576+00:00,False,95,94.0,,94.0,293780.688549,300046.336677,300046.336688,3158.3824914526317,0.02933,293780.688549,30134.43036562473,88.281451,66.65583114893617,19.804258209185612,0.3132849447223581,8,64,,False,False,Request timeout: 300.0s exceeded,425,21.16838264042747
284,2026-09-14T02:20:11.723+00:00,2026-09-14T02:25:05.424+00:00,2026-09-14T02:25:11.764+00:00,False,93,92.0,,92.0,293700.810912,300040.872096,300040.87209300004,3226.245936483871,0.03757,293700.810912,30448.215816787557,88.5320206,68.91370852173912,19.96369409973604,0.30662489199326154,8,64,,False,False,Request timeout: 300.0s exceeded,323,21.16838264042747
285,2026-09-14T02:20:15.102+00:00,2026-09-14T02:25:09.008+00:00,2026-09-14T02:25:15.157+00:00,False,90,89.0,,89.0,293906.351609,300055.183865,300055.183915,3333.9464879444445,0.046270000000000006,293906.351609,30973.17360767257,90.1858735,69.08800287640449,20.11794348646746,0.2966121059919519,8,64,,False,False,Request timeout: 300.0s exceeded,464,21.16838264042747
286,2026-09-14T02:20:18.425+00:00,2026-09-14T02:25:12.310+00:00,2026-09-14T02:25:18.463+00:00,False,89,88.0,,88.0,293885.61288599996,300038.45384599996,300038.45368299994,3371.218580707865,0.02534,293885.61288599996,31144.407826587205,90.3423936,69.91864727272727,20.27703984949633,0.29329573883608784,8,64,,False,False,Request timeout: 300.0s exceeded,263,21.16838264042747
287,2026-09-14T02:20:21.999+00:00,2026-09-14T02:25:15.540+00:00,2026-09-14T02:25:22.599+00:00,False,104,103.0,,103.0,293541.49058499996,300600.061849,300600.061909,2890.3852106634613,0.02485,293541.49058499996,28777.398587185267,89.276167,68.52981809708739,20.41451229517278,0.3426479667583696,8,64,,False,False,Request timeout: 300.0s exceeded,549,21.16838264042747
288,2026-09-14T02:20:24.296+00:00,2026-09-14T02:25:18.024+00:00,2026-09-14T02:25:24.346+00:00,False,97,96.0,,96.0,293728.708012,300050.916012,300050.91595,3093.3084118556703,0.02486,293728.708012,29816.952070596508,89.2307076,65.85633333333334,20.598755819113787,0.3199456988032013,8,64,,False,False,Request timeout: 300.0s exceeded,422,21.16838264042747
289,2026-09-14T02:20:27.059+00:00,2026-09-14T02:25:20.778+00:00,2026-09-14T02:25:27.155+00:00,False,97,96.0,,96.0,293718.958485,300095.214997,300095.215089,3093.765104010309,0.03645,293718.958485,29815.90511838437,88.4892892,66.41933866666666,20.78327880564344,0.3198984695606016,8,64,,False,False,Request timeout: 300.0s exceeded,477,21.16838264042747
290,2026-09-14T02:20:30.925+00:00,2026-09-14T02:25:24.641+00:00,2026-09-14T02:25:30.962+00:00,False,90,89.0,,89.0,293715.182334,300036.187134,300036.186978,3333.735410866667,0.03668,293715.182334,30952.818674523507,90.31672735000001,71.02252584269662,20.10224401797942,0.2966308859279413,8,64,,False,False,Request timeout: 300.0s exceeded,399,21.16838264042747
291,2026-09-14T02:20:33.462+00:00,2026-09-14T02:25:27.152+00:00,2026-09-14T02:25:33.478+00:00,False,89,88.0,,88.0,293689.832109,300016.024493,300016.024472,3370.966567101124,0.02009,293689.832109,31123.446117959964,91.470257,71.88854981818181,19.991301587285932,0.2933176657770599,8,64,,False,False,Request timeout: 300.0s exceeded,455,21.16838264042747
292,2026-09-14T02:20:37.703+00:00,2026-09-14T02:25:31.707+00:00,2026-09-14T02:25:37.766+00:00,False,89,88.0,,88.0,294003.284462,300062.882798,300062.88269500004,3371.4930639887643,0.031149999999999997,294003.284462,31156.993060885685,89.9223674,68.859072,19.900732793698882,0.2932718608160574,8,64,,False,False,Request timeout: 300.0s exceeded,438,21.16838264042747
293,2026-09-14T02:20:40.622+00:00,2026-09-14T02:25:34.672+00:00,2026-09-14T02:25:40.634+00:00,False,89,88.0,,88.0,294049.329437,300011.701533,300011.701734,3370.917997011236,0.018879999999999997,294049.329437,31161.990873955267,87.98990040000001,67.75422836363636,19.811312549661412,0.2933218922806595,8,64,,False,False,Request timeout: 300.0s exceeded,447,21.16838264042747
294,2026-09-14T02:20:43.589+00:00,2026-09-14T02:25:37.596+00:00,2026-09-14T02:25:43.630+00:00,False,88,87.0,,87.0,294007.153538,300041.15238600003,300041.152336,3409.5585492727273,0.03635,294007.153538,31333.880830937334,88.80313435,69.35630859770114,20.08654608225192,0.2899602248163457,8,64,,False,False,Request timeout: 300.0s exceeded,427,21.16838264042747
295,2026-09-14T02:20:46.197+00:00,2026-09-14T02:25:40.164+00:00,2026-09-14T02:25:46.265+00:00,False,90,89.0,,89.0,293967.446643,300068.561523,300068.561501,3334.095127788889,0.03581,293967.446643,30979.67048872421,88.5827,68.55185258426965,20.70899334718314,0.29659888242966836,8,64,,False,False,Request timeout: 300.0s exceeded,468,21.16838264042747
296,2026-09-14T02:20:49.477+00:00,2026-09-14T02:25:43.589+00:00,2026-09-14T02:25:49.500+00:00,False,85,84.0,,84.0,294111.82931,300022.712638,300022.712421,3529.6789696588235,0.042409999999999996,294111.82931,31893.28107168186,90.5484222,70.36765866666667,20.67967272493859,0.2799788031426551,8,64,,False,False,Request timeout: 300.0s exceeded,150,21.16838264042747
297,2026-09-14T02:20:52.380+00:00,2026-09-14T02:25:46.269+00:00,2026-09-14T02:25:52.401+00:00,False,93,92.0,,92.0,293888.08141600003,300020.59060000005,300020.590756,3226.027857591398,0.0,293888.08141600003,30467.942847562797,87.9246824,66.65770852173914,70.43130235161033,0.30664561994232664,8,64,,False,False,Request timeout: 300.0s exceeded,446,21.16838264042747
298,2026-09-14T02:20:56.178+00:00,2026-09-14T02:25:49.955+00:00,2026-09-14T02:25:56.196+00:00,False,99,98.0,,98.0,293777.197096,300018.005032,300018.00490400003,3030.4848980202023,0.0,293777.197096,29519.397936842546,90.3752218,63.68171363265306,68.62570564905842,0.32664706236396474,8,64,,False,False,Request timeout: 300.0s exceeded,449,21.16838264042747
299,2026-09-14T02:20:59.367+00:00,2026-09-14T02:25:53.129+00:00,2026-09-14T02:25:59.429+00:00,False,95,94.0,,94.0,293762.858137,300062.120345,300062.120531,3158.548637168421,0.03412,293762.858137,30132.564885986783,89.6010147,67.01342774468085,20.662945317714332,0.3132684655161484,8,64,,False,False,Request timeout: 300.0s exceeded,433,21.16838264042747
300,2026-09-14T02:21:03.308+00:00,2026-09-14T02:25:57.072+00:00,2026-09-14T02:26:03.363+00:00,False,92,91.0,,91.0,293763.365877,300054.575861,300054.57594899996,3261.4627820543474,0.036979,293763.365877,30619.747185927827,88.62635655,69.13417564835166,20.62267454891432,0.30327816111078293,8,64,,False,False,Request timeout: 300.0s exceeded,404,21.16838264042747
301,2026-09-14T02:21:05.662+00:00,2026-09-14T02:25:59.729+00:00,2026-09-14T02:26:05.751+00:00,False,87,86.0,,86.0,294067.41993599996,300089.02787199995,300089.027769,3449.2991697586203,0.04562,294067.41993599996,31519.837017587404,90.53026299999998,70.01869693023255,21.29466299437942,0.28658162082714483,8,64,,False,False,Request timeout: 300.0s exceeded,282,21.16838264042747
302,2026-09-14T02:21:08.862+00:00,2026-09-14T02:26:02.537+00:00,2026-09-14T02:26:08.908+00:00,False,98,97.0,,97.0,293674.700737,300046.03513699997,300046.03527199995,3061.6942374693876,0.03958,293674.700737,29658.99689334235,88.94861,65.68385979381443,20.979208489917667,0.32328372529805344,8,64,,False,False,Request timeout: 300.0s exceeded,330,21.16838264042747
303,2026-09-14T02:21:11.942+00:00,2026-09-14T02:26:05.886+00:00,2026-09-14T02:26:11.974+00:00,False,91,90.0,,90.0,293943.97670099995,300031.46470099996,300031.46474299993,3297.0490631098896,0.03571,293943.97670099995,30806.617825391815,88.701838,67.63875555555555,20.781500420522402,0.29996853859874534,8,64,,False,False,Request timeout: 300.0s exceeded,430,21.16838264042747
304,2026-09-14T02:21:15.332+00:00,2026-09-14T02:26:09.348+00:00,2026-09-14T02:26:15.390+00:00,False,87,86.0,,86.0,294015.556902,300058.00784599996,300058.007879,3448.9426192988503,0.02176,294015.556902,31514.249661484482,88.7667273,70.26105748837209,19.62313173068937,0.2866112476629457,8,64,,False,False,Request timeout: 300.0s exceeded,375,21.16838264042747
305,2026-09-14T02:21:18.770+00:00,2026-09-14T02:26:12.697+00:00,2026-09-14T02:26:18.849+00:00,False,92,91.0,,91.0,293927.302548,300078.53250000003,300078.532685,3261.723181358696,0.02228,293927.302548,30636.99886983161,90.35505160000001,67.59593353846154,20.221626283129098,0.30325394903082575,8,64,,False,False,Request timeout: 300.0s exceeded,413,21.16838264042747
306,2026-09-14T02:21:21.193+00:00,2026-09-14T02:26:14.786+00:00,2026-09-14T02:26:21.212+00:00,False,98,97.0,,97.0,293593.204944,300018.921168,300018.921272,3061.417564,0.036969999999999996,293593.204944,29650.707795452734,91.58974335,66.24449715463918,20.765625088522587,0.3233129418050385,8,64,,False,False,Request timeout: 300.0s exceeded,441,21.16838264042747
307,2026-09-14T02:21:24.858+00:00,2026-09-14T02:26:18.551+00:00,2026-09-14T02:26:24.930+00:00,False,92,91.0,,91.0,293693.640654,300072.448974,300072.448983,3261.6570541630435,0.04253,293693.640654,30612.377420124823,90.4408656,70.09679472527473,20.546636122128426,0.3032600970570436,8,64,,False,False,Request timeout: 300.0s exceeded,265,21.16838264042747
308,2026-09-14T02:21:27.187+00:00,2026-09-14T02:26:20.470+00:00,2026-09-14T02:26:27.215+00:00,False,99,98.0,,98.0,293282.487984,300028.35652800003,300028.356506,3030.589459656566,0.09606,293282.487984,29469.087961695117,89.820939,68.83539330612246,20.53437821120712,0.32663579247668273,8,64,,False,False,Request timeout: 300.0s exceeded,450,21.16838264042747
309,2026-09-14T02:21:30.751+00:00,2026-09-14T02:26:24.295+00:00,2026-09-14T02:26:30.792+00:00,False,99,98.0,,98.0,293543.83593400003,300041.16252600006,300041.16239,3030.718812020202,0.02153,293543.83593400003,29495.609185457215,88.62568289999999,66.29925093877551,20.360714379837155,0.32662185139849875,8,64,,False,False,Request timeout: 300.0s exceeded,404,21.16838264042747
310,2026-09-14T02:21:34.172+00:00,2026-09-14T02:26:27.639+00:00,2026-09-14T02:26:34.181+00:00,False,98,97.0,,97.0,293466.68628799997,300009.427024,300009.426948,3061.320683142857,0.0356,293466.68628799997,29637.80572368298,88.94293085000001,67.4509354226804,20.9205325407127,0.32332317341561484,8,64,,False,False,Request timeout: 300.0s exceeded,429,21.16838264042747
311,2026-09-14T02:21:38.153+00:00,2026-09-14T02:26:31.586+00:00,2026-09-14T02:26:38.202+00:00,False,99,98.0,,98.0,293432.642341,300048.95670900005,300048.956637,3030.7975417878793,0.037079999999999995,293432.642341,29484.311290096568,87.86603579999999,67.51341191836734,19.625248581624515,0.3266133669481293,8,64,,False,False,Request timeout: 300.0s exceeded,387,21.16838264042747
312,2026-09-14T02:21:40.528+00:00,2026-09-14T02:26:34.444+00:00,2026-09-14T02:26:40.574+00:00,False,94,93.0,,93.0,293916.02206,300046.062892,300046.062864,3191.9793921702126,0.036590000000000004,293916.02206,30308.330946777176,88.90706850000001,65.91441754838709,19.99243802096488,0.3099524089855325,8,64,,False,False,Request timeout: 300.0s exceeded,359,21.16838264042747
313,2026-09-14T02:21:46.318+00:00,2026-09-14T02:26:40.175+00:00,2026-09-14T02:26:46.484+00:00,False,98,97.0,,97.0,293857.391017,300165.998761,300165.998673,3062.9183538061225,0.0,293857.391017,29677.57677021951,90.2134467,65.0371932371134,63.5743944896714,0.3231545224988455,8,64,,False,False,Request timeout: 300.0s exceeded,434,21.16838264042747
314,2026-09-14T02:21:47.325+00:00,2026-09-14T02:26:40.913+00:00,2026-09-14T02:26:47.350+00:00,False,104,103.0,,103.0,293588.66768400004,300025.56138,300025.56152000005,2884.861168461539,0.0,293588.66768400004,28782.676369319048,88.16507335,62.49411355339806,62.411243566096964,0.3433040822463271,8,64,,False,False,Request timeout: 300.0s exceeded,456,21.16838264042747
315,2026-09-14T02:21:50.478+00:00,2026-09-14T02:26:44.403+00:00,2026-09-14T02:26:50.522+00:00,False,98,97.0,,97.0,293924.766177,300043.884513,300043.884333,3061.672289112245,0.0,293924.766177,29684.582353079648,91.38857309999999,63.08369418556701,64.67196040844095,0.3232860424982175,8,64,,False,False,Request timeout: 300.0s exceeded,471,21.16838264042747
316,2026-09-14T02:21:53.672+00:00,2026-09-14T02:26:47.743+00:00,2026-09-14T02:26:53.690+00:00,False,90,89.0,,89.0,294070.70368000004,300017.59212800005,300017.59203000006,3333.528800333334,0.02146,294070.70368000004,30990.737310687466,89.59002335,66.8189713258427,20.580260270708756,0.29664927102684324,8,64,,False,False,Request timeout: 300.0s exceeded,305,21.16838264042747
317,2026-09-14T02:21:56.807+00:00,2026-09-14T02:26:50.300+00:00,2026-09-14T02:26:56.824+00:00,False,100,99.0,,99.0,293493.581991,300017.230759,300017.230932,3000.17230932,0.02665,293493.581991,29342.775363225006,88.591059,65.8954421010101,19.942662960125393,0.3299810472536674,8,64,,False,False,Request timeout: 300.0s exceeded,372,21.16838264042747
318,2026-09-14T02:21:59.094+00:00,2026-09-14T02:26:53.007+00:00,2026-09-14T02:26:59.105+00:00,False,88,87.0,,87.0,293912.98264600005,300011.354486,300011.35450600006,3409.2199375681826,0.02659,293912.98264600005,31323.763376932537,90.35003085,70.09622804597701,20.197491515286814,0.28998902441227387,8,64,,False,False,Request timeout: 300.0s exceeded,355,21.16838264042747
319,2026-09-14T02:22:02.612+00:00,2026-09-14T02:26:56.362+00:00,2026-09-14T02:27:02.629+00:00,False,89,88.0,,88.0,293749.129514,300016.59626599995,300016.59633599996,3370.9729925393253,0.02565,293749.129514,31129.802074015854,91.2960948,71.22121309090909,19.525252044138995,0.2933171067709123,8,64,,False,False,Request timeout: 300.0s exceeded,412,21.16838264042747
320,2026-09-14T02:22:06.670+00:00,2026-09-14T02:27:00.691+00:00,2026-09-14T02:27:06.763+00:00,False,89,88.0,,88.0,294020.27204199997,300092.44458599994,300092.44456699997,3371.825219853932,0.08385,294020.27204199997,31158.77866259952,89.3527114,69.00196072727273,20.008897739316968,0.29324297091652074,8,64,,False,False,Request timeout: 300.0s exceeded,382,21.16838264042747
321,2026-09-14T02:22:10.482+00:00,2026-09-14T02:27:04.413+00:00,2026-09-14T02:27:10.498+00:00,False,93,92.0,,92.0,293931.62347000005,300015.88228600007,300015.88226000004,3225.977228602151,0.033460000000000004,293931.62347000005,30472.438296262884,89.077646,66.133248,19.989851650325136,0.30665043230044053,8,64,,False,False,Request timeout: 300.0s exceeded,511,21.16838264042747
322,2026-09-14T02:22:14.058+00:00,2026-09-14T02:27:07.733+00:00,2026-09-14T02:27:14.073+00:00,False,97,96.0,,96.0,293674.377496,300015.190296,300015.19032399997,3092.9401064329895,0.05803,293674.377496,29811.415949623708,90.11152979999999,66.05013333333333,20.574357861856978,0.3199837978379854,8,64,,False,False,Request timeout: 300.0s exceeded,475,21.16838264042747
323,2026-09-14T02:22:17.414+00:00,2026-09-14T02:27:11.605+00:00,2026-09-14T02:27:17.501+00:00,False,91,90.0,,90.0,294191.715693,300087.781229,300087.78135,3297.667926923077,0.03182,294191.715693,30832.810647656934,89.39846600000001,65.5118392888889,20.424271177676328,0.2999122444486338,8,64,,False,False,Request timeout: 300.0s exceeded,407,21.16838264042747
324,2026-09-14T02:22:21.336+00:00,2026-09-14T02:27:15.386+00:00,2026-09-14T02:27:21.381+00:00,False,90,89.0,,89.0,294049.685736,300045.162984,300045.162983,3333.835144255556,0.027690000000000003,294049.685736,30988.464218870045,88.22994349999999,67.3649128988764,20.490126278249733,0.29662201221602746,8,64,,False,False,Request timeout: 300.0s exceeded,415,21.16838264042747
325,2026-09-14T02:22:23.654+00:00,2026-09-14T02:27:17.335+00:00,2026-09-14T02:27:23.662+00:00,False,92,91.0,,91.0,293680.688156,300007.62038,300007.620274,3260.9523942826086,0.023960000000000002,293680.688156,30611.085782010447,87.10745000000001,69.52672773626374,19.49402383320932,0.3033256284781575,8,64,,False,False,Request timeout: 300.0s exceeded,428,21.16838264042747
326,2026-09-14T02:22:27.183+00:00,2026-09-14T02:27:21.251+00:00,2026-09-14T02:27:27.270+00:00,False,85,84.0,,84.0,294068.636278,300087.07903,300087.07911700004,3530.4362249058827,0.02206,294068.636278,31888.45608754083,86.9817562,71.648128,18.78878712819538,0.27991874982262205,8,64,,False,False,Request timeout: 300.0s exceeded,400,21.16838264042747
327,2026-09-14T02:22:30.745+00:00,2026-09-14T02:27:24.876+00:00,2026-09-14T02:27:30.790+00:00,False,89,88.0,,88.0,294131.268526,300045.09508600004,300045.09521700005,3371.2932046853934,0.01771,294131.268526,31170.73478966691,87.695335,67.20257454545455,19.677396455076625,0.2932892469872807,8,64,,False,False,Request timeout: 300.0s exceeded,394,21.16838264042747
328,2026-09-14T02:22:33.895+00:00,2026-09-14T02:27:27.517+00:00,2026-09-14T02:27:33.928+00:00,False,102,101.0,,101.0,293621.976324,300033.044484,300033.044474,2941.5004360196076,0.02177,293621.976324,29066.62982459095,88.27552309999999,63.47592237623763,20.32428990747133,0.33662958749660676,8,64,,False,False,Request timeout: 300.0s exceeded,456,21.16838264042747
329,2026-09-14T02:22:37.925+00:00,2026-09-14T02:27:31.661+00:00,2026-09-14T02:27:37.987+00:00,False,97,96.0,,96.0,293735.98850599997,300061.97148199996,300061.971615,3093.4223877835047,0.02589,293735.98850599997,29817.686626315557,89.0912192,65.895656,19.58888760993528,0.3199339107380317,8,64,,False,False,Request timeout: 300.0s exceeded,405,21.16838264042747
330,2026-09-14T02:22:42.097+00:00,2026-09-14T02:27:35.810+00:00,2026-09-14T02:27:42.394+00:00,False,86,85.0,,85.0,293713.008425,300296.757801,300296.757941,3491.822766755814,0.02589,293713.008425,31663.607726004528,90.42362849999999,77.4558750117647,67.8230500052563,0.28305333904513086,8,64,,False,False,Request timeout: 300.0s exceeded,341,21.16838264042747
331,2026-09-14T02:22:45.639+00:00,2026-09-14T02:27:39.481+00:00,2026-09-14T02:27:45.699+00:00,False,97,96.0,,96.0,293842.10686400003,300060.500208,300060.50012100005,3093.407217742268,0.0,293842.10686400003,29828.64761224338,90.69976359999998,64.77493066666666,68.95601872031541,0.31993547945648765,8,64,,False,False,Request timeout: 300.0s exceeded,354,21.16838264042747
332,2026-09-14T02:22:49.818+00:00,2026-09-14T02:27:43.558+00:00,2026-09-14T02:27:49.887+00:00,False,95,94.0,,94.0,293739.512912,300069.102928,300069.10274400003,3158.6221341473683,0.039729999999999994,293739.512912,30130.13637291024,90.01774999999999,67.336064,20.30208566116337,0.3132611757850818,8,64,,False,False,Request timeout: 300.0s exceeded,492,21.16838264042747
333,2026-09-14T02:22:52.716+00:00,2026-09-14T02:27:46.482+00:00,2026-09-14T02:27:52.747+00:00,False,90,89.0,,89.0,293766.20083700004,300030.603269,300030.60312700004,3333.6733680777784,0.02388,293766.20083700004,30958.263149532602,88.140574,70.38654417977529,19.493990975538953,0.29663640652085344,8,64,,False,False,Request timeout: 300.0s exceeded,192,21.16838264042747
334,2026-09-14T02:22:56.021+00:00,2026-09-14T02:27:49.553+00:00,2026-09-14T02:27:56.071+00:00,False,95,94.0,,94.0,293532.165343,300050.233311,300050.23320699995,3158.423507442105,0.02574,293532.165343,30108.657092110316,88.6016951,69.34114859574468,20.066131479577198,0.31328087621438255,8,64,,False,False,Request timeout: 300.0s exceeded,209,21.16838264042747
335,2026-09-14T02:22:59.598+00:00,2026-09-14T02:27:53.425+00:00,2026-09-14T02:27:59.660+00:00,False,92,91.0,,91.0,293826.557362,300061.547186,300061.54731399997,3261.5385577608695,0.01952,293826.557362,30626.39941751916,89.17106905,68.5163716923077,20.09777055378363,0.3032711150542444,8,64,,False,False,Request timeout: 300.0s exceeded,443,21.16838264042747
336,2026-09-14T02:23:03.425+00:00,2026-09-14T02:27:57.271+00:00,2026-09-14T02:28:03.500+00:00,False,94,93.0,,93.0,293845.674594,300075.094882,300075.094948,3192.2882441276593,0.05346,293845.674594,30300.965357926332,90.1890503,66.98301384946237,20.61710142369344,0.3099224213744591,8,64,,False,False,Request timeout: 300.0s exceeded,416,21.16838264042747
337,2026-09-14T02:23:06.443+00:00,2026-09-14T02:28:00.045+00:00,2026-09-14T02:28:06.563+00:00,False,98,97.0,,97.0,293601.322811,300119.686971,300119.687015,3062.445785867347,0.04357,293601.322811,29651.430826417436,88.985226,67.19963051546392,20.009886955941234,0.3232043888189612,8,64,,False,False,Request timeout: 300.0s exceeded,477,21.16838264042747
338,2026-09-14T02:23:09.625+00:00,2026-09-14T02:28:03.496+00:00,2026-09-14T02:28:09.657+00:00,False,90,89.0,,89.0,293870.717104,300031.887536,300031.887612,3333.687640133333,0.02103,293870.717104,30969.402789440504,88.82400295,69.22663406741573,20.118987240520994,0.29663513678798936,8,64,,False,False,Request timeout: 300.0s exceeded,436,21.16838264042747
339,2026-09-14T02:23:12.302+00:00,2026-09-14T02:28:06.697+00:00,2026-09-14T02:28:14.644+00:00,False,81,80.0,,80.0,294394.44685799995,302341.7182819999,302341.718494,3732.613808567901,0.03545,294394.44685799995,32700.72070116957,91.307497,99.34089279999999,289.3859437817303,0.264601261296605,8,64,,False,False,Request timeout: 300.0s exceeded,371,21.16838264042747
340,2026-09-14T02:23:16.416+00:00,2026-09-14T02:28:09.993+00:00,2026-09-14T02:28:16.491+00:00,False,108,107.0,,107.0,293577.02717799996,300075.05213799997,300075.05220499996,2778.4727056018514,0.015269999999999999,293577.02717799996,28244.74331177854,92.51788420000001,60.729205233644855,253.20556252100826,0.35657746033079857,8,64,,False,False,Request timeout: 300.0s exceeded,264,21.16838264042747
341,2026-09-14T02:23:19.434+00:00,2026-09-14T02:28:14.827+00:00,2026-09-14T02:28:19.470+00:00,False,71,70.0,,70.0,295392.27141399996,300035.50495,300035.505112,4225.852184676056,0.037689999999999994,295392.27141399996,35048.747510155365,89.2250015,66.33190765714285,21.813184069159895,0.23330572164006155,8,64,,False,False,Request timeout: 300.0s exceeded,358,21.16838264042747
342,2026-09-14T02:23:22.730+00:00,2026-09-14T02:28:16.407+00:00,2026-09-14T02:28:22.808+00:00,False,92,91.0,,91.0,293676.541751,300077.47563899995,300077.475639,3261.7116917282606,0.01765,293676.541751,30610.568508107765,87.835288,70.33993283516483,19.175824326371135,0.30325501707923946,8,64,,False,False,Request timeout: 300.0s exceeded,295,21.16838264042747
343,2026-09-14T02:23:25.888+00:00,2026-09-14T02:28:19.422+00:00,2026-09-14T02:28:25.912+00:00,False,96,95.0,,95.0,293534.012926,300024.463358,300024.463335,3125.25482640625,0.03222,293534.012926,29951.7238749296,90.28934224999999,68.3205308631579,20.684885068701995,0.31664084633872863,8,64,,False,False,Request timeout: 300.0s exceeded,407,21.16838264042747
344,2026-09-14T02:23:29.817+00:00,2026-09-14T02:28:23.229+00:00,2026-09-14T02:28:29.875+00:00,False,99,98.0,,98.0,293411.76409899996,300057.54585899995,300057.54571999994,3030.88430020202,0.02126,293411.76409899996,29482.183413832423,89.6376018,67.81409959183674,20.639791814439818,0.32660401763750735,8,64,,False,False,Request timeout: 300.0s exceeded,530,21.16838264042747
345,2026-09-14T02:23:32.199+00:00,2026-09-14T02:28:25.865+00:00,2026-09-14T02:28:32.208+00:00,False,95,94.0,,94.0,293666.125467,300009.359259,300009.359146,3157.993254168421,0.02163,293666.125467,30122.59221894783,88.84579830000001,67.48121055319149,20.49480288890459,0.31332355841222004,8,64,,False,False,Request timeout: 300.0s exceeded,438,21.16838264042747
346,2026-09-14T02:23:34.611+00:00,2026-09-14T02:28:28.669+00:00,2026-09-14T02:28:34.696+00:00,False,88,87.0,,87.0,294057.896522,300084.94497,300084.944949,3410.056192602273,0.04156,294057.896522,31339.299058392553,90.083192,69.27641894252874,20.84872600651129,0.2899179097728396,8,64,,False,False,Request timeout: 300.0s exceeded,443,21.16838264042747
347,2026-09-14T02:23:38.323+00:00,2026-09-14T02:28:32.165+00:00,2026-09-14T02:28:38.332+00:00,False,90,89.0,,89.0,293841.85773299995,300008.54035699996,300008.540305,3333.4282256111105,0.0,293841.85773299995,30966.42140295694,89.34484199999999,69.28856880898877,67.91961938811248,0.2966582214429397,8,64,,False,False,Request timeout: 300.0s exceeded,248,21.16838264042747
348,2026-09-14T02:23:41.521+00:00,2026-09-14T02:28:35.386+00:00,2026-09-14T02:28:41.552+00:00,False,95,94.0,,94.0,293864.92262800003,300030.99059600005,300030.990592,3158.2209536000005,0.0,293864.92262800003,30143.245887440517,87.5399127,65.59646774468085,65.79254632842932,0.31330096872083985,8,64,,False,False,Request timeout: 300.0s exceeded,438,21.16838264042747
349,2026-09-14T02:23:44.796+00:00,2026-09-14T02:28:38.916+00:00,2026-09-14T02:28:44.818+00:00,False,85,84.0,,84.0,294120.064814,300022.346798,300022.346785,3529.6746680588235,0.032299999999999995,294120.064814,31894.184621846827,88.99684799999999,70.26526171428571,19.354591298553686,0.27997914454204237,8,64,,False,False,Request timeout: 300.0s exceeded,452,21.16838264042747
350,2026-09-14T02:23:48.256+00:00,2026-09-14T02:28:42.339+00:00,2026-09-14T02:28:48.321+00:00,False,87,86.0,,86.0,294083.274917,300064.97859699995,300064.97861,3449.0227426436777,0.04708,294083.274917,31521.585284885594,89.2575503,69.55469395348837,19.231415445912017,0.28660458945294537,8,64,,False,False,Request timeout: 300.0s exceeded,127,21.16838264042747
351,2026-09-14T02:23:51.048+00:00,2026-09-14T02:28:44.487+00:00,2026-09-14T02:28:51.055+00:00,False,98,97.0,,97.0,293438.95249,300007.17905,300007.179055,3061.2977454591837,0.04572,293438.95249,29634.97713148581,88.2837955,67.71367587628865,20.16942561469768,0.3233255960979311,8,64,,False,False,Request timeout: 300.0s exceeded,503,21.16838264042747
352,2026-09-14T02:23:53.676+00:00,2026-09-14T02:28:47.560+00:00,2026-09-14T02:28:53.731+00:00,False,92,91.0,,91.0,293884.135324,300055.22037999996,300055.220447,3261.469787467391,0.03505,293884.135324,30632.475735685955,89.75961269999999,67.8141214945055,20.384282079581826,0.3032775096689021,8,64,,False,False,Request timeout: 300.0s exceeded,478,21.16838264042747
353,2026-09-14T02:23:57.348+00:00,2026-09-14T02:28:51.223+00:00,2026-09-14T02:28:57.397+00:00,False,93,92.0,,92.0,293874.257529,300048.33189699997,300048.332036,3226.3261509247313,0.026879999999999998,293874.257529,30466.389034016804,89.2423136,67.109504,20.806233538838917,0.3066172686858382,8,64,,False,False,Request timeout: 300.0s exceeded,434,21.16838264042747
354,2026-09-14T02:24:01.273+00:00,2026-09-14T02:28:54.949+00:00,2026-09-14T02:29:01.440+00:00,False,96,95.0,,95.0,293676.172551,300166.88717500004,300166.8872,3126.7384083333336,0.03411,293676.172551,29966.23264073173,90.2686495,68.32331183157893,20.607334034141633,0.31649060592287825,8,64,,False,False,Request timeout: 300.0s exceeded,212,21.16838264042747
355,2026-09-14T02:24:05.237+00:00,2026-09-14T02:28:58.652+00:00,2026-09-14T02:29:05.263+00:00,False,98,97.0,,97.0,293415.419225,300025.897561,300025.89735000004,3061.488748469388,0.01992,293415.419225,29632.556460882934,90.02871599999999,68.14926119587629,20.96731842466652,0.32330542392687406,8,64,,False,False,Request timeout: 300.0s exceeded,312,21.16838264042747
356,2026-09-14T02:24:08.910+00:00,2026-09-14T02:29:02.637+00:00,2026-09-14T02:29:08.977+00:00,False,91,90.0,,90.0,293727.28649900004,300066.67849900003,300066.67864700005,3297.4360290879126,0.045939999999999995,293727.28649900004,30783.609073711876,90.3004195,70.4376888888889,20.716229909268517,0.29993333631778085,8,64,,False,False,Request timeout: 300.0s exceeded,391,21.16838264042747
357,2026-09-14T02:24:12.084+00:00,2026-09-14T02:29:06.172+00:00,2026-09-14T02:29:12.161+00:00,False,89,88.0,,88.0,294087.832311,300076.935159,300076.93514799996,3371.650956719101,0.03297,294087.832311,31166.040602815097,89.83012480000001,68.0579869090909,20.791567241982925,0.29325812713120375,8,64,,False,False,Request timeout: 300.0s exceeded,412,21.16838264042747
358,2026-09-14T02:24:16.133+00:00,2026-09-14T02:29:10.045+00:00,2026-09-14T02:29:16.174+00:00,False,93,92.0,,92.0,293911.968845,300041.34305300005,300041.343246,3226.2510026451614,0.04462,293911.968845,30470.34950620846,87.42905300000001,66.62363269565218,20.219603698707886,0.3066244107024574,8,64,,False,False,Request timeout: 300.0s exceeded,418,21.16838264042747
359,2026-09-14T02:24:19.054+00:00,2026-09-14T02:29:12.718+00:00,2026-09-14T02:29:19.139+00:00,False,99,98.0,,98.0,293663.88814099994,300084.21249299997,300084.21249699994,3031.153661585858,0.04298,293663.88814099994,29507.75367838847,87.33508669999999,65.51351379591837,20.10373249064021,0.3265749943519139,8,64,,False,False,Request timeout: 300.0s exceeded,453,21.16838264042747
360,2026-09-14T02:24:22.309+00:00,2026-09-14T02:29:16.045+00:00,2026-09-14T02:29:22.337+00:00,False,93,92.0,,92.0,293735.405982,300028.13891,300028.138968,3226.1090211612905,0.03724,293735.405982,30451.856746672158,89.71007239999999,68.39927095652173,20.337084101076975,0.3066379051452818,8,64,,False,False,Request timeout: 300.0s exceeded,450,21.16838264042747
361,2026-09-14T02:24:25.225+00:00,2026-09-14T02:29:19.008+00:00,2026-09-14T02:29:25.237+00:00,False,89,88.0,,88.0,293782.426495,300011.640703,300011.64061500004,3370.917310280899,0.03632,293782.426495,31133.378065413515,91.2985188,70.7865250909091,20.225768783729617,0.29332195175425413,8,64,,False,False,Request timeout: 300.0s exceeded,354,21.16838264042747
362,2026-09-14T02:24:28.352+00:00,2026-09-14T02:29:22.170+00:00,2026-09-14T02:29:28.382+00:00,False,87,86.0,,86.0,293818.91629,300030.805186,300030.80503700004,3448.629942954023,0.01993,293818.91629,31492.955967790716,90.09751130000001,72.23126623255814,18.991136459920366,0.2866372336223458,8,64,,False,False,Request timeout: 300.0s exceeded,446,21.16838264042747
363,2026-09-14T02:24:30.646+00:00,2026-09-14T02:29:24.503+00:00,2026-09-14T02:29:30.700+00:00,False,90,89.0,,89.0,293857.00115100003,300053.604799,300053.60490000003,3333.928943333334,0.01835,293857.00115100003,30967.91459879857,88.79433245,69.62476008988763,19.427798294960738,0.29661366694667557,8,64,,False,False,Request timeout: 300.0s exceeded,279,21.16838264042747
364,2026-09-14T02:24:34.423+00:00,2026-09-14T02:29:28.128+00:00,2026-09-14T02:29:34.498+00:00,False,104,103.0,,103.0,293704.80701499997,300074.766695,300074.766648,2885.3342946923076,0.0,293704.80701499997,28794.13016859653,88.95972615000001,61.84426873786408,63.20048940359137,0.34324778832433644,8,64,,False,False,Request timeout: 300.0s exceeded,487,21.16838264042747
365,2026-09-14T02:24:37.801+00:00,2026-09-14T02:29:31.216+00:00,2026-09-14T02:29:37.807+00:00,False,106,105.0,,105.0,293415.46252999996,300006.64614599996,300006.64630599995,2830.2513802452827,0.0,293415.46252999996,28492.99944820755,88.79203,62.77317729523809,62.30096206652562,0.3499922463347733,8,64,,False,False,Request timeout: 300.0s exceeded,524,21.16838264042747
366,2026-09-14T02:24:41.193+00:00,2026-09-14T02:29:34.710+00:00,2026-09-14T02:29:41.213+00:00,False,98,97.0,,97.0,293516.78704799997,300019.338856,300019.339061,3061.421827153061,0.01853,293516.78704799997,29642.908310813604,90.65966935,67.03661657731959,20.62514105133662,0.32331249168760084,8,64,,False,False,Request timeout: 300.0s exceeded,521,21.16838264042747
367,2026-09-14T02:24:43.791+00:00,2026-09-14T02:29:37.597+00:00,2026-09-14T02:29:43.859+00:00,False,96,95.0,,95.0,293806.062459,300068.688507,300068.688429,3125.7155044687497,0.02459,293806.062459,29979.73488545751,89.39077649999999,65.92237945263157,21.144935125356824,0.31659417872846085,8,64,,False,False,Request timeout: 300.0s exceeded,422,21.16838264042747
368,2026-09-14T02:24:47.558+00:00,2026-09-14T02:29:40.431+00:00,2026-09-14T02:29:47.684+00:00,False,113,112.0,,112.0,292873.65078100003,300126.40598100005,300126.406031,2655.985894079646,0.03824,292873.65078100003,27545.151072378307,89.19924160000001,64.75674285714285,20.234079287174715,0.37317609436568644,8,64,,False,False,Request timeout: 300.0s exceeded,392,21.16838264042747
369,2026-09-14T02:24:48.835+00:00,2026-09-14T02:29:42.720+00:00,2026-09-14T02:29:48.909+00:00,False,100,99.0,,99.0,293885.072927,300074.484255,300074.484301,3000.74484301,0.02928,293885.072927,29382.263251072167,91.30777085,62.519306343434344,21.640854447648756,0.32991808765676617,8,64,,False,False,Request timeout: 300.0s exceeded,509,21.16838264042747
370,2026-09-14T02:24:51.137+00:00,2026-09-14T02:29:44.766+00:00,2026-09-14T02:29:51.194+00:00,False,103,102.0,,102.0,293628.62513999996,300056.837876,300056.83809999994,2913.1731854368927,0.02009,293628.62513999996,28925.886264515182,91.148563,63.02169349019608,21.417008738753765,0.3399355959424995,8,64,,False,False,Request timeout: 300.0s exceeded,456,21.16838264042747
371,2026-09-14T02:24:53.730+00:00,2026-09-14T02:29:48.788+00:00,2026-09-14T02:29:53.753+00:00,False,71,70.0,,70.0,295058.15381499997,300023.068247,300023.068354,4225.677019070422,0.02082,295058.15381499997,35008.54928080421,89.704061,70.92734902857143,21.160694976818952,0.23331539274297103,8,64,,False,False,Request timeout: 300.0s exceeded,283,21.16838264042747
372,2026-09-14T02:24:57.219+00:00,2026-09-14T02:29:50.435+00:00,2026-09-14T02:29:57.233+00:00,False,99,98.0,,98.0,293215.998014,300014.367038,300014.367023,3030.4481517474746,0.03821,293215.998014,29462.351539077677,89.6086499,69.37111248979592,20.40492650527732,0.3266510233077846,8,64,,False,False,Request timeout: 300.0s exceeded,382,21.16838264042747
373,2026-09-14T02:25:00.105+00:00,2026-09-14T02:29:53.970+00:00,2026-09-14T02:30:00.190+00:00,False,91,90.0,,90.0,293865.101328,300084.67688000004,300084.676838,3297.6338114065934,0.028079999999999997,293865.101328,30798.195804846015,90.42346900000001,69.10639502222222,21.09920581400617,0.2999153470138358,8,64,,False,False,Request timeout: 300.0s exceeded,468,21.16838264042747
374,2026-09-14T02:25:04.003+00:00,2026-09-14T02:29:58.200+00:00,2026-09-14T02:30:04.065+00:00,False,83,82.0,,82.0,294196.61183,300061.14175,300061.14185,3615.1944801204822,0.02551,294196.61183,32284.429563053425,90.6054401,71.51865756097561,20.40016748803186,0.273277637756639,8,64,,False,False,Request timeout: 300.0s exceeded,387,21.16838264042747
375,2026-09-14T02:25:07.919+00:00,2026-09-14T02:30:01.624+00:00,2026-09-14T02:30:07.945+00:00,False,93,92.0,,92.0,293704.47592299996,300025.76539499994,300025.76548799995,3226.0834998709674,0.044549,293704.47592299996,30448.617167212546,89.2984936,68.70966817391304,20.191686808508816,0.30664033096916554,8,64,,False,False,Request timeout: 300.0s exceeded,425,21.16838264042747
376,2026-09-14T02:25:10.463+00:00,2026-09-14T02:30:04.493+00:00,2026-09-14T02:30:10.539+00:00,False,89,88.0,,88.0,294029.65792699996,300076.141639,300076.14180299995,3371.6420427303365,0.03546,294029.65792699996,31159.805082678697,89.92405200000002,68.71004218181818,20.895593361356745,0.29325890262167686,8,64,,False,False,Request timeout: 300.0s exceeded,415,21.16838264042747
377,2026-09-14T02:25:14.521+00:00,2026-09-14T02:30:08.474+00:00,2026-09-14T02:30:14.562+00:00,False,92,91.0,,91.0,293953.487951,300041.48462299997,300041.484819,3261.3204871630433,0.05665,293953.487951,30639.80134247336,87.83552304999999,66.90106232967034,20.238393312583977,0.30329139356959545,8,64,,False,False,Request timeout: 300.0s exceeded,411,21.16838264042747
378,2026-09-14T02:25:18.420+00:00,2026-09-14T02:30:11.998+00:00,2026-09-14T02:30:18.467+00:00,False,99,98.0,,98.0,293577.652687,300046.969039,300046.96895,3030.777464141414,0.04108,293577.652687,29499.03599096401,88.04168570000002,66.0134321632653,19.415025812634045,0.32661553060801624,8,64,,False,False,Request timeout: 300.0s exceeded,330,21.16838264042747
379,2026-09-14T02:25:21.393+00:00,2026-09-14T02:30:15.288+00:00,2026-09-14T02:30:21.424+00:00,False,92,91.0,,91.0,293894.94214999996,300030.82950999995,300030.82949699997,3261.204668445652,0.025669,293894.94214999996,30633.64225787248,87.7011356,67.42733362637364,19.621542168313884,0.30330216447629094,8,64,,False,False,Request timeout: 300.0s exceeded,209,21.16838264042747
380,2026-09-14T02:25:23.965+00:00,2026-09-14T02:30:17.491+00:00,2026-09-14T02:30:24.012+00:00,False,96,95.0,,95.0,293525.638002,300046.453362,300046.453267,3125.4838881979167,0.01856,293525.638002,29950.83594579887,89.26891925,68.64016168421053,19.87113153938489,0.31661764015382116,8,64,,False,False,Request timeout: 300.0s exceeded,472,21.16838264042747
381,2026-09-14T02:25:26.888+00:00,2026-09-14T02:30:20.596+00:00,2026-09-14T02:30:26.989+00:00,False,93,92.0,,92.0,293707.88528,300101.649888,300101.649982,3226.899462172043,0.02506,293707.88528,30448.888862390355,88.7228186,69.49744139130435,19.961158165255657,0.3065627930880588,8,64,,False,False,Request timeout: 300.0s exceeded,447,21.16838264042747
382,2026-09-14T02:25:29.254+00:00,2026-09-14T02:30:22.995+00:00,2026-09-14T02:30:29.265+00:00,False,99,98.0,,98.0,293741.576689,300011.52587300004,300011.525733,3030.419451848485,0.0,293741.576689,29515.779158536316,93.3758827,63.97907330612245,64.63514892621787,0.32665411675378453,8,64,,False,False,Request timeout: 300.0s exceeded,479,21.16838264042747
383,2026-09-14T02:25:33.356+00:00,2026-09-14T02:30:26.803+00:00,2026-09-14T02:30:33.397+00:00,False,106,105.0,,105.0,293446.40723400004,300040.94061000005,300040.94044300006,2830.574909839623,0.0,293446.40723400004,28496.003569886416,91.21607974999999,62.805079771428574,63.04090049603793,0.34995224247240764,8,64,,False,False,Request timeout: 300.0s exceeded,326,21.16838264042747
384,2026-09-14T02:25:36.652+00:00,2026-09-14T02:30:30.408+00:00,2026-09-14T02:30:36.674+00:00,False,92,91.0,,91.0,293755.697675,300022.173963,300022.173967,3261.110586597826,0.019600000000000003,293755.697675,30618.97615886998,90.5234351,68.86237679120879,20.773725843607856,0.30331091465000354,8,64,,False,False,Request timeout: 300.0s exceeded,486,21.16838264042747
385,2026-09-14T02:25:39.215+00:00,2026-09-14T02:30:33.054+00:00,2026-09-14T02:30:39.231+00:00,False,90,89.0,,89.0,293838.930842,300015.533978,300015.53398300003,3333.5059331444445,0.03703,293838.930842,30966.034056626195,89.81256945000001,69.40003523595506,20.290553516221777,0.2966513060837921,8,64,,False,False,Request timeout: 300.0s exceeded,417,21.16838264042747
386,2026-09-14T02:25:42.609+00:00,2026-09-14T02:30:36.063+00:00,2026-09-14T02:30:42.659+00:00,False,100,99.0,,99.0,293453.829057,300050.207169,300050.207162,3000.50207162,0.03625,293453.829057,29338.72700757272,90.3544195,66.63008193939393,20.52942706052487,0.32994478135533944,8,64,,False,False,Request timeout: 300.0s exceeded,461,21.16838264042747
387,2026-09-14T02:25:46.179+00:00,2026-09-14T02:30:39.733+00:00,2026-09-14T02:30:46.195+00:00,False,99,98.0,,98.0,293554.490515,300016.700051,300016.700124,3030.4717184242427,0.03897,293554.490515,29496.715884119527,88.089809,65.94091363265306,20.153592756704114,0.32664848317890616,8,64,,False,False,Request timeout: 300.0s exceeded,469,21.16838264042747
388,2026-09-14T02:25:48.758+00:00,2026-09-14T02:30:42.284+00:00,2026-09-14T02:30:48.792+00:00,False,96,95.0,,95.0,293525.747137,300033.370049,300033.37012000004,3125.3476054166667,0.01846,293525.747137,29950.861528365705,89.66005075,68.5012938105263,20.279848895060862,0.3166314466437018,8,64,,False,False,Request timeout: 300.0s exceeded,342,21.16838264042747
389,2026-09-14T02:25:51.764+00:00,2026-09-14T02:30:45.505+00:00,2026-09-14T02:30:51.795+00:00,False,93,92.0,,92.0,293740.23169700004,300030.867473,300030.867327,3226.138358354839,0.04022,293740.23169700004,30452.359453876317,88.207444,68.37647582608696,20.2460718695639,0.306635116496069,8,64,,False,False,Request timeout: 300.0s exceeded,388,21.16838264042747
390,2026-09-14T02:25:55.799+00:00,2026-09-14T02:30:49.356+00:00,2026-09-14T02:30:55.867+00:00,False,99,98.0,,98.0,293557.77812699997,300068.73697499995,300068.736873,3030.9973421515147,0.0169,293557.77812699997,29496.99656719347,88.4588298,66.43835559183674,20.534914773919784,0.3265918368835765,8,64,,False,False,Request timeout: 300.0s exceeded,365,21.16838264042747
391,2026-09-14T02:25:59.026+00:00,2026-09-14T02:30:53.013+00:00,2026-09-14T02:30:59.054+00:00,False,87,86.0,,86.0,293986.751056,300027.858512,300027.858663,3448.596076586207,0.03157,293986.751056,31511.163142594,88.60919299999999,70.24543553488373,19.811767445746103,0.2866400487825377,8,64,,False,False,Request timeout: 300.0s exceeded,391,21.16838264042747
392,2026-09-14T02:26:02.022+00:00,2026-09-14T02:30:55.222+00:00,2026-09-14T02:31:02.091+00:00,False,101,100.0,,100.0,293199.80887,300068.61859800003,300068.61877,2970.9764234653467,0.01802,293199.80887,29167.643652224055,89.16667100000001,68.68809728000001,20.27269277310511,0.33325710788161206,8,64,,False,False,Request timeout: 300.0s exceeded,460,21.16838264042747
393,2026-09-14T02:26:05.952+00:00,2026-09-14T02:30:59.479+00:00,2026-09-14T02:31:06.031+00:00,False,97,96.0,,96.0,293526.699653,300079.09952499997,300079.099511,3093.5989640309276,0.053340000000000005,293526.699653,29796.19749952803,90.491615,68.25416533333333,20.197693184412195,0.31991564941363776,8,64,,False,False,Request timeout: 300.0s exceeded,317,21.16838264042747
394,2026-09-14T02:26:09.404+00:00,2026-09-14T02:31:03.091+00:00,2026-09-14T02:31:09.462+00:00,False,94,93.0,,93.0,293686.490329,300057.920473,300057.920649,3192.105538819149,0.0281,293686.490329,30284.38887193916,89.71687200000001,68.5100015483871,20.030213342028226,0.3099401603976936,8,64,,False,False,Request timeout: 300.0s exceeded,452,21.16838264042747
395,2026-09-14T02:26:12.532+00:00,2026-09-14T02:31:06.331+00:00,2026-09-14T02:31:12.547+00:00,False,92,91.0,,91.0,293798.584197,300015.20704500005,300015.206954,3261.0348581956523,0.04292,293798.584197,30623.50432668939,89.24049305,68.3145367912088,20.508918013968426,0.30331795810053946,8,64,,False,False,Request timeout: 300.0s exceeded,430,21.16838264042747
396,2026-09-14T02:26:14.919+00:00,2026-09-14T02:31:08.783+00:00,2026-09-14T02:31:14.948+00:00,False,94,93.0,,93.0,293863.657443,300028.293603,300028.293629,3191.7903577553193,0.03757,293863.657443,30302.89241417977,89.94463879999999,66.28641032258064,21.22937383493256,0.3099707660340141,8,64,,False,False,Request timeout: 300.0s exceeded,437,21.16838264042747
397,2026-09-14T02:26:17.334+00:00,2026-09-14T02:31:11.265+00:00,2026-09-14T02:31:17.357+00:00,False,94,93.0,,93.0,293931.835702,300023.68543,300023.685342,3191.741333425532,0.020730000000000002,293931.835702,30310.004136697535,87.26599565000001,65.50376051612903,19.654798389445087,0.30997552698784603,8,64,,False,False,Request timeout: 300.0s exceeded,428,21.16838264042747
398,2026-09-14T02:26:20.226+00:00,2026-09-14T02:31:14.309+00:00,2026-09-14T02:31:20.233+00:00,False,92,91.0,,91.0,294083.081756,300006.950428,300006.95052,3260.945114347826,0.03637,294083.081756,30653.50025112306,87.12372905000001,65.09745793406593,19.905741277955197,0.3033263058411691,8,64,,False,False,Request timeout: 300.0s exceeded,290,21.16838264042747
399,2026-09-14T02:26:22.703+00:00,2026-09-14T02:31:16.239+00:00,2026-09-14T02:31:22.740+00:00,False,107,106.0,,106.0,293536.55361199996,300036.963724,300036.96362999995,2804.08377224299,0.0,293536.55361199996,28371.396922613058,87.91298200000001,61.32462369811321,65.83914822709536,0.35328980364402035,8,64,,False,False,Request timeout: 300.0s exceeded,483,21.16838264042747
400,2026-09-14T02:26:26.413+00:00,2026-09-14T02:31:20.107+00:00,2026-09-14T02:31:26.498+00:00,False,96,95.0,,95.0,293693.423744,300084.14246400003,300084.142494,3125.8764843125005,0.0,293693.423744,29968.174435898803,90.5289515,67.27072336842105,69.9097103621635,0.3165778745252985,8,64,,False,False,Request timeout: 300.0s exceeded,481,21.16838264042747
401,2026-09-14T02:26:30.103+00:00,2026-09-14T02:31:23.877+00:00,2026-09-14T02:31:30.181+00:00,False,88,87.0,,87.0,293774.575268,300078.12138,300078.121341,3409.9786516022727,0.0246,293774.575268,31308.75680668078,88.03163734999998,72.45455301149426,18.734672799319238,0.2899245023259416,8,64,,False,False,Request timeout: 300.0s exceeded,410,21.16838264042747
402,2026-09-14T02:26:34.050+00:00,2026-09-14T02:31:27.795+00:00,2026-09-14T02:31:34.064+00:00,False,90,89.0,,89.0,293744.568806,300013.465062,300013.465032,3333.4829448,0.03577,293744.568806,30955.977480217716,87.81003349999999,70.43703658426966,19.2824833564118,0.2966533518140844,8,64,,False,False,Request timeout: 300.0s exceeded,374,21.16838264042747
403,2026-09-14T02:26:36.889+00:00,2026-09-14T02:31:30.360+00:00,2026-09-14T02:31:36.933+00:00,False,95,94.0,,94.0,293470.580417,300043.481025,300043.480922,3158.3524307578946,0.02495,293470.580417,30102.278639452463,90.00991900000001,69.92447455319149,19.874151877025273,0.31328792639946673,8,64,,False,False,Request timeout: 300.0s exceeded,422,21.16838264042747
404,2026-09-14T02:26:40.029+00:00,2026-09-14T02:31:33.561+00:00,2026-09-14T02:31:40.076+00:00,False,96,95.0,,95.0,293531.44907200005,300047.16440000007,300047.16434700007,3125.4912952812506,0.0206,293531.44907200005,29951.43465845961,88.9437025,68.5864771368421,20.089052035339506,0.3166168898478682,8,64,,False,False,Request timeout: 300.0s exceeded,441,21.16838264042747
405,2026-09-14T02:26:42.863+00:00,2026-09-14T02:31:36.718+00:00,2026-09-14T02:31:42.929+00:00,False,94,93.0,,93.0,293854.530543,300065.840623,300065.840791,3192.189795648936,0.01943,293854.530543,30301.898820111237,88.82372915,66.78828043010752,20.551440224744233,0.30993197961791447,8,64,,False,False,Request timeout: 300.0s exceeded,400,21.16838264042747
406,2026-09-14T02:26:45.960+00:00,2026-09-14T02:31:39.780+00:00,2026-09-14T02:31:46.557+00:00,False,105,104.0,,104.0,293820.612054,300596.912086,300596.912071,2862.827734009524,0.041559,293820.612054,28667.604429958054,88.17272000000001,65.15673107692308,20.700727847994127,0.3459782712945696,8,64,,False,False,Request timeout: 300.0s exceeded,500,21.16838264042747
407,2026-09-14T02:26:49.811+00:00,2026-09-14T02:31:43.525+00:00,2026-09-14T02:31:49.874+00:00,False,99,98.0,,98.0,293714.403005,300063.75186899997,300063.751804,3030.9469879191915,0.04273,293714.403005,29512.903897183867,89.9107358,64.78927412244899,20.82669468164447,0.3265972627136391,8,64,,False,False,Request timeout: 300.0s exceeded,442,21.16838264042747
408,2026-09-14T02:26:53.990+00:00,2026-09-14T02:31:47.754+00:00,2026-09-14T02:31:54.004+00:00,False,94,93.0,,93.0,293764.190757,300014.462757,300014.462693,3191.6432201382977,0.03225,293764.190757,30292.537904179128,89.41128450000001,67.20722580645162,20.744338146094076,0.30998505587154435,8,64,,False,False,Request timeout: 300.0s exceeded,431,21.16838264042747
409,2026-09-14T02:26:56.684+00:00,2026-09-14T02:31:50.585+00:00,2026-09-14T02:31:56.779+00:00,False,96,95.0,,95.0,293901.34514,300095.689844,300095.689794,3125.9967686874998,0.045700000000000005,293901.34514,29989.532451671,89.03175475,65.2036284631579,20.361438396006495,0.31656569292742676,8,64,,False,False,Request timeout: 300.0s exceeded,371,21.16838264042747
410,2026-09-14T02:26:59.941+00:00,2026-09-14T02:31:53.754+00:00,2026-09-14T02:31:59.991+00:00,False,92,91.0,,91.0,293813.283879,300050.02141499997,300050.021444,3261.4132765652175,0.03246,293813.283879,30625.013662411602,89.38827450000001,68.53557731868132,20.255931988349374,0.3032827645565726,8,64,,False,False,Request timeout: 300.0s exceeded,411,21.16838264042747
411,2026-09-14T02:27:03.769+00:00,2026-09-14T02:31:57.575+00:00,2026-09-14T02:32:05.550+00:00,False,82,81.0,,81.0,293805.701231,301780.99185500003,301780.992005,3680.2560000609756,0.0313,293805.701231,32435.794072113666,89.8080927,98.46037807407407,287.1342096590835,0.26840656696800486,8,64,,False,False,Request timeout: 300.0s exceeded,323,21.16838264042747
412,2026-09-14T02:27:07.417+00:00,2026-09-14T02:32:01.155+00:00,2026-09-14T02:32:07.459+00:00,False,107,106.0,,106.0,293738.018557,300041.791997,300041.79187899997,2804.12889606542,0.01533,293738.018557,28392.15059589882,90.53248959999999,59.46956075471698,259.38148024001407,0.3532841185039311,8,64,,False,False,Request timeout: 300.0s exceeded,460,21.16838264042747
413,2026-09-14T02:27:10.968+00:00,2026-09-14T02:32:06.861+00:00,2026-09-14T02:32:10.993+00:00,False,63,62.0,,62.0,295893.44947000005,300024.73139000003,300024.7314190001,4762.297324111112,0.01823,295893.44947000005,37270.68108514986,86.922577,66.6335793548387,20.52761722247173,0.20664963089128352,8,64,,False,False,Request timeout: 300.0s exceeded,292,21.16838264042747
414,2026-09-14T02:27:13.640+00:00,2026-09-14T02:32:07.077+00:00,2026-09-14T02:32:13.662+00:00,False,99,98.0,,98.0,293437.28743900004,300021.767439,300021.767439,3030.522903424243,0.01757,293437.28743900004,29484.810737740594,86.52141080000001,67.18857142857144,19.549547677077655,0.3266429660638714,8,64,,False,False,Request timeout: 300.0s exceeded,398,21.16838264042747
415,2026-09-14T02:27:17.741+00:00,2026-09-14T02:32:11.575+00:00,2026-09-14T02:32:17.762+00:00,False,96,95.0,,95.0,293834.493995,300021.352491,300021.35264500004,3125.2224233854167,0.0,293834.493995,29982.780142184816,87.96059475000001,65.1248262736842,64.8779111181324,0.3166441295302467,8,64,,False,False,Request timeout: 300.0s exceeded,499,21.16838264042747
416,2026-09-14T02:27:20.894+00:00,2026-09-14T02:32:14.702+00:00,2026-09-14T02:32:20.959+00:00,False,95,94.0,,94.0,293807.530305,300064.09708900005,300064.097007,3158.5694421789476,0.0,293807.530305,30137.259212815046,88.030013,66.55922110638298,65.98469255121056,0.31326640178521353,8,64,,False,False,Request timeout: 300.0s exceeded,439,21.16838264042747
417,2026-09-14T02:27:23.390+00:00,2026-09-14T02:32:16.680+00:00,2026-09-14T02:32:23.481+00:00,False,100,99.0,,99.0,293289.654601,300090.401097,300090.401085,3000.9040108500003,0.047979999999999995,293289.654601,29322.10286986503,90.08884239999999,68.69440905050506,20.145736821209454,0.329900588749587,8,64,,False,False,Request timeout: 300.0s exceeded,464,21.16838264042747
418,2026-09-14T02:27:26.349+00:00,2026-09-14T02:32:20.038+00:00,2026-09-14T02:32:26.366+00:00,False,91,90.0,,90.0,293689.618119,300017.71949499997,300017.71946,3296.898016043956,0.046168999999999995,293689.618119,30779.6729353933,89.7258265,70.3122375111111,19.839541934480984,0.2999822815515399,8,64,,False,False,Request timeout: 300.0s exceeded,377,21.16838264042747
419,2026-09-14T02:27:30.451+00:00,2026-09-14T02:32:24.325+00:00,2026-09-14T02:32:30.490+00:00,False,86,85.0,,85.0,293874.10274400003,300038.484952,300038.484851,3488.819591290698,0.08404,293874.10274400003,31681.445067457058,91.48805725,72.5221436235294,19.38308634351651,0.2832969910963197,8,64,,False,False,Request timeout: 300.0s exceeded,279,21.16838264042747
420,2026-09-14T02:27:33.763+00:00,2026-09-14T02:32:27.653+00:00,2026-09-14T02:32:33.854+00:00,False,90,89.0,,89.0,293890.830701,300091.535469,300091.535614,3334.350395711111,0.01831,293890.830701,30971.47654090112,90.21099344999999,69.67084008988763,20.756721451705527,0.2965761758688254,8,64,,False,False,Request timeout: 300.0s exceeded,403,21.16838264042747
421,2026-09-14T02:27:36.793+00:00,2026-09-14T02:32:30.712+00:00,2026-09-14T02:32:36.826+00:00,False,90,89.0,,89.0,293918.832476,300032.461404,300032.461344,3333.6940149333336,0.036689,293918.832476,30974.531002346328,89.747356,68.69245986516854,20.276210808824455,0.29663456941800587,8,64,,False,False,Request timeout: 300.0s exceeded,366,21.16838264042747
422,2026-09-14T02:27:40.776+00:00,2026-09-14T02:32:34.395+00:00,2026-09-14T02:32:40.812+00:00,False,94,93.0,,93.0,293619.045285,300035.669413,300035.669606,3191.8688255957445,0.0242,293619.045285,30277.382456412626,88.727132,68.99595836559139,20.228961121313176,0.30996314598843655,8,64,,False,False,Request timeout: 300.0s exceeded,311,21.16838264042747
423,2026-09-14T02:27:44.792+00:00,2026-09-14T02:32:38.214+00:00,2026-09-14T02:32:44.836+00:00,False,102,101.0,,101.0,293421.66115899995,300044.21117499995,300044.2110349999,2941.609912107843,0.03406,293421.66115899995,29046.588261539117,89.9424351,65.56980213861387,20.19943898100779,0.33661705921429036,8,64,,False,False,Request timeout: 300.0s exceeded,523,21.16838264042747
424,2026-09-14T02:27:47.258+00:00,2026-09-14T02:32:41.479+00:00,2026-09-14T02:32:47.267+00:00,False,86,85.0,,85.0,294220.992048,300008.466736,300008.466736,3488.47054344186,0.05251,294220.992048,31719.329681248935,89.15148450000001,68.08793750588235,20.086542227692156,0.2833253371972262,8,64,,False,False,Request timeout: 300.0s exceeded,320,21.16838264042747
425,2026-09-14T02:27:49.577+00:00,2026-09-14T02:32:43.597+00:00,2026-09-14T02:32:49.611+00:00,False,87,86.0,,86.0,294019.12936799997,300033.83707999997,300033.837066,3448.6647938620686,0.01814,294019.12936799997,31514.667518121878,90.8242013,69.93846176744185,20.044654798659604,0.286634337103349,8,64,,False,False,Request timeout: 300.0s exceeded,425,21.16838264042747
426,2026-09-14T02:27:53.704+00:00,2026-09-14T02:32:47.428+00:00,2026-09-14T02:32:53.776+00:00,False,93,92.0,,92.0,293724.107737,300072.322521,300072.322702,3226.5841150752685,0.036520000000000004,293724.107737,30450.622305541787,88.67612700000001,69.00233460869566,19.826549507410384,0.30659275479684256,8,64,,False,False,Request timeout: 300.0s exceeded,409,21.16838264042747
427,2026-09-14T02:27:57.053+00:00,2026-09-14T02:32:50.582+00:00,2026-09-14T02:32:57.063+00:00,False,94,93.0,,93.0,293529.843954,300010.754546,300010.754579,3191.603772117021,0.02389,293529.843954,30268.11038800088,89.25128015,69.68721066666667,19.67911543420059,0.3099888873675044,8,64,,False,False,Request timeout: 300.0s exceeded,267,21.16838264042747
428,2026-09-14T02:28:00.994+00:00,2026-09-14T02:32:54.262+00:00,2026-09-14T02:33:01.024+00:00,False,99,98.0,,98.0,293268.489033,300030.148937,300030.14895600005,3030.6075652121212,0.033780000000000004,293268.489033,29467.66392725192,87.58301390000001,68.99652963265305,19.19695613352879,0.32663384112300636,8,64,,False,False,Request timeout: 300.0s exceeded,503,21.16838264042747
429,2026-09-14T02:28:03.796+00:00,2026-09-14T02:32:57.705+00:00,2026-09-14T02:33:03.809+00:00,False,90,89.0,,89.0,293908.73904799996,300013.37571999995,300013.375647,3333.4819516333328,0.02029,293908.73904799996,30973.479216766802,87.72997645,68.59142328089887,22.481024110785754,0.29665344015549155,8,64,,False,False,Request timeout: 300.0s exceeded,410,21.16838264042747
430,2026-09-14T02:28:06.793+00:00,2026-09-14T02:33:00.341+00:00,2026-09-14T02:33:06.860+00:00,False,96,95.0,,95.0,293547.742915,300066.532547,300066.53261,3125.6930480208334,0.016890000000000002,293547.742915,29953.094839649963,89.33029425000001,68.61883823157895,20.830537412251832,0.3165964534386052,8,64,,False,False,Request timeout: 300.0s exceeded,374,21.16838264042747
431,2026-09-14T02:28:10.962+00:00,2026-09-14T02:33:04.580+00:00,2026-09-14T02:33:11.168+00:00,False,90,89.0,,89.0,293617.654325,300206.110005,300206.110043,3335.6234449222225,0.039009999999999996,293617.654325,30942.287696397838,90.51361150000001,74.02759191011236,67.40499022264484,0.2964629867077578,8,64,,False,False,Request timeout: 300.0s exceeded,443,21.16838264042747
432,2026-09-14T02:28:14.651+00:00,2026-09-14T02:33:07.806+00:00,2026-09-14T02:33:14.838+00:00,False,118,117.0,,117.0,293154.90989899996,300187.03226699994,300187.03219099995,2543.9578999237283,0.0,293154.90989899996,26981.635536227932,88.79741785,60.103609982905986,62.42890110386725,0.3897570095430868,8,64,,False,False,Request timeout: 300.0s exceeded,475,21.16838264042747
433,2026-09-14T02:28:17.302+00:00,2026-09-14T02:33:11.189+00:00,2026-09-14T02:33:17.330+00:00,False,118,117.0,,117.0,293887.648076,300028.75758,300028.757788,2542.6165914237286,0.0,293887.648076,27049.731707593404,89.9634357,52.48811541880342,26.32170017001918,0.3899626187293163,8,64,,False,False,Request timeout: 300.0s exceeded,468,21.16838264042747
434,2026-09-14T02:28:21.214+00:00,2026-09-14T02:33:16.040+00:00,2026-09-14T02:33:21.254+00:00,False,79,78.0,,78.0,294826.013569,300039.251073,300039.250919,3797.9652015063293,0.04147,294826.013569,33163.0048234019,88.5068128,66.83637825641026,20.782949120773505,0.25996598685357497,8,64,,False,False,Request timeout: 300.0s exceeded,397,21.16838264042747
435,2026-09-14T02:28:24.661+00:00,2026-09-14T02:33:18.358+00:00,2026-09-14T02:33:24.676+00:00,False,89,88.0,,88.0,293696.64790499996,300014.712801,300014.712784,3370.9518290337073,0.01989,293696.64790499996,31124.17796473288,88.41265739999999,71.796192,19.32522952946022,0.2933189481889526,8,64,,False,False,Request timeout: 300.0s exceeded,488,21.16838264042747
436,2026-09-14T02:28:28.874+00:00,2026-09-14T02:33:22.612+00:00,2026-09-14T02:33:28.897+00:00,False,92,91.0,,91.0,293738.889111,300023.267735,300023.26774,3261.1224754347827,0.02434,293738.889111,30617.20234175064,88.02276819999999,69.05910575824176,19.3971002964482,0.3033098088924793,8,64,,False,False,Request timeout: 300.0s exceeded,369,21.16838264042747
437,2026-09-14T02:28:32.628+00:00,2026-09-14T02:33:26.239+00:00,2026-09-14T02:33:32.636+00:00,False,98,97.0,,97.0,293611.22743300005,300007.38154500007,300007.381547,3061.299811704082,0.02097,293611.22743300005,29652.558587609008,89.4042197,65.93973311340206,19.971876089118457,0.32332537786391213,8,64,,False,False,Request timeout: 300.0s exceeded,496,21.16838264042747
438,2026-09-14T02:28:36.072+00:00,2026-09-14T02:33:29.985+00:00,2026-09-14T02:33:36.095+00:00,False,94,93.0,,93.0,293912.546311,300022.927623,300022.927677,3191.7332731595748,0.0282,293912.546311,30307.99412005354,86.14263015,65.70302486021505,19.785948614709977,0.30997630993342307,8,64,,False,False,Request timeout: 300.0s exceeded,240,21.16838264042747
439,2026-09-14T02:28:38.610+00:00,2026-09-14T02:33:32.243+00:00,2026-09-14T02:33:38.655+00:00,False,101,100.0,,100.0,293633.16929299996,300044.93428499997,300044.93429299997,2970.7419236930687,0.026760000000000003,293633.16929299996,29211.21925554533,88.13920399999999,64.11764992,20.072723106921565,0.3332834138269911,8,64,,False,False,Request timeout: 300.0s exceeded,445,21.16838264042747
440,2026-09-14T02:28:42.658+00:00,2026-09-14T02:33:36.389+00:00,2026-09-14T02:33:42.671+00:00,False,99,98.0,,98.0,293730.87075,300013.149406,300013.149413,3030.4358526565657,0.02597,293730.87075,29514.627683870956,86.3861657,64.10488424489796,20.73025030030417,0.32665234905213825,8,64,,False,False,Request timeout: 300.0s exceeded,507,21.16838264042747
441,2026-09-14T02:28:46.036+00:00,2026-09-14T02:33:39.825+00:00,2026-09-14T02:33:46.106+00:00,False,95,94.0,,94.0,293789.339078,300070.636486,300070.636464,3158.638278568421,0.01834,293789.339078,30135.301430996973,88.51332569999998,66.82231285106383,20.736840675321098,0.31325957481476413,8,64,,False,False,Request timeout: 300.0s exceeded,422,21.16838264042747
442,2026-09-14T02:28:49.750+00:00,2026-09-14T02:33:43.337+00:00,2026-09-14T02:33:49.756+00:00,False,97,96.0,,96.0,293586.956239,300006.219983,300006.22000200005,3092.847628886598,0.026109999999999998,293586.956239,29802.45614488991,88.496357,66.86733066666666,19.754072124479883,0.3199933654890218,8,64,,False,False,Request timeout: 300.0s exceeded,449,21.16838264042747
443,2026-09-14T02:28:53.589+00:00,2026-09-14T02:33:47.288+00:00,2026-09-14T02:33:53.654+00:00,False,101,100.0,,100.0,293699.030925,300065.614477,300065.6144,2970.946677227723,0.03735,293699.030925,29217.8173422673,86.011898,63.66583552,19.55684517116204,0.33326044430080803,8,64,,False,False,Request timeout: 300.0s exceeded,410,21.16838264042747
444,2026-09-14T02:28:56.584+00:00,2026-09-14T02:33:50.365+00:00,2026-09-14T02:33:56.611+00:00,False,95,94.0,,94.0,293780.881065,300026.879657,300026.879605,3158.177680052632,0.02605,293780.881065,30134.47147109989,88.2363264,66.44679353191489,19.660524835238334,0.3133052615401117,8,64,,False,False,Request timeout: 300.0s exceeded,406,21.16838264042747
445,2026-09-14T02:29:00.351+00:00,2026-09-14T02:33:53.918+00:00,2026-09-14T02:34:00.358+00:00,False,96,95.0,,95.0,293566.323402,300006.061002,300006.061041,3125.06313584375,0.024059999999999998,293566.323402,29955.075572502537,89.15010000000001,67.78671157894736,20.002712485948344,0.3166602690715861,8,64,,False,False,Request timeout: 300.0s exceeded,461,21.16838264042747
446,2026-09-14T02:29:03.098+00:00,2026-09-14T02:33:56.566+00:00,2026-09-14T02:34:03.118+00:00,False,97,96.0,,96.0,293467.812721,300020.343153,300020.343294,3092.9932298350514,0.04126,293467.812721,29790.217664483946,88.18555599999999,68.25552533333332,19.226257213660304,0.3199783021081451,8,64,,False,False,Request timeout: 300.0s exceeded,453,21.16838264042747
447,2026-09-14T02:29:06.950+00:00,2026-09-14T02:34:00.610+00:00,2026-09-14T02:34:07.010+00:00,False,101,100.0,,100.0,293660.05249800003,300059.586322,300059.58636500005,2970.8869937128716,0.0,293660.05249800003,29213.9739211974,86.15678800000002,63.99533824,66.23922480130352,0.33326713945638775,8,64,,False,False,Request timeout: 300.0s exceeded,443,21.16838264042747
448,2026-09-14T02:29:09.966+00:00,2026-09-14T02:34:03.984+00:00,2026-09-14T02:34:09.974+00:00,False,91,90.0,,90.0,294017.899875,300008.109155,300008.109235,3296.792409175824,0.0,294017.899875,30814.551813364884,90.56518,66.55788088888889,69.88158939227597,0.2999918910641887,8,64,,False,False,Request timeout: 300.0s exceeded,557,21.16838264042747
449,2026-09-14T02:29:13.651+00:00,2026-09-14T02:34:07.433+00:00,2026-09-14T02:34:13.665+00:00,False,84,83.0,,83.0,293781.999407,300014.331183,300014.331245,3571.5991814880954,0.02069,293781.999407,32046.056879675307,90.8807928,75.08833465060242,19.126147801516645,0.2766534507625651,8,64,,False,False,Request timeout: 300.0s exceeded,419,21.16838264042747
450,2026-09-14T02:29:17.532+00:00,2026-09-14T02:34:11.196+00:00,2026-09-14T02:34:17.592+00:00,False,92,91.0,,91.0,293664.181979,300059.840987,300059.84080299997,3261.5200087282606,0.037090000000000005,293664.181979,30609.286565480703,89.86716899999999,70.28196712087912,20.134558783597306,0.3032728395131775,8,64,,False,False,Request timeout: 300.0s exceeded,385,21.16838264042747
451,2026-09-14T02:29:21.323+00:00,2026-09-14T02:34:15.015+00:00,2026-09-14T02:34:21.345+00:00,False,94,93.0,,93.0,293691.75997500005,300021.924967,300021.92494600004,3191.722605808511,0.021929999999999998,293691.75997500005,30284.978031329123,88.0130788,68.06629023655914,19.832796684822664,0.30997734585640446,8,64,,False,False,Request timeout: 300.0s exceeded,617,21.16838264042747
452,2026-09-14T02:29:24.695+00:00,2026-09-14T02:34:18.443+00:00,2026-09-14T02:34:24.765+00:00,False,93,92.0,,92.0,293748.076227,300069.867459,300069.867357,3226.557713516129,0.039850000000000003,293748.076227,30453.1376903862,89.473909,68.71512208695651,20.113101454304505,0.3065952632267231,8,64,,False,False,Request timeout: 300.0s exceeded,419,21.16838264042747
453,2026-09-14T02:29:28.039+00:00,2026-09-14T02:34:21.837+00:00,2026-09-14T02:34:28.098+00:00,False,90,89.0,,89.0,293798.111685,300059.079877,300059.079823,3333.989775811111,0.02057,293798.111685,30961.631664589684,90.45560945000001,70.34795721348314,20.66313874310734,0.29660825473597674,8,64,,False,False,Request timeout: 300.0s exceeded,487,21.16838264042747
454,2026-09-14T02:29:31.532+00:00,2026-09-14T02:34:25.455+00:00,2026-09-14T02:34:31.629+00:00,False,90,89.0,,89.0,293922.55675499997,300096.61934699997,300096.61943699996,3334.4068826333328,0.024609000000000002,293922.55675499997,30974.851914128038,90.48769795,69.37148979775282,20.14382216520786,0.2965711516299683,8,64,,False,False,Request timeout: 300.0s exceeded,283,21.16838264042747
455,2026-09-14T02:29:35.447+00:00,2026-09-14T02:34:29.112+00:00,2026-09-14T02:34:35.459+00:00,False,96,95.0,,95.0,293665.101862,300012.38199,300012.38215900003,3125.1289808229167,0.02445,293665.101862,29965.25651617267,88.23470375000001,66.81347503157895,20.1251877663447,0.316653597327748,8,64,,False,False,Request timeout: 300.0s exceeded,440,21.16838264042747
456,2026-09-14T02:29:39.054+00:00,2026-09-14T02:34:32.845+00:00,2026-09-14T02:34:39.086+00:00,False,92,91.0,,91.0,293791.598969,300032.185977,300032.185993,3261.2194129673912,0.02231,293791.598969,30622.748263069225,88.34430349999998,68.57787920879122,19.976691176091812,0.30330079322548387,8,64,,False,False,Request timeout: 300.0s exceeded,455,21.16838264042747
457,2026-09-14T02:29:41.432+00:00,2026-09-14T02:34:35.245+00:00,2026-09-14T02:34:41.491+00:00,False,89,88.0,,88.0,293813.210495,300058.786687,300058.786647,3371.447040977528,0.038079999999999996,293813.210495,31136.621038824953,89.6194208,70.97245672727273,19.56951810520181,0.29327586427854,8,64,,False,False,Request timeout: 300.0s exceeded,380,21.16838264042747
458,2026-09-14T02:29:44.731+00:00,2026-09-14T02:34:38.789+00:00,2026-09-14T02:34:44.738+00:00,False,88,87.0,,87.0,294057.812492,300007.181836,300007.181879,3409.1725213522727,0.02197,294057.812492,31339.38450771574,88.7481777,68.38355567816092,19.638911064994318,0.28999305772472755,8,64,,False,False,Request timeout: 300.0s exceeded,461,21.16838264042747
459,2026-09-14T02:29:47.271+00:00,2026-09-14T02:34:40.383+00:00,2026-09-14T02:34:47.345+00:00,False,105,104.0,,104.0,293112.31701999996,300073.51970799995,300073.51963099994,2857.8430441047617,0.03674,293112.31701999996,28598.307688203073,87.942867,66.93464123076923,19.647326271281706,0.3465817313743708,8,64,,False,False,Request timeout: 300.0s exceeded,483,21.16838264042747
460,2026-09-14T02:29:51.126+00:00,2026-09-14T02:34:45.116+00:00,2026-09-14T02:34:51.157+00:00,False,93,92.0,,92.0,293989.98538200004,300030.74467800005,300030.74459500005,3226.1370386559142,0.027030000000000002,293989.98538200004,30478.538996754178,87.2803796,65.66042713043478,19.716885578434404,0.30663524199407144,8,64,,False,False,Request timeout: 300.0s exceeded,395,21.16838264042747
461,2026-09-14T02:29:54.092+00:00,2026-09-14T02:34:48.227+00:00,2026-09-14T02:34:54.148+00:00,False,90,89.0,,89.0,294135.515887,300055.775983,300055.77586500003,3333.953065166667,0.042,294135.515887,30997.600245090605,87.52933845000001,66.51977635955056,19.948282782385014,0.29661152066955176,8,64,,True,False,Request timeout: 300.0s exceeded,405,21.16838264042747
462,2026-09-14T02:29:58.177+00:00,2026-09-14T02:34:52.056+00:00,2026-09-14T02:34:58.207+00:00,False,91,90.0,,90.0,293878.232524,300029.386956,300029.386976,3297.0262305054944,0.01808,293878.232524,30799.651416046854,88.14748949999999,68.34616035555555,20.184830700822328,0.299970615922362,8,64,,True,False,Request timeout: 300.0s exceeded,405,21.16838264042747
463,2026-09-14T02:30:01.463+00:00,2026-09-14T02:34:55.084+00:00,2026-09-14T02:35:01.516+00:00,False,100,99.0,,99.0,293620.92665,300052.55570599996,300052.55582999997,3000.5255583,0.02486,293620.92665,29355.60305568529,88.85417795000001,64.96595006060606,20.355115208114643,0.3299421988493343,8,64,,True,False,Request timeout: 300.0s exceeded,437,21.16838264042747
464,2026-09-14T02:30:05.282+00:00,2026-09-14T02:34:59.068+00:00,2026-09-14T02:35:05.317+00:00,False,95,94.0,,94.0,293785.921246,300034.866654,300034.866791,3158.2617556947366,0.04014,293785.921246,30134.98591737828,89.80586869999999,66.47814263829787,20.49680708476416,0.31329692128215464,8,64,,True,False,Request timeout: 300.0s exceeded,514,21.16838264042747
465,2026-09-14T02:30:09.514+00:00,2026-09-14T02:35:03.389+00:00,2026-09-14T02:35:09.526+00:00,False,91,90.0,,90.0,293874.840872,300011.87920799997,300011.87931399996,3296.833838615384,0.019129999999999998,293874.840872,30799.312451556776,88.56919800000001,68.18931484444444,20.39270072812057,0.2999881212623667,8,64,,True,False,Request timeout: 300.0s exceeded,265,21.16838264042747
466,2026-09-14T02:30:13.165+00:00,2026-09-14T02:35:06.637+00:00,2026-09-14T02:35:13.181+00:00,False,99,98.0,,98.0,293471.387728,300016.127312,300016.127269,3030.465932010101,0.01939,293471.387728,29488.279423229887,87.82759979999999,66.78305697959183,20.621161048844915,0.3266491067598025,8,64,,True,False,Request timeout: 300.0s exceeded,405,21.16838264042747
467,2026-09-14T02:30:16.615+00:00,2026-09-14T02:35:10.261+00:00,2026-09-14T02:35:16.638+00:00,False,96,95.0,,95.0,293645.700594,300023.44165,300023.441577,3125.24418309375,0.05143,293645.700594,29963.243805072558,90.10443475,67.13411637894737,20.345388957946284,0.3166419246360912,8,64,,True,False,Request timeout: 300.0s exceeded,374,21.16838264042747
468,2026-09-14T02:30:20.656+00:00,2026-09-14T02:35:14.381+00:00,2026-09-14T02:35:20.688+00:00,False,91,90.0,,90.0,293725.1778,300032.89236,300032.892261,3297.064750120879,0.038810000000000004,293725.1778,30783.424504733157,88.88645250000002,70.08571733333333,20.084138416463148,0.2999671112459625,8,64,,True,False,Request timeout: 300.0s exceeded,444,21.16838264042747
469,2026-09-14T02:30:23.593+00:00,2026-09-14T02:35:17.108+00:00,2026-09-14T02:35:23.600+00:00,False,93,92.0,,92.0,293515.342326,300007.343094,300007.34317899996,3225.8854105268815,0.02027,293515.342326,30428.811944345878,89.0774006,70.56522573913044,19.29665489551667,0.3066591605765264,8,64,,True,False,Request timeout: 300.0s exceeded,438,21.16838264042747
470,2026-09-14T02:30:25.965+00:00,2026-09-14T02:35:20.060+00:00,2026-09-14T02:35:26.052+00:00,False,84,83.0,,83.0,294094.929585,300087.184049,300087.184003,3572.46647622619,0.01959,294094.929585,32080.517206068973,89.32742779999998,72.19583691566265,21.147169053914983,0.2765862869586836,8,64,,True,False,Request timeout: 300.0s exceeded,397,21.16838264042747
471,2026-09-14T02:30:29.276+00:00,2026-09-14T02:35:22.971+00:00,2026-09-14T02:35:29.311+00:00,False,95,94.0,,94.0,293694.31754400005,300034.70436000003,300034.70441700006,3158.2600464947373,0.07781999999999999,293694.31754400005,30125.489002566388,89.50531480000001,67.45092357446809,22.24868380166392,0.31329709074991885,8,64,,True,False,Request timeout: 300.0s exceeded,465,21.16838264042747
472,2026-09-14T02:30:32.722+00:00,2026-09-14T02:35:26.681+00:00,2026-09-14T02:35:32.764+00:00,False,89,88.0,,88.0,293958.95120999997,300042.67933799996,300042.679244,3371.266058921348,0.02541,293958.95120999997,31152.26439379571,87.7528524,69.13327418181818,19.440443058295205,0.29329160836104734,8,64,,True,False,Request timeout: 300.0s exceeded,386,21.16838264042747
473,2026-09-14T02:30:36.352+00:00,2026-09-14T02:35:29.945+00:00,2026-09-14T02:35:36.389+00:00,False,93,92.0,,92.0,293592.922718,300037.40707,300037.40691900003,3226.2086765483873,0.02199,293592.922718,30436.909990804925,87.2024408,70.04874295652174,18.941198759351156,0.3066284330957973,8,64,,True,False,Request timeout: 300.0s exceeded,346,21.16838264042747
474,2026-09-14T02:30:39.989+00:00,2026-09-14T02:35:33.589+00:00,2026-09-14T02:35:40.081+00:00,False,95,94.0,,94.0,293599.754256,300091.632144,300091.632169,3158.8592859894734,0.02043,293599.754256,30115.619351595462,86.4087737,69.06253072340427,18.81249921121819,0.31323765787275865,8,64,,True,False,Request timeout: 300.0s exceeded,426,21.16838264042747
475,2026-09-14T02:30:43.351+00:00,2026-09-14T02:35:36.853+00:00,2026-09-14T02:35:43.404+00:00,False,98,97.0,,97.0,293501.416597,300053.04155699996,300053.041394,3061.7657285102036,0.02133,293501.416597,29641.304417048912,88.729938,67.54252536082475,20.42082312839228,0.32327617642753764,8,64,,True,False,Request timeout: 300.0s exceeded,462,21.16838264042747
476,2026-09-14T02:30:46.172+00:00,2026-09-14T02:35:39.856+00:00,2026-09-14T02:35:46.183+00:00,False,94,93.0,,93.0,293683.42382599995,300010.97224199993,300010.97229599993,3191.606088255319,0.037079999999999995,293683.42382599995,30284.121770850546,90.24184615,68.03815501075269,20.80553996351809,0.3099886624312619,8,64,,True,False,Request timeout: 300.0s exceeded,471,21.16838264042747
477,2026-09-14T02:30:49.963+00:00,2026-09-14T02:35:43.567+00:00,2026-09-14T02:35:49.971+00:00,False,93,92.0,,92.0,293603.42879900004,300007.885247,300007.88513600006,3225.891238021506,0.02106,293603.42879900004,30438.045597519835,90.12384,69.61365704347827,20.592616309884036,0.3066586064038127,8,64,,True,False,Request timeout: 300.0s exceeded,491,21.16838264042747
478,2026-09-14T02:30:52.810+00:00,2026-09-14T02:35:46.186+00:00,2026-09-14T02:35:52.900+00:00,False,98,97.0,,97.0,293375.68650300003,300089.29623100004,300089.29624800006,3062.1356760000003,0.0215,293375.68650300003,29628.434610772747,90.2194647,69.21247142268041,19.732434455274433,0.32323712047807335,8,64,,True,False,Request timeout: 300.0s exceeded,434,21.16838264042747
479,2026-09-14T02:30:56.666+00:00,2026-09-14T02:35:50.697+00:00,2026-09-14T02:35:56.693+00:00,False,87,86.0,,86.0,294030.97011500003,300026.80729900004,300026.80719500006,3448.583990747127,0.023100000000000002,294030.97011500003,31515.959607361285,87.87954830000001,69.71903702325581,18.563396940263612,0.28664105309194693,8,64,,True,False,Request timeout: 300.0s exceeded,379,21.16838264042747
480,2026-09-14T02:30:58.985+00:00,2026-09-14T02:35:52.505+00:00,2026-09-14T02:35:59.008+00:00,False,98,97.0,,97.0,293519.811185,300022.447473,300022.447487,3061.453545785714,0.03792,293519.811185,29643.21331657376,88.8046017,67.03748750515464,20.05023628171817,0.32330914175589925,8,64,,True,False,Request timeout: 300.0s exceeded,318,21.16838264042747
481,2026-09-14T02:31:02.263+00:00,2026-09-14T02:35:55.849+00:00,2026-09-14T02:36:02.344+00:00,False,97,96.0,,96.0,293586.18354,300081.0021,300081.001968,3093.6185769896906,0.02025,293586.18354,29802.298364333918,89.797297,67.65436,20.627644295828116,0.31991362108291227,8,64,,True,False,Request timeout: 300.0s exceeded,214,21.16838264042747
482,2026-09-14T02:31:06.092+00:00,2026-09-14T02:36:00.131+00:00,2026-09-14T02:36:06.171+00:00,False,87,86.0,,86.0,294039.123449,300078.627065,300078.627158,3449.1796225057474,0.03546,294039.123449,31516.780609110356,90.91774799999999,70.22678623255814,20.690769647182908,0.28659155382423,8,64,,True,False,Request timeout: 300.0s exceeded,329,21.16838264042747
483,2026-09-14T02:31:08.430+00:00,2026-09-14T02:36:02.339+00:00,2026-09-14T02:36:08.491+00:00,False,88,87.0,,87.0,293909.273076,300060.88753999997,300060.887599,3409.782813625,0.02165,293909.273076,31323.302462012227,89.70615985,70.70821222988506,19.824194712581605,0.2899411539879631,8,64,,True,False,Request timeout: 300.0s exceeded,421,21.16838264042747
484,2026-09-14T02:31:12.185+00:00,2026-09-14T02:36:06.170+00:00,2026-09-14T02:36:12.196+00:00,False,88,87.0,,87.0,293985.05967299995,300011.31170499994,300011.31186799996,3409.219453045454,0.02253,293985.05967299995,31331.53439089602,87.68025234999999,69.26726473563218,18.918921907019453,0.2899890657641162,8,64,,True,False,Request timeout: 300.0s exceeded,364,21.16838264042747
485,2026-09-14T02:31:15.298+00:00,2026-09-14T02:36:09.182+00:00,2026-09-14T02:36:15.353+00:00,False,91,90.0,,90.0,293883.835939,300054.056227,300054.056181,3297.29732067033,0.02143,293883.835939,30800.21623854704,86.9851815,68.5580032,19.609107993455062,0.29994595351149744,8,64,,True,False,Request timeout: 300.0s exceeded,358,21.16838264042747
486,2026-09-14T02:31:18.371+00:00,2026-09-14T02:36:12.038+00:00,2026-09-14T02:36:18.421+00:00,False,92,91.0,,91.0,293667.209939,300050.564819,300050.56472100003,3261.4191817500005,0.04453,293667.209939,30609.615567964334,88.10438615,70.14675692307692,18.896534928595823,0.3032822152989249,8,64,,True,False,Request timeout: 300.0s exceeded,267,21.16838264042747
487,2026-09-14T02:31:22.461+00:00,2026-09-14T02:36:16.478+00:00,2026-09-14T02:36:22.517+00:00,False,89,88.0,,88.0,294017.583495,300056.84851900005,300056.84872300003,3371.425266550562,0.02561,294017.583495,31158.53317988687,87.42622000000001,68.62801163636364,19.794147144760043,0.29327775864588446,8,64,,True,False,Request timeout: 300.0s exceeded,398,21.16838264042747
488,2026-09-14T02:31:26.417+00:00,2026-09-14T02:36:19.916+00:00,2026-09-14T02:36:26.450+00:00,False,99,98.0,,98.0,293499.058833,300032.86926500004,300032.86918700003,3030.6350422929295,0.02196,293499.058833,29491.071566532984,89.1650788,66.67153502040816,20.454168198126666,0.326630879610203,8,64,,True,False,Request timeout: 300.0s exceeded,496,21.16838264042747
489,2026-09-14T02:31:29.230+00:00,2026-09-14T02:36:23.307+00:00,2026-09-14T02:36:29.289+00:00,False,86,85.0,,85.0,294076.467008,300058.28384,300058.283698,3489.0498104418607,0.02186,294076.467008,31703.49846062439,88.96305225,70.37431567058825,19.85911829623501,0.28327829817664535,8,64,,True,False,Request timeout: 300.0s exceeded,268,21.16838264042747
490,2026-09-14T02:31:32.996+00:00,2026-09-14T02:36:26.787+00:00,2026-09-14T02:36:33.011+00:00,False,87,86.0,,86.0,293790.541995,300014.493867,300014.493836,3448.442457885057,0.02334,293790.541995,31489.89854049606,88.04576959999999,72.37153339534883,18.401931880988204,0.2866528176406198,8,64,,True,False,Request timeout: 300.0s exceeded,353,21.16838264042747
491,2026-09-14T02:31:35.668+00:00,2026-09-14T02:36:29.416+00:00,2026-09-14T02:36:35.736+00:00,False,90,89.0,,89.0,293747.62479000003,300067.926358,300067.92620700004,3334.088068966667,0.03764,293747.62479000003,30956.239015977564,87.50342905000001,71.01462435955057,19.74735109342028,0.2965995102516134,8,64,,True,False,Request timeout: 300.0s exceeded,426,21.16838264042747
492,2026-09-14T02:31:39.458+00:00,2026-09-14T02:36:33.521+00:00,2026-09-14T02:36:39.499+00:00,False,88,87.0,,87.0,294062.706181,300041.138693,300041.13861799997,3409.5583933863636,0.032170000000000004,294062.706181,31339.87175040514,88.455233,68.71761508045978,21.466141813128402,0.2899602380492823,8,64,,True,False,Request timeout: 300.0s exceeded,464,21.16838264042747
493,2026-09-14T02:31:41.925+00:00,2026-09-14T02:36:35.391+00:00,2026-09-14T02:36:41.968+00:00,False,98,97.0,,97.0,293466.120223,300042.309151,300042.309058,3061.656214877551,0.037770000000000005,293466.120223,29637.71368807291,89.86643099999999,67.79576214432988,20.889458563104167,0.3232877399006537,8,64,,True,False,Request timeout: 300.0s exceeded,443,21.16838264042747
494,2026-09-14T02:31:46.073+00:00,2026-09-14T02:36:39.715+00:00,2026-09-14T02:36:46.118+00:00,False,92,91.0,,91.0,293642.09770499996,300045.867049,300045.86703399994,3261.368119934782,0.023,293642.09770499996,30606.97521202441,90.2688601,70.3710916923077,20.714667152732034,0.30328696373991026,8,64,,True,False,Request timeout: 300.0s exceeded,439,21.16838264042747
495,2026-09-14T02:31:48.426+00:00,2026-09-14T02:36:42.235+00:00,2026-09-14T02:36:48.502+00:00,False,89,88.0,,88.0,293809.104214,300075.832406,300075.832613,3371.6385686853932,0.03467,293809.104214,31136.16100128739,90.8316722,71.21282036363635,20.674635739706403,0.29325920482972034,8,64,,True,False,Request timeout: 300.0s exceeded,439,21.16838264042747
496,2026-09-14T02:31:50.955+00:00,2026-09-14T02:36:44.840+00:00,2026-09-14T02:36:50.966+00:00,False,92,91.0,,91.0,293885.436607,300011.42035100004,300011.420492,3260.9937010000003,0.0358,293885.436607,30632.66311488049,88.8789615,67.31850268131869,20.443978252942603,0.3033217865291063,8,64,,True,False,Request timeout: 300.0s exceeded,530,21.16838264042747
497,2026-09-14T02:31:53.717+00:00,2026-09-14T02:36:47.815+00:00,2026-09-14T02:36:53.798+00:00,False,89,88.0,,88.0,294098.67383,300081.291942,300081.29187799996,3371.699908741573,0.02275,294098.67383,31167.19723065147,88.27573540000002,67.98429672727273,20.204317706360523,0.29325386941152176,8,64,,True,False,Request timeout: 300.0s exceeded,287,21.16838264042747
498,2026-09-14T02:31:56.457+00:00,2026-09-14T02:36:50.196+00:00,2026-09-14T02:36:56.465+00:00,False,89,88.0,,88.0,293739.09975199995,300008.26045599993,300008.26027599996,3370.8793289438195,0.02409,293739.09975199995,31128.736565918854,87.79554639999998,71.24046254545455,19.009617257991874,0.2933252566654122,8,64,,True,False,Request timeout: 300.0s exceeded,351,21.16838264042747
499,2026-09-14T02:31:59.439+00:00,2026-09-14T02:36:53.069+00:00,2026-09-14T02:36:59.484+00:00,False,91,90.0,,90.0,293630.337104,300045.35150399996,300045.35137999995,3297.201663516483,0.0206,293630.337104,30773.357188764694,90.3380745,71.27793777777778,19.56116609328169,0.2999546553508269,8,64,,True,False,Request timeout: 300.0s exceeded,493,21.16838264042747
500,2026-09-14T02:32:05.560+00:00,2026-09-14T02:36:56.681+00:00,2026-09-14T02:37:05.679+00:00,False,135,134.0,,134.0,291120.190418,300118.43502599996,300118.43481199996,2223.099517125926,0.0292,291120.190418,25049.86508593564,89.26672669999999,67.1510791641791,19.944856437824303,0.4464903996596919,8,64,,True,False,Request timeout: 300.0s exceeded,433,21.16838264042747
501,2026-09-14T02:32:06.680+00:00,2026-09-14T02:37:00.466+00:00,2026-09-14T02:37:06.688+00:00,False,101,100.0,,100.0,293786.448134,300008.08935,300008.089346,2970.377122237624,0.023219999999999998,293786.448134,29226.660302702003,88.356214,62.21641216,20.1546108551249,0.3333243454090215,8,64,,True,False,Request timeout: 300.0s exceeded,234,21.16838264042747
502,2026-09-14T02:32:09.951+00:00,2026-09-14T02:37:03.536+00:00,2026-09-14T02:37:09.984+00:00,False,107,106.0,,106.0,293585.130702,300033.279438,300033.279316,2804.049339401869,0.0,293585.130702,28376.07857211983,90.0038986,60.8315918490566,27.846894735779852,0.35329414189836306,8,64,,True,False,Request timeout: 300.0s exceeded,451,21.16838264042747
503,2026-09-14T02:32:12.606+00:00,2026-09-14T02:37:07.184+00:00,2026-09-14T02:37:12.622+00:00,False,84,83.0,,83.0,294577.83632,300016.185888,300016.185984,3571.6212617142855,0.0,294577.83632,32133.935459177916,88.76023079999999,65.52228395180722,22.1625200551033,0.2766517404863783,8,64,,True,False,Request timeout: 300.0s exceeded,400,21.16838264042747
504,2026-09-14T02:32:16.658+00:00,2026-09-14T02:37:10.418+00:00,2026-09-14T02:37:16.732+00:00,False,96,95.0,,95.0,293760.343499,300074.266315,300074.266305,3125.77360734375,0.028140000000000002,293760.343499,29975.013380258686,89.05139175000001,66.46234543157895,20.82091675210301,0.31658829384681286,8,64,,True,False,Request timeout: 300.0s exceeded,173,21.16838264042747
505,2026-09-14T02:32:20.318+00:00,2026-09-14T02:37:13.953+00:00,2026-09-14T02:37:20.334+00:00,False,99,98.0,,98.0,293634.831427,300016.487747,300016.487771,3030.4695734444444,0.024349,293634.831427,29504.873058426416,89.5779991,65.11894204081634,20.152732993995865,0.32664871432880094,8,64,,True,False,Request timeout: 300.0s exceeded,365,21.16838264042747
506,2026-09-14T02:32:23.694+00:00,2026-09-14T02:37:17.765+00:00,2026-09-14T02:37:23.742+00:00,False,91,90.0,,90.0,294071.680228,300048.44234,300048.442437,3297.235631175824,0.03929,294071.680228,30820.133443661358,89.22719649999999,66.4084679111111,20.303724763845757,0.2999515654809381,8,64,,True,False,Request timeout: 300.0s exceeded,462,21.16838264042747
507,2026-09-14T02:32:27.148+00:00,2026-09-14T02:37:20.723+00:00,2026-09-14T02:37:27.177+00:00,False,99,98.0,,98.0,293574.584221,300028.34012500005,300028.34013200004,3030.5892942626265,0.02435,293574.584221,29498.74432025159,88.8389828,65.85465208163265,20.554040018621716,0.3266358103343521,8,64,,True,False,Request timeout: 300.0s exceeded,416,21.16838264042747
508,2026-09-14T02:32:29.631+00:00,2026-09-14T02:37:22.909+00:00,2026-09-14T02:37:29.678+00:00,False,100,99.0,,99.0,293278.67932700005,300047.11017500004,300047.11004700005,3000.4711004700007,0.02171,293278.67932700005,29321.03785046108,87.90784195,68.36798836363636,19.94709349145581,0.3299481869439071,8,64,,True,False,Request timeout: 300.0s exceeded,372,21.16838264042747
509,2026-09-14T02:32:31.956+00:00,2026-09-14T02:37:25.524+00:00,2026-09-14T02:37:31.995+00:00,False,94,93.0,,93.0,293568.633398,300039.070006,300039.07005499996,3191.9050005851063,0.0419,293568.633398,30272.122765455442,87.8272903,69.57458718279571,19.579990488323176,0.3099596329176072,8,64,,True,False,Request timeout: 300.0s exceeded,442,21.16838264042747
510,2026-09-14T02:32:35.112+00:00,2026-09-14T02:37:28.532+00:00,2026-09-14T02:37:35.166+00:00,False,96,95.0,,95.0,293419.693682,300053.330546,300053.33075799997,3125.5555287291663,0.04352,293419.693682,29939.90112278498,87.65821075,69.8277564631579,18.743063008239503,0.3166103833179613,8,64,,True,False,Request timeout: 300.0s exceeded,309,21.16838264042747
511,2026-09-14T02:32:37.452+00:00,2026-09-14T02:37:31.134+00:00,2026-09-14T02:37:37.544+00:00,False,94,93.0,,93.0,293681.411181,300091.824237,300091.82410800003,3192.4662139148936,0.036899,293681.411181,30283.820702607278,87.06974515,68.92917264516129,18.33627074345051,0.30990514398870284,8,64,,True,False,Request timeout: 300.0s exceeded,323,21.16838264042747
512,2026-09-14T02:32:41.449+00:00,2026-09-14T02:37:35.166+00:00,2026-09-14T02:37:41.527+00:00,False,96,95.0,,95.0,293717.278767,300078.82526300004,300078.825275,3125.8210966145834,0.03807,293717.278767,29970.56629984465,88.01801425,66.9636473263158,19.865417902529067,0.31658348407868675,8,64,,True,False,Request timeout: 300.0s exceeded,582,21.16838264042747
513,2026-09-14T02:32:43.894+00:00,2026-09-14T02:37:37.244+00:00,2026-09-14T02:37:43.938+00:00,False,97,96.0,,96.0,293350.048253,300044.429821,300044.429997,3093.241546360825,0.02101,293350.048253,29778.110642016873,89.04139660000001,69.73314133333332,19.4972272289397,0.31995261520859264,8,64,,True,False,Request timeout: 300.0s exceeded,482,21.16838264042747
514,2026-09-14T02:32:47.203+00:00,2026-09-14T02:37:40.716+00:00,2026-09-14T02:37:47.288+00:00,False,94,93.0,,93.0,293513.01085900003,300085.14705100004,300085.146888,3192.3951796595748,0.02643,293513.01085900003,30266.27231061572,87.63409465,70.66813109677419,18.554631568316037,0.309912039679173,8,64,,True,False,Request timeout: 300.0s exceeded,413,21.16838264042747
515,2026-09-14T02:32:50.034+00:00,2026-09-14T02:37:43.594+00:00,2026-09-14T02:37:50.077+00:00,False,96,95.0,,95.0,293560.19305,300043.178522,300043.178485,3125.449775885417,0.03692,293560.19305,29954.40291628437,87.22051074999999,68.2419523368421,19.203980410471438,0.31662109589681725,8,64,,True,False,Request timeout: 300.0s exceeded,452,21.16838264042747
516,2026-09-14T02:32:54.270+00:00,2026-09-14T02:37:47.954+00:00,2026-09-14T02:37:54.339+00:00,False,95,94.0,,94.0,293684.054065,300069.25137699995,300069.251358,3158.623698505263,0.02698,293684.054065,30124.38591909304,89.32679809999999,67.9276309787234,20.594225313902555,0.31326102080982837,8,64,,True,False,Request timeout: 300.0s exceeded,294,21.16838264042747
517,2026-09-14T02:32:58.241+00:00,2026-09-14T02:37:51.523+00:00,2026-09-14T02:37:58.280+00:00,False,98,97.0,,97.0,293282.19199,300038.572662,300038.57288,3061.618090612245,0.02104,293282.19199,29618.94605147119,90.4431379,69.65340898969072,20.25966254169841,0.32329176591995257,8,64,,True,False,Request timeout: 300.0s exceeded,449,21.16838264042747
518,2026-09-14T02:33:01.754+00:00,2026-09-14T02:37:55.317+00:00,2026-09-14T02:38:01.814+00:00,False,93,92.0,,92.0,293562.570256,300059.731216,300059.73104299995,3226.448720892473,0.036590000000000004,293562.570256,30433.70404707848,91.14846960000001,70.6213147826087,20.248022583238377,0.3066056202449011,8,64,,True,False,Request timeout: 300.0s exceeded,416,21.16838264042747
519,2026-09-14T02:33:05.903+00:00,2026-09-14T02:37:59.840+00:00,2026-09-14T02:38:05.956+00:00,False,89,88.0,,88.0,293937.265703,300053.515047,300053.514803,3371.387806775281,0.04075,293937.265703,31149.926770407277,89.0496458,69.50283345454545,19.775223994727877,0.2932810168419983,8,64,,True,False,Request timeout: 300.0s exceeded,201,21.16838264042747
520,2026-09-14T02:33:10.082+00:00,2026-09-14T02:38:03.761+00:00,2026-09-14T02:38:12.784+00:00,False,90,89.0,,89.0,293679.36692500004,302702.02394900005,302702.02394100005,3363.355821566667,0.02998,293679.36692500004,30947.426483663246,89.19375254999999,101.37816880898876,315.4125610170666,0.2940185164239104,8,64,,True,False,Request timeout: 300.0s exceeded,442,21.16838264042747
521,2026-09-14T02:33:13.380+00:00,2026-09-14T02:38:07.042+00:00,2026-09-14T02:38:13.453+00:00,False,106,105.0,,105.0,293661.655059,300072.893203,300072.893088,2830.8763498867925,0.01515,293661.655059,28518.49888003895,88.7081755,61.059410895238095,292.7303107479998,0.3499149785881101,8,64,,True,False,Request timeout: 300.0s exceeded,465,21.16838264042747
522,2026-09-14T02:33:17.170+00:00,2026-09-14T02:38:12.962+00:00,2026-09-14T02:38:17.209+00:00,False,66,65.0,,65.0,295791.96995099995,300038.89551899995,300038.89557799994,4546.043872393939,0.040409999999999995,295791.96995099995,36401.44131272712,89.25358175000001,65.33731643076922,26.052627656981933,0.21663857910010165,8,64,,True,False,Request timeout: 300.0s exceeded,298,21.16838264042747
523,2026-09-14T02:33:21.114+00:00,2026-09-14T02:38:14.436+00:00,2026-09-14T02:38:21.189+00:00,False,102,101.0,,101.0,293322.064373,300075.173877,300075.17403,2941.913470882353,0.03511,293322.064373,29036.598026889133,87.112324,66.86247033663366,19.16808687441069,0.336582326005415,8,64,,True,False,Request timeout: 300.0s exceeded,470,21.16838264042747
524,2026-09-14T02:33:24.137+00:00,2026-09-14T02:38:17.881+00:00,2026-09-14T02:38:24.205+00:00,False,93,92.0,,92.0,293743.221953,300067.826881,300067.826694,3226.535770903226,0.04667,293743.221953,30452.631144417024,89.48710919999999,68.74570573913044,20.097723150251518,0.30659734819383044,8,64,,True,False,Request timeout: 300.0s exceeded,390,21.16838264042747
525,2026-09-14T02:33:26.605+00:00,2026-09-14T02:38:20.772+00:00,2026-09-14T02:38:26.638+00:00,False,88,87.0,,87.0,294167.526616,300032.928216,300032.928096,3409.465092,0.022510000000000002,294167.526616,31351.183186423805,89.30090039999999,67.41840919540229,20.00836911771838,0.28996817288456717,8,64,,True,False,Request timeout: 300.0s exceeded,420,21.16838264042747
526,2026-09-14T02:33:30.310+00:00,2026-09-14T02:38:24.120+00:00,2026-09-14T02:38:30.334+00:00,False,96,95.0,,95.0,293809.98791799997,300023.99675,300023.996733,3125.2499659687496,0.02007,293809.98791799997,29980.187140922004,89.22355424999998,65.41061928421053,20.242801190135868,0.3166413387898447,8,64,,True,False,Request timeout: 300.0s exceeded,427,21.16838264042747
527,2026-09-14T02:33:33.898+00:00,2026-09-14T02:38:27.416+00:00,2026-09-14T02:38:33.946+00:00,False,99,98.0,,98.0,293518.045774,300048.125006,300048.125029,3030.7891417070705,0.022889,293518.045774,29492.983822933937,90.65376760000001,66.6334615510204,20.7018596249204,0.32661427228728834,8,64,,True,False,Request timeout: 300.0s exceeded,466,21.16838264042747
528,2026-09-14T02:33:37.545+00:00,2026-09-14T02:38:31.081+00:00,2026-09-14T02:38:37.596+00:00,False,94,93.0,,93.0,293536.266273,300051.220513,300051.22051199997,3192.0342607659572,0.03811,293536.266273,30268.73511230655,88.83687365,70.05327139784946,19.78618546623926,0.30994708117166514,8,64,,True,False,Request timeout: 300.0s exceeded,432,21.16838264042747
529,2026-09-14T02:33:41.213+00:00,2026-09-14T02:38:35.016+00:00,2026-09-14T02:38:41.286+00:00,False,91,90.0,,90.0,293802.988838,300072.86967,300072.869704,3297.5040626813184,0.034409999999999996,293802.988838,30791.62480888048,88.30621450000001,69.66534257777778,19.1730066970883,0.29992714802566445,8,64,,True,False,Request timeout: 300.0s exceeded,380,21.16838264042747
530,2026-09-14T02:33:45.219+00:00,2026-09-14T02:38:38.960+00:00,2026-09-14T02:38:45.257+00:00,False,97,96.0,,96.0,293741.006497,300037.15600099997,300037.155958,3093.1665562680414,0.02195,293741.006497,29818.22752626721,87.52188300000002,65.58489066666667,19.35156815686347,0.3199603718403465,8,64,,True,False,Request timeout: 300.0s exceeded,410,21.16838264042747
531,2026-09-14T02:33:48.240+00:00,2026-09-14T02:38:41.901+00:00,2026-09-14T02:38:48.261+00:00,False,100,99.0,,99.0,293660.848705,300020.28704100003,300020.286993,3000.20286993,0.02265,293660.848705,29359.668353176086,86.74218195000002,64.23675086868687,20.60546871593726,0.32997768576386605,8,64,,True,False,Request timeout: 300.0s exceeded,473,21.16838264042747
532,2026-09-14T02:33:50.890+00:00,2026-09-14T02:38:44.742+00:00,2026-09-14T02:38:50.918+00:00,False,95,94.0,,94.0,293851.984361,300028.117737,300028.11786500004,3158.190714368421,0.0198,293851.984361,30141.843213944747,87.44341899999999,65.70354655319149,20.338147132051173,0.31330396867135946,8,64,,True,False,Request timeout: 300.0s exceeded,431,21.16838264042747
533,2026-09-14T02:33:54.927+00:00,2026-09-14T02:38:48.600+00:00,2026-09-14T02:38:54.979+00:00,False,95,94.0,,94.0,293672.78293800005,300051.86594600003,300051.86604500003,3158.440695210527,0.028030000000000003,293672.78293800005,30123.23578186222,89.1453137,67.86258519148937,19.967156191848517,0.3132791715980099,8,64,,True,False,Request timeout: 300.0s exceeded,499,21.16838264042747
534,2026-09-14T02:33:58.190+00:00,2026-09-14T02:38:51.568+00:00,2026-09-14T02:38:58.211+00:00,False,99,98.0,,98.0,293378.090858,300021.262954,300021.262856,3030.5178066262624,0.02574,293378.090858,29478.80098299268,87.79483280000001,67.78747036734694,19.420684527595384,0.32664351531319835,8,64,,True,False,Request timeout: 300.0s exceeded,382,21.16838264042747
535,2026-09-14T02:34:01.324+00:00,2026-09-14T02:38:55.191+00:00,2026-09-14T02:39:01.375+00:00,False,92,91.0,,91.0,293866.70771600003,300050.15603600006,300050.156185,3261.4147411413046,0.042140000000000004,293866.70771600003,30630.644088036453,86.512202,67.94998153846154,19.562697836582792,0.303282628485225,8,64,,True,False,Request timeout: 300.0s exceeded,121,21.16838264042747
536,2026-09-14T02:34:04.712+00:00,2026-09-14T02:38:58.581+00:00,2026-09-14T02:39:04.724+00:00,False,89,88.0,,88.0,293868.839629,300012.520141,300012.520243,3370.927193741573,0.023620000000000002,293868.839629,31142.64057004913,89.0016066,69.81455127272727,19.75922098703998,0.2933210919285693,8,64,,True,False,Request timeout: 300.0s exceeded,360,21.16838264042747
537,2026-09-14T02:34:07.069+00:00,2026-09-14T02:39:00.579+00:00,2026-09-14T02:39:07.117+00:00,False,100,99.0,,99.0,293509.84239600005,300047.6658840001,300047.66594700003,3000.4766594700004,0.03489,293509.84239600005,29344.38714521475,89.36568295,66.03862109090909,20.03115084352086,0.32994757585707696,8,64,,True,False,Request timeout: 300.0s exceeded,615,21.16838264042747
538,2026-09-14T02:34:11.292+00:00,2026-09-14T02:39:04.900+00:00,2026-09-14T02:39:11.353+00:00,False,99,98.0,,98.0,293607.275279,300060.627727,300060.627909,3030.9154334242426,0.023100000000000002,293607.275279,29502.030552047006,88.97809589999999,65.85053518367347,20.904938619861017,0.326600663147189,8,64,,True,False,Request timeout: 300.0s exceeded,417,21.16838264042747
539,2026-09-14T02:34:14.254+00:00,2026-09-14T02:39:07.718+00:00,2026-09-14T02:39:14.336+00:00,False,99,98.0,,98.0,293464.15604000003,300081.69613600004,300081.69611500006,3031.128243585859,0.040409999999999995,293464.15604000003,29487.477438194135,88.72684910000002,67.52591934693878,19.866628827953857,0.32657773287040276,8,64,,True,False,Request timeout: 300.0s exceeded,497,21.16838264042747
540,2026-09-14T02:34:17.491+00:00,2026-09-14T02:39:11.349+00:00,2026-09-14T02:39:17.505+00:00,False,92,91.0,,91.0,293858.68078600004,300014.11656200007,300014.11664600007,3261.0230070217394,0.03984,293858.68078600004,30629.839346336856,87.70297995000001,67.64215138461539,19.60991289559888,0.30331906059225117,8,64,,True,False,Request timeout: 300.0s exceeded,415,21.16838264042747
541,2026-09-14T02:34:21.628+00:00,2026-09-14T02:39:15.615+00:00,2026-09-14T02:39:21.640+00:00,False,88,87.0,,87.0,293987.295323,300012.498523,300012.498607,3409.232938715909,0.02054,293987.295323,31331.77457048686,88.92187699999998,69.2552091954023,19.8562434839627,0.2899879185977656,8,64,,True,False,Request timeout: 300.0s exceeded,413,21.16838264042747
542,2026-09-14T02:34:25.646+00:00,2026-09-14T02:39:19.484+00:00,2026-09-14T02:39:25.688+00:00,False,93,92.0,,92.0,293837.853208,300041.89007200004,300041.890135,3226.256883172043,0.02029,293837.853208,30462.579880319754,86.901721,67.43518330434783,20.158081851005004,0.30662385168258693,8,64,,True,False,Request timeout: 300.0s exceeded,442,21.16838264042747
543,2026-09-14T02:34:28.946+00:00,2026-09-14T02:39:22.509+00:00,2026-09-14T02:39:28.981+00:00,False,97,96.0,,96.0,293563.421056,300035.612288,300035.612307,3093.150642340206,0.03351,293563.421056,29800.010673710723,88.5025248,67.41865866666667,19.970782687673434,0.3199620180682117,8,64,,True,False,Request timeout: 300.0s exceeded,476,21.16838264042747
544,2026-09-14T02:34:32.773+00:00,2026-09-14T02:39:26.506+00:00,2026-09-14T02:39:32.852+00:00,False,96,95.0,,95.0,293732.907607,300078.891863,300078.89184299996,3125.8217900312497,0.026809999999999997,293732.907607,29972.17839374081,88.92090024999999,66.79983427368421,20.26294549548323,0.3165834138156306,8,64,,True,False,Request timeout: 300.0s exceeded,447,21.16838264042747
545,2026-09-14T02:34:35.835+00:00,2026-09-14T02:39:29.326+00:00,2026-09-14T02:39:35.862+00:00,False,111,110.0,,110.0,293490.719406,300026.981806,300026.981652,2702.9457806486485,0.02186,293490.719406,27851.27316145315,87.02750100000002,59.420567272727276,19.56799802153823,0.3666336918695097,8,64,,True,False,Request timeout: 300.0s exceeded,471,21.16838264042747
546,2026-09-14T02:34:39.246+00:00,2026-09-14T02:39:32.853+00:00,2026-09-14T02:39:39.326+00:00,False,141,140.0,,140.0,293607.04198900005,300079.60851700004,300079.60861000005,2128.2241745390074,0.01893,293607.04198900005,24722.303842020527,112.628272,46.23261805714285,34.48949965571321,0.46654286404825385,8,64,,True,False,Request timeout: 300.0s exceeded,300,21.16838264042747
0,2026-09-14T02:04:40.886+00:00,2026-09-14T02:04:41.078+00:00,2026-09-14T02:04:56.882+00:00,True,282,282.0,,282.0,191.435047,15996.106279000001,15996.106171,56.72378074822695,0.02915,191.435047,22.332194714750525,94.3467395,56.24438160854092,20.867832160866328,17.62929022109681,9,64,,False,True,,563,21.16838264042747
1,2026-09-14T02:04:44.172+00:00,2026-09-14T02:04:44.348+00:00,2026-09-14T02:04:58.478+00:00,True,225,225.0,,225.0,176.765097,14306.164137,14306.164192,63.58295196444445,0.04275,176.765097,23.31065095133228,97.424962,63.07767428571428,22.09349443254707,15.727486267131733,9,64,,False,True,,791,21.16838264042747
2,2026-09-14T02:04:47.473+00:00,2026-09-14T02:04:49.432+00:00,2026-09-14T02:04:58.608+00:00,True,140,140.0,,140.0,1958.6523710000001,11134.559187,11134.559125,79.53256517857143,40.032175,1958.6523710000001,161.48766505416518,98.8518534,66.01371810071942,22.260679019371473,12.573465877612385,9,64,,False,True,,694,21.16838264042747
3,2026-09-14T02:04:51.432+00:00,2026-09-14T02:04:57.021+00:00,2026-09-14T02:05:09.479+00:00,True,191,191.0,,191.0,5589.742121,18047.607081000002,18047.607077,94.49008940837696,37.308282,5589.742121,400.29714445307656,94.6677405,65.56771031578947,21.63332343365366,10.583120473687575,9,64,,False,True,,778,21.16838264042747
4,2026-09-14T02:04:56.080+00:00,2026-09-14T02:05:04.626+00:00,2026-09-14T02:05:23.769+00:00,True,288,288.0,,288.0,8545.331122,27688.945842,27688.945889,96.14217322569445,19.980728,8545.331122,500.0928172571101,95.055083,66.70249031358885,22.05410439540275,10.401262714853772,9,64,,False,True,,1107,21.16838264042747
5,2026-09-14T02:05:02.005+00:00,2026-09-14T02:05:15.336+00:00,2026-09-14T02:05:30.506+00:00,True,224,224.0,,224.0,13330.637997,28500.507565,28500.507599,127.23440892410714,18.139072,13330.637997,886.4410150494633,95.85162215,68.02632093273543,22.93807874631316,7.8595091504644925,9,64,,False,True,,889,21.16838264042747
6,2026-09-14T02:05:05.650+00:00,2026-09-14T02:05:21.544+00:00,2026-09-14T02:05:40.191+00:00,True,284,284.0,,284.0,15893.632415999999,34540.499872,34540.499892,121.62147849295773,0.01863,15893.632415999999,939.5643288302657,94.30449764999999,65.88999101060071,26.07494815580619,8.222231903199019,9,64,,False,True,,1255,21.16838264042747
7,2026-09-14T02:05:10.880+00:00,2026-09-14T02:05:30.281+00:00,2026-09-14T02:05:47.593+00:00,True,265,265.0,,265.0,19400.994765,36713.436109,36713.436194,138.54126865660376,0.01786,19400.994765,1188.0634776284699,95.84430199999998,65.57742933333334,26.669142312788104,7.218065865947029,9,64,,False,True,,1377,21.16838264042747
8,2026-09-14T02:05:15.725+00:00,2026-09-14T02:05:39.544+00:00,2026-09-14T02:05:55.147+00:00,True,237,237.0,,237.0,23819.343684,39422.247748,39422.247575,166.3385973628692,40.466055,23819.343684,1543.0947514523564,96.72005280000002,66.11400027118644,22.035807871042493,6.011833762371493,9,64,,False,True,,921,21.16838264042747
9,2026-09-14T02:05:21.130+00:00,2026-09-14T02:05:48.501+00:00,2026-09-14T02:06:07.829+00:00,True,291,291.0,,291.0,27371.042129999998,46699.530578,46699.530440999995,160.4794860515464,37.739011,27371.042129999998,1600.7629054453078,95.83767900000002,66.64996016551724,22.031061401109827,6.231326019732823,9,64,,False,True,,1568,21.16838264042747
10,2026-09-14T02:05:26.728+00:00,2026-09-14T02:05:59.570+00:00,2026-09-14T02:06:16.965+00:00,True,261,261.0,,261.0,32842.429743,50236.964143000005,50236.964270000004,192.47879030651342,37.79814,32842.429743,2028.8721160705325,94.6609,66.90205538461538,21.912873060408806,5.195377635819334,9,64,,False,True,,962,21.16838264042747
11,2026-09-14T02:05:31.450+00:00,2026-09-14T02:06:06.924+00:00,2026-09-14T02:06:14.971+00:00,True,122,122.0,,122.0,35473.413329,43520.440017,43520.440183000006,356.7249195327869,34.618337,35473.413329,3205.664565804013,93.45122654999999,66.50435279338842,21.819760084903088,2.803280480444229,9,64,,False,True,,577,21.16838264042747
12,2026-09-14T02:05:37.303+00:00,2026-09-14T02:06:17.915+00:00,2026-09-14T02:06:31.074+00:00,True,199,199.0,,199.0,40611.333053,53770.420925,53770.420864,270.203119919598,1.336547,40611.333053,2874.2415141993984,93.9318849,66.46003975757576,23.01372588363645,3.7009195125619154,9,64,,False,True,,422,21.16838264042747
13,2026-09-14T02:05:41.251+00:00,2026-09-14T02:06:24.409+00:00,2026-09-14T02:06:35.696+00:00,True,174,174.0,,174.0,43158.427255,54444.879223,54444.879164000005,312.9016043908046,0.016300000000000002,43158.427255,3267.047339488182,95.11675895,65.23960675144508,32.54981342608535,3.1958928458141287,9,64,,False,True,,762,21.16838264042747
14,2026-09-14T02:05:47.048+00:00,2026-09-14T02:06:34.592+00:00,2026-09-14T02:06:41.559+00:00,True,105,105.0,,105.0,47543.577968000005,54510.912368000005,54510.912276,519.1515454857143,38.837618,47543.577968000005,4633.2895067716045,94.0541986,66.9936,21.47555768548114,1.9262198234942591,9,64,,False,True,,551,21.16838264042747
15,2026-09-14T02:05:50.525+00:00,2026-09-14T02:06:40.855+00:00,2026-09-14T02:06:57.921+00:00,True,258,258.0,,258.0,50330.377335,67396.283511,67396.283568,261.22590530232554,8.745101,50330.377335,3129.378053156718,94.54972899999999,66.40430418677043,22.388777188188392,3.828104259753297,9,64,,False,True,,1161,21.16838264042747
16,2026-09-14T02:05:55.002+00:00,2026-09-14T02:06:48.308+00:00,2026-09-14T02:07:07.726+00:00,True,292,292.0,,292.0,53306.133234,72724.141554,72724.141535,249.05527922945205,40.123385,53306.133234,3115.678294204284,96.05425699999999,66.72855092783506,22.05513669882602,4.015172867777073,9,64,,False,True,,1403,21.16838264042747
17,2026-09-14T02:05:59.488+00:00,2026-09-14T02:06:56.208+00:00,2026-09-14T02:07:10.663+00:00,True,215,215.0,,215.0,56720.790382,71175.567982,71175.56777,331.04915241860465,0.0,56720.790382,3863.804686545126,94.8319237,67.54568971962617,25.759457988973054,3.0206994632536355,9,64,,False,True,,1071,21.16838264042747
18,2026-09-14T02:06:04.673+00:00,2026-09-14T02:07:05.215+00:00,2026-09-14T02:07:21.431+00:00,True,243,243.0,,243.0,60541.151547,76757.552187,76757.552046,315.8746997777778,0.0,60541.151547,3879.504600476375,96.67578290000002,67.00992,25.976139692739185,3.165812263111168,9,64,,False,True,,1024,21.16838264042747
19,2026-09-14T02:06:08.824+00:00,2026-09-14T02:07:13.096+00:00,2026-09-14T02:07:32.522+00:00,True,294,294.0,,294.0,64271.916028,83697.98374,83697.983742,284.68701953061225,0.0177,64271.916028,3744.713076362353,96.06149450000001,66.30057239590444,35.27073895978536,3.5126294190465046,9,64,,False,True,,629,21.16838264042747
20,2026-09-14T02:06:13.874+00:00,2026-09-14T02:07:21.519+00:00,2026-09-14T02:07:32.110+00:00,True,161,161.0,,161.0,67645.59259700001,78236.12597300002,78236.12599300001,485.9386707639752,0.01749,67645.59259700001,5326.190369580644,95.90659699999998,66.1908336,44.818390785170855,2.0578728560200252,9,64,,False,True,,790,21.16838264042747
21,2026-09-14T02:06:17.290+00:00,2026-09-14T02:07:28.291+00:00,2026-09-14T02:07:44.166+00:00,True,247,247.0,,247.0,71001.411131,86876.381499,86876.381392,351.7262404534413,0.03201,71001.411131,4513.668825387347,94.0067007,64.53239986991869,23.95674449334873,2.8431202559103266,9,64,,False,True,,902,21.16838264042747
22,2026-09-14T02:06:21.047+00:00,2026-09-14T02:07:34.517+00:00,2026-09-14T02:07:50.246+00:00,True,244,244.0,,244.0,73470.109156,89198.5889,89198.58879800001,365.5679868770492,39.219258,73470.109156,4699.343201214668,92.8115133,64.72625409053498,20.631420941025727,2.735469282743328,9,64,,False,True,,1132,21.16838264042747
23,2026-09-14T02:06:25.299+00:00,2026-09-14T02:07:41.275+00:00,2026-09-14T02:07:54.846+00:00,True,212,212.0,,212.0,75976.25785,89546.592058,89546.59219699999,422.38958583490563,0.0,75976.25785,5213.707465257985,91.84090850000001,64.31438013270142,23.737740901092604,2.3674826157838145,9,64,,False,True,,721,21.16838264042747
24,2026-09-14T02:06:30.516+00:00,2026-09-14T02:07:50.060+00:00,2026-09-14T02:08:07.123+00:00,True,260,260.0,,260.0,79544.125922,96607.06505800001,96607.064928,371.56563433846156,0.0,79544.125922,4929.0921844063705,95.00929905,65.88007388416989,24.493119753004184,2.6913145518281065,9,64,,False,True,,1186,21.16838264042747
25,2026-09-14T02:06:36.325+00:00,2026-09-14T02:07:59.578+00:00,2026-09-14T02:08:14.437+00:00,True,229,229.0,,229.0,83253.08473100001,98111.95295500002,98111.95310700001,428.4364764497817,38.728318,83253.08473100001,5497.255980621618,96.0562554,65.17047466666666,22.011102446258626,2.3340683077120383,9,64,,False,True,,1138,21.16838264042747
26,2026-09-14T02:06:42.116+00:00,2026-09-14T02:08:10.494+00:00,2026-09-14T02:08:24.920+00:00,True,218,218.0,,218.0,88377.97613699999,102803.35495299999,102803.355019,471.57502302293574,0.0,88377.97613699999,5981.397353122318,95.3850827,66.47640007373272,47.51625235099897,2.120553362287311,9,64,,False,True,,977,21.16838264042747
27,2026-09-14T02:06:45.394+00:00,2026-09-14T02:08:16.473+00:00,2026-09-14T02:08:32.708+00:00,True,244,244.0,,244.0,91079.862307,107314.74768300001,107314.747831,439.81454029098364,0.0154,91079.862307,5826.683412608543,96.47972485,66.81022788477367,44.57478964475392,2.273685632852237,9,64,,False,True,,1318,21.16838264042747
28,2026-09-14T02:06:50.194+00:00,2026-09-14T02:08:25.327+00:00,2026-09-14T02:08:36.996+00:00,True,176,176.0,,176.0,95133.163457,106802.333377,106802.333421,606.8314398920455,0.0,95133.163457,7165.950253895192,96.79711075000002,66.68097097142858,25.33057854087524,1.6479040713346607,9,64,,False,True,,832,21.16838264042747
29,2026-09-14T02:06:54.911+00:00,2026-09-14T02:08:33.967+00:00,2026-09-14T02:08:42.251+00:00,True,122,122.0,,122.0,99055.669485,107340.080109,107340.08015600001,879.836722590164,0.0,99055.669485,8961.917130138534,94.28513450000003,68.46620350413222,25.800726250883173,1.1365745197517403,9,64,,False,True,,609,21.16838264042747
30,2026-09-14T02:06:58.198+00:00,2026-09-14T02:08:39.654+00:00,2026-09-14T02:08:49.361+00:00,True,148,148.0,,148.0,101455.27532799999,111162.26054399999,111162.26054499998,751.0963550337837,40.187464999999996,101455.27532799999,8334.175208919929,95.28603670000001,66.03391303401361,22.773339322160645,1.3313871027426523,9,64,,False,True,,684,21.16838264042747
31,2026-09-14T02:07:01.840+00:00,2026-09-14T02:08:46.602+00:00,2026-09-14T02:09:00.925+00:00,True,217,217.0,,217.0,104761.289189,119084.38730100001,119084.387353,548.7759785852535,0.0,104761.289189,7107.21052747077,95.2433088,66.31063940740741,27.324492059607472,1.8222371959768882,9,64,,False,True,,979,21.16838264042747
32,2026-09-14T02:07:05.734+00:00,2026-09-14T02:08:53.278+00:00,2026-09-14T02:09:01.623+00:00,True,129,129.0,,129.0,107544.535379,115889.45928299999,115889.459395,898.3679022868216,0.0,107544.535379,9463.079048954056,94.0765074,65.194718,31.11658470017426,1.113129708241923,9,64,,False,True,,588,21.16838264042747
33,2026-09-14T02:07:10.719+00:00,2026-09-14T02:09:02.317+00:00,2026-09-14T02:09:13.373+00:00,True,170,170.0,,170.0,111598.783391,122654.837151,122654.837021,721.4990413,34.641436,111598.783391,8554.246581511741,96.425265,65.42043644970414,22.00443376674233,1.386003226197378,9,64,,False,True,,779,21.16838264042747
34,2026-09-14T02:07:14.495+00:00,2026-09-14T02:09:09.486+00:00,2026-09-14T02:09:23.050+00:00,True,202,202.0,,202.0,114990.287484,128554.217084,128554.217097,636.4070153316832,0.0,114990.287484,8086.170539819596,98.54770355,67.4822368159204,61.16449952408814,1.5713214593964582,9,64,,False,True,,816,21.16838264042747
35,2026-09-14T02:07:19.269+00:00,2026-09-14T02:09:18.194+00:00,2026-09-14T02:09:35.513+00:00,True,270,270.0,,270.0,118924.215191,136244.094615,136244.094652,504.60775797037036,0.0,118924.215191,7233.638962292808,95.88059444999999,64.38616886245353,29.548025655803226,1.9817372691489403,9,64,,False,True,,1323,21.16838264042747
36,2026-09-14T02:07:22.823+00:00,2026-09-14T02:09:24.238+00:00,2026-09-14T02:09:38.127+00:00,True,211,211.0,,211.0,121414.294398,135303.949438,135303.949504,641.2509455165876,38.919418,121414.294398,8353.979561537239,94.029452,66.14121447619048,21.750084986739502,1.5594518923979082,9,64,,False,True,,1058,21.16838264042747
37,2026-09-14T02:07:28.288+00:00,2026-09-14T02:09:32.442+00:00,2026-09-14T02:09:44.753+00:00,True,187,187.0,,187.0,124153.952346,136464.22972200002,136464.229677,729.7552389144386,39.412077,124153.952346,9074.221778653004,94.70620699999999,66.18428696774194,21.563435374472807,1.3703224675136452,9,64,,False,True,,814,21.16838264042747
38,2026-09-14T02:07:31.353+00:00,2026-09-14T02:09:38.898+00:00,2026-09-14T02:09:48.089+00:00,True,143,143.0,,143.0,127545.10754099999,136735.823957,136735.82392,956.1945728671328,0.0,127545.10754099999,10660.496978954245,94.480442,64.72335504225353,33.320938697891094,1.045812252134963,9,64,,False,True,,582,21.16838264042747
39,2026-09-14T02:07:34.638+00:00,2026-09-14T02:09:43.348+00:00,2026-09-14T02:09:55.306+00:00,True,184,184.0,,184.0,128709.823206,140668.186342,140668.186441,764.5010132663043,0.0,128709.823206,9483.847391699619,95.79356635,65.34624664480874,31.10369633663736,1.3080427407562458,9,64,,False,True,,906,21.16838264042747
40,2026-09-14T02:07:40.530+00:00,2026-09-14T02:09:55.038+00:00,2026-09-14T02:10:03.827+00:00,True,133,133.0,,133.0,134507.138016,143296.130784,143296.13085400002,1077.414517699248,40.792744,134507.138016,11657.495183756912,95.355709,66.58327854545455,22.02653786135521,0.9281478800043801,9,64,,False,True,,599,21.16838264042747
41,2026-09-14T02:07:46.538+00:00,2026-09-14T02:10:05.993+00:00,2026-09-14T02:10:15.543+00:00,True,143,143.0,,143.0,139454.659798,149004.335318,149004.33522,1041.9883581818183,0.0,139454.659798,11656.206788186495,96.1422781,67.25123605633803,32.90494668535179,0.9597036199974602,9,64,,False,True,,706,21.16838264042747
42,2026-09-14T02:07:49.996+00:00,2026-09-14T02:10:11.330+00:00,2026-09-14T02:10:26.351+00:00,True,230,230.0,,230.0,141333.972186,156354.981338,156354.98119299999,679.8042660565218,0.0,141333.972186,9315.191443314032,96.28073045000001,65.5939264279476,65.66410433621787,1.4710116558601867,9,64,,False,True,,1178,21.16838264042747
43,2026-09-14T02:07:55.388+00:00,2026-09-14T02:10:21.722+00:00,2026-09-14T02:10:32.322+00:00,True,158,158.0,,158.0,146333.80831999998,156934.072,156934.07223199998,993.2536217215189,39.409407,146333.80831999998,11636.341837313825,95.77860634999999,67.51760305732485,21.93177919804027,1.0067922025243825,9,64,,False,True,,789,21.16838264042747
44,2026-09-14T02:08:00.867+00:00,2026-09-14T02:10:31.842+00:00,2026-09-14T02:10:51.514+00:00,True,295,295.0,,295.0,150975.29413999998,170646.93727599998,170646.937354,578.4641944203389,0.0,150975.29413999998,8786.27711885992,96.444676,66.91035080272108,30.08265601516352,1.728715467789935,9,64,,False,True,,1417,21.16838264042747
45,2026-09-14T02:08:06.832+00:00,2026-09-14T02:10:41.273+00:00,2026-09-14T02:10:52.206+00:00,True,167,167.0,,167.0,154441.42684200002,165374.36764200003,165374.36770200002,990.2656748622755,6.201647,154441.42684200002,11945.961223997074,95.535214,65.8610891566265,22.623033676876688,1.0098300140534422,9,64,,False,True,,677,21.16838264042747
46,2026-09-14T02:08:12.565+00:00,2026-09-14T02:10:52.528+00:00,2026-09-14T02:11:08.070+00:00,True,238,238.0,,238.0,159962.439564,175505.14292399999,175505.142967,737.4165670882353,40.235375,159962.439564,10364.59581861718,93.26914585,65.58102683544304,21.35643232754719,1.3560856168360977,9,64,,False,True,,1111,21.16838264042747
47,2026-09-14T02:08:17.245+00:00,2026-09-14T02:10:59.490+00:00,2026-09-14T02:11:07.756+00:00,True,129,129.0,,129.0,162245.45006,170510.833996,170510.833941,1321.7894103953488,41.624973,162245.45006,14279.245704221375,92.7245608,64.573312,21.266047260754267,0.7565501673813066,9,64,,False,True,,576,21.16838264042747
48,2026-09-14T02:08:22.930+00:00,2026-09-14T02:11:10.001+00:00,2026-09-14T02:11:24.651+00:00,True,225,225.0,,225.0,167071.092204,181721.83780399998,181721.83782599997,807.65261256,17.063364,167071.092204,11133.73529968342,95.51306699999999,65.40511428571429,22.596010674272637,1.2381560891029433,9,64,,False,True,,352,21.16838264042747
49,2026-09-14T02:08:28.164+00:00,2026-09-14T02:11:19.031+00:00,2026-09-14T02:11:33.492+00:00,True,217,217.0,,217.0,170866.794683,185327.92773899998,185327.927635,854.045749470046,0.01572,170866.794683,11594.87658686076,98.060501,66.94969007407407,72.81889264188348,1.1708974607734473,9,64,,False,True,,1117,21.16838264042747
50,2026-09-14T02:08:33.039+00:00,2026-09-14T02:11:27.805+00:00,2026-09-14T02:11:41.886+00:00,True,225,225.0,,225.0,174765.072414,188846.491934,188846.492027,839.3177423422222,0.0,174765.072414,11646.863089061731,96.1004452,62.86348,33.91542591665557,1.1914438954928286,9,64,,False,True,,1195,21.16838264042747
51,2026-09-14T02:08:37.164+00:00,2026-09-14T02:11:34.999+00:00,2026-09-14T02:11:47.262+00:00,True,186,186.0,,186.0,177834.40362,190097.483812,190097.483935,1022.0294835215053,0.0,177834.40362,13034.633498758134,94.907535,66.28691995675676,33.482074906717955,0.9784453548261993,9,64,,False,True,,619,21.16838264042747
52,2026-09-14T02:08:42.480+00:00,2026-09-14T02:11:43.888+00:00,2026-09-14T02:11:58.527+00:00,True,216,216.0,,216.0,181407.361329,196046.81630500001,196046.816246,907.6241492870371,39.963686,181407.361329,12338.594840417887,96.451852,68.09048826046512,22.427421730986023,1.101777647151167,9,64,,False,True,,1030,21.16838264042747
53,2026-09-14T02:08:47.768+00:00,2026-09-14T02:11:54.056+00:00,2026-09-14T02:12:11.207+00:00,True,254,254.0,,254.0,186288.185611,203439.842315,203439.842394,800.9442613937008,40.614404,186288.185611,11684.529230719685,96.780558,67.79310950197628,23.02671028661,1.2485263314681212,9,64,,False,True,,908,21.16838264042747
54,2026-09-14T02:08:53.037+00:00,2026-09-14T02:12:03.791+00:00,2026-09-14T02:12:21.636+00:00,True,258,258.0,,258.0,190753.59295,208598.745206,208598.74515,808.5222680232558,0.0,190753.59295,11871.522738606218,98.29496434999999,69.43639010116732,33.00109363321547,1.2368243142844133,9,64,,False,True,,1076,21.16838264042747
55,2026-09-14T02:08:58.660+00:00,2026-09-14T02:12:13.890+00:00,2026-09-14T02:12:23.889+00:00,True,150,150.0,,150.0,195229.19326300002,205228.922671,205228.92275800003,1368.1928183866669,0.0,195229.19326300002,15934.963019033898,95.40475699999999,67.11227790604026,38.348303655883505,0.7308911338995974,9,64,,False,True,,566,21.16838264042747
56,2026-09-14T02:09:04.653+00:00,2026-09-14T02:12:22.940+00:00,2026-09-14T02:12:41.547+00:00,True,283,283.0,,283.0,198287.34889300002,216893.864093,216893.86420900002,766.4094141660778,38.200699,198287.34889300002,11783.057398981486,94.79223689999999,65.98055035460993,21.80881941226923,1.3047856433534464,9,64,,False,True,,1393,21.16838264042747
57,2026-09-14T02:09:09.662+00:00,2026-09-14T02:12:33.875+00:00,2026-09-14T02:12:48.848+00:00,True,230,230.0,,230.0,204213.074937,219185.346553,219185.346612,952.9797678782609,39.337007,204213.074937,13461.11621968408,93.70145345,65.38109875982532,20.74747904772221,1.049340221037016,9,64,,False,True,,307,21.16838264042747
58,2026-09-14T02:09:13.426+00:00,2026-09-14T02:12:39.982+00:00,2026-09-14T02:12:56.269+00:00,True,251,251.0,,251.0,206555.79307699998,222842.20536499997,222842.20529199997,887.8175509641434,0.0,206555.79307699998,13033.807088743211,94.533686,65.145649152,78.089250038748,1.1263575478840713,9,64,,False,True,,1250,21.16838264042747
59,2026-09-14T02:09:16.915+00:00,2026-09-14T02:12:45.922+00:00,2026-09-14T02:12:52.822+00:00,True,107,107.0,,107.0,209006.589346,215906.496418,215906.496384,2017.8177232149533,0.0,209006.589346,20199.489815125584,95.6863039,65.09346294339622,119.98562133524986,0.49558490260916244,9,64,,False,True,,478,21.16838264042747
60,2026-09-14T02:09:22.092+00:00,2026-09-14T02:12:56.363+00:00,2026-09-14T02:13:14.825+00:00,True,276,276.0,,276.0,214271.163924,232732.785172,232732.785197,843.2347289746376,33.34934,214271.163924,12893.58572064287,94.7481775,67.13316817454545,21.722600001881688,1.1859094102106138,9,64,,False,True,,1234,21.16838264042747
61,2026-09-14T02:09:27.016+00:00,2026-09-14T02:13:03.731+00:00,2026-09-14T02:13:11.326+00:00,True,116,116.0,,116.0,216714.707476,224309.971732,224309.971958,1933.7066548103448,29.694717,216714.707476,20115.334983177563,94.36611799999999,66.04577613913044,21.82160705382283,0.5171415211919064,9,64,,False,True,,486,21.16838264042747
62,2026-09-14T02:09:32.502+00:00,2026-09-14T02:13:14.464+00:00,2026-09-14T02:13:21.453+00:00,True,106,106.0,,106.0,221961.819479,228950.824023,228950.824099,2159.9134348962266,39.480916,221961.819479,21552.384072728524,93.26168375000002,66.56194803809524,22.28975359693331,0.46298151776624064,9,64,,False,True,,207,21.16838264042747
63,2026-09-14T02:09:35.774+00:00,2026-09-14T02:13:19.475+00:00,2026-09-14T02:13:30.534+00:00,True,173,173.0,,173.0,223700.942472,234760.034184,234760.034073,1356.9944166069363,39.812016,223700.942472,17002.791320140645,93.36384,64.2970448372093,20.276749071939367,0.7369227074843848,9,64,,False,True,,812,21.16838264042747
64,2026-09-14T02:09:40.370+00:00,2026-09-14T02:13:27.310+00:00,2026-09-14T02:13:41.514+00:00,True,218,218.0,,218.0,226939.84579,241143.79459,241143.794509,1106.1641949954128,0.0,226939.84579,15365.918014269226,93.83846185,65.45598525345622,37.45330066057822,0.9040249216060078,9,64,,False,True,,778,21.16838264042747
65,2026-09-14T02:09:46.025+00:00,2026-09-14T02:13:37.124+00:00,2026-09-14T02:13:48.907+00:00,True,175,175.0,,175.0,231099.03809000002,242882.57345000003,242882.57362200003,1387.9004206971429,40.145975,231099.03809000002,17464.34062123115,96.93265300000002,67.7214675862069,22.68939490495697,0.7205127873697601,9,64,,False,True,,793,21.16838264042747
66,2026-09-14T02:09:49.724+00:00,2026-09-14T02:13:44.549+00:00,2026-09-14T02:13:55.187+00:00,True,159,159.0,,159.0,234825.234215,245463.484199,245463.483964,1543.7954966289308,40.289395,234825.234215,18617.525357509377,95.86722599999999,67.33069610126581,21.72281232056807,0.6477541884441635,9,64,,False,True,,773,21.16838264042747
67,2026-09-14T02:09:55.044+00:00,2026-09-14T02:13:53.826+00:00,2026-09-14T02:14:00.659+00:00,True,105,105.0,,105.0,238781.395822,245615.14020599998,245615.14038499998,2339.1918131904763,34.195607,238781.395822,23296.277139380178,94.5548832,65.70908061538462,23.289139406083176,0.42749807651081856,9,64,,False,True,,456,21.16838264042747
68,2026-09-14T02:09:59.888+00:00,2026-09-14T02:14:03.056+00:00,2026-09-14T02:14:16.149+00:00,True,194,194.0,,194.0,243167.921075,256260.850099,256260.85021,1320.9322175773195,0.0,243167.921075,17453.62085491872,96.63666799999999,67.83901048704664,42.76783100706553,0.7570411162105056,9,64,,False,True,,837,21.16838264042747
69,2026-09-14T02:10:04.944+00:00,2026-09-14T02:14:12.599+00:00,2026-09-14T02:14:22.215+00:00,True,146,146.0,,146.0,247655.359101,257271.404413,257271.40438400002,1762.1329067397262,0.0,247655.359101,20490.668158885965,96.60030425000001,66.31755387586207,46.891966207732125,0.5674940840515059,9,64,,False,True,,719,21.16838264042747
70,2026-09-14T02:10:09.316+00:00,2026-09-14T02:14:20.387+00:00,2026-09-14T02:14:38.930+00:00,True,282,282.0,,282.0,251070.345346,269613.856898,269613.856859,956.0775065921986,0.0303,251070.345346,14947.343221380821,92.98300004999999,65.99114431316725,86.85413760244613,1.0459403060529116,9,64,,False,True,,1381,21.16838264042747
71,2026-09-14T02:10:13.427+00:00,2026-09-14T02:14:27.755+00:00,2026-09-14T02:14:41.069+00:00,True,200,200.0,,200.0,254328.040837,267642.291845,267642.291985,1338.211459925,0.01551,254328.040837,17979.28273757497,93.35188995,66.905783959799,105.06780409934679,0.7472660565760895,9,64,,False,True,,980,21.16838264042747
72,2026-09-14T02:10:18.445+00:00,2026-09-14T02:14:36.143+00:00,2026-09-14T02:14:46.302+00:00,True,156,156.0,,156.0,257697.295053,267856.850381,267856.850523,1717.0310930961539,39.133306,257697.295053,20627.059599443775,92.58657025000001,65.54551824516129,21.749185716300595,0.5824006359296219,9,64,,False,True,,777,21.16838264042747
73,2026-09-14T02:10:23.416+00:00,2026-09-14T02:14:44.604+00:00,2026-09-14T02:14:55.456+00:00,True,163,163.0,,163.0,261187.82762999999,272039.876014,272039.875968,1668.9562942822085,33.897078,261187.82762999999,20452.574594490277,95.283652,66.98795298765432,22.183137917812704,0.5991768647608542,9,64,,False,True,,793,21.16838264042747
74,2026-09-14T02:10:28.760+00:00,2026-09-14T02:14:54.624+00:00,2026-09-14T02:15:03.809+00:00,True,135,135.0,,135.0,265863.53080300003,275048.477491,275048.477504,2037.3961296592595,0.0,265863.53080300003,22876.04409997879,94.6479047,68.54437826865671,49.877061664437434,0.49082256783049233,9,64,,False,True,,564,21.16838264042747
75,2026-09-14T02:10:34.557+00:00,2026-09-14T02:15:04.412+00:00,2026-09-14T02:15:24.418+00:00,True,298,298.0,,298.0,269855.612464,289861.266736,289861.266801,972.6888147684564,39.634755,269855.612464,15628.430608942796,96.26470230000001,67.35910529292929,22.892990771712324,1.0280780297265886,9,64,,False,True,,1247,21.16838264042747
76,2026-09-14T02:10:40.456+00:00,2026-09-14T02:15:15.127+00:00,2026-09-14T02:15:32.506+00:00,True,253,253.0,,253.0,274670.545325,292050.025901,292050.02588000003,1154.3479283794468,40.195094,274670.545325,17264.067884881657,96.92937459999999,68.96619276190476,22.435369165875258,0.8662899420038493,9,64,,False,True,,1103,21.16838264042747
77,2026-09-14T02:10:43.773+00:00,2026-09-14T02:15:20.405+00:00,2026-09-14T02:15:40.178+00:00,True,291,291.0,,291.0,276631.463425,296405.25132900005,296405.25127400004,1018.5747466460482,34.168827,276631.463425,16212.442641315229,97.381888,68.18547553103448,22.934937714290104,0.9817639825719537,9,64,,False,True,,1479,21.16838264042747
78,2026-09-14T02:10:48.905+00:00,2026-09-14T02:15:30.710+00:00,2026-09-14T02:15:43.648+00:00,True,191,191.0,,191.0,281804.79364700004,294743.28836700006,294743.288209,1543.1585770104714,33.741239,281804.79364700004,20385.764129467814,97.03247400000001,68.09734063157896,22.404510848338482,0.6480215412477045,9,64,,False,True,,758,21.16838264042747
79,2026-09-14T02:10:52.569+00:00,2026-09-14T02:15:36.905+00:00,2026-09-14T02:15:52.642+00:00,False,241,240.0,,240.0,284335.508022,300072.325686,300072.325672,1245.1133845311203,0.0,284335.508022,18311.4835012742,95.324228,65.5700736,41.61020557203442,0.7998071779906137,9,64,,False,False,Request timeout: 300.0s exceeded,1093,21.16838264042747
80,2026-09-14T02:10:58.587+00:00,2026-09-14T02:15:48.065+00:00,2026-09-14T02:15:54.464+00:00,True,101,101.0,,101.0,289477.895839,295877.203615,295877.203614,2929.4772635049503,0.0,289477.895839,28797.819137899467,96.413126,63.99307776,58.823478717156135,0.34135782941704007,9,64,,False,True,,418,21.16838264042747
81,2026-09-14T02:11:01.971+00:00,2026-09-14T02:15:54.282+00:00,2026-09-14T02:16:01.998+00:00,False,109,108.0,,108.0,292311.451403,300027.64749899996,300027.647571,2752.547225422018,0.02142,292311.451403,27991.52443995512,93.9397472,71.44626014814816,22.029141639299283,0.3599668260584551,9,64,,False,False,Request timeout: 300.0s exceeded,486,21.16838264042747
82,2026-09-14T02:11:07.633+00:00,2026-09-14T02:16:00.985+00:00,2026-09-14T02:16:07.643+00:00,False,98,97.0,,97.0,293351.69741,300009.537794,300009.53777700005,3061.3218140510207,0.02649,293351.69741,29626.06991310096,89.22069135,68.63752973195876,20.459676439743625,0.32332305403771716,9,64,,False,False,Request timeout: 300.0s exceeded,276,21.16838264042747
83,2026-09-14T02:11:11.962+00:00,2026-09-14T02:16:05.464+00:00,2026-09-14T02:16:12.043+00:00,False,98,97.0,,97.0,293501.77694199997,300080.71582199994,300080.715867,3062.0481210918365,0.08259,293501.77694199997,29641.31209158519,88.07533355,67.82411216494845,20.004407968792542,0.32324636301366955,9,64,,False,False,Request timeout: 300.0s exceeded,434,21.16838264042747
84,2026-09-14T02:11:16.589+00:00,2026-09-14T02:16:10.528+00:00,2026-09-14T02:16:16.612+00:00,False,92,91.0,,91.0,293939.224214,300023.80303,300023.80298499996,3261.1282933152174,0.018920000000000003,293939.224214,30638.318053786075,88.60344005,66.86350347252747,20.072844693930247,0.30330926773466943,9,64,,False,False,Request timeout: 300.0s exceeded,363,21.16838264042747
85,2026-09-14T02:11:20.723+00:00,2026-09-14T02:16:14.358+00:00,2026-09-14T02:16:20.745+00:00,False,95,94.0,,94.0,293634.608732,300022.299484,300022.299471,3158.129468115789,0.041049999999999996,293634.608732,30119.309439706685,87.24755369999998,67.95415693617021,19.414955902771062,0.31331004449225264,9,64,,False,False,Request timeout: 300.0s exceeded,450,21.16838264042747
86,2026-09-14T02:11:24.209+00:00,2026-09-14T02:16:17.916+00:00,2026-09-14T02:16:24.285+00:00,False,95,94.0,,94.0,293706.840156,300076.115548,300076.115605,3158.695953736842,0.02244,293706.840156,30126.741051999714,89.5282258,67.75824885106383,20.522675533281202,0.3132538550372025,9,64,,False,False,Request timeout: 300.0s exceeded,434,21.16838264042747
87,2026-09-14T02:11:28.387+00:00,2026-09-14T02:16:22.409+00:00,2026-09-14T02:16:28.429+00:00,False,94,93.0,,93.0,294022.35426,300042.10466,300042.10464,3191.937283404255,0.02184,294022.35426,30319.421189032255,89.157473,64.72849892473118,20.888284383082535,0.3099564979567958,9,64,,False,False,Request timeout: 300.0s exceeded,424,21.16838264042747
88,2026-09-14T02:11:33.905+00:00,2026-09-14T02:16:27.260+00:00,2026-09-14T02:16:33.922+00:00,False,115,114.0,,114.0,293355.423782,300017.18429400004,300017.184282,2608.845080713044,0.01604,293355.423782,27350.492912908147,88.8216777,58.43649571929824,150.01878881759572,0.3799782344743506,9,64,,False,False,Request timeout: 300.0s exceeded,284,21.16838264042747
89,2026-09-14T02:11:39.202+00:00,2026-09-14T02:16:34.020+00:00,2026-09-14T02:16:39.207+00:00,False,75,74.0,,74.0,294818.874158,300005.652526,300005.652611,4000.0753681466667,0.06379,294818.874158,34034.6634192789,88.6752334,70.09159956756757,19.70766952019027,0.24666201912174568,9,64,,False,False,Request timeout: 300.0s exceeded,353,21.16838264042747
90,2026-09-14T02:11:42.671+00:00,2026-09-14T02:16:36.232+00:00,2026-09-14T02:16:42.776+00:00,False,87,86.0,,86.0,293561.379288,300105.18267999997,300105.18251,3449.4848564367817,0.02543,293561.379288,31464.9878886677,89.28966329999999,76.09073711627907,62.942893577149896,0.2865661939990593,9,64,,False,False,Request timeout: 300.0s exceeded,446,21.16838264042747
91,2026-09-14T02:11:47.191+00:00,2026-09-14T02:16:40.724+00:00,2026-09-14T02:16:47.223+00:00,False,105,104.0,,104.0,293532.63601,300031.272554,300031.272476,2857.4406902476194,0.0,293532.63601,28639.821190523908,88.389689,62.48688984615385,62.340875814273545,0.3466305332597686,9,64,,False,False,Request timeout: 300.0s exceeded,438,21.16838264042747
92,2026-09-14T02:11:52.816+00:00,2026-09-14T02:16:46.232+00:00,2026-09-14T02:16:52.890+00:00,False,99,98.0,,98.0,293416.170296,300074.25004,300074.250054,3031.053030848485,0.01811,293416.170296,29482.613442903887,89.8431469,67.9395892244898,20.352107293411375,0.3265858366285563,9,64,,False,False,Request timeout: 300.0s exceeded,380,21.16838264042747
93,2026-09-14T02:11:58.688+00:00,2026-09-14T02:16:52.409+00:00,2026-09-14T02:16:58.753+00:00,False,91,90.0,,90.0,293720.316989,300064.628541,300064.628522,3297.4135002417584,0.04467,293720.316989,30782.87217139902,89.5345905,70.49235057777777,19.842172949617346,0.29993538537882897,9,64,,False,False,Request timeout: 300.0s exceeded,293,21.16838264042747
94,2026-09-14T02:12:04.128+00:00,2026-09-14T02:16:57.993+00:00,2026-09-14T02:17:04.193+00:00,False,94,93.0,,93.0,293865.124134,300065.614374,300065.614421,3192.1873874574467,0.038979999999999994,293865.124134,30303.003633820965,89.8828185,66.67193806451613,20.801162087222586,0.3099322133061383,9,64,,False,False,Request timeout: 300.0s exceeded,323,21.16838264042747
95,2026-09-14T02:12:07.405+00:00,2026-09-14T02:17:01.445+00:00,2026-09-14T02:17:07.448+00:00,False,88,87.0,,87.0,294040.434614,300043.49432600004,300043.494239,3409.5851618068186,0.03055,294040.434614,31337.46669771779,89.6626965,69.0006863448276,20.373912490525004,0.2899579615796425,9,64,,False,False,Request timeout: 300.0s exceeded,342,21.16838264042747
96,2026-09-14T02:12:10.772+00:00,2026-09-14T02:17:04.700+00:00,2026-09-14T02:17:10.813+00:00,False,87,86.0,,86.0,293928.224522,300041.764106,300041.764171,3448.7559100114945,0.03824,293928.224522,31504.7980310278,89.642938,71.08766958139535,19.62934974828731,0.28662676429811135,9,64,,False,False,Request timeout: 300.0s exceeded,432,21.16838264042747
97,2026-09-14T02:12:14.067+00:00,2026-09-14T02:17:08.228+00:00,2026-09-14T02:17:14.155+00:00,False,83,82.0,,82.0,294160.529419,300087.845899,300087.84577300004,3615.5162141325304,0.03977,294160.529419,32280.38430512686,88.484539,72.28434731707317,19.32328615520013,0.2732533193883453,9,64,,False,False,Request timeout: 300.0s exceeded,162,21.16838264042747
98,2026-09-14T02:12:19.148+00:00,2026-09-14T02:17:12.754+00:00,2026-09-14T02:17:19.169+00:00,False,95,94.0,,94.0,293605.857288,300020.23732,300020.237522,3158.107763389474,0.02043,293605.857288,30116.330854571865,87.7566437,68.23808544680851,20.003176774303714,0.3133121980026304,9,64,,False,False,Request timeout: 300.0s exceeded,370,21.16838264042747
99,2026-09-14T02:12:24.775+00:00,2026-09-14T02:17:18.370+00:00,2026-09-14T02:17:24.860+00:00,False,95,94.0,,94.0,293594.92317900003,300084.76484300004,300084.76477500005,3158.786997631579,0.03233,293594.92317900003,30115.126664810636,88.53472470000001,69.04086876595744,19.987065365434713,0.31324482617162996,9,64,,False,False,Request timeout: 300.0s exceeded,479,21.16838264042747
100,2026-09-14T02:12:30.618+00:00,2026-09-14T02:17:24.288+00:00,2026-09-14T02:17:30.632+00:00,False,96,95.0,,95.0,293670.244781,300014.61674900004,300014.61682500003,3125.15225859375,0.02172,293670.244781,29965.784843420854,89.91771475,66.78286282105263,20.580423092467036,0.3166512386277481,9,64,,False,False,Request timeout: 300.0s exceeded,364,21.16838264042747
101,2026-09-14T02:12:34.706+00:00,2026-09-14T02:17:28.695+00:00,2026-09-14T02:17:34.732+00:00,False,88,87.0,,87.0,293989.185888,300026.091104,300026.091243,3409.3874004886366,0.021929999999999998,293989.185888,31331.96149343503,88.18682150000001,69.38971512643678,19.414781360405883,0.2899747807927899,9,64,,False,False,Request timeout: 300.0s exceeded,476,21.16838264042747
102,2026-09-14T02:12:38.915+00:00,2026-09-14T02:17:32.913+00:00,2026-09-14T02:17:38.969+00:00,False,95,94.0,,94.0,293997.77410000004,300054.100756,300054.10076600005,3158.464218589474,0.0,293997.77410000004,30156.995877893205,87.36003980000001,64.42900697872341,65.77885207996316,0.3132768382873712,9,64,,False,False,Request timeout: 300.0s exceeded,230,21.16838264042747
103,2026-09-14T02:12:43.454+00:00,2026-09-14T02:17:37.649+00:00,2026-09-14T02:17:43.542+00:00,False,98,97.0,,97.0,294195.684931,300088.499779,300088.499743,3062.1275483979593,0.0,294195.684931,29712.130089912633,89.5913307,60.75066853608248,29.871618348437366,0.32323797836783347,9,64,,False,False,Request timeout: 300.0s exceeded,441,21.16838264042747
104,2026-09-14T02:12:48.777+00:00,2026-09-14T02:17:42.510+00:00,2026-09-14T02:17:48.808+00:00,False,94,93.0,,93.0,293733.210393,300030.49730499997,300030.4973,3191.8138010638295,0.02525,293733.210393,30289.289765820362,89.30874449999999,67.71276249462366,19.813722652715704,0.30996848932146925,9,64,,False,False,Request timeout: 300.0s exceeded,331,21.16838264042747
105,2026-09-14T02:12:54.611+00:00,2026-09-14T02:17:48.436+00:00,2026-09-14T02:17:54.643+00:00,False,96,95.0,,95.0,293824.83884100005,300032.17631300003,300032.17639700003,3125.3351708020837,0.02255,293824.83884100005,29981.71062025721,90.98813799999999,65.34039444210526,21.116841411978076,0.3166327064231069,9,64,,False,False,Request timeout: 300.0s exceeded,377,21.16838264042747
106,2026-09-14T02:12:58.229+00:00,2026-09-14T02:17:51.862+00:00,2026-09-14T02:17:58.239+00:00,False,102,101.0,,101.0,293632.945212,300010.220348,300010.220469,2941.276671264706,0.035679999999999996,293632.945212,29067.74936071474,89.33207705000001,63.14133798019802,20.789833376178212,0.3366551975557499,9,64,,False,False,Request timeout: 300.0s exceeded,522,21.16838264042747
107,2026-09-14T02:13:02.247+00:00,2026-09-14T02:17:55.704+00:00,2026-09-14T02:18:02.302+00:00,False,101,100.0,,100.0,293456.95734799997,300054.866084,300054.866129,2970.84025870297,0.0216,293456.95734799997,29193.500533115082,89.01894199999998,65.97908736,20.418313025593914,0.3332723821649509,9,64,,False,False,Request timeout: 300.0s exceeded,449,21.16838264042747
108,2026-09-14T02:13:08.017+00:00,2026-09-14T02:18:01.694+00:00,2026-09-14T02:18:08.055+00:00,False,92,91.0,,91.0,293677.514073,300038.147673,300038.147586,3261.2842128913044,0.020059999999999998,293677.514073,30610.71680615571,90.6245926,69.89707252747253,20.35802062706016,0.3032947667013908,9,64,,False,False,Request timeout: 300.0s exceeded,452,21.16838264042747
109,2026-09-14T02:13:11.644+00:00,2026-09-14T02:18:05.235+00:00,2026-09-14T02:18:11.714+00:00,False,93,92.0,,92.0,293590.97432599997,300070.059126,300070.058997,3226.55977416129,0.04408,293590.97432599997,30436.669719838952,90.63768,70.4248347826087,20.1483522814141,0.30659506739180875,9,64,,False,False,Request timeout: 300.0s exceeded,494,21.16838264042747
110,2026-09-14T02:13:16.208+00:00,2026-09-14T02:18:09.419+00:00,2026-09-14T02:18:16.229+00:00,False,103,102.0,,102.0,293210.516819,300020.611411,300020.611561,2912.8214714660194,0.023510000000000003,293210.516819,28884.319311531897,90.35870800000001,66.76563325490196,20.546710399100146,0.33997664200567074,9,64,,False,False,Request timeout: 300.0s exceeded,488,21.16838264042747
111,2026-09-14T02:13:19.549+00:00,2026-09-14T02:18:13.061+00:00,2026-09-14T02:18:19.594+00:00,False,97,96.0,,96.0,293511.743227,300045.179131,300045.179004,3093.2492680824744,0.023469999999999998,293511.743227,29794.699309636155,89.67580400000001,68.056624,20.709029235814775,0.31995181618327656,9,64,,False,False,Request timeout: 300.0s exceeded,442,21.16838264042747
112,2026-09-14T02:13:24.660+00:00,2026-09-14T02:18:18.286+00:00,2026-09-14T02:18:24.731+00:00,False,97,96.0,,96.0,293625.95444,300071.569032,300071.568914,3093.5213290103093,0.02498,293625.95444,29806.38799063434,88.37806339999999,67.14181866666667,19.828808352434706,0.31992367790686105,9,64,,False,False,Request timeout: 300.0s exceeded,482,21.16838264042747
113,2026-09-14T02:13:30.054+00:00,2026-09-14T02:18:23.627+00:00,2026-09-14T02:18:30.069+00:00,False,93,92.0,,92.0,293572.808521,300015.721289,300015.72132300003,3225.9754980967746,0.03459,293572.808521,30434.826658604365,91.44308720000001,70.03166052173913,19.955792382797334,0.3066505968578159,9,64,,False,False,Request timeout: 300.0s exceeded,301,21.16838264042747
114,2026-09-14T02:13:33.635+00:00,2026-09-14T02:18:27.312+00:00,2026-09-14T02:18:33.674+00:00,False,99,98.0,,98.0,293676.61781,300038.59515400004,300038.594922,3030.6928780000003,0.0,293676.61781,29509.15103030343,93.77928490000001,64.9181361632653,62.213509791978225,0.3266246462382607,9,64,,False,False,Request timeout: 300.0s exceeded,530,21.16838264042747
115,2026-09-14T02:13:37.102+00:00,2026-09-14T02:18:30.818+00:00,2026-09-14T02:18:37.119+00:00,False,97,96.0,,96.0,293715.953495,300016.833623,300016.83367400005,3092.957048185567,0.0,293715.953495,29815.738307960513,91.85410739999999,65.634168,62.94284493433971,0.319982045142951,9,64,,False,False,Request timeout: 300.0s exceeded,452,21.16838264042747
116,2026-09-14T02:13:41.332+00:00,2026-09-14T02:18:35.556+00:00,2026-09-14T02:18:41.368+00:00,False,86,85.0,,85.0,294223.984897,300036.27315300005,300036.27311,3488.793873372093,0.04757,294223.984897,31719.621374306054,89.74167525000001,68.37986183529411,20.785262644351597,0.2832990794971488,9,64,,False,False,Request timeout: 300.0s exceeded,413,21.16838264042747
117,2026-09-14T02:13:45.644+00:00,2026-09-14T02:18:39.243+00:00,2026-09-14T02:18:45.718+00:00,False,100,99.0,,99.0,293598.37302600004,300074.08681800007,300074.08675600006,3000.7408675600004,0.0833,293598.37302600004,29353.30329488525,88.2387104,65.41125042424243,20.54491813123779,0.3299185246210385,9,64,,False,False,Request timeout: 300.0s exceeded,509,21.16838264042747
118,2026-09-14T02:13:50.899+00:00,2026-09-14T02:18:44.721+00:00,2026-09-14T02:18:50.941+00:00,False,94,93.0,,93.0,293822.22411,300041.88363,300041.88356,3191.9349314893616,0.02237,293822.22411,30298.55761423932,89.42932259999999,66.87805935483871,20.85799520737081,0.3099567262905335,9,64,,False,False,Request timeout: 300.0s exceeded,366,21.16838264042747
119,2026-09-14T02:13:55.950+00:00,2026-09-14T02:18:49.235+00:00,2026-09-14T02:18:55.979+00:00,False,100,99.0,,99.0,293284.85289700003,300028.835489,300028.83559900004,3000.28835599,0.02038,293284.85289700003,29321.679596205962,87.67129905000002,68.12103628282829,19.4873004047181,0.32996828401058687,9,64,,False,False,Request timeout: 300.0s exceeded,525,21.16838264042747
120,2026-09-14T02:14:00.785+00:00,2026-09-14T02:18:54.418+00:00,2026-09-14T02:19:00.867+00:00,False,106,105.0,,105.0,293633.626964,300082.747988,300082.748019,2830.969320933962,0.01738,293633.626964,28514.832543079792,90.03194200000002,61.42020022857143,182.60756179000313,0.3499034873014388,9,64,,False,False,Request timeout: 300.0s exceeded,181,21.16838264042747
121,2026-09-14T02:14:06.621+00:00,2026-09-14T02:19:00.491+00:00,2026-09-14T02:19:06.672+00:00,False,94,93.0,,93.0,293870.27542799996,300051.5585,300051.55850999994,3192.0378564893613,0.02327,293870.27542799996,30303.556461944725,90.1426675,66.46540937634408,21.10957793297347,0.30994673203805406,9,64,,False,False,Request timeout: 300.0s exceeded,352,21.16838264042747
122,2026-09-14T02:14:11.434+00:00,2026-09-14T02:19:05.028+00:00,2026-09-14T02:19:11.519+00:00,False,94,93.0,,93.0,293594.086015,300084.920191,300084.920062,3192.392766617021,0.0494,293594.086015,30274.72500806898,86.4462925,69.79391587096775,18.98962077670873,0.3099122739683379,9,64,,False,False,Request timeout: 300.0s exceeded,397,21.16838264042747
123,2026-09-14T02:14:14.778+00:00,2026-09-14T02:19:08.650+00:00,2026-09-14T02:19:14.843+00:00,False,89,88.0,,88.0,293872.138972,300065.753052,300065.752987,3371.525314460674,0.039289000000000004,293872.138972,31142.93004199973,90.421191,70.38197818181818,19.58191422169604,0.29326905554846844,9,64,,False,False,Request timeout: 300.0s exceeded,201,21.16838264042747
124,2026-09-14T02:14:20.351+00:00,2026-09-14T02:19:13.964+00:00,2026-09-14T02:19:20.437+00:00,False,94,93.0,,93.0,293613.56320200005,300086.22035400005,300086.22039800003,3192.406599978724,0.02219,293613.56320200005,30276.755004166083,88.31049765,69.598464,20.417021520549454,0.3099109312326688,9,64,,False,False,Request timeout: 300.0s exceeded,139,21.16838264042747
125,2026-09-14T02:14:25.509+00:00,2026-09-14T02:19:19.053+00:00,2026-09-14T02:19:25.515+00:00,False,97,96.0,,96.0,293544.134205,300005.808189,300005.80818500003,3092.8433833505155,0.020329999999999997,293544.134205,29798.06398510878,89.21580299999998,67.309104,20.667843965242486,0.31999380471834454,9,64,,False,False,Request timeout: 300.0s exceeded,465,21.16838264042747
126,2026-09-14T02:14:31.991+00:00,2026-09-14T02:19:25.005+00:00,2026-09-14T02:19:31.338+00:00,True,101,101.0,,101.0,293014.000648,299346.982408,299346.982509,2963.8315099900988,0.0,293014.000648,29149.755991338458,89.13394199999999,63.3298176,66.34867180861691,0.3374010961711996,9,64,,False,True,,531,21.16838264042747
127,2026-09-14T02:14:35.193+00:00,2026-09-14T02:19:28.906+00:00,2026-09-14T02:19:35.251+00:00,False,104,103.0,,103.0,293712.09781699994,300057.17557699996,300057.17571199994,2885.1651510769225,0.03821,293712.09781699994,28794.806984862018,88.5557588,61.602696699029124,20.021092047748432,0.34326791153030894,9,64,,False,False,Request timeout: 300.0s exceeded,154,21.16838264042747
128,2026-09-14T02:14:38.613+00:00,2026-09-14T02:19:33.303+00:00,2026-09-14T02:19:38.670+00:00,False,83,82.0,,82.0,294689.805527,300057.40949499997,300057.409631,3615.1495136265057,0.03525,294689.805527,32339.22957839805,86.614946,65.45858497560975,20.085775254144643,0.27328103691225936,9,64,,False,False,Request timeout: 300.0s exceeded,318,21.16838264042747
129,2026-09-14T02:14:43.509+00:00,2026-09-14T02:19:37.224+00:00,2026-09-14T02:19:43.534+00:00,False,97,96.0,,96.0,293714.84031199996,300025.57208799996,300025.57202099997,3093.047134237113,0.02173,293714.84031199996,29815.556121628844,87.98923860000001,65.73678933333333,20.546710863064998,0.3199727254310257,9,64,,False,False,Request timeout: 300.0s exceeded,366,21.16838264042747
130,2026-09-14T02:14:49.346+00:00,2026-09-14T02:19:42.851+00:00,2026-09-14T02:19:49.394+00:00,False,99,98.0,,98.0,293504.43089200003,300047.32727600005,300047.327102,3030.781081838384,0.037590000000000005,293504.43089200003,29491.60179864554,89.04492900000001,66.76424881632653,19.91981416056998,0.32661514065030883,9,64,,False,False,Request timeout: 300.0s exceeded,484,21.16838264042747
131,2026-09-14T02:14:54.618+00:00,2026-09-14T02:19:48.357+00:00,2026-09-14T02:19:54.704+00:00,False,94,93.0,,93.0,293738.653544,300086.223208,300086.223249,3192.4066303085106,0.0415,293738.653544,30289.795657436312,88.87478080000001,68.25343724731184,20.18114245510032,0.3099109282852299,9,64,,False,False,Request timeout: 300.0s exceeded,485,21.16838264042747
132,2026-09-14T02:14:59.488+00:00,2026-09-14T02:19:53.110+00:00,2026-09-14T02:19:59.543+00:00,False,94,93.0,,93.0,293622.35452399997,300055.48962799995,300055.48949799995,3192.079675510638,0.02357,293622.35452399997,30277.70461693999,87.73452465,69.17349574193548,18.89902122475135,0.30994267132155684,9,64,,False,False,Request timeout: 300.0s exceeded,432,21.16838264042747
133,2026-09-14T02:15:03.722+00:00,2026-09-14T02:19:57.649+00:00,2026-09-14T02:20:03.755+00:00,False,92,91.0,,91.0,293927.15825599997,300032.88472,300032.88484799996,3261.227009217391,0.023510000000000003,293927.15825599997,30637.036219646925,89.46460259999999,67.0958952087912,20.6170379833413,0.30330008687189086,9,64,,False,False,Request timeout: 300.0s exceeded,444,21.16838264042747
134,2026-09-14T02:15:08.473+00:00,2026-09-14T02:20:02.367+00:00,2026-09-14T02:20:08.557+00:00,False,91,90.0,,90.0,293894.34365600004,300084.57853600004,300084.578549,3297.6327313076927,0.05075,293894.34365600004,30801.294917067546,88.71054249999999,68.78038755555555,20.361822586782292,0.29991544530237507,9,64,,False,False,Request timeout: 300.0s exceeded,489,21.16838264042747
135,2026-09-14T02:15:14.452+00:00,2026-09-14T02:20:08.035+00:00,2026-09-14T02:20:14.511+00:00,False,98,97.0,,97.0,293583.636087,300059.61637500004,300059.616377,3061.83282017347,0.02215,293583.636087,29649.688748787965,89.843761,66.7626833814433,20.61828715897315,0.32326909289510686,9,64,,False,False,Request timeout: 300.0s exceeded,478,21.16838264042747
136,2026-09-14T02:15:18.240+00:00,2026-09-14T02:20:11.926+00:00,2026-09-14T02:20:18.305+00:00,False,92,91.0,,91.0,293686.316499,300064.531923,300064.531735,3261.570997119565,0.02443,293686.316499,30611.614509719715,90.72321455,70.09027938461539,20.555458447926927,0.3032680984214144,9,64,,False,False,Request timeout: 300.0s exceeded,408,21.16838264042747
137,2026-09-14T02:15:22.030+00:00,2026-09-14T02:20:15.713+00:00,2026-09-14T02:20:22.539+00:00,False,90,89.0,,89.0,293683.482092,300509.648364,300509.64834200003,3338.996092688889,0.03997,293683.482092,30948.939806098893,92.38581830000001,76.69849743820225,64.94903631690019,0.2961635357950187,9,64,,False,False,Request timeout: 300.0s exceeded,349,21.16838264042747
138,2026-09-14T02:15:27.835+00:00,2026-09-14T02:20:21.666+00:00,2026-09-14T02:20:27.867+00:00,False,97,96.0,,96.0,293830.906235,300031.926651,300031.926596,3093.1126453195875,0.0,293830.906235,29827.52435198911,88.59363880000001,64.59396266666667,67.01137642944848,0.3199659485294314,9,64,,False,False,Request timeout: 300.0s exceeded,532,21.16838264042747
139,2026-09-14T02:15:31.594+00:00,2026-09-14T02:20:25.207+00:00,2026-09-14T02:20:31.676+00:00,False,97,96.0,,96.0,293612.39491399995,300081.62140999996,300081.62141699996,3093.624963061855,0.023989,293612.39491399995,29804.98582917253,87.4965886,67.387776,19.168954575231435,0.31991296084352894,9,64,,False,False,Request timeout: 300.0s exceeded,532,21.16838264042747
140,2026-09-14T02:15:37.220+00:00,2026-09-14T02:20:30.863+00:00,2026-09-14T02:20:37.292+00:00,False,90,89.0,,89.0,293642.48005400004,300071.792566,300071.79249300004,3334.1310277000007,0.045950000000000005,293642.48005400004,30945.026250153864,89.82222594999999,72.23946642696629,19.053736596558476,0.2965956887814595,9,64,,False,False,Request timeout: 300.0s exceeded,434,21.16838264042747
141,2026-09-14T02:15:40.882+00:00,2026-09-14T02:20:34.177+00:00,2026-09-14T02:20:40.912+00:00,False,93,92.0,,92.0,293295.675272,300030.36992800003,300030.369826,3226.133008881721,0.04118,293295.675272,30405.759753941456,89.5111986,73.2032027826087,18.914792896889825,0.3066356249938223,9,64,,False,False,Request timeout: 300.0s exceeded,408,21.16838264042747
142,2026-09-14T02:15:45.755+00:00,2026-09-14T02:20:39.689+00:00,2026-09-14T02:20:45.791+00:00,False,90,89.0,,89.0,293933.772875,300036.033867,300036.033975,3333.7337108333336,0.02639,293933.772875,30976.119394296133,88.25561689999999,68.56473024719101,20.387579578227275,0.2966310374554942,9,64,,False,False,Request timeout: 300.0s exceeded,232,21.16838264042747
143,2026-09-14T02:15:49.750+00:00,2026-09-14T02:20:43.655+00:00,2026-09-14T02:20:49.791+00:00,False,89,88.0,,88.0,293904.690193,300040.964625,300040.964721,3371.2467946179777,0.04236,293904.690193,31146.45047623545,90.44942499999999,69.73039127272726,21.046735921017188,0.2932932845019512,9,64,,False,False,Request timeout: 300.0s exceeded,447,21.16838264042747
144,2026-09-14T02:15:54.566+00:00,2026-09-14T02:20:48.420+00:00,2026-09-14T02:20:54.653+00:00,False,94,93.0,,93.0,293854.61628899997,300087.402977,300087.40311199997,3192.419182042553,0.02257,293854.61628899997,30301.884461724483,90.54192130000001,67.01921169892472,21.450367513853667,0.3099097098958463,9,64,,False,False,Request timeout: 300.0s exceeded,409,21.16838264042747
145,2026-09-14T02:15:57.882+00:00,2026-09-14T02:20:51.607+00:00,2026-09-14T02:20:57.972+00:00,False,95,94.0,,94.0,293724.906937,300090.193081,300090.193159,3158.8441385157894,0.02457,293724.906937,30128.598637221625,89.2141497,67.71581004255319,19.949208424000705,0.31323915998357077,9,64,,False,False,Request timeout: 300.0s exceeded,413,21.16838264042747
146,2026-09-14T02:16:02.364+00:00,2026-09-14T02:20:56.174+00:00,2026-09-14T02:21:02.437+00:00,False,92,91.0,,91.0,293809.244326,300072.27485399996,300072.27472499997,3261.6551600543476,0.038549999999999994,293809.244326,30624.56201486401,88.87749400000001,68.82451129670329,19.679267481762846,0.30326027302681,9,64,,False,False,Request timeout: 300.0s exceeded,443,21.16838264042747
147,2026-09-14T02:16:06.428+00:00,2026-09-14T02:20:59.902+00:00,2026-09-14T02:21:06.473+00:00,False,99,98.0,,98.0,293473.803663,300044.818831,300044.818651,3030.755743949495,0.04151,293473.803663,29488.49504998686,88.0728479,67.05117518367346,20.275813340387955,0.326617871229426,9,64,,False,False,Request timeout: 300.0s exceeded,399,21.16838264042747
148,2026-09-14T02:16:12.398+00:00,2026-09-14T02:21:06.299+00:00,2026-09-14T02:21:12.431+00:00,False,89,88.0,,88.0,293900.832154,300032.537754,300032.53775,3371.152109550562,0.0327,293900.832154,31146.046841843006,91.13721340000001,69.67847272727273,20.76546042267563,0.29330152209075466,9,64,,False,False,Request timeout: 300.0s exceeded,370,21.16838264042747
149,2026-09-14T02:16:16.101+00:00,2026-09-14T02:21:09.839+00:00,2026-09-14T02:21:16.109+00:00,False,92,91.0,,91.0,293738.505833,300008.520041,300008.520037,3260.9621743152175,0.023469999999999998,293738.505833,30617.179475623347,88.57778710000001,68.90125503296703,20.38732616811386,0.30332471886986306,9,64,,False,False,Request timeout: 300.0s exceeded,405,21.16838264042747
150,2026-09-14T02:16:21.008+00:00,2026-09-14T02:21:14.701+00:00,2026-09-14T02:21:21.033+00:00,False,100,99.0,,99.0,293693.411007,300025.153983,300025.153912,3000.25153912,0.0,293693.411007,29363.021805220968,88.49641835,63.95699975757576,67.32538170853746,0.32997233293848927,9,64,,False,False,Request timeout: 300.0s exceeded,517,21.16838264042747
151,2026-09-14T02:16:26.825+00:00,2026-09-14T02:21:20.689+00:00,2026-09-14T02:21:26.835+00:00,False,91,90.0,,90.0,293863.18812400004,300010.067868,300010.067768,3296.813931516484,0.02203,293863.18812400004,30798.07872935382,87.95509450000002,68.29866382222222,19.261846180662122,0.2999899324698619,9,64,,False,False,Request timeout: 300.0s exceeded,301,21.16838264042747
152,2026-09-14T02:16:32.762+00:00,2026-09-14T02:21:26.099+00:00,2026-09-14T02:21:32.855+00:00,False,102,101.0,,101.0,293337.051469,300093.085005,300093.085006,2942.0890686862745,0.023829999999999997,293337.051469,29038.080097216938,89.13753800000002,66.89142114851485,20.63217998621695,0.33656223700828425,9,64,,False,False,Request timeout: 300.0s exceeded,473,21.16838264042747
153,2026-09-14T02:16:37.061+00:00,2026-09-14T02:21:30.880+00:00,2026-09-14T02:21:37.074+00:00,False,95,94.0,,94.0,293818.30843800004,300012.42735,300012.427373,3158.0255512947374,0.04337,293818.30843800004,30138.36874424615,91.4246797,65.89488204255319,20.689787527491546,0.313320354194321,9,64,,False,False,Request timeout: 300.0s exceeded,374,21.16838264042747
154,2026-09-14T02:16:40.456+00:00,2026-09-14T02:21:34.166+00:00,2026-09-14T02:21:40.504+00:00,False,94,93.0,,93.0,293710.388099,300048.425091,300048.42494899995,3192.004520734042,0.043619,293710.388099,30286.89059298212,87.18331600000002,68.15093539784945,19.752546072061662,0.30994996881518233,9,64,,False,False,Request timeout: 300.0s exceeded,235,21.16838264042747
155,2026-09-14T02:16:46.134+00:00,2026-09-14T02:21:39.600+00:00,2026-09-14T02:21:46.376+00:00,False,75,74.0,,74.0,293465.973628,300242.00895600003,300242.008914,4003.2267855200002,0.065109,293465.973628,33876.81878031444,90.23620070000001,91.56804497297297,243.08675977776477,0.24646784191630086,9,64,,False,False,Request timeout: 300.0s exceeded,166,21.16838264042747
156,2026-09-14T02:16:52.029+00:00,2026-09-14T02:21:46.632+00:00,2026-09-14T02:21:52.040+00:00,False,82,81.0,,81.0,294602.407611,300010.835131,300010.835226,3658.6687222682926,0.02093,294602.407611,32526.026252218275,87.55108899999999,66.7707101234568,20.508857491479812,0.26999024873428745,9,64,,False,False,Request timeout: 300.0s exceeded,343,21.16838264042747
157,2026-09-14T02:16:56.060+00:00,2026-09-14T02:21:49.644+00:00,2026-09-14T02:21:56.075+00:00,False,97,96.0,,96.0,293584.17229799996,300014.89152999996,300014.89144299994,3092.9370251855667,0.037,293584.17229799996,29802.16168314818,87.4430816,66.98665866666667,20.2366449978746,0.31998411648976594,9,64,,False,False,Request timeout: 300.0s exceeded,441,21.16838264042747
158,2026-09-14T02:17:00.927+00:00,2026-09-14T02:21:54.623+00:00,2026-09-14T02:22:00.978+00:00,False,94,93.0,,93.0,293696.62936,300050.77592000004,300050.776047,3192.0295324148938,0.02318,293696.62936,30285.453594182294,87.9834505,68.3241565591398,19.710947087331423,0.3099475404282767,9,64,,False,False,Request timeout: 300.0s exceeded,392,21.16838264042747
159,2026-09-14T02:17:04.816+00:00,2026-09-14T02:21:58.820+00:00,2026-09-14T02:22:04.873+00:00,False,93,92.0,,92.0,294003.975945,300056.92237700004,300056.922429,3226.4185207419355,0.03595,294003.975945,30479.976702728152,89.083728,65.792896,20.765815554425057,0.30660849038639604,9,64,,False,False,Request timeout: 300.0s exceeded,434,21.16838264042747
160,2026-09-14T02:17:09.181+00:00,2026-09-14T02:22:02.790+00:00,2026-09-14T02:22:09.222+00:00,False,99,98.0,,98.0,293608.653179,300040.43762700004,300040.43761200004,3030.711491030303,0.03577,293608.653179,29502.191100324806,88.90927969999998,65.63045355102041,20.826253476790068,0.32662264051830986,9,64,,False,False,Request timeout: 300.0s exceeded,423,21.16838264042747
161,2026-09-14T02:17:12.546+00:00,2026-09-14T02:22:05.819+00:00,2026-09-14T02:22:12.622+00:00,False,106,105.0,,105.0,293272.981482,300075.58013799996,300075.580033,2830.901698424528,0.0,293272.981482,28478.971668960126,91.91323375,64.78665386666667,65.33589026045978,0.3499118453814608,9,64,,False,False,Request timeout: 300.0s exceeded,497,21.16838264042747
162,2026-09-14T02:17:15.912+00:00,2026-09-14T02:22:09.552+00:00,2026-09-14T02:22:15.945+00:00,False,104,103.0,,103.0,293640.132811,300032.711883,300032.711907,2884.9299221826923,0.0,293640.132811,28787.77252862047,88.469383,62.06387448543689,65.77292143799487,0.3432959004822302,9,64,,False,False,Request timeout: 300.0s exceeded,458,21.16838264042747
163,2026-09-14T02:17:20.648+00:00,2026-09-14T02:22:14.223+00:00,2026-09-14T02:22:20.670+00:00,False,94,93.0,,93.0,293574.642347,300021.68797900004,300021.687968,3191.720084765958,0.03682,293574.642347,30272.768440766686,89.20761215,69.32307131182796,19.513799806294628,0.30997759070840747,9,64,,False,False,Request timeout: 300.0s exceeded,355,21.16838264042747
164,2026-09-14T02:17:26.693+00:00,2026-09-14T02:22:20.335+00:00,2026-09-14T02:22:26.701+00:00,False,97,96.0,,96.0,293642.18544,300008.16406399995,300008.164221,3092.867672381443,0.024829,293642.18544,29808.120792418387,91.3605268,66.31227733333334,20.672081028447835,0.31999129190204495,9,64,,False,False,Request timeout: 300.0s exceeded,475,21.16838264042747
165,2026-09-14T02:17:31.991+00:00,2026-09-14T02:22:26.002+00:00,2026-09-14T02:22:32.017+00:00,False,88,87.0,,87.0,294010.70920599997,300025.85928599996,300025.859129,3409.3847628295453,0.02134,294010.70920599997,31334.283135758986,91.26048885,69.13965609195402,20.35936530448279,0.28997500484472294,9,64,,False,False,Request timeout: 300.0s exceeded,426,21.16838264042747
166,2026-09-14T02:17:35.785+00:00,2026-09-14T02:22:29.487+00:00,2026-09-14T02:22:35.852+00:00,False,90,89.0,,89.0,293702.33263300004,300067.277529,300067.27735800005,3334.0808595333338,0.026920000000000003,293702.33263300004,30951.41283976306,90.41601849999999,71.51623478651686,21.140301411859856,0.29660015158233505,9,64,,False,False,Request timeout: 300.0s exceeded,382,21.16838264042747
167,2026-09-14T02:17:39.060+00:00,2026-09-14T02:22:32.747+00:00,2026-09-14T02:22:39.082+00:00,False,94,93.0,,93.0,293686.352214,300022.071894,300022.07189900003,3191.724169138298,0.03673,293686.352214,30284.415471751883,92.2047068,68.12601806451613,21.843643730540684,0.3099771940541014,9,64,,False,False,Request timeout: 300.0s exceeded,350,21.16838264042747
168,2026-09-14T02:17:43.709+00:00,2026-09-14T02:22:37.807+00:00,2026-09-14T02:22:43.742+00:00,False,85,84.0,,84.0,294098.014772,300032.879924,300032.87993500003,3529.7985874705887,0.020739999999999998,294098.014772,31891.752281571953,91.5927822,70.65315657142857,21.556168426290014,0.27996931543395404,9,64,,False,False,Request timeout: 300.0s exceeded,397,21.16838264042747
169,2026-09-14T02:17:49.510+00:00,2026-09-14T02:22:43.297+00:00,2026-09-14T02:22:49.525+00:00,False,91,90.0,,90.0,293786.88073900004,300014.477283,300014.477414,3296.862389164836,0.0221,293786.88073900004,30789.985860314377,87.8203845,69.19551715555556,19.792671658653727,0.29998552341560536,9,64,,False,False,Request timeout: 300.0s exceeded,448,21.16838264042747
170,2026-09-14T02:17:53.315+00:00,2026-09-14T02:22:47.311+00:00,2026-09-14T02:22:53.382+00:00,False,90,89.0,,89.0,293995.427065,300066.849529,300066.849531,3334.0761059,0.08517,293995.427065,30982.653964330628,87.44808985,68.21822993258426,18.994703628665007,0.29660057463761447,9,64,,False,False,Request timeout: 300.0s exceeded,453,21.16838264042747
171,2026-09-14T02:17:57.498+00:00,2026-09-14T02:22:50.963+00:00,2026-09-14T02:22:57.514+00:00,False,99,98.0,,98.0,293465.143513,300016.720089,300016.720034,3030.471919535353,0.02852,293465.143513,29487.644744222438,90.2399137,66.85282220408163,20.47578934891196,0.32664846136218106,9,64,,False,False,Request timeout: 300.0s exceeded,473,21.16838264042747
172,2026-09-14T02:18:02.305+00:00,2026-09-14T02:22:56.119+00:00,2026-09-14T02:23:02.315+00:00,False,92,91.0,,91.0,293813.789987,300009.539619,300009.539709,3260.9732577065215,0.02562,293813.789987,30625.114206299986,91.42934405,68.08516079120879,21.472061264997315,0.3033236880252752,9,64,,False,False,Request timeout: 300.0s exceeded,450,21.16838264042747
173,2026-09-14T02:18:07.848+00:00,2026-09-14T02:23:01.756+00:00,2026-09-14T02:23:07.871+00:00,False,95,94.0,,94.0,293908.40419800003,300023.49079,300023.49075000006,3158.142007894737,0.0,293908.40419800003,30147.76757079399,87.79168299999999,65.05411268085106,68.03961506050449,0.3133088004292132,9,64,,False,False,Request timeout: 300.0s exceeded,273,21.16838264042747
174,2026-09-14T02:18:12.308+00:00,2026-09-14T02:23:06.575+00:00,2026-09-14T02:23:12.345+00:00,False,88,87.0,,87.0,294267.185268,300037.380724,300037.380639,3409.5156890795456,0.024210000000000002,294267.185268,31361.92352555741,88.7081482,66.32408570114943,20.068604706181368,0.2899638698020432,9,64,,False,False,Request timeout: 300.0s exceeded,340,21.16838264042747
175,2026-09-14T02:18:18.117+00:00,2026-09-14T02:23:12.219+00:00,2026-09-14T02:23:18.138+00:00,False,84,83.0,,83.0,294101.996837,300021.03197300003,300021.031804,3571.6789500476193,0.02327,294101.996837,32081.384126747318,91.3220483,71.3136763373494,20.474174527184672,0.2766472718734914,9,64,,False,False,Request timeout: 300.0s exceeded,180,21.16838264042747
176,2026-09-14T02:18:23.103+00:00,2026-09-14T02:23:16.690+00:00,2026-09-14T02:23:23.182+00:00,False,100,99.0,,99.0,293586.678884,300078.798948,300078.79894,3000.7879894,0.01798,293586.678884,29352.117092758534,88.19559600000001,65.57697034343434,20.230531971699694,0.3299133439185602,9,64,,False,False,Request timeout: 300.0s exceeded,460,21.16838264042747
177,2026-09-14T02:18:26.513+00:00,2026-09-14T02:23:20.054+00:00,2026-09-14T02:23:26.591+00:00,False,100,99.0,,99.0,293541.140565,300077.834325,300077.83436700003,3000.77834367,0.03925,293541.140565,29347.51825394677,87.92575740000001,66.02720969696969,20.253938442923285,0.3299144044500728,9,64,,False,False,Request timeout: 300.0s exceeded,225,21.16838264042747
178,2026-09-14T02:18:31.102+00:00,2026-09-14T02:23:24.628+00:00,2026-09-14T02:23:31.142+00:00,False,99,98.0,,98.0,293526.46187400003,300039.54629,300039.546136,3030.7024862222224,0.02956,293526.46187400003,29493.84734459077,89.92647589999999,66.46004506122449,21.048435386246727,0.32662361082655134,9,64,,False,False,Request timeout: 300.0s exceeded,612,21.16838264042747
179,2026-09-14T02:18:34.725+00:00,2026-09-14T02:23:28.013+00:00,2026-09-14T02:23:34.783+00:00,False,105,104.0,,104.0,293288.553113,300058.350489,300058.350432,2857.6985755428573,0.03517,293288.553113,28615.687219002593,91.4318564,65.09420553846154,21.128505316627084,0.3465992525470895,9,64,,False,False,Request timeout: 300.0s exceeded,460,21.16838264042747
180,2026-09-14T02:18:39.732+00:00,2026-09-14T02:23:33.264+00:00,2026-09-14T02:23:39.804+00:00,False,98,97.0,,97.0,293531.743295,300072.372799,300072.37273,3061.962987040816,0.02515,293531.743295,29644.379129920693,89.30655535,67.42917014432989,20.131230910034503,0.32325535035167774,9,64,,False,False,Request timeout: 300.0s exceeded,429,21.16838264042747
181,2026-09-14T02:18:44.543+00:00,2026-09-14T02:23:38.486+00:00,2026-09-14T02:23:44.587+00:00,False,91,90.0,,90.0,293942.632247,300043.929655,300043.929669,3297.1860403186815,0.02341,293942.632247,30806.45940621849,87.65128949999999,67.79219342222223,18.568729076602327,0.2999560767767735,9,64,,False,False,Request timeout: 300.0s exceeded,396,21.16838264042747
182,2026-09-14T02:18:49.467+00:00,2026-09-14T02:23:43.308+00:00,2026-09-14T02:23:49.549+00:00,False,94,93.0,,93.0,293840.288222,300081.758942,300081.758908,3192.359137319149,0.04265,293840.288222,30300.39522916708,87.54414564999999,67.11258838709678,18.745558451835162,0.3099155387781338,9,64,,False,False,Request timeout: 300.0s exceeded,267,21.16838264042747
183,2026-09-14T02:18:54.381+00:00,2026-09-14T02:23:48.287+00:00,2026-09-14T02:23:54.443+00:00,False,90,89.0,,89.0,293905.772734,300061.805758,300061.80583,3334.020064777778,0.02115,293905.772734,30973.104137178,89.17261444999998,69.16891038202247,20.237030177348316,0.2966055602284102,9,64,,False,False,Request timeout: 300.0s exceeded,446,21.16838264042747
184,2026-09-14T02:18:59.262+00:00,2026-09-14T02:23:51.919+00:00,2026-09-14T02:23:59.375+00:00,False,113,112.0,,112.0,292657.203791,300112.869199,300112.869163,2655.8660987876106,0.02264,292657.203791,27524.619377652485,90.0625542,66.56844114285714,20.708913187851124,0.3731929267109656,9,64,,False,False,Request timeout: 300.0s exceeded,371,21.16838264042747
185,2026-09-14T02:19:02.819+00:00,2026-09-14T02:23:56.758+00:00,2026-09-14T02:24:02.829+00:00,False,104,103.0,,103.0,293939.28831800004,300010.15475000005,300010.15479800006,2884.7130269038466,0.0,293939.28831800004,28817.412969066514,97.14310305000001,58.94045079611651,65.60867646324915,0.34332171217947743,9,64,,False,False,Request timeout: 300.0s exceeded,493,21.16838264042747
186,2026-09-14T02:19:08.595+00:00,2026-09-14T02:24:02.528+00:00,2026-09-14T02:24:08.664+00:00,False,93,92.0,,92.0,293933.811343,300069.826703,300069.826695,3226.5572762903225,0.02102,293933.811343,30472.607242285747,88.2455522,66.69581913043478,20.612222223339952,0.3065953048690191,9,64,,False,False,Request timeout: 300.0s exceeded,412,21.16838264042747
187,2026-09-14T02:19:12.848+00:00,2026-09-14T02:24:06.367+00:00,2026-09-14T02:24:12.909+00:00,False,98,97.0,,97.0,293518.41498299997,300060.797575,300060.79743599996,3061.844871795918,0.038740000000000004,293518.41498299997,29643.030790040466,87.9421034,67.44724321649484,19.90413230597615,0.32326782033482704,9,64,,False,False,Request timeout: 300.0s exceeded,457,21.16838264042747
188,2026-09-14T02:19:17.255+00:00,2026-09-14T02:24:10.748+00:00,2026-09-14T02:24:17.269+00:00,False,97,96.0,,96.0,293492.772856,300014.555896,300014.555834,3092.933565298969,0.02134,293492.772856,29792.78484329889,87.22023599999999,67.93524,19.75354649722024,0.31998447446422695,9,64,,False,False,Request timeout: 300.0s exceeded,314,21.16838264042747
189,2026-09-14T02:19:20.882+00:00,2026-09-14T02:24:14.484+00:00,2026-09-14T02:24:20.932+00:00,False,95,94.0,,94.0,293601.47449500003,300049.98726300005,300049.987288,3158.420918821053,0.02244,293601.47449500003,30115.843700260757,89.5947367,68.60119965957446,19.642602986442405,0.3132811331120206,9,64,,False,False,Request timeout: 300.0s exceeded,424,21.16838264042747
190,2026-09-14T02:19:25.569+00:00,2026-09-14T02:24:19.237+00:00,2026-09-14T02:24:25.640+00:00,False,95,94.0,,94.0,293668.86229400005,300070.90133400005,300070.90138500003,3158.6410672105267,0.08183,293668.86229400005,30122.808542970553,87.62656599999998,68.10679829787233,20.067974321285945,0.31325929832620253,9,64,,False,False,Request timeout: 300.0s exceeded,390,21.16838264042747
191,2026-09-14T02:19:29.470+00:00,2026-09-14T02:24:23.093+00:00,2026-09-14T02:24:29.555+00:00,False,99,98.0,,98.0,293623.523109,300085.511461,300085.511503,3031.166782858586,0.04537,293623.523109,29503.65404061523,87.6153735,65.93865665306123,19.996934762993668,0.3265735807199621,9,64,,False,False,Request timeout: 300.0s exceeded,498,21.16838264042747
192,2026-09-14T02:19:33.951+00:00,2026-09-14T02:24:27.848+00:00,2026-09-14T02:24:34.039+00:00,False,92,91.0,,91.0,293897.089603,300087.90355499997,300087.90358,3261.825038913043,0.028730000000000002,293897.089603,30633.803397147178,87.3499741,68.03092254945055,19.904281459958966,0.3032444791075078,9,64,,False,False,Request timeout: 300.0s exceeded,365,21.16838264042747
193,2026-09-14T02:19:39.868+00:00,2026-09-14T02:24:33.408+00:00,2026-09-14T02:24:39.931+00:00,False,95,94.0,,94.0,293539.284848,300062.705264,300062.705232,3158.5547919157893,0.02278,293539.284848,30109.38137372924,87.16975699999999,69.39808953191489,19.571798791455777,0.313267854854862,9,64,,False,False,Request timeout: 300.0s exceeded,417,21.16838264042747
194,2026-09-14T02:19:44.161+00:00,2026-09-14T02:24:37.711+00:00,2026-09-14T02:24:44.199+00:00,False,91,90.0,,90.0,293549.479638,300038.16751,300038.167366,3297.1227183076926,0.02056,293549.479638,30764.79536614164,90.42767899999998,72.09653191111111,19.80332293622886,0.299961837345245,9,64,,False,False,Request timeout: 300.0s exceeded,296,21.16838264042747
195,2026-09-14T02:19:49.521+00:00,2026-09-14T02:24:42.820+00:00,2026-09-14T02:24:49.526+00:00,False,112,111.0,,111.0,293299.17836900003,300005.27782500006,300005.27775600005,2678.6185513928576,0.015099999999999999,293299.17836900003,27709.273142478203,92.08086680000001,60.415310414414414,213.42077219226604,0.3699934907970147,9,64,,False,False,Request timeout: 300.0s exceeded,450,21.16838264042747
196,2026-09-14T02:19:53.986+00:00,2026-09-14T02:24:48.871+00:00,2026-09-14T02:24:54.021+00:00,False,74,73.0,,73.0,294885.05460000003,300034.57268000004,300034.572646,4054.5212519729735,0.02144,294885.05460000003,34271.49713055867,90.91331484999999,70.54134356164384,20.584319631120984,0.2433052942797285,9,64,,False,False,Request timeout: 300.0s exceeded,282,21.16838264042747
197,2026-09-14T02:19:57.665+00:00,2026-09-14T02:24:51.522+00:00,2026-09-14T02:24:57.701+00:00,False,93,92.0,,92.0,293857.117471,300036.240927,300036.240942,3226.1961391612904,0.0,293857.117471,30464.677266275507,88.6713046,67.16438539130435,69.44543221114954,0.306629624860498,9,64,,False,False,Request timeout: 300.0s exceeded,477,21.16838264042747
198,2026-09-14T02:20:03.021+00:00,2026-09-14T02:24:57.027+00:00,2026-09-14T02:25:03.110+00:00,False,102,101.0,,101.0,294005.31445099995,300088.231827,300088.23174699995,2942.041487715686,0.0,294005.31445099995,29104.912976564203,85.67893205,60.22690471287129,26.952513269001784,0.33656768006226323,9,64,,False,False,Request timeout: 300.0s exceeded,236,21.16838264042747
199,2026-09-14T02:20:06.802+00:00,2026-09-14T02:25:00.549+00:00,2026-09-14T02:25:06.838+00:00,False,95,94.0,,94.0,293746.47973,300035.656306,300035.656199,3158.270065252632,0.026809,293746.47973,30130.894995454204,87.883814,66.90613378723404,19.896666374823383,0.3132960967283548,9,64,,False,False,Request timeout: 300.0s exceeded,394,21.16838264042747
200,2026-09-14T02:20:12.255+00:00,2026-09-14T02:25:06.016+00:00,2026-09-14T02:25:12.309+00:00,False,92,91.0,,91.0,293760.924875,300054.595531,300054.59548400005,3261.4629943913046,0.026629999999999997,293760.924875,30619.489475510472,89.38929745,69.161216,20.01405303044259,0.30327814122946295,9,64,,False,False,Request timeout: 300.0s exceeded,441,21.16838264042747
201,2026-09-14T02:20:17.472+00:00,2026-09-14T02:25:11.210+00:00,2026-09-14T02:25:17.504+00:00,False,91,90.0,,90.0,293737.76008700003,300031.77711100003,300031.77728700003,3297.052497659341,0.023350000000000003,293737.76008700003,30784.75988415613,91.254807,69.93352248888888,20.760327005063612,0.29996822625459274,9,64,,False,False,Request timeout: 300.0s exceeded,439,21.16838264042747
202,2026-09-14T02:20:22.153+00:00,2026-09-14T02:25:15.803+00:00,2026-09-14T02:25:22.604+00:00,False,101,100.0,,100.0,293650.759634,300450.852306,300450.852334,2974.76091419802,0.037079999999999995,293650.759634,29212.583634775,90.89770800000001,68.00092672,20.760231686508543,0.3328331380406705,9,64,,False,False,Request timeout: 300.0s exceeded,447,21.16838264042747
203,2026-09-14T02:20:26.049+00:00,2026-09-14T02:25:19.939+00:00,2026-09-14T02:25:26.074+00:00,False,92,91.0,,91.0,293889.594263,300024.600727,300024.600647,3261.136963554348,0.036789999999999996,293889.594263,30633.086130348624,88.36730204999999,67.41765345054945,20.271886154848787,0.30330846130448885,9,64,,False,False,Request timeout: 300.0s exceeded,373,21.16838264042747
204,2026-09-14T02:20:30.422+00:00,2026-09-14T02:25:23.961+00:00,2026-09-14T02:25:30.482+00:00,False,93,92.0,,92.0,293539.506475,300059.618603,300059.618568,3226.447511483871,0.02336,293539.506475,30431.286563868885,90.4073612,70.870784,20.229525333615786,0.3066057353146292,9,64,,False,False,Request timeout: 300.0s exceeded,400,21.16838264042747
205,2026-09-14T02:20:35.691+00:00,2026-09-14T02:25:29.449+00:00,2026-09-14T02:25:35.728+00:00,False,89,88.0,,88.0,293758.130298,300037.64953,300037.649757,3371.209547831461,0.03726,293758.130298,31130.741809675255,90.04322,71.35817309090909,19.801587603949272,0.29329652507893383,9,64,,False,False,Request timeout: 300.0s exceeded,404,21.16838264042747
206,2026-09-14T02:20:39.309+00:00,2026-09-14T02:25:33.226+00:00,2026-09-14T02:25:39.341+00:00,False,89,88.0,,88.0,293917.267145,300032.006345,300032.006412,3371.146139460674,0.036969999999999996,293917.267145,31147.80856379652,88.643381,69.48567272727273,19.481846967254654,0.2933020415788934,9,64,,False,False,Request timeout: 300.0s exceeded,413,21.16838264042747
207,2026-09-14T02:20:44.497+00:00,2026-09-14T02:25:38.269+00:00,2026-09-14T02:25:44.556+00:00,False,94,93.0,,93.0,293772.069704,300058.61408800003,300058.614239,3192.1129174361704,0.02427,293772.069704,30293.309853225514,88.4811012,67.5972514408602,20.032733273505443,0.3099394439405273,9,64,,False,False,Request timeout: 300.0s exceeded,447,21.16838264042747
208,2026-09-14T02:20:49.578+00:00,2026-09-14T02:25:43.585+00:00,2026-09-14T02:25:49.659+00:00,False,87,86.0,,86.0,294006.744482,300081.07997,300081.080128,3449.2078175632187,0.025070000000000002,294006.744482,31513.265216671072,88.604849,70.631808,19.7758773086978,0.2865892111845161,9,64,,False,False,Request timeout: 300.0s exceeded,400,21.16838264042747
209,2026-09-14T02:20:53.934+00:00,2026-09-14T02:25:47.624+00:00,2026-09-14T02:25:53.941+00:00,False,99,98.0,,98.0,293689.752687,300006.19454299996,300006.194507,3030.3656010808077,0.0,293689.752687,29510.53053001492,88.338907,64.45348832653062,68.02773589271928,0.3266599216368969,9,64,,False,False,Request timeout: 300.0s exceeded,441,21.16838264042747
210,2026-09-14T02:20:59.036+00:00,2026-09-14T02:25:52.781+00:00,2026-09-14T02:25:59.120+00:00,False,96,95.0,,95.0,293744.820314,300083.81730600004,300083.817345,3125.87309734375,0.046329999999999996,293744.820314,29973.402278158912,88.5323985,66.72628412631579,21.058390574497917,0.31657821755555404,9,64,,False,False,Request timeout: 300.0s exceeded,186,21.16838264042747
211,2026-09-14T02:21:02.358+00:00,2026-09-14T02:25:56.114+00:00,2026-09-14T02:26:02.405+00:00,False,92,91.0,,91.0,293755.809322,300047.01623400004,300047.01639500004,3261.3806129891304,0.03961,293755.809322,30618.959469016045,90.80330900000001,69.1341418901099,20.779387987759,0.3032858021458581,9,64,,False,False,Request timeout: 300.0s exceeded,417,21.16838264042747
212,2026-09-14T02:21:07.962+00:00,2026-09-14T02:26:01.434+00:00,2026-09-14T02:26:07.986+00:00,False,98,97.0,,97.0,293472.15736400004,300023.68350800005,300023.68338800006,3061.4661570204084,0.036969999999999996,293472.15736400004,29638.3488526283,88.4975115,67.54150663917525,20.36336756785808,0.3233078097896679,9,64,,False,False,Request timeout: 300.0s exceeded,368,21.16838264042747
213,2026-09-14T02:21:13.276+00:00,2026-09-14T02:26:06.987+00:00,2026-09-14T02:26:13.289+00:00,False,94,93.0,,93.0,293711.028754,300013.32072200003,300013.32056200004,3191.631069808511,0.02401,293711.028754,30286.996853457156,88.58279600000002,67.76658030107527,20.57069792054416,0.309986235865094,9,64,,False,False,Request timeout: 300.0s exceeded,450,21.16838264042747
214,2026-09-14T02:21:18.009+00:00,2026-09-14T02:26:11.486+00:00,2026-09-14T02:26:18.021+00:00,False,95,94.0,,94.0,293477.42242799996,300011.97961199994,300011.979496,3158.0208367999994,0.02187,293477.42242799996,30103.022721504105,90.4180597,69.51656578723404,20.262497358457146,0.3133208217937447,9,64,,False,False,Request timeout: 300.0s exceeded,216,21.16838264042747
215,2026-09-14T02:21:21.964+00:00,2026-09-14T02:26:15.730+00:00,2026-09-14T02:26:21.992+00:00,False,96,95.0,,95.0,293766.00787000003,300028.61983800004,300028.61991300003,3125.29812409375,0.05219,293766.00787000003,29975.646585552844,90.43118125,65.92223124210525,20.766907475041577,0.3166364597193931,9,64,,False,False,Request timeout: 300.0s exceeded,127,21.16838264042747
216,2026-09-14T02:21:26.217+00:00,2026-09-14T02:26:19.773+00:00,2026-09-14T02:26:26.233+00:00,False,94,93.0,,93.0,293556.240085,300016.281301,300016.281211,3191.662566074468,0.02492,293556.240085,30270.85686871833,90.488791,69.46280877419356,20.860862154979003,0.3099831769019731,9,64,,False,False,Request timeout: 300.0s exceeded,207,21.16838264042747
217,2026-09-14T02:21:31.704+00:00,2026-09-14T02:26:25.496+00:00,2026-09-14T02:26:31.715+00:00,False,94,93.0,,93.0,293791.84587,300011.036654,300011.036724,3191.6067736595746,0.02665,293791.84587,30295.42471592576,88.82819149999999,66.8730191827957,20.647657017828067,0.30998859587707783,9,64,,False,False,Request timeout: 300.0s exceeded,456,21.16838264042747
218,2026-09-14T02:21:37.553+00:00,2026-09-14T02:26:30.958+00:00,2026-09-14T02:26:37.604+00:00,False,98,97.0,,97.0,293404.78941900004,300050.51946700003,300050.51928300003,3061.739992683674,0.03546,293404.78941900004,29631.44536302696,88.76049320000001,68.51268090721649,20.070508532049633,0.323278893741986,9,64,,False,False,Request timeout: 300.0s exceeded,471,21.16838264042747
219,2026-09-14T02:21:41.889+00:00,2026-09-14T02:26:35.522+00:00,2026-09-14T02:26:41.951+00:00,False,97,96.0,,96.0,293633.313468,300062.44422,300062.44437,3093.4272615463915,0.04201,293633.313468,29807.152995572633,89.881128,66.970112,20.39070228014378,0.3199334066932236,9,64,,False,False,Request timeout: 300.0s exceeded,442,21.16838264042747
220,2026-09-14T02:21:46.501+00:00,2026-09-14T02:26:40.310+00:00,2026-09-14T02:26:46.521+00:00,False,98,97.0,,97.0,293808.45949000004,300019.40912200004,300019.40902300004,3061.4225410510207,0.0,293808.45949000004,29672.737517816633,89.7709802,64.03040857731959,64.44868026564227,0.323312415966248,9,64,,False,False,Request timeout: 300.0s exceeded,428,21.16838264042747
221,2026-09-14T02:21:50.356+00:00,2026-09-14T02:26:44.093+00:00,2026-09-14T02:26:50.396+00:00,False,101,100.0,,100.0,293737.738092,300040.67057200003,300040.670661,2970.6997095148517,0.0,293737.738092,29221.794165252933,93.024303,63.0293248,63.57273290773869,0.3332881499343378,9,64,,False,False,Request timeout: 300.0s exceeded,193,21.16838264042747
222,2026-09-14T02:21:54.502+00:00,2026-09-14T02:26:48.336+00:00,2026-09-14T02:26:54.576+00:00,False,93,92.0,,92.0,293834.11129100004,300074.959931,300074.96011000004,3226.6124743010755,0.04045,293834.11129100004,30462.150334019832,88.070854,67.83531130434783,20.102722955638004,0.30659006010083184,9,64,,False,False,Request timeout: 300.0s exceeded,390,21.16838264042747
223,2026-09-14T02:21:58.333+00:00,2026-09-14T02:26:52.182+00:00,2026-09-14T02:26:58.350+00:00,False,90,89.0,,89.0,293849.34335900005,300017.03436700004,300017.034273,3333.522603033334,0.01988,293849.34335900005,30967.14183177407,91.19586899999999,69.29989896629213,19.733884941851755,0.2966498225268419,9,64,,False,False,Request timeout: 300.0s exceeded,400,21.16838264042747
224,2026-09-14T02:22:03.456+00:00,2026-09-14T02:26:57.580+00:00,2026-09-14T02:27:03.537+00:00,False,85,84.0,,84.0,294123.196694,300080.752918,300080.75279199996,3530.361797552941,0.041210000000000004,294123.196694,31894.453097041423,87.390704,70.92328838095239,19.599926304905168,0.2799246508920678,9,64,,False,False,Request timeout: 300.0s exceeded,369,21.16838264042747
225,2026-09-14T02:22:08.197+00:00,2026-09-14T02:27:01.909+00:00,2026-09-14T02:27:08.208+00:00,False,93,92.0,,92.0,293711.765634,300010.56678600004,300010.566861,3225.9200737741935,0.02244,293711.765634,30449.398093143333,89.17576000000001,68.46522991304349,19.684005894516613,0.30665586544364737,9,64,,False,False,Request timeout: 300.0s exceeded,265,21.16838264042747
226,2026-09-14T02:22:12.513+00:00,2026-09-14T02:27:06.514+00:00,2026-09-14T02:27:12.585+00:00,False,89,88.0,,88.0,294001.285744,300072.057456,300072.057332,3371.596149797753,0.02995,294001.285744,31156.767950769197,88.99577440000002,68.98604218181819,20.23417343023075,0.29326289407304634,9,64,,False,False,Request timeout: 300.0s exceeded,348,21.16838264042747
227,2026-09-14T02:22:15.854+00:00,2026-09-14T02:27:10.034+00:00,2026-09-14T02:27:15.859+00:00,False,88,87.0,,87.0,294179.599199,300005.283423,300005.283395,3409.1509476704546,0.03588,294179.599199,31352.519262430887,89.23748315,66.9618876321839,20.739026618557233,0.2899948927810453,9,64,,False,False,Request timeout: 300.0s exceeded,352,21.16838264042747
228,2026-09-14T02:22:19.962+00:00,2026-09-14T02:27:13.781+00:00,2026-09-14T02:27:20.017+00:00,False,94,93.0,,93.0,293818.69312300003,300054.80166700005,300054.80177200004,3192.072359276596,0.0214,293818.69312300003,30298.175538431624,89.81779944999998,67.05493058064516,21.381032863362716,0.30994338195331106,9,64,,False,False,Request timeout: 300.0s exceeded,389,21.16838264042747
229,2026-09-14T02:22:24.307+00:00,2026-09-14T02:27:18.236+00:00,2026-09-14T02:27:24.381+00:00,False,90,89.0,,89.0,293928.641273,300074.119929,300074.120123,3334.1568902555555,0.034659999999999996,293928.641273,30975.5265802526,88.5422928,69.0503219775281,19.26593088322509,0.2965933883970338,9,64,,False,False,Request timeout: 300.0s exceeded,258,21.16838264042747
230,2026-09-14T02:22:27.588+00:00,2026-09-14T02:27:21.469+00:00,2026-09-14T02:27:27.644+00:00,False,87,86.0,,86.0,293880.952294,300056.565222,300056.565191,3448.926036678161,0.0396,293880.952294,31499.65160696786,87.4370126,71.80945265116279,18.061484640520312,0.28661262564400813,9,64,,False,False,Request timeout: 300.0s exceeded,347,21.16838264042747
231,2026-09-14T02:22:32.529+00:00,2026-09-14T02:27:25.922+00:00,2026-09-14T02:27:32.575+00:00,False,101,100.0,,100.0,293393.79305599997,300046.86467199994,300046.86460499995,2970.761035693069,0.019649999999999997,293393.79305599997,29187.159890016363,87.147526,66.53071616,19.42126725421154,0.33328126960872023,9,64,,False,False,Request timeout: 300.0s exceeded,551,21.16838264042747
232,2026-09-14T02:22:36.205+00:00,2026-09-14T02:27:30.185+00:00,2026-09-14T02:27:36.237+00:00,False,95,94.0,,94.0,293979.235941,300031.747429,300031.747299,3158.228918936842,0.04094,293979.235941,30155.033353970175,86.7836004,64.38842008510638,19.538542298159374,0.31330017841610014,9,64,,False,False,Request timeout: 300.0s exceeded,329,21.16838264042747
233,2026-09-14T02:22:40.690+00:00,2026-09-14T02:27:34.733+00:00,2026-09-14T02:27:40.705+00:00,False,86,85.0,,85.0,294043.455357,300015.103101,300015.103084,3488.5477102790696,0.02656,294043.455357,31699.951693810362,89.66843524999999,70.25467934117647,19.97157664974002,0.2833190700115679,9,64,,False,False,Request timeout: 300.0s exceeded,539,21.16838264042747
234,2026-09-14T02:22:46.299+00:00,2026-09-14T02:27:39.991+00:00,2026-09-14T02:27:46.350+00:00,False,101,100.0,,100.0,293691.60158200003,300051.18020600005,300051.18025100004,2970.8037648613863,0.0,293691.60158200003,29217.155769457335,90.99727800000001,63.59578624,67.49630362258351,0.3332764761376544,9,64,,False,False,Request timeout: 300.0s exceeded,505,21.16838264042747
235,2026-09-14T02:22:49.994+00:00,2026-09-14T02:27:43.557+00:00,2026-09-14T02:27:50.055+00:00,False,97,96.0,,96.0,293562.85309600004,300060.82890400005,300060.82893200003,3093.410607546392,0.025949000000000003,293562.85309600004,29799.92603986697,89.1267692,67.687248,20.425306104184166,0.3199351289891749,9,64,,False,False,Request timeout: 300.0s exceeded,505,21.16838264042747
236,2026-09-14T02:22:55.413+00:00,2026-09-14T02:27:49.035+00:00,2026-09-14T02:27:55.468+00:00,False,93,92.0,,92.0,293621.965293,300055.142637,300055.14238699997,3226.399380505376,0.0224,293621.965293,30439.93478220963,88.54355160000001,69.92584069565217,19.694323404243892,0.30661030899676844,9,64,,False,False,Request timeout: 300.0s exceeded,348,21.16838264042747
237,2026-09-14T02:23:00.176+00:00,2026-09-14T02:27:53.760+00:00,2026-09-14T02:28:00.252+00:00,False,97,96.0,,96.0,293583.95226499997,300076.14324099995,300076.14332399995,3093.568487876288,0.02584,293583.95226499997,29802.074817543053,90.1287738,67.62698933333333,20.954944009333893,0.3199188011520782,9,64,,False,False,Request timeout: 300.0s exceeded,469,21.16838264042747
238,2026-09-14T02:23:05.098+00:00,2026-09-14T02:27:58.641+00:00,2026-09-14T02:28:05.120+00:00,False,98,97.0,,97.0,293543.88702100003,300022.067885,300022.06784000003,3061.449671836735,0.02973,293543.88702100003,29645.670735149306,89.15980735000001,66.78536973195877,19.937332329328388,0.3233095508067113,9,64,,False,False,Request timeout: 300.0s exceeded,357,21.16838264042747
239,2026-09-14T02:23:09.254+00:00,2026-09-14T02:28:03.165+00:00,2026-09-14T02:28:09.278+00:00,False,89,88.0,,88.0,293911.470188,300024.844652,300024.844607,3371.065669741573,0.03665,293911.470188,31147.196342166277,89.94631,69.47016436363636,20.445204837886322,0.29330904279634423,9,64,,False,False,Request timeout: 300.0s exceeded,172,21.16838264042747
240,2026-09-14T02:23:14.576+00:00,2026-09-14T02:28:08.408+00:00,2026-09-14T02:28:14.642+00:00,False,55,54.0,,54.0,293831.07993,300066.046458,300066.046312,5455.746296581819,0.02195,293831.07993,39606.13886091959,96.6341136,115.46234311111111,351.7476614393349,0.17996038084754895,9,64,,False,False,Request timeout: 300.0s exceeded,262,21.16838264042747
241,2026-09-14T02:23:19.774+00:00,2026-09-14T02:28:14.825+00:00,2026-09-14T02:28:19.816+00:00,False,76,75.0,,75.0,295050.86584399996,300041.2051719999,300041.2052789999,3947.9105957763154,0.019420000000000003,295050.86584399996,33837.0297686727,88.99194675000001,66.53785770666666,21.4788299312728,0.24996566707231402,9,64,,False,False,Request timeout: 300.0s exceeded,294,21.16838264042747
242,2026-09-14T02:23:24.787+00:00,2026-09-14T02:28:18.219+00:00,2026-09-14T02:28:24.869+00:00,False,95,94.0,,94.0,293432.452039,300082.216391,300082.21649099997,3158.7601735894737,0.0213,293432.452039,30098.282803200604,90.0430484,70.74217395744681,19.79185723915658,0.3132474864072592,9,64,,False,False,Request timeout: 300.0s exceeded,312,21.16838264042747
243,2026-09-14T02:23:29.536+00:00,2026-09-14T02:28:23.061+00:00,2026-09-14T02:28:29.583+00:00,False,97,96.0,,96.0,293525.24859,300046.57953399996,300046.57943299995,3093.263705494845,0.0215,293525.24859,29796.083288756457,89.657541,67.93053066666667,20.584741138554243,0.3199503228768575,9,64,,False,False,Request timeout: 300.0s exceeded,369,21.16838264042747
244,2026-09-14T02:23:32.812+00:00,2026-09-14T02:28:26.375+00:00,2026-09-14T02:28:32.902+00:00,False,97,96.0,,96.0,293562.85721499997,300089.31251099997,300089.31253799994,3093.7042529690716,0.03082,293562.85721499997,29799.89612167403,88.21274379999998,67.98390933333333,20.105800107532247,0.3199047616748466,9,64,,False,False,Request timeout: 300.0s exceeded,389,21.16838264042747
245,2026-09-14T02:23:37.998+00:00,2026-09-14T02:28:31.870+00:00,2026-09-14T02:28:38.080+00:00,False,90,89.0,,89.0,293872.062938,300081.86185000004,300081.86203,3334.2429114444444,0.0,293872.062938,30969.55438803569,90.61412305000002,69.77302148314607,67.98896482310556,0.29658573647642805,9,64,,False,False,Request timeout: 300.0s exceeded,411,21.16838264042747
246,2026-09-14T02:23:42.562+00:00,2026-09-14T02:28:35.975+00:00,2026-09-14T02:28:42.600+00:00,False,105,104.0,,104.0,293412.909184,300037.975936,300037.975769,2857.5045311333333,0.0,293412.909184,28628.020036843693,88.1556482,63.70256492307692,63.077509375817336,0.34662278891717313,9,64,,False,False,Request timeout: 300.0s exceeded,442,21.16838264042747
247,2026-09-14T02:23:46.739+00:00,2026-09-14T02:28:40.033+00:00,2026-09-14T02:28:46.796+00:00,False,101,100.0,,100.0,293294.18488,300057.06974400004,300057.069724,2970.8620764752477,0.01889,293294.18488,29177.139668259504,89.043942,67.62884864,20.060735453873537,0.33326993456717113,9,64,,False,False,Request timeout: 300.0s exceeded,468,21.16838264042747
248,2026-09-14T02:23:52.432+00:00,2026-09-14T02:28:45.968+00:00,2026-09-14T02:28:52.513+00:00,False,98,97.0,,97.0,293536.333867,300080.88913100003,300080.889002,3062.0498877755103,0.02112,293536.333867,29644.83865418184,89.589659,67.4696418969072,19.97403526122897,0.3232461763256598,9,64,,False,False,Request timeout: 300.0s exceeded,317,21.16838264042747
249,2026-09-14T02:23:56.856+00:00,2026-09-14T02:28:50.713+00:00,2026-09-14T02:28:56.868+00:00,False,91,90.0,,90.0,293856.710496,300011.613792,300011.613853,3296.8309214615388,0.03365,293856.710496,30797.391532152065,91.0443925,68.38781440000001,21.09583542498003,0.29998838665758315,9,64,,False,False,Request timeout: 300.0s exceeded,409,21.16838264042747
250,2026-09-14T02:24:02.290+00:00,2026-09-14T02:28:55.908+00:00,2026-09-14T02:29:02.307+00:00,False,95,94.0,,94.0,293618.355474,300017.673746,300017.673595,3158.08077468421,0.02418,293618.355474,30117.62998355543,89.07691500000001,68.07785395744682,20.606808827233383,0.3133148751749271,9,64,,False,False,Request timeout: 300.0s exceeded,445,21.16838264042747
251,2026-09-14T02:24:07.038+00:00,2026-09-14T02:29:00.455+00:00,2026-09-14T02:29:07.072+00:00,False,96,95.0,,95.0,293416.913283,300033.379459,300033.379505,3125.3477031770835,0.042669,293416.913283,29939.637411013395,92.83771150000001,69.64701237894737,21.18928191005549,0.31663143671313376,9,64,,False,False,Request timeout: 300.0s exceeded,467,21.16838264042747
252,2026-09-14T02:24:10.462+00:00,2026-09-14T02:29:04.436+00:00,2026-09-14T02:29:10.507+00:00,False,89,88.0,,88.0,293973.98251,300044.660014,300044.659965,3371.2883142134833,0.04059,293973.98251,31153.874421964247,90.297532,68.98497163636364,20.989733966392414,0.2932896722637688,9,64,,False,False,Request timeout: 300.0s exceeded,403,21.16838264042747
253,2026-09-14T02:24:14.916+00:00,2026-09-14T02:29:08.974+00:00,2026-09-14T02:29:15.004+00:00,False,92,91.0,,91.0,294057.821047,300088.609911,300088.609816,3261.832715391304,0.023309999999999997,294057.821047,30650.744118599134,88.13510400000001,66.2724050989011,19.86578434773813,0.30324376532314473,9,64,,False,False,Request timeout: 300.0s exceeded,385,21.16838264042747
254,2026-09-14T02:24:18.964+00:00,2026-09-14T02:29:12.502+00:00,2026-09-14T02:29:19.002+00:00,False,101,100.0,,100.0,293538.376596,300038.129044,300038.129155,2970.674546089109,0.16769,293538.376596,29201.69932940507,86.359937,64.99752448,19.848717816438324,0.3332909731127379,9,64,,False,False,Request timeout: 300.0s exceeded,372,21.16838264042747
255,2026-09-14T02:24:22.399+00:00,2026-09-14T02:29:16.172+00:00,2026-09-14T02:29:22.421+00:00,False,92,91.0,,91.0,293773.29463200003,300022.426664,300022.42671,3261.1133338043483,0.03179,293773.29463200003,30620.830447495446,89.98518,68.67178057142857,20.486280867302785,0.30331065917919653,9,64,,False,False,Request timeout: 300.0s exceeded,458,21.16838264042747
256,2026-09-14T02:24:28.156+00:00,2026-09-14T02:29:21.913+00:00,2026-09-14T02:29:28.215+00:00,False,88,87.0,,87.0,293757.07858,300058.69649999996,300058.696367,3409.7579132613632,0.038439999999999995,293757.07858,31306.89461091012,89.7803167,72.43238988505746,19.713875457590866,0.28994327114928337,9,64,,False,False,Request timeout: 300.0s exceeded,392,21.16838264042747
257,2026-09-14T02:24:31.661+00:00,2026-09-14T02:29:25.668+00:00,2026-09-14T02:29:31.686+00:00,False,88,87.0,,87.0,294007.37177499995,300025.608447,300025.60859099997,3409.3819158068177,0.02082,294007.37177499995,31333.92384183296,88.95867284999999,69.17513416091954,20.759736254997037,0.289975247280829,9,64,,False,False,Request timeout: 300.0s exceeded,199,21.16838264042747
258,2026-09-14T02:24:36.139+00:00,2026-09-14T02:29:29.586+00:00,2026-09-14T02:29:36.162+00:00,False,106,105.0,,105.0,293447.084591,300022.695727,300022.6957,2830.4027896226416,0.0,293447.084591,28496.08559022909,90.3771415,62.62486796190476,62.456880288564214,0.349973523654833,9,64,,False,False,Request timeout: 300.0s exceeded,344,21.16838264042747
259,2026-09-14T02:24:42.013+00:00,2026-09-14T02:29:35.614+00:00,2026-09-14T02:29:42.039+00:00,False,96,95.0,,95.0,293601.044921,300026.163897,300026.16400800005,3125.27254175,0.02062,293601.044921,29958.63541461516,90.62354625,67.6328313263158,20.580799880216144,0.3166390516282234,9,64,,False,False,Request timeout: 300.0s exceeded,485,21.16838264042747
260,2026-09-14T02:24:47.549+00:00,2026-09-14T02:29:40.823+00:00,2026-09-14T02:29:47.683+00:00,False,107,106.0,,106.0,293273.412717,300133.661549,300133.661465,2804.987490327103,0.03227,293273.412717,28345.561903331014,90.85463490000001,64.71932860377359,20.8869240033212,0.3531759798382174,9,64,,False,False,Request timeout: 300.0s exceeded,554,21.16838264042747
261,2026-09-14T02:24:50.952+00:00,2026-09-14T02:29:44.464+00:00,2026-09-14T02:29:50.965+00:00,False,103,102.0,,102.0,293512.55085500004,300013.039303,300013.03951200005,2912.747956427185,0.01849,293512.55085500004,28914.379319001448,90.37851710000001,63.73027890196078,21.429941567418314,0.33998522276554943,9,64,,False,False,Request timeout: 300.0s exceeded,516,21.16838264042747
262,2026-09-14T02:24:55.118+00:00,2026-09-14T02:29:49.036+00:00,2026-09-14T02:29:55.197+00:00,False,88,87.0,,87.0,293917.871693,300078.74414100003,300078.744147,3409.985728943182,0.025138999999999998,293917.871693,31324.20770396703,89.86002549999999,70.81462583908045,19.776390872285837,0.2899239006382962,9,64,,False,False,Request timeout: 300.0s exceeded,302,21.16838264042747
263,2026-09-14T02:25:00.623+00:00,2026-09-14T02:29:54.475+00:00,2026-09-14T02:30:00.652+00:00,False,90,89.0,,89.0,293852.267136,300028.58483199996,300028.584937,3333.6509437444442,0.03474,293852.267136,30967.440478169578,88.87351395000002,69.39682804494383,20.771203539427898,0.2966384021370339,9,64,,False,False,Request timeout: 300.0s exceeded,404,21.16838264042747
264,2026-09-14T02:25:03.921+00:00,2026-09-14T02:29:57.529+00:00,2026-09-14T02:30:03.984+00:00,False,95,94.0,,94.0,293608.06218300003,300062.815207,300062.81499700004,3158.5559473368426,0.01858,293608.06218300003,30116.513311129645,88.1538644,68.66758536170212,20.461241098747575,0.31326774007353614,9,64,,False,False,Request timeout: 300.0s exceeded,400,21.16838264042747
265,2026-09-14T02:25:09.789+00:00,2026-09-14T02:30:03.724+00:00,2026-09-14T02:30:09.811+00:00,False,90,89.0,,89.0,293934.62164800003,300022.15368000005,300022.153807,3333.5794867444447,0.01954,293934.62164800003,30976.226637654454,89.86194650000002,68.39923631460674,20.888918231837668,0.29664476075632173,9,64,,False,False,Request timeout: 300.0s exceeded,326,21.16838264042747
266,2026-09-14T02:25:14.434+00:00,2026-09-14T02:30:08.205+00:00,2026-09-14T02:30:14.517+00:00,False,95,94.0,,94.0,293770.855166,300083.367678,300083.36771,3158.772291684211,0.028,293770.855166,30133.37051681312,88.443433,67.1543884255319,20.087827777986664,0.31324628461536497,9,64,,False,False,Request timeout: 300.0s exceeded,461,21.16838264042747
267,2026-09-14T02:25:20.069+00:00,2026-09-14T02:30:13.539+00:00,2026-09-14T02:30:20.074+00:00,False,99,98.0,,98.0,293470.78304400004,300005.90829200007,300005.90823800006,3030.362709474748,0.037149999999999996,293470.78304400004,29488.22796565571,86.89002180000001,66.68495151020409,19.81885378505446,0.3266602333198558,9,64,,False,False,Request timeout: 300.0s exceeded,452,21.16838264042747
268,2026-09-14T02:25:25.931+00:00,2026-09-14T02:30:19.273+00:00,2026-09-14T02:30:25.981+00:00,False,97,96.0,,96.0,293342.317111,300050.69803900004,300050.69806,3093.3061655670103,0.03392,293342.317111,29777.31137800672,90.897544,69.878968,20.28483787560526,0.31994593122900217,9,64,,False,False,Request timeout: 300.0s exceeded,167,21.16838264042747
269,2026-09-14T02:25:29.646+00:00,2026-09-14T02:30:23.396+00:00,2026-09-14T02:30:29.666+00:00,False,100,99.0,,99.0,293750.075521,300020.137601,300020.137455,3000.2013745500003,0.0,293750.075521,29368.74483771532,93.07278445,63.333960404040404,64.7611796199854,0.32997785012571773,9,64,,False,False,Request timeout: 300.0s exceeded,324,21.16838264042747
270,2026-09-14T02:25:34.050+00:00,2026-09-14T02:30:28.319+00:00,2026-09-14T02:30:34.067+00:00,False,91,90.0,,90.0,294269.182858,300016.46401,300016.464065,3296.8842204945054,0.037639000000000006,294269.182858,30841.105055245167,88.75570800000001,63.85867946666667,20.94536407547525,0.29998353689349583,9,64,,False,False,Request timeout: 300.0s exceeded,424,21.16838264042747
271,2026-09-14T02:25:39.254+00:00,2026-09-14T02:30:33.051+00:00,2026-09-14T02:30:39.276+00:00,False,91,90.0,,90.0,293796.89273,300022.057786,300022.05800900003,3296.9456924065935,0.041909999999999996,293796.89273,30791.038524074404,88.86068749999998,69.16850062222221,20.243948213921225,0.2999779438357005,9,64,,False,False,Request timeout: 300.0s exceeded,423,21.16838264042747
272,2026-09-14T02:25:44.315+00:00,2026-09-14T02:30:37.940+00:00,2026-09-14T02:30:44.343+00:00,False,97,96.0,,96.0,293625.054065,300027.87569699995,300027.875779,3093.0708843195875,0.041379,293625.054065,29806.34197935061,87.1084546,66.69605866666666,20.052466155315248,0.31997026868580375,9,64,,False,False,Request timeout: 300.0s exceeded,449,21.16838264042747
273,2026-09-14T02:25:50.361+00:00,2026-09-14T02:30:43.918+00:00,2026-09-14T02:30:50.398+00:00,False,97,96.0,,96.0,293556.841852,300036.845692,300036.84570299997,3093.1633577628863,0.0201,293556.841852,29799.334462879262,89.0653758,67.50004,20.07455017506033,0.3199607027549806,9,64,,False,False,Request timeout: 300.0s exceeded,461,21.16838264042747
274,2026-09-14T02:25:53.870+00:00,2026-09-14T02:30:47.762+00:00,2026-09-14T02:30:53.945+00:00,False,94,93.0,,93.0,293891.466691,300075.118531,300075.118677,3192.2884965638295,0.04202,293891.466691,30305.739318932734,90.43060095000001,66.49088,20.77733094475901,0.30992239694939056,9,64,,False,False,Request timeout: 300.0s exceeded,447,21.16838264042747
275,2026-09-14T02:25:58.256+00:00,2026-09-14T02:30:52.934+00:00,2026-09-14T02:30:58.283+00:00,False,76,75.0,,75.0,294677.93194599997,300026.88810599997,300026.88797499996,3947.722210197368,0.03527,294677.93194599997,33793.70183299034,88.988182,71.31941546666667,19.80213226721683,0.24997759525307076,9,64,,False,False,Request timeout: 300.0s exceeded,251,21.16838264042747
276,2026-09-14T02:26:02.751+00:00,2026-09-14T02:30:56.416+00:00,2026-09-14T02:31:02.794+00:00,False,96,95.0,,95.0,293664.55274,300042.757668,300042.757556,3125.4453912083336,0.01905,293664.55274,29965.16732858949,88.33799625,67.13899924210526,20.24568639111204,0.3166215400043695,9,64,,False,False,Request timeout: 300.0s exceeded,309,21.16838264042747
277,2026-09-14T02:26:07.526+00:00,2026-09-14T02:31:00.927+00:00,2026-09-14T02:31:07.617+00:00,False,100,99.0,,99.0,293401.48871899996,300091.40155099996,300091.40159599995,3000.9140159599997,0.02932,293401.48871899996,29333.39835762271,87.956216,67.5748770909091,20.329443867112673,0.3298994889167964,9,64,,False,False,Request timeout: 300.0s exceeded,542,21.16838264042747
278,2026-09-14T02:26:13.495+00:00,2026-09-14T02:31:07.175+00:00,2026-09-14T02:31:13.539+00:00,False,96,95.0,,95.0,293679.799299,300044.498947,300044.498933,3125.4635305520833,0.02418,293679.799299,29966.738252596606,87.94794475000002,66.9968384,20.718575864075884,0.3166197025221277,9,64,,False,False,Request timeout: 300.0s exceeded,318,21.16838264042747
279,2026-09-14T02:26:17.579+00:00,2026-09-14T02:31:11.344+00:00,2026-09-14T02:31:17.611+00:00,False,97,96.0,,96.0,293764.965574,300032.142022,300032.14187399996,3093.114864680412,0.041789,293764.965574,29820.690954902948,87.5376856,65.283088,19.521979044001835,0.3199657188494184,9,64,,False,False,Request timeout: 300.0s exceeded,516,21.16838264042747
280,2026-09-14T02:26:21.794+00:00,2026-09-14T02:31:15.451+00:00,2026-09-14T02:31:21.892+00:00,False,102,101.0,,101.0,293657.131966,300098.148286,300098.148369,2942.1387095,0.0,293657.131966,29070.151656397986,89.51381950000001,63.77243881188119,67.37322889211094,0.3365565585021365,9,64,,False,False,Request timeout: 300.0s exceeded,481,21.16838264042747
281,2026-09-14T02:26:27.350+00:00,2026-09-14T02:31:21.733+00:00,2026-09-14T02:31:27.358+00:00,False,94,93.0,,93.0,294383.285259,300008.571147,300008.571124,3191.5805438723405,0.0,294383.285259,30357.0934164361,91.85911495,60.48694503225806,30.008499344486978,0.30999114340113737,9,64,,False,False,Request timeout: 300.0s exceeded,355,21.16838264042747
282,2026-09-14T02:26:30.852+00:00,2026-09-14T02:31:24.510+00:00,2026-09-14T02:31:30.876+00:00,False,91,90.0,,90.0,293657.24496700004,300023.778599,300023.778507,3296.9645989780224,0.039369,293657.24496700004,30776.23457869389,88.8085725,70.73926257777778,19.894942857193314,0.2999762232855898,9,64,,False,False,Request timeout: 300.0s exceeded,461,21.16838264042747
283,2026-09-14T02:26:36.278+00:00,2026-09-14T02:31:29.777+00:00,2026-09-14T02:31:36.336+00:00,False,95,94.0,,94.0,293498.633448,300058.38077600003,300058.38086000003,3158.5092722105264,0.041530000000000004,293498.633448,30105.17109168376,88.80408470000002,69.78454604255319,19.745824278674068,0.3132723697198546,9,64,,False,False,Request timeout: 300.0s exceeded,273,21.16838264042747
284,2026-09-14T02:26:42.192+00:00,2026-09-14T02:31:35.643+00:00,2026-09-14T02:31:42.246+00:00,False,99,98.0,,98.0,293450.50828500005,300053.80940500007,300053.80939600006,3030.846559555556,0.02844,293450.50828500005,29486.121209017358,89.881158,67.3806236734694,21.058578734288123,0.32660808471097835,9,64,,False,False,Request timeout: 300.0s exceeded,483,21.16838264042747
285,2026-09-14T02:26:46.764+00:00,2026-09-14T02:31:40.467+00:00,2026-09-14T02:31:46.852+00:00,False,99,98.0,,98.0,293702.424028,300087.778268,300087.778321,3031.189680010101,0.02999,293702.424028,29511.662883010344,88.715829,65.15667591836736,20.601316813484363,0.32657111384415977,9,64,,False,False,Request timeout: 300.0s exceeded,443,21.16838264042747
286,2026-09-14T02:26:51.715+00:00,2026-09-14T02:31:45.077+00:00,2026-09-14T02:31:51.770+00:00,False,100,99.0,,99.0,293361.90006300004,300054.55004700006,300054.55005500006,3000.5455005500003,0.02266,293361.90006300004,29329.43662161971,90.33273489999999,67.6025250909091,20.173501790704297,0.32994000585724426,9,64,,False,False,Request timeout: 300.0s exceeded,538,21.16838264042747
287,2026-09-14T02:26:56.950+00:00,2026-09-14T02:31:50.752+00:00,2026-09-14T02:31:56.993+00:00,False,97,96.0,,96.0,293801.764881,300042.97473699995,300042.97484599997,3093.2265448041235,0.07008,293801.764881,29824.45522914548,89.5441348,65.01260266666667,20.14227896553466,0.3199541668460925,9,64,,False,False,Request timeout: 300.0s exceeded,428,21.16838264042747
288,2026-09-14T02:27:00.895+00:00,2026-09-14T02:31:54.490+00:00,2026-09-14T02:32:00.974+00:00,False,97,96.0,,96.0,293595.178311,300079.429703,300079.429703,3093.602368072165,0.01914,293595.178311,29803.222907125757,90.218671,67.54428533333333,20.75301633539817,0.31991529740980523,9,64,,False,False,Request timeout: 300.0s exceeded,503,21.16838264042747
289,2026-09-14T02:27:05.861+00:00,2026-09-14T02:31:59.601+00:00,2026-09-14T02:32:05.897+00:00,False,105,104.0,,104.0,293740.014281,300035.579593,300035.579801,2857.4817123904763,0.01537,293740.014281,28661.39699580328,88.5197192,60.534281846153846,265.11732669599076,0.3466255573458208,9,64,,False,False,Request timeout: 300.0s exceeded,435,21.16838264042747
290,2026-09-14T02:27:10.350+00:00,2026-09-14T02:32:05.852+00:00,2026-09-14T02:32:10.356+00:00,False,69,68.0,,68.0,295501.97679600003,300006.74658800004,300006.746386,4347.923860666667,0.01746,295501.97679600003,35566.28860147224,90.41979899999998,66.2466145882353,21.14164976610694,0.22666156935925363,9,64,,False,False,Request timeout: 300.0s exceeded,264,21.16838264042747
291,2026-09-14T02:27:14.669+00:00,2026-09-14T02:32:09.078+00:00,2026-09-14T02:32:14.701+00:00,False,86,85.0,,85.0,294408.916198,300031.894502,300031.89469800005,3488.7429616046516,0.028120000000000003,294408.916198,31739.802562149962,86.630277,66.15268592941176,19.795677864082865,0.28330321395025354,9,64,,False,False,Request timeout: 300.0s exceeded,345,21.16838264042747
292,2026-09-14T02:27:18.276+00:00,2026-09-14T02:32:11.900+00:00,2026-09-14T02:32:18.315+00:00,False,100,99.0,,99.0,293624.109669,300039.232357,300039.232167,3000.3923216700005,0.0,293624.109669,29356.001462831337,87.780312,64.79921907070707,64.62617127809315,0.32995685005021413,9,64,,False,False,Request timeout: 300.0s exceeded,483,21.16838264042747
293,2026-09-14T02:27:23.713+00:00,2026-09-14T02:32:17.682+00:00,2026-09-14T02:32:23.738+00:00,False,87,86.0,,86.0,293969.26145700004,300025.094801,300025.09480300004,3448.5643080804603,0.03175,293969.26145700004,31509.26968360877,90.58991119999999,70.41666679069768,19.77989584518882,0.28664268919585506,9,64,,False,False,Request timeout: 300.0s exceeded,395,21.16838264042747
294,2026-09-14T02:27:28.556+00:00,2026-09-14T02:32:22.404+00:00,2026-09-14T02:32:28.595+00:00,False,86,85.0,,85.0,293848.112737,300039.314785,300039.314807,3488.8292419418603,0.027309999999999997,293848.112737,31678.609206810994,94.4442225,72.83767115294118,20.56698985285467,0.28329620756836044,9,64,,False,False,Request timeout: 300.0s exceeded,399,21.16838264042747
295,2026-09-14T02:27:32.793+00:00,2026-09-14T02:32:26.456+00:00,2026-09-14T02:32:32.802+00:00,False,90,89.0,,89.0,293663.20863099996,300009.13119099993,300009.13134599995,3333.434792733333,0.03252,293663.20863099996,30947.31054483888,90.05414090000001,71.3025006741573,19.931501377236764,0.2966576372081769,9,64,,False,False,Request timeout: 300.0s exceeded,392,21.16838264042747
296,2026-09-14T02:27:37.859+00:00,2026-09-14T02:32:31.583+00:00,2026-09-14T02:32:37.926+00:00,False,92,91.0,,91.0,293723.762589,300066.623645,300066.623775,3261.5937366847825,0.02142,293723.762589,30615.558592591206,88.8467376,69.70176984615384,19.873162369152602,0.30326598438238644,9,64,,False,False,Request timeout: 300.0s exceeded,396,21.16838264042747
297,2026-09-14T02:27:43.089+00:00,2026-09-14T02:32:36.953+00:00,2026-09-14T02:32:43.126+00:00,False,94,93.0,,93.0,293864.00730299996,300036.17063099996,300036.17044899997,3191.8741537127657,0.06677899999999999,293864.00730299996,30302.919215305978,88.74163515000001,66.36734761290322,19.83231529124207,0.30996262818717357,9,64,,False,False,Request timeout: 300.0s exceeded,451,21.16838264042747
298,2026-09-14T02:27:46.358+00:00,2026-09-14T02:32:40.029+00:00,2026-09-14T02:32:46.393+00:00,False,98,97.0,,97.0,293671.487435,300035.219403,300035.219547,3061.5838729285715,0.041299999999999996,293671.487435,29658.68017412221,88.28949700000001,65.60548420618557,20.916384169654535,0.3232953790991848,9,64,,False,False,Request timeout: 300.0s exceeded,436,21.16838264042747
299,2026-09-14T02:27:50.969+00:00,2026-09-14T02:32:44.755+00:00,2026-09-14T02:32:50.987+00:00,False,90,89.0,,89.0,293786.086842,300017.16703400004,300017.16683400003,3333.5240759333337,0.03448,293786.086842,30960.398955135537,89.6690394,70.01213698876404,19.766720745788604,0.29664969134887503,9,64,,False,False,Request timeout: 300.0s exceeded,429,21.16838264042747
300,2026-09-14T02:27:56.202+00:00,2026-09-14T02:32:49.862+00:00,2026-09-14T02:32:56.231+00:00,False,93,92.0,,92.0,293659.41703899996,300029.39694299997,300029.397158,3226.122550086021,0.04374,293659.41703899996,30443.888922261263,86.7124556,69.238912,18.642700438119117,0.30663661940259235,9,64,,False,False,Request timeout: 300.0s exceeded,400,21.16838264042747
301,2026-09-14T02:27:59.951+00:00,2026-09-14T02:32:53.489+00:00,2026-09-14T02:32:59.969+00:00,False,95,94.0,,94.0,293538.64465100004,300017.96753100003,300017.96761000005,3158.083869578948,0.03467,293538.64465100004,30109.363629522813,86.753193,68.92896680851064,19.270529744029005,0.3133145683692669,9,64,,False,False,Request timeout: 300.0s exceeded,379,21.16838264042747
302,2026-09-14T02:28:03.371+00:00,2026-09-14T02:32:57.316+00:00,2026-09-14T02:33:03.419+00:00,False,89,88.0,,88.0,293945.403829,300048.27666100004,300048.276512,3371.3289495730337,0.0189,293945.403829,31150.805681855807,88.63817439999998,69.35082763636365,20.0277885068141,0.29328613708194695,9,64,,False,False,Request timeout: 300.0s exceeded,257,21.16838264042747
303,2026-09-14T02:28:08.783+00:00,2026-09-14T02:33:02.587+00:00,2026-09-14T02:33:08.805+00:00,False,92,91.0,,91.0,293803.80266900006,300022.50782100006,300022.50779700006,3261.114215184783,0.045829999999999996,293803.80266900006,30624.04631363143,89.30963254999999,68.33741925274725,20.970983606783058,0.30331057713274157,9,64,,False,False,Request timeout: 300.0s exceeded,464,21.16838264042747
304,2026-09-14T02:28:14.622+00:00,2026-09-14T02:33:05.875+00:00,2026-09-14T02:33:14.752+00:00,False,146,145.0,,145.0,291253.05103100004,300130.450071,300130.45020900003,2055.688015130137,0.0,291253.05103100004,24099.273978370336,89.0594945,61.223441655172415,56.962511494367355,0.48312325512355786,9,64,,False,False,Request timeout: 300.0s exceeded,548,21.16838264042747
305,2026-09-14T02:28:18.072+00:00,2026-09-14T02:33:11.437+00:00,2026-09-14T02:33:18.096+00:00,False,114,113.0,,113.0,293365.705347,300024.650883,300024.65088699997,2631.795183219298,0.01757,293365.705347,27470.70431556108,89.412927,58.928721557522124,20.75714326025406,0.3766357186565526,9,64,,False,False,Request timeout: 300.0s exceeded,436,21.16838264042747
306,2026-09-14T02:28:22.855+00:00,2026-09-14T02:33:16.157+00:00,2026-09-14T02:33:22.863+00:00,False,99,98.0,,98.0,293302.35481499997,300008.367231,300008.36714499997,3030.3875469191917,0.04419,293302.35481499997,29471.125205117947,88.1576259,68.42869812244898,20.061715657772396,0.32665755593590534,9,64,,False,False,Request timeout: 300.0s exceeded,441,21.16838264042747
307,2026-09-14T02:28:26.692+00:00,2026-09-14T02:33:20.431+00:00,2026-09-14T02:33:26.701+00:00,False,91,90.0,,90.0,293738.376749,300009.220141,300009.21993799997,3296.8046147032965,0.02965,293738.376749,30784.85115260929,89.77250550000001,69.6760376888889,20.20179380940459,0.2999907801423613,9,64,,False,False,Request timeout: 300.0s exceeded,310,21.16838264042747
308,2026-09-14T02:28:30.751+00:00,2026-09-14T02:33:24.587+00:00,2026-09-14T02:33:30.787+00:00,False,96,95.0,,95.0,293836.35264600004,300036.50547800004,300036.50570300006,3125.380267739584,0.03753,293836.35264600004,29982.89279086552,88.25538124999999,65.26476665263158,20.131763111192708,0.3166281377949384,9,64,,False,False,Request timeout: 300.0s exceeded,461,21.16838264042747
309,2026-09-14T02:28:34.262+00:00,2026-09-14T02:33:27.628+00:00,2026-09-14T02:33:34.298+00:00,False,104,103.0,,103.0,293366.136481,300036.478369,300036.478507,2884.9661394903846,0.04195,293366.136481,28760.572712675177,86.67654165,64.76060085436893,19.54791989366039,0.3432915909422367,9,64,,False,False,Request timeout: 300.0s exceeded,575,21.16838264042747
310,2026-09-14T02:28:37.681+00:00,2026-09-14T02:33:31.353+00:00,2026-09-14T02:33:37.826+00:00,False,98,97.0,,97.0,293672.23245899996,300145.156363,300145.15653999994,3062.7056789795915,0.043449,293672.23245899996,29658.64061324176,86.35387665,66.73117426804124,19.26398291996731,0.3231769626916343,9,64,,False,False,Request timeout: 300.0s exceeded,368,21.16838264042747
311,2026-09-14T02:28:41.344+00:00,2026-09-14T02:33:35.188+00:00,2026-09-14T02:33:41.424+00:00,False,98,97.0,,97.0,293843.874311,300079.508487,300079.508522,3062.035801244898,0.02088,293843.874311,29676.227310343256,89.05654635,64.28488841237113,20.967873755459593,0.3232476635578141,9,64,,False,False,Request timeout: 300.0s exceeded,321,21.16838264042747
312,2026-09-14T02:28:45.810+00:00,2026-09-14T02:33:39.580+00:00,2026-09-14T02:33:45.846+00:00,False,94,93.0,,93.0,293769.63947000005,300036.03665400005,300036.036727,3191.8727311382986,0.01932,293769.63947000005,30293.08197387437,88.4169138,67.38061488172042,20.687963498824843,0.30996276659675753,9,64,,False,False,Request timeout: 300.0s exceeded,453,21.16838264042747
313,2026-09-14T02:28:50.987+00:00,2026-09-14T02:33:44.870+00:00,2026-09-14T02:33:51.000+00:00,False,96,95.0,,95.0,293883.12711400003,300012.898378,300012.898179,3125.1343560312503,0.06032,293883.12711400003,29987.742419113267,86.33644775,64.52390804210526,20.30585487495873,0.3166530522974554,9,64,,False,False,Request timeout: 300.0s exceeded,457,21.16838264042747
314,2026-09-14T02:28:56.570+00:00,2026-09-14T02:33:50.281+00:00,2026-09-14T02:33:56.615+00:00,False,96,95.0,,95.0,293711.88927100005,300045.89426300005,300045.89429500006,3125.4780655729173,0.023260000000000003,293711.88927100005,29970.04576733009,87.63751475000001,66.67373675789474,19.776263169374705,0.3166182301322523,9,64,,False,False,Request timeout: 300.0s exceeded,363,21.16838264042747
315,2026-09-14T02:29:00.546+00:00,2026-09-14T02:33:54.387+00:00,2026-09-14T02:34:00.608+00:00,False,93,92.0,,92.0,293840.89182099997,300061.855405,300061.855604,3226.4715656344083,0.02741,293840.89182099997,30462.875428949872,88.106334,67.61916939130434,19.439205804717858,0.3066034497314749,9,64,,False,False,Request timeout: 300.0s exceeded,455,21.16838264042747
316,2026-09-14T02:29:05.803+00:00,2026-09-14T02:33:59.360+00:00,2026-09-14T02:34:05.857+00:00,False,89,88.0,,88.0,293557.087404,300054.08606,300054.086074,3371.3942255505617,0.0376,293557.087404,31109.232384963467,88.7004668,73.82953018181819,66.02513687640258,0.29328045871837644,9,64,,False,False,Request timeout: 300.0s exceeded,287,21.16838264042747
317,2026-09-14T02:29:10.417+00:00,2026-09-14T02:34:04.228+00:00,2026-09-14T02:34:10.447+00:00,False,94,93.0,,93.0,293810.646193,300029.353649,300029.353511,3191.801633095745,0.0,293810.646193,30297.434860556234,90.25795405000001,66.86782210752688,68.88330743843021,0.3099696708636028,9,64,,False,False,Request timeout: 300.0s exceeded,263,21.16838264042747
318,2026-09-14T02:29:15.134+00:00,2026-09-14T02:34:08.793+00:00,2026-09-14T02:34:15.145+00:00,False,89,88.0,,88.0,293658.940757,300010.429781,300010.429595,3370.903703314607,0.0337,293658.940757,31120.141468017042,91.92424580000001,72.17601163636364,20.45335223266234,0.2933231356797754,9,64,,False,False,Request timeout: 300.0s exceeded,420,21.16838264042747
319,2026-09-14T02:29:20.866+00:00,2026-09-14T02:34:14.756+00:00,2026-09-14T02:34:20.907+00:00,False,90,89.0,,89.0,293889.62058499997,300040.634729,300040.63471599994,3333.7848301777776,0.037469999999999996,293889.62058499997,30971.40727371591,88.50234110000001,69.11251847191012,19.890205034303836,0.29662648887670096,9,64,,False,False,Request timeout: 300.0s exceeded,432,21.16838264042747
320,2026-09-14T02:29:24.429+00:00,2026-09-14T02:34:18.065+00:00,2026-09-14T02:34:24.459+00:00,False,93,92.0,,92.0,293635.316635,300029.171355,300029.171494,3226.1201235913977,0.041479999999999996,293635.316635,30441.36368337092,89.3141976,69.49842086956522,19.866793200936367,0.3066368499586459,9,64,,False,False,Request timeout: 300.0s exceeded,137,21.16838264042747
321,2026-09-14T02:29:28.699+00:00,2026-09-14T02:34:22.651+00:00,2026-09-14T02:34:28.726+00:00,False,86,85.0,,85.0,293951.714631,300027.429703,300027.429741,3488.6910435,0.02138,293951.714631,31689.926746585108,89.5704785,71.47900084705881,19.532868033423537,0.2833074298711365,9,64,,False,False,Request timeout: 300.0s exceeded,413,21.16838264042747
322,2026-09-14T02:29:33.496+00:00,2026-09-14T02:34:27.074+00:00,2026-09-14T02:34:33.517+00:00,False,95,94.0,,94.0,293577.693634,300021.56179400004,300021.561858,3158.1217037684214,0.039979999999999995,293577.693634,30113.409171009953,87.74972729999999,68.55178893617021,20.050111203946955,0.31331081485584034,9,64,,False,False,Request timeout: 300.0s exceeded,390,21.16838264042747
323,2026-09-14T02:29:37.737+00:00,2026-09-14T02:34:31.280+00:00,2026-09-14T02:34:37.814+00:00,False,97,96.0,,96.0,293543.219791,300077.346127,300077.346134,3093.5808879793817,0.03718,293543.219791,29797.89428623585,88.94671980000001,68.063816,20.337634725420223,0.3199175187298893,9,64,,False,False,Request timeout: 300.0s exceeded,410,21.16838264042747
324,2026-09-14T02:29:43.697+00:00,2026-09-14T02:34:37.522+00:00,2026-09-14T02:34:43.781+00:00,False,90,89.0,,89.0,293825.35056199995,300084.13148999994,300084.1313659999,3334.268126288888,0.04045,293825.35056199995,30964.504466462993,87.58248495,70.32338121348315,19.05818330454207,0.2965834932959987,9,64,,False,False,Request timeout: 300.0s exceeded,411,21.16838264042747
325,2026-09-14T02:29:48.871+00:00,2026-09-14T02:34:42.846+00:00,2026-09-14T02:34:48.889+00:00,False,95,94.0,,94.0,293975.33971100004,300018.22611100005,300018.22631100006,3158.0865927473687,0.02494,293975.33971100004,30154.644443144978,87.41590000000001,64.2860255319149,20.044849110731157,0.3133142983294025,9,64,,False,False,Request timeout: 300.0s exceeded,464,21.16838264042747
326,2026-09-14T02:29:54.726+00:00,2026-09-14T02:34:48.710+00:00,2026-09-14T02:34:54.742+00:00,False,90,89.0,,89.0,293984.209838,300016.873134,300016.873008,3333.5208112,0.023899999999999998,293984.209838,30981.51798241642,87.09831945000002,67.78273366292136,19.821185909777036,0.29664998195034487,9,64,,True,False,Request timeout: 300.0s exceeded,555,21.16838264042747
327,2026-09-14T02:30:00.383+00:00,2026-09-14T02:34:53.852+00:00,2026-09-14T02:35:00.403+00:00,False,100,99.0,,99.0,293469.690337,300020.818145,300020.818365,3000.20818365,0.02144,293469.690337,29340.358703726684,88.04250694999999,66.17300816161617,20.32833966200071,0.3299771016295053,9,64,,True,False,Request timeout: 300.0s exceeded,371,21.16838264042747
328,2026-09-14T02:30:04.079+00:00,2026-09-14T02:34:57.685+00:00,2026-09-14T02:35:04.120+00:00,False,100,99.0,,99.0,293606.26466600003,300041.53967400006,300041.53989600006,3000.4153989600004,0.024149999999999998,293606.26466600003,29354.133160424968,88.09424594999999,65.00277785858586,20.33424663188022,0.3299543126847206,9,64,,True,False,Request timeout: 300.0s exceeded,546,21.16838264042747
329,2026-09-14T02:30:08.559+00:00,2026-09-14T02:35:02.273+00:00,2026-09-14T02:35:08.631+00:00,False,95,94.0,,94.0,293714.16174,300072.23278,300072.232905,3158.6550832105263,0.023,293714.16174,30127.504276018568,89.46307,67.63905361702128,20.248464624069292,0.31325790836807194,9,64,,True,False,Request timeout: 300.0s exceeded,428,21.16838264042747
330,2026-09-14T02:30:12.300+00:00,2026-09-14T02:35:05.739+00:00,2026-09-14T02:35:12.328+00:00,False,100,99.0,,99.0,293439.29193400004,300027.74300600006,300027.74282300007,3000.27742823,0.04172,293439.29193400004,29337.281333322455,89.47133945,66.55001082828282,20.573282272655632,0.3299694855152784,9,64,,True,False,Request timeout: 300.0s exceeded,416,21.16838264042747
331,2026-09-14T02:30:16.875+00:00,2026-09-14T02:35:10.424+00:00,2026-09-14T02:35:16.943+00:00,False,98,97.0,,97.0,293549.953796,300067.998468,300067.998583,3061.918352887755,0.03768,293549.953796,29646.242762269707,89.614752,67.19633682474227,20.969170735029,0.3232600627032353,9,64,,True,False,Request timeout: 300.0s exceeded,417,21.16838264042747
332,2026-09-14T02:30:22.567+00:00,2026-09-14T02:35:16.210+00:00,2026-09-14T02:35:22.640+00:00,False,92,91.0,,91.0,293643.12590499996,300072.65780899994,300072.65787899995,3261.6593247717387,0.03646,293643.12590499996,30607.051715969876,88.016561,70.65419674725274,18.873768087260476,0.3032598860037513,9,64,,True,False,Request timeout: 300.0s exceeded,393,21.16838264042747
333,2026-09-14T02:30:28.259+00:00,2026-09-14T02:35:21.515+00:00,2026-09-14T02:35:28.333+00:00,False,97,96.0,,96.0,293256.660777,300073.956905,300073.956903,3093.5459474536083,0.03324,293256.660777,29768.499657188724,90.2788118,71.01350133333332,21.091231546595246,0.3199211320774248,9,64,,True,False,Request timeout: 300.0s exceeded,531,21.16838264042747
334,2026-09-14T02:30:32.572+00:00,2026-09-14T02:35:26.213+00:00,2026-09-14T02:35:32.592+00:00,False,94,93.0,,93.0,293640.393352,300020.146312,300020.146142,3191.703682361702,0.0391,293640.393352,30279.624872690845,88.412749,68.59949419354838,19.67550494704801,0.30997918354218285,9,64,,True,False,Request timeout: 300.0s exceeded,498,21.16838264042747
335,2026-09-14T02:30:37.302+00:00,2026-09-14T02:35:30.851+00:00,2026-09-14T02:35:37.332+00:00,False,96,95.0,,95.0,293549.441579,300029.510699,300029.510677,3125.3074028854166,0.021079999999999998,293549.441579,29953.309018563876,87.9876295,68.21125389473684,19.65018227016536,0.3166355195482997,9,64,,True,False,Request timeout: 300.0s exceeded,379,21.16838264042747
336,2026-09-14T02:30:42.938+00:00,2026-09-14T02:35:36.556+00:00,2026-09-14T02:35:42.964+00:00,False,96,95.0,,95.0,293617.66800199996,300025.59452999994,300025.59446099994,3125.2666089687496,0.02095,293617.66800199996,29960.350329098204,88.58137274999999,67.45185818947368,20.3709550246943,0.31663965252304777,9,64,,True,False,Request timeout: 300.0s exceeded,499,21.16838264042747
337,2026-09-14T02:30:46.339+00:00,2026-09-14T02:35:40.286+00:00,2026-09-14T02:35:46.360+00:00,False,89,88.0,,88.0,293946.651601,300020.615121,300020.615255,3371.018148932584,0.02239,293946.651601,31150.9731314884,89.41038400000001,69.02231272727273,20.592389917289356,0.29331317771116866,9,64,,True,False,Request timeout: 300.0s exceeded,382,21.16838264042747
338,2026-09-14T02:30:50.556+00:00,2026-09-14T02:35:44.438+00:00,2026-09-14T02:35:50.611+00:00,False,92,91.0,,91.0,293881.549533,300054.94319699996,300054.943028,3261.466772043478,0.019289999999999998,293881.549533,30632.20359433171,89.15867405,67.83949081318681,20.521460255796228,0.30327778982882575,9,64,,True,False,Request timeout: 300.0s exceeded,486,21.16838264042747
339,2026-09-14T02:30:55.915+00:00,2026-09-14T02:35:49.755+00:00,2026-09-14T02:35:55.933+00:00,False,89,88.0,,88.0,293840.434106,300018.45497,300018.455062,3370.9938771011234,0.02146,293840.434106,31139.587370061596,87.2171106,70.20478254545455,18.34271807908686,0.2933152895837673,9,64,,True,False,Request timeout: 300.0s exceeded,286,21.16838264042747
340,2026-09-14T02:31:00.356+00:00,2026-09-14T02:35:54.333+00:00,2026-09-14T02:36:00.432+00:00,False,90,89.0,,89.0,293976.585264,300075.589936,300075.589807,3334.173220077778,0.03847,293976.585264,30980.63521960568,86.84422990000002,68.52814238202247,19.031944375443963,0.2965919354486044,9,64,,True,False,Request timeout: 300.0s exceeded,453,21.16838264042747
341,2026-09-14T02:31:04.258+00:00,2026-09-14T02:35:58.045+00:00,2026-09-14T02:36:04.272+00:00,False,93,92.0,,92.0,293787.70318699995,300014.50741099997,300014.50724099996,3225.962443451612,0.03596,293787.70318699995,30457.35434164756,91.4361192,67.68265460869566,20.81410381750157,0.30665183758586084,9,64,,True,False,Request timeout: 300.0s exceeded,447,21.16838264042747
342,2026-09-14T02:31:09.798+00:00,2026-09-14T02:36:03.529+00:00,2026-09-14T02:36:09.820+00:00,False,90,89.0,,89.0,293730.93820499995,300021.91036499996,300021.910382,3333.576782022222,0.023710000000000002,293730.93820499995,30954.514653245744,88.34807595000001,70.6850804494382,19.46093077349708,0.29664500133248467,9,64,,True,False,Request timeout: 300.0s exceeded,366,21.16838264042747
343,2026-09-14T02:31:15.228+00:00,2026-09-14T02:36:08.798+00:00,2026-09-14T02:36:15.271+00:00,False,95,94.0,,94.0,293569.90080199996,300043.41145799996,300043.41155399993,3158.3517005684207,0.037950000000000005,293569.90080199996,30112.57658780133,87.52381199999999,68.86713463829787,18.95472777581876,0.313287999037293,9,64,,True,False,Request timeout: 300.0s exceeded,501,21.16838264042747
344,2026-09-14T02:31:18.860+00:00,2026-09-14T02:36:12.830+00:00,2026-09-14T02:36:18.892+00:00,False,87,86.0,,86.0,293970.02167299995,300032.00080899993,300032.00088099996,3448.643688287356,0.02086,293970.02167299995,31509.34285431428,86.6765843,70.48812948837208,18.66662087696378,0.2866360913772911,9,64,,True,False,Request timeout: 300.0s exceeded,416,21.16838264042747
345,2026-09-14T02:31:23.471+00:00,2026-09-14T02:36:17.016+00:00,2026-09-14T02:36:23.552+00:00,False,98,97.0,,97.0,293545.783561,300080.86580100004,300080.865843,3062.0496514591837,0.01982,293545.783561,29645.802825467425,87.95925785,67.37198185567011,19.58525915508166,0.32324620145666333,9,64,,True,False,Request timeout: 300.0s exceeded,209,21.16838264042747
346,2026-09-14T02:31:28.871+00:00,2026-09-14T02:36:23.055+00:00,2026-09-14T02:36:28.911+00:00,False,84,83.0,,83.0,294184.63967,300040.521142,300040.521045,3571.9109648214285,0.03669,294184.63967,32090.483394324227,88.7048045,70.55278881927711,19.12487776624971,0.2766293022158785,9,64,,True,False,Request timeout: 300.0s exceeded,319,21.16838264042747
347,2026-09-14T02:31:32.422+00:00,2026-09-14T02:36:26.194+00:00,2026-09-14T02:36:32.459+00:00,False,87,86.0,,86.0,293771.936253,300036.946685,300036.94670699997,3448.700536862069,0.023350000000000003,293771.936253,31487.85224004641,87.33503060000001,72.84895851162791,17.748987906234767,0.2866313664039812,9,64,,True,False,Request timeout: 300.0s exceeded,369,21.16838264042747
348,2026-09-14T02:31:36.317+00:00,2026-09-14T02:36:30.157+00:00,2026-09-14T02:36:36.354+00:00,False,89,88.0,,88.0,293840.640505,300037.36114500003,300037.361143,3371.2063049775284,0.07954,293840.640505,31139.587654300027,88.518753,70.41728,19.87651210028885,0.2932968069848873,9,64,,True,False,Request timeout: 300.0s exceeded,412,21.16838264042747
349,2026-09-14T02:31:39.809+00:00,2026-09-14T02:36:33.689+00:00,2026-09-14T02:36:39.846+00:00,False,91,90.0,,90.0,293880.359416,300036.794616,300036.794538,3297.1076322857143,0.03921,293880.359416,30799.86900607451,90.6122235,68.40483555555555,21.35732899859994,0.29996320989625913,9,64,,True,False,Request timeout: 300.0s exceeded,293,21.16838264042747
350,2026-09-14T02:31:45.015+00:00,2026-09-14T02:36:38.838+00:00,2026-09-14T02:36:45.022+00:00,False,90,89.0,,89.0,293822.54913400003,300006.45851,300006.458425,3333.4050936111116,0.02204,293822.54913400003,30964.299462176677,91.33675244999999,69.48212782022472,21.55100723218122,0.2966602800553822,9,64,,True,False,Request timeout: 300.0s exceeded,389,21.16838264042747
351,2026-09-14T02:31:48.371+00:00,2026-09-14T02:36:42.098+00:00,2026-09-14T02:36:48.412+00:00,False,90,89.0,,89.0,293727.465208,300040.88242399995,300040.882497,3333.7875833,0.02127,293727.465208,30954.12255870119,89.87774695,70.93727208988763,20.36460984502233,0.2966262440004109,9,64,,True,False,Request timeout: 300.0s exceeded,424,21.16838264042747
352,2026-09-14T02:31:53.803+00:00,2026-09-14T02:36:47.818+00:00,2026-09-14T02:36:53.845+00:00,False,90,89.0,,89.0,294014.962366,300042.508222,300042.50805,3333.805645,0.03685,294014.962366,30984.765909503963,90.29465099999999,67.72523433707865,20.23683554079444,0.2966246367136397,9,64,,True,False,Request timeout: 300.0s exceeded,384,21.16838264042747
353,2026-09-14T02:31:59.351+00:00,2026-09-14T02:36:52.908+00:00,2026-09-14T02:36:59.389+00:00,False,91,90.0,,90.0,293557.326708,300037.513844,300037.513827,3297.1155365604395,0.0358,293557.326708,30765.627338202343,89.6454355,72.0020792888889,18.95994701461147,0.29996249084637516,9,64,,True,False,Request timeout: 300.0s exceeded,339,21.16838264042747
354,2026-09-14T02:32:05.595+00:00,2026-09-14T02:36:58.590+00:00,2026-09-14T02:37:05.726+00:00,False,110,109.0,,109.0,292995.46288099996,300130.76886499993,300130.768696,2728.4615335999997,0.03662,292995.46288099996,27929.78705258345,88.88101245,65.46152278899082,20.281372350347834,0.3631750267132013,9,64,,True,False,Request timeout: 300.0s exceeded,471,21.16838264042747
355,2026-09-14T02:32:08.806+00:00,2026-09-14T02:37:02.441+00:00,2026-09-14T02:37:08.880+00:00,False,106,105.0,,105.0,293634.62924599997,300073.984382,300073.984229,2830.886643669811,0.0,293634.62924599997,28514.373782733976,90.159522,61.32719177142857,28.389006314559758,0.34991370616898587,9,64,,True,False,Request timeout: 300.0s exceeded,394,21.16838264042747
356,2026-09-14T02:32:13.253+00:00,2026-09-14T02:37:07.194+00:00,2026-09-14T02:37:13.338+00:00,False,93,92.0,,92.0,293941.315493,300085.64266099996,300085.64279799996,3226.7273419139783,0.0,293941.315493,30473.376329586208,88.0560986,66.78616486956521,21.07334686637341,0.3065791458204828,9,64,,True,False,Request timeout: 300.0s exceeded,423,21.16838264042747
357,2026-09-14T02:32:18.479+00:00,2026-09-14T02:37:12.358+00:00,2026-09-14T02:37:18.499+00:00,False,97,96.0,,96.0,293878.408551,300019.703655,300019.703782,3092.986636927835,0.02962,293878.408551,29832.343389542504,88.837442,63.971824,20.87933878669478,0.31997898414829695,9,64,,True,False,Request timeout: 300.0s exceeded,307,21.16838264042747
358,2026-09-14T02:32:23.408+00:00,2026-09-14T02:37:17.768+00:00,2026-09-14T02:37:23.431+00:00,False,86,85.0,,85.0,294360.193279,300022.724095,300022.723981,3488.636325360465,0.04063,294360.193279,31734.49855064867,89.07057225,66.61800960000001,19.943891960678652,0.2833118733135873,9,64,,True,False,Request timeout: 300.0s exceeded,390,21.16838264042747
359,2026-09-14T02:32:28.146+00:00,2026-09-14T02:37:21.924+00:00,2026-09-14T02:37:28.194+00:00,False,95,94.0,,94.0,293777.818165,300048.352821,300048.35278200003,3158.403713494737,0.03525,293777.818165,30134.130624773046,89.43121230000001,66.7078154893617,19.938649551911595,0.3132828396364423,9,64,,True,False,Request timeout: 300.0s exceeded,470,21.16838264042747
360,2026-09-14T02:32:31.595+00:00,2026-09-14T02:37:25.054+00:00,2026-09-14T02:37:31.666+00:00,False,96,95.0,,95.0,293459.276578,300070.60508999997,300070.605088,3125.7354696666666,0.020730000000000002,293459.276578,29943.965601205633,89.02443975,69.59293170526315,19.687798954216458,0.31659215660763146,9,64,,True,False,Request timeout: 300.0s exceeded,185,21.16838264042747
361,2026-09-14T02:32:36.565+00:00,2026-09-14T02:37:30.712+00:00,2026-09-14T02:37:36.615+00:00,False,87,86.0,,86.0,294147.107357,300050.184477,300050.184494,3448.8526953333335,0.019960000000000002,294147.107357,31528.526752709855,86.17820430000002,68.64043162790698,19.0547565670001,0.28661872063135574,9,64,,True,False,Request timeout: 300.0s exceeded,328,21.16838264042747
362,2026-09-14T02:32:40.566+00:00,2026-09-14T02:37:34.348+00:00,2026-09-14T02:37:40.635+00:00,False,95,94.0,,94.0,293781.87336900004,300069.67752900004,300069.67741400003,3158.6281833052635,0.03648,293781.87336900004,30134.52794397266,87.22582700000001,66.89153361702128,20.11076899639664,0.3132605759237883,9,64,,True,False,Request timeout: 300.0s exceeded,422,21.16838264042747
363,2026-09-14T02:32:44.670+00:00,2026-09-14T02:37:38.604+00:00,2026-09-14T02:37:44.731+00:00,False,88,87.0,,87.0,293934.223242,300061.04333799996,300061.04333099996,3409.784583306818,0.023809999999999998,293934.223242,31325.992414511962,90.67980254999999,70.42321949425288,19.62493931096135,0.28994100344442236,9,64,,True,False,Request timeout: 300.0s exceeded,439,21.16838264042747
364,2026-09-14T02:32:48.852+00:00,2026-09-14T02:37:42.740+00:00,2026-09-14T02:37:48.895+00:00,False,90,89.0,,89.0,293888.504186,300042.85657,300042.856417,3333.809515744444,0.02336,293888.504186,30971.285245117535,87.22122250000001,69.15002678651686,19.255997776664568,0.2966242923341729,9,64,,True,False,Request timeout: 300.0s exceeded,134,21.16838264042747
365,2026-09-14T02:32:54.287+00:00,2026-09-14T02:37:48.079+00:00,2026-09-14T02:37:54.336+00:00,False,93,92.0,,92.0,293791.758478,300048.695438,300048.695272,3226.330056688172,0.03946,293791.758478,30457.740469715605,88.92529559999998,68.0101843478261,20.17911756674226,0.306616897186311,9,64,,True,False,Request timeout: 300.0s exceeded,476,21.16838264042747
366,2026-09-14T02:32:59.674+00:00,2026-09-14T02:37:53.335+00:00,2026-09-14T02:37:59.756+00:00,False,91,90.0,,90.0,293661.18094,300082.649868,300082.649846,3297.6115367692305,0.04185,293661.18094,30776.583450952065,89.2318865,71.34965475555556,20.29269034908205,0.29991737289573084,9,64,,True,False,Request timeout: 300.0s exceeded,359,21.16838264042747
367,2026-09-14T02:33:04.767+00:00,2026-09-14T02:37:58.530+00:00,2026-09-14T02:38:04.779+00:00,False,91,90.0,,90.0,293762.24017299997,300011.951533,300011.951762,3296.8346347472525,0.046439999999999995,293762.24017299997,30787.377014595728,88.5988825,69.44123733333333,19.70677772734751,0.2999880489431115,9,64,,True,False,Request timeout: 300.0s exceeded,431,21.16838264042747
368,2026-09-14T02:33:09.934+00:00,2026-09-14T02:38:03.473+00:00,2026-09-14T02:38:12.788+00:00,False,94,93.0,,93.0,293539.038831,302854.54321499995,302854.543219,3221.856842755319,0.03013,293539.038831,30267.470568319695,89.85458929999999,100.16671380645163,309.1468024564892,0.30707810757185244,9,64,,True,False,Request timeout: 300.0s exceeded,416,21.16838264042747
369,2026-09-14T02:33:14.794+00:00,2026-09-14T02:38:08.119+00:00,2026-09-14T02:38:14.814+00:00,False,109,108.0,,108.0,293325.567468,300020.660716,300020.660938,2752.4831278715596,0.0152,293325.567468,28091.098763758866,88.841595,61.99160414814815,295.7621298703498,0.35997520884814316,9,64,,True,False,Request timeout: 300.0s exceeded,523,21.16838264042747
370,2026-09-14T02:33:18.246+00:00,2026-09-14T02:38:14.038+00:00,2026-09-14T02:38:18.283+00:00,False,66,65.0,,65.0,295792.204211,300036.58565100003,300036.585664,4546.00887369697,0.03868,295792.204211,36401.47140368538,86.9672315,65.298176,20.379774069804014,0.21664024691844558,9,64,,True,False,Request timeout: 300.0s exceeded,232,21.16838264042747
371,2026-09-14T02:33:22.463+00:00,2026-09-14T02:38:16.305+00:00,2026-09-14T02:38:22.480+00:00,False,90,89.0,,89.0,293841.722134,300016.857878,300016.85787199996,3333.520643022222,0.03716,293841.722134,30966.329467336287,87.00913150000001,69.38354768539325,19.41470893646054,0.2966499970351376,9,64,,True,False,Request timeout: 300.0s exceeded,423,21.16838264042747
372,2026-09-14T02:33:28.310+00:00,2026-09-14T02:38:21.960+00:00,2026-09-14T02:38:28.322+00:00,False,99,98.0,,98.0,293649.95288700005,300012.2832550001,300012.28323900007,3030.427103424243,0.02655,293649.95288700005,29506.412373941825,87.29063190000001,64.9217384489796,19.752625042831223,0.3266532921143878,9,64,,True,False,Request timeout: 300.0s exceeded,406,21.16838264042747
373,2026-09-14T02:33:32.846+00:00,2026-09-14T02:38:26.469+00:00,2026-09-14T02:38:32.865+00:00,False,99,98.0,,98.0,293623.27939,300019.53794999997,300019.53809,3030.5003847474745,0.02155,293623.27939,29503.697267413132,90.42430129999998,65.26794448979591,20.45741353884514,0.32664539339545373,9,64,,True,False,Request timeout: 300.0s exceeded,462,21.16838264042747
374,2026-09-14T02:33:38.864+00:00,2026-09-14T02:38:32.212+00:00,2026-09-14T02:38:38.875+00:00,False,95,94.0,,94.0,293348.262649,300011.322873,300011.32274499995,3158.0139236315786,0.03472,293348.262649,30089.63072279297,89.29782169999999,70.88361940425531,19.912318986796127,0.31332150766786837,9,64,,True,False,Request timeout: 300.0s exceeded,403,21.16838264042747
375,2026-09-14T02:33:42.917+00:00,2026-09-14T02:38:36.697+00:00,2026-09-14T02:38:42.937+00:00,False,94,93.0,,93.0,293779.32429799996,300019.65786599996,300019.65799599997,3191.6984893191484,0.04272,293779.32429799996,30294.109603947676,88.91800385,67.10036094623656,20.405746734616496,0.3099796882027553,9,64,,True,False,Request timeout: 300.0s exceeded,383,21.16838264042747
376,2026-09-14T02:33:48.277+00:00,2026-09-14T02:38:42.119+00:00,2026-09-14T02:38:48.347+00:00,False,97,96.0,,96.0,293841.73342299997,300069.67940699996,300069.67929899995,3093.5018484432985,0.02118,293841.73342299997,29828.52756526476,85.8720616,64.87443733333333,20.31759178430051,0.319925692558195,9,64,,True,False,Request timeout: 300.0s exceeded,401,21.16838264042747
377,2026-09-14T02:33:53.409+00:00,2026-09-14T02:38:47.179+00:00,2026-09-14T02:38:53.477+00:00,False,94,93.0,,93.0,293769.816123,300068.090171,300068.089961,3192.2137229893615,0.03648,293769.816123,30293.06396661242,88.15767514999999,67.72337686021505,19.349883712449316,0.3099296561223889,9,64,,True,False,Request timeout: 300.0s exceeded,447,21.16838264042747
378,2026-09-14T02:33:58.271+00:00,2026-09-14T02:38:51.650+00:00,2026-09-14T02:38:58.289+00:00,False,99,98.0,,98.0,293378.788946,300018.19221,300018.192392,3030.486791838384,0.02675,293378.788946,29478.875495374425,87.8539469,67.74901289795919,20.153826981821183,0.32664685857251,9,64,,True,False,Request timeout: 300.0s exceeded,484,21.16838264042747
379,2026-09-14T02:34:03.669+00:00,2026-09-14T02:38:57.513+00:00,2026-09-14T02:39:03.715+00:00,False,90,89.0,,89.0,293844.07308099995,300045.689721,300045.68954199995,3333.8409949111106,0.02131,293844.07308099995,30966.54583591805,87.31141,69.68108584269662,19.285439190830964,0.29662149148937084,9,64,,True,False,Request timeout: 300.0s exceeded,356,21.16838264042747
380,2026-09-14T02:34:09.131+00:00,2026-09-14T02:39:02.524+00:00,2026-09-14T02:39:09.149+00:00,False,102,101.0,,101.0,293392.97139200004,300017.96928,300017.96941,2941.35264127451,0.02183,293392.97139200004,29043.745426388585,89.47653705,65.5940384950495,20.59413958262128,0.3366465023491275,9,64,,True,False,Request timeout: 300.0s exceeded,455,21.16838264042747
381,2026-09-14T02:34:13.591+00:00,2026-09-14T02:39:07.553+00:00,2026-09-14T02:39:13.610+00:00,False,90,89.0,,89.0,293961.321311,300018.72188699996,300018.72210699995,3333.5413567444443,0.026010000000000002,293961.321311,30979.076167937328,88.05352905,68.06068062921348,20.050974339980087,0.29664815395594296,9,64,,True,False,Request timeout: 300.0s exceeded,376,21.16838264042747
382,2026-09-14T02:34:19.369+00:00,2026-09-14T02:39:12.885+00:00,2026-09-14T02:39:19.406+00:00,False,96,95.0,,95.0,293515.813318,300037.279686,300037.279736,3125.3883305833333,0.02512,293515.813318,29949.832563994663,86.94631425,68.6470144,19.939804205065403,0.3166273207763414,9,64,,True,False,Request timeout: 300.0s exceeded,421,21.16838264042747
383,2026-09-14T02:34:24.850+00:00,2026-09-14T02:39:18.442+00:00,2026-09-14T02:39:24.895+00:00,False,95,94.0,,94.0,293591.33443800005,300044.8448380001,300044.84479800006,3158.366787347369,0.022719999999999997,293591.33443800005,30114.79764807578,87.99903,68.65436595744681,19.251575525995815,0.3132865023918421,9,64,,True,False,Request timeout: 300.0s exceeded,467,21.16838264042747
384,2026-09-14T02:34:30.760+00:00,2026-09-14T02:39:24.462+00:00,2026-09-14T02:39:30.781+00:00,False,96,95.0,,95.0,293701.477564,300021.02086,300021.020907,3125.21896778125,0.0235,293701.477564,29968.998577972954,87.6612975,66.52150837894737,19.64423098760909,0.31664447953575303,9,64,,True,False,Request timeout: 300.0s exceeded,557,21.16838264042747
385,2026-09-14T02:34:36.392+00:00,2026-09-14T02:39:30.103+00:00,2026-09-14T02:39:36.406+00:00,False,112,111.0,,111.0,293710.580551,300013.936455,300013.936379,2678.695860526786,0.02867,293710.580551,27747.682389095302,86.830864,56.78699012612613,19.878604655090122,0.36998281250394255,9,64,,True,False,Request timeout: 300.0s exceeded,463,21.16838264042747
0,2026-09-14T02:04:40.887+00:00,2026-09-14T02:04:41.078+00:00,2026-09-14T02:04:49.209+00:00,True,164,164.0,,164.0,190.816008,8321.728008,8321.727983,50.742243798780486,0.02618,190.816008,20.60780333717199,86.67582949999998,49.88289570552147,17.476980631288594,19.707445357783914,10,64,,False,True,,774,21.16838264042747
1,2026-09-14T02:04:44.154+00:00,2026-09-14T02:04:44.342+00:00,2026-09-14T02:04:50.623+00:00,True,108,108.0,,108.0,188.18839300000002,6468.969193000001,6468.969007,59.897861175925925,0.05007,188.18839300000002,23.48880635559355,90.5219144,58.69888598130841,20.005230717493806,16.695086462440663,10,64,,False,True,,509,21.16838264042747
2,2026-09-14T02:04:47.061+00:00,2026-09-14T02:04:49.117+00:00,2026-09-14T02:05:06.356+00:00,True,264,264.0,,264.0,2055.679379,19294.522003000002,19294.52193,73.08531034090909,37.773371,2055.679379,124.41772731593925,96.05589034999998,65.54693012927757,21.891032811681416,13.682640075714344,10,64,,False,True,,1013,21.16838264042747
3,2026-09-14T02:04:50.817+00:00,2026-09-14T02:04:55.955+00:00,2026-09-14T02:05:11.625+00:00,True,239,239.0,,239.0,5137.751673000001,20808.393593,20808.393588,87.06440831799164,40.025254999999994,5137.751673000001,328.77322532756057,94.6090689,65.84303327731092,21.468443074008377,11.485749677495539,10,64,,False,True,,982,21.16838264042747
4,2026-09-14T02:04:54.225+00:00,2026-09-14T02:05:02.499+00:00,2026-09-14T02:05:17.095+00:00,True,222,222.0,,222.0,8274.126384,22869.816624,22869.816626,103.01719200900901,17.168534,8274.126384,551.3302303720227,95.118238,66.043847239819,22.06718641595961,9.707117623629268,10,64,,False,True,,1139,21.16838264042747
5,2026-09-14T02:04:57.838+00:00,2026-09-14T02:05:08.687+00:00,2026-09-14T02:05:27.053+00:00,True,277,277.0,,277.0,10848.092569,29214.678937,29214.679013,105.46815528158845,22.765022000000002,10848.092569,648.1719629605666,94.43180899999999,66.5456027826087,21.984539090791866,9.481534970736345,10,64,,False,True,,1118,21.16838264042747
6,2026-09-14T02:05:02.067+00:00,2026-09-14T02:05:15.620+00:00,2026-09-14T02:05:35.548+00:00,True,297,297.0,,297.0,13553.244219,33481.432123,33481.432073,112.73209452188553,18.767919999999997,13553.244219,782.8438416223739,95.44054840000001,67.32495913513513,22.117163975476036,8.870588298281795,10,64,,False,True,,1139,21.16838264042747
7,2026-09-14T02:05:05.537+00:00,2026-09-14T02:05:21.452+00:00,2026-09-14T02:05:37.559+00:00,True,241,241.0,,241.0,15914.880722,32021.512658,32021.51266,132.86934713692946,38.704729,15914.880722,1021.0840370838548,96.05710800000001,67.11096640000001,22.15805236917482,7.526190363770666,10,64,,False,True,,388,21.16838264042747
8,2026-09-14T02:05:09.089+00:00,2026-09-14T02:05:27.959+00:00,2026-09-14T02:05:45.060+00:00,True,258,258.0,,258.0,18870.057263,35970.989871,35970.989747,139.42244087984497,0.018920000000000003,18870.057263,1170.955367604605,96.66800585000001,66.54059380544747,26.536348145108548,7.172446488830182,10,64,,False,True,,1028,21.16838264042747
9,2026-09-14T02:05:13.134+00:00,2026-09-14T02:05:35.090+00:00,2026-09-14T02:05:43.320+00:00,True,131,131.0,,131.0,21955.852452,30185.607076,30185.60717,230.42448221374045,0.020489999999999998,21955.852452,1912.9927718372971,96.26539199999999,63.3058048,29.9132725274186,4.3398166440772235,10,64,,False,True,,292,21.16838264042747
10,2026-09-14T02:05:16.077+00:00,2026-09-14T02:05:40.929+00:00,2026-09-14T02:05:48.766+00:00,True,118,118.0,,118.0,24851.432522,32688.302666,32688.302725999998,277.0195146271186,41.331913,24851.432522,2281.698925800004,95.80234065,66.9817961025641,22.014947623321667,3.6098539959596936,10,64,,False,True,,230,21.16838264042747
11,2026-09-14T02:05:18.560+00:00,2026-09-14T02:05:44.648+00:00,2026-09-14T02:06:01.085+00:00,True,251,251.0,,251.0,26088.279214000002,42524.49911800001,42524.499108,169.42031517131474,38.173970000000004,26088.279214000002,1642.6757864509002,96.10668100000002,65.74487961599999,22.093196545578028,5.9024798693926375,10,64,,False,True,,853,21.16838264042747
12,2026-09-14T02:05:20.952+00:00,2026-09-14T02:05:47.984+00:00,2026-09-14T02:06:04.844+00:00,True,256,256.0,,256.0,27032.109555,43891.670259,43891.670228,171.451836828125,38.530589,27032.109555,1685.5155296413534,96.15659775,66.11592432941177,21.838549737623886,5.83254176679474,10,64,,False,True,,1068,21.16838264042747
13,2026-09-14T02:05:23.994+00:00,2026-09-14T02:05:54.469+00:00,2026-09-14T02:06:01.957+00:00,True,115,115.0,,115.0,30475.729899,37962.842091,37962.842032,330.1116698434783,40.111595,30475.729899,2835.834337672768,93.46761070000001,65.6764227368421,21.690917264650064,3.029277937735423,10,64,,False,True,,153,21.16838264042747
14,2026-09-14T02:05:27.043+00:00,2026-09-14T02:06:00.174+00:00,2026-09-14T02:06:11.759+00:00,True,171,171.0,,171.0,33131.432513,44716.172353,44716.172362,261.4980839883041,36.547192,33131.432513,2528.50806667171,95.28880950000001,68.14552847058823,22.019648791319888,3.8241197983156003,10,64,,False,True,,835,21.16838264042747
15,2026-09-14T02:05:29.567+00:00,2026-09-14T02:06:03.965+00:00,2026-09-14T02:06:22.306+00:00,True,274,274.0,,274.0,34398.911803,52739.477307,52739.477387,192.4798444781022,35.332526,34398.911803,2074.1714278438485,94.85298879999999,67.18155862271061,21.953084101508647,5.195349176576548,10,64,,False,True,,1367,21.16838264042747
16,2026-09-14T02:05:32.828+00:00,2026-09-14T02:06:09.723+00:00,2026-09-14T02:06:18.421+00:00,True,133,133.0,,133.0,36895.578562,45593.580738000004,45593.580775,342.80887800751884,33.861099,36895.578562,3193.6143736353624,94.8228056,65.89395587878788,22.07314939769614,2.9170773132356995,10,64,,False,True,,689,21.16838264042747
17,2026-09-14T02:05:36.681+00:00,2026-09-14T02:06:16.461+00:00,2026-09-14T02:06:25.996+00:00,True,144,144.0,,144.0,39780.041155,49314.772675,49314.772664,342.46369905555554,9.939529,39780.041155,3309.5287067586523,93.59634065,66.6764441958042,23.328705965800673,2.920017515826458,10,64,,False,True,,705,21.16838264042747
18,2026-09-14T02:05:40.788+00:00,2026-09-14T02:06:22.793+00:00,2026-09-14T02:06:34.963+00:00,True,188,188.0,,188.0,42004.468328,54174.803816,54174.803684000006,288.16384938297875,0.01709,42004.468328,3058.948899213214,96.36703035000001,65.08200795721925,35.490067350653696,3.4702479152213566,10,64,,False,True,,664,21.16838264042747
19,2026-09-14T02:05:44.688+00:00,2026-09-14T02:06:30.162+00:00,2026-09-14T02:06:48.868+00:00,True,282,282.0,,282.0,45473.919997000005,64179.71634900001,64179.716329,227.5876465567376,0.0159,45473.919997000005,2704.1563525684023,95.3317265,66.56867029181494,31.937117028388773,4.393911597653764,10,64,,False,True,,1369,21.16838264042747
20,2026-09-14T02:05:48.850+00:00,2026-09-14T02:06:37.664+00:00,2026-09-14T02:06:50.084+00:00,True,188,188.0,,188.0,48814.375247,61233.913935000004,61233.91401,325.7123085638298,14.379749,48814.375247,3555.3832016375595,95.56449479999999,66.41464539037433,22.808839246291786,3.070194079045194,10,64,,False,True,,896,21.16838264042747
21,2026-09-14T02:05:52.996+00:00,2026-09-14T02:06:44.688+00:00,2026-09-14T02:06:56.940+00:00,True,185,185.0,,185.0,51692.366148999994,63944.624964999995,63944.62489499999,345.64662105405404,5.947877,51692.366148999994,3795.6742493657143,96.1607272,66.58836313043479,23.374007924152775,2.893128235582889,10,64,,False,True,,910,21.16838264042747
22,2026-09-14T02:05:57.032+00:00,2026-09-14T02:06:51.709+00:00,2026-09-14T02:07:05.851+00:00,True,212,212.0,,212.0,54676.641345,68818.87443299999,68818.874354,324.61733185849056,40.478745,54676.641345,3750.6651967203316,94.15411639999998,67.0248013649289,21.50054659591938,3.0805502378042653,10,64,,False,True,,975,21.16838264042747
23,2026-09-14T02:06:00.179+00:00,2026-09-14T02:06:57.122+00:00,2026-09-14T02:07:16.297+00:00,True,285,285.0,,285.0,56943.402347999996,76118.433644,76118.433463,267.082222677193,0.0,56943.402347999996,3369.1328426223617,97.02314700000001,67.51771583098592,25.50483487437827,3.7441653270602337,10,64,,False,True,,1149,21.16838264042747
24,2026-09-14T02:06:03.472+00:00,2026-09-14T02:07:02.830+00:00,2026-09-14T02:07:12.260+00:00,True,142,142.0,,142.0,59357.825090000006,68788.02310600001,68788.02302400001,484.4226973521127,0.0,59357.825090000006,4975.667143099951,97.18445360000001,66.8808369929078,28.60282212197959,2.0643128496538243,10,64,,False,True,,688,21.16838264042747
25,2026-09-14T02:06:06.187+00:00,2026-09-14T02:07:07.681+00:00,2026-09-14T02:07:17.956+00:00,True,150,150.0,,150.0,61493.187472000005,71768.78248000001,71768.782491,478.45854994,0.0,61493.187472000005,5015.346874023569,96.73497455,68.96372488590605,28.424220956342587,2.0900452093053254,10,64,,False,True,,716,21.16838264042747
26,2026-09-14T02:06:09.640+00:00,2026-09-14T02:07:14.068+00:00,2026-09-14T02:07:30.403+00:00,True,246,246.0,,246.0,64427.419316,80762.600884,80762.600865,328.3032555487805,0.01696,64427.419316,4103.64505889529,95.286914,66.67421048163266,35.60416707243939,3.0459643115423174,10,64,,False,True,,1047,21.16838264042747
27,2026-09-14T02:06:12.267+00:00,2026-09-14T02:07:18.851+00:00,2026-09-14T02:07:26.338+00:00,True,116,116.0,,116.0,66584.125214,74070.802974,74070.80295,638.5414047413793,36.615223,66584.125214,6176.175095458504,96.60715175000001,65.10154573913044,21.987416948850466,1.5660691573806456,10,64,,False,True,,173,21.16838264042747
28,2026-09-14T02:06:15.112+00:00,2026-09-14T02:07:24.110+00:00,2026-09-14T02:07:31.522+00:00,True,114,114.0,,114.0,68998.363177,76410.23031300001,76410.23021200001,670.2651772982457,0.01776,68998.363177,6456.347539294681,96.78473335000001,65.59174456637167,51.295644590605136,1.4919468182862508,10,64,,False,True,,514,21.16838264042747
29,2026-09-14T02:06:17.920+00:00,2026-09-14T02:07:29.501+00:00,2026-09-14T02:07:47.431+00:00,True,278,278.0,,278.0,71580.582835,89511.04017899999,89511.04024799999,321.9821591654676,8.024193,71580.582835,4289.297053529226,93.03988600000001,64.73089293862816,22.97104461524565,3.105762143352022,10,64,,False,True,,1431,21.16838264042747
30,2026-09-14T02:06:20.923+00:00,2026-09-14T02:07:33.565+00:00,2026-09-14T02:07:51.288+00:00,True,276,276.0,,276.0,72642.112824,90364.76908,90364.76905599999,327.40858353623184,39.920926,72642.112824,4368.712339052754,93.56579699999999,64.44602274909091,20.975630561914713,3.0542876699619184,10,64,,False,True,,814,21.16838264042747
31,2026-09-14T02:06:23.994+00:00,2026-09-14T02:07:38.942+00:00,2026-09-14T02:07:47.918+00:00,True,141,141.0,,141.0,74947.722657,83923.798945,83923.798911,595.2042475957447,39.362877,74947.722657,6306.372137352605,93.77644199999999,64.11483062857143,21.001072243317903,1.6800955363377348,10,64,,False,True,,656,21.16838264042747
32,2026-09-14T02:06:27.425+00:00,2026-09-14T02:07:45.233+00:00,2026-09-14T02:08:01.134+00:00,True,245,245.0,,245.0,77807.52787899999,93708.85011899998,93708.85029399999,382.4851032408163,0.0,77807.52787899999,4966.834939089443,94.6167088,65.16935344262295,24.019695953841822,2.614480912836694,10,64,,False,True,,968,21.16838264042747
33,2026-09-14T02:06:31.459+00:00,2026-09-14T02:07:52.155+00:00,2026-09-14T02:08:09.244+00:00,True,259,259.0,,259.0,80696.356976,97785.09092799999,97785.090999,377.54861389575285,39.560807000000004,80696.356976,5010.157467801271,95.4315141,66.23540291472868,21.391581887330283,2.6486655331813718,10,64,,False,True,,1072,21.16838264042747
34,2026-09-14T02:06:35.057+00:00,2026-09-14T02:07:58.120+00:00,2026-09-14T02:08:15.259+00:00,True,266,266.0,,266.0,83062.850308,100202.358788,100202.35874,376.7005967669173,0.0,83062.850308,5089.0098083450275,95.946452,64.67739049056604,25.83221320832096,2.654628126696909,10,64,,False,True,,1161,21.16838264042747
35,2026-09-14T02:06:37.500+00:00,2026-09-14T02:08:02.149+00:00,2026-09-14T02:08:12.934+00:00,True,166,166.0,,166.0,84648.365743,95433.343663,95433.34371,574.8996609036145,36.995992,84648.365743,6564.950578723315,95.56626075,65.36350254545455,21.932080761161416,1.7394339716964047,10,64,,False,True,,876,21.16838264042747
36,2026-09-14T02:06:39.869+00:00,2026-09-14T02:08:06.670+00:00,2026-09-14T02:08:19.839+00:00,True,199,199.0,,199.0,86800.769302,99970.44175,99970.441689,502.3640285879397,0.0,86800.769302,6148.489163134761,95.4815119,66.51349721212121,27.40941266220802,1.9905883830907452,10,64,,False,True,,775,21.16838264042747
37,2026-09-14T02:06:43.003+00:00,2026-09-14T02:08:12.306+00:00,2026-09-14T02:08:24.097+00:00,True,177,177.0,,177.0,89303.502559,101093.847007,101093.846914,571.151677480226,0.0,89303.502559,6707.64520478951,97.530159,66.99059345454545,54.26111024261186,1.7508483972100106,10,64,,False,True,,695,21.16838264042747
38,2026-09-14T02:06:45.506+00:00,2026-09-14T02:08:16.879+00:00,2026-09-14T02:08:31.341+00:00,True,217,217.0,,217.0,91372.955088,105835.348176,105835.347974,487.7204975760369,0.016370000000000003,91372.955088,6198.425378747862,96.4168984,66.95552355555556,46.04749480804581,2.050354666374202,10,64,,False,True,,1018,21.16838264042747
39,2026-09-14T02:06:48.559+00:00,2026-09-14T02:08:22.118+00:00,2026-09-14T02:08:39.829+00:00,True,265,265.0,,265.0,93559.251771,111270.02553099999,111270.02569,419.8868893962264,0.0,93559.251771,5743.34236091636,97.0889452,67.08626424242424,43.52319493100989,2.381593773663426,10,64,,False,True,,1279,21.16838264042747
40,2026-09-14T02:06:51.617+00:00,2026-09-14T02:08:27.925+00:00,2026-09-14T02:08:45.970+00:00,True,271,271.0,,271.0,96307.480497,114352.833457,114352.833491,421.9661752435424,0.0,96307.480497,5846.253072817219,95.07375449999999,66.83464059259259,24.267811747904577,2.369858199463889,10,64,,False,True,,1012,21.16838264042747
41,2026-09-14T02:06:55.159+00:00,2026-09-14T02:08:34.467+00:00,2026-09-14T02:08:52.369+00:00,True,268,268.0,,268.0,99308.76453100001,117210.622067,117210.622247,437.35306808582095,0.0,99308.76453100001,6062.200554678183,95.65587950000001,67.04815556554307,24.139468432366915,2.2864821914075817,10,64,,False,True,,1474,21.16838264042747
42,2026-09-14T02:06:58.211+00:00,2026-09-14T02:08:39.739+00:00,2026-09-14T02:08:50.944+00:00,True,171,171.0,,171.0,101528.37244400001,112733.05852400001,112733.058709,659.2576532690059,40.770744,101528.37244400001,7759.060788238522,95.8805675,65.90991811764705,22.473425285388963,1.5168576302185168,10,64,,False,True,,798,21.16838264042747
43,2026-09-14T02:07:02.038+00:00,2026-09-14T02:08:46.786+00:00,2026-09-14T02:09:03.664+00:00,True,256,256.0,,256.0,104748.243395,121626.455747,121626.455854,475.1033431796875,0.0,104748.243395,6542.682935087588,95.36716399999999,66.18906804705883,26.767107647724234,2.1048052286627157,10,64,,False,True,,1253,21.16838264042747
44,2026-09-14T02:07:04.482+00:00,2026-09-14T02:08:51.441+00:00,2026-09-14T02:09:06.080+00:00,True,223,223.0,,223.0,106958.439648,121598.050016,121598.05003,545.2827355605381,0.0,106958.439648,7158.106510030699,94.92755,65.94419084684685,28.270174334250203,1.833910987640488,10,64,,False,True,,868,21.16838264042747
45,2026-09-14T02:07:07.992+00:00,2026-09-14T02:08:57.681+00:00,2026-09-14T02:09:15.310+00:00,True,269,269.0,,269.0,109688.25166,127317.795596,127317.79559699999,473.3003553791821,0.0,109688.25166,6683.855211707655,97.08153539999999,65.78188035820895,27.2313405991995,2.1128232604150687,10,64,,False,True,,1231,21.16838264042747
46,2026-09-14T02:07:10.683+00:00,2026-09-14T02:09:02.311+00:00,2026-09-14T02:09:10.462+00:00,True,128,128.0,,128.0,111628.253839,119779.187087,119779.187284,935.77490065625,31.366303,111628.253839,9860.988419703428,95.03715400000002,64.1805767559055,21.990676429536837,1.0686330665028552,10,64,,False,True,,608,21.16838264042747
47,2026-09-14T02:07:14.765+00:00,2026-09-14T02:09:09.577+00:00,2026-09-14T02:09:16.989+00:00,True,109,109.0,,109.0,114812.851259,122224.787259,122224.787385,1121.3283246330275,42.043040999999995,114812.851259,10990.527427024188,97.60329380000002,68.62903703703704,23.178543313899542,0.8917994659219486,10,64,,False,True,,597,21.16838264042747
48,2026-09-14T02:07:18.146+00:00,2026-09-14T02:09:15.991+00:00,2026-09-14T02:09:22.698+00:00,True,103,103.0,,103.0,117844.857199,124552.455023,124552.45500300001,1209.2471359514564,0.0,117844.857199,11605.387195467136,98.8072571,65.76076298039216,79.2573295256437,0.8269608172795944,10,64,,False,True,,637,21.16838264042747
49,2026-09-14T02:07:21.178+00:00,2026-09-14T02:09:20.674+00:00,2026-09-14T02:09:34.935+00:00,True,216,216.0,,216.0,119495.854621,133757.043485,133757.04363200002,619.2455723703704,0.0,119495.854621,8126.199756797665,95.53051125,66.33111099534884,28.56045787790388,1.6148682295315762,10,64,,False,True,,864,21.16838264042747
50,2026-09-14T02:07:24.499+00:00,2026-09-14T02:09:27.387+00:00,2026-09-14T02:09:33.963+00:00,True,102,102.0,,102.0,122887.470905,129463.463481,129463.463477,1269.2496419313725,41.140003,122887.470905,12161.24550688063,95.28523400000002,65.10883738613862,21.889297947150386,0.787867072743419,10,64,,False,True,,136,21.16838264042747
51,2026-09-14T02:07:27.167+00:00,2026-09-14T02:09:31.302+00:00,2026-09-14T02:09:46.951+00:00,True,241,241.0,,241.0,124135.088287,139784.385695,139784.385686,580.0181978672199,0.0,124135.088287,7992.0949954614825,94.87646000000001,65.20540586666667,28.68853490523137,1.7240838367015152,10,64,,False,True,,1201,21.16838264042747
52,2026-09-14T02:07:30.586+00:00,2026-09-14T02:09:37.026+00:00,2026-09-14T02:09:49.092+00:00,True,184,184.0,,184.0,126440.31591500001,138505.469963,138505.469893,752.7471189836957,0.0,126440.31591500001,9316.493281737727,94.3908505,65.92980354098361,30.58630241697977,1.3284673886825789,10,64,,False,True,,907,21.16838264042747
53,2026-09-14T02:07:34.790+00:00,2026-09-14T02:09:44.028+00:00,2026-09-14T02:10:01.391+00:00,True,262,262.0,,262.0,129237.874601,146600.246185,146600.246262,559.5429246641221,0.0,129237.874601,7980.283351194602,94.51288145000001,66.52249649042146,28.463750812143296,1.7871729878909821,10,64,,False,True,,1304,21.16838264042747
54,2026-09-14T02:07:37.859+00:00,2026-09-14T02:09:50.469+00:00,2026-09-14T02:10:02.997+00:00,True,186,186.0,,186.0,132609.757957,145137.476869,145137.476768,780.3090148817204,38.941617,132609.757957,9718.47922354394,95.06202425,67.71739952432432,22.23137699174971,1.2815435682947844,10,64,,False,True,,880,21.16838264042747
55,2026-09-14T02:07:40.508+00:00,2026-09-14T02:09:54.897+00:00,2026-09-14T02:10:04.564+00:00,True,145,145.0,,145.0,134389.00299500002,144056.105971,144056.105909,993.4903855793104,41.022003,134389.00299500002,11154.844780478537,95.36966860000001,67.13265955555555,21.514496675577373,1.0065522667202318,10,64,,False,True,,625,21.16838264042747
56,2026-09-14T02:07:43.582+00:00,2026-09-14T02:10:00.281+00:00,2026-09-14T02:10:15.635+00:00,True,229,229.0,,229.0,136698.751124,152053.04898,152053.048966,663.9871133886463,0.0,136698.751124,9028.902578085937,95.68360200000001,67.3434116491228,28.57386337261896,1.5060533250478987,10,64,,False,True,,314,21.16838264042747
57,2026-09-14T02:07:47.086+00:00,2026-09-14T02:10:06.787+00:00,2026-09-14T02:10:23.577+00:00,True,255,255.0,,255.0,139701.571857,156491.928593,156491.928656,613.6938378666666,0.0,139701.571857,8744.545740834694,96.0923404,66.10376667716535,64.03498793508824,1.6294770106846672,10,64,,False,True,,1112,21.16838264042747
58,2026-09-14T02:07:51.103+00:00,2026-09-14T02:10:14.038+00:00,2026-09-14T02:10:29.926+00:00,True,243,243.0,,243.0,142935.41720199998,158823.609714,158823.60985699997,653.595102292181,0.01641,142935.41720199998,9165.304504500538,97.15708710000001,65.6536880661157,61.412697472384274,1.5299992264221913,10,64,,False,True,,1297,21.16838264042747
59,2026-09-14T02:07:54.981+00:00,2026-09-14T02:10:20.109+00:00,2026-09-14T02:10:27.278+00:00,True,109,109.0,,109.0,145128.089267,152296.632499,152296.632557,1397.2168124495413,32.495161,145128.089267,13894.409527898304,97.64592160000001,66.37540029629629,22.012778469161823,0.7157085367643681,10,64,,False,True,,156,21.16838264042747
60,2026-09-14T02:07:58.189+00:00,2026-09-14T02:10:26.539+00:00,2026-09-14T02:10:37.792+00:00,True,168,168.0,,168.0,148349.322049,159603.079745,159603.07974100002,950.0183317916667,35.306045,148349.322049,11440.219505513382,94.6077655,67.38777063473053,21.40590125040201,1.052611267078404,10,64,,False,True,,232,21.16838264042747
61,2026-09-14T02:08:01.884+00:00,2026-09-14T02:10:32.890+00:00,2026-09-14T02:10:48.140+00:00,True,232,232.0,,232.0,151006.770643,166256.074195,166256.07416699998,716.6210093405173,0.0,151006.770643,9909.796255866835,96.17303,66.0143010909091,31.583360076288233,1.3954377373778817,10,64,,False,True,,968,21.16838264042747
62,2026-09-14T02:08:05.946+00:00,2026-09-14T02:10:40.011+00:00,2026-09-14T02:10:53.728+00:00,True,212,212.0,,212.0,154064.4305,167781.588644,167781.58849999998,791.4225872641509,0.0,154064.4305,10576.751243623092,96.29965905,65.01022817061612,24.235687788905782,1.2635474590112679,10,64,,False,True,,299,21.16838264042747
63,2026-09-14T02:08:09.461+00:00,2026-09-14T02:10:46.755+00:00,2026-09-14T02:11:03.121+00:00,True,248,248.0,,248.0,157293.180604,173659.888828,173659.88881499998,700.241487157258,12.082585,157293.180604,9983.943404999549,95.1336705,66.26197661538461,21.976015870460934,1.4280787674903417,10,64,,False,True,,779,21.16838264042747
64,2026-09-14T02:08:12.087+00:00,2026-09-14T02:10:51.690+00:00,2026-09-14T02:11:03.116+00:00,True,175,175.0,,175.0,159603.18104300002,171029.15275500002,171029.15277800002,977.3094444457143,35.070576,159603.18104300002,12059.920913943946,91.5973847,65.66650409195402,21.123086347967757,1.0232173707291192,10,64,,False,True,,761,21.16838264042747
65,2026-09-14T02:08:15.819+00:00,2026-09-14T02:10:56.992+00:00,2026-09-14T02:11:06.458+00:00,True,149,149.0,,149.0,161173.554354,170639.68094599998,170639.681094,1145.2327590201342,40.958814,161173.554354,13198.628796966856,92.722088,63.960314810810814,20.9935156707254,0.8731849425290007,10,64,,False,True,,709,21.16838264042747
66,2026-09-14T02:08:19.106+00:00,2026-09-14T02:11:03.346+00:00,2026-09-14T02:11:16.837+00:00,True,206,206.0,,206.0,164239.92920500002,177730.75570100002,177730.755853,862.7706594805826,0.0,164239.92920500002,11438.598696932497,94.6925925,65.80890973658536,32.42262656213343,1.1590565695143833,10,64,,False,True,,1051,21.16838264042747
67,2026-09-14T02:08:21.982+00:00,2026-09-14T02:11:08.203+00:00,2026-09-14T02:11:18.658+00:00,True,158,158.0,,158.0,166221.49044,176676.256264,176676.256236,1118.204153392405,0.0,166221.49044,13218.62124586676,95.9196225,66.5908651210191,35.430265223982865,0.8942910798602568,10,64,,False,True,,719,21.16838264042747
68,2026-09-14T02:08:26.248+00:00,2026-09-14T02:11:15.245+00:00,2026-09-14T02:11:32.431+00:00,True,259,259.0,,259.0,168997.288266,186183.312714,186183.312805,718.8544895945945,0.016280000000000003,168997.288266,10497.048047510834,97.48111469999999,66.61249786046511,65.98652858294338,1.3911021144943059,10,64,,False,True,,1017,21.16838264042747
69,2026-09-14T02:08:29.786+00:00,2026-09-14T02:11:21.938+00:00,2026-09-14T02:11:38.754+00:00,True,257,257.0,,257.0,172151.265661,188967.45766100002,188967.45766000001,735.2819364202335,0.01499,172151.265661,10734.611266771974,95.5705402,65.68825,66.93572266318903,1.3600225307631941,10,64,,False,True,,1290,21.16838264042747
70,2026-09-14T02:08:32.629+00:00,2026-09-14T02:11:27.761+00:00,2026-09-14T02:11:43.208+00:00,True,248,248.0,,248.0,175131.83947,190578.57969400001,190578.579505,768.4620141330645,0.0,175131.83947,11116.962034536815,94.51257164999998,62.53740981376518,33.48877512643224,1.3013004945162145,10,64,,False,True,,1154,21.16838264042747
71,2026-09-14T02:08:36.107+00:00,2026-09-14T02:11:33.031+00:00,2026-09-14T02:11:52.829+00:00,True,298,298.0,,298.0,176923.798465,196721.898945,196721.89895,660.1406005033557,0.0,176923.798465,10245.101993694178,95.2927745,66.66027097643098,29.75214274347659,1.5148288095943787,10,64,,False,True,,1431,21.16838264042747
72,2026-09-14T02:08:40.432+00:00,2026-09-14T02:11:41.223+00:00,2026-09-14T02:11:56.785+00:00,True,232,232.0,,232.0,180790.689031,196352.956935,196352.95690299998,846.3489521681034,0.0,180790.689031,11865.107990503713,94.68834849999999,67.36912512554112,31.16606758765716,1.1815457410035362,10,64,,False,True,,1046,21.16838264042747
73,2026-09-14T02:08:42.835+00:00,2026-09-14T02:11:44.562+00:00,2026-09-14T02:11:53.707+00:00,True,135,135.0,,135.0,181727.374635,190872.11370699998,190872.11372199998,1413.8675090518518,39.303347,181727.374635,15634.744798871223,96.047036,68.24432143283582,22.600131073732385,0.7072798502521589,10,64,,False,True,,605,21.16838264042747
74,2026-09-14T02:08:45.558+00:00,2026-09-14T02:11:49.301+00:00,2026-09-14T02:11:56.741+00:00,True,111,111.0,,111.0,183743.558287,191183.680655,191183.680756,1722.3755023063063,40.604395,183743.558287,17433.760200987144,96.50342199999999,67.63747607272728,21.644989162987066,0.5805934879991391,10,64,,False,True,,496,21.16838264042747
75,2026-09-14T02:08:49.648+00:00,2026-09-14T02:11:56.969+00:00,2026-09-14T02:12:06.603+00:00,True,141,141.0,,141.0,187320.319032,196954.219832,196954.219959,1396.838439425532,40.706514000000006,187320.319032,15769.439044299257,98.028694,68.81357714285716,23.604652874465888,0.7159024067637221,10,64,,False,True,,576,21.16838264042747
76,2026-09-14T02:08:53.181+00:00,2026-09-14T02:12:04.125+00:00,2026-09-14T02:12:13.660+00:00,True,136,136.0,,136.0,190944.17830899998,200478.906501,200478.90646399997,1474.109606352941,40.207796,190944.17830899998,16367.289788122596,101.48938375,70.62761623703703,24.2596070141961,0.6783756075571055,10,64,,False,True,,629,21.16838264042747
77,2026-09-14T02:08:57.071+00:00,2026-09-14T02:12:10.404+00:00,2026-09-14T02:12:22.939+00:00,True,185,185.0,,185.0,193332.86458199998,205868.05511,205868.055133,1112.8002980162162,0.0,193332.86458199998,14209.151822475664,97.5713926,68.12603547826087,36.116639953202814,0.8986338356436615,10,64,,False,True,,718,21.16838264042747
78,2026-09-14T02:09:00.892+00:00,2026-09-14T02:12:17.669+00:00,2026-09-14T02:12:25.290+00:00,True,113,113.0,,113.0,196777.25356,204398.12268,204398.12277800002,1808.8329449380533,40.649845,196777.25356,18504.858568377622,94.7976684,68.04347428571428,21.756331011261093,0.5528426509910253,10,64,,False,True,,546,21.16838264042747
79,2026-09-14T02:09:04.428+00:00,2026-09-14T02:12:22.677+00:00,2026-09-14T02:12:39.573+00:00,True,259,259.0,,259.0,198249.174923,215144.74689100002,215144.746905,830.6746984749035,38.952208,198249.174923,12314.553434304356,94.10869290000001,65.48671305426357,21.234868809542565,1.2038406874568897,10,64,,False,True,,1132,21.16838264042747
80,2026-09-14T02:09:08.124+00:00,2026-09-14T02:12:30.799+00:00,2026-09-14T02:12:38.598+00:00,True,120,120.0,,120.0,202675.422691,210474.330083,210474.329854,1753.9527487833334,38.2511,202675.422691,18495.679599883595,95.06545745,65.53703690756302,21.282719884383866,0.570140786064877,10,64,,False,True,,661,21.16838264042747
81,2026-09-14T02:09:12.142+00:00,2026-09-14T02:12:37.554+00:00,2026-09-14T02:12:44.109+00:00,True,100,100.0,,100.0,205411.24459299998,211966.665777,211966.66593699998,2119.6666593699997,37.239201,205411.24459299998,20534.51420766083,92.99927745,66.21637559595959,21.734464894067486,0.47177229322088426,10,64,,False,True,,494,21.16838264042747
82,2026-09-14T02:09:15.309+00:00,2026-09-14T02:12:43.928+00:00,2026-09-14T02:12:54.155+00:00,True,159,159.0,,159.0,208618.900157,218845.733821,218845.733953,1376.388263855346,0.0,208618.900157,16539.727766343993,94.1418409,64.72679534177216,100.92537805928427,0.7265391800145874,10,64,,False,True,,707,21.16838264042747
83,2026-09-14T02:09:18.164+00:00,2026-09-14T02:12:48.496+00:00,2026-09-14T02:12:58.938+00:00,True,159,159.0,,159.0,210331.66053,220774.110706,220774.11077199999,1388.5164199496855,0.0,210331.66053,16675.436242226122,95.42712179999998,66.09145681012659,98.98758209793682,0.7201931399091299,10,64,,False,True,,811,21.16838264042747
84,2026-09-14T02:09:20.972+00:00,2026-09-14T02:12:53.332+00:00,2026-09-14T02:13:01.924+00:00,True,129,129.0,,129.0,212360.619565,220952.588333,220952.588377,1712.810762612403,42.191931,212360.619565,18691.412680777048,95.49937300000002,67.124756,21.865715342390782,0.583835658922369,10,64,,False,True,,431,21.16838264042747
85,2026-09-14T02:09:24.578+00:00,2026-09-14T02:12:59.401+00:00,2026-09-14T02:13:07.379+00:00,True,119,119.0,,119.0,214823.81787099998,222801.415567,222801.41574799997,1872.2808046050418,27.931100999999998,214823.81787099998,19686.68180901556,95.90896289999999,67.60676013559322,22.022978594595408,0.534107917120548,10,64,,False,True,,488,21.16838264042747
86,2026-09-14T02:09:27.850+00:00,2026-09-14T02:13:04.546+00:00,2026-09-14T02:13:22.185+00:00,True,270,270.0,,270.0,216696.63975799998,234335.459086,234335.45922799996,867.9091082518518,33.37194,216696.63975799998,13183.764966352246,94.02901159999999,65.57181906319703,21.835087950390143,1.152194384294659,10,64,,False,True,,1269,21.16838264042747
87,2026-09-14T02:09:31.162+00:00,2026-09-14T02:13:10.555+00:00,2026-09-14T02:13:27.672+00:00,True,262,262.0,,262.0,219393.743158,236510.591798,236510.591983,902.7121831412213,40.289694000000004,219393.743158,13550.156210219637,93.76684504999999,65.58179555555556,21.599424574584503,1.1077727978617131,10,64,,False,True,,1294,21.16838264042747
88,2026-09-14T02:09:34.252+00:00,2026-09-14T02:13:17.189+00:00,2026-09-14T02:13:28.765+00:00,True,179,179.0,,179.0,222936.84486500002,234512.84614500002,234512.84636800003,1310.1276333407823,38.180909,222936.84486500002,16658.234784158736,93.51000400000001,65.03371505617977,21.26796730664557,0.7632844125277629,10,64,,False,True,,837,21.16838264042747
89,2026-09-14T02:09:38.094+00:00,2026-09-14T02:13:23.384+00:00,2026-09-14T02:13:30.038+00:00,True,105,105.0,,105.0,225289.268137,231943.482537,231943.482468,2208.9855473142857,41.564341999999996,225289.268137,21979.74682186299,93.95694639999999,63.982830769230766,20.627086405852094,0.4526964881768136,10,64,,False,True,,446,21.16838264042747
90,2026-09-14T02:09:41.180+00:00,2026-09-14T02:13:29.351+00:00,2026-09-14T02:13:40.916+00:00,True,175,175.0,,175.0,228170.597415,239735.379751,239735.379552,1369.916454582857,0.0,228170.597415,17243.10058538419,94.2624427,66.46426629885057,41.17976721232714,0.7299715218578204,10,64,,False,True,,699,21.16838264042747
91,2026-09-14T02:09:44.650+00:00,2026-09-14T02:13:34.683+00:00,2026-09-14T02:13:48.313+00:00,True,205,205.0,,205.0,230033.546442,243663.459786,243663.45966,1188.6022422439023,34.985956,230033.546442,16061.588916813756,95.19441719999999,66.81330070588236,22.420858020521802,0.8413243421071153,10,64,,False,True,,941,21.16838264042747
92,2026-09-14T02:09:48.685+00:00,2026-09-14T02:13:43.116+00:00,2026-09-14T02:14:00.122+00:00,True,255,255.0,,255.0,234431.201056,251437.21244799998,251437.21265499998,986.0282849215686,38.647298,234431.201056,14676.476199742245,95.439532,66.95280075590551,22.82427870495791,1.0141696907840834,10,64,,False,True,,1206,21.16838264042747
93,2026-09-14T02:09:51.775+00:00,2026-09-14T02:13:48.816+00:00,2026-09-14T02:13:57.118+00:00,True,127,127.0,,127.0,237040.501261,245342.827533,245342.827443,1931.833286952756,39.403297,237040.501261,21028.107366542557,94.889874,65.89147834920635,21.702882960587818,0.5176430111164256,10,64,,False,True,,526,21.16838264042747
94,2026-09-14T02:09:55.235+00:00,2026-09-14T02:13:54.182+00:00,2026-09-14T02:14:12.649+00:00,True,276,276.0,,276.0,238946.84491800002,257413.27512600002,257413.275262,932.6567944275363,36.488732000000006,238946.84491800002,14378.885890577429,96.8213365,67.15065530181818,22.7939692046752,1.072205774410438,10,64,,False,True,,1294,21.16838264042747
95,2026-09-14T02:09:57.852+00:00,2026-09-14T02:13:59.396+00:00,2026-09-14T02:14:16.469+00:00,True,253,253.0,,253.0,241543.907879,258616.830503,258616.83065000002,1022.2009116600791,0.0,241543.907879,15181.525334316168,96.51648700000001,67.74969295238095,38.78294530422003,0.9782812646335681,10,64,,False,True,,1095,21.16838264042747
96,2026-09-14T02:10:01.090+00:00,2026-09-14T02:14:05.624+00:00,2026-09-14T02:14:17.504+00:00,True,175,175.0,,175.0,244533.061208,256413.754968,256413.754969,1465.2214569657142,0.0,244533.061208,18479.85306599076,97.406256,68.27984919540229,44.225190587511435,0.6824906878409847,10,64,,False,True,,618,21.16838264042747
97,2026-09-14T02:10:04.068+00:00,2026-09-14T02:14:10.925+00:00,2026-09-14T02:14:27.756+00:00,True,256,256.0,,256.0,246856.95331,263688.486622,263688.48661900003,1030.0331508554689,0.0,246856.95331,15424.481561661973,96.0026815,66.0060129882353,38.29647971981242,0.9708425395416619,10,64,,False,True,,1062,21.16838264042747
98,2026-09-14T02:10:08.046+00:00,2026-09-14T02:14:18.447+00:00,2026-09-14T02:14:36.633+00:00,True,274,274.0,,274.0,250401.03992500002,268586.830901,268586.830978,980.2439086788322,0.01598,250401.03992500002,15123.514169295417,94.33652985,66.61461895970696,88.58023691861663,1.0201542610292582,10,64,,False,True,,1412,21.16838264042747
99,2026-09-14T02:10:11.882+00:00,2026-09-14T02:14:25.482+00:00,2026-09-14T02:14:41.786+00:00,True,248,248.0,,248.0,253600.01012599998,269903.77588599996,269903.77573999995,1088.3216763709677,0.01548,253600.01012599998,16099.701179154177,93.32545765,66.00714882591093,94.44336443776177,0.9188459820019284,10,64,,False,True,,1068,21.16838264042747
100,2026-09-14T02:10:16.257+00:00,2026-09-14T02:14:32.332+00:00,2026-09-14T02:14:45.108+00:00,True,197,197.0,,197.0,256074.93024900003,268850.743113,268850.74298000004,1364.7245836548225,39.941095000000004,256074.93024900003,18239.951225437817,92.64099920000001,65.18271869387755,20.928761661580868,0.7327485790775716,10,64,,False,True,,764,21.16838264042747
101,2026-09-14T02:10:19.263+00:00,2026-09-14T02:14:37.753+00:00,2026-09-14T02:14:48.502+00:00,True,166,166.0,,166.0,258490.103448,269239.452312,269239.45220400003,1621.92441086747,40.057105,258490.103448,20057.678374417956,93.094521,65.14756887272728,21.85842571059561,0.6165515438934853,10,64,,False,True,,677,21.16838264042747
102,2026-09-14T02:10:23.301+00:00,2026-09-14T02:14:44.473+00:00,2026-09-14T02:14:56.800+00:00,True,187,187.0,,187.0,261171.845416,273498.698024,273498.697911,1462.5598818770054,34.830866,261171.845416,19093.942942626745,94.1868283,66.27340111827957,21.891968813534486,0.6837326881299831,10,64,,False,True,,631,21.16838264042747
103,2026-09-14T02:10:26.128+00:00,2026-09-14T02:14:48.961+00:00,2026-09-14T02:15:02.185+00:00,True,197,197.0,,197.0,262833.216527,276057.43924700003,276057.43929400004,1401.3067984467007,0.0,262833.216527,18721.33511749669,95.71928,67.47052408163266,43.75769878249819,0.7136196022731919,10,64,,False,True,,899,21.16838264042747
104,2026-09-14T02:10:28.994+00:00,2026-09-14T02:14:55.310+00:00,2026-09-14T02:15:07.611+00:00,True,180,180.0,,180.0,266316.498867,278617.000627,278617.000608,1547.8722255999999,0.0,266316.498867,19844.98911228198,95.35435435,68.71788692737431,45.209046537627636,0.646048157847252,10,64,,False,True,,859,21.16838264042747
105,2026-09-14T02:10:31.613+00:00,2026-09-14T02:14:59.548+00:00,2026-09-14T02:15:09.670+00:00,True,149,149.0,,149.0,267935.289614,278057.28436600004,278057.284334,1866.1562706979867,40.241225,267935.289614,21944.52179899245,94.8487488,68.39185643243243,21.529324481689546,0.5358608041495325,10,64,,False,True,,606,21.16838264042747
106,2026-09-14T02:10:35.957+00:00,2026-09-14T02:15:07.071+00:00,2026-09-14T02:15:22.579+00:00,True,233,233.0,,233.0,271113.898092,286622.303852,286622.30378,1230.138642832618,38.08949,271113.898092,17756.896406810516,95.617905,66.84657655172414,22.077187850292276,0.8129164997582033,10,64,,False,True,,848,21.16838264042747
107,2026-09-14T02:10:40.101+00:00,2026-09-14T02:15:14.390+00:00,2026-09-14T02:15:22.847+00:00,True,125,125.0,,125.0,274289.740619,282746.812491,282746.812574,2261.974500592,38.592478,274289.740619,24527.129739929118,96.7722158,68.20219251612903,21.910224431034074,0.4420916327888889,10,64,,False,True,,467,21.16838264042747
108,2026-09-14T02:10:44.211+00:00,2026-09-14T02:15:21.468+00:00,2026-09-14T02:15:33.986+00:00,True,182,182.0,,182.0,277256.525527,289774.85896700004,289774.858878,1592.1695542747254,39.129057,277256.525527,20546.507015129562,96.9130226,69.1620632044199,22.85357207865151,0.628073810988297,10,64,,False,True,,970,21.16838264042747
109,2026-09-14T02:10:46.972+00:00,2026-09-14T02:15:26.487+00:00,2026-09-14T02:15:34.925+00:00,True,126,126.0,,126.0,279514.932043,287952.612427,287952.612352,2285.338193269841,35.911904,279514.932043,24895.166227762187,97.61652125,67.501443072,22.895403969214033,0.43757199817710546,10,64,,False,True,,587,21.16838264042747
110,2026-09-14T02:10:50.247+00:00,2026-09-14T02:15:32.736+00:00,2026-09-14T02:15:45.043+00:00,True,187,187.0,,187.0,282489.79821,294796.03949,294796.039581,1576.449409524064,32.487272000000004,282489.79821,20652.873089094814,95.15153099999999,66.16258752688172,21.781238589537576,0.634336880249517,10,64,,False,True,,650,21.16838264042747
111,2026-09-14T02:10:52.620+00:00,2026-09-14T02:15:37.181+00:00,2026-09-14T02:15:46.135+00:00,True,135,135.0,,135.0,284561.129864,293515.2946,293515.29458000005,2174.187367259259,34.237367,284561.129864,24485.380917116945,95.8620231,66.82212489552239,21.594308510284268,0.45994196038055457,10,64,,False,True,,340,21.16838264042747
112,2026-09-14T02:10:56.664+00:00,2026-09-14T02:15:43.823+00:00,2026-09-14T02:15:54.286+00:00,True,162,162.0,,162.0,287158.44633600005,297621.45945600007,297621.45941000007,1837.1695025308645,0.0,287158.44633600005,22556.243035313295,94.34714955,64.98765913043478,47.95040175912417,0.5443155889904835,10,64,,False,True,,682,21.16838264042747
113,2026-09-14T02:11:00.136+00:00,2026-09-14T02:15:50.572+00:00,2026-09-14T02:16:00.155+00:00,False,140,139.0,,139.0,290435.912423,300019.390439,300019.390408,2142.9956457714284,0.027869,290435.912423,24540.49730849458,94.26846795,68.94588500719425,21.771792079532567,0.46330338781306707,10,64,,False,False,Request timeout: 300.0s exceeded,660,21.16838264042747
114,2026-09-14T02:11:04.413+00:00,2026-09-14T02:15:56.836+00:00,2026-09-14T02:16:04.504+00:00,False,110,109.0,,109.0,292423.36650400003,300091.46250400005,300091.46266300004,2728.104206027273,0.024210000000000002,292423.36650400003,27874.774033327005,91.2489655,70.34950458715596,20.648023842441546,0.3632225958395837,10,64,,False,False,Request timeout: 300.0s exceeded,354,21.16838264042747
115,2026-09-14T02:11:07.585+00:00,2026-09-14T02:16:00.896+00:00,2026-09-14T02:16:07.646+00:00,False,99,98.0,,98.0,293310.921327,300061.146223,300061.146339,3030.9206700909094,0.02379,293310.921327,29471.94114293261,89.67507300000001,68.87984587755102,20.521640177858256,0.32660009879175816,10,64,,False,False,Request timeout: 300.0s exceeded,406,21.16838264042747
116,2026-09-14T02:11:10.072+00:00,2026-09-14T02:16:03.370+00:00,2026-09-14T02:16:10.109+00:00,False,103,102.0,,102.0,293297.333243,300036.747515,300036.747628,2912.9781323106795,0.053079999999999995,293297.333243,28892.9416528728,88.5383301,66.07268894117648,20.24513286840258,0.33995835791714357,10,64,,False,False,Request timeout: 300.0s exceeded,421,21.16838264042747
117,2026-09-14T02:11:13.059+00:00,2026-09-14T02:16:07.063+00:00,2026-09-14T02:16:13.146+00:00,False,89,88.0,,88.0,294004.484848,300087.03768,300087.037665,3371.7644681460674,0.02067,294004.484848,31157.09220112292,87.5727544,69.11991854545455,19.173885578047237,0.2932482545075454,10,64,,False,False,Request timeout: 300.0s exceeded,459,21.16838264042747
118,2026-09-14T02:11:16.297+00:00,2026-09-14T02:16:10.277+00:00,2026-09-14T02:16:16.357+00:00,False,92,91.0,,91.0,293980.14733,300060.29990600003,300060.299691,3261.5249966413044,0.04252,293980.14733,30642.58974476277,87.680049,66.81486347252748,20.212625862685993,0.3032723756808468,10,64,,False,False,Request timeout: 300.0s exceeded,444,21.16838264042747
119,2026-09-14T02:11:19.151+00:00,2026-09-14T02:16:12.931+00:00,2026-09-14T02:16:19.179+00:00,False,94,93.0,,93.0,293779.669779,300027.730195,300027.730063,3191.78436237234,0.03386,293779.669779,30294.136371657383,88.10621915,67.18344533333332,19.95546876950125,0.30997134811357463,10,64,,False,False,Request timeout: 300.0s exceeded,477,21.16838264042747
120,2026-09-14T02:11:22.186+00:00,2026-09-14T02:16:16.022+00:00,2026-09-14T02:16:22.276+00:00,False,90,89.0,,89.0,293836.009253,300090.324005,300090.32402400003,3334.3369336,0.03517,293836.009253,30965.633511918568,88.8220045,70.27319946067415,19.434946974543163,0.29657737314621685,10,64,,False,False,Request timeout: 300.0s exceeded,434,21.16838264042747
121,2026-09-14T02:11:25.158+00:00,2026-09-14T02:16:18.851+00:00,2026-09-14T02:16:25.194+00:00,False,95,94.0,,94.0,293693.547255,300035.863799,300035.863912,3158.272251705263,0.03628,293693.547255,30125.40641099961,88.79264599999999,67.47145259574468,20.15883968442031,0.3132958800650994,10,64,,False,False,Request timeout: 300.0s exceeded,396,21.16838264042747
122,2026-09-14T02:11:27.909+00:00,2026-09-14T02:16:21.463+00:00,2026-09-14T02:16:27.969+00:00,False,98,97.0,,97.0,293554.04908799997,300059.192896,300059.19305799995,3061.8285005918365,0.04553,293554.04908799997,29646.669215772265,88.71176815000001,67.06333822680412,19.991827887754027,0.32326954913066114,10,64,,False,False,Request timeout: 300.0s exceeded,491,21.16838264042747
123,2026-09-14T02:11:31.814+00:00,2026-09-14T02:16:26.065+00:00,2026-09-14T02:16:32.804+00:00,False,82,81.0,,81.0,294250.524549,300990.088325,300990.088332,3670.6108333170732,0.027370000000000002,294250.524549,32485.8143960464,89.50532419999999,83.20449106172839,175.52116440038571,0.26911185165851254,10,64,,False,False,Request timeout: 300.0s exceeded,431,21.16838264042747
124,2026-09-14T02:11:34.350+00:00,2026-09-14T02:16:28.512+00:00,2026-09-14T02:16:34.358+00:00,False,99,98.0,,98.0,294162.115851,300008.030731,300008.030638,3030.384147858586,0.01609,294162.115851,29558.84780831029,92.2148077,59.65219265306123,161.75150360152338,0.3266579223269892,10,64,,False,False,Request timeout: 300.0s exceeded,498,21.16838264042747
125,2026-09-14T02:11:37.792+00:00,2026-09-14T02:16:32.748+00:00,2026-09-14T02:16:37.828+00:00,False,80,79.0,,79.0,294956.280009,300036.016073,300036.016218,3750.4502027249996,0.02248,294956.280009,32969.93298640054,89.569305,64.30045650632911,22.188272588363905,0.2633017230197423,10,64,,False,False,Request timeout: 300.0s exceeded,269,21.16838264042747
126,2026-09-14T02:11:40.575+00:00,2026-09-14T02:16:34.575+00:00,2026-09-14T02:16:40.634+00:00,False,85,84.0,,84.0,294000.074809,300059.291449,300059.291556,3530.1093124235294,0.023039999999999998,294000.074809,31880.966853404305,87.6136188,72.13353142857143,18.701732064786935,0.2799446722491417,10,64,,False,False,Request timeout: 300.0s exceeded,362,21.16838264042747
127,2026-09-14T02:11:43.690+00:00,2026-09-14T02:16:37.747+00:00,2026-09-14T02:16:43.743+00:00,False,92,91.0,,91.0,294057.42864999996,300053.59044199996,300053.59044999996,3261.4520701086954,0.0,294057.42864999996,30650.808062645494,89.01097399999999,65.89188782417583,66.59466898648785,0.30327915711973524,10,64,,False,False,Request timeout: 300.0s exceeded,369,21.16838264042747
128,2026-09-14T02:11:46.883+00:00,2026-09-14T02:16:40.122+00:00,2026-09-14T02:16:46.959+00:00,False,109,108.0,,108.0,293239.277023,300075.878623,300075.878633,2752.989712229358,0.0,293239.277023,28081.230933986106,88.9892152,63.30186666666666,60.89451816152962,0.3599089686768382,10,64,,False,False,Request timeout: 300.0s exceeded,450,21.16838264042747
129,2026-09-14T02:11:49.952+00:00,2026-09-14T02:16:43.340+00:00,2026-09-14T02:16:50.032+00:00,False,103,102.0,,102.0,293387.92159100005,300079.7516070001,300079.75149700005,2913.3956456019423,0.02763,293387.92159100005,28901.914038738705,89.92695609999998,65.60617662745098,20.933884667880974,0.3399096388668852,10,64,,False,False,Request timeout: 300.0s exceeded,456,21.16838264042747
130,2026-09-14T02:11:52.742+00:00,2026-09-14T02:16:46.228+00:00,2026-09-14T02:16:52.811+00:00,False,98,97.0,,97.0,293486.329048,300069.513688,300069.513765,3061.9338139285715,0.04007,293486.329048,29639.747366290234,88.27072469999999,67.86788288659793,20.25557689012071,0.3232584303810904,10,64,,False,False,Request timeout: 300.0s exceeded,431,21.16838264042747
131,2026-09-14T02:11:56.012+00:00,2026-09-14T02:16:49.299+00:00,2026-09-14T02:16:56.051+00:00,False,98,97.0,,97.0,293286.562111,300038.933823,300038.93374,3061.621772857143,0.03519,293286.562111,29619.391502151273,88.27250199999999,69.61207950515464,20.001986990135748,0.32329137676919817,10,64,,False,False,Request timeout: 300.0s exceeded,453,21.16838264042747
132,2026-09-14T02:11:59.696+00:00,2026-09-14T02:16:53.229+00:00,2026-09-14T02:16:59.720+00:00,False,93,92.0,,92.0,293532.883238,300023.752742,300023.75271,3226.061857096774,0.036209000000000005,293532.883238,30430.632591930596,89.8102022,70.55292939130435,20.024161697548713,0.3066423880082379,10,64,,False,False,Request timeout: 300.0s exceeded,418,21.16838264042747
133,2026-09-14T02:12:02.976+00:00,2026-09-14T02:16:56.528+00:00,2026-09-14T02:17:02.999+00:00,False,96,95.0,,95.0,293551.460399,300022.358319,300022.35828299995,3125.23289878125,0.02334,293551.460399,29953.525224452933,89.32342275,68.11471494736843,20.1190753326123,0.31664306797759006,10,64,,False,False,Request timeout: 300.0s exceeded,157,21.16838264042747
134,2026-09-14T02:12:05.542+00:00,2026-09-14T02:16:59.056+00:00,2026-09-14T02:17:05.627+00:00,False,98,97.0,,97.0,293513.767415,300085.664759,300085.664716,3062.0986195510204,0.030359999999999998,293513.767415,29642.530962884048,89.48168749999999,67.75151901030928,20.47468813774638,0.32324103211628286,10,64,,False,False,Request timeout: 300.0s exceeded,533,21.16838264042747
135,2026-09-14T02:12:09.373+00:00,2026-09-14T02:17:02.952+00:00,2026-09-14T02:17:09.448+00:00,False,93,92.0,,92.0,293579.728382,300075.174654,300075.174514,3226.6147797204303,0.02189,293579.728382,30435.484689387547,89.6709482,70.60267686956522,19.465917448905202,0.30658984071601425,10,64,,False,False,Request timeout: 300.0s exceeded,316,21.16838264042747
136,2026-09-14T02:12:13.443+00:00,2026-09-14T02:17:07.534+00:00,2026-09-14T02:17:13.524+00:00,False,86,85.0,,85.0,294091.662521,300081.310137,300081.310193,3489.3175603837212,0.02426,294091.662521,31705.126730904736,87.41929024999999,70.46644254117646,19.25350342063885,0.2832565612339997,10,64,,False,False,Request timeout: 300.0s exceeded,438,21.16838264042747
137,2026-09-14T02:12:17.460+00:00,2026-09-14T02:17:11.490+00:00,2026-09-14T02:17:17.509+00:00,False,89,88.0,,88.0,294030.546144,300049.418208,300049.418324,3371.3417789213486,0.019530000000000002,294030.546144,31159.932332280296,90.6367238,68.39627345454545,20.65182434530127,0.2932850212660526,10,64,,False,False,Request timeout: 300.0s exceeded,276,21.16838264042747
138,2026-09-14T02:12:21.191+00:00,2026-09-14T02:17:14.821+00:00,2026-09-14T02:17:21.230+00:00,False,97,96.0,,96.0,293630.515397,300038.743237,300038.743154,3093.182919113402,0.03557,293630.515397,29806.89096027603,88.458074,66.75237333333334,20.327731158750716,0.31995867921686966,10,64,,False,False,Request timeout: 300.0s exceeded,274,21.16838264042747
139,2026-09-14T02:12:24.119+00:00,2026-09-14T02:17:17.724+00:00,2026-09-14T02:17:24.204+00:00,False,95,94.0,,94.0,293604.822425,300085.144217,300085.14412,3158.790990736842,0.02101,293604.822425,30116.15264172769,87.72937669999999,68.9395935319149,19.90356359124204,0.31324443016088116,10,64,,False,False,Request timeout: 300.0s exceeded,398,21.16838264042747
140,2026-09-14T02:12:27.534+00:00,2026-09-14T02:17:21.053+00:00,2026-09-14T02:17:27.547+00:00,False,95,94.0,,94.0,293518.717427,300012.771571,300012.771464,3158.029173305263,0.0407,293518.717427,30107.303562151228,89.30324130000001,69.08568238297872,20.04566871716548,0.31331999470480637,10,64,,False,False,Request timeout: 300.0s exceeded,209,21.16838264042747
141,2026-09-14T02:12:31.180+00:00,2026-09-14T02:17:25.074+00:00,2026-09-14T02:17:31.220+00:00,False,92,91.0,,91.0,293893.585241,300039.467353,300039.46714799997,3261.298555956522,0.02133,293893.585241,30633.48965482873,88.65864155,67.53716606593406,20.11272399369534,0.3032934327034297,10,64,,False,False,Request timeout: 300.0s exceeded,385,21.16838264042747
142,2026-09-14T02:12:35.224+00:00,2026-09-14T02:17:29.212+00:00,2026-09-14T02:17:35.245+00:00,False,87,86.0,,86.0,293987.321847,300021.120759,300021.12064,3448.518628045977,0.07712000000000001,293987.321847,31511.233214143846,87.26223669999999,70.16045246511628,19.42972579026719,0.28664648602883464,10,64,,False,False,Request timeout: 300.0s exceeded,419,21.16838264042747
143,2026-09-14T02:12:39.425+00:00,2026-09-14T02:17:33.079+00:00,2026-09-14T02:17:39.441+00:00,False,100,99.0,,99.0,293653.821384,300015.680712,300015.680644,3000.1568064400003,0.0,293653.821384,29359.025346780414,87.2253194,64.26120533333334,64.12791128519245,0.3299827521183302,10,64,,False,False,Request timeout: 300.0s exceeded,461,21.16838264042747
144,2026-09-14T02:12:42.252+00:00,2026-09-14T02:17:36.044+00:00,2026-09-14T02:17:42.336+00:00,False,97,96.0,,96.0,293792.269842,300083.993618,300083.99347,3093.649417216495,0.0,293792.269842,29823.50255782882,90.5057604,65.53878933333334,65.67567801338203,0.31991043188463353,10,64,,False,False,Request timeout: 300.0s exceeded,444,21.16838264042747
145,2026-09-14T02:12:45.317+00:00,2026-09-14T02:17:38.839+00:00,2026-09-14T02:17:45.401+00:00,False,93,92.0,,92.0,293521.12902600004,300083.732802,300083.73296000005,3226.7068060215056,0.02147,293521.12902600004,30429.332434341184,89.765496,71.33264973913043,19.32137290062461,0.30658109701902125,10,64,,False,False,Request timeout: 300.0s exceeded,259,21.16838264042747
146,2026-09-14T02:12:47.954+00:00,2026-09-14T02:17:41.238+00:00,2026-09-14T02:17:47.999+00:00,False,97,96.0,,96.0,293284.611717,300045.370501,300045.37069400004,3093.2512442680413,0.040060000000000005,293284.611717,29771.396509929233,88.8847388,70.42457066666667,19.718348721058405,0.31995161211687495,10,64,,False,False,Request timeout: 300.0s exceeded,477,21.16838264042747
147,2026-09-14T02:12:52.400+00:00,2026-09-14T02:17:45.100+00:00,2026-09-14T02:17:52.459+00:00,False,108,107.0,,107.0,292699.864694,300058.32511,300058.325186,2778.3178257962963,0.01979,292699.864694,28158.447505802527,91.13192484999999,68.77065809345794,20.445699543675573,0.3565973380701045,10,64,,False,False,Request timeout: 300.0s exceeded,529,21.16838264042747
148,2026-09-14T02:12:54.482+00:00,2026-09-14T02:17:48.217+00:00,2026-09-14T02:17:54.515+00:00,False,97,96.0,,96.0,293735.186422,300033.036278,300033.036318,3093.1240857525772,0.02094,293735.186422,29817.635852728577,90.07000980000001,65.60260266666667,20.942696567833767,0.3199647651835573,10,64,,False,False,Request timeout: 300.0s exceeded,457,21.16838264042747
149,2026-09-14T02:12:57.123+00:00,2026-09-14T02:17:50.491+00:00,2026-09-14T02:17:57.152+00:00,False,104,103.0,,103.0,293368.09457,300029.30417,300029.304146,2884.89715525,0.0223,293368.09457,28760.77459449369,90.934224,64.67193786407768,21.23039706980411,0.3432997996143704,10,64,,False,False,Request timeout: 300.0s exceeded,504,21.16838264042747
150,2026-09-14T02:13:01.023+00:00,2026-09-14T02:17:54.599+00:00,2026-09-14T02:18:01.040+00:00,False,97,96.0,,96.0,293575.482426,300017.175098,300017.174905,3092.960566030928,0.01943,293575.482426,29801.267534192542,88.63400299999999,67.10096533333333,19.905966275087135,0.3199816809442386,10,64,,False,False,Request timeout: 300.0s exceeded,428,21.16838264042747
151,2026-09-14T02:13:04.541+00:00,2026-09-14T02:17:58.321+00:00,2026-09-14T02:18:04.636+00:00,False,93,92.0,,92.0,293780.387088,300094.98292800004,300094.98298800003,3226.8277740645162,0.039670000000000004,293780.387088,30456.49617001249,89.83127799999998,68.63691130434783,19.944368754578626,0.30656960373800385,10,64,,False,False,Request timeout: 300.0s exceeded,403,21.16838264042747
152,2026-09-14T02:13:08.352+00:00,2026-09-14T02:18:02.555+00:00,2026-09-14T02:18:08.397+00:00,False,83,82.0,,82.0,294203.088909,300045.50938899996,300045.50923699996,3615.006135385542,0.04471,294203.088909,32285.170162679715,90.572005,71.24903024390244,20.48363093214695,0.27329187551242257,10,64,,False,False,Request timeout: 300.0s exceeded,379,21.16838264042747
153,2026-09-14T02:13:11.750+00:00,2026-09-14T02:18:05.636+00:00,2026-09-14T02:18:11.765+00:00,False,88,87.0,,87.0,293886.234673,300015.492657,300015.492555,3409.266960852273,0.04108,293886.234673,31320.874154850822,90.79149205000002,70.45124119540229,20.1428478277456,0.2899850245382656,10,64,,False,False,Request timeout: 300.0s exceeded,378,21.16838264042747
154,2026-09-14T02:13:14.633+00:00,2026-09-14T02:18:08.531+00:00,2026-09-14T02:18:14.669+00:00,False,92,91.0,,91.0,293897.918578,300035.794802,300035.79469099996,3261.258637945652,0.022669,293897.918578,30633.95097876916,89.6971626,67.44918927472527,20.675183260611714,0.30329714512914313,10,64,,False,False,Request timeout: 300.0s exceeded,265,21.16838264042747
155,2026-09-14T02:13:17.205+00:00,2026-09-14T02:18:11.163+00:00,2026-09-14T02:18:17.214+00:00,False,91,90.0,,90.0,293958.107018,300009.472394,300009.472555,3296.8073907142857,0.035349,293958.107018,30808.14116507824,88.8313715,67.23739306666667,20.790815177758944,0.2999905279050781,10,64,,False,False,Request timeout: 300.0s exceeded,475,21.16838264042747
156,2026-09-14T02:13:20.225+00:00,2026-09-14T02:18:13.752+00:00,2026-09-14T02:18:20.235+00:00,False,97,96.0,,96.0,293526.789293,300009.73226900003,300009.732317,3092.8838383195875,0.01902,293526.789293,29796.279567149562,87.908546,67.530656,19.44561254643687,0.3199896192498275,10,64,,False,False,Request timeout: 300.0s exceeded,398,21.16838264042747
157,2026-09-14T02:13:23.820+00:00,2026-09-14T02:18:17.649+00:00,2026-09-14T02:18:23.838+00:00,False,93,92.0,,92.0,293828.564702,300017.381598,300017.381728,3225.9933519139786,0.02117,293828.564702,30461.633750487752,87.96207139999999,67.26974886956522,19.987028963416044,0.30664889984031946,10,64,,False,False,Request timeout: 300.0s exceeded,478,21.16838264042747
158,2026-09-14T02:13:27.890+00:00,2026-09-14T02:18:21.357+00:00,2026-09-14T02:18:27.899+00:00,False,97,96.0,,96.0,293466.957481,300009.072809,300009.072851,3092.8770397010308,0.02038,293466.957481,29790.14231418769,88.552439,68.14703466666667,19.949352163474906,0.3199903226297365,10,64,,False,False,Request timeout: 300.0s exceeded,408,21.16838264042747
159,2026-09-14T02:13:30.776+00:00,2026-09-14T02:18:24.393+00:00,2026-09-14T02:18:30.815+00:00,False,93,92.0,,92.0,293617.186745,300039.274937,300039.274959,3226.228763,0.02323,293617.186745,30439.451974081927,89.7884102,69.80530643478261,20.01302686991365,0.30662652420859726,10,64,,False,False,Request timeout: 300.0s exceeded,421,21.16838264042747
160,2026-09-14T02:13:33.213+00:00,2026-09-14T02:18:26.687+00:00,2026-09-14T02:18:33.252+00:00,False,99,98.0,,98.0,293473.46251499996,300038.96677099995,300038.96676599997,3030.6966339999994,0.0,293473.46251499996,29488.525596520438,93.65854389999998,66.9949413877551,62.749079502019804,0.3266242416932364,10,64,,False,False,Request timeout: 300.0s exceeded,519,21.16838264042747
161,2026-09-14T02:13:36.313+00:00,2026-09-14T02:18:29.712+00:00,2026-09-14T02:18:36.339+00:00,False,103,102.0,,102.0,293399.74240399996,300026.30649999995,300026.30673699995,2912.8767644368927,0.0,293399.74240399996,28903.198465135443,92.4676871,64.96631466666666,61.19486039512505,0.3399701885807804,10,64,,False,False,Request timeout: 300.0s exceeded,534,21.16838264042747
162,2026-09-14T02:13:39.195+00:00,2026-09-14T02:18:32.812+00:00,2026-09-14T02:18:39.247+00:00,False,95,94.0,,94.0,293617.71836500004,300052.527965,300052.52799300005,3158.447663084211,0.03839,293617.71836500004,30117.526029557273,91.3997957,68.45542127659574,20.826894207290096,0.31327848039648826,10,64,,False,False,Request timeout: 300.0s exceeded,464,21.16838264042747
163,2026-09-14T02:13:43.132+00:00,2026-09-14T02:18:36.861+00:00,2026-09-14T02:18:43.215+00:00,False,92,91.0,,91.0,293729.408802,300083.062562,300083.06267,3261.772420326087,0.03566,293729.408802,30616.135347523053,89.50329754999998,69.820370989011,20.579708719203104,0.30324937110103817,10,64,,False,False,Request timeout: 300.0s exceeded,393,21.16838264042747
164,2026-09-14T02:13:46.933+00:00,2026-09-14T02:18:41.023+00:00,2026-09-14T02:18:46.959+00:00,False,93,92.0,,92.0,294090.013541,300025.31619700004,300025.31614300003,3226.0786682043013,0.02214,294090.013541,30489.031227177522,90.263707,64.51415930434783,21.125632176358685,0.3066407900711677,10,64,,False,False,Request timeout: 300.0s exceeded,203,21.16838264042747
165,2026-09-14T02:13:50.853+00:00,2026-09-14T02:18:44.538+00:00,2026-09-14T02:18:50.941+00:00,False,97,96.0,,96.0,293685.003069,300087.795005,300087.79503200005,3093.68860857732,0.02515,293685.003069,29812.42945018834,90.28203079999999,66.69574933333334,20.85029492701659,0.3199063793927389,10,64,,False,False,Request timeout: 300.0s exceeded,471,21.16838264042747
166,2026-09-14T02:13:53.669+00:00,2026-09-14T02:18:47.349+00:00,2026-09-14T02:18:53.754+00:00,False,94,93.0,,93.0,293680.081358,300085.438158,300085.43830599997,3192.3982798510638,0.03954,293680.081358,30283.690190704398,90.87896165000001,68.87480430107526,19.999615491411603,0.30991173903957964,10,64,,False,False,Request timeout: 300.0s exceeded,388,21.16838264042747
167,2026-09-14T02:13:57.194+00:00,2026-09-14T02:18:50.776+00:00,2026-09-14T02:18:57.253+00:00,False,98,97.0,,97.0,293582.905489,300059.49147300003,300059.49162600003,3061.8315472040817,0.03816,293582.905489,29649.61379619225,87.5349165,66.7689276701031,19.848125658430384,0.3232692274582764,10,64,,False,False,Request timeout: 300.0s exceeded,438,21.16838264042747
168,2026-09-14T02:14:00.634+00:00,2026-09-14T02:18:54.209+00:00,2026-09-14T02:19:00.700+00:00,False,107,106.0,,106.0,293574.739661,300065.82087700005,300065.820758,2804.3534650280376,0.0152,293574.739661,28375.604993671925,89.5928736,61.23661524528302,182.86070605206055,0.35325582797199173,10,64,,False,False,Request timeout: 300.0s exceeded,246,21.16838264042747
169,2026-09-14T02:14:04.596+00:00,2026-09-14T02:18:59.482+00:00,2026-09-14T02:19:04.634+00:00,False,78,77.0,,77.0,294886.192206,300037.96103799995,300037.96108499996,3846.640526730769,0.02364,294886.192206,33381.71844275409,90.57267300000001,66.90608872727273,22.901088155222197,0.25663419299882495,10,64,,False,False,Request timeout: 300.0s exceeded,335,21.16838264042747
170,2026-09-14T02:14:08.665+00:00,2026-09-14T02:19:02.328+00:00,2026-09-14T02:19:08.736+00:00,False,98,97.0,,97.0,293663.09527999995,300070.32958399993,300070.329513,3061.9421378877546,0.03986,293663.09527999995,29657.786565519968,88.59970235,66.05396189690721,20.08273943167521,0.3232575514362755,10,64,,False,False,Request timeout: 300.0s exceeded,245,21.16838264042747
171,2026-09-14T02:14:11.732+00:00,2026-09-14T02:19:05.467+00:00,2026-09-14T02:19:11.780+00:00,False,91,90.0,,90.0,293734.93415,300048.36775,300048.367812,3297.234811120879,0.023149999999999997,293734.93415,30784.439829604402,86.84658650000002,70.14926222222222,18.87469067140348,0.2999516400468738,10,64,,False,False,Request timeout: 300.0s exceeded,341,21.16838264042747
172,2026-09-14T02:14:14.326+00:00,2026-09-14T02:19:08.028+00:00,2026-09-14T02:19:14.360+00:00,False,90,89.0,,89.0,293701.62054900004,300033.10112500004,300033.101083,3333.701123144445,0.02116,293701.62054900004,30951.37584078713,88.46712685,71.14023119101124,18.666598786828043,0.29663393694324663,10,64,,False,False,Request timeout: 300.0s exceeded,348,21.16838264042747
173,2026-09-14T02:14:18.340+00:00,2026-09-14T02:19:12.245+00:00,2026-09-14T02:19:18.384+00:00,False,88,87.0,,87.0,293904.22965600004,300043.236632,300043.23672600003,3409.582235522728,0.06406999999999999,293904.22965600004,31322.780586210407,89.26884085000002,70.56329857471265,20.308454699062988,0.28995821061184135,10,64,,False,False,Request timeout: 300.0s exceeded,444,21.16838264042747
174,2026-09-14T02:14:21.878+00:00,2026-09-14T02:19:15.877+00:00,2026-09-14T02:19:21.915+00:00,False,88,87.0,,87.0,293999.307883,300037.517419,300037.517587,3409.517245306818,0.02298,293999.307883,31333.03972326048,90.06267685,69.40470731034483,20.710256076095785,0.2899637376965268,10,64,,False,False,Request timeout: 300.0s exceeded,353,21.16838264042747
175,2026-09-14T02:14:26.198+00:00,2026-09-14T02:19:20.178+00:00,2026-09-14T02:19:26.579+00:00,False,88,87.0,,87.0,293980.432751,300381.606767,300381.60674899997,3413.4273494204544,0.02484,293980.432751,31330.647116296335,88.70396935000001,73.5767128275862,67.08317219753735,0.28963158209445283,10,64,,False,False,Request timeout: 300.0s exceeded,359,21.16838264042747
176,2026-09-14T02:14:29.465+00:00,2026-09-14T02:19:23.063+00:00,2026-09-14T02:19:29.495+00:00,False,103,102.0,,102.0,293597.513806,300030.046542,300030.046417,2912.9130720097087,0.0,293597.513806,28922.88313667482,93.38408350000002,63.064046431372546,65.92081568453474,0.3399659506626161,10,64,,False,False,Request timeout: 300.0s exceeded,516,21.16838264042747
177,2026-09-14T02:14:32.439+00:00,2026-09-14T02:19:26.802+00:00,2026-09-14T02:19:32.473+00:00,False,94,93.0,,93.0,294363.131511,300033.580663,300033.580672,3191.846602893617,0.0233,294363.131511,30354.956791168974,88.59501449999999,60.972571526881715,20.482560104733427,0.30996530386529736,10,64,,False,False,Request timeout: 300.0s exceeded,290,21.16838264042747
178,2026-09-14T02:14:36.800+00:00,2026-09-14T02:19:30.623+00:00,2026-09-14T02:19:36.857+00:00,False,101,100.0,,100.0,293822.97283,300057.42915,300057.42905,2970.8656341584156,0.037880000000000004,293822.97283,29230.28195808581,89.454531,62.3445632,20.248976570411074,0.3332695353795409,10,64,,False,False,Request timeout: 300.0s exceeded,247,21.16838264042747
179,2026-09-14T02:14:40.661+00:00,2026-09-14T02:19:34.548+00:00,2026-09-14T02:19:40.736+00:00,False,91,90.0,,90.0,293886.227847,300074.563463,300074.56341,3297.5226748351647,0.03508,293886.227847,30800.445549154163,87.8059745,68.75928462222221,19.078673921571358,0.2999254550647617,10,64,,False,False,Request timeout: 300.0s exceeded,429,21.16838264042747
180,2026-09-14T02:14:43.338+00:00,2026-09-14T02:19:37.056+00:00,2026-09-14T02:19:43.373+00:00,False,97,96.0,,96.0,293718.009093,300034.93734899996,300034.93724899995,3093.143682979381,0.0417,293718.009093,29815.87106372595,87.1568244,65.801336,20.184077871374026,0.319962737833871,10,64,,False,False,Request timeout: 300.0s exceeded,487,21.16838264042747
181,2026-09-14T02:14:47.325+00:00,2026-09-14T02:19:41.207+00:00,2026-09-14T02:19:47.344+00:00,False,94,93.0,,93.0,293882.758705,300019.648049,300019.64788299997,3191.6983817340424,0.033780000000000004,293882.758705,30304.89233712515,87.59449725,65.98805746236559,19.742556655104394,0.30997969834565964,10,64,,False,False,Request timeout: 300.0s exceeded,375,21.16838264042747
182,2026-09-14T02:14:50.273+00:00,2026-09-14T02:19:44.042+00:00,2026-09-14T02:19:50.314+00:00,False,98,97.0,,97.0,293769.142554,300041.79177,300041.791585,3061.6509345408167,0.018699,293769.142554,29668.639239411354,88.67532585000001,64.66648676288659,20.272449724007057,0.32328829736610926,10,64,,False,False,Request timeout: 300.0s exceeded,445,21.16838264042747
183,2026-09-14T02:14:53.388+00:00,2026-09-14T02:19:46.599+00:00,2026-09-14T02:19:53.409+00:00,False,105,104.0,,104.0,293210.04445499997,300020.88042299997,300020.88028,2857.3417169523805,0.029079,293210.04445499997,28607.986946101577,89.584785,65.48880738461538,20.983972058653997,0.3466425398571266,10,64,,False,False,Request timeout: 300.0s exceeded,450,21.16838264042747
184,2026-09-14T02:14:57.270+00:00,2026-09-14T02:19:50.745+00:00,2026-09-14T02:19:57.299+00:00,False,95,94.0,,94.0,293474.93672399997,300028.16705999995,300028.16706699994,3158.1912322842104,0.03739,293474.93672399997,30102.746950423312,89.0399074,69.71521634042554,19.711375916381165,0.3133039171658899,10,64,,False,False,Request timeout: 300.0s exceeded,312,21.16838264042747
185,2026-09-14T02:15:00.406+00:00,2026-09-14T02:19:53.826+00:00,2026-09-14T02:20:00.452+00:00,False,100,99.0,,99.0,293420.16686299996,300045.876687,300045.87675999996,3000.4587675999996,0.03082,293420.16686299996,29335.33054181242,87.36950390000001,66.92636185858586,19.61536708921476,0.3299495433602449,10,64,,False,False,Request timeout: 300.0s exceeded,425,21.16838264042747
186,2026-09-14T02:15:02.778+00:00,2026-09-14T02:19:56.658+00:00,2026-09-14T02:20:02.797+00:00,False,94,93.0,,93.0,293880.466974,300019.256862,300019.25687599997,3191.694222085106,0.02595,293880.466974,30304.654463645533,89.157921,66.00849341935483,20.665178883039786,0.3099801025198101,10,64,,False,False,Request timeout: 300.0s exceeded,228,21.16838264042747
187,2026-09-14T02:15:06.786+00:00,2026-09-14T02:20:00.722+00:00,2026-09-14T02:20:06.824+00:00,False,90,89.0,,89.0,293936.097106,300038.561874,300038.562045,3333.7618005,0.039240000000000004,293936.097106,30976.364579450234,90.15077385000001,68.56701986516855,21.03969086282643,0.29662853815895573,10,64,,False,False,Request timeout: 300.0s exceeded,400,21.16838264042747
188,2026-09-14T02:15:09.720+00:00,2026-09-14T02:20:03.311+00:00,2026-09-14T02:20:09.762+00:00,False,97,96.0,,96.0,293591.459361,300042.461473,300042.461554,3093.2212531340206,0.02414,293591.459361,29802.88041850533,89.26077380000001,67.19793866666667,20.676492641211926,0.3199547141718099,10,64,,False,False,Request timeout: 300.0s exceeded,500,21.16838264042747
189,2026-09-14T02:15:13.064+00:00,2026-09-14T02:20:06.952+00:00,2026-09-14T02:20:13.140+00:00,False,94,93.0,,93.0,293888.317577,300076.538505,300076.538414,3192.3036001489363,0.02075,293888.317577,30305.409757558267,89.60069629999998,66.54000997849462,21.232346850004472,0.30992093038440055,10,64,,False,False,Request timeout: 300.0s exceeded,517,21.16838264042747
190,2026-09-14T02:15:16.186+00:00,2026-09-14T02:20:09.764+00:00,2026-09-14T02:20:16.220+00:00,False,96,95.0,,95.0,293577.852172,300034.62862,300034.628812,3125.3607167916666,0.041210000000000004,293577.852172,29956.23428047786,89.4900655,67.96606787368421,20.545819441791444,0.31663011845315847,10,64,,False,False,Request timeout: 300.0s exceeded,274,21.16838264042747
191,2026-09-14T02:15:20.523+00:00,2026-09-14T02:20:13.690+00:00,2026-09-14T02:20:20.561+00:00,False,101,100.0,,100.0,293166.958474,300037.667722,300037.66777,2970.669977920792,0.038329999999999996,293166.958474,29164.372945718645,89.09925100000001,68.70709248,20.15501589942291,0.33329148556325616,10,64,,False,False,Request timeout: 300.0s exceeded,331,21.16838264042747
192,2026-09-14T02:15:24.795+00:00,2026-09-14T02:20:18.303+00:00,2026-09-14T02:20:24.824+00:00,False,100,99.0,,99.0,293508.857443,300029.961059,300029.961166,3000.29961166,0.0,293508.857443,29344.37151849093,88.7901829,65.8697334949495,65.67363736220722,0.32996704612620986,10,64,,False,False,Request timeout: 300.0s exceeded,473,21.16838264042747
193,2026-09-14T02:15:28.958+00:00,2026-09-14T02:20:22.742+00:00,2026-09-14T02:20:28.974+00:00,False,95,94.0,,94.0,293783.875559,300015.86634300003,300015.866264,3158.0617501473685,0.02505,293783.875559,30134.794163946,88.2829364,66.29777429787234,19.930140456500503,0.313316762695918,10,64,,False,False,Request timeout: 300.0s exceeded,469,21.16838264042747
194,2026-09-14T02:15:32.928+00:00,2026-09-14T02:20:26.575+00:00,2026-09-14T02:20:32.947+00:00,False,96,95.0,,95.0,293647.314565,300019.140229,300019.140175,3125.1993768229167,0.02555,293647.314565,29963.414451928795,88.22652125,67.07184909473685,19.689696886374925,0.31664646438053234,10,64,,False,False,Request timeout: 300.0s exceeded,421,21.16838264042747
195,2026-09-14T02:15:36.997+00:00,2026-09-14T02:20:30.647+00:00,2026-09-14T02:20:37.038+00:00,False,89,88.0,,88.0,293649.58328799997,300040.837816,300040.83773699997,3371.2453678314605,0.02139,293649.58328799997,31119.100704994813,89.2173294,72.62789236363636,18.89485628348126,0.2932934084591711,10,64,,False,False,Request timeout: 300.0s exceeded,359,21.16838264042747
196,2026-09-14T02:15:39.989+00:00,2026-09-14T02:20:33.715+00:00,2026-09-14T02:20:40.035+00:00,False,87,86.0,,86.0,293725.67834,300045.070596,300045.070571,3448.7939146091953,0.02732,293725.67834,31482.825773785815,89.600448,73.48130530232558,18.957679182131123,0.28662360567754813,10,64,,False,False,Request timeout: 300.0s exceeded,440,21.16838264042747
197,2026-09-14T02:15:42.648+00:00,2026-09-14T02:20:36.530+00:00,2026-09-14T02:20:42.705+00:00,False,86,85.0,,85.0,293882.32695,300057.519782,300057.51979600004,3489.040927860465,0.029679999999999998,293882.32695,31682.318281644984,89.75514774999999,72.64932743529413,19.53160712246218,0.283279019508509,10,64,,False,False,Request timeout: 300.0s exceeded,338,21.16838264042747
198,2026-09-14T02:15:45.503+00:00,2026-09-14T02:20:39.187+00:00,2026-09-14T02:20:45.564+00:00,False,92,91.0,,91.0,293684.055561,300060.947209,300060.94718,3261.5320345652176,0.022600000000000002,293684.055561,30611.379582542548,88.49849309999999,70.0757323956044,19.433808621266675,0.30327172145002995,10,64,,False,False,Request timeout: 300.0s exceeded,474,21.16838264042747
199,2026-09-14T02:15:48.407+00:00,2026-09-14T02:20:42.237+00:00,2026-09-14T02:20:48.420+00:00,False,92,91.0,,91.0,293830.68477399996,300013.04099799995,300013.04117399995,3261.0113171086955,0.0217,293830.68477399996,30626.890471685245,89.049074,67.93798048351648,20.76529248208929,0.3033201480085216,10,64,,False,False,Request timeout: 300.0s exceeded,409,21.16838264042747
200,2026-09-14T02:15:52.407+00:00,2026-09-14T02:20:46.136+00:00,2026-09-14T02:20:52.475+00:00,False,94,93.0,,93.0,293728.613296,300067.419312,300067.419346,3192.206588787234,0.030440000000000002,293728.613296,30288.771134004804,92.02767734999999,68.15920447311828,22.106351458288906,0.3099303490303349,10,64,,False,False,Request timeout: 300.0s exceeded,356,21.16838264042747
201,2026-09-14T02:15:56.218+00:00,2026-09-14T02:20:50.116+00:00,2026-09-14T02:20:56.254+00:00,False,94,93.0,,93.0,293897.491405,300035.73447699996,300035.73466699995,3191.8695177340423,0.03673,293897.491405,30306.410715151753,89.4029515,66.00261367741936,20.23017105367455,0.309963078771636,10,64,,False,False,Request timeout: 300.0s exceeded,446,21.16838264042747
202,2026-09-14T02:15:58.664+00:00,2026-09-14T02:20:52.480+00:00,2026-09-14T02:20:58.715+00:00,False,92,91.0,,91.0,293816.03400700004,300051.423191,300051.42324400006,3261.4285135217397,0.02411,293816.03400700004,30625.30147046408,89.02497605,68.52076026373626,19.54436662118065,0.3032813476844376,10,64,,False,False,Request timeout: 300.0s exceeded,568,21.16838264042747
203,2026-09-14T02:16:02.721+00:00,2026-09-14T02:20:56.515+00:00,2026-09-14T02:21:02.765+00:00,False,91,90.0,,90.0,293794.354139,300044.305883,300044.305925,3297.190175,0.03835,293794.354139,30790.743076745508,89.2015015,69.44390826666667,19.52300535960402,0.29995570065940463,10,64,,False,False,Request timeout: 300.0s exceeded,344,21.16838264042747
204,2026-09-14T02:16:06.123+00:00,2026-09-14T02:20:59.823+00:00,2026-09-14T02:21:06.169+00:00,False,95,94.0,,94.0,293700.611013,300046.235333,300046.235347,3158.3814247052633,0.020120000000000002,293700.611013,30126.12759515941,91.004295,67.50664170212767,20.261674124479704,0.3132850505378815,10,64,,False,False,Request timeout: 300.0s exceeded,360,21.16838264042747
205,2026-09-14T02:16:08.551+00:00,2026-09-14T02:21:02.143+00:00,2026-09-14T02:21:08.623+00:00,False,95,94.0,,94.0,293592.55449,300072.482554,300072.48248,3158.6577103157897,0.0212,293592.55449,30114.894634269305,89.361898,68.9354049361702,20.246433107850148,0.31325764761880187,10,64,,False,False,Request timeout: 300.0s exceeded,379,21.16838264042747
206,2026-09-14T02:16:12.465+00:00,2026-09-14T02:21:06.299+00:00,2026-09-14T02:21:12.512+00:00,False,90,89.0,,89.0,293834.049395,300047.046515,300047.04639,3333.8560709999997,0.07226,293834.049395,30965.476383485584,90.98326045,69.80895640449438,20.26020540616639,0.2966201501855167,10,64,,False,False,Request timeout: 300.0s exceeded,423,21.16838264042747
207,2026-09-14T02:16:15.242+00:00,2026-09-14T02:21:09.102+00:00,2026-09-14T02:21:15.296+00:00,False,90,89.0,,89.0,293860.09526200005,300054.74051000003,300054.74062500003,3333.9415625000006,0.05374,293860.09526200005,30968.24392720111,89.96967550000001,69.60275559550563,20.76963954263238,0.29661254426018263,10,64,,False,False,Request timeout: 300.0s exceeded,219,21.16838264042747
208,2026-09-14T02:16:17.687+00:00,2026-09-14T02:21:11.619+00:00,2026-09-14T02:21:17.734+00:00,False,91,90.0,,90.0,293931.986091,300046.61213900003,300046.61213400005,3297.215517956044,0.0,293931.986091,30805.40142131382,90.23251950000002,67.94028942222222,70.19831610945282,0.2999533951021799,10,64,,False,False,Request timeout: 300.0s exceeded,452,21.16838264042747
209,2026-09-14T02:16:21.698+00:00,2026-09-14T02:21:15.773+00:00,2026-09-14T02:21:21.739+00:00,False,94,93.0,,93.0,294074.694505,300040.54615300003,300040.546243,3191.920704712766,0.0,294074.694505,30324.950841123537,91.94781175,64.14894245161291,69.3782618442007,0.30995810797043544,10,64,,False,False,Request timeout: 300.0s exceeded,263,21.16838264042747
210,2026-09-14T02:16:25.003+00:00,2026-09-14T02:21:18.558+00:00,2026-09-14T02:21:25.053+00:00,False,99,98.0,,98.0,293554.697488,300050.111248,300050.111187,3030.8092039090907,0.04405,293554.697488,29496.70254007167,88.80424199999999,66.27973224489796,20.015302354214857,0.3266121101984868,10,64,,False,False,Request timeout: 300.0s exceeded,277,21.16838264042747
211,2026-09-14T02:16:29.034+00:00,2026-09-14T02:21:22.823+00:00,2026-09-14T02:21:29.068+00:00,False,93,92.0,,92.0,293789.439547,300034.023483,300034.023405,3226.1722946774194,0.03868,293789.439547,30457.51371711301,88.26841399999999,67.87591234782609,19.849926626558634,0.3066318910502253,10,64,,False,False,Request timeout: 300.0s exceeded,393,21.16838264042747
212,2026-09-14T02:16:32.757+00:00,2026-09-14T02:21:25.635+00:00,2026-09-14T02:21:32.856+00:00,False,108,107.0,,107.0,292878.29761799995,300098.89819399995,300098.89810399996,2778.6935009629624,0.019309999999999997,292878.29761799995,28175.741263354506,89.12072500000001,67.48224837383178,20.54080409068007,0.3565491264510724,10,64,,False,False,Request timeout: 300.0s exceeded,457,21.16838264042747
213,2026-09-14T02:16:35.335+00:00,2026-09-14T02:21:29.328+00:00,2026-09-14T02:21:35.402+00:00,False,94,93.0,,93.0,293993.480211,300067.655955,300067.65596,3192.209105957447,0.04044,293993.480211,30316.383099404105,91.52748179999999,65.31371767741936,21.468771796633686,0.309930104609298,10,64,,False,False,Request timeout: 300.0s exceeded,416,21.16838264042747
214,2026-09-14T02:16:39.342+00:00,2026-09-14T02:21:34.080+00:00,2026-09-14T02:21:39.430+00:00,False,78,77.0,,77.0,294737.749116,300087.739772,300087.739743,3847.2787146538462,0.020550000000000002,294737.749116,33364.61705516297,86.83448135,69.48039812987012,19.66346626285192,0.25659162236518857,10,64,,False,False,Request timeout: 300.0s exceeded,305,21.16838264042747
215,2026-09-14T02:16:43.357+00:00,2026-09-14T02:21:37.072+00:00,2026-09-14T02:21:43.374+00:00,False,97,96.0,,96.0,293715.15789,300017.601154,300017.60110699997,3092.964959865979,0.02124,293715.15789,29815.596769700518,87.6763528,65.65045066666666,20.00667175139095,0.3199812265371821,10,64,,False,False,Request timeout: 300.0s exceeded,488,21.16838264042747
216,2026-09-14T02:16:46.788+00:00,2026-09-14T02:21:40.243+00:00,2026-09-14T02:21:46.805+00:00,False,112,111.0,,111.0,293454.667103,300017.088095,300017.08801999997,2678.7240001785713,0.015009999999999999,293454.667103,27724.020661624872,88.01577495,59.120909837837836,204.49617877633045,0.3699789258832217,10,64,,False,False,Request timeout: 300.0s exceeded,455,21.16838264042747
217,2026-09-14T02:16:49.801+00:00,2026-09-14T02:21:43.295+00:00,2026-09-14T02:21:49.851+00:00,False,109,108.0,,108.0,293494.173793,300049.524833,300049.525005,2752.747935825688,0.015130000000000001,293494.173793,28106.53554016159,90.286815,60.69769481481482,200.12830974267703,0.35994058000961704,10,64,,False,False,Request timeout: 300.0s exceeded,512,21.16838264042747
218,2026-09-14T02:16:52.628+00:00,2026-09-14T02:21:47.426+00:00,2026-09-14T02:21:52.634+00:00,False,79,78.0,,78.0,294797.632982,300005.46402200003,300005.46405,3797.537519620253,0.03811,294797.632982,33159.81906695599,85.98684599999999,66.76706461538461,19.9758161480403,0.2599952646005144,10,64,,False,False,Request timeout: 300.0s exceeded,391,21.16838264042747
219,2026-09-14T02:16:55.108+00:00,2026-09-14T02:21:48.839+00:00,2026-09-14T02:21:55.129+00:00,False,93,92.0,,92.0,293731.103334,300020.650086,300020.650037,3226.028495021505,0.02551,293731.103334,30451.413477376314,87.89980860000001,68.36463860869566,19.25325867822388,0.30664555914277397,10,64,,False,False,Request timeout: 300.0s exceeded,365,21.16838264042747
220,2026-09-14T02:16:58.081+00:00,2026-09-14T02:21:51.961+00:00,2026-09-14T02:21:58.103+00:00,False,90,89.0,,89.0,293879.849522,300021.391154,300021.391128,3333.5710125333335,0.039249,293879.849522,30970.388371785313,88.2503599,69.00608575280899,19.63555358486815,0.2966455147003721,10,64,,False,False,Request timeout: 300.0s exceeded,334,21.16838264042747
221,2026-09-14T02:17:02.407+00:00,2026-09-14T02:21:56.334+00:00,2026-09-14T02:22:02.489+00:00,False,91,90.0,,90.0,293926.746429,300081.467709,300081.46769799996,3297.5985461318683,0.02361,293926.746429,30804.73272440325,89.566996,68.385792,19.912659735183027,0.2999185544082859,10,64,,False,False,Request timeout: 300.0s exceeded,437,21.16838264042747
222,2026-09-14T02:17:06.066+00:00,2026-09-14T02:21:59.740+00:00,2026-09-14T02:22:06.119+00:00,False,98,97.0,,97.0,293673.985728,300052.80224,300052.802433,3061.763290132653,0.01884,293673.985728,29658.916579636974,89.165013,65.76099496907216,20.553452203871586,0.32327643426710495,10,64,,False,False,Request timeout: 300.0s exceeded,471,21.16838264042747
223,2026-09-14T02:17:08.622+00:00,2026-09-14T02:22:02.492+00:00,2026-09-14T02:22:08.665+00:00,False,94,93.0,,93.0,293869.675116,300042.182764,300042.182956,3191.9381165531913,0.02185,293869.675116,30303.504274020474,89.36305535,66.37104997849463,21.105670448717817,0.30995641727199974,10,64,,False,False,Request timeout: 300.0s exceeded,437,21.16838264042747
224,2026-09-14T02:17:11.160+00:00,2026-09-14T02:22:05.262+00:00,2026-09-14T02:22:11.235+00:00,False,91,90.0,,90.0,294102.523215,300075.517775,300075.517797,3297.5331626043953,0.03772,294102.523215,30823.37066220222,88.41216399999999,66.36660622222223,19.691599430265754,0.29992450122999703,10,64,,False,False,Request timeout: 300.0s exceeded,412,21.16838264042747
225,2026-09-14T02:17:13.642+00:00,2026-09-14T02:22:07.573+00:00,2026-09-14T02:22:13.677+00:00,False,102,101.0,,101.0,293931.147416,300034.99304800003,300034.99313300004,2941.519540519608,0.0,293931.147416,29097.61231623358,90.64620965,60.434115168316836,66.76724382754013,0.3366274012706307,10,64,,False,False,Request timeout: 300.0s exceeded,435,21.16838264042747
226,2026-09-14T02:17:16.880+00:00,2026-09-14T02:22:10.534+00:00,2026-09-14T02:22:16.911+00:00,False,104,103.0,,103.0,293653.829055,300031.179455,300031.17938399996,2884.915186384615,0.0,293653.829055,28789.128917677994,87.6715358,61.91602330097088,65.27034528299883,0.3432976538874967,10,64,,False,False,Request timeout: 300.0s exceeded,422,21.16838264042747
227,2026-09-14T02:17:20.441+00:00,2026-09-14T02:22:14.138+00:00,2026-09-14T02:22:20.495+00:00,False,92,91.0,,91.0,293697.270349,300053.871181,300053.871131,3261.4551209891306,0.0232,293697.270349,30612.7804069417,87.40660305,69.8527563956044,19.178740839435665,0.30327887336306525,10,64,,False,False,Request timeout: 300.0s exceeded,375,21.16838264042747
228,2026-09-14T02:17:24.418+00:00,2026-09-14T02:22:17.543+00:00,2026-09-14T02:22:24.458+00:00,False,101,100.0,,100.0,293124.919104,300039.582528,300039.582566,2970.6889362970296,0.04255,293124.919104,29160.145810325404,89.66320100000002,69.14663424,19.67178467178221,0.33328935854877717,10,64,,False,False,Request timeout: 300.0s exceeded,447,21.16838264042747
229,2026-09-14T02:17:27.469+00:00,2026-09-14T02:22:21.232+00:00,2026-09-14T02:22:27.476+00:00,False,94,93.0,,93.0,293763.094297,300007.54178499995,300007.541896,3191.5695946382975,0.0305,293763.094297,30292.430861220182,87.60775765,67.14459664516129,20.12807993583942,0.3099922070180767,10,64,,False,False,Request timeout: 300.0s exceeded,208,21.16838264042747
230,2026-09-14T02:17:31.668+00:00,2026-09-14T02:22:25.869+00:00,2026-09-14T02:22:31.748+00:00,False,85,84.0,,84.0,294200.836293,300079.902917,300079.902883,3530.3517986235292,0.094,294200.836293,31902.97562668971,88.9344382,69.98888838095239,19.574499475178023,0.27992544380165907,10,64,,False,False,Request timeout: 300.0s exceeded,424,21.16838264042747
231,2026-09-14T02:17:34.185+00:00,2026-09-14T02:22:27.768+00:00,2026-09-14T02:22:34.231+00:00,False,95,94.0,,94.0,293582.821124,300046.343172,300046.34335,3158.3825615789474,0.01816,293582.821124,30113.914252742892,91.7435564,68.76087285106384,20.742753785335964,0.31328493794078666,10,64,,False,False,Request timeout: 300.0s exceeded,391,21.16838264042747
232,2026-09-14T02:17:37.772+00:00,2026-09-14T02:22:31.412+00:00,2026-09-14T02:22:37.807+00:00,False,93,92.0,,92.0,293640.58672799997,300035.60471199994,300035.604749,3226.1892983763437,0.02241,293640.58672799997,30441.909955932253,91.264195,69.51106504347827,21.504184975449235,0.306630275057887,10,64,,False,False,Request timeout: 300.0s exceeded,409,21.16838264042747
233,2026-09-14T02:17:40.659+00:00,2026-09-14T02:22:34.403+00:00,2026-09-14T02:22:40.687+00:00,False,91,90.0,,90.0,293743.951075,300027.852259,300027.852071,3297.0093634175823,0.027190000000000002,293743.951075,30785.421267446738,91.67265149999999,69.82112426666667,21.65372433063525,0.29997215032658775,10,64,,False,False,Request timeout: 300.0s exceeded,432,21.16838264042747
234,2026-09-14T02:17:44.511+00:00,2026-09-14T02:22:38.361+00:00,2026-09-14T02:22:44.588+00:00,False,90,89.0,,89.0,293850.538046,300077.501758,300077.501682,3334.1944631333336,0.109019,293850.538046,30967.19833899201,91.38415395,69.96588440449437,20.931068434992522,0.29659004583347537,10,64,,False,False,Request timeout: 300.0s exceeded,326,21.16838264042747
235,2026-09-14T02:17:47.388+00:00,2026-09-14T02:22:41.031+00:00,2026-09-14T02:22:47.438+00:00,False,95,94.0,,94.0,293643.304256,300050.42591999995,300050.42595199996,3158.425536336842,0.03307,293643.304256,30120.181291946403,90.18787769999999,68.16086876595745,20.80574797384553,0.31328067511246416,10,64,,False,False,Request timeout: 300.0s exceeded,394,21.16838264042747
236,2026-09-14T02:17:50.469+00:00,2026-09-14T02:22:44.346+00:00,2026-09-14T02:22:50.555+00:00,False,91,90.0,,90.0,293877.45551,300086.429846,300086.429824,3297.653074989011,0.04238,293877.45551,30799.502127288495,88.5161335,68.98860373333333,19.415208961927288,0.29991359504722254,10,64,,False,False,Request timeout: 300.0s exceeded,380,21.16838264042747
237,2026-09-14T02:17:54.031+00:00,2026-09-14T02:22:47.685+00:00,2026-09-14T02:22:54.118+00:00,False,96,95.0,,95.0,293654.613795,300087.491875,300087.49181700003,3125.91137309375,0.039409999999999994,293654.613795,29964.09368534866,88.04242400000001,67.71450610526315,19.457494675877705,0.31657434105774657,10,64,,False,False,Request timeout: 300.0s exceeded,140,21.16838264042747
238,2026-09-14T02:17:57.156+00:00,2026-09-14T02:22:50.888+00:00,2026-09-14T02:22:57.172+00:00,False,96,95.0,,95.0,293732.75566799997,300015.9357,300015.935726,3125.165997145833,0.03719,293732.75566799997,29972.230304774257,89.18227150000001,66.13873717894737,20.18110538386385,0.3166498465434681,10,64,,False,False,Request timeout: 300.0s exceeded,445,21.16838264042747
239,2026-09-14T02:18:01.366+00:00,2026-09-14T02:22:55.115+00:00,2026-09-14T02:23:01.373+00:00,False,92,91.0,,91.0,293748.658483,300006.705971,300006.706024,3260.9424567826086,0.03456,293748.658483,30618.252106948818,92.0703756,68.7697526153846,21.0369647492283,0.30332655300310674,10,64,,False,False,Request timeout: 300.0s exceeded,136,21.16838264042747
240,2026-09-14T02:18:03.811+00:00,2026-09-14T02:22:57.599+00:00,2026-09-14T02:23:03.887+00:00,False,92,91.0,,91.0,293787.559356,300075.355836,300075.355883,3261.688650902174,0.020569,293787.559356,30622.273501625114,88.917371,69.09666461538461,20.71385605352826,0.30325715934411546,10,64,,False,False,Request timeout: 300.0s exceeded,461,21.16838264042747
241,2026-09-14T02:18:07.450+00:00,2026-09-14T02:23:01.504+00:00,2026-09-14T02:23:07.537+00:00,False,93,92.0,,92.0,294053.66723,300086.78979,300086.790027,3226.739677709678,0.0,294053.66723,30485.2227614867,89.820054,65.57741913043478,69.3241376646157,0.30657797387342967,10,64,,False,False,Request timeout: 300.0s exceeded,433,21.16838264042747
242,2026-09-14T02:18:09.996+00:00,2026-09-14T02:23:03.885+00:00,2026-09-14T02:23:10.012+00:00,False,96,95.0,,95.0,293888.996013,300015.838637,300015.83862000005,3125.164985625,0.0,293888.996013,29988.4147371011,91.56990674999999,64.49308025263159,68.31011464806242,0.31664994898800636,10,64,,False,False,Request timeout: 300.0s exceeded,481,21.16838264042747
243,2026-09-14T02:18:12.647+00:00,2026-09-14T02:23:06.664+00:00,2026-09-14T02:23:12.693+00:00,False,92,91.0,,91.0,294017.691536,300046.501264,300046.50134,3261.3750145652175,0.038270000000000005,294017.691536,30646.562945970058,89.6669741,66.25065635164836,20.404367979708535,0.30328632267547223,10,64,,False,False,Request timeout: 300.0s exceeded,441,21.16838264042747
244,2026-09-14T02:18:15.135+00:00,2026-09-14T02:23:08.769+00:00,2026-09-14T02:23:15.179+00:00,False,93,92.0,,92.0,293633.80231,300043.895622,300043.895669,3226.2784480537634,0.03537,293633.80231,30441.18812235327,88.8850086,69.67492730434783,19.50708709086731,0.30662180215091944,10,64,,False,False,Request timeout: 300.0s exceeded,407,21.16838264042747
245,2026-09-14T02:18:18.235+00:00,2026-09-14T02:23:12.343+00:00,2026-09-14T02:23:18.313+00:00,False,85,84.0,,84.0,294107.822554,300077.52009,300077.520144,3530.3237664000003,0.038729999999999994,294107.822554,31892.7704928346,91.2249092,71.0678278095238,20.61575003470629,0.27992766660697044,10,64,,False,False,Request timeout: 300.0s exceeded,425,21.16838264042747
246,2026-09-14T02:18:21.370+00:00,2026-09-14T02:23:15.090+00:00,2026-09-14T02:23:21.408+00:00,False,92,91.0,,91.0,293720.42838700005,300037.98665900005,300037.98677300004,3261.2824649239137,0.03537,293720.42838700005,30615.24052974094,90.3876052,69.42371727472528,20.731090722274867,0.3032949294631268,10,64,,False,False,Request timeout: 300.0s exceeded,353,21.16838264042747
247,2026-09-14T02:18:24.053+00:00,2026-09-14T02:23:17.606+00:00,2026-09-14T02:23:24.086+00:00,False,98,97.0,,97.0,293553.966143,300033.530943,300033.531136,3061.566644244898,0.02638,293553.966143,29646.687987662433,88.63335200000002,66.79963711340206,20.745993109082765,0.32329719846688715,10,64,,False,False,Request timeout: 300.0s exceeded,320,21.16838264042747
248,2026-09-14T02:18:26.799+00:00,2026-09-14T02:23:20.575+00:00,2026-09-14T02:23:26.813+00:00,False,95,94.0,,94.0,293776.475229,300014.12873299996,300014.128783,3158.043460873684,0.023010000000000003,293776.475229,30134.029354978247,89.989808,66.358016,20.87003294448495,0.3133185773515889,10,64,,False,False,Request timeout: 300.0s exceeded,337,21.16838264042747
249,2026-09-14T02:18:31.118+00:00,2026-09-14T02:23:24.761+00:00,2026-09-14T02:23:31.139+00:00,False,97,96.0,,96.0,293642.750758,300021.00048600003,300021.000434,3093.000004474227,0.036899999999999995,293642.750758,29808.165492472286,90.68782279999999,66.44010133333333,21.074783235079764,0.31997760104956274,10,64,,False,False,Request timeout: 300.0s exceeded,452,21.16838264042747
250,2026-09-14T02:18:33.660+00:00,2026-09-14T02:23:26.894+00:00,2026-09-14T02:23:33.728+00:00,False,104,103.0,,103.0,293234.515374,300068.04983800004,300068.05002900003,2885.269711817308,0.02782,293234.515374,28747.511773751852,90.46576499999999,66.34499479611651,20.88638183306611,0.3432554717358525,10,64,,False,False,Request timeout: 300.0s exceeded,494,21.16838264042747
251,2026-09-14T02:18:36.538+00:00,2026-09-14T02:23:30.025+00:00,2026-09-14T02:23:36.564+00:00,False,98,97.0,,97.0,293487.704714,300026.294666,300026.294632,3061.492802367347,0.03257,293487.704714,29639.933065784677,90.35737635,67.40814383505155,20.687922610534354,0.32330499601037926,10,64,,False,False,Request timeout: 300.0s exceeded,367,21.16838264042747
252,2026-09-14T02:18:40.555+00:00,2026-09-14T02:23:34.444+00:00,2026-09-14T02:23:40.594+00:00,False,88,87.0,,87.0,293889.053153,300039.463393,300039.463242,3409.5393550227272,0.02853,293889.053153,31321.148371550833,90.218366,70.69437057471265,19.63847795124142,0.2899618570709313,10,64,,False,False,Request timeout: 300.0s exceeded,359,21.16838264042747
253,2026-09-14T02:18:44.868+00:00,2026-09-14T02:23:38.657+00:00,2026-09-14T02:23:44.936+00:00,False,95,94.0,,94.0,293789.18102200003,300067.85315000004,300067.85322900006,3158.608981357895,0.02027,293789.18102200003,30135.287164442347,86.53107200000001,66.79438434042552,19.345207176628413,0.3132624805130679,10,64,,False,False,Request timeout: 300.0s exceeded,351,21.16838264042747
254,2026-09-14T02:18:48.107+00:00,2026-09-14T02:23:41.974+00:00,2026-09-14T02:23:48.125+00:00,False,94,93.0,,93.0,293867.63935199997,300018.71186399995,300018.71203899995,3191.6884259468084,0.0366,293867.63935199997,30303.31694532772,87.46140414999998,66.14056464516129,19.398761673967556,0.3099806656131414,10,64,,False,False,Request timeout: 300.0s exceeded,492,21.16838264042747
255,2026-09-14T02:18:50.535+00:00,2026-09-14T02:23:44.261+00:00,2026-09-14T02:23:50.623+00:00,False,94,93.0,,93.0,293726.176815,300087.702575,300087.70245700004,3192.42236656383,0.023719999999999998,293726.176815,30288.493124035045,88.53574165,68.40350279569893,19.907032116747033,0.3099094004918672,10,64,,False,False,Request timeout: 300.0s exceeded,419,21.16838264042747
256,2026-09-14T02:18:53.117+00:00,2026-09-14T02:23:46.946+00:00,2026-09-14T02:23:53.205+00:00,False,91,90.0,,90.0,293828.978334,300087.701662,300087.701743,3297.667052120879,0.04136,293828.978334,30794.36249805227,88.13284349999998,69.54137031111111,19.581964497418422,0.2999123239691121,10,64,,False,False,Request timeout: 300.0s exceeded,441,21.16838264042747
257,2026-09-14T02:18:55.512+00:00,2026-09-14T02:23:48.739+00:00,2026-09-14T02:23:55.539+00:00,False,98,97.0,,97.0,293227.282388,300027.66024399997,300027.660224,3061.5067369795916,0.02277,293227.282388,29613.353813287056,89.40616719999998,70.10698820618556,20.677907128952068,0.3233035244854223,10,64,,False,False,Request timeout: 300.0s exceeded,492,21.16838264042747
258,2026-09-14T02:18:59.256+00:00,2026-09-14T02:23:52.305+00:00,2026-09-14T02:23:59.373+00:00,False,107,106.0,,106.0,293048.282374,300116.491014,300116.491005,2804.8270187383177,0.036359999999999996,293048.282374,28323.60785253564,90.1940206,66.68121358490566,20.580323655402104,0.3531961860604829,10,64,,False,False,Request timeout: 300.0s exceeded,424,21.16838264042747
259,2026-09-14T02:19:02.799+00:00,2026-09-14T02:23:56.760+00:00,2026-09-14T02:24:02.827+00:00,False,104,103.0,,103.0,293961.483112,300028.335208,300028.33512999996,2884.8878377884616,0.0,293961.483112,28819.59355308759,93.65626925000001,58.90147666019417,65.7810695392857,0.34330090832452015,10,64,,False,False,Request timeout: 300.0s exceeded,465,21.16838264042747
260,2026-09-14T02:19:07.003+00:00,2026-09-14T02:24:01.375+00:00,2026-09-14T02:24:07.042+00:00,False,95,94.0,,94.0,294372.484724,300039.55877199996,300039.558916,3158.3111464842104,0.0,294372.484724,30195.807022420533,91.1161727,60.288021787234044,27.914447301330384,0.3132920218411286,10,64,,False,False,Request timeout: 300.0s exceeded,323,21.16838264042747
261,2026-09-14T02:19:09.503+00:00,2026-09-14T02:24:03.742+00:00,2026-09-14T02:24:09.549+00:00,False,89,88.0,,88.0,294238.333433,300045.422073,300045.42203,3371.296876741573,0.037840000000000006,294238.333433,31182.212611016497,87.4480454,65.98964363636364,20.3014904709899,0.2932889273631041,10,64,,False,False,Request timeout: 300.0s exceeded,326,21.16838264042747
262,2026-09-14T02:19:12.179+00:00,2026-09-14T02:24:05.700+00:00,2026-09-14T02:24:12.246+00:00,False,99,98.0,,98.0,293520.625276,300066.601852,300066.60194100003,3030.975777181818,0.02513,293520.625276,29493.22583887596,86.7161131,66.79567934693877,19.316721935149268,0.32659416074680625,10,64,,False,False,Request timeout: 300.0s exceeded,602,21.16838264042747
263,2026-09-14T02:19:14.606+00:00,2026-09-14T02:24:08.316+00:00,2026-09-14T02:24:14.613+00:00,False,94,93.0,,93.0,293709.283383,300006.631479,300006.631574,3191.5599103617024,0.0363,293709.283383,30286.821692499565,88.91132015,67.71342038709678,19.6223820136853,0.3099931476231714,10,64,,False,False,Request timeout: 300.0s exceeded,536,21.16838264042747
264,2026-09-14T02:19:18.780+00:00,2026-09-14T02:24:12.577+00:00,2026-09-14T02:24:18.858+00:00,False,93,92.0,,92.0,293796.858417,300077.597489,300077.597515,3226.6408334946236,0.04115,293796.858417,30458.242631755857,89.3174658,68.26890295652173,20.408537777116877,0.30658736530097835,10,64,,False,False,Request timeout: 300.0s exceeded,463,21.16838264042747
265,2026-09-14T02:19:21.813+00:00,2026-09-14T02:24:15.242+00:00,2026-09-14T02:24:21.867+00:00,False,97,96.0,,96.0,293429.361171,300054.043155,300054.043142,3093.3406509484535,0.04332,293429.361171,29786.237239000584,87.6428808,69.007104,19.301540881227783,0.3199423643507077,10,64,,False,False,Request timeout: 300.0s exceeded,422,21.16838264042747
266,2026-09-14T02:19:24.231+00:00,2026-09-14T02:24:18.061+00:00,2026-09-14T02:24:24.283+00:00,False,91,90.0,,90.0,293830.762048,300051.852608,300051.852371,3297.273102978022,0.027190000000000002,293830.762048,30794.59336562996,88.59781299999999,69.12322844444445,19.66133845096733,0.29994815635276106,10,64,,False,False,Request timeout: 300.0s exceeded,468,21.16838264042747
267,2026-09-14T02:19:27.104+00:00,2026-09-14T02:24:21.013+00:00,2026-09-14T02:24:27.162+00:00,False,90,89.0,,89.0,293909.444539,300058.139579,300058.139605,3333.979328944444,0.019420000000000003,293909.444539,30973.49951150876,87.10035400000001,69.08646112359551,19.67382377892701,0.2966091842230058,10,64,,False,False,Request timeout: 300.0s exceeded,413,21.16838264042747
268,2026-09-14T02:19:29.793+00:00,2026-09-14T02:24:23.478+00:00,2026-09-14T02:24:29.855+00:00,False,97,96.0,,96.0,293684.822791,300061.17223100003,300061.172076,3093.4141451134024,0.036109999999999996,293684.822791,29812.438419179078,89.4135024,66.42030666666666,19.822638659084333,0.3199347629225918,10,64,,False,False,Request timeout: 300.0s exceeded,434,21.16838264042747
269,2026-09-14T02:19:33.031+00:00,2026-09-14T02:24:26.685+00:00,2026-09-14T02:24:33.067+00:00,False,98,97.0,,97.0,293653.441464,300035.76210399996,300035.76225699997,3061.589410785714,0.02203,293653.441464,29656.837363579067,87.73712155000001,65.79712,20.136100277198064,0.3232947943264755,10,64,,False,False,Request timeout: 300.0s exceeded,476,21.16838264042747
270,2026-09-14T02:19:36.144+00:00,2026-09-14T02:24:29.855+00:00,2026-09-14T02:24:36.214+00:00,False,93,92.0,,92.0,293710.57877200004,300069.70606800006,300069.70621300006,3226.5559807849468,0.03637,293710.57877200004,30449.20707317767,87.311433,69.12094886956523,19.757075738756754,0.30659542812746143,10,64,,False,False,Request timeout: 300.0s exceeded,349,21.16838264042747
271,2026-09-14T02:19:40.122+00:00,2026-09-14T02:24:33.699+00:00,2026-09-14T02:24:40.151+00:00,False,95,94.0,,94.0,293577.523529,300029.206345,300029.206314,3158.2021717263156,0.02723,293577.523529,30113.383183719416,90.0566164,68.63492357446809,20.041658215170074,0.313302831898007,10,64,,False,False,Request timeout: 300.0s exceeded,404,21.16838264042747
272,2026-09-14T02:19:43.216+00:00,2026-09-14T02:24:36.795+00:00,2026-09-14T02:24:43.240+00:00,False,92,91.0,,91.0,293579.071796,300023.742004,300023.742006,3261.1276305,0.02088,293579.071796,30600.35734835749,91.08027105,70.82055173626374,20.564049750625575,0.3033093294289582,10,64,,False,False,Request timeout: 300.0s exceeded,452,21.16838264042747
273,2026-09-14T02:19:46.804+00:00,2026-09-14T02:24:40.928+00:00,2026-09-14T02:24:47.594+00:00,False,65,64.0,,64.0,294124.094046,300790.080094,300790.08003899996,4627.539692907692,0.049,294124.094046,36469.682475758505,90.847312,104.156032,271.8655819038771,0.21277297436138634,10,64,,False,False,Request timeout: 300.0s exceeded,339,21.16838264042747
274,2026-09-14T02:19:49.973+00:00,2026-09-14T02:24:43.150+00:00,2026-09-14T02:24:50.058+00:00,False,116,115.0,,115.0,293176.968077,300085.174413,300085.174478,2586.9411592931033,0.01541,293176.968077,27216.024504760044,90.77026774999999,60.071359443478265,210.09449817993703,0.38322453025196196,10,64,,False,False,Request timeout: 300.0s exceeded,631,21.16838264042747
275,2026-09-14T02:19:52.861+00:00,2026-09-14T02:24:47.825+00:00,2026-09-14T02:24:52.950+00:00,False,76,75.0,,75.0,294963.93862300005,300089.28313500003,300089.28322900005,3948.5432003815795,0.039909,294963.93862300005,33826.852600235805,91.3677075,68.33792682666667,22.335954490634528,0.24992561952390696,10,64,,False,False,Request timeout: 300.0s exceeded,263,21.16838264042747
276,2026-09-14T02:19:57.031+00:00,2026-09-14T02:24:50.717+00:00,2026-09-14T02:24:57.042+00:00,False,95,94.0,,94.0,293685.522022,300010.704742,300010.704715,3158.0074180526317,0.0,293685.522022,30124.6739218905,88.6622757,67.28917787234043,69.29644489401711,0.3133221532239562,10,64,,False,False,Request timeout: 300.0s exceeded,447,21.16838264042747
277,2026-09-14T02:19:59.469+00:00,2026-09-14T02:24:53.292+00:00,2026-09-14T02:24:59.545+00:00,False,96,95.0,,95.0,293822.357375,300075.20217500004,300075.202131,3125.7833555312504,0.0,293822.357375,29981.477413254634,87.50983075,65.81941894736842,68.00100641618552,0.31658730648658273,10,64,,False,False,Request timeout: 300.0s exceeded,461,21.16838264042747
278,2026-09-14T02:20:03.593+00:00,2026-09-14T02:24:57.408+00:00,2026-09-14T02:25:03.634+00:00,False,96,95.0,,95.0,293814.565795,300041.421987,300041.422036,3125.4314795416667,0.03397,293814.565795,29980.640041010585,86.15935375,65.54585465263158,19.441180950031544,0.3166229494943405,10,64,,False,False,Request timeout: 300.0s exceeded,456,21.16838264042747
279,2026-09-14T02:20:07.597+00:00,2026-09-14T02:25:01.395+00:00,2026-09-14T02:25:07.667+00:00,False,95,94.0,,94.0,293798.39155199996,300070.11020799994,300070.110198,3158.632738926315,0.02203,293798.39155199996,30136.24019378309,89.6864027,66.72041123404256,20.055682567943098,0.3132601242251083,10,64,,False,False,Request timeout: 300.0s exceeded,413,21.16838264042747
280,2026-09-14T02:20:11.963+00:00,2026-09-14T02:25:05.757+00:00,2026-09-14T02:25:11.976+00:00,False,92,91.0,,91.0,293794.478713,300013.135993,300013.13599100005,3261.012347728261,0.02386,293794.478713,30623.073582731566,88.05876059999999,68.33689318681319,19.916324780181267,0.30332005196640205,10,64,,False,False,Request timeout: 300.0s exceeded,482,21.16838264042747
281,2026-09-14T02:20:15.378+00:00,2026-09-14T02:25:09.171+00:00,2026-09-14T02:25:15.458+00:00,False,92,91.0,,91.0,293793.184798,300079.901982,300079.901893,3261.7380640543474,0.03588,293793.184798,30622.861123360166,89.90978760000002,69.08480421978022,20.552263086412143,0.3032525650633495,10,64,,False,False,Request timeout: 300.0s exceeded,345,21.16838264042747
282,2026-09-14T02:20:19.575+00:00,2026-09-14T02:25:13.509+00:00,2026-09-14T02:25:19.633+00:00,False,90,89.0,,89.0,293933.795845,300057.79917300004,300057.799033,3333.9755448111114,0.02401,293933.795845,30976.096236621408,89.85456695,68.80902615730338,20.649910793069523,0.29660952071666213,10,64,,False,False,Request timeout: 300.0s exceeded,424,21.16838264042747
283,2026-09-14T02:20:23.929+00:00,2026-09-14T02:25:17.854+00:00,2026-09-14T02:25:23.959+00:00,False,93,92.0,,92.0,293924.985177,300030.036313,300030.036514,3226.1294248817203,0.021070000000000002,293924.985177,30471.727183975065,90.420131,66.35925147826087,21.014932493995154,0.3066359659538318,10,64,,False,False,Request timeout: 300.0s exceeded,389,21.16838264042747
284,2026-09-14T02:20:27.402+00:00,2026-09-14T02:25:20.949+00:00,2026-09-14T02:25:27.418+00:00,False,99,98.0,,98.0,293546.626208,300016.03241600003,300016.032476,3030.4649745050506,0.024,293546.626208,29495.918709458496,89.37895379999998,66.0143490612245,21.019605351379646,0.32664921007992637,10,64,,False,False,Request timeout: 300.0s exceeded,406,21.16838264042747
285,2026-09-14T02:20:30.517+00:00,2026-09-14T02:25:24.041+00:00,2026-09-14T02:25:30.570+00:00,False,93,92.0,,92.0,293524.215988,300052.78917199996,300052.789093,3226.374076268817,0.02599,293524.215988,30429.69157813744,89.97403760000002,70.962752,20.381281652854295,0.30661271389569594,10,64,,False,False,Request timeout: 300.0s exceeded,466,21.16838264042747
286,2026-09-14T02:20:33.934+00:00,2026-09-14T02:25:27.946+00:00,2026-09-14T02:25:33.945+00:00,False,85,84.0,,84.0,294012.352599,300010.939991,300010.93997199996,3529.5404702588235,0.0281,294012.352599,31882.377555341205,89.2482452,71.41175466666667,19.87447379280594,0.2799897897140681,10,64,,False,False,Request timeout: 300.0s exceeded,371,21.16838264042747
287,2026-09-14T02:20:36.850+00:00,2026-09-14T02:25:30.569+00:00,2026-09-14T02:25:36.897+00:00,False,91,90.0,,90.0,293718.358273,300046.316801,300046.316859,3297.212273175824,0.036270000000000004,293718.358273,30782.68601914336,89.48844150000001,70.3106503111111,20.044558350698946,0.29995369034871633,10,64,,False,False,Request timeout: 300.0s exceeded,255,21.16838264042747
288,2026-09-14T02:20:40.246+00:00,2026-09-14T02:25:34.243+00:00,2026-09-14T02:25:40.329+00:00,False,90,89.0,,89.0,293997.239086,300083.585838,300083.585964,3334.262066266667,0.042409999999999996,293997.239086,30982.827580209832,89.00739750000001,68.38591856179775,19.464339727979475,0.2965840325836636,10,64,,False,False,Request timeout: 300.0s exceeded,419,21.16838264042747
289,2026-09-14T02:20:44.147+00:00,2026-09-14T02:25:37.763+00:00,2026-09-14T02:25:44.155+00:00,False,95,94.0,,94.0,293615.79669499997,300008.471255,300008.471185,3157.983907210526,0.03718,293615.79669499997,30117.374514094798,89.4880017,68.00717617021276,20.315766047843695,0.31332448582794276,10,64,,False,False,Request timeout: 300.0s exceeded,373,21.16838264042747
290,2026-09-14T02:20:46.776+00:00,2026-09-14T02:25:40.543+00:00,2026-09-14T02:25:46.820+00:00,False,93,92.0,,92.0,293767.036316,300044.87158,300044.871671,3226.2889426989245,0.02082,293767.036316,30455.15363157215,89.8406646,68.23733982608695,20.609832398596257,0.3066208048000926,10,64,,False,False,Request timeout: 300.0s exceeded,425,21.16838264042747
291,2026-09-14T02:20:49.623+00:00,2026-09-14T02:25:43.720+00:00,2026-09-14T02:25:49.659+00:00,False,85,84.0,,84.0,294096.861972,300035.76962,300035.769743,3529.8325852117646,0.03599,294096.861972,31891.62081300102,89.1758902,70.70128152380953,19.661409655423387,0.2799666190014188,10,64,,False,False,Request timeout: 300.0s exceeded,345,21.16838264042747
292,2026-09-14T02:20:52.222+00:00,2026-09-14T02:25:46.014+00:00,2026-09-14T02:25:52.266+00:00,False,93,92.0,,92.0,293791.86936,300044.025008,300044.02504700003,3226.279839215054,0.0,293791.86936,30457.83098469296,89.3670054,67.95821356521739,70.29642118522102,0.3066216699284281,10,64,,False,False,Request timeout: 300.0s exceeded,457,21.16838264042747
293,2026-09-14T02:20:55.812+00:00,2026-09-14T02:25:49.746+00:00,2026-09-14T02:25:55.855+00:00,False,97,96.0,,96.0,293933.969344,300042.665408,300042.665551,3093.223356195876,0.0,293933.969344,29838.09277672776,91.07550620000002,63.632250666666664,69.80194858822296,0.3199544967028558,10,64,,False,False,Request timeout: 300.0s exceeded,487,21.16838264042747
294,2026-09-14T02:20:59.330+00:00,2026-09-14T02:25:53.000+00:00,2026-09-14T02:25:59.344+00:00,False,96,95.0,,95.0,293669.645503,300013.967551,300013.967572,3125.1454955416666,0.02437,293669.645503,29965.723658005474,88.884755,66.78233734736843,20.468946577947996,0.3166519238270157,10,64,,False,False,Request timeout: 300.0s exceeded,271,21.16838264042747
295,2026-09-14T02:21:02.765+00:00,2026-09-14T02:25:56.278+00:00,2026-09-14T02:26:02.846+00:00,False,97,96.0,,96.0,293513.733944,300081.23269599996,300081.23280299996,3093.6209567319584,0.038509999999999996,293513.733944,29794.865563976542,90.8863878,68.41144533333333,20.932556483722138,0.3199133752468075,10,64,,False,False,Request timeout: 300.0s exceeded,364,21.16838264042747
296,2026-09-14T02:21:05.671+00:00,2026-09-14T02:25:59.814+00:00,2026-09-14T02:26:05.752+00:00,False,86,85.0,,85.0,294143.427905,300081.325121,300081.325015,3489.317732732558,0.04217,294143.427905,31710.774932377564,88.85141775,69.85761430588235,20.142516994974805,0.28325654709011283,10,64,,False,False,Request timeout: 300.0s exceeded,373,21.16838264042747
297,2026-09-14T02:21:08.970+00:00,2026-09-14T02:26:02.845+00:00,2026-09-14T02:26:08.997+00:00,False,94,93.0,,93.0,293875.02794400003,300027.188968,300027.18876100006,3191.778603840426,0.022350000000000002,293875.02794400003,30304.078731425012,90.13441764999999,66.15226907526882,20.797922300259454,0.30997190727910695,10,64,,False,False,Request timeout: 300.0s exceeded,422,21.16838264042747
298,2026-09-14T02:21:12.355+00:00,2026-09-14T02:26:06.134+00:00,2026-09-14T02:26:12.365+00:00,False,93,92.0,,92.0,293778.76245,300009.16373,300009.163831,3225.904987430107,0.04278,293778.76245,30456.4230822432,89.74762020000001,67.72175304347826,20.674955245000227,0.30665729958434695,10,64,,False,False,Request timeout: 300.0s exceeded,388,21.16838264042747
299,2026-09-14T02:21:16.180+00:00,2026-09-14T02:26:10.110+00:00,2026-09-14T02:26:16.256+00:00,False,89,88.0,,88.0,293929.05448500003,300075.881493,300075.88160200004,3371.6391191235957,0.03743,293929.05448500003,31149.01993813506,89.8855118,69.8503069090909,20.383193183839406,0.2932591568578057,10,64,,False,False,Request timeout: 300.0s exceeded,433,21.16838264042747
300,2026-09-14T02:21:18.711+00:00,2026-09-14T02:26:12.529+00:00,2026-09-14T02:26:18.719+00:00,False,92,91.0,,91.0,293817.91177899996,300007.77827499993,300007.77840499993,3260.9541130978255,0.019690000000000003,293817.91177899996,30625.549851426655,88.40098805,68.02051094505495,20.252777147555413,0.30332546883696304,10,64,,False,False,Request timeout: 300.0s exceeded,396,21.16838264042747
301,2026-09-14T02:21:22.731+00:00,2026-09-14T02:26:16.596+00:00,2026-09-14T02:26:22.758+00:00,False,95,94.0,,94.0,293864.940382,300026.91235,300026.912357,3158.1780248105265,0.04217,293864.940382,30143.188254525376,88.23203609999999,65.55289327659574,20.818329751220702,0.3133052274002113,10,64,,False,False,Request timeout: 300.0s exceeded,358,21.16838264042747
302,2026-09-14T02:21:25.507+00:00,2026-09-14T02:26:19.162+00:00,2026-09-14T02:26:25.541+00:00,False,93,92.0,,92.0,293655.433626,300034.93161,300034.93174100004,3226.182061731183,0.03749,293655.433626,30443.466403182676,90.49489659999999,69.34236939130435,20.632344585839007,0.3066309629559603,10,64,,False,False,Request timeout: 300.0s exceeded,393,21.16838264042747
303,2026-09-14T02:21:28.100+00:00,2026-09-14T02:26:22.119+00:00,2026-09-14T02:26:28.120+00:00,False,88,87.0,,87.0,294019.004209,300019.770929,300019.77092399995,3409.315578681818,0.018319,294019.004209,31335.185014484814,89.21069835,68.97433011494253,20.3671677083762,0.2899808893614169,10,64,,False,False,Request timeout: 300.0s exceeded,427,21.16838264042747
304,2026-09-14T02:21:30.898+00:00,2026-09-14T02:26:24.471+00:00,2026-09-14T02:26:30.957+00:00,False,99,98.0,,98.0,293573.171211,300059.442699,300059.442861,3030.9034632424246,0.0373,293573.171211,29498.568797644715,88.19592799999998,66.18644375510203,20.31582781490844,0.3266019529947178,10,64,,False,False,Request timeout: 300.0s exceeded,354,21.16838264042747
305,2026-09-14T02:21:33.499+00:00,2026-09-14T02:26:27.176+00:00,2026-09-14T02:26:33.576+00:00,False,95,94.0,,94.0,293677.159053,300077.77575699997,300077.775853,3158.713430031579,0.03824,293677.159053,30123.661802278188,89.44316500000001,68.09166706382979,20.779984856897205,0.3132521219302834,10,64,,False,False,Request timeout: 300.0s exceeded,406,21.16838264042747
306,2026-09-14T02:21:36.847+00:00,2026-09-14T02:26:30.530+00:00,2026-09-14T02:26:36.935+00:00,False,96,95.0,,95.0,293682.755922,300088.225362,300088.22553299996,3125.9190159687496,0.021678999999999997,293682.755922,29966.99576268888,88.084594,67.42599410526316,20.05271543571258,0.3165735672747585,10,64,,False,False,Request timeout: 300.0s exceeded,483,21.16838264042747
307,2026-09-14T02:21:40.175+00:00,2026-09-14T02:26:34.180+00:00,2026-09-14T02:26:40.224+00:00,False,92,91.0,,91.0,294005.36940100003,300049.37068100006,300049.37090700003,3261.4062055108698,0.022949999999999998,294005.36940100003,30645.260747005155,87.733169,66.41759648351649,20.216759795956005,0.3032834223030162,10,64,,False,False,Request timeout: 300.0s exceeded,353,21.16838264042747
308,2026-09-14T02:21:46.372+00:00,2026-09-14T02:26:39.369+00:00,2026-09-14T02:26:46.459+00:00,False,100,99.0,,99.0,292996.88060399995,300087.3451159999,300087.34500999993,3000.8734500999994,0.04541,292996.88060399995,29292.5861593499,90.16579845,71.62085365656566,59.68145936052276,0.3299039483378786,10,64,,False,False,Request timeout: 300.0s exceeded,476,21.16838264042747
309,2026-09-14T02:21:46.923+00:00,2026-09-14T02:26:40.436+00:00,2026-09-14T02:26:46.940+00:00,False,103,102.0,,102.0,293513.74510299996,300017.29531099997,300017.295138,2912.789273184466,0.0,293513.74510299996,28914.554556436487,90.7508304,63.76029615686274,63.1967080651539,0.33998039977750655,10,64,,False,False,Request timeout: 300.0s exceeded,529,21.16838264042747
310,2026-09-14T02:21:49.599+00:00,2026-09-14T02:26:43.617+00:00,2026-09-14T02:26:49.641+00:00,False,97,96.0,,96.0,294017.923339,300042.00807499996,300042.00802699995,3093.216577597938,0.0,294017.923339,29846.696681858724,92.689451,62.75088266666666,65.43158695769525,0.3199551976602002,10,64,,False,False,Request timeout: 300.0s exceeded,350,21.16838264042747
311,2026-09-14T02:21:53.417+00:00,2026-09-14T02:26:47.655+00:00,2026-09-14T02:26:53.440+00:00,False,88,87.0,,87.0,294238.603256,300023.109624,300023.10982799996,3409.353520772727,0.0245,294238.603256,31358.859102382612,87.551681,66.48857894252873,20.012168912799613,0.2899776624175105,10,64,,False,False,Request timeout: 300.0s exceeded,442,21.16838264042747
312,2026-09-14T02:21:57.215+00:00,2026-09-14T02:26:51.169+00:00,2026-09-14T02:26:57.234+00:00,False,90,89.0,,89.0,293954.10032800003,300019.017576,300019.017759,3333.544641766667,0.04935,293954.10032800003,30978.30602058396,88.71074245,68.14513761797753,19.915262066440533,0.2966478615891566,10,64,,False,False,Request timeout: 300.0s exceeded,405,21.16838264042747
313,2026-09-14T02:21:59.863+00:00,2026-09-14T02:26:53.687+00:00,2026-09-14T02:26:59.885+00:00,False,91,90.0,,90.0,293824.13723299996,300021.79380899994,300021.79382399993,3296.942789274725,0.025079999999999998,293824.13723299996,30793.926334740638,87.9152945,68.86285084444444,19.88751134564797,0.29997820777411877,10,64,,False,False,Request timeout: 300.0s exceeded,421,21.16838264042747
314,2026-09-14T02:22:03.426+00:00,2026-09-14T02:26:57.498+00:00,2026-09-14T02:27:03.455+00:00,False,85,84.0,,84.0,294071.93965200003,300029.60442000005,300029.60435800004,3529.7600512705885,0.03846,294071.93965200003,31888.893391909318,90.44561300000001,70.92458057142856,19.667091803382096,0.27997237193437613,10,64,,False,False,Request timeout: 300.0s exceeded,397,21.16838264042747
315,2026-09-14T02:22:07.316+00:00,2026-09-14T02:27:01.322+00:00,2026-09-14T02:27:07.392+00:00,False,88,87.0,,87.0,294005.693264,300076.07688,300076.077072,3409.955421272727,0.024030000000000003,294005.693264,31333.68034913852,88.92275835000001,69.77452432183908,19.714019433218148,0.28992647766050067,10,64,,False,False,Request timeout: 300.0s exceeded,377,21.16838264042747
316,2026-09-14T02:22:11.018+00:00,2026-09-14T02:27:04.881+00:00,2026-09-14T02:27:11.024+00:00,False,94,93.0,,93.0,293862.770916,300005.9041,300005.90389200003,3191.5521690638298,0.03352,293862.770916,30302.824084839584,88.88236599999999,66.05519552688172,20.134361240769564,0.3099938992167321,10,64,,False,False,Request timeout: 300.0s exceeded,435,21.16838264042747
317,2026-09-14T02:22:14.521+00:00,2026-09-14T02:27:08.612+00:00,2026-09-14T02:27:14.553+00:00,False,89,88.0,,88.0,294091.263036,300032.44396400003,300032.44405700004,3371.1510568202248,0.029588999999999997,294091.263036,31166.461867371927,89.7103326,67.51341963636364,20.61591018065285,0.2933016137766716,10,64,,False,False,Request timeout: 300.0s exceeded,415,21.16838264042747
318,2026-09-14T02:22:17.841+00:00,2026-09-14T02:27:11.767+00:00,2026-09-14T02:27:17.896+00:00,False,95,94.0,,94.0,293926.482944,300054.927104,300054.92728,3158.472918736842,0.04124,293926.482944,30149.538883618305,90.0387484,65.1962144680851,20.67539341761365,0.3132759755263719,10,64,,False,False,Request timeout: 300.0s exceeded,415,21.16838264042747
319,2026-09-14T02:22:21.019+00:00,2026-09-14T02:27:14.895+00:00,2026-09-14T02:27:21.087+00:00,False,94,93.0,,93.0,293876.47712199995,300068.36140999995,300068.36127399997,3192.216609297872,0.03666,293876.47712199995,30304.184087783313,89.77072365,66.57940094623656,20.710030095368268,0.3099293759695277,10,64,,False,False,Request timeout: 300.0s exceeded,230,21.16838264042747
320,2026-09-14T02:22:24.691+00:00,2026-09-14T02:27:18.535+00:00,2026-09-14T02:27:24.717+00:00,False,90,89.0,,89.0,293843.692412,300026.04709999997,300026.047295,3333.622747722222,0.02091,293843.692412,30966.528853172018,87.616053,69.46465941573034,19.814678247847603,0.29664091121507163,10,64,,False,False,Request timeout: 300.0s exceeded,436,21.16838264042747
321,2026-09-14T02:22:27.659+00:00,2026-09-14T02:27:21.760+00:00,2026-09-14T02:27:27.726+00:00,False,84,83.0,,83.0,294100.73277,300066.681954,300066.68196,3572.222404285714,0.019309999999999997,294100.73277,32081.183151642217,87.73315065000001,71.87890583132531,18.149910234453387,0.27660518475264717,10,64,,False,False,Request timeout: 300.0s exceeded,387,21.16838264042747
322,2026-09-14T02:22:31.016+00:00,2026-09-14T02:27:25.167+00:00,2026-09-14T02:27:31.041+00:00,False,89,88.0,,88.0,294151.614664,300024.749256,300024.74937,3371.0645996629214,0.042309,294151.614664,31172.940596894383,87.8493204,66.74016581818182,19.846675885903608,0.2933091360570153,10,64,,False,False,Request timeout: 300.0s exceeded,434,21.16838264042747
323,2026-09-14T02:22:35.251+00:00,2026-09-14T02:27:29.179+00:00,2026-09-14T02:27:35.320+00:00,False,95,94.0,,94.0,293928.158398,300069.275326,300069.275388,3158.6239514526314,0.02138,293928.158398,30149.69670972928,88.2263247,65.33103114893616,20.318492394992813,0.31326099580797434,10,64,,False,False,Request timeout: 300.0s exceeded,439,21.16838264042747
324,2026-09-14T02:22:38.181+00:00,2026-09-14T02:27:31.995+00:00,2026-09-14T02:27:38.200+00:00,False,95,94.0,,94.0,293814.120251,300018.851387,300018.85130599997,3158.093171642105,0.04375,293814.120251,30137.926978203323,86.82073270000001,66.0077780425532,19.963771251992465,0.31331364534406414,10,64,,False,False,Request timeout: 300.0s exceeded,416,21.16838264042747
325,2026-09-14T02:22:42.576+00:00,2026-09-14T02:27:36.407+00:00,2026-09-14T02:27:42.663+00:00,False,93,92.0,,92.0,293831.262736,300087.180048,300087.179964,3226.7438705806453,0.0,293831.262736,30461.910534023715,90.2945848,67.9991012173913,69.81154054255632,0.30657757517426865,10,64,,False,False,Request timeout: 300.0s exceeded,416,21.16838264042747
326,2026-09-14T02:22:46.005+00:00,2026-09-14T02:27:39.822+00:00,2026-09-14T02:27:46.087+00:00,False,99,98.0,,98.0,293817.106176,300082.44966399996,300082.449745,3031.1358560101007,0.0,293817.106176,29523.38198597368,93.3568189,63.93207640816326,67.84276998211035,0.3265769128108953,10,64,,False,False,Request timeout: 300.0s exceeded,503,21.16838264042747
327,2026-09-14T02:22:50.080+00:00,2026-09-14T02:27:43.810+00:00,2026-09-14T02:27:50.136+00:00,False,94,93.0,,93.0,293730.08990200004,300055.58084600006,300055.580993,3192.0806488617027,0.057459,293730.08990200004,30288.937143729534,88.79269464999999,68.01603165591398,20.58958103329084,0.3099425770978449,10,64,,False,False,Request timeout: 300.0s exceeded,318,21.16838264042747
328,2026-09-14T02:22:54.148+00:00,2026-09-14T02:27:47.932+00:00,2026-09-14T02:27:54.192+00:00,False,90,89.0,,89.0,293784.04072000005,300043.76168000005,300043.76154000004,3333.819572666667,0.02013,293784.04072000005,30960.149084133955,89.77846989999998,70.33394337078651,19.33525519439755,0.2966233975393212,10,64,,False,False,Request timeout: 300.0s exceeded,219,21.16838264042747
329,2026-09-14T02:22:56.664+00:00,2026-09-14T02:27:50.217+00:00,2026-09-14T02:27:56.712+00:00,False,96,95.0,,95.0,293553.632518,300048.526598,300048.52670100005,3125.5054864687504,0.039740000000000004,293553.632518,29953.720998386765,88.5223305,68.36730610526315,19.912066858823913,0.31661545243073097,10,64,,False,False,Request timeout: 300.0s exceeded,127,21.16838264042747
330,2026-09-14T02:23:00.257+00:00,2026-09-14T02:27:53.888+00:00,2026-09-14T02:28:00.337+00:00,False,96,95.0,,95.0,293631.148425,300079.539081,300079.53897700005,3125.828531010417,0.01988,293631.148425,29961.683444313137,89.60978575000001,67.87779637894737,21.453590796175103,0.31658273100171885,10,64,,False,False,Request timeout: 300.0s exceeded,397,21.16838264042747
331,2026-09-14T02:23:04.264+00:00,2026-09-14T02:27:57.878+00:00,2026-09-14T02:28:04.300+00:00,False,96,95.0,,95.0,293614.138643,300036.107539,300036.10756,3125.3761204166667,0.02106,293614.138643,29959.974931798733,88.3595805,67.59967258947368,20.225732822623968,0.31662855774000964,10,64,,False,False,Request timeout: 300.0s exceeded,477,21.16838264042747
332,2026-09-14T02:23:08.636+00:00,2026-09-14T02:28:02.417+00:00,2026-09-14T02:28:08.667+00:00,False,91,90.0,,90.0,293780.685003,300031.080651,300031.08049300004,3297.0448405824177,0.019059999999999997,293780.685003,30789.310396871657,91.647421,69.44884053333332,20.686734412685873,0.2999689225686893,10,64,,False,False,Request timeout: 300.0s exceeded,176,21.16838264042747
333,2026-09-14T02:23:11.678+00:00,2026-09-14T02:28:05.382+00:00,2026-09-14T02:28:11.739+00:00,False,94,93.0,,93.0,293704.202777,300060.81231300003,300060.812332,3192.1363014042554,0.01677,293704.202777,30286.233316908056,91.25795015,68.35064017204301,21.658763893288782,0.30993717334534726,10,64,,False,False,Request timeout: 300.0s exceeded,182,21.16838264042747
334,2026-09-14T02:23:14.153+00:00,2026-09-14T02:28:07.891+00:00,2026-09-14T02:28:14.654+00:00,False,61,60.0,,60.0,293738.00552600005,300500.98741400003,300500.98746300006,4926.2456961147545,0.054270000000000006,293738.00552600005,37596.37783404232,90.481939,112.7163648,340.0169692388693,0.19966656521277262,10,64,,False,False,Request timeout: 300.0s exceeded,206,21.16838264042747
335,2026-09-14T02:23:17.711+00:00,2026-09-14T02:28:11.870+00:00,2026-09-14T02:28:17.791+00:00,False,99,98.0,,98.0,294159.336968,300080.29082399997,300080.290706,3031.1140475353536,0.015560000000000001,294159.336968,29559.32205048974,90.41472460000001,60.417896489795915,275.2561243724595,0.32657926227310263,10,64,,False,False,Request timeout: 300.0s exceeded,441,21.16838264042747
336,2026-09-14T02:23:21.124+00:00,2026-09-14T02:28:15.914+00:00,2026-09-14T02:28:21.146+00:00,False,76,75.0,,75.0,294790.360847,300021.93972699996,300021.93954399996,3947.6570992631578,0.03657,294790.360847,33806.77811512104,88.39753325,69.75438506666666,20.286821196580092,0.24998171823115675,10,64,,False,False,Request timeout: 300.0s exceeded,272,21.16838264042747
337,2026-09-14T02:23:24.736+00:00,2026-09-14T02:28:18.130+00:00,2026-09-14T02:28:24.784+00:00,False,95,94.0,,94.0,293394.03925,300047.38632199995,300047.386425,3158.393541315789,0.01884,293394.03925,30094.337821300367,90.40966199999998,70.780288,19.78675796703265,0.3132838487688828,10,64,,False,False,Request timeout: 300.0s exceeded,451,21.16838264042747
338,2026-09-14T02:23:28.829+00:00,2026-09-14T02:28:22.333+00:00,2026-09-14T02:28:28.840+00:00,False,95,94.0,,94.0,293504.477572,300011.633284,300011.633315,3158.017192789474,0.03504,293504.477572,30105.828694564854,90.018964,69.22506076595745,20.659377121292643,0.31332118348563104,10,64,,False,False,Request timeout: 300.0s exceeded,455,21.16838264042747
339,2026-09-14T02:23:32.549+00:00,2026-09-14T02:28:26.247+00:00,2026-09-14T02:28:32.600+00:00,False,95,94.0,,94.0,293698.11494,300050.9623,300050.962299,3158.431182094737,0.03005,293698.11494,30125.864096348305,89.162925,67.58348255319149,20.965559211039434,0.31328011508263703,10,64,,False,False,Request timeout: 300.0s exceeded,473,21.16838264042747
340,2026-09-14T02:23:35.613+00:00,2026-09-14T02:28:29.455+00:00,2026-09-14T02:28:35.639+00:00,False,87,86.0,,86.0,293841.63699,300025.66259,300025.66242600005,3448.5708324827588,0.04528,293841.63699,31495.427386428488,89.72798569999999,71.90727441860466,20.23999832417277,0.28664214673370547,10,64,,False,False,Request timeout: 300.0s exceeded,196,21.16838264042747
341,2026-09-14T02:23:38.399+00:00,2026-09-14T02:28:32.301+00:00,2026-09-14T02:28:38.424+00:00,False,90,89.0,,89.0,293901.976676,300024.97213199997,300024.972141,3333.6108015666664,0.0,293901.976676,30972.81057209318,89.75472195,68.79770175280899,68.08060329279547,0.2966419740582236,10,64,,False,False,Request timeout: 300.0s exceeded,349,21.16838264042747
342,2026-09-14T02:23:41.595+00:00,2026-09-14T02:28:35.470+00:00,2026-09-14T02:28:41.677+00:00,False,96,95.0,,95.0,293875.199257,300082.216473,300082.216434,3125.8564211875,0.0,293875.199257,29986.914374560896,88.18082149999998,65.33702332631579,65.54509328329074,0.3165799063889134,10,64,,False,False,Request timeout: 300.0s exceeded,445,21.16838264042747
343,2026-09-14T02:23:45.513+00:00,2026-09-14T02:28:39.213+00:00,2026-09-14T02:28:45.583+00:00,False,92,91.0,,91.0,293700.013172,300069.50898,300069.50911600003,3261.6250990869567,0.04398,293700.013172,30613.051644518502,88.237739,69.99445942857143,19.263050576291786,0.3032630683115,10,64,,False,False,Request timeout: 300.0s exceeded,388,21.16838264042747
344,2026-09-14T02:23:48.624+00:00,2026-09-14T02:28:42.599+00:00,2026-09-14T02:28:48.655+00:00,False,87,86.0,,86.0,293974.868426,300031.24321,300031.243171,3448.6349789770115,0.02367,293974.868426,31509.869919478617,87.74073,70.42296260465116,19.423291314433254,0.28663681515263484,10,64,,False,False,Request timeout: 300.0s exceeded,330,21.16838264042747
345,2026-09-14T02:23:52.011+00:00,2026-09-14T02:28:45.500+00:00,2026-09-14T02:28:52.094+00:00,False,100,99.0,,99.0,293488.95857599995,300083.5748959999,300083.5749049999,3000.8357490499993,0.01831,293488.95857599995,29342.24144903867,88.4529329,66.61228606060607,20.107591934171214,0.3299080932180659,10,64,,False,False,Request timeout: 300.0s exceeded,395,21.16838264042747
346,2026-09-14T02:23:56.149+00:00,2026-09-14T02:28:49.535+00:00,2026-09-14T02:28:56.168+00:00,False,101,100.0,,100.0,293386.111599,300018.68734299997,300018.687458,2970.482054039604,0.041909999999999996,293386.111599,29186.416971601786,90.12861,66.32575744,20.91376747844893,0.3333125709122039,10,64,,False,False,Request timeout: 300.0s exceeded,147,21.16838264042747
347,2026-09-14T02:23:59.242+00:00,2026-09-14T02:28:52.936+00:00,2026-09-14T02:28:59.253+00:00,False,93,92.0,,92.0,293693.30322299997,300010.73375099996,300010.73363699997,3225.921867064516,0.03818,293693.30322299997,30447.463489364578,90.8644786,68.66772313043478,20.979946589418816,0.3066556947804317,10,64,,False,False,Request timeout: 300.0s exceeded,419,21.16838264042747
348,2026-09-14T02:24:03.401+00:00,2026-09-14T02:28:56.863+00:00,2026-09-14T02:29:03.428+00:00,False,99,98.0,,98.0,293462.44116399996,300026.67361199996,300026.673577,3030.572460373737,0.03294,293462.44116399996,29487.36072865548,91.5060419,66.98196375510204,21.274820015696932,0.3266376246491184,10,64,,False,False,Request timeout: 300.0s exceeded,473,21.16838264042747
349,2026-09-14T02:24:07.387+00:00,2026-09-14T02:29:00.664+00:00,2026-09-14T02:29:07.459+00:00,False,98,97.0,,97.0,293276.08726099995,300071.28982099995,300071.28990599996,3061.951937816326,0.03452,293276.08726099995,29618.289475117257,92.33165185000001,70.05363463917526,21.01803301044798,0.32325651700255276,10,64,,False,False,Request timeout: 300.0s exceeded,488,21.16838264042747
350,2026-09-14T02:24:10.726+00:00,2026-09-14T02:29:04.609+00:00,2026-09-14T02:29:10.768+00:00,False,91,90.0,,90.0,293883.35712199996,300042.510018,300042.50998,3297.170439340659,0.044719999999999996,293883.35712199996,30800.179521811657,90.296204,68.43503217777779,20.518859112917344,0.2999574960048187,10,64,,False,False,Request timeout: 300.0s exceeded,433,21.16838264042747
351,2026-09-14T02:24:14.806+00:00,2026-09-14T02:29:08.848+00:00,2026-09-14T02:29:14.872+00:00,False,92,91.0,,91.0,294042.94854799996,300065.960132,300065.96026399994,3261.586524608695,0.01839,294042.94854799996,30649.20270038571,87.24868959999999,66.18694048351648,20.231536697397615,0.3032666549713563,10,64,,False,False,Request timeout: 300.0s exceeded,393,21.16838264042747
352,2026-09-14T02:24:18.057+00:00,2026-09-14T02:29:11.665+00:00,2026-09-14T02:29:18.138+00:00,False,100,99.0,,99.0,293608.23519800004,300081.24895800004,300081.24911400006,3000.8124911400005,0.01794,293608.23519800004,29354.29162860937,86.2116142,65.38397737373737,19.64426210433862,0.32991065034475453,10,64,,False,False,Request timeout: 300.0s exceeded,512,21.16838264042747
353,2026-09-14T02:24:22.122+00:00,2026-09-14T02:29:15.920+00:00,2026-09-14T02:29:22.166+00:00,False,93,92.0,,92.0,293798.207709,300044.490461,300044.490713,3226.284846376344,0.032659999999999995,293798.207709,30458.421489319368,90.5587086,67.89437773913043,20.568345441026768,0.3066211942723815,10,64,,False,False,Request timeout: 300.0s exceeded,462,21.16838264042747
354,2026-09-14T02:24:26.441+00:00,2026-09-14T02:29:20.211+00:00,2026-09-14T02:29:26.469+00:00,False,88,87.0,,87.0,293770.74573100003,300027.91104300006,300027.91100200004,3409.408079568182,0.01832,293770.74573100003,31308.40609322966,89.652227,71.92144036781609,19.86135950448111,0.28997302183506235,10,64,,False,False,Request timeout: 300.0s exceeded,412,21.16838264042747
355,2026-09-14T02:24:30.758+00:00,2026-09-14T02:29:24.631+00:00,2026-09-14T02:29:30.784+00:00,False,89,88.0,,88.0,293873.673106,300026.054802,300026.054998,3371.0792696404496,0.02182,293873.673106,31143.14256265381,89.21598140000002,69.91342836363636,19.959454609568684,0.2933078597392982,10,64,,False,False,Request timeout: 300.0s exceeded,117,21.16838264042747
356,2026-09-14T02:24:34.983+00:00,2026-09-14T02:29:28.683+00:00,2026-09-14T02:29:34.881+00:00,True,102,102.0,,102.0,293699.420368,299897.38849599997,299897.388514,2940.1704756274507,0.0,293699.420368,29074.567266834656,89.35589015,61.36602106930693,62.9456413008272,0.3401163328281549,10,64,,False,True,,431,21.16838264042747
357,2026-09-14T02:24:37.711+00:00,2026-09-14T02:29:31.131+00:00,2026-09-14T02:29:37.763+00:00,False,106,105.0,,105.0,293420.379919,300052.457743,300052.45774800004,2830.683563660378,0.0,293420.379919,28493.439621202204,88.8599975,63.16264594285715,62.47777033731203,0.3499388099994644,10,64,,False,False,Request timeout: 300.0s exceeded,392,21.16838264042747
358,2026-09-14T02:24:40.885+00:00,2026-09-14T02:29:34.496+00:00,2026-09-14T02:29:40.906+00:00,False,96,95.0,,95.0,293611.32961799996,300020.65441799996,300020.65417799994,3125.2151476874997,0.02124,293611.32961799996,29959.701917271366,90.8619505,67.46657684210527,20.368960923246583,0.31664486628191424,10,64,,False,False,Request timeout: 300.0s exceeded,456,21.16838264042747
359,2026-09-14T02:24:45.058+00:00,2026-09-14T02:29:38.960+00:00,2026-09-14T02:29:45.077+00:00,False,91,90.0,,90.0,293902.001907,300019.67461100005,300019.67466300004,3296.9195017912093,0.01916,293902.001907,30802.182729092616,91.0221775,67.97414115555556,21.100799752857597,0.2999803266792164,10,64,,False,False,Request timeout: 300.0s exceeded,341,21.16838264042747
360,2026-09-14T02:24:48.371+00:00,2026-09-14T02:29:42.372+00:00,2026-09-14T02:29:48.464+00:00,False,98,97.0,,97.0,294001.467161,300093.528089,300093.528161,3062.1788587857145,0.01857,294001.467161,29692.29611705098,90.8134505,62.80475183505155,20.98574962088175,0.32323256225383273,10,64,,False,False,Request timeout: 300.0s exceeded,375,21.16838264042747
361,2026-09-14T02:24:51.122+00:00,2026-09-14T02:29:44.632+00:00,2026-09-14T02:29:51.191+00:00,False,105,104.0,,104.0,293510.569949,300068.85423700005,300068.854215,2857.798611571429,0.02282,293510.569949,28637.55271115772,90.50984720000001,63.06042584615385,21.66481763971306,0.34658712002765485,10,64,,False,False,Request timeout: 300.0s exceeded,486,21.16838264042747
362,2026-09-14T02:24:54.462+00:00,2026-09-14T02:29:48.910+00:00,2026-09-14T02:29:54.479+00:00,False,80,79.0,,79.0,294447.145475,300016.076291,300016.076199,3750.2009524875,0.04486,294447.145475,32912.3165412878,89.6937485,70.4927951392405,20.367088380140263,0.2633192226785011,10,64,,False,False,Request timeout: 300.0s exceeded,308,21.16838264042747
363,2026-09-14T02:24:57.628+00:00,2026-09-14T02:29:51.318+00:00,2026-09-14T02:29:57.656+00:00,False,91,90.0,,90.0,293689.697915,300028.013179,300028.01315500005,3297.0111335714287,0.027190000000000002,293689.697915,30779.669330478577,89.86290000000001,70.42572515555555,19.724598985161933,0.29997198943654974,10,64,,False,False,Request timeout: 300.0s exceeded,392,21.16838264042747
364,2026-09-14T02:25:00.380+00:00,2026-09-14T02:29:54.135+00:00,2026-09-14T02:30:00.441+00:00,False,92,91.0,,91.0,293755.38660900004,300061.17809700005,300061.178108,3261.534544652174,0.04244,293755.38660900004,30618.89861834707,89.57290205,69.29441195604396,20.673826966926523,0.30327148809161397,10,64,,False,False,Request timeout: 300.0s exceeded,444,21.16838264042747
365,2026-09-14T02:25:03.110+00:00,2026-09-14T02:29:56.420+00:00,2026-09-14T02:30:03.143+00:00,False,100,99.0,,99.0,293310.513759,300033.79875099997,300033.798656,3000.33798656,0.03139,293310.513759,29324.267407624244,88.24956549999999,67.91196961616161,20.694738558045234,0.3299628255620653,10,64,,False,False,Request timeout: 300.0s exceeded,474,21.16838264042747
366,2026-09-14T02:25:06.893+00:00,2026-09-14T02:30:00.355+00:00,2026-09-14T02:30:06.989+00:00,False,98,97.0,,97.0,293462.797782,300096.52527,300096.525318,3062.209442020408,0.02105,293462.797782,29637.317423191478,88.68582705,68.38894317525772,19.819454926315657,0.3232293340042111,10,64,,False,False,Request timeout: 300.0s exceeded,341,21.16838264042747
367,2026-09-14T02:25:11.080+00:00,2026-09-14T02:30:04.831+00:00,2026-09-14T02:30:11.092+00:00,False,93,92.0,,92.0,293750.772116,300012.403604,300012.403598,3225.9398236344086,0.03735,293750.772116,30453.48551350369,88.8135246,68.06121182608695,20.813187052859508,0.3066539879512281,10,64,,False,False,Request timeout: 300.0s exceeded,265,21.16838264042747
368,2026-09-14T02:25:13.783+00:00,2026-09-14T02:30:07.468+00:00,2026-09-14T02:30:13.843+00:00,False,95,94.0,,94.0,293684.203829,300059.461173,300059.461241,3158.5206446421053,0.05572,293684.203829,30124.411617574995,88.28407370000001,67.82188663829787,19.81665078609782,0.31327124174832827,10,64,,False,False,Request timeout: 300.0s exceeded,460,21.16838264042747
369,2026-09-14T02:25:17.026+00:00,2026-09-14T02:30:11.050+00:00,2026-09-14T02:30:17.076+00:00,False,93,92.0,,92.0,294023.089566,300049.420702,300049.420664,3226.33785660215,0.01829,294023.089566,30481.988180158227,87.6546752,65.50359930434783,19.99303638730663,0.3066161560477453,10,64,,False,False,Request timeout: 300.0s exceeded,346,21.16838264042747
370,2026-09-14T02:25:19.907+00:00,2026-09-14T02:30:13.454+00:00,2026-09-14T02:30:19.991+00:00,False,99,98.0,,98.0,293546.781504,300083.950656,300083.950594,3031.15101610101,0.02804,293546.781504,29495.86391113379,87.56598079999999,66.70580767346938,19.684077770168162,0.3265752793035636,10,64,,False,False,Request timeout: 300.0s exceeded,451,21.16838264042747
371,2026-09-14T02:25:23.756+00:00,2026-09-14T02:30:17.243+00:00,2026-09-14T02:30:23.794+00:00,False,97,96.0,,96.0,293486.941884,300037.96038,300037.96032500005,3093.1748487113405,0.04015,293486.941884,29792.16214593651,88.907608,68.239776,20.159289446838432,0.31995951405087336,10,64,,False,False,Request timeout: 300.0s exceeded,444,21.16838264042747
372,2026-09-14T02:25:27.072+00:00,2026-09-14T02:30:20.995+00:00,2026-09-14T02:30:27.118+00:00,False,89,88.0,,88.0,293923.165595,300046.23836300004,300046.238369,3371.306049089888,0.03663,293923.165595,31148.424432274667,90.459297,69.58037236363636,20.54020175963229,0.2932881294566886,10,64,,False,False,Request timeout: 300.0s exceeded,434,21.16838264042747
373,2026-09-14T02:25:29.862+00:00,2026-09-14T02:30:23.877+00:00,2026-09-14T02:30:29.937+00:00,False,96,95.0,,95.0,294015.105261,300074.489837,300074.48978999996,3125.7759353124998,0.0,294015.105261,30001.353056091524,92.38465799999999,63.78299553684211,66.0113912453195,0.3165880580238722,10,64,,False,False,Request timeout: 300.0s exceeded,427,21.16838264042747
374,2026-09-14T02:25:34.258+00:00,2026-09-14T02:30:28.319+00:00,2026-09-14T02:30:34.322+00:00,False,94,93.0,,93.0,294060.284519,300063.399015,300063.398987,3192.1638190106382,0.08633,294060.284519,30323.352403834946,90.3917088,64.54961823655914,21.69178588311692,0.30993450152629576,10,64,,False,False,Request timeout: 300.0s exceeded,430,21.16838264042747
375,2026-09-14T02:25:36.942+00:00,2026-09-14T02:30:30.892+00:00,2026-09-14T02:30:37.021+00:00,False,90,89.0,,89.0,293950.60417400004,300079.30971000006,300079.30958600005,3334.2145509555558,0.03614,293950.60417400004,30977.862627293067,90.36441995,68.86185995505618,20.96131650555056,0.29658825890398965,10,64,,False,False,Request timeout: 300.0s exceeded,468,21.16838264042747
376,2026-09-14T02:25:40.965+00:00,2026-09-14T02:30:34.910+00:00,2026-09-14T02:30:41.001+00:00,False,93,92.0,,92.0,293945.024898,300035.608962,300035.608901,3226.1893430215055,0.02729,293945.024898,30473.821334540542,89.4150776,66.20200069565217,20.752852951919593,0.3066302707144736,10,64,,False,False,Request timeout: 300.0s exceeded,465,21.16838264042747
377,2026-09-14T02:25:44.406+00:00,2026-09-14T02:30:38.072+00:00,2026-09-14T02:30:44.471+00:00,False,97,96.0,,96.0,293665.72436,300064.803016,300064.803022,3093.4515775463915,0.03964,293665.72436,29810.47554818187,88.71525300000002,66.65706933333334,20.303434161291957,0.31993089171101846,10,64,,False,False,Request timeout: 300.0s exceeded,339,21.16838264042747
378,2026-09-14T02:25:47.501+00:00,2026-09-14T02:30:41.081+00:00,2026-09-14T02:30:47.506+00:00,False,95,94.0,,94.0,293580.53638099995,300005.1461729999,300005.14613899996,3157.9489067263153,0.024399999999999998,293580.53638099995,30113.72196545234,88.4636907,68.34691268085106,20.223703062219176,0.31332795853373224,10,64,,False,False,Request timeout: 300.0s exceeded,492,21.16838264042747
379,2026-09-14T02:25:51.732+00:00,2026-09-14T02:30:45.249+00:00,2026-09-14T02:30:51.790+00:00,False,97,96.0,,96.0,293516.612129,300058.48016100004,300058.480169,3093.3863934948454,0.019850000000000003,293516.612129,29795.184633509693,88.76978220000001,68.14445866666667,20.53420778176326,0.31993763331897845,10,64,,False,False,Request timeout: 300.0s exceeded,455,21.16838264042747
380,2026-09-14T02:25:55.640+00:00,2026-09-14T02:30:49.224+00:00,2026-09-14T02:30:55.686+00:00,False,98,97.0,,97.0,293584.38076200004,300046.10364200006,300046.103431,3061.694932969388,0.0258,293584.38076200004,29649.779030695427,89.1991192,66.61569979381443,20.92201783052814,0.32328365148755783,10,64,,False,False,Request timeout: 300.0s exceeded,216,21.16838264042747
381,2026-09-14T02:25:58.034+00:00,2026-09-14T02:30:51.698+00:00,2026-09-14T02:30:58.070+00:00,False,96,95.0,,95.0,293663.387228,300035.85314799997,300035.85301599995,3125.3734689166663,0.03757,293663.387228,29965.054728355553,90.072428,67.07858863157894,20.525936274340896,0.3166288261994441,10,64,,False,False,Request timeout: 300.0s exceeded,355,21.16838264042747
382,2026-09-14T02:26:00.689+00:00,2026-09-14T02:30:53.945+00:00,2026-09-14T02:31:00.701+00:00,False,97,96.0,,96.0,293255.979101,300011.617117,300011.61712,3092.9032692783508,0.0365,293255.979101,29768.4945157611,88.59617899999999,70.37122933333333,19.396396727091084,0.3199876088883633,10,64,,False,False,Request timeout: 300.0s exceeded,411,21.16838264042747
383,2026-09-14T02:26:03.261+00:00,2026-09-14T02:30:57.021+00:00,2026-09-14T02:31:03.301+00:00,False,93,92.0,,92.0,293759.70778899995,300039.93255699996,300039.93266099994,3226.2358350645154,0.02389,293759.70778899995,30454.39078660546,88.8113866,68.26331269565217,20.280002828721553,0.3066258521522709,10,64,,False,False,Request timeout: 300.0s exceeded,395,21.16838264042747
384,2026-09-14T02:26:06.475+00:00,2026-09-14T02:30:59.696+00:00,2026-09-14T02:31:06.543+00:00,False,101,100.0,,100.0,293220.942899,300067.516467,300067.516526,2970.965510158416,0.02553,293220.942899,29169.768771675026,89.56925100000001,68.46573568000001,20.387971719135315,0.3332583319161023,10,64,,False,False,Request timeout: 300.0s exceeded,484,21.16838264042747
385,2026-09-14T02:26:09.676+00:00,2026-09-14T02:31:03.304+00:00,2026-09-14T02:31:09.727+00:00,False,95,94.0,,94.0,293627.81098400004,300051.61284,300051.61277300003,3158.438029189474,0.03527,293627.81098400004,30118.57275685785,88.84969740000001,68.33831761702127,19.67229255076391,0.3132794358620052,10,64,,False,False,Request timeout: 300.0s exceeded,468,21.16838264042747
386,2026-09-14T02:26:12.698+00:00,2026-09-14T02:31:06.459+00:00,2026-09-14T02:31:12.721+00:00,False,93,92.0,,92.0,293760.216948,300023.01067600003,300023.01067700004,3226.053878247312,0.02062,293760.216948,30454.46326744455,89.4720176,68.07384486956522,20.335348960480104,0.306643146446365,10,64,,False,False,Request timeout: 300.0s exceeded,393,21.16838264042747
387,2026-09-14T02:26:16.564+00:00,2026-09-14T02:31:10.314+00:00,2026-09-14T02:31:16.616+00:00,False,96,95.0,,95.0,293750.117794,300051.88573000004,300051.88560100005,3125.5404750104167,0.019370000000000002,293750.117794,29973.98233747165,88.52104875,66.33439932631579,20.163154703429207,0.3166119078667788,10,64,,False,False,Request timeout: 300.0s exceeded,508,21.16838264042747
388,2026-09-14T02:26:20.249+00:00,2026-09-14T02:31:14.305+00:00,2026-09-14T02:31:20.309+00:00,False,93,92.0,,92.0,294055.461994,300059.807082,300059.807309,3226.4495409569895,0.0166,294055.461994,30485.369834078927,87.49773959999999,65.26462052173913,20.0077962279481,0.3066055427238822,10,64,,False,False,Request timeout: 300.0s exceeded,482,21.16838264042747
389,2026-09-14T02:26:23.981+00:00,2026-09-14T02:31:17.830+00:00,2026-09-14T02:31:24.042+00:00,False,99,98.0,,98.0,293849.300903,300061.118375,300061.11827,3030.9203865656564,0.0,293849.300903,29526.67393604426,89.6685678,63.38589257142858,68.44387664965687,0.32660012910278147,10,64,,False,False,Request timeout: 300.0s exceeded,447,21.16838264042747
390,2026-09-14T02:26:26.433+00:00,2026-09-14T02:31:20.228+00:00,2026-09-14T02:31:26.498+00:00,False,94,93.0,,93.0,293794.615721,300065.000617,300065.000635,3192.180857819149,0.0,293794.615721,30295.72795336558,90.98267159999999,67.42349350537634,70.56065457046337,0.3099328472456682,10,64,,False,False,Request timeout: 300.0s exceeded,426,21.16838264042747
391,2026-09-14T02:26:29.765+00:00,2026-09-14T02:31:23.625+00:00,2026-09-14T02:31:29.778+00:00,False,86,85.0,,85.0,293859.630719,300012.996479,300012.99654900003,3488.5232156860466,0.0155,293859.630719,31679.89830753602,89.42791349999999,72.39253835294117,19.087931064120554,0.2833210594126703,10,64,,False,False,Request timeout: 300.0s exceeded,395,21.16838264042747
392,2026-09-14T02:26:33.785+00:00,2026-09-14T02:31:27.668+00:00,2026-09-14T02:31:33.852+00:00,False,89,88.0,,88.0,293882.955864,300067.300184,300067.300399,3371.5427011123597,0.048780000000000004,293882.955864,31144.08795044345,89.0861622,70.27664,19.82960166343177,0.293267543467878,10,64,,False,False,Request timeout: 300.0s exceeded,420,21.16838264042747
393,2026-09-14T02:26:37.372+00:00,2026-09-14T02:31:30.957+00:00,2026-09-14T02:31:37.460+00:00,False,95,94.0,,94.0,293585.129846,300087.620214,300087.620029,3158.817052936842,0.04714,293585.129846,30114.10781829209,89.206491,69.17542944680852,19.577067594656704,0.31324184560818025,10,64,,False,False,Request timeout: 300.0s exceeded,495,21.16838264042747
394,2026-09-14T02:26:40.439+00:00,2026-09-14T02:31:33.647+00:00,2026-09-14T02:31:40.464+00:00,False,101,100.0,,100.0,293208.44104400004,300025.198548,300025.19854400004,2970.546520237624,0.02817,293208.44104400004,29168.55407651012,88.680252,68.16757504,19.82746863256488,0.3333053372981981,10,64,,False,False,Request timeout: 300.0s exceeded,338,21.16838264042747
395,2026-09-14T02:26:44.782+00:00,2026-09-14T02:31:37.957+00:00,2026-09-14T02:31:44.825+00:00,False,106,105.0,,105.0,293175.387188,300042.96222800005,300042.96211200004,2830.5939821886795,0.04129,293175.387188,28469.36570420459,88.97217725,65.40547657142858,20.85923129614467,0.3499498845775673,10,64,,False,False,Request timeout: 300.0s exceeded,503,21.16838264042747
396,2026-09-14T02:26:47.764+00:00,2026-09-14T02:31:41.475+00:00,2026-09-14T02:31:47.799+00:00,False,99,98.0,,98.0,293711.586919,300035.09488700004,300035.09496200003,3030.6575248686872,0.01729,293711.586919,29512.64711758085,89.1727731,64.52559151020408,20.46083967676552,0.32662845670406987,10,64,,False,False,Request timeout: 300.0s exceeded,409,21.16838264042747
397,2026-09-14T02:26:51.284+00:00,2026-09-14T02:31:44.686+00:00,2026-09-14T02:31:51.292+00:00,False,100,99.0,,99.0,293401.943449,300008.08796100004,300008.08801300003,3000.08088013,0.0169,293401.943449,29333.528833373388,90.35679900000001,66.72873244444445,20.887791865720992,0.3299911034827489,10,64,,False,False,Request timeout: 300.0s exceeded,464,21.16838264042747
398,2026-09-14T02:26:53.922+00:00,2026-09-14T02:31:47.753+00:00,2026-09-14T02:31:53.998+00:00,False,94,93.0,,93.0,293830.973513,300076.517961,300076.517909,3192.3033820106384,0.07208,293830.973513,30299.430671377708,87.40400115,67.15639191397848,19.854656993092824,0.30992095160237404,10,64,,False,False,Request timeout: 300.0s exceeded,162,21.16838264042747
399,2026-09-14T02:26:57.083+00:00,2026-09-14T02:31:50.835+00:00,2026-09-14T02:31:57.159+00:00,False,98,97.0,,97.0,293751.645126,300076.438982,300076.43908499996,3062.0044804591835,0.09222,293751.645126,29666.81759702547,88.06330235000001,65.20406037113402,20.519039976950125,0.3232509700830544,10,64,,False,False,Request timeout: 300.0s exceeded,392,21.16838264042747
400,2026-09-14T02:26:59.636+00:00,2026-09-14T02:31:53.625+00:00,2026-09-14T02:31:59.645+00:00,False,89,88.0,,88.0,293988.405579,300009.059659,300009.059519,3370.8883092022475,0.022690000000000002,293988.405579,31155.463458949085,90.602637,68.41652363636364,20.898866526826247,0.2933244752675924,10,64,,False,False,Request timeout: 300.0s exceeded,422,21.16838264042747
401,2026-09-14T02:27:03.225+00:00,2026-09-14T02:31:57.081+00:00,2026-09-14T02:32:05.593+00:00,False,89,88.0,,88.0,293855.847764,302367.738964,302367.738925,3397.390325,0.04529,293855.847764,31139.60319346322,90.07263579999999,96.72603636363635,274.77690625752956,0.29103633972828463,10,64,,False,False,Request timeout: 300.0s exceeded,405,21.16838264042747
402,2026-09-14T02:27:05.765+00:00,2026-09-14T02:31:59.198+00:00,2026-09-14T02:32:05.640+00:00,True,101,101.0,,101.0,293432.954639,299875.657231,299875.657369,2969.0659145445543,0.01533,293432.954639,29192.466005686278,88.800712,64.42702592,266.73842066923527,0.33680626474524994,10,64,,False,True,,196,21.16838264042747
403,2026-09-14T02:27:09.454+00:00,2026-09-14T02:32:05.597+00:00,2026-09-14T02:32:09.481+00:00,False,89,88.0,,88.0,296142.93339200004,300026.26164800004,300026.261644,3371.0815915056182,0.0152,296142.93339200004,31386.43124093277,89.92612420000002,44.12873018181818,36.27083500342666,0.29330765752514115,10,64,,False,False,Request timeout: 300.0s exceeded,518,21.16838264042747
404,2026-09-14T02:27:12.050+00:00,2026-09-14T02:32:06.861+00:00,2026-09-14T02:32:12.106+00:00,False,79,78.0,,78.0,294811.051376,300055.77816,300055.778175,3798.174407278481,0.0167,294811.051376,33161.275383292596,87.3634569,67.24008697435897,19.719370749614647,0.2599516679142494,10,64,,False,False,Request timeout: 300.0s exceeded,371,21.16838264042747
405,2026-09-14T02:27:14.608+00:00,2026-09-14T02:32:08.577+00:00,2026-09-14T02:32:14.621+00:00,False,92,91.0,,91.0,293969.208716,300013.53742,300013.537457,3261.0167114891306,0.03443,293969.208716,30641.49037305046,88.5584701,66.42119454945055,20.235374684172914,0.3033196461151876,10,64,,False,False,Request timeout: 300.0s exceeded,383,21.16838264042747
406,2026-09-14T02:27:18.722+00:00,2026-09-14T02:32:12.313+00:00,2026-09-14T02:32:18.735+00:00,False,100,99.0,,99.0,293591.443789,300012.859725,300012.859764,3000.12859764,0.0,293591.443789,29352.727996785507,87.9677084,64.86278723232323,64.38306312994149,0.32998585490883997,10,64,,False,False,Request timeout: 300.0s exceeded,338,21.16838264042747
407,2026-09-14T02:27:21.638+00:00,2026-09-14T02:32:15.213+00:00,2026-09-14T02:32:21.644+00:00,False,98,97.0,,97.0,293574.80150700005,300006.1712350001,300006.17134000006,3061.287462653062,0.0,293574.80150700005,29648.904436309553,88.4770344,66.30278070103093,64.18218180434192,0.32332668225020683,10,64,,False,False,Request timeout: 300.0s exceeded,431,21.16838264042747
408,2026-09-14T02:27:24.029+00:00,2026-09-14T02:32:18.028+00:00,2026-09-14T02:32:24.077+00:00,False,86,85.0,,85.0,293998.857774,300048.19434999995,300048.19434399996,3488.932492372093,0.0207,293998.857774,31695.04395267427,90.20760425,71.1686656,19.80487948681526,0.2832878237582369,10,64,,False,False,Request timeout: 300.0s exceeded,375,21.16838264042747
409,2026-09-14T02:27:27.056+00:00,2026-09-14T02:32:20.957+00:00,2026-09-14T02:32:27.137+00:00,False,89,88.0,,88.0,293901.11706300004,300080.986503,300080.98646800005,3371.69647716854,0.016550000000000002,293901.11706300004,31146.01857429788,87.734683,70.22578909090909,20.067279258724632,0.29325416790150494,10,64,,False,False,Request timeout: 300.0s exceeded,480,21.16838264042747
410,2026-09-14T02:27:30.091+00:00,2026-09-14T02:32:24.161+00:00,2026-09-14T02:32:30.149+00:00,False,84,83.0,,83.0,294069.84668099997,300058.277785,300058.277679,3572.1223533214284,0.04524,294069.84668099997,32077.784319736842,88.49083665,72.1497723373494,19.31123908079959,0.2766129320367285,10,64,,False,False,Request timeout: 300.0s exceeded,425,21.16838264042747
411,2026-09-14T02:27:33.428+00:00,2026-09-14T02:32:27.490+00:00,2026-09-14T02:32:33.510+00:00,False,87,86.0,,86.0,294062.434969,300082.454425,300082.454412,3449.2236139310344,0.01862,294062.434969,31519.304234394436,91.3036743,70.00022623255815,20.811594308809447,0.28658789853204863,10,64,,False,False,Request timeout: 300.0s exceeded,256,21.16838264042747
412,2026-09-14T02:27:36.284+00:00,2026-09-14T02:32:30.234+00:00,2026-09-14T02:32:36.308+00:00,False,90,89.0,,89.0,293949.78898,300024.22251600004,300024.222491,3333.6024721222225,0.01782,293949.78898,30977.840826018284,90.65023495,68.25206220224719,20.735146052665787,0.29664271522361396,10,64,,False,False,Request timeout: 300.0s exceeded,175,21.16838264042747
413,2026-09-14T02:27:38.812+00:00,2026-09-14T02:32:32.674+00:00,2026-09-14T02:32:38.834+00:00,False,91,90.0,,90.0,293862.790817,300022.477217,300022.47718999995,3296.9502987912083,0.02119,293862.790817,30798.022552886378,87.82514950000001,68.44096,19.881477772150976,0.29997752446695813,10,64,,False,False,Request timeout: 300.0s exceeded,412,21.16838264042747
414,2026-09-14T02:27:41.878+00:00,2026-09-14T02:32:35.746+00:00,2026-09-14T02:32:42.440+00:00,False,100,99.0,,99.0,293867.855783,300561.541287,300561.541319,3005.6154131900003,0.019559999999999998,293867.855783,29380.03143031234,90.11377145,67.61298488888889,20.60226569433691,0.329383458629083,10,64,,False,False,Request timeout: 300.0s exceeded,482,21.16838264042747
415,2026-09-14T02:27:44.559+00:00,2026-09-14T02:32:38.005+00:00,2026-09-14T02:32:44.581+00:00,False,102,101.0,,101.0,293446.202428,300022.065212,300022.065172,2941.3927958039217,0.03993,293446.202428,29049.06424505037,89.2039975,65.10755231683169,20.583529472495552,0.33664190641655617,10,64,,False,False,Request timeout: 300.0s exceeded,435,21.16838264042747
416,2026-09-14T02:27:48.601+00:00,2026-09-14T02:32:42.231+00:00,2026-09-14T02:32:48.689+00:00,False,95,94.0,,94.0,293630.61698500003,300088.095129,300088.09506,3158.822053263158,0.02238,293630.61698500003,30118.824041625583,89.4572444,68.696576,19.905733663737614,0.3132413498762484,10,64,,False,False,Request timeout: 300.0s exceeded,364,21.16838264042747
417,2026-09-14T02:27:52.963+00:00,2026-09-14T02:32:46.773+00:00,2026-09-14T02:32:52.984+00:00,False,90,89.0,,89.0,293809.727726,300021.25771000003,300021.25764900004,3333.5695294333336,0.02155,293809.727726,30962.913999095013,89.24961595,69.79247173033708,19.642619629288387,0.296645646642903,10,64,,False,False,Request timeout: 300.0s exceeded,413,21.16838264042747
418,2026-09-14T02:27:56.330+00:00,2026-09-14T02:32:49.943+00:00,2026-09-14T02:32:56.355+00:00,False,94,93.0,,93.0,293612.592189,300024.47570899996,300024.475659,3191.7497410531914,0.02213,293612.592189,30276.721530056395,88.71431650000001,68.9449840860215,19.302491986937806,0.3099747104972951,10,64,,False,False,Request timeout: 300.0s exceeded,456,21.16838264042747
419,2026-09-14T02:28:00.143+00:00,2026-09-14T02:32:53.615+00:00,2026-09-14T02:33:00.208+00:00,False,96,95.0,,95.0,293471.05494400003,300064.37820800004,300064.378182,3125.6706060625,0.04536,293471.05494400003,29945.186739725163,87.29596874999999,69.40340277894737,19.174772052059897,0.31659872647111564,10,64,,False,False,Request timeout: 300.0s exceeded,409,21.16838264042747
420,2026-09-14T02:28:03.348+00:00,2026-09-14T02:32:57.066+00:00,2026-09-14T02:33:03.416+00:00,False,93,92.0,,92.0,293718.106329,300067.80386499997,300067.80383,3226.535525053763,0.02532,293718.106329,30449.998269031585,88.6923192,69.01845147826087,19.75088877457201,0.3065973717106639,10,64,,False,False,Request timeout: 300.0s exceeded,478,21.16838264042747
421,2026-09-14T02:28:06.672+00:00,2026-09-14T02:33:00.208+00:00,2026-09-14T02:33:06.690+00:00,False,96,95.0,,95.0,293535.309221,300017.294757,300017.294733,3125.18015346875,0.032049999999999995,293535.309221,29951.86503239303,88.30020375,68.23142669473684,20.33179893861799,0.31664841214219186,10,64,,False,False,Request timeout: 300.0s exceeded,400,21.16838264042747
422,2026-09-14T02:28:10.433+00:00,2026-09-14T02:33:04.237+00:00,2026-09-14T02:33:10.501+00:00,False,94,93.0,,93.0,293804.43066,300068.196164,300068.196023,3192.214851308511,0.039670000000000004,293804.43066,30296.673613042454,90.56629399999998,67.35231724731183,21.103954715064262,0.30992954664602823,10,64,,False,False,Request timeout: 300.0s exceeded,457,21.16838264042747
423,2026-09-14T02:28:14.634+00:00,2026-09-14T02:33:07.600+00:00,2026-09-14T02:33:14.841+00:00,False,121,120.0,,120.0,292965.907928,300206.97903199994,300206.97907899995,2481.0494138760328,0.0,292965.907928,26627.850214170132,90.07207899999999,60.3422592,61.973301756210425,0.39972421822748117,10,64,,False,False,Request timeout: 300.0s exceeded,467,21.16838264042747
424,2026-09-14T02:28:17.630+00:00,2026-09-14T02:33:11.353+00:00,2026-09-14T02:33:17.714+00:00,False,109,108.0,,108.0,293722.71908300003,300084.07383500005,300084.07375100005,2753.0648967981656,0.02798,293722.71908300003,28127.90030809686,91.42690139999999,58.90143288888889,21.2487012010489,0.35989913966371756,10,64,,False,False,Request timeout: 300.0s exceeded,565,21.16838264042747
425,2026-09-14T02:28:20.157+00:00,2026-09-14T02:33:15.713+00:00,2026-09-14T02:33:20.187+00:00,False,68,67.0,,67.0,295555.08035,300029.207198,300029.207159,4412.1942229264705,0.041,295555.08035,35833.22737942885,90.4465002,66.77801265671643,23.093065930289622,0.223311592313692,10,64,,False,False,Request timeout: 300.0s exceeded,147,21.16838264042747
426,2026-09-14T02:28:24.208+00:00,2026-09-14T02:33:17.547+00:00,2026-09-14T02:33:24.286+00:00,False,95,94.0,,94.0,293338.120552,300077.758056,300077.758151,3158.713243694737,0.04308,293338.120552,30088.50624763083,90.09196700000001,71.69827131914894,19.391695578897032,0.31325214040841337,10,64,,False,False,Request timeout: 300.0s exceeded,465,21.16838264042747
427,2026-09-14T02:28:27.183+00:00,2026-09-14T02:33:21.334+00:00,2026-09-14T02:33:27.201+00:00,False,85,84.0,,84.0,294151.128359,300018.50653500005,300018.506398,3529.6294870352945,0.10283,294151.128359,31897.59936408818,89.59668099999999,69.8497401904762,19.9436718242142,0.2799827282994644,10,64,,False,False,Request timeout: 300.0s exceeded,314,21.16838264042747
428,2026-09-14T02:28:31.565+00:00,2026-09-14T02:33:25.460+00:00,2026-09-14T02:33:31.600+00:00,False,94,93.0,,93.0,293894.706484,300034.81758800003,300034.817568,3191.8597613617026,0.020980000000000002,293894.706484,30306.121477865436,87.96162765000001,66.02270004301076,20.34622891189516,0.3099640260008263,10,64,,False,False,Request timeout: 300.0s exceeded,356,21.16838264042747
429,2026-09-14T02:28:35.546+00:00,2026-09-14T02:33:29.076+00:00,2026-09-14T02:33:35.596+00:00,False,100,99.0,,99.0,293529.78992799995,300049.574888,300049.57486099994,3000.4957486099997,0.02001,293529.78992799995,29346.39998584523,88.20888330000001,65.85641373737374,19.833412923497143,0.32994547663316603,10,64,,False,False,Request timeout: 300.0s exceeded,409,21.16838264042747
430,2026-09-14T02:28:38.940+00:00,2026-09-14T02:33:32.760+00:00,2026-09-14T02:33:38.984+00:00,False,98,97.0,,97.0,293820.73663700005,300044.12914900004,300044.1292140001,3061.6747878979595,0.03935,293820.73663700005,29673.902472813937,88.5016555,64.15868569072164,20.492829443963984,0.32328577891230925,10,64,,False,False,Request timeout: 300.0s exceeded,477,21.16838264042747
431,2026-09-14T02:28:41.346+00:00,2026-09-14T02:33:35.274+00:00,2026-09-14T02:33:41.426+00:00,False,97,96.0,,96.0,293928.369203,300080.751411,300080.75133899995,3093.615993185567,0.03897,293928.369203,29837.404532994482,88.35222959999999,64.08731466666666,21.073579809290237,0.3199138883403934,10,64,,False,False,Request timeout: 300.0s exceeded,432,21.16838264042747
432,2026-09-14T02:28:44.923+00:00,2026-09-14T02:33:38.983+00:00,2026-09-14T02:33:45.000+00:00,False,90,89.0,,89.0,294060.265846,300077.14059799997,300077.140499,3334.1904499888888,0.03564,294060.265846,30989.554616056055,88.59420150000001,67.60533429213484,21.23881327353791,0.2965904027965574,10,64,,False,False,Request timeout: 300.0s exceeded,374,21.16838264042747
433,2026-09-14T02:28:48.536+00:00,2026-09-14T02:33:42.531+00:00,2026-09-14T02:33:48.591+00:00,False,92,91.0,,91.0,293995.07019700005,300055.14776500006,300055.147738,3261.4689971521743,0.0216,293995.07019700005,30644.168288783887,87.270097,66.594258989011,19.792093725674626,0.30327758306373137,10,64,,False,False,Request timeout: 300.0s exceeded,402,21.16838264042747
434,2026-09-14T02:28:52.824+00:00,2026-09-14T02:33:46.609+00:00,2026-09-14T02:33:52.856+00:00,False,98,97.0,,97.0,293784.42484399996,300031.164044,300031.16427199997,3061.5424925714283,0.028839,293784.42484399996,29670.209833939993,87.28273885,64.39937319587628,20.07686334566553,0.3232997489079995,10,64,,False,False,Request timeout: 300.0s exceeded,509,21.16838264042747
435,2026-09-14T02:28:56.591+00:00,2026-09-14T02:33:50.362+00:00,2026-09-14T02:33:56.615+00:00,False,95,94.0,,94.0,293771.241495,300024.13544700004,300024.135511,3158.148794852632,0.03585,293771.241495,30133.474948104318,87.95111849999999,66.52014842553191,19.663603279412406,0.3133081272276687,10,64,,False,False,Request timeout: 300.0s exceeded,429,21.16838264042747
436,2026-09-14T02:28:59.595+00:00,2026-09-14T02:33:53.325+00:00,2026-09-14T02:33:59.617+00:00,False,93,92.0,,92.0,293729.480626,300021.86385799997,300021.86375799996,3226.041545784946,0.02026,293729.480626,30451.24213437463,88.47214120000001,68.39546991304348,19.445663040891148,0.30664431857387403,10,64,,False,False,Request timeout: 300.0s exceeded,467,21.16838264042747
437,2026-09-14T02:29:03.412+00:00,2026-09-14T02:33:56.857+00:00,2026-09-14T02:34:03.465+00:00,False,99,98.0,,98.0,293445.249358,300053.08603,300053.086155,3030.839254090909,0.02588,293445.249358,29485.58727884099,87.8275057,67.42690481632653,19.989325410416548,0.32660887210539047,10,64,,False,False,Request timeout: 300.0s exceeded,503,21.16838264042747
438,2026-09-14T02:29:06.828+00:00,2026-09-14T02:34:00.441+00:00,2026-09-14T02:34:06.879+00:00,False,101,100.0,,100.0,293612.69450800004,300051.007212,300051.00732200005,2970.8020526930695,0.0,293612.69450800004,29209.223363925765,88.62906299999999,64.38312704,66.37859624213836,0.3332766682877533,10,64,,False,False,Request timeout: 300.0s exceeded,484,21.16838264042747
439,2026-09-14T02:29:09.945+00:00,2026-09-14T02:34:03.675+00:00,2026-09-14T02:34:09.973+00:00,False,96,95.0,,95.0,293730.083144,300028.19668,300028.196704,3125.2937156666662,0.0,293730.083144,29972.010909958433,89.61996925,66.29593195789474,67.91447862022785,0.3166369063015894,10,64,,False,False,Request timeout: 300.0s exceeded,168,21.16838264042747
440,2026-09-14T02:29:13.227+00:00,2026-09-14T02:34:07.011+00:00,2026-09-14T02:34:13.285+00:00,False,85,84.0,,84.0,293784.729831,300058.660583,300058.660492,3530.101888141176,0.019899999999999998,293784.729831,31857.332433302283,91.18169119999999,74.68965180952381,19.158397547409372,0.2799452608259729,10,64,,False,False,Request timeout: 300.0s exceeded,186,21.16838264042747
441,2026-09-14T02:29:15.942+00:00,2026-09-14T02:34:09.710+00:00,2026-09-14T02:34:15.963+00:00,False,87,86.0,,86.0,293767.912478,300020.78979,300020.789763,3448.514824862069,0.037520000000000005,293767.912478,31487.43752911834,90.8343077,72.70787572093023,20.353070362810133,0.2866468022439239,10,64,,False,False,Request timeout: 300.0s exceeded,357,21.16838264042747
442,2026-09-14T02:29:20.050+00:00,2026-09-14T02:34:13.926+00:00,2026-09-14T02:34:20.097+00:00,False,91,90.0,,90.0,293875.327274,300046.47300199996,300046.472833,3297.213987175824,0.03541,293875.327274,30799.3237504814,89.187577,68.56828586666666,20.448781953290194,0.29995353419601806,10,64,,False,False,Request timeout: 300.0s exceeded,434,21.16838264042747
443,2026-09-14T02:29:22.516+00:00,2026-09-14T02:34:16.347+00:00,2026-09-14T02:34:22.570+00:00,False,93,92.0,,92.0,293830.818071,300053.94075899996,300053.940749,3226.3864596666667,0.02103,293830.818071,30461.828584965988,88.70518120000001,67.64263791304349,19.73532516430319,0.30661153713656236,10,64,,False,False,Request timeout: 300.0s exceeded,482,21.16838264042747
444,2026-09-14T02:29:26.419+00:00,2026-09-14T02:34:20.009+00:00,2026-09-14T02:34:26.430+00:00,False,94,93.0,,93.0,293589.61789399997,300010.920422,300010.920474,3191.6055369574465,0.03313,293589.61789399997,30274.342053485005,89.009529,69.04626374193548,20.2115375377123,0.30998871597468775,10,64,,False,False,Request timeout: 300.0s exceeded,418,21.16838264042747
445,2026-09-14T02:29:29.529+00:00,2026-09-14T02:34:23.215+00:00,2026-09-14T02:34:29.545+00:00,False,92,91.0,,91.0,293685.327393,300015.721249,300015.72137600003,3261.0404497391305,0.573639,293685.327393,30611.56586900859,88.09348299999999,69.56476764835165,20.087412851481297,0.30331743823675816,10,64,,False,False,Request timeout: 300.0s exceeded,569,21.16838264042747
446,2026-09-14T02:29:33.464+00:00,2026-09-14T02:34:26.862+00:00,2026-09-14T02:34:33.472+00:00,False,97,96.0,,96.0,293398.103873,300008.065857,300008.065806,3092.8666577938147,0.02444,293398.103873,29783.079537456804,89.302889,68.85377066666668,19.956059584490568,0.3199913966505113,10,64,,False,False,Request timeout: 300.0s exceeded,444,21.16838264042747
447,2026-09-14T02:29:37.542+00:00,2026-09-14T02:34:31.122+00:00,2026-09-14T02:34:37.603+00:00,False,96,95.0,,95.0,293580.51269199996,300061.68670799996,300061.68680799997,3125.642570916666,0.05156,293580.51269199996,29956.479396844934,89.30105875,68.22288437894736,20.233062430543452,0.3166015663054233,10,64,,False,False,Request timeout: 300.0s exceeded,127,21.16838264042747
448,2026-09-14T02:29:40.646+00:00,2026-09-14T02:34:34.697+00:00,2026-09-14T02:34:40.683+00:00,False,84,83.0,,83.0,294051.487971,300036.949987,300036.949992,3571.8684522857147,0.03473,294051.487971,32075.784904901917,88.69804250000001,72.11400019277107,18.94010729369872,0.2766325947640656,10,64,,False,False,Request timeout: 300.0s exceeded,379,21.16838264042747
449,2026-09-14T02:29:43.896+00:00,2026-09-14T02:34:37.820+00:00,2026-09-14T02:34:43.910+00:00,False,88,87.0,,87.0,293923.485325,300014.214797,300014.214924,3409.252442318182,0.03953,293923.485325,31324.891590267667,89.3052949,70.00838473563218,19.001395421045373,0.28998625968061953,10,64,,False,False,Request timeout: 300.0s exceeded,432,21.16838264042747
450,2026-09-14T02:29:47.445+00:00,2026-09-14T02:34:40.907+00:00,2026-09-14T02:34:47.513+00:00,False,100,99.0,,99.0,293461.524723,300067.683571,300067.68342300004,3000.67683423,0.02283,293461.524723,29339.486243973384,86.69761289999998,66.72887725252525,19.868217709149434,0.3299255648653524,10,64,,False,False,Request timeout: 300.0s exceeded,456,21.16838264042747
451,2026-09-14T02:29:50.247+00:00,2026-09-14T02:34:44.085+00:00,2026-09-14T02:34:50.270+00:00,False,95,94.0,,94.0,293837.63046200003,300022.40716600005,300022.407061,3158.1306006421055,0.022219000000000003,293837.63046200003,30140.361311592624,88.76818640000002,65.79549685106383,20.65014892890524,0.3133099320411443,10,64,,False,False,Request timeout: 300.0s exceeded,403,21.16838264042747
452,2026-09-14T02:29:54.072+00:00,2026-09-14T02:34:48.102+00:00,2026-09-14T02:34:54.151+00:00,False,92,91.0,,91.0,294030.38235900004,300078.75253500004,300078.75230700005,3261.7255685543482,0.03491,294030.38235900004,30647.863168087795,86.58585950000001,66.46560632967034,19.66561895405798,0.30325372666758904,10,64,,True,False,Request timeout: 300.0s exceeded,431,21.16838264042747
453,2026-09-14T02:29:58.313+00:00,2026-09-14T02:34:52.142+00:00,2026-09-14T02:34:58.347+00:00,False,93,92.0,,92.0,293829.509097,300034.972137,300034.972084,3226.1824955268817,0.03835,293829.509097,30461.71292156161,88.92923259999999,67.4506852173913,19.993048136852032,0.3066309215380118,10,64,,True,False,Request timeout: 300.0s exceeded,492,21.16838264042747
454,2026-09-14T02:30:02.540+00:00,2026-09-14T02:34:56.115+00:00,2026-09-14T02:35:02.569+00:00,False,99,98.0,,98.0,293574.25532,300028.319704,300028.319702,3030.58908789899,0.02284,293574.25532,29498.71065447949,87.60435869999999,65.8577998367347,20.12375701080566,0.3266358325663531,10,64,,True,False,Request timeout: 300.0s exceeded,464,21.16838264042747
455,2026-09-14T02:30:05.580+00:00,2026-09-14T02:34:59.232+00:00,2026-09-14T02:35:05.657+00:00,False,97,96.0,,96.0,293651.896389,300076.474437,300076.474404,3093.571901072165,0.03428,293651.896389,29809.04422050923,86.6631608,66.922688,19.79131597831729,0.3199184480559967,10,64,,True,False,Request timeout: 300.0s exceeded,376,21.16838264042747
456,2026-09-14T02:30:08.948+00:00,2026-09-14T02:35:02.693+00:00,2026-09-14T02:35:08.973+00:00,False,94,93.0,,93.0,293745.63828500005,300025.533837,300025.533845,3191.7609983510642,0.02291,293745.63828500005,30290.59135859875,88.22068315,67.52575862365592,20.521097502919474,0.30997361728060685,10,64,,True,False,Request timeout: 300.0s exceeded,124,21.16838264042747
457,2026-09-14T02:30:12.940+00:00,2026-09-14T02:35:06.342+00:00,2026-09-14T02:35:13.022+00:00,False,101,100.0,,100.0,293401.323716,300081.69261200004,300081.69266,2971.105867920792,0.02486,293401.323716,29187.882559015772,87.924835,66.80368896,20.169525741347353,0.3332425884750594,10,64,,True,False,Request timeout: 300.0s exceeded,219,21.16838264042747
458,2026-09-14T02:30:16.510+00:00,2026-09-14T02:35:10.171+00:00,2026-09-14T02:35:16.553+00:00,False,96,95.0,,95.0,293661.243761,300043.256689,300043.256765,3125.450591302083,0.030760000000000003,293661.243761,29964.82584561557,89.578247,67.17908345263157,20.732646072372034,0.31662101341097343,10,64,,True,False,Request timeout: 300.0s exceeded,355,21.16838264042747
459,2026-09-14T02:30:19.249+00:00,2026-09-14T02:35:12.671+00:00,2026-09-14T02:35:19.266+00:00,False,96,95.0,,95.0,293421.544319,300016.939647,300016.939714,3125.1764553541666,0.03573,293421.544319,29940.132131525574,90.87814625000001,69.42521397894737,20.35951900044682,0.3166487869377543,10,64,,True,False,Request timeout: 300.0s exceeded,444,21.16838264042747
460,2026-09-14T02:30:21.626+00:00,2026-09-14T02:35:15.257+00:00,2026-09-14T02:35:21.654+00:00,False,92,91.0,,91.0,293631.473049,300027.786649,300027.78655300004,3261.1715929673915,0.02585,293631.473049,30605.87533970666,89.201606,70.28916043956045,19.613317985946242,0.30330524054580366,10,64,,True,False,Request timeout: 300.0s exceeded,438,21.16838264042747
461,2026-09-14T02:30:25.578+00:00,2026-09-14T02:35:19.060+00:00,2026-09-14T02:35:25.648+00:00,False,96,95.0,,95.0,293482.604347,300070.52549900004,300070.525658,3125.7346422708333,0.021,293482.604347,29946.371342231032,87.75762,69.34653844210527,19.242888953687835,0.316592240580845,10,64,,True,False,Request timeout: 300.0s exceeded,408,21.16838264042747
462,2026-09-14T02:30:28.854+00:00,2026-09-14T02:35:22.475+00:00,2026-09-14T02:35:28.871+00:00,False,93,92.0,,92.0,293620.27283,300017.09279799997,300017.092685,3225.9902439247307,0.037339,293620.27283,30439.801409338932,88.1079088,69.53065182608695,21.413635622530755,0.3066491950241753,10,64,,True,False,Request timeout: 300.0s exceeded,386,21.16838264042747
463,2026-09-14T02:30:32.916+00:00,2026-09-14T02:35:26.761+00:00,2026-09-14T02:35:32.940+00:00,False,91,90.0,,90.0,293845.19346100005,300023.84613300004,300023.84627400007,3296.96534367033,0.03807,293845.19346100005,30796.156011285195,88.7520125,68.65169635555554,20.274738022262227,0.29997615576230946,10,64,,True,False,Request timeout: 300.0s exceeded,438,21.16838264042747
464,2026-09-14T02:30:37.053+00:00,2026-09-14T02:35:30.687+00:00,2026-09-14T02:35:37.118+00:00,False,95,94.0,,94.0,293634.043191,300064.475959,300064.475903,3158.573430557895,0.01988,293634.043191,30119.204822376254,87.9689184,68.40885923404255,19.504673339345175,0.313266006246084,10,64,,True,False,Request timeout: 300.0s exceeded,351,21.16838264042747
465,2026-09-14T02:30:39.492+00:00,2026-09-14T02:35:33.067+00:00,2026-09-14T02:35:39.504+00:00,False,94,93.0,,93.0,293574.177519,300011.711215,300011.711197,3191.6139489042557,0.022019999999999998,293574.177519,30272.730887144095,87.30526094999999,69.22079243010754,19.261958294110492,0.3099878988835626,10,64,,True,False,Request timeout: 300.0s exceeded,452,21.16838264042747
466,2026-09-14T02:30:43.333+00:00,2026-09-14T02:35:36.854+00:00,2026-09-14T02:35:43.355+00:00,False,97,96.0,,96.0,293520.957236,300022.489396,300022.489359,3093.015354216495,0.02271,293520.957236,29795.66851699585,88.765506,67.72429333333334,20.59784476470472,0.31997601310910234,10,64,,True,False,Request timeout: 300.0s exceeded,213,21.16838264042747
467,2026-09-14T02:30:45.896+00:00,2026-09-14T02:35:39.506+00:00,2026-09-14T02:35:45.919+00:00,False,96,95.0,,95.0,293609.71457099996,300022.53172299993,300022.53179999994,3125.2347062499994,0.042449,293609.71457099996,29959.533783921455,89.79276275000001,67.50333844210526,21.032981849694696,0.31664288496742005,10,64,,True,False,Request timeout: 300.0s exceeded,450,21.16838264042747
468,2026-09-14T02:30:50.132+00:00,2026-09-14T02:35:43.919+00:00,2026-09-14T02:35:50.177+00:00,False,92,91.0,,91.0,293786.92962199997,300044.29768599995,300044.2977,3261.3510619565213,0.03594,293786.92962199997,30622.2428034213,90.5851371,68.76228641758242,20.85496271043284,0.30328855006347305,10,64,,True,False,Request timeout: 300.0s exceeded,409,21.16838264042747
469,2026-09-14T02:30:54.454+00:00,2026-09-14T02:35:48.159+00:00,2026-09-14T02:35:54.503+00:00,False,92,91.0,,91.0,293704.46973,300048.52477,300048.52463500004,3261.397006902174,0.02212,293704.46973,30613.545163325132,87.34537945,69.71489054945054,18.845918745488106,0.3032842773339925,10,64,,True,False,Request timeout: 300.0s exceeded,354,21.16838264042747
470,2026-09-14T02:30:56.940+00:00,2026-09-14T02:35:50.855+00:00,2026-09-14T02:35:56.957+00:00,False,89,88.0,,88.0,293914.516051,300016.996691,300016.99671599997,3370.9774911910113,0.02454,293914.516051,31147.53128798948,88.4241674,69.34637090909091,18.779448648315736,0.2933167152880837,10,64,,True,False,Request timeout: 300.0s exceeded,417,21.16838264042747
471,2026-09-14T02:31:00.078+00:00,2026-09-14T02:35:54.166+00:00,2026-09-14T02:36:00.134+00:00,False,88,87.0,,87.0,294087.887578,300056.30025000003,300056.300187,3409.730683943182,0.02169,294087.887578,31342.567861356598,90.75878915,68.60244450574713,20.696715063963286,0.28994558663661985,10,64,,True,False,Request timeout: 300.0s exceeded,411,21.16838264042747
472,2026-09-14T02:31:03.023+00:00,2026-09-14T02:35:56.778+00:00,2026-09-14T02:36:03.059+00:00,False,95,94.0,,94.0,293754.810795,300035.436971,300035.437006,3158.267757957895,0.04111,293754.810795,30131.759574418735,91.3039177,66.81517208510638,20.644296267646858,0.31329632575729915,10,64,,True,False,Request timeout: 300.0s exceeded,341,21.16838264042747
473,2026-09-14T02:31:06.448+00:00,2026-09-14T02:36:00.433+00:00,2026-09-14T02:36:06.472+00:00,False,87,86.0,,86.0,293985.344823,300024.108855,300024.108764,3448.552974298851,0.03107,293985.344823,31511.01626834766,90.5794066,70.21818641860466,21.312684515989844,0.28664363116753167,10,64,,True,False,Request timeout: 300.0s exceeded,344,21.16838264042747
474,2026-09-14T02:31:09.900+00:00,2026-09-14T02:36:03.662+00:00,2026-09-14T02:36:09.953+00:00,False,90,89.0,,89.0,293761.93302999996,300052.89059799997,300052.890408,3333.921004533333,0.03661,293761.93302999996,30957.781681150307,88.5319815,70.68491649438202,19.24998975828008,0.29661437296146226,10,64,,True,False,Request timeout: 300.0s exceeded,411,21.16838264042747
475,2026-09-14T02:31:12.491+00:00,2026-09-14T02:36:06.693+00:00,2026-09-14T02:36:12.549+00:00,False,86,85.0,,85.0,294202.052094,300057.208062,300057.208001,3489.037302337209,0.02568,294202.052094,31717.200982504142,87.1094255,68.88418785882352,19.288374577529783,0.2832793137981764,10,64,,True,False,Request timeout: 300.0s exceeded,329,21.16838264042747
476,2026-09-14T02:31:16.631+00:00,2026-09-14T02:36:10.732+00:00,2026-09-14T02:36:16.642+00:00,False,86,85.0,,85.0,294101.437602,300011.43235400005,300011.432332,3488.5050271162795,0.02786,294101.437602,31706.281992408487,87.05903375000001,69.5293500235294,19.482503423211703,0.2833225365215543,10,64,,True,False,Request timeout: 300.0s exceeded,385,21.16838264042747
477,2026-09-14T02:31:19.542+00:00,2026-09-14T02:36:13.416+00:00,2026-09-14T02:36:19.587+00:00,False,90,89.0,,89.0,293873.727125,300044.624533,300044.624355,3333.8291594999996,0.02816,293873.727125,30969.70799324813,88.92732649999999,69.33592593258427,19.227211061148427,0.29662254452491105,10,64,,True,False,Request timeout: 300.0s exceeded,399,21.16838264042747
478,2026-09-14T02:31:22.708+00:00,2026-09-14T02:36:16.558+00:00,2026-09-14T02:36:22.750+00:00,False,93,92.0,,92.0,293849.67674,300041.544644,300041.54455500003,3226.253167258065,0.0208,293849.67674,30463.81947864614,87.35979019999999,67.302912,19.911182413987383,0.3066242046885814,10,64,,True,False,Request timeout: 300.0s exceeded,323,21.16838264042747
479,2026-09-14T02:31:27.044+00:00,2026-09-14T02:36:20.670+00:00,2026-09-14T02:36:27.114+00:00,False,96,95.0,,95.0,293625.85068599996,300070.37983799994,300070.380019,3125.7331251979163,0.02185,293625.85068599996,29961.146110803682,88.71097774999998,67.83714896842106,20.317457180125505,0.31659239426193275,10,64,,True,False,Request timeout: 300.0s exceeded,499,21.16838264042747
480,2026-09-14T02:31:31.119+00:00,2026-09-14T02:36:24.844+00:00,2026-09-14T02:36:31.157+00:00,False,89,88.0,,88.0,293725.49142000003,300038.49622000003,300038.49612300005,3371.2190575617983,0.03518,293725.49142000003,31127.24141624646,89.118024,71.7386909090909,19.24429178086289,0.2932956974143576,10,64,,True,False,Request timeout: 300.0s exceeded,458,21.16838264042747
481,2026-09-14T02:31:34.467+00:00,2026-09-14T02:36:28.394+00:00,2026-09-14T02:36:34.548+00:00,False,88,87.0,,87.0,293927.05575,300080.988038,300080.988208,3410.0112296363636,0.01992,293927.05575,31325.194766022152,87.841499,70.73485388505746,19.016657166511443,0.28992173269231897,10,64,,True,False,Request timeout: 300.0s exceeded,358,21.16838264042747
482,2026-09-14T02:31:37.255+00:00,2026-09-14T02:36:31.030+00:00,2026-09-14T02:36:37.328+00:00,False,91,90.0,,90.0,293775.08482499997,300072.62824899994,300072.628339,3297.501410318681,0.02367,293775.08482499997,30788.668227370596,86.9240315,69.97270471111112,20.39068786902911,0.29992738932961954,10,64,,True,False,Request timeout: 300.0s exceeded,261,21.16838264042747
483,2026-09-14T02:31:40.172+00:00,2026-09-14T02:36:33.776+00:00,2026-09-14T02:36:40.188+00:00,False,95,94.0,,94.0,293604.180479,300016.80563099997,300016.80558,3158.07163768421,0.02657,293604.180479,30116.161397467513,88.52929400000001,68.2194165106383,20.989547881398558,0.31331578176861713,10,64,,True,False,Request timeout: 300.0s exceeded,336,21.16838264042747
484,2026-09-14T02:31:43.584+00:00,2026-09-14T02:36:37.243+00:00,2026-09-14T02:36:43.619+00:00,False,95,94.0,,94.0,293659.363677,300035.769949,300035.769883,3158.2712619263157,0.03781,293659.363677,30121.862565380394,89.2753543,67.83410927659574,20.932786038611344,0.3132959780628093,10,64,,True,False,Request timeout: 300.0s exceeded,447,21.16838264042747
485,2026-09-14T02:31:47.078+00:00,2026-09-14T02:36:41.135+00:00,2026-09-14T02:36:47.085+00:00,False,87,86.0,,86.0,294056.517232,300006.444144,300006.443998,3448.3499310114944,0.02153,294056.517232,31518.757477309893,90.5979373,69.18519665116278,21.28175110961554,0.286660509061335,10,64,,True,False,Request timeout: 300.0s exceeded,372,21.16838264042747
486,2026-09-14T02:31:50.680+00:00,2026-09-14T02:36:44.619+00:00,2026-09-14T02:36:50.746+00:00,False,91,90.0,,90.0,293939.537342,300066.202302,300066.202186,3297.430793252747,0.8987580000000001,293939.537342,30806.10714585715,90.4246295,68.07405511111111,21.260461698060436,0.29993381230392613,10,64,,True,False,Request timeout: 300.0s exceeded,421,21.16838264042747
487,2026-09-14T02:31:53.566+00:00,2026-09-14T02:36:47.606+00:00,2026-09-14T02:36:53.584+00:00,False,89,88.0,,88.0,294040.55894300004,300018.65967900003,300018.65952000004,3370.996174382023,0.022,294040.55894300004,31161.04259424777,88.4464034,67.9329629090909,20.33884548975864,0.29331508944861673,10,64,,True,False,Request timeout: 300.0s exceeded,280,21.16838264042747
488,2026-09-14T02:31:56.936+00:00,2026-09-14T02:36:50.660+00:00,2026-09-14T02:36:56.984+00:00,False,91,90.0,,90.0,293723.540986,300047.53177,300047.53187299997,3297.2256249780216,0.02077,293723.540986,30783.233693496895,88.55988300000001,70.26656426666666,19.663703097128113,0.29995247575970424,10,64,,True,False,Request timeout: 300.0s exceeded,423,21.16838264042747
489,2026-09-14T02:31:59.586+00:00,2026-09-14T02:36:53.501+00:00,2026-09-14T02:36:59.612+00:00,False,86,85.0,,85.0,293914.83209399995,300026.25276599993,300026.25283099996,3488.6773584999996,0.03713,293914.83209399995,31685.90393188469,88.92837524999999,71.89906672941177,18.911830393840933,0.28330854122387156,10,64,,True,False,Request timeout: 300.0s exceeded,366,21.16838264042747
490,2026-09-14T02:32:02.184+00:00,2026-09-14T02:36:55.685+00:00,2026-09-14T02:37:02.228+00:00,False,93,92.0,,92.0,293501.47064,300044.265136,300044.265345,3226.2824230645165,0.03542,293501.47064,30427.316438810492,89.81482039999999,71.11733147826088,19.568678377668622,0.3066214245364746,10,64,,True,False,Request timeout: 300.0s exceeded,417,21.16838264042747
491,2026-09-14T02:32:05.621+00:00,2026-09-14T02:36:57.647+00:00,2026-09-14T02:37:05.724+00:00,False,122,121.0,,121.0,292025.478528,300102.52761600004,300102.527526,2459.856783,0.03481,292025.478528,26432.70880988575,89.46333905,66.75247180165289,20.302675532980977,0.4031955377424447,10,64,,True,False,Request timeout: 300.0s exceeded,550,21.16838264042747
492,2026-09-14T02:32:09.671+00:00,2026-09-14T02:37:03.453+00:00,2026-09-14T02:37:09.737+00:00,False,105,104.0,,104.0,293781.765197,300066.616653,300066.616516,2857.777300152381,0.0,293781.765197,28664.280816744984,88.79516100000001,60.431264,28.156035465261947,0.3465897045130703,10,64,,True,False,Request timeout: 300.0s exceeded,406,21.16838264042747
493,2026-09-14T02:32:13.104+00:00,2026-09-14T02:37:07.188+00:00,2026-09-14T02:37:13.170+00:00,False,92,91.0,,91.0,294083.77261299995,300065.85670899996,300065.85662,3261.5853980434777,0.0,294083.77261299995,30653.507275507694,88.50599319999999,65.73718786813187,22.38826011949266,0.30326675949756804,10,64,,True,False,Request timeout: 300.0s exceeded,444,21.16838264042747
494,2026-09-14T02:32:15.890+00:00,2026-09-14T02:37:09.520+00:00,2026-09-14T02:37:15.955+00:00,False,97,96.0,,96.0,293629.913353,300065.691145,300065.690993,3093.460731886598,0.07037,293629.913353,29806.800832608373,89.37137360000001,67.039352,20.53239091646859,0.3199299447853575,10,64,,True,False,Request timeout: 300.0s exceeded,373,21.16838264042747
495,2026-09-14T02:32:20.049+00:00,2026-09-14T02:37:13.693+00:00,2026-09-14T02:37:20.116+00:00,False,100,99.0,,99.0,293643.921997,300067.147085,300067.147224,3000.67147224,0.02112,293643.921997,29357.91123055878,88.2513379,64.88106149494949,20.57523860563581,0.32992615473481435,10,64,,True,False,Request timeout: 300.0s exceeded,620,21.16838264042747
496,2026-09-14T02:32:24.367+00:00,2026-09-14T02:37:18.193+00:00,2026-09-14T02:37:24.391+00:00,False,95,94.0,,94.0,293826.388506,300023.77116199996,300023.771089,3158.1449588315786,0.020550000000000002,293826.388506,30139.193781169168,88.368392,65.92960272340426,20.094923478410458,0.3133085076423629,10,64,,True,False,Request timeout: 300.0s exceeded,541,21.16838264042747
497,2026-09-14T02:32:27.819+00:00,2026-09-14T02:37:21.508+00:00,2026-09-14T02:37:27.853+00:00,False,96,95.0,,95.0,293688.42434100003,300033.996181,300033.996141,3125.3541264687506,0.026789999999999998,293688.42434100003,29967.63874981789,87.71166000000001,66.79549305263158,20.212483732206024,0.3166307858749774,10,64,,True,False,Request timeout: 300.0s exceeded,475,21.16838264042747
498,2026-09-14T02:32:32.187+00:00,2026-09-14T02:37:25.698+00:00,2026-09-14T02:37:32.202+00:00,False,95,94.0,,94.0,293510.60006,300014.695804,300014.69568600005,3158.0494282736845,0.08476,293510.60006,30106.458988725666,86.5463637,69.19250791489361,18.80941850846171,0.31331798513433595,10,64,,True,False,Request timeout: 300.0s exceeded,184,21.16838264042747
499,2026-09-14T02:32:35.481+00:00,2026-09-14T02:37:29.128+00:00,2026-09-14T02:37:35.503+00:00,False,93,92.0,,92.0,293646.871274,300021.443306,300021.443225,3226.037023924731,0.02311,293646.871274,30442.5828829646,86.35450359999999,69.2888264347826,18.759944058469934,0.3066447484094219,10,64,,True,False,Request timeout: 300.0s exceeded,455,21.16838264042747
500,2026-09-14T02:32:38.801+00:00,2026-09-14T02:37:32.877+00:00,2026-09-14T02:37:38.872+00:00,False,90,89.0,,89.0,294075.627999,300070.644447,300070.644534,3334.1182726,0.03861,294075.627999,30991.198624083998,86.46479555,67.35973537078652,19.3987067738298,0.29659682360471495,10,64,,True,False,Request timeout: 300.0s exceeded,382,21.16838264042747
501,2026-09-14T02:32:43.059+00:00,2026-09-14T02:37:36.692+00:00,2026-09-14T02:37:43.115+00:00,False,94,93.0,,93.0,293632.75644599996,300055.49718199996,300055.49738399993,3192.0797594042547,0.02376,293632.75644599996,30278.789405209456,88.4207475,69.06172834408602,19.511954259857323,0.30994266351864386,10,64,,True,False,Request timeout: 300.0s exceeded,380,21.16838264042747
502,2026-09-14T02:32:45.872+00:00,2026-09-14T02:37:39.752+00:00,2026-09-14T02:37:45.909+00:00,False,87,86.0,,86.0,293879.649177,300037.047961,300037.04782,3448.7016990804595,0.023409,293879.649177,31499.534761615003,88.15252389999999,71.59766027906977,18.336032365663282,0.28663126965300173,10,64,,True,False,Request timeout: 300.0s exceeded,540,21.16838264042747
503,2026-09-14T02:32:50.086+00:00,2026-09-14T02:37:43.674+00:00,2026-09-14T02:37:50.159+00:00,False,96,95.0,,95.0,293588.297519,300073.009455,300073.009481,3125.7605154270836,0.03426,293588.297519,29957.26923158383,86.5787245,68.26012564210527,18.838538370082485,0.31658961988131273,10,64,,True,False,Request timeout: 300.0s exceeded,426,21.16838264042747
504,2026-09-14T02:32:52.672+00:00,2026-09-14T02:37:45.989+00:00,2026-09-14T02:37:52.695+00:00,False,101,100.0,,100.0,293316.93204000004,300022.993864,300022.99375600007,2970.5246906534658,0.03491,293316.93204000004,29179.45904141488,87.129745,67.06061824,19.16743877723707,0.3333077865536195,10,64,,True,False,Request timeout: 300.0s exceeded,312,21.16838264042747
505,2026-09-14T02:32:55.118+00:00,2026-09-14T02:37:48.895+00:00,2026-09-14T02:37:55.153+00:00,False,91,90.0,,90.0,293776.896968,300034.490056,300034.49008099997,3297.082308582417,0.022539999999999998,293776.896968,30788.904582255822,88.7687975,69.52881208888888,20.17278168978726,0.2999655139087574,10,64,,True,False,Request timeout: 300.0s exceeded,469,21.16838264042747
506,2026-09-14T02:32:57.973+00:00,2026-09-14T02:37:51.445+00:00,2026-09-14T02:37:58.021+00:00,False,95,94.0,,94.0,293471.60414,300048.295084,300048.295119,3158.4031065157897,0.026699999999999998,293471.60414,30102.37997491438,89.45673529999998,69.96479727659575,20.53806075602436,0.3132828999201087,10,64,,True,False,Request timeout: 300.0s exceeded,467,21.16838264042747
507,2026-09-14T02:33:01.092+00:00,2026-09-14T02:37:54.812+00:00,2026-09-14T02:38:01.122+00:00,False,89,88.0,,88.0,293719.86708399997,300029.882572,300029.88260699995,3371.122276483146,0.02186,293719.86708399997,31126.649327164163,90.0422054,71.70472145454545,20.0277661822126,0.29330411772861364,10,64,,True,False,Request timeout: 300.0s exceeded,438,21.16838264042747
508,2026-09-14T02:33:05.227+00:00,2026-09-14T02:37:58.874+00:00,2026-09-14T02:38:05.254+00:00,False,93,92.0,,92.0,293646.85364700004,300026.37876700005,300026.378711,3226.090093666667,0.0375,293646.85364700004,30442.576295057566,89.57967239999998,69.34266434782609,20.064266429844547,0.3066397040756441,10,64,,True,False,Request timeout: 300.0s exceeded,466,21.16838264042747
509,2026-09-14T02:33:09.236+00:00,2026-09-14T02:38:02.757+00:00,2026-09-14T02:38:09.323+00:00,False,96,95.0,,95.0,293520.55392000003,300086.83820800006,300086.83819000004,3125.904564479167,0.024458999999999998,293520.55392000003,29950.268846044542,90.56740399999998,69.11878197894737,20.824853027043073,0.3165750306388059,10,64,,True,False,Request timeout: 300.0s exceeded,370,21.16838264042747
510,2026-09-14T02:33:12.245+00:00,2026-09-14T02:38:05.820+00:00,2026-09-14T02:38:12.762+00:00,False,58,57.0,,57.0,293574.516394,300517.06154599995,300517.06156099995,5181.328647603448,0.02432,293574.516394,38534.28998339955,90.71719335,121.79903775438596,402.029400623842,0.18967309112755665,10,64,,True,False,Request timeout: 300.0s exceeded,275,21.16838264042747
511,2026-09-14T02:33:15.620+00:00,2026-09-14T02:38:09.191+00:00,2026-09-14T02:38:15.697+00:00,False,107,106.0,,106.0,293570.55342,300077.359692,300077.359767,2804.461306233645,0.015309,293570.55342,28376.109828578155,89.194197,61.38496483018868,293.8843821217694,0.35324224429593293,10,64,,True,False,Request timeout: 300.0s exceeded,526,21.16838264042747
512,2026-09-14T02:33:19.708+00:00,2026-09-14T02:38:14.039+00:00,2026-09-14T02:38:19.731+00:00,False,88,87.0,,87.0,294331.601393,300023.584241,300023.58431999997,3409.3589127272726,0.02164,294331.601393,31368.885904364815,85.395779,65.42509020689656,19.693813767183933,0.2899772036924787,10,64,,True,False,Request timeout: 300.0s exceeded,358,21.16838264042747
513,2026-09-14T02:33:23.484+00:00,2026-09-14T02:38:17.211+00:00,2026-09-14T02:38:23.527+00:00,False,94,93.0,,93.0,293727.006887,300042.785959,300042.785967,3191.94453156383,0.02243,293727.006887,30288.629414945142,87.8612558,67.91160292473118,19.814683433803758,0.30995579414699936,10,64,,True,False,Request timeout: 300.0s exceeded,306,21.16838264042747
514,2026-09-14T02:33:26.098+00:00,2026-09-14T02:38:19.684+00:00,2026-09-14T02:38:26.167+00:00,False,98,97.0,,97.0,293585.673384,300068.470952,300068.470871,3061.9231721530614,0.03437,293585.673384,29649.88700206002,89.09977715,66.8329646185567,19.960643808361155,0.3232595537020498,10,64,,True,False,Request timeout: 300.0s exceeded,531,21.16838264042747
515,2026-09-14T02:33:28.797+00:00,2026-09-14T02:38:22.481+00:00,2026-09-14T02:38:28.870+00:00,False,98,97.0,,97.0,293683.79058499995,300072.97228099994,300072.97220099997,3061.969104091836,0.023420000000000003,293683.79058499995,29659.895800905957,88.0290467,65.86785253608248,19.92463107389434,0.32325470455621524,10,64,,True,False,Request timeout: 300.0s exceeded,377,21.16838264042747
516,2026-09-14T02:33:33.089+00:00,2026-09-14T02:38:26.720+00:00,2026-09-14T02:38:33.166+00:00,False,100,99.0,,99.0,293631.03052499995,300077.10719699995,300077.10719899996,3000.7710719899997,0.02124,293631.03052499995,29356.598935799717,87.437443,65.11188557575758,20.48043484907993,0.3299152038779377,10,64,,True,False,Request timeout: 300.0s exceeded,462,21.16838264042747
517,2026-09-14T02:33:36.859+00:00,2026-09-14T02:38:30.289+00:00,2026-09-14T02:38:36.873+00:00,False,97,96.0,,96.0,293430.283707,300014.606011,300014.60596,3092.934082061856,0.023309999999999997,293430.283707,29786.37444120886,89.4030538,68.58669066666667,20.579109485199286,0.31998442101342284,10,64,,True,False,Request timeout: 300.0s exceeded,599,21.16838264042747
518,2026-09-14T02:33:41.233+00:00,2026-09-14T02:38:35.105+00:00,2026-09-14T02:38:41.284+00:00,False,90,89.0,,89.0,293871.88094199996,300051.24042999995,300051.240449,3333.902671655555,0.02305,293871.88094199996,30969.50352600029,87.98666605000003,69.43100548314607,19.48605771769775,0.29661600422799494,10,64,,True,False,Request timeout: 300.0s exceeded,453,21.16838264042747
519,2026-09-14T02:33:44.190+00:00,2026-09-14T02:38:37.985+00:00,2026-09-14T02:38:44.267+00:00,False,94,93.0,,93.0,293794.861155,300076.589667,300076.589636,3192.3041450638298,0.03698,293794.861155,30295.665870913603,86.58818315,67.54546787096774,19.907361250026455,0.3099208775439752,10,64,,True,False,Request timeout: 300.0s exceeded,434,21.16838264042747
520,2026-09-14T02:33:47.338+00:00,2026-09-14T02:38:40.648+00:00,2026-09-14T02:38:47.345+00:00,False,105,104.0,,104.0,293309.896276,300007.16834000003,300007.16853100003,2857.211128866667,0.023889,293309.896276,28617.837580101117,86.7918112,64.39684676923076,20.33009704433628,0.3466583834494786,10,64,,True,False,Request timeout: 300.0s exceeded,256,21.16838264042747
521,2026-09-14T02:33:50.297+00:00,2026-09-14T02:38:43.892+00:00,2026-09-14T02:38:50.356+00:00,False,100,99.0,,99.0,293595.601632,300059.429344,300059.429429,3000.59429429,0.02209,293595.601632,29353.037863159094,87.73919695000001,65.29118901010101,20.109668241218827,0.3299346406691405,10,64,,True,False,Request timeout: 300.0s exceeded,479,21.16838264042747
522,2026-09-14T02:33:52.697+00:00,2026-09-14T02:38:46.409+00:00,2026-09-14T02:38:52.707+00:00,False,94,93.0,,93.0,293712.546965,300009.770133,300009.770164,3191.5932996170213,0.03805,293712.546965,30287.158044524527,88.45032115,67.71207707526882,18.989131401837952,0.3099899045246805,10,64,,True,False,Request timeout: 300.0s exceeded,391,21.16838264042747
523,2026-09-14T02:33:57.043+00:00,2026-09-14T02:38:50.485+00:00,2026-09-14T02:38:57.090+00:00,False,98,97.0,,97.0,293441.932573,300046.816285,300046.816423,3061.7022083979596,0.02869,293441.932573,29635.239679811344,89.48641285,68.09158465979381,19.702636419073112,0.32328288365461066,10,64,,True,False,Request timeout: 300.0s exceeded,445,21.16838264042747
524,2026-09-14T02:34:00.051+00:00,2026-09-14T02:38:53.727+00:00,2026-09-14T02:39:00.101+00:00,False,96,95.0,,95.0,293676.163548,300050.08918,300050.08920499997,3125.521762552083,0.044020000000000004,293676.163548,29966.3567679627,87.54757799999999,67.09395402105262,19.973435162535978,0.3166138035806732,10,64,,True,False,Request timeout: 300.0s exceeded,436,21.16838264042747
525,2026-09-14T02:34:03.218+00:00,2026-09-14T02:38:56.929+00:00,2026-09-14T02:39:03.282+00:00,False,92,91.0,,91.0,293711.648012,300064.512268,300064.512254,3261.5707853695653,0.02892,293711.648012,30614.2839388508,87.9855055,69.81169512087911,19.619659808657204,0.30326811828625755,10,64,,True,False,Request timeout: 300.0s exceeded,380,21.16838264042747
526,2026-09-14T02:34:06.812+00:00,2026-09-14T02:39:00.184+00:00,2026-09-14T02:39:06.842+00:00,False,101,100.0,,100.0,293371.306038,300029.922614,300029.922785,2970.59329490099,0.04087,293371.306038,29184.91722993235,87.80062400000001,66.58616576,20.017799490055417,0.3333000893002724,10,64,,True,False,Request timeout: 300.0s exceeded,423,21.16838264042747
527,2026-09-14T02:34:10.402+00:00,2026-09-14T02:39:03.841+00:00,2026-09-14T02:39:10.413+00:00,False,103,102.0,,102.0,293438.666165,300011.186869,300011.186903,2912.729969932039,0.02972,293438.666165,28907.02905603225,89.36215910000001,64.43647749019608,20.587142656279095,0.33998732202122295,10,64,,True,False,Request timeout: 300.0s exceeded,490,21.16838264042747
528,2026-09-14T02:34:13.397+00:00,2026-09-14T02:39:07.112+00:00,2026-09-14T02:39:13.434+00:00,False,93,92.0,,92.0,293715.57824,300037.470336,300037.470198,3226.2093569677418,0.02447,293715.57824,30449.767615955712,88.68551240000001,68.7162184347826,19.994527958531904,0.3066283684400247,10,64,,True,False,Request timeout: 300.0s exceeded,137,21.16838264042747
529,2026-09-14T02:34:17.031+00:00,2026-09-14T02:39:10.670+00:00,2026-09-14T02:39:17.074+00:00,False,94,93.0,,93.0,293638.82882999995,300042.41410999995,300042.41405599995,3191.9405750638293,0.04029,293638.82882999995,30279.43693151855,87.811031,68.85575569892474,19.453981317244594,0.30995617828186395,10,64,,True,False,Request timeout: 300.0s exceeded,426,21.16838264042747
530,2026-09-14T02:34:20.154+00:00,2026-09-14T02:39:13.694+00:00,2026-09-14T02:39:20.162+00:00,False,96,95.0,,95.0,293539.998028,300007.759436,300007.759358,3125.0808266458334,0.03322,293539.998028,29952.358476831465,88.20297975,68.08169903157895,19.748150698779412,0.3166584763627293,10,64,,True,False,Request timeout: 300.0s exceeded,219,21.16838264042747
531,2026-09-14T02:34:22.555+00:00,2026-09-14T02:39:16.460+00:00,2026-09-14T02:39:22.639+00:00,False,90,89.0,,89.0,293905.24963700003,300084.64086900005,300084.64075500006,3334.273786166667,0.02204,293905.24963700003,30973.020565005252,87.69329395000001,69.43136215730338,19.010604046685135,0.2965829898600254,10,64,,True,False,Request timeout: 300.0s exceeded,218,21.16838264042747
532,2026-09-14T02:34:25.446+00:00,2026-09-14T02:39:19.198+00:00,2026-09-14T02:39:25.463+00:00,False,93,92.0,,92.0,293752.049709,300016.40452499996,300016.404638,3225.982845569892,0.021829,293752.049709,30453.614547730984,88.55173500000001,68.0908132173913,20.248875500170577,0.30664989851357866,10,64,,True,False,Request timeout: 300.0s exceeded,355,21.16838264042747
533,2026-09-14T02:34:28.209+00:00,2026-09-14T02:39:21.932+00:00,2026-09-14T02:39:28.217+00:00,False,92,91.0,,91.0,293723.278859,300008.149771,300008.149784,3260.9581498260873,0.02168,293723.278859,30615.574883998983,89.906211,69.06451551648351,20.312628732203123,0.30332509323317197,10,64,,True,False,Request timeout: 300.0s exceeded,443,21.16838264042747
534,2026-09-14T02:34:31.754+00:00,2026-09-14T02:39:25.419+00:00,2026-09-14T02:39:31.771+00:00,False,95,94.0,,94.0,293665.34936,300017.55697599996,300017.556913,3158.0795464526313,0.0225,293665.34936,30122.50251325344,88.21389799999999,67.57667676595744,20.06827556536088,0.31331499712038374,10,64,,True,False,Request timeout: 300.0s exceeded,355,21.16838264042747
535,2026-09-14T02:34:35.900+00:00,2026-09-14T02:39:29.454+00:00,2026-09-14T02:39:35.947+00:00,False,111,110.0,,110.0,293553.952842,300047.353162,300047.353249,2703.1293085495495,0.02804,293553.952842,27857.31201027139,86.6738615,59.030912,19.58799806253798,0.36660879971372173,10,64,,True,False,Request timeout: 300.0s exceeded,404,21.16838264042747
536,2026-09-14T02:34:39.448+00:00,2026-09-14T02:39:32.982+00:00,2026-09-14T02:39:39.554+00:00,True,145,145.0,,145.0,293533.566834,300105.37253,300105.372465,2069.6922238965517,0.018879,293533.566834,24372.872864861074,90.9552592,45.637539555555556,36.36827935872782,0.4831636260877172,10,64,,True,True,,309,21.16838264042747
0,2026-09-14T02:04:40.889+00:00,2026-09-14T02:04:41.078+00:00,2026-09-14T02:04:50.905+00:00,True,191,191.0,,191.0,188.209233,10015.155793,10015.155744,52.43537038743455,0.0414,188.209233,21.044133531288804,88.8298525,51.720771368421055,18.631913246770292,19.071096241308364,11,64,,False,True,,812,21.16838264042747
1,2026-09-14T02:04:45.094+00:00,2026-09-14T02:04:45.258+00:00,2026-09-14T02:04:56.192+00:00,True,176,176.0,,176.0,163.98935500000002,11097.918571,11097.918453,63.05635484659091,39.879476000000004,163.98935500000002,22.018330309778786,95.65964125,62.479595520000004,20.705306350630753,15.858829642155246,11,64,,False,True,,814,21.16838264042747
2,2026-09-14T02:04:49.188+00:00,2026-09-14T02:04:53.406+00:00,2026-09-14T02:05:01.754+00:00,True,124,124.0,,124.0,4217.984662,12565.950357999998,12565.950309,101.33830894354838,40.971063,4217.984662,373.30531019790425,94.88782065,67.86963980487806,21.489086787523863,9.86793648449013,11,64,,False,True,,580,21.16838264042747
3,2026-09-14T02:04:52.231+00:00,2026-09-14T02:04:58.103+00:00,2026-09-14T02:05:12.705+00:00,True,225,225.0,,225.0,5872.423685,20473.552901,20473.552945,90.99356864444444,39.807216,5872.423685,387.7298929622989,94.81178200000001,65.18361257142857,21.257397281695177,10.989787707487265,11,64,,False,True,,1104,21.16838264042747
4,2026-09-14T02:04:57.124+00:00,2026-09-14T02:05:07.235+00:00,2026-09-14T02:05:22.679+00:00,True,229,229.0,,229.0,10110.552544,25555.042783999997,25555.042876,111.59407369432314,21.525903999999997,10110.552544,664.0108843286137,94.18721000000001,67.73899228070175,22.0040027460865,8.961049368439204,11,64,,False,True,,939,21.16838264042747
5,2026-09-14T02:05:02.440+00:00,2026-09-14T02:05:16.049+00:00,2026-09-14T02:05:28.836+00:00,True,191,191.0,,191.0,13608.624072,26395.979464,26395.979494,138.19884551832462,39.508176,13608.624072,980.0664620026087,93.83938699999999,67.30187048421053,22.228156746770992,7.235950469672634,11,64,,False,True,,892,21.16838264042747
6,2026-09-14T02:05:07.185+00:00,2026-09-14T02:05:24.446+00:00,2026-09-14T02:05:35.725+00:00,True,167,167.0,,167.0,17261.100835,28539.683875000002,28539.683828,170.8963103473054,38.936798,17261.100835,1330.629591707287,96.99146219999999,67.9432713253012,22.141295794726524,5.851501394739958,11,64,,False,True,,802,21.16838264042747
7,2026-09-14T02:05:12.746+00:00,2026-09-14T02:05:34.401+00:00,2026-09-14T02:05:53.406+00:00,True,292,292.0,,292.0,21655.557114,40660.385786,40660.385686,139.2478961849315,0.01703,21655.557114,1263.7351022354205,96.25580344999999,65.30868959450171,25.74568831119651,7.181437026614247,11,64,,False,True,,1201,21.16838264042747
8,2026-09-14T02:05:17.714+00:00,2026-09-14T02:05:43.827+00:00,2026-09-14T02:05:51.908+00:00,True,123,123.0,,123.0,26113.46292,34193.657736,34193.657653,277.9972166910569,39.384896999999995,26113.46292,2348.706798594146,96.5496162,66.23110504918033,22.511361144095204,3.5971583078256733,11,64,,False,True,,547,21.16838264042747
9,2026-09-14T02:05:21.613+00:00,2026-09-14T02:05:49.963+00:00,2026-09-14T02:06:03.736+00:00,True,207,207.0,,207.0,28350.398568,42122.988648,42122.988806,203.49269954589371,40.569364,28350.398568,1965.960759219167,94.8871127,66.85723339805826,21.659908056437033,4.914181226070919,11,64,,False,True,,956,21.16838264042747
10,2026-09-14T02:05:24.911+00:00,2026-09-14T02:05:55.334+00:00,2026-09-14T02:06:04.795+00:00,True,144,144.0,,144.0,30422.945781,39884.538357,39884.538423,276.97596127083335,39.147637,30422.945781,2529.831155342221,96.59994015000001,66.16498304895106,22.507239952416608,3.6104216303340277,11,64,,False,True,,274,21.16838264042747
11,2026-09-14T02:05:29.760+00:00,2026-09-14T02:06:04.470+00:00,2026-09-14T02:06:23.381+00:00,True,283,283.0,,283.0,34710.53421500001,53620.98311100001,53620.983118000004,189.4734385795053,9.073611000000001,34710.53421500001,2059.4675512637123,94.6324451,67.05832941843971,22.881638541916956,5.277784620512568,11,64,,False,True,,1285,21.16838264042747
12,2026-09-14T02:05:32.913+00:00,2026-09-14T02:06:09.949+00:00,2026-09-14T02:06:25.372+00:00,True,233,233.0,,233.0,37035.208078,52459.198350000006,52459.198347000005,225.14677402145924,3.282433,37035.208078,2422.009147136747,93.96157,66.48271668965516,22.86046438570432,4.441547094285705,11,64,,False,True,,453,21.16838264042747
13,2026-09-14T02:05:37.775+00:00,2026-09-14T02:06:18.551+00:00,2026-09-14T02:06:33.851+00:00,True,231,231.0,,231.0,40775.788166,56075.260294,56075.260318,242.75004466666667,0.01661,40775.788166,2678.6559772882383,94.84452999999999,66.51944403478261,31.356748631962443,4.119463713389428,11,64,,False,True,,1133,21.16838264042747
14,2026-09-14T02:05:43.331+00:00,2026-09-14T02:06:26.942+00:00,2026-09-14T02:06:38.428+00:00,True,172,172.0,,172.0,43611.281273,55097.657721,55097.65751,320.33521808139534,0.016239999999999997,43611.281273,3320.370269470291,95.771479,67.17179209356725,33.001555867232824,3.121729799676106,11,64,,False,True,,573,21.16838264042747
15,2026-09-14T02:05:47.443+00:00,2026-09-14T02:06:35.280+00:00,2026-09-14T02:06:43.190+00:00,True,119,119.0,,119.0,47837.796738,55747.523202,55747.523128999994,468.46658091596635,41.710442,47837.796738,4379.18924935861,92.59442089999999,67.03158020338984,21.096878891739486,2.134623982644143,11,64,,False,True,,585,21.16838264042747
16,2026-09-14T02:05:50.564+00:00,2026-09-14T02:06:41.257+00:00,2026-09-14T02:06:59.020+00:00,True,266,266.0,,266.0,50693.028590999995,68456.90340699999,68456.903349,257.35677950751875,11.772086,50693.028590999995,3104.16151953171,95.70910475000001,67.03348987169811,22.68792379044869,3.8856563291876927,11,64,,False,True,,1239,21.16838264042747
17,2026-09-14T02:05:54.803+00:00,2026-09-14T02:06:47.235+00:00,2026-09-14T02:06:54.886+00:00,True,118,118.0,,118.0,52432.037271,60083.374743,60083.37492,509.18114338983054,41.213814,52432.037271,4820.787019218478,94.18941105,65.39604676923076,21.36658935726973,1.9639376200942769,11,64,,False,True,,388,21.16838264042747
18,2026-09-14T02:05:57.828+00:00,2026-09-14T02:06:53.556+00:00,2026-09-14T02:07:03.429+00:00,True,147,147.0,,147.0,55727.972932,65600.22714,65600.227244,446.26004927891154,41.388053,55727.972932,4590.839213721254,94.85878789999998,67.61817950684932,21.61317868206755,2.240845899607658,11,64,,False,True,,691,21.16838264042747
19,2026-09-14T02:06:02.591+00:00,2026-09-14T02:07:01.319+00:00,2026-09-14T02:07:08.141+00:00,True,108,108.0,,108.0,58728.041451,65549.54186699999,65549.54182299999,606.9402020648148,0.0,58728.041451,5645.031592910501,96.10456085,63.7523403364486,25.65245203668552,1.6476087692440626,11,64,,False,True,,454,21.16838264042747
20,2026-09-14T02:06:07.046+00:00,2026-09-14T02:07:09.436+00:00,2026-09-14T02:07:23.327+00:00,True,205,205.0,,205.0,62390.054137,76281.763577,76281.763683,372.10616430731704,40.725465,62390.054137,4352.814723948026,97.0805248,68.09661490196079,22.987373645088603,2.6874050937885015,11,64,,False,True,,821,21.16838264042747
21,2026-09-14T02:06:11.977+00:00,2026-09-14T02:07:18.176+00:00,2026-09-14T02:07:25.743+00:00,True,119,119.0,,119.0,66199.202029,73766.429165,73766.429274,619.8859602857142,36.831442,66199.202029,6062.629580217426,94.39271099999998,64.12904352542373,21.380137549767795,1.6131999521601084,11,64,,False,True,,630,21.16838264042747
22,2026-09-14T02:06:16.875+00:00,2026-09-14T02:07:27.384+00:00,2026-09-14T02:07:39.210+00:00,True,182,182.0,,182.0,70508.179464,82335.03796,82335.03785000001,452.39031785714286,0.01995,70508.179464,5221.74111608663,95.06743490000001,65.34175964640885,42.32455741529564,2.2104805500717593,11,64,,False,True,,657,21.16838264042747
23,2026-09-14T02:06:19.939+00:00,2026-09-14T02:07:32.284+00:00,2026-09-14T02:07:41.143+00:00,True,138,138.0,,138.0,72344.780455,81204.46071099999,81204.460634,588.4381205362318,38.918557,72344.780455,6152.928062573136,94.834303,64.6691989489051,21.238405664421354,1.6994140320829254,11,64,,False,True,,705,21.16838264042747
24,2026-09-14T02:06:23.723+00:00,2026-09-14T02:07:38.312+00:00,2026-09-14T02:07:52.289+00:00,True,218,218.0,,218.0,74589.07716500001,88566.266541,88566.266522,406.26727762385326,0.0,74589.07716500001,5047.504143880978,92.01456465,64.41101094930875,24.012220307103558,2.461433777374834,11,64,,False,True,,1059,21.16838264042747
25,2026-09-14T02:06:28.628+00:00,2026-09-14T02:07:47.608+00:00,2026-09-14T02:08:00.729+00:00,True,200,200.0,,200.0,78979.976509,92100.529213,92100.529254,460.50264627,0.0,78979.976509,5580.119993742911,93.6533525,65.9324256482412,24.70717317271215,2.1715401823312215,11,64,,False,True,,936,21.16838264042747
26,2026-09-14T02:06:32.671+00:00,2026-09-14T02:07:54.929+00:00,2026-09-14T02:08:13.700+00:00,True,285,285.0,,285.0,82258.493364,101028.76638799999,101028.76630599999,354.48689931929823,34.457428,82258.493364,4868.704600345418,95.082227,66.09251064788732,21.42147629889737,2.820978719125009,11,64,,False,True,,1481,21.16838264042747
27,2026-09-14T02:06:37.762+00:00,2026-09-14T02:08:03.402+00:00,2026-09-14T02:08:17.680+00:00,True,218,218.0,,218.0,85640.140237,99918.475213,99918.475167,458.341629206422,0.0,85640.140237,5795.8850428390315,96.05497670000001,65.79877869124424,26.280563192525904,2.1817786904301846,11,64,,False,True,,1019,21.16838264042747
28,2026-09-14T02:06:42.451+00:00,2026-09-14T02:08:11.132+00:00,2026-09-14T02:08:25.057+00:00,True,211,211.0,,211.0,88681.117215,102606.688031,102606.68792200001,486.28762048341235,0.0,88681.117215,6100.698884071876,94.16885600000002,66.31224198095238,50.024849114168944,2.0563961672386473,11,64,,False,True,,1057,21.16838264042747
29,2026-09-14T02:06:46.049+00:00,2026-09-14T02:08:17.984+00:00,2026-09-14T02:08:29.423+00:00,True,174,174.0,,174.0,91935.055641,103373.81916099999,103373.819321,594.1024098908046,0.0155,91935.055641,6964.749961748336,96.25591015,66.12002034682081,50.762740761864045,1.683211488287987,11,64,,False,True,,856,21.16838264042747
30,2026-09-14T02:06:49.793+00:00,2026-09-14T02:08:24.821+00:00,2026-09-14T02:08:44.503+00:00,True,295,295.0,,295.0,95028.115528,114710.073928,114710.073937,388.8477082610169,0.0,95028.115528,5528.905641520672,96.46461370000002,66.94543673469387,24.149960779519233,2.5717008968642325,11,64,,False,True,,1524,21.16838264042747
31,2026-09-14T02:06:53.666+00:00,2026-09-14T02:08:31.525+00:00,2026-09-14T02:08:46.401+00:00,True,224,224.0,,224.0,97859.50565899999,112735.376635,112735.37669399999,503.2829316696428,0.0,97859.50565899999,6534.103084442118,96.05485300000001,66.70794159641255,24.823681050239127,1.9869539330607657,11,64,,False,True,,924,21.16838264042747
32,2026-09-14T02:06:57.619+00:00,2026-09-14T02:08:38.340+00:00,2026-09-14T02:08:49.180+00:00,True,165,165.0,,165.0,100720.782159,111561.624399,111561.624522,676.1310577090909,37.62372,100720.782159,7835.988042021409,94.7196382,66.10269658536585,22.418372159222557,1.47900320463135,11,64,,False,True,,577,21.16838264042747
33,2026-09-14T02:07:00.822+00:00,2026-09-14T02:08:44.735+00:00,2026-09-14T02:08:53.792+00:00,True,137,137.0,,137.0,103912.45482,112969.315748,112969.315738,824.5935455328467,40.173545,103912.45482,8872.177309163158,94.94795580000002,66.59456564705883,21.853398661478398,1.2127186846524336,11,64,,False,True,,647,21.16838264042747
34,2026-09-14T02:07:05.409+00:00,2026-09-14T02:08:53.012+00:00,2026-09-14T02:09:06.852+00:00,True,211,211.0,,211.0,107602.393377,121442.236193,121442.235978,575.5556207488152,0.0,107602.393377,7403.170761569147,94.69029450000002,65.90401340952381,28.219754087972078,1.7374515375743893,11,64,,False,True,,520,21.16838264042747
35,2026-09-14T02:07:09.841+00:00,2026-09-14T02:09:01.532+00:00,2026-09-14T02:09:12.384+00:00,True,164,164.0,,164.0,111690.97965800001,122542.41543400001,122542.41552000001,747.2098507317074,32.82349,111690.97965800001,8716.430629031542,95.66393400000001,66.5732256196319,22.512328054604225,1.338312121718611,11,64,,False,True,,673,21.16838264042747
36,2026-09-14T02:07:13.901+00:00,2026-09-14T02:09:08.045+00:00,2026-09-14T02:09:18.179+00:00,True,143,143.0,,143.0,114143.980472,124277.2766,124277.27660099999,869.0718643426574,0.032780000000000004,114143.980472,9539.418495826541,98.36869320000001,71.36124033802817,59.91874346783714,1.1506528298029988,11,64,,False,True,,589,21.16838264042747
37,2026-09-14T02:07:19.061+00:00,2026-09-14T02:09:17.178+00:00,2026-09-14T02:09:26.007+00:00,True,134,134.0,,134.0,118117.510915,126946.44403500001,126946.444069,947.3615229029851,0.0,118117.510915,10198.297145060531,96.47308725,66.38295578947368,69.18906222358274,1.0555632417955345,11,64,,False,True,,690,21.16838264042747
38,2026-09-14T02:07:24.293+00:00,2026-09-14T02:09:27.210+00:00,2026-09-14T02:09:34.756+00:00,True,117,117.0,,117.0,122916.575764,130462.84264399999,130462.842807,1115.0670325384615,39.025008,122916.575764,11357.647140337687,93.2658026,65.0540248275862,21.373663597488356,0.8968070726410841,11,64,,False,True,,538,21.16838264042747
39,2026-09-14T02:07:27.810+00:00,2026-09-14T02:09:32.442+00:00,2026-09-14T02:09:44.216+00:00,True,178,178.0,,178.0,124632.769086,136406.605118,136406.60518,766.3292425842697,39.930555999999996,124632.769086,9336.659644785943,96.51591484999999,66.51884763841808,21.428588509954906,1.3049221468859162,11,64,,False,True,,588,21.16838264042747
40,2026-09-14T02:07:31.642+00:00,2026-09-14T02:09:39.767+00:00,2026-09-14T02:09:56.083+00:00,True,247,247.0,,247.0,128124.64461599999,144440.48103199998,144440.481057,584.7792755344129,0.0,128124.64461599999,8148.206492679367,95.08096400000001,66.32453827642276,28.805283372644368,1.710046921993278,11,64,,False,True,,1158,21.16838264042747
41,2026-09-14T02:07:36.352+00:00,2026-09-14T02:09:47.371+00:00,2026-09-14T02:10:00.328+00:00,True,194,194.0,,194.0,131019.54743600001,143975.833132,143975.833172,742.1434699587629,39.074138,131019.54743600001,9401.861808580057,94.83822914999999,67.13101396891192,22.26740251120018,1.3474483583792625,11,64,,False,True,,999,21.16838264042747
42,2026-09-14T02:07:40.021+00:00,2026-09-14T02:09:53.792+00:00,2026-09-14T02:10:02.494+00:00,True,132,132.0,,132.0,133770.581992,142473.265896,142473.265912,1079.3429235757576,33.705559,133770.581992,11637.474156678474,95.9153795,66.4327015572519,22.563405179302915,0.9264896061016453,11,64,,False,True,,619,21.16838264042747
43,2026-09-14T02:07:45.387+00:00,2026-09-14T02:10:02.948+00:00,2026-09-14T02:10:12.914+00:00,True,150,150.0,,150.0,137560.442312,147526.498248,147526.498333,983.5099888866666,0.0,137560.442312,11226.346838110423,94.4072135,66.88628144966442,31.89290336498782,1.0167664913176608,11,64,,False,True,,617,21.16838264042747
44,2026-09-14T02:07:48.635+00:00,2026-09-14T02:10:09.940+00:00,2026-09-14T02:10:27.182+00:00,True,262,262.0,,262.0,141305.221946,158546.42617,158546.426123,605.1390310038169,0.0,141305.221946,8726.000804675177,96.35347554999998,66.05825373180076,61.533556155719275,1.652512808576794,11,64,,False,True,,1389,21.16838264042747
45,2026-09-14T02:07:51.864+00:00,2026-09-14T02:10:15.408+00:00,2026-09-14T02:10:29.344+00:00,True,214,214.0,,214.0,143543.596517,157479.520741,157479.520945,735.8856118925233,0.01625,143543.596517,9808.174727036629,96.6392333,65.42687429107981,64.17520918240098,1.3589068533676636,11,64,,False,True,,526,21.16838264042747
46,2026-09-14T02:07:55.064+00:00,2026-09-14T02:10:20.622+00:00,2026-09-14T02:10:30.012+00:00,True,142,142.0,,142.0,145558.43219800002,154948.522694,154948.52290700004,1091.1867810352114,40.474525,145558.43219800002,12209.421828605697,93.90391304999999,66.5963864964539,21.150098674620555,0.916433390464965,11,64,,False,True,,705,21.16838264042747
47,2026-09-14T02:07:58.771+00:00,2026-09-14T02:10:27.633+00:00,2026-09-14T02:10:40.026+00:00,True,181,181.0,,181.0,148862.805883,161255.036539,161255.036501,890.9118038729281,9.547709000000001,148862.805883,11059.815719650744,95.95455699999998,68.84572586666665,32.59395008502265,1.1224455612970863,11,64,,False,True,,829,21.16838264042747
48,2026-09-14T02:08:03.396+00:00,2026-09-14T02:10:35.379+00:00,2026-09-14T02:10:47.907+00:00,True,191,191.0,,191.0,151983.461948,164510.932028,164510.932061,861.3137804240838,0.0,151983.461948,10992.418285717456,96.2749815,65.93405305263158,33.8215209924314,1.161017068260798,11,64,,False,True,,641,21.16838264042747
49,2026-09-14T02:08:07.144+00:00,2026-09-14T02:10:41.966+00:00,2026-09-14T02:10:58.973+00:00,True,258,258.0,,258.0,154822.173136,171829.374928,171829.374878,666.0053289844961,2.682674,154822.173136,9634.713197061423,96.04170049999999,66.17588245914396,22.27355077356141,1.5014894869291544,11,64,,False,True,,1054,21.16838264042747
50,2026-09-14T02:08:12.585+00:00,2026-09-14T02:10:52.613+00:00,2026-09-14T02:11:06.364+00:00,True,214,214.0,,214.0,160027.421437,173778.84262100002,173778.84273600002,812.0506669906542,40.152474999999995,160027.421437,10934.8562148425,93.45824200000001,64.56066283568076,21.0509397436698,1.2314502546591337,11,64,,False,True,,857,21.16838264042747
51,2026-09-14T02:08:17.032+00:00,2026-09-14T02:10:58.831+00:00,2026-09-14T02:11:11.199+00:00,True,189,189.0,,189.0,161798.57709200002,174167.284164,174167.28426200003,921.5200225502647,0.0,161798.57709200002,11764.375923953283,93.7001526,65.79099506382978,33.2730250257618,1.0851636167331697,11,64,,False,True,,602,21.16838264042747
52,2026-09-14T02:08:21.947+00:00,2026-09-14T02:11:08.069+00:00,2026-09-14T02:11:18.377+00:00,True,157,157.0,,157.0,166122.670808,176430.442456,176430.442504,1123.7607802802547,0.0,166122.670808,13252.804984260609,94.5241288,66.07545928205128,34.99279854173344,0.8898691054360092,11,64,,False,True,,681,21.16838264042747
53,2026-09-14T02:08:27.126+00:00,2026-09-14T02:11:17.431+00:00,2026-09-14T02:11:36.868+00:00,True,293,293.0,,293.0,170304.932753,189742.478481,189742.478388,647.5852504709898,0.01567,170304.932753,9945.629194683263,97.265429,66.56693742465752,62.812524603065505,1.5441982330242394,11,64,,False,True,,1231,21.16838264042747
54,2026-09-14T02:08:31.204+00:00,2026-09-14T02:11:25.261+00:00,2026-09-14T02:11:31.986+00:00,True,100,100.0,,100.0,174056.81256,180781.48609599998,180781.486197,1807.8148619699998,0.016640000000000002,174056.81256,17399.214580092754,97.065751,67.92599531313132,107.03856514198245,0.5531539880521683,11,64,,False,True,,473,21.16838264042747
55,2026-09-14T02:08:34.694+00:00,2026-09-14T02:11:30.372+00:00,2026-09-14T02:11:48.640+00:00,True,276,276.0,,276.0,175677.73765599998,193945.962168,193945.96211499997,702.7027612862319,0.0,175677.73765599998,10570.599430298313,95.09152725,66.42990731636364,29.452772157982494,1.423076804047733,11,64,,False,True,,1166,21.16838264042747
56,2026-09-14T02:08:38.973+00:00,2026-09-14T02:11:38.332+00:00,2026-09-14T02:11:57.609+00:00,True,285,285.0,,285.0,179358.52233399998,198636.075998,198636.075876,696.9686872842104,0.0,179358.52233399998,10620.303677544796,95.50328699999999,67.87871008450705,30.10661656646648,1.4347846863571225,11,64,,False,True,,828,21.16838264042747
57,2026-09-14T02:08:44.326+00:00,2026-09-14T02:11:47.083+00:00,2026-09-14T02:11:56.181+00:00,True,135,135.0,,135.0,182756.970901,191855.126677,191855.126526,1421.1490853777777,41.747341999999996,182756.970901,15723.389087372916,96.1974633,67.89668489552238,23.23768256259278,0.7036559425763007,11,64,,False,True,,709,21.16838264042747
58,2026-09-14T02:08:48.681+00:00,2026-09-14T02:11:55.673+00:00,2026-09-14T02:12:05.327+00:00,True,143,143.0,,143.0,186991.40712299998,196645.73697899998,196645.736976,1375.1450138181817,39.685176,186991.40712299998,15631.339219528243,98.00673799999998,67.9882384225352,23.584609113499663,0.727196033826409,11,64,,False,True,,668,21.16838264042747
59,2026-09-14T02:08:52.044+00:00,2026-09-14T02:12:00.947+00:00,2026-09-14T02:12:09.934+00:00,True,133,133.0,,133.0,188902.941586,197889.796754,197889.796716,1487.8932083909774,40.738054,188902.941586,16374.077189619235,99.936883,68.08223612121212,24.557546544853167,0.6720912456407969,11,64,,False,True,,671,21.16838264042747
60,2026-09-14T02:08:57.452+00:00,2026-09-14T02:12:11.211+00:00,2026-09-14T02:12:28.556+00:00,True,257,257.0,,257.0,193759.794834,211104.010386,211104.01033,821.4163826070039,0.0,193759.794834,12082.22044638466,96.4097248,67.750842,32.184977377502996,1.2174093686334049,11,64,,False,True,,1023,21.16838264042747
61,2026-09-14T02:09:02.954+00:00,2026-09-14T02:12:21.002+00:00,2026-09-14T02:12:30.478+00:00,True,145,145.0,,145.0,198048.55004,207524.251032,207524.25122900002,1431.2017326137932,39.67410700000001,198048.55004,16441.585683712845,93.28214380000001,65.80347911111112,21.137467978917062,0.6987135203665482,11,64,,False,True,,686,21.16838264042747
62,2026-09-14T02:09:06.082+00:00,2026-09-14T02:12:26.582+00:00,2026-09-14T02:12:45.573+00:00,True,293,293.0,,293.0,200499.387438,219490.86468600002,219490.864593,749.1155788156997,32.141862,200499.387438,11709.519464449046,94.717472,65.03930564383562,21.58085596061159,1.3349074933900367,11,64,,False,True,,1211,21.16838264042747
63,2026-09-14T02:09:10.991+00:00,2026-09-14T02:12:35.632+00:00,2026-09-14T02:12:53.553+00:00,True,276,276.0,,276.0,204640.173973,222561.746069,222561.746072,806.383137942029,0.0,204640.173973,12314.202767705825,95.15183150000001,65.16935307636363,76.14081616653228,1.2401052960576286,11,64,,False,True,,1158,21.16838264042747
64,2026-09-14T02:09:15.094+00:00,2026-09-14T02:12:43.342+00:00,2026-09-14T02:13:00.638+00:00,True,263,263.0,,263.0,208247.216439,225543.96370300002,225543.96366500002,857.5816108935362,0.0,208247.216439,12837.242444875043,95.7892651,66.01811932824428,78.61888190359896,1.1660697793992958,11,64,,False,True,,935,21.16838264042747
65,2026-09-14T02:09:18.203+00:00,2026-09-14T02:12:48.667+00:00,2026-09-14T02:12:57.464+00:00,True,136,136.0,,136.0,210463.539102,219260.98729400002,219260.987441,1612.2131429485296,0.0,210463.539102,18041.832151426424,95.89428525,65.1662829037037,107.94393914434468,0.6202653818102258,11,64,,False,True,,638,21.16838264042747
66,2026-09-14T02:09:21.230+00:00,2026-09-14T02:12:53.930+00:00,2026-09-14T02:13:03.464+00:00,True,143,143.0,,143.0,212699.905731,222233.266115,222233.26605,1554.0787835664337,40.307005,212699.905731,17781.25890646119,94.781477,67.13634073239437,21.95566704711209,0.643468021236754,11,64,,False,True,,659,21.16838264042747
67,2026-09-14T02:09:26.767+00:00,2026-09-14T02:13:03.415+00:00,2026-09-14T02:13:20.161+00:00,True,254,254.0,,254.0,216648.142985,233394.15821700002,233394.15809100002,918.8746381535434,33.455699,216648.142985,13589.578169690309,94.17974485,66.18978352569171,22.030878228886827,1.0882877358217404,11,64,,False,True,,1112,21.16838264042747
68,2026-09-14T02:09:31.830+00:00,2026-09-14T02:13:11.995+00:00,2026-09-14T02:13:18.812+00:00,True,103,103.0,,103.0,220165.141416,226982.006184,226982.006301,2203.708799038835,41.291883,220165.141416,21686.94225045869,94.432225,66.83200752941177,22.363084221112725,0.4537804636218802,11,64,,False,True,,461,21.16838264042747
69,2026-09-14T02:09:37.092+00:00,2026-09-14T02:13:21.583+00:00,2026-09-14T02:13:33.752+00:00,True,186,186.0,,186.0,224490.830587,236659.080955,236659.080751,1272.3606491989246,0.0,224490.830587,16455.690431889238,93.14764975,65.77432631351351,39.39969184527594,0.7859406841665515,11,64,,False,True,,880,21.16838264042747
70,2026-09-14T02:09:40.745+00:00,2026-09-14T02:13:28.714+00:00,2026-09-14T02:13:45.724+00:00,True,254,254.0,,254.0,227969.013569,244979.400257,244979.400225,964.4858276574803,0.0,227969.013569,14299.875119472348,94.991105,67.23472999209486,36.22661077108253,1.0368218704655852,11,64,,False,True,,822,21.16838264042747
71,2026-09-14T02:09:43.861+00:00,2026-09-14T02:13:33.316+00:00,2026-09-14T02:13:41.655+00:00,True,129,129.0,,129.0,229455.15703099998,237794.23875899997,237794.23869199998,1843.3661914108525,36.474153,229455.15703099998,20196.674860233587,93.38477139999999,65.149076,20.987622292788384,0.5424858090474559,11,64,,False,True,,629,21.16838264042747
72,2026-09-14T02:09:47.073+00:00,2026-09-14T02:13:39.595+00:00,2026-09-14T02:13:52.815+00:00,True,195,195.0,,195.0,232522.55510199998,245741.73001399997,245741.729864,1260.213999302564,40.877053,232522.55510199998,16646.42184781972,96.9357387,68.1400768659794,22.726881255772263,0.7935160218367909,11,64,,False,True,,1091,21.16838264042747
73,2026-09-14T02:09:50.703+00:00,2026-09-14T02:13:46.828+00:00,2026-09-14T02:14:01.337+00:00,True,216,216.0,,216.0,236124.95202,250634.355156,250634.355326,1160.3442376203704,32.225452000000004,236124.95202,16061.692253470821,96.18031799999999,67.48559598139535,22.771476042462492,0.8618132173682141,11,64,,False,True,,1063,21.16838264042747
74,2026-09-14T02:09:54.445+00:00,2026-09-14T02:13:52.998+00:00,2026-09-14T02:14:04.091+00:00,True,169,169.0,,169.0,238552.713475,249646.323459,249646.323428,1477.1971800473373,34.611095999999996,238552.713475,18345.14252465397,94.40137179999999,66.03339276190476,22.145957524321435,0.6769576962256176,11,64,,False,True,,840,21.16838264042747
75,2026-09-14T02:09:58.622+00:00,2026-09-14T02:14:00.884+00:00,2026-09-14T02:14:09.019+00:00,True,122,122.0,,122.0,242262.273655,250397.592439,250397.59256699999,2052.4392833360657,40.832723,242262.273655,21927.32031820528,95.8164225,67.23403953719009,22.764279620804388,0.48722513188588557,11,64,,False,True,,495,21.16838264042747
76,2026-09-14T02:10:02.404+00:00,2026-09-14T02:14:07.616+00:00,2026-09-14T02:14:26.806+00:00,True,287,287.0,,287.0,245212.123157,264401.323797,264401.323656,921.2589674425087,0.0,245212.123157,14470.500396397538,96.590175,67.09510713286714,36.91707850069631,1.0854711159477803,11,64,,False,True,,1212,21.16838264042747
77,2026-09-14T02:10:06.293+00:00,2026-09-14T02:14:15.365+00:00,2026-09-14T02:14:27.939+00:00,True,189,189.0,,189.0,249072.077903,261645.281103,261645.280972,1384.366565989418,40.672804,249072.077903,18112.475743582003,94.0247588,66.87874042553192,21.481226670870925,0.7223520302114592,11,64,,False,True,,978,21.16838264042747
78,2026-09-14T02:10:10.130+00:00,2026-09-14T02:14:21.453+00:00,2026-09-14T02:14:41.073+00:00,True,297,297.0,,297.0,251323.35351800002,270942.93675,270942.936655,912.2657799831651,0.015969,251323.35351800002,14579.67530699609,93.5346816,66.28237578378379,87.43816109978748,1.0961717753655373,11,64,,False,True,,571,21.16838264042747
79,2026-09-14T02:10:14.993+00:00,2026-09-14T02:14:30.127+00:00,2026-09-14T02:14:37.847+00:00,True,117,117.0,,117.0,255133.791475,262854.016499,262854.01648,2246.6155254700857,0.01498,255133.791475,23581.371384599384,93.35801000000001,66.553664,137.41125150123398,0.4451139897283826,11,64,,False,True,,613,21.16838264042747
80,2026-09-14T02:10:19.486+00:00,2026-09-14T02:14:38.931+00:00,2026-09-14T02:14:58.360+00:00,True,298,298.0,,298.0,259445.761814,278873.81711,278873.816937,935.8181776409396,33.115258999999995,259445.761814,15025.515707822284,94.52834050000001,65.41432759595959,21.694261755139166,1.06858364506287,11,64,,False,True,,1412,21.16838264042747
81,2026-09-14T02:10:23.962+00:00,2026-09-14T02:14:45.458+00:00,2026-09-14T02:14:57.708+00:00,True,185,185.0,,185.0,261496.311048,273745.964296,273745.964236,1479.7079147891893,32.019842,261496.311048,19220.70940253081,95.4758238,66.5742024347826,22.316114621798206,0.6758090497362018,11,64,,False,True,,682,21.16838264042747
82,2026-09-14T02:10:28.486+00:00,2026-09-14T02:14:53.786+00:00,2026-09-14T02:15:00.990+00:00,True,109,109.0,,109.0,265299.70045500004,272503.81872700003,272503.81877600006,2500.0350346422024,0.0,265299.70045500004,25404.771511863015,96.59754120000001,66.70479881481481,54.54697734096537,0.39999439460772646,11,64,,False,True,,604,21.16838264042747
83,2026-09-14T02:10:32.432+00:00,2026-09-14T02:15:01.170+00:00,2026-09-14T02:15:14.993+00:00,True,205,205.0,,205.0,268737.157919,282560.22607900004,282560.22625400004,1378.342567092683,38.703228,268737.157919,18764.698084849322,96.13085199999999,67.76013803921569,22.471462110032828,0.7255090457872325,11,64,,False,True,,1030,21.16838264042747
84,2026-09-14T02:10:37.131+00:00,2026-09-14T02:15:08.558+00:00,2026-09-14T02:15:25.664+00:00,True,257,257.0,,257.0,271427.75823900005,288533.78217500006,288533.78218800004,1122.6995415875488,40.784213,271427.75823900005,16927.045594760446,96.4859232,66.820406,22.850576224960566,0.8907102595152122,11,64,,False,True,,421,21.16838264042747
85,2026-09-14T02:10:40.290+00:00,2026-09-14T02:15:14.577+00:00,2026-09-14T02:15:27.881+00:00,True,198,198.0,,198.0,274286.501863,287590.84157499997,287590.841599,1452.4789979747475,36.521363,274286.501863,19487.90612548237,96.26087585,67.53471935025381,22.317743754889413,0.6884781132655233,11,64,,False,True,,345,21.16838264042747
86,2026-09-14T02:10:45.792+00:00,2026-09-14T02:15:24.735+00:00,2026-09-14T02:15:35.105+00:00,True,152,152.0,,152.0,278943.424498,289313.125874,289313.125717,1903.3758270855265,36.707772,278943.424498,22619.740281468756,96.25859295000001,68.67351904635761,22.453792479659953,0.5253823155821771,11,64,,False,True,,744,21.16838264042747
87,2026-09-14T02:10:50.173+00:00,2026-09-14T02:15:32.654+00:00,2026-09-14T02:15:43.650+00:00,True,165,165.0,,165.0,282480.25214999996,293476.4477339999,293476.44757399993,1778.6451368121209,30.241466,282480.25214999996,21985.84866819689,95.3852914,67.04997307317073,21.754251085911235,0.5622256957040453,11,64,,False,True,,821,21.16838264042747
88,2026-09-14T02:10:53.760+00:00,2026-09-14T02:15:39.394+00:00,2026-09-14T02:15:50.017+00:00,True,165,165.0,,165.0,285633.91610699997,296257.00961099996,296257.00983199995,1795.4970292848484,0.0,285633.91610699997,22231.580020668658,95.636184,64.7749603902439,48.478394452926864,0.5569488472750506,11,64,,False,True,,862,21.16838264042747
89,2026-09-14T02:10:57.608+00:00,2026-09-14T02:15:45.900+00:00,2026-09-14T02:15:57.658+00:00,False,180,179.0,,179.0,288291.78761400003,300049.905502,300049.905616,1666.943920088889,0.0,288291.78761400003,21483.15436794433,96.21226345000001,65.6878094301676,46.15319383791037,0.5965674266769828,11,64,,False,False,Request timeout: 300.0s exceeded,850,21.16838264042747
90,2026-09-14T02:11:01.898+00:00,2026-09-14T02:15:54.151+00:00,2026-09-14T02:16:01.915+00:00,False,110,109.0,,109.0,292253.118988,300017.416972,300017.416974,2727.4310634,0.04329,292253.118988,27858.457952835062,92.12795595,71.23209159633026,21.357578299394945,0.36331224066959,11,64,,False,False,Request timeout: 300.0s exceeded,523,21.16838264042747
91,2026-09-14T02:11:07.447+00:00,2026-09-14T02:16:00.810+00:00,2026-09-14T02:16:07.472+00:00,False,98,97.0,,97.0,293363.038218,300025.25824999996,300025.258346,3061.482228020408,0.027329999999999997,293363.038218,29627.21126438769,89.83677935,68.68268074226805,20.91979903533888,0.32330611284458416,11,64,,False,False,Request timeout: 300.0s exceeded,411,21.16838264042747
92,2026-09-14T02:11:11.045+00:00,2026-09-14T02:16:04.727+00:00,2026-09-14T02:16:11.078+00:00,False,94,93.0,,93.0,293681.954759,300032.795335,300032.795546,3191.8382504893616,0.03554,293681.954759,30283.94359008485,88.3998265,68.28860834408601,19.552965235966504,0.3099661151913789,11,64,,False,False,Request timeout: 300.0s exceeded,517,21.16838264042747
93,2026-09-14T02:11:14.879+00:00,2026-09-14T02:16:08.273+00:00,2026-09-14T02:16:14.911+00:00,False,101,100.0,,100.0,293394.446943,300032.616799,300032.616873,2970.6199690396043,0.047170000000000004,293394.446943,29187.240022359674,87.260315,66.38169856,19.78299768798078,0.333297096385333,11,64,,False,False,Request timeout: 300.0s exceeded,432,21.16838264042747
94,2026-09-14T02:11:19.844+00:00,2026-09-14T02:16:13.853+00:00,2026-09-14T02:16:19.907+00:00,False,91,90.0,,90.0,294008.739367,300063.378983,300063.378911,3297.3997682527474,0.02268,294008.739367,30813.444593717137,87.18661049999999,67.27377351111112,20.07544766440663,0.29993663440382345,11,64,,False,False,Request timeout: 300.0s exceeded,429,21.16838264042747
95,2026-09-14T02:11:24.445+00:00,2026-09-14T02:16:18.000+00:00,2026-09-14T02:16:24.458+00:00,False,97,96.0,,96.0,293555.51291399996,300013.28801799996,300013.28808599996,3092.9204957319585,0.022879999999999998,293555.51291399996,29799.22270480561,87.32108179999999,67.26849066666666,19.56542514877054,0.31998582674191506,11,64,,False,False,Request timeout: 300.0s exceeded,414,21.16838264042747
96,2026-09-14T02:11:29.745+00:00,2026-09-14T02:16:23.811+00:00,2026-09-14T02:16:29.788+00:00,False,93,92.0,,92.0,294066.778474,300043.468138,300043.468055,3226.2738500537635,0.03015,294066.778474,30486.575143783393,89.9258814,64.96401808695653,21.02086012063653,0.30662223900733654,11,64,,False,False,Request timeout: 300.0s exceeded,450,21.16838264042747
97,2026-09-14T02:11:35.019+00:00,2026-09-14T02:16:29.108+00:00,2026-09-14T02:16:35.051+00:00,False,100,99.0,,99.0,294088.91621,300031.98565,300031.985552,3000.31985552,0.01564,294088.91621,29403.32166721113,90.61720834999998,60.03100444444445,160.4107936623444,0.32996481953590007,11,64,,False,False,Request timeout: 300.0s exceeded,432,21.16838264042747
98,2026-09-14T02:11:38.306+00:00,2026-09-14T02:16:33.004+00:00,2026-09-14T02:16:38.321+00:00,False,82,81.0,,81.0,294697.58345200005,300015.32834800007,300015.32821800007,3658.7235148536593,0.02863,294697.58345200005,32536.660617284746,90.69163404999999,65.65117155555555,21.01832058149895,0.2699862051916387,11,64,,False,False,Request timeout: 300.0s exceeded,367,21.16838264042747
99,2026-09-14T02:11:43.372+00:00,2026-09-14T02:16:36.864+00:00,2026-09-14T02:16:43.384+00:00,False,99,98.0,,98.0,293491.953621,300011.369173,300011.36936199997,3030.4178723434343,0.0,293491.953621,29490.43405397544,87.4839189,66.52464848979592,64.05067809335154,0.32665428736965235,11,64,,False,False,Request timeout: 300.0s exceeded,470,21.16838264042747
100,2026-09-14T02:11:48.055+00:00,2026-09-14T02:16:41.854+00:00,2026-09-14T02:16:48.105+00:00,False,100,99.0,,99.0,293798.65538,300050.29698,300050.296878,3000.50296878,0.0,293798.65538,29373.618957571518,89.18599005,63.14789494949495,63.62366568707958,0.32994468259632787,11,64,,False,False,Request timeout: 300.0s exceeded,489,21.16838264042747
101,2026-09-14T02:11:53.599+00:00,2026-09-14T02:16:47.221+00:00,2026-09-14T02:16:53.659+00:00,False,95,94.0,,94.0,293621.850934,300059.212854,300059.212789,3158.5180293578946,0.02683,293621.850934,30117.946890714662,89.4514567,68.48257361702127,20.315299983093144,0.31327150100116286,11,64,,False,False,Request timeout: 300.0s exceeded,391,21.16838264042747
102,2026-09-14T02:11:57.327+00:00,2026-09-14T02:16:51.354+00:00,2026-09-14T02:16:57.357+00:00,False,88,87.0,,87.0,294027.089082,300029.675194,300029.675368,3409.4281291818183,0.02103,294027.089082,31336.04444111087,89.55740240000002,68.99524266666667,20.062857738865425,0.2899713168163968,11,64,,False,False,Request timeout: 300.0s exceeded,445,21.16838264042747
103,2026-09-14T02:12:02.556+00:00,2026-09-14T02:16:56.134+00:00,2026-09-14T02:17:02.574+00:00,False,96,95.0,,95.0,293577.973005,300018.38439699996,300018.384455,3125.1915047395833,0.02258,293577.973005,29956.264211346297,89.54238575,67.79380412631579,20.570360714622655,0.3166472621034151,11,64,,False,False,Request timeout: 300.0s exceeded,482,21.16838264042747
104,2026-09-14T02:12:06.939+00:00,2026-09-14T02:17:00.636+00:00,2026-09-14T02:17:07.015+00:00,False,92,91.0,,91.0,293697.15396499995,300076.63914899994,300076.63909199997,3261.702598826086,0.023960000000000002,293697.15396499995,30612.742538216236,89.98522705,70.10423279120879,19.943598180283892,0.30325586242924724,11,64,,False,False,Request timeout: 300.0s exceeded,177,21.16838264042747
105,2026-09-14T02:12:10.222+00:00,2026-09-14T02:17:04.275+00:00,2026-09-14T02:17:10.262+00:00,False,84,83.0,,83.0,294053.196573,300040.544797,300040.544779,3571.9112473690475,0.025160000000000002,294053.196573,32075.968895143757,88.54657800000001,72.13672559036145,19.018848114781896,0.2766292804066055,11,64,,False,False,Request timeout: 300.0s exceeded,290,21.16838264042747
106,2026-09-14T02:12:14.213+00:00,2026-09-14T02:17:08.226+00:00,2026-09-14T02:17:14.238+00:00,False,84,83.0,,83.0,294013.50904900004,300025.06181700004,300025.06183600007,3571.7269266190483,0.03588,294013.50904900004,32071.606916832836,89.75901165,72.42834660240965,19.19439050413132,0.2766435560327482,11,64,,False,False,Request timeout: 300.0s exceeded,349,21.16838264042747
107,2026-09-14T02:12:19.740+00:00,2026-09-14T02:17:13.525+00:00,2026-09-14T02:17:19.780+00:00,False,93,92.0,,92.0,293785.124903,300039.54691900004,300039.547004,3226.231688215054,0.023559999999999998,293785.124903,30457.055623404023,89.4377348,67.982848,20.465276744794128,0.3066262462555868,11,64,,False,False,Request timeout: 300.0s exceeded,409,21.16838264042747
108,2026-09-14T02:12:22.903+00:00,2026-09-14T02:17:16.743+00:00,2026-09-14T02:17:22.937+00:00,False,92,91.0,,91.0,293839.34752999997,300033.694026,300033.69417,3261.235806195652,0.023530000000000002,293839.34752999997,30627.77953799093,87.7862184,68.06974171428571,20.23472307004623,0.303299268755176,11,64,,False,False,Request timeout: 300.0s exceeded,209,21.16838264042747
109,2026-09-14T02:12:27.508+00:00,2026-09-14T02:17:21.052+00:00,2026-09-14T02:17:27.549+00:00,False,95,94.0,,94.0,293544.508662,300040.78795800003,300040.788044,3158.3240846736844,0.03703,293544.508662,30109.947151345412,89.64152200000001,69.10935421276596,19.883766200380542,0.31329073836840543,11,64,,False,False,Request timeout: 300.0s exceeded,394,21.16838264042747
110,2026-09-14T02:12:32.307+00:00,2026-09-14T02:17:26.055+00:00,2026-09-14T02:17:32.328+00:00,False,93,92.0,,92.0,293748.374478,300020.71547,300020.71544,3226.0291982795698,0.04276,293748.374478,30453.224620476434,89.2047802,68.17761947826088,20.517106313614615,0.3066454923150111,11,64,,False,False,Request timeout: 300.0s exceeded,426,21.16838264042747
111,2026-09-14T02:12:35.504+00:00,2026-09-14T02:17:29.343+00:00,2026-09-14T02:17:35.592+00:00,False,90,89.0,,89.0,293838.45173000003,300087.554322,300087.55439700006,3334.306159966667,0.039549999999999995,293838.45173000003,30965.897331545537,90.32505085000001,70.21463586516855,19.733833201521424,0.29658011043170823,11,64,,False,False,Request timeout: 300.0s exceeded,432,21.16838264042747
112,2026-09-14T02:12:40.765+00:00,2026-09-14T02:17:34.600+00:00,2026-09-14T02:17:40.810+00:00,False,98,97.0,,97.0,293835.125242,300045.357562,300045.357532,3061.687321755102,0.0,293835.125242,29675.433863777384,88.58696454999999,64.02301360824742,65.35309355980355,0.32328445535090927,11,64,,False,False,Request timeout: 300.0s exceeded,320,21.16838264042747
113,2026-09-14T02:12:44.006+00:00,2026-09-14T02:17:37.895+00:00,2026-09-14T02:17:44.022+00:00,False,88,87.0,,87.0,293888.75269700005,300015.12095300003,300015.12082500005,3409.2627366477277,0.03419,293888.75269700005,31321.14616089672,89.94848750000001,70.41802593103448,20.210427426594663,0.2899853838154688,11,64,,False,False,Request timeout: 300.0s exceeded,213,21.16838264042747
114,2026-09-14T02:12:47.724+00:00,2026-09-14T02:17:41.152+00:00,2026-09-14T02:17:47.745+00:00,False,94,93.0,,93.0,293427.38387699996,300020.79597299994,300020.79600699997,3191.7105958191487,0.02542,293427.38387699996,30257.4176871842,90.46706365000001,70.89690425806452,19.706059065637916,0.30997851231742424,11,64,,False,False,Request timeout: 300.0s exceeded,446,21.16838264042747
115,2026-09-14T02:12:52.781+00:00,2026-09-14T02:17:46.671+00:00,2026-09-14T02:17:52.873+00:00,False,94,93.0,,93.0,293889.856455,300092.329415,300092.32935200003,3192.4715888510636,0.0261,293889.856455,30305.55268081135,90.91425435000001,66.6932576344086,21.241662239414055,0.3099046222917267,11,64,,False,False,Request timeout: 300.0s exceeded,401,21.16838264042747
116,2026-09-14T02:12:57.219+00:00,2026-09-14T02:17:50.575+00:00,2026-09-14T02:17:57.239+00:00,False,104,103.0,,103.0,293356.11309899995,300020.024267,300020.02407499996,2884.8079237980764,0.02286,293356.11309899995,28759.59687327192,89.2863523,64.69816667961166,20.857965142967323,0.3433104182017402,11,64,,False,False,Request timeout: 300.0s exceeded,405,21.16838264042747
117,2026-09-14T02:13:01.943+00:00,2026-09-14T02:17:55.457+00:00,2026-09-14T02:18:01.958+00:00,False,99,98.0,,98.0,293514.22061799996,300015.37671399995,300015.376794,3030.458351454545,0.02103,293514.22061799996,29492.628233054245,88.5295701,66.33832751020408,19.502169333351866,0.32664992399180226,11,64,,False,False,Request timeout: 300.0s exceeded,399,21.16838264042747
118,2026-09-14T02:13:05.188+00:00,2026-09-14T02:17:58.838+00:00,2026-09-14T02:18:05.236+00:00,False,94,93.0,,93.0,293650.384519,300048.147335,300048.147384,3192.0015679148937,0.054450000000000005,293650.384519,30280.635413879372,88.29315644999998,68.7931485591398,19.683887699384925,0.3099502557373456,11,64,,False,False,Request timeout: 300.0s exceeded,418,21.16838264042747
119,2026-09-14T02:13:09.923+00:00,2026-09-14T02:18:03.616+00:00,2026-09-14T02:18:09.946+00:00,False,91,90.0,,90.0,293692.910037,300023.043797,300023.043734,3296.956524549451,0.04184,293692.910037,30780.015830931014,89.298416,70.33481955555555,20.113852901344565,0.2999769579729193,11,64,,False,False,Request timeout: 300.0s exceeded,375,21.16838264042747
120,2026-09-14T02:13:13.944+00:00,2026-09-14T02:18:07.799+00:00,2026-09-14T02:18:14.015+00:00,False,91,90.0,,90.0,293855.72431,300071.08149400004,300071.08132,3297.48441010989,0.05052,293855.72431,30797.217212274045,89.121137,69.05952426666667,20.30524928613538,0.2999289353439397,11,64,,False,False,Request timeout: 300.0s exceeded,324,21.16838264042747
121,2026-09-14T02:13:19.482+00:00,2026-09-14T02:18:13.063+00:00,2026-09-14T02:18:19.508+00:00,False,96,95.0,,95.0,293581.13176,300026.444528,300026.44458400004,3125.2754644166666,0.038799999999999994,293581.13176,29956.58138629393,87.560189,67.84539755789474,20.646281659309416,0.3166387554585513,11,64,,False,False,Request timeout: 300.0s exceeded,451,21.16838264042747
122,2026-09-14T02:13:23.459+00:00,2026-09-14T02:18:17.040+00:00,2026-09-14T02:18:23.542+00:00,False,99,98.0,,98.0,293581.74654,300083.77585200005,300083.775955,3031.1492520707075,0.023969999999999998,293581.74654,29499.4143954304,87.90280190000001,66.34723787755102,20.176488048464144,0.3265754695393234,11,64,,False,False,Request timeout: 300.0s exceeded,408,21.16838264042747
123,2026-09-14T02:13:28.450+00:00,2026-09-14T02:18:22.223+00:00,2026-09-14T02:18:28.504+00:00,False,92,91.0,,91.0,293773.09456,300054.34,300054.34005,3261.4602179347826,0.042279000000000004,293773.09456,30620.7721610329,89.37860404999999,69.02467516483517,19.50191918067297,0.3032783995059028,11,64,,False,False,Request timeout: 300.0s exceeded,407,21.16838264042747
124,2026-09-14T02:13:33.427+00:00,2026-09-14T02:18:26.936+00:00,2026-09-14T02:18:33.442+00:00,False,99,98.0,,98.0,293509.186904,300014.883416,300014.883259,3030.4533662525255,0.0,293509.186904,29492.177807877542,95.26644559999998,66.38465828571428,62.96119908877065,0.326650461084337,11,64,,False,False,Request timeout: 300.0s exceeded,443,21.16838264042747
125,2026-09-14T02:13:38.001+00:00,2026-09-14T02:18:32.642+00:00,2026-09-14T02:18:38.017+00:00,False,82,81.0,,81.0,294641.120929,300016.653729,300016.653676,3658.73967897561,0.02479,294641.120929,32530.347157440494,91.19804645,66.3646024691358,21.888535231220153,0.26998501247589385,11,64,,False,False,Request timeout: 300.0s exceeded,384,21.16838264042747
126,2026-09-14T02:13:43.282+00:00,2026-09-14T02:18:37.031+00:00,2026-09-14T02:18:43.349+00:00,False,92,91.0,,91.0,293749.51016,300066.925072,300066.925145,3261.597012445652,0.02702,293749.51016,30618.272435110277,90.6103585,69.4221418901099,20.365464219520177,0.30326567974182717,11,64,,False,False,Request timeout: 300.0s exceeded,307,21.16838264042747
127,2026-09-14T02:13:47.200+00:00,2026-09-14T02:18:41.104+00:00,2026-09-14T02:18:47.218+00:00,False,96,95.0,,95.0,293904.049407,300017.756415,300017.756302,3125.1849614791668,0.027170000000000003,293904.049407,29989.89571256636,90.67985049999999,64.35481061052631,21.272456034811363,0.31664792489345567,11,64,,False,False,Request timeout: 300.0s exceeded,431,21.16838264042747
128,2026-09-14T02:13:51.227+00:00,2026-09-14T02:18:44.979+00:00,2026-09-14T02:18:51.234+00:00,False,94,93.0,,93.0,293752.11345099995,300006.757419,300006.757397,3191.5612489042546,0.02081,293752.11345099995,30291.28711909212,88.8536565,67.25423621505377,20.360589392843647,0.30999301749097913,11,64,,False,False,Request timeout: 300.0s exceeded,502,21.16838264042747
129,2026-09-14T02:13:56.355+00:00,2026-09-14T02:18:49.752+00:00,2026-09-14T02:18:56.374+00:00,False,100,99.0,,99.0,293397.15924400004,300019.06260400004,300019.06274300005,3000.1906274300004,0.02551,293397.15924400004,29333.034009155337,89.12478445,66.88791272727272,20.186962068517662,0.32997903246791915,11,64,,False,False,Request timeout: 300.0s exceeded,452,21.16838264042747
130,2026-09-14T02:13:59.800+00:00,2026-09-14T02:18:53.501+00:00,2026-09-14T02:18:59.827+00:00,False,103,102.0,,102.0,293701.31483600003,300027.972116,300027.97211000003,2912.8929331067966,0.01584,293701.31483600003,28933.755334478803,87.25541510000001,62.02605176470588,189.8090800943476,0.33996830122413946,11,64,,False,False,Request timeout: 300.0s exceeded,492,21.16838264042747
131,2026-09-14T02:14:03.942+00:00,2026-09-14T02:18:59.268+00:00,2026-09-14T02:19:03.959+00:00,False,104,103.0,,103.0,295326.201041,300017.20212900004,300017.20198400004,2884.7807883076925,0.015619999999999998,295326.201041,28954.67366739624,89.87130095,45.543699883495144,36.68809498019071,0.3433136475811561,11,64,,False,False,Request timeout: 300.0s exceeded,538,21.16838264042747
132,2026-09-14T02:14:09.265+00:00,2026-09-14T02:19:02.758+00:00,2026-09-14T02:19:09.314+00:00,False,99,98.0,,98.0,293493.48530400003,300048.889336,300048.88931400003,3030.796861757576,0.02343,293493.48530400003,29490.488836370143,87.351029,66.89187787755102,19.826603714065744,0.32661344028591915,11,64,,False,False,Request timeout: 300.0s exceeded,500,21.16838264042747
133,2026-09-14T02:14:13.961+00:00,2026-09-14T02:19:07.776+00:00,2026-09-14T02:19:14.009+00:00,False,88,87.0,,87.0,293814.863396,300048.131876,300048.132027,3409.637863943182,0.0208,293814.863396,31313.137681677345,90.83222485,71.64676413793103,18.796365299802023,0.2899534799835189,11,64,,False,False,Request timeout: 300.0s exceeded,432,21.16838264042747
134,2026-09-14T02:14:17.291+00:00,2026-09-14T02:19:11.057+00:00,2026-09-14T02:19:17.322+00:00,False,91,90.0,,90.0,293765.638497,300031.066977,300031.06677,3297.0446897802194,0.03774,293765.638497,30787.715376534565,90.33131850000001,69.615872,20.370237172657124,0.2999689362398571,11,64,,False,False,Request timeout: 300.0s exceeded,430,21.16838264042747
135,2026-09-14T02:14:21.372+00:00,2026-09-14T02:19:15.525+00:00,2026-09-14T02:19:21.396+00:00,False,84,83.0,,83.0,294152.364434,300023.55957,300023.559602,3571.7090428809524,0.033780000000000004,294152.364434,32086.942884166696,90.72477715000001,70.73729079518073,20.967271168880682,0.2766449412138078,11,64,,False,False,Request timeout: 300.0s exceeded,391,21.16838264042747
136,2026-09-14T02:14:26.250+00:00,2026-09-14T02:19:20.178+00:00,2026-09-14T02:19:26.576+00:00,False,88,87.0,,87.0,293928.371051,300326.058091,300326.05815700005,3412.796115420455,0.039389,293928.371051,31325.100726473145,90.00607455,73.53663264367816,66.66664477202349,0.28968515270705764,11,64,,False,False,Request timeout: 300.0s exceeded,457,21.16838264042747
137,2026-09-14T02:14:29.452+00:00,2026-09-14T02:19:23.065+00:00,2026-09-14T02:19:29.494+00:00,False,103,102.0,,102.0,293612.466113,300042.196417,300042.19652,2913.031034174757,0.0,293612.466113,28924.359117268075,90.58416650000001,63.036571607843136,65.91325035493725,0.3399521841195961,11,64,,False,False,Request timeout: 300.0s exceeded,149,21.16838264042747
138,2026-09-14T02:14:33.813+00:00,2026-09-14T02:19:27.767+00:00,2026-09-14T02:19:33.847+00:00,False,100,99.0,,99.0,293953.71493099997,300033.62046699994,300033.620357,3000.3362035699997,0.03384,293953.71493099997,29389.23725766249,89.32431139999998,61.41318723232323,20.50819220293111,0.32996302163040026,11,64,,False,False,Request timeout: 300.0s exceeded,460,21.16838264042747
139,2026-09-14T02:14:38.426+00:00,2026-09-14T02:19:33.200+00:00,2026-09-14T02:19:38.507+00:00,False,82,81.0,,81.0,294773.89157700003,300081.12562500004,300081.125508,3659.5259208292687,0.02767,294773.89157700003,32545.101228360243,86.69473099999999,65.521408,20.154219616687797,0.26992700667626335,11,64,,False,False,Request timeout: 300.0s exceeded,382,21.16838264042747
140,2026-09-14T02:14:42.011+00:00,2026-09-14T02:19:35.580+00:00,2026-09-14T02:19:42.030+00:00,False,97,96.0,,96.0,293569.46053,300019.18929799995,300019.18916199997,3092.9813315670103,0.02138,293569.46053,29800.64759191098,87.2241324,67.18467466666667,19.8877097723829,0.3199795327246422,11,64,,False,False,Request timeout: 300.0s exceeded,188,21.16838264042747
141,2026-09-14T02:14:46.452+00:00,2026-09-14T02:19:39.859+00:00,2026-09-14T02:19:46.523+00:00,False,99,98.0,,98.0,293407.126889,300070.481513,300070.481575,3031.0149654040406,0.03382,293407.126889,29481.698756451293,88.001406,67.99341453061224,19.787606091293252,0.32658993815676046,11,64,,False,False,Request timeout: 300.0s exceeded,519,21.16838264042747
142,2026-09-14T02:14:51.537+00:00,2026-09-14T02:19:44.826+00:00,2026-09-14T02:19:51.592+00:00,False,105,104.0,,104.0,293289.032244,300055.092788,300055.092954,2857.6675519428572,0.04009,293289.032244,28615.737185313945,89.3273498,65.05827446153846,20.716450843092016,0.3466030155784752,11,64,,False,False,Request timeout: 300.0s exceeded,492,21.16838264042747
143,2026-09-14T02:14:56.869+00:00,2026-09-14T02:19:50.175+00:00,2026-09-14T02:19:56.906+00:00,False,97,96.0,,96.0,293305.480589,300037.39866899996,300037.398704,3093.1690588041233,0.03604,293305.480589,29773.545640773278,87.557109,70.12414666666668,19.27824803066042,0.31996011305879507,11,64,,False,False,Request timeout: 300.0s exceeded,487,21.16838264042747
144,2026-09-14T02:15:00.913+00:00,2026-09-14T02:19:54.582+00:00,2026-09-14T02:20:00.936+00:00,False,97,96.0,,96.0,293669.555474,300023.636754,300023.636743,3093.027182917526,0.0225,293669.555474,29810.911616216275,87.46364100000001,66.18834666666666,19.5256851798723,0.31997478944871866,11,64,,False,False,Request timeout: 300.0s exceeded,385,21.16838264042747
145,2026-09-14T02:15:06.166+00:00,2026-09-14T02:19:59.838+00:00,2026-09-14T02:20:06.218+00:00,False,96,95.0,,95.0,293671.60581800004,300051.65445800003,300051.65442000004,3125.5380668750004,0.02868,293671.60581800004,29965.88536021965,90.1826765,67.15840673684211,20.48491914185399,0.31661215190299075,11,64,,False,False,Request timeout: 300.0s exceeded,271,21.16838264042747
146,2026-09-14T02:15:11.219+00:00,2026-09-14T02:20:04.484+00:00,2026-09-14T02:20:11.298+00:00,False,103,102.0,,102.0,293264.15445200005,300078.091092,300078.09089800005,2913.3795232815537,0.026969999999999997,293264.15445200005,28889.600642581354,90.21557720000001,66.80330039215686,20.504728833001444,0.33991151979411965,11,64,,False,False,Request timeout: 300.0s exceeded,456,21.16838264042747
147,2026-09-14T02:15:14.505+00:00,2026-09-14T02:20:08.168+00:00,2026-09-14T02:20:14.555+00:00,False,97,96.0,,96.0,293662.366882,300049.599138,300049.59911,3093.294836185567,0.0211,293662.366882,29810.14774341649,90.07040699999999,66.53366933333334,21.12651448995533,0.31994710299828566,11,64,,False,False,Request timeout: 300.0s exceeded,462,21.16838264042747
148,2026-09-14T02:15:19.050+00:00,2026-09-14T02:20:12.581+00:00,2026-09-14T02:20:19.122+00:00,False,96,95.0,,95.0,293531.514775,300072.268439,300072.268339,3125.7527951979164,0.03497,293531.514775,29951.41434008644,89.03388199999999,68.85003856842106,19.900418968460336,0.3165904016862258,11,64,,False,False,Request timeout: 300.0s exceeded,452,21.16838264042747
149,2026-09-14T02:15:23.097+00:00,2026-09-14T02:20:16.902+00:00,2026-09-14T02:20:23.113+00:00,False,94,93.0,,93.0,293804.88007099996,300015.77312699996,300015.77326999995,3191.6571624468083,0.0,293804.88007099996,30296.847044405902,88.34933765,66.78379630107527,68.09907731409871,0.3099837019590036,11,64,,False,False,Request timeout: 300.0s exceeded,208,21.16838264042747
150,2026-09-14T02:15:27.269+00:00,2026-09-14T02:20:20.896+00:00,2026-09-14T02:20:27.283+00:00,False,98,97.0,,97.0,293627.11423400004,300014.16345000005,300014.16341100005,3061.3690143979597,0.0,293627.11423400004,29654.240426289896,88.46589555,65.84586820618557,66.6841050291021,0.3233180690023186,11,64,,False,False,Request timeout: 300.0s exceeded,462,21.16838264042747
151,2026-09-14T02:15:32.038+00:00,2026-09-14T02:20:25.882+00:00,2026-09-14T02:20:32.102+00:00,False,94,93.0,,93.0,293843.56814600003,300063.48648200004,300063.48636700003,3192.1647485851067,0.045399999999999996,293843.56814600003,30300.758034973467,88.268935,66.88084232258065,19.708843972345765,0.30993441118194437,11,64,,False,False,Request timeout: 300.0s exceeded,384,21.16838264042747
152,2026-09-14T02:15:35.726+00:00,2026-09-14T02:20:29.365+00:00,2026-09-14T02:20:35.771+00:00,False,91,90.0,,90.0,293638.499665,300044.806225,300044.806112,3297.1956715604397,0.023190000000000002,293638.499665,30774.22275061124,88.89599249999999,71.181184,19.160295278229956,0.29995520046599333,11,64,,False,False,Request timeout: 300.0s exceeded,416,21.16838264042747
153,2026-09-14T02:15:41.226+00:00,2026-09-14T02:20:34.513+00:00,2026-09-14T02:20:41.260+00:00,False,94,93.0,,93.0,293287.121722,300033.84428200003,300033.84423,3191.849406702128,0.03566,293287.121722,30242.78032762441,89.98035449999999,72.54540387096775,19.08130335580147,0.30996503152021027,11,64,,False,False,Request timeout: 300.0s exceeded,461,21.16838264042747
154,2026-09-14T02:15:46.039+00:00,2026-09-14T02:20:39.951+00:00,2026-09-14T02:20:46.052+00:00,False,90,89.0,,89.0,293911.496113,300013.02392099996,300013.02378399996,3333.478042044444,0.0312,293911.496113,30973.772301359306,88.554338,68.55649222471911,20.715002895165693,0.29665378801500186,11,64,,False,False,Request timeout: 300.0s exceeded,158,21.16838264042747
155,2026-09-14T02:15:49.288+00:00,2026-09-14T02:20:43.529+00:00,2026-09-14T02:20:49.632+00:00,False,89,88.0,,88.0,294240.584201,300344.203017,300344.202988,3374.6539661573033,0.03612,294240.584201,31182.094094484717,90.8035642,69.35930472727273,20.43449919636992,0.29299716497281303,11,64,,False,False,Request timeout: 300.0s exceeded,378,21.16838264042747
156,2026-09-14T02:15:53.800+00:00,2026-09-14T02:20:47.554+00:00,2026-09-14T02:20:53.820+00:00,False,95,94.0,,94.0,293754.89368599997,300020.00165399996,300020.00181,3158.105282210526,0.019989999999999997,293754.89368599997,30131.786106949232,90.58863109999999,66.65008476595744,22.195007307228167,0.31331244410966347,11,64,,False,False,Request timeout: 300.0s exceeded,216,21.16838264042747
157,2026-09-14T02:15:57.370+00:00,2026-09-14T02:20:51.093+00:00,2026-09-14T02:20:57.436+00:00,False,94,93.0,,93.0,293722.97804799996,300065.930496,300065.930518,3192.190750191489,0.03405,293722.97804799996,30288.183113153147,88.06397095,68.20378976344087,18.828937303414136,0.3099318867899258,11,64,,False,False,Request timeout: 300.0s exceeded,427,21.16838264042747
158,2026-09-14T02:16:01.759+00:00,2026-09-14T02:20:55.455+00:00,2026-09-14T02:21:01.765+00:00,False,94,93.0,,93.0,293696.454422,300006.04623,300006.046293,3191.553683968085,0.03576,293696.454422,30285.485188390347,89.12971714999999,67.84507320430107,20.055753648323428,0.30999375235491566,11,64,,False,False,Request timeout: 300.0s exceeded,359,21.16838264042747
159,2026-09-14T02:16:06.900+00:00,2026-09-14T02:21:00.244+00:00,2026-09-14T02:21:06.945+00:00,False,100,99.0,,99.0,293344.936826,300045.123194,300045.123231,3000.45123231,0.03448,293344.936826,29327.732815600477,90.1508205,67.67865018181818,20.363255632362122,0.3299503719511869,11,64,,False,False,Request timeout: 300.0s exceeded,132,21.16838264042747
160,2026-09-14T02:16:11.635+00:00,2026-09-14T02:21:05.659+00:00,2026-09-14T02:21:11.703+00:00,False,89,88.0,,88.0,294023.847602,300068.235954,300068.235723,3371.5532103707865,0.03566,294023.847602,31159.19144710255,90.6308802,68.68623127272727,20.4890268860906,0.2932666289060008,11,64,,False,False,Request timeout: 300.0s exceeded,433,21.16838264042747
161,2026-09-14T02:16:17.105+00:00,2026-09-14T02:21:11.233+00:00,2026-09-14T02:21:17.196+00:00,False,78,77.0,,77.0,294127.909255,300091.211143,300091.211147,3847.3232198333335,0.03971,294127.909255,33294.73279296834,90.156986,77.44547906493506,70.70102016330719,0.2565886541852364,11,64,,False,False,Request timeout: 300.0s exceeded,484,21.16838264042747
162,2026-09-14T02:16:21.684+00:00,2026-09-14T02:21:15.776+00:00,2026-09-14T02:21:21.741+00:00,False,94,93.0,,93.0,294092.440248,300057.677496,300057.677557,3192.102952734043,0.0,294092.440248,30326.780800944347,91.54986550000001,64.142336,68.91250639477306,0.3099404113772085,11,64,,False,False,Request timeout: 300.0s exceeded,445,21.16838264042747
163,2026-09-14T02:16:25.875+00:00,2026-09-14T02:21:19.885+00:00,2026-09-14T02:21:25.881+00:00,False,90,89.0,,89.0,294009.221821,300005.167037,300005.167034,3333.390744822222,0.0973,294009.221821,30984.19745955722,86.42321695000001,67.37017096629212,19.006726312652326,0.2966615571291928,11,64,,False,False,Request timeout: 300.0s exceeded,248,21.16838264042747
164,2026-09-14T02:16:29.559+00:00,2026-09-14T02:21:23.154+00:00,2026-09-14T02:21:29.584+00:00,False,96,95.0,,95.0,293594.834731,300024.803627,300024.803577,3125.25837059375,0.02962,293594.834731,29957.996090965462,88.581371,67.68388311578947,20.151677748757393,0.31664048722487254,11,64,,False,False,Request timeout: 300.0s exceeded,398,21.16838264042747
165,2026-09-14T02:16:34.227+00:00,2026-09-14T02:21:27.672+00:00,2026-09-14T02:21:34.296+00:00,False,104,103.0,,103.0,293445.180326,300068.61175,300068.611764,2885.2751131153846,0.03959,293445.180326,28768.369228184885,90.70356724999999,64.30515945631068,20.940975583104535,0.34325482895163223,11,64,,False,False,Request timeout: 300.0s exceeded,495,21.16838264042747
166,2026-09-14T02:16:38.200+00:00,2026-09-14T02:21:33.550+00:00,2026-09-14T02:21:38.209+00:00,False,69,68.0,,68.0,295349.345579,300008.590379,300008.590296,4347.950584,0.03445,295349.345579,35547.640296422665,90.1230674,68.51830588235295,20.816042463763868,0.22666017634393668,11,64,,False,False,Request timeout: 300.0s exceeded,263,21.16838264042747
167,2026-09-14T02:16:42.785+00:00,2026-09-14T02:21:36.738+00:00,2026-09-14T02:21:42.817+00:00,False,93,92.0,,92.0,293953.254724,300031.750468,300031.750434,3226.147854129032,0.02367,293953.254724,30474.68793950105,86.970854,66.07060591304348,20.13035023245227,0.30663421406732844,11,64,,False,False,Request timeout: 300.0s exceeded,424,21.16838264042747
168,2026-09-14T02:16:46.292+00:00,2026-09-14T02:21:40.033+00:00,2026-09-14T02:21:46.402+00:00,False,67,66.0,,66.0,293741.746285,300110.018669,300110.018743,4479.2540110895525,0.06316,293741.746285,35875.40896887261,90.0194273,96.48897551515151,260.44222339911136,0.21991934921970502,11,64,,False,False,Request timeout: 300.0s exceeded,303,21.16838264042747
169,2026-09-14T02:16:50.789+00:00,2026-09-14T02:21:46.334+00:00,2026-09-14T02:21:50.836+00:00,False,79,78.0,,78.0,295544.739426,300046.06192199996,300046.061827,3798.0514155316455,0.0157,295544.739426,33244.90204816231,90.083014,57.70926276923077,30.48321401965794,0.25996008579601654,11,64,,False,False,Request timeout: 300.0s exceeded,294,21.16838264042747
170,2026-09-14T02:16:54.753+00:00,2026-09-14T02:21:48.549+00:00,2026-09-14T02:21:54.790+00:00,False,92,91.0,,91.0,293795.476707,300037.115363,300037.115581,3261.272995445652,0.02196,293795.476707,30623.150876907992,88.62109005,68.58943578021977,19.24549081468716,0.30329581021969104,11,64,,False,False,Request timeout: 300.0s exceeded,426,21.16838264042747
171,2026-09-14T02:16:58.485+00:00,2026-09-14T02:21:52.124+00:00,2026-09-14T02:21:58.574+00:00,False,94,93.0,,93.0,293639.31125,300089.356946,300089.357015,3192.439968244681,0.02868,293639.31125,30279.435529674174,88.25122879999999,69.35533006451612,20.0240359470308,0.30990769198367474,11,64,,False,False,Request timeout: 300.0s exceeded,485,21.16838264042747
172,2026-09-14T02:17:02.434+00:00,2026-09-14T02:21:56.413+00:00,2026-09-14T02:22:02.487+00:00,False,90,89.0,,89.0,293979.12810900004,300053.350189,300053.35021800007,3333.9261135333336,0.02045,293979.12810900004,30980.93316648158,87.91040895,68.24968629213484,19.92610032271751,0.29661391863793546,11,64,,False,False,Request timeout: 300.0s exceeded,360,21.16838264042747
173,2026-09-14T02:17:07.408+00:00,2026-09-14T02:22:01.331+00:00,2026-09-14T02:22:07.489+00:00,False,91,90.0,,90.0,293922.637589,300081.100821,300081.10083999997,3297.5945147252746,0.04054,293922.637589,30804.297880163103,88.391268,68.42736924444445,20.281015374582957,0.29991892109755186,11,64,,False,False,Request timeout: 300.0s exceeded,410,21.16838264042747
174,2026-09-14T02:17:11.420+00:00,2026-09-14T02:22:05.310+00:00,2026-09-14T02:22:11.453+00:00,False,94,93.0,,93.0,293890.07966399996,300033.67390399997,300033.673876,3191.8475944255315,0.02939,293890.07966399996,30305.64093130652,89.1236226,66.06015311827957,21.13839231640113,0.30996520753786017,11,64,,False,False,Request timeout: 300.0s exceeded,582,21.16838264042747
175,2026-09-14T02:17:16.336+00:00,2026-09-14T02:22:10.066+00:00,2026-09-14T02:22:16.358+00:00,False,102,101.0,,101.0,293730.51906099997,300021.840149,300021.840101,2941.3905892254897,0.0,293730.51906099997,29077.561593981507,89.5205141,62.2903078019802,65.96318541159856,0.33664215895029614,11,64,,False,False,Request timeout: 300.0s exceeded,302,21.16838264042747
176,2026-09-14T02:17:19.925+00:00,2026-09-14T02:22:13.839+00:00,2026-09-14T02:22:19.993+00:00,False,89,88.0,,88.0,293913.53051099996,300067.32225499995,300067.32213099994,3371.5429452921344,0.039270000000000006,293913.53051099996,31147.365314406237,88.2857358,69.92945163636364,19.275631611877568,0.2932675218970255,11,64,,False,False,Request timeout: 300.0s exceeded,399,21.16838264042747
177,2026-09-14T02:17:25.411+00:00,2026-09-14T02:22:18.933+00:00,2026-09-14T02:22:25.437+00:00,False,97,96.0,,96.0,293521.936368,300025.983984,300025.983808,3093.0513794639173,0.036840000000000005,293521.936368,29795.765028475005,89.6015608,67.750496,20.238085181943685,0.3199722861507874,11,64,,False,False,Request timeout: 300.0s exceeded,362,21.16838264042747
178,2026-09-14T02:17:30.690+00:00,2026-09-14T02:22:24.150+00:00,2026-09-14T02:22:30.729+00:00,False,98,97.0,,97.0,293460.564865,300038.93388900004,300038.933939,3061.6217748877552,0.023129999999999998,293460.564865,29637.1498896277,89.3179132,67.81823736082475,20.378322527374777,0.3232913766980832,11,64,,False,False,Request timeout: 300.0s exceeded,477,21.16838264042747
179,2026-09-14T02:17:35.812+00:00,2026-09-14T02:22:29.565+00:00,2026-09-14T02:22:35.849+00:00,False,89,88.0,,88.0,293753.224316,300036.759932,300036.760032,3371.1995509213484,0.02422,293753.224316,31130.217694906376,91.1151658,71.40381381818182,20.969244914436867,0.2932973946923844,11,64,,False,False,Request timeout: 300.0s exceeded,384,21.16838264042747
180,2026-09-14T02:17:40.809+00:00,2026-09-14T02:22:34.568+00:00,2026-09-14T02:22:40.862+00:00,False,91,90.0,,90.0,293759.57118300005,300053.2569430001,300053.25684800005,3297.2885367912095,0.03451,293759.57118300005,30787.047411440548,91.744311,69.92984177777778,21.809837983798325,0.2999467525096618,11,64,,False,False,Request timeout: 300.0s exceeded,405,21.16838264042747
181,2026-09-14T02:17:46.105+00:00,2026-09-14T02:22:39.551+00:00,2026-09-14T02:22:46.128+00:00,False,95,94.0,,94.0,293445.928143,300023.190735,300023.19085,3158.1388510526317,0.0219,293445.928143,30099.74533573651,93.035961,69.97087863829788,20.95735598641792,0.3133091137712315,11,64,,False,False,Request timeout: 300.0s exceeded,337,21.16838264042747
182,2026-09-14T02:17:50.197+00:00,2026-09-14T02:22:44.133+00:00,2026-09-14T02:22:50.234+00:00,False,90,89.0,,89.0,293936.249734,300036.551302,300036.551358,3333.7394595333335,0.02536,293936.249734,30976.38229550199,88.90372485,68.54271424719101,19.59882826815429,0.29663052589355215,11,64,,False,False,Request timeout: 300.0s exceeded,453,21.16838264042747
183,2026-09-14T02:17:55.630+00:00,2026-09-14T02:22:49.211+00:00,2026-09-14T02:22:55.638+00:00,False,97,96.0,,96.0,293581.141696,300008.247488,300008.24748,3092.8685307216497,0.04087,293581.141696,29801.857406428455,88.9337636,66.94901866666666,19.651546686560906,0.31999120292131267,11,64,,False,False,Request timeout: 300.0s exceeded,393,21.16838264042747
184,2026-09-14T02:18:00.451+00:00,2026-09-14T02:22:53.988+00:00,2026-09-14T02:23:00.531+00:00,False,95,94.0,,94.0,293537.089399,300079.870071,300079.870078,3158.735474505263,0.03163,293537.089399,30109.13607540778,92.091571,69.60404970212767,21.18619660934797,0.3132499356846537,11,64,,False,False,Request timeout: 300.0s exceeded,443,21.16838264042747
185,2026-09-14T02:18:03.810+00:00,2026-09-14T02:22:57.513+00:00,2026-09-14T02:23:03.887+00:00,False,93,92.0,,92.0,293703.29880299995,300077.68497899995,300077.685028,3226.641774494623,0.02152,293703.29880299995,30448.43558710084,89.48671900000001,69.28680626086957,20.68552442766358,0.30658727591303014,11,64,,False,False,Request timeout: 300.0s exceeded,384,21.16838264042747
186,2026-09-14T02:18:07.759+00:00,2026-09-14T02:23:01.758+00:00,2026-09-14T02:23:07.794+00:00,False,94,93.0,,93.0,293999.651444,300035.243636,300035.243735,3191.8642950531917,0.0,293999.651444,30317.131384710963,90.53504965,64.89884077419354,68.47577298418972,0.309963585854023,11,64,,False,False,Request timeout: 300.0s exceeded,396,21.16838264042747
187,2026-09-14T02:18:12.483+00:00,2026-09-14T02:23:06.665+00:00,2026-09-14T02:23:12.568+00:00,False,90,89.0,,89.0,294182.413617,300084.74040099996,300084.740339,3334.2748926555555,0.027260000000000003,294182.413617,31002.564816344147,88.2818104,66.3182784719101,19.755246320005295,0.2965828914894848,11,64,,False,False,Request timeout: 300.0s exceeded,401,21.16838264042747
188,2026-09-14T02:18:17.642+00:00,2026-09-14T02:23:11.137+00:00,2026-09-14T02:23:17.697+00:00,False,95,94.0,,94.0,293494.467859,300055.11477100005,300055.11472,3158.474891789474,0.024149999999999998,293494.467859,30104.7430414631,89.50778999999999,69.79411608510638,20.22064001010035,0.31327577959049335,11,64,,False,False,Request timeout: 300.0s exceeded,575,21.16838264042747
189,2026-09-14T02:18:22.547+00:00,2026-09-14T02:23:16.078+00:00,2026-09-14T02:23:22.560+00:00,False,97,96.0,,96.0,293531.623439,300013.171727,300013.171818,3092.9192970927834,0.03643,293531.623439,29796.773018987828,90.79984799999998,67.516128,21.142578365959288,0.31998595077470854,11,64,,False,False,Request timeout: 300.0s exceeded,461,21.16838264042747
190,2026-09-14T02:18:25.919+00:00,2026-09-14T02:23:19.366+00:00,2026-09-14T02:23:25.989+00:00,False,101,100.0,,100.0,293447.299531,300069.515979,300069.51610300003,2970.985307950495,0.02823,293447.299531,29192.515454668395,89.12041099999999,66.22216448,20.558194678122888,0.33325611125056226,11,64,,False,False,Request timeout: 300.0s exceeded,440,21.16838264042747
191,2026-09-14T02:18:30.983+00:00,2026-09-14T02:23:24.453+00:00,2026-09-14T02:23:31.007+00:00,False,99,98.0,,98.0,293469.90593300003,300023.536397,300023.536429,3030.540772010101,0.02562,293469.90593300003,29488.121545857386,90.470799,66.87378024489796,20.860616993808048,0.3266410401560079,11,64,,False,False,Request timeout: 300.0s exceeded,470,21.16838264042747
192,2026-09-14T02:18:34.601+00:00,2026-09-14T02:23:27.929+00:00,2026-09-14T02:23:34.695+00:00,False,105,104.0,,104.0,293327.54486900003,300093.76822900004,300093.768256,2858.035888152381,0.034409999999999996,293327.54486900003,28619.495699278577,90.24743499999998,65.05984,21.02139816170004,0.3465583461254621,11,64,,False,False,Request timeout: 300.0s exceeded,440,21.16838264042747
193,2026-09-14T02:18:39.223+00:00,2026-09-14T02:23:32.492+00:00,2026-09-14T02:23:39.251+00:00,False,100,99.0,,99.0,293268.62033099995,300027.62628299993,300027.62628399994,3000.2762628399996,0.02501,293268.62033099995,29320.041563124763,89.39561940000002,68.2727873939394,20.08332103485065,0.3299696138868846,11,64,,False,False,Request timeout: 300.0s exceeded,218,21.16838264042747
194,2026-09-14T02:18:43.772+00:00,2026-09-14T02:23:36.978+00:00,2026-09-14T02:23:43.806+00:00,False,102,101.0,,101.0,293205.876092,300033.218428,300033.21839,2941.502141078431,0.041159,293205.876092,29025.02071941443,88.46152099999999,67.59744887128713,18.887161236271997,0.33662939233589334,11,64,,False,False,Request timeout: 300.0s exceeded,308,21.16838264042747
195,2026-09-14T02:18:48.090+00:00,2026-09-14T02:23:41.970+00:00,2026-09-14T02:23:48.125+00:00,False,94,93.0,,93.0,293879.958486,300035.36533400003,300035.365193,3191.8655871595747,0.02618,293879.958486,30304.58257364472,86.7387628,66.18717040860214,19.102123216493588,0.3099634601290158,11,64,,False,False,Request timeout: 300.0s exceeded,485,21.16838264042747
196,2026-09-14T02:18:51.595+00:00,2026-09-14T02:23:45.500+00:00,2026-09-14T02:23:51.663+00:00,False,92,91.0,,91.0,293904.516001,300067.208353,300067.208324,3261.600090478261,0.02044,293904.516001,30634.6094899007,87.32092855,67.72189397802198,19.302081483929,0.30326539344128306,11,64,,False,False,Request timeout: 300.0s exceeded,479,21.16838264042747
197,2026-09-14T02:18:57.018+00:00,2026-09-14T02:23:50.759+00:00,2026-09-14T02:23:57.067+00:00,False,92,91.0,,91.0,293740.580737,300048.933249,300048.933292,3261.401448826087,0.060289999999999996,293740.580737,30617.352145252302,91.35907859999999,69.32255507692307,20.79266124305214,0.30328386445047717,11,64,,False,False,Request timeout: 300.0s exceeded,309,21.16838264042747
198,2026-09-14T02:19:01.082+00:00,2026-09-14T02:23:55.238+00:00,2026-09-14T02:24:01.356+00:00,False,91,90.0,,90.0,294156.106128,300274.26344,300274.263417,3299.7171804065933,0.0247,294156.106128,30828.884106405258,92.57792950000001,67.9795256888889,66.87536308426213,0.2997259870657665,11,64,,False,False,Request timeout: 300.0s exceeded,348,21.16838264042747
199,2026-09-14T02:19:05.354+00:00,2026-09-14T02:24:00.568+00:00,2026-09-14T02:24:05.392+00:00,False,76,75.0,,75.0,295213.420454,300038.093734,300038.093895,3947.869656513158,0.0,295213.420454,33856.00731210071,91.35000475000001,64.32897706666667,76.19657682634424,0.24996825925207872,11,64,,False,False,Request timeout: 300.0s exceeded,351,21.16838264042747
200,2026-09-14T02:19:10.744+00:00,2026-09-14T02:24:04.531+00:00,2026-09-14T02:24:10.752+00:00,False,95,94.0,,94.0,293787.399378,300008.55829,300008.55846000003,3157.984825894737,0.027559999999999998,293787.399378,30135.167432174876,87.46689640000001,66.18254161702127,19.791756778544375,0.3133243949298804,11,64,,False,False,Request timeout: 300.0s exceeded,467,21.16838264042747
201,2026-09-14T02:19:14.929+00:00,2026-09-14T02:24:08.920+00:00,2026-09-14T02:24:14.991+00:00,False,89,88.0,,88.0,293990.7111,300062.07238,300062.072288,3371.483958292135,0.02484,293990.7111,31155.645829750454,88.539591,68.99274181818181,19.438180618141317,0.2932726528948197,11,64,,False,False,Request timeout: 300.0s exceeded,117,21.16838264042747
202,2026-09-14T02:19:18.638+00:00,2026-09-14T02:24:12.579+00:00,2026-09-14T02:24:18.648+00:00,False,90,89.0,,89.0,293940.12671499996,300009.973243,300009.973128,3333.444145866666,0.02837,293940.12671499996,30976.827359905343,89.6370385,68.20052278651686,20.110779244612445,0.2966568045653349,11,64,,False,False,Request timeout: 300.0s exceeded,431,21.16838264042747
203,2026-09-14T02:19:22.371+00:00,2026-09-14T02:24:16.178+00:00,2026-09-14T02:24:22.409+00:00,False,91,90.0,,90.0,293806.58917500003,300037.879543,300037.879527,3297.1195552417585,0.0216,293806.58917500003,30792.04766643218,89.055462,69.23655964444445,19.9545641206234,0.2999621252392621,11,64,,False,False,Request timeout: 300.0s exceeded,392,21.16838264042747
204,2026-09-14T02:19:27.381+00:00,2026-09-14T02:24:21.095+00:00,2026-09-14T02:24:27.390+00:00,False,94,93.0,,93.0,293714.30769199994,300009.04433199996,300009.04422999994,3191.585576914893,0.0261,293714.30769199994,30287.343155162984,88.47852550000002,67.68534021505377,20.15867138054958,0.30999065447201357,11,64,,False,False,Request timeout: 300.0s exceeded,212,21.16838264042747
205,2026-09-14T02:19:32.340+00:00,2026-09-14T02:24:25.774+00:00,2026-09-14T02:24:32.348+00:00,False,99,98.0,,98.0,293433.59506699996,300008.20319499995,300008.203244,3030.385891353535,0.02893,293433.59506699996,29484.450012601457,88.7712261,67.08783804081632,19.9239997041794,0.32665773454301766,11,64,,False,False,Request timeout: 300.0s exceeded,167,21.16838264042747
206,2026-09-14T02:19:35.688+00:00,2026-09-14T02:24:29.682+00:00,2026-09-14T02:24:35.710+00:00,False,88,87.0,,87.0,293993.803393,300021.726337,300021.72631299996,3409.3377990113636,0.04149,293993.803393,31332.465325513065,87.55993534999999,69.28647062068966,20.368320972297468,0.2899789993951208,11,64,,False,False,Request timeout: 300.0s exceeded,408,21.16838264042747
207,2026-09-14T02:19:41.273+00:00,2026-09-14T02:24:34.858+00:00,2026-09-14T02:24:41.349+00:00,False,93,92.0,,92.0,293585.564412,300075.930364,300075.930415,3226.6229076881723,0.037450000000000004,293585.564412,30436.096012857823,89.3333512,70.547456,20.133494668623754,0.3065890686014089,11,64,,False,False,Request timeout: 300.0s exceeded,465,21.16838264042747
208,2026-09-14T02:19:46.131+00:00,2026-09-14T02:24:39.724+00:00,2026-09-14T02:24:47.595+00:00,False,82,81.0,,81.0,293593.82745599997,301464.029568,301464.02948599996,3676.3906034878046,0.0528,293593.82745599997,32412.176570348012,90.45442349999999,97.16298903703704,241.96344981753302,0.2686887723091659,11,64,,False,False,Request timeout: 300.0s exceeded,358,21.16838264042747
209,2026-09-14T02:19:51.314+00:00,2026-09-14T02:24:47.561+00:00,2026-09-14T02:24:51.361+00:00,False,84,83.0,,83.0,296247.066284,300046.431404,300046.43133,3571.981325357143,0.0154,296247.066284,32318.231146835456,92.58253715000001,45.77548337349398,36.85832918365062,0.27662385322038363,11,64,,False,False,Request timeout: 300.0s exceeded,365,21.16838264042747
210,2026-09-14T02:19:54.591+00:00,2026-09-14T02:24:48.866+00:00,2026-09-14T02:24:54.622+00:00,False,82,81.0,,81.0,294275.569967,300030.92151899997,300030.921543,3658.9136773536584,0.028149999999999998,294275.569967,32489.460056406748,92.20386420000001,71.05372286419754,20.43868092765469,0.2699721735010254,11,64,,False,False,Request timeout: 300.0s exceeded,413,21.16838264042747
211,2026-09-14T02:19:58.701+00:00,2026-09-14T02:24:52.498+00:00,2026-09-14T02:24:58.767+00:00,False,97,96.0,,96.0,293796.911769,300065.709977,300065.709841,3093.4609261958763,0.0,293796.911769,29824.004754523605,88.1724382,65.29998133333333,68.65266040563533,0.31992992470668635,11,64,,False,False,Request timeout: 300.0s exceeded,397,21.16838264042747
212,2026-09-14T02:20:02.526+00:00,2026-09-14T02:24:56.209+00:00,2026-09-14T02:25:02.590+00:00,False,100,99.0,,99.0,293682.615053,300063.21230099996,300063.212289,3000.6321228899997,0.0,293682.615053,29361.892985552553,87.42888035,64.45047725252526,67.3785185928582,0.32993048111706186,11,64,,False,False,Request timeout: 300.0s exceeded,447,21.16838264042747
213,2026-09-14T02:20:06.173+00:00,2026-09-14T02:24:59.784+00:00,2026-09-14T02:25:06.180+00:00,False,97,96.0,,96.0,293611.161286,300006.758086,300006.758191,3092.853177226804,0.022170000000000002,293611.161286,29804.938565067932,86.0953468,66.6208,19.352436955307123,0.319992791537318,11,64,,False,False,Request timeout: 300.0s exceeded,444,21.16838264042747
214,2026-09-14T02:20:10.671+00:00,2026-09-14T02:25:04.271+00:00,2026-09-14T02:25:10.704+00:00,False,95,94.0,,94.0,293600.730932,300033.68017999997,300033.680067,3158.2492638631575,0.022369,293600.730932,30115.78431445587,88.62173370000001,68.43563029787234,19.510320521801216,0.31329816020523543,11,64,,False,False,Request timeout: 300.0s exceeded,441,21.16838264042747
215,2026-09-14T02:20:14.170+00:00,2026-09-14T02:25:07.836+00:00,2026-09-14T02:25:14.208+00:00,False,91,90.0,,90.0,293666.130296,300038.13848799997,300038.138551,3297.1224016593405,0.02491,293666.130296,30777.15956783387,88.3107035,70.80009102222222,19.78592536709921,0.2999618663598646,11,64,,False,False,Request timeout: 300.0s exceeded,430,21.16838264042747
216,2026-09-14T02:20:19.466+00:00,2026-09-14T02:25:13.167+00:00,2026-09-14T02:25:19.505+00:00,False,92,91.0,,91.0,293700.768797,300038.540061,300038.540243,3261.288480902174,0.023579999999999997,293700.768797,30613.167691143964,90.3501812,69.64583806593406,20.690205063118686,0.30329437005492377,11,64,,False,False,Request timeout: 300.0s exceeded,450,21.16838264042747
217,2026-09-14T02:20:23.499+00:00,2026-09-14T02:25:17.289+00:00,2026-09-14T02:25:23.514+00:00,False,94,93.0,,93.0,293789.952992,300015.04713599995,300015.04704499996,3191.649436648936,0.0221,293789.952992,30295.22287986147,89.10260464999999,66.93649617204301,20.56788857392786,0.3099844520726393,11,64,,False,False,Request timeout: 300.0s exceeded,492,21.16838264042747
218,2026-09-14T02:20:27.081+00:00,2026-09-14T02:25:20.774+00:00,2026-09-14T02:25:27.154+00:00,False,97,96.0,,96.0,293693.103429,300073.20838900004,300073.208336,3093.5382302680414,0.04199,293693.103429,29813.275767312716,88.8276004,66.45942666666666,20.64023829538552,0.31992193010297126,11,64,,False,False,Request timeout: 300.0s exceeded,414,21.16838264042747
219,2026-09-14T02:20:30.426+00:00,2026-09-14T02:25:24.040+00:00,2026-09-14T02:25:30.483+00:00,False,92,91.0,,91.0,293614.692846,300057.628142,300057.628023,3261.495956771739,0.02079,293614.692846,30604.073153965688,90.8707935,70.80148676923076,20.66530495392328,0.30327507606950405,11,64,,False,False,Request timeout: 300.0s exceeded,420,21.16838264042747
220,2026-09-14T02:20:35.204+00:00,2026-09-14T02:25:29.031+00:00,2026-09-14T02:25:35.264+00:00,False,87,86.0,,86.0,293827.044152,300060.04664799996,300060.04673,3448.966054367816,0.03857,293827.044152,31493.80112849518,89.5198496,72.47677320930232,19.131503755652986,0.28660930024078307,11,64,,False,False,Request timeout: 300.0s exceeded,433,21.16838264042747
221,2026-09-14T02:20:39.052+00:00,2026-09-14T02:25:32.972+00:00,2026-09-14T02:25:39.129+00:00,False,89,88.0,,88.0,293920.02542900003,300076.404821,300076.40504800004,3371.6450005393262,0.03614,293920.02542900003,31148.050767330904,87.2559894,69.95885672727273,19.455390107046153,0.2932586454189669,11,64,,False,False,Request timeout: 300.0s exceeded,400,21.16838264042747
222,2026-09-14T02:20:44.346+00:00,2026-09-14T02:25:37.971+00:00,2026-09-14T02:25:44.377+00:00,False,95,94.0,,94.0,293625.93056300003,300031.07334700006,300031.07330700004,3158.221824284211,0.04557,293625.93056300003,30118.400424828014,89.66641,68.13981685106383,20.024067428931684,0.31330088230989517,11,64,,False,False,Request timeout: 300.0s exceeded,438,21.16838264042747
223,2026-09-14T02:20:48.357+00:00,2026-09-14T02:25:42.205+00:00,2026-09-14T02:25:48.388+00:00,False,91,90.0,,90.0,293847.679747,300030.554115,300030.554103,3297.039056076923,0.02887,293847.679747,30796.41188528828,89.00705150000002,68.69860408888889,20.515298922200685,0.29996944899652955,11,64,,False,False,Request timeout: 300.0s exceeded,409,21.16838264042747
224,2026-09-14T02:20:53.359+00:00,2026-09-14T02:25:46.984+00:00,2026-09-14T02:25:53.386+00:00,False,100,99.0,,99.0,293625.104303,300026.938287,300026.938164,3000.2693816399997,0.0,293625.104303,29356.12184465834,88.48764945,64.66498973737374,67.97890913720366,0.3299703705448559,11,64,,False,False,Request timeout: 300.0s exceeded,489,21.16838264042747
225,2026-09-14T02:20:57.295+00:00,2026-09-14T02:25:51.611+00:00,2026-09-14T02:25:57.339+00:00,False,102,101.0,,101.0,294316.016778,300044.14145,300044.141328,2941.6092287058823,0.0,294316.016778,29136.026299312518,90.0424636,56.71410566336634,28.442478603144362,0.33661713743819544,11,64,,False,False,Request timeout: 300.0s exceeded,340,21.16838264042747
226,2026-09-14T02:21:02.254+00:00,2026-09-14T02:25:55.985+00:00,2026-09-14T02:26:02.275+00:00,False,92,91.0,,91.0,293730.56557599996,300020.38675999996,300020.386702,3261.0911598043476,0.024399999999999998,293730.56557599996,30616.328847434233,89.36137455,69.1189141098901,20.224354277541554,0.3033127214544759,11,64,,False,False,Request timeout: 300.0s exceeded,402,21.16838264042747
227,2026-09-14T02:21:05.879+00:00,2026-09-14T02:25:59.984+00:00,2026-09-14T02:26:05.969+00:00,False,87,86.0,,86.0,294105.11525599996,300090.47948,300090.479426,3449.315855471264,0.03711,294105.11525599996,31523.923048386183,89.51840829999999,69.59725841860465,20.51086423099002,0.28658023456466103,11,64,,False,False,Request timeout: 300.0s exceeded,347,21.16838264042747
228,2026-09-14T02:21:10.734+00:00,2026-09-14T02:26:04.339+00:00,2026-09-14T02:26:10.751+00:00,False,97,96.0,,96.0,293605.235545,300017.492825,300017.492572,3092.9638409484537,0.02736,293605.235545,29804.32013961155,89.91204579999997,66.79434666666667,20.651708568775053,0.3199813420745994,11,64,,False,False,Request timeout: 300.0s exceeded,317,21.16838264042747
229,2026-09-14T02:21:16.255+00:00,2026-09-14T02:26:10.191+00:00,2026-09-14T02:26:16.340+00:00,False,89,88.0,,88.0,293936.354879,300085.514047,300085.514081,3371.747349224719,0.038840000000000006,293936.354879,31149.79087643952,90.3877614,69.87680872727273,20.239456912802293,0.2932497434255266,11,64,,False,False,Request timeout: 300.0s exceeded,339,21.16838264042747
230,2026-09-14T02:21:20.029+00:00,2026-09-14T02:26:13.711+00:00,2026-09-14T02:26:20.073+00:00,False,96,95.0,,95.0,293682.73152499995,300043.77984499995,300043.77985999995,3125.456040208333,0.03848,293682.73152499995,29967.04115423304,89.7173525,66.95840336842106,20.290120431098803,0.3166204613509275,11,64,,False,False,Request timeout: 300.0s exceeded,212,21.16838264042747
231,2026-09-14T02:21:23.644+00:00,2026-09-14T02:26:17.316+00:00,2026-09-14T02:26:23.733+00:00,False,97,96.0,,96.0,293672.286798,300088.70074999996,300088.700746,3093.6979458350515,0.02599,293672.286798,29811.123788845853,89.5713448,66.83764533333334,20.686922238815338,0.3199054138328799,11,64,,False,False,Request timeout: 300.0s exceeded,357,21.16838264042747
232,2026-09-14T02:21:28.887+00:00,2026-09-14T02:26:22.414+00:00,2026-09-14T02:26:28.945+00:00,False,97,96.0,,96.0,293527.585736,300058.154184,300058.15430299996,3093.383034051546,0.01955,293527.585736,29796.310661976015,87.97516599999999,68.02675466666668,20.352837238057905,0.3199379808926353,11,64,,False,False,Request timeout: 300.0s exceeded,470,21.16838264042747
233,2026-09-14T02:21:33.042+00:00,2026-09-14T02:26:26.572+00:00,2026-09-14T02:26:33.107+00:00,False,98,97.0,,97.0,293529.945614,300065.196302,300065.19619000005,3061.8897570408167,0.02088,293529.945614,29644.203529110076,88.8414445,67.37371843298969,20.704572369370222,0.323263081475049,11,64,,False,False,Request timeout: 300.0s exceeded,511,21.16838264042747
234,2026-09-14T02:21:36.329+00:00,2026-09-14T02:26:29.932+00:00,2026-09-14T02:26:36.392+00:00,False,96,95.0,,95.0,293603.05412,300063.826984,300063.827105,3125.664865677083,0.03646,293603.05412,29958.80168007299,87.83231400000001,68.00813541052632,19.841979525568394,0.316599308070098,11,64,,False,False,Request timeout: 300.0s exceeded,212,21.16838264042747
235,2026-09-14T02:21:40.404+00:00,2026-09-14T02:26:34.311+00:00,2026-09-14T02:26:40.436+00:00,False,93,92.0,,92.0,293906.509031,300031.22864700004,300031.22865600005,3226.1422436129033,0.01952,293906.509031,30469.788923489486,88.67861120000002,66.57303930434783,20.711804987814546,0.3066347473723879,11,64,,False,False,Request timeout: 300.0s exceeded,413,21.16838264042747
236,2026-09-14T02:21:44.169+00:00,2026-09-14T02:26:37.605+00:00,2026-09-14T02:26:44.227+00:00,False,101,100.0,,100.0,293436.241845,300058.877365,300058.877568,2970.8799759207923,0.02463,293436.241845,29191.41437216482,89.204211,66.2263552,19.998641134384986,0.3332679268754219,11,64,,False,False,Request timeout: 300.0s exceeded,468,21.16838264042747
237,2026-09-14T02:21:47.496+00:00,2026-09-14T02:26:41.000+00:00,2026-09-14T02:26:47.535+00:00,False,106,105.0,,105.0,293504.84341100004,300039.69371500006,300039.69385000004,2830.5631495283023,0.0,293504.84341100004,28501.732412992023,90.02763425,62.236669561904755,62.04020577503863,0.349953696792321,11,64,,False,False,Request timeout: 300.0s exceeded,468,21.16838264042747
238,2026-09-14T02:21:50.797+00:00,2026-09-14T02:26:44.830+00:00,2026-09-14T02:26:50.825+00:00,False,97,96.0,,96.0,294032.657389,300027.337965,300027.337798,3093.065338123711,0.0,294032.657389,29848.22296968205,90.73760180000001,62.44458933333333,65.05054323235427,0.31997084216105326,11,64,,False,False,Request timeout: 300.0s exceeded,469,21.16838264042747
239,2026-09-14T02:21:54.744+00:00,2026-09-14T02:26:48.720+00:00,2026-09-14T02:26:54.790+00:00,False,90,89.0,,89.0,293976.140551,300046.361351,300046.36145,3333.848460555556,0.02218,293976.140551,30980.622931638452,88.5926488,68.20472808988764,19.83534569005067,0.29662082752567054,11,64,,False,False,Request timeout: 300.0s exceeded,417,21.16838264042747
240,2026-09-14T02:21:58.175+00:00,2026-09-14T02:26:52.013+00:00,2026-09-14T02:26:58.268+00:00,False,92,91.0,,91.0,293837.398404,300092.998532,300092.99851199996,3261.8804186086954,0.019219999999999998,293837.398404,30627.505966971254,88.70575715,68.74285854945055,19.951826183815594,0.3032393306246908,11,64,,False,False,Request timeout: 300.0s exceeded,440,21.16838264042747
241,2026-09-14T02:22:02.293+00:00,2026-09-14T02:26:55.855+00:00,2026-09-14T02:27:02.325+00:00,False,93,92.0,,92.0,293561.633949,300031.685021,300031.68509399996,3226.147151548387,0.027989999999999998,293561.633949,30433.636976728438,88.8183422,70.32664208695651,19.416928741082117,0.30663428095456213,11,64,,False,False,Request timeout: 300.0s exceeded,432,21.16838264042747
242,2026-09-14T02:22:06.917+00:00,2026-09-14T02:27:01.018+00:00,2026-09-14T02:27:06.975+00:00,False,88,87.0,,87.0,294101.14951099997,300058.015303,300058.01535999996,3409.7501745454542,0.041890000000000004,294101.14951099997,31343.995282118824,89.33275955,68.46972174712643,19.989239835597147,0.2899439293836127,11,64,,False,False,Request timeout: 300.0s exceeded,432,21.16838264042747
243,2026-09-14T02:22:11.170+00:00,2026-09-14T02:27:04.960+00:00,2026-09-14T02:27:11.197+00:00,False,96,95.0,,95.0,293790.537559,300027.45199100004,300027.45210600004,3125.2859594375,0.022139,293790.537559,29978.17740716828,88.83869724999998,65.6517308631579,20.270081418393534,0.31663769221641,11,64,,False,False,Request timeout: 300.0s exceeded,429,21.16838264042747
244,2026-09-14T02:22:14.400+00:00,2026-09-14T02:27:08.209+00:00,2026-09-14T02:27:14.421+00:00,False,94,93.0,,93.0,293809.315351,300021.23445499997,300021.23449,3191.7152605319147,0.021429,293809.315351,30297.23471266577,88.8398455,66.79482907526882,20.78519369487042,0.3099780592828306,11,64,,False,False,Request timeout: 300.0s exceeded,451,21.16838264042747
245,2026-09-14T02:22:19.007+00:00,2026-09-14T02:27:12.664+00:00,2026-09-14T02:27:19.093+00:00,False,99,98.0,,98.0,293657.47079299996,300086.09440899995,300086.094245,3031.1726691414137,0.02492,293657.47079299996,29507.100639646924,89.06015,65.5982001632653,20.745928547705958,0.3265729463173048,11,64,,False,False,Request timeout: 300.0s exceeded,369,21.16838264042747
246,2026-09-14T02:22:22.066+00:00,2026-09-14T02:27:15.986+00:00,2026-09-14T02:27:22.144+00:00,False,91,90.0,,90.0,293920.09625,300078.02649,300078.026384,3297.5607294945057,0.018260000000000002,293920.09625,30804.031937900672,88.2576285,68.4214471111111,20.03599436511837,0.2999219937985003,11,64,,False,False,Request timeout: 300.0s exceeded,289,21.16838264042747
247,2026-09-14T02:22:26.292+00:00,2026-09-14T02:27:20.416+00:00,2026-09-14T02:27:26.299+00:00,False,82,81.0,,81.0,294124.45029,300007.54405,300007.544115,3658.6285867682927,0.020640000000000002,294124.45029,32472.59626048014,88.88307865,72.63078716049382,18.290923889711404,0.2699932105257338,11,64,,False,False,Request timeout: 300.0s exceeded,359,21.16838264042747
248,2026-09-14T02:22:31.018+00:00,2026-09-14T02:27:25.300+00:00,2026-09-14T02:27:31.038+00:00,False,87,86.0,,86.0,294281.166861,300019.389709,300019.389722,3448.4987324367817,0.038829,294281.166861,31543.105656521504,88.84506929999999,66.7235214883721,20.200491058248,0.28664813991993854,11,64,,False,False,Request timeout: 300.0s exceeded,353,21.16838264042747
249,2026-09-14T02:22:34.827+00:00,2026-09-14T02:27:28.926+00:00,2026-09-14T02:27:34.899+00:00,False,93,92.0,,92.0,294099.728786,300072.017554,300072.01740199997,3226.5808322795697,0.029589999999999998,294099.728786,30489.99587859029,87.59583559999999,64.91618226086956,19.478842084713015,0.3065930663909505,11,64,,False,False,Request timeout: 300.0s exceeded,289,21.16838264042747
250,2026-09-14T02:22:38.370+00:00,2026-09-14T02:27:32.075+00:00,2026-09-14T02:27:38.449+00:00,False,97,96.0,,96.0,293705.014021,300079.844613,300079.84461800003,3093.606645546392,0.02255,293705.014021,29814.490297209308,88.48403279999998,66.40448533333334,20.06951127065123,0.31991485507401224,11,64,,False,False,Request timeout: 300.0s exceeded,440,21.16838264042747
251,2026-09-14T02:22:42.171+00:00,2026-09-14T02:27:35.943+00:00,2026-09-14T02:27:42.394+00:00,False,84,83.0,,83.0,293772.41267,300223.526142,300223.52624599996,3574.0895981666667,0.037840000000000006,293772.41267,32044.789595932387,91.22365450000001,77.72425869879518,68.32213613000275,0.2764606793697526,11,64,,False,False,Request timeout: 300.0s exceeded,289,21.16838264042747
252,2026-09-14T02:22:47.444+00:00,2026-09-14T02:27:41.434+00:00,2026-09-14T02:27:47.503+00:00,False,96,95.0,,95.0,293989.762223,300058.517679,300058.517526,3125.6095575625,0.0,293989.762223,29998.76232222252,89.92059499999999,63.88163637894737,68.66341946274596,0.3166049100516793,11,64,,False,False,Request timeout: 300.0s exceeded,309,21.16838264042747
253,2026-09-14T02:22:51.538+00:00,2026-09-14T02:27:45.565+00:00,2026-09-14T02:27:51.557+00:00,False,87,86.0,,86.0,294026.726546,300018.803346,300018.803222,3448.4919910574713,0.04374,294026.726546,31515.51013737847,88.9302003,69.67531162790698,19.890799977828078,0.2866487001510354,11,64,,False,False,Request timeout: 300.0s exceeded,462,21.16838264042747
254,2026-09-14T02:22:55.376+00:00,2026-09-14T02:27:48.954+00:00,2026-09-14T02:27:55.417+00:00,False,93,92.0,,92.0,293577.300676,300040.34733200003,300040.347306,3226.2402936129033,0.039659,293577.300676,30435.270007152572,88.9372306,70.25050713043478,20.30297296632383,0.306625428273486,11,64,,False,False,Request timeout: 300.0s exceeded,395,21.16838264042747
255,2026-09-14T02:22:59.504+00:00,2026-09-14T02:27:53.346+00:00,2026-09-14T02:27:59.535+00:00,False,91,90.0,,90.0,293842.354898,300031.732434,300031.732526,3297.05200578022,0.03502,293842.354898,30795.846000283225,87.96735400000001,68.77086151111111,20.340723091239383,0.29996827092213624,11,64,,False,False,Request timeout: 300.0s exceeded,282,21.16838264042747
256,2026-09-14T02:23:02.716+00:00,2026-09-14T02:27:56.453+00:00,2026-09-14T02:28:02.733+00:00,False,96,95.0,,95.0,293736.858533,300016.345253,300016.345361,3125.170264177083,0.02664,293736.858533,29972.65320022059,89.89720225,66.09986021052632,20.450770045086653,0.3166494142840374,11,64,,False,False,Request timeout: 300.0s exceeded,397,21.16838264042747
257,2026-09-14T02:23:08.040+00:00,2026-09-14T02:28:01.521+00:00,2026-09-14T02:28:08.058+00:00,False,98,97.0,,97.0,293480.993126,300018.408038,300018.40798899997,3061.4123264183672,0.112929,293480.993126,29639.25643365117,91.92511685,67.39603002061855,20.85628938140311,0.3233134947763408,11,64,,False,False,Request timeout: 300.0s exceeded,493,21.16838264042747
258,2026-09-14T02:23:13.293+00:00,2026-09-14T02:28:07.717+00:00,2026-09-14T02:28:14.744+00:00,False,64,63.0,,63.0,294424.63251599995,301450.986948,301450.98697699996,4710.171671515624,0.04894,294424.63251599995,36790.66837382179,92.70082425000001,111.52943542857143,338.274141328278,0.20898919800474047,11,64,,False,False,Request timeout: 300.0s exceeded,272,21.16838264042747
259,2026-09-14T02:23:16.680+00:00,2026-09-14T02:28:10.557+00:00,2026-09-14T02:28:16.666+00:00,True,101,101.0,,101.0,293876.619954,299985.73253,299985.732714,2970.1557694455446,0.015079,293876.619954,29237.034703413166,91.687197,61.09112576,276.76362463717345,0.3366826787000596,11,64,,False,True,,259,21.16838264042747
260,2026-09-14T02:23:20.539+00:00,2026-09-14T02:28:15.911+00:00,2026-09-14T02:28:20.573+00:00,False,68,67.0,,67.0,295372.308409,300034.321849,300034.321797,4412.269438191176,0.034659999999999996,295372.308409,35810.721430749516,89.28420195000002,69.58229014925372,20.541630014815905,0.22330778554634653,11,64,,False,False,Request timeout: 300.0s exceeded,334,21.16838264042747
261,2026-09-14T02:23:25.145+00:00,2026-09-14T02:28:18.594+00:00,2026-09-14T02:28:25.171+00:00,False,95,94.0,,94.0,293448.649746,300025.799954,300025.799941,3158.166315168421,0.03286,293448.649746,30100.023740144472,89.2684157,69.96968306382979,19.531312223081407,0.31330638903191693,11,64,,False,False,Request timeout: 300.0s exceeded,403,21.16838264042747
262,2026-09-14T02:23:30.203+00:00,2026-09-14T02:28:23.439+00:00,2026-09-14T02:28:30.269+00:00,False,102,101.0,,101.0,293236.71299,300066.74844600004,300066.74862200004,2941.8308688431375,0.01719,293236.71299,29028.072764683675,89.36050005000001,67.62411342574258,20.917719003545937,0.33659177673988744,11,64,,False,False,Request timeout: 300.0s exceeded,430,21.16838264042747
263,2026-09-14T02:23:33.491+00:00,2026-09-14T02:28:27.090+00:00,2026-09-14T02:28:33.580+00:00,False,96,95.0,,95.0,293598.468111,300088.828943,300088.829,3125.9253020833335,0.02591,293598.468111,29958.302272451652,87.839902,68.31958770526315,20.498325399502836,0.3165729305373265,11,64,,False,False,Request timeout: 300.0s exceeded,468,21.16838264042747
264,2026-09-14T02:23:38.155+00:00,2026-09-14T02:28:31.994+00:00,2026-09-14T02:28:38.162+00:00,False,89,88.0,,88.0,293839.314678,300006.80447,300006.80443899997,3370.862971224719,0.0,293839.314678,31139.55003235707,91.19598300000001,70.08511127272726,68.26550125194233,0.2933266802246807,11,64,,False,False,Request timeout: 300.0s exceeded,201,21.16838264042747
265,2026-09-14T02:23:42.624+00:00,2026-09-14T02:28:36.063+00:00,2026-09-14T02:28:42.686+00:00,False,104,103.0,,103.0,293438.772499,300061.61973100004,300061.61970800004,2885.2078818076925,0.0,293438.772499,28767.803924135693,88.88537115,64.29948768932039,63.784900591361044,0.34326282745636605,11,64,,False,False,Request timeout: 300.0s exceeded,632,21.16838264042747
266,2026-09-14T02:23:47.253+00:00,2026-09-14T02:28:40.762+00:00,2026-09-14T02:28:47.300+00:00,False,97,96.0,,96.0,293509.002907,300046.76137100003,300046.761246,3093.2655798556702,0.01874,293509.002907,29794.41583628723,87.4453688,68.10165066666667,19.719548758716122,0.31995012897772457,11,64,,False,False,Request timeout: 300.0s exceeded,446,21.16838264042747
267,2026-09-14T02:23:52.706+00:00,2026-09-14T02:28:46.397+00:00,2026-09-14T02:28:52.773+00:00,False,96,95.0,,95.0,293691.38946,300066.468628,300066.468793,3125.6923832604166,0.04528,293691.38946,29967.909698873093,89.55593075,67.10609650526315,20.24838570930066,0.3165965208787587,11,64,,False,False,Request timeout: 300.0s exceeded,397,21.16838264042747
268,2026-09-14T02:23:56.136+00:00,2026-09-14T02:28:49.539+00:00,2026-09-14T02:28:56.165+00:00,False,101,100.0,,100.0,293403.029214,300029.90844599996,300029.908464,2970.593153108911,0.01927,293403.029214,29188.1056757293,89.27272199999999,66.26879232,20.444132203311234,0.3333001050393555,11,64,,False,False,Request timeout: 300.0s exceeded,485,21.16838264042747
269,2026-09-14T02:24:00.320+00:00,2026-09-14T02:28:53.978+00:00,2026-09-14T02:29:00.373+00:00,False,95,94.0,,94.0,293658.01985900005,300053.0519230001,300053.05186000007,3158.4531774736847,0.0332,293658.01985900005,30121.704436092103,90.12491399999999,68.032256,21.038561432652138,0.3132779333440087,11,64,,False,False,Request timeout: 300.0s exceeded,435,21.16838264042747
270,2026-09-14T02:24:04.169+00:00,2026-09-14T02:28:57.959+00:00,2026-09-14T02:29:04.223+00:00,False,93,92.0,,92.0,293790.740352,300054.62335999997,300054.623209,3226.3937979462366,0.030010000000000002,293790.740352,30457.627607093313,91.000456,68.08568486956521,20.98864937309664,0.30661083961909197,11,64,,False,False,Request timeout: 300.0s exceeded,297,21.16838264042747
271,2026-09-14T02:24:09.207+00:00,2026-09-14T02:29:03.038+00:00,2026-09-14T02:29:09.269+00:00,False,89,88.0,,88.0,293830.202662,300061.187366,300061.18717800005,3371.474013235955,0.01745,293830.202662,31138.44074738646,90.8468054,70.80664436363637,21.067818739418115,0.29327351788640993,11,64,,False,False,Request timeout: 300.0s exceeded,417,21.16838264042747
272,2026-09-14T02:24:14.099+00:00,2026-09-14T02:29:07.720+00:00,2026-09-14T02:29:14.143+00:00,False,98,97.0,,97.0,293620.798149,300044.165573,300044.16567899997,3061.6751599897957,0.01932,293620.798149,29653.497069413603,88.0948372,66.22028272164948,20.022222303352272,0.32328573966688295,11,64,,False,False,Request timeout: 300.0s exceeded,319,21.16838264042747
273,2026-09-14T02:24:19.221+00:00,2026-09-14T02:29:12.926+00:00,2026-09-14T02:29:19.313+00:00,False,99,98.0,,98.0,293704.895994,300091.61061800004,300091.61048200005,3031.2283887070707,0.01591,293704.895994,29511.909330319773,87.1823989,65.17055738775511,19.71439863956962,0.32656694333500896,11,64,,False,False,Request timeout: 300.0s exceeded,161,21.16838264042747
274,2026-09-14T02:24:22.971+00:00,2026-09-14T02:29:16.518+00:00,2026-09-14T02:29:22.986+00:00,False,95,94.0,,94.0,293547.445449,300014.68282499997,300014.682807,3158.0492927052633,0.053079999999999995,293547.445449,30110.28026009206,89.655084,68.80039761702128,20.039957993999025,0.313317998688853,11,64,,False,False,Request timeout: 300.0s exceeded,437,21.16838264042747
275,2026-09-14T02:24:27.326+00:00,2026-09-14T02:29:21.228+00:00,2026-09-14T02:29:27.353+00:00,False,84,83.0,,83.0,293901.587205,300026.177541,300026.177476,3571.740208047619,0.026919000000000002,293901.587205,32059.246645847692,90.16817480000002,73.7902450120482,19.18821592247464,0.2766425272630007,11,64,,False,False,Request timeout: 300.0s exceeded,317,21.16838264042747
276,2026-09-14T02:24:31.611+00:00,2026-09-14T02:29:25.453+00:00,2026-09-14T02:29:31.646+00:00,False,90,89.0,,89.0,293841.738685,300035.190205,300035.19016,3333.724335111111,0.01825,293841.738685,30966.309788763865,88.32912999999999,69.58934292134832,19.844661460745566,0.29663187154543597,11,64,,False,False,Request timeout: 300.0s exceeded,403,21.16838264042747
277,2026-09-14T02:24:36.542+00:00,2026-09-14T02:29:30.568+00:00,2026-09-14T02:29:36.579+00:00,False,98,97.0,,97.0,294026.176898,300037.458818,300037.458779,3061.6067222346937,0.0,294026.176898,29694.937245608744,92.0777577,61.97197855670103,64.01305370145998,0.3232929660920749,11,64,,False,False,Request timeout: 300.0s exceeded,307,21.16838264042747
278,2026-09-14T02:24:40.218+00:00,2026-09-14T02:29:34.243+00:00,2026-09-14T02:29:40.299+00:00,False,91,90.0,,90.0,294025.45885299996,300081.13987699995,300081.13988,3297.5949437362633,0.04611,294025.45885299996,30815.196384579478,89.026387,67.28534471111111,20.57517380521351,0.2999188820626649,11,64,,False,False,Request timeout: 300.0s exceeded,363,21.16838264042747
279,2026-09-14T02:24:43.511+00:00,2026-09-14T02:29:37.265+00:00,2026-09-14T02:29:43.555+00:00,False,96,95.0,,95.0,293753.73836,300043.93868,300043.93878100003,3125.4576956354167,0.023530000000000002,293753.73836,29974.364651041553,89.346344,66.21263494736841,20.702697510955122,0.3166202937407727,11,64,,False,False,Request timeout: 300.0s exceeded,498,21.16838264042747
280,2026-09-14T02:24:48.265+00:00,2026-09-14T02:29:42.124+00:00,2026-09-14T02:29:48.285+00:00,False,99,98.0,,98.0,293859.22064099996,300020.02473699994,300020.02468599996,3030.5052998585857,0.0451,293859.22064099996,29527.652277294706,91.5158268,62.86534791836735,21.25468992382352,0.32664486340839294,11,64,,False,False,Request timeout: 300.0s exceeded,491,21.16838264042747
281,2026-09-14T02:24:52.984+00:00,2026-09-14T02:29:46.851+00:00,2026-09-14T02:29:53.019+00:00,False,96,95.0,,95.0,293866.589729,300034.400801,300034.400699,3125.3583406145835,0.03772,293866.589729,29986.014574462515,91.26199025,64.92432707368421,21.554590940968826,0.3166303588734461,11,64,,False,False,Request timeout: 300.0s exceeded,140,21.16838264042747
282,2026-09-14T02:24:56.887+00:00,2026-09-14T02:29:50.304+00:00,2026-09-14T02:29:57.050+00:00,False,97,96.0,,96.0,293416.709691,300163.145787,300163.14569,3094.465419484536,0.023379999999999998,293416.709691,29784.82459168375,91.07139380000001,70.275376,20.347580067647137,0.3198260724123772,11,64,,False,False,Request timeout: 300.0s exceeded,371,21.16838264042747
283,2026-09-14T02:25:02.271+00:00,2026-09-14T02:29:56.009+00:00,2026-09-14T02:30:02.291+00:00,False,91,90.0,,90.0,293738.095435,300019.890251,300019.890084,3296.9218690549455,0.03374,293738.095435,30784.808991967842,88.381168,69.79772017777778,20.332214171112202,0.2999801110676529,11,64,,False,False,Request timeout: 300.0s exceeded,340,21.16838264042747
284,2026-09-14T02:25:06.731+00:00,2026-09-14T02:30:00.356+00:00,2026-09-14T02:30:06.766+00:00,False,95,94.0,,94.0,293625.070449,300034.943601,300034.943608,3158.262564294737,0.039740000000000004,293625.070449,30118.306948875103,87.23718000000001,68.1901399148936,19.92188220664416,0.31329684093398613,11,64,,False,False,Request timeout: 300.0s exceeded,424,21.16838264042747
285,2026-09-14T02:25:11.403+00:00,2026-09-14T02:30:05.256+00:00,2026-09-14T02:30:11.490+00:00,False,93,92.0,,92.0,293852.549472,300087.217504,300087.21762,3226.7442754838708,0.05718,293852.549472,30464.069521151123,89.202662,67.76813078260871,20.51352842967394,0.3065775369081613,11,64,,False,False,Request timeout: 300.0s exceeded,322,21.16838264042747
286,2026-09-14T02:25:16.405+00:00,2026-09-14T02:30:10.238+00:00,2026-09-14T02:30:16.411+00:00,False,94,93.0,,93.0,293832.700557,300005.975949,300005.97595500003,3191.5529356914894,0.047,293832.700557,30299.689099386098,88.3726765,66.37930529032258,20.079795742012475,0.30999382497570543,11,64,,False,False,Request timeout: 300.0s exceeded,412,21.16838264042747
287,2026-09-14T02:25:21.069+00:00,2026-09-14T02:30:15.040+00:00,2026-09-14T02:30:21.126+00:00,False,92,91.0,,91.0,293970.46095,300056.663318,300056.66323199996,3261.4854699130433,0.033649,293970.46095,30641.572713403966,88.1989456,66.8813447032967,19.864172272125742,0.30327605124222223,11,64,,False,False,Request timeout: 300.0s exceeded,202,21.16838264042747
288,2026-09-14T02:25:24.688+00:00,2026-09-14T02:30:18.115+00:00,2026-09-14T02:30:24.709+00:00,False,96,95.0,,95.0,293427.82032999996,300021.60592999996,300021.60591999994,3125.225061666666,0.04213,293427.82032999996,29940.77425825253,89.56310549999998,69.4082694736842,20.142417308942974,0.3166438620496055,11,64,,False,False,Request timeout: 300.0s exceeded,499,21.16838264042747
289,2026-09-14T02:25:29.901+00:00,2026-09-14T02:30:24.015+00:00,2026-09-14T02:30:29.935+00:00,False,94,93.0,,93.0,294113.467043,300034.05379499996,300034.053775,3191.851635904255,0.0,294113.467043,30328.9933780483,92.89563695000001,63.66222313978495,66.3348558966992,0.3099648150724344,11,64,,False,False,Request timeout: 300.0s exceeded,461,21.16838264042747
290,2026-09-14T02:25:35.289+00:00,2026-09-14T02:30:29.393+00:00,2026-09-14T02:30:35.347+00:00,False,89,88.0,,88.0,294104.070778,300058.17433,300058.174469,3371.440162573034,0.0222,294104.070778,31167.803861157943,90.31380940000001,67.66026763636364,20.527113181390042,0.2932764627942406,11,64,,False,False,Request timeout: 300.0s exceeded,411,21.16838264042747
291,2026-09-14T02:25:39.184+00:00,2026-09-14T02:30:32.969+00:00,2026-09-14T02:30:39.227+00:00,False,91,90.0,,90.0,293784.908875,300043.277131,300043.277223,3297.178870582418,0.02071,293784.908875,30789.743781497928,89.39612100000001,69.53742506666666,20.519159164170325,0.2999567291111331,11,64,,False,False,Request timeout: 300.0s exceeded,418,21.16838264042747
292,2026-09-14T02:25:43.827+00:00,2026-09-14T02:30:37.421+00:00,2026-09-14T02:30:43.839+00:00,False,97,96.0,,96.0,293594.236261,300012.048741,300012.04887299996,3092.907720340206,0.026940000000000002,293594.236261,29803.19701910123,89.3811198,66.85221333333334,20.00454864629812,0.31998714852574695,11,64,,False,False,Request timeout: 300.0s exceeded,491,21.16838264042747
293,2026-09-14T02:25:47.757+00:00,2026-09-14T02:30:41.470+00:00,2026-09-14T02:30:47.763+00:00,False,94,93.0,,93.0,293712.740372,300005.196564,300005.19656899996,3191.5446443510637,0.018949999999999998,293712.740372,30287.18393253901,87.31375249999999,67.6608192688172,20.01391411747418,0.3099946303102132,11,64,,False,False,Request timeout: 300.0s exceeded,448,21.16838264042747
294,2026-09-14T02:25:52.627+00:00,2026-09-14T02:30:46.576+00:00,2026-09-14T02:30:52.653+00:00,False,95,94.0,,94.0,293948.822749,300026.290397,300026.29031899996,3158.171477042105,0.04264,293948.822749,30151.88657469189,87.75702310000001,64.65391114893617,20.72919785380386,0.3133058768803813,11,64,,False,False,Request timeout: 300.0s exceeded,307,21.16838264042747
295,2026-09-14T02:25:57.656+00:00,2026-09-14T02:30:51.105+00:00,2026-09-14T02:30:57.691+00:00,False,100,99.0,,99.0,293449.14778,300035.072132,300035.072017,3000.35072017,0.0445,293449.14778,29338.269644695025,88.75975945,66.5244884040404,20.82362386490472,0.3299614251644724,11,64,,False,False,Request timeout: 300.0s exceeded,442,21.16838264042747
296,2026-09-14T02:26:02.159+00:00,2026-09-14T02:30:55.686+00:00,2026-09-14T02:31:02.184+00:00,False,96,95.0,,95.0,293527.30897899996,300025.528755,300025.528741,3125.2659243854164,0.01856,293527.30897899996,29951.030906499356,87.9524345,68.40231343157895,20.086539354999392,0.3166397219403844,11,64,,False,False,Request timeout: 300.0s exceeded,491,21.16838264042747
297,2026-09-14T02:26:05.364+00:00,2026-09-14T02:30:58.836+00:00,2026-09-14T02:31:05.412+00:00,False,96,95.0,,95.0,293472.147598,300048.51035,300048.510185,3125.5053144270832,0.032670000000000005,293472.147598,29945.317080530287,88.96407724999999,69.22487107368421,20.100699020064205,0.3166154695758515,11,64,,False,False,Request timeout: 300.0s exceeded,311,21.16838264042747
298,2026-09-14T02:26:10.451+00:00,2026-09-14T02:31:04.187+00:00,2026-09-14T02:31:10.541+00:00,False,94,93.0,,93.0,293735.506408,300089.231848,300089.231645,3192.438634521277,0.04295,293735.506408,30289.464700206743,90.44666529999999,68.31962838709678,20.884700679197465,0.3099078211746898,11,64,,False,False,Request timeout: 300.0s exceeded,350,21.16838264042747
299,2026-09-14T02:26:15.131+00:00,2026-09-14T02:31:08.948+00:00,2026-09-14T02:31:15.199+00:00,False,95,94.0,,94.0,293817.372051,300068.009107,300068.00905600004,3158.6106216421053,0.0428,293817.372051,30138.211175778393,89.4868274,66.49613889361702,20.968182130527072,0.3132623176983886,11,64,,False,False,Request timeout: 300.0s exceeded,443,21.16838264042747
300,2026-09-14T02:26:20.502+00:00,2026-09-14T02:31:14.567+00:00,2026-09-14T02:31:20.564+00:00,False,92,91.0,,91.0,294065.257214,300062.444798,300062.44457399996,3261.548310586956,0.026699999999999998,294065.257214,30651.557980192432,87.47455904999998,65.90316026373627,20.00749136550566,0.30327020784377257,11,64,,False,False,Request timeout: 300.0s exceeded,433,21.16838264042747
301,2026-09-14T02:26:23.551+00:00,2026-09-14T02:31:17.046+00:00,2026-09-14T02:31:23.629+00:00,False,107,106.0,,106.0,293494.450612,300077.45016400004,300077.450045,2804.4621499532714,0.0,293494.450612,28367.251903948,90.36236360000001,62.10376935849057,66.07523563363236,0.35324213779498687,11,64,,False,False,Request timeout: 300.0s exceeded,231,21.16838264042747
302,2026-09-14T02:26:27.049+00:00,2026-09-14T02:31:21.704+00:00,2026-09-14T02:31:27.057+00:00,False,90,89.0,,89.0,294654.196198,300007.384038,300007.38407699997,3333.415378633333,0.0,294654.196198,31052.95392983878,91.9346129,60.148177977528086,30.38720186398859,0.2966593648532562,11,64,,False,False,Request timeout: 300.0s exceeded,284,21.16838264042747
303,2026-09-14T02:26:32.343+00:00,2026-09-14T02:31:26.161+00:00,2026-09-14T02:31:32.400+00:00,False,92,91.0,,91.0,293818.182749,300057.378909,300057.37875800004,3261.4932473695653,0.04598,293818.182749,30625.52083381518,87.54742755,68.56259516483517,19.067825476518202,0.30327532797518053,11,64,,False,False,Request timeout: 300.0s exceeded,372,21.16838264042747
304,2026-09-14T02:26:37.016+00:00,2026-09-14T02:31:30.492+00:00,2026-09-14T02:31:37.056+00:00,False,95,94.0,,94.0,293475.71813700005,300039.89196100004,300039.8919800001,3158.3146524210533,0.046060000000000004,293475.71813700005,30102.814895097003,89.05565940000001,69.83163642553191,19.27092716477789,0.3132916739358724,11,64,,False,False,Request timeout: 300.0s exceeded,379,21.16838264042747
305,2026-09-14T02:26:41.057+00:00,2026-09-14T02:31:34.404+00:00,2026-09-14T02:31:41.118+00:00,False,101,100.0,,100.0,293346.897623,300060.80175100005,300060.80181000003,2970.8990278217825,0.04277,293346.897623,29182.4340876114,90.940538,67.13904128,20.880142898848685,0.3332657895214956,11,64,,False,False,Request timeout: 300.0s exceeded,449,21.16838264042747
306,2026-09-14T02:26:46.491+00:00,2026-09-14T02:31:40.032+00:00,2026-09-14T02:31:46.554+00:00,False,102,101.0,,101.0,293540.758218,300063.378378,300063.378171,2941.7978252058824,0.01785,293540.758218,29058.478948754117,88.67841105,64.58039762376238,20.71354693837806,0.3365955570651707,11,64,,False,False,Request timeout: 300.0s exceeded,533,21.16838264042747
307,2026-09-14T02:26:50.647+00:00,2026-09-14T02:31:44.129+00:00,2026-09-14T02:31:50.674+00:00,False,100,99.0,,99.0,293481.60692,300026.640136,300026.640253,3000.26640253,0.030439,293481.60692,29341.557098469133,90.87639295,66.11144662626263,21.15778983443931,0.3299706984523907,11,64,,False,False,Request timeout: 300.0s exceeded,476,21.16838264042747
308,2026-09-14T02:26:54.891+00:00,2026-09-14T02:31:48.437+00:00,2026-09-14T02:31:54.928+00:00,False,98,97.0,,97.0,293546.03395899996,300037.12797499995,300037.12807599996,3061.6033477142855,0.01718,293546.03395899996,29645.87438260312,89.17404699999999,66.91849501030929,20.267880451253745,0.32329332257867216,11,64,,False,False,Request timeout: 300.0s exceeded,482,21.16838264042747
309,2026-09-14T02:26:58.628+00:00,2026-09-14T02:31:52.241+00:00,2026-09-14T02:31:58.643+00:00,False,97,96.0,,96.0,293613.085621,300014.767541,300014.767627,3092.9357487319585,0.0313,293613.085621,29805.128636550155,90.86046180000001,66.68418666666666,21.024557007998627,0.31998424873162506,11,64,,False,False,Request timeout: 300.0s exceeded,442,21.16838264042747
310,2026-09-14T02:27:04.084+00:00,2026-09-14T02:31:58.215+00:00,2026-09-14T02:32:05.587+00:00,False,74,73.0,,73.0,294131.221423,301502.29393499997,301502.294062,4074.355325162162,0.054979999999999994,294131.221423,34181.635373313395,90.83208265000002,100.97359605479453,301.7114319818014,0.24212087758024775,11,64,,False,False,Request timeout: 300.0s exceeded,305,21.16838264042747
311,2026-09-14T02:27:08.119+00:00,2026-09-14T02:32:01.821+00:00,2026-09-14T02:32:08.159+00:00,False,107,106.0,,106.0,293702.02142400004,300040.10833600006,300040.108224,2804.1131609719628,0.015300000000000001,293702.02142400004,28388.577124206997,89.5181949,59.79327275471698,252.39865541011332,0.35328610094119767,11,64,,False,False,Request timeout: 300.0s exceeded,509,21.16838264042747
312,2026-09-14T02:27:12.997+00:00,2026-09-14T02:32:06.955+00:00,2026-09-14T02:32:13.031+00:00,False,93,92.0,,92.0,293957.91493900004,300033.366075,300033.366144,3226.1652273548393,0.02489,293957.91493900004,30475.17410096644,86.64222699999999,66.03751234782608,19.331259026933278,0.306632562916361,11,64,,False,False,Request timeout: 300.0s exceeded,179,21.16838264042747
313,2026-09-14T02:27:18.186+00:00,2026-09-14T02:32:11.900+00:00,2026-09-14T02:32:18.234+00:00,False,99,98.0,,98.0,293713.90345,300047.904858,300047.904749,3030.7869166565656,0.0,293713.90345,29512.931309795487,89.0243777,64.63266742857142,64.21786428730026,0.32661451192728463,11,64,,False,False,Request timeout: 300.0s exceeded,516,21.16838264042747
314,2026-09-14T02:27:22.384+00:00,2026-09-14T02:32:15.608+00:00,2026-09-14T02:32:22.406+00:00,False,103,102.0,,102.0,293224.895916,300022.864812,300022.864936,2912.843348893204,0.0,293224.895916,28885.80817716509,88.1422081,66.64675388235294,62.78927793243215,0.33997408852127026,11,64,,False,False,Request timeout: 300.0s exceeded,174,21.16838264042747
315,2026-09-14T02:27:25.488+00:00,2026-09-14T02:32:19.074+00:00,2026-09-14T02:32:25.523+00:00,False,94,93.0,,93.0,293585.625698,300034.911586,300034.91158400004,3191.860761531915,0.01732,293585.625698,30273.898994148076,90.59538215,69.34716008602152,19.812659597345935,0.3099639288921319,11,64,,False,False,Request timeout: 300.0s exceeded,489,21.16838264042747
316,2026-09-14T02:27:28.513+00:00,2026-09-14T02:32:22.221+00:00,2026-09-14T02:32:28.599+00:00,False,89,88.0,,88.0,293707.03872500005,300085.9089970001,300085.9090190001,3371.7517867303377,0.02551,293707.03872500005,31125.206199722114,91.153792,72.48716218181819,19.411736492023245,0.293249357472762,11,64,,False,False,Request timeout: 300.0s exceeded,359,21.16838264042747
317,2026-09-14T02:27:33.248+00:00,2026-09-14T02:32:27.139+00:00,2026-09-14T02:32:33.294+00:00,False,89,88.0,,88.0,293890.93425199995,300045.73565999995,300045.73577999993,3371.300402022471,0.04345,293890.93425199995,31144.969598131822,89.93072999999998,69.94092509090909,20.38515697330768,0.2932886208378517,11,64,,False,False,Request timeout: 300.0s exceeded,465,21.16838264042747
318,2026-09-14T02:27:38.209+00:00,2026-09-14T02:32:32.201+00:00,2026-09-14T02:32:38.215+00:00,False,86,85.0,,85.0,293991.82560399995,300006.02848399995,300006.02849399997,3488.442191790697,0.032,293991.82560399995,31694.330100192456,87.88848175,70.755328,19.60053575690142,0.2833276398795208,11,64,,False,False,Request timeout: 300.0s exceeded,348,21.16838264042747
319,2026-09-14T02:27:41.334+00:00,2026-09-14T02:32:35.077+00:00,2026-09-14T02:32:41.390+00:00,False,95,94.0,,94.0,293742.508236,300055.841228,300055.841244,3158.4825394105264,0.0335,293742.508236,30130.46131759163,88.62140439999999,67.16311693617021,20.132183146197345,0.3132750211270618,11,64,,False,False,Request timeout: 300.0s exceeded,442,21.16838264042747
320,2026-09-14T02:27:46.410+00:00,2026-09-14T02:32:40.034+00:00,2026-09-14T02:32:46.436+00:00,False,99,98.0,,98.0,293623.60931699997,300025.713381,300025.71317799995,3030.562759373737,0.0268,293623.60931699997,29503.724746210384,90.23722389999999,65.32759248979592,20.910472467755557,0.32663867005142544,11,64,,False,False,Request timeout: 300.0s exceeded,486,21.16838264042747
321,2026-09-14T02:27:49.495+00:00,2026-09-14T02:32:43.595+00:00,2026-09-14T02:32:49.520+00:00,False,86,85.0,,85.0,294099.863157,300025.381749,300025.38184399996,3488.667230744186,0.03114,294099.863157,31706.09305576638,89.49656375,69.71198343529412,20.343063546691038,0.2833093637094699,11,64,,False,False,Request timeout: 300.0s exceeded,449,21.16838264042747
322,2026-09-14T02:27:54.490+00:00,2026-09-14T02:32:47.969+00:00,2026-09-14T02:32:54.510+00:00,False,95,94.0,,94.0,293479.28225700004,300019.508817,300019.508847,3158.100093126316,0.04305,293479.28225700004,30103.2071338854,87.5494347,69.57687829787234,19.938710894514404,0.31331295878274457,11,64,,False,False,Request timeout: 300.0s exceeded,450,21.16838264042747
323,2026-09-14T02:27:57.897+00:00,2026-09-14T02:32:51.152+00:00,2026-09-14T02:32:57.949+00:00,False,100,99.0,,99.0,293255.045766,300052.298374,300052.298513,3000.52298513,0.02212,293255.045766,29318.644665409614,87.07102745000002,68.65911725252525,18.85348783609984,0.329942481815625,11,64,,False,False,Request timeout: 300.0s exceeded,411,21.16838264042747
324,2026-09-14T02:28:01.421+00:00,2026-09-14T02:32:54.631+00:00,2026-09-14T02:33:01.464+00:00,False,102,101.0,,101.0,293209.386229,300042.635765,300042.63599,2941.594470490196,0.03505,293209.386229,29025.36288228304,88.22751859999998,67.655936,19.496538906343385,0.3366188266627061,11,64,,False,False,Request timeout: 300.0s exceeded,483,21.16838264042747
325,2026-09-14T02:28:06.305+00:00,2026-09-14T02:32:59.672+00:00,2026-09-14T02:33:06.392+00:00,False,100,99.0,,99.0,293367.085835,300087.378699,300087.378605,3000.8737860499996,0.04686,293367.085835,29329.927653780804,89.54139599999999,67.8817461010101,20.71991344031096,0.3299039114180843,11,64,,False,False,Request timeout: 300.0s exceeded,192,21.16838264042747
326,2026-09-14T02:28:09.550+00:00,2026-09-14T02:33:03.331+00:00,2026-09-14T02:33:09.581+00:00,False,96,95.0,,95.0,293780.601629,300031.342877,300031.342879,3125.3264883229167,0.03377,293780.601629,29977.148867079966,89.39212849999998,65.79727629473685,20.853307839760006,0.31663358597486907,11,64,,False,False,Request timeout: 300.0s exceeded,320,21.16838264042747
327,2026-09-14T02:28:14.639+00:00,2026-09-14T02:33:08.376+00:00,2026-09-14T02:33:14.669+00:00,True,107,107.0,,107.0,293736.619591,300029.522247,300029.522093,2804.0142251682246,0.0,293736.619591,28390.925699534127,88.81444859999999,59.36700618867925,65.1699971296563,0.35663157144886565,11,64,,False,True,,522,21.16838264042747
328,2026-09-14T02:28:19.491+00:00,2026-09-14T02:33:13.791+00:00,2026-09-14T02:33:19.563+00:00,False,94,93.0,,93.0,294299.73703799996,300071.638734,300071.63860899996,3192.2514745638296,0.04995,294299.73703799996,30348.30688606659,89.00440315,62.06345909677419,22.27671242835724,0.3099259909812414,11,64,,False,False,Request timeout: 300.0s exceeded,355,21.16838264042747
329,2026-09-14T02:28:24.991+00:00,2026-09-14T02:33:18.531+00:00,2026-09-14T02:33:25.022+00:00,False,92,91.0,,91.0,293540.026536,300030.731432,300030.73132,3261.203601304348,0.02947,293540.026536,30596.232793542138,89.71667615,71.32642742857144,18.894205851422015,0.30330226362370005,11,64,,False,False,Request timeout: 300.0s exceeded,317,21.16838264042747
330,2026-09-14T02:28:29.049+00:00,2026-09-14T02:33:22.946+00:00,2026-09-14T02:33:29.075+00:00,False,91,90.0,,90.0,293896.945296,300026.26983999996,300026.269893,3296.9919768461536,0.04683,293896.945296,30801.638206424203,88.269074,68.10360604444445,19.768106333814487,0.29997373246014697,11,64,,False,False,Request timeout: 300.0s exceeded,377,21.16838264042747
331,2026-09-14T02:28:33.795+00:00,2026-09-14T02:33:27.206+00:00,2026-09-14T02:33:33.843+00:00,False,104,103.0,,103.0,293411.66709500004,300048.57205500006,300048.572111,2885.082424144231,0.03475,293411.66709500004,28765.069495040312,87.90742165,64.4359704854369,19.998400826006236,0.34327775431345725,11,64,,False,False,Request timeout: 300.0s exceeded,432,21.16838264042747
332,2026-09-14T02:28:36.951+00:00,2026-09-14T02:33:30.405+00:00,2026-09-14T02:33:36.975+00:00,False,101,100.0,,100.0,293453.14228100004,300023.52589700004,300023.525916,2970.529959564357,0.02334,293453.14228100004,29193.148049387943,87.68421500000001,65.70383616,20.040756782108865,0.3333071954974978,11,64,,False,False,Request timeout: 300.0s exceeded,480,21.16838264042747
333,2026-09-14T02:28:42.287+00:00,2026-09-14T02:33:35.845+00:00,2026-09-14T02:33:42.364+00:00,False,103,102.0,,102.0,293557.98088499997,300076.587221,300076.587189,2913.3649241650483,0.037450000000000004,293557.98088499997,28918.83774517547,87.2733352,63.90790525490196,20.84316239504891,0.33991322330282026,11,64,,False,False,Request timeout: 300.0s exceeded,488,21.16838264042747
334,2026-09-14T02:28:46.241+00:00,2026-09-14T02:33:39.910+00:00,2026-09-14T02:33:46.276+00:00,False,96,95.0,,95.0,293668.430144,300034.30303999997,300034.30309,3125.3573238541667,0.034259,293668.430144,29965.57649949507,87.3254955,67.00918837894737,20.522775543245587,0.31663046204198453,11,64,,False,False,Request timeout: 300.0s exceeded,365,21.16838264042747
335,2026-09-14T02:28:50.108+00:00,2026-09-14T02:33:43.889+00:00,2026-09-14T02:33:50.156+00:00,False,97,96.0,,96.0,293780.437791,300047.72329500003,300047.723135,3093.2754962371137,0.01804,293780.437791,29822.26173937706,86.3605338,65.284224,19.420638499371538,0.3199491032485356,11,64,,False,False,Request timeout: 300.0s exceeded,327,21.16838264042747
336,2026-09-14T02:28:54.801+00:00,2026-09-14T02:33:48.798+00:00,2026-09-14T02:33:54.853+00:00,False,94,93.0,,93.0,293997.538216,300052.645288,300052.645119,3192.049416159575,0.028059999999999998,293997.538216,30316.8216392777,87.6844405,65.10867819354839,19.74405750310237,0.30994560941376026,11,64,,False,False,Request timeout: 300.0s exceeded,424,21.16838264042747
337,2026-09-14T02:28:57.962+00:00,2026-09-14T02:33:51.495+00:00,2026-09-14T02:33:58.037+00:00,False,98,97.0,,97.0,293532.634929,300075.015729,300075.015664,3061.989955755102,0.01975,293532.634929,29644.466760078933,87.80793435,67.44722474226803,19.194906275886428,0.32325250325938976,11,64,,False,False,Request timeout: 300.0s exceeded,336,21.16838264042747
338,2026-09-14T02:29:01.675+00:00,2026-09-14T02:33:55.483+00:00,2026-09-14T02:34:01.748+00:00,False,94,93.0,,93.0,293807.913931,300073.401547,300073.40155,3192.270229255319,0.02209,293807.913931,30297.030192400776,87.24716015,67.37083458064515,19.936128745561437,0.30992417028816055,11,64,,False,False,Request timeout: 300.0s exceeded,368,21.16838264042747
339,2026-09-14T02:29:06.174+00:00,2026-09-14T02:33:59.571+00:00,2026-09-14T02:34:06.215+00:00,False,103,102.0,,102.0,293396.55536299996,300040.73917099996,300040.73906299996,2913.0168841067957,0.0,293396.55536299996,28902.876819798625,88.7381091,65.13905694117648,65.52658856570658,0.33995383520858447,11,64,,False,False,Request timeout: 300.0s exceeded,484,21.16838264042747
340,2026-09-14T02:29:09.996+00:00,2026-09-14T02:34:04.069+00:00,2026-09-14T02:34:10.060+00:00,False,91,90.0,,90.0,294073.013979,300063.863771,300063.863608,3297.4050945934064,0.0,294073.013979,30820.32806864718,90.27988450000001,66.5649976888889,69.65277706696767,0.2999361498213773,11,64,,False,False,Request timeout: 300.0s exceeded,293,21.16838264042747
341,2026-09-14T02:29:14.030+00:00,2026-09-14T02:34:07.979+00:00,2026-09-14T02:34:14.091+00:00,False,83,82.0,,82.0,293949.075634,300060.89259400003,300060.892797,3615.1914794819277,0.04593,293949.075634,32256.92734772602,91.454689,74.5343531707317,19.453570092965986,0.2732778646731242,11,64,,False,False,Request timeout: 300.0s exceeded,293,21.16838264042747
342,2026-09-14T02:29:17.366+00:00,2026-09-14T02:34:11.026+00:00,2026-09-14T02:34:17.422+00:00,False,92,91.0,,91.0,293659.915917,300056.21262099996,300056.21267,3261.4805724999997,0.036539999999999996,293659.915917,30608.841494182238,90.40461595000001,70.28897476923076,20.780813914933198,0.3032765067755548,11,64,,False,False,Request timeout: 300.0s exceeded,341,21.16838264042747
343,2026-09-14T02:29:20.735+00:00,2026-09-14T02:34:14.622+00:00,2026-09-14T02:34:20.775+00:00,False,90,89.0,,89.0,293886.657662,300039.788926,300039.78905799997,3333.7754339777775,0.05152,293886.657662,30971.092487601712,88.30696395,69.13630633707865,19.954609067610445,0.29662732505771233,11,64,,False,False,Request timeout: 300.0s exceeded,427,21.16838264042747
344,2026-09-14T02:29:25.355+00:00,2026-09-14T02:34:19.028+00:00,2026-09-14T02:34:25.376+00:00,False,94,93.0,,93.0,293673.16376599995,300021.17093399994,300021.17089099996,3191.714583946808,0.03628,293673.16376599995,30283.040661306986,90.76015565,68.25814159139784,20.545444477182773,0.3099781249119202,11,64,,False,False,Request timeout: 300.0s exceeded,267,21.16838264042747
345,2026-09-14T02:29:29.922+00:00,2026-09-14T02:34:23.640+00:00,2026-09-14T02:34:29.969+00:00,False,93,92.0,,92.0,293718.052555,300046.541259,300046.541392,3226.306896688172,0.02166,293718.052555,30450.01698120584,89.41546139999998,68.78792069565218,20.339922630515833,0.30661909853706876,11,64,,False,False,Request timeout: 300.0s exceeded,348,21.16838264042747
346,2026-09-14T02:29:33.858+00:00,2026-09-14T02:34:27.366+00:00,2026-09-14T02:34:33.878+00:00,False,98,97.0,,97.0,293508.191292,300019.726396,300019.726212,3061.4257776734694,0.02373,293508.191292,29642.03017359512,88.22951085000001,67.12922787628865,19.91561538749642,0.323312074059985,11,64,,False,False,Request timeout: 300.0s exceeded,472,21.16838264042747
347,2026-09-14T02:29:38.264+00:00,2026-09-14T02:34:31.928+00:00,2026-09-14T02:34:38.324+00:00,False,95,94.0,,94.0,293664.586995,300060.381683,300060.38155,3158.5303321052634,0.0218,293664.586995,30122.376470776115,88.27077899999999,68.04036902127659,19.682596189215552,0.31327028071072266,11,64,,False,False,Request timeout: 300.0s exceeded,393,21.16838264042747
348,2026-09-14T02:29:41.386+00:00,2026-09-14T02:34:35.248+00:00,2026-09-14T02:34:41.404+00:00,False,88,87.0,,87.0,293861.65207300003,300017.28983300005,300017.28978500003,3409.287383920455,0.05121,293861.65207300003,31318.22084213942,87.6687205,70.75445701149425,19.379192703729647,0.2899832874579568,11,64,,False,False,Request timeout: 300.0s exceeded,474,21.16838264042747
349,2026-09-14T02:29:46.721+00:00,2026-09-14T02:34:40.089+00:00,2026-09-14T02:34:46.754+00:00,False,100,99.0,,99.0,293368.709999,300033.062255,300033.062357,3000.33062357,0.024050000000000002,293368.709999,29330.146020346885,87.2646709,67.31668945454545,19.91007725448046,0.32996363552713825,11,64,,False,False,Request timeout: 300.0s exceeded,501,21.16838264042747
350,2026-09-14T02:29:51.133+00:00,2026-09-14T02:34:45.119+00:00,2026-09-14T02:34:51.157+00:00,False,93,92.0,,92.0,293986.409929,300024.389065,300024.388899,3226.06869783871,0.022510000000000002,293986.409929,30478.17121888699,86.93572259999999,65.630208,19.474095788028055,0.3066417376490959,11,64,,False,False,Request timeout: 300.0s exceeded,495,21.16838264042747
351,2026-09-14T02:29:54.168+00:00,2026-09-14T02:34:48.493+00:00,2026-09-14T02:34:54.236+00:00,False,86,85.0,,85.0,294324.64524800004,300067.60435200005,300067.60417000006,3489.158188023256,0.02431,294324.64524800004,31730.56348631415,88.22540375,67.56422475294117,20.280051720379607,0.2832694991635589,11,64,,True,False,Request timeout: 300.0s exceeded,270,21.16838264042747
352,2026-09-14T02:29:58.154+00:00,2026-09-14T02:34:51.975+00:00,2026-09-14T02:34:58.164+00:00,False,91,90.0,,90.0,293820.378496,300009.75680000003,300009.756657,3296.810512714286,0.0246,293820.378496,30793.541882753616,88.0443245,68.77087004444444,19.77480622685562,0.2999902435173068,11,64,,True,False,Request timeout: 300.0s exceeded,328,21.16838264042747
353,2026-09-14T02:30:01.453+00:00,2026-09-14T02:34:54.997+00:00,2026-09-14T02:35:01.515+00:00,False,101,100.0,,100.0,293543.792173,300062.148141,300062.14811,2970.912357524752,0.0443,293543.792173,29202.219780577456,88.24661400000001,65.18355968,19.985404270301753,0.3332642941455239,11,64,,True,False,Request timeout: 300.0s exceeded,204,21.16838264042747
354,2026-09-14T02:30:06.778+00:00,2026-09-14T02:35:00.485+00:00,2026-09-14T02:35:06.812+00:00,False,92,91.0,,91.0,293707.170714,300033.762202,300033.762155,3261.2365451630435,0.01806,293707.170714,30613.84776171533,88.8701045,69.52298338461539,20.413029920163304,0.3032991998371622,11,64,,True,False,Request timeout: 300.0s exceeded,424,21.16838264042747
355,2026-09-14T02:30:11.128+00:00,2026-09-14T02:35:04.895+00:00,2026-09-14T02:35:11.157+00:00,False,93,92.0,,92.0,293766.43630299997,300028.586447,300028.58654099994,3226.113833774193,0.0218,293766.43630299997,30455.108770382936,89.16836420000001,68.06684939130434,20.123357797375334,0.3066374477495057,11,64,,True,False,Request timeout: 300.0s exceeded,403,21.16838264042747
356,2026-09-14T02:30:16.056+00:00,2026-09-14T02:35:09.612+00:00,2026-09-14T02:35:16.124+00:00,False,98,97.0,,97.0,293555.930502,300068.245382,300068.24550099997,3061.9208724591836,0.02497,293555.930502,29646.852334320265,88.84739400000001,67.13726680412371,20.77794967343512,0.3232597967056286,11,64,,True,False,Request timeout: 300.0s exceeded,467,21.16838264042747
357,2026-09-14T02:30:21.486+00:00,2026-09-14T02:35:15.083+00:00,2026-09-14T02:35:21.519+00:00,False,91,90.0,,90.0,293596.991162,300032.830906,300032.830853,3297.0640753076923,0.03683,293596.991162,30769.837367620392,89.76461599999999,71.50933048888889,19.623637172402113,0.29996717268650147,11,64,,True,False,Request timeout: 300.0s exceeded,424,21.16838264042747
358,2026-09-14T02:30:25.458+00:00,2026-09-14T02:35:18.848+00:00,2026-09-14T02:35:25.481+00:00,False,97,96.0,,96.0,293389.295094,300022.917878,300022.918028,3093.019773484536,0.02177,293389.295094,29782.159956252846,89.1513478,69.10023733333333,19.712853023749773,0.31997555613080536,11,64,,True,False,Request timeout: 300.0s exceeded,370,21.16838264042747
359,2026-09-14T02:30:28.939+00:00,2026-09-14T02:35:22.638+00:00,2026-09-14T02:35:29.003+00:00,False,93,92.0,,92.0,293698.839295,300063.215359,300063.215517,3226.4861883548388,0.03667,293698.839295,30447.98533306527,88.2392798,69.17800069565217,21.97399581323207,0.30660206013566127,11,64,,True,False,Request timeout: 300.0s exceeded,238,21.16838264042747
360,2026-09-14T02:30:32.826+00:00,2026-09-14T02:35:26.679+00:00,2026-09-14T02:35:32.846+00:00,False,90,89.0,,89.0,293853.01162400004,300020.658088,300020.65829100006,3333.5628699000004,0.02214,293853.01162400004,30967.528512913348,87.90120544999999,69.29939847191012,19.66989025296425,0.2966462395195971,11,64,,True,False,Request timeout: 300.0s exceeded,432,21.16838264042747
361,2026-09-14T02:30:36.024+00:00,2026-09-14T02:35:29.733+00:00,2026-09-14T02:35:36.051+00:00,False,91,90.0,,90.0,293709.088911,300027.557007,300027.55695,3297.0061203296705,0.01989,293709.088911,30781.7246634972,87.94823000000001,70.20520106666666,18.898482358044355,0.29997244552406294,11,64,,True,False,Request timeout: 300.0s exceeded,405,21.16838264042747
362,2026-09-14T02:30:40.997+00:00,2026-09-14T02:35:34.365+00:00,2026-09-14T02:35:41.045+00:00,False,100,99.0,,99.0,293367.677257,300047.454537,300047.454543,3000.47454543,0.03454,293367.677257,29330.02747806302,89.14936295,67.47249777777778,20.370019089401648,0.3299478082650821,11,64,,True,False,Request timeout: 300.0s exceeded,192,21.16838264042747
363,2026-09-14T02:30:46.565+00:00,2026-09-14T02:35:40.288+00:00,2026-09-14T02:35:46.607+00:00,False,92,91.0,,91.0,293723.176763,300042.88620300003,300042.886138,3261.3357188913046,0.07314,293723.176763,30615.524951290958,90.90638595,69.44735648351649,21.244306572440994,0.3032899768149548,11,64,,True,False,Request timeout: 300.0s exceeded,360,21.16838264042747
364,2026-09-14T02:30:51.475+00:00,2026-09-14T02:35:45.479+00:00,2026-09-14T02:35:51.524+00:00,False,89,88.0,,88.0,294004.129025,300048.748033,300048.74806199997,3371.3342478876402,0.037029000000000006,294004.129025,31157.10117833698,90.41061499999999,68.68885236363636,20.75482050006834,0.2932856763339055,11,64,,True,False,Request timeout: 300.0s exceeded,398,21.16838264042747
365,2026-09-14T02:30:55.302+00:00,2026-09-14T02:35:49.065+00:00,2026-09-14T02:35:55.361+00:00,False,92,91.0,,91.0,293762.588039,300058.310023,300058.309976,3261.503369304348,0.03492,293762.588039,30619.659622412535,85.981339,69.18375806593406,18.57018856780747,0.30327438687841934,11,64,,True,False,Request timeout: 300.0s exceeded,448,21.16838264042747
366,2026-09-14T02:30:59.194+00:00,2026-09-14T02:35:52.673+00:00,2026-09-14T02:35:59.280+00:00,False,100,99.0,,99.0,293479.79035,300086.02779,300086.027903,3000.86027903,0.039259999999999996,293479.79035,29341.312784761685,87.95125490000001,66.72967111111112,19.95478039739472,0.3299053965594164,11,64,,True,False,Request timeout: 300.0s exceeded,449,21.16838264042747
367,2026-09-14T02:31:03.161+00:00,2026-09-14T02:35:57.163+00:00,2026-09-14T02:36:03.228+00:00,False,91,90.0,,90.0,294001.85797500005,300066.7573030001,300066.75726000004,3297.4368929670336,0.02029,294001.85797500005,30812.711762261148,90.52009950000001,67.38777031111111,20.813746464162975,0.29993325754882005,11,64,,True,False,Request timeout: 300.0s exceeded,289,21.16838264042747
368,2026-09-14T02:31:07.036+00:00,2026-09-14T02:36:00.984+00:00,2026-09-14T02:36:07.109+00:00,False,89,88.0,,88.0,293947.787724,300072.440012,300072.440183,3371.600451494382,0.02506,293947.787724,31151.03274106294,89.698203,69.59832145454546,20.952837596953653,0.2932625201983923,11,64,,True,False,Request timeout: 300.0s exceeded,394,21.16838264042747
369,2026-09-14T02:31:12.618+00:00,2026-09-14T02:36:06.775+00:00,2026-09-14T02:36:12.629+00:00,False,86,85.0,,85.0,294156.82944999996,300010.46400999994,300010.463839,3488.4937655697668,0.023669,294156.82944999996,31712.32633491556,86.388613,68.86628894117648,19.128705316863616,0.2833234510019183,11,64,,True,False,Request timeout: 300.0s exceeded,295,21.16838264042747
370,2026-09-14T02:31:16.240+00:00,2026-09-14T02:36:10.108+00:00,2026-09-14T02:36:16.270+00:00,False,90,89.0,,89.0,293868.362983,300030.169319,300030.169352,3333.6685483555557,0.03245,293868.362983,30969.15326400283,87.1948295,69.23377905617977,19.11920785968591,0.2966368355622693,11,64,,True,False,Request timeout: 300.0s exceeded,467,21.16838264042747
371,2026-09-14T02:31:21.005+00:00,2026-09-14T02:36:15.188+00:00,2026-09-14T02:36:21.060+00:00,False,85,84.0,,84.0,294183.026875,300054.727611,300054.72757499997,3530.0556185294117,0.035279000000000005,294183.026875,31901.05333407695,88.67071100000001,69.90119923809524,19.406221844327636,0.2799489302128248,11,64,,True,False,Request timeout: 300.0s exceeded,112,21.16838264042747
372,2026-09-14T02:31:25.913+00:00,2026-09-14T02:36:19.834+00:00,2026-09-14T02:36:25.938+00:00,False,93,92.0,,92.0,293921.222292,300024.939924,300024.93972300005,3226.0746206774197,0.053200000000000004,293921.222292,30471.338018026465,88.015952,66.34475686956522,20.30436261785144,0.30664117464136387,11,64,,True,False,Request timeout: 300.0s exceeded,448,21.16838264042747
373,2026-09-14T02:31:29.063+00:00,2026-09-14T02:36:23.134+00:00,2026-09-14T02:36:29.079+00:00,False,85,84.0,,84.0,294071.44180900004,300016.49422500003,300016.49439700006,3529.6058164352944,0.02147,294071.44180900004,31888.85588644835,88.856037,70.77443352380952,20.005112199748194,0.2799846062363606,11,64,,True,False,Request timeout: 300.0s exceeded,457,21.16838264042747
374,2026-09-14T02:31:33.695+00:00,2026-09-14T02:36:27.631+00:00,2026-09-14T02:36:33.773+00:00,False,87,86.0,,86.0,293935.606561,300077.567265,300077.567244,3449.167439586207,0.02252,293935.606561,31505.55338240036,87.92958920000001,71.41814772093024,18.534717700147734,0.28659256599495475,11,64,,True,False,Request timeout: 300.0s exceeded,348,21.16838264042747
375,2026-09-14T02:31:38.223+00:00,2026-09-14T02:36:31.910+00:00,2026-09-14T02:36:38.269+00:00,False,93,92.0,,92.0,293686.95568199997,300045.732514,300045.73245699995,3226.2981984623652,0.024489999999999998,293686.95568199997,30446.75834357691,88.08988659999999,69.11713947826088,20.48372161173197,0.3066199249999576,11,64,,True,False,Request timeout: 300.0s exceeded,428,21.16838264042747
376,2026-09-14T02:31:42.123+00:00,2026-09-14T02:36:35.813+00:00,2026-09-14T02:36:42.143+00:00,False,95,94.0,,94.0,293690.09132099996,300019.87205699994,300019.87196699996,3158.1039154421046,0.04317,293690.09132099996,30125.066121065698,89.4232763,67.3380929361702,21.043706446451697,0.31331257944854135,11,64,,True,False,Request timeout: 300.0s exceeded,416,21.16838264042747
377,2026-09-14T02:31:45.929+00:00,2026-09-14T02:36:39.411+00:00,2026-09-14T02:36:45.986+00:00,False,94,93.0,,93.0,293482.80996,300057.497448,300057.497479,3192.1010370106383,0.024829999999999998,293482.80996,30263.155861303116,91.296459,70.69556438709678,20.682743012642987,0.3099405973554016,11,64,,True,False,Request timeout: 300.0s exceeded,356,21.16838264042747
378,2026-09-14T02:31:50.423+00:00,2026-09-14T02:36:44.143+00:00,2026-09-14T02:36:50.448+00:00,False,93,92.0,,92.0,293720.661253,300025.476357,300025.476372,3226.0803910967743,0.03604,293720.661253,30450.31453452092,90.06649000000002,68.53059895652173,20.87894205350511,0.30664062637977213,11,64,,True,False,Request timeout: 300.0s exceeded,386,21.16838264042747
379,2026-09-14T02:31:55.279+00:00,2026-09-14T02:36:49.022+00:00,2026-09-14T02:36:55.310+00:00,False,92,91.0,,91.0,293742.939152,300031.787792,300031.787724,3261.215083956522,0.036259,293742.939152,30617.61964320592,88.0075951,69.1082268131868,19.677132639973475,0.3033011957489206,11,64,,True,False,Request timeout: 300.0s exceeded,369,21.16838264042747
380,2026-09-14T02:31:59.252+00:00,2026-09-14T02:36:52.823+00:00,2026-09-14T02:36:59.264+00:00,False,90,89.0,,89.0,293571.063009,300012.486881,300012.486719,3333.4720746555554,0.039200000000000006,293571.063009,30937.484059559527,88.51081245000002,72.3755491235955,19.33054987656496,0.29665431904273326,11,64,,True,False,Request timeout: 300.0s exceeded,429,21.16838264042747
381,2026-09-14T02:32:05.581+00:00,2026-09-14T02:36:58.033+00:00,2026-09-14T02:37:05.722+00:00,False,117,116.0,,116.0,292452.49868699996,300141.34911899996,300141.34915399994,2565.310676529914,0.03616,292452.49868699996,27031.122741052353,90.01417,66.28319337931035,20.299504108859907,0.38648456915547597,11,64,,True,False,Request timeout: 300.0s exceeded,612,21.16838264042747
382,2026-09-14T02:32:07.629+00:00,2026-09-14T02:37:01.269+00:00,2026-09-14T02:37:07.636+00:00,False,104,103.0,,103.0,293639.978674,300007.652786,300007.652817,2884.6889693942308,0.0,293639.978674,28787.720305694267,90.00524145,61.82207875728156,28.10858717298475,0.34332457536832056,11,64,,True,False,Request timeout: 300.0s exceeded,427,21.16838264042747
383,2026-09-14T02:32:12.420+00:00,2026-09-14T02:37:07.188+00:00,2026-09-14T02:37:12.489+00:00,False,82,81.0,,81.0,294768.49336699996,300069.70808699995,300069.708191,3659.3866852560973,0.0,294768.49336699996,32544.5149135491,87.18413705,65.44709530864198,22.636102276599765,0.2699372772959658,11,64,,True,False,Request timeout: 300.0s exceeded,201,21.16838264042747
384,2026-09-14T02:32:16.432+00:00,2026-09-14T02:37:10.287+00:00,2026-09-14T02:37:16.561+00:00,False,96,95.0,,95.0,293855.692987,300129.072827,300129.072889,3126.3445092604165,0.039589,293855.692987,29984.788461490232,88.87443725000001,66.03557726315789,20.763254707993433,0.31653048171964254,11,64,,True,False,Request timeout: 300.0s exceeded,468,21.16838264042747
385,2026-09-14T02:32:20.309+00:00,2026-09-14T02:37:13.822+00:00,2026-09-14T02:37:20.334+00:00,False,101,100.0,,100.0,293512.92761400004,300025.39481400006,300025.39482300007,2970.5484635940597,0.02572,293512.92761400004,29199.15481225188,88.40857299999999,65.124672,20.43757259867585,0.333305119261637,11,64,,True,False,Request timeout: 300.0s exceeded,330,21.16838264042747
386,2026-09-14T02:32:24.678+00:00,2026-09-14T02:37:18.498+00:00,2026-09-14T02:37:24.724+00:00,False,94,93.0,,93.0,293820.292449,300046.906977,300046.906761,3191.9883697978726,0.03597,293820.292449,30298.35023635249,88.54586499999999,66.95284438709677,20.218285083548963,0.30995153703460404,11,64,,True,False,Request timeout: 300.0s exceeded,462,21.16838264042747
387,2026-09-14T02:32:28.799+00:00,2026-09-14T02:37:22.190+00:00,2026-09-14T02:37:28.878+00:00,False,100,99.0,,99.0,293390.53779000003,300078.328126,300078.328179,3000.7832817900003,0.02156,293390.53779000003,29332.305421816258,89.31382095000001,67.55343773737374,20.348242072691384,0.3299138615516108,11,64,,True,False,Request timeout: 300.0s exceeded,526,21.16838264042747
388,2026-09-14T02:32:32.935+00:00,2026-09-14T02:37:26.866+00:00,2026-09-14T02:37:32.952+00:00,False,88,87.0,,87.0,293930.444374,300016.37205400004,300016.371994,3409.2769544772727,0.26626,293930.444374,31325.639101512214,88.7408065,69.95319172413794,18.648653831928705,0.289984174544784,11,64,,True,False,Request timeout: 300.0s exceeded,377,21.16838264042747
389,2026-09-14T02:32:38.495+00:00,2026-09-14T02:37:31.998+00:00,2026-09-14T02:37:38.523+00:00,False,98,97.0,,97.0,293502.658587,300027.914779,300027.914705,3061.50933372449,0.020390000000000002,293502.658587,29641.456887741002,87.50446055,67.27068239175257,19.750719932063646,0.32330325020406864,11,64,,True,False,Request timeout: 300.0s exceeded,467,21.16838264042747
390,2026-09-14T02:32:42.515+00:00,2026-09-14T02:37:36.484+00:00,2026-09-14T02:37:42.581+00:00,False,90,89.0,,89.0,293968.933976,300066.187864,300066.187872,3334.068754133333,0.02997,293968.933976,30979.831196879906,88.54741145,68.50847065168539,19.711696524567234,0.29660122866071725,11,64,,True,False,Request timeout: 300.0s exceeded,299,21.16838264042747
391,2026-09-14T02:32:46.134+00:00,2026-09-14T02:37:39.967+00:00,2026-09-14T02:37:46.163+00:00,False,88,87.0,,87.0,293833.523454,300029.435134,300029.434977,3409.425397465909,0.039880000000000006,293833.523454,31315.1725464816,88.24006885,71.21737563218392,18.66604949380147,0.2899715488286801,11,64,,True,False,Request timeout: 300.0s exceeded,431,21.16838264042747
392,2026-09-14T02:32:49.374+00:00,2026-09-14T02:37:43.197+00:00,2026-09-14T02:37:49.419+00:00,False,92,91.0,,91.0,293823.255534,300045.86187,300045.86186,3261.368063695652,0.02112,293823.255534,30626.068836668317,86.25740044999999,68.3802894065934,19.264998485269327,0.3032869689748539,11,64,,True,False,Request timeout: 300.0s exceeded,334,21.16838264042747
393,2026-09-14T02:32:54.955+00:00,2026-09-14T02:37:48.810+00:00,2026-09-14T02:37:54.983+00:00,False,90,89.0,,89.0,293854.579775,300028.24991899997,300028.250024,3333.647222488889,0.02161,293854.579775,30967.68682884152,89.5734345,69.36708026966292,19.91123789147646,0.2966387332660433,11,64,,True,False,Request timeout: 300.0s exceeded,477,21.16838264042747
394,2026-09-14T02:32:59.823+00:00,2026-09-14T02:37:53.780+00:00,2026-09-14T02:37:59.842+00:00,False,85,84.0,,84.0,293956.29890600004,300018.500506,300018.500561,3529.6294183647065,0.03289,293956.29890600004,31876.215671055303,91.2803732,72.16906666666667,20.089659645422895,0.279982733925837,11,64,,True,False,Request timeout: 300.0s exceeded,326,21.16838264042747
395,2026-09-14T02:33:05.059+00:00,2026-09-14T02:37:58.702+00:00,2026-09-14T02:38:05.123+00:00,False,93,92.0,,92.0,293642.45233600005,300063.2374880001,300063.237383,3226.486423473119,0.02441,293642.45233600005,30442.073258467044,89.63049060000002,69.79114295652174,19.853020328817742,0.3066020375244375,11,64,,True,False,Request timeout: 300.0s exceeded,421,21.16838264042747
396,2026-09-14T02:33:09.981+00:00,2026-09-14T02:38:03.599+00:00,2026-09-14T02:38:12.788+00:00,False,92,91.0,,91.0,293617.922425,302807.18936899997,302807.189259,3291.382491945652,0.03,293617.922425,30602.834610050373,90.32352425,100.98095542857143,312.5026740202991,0.3005212663200928,11,64,,True,False,Request timeout: 300.0s exceeded,415,21.16838264042747
397,2026-09-14T02:33:15.021+00:00,2026-09-14T02:38:08.198+00:00,2026-09-14T02:38:15.099+00:00,False,112,111.0,,111.0,293177.57968,300078.620576,300078.620485,2679.2733971875,0.015449999999999998,293177.57968,27698.313500425233,89.6754766,62.1715396036036,290.6066414500085,0.36990306002785484,11,64,,True,False,Request timeout: 300.0s exceeded,238,21.16838264042747
398,2026-09-14T02:33:19.813+00:00,2026-09-14T02:38:14.038+00:00,2026-09-14T02:38:19.863+00:00,False,90,89.0,,89.0,294225.098097,300050.91185699997,300050.911862,3333.899020688889,0.0212,294225.098097,31007.154849231392,85.9513175,65.45858157303371,19.873346248872384,0.29661632903957363,11,64,,True,False,Request timeout: 300.0s exceeded,232,21.16838264042747
399,2026-09-14T02:33:24.558+00:00,2026-09-14T02:38:18.120+00:00,2026-09-14T02:38:24.590+00:00,False,95,94.0,,94.0,293561.897845,300031.751285,300031.75138900004,3158.228961989474,0.023039999999999998,293561.897845,30111.760023053383,88.23240299999999,68.82822808510639,19.786575256813403,0.3133001743895747,11,64,,True,False,Request timeout: 300.0s exceeded,390,21.16838264042747
400,2026-09-14T02:33:28.152+00:00,2026-09-14T02:38:21.783+00:00,2026-09-14T02:38:28.192+00:00,False,99,98.0,,98.0,293631.564645,300040.87306099996,300040.87319799996,3030.7158908888887,0.027579,293631.564645,29504.516670199333,89.2922589,65.40110628571428,20.583507005946604,0.326622166507548,11,64,,True,False,Request timeout: 300.0s exceeded,407,21.16838264042747
401,2026-09-14T02:33:32.438+00:00,2026-09-14T02:38:26.171+00:00,2026-09-14T02:38:32.479+00:00,False,97,96.0,,96.0,293733.283158,300041.679702,300041.679624,3093.2131919999997,0.0218,293733.283158,29817.4310393998,87.59660740000001,65.712464,20.341885414494357,0.3199555478270444,11,64,,True,False,Request timeout: 300.0s exceeded,507,21.16838264042747
402,2026-09-14T02:33:36.484+00:00,2026-09-14T02:38:30.155+00:00,2026-09-14T02:38:36.531+00:00,False,94,93.0,,93.0,293670.878949,300047.51178099995,300047.51181,3191.9948064893615,0.02388,293670.878949,30282.773272653216,89.320476,68.56594443010754,20.574786466756976,0.30995091226711874,11,64,,True,False,Request timeout: 300.0s exceeded,456,21.16838264042747
403,2026-09-14T02:33:39.620+00:00,2026-09-14T02:38:33.944+00:00,2026-09-14T02:38:39.644+00:00,False,82,81.0,,81.0,294324.16583899996,300023.568079,300023.56797,3658.823999634146,0.02166,294324.16583899996,32494.902504513957,88.853815,70.36299061728396,19.874023476514214,0.2699787903951322,11,64,,True,False,Request timeout: 300.0s exceeded,458,21.16838264042747
404,2026-09-14T02:33:44.638+00:00,2026-09-14T02:38:38.531+00:00,2026-09-14T02:38:44.660+00:00,False,94,93.0,,93.0,293892.317888,300021.591232,300021.591141,3191.7190546914894,0.03464,293892.317888,30305.887091912846,87.89868364999998,65.90616498924732,20.284531167803976,0.3099776906658867,11,64,,True,False,Request timeout: 300.0s exceeded,572,21.16838264042747
405,2026-09-14T02:33:48.391+00:00,2026-09-14T02:38:42.341+00:00,2026-09-14T02:38:48.436+00:00,False,95,94.0,,94.0,293949.718695,300045.363111,300045.36305,3158.372242631579,0.02105,293949.718695,30151.958777738902,86.53718570000001,64.84728102127659,20.905299974552275,0.31328596124721736,11,64,,True,False,Request timeout: 300.0s exceeded,465,21.16838264042747
406,2026-09-14T02:33:53.255+00:00,2026-09-14T02:38:46.925+00:00,2026-09-14T02:38:53.312+00:00,False,95,94.0,,94.0,293670.701862,300056.977446,300056.977463,3158.494499610526,0.027559999999999998,293670.701862,30123.014341368882,89.07158,67.93910195744681,19.850488091974356,0.3132738348566375,11,64,,True,False,Request timeout: 300.0s exceeded,465,21.16838264042747
407,2026-09-14T02:33:58.272+00:00,2026-09-14T02:38:51.650+00:00,2026-09-14T02:38:58.292+00:00,False,99,98.0,,98.0,293378.06820700003,300019.64542300004,300019.645419,3030.5014688787883,0.037200000000000004,293378.06820700003,29478.800349385318,87.3395566,67.77119608163265,19.431980112721675,0.3266452763845815,11,64,,True,False,Request timeout: 300.0s exceeded,326,21.16838264042747
408,2026-09-14T02:34:03.633+00:00,2026-09-14T02:38:57.513+00:00,2026-09-14T02:39:03.715+00:00,False,90,89.0,,89.0,293879.818586,300081.76905,300081.768907,3334.2418767444447,0.02184,293879.818586,30970.313629152344,87.95822505,69.68483667415731,19.73860896672136,0.2965858281952834,11,64,,True,False,Request timeout: 300.0s exceeded,326,21.16838264042747
409,2026-09-14T02:34:07.947+00:00,2026-09-14T02:39:01.891+00:00,2026-09-14T02:39:08.027+00:00,False,95,94.0,,94.0,293944.01442,300080.82670800004,300080.826898,3158.745546294737,0.02532,293944.01442,30151.328412138337,89.8092567,65.28523710638298,20.63260683631642,0.31324893706544166,11,64,,True,False,Request timeout: 300.0s exceeded,444,21.16838264042747
410,2026-09-14T02:34:11.197+00:00,2026-09-14T02:39:04.723+00:00,2026-09-14T02:39:11.224+00:00,False,100,99.0,,99.0,293525.77102100005,300026.49063700007,300026.49068100005,3000.2649068100004,0.03701,293525.77102100005,29346.017916326473,89.47253700000002,65.6638345050505,20.65814464045507,0.3299708628721702,11,64,,True,False,Request timeout: 300.0s exceeded,306,21.16838264042747
411,2026-09-14T02:34:15.694+00:00,2026-09-14T02:39:09.234+00:00,2026-09-14T02:39:15.704+00:00,False,98,97.0,,97.0,293539.64573000005,300010.17757000006,300010.17746400007,3061.3283414693883,0.036099,293539.64573000005,29645.250456512884,88.52662919999999,66.70651381443298,20.221710082698067,0.3233223645466741,11,64,,True,False,Request timeout: 300.0s exceeded,252,21.16838264042747
412,2026-09-14T02:34:19.303+00:00,2026-09-14T02:39:12.670+00:00,2026-09-14T02:39:19.325+00:00,False,98,97.0,,97.0,293367.29880299995,300021.45867499994,300021.45859999995,3061.4434551020404,0.01975,293367.29880299995,29627.649448480337,88.80332635,68.59958630927835,20.052002874705956,0.3233102073044576,11,64,,True,False,Request timeout: 300.0s exceeded,160,21.16838264042747
413,2026-09-14T02:34:22.826+00:00,2026-09-14T02:39:16.626+00:00,2026-09-14T02:39:22.844+00:00,False,91,90.0,,90.0,293800.082589,300018.585245,300018.585304,3296.907530813187,0.02095,293800.082589,30791.379966882796,86.761607,69.09447395555556,19.128091573170916,0.2999814159062998,11,64,,True,False,Request timeout: 300.0s exceeded,475,21.16838264042747
414,2026-09-14T02:34:26.288+00:00,2026-09-14T02:39:19.983+00:00,2026-09-14T02:39:26.336+00:00,False,95,94.0,,94.0,293695.813997,300047.985773,300047.985772,3158.399850231579,0.02249,293695.813997,30125.62834225001,89.282621,67.5762954893617,20.346747875666946,0.31328322287460814,11,64,,True,False,Request timeout: 300.0s exceeded,427,21.16838264042747
415,2026-09-14T02:34:29.593+00:00,2026-09-14T02:39:23.143+00:00,2026-09-14T02:39:29.665+00:00,False,98,97.0,,97.0,293549.779004,300072.211772,300072.211819,3061.961345091837,0.020579999999999998,293549.779004,29646.219869464796,88.00834885,67.24157492783505,19.994446745353127,0.3232555238193874,11,64,,True,False,Request timeout: 300.0s exceeded,511,21.16838264042747
416,2026-09-14T02:34:33.701+00:00,2026-09-14T02:39:27.050+00:00,2026-09-14T02:39:33.749+00:00,False,102,101.0,,101.0,293349.00302600005,300047.871762,300047.87181800004,2941.6458021372555,0.210299,293349.00302600005,29039.31924010105,88.34183955,66.32543302970296,20.232551674280252,0.33661295248284206,11,64,,True,False,Request timeout: 300.0s exceeded,227,21.16838264042747
417,2026-09-14T02:34:38.919+00:00,2026-09-14T02:39:32.158+00:00,2026-09-14T02:39:38.107+00:00,True,123,123.0,,123.0,293238.815976,299187.927016,299187.926921,2432.422170089431,0.019379999999999998,293238.815976,26436.070158580507,85.9557539,48.76320524590164,26.708728715740207,0.4111128454505526,11,64,,True,True,,586,21.16838264042747
0,2026-09-14T02:04:40.890+00:00,2026-09-14T02:04:41.077+00:00,2026-09-14T02:04:53.308+00:00,True,230,230.0,,230.0,187.49077499999999,12418.096087,12418.09633,53.991723173913044,0.02512,187.49077499999999,21.424131254862615,93.23478845,53.4087568209607,19.55756876703409,18.521357733797668,12,64,,False,True,,1124,21.16838264042747
1,2026-09-14T02:04:45.330+00:00,2026-09-14T02:04:45.513+00:00,2026-09-14T02:05:03.143+00:00,True,276,276.0,,276.0,182.93820399999998,17813.79926,17813.79932,64.54275115942029,39.610156,182.93820399999998,22.381617143921662,95.703614,64.11222202181818,21.246659927902822,15.493606724296274,12,64,,False,True,,1002,21.16838264042747
2,2026-09-14T02:04:50.775+00:00,2026-09-14T02:04:55.443+00:00,2026-09-14T02:05:11.175+00:00,True,241,241.0,,241.0,4667.569560999999,20399.413145,20399.413067999998,84.64486750207469,34.445068,4667.569560999999,297.23054990583597,95.18602000000001,65.54934826666667,21.67928861239304,11.8140653501628,12,64,,False,True,,1179,21.16838264042747
3,2026-09-14T02:04:54.037+00:00,2026-09-14T02:05:01.107+00:00,2026-09-14T02:05:12.249+00:00,True,174,174.0,,174.0,7069.626552,18212.447416,18212.447319,104.66923746551724,38.867078,7069.626552,531.5034804750292,94.52185815000001,64.40936915606936,21.66883749454392,9.553905415652018,12,64,,False,True,,842,21.16838264042747
4,2026-09-14T02:04:57.825+00:00,2026-09-14T02:05:08.458+00:00,2026-09-14T02:05:15.872+00:00,True,113,113.0,,113.0,10633.219672000001,18047.665496,18047.665517,159.71385413274336,18.127192,10633.219672000001,994.301952308128,95.6908532,66.20040914285714,21.961472652428977,6.261197606141625,12,64,,False,True,,546,21.16838264042747
5,2026-09-14T02:05:02.129+00:00,2026-09-14T02:05:15.781+00:00,2026-09-14T02:05:35.277+00:00,True,290,290.0,,290.0,13652.533739,33148.041195,33148.041036,114.30358977931034,39.951665999999996,13652.533739,798.0521871043823,94.70517939999999,67.45850330795848,22.248025488017117,8.748631579586162,12,64,,False,True,,973,21.16838264042747
6,2026-09-14T02:05:05.671+00:00,2026-09-14T02:05:21.815+00:00,2026-09-14T02:05:40.929+00:00,True,291,291.0,,291.0,16144.584837999999,35258.24167,35258.241522,121.162342,0.019469999999999998,16144.584837999999,942.9145696326447,96.022523,65.90916148965518,26.31150078439721,8.253389454971082,12,64,,False,True,,965,21.16838264042747
7,2026-09-14T02:05:10.504+00:00,2026-09-14T02:05:29.871+00:00,2026-09-14T02:05:44.470+00:00,True,223,223.0,,223.0,19366.742108,33966.397532,33966.397402999995,152.31568342152465,0.020370000000000003,19366.742108,1292.7696150496151,97.2474661,65.76421362162162,26.99153642468962,6.565312079089636,12,64,,False,True,,1096,21.16838264042747
8,2026-09-14T02:05:15.643+00:00,2026-09-14T02:05:39.360+00:00,2026-09-14T02:05:47.641+00:00,True,127,127.0,,127.0,23716.966471,31998.018631,31998.018571,251.95290213385826,36.382704,23716.966471,2098.8233137989746,96.9845233,65.7226361904762,22.038987504976713,3.968995751410718,12,64,,False,True,,380,21.16838264042747
9,2026-09-14T02:05:19.995+00:00,2026-09-14T02:05:47.031+00:00,2026-09-14T02:05:55.242+00:00,True,125,125.0,,125.0,27036.489606,35247.160198,35247.160113,281.977280904,40.832884,27036.489606,2412.394031470966,95.7725544,66.21508541935484,21.9817518846361,3.5463849937928553,12,64,,False,True,,551,21.16838264042747
10,2026-09-14T02:05:23.418+00:00,2026-09-14T02:05:53.497+00:00,2026-09-14T02:06:00.352+00:00,True,104,104.0,,104.0,30079.298494,36934.024381999996,36934.024199,355.1348480673077,41.746112000000004,30079.298494,2943.0710845447734,94.5282585,66.55073677669903,21.67432770872456,2.8158317903392347,12,64,,False,True,,341,21.16838264042747
11,2026-09-14T02:05:26.894+00:00,2026-09-14T02:06:00.086+00:00,2026-09-14T02:06:09.816+00:00,True,144,144.0,,144.0,33192.571864,42922.668248,42922.668101999996,298.07408404166665,38.061398999999994,33192.571864,2760.463220073804,95.06117549999999,68.04263205594405,21.838846914899047,3.354870651749609,12,64,,False,True,,322,21.16838264042747
12,2026-09-14T02:05:32.494+00:00,2026-09-14T02:06:08.541+00:00,2026-09-14T02:06:19.632+00:00,True,168,168.0,,168.0,36047.364928999996,47138.584384999995,47138.584217999996,280.58681082142857,37.419961,36047.364928999996,2776.0734468869855,94.83823205,66.41448776047903,21.512223559326003,3.5639593804488414,12,64,,False,True,,691,21.16838264042747
13,2026-09-14T02:05:35.994+00:00,2026-09-14T02:06:14.790+00:00,2026-09-14T02:06:28.532+00:00,True,207,207.0,,207.0,38796.053608999995,52537.517160999996,52537.517164,253.80443074396132,9.160091,38796.053608999995,2691.9722423161757,93.7131863,66.70613374757282,22.850225352180384,3.94004153956597,12,64,,False,True,,826,21.16838264042747
14,2026-09-14T02:05:40.462+00:00,2026-09-14T02:06:22.307+00:00,2026-09-14T02:06:35.882+00:00,True,209,209.0,,209.0,41844.108986,55419.21913,55419.219181,265.16372813875597,0.01762,41844.108986,2890.117124557578,94.5056762,65.26495261538462,35.25926906920112,3.7712548693574495,12,64,,False,True,,748,21.16838264042747
15,2026-09-14T02:05:46.115+00:00,2026-09-14T02:06:33.431+00:00,2026-09-14T02:06:44.100+00:00,True,159,159.0,,159.0,47316.557674,57985.45828200001,57985.458338000004,364.6884172201258,41.258303,47316.557674,3747.155376084749,95.5883938,67.52468739240506,21.853580217186376,2.742066799347125,12,64,,False,True,,556,21.16838264042747
16,2026-09-14T02:05:50.250+00:00,2026-09-14T02:06:40.718+00:00,2026-09-14T02:06:59.608+00:00,True,282,282.0,,282.0,50468.759493,69358.249925,69358.249819,245.9512404929078,10.171509,50468.759493,3001.4552947514644,96.1073675,67.22238587900355,22.95089746556013,4.065846533108008,12,64,,False,True,,1309,21.16838264042747
17,2026-09-14T02:05:54.504+00:00,2026-09-14T02:06:46.871+00:00,2026-09-14T02:07:03.892+00:00,True,257,257.0,,257.0,52366.63323,69387.397902,69387.397782,269.9898746381323,41.050943,52366.63323,3262.4614760644386,93.64885480000001,66.487362,21.10694521626347,3.703842596359883,12,64,,False,True,,897,21.16838264042747
18,2026-09-14T02:05:57.948+00:00,2026-09-14T02:06:53.919+00:00,2026-09-14T02:07:11.438+00:00,True,260,260.0,,260.0,55970.931028,73490.00865999999,73490.008629,282.6538793423077,0.0,55970.931028,3467.0679588843946,95.61424489999999,67.64122637837838,25.457371624504724,3.537895895520773,12,64,,False,True,,859,21.16838264042747
19,2026-09-14T02:06:02.890+00:00,2026-09-14T02:07:01.868+00:00,2026-09-14T02:07:16.249+00:00,True,216,216.0,,216.0,58977.590573,73358.741549,73358.741547,339.6238034583333,0.0,58977.590573,4008.452305682207,97.03452750000001,66.88907430697674,26.437105243471123,2.9444343705885783,12,64,,False,True,,1030,21.16838264042747
20,2026-09-14T02:06:07.422+00:00,2026-09-14T02:07:09.836+00:00,2026-09-14T02:07:22.640+00:00,True,191,191.0,,191.0,62414.315164,75218.399132,75218.399146,393.81360809424086,39.337947,62414.315164,4511.3227317866385,97.228025,67.38991562105264,22.847064538183986,2.539272335014948,12,64,,False,True,,826,21.16838264042747
21,2026-09-14T02:06:12.570+00:00,2026-09-14T02:07:19.790+00:00,2026-09-14T02:07:29.957+00:00,True,153,153.0,,153.0,67220.504189,77386.886013,77386.88580999999,505.79663928104577,0.01705,67220.504189,5429.219676104208,96.604384,66.88409094736842,43.26647950295043,1.9770791652515645,12,64,,False,True,,712,21.16838264042747
22,2026-09-14T02:06:17.111+00:00,2026-09-14T02:07:28.294+00:00,2026-09-14T02:07:45.282+00:00,True,265,265.0,,265.0,71183.356608,88171.555264,88171.55525,332.72285,0.01787,71183.356608,4368.874272772074,93.02845799999999,64.34923733333333,24.489626625218715,3.0055044306131027,12,64,,False,True,,1293,21.16838264042747
23,2026-09-14T02:06:20.456+00:00,2026-09-14T02:07:33.027+00:00,2026-09-14T02:07:52.150+00:00,True,295,295.0,,295.0,72570.649977,91693.45420099999,91693.45399299999,310.8252677728813,0.0,72570.649977,4221.502227998363,92.7041767,65.04355178231292,23.031446052591843,3.217241651223374,12,64,,False,True,,1235,21.16838264042747
24,2026-09-14T02:06:25.176+00:00,2026-09-14T02:07:41.277+00:00,2026-09-14T02:07:59.625+00:00,True,282,282.0,,282.0,76100.983947,94449.253771,94449.253919,334.92643233687943,0.0,76100.983947,4527.920462558402,93.621855,65.29633389323843,23.575357360187013,2.9857303127426738,12,64,,False,True,,1329,21.16838264042747
25,2026-09-14T02:06:29.545+00:00,2026-09-14T02:07:48.637+00:00,2026-09-14T02:08:08.183+00:00,True,296,296.0,,296.0,79092.074211,98638.402275,98638.402234,333.23784538513513,0.0,79092.074211,4593.345711072245,94.615446,66.25873920000001,24.191203678595745,3.0008596365415934,12,64,,False,True,,1214,21.16838264042747
26,2026-09-14T02:06:33.966+00:00,2026-09-14T02:07:56.548+00:00,2026-09-14T02:08:07.730+00:00,True,169,169.0,,169.0,82582.407708,93764.286236,93764.286435,554.818262928994,38.837928,82582.407708,6347.411794765929,95.97558740000001,66.55880076190476,22.260565794866498,1.802392006425938,12,64,,False,True,,600,21.16838264042747
27,2026-09-14T02:06:37.621+00:00,2026-09-14T02:08:02.472+00:00,2026-09-14T02:08:09.071+00:00,True,102,102.0,,102.0,84851.10206399999,91449.20868799998,91449.20873,896.5608699019607,40.492273999999995,84851.10206399999,8395.071412611198,98.01803665,65.32778835643565,22.1014100563375,1.1153732379248515,12,64,,False,True,,534,21.16838264042747
28,2026-09-14T02:06:42.109+00:00,2026-09-14T02:08:10.307+00:00,2026-09-14T02:08:28.727+00:00,True,280,280.0,,280.0,88197.635486,106617.841054,106617.841175,380.7780041964286,0.0,88197.635486,5267.056849829928,96.1161814,66.02224217921147,44.292718697288244,2.6262021180693864,12,64,,False,True,,389,21.16838264042747
29,2026-09-14T02:06:45.347+00:00,2026-09-14T02:08:16.478+00:00,2026-09-14T02:08:30.783+00:00,True,215,215.0,,215.0,91130.901759,105436.052479,105436.052497,490.40024417209304,0.016079999999999997,91130.901759,6210.6947890213,96.9222633,66.84649869158878,47.10044641875558,2.0391506979343914,12,64,,False,True,,787,21.16838264042747
30,2026-09-14T02:06:48.475+00:00,2026-09-14T02:08:21.943+00:00,2026-09-14T02:08:37.809+00:00,True,238,238.0,,238.0,93468.17711300001,109333.51957700001,109333.51951800002,459.384535789916,0.0,93468.17711300001,6054.470580291492,96.12388349999999,66.94237326582278,45.16689435625966,2.176825560183164,12,64,,False,True,,503,21.16838264042747
31,2026-09-14T02:06:53.774+00:00,2026-09-14T02:08:31.704+00:00,2026-09-14T02:08:48.664+00:00,True,254,254.0,,254.0,97930.242072,114890.559256,114890.55915599999,452.32503604724405,0.0,97930.242072,6140.531976272791,94.92733715,67.03682681422924,24.416596470192424,2.210799578701983,12,64,,False,True,,1243,21.16838264042747
32,2026-09-14T02:06:57.984+00:00,2026-09-14T02:08:38.791+00:00,2026-09-14T02:08:58.409+00:00,True,296,296.0,,296.0,100806.87612700001,120425.15785500001,120425.15765500002,406.8417488344595,35.984034,100806.87612700001,5855.457071955144,94.4316155,66.50264992542373,22.16269230633202,2.457958164824695,12,64,,False,True,,1037,21.16838264042747
33,2026-09-14T02:07:02.648+00:00,2026-09-14T02:08:48.531+00:00,2026-09-14T02:09:01.444+00:00,True,197,197.0,,197.0,105882.86465999999,118795.89685199999,118795.896881,603.0248572639593,0.0,105882.86465999999,7539.2002200834595,95.24018899999999,65.88281730612245,28.18758601912156,1.658306433305768,12,64,,False,True,,1328,21.16838264042747
34,2026-09-14T02:07:06.529+00:00,2026-09-14T02:08:54.752+00:00,2026-09-14T02:09:01.398+00:00,True,104,104.0,,104.0,108223.895301,114869.399045,114869.399106,1104.5134529423076,0.0,108223.895301,10605.949406805768,93.4115495,64.51945382524272,32.733146452874884,0.9053760258574878,12,64,,False,True,,482,21.16838264042747
35,2026-09-14T02:07:10.635+00:00,2026-09-14T02:09:02.223+00:00,2026-09-14T02:09:11.409+00:00,True,143,143.0,,143.0,111588.220764,120774.31766,120774.317703,844.5756482727272,38.497369,111588.220764,9326.090444184585,95.8353563,64.6908232112676,21.391381268653177,1.1840265610323633,12,64,,False,True,,606,21.16838264042747
36,2026-09-14T02:07:14.385+00:00,2026-09-14T02:09:09.114+00:00,2026-09-14T02:09:29.090+00:00,True,296,296.0,,296.0,114729.029875,134705.116915,134705.11693699998,455.0848545168919,0.0,114729.029875,6664.730097065403,97.6418005,67.71554928813559,48.59644173260531,2.1973923988854733,12,64,,False,True,,531,21.16838264042747
37,2026-09-14T02:07:19.230+00:00,2026-09-14T02:09:18.165+00:00,2026-09-14T02:09:37.026+00:00,True,294,294.0,,294.0,118935.069588,137796.551828,137796.551873,468.695754670068,0.0,118935.069588,6932.741001411081,95.1274165,64.3736595221843,29.187140972476023,2.133580239126563,12,64,,False,True,,1161,21.16838264042747
38,2026-09-14T02:07:23.955+00:00,2026-09-14T02:09:26.092+00:00,2026-09-14T02:09:38.989+00:00,True,195,195.0,,195.0,122137.030101,135033.759189,135033.759413,692.480817502564,37.297641000000006,122137.030101,8741.680813688497,95.30885099999999,66.47798498969073,21.78637384359317,1.4440833253191763,12,64,,False,True,,1032,21.16838264042747
39,2026-09-14T02:07:28.557+00:00,2026-09-14T02:09:33.867+00:00,2026-09-14T02:09:50.054+00:00,True,248,248.0,,248.0,125309.989064,141496.579016,141496.579039,570.5507219314516,0.0,125309.989064,7953.081327600333,94.73779350000001,65.53275284210527,28.370900056681663,1.7526925507644742,12,64,,False,True,,1256,21.16838264042747
40,2026-09-14T02:07:31.786+00:00,2026-09-14T02:09:40.086+00:00,2026-09-14T02:09:57.041+00:00,True,258,258.0,,258.0,128300.026345,145255.46186500002,145255.46173500002,563.0056656395349,0.0,128300.026345,7983.555382920212,95.107935,65.97445727626459,28.878514722907525,1.7761810584429822,12,64,,False,True,,1204,21.16838264042747
41,2026-09-14T02:07:37.212+00:00,2026-09-14T02:09:48.173+00:00,2026-09-14T02:10:07.980+00:00,True,295,295.0,,295.0,130960.46875,150767.83771,150767.837537,511.07741537966103,35.323616,130960.46875,7620.922010499079,95.07547269999999,67.37200326530612,21.872472379704625,1.9566507318850639,12,64,,False,True,,1082,21.16838264042747
42,2026-09-14T02:07:42.312+00:00,2026-09-14T02:09:57.883+00:00,2026-09-14T02:10:16.093+00:00,True,272,272.0,,272.0,135571.309837,153780.944653,153780.94473800002,565.3711203602942,0.0,135571.309837,8216.192614608448,96.04203799999999,67.19422441328413,28.361733638055686,1.7687497018161524,12,64,,False,True,,1368,21.16838264042747
43,2026-09-14T02:07:46.095+00:00,2026-09-14T02:10:05.174+00:00,2026-09-14T02:10:13.658+00:00,True,126,126.0,,126.0,139079.30624200002,147563.32979400002,147563.32986400003,1171.1375386031748,0.0,139079.30624200002,12384.168835316801,96.28415349999999,67.872188416,33.89008041552397,0.8538706748885196,12,64,,False,True,,606,21.16838264042747
44,2026-09-14T02:07:50.893+00:00,2026-09-14T02:10:13.144+00:00,2026-09-14T02:10:20.446+00:00,True,115,115.0,,115.0,142250.737639,149553.226727,149553.226776,1300.4628415304348,0.01629,142250.737639,13259.256419743862,96.9542107,64.0569218245614,86.56123963282667,0.7689569962266696,12,64,,False,True,,503,21.16838264042747
45,2026-09-14T02:07:55.276+00:00,2026-09-14T02:10:21.180+00:00,2026-09-14T02:10:37.483+00:00,True,242,242.0,,242.0,145904.28578799998,162207.65525999997,162207.65544499998,670.2795679545453,39.067638,145904.28578799998,9374.759190839055,95.6577575,67.64883598340249,21.741341361573095,1.4919147904092578,12,64,,False,True,,1148,21.16838264042747
46,2026-09-14T02:07:58.677+00:00,2026-09-14T02:10:27.444+00:00,2026-09-14T02:10:43.539+00:00,True,242,242.0,,242.0,148766.428938,164861.530378,164861.530226,681.2459926694215,0.0,148766.428938,9558.825356246192,95.407614,66.78465327800829,31.040318570006637,1.4678985415526251,12,64,,False,True,,1140,21.16838264042747
47,2026-09-14T02:08:02.773+00:00,2026-09-14T02:10:34.409+00:00,2026-09-14T02:10:42.424+00:00,True,122,122.0,,122.0,151635.256445,159650.083197,159650.08334800001,1308.607240557377,0.0,151635.256445,13722.468985061987,95.66140599999999,66.23823761983472,38.95838012395461,0.7641712272048007,12,64,,False,True,,526,21.16838264042747
48,2026-09-14T02:08:06.485+00:00,2026-09-14T02:10:40.355+00:00,2026-09-14T02:10:48.601+00:00,True,128,128.0,,128.0,153869.395171,162115.404003,162115.403786,1266.526592078125,34.589867,153869.395171,13594.540032675404,95.99605785,64.92920340157481,21.852256389339846,0.789560996915699,12,64,,False,True,,540,21.16838264042747
49,2026-09-14T02:08:11.959+00:00,2026-09-14T02:10:51.235+00:00,2026-09-14T02:10:59.018+00:00,True,119,119.0,,119.0,159275.773824,167058.740864,167058.740817,1403.8549648487394,39.037538,159275.773824,14594.754931706213,94.63080789999998,65.95734779661016,21.00277384757438,0.7123242961400991,12,64,,False,True,,470,21.16838264042747
50,2026-09-14T02:08:17.418+00:00,2026-09-14T02:10:59.573+00:00,2026-09-14T02:11:17.256+00:00,True,269,269.0,,269.0,162154.92715200002,179838.594608,179838.59469400003,668.5449616877324,0.0,162154.92715200002,9882.78543222388,94.449493,65.98383379104477,30.903226753880602,1.4957857104385628,12,64,,False,True,,1188,21.16838264042747
51,2026-09-14T02:08:20.638+00:00,2026-09-14T02:11:05.943+00:00,2026-09-14T02:11:16.404+00:00,True,155,155.0,,155.0,165304.682877,175765.870973,175765.87091000003,1133.9733607096775,0.0,165304.682877,13272.182136261581,94.84853199999999,67.92979283116883,35.33974491864496,0.8818549308916181,12,64,,False,True,,613,21.16838264042747
52,2026-09-14T02:08:24.169+00:00,2026-09-14T02:11:11.472+00:00,2026-09-14T02:11:29.461+00:00,True,274,274.0,,274.0,167302.62046900002,185291.48267700002,185291.48264700003,676.2462870328468,0.016149999999999998,167302.62046900002,10103.343256261109,97.51562115,65.89326816117216,64.17717995818316,1.4787511872719836,12,64,,False,True,,1289,21.16838264042747
53,2026-09-14T02:08:27.243+00:00,2026-09-14T02:11:17.805+00:00,2026-09-14T02:11:35.360+00:00,True,264,264.0,,264.0,170562.239461,188117.167589,188117.167433,712.565028155303,0.01572,170562.239461,10493.489057107383,95.66288885,66.74877615209125,67.60985386417025,1.4033806875977926,12,64,,False,True,,1314,21.16838264042747
54,2026-09-14T02:08:32.647+00:00,2026-09-14T02:11:27.758+00:00,2026-09-14T02:11:37.582+00:00,True,162,162.0,,162.0,175110.793514,184934.94660199998,184934.94650999998,1141.5737438888889,0.01541,175110.793514,13753.233674502375,94.1403865,61.01958439751553,26.063123009377797,0.8759837065767864,12,64,,False,True,,658,21.16838264042747
55,2026-09-14T02:08:36.340+00:00,2026-09-14T02:11:33.622+00:00,2026-09-14T02:11:46.683+00:00,True,198,198.0,,198.0,177282.44865,190343.74682600002,190343.746653,961.3320538030304,0.0,177282.44865,12594.244984329756,94.31709849999999,66.30100596954314,32.52105252287309,1.04022329759537,12,64,,False,True,,951,21.16838264042747
56,2026-09-14T02:08:40.018+00:00,2026-09-14T02:11:40.684+00:00,2026-09-14T02:11:49.392+00:00,True,130,130.0,,130.0,180665.492984,189373.5982,189373.59817100002,1456.7199859307693,0.0,180665.492984,15839.533782125458,93.91529345,67.50469159689922,36.78892623019276,0.686473728310877,12,64,,False,True,,284,21.16838264042747
57,2026-09-14T02:08:44.612+00:00,2026-09-14T02:11:47.946+00:00,2026-09-14T02:12:05.199+00:00,True,255,255.0,,255.0,183334.493845,200587.35144499998,200587.351424,786.6170644078431,35.840303999999996,183334.493845,11476.621498409133,96.59180570000001,67.92463622047244,23.39930737280452,1.2712665986315679,12,64,,False,True,,1622,21.16838264042747
58,2026-09-14T02:08:49.339+00:00,2026-09-14T02:11:56.740+00:00,2026-09-14T02:12:14.170+00:00,True,257,257.0,,257.0,187400.441843,204830.866931,204830.867067,797.0072648521401,39.754886,187400.441843,11685.494979265464,98.46555680000002,68.087598,23.620814648996465,1.2546937082806657,12,64,,False,True,,1048,21.16838264042747
59,2026-09-14T02:08:52.464+00:00,2026-09-14T02:12:02.265+00:00,2026-09-14T02:12:20.002+00:00,True,261,261.0,,261.0,189801.269244,207538.865148,207538.865012,795.1680651800766,0.0,189801.269244,11744.228288499935,99.12010099999999,68.22152270769232,33.45540981336504,1.2575957752003502,12,64,,False,True,,978,21.16838264042747
60,2026-09-14T02:08:56.490+00:00,2026-09-14T02:12:09.647+00:00,2026-09-14T02:12:24.301+00:00,True,219,219.0,,219.0,193157.28846900002,207810.67163700002,207810.67166700002,948.907176561644,0.0,193157.28846900002,13047.861342885566,96.78730999999999,67.21735398165139,33.76888459855711,1.053843858329592,12,64,,False,True,,479,21.16838264042747
61,2026-09-14T02:09:00.436+00:00,2026-09-14T02:12:17.152+00:00,2026-09-14T02:12:33.339+00:00,True,245,245.0,,245.0,196715.91637599998,212902.72879199998,212902.72895199998,868.9907304163264,39.380266999999996,196715.91637599998,12563.49887496296,94.9311,66.33939514754098,21.45820438002641,1.1507602621634698,12,64,,False,True,,1319,21.16838264042747
62,2026-09-14T02:09:04.594+00:00,2026-09-14T02:12:22.841+00:00,2026-09-14T02:12:35.766+00:00,True,196,196.0,,196.0,198246.71523899998,211171.762535,211171.76241899998,1077.4069511173468,39.425847000000005,198246.71523899998,14155.760969407682,93.54630300000001,66.28229382564103,21.176908857715354,0.9281543973830999,12,64,,False,True,,665,21.16838264042747
63,2026-09-14T02:09:09.140+00:00,2026-09-14T02:12:33.147+00:00,2026-09-14T02:12:52.688+00:00,True,298,298.0,,298.0,204006.30556,223547.106584,223547.106517,750.1580755604027,0.0,204006.30556,11814.181248634386,93.3374295,65.79394284175085,72.97328565912981,1.3330523689333622,12,64,,False,True,,1162,21.16838264042747
64,2026-09-14T02:09:14.667+00:00,2026-09-14T02:12:41.684+00:00,2026-09-14T02:13:00.095+00:00,True,283,283.0,,283.0,207016.76281000001,225427.62924200002,225427.62908800002,796.5640603816255,0.0,207016.76281000001,12302.21697985983,94.82632799999999,65.28676039716312,75.13916999255964,1.2553918122263317,12,64,,False,True,,1370,21.16838264042747
65,2026-09-14T02:09:19.082+00:00,2026-09-14T02:12:50.479+00:00,2026-09-14T02:13:08.925+00:00,True,278,278.0,,278.0,211397.25869699998,229842.87226499998,229842.87241299998,826.7729223489208,0.0,211397.25869699998,12674.996644740506,95.93405700000001,66.59066270036101,75.73642501844859,1.209521954109052,12,64,,False,True,,1390,21.16838264042747
66,2026-09-14T02:09:24.474+00:00,2026-09-14T02:12:59.082+00:00,2026-09-14T02:13:06.870+00:00,True,117,117.0,,117.0,214608.120125,222396.035901,222396.035881,1900.8208194957265,38.740118,214608.120125,19834.333513127796,95.6857562,67.13720496551724,22.476695214369634,0.5260885137902492,12,64,,False,True,,728,21.16838264042747
67,2026-09-14T02:09:28.854+00:00,2026-09-14T02:13:06.970+00:00,2026-09-14T02:13:26.167+00:00,True,292,292.0,,292.0,218115.948402,237313.900402,237313.900346,812.7188368013699,35.395655,218115.948402,12760.42790372771,94.25905654999998,65.97234364261168,21.60772510340383,1.2304378273053707,12,64,,False,True,,1214,21.16838264042747
68,2026-09-14T02:09:32.130+00:00,2026-09-14T02:13:13.235+00:00,2026-09-14T02:13:22.897+00:00,True,147,147.0,,147.0,221105.280585,230767.477321,230767.477384,1569.8467849251701,39.624476,221105.280585,18231.01111704327,93.9432223,66.17942969863014,22.116962120322544,0.6370048401383763,12,64,,False,True,,496,21.16838264042747
69,2026-09-14T02:09:35.200+00:00,2026-09-14T02:13:18.507+00:00,2026-09-14T02:13:28.766+00:00,True,161,161.0,,161.0,223306.62564800002,233565.95723200002,233565.95724800002,1450.7202313540374,40.276163999999994,223306.62564800002,17593.986276406977,94.14884,64.1208224,20.75000151670741,0.6893127830271919,12,64,,False,True,,731,21.16838264042747
70,2026-09-14T02:09:38.676+00:00,2026-09-14T02:13:25.065+00:00,2026-09-14T02:13:33.931+00:00,True,134,134.0,,134.0,226389.145443,235255.19881899998,235255.198894,1755.6358126417908,0.0,226389.145443,19551.336717568538,92.26535765,66.66205545864662,45.253377536717636,0.5695942137418887,12,64,,False,True,,633,21.16838264042747
71,2026-09-14T02:09:42.373+00:00,2026-09-14T02:13:30.711+00:00,2026-09-14T02:13:47.853+00:00,True,256,256.0,,256.0,228338.187044,245480.144676,245480.14469,958.9068151953124,0.0,228338.187044,14266.980959656335,95.4090405,67.2233632627451,36.19366506560585,1.042854200440059,12,64,,False,True,,1010,21.16838264042747
72,2026-09-14T02:09:47.863+00:00,2026-09-14T02:13:41.006+00:00,2026-09-14T02:13:49.135+00:00,True,118,118.0,,118.0,233143.57986199998,241272.72110999998,241272.72118899997,2044.6840778728813,40.261264000000004,233143.57986199998,21456.222725211042,96.18718115,69.47983972649573,23.416092788793925,0.4890731097039435,12,64,,False,True,,606,21.16838264042747
73,2026-09-14T02:09:51.326+00:00,2026-09-14T02:13:47.991+00:00,2026-09-14T02:13:59.815+00:00,True,180,180.0,,180.0,236665.588564,248489.520468,248489.520284,1380.4973349111112,34.882665,236665.588564,17635.102148545306,93.854269,66.0554854972067,22.417015601939337,0.7243766242576014,12,64,,False,True,,963,21.16838264042747
74,2026-09-14T02:09:55.254+00:00,2026-09-14T02:13:54.369+00:00,2026-09-14T02:14:04.595+00:00,True,156,156.0,,156.0,239115.05004,249341.018936,249341.018879,1598.3398646089743,32.818180999999996,239115.05004,19139.256451930036,93.35920575,65.97399287741935,22.24484456594858,0.6256491638066239,12,64,,False,True,,527,21.16838264042747
75,2026-09-14T02:09:58.707+00:00,2026-09-14T02:14:00.883+00:00,2026-09-14T02:14:12.366+00:00,True,170,170.0,,170.0,242175.643049,253658.852521,253658.852606,1492.110897682353,40.547114,242175.643049,18568.826525843815,95.94661005,67.94798504142011,22.838133847091992,0.670191472958453,12,64,,False,True,,772,21.16838264042747
76,2026-09-14T02:10:03.422+00:00,2026-09-14T02:14:09.018+00:00,2026-09-14T02:14:15.829+00:00,True,103,103.0,,103.0,245596.13792699997,252406.449863,252406.449756,2450.5480558834947,0.0,245596.13792699997,24192.789143203194,96.38479630000002,66.76776407843137,54.79092619883889,0.4080719809494007,12,64,,False,True,,544,21.16838264042747
77,2026-09-14T02:10:07.577+00:00,2026-09-14T02:14:16.874+00:00,2026-09-14T02:14:28.844+00:00,True,183,183.0,,183.0,249297.116827,261266.72476299998,261266.724839,1427.687020978142,36.894331,249297.116827,18423.72398727008,94.98963430000002,65.76707657142857,21.498997602344897,0.7004336283772945,12,64,,False,True,,292,21.16838264042747
78,2026-09-14T02:10:11.570+00:00,2026-09-14T02:14:24.770+00:00,2026-09-14T02:14:31.938+00:00,True,105,105.0,,105.0,253199.566441,260367.993961,260367.994157,2479.695182447619,0.015359999999999999,253199.566441,24703.41428924749,94.0412022,68.9271876923077,140.08250637152722,0.4032753734536501,12,64,,False,True,,526,21.16838264042747
79,2026-09-14T02:10:16.678+00:00,2026-09-14T02:14:33.588+00:00,2026-09-14T02:14:51.274+00:00,True,272,272.0,,272.0,256909.512421,274595.665637,274595.665766,1009.5428888455882,32.597041000000004,256909.512421,15573.485096707556,92.81173295,65.26255799261992,21.602409944864256,0.99054731752237,12,64,,False,True,,671,21.16838264042747
80,2026-09-14T02:10:20.094+00:00,2026-09-14T02:14:40.170+00:00,2026-09-14T02:14:51.407+00:00,True,175,175.0,,175.0,260075.74145899998,271313.071635,271313.07167599996,1550.3604095771427,32.789821,260075.74145899998,19655.00826959121,93.955703,64.58235733333333,21.89435010663104,0.6450113109014854,12,64,,False,True,,780,21.16838264042747
81,2026-09-14T02:10:25.090+00:00,2026-09-14T02:14:47.179+00:00,2026-09-14T02:15:02.585+00:00,True,231,231.0,,231.0,262088.99362400002,277495.79324,277495.793291,1201.2804904372294,0.0,262088.99362400002,17239.830772179834,95.76202300000001,66.98608528695652,40.929434101581485,0.8324450518794466,12,64,,False,True,,883,21.16838264042747
82,2026-09-14T02:10:28.395+00:00,2026-09-14T02:14:53.603+00:00,2026-09-14T02:15:04.729+00:00,True,163,163.0,,163.0,265207.408363,276334.011883,276334.01194,1695.3006867484664,0.0,265207.408363,20767.31957692076,96.4394542,68.68273777777777,46.538193155317835,0.5898658615683339,12,64,,False,True,,823,21.16838264042747
83,2026-09-14T02:10:32.952+00:00,2026-09-14T02:15:01.921+00:00,2026-09-14T02:15:20.496+00:00,True,273,273.0,,273.0,268969.188238,287544.113294,287544.11317599996,1053.2751398388277,40.331084000000004,268969.188238,16274.638097914623,96.29138920000001,68.29016564705883,22.423232501677553,0.94941954078841,12,64,,False,True,,1213,21.16838264042747
84,2026-09-14T02:10:37.573+00:00,2026-09-14T02:15:09.300+00:00,2026-09-14T02:15:25.618+00:00,True,244,244.0,,244.0,271726.208872,288044.782696,288044.782781,1180.5114048401638,39.422776,271726.208872,17391.203918641673,95.25282535000001,67.15462479012346,22.936697854603782,0.8470905034843679,12,64,,False,True,,1075,21.16838264042747
85,2026-09-14T02:10:42.642+00:00,2026-09-14T02:15:19.097+00:00,2026-09-14T02:15:38.492+00:00,True,284,284.0,,284.0,276454.81681499997,295850.02398299996,295850.02389599994,1041.725436253521,41.038623,276454.81681499997,16400.523492060667,95.71076200000002,68.53430094699647,22.190205726173,0.9599458407220515,12,64,,False,True,,1486,21.16838264042747
86,2026-09-14T02:10:47.569+00:00,2026-09-14T02:15:27.553+00:00,2026-09-14T02:15:45.179+00:00,True,260,260.0,,260.0,279983.329748,297609.22440400004,297609.224309,1144.6508627269232,37.88219,279983.329748,17359.6224631702,95.92532750000001,68.05364732046331,22.06901626406319,0.8736288349955642,12,64,,False,True,,933,21.16838264042747
87,2026-09-14T02:10:51.481+00:00,2026-09-14T02:15:35.244+00:00,2026-09-14T02:15:47.980+00:00,True,189,189.0,,189.0,283763.06579799997,296498.544326,296498.544221,1568.775366248677,28.645459,283763.06579799997,20635.809934331657,96.66829740000001,67.7419070638298,21.92415746040719,0.6374398917527049,12,64,,False,True,,928,21.16838264042747
88,2026-09-14T02:10:56.319+00:00,2026-09-14T02:15:43.135+00:00,2026-09-14T02:15:52.784+00:00,True,154,154.0,,154.0,286815.497195,296464.894443,296464.894471,1925.0967173441559,0.0,286815.497195,23107.22125419864,95.9022185,63.06795586928104,49.18627058982686,0.519454420697385,12,64,,False,True,,730,21.16838264042747
89,2026-09-14T02:10:59.928+00:00,2026-09-14T02:15:50.154+00:00,2026-09-14T02:15:59.981+00:00,False,145,144.0,,144.0,290226.224658,300052.879634,300052.879639,2069.3302044068964,0.039299999999999995,290226.224658,24096.319077086733,94.10559099999999,68.24065955555555,22.098222290681154,0.47991540749633543,12,64,,False,False,Request timeout: 300.0s exceeded,748,21.16838264042747
90,2026-09-14T02:11:03.735+00:00,2026-09-14T02:15:55.939+00:00,2026-09-14T02:16:03.804+00:00,False,112,111.0,,111.0,292204.313675,300068.927819,300068.92778699996,2679.1868552410715,0.01907,292204.313675,27604.024983748623,91.95577710000002,70.85237967567568,20.504718899828248,0.3699150085508175,12,64,,False,False,Request timeout: 300.0s exceeded,369,21.16838264042747
91,2026-09-14T02:11:09.297+00:00,2026-09-14T02:16:02.736+00:00,2026-09-14T02:16:09.304+00:00,False,99,98.0,,98.0,293438.365312,300006.426752,300006.426829,3030.3679477676765,0.037590000000000005,293438.365312,29484.936434129522,89.4359281,67.02103510204083,20.338394892331326,0.3266596687977341,12,64,,False,False,Request timeout: 300.0s exceeded,131,21.16838264042747
92,2026-09-14T02:11:14.687+00:00,2026-09-14T02:16:08.067+00:00,2026-09-14T02:16:14.738+00:00,False,101,100.0,,100.0,293379.845865,300050.084329,300050.08442699997,2970.792915118812,0.04575,293379.845865,29185.755566812197,88.641684,66.70238464,20.247202262276698,0.33327769336785673,12,64,,False,False,Request timeout: 300.0s exceeded,491,21.16838264042747
93,2026-09-14T02:11:19.157+00:00,2026-09-14T02:16:13.012+00:00,2026-09-14T02:16:19.177+00:00,False,93,92.0,,92.0,293855.81609700003,300020.29788900004,300020.29772800003,3226.0247067526884,0.027819,293855.81609700003,30464.48683538723,87.5721762,67.00523686956522,19.705413994062074,0.3066459191172381,12,64,,False,False,Request timeout: 300.0s exceeded,442,21.16838264042747
94,2026-09-14T02:11:24.136+00:00,2026-09-14T02:16:17.835+00:00,2026-09-14T02:16:24.157+00:00,False,94,93.0,,93.0,293698.580394,300020.877994,300020.877932,3191.711467361702,0.0218,293698.580394,30285.690341399968,88.65616815000001,67.98169462365591,20.005418748517446,0.3099784275741633,12,64,,False,False,Request timeout: 300.0s exceeded,397,21.16838264042747
95,2026-09-14T02:11:27.765+00:00,2026-09-14T02:16:21.136+00:00,2026-09-14T02:16:27.879+00:00,False,101,100.0,,100.0,293371.326445,300114.747885,300114.747892,2971.433147445545,0.0252,293371.326445,29184.835407085164,90.13436999999998,67.4342144,20.78421342108043,0.3332058844316397,12,64,,False,False,Request timeout: 300.0s exceeded,448,21.16838264042747
96,2026-09-14T02:11:31.009+00:00,2026-09-14T02:16:24.543+00:00,2026-09-14T02:16:31.044+00:00,False,102,101.0,,101.0,293533.450212,300035.099876,300035.099921,2941.520587460784,0.03782,293533.450212,29057.77587431829,89.78417155000001,64.37276895049504,20.667799750485198,0.33662728141388054,12,64,,False,False,Request timeout: 300.0s exceeded,622,21.16838264042747
97,2026-09-14T02:11:36.488+00:00,2026-09-14T02:16:29.915+00:00,2026-09-14T02:16:36.566+00:00,False,108,107.0,,107.0,293427.361917,300078.12594899995,300078.12592099997,2778.501165935185,0.01563,293427.361917,28229.517647728822,89.6954577,62.15667319626168,157.92405372238332,0.35657380777626313,12,64,,False,False,Request timeout: 300.0s exceeded,542,21.16838264042747
98,2026-09-14T02:11:40.353+00:00,2026-09-14T02:16:34.097+00:00,2026-09-14T02:16:40.380+00:00,False,90,89.0,,89.0,293744.786671,300027.22123100003,300027.22118500003,3333.6357909444446,0.037079999999999995,293744.786671,30955.984816738513,88.99764285,70.58915235955057,19.93068164231284,0.2966397503361077,12,64,,False,False,Request timeout: 300.0s exceeded,400,21.16838264042747
99,2026-09-14T02:11:44.751+00:00,2026-09-14T02:16:38.490+00:00,2026-09-14T02:16:44.817+00:00,False,98,97.0,,97.0,293739.20438300003,300066.48348700005,300066.48349300004,3061.902892785715,0.0,293739.20438300003,29665.61995736118,89.0044897,65.22968148453609,64.16443700637218,0.32326169478439065,12,64,,False,False,Request timeout: 300.0s exceeded,496,21.16838264042747
100,2026-09-14T02:11:49.033+00:00,2026-09-14T02:16:42.950+00:00,2026-09-14T02:16:49.042+00:00,False,94,93.0,,93.0,293917.03979,300009.350318,300009.350518,3191.5888352978723,0.02425,293917.03979,30308.478239936976,90.03075079999999,65.50871535483871,20.711472166903356,0.30999033830586636,12,64,,False,False,Request timeout: 300.0s exceeded,352,21.16838264042747
101,2026-09-14T02:11:54.657+00:00,2026-09-14T02:16:48.269+00:00,2026-09-14T02:16:54.687+00:00,False,94,93.0,,93.0,293612.726103,300030.601047,300030.60104,3191.814904680851,0.0254,293612.726103,30276.729362967017,89.30665649999999,69.009408,20.330490478579847,0.3099683821432318,12,64,,False,False,Request timeout: 300.0s exceeded,391,21.16838264042747
102,2026-09-14T02:11:59.033+00:00,2026-09-14T02:16:52.889+00:00,2026-09-14T02:16:59.055+00:00,False,87,86.0,,86.0,293855.33801099996,300021.48585099995,300021.48588999995,3448.5228263218387,0.02013,293855.33801099996,31496.91854736015,89.6354307,71.69939348837208,20.193771126100085,0.2866461372126871,12,64,,False,False,Request timeout: 300.0s exceeded,399,21.16838264042747
103,2026-09-14T02:12:02.457+00:00,2026-09-14T02:16:56.005+00:00,2026-09-14T02:17:02.529+00:00,False,97,96.0,,96.0,293548.34751999995,300072.10867199994,300072.10860299994,3093.5268928144324,0.04598,293548.34751999995,29798.425910720696,89.4247808,67.95584533333333,20.36688642429961,0.3199231025664394,12,64,,False,False,Request timeout: 300.0s exceeded,516,21.16838264042747
104,2026-09-14T02:12:06.214+00:00,2026-09-14T02:16:59.938+00:00,2026-09-14T02:17:06.260+00:00,False,91,90.0,,90.0,293723.142506,300045.884266,300045.884193,3297.207518604396,0.056959,293723.142506,30783.193753523414,89.5982555,70.25268622222222,20.25183599646123,0.299954122750813,12,64,,False,False,Request timeout: 300.0s exceeded,244,21.16838264042747
105,2026-09-14T02:12:09.473+00:00,2026-09-14T02:17:03.221+00:00,2026-09-14T02:17:09.540+00:00,False,90,89.0,,89.0,293748.441504,300067.073952,300067.07394,3334.0785993333334,0.0282,293748.441504,30956.32697917053,88.35951845,70.99587020224719,19.583862563016474,0.2966003528072421,12,64,,False,False,Request timeout: 300.0s exceeded,365,21.16838264042747
106,2026-09-14T02:12:12.527+00:00,2026-09-14T02:17:06.468+00:00,2026-09-14T02:17:12.593+00:00,False,89,88.0,,88.0,293940.457269,300065.830709,300065.830804,3371.526188808989,0.02549,293940.457269,31150.254244491785,88.60353839999999,69.60651636363636,20.027911838012383,0.293268979650473,12,64,,False,False,Request timeout: 300.0s exceeded,418,21.16838264042747
107,2026-09-14T02:12:17.489+00:00,2026-09-14T02:17:11.491+00:00,2026-09-14T02:17:17.512+00:00,False,89,88.0,,88.0,294001.592475,300022.778523,300022.778401,3371.0424539438204,0.02093,294001.592475,31156.860086910958,88.5844764,68.42256872727273,20.06945884355417,0.29331106269070784,12,64,,False,False,Request timeout: 300.0s exceeded,340,21.16838264042747
108,2026-09-14T02:12:21.973+00:00,2026-09-14T02:17:16.022+00:00,2026-09-14T02:17:22.045+00:00,False,91,90.0,,90.0,294049.035295,300071.829535,300071.829367,3297.4926304065934,0.023690000000000003,294049.035295,30817.706597534718,88.67247650000002,66.919936,21.20971284110022,0.29992818765915685,12,64,,False,False,Request timeout: 300.0s exceeded,381,21.16838264042747
109,2026-09-14T02:12:26.760+00:00,2026-09-14T02:17:20.762+00:00,2026-09-14T02:17:26.796+00:00,False,89,88.0,,88.0,294001.516511,300035.27881499997,300035.278652,3371.182906202247,0.02234,294001.516511,31156.83712554849,88.745164,68.56548072727273,20.441922229143962,0.29329884254798017,12,64,,False,False,Request timeout: 300.0s exceeded,381,21.16838264042747
110,2026-09-14T02:12:31.631+00:00,2026-09-14T02:17:25.333+00:00,2026-09-14T02:17:31.703+00:00,False,95,94.0,,94.0,293702.043124,300072.712436,300072.712274,3158.6601292,0.037340000000000005,293702.043124,30126.247249340206,88.568747,67.77307778723404,20.349090551717193,0.3132574076359858,12,64,,False,False,Request timeout: 300.0s exceeded,374,21.16838264042747
111,2026-09-14T02:12:35.690+00:00,2026-09-14T02:17:29.551+00:00,2026-09-14T02:17:35.718+00:00,False,89,88.0,,88.0,293861.122471,300028.038567,300028.038492,3371.1015560898877,0.026609999999999998,293861.122471,31141.794604649655,88.1449358,70.078592,19.822260744051047,0.29330592040766384,12,64,,False,False,Request timeout: 300.0s exceeded,472,21.16838264042747
112,2026-09-14T02:12:39.837+00:00,2026-09-14T02:17:33.539+00:00,2026-09-14T02:17:39.859+00:00,False,98,97.0,,97.0,293702.243138,300022.256194,300022.25629600004,3061.451594857143,0.0,293702.243138,29661.896080085913,88.26555084999998,65.15477377319588,65.18253399255717,0.32330934788143845,12,64,,False,False,Request timeout: 300.0s exceeded,145,21.16838264042747
113,2026-09-14T02:12:44.337+00:00,2026-09-14T02:17:37.981+00:00,2026-09-14T02:17:44.363+00:00,False,92,91.0,,91.0,293644.346971,300025.405019,300025.405251,3261.1457092500004,0.023420000000000003,293644.346971,30607.23532512569,89.38125305,70.12151701098901,20.094788884596728,0.3033076482114478,12,64,,False,False,Request timeout: 300.0s exceeded,424,21.16838264042747
114,2026-09-14T02:12:47.866+00:00,2026-09-14T02:17:41.239+00:00,2026-09-14T02:17:47.952+00:00,False,96,95.0,,95.0,293373.014741,300086.13858100004,300086.138488,3125.897275916667,0.04209,293373.014741,29935.05224590508,90.70760225,70.66446147368421,19.79064958573038,0.3165757687083482,12,64,,False,False,Request timeout: 300.0s exceeded,434,21.16838264042747
115,2026-09-14T02:12:53.392+00:00,2026-09-14T02:17:47.008+00:00,2026-09-14T02:17:53.422+00:00,False,100,99.0,,99.0,293616.28785,300029.819754,300029.81978,3000.2981978000003,0.035158999999999996,293616.28785,29355.157883109117,90.93183644999999,64.78315054545455,20.96834769643086,0.32996720153074094,12,64,,False,False,Request timeout: 300.0s exceeded,461,21.16838264042747
116,2026-09-14T02:12:58.187+00:00,2026-09-14T02:17:51.733+00:00,2026-09-14T02:17:58.238+00:00,False,104,103.0,,103.0,293546.251895,300051.843703,300051.843471,2885.113879528846,0.02389,293546.251895,28778.392223589482,89.92941415,63.161085514563105,20.842726384968504,0.34327401134702706,12,64,,False,False,Request timeout: 300.0s exceeded,462,21.16838264042747
117,2026-09-14T02:13:03.510+00:00,2026-09-14T02:17:57.367+00:00,2026-09-14T02:18:03.533+00:00,False,93,92.0,,92.0,293857.125453,300023.070797,300023.070757,3226.054524268817,0.0232,293857.125453,30464.621256519586,87.30609,67.02114504347826,20.16428161048851,0.3066430849987818,12,64,,False,False,Request timeout: 300.0s exceeded,470,21.16838264042747
118,2026-09-14T02:13:08.084+00:00,2026-09-14T02:18:01.819+00:00,2026-09-14T02:18:08.139+00:00,False,91,90.0,,90.0,293734.389732,300055.26858000003,300055.268599,3297.310643945055,0.02022,293734.389732,30784.374720332034,88.68396700000001,70.2319872,19.89148761795199,0.29994474160017764,12,64,,False,False,Request timeout: 300.0s exceeded,391,21.16838264042747
119,2026-09-14T02:13:12.332+00:00,2026-09-14T02:18:06.184+00:00,2026-09-14T02:18:12.399+00:00,False,89,88.0,,88.0,293852.699409,300067.604497,300067.604529,3371.546118303371,0.02893,293852.699409,31140.844058726107,90.418403,70.62392145454545,19.983075294797437,0.2932672460511471,12,64,,False,False,Request timeout: 300.0s exceeded,335,21.16838264042747
120,2026-09-14T02:13:17.427+00:00,2026-09-14T02:18:11.247+00:00,2026-09-14T02:18:17.432+00:00,False,94,93.0,,93.0,293820.917621,300005.566581,300005.566535,3191.548580159574,0.047269,293820.917621,30298.461634922016,89.45817415000002,66.5016017204301,20.778698777971513,0.30999424797303043,12,64,,False,False,Request timeout: 300.0s exceeded,457,21.16838264042747
121,2026-09-14T02:13:22.501+00:00,2026-09-14T02:18:15.916+00:00,2026-09-14T02:18:22.522+00:00,False,100,99.0,,99.0,293414.812514,300021.278306,300021.278187,3000.21278187,0.02199,293414.812514,29334.81506863646,88.89454694999999,66.7319776969697,20.390194582300776,0.3299765955234254,12,64,,False,False,Request timeout: 300.0s exceeded,402,21.16838264042747
122,2026-09-14T02:13:25.951+00:00,2026-09-14T02:18:19.348+00:00,2026-09-14T02:18:26.013+00:00,False,101,100.0,,100.0,293396.969658,300062.784698,300062.784636,2970.918659762376,0.04038,293396.969658,29187.463851478824,88.147904,66.6581504,20.250650034764735,0.33326358715442034,12,64,,False,False,Request timeout: 300.0s exceeded,459,21.16838264042747
123,2026-09-14T02:13:30.327+00:00,2026-09-14T02:18:24.011+00:00,2026-09-14T02:18:30.378+00:00,False,92,91.0,,91.0,293684.010778,300051.586074,300051.586097,3261.4302836630436,0.037899999999999996,293684.010778,30611.385858962196,90.784053,69.9733549010989,19.86203585618419,0.30328118304816154,12,64,,False,False,Request timeout: 300.0s exceeded,444,21.16838264042747
124,2026-09-14T02:13:34.275+00:00,2026-09-14T02:18:27.983+00:00,2026-09-14T02:18:34.305+00:00,False,99,98.0,,98.0,293708.095771,300029.864475,300029.864477,3030.604691686869,0.0,293708.095771,29512.357225709526,92.5242331,64.50784391836734,62.83946330179602,0.32663415080856345,12,64,,False,False,Request timeout: 300.0s exceeded,407,21.16838264042747
125,2026-09-14T02:13:37.449+00:00,2026-09-14T02:18:31.261+00:00,2026-09-14T02:18:37.504+00:00,False,96,95.0,,95.0,293811.71532599995,300054.95654199994,300054.95635799994,3125.5724620624997,0.0,293811.71532599995,29980.392275420796,91.71088625,65.71832858947369,63.718492357838656,0.31660866760820344,12,64,,False,False,Request timeout: 300.0s exceeded,427,21.16838264042747
126,2026-09-14T02:13:41.981+00:00,2026-09-14T02:18:35.947+00:00,2026-09-14T02:18:42.066+00:00,False,90,89.0,,89.0,293965.191023,300084.122991,300084.123065,3334.2680340555553,0.02198,293965.191023,30979.411816133397,89.69790545,68.75204458426965,20.998654714616844,0.2965835016958536,12,64,,False,False,Request timeout: 300.0s exceeded,403,21.16838264042747
127,2026-09-14T02:13:47.280+00:00,2026-09-14T02:18:41.105+00:00,2026-09-14T02:18:47.348+00:00,False,98,97.0,,97.0,293825.81238300004,300068.25103900005,300068.250905,3061.920927602041,0.02477,293825.81238300004,29674.396021325025,90.35155284999999,64.35503769072164,21.430024535670757,0.32325979061141275,12,64,,False,False,Request timeout: 300.0s exceeded,415,21.16838264042747
128,2026-09-14T02:13:51.708+00:00,2026-09-14T02:18:45.376+00:00,2026-09-14T02:18:51.781+00:00,False,95,94.0,,94.0,293668.333733,300073.16829299997,300073.16826099996,3158.6649290631576,0.02126,293668.333733,30122.75150282367,89.2118494,68.13653787234043,20.429132297974505,0.31325693175011143,12,64,,False,False,Request timeout: 300.0s exceeded,402,21.16838264042747
129,2026-09-14T02:13:55.740+00:00,2026-09-14T02:18:49.148+00:00,2026-09-14T02:18:55.763+00:00,False,97,96.0,,96.0,293408.13860500004,300023.364973,300023.36494900007,3093.0243809175263,0.03983,293408.13860500004,29784.092719546392,87.618213,68.908608,19.770539281279024,0.31997507930303803,12,64,,False,False,Request timeout: 300.0s exceeded,354,21.16838264042747
130,2026-09-14T02:13:59.699+00:00,2026-09-14T02:18:53.376+00:00,2026-09-14T02:18:59.784+00:00,False,104,103.0,,103.0,293676.41633700003,300084.617297,300084.617359,2885.429013067308,0.01533,293676.41633700003,28791.83217581527,87.78999515,62.21554330097087,185.38414405806876,0.34323652084458145,12,64,,False,False,Request timeout: 300.0s exceeded,255,21.16838264042747
131,2026-09-14T02:14:03.314+00:00,2026-09-14T02:18:56.950+00:00,2026-09-14T02:19:03.397+00:00,False,104,103.0,,103.0,293635.754228,300083.118068,300083.118028,2885.414596423077,0.015179999999999999,293635.754228,28787.806431645262,90.61092564999998,62.5957654368932,185.18093999967098,0.3432382356699579,12,64,,False,False,Request timeout: 300.0s exceeded,221,21.16838264042747
132,2026-09-14T02:14:08.466+00:00,2026-09-14T02:19:02.059+00:00,2026-09-14T02:19:08.489+00:00,False,99,98.0,,98.0,293593.281575,300023.289383,300023.28929999995,3030.5382757575753,0.03491,293593.281575,29500.64777333087,88.6492078,65.61232457142857,20.472403535254326,0.3266413090848303,12,64,,False,False,Request timeout: 300.0s exceeded,433,21.16838264042747
133,2026-09-14T02:14:11.792+00:00,2026-09-14T02:19:05.589+00:00,2026-09-14T02:19:11.826+00:00,False,90,89.0,,89.0,293797.251609,300034.10101700004,300034.10099300003,3333.712233255556,0.03632,293797.251609,30961.56836827917,87.68983084999999,70.07695964044943,18.753407308773262,0.2966329483826148,12,64,,False,False,Request timeout: 300.0s exceeded,460,21.16838264042747
134,2026-09-14T02:14:16.158+00:00,2026-09-14T02:19:09.634+00:00,2026-09-14T02:19:16.172+00:00,False,93,92.0,,92.0,293476.701895,300014.462151,300014.462063,3225.961957666667,0.03643,293476.701895,30424.753461581997,88.2311276,71.06261147826088,19.166734163062447,0.30665188384717124,12,64,,False,False,Request timeout: 300.0s exceeded,483,21.16838264042747
135,2026-09-14T02:14:21.037+00:00,2026-09-14T02:19:14.841+00:00,2026-09-14T02:19:21.051+00:00,False,88,87.0,,87.0,293804.35734600003,300014.264802,300014.26467700006,3409.253007693182,0.02867,293804.35734600003,31312.047223166544,90.834789,71.37824662068967,20.202470388188203,0.28998621134704133,12,64,,False,False,Request timeout: 300.0s exceeded,407,21.16838264042747
136,2026-09-14T02:14:24.698+00:00,2026-09-14T02:19:18.303+00:00,2026-09-14T02:19:24.704+00:00,False,96,95.0,,95.0,293604.972408,300005.893496,300005.89331699995,3125.0613887187496,0.04574,293604.972408,29959.061887149877,88.12388875,67.37811671578946,20.02629527414911,0.31666044587642955,12,64,,False,False,Request timeout: 300.0s exceeded,423,21.16838264042747
137,2026-09-14T02:14:27.979+00:00,2026-09-14T02:19:21.996+00:00,2026-09-14T02:19:28.017+00:00,False,97,96.0,,96.0,294016.502705,300038.332337,300038.332295,3093.1786834536083,0.0,294016.502705,29846.559953240518,89.6878346,62.727392,67.75476523683571,0.319959117397619,12,64,,False,False,Request timeout: 300.0s exceeded,454,21.16838264042747
138,2026-09-14T02:14:32.739+00:00,2026-09-14T02:19:26.803+00:00,2026-09-14T02:19:32.754+00:00,False,100,99.0,,99.0,294064.178113,300014.791617,300014.791662,3000.14791662,0.01801,294064.178113,29400.41430824789,91.2611279,60.10720711111111,20.7059682293275,0.3299837300234975,12,64,,False,False,Request timeout: 300.0s exceeded,465,21.16838264042747
139,2026-09-14T02:14:38.079+00:00,2026-09-14T02:19:33.203+00:00,2026-09-14T02:19:38.088+00:00,False,76,75.0,,75.0,295124.28969199996,300009.663388,300009.66354399995,3947.495572947368,0.029920000000000002,295124.28969199996,33845.612255627195,88.299526,65.13831594666667,20.92435124991686,0.2499919474360502,12,64,,False,False,Request timeout: 300.0s exceeded,327,21.16838264042747
140,2026-09-14T02:14:42.147+00:00,2026-09-14T02:19:35.826+00:00,2026-09-14T02:19:42.157+00:00,False,96,95.0,,95.0,293679.429051,300010.245051,300010.245165,3125.1067204687497,0.02185,293679.429051,29966.736462508838,89.01606925,66.64016842105264,20.11913693467196,0.31665585281546155,12,64,,False,False,Request timeout: 300.0s exceeded,380,21.16838264042747
141,2026-09-14T02:14:46.173+00:00,2026-09-14T02:19:39.698+00:00,2026-09-14T02:19:46.181+00:00,False,96,95.0,,95.0,293525.595045,300008.423589,300008.423602,3125.0877458541668,0.03644,293525.595045,29950.872421176962,89.98050775,68.2403004631579,19.945813537474,0.316657775350156,12,64,,False,False,Request timeout: 300.0s exceeded,489,21.16838264042747
142,2026-09-14T02:14:51.778+00:00,2026-09-14T02:19:44.999+00:00,2026-09-14T02:19:51.803+00:00,False,106,105.0,,105.0,293221.375499,300025.57569100003,300025.575748,2830.4299598867924,0.02837,293221.375499,28473.890724371715,87.97949650000001,64.8019065904762,20.325932971964065,0.3499701642374008,12,64,,False,False,Request timeout: 300.0s exceeded,526,21.16838264042747
143,2026-09-14T02:14:55.848+00:00,2026-09-14T02:19:49.474+00:00,2026-09-14T02:19:55.861+00:00,False,94,93.0,,93.0,293626.660208,300013.664368,300013.66427899996,3191.63472637234,0.03685,293626.660208,30278.200594208396,88.4367778,68.67746408602152,20.028475591061234,0.3099858807961667,12,64,,False,False,Request timeout: 300.0s exceeded,445,21.16838264042747
144,2026-09-14T02:15:00.807+00:00,2026-09-14T02:19:54.322+00:00,2026-09-14T02:20:00.892+00:00,False,100,99.0,,99.0,293514.687209,300084.770793,300084.770843,3000.84770843,0.06277,293514.687209,29344.839026741156,87.22384745000001,66.36448064646464,20.010789376296188,0.3299067784692436,12,64,,False,False,Request timeout: 300.0s exceeded,448,21.16838264042747
145,2026-09-14T02:15:06.459+00:00,2026-09-14T02:20:00.227+00:00,2026-09-14T02:20:06.480+00:00,False,95,94.0,,94.0,293767.309759,300020.196799,300020.19688,3158.1073355789476,0.02564,293767.309759,30133.072193288175,89.6403111,66.52007489361702,20.609214387148363,0.3133122403188601,12,64,,False,False,Request timeout: 300.0s exceeded,459,21.16838264042747
146,2026-09-14T02:15:12.089+00:00,2026-09-14T02:20:06.053+00:00,2026-09-14T02:20:12.143+00:00,False,95,94.0,,94.0,293964.60362300003,300054.117863,300054.11781,3158.4643980000005,0.0223,293964.60362300003,30153.49263112658,89.78489569999999,64.78206638297873,20.907468359053357,0.31327682042650357,12,64,,False,False,Request timeout: 300.0s exceeded,506,21.16838264042747
147,2026-09-14T02:15:17.287+00:00,2026-09-14T02:20:10.946+00:00,2026-09-14T02:20:17.344+00:00,False,93,92.0,,92.0,293659.63811299996,300057.21737699996,300057.21717799996,3226.421690086021,0.04734,293659.63811299996,30443.88207113247,90.67906439999999,69.53890504347827,20.725308277731514,0.30660818894553943,12,64,,False,False,Request timeout: 300.0s exceeded,368,21.16838264042747
148,2026-09-14T02:15:22.086+00:00,2026-09-14T02:20:15.710+00:00,2026-09-14T02:20:22.534+00:00,False,90,89.0,,89.0,293624.243617,300448.541601,300448.54165,3338.3171294444446,0.025920000000000002,293624.243617,30942.697110000638,89.05466195000001,76.67750543820225,64.64048950829448,0.2962237710515942,12,64,,False,False,Request timeout: 300.0s exceeded,408,21.16838264042747
149,2026-09-14T02:15:25.697+00:00,2026-09-14T02:20:19.501+00:00,2026-09-14T02:20:25.719+00:00,False,96,95.0,,95.0,293804.306993,300021.81483299995,300021.814878,3125.2272383124996,0.0,293804.306993,29979.67015060186,89.147686,65.44745094736842,66.66383737456908,0.3166436415727953,12,64,,False,False,Request timeout: 300.0s exceeded,427,21.16838264042747
150,2026-09-14T02:15:29.013+00:00,2026-09-14T02:20:22.868+00:00,2026-09-14T02:20:29.055+00:00,False,94,93.0,,93.0,293855.76313800004,300042.17645,300042.17656900006,3191.9380486063833,0.038270000000000005,293855.76313800004,30302.052611622094,87.55776915,66.52057324731183,19.078446424217635,0.3099564237946321,12,64,,False,False,Request timeout: 300.0s exceeded,426,21.16838264042747
151,2026-09-14T02:15:34.166+00:00,2026-09-14T02:20:27.609+00:00,2026-09-14T02:20:34.178+00:00,False,97,96.0,,96.0,293442.367203,300011.385571,300011.385527,3092.9008817216495,0.038329999999999996,293442.367203,29787.617351236575,89.64395859999999,68.42727466666668,20.330325788153917,0.3199878558518269,12,64,,False,False,Request timeout: 300.0s exceeded,354,21.16838264042747
152,2026-09-14T02:15:39.708+00:00,2026-09-14T02:20:33.291+00:00,2026-09-14T02:20:39.734+00:00,False,89,88.0,,88.0,293583.28956,300025.839832,300025.83977,3371.0768513483144,0.02089,293583.28956,31112.011612067337,88.37683140000001,73.21079854545455,18.58393014808533,0.29330806989583214,12,64,,False,False,Request timeout: 300.0s exceeded,387,21.16838264042747
153,2026-09-14T02:15:43.056+00:00,2026-09-14T02:20:36.869+00:00,2026-09-14T02:20:43.131+00:00,False,88,87.0,,87.0,293813.643927,300075.479703,300075.479749,3409.948633511364,0.03726,293813.643927,31312.972901009987,88.67279334999999,71.97512386206897,19.160670853019397,0.28992705464008034,12,64,,False,False,Request timeout: 300.0s exceeded,351,21.16838264042747
154,2026-09-14T02:15:47.478+00:00,2026-09-14T02:20:41.175+00:00,2026-09-14T02:20:47.556+00:00,False,94,93.0,,93.0,293697.175052,300078.20622,300078.206142,3192.32134193617,0.02022,293697.175052,30285.48081238276,91.49525865,68.61323836559139,20.844260003928266,0.3099192079674649,12,64,,False,False,Request timeout: 300.0s exceeded,447,21.16838264042747
155,2026-09-14T02:15:52.927+00:00,2026-09-14T02:20:46.739+00:00,2026-09-14T02:20:52.997+00:00,False,93,92.0,,92.0,293811.55845300003,300069.808949,300069.808962,3226.5570856129034,0.032459,293811.55845300003,30459.793663738626,92.25921679999999,68.02446191304348,22.369788229049448,0.306595323009108,12,64,,False,False,Request timeout: 300.0s exceeded,483,21.16838264042747
156,2026-09-14T02:15:58.349+00:00,2026-09-14T02:20:52.046+00:00,2026-09-14T02:20:58.435+00:00,False,94,93.0,,93.0,293697.555646,300085.877694,300085.87762000004,3192.4029534042556,0.02126,293697.555646,30285.51129715144,88.4140198,68.69163492473118,19.813394580788763,0.3099112851116334,12,64,,False,False,Request timeout: 300.0s exceeded,432,21.16838264042747
157,2026-09-14T02:16:02.895+00:00,2026-09-14T02:20:56.689+00:00,2026-09-14T02:21:02.977+00:00,False,92,91.0,,91.0,293793.713282,300081.492354,300081.49235799996,3261.755351717391,0.03732,293793.713282,30622.914621330863,88.9071741,69.09647331868132,19.965997473459755,0.30325095788529727,12,64,,False,False,Request timeout: 300.0s exceeded,418,21.16838264042747
158,2026-09-14T02:16:06.784+00:00,2026-09-14T02:21:00.114+00:00,2026-09-14T02:21:06.813+00:00,False,100,99.0,,99.0,293329.820588,300029.240236,300029.240175,3000.29240175,0.030600000000000002,293329.820588,29326.221851711904,88.3718525,67.67090553535354,20.195220220184083,0.329967838875063,12,64,,False,False,Request timeout: 300.0s exceeded,451,21.16838264042747
159,2026-09-14T02:16:11.962+00:00,2026-09-14T02:21:05.911+00:00,2026-09-14T02:21:12.045+00:00,False,90,89.0,,89.0,293948.88698199997,300082.43066199997,300082.430474,3334.2492274888887,0.02191,293948.88698199997,30977.675411923738,89.27300995,68.9162211235955,20.23523608043285,0.296585174292479,12,64,,False,False,Request timeout: 300.0s exceeded,364,21.16838264042747
160,2026-09-14T02:16:16.469+00:00,2026-09-14T02:21:10.497+00:00,2026-09-14T02:21:16.533+00:00,False,87,86.0,,86.0,294027.420215,300063.385911,300063.385923,3449.0044358965515,0.02275,294027.420215,31515.529745369473,89.645818,70.18564762790697,19.815018551843796,0.2866061107019166,12,64,,False,False,Request timeout: 300.0s exceeded,396,21.16838264042747
161,2026-09-14T02:16:20.052+00:00,2026-09-14T02:21:14.121+00:00,2026-09-14T02:21:20.137+00:00,False,95,94.0,,94.0,294068.816421,300084.393765,300084.393714,3158.783091726316,0.0,294068.816421,30164.33605868645,91.3878729,63.995503659574474,68.91748394336742,0.3132452135235418,12,64,,False,False,Request timeout: 300.0s exceeded,168,21.16838264042747
162,2026-09-14T02:16:25.163+00:00,2026-09-14T02:21:18.942+00:00,2026-09-14T02:21:25.176+00:00,False,95,94.0,,94.0,293778.410566,300013.114182,300013.114145,3158.032780473684,0.02413,293778.410566,30134.230602417538,88.060373,66.32663421276595,20.076053230437996,0.3133196368975252,12,64,,False,False,Request timeout: 300.0s exceeded,397,21.16838264042747
163,2026-09-14T02:16:29.041+00:00,2026-09-14T02:21:22.825+00:00,2026-09-14T02:21:29.069+00:00,False,93,92.0,,92.0,293784.438158,300028.389774,300028.389837,3226.1117186774195,0.02124,293784.438158,30456.996123606517,87.9829362,67.86903930434782,20.330770009594957,0.30663764875483984,12,64,,False,False,Request timeout: 300.0s exceeded,348,21.16838264042747
164,2026-09-14T02:16:33.763+00:00,2026-09-14T02:21:27.502+00:00,2026-09-14T02:21:33.783+00:00,False,100,99.0,,99.0,293739.400472,300020.494104,300020.494113,3000.20494113,0.0341,293739.400472,29367.60275828514,90.10631299999997,63.44539022222222,20.740831765152844,0.32997745802552525,12,64,,False,False,Request timeout: 300.0s exceeded,541,21.16838264042747
165,2026-09-14T02:16:36.954+00:00,2026-09-14T02:21:30.746+00:00,2026-09-14T02:21:37.030+00:00,False,96,95.0,,95.0,293791.790055,300075.310823,300075.310671,3125.78448615625,0.02085,293791.790055,29978.255541555085,90.3965765,66.14232387368422,20.819712869618368,0.3165871918600992,12,64,,False,False,Request timeout: 300.0s exceeded,391,21.16838264042747
166,2026-09-14T02:16:41.955+00:00,2026-09-14T02:21:35.819+00:00,2026-09-14T02:21:41.987+00:00,False,92,91.0,,91.0,293863.71207099996,300031.85952699994,300031.85966099997,3261.215865880434,0.03342,293863.71207099996,30630.34924031449,87.35726604999999,67.78184017582419,19.46723891800579,0.3033011232322509,12,64,,False,False,Request timeout: 300.0s exceeded,447,21.16838264042747
167,2026-09-14T02:16:47.522+00:00,2026-09-14T02:21:41.040+00:00,2026-09-14T02:21:47.622+00:00,False,113,112.0,,112.0,293517.91012300004,300099.47069900006,300099.470732,2655.7475286017702,0.015300000000000001,293517.91012300004,27607.024586115636,89.3680948,58.76393371428571,198.92582261012777,0.3732095886044933,12,64,,False,False,Request timeout: 300.0s exceeded,516,21.16838264042747
168,2026-09-14T02:16:51.287+00:00,2026-09-14T02:21:46.563+00:00,2026-09-14T02:21:51.368+00:00,False,73,72.0,,72.0,295275.53418699995,300081.32285899995,300081.32281399996,4110.703052246575,0.03673,295275.53418699995,34551.58109361137,88.8201566,66.74706488888889,20.481817215117747,0.23993495934377376,12,64,,False,False,Request timeout: 300.0s exceeded,299,21.16838264042747
169,2026-09-14T02:16:55.570+00:00,2026-09-14T02:21:49.485+00:00,2026-09-14T02:21:55.616+00:00,False,93,92.0,,92.0,293915.080837,300046.047109,300046.04721499997,3226.301582956989,0.03281,293915.080837,30470.670362160527,87.40948719999999,66.64093773913044,20.14609884173635,0.3066196035123185,12,64,,False,False,Request timeout: 300.0s exceeded,401,21.16838264042747
170,2026-09-14T02:16:59.062+00:00,2026-09-14T02:21:53.237+00:00,2026-09-14T02:21:59.129+00:00,False,84,83.0,,83.0,294175.63875,300066.834654,300066.83469499997,3572.2242225595237,0.043838999999999996,294175.63875,32089.454967891143,88.49718150000001,70.97826390361446,19.256231297719086,0.27660504399196717,12,64,,False,False,Request timeout: 300.0s exceeded,421,21.16838264042747
171,2026-09-14T02:17:03.673+00:00,2026-09-14T02:21:57.348+00:00,2026-09-14T02:22:03.701+00:00,False,94,93.0,,93.0,293674.726307,300027.902883,300027.902807,3191.7862000744676,0.02136,293674.726307,30283.195883543667,87.982962,68.31372662365591,20.23255256113312,0.30997116970239474,12,64,,False,False,Request timeout: 300.0s exceeded,356,21.16838264042747
172,2026-09-14T02:17:08.849+00:00,2026-09-14T02:22:02.620+00:00,2026-09-14T02:22:08.876+00:00,False,95,94.0,,94.0,293771.269805,300027.169965,300027.170149,3158.1807384105264,0.02691,293771.269805,30133.47507743027,89.0271027,66.55212936170213,20.432479335443716,0.3133049583841546,12,64,,False,False,Request timeout: 300.0s exceeded,360,21.16838264042747
173,2026-09-14T02:17:13.016+00:00,2026-09-14T02:22:06.850+00:00,2026-09-14T02:22:13.049+00:00,False,100,99.0,,99.0,293833.49942,300032.099612,300032.099586,3000.32099586,0.0,293833.49942,29377.16551877018,88.8993849,62.61212315151515,67.51090465529552,0.3299646942044745,12,64,,False,False,Request timeout: 300.0s exceeded,402,21.16838264042747
174,2026-09-14T02:17:17.457+00:00,2026-09-14T02:22:10.974+00:00,2026-09-14T02:22:17.540+00:00,False,104,103.0,,103.0,293517.384336,300083.07316800003,300083.073286,2885.4141662115385,0.0,293517.384336,28775.570633927953,87.2255715,63.74455176699029,65.48784442678195,0.34323828702705916,12,64,,False,False,Request timeout: 300.0s exceeded,433,21.16838264042747
175,2026-09-14T02:17:20.917+00:00,2026-09-14T02:22:14.382+00:00,2026-09-14T02:22:20.924+00:00,False,96,95.0,,95.0,293464.697341,300007.24863700004,300007.24843000004,3125.0755044791667,0.03526,293464.697341,29944.59245357951,87.49728725000001,68.86896101052632,19.233764219718843,0.3166590155124792,12,64,,False,False,Request timeout: 300.0s exceeded,368,21.16838264042747
176,2026-09-14T02:17:25.944+00:00,2026-09-14T02:22:19.652+00:00,2026-09-14T02:22:26.000+00:00,False,96,95.0,,95.0,293708.17919700005,300056.72550100007,300056.72540700005,3125.5908896562505,0.03885,293708.17919700005,29969.65187877581,88.9101175,66.8268032,20.366825083641533,0.31660680106863115,12,64,,False,False,Request timeout: 300.0s exceeded,458,21.16838264042747
177,2026-09-14T02:17:29.487+00:00,2026-09-14T02:22:23.244+00:00,2026-09-14T02:22:29.566+00:00,False,96,95.0,,95.0,293757.588195,300079.42678700003,300079.42683,3125.8273628125003,0.02543,293757.588195,29974.723394836266,88.793727,66.54566938947369,20.42552929749499,0.3165828494714905,12,64,,False,False,Request timeout: 300.0s exceeded,434,21.16838264042747
178,2026-09-14T02:17:34.617+00:00,2026-09-14T02:22:28.200+00:00,2026-09-14T02:22:34.654+00:00,False,93,92.0,,92.0,293582.905055,300037.349855,300037.34982899996,3226.208062677419,0.030629999999999998,293582.905055,30435.860917630744,90.48270659999999,70.15700869565217,20.406171225250592,0.30662849156767025,12,64,,False,False,Request timeout: 300.0s exceeded,434,21.16838264042747
179,2026-09-14T02:17:40.013+00:00,2026-09-14T02:22:33.480+00:00,2026-09-14T02:22:40.113+00:00,False,97,96.0,,96.0,293467.133199,300100.459791,300100.459796,3093.819173154639,0.032549999999999996,293467.133199,29790.064704729568,90.9436498,69.097152,21.4316775955908,0.31989287876085765,12,64,,False,False,Request timeout: 300.0s exceeded,460,21.16838264042747
180,2026-09-14T02:17:43.407+00:00,2026-09-14T02:22:37.012+00:00,2026-09-14T02:22:43.469+00:00,False,94,93.0,,93.0,293605.55572299997,300062.12890699995,300062.12899299996,3192.15030843617,0.02057,293605.55572299997,30275.947306224847,89.92858515,69.42551810752688,20.967669170853927,0.3099358134222398,12,64,,False,False,Request timeout: 300.0s exceeded,425,21.16838264042747
181,2026-09-14T02:17:47.484+00:00,2026-09-14T02:22:41.284+00:00,2026-09-14T02:22:47.522+00:00,False,93,92.0,,92.0,293799.698339,300037.736867,300037.736852,3226.2122242150535,0.03841,293799.698339,30458.585811237914,91.3179686,67.80476660869566,21.243407356705948,0.30662809605440244,12,64,,False,False,Request timeout: 300.0s exceeded,322,21.16838264042747
182,2026-09-14T02:17:50.895+00:00,2026-09-14T02:22:44.511+00:00,2026-09-14T02:22:50.963+00:00,False,95,94.0,,94.0,293616.417042,300068.611858,300068.611833,3158.6169666631577,0.020030000000000003,293616.417042,30117.372272975404,87.011618,68.64037038297872,18.882201588709773,0.3132616884450519,12,64,,False,False,Request timeout: 300.0s exceeded,465,21.16838264042747
183,2026-09-14T02:17:54.076+00:00,2026-09-14T02:22:47.814+00:00,2026-09-14T02:22:54.119+00:00,False,94,93.0,,93.0,293737.94923100004,300043.151919,300043.151802,3191.9484234255324,0.02223,293737.94923100004,30289.769199307982,88.16969580000001,67.79787836559139,18.92641738287949,0.30995541609663657,12,64,,False,False,Request timeout: 300.0s exceeded,298,21.16838264042747
184,2026-09-14T02:17:58.016+00:00,2026-09-14T02:22:51.761+00:00,2026-09-14T02:22:58.042+00:00,False,95,94.0,,94.0,293745.269944,300026.283448,300026.283527,3158.1714055473685,0.02042,293745.269944,30130.78044502775,90.2153737,66.81929259574468,20.884596884440935,0.31330588413695404,12,64,,False,False,Request timeout: 300.0s exceeded,355,21.16838264042747
185,2026-09-14T02:18:03.017+00:00,2026-09-14T02:22:56.952+00:00,2026-09-14T02:23:03.046+00:00,False,89,88.0,,88.0,293935.28974000004,300028.764044,300028.764069,3371.1097086404498,0.02376,293935.28974000004,31149.745134750814,90.0596354,69.24402618181819,20.375979914462558,0.29330521118666664,12,64,,False,False,Request timeout: 300.0s exceeded,303,21.16838264042747
186,2026-09-14T02:18:06.402+00:00,2026-09-14T02:22:59.835+00:00,2026-09-14T02:23:06.431+00:00,False,90,89.0,,89.0,293432.92580900004,300029.276529,300029.27651600004,3333.658627955556,0.027260000000000003,293432.92580900004,30922.803500897655,89.36876045000001,74.11630022471911,66.09532134781355,0.2966377182574631,12,64,,False,False,Request timeout: 300.0s exceeded,405,21.16838264042747
187,2026-09-14T02:18:10.322+00:00,2026-09-14T02:23:04.221+00:00,2026-09-14T02:23:10.344+00:00,False,97,96.0,,96.0,293898.640862,300021.882334,300021.882497,3093.0090979072165,0.0,293898.640862,29834.485053243523,88.3833692,63.783765333333335,67.48051215603041,0.3199766605461391,12,64,,False,False,Request timeout: 300.0s exceeded,489,21.16838264042747
188,2026-09-14T02:18:14.358+00:00,2026-09-14T02:23:08.275+00:00,2026-09-14T02:23:14.423+00:00,False,88,87.0,,87.0,293917.146951,300064.729159,300064.728954,3409.8264653863635,0.022019999999999998,293917.146951,31324.146644535507,89.58079635,70.66186445977011,19.63754812023738,0.289937441977394,12,64,,False,False,Request timeout: 300.0s exceeded,428,21.16838264042747
189,2026-09-14T02:18:17.453+00:00,2026-09-14T02:23:10.683+00:00,2026-09-14T02:23:17.522+00:00,False,98,97.0,,97.0,293229.914678,300068.96824599995,300068.968221,3061.928247153061,0.0221,293229.914678,29613.579158048695,90.41221134999999,70.50570688659793,20.268739328086692,0.32325901797508866,12,64,,False,False,Request timeout: 300.0s exceeded,609,21.16838264042747
190,2026-09-14T02:18:22.499+00:00,2026-09-14T02:23:15.989+00:00,2026-09-14T02:23:22.563+00:00,False,98,97.0,,97.0,293489.583458,300064.23280199995,300064.232861,3061.879927153061,0.02233,293489.583458,29640.085345598887,90.48649850000001,67.7798901443299,20.760467783402778,0.32326411946606887,12,64,,False,False,Request timeout: 300.0s exceeded,415,21.16838264042747
191,2026-09-14T02:18:25.797+00:00,2026-09-14T02:23:19.285+00:00,2026-09-14T02:23:25.826+00:00,False,100,99.0,,99.0,293487.726477,300028.694157,300028.69409,3000.2869409,0.027600000000000003,293487.726477,29342.172719303075,89.38339645,66.07038060606061,20.529955550411863,0.3299684394459783,12,64,,False,False,Request timeout: 300.0s exceeded,245,21.16838264042747
192,2026-09-14T02:18:30.935+00:00,2026-09-14T02:23:24.376+00:00,2026-09-14T02:23:30.964+00:00,False,99,98.0,,98.0,293441.116074,300028.789674,300028.789638,3030.593834727273,0.04046,293441.116074,29485.193110825487,89.1396157,67.22115918367348,20.813109476222866,0.3266353209186462,12,64,,False,False,Request timeout: 300.0s exceeded,429,21.16838264042747
193,2026-09-14T02:18:34.520+00:00,2026-09-14T02:23:27.802+00:00,2026-09-14T02:23:34.607+00:00,False,106,105.0,,105.0,293282.23753600003,300087.325024,300087.32508100005,2831.0125007641514,0.03701,293282.23753600003,28479.802157493865,92.23177775,64.81035702857143,21.443579890785177,0.3498981504520474,12,64,,False,False,Request timeout: 300.0s exceeded,480,21.16838264042747
194,2026-09-14T02:18:38.266+00:00,2026-09-14T02:23:31.620+00:00,2026-09-14T02:23:38.315+00:00,False,98,97.0,,97.0,293354.210259,300049.171923,300049.17188700003,3061.726243744898,0.019600000000000003,293354.210259,29626.285122868558,91.00927585,69.02022334020619,20.505881049494057,0.32328034561246044,12,64,,False,False,Request timeout: 300.0s exceeded,220,21.16838264042747
195,2026-09-14T02:18:43.596+00:00,2026-09-14T02:23:36.735+00:00,2026-09-14T02:23:43.637+00:00,False,103,102.0,,102.0,293138.64425300003,300040.56758100004,300040.567633,2913.0152197378643,0.07001,293138.64425300003,28877.147927618473,89.8505921,67.66591498039216,19.28135995419285,0.33995402962455634,12,64,,False,False,Request timeout: 300.0s exceeded,443,21.16838264042747
196,2026-09-14T02:18:47.450+00:00,2026-09-14T02:23:41.042+00:00,2026-09-14T02:23:47.486+00:00,False,98,97.0,,97.0,293592.533372,300036.284284,300036.284381,3061.5947385816326,0.03742,293592.533372,29650.620087334864,86.88596734999999,66.43042177319587,19.131784683678234,0.32329423166760873,12,64,,False,False,Request timeout: 300.0s exceeded,407,21.16838264042747
197,2026-09-14T02:18:51.249+00:00,2026-09-14T02:23:45.175+00:00,2026-09-14T02:23:51.279+00:00,False,90,89.0,,89.0,293925.558106,300029.784154,300029.784292,3333.664269911111,0.03663,293925.558106,30975.250673367926,88.76045195,68.58680952808989,19.634485093587312,0.29663721637155155,12,64,,False,False,Request timeout: 300.0s exceeded,429,21.16838264042747
198,2026-09-14T02:18:56.093+00:00,2026-09-14T02:23:49.545+00:00,2026-09-14T02:23:56.104+00:00,False,94,93.0,,93.0,293452.479874,300011.10029000003,300011.10021,3191.6074490425535,0.0273,293452.479874,30260.045101383377,89.45008065,70.522800172043,20.278718487082223,0.30998853012472977,12,64,,False,False,Request timeout: 300.0s exceeded,359,21.16838264042747
199,2026-09-14T02:19:00.547+00:00,2026-09-14T02:23:54.518+00:00,2026-09-14T02:24:00.569+00:00,False,97,96.0,,96.0,293971.011167,300022.198879,300022.198667,3093.0123573917526,0.046770000000000006,293971.011167,29841.841832019403,90.7718326,63.033205333333335,21.964739317392148,0.31997632294774675,12,64,,False,False,Request timeout: 300.0s exceeded,389,21.16838264042747
200,2026-09-14T02:19:04.409+00:00,2026-09-14T02:23:58.243+00:00,2026-09-14T02:24:04.453+00:00,False,104,103.0,,103.0,293833.496486,300043.83786200004,300043.838011,2885.0369039519233,0.0,293833.496486,28806.906788358654,92.41231964999999,60.294576466019414,65.74951173001297,0.3432831706657914,12,64,,False,False,Request timeout: 300.0s exceeded,493,21.16838264042747
201,2026-09-14T02:19:08.500+00:00,2026-09-14T02:24:02.524+00:00,2026-09-14T02:24:08.534+00:00,False,91,90.0,,90.0,294023.548134,300034.108902,300034.10898099997,3297.0781206703296,0.02843,294023.548134,30815.047764488827,88.89623250000001,66.78400853333333,19.201744438926223,0.29996589497561643,12,64,,False,False,Request timeout: 300.0s exceeded,349,21.16838264042747
202,2026-09-14T02:19:11.773+00:00,2026-09-14T02:24:05.651+00:00,2026-09-14T02:24:11.856+00:00,False,95,94.0,,94.0,293877.899411,300082.912915,300082.912946,3158.767504694737,0.0233,293877.899411,30144.46997994307,87.56759,66.01078195744681,19.512619726692307,0.31324675932689966,12,64,,False,False,Request timeout: 300.0s exceeded,447,21.16838264042747
203,2026-09-14T02:19:15.340+00:00,2026-09-14T02:24:09.294+00:00,2026-09-14T02:24:15.418+00:00,False,91,90.0,,90.0,293954.13517799997,300078.542218,300078.542295,3297.5663988461533,0.022420000000000002,293954.13517799997,30807.638879307997,87.59513499999998,68.04896711111111,19.478846866343552,0.29992147833955124,12,64,,False,False,Request timeout: 300.0s exceeded,437,21.16838264042747
204,2026-09-14T02:19:20.369+00:00,2026-09-14T02:24:14.235+00:00,2026-09-14T02:24:20.419+00:00,False,89,88.0,,88.0,293865.784286,300050.185182,300050.185346,3371.3503971460677,0.038840000000000006,293865.784286,31142.267797768596,89.37769579999998,70.2772829090909,19.985744340408235,0.2932842715848426,12,64,,False,False,Request timeout: 300.0s exceeded,169,21.16838264042747
205,2026-09-14T02:19:25.363+00:00,2026-09-14T02:24:18.984+00:00,2026-09-14T02:24:25.394+00:00,False,95,94.0,,94.0,293620.786805,300031.023221,300031.023358,3158.221298505263,0.040409,293620.786805,30117.86672638692,89.97732599999999,68.19400442553192,19.40578934609421,0.3133009346528825,12,64,,False,False,Request timeout: 300.0s exceeded,355,21.16838264042747
206,2026-09-14T02:19:30.744+00:00,2026-09-14T02:24:24.364+00:00,2026-09-14T02:24:30.787+00:00,False,97,96.0,,96.0,293619.536071,300042.276295,300042.276448,3093.219344824742,0.026889,293619.536071,29805.760431418716,87.90940199999999,66.903544,19.72897244436221,0.3199549116392295,12,64,,False,False,Request timeout: 300.0s exceeded,237,21.16838264042747
207,2026-09-14T02:19:34.824+00:00,2026-09-14T02:24:28.169+00:00,2026-09-14T02:24:34.862+00:00,False,101,100.0,,100.0,293345.112211,300038.178195,300038.178147,2970.675031158416,0.02784,293345.112211,29182.276474898325,87.486735,66.93065984,19.87855427555074,0.33329091851440407,12,64,,False,False,Request timeout: 300.0s exceeded,329,21.16838264042747
208,2026-09-14T02:19:40.175+00:00,2026-09-14T02:24:33.697+00:00,2026-09-14T02:24:40.236+00:00,False,96,95.0,,95.0,293521.562736,300061.020272,300061.020196,3125.635627041667,0.054939999999999996,293521.562736,29950.399984415544,89.272281,68.83639511578947,19.866003711226757,0.31660226947800213,12,64,,False,False,Request timeout: 300.0s exceeded,494,21.16838264042747
209,2026-09-14T02:19:43.978+00:00,2026-09-14T02:24:37.499+00:00,2026-09-14T02:24:44.023+00:00,False,91,90.0,,90.0,293520.647109,300044.874949,300044.875151,3297.1964302307692,0.03741,293520.647109,30761.731745717123,90.18683000000001,72.49142044444444,20.184836652225197,0.29995513176253286,12,64,,False,False,Request timeout: 300.0s exceeded,342,21.16838264042747
210,2026-09-14T02:19:47.701+00:00,2026-09-14T02:24:41.741+00:00,2026-09-14T02:24:47.727+00:00,False,98,97.0,,97.0,294040.36348400003,300025.50678000005,300025.506944,3061.484764734694,0.01503,294040.36348400003,29697.21533719417,89.07140205,61.70250820618556,230.6003182508714,0.32330584502979365,12,64,,False,False,Request timeout: 300.0s exceeded,392,21.16838264042747
211,2026-09-14T02:19:52.628+00:00,2026-09-14T02:24:47.824+00:00,2026-09-14T02:24:52.658+00:00,False,72,71.0,,71.0,295196.175133,300030.108701,300030.108665,4167.084842569445,0.03526,295196.175133,34781.18620600173,91.9404826,68.08357138028168,22.322354258318786,0.236642916630598,12,64,,False,False,Request timeout: 300.0s exceeded,368,21.16838264042747
212,2026-09-14T02:19:57.219+00:00,2026-09-14T02:24:50.795+00:00,2026-09-14T02:24:57.239+00:00,False,97,96.0,,96.0,293575.47916399996,300019.93305199995,300019.933155,3092.9890015979377,0.0,293575.47916399996,29801.335192729937,91.38178479999999,67.129728,68.31678485986255,0.31997873949048955,12,64,,False,False,Request timeout: 300.0s exceeded,461,21.16838264042747
213,2026-09-14T02:20:00.471+00:00,2026-09-14T02:24:54.409+00:00,2026-09-14T02:25:00.549+00:00,False,96,95.0,,95.0,293937.64601200004,300077.71718000004,300077.717116,3125.8095532916673,0.0,293937.64601200004,29993.366614324183,87.45344074999998,64.63232808421053,68.65629170404867,0.31658465311176287,12,64,,False,False,Request timeout: 300.0s exceeded,467,21.16838264042747
214,2026-09-14T02:20:04.289+00:00,2026-09-14T02:24:58.177+00:00,2026-09-14T02:25:04.351+00:00,False,93,92.0,,92.0,293888.620099,300062.294083,300062.294093,3226.4762805698924,0.03501,293888.620099,30467.877773326116,87.37224159999998,67.105152,19.203540253477644,0.30660300149059033,12,64,,False,False,Request timeout: 300.0s exceeded,384,21.16838264042747
215,2026-09-14T02:20:08.564+00:00,2026-09-14T02:25:02.304+00:00,2026-09-14T02:25:08.594+00:00,False,94,93.0,,93.0,293739.912187,300029.324027,300029.324004,3191.8013191914893,0.02256,293739.912187,30289.99002204006,87.2295615,67.62808430107526,20.249663386163522,0.3099697014670167,12,64,,False,False,Request timeout: 300.0s exceeded,342,21.16838264042747
216,2026-09-14T02:20:13.854+00:00,2026-09-14T02:25:07.488+00:00,2026-09-14T02:25:13.894+00:00,False,90,89.0,,89.0,293634.19766299997,300040.071839,300040.07189599995,3333.778576622222,0.03726,293634.19766299997,30944.181235646567,89.47030245,71.97611433707864,19.486400255090587,0.2966270453626506,12,64,,False,False,Request timeout: 300.0s exceeded,411,21.16838264042747
217,2026-09-14T02:20:19.508+00:00,2026-09-14T02:25:13.422+00:00,2026-09-14T02:25:19.552+00:00,False,90,89.0,,89.0,293913.730497,300043.051201,300043.051283,3333.811680922222,0.02085,293913.730497,30973.975269623144,90.45744145,68.86877195505618,21.253867805148353,0.29662409992084293,12,64,,False,False,Request timeout: 300.0s exceeded,387,21.16838264042747
218,2026-09-14T02:20:23.691+00:00,2026-09-14T02:25:17.771+00:00,2026-09-14T02:25:23.796+00:00,False,92,91.0,,91.0,294080.354069,300105.119765,300105.119985,3262.01217375,0.03175,294080.354069,30653.10098451417,89.57867449999999,66.20621643956045,20.98290433573139,0.30322708280104776,12,64,,False,False,Request timeout: 300.0s exceeded,334,21.16838264042747
219,2026-09-14T02:20:27.427+00:00,2026-09-14T02:25:21.076+00:00,2026-09-14T02:25:27.462+00:00,False,98,97.0,,97.0,293648.950982,300035.51431,300035.51433599996,3061.5868809795916,0.02432,293648.950982,29656.379879989927,89.85212555,65.84085905154639,20.926661253522933,0.32329506132990155,12,64,,False,False,Request timeout: 300.0s exceeded,503,21.16838264042747
220,2026-09-14T02:20:32.227+00:00,2026-09-14T02:25:26.026+00:00,2026-09-14T02:25:32.276+00:00,False,90,89.0,,89.0,293798.767598,300048.197102,300048.197114,3333.8688568222224,0.023629999999999998,293798.767598,30961.71446561079,90.98310995,70.21830903370787,20.656626266222467,0.2966190127439588,12,64,,False,False,Request timeout: 300.0s exceeded,410,21.16838264042747
221,2026-09-14T02:20:35.525+00:00,2026-09-14T02:25:29.364+00:00,2026-09-14T02:25:35.559+00:00,False,88,87.0,,87.0,293838.794787,300033.354531,300033.354736,3409.469940181818,0.02071,293838.794787,31315.737014816514,90.359857,71.20183613793104,20.114216127423557,0.2899677608711034,12,64,,False,False,Request timeout: 300.0s exceeded,400,21.16838264042747
222,2026-09-14T02:20:40.174+00:00,2026-09-14T02:25:34.155+00:00,2026-09-14T02:25:40.248+00:00,False,90,89.0,,89.0,293981.12073100003,300073.68700300006,300073.68699400005,3334.1520777111114,0.04021,293981.12073100003,30981.121442475614,88.27477345,68.45580080898877,19.86556303644508,0.2965938163018946,12,64,,False,False,Request timeout: 300.0s exceeded,410,21.16838264042747
223,2026-09-14T02:20:44.673+00:00,2026-09-14T02:25:38.348+00:00,2026-09-14T02:25:44.722+00:00,False,95,94.0,,94.0,293675.259299,300048.751011,300048.75108,3158.4079061052635,0.020579999999999998,293675.259299,30123.496235289567,88.08228199999999,67.80310331914895,20.391846435087384,0.31328242388369043,12,64,,False,False,Request timeout: 300.0s exceeded,390,21.16838264042747
224,2026-09-14T02:20:48.726+00:00,2026-09-14T02:25:42.497+00:00,2026-09-14T02:25:48.775+00:00,False,93,92.0,,92.0,293770.57149,300048.484834,300048.484796,3226.3277935053766,0.02163,293770.57149,30455.520127183354,89.3322616,68.23818852173912,20.61444872216272,0.30661711240067896,12,64,,False,False,Request timeout: 300.0s exceeded,123,21.16838264042747
225,2026-09-14T02:20:52.812+00:00,2026-09-14T02:25:46.637+00:00,2026-09-14T02:25:52.826+00:00,False,96,95.0,,95.0,293825.551049,300014.325961,300014.3262,3125.14923125,0.0,293825.551049,29981.874898408947,88.78348025,65.1449990736842,69.1939953810756,0.31665154554102665,12,64,,False,False,Request timeout: 300.0s exceeded,430,21.16838264042747
226,2026-09-14T02:20:56.193+00:00,2026-09-14T02:25:49.955+00:00,2026-09-14T02:25:56.198+00:00,False,99,98.0,,98.0,293762.655876,300005.083268,300005.08342,3030.354377979798,0.0,293762.655876,29517.93410490873,89.86284899999998,63.69823869387755,68.30899105547115,0.3266611316464089,12,64,,False,False,Request timeout: 300.0s exceeded,496,21.16838264042747
227,2026-09-14T02:20:59.907+00:00,2026-09-14T02:25:53.599+00:00,2026-09-14T02:25:59.983+00:00,False,95,94.0,,94.0,293691.92281699996,300076.072833,300076.07278199994,3158.6955029684204,0.022719999999999997,293691.92281699996,30125.19472461123,89.972643,67.91648953191489,21.09910201572026,0.3132538996280233,12,64,,False,False,Request timeout: 300.0s exceeded,406,21.16838264042747
228,2026-09-14T02:21:03.338+00:00,2026-09-14T02:25:57.074+00:00,2026-09-14T02:26:03.365+00:00,False,92,91.0,,91.0,293736.009574,300026.782566,300026.78260800004,3261.1606805217393,0.04097,293736.009574,30616.89547319345,89.44257750000001,69.12937353846154,20.438182264888805,0.3033062556006372,12,64,,False,False,Request timeout: 300.0s exceeded,428,21.16838264042747
229,2026-09-14T02:21:06.894+00:00,2026-09-14T02:26:00.632+00:00,2026-09-14T02:26:06.985+00:00,False,91,90.0,,90.0,293737.46749400004,300090.43210200005,300090.432167,3297.69705678022,0.024460000000000003,293737.46749400004,30784.660234054736,91.241167,70.58849564444445,20.277392782212615,0.2999095951496688,12,64,,False,False,Request timeout: 300.0s exceeded,462,21.16838264042747
230,2026-09-14T02:21:11.188+00:00,2026-09-14T02:26:04.775+00:00,2026-09-14T02:26:11.221+00:00,False,98,97.0,,97.0,293587.25691399997,300032.51157,300032.51149099995,3061.5562397040812,0.027190000000000002,293587.25691399997,29650.08640200067,88.54304520000001,66.4459242886598,20.467992313921886,0.3232982968826334,12,64,,False,False,Request timeout: 300.0s exceeded,375,21.16838264042747
231,2026-09-14T02:21:15.489+00:00,2026-09-14T02:26:09.347+00:00,2026-09-14T02:26:15.561+00:00,False,89,88.0,,88.0,293858.015135,300072.391327,300072.391379,3371.5999031348315,0.02225,293858.015135,31141.40789830547,89.3428034,70.61791127272727,19.563796280260124,0.29326256777853027,12,64,,False,False,Request timeout: 300.0s exceeded,433,21.16838264042747
232,2026-09-14T02:21:20.592+00:00,2026-09-14T02:26:14.086+00:00,2026-09-14T02:26:20.639+00:00,False,100,99.0,,99.0,293494.042224,300047.144048,300047.14427299995,3000.4714427299996,0.040740000000000005,293494.042224,29342.792101835726,89.75405054999999,66.19294771717172,20.62358279650175,0.32994814969531083,12,64,,False,False,Request timeout: 300.0s exceeded,505,21.16838264042747
233,2026-09-14T02:21:26.087+00:00,2026-09-14T02:26:19.772+00:00,2026-09-14T02:26:26.107+00:00,False,92,91.0,,91.0,293684.884653,300019.64817299997,300019.648174,3261.083132326087,0.0313,293684.884653,30611.515016190504,88.97211519999999,69.61278593406594,20.56269021379458,0.3033134681483487,12,64,,False,False,Request timeout: 300.0s exceeded,385,21.16838264042747
234,2026-09-14T02:21:29.914+00:00,2026-09-14T02:26:23.649+00:00,2026-09-14T02:26:29.933+00:00,False,95,94.0,,94.0,293735.664468,300018.912596,300018.912456,3158.093815326316,0.02229,293735.664468,30129.792643223867,88.585892,66.84306519148936,21.08455009379627,0.31331358142271076,12,64,,False,False,Request timeout: 300.0s exceeded,418,21.16838264042747
235,2026-09-14T02:21:34.858+00:00,2026-09-14T02:26:28.729+00:00,2026-09-14T02:26:34.870+00:00,False,90,89.0,,89.0,293870.644244,300012.56450000004,300012.564361,3333.4729373444447,0.038740000000000004,293870.644244,30969.417863568557,87.63112600000001,69.01033995505618,20.048152075022326,0.29665424229257564,12,64,,False,False,Request timeout: 300.0s exceeded,381,21.16838264042747
236,2026-09-14T02:21:38.668+00:00,2026-09-14T02:26:32.347+00:00,2026-09-14T02:26:38.679+00:00,False,96,95.0,,95.0,293679.048641,300010.985921,300010.986057,3125.11443809375,0.02509,293679.048641,29966.69630719514,89.38987325,66.65197136842106,19.929732902461506,0.31665507084135824,12,64,,False,False,Request timeout: 300.0s exceeded,458,21.16838264042747
237,2026-09-14T02:21:44.257+00:00,2026-09-14T02:26:37.603+00:00,2026-09-14T02:26:44.269+00:00,False,102,101.0,,101.0,293345.257238,300011.46319,300011.463199,2941.288854892157,0.04183,293345.257238,29038.98028794037,88.52778905000001,66.00203912871287,20.109261191814884,0.3366538029116434,12,64,,False,False,Request timeout: 300.0s exceeded,422,21.16838264042747
238,2026-09-14T02:21:49.371+00:00,2026-09-14T02:26:43.359+00:00,2026-09-14T02:26:49.433+00:00,False,98,97.0,,97.0,293987.16335399996,300061.839322,300061.83933499997,3061.855503418367,0.0,293987.16335399996,29690.93150456436,90.92780434999999,62.62552544329897,64.58742904982246,0.32326669802189717,12,64,,False,False,Request timeout: 300.0s exceeded,429,21.16838264042747
239,2026-09-14T02:21:54.164+00:00,2026-09-14T02:26:47.746+00:00,2026-09-14T02:26:54.199+00:00,False,97,96.0,,96.0,293582.31711199996,300035.07743199996,300035.07743299997,3093.1451281752575,0.0211,293582.31711199996,29801.949758644798,89.55342480000002,67.21625333333333,19.865591668191236,0.3199625884468707,12,64,,False,False,Request timeout: 300.0s exceeded,364,21.16838264042747
240,2026-09-14T02:21:58.167+00:00,2026-09-14T02:26:52.015+00:00,2026-09-14T02:26:58.184+00:00,False,91,90.0,,90.0,293847.90675300005,300016.85548900004,300016.8555240001,3296.888522241759,0.02336,293847.90675300005,30796.451762370598,89.22586100000001,68.54387484444445,20.302306092249577,0.2999831454579718,12,64,,False,False,Request timeout: 300.0s exceeded,407,21.16838264042747
241,2026-09-14T02:22:03.131+00:00,2026-09-14T02:26:57.155+00:00,2026-09-14T02:27:03.157+00:00,False,86,85.0,,85.0,294024.47914300003,300026.66384700005,300026.664035,3488.682139941861,0.04188,294024.47914300003,31697.866550176568,88.69943224999999,70.61393769411765,19.735396609994208,0.2833081530491774,12,64,,False,False,Request timeout: 300.0s exceeded,204,21.16838264042747
242,2026-09-14T02:22:07.271+00:00,2026-09-14T02:27:01.103+00:00,2026-09-14T02:27:07.307+00:00,False,91,90.0,,90.0,293831.74670099997,300035.253133,300035.253139,3297.0906938351645,0.05924,293831.74670099997,30794.717028513936,88.07543450000001,68.92784924444445,19.601422526982887,0.29996475100912456,12,64,,False,False,Request timeout: 300.0s exceeded,415,21.16838264042747
243,2026-09-14T02:22:10.487+00:00,2026-09-14T02:27:04.413+00:00,2026-09-14T02:27:10.497+00:00,False,93,92.0,,92.0,293925.940523,300010.19575500005,300010.19595300005,3225.9160855161294,0.02142,293925.940523,30471.849245071156,88.02555199999999,66.13320904347826,20.354919425436623,0.3066562446935329,12,64,,False,False,Request timeout: 300.0s exceeded,356,21.16838264042747
244,2026-09-14T02:22:15.685+00:00,2026-09-14T02:27:09.898+00:00,2026-09-14T02:27:15.771+00:00,False,89,88.0,,88.0,294212.26628,300085.567528,300085.567665,3371.7479512921345,0.062049999999999994,294212.26628,31179.36995740089,89.551263,66.74205963636363,20.632209400774013,0.2932496911628014,12,64,,False,False,Request timeout: 300.0s exceeded,413,21.16838264042747
245,2026-09-14T02:22:20.730+00:00,2026-09-14T02:27:14.555+00:00,2026-09-14T02:27:20.758+00:00,False,95,94.0,,94.0,293825.803919,300028.820879,300028.82087700005,3158.198114494737,0.02506,293825.803919,30139.127858136297,89.56123800000002,65.98954212765958,20.40189072657483,0.3133032344179684,12,64,,False,False,Request timeout: 300.0s exceeded,447,21.16838264042747
246,2026-09-14T02:22:25.008+00:00,2026-09-14T02:27:18.789+00:00,2026-09-14T02:27:25.087+00:00,False,91,90.0,,90.0,293780.69015499996,300078.73380299995,300078.733844,3297.5685037802195,0.06919,293780.69015499996,30789.254531921713,87.767969,69.97826275555556,19.274514758391646,0.2999212868549509,12,64,,False,False,Request timeout: 300.0s exceeded,445,21.16838264042747
247,2026-09-14T02:22:29.915+00:00,2026-09-14T02:27:23.748+00:00,2026-09-14T02:27:29.935+00:00,False,90,89.0,,89.0,293832.656528,300019.978896,300019.97909000004,3333.5553232222223,0.02665,293832.656528,30965.35950424971,88.45768745,69.52047604494382,19.52611934331829,0.2966469110740498,12,64,,False,False,Request timeout: 300.0s exceeded,408,21.16838264042747
248,2026-09-14T02:22:33.195+00:00,2026-09-14T02:27:26.896+00:00,2026-09-14T02:27:33.275+00:00,False,99,98.0,,98.0,293701.199256,300079.922584,300079.922645,3031.1103297474747,0.03904,293701.199256,29511.545967839273,87.12079170000001,65.0890135510204,19.68157870331423,0.3265796630314956,12,64,,False,False,Request timeout: 300.0s exceeded,498,21.16838264042747
249,2026-09-14T02:22:38.050+00:00,2026-09-14T02:27:31.915+00:00,2026-09-14T02:27:38.116+00:00,False,95,94.0,,94.0,293864.49435399997,300066.06158599997,300066.061566,3158.590121747368,0.03933,293864.49435399997,30143.09914927674,88.83879439999998,65.9741194893617,20.631811708657853,0.3132643508671482,12,64,,False,False,Request timeout: 300.0s exceeded,360,21.16838264042747
250,2026-09-14T02:22:43.664+00:00,2026-09-14T02:27:37.518+00:00,2026-09-14T02:27:43.685+00:00,False,94,93.0,,93.0,293853.792409,300020.909209,300020.909114,3191.711799085106,0.0,293853.792409,30301.944002105003,91.87703529999999,66.31308387096774,69.65444396295987,0.30997839532315563,12,64,,False,False,Request timeout: 300.0s exceeded,136,21.16838264042747
251,2026-09-14T02:22:47.225+00:00,2026-09-14T02:27:41.133+00:00,2026-09-14T02:27:47.286+00:00,False,97,96.0,,96.0,293908.029156,300061.86698,300061.866839,3093.421307618557,0.0,293908.029156,29835.408826916726,90.0654216,64.10247733333334,68.76359722694407,0.3199340221608322,12,64,,False,False,Request timeout: 300.0s exceeded,463,21.16838264042747
252,2026-09-14T02:22:52.210+00:00,2026-09-14T02:27:45.782+00:00,2026-09-14T02:27:52.229+00:00,False,94,93.0,,93.0,293571.63274900004,300018.73802900006,300018.73808300006,3191.6887030106386,0.02234,293571.63274900004,30272.458169367623,88.31196380000002,69.32371268817204,19.842087517206544,0.3099806385793495,12,64,,False,False,Request timeout: 300.0s exceeded,454,21.16838264042747
253,2026-09-14T02:22:55.940+00:00,2026-09-14T02:27:49.429+00:00,2026-09-14T02:27:55.992+00:00,False,96,95.0,,95.0,293489.478413,300051.647501,300051.647474,3125.5379945208333,0.02644,293489.478413,29947.100823438104,87.22461575000001,69.07546408421052,19.606437431858378,0.31661215924396274,12,64,,False,False,Request timeout: 300.0s exceeded,389,21.16838264042747
254,2026-09-14T02:23:01.298+00:00,2026-09-14T02:27:54.650+00:00,2026-09-14T02:28:01.310+00:00,False,102,101.0,,101.0,293352.17959500005,300012.61453900003,300012.61460900004,2941.3001432254905,0.02212,293352.17959500005,29039.671989444134,88.41910354999999,65.94490043564356,21.006222091449487,0.33665251094590404,12,64,,False,False,Request timeout: 300.0s exceeded,540,21.16838264042747
255,2026-09-14T02:23:05.645+00:00,2026-09-14T02:27:58.855+00:00,2026-09-14T02:28:05.724+00:00,False,104,103.0,,103.0,293209.545337,300079.220601,300079.220689,2885.377122009615,0.03164,293209.545337,28745.028534736863,89.31874665,66.69587634951456,20.437654665557737,0.3432426936917229,12,64,,False,False,Request timeout: 300.0s exceeded,397,21.16838264042747
256,2026-09-14T02:23:10.858+00:00,2026-09-14T02:28:04.172+00:00,2026-09-14T02:28:10.868+00:00,False,99,98.0,,98.0,293314.604948,300009.940116,300009.940088,3030.4034352323233,0.029920000000000002,293314.604948,29472.367734661948,91.94875780000001,68.3197466122449,20.639914268279867,0.32665584334341696,12,64,,False,False,Request timeout: 300.0s exceeded,498,21.16838264042747
257,2026-09-14T02:23:15.236+00:00,2026-09-14T02:28:09.355+00:00,2026-09-14T02:28:15.279+00:00,False,98,97.0,,97.0,294119.40931099997,300042.61801499996,300042.618012,3061.6593674693872,0.01526,294119.40931099997,29705.667533203115,90.01664584999999,61.06400725773196,278.16311040708496,0.3232874071081152,12,64,,False,False,Request timeout: 300.0s exceeded,129,21.16838264042747
258,2026-09-14T02:23:18.533+00:00,2026-09-14T02:28:14.724+00:00,2026-09-14T02:28:18.589+00:00,False,103,102.0,,102.0,296190.709298,300055.95115399995,300055.951128,2913.164574058252,0.01528,296190.709298,29180.82656085184,89.83530710000001,37.894528,36.529672343511656,0.33993660051638097,12,64,,False,False,Request timeout: 300.0s exceeded,484,21.16838264042747
259,2026-09-14T02:23:22.280+00:00,2026-09-14T02:28:16.022+00:00,2026-09-14T02:28:22.336+00:00,False,91,90.0,,90.0,293742.86208999995,300056.60954599996,300056.6095719999,3297.3253799120876,0.04521,293742.86208999995,30785.271075309676,88.951207,70.15274951111111,19.741259358885376,0.2999434011341204,12,64,,False,False,Request timeout: 300.0s exceeded,351,21.16838264042747
260,2026-09-14T02:23:26.214+00:00,2026-09-14T02:28:19.897+00:00,2026-09-14T02:28:26.249+00:00,False,93,92.0,,92.0,293683.262041,300035.119449,300035.119472,3226.184080344086,0.016800000000000002,293683.262041,30446.382917915744,90.70405019999998,69.04192834782609,20.1626923807378,0.30663077098758823,12,64,,False,False,Request timeout: 300.0s exceeded,622,21.16838264042747
261,2026-09-14T02:23:30.713+00:00,2026-09-14T02:28:24.003+00:00,2026-09-14T02:28:30.786+00:00,False,102,101.0,,101.0,293289.68161900004,300073.52725100005,300073.527118,2941.8973246862747,0.0664,293289.68161900004,29033.362610681437,89.7311275,67.16678843564357,20.76202350023358,0.3365841729701046,12,64,,False,False,Request timeout: 300.0s exceeded,457,21.16838264042747
262,2026-09-14T02:23:35.194+00:00,2026-09-14T02:28:28.967+00:00,2026-09-14T02:28:35.217+00:00,False,91,90.0,,90.0,293773.636803,300022.982595,300022.982371,3296.955850230769,0.04844,293773.636803,30788.572649649617,89.85978000000001,69.43717546666667,20.50809552622905,0.29997701916553066,12,64,,False,False,Request timeout: 300.0s exceeded,409,21.16838264042747
263,2026-09-14T02:23:40.225+00:00,2026-09-14T02:28:34.269+00:00,2026-09-14T02:28:40.246+00:00,False,91,90.0,,90.0,294044.352158,300021.711518,300021.711519,3296.9418848241758,0.0,294044.352158,30817.334130916814,89.3333915,66.415104,67.34020043280943,0.2999782900531863,12,64,,False,False,Request timeout: 300.0s exceeded,441,21.16838264042747
264,2026-09-14T02:23:45.469+00:00,2026-09-14T02:28:39.210+00:00,2026-09-14T02:28:45.500+00:00,False,91,90.0,,90.0,293740.968476,300031.335964,300031.335977,3297.0476480989014,0.03318,293740.968476,30785.099612466045,90.02506450000001,69.89297208888888,19.438870763954714,0.29996866730880023,12,64,,False,False,Request timeout: 300.0s exceeded,405,21.16838264042747
265,2026-09-14T02:23:48.738+00:00,2026-09-14T02:28:42.687+00:00,2026-09-14T02:28:48.818+00:00,False,88,87.0,,87.0,293949.78453899996,300080.24239499995,300080.24229799997,3410.002753386363,0.02784,293949.78453899996,31327.64656667946,90.53370585,70.4650328275862,19.249706895703223,0.28992245309333176,12,64,,False,False,Request timeout: 300.0s exceeded,423,21.16838264042747
266,2026-09-14T02:23:52.712+00:00,2026-09-14T02:28:46.668+00:00,2026-09-14T02:28:52.770+00:00,False,91,90.0,,90.0,293956.679671,300058.358775,300058.35875,3297.3446016483517,0.03671,293956.679671,30807.93233300556,89.97080450000001,67.79643448888889,19.86789867541642,0.29994165257528077,12,64,,False,False,Request timeout: 300.0s exceeded,409,21.16838264042747
267,2026-09-14T02:23:56.713+00:00,2026-09-14T02:28:50.537+00:00,2026-09-14T02:28:56.734+00:00,False,92,91.0,,91.0,293824.26190499996,300021.441297,300021.441473,3261.1026247065215,0.04593,293824.26190499996,30626.20421193892,91.64286005000002,68.10087243956045,21.285418325221826,0.303311655349047,12,64,,False,False,Request timeout: 300.0s exceeded,385,21.16838264042747
268,2026-09-14T02:24:00.944+00:00,2026-09-14T02:28:54.776+00:00,2026-09-14T02:29:01.440+00:00,False,98,97.0,,97.0,293831.810863,300496.60446299997,300496.604554,3066.2918832040814,0.01909,293831.810863,29674.561387370835,89.192791,68.70921237113403,20.377794382697196,0.32279898860535566,12,64,,False,False,Request timeout: 300.0s exceeded,197,21.16838264042747
269,2026-09-14T02:24:06.546+00:00,2026-09-14T02:29:00.246+00:00,2026-09-14T02:29:06.590+00:00,False,92,91.0,,91.0,293700.016495,300044.90327899996,300044.903391,3261.3576455543475,0.02103,293700.016495,30613.08114928094,90.81633900000001,69.72403059340658,20.754549877958294,0.30328793792368697,12,64,,False,False,Request timeout: 300.0s exceeded,385,21.16838264042747
270,2026-09-14T02:24:10.324+00:00,2026-09-14T02:29:04.354+00:00,2026-09-14T02:29:10.338+00:00,False,87,86.0,,86.0,294030.531561,300013.898473,300013.89868,3448.435617011494,0.020059999999999998,294030.531561,31515.92944432322,92.035888,69.57403386046511,20.690562094006538,0.2866533865188237,12,64,,False,False,Request timeout: 300.0s exceeded,330,21.16838264042747
271,2026-09-14T02:24:15.017+00:00,2026-09-14T02:29:09.146+00:00,2026-09-14T02:29:15.045+00:00,False,91,90.0,,90.0,294128.515528,300027.537864,300027.537925,3297.0059112637364,0.06448000000000001,294128.515528,30826.1813823221,86.6130575,65.54469262222223,19.414218722075248,0.2999724646635478,12,64,,False,False,Request timeout: 300.0s exceeded,390,21.16838264042747
272,2026-09-14T02:24:19.391+00:00,2026-09-14T02:29:13.137+00:00,2026-09-14T02:29:19.440+00:00,False,98,97.0,,97.0,293746.541787,300049.14428300003,300049.144182,3061.7259610408164,0.0197,293746.541787,29666.32460609901,86.541089,64.97528346391752,19.644124617666794,0.32328037539247784,12,64,,False,False,Request timeout: 300.0s exceeded,471,21.16838264042747
273,2026-09-14T02:24:24.865+00:00,2026-09-14T02:29:18.710+00:00,2026-09-14T02:29:24.889+00:00,False,88,87.0,,87.0,293844.790373,300024.028773,300024.02887900005,3409.3639645340913,0.05737,293844.790373,31316.39500540268,91.45568435000001,71.02572873563219,20.249018461950893,0.2899767740464039,12,64,,False,False,Request timeout: 300.0s exceeded,432,21.16838264042747
274,2026-09-14T02:24:28.043+00:00,2026-09-14T02:29:21.831+00:00,2026-09-14T02:29:28.128+00:00,False,88,87.0,,87.0,293787.356607,300084.939199,300084.939113,3410.0561262840906,0.03022,293787.356607,31310.126910051426,90.819781,72.3860068045977,19.23713159267603,0.2899179153483152,12,64,,False,False,Request timeout: 300.0s exceeded,202,21.16838264042747
275,2026-09-14T02:24:31.475+00:00,2026-09-14T02:29:25.188+00:00,2026-09-14T02:29:31.513+00:00,False,92,91.0,,91.0,293713.341025,300038.362209,300038.362093,3261.28654448913,0.019399999999999997,293713.341025,30614.492513579527,89.86302355,69.5057272967033,19.880621957194734,0.3032945498369687,12,64,,False,False,Request timeout: 300.0s exceeded,396,21.16838264042747
276,2026-09-14T02:24:36.560+00:00,2026-09-14T02:29:30.573+00:00,2026-09-14T02:29:36.583+00:00,False,98,97.0,,97.0,294013.019597,300022.857165,300022.85735999997,3061.457728163265,0.0,294013.019597,29693.611422219325,91.6913199,61.957088329896905,64.83170252307673,0.3233087002656403,12,64,,False,False,Request timeout: 300.0s exceeded,609,21.16838264042747
277,2026-09-14T02:24:40.147+00:00,2026-09-14T02:29:34.239+00:00,2026-09-14T02:29:40.165+00:00,False,89,88.0,,88.0,294092.627742,300018.89027,300018.890472,3370.9987693483145,0.03436,294092.627742,31166.624585886926,90.661341,67.34389236363636,20.753506144513842,0.29331486401007945,12,64,,False,False,Request timeout: 300.0s exceeded,408,21.16838264042747
278,2026-09-14T02:24:43.720+00:00,2026-09-14T02:29:37.430+00:00,2026-09-14T02:29:43.775+00:00,False,97,96.0,,96.0,293709.886092,300054.909324,300054.909477,3093.3495822371133,0.02979,293709.886092,29815.01674676704,89.08540160000001,66.093992,20.42686932854392,0.31994144077255865,12,64,,False,False,Request timeout: 300.0s exceeded,413,21.16838264042747
279,2026-09-14T02:24:48.047+00:00,2026-09-14T02:29:41.775+00:00,2026-09-14T02:29:48.102+00:00,False,100,99.0,,99.0,293727.868988,300054.677308,300054.67724199995,3000.54677242,0.044279000000000006,293727.868988,29366.403550538253,92.859959,63.90715474747474,20.907140206426934,0.3299398659210985,12,64,,False,False,Request timeout: 300.0s exceeded,457,21.16838264042747
280,2026-09-14T02:24:51.577+00:00,2026-09-14T02:29:45.076+00:00,2026-09-14T02:29:51.588+00:00,False,104,103.0,,103.0,293498.694615,300011.247575,300011.247407,2884.7235327596154,0.04405,293498.694615,28773.72263224433,91.56807115,63.22866951456311,21.4061802847597,0.34332046159119745,12,64,,False,False,Request timeout: 300.0s exceeded,526,21.16838264042747
281,2026-09-14T02:24:55.677+00:00,2026-09-14T02:29:49.587+00:00,2026-09-14T02:29:55.713+00:00,False,88,87.0,,87.0,293909.32195099996,300035.70172699995,300035.701808,3409.496611454545,0.022609999999999998,293909.32195099996,31323.339159518142,90.765624,70.41815834482759,20.711600026434787,0.28996549243716535,12,64,,False,False,Request timeout: 300.0s exceeded,543,21.16838264042747
282,2026-09-14T02:24:59.617+00:00,2026-09-14T02:29:53.185+00:00,2026-09-14T02:29:59.631+00:00,False,95,94.0,,94.0,293568.276094,300014.369662,300014.369546,3158.045995221052,0.03383,293568.276094,30112.441158651676,89.2448577,68.57546348936171,20.99250530767458,0.3133183257385358,12,64,,False,False,Request timeout: 300.0s exceeded,355,21.16838264042747
283,2026-09-14T02:25:03.964+00:00,2026-09-14T02:29:57.609+00:00,2026-09-14T02:30:03.986+00:00,False,94,93.0,,93.0,293645.54549299995,300022.723349,300022.72329099994,3191.731098840425,0.030879999999999998,293645.54549299995,30280.159932285773,89.12996200000002,68.57180490322581,20.88468310263865,0.30997652098443956,12,64,,False,False,Request timeout: 300.0s exceeded,473,21.16838264042747
284,2026-09-14T02:25:08.511+00:00,2026-09-14T02:30:02.206+00:00,2026-09-14T02:30:08.520+00:00,False,94,93.0,,93.0,293694.500353,300009.080321,300009.080363,3191.585961308511,0.020429,293694.500353,30285.278355377064,89.85263465,67.89870933333333,20.427643394830415,0.3099906172856269,12,64,,False,False,Request timeout: 300.0s exceeded,472,21.16838264042747
285,2026-09-14T02:25:12.242+00:00,2026-09-14T02:30:06.068+00:00,2026-09-14T02:30:12.327+00:00,False,92,91.0,,91.0,293826.475117,300085.069933,300085.06986499997,3261.7942376630435,0.01763,293826.475117,30626.364151376543,89.78043614999999,68.77576720879121,20.633152423831678,0.3032473425629525,12,64,,False,False,Request timeout: 300.0s exceeded,418,21.16838264042747
286,2026-09-14T02:25:17.460+00:00,2026-09-14T02:30:11.049+00:00,2026-09-14T02:30:17.488+00:00,False,99,98.0,,98.0,293589.30075,300028.72244599997,300028.722487,3030.593156434343,0.053079999999999995,293589.30075,29500.237761317585,89.87418299999999,65.70838465306123,20.07606681332772,0.32663539410843684,12,64,,False,False,Request timeout: 300.0s exceeded,441,21.16838264042747
287,2026-09-14T02:25:21.042+00:00,2026-09-14T02:30:15.041+00:00,2026-09-14T02:30:21.122+00:00,False,92,91.0,,91.0,293999.03968,300080.465088,300080.46512199997,3261.7441861086954,0.01902,293999.03968,30644.557900382468,87.38017099999999,66.82885063736263,20.13728616560894,0.303251996004851,12,64,,False,False,Request timeout: 300.0s exceeded,284,21.16838264042747
288,2026-09-14T02:25:26.448+00:00,2026-09-14T02:30:19.994+00:00,2026-09-14T02:30:26.534+00:00,False,94,93.0,,93.0,293545.183473,300085.458673,300085.458506,3192.398494744681,0.019,293545.183473,30269.627034935915,90.43684165,70.32553978494623,20.19336867911003,0.3099117178528172,12,64,,False,False,Request timeout: 300.0s exceeded,361,21.16838264042747
289,2026-09-14T02:25:29.875+00:00,2026-09-14T02:30:24.010+00:00,2026-09-14T02:30:29.935+00:00,False,94,93.0,,93.0,294134.18022000004,300059.788156,300059.78808100004,3192.1254051170217,0.0,294134.18022000004,30331.12412133755,91.1987701,63.7162143655914,66.29597965969944,0.3099382312156057,12,64,,False,False,Request timeout: 300.0s exceeded,416,21.16838264042747
290,2026-09-14T02:25:34.113+00:00,2026-09-14T02:30:28.314+00:00,2026-09-14T02:30:34.154+00:00,False,92,91.0,,91.0,294200.575173,300040.204485,300040.20443599997,3261.306569956522,0.036090000000000004,294200.575173,30665.847034437134,89.66100065,64.17175068131868,21.024717377294465,0.30329268757897204,12,64,,False,False,Request timeout: 300.0s exceeded,428,21.16838264042747
291,2026-09-14T02:25:37.774+00:00,2026-09-14T02:30:31.676+00:00,2026-09-14T02:30:37.857+00:00,False,90,89.0,,89.0,293901.92182700004,300083.26121900004,300083.26126800006,3334.258458533334,0.05169,293901.92182700004,30972.668055536433,89.3351785,69.45325159550562,19.943364335914875,0.2965843534173271,12,64,,False,False,Request timeout: 300.0s exceeded,273,21.16838264042747
292,2026-09-14T02:25:41.928+00:00,2026-09-14T02:30:35.770+00:00,2026-09-14T02:30:41.943+00:00,False,94,93.0,,93.0,293842.309806,300015.297454,300015.29759499995,3191.6521020744676,0.03018,293842.309806,30300.680843972645,88.89242345000001,66.3762112688172,20.543454277355444,0.30998419343686723,12,64,,False,False,Request timeout: 300.0s exceeded,433,21.16838264042747
293,2026-09-14T02:25:47.419+00:00,2026-09-14T02:30:40.825+00:00,2026-09-14T02:30:47.507+00:00,False,99,98.0,,98.0,293406.082239,300088.037567,300088.037413,3031.1922971010104,0.020489999999999998,293406.082239,29481.574620568423,88.4568616,68.18321763265305,19.683593917951054,0.32657083166175777,12,64,,False,False,Request timeout: 300.0s exceeded,407,21.16838264042747
294,2026-09-14T02:25:52.730+00:00,2026-09-14T02:30:46.701+00:00,2026-09-14T02:30:52.788+00:00,False,95,94.0,,94.0,293970.744962,300058.119042,300058.119172,3158.5065176,0.04054,293970.744962,30154.12477397507,88.77620370000001,64.75929872340426,20.494073343517,0.31327264298035057,12,64,,False,False,Request timeout: 300.0s exceeded,363,21.16838264042747
295,2026-09-14T02:25:57.499+00:00,2026-09-14T02:30:50.901+00:00,2026-09-14T02:30:57.518+00:00,False,100,99.0,,99.0,293401.902909,300019.257661,300019.257749,3000.19257749,0.02845,293401.902909,29333.513030781,90.92743149999998,66.8419671919192,20.275783895089745,0.32997881793262357,12,64,,False,False,Request timeout: 300.0s exceeded,372,21.16838264042747
296,2026-09-14T02:26:02.317+00:00,2026-09-14T02:30:55.863+00:00,2026-09-14T02:31:02.363+00:00,False,96,95.0,,95.0,293546.879318,300046.672982,300046.67314699996,3125.4861786145834,0.0345,293546.879318,29953.026590594563,89.8735755,68.41888067368421,20.065833959636397,0.3166174084046555,12,64,,False,False,Request timeout: 300.0s exceeded,440,21.16838264042747
297,2026-09-14T02:26:06.426+00:00,2026-09-14T02:30:59.560+00:00,2026-09-14T02:31:06.457+00:00,False,102,101.0,,101.0,293134.485092,300030.660964,300030.66079399997,2941.477066607843,0.02427,293134.485092,29017.885280636558,88.7446285,68.27896902970298,20.09386364288967,0.33663226176780237,12,64,,False,False,Request timeout: 300.0s exceeded,494,21.16838264042747
298,2026-09-14T02:26:11.312+00:00,2026-09-14T02:31:04.987+00:00,2026-09-14T02:31:11.343+00:00,False,96,95.0,,95.0,293675.46346600004,300031.380522,300031.38054800004,3125.3268807083336,0.019870000000000002,293675.46346600004,29966.30569538097,90.565049,66.90439006315789,21.48125852098782,0.31663354624678686,12,64,,False,False,Request timeout: 300.0s exceeded,407,21.16838264042747
299,2026-09-14T02:26:16.343+00:00,2026-09-14T02:31:10.070+00:00,2026-09-14T02:31:16.363+00:00,False,95,94.0,,94.0,293727.22706199996,300020.208566,300020.20849799993,3158.107457873684,0.02462,293727.22706199996,30128.915798254555,87.07344799999998,66.94661174468085,20.25680746478029,0.31331222803053743,12,64,,False,False,Request timeout: 300.0s exceeded,577,21.16838264042747
300,2026-09-14T02:26:20.594+00:00,2026-09-14T02:31:14.566+00:00,2026-09-14T02:31:20.611+00:00,False,93,92.0,,92.0,293971.237782,300016.10127,300016.101181,3225.9795825913975,0.01923,293971.237782,30476.590473893928,88.521499,65.70503791304348,19.93171522780835,0.3066502084739927,12,64,,False,False,Request timeout: 300.0s exceeded,500,21.16838264042747
301,2026-09-14T02:26:24.309+00:00,2026-09-14T02:31:18.132+00:00,2026-09-14T02:31:24.336+00:00,False,98,97.0,,97.0,293823.52036699996,300027.54084699997,300027.540741,3061.5055177653057,0.0,293823.52036699996,29674.274786191778,90.5958395,63.958974020618555,68.36666948254374,0.32330365314518067,12,64,,False,False,Request timeout: 300.0s exceeded,409,21.16838264042747
302,2026-09-14T02:26:28.852+00:00,2026-09-14T02:31:23.065+00:00,2026-09-14T02:31:28.864+00:00,False,82,81.0,,81.0,294212.373953,300012.210625,300012.210479,3658.6854936463415,0.01667,294212.373953,32482.42008675981,88.9230766,71.6029218765432,19.63420772127186,0.2699890108847799,12,64,,False,False,Request timeout: 300.0s exceeded,295,21.16838264042747
303,2026-09-14T02:26:32.828+00:00,2026-09-14T02:31:26.709+00:00,2026-09-14T02:31:32.862+00:00,False,91,90.0,,90.0,293881.354156,300033.73278,300033.73292800004,3297.0739882197804,0.01716,293881.354156,30799.976857586324,88.13234899999999,68.35976248888889,19.608291113296605,0.299966271012575,12,64,,False,False,Request timeout: 300.0s exceeded,441,21.16838264042747
304,2026-09-14T02:26:37.216+00:00,2026-09-14T02:31:30.872+00:00,2026-09-14T02:31:37.242+00:00,False,93,92.0,,92.0,293655.32861799997,300025.667178,300025.66714,3226.0824423655913,0.0251,293655.32861799997,30443.465174539648,88.766263,69.24281043478261,19.61717247158121,0.306640431351555,12,64,,False,False,Request timeout: 300.0s exceeded,420,21.16838264042747
305,2026-09-14T02:26:42.645+00:00,2026-09-14T02:31:36.465+00:00,2026-09-14T02:31:42.669+00:00,False,93,92.0,,92.0,293820.26736500004,300024.21974900004,300024.219638,3226.0668778279573,0.03469,293820.26736500004,30460.75670577923,90.966462,67.43426504347826,20.606274931724876,0.3066419106996332,12,64,,False,False,Request timeout: 300.0s exceeded,472,21.16838264042747
306,2026-09-14T02:26:46.628+00:00,2026-09-14T02:31:40.253+00:00,2026-09-14T02:31:46.684+00:00,False,100,99.0,,99.0,293624.79090100003,300056.00088500004,300056.000857,3000.5600085700003,0.04536,293624.79090100003,29355.990213444657,88.0950605,64.96171701010101,20.800833264298102,0.3299384105233839,12,64,,False,False,Request timeout: 300.0s exceeded,464,21.16838264042747
307,2026-09-14T02:26:51.592+00:00,2026-09-14T02:31:44.952+00:00,2026-09-14T02:31:51.635+00:00,False,100,99.0,,99.0,293360.238717,300043.079805,300043.079889,3000.43079889,0.02093,293360.238717,29329.280334524152,89.44113045,67.50344533333333,20.08455523424355,0.3299526190183782,12,64,,False,False,Request timeout: 300.0s exceeded,524,21.16838264042747
308,2026-09-14T02:26:54.992+00:00,2026-09-14T02:31:48.607+00:00,2026-09-14T02:31:55.010+00:00,False,97,96.0,,96.0,293615.070612,300017.754772,300017.754796,3092.96654428866,0.11659,293615.070612,29805.328489264924,89.416963,66.69462666666666,20.097921273167042,0.31998106269729165,12,64,,False,False,Request timeout: 300.0s exceeded,371,21.16838264042747
309,2026-09-14T02:27:00.596+00:00,2026-09-14T02:31:54.245+00:00,2026-09-14T02:32:00.636+00:00,False,96,95.0,,95.0,293649.39020599995,300040.147326,300040.14722499996,3125.418200260416,0.01819,293649.39020599995,29963.606640252496,89.66183325,67.27112757894737,20.713301635180247,0.3166242946040834,12,64,,False,False,Request timeout: 300.0s exceeded,461,21.16838264042747
310,2026-09-14T02:27:04.865+00:00,2026-09-14T02:31:58.649+00:00,2026-09-14T02:32:05.573+00:00,False,68,67.0,,67.0,293783.942837,300707.889845,300707.88981100003,4422.174850161765,0.03397,293783.942837,35615.360488757135,89.9434,103.34249265671642,313.1885112405946,0.22280758923397445,12,64,,False,False,Request timeout: 300.0s exceeded,343,21.16838264042747
311,2026-09-14T02:27:08.435+00:00,2026-09-14T02:32:02.247+00:00,2026-09-14T02:32:08.497+00:00,False,106,105.0,,105.0,293811.296114,300061.916786,300061.916999,2830.7728018773587,0.015390000000000001,293811.296114,28532.877395003467,90.90016825000001,59.52972068571428,261.1365183025503,0.34992777865537844,12,64,,False,False,Request timeout: 300.0s exceeded,565,21.16838264042747
312,2026-09-14T02:27:13.060+00:00,2026-09-14T02:32:06.952+00:00,2026-09-14T02:32:13.108+00:00,False,94,93.0,,93.0,293891.392849,300047.882577,300047.882773,3191.998752904255,0.051609999999999996,293891.392849,30305.761505894192,87.27431815,66.19881427956989,20.29848217060973,0.3099505292330594,12,64,,False,False,Request timeout: 300.0s exceeded,489,21.16838264042747
313,2026-09-14T02:27:17.474+00:00,2026-09-14T02:32:11.370+00:00,2026-09-14T02:32:17.504+00:00,False,95,94.0,,94.0,293895.684335,300029.657327,300029.657176,3158.206917642105,0.0,293895.684335,30146.43544048103,88.2235384,65.25503182978723,65.06848789590029,0.31330236096477,12,64,,False,False,Request timeout: 300.0s exceeded,498,21.16838264042747
314,2026-09-14T02:27:22.569+00:00,2026-09-14T02:32:15.817+00:00,2026-09-14T02:32:22.623+00:00,False,103,102.0,,102.0,293248.022438,300054.359718,300054.35974,2913.1491236893207,0.0,293248.022438,28888.080109172875,88.39750399999998,66.7287968627451,63.38915747642539,0.3399384034808314,12,64,,False,False,Request timeout: 300.0s exceeded,429,21.16838264042747
315,2026-09-14T02:27:26.208+00:00,2026-09-14T02:32:19.606+00:00,2026-09-14T02:32:26.287+00:00,False,97,96.0,,96.0,293397.857945,300078.528409,300078.528392,3093.5930762061857,0.02666,293397.857945,29782.979418394927,90.181937,69.59031733333333,19.39957468927017,0.31991625828407905,12,64,,False,False,Request timeout: 300.0s exceeded,438,21.16838264042747
316,2026-09-14T02:27:30.900+00:00,2026-09-14T02:32:24.668+00:00,2026-09-14T02:32:30.937+00:00,False,89,88.0,,88.0,293767.876779,300037.261483,300037.261594,3371.205186449438,0.01802,293767.876779,31131.78726434203,90.842476,71.243008,19.99520790093297,0.2932969044079415,12,64,,False,False,Request timeout: 300.0s exceeded,374,21.16838264042747
317,2026-09-14T02:27:35.733+00:00,2026-09-14T02:32:29.564+00:00,2026-09-14T02:32:35.751+00:00,False,90,89.0,,89.0,293831.03608999995,300017.74994599994,300017.749874,3333.530554155555,0.02921,293831.03608999995,30965.189619159337,87.649221,69.51363883146067,19.849061899341827,0.2966491149807606,12,64,,False,False,Request timeout: 300.0s exceeded,409,21.16838264042747
318,2026-09-14T02:27:40.298+00:00,2026-09-14T02:32:34.017+00:00,2026-09-14T02:32:40.347+00:00,False,92,91.0,,91.0,293719.52242,300049.187444,300049.187215,3261.4042088586957,0.03625,293719.52242,30615.131390015726,89.31890865000001,69.5567585054945,19.474499718040203,0.3032836075151308,12,64,,False,False,Request timeout: 300.0s exceeded,196,21.16838264042747
319,2026-09-14T02:27:45.489+00:00,2026-09-14T02:32:39.130+00:00,2026-09-14T02:32:45.575+00:00,False,99,98.0,,98.0,293640.25279,300085.519222,300085.51913,3031.16685989899,0.04939,293640.25279,29505.353169737697,90.3344111,65.76802481632653,20.84934092354994,0.3265735722739113,12,64,,False,False,Request timeout: 300.0s exceeded,488,21.16838264042747
320,2026-09-14T02:27:49.023+00:00,2026-09-14T02:32:42.442+00:00,2026-09-14T02:32:49.081+00:00,False,98,97.0,,97.0,293419.20931199996,300058.12540799996,300058.125264,3061.8176047346933,0.02308,293419.20931199996,29632.908977551517,89.50546904999999,68.44243397938145,19.905329862549713,0.32327069919571605,12,64,,False,False,Request timeout: 300.0s exceeded,443,21.16838264042747
321,2026-09-14T02:27:52.197+00:00,2026-09-14T02:32:45.879+00:00,2026-09-14T02:32:52.207+00:00,False,90,89.0,,89.0,293681.809964,300010.16606,300010.165831,3333.446287011111,0.049280000000000004,293681.809964,30949.291605247865,89.2266884,71.10512467415731,19.13416247981782,0.29665661390354553,12,64,,False,False,Request timeout: 300.0s exceeded,413,21.16838264042747
322,2026-09-14T02:27:56.297+00:00,2026-09-14T02:32:49.863+00:00,2026-09-14T02:32:56.359+00:00,False,95,94.0,,94.0,293566.655256,300062.582808,300062.582779,3158.553502936842,0.04385,293566.655256,30112.219551600003,87.64001350000001,69.10561225531914,19.612677961135535,0.3132679826999538,12,64,,False,False,Request timeout: 300.0s exceeded,289,21.16838264042747
323,2026-09-14T02:27:59.418+00:00,2026-09-14T02:32:53.363+00:00,2026-09-14T02:32:59.505+00:00,False,90,89.0,,89.0,293944.79849400005,300086.16937400005,300086.16946500004,3334.290771833334,0.04959,293944.79849400005,30977.234715550763,87.832226,69.00416719101123,19.507906702506524,0.2965814791986581,12,64,,False,False,Request timeout: 300.0s exceeded,403,21.16838264042747
324,2026-09-14T02:28:04.064+00:00,2026-09-14T02:32:58.030+00:00,2026-09-14T02:33:04.111+00:00,False,90,89.0,,89.0,293965.669678,300046.69316599995,300046.693177,3333.852146411111,0.04245,293965.669678,30979.506895738457,89.81969145,68.32610660674158,20.587378518708107,0.2966204994992596,12,64,,False,False,Request timeout: 300.0s exceeded,431,21.16838264042747
325,2026-09-14T02:28:08.087+00:00,2026-09-14T02:33:01.898+00:00,2026-09-14T02:33:08.106+00:00,False,91,90.0,,90.0,293810.83944199997,300019.01838599995,300019.01859299996,3296.912292230769,0.045219999999999996,293810.83944199997,30792.520943303105,92.02446500000002,68.97976604444445,21.179232938305276,0.29998098281958696,12,64,,False,False,Request timeout: 300.0s exceeded,440,21.16838264042747
326,2026-09-14T02:28:11.909+00:00,2026-09-14T02:33:05.416+00:00,2026-09-14T02:33:11.932+00:00,False,103,102.0,,102.0,293506.134443,300022.57706700003,300022.57705300004,2912.8405539126215,0.0,293506.134443,28913.80057934727,89.97829599999999,63.88669239215686,66.95514393550367,0.33997441458287886,12,64,,False,False,Request timeout: 300.0s exceeded,495,21.16838264042747
327,2026-09-14T02:28:17.160+00:00,2026-09-14T02:33:10.289+00:00,2026-09-14T02:33:17.169+00:00,False,121,120.0,,120.0,293128.964736,300008.702592,300008.702459,2479.410764123967,0.0,293128.964736,26642.94665827133,88.374024,57.331148799999994,61.713085343015344,0.3999883968805907,12,64,,False,False,Request timeout: 300.0s exceeded,619,21.16838264042747
328,2026-09-14T02:28:22.367+00:00,2026-09-14T02:33:16.035+00:00,2026-09-14T02:33:22.437+00:00,False,96,95.0,,95.0,293667.930054,300070.155974,300070.156095,3125.73079265625,0.05632,293667.930054,29965.48629620783,88.12013425,67.39185178947368,20.36340733568043,0.3165926304521647,12,64,,False,False,Request timeout: 300.0s exceeded,434,21.16838264042747
329,2026-09-14T02:28:26.389+00:00,2026-09-14T02:33:20.269+00:00,2026-09-14T02:33:26.411+00:00,False,89,88.0,,88.0,293880.818068,300021.99643600004,300021.9965,3371.0336685393263,0.01891,293880.818068,31143.913399439527,89.28602,69.78611781818181,19.923825780016713,0.29331182728387695,12,64,,False,False,Request timeout: 300.0s exceeded,387,21.16838264042747
330,2026-09-14T02:28:30.472+00:00,2026-09-14T02:33:24.201+00:00,2026-09-14T02:33:30.529+00:00,False,97,96.0,,96.0,293728.72910299996,300057.53755099996,300057.53742899996,3093.3766745257726,0.04197,293728.72910299996,29816.94700912662,88.9566906,65.925088,20.27140696026544,0.31993863838092435,12,64,,False,False,Request timeout: 300.0s exceeded,357,21.16838264042747
331,2026-09-14T02:28:34.251+00:00,2026-09-14T02:33:27.627+00:00,2026-09-14T02:33:34.298+00:00,False,104,103.0,,103.0,293376.214061,300047.140653,300047.140625,2885.068659855769,0.01902,293376.214061,28761.56024723021,87.266648,64.76627759223301,19.4036315056103,0.34327939195100665,12,64,,False,False,Request timeout: 300.0s exceeded,499,21.16838264042747
332,2026-09-14T02:28:39.763+00:00,2026-09-14T02:33:33.575+00:00,2026-09-14T02:33:39.831+00:00,False,98,97.0,,97.0,293811.767397,300067.573349,300067.573215,3061.914012397959,0.02197,293811.767397,29672.9623151068,87.7279592,64.49284486597938,19.939793663865718,0.32326052068006056,12,64,,False,False,Request timeout: 300.0s exceeded,348,21.16838264042747
333,2026-09-14T02:28:45.421+00:00,2026-09-14T02:33:39.203+00:00,2026-09-14T02:33:45.469+00:00,False,94,93.0,,93.0,293782.50600199995,300048.20865799993,300048.20875099994,3192.002220755319,0.02414,293782.50600199995,30294.40972748992,89.17241750000001,67.37314683870969,20.54269033016915,0.30995019239059346,12,64,,False,False,Request timeout: 300.0s exceeded,443,21.16838264042747
334,2026-09-14T02:28:48.687+00:00,2026-09-14T02:33:42.614+00:00,2026-09-14T02:33:48.720+00:00,False,93,92.0,,92.0,293926.98037,300033.106194,300033.106305,3226.162433387097,0.01995,293926.98037,30471.93218003272,87.05364,66.37093286956522,19.986199485161748,0.30663282851364154,12,64,,False,False,Request timeout: 300.0s exceeded,441,21.16838264042747
335,2026-09-14T02:28:51.752+00:00,2026-09-14T02:33:45.849+00:00,2026-09-14T02:33:51.781+00:00,False,92,91.0,,91.0,294097.25693300006,300029.48528500006,300029.48535500007,3261.1900582065223,0.03565,294097.25693300006,30654.968777136695,86.8811196,65.18932254945055,20.275200844732336,0.303303523363907,12,64,,False,False,Request timeout: 300.0s exceeded,424,21.16838264042747
336,2026-09-14T02:28:56.017+00:00,2026-09-14T02:33:49.752+00:00,2026-09-14T02:33:56.053+00:00,False,97,96.0,,96.0,293735.15252999996,300036.28302599996,300036.283044,3093.1575571546387,0.04416,293735.15252999996,29817.628272239697,88.24001980000001,65.636776,19.95617748193881,0.31996130278577345,12,64,,False,False,Request timeout: 300.0s exceeded,548,21.16838264042747
337,2026-09-14T02:29:01.437+00:00,2026-09-14T02:33:55.104+00:00,2026-09-14T02:34:01.459+00:00,False,95,94.0,,94.0,293667.303228,300022.5831,300022.583028,3158.1324529263156,0.03551,293667.303228,30122.699290526754,88.59488599999999,67.60936034042554,19.557991705600223,0.3133097483154094,12,64,,False,False,Request timeout: 300.0s exceeded,454,21.16838264042747
338,2026-09-14T02:29:05.891+00:00,2026-09-14T02:33:59.363+00:00,2026-09-14T02:34:05.909+00:00,False,101,100.0,,100.0,293471.636495,300017.467151,300017.467192,2970.4699721980196,0.0,293471.636495,29195.081198847707,88.14766600000002,65.45830656,66.63574771193029,0.333313926517717,12,64,,False,False,Request timeout: 300.0s exceeded,373,21.16838264042747
339,2026-09-14T02:29:11.288+00:00,2026-09-14T02:34:05.069+00:00,2026-09-14T02:34:11.360+00:00,False,94,93.0,,93.0,293781.803356,300072.135516,300072.135752,3192.256763319149,0.0,293781.803356,30294.37894220723,90.21963464999999,67.63798021505377,68.1779598028966,0.3099254778857705,12,64,,False,False,Request timeout: 300.0s exceeded,422,21.16838264042747
340,2026-09-14T02:29:16.615+00:00,2026-09-14T02:34:10.358+00:00,2026-09-14T02:34:16.664+00:00,False,91,90.0,,90.0,293743.69908999995,300049.29294599994,300049.292874,3297.244976637362,0.04192,293743.69908999995,30785.36882544344,90.896118,70.06215395555556,20.53218191054758,0.29995071515198457,12,64,,False,False,Request timeout: 300.0s exceeded,382,21.16838264042747
341,2026-09-14T02:29:20.870+00:00,2026-09-14T02:34:14.886+00:00,2026-09-14T02:34:20.906+00:00,False,88,87.0,,87.0,294015.614179,300035.71325100004,300035.71316600003,3409.4967405227276,0.03487,294015.614179,31334.79961115998,88.622916,69.19654105747126,19.8352159431178,0.2899654812999499,12,64,,False,False,Request timeout: 300.0s exceeded,295,21.16838264042747
342,2026-09-14T02:29:24.394+00:00,2026-09-14T02:34:18.064+00:00,2026-09-14T02:34:24.410+00:00,False,92,91.0,,91.0,293670.55751,300016.51719000004,300016.51721,3261.0491001086957,0.038079999999999996,293670.55751,30610.007926064984,89.64729650000001,69.73582065934066,19.70921031859411,0.30331663353844557,12,64,,False,False,Request timeout: 300.0s exceeded,415,21.16838264042747
343,2026-09-14T02:29:29.444+00:00,2026-09-14T02:34:23.043+00:00,2026-09-14T02:34:29.497+00:00,False,93,92.0,,92.0,293599.912374,300053.25048600003,300053.250437,3226.3790369569892,0.02068,293599.912374,30437.625453467055,88.760147,70.14497947826088,19.96712693008363,0.3066122424969116,12,64,,False,False,Request timeout: 300.0s exceeded,384,21.16838264042747
344,2026-09-14T02:29:33.857+00:00,2026-09-14T02:34:27.283+00:00,2026-09-14T02:34:33.878+00:00,False,99,98.0,,98.0,293426.131385,300021.01471300004,300021.014739,3030.5153003939395,0.0345,293426.131385,29483.67880745685,87.3225639,67.2947278367347,19.494967087141685,0.3266437855819758,12,64,,False,False,Request timeout: 300.0s exceeded,380,21.16838264042747
345,2026-09-14T02:29:36.905+00:00,2026-09-14T02:34:30.702+00:00,2026-09-14T02:34:36.955+00:00,False,92,91.0,,91.0,293796.460506,300049.95170599996,300049.951731,3261.412518815217,0.02048,293796.460506,30623.240419800404,89.34690504999999,68.71968351648351,20.116797924816396,0.3032828350166347,12,64,,False,False,Request timeout: 300.0s exceeded,355,21.16838264042747
346,2026-09-14T02:29:41.150+00:00,2026-09-14T02:34:35.077+00:00,2026-09-14T02:34:41.157+00:00,False,87,86.0,,86.0,293927.144635,300006.775995,300006.775867,3448.3537455977007,0.01841,293927.144635,31504.72447040195,88.8998636,70.69338790697674,19.537746334841724,0.28666019197324166,12,64,,False,False,Request timeout: 300.0s exceeded,462,21.16838264042747
347,2026-09-14T02:29:45.423+00:00,2026-09-14T02:34:39.516+00:00,2026-09-14T02:34:45.444+00:00,False,87,86.0,,86.0,294093.354238,300021.53267,300021.532609,3448.523363321839,0.0315,294093.354238,31522.73275830646,87.0784323,68.93230734883721,19.445920055056252,0.2866460924809461,12,64,,False,False,Request timeout: 300.0s exceeded,389,21.16838264042747
348,2026-09-14T02:29:48.998+00:00,2026-09-14T02:34:43.146+00:00,2026-09-14T02:34:49.058+00:00,False,92,91.0,,91.0,294147.064838,300059.85946199996,300059.85943199997,3261.520211217391,0.03646,294147.064838,30660.183706908014,87.4328135,64.9757650989011,20.01795284991669,0.30327282084035095,12,64,,False,False,Request timeout: 300.0s exceeded,352,21.16838264042747
349,2026-09-14T02:29:52.259+00:00,2026-09-14T02:34:45.943+00:00,2026-09-14T02:34:52.272+00:00,False,99,98.0,,98.0,293683.736409,300012.425817,300012.425694,3030.4285423636366,0.022,293683.736409,29509.842091109764,86.18168200000002,64.57846334693878,19.51827891671206,0.32665313689299497,12,64,,True,False,Request timeout: 300.0s exceeded,508,21.16838264042747
350,2026-09-14T02:29:55.818+00:00,2026-09-14T02:34:49.300+00:00,2026-09-14T02:34:55.908+00:00,False,99,98.0,,98.0,293482.051668,300090.28642,300090.286424,3031.2150143838385,0.035049,293482.051668,29489.285403529422,89.3470069,67.43096685714285,19.631872560128265,0.3265683843656348,12,64,,True,False,Request timeout: 300.0s exceeded,430,21.16838264042747
351,2026-09-14T02:30:01.255+00:00,2026-09-14T02:34:54.916+00:00,2026-09-14T02:35:01.308+00:00,False,99,98.0,,98.0,293661.12828500004,300053.40425300004,300053.404127,3030.842465929293,0.025129000000000002,293661.12828500004,29507.50487091842,87.3113148,65.22730579591837,19.809942811218345,0.32660852571886845,12,64,,True,False,Request timeout: 300.0s exceeded,471,21.16838264042747
352,2026-09-14T02:30:06.406+00:00,2026-09-14T02:34:59.519+00:00,2026-09-14T02:35:06.428+00:00,False,103,102.0,,102.0,293113.301436,300022.025148,300022.02512899996,2912.8351954271843,0.020059999999999998,293113.301436,28874.64463182205,87.80038610000001,67.73258541176472,19.840062160606085,0.3399750399980924,12,64,,True,False,Request timeout: 300.0s exceeded,422,21.16838264042747
353,2026-09-14T02:30:11.086+00:00,2026-09-14T02:35:04.769+00:00,2026-09-14T02:35:11.155+00:00,False,95,94.0,,94.0,293682.55853,300068.543042,300068.543136,3158.616243536842,0.02032,293682.55853,30124.231510421007,89.1306703,67.93600544680852,20.429873547119023,0.3132617602866923,12,64,,True,False,Request timeout: 300.0s exceeded,461,21.16838264042747
354,2026-09-14T02:30:16.089+00:00,2026-09-14T02:35:09.785+00:00,2026-09-14T02:35:16.123+00:00,False,95,94.0,,94.0,293695.998887,300034.43651900004,300034.43653300003,3158.2572266631582,0.025070000000000002,293695.998887,30125.662493541397,90.79912700000001,67.43018757446809,20.631575123450215,0.31329737043050165,12,64,,True,False,Request timeout: 300.0s exceeded,458,21.16838264042747
355,2026-09-14T02:30:20.628+00:00,2026-09-14T02:35:14.378+00:00,2026-09-14T02:35:20.644+00:00,False,90,89.0,,89.0,293749.578238,300015.32083,300015.320848,3333.503564977778,0.03658,293749.578238,30956.509603616,89.37145650000001,70.40160215730337,19.83938328039116,0.2966515168418041,12,64,,True,False,Request timeout: 300.0s exceeded,426,21.16838264042747
356,2026-09-14T02:30:25.817+00:00,2026-09-14T02:35:19.809+00:00,2026-09-14T02:35:25.881+00:00,False,85,84.0,,84.0,293991.953263,300063.580271,300063.580203,3530.159767094118,0.02174,293991.953263,31880.07113475657,87.35314519999999,72.28127390476192,20.686092345241253,0.2799406709875823,12,64,,True,False,Request timeout: 300.0s exceeded,409,21.16838264042747
357,2026-09-14T02:30:31.387+00:00,2026-09-14T02:35:25.307+00:00,2026-09-14T02:35:31.406+00:00,False,87,86.0,,86.0,293920.61821,300019.394018,300019.394062,3448.498782321839,0.02648,293920.61821,31504.001961547696,88.45054259999999,70.91599776744185,21.20223083075521,0.2866481358029819,12,64,,True,False,Request timeout: 300.0s exceeded,330,21.16838264042747
358,2026-09-14T02:30:35.270+00:00,2026-09-14T02:35:29.399+00:00,2026-09-14T02:35:35.336+00:00,False,85,84.0,,84.0,294128.79693400004,300065.92359,300065.923567,3530.1873360823533,0.035509,294128.79693400004,31895.086626890785,88.404388,70.68007923809525,19.131643664265162,0.2799384848336687,12,64,,True,False,Request timeout: 300.0s exceeded,439,21.16838264042747
359,2026-09-14T02:30:40.221+00:00,2026-09-14T02:35:33.712+00:00,2026-09-14T02:35:40.292+00:00,False,96,95.0,,95.0,293490.99986599997,300070.850362,300070.850413,3125.738025135416,0.02164,293490.99986599997,29947.2370221031,88.05037625000001,69.26158416842107,19.470017220616647,0.31659189783144126,12,64,,True,False,Request timeout: 300.0s exceeded,504,21.16838264042747
360,2026-09-14T02:30:44.126+00:00,2026-09-14T02:35:37.838+00:00,2026-09-14T02:35:44.177+00:00,False,93,92.0,,92.0,293712.673542,300051.435014,300051.434988,3226.359516,0.02579,293712.673542,30449.4476871689,90.65268099999999,68.8995812173913,20.433521052010775,0.3066140976653133,12,64,,True,False,Request timeout: 300.0s exceeded,401,21.16838264042747
361,2026-09-14T02:30:49.475+00:00,2026-09-14T02:35:43.095+00:00,2026-09-14T02:35:49.493+00:00,False,93,92.0,,92.0,293619.70736299996,300017.368035,300017.36810499994,3225.993205430107,0.024390000000000002,293619.70736299996,30439.741402863398,89.569035,69.53978991304348,20.797576196829947,0.30664891370311365,12,64,,True,False,Request timeout: 300.0s exceeded,328,21.16838264042747
362,2026-09-14T02:30:52.976+00:00,2026-09-14T02:35:46.273+00:00,2026-09-14T02:35:53.022+00:00,False,99,98.0,,98.0,293297.398058,300046.208042,300046.207929,3030.7697770606064,0.02588,293297.398058,29470.58318915303,90.38635099999999,68.865408,20.132413022546192,0.32661635899188607,12,64,,True,False,Request timeout: 300.0s exceeded,387,21.16838264042747
363,2026-09-14T02:30:56.455+00:00,2026-09-14T02:35:50.434+00:00,2026-09-14T02:35:56.483+00:00,False,88,87.0,,87.0,293979.33600300003,300028.47289900004,300028.47280000005,3409.414463636364,0.02112,293979.33600300003,31330.89589896691,86.46312285,69.53030914942528,18.39835092287482,0.2899724788096602,12,64,,True,False,Request timeout: 300.0s exceeded,348,21.16838264042747
364,2026-09-14T02:31:01.660+00:00,2026-09-14T02:35:55.121+00:00,2026-09-14T02:36:01.681+00:00,False,96,95.0,,95.0,293460.728513,300020.604865,300020.604834,3125.2146336875003,0.03617,293460.728513,29944.16893547484,88.23888025000001,69.05133002105264,19.48662957549587,0.3166449185806657,12,64,,True,False,Request timeout: 300.0s exceeded,370,21.16838264042747
365,2026-09-14T02:31:05.515+00:00,2026-09-14T02:35:59.529+00:00,2026-09-14T02:36:05.561+00:00,False,87,86.0,,86.0,294014.75116000004,300046.36178400007,300046.36166600004,3448.80875478161,0.03688,294014.75116000004,31514.17734549422,89.3292157,70.13500725581396,20.504192054304664,0.28662237225162696,12,64,,True,False,Request timeout: 300.0s exceeded,428,21.16838264042747
366,2026-09-14T02:31:09.623+00:00,2026-09-14T02:36:03.528+00:00,2026-09-14T02:36:09.691+00:00,False,88,87.0,,87.0,293904.679088,300067.495344,300067.49534599995,3409.8579016590907,0.03694,293904.679088,31322.799075194434,89.451931,70.83696845977012,19.918629563350226,0.28993476917672284,12,64,,True,False,Request timeout: 300.0s exceeded,427,21.16838264042747
367,2026-09-14T02:31:15.267+00:00,2026-09-14T02:36:09.017+00:00,2026-09-14T02:36:15.350+00:00,False,93,92.0,,92.0,293749.99348299997,300082.48705099995,300082.486881,3226.6934073225802,0.03472,293749.99348299997,30453.323669489295,86.8117892,68.83145182608695,18.900480849236477,0.30658236974810305,12,64,,True,False,Request timeout: 300.0s exceeded,378,21.16838264042747
368,2026-09-14T02:31:19.171+00:00,2026-09-14T02:36:13.168+00:00,2026-09-14T02:36:19.242+00:00,False,87,86.0,,86.0,293997.104456,300070.75847199996,300070.75843999995,3449.089177471264,0.03665,293997.104456,31512.23165176729,87.33180699999998,70.62388390697674,18.27498130101501,0.28659906895934606,12,64,,True,False,Request timeout: 300.0s exceeded,458,21.16838264042747
369,2026-09-14T02:31:24.120+00:00,2026-09-14T02:36:17.877+00:00,2026-09-14T02:36:24.151+00:00,False,95,94.0,,94.0,293757.12518599996,300030.79865799996,300030.79861899995,3158.2189328315785,0.02524,293757.12518599996,30132.004144165425,88.44625099999999,66.74120714893617,19.938216945721464,0.3133011691481347,12,64,,True,False,Request timeout: 300.0s exceeded,449,21.16838264042747
370,2026-09-14T02:31:28.525+00:00,2026-09-14T02:36:22.331+00:00,2026-09-14T02:36:28.614+00:00,False,94,93.0,,93.0,293805.78166900005,300088.58538100007,300088.58546300005,3192.4317602446813,0.03383,293805.78166900005,30296.791718721528,89.67613665,67.55702916129032,20.92093359611409,0.30990848879481653,12,64,,True,False,Request timeout: 300.0s exceeded,352,21.16838264042747
371,2026-09-14T02:31:31.894+00:00,2026-09-14T02:36:25.624+00:00,2026-09-14T02:36:31.916+00:00,False,87,86.0,,86.0,293730.55960000004,300022.003824,300022.00368900003,3448.5287780344834,0.03211,293730.55960000004,31483.38333778089,88.0609433,73.15632818604651,17.91540725199087,0.2866456423324525,12,64,,True,False,Request timeout: 300.0s exceeded,409,21.16838264042747
372,2026-09-14T02:31:36.666+00:00,2026-09-14T02:36:30.402+00:00,2026-09-14T02:36:36.750+00:00,False,93,92.0,,92.0,293735.89995700005,300084.08581300004,300084.08583500003,3226.7106003763447,0.02551,293735.89995700005,30451.84554713423,88.2369542,69.00202017391305,20.457534925722292,0.30658073636510863,12,64,,True,False,Request timeout: 300.0s exceeded,443,21.16838264042747
373,2026-09-14T02:31:42.072+00:00,2026-09-14T02:36:35.560+00:00,2026-09-14T02:36:42.098+00:00,False,98,97.0,,97.0,293488.15993699996,300025.92556899996,300025.92561299994,3061.4890368673464,0.03638,293488.15993699996,29639.979513623155,88.49806290000001,67.39964569072164,20.107995398310063,0.32330539374568795,12,64,,True,False,Request timeout: 300.0s exceeded,428,21.16838264042747
374,2026-09-14T02:31:47.685+00:00,2026-09-14T02:36:41.476+00:00,2026-09-14T02:36:47.733+00:00,False,91,90.0,,90.0,293790.850822,300048.29799,300048.29809,3297.234044945055,0.02472,293790.850822,30790.36815093794,90.8599985,69.52719075555555,21.13426231320397,0.29995170978440117,12,64,,True,False,Request timeout: 300.0s exceeded,312,21.16838264042747
375,2026-09-14T02:31:52.454+00:00,2026-09-14T02:36:45.983+00:00,2026-09-14T02:36:52.533+00:00,False,98,97.0,,97.0,293528.723661,300078.970829,300078.971001,3062.030316336735,0.03542,293528.723661,29644.06440669787,89.2424565,67.52832131958763,20.604513495023127,0.32324824272766334,12,64,,True,False,Request timeout: 300.0s exceeded,377,21.16838264042747
376,2026-09-14T02:31:57.334+00:00,2026-09-14T02:36:51.220+00:00,2026-09-14T02:36:57.341+00:00,False,88,87.0,,87.0,293885.703394,300007.301858,300007.30197900004,3409.173886125,0.02325,293885.703394,31320.826641416556,88.68011020000002,70.36320073563218,19.723522087844035,0.28999294170906215,12,64,,True,False,Request timeout: 300.0s exceeded,463,21.16838264042747
377,2026-09-14T02:32:02.175+00:00,2026-09-14T02:36:55.690+00:00,2026-09-14T02:37:02.232+00:00,False,93,92.0,,92.0,293514.710493,300056.407517,300056.40752,3226.4129840860214,0.026539999999999998,293514.710493,30428.690660846427,89.09253220000001,71.1054024347826,19.688239991136587,0.3066090164889668,12,64,,True,False,Request timeout: 300.0s exceeded,298,21.16838264042747
378,2026-09-14T02:32:06.717+00:00,2026-09-14T02:37:00.593+00:00,2026-09-14T02:37:06.735+00:00,False,100,99.0,,99.0,293876.075205,300018.478533,300018.478434,3000.18478434,0.0269,293876.075205,29381.409812457292,89.18960944999999,62.04447806060606,20.00206401816345,0.3299796748656289,12,64,,True,False,Request timeout: 300.0s exceeded,395,21.16838264042747
379,2026-09-14T02:32:10.525+00:00,2026-09-14T02:37:04.044+00:00,2026-09-14T02:37:10.592+00:00,False,108,107.0,,107.0,293519.463191,300066.980119,300066.980145,2778.3979643055554,0.0,293519.463191,28238.049244626174,89.16048340000002,61.19174699065421,28.159089307962837,0.35658705252262723,12,64,,True,False,Request timeout: 300.0s exceeded,371,21.16838264042747
380,2026-09-14T02:32:14.111+00:00,2026-09-14T02:37:07.932+00:00,2026-09-14T02:37:14.132+00:00,False,93,92.0,,92.0,293821.476527,300021.000623,300021.000695,3226.0322655376344,0.03246,293821.476527,30460.887268781236,89.09469959999998,67.38613147826088,20.884988909060972,0.30664520086580616,12,64,,True,False,Request timeout: 300.0s exceeded,419,21.16838264042747
381,2026-09-14T02:32:18.880+00:00,2026-09-14T02:37:12.874+00:00,2026-09-14T02:37:18.928+00:00,False,95,94.0,,94.0,293994.174277,300047.886405,300047.88653300004,3158.3988056105263,0.036270000000000004,293994.174277,30156.565625264564,89.25106,64.40119285106383,20.95579901301931,0.3132833266258048,12,64,,True,False,Request timeout: 300.0s exceeded,419,21.16838264042747
382,2026-09-14T02:32:23.229+00:00,2026-09-14T02:37:16.994+00:00,2026-09-14T02:37:23.258+00:00,False,97,96.0,,96.0,293765.218673,300029.046385,300029.046357,3093.0829521340206,0.02011,293765.218673,29820.720920586635,87.7170408,65.24820533333333,20.61178756892303,0.3199690201888384,12,64,,True,False,Request timeout: 300.0s exceeded,410,21.16838264042747
383,2026-09-14T02:32:26.512+00:00,2026-09-14T02:37:20.032+00:00,2026-09-14T02:37:26.571+00:00,False,100,99.0,,99.0,293520.687003,300059.069083,300059.068937,3000.59068937,0.02305,293520.687003,29345.47129050905,89.81017700000001,66.04426343434343,20.39611648420016,0.32993503679975555,12,64,,True,False,Request timeout: 300.0s exceeded,213,21.16838264042747
384,2026-09-14T02:32:29.851+00:00,2026-09-14T02:37:23.693+00:00,2026-09-14T02:37:29.857+00:00,False,90,89.0,,89.0,293841.41130000004,300005.647844,300005.64779400005,3333.3960866,0.03084,293841.41130000004,30966.310184014466,88.59505744999998,69.26108476404494,20.317520444421906,0.29666108168163263,12,64,,True,False,Request timeout: 300.0s exceeded,457,21.16838264042747
385,2026-09-14T02:32:34.264+00:00,2026-09-14T02:37:27.852+00:00,2026-09-14T02:37:34.344+00:00,False,94,93.0,,93.0,293587.379868,300079.122332,300079.122362,3192.331088957447,0.02117,293587.379868,30274.032290407544,88.25468535,69.80368240860214,18.950855889862044,0.3099182618146528,12,64,,True,False,Request timeout: 300.0s exceeded,422,21.16838264042747
386,2026-09-14T02:32:37.382+00:00,2026-09-14T02:37:31.008+00:00,2026-09-14T02:37:37.409+00:00,False,94,93.0,,93.0,293625.945757,300026.64028500003,300026.640195,3191.772768031915,0.023379999999999998,293625.945757,30278.110730560962,86.14949365000001,68.82467234408603,18.45317464989502,0.3099724741498216,12,64,,True,False,Request timeout: 300.0s exceeded,438,21.16838264042747
387,2026-09-14T02:32:40.654+00:00,2026-09-14T02:37:34.472+00:00,2026-09-14T02:37:40.719+00:00,False,94,93.0,,93.0,293818.038873,300065.053785,300065.053764,3192.1814230212767,0.04709000000000001,293818.038873,30298.095106997174,88.4735448,67.17220335483871,20.11889804875909,0.3099327923292112,12,64,,True,False,Request timeout: 300.0s exceeded,317,21.16838264042747
388,2026-09-14T02:32:45.954+00:00,2026-09-14T02:37:39.880+00:00,2026-09-14T02:37:45.985+00:00,False,86,85.0,,85.0,293926.21122899995,300031.9604769999,300031.96046199993,3488.743726302325,0.02723,293926.21122899995,31687.137822479897,88.29126824999999,71.83234409411764,18.312565638902786,0.2833031516537919,12,64,,True,False,Request timeout: 300.0s exceeded,228,21.16838264042747
389,2026-09-14T02:32:49.359+00:00,2026-09-14T02:37:43.114+00:00,2026-09-14T02:37:49.415+00:00,False,93,92.0,,92.0,293755.371247,300056.055023,300056.054868,3226.4091921290324,0.268089,293755.371247,30453.917331482964,86.786861,68.4856932173913,19.16010627091442,0.3066093766811271,12,64,,True,False,Request timeout: 300.0s exceeded,425,21.16838264042747
390,2026-09-14T02:32:53.765+00:00,2026-09-14T02:37:47.207+00:00,2026-09-14T02:37:53.825+00:00,False,100,99.0,,99.0,293441.365207,300059.303383,300059.303449,3000.59303449,0.02237,293441.365207,29337.45850365762,88.53680949999998,66.84786036363637,20.030641649368583,0.3299347791714192,12,64,,True,False,Request timeout: 300.0s exceeded,294,21.16838264042747
391,2026-09-14T02:32:58.978+00:00,2026-09-14T02:37:52.341+00:00,2026-09-14T02:37:59.010+00:00,False,95,94.0,,94.0,293363.609338,300032.007162,300032.007173,3158.2316544526316,0.024480000000000002,293363.609338,30091.19965624609,90.005986,70.94040238297872,20.24963874362673,0.31329990719705253,12,64,,True,False,Request timeout: 300.0s exceeded,406,21.16838264042747
392,2026-09-14T02:33:02.421+00:00,2026-09-14T02:37:56.177+00:00,2026-09-14T02:38:02.466+00:00,False,92,91.0,,91.0,293755.20045,300044.186306,300044.186286,3261.349850934783,0.03364,293755.20045,30618.89844003648,91.33529305,69.10973468131868,20.638058837710773,0.30328866264781973,12,64,,True,False,Request timeout: 300.0s exceeded,393,21.16838264042747
393,2026-09-14T02:33:07.437+00:00,2026-09-14T02:38:01.207+00:00,2026-09-14T02:38:07.470+00:00,False,92,91.0,,91.0,293769.449307,300033.317979,300033.317995,3261.231717336956,0.02041,293769.449307,30620.412334594374,88.7533261,68.83372167032968,19.986557978013906,0.30329964889555794,12,64,,True,False,Request timeout: 300.0s exceeded,425,21.16838264042747
394,2026-09-14T02:33:12.470+00:00,2026-09-14T02:38:06.089+00:00,2026-09-14T02:38:12.775+00:00,False,55,54.0,,54.0,293619.19181,300304.954882,300304.954669,5460.090084890909,0.02366,293619.19181,39576.92733411208,91.5961002,123.81042725925926,403.43124459136095,0.1798172128768852,12,64,,True,False,Request timeout: 300.0s exceeded,240,21.16838264042747
395,2026-09-14T02:33:15.840+00:00,2026-09-14T02:38:09.195+00:00,2026-09-14T02:38:15.880+00:00,False,111,110.0,,110.0,293355.066625,300039.42041699996,300039.42040899995,2703.0578415225223,0.016319,293355.066625,27839.6837777077,89.011087,60.76685265454546,282.5476855153042,0.36661849248715417,12,64,,True,False,Request timeout: 300.0s exceeded,517,21.16838264042747
396,2026-09-14T02:33:21.003+00:00,2026-09-14T02:38:14.315+00:00,2026-09-14T02:38:21.020+00:00,False,102,101.0,,101.0,293312.16965399997,300017.08280599996,300017.082863,2941.343949637255,0.02895,293312.16965399997,29035.665750682852,88.15308905000002,66.38527873267327,19.46815581190128,0.3366474970537249,12,64,,True,False,Request timeout: 300.0s exceeded,479,21.16838264042747
397,2026-09-14T02:33:26.004+00:00,2026-09-14T02:38:19.468+00:00,2026-09-14T02:38:26.035+00:00,False,99,98.0,,98.0,293464.2786,300031.26484,300031.26491900004,3030.6188375656566,0.055869,293464.2786,29487.541634442678,88.3011589,67.01006367346939,19.91631473218398,0.3266326262773355,12,64,,True,False,Request timeout: 300.0s exceeded,522,21.16838264042747
398,2026-09-14T02:33:29.817+00:00,2026-09-14T02:38:23.655+00:00,2026-09-14T02:38:29.903+00:00,False,95,94.0,,94.0,293838.121309,300086.127965,300086.127933,3158.801346663158,0.02172,293838.121309,30140.34237144099,87.9138983,66.46815591489361,20.223035116830488,0.3132434032770869,12,64,,True,False,Request timeout: 300.0s exceeded,458,21.16838264042747
399,2026-09-14T02:33:33.354+00:00,2026-09-14T02:38:27.079+00:00,2026-09-14T02:38:33.426+00:00,False,97,96.0,,96.0,293724.82566699997,300072.092227,300072.09234,3093.526725154639,0.03766,293724.82566699997,29816.53122987126,88.35399579999999,66.11736,20.38558234472101,0.3199231200993442,12,64,,True,False,Request timeout: 300.0s exceeded,422,21.16838264042747
400,2026-09-14T02:33:36.725+00:00,2026-09-14T02:38:30.242+00:00,2026-09-14T02:38:36.783+00:00,False,96,95.0,,95.0,293517.094204,300057.570108,300057.57008900004,3125.5996884270835,0.0222,293517.094204,29949.943183339314,89.84384525000002,68.84711477894737,20.408039170538814,0.31660590987858284,12,64,,True,False,Request timeout: 300.0s exceeded,469,21.16838264042747
401,2026-09-14T02:33:40.335+00:00,2026-09-14T02:38:34.379+00:00,2026-09-14T02:38:40.409+00:00,False,87,86.0,,86.0,294044.3487,300074.181404,300074.181552,3449.1285235862065,0.0222,294044.3487,31517.35227696334,87.97785470000001,70.11433376744185,19.754356938123724,0.28659579973731664,12,64,,True,False,Request timeout: 300.0s exceeded,457,21.16838264042747
402,2026-09-14T02:33:45.966+00:00,2026-09-14T02:38:39.774+00:00,2026-09-14T02:38:45.977+00:00,False,96,95.0,,95.0,293808.081065,300010.966953,300010.96693299996,3125.1142388854164,0.02343,293808.081065,29980.00387585698,85.22460949999999,65.2935356631579,19.327740502245305,0.31665509086167104,12,64,,True,False,Request timeout: 300.0s exceeded,394,21.16838264042747
403,2026-09-14T02:33:51.143+00:00,2026-09-14T02:38:45.083+00:00,2026-09-14T02:38:51.190+00:00,False,95,94.0,,94.0,293939.959686,300046.726534,300046.726417,3158.386593863158,0.02293,293939.959686,30150.944939026827,87.32952499999999,64.96560476595745,20.244626410368998,0.3132845376646638,12,64,,True,False,Request timeout: 300.0s exceeded,370,21.16838264042747
404,2026-09-14T02:33:55.521+00:00,2026-09-14T02:38:49.195+00:00,2026-09-14T02:38:55.544+00:00,False,95,94.0,,94.0,293673.900385,300022.66940899997,300022.669245,3158.133360473684,0.038149,293673.900385,30123.3839928511,90.276212,67.540096,20.680871465141873,0.31330965818405,12,64,,True,False,Request timeout: 300.0s exceeded,434,21.16838264042747
405,2026-09-14T02:34:00.304+00:00,2026-09-14T02:38:53.854+00:00,2026-09-14T02:39:00.363+00:00,False,98,97.0,,97.0,293550.403463,300059.320199,300059.320145,3061.8297973979593,0.0348,293550.403463,29646.296810205862,86.91171985000001,67.10223439175257,19.670049359386034,0.32326941198050235,12,64,,True,False,Request timeout: 300.0s exceeded,521,21.16838264042747
406,2026-09-14T02:34:04.142+00:00,2026-09-14T02:38:58.291+00:00,2026-09-14T02:39:04.156+00:00,False,85,84.0,,84.0,294149.839486,300014.181758,300014.18175,3529.5786088235295,0.037149999999999996,294149.839486,31897.463127772848,87.22370200000002,69.81359847619048,19.354872412919445,0.27998676431821745,12,64,,True,False,Request timeout: 300.0s exceeded,381,21.16838264042747
407,2026-09-14T02:34:08.583+00:00,2026-09-14T02:39:02.182+00:00,2026-09-14T02:39:08.592+00:00,False,98,97.0,,97.0,293599.22499699995,300009.61680499994,300009.6169179999,3061.3226216122443,0.054950000000000006,293599.22499699995,29651.33183517272,89.55966500000001,66.08651348453608,20.7135549100565,0.323322968886854,12,64,,True,False,Request timeout: 300.0s exceeded,512,21.16838264042747
408,2026-09-14T02:34:12.801+00:00,2026-09-14T02:39:06.512+00:00,2026-09-14T02:39:12.886+00:00,False,97,96.0,,96.0,293710.74744,300084.433456,300084.433668,3093.6539553402063,0.02485,293710.74744,29815.07363972909,88.0090178,66.39256266666666,20.057183846986334,0.31990996298738716,12,64,,True,False,Request timeout: 300.0s exceeded,363,21.16838264042747
409,2026-09-14T02:34:16.244+00:00,2026-09-14T02:39:10.017+00:00,2026-09-14T02:39:16.295+00:00,False,94,93.0,,93.0,293773.723306,300051.502506,300051.502617,3192.037261882979,0.02889,293773.723306,30293.490225169815,88.95774615,67.50300215053764,20.17715908582881,0.3099467898786487,12,64,,True,False,Request timeout: 300.0s exceeded,373,21.16838264042747
410,2026-09-14T02:34:21.372+00:00,2026-09-14T02:39:14.910+00:00,2026-09-14T02:39:21.420+00:00,False,96,95.0,,95.0,293537.643223,300047.53173499997,300047.531534,3125.4951201458334,0.04119,293537.643223,29952.07310417578,89.25505349999999,68.52514223157894,20.085807168244536,0.3166165022277317,12,64,,True,False,Request timeout: 300.0s exceeded,431,21.16838264042747
411,2026-09-14T02:34:24.734+00:00,2026-09-14T02:39:18.441+00:00,2026-09-14T02:39:24.771+00:00,False,93,92.0,,92.0,293707.90161299997,300037.37233299995,300037.37252499996,3226.20830672043,0.02429,293707.90161299997,30448.962832350346,87.587237,68.7985947826087,19.665041886849338,0.3066284685958812,12,64,,True,False,Request timeout: 300.0s exceeded,409,21.16838264042747
412,2026-09-14T02:34:29.506+00:00,2026-09-14T02:39:23.059+00:00,2026-09-14T02:39:29.583+00:00,False,98,97.0,,97.0,293552.696168,300076.75197599997,300076.751809,3062.007671520408,0.024458999999999998,293552.696168,29646.512616466538,89.27232285,67.25830729896907,19.630045759656216,0.32325063291726785,12,64,,True,False,Request timeout: 300.0s exceeded,443,21.16838264042747
413,2026-09-14T02:34:34.479+00:00,2026-09-14T02:39:28.047+00:00,2026-09-14T02:39:34.492+00:00,False,99,98.0,,98.0,293567.706036,300012.922804,300012.922822,3030.433563858586,0.036719999999999996,293567.706036,29498.0616668843,88.52971799999999,65.76751804081633,20.368752320550875,0.3266525957750957,12,64,,True,False,Request timeout: 300.0s exceeded,539,21.16838264042747
414,2026-09-14T02:34:40.077+00:00,2026-09-14T02:39:33.540+00:00,2026-09-14T02:39:40.254+00:00,False,141,140.0,,140.0,293462.628403,300176.753459,300176.753494,2128.913145347518,0.01907,293462.628403,24710.055885127647,102.520313,47.95803611428571,64.29640221649281,0.4663918787406102,12,64,,True,False,Request timeout: 300.0s exceeded,577,21.16838264042747
0,2026-09-14T02:04:40.891+00:00,2026-09-14T02:04:41.077+00:00,2026-09-14T02:04:46.593+00:00,True,116,116.0,,116.0,185.621919,5701.952415,5701.952593,49.15476373275862,0.03068,185.621919,21.552552730598098,82.64068850000001,47.968091269565214,17.429979084244017,20.343908815310588,13,64,,False,True,,510,21.16838264042747
1,2026-09-14T02:04:44.922+00:00,2026-09-14T02:04:45.082+00:00,2026-09-14T02:05:03.870+00:00,True,294,294.0,,294.0,159.632494,18947.871086000003,18947.87099,64.44854078231293,37.91008,159.632494,21.788213362258638,95.0085202,64.12368120136519,21.100208614412846,15.5162550275755,13,64,,False,True,,466,21.16838264042747
2,2026-09-14T02:04:48.896+00:00,2026-09-14T02:04:53.024+00:00,2026-09-14T02:05:04.631+00:00,True,173,173.0,,173.0,4128.223971,15734.516195,15734.516082,90.9509600115607,39.177338000000006,4128.223971,309.51981039703173,95.91883059999998,67.4784431627907,22.123239953735876,10.994936091837046,13,64,,False,True,,769,21.16838264042747
3,2026-09-14T02:04:52.595+00:00,2026-09-14T02:04:58.607+00:00,2026-09-14T02:05:15.636+00:00,True,260,260.0,,260.0,6011.654912,23040.841216,23040.841215,88.61862005769231,15.766057,6011.654912,369.38402801433597,94.80982350000001,65.74975406949807,21.6856515147089,11.284310219517986,13,64,,False,True,,1287,21.16838264042747
4,2026-09-14T02:04:56.416+00:00,2026-09-14T02:05:05.168+00:00,2026-09-14T02:05:21.004+00:00,True,239,239.0,,239.0,8751.879447000001,24588.343319,24588.343374,102.88009779916318,15.520197,8751.879447000001,562.2421025157536,94.68054970000001,66.53976416806722,22.138230049749684,9.720052990122316,13,64,,False,True,,1079,21.16838264042747
5,2026-09-14T02:04:59.785+00:00,2026-09-14T02:05:11.759+00:00,2026-09-14T02:05:18.662+00:00,True,101,101.0,,101.0,11974.225946,18876.980506,18876.980451,186.90079654455445,21.430614000000002,11974.225946,1184.8289862599831,95.627799,69.0275456,22.81416500373861,5.350431970192342,13,64,,False,True,,519,21.16838264042747
6,2026-09-14T02:05:03.222+00:00,2026-09-14T02:05:17.268+00:00,2026-09-14T02:05:26.472+00:00,True,140,140.0,,140.0,14045.900669999999,23249.623678,23249.623644,166.06874031428572,39.239146999999996,14045.900669999999,1181.6993584581683,94.3821544,66.21383458992806,21.82860831466428,6.021602841360193,13,64,,False,True,,637,21.16838264042747
7,2026-09-14T02:05:06.315+00:00,2026-09-14T02:05:23.408+00:00,2026-09-14T02:05:32.339+00:00,True,134,134.0,,134.0,17092.869419,26024.094763,26024.094817999998,194.20966282089552,38.908679,17092.869419,1470.9576116208812,95.19643865,67.15207025563909,21.75320881315053,5.149074395106943,13,64,,False,True,,607,21.16838264042747
8,2026-09-14T02:05:09.114+00:00,2026-09-14T02:05:28.057+00:00,2026-09-14T02:05:42.466+00:00,True,220,220.0,,220.0,18942.529421,33352.468621,33352.468786,151.60213084545455,0.017839999999999998,18942.529421,1272.9644686875188,95.7326015,65.79880913242009,27.49206898654036,6.596213386779997,13,64,,False,True,,1083,21.16838264042747
9,2026-09-14T02:05:11.541+00:00,2026-09-14T02:05:31.872+00:00,2026-09-14T02:05:41.296+00:00,True,149,149.0,,149.0,20331.183366,29755.267846000002,29755.267716000002,199.69978332885907,0.01883,20331.183366,1660.6331389624856,96.8794874,63.676246486486484,29.157289212597533,5.007516678094029,13,64,,False,True,,739,21.16838264042747
10,2026-09-14T02:05:14.489+00:00,2026-09-14T02:05:36.534+00:00,2026-09-14T02:05:54.239+00:00,True,273,273.0,,273.0,22045.624052000003,39749.99525200001,39749.995156000004,145.60437786080587,0.017949000000000003,22045.624052000003,1330.5822875810634,96.7031468,65.0896,26.342340460821696,6.867925348651812,13,64,,False,True,,1324,21.16838264042747
11,2026-09-14T02:05:18.446+00:00,2026-09-14T02:05:44.559+00:00,2026-09-14T02:05:51.266+00:00,True,106,106.0,,106.0,26113.095393,32819.998177,32819.998158,309.6226241320755,40.215506,26113.095393,2530.2143167344057,94.04167450000001,63.87526460952381,21.489928029454592,3.2297381440527917,13,64,,False,True,,438,21.16838264042747
12,2026-09-14T02:05:22.139+00:00,2026-09-14T02:05:50.526+00:00,2026-09-14T02:06:08.315+00:00,True,266,266.0,,266.0,28386.509432,46176.285560000004,46176.285785,173.59505934210526,39.930735999999996,28386.509432,1736.5101848103302,95.18352475,67.1312306716981,21.909556974662237,5.760532636484327,13,64,,False,True,,900,21.16838264042747
13,2026-09-14T02:05:26.436+00:00,2026-09-14T02:05:58.565+00:00,2026-09-14T02:06:06.926+00:00,True,124,124.0,,124.0,32128.759886,40489.764686,40489.764537,326.5303591693548,39.919025999999995,32128.759886,2879.226543095307,95.71910315000001,67.9756487804878,21.967876076891105,3.0625023623038006,13,64,,False,True,,575,21.16838264042747
14,2026-09-14T02:05:29.024+00:00,2026-09-14T02:06:02.681+00:00,2026-09-14T02:06:13.329+00:00,True,161,161.0,,161.0,33656.382178,44305.199074000004,44305.199298,275.1875732795031,34.180318,33656.382178,2647.3371330952123,94.12244199999999,66.5551056,21.641611569909273,3.6338850375345904,13,64,,False,True,,717,21.16838264042747
15,2026-09-14T02:05:31.937+00:00,2026-09-14T02:06:07.688+00:00,2026-09-14T02:06:14.511+00:00,True,105,105.0,,105.0,35750.844954,42573.292314,42573.292118,405.45992493333335,33.045121,35750.844954,3482.5885094745286,93.26811,65.60045538461539,21.419718957926676,2.4663349788776214,13,64,,False,True,,398,21.16838264042747
16,2026-09-14T02:05:36.160+00:00,2026-09-14T02:06:15.704+00:00,2026-09-14T02:06:28.858+00:00,True,199,199.0,,199.0,39544.285101,52698.261677,52698.261594,264.81538489447234,5.318438,39544.285101,2798.607425536805,94.1708189,66.43422513131313,23.332671480659247,3.776215641034189,13,64,,False,True,,949,21.16838264042747
17,2026-09-14T02:05:39.291+00:00,2026-09-14T02:06:20.856+00:00,2026-09-14T02:06:32.049+00:00,True,172,172.0,,172.0,41565.227674,52758.401178,52758.401217,306.73489079651165,9.31037,41565.227674,3164.4115855704304,93.96971665000001,65.45715499415205,23.089896089674408,3.2601442833662513,13,64,,False,True,,854,21.16838264042747
18,2026-09-14T02:05:42.220+00:00,2026-09-14T02:06:25.997+00:00,2026-09-14T02:06:41.431+00:00,True,233,233.0,,233.0,43776.586094,59210.907502,59210.907601,254.12406695708154,0.01638,43776.586094,2863.7001427331315,92.97467200000001,66.52724744827586,30.239844353955004,3.9350857777704187,13,64,,False,True,,826,21.16838264042747
19,2026-09-14T02:05:45.683+00:00,2026-09-14T02:06:32.922+00:00,2026-09-14T02:06:52.355+00:00,True,293,293.0,,293.0,47239.305069,66672.427629,66672.427804,227.55094813651877,0.016890000000000002,47239.305069,2756.026615035191,95.97945759999999,66.55178958904109,30.20382743751273,4.394620241374803,13,64,,False,True,,1408,21.16838264042747
20,2026-09-14T02:05:49.051+00:00,2026-09-14T02:06:38.115+00:00,2026-09-14T02:06:54.891+00:00,True,254,254.0,,254.0,49063.654494999995,65839.14300699999,65839.14297999999,259.20922433070865,7.120945,49063.654494999995,3074.4497482609477,94.87479450000001,66.30627870355731,22.593537059777184,3.8578873964534264,13,64,,False,True,,1273,21.16838264042747
21,2026-09-14T02:05:53.424+00:00,2026-09-14T02:06:45.145+00:00,2026-09-14T02:07:04.752+00:00,True,295,295.0,,295.0,51720.877987,71327.584931,71327.58493,241.78842349152544,13.387492,51720.877987,3007.5084435582903,95.7901867,66.68947940136054,22.691938716994915,4.135847306275314,13,64,,False,True,,1185,21.16838264042747
22,2026-09-14T02:05:55.971+00:00,2026-09-14T02:06:49.625+00:00,2026-09-14T02:06:58.471+00:00,True,135,135.0,,135.0,53653.726807,62499.975511,62499.975304,462.96278002962964,41.885262000000004,53653.726807,4612.14559699581,95.40020209999999,66.01678137313434,21.52464216561116,2.160000846340172,13,64,,False,True,,652,21.16838264042747
23,2026-09-14T02:06:00.034+00:00,2026-09-14T02:06:56.757+00:00,2026-09-14T02:07:09.439+00:00,True,191,191.0,,191.0,56723.010284,69404.930796,69404.93071500001,363.37660060209424,0.0,56723.010284,4099.586746206352,95.35973750000001,66.7469500631579,26.220034468079213,2.75196585904539,13,64,,False,True,,421,21.16838264042747
24,2026-09-14T02:06:03.390+00:00,2026-09-14T02:07:02.827+00:00,2026-09-14T02:07:20.839+00:00,True,271,271.0,,271.0,59437.249743,77448.568783,77448.568863,285.78807698523985,0.0,59437.249743,3606.5955429199,96.344787,66.70858903703704,25.809684157387018,3.4990962939457786,13,64,,False,True,,996,21.16838264042747
25,2026-09-14T02:06:07.524+00:00,2026-09-14T02:07:10.019+00:00,2026-09-14T02:07:27.576+00:00,True,264,264.0,,264.0,62494.196676,80051.085252,80051.085095,303.2238071780303,37.081562,62494.196676,3842.207908515354,95.3369805,66.7562303269962,22.31359374136303,3.297894078124371,13,64,,False,True,,1175,21.16838264042747
26,2026-09-14T02:06:10.103+00:00,2026-09-14T02:07:14.991+00:00,2026-09-14T02:07:33.384+00:00,True,278,278.0,,278.0,64887.932723,83280.924723,83280.924657,299.5716714280575,0.01675,64887.932723,3887.9055294037603,96.28090100000001,66.40069314079423,36.2504719380315,3.3380993417718825,13,64,,False,True,,371,21.16838264042747
27,2026-09-14T02:06:13.205+00:00,2026-09-14T02:07:21.015+00:00,2026-09-14T02:07:40.155+00:00,True,291,291.0,,291.0,67809.957713,86950.02862499999,86950.028742,298.79734962886596,0.01653,67809.957713,3971.3785801094227,95.783793,66.00024452413793,35.42589899425245,3.3467499045346063,13,64,,False,True,,1152,21.16838264042747
28,2026-09-14T02:06:17.519+00:00,2026-09-14T02:07:28.394+00:00,2026-09-14T02:07:38.568+00:00,True,156,156.0,,156.0,70874.46224699999,81048.973351,81048.97359099999,519.5447025064102,3.0249740000000003,70874.46224699999,5669.296383121724,93.58250450000001,65.64200712258065,24.7218402637009,1.9247621968560724,13,64,,False,True,,696,21.16838264042747
29,2026-09-14T02:06:20.987+00:00,2026-09-14T02:07:33.920+00:00,2026-09-14T02:07:47.438+00:00,True,211,211.0,,211.0,72933.26861900001,86451.17658700001,86451.176426,409.7212152890996,39.356686,72933.26861900001,5016.543766080556,93.457483,64.37099032380952,20.57004565398247,2.440683959780009,13,64,,False,True,,737,21.16838264042747
30,2026-09-14T02:06:24.259+00:00,2026-09-14T02:07:39.890+00:00,2026-09-14T02:07:51.870+00:00,True,187,187.0,,187.0,75630.751877,87611.016581,87611.01652800001,468.50810977540107,40.181226,75630.751877,5525.9955646919825,92.756054,64.41002529032258,20.376402900751092,2.134434769708565,13,64,,False,True,,809,21.16838264042747
31,2026-09-14T02:06:27.687+00:00,2026-09-14T02:07:45.728+00:00,2026-09-14T02:07:57.044+00:00,True,177,177.0,,177.0,78041.549033,89357.394153,89357.394118,504.84403456497176,0.0,78041.549033,5861.183804835477,92.6631568,64.29457454545455,25.335361626514572,1.9808097771622133,13,64,,False,True,,828,21.16838264042747
32,2026-09-14T02:06:31.329+00:00,2026-09-14T02:07:51.682+00:00,2026-09-14T02:08:05.830+00:00,True,216,216.0,,216.0,80353.380851,94501.536499,94501.536498,437.50711341666664,0.0,80353.380851,5462.9342575187975,95.56261850000001,65.80537510697675,24.94446350326544,2.285677122321558,13,64,,False,True,,417,21.16838264042747
33,2026-09-14T02:06:34.133+00:00,2026-09-14T02:07:56.956+00:00,2026-09-14T02:08:14.895+00:00,True,276,276.0,,276.0,82822.99397699999,100762.144313,100762.14423199999,365.08023272463765,0.0,82822.99397699999,4981.497899048553,96.33343274999999,65.2332739490909,25.70670765082278,2.739123922796385,13,64,,False,True,,1316,21.16838264042747
34,2026-09-14T02:06:37.771+00:00,2026-09-14T02:08:03.500+00:00,2026-09-14T02:08:15.767+00:00,True,189,189.0,,189.0,85728.91606999999,97996.08355799998,97996.08359699999,518.4977968095237,0.0,85728.91606999999,6231.173935680092,96.5063284,65.25089089361703,27.22841609805152,1.9286485044898598,13,64,,False,True,,451,21.16838264042747
35,2026-09-14T02:06:40.301+00:00,2026-09-14T02:08:07.493+00:00,2026-09-14T02:08:20.250+00:00,True,194,194.0,,194.0,87192.008006,99949.230662,99949.230603,515.2022196030928,0.0,87192.008006,6255.335287182694,95.25098835,66.09959925388601,27.379686008387473,1.940985425451178,13,64,,False,True,,976,21.16838264042747
36,2026-09-14T02:06:43.979+00:00,2026-09-14T02:08:13.837+00:00,2026-09-14T02:08:21.064+00:00,True,108,108.0,,108.0,89857.567119,97084.695695,97084.695549,898.9323661944444,0.0,89857.567119,8640.10455648059,95.20448715,67.54325771962617,31.10916132473296,1.112430741291,13,64,,False,True,,349,21.16838264042747
37,2026-09-14T02:06:48.292+00:00,2026-09-14T02:08:21.573+00:00,2026-09-14T02:08:28.215+00:00,True,102,102.0,,102.0,93281.612939,99922.904203,99922.904126,979.6363149607843,0.01607,93281.612939,9229.95613382639,95.66535405,65.75535904950495,62.706135312030185,1.0207869838608798,13,64,,False,True,,381,21.16838264042747
38,2026-09-14T02:06:51.127+00:00,2026-09-14T02:08:27.145+00:00,2026-09-14T02:08:34.113+00:00,True,106,106.0,,106.0,96017.91345800001,102986.00024200001,102986.000278,971.5660403584907,41.260653,96017.91345800001,9319.665512077958,97.25285149999999,66.36273127619047,22.558976736324073,1.0292661114221118,13,64,,False,True,,408,21.16838264042747
39,2026-09-14T02:06:54.297+00:00,2026-09-14T02:08:32.709+00:00,2026-09-14T02:08:51.036+00:00,True,273,273.0,,273.0,98412.22747400001,116739.09237000001,116739.09249300002,427.61572341758244,0.0,98412.22747400001,5952.150432830436,95.87649160000001,67.37817976470588,24.29091139124744,2.338548248557023,13,64,,False,True,,1155,21.16838264042747
40,2026-09-14T02:06:57.537+00:00,2026-09-14T02:08:37.981+00:00,2026-09-14T02:08:47.469+00:00,True,144,144.0,,144.0,100443.446184,109931.481512,109931.481344,763.4130648888889,39.040217,100443.446184,8364.787503719383,95.46726715000001,66.3498973986014,22.285760998872522,1.3099068439669952,13,64,,False,True,,529,21.16838264042747
41,2026-09-14T02:07:01.752+00:00,2026-09-14T02:08:46.484+00:00,2026-09-14T02:08:57.195+00:00,True,159,159.0,,159.0,104731.602501,115442.645829,115442.645664,726.054375245283,39.985716000000004,104731.602501,8300.410294666493,96.314912,67.79141346835443,22.446855934518204,1.3773073101210755,13,64,,False,True,,729,21.16838264042747
42,2026-09-14T02:07:05.217+00:00,2026-09-14T02:08:52.636+00:00,2026-09-14T02:09:06.674+00:00,True,215,215.0,,215.0,107418.697726,121456.938238,121456.938237,564.9159918,0.0,107418.697726,7321.473206014432,95.4660704,65.59925472897197,27.833123125838583,1.7701747065177817,13,64,,False,True,,733,21.16838264042747
43,2026-09-14T02:07:09.393+00:00,2026-09-14T02:08:59.493+00:00,2026-09-14T02:09:18.174+00:00,True,276,276.0,,276.0,110100.082018,128780.820834,128780.820965,466.5971774094203,0.01993,110100.082018,6623.329680829847,96.450386,67.92995933090909,47.87994561182616,2.1431762758816957,13,64,,False,True,,1004,21.16838264042747
44,2026-09-14T02:07:13.294+00:00,2026-09-14T02:09:06.583+00:00,2026-09-14T02:09:26.095+00:00,True,290,290.0,,290.0,113288.980266,132800.710186,132800.710238,457.93348357931035,0.0,113288.980266,6648.772142508949,97.311002,67.51463640138408,48.838415247477215,2.1837232616740336,13,64,,False,True,,1400,21.16838264042747
45,2026-09-14T02:07:17.190+00:00,2026-09-14T02:09:14.357+00:00,2026-09-14T02:09:28.952+00:00,True,217,217.0,,217.0,117167.206374,131762.239206,131762.23930000002,607.1992594470046,0.0,117167.206374,7949.45702018236,97.63606800000001,67.56959644444444,58.69741710030107,1.6469058305903361,13,64,,False,True,,946,21.16838264042747
46,2026-09-14T02:07:21.554+00:00,2026-09-14T02:09:21.960+00:00,2026-09-14T02:09:36.713+00:00,True,224,224.0,,224.0,120405.553509,135159.423589,135159.42368,603.3902842857143,38.192819,120405.553509,8040.545167908087,95.604802,66.16085237668162,22.48020293365829,1.6573021255340004,13,64,,False,True,,1071,21.16838264042747
47,2026-09-14T02:07:25.570+00:00,2026-09-14T02:09:28.630+00:00,2026-09-14T02:09:40.931+00:00,True,189,189.0,,189.0,123060.24673700001,135361.333969,135361.333997,716.1975343756615,39.913006,123060.24673700001,8946.582116471418,94.8619938,65.43131506382979,21.517921894581292,1.3962628356136337,13,64,,False,True,,876,21.16838264042747
48,2026-09-14T02:07:29.630+00:00,2026-09-14T02:09:35.284+00:00,2026-09-14T02:09:43.265+00:00,True,120,120.0,,120.0,125653.71835699999,133634.930005,133634.930051,1113.6244170916666,40.390154,125653.71835699999,11464.460187255036,96.114439,67.06900544537815,21.53653122014767,0.897968816951602,13,64,,False,True,,507,21.16838264042747
49,2026-09-14T02:07:32.454+00:00,2026-09-14T02:09:41.065+00:00,2026-09-14T02:09:47.910+00:00,True,106,106.0,,106.0,128611.285017,135456.381209,135456.381311,1277.8903897264152,0.0,128611.285017,12485.552414082602,93.4935505,65.1913923047619,36.233319051396876,0.7825397301619124,13,64,,False,True,,544,21.16838264042747
50,2026-09-14T02:07:34.960+00:00,2026-09-14T02:09:44.388+00:00,2026-09-14T02:10:00.890+00:00,True,250,250.0,,250.0,129427.71698,145929.445748,145929.445679,583.717782716,0.0,129427.71698,8181.5879127324115,94.50298495000001,66.27200308433734,29.16166674352108,1.7131566471630095,13,64,,False,True,,1026,21.16838264042747
51,2026-09-14T02:07:38.782+00:00,2026-09-14T02:09:51.981+00:00,2026-09-14T02:10:06.976+00:00,True,223,223.0,,223.0,133199.172051,148193.572563,148193.572523,664.545168264574,31.826013,133199.172051,8915.180109568877,94.92175510000001,67.54234464864865,21.90150180583274,1.504788609541067,13,64,,False,True,,692,21.16838264042747
52,2026-09-14T02:07:41.945+00:00,2026-09-14T02:09:57.179+00:00,2026-09-14T02:10:16.832+00:00,True,294,294.0,,294.0,135234.062989,154886.46081299998,154886.460934,526.8246970544218,0.0,135234.062989,7883.1464659839785,95.39360235,67.07303011604095,27.420386122047425,1.8981646197917637,13,64,,False,True,,1379,21.16838264042747
53,2026-09-14T02:07:44.867+00:00,2026-09-14T02:10:02.593+00:00,2026-09-14T02:10:21.046+00:00,True,281,281.0,,281.0,137725.68273300002,156178.620205,156178.62002000003,555.7958007829183,0.0,137725.68273300002,8212.307275358367,96.25116699999998,65.90334811428572,59.29835740045246,1.7992219397966218,13,64,,False,True,,1370,21.16838264042747
54,2026-09-14T02:07:47.846+00:00,2026-09-14T02:10:08.386+00:00,2026-09-14T02:10:18.440+00:00,True,147,147.0,,147.0,140540.017475,150593.432899,150593.433023,1024.4451226054423,0.0,140540.017475,11586.139427814856,97.42331899999999,68.85900975342466,79.88986335147642,0.9761381832539137,13,64,,False,True,,723,21.16838264042747
55,2026-09-14T02:07:51.008+00:00,2026-09-14T02:10:13.609+00:00,2026-09-14T02:10:25.743+00:00,True,186,186.0,,186.0,142601.141468,154734.695388,154734.695293,831.9069639408601,0.01804,142601.141468,10451.467529323683,96.35059099999998,65.58677794594595,73.00321333240583,1.2020574928822634,13,64,,False,True,,892,21.16838264042747
56,2026-09-14T02:07:54.735+00:00,2026-09-14T02:10:18.639+00:00,2026-09-14T02:10:25.105+00:00,True,104,104.0,,104.0,143903.958863,150370.158927,150370.158986,1445.8669133269232,39.416136,143903.958863,14104.804021831165,94.80897850000001,62.77864139805825,21.250350877345138,0.6916265882946147,13,64,,False,True,,487,21.16838264042747
57,2026-09-14T02:07:57.346+00:00,2026-09-14T02:10:25.427+00:00,2026-09-14T02:10:34.834+00:00,True,140,140.0,,140.0,148081.361257,157488.640361,157488.640209,1124.9188586357143,40.865523,148081.361257,12509.458068004471,96.16258545000001,67.6782669352518,21.69317505864294,0.8889530043505867,13,64,,False,True,,257,21.16838264042747
58,2026-09-14T02:08:01.418+00:00,2026-09-14T02:10:32.325+00:00,2026-09-14T02:10:44.796+00:00,True,187,187.0,,187.0,150906.709395,163377.833107,163377.83302700002,873.6782514812835,0.0,150906.709395,11030.53984922621,95.9859513,67.04905221505376,33.77862791593504,1.1445861194494438,13,64,,False,True,,750,21.16838264042747
59,2026-09-14T02:08:04.357+00:00,2026-09-14T02:10:37.065+00:00,2026-09-14T02:10:53.111+00:00,True,243,243.0,,243.0,152708.546935,168754.277751,168754.277707,694.4620481769547,0.0,152708.546935,9792.055816961709,97.32605009999999,66.30467279338842,31.796237681543438,1.4399634974501265,13,64,,False,True,,1207,21.16838264042747
60,2026-09-14T02:08:07.073+00:00,2026-09-14T02:10:41.733+00:00,2026-09-14T02:10:56.819+00:00,True,230,230.0,,230.0,154660.29603,169746.219614,169746.219599,738.0270417347826,0.06081,154660.29603,10193.67914300346,95.8444394,65.87739556331877,22.647631279920507,1.354963901540877,13,64,,False,True,,1163,21.16838264042747
61,2026-09-14T02:08:10.965+00:00,2026-09-14T02:10:48.135+00:00,2026-09-14T02:11:00.923+00:00,True,195,195.0,,195.0,157170.16923300002,169957.816209,169957.81603600003,871.5785437743591,9.83075,157170.16923300002,11250.491038864528,94.3137177,65.91570606185567,22.18782360465375,1.1473435252910356,13,64,,False,True,,999,21.16838264042747
62,2026-09-14T02:08:14.690+00:00,2026-09-14T02:10:55.471+00:00,2026-09-14T02:11:02.356+00:00,True,105,105.0,,105.0,160780.617536,167665.509184,167665.509069,1596.8143720857142,40.867534,160780.617536,15684.135090918946,92.1247454,66.20088123076923,21.055317576330456,0.6262468680113008,13,64,,False,True,,432,21.16838264042747
63,2026-09-14T02:08:17.073+00:00,2026-09-14T02:10:59.103+00:00,2026-09-14T02:11:08.290+00:00,True,142,142.0,,142.0,162029.818625,171216.98841700002,171216.988432,1205.753439661972,38.588359,162029.818625,13591.78939431853,93.46323899999999,65.15723256737589,21.53551913649888,0.829356954078401,13,64,,False,True,,547,21.16838264042747
64,2026-09-14T02:08:19.705+00:00,2026-09-14T02:11:04.421+00:00,2026-09-14T02:11:12.661+00:00,True,125,125.0,,125.0,164715.758414,172956.117582,172956.11758700002,1383.6489406960002,0.0,164715.758414,14726.73005545662,95.14165320000001,66.45450941935484,37.99418046704661,0.7227266762665183,13,64,,False,True,,425,21.16838264042747
65,2026-09-14T02:08:22.930+00:00,2026-09-14T02:11:08.642+00:00,2026-09-14T02:11:15.335+00:00,True,101,101.0,,101.0,165712.201967,172404.717551,172404.717492,1706.977400910891,0.0,165712.201967,16482.374232218728,93.625222,66.92515584,42.06912263297099,0.585830837083229,13,64,,False,True,,451,21.16838264042747
66,2026-09-14T02:08:25.390+00:00,2026-09-14T02:11:14.069+00:00,2026-09-14T02:11:22.708+00:00,True,131,131.0,,131.0,168679.176683,177317.892075,177317.892187,1353.5716960839695,30.922815,168679.176683,14731.77993119127,96.395632,66.45165686153847,22.95412418119161,0.7387861341403215,13,64,,False,True,,621,21.16838264042747
67,2026-09-14T02:08:28.368+00:00,2026-09-14T02:11:20.163+00:00,2026-09-14T02:11:34.122+00:00,True,208,208.0,,208.0,171794.349278,185753.38851000002,185753.38852900002,893.0451371586539,0.01591,171794.349278,11907.340510246631,95.46164400000002,67.4349721352657,72.7844488079408,1.1197642297050336,13,64,,False,True,,880,21.16838264042747
68,2026-09-14T02:08:31.142+00:00,2026-09-14T02:11:25.168+00:00,2026-09-14T02:11:42.763+00:00,True,264,264.0,,264.0,174026.192005,191621.524101,191621.52404199998,725.839106219697,0.0,174026.192005,10706.682802143532,95.22394265000001,66.90240340684412,70.10391608197142,1.377715792829467,13,64,,False,True,,961,21.16838264042747
69,2026-09-14T02:08:34.299+00:00,2026-09-14T02:11:29.769+00:00,2026-09-14T02:11:47.394+00:00,True,266,266.0,,266.0,175470.543752,193095.54087199998,193095.540986,725.9230864135338,0.0,175470.543752,10754.753666236078,94.9546295,66.50942309433962,30.217629978735722,1.3775564096341677,13,64,,False,True,,1134,21.16838264042747
70,2026-09-14T02:08:36.995+00:00,2026-09-14T02:11:34.255+00:00,2026-09-14T02:11:45.496+00:00,True,170,170.0,,170.0,177260.731748,188501.159268,188501.159299,1108.830348817647,0.0,177260.731748,13590.218314101787,93.86537195000001,66.51140544378698,33.88408520422129,0.9018512175742319,13,64,,False,True,,805,21.16838264042747
71,2026-09-14T02:08:39.919+00:00,2026-09-14T02:11:40.193+00:00,2026-09-14T02:11:49.348+00:00,True,136,136.0,,136.0,180273.43373,189428.380802,189428.38094499998,1392.855742242647,0.0,180273.43373,15452.54769643427,93.99841425000001,67.81442275555555,36.72748329650285,0.7179494404386743,13,64,,False,True,,451,21.16838264042747
72,2026-09-14T02:08:43.106+00:00,2026-09-14T02:11:45.145+00:00,2026-09-14T02:11:59.807+00:00,True,217,217.0,,217.0,182038.384521,196700.450953,196700.45085,906.4536905529953,39.228507,182038.384521,12352.983750730347,96.69553459999999,67.87993718518518,22.821895973370896,1.1032003177860046,13,64,,False,True,,951,21.16838264042747
73,2026-09-14T02:08:46.843+00:00,2026-09-14T02:11:51.994+00:00,2026-09-14T02:12:11.446+00:00,True,287,287.0,,287.0,185150.537836,204602.749804,204602.74966,712.9015667595819,33.755129000000004,185150.537836,10925.100030060188,97.155999,68.01472716083916,23.000651806778478,1.4027181955029089,13,64,,False,True,,1169,21.16838264042747
74,2026-09-14T02:08:50.576+00:00,2026-09-14T02:11:58.886+00:00,2026-09-14T02:12:17.247+00:00,True,273,273.0,,273.0,188309.335371,206670.385483,206670.38545499998,757.034378956044,0.0,188309.335371,11392.96059395995,98.4580606,67.50386070588236,32.6705198511062,1.3209439725095788,13,64,,False,True,,1206,21.16838264042747
75,2026-09-14T02:08:54.322+00:00,2026-09-14T02:12:05.516+00:00,2026-09-14T02:12:16.734+00:00,True,168,168.0,,168.0,191193.257669,202411.851461,202411.851326,1204.8324483690476,0.0,191193.257669,14745.743753244444,98.7826905,67.17720833532934,37.1483741076311,0.8299909258641884,13,64,,False,True,,664,21.16838264042747
76,2026-09-14T02:08:57.718+00:00,2026-09-14T02:12:11.585+00:00,2026-09-14T02:12:22.446+00:00,True,162,162.0,,162.0,193867.449058,204727.740898,204727.740939,1263.7514872777779,0.0,193867.449058,15226.411789452033,97.37226849999999,67.45522881987577,37.6474053210225,0.7912948156874944,13,64,,False,True,,655,21.16838264042747
77,2026-09-14T02:09:02.041+00:00,2026-09-14T02:12:19.648+00:00,2026-09-14T02:12:34.832+00:00,True,228,228.0,,228.0,197607.105266,212791.587058,212791.587214,933.2964351491228,39.266307999999995,197607.105266,13082.437913991489,95.50903969999999,66.89199027312776,21.56698164793738,1.0714709314981268,13,64,,False,True,,1044,21.16838264042747
78,2026-09-14T02:09:05.845+00:00,2026-09-14T02:12:26.318+00:00,2026-09-14T02:12:43.024+00:00,True,258,258.0,,258.0,200473.141472,217179.735776,217179.73580199998,841.7819217131782,39.080366999999995,200473.141472,12476.883406616562,94.03029335,65.00620351750973,21.16838826264739,1.1879561372434038,13,64,,False,True,,1145,21.16838264042747
79,2026-09-14T02:09:09.562+00:00,2026-09-14T02:12:33.691+00:00,2026-09-14T02:12:40.877+00:00,True,109,109.0,,109.0,204129.670233,211315.032409,211315.03247900002,1938.6700227431193,40.650714,204129.670233,19545.71546053613,94.64316699999999,66.53113125925925,21.405840815805554,0.5158175391376352,13,64,,False,True,,544,21.16838264042747
80,2026-09-14T02:09:12.361+00:00,2026-09-14T02:12:38.054+00:00,2026-09-14T02:12:48.161+00:00,True,156,156.0,,156.0,205692.64907100002,215799.56465500002,215799.56463,1383.3305425,40.212345,205692.64907100002,16463.385438876765,93.83618499999999,65.20590699354838,21.55228910520641,0.7228930245962177,13,64,,False,True,,723,21.16838264042747
81,2026-09-14T02:09:14.891+00:00,2026-09-14T02:12:43.253+00:00,2026-09-14T02:12:57.653+00:00,True,221,221.0,,221.0,208361.86252599998,222761.62111799998,222761.62130799997,1007.9711371402714,0.0,208361.86252599998,14011.796108422117,95.59330800000002,65.45344814545454,86.10431061987445,0.9920919002602031,13,64,,False,True,,1266,21.16838264042747
82,2026-09-14T02:09:18.496+00:00,2026-09-14T02:12:49.901+00:00,2026-09-14T02:13:02.289+00:00,True,186,186.0,,186.0,211405.597727,223792.882719,223792.88269,1203.187541344086,0.0,211405.597727,15496.364985215989,95.2248165,66.95829725405406,90.71759378484771,0.8311256271431399,13,64,,False,True,,760,21.16838264042747
83,2026-09-14T02:09:21.092+00:00,2026-09-14T02:12:53.460+00:00,2026-09-14T02:13:08.427+00:00,True,224,224.0,,224.0,212367.45324200002,227334.33452200002,227334.33459800002,1014.8854223125,38.582969,212367.45324200002,14184.93064442088,96.64322049999998,67.1160595515695,22.4596656181947,0.9853329039407493,13,64,,False,True,,762,21.16838264042747
84,2026-09-14T02:09:24.038+00:00,2026-09-14T02:12:58.427+00:00,2026-09-14T02:13:13.012+00:00,True,220,220.0,,220.0,214388.265786,228973.472314,228973.47242,1040.788511,26.814473999999997,214388.265786,14449.580606429534,96.07557004999998,66.59911656621004,22.076341700577906,0.960809991553544,13,64,,False,True,,373,21.16838264042747
85,2026-09-14T02:09:26.500+00:00,2026-09-14T02:13:03.051+00:00,2026-09-14T02:13:13.056+00:00,True,154,154.0,,154.0,216550.40467,226555.75379,226555.753746,1471.141258090909,32.94518,216550.40467,17444.871891352206,94.0289875,65.39443869281047,21.06092854189609,0.6797443782546628,13,64,,False,True,,531,21.16838264042747
86,2026-09-14T02:09:30.493+00:00,2026-09-14T02:13:09.639+00:00,2026-09-14T02:13:25.892+00:00,True,250,250.0,,250.0,219146.136467,235398.51227500002,235398.512404,941.594049616,38.954448,219146.136467,13855.907176296429,94.26844945,65.27058557429719,21.502427309872743,1.0620288020679676,13,64,,False,True,,1106,21.16838264042747
87,2026-09-14T02:09:34.410+00:00,2026-09-14T02:13:17.280+00:00,2026-09-14T02:13:29.025+00:00,True,182,182.0,,182.0,222870.713354,234615.31137,234615.311278,1289.0951169120879,38.704938,222870.713354,16515.479906015647,92.67361955,64.88728185635358,20.99701038414215,0.7757379470983331,13,64,,False,True,,738,21.16838264042747
88,2026-09-14T02:09:38.509+00:00,2026-09-14T02:13:24.425+00:00,2026-09-14T02:13:32.150+00:00,True,119,119.0,,119.0,225916.520909,233640.905421,233640.905216,1963.368951394958,0.0,225916.520909,20703.787774364486,92.449422,65.46088569491526,47.94606527491573,0.509328620284075,13,64,,False,True,,516,21.16838264042747
89,2026-09-14T02:09:42.576+00:00,2026-09-14T02:13:31.275+00:00,2026-09-14T02:13:38.180+00:00,True,110,110.0,,110.0,228699.535664,235604.548144,235604.548061,2141.859527827273,0.0,228699.535664,21799.61882727172,93.39531290000001,63.348738348623854,24.596711261687545,0.46688402607902413,13,64,,False,True,,516,21.16838264042747
90,2026-09-14T02:09:45.596+00:00,2026-09-14T02:13:36.438+00:00,2026-09-14T02:13:54.823+00:00,True,274,274.0,,274.0,230841.89056200002,249226.424066,249226.42415900002,909.585489631387,38.523737999999994,230841.89056200002,13941.617903741368,95.86153600000002,67.34261356776557,22.196190862404094,1.099401883355031,13,64,,False,True,,1288,21.16838264042747
91,2026-09-14T02:09:48.323+00:00,2026-09-14T02:13:41.933+00:00,2026-09-14T02:13:50.357+00:00,True,123,123.0,,123.0,233609.710116,242033.963556,242033.963605,1967.7558016666667,41.864281000000005,233609.710116,21057.664121554662,96.4547321,69.05125770491803,22.63573466375511,0.5081931403050431,13,64,,False,True,,573,21.16838264042747
92,2026-09-14T02:09:52.094+00:00,2026-09-14T02:13:49.454+00:00,2026-09-14T02:13:59.030+00:00,True,147,147.0,,147.0,237360.244638,246936.415646,246936.415795,1679.8395632312925,31.862992,237360.244638,19571.746144303594,94.515106,65.59021238356164,22.56106260622594,0.595294945119534,13,64,,False,True,,484,21.16838264042747
93,2026-09-14T02:09:55.950+00:00,2026-09-14T02:13:55.493+00:00,2026-09-14T02:14:13.444+00:00,True,266,266.0,,266.0,239543.732411,257494.22764300002,257494.227702,968.0234124135338,0.0,239543.732411,14683.263818197402,96.23184025,67.73771785660377,37.80992076720213,1.033032866153383,13,64,,False,True,,1227,21.16838264042747
94,2026-09-14T02:09:58.468+00:00,2026-09-14T02:14:00.568+00:00,2026-09-14T02:14:12.416+00:00,True,175,175.0,,175.0,242099.86419,253947.421822,253947.421686,1451.12812392,41.294462,242099.86419,18295.896084375436,95.5431007,68.08941167816091,22.40791451177808,0.6891190260740792,13,64,,False,True,,910,21.16838264042747
95,2026-09-14T02:10:00.867+00:00,2026-09-14T02:14:05.393+00:00,2026-09-14T02:14:20.388+00:00,True,219,219.0,,219.0,244526.373975,259521.21429499998,259521.214178,1185.0283752420091,0.0,244526.373975,16518.96354030745,96.17605529999999,68.78367119266055,40.90782152398965,0.843861649595477,13,64,,False,True,,953,21.16838264042747
96,2026-09-14T02:10:03.800+00:00,2026-09-14T02:14:10.362+00:00,2026-09-14T02:14:27.030+00:00,True,253,253.0,,253.0,246561.698351,263229.568303,263229.568398,1040.4330766719368,0.0,246561.698351,15497.08953026525,95.2437246,66.14234107936508,38.12063831020197,0.9611382248242535,13,64,,False,True,,1051,21.16838264042747
97,2026-09-14T02:10:06.328+00:00,2026-09-14T02:14:15.361+00:00,2026-09-14T02:14:25.763+00:00,True,156,156.0,,156.0,249032.616627,259435.06987500002,259435.06982900001,1663.0453194166666,39.442815,249032.616627,19933.2046910752,94.318588,67.11260159999999,21.416327902505294,0.6013065237292834,13,64,,False,True,,671,21.16838264042747
98,2026-09-14T02:10:10.521+00:00,2026-09-14T02:14:22.310+00:00,2026-09-14T02:14:29.992+00:00,True,117,117.0,,117.0,251788.450253,259470.682573,259470.682397,2217.698140145299,39.926055,251788.450253,23271.73785443578,93.6845156,66.22614068965517,21.670508605077302,0.45091799520388204,13,64,,False,True,,552,21.16838264042747
99,2026-09-14T02:10:14.468+00:00,2026-09-14T02:14:29.305+00:00,2026-09-14T02:14:41.961+00:00,True,192,192.0,,192.0,254837.28342199998,267492.997982,267492.99812199996,1393.1926985520831,0.01554,254837.28342199998,18386.825366976143,92.96220955000001,66.26028565445026,107.13960327210006,0.7177757976787114,13,64,,False,True,,917,21.16838264042747
100,2026-09-14T02:10:18.448+00:00,2026-09-14T02:14:35.390+00:00,2026-09-14T02:14:44.129+00:00,True,137,137.0,,137.0,256942.914627,265681.356867,265681.356806,1939.2799766861312,39.682415999999996,256942.914627,21946.63506267996,91.9795362,64.25325176470588,20.94140201115684,0.5156553008293396,13,64,,False,True,,621,21.16838264042747
101,2026-09-14T02:10:21.982+00:00,2026-09-14T02:14:42.225+00:00,2026-09-14T02:14:56.709+00:00,True,222,222.0,,222.0,260243.01314700002,274727.22460300004,274727.22462600004,1237.5100208378378,31.040974,260243.01314700002,17461.98236695468,94.5865425,65.53941835294118,21.90304001429896,0.8080742646485272,13,64,,False,True,,980,21.16838264042747
102,2026-09-14T02:10:25.489+00:00,2026-09-14T02:14:48.044+00:00,2026-09-14T02:15:04.458+00:00,True,243,243.0,,243.0,262554.716318,278969.04463799996,278969.04464599997,1148.0207598600823,0.0,262554.716318,16838.58918505874,97.10437230000001,67.82780297520661,40.05161541087688,0.871064387503371,13,64,,False,True,,1148,21.16838264042747
103,2026-09-14T02:10:28.828+00:00,2026-09-14T02:14:54.720+00:00,2026-09-14T02:15:02.357+00:00,True,113,113.0,,113.0,265892.395493,273529.84675699996,273529.846741,2420.6181127522123,0.0,265892.395493,25006.696673684903,95.18873179999999,68.19152914285715,54.599801763889594,0.41311762259124724,13,64,,False,True,,364,21.16838264042747
104,2026-09-14T02:10:31.881+00:00,2026-09-14T02:14:59.942+00:00,2026-09-14T02:15:12.625+00:00,True,188,188.0,,188.0,268061.400761,280744.100025,280744.10009,1493.3196813297873,38.982937,268061.400761,19545.453421226437,95.3298925,67.82192119786096,22.491653083988417,0.6696489792065401,13,64,,False,True,,1017,21.16838264042747
105,2026-09-14T02:10:35.380+00:00,2026-09-14T02:15:05.968+00:00,2026-09-14T02:15:13.374+00:00,True,113,113.0,,113.0,270588.131768,277994.116792,277994.116729,2460.1249268053098,41.242421,270588.131768,25448.579543293323,96.57147700000002,66.12486628571429,22.454947473904156,0.406483422397563,13,64,,False,True,,460,21.16838264042747
106,2026-09-14T02:10:37.882+00:00,2026-09-14T02:15:10.029+00:00,2026-09-14T02:15:21.978+00:00,True,179,179.0,,179.0,272146.957881,284096.32056900003,284096.320518,1587.1302822234638,41.256783000000006,272146.957881,20336.21335788943,96.719506,67.13125105617978,22.441267911894684,0.6300679982109282,13,64,,False,True,,878,21.16838264042747
107,2026-09-14T02:10:41.858+00:00,2026-09-14T02:15:17.393+00:00,2026-09-14T02:15:28.948+00:00,True,173,173.0,,173.0,275535.30898900004,287089.93990100006,287089.93992300006,1659.4794215202314,39.345867,275535.30898900004,20943.46632360187,96.4396316,67.17808669767442,22.630163828278974,0.6025986144260479,13,64,,False,True,,862,21.16838264042747
108,2026-09-14T02:10:45.371+00:00,2026-09-14T02:15:23.587+00:00,2026-09-14T02:15:35.294+00:00,True,172,172.0,,172.0,278216.452328,289923.196648,289923.196519,1685.5999797616278,37.63401,278216.452328,21208.597912576155,97.40331145,68.4604930994152,22.968664387167067,0.5932605668970591,13,64,,False,True,,727,21.16838264042747
109,2026-09-14T02:10:47.817+00:00,2026-09-14T02:15:27.968+00:00,2026-09-14T02:15:39.486+00:00,True,166,166.0,,166.0,280151.163212,291668.217676,291668.217562,1757.037455192771,40.802104,280151.163212,21738.541070650455,95.411004,69.80033008484848,22.297830760222798,0.569139830601637,13,64,,False,True,,657,21.16838264042747
110,2026-09-14T02:10:51.723+00:00,2026-09-14T02:15:35.705+00:00,2026-09-14T02:15:45.761+00:00,True,151,151.0,,151.0,283981.37551499996,294037.786651,294037.78679899994,1947.2701112516554,32.771941,283981.37551499996,23104.630883942067,94.4975145,67.04274090666667,21.734745373081545,0.5135394389947074,13,64,,False,True,,677,21.16838264042747
111,2026-09-14T02:10:54.560+00:00,2026-09-14T02:15:40.709+00:00,2026-09-14T02:15:54.422+00:00,True,212,212.0,,212.0,286148.920934,299862.13847,299862.138438,1414.444049235849,0.0,286148.920934,19648.372373707007,95.21763649999998,64.99155230331753,43.27740044206133,0.7069915564589017,13,64,,False,True,,740,21.16838264042747
112,2026-09-14T02:10:57.033+00:00,2026-09-14T02:15:45.045+00:00,2026-09-14T02:15:56.531+00:00,True,173,173.0,,173.0,288011.96636900003,299498.54864100006,299498.54852600006,1731.2054828092487,0.0,288011.96636900003,21892.117629926895,95.237924,66.78245506976745,47.24693473213697,0.5776321814746752,13,64,,False,True,,671,21.16838264042747
113,2026-09-14T02:10:59.544+00:00,2026-09-14T02:15:49.830+00:00,2026-09-14T02:15:59.593+00:00,False,145,144.0,,144.0,290285.960794,300048.344922,300048.344911,2069.29893042069,0.0218,290285.960794,24101.316896156346,93.595122,67.79433422222222,22.031970216383026,0.47992266058802613,13,64,,False,False,Request timeout: 300.0s exceeded,662,21.16838264042747
114,2026-09-14T02:11:02.924+00:00,2026-09-14T02:15:55.193+00:00,2026-09-14T02:16:02.957+00:00,False,110,109.0,,109.0,292268.142436,300032.374116,300032.374162,2727.5670378363634,0.03954,292268.142436,27859.890327093326,94.12318445000001,71.23148330275228,21.208494348986317,0.3632941289124282,13,64,,False,False,Request timeout: 300.0s exceeded,497,21.16838264042747
115,2026-09-14T02:11:05.601+00:00,2026-09-14T02:15:58.373+00:00,2026-09-14T02:16:05.632+00:00,False,102,101.0,,101.0,292772.082415,300030.913263,300030.91325,2941.4795416666666,0.02019,292772.082415,28981.64656734266,90.57442345,71.86961235643564,20.118520857716945,0.33663197869036177,13,64,,False,False,Request timeout: 300.0s exceeded,497,21.16838264042747
116,2026-09-14T02:11:08.897+00:00,2026-09-14T02:16:02.260+00:00,2026-09-14T02:16:08.924+00:00,False,100,99.0,,99.0,293362.33641600003,300026.724768,300026.724829,3000.26724829,0.028239999999999998,293362.33641600003,29329.508902447287,90.08588854999999,67.31705406060607,20.317633127733547,0.32997060537374856,13,64,,False,False,Request timeout: 300.0s exceeded,490,21.16838264042747
117,2026-09-14T02:11:11.892+00:00,2026-09-14T02:16:05.462+00:00,2026-09-14T02:16:11.959+00:00,False,97,96.0,,96.0,293570.198978,300066.99104199995,300066.99106699997,3093.47413471134,0.02312,293570.198978,29800.67268497717,87.0208086,67.67491733333333,19.723212658871837,0.3199285588415922,13,64,,False,False,Request timeout: 300.0s exceeded,431,21.16838264042747
118,2026-09-14T02:11:14.984+00:00,2026-09-14T02:16:08.624+00:00,2026-09-14T02:16:15.039+00:00,False,97,96.0,,96.0,293640.53016,300055.110384,300055.11047300004,3093.351654360825,0.025899000000000002,293640.53016,29807.900856069118,88.27122039999999,66.818544,19.983544388806926,0.3199412263871879,13,64,,False,False,Request timeout: 300.0s exceeded,393,21.16838264042747
119,2026-09-14T02:11:17.409+00:00,2026-09-14T02:16:11.160+00:00,2026-09-14T02:16:17.448+00:00,False,95,94.0,,94.0,293751.44367400004,300039.77801,300039.77799300005,3158.3134525578953,0.07316,293751.44367400004,30131.405113524725,88.717992,66.89717378723405,19.757005179412246,0.31329179291976106,13,64,,False,False,Request timeout: 300.0s exceeded,500,21.16838264042747
120,2026-09-14T02:11:21.776+00:00,2026-09-14T02:16:15.421+00:00,2026-09-14T02:16:21.817+00:00,False,94,93.0,,93.0,293644.136473,300040.19074499997,300040.190774,3191.9169231276596,0.02638,293644.136473,30279.992871064438,88.17166815,68.77477711827957,19.682142181308464,0.30995847512655206,13,64,,False,False,Request timeout: 300.0s exceeded,445,21.16838264042747
121,2026-09-14T02:11:25.512+00:00,2026-09-14T02:16:19.430+00:00,2026-09-14T02:16:25.544+00:00,False,93,92.0,,92.0,293918.357636,300032.129668,300032.12972599996,3226.151932537634,0.02675,293918.357636,30471.029544239125,87.78800879999999,66.45404382608696,20.167312160023364,0.3066338265231875,13,64,,False,False,Request timeout: 300.0s exceeded,448,21.16838264042747
122,2026-09-14T02:11:28.480+00:00,2026-09-14T02:16:22.491+00:00,2026-09-14T02:16:28.515+00:00,False,94,93.0,,93.0,294011.391564,300035.15937199997,300035.15949399996,3191.8633988723404,0.022449999999999998,294011.391564,30318.285870041822,87.8446636,64.77169686021506,20.670285867525582,0.3099636729063927,13,64,,False,False,Request timeout: 300.0s exceeded,425,21.16838264042747
123,2026-09-14T02:11:32.688+00:00,2026-09-14T02:16:26.623+00:00,2026-09-14T02:16:32.808+00:00,False,74,73.0,,73.0,293934.50060699997,300119.66387099994,300119.664067,4055.67113604054,0.02801,293934.50060699997,34159.83722829286,89.3253255,84.72826389041096,185.17838391227818,0.24323631133805848,13,64,,False,False,Request timeout: 300.0s exceeded,399,21.16838264042747
124,2026-09-14T02:11:36.753+00:00,2026-09-14T02:16:30.269+00:00,2026-09-14T02:16:36.781+00:00,False,106,105.0,,105.0,293516.31022600003,300028.70805,300028.707843,2830.4595079528303,0.01582,293516.31022600003,28503.228230637724,87.63908925,62.022836419047614,156.9810587316679,0.3499665104797294,13,64,,False,False,Request timeout: 300.0s exceeded,349,21.16838264042747
125,2026-09-14T02:11:39.836+00:00,2026-09-14T02:16:34.020+00:00,2026-09-14T02:16:39.879+00:00,False,84,83.0,,83.0,294183.621657,300042.473497,300042.473387,3571.934206988095,0.040229,294183.621657,32090.36855310493,87.91621500000001,70.58857638554217,19.357536063776227,0.27662750220871607,13,64,,False,False,Request timeout: 300.0s exceeded,315,21.16838264042747
126,2026-09-14T02:11:42.814+00:00,2026-09-14T02:16:36.404+00:00,2026-09-14T02:16:42.821+00:00,False,97,96.0,,96.0,293589.854637,300007.38858900004,300007.388625,3092.8596765463917,0.0,293589.854637,29802.81545926453,89.165555,66.849312,64.78255363941025,0.3199921190324974,13,64,,False,False,Request timeout: 300.0s exceeded,475,21.16838264042747
127,2026-09-14T02:11:45.633+00:00,2026-09-14T02:16:39.212+00:00,2026-09-14T02:16:45.673+00:00,False,102,101.0,,101.0,293578.922475,300040.19453900005,300040.194521,2941.570534519608,0.0,293578.922475,29062.377759041356,88.94784759999999,63.97299073267327,62.787647423018385,0.3366215655045236,13,64,,False,False,Request timeout: 300.0s exceeded,537,21.16838264042747
128,2026-09-14T02:11:49.509+00:00,2026-09-14T02:16:43.156+00:00,2026-09-14T02:16:49.593+00:00,False,99,98.0,,98.0,293647.103357,300083.45919699996,300083.459225,3031.1460527777776,0.037399999999999996,293647.103357,29506.050755338474,88.19977289999999,65.67710040816327,20.76304191478092,0.326575814149305,13,64,,False,False,Request timeout: 300.0s exceeded,413,21.16838264042747
129,2026-09-14T02:11:51.921+00:00,2026-09-14T02:16:45.187+00:00,2026-09-14T02:16:51.937+00:00,False,99,98.0,,98.0,293266.185051,300016.728411,300016.728374,3030.4720037777774,0.03775,293266.185051,29467.44477213579,89.71652189999999,68.88309551020407,20.694234219714353,0.326648452301458,13,64,,False,False,Request timeout: 300.0s exceeded,538,21.16838264042747
130,2026-09-14T02:11:54.544+00:00,2026-09-14T02:16:48.186+00:00,2026-09-14T02:16:54.639+00:00,False,94,93.0,,93.0,293641.612693,300094.485397,300094.485395,3192.4945254787235,0.04441,293641.612693,30279.670067287076,90.36036665,69.385728,20.473249482837733,0.3099023958303291,13,64,,False,False,Request timeout: 300.0s exceeded,159,21.16838264042747
131,2026-09-14T02:11:57.472+00:00,2026-09-14T02:16:51.438+00:00,2026-09-14T02:16:57.524+00:00,False,89,88.0,,88.0,293965.785851,300051.999483,300051.99936899997,3371.3707794269662,0.03496,293965.785851,31152.986466751114,89.1482488,69.16151854545454,20.384344247088524,0.2932824982057345,13,64,,False,False,Request timeout: 300.0s exceeded,338,21.16838264042747
132,2026-09-14T02:12:00.934+00:00,2026-09-14T02:16:54.822+00:00,2026-09-14T02:17:00.977+00:00,False,90,89.0,,89.0,293887.556995,300042.640003,300042.63997899997,3333.8071108777776,0.02203,293887.556995,30971.184830329126,87.82783149999999,69.15823604494382,19.72746474361442,0.29662450643385263,13,64,,False,False,Request timeout: 300.0s exceeded,172,21.16838264042747
133,2026-09-14T02:12:03.520+00:00,2026-09-14T02:16:57.437+00:00,2026-09-14T02:17:03.535+00:00,False,92,91.0,,91.0,293917.283559,300015.433703,300015.433693,3261.03732275,0.02255,293917.283559,30636.015117274066,88.73288209999998,67.01263894505495,20.200391749502035,0.30331772894752257,13,64,,False,False,Request timeout: 300.0s exceeded,422,21.16838264042747
134,2026-09-14T02:12:07.304+00:00,2026-09-14T02:17:01.139+00:00,2026-09-14T02:17:07.366+00:00,False,91,90.0,,90.0,293835.086749,300061.824925,300061.82494,3297.3826916483517,0.04002,293835.086749,30795.04058363681,89.521951,69.18597973333334,20.353461515248853,0.299938187813446,13,64,,False,False,Request timeout: 300.0s exceeded,394,21.16838264042747
135,2026-09-14T02:12:10.013+00:00,2026-09-14T02:17:03.975+00:00,2026-09-14T02:17:10.050+00:00,False,85,84.0,,84.0,293961.60600800003,300036.657528,300036.657489,3529.843029282353,0.04254,293961.60600800003,31876.77403866849,89.49350700000001,72.32204190476192,18.97317680315501,0.2799657904873205,13,64,,False,False,Request timeout: 300.0s exceeded,424,21.16838264042747
136,2026-09-14T02:12:12.617+00:00,2026-09-14T02:17:06.811+00:00,2026-09-14T02:17:12.672+00:00,False,85,84.0,,84.0,294194.176172,300055.724716,300055.724825,3530.067350882353,0.02277,294194.176172,31902.275916368984,89.50131440000001,69.78033980952381,19.674894634811274,0.2799479999240315,13,64,,False,False,Request timeout: 300.0s exceeded,342,21.16838264042747
137,2026-09-14T02:12:15.119+00:00,2026-09-14T02:17:08.854+00:00,2026-09-14T02:17:15.506+00:00,False,94,93.0,,93.0,293734.405722,300386.981722,300386.981571,3195.606186925532,0.023049,293734.405722,30289.018636852703,88.84285,71.5330752688172,19.213112924258212,0.3096006340450166,13,64,,False,False,Request timeout: 300.0s exceeded,354,21.16838264042747
138,2026-09-14T02:12:17.534+00:00,2026-09-14T02:17:11.620+00:00,2026-09-14T02:17:17.590+00:00,False,88,87.0,,87.0,294085.295398,300055.90762199997,300055.90762099996,3409.726222965909,0.02837,294085.295398,31342.288608934727,89.142572,68.62772671264368,20.341305876584876,0.28994596603510164,13,64,,False,False,Request timeout: 300.0s exceeded,353,21.16838264042747
139,2026-09-14T02:12:20.858+00:00,2026-09-14T02:17:14.655+00:00,2026-09-14T02:17:20.889+00:00,False,94,93.0,,93.0,293797.629337,300031.86600900005,300031.865851,3191.8283601170215,0.115179,293797.629337,30296.00460681858,88.7309932,67.03480292473118,20.734148091621986,0.30996707528796386,13,64,,False,False,Request timeout: 300.0s exceeded,447,21.16838264042747
140,2026-09-14T02:12:23.998+00:00,2026-09-14T02:17:17.385+00:00,2026-09-14T02:17:24.041+00:00,False,98,97.0,,97.0,293386.512048,300042.84689600003,300042.84682,3061.661702244898,0.039490000000000004,293386.512048,29629.58816917281,89.71172435,68.62200874226804,20.282560001068376,0.32328716049552036,13,64,,False,False,Request timeout: 300.0s exceeded,481,21.16838264042747
141,2026-09-14T02:12:27.479+00:00,2026-09-14T02:17:21.056+00:00,2026-09-14T02:17:27.551+00:00,False,95,94.0,,94.0,293577.167963,300072.486491,300072.486478,3158.6577524,0.0414,293577.167963,30113.299532713067,90.0651627,69.09913327659574,20.722893701813195,0.31325764350881036,13,64,,False,False,Request timeout: 300.0s exceeded,452,21.16838264042747
142,2026-09-14T02:12:31.638+00:00,2026-09-14T02:17:25.417+00:00,2026-09-14T02:17:31.703+00:00,False,94,93.0,,93.0,293779.05886,300065.671852,300065.67196999997,3192.187999680851,0.03545,293779.05886,30294.030600363476,88.9130305,67.59798916129031,19.9514586241647,0.30993215393818846,13,64,,False,False,Request timeout: 300.0s exceeded,398,21.16838264042747
143,2026-09-14T02:12:34.959+00:00,2026-09-14T02:17:28.819+00:00,2026-09-14T02:17:34.989+00:00,False,90,89.0,,89.0,293859.752599,300029.657495,300029.657344,3333.6628593777777,0.0431,293859.752599,30968.236212014894,88.60615545,69.32477411235955,19.36901685665055,0.2966373415984158,13,64,,False,False,Request timeout: 300.0s exceeded,232,21.16838264042747
144,2026-09-14T02:12:37.604+00:00,2026-09-14T02:17:31.174+00:00,2026-09-14T02:17:37.645+00:00,False,85,84.0,,84.0,293570.167313,300040.781585,300040.781483,3529.891546858824,0.023440000000000003,293570.167313,31833.863760487555,88.2178952,77.03112228571429,63.9959067581929,0.27996194236083616,13,64,,False,False,Request timeout: 300.0s exceeded,370,21.16838264042747
145,2026-09-14T02:12:40.456+00:00,2026-09-14T02:17:34.136+00:00,2026-09-14T02:17:40.497+00:00,False,99,98.0,,98.0,293679.820432,300040.985488,300040.985413,3030.7170243737373,0.0,293679.820432,29509.47859065594,89.02498879999999,64.90984751020409,64.49703337235694,0.3266220441204339,13,64,,False,False,Request timeout: 300.0s exceeded,452,21.16838264042747
146,2026-09-14T02:12:44.790+00:00,2026-09-14T02:17:38.228+00:00,2026-09-14T02:17:44.826+00:00,False,96,95.0,,95.0,293438.401354,300036.29524199996,300036.295314,3125.3780761874996,0.035590000000000004,293438.401354,29941.849634557897,88.7231995,69.4515146105263,19.94476982434323,0.316628359656874,13,64,,False,False,Request timeout: 300.0s exceeded,359,21.16838264042747
147,2026-09-14T02:12:48.040+00:00,2026-09-14T02:17:41.495+00:00,2026-09-14T02:17:48.082+00:00,False,94,93.0,,93.0,293454.818249,300041.770441,300041.770482,3191.9337285319148,0.09688,293454.818249,30260.25406309502,88.44221265,70.82744292473117,19.031220131317124,0.3099568432198925,13,64,,False,False,Request timeout: 300.0s exceeded,267,21.16838264042747
148,2026-09-14T02:12:52.389+00:00,2026-09-14T02:17:45.925+00:00,2026-09-14T02:17:52.504+00:00,False,97,96.0,,96.0,293536.679005,300115.69442899997,300115.694615,3093.97623314433,0.01775,293536.679005,29797.183200127965,91.204576,68.53141066666667,21.07513680239329,0.3198766401825455,13,64,,False,False,Request timeout: 300.0s exceeded,430,21.16838264042747
149,2026-09-14T02:12:54.329+00:00,2026-09-14T02:17:48.084+00:00,2026-09-14T02:17:54.385+00:00,False,97,96.0,,96.0,293754.477132,300055.53876400006,300055.53868000006,3093.3560688659795,0.026059000000000002,293754.477132,29819.591205835008,89.8524878,65.63605866666667,21.051114700864698,0.31994076961700746,13,64,,False,False,Request timeout: 300.0s exceeded,398,21.16838264042747
150,2026-09-14T02:12:58.705+00:00,2026-09-14T02:17:53.045+00:00,2026-09-14T02:17:58.756+00:00,False,88,87.0,,87.0,294339.26186699996,300051.094955,300051.095039,3409.6715345340904,0.03518,294339.26186699996,31369.67908598709,90.73571034999999,65.65325388505747,21.086554567505832,0.28995061662097177,13,64,,False,False,Request timeout: 300.0s exceeded,407,21.16838264042747
151,2026-09-14T02:13:02.014+00:00,2026-09-14T02:17:55.539+00:00,2026-09-14T02:18:02.044+00:00,False,99,98.0,,98.0,293525.197425,300029.670257,300029.67036700004,3030.6027309797983,0.038689999999999995,293525.197425,29493.728313957636,88.09413310000002,66.37217175510204,19.91349483381181,0.3266343622484235,13,64,,False,False,Request timeout: 300.0s exceeded,381,21.16838264042747
152,2026-09-14T02:13:06.135+00:00,2026-09-14T02:17:59.940+00:00,2026-09-14T02:18:06.187+00:00,False,91,90.0,,90.0,293805.292254,300052.43619000004,300052.43629700004,3297.2795197472533,0.02899,293805.292254,30791.89351189382,90.19093349999999,69.41271040000001,20.364581624543014,0.2999475729735784,13,64,,False,False,Request timeout: 300.0s exceeded,405,21.16838264042747
153,2026-09-14T02:13:09.827+00:00,2026-09-14T02:18:03.529+00:00,2026-09-14T02:18:09.852+00:00,False,90,89.0,,89.0,293702.498469,300024.990117,300024.99011099996,3333.6110012333334,0.02162,293702.498469,30951.479740754156,89.2829925,71.039232,19.82609918085941,0.29664195627601847,13,64,,False,False,Request timeout: 300.0s exceeded,172,21.16838264042747
154,2026-09-14T02:13:12.879+00:00,2026-09-14T02:18:06.754+00:00,2026-09-14T02:18:12.936+00:00,False,90,89.0,,89.0,293874.597628,300056.792572,300056.792399,3333.964359988889,0.02515,293874.597628,30969.78715886536,92.50680205,69.46286453932585,20.46924006174344,0.2966105157530938,13,64,,False,False,Request timeout: 300.0s exceeded,420,21.16838264042747
155,2026-09-14T02:13:16.016+00:00,2026-09-14T02:18:09.340+00:00,2026-09-14T02:18:16.050+00:00,False,101,100.0,,100.0,293323.781557,300034.049205,300034.04911100003,2970.6341496138616,0.03376,293323.781557,29180.13709192217,89.079542,67.10267648,20.19072575151178,0.3332955051767289,13,64,,False,False,Request timeout: 300.0s exceeded,404,21.16838264042747
156,2026-09-14T02:13:19.358+00:00,2026-09-14T02:18:12.931+00:00,2026-09-14T02:18:19.426+00:00,False,97,96.0,,96.0,293572.965126,300068.347142,300068.347363,3093.48811714433,0.038340000000000006,293572.965126,29800.95548770565,89.26036540000001,67.66022933333333,20.401512230218582,0.3199271129872634,13,64,,False,False,Request timeout: 300.0s exceeded,505,21.16838264042747
157,2026-09-14T02:13:23.459+00:00,2026-09-14T02:18:17.214+00:00,2026-09-14T02:18:23.539+00:00,False,96,95.0,,95.0,293754.98113599996,300080.389904,300080.38976299996,3125.837393364583,0.06098,293754.98113599996,29974.453214151672,88.500313,66.58325018947369,20.03088605742791,0.3165818333893523,13,64,,False,False,Request timeout: 300.0s exceeded,495,21.16838264042747
158,2026-09-14T02:13:27.453+00:00,2026-09-14T02:18:20.870+00:00,2026-09-14T02:18:27.481+00:00,False,99,98.0,,98.0,293417.61076099996,300028.11111299996,300028.111146,3030.586981272727,0.037700000000000004,293417.61076099996,29482.80646001728,87.1453209,67.45408522448979,19.530582523103746,0.32663605965605713,13,64,,False,False,Request timeout: 300.0s exceeded,446,21.16838264042747
159,2026-09-14T02:13:30.492+00:00,2026-09-14T02:18:24.179+00:00,2026-09-14T02:18:30.551+00:00,False,92,91.0,,91.0,293687.317623,300058.558839,300058.558775,3261.5060736413043,0.019469999999999998,293687.317623,30611.726748811914,89.8693145,70.01363973626374,20.365827375218423,0.30327413539577497,13,64,,False,False,Request timeout: 300.0s exceeded,353,21.16838264042747
160,2026-09-14T02:13:34.105+00:00,2026-09-14T02:18:27.772+00:00,2026-09-14T02:18:34.123+00:00,False,99,98.0,,98.0,293667.162055,300018.399175,300018.399129,3030.4888800909093,0.0,293667.162055,29508.21355061823,93.63182589999998,64.80854204081633,63.09047192776169,0.3266466332381063,13,64,,False,False,Request timeout: 300.0s exceeded,417,21.16838264042747
161,2026-09-14T02:13:37.841+00:00,2026-09-14T02:18:32.015+00:00,2026-09-14T02:18:37.932+00:00,False,93,92.0,,92.0,294173.51152600005,300090.89367,300090.893647,3226.7838026559143,0.0,294173.51152600005,30497.76918989745,91.9782642,64.31937113043477,64.11707368357806,0.3065737812796457,13,64,,False,False,Request timeout: 300.0s exceeded,409,21.16838264042747
162,2026-09-14T02:13:41.810+00:00,2026-09-14T02:18:35.720+00:00,2026-09-14T02:18:41.847+00:00,False,91,90.0,,90.0,293909.88845599996,300037.27200799994,300037.271852,3297.112877494505,0.026719999999999997,293909.88845599996,30802.99815405684,89.9682745,68.08203946666667,21.101903382902332,0.2999627326221001,13,64,,False,False,Request timeout: 300.0s exceeded,378,21.16838264042747
163,2026-09-14T02:13:46.128+00:00,2026-09-14T02:18:39.624+00:00,2026-09-14T02:18:46.197+00:00,False,101,100.0,,100.0,293495.56768800004,300068.33594400005,300068.335964,2970.973623405941,0.04106,293495.56768800004,29197.368130492792,89.426371,65.72768256,21.419521138560274,0.33325742179828793,13,64,,False,False,Request timeout: 300.0s exceeded,417,21.16838264042747
164,2026-09-14T02:13:48.543+00:00,2026-09-14T02:18:42.490+00:00,2026-09-14T02:18:48.607+00:00,False,98,97.0,,97.0,293946.383302,300064.05063,300064.050658,3061.8780679387755,0.039270000000000006,293946.383302,29686.704881758542,90.005266,63.06873534020618,20.610290590050777,0.3232643157230714,13,64,,False,False,Request timeout: 300.0s exceeded,431,21.16838264042747
165,2026-09-14T02:13:51.463+00:00,2026-09-14T02:18:45.108+00:00,2026-09-14T02:18:51.531+00:00,False,96,95.0,,95.0,293645.181659,300068.506587,300068.506588,3125.7136102916666,0.03039,293645.181659,29963.142230216246,92.03329274999999,67.61394661052631,20.876122317489926,0.31659437066734053,13,64,,False,False,Request timeout: 300.0s exceeded,399,21.16838264042747
166,2026-09-14T02:13:55.361+00:00,2026-09-14T02:18:48.692+00:00,2026-09-14T02:18:55.394+00:00,False,98,97.0,,97.0,293331.390762,300033.53809,300033.538162,3061.5667159387754,0.03637,293331.390762,29623.972064639678,90.2255632,69.09430235051548,19.825686581101866,0.3232971907657312,13,64,,False,False,Request timeout: 300.0s exceeded,475,21.16838264042747
167,2026-09-14T02:13:59.521+00:00,2026-09-14T02:18:53.156+00:00,2026-09-14T02:18:59.569+00:00,False,105,104.0,,104.0,293634.229825,300047.96601699997,300047.965815,2857.5996744285712,0.01566,293634.229825,28650.302789661557,88.2793392,61.670540307692306,179.12677044800373,0.3466112481299327,13,64,,False,False,Request timeout: 300.0s exceeded,372,21.16838264042747
168,2026-09-14T02:14:03.611+00:00,2026-09-14T02:18:57.256+00:00,2026-09-14T02:19:03.624+00:00,False,103,102.0,,102.0,293644.292594,300012.897778,300012.897749,2912.746580087379,0.01577,293644.292594,28928.098907597607,91.1146145,62.4373057254902,190.2001054081485,0.33998538314668314,13,64,,False,False,Request timeout: 300.0s exceeded,444,21.16838264042747
169,2026-09-14T02:14:06.635+00:00,2026-09-14T02:19:00.489+00:00,2026-09-14T02:19:06.675+00:00,False,94,93.0,,93.0,293853.780433,300039.353809,300039.353736,3191.908018468085,0.01992,293853.780433,30301.850258196468,89.969902,66.51154167741936,20.938788932830622,0.30995933973115486,13,64,,False,False,Request timeout: 300.0s exceeded,432,21.16838264042747
170,2026-09-14T02:14:11.011+00:00,2026-09-14T02:19:04.584+00:00,2026-09-14T02:19:11.057+00:00,False,95,94.0,,94.0,293573.599574,300045.79951,300045.79961,3158.376838,0.039799999999999995,293573.599574,30112.957697297967,86.2886827,68.85319080851063,19.262097989276782,0.3132855055911794,13,64,,False,False,Request timeout: 300.0s exceeded,354,21.16838264042747
171,2026-09-14T02:14:15.226+00:00,2026-09-14T02:19:09.153+00:00,2026-09-14T02:19:15.274+00:00,False,88,87.0,,87.0,293927.779641,300048.37074499996,300048.37068999995,3409.640576022727,0.03986,293927.779641,31325.312936958817,88.3442707,70.35162188505747,19.26659550426589,0.289953249151078,13,64,,False,False,Request timeout: 300.0s exceeded,531,21.16838264042747
172,2026-09-14T02:14:17.678+00:00,2026-09-14T02:19:11.779+00:00,2026-09-14T02:19:17.753+00:00,False,86,85.0,,85.0,294100.93556300004,300075.50733900006,300075.507271,3489.250084546512,0.02206,294100.93556300004,31706.146235532156,89.82397275,70.28907971764706,19.975335251265005,0.28326203879070394,13,64,,False,False,Request timeout: 300.0s exceeded,413,21.16838264042747
173,2026-09-14T02:14:20.145+00:00,2026-09-14T02:19:13.879+00:00,2026-09-14T02:19:20.176+00:00,False,91,90.0,,90.0,293734.202024,300031.9354,300031.935199,3297.054232956044,0.0394,293734.202024,30784.382646407004,90.2015695,69.97481528888889,20.875088911540285,0.29996806799920406,13,64,,False,False,Request timeout: 300.0s exceeded,416,21.16838264042747
174,2026-09-14T02:14:24.329+00:00,2026-09-14T02:19:18.218+00:00,2026-09-14T02:19:24.357+00:00,False,91,90.0,,90.0,293889.19844199996,300027.75716199994,300027.757245,3297.008321373626,0.02228,293889.19844199996,30800.815520784352,87.808414,68.206208,20.019836200034913,0.2999722454059626,13,64,,False,False,Request timeout: 300.0s exceeded,377,21.16838264042747
175,2026-09-14T02:14:28.332+00:00,2026-09-14T02:19:22.246+00:00,2026-09-14T02:19:28.380+00:00,False,100,99.0,,99.0,293914.487705,300048.31605699996,300048.316077,3000.48316077,0.0,293914.487705,29385.328308396158,89.82758895,61.95786214141415,66.87310735202252,0.32994686089554004,13,64,,False,False,Request timeout: 300.0s exceeded,350,21.16838264042747
176,2026-09-14T02:14:32.567+00:00,2026-09-14T02:19:26.796+00:00,2026-09-14T02:19:32.609+00:00,False,97,96.0,,96.0,294229.28128500003,300041.91334900004,300041.91342600004,3093.215602329897,0.02205,294229.28128500003,29868.316328678018,89.0962352,60.54825066666666,20.304924293612245,0.3199552986730077,13,64,,False,False,Request timeout: 300.0s exceeded,475,21.16838264042747
177,2026-09-14T02:14:35.312+00:00,2026-09-14T02:19:29.153+00:00,2026-09-14T02:19:35.331+00:00,False,102,101.0,,101.0,293841.774154,300018.87930599996,300018.879244,2941.361561215686,0.03369,293841.774154,29088.622181230756,87.63802810000001,61.15945695049505,19.98831686102814,0.3366454812231549,13,64,,False,False,Request timeout: 300.0s exceeded,461,21.16838264042747
178,2026-09-14T02:14:37.680+00:00,2026-09-14T02:19:31.710+00:00,2026-09-14T02:19:37.744+00:00,False,100,99.0,,99.0,294030.20296100003,300064.434001,300064.433864,3000.64433864,0.03015,294030.20296100003,29396.931658768244,88.39043355,60.95182868686869,19.71687761978607,0.32992913781867955,13,64,,False,False,Request timeout: 300.0s exceeded,437,21.16838264042747
179,2026-09-14T02:14:41.027+00:00,2026-09-14T02:19:34.804+00:00,2026-09-14T02:19:41.080+00:00,False,92,91.0,,91.0,293776.52223299997,300052.38604099996,300052.386181,3261.4389802282603,0.023149999999999997,293776.52223299997,30621.135526266444,88.12967105,68.96553635164834,19.246443409747148,0.3032803744728946,13,64,,False,False,Request timeout: 300.0s exceeded,394,21.16838264042747
180,2026-09-14T02:14:44.701+00:00,2026-09-14T02:19:38.506+00:00,2026-09-14T02:19:44.748+00:00,False,92,91.0,,91.0,293805.10570599994,300047.0272419999,300047.0270809999,3261.3807291413036,0.02282,293805.10570599994,30624.155003959488,88.26256294999999,68.59254435164834,20.123825873014404,0.3032857910190354,13,64,,False,False,Request timeout: 300.0s exceeded,393,21.16838264042747
181,2026-09-14T02:14:48.707+00:00,2026-09-14T02:19:42.595+00:00,2026-09-14T02:19:48.745+00:00,False,93,92.0,,92.0,293888.18852200004,300038.96228200005,300038.96234100003,3226.2254015161293,0.038079999999999996,293888.18852200004,30467.85942520222,88.26344160000001,66.85623652173913,20.132286959110566,0.3066268437281529,13,64,,False,False,Request timeout: 300.0s exceeded,395,21.16838264042747
182,2026-09-14T02:14:52.600+00:00,2026-09-14T02:19:46.177+00:00,2026-09-14T02:19:52.670+00:00,False,101,100.0,,100.0,293577.735837,300070.385053,300070.38493500004,2970.993910247525,0.02631,293577.735837,29205.623569879826,88.85709200000001,64.92649216,20.979245336880172,0.3332551460629395,13,64,,False,False,Request timeout: 300.0s exceeded,530,21.16838264042747
183,2026-09-14T02:14:55.470+00:00,2026-09-14T02:19:49.099+00:00,2026-09-14T02:19:55.521+00:00,False,93,92.0,,92.0,293628.948518,300050.21751000005,300050.217536,3226.34642511828,0.02296,293628.948518,30440.672430586856,89.96884159999999,69.79640208695652,19.84995001427455,0.3066153418033561,13,64,,False,False,Request timeout: 300.0s exceeded,412,21.16838264042747
184,2026-09-14T02:14:59.679+00:00,2026-09-14T02:19:53.405+00:00,2026-09-14T02:19:59.707+00:00,False,92,91.0,,91.0,293725.92073799996,300028.11824199994,300028.11838799994,3261.175199869565,0.019309999999999997,293725.92073799996,30615.82965912097,87.42580364999999,69.25491762637364,19.04019145101018,0.3033049053309071,13,64,,False,False,Request timeout: 300.0s exceeded,417,21.16838264042747
185,2026-09-14T02:15:03.708+00:00,2026-09-14T02:19:57.521+00:00,2026-09-14T02:20:03.752+00:00,False,94,93.0,,93.0,293812.886428,300044.180892,300044.180884,3191.959371106383,0.02311,293812.886428,30297.58133309399,89.49522030000001,67.0031662795699,20.458980051119394,0.30995435313399755,13,64,,False,False,Request timeout: 300.0s exceeded,401,21.16838264042747
186,2026-09-14T02:15:08.054+00:00,2026-09-14T02:20:01.981+00:00,2026-09-14T02:20:08.083+00:00,False,90,89.0,,89.0,293926.452903,300028.109223,300028.109223,3333.6456580333333,0.04025,293926.452903,30975.348424615062,88.41705635,68.55793617977528,20.243629855472964,0.29663887237262004,13,64,,False,False,Request timeout: 300.0s exceeded,415,21.16838264042747
187,2026-09-14T02:15:11.013+00:00,2026-09-14T02:20:04.002+00:00,2026-09-14T02:20:11.035+00:00,False,107,106.0,,106.0,292989.12202,300021.773028,300021.773094,2803.9418046168225,0.02011,292989.12202,28317.92085764345,89.85604029999999,66.3457642264151,20.331383703770268,0.353307691405808,13,64,,False,False,Request timeout: 300.0s exceeded,173,21.16838264042747
188,2026-09-14T02:15:14.804+00:00,2026-09-14T02:20:08.300+00:00,2026-09-14T02:20:14.815+00:00,False,98,97.0,,97.0,293496.341806,300011.61963,300011.619733,3061.3430584999996,0.02048,293496.341806,29640.829977641883,90.40490750000001,67.16781261855671,20.914034567563153,0.32332081043937133,13,64,,False,False,Request timeout: 300.0s exceeded,364,21.16838264042747
189,2026-09-14T02:15:17.655+00:00,2026-09-14T02:20:11.123+00:00,2026-09-14T02:20:17.689+00:00,False,96,95.0,,95.0,293467.213814,300033.334774,300033.33470400004,3125.3472365000002,0.02185,293467.213814,29944.82500256873,89.963138,69.11706273684212,20.79791268165923,0.3166314838701464,13,64,,False,False,Request timeout: 300.0s exceeded,460,21.16838264042747
190,2026-09-14T02:15:20.718+00:00,2026-09-14T02:20:13.992+00:00,2026-09-14T02:20:20.771+00:00,False,99,98.0,,98.0,293274.37531,300052.894094,300052.89411,3030.837314242424,0.023719,293274.37531,29468.23885524974,90.02026310000001,69.16855902040817,20.142388129626124,0.32660908102855607,13,64,,False,False,Request timeout: 300.0s exceeded,436,21.16838264042747
191,2026-09-14T02:15:23.338+00:00,2026-09-14T02:20:16.901+00:00,2026-09-14T02:20:23.403+00:00,False,100,99.0,,99.0,293563.38101099996,300064.95771499997,300064.95793699997,3000.6495793699996,0.0,293563.38101099996,29349.8443699684,90.85019845,65.67249195959596,66.02674297231592,0.32992856198166814,13,64,,False,False,Request timeout: 300.0s exceeded,371,21.16838264042747
192,2026-09-14T02:15:26.577+00:00,2026-09-14T02:20:20.383+00:00,2026-09-14T02:20:26.650+00:00,False,96,95.0,,95.0,293806.28857200005,300073.1823960001,300073.18228300003,3125.762315447917,0.0,293806.28857200005,29979.820251063866,90.42574675,65.96730341052631,67.07789585162462,0.316589437421404,13,64,,False,False,Request timeout: 300.0s exceeded,295,21.16838264042747
193,2026-09-14T02:15:30.307+00:00,2026-09-14T02:20:23.779+00:00,2026-09-14T02:20:30.343+00:00,False,99,98.0,,98.0,293471.673995,300036.278155,300036.278018,3030.6694749292933,0.03133,293471.673995,29488.287007945713,88.2444148,66.98575673469388,19.4092499469442,0.3266271685631722,13,64,,False,False,Request timeout: 300.0s exceeded,393,21.16838264042747
194,2026-09-14T02:15:33.645+00:00,2026-09-14T02:20:27.193+00:00,2026-09-14T02:20:33.714+00:00,False,98,97.0,,97.0,293548.333528,300069.302744,300069.302763,3061.9316608469385,0.02281,293548.333528,29646.075466725015,88.5264234,67.2264867628866,20.126104881402007,0.32325865762668243,13,64,,False,False,Request timeout: 300.0s exceeded,364,21.16838264042747
195,2026-09-14T02:15:36.454+00:00,2026-09-14T02:20:30.257+00:00,2026-09-14T02:20:36.534+00:00,False,88,87.0,,87.0,293802.570713,300079.256537,300079.256684,3409.991553227273,0.02104,293802.570713,31311.774261126855,89.06008585,72.14581406896552,19.101433187040676,0.2899234055829275,13,64,,False,False,Request timeout: 300.0s exceeded,434,21.16838264042747
196,2026-09-14T02:15:39.312+00:00,2026-09-14T02:20:32.862+00:00,2026-09-14T02:20:39.352+00:00,False,90,89.0,,89.0,293550.165368,300040.31116,300040.31108799996,3333.781234311111,0.025079999999999998,293550.165368,30935.223250861658,90.61275350000001,72.92298642696629,18.83988675486754,0.2966268087641721,13,64,,False,False,Request timeout: 300.0s exceeded,335,21.16838264042747
197,2026-09-14T02:15:43.520+00:00,2026-09-14T02:20:37.037+00:00,2026-09-14T02:20:43.526+00:00,False,93,92.0,,92.0,293517.62435500004,300006.53136300005,300006.53137800004,3225.8766814838714,0.047869999999999996,293517.62435500004,30429.05247100621,89.87410820000001,70.53159791304348,19.930635893848653,0.30665999030761903,13,64,,False,False,Request timeout: 300.0s exceeded,299,21.16838264042747
198,2026-09-14T02:15:46.444+00:00,2026-09-14T02:20:40.283+00:00,2026-09-14T02:20:46.479+00:00,False,92,91.0,,91.0,293838.47732,300034.15988,300034.159662,3261.2408658913046,0.03836,293838.47732,30627.687264318498,88.75027655,68.08442373626373,20.207565701377295,0.3032987978315398,13,64,,False,False,Request timeout: 300.0s exceeded,440,21.16838264042747
199,2026-09-14T02:15:48.831+00:00,2026-09-14T02:20:42.580+00:00,2026-09-14T02:20:48.896+00:00,False,94,93.0,,93.0,293748.2418,300064.984712,300064.984866,3192.18069006383,0.027960000000000002,293748.2418,30290.818686445316,88.83986745,67.92196679569892,20.010031926463075,0.3099328636737161,13,64,,False,False,Request timeout: 300.0s exceeded,388,21.16838264042747
200,2026-09-14T02:15:52.207+00:00,2026-09-14T02:20:45.924+00:00,2026-09-14T02:20:52.269+00:00,False,94,93.0,,93.0,293717.359169,300062.414401,300062.414245,3192.153343031915,0.01943,293717.359169,30287.60367892119,92.12498215000001,68.22640034408602,22.449468729914397,0.30993551853420687,13,64,,False,False,Request timeout: 300.0s exceeded,383,21.16838264042747
201,2026-09-14T02:15:54.922+00:00,2026-09-14T02:20:48.767+00:00,2026-09-14T02:20:54.954+00:00,False,94,93.0,,93.0,293845.33336,300032.547952,300032.548049,3191.835617542553,0.02168,293845.33336,30300.978128387724,91.3858481,66.52918916129032,22.27065175385895,0.3099663707648091,13,64,,False,False,Request timeout: 300.0s exceeded,356,21.16838264042747
202,2026-09-14T02:15:58.374+00:00,2026-09-14T02:20:52.264+00:00,2026-09-14T02:20:58.430+00:00,False,91,90.0,,90.0,293889.88472000003,300055.861808,300055.861654,3297.3171610329673,0.02486,293889.88472000003,30800.85532654525,88.3002735,68.51085653333332,19.705986425514542,0.29994414859186874,13,64,,False,False,Request timeout: 300.0s exceeded,317,21.16838264042747
203,2026-09-14T02:16:01.717+00:00,2026-09-14T02:20:55.330+00:00,2026-09-14T02:21:01.761+00:00,False,96,95.0,,95.0,293613.537877,300044.425045,300044.425062,3125.4627610625,0.046060000000000004,293613.537877,29959.90401060897,89.09930675,67.69354913684211,20.188943827572782,0.31661978050667705,13,64,,False,False,Request timeout: 300.0s exceeded,309,21.16838264042747
204,2026-09-14T02:16:04.715+00:00,2026-09-14T02:20:58.298+00:00,2026-09-14T02:21:04.733+00:00,False,95,94.0,,94.0,293583.042254,300018.236878,300018.2367,3158.0867021052636,0.03658,293583.042254,30113.96749822519,89.86691769999999,68.45951727659575,20.206408619348185,0.31331428708523584,13,64,,False,False,Request timeout: 300.0s exceeded,403,21.16838264042747
205,2026-09-14T02:16:09.083+00:00,2026-09-14T02:21:02.680+00:00,2026-09-14T02:21:09.102+00:00,False,95,94.0,,94.0,293596.722144,300019.116768,300019.116756,3158.0959658526317,0.02599,293596.722144,30115.385524586054,90.42075570000002,68.3233470638298,20.988171286865892,0.3133133682034292,13,64,,False,False,Request timeout: 300.0s exceeded,449,21.16838264042747
206,2026-09-14T02:16:13.009+00:00,2026-09-14T02:21:06.728+00:00,2026-09-14T02:21:13.021+00:00,False,91,90.0,,90.0,293719.4559,300011.963804,300011.963857,3296.8347676593407,0.03707,293719.4559,30782.84245073672,90.13991999999999,69.91675448888888,20.164602719427364,0.29998803667308965,13,64,,False,False,Request timeout: 300.0s exceeded,429,21.16838264042747
207,2026-09-14T02:16:16.111+00:00,2026-09-14T02:21:09.835+00:00,2026-09-14T02:21:16.197+00:00,False,93,92.0,,92.0,293723.737433,300085.671769,300085.671694,3226.727652623656,0.03953,293723.737433,30450.568900104838,90.81177759999999,69.15146017391305,20.523268369808545,0.3065791160826225,13,64,,False,False,Request timeout: 300.0s exceeded,401,21.16838264042747
208,2026-09-14T02:16:19.264+00:00,2026-09-14T02:21:13.110+00:00,2026-09-14T02:21:19.287+00:00,False,98,97.0,,97.0,293846.556308,300023.456916,300023.45693,3061.4638462244898,0.0,293846.556308,29676.62876947125,89.04132090000002,63.679387711340205,67.82313975586997,0.3233080539671199,13,64,,False,False,Request timeout: 300.0s exceeded,414,21.16838264042747
209,2026-09-14T02:16:21.632+00:00,2026-09-14T02:21:15.382+00:00,2026-09-14T02:21:21.664+00:00,False,100,99.0,,99.0,293750.04691100004,300031.97510300006,300031.975151,3000.3197515100005,0.0,293750.04691100004,29368.734038009694,91.3921707,63.453820121212125,66.5896137924505,0.32996483113512687,13,64,,False,False,Request timeout: 300.0s exceeded,473,21.16838264042747
210,2026-09-14T02:16:25.359+00:00,2026-09-14T02:21:19.109+00:00,2026-09-14T02:21:25.389+00:00,False,96,95.0,,95.0,293750.763486,300029.852382,300029.852441,3125.3109629270834,0.03749,293750.763486,29974.072187851027,86.66193175000001,66.0956725894737,19.52969671363976,0.3166351589542675,13,64,,False,False,Request timeout: 300.0s exceeded,390,21.16838264042747
211,2026-09-14T02:16:28.027+00:00,2026-09-14T02:21:21.664+00:00,2026-09-14T02:21:28.115+00:00,False,96,95.0,,95.0,293636.534287,300087.352335,300087.352399,3125.909920822917,0.04832,293636.534287,29962.229101250578,85.77728875000001,67.90334787368421,19.334621480849762,0.31657448826416235,13,64,,False,False,Request timeout: 300.0s exceeded,485,21.16838264042747
212,2026-09-14T02:16:31.194+00:00,2026-09-14T02:21:25.051+00:00,2026-09-14T02:21:32.859+00:00,False,116,115.0,,115.0,293856.40573500004,301664.255207,301664.25528000004,2600.5539248275863,0.0304,293856.40573500004,27277.585725681976,90.29662400000001,67.89434323478261,19.958325789430482,0.38121851699362846,13,64,,False,False,Request timeout: 300.0s exceeded,165,21.16838264042747
213,2026-09-14T02:16:35.120+00:00,2026-09-14T02:21:28.894+00:00,2026-09-14T02:21:35.138+00:00,False,97,96.0,,96.0,293774.835892,300018.714548,300018.714652,3092.9764397113404,0.0223,293774.835892,29821.719208755174,91.0313974,65.04040266666667,21.623186405938245,0.3199800390606665,13,64,,False,False,Request timeout: 300.0s exceeded,226,21.16838264042747
214,2026-09-14T02:16:38.146+00:00,2026-09-14T02:21:32.395+00:00,2026-09-14T02:21:38.209+00:00,False,92,91.0,,91.0,294249.056192,300063.178176,300063.17834,3261.556286304348,0.03729,294249.056192,30670.930529602345,90.8920115,63.89145037362638,20.694141354197555,0.3032694666275399,13,64,,False,False,Request timeout: 300.0s exceeded,429,21.16838264042747
215,2026-09-14T02:16:41.266+00:00,2026-09-14T02:21:35.227+00:00,2026-09-14T02:21:41.343+00:00,False,91,90.0,,90.0,293961.21699299995,300077.18243299995,300077.18237199995,3297.551454637362,0.039009,293961.21699299995,30808.391330563867,88.5621485,67.95517155555555,19.863477918116168,0.29992283741898584,13,64,,False,False,Request timeout: 300.0s exceeded,468,21.16838264042747
216,2026-09-14T02:16:44.331+00:00,2026-09-14T02:21:38.084+00:00,2026-09-14T02:21:46.398+00:00,False,97,96.0,,96.0,293752.743265,302067.157601,302067.157581,3114.0944080515465,0.06136,293752.743265,29818.01941126054,88.87062599999999,86.60848266666667,211.32179617560806,0.31781012130688585,13,64,,False,False,Request timeout: 300.0s exceeded,451,21.16838264042747
217,2026-09-14T02:16:46.725+00:00,2026-09-14T02:21:40.125+00:00,2026-09-14T02:21:46.757+00:00,False,113,112.0,,112.0,293400.60809500003,300031.923039,300031.922947,2655.1497605929208,0.0155,293400.60809500003,27595.960970859567,90.78980239999999,59.208169142857145,200.7006468284865,0.3732936111116468,13,64,,False,False,Request timeout: 300.0s exceeded,295,21.16838264042747
218,2026-09-14T02:16:49.891+00:00,2026-09-14T02:21:43.454+00:00,2026-09-14T02:21:49.938+00:00,False,109,108.0,,108.0,293562.84506699996,300046.662539,300046.66247899993,2752.7216741192656,0.01576,293562.84506699996,28113.246246307972,88.27958339999999,60.03534696296296,209.80754716879687,0.3599440136614157,13,64,,False,False,Request timeout: 300.0s exceeded,349,21.16838264042747
219,2026-09-14T02:16:52.716+00:00,2026-09-14T02:21:47.506+00:00,2026-09-14T02:21:52.764+00:00,False,80,79.0,,79.0,294790.46783700003,300048.50636500004,300048.50635900005,3750.6063294875003,0.03633,294790.46783700003,32951.14091343397,88.29517444999999,66.55744972151899,20.016089036262716,0.26329076240725846,13,64,,False,False,Request timeout: 300.0s exceeded,269,21.16838264042747
220,2026-09-14T02:16:55.483+00:00,2026-09-14T02:21:49.243+00:00,2026-09-14T02:21:55.572+00:00,False,95,94.0,,94.0,293759.97684500006,300088.5185410001,300088.51854600006,3158.8265110105267,0.02794,293759.97684500006,30132.236541222643,87.420127,67.32491165957447,19.490084741763287,0.31324090790616865,13,64,,False,False,Request timeout: 300.0s exceeded,358,21.16838264042747
221,2026-09-14T02:16:59.514+00:00,2026-09-14T02:21:53.488+00:00,2026-09-14T02:21:59.563+00:00,False,87,86.0,,86.0,293973.387269,300048.765957,300048.765865,3448.8363892528737,0.02897,293973.387269,31509.687526024347,89.393357,70.64393823255814,19.577340434922295,0.28662007565905023,13,64,,False,False,Request timeout: 300.0s exceeded,372,21.16838264042747
222,2026-09-14T02:17:03.389+00:00,2026-09-14T02:21:56.800+00:00,2026-09-14T02:22:03.444+00:00,False,98,97.0,,97.0,293410.551284,300054.94117199996,300054.940948,3061.7851117142854,0.02618,293410.551284,29632.0284465349,87.73637435,68.49886482474227,19.54402136323411,0.3232741298014381,13,64,,False,False,Request timeout: 300.0s exceeded,414,21.16838264042747
223,2026-09-14T02:17:07.292+00:00,2026-09-14T02:22:01.253+00:00,2026-09-14T02:22:07.318+00:00,False,90,89.0,,89.0,293961.086727,300026.068487,300026.068525,3333.622983611111,0.026,293961.086727,30979.042601699588,89.75656685,68.14586247191012,20.26827540781543,0.2966408900693785,13,64,,False,False,Request timeout: 300.0s exceeded,405,21.16838264042747
224,2026-09-14T02:17:10.303+00:00,2026-09-14T02:22:03.700+00:00,2026-09-14T02:22:10.318+00:00,False,100,99.0,,99.0,293397.03974000004,300014.76620400004,300014.76616000006,3000.1476616000004,0.03531,293397.03974000004,29333.026355986516,89.4313714,66.84572185858586,20.30108802669786,0.3299837579750434,13,64,,False,False,Request timeout: 300.0s exceeded,489,21.16838264042747
225,2026-09-14T02:17:12.924+00:00,2026-09-14T02:22:06.380+00:00,2026-09-14T02:22:12.961+00:00,False,104,103.0,,103.0,293455.662038,300036.97455,300036.974646,2884.9709100576924,0.0,293455.662038,28769.504661658568,88.78472215000002,63.89623798058253,66.0424355481795,0.3432910232296568,13,64,,False,False,Request timeout: 300.0s exceeded,472,21.16838264042747
226,2026-09-14T02:17:17.146+00:00,2026-09-14T02:22:10.706+00:00,2026-09-14T02:22:17.161+00:00,False,104,103.0,,103.0,293559.895105,300015.504449,300015.504408,2884.7644654615383,0.0,293559.895105,28779.844982213268,87.45684464999998,62.675818873786405,65.9465861476725,0.3433155902697992,13,64,,False,False,Request timeout: 300.0s exceeded,489,21.16838264042747
227,2026-09-14T02:17:19.999+00:00,2026-09-14T02:22:13.970+00:00,2026-09-14T02:22:20.080+00:00,False,88,87.0,,87.0,293970.853679,300081.684783,300081.68474,3410.019144772727,0.02452,293970.853679,31329.9166034945,88.5059835,70.23943797701149,19.267717491146453,0.2899210595372153,13,64,,False,False,Request timeout: 300.0s exceeded,193,21.16838264042747
228,2026-09-14T02:17:23.794+00:00,2026-09-14T02:22:17.333+00:00,2026-09-14T02:22:23.855+00:00,False,96,95.0,,95.0,293539.23289700004,300061.924737,300061.92472600006,3125.645049229167,0.025248999999999997,293539.23289700004,29952.221604467606,88.9844995,68.65991410526316,20.1011764136478,0.31660131515608364,13,64,,False,False,Request timeout: 300.0s exceeded,468,21.16838264042747
229,2026-09-14T02:17:27.376+00:00,2026-09-14T02:22:20.922+00:00,2026-09-14T02:22:27.433+00:00,False,98,97.0,,97.0,293545.40575700003,300056.53868500004,300056.53857200005,3061.8014140000005,0.02407,293545.40575700003,29645.79019934507,89.6475292,67.12508173195876,20.477985502690906,0.32327240867705537,13,64,,False,False,Request timeout: 300.0s exceeded,414,21.16838264042747
230,2026-09-14T02:17:31.551+00:00,2026-09-14T02:22:25.743+00:00,2026-09-14T02:22:31.588+00:00,False,85,84.0,,84.0,294191.65295200003,300037.481304,300037.481243,3529.8527205058826,0.03646,294191.65295200003,31902.022853845123,89.21967140000001,69.59319466666668,20.19333211773458,0.2799650218196927,13,64,,False,False,Request timeout: 300.0s exceeded,390,21.16838264042747
231,2026-09-14T02:17:35.858+00:00,2026-09-14T02:22:29.565+00:00,2026-09-14T02:22:35.932+00:00,False,90,89.0,,89.0,293706.621785,300074.158169,300074.158163,3334.1573129222224,0.038909,293706.621785,30951.861809455593,90.87438399999999,71.54535262921348,21.02592084048488,0.2965933506006063,13,64,,False,False,Request timeout: 300.0s exceeded,413,21.16838264042747
232,2026-09-14T02:17:38.807+00:00,2026-09-14T02:22:32.577+00:00,2026-09-14T02:22:38.816+00:00,False,92,91.0,,91.0,293769.093018,300008.094362,300008.094138,3260.957544978261,0.036270000000000004,293769.093018,30620.40489512825,92.17415360000001,68.56045432967032,21.78873393024599,0.3033251492547941,13,64,,False,False,Request timeout: 300.0s exceeded,302,21.16838264042747
233,2026-09-14T02:17:41.384+00:00,2026-09-14T02:22:35.299+00:00,2026-09-14T02:22:41.452+00:00,False,88,87.0,,87.0,293914.840305,300068.07883300004,300068.07875700004,3409.8645313295456,0.02028,293914.840305,31323.894886025908,91.322237,70.72687963218391,21.281668188996033,0.289934205392167,13,64,,False,False,Request timeout: 300.0s exceeded,359,21.16838264042747
234,2026-09-14T02:17:45.220+00:00,2026-09-14T02:22:39.036+00:00,2026-09-14T02:22:45.231+00:00,False,89,88.0,,88.0,293815.494501,300011.07901299995,300011.079184,3370.9110020674157,0.02178,293815.494501,31136.924309807808,92.12925739999999,70.40436945454546,21.04298901439824,0.2933225009206637,13,64,,False,False,Request timeout: 300.0s exceeded,423,21.16838264042747
235,2026-09-14T02:17:49.342+00:00,2026-09-14T02:22:42.933+00:00,2026-09-14T02:22:49.369+00:00,False,95,94.0,,94.0,293591.33370200003,300026.73645400006,300026.73650800006,3158.1761737684214,0.0211,293591.33370200003,30114.817524411686,88.9815121,68.46173140425532,19.546660052338805,0.3133054110809622,13,64,,False,False,Request timeout: 300.0s exceeded,459,21.16838264042747
236,2026-09-14T02:17:52.338+00:00,2026-09-14T02:22:46.204+00:00,2026-09-14T02:22:52.345+00:00,False,90,89.0,,89.0,293866.196267,300007.029547,300007.029516,3333.4114390666664,0.02876,293866.196267,30968.949470876007,87.12918295,68.99812674157303,18.719781893006996,0.29665971538862557,13,64,,False,False,Request timeout: 300.0s exceeded,340,21.16838264042747
237,2026-09-14T02:17:56.647+00:00,2026-09-14T02:22:50.684+00:00,2026-09-14T02:22:56.685+00:00,False,92,91.0,,91.0,294036.58678500005,300038.220833,300038.22072800004,3261.285007913044,0.05289,294036.58678500005,30648.564248454826,89.62520805,65.95202250549451,20.709032687999933,0.303294692747329,13,64,,False,False,Request timeout: 300.0s exceeded,263,21.16838264042747
238,2026-09-14T02:18:00.309+00:00,2026-09-14T02:22:53.860+00:00,2026-09-14T02:23:00.317+00:00,False,94,93.0,,93.0,293550.755689,300008.522857,300008.52296800003,3191.580031574468,0.03658,293550.755689,30270.293657533883,90.74119465,69.43835664516129,20.771367975186052,0.3099911932979609,13,64,,False,False,Request timeout: 300.0s exceeded,390,21.16838264042747
239,2026-09-14T02:18:03.014+00:00,2026-09-14T02:22:56.954+00:00,2026-09-14T02:23:03.046+00:00,False,89,88.0,,88.0,293940.003391,300031.082815,300031.08297399996,3371.1357637528085,0.02053,293940.003391,31150.248102357375,90.0325818,69.21681163636364,21.04106573535812,0.29330294439613463,13,64,,False,False,Request timeout: 300.0s exceeded,465,21.16838264042747
240,2026-09-14T02:18:07.340+00:00,2026-09-14T02:23:01.051+00:00,2026-09-14T02:23:07.363+00:00,False,98,97.0,,97.0,293711.449992,300023.39367200003,300023.393669,3061.463200704082,0.0,293711.449992,29662.83836645611,88.64529864999999,65.07158432989691,66.93046683542356,0.3233081221194539,13,64,,False,False,Request timeout: 300.0s exceeded,368,21.16838264042747
241,2026-09-14T02:18:11.113+00:00,2026-09-14T02:23:04.681+00:00,2026-09-14T02:23:11.139+00:00,False,101,100.0,,100.0,293568.528291,300026.167203,300026.16725,2970.5561113861386,0.0,293568.528291,29204.808315903116,90.06094000000002,64.57638912,65.87618807739797,0.33330426119912143,13,64,,False,False,Request timeout: 300.0s exceeded,482,21.16838264042747
242,2026-09-14T02:18:14.458+00:00,2026-09-14T02:23:08.440+00:00,2026-09-14T02:23:14.470+00:00,False,87,86.0,,86.0,293982.389233,300011.833585,300011.833476,3448.411879034483,0.034390000000000004,293982.389233,31510.70982273324,88.218308,70.10981804651163,19.44882249975859,0.28665535946479354,13,64,,False,False,Request timeout: 300.0s exceeded,376,21.16838264042747
243,2026-09-14T02:18:18.619+00:00,2026-09-14T02:23:12.567+00:00,2026-09-14T02:23:18.698+00:00,False,87,86.0,,86.0,293948.070653,300078.60914899997,300078.60916299996,3449.1794156666665,0.046509999999999996,293948.070653,31506.904813824185,90.5516163,71.28533134883722,20.025049003838447,0.2865915709349941,13,64,,False,False,Request timeout: 300.0s exceeded,379,21.16838264042747
244,2026-09-14T02:18:21.928+00:00,2026-09-14T02:23:15.568+00:00,2026-09-14T02:23:21.963+00:00,False,94,93.0,,93.0,293639.706619,300034.837243,300034.837301,3191.859971287234,0.02581,293639.706619,30279.537753048222,88.7864445,68.76484541935484,20.833641723754667,0.30996400569537447,13,64,,False,False,Request timeout: 300.0s exceeded,356,21.16838264042747
245,2026-09-14T02:18:24.856+00:00,2026-09-14T02:23:18.693+00:00,2026-09-14T02:23:24.939+00:00,False,94,93.0,,93.0,293836.661959,300082.86048699997,300082.860444,3192.3708557872337,0.02367,293836.661959,30300.01701509228,88.14234365,67.16342503225806,20.388710958959933,0.309914401139311,13,64,,False,False,Request timeout: 300.0s exceeded,393,21.16838264042747
246,2026-09-14T02:18:28.838+00:00,2026-09-14T02:23:22.307+00:00,2026-09-14T02:23:28.846+00:00,False,97,96.0,,96.0,293468.974262,300007.792566,300007.792549,3092.8638407113403,0.02076,293468.974262,29790.35103868195,90.046378,68.11269066666667,20.63808159622626,0.3199916881455022,13,64,,False,False,Request timeout: 300.0s exceeded,274,21.16838264042747
247,2026-09-14T02:18:32.428+00:00,2026-09-14T02:23:25.985+00:00,2026-09-14T02:23:32.711+00:00,False,101,100.0,,100.0,293557.160601,300283.237273,300283.237083,2973.1013572574257,0.02177,293557.160601,29203.344436421055,90.940828,67.26076671999999,21.59913466777957,0.3330189220954942,13,64,,False,False,Request timeout: 300.0s exceeded,474,21.16838264042747
248,2026-09-14T02:18:36.269+00:00,2026-09-14T02:23:29.635+00:00,2026-09-14T02:23:36.357+00:00,False,101,100.0,,100.0,293365.601161,300087.58746500005,300087.58766200003,2971.164234277228,0.03691,293365.601161,29184.287263556733,90.940818,67.21986304,21.086684927104535,0.3332360423326847,13,64,,False,False,Request timeout: 300.0s exceeded,461,21.16838264042747
249,2026-09-14T02:18:39.840+00:00,2026-09-14T02:23:33.860+00:00,2026-09-14T02:23:39.849+00:00,False,88,87.0,,87.0,294020.131275,300009.66369099997,300009.66371399997,3409.200724022727,0.04926,294020.131275,31335.318795573927,87.88349685000001,68.84520018390805,20.164140807297073,0.2899906587329371,13,64,,False,False,Request timeout: 300.0s exceeded,302,21.16838264042747
250,2026-09-14T02:18:42.622+00:00,2026-09-14T02:23:36.055+00:00,2026-09-14T02:23:42.669+00:00,False,97,96.0,,96.0,293432.53324,300046.21772,300046.21773000003,3093.2599765979385,0.03721,293432.53324,29786.570771770468,88.31088179999999,68.89254666666668,19.02906643545213,0.31995070869243947,13,64,,False,False,Request timeout: 300.0s exceeded,500,21.16838264042747
251,2026-09-14T02:18:45.358+00:00,2026-09-14T02:23:38.947+00:00,2026-09-14T02:23:45.418+00:00,False,97,96.0,,96.0,293589.161006,300060.374062,300060.374028,3093.405917814433,0.02011,293589.161006,29802.62426197321,88.2518796,67.40846933333333,18.49619494558502,0.31993561395802295,13,64,,False,False,Request timeout: 300.0s exceeded,492,21.16838264042747
252,2026-09-14T02:18:48.016+00:00,2026-09-14T02:23:41.896+00:00,2026-09-14T02:23:48.044+00:00,False,94,93.0,,93.0,293879.11399800004,300027.9447180001,300027.94484000007,3191.786647234043,0.02348,293879.11399800004,30304.50305830939,88.02041545,66.11645935483871,19.567845361039453,0.3099711264809411,13,64,,False,False,Request timeout: 300.0s exceeded,401,21.16838264042747
253,2026-09-14T02:18:52.279+00:00,2026-09-14T02:23:46.220+00:00,2026-09-14T02:23:52.304+00:00,False,90,89.0,,89.0,293941.82946499996,300024.99157699995,300024.991664,3333.6110184888885,0.023190000000000002,293941.82946499996,30976.991226756647,88.45358544999999,68.35013608988763,20.346424921368786,0.29664195483248135,13,64,,False,False,Request timeout: 300.0s exceeded,461,21.16838264042747
254,2026-09-14T02:18:55.633+00:00,2026-09-14T02:23:48.823+00:00,2026-09-14T02:23:55.665+00:00,False,99,98.0,,98.0,293189.988548,300032.151236,300032.151075,3030.6277886363637,0.0257,293189.988548,29459.692304461703,89.6790927,69.81798661224491,20.002514761466767,0.3266316612945755,13,64,,False,False,Request timeout: 300.0s exceeded,462,21.16838264042747
255,2026-09-14T02:18:59.261+00:00,2026-09-14T02:23:51.835+00:00,2026-09-14T02:23:59.370+00:00,False,114,113.0,,113.0,292573.933306,300108.881658,300108.881841,2632.5340512368425,0.02794,292573.933306,27395.821960283796,89.31685265,66.68095886725663,20.667909194429704,0.3765300092943376,13,64,,False,False,Request timeout: 300.0s exceeded,526,21.16838264042747
256,2026-09-14T02:19:01.794+00:00,2026-09-14T02:23:55.619+00:00,2026-09-14T02:24:01.800+00:00,False,103,102.0,,102.0,293824.974628,300005.787684,300005.787535,2912.677548883495,0.0,293824.974628,28945.538560580942,90.75104219999999,60.59620643137254,65.89327925747038,0.33999344075134286,13,64,,False,False,Request timeout: 300.0s exceeded,488,21.16838264042747
257,2026-09-14T02:19:06.024+00:00,2026-09-14T02:24:00.569+00:00,2026-09-14T02:24:06.038+00:00,False,86,85.0,,85.0,294544.86093699996,300014.66573699994,300014.66574599996,3488.542624953488,0.0,294544.86093699996,31754.72926264487,91.94941575000001,64.35064470588236,71.33555273959017,0.2833194830365827,13,64,,False,False,Request timeout: 300.0s exceeded,254,21.16838264042747
258,2026-09-14T02:19:08.946+00:00,2026-09-14T02:24:02.909+00:00,2026-09-14T02:24:08.965+00:00,False,92,91.0,,91.0,293962.418335,300018.363551,300018.363516,3261.0691686521736,0.02147,293962.418335,30640.76937962959,89.506014,66.54884852747253,20.631604234525323,0.30331476687936454,13,64,,False,False,Request timeout: 300.0s exceeded,375,21.16838264042747
259,2026-09-14T02:19:12.510+00:00,2026-09-14T02:24:06.116+00:00,2026-09-14T02:24:12.579+00:00,False,97,96.0,,96.0,293605.851717,300068.463429,300068.463509,3093.4893145257734,0.040670000000000005,293605.851717,29804.328432036436,86.93191879999999,67.318872,19.118075635984617,0.3199269890043437,13,64,,False,False,Request timeout: 300.0s exceeded,397,21.16838264042747
260,2026-09-14T02:19:15.745+00:00,2026-09-14T02:24:09.714+00:00,2026-09-14T02:24:15.797+00:00,False,91,90.0,,90.0,293969.106057,300052.357513,300052.35744,3297.2786531868132,0.0223,293969.106057,30809.256404998865,86.9410065,67.59168284444443,19.819548497988414,0.2999476516231027,13,64,,False,False,Request timeout: 300.0s exceeded,381,21.16838264042747
261,2026-09-14T02:19:18.953+00:00,2026-09-14T02:24:12.956+00:00,2026-09-14T02:24:18.986+00:00,False,90,89.0,,89.0,294003.209202,300033.144562,300033.144549,3333.7016061,0.0357,294003.209202,30983.524398939448,89.21957600000002,67.75208269662922,20.562007736425915,0.29663389399836354,13,64,,False,False,Request timeout: 300.0s exceeded,541,21.16838264042747
262,2026-09-14T02:19:22.449+00:00,2026-09-14T02:24:16.255+00:00,2026-09-14T02:24:22.498+00:00,False,91,90.0,,90.0,293805.704608,300048.467872,300048.467806,3297.235909956044,0.02221,293805.704608,30791.941219067736,90.12192999999999,69.36403626666666,19.390367841624645,0.2999515399571838,13,64,,False,False,Request timeout: 300.0s exceeded,414,21.16838264042747
263,2026-09-14T02:19:26.433+00:00,2026-09-14T02:24:19.836+00:00,2026-09-14T02:24:26.682+00:00,False,101,100.0,,100.0,293403.69882499997,300248.898697,300248.89865999995,2972.7613728712868,0.022,293403.69882499997,29187.954576705604,88.88060300000001,68.45199871999999,19.72375216907253,0.3330570084818738,13,64,,False,False,Request timeout: 300.0s exceeded,479,21.16838264042747
264,2026-09-14T02:19:29.608+00:00,2026-09-14T02:24:23.185+00:00,2026-09-14T02:24:29.687+00:00,False,99,98.0,,98.0,293577.623666,300078.937202,300078.937378,3031.100377555556,0.04051,293577.623666,29499.000775308905,88.63777280000001,66.33993404081633,20.191608640090205,0.32658073543505883,13,64,,False,False,Request timeout: 300.0s exceeded,286,21.16838264042747
265,2026-09-14T02:19:32.467+00:00,2026-09-14T02:24:26.276+00:00,2026-09-14T02:24:32.519+00:00,False,95,94.0,,94.0,293808.287287,300051.27173499996,300051.271703,3158.434438978947,0.046369999999999995,293808.287287,30137.286692884365,88.432341,66.41472817021277,19.835661815560385,0.3132797920050783,13,64,,False,False,Request timeout: 300.0s exceeded,425,21.16838264042747
266,2026-09-14T02:19:35.131+00:00,2026-09-14T02:24:28.859+00:00,2026-09-14T02:24:35.161+00:00,False,94,93.0,,93.0,293728.127733,300029.52830899996,300029.52835499996,3191.8034931382977,0.021729,293728.127733,30288.761215741168,89.91057515,67.75699544086021,20.194085252183132,0.3099694904170214,13,64,,False,False,Request timeout: 300.0s exceeded,390,21.16838264042747
267,2026-09-14T02:19:38.755+00:00,2026-09-14T02:24:32.523+00:00,2026-09-14T02:24:38.762+00:00,False,92,91.0,,91.0,293767.96400599997,300006.90211799997,300006.90232999995,3260.9445905434777,0.03743,293767.96400599997,30620.286000222462,88.62048105,68.55975947252747,19.919263648852557,0.3033263546856915,13,64,,False,False,Request timeout: 300.0s exceeded,290,21.16838264042747
268,2026-09-14T02:19:42.091+00:00,2026-09-14T02:24:36.131+00:00,2026-09-14T02:24:42.175+00:00,False,87,86.0,,86.0,294039.408744,300083.84548,300083.8454,3449.239602298851,0.03456,294039.408744,31516.805020458185,89.6908742,70.28414809302326,20.65086871241885,0.2865865700382453,13,64,,False,False,Request timeout: 300.0s exceeded,231,21.16838264042747
269,2026-09-14T02:19:44.860+00:00,2026-09-14T02:24:38.293+00:00,2026-09-14T02:24:44.904+00:00,False,94,93.0,,93.0,293433.463814,300043.94343000004,300043.943365,3191.956844308511,0.03621,293433.463814,30258.026029166584,90.88448815,71.08042597849463,19.9730589622564,0.30995459843933426,13,64,,False,False,Request timeout: 300.0s exceeded,235,21.16838264042747
270,2026-09-14T02:19:47.641+00:00,2026-09-14T02:24:41.353+00:00,2026-09-14T02:24:47.727+00:00,False,103,102.0,,102.0,293711.690277,300085.53834100004,300085.538317,2913.4518283203884,0.01532,293711.690277,28934.945801769914,89.59417210000001,62.48870650980392,220.27197150369327,0.33990308418026144,13,64,,False,False,Request timeout: 300.0s exceeded,430,21.16838264042747
271,2026-09-14T02:19:50.601+00:00,2026-09-14T02:24:44.152+00:00,2026-09-14T02:24:50.633+00:00,False,108,107.0,,107.0,293550.978158,300031.78763,300031.787701,2778.0721083425924,0.01516,293550.978158,28241.96567933476,92.54548924999999,60.5683128224299,218.5620264178049,0.3566288787105208,13,64,,False,False,Request timeout: 300.0s exceeded,515,21.16838264042747
272,2026-09-14T02:19:53.349+00:00,2026-09-14T02:24:47.826+00:00,2026-09-14T02:24:53.422+00:00,False,83,82.0,,82.0,294477.69331,300073.321598,300073.321573,3615.3412237710845,0.03701,294477.69331,32315.64344249618,91.6438604,68.23936936585365,22.294530852400843,0.27326654553400503,13,64,,False,False,Request timeout: 300.0s exceeded,377,21.16838264042747
273,2026-09-14T02:19:57.735+00:00,2026-09-14T02:24:51.528+00:00,2026-09-14T02:24:57.746+00:00,False,94,93.0,,93.0,293792.746826,300010.77511399996,300010.775186,3191.603991340425,0.0,293792.746826,30295.591818969933,89.603392,66.86051922580646,69.93321000200838,0.30998886611542964,13,64,,False,False,Request timeout: 300.0s exceeded,471,21.16838264042747
274,2026-09-14T02:20:00.179+00:00,2026-09-14T02:24:54.023+00:00,2026-09-14T02:25:00.204+00:00,False,95,94.0,,94.0,293844.799268,300024.835876,300024.835948,3158.1561678736844,0.0,293844.799268,30141.17351555165,88.3300394,65.74507029787235,69.17068407164652,0.3133073957878944,13,64,,False,False,Request timeout: 300.0s exceeded,427,21.16838264042747
275,2026-09-14T02:20:03.099+00:00,2026-09-14T02:24:57.162+00:00,2026-09-14T02:25:03.108+00:00,False,90,89.0,,89.0,294062.16191100003,300008.045815,300008.04573600006,3333.4227304000005,0.024390000000000002,294062.16191100003,30989.8375783777,85.76726994999999,66.80768431460675,19.739615802965055,0.2966587104629916,13,64,,False,False,Request timeout: 300.0s exceeded,387,21.16838264042747
276,2026-09-14T02:20:06.477+00:00,2026-09-14T02:24:59.867+00:00,2026-09-14T02:25:06.523+00:00,False,101,100.0,,100.0,293389.770894,300045.574542,300045.57449900004,2970.748262366337,0.04007,293389.770894,29186.757106401838,88.248034,66.55803648,19.654956043765605,0.33328270264490145,13,64,,False,False,Request timeout: 300.0s exceeded,480,21.16838264042747
277,2026-09-14T02:20:09.900+00:00,2026-09-14T02:25:03.715+00:00,2026-09-14T02:25:09.944+00:00,False,92,91.0,,91.0,293815.07511900004,300044.040495,300044.04031500005,3261.3482642934787,0.04104,293815.07511900004,30625.20955049635,89.1322145,68.45016896703297,20.61021725775263,0.30328881003559355,13,64,,False,False,Request timeout: 300.0s exceeded,452,21.16838264042747
278,2026-09-14T02:20:13.299+00:00,2026-09-14T02:25:07.278+00:00,2026-09-14T02:25:13.338+00:00,False,86,85.0,,85.0,293978.692965,300038.837605,300038.837678,3488.8236939302324,0.02248,293978.692965,31692.85530088681,87.719025,71.29581929411765,18.955141630802874,0.28329665812098026,13,64,,False,False,Request timeout: 300.0s exceeded,359,21.16838264042747
279,2026-09-14T02:20:16.182+00:00,2026-09-14T02:25:10.107+00:00,2026-09-14T02:25:16.191+00:00,False,88,87.0,,87.0,293925.67552,300009.20448,300009.204433,3409.1955049204544,0.06337,293925.67552,31325.134764930714,89.53508585,69.92562022988506,20.41040990805971,0.2899911026089862,13,64,,False,False,Request timeout: 300.0s exceeded,359,21.16838264042747
280,2026-09-14T02:20:19.082+00:00,2026-09-14T02:25:12.819+00:00,2026-09-14T02:25:19.104+00:00,False,90,89.0,,89.0,293736.427161,300022.02690500004,300022.026848,3333.5780760888892,0.022010000000000002,293736.427161,30955.100417526104,90.22437590000001,70.62471622471911,20.730012947733716,0.29664488610425016,13,64,,False,False,Request timeout: 300.0s exceeded,485,21.16838264042747
281,2026-09-14T02:20:22.691+00:00,2026-09-14T02:25:16.281+00:00,2026-09-14T02:25:22.728+00:00,False,96,95.0,,95.0,293589.983034,300036.96825,300036.968068,3125.3850840416662,0.02859,293589.983034,29957.48313320995,91.04853475,67.8630022736842,20.885765257268407,0.3166276494329962,13,64,,False,False,Request timeout: 300.0s exceeded,396,21.16838264042747
282,2026-09-14T02:20:26.654+00:00,2026-09-14T02:25:20.447+00:00,2026-09-14T02:25:26.683+00:00,False,95,94.0,,94.0,293792.55904799997,300028.22676,300028.22676,3158.1918606315785,0.02909,293792.55904799997,30135.681670715425,90.02675719999999,66.3368905531915,20.846142785829972,0.31330385482427603,13,64,,False,False,Request timeout: 300.0s exceeded,494,21.16838264042747
283,2026-09-14T02:20:29.144+00:00,2026-09-14T02:25:23.070+00:00,2026-09-14T02:25:29.206+00:00,False,91,90.0,,90.0,293926.05575700005,300062.1837570001,300062.18379000004,3297.3866350549456,0.02521,293926.05575700005,30804.68257385907,91.21379250000001,68.1792,20.822479129215672,0.29993782912972755,13,64,,False,False,Request timeout: 300.0s exceeded,493,21.16838264042747
284,2026-09-14T02:20:31.581+00:00,2026-09-14T02:25:25.174+00:00,2026-09-14T02:25:31.620+00:00,False,92,91.0,,91.0,293592.957083,300039.607707,300039.607622,3261.300082847826,0.0217,293592.957083,30601.802696166636,93.17696950000001,70.84231454945055,20.527478975883266,0.30329329082733947,13,64,,False,False,Request timeout: 300.0s exceeded,398,21.16838264042747
285,2026-09-14T02:20:34.095+00:00,2026-09-14T02:25:28.030+00:00,2026-09-14T02:25:34.154+00:00,False,87,86.0,,86.0,293934.230005,300059.001845,300059.001792,3448.9540435862073,0.03792,293934.230005,31505.428223173683,89.646098,71.21827720930231,20.172919394265882,0.2866102982120316,13,64,,False,False,Request timeout: 300.0s exceeded,421,21.16838264042747
286,2026-09-14T02:20:37.852+00:00,2026-09-14T02:25:31.876+00:00,2026-09-14T02:25:37.887+00:00,False,89,88.0,,88.0,294024.193908,300034.981236,300034.98147400003,3371.1795671235955,0.03174,294024.193908,31159.268570469336,90.8108024,68.30440145454546,20.3991761531554,0.2932991334459811,13,64,,False,False,Request timeout: 300.0s exceeded,357,21.16838264042747
287,2026-09-14T02:20:41.823+00:00,2026-09-14T02:25:35.648+00:00,2026-09-14T02:25:41.864+00:00,False,91,90.0,,90.0,293825.40363099996,300041.061359,300041.06135499995,3297.154520384615,0.03932,293825.40363099996,30794.037988196393,87.8305645,69.06286364444445,19.67642558853886,0.29995894426034825,13,64,,False,False,Request timeout: 300.0s exceeded,373,21.16838264042747
288,2026-09-14T02:20:45.387+00:00,2026-09-14T02:25:39.129+00:00,2026-09-14T02:25:45.459+00:00,False,96,95.0,,95.0,293741.758419,300072.157139,300072.156962,3125.7516350208334,0.03686,293741.758419,29973.09891300997,90.33919924999998,66.635776,20.914679094414854,0.31659051911302094,13,64,,False,False,Request timeout: 300.0s exceeded,299,21.16838264042747
289,2026-09-14T02:20:48.062+00:00,2026-09-14T02:25:41.650+00:00,2026-09-14T02:25:48.125+00:00,False,95,94.0,,94.0,293587.886186,300063.385962,300063.385804,3158.5619558315793,0.02578,293587.886186,30114.420691658797,90.22204300000001,68.88829548936171,20.517850215795185,0.31326714420233914,13,64,,False,False,Request timeout: 300.0s exceeded,354,21.16838264042747
290,2026-09-14T02:20:50.489+00:00,2026-09-14T02:25:44.552+00:00,2026-09-14T02:25:50.511+00:00,False,83,82.0,,82.0,294063.312454,300022.218054,300022.217972,3614.72551773494,0.023309999999999997,294063.312454,32269.670990001756,89.192885,72.66958048780488,19.180893510850055,0.2733130917165644,13,64,,False,False,Request timeout: 300.0s exceeded,357,21.16838264042747
291,2026-09-14T02:20:54.838+00:00,2026-09-14T02:25:48.904+00:00,2026-09-14T02:25:54.903+00:00,False,94,93.0,,93.0,294065.629295,300065.320815,300065.320793,3192.184263755319,0.0,294065.629295,30323.97922814472,90.43867945000002,64.51281204301075,69.78340707465726,0.3099325165180868,13,64,,False,False,Request timeout: 300.0s exceeded,342,21.16838264042747
292,2026-09-14T02:20:58.418+00:00,2026-09-14T02:25:51.904+00:00,2026-09-14T02:25:58.508+00:00,False,103,102.0,,102.0,293486.68958999997,300090.77534999995,300090.77518999996,2913.5026717475725,0.036969999999999996,293486.68958999997,28911.73040574126,89.206878,64.74593882352941,20.522030241451017,0.33989715239009266,13,64,,False,False,Request timeout: 300.0s exceeded,454,21.16838264042747
293,2026-09-14T02:21:01.276+00:00,2026-09-14T02:25:55.204+00:00,2026-09-14T02:26:01.355+00:00,False,91,90.0,,90.0,293928.378587,300078.794715,300078.794787,3297.569173483517,0.039560000000000005,293928.378587,30804.909322515417,89.57904549999999,68.33795697777778,20.66066905769682,0.2999212259749228,13,64,,False,False,Request timeout: 300.0s exceeded,464,21.16838264042747
294,2026-09-14T02:21:04.262+00:00,2026-09-14T02:25:57.771+00:00,2026-09-14T02:26:04.340+00:00,False,95,94.0,,94.0,293509.358644,300078.5813,300078.5814,3158.7219094736843,0.04324,293509.358644,30106.26141493697,90.5392437,69.88534740425531,20.17817725581859,0.31325128102370164,13,64,,False,False,Request timeout: 300.0s exceeded,420,21.16838264042747
295,2026-09-14T02:21:08.260+00:00,2026-09-14T02:26:01.764+00:00,2026-09-14T02:26:08.290+00:00,False,99,98.0,,98.0,293504.06479699997,300030.35497299995,300030.35500499996,3030.6096465151513,0.027899999999999998,293504.06479699997,29491.582361026492,88.7342582,66.59479771428572,20.401679449347725,0.3266336168179354,13,64,,False,False,Request timeout: 300.0s exceeded,505,21.16838264042747
296,2026-09-14T02:21:11.430+00:00,2026-09-14T02:26:05.538+00:00,2026-09-14T02:26:11.491+00:00,False,89,88.0,,88.0,294107.360726,300060.838102,300060.83808099997,3371.4700907977526,0.02564,294107.360726,31168.153241307493,87.734072,67.653152,20.360545765370855,0.2932738592501234,13,64,,False,False,Request timeout: 300.0s exceeded,472,21.16838264042747
297,2026-09-14T02:21:15.604+00:00,2026-09-14T02:26:09.344+00:00,2026-09-14T02:26:15.639+00:00,False,90,89.0,,89.0,293739.903063,300035.084375,300035.084357,3333.7231595222224,0.01882,293739.903063,30955.455072216493,90.21831145,70.73237429213484,20.133520470136364,0.2966319761750363,13,64,,False,False,Request timeout: 300.0s exceeded,356,21.16838264042747
298,2026-09-14T02:21:18.337+00:00,2026-09-14T02:26:11.976+00:00,2026-09-14T02:26:18.386+00:00,False,95,94.0,,94.0,293639.307586,300049.56397,300049.564147,3158.4164647052635,0.0355,293639.307586,30119.76745022054,89.36827570000001,68.19421685106383,20.256324091452267,0.313281575071372,13,64,,False,False,Request timeout: 300.0s exceeded,243,21.16838264042747
299,2026-09-14T02:21:21.203+00:00,2026-09-14T02:26:14.786+00:00,2026-09-14T02:26:21.208+00:00,False,98,97.0,,97.0,293582.788536,300005.021624,300005.021621,3061.275730826531,0.037829999999999996,293582.788536,29649.659368926175,90.11083615,66.20858853608247,20.997891853980924,0.32332792122916965,13,64,,False,False,Request timeout: 300.0s exceeded,434,21.16838264042747
300,2026-09-14T02:21:25.072+00:00,2026-09-14T02:26:18.718+00:00,2026-09-14T02:26:25.146+00:00,False,93,92.0,,92.0,293646.357914,300073.74761,300073.747499,3226.5994354731183,0.03678,293646.357914,30442.47130833649,91.17105959999999,69.86293147826088,20.620298288492098,0.3065912987482351,13,64,,False,False,Request timeout: 300.0s exceeded,452,21.16838264042747
301,2026-09-14T02:21:28.454+00:00,2026-09-14T02:26:22.205+00:00,2026-09-14T02:26:28.522+00:00,False,93,92.0,,92.0,293750.816736,300068.116704,300068.116762,3226.5388899139784,0.02896,293750.816736,30453.42708522386,88.510785,68.666304,20.34949762252849,0.3065970520645242,13,64,,False,False,Request timeout: 300.0s exceeded,408,21.16838264042747
302,2026-09-14T02:21:31.758+00:00,2026-09-14T02:26:25.496+00:00,2026-09-14T02:26:31.804+00:00,False,95,94.0,,94.0,293737.899474,300045.98549,300045.98526,3158.378792210526,0.022019999999999998,293737.899474,30129.994756297343,89.77976070000001,67.1072980425532,20.962835424008926,0.3132853114048175,13,64,,False,False,Request timeout: 300.0s exceeded,467,21.16838264042747
303,2026-09-14T02:21:34.655+00:00,2026-09-14T02:26:28.525+00:00,2026-09-14T02:26:34.701+00:00,False,92,91.0,,91.0,293870.448764,300046.04658799997,300046.04676,3261.3700734782606,0.02393,293870.448764,30631.043434810017,87.45530105,67.86371235164835,20.065235613431383,0.30328678226163786,13,64,,False,False,Request timeout: 300.0s exceeded,450,21.16838264042747
304,2026-09-14T02:21:38.394+00:00,2026-09-14T02:26:31.885+00:00,2026-09-14T02:26:38.415+00:00,False,98,97.0,,97.0,293491.16386699997,300021.73641099996,300021.73642399994,3061.446290040816,0.022789999999999998,293491.16386699997,29640.2904634709,89.17455465,67.32549014432989,20.132248038239894,0.3233099080098638,13,64,,False,False,Request timeout: 300.0s exceeded,375,21.16838264042747
305,2026-09-14T02:21:41.688+00:00,2026-09-14T02:26:35.391+00:00,2026-09-14T02:26:41.698+00:00,False,96,95.0,,95.0,293703.18346,300009.62185999996,300009.621812,3125.100227208333,0.02053,293703.18346,29969.187532156266,89.14446674999999,66.38356210526315,20.79432193261094,0.3166565105846236,13,64,,False,False,Request timeout: 300.0s exceeded,468,21.16838264042747
306,2026-09-14T02:21:46.328+00:00,2026-09-14T02:26:39.372+00:00,2026-09-14T02:26:46.457+00:00,False,100,99.0,,99.0,293044.169284,300128.959812,300128.959911,3001.28959911,0.03228,293044.169284,29297.320105976924,90.84416999999999,71.56354068686868,59.36187098270862,0.3298582051595865,13,64,,False,False,Request timeout: 300.0s exceeded,453,21.16838264042747
307,2026-09-14T02:21:47.335+00:00,2026-09-14T02:26:40.913+00:00,2026-09-14T02:26:47.352+00:00,False,104,103.0,,103.0,293578.294066,300016.553778,300016.553699,2884.7745547980767,0.0,293578.294066,28781.65868630034,89.80351465000001,62.507375844660196,62.79739369608594,0.34331438949937343,13,64,,False,False,Request timeout: 300.0s exceeded,408,21.16838264042747
308,2026-09-14T02:21:50.425+00:00,2026-09-14T02:26:44.224+00:00,2026-09-14T02:26:50.437+00:00,False,100,99.0,,99.0,293799.59106199996,300011.91464599996,300011.914541,3000.1191454099994,0.0,293799.59106199996,29373.753207692014,90.67926245000001,62.75074327272727,64.07312440948557,0.3299868944098949,13,64,,False,False,Request timeout: 300.0s exceeded,409,21.16838264042747
309,2026-09-14T02:21:53.913+00:00,2026-09-14T02:26:47.744+00:00,2026-09-14T02:26:53.950+00:00,False,94,93.0,,93.0,293831.05187699996,300037.134437,300037.13443999994,3191.8844089361696,0.03915,293831.05187699996,30299.48278974959,87.94066615,66.73207053763441,20.26750413887631,0.3099616324976187,13,64,,False,False,Request timeout: 300.0s exceeded,463,21.16838264042747
310,2026-09-14T02:21:57.816+00:00,2026-09-14T02:26:51.636+00:00,2026-09-14T02:26:57.888+00:00,False,93,92.0,,92.0,293819.599632,300071.964432,300071.964417,3226.5802625483875,0.02016,293819.599632,30460.632545376237,89.77241040000001,67.96048695652173,20.07184974655239,0.30659312066738686,13,64,,False,False,Request timeout: 300.0s exceeded,428,21.16838264042747
311,2026-09-14T02:22:01.271+00:00,2026-09-14T02:26:55.085+00:00,2026-09-14T02:27:01.322+00:00,False,91,90.0,,90.0,293814.76642400003,300051.37724000006,300051.377372,3297.2678832087913,0.023739999999999997,293814.76642400003,30792.898709842575,91.75088049999998,69.29567573333334,20.004740302115977,0.2999486315572293,13,64,,False,False,Request timeout: 300.0s exceeded,357,21.16838264042747
312,2026-09-14T02:22:05.409+00:00,2026-09-14T02:26:59.104+00:00,2026-09-14T02:27:05.446+00:00,False,93,92.0,,92.0,293694.380361,300036.65824900003,300036.65820500004,3226.200625860215,0.040479999999999995,293694.380361,30447.546365395832,88.2668236,68.93780313043479,19.752868111885828,0.3066291983683185,13,64,,False,False,Request timeout: 300.0s exceeded,457,21.16838264042747
313,2026-09-14T02:22:08.825+00:00,2026-09-14T02:27:02.324+00:00,2026-09-14T02:27:08.869+00:00,False,98,97.0,,97.0,293498.691494,300044.124582,300044.12454000005,3061.674740204082,0.04504,293498.691494,29641.03532932173,88.8629357,67.47869162886597,20.037545430011466,0.32328578383307277,13,64,,False,False,Request timeout: 300.0s exceeded,360,21.16838264042747
314,2026-09-14T02:22:12.688+00:00,2026-09-14T02:27:06.680+00:00,2026-09-14T02:27:12.709+00:00,False,89,88.0,,88.0,293992.097013,300021.058549,300021.05837,3371.0231277528087,0.038740000000000004,293992.097013,31155.844338763145,90.19530979999999,68.51092654545455,20.27948222927078,0.2933127441973466,13,64,,False,False,Request timeout: 300.0s exceeded,436,21.16838264042747
315,2026-09-14T02:22:16.817+00:00,2026-09-14T02:27:10.761+00:00,2026-09-14T02:27:16.852+00:00,False,94,93.0,,93.0,293943.513588,300035.16056399996,300035.160421,3191.8634087340424,0.074339,293943.513588,30311.20934393068,88.8882993,65.50158038709678,20.420254335860015,0.30996367167494804,13,64,,False,False,Request timeout: 300.0s exceeded,373,21.16838264042747
316,2026-09-14T02:22:20.732+00:00,2026-09-14T02:27:14.551+00:00,2026-09-14T02:27:20.755+00:00,False,95,94.0,,94.0,293818.764263,300022.759655,300022.75977999996,3158.134313473684,0.03577,293818.764263,30138.404599772526,89.59719270000001,65.9999509787234,20.495733747213514,0.3133095639413883,13,64,,False,False,Request timeout: 300.0s exceeded,408,21.16838264042747
317,2026-09-14T02:22:24.046+00:00,2026-09-14T02:27:17.987+00:00,2026-09-14T02:27:24.084+00:00,False,89,88.0,,88.0,293940.938596,300037.290852,300037.29087,3371.205515393259,0.03505,293940.938596,31150.340051210027,87.7602464,69.27673018181818,19.75676336269906,0.2932968756987208,13,64,,False,False,Request timeout: 300.0s exceeded,473,21.16838264042747
318,2026-09-14T02:22:26.942+00:00,2026-09-14T02:27:21.088+00:00,2026-09-14T02:27:27.025+00:00,False,84,83.0,,83.0,294146.716513,300083.938657,300083.938673,3572.4278413452384,0.02212,294146.716513,32086.238846733962,88.816995,71.53279691566264,19.352974076216988,0.2765892782248173,13,64,,False,False,Request timeout: 300.0s exceeded,427,21.16838264042747
319,2026-09-14T02:22:30.140+00:00,2026-09-14T02:27:24.298+00:00,2026-09-14T02:27:30.185+00:00,False,85,84.0,,84.0,294158.07908999996,300044.53694599995,300044.53690799995,3529.935728329411,0.02316,294158.07908999996,31898.32827824521,88.263214,70.07687923809524,19.34962673604917,0.2799584383538294,13,64,,False,False,Request timeout: 300.0s exceeded,351,21.16838264042747
320,2026-09-14T02:22:33.855+00:00,2026-09-14T02:27:27.515+00:00,2026-09-14T02:27:33.885+00:00,False,101,100.0,,100.0,293659.73323400004,300029.687282,300029.68732100003,2970.590963574258,0.02228,293659.73323400004,29213.903652895387,86.527688,63.699540479999996,19.450987307153607,0.33330035072832404,13,64,,False,False,Request timeout: 300.0s exceeded,503,21.16838264042747
321,2026-09-14T02:22:36.475+00:00,2026-09-14T02:27:30.357+00:00,2026-09-14T02:27:36.484+00:00,False,95,94.0,,94.0,293881.966166,300009.316438,300009.316375,3157.9928039473684,0.01993,293881.966166,30144.971849178302,85.747652,65.18457736170213,19.296198189770998,0.3133236031335916,13,64,,False,False,Request timeout: 300.0s exceeded,312,21.16838264042747
322,2026-09-14T02:22:39.642+00:00,2026-09-14T02:27:33.804+00:00,2026-09-14T02:27:39.651+00:00,False,85,84.0,,84.0,294162.429786,300009.24425,300009.244357,3529.5205218470587,0.03689,294162.429786,31898.851743165345,88.8439742,69.6049340952381,19.96762044856851,0.27999137229918875,13,64,,False,False,Request timeout: 300.0s exceeded,377,21.16838264042747
323,2026-09-14T02:22:42.986+00:00,2026-09-14T02:27:36.692+00:00,2026-09-14T02:27:42.998+00:00,False,94,93.0,,93.0,293706.24595,300012.605758,300012.605791,3191.6234658617022,0.0,293706.24595,30286.571146068727,91.63967650000001,67.81032051612902,69.56093820651236,0.30998697459738356,13,64,,False,False,Request timeout: 300.0s exceeded,422,21.16838264042747
324,2026-09-14T02:22:45.459+00:00,2026-09-14T02:27:39.186+00:00,2026-09-14T02:27:45.482+00:00,False,98,97.0,,97.0,293727.826895,300023.800783,300023.800718,3061.4673542653063,0.0,293727.826895,29664.51305393861,89.79297875,64.90694729896907,68.58657151768561,0.3233076834132828,13,64,,False,False,Request timeout: 300.0s exceeded,471,21.16838264042747
325,2026-09-14T02:22:48.828+00:00,2026-09-14T02:27:42.662+00:00,2026-09-14T02:27:48.868+00:00,False,96,95.0,,95.0,293833.98336199997,300039.53216199996,300039.531976,3125.4117914166663,0.02565,293833.98336199997,29982.64570014554,89.85784625000001,65.32156631578948,20.899672384372412,0.316624943771432,13,64,,False,False,Request timeout: 300.0s exceeded,409,21.16838264042747
326,2026-09-14T02:22:53.174+00:00,2026-09-14T02:27:46.829+00:00,2026-09-14T02:27:53.181+00:00,False,93,92.0,,92.0,293654.40302200004,300006.60219000006,300006.60224700003,3225.8774435161295,0.038979999999999994,293654.40302200004,30443.389730399158,88.3204578,69.04564313043478,19.758631414041712,0.30665991790985514,13,64,,False,False,Request timeout: 300.0s exceeded,431,21.16838264042747
327,2026-09-14T02:22:56.617+00:00,2026-09-14T02:27:50.141+00:00,2026-09-14T02:27:56.669+00:00,False,96,95.0,,95.0,293523.64747100003,300052.269295,300052.26926300005,3125.544471489584,0.019600000000000003,293523.64747100003,29950.624260675693,88.73851700000002,68.72233498947368,19.655801534861972,0.3166115031331411,13,64,,False,False,Request timeout: 300.0s exceeded,391,21.16838264042747
328,2026-09-14T02:22:59.107+00:00,2026-09-14T02:27:53.098+00:00,2026-09-14T02:27:59.155+00:00,False,89,88.0,,88.0,293990.943325,300047.181149,300047.181224,3371.316642966292,0.01882,293990.943325,31155.689080077427,89.4778444,68.82088436363635,20.104257300363415,0.29328720790847956,13,64,,False,False,Request timeout: 300.0s exceeded,344,21.16838264042747
329,2026-09-14T02:23:01.787+00:00,2026-09-14T02:27:54.860+00:00,2026-09-14T02:28:01.865+00:00,False,108,107.0,,107.0,293073.325804,300078.48522800003,300078.485109,2778.5044917500004,0.02879,293073.325804,28194.701555457672,88.80882335,65.4687796635514,20.478339797313083,0.35657338085634915,13,64,,False,False,Request timeout: 300.0s exceeded,529,21.16838264042747
330,2026-09-14T02:23:04.484+00:00,2026-09-14T02:27:58.044+00:00,2026-09-14T02:28:04.521+00:00,False,97,96.0,,96.0,293560.038717,300036.282429,300036.28264,3093.1575529896904,0.02553,293560.038717,29799.663136118208,89.4813212,67.460872,20.230190740673937,0.3199613034224194,13,64,,False,False,Request timeout: 300.0s exceeded,365,21.16838264042747
331,2026-09-14T02:23:07.493+00:00,2026-09-14T02:28:00.914+00:00,2026-09-14T02:28:07.544+00:00,False,102,101.0,,101.0,293421.16184200003,300050.89573000005,300050.89557100006,2941.67544677451,0.02997,293421.16184200003,29046.53162377146,88.5830301,65.64092958415841,19.972501078428138,0.3366095600357233,13,64,,False,False,Request timeout: 300.0s exceeded,564,21.16838264042747
332,2026-09-14T02:23:11.791+00:00,2026-09-14T02:28:05.888+00:00,2026-09-14T02:28:11.870+00:00,False,89,88.0,,88.0,294097.26686699997,300079.33816299995,300079.33809299994,3371.677956101123,0.03339,294097.26686699997,31167.049370756773,91.061582,67.9780829090909,21.148402501034493,0.2932557787507493,13,64,,False,False,Request timeout: 300.0s exceeded,431,21.16838264042747
333,2026-09-14T02:23:14.389+00:00,2026-09-14T02:28:07.975+00:00,2026-09-14T02:28:14.737+00:00,False,60,59.0,,59.0,293585.757787,300348.058715,300348.058676,5005.800977933333,0.0417,293585.757787,37888.58506322805,90.29255245,114.61526996610169,353.7526885797657,0.1964387592595864,13,64,,False,False,Request timeout: 300.0s exceeded,238,21.16838264042747
334,2026-09-14T02:23:18.572+00:00,2026-09-14T02:28:14.630+00:00,2026-09-14T02:28:18.593+00:00,False,96,95.0,,95.0,296057.78691900003,300020.89271100005,300020.892752,3125.2176328333335,0.01559,296057.78691900003,30212.03502436207,88.41433124999999,41.71690307368421,36.142463603955456,0.31664461478524525,13,64,,False,False,Request timeout: 300.0s exceeded,313,21.16838264042747
335,2026-09-14T02:23:22.423+00:00,2026-09-14T02:28:16.023+00:00,2026-09-14T02:28:22.464+00:00,False,93,92.0,,92.0,293599.67735199997,300041.37386399996,300041.373844,3226.251331655914,0.02278,293599.67735199997,30437.613700349397,87.75779259999999,70.0184403478261,19.174765826758232,0.3066243792154509,13,64,,False,False,Request timeout: 300.0s exceeded,405,21.16838264042747
336,2026-09-14T02:23:26.279+00:00,2026-09-14T02:28:20.027+00:00,2026-09-14T02:28:26.372+00:00,False,93,92.0,,92.0,293747.692606,300093.217342,300093.217211,3226.8087872150536,0.020460000000000002,293747.692606,30453.071248334163,89.44106359999998,68.97309495652173,20.247489800737227,0.3065714074275547,13,64,,False,False,Request timeout: 300.0s exceeded,294,21.16838264042747
337,2026-09-14T02:23:29.733+00:00,2026-09-14T02:28:23.148+00:00,2026-09-14T02:28:29.798+00:00,False,99,98.0,,98.0,293414.773462,300064.614614,300064.614535,3030.9557023737375,0.03286,293414.773462,29482.481390154182,89.058336,67.85552195918368,20.1833455126991,0.3265963236820382,13,64,,False,False,Request timeout: 300.0s exceeded,450,21.16838264042747
338,2026-09-14T02:23:33.957+00:00,2026-09-14T02:28:27.470+00:00,2026-09-14T02:28:33.967+00:00,False,96,95.0,,95.0,293512.363363,300009.74345899996,300009.74346699996,3125.1014944479166,0.01755,293512.363363,29949.506747222556,89.47304399999999,68.39347469473684,20.56140858957116,0.31665638223840864,13,64,,False,False,Request timeout: 300.0s exceeded,271,21.16838264042747
339,2026-09-14T02:23:37.701+00:00,2026-09-14T02:28:31.610+00:00,2026-09-14T02:28:37.752+00:00,False,79,78.0,,78.0,293908.68073100003,300050.91561100003,300050.91574400006,3798.1128575189878,0.05069,293908.68073100003,33058.518993539,90.77455289999997,78.74660102564103,67.788775197154,0.2599558806250164,13,64,,False,False,Request timeout: 300.0s exceeded,372,21.16838264042747
340,2026-09-14T02:23:40.132+00:00,2026-09-14T02:28:34.180+00:00,2026-09-14T02:28:40.166+00:00,False,91,90.0,,90.0,294048.22193,300033.721834,300033.721935,3297.0738674175823,0.0,294048.22193,30817.73027460657,90.04850449999998,66.50555448888889,67.3236071674025,0.29996628195611424,13,64,,False,False,Request timeout: 300.0s exceeded,430,21.16838264042747
341,2026-09-14T02:23:43.868+00:00,2026-09-14T02:28:37.990+00:00,2026-09-14T02:28:43.944+00:00,False,89,88.0,,88.0,294122.230838,300076.086838,300076.08702000004,3371.6414271910116,0.02177,294122.230838,31169.728563380562,88.594033,67.65745454545454,19.651366001845993,0.29325895617769754,13,64,,False,False,Request timeout: 300.0s exceeded,430,21.16838264042747
342,2026-09-14T02:23:47.071+00:00,2026-09-14T02:28:40.684+00:00,2026-09-14T02:28:47.094+00:00,False,95,94.0,,94.0,293612.33530800004,300022.40327600006,300022.403387,3158.1305619684213,0.038299999999999994,293612.33530800004,30116.99998470213,88.4167357,68.1922124255319,19.68546696553205,0.3133099361034264,13,64,,False,False,Request timeout: 300.0s exceeded,309,21.16838264042747
343,2026-09-14T02:23:50.244+00:00,2026-09-14T02:28:43.947+00:00,2026-09-14T02:28:50.281+00:00,False,95,94.0,,94.0,293702.739173,300036.68426099996,300036.68429199996,3158.28088728421,0.01783,293702.739173,30126.358660302623,90.13866669999999,67.38239455319149,20.221226317844074,0.31329502334531206,13,64,,False,False,Request timeout: 300.0s exceeded,461,21.16838264042747
344,2026-09-14T02:23:54.444+00:00,2026-09-14T02:28:48.063+00:00,2026-09-14T02:28:54.473+00:00,False,96,95.0,,95.0,293618.877116,300029.398972,300029.399093,3125.306240552083,0.027039999999999998,293618.877116,29960.47090485782,89.097387,67.47917743157895,20.31077303397962,0.3166356374592005,13,64,,False,False,Request timeout: 300.0s exceeded,423,21.16838264042747
345,2026-09-14T02:23:57.767+00:00,2026-09-14T02:28:51.564+00:00,2026-09-14T02:28:57.829+00:00,False,94,93.0,,93.0,293797.79788200004,300062.207738,300062.20791800006,3192.15114806383,0.03728,293797.79788200004,30295.988621342523,89.2263205,67.35924576344087,20.87330015931998,0.3099357319972902,13,64,,False,False,Request timeout: 300.0s exceeded,434,21.16838264042747
346,2026-09-14T02:24:01.788+00:00,2026-09-14T02:28:55.154+00:00,2026-09-14T02:29:01.820+00:00,False,98,97.0,,97.0,293366.155846,300032.932678,300032.93267300003,3061.560537479592,0.02826,293366.155846,29627.5210071951,89.75312385,68.72965806185567,20.280721747985904,0.32329784312078136,13,64,,False,False,Request timeout: 300.0s exceeded,414,21.16838264042747
347,2026-09-14T02:24:05.982+00:00,2026-09-14T02:28:59.380+00:00,2026-09-14T02:29:05.997+00:00,False,98,97.0,,97.0,293397.16034299997,300014.46875899995,300014.46878399997,3061.372130448979,0.0202,293397.16034299997,29630.70515039083,92.87756685000001,68.21967439175258,21.290001116549465,0.32331773997846613,13,64,,False,False,Request timeout: 300.0s exceeded,597,21.16838264042747
348,2026-09-14T02:24:08.513+00:00,2026-09-14T02:29:02.640+00:00,2026-09-14T02:29:08.551+00:00,False,85,84.0,,84.0,294127.254565,300038.049061,300038.049238,3529.8594028,0.04204,294127.254565,31894.95443790356,92.2458248,70.36660114285715,20.9102831013233,0.27996449204654766,13,64,,False,False,Request timeout: 300.0s exceeded,444,21.16838264042747
349,2026-09-14T02:24:10.974+00:00,2026-09-14T02:29:05.052+00:00,2026-09-14T02:29:11.025+00:00,False,89,88.0,,88.0,294077.45594300004,300050.62739900005,300050.62742300006,3371.355364303371,0.019190000000000002,294077.45594300004,31164.959906001925,92.222515,67.87694836363636,20.800287424645514,0.2932838393401515,13,64,,False,False,Request timeout: 300.0s exceeded,427,21.16838264042747
350,2026-09-14T02:24:13.374+00:00,2026-09-14T02:29:07.021+00:00,2026-09-14T02:29:13.457+00:00,False,97,96.0,,96.0,293646.42086400004,300082.28211200004,300082.282148,3093.63177472165,0.0282,293646.42086400004,29808.47654441616,89.195363,67.04022133333333,20.112738820098507,0.3199122564796072,13,64,,False,False,Request timeout: 300.0s exceeded,427,21.16838264042747
351,2026-09-14T02:24:16.926+00:00,2026-09-14T02:29:10.765+00:00,2026-09-14T02:29:16.952+00:00,False,95,94.0,,94.0,293838.523361,300025.786849,300025.7869,3158.166177894737,0.03179,293838.523361,30140.449341717704,87.227379,65.821952,19.332072825767955,0.313306402717008,13,64,,False,False,Request timeout: 300.0s exceeded,360,21.16838264042747
352,2026-09-14T02:24:20.093+00:00,2026-09-14T02:29:13.463+00:00,2026-09-14T02:29:20.129+00:00,False,103,102.0,,102.0,293369.603683,300036.274531,300036.27448,2912.973538640777,0.023039999999999998,293369.603683,28900.132819733393,88.19999130000001,65.35951811764706,20.070795722202497,0.3399588938352228,13,64,,False,False,Request timeout: 300.0s exceeded,402,21.16838264042747
353,2026-09-14T02:24:23.280+00:00,2026-09-14T02:29:17.124+00:00,2026-09-14T02:29:23.323+00:00,False,89,88.0,,88.0,293843.867903,300042.79270299996,300042.79271799995,3371.267333910112,0.01986,293843.867903,31139.927514670566,91.72709879999998,70.44232727272727,20.51897296559688,0.2932914975468435,13,64,,False,False,Request timeout: 300.0s exceeded,351,21.16838264042747
354,2026-09-14T02:24:25.727+00:00,2026-09-14T02:29:19.605+00:00,2026-09-14T02:29:25.802+00:00,False,88,87.0,,87.0,293878.839742,300075.357118,300075.35696099995,3409.9472381931814,0.045509999999999995,293878.839742,31320.003349085262,90.08603484999999,71.2243376551724,19.99860846886508,0.28992717307935617,13,64,,False,False,Request timeout: 300.0s exceeded,408,21.16838264042747
355,2026-09-14T02:24:28.906+00:00,2026-09-14T02:29:22.501+00:00,2026-09-14T02:29:28.914+00:00,False,92,91.0,,91.0,293595.053123,300007.674691,300007.674636,3260.9529851739135,0.0281,293595.053123,30602.060144644794,88.567615,70.46836887912089,20.428932076032723,0.3033255735665016,13,64,,False,False,Request timeout: 300.0s exceeded,409,21.16838264042747
356,2026-09-14T02:24:32.529+00:00,2026-09-14T02:29:26.293+00:00,2026-09-14T02:29:33.058+00:00,False,93,92.0,,92.0,293763.50654000003,300528.241516,300528.24132000003,3231.486465806452,0.07709,293763.50654000003,30454.29286626238,88.578553,73.529728,61.26211177299742,0.3061276355789742,13,64,,False,False,Request timeout: 300.0s exceeded,463,21.16838264042747
357,2026-09-14T02:24:35.527+00:00,2026-09-14T02:29:29.297+00:00,2026-09-14T02:29:35.613+00:00,False,103,102.0,,102.0,293769.35672000004,300086.34334400005,300086.343195,2913.459642669903,0.0,293769.35672000004,28939.921444259617,89.80680100000001,61.9312414117647,63.45731504957174,0.3399021723660168,13,64,,False,False,Request timeout: 300.0s exceeded,226,21.16838264042747
358,2026-09-14T02:24:38.666+00:00,2026-09-14T02:29:32.203+00:00,2026-09-14T02:29:38.690+00:00,False,105,104.0,,104.0,293536.647674,300023.827962,300023.82796,2857.3697900952384,0.0,293536.647674,28640.223859779824,90.5281072,62.37673353846154,62.53624346024255,0.3466391343195991,13,64,,False,False,Request timeout: 300.0s exceeded,492,21.16838264042747
359,2026-09-14T02:24:42.718+00:00,2026-09-14T02:29:36.325+00:00,2026-09-14T02:29:42.764+00:00,False,97,96.0,,96.0,293606.81546899996,300045.698797,300045.69886699994,3093.254627494845,0.02142,293606.81546899996,29804.452294582814,89.919592,67.07170133333334,20.504553142756286,0.3199512620407537,13,64,,False,False,Request timeout: 300.0s exceeded,438,21.16838264042747
360,2026-09-14T02:24:47.539+00:00,2026-09-14T02:29:40.819+00:00,2026-09-14T02:29:47.685+00:00,False,107,106.0,,106.0,293280.049623,300146.62395900005,300146.623848,2805.108634093458,0.03483,293280.049623,28346.197368829955,90.19177069999999,64.77900316981132,20.36061130603397,0.3531607272533559,13,64,,False,False,Request timeout: 300.0s exceeded,521,21.16838264042747
361,2026-09-14T02:24:50.666+00:00,2026-09-14T02:29:44.118+00:00,2026-09-14T02:29:50.750+00:00,False,104,103.0,,103.0,293452.14251200005,300084.49374400004,300084.4935810001,2885.427822894231,0.03674,293452.14251200005,28769.043889799817,91.72142215,64.39175953398059,21.56288511722318,0.34323666216445214,13,64,,False,False,Request timeout: 300.0s exceeded,330,21.16838264042747
362,2026-09-14T02:24:54.448+00:00,2026-09-14T02:29:48.910+00:00,2026-09-14T02:29:54.480+00:00,False,80,79.0,,79.0,294461.826793,300032.19965699996,300032.19963399996,3750.402495425,0.041890000000000004,294461.826793,32913.95570668125,89.63420040000001,70.51104891139241,20.012750524266696,0.2633050722232935,13,64,,False,False,Request timeout: 300.0s exceeded,359,21.16838264042747
363,2026-09-14T02:24:58.052+00:00,2026-09-14T02:29:51.753+00:00,2026-09-14T02:29:58.069+00:00,False,94,93.0,,93.0,293701.122953,300016.806281,300016.8063,3191.6681521276596,0.037200000000000004,293701.122953,30285.959967488983,87.7957215,67.91057341935485,20.07524061041648,0.3099826344824659,13,64,,False,False,Request timeout: 300.0s exceeded,380,21.16838264042747
364,2026-09-14T02:25:02.289+00:00,2026-09-14T02:29:56.009+00:00,2026-09-14T02:30:02.331+00:00,False,92,91.0,,91.0,293720.319893,300042.712981,300042.712867,3261.3338355108694,0.01786,293720.319893,30615.22362533786,88.7072976,69.47684712087911,20.6499596103415,0.3032901519116797,13,64,,False,False,Request timeout: 300.0s exceeded,267,21.16838264042747
365,2026-09-14T02:25:06.352+00:00,2026-09-14T02:30:00.105+00:00,2026-09-14T02:30:06.370+00:00,False,92,91.0,,91.0,293753.21142799995,300018.41411599994,300018.414182,3261.0697193695646,0.02001,293753.21142799995,30618.717627499722,87.23539665,68.84838118681319,19.574737521955267,0.3033147157587984,13,64,,False,False,Request timeout: 300.0s exceeded,446,21.16838264042747
366,2026-09-14T02:25:09.784+00:00,2026-09-14T02:30:03.596+00:00,2026-09-14T02:30:09.811+00:00,False,92,91.0,,91.0,293812.071995,300027.492923,300027.493005,3261.168402228261,0.01846,293812.071995,30624.91217894675,90.7587096,68.30132887912089,20.92090680980636,0.30330553748070854,13,64,,False,False,Request timeout: 300.0s exceeded,429,21.16838264042747
367,2026-09-14T02:25:12.760+00:00,2026-09-14T02:30:06.456+00:00,2026-09-14T02:30:12.825+00:00,False,93,92.0,,92.0,293696.66765200003,300065.67578000005,300065.67578700004,3226.512642870968,0.0206,293696.66765200003,30447.753993133127,89.727257,69.2283492173913,20.629560566166695,0.3065995461188699,13,64,,False,False,Request timeout: 300.0s exceeded,316,21.16838264042747
368,2026-09-14T02:25:16.899+00:00,2026-09-14T02:30:10.887+00:00,2026-09-14T02:30:16.911+00:00,False,93,92.0,,92.0,293988.058089,300012.083945,300012.083842,3225.9363853978493,0.04079,293988.058089,30478.357871916545,87.6118412,65.47854191304347,19.5055042857494,0.306654314687091,13,64,,False,False,Request timeout: 300.0s exceeded,322,21.16838264042747
369,2026-09-14T02:25:20.680+00:00,2026-09-14T02:30:14.391+00:00,2026-09-14T02:30:20.729+00:00,False,96,95.0,,95.0,293710.715279,300049.520783,300049.520668,3125.515840291667,0.019149999999999997,293710.715279,29969.92111953839,88.0433815,66.7242684631579,20.274566815316227,0.31661440335612245,13,64,,False,False,Request timeout: 300.0s exceeded,272,21.16838264042747
370,2026-09-14T02:25:23.921+00:00,2026-09-14T02:30:17.323+00:00,2026-09-14T02:30:24.015+00:00,False,99,98.0,,98.0,293402.40285199997,300094.166308,300094.166126,3031.254203292929,0.02157,293402.40285199997,29481.195151587417,89.51060200000002,68.28330057142857,20.253264399086813,0.3265641621950699,13,64,,False,False,Request timeout: 300.0s exceeded,500,21.16838264042747
371,2026-09-14T02:25:26.588+00:00,2026-09-14T02:30:20.204+00:00,2026-09-14T02:30:26.623+00:00,False,92,91.0,,91.0,293615.218285,300034.341997,300034.342174,3261.2428497173914,0.04205,293615.218285,30604.15508216863,90.74838155000002,70.53982101098902,20.46551449204648,0.30329861373305694,13,64,,False,False,Request timeout: 300.0s exceeded,199,21.16838264042747
372,2026-09-14T02:25:29.089+00:00,2026-09-14T02:30:22.695+00:00,2026-09-14T02:30:29.120+00:00,False,101,100.0,,100.0,293606.602504,300030.87924000004,300030.879272,2970.602765069307,0.0,293606.602504,29208.627444676702,92.481784,64.24276736,64.70855416598705,0.33329902659788635,13,64,,False,False,Request timeout: 300.0s exceeded,430,21.16838264042747
373,2026-09-14T02:25:33.431+00:00,2026-09-14T02:30:27.204+00:00,2026-09-14T02:30:33.483+00:00,False,101,100.0,,100.0,293773.515994,300052.096986,300052.09692000004,2970.8128407920794,0.0,293773.515994,29225.379964558884,90.601569,62.78580992,64.28506895210465,0.3332754578437952,13,64,,False,False,Request timeout: 300.0s exceeded,484,21.16838264042747
374,2026-09-14T02:25:36.432+00:00,2026-09-14T02:30:30.102+00:00,2026-09-14T02:30:36.451+00:00,False,93,92.0,,92.0,293669.094607,300018.204367,300018.204294,3226.0021967096773,0.02377,293669.094607,30444.91734873116,91.8706876,69.01206260869566,20.805683926330737,0.3066480588873206,13,64,,False,False,Request timeout: 300.0s exceeded,379,21.16838264042747
375,2026-09-14T02:25:39.888+00:00,2026-09-14T02:30:33.307+00:00,2026-09-14T02:30:39.908+00:00,False,97,96.0,,96.0,293418.71392799995,300020.05920799996,300020.05903299997,3092.990299309278,0.03641,293418.71392799995,29785.181550375826,90.1538132,68.76401333333332,20.352939235454752,0.31997860494202646,13,64,,False,False,Request timeout: 300.0s exceeded,389,21.16838264042747
376,2026-09-14T02:25:44.260+00:00,2026-09-14T02:30:37.854+00:00,2026-09-14T02:30:44.298+00:00,False,97,96.0,,96.0,293594.497681,300038.52840099996,300038.52857799997,3093.1807069896904,0.02121,293594.497681,29803.195889673407,88.233045,67.12532,20.090456433642807,0.3199589083162563,13,64,,False,False,Request timeout: 300.0s exceeded,312,21.16838264042747
377,2026-09-14T02:25:46.917+00:00,2026-09-14T02:30:40.134+00:00,2026-09-14T02:30:46.956+00:00,False,103,102.0,,102.0,293217.037068,300038.922508,300038.922648,2912.999249009709,0.02422,293217.037068,28884.94993402761,87.6765841,66.88122980392157,19.902700984092412,0.33995589354671263,13,64,,False,False,Request timeout: 300.0s exceeded,382,21.16838264042747
378,2026-09-14T02:25:49.487+00:00,2026-09-14T02:30:42.942+00:00,2026-09-14T02:30:49.535+00:00,False,98,97.0,,97.0,293455.31676599995,300048.2501419999,300048.24990799994,3061.7168357959176,0.02081,293455.31676599995,29636.604554650112,90.21673300000002,67.96838531958764,20.33401783703197,0.32328133876499554,13,64,,False,False,Request timeout: 300.0s exceeded,371,21.16838264042747
379,2026-09-14T02:25:52.396+00:00,2026-09-14T02:30:46.362+00:00,2026-09-14T02:30:52.417+00:00,False,93,92.0,,92.0,293965.521643,300020.939243,300020.93921000004,3226.031604408602,0.06470999999999999,293965.521643,30475.98639482362,88.497375,65.81975652173914,20.768386067480023,0.30664526360103556,13,64,,False,False,Request timeout: 300.0s exceeded,410,21.16838264042747
380,2026-09-14T02:25:55.136+00:00,2026-09-14T02:30:48.880+00:00,2026-09-14T02:30:55.223+00:00,False,96,95.0,,95.0,293744.181604,300086.948708,300086.94866399997,3125.90571525,0.03307,293744.181604,29973.33282565831,89.51873425,66.76596951578946,20.748005890479877,0.3165749140674554,13,64,,False,False,Request timeout: 300.0s exceeded,469,21.16838264042747
381,2026-09-14T02:25:58.994+00:00,2026-09-14T02:30:52.932+00:00,2026-09-14T02:30:59.058+00:00,False,88,87.0,,87.0,293938.183599,300064.34705499996,300064.347126,3409.822126431818,0.04211,293938.183599,31326.415231483297,88.36155665,70.41567190804598,19.36011451602078,0.28993781118572354,13,64,,False,False,Request timeout: 300.0s exceeded,417,21.16838264042747
382,2026-09-14T02:26:03.164+00:00,2026-09-14T02:30:57.019+00:00,2026-09-14T02:31:03.175+00:00,False,91,90.0,,90.0,293855.458207,300011.44643099996,300011.44656199997,3296.829083098901,0.03975,293855.458207,30797.25817850063,88.2244585,68.39986915555556,19.85725021076088,0.29998855400571933,13,64,,False,False,Request timeout: 300.0s exceeded,472,21.16838264042747
383,2026-09-14T02:26:07.406+00:00,2026-09-14T02:31:00.702+00:00,2026-09-14T02:31:07.483+00:00,False,102,101.0,,101.0,293295.13470399997,300076.396784,300076.396969,2941.925460480392,0.01839,293295.13470399997,29033.90506759382,89.43438705,67.14120871287129,20.746089362167762,0.33658095432511304,13,64,,False,False,Request timeout: 300.0s exceeded,516,21.16838264042747
384,2026-09-14T02:26:10.044+00:00,2026-09-14T02:31:03.640+00:00,2026-09-14T02:31:10.070+00:00,False,95,94.0,,94.0,293595.618962,300025.534866,300025.534689,3158.163523042105,0.033280000000000004,293595.618962,30115.263589310103,89.2256011,68.40336068085105,20.186544634042303,0.31330666585423506,13,64,,False,False,Request timeout: 300.0s exceeded,439,21.16838264042747
385,2026-09-14T02:26:14.263+00:00,2026-09-14T02:31:08.034+00:00,2026-09-14T02:31:14.307+00:00,False,94,93.0,,93.0,293770.905018,300044.208826,300044.208675,3191.959666755319,0.028390000000000002,293770.905018,30293.204442744744,86.69233,67.45487965591398,20.082816406400372,0.3099543242773669,13,64,,False,False,Request timeout: 300.0s exceeded,166,21.16838264042747
386,2026-09-14T02:26:18.043+00:00,2026-09-14T02:31:11.638+00:00,2026-09-14T02:31:18.049+00:00,False,100,99.0,,99.0,293595.157463,300006.136023,300006.136029,3000.06136029,0.03071,293595.157463,29353.04695464778,88.56454045000001,64.75735919191919,20.293606786876868,0.32999325051275,13,64,,False,False,Request timeout: 300.0s exceeded,445,21.16838264042747
387,2026-09-14T02:26:22.256+00:00,2026-09-14T02:31:15.986+00:00,2026-09-14T02:31:22.290+00:00,False,102,101.0,,101.0,293729.221884,300033.837308,300033.837415,2941.5082099509805,0.0,293729.221884,29077.42289311877,89.93904605,62.42193489108911,67.18584711813664,0.33662869797021716,13,64,,False,False,Request timeout: 300.0s exceeded,308,21.16838264042747
388,2026-09-14T02:26:25.064+00:00,2026-09-14T02:31:18.795+00:00,2026-09-14T02:31:25.108+00:00,False,99,98.0,,98.0,293731.520523,300044.101387,300044.101517,3030.748500171717,0.0,293731.520523,29514.73279786041,91.06026569999999,64.4140904489796,68.24390273516558,0.3266186522147242,13,64,,False,False,Request timeout: 300.0s exceeded,475,21.16838264042747
389,2026-09-14T02:26:29.188+00:00,2026-09-14T02:31:23.325+00:00,2026-09-14T02:31:29.206+00:00,False,83,82.0,,82.0,294136.205094,300017.601062,300017.60093799996,3614.6698908192766,0.03154,294136.205094,32277.77579785563,90.42133030000001,71.72434107317073,19.26422141090215,0.27331729775098873,13,64,,False,False,Request timeout: 300.0s exceeded,417,21.16838264042747
390,2026-09-14T02:26:32.825+00:00,2026-09-14T02:31:26.711+00:00,2026-09-14T02:31:32.863+00:00,False,91,90.0,,90.0,293885.777147,300037.62917900004,300037.62914000003,3297.116803736264,0.01829,293885.777147,30800.441295188877,88.07977900000002,68.35391146666667,19.874444393423275,0.2999623755402584,13,64,,False,False,Request timeout: 300.0s exceeded,368,21.16838264042747
391,2026-09-14T02:26:36.675+00:00,2026-09-14T02:31:30.107+00:00,2026-09-14T02:31:36.713+00:00,False,96,95.0,,95.0,293431.28410000005,300037.21894800005,300037.2191650001,3125.387699635417,0.024399999999999998,293431.28410000005,29941.114444377592,88.27419625,69.53615629473684,19.716208805471094,0.31662738487275677,13,64,,False,False,Request timeout: 300.0s exceeded,438,21.16838264042747
392,2026-09-14T02:26:40.398+00:00,2026-09-14T02:31:33.645+00:00,2026-09-14T02:31:40.464+00:00,False,101,100.0,,100.0,293246.458814,300066.020542,300066.020588,2970.9506988910894,0.01816,293246.458814,29172.33444250684,89.122772,68.19561728000001,20.192258262073892,0.33325999331538136,13,64,,False,False,Request timeout: 300.0s exceeded,420,21.16838264042747
393,2026-09-14T02:26:44.288+00:00,2026-09-14T02:31:37.790+00:00,2026-09-14T02:31:44.336+00:00,False,99,98.0,,98.0,293501.877828,300047.45146,300047.451643,3030.7823398282826,0.04201,293501.877828,29491.343003816582,89.15778990000001,66.79156767346939,20.717152932541516,0.32661500547044175,13,64,,False,False,Request timeout: 300.0s exceeded,475,21.16838264042747
394,2026-09-14T02:26:47.298+00:00,2026-09-14T02:31:40.720+00:00,2026-09-14T02:31:47.329+00:00,False,103,102.0,,102.0,293422.034979,300030.974499,300030.97466,2912.9220840776698,0.03547,293422.034979,28905.355511954665,90.33709910000002,64.79352470588236,21.085902381026248,0.3399648991918998,13,64,,False,False,Request timeout: 300.0s exceeded,339,21.16838264042747
395,2026-09-14T02:26:50.560+00:00,2026-09-14T02:31:43.999+00:00,2026-09-14T02:31:50.584+00:00,False,101,100.0,,100.0,293438.74216,300023.90107200004,300023.90101900004,2970.5336734554458,0.01865,293438.74216,29191.70105585548,89.183482,65.85158912,20.86770484712015,0.3333067787022804,13,64,,False,False,Request timeout: 300.0s exceeded,503,21.16838264042747
396,2026-09-14T02:26:53.843+00:00,2026-09-14T02:31:47.756+00:00,2026-09-14T02:31:53.920+00:00,False,93,92.0,,92.0,293913.097372,300076.987292,300076.987441,3226.6342735591397,0.018969999999999997,293913.097372,30470.42748360953,88.7381364,66.99880347826087,20.00204295077797,0.30658798873662485,13,64,,False,False,Request timeout: 300.0s exceeded,483,21.16838264042747
397,2026-09-14T02:26:56.637+00:00,2026-09-14T02:31:50.505+00:00,2026-09-14T02:31:56.647+00:00,False,95,94.0,,94.0,293868.395729,300010.10734499997,300010.107354,3158.001130042105,0.01921,293868.395729,30143.56458911716,91.3109111,65.33735761702128,20.38961703109234,0.3133227771286507,13,64,,False,False,Request timeout: 300.0s exceeded,397,21.16838264042747
398,2026-09-14T02:27:00.368+00:00,2026-09-14T02:31:54.082+00:00,2026-09-14T02:32:00.464+00:00,False,95,94.0,,94.0,293713.4537,300096.227204,300096.227116,3158.907653852632,0.03645,293713.4537,30127.40485095782,88.9497337,67.90184578723404,20.517297488420354,0.31323286159176034,13,64,,False,False,Request timeout: 300.0s exceeded,441,21.16838264042747
399,2026-09-14T02:27:03.664+00:00,2026-09-14T02:31:57.410+00:00,2026-09-14T02:32:05.605+00:00,False,85,84.0,,84.0,293746.491935,301941.020703,301941.020657,3552.2473018470587,0.03254,293746.491935,31851.938647743922,90.05773,97.55391390476191,282.66961433012153,0.27820002662912574,13,64,,False,False,Request timeout: 300.0s exceeded,434,21.16838264042747
400,2026-09-14T02:27:07.112+00:00,2026-09-14T02:32:00.804+00:00,2026-09-14T02:32:07.123+00:00,False,106,105.0,,105.0,293692.58449299994,300011.28657299996,300011.28660399996,2830.295156641509,0.01525,293692.58449299994,28521.22012523696,89.16779625000001,60.178115047619045,253.9266448514145,0.34998683282687426,13,64,,False,False,Request timeout: 300.0s exceeded,513,21.16838264042747
401,2026-09-14T02:27:09.940+00:00,2026-09-14T02:32:05.590+00:00,2026-09-14T02:32:09.978+00:00,False,89,88.0,,88.0,295649.907773,300037.720637,300037.72065100004,3371.2103443932588,0.01602,295649.907773,31333.562147459532,89.44544319999999,49.86150981818182,35.52578187420774,0.2932964555695536,13,64,,False,False,Request timeout: 300.0s exceeded,359,21.16838264042747
402,2026-09-14T02:27:12.979+00:00,2026-09-14T02:32:06.953+00:00,2026-09-14T02:32:13.027+00:00,False,93,92.0,,92.0,293973.991805,300048.015229,300048.015383,3226.3227460537632,0.01703,293973.991805,30476.843063890108,86.01898860000001,66.02199373913044,19.742561798140567,0.3066175922869697,13,64,,False,False,Request timeout: 300.0s exceeded,365,21.16838264042747
403,2026-09-14T02:27:16.846+00:00,2026-09-14T02:32:10.522+00:00,2026-09-14T02:32:16.938+00:00,False,99,98.0,,98.0,293676.19686699996,300092.40089899994,300092.400773,3031.236371444444,0.0,293676.19686699996,29509.058383560667,88.32557390000002,65.47146971428572,64.69042844662468,0.3265660833343901,13,64,,False,False,Request timeout: 300.0s exceeded,161,21.16838264042747
404,2026-09-14T02:27:20.958+00:00,2026-09-14T02:32:14.785+00:00,2026-09-14T02:32:21.007+00:00,False,95,94.0,,94.0,293827.323913,300049.481993,300049.482018,3158.4156001894735,0.0,293827.323913,30139.32607348214,88.29784980000001,66.19317106382978,65.30175914846977,0.31328166066353336,13,64,,False,False,Request timeout: 300.0s exceeded,506,21.16838264042747
405,2026-09-14T02:27:24.608+00:00,2026-09-14T02:32:18.153+00:00,2026-09-14T02:32:24.665+00:00,False,92,91.0,,91.0,293544.963823,300056.61463900004,300056.614657,3261.4849419239135,0.08437,293544.963823,30596.723995867284,90.94471954999999,71.55660237362636,19.620673895300303,0.30327610044352016,13,64,,False,False,Request timeout: 300.0s exceeded,424,21.16838264042747
406,2026-09-14T02:27:26.976+00:00,2026-09-14T02:32:20.787+00:00,2026-09-14T02:32:27.008+00:00,False,90,89.0,,89.0,293811.02284399996,300032.13337199995,300032.133391,3333.6903710111105,0.03934,293811.02284399996,30963.039858203814,92.18939200000001,69.90011829213483,20.71157842930997,0.29663489373537144,13,64,,False,False,Request timeout: 300.0s exceeded,360,21.16838264042747
407,2026-09-14T02:27:30.876+00:00,2026-09-14T02:32:24.670+00:00,2026-09-14T02:32:30.889+00:00,False,88,87.0,,87.0,293794.153193,300013.187561,300013.18737400003,3409.2407656136365,0.030780000000000002,293794.153193,31310.94782475805,90.00120335,71.4831536551724,19.485419952920616,0.2899872525847244,13,64,,False,False,Request timeout: 300.0s exceeded,283,21.16838264042747
408,2026-09-14T02:27:34.349+00:00,2026-09-14T02:32:28.081+00:00,2026-09-14T02:32:34.394+00:00,False,92,91.0,,91.0,293731.464649,300045.004233,300045.00431299995,3261.358742532608,0.05221,293731.464649,30616.39564961344,91.15001260000001,69.37955586813186,20.59037701063903,0.3032878358785602,13,64,,False,False,Request timeout: 300.0s exceeded,437,21.16838264042747
409,2026-09-14T02:27:38.214+00:00,2026-09-14T02:32:32.201+00:00,2026-09-14T02:32:38.261+00:00,False,87,86.0,,86.0,293986.897684,300046.84238800005,300046.842407,3448.8142805402304,0.019370000000000002,293986.897684,31511.15522551918,89.3250323,70.46447330232557,19.562229084217787,0.2866219131504496,13,64,,False,False,Request timeout: 300.0s exceeded,384,21.16838264042747
410,2026-09-14T02:27:42.179+00:00,2026-09-14T02:32:36.178+00:00,2026-09-14T02:32:42.438+00:00,False,94,93.0,,93.0,293999.710595,300259.426179,300259.42630600004,3194.249216021277,0.03424,293999.710595,30316.81879889144,89.3002318,67.3087697204301,19.772427498913792,0.30973215789920927,13,64,,False,False,Request timeout: 300.0s exceeded,267,21.16838264042747
411,2026-09-14T02:27:45.805+00:00,2026-09-14T02:32:39.431+00:00,2026-09-14T02:32:45.881+00:00,False,100,99.0,,99.0,293625.541611,300075.589867,300075.58984100004,3000.75589841,0.052399999999999995,293625.541611,29356.046135411707,88.82671500000001,65.15200258585858,20.62841070396052,0.3299168720917251,13,64,,False,False,Request timeout: 300.0s exceeded,414,21.16838264042747
412,2026-09-14T02:27:49.135+00:00,2026-09-14T02:32:42.604+00:00,2026-09-14T02:32:49.163+00:00,False,97,96.0,,96.0,293468.617899,300027.408299,300027.4084,3093.0660659793816,0.03461,293468.617899,29790.29352117837,90.88149800000001,68.32073333333332,20.328435644162905,0.31997076715180883,13,64,,False,False,Request timeout: 300.0s exceeded,442,21.16838264042747
413,2026-09-14T02:27:51.799+00:00,2026-09-14T02:32:45.189+00:00,2026-09-14T02:32:51.874+00:00,False,96,95.0,,95.0,293389.82436,300074.92772000004,300074.927754,3125.7804974375003,0.019780000000000002,293389.82436,29936.79760954305,88.9794125,70.36950905263157,19.226383266928803,0.31658759604416037,13,64,,False,False,Request timeout: 300.0s exceeded,241,21.16838264042747
414,2026-09-14T02:27:55.877+00:00,2026-09-14T02:32:49.698+00:00,2026-09-14T02:32:55.934+00:00,False,91,90.0,,90.0,293821.150238,300057.08623799996,300057.08606899995,3297.330616142857,0.036799,293821.150238,30793.56820558973,87.94501,69.28817777777778,19.21715722125803,0.2999429246227286,13,64,,False,False,Request timeout: 300.0s exceeded,368,21.16838264042747
415,2026-09-14T02:27:58.426+00:00,2026-09-14T02:32:52.165+00:00,2026-09-14T02:32:58.447+00:00,False,92,91.0,,91.0,293739.01132499997,300021.16479699995,300021.16495999997,3261.0996191304343,0.03491,293739.01132499997,30617.21738089245,89.4791671,69.03465353846154,18.991157635890822,0.3033119348815686,13,64,,False,False,Request timeout: 300.0s exceeded,320,21.16838264042747
416,2026-09-14T02:28:02.686+00:00,2026-09-14T02:32:56.518+00:00,2026-09-14T02:33:02.749+00:00,False,92,91.0,,91.0,293831.985387,300063.54199500004,300063.541908,3261.560238130435,0.01907,293831.985387,30626.969122069193,88.21701915000001,68.47864404395604,19.881360886430997,0.3032690989214422,13,64,,False,False,Request timeout: 300.0s exceeded,418,21.16838264042747
417,2026-09-14T02:28:06.555+00:00,2026-09-14T02:33:00.130+00:00,2026-09-14T02:33:06.600+00:00,False,96,95.0,,95.0,293574.47451800003,300044.30671000003,300044.306846,3125.4615296458337,0.04771,293574.47451800003,29955.875714365156,89.120342,68.10349675789475,20.824462774582553,0.3166199053789071,13,64,,False,False,Request timeout: 300.0s exceeded,388,21.16838264042747
418,2026-09-14T02:28:09.295+00:00,2026-09-14T02:33:02.998+00:00,2026-09-14T02:33:09.315+00:00,False,95,94.0,,94.0,293703.67062,300020.564828,300020.564661,3158.1112069578944,0.03504,293703.67062,30126.47333191236,89.813787,67.20100221276596,20.9555640880268,0.3133118559852377,13,64,,False,False,Request timeout: 300.0s exceeded,413,21.16838264042747
419,2026-09-14T02:28:14.665+00:00,2026-09-14T02:33:06.602+00:00,2026-09-14T02:33:14.754+00:00,False,135,134.0,,134.0,291937.470658,300088.85318599996,300088.853128,2222.8803935407404,0.0,291937.470658,25120.810213389843,90.47069339999999,60.831212895522384,59.012524259158035,0.44653441331572763,13,64,,False,False,Request timeout: 300.0s exceeded,625,21.16838264042747
420,2026-09-14T02:28:16.822+00:00,2026-09-14T02:33:10.206+00:00,2026-09-14T02:33:16.866+00:00,False,117,116.0,,116.0,293384.522637,300043.78663700004,300043.786676,2564.476809196581,0.0,293384.522637,27118.174711384552,90.45798740000001,57.407448275862066,63.33354066683473,0.3866102387927116,13,64,,False,False,Request timeout: 300.0s exceeded,537,21.16838264042747
421,2026-09-14T02:28:21.208+00:00,2026-09-14T02:33:16.034+00:00,2026-09-14T02:33:21.258+00:00,False,79,78.0,,78.0,294825.983999,300049.917183,300049.917046,3798.100215772152,0.045590000000000006,294825.983999,33162.98614353872,88.731046,66.97350235897436,20.903364968716513,0.2599567456385196,13,64,,False,False,Request timeout: 300.0s exceeded,359,21.16838264042747
422,2026-09-14T02:28:23.704+00:00,2026-09-14T02:33:17.247+00:00,2026-09-14T02:33:23.785+00:00,False,93,92.0,,92.0,293542.951169,300080.981249,300080.981254,3226.677217784946,0.019760000000000003,293542.951169,30431.623269261745,92.05075799999999,71.06554434782609,19.772835244303298,0.3065839081739759,13,64,,False,False,Request timeout: 300.0s exceeded,368,21.16838264042747
423,2026-09-14T02:28:26.935+00:00,2026-09-14T02:33:20.786+00:00,2026-09-14T02:33:26.950+00:00,False,88,87.0,,87.0,293850.76076200005,300014.93612200004,300014.93628500006,3409.2606396022734,0.019059999999999997,293850.76076200005,31317.04922912872,89.33945320000001,70.85259034482759,19.1584053832591,0.28998556246753576,13,64,,False,False,Request timeout: 300.0s exceeded,520,21.16838264042747
424,2026-09-14T02:28:30.802+00:00,2026-09-14T02:33:24.807+00:00,2026-09-14T02:33:30.833+00:00,False,93,92.0,,92.0,294005.1985,300031.002276,300031.002356,3226.1398102795697,0.03284,294005.1985,30480.13399471809,88.668457,65.49786713043478,20.655636762989932,0.306634978725861,13,64,,False,False,Request timeout: 300.0s exceeded,259,21.16838264042747
425,2026-09-14T02:28:33.348+00:00,2026-09-14T02:33:27.205+00:00,2026-09-14T02:33:33.365+00:00,False,96,95.0,,95.0,293857.099425,300017.067937,300017.06811700005,3125.1777928854167,0.024120000000000003,293857.099425,29985.053218859397,87.28814575,64.84177381052632,19.824794206784773,0.31664865153588145,13,64,,False,False,Request timeout: 300.0s exceeded,432,21.16838264042747
426,2026-09-14T02:28:37.251+00:00,2026-09-14T02:33:30.661+00:00,2026-09-14T02:33:37.829+00:00,False,110,109.0,,109.0,293410.409251,300577.729571,300577.729627,2732.5248147909087,0.039560000000000005,293410.409251,27969.32228555779,88.25409144999999,65.75523229357799,19.80757220667587,0.36263498348853196,13,64,,False,False,Request timeout: 300.0s exceeded,519,21.16838264042747
427,2026-09-14T02:28:40.875+00:00,2026-09-14T02:33:34.508+00:00,2026-09-14T02:33:40.891+00:00,False,101,100.0,,100.0,293632.785166,300015.631886,300015.632026,2970.4518022376237,0.01828,293632.785166,29211.210621366037,88.22163400000001,63.828467200000006,21.23455382788768,0.33331596547608566,13,64,,False,False,Request timeout: 300.0s exceeded,454,21.16838264042747
428,2026-09-14T02:28:44.362+00:00,2026-09-14T02:33:38.165+00:00,2026-09-14T02:33:44.377+00:00,False,97,96.0,,96.0,293802.64779,300015.06481400004,300015.06462,3092.938810515464,0.03737,293802.64779,29824.576139701567,88.75237279999999,64.71267733333333,21.322147694159497,0.31998393167195455,13,64,,False,False,Request timeout: 300.0s exceeded,407,21.16838264042747
429,2026-09-14T02:28:47.079+00:00,2026-09-14T02:33:40.290+00:00,2026-09-14T02:33:47.158+00:00,False,102,101.0,,101.0,293210.436931,300079.128643,300079.128607,2941.952241245098,0.03592,293210.436931,29025.43293882107,88.51002499999998,68.00684863366337,20.617340220892284,0.33657789016095924,13,64,,False,False,Request timeout: 300.0s exceeded,426,21.16838264042747
430,2026-09-14T02:28:50.012+00:00,2026-09-14T02:33:43.889+00:00,2026-09-14T02:33:50.059+00:00,False,95,94.0,,94.0,293877.564996,300046.855748,300046.855597,3158.3879536526315,0.02584,293877.564996,30144.4750615862,86.2952897,65.63075268085106,20.12982535392002,0.3132844027499081,13,64,,False,False,Request timeout: 300.0s exceeded,425,21.16838264042747
431,2026-09-14T02:28:52.864+00:00,2026-09-14T02:33:46.685+00:00,2026-09-14T02:33:52.937+00:00,False,98,97.0,,97.0,293821.01651700004,300072.86061300006,300072.86053400004,3061.9679646326535,0.023409,293821.01651700004,29673.90056725733,86.47358905000002,64.45200098969072,19.673899527481556,0.3232548248510204,13,64,,False,False,Request timeout: 300.0s exceeded,481,21.16838264042747
432,2026-09-14T02:28:56.265+00:00,2026-09-14T02:33:49.883+00:00,2026-09-14T02:33:56.314+00:00,False,99,98.0,,98.0,293617.737908,300048.73899600003,300048.738878,3030.7953422020205,0.02423,293617.737908,29503.10386943957,85.7657647,65.62246008163265,19.212638177278368,0.32661360393621397,13,64,,False,False,Request timeout: 300.0s exceeded,423,21.16838264042747
433,2026-09-14T02:28:59.919+00:00,2026-09-14T02:33:53.527+00:00,2026-09-14T02:33:59.963+00:00,False,96,95.0,,95.0,293608.454721,300044.221249,300044.22118,3125.4606372916664,0.02312,293608.454721,29959.379924170968,88.73194575,67.74491082105263,20.118136295944442,0.3166199955611264,13,64,,False,False,Request timeout: 300.0s exceeded,436,21.16838264042747
434,2026-09-14T02:29:04.136+00:00,2026-09-14T02:33:57.791+00:00,2026-09-14T02:34:04.148+00:00,False,95,94.0,,94.0,293655.024677,300012.020773,300012.020722,3158.021270757895,0.11572,293655.024677,30121.4375936372,88.2830995,67.62761804255318,19.44686866625181,0.3133207788068059,13,64,,False,False,Request timeout: 300.0s exceeded,391,21.16838264042747
435,2026-09-14T02:29:08.257+00:00,2026-09-14T02:34:01.747+00:00,2026-09-14T02:34:08.272+00:00,False,101,100.0,,100.0,293489.943408,300014.9116,300014.911409,2970.4446674158416,0.0,293489.943408,29196.92246587909,87.45944600000001,65.24968192,66.15012439380688,0.333316765712388,13,64,,False,False,Request timeout: 300.0s exceeded,375,21.16838264042747
436,2026-09-14T02:29:12.181+00:00,2026-09-14T02:34:06.036+00:00,2026-09-14T02:34:12.231+00:00,False,89,88.0,,88.0,293855.063951,300049.570703,300049.5707,3371.343491011236,0.02427,293855.063951,31141.11988280249,90.75719240000001,70.39212218181818,20.926221705442426,0.2932848722090178,13,64,,False,False,Request timeout: 300.0s exceeded,242,21.16838264042747
437,2026-09-14T02:29:16.537+00:00,2026-09-14T02:34:10.279+00:00,2026-09-14T02:34:16.614+00:00,False,91,90.0,,90.0,293741.954704,300076.146832,300076.146709,3297.5400737252744,0.10526,293741.954704,30785.152646386126,90.746433,70.37991253333333,20.52056611271309,0.29992387249089547,13,64,,False,False,Request timeout: 300.0s exceeded,427,21.16838264042747
438,2026-09-14T02:29:19.539+00:00,2026-09-14T02:34:13.363+00:00,2026-09-14T02:34:19.594+00:00,False,93,92.0,,92.0,293824.273223,300055.025223,300055.025325,3226.3981217741934,0.03446,293824.273223,30461.14178216175,88.74298660000001,67.72556521739129,20.448765508094006,0.30661042897590496,13,64,,False,False,Request timeout: 300.0s exceeded,239,21.16838264042747
439,2026-09-14T02:29:22.507+00:00,2026-09-14T02:34:16.217+00:00,2026-09-14T02:34:22.572+00:00,False,95,94.0,,94.0,293709.98282599996,300065.41936999996,300065.41921499994,3158.5833601578943,0.02177,293709.98282599996,30127.078213617922,87.839757,67.6110270638298,19.95955951321603,0.31326502133220474,13,64,,False,False,Request timeout: 300.0s exceeded,376,21.16838264042747
440,2026-09-14T02:29:25.606+00:00,2026-09-14T02:34:19.296+00:00,2026-09-14T02:34:25.672+00:00,False,93,92.0,,92.0,293689.307842,300065.604802,300065.604847,3226.5118800752684,0.02246,293689.307842,30446.982272561003,89.8072292,69.30757565217391,20.133327567468772,0.30659961864241897,13,64,,False,False,Request timeout: 300.0s exceeded,511,21.16838264042747
441,2026-09-14T02:29:28.510+00:00,2026-09-14T02:34:22.087+00:00,2026-09-14T02:34:28.565+00:00,False,93,92.0,,92.0,293577.42953100003,300055.415067,300055.41526200005,3226.402314645162,0.02076,293577.42953100003,30435.266439844723,90.02755259999999,70.41288626086956,20.16496565810505,0.30661003061536857,13,64,,False,False,Request timeout: 300.0s exceeded,295,21.16838264042747
442,2026-09-14T02:29:32.046+00:00,2026-09-14T02:34:25.972+00:00,2026-09-14T02:34:32.132+00:00,False,90,89.0,,89.0,293926.51462699997,300086.18566699995,300086.18562999996,3334.290951444444,0.04059,293926.51462699997,30975.28645131745,89.8477354,69.20978696629213,20.598723129350727,0.2965814630959442,13,64,,False,False,Request timeout: 300.0s exceeded,248,21.16838264042747
443,2026-09-14T02:29:34.490+00:00,2026-09-14T02:34:28.227+00:00,2026-09-14T02:34:34.534+00:00,False,97,96.0,,96.0,293736.88979000004,300044.30227000004,300044.30244100007,3093.240231350516,0.04562,293736.88979000004,29817.79793818087,87.178126,65.70221333333333,19.832388022578264,0.31995275122276023,13,64,,False,False,Request timeout: 300.0s exceeded,428,21.16838264042747
444,2026-09-14T02:29:37.050+00:00,2026-09-14T02:34:30.826+00:00,2026-09-14T02:34:37.086+00:00,False,92,91.0,,91.0,293775.49849,300035.472634,300035.472742,3261.2551385,0.02163,293775.49849,30621.04721098223,88.62771505,68.79092465934066,19.585662779038127,0.3032974707994173,13,64,,False,False,Request timeout: 300.0s exceeded,438,21.16838264042747
445,2026-09-14T02:29:39.681+00:00,2026-09-14T02:34:33.351+00:00,2026-09-14T02:34:39.763+00:00,False,95,94.0,,94.0,293670.317235,300082.494131,300082.49422500003,3158.7630971052636,0.03543,293670.317235,30122.94679700623,89.60255670000001,68.21464782978724,20.136820240458842,0.31324719648245997,13,64,,False,False,Request timeout: 300.0s exceeded,418,21.16838264042747
446,2026-09-14T02:29:44.048+00:00,2026-09-14T02:34:38.078+00:00,2026-09-14T02:34:44.085+00:00,False,87,86.0,,86.0,294029.53258099995,300036.52547699993,300036.52552599995,3448.695695701149,0.0212,294029.53258099995,31515.79224874879,87.61947599999999,69.84875460465116,19.678312374056258,0.2866317687930717,13,64,,False,False,Request timeout: 300.0s exceeded,374,21.16838264042747
447,2026-09-14T02:29:46.584+00:00,2026-09-14T02:34:40.008+00:00,2026-09-14T02:34:46.625+00:00,False,99,98.0,,98.0,293423.76875199995,300041.4629599999,300041.46297799994,3030.721848262626,0.019719999999999998,293423.76875199995,29483.417894720777,88.701504,67.52749191836735,19.39452851156027,0.32662152434933595,13,64,,False,False,Request timeout: 300.0s exceeded,563,21.16838264042747
448,2026-09-14T02:29:49.464+00:00,2026-09-14T02:34:43.440+00:00,2026-09-14T02:34:49.508+00:00,False,94,93.0,,93.0,293975.384161,300043.970401,300043.97025500005,3191.9571303723405,0.0208,293975.384161,30314.522179191128,88.55070599999999,65.25361548387097,20.512757307672114,0.3099545705774664,13,64,,False,False,Request timeout: 300.0s exceeded,466,21.16838264042747
449,2026-09-14T02:29:51.961+00:00,2026-09-14T02:34:45.609+00:00,2026-09-14T02:34:52.058+00:00,False,101,100.0,,100.0,293647.56152499997,300096.44062899996,300096.440478,2971.2518859207917,0.02477,293647.56152499997,29212.614005971926,86.018988,64.48879104,19.475661597623397,0.3332262115152073,13,64,,False,False,Request timeout: 300.0s exceeded,486,21.16838264042747
450,2026-09-14T02:29:56.331+00:00,2026-09-14T02:34:49.892+00:00,2026-09-14T02:34:56.376+00:00,False,97,96.0,,96.0,293560.887852,300044.436012,300044.43608200003,3093.2416090927836,0.034659999999999996,293560.887852,29799.741295683445,87.785536,67.53696,19.73041181019694,0.31995260860681507,13,64,,True,False,Request timeout: 300.0s exceeded,428,21.16838264042747
451,2026-09-14T02:30:00.456+00:00,2026-09-14T02:34:53.850+00:00,2026-09-14T02:35:00.483+00:00,False,101,100.0,,100.0,293394.541816,300026.75045600004,300026.750513,2970.561886267327,0.02135,293394.541816,29187.255594065486,88.48863300000001,66.3220864,20.078627566647118,0.3333036132545299,13,64,,True,False,Request timeout: 300.0s exceeded,447,21.16838264042747
452,2026-09-14T02:30:03.409+00:00,2026-09-14T02:34:56.888+00:00,2026-09-14T02:35:03.477+00:00,False,102,101.0,,101.0,293478.907082,300067.630794,300067.63076,2941.8395172549017,0.023899999999999998,293478.907082,29052.289761605913,88.48265155000001,65.23488823762376,20.414915811263644,0.336590786992742,13,64,,True,False,Request timeout: 300.0s exceeded,487,21.16838264042747
453,2026-09-14T02:30:05.891+00:00,2026-09-14T02:34:59.391+00:00,2026-09-14T02:35:05.911+00:00,False,98,97.0,,97.0,293500.180889,300020.050329,300020.050483,3061.4290865612247,0.02047,293500.180889,29641.212548257117,87.6193974,67.21514886597939,20.25419130203177,0.32331172497848204,13,64,,True,False,Request timeout: 300.0s exceeded,515,21.16838264042747
454,2026-09-14T02:30:08.918+00:00,2026-09-14T02:35:02.567+00:00,2026-09-14T02:35:08.974+00:00,False,96,95.0,,95.0,293648.76043900003,300055.78405500005,300055.78417000006,3125.581085104167,0.02035,293648.76043900003,29963.52434697672,87.54666975,67.44235385263158,19.90513231623479,0.3166077944446042,13,64,,True,False,Request timeout: 300.0s exceeded,509,21.16838264042747
455,2026-09-14T02:30:11.867+00:00,2026-09-14T02:35:05.660+00:00,2026-09-14T02:35:11.931+00:00,False,95,94.0,,94.0,293792.692609,300063.88697700005,300063.886947,3158.567231021053,0.05083,293792.692609,30135.65629014251,89.31799070000001,66.71483370212766,20.39184450097216,0.3132666211419341,13,64,,True,False,Request timeout: 300.0s exceeded,406,21.16838264042747
456,2026-09-14T02:30:14.959+00:00,2026-09-14T02:35:08.274+00:00,2026-09-14T02:35:14.999+00:00,False,103,102.0,,102.0,293314.477151,300040.06767899997,300040.06786,2913.0103675728155,0.039670000000000004,293314.477151,28894.64428519922,88.50319510000001,65.93716203921568,20.30196509411944,0.339954596027906,13,64,,True,False,Request timeout: 300.0s exceeded,478,21.16838264042747
457,2026-09-14T02:30:19.119+00:00,2026-09-14T02:35:12.503+00:00,2026-09-14T02:35:19.143+00:00,False,96,95.0,,95.0,293383.49202,300023.842996,300023.842948,3125.2483640416667,0.019219999999999998,293383.49202,29936.19996700649,88.1912365,69.89843132631579,20.103065059195366,0.31664150105985595,13,64,,True,False,Request timeout: 300.0s exceeded,454,21.16838264042747
458,2026-09-14T02:30:21.769+00:00,2026-09-14T02:35:15.613+00:00,2026-09-14T02:35:21.822+00:00,False,89,88.0,,88.0,293843.837451,300052.347403,300052.347422,3371.3746901348313,0.03059,293843.837451,31139.912068936,89.3914594,70.55124945454546,19.459943470440944,0.29328215813558456,13,64,,True,False,Request timeout: 300.0s exceeded,365,21.16838264042747
459,2026-09-14T02:30:24.543+00:00,2026-09-14T02:35:17.949+00:00,2026-09-14T02:35:24.620+00:00,False,97,96.0,,96.0,293405.72428799997,300076.713344,300076.713274,3093.574363649484,0.03555,293405.72428799997,29783.78831898498,88.13831979999999,69.48946933333333,19.329663642714713,0.31991819335193844,13,64,,True,False,Request timeout: 300.0s exceeded,272,21.16838264042747
460,2026-09-14T02:30:28.744+00:00,2026-09-14T02:35:22.387+00:00,2026-09-14T02:35:28.772+00:00,False,92,91.0,,91.0,293643.115722,300028.609994,300028.61001,3261.180543586957,0.02647,293643.115722,30607.102938788918,89.07729149999999,70.17026672527473,21.669362511781756,0.30330440820900323,13,64,,True,False,Request timeout: 300.0s exceeded,375,21.16838264042747
461,2026-09-14T02:30:31.485+00:00,2026-09-14T02:35:25.483+00:00,2026-09-14T02:35:31.568+00:00,False,87,86.0,,86.0,293998.67630500003,300083.73844900005,300083.738666,3449.2383754712646,0.03778,293998.67630500003,31512.387704765424,87.2641793,70.75653655813953,21.11642399431035,0.2865866722552042,13,64,,True,False,Request timeout: 300.0s exceeded,406,21.16838264042747
462,2026-09-14T02:30:35.200+00:00,2026-09-14T02:35:29.397+00:00,2026-09-14T02:35:35.256+00:00,False,84,83.0,,83.0,294196.118823,300055.752487,300055.752469,3572.092291297619,0.040799999999999996,294196.118823,32091.73083304201,86.93010365,70.59799595180723,18.94273991133075,0.2766152600377025,13,64,,True,False,Request timeout: 300.0s exceeded,406,21.16838264042747
463,2026-09-14T02:30:37.719+00:00,2026-09-14T02:35:31.404+00:00,2026-09-14T02:35:37.759+00:00,False,94,93.0,,93.0,293685.397403,300040.420763,300040.420775,3191.9193699468083,0.02237,293685.397403,30284.294105837293,87.12196814999999,68.33358451612904,19.666788482506114,0.3099582375051397,13,64,,True,False,Request timeout: 300.0s exceeded,388,21.16838264042747
464,2026-09-14T02:30:41.305+00:00,2026-09-14T02:35:34.750+00:00,2026-09-14T02:35:41.358+00:00,False,98,97.0,,97.0,293445.446983,300052.717127,300052.71725299995,3061.7624209489795,0.0357,293445.446983,29635.592506255914,88.31639935000001,68.11618705154639,20.157450397558566,0.32327652596774814,13,64,,True,False,Request timeout: 300.0s exceeded,320,21.16838264042747
465,2026-09-14T02:30:44.983+00:00,2026-09-14T02:35:38.514+00:00,2026-09-14T02:35:45.051+00:00,False,96,95.0,,95.0,293531.256196,300067.94201999996,300067.942024,3125.7077294166666,0.02367,293531.256196,29951.39251096608,89.24145925,68.8072192,20.1901677466513,0.31659496632821943,13,64,,True,False,Request timeout: 300.0s exceeded,410,21.16838264042747
466,2026-09-14T02:30:47.905+00:00,2026-09-14T02:35:41.606+00:00,2026-09-14T02:35:47.928+00:00,False,93,92.0,,92.0,293701.50453,300023.66133,300023.66143,3226.0608755913977,0.02023,293701.50453,30448.308695852138,90.27934799999998,68.7190956521739,21.123406388493873,0.306642481436849,13,64,,True,False,Request timeout: 300.0s exceeded,450,21.16838264042747
467,2026-09-14T02:30:52.212+00:00,2026-09-14T02:35:46.054+00:00,2026-09-14T02:35:52.296+00:00,False,90,89.0,,89.0,293842.691896,300084.048696,300084.048678,3334.2672075333335,0.02393,293842.691896,30966.35322348318,88.86258195,70.12760449438203,19.357716668319288,0.296583575124186,13,64,,True,False,Request timeout: 300.0s exceeded,343,21.16838264042747
468,2026-09-14T02:30:56.081+00:00,2026-09-14T02:35:49.969+00:00,2026-09-14T02:35:56.142+00:00,False,89,88.0,,88.0,293888.027945,300060.500777,300060.500563,3371.466298460674,0.033280000000000004,293888.027945,31144.63894462361,86.33320540000001,70.14173672727273,18.265937963388275,0.29327418894564916,13,64,,True,False,Request timeout: 300.0s exceeded,399,21.16838264042747
469,2026-09-14T02:30:59.708+00:00,2026-09-14T02:35:53.471+00:00,2026-09-14T02:35:59.787+00:00,False,94,93.0,,93.0,293762.502895,300078.505199,300078.50506,3192.3245219148935,0.03731,293762.502895,30292.29001573018,87.62632565,67.9140032688172,19.36969587503442,0.30991889918381904,13,64,,True,False,Request timeout: 300.0s exceeded,298,21.16838264042747
470,2026-09-14T02:31:03.335+00:00,2026-09-14T02:35:57.286+00:00,2026-09-14T02:36:03.402+00:00,False,91,90.0,,90.0,293950.487212,300066.67281200003,300066.67293,3297.435966263736,0.033909999999999996,293950.487212,30807.26675006657,88.3781285,67.95761777777777,20.57622910415859,0.2999333420022538,13,64,,True,False,Request timeout: 300.0s exceeded,449,21.16838264042747
471,2026-09-14T02:31:06.605+00:00,2026-09-14T02:36:00.435+00:00,2026-09-14T02:36:06.693+00:00,False,91,90.0,,90.0,293829.745602,300087.58649799996,300087.58671,3297.6657880219777,0.03726,293829.745602,30794.444869539,90.93405299999999,69.53156551111111,20.98263682452404,0.299912439065852,13,64,,True,False,Request timeout: 300.0s exceeded,448,21.16838264042747
472,2026-09-14T02:31:09.551+00:00,2026-09-14T02:36:03.397+00:00,2026-09-14T02:36:09.564+00:00,False,88,87.0,,87.0,293846.17752200004,300013.02501000004,300013.02481200005,3409.238918318182,0.02851,293846.17752200004,31316.55741458719,89.65644234999999,70.88330445977012,19.214701560571736,0.2899874097036291,13,64,,True,False,Request timeout: 300.0s exceeded,412,21.16838264042747
473,2026-09-14T02:31:13.121+00:00,2026-09-14T02:36:06.945+00:00,2026-09-14T02:36:13.168+00:00,False,92,91.0,,91.0,293824.737062,300047.295014,300047.295124,3261.3836426521734,0.04229,293824.737062,30626.2234335899,88.5716536,68.37975771428572,19.39587548087424,0.30328552035689577,13,64,,True,False,Request timeout: 300.0s exceeded,424,21.16838264042747
474,2026-09-14T02:31:15.728+00:00,2026-09-14T02:36:09.690+00:00,2026-09-14T02:36:15.792+00:00,False,89,88.0,,88.0,293962.199564,300064.642572,300064.642719,3371.512839539326,0.07873000000000001,293962.199564,31152.585434393597,86.5051928,69.34594327272727,18.199790565474178,0.29327014087934256,13,64,,True,False,Request timeout: 300.0s exceeded,271,21.16838264042747
475,2026-09-14T02:31:18.662+00:00,2026-09-14T02:36:12.548+00:00,2026-09-14T02:36:18.720+00:00,False,88,87.0,,87.0,293886.291798,300058.602326,300058.602405,3409.7568455113637,0.02489,293886.291798,31320.826422777714,87.2276215,70.94609802298851,18.383713104331523,0.28994336214856614,13,64,,True,False,Request timeout: 300.0s exceeded,355,21.16838264042747
476,2026-09-14T02:31:21.207+00:00,2026-09-14T02:36:15.272+00:00,2026-09-14T02:36:21.752+00:00,False,95,94.0,,94.0,294064.73465399997,300544.58054199995,300544.58061199996,3163.627164336842,0.04047,294064.73465399997,30163.338945813215,87.6163424,68.93453072340427,19.588473615623,0.312765579836712,13,64,,True,False,Request timeout: 300.0s exceeded,396,21.16838264042747
477,2026-09-14T02:31:24.019+00:00,2026-09-14T02:36:17.877+00:00,2026-09-14T02:36:24.062+00:00,False,94,93.0,,93.0,293858.368402,300043.922066,300043.922111,3191.9566182021276,0.02086,293858.368402,30302.322658949222,87.7474275,66.51132972043011,19.68133628450892,0.30995462050900335,13,64,,True,False,Request timeout: 300.0s exceeded,452,21.16838264042747
478,2026-09-14T02:31:26.617+00:00,2026-09-14T02:36:20.332+00:00,2026-09-14T02:36:26.704+00:00,False,96,95.0,,95.0,293715.482947,300087.424835,300087.424733,3125.9106743020834,0.02625,293715.482947,29970.37215072118,90.08556700000001,67.07307250526316,20.323640325745995,0.3165744117809494,13,64,,True,False,Request timeout: 300.0s exceeded,422,21.16838264042747
479,2026-09-14T02:31:30.165+00:00,2026-09-14T02:36:24.149+00:00,2026-09-14T02:36:30.244+00:00,False,86,85.0,,85.0,293984.284613,300078.95853299997,300078.958306,3489.290212860465,0.0345,293984.284613,31693.414823715622,89.0364595,71.70204611764706,19.561674544586438,0.28325878100730767,13,64,,True,False,Request timeout: 300.0s exceeded,168,21.16838264042747
480,2026-09-14T02:31:32.851+00:00,2026-09-14T02:36:26.702+00:00,2026-09-14T02:36:32.931+00:00,False,87,86.0,,86.0,293851.250757,300079.759685,300079.759817,3449.1926415747125,0.0232,293851.250757,31496.40132699003,87.6836333,72.42452241860465,18.063469841613106,0.2865904721140673,13,64,,True,False,Request timeout: 300.0s exceeded,399,21.16838264042747
481,2026-09-14T02:31:35.719+00:00,2026-09-14T02:36:29.413+00:00,2026-09-14T02:36:35.735+00:00,False,90,89.0,,89.0,293693.515185,300015.46846500004,300015.468598,3333.5052066444446,0.022269999999999998,293693.515185,30950.533395453753,89.55658350000002,71.03318292134831,19.728453615172402,0.29665137086217536,13,64,,True,False,Request timeout: 300.0s exceeded,432,21.16838264042747
482,2026-09-14T02:31:39.748+00:00,2026-09-14T02:36:33.605+00:00,2026-09-14T02:36:39.759+00:00,False,91,90.0,,90.0,293857.19578500005,300010.71744900005,300010.717393,3296.8210702527476,0.02222,293857.19578500005,30797.444256984738,88.199804,68.37246293333334,21.452047735358544,0.29998928293386534,13,64,,True,False,Request timeout: 300.0s exceeded,438,21.16838264042747
483,2026-09-14T02:31:42.256+00:00,2026-09-14T02:36:36.032+00:00,2026-09-14T02:36:42.321+00:00,False,94,93.0,,93.0,293775.767291,300064.454651,300064.45490199997,3192.175052148936,0.0381,293775.767291,30293.68892152382,88.6924343,67.62029419354838,20.136695400974563,0.3099334111671666,13,64,,True,False,Request timeout: 300.0s exceeded,438,21.16838264042747
484,2026-09-14T02:31:44.842+00:00,2026-09-14T02:36:38.614+00:00,2026-09-14T02:36:44.928+00:00,False,92,91.0,,91.0,293771.96664,300086.704816,300086.704616,3261.812006695652,0.026670000000000003,293771.96664,30620.616978566806,90.17286455000001,69.39272720879121,20.70780922822294,0.30324569046068606,13,64,,True,False,Request timeout: 300.0s exceeded,458,21.16838264042747
485,2026-09-14T02:31:49.148+00:00,2026-09-14T02:36:43.140+00:00,2026-09-14T02:36:49.191+00:00,False,87,86.0,,86.0,293992.00067900005,300042.20637500007,300042.20642500004,3448.760993390805,0.03462,293992.00067900005,31511.715301961493,90.51711230000001,70.35122902325581,20.88191268469083,0.28662634180377644,13,64,,True,False,Request timeout: 300.0s exceeded,400,21.16838264042747
486,2026-09-14T02:31:51.514+00:00,2026-09-14T02:36:45.420+00:00,2026-09-14T02:36:51.521+00:00,False,92,91.0,,91.0,293905.88616399997,300006.83285199996,300006.832763,3260.9438343804345,0.023379999999999998,293905.88616399997,30634.82347716871,87.5472161,67.0433701978022,19.928799533554884,0.30332642471810745,13,64,,True,False,Request timeout: 300.0s exceeded,453,21.16838264042747
487,2026-09-14T02:31:54.655+00:00,2026-09-14T02:36:48.279+00:00,2026-09-14T02:36:54.675+00:00,False,94,93.0,,93.0,293623.824693,300019.844661,300019.844879,3191.7004774361703,0.019710000000000002,293623.824693,30277.89800619449,89.6919165,68.77440825806453,19.832440241033233,0.3099794952066689,13,64,,True,False,Request timeout: 300.0s exceeded,400,21.16838264042747
488,2026-09-14T02:31:59.010+00:00,2026-09-14T02:36:52.237+00:00,2026-09-14T02:36:59.053+00:00,False,95,94.0,,94.0,293227.44084399997,300043.41345199995,300043.41345399996,3158.3517205684207,0.02127,293227.44084399997,30077.06711938389,88.48950270000002,72.51034689361703,18.891309139409024,0.31328799695527343,13,64,,True,False,Request timeout: 300.0s exceeded,454,21.16838264042747
489,2026-09-14T02:32:01.917+00:00,2026-09-14T02:36:55.524+00:00,2026-09-14T02:37:01.974+00:00,False,92,91.0,,91.0,293607.393497,300056.95535299997,300056.955348,3261.4886450869562,0.021169,293607.393497,30603.304142200745,89.02971705,70.8743061098901,20.04178013762878,0.3032757560741882,13,64,,True,False,Request timeout: 300.0s exceeded,434,21.16838264042747
490,2026-09-14T02:32:05.699+00:00,2026-09-14T02:36:59.264+00:00,2026-09-14T02:37:05.727+00:00,False,101,100.0,,100.0,293564.98529000004,300028.09031400003,300028.09035400004,2970.5751520198023,0.02109,293564.98529000004,29204.38361572196,89.521271,64.63105024000001,20.081138685138686,0.33330212479552535,13,64,,True,False,Request timeout: 300.0s exceeded,454,21.16838264042747
491,2026-09-14T02:32:08.274+00:00,2026-09-14T02:37:02.057+00:00,2026-09-14T02:37:08.367+00:00,False,104,103.0,,103.0,293783.054332,300093.286908,300093.287047,2885.512375451923,0.0,293783.054332,28801.80500100363,89.67964800000001,61.26439394174758,28.411188876278516,0.3432266048376379,13,64,,True,False,Request timeout: 300.0s exceeded,526,21.16838264042747
492,2026-09-14T02:32:12.584+00:00,2026-09-14T02:37:07.188+00:00,2026-09-14T02:37:12.619+00:00,False,84,83.0,,83.0,294604.39966399997,300035.58635199995,300035.586524,3571.852220523809,0.0,294604.39966399997,32136.84335928682,89.07083545000002,65.43598419277109,22.434401064490586,0.27663385203455465,13,64,,True,False,Request timeout: 300.0s exceeded,354,21.16838264042747
493,2026-09-14T02:32:15.955+00:00,2026-09-14T02:37:09.733+00:00,2026-09-14T02:37:16.564+00:00,False,103,102.0,,102.0,293777.955081,300609.146633,300609.146516,2918.535403067961,0.03653,293777.955081,28940.209976031387,88.49853130000001,66.97246619607843,20.122367198568607,0.33931103275618935,13,64,,True,False,Request timeout: 300.0s exceeded,460,21.16838264042747
494,2026-09-14T02:32:20.102+00:00,2026-09-14T02:37:13.694+00:00,2026-09-14T02:37:20.118+00:00,False,100,99.0,,99.0,293592.02534600004,300015.39251400006,300015.392653,3000.1539265300003,0.03547,293592.02534600004,29352.721267052595,89.30178695000001,64.88249664646465,20.34893860367608,0.32998306910329683,13,64,,True,False,Request timeout: 300.0s exceeded,371,21.16838264042747
495,2026-09-14T02:32:24.455+00:00,2026-09-14T02:37:18.415+00:00,2026-09-14T02:37:24.476+00:00,False,92,91.0,,91.0,293960.907843,300021.597251,300021.59732400003,3261.1043187391306,0.03448,293960.907843,30640.606242050977,89.3315331,66.6009825054945,20.2947799720482,0.3033114976848444,13,64,,True,False,Request timeout: 300.0s exceeded,444,21.16838264042747
496,2026-09-14T02:32:28.226+00:00,2026-09-14T02:37:21.920+00:00,2026-09-14T02:37:28.240+00:00,False,96,95.0,,95.0,293694.209842,300013.985842,300013.985774,3125.1456851458333,0.021070000000000002,293694.209842,29968.25681202083,88.47680650000001,66.52395789473684,20.014672265297808,0.3166519045216479,13,64,,True,False,Request timeout: 300.0s exceeded,447,21.16838264042747
497,2026-09-14T02:32:32.466+00:00,2026-09-14T02:37:25.913+00:00,2026-09-14T02:37:32.499+00:00,False,97,96.0,,96.0,293446.630235,300032.676187,300032.676339,3093.1203746288656,0.04468,293446.630235,29788.03203226804,87.91697999999998,68.60464533333332,20.09991753629902,0.3199651491965046,13,64,,True,False,Request timeout: 300.0s exceeded,314,21.16838264042747
498,2026-09-14T02:32:34.851+00:00,2026-09-14T02:37:28.323+00:00,2026-09-14T02:37:34.884+00:00,False,95,94.0,,94.0,293471.716663,300033.077047,300033.07682,3158.242913894737,0.02275,293471.716663,30102.407239992124,88.00111629999999,69.80170621276596,18.97874328036592,0.3132987900039933,13,64,,True,False,Request timeout: 300.0s exceeded,349,21.16838264042747
499,2026-09-14T02:32:38.924+00:00,2026-09-14T02:37:32.873+00:00,2026-09-14T02:37:38.961+00:00,False,91,90.0,,90.0,293949.208125,300036.900669,300036.900675,3297.1087986263738,0.02418,293949.208125,30807.165068749284,88.03588950000001,67.64102826666667,19.352315040976425,0.29996310386930636,13,64,,True,False,Request timeout: 300.0s exceeded,423,21.16838264042747
500,2026-09-14T02:32:41.534+00:00,2026-09-14T02:37:35.168+00:00,2026-09-14T02:37:41.575+00:00,False,97,96.0,,96.0,293633.649134,300040.829166,300040.829275,3093.204425515464,0.03698,293633.649134,29807.210230405944,88.3751664,66.74145866666666,20.297214720742414,0.31995645481597845,13,64,,True,False,Request timeout: 300.0s exceeded,395,21.16838264042747
501,2026-09-14T02:32:44.783+00:00,2026-09-14T02:37:38.606+00:00,2026-09-14T02:37:44.809+00:00,False,89,88.0,,88.0,293823.309997,300026.10449299996,300026.10474499996,3371.079828595505,0.02088,293823.309997,31137.743013189283,88.0927922,70.4863010909091,19.40382025358597,0.2933078111609891,13,64,,True,False,Request timeout: 300.0s exceeded,442,21.16838264042747
502,2026-09-14T02:32:48.939+00:00,2026-09-14T02:37:42.821+00:00,2026-09-14T02:37:48.979+00:00,False,90,89.0,,89.0,293882.38086900004,300040.49517300003,300040.49513200007,3333.783279244445,0.03822,293882.38086900004,30970.635163940526,87.66188445,69.1922955505618,18.975238164880743,0.29662662684476504,13,64,,True,False,Request timeout: 300.0s exceeded,355,21.16838264042747
503,2026-09-14T02:32:53.099+00:00,2026-09-14T02:37:46.725+00:00,2026-09-14T02:37:53.121+00:00,False,95,94.0,,94.0,293625.235499,300021.262379,300021.26246,3158.1185522105266,0.02284,293625.235499,30118.33867230847,89.022781,68.04283914893617,19.422045372170682,0.3133111275335382,13,64,,True,False,Request timeout: 300.0s exceeded,473,21.16838264042747
504,2026-09-14T02:32:56.504+00:00,2026-09-14T02:37:50.078+00:00,2026-09-14T02:37:56.523+00:00,False,91,90.0,,90.0,293573.705375,300018.198175,300018.198143,3296.9032762967036,0.026609999999999998,293573.705375,30767.386455760658,90.538644,71.60547555555556,19.90722099559891,0.29998180292884497,13,64,,True,False,Request timeout: 300.0s exceeded,430,21.16838264042747
505,2026-09-14T02:33:00.316+00:00,2026-09-14T02:37:54.175+00:00,2026-09-14T02:38:00.354+00:00,False,86,85.0,,85.0,293859.225241,300038.433689,300038.433729,3488.8189968488373,0.04133,293859.225241,31679.821985903163,89.97344500000001,72.69656997647058,19.398960931683813,0.28329703949896423,13,64,,True,False,Request timeout: 300.0s exceeded,268,21.16838264042747
506,2026-09-14T02:33:03.693+00:00,2026-09-14T02:37:57.377+00:00,2026-09-14T02:38:03.768+00:00,False,91,90.0,,90.0,293683.84284899995,300074.645025,300074.64493999997,3297.52357076923,0.04575,293683.84284899995,30778.99430269205,88.02714399999999,71.00891306666666,19.541337468344185,0.29992537354331245,13,64,,True,False,Request timeout: 300.0s exceeded,473,21.16838264042747
507,2026-09-14T02:33:06.103+00:00,2026-09-14T02:37:59.933+00:00,2026-09-14T02:38:06.176+00:00,False,91,90.0,,90.0,293829.73735,300073.009286,300073.009362,3297.5055973846156,0.022969999999999997,293829.73735,30794.460622017763,89.41618150000001,69.36968817777779,20.45357937702206,0.2999270084775298,13,64,,True,False,Request timeout: 300.0s exceeded,439,21.16838264042747
508,2026-09-14T02:33:10.022+00:00,2026-09-14T02:38:03.601+00:00,2026-09-14T02:38:12.800+00:00,False,92,91.0,,91.0,293579.428916,302777.851444,302777.851481,3291.063603054348,0.02763,293579.428916,30598.82365373867,89.73607025000001,101.08156624175824,313.7428503371412,0.3005503855913015,13,64,,True,False,Request timeout: 300.0s exceeded,374,21.16838264042747
509,2026-09-14T02:33:13.681+00:00,2026-09-14T02:38:07.386+00:00,2026-09-14T02:38:13.722+00:00,False,105,104.0,,104.0,293705.42321700003,300040.888433,300040.88857600006,2857.532272152381,0.015099999999999999,293705.42321700003,28658.348994422424,88.83639579999999,60.91793476923077,302.34565242277665,0.3466194242496502,13,64,,True,False,Request timeout: 300.0s exceeded,435,21.16838264042747
510,2026-09-14T02:33:16.525+00:00,2026-09-14T02:38:12.733+00:00,2026-09-14T02:38:16.605+00:00,False,114,113.0,,113.0,296208.20629299997,300079.34024499997,300079.340423,2632.2749159912278,0.01497,296208.20629299997,27739.25687473352,86.96742210000001,34.257822584070794,37.47146541997121,0.3765670769195276,13,64,,True,False,Request timeout: 300.0s exceeded,531,21.16838264042747
511,2026-09-14T02:33:20.538+00:00,2026-09-14T02:38:14.240+00:00,2026-09-14T02:38:20.600+00:00,False,98,97.0,,97.0,293702.497961,300062.333353,300062.333447,3061.8605453775513,0.02026,293702.497961,29661.8153689862,85.90117585,65.56531331958763,18.806097147830847,0.32326616578658357,13,64,,True,False,Request timeout: 300.0s exceeded,509,21.16838264042747
512,2026-09-14T02:33:23.327+00:00,2026-09-14T02:38:16.760+00:00,2026-09-14T02:38:23.355+00:00,False,97,96.0,,96.0,293433.250957,300027.853453,300027.853359,3093.070653185567,0.01968,293433.250957,29786.66386884627,89.1720958,68.693776,19.09501720421837,0.31997029240832997,13,64,,True,False,Request timeout: 300.0s exceeded,444,21.16838264042747
513,2026-09-14T02:33:26.338+00:00,2026-09-14T02:38:20.598+00:00,2026-09-14T02:38:26.386+00:00,False,87,86.0,,86.0,294260.12308,300047.381448,300047.381446,3448.8204763908043,0.03615,294260.12308,31540.788757622413,89.6629466,67.29370195348837,20.76219522097174,0.2866213982104167,13,64,,True,False,Request timeout: 300.0s exceeded,187,21.16838264042747
514,2026-09-14T02:33:30.374+00:00,2026-09-14T02:38:24.119+00:00,2026-09-14T02:38:30.419+00:00,False,97,96.0,,96.0,293745.171785,300045.120329,300045.120098,3093.248660804124,0.07010899999999999,293745.171785,29818.646652201267,87.3447438,65.624464,19.69568628662995,0.3199518788865349,13,64,,True,False,Request timeout: 300.0s exceeded,489,21.16838264042747
515,2026-09-14T02:33:33.298+00:00,2026-09-14T02:38:26.851+00:00,2026-09-14T02:38:33.342+00:00,False,100,99.0,,99.0,293553.378799,300043.974127,300043.974269,3000.43974269,0.04405,293553.378799,29348.7887192949,88.17887305,65.56156896969696,20.368222840467606,0.3299516355495816,13,64,,True,False,Request timeout: 300.0s exceeded,376,21.16838264042747
516,2026-09-14T02:33:36.444+00:00,2026-09-14T02:38:30.157+00:00,2026-09-14T02:38:36.532+00:00,False,94,93.0,,93.0,293712.28571100003,300087.23431900004,300087.23424500006,3192.417385585107,0.035679999999999996,293712.28571100003,30287.04574082912,89.35712080000002,68.54783449462366,20.304768818428,0.30990988407437126,13,64,,True,False,Request timeout: 300.0s exceeded,425,21.16838264042747
517,2026-09-14T02:33:39.471+00:00,2026-09-14T02:38:33.860+00:00,2026-09-14T02:38:39.477+00:00,False,81,80.0,,80.0,294389.68866000004,300006.66939600004,300006.66950500006,3703.7860432716056,0.02198,294389.68866000004,32702.170038248652,87.644685,70.2122592,19.92454277038831,0.26666073844645877,13,64,,True,False,Request timeout: 300.0s exceeded,403,21.16838264042747
518,2026-09-14T02:33:42.440+00:00,2026-09-14T02:38:35.966+00:00,2026-09-14T02:38:42.468+00:00,False,97,96.0,,96.0,293526.112902,300028.19623,300028.196287,3093.0741885257735,0.036859,293526.112902,29796.191039707363,90.44574979999999,67.73003466666667,20.04565587488466,0.3199699268478317,13,64,,True,False,Request timeout: 300.0s exceeded,385,21.16838264042747
519,2026-09-14T02:33:46.303+00:00,2026-09-14T02:38:40.077+00:00,2026-09-14T02:38:46.331+00:00,False,98,97.0,,97.0,293773.25772899995,300027.21152099996,300027.21161899995,3061.5021593775505,0.019760000000000003,293773.25772899995,29669.07375636,85.06826000000001,64.47375043298969,19.29136027039347,0.32330400802065457,13,64,,True,False,Request timeout: 300.0s exceeded,402,21.16838264042747
520,2026-09-14T02:33:50.277+00:00,2026-09-14T02:38:43.811+00:00,2026-09-14T02:38:50.357+00:00,False,101,100.0,,100.0,293534.256861,300080.461533,300080.461434,2971.0936775643563,0.0365,293534.256861,29201.243265914854,89.028542,65.46204672,19.977349611368673,0.3332439556015644,13,64,,True,False,Request timeout: 300.0s exceeded,421,21.16838264042747
521,2026-09-14T02:33:52.944+00:00,2026-09-14T02:38:46.717+00:00,2026-09-14T02:38:52.963+00:00,False,93,92.0,,92.0,293773.337616,300019.114512,300019.114463,3226.011983473118,0.02819,293773.337616,30455.84269765999,88.2459202,67.88887930434782,19.876740558447604,0.30664712863259996,13,64,,True,False,Request timeout: 300.0s exceeded,307,21.16838264042747
522,2026-09-14T02:33:55.538+00:00,2026-09-14T02:38:49.328+00:00,2026-09-14T02:38:55.544+00:00,False,93,92.0,,92.0,293790.564038,300006.02387800004,300006.02389,3225.871224623656,0.02491,293790.564038,30457.663415333096,88.779412,67.55934608695651,20.260914127893546,0.3066605090483535,13,64,,True,False,Request timeout: 300.0s exceeded,227,21.16838264042747
523,2026-09-14T02:33:58.170+00:00,2026-09-14T02:38:51.570+00:00,2026-09-14T02:38:58.214+00:00,False,99,98.0,,98.0,293400.044681,300044.107401,300044.107367,3030.7485592626263,0.041509,293400.044681,29481.006653034125,88.3083979,67.79655836734695,19.63685435479404,0.32661864566807153,13,64,,True,False,Request timeout: 300.0s exceeded,450,21.16838264042747
524,2026-09-14T02:34:00.678+00:00,2026-09-14T02:38:54.329+00:00,2026-09-14T02:39:00.743+00:00,False,96,95.0,,95.0,293650.610262,300065.136726,300065.136733,3125.6785076354167,0.02216,293650.610262,29963.705037511558,88.45175800000001,67.5213312,19.835432362334053,0.3165979261587721,13,64,,True,False,Request timeout: 300.0s exceeded,346,21.16838264042747
525,2026-09-14T02:34:05.042+00:00,2026-09-14T02:38:58.583+00:00,2026-09-14T02:39:05.072+00:00,False,95,94.0,,94.0,293540.561742,300029.80513399997,300029.805207,3158.2084758631577,0.02198,293540.561742,30109.549776897682,89.007975,69.03450417021276,19.716919550832134,0.31330220661916414,13,64,,True,False,Request timeout: 300.0s exceeded,482,21.16838264042747
526,2026-09-14T02:34:07.665+00:00,2026-09-14T02:39:01.242+00:00,2026-09-14T02:39:07.720+00:00,False,100,99.0,,99.0,293576.459675,300054.599323,300054.599222,3000.54599222,0.02172,293576.459675,29351.109531435537,88.28446794999999,65.43575402020201,20.57583540347288,0.32993995167335993,13,64,,True,False,Request timeout: 300.0s exceeded,515,21.16838264042747
527,2026-09-14T02:34:10.658+00:00,2026-09-14T02:39:04.379+00:00,2026-09-14T02:39:10.670+00:00,False,97,96.0,,96.0,293721.17016900005,300012.201209,300012.201141,3092.9092901134027,0.023229,293721.17016900005,29816.21976312403,90.050414,65.53157333333334,20.700853346674403,0.31998698590635893,13,64,,True,False,Request timeout: 300.0s exceeded,461,21.16838264042747
528,2026-09-14T02:34:13.950+00:00,2026-09-14T02:39:07.638+00:00,2026-09-14T02:39:13.959+00:00,False,95,94.0,,94.0,293687.64923900005,300008.7003750001,300008.7005280001,3157.986321347369,0.02215,293687.64923900005,30124.82498365178,89.59675200000001,67.24522485106384,20.879671778810646,0.31332424653852836,13,64,,True,False,Request timeout: 300.0s exceeded,396,21.16838264042747
529,2026-09-14T02:34:16.865+00:00,2026-09-14T02:39:10.539+00:00,2026-09-14T02:39:16.916+00:00,False,94,93.0,,93.0,293673.51987699996,300050.927621,300050.92767799995,3192.031145510638,0.034599,293673.51987699996,30283.044336331866,88.55208030000001,68.5742768172043,19.866687712835617,0.30994738372370595,13,64,,True,False,Request timeout: 300.0s exceeded,270,21.16838264042747
530,2026-09-14T02:34:19.268+00:00,2026-09-14T02:39:12.541+00:00,2026-09-14T02:39:19.324+00:00,False,100,99.0,,99.0,293273.45113,300056.576634,300056.576675,3000.56576675,0.01889,293273.45113,29320.499965228148,88.236255,68.51641923232323,19.614071322143403,0.3299377774370772,13,64,,True,False,Request timeout: 300.0s exceeded,524,21.16838264042747
531,2026-09-14T02:34:22.594+00:00,2026-09-14T02:39:16.544+00:00,2026-09-14T02:39:22.637+00:00,False,89,88.0,,88.0,293949.212592,300042.617264,300042.61723200005,3371.2653621573036,0.02094,293949.212592,31151.22019274658,88.80763440000001,69.2432349090909,19.024427393060417,0.29329166903837195,13,64,,True,False,Request timeout: 300.0s exceeded,384,21.16838264042747
532,2026-09-14T02:34:26.398+00:00,2026-09-14T02:39:20.251+00:00,2026-09-14T02:39:26.420+00:00,False,91,90.0,,90.0,293853.869963,300022.407051,300022.406925,3296.949526648352,0.03552,293853.869963,30797.07714464644,88.714902,68.53930097777778,19.975232430807903,0.2999775946224615,13,64,,True,False,Request timeout: 300.0s exceeded,385,21.16838264042747
533,2026-09-14T02:34:29.191+00:00,2026-09-14T02:39:22.762+00:00,2026-09-14T02:39:29.239+00:00,False,97,96.0,,96.0,293571.093459,300047.881683,300047.88178,3093.277131752577,0.038840000000000006,293571.093459,29800.78481649248,88.3290666,67.466544,19.95655666515263,0.31994893435516336,13,64,,True,False,Request timeout: 300.0s exceeded,463,21.16838264042747
534,2026-09-14T02:34:33.316+00:00,2026-09-14T02:39:26.749+00:00,2026-09-14T02:39:33.331+00:00,False,100,99.0,,99.0,293432.56132,300014.54147999996,300014.541469,3000.1454146899996,0.0443,293432.56132,29336.61478242442,89.48172385000002,66.48464808080809,20.536144829937083,0.3299840051472962,13,64,,True,False,Request timeout: 300.0s exceeded,338,21.16838264042747
535,2026-09-14T02:34:37.677+00:00,2026-09-14T02:39:30.862+00:00,2026-09-14T02:39:37.702+00:00,False,129,128.0,,128.0,293185.27583,300025.085878,300025.085775,2325.77585872093,0.02827,293185.27583,25808.832472471076,88.541641,53.436016,26.074626446781437,0.4266309919566158,13,64,,True,False,Request timeout: 300.0s exceeded,682,21.16838264042747
0,2026-09-14T02:04:40.892+00:00,2026-09-14T02:04:41.078+00:00,2026-09-14T02:04:54.786+00:00,True,250,250.0,,250.0,185.569469,13893.694909,13893.695031,55.574780124,0.02501,185.569469,22.09075224089538,94.86007290000002,55.052712610441766,20.53182355182129,17.9937735524951,14,64,,False,True,,884,21.16838264042747
1,2026-09-14T02:04:45.450+00:00,2026-09-14T02:04:45.659+00:00,2026-09-14T02:05:01.989+00:00,True,256,256.0,,256.0,209.392448,16539.186751999998,16539.186796,64.606198421875,38.397079,209.392448,22.99266240261021,96.02856449999999,64.03840903529411,21.163381776367338,15.478391038123034,14,64,,False,True,,1166,21.16838264042747
2,2026-09-14T02:04:48.511+00:00,2026-09-14T02:04:52.081+00:00,2026-09-14T02:05:05.949+00:00,True,209,209.0,,209.0,3569.944375,17438.005815,17438.00577,83.4354343062201,39.730025999999995,3569.944375,243.28934672117688,95.7691064,66.6733723076923,21.67761012420619,11.985315420655512,14,64,,False,True,,1181,21.16838264042747
3,2026-09-14T02:04:51.833+00:00,2026-09-14T02:04:57.835+00:00,2026-09-14T02:05:04.627+00:00,True,104,104.0,,104.0,6001.883272,12793.265544,12793.26547,123.01216798076923,40.450155,6001.883272,582.452530728183,95.25963435,65.93575021359223,21.277244893348648,8.129277051454283,14,64,,False,True,,640,21.16838264042747
4,2026-09-14T02:04:55.210+00:00,2026-09-14T02:05:04.040+00:00,2026-09-14T02:05:10.401+00:00,True,100,100.0,,100.0,8829.957341,15191.051996999999,15191.052096,151.91052095999999,35.511475,8829.957341,876.835833467866,94.35069855,64.25348137373737,21.68379157215779,6.582822573429969,14,64,,False,True,,462,21.16838264042747
5,2026-09-14T02:04:57.833+00:00,2026-09-14T02:05:08.599+00:00,2026-09-14T02:05:17.716+00:00,True,137,137.0,,137.0,10766.072262,19883.156934,19883.15684,145.13253167883212,24.895447,10766.072262,914.3641276251046,96.0539234,67.03738729411765,22.86749354500796,6.890253919674666,14,64,,False,True,,675,21.16838264042747
6,2026-09-14T02:05:00.914+00:00,2026-09-14T02:05:13.478+00:00,2026-09-14T02:05:24.632+00:00,True,167,167.0,,167.0,12564.105504000001,23718.692896,23718.692885,142.02810110778444,21.247745,12564.105504000001,967.2887992270556,94.2147296,67.19630959036145,22.00990140086681,7.040860165956423,14,64,,False,True,,752,21.16838264042747
7,2026-09-14T02:05:05.208+00:00,2026-09-14T02:05:20.594+00:00,2026-09-14T02:05:28.240+00:00,True,117,117.0,,117.0,15385.948457,23032.369193,23032.369142,196.85785591452992,39.338748,15385.948457,1416.504424934156,94.63332480000001,65.91742013793103,21.84845327248525,5.07980742317897,14,64,,False,True,,487,21.16838264042747
8,2026-09-14T02:05:08.205+00:00,2026-09-14T02:05:26.830+00:00,2026-09-14T02:05:43.965+00:00,True,259,259.0,,259.0,18624.59193,35760.28345,35760.283491,138.07059262934362,0.01734,18624.59193,1153.46003890314,96.87603800000001,66.41740899224806,26.84343188812189,7.242671897781055,14,64,,False,True,,1067,21.16838264042747
9,2026-09-14T02:05:12.874+00:00,2026-09-14T02:05:34.493+00:00,2026-09-14T02:05:43.559+00:00,True,143,143.0,,143.0,21618.771942000003,30684.347366,30684.347218000003,214.5758546713287,0.01832,21618.771942000003,1802.7524383111322,97.00923309999999,63.84208045070422,29.436407599395235,4.660356575106829,14,64,,False,True,,273,21.16838264042747
10,2026-09-14T02:05:15.748+00:00,2026-09-14T02:05:39.539+00:00,2026-09-14T02:05:54.236+00:00,True,224,224.0,,224.0,23791.770743,38487.992183,38487.992235,171.82139390625,34.368919,23791.770743,1585.4005613955824,96.451924,65.90233829596413,21.806034420199776,5.819997024914693,14,64,,False,True,,1095,21.16838264042747
11,2026-09-14T02:05:19.966+00:00,2026-09-14T02:05:46.845+00:00,2026-09-14T02:05:56.433+00:00,True,145,145.0,,145.0,26879.345526999998,36467.693431,36467.693402,251.50133380689653,40.745724,26879.345526999998,2226.788017786711,97.52450300000001,66.58574933333334,22.161592404169323,3.976122050997067,14,64,,False,True,,681,21.16838264042747
12,2026-09-14T02:05:22.763+00:00,2026-09-14T02:05:51.447+00:00,2026-09-14T02:06:02.501+00:00,True,165,165.0,,165.0,28684.096995,39738.198499,39738.198451,240.83756636969696,39.260017999999995,28684.096995,2227.916509375897,95.061973,67.40305795121951,22.197361992632484,4.152176148703676,14,64,,False,True,,690,21.16838264042747
13,2026-09-14T02:05:25.513+00:00,2026-09-14T02:05:56.799+00:00,2026-09-14T02:06:10.127+00:00,True,201,201.0,,201.0,31286.84422,44614.892091999995,44614.892006,221.96463684577114,40.126064,31286.84422,2202.211516717308,94.87789,66.64023936,21.876257237621537,4.505222148369643,14,64,,False,True,,850,21.16838264042747
14,2026-09-14T02:05:28.305+00:00,2026-09-14T02:06:01.494+00:00,2026-09-14T02:06:19.498+00:00,True,269,269.0,,269.0,33189.037712000005,51192.62145600001,51192.621556000006,190.30714333085504,33.609928999999994,33189.037712000005,2019.5952882060033,95.2123374,67.17755128358209,22.04140862655109,5.254663511053153,14,64,,False,True,,1223,21.16838264042747
15,2026-09-14T02:05:32.460+00:00,2026-09-14T02:06:08.458+00:00,2026-09-14T02:06:19.497+00:00,True,167,167.0,,167.0,35998.518122,47037.31057,47037.310512000004,281.66054198802397,34.896146,35998.518122,2780.5854800010065,93.81013869999998,66.49874968674699,21.46357330309319,3.550373054417596,14,64,,False,True,,781,21.16838264042747
16,2026-09-14T02:05:36.538+00:00,2026-09-14T02:06:16.064+00:00,2026-09-14T02:06:35.146+00:00,True,288,288.0,,288.0,39525.453031000005,58607.850727000005,58607.850592,203.49948122222224,0.01682,39525.453031000005,2325.3306612179813,94.18090284999998,66.48919057839721,29.692313137798266,4.914017429875167,14,64,,False,True,,1340,21.16838264042747
17,2026-09-14T02:05:39.234+00:00,2026-09-14T02:06:20.721+00:00,2026-09-14T02:06:39.024+00:00,True,278,278.0,,278.0,41486.574648999995,59789.722681,59789.722601999994,215.07094461151078,0.01723,41486.574648999995,2484.418659072306,94.74796285000001,66.07634668592058,30.147165515085774,4.649628523671727,14,64,,False,True,,1431,21.16838264042747
18,2026-09-14T02:05:43.367+00:00,2026-09-14T02:06:27.078+00:00,2026-09-14T02:06:33.665+00:00,True,101,101.0,,101.0,43711.696481,50298.199905,50298.199852,498.00197873267325,0.01805,43711.696481,4343.153397048672,96.49295699999999,65.86503424,45.00467787775409,2.0080241477977796,14,64,,False,True,,441,21.16838264042747
19,2026-09-14T02:05:47.459+00:00,2026-09-14T02:06:35.563+00:00,2026-09-14T02:06:51.117+00:00,True,231,231.0,,231.0,48104.111486,63658.443646,63658.44388,275.5776791341991,5.580337999999999,48104.111486,3160.647175678366,93.951597,67.62753113043478,22.334695172797215,3.628740930026098,14,64,,False,True,,1046,21.16838264042747
20,2026-09-14T02:05:51.702+00:00,2026-09-14T02:06:42.591+00:00,2026-09-14T02:06:58.831+00:00,True,245,245.0,,245.0,50889.367097999995,67129.93337,67129.93351599999,273.9997286367347,1.792127,50889.367097999995,3247.0321001613247,96.551148,66.55969783606558,23.12897935595671,3.6496386589516434,14,64,,False,True,,1103,21.16838264042747
21,2026-09-14T02:05:54.806+00:00,2026-09-14T02:06:47.368+00:00,2026-09-14T02:07:04.799+00:00,True,263,263.0,,263.0,52561.568919,69992.94376699999,69992.943952,266.1328667376426,40.474995,52561.568919,3237.051885471233,95.3391224,66.53196506870229,21.212131401529177,3.7575216278301222,14,64,,False,True,,1238,21.16838264042747
22,2026-09-14T02:05:59.018+00:00,2026-09-14T02:06:55.303+00:00,2026-09-14T02:07:05.535+00:00,True,152,152.0,,152.0,56284.672232,66516.997608,66516.997714,437.61182706578944,41.633752,56284.672232,4559.843376600814,95.40475160000001,67.76374421192052,21.421240841451656,2.2851301992878725,14,64,,False,True,,715,21.16838264042747
23,2026-09-14T02:06:02.748+00:00,2026-09-14T02:07:01.412+00:00,2026-09-14T02:07:12.396+00:00,True,167,167.0,,167.0,58663.835037,69647.518621,69647.51863199999,417.0510097724551,0.0,58663.835037,4534.5055962350225,94.801569,66.16676857831325,27.333884630910337,2.3977882242835062,14,64,,False,True,,859,21.16838264042747
24,2026-09-14T02:06:07.002+00:00,2026-09-14T02:07:09.299+00:00,2026-09-14T02:07:20.836+00:00,True,172,172.0,,172.0,62296.963332,73834.17062799999,73834.170509,429.2684331918605,40.630814,62296.963332,4745.010045374881,96.81084815,67.46904851461989,23.03582953063734,2.3295446882797752,14,64,,False,True,,797,21.16838264042747
25,2026-09-14T02:06:11.301+00:00,2026-09-14T02:07:16.248+00:00,2026-09-14T02:07:28.536+00:00,True,186,186.0,,186.0,64946.956272,77235.204336,77235.204333,415.24303404838713,0.01678,64946.956272,4757.443738404816,95.962711,66.42296250810811,40.59011737652687,2.4082282373570907,14,64,,False,True,,987,21.16838264042747
26,2026-09-14T02:06:15.259+00:00,2026-09-14T02:07:24.580+00:00,2026-09-14T02:07:34.516+00:00,True,150,150.0,,150.0,69321.36608499999,79257.44083699999,79257.440792,528.3829386133333,0.019469999999999998,69321.36608499999,5654.795375808755,96.05406694999999,66.68506544966444,44.554560922690456,1.8925667850983028,14,64,,False,True,,587,21.16838264042747
27,2026-09-14T02:06:19.865+00:00,2026-09-14T02:07:32.023+00:00,2026-09-14T02:07:45.553+00:00,True,207,207.0,,207.0,72158.39446899999,85688.75402099999,85688.75410899999,413.95533385990336,38.452008,72158.39446899999,5010.832921797036,94.05398799999999,65.68135704854369,20.804025816967904,2.4157195697964045,14,64,,False,True,,703,21.16838264042747
28,2026-09-14T02:06:23.795+00:00,2026-09-14T02:07:38.399+00:00,2026-09-14T02:07:49.587+00:00,True,175,175.0,,175.0,74604.297231,85792.50254300001,85792.50262500001,490.24287214285715,35.29510500000001,74604.297231,5634.730338509393,92.8856417,64.30003052873563,20.25237584246839,2.0398052838275507,14,64,,False,True,,374,21.16838264042747
29,2026-09-14T02:06:26.775+00:00,2026-09-14T02:07:44.255+00:00,2026-09-14T02:08:00.825+00:00,True,254,254.0,,254.0,77480.44498,94050.142004,94050.142046,370.27614978740155,0.0,77480.44498,4857.50597296769,94.57650265000001,65.49287361264822,24.163412603465844,2.7006870440365445,14,64,,False,True,,1120,21.16838264042747
30,2026-09-14T02:06:30.682+00:00,2026-09-14T02:07:50.739+00:00,2026-09-14T02:08:06.156+00:00,True,236,236.0,,236.0,80057.898377,95474.336137,95474.33618700001,404.55227197881356,0.0,80057.898377,5207.113376068284,95.90206975000001,65.60186280851065,24.712201848435644,2.4718684575230143,14,64,,False,True,,729,21.16838264042747
31,2026-09-14T02:06:33.771+00:00,2026-09-14T02:07:56.326+00:00,2026-09-14T02:08:13.069+00:00,True,256,256.0,,256.0,82555.124624,99298.69608000001,99298.695945,387.88553103515625,39.884915,82555.124624,5155.637653043193,95.814238,65.66106453333333,21.864431278672793,2.5780801773444595,14,64,,False,True,,1454,21.16838264042747
32,2026-09-14T02:06:37.426+00:00,2026-09-14T02:08:01.833+00:00,2026-09-14T02:08:08.373+00:00,True,100,100.0,,100.0,84407.560801,90947.730273,90947.73019,909.4773019,40.162665000000004,84407.560801,8434.17903980452,96.72371745000001,66.0623178989899,22.303245479111613,1.0995326623306332,14,64,,False,True,,422,21.16838264042747
33,2026-09-14T02:06:41.312+00:00,2026-09-14T02:08:09.070+00:00,2026-09-14T02:08:20.206+00:00,True,167,167.0,,167.0,87757.48332799999,98893.62412799998,98893.62413599998,592.177390035928,0.0,87757.48332799999,6785.74290194786,94.86406329999998,67.08518554216867,27.692628631910484,1.688683183294492,14,64,,False,True,,558,21.16838264042747
34,2026-09-14T02:06:46.081+00:00,2026-09-14T02:08:17.981+00:00,2026-09-14T02:08:35.783+00:00,True,266,266.0,,266.0,91900.696864,109702.093088,109702.093031,412.413883575188,0.01528,91900.696864,5630.831237231324,97.14956249999999,67.17508009056604,42.094041605572414,2.4247486306995265,14,64,,False,True,,1035,21.16838264042747
35,2026-09-14T02:06:49.816+00:00,2026-09-14T02:08:25.058+00:00,2026-09-14T02:08:42.247+00:00,True,257,257.0,,257.0,95242.002177,112431.57299300001,112431.573028,437.4769378521401,0.0,95242.002177,5936.893306654886,95.237827,67.146761,24.153442645994858,2.2858347807337074,14,64,,False,True,,729,21.16838264042747
36,2026-09-14T02:06:52.978+00:00,2026-09-14T02:08:30.784+00:00,2026-09-14T02:08:50.763+00:00,True,299,299.0,,299.0,97806.303114,117785.00237799999,117785.002266,393.92977346488294,0.0,97806.303114,5652.460071448837,96.13452700000002,67.04261497986577,24.447731774404534,2.538523529850075,14,64,,False,True,,1363,21.16838264042747
37,2026-09-14T02:06:57.621+00:00,2026-09-14T02:08:38.430+00:00,2026-09-14T02:08:46.350+00:00,True,122,122.0,,122.0,100808.603874,108728.40240199999,108728.402464,891.2164136393442,39.978686,100808.603874,9120.883431698967,95.07943350000001,65.45288039669421,22.325559708310028,1.1220619203888522,14,64,,False,True,,568,21.16838264042747
38,2026-09-14T02:07:01.427+00:00,2026-09-14T02:08:45.884+00:00,2026-09-14T02:08:58.099+00:00,True,183,183.0,,183.0,104456.532171,116672.03322699999,116672.033358,637.552094852459,41.744341999999996,104456.532171,7716.717602114516,93.9735849,67.11813767032967,21.602203793194015,1.5684992790341683,14,64,,False,True,,826,21.16838264042747
39,2026-09-14T02:07:06.221+00:00,2026-09-14T02:08:53.966+00:00,2026-09-14T02:09:04.476+00:00,True,161,161.0,,161.0,107744.851935,118254.702047,118254.70189899999,734.5012540310559,0.0,107744.851935,8486.357615021341,94.5484,65.68656320000001,29.379737520233355,1.3614680618451096,14,64,,False,True,,832,21.16838264042747
40,2026-09-14T02:07:10.290+00:00,2026-09-14T02:09:01.760+00:00,2026-09-14T02:09:19.275+00:00,True,264,264.0,,264.0,111470.085172,128985.33995600001,128985.339921,488.5808330340909,0.0185,111470.085172,6856.5926648625,97.57173750000001,66.59792693536122,50.05181356881253,2.0467442276002585,14,64,,False,True,,1207,21.16838264042747
41,2026-09-14T02:07:13.779+00:00,2026-09-14T02:09:07.532+00:00,2026-09-14T02:09:26.376+00:00,True,281,281.0,,281.0,113753.018058,132597.296586,132597.296599,471.87650035231314,0.0,113753.018058,6782.103690968229,96.888286,67.30099474285714,49.82857181010341,2.119198560113546,14,64,,False,True,,1295,21.16838264042747
42,2026-09-14T02:07:18.232+00:00,2026-09-14T02:09:16.230+00:00,2026-09-14T02:09:24.699+00:00,True,128,128.0,,128.0,117998.294667,126466.796427,126466.796462,988.021847359375,0.0,117998.294667,10424.001292711027,98.58673934999999,66.68111622047245,68.1210019316219,1.0121233684754956,14,64,,False,True,,519,21.16838264042747
43,2026-09-14T02:07:21.210+00:00,2026-09-14T02:09:20.759+00:00,2026-09-14T02:09:33.226+00:00,True,189,189.0,,189.0,119549.858677,132016.657269,132016.65744799998,698.500833058201,0.0,119549.858677,8691.200566202586,95.18249080000001,66.31275846808511,29.989001409168083,1.4316375214295083,14,64,,False,True,,851,21.16838264042747
44,2026-09-14T02:07:23.837+00:00,2026-09-14T02:09:26.090+00:00,2026-09-14T02:09:35.028+00:00,True,137,137.0,,137.0,122252.866206,131190.679454,131190.67955,957.5962010948906,37.52405,122252.866206,10439.176145771775,95.75067200000001,65.71921505882352,22.315029684999573,1.0442815036112147,14,64,,False,True,,728,21.16838264042747
45,2026-09-14T02:07:28.357+00:00,2026-09-14T02:09:33.364+00:00,2026-09-14T02:09:47.605+00:00,True,218,218.0,,218.0,125007.456284,139248.225564,139248.225597,638.7533284266055,0.0,125007.456284,8462.179290577558,95.7323985,65.62566488479263,29.374825592239468,1.5655495724777106,14,64,,False,True,,786,21.16838264042747
46,2026-09-14T02:07:32.287+00:00,2026-09-14T02:09:40.930+00:00,2026-09-14T02:09:56.080+00:00,True,228,228.0,,228.0,128642.12095200001,143792.883704,143792.88382400002,630.6705430877194,0.0,128642.12095200001,8515.163317803803,93.86415835,66.74344824669603,29.514931890738037,1.5856139339227782,14,64,,False,True,,1032,21.16838264042747
47,2026-09-14T02:07:35.122+00:00,2026-09-14T02:09:44.976+00:00,2026-09-14T02:09:57.086+00:00,True,184,184.0,,184.0,129853.68378,141964.099652,141964.099713,771.5440201793479,0.0,129853.68378,9568.113077366392,95.99197715,66.1771359125683,31.37043641524947,1.296102327638069,14,64,,False,True,,864,21.16838264042747
48,2026-09-14T02:07:39.229+00:00,2026-09-14T02:09:52.741+00:00,2026-09-14T02:10:07.303+00:00,True,218,218.0,,218.0,133511.924639,148073.744031,148073.744045,679.2373580045871,39.724106,133511.924639,9038.05092830987,95.58004735,67.10515848847926,22.271382070447782,1.4722393995410865,14,64,,False,True,,1392,21.16838264042747
49,2026-09-14T02:07:42.301+00:00,2026-09-14T02:09:57.800+00:00,2026-09-14T02:10:18.432+00:00,True,299,299.0,,299.0,135499.01186899998,156130.510365,156130.510276,522.1756196521739,0.0,135499.01186899998,7832.310430541437,95.98381700000002,69.2332164295302,56.63914662202,1.9150645143028193,14,64,,False,True,,1594,21.16838264042747
50,2026-09-14T02:07:45.835+00:00,2026-09-14T02:10:04.057+00:00,2026-09-14T02:10:13.469+00:00,True,141,141.0,,141.0,138222.081394,147633.59448200001,147633.594587,1047.0467701205675,0.0,138222.081394,11634.782529364877,93.687722,67.22509348571428,32.39087076800148,0.955067174884719,14,64,,False,True,,335,21.16838264042747
51,2026-09-14T02:07:49.228+00:00,2026-09-14T02:10:10.167+00:00,2026-09-14T02:10:26.069+00:00,True,242,242.0,,242.0,140938.853251,156840.481411,156840.481507,648.101163252066,0.0,140938.853251,9055.87041678998,96.30443005000001,65.98185958506224,63.1491020411851,1.5429689951399714,14,64,,False,True,,821,21.16838264042747
52,2026-09-14T02:07:53.522+00:00,2026-09-14T02:10:17.284+00:00,2026-09-14T02:10:32.233+00:00,True,229,229.0,,229.0,143761.92362400002,158710.96196000002,158710.962043,693.0609696200875,0.01583,143761.92362400002,9495.930092993709,95.9809954,65.56595761403509,62.91315765601413,1.442874500739999,14,64,,False,True,,361,21.16838264042747
53,2026-09-14T02:07:57.059+00:00,2026-09-14T02:10:24.770+00:00,2026-09-14T02:10:37.481+00:00,True,190,190.0,,190.0,147711.04013,160421.60653000002,160421.606485,844.3242446578948,38.297968999999995,147711.04013,10711.228206710495,95.57798195,67.25167407407407,21.770209353513003,1.1843791127005614,14,64,,False,True,,887,21.16838264042747
54,2026-09-14T02:08:00.187+00:00,2026-09-14T02:10:29.645+00:00,2026-09-14T02:10:37.158+00:00,True,110,110.0,,110.0,149458.470045,156971.48866899998,156971.488648,1427.0135331636363,39.547686,149458.470045,14243.750243672956,95.61620885,68.92677636697248,21.56208673364318,0.7007642020389636,14,64,,False,True,,526,21.16838264042747
55,2026-09-14T02:08:04.914+00:00,2026-09-14T02:10:37.929+00:00,2026-09-14T02:10:46.118+00:00,True,127,127.0,,127.0,153015.171545,161204.036825,161204.03667,1269.3231233858266,0.0,153015.171545,13572.186694077585,97.489244,64.99099428571428,38.03103303153694,0.7878214621750991,14,64,,False,True,,418,21.16838264042747
56,2026-09-14T02:08:07.869+00:00,2026-09-14T02:10:43.717+00:00,2026-09-14T02:10:55.470+00:00,True,180,180.0,,180.0,155847.927969,167601.314721,167601.31476600002,931.1184153666667,8.072733,155847.927969,11611.346270210135,96.72213149999999,65.6613785027933,22.499673676267218,1.0739772554865674,14,64,,False,True,,813,21.16838264042747
57,2026-09-14T02:08:11.864+00:00,2026-09-14T02:10:51.095+00:00,2026-09-14T02:11:10.245+00:00,True,291,291.0,,291.0,159230.80111,178380.98223,178380.982164,612.9930658556701,0.0,159230.80111,9330.450496052756,93.55368750000001,66.03510731034483,29.562673354998317,1.6313398231252692,14,64,,False,True,,468,21.16838264042747
58,2026-09-14T02:08:16.525+00:00,2026-09-14T02:10:57.868+00:00,2026-09-14T02:11:05.808+00:00,True,126,126.0,,126.0,161343.674065,169283.050705,169283.050856,1343.5162766349206,39.645936999999996,161343.674065,14367.994002059204,93.2644305,63.51501312,21.167373533209133,0.7443155087012998,14,64,,False,True,,574,21.16838264042747
59,2026-09-14T02:08:21.111+00:00,2026-09-14T02:11:06.543+00:00,2026-09-14T02:11:17.662+00:00,True,165,165.0,,165.0,165431.88113,176551.63204199998,176551.631835,1070.0098899090908,0.0,165431.88113,12873.622372857522,95.0373952,67.80335921951219,34.66166967059623,0.9345708000068107,14,64,,False,True,,644,21.16838264042747
60,2026-09-14T02:08:24.343+00:00,2026-09-14T02:11:12.113+00:00,2026-09-14T02:11:23.358+00:00,True,172,172.0,,172.0,167770.75444400002,179015.02094000002,179015.020996,1040.7850057906978,33.695339999999995,167770.75444400002,12787.405830943138,96.370571,65.75594442105263,22.44129895419651,0.9608132272746474,14,64,,False,True,,724,21.16838264042747
61,2026-09-14T02:08:28.712+00:00,2026-09-14T02:11:20.391+00:00,2026-09-14T02:11:28.293+00:00,True,118,118.0,,118.0,171679.167393,179581.403297,179581.40342800002,1521.8763002372882,0.01611,171679.167393,15798.423688591245,95.1306495,67.54047781196581,96.61496622716007,0.6570836280015373,14,64,,False,True,,388,21.16838264042747
62,2026-09-14T02:08:33.120+00:00,2026-09-14T02:11:28.154+00:00,2026-09-14T02:11:38.326+00:00,True,157,157.0,,157.0,175034.512396,185206.789132,185206.789108,1179.6610771210192,39.417707,175034.512396,13964.087564045954,96.00544980000001,65.20690215384616,21.71388198082656,0.847701106076103,14,64,,False,True,,821,21.16838264042747
63,2026-09-14T02:08:37.927+00:00,2026-09-14T02:11:35.767+00:00,2026-09-14T02:11:54.054+00:00,True,275,275.0,,275.0,177839.284112,196126.554512,196126.554411,713.1874705854545,0.0,177839.284112,10720.130656748323,95.1456287,66.74186277372263,30.42176085397699,1.4021558716730227,14,64,,False,True,,1372,21.16838264042747
64,2026-09-14T02:08:42.543+00:00,2026-09-14T02:11:43.978+00:00,2026-09-14T02:12:00.807+00:00,True,247,247.0,,247.0,181435.42282,198263.92074,198263.920793,802.6879384331984,40.695594,181435.42282,11540.12903998044,96.25414200000002,68.4085281300813,22.717705462048816,1.2458141606304238,14,64,,False,True,,1088,21.16838264042747
65,2026-09-14T02:08:46.071+00:00,2026-09-14T02:11:50.315+00:00,2026-09-14T02:12:09.742+00:00,True,286,286.0,,286.0,184244.647682,203670.88128200002,203670.881501,712.1359493041958,36.481513,184244.647682,10890.608236279784,97.79793099999999,68.16222315789473,23.068509271370967,1.4042262605227704,14,64,,False,True,,597,21.16838264042747
66,2026-09-14T02:08:49.192+00:00,2026-09-14T02:11:56.043+00:00,2026-09-14T02:12:15.467+00:00,True,282,282.0,,282.0,186850.92738,206275.403284,206275.40328300002,731.473061287234,0.0,186850.92738,11122.737380645407,97.73295399999999,69.12624876868327,30.978002441000616,1.3671043445337123,14,64,,False,True,,1238,21.16838264042747
67,2026-09-14T02:08:52.013+00:00,2026-09-14T02:12:00.709+00:00,2026-09-14T02:12:11.964+00:00,True,167,167.0,,167.0,188695.85388299997,199950.46789899998,199950.46785299998,1197.3081907365267,39.454456,188695.85388299997,14596.49685134754,99.67468,67.79887961445783,24.068724525645067,0.8352068477496932,14,64,,False,True,,832,21.16838264042747
68,2026-09-14T02:08:55.314+00:00,2026-09-14T02:12:07.572+00:00,2026-09-14T02:12:23.304+00:00,True,235,235.0,,235.0,192257.88189,207989.381666,207989.381685,885.0611986595744,0.0,192257.88189,12537.180390940977,96.43756099999999,67.22863152136752,33.49074258770562,1.1298653715763962,14,64,,False,True,,976,21.16838264042747
69,2026-09-14T02:08:59.139+00:00,2026-09-14T02:12:14.451+00:00,2026-09-14T02:12:21.456+00:00,True,104,104.0,,104.0,195311.530341,202316.745061,202316.744937,1945.3533167019232,0.0,195311.530341,19145.25113709665,96.93734500000001,68.01179339805824,43.528553396097976,0.5140454388421641,14,64,,False,True,,420,21.16838264042747
70,2026-09-14T02:09:03.483+00:00,2026-09-14T02:12:21.725+00:00,2026-09-14T02:12:29.004+00:00,True,111,111.0,,111.0,198241.463475,205520.729267,205520.729084,1851.5380998558558,40.710354,198241.463475,18809.978354168816,94.75170549999999,66.17514356363637,21.702398023164704,0.5400915051045561,14,64,,False,True,,613,21.16838264042747
71,2026-09-14T02:09:07.272+00:00,2026-09-14T02:12:28.864+00:00,2026-09-14T02:12:39.383+00:00,True,164,164.0,,164.0,201592.01019,212111.035086,212111.035251,1293.359971042683,35.520925000000005,201592.01019,15736.666342337276,94.32208465,64.53389506748466,21.275694932249333,0.7731799523466873,14,64,,False,True,,586,21.16838264042747
72,2026-09-14T02:09:11.265+00:00,2026-09-14T02:12:36.178+00:00,2026-09-14T02:12:52.390+00:00,True,239,239.0,,239.0,204913.389639,221125.120839,221125.120922,925.2097109707113,0.0,204913.389639,13250.582229272966,95.42868589999998,68.11651764705883,80.42004232870872,1.0808360402164103,14,64,,False,True,,1122,21.16838264042747
73,2026-09-14T02:09:14.799+00:00,2026-09-14T02:12:42.931+00:00,2026-09-14T02:12:53.737+00:00,True,166,166.0,,166.0,208131.999931,218937.566651,218937.566738,1318.9010044457832,0.0,208131.999931,16149.366478892229,94.91598000000002,65.48828315151515,94.22854692321222,0.7582070201073088,14,64,,False,True,,650,21.16838264042747
74,2026-09-14T02:09:18.745+00:00,2026-09-14T02:12:49.994+00:00,2026-09-14T02:13:09.464+00:00,True,292,292.0,,292.0,211249.156858,230719.360506,230719.360584,790.134796520548,0.0,211249.156858,12358.732611226267,95.36082700000001,66.9079163161512,74.91355715578925,1.2656068366330548,14,64,,False,True,,1368,21.16838264042747
75,2026-09-14T02:09:21.996+00:00,2026-09-14T02:12:56.087+00:00,2026-09-14T02:13:07.242+00:00,True,164,164.0,,164.0,214091.452023,225245.58834299998,225245.588495,1373.4487103353658,36.098674,214091.452023,16712.404729107402,96.2653973,68.43028417177914,22.091436119487817,0.7280941713729092,14,64,,False,True,,719,21.16838264042747
76,2026-09-14T02:09:25.578+00:00,2026-09-14T02:13:01.596+00:00,2026-09-14T02:13:19.525+00:00,True,270,270.0,,270.0,216017.540019,233947.293619,233947.293742,866.4714583037037,32.756121,216017.540019,13142.37021475451,95.198844,66.6533591078067,21.656787169707957,1.1541061057954123,14,64,,False,True,,1328,21.16838264042747
77,2026-09-14T02:09:29.467+00:00,2026-09-14T02:13:08.104+00:00,2026-09-14T02:13:19.570+00:00,True,174,174.0,,174.0,218637.194125,230102.651533,230102.65151,1322.4290316666668,38.895898,218637.194125,16569.833046759362,93.97519499999999,66.27432027745665,21.891851277549005,0.7561842457736561,14,64,,False,True,,820,21.16838264042747
78,2026-09-14T02:09:33.000+00:00,2026-09-14T02:13:15.011+00:00,2026-09-14T02:13:22.405+00:00,True,115,115.0,,115.0,222011.395788,229405.000908,229405.000947,1994.8260951913044,42.51957,222011.395788,20696.632991157396,93.7015871,64.8561852631579,21.87229651632353,0.50129683112758,14,64,,False,True,,537,21.16838264042747
79,2026-09-14T02:09:37.800+00:00,2026-09-14T02:13:22.899+00:00,2026-09-14T02:13:33.087+00:00,True,156,156.0,,156.0,225098.926955,235286.634859,235286.634808,1508.247659025641,0.0,225098.926955,18017.125079017664,94.6166865,65.72714776774194,42.440823748206356,0.6630210852966042,14,64,,False,True,,533,21.16838264042747
80,2026-09-14T02:09:41.351+00:00,2026-09-14T02:13:29.534+00:00,2026-09-14T02:13:47.989+00:00,True,275,275.0,,275.0,228183.288715,246638.60212300002,246638.601941,896.8676434218182,0.0,228183.288715,13755.953590382082,94.603272,67.35515842335766,35.3365834510414,1.1149917232455606,14,64,,False,True,,1292,21.16838264042747
81,2026-09-14T02:09:46.149+00:00,2026-09-14T02:13:37.308+00:00,2026-09-14T02:13:47.528+00:00,True,154,154.0,,154.0,231158.788272,241378.446512,241378.446547,1567.3925100454546,38.169608999999994,231158.788272,18621.936994511074,94.67300500000002,66.79515189542484,22.503881633053535,0.6380022832417391,14,64,,False,True,,735,21.16838264042747
82,2026-09-14T02:09:50.084+00:00,2026-09-14T02:13:45.623+00:00,2026-09-14T02:13:56.983+00:00,True,171,171.0,,171.0,235539.29504199998,246898.81657799997,246898.81653799998,1443.8527282923976,38.776517,235539.29504199998,18007.042813903234,94.60280399999999,66.82071491764705,21.403825189427902,0.6925914120207128,14,64,,False,True,,725,21.16838264042747
83,2026-09-14T02:09:52.727+00:00,2026-09-14T02:13:50.000+00:00,2026-09-14T02:13:58.119+00:00,True,124,124.0,,124.0,237273.12513499998,245391.49262299997,245391.49266899997,1978.9636505564515,40.321114,237273.12513499998,21301.840386380023,94.96226235,66.00298770731708,22.68268079173909,0.5053149914634725,14,64,,False,True,,415,21.16838264042747
84,2026-09-14T02:09:57.249+00:00,2026-09-14T02:13:57.757+00:00,2026-09-14T02:14:11.254+00:00,True,201,201.0,,201.0,240507.72220699998,254004.63510299998,254004.63504999998,1263.7046519900496,34.059317,240507.72220699998,16959.361763513327,96.339625,67.48456448,22.623158129634458,0.7913241422484029,14,64,,False,True,,1065,21.16838264042747
85,2026-09-14T02:10:00.862+00:00,2026-09-14T02:14:05.160+00:00,2026-09-14T02:14:21.320+00:00,True,239,239.0,,239.0,244298.11149900002,260457.206795,260457.20659900003,1089.7791071087868,0.0,244298.11149900002,15797.98846790105,96.590154,67.89535838655463,39.460757389115955,0.9176171507825143,14,64,,False,True,,1150,21.16838264042747
86,2026-09-14T02:10:04.627+00:00,2026-09-14T02:14:12.187+00:00,2026-09-14T02:14:28.572+00:00,True,249,249.0,,249.0,247559.47086,263944.830732,263944.830778,1060.0194007148593,0.0,247559.47086,15684.30413828551,95.3626268,66.06999948387097,38.5323392056507,0.9433789603283633,14,64,,False,True,,1104,21.16838264042747
87,2026-09-14T02:10:07.473+00:00,2026-09-14T02:14:16.785+00:00,2026-09-14T02:14:24.405+00:00,True,117,117.0,,117.0,249311.871729,256932.136689,256932.136802,2196.0011692478633,34.418727,249311.871729,23042.82702760961,94.642713,65.69193931034484,21.075262734279097,0.45537316393247085,14,64,,False,True,,587,21.16838264042747
88,2026-09-14T02:10:11.625+00:00,2026-09-14T02:14:25.137+00:00,2026-09-14T02:14:42.140+00:00,True,257,257.0,,257.0,253512.097846,270514.536502,270514.536445,1052.585744922179,0.01579,253512.097846,15809.790769366988,94.16428459999999,66.415776,94.8622929304881,0.9500413668087664,14,64,,False,True,,1399,21.16838264042747
89,2026-09-14T02:10:16.384+00:00,2026-09-14T02:14:32.597+00:00,2026-09-14T02:14:46.352+00:00,True,209,209.0,,209.0,256212.962704,269967.634064,269967.634084,1291.7111678660287,39.559665,256212.962704,17718.06003152142,92.2761156,66.12822769230769,21.517857889437888,0.7741668764280586,14,64,,False,True,,699,21.16838264042747
90,2026-09-14T02:10:19.349+00:00,2026-09-14T02:14:38.203+00:00,2026-09-14T02:14:52.733+00:00,True,223,223.0,,223.0,258853.998405,273383.132997,273383.132867,1225.9333312421525,29.766037,258853.998405,17329.776318255517,93.4042923,65.44655221621622,21.357786629692875,0.815705042060686,14,64,,False,True,,902,21.16838264042747
91,2026-09-14T02:10:22.251+00:00,2026-09-14T02:14:42.676+00:00,2026-09-14T02:14:49.892+00:00,True,111,111.0,,111.0,260425.008789,267640.35624500003,267640.35625300003,2411.174380657658,33.359209,260425.008789,24712.231922663635,93.70007600000001,65.59406778181818,22.21855333765614,0.41473566078498925,14,64,,False,True,,570,21.16838264042747
92,2026-09-14T02:10:25.133+00:00,2026-09-14T02:14:47.180+00:00,2026-09-14T02:15:02.012+00:00,True,224,224.0,,224.0,262047.056733,276878.905437,276878.905393,1236.0665419330358,0.0,262047.056733,17504.36080721861,95.23023465,66.51053230493274,41.62659498831304,0.809017933838113,14,64,,False,True,,1037,21.16838264042747
93,2026-09-14T02:10:28.000+00:00,2026-09-14T02:14:52.811+00:00,2026-09-14T02:15:09.848+00:00,True,252,252.0,,252.0,264810.270563,281847.232867,281847.23269699997,1118.4413995912698,0.0,264810.270563,16677.251173320798,96.49294805000001,67.87634384063745,40.05957628448698,0.8941013805124547,14,64,,False,True,,1149,21.16838264042747
94,2026-09-14T02:10:31.654+00:00,2026-09-14T02:14:59.633+00:00,2026-09-14T02:15:08.653+00:00,True,131,131.0,,131.0,267978.84184,276998.456816,276998.456964,2114.4920378931297,41.247012000000005,267978.84184,23407.367689370614,93.92350549999999,69.38165366153846,21.138322291150402,0.47292682242998396,14,64,,False,True,,546,21.16838264042747
95,2026-09-14T02:10:34.789+00:00,2026-09-14T02:15:04.732+00:00,2026-09-14T02:15:12.161+00:00,True,112,112.0,,112.0,269942.854027,277372.186507,277372.186498,2476.537379446429,40.344045,269942.854027,25500.887745940185,96.42204310000001,66.93092324324324,22.666116422115696,0.403789584710843,14,64,,False,True,,516,21.16838264042747
96,2026-09-14T02:10:38.814+00:00,2026-09-14T02:15:11.929+00:00,2026-09-14T02:15:26.303+00:00,True,213,213.0,,213.0,273115.56271100004,287489.79093500006,287489.79090400005,1349.7173281877936,40.599483,273115.56271100004,18708.937734861363,96.9546478,67.80296332075473,22.539020864834907,0.740895874275265,14,64,,False,True,,967,21.16838264042747
97,2026-09-14T02:10:42.565+00:00,2026-09-14T02:15:18.823+00:00,2026-09-14T02:15:31.360+00:00,True,185,185.0,,185.0,276257.192566,288794.91723799997,288794.91732,1561.053607135135,39.016897,276257.192566,20305.835622659586,96.48682919999999,68.139808,22.698577695107442,0.6405929916264381,14,64,,False,True,,737,21.16838264042747
98,2026-09-14T02:10:46.170+00:00,2026-09-14T02:15:25.477+00:00,2026-09-14T02:15:45.174+00:00,True,291,291.0,,291.0,279306.58493699995,299003.90333699994,299003.90325399995,1027.504822178694,32.93772,279306.58493699995,16369.275699970707,96.91452000000001,67.9217875862069,22.46867849486551,0.973231441972251,14,64,,False,True,,1390,21.16838264042747
99,2026-09-14T02:10:49.334+00:00,2026-09-14T02:15:31.590+00:00,2026-09-14T02:15:47.334+00:00,True,236,236.0,,236.0,282255.34416000004,297999.69923200004,297999.699044,1262.7105891694916,30.200926,282255.34416000004,18368.909905897504,96.231116,66.9972556255319,21.999984180995927,0.7919471080280125,14,64,,False,True,,1231,21.16838264042747
100,2026-09-14T02:10:52.903+00:00,2026-09-14T02:15:37.589+00:00,2026-09-14T02:15:52.955+00:00,False,237,236.0,,236.0,284685.489309,300051.20425300003,300051.20434500003,1266.0388368987342,0.0,284685.489309,18488.127426951378,95.00100859999999,65.10896162711865,41.777891783875866,0.786532420649801,14,64,,False,False,Request timeout: 300.0s exceeded,1052,21.16838264042747
101,2026-09-14T02:10:57.058+00:00,2026-09-14T02:15:45.175+00:00,2026-09-14T02:15:57.067+00:00,False,180,179.0,,179.0,288116.67830699997,300008.74614699994,300008.74603599997,1666.7152557555553,0.0,288116.67830699997,21470.04642366543,95.36953950000002,66.43613318435754,46.002983473805195,0.5966492720591972,14,64,,False,False,Request timeout: 300.0s exceeded,837,21.16838264042747
102,2026-09-14T02:11:01.169+00:00,2026-09-14T02:15:52.230+00:00,2026-09-14T02:16:01.210+00:00,False,129,128.0,,128.0,291060.632416,300040.874848,300040.874719,2325.898253635659,0.03821,291060.632416,25620.29201774527,94.74141540000001,70.158144,21.959245037591444,0.42660854146903987,14,64,,False,False,Request timeout: 300.0s exceeded,546,21.16838264042747
103,2026-09-14T02:11:05.931+00:00,2026-09-14T02:15:59.119+00:00,2026-09-14T02:16:05.980+00:00,False,99,98.0,,98.0,293187.196723,300048.15953899996,300048.159642,3030.789491333333,0.038009999999999995,293187.196723,29459.39280819499,91.30620490000001,70.00982465306123,20.550524512237992,0.3266142346967539,14,64,,False,False,Request timeout: 300.0s exceeded,365,21.16838264042747
104,2026-09-14T02:11:09.582+00:00,2026-09-14T02:16:03.121+00:00,2026-09-14T02:16:09.643+00:00,False,99,98.0,,98.0,293539.649694,300061.55638200004,300061.556349,3030.9248116060608,0.02057,293539.649694,29495.163090161455,88.7108048,66.55006824489796,20.133690393533147,0.32659965235679483,14,64,,False,False,Request timeout: 300.0s exceeded,349,21.16838264042747
105,2026-09-14T02:11:13.300+00:00,2026-09-14T02:16:07.309+00:00,2026-09-14T02:16:13.331+00:00,False,90,89.0,,89.0,294009.91478399996,300031.08905599994,300031.08887999994,3333.678765333333,0.02577,294009.91478399996,30984.24124011262,87.83792054999999,67.65364350561798,19.99697089661201,0.2966359262302595,14,64,,False,False,Request timeout: 300.0s exceeded,408,21.16838264042747
106,2026-09-14T02:11:17.295+00:00,2026-09-14T02:16:10.853+00:00,2026-09-14T02:16:17.370+00:00,False,99,98.0,,98.0,293558.575763,300074.733715,300074.73382,3031.0579173737374,0.04548,293558.575763,29497.07061057597,88.806353,66.49140767346938,19.354692555245617,0.3265853102216757,14,64,,False,False,Request timeout: 300.0s exceeded,330,21.16838264042747
107,2026-09-14T02:11:20.914+00:00,2026-09-14T02:16:14.488+00:00,2026-09-14T02:16:21.004+00:00,False,97,96.0,,96.0,293573.62881900003,300089.835923,300089.835857,3093.7096480103096,0.034140000000000004,293573.62881900003,29801.00035158064,87.65461799999999,67.87715733333333,19.65186396222074,0.3199042037019628,14,64,,False,False,Request timeout: 300.0s exceeded,428,21.16838264042747
108,2026-09-14T02:11:24.961+00:00,2026-09-14T02:16:18.645+00:00,2026-09-14T02:16:25.007+00:00,False,94,93.0,,93.0,293683.654561,300046.049441,300046.049322,3191.9792481063832,0.02498,293683.654561,30284.106288335504,87.606316,68.41284817204301,19.849866658501778,0.3099524228806325,14,64,,False,False,Request timeout: 300.0s exceeded,359,21.16838264042747
109,2026-09-14T02:11:27.877+00:00,2026-09-14T02:16:21.468+00:00,2026-09-14T02:16:27.965+00:00,False,98,97.0,,97.0,293591.15608,300088.047984,300088.047847,3062.1229372142857,0.036059,293591.15608,29650.426549680775,88.63202535,66.9782670515464,20.536953367578338,0.3232384650160136,14,64,,False,False,Request timeout: 300.0s exceeded,433,21.16838264042747
110,2026-09-14T02:11:30.758+00:00,2026-09-14T02:16:24.021+00:00,2026-09-14T02:16:30.781+00:00,False,106,105.0,,105.0,293263.642046,300023.627966,300023.628067,2830.411585537736,0.03351,293263.642046,28478.03710362217,89.19532975,64.38081828571428,20.59385791221862,0.3499724362105876,14,64,,False,False,Request timeout: 300.0s exceeded,346,21.16838264042747
111,2026-09-14T02:11:35.375+00:00,2026-09-14T02:16:29.575+00:00,2026-09-14T02:16:35.388+00:00,False,98,97.0,,97.0,294199.618513,300012.364497,300012.36437100003,3061.350656846939,0.015519999999999999,294199.618513,29713.049759888745,89.5879641,59.925216329896905,165.0697534235586,0.32332000770244906,14,64,,False,False,Request timeout: 300.0s exceeded,468,21.16838264042747
112,2026-09-14T02:11:39.172+00:00,2026-09-14T02:16:34.019+00:00,2026-09-14T02:16:39.208+00:00,False,75,74.0,,74.0,294846.998608,300035.98728,300035.987307,4000.47983076,0.03756,294846.998608,34037.90756283329,88.3251197,70.12146854054055,19.814555495829328,0.24663708067439793,14,64,,False,False,Request timeout: 300.0s exceeded,365,21.16838264042747
113,2026-09-14T02:11:43.523+00:00,2026-09-14T02:16:37.521+00:00,2026-09-14T02:16:43.604+00:00,False,93,92.0,,92.0,293998.082667,300081.096299,300081.09632300003,3226.6784550860216,0.0,293998.082667,30479.395028641997,88.9560996,66.11971339130434,65.8294490625738,0.3065837906308215,14,64,,False,False,Request timeout: 300.0s exceeded,452,21.16838264042747
114,2026-09-14T02:11:47.192+00:00,2026-09-14T02:16:40.849+00:00,2026-09-14T02:16:47.224+00:00,False,103,102.0,,102.0,293656.818199,300031.25864699995,300031.25878599996,2912.924842582524,0.0,293656.818199,28928.77677566505,89.28491399999999,62.494514196078434,63.25261004868082,0.3399645772242935,14,64,,False,False,Request timeout: 300.0s exceeded,319,21.16838264042747
115,2026-09-14T02:11:51.808+00:00,2026-09-14T02:16:44.946+00:00,2026-09-14T02:16:51.853+00:00,False,101,100.0,,100.0,293137.721084,300045.39084400004,300045.39077500004,2970.746443316832,0.02213,293137.721084,29161.427403732552,90.070011,69.07669759999999,20.82115632747812,0.3332829066919149,14,64,,False,False,Request timeout: 300.0s exceeded,489,21.16838264042747
116,2026-09-14T02:11:55.460+00:00,2026-09-14T02:16:49.043+00:00,2026-09-14T02:16:55.503+00:00,False,95,94.0,,94.0,293582.911812,300043.046468,300043.046446,3158.3478573263155,0.02905,293582.911812,30113.926928279703,89.80802940000001,68.72483676595745,20.258302222694983,0.3132883801392319,14,64,,False,False,Request timeout: 300.0s exceeded,294,21.16838264042747
117,2026-09-14T02:11:59.814+00:00,2026-09-14T02:16:53.523+00:00,2026-09-14T02:16:59.876+00:00,False,92,91.0,,91.0,293709.36138200003,300061.512678,300061.512828,3261.538182913044,0.02487,293709.36138200003,30614.046576711127,89.24466550000001,69.8038603956044,19.961928356648453,0.30327114993135856,14,64,,False,False,Request timeout: 300.0s exceeded,199,21.16838264042747
118,2026-09-14T02:12:04.492+00:00,2026-09-14T02:16:58.243+00:00,2026-09-14T02:17:04.529+00:00,False,95,94.0,,94.0,293750.669783,300036.51887100004,300036.518799,3158.2791452526317,0.03623,293750.669783,30131.328756850802,90.0381717,66.8707349787234,20.25966859689816,0.31329519604383577,14,64,,False,False,Request timeout: 300.0s exceeded,430,21.16838264042747
119,2026-09-14T02:12:09.325+00:00,2026-09-14T02:17:02.953+00:00,2026-09-14T02:17:09.371+00:00,False,92,91.0,,91.0,293628.04492,300046.394488,300046.394405,3261.373852228261,0.056060000000000006,293628.04492,30605.492551043266,88.19736565,70.53131393406593,19.398615160105756,0.30328643060444915,14,64,,False,False,Request timeout: 300.0s exceeded,381,21.16838264042747
120,2026-09-14T02:12:12.338+00:00,2026-09-14T02:17:06.263+00:00,2026-09-14T02:17:12.426+00:00,False,90,89.0,,89.0,293925.225633,300088.29328100005,300088.293391,3334.3143710111112,0.03539,293925.225633,30975.14573200408,88.29082094999998,69.2479511011236,19.30426023406076,0.29657938011150997,14,64,,False,False,Request timeout: 300.0s exceeded,399,21.16838264042747
121,2026-09-14T02:12:15.695+00:00,2026-09-14T02:17:09.970+00:00,2026-09-14T02:17:15.722+00:00,False,82,81.0,,81.0,294275.036862,300027.339454,300027.33965700003,3658.8699958170732,0.02132,294275.036862,32489.40474860163,89.36245854999999,71.01608138271604,19.461250317224852,0.2699753967335329,14,64,,False,False,Request timeout: 300.0s exceeded,315,21.16838264042747
122,2026-09-14T02:12:19.537+00:00,2026-09-14T02:17:13.263+00:00,2026-09-14T02:17:19.561+00:00,False,94,93.0,,93.0,293725.81852100004,300023.49378500006,300023.493811,3191.7392958617024,0.02525,293725.81852100004,30288.527324452414,89.7276058,67.71693832258065,20.426363179378235,0.3099757249898728,14,64,,False,False,Request timeout: 300.0s exceeded,352,21.16838264042747
123,2026-09-14T02:12:22.673+00:00,2026-09-14T02:17:16.742+00:00,2026-09-14T02:17:22.692+00:00,False,89,88.0,,88.0,294068.968866,300019.08137800003,300019.081503,3371.000915764045,0.0218,294068.968866,31164.087621229468,89.3723656,67.61491490909091,20.135011961589072,0.2933146771725731,14,64,,False,False,Request timeout: 300.0s exceeded,420,21.16838264042747
124,2026-09-14T02:12:27.337+00:00,2026-09-14T02:17:20.974+00:00,2026-09-14T02:17:27.387+00:00,False,94,93.0,,93.0,293637.450467,300050.343139,300050.343165,3192.0249272872343,0.04,293637.450467,30279.284847508792,88.50436029999999,68.95583518279571,20.08221594777757,0.30994798748461094,14,64,,False,False,Request timeout: 300.0s exceeded,406,21.16838264042747
125,2026-09-14T02:12:30.263+00:00,2026-09-14T02:17:23.958+00:00,2026-09-14T02:17:30.290+00:00,False,95,94.0,,94.0,293695.198529,300026.649153,300026.649192,3158.1752546526313,0.019260000000000003,293695.198529,30125.587456520676,89.62328039999998,67.35585770212766,19.806163948186462,0.313305502245783,14,64,,False,False,Request timeout: 300.0s exceeded,329,21.16838264042747
126,2026-09-14T02:12:34.416+00:00,2026-09-14T02:17:28.008+00:00,2026-09-14T02:17:34.437+00:00,False,95,94.0,,94.0,293591.75689099997,300020.14908299997,300020.14908799995,3158.106832505263,0.024550000000000002,293591.75689099997,30114.86886865215,88.0860547,68.38715097872341,19.968965530558652,0.3133122901488696,14,64,,False,False,Request timeout: 300.0s exceeded,453,21.16838264042747
127,2026-09-14T02:12:37.493+00:00,2026-09-14T02:17:31.009+00:00,2026-09-14T02:17:37.647+00:00,False,87,86.0,,86.0,293516.697597,300154.231293,300154.231324,3450.048635908046,0.039049999999999994,293516.697597,31460.081364001908,87.913327,77.18062437209302,63.29297707984557,0.2865193658257971,14,64,,False,False,Request timeout: 300.0s exceeded,360,21.16838264042747
128,2026-09-14T02:12:40.939+00:00,2026-09-14T02:17:34.600+00:00,2026-09-14T02:17:40.988+00:00,False,100,99.0,,99.0,293661.36141799996,300049.21626599994,300049.216392,3000.4921639199997,0.0,293661.36141799996,29359.754524148248,87.86480645,64.52378634343434,64.78771610297939,0.329945870987493,14,64,,False,False,Request timeout: 300.0s exceeded,439,21.16838264042747
129,2026-09-14T02:12:45.451+00:00,2026-09-14T02:17:39.098+00:00,2026-09-14T02:17:45.531+00:00,False,91,90.0,,90.0,293647.101908,300080.301012,300080.300866,3297.585723802198,0.028908999999999997,293647.101908,30775.093384094103,89.408941,71.47999004444443,19.477493569127272,0.2999197204764233,14,64,,False,False,Request timeout: 300.0s exceeded,412,21.16838264042747
130,2026-09-14T02:12:48.727+00:00,2026-09-14T02:17:42.427+00:00,2026-09-14T02:17:48.761+00:00,False,94,93.0,,93.0,293699.72404400003,300034.68263600004,300034.682601,3191.8583255425533,0.038019,293699.72404400003,30285.794413664164,90.04369000000001,68.11783432258065,20.242064844965494,0.30996416541892574,14,64,,False,False,Request timeout: 300.0s exceeded,447,21.16838264042747
131,2026-09-14T02:12:52.462+00:00,2026-09-14T02:17:46.492+00:00,2026-09-14T02:17:52.501+00:00,False,89,88.0,,88.0,294029.882953,300038.76282500004,300038.762858,3371.2220545842697,0.01745,294029.882953,31159.87423581929,89.5609584,68.28272581818182,20.902912505372413,0.2932954368010332,14,64,,False,False,Request timeout: 300.0s exceeded,321,21.16838264042747
132,2026-09-14T02:12:56.563+00:00,2026-09-14T02:17:50.051+00:00,2026-09-14T02:17:56.648+00:00,False,102,101.0,,101.0,293487.88187,300084.842126,300084.84190299996,2942.0082539509804,0.037,293487.88187,29053.170611628022,90.23382405000001,65.31643817821782,20.825134905690277,0.336571481866425,14,64,,False,False,Request timeout: 300.0s exceeded,152,21.16838264042747
133,2026-09-14T02:13:01.285+00:00,2026-09-14T02:17:54.860+00:00,2026-09-14T02:18:01.358+00:00,False,97,96.0,,96.0,293574.427866,300072.85449,300072.854456,3093.5345820206185,0.024079999999999997,293574.427866,29801.100174763837,88.43218,67.691944,19.477530275289624,0.31992230741151306,14,64,,False,False,Request timeout: 300.0s exceeded,373,21.16838264042747
134,2026-09-14T02:13:04.686+00:00,2026-09-14T02:17:58.584+00:00,2026-09-14T02:18:04.719+00:00,False,90,89.0,,89.0,293897.49295,300032.55215,300032.55196899996,3333.6950218777774,0.03572,293897.49295,30972.25623643688,89.2095501,68.93324943820225,20.2738279614415,0.2966344796997388,14,64,,False,False,Request timeout: 300.0s exceeded,363,21.16838264042747
135,2026-09-14T02:13:09.333+00:00,2026-09-14T02:18:03.029+00:00,2026-09-14T02:18:09.422+00:00,False,90,89.0,,89.0,293695.661466,300088.587162,300088.58716,3334.3176351111115,0.02435,293695.661466,30950.675435193396,89.68216095,71.83062579775282,19.504402532984123,0.29657908966712615,14,64,,False,False,Request timeout: 300.0s exceeded,436,21.16838264042747
136,2026-09-14T02:13:12.436+00:00,2026-09-14T02:18:06.315+00:00,2026-09-14T02:18:12.443+00:00,False,88,87.0,,87.0,293879.21002399997,300006.536232,300006.5364,3409.165186363636,0.03566,293879.21002399997,31320.127686210537,89.948912,70.42903687356322,20.134408977602313,0.28999368178005785,14,64,,False,False,Request timeout: 300.0s exceeded,383,21.16838264042747
137,2026-09-14T02:13:15.615+00:00,2026-09-14T02:18:09.173+00:00,2026-09-14T02:18:15.663+00:00,False,98,97.0,,97.0,293557.552898,300048.392706,300048.392735,3061.7182932142855,0.07047,293557.552898,29647.038499206847,89.62985450000001,66.91587430927835,20.653689383469676,0.32328118516217036,14,64,,False,False,Request timeout: 300.0s exceeded,392,21.16838264042747
138,2026-09-14T02:13:18.403+00:00,2026-09-14T02:18:12.058+00:00,2026-09-14T02:18:18.414+00:00,False,97,96.0,,96.0,293655.8287,300011.7071,300011.706863,3092.9041944639175,0.02198,293655.8287,29809.516654606523,89.78248199999999,66.20706666666666,20.54993727064186,0.31998751291395855,14,64,,False,False,Request timeout: 300.0s exceeded,244,21.16838264042747
139,2026-09-14T02:13:22.392+00:00,2026-09-14T02:18:15.915+00:00,2026-09-14T02:18:22.429+00:00,False,98,97.0,,97.0,293523.075033,300037.248217,300037.24847199995,3061.6045762448975,0.02557,293523.075033,29643.53095598037,89.12881284999999,67.1564245773196,19.98403922587157,0.3232931930166396,14,64,,False,False,Request timeout: 300.0s exceeded,320,21.16838264042747
140,2026-09-14T02:13:26.643+00:00,2026-09-14T02:18:20.059+00:00,2026-09-14T02:18:26.685+00:00,False,100,99.0,,99.0,293415.355467,300041.770315,300041.770529,3000.41770529,0.0381,293415.355467,29334.849101516487,89.5159001,66.9334833131313,20.227498661087097,0.32995405905005987,14,64,,False,False,Request timeout: 300.0s exceeded,387,21.16838264042747
141,2026-09-14T02:13:29.791+00:00,2026-09-14T02:18:23.332+00:00,2026-09-14T02:18:29.803+00:00,False,93,92.0,,92.0,293540.926945,300012.195041,300012.195016,3225.9375808172044,0.1162,293540.926945,30431.488708397195,91.0699372,70.33987060869566,19.916187366712684,0.30665420113148123,14,64,,False,False,Request timeout: 300.0s exceeded,393,21.16838264042747
142,2026-09-14T02:13:33.553+00:00,2026-09-14T02:18:27.223+00:00,2026-09-14T02:18:33.580+00:00,False,98,97.0,,97.0,293670.53263200005,300026.945048,300026.94487500004,3061.4994375000006,0.0,293670.53263200005,29658.65005404504,91.62639635,65.5300249072165,62.89745774447595,0.32330429516749365,14,64,,False,False,Request timeout: 300.0s exceeded,509,21.16838264042747
143,2026-09-14T02:13:36.876+00:00,2026-09-14T02:18:30.682+00:00,2026-09-14T02:18:36.946+00:00,False,97,96.0,,96.0,293806.056042,300069.55095400003,300069.551032,3093.500526103093,0.0,293806.056042,29824.92724560513,91.95643419999999,65.24473866666666,63.36748541235699,0.31992582951116083,14,64,,False,False,Request timeout: 300.0s exceeded,208,21.16838264042747
144,2026-09-14T02:13:39.618+00:00,2026-09-14T02:18:32.936+00:00,2026-09-14T02:18:39.630+00:00,False,99,98.0,,98.0,293318.11166299996,300011.71166299994,300011.71150299994,3030.4213283131307,0.02266,293318.11166299996,29472.721857137327,90.2618669,68.30204081632652,20.502113770765387,0.3266539144647873,14,64,,False,False,Request timeout: 300.0s exceeded,427,21.16838264042747
145,2026-09-14T02:13:42.711+00:00,2026-09-14T02:18:36.210+00:00,2026-09-14T02:18:42.736+00:00,False,94,93.0,,93.0,293499.182394,300024.645178,300024.645349,3191.7515462659576,0.03865,293499.182394,30264.898757112223,89.2805118,70.16626649462366,20.106450379563114,0.3099745354079981,14,64,,False,False,Request timeout: 300.0s exceeded,438,21.16838264042747
146,2026-09-14T02:13:45.476+00:00,2026-09-14T02:18:39.166+00:00,2026-09-14T02:18:45.544+00:00,False,99,98.0,,98.0,293689.433352,300068.322568,300068.322796,3030.993159555556,0.08943000000000001,293689.433352,29510.363836945475,89.45592409999999,65.09070628571429,20.508007242609857,0.3265922879206676,14,64,,False,False,Request timeout: 300.0s exceeded,405,21.16838264042747
147,2026-09-14T02:13:48.937+00:00,2026-09-14T02:18:42.572+00:00,2026-09-14T02:18:48.984+00:00,False,102,101.0,,101.0,293635.05073400005,300047.07889400003,300047.07888800005,2941.638028313726,0.02187,293635.05073400005,29067.923903811025,89.90287704999999,63.485427326732676,20.979882835833187,0.3366138419753823,14,64,,False,False,Request timeout: 300.0s exceeded,466,21.16838264042747
148,2026-09-14T02:13:53.175+00:00,2026-09-14T02:18:46.698+00:00,2026-09-14T02:18:53.203+00:00,False,96,95.0,,95.0,293522.858726,300027.81975,300027.819783,3125.28978940625,0.02054,293522.858726,29950.56932146935,88.85227750000001,68.4732739368421,19.87344170628272,0.31663730409786434,14,64,,False,False,Request timeout: 300.0s exceeded,593,21.16838264042747
149,2026-09-14T02:13:57.524+00:00,2026-09-14T02:18:51.238+00:00,2026-09-14T02:18:59.259+00:00,False,96,95.0,,95.0,293714.668734,301735.56371,301735.563556,3143.0787870416666,0.03646,293714.668734,29969.058422118625,89.17676349999999,84.43047343157895,182.149371979179,0.31484522020514993,14,64,,False,False,Request timeout: 300.0s exceeded,455,21.16838264042747
150,2026-09-14T02:14:00.289+00:00,2026-09-14T02:18:53.967+00:00,2026-09-14T02:19:00.361+00:00,False,105,104.0,,104.0,293678.19061,300072.06837,300072.068461,2857.829223438095,0.015179999999999999,293678.19061,28654.65954099376,88.5326752,61.47959384615385,186.7293417135286,0.34658340766246903,14,64,,False,False,Request timeout: 300.0s exceeded,389,21.16838264042747
151,2026-09-14T02:14:03.862+00:00,2026-09-14T02:18:59.331+00:00,2026-09-14T02:19:03.881+00:00,False,104,103.0,,103.0,295468.731538,300018.387346,300018.38724999997,2884.792185096154,0.015390000000000001,295468.731538,28968.78422293263,87.63854065,44.17141561165048,36.47872010501805,0.3433122913270444,14,64,,False,False,Request timeout: 300.0s exceeded,540,21.16838264042747
152,2026-09-14T02:14:07.523+00:00,2026-09-14T02:19:01.122+00:00,2026-09-14T02:19:07.558+00:00,False,98,97.0,,97.0,293599.68587,300035.572206,300035.572153,3061.5874709489794,0.04185,293599.68587,29651.351576312332,88.15180085,66.3493436701031,20.327530823834227,0.3232949989456625,14,64,,False,False,Request timeout: 300.0s exceeded,430,21.16838264042747
153,2026-09-14T02:14:10.526+00:00,2026-09-14T02:19:04.177+00:00,2026-09-14T02:19:10.603+00:00,False,94,93.0,,93.0,293651.044055,300077.28072700003,300077.280718,3192.311497,0.02224,293651.044055,30280.67132799992,87.490235,69.09931905376344,18.837132441265965,0.30992016381476145,14,64,,False,False,Request timeout: 300.0s exceeded,307,21.16838264042747
154,2026-09-14T02:14:14.729+00:00,2026-09-14T02:19:08.653+00:00,2026-09-14T02:19:14.758+00:00,False,88,87.0,,87.0,293923.970811,300028.19481099996,300028.194575,3409.4113019886363,0.033960000000000004,293923.970811,31324.926485522716,87.86259635000002,70.16349425287358,18.45412393271903,0.2899727475772897,14,64,,False,False,Request timeout: 300.0s exceeded,391,21.16838264042747
155,2026-09-14T02:14:18.313+00:00,2026-09-14T02:19:12.246+00:00,2026-09-14T02:19:18.383+00:00,False,88,87.0,,87.0,293933.23972500005,300070.83306900004,300070.83307700005,3409.8958304204552,0.040098999999999996,293933.23972500005,31325.874553867434,88.80547920000001,70.54704993103448,19.918245157199436,0.2899315441964155,14,64,,False,False,Request timeout: 300.0s exceeded,276,21.16838264042747
156,2026-09-14T02:14:22.540+00:00,2026-09-14T02:19:16.477+00:00,2026-09-14T02:19:22.574+00:00,False,88,87.0,,87.0,293937.570171,300034.404219,300034.40428200003,3409.4818668409093,0.019760000000000003,293937.570171,31326.38625696003,89.8908485,70.07855227586207,20.13053442204681,0.2899667464018469,14,64,,False,False,Request timeout: 300.0s exceeded,410,21.16838264042747
157,2026-09-14T02:14:27.294+00:00,2026-09-14T02:19:21.135+00:00,2026-09-14T02:19:27.347+00:00,False,99,98.0,,98.0,293841.103698,300053.209426,300053.209396,3030.840498949495,0.0,293841.103698,29525.84618772819,88.37390290000002,63.38883395918367,66.8543828270303,0.3266087377884523,14,64,,False,False,Request timeout: 300.0s exceeded,479,21.16838264042747
158,2026-09-14T02:14:32.089+00:00,2026-09-14T02:19:26.609+00:00,2026-09-14T02:19:32.112+00:00,False,100,99.0,,99.0,294519.82054600003,300022.75763400004,300022.75745200005,3000.2275745200004,0.0,294519.82054600003,29446.436559953432,89.7934554,55.58522311111111,27.83979649340569,0.3299749685014589,14,64,,False,False,Request timeout: 300.0s exceeded,462,21.16838264042747
159,2026-09-14T02:14:34.839+00:00,2026-09-14T02:19:28.780+00:00,2026-09-14T02:19:34.845+00:00,False,101,100.0,,100.0,293941.328149,300006.339605,300006.339616,2970.3597981782177,0.023649999999999997,293941.328149,29242.22707413138,87.39049500000002,60.650114560000006,19.837273562928083,0.3333262894766287,14,64,,False,False,Request timeout: 300.0s exceeded,391,21.16838264042747
160,2026-09-14T02:14:37.692+00:00,2026-09-14T02:19:31.713+00:00,2026-09-14T02:19:37.746+00:00,False,100,99.0,,99.0,294021.676679,300054.58855100005,300054.588645,3000.54588645,0.019,294021.676679,29396.080637554096,88.530042,60.93850375757576,20.12613907893648,0.32993996351824845,14,64,,False,False,Request timeout: 300.0s exceeded,256,21.16838264042747
161,2026-09-14T02:14:42.118+00:00,2026-09-14T02:19:35.657+00:00,2026-09-14T02:19:42.159+00:00,False,98,97.0,,97.0,293539.35999699996,300040.81817299995,300040.81812999997,3061.6410013265304,0.02104,293539.35999699996,29645.18914278072,86.71356765,67.02534202061855,19.85732952268178,0.32328934639843226,14,64,,False,False,Request timeout: 300.0s exceeded,320,21.16838264042747
162,2026-09-14T02:14:44.972+00:00,2026-09-14T02:19:38.965+00:00,2026-09-14T02:19:44.996+00:00,False,89,88.0,,88.0,293993.51482,300024.13651599997,300024.136383,3371.057712168539,0.01959,293993.51482,31155.992343703496,87.92375660000002,68.529792,19.83564307048619,0.2933097350829541,14,64,,False,False,Request timeout: 300.0s exceeded,216,21.16838264042747
163,2026-09-14T02:14:48.082+00:00,2026-09-14T02:19:41.628+00:00,2026-09-14T02:19:48.103+00:00,False,101,100.0,,100.0,293545.348818,300020.236498,300020.236522,2970.4973913069307,0.02889,293545.348818,29202.417755178925,87.31728600000001,64.74887679999999,19.733147534627882,0.3333108498521787,14,64,,False,False,Request timeout: 300.0s exceeded,478,21.16838264042747
164,2026-09-14T02:14:52.168+00:00,2026-09-14T02:19:45.674+00:00,2026-09-14T02:19:52.190+00:00,False,102,101.0,,101.0,293506.05049299996,300022.020285,300022.02009199996,2941.392353843137,0.02497,293506.05049299996,29055.048703299424,87.25153699999998,64.5145523960396,20.443893476087474,0.3366419568272257,14,64,,False,False,Request timeout: 300.0s exceeded,532,21.16838264042747
165,2026-09-14T02:14:56.763+00:00,2026-09-14T02:19:50.049+00:00,2026-09-14T02:19:56.824+00:00,False,98,97.0,,97.0,293285.567988,300060.39217999997,300060.391982,3061.840734510204,0.036059,293285.567988,29619.267510463058,90.482778,69.84354837113403,19.718131619826664,0.3232682570840997,14,64,,False,False,Request timeout: 300.0s exceeded,145,21.16838264042747
166,2026-09-14T02:15:00.217+00:00,2026-09-14T02:19:53.656+00:00,2026-09-14T02:20:00.272+00:00,False,98,97.0,,97.0,293438.90873100003,300054.97631500004,300054.97630800004,3061.7854725306124,0.02673,293438.90873100003,29634.92246733431,87.54121450000001,68.20688230927836,19.532129428686194,0.3232740919389674,14,64,,False,False,Request timeout: 300.0s exceeded,402,21.16838264042747
167,2026-09-14T02:15:03.337+00:00,2026-09-14T02:19:56.985+00:00,2026-09-14T02:20:03.357+00:00,False,98,97.0,,97.0,293647.587413,300019.824725,300019.824602,3061.4267816530614,0.02011,293647.587413,29656.256653854824,89.50012335000001,65.69316816494846,20.33979314091501,0.3233119680971442,14,64,,False,False,Request timeout: 300.0s exceeded,472,21.16838264042747
168,2026-09-14T02:15:07.076+00:00,2026-09-14T02:20:00.810+00:00,2026-09-14T02:20:07.081+00:00,False,93,92.0,,92.0,293734.93597500003,300005.890727,300005.890778,3225.8697933118283,0.01957,293734.93597500003,30451.832597603432,90.0040222,68.1625516521739,20.400170696845095,0.3066606451528592,14,64,,False,False,Request timeout: 300.0s exceeded,455,21.16838264042747
169,2026-09-14T02:15:11.870+00:00,2026-09-14T02:20:05.423+00:00,2026-09-14T02:20:11.924+00:00,False,100,99.0,,99.0,293553.02362,300054.525572,300054.525586,3000.54525586,0.02798,293553.02362,29348.74243178895,89.5688879,65.67173688888889,20.724699202910305,0.3299400327699584,14,64,,False,False,Request timeout: 300.0s exceeded,517,21.16838264042747
170,2026-09-14T02:15:14.868+00:00,2026-09-14T02:20:08.426+00:00,2026-09-14T02:20:14.895+00:00,False,97,96.0,,96.0,293557.883147,300026.568715,300026.56877199997,3093.0574100206186,0.041210000000000004,293557.883147,29799.45293626907,91.6315026,67.38214133333332,21.205510271376408,0.31997166254696574,14,64,,False,False,Request timeout: 300.0s exceeded,363,21.16838264042747
171,2026-09-14T02:15:18.831+00:00,2026-09-14T02:20:12.498+00:00,2026-09-14T02:20:18.904+00:00,False,94,93.0,,93.0,293666.309909,300073.187093,300073.186945,3192.267946223404,0.03515,293666.309909,30282.268198738275,89.29618615,68.89115251612903,20.167425826160613,0.3099243917823855,14,64,,False,False,Request timeout: 300.0s exceeded,448,21.16838264042747
172,2026-09-14T02:15:22.329+00:00,2026-09-14T02:20:15.929+00:00,2026-09-14T02:20:22.534+00:00,False,87,86.0,,86.0,293600.0167,300205.012284,300205.012346,3450.632325816092,0.04432,293600.0167,31469.059213835386,90.87340599999999,76.80227423255815,65.54623456259547,0.28647089982176,14,64,,False,False,Request timeout: 300.0s exceeded,282,21.16838264042747
173,2026-09-14T02:15:27.168+00:00,2026-09-14T02:20:20.639+00:00,2026-09-14T02:20:27.191+00:00,False,100,99.0,,99.0,293470.884493,300023.10311699996,300023.102962,3000.23102962,0.0,293470.884493,29340.542680573897,90.83375300000002,66.1840265050505,65.61795701240071,0.3299745885282474,14,64,,False,False,Request timeout: 300.0s exceeded,472,21.16838264042747
174,2026-09-14T02:15:31.487+00:00,2026-09-14T02:20:25.030+00:00,2026-09-14T02:20:31.509+00:00,False,98,97.0,,97.0,293543.01808899996,300022.145385,300022.14556199993,3061.450464918367,0.01982,293543.01808899996,29645.58165249012,87.60009550000001,66.7951267628866,19.448364701490878,0.3233094672912423,14,64,,False,False,Request timeout: 300.0s exceeded,468,21.16838264042747
175,2026-09-14T02:15:35.679+00:00,2026-09-14T02:20:29.051+00:00,2026-09-14T02:20:35.689+00:00,False,96,95.0,,95.0,293371.859749,300010.17552499997,300010.17558599997,3125.1059956875,0.03464,293371.859749,29935.014761016133,90.30085375,69.87700816842106,19.831939614708062,0.31665592619902194,14,64,,False,False,Request timeout: 300.0s exceeded,231,21.16838264042747
176,2026-09-14T02:15:39.237+00:00,2026-09-14T02:20:32.738+00:00,2026-09-14T02:20:39.267+00:00,False,91,90.0,,90.0,293501.73139,300030.53343799995,300030.53362799995,3297.0388310769226,0.029920000000000002,293501.73139,30759.742749285313,90.1277795,72.54224497777778,18.972835083367368,0.2999694696693199,14,64,,False,False,Request timeout: 300.0s exceeded,371,21.16838264042747
177,2026-09-14T02:15:42.386+00:00,2026-09-14T02:20:35.941+00:00,2026-09-14T02:20:42.445+00:00,False,90,89.0,,89.0,293555.03508999996,300058.683858,300058.68403199996,3333.9853781333327,0.04226,293555.03508999996,30935.720704141106,91.06935744999998,73.07470525842696,19.05861023397368,0.29660864620108257,14,64,,False,False,Request timeout: 300.0s exceeded,461,21.16838264042747
178,2026-09-14T02:15:45.782+00:00,2026-09-14T02:20:39.691+00:00,2026-09-14T02:20:45.787+00:00,False,90,89.0,,89.0,293908.749148,300005.355612,300005.355469,3333.392838544444,0.08183,293908.749148,30973.48786131055,88.367446,68.50119622471911,19.606685950039356,0.2966613706560113,14,64,,False,False,Request timeout: 300.0s exceeded,387,21.16838264042747
179,2026-09-14T02:15:48.940+00:00,2026-09-14T02:20:42.832+00:00,2026-09-14T02:20:49.032+00:00,False,92,91.0,,91.0,293891.807766,300091.878166,300091.878119,3261.868240423913,0.04138,293891.807766,30633.242867419234,90.40624665,68.13264175824176,21.03111276834595,0.3032404627414211,14,64,,False,False,Request timeout: 300.0s exceeded,507,21.16838264042747
180,2026-09-14T02:15:52.816+00:00,2026-09-14T02:20:46.558+00:00,2026-09-14T02:20:52.864+00:00,False,94,93.0,,93.0,293742.572348,300048.387132,300048.387027,3192.004117308511,0.018940000000000002,293742.572348,30290.248001127307,92.92689275000001,67.80446004301075,22.80445427236982,0.3099500080268273,14,64,,False,False,Request timeout: 300.0s exceeded,507,21.16838264042747
181,2026-09-14T02:15:56.011+00:00,2026-09-14T02:20:49.791+00:00,2026-09-14T02:20:56.089+00:00,False,97,96.0,,96.0,293779.856073,300078.012873,300078.012817,3093.5877610000002,0.038009,293779.856073,29822.170955164336,90.71483599999999,65.6058,20.815950381188518,0.3199168079023152,14,64,,False,False,Request timeout: 300.0s exceeded,486,21.16838264042747
182,2026-09-14T02:16:00.288+00:00,2026-09-14T02:20:54.064+00:00,2026-09-14T02:21:00.377+00:00,False,92,91.0,,91.0,293776.656357,300089.695717,300089.6958,3261.8445195652175,0.02256,293776.656357,30621.10718785451,88.472259,69.3740589010989,19.67526572450221,0.3032426681048645,14,64,,False,False,Request timeout: 300.0s exceeded,204,21.16838264042747
183,2026-09-14T02:16:05.117+00:00,2026-09-14T02:20:58.642+00:00,2026-09-14T02:21:05.127+00:00,False,97,96.0,,96.0,293525.193039,300009.582671,300009.58278,3092.8822967010306,0.02014,293525.193039,29796.11641443303,89.05008579999999,67.54572533333332,20.13396547452861,0.31998977881075436,14,64,,False,False,Request timeout: 300.0s exceeded,453,21.16838264042747
184,2026-09-14T02:16:09.818+00:00,2026-09-14T02:21:03.414+00:00,2026-09-14T02:21:09.839+00:00,False,96,95.0,,95.0,293595.66015899996,300021.16825499997,300021.16805399995,3125.2205005624996,0.03922,293595.66015899996,29958.085028317902,88.54120299999998,67.63692732631579,20.000723005564822,0.3166443239740194,14,64,,False,False,Request timeout: 300.0s exceeded,185,21.16838264042747
185,2026-09-14T02:16:13.730+00:00,2026-09-14T02:21:07.671+00:00,2026-09-14T02:21:13.802+00:00,False,89,88.0,,88.0,293941.206555,300072.357915,300072.357832,3371.599526202247,0.020309999999999998,293941.206555,31150.327503731536,91.3093188,69.67217454545455,21.241311165667522,0.29326260043228414,14,64,,False,False,Request timeout: 300.0s exceeded,359,21.16838264042747
186,2026-09-14T02:16:16.980+00:00,2026-09-14T02:21:11.144+00:00,2026-09-14T02:21:17.200+00:00,False,79,78.0,,78.0,294163.202849,300219.483425,300219.483485,3800.246626392405,0.03139,294163.202849,33087.28449754852,90.970089,77.64462276923076,70.50597374322494,0.25980992009629433,14,64,,False,False,Request timeout: 300.0s exceeded,261,21.16838264042747
187,2026-09-14T02:16:19.790+00:00,2026-09-14T02:21:13.623+00:00,2026-09-14T02:21:19.801+00:00,False,99,98.0,,98.0,293833.39787800005,300011.620982,300011.620997,3030.4204141111118,0.0,293833.39787800005,29525.1072649443,88.884203,63.04309289795918,67.20645681633167,0.3266540131986413,14,64,,False,False,Request timeout: 300.0s exceeded,473,21.16838264042747
188,2026-09-14T02:16:24.320+00:00,2026-09-14T02:21:18.425+00:00,2026-09-14T02:21:24.376+00:00,False,91,90.0,,90.0,294104.569953,300055.769441,300055.769371,3297.3161469340657,0.02505,294104.569953,30823.610565392493,86.7607915,66.12443875555556,19.629183524845253,0.2999442409245082,14,64,,False,False,Request timeout: 300.0s exceeded,389,21.16838264042747
189,2026-09-14T02:16:28.478+00:00,2026-09-14T02:21:22.231+00:00,2026-09-14T02:21:28.505+00:00,False,93,92.0,,92.0,293752.589494,300026.41247000004,300026.412459,3226.0904565483875,0.024269,293752.589494,30453.659279288735,87.4234734,68.193728,19.36294352858157,0.3066396696297503,14,64,,False,False,Request timeout: 300.0s exceeded,294,21.16838264042747
190,2026-09-14T02:16:32.749+00:00,2026-09-14T02:21:24.752+00:00,2026-09-14T02:21:32.813+00:00,False,120,119.0,,119.0,292003.40008600004,300063.87983000005,300063.87976700003,2500.532331391667,0.033,292003.40008600004,26649.966046872167,89.76607495,67.73512389915967,20.572127864722095,0.3965822213170707,14,64,,False,False,Request timeout: 300.0s exceeded,519,21.16838264042747
191,2026-09-14T02:16:35.268+00:00,2026-09-14T02:21:29.333+00:00,2026-09-14T02:21:35.317+00:00,False,93,92.0,,92.0,294064.53341100004,300048.74665900005,300048.74678000004,3226.330610537635,0.02486,294064.53341100004,30486.33406911753,90.99877359999999,65.04579617391305,21.323224253037772,0.30661684484406904,14,64,,False,False,Request timeout: 300.0s exceeded,473,21.16838264042747
192,2026-09-14T02:16:39.999+00:00,2026-09-14T02:21:34.166+00:00,2026-09-14T02:21:40.036+00:00,False,87,86.0,,86.0,294166.498303,300036.430847,300036.430833,3448.694607275862,0.02468,294166.498303,31530.647498765764,88.697441,68.25502958139535,19.873183652940824,0.2866318591953078,14,64,,False,False,Request timeout: 300.0s exceeded,376,21.16838264042747
193,2026-09-14T02:16:44.093+00:00,2026-09-14T02:21:37.610+00:00,2026-09-14T02:21:44.141+00:00,False,102,101.0,,101.0,293516.788852,300048.108148,300048.108255,2941.648120147059,0.04181,293516.788852,29056.09657103213,89.15277954999999,64.66652768316831,19.950021995428827,0.33661268729007054,14,64,,False,False,Request timeout: 300.0s exceeded,530,21.16838264042747
194,2026-09-14T02:16:48.403+00:00,2026-09-14T02:21:41.856+00:00,2026-09-14T02:21:48.423+00:00,False,113,112.0,,112.0,293452.324126,300019.51542199997,300019.51548299997,2655.0399600265487,0.01516,293452.324126,27600.84534367522,89.91762579999998,58.63563657142858,195.87015662243957,0.37330904905457096,14,64,,False,False,Request timeout: 300.0s exceeded,483,21.16838264042747
195,2026-09-14T02:16:52.393+00:00,2026-09-14T02:21:46.756+00:00,2026-09-14T02:21:52.416+00:00,False,86,85.0,,85.0,294362.823379,300023.353043,300023.353101,3488.6436407093024,0.02177,294362.823379,31734.7850452395,88.29722399999999,66.59446663529411,20.49215366959949,0.2833112793983661,14,64,,False,False,Request timeout: 300.0s exceeded,389,21.16838264042747
196,2026-09-14T02:16:55.163+00:00,2026-09-14T02:21:48.919+00:00,2026-09-14T02:21:55.216+00:00,False,93,92.0,,92.0,293755.81192199996,300052.57940999995,300052.57927999995,3226.3718202150535,0.02826,293755.81192199996,30453.9677971389,87.7686786,68.44312486956522,19.72340908090834,0.30661292824378195,14,64,,False,False,Request timeout: 300.0s exceeded,481,21.16838264042747
197,2026-09-14T02:16:58.949+00:00,2026-09-14T02:21:53.102+00:00,2026-09-14T02:21:58.992+00:00,False,84,83.0,,83.0,294153.956717,300043.336045,300043.336035,3571.944476607143,0.027239,294153.956717,32087.091659788137,88.41480765,70.95637744578313,19.268270035796967,0.2766267069752611,14,64,,False,False,Request timeout: 300.0s exceeded,440,21.16838264042747
198,2026-09-14T02:17:03.140+00:00,2026-09-14T02:21:56.797+00:00,2026-09-14T02:22:03.181+00:00,False,94,93.0,,93.0,293656.669073,300040.735889,300040.736027,3191.92272369149,0.019870000000000002,293656.669073,30281.299214260496,89.47724900000001,68.64587974193547,20.309580873337623,0.309957911963012,14,64,,False,False,Request timeout: 300.0s exceeded,310,21.16838264042747
199,2026-09-14T02:17:06.183+00:00,2026-09-14T02:21:59.736+00:00,2026-09-14T02:22:06.211+00:00,False,99,98.0,,98.0,293553.832903,300028.068551,300028.068626,3030.586551777778,0.02246,293553.832903,29496.63778954357,89.54374589999999,66.06362906122449,20.637619065009474,0.32663610599266835,14,64,,False,False,Request timeout: 300.0s exceeded,372,21.16838264042747
200,2026-09-14T02:17:10.059+00:00,2026-09-14T02:22:03.567+00:00,2026-09-14T02:22:10.068+00:00,False,99,98.0,,98.0,293507.96276599995,300008.90535799996,300008.90543299995,3030.3929841717168,0.021649,293507.96276599995,29492.00008987353,87.9952469,66.33614889795918,20.36249172864477,0.32665697000912963,14,64,,False,False,Request timeout: 300.0s exceeded,470,21.16838264042747
201,2026-09-14T02:17:12.940+00:00,2026-09-14T02:22:06.512+00:00,2026-09-14T02:22:12.961+00:00,False,102,101.0,,101.0,293572.89508999995,300021.69739399996,300021.697358,2941.389189784313,0.0,293572.89508999995,29061.80034403205,88.1385905,63.84952776237623,66.04965092587331,0.33664231912988263,14,64,,False,False,Request timeout: 300.0s exceeded,413,21.16838264042747
202,2026-09-14T02:17:16.047+00:00,2026-09-14T02:22:09.689+00:00,2026-09-14T02:22:16.068+00:00,False,104,103.0,,103.0,293641.947188,300021.32638800004,300021.326412,2884.820446269231,0.0,293641.947188,28787.961847635626,87.79272780000001,61.935720388349516,65.25761744329061,0.3433089282019776,14,64,,False,False,Request timeout: 300.0s exceeded,420,21.16838264042747
203,2026-09-14T02:17:19.253+00:00,2026-09-14T02:22:12.748+00:00,2026-09-14T02:22:19.269+00:00,False,100,99.0,,99.0,293494.625832,300015.704104,300015.704037,3000.15704037,0.030170000000000002,293494.625832,29342.882262499916,88.16444290000001,65.86947749494949,19.821144562897302,0.3299827263898219,14,64,,False,False,Request timeout: 300.0s exceeded,327,21.16838264042747
204,2026-09-14T02:17:22.627+00:00,2026-09-14T02:22:16.069+00:00,2026-09-14T02:22:22.654+00:00,False,96,95.0,,95.0,293441.786027,300026.980779,300026.980835,3125.2810503645833,0.04181,293441.786027,29942.208661162145,88.50343525,69.31783949473683,19.848609146044865,0.316638189516619,14,64,,False,False,Request timeout: 300.0s exceeded,370,21.16838264042747
205,2026-09-14T02:17:26.194+00:00,2026-09-14T02:22:19.735+00:00,2026-09-14T02:22:26.219+00:00,False,98,97.0,,97.0,293540.157254,300024.12448600004,300024.124696,3061.4706601632656,0.023329999999999997,293540.157254,29645.288136417945,88.65626700000001,66.84502301030928,20.22181778550152,0.32330733458911,14,64,,False,False,Request timeout: 300.0s exceeded,465,21.16838264042747
206,2026-09-14T02:17:29.866+00:00,2026-09-14T02:22:23.682+00:00,2026-09-14T02:22:29.901+00:00,False,93,92.0,,92.0,293815.80833200004,300035.0021880001,300035.00225500006,3226.182819946237,0.02776,293815.80833200004,30460.277083038327,89.1184916,67.5999332173913,20.511191557314095,0.30663089082637557,14,64,,False,False,Request timeout: 300.0s exceeded,350,21.16838264042747
207,2026-09-14T02:17:34.594+00:00,2026-09-14T02:22:28.026+00:00,2026-09-14T02:22:34.651+00:00,False,96,95.0,,95.0,293432.826032,300057.14808,300057.148218,3125.5952939375,0.03736,293432.826032,29941.252588701165,89.7485375,69.72970576842106,20.50696267459457,0.31660635518228514,14,64,,False,False,Request timeout: 300.0s exceeded,470,21.16838264042747
208,2026-09-14T02:17:38.136+00:00,2026-09-14T02:22:31.752+00:00,2026-09-14T02:22:38.196+00:00,False,94,93.0,,93.0,293615.649141,300059.477365,300059.477279,3192.122098712766,0.03547,293615.649141,30277.002857789063,91.2304055,69.28847552688173,21.48701089265384,0.30993855223866973,14,64,,False,False,Request timeout: 300.0s exceeded,355,21.16838264042747
209,2026-09-14T02:17:42.587+00:00,2026-09-14T02:22:35.937+00:00,2026-09-14T02:22:42.676+00:00,False,97,96.0,,96.0,293349.542691,300088.242211,300088.242116,3093.6932176907217,0.025408999999999998,293349.542691,29778.01340069935,91.086088,70.19478666666667,20.93138283768513,0.3199059026527932,14,64,,False,False,Request timeout: 300.0s exceeded,427,21.16838264042747
210,2026-09-14T02:17:45.335+00:00,2026-09-14T02:22:39.216+00:00,2026-09-14T02:22:45.362+00:00,False,88,87.0,,87.0,293881.439752,300027.587336,300027.587379,3409.4044020340907,0.03207,293881.439752,31320.342891865606,92.67755584999999,70.64537452873564,21.023423875659706,0.2899733346939492,14,64,,False,False,Request timeout: 300.0s exceeded,359,21.16838264042747
211,2026-09-14T02:17:48.039+00:00,2026-09-14T02:22:42.066+00:00,2026-09-14T02:22:48.069+00:00,False,90,89.0,,89.0,294027.743187,300030.20923499996,300030.20925799996,3333.6689917555555,0.03472,294027.743187,30986.143521147056,89.25438795,67.44343874157303,21.28070354985552,0.2966367960977235,14,64,,False,False,Request timeout: 300.0s exceeded,436,21.16838264042747
212,2026-09-14T02:17:51.522+00:00,2026-09-14T02:22:44.930+00:00,2026-09-14T02:22:51.598+00:00,False,99,98.0,,98.0,293407.87291399995,300075.94408199994,300075.9442089999,3031.070143525252,0.027260000000000003,293407.87291399995,29481.768471921434,87.2396818,68.04154253061225,19.136047844419704,0.326583992928204,14,64,,False,False,Request timeout: 300.0s exceeded,445,21.16838264042747
213,2026-09-14T02:17:56.019+00:00,2026-09-14T02:22:49.785+00:00,2026-09-14T02:22:56.119+00:00,False,94,93.0,,93.0,293765.756237,300100.388941,300100.389006,3192.557329851064,0.02841,293765.756237,30292.605355848773,89.10476865000001,68.11433015053764,20.06230911289306,0.3098962994622572,14,64,,False,False,Request timeout: 300.0s exceeded,400,21.16838264042747
214,2026-09-14T02:17:58.817+00:00,2026-09-14T02:22:52.902+00:00,2026-09-14T02:22:58.875+00:00,False,88,87.0,,87.0,294084.897817,300057.870617,300057.87045,3409.748527840909,0.04009,294084.897817,31342.243729471593,89.83888715,68.65485977011494,20.947937443528687,0.2899440691927344,14,64,,False,False,Request timeout: 300.0s exceeded,442,21.16838264042747
215,2026-09-14T02:18:03.443+00:00,2026-09-14T02:22:57.342+00:00,2026-09-14T02:23:03.464+00:00,False,89,88.0,,88.0,293899.222169,300020.910745,300020.91078700003,3371.0214695168543,0.01918,293899.222169,31145.888275240977,89.38734059999999,69.5646429090909,20.804181646558177,0.29331288869659755,14,64,,False,False,Request timeout: 300.0s exceeded,331,21.16838264042747
216,2026-09-14T02:18:06.578+00:00,2026-09-14T02:23:00.096+00:00,2026-09-14T02:23:06.666+00:00,False,100,99.0,,99.0,293518.027049,300087.990057,300087.989971,3000.8798997100002,0.0,293518.027049,29345.241192132915,89.27541194999999,66.3632627070707,66.60053567411956,0.32990323931722665,14,64,,False,False,Request timeout: 300.0s exceeded,462,21.16838264042747
217,2026-09-14T02:18:09.548+00:00,2026-09-14T02:23:03.382+00:00,2026-09-14T02:23:09.584+00:00,False,97,96.0,,96.0,293834.644277,300036.56734899996,300036.567506,3093.160489752577,0.0,293834.644277,29827.904146932426,88.96524600000001,64.60336533333333,67.5534921873844,0.3199609995815398,14,64,,False,False,Request timeout: 300.0s exceeded,444,21.16838264042747
218,2026-09-14T02:18:14.137+00:00,2026-09-14T02:23:07.875+00:00,2026-09-14T02:23:14.176+00:00,False,92,91.0,,91.0,293737.703779,300038.892131,300038.89204799995,3261.2923048695648,0.023989999999999997,293737.703779,30617.059794989145,89.33777115,69.24382804395604,19.8563068588166,0.3032940141648986,14,64,,False,False,Request timeout: 300.0s exceeded,225,21.16838264042747
219,2026-09-14T02:18:18.002+00:00,2026-09-14T02:23:11.550+00:00,2026-09-14T02:23:18.047+00:00,False,95,94.0,,94.0,293548.35802600003,300045.56148200005,300045.561692,3158.3743336,0.052840000000000005,293548.35802600003,30110.3414532479,89.4977807,69.11918570212767,20.4488193814135,0.3132857541225089,14,64,,False,False,Request timeout: 300.0s exceeded,315,21.16838264042747
220,2026-09-14T02:18:22.354+00:00,2026-09-14T02:23:15.734+00:00,2026-09-14T02:23:22.434+00:00,False,99,98.0,,98.0,293379.805209,300080.389145,300080.389175,3031.1150421717175,0.03558,293379.805209,29478.91528021273,89.6004288,68.37330546938776,20.722406419315966,0.32657915526977677,14,64,,False,False,Request timeout: 300.0s exceeded,309,21.16838264042747
221,2026-09-14T02:18:26.162+00:00,2026-09-14T02:23:19.833+00:00,2026-09-14T02:23:26.236+00:00,False,97,96.0,,96.0,293671.745629,300074.20374100003,300074.203835,3093.54849314433,0.0359,293671.745629,29811.083184152165,88.855864,66.692272,20.06953154397981,0.31992086891567495,14,64,,False,False,Request timeout: 300.0s exceeded,446,21.16838264042747
222,2026-09-14T02:18:30.128+00:00,2026-09-14T02:23:23.604+00:00,2026-09-14T02:23:30.209+00:00,False,98,97.0,,97.0,293475.63388,300080.94639199995,300080.946337,3062.0504728265305,0.024059999999999998,293475.63388,29638.64406883423,89.8732847,68.09600527835052,20.433878060793155,0.32324611464430514,14,64,,False,False,Request timeout: 300.0s exceeded,439,21.16838264042747
223,2026-09-14T02:18:34.969+00:00,2026-09-14T02:23:28.630+00:00,2026-09-14T02:23:35.045+00:00,False,99,98.0,,98.0,293661.089705,300076.564905,300076.564763,3031.0764117474746,0.035840000000000004,293661.089705,29507.478220145695,90.9501469,65.46403265306122,21.28766868519411,0.32658331726446355,14,64,,False,False,Request timeout: 300.0s exceeded,427,21.16838264042747
224,2026-09-14T02:18:37.991+00:00,2026-09-14T02:23:31.489+00:00,2026-09-14T02:23:38.016+00:00,False,96,95.0,,95.0,293498.60577200004,300025.63297200005,300025.63292500004,3125.2670096354173,0.02485,293498.60577200004,29948.07081129469,90.0162875,68.7055494736842,20.6244998578487,0.31663961195230905,14,64,,False,False,Request timeout: 300.0s exceeded,461,21.16838264042747
225,2026-09-14T02:18:40.936+00:00,2026-09-14T02:23:34.911+00:00,2026-09-14T02:23:40.963+00:00,False,87,86.0,,86.0,293975.063622,300027.29607,300027.295918,3448.5896082528734,0.04524,293975.063622,31509.89602481688,89.5678729,70.37479590697674,19.446240536015967,0.28664058612832066,14,64,,False,False,Request timeout: 300.0s exceeded,214,21.16838264042747
226,2026-09-14T02:18:45.359+00:00,2026-09-14T02:23:38.950+00:00,2026-09-14T02:23:45.422+00:00,False,97,96.0,,96.0,293591.535791,300063.623343,300063.623341,3093.439415886598,0.03564,293591.535791,29802.86477752894,87.09311640000001,67.41757866666667,19.00640675481905,0.31993214949038745,14,64,,False,False,Request timeout: 300.0s exceeded,449,21.16838264042747
227,2026-09-14T02:18:48.934+00:00,2026-09-14T02:23:42.589+00:00,2026-09-14T02:23:48.951+00:00,False,96,95.0,,95.0,293654.62515499996,300016.73587499995,300016.735825,3125.1743315104163,0.04228,293654.62515499996,29964.17078919567,86.98420925000002,66.96958652631578,19.326950890719104,0.31664900200627855,14,64,,False,False,Request timeout: 300.0s exceeded,436,21.16838264042747
228,2026-09-14T02:18:51.687+00:00,2026-09-14T02:23:45.581+00:00,2026-09-14T02:23:51.746+00:00,False,92,91.0,,91.0,293893.843424,300058.66876800003,300058.668582,3261.5072671956523,0.04328,293893.843424,30633.494438317717,89.41348915,67.74533345054945,19.43770147401524,0.3032740242887619,14,64,,False,False,Request timeout: 300.0s exceeded,232,21.16838264042747
229,2026-09-14T02:18:55.700+00:00,2026-09-14T02:23:48.906+00:00,2026-09-14T02:23:55.750+00:00,False,99,98.0,,98.0,293205.710264,300049.936312,300049.936497,3030.807439363636,0.14336000000000002,293205.710264,29461.27034374947,89.9436788,69.83904130612245,20.097792535606008,0.32661230062084384,14,64,,False,False,Request timeout: 300.0s exceeded,326,21.16838264042747
230,2026-09-14T02:19:00.277+00:00,2026-09-14T02:23:53.677+00:00,2026-09-14T02:24:00.313+00:00,False,106,105.0,,105.0,293399.921623,300036.633559,300036.633646,2830.534279679245,0.02558,293399.921623,28491.387867077123,90.41689650000001,63.206780342857144,20.72143314011057,0.3499572660661536,14,64,,False,False,Request timeout: 300.0s exceeded,481,21.16838264042747
231,2026-09-14T02:19:03.557+00:00,2026-09-14T02:23:57.504+00:00,2026-09-14T02:24:03.609+00:00,False,103,102.0,,102.0,293946.250146,300051.43901000003,300051.438953,2913.1207665339807,0.0,293946.250146,28957.562361086475,93.3725711,59.85479278431372,66.39991022690741,0.33994171244951293,14,64,,False,False,Request timeout: 300.0s exceeded,401,21.16838264042747
232,2026-09-14T02:19:07.471+00:00,2026-09-14T02:24:01.547+00:00,2026-09-14T02:24:07.507+00:00,False,90,89.0,,89.0,294075.92159100005,300036.30584700004,300036.30569500005,3333.736729944445,0.020059999999999998,294075.92159100005,30991.271047670853,87.95508195000001,66.97060961797753,20.125978388625803,0.2966307685623369,14,64,,False,False,Request timeout: 300.0s exceeded,400,21.16838264042747
233,2026-09-14T02:19:11.206+00:00,2026-09-14T02:24:04.825+00:00,2026-09-14T02:24:11.212+00:00,False,98,97.0,,97.0,293618.659926,300005.970006,300005.970057,3061.2854087448977,0.02422,293618.659926,29653.31832486046,88.95249050000001,65.8485575257732,19.565944699963875,0.32332689912157425,14,64,,False,False,Request timeout: 300.0s exceeded,414,21.16838264042747
234,2026-09-14T02:19:14.064+00:00,2026-09-14T02:24:08.062+00:00,2026-09-14T02:24:14.106+00:00,False,91,90.0,,90.0,293997.88952200004,300041.895666,300041.89548800007,3297.163686681319,0.03588,293997.88952200004,30812.31939391589,88.82954249999999,67.15562382222222,19.742396662041934,0.29995811018400576,14,64,,False,False,Request timeout: 300.0s exceeded,405,21.16838264042747
235,2026-09-14T02:19:17.551+00:00,2026-09-14T02:24:11.378+00:00,2026-09-14T02:24:17.583+00:00,False,93,92.0,,92.0,293827.369361,300031.79944100004,300031.799359,3226.1483802043012,0.0384,293827.369361,30461.49210939459,89.495717,67.43945739130434,19.844254177539057,0.3066341640166425,14,64,,False,False,Request timeout: 300.0s exceeded,227,21.16838264042747
236,2026-09-14T02:19:20.820+00:00,2026-09-14T02:24:14.483+00:00,2026-09-14T02:24:20.887+00:00,False,94,93.0,,93.0,293663.008385,300067.607937,300067.607991,3192.208595648936,0.05084,293663.008385,30281.930205970635,89.12944915,68.86666184946236,20.178919292723428,0.3099301542055336,14,64,,False,False,Request timeout: 300.0s exceeded,445,21.16838264042747
237,2026-09-14T02:19:24.192+00:00,2026-09-14T02:24:18.064+00:00,2026-09-14T02:24:24.201+00:00,False,90,89.0,,89.0,293871.690672,300008.919984,300008.920062,3333.432445133333,0.03453,293871.690672,30969.533701319626,88.72030845,68.95763271910113,20.0153429371069,0.2966578460558657,14,64,,False,False,Request timeout: 300.0s exceeded,422,21.16838264042747
238,2026-09-14T02:19:28.151+00:00,2026-09-14T02:24:21.606+00:00,2026-09-14T02:24:28.171+00:00,False,99,98.0,,98.0,293454.259853,300019.795341,300019.795309,3030.5029829191917,0.0342,293454.259853,29486.53637121201,87.1006707,66.99526008163265,20.169820405685744,0.32664511316199657,14,64,,False,False,Request timeout: 300.0s exceeded,475,21.16838264042747
239,2026-09-14T02:19:31.173+00:00,2026-09-14T02:24:24.978+00:00,2026-09-14T02:24:31.207+00:00,False,94,93.0,,93.0,293804.88313,300033.23487399996,300033.23469799996,3191.842922319149,0.02471,293804.88313,30296.758827939775,88.45804315000001,66.97152412903226,20.017084348765597,0.30996566110102997,14,64,,False,False,Request timeout: 300.0s exceeded,435,21.16838264042747
240,2026-09-14T02:19:34.969+00:00,2026-09-14T02:24:28.421+00:00,2026-09-14T02:24:35.033+00:00,False,100,99.0,,99.0,293452.020345,300064.511865,300064.512071,3000.6451207100004,0.02102,293452.020345,29338.529346646526,88.98696495,66.79284363636363,19.77437630543735,0.3299290522050819,14,64,,False,False,Request timeout: 300.0s exceeded,525,21.16838264042747
241,2026-09-14T02:19:39.450+00:00,2026-09-14T02:24:32.986+00:00,2026-09-14T02:24:39.468+00:00,False,94,93.0,,93.0,293535.608417,300017.28956899996,300017.28947799996,3191.673292319149,0.02286,293535.608417,30268.704095615925,88.85186515000001,69.69549625806452,19.684109773618772,0.30998213514161904,14,64,,False,False,Request timeout: 300.0s exceeded,373,21.16838264042747
242,2026-09-14T02:19:43.677+00:00,2026-09-14T02:24:37.366+00:00,2026-09-14T02:24:43.761+00:00,False,89,88.0,,88.0,293689.90723199997,300084.369952,300084.369809,3371.734492235955,0.021929999999999998,293689.90723199997,31123.37151700445,90.5953726,72.6643490909091,19.465375371373792,0.2932508614629814,14,64,,False,False,Request timeout: 300.0s exceeded,428,21.16838264042747
243,2026-09-14T02:19:47.588+00:00,2026-09-14T02:24:41.270+00:00,2026-09-14T02:24:47.638+00:00,False,103,102.0,,102.0,293682.30389,300050.07272199995,300050.072802,2913.1075029320386,0.015749,293682.30389,28932.020733442572,89.3341681,62.429106196078436,215.51197479464537,0.33994326038542316,14,64,,False,False,Request timeout: 300.0s exceeded,444,21.16838264042747
244,2026-09-14T02:19:51.936+00:00,2026-09-14T02:24:47.725+00:00,2026-09-14T02:24:51.998+00:00,False,65,64.0,,64.0,295789.57034,300062.46761999995,300062.46773599996,4616.3456574769225,0.037308999999999995,295789.57034,36679.90717512165,98.530766,66.76402,23.4541837785903,0.21328892116240875,14,64,,False,False,Request timeout: 300.0s exceeded,327,21.16838264042747
245,2026-09-14T02:19:54.867+00:00,2026-09-14T02:24:48.956+00:00,2026-09-14T02:24:54.883+00:00,False,85,84.0,,84.0,294088.395383,300015.738487,300015.73841600004,3529.596922541177,0.027309999999999997,294088.395383,31890.717981185087,90.43327719999999,70.56360838095239,20.568786137887383,0.2799853115160484,14,64,,False,False,Request timeout: 300.0s exceeded,358,21.16838264042747
246,2026-09-14T02:19:59.546+00:00,2026-09-14T02:24:53.425+00:00,2026-09-14T02:24:59.622+00:00,False,95,94.0,,94.0,293879.225415,300076.82643899997,300076.826408,3158.703435873684,0.0,293879.225415,30144.686022734793,87.001621,65.93192578723405,69.01151533824974,0.3132531129294266,14,64,,False,False,Request timeout: 300.0s exceeded,430,21.16838264042747
247,2026-09-14T02:20:02.427+00:00,2026-09-14T02:24:56.010+00:00,2026-09-14T02:25:02.507+00:00,False,102,101.0,,101.0,293583.11488300003,300080.08307500003,300080.08296400006,2941.9615976862747,0.0,293583.11488300003,29062.766984944792,85.3754255,64.32641774257426,66.91158730966809,0.33657681964436387,14,64,,False,False,Request timeout: 300.0s exceeded,511,21.16838264042747
248,2026-09-14T02:20:06.802+00:00,2026-09-14T02:25:00.677+00:00,2026-09-14T02:25:06.840+00:00,False,93,92.0,,92.0,293874.65525999997,300037.07573999994,300037.07566699997,3226.2051146989243,0.022350000000000002,293874.65525999997,30466.442910530495,88.26893359999998,66.98283130434783,20.04956887805532,0.3066287717046126,14,64,,False,False,Request timeout: 300.0s exceeded,179,21.16838264042747
249,2026-09-14T02:20:10.704+00:00,2026-09-14T02:25:04.351+00:00,2026-09-14T02:25:10.792+00:00,False,95,94.0,,94.0,293646.910985,300088.339465,300088.339492,3158.8246262315793,0.026940000000000002,293646.910985,30120.51342906476,89.57871700000001,68.52583489361702,20.120385170515068,0.3132410948308887,14,64,,False,False,Request timeout: 300.0s exceeded,360,21.16838264042747
250,2026-09-14T02:20:14.485+00:00,2026-09-14T02:25:08.242+00:00,2026-09-14T02:25:14.509+00:00,False,91,90.0,,90.0,293757.392893,300023.437053,300023.436912,3296.960845186813,0.03843,293757.392893,30786.84994945108,88.32097399999999,69.6227128888889,19.850234255908713,0.29997656477784185,14,64,,False,False,Request timeout: 300.0s exceeded,310,21.16838264042747
251,2026-09-14T02:20:17.705+00:00,2026-09-14T02:25:11.508+00:00,2026-09-14T02:25:17.769+00:00,False,91,90.0,,90.0,293802.32963,300063.276062,300063.27611,3297.3986385714284,0.04033,293802.32963,30791.56716755614,89.76395000000001,69.56607146666667,20.817500416826956,0.2999367372813857,14,64,,False,False,Request timeout: 300.0s exceeded,381,21.16838264042747
252,2026-09-14T02:20:21.347+00:00,2026-09-14T02:25:15.076+00:00,2026-09-14T02:25:21.376+00:00,False,90,89.0,,89.0,293728.235861,300028.465493,300028.46531500004,3333.6496146111112,0.02367,293728.235861,30954.21956181059,90.2152505,70.78909698876404,20.59366291795588,0.29663852012760594,14,64,,False,False,Request timeout: 300.0s exceeded,368,21.16838264042747
253,2026-09-14T02:20:25.859+00:00,2026-09-14T02:25:19.634+00:00,2026-09-14T02:25:25.946+00:00,False,95,94.0,,94.0,293774.59115600004,300086.64210000006,300086.64213600004,3158.8067593263163,0.02095,293774.59115600004,30133.75489395997,89.64441740000001,67.14947812765958,20.932728054998915,0.3132428666007589,14,64,,False,False,Request timeout: 300.0s exceeded,309,21.16838264042747
254,2026-09-14T02:20:29.426+00:00,2026-09-14T02:25:23.795+00:00,2026-09-14T02:25:29.450+00:00,False,81,80.0,,80.0,294369.14386199997,300024.51947799994,300024.51937099994,3704.006411987654,0.02004,294369.14386199997,32699.83412192028,88.846583,70.6921952,20.196065978909104,0.26664487335631315,14,64,,False,False,Request timeout: 300.0s exceeded,334,21.16838264042747
255,2026-09-14T02:20:34.040+00:00,2026-09-14T02:25:27.947+00:00,2026-09-14T02:25:34.073+00:00,False,87,86.0,,86.0,293907.079491,300032.914243,300032.914306,3448.654187425287,0.0233,293907.079491,31502.516084754407,90.4666139,71.23063665116278,20.215267129298944,0.2866352187291946,14,64,,False,False,Request timeout: 300.0s exceeded,378,21.16838264042747
256,2026-09-14T02:20:37.308+00:00,2026-09-14T02:25:31.619+00:00,2026-09-14T02:25:37.388+00:00,False,85,84.0,,84.0,294311.136722,300080.084434,300080.08445900003,3530.353934811765,0.03347,294311.136722,31915.0820986319,88.2313538,68.67794895238096,20.417100227650707,0.27992527447610427,14,64,,False,False,Request timeout: 300.0s exceeded,409,21.16838264042747
257,2026-09-14T02:20:39.988+00:00,2026-09-14T02:25:33.688+00:00,2026-09-14T02:25:40.038+00:00,False,94,93.0,,93.0,293699.843414,300050.077782,300050.077943,3192.0221057765957,0.03517,293699.843414,30285.78944915434,87.44693864999999,68.28208997849462,19.72938753255914,0.3099482615950819,14,64,,False,False,Request timeout: 300.0s exceeded,182,21.16838264042747
258,2026-09-14T02:20:43.672+00:00,2026-09-14T02:25:37.595+00:00,2026-09-14T02:25:43.715+00:00,False,89,88.0,,88.0,293923.363784,300043.356872,300043.35673,3371.2736711235952,0.09828,293923.363784,31148.44845003377,87.7259244,69.545376,19.436836800693044,0.29329094607330786,14,64,,False,False,Request timeout: 300.0s exceeded,432,21.16838264042747
259,2026-09-14T02:20:46.552+00:00,2026-09-14T02:25:40.415+00:00,2026-09-14T02:25:46.638+00:00,False,92,91.0,,91.0,293863.129233,300085.968785,300085.968774,3261.8040084130434,0.03574,293863.129233,30630.226393645098,88.83520755,68.38285221978022,20.366084495096374,0.3032464342416422,14,64,,False,False,Request timeout: 300.0s exceeded,258,21.16838264042747
260,2026-09-14T02:20:50.851+00:00,2026-09-14T02:25:44.724+00:00,2026-09-14T02:25:50.936+00:00,False,87,86.0,,86.0,293872.810587,300084.132699,300084.13266199996,3449.2429041609194,0.03557,293872.810587,31498.734806865992,88.108068,72.22467572093024,19.08911384786237,0.28658629573814376,14,64,,False,False,Request timeout: 300.0s exceeded,446,21.16838264042747
261,2026-09-14T02:20:55.296+00:00,2026-09-14T02:25:49.244+00:00,2026-09-14T02:25:55.331+00:00,False,96,95.0,,95.0,293948.474163,300034.881075,300034.881137,3125.3633451770834,0.0,293948.474163,29994.530071763576,88.76893725,64.06744117894736,68.94864167639541,0.31662985203461314,14,64,,False,False,Request timeout: 300.0s exceeded,499,21.16838264042747
262,2026-09-14T02:21:00.026+00:00,2026-09-14T02:25:53.769+00:00,2026-09-14T02:26:00.069+00:00,False,94,93.0,,93.0,293742.984859,300042.590107,300042.590103,3191.9424479042555,0.024820000000000002,293742.984859,30290.296162113304,91.95230815,67.73769083870968,21.026037031595035,0.30995599646981686,14,64,,False,False,Request timeout: 300.0s exceeded,458,21.16838264042747
263,2026-09-14T02:21:02.954+00:00,2026-09-14T02:25:56.674+00:00,2026-09-14T02:26:02.978+00:00,False,93,92.0,,92.0,293719.684169,300023.549513,300023.54955500003,3226.059672634409,0.02277,293719.684169,30450.213833398357,89.1925216,68.52027547826087,20.20040073689137,0.30664259572068575,14,64,,False,False,Request timeout: 300.0s exceeded,484,21.16838264042747
264,2026-09-14T02:21:07.164+00:00,2026-09-14T02:26:00.803+00:00,2026-09-14T02:26:07.190+00:00,False,92,91.0,,91.0,293638.205553,300025.84766499995,300025.847633,3261.15051775,0.0229,293638.205553,30606.587589092866,89.07319665000001,70.19386936263736,20.23880108727227,0.30330720072361206,14,64,,False,False,Request timeout: 300.0s exceeded,396,21.16838264042747
265,2026-09-14T02:21:11.277+00:00,2026-09-14T02:26:05.273+00:00,2026-09-14T02:26:11.309+00:00,False,90,89.0,,89.0,293996.027101,300031.947485,300031.94751200004,3333.688305688889,0.03797,293996.027101,30982.76029784482,91.29340645,67.81933015730338,20.633851312939303,0.2966350775177018,14,64,,False,False,Request timeout: 300.0s exceeded,387,21.16838264042747
266,2026-09-14T02:21:15.866+00:00,2026-09-14T02:26:09.771+00:00,2026-09-14T02:26:15.905+00:00,False,88,87.0,,87.0,293904.852326,300038.677094,300038.67708,3409.5304213636364,0.08847,293904.852326,31322.852733340715,90.11266649999999,70.50373296551724,19.38313739875971,0.28996261696202424,14,64,,False,False,Request timeout: 300.0s exceeded,273,21.16838264042747
267,2026-09-14T02:21:19.065+00:00,2026-09-14T02:26:13.083+00:00,2026-09-14T02:26:19.071+00:00,False,91,90.0,,90.0,294018.137956,300005.56042,300005.56036,3296.7643995604394,0.03522,294018.137956,30814.50855352364,89.32862649999998,66.52691626666666,20.729596639625747,0.299994439683059,14,64,,False,False,Request timeout: 300.0s exceeded,388,21.16838264042747
268,2026-09-14T02:21:23.042+00:00,2026-09-14T02:26:16.943+00:00,2026-09-14T02:26:23.057+00:00,False,94,93.0,,93.0,293901.521584,300014.76728,300014.767253,3191.6464601382977,0.03778,293901.521584,30306.854667528154,90.8133288,65.73382468817205,21.043058953515445,0.3099847412284352,14,64,,False,False,Request timeout: 300.0s exceeded,428,21.16838264042747
269,2026-09-14T02:21:27.581+00:00,2026-09-14T02:26:21.380+00:00,2026-09-14T02:26:27.639+00:00,False,91,90.0,,90.0,293798.699293,300057.801757,300057.801814,3297.3384814725273,0.01986,293798.699293,30791.188419346694,89.12832149999998,69.54558293333334,20.312784722194955,0.299942209377665,14,64,,False,False,Request timeout: 300.0s exceeded,346,21.16838264042747
270,2026-09-14T02:21:31.134+00:00,2026-09-14T02:26:24.677+00:00,2026-09-14T02:26:31.174+00:00,False,99,98.0,,98.0,293543.486215,300040.038663,300040.038753,3030.707462151515,0.0364,293543.486215,29495.575126339547,90.1451809,66.29135151020408,20.788365108128076,0.326623074829263,14,64,,False,False,Request timeout: 300.0s exceeded,440,21.16838264042747
271,2026-09-14T02:21:35.419+00:00,2026-09-14T02:26:28.858+00:00,2026-09-14T02:26:35.436+00:00,False,97,96.0,,96.0,293438.453297,300017.01636899996,300017.016212,3092.9589300206185,0.038829999999999996,293438.453297,29787.2095062319,87.78165400000002,68.52669866666668,19.800335059169967,0.319981850235877,14,64,,False,False,Request timeout: 300.0s exceeded,398,21.16838264042747
272,2026-09-14T02:21:38.046+00:00,2026-09-14T02:26:31.503+00:00,2026-09-14T02:26:38.068+00:00,False,98,97.0,,97.0,293457.676478,300022.431422,300022.431402,3061.453381653061,0.023710000000000002,293457.676478,29636.87200397712,88.34254570000002,67.67788602061856,19.944221311312173,0.3233091590527227,14,64,,False,False,Request timeout: 300.0s exceeded,471,21.16838264042747
273,2026-09-14T02:21:42.680+00:00,2026-09-14T02:26:36.614+00:00,2026-09-14T02:26:42.726+00:00,False,93,92.0,,92.0,293934.33029199997,300046.335668,300046.33553399995,3226.30468316129,0.042570000000000004,293934.33029199997,30472.687934695354,87.40841759999999,66.43484104347826,20.337795326329804,0.3066193086317095,14,64,,False,False,Request timeout: 300.0s exceeded,323,21.16838264042747
274,2026-09-14T02:21:46.312+00:00,2026-09-14T02:26:39.028+00:00,2026-09-14T02:26:46.457+00:00,False,105,104.0,,104.0,292716.617476,300144.643588,300144.643729,2858.5204164666666,0.02727,292716.617476,28559.304766832116,90.54945220000002,71.423328,57.90372144320313,0.34649960351369075,14,64,,False,False,Request timeout: 300.0s exceeded,435,21.16838264042747
275,2026-09-14T02:21:48.726+00:00,2026-09-14T02:26:42.682+00:00,2026-09-14T02:26:48.765+00:00,False,99,98.0,,98.0,293955.494991,300038.26055899996,300038.26057499996,3030.6895007575754,0.0,293955.494991,29537.47041324665,89.88163890000001,62.069036408163264,64.51595523217036,0.32662501048171866,14,64,,False,False,Request timeout: 300.0s exceeded,336,21.16838264042747
276,2026-09-14T02:21:51.582+00:00,2026-09-14T02:26:45.391+00:00,2026-09-14T02:26:51.638+00:00,False,101,100.0,,100.0,293808.727323,300055.101211,300055.10112,2970.842585346535,0.0,293808.727323,29228.914976547196,89.72938099999999,62.46373888,63.96968069301394,0.3332721210084663,14,64,,False,False,Request timeout: 300.0s exceeded,339,21.16838264042747
277,2026-09-14T02:21:56.319+00:00,2026-09-14T02:26:49.897+00:00,2026-09-14T02:26:56.365+00:00,False,98,97.0,,97.0,293577.837482,300046.388906,300046.38895,3061.6978464285717,0.03622,293577.837482,29649.110231225775,88.3395322,66.68609715463917,19.868764715786604,0.3232833441311258,14,64,,False,False,Request timeout: 300.0s exceeded,279,21.16838264042747
278,2026-09-14T02:21:59.186+00:00,2026-09-14T02:26:53.144+00:00,2026-09-14T02:26:59.278+00:00,False,88,87.0,,87.0,293957.964232,300091.919048,300091.919146,3410.1354448409093,0.04075,293957.964232,31328.514244540504,88.9733475,70.50522777011494,19.25769163676567,0.28991117213684203,14,64,,False,False,Request timeout: 300.0s exceeded,194,21.16838264042747
279,2026-09-14T02:22:03.093+00:00,2026-09-14T02:26:56.989+00:00,2026-09-14T02:27:03.159+00:00,False,88,87.0,,87.0,293896.225483,300066.13549899997,300066.13562099996,3409.842450238636,0.02123,293896.225483,31321.88899963576,88.5326107,70.91850593103447,19.555272121027283,0.28993608310821845,14,64,,False,False,Request timeout: 300.0s exceeded,413,21.16838264042747
280,2026-09-14T02:22:06.188+00:00,2026-09-14T02:27:00.226+00:00,2026-09-14T02:27:06.214+00:00,False,88,87.0,,87.0,294037.940225,300026.18547300005,300026.18555700005,3409.3884722386365,0.08095999999999999,294037.940225,31337.21853113181,87.81308134999999,68.83040514942529,19.716472724941042,0.2899746895853172,14,64,,False,False,Request timeout: 300.0s exceeded,427,21.16838264042747
281,2026-09-14T02:22:10.516+00:00,2026-09-14T02:27:04.546+00:00,2026-09-14T02:27:10.544+00:00,False,92,91.0,,91.0,294029.527363,300027.54797099996,300027.547875,3261.168998641304,0.02096,294029.527363,30647.832141918185,88.574487,65.91231437362637,20.330083879712337,0.3033054818312746,14,64,,False,False,Request timeout: 300.0s exceeded,133,21.16838264042747
282,2026-09-14T02:22:13.361+00:00,2026-09-14T02:27:07.230+00:00,2026-09-14T02:27:13.389+00:00,False,95,94.0,,94.0,293869.678903,300028.906295,300028.906364,3158.199014357895,0.044289999999999996,293869.678903,30143.677103584196,87.893344,65.52369565957447,20.362044602216493,0.31330314522286584,14,64,,False,False,Request timeout: 300.0s exceeded,497,21.16838264042747
283,2026-09-14T02:22:16.011+00:00,2026-09-14T02:27:10.163+00:00,2026-09-14T02:27:16.026+00:00,False,89,88.0,,88.0,294152.204696,300015.76693599997,300015.766822,3370.963672157303,0.04683,294152.204696,31173.01537904331,91.74868600000002,66.6313890909091,20.941805620344724,0.29331791758388603,14,64,,False,False,Request timeout: 300.0s exceeded,439,21.16838264042747
284,2026-09-14T02:22:19.575+00:00,2026-09-14T02:27:13.535+00:00,2026-09-14T02:27:19.637+00:00,False,91,90.0,,90.0,293960.068634,300062.76585,300062.765854,3297.3930313626374,0.026510000000000002,293960.068634,30808.286993568265,89.223547,67.80774684444444,20.767492814146497,0.2999372472790929,14,64,,False,False,Request timeout: 300.0s exceeded,397,21.16838264042747
285,2026-09-14T02:22:24.050+00:00,2026-09-14T02:27:17.987+00:00,2026-09-14T02:27:24.085+00:00,False,89,88.0,,88.0,293936.58090600005,300035.3825700001,300035.38279500004,3371.184076348315,0.023219999999999998,293936.58090600005,31149.87504750401,88.3631716,69.30456436363636,19.533963011926446,0.2932987411225377,14,64,,False,False,Request timeout: 300.0s exceeded,430,21.16838264042747
286,2026-09-14T02:22:28.896+00:00,2026-09-14T02:27:22.564+00:00,2026-09-14T02:27:28.927+00:00,False,92,91.0,,91.0,293667.822925,300030.94612499996,300030.946097,3261.2059358369565,0.02135,293667.822925,30609.70267149704,87.703571,69.92443076923077,18.92327158735239,0.30330204658984494,14,64,,False,False,Request timeout: 300.0s exceeded,409,21.16838264042747
287,2026-09-14T02:22:33.295+00:00,2026-09-14T02:27:27.023+00:00,2026-09-14T02:27:33.316+00:00,False,98,97.0,,97.0,293728.477889,300021.64396899997,300021.64385899995,3061.4453455,0.023149999999999997,293728.477889,29664.509889280784,87.91256625,64.87800082474226,19.924424051841818,0.32331000762739176,14,64,,False,False,Request timeout: 300.0s exceeded,330,21.16838264042747
288,2026-09-14T02:22:38.039+00:00,2026-09-14T02:27:31.914+00:00,2026-09-14T02:27:38.119+00:00,False,95,94.0,,94.0,293875.26771100005,300080.52748700004,300080.5272850001,3158.742392473685,0.02146,293875.26771100005,30144.200109781043,88.28324400000001,66.01340187234042,20.135156895570937,0.3132492494171326,14,64,,False,False,Request timeout: 300.0s exceeded,461,21.16838264042747
289,2026-09-14T02:22:41.509+00:00,2026-09-14T02:27:35.319+00:00,2026-09-14T02:27:41.567+00:00,False,90,89.0,,89.0,293809.45328200003,300057.84931400005,300057.849295,3333.9761032777783,0.04385,293809.45328200003,30962.841620749117,89.38614995,70.20669698876405,19.98056524216465,0.2966094711518931,14,64,,False,False,Request timeout: 300.0s exceeded,382,21.16838264042747
290,2026-09-14T02:22:44.715+00:00,2026-09-14T02:27:38.363+00:00,2026-09-14T02:27:44.791+00:00,False,98,97.0,,97.0,293648.08916399995,300075.4668279999,300075.4666989999,3061.9945581530606,0.0,293648.08916399995,29656.32039494667,91.62459405,66.26162540206185,68.09967569466204,0.32325201731869463,14,64,,False,False,Request timeout: 300.0s exceeded,452,21.16838264042747
291,2026-09-14T02:22:47.764+00:00,2026-09-14T02:27:41.643+00:00,2026-09-14T02:27:47.807+00:00,False,98,97.0,,97.0,293879.01600700006,300043.06797500007,300043.06791900005,3061.6639583571437,0.0,293879.01600700006,29679.922730607854,90.49424385,63.54692750515464,68.55508629398419,0.3232869222897099,14,64,,False,False,Request timeout: 300.0s exceeded,455,21.16838264042747
292,2026-09-14T02:22:52.081+00:00,2026-09-14T02:27:45.783+00:00,2026-09-14T02:27:52.098+00:00,False,91,90.0,,90.0,293702.23288200004,300016.78571400006,300016.785816,3296.887756219781,0.02289,293702.23288200004,30781.011496695108,89.47752650000001,70.16169813333335,20.4490437755081,0.29998321522514804,14,64,,False,False,Request timeout: 300.0s exceeded,493,21.16838264042747
293,2026-09-14T02:22:56.481+00:00,2026-09-14T02:27:49.887+00:00,2026-09-14T02:27:56.496+00:00,False,97,96.0,,96.0,293406.02299900004,300015.183191,300015.18328100006,3092.940033824743,0.0395,293406.02299900004,29783.884374432466,88.337002,68.84541866666667,19.840918412571988,0.3199838054158849,14,64,,False,False,Request timeout: 300.0s exceeded,398,21.16838264042747
294,2026-09-14T02:23:00.725+00:00,2026-09-14T02:27:54.490+00:00,2026-09-14T02:28:00.758+00:00,False,95,94.0,,94.0,293764.853233,300033.21598499996,300033.21579499997,3158.2443767894733,0.03436,293764.853233,30132.80329713053,88.9210051,66.68471012765957,20.651944154350154,0.31329864492303244,14,64,,False,False,Request timeout: 300.0s exceeded,458,21.16838264042747
295,2026-09-14T02:23:04.634+00:00,2026-09-14T02:27:58.127+00:00,2026-09-14T02:28:04.683+00:00,False,98,97.0,,97.0,293492.60452999995,300049.10244999995,300049.102653,3061.72553727551,0.05484000000000001,293492.60452999995,29640.40902794166,89.4890189,67.59276206185568,20.183226703466065,0.3232804204643939,14,64,,False,False,Request timeout: 300.0s exceeded,317,21.16838264042747
296,2026-09-14T02:23:08.118+00:00,2026-09-14T02:28:01.650+00:00,2026-09-14T02:28:08.152+00:00,False,97,96.0,,96.0,293531.386429,300033.809213,300033.809117,3093.1320527525772,0.02007,293531.386429,29796.726500670742,89.2405776,67.73357066666667,20.60036000584431,0.31996394090323227,14,64,,False,False,Request timeout: 300.0s exceeded,446,21.16838264042747
297,2026-09-14T02:23:11.018+00:00,2026-09-14T02:28:04.603+00:00,2026-09-14T02:28:11.077+00:00,False,96,95.0,,95.0,293584.638549,300059.255637,300059.255535,3125.61724515625,0.01751,293584.638549,29956.90772873743,89.95418074999999,68.15386408421053,20.52114278189129,0.31660413140172317,14,64,,False,False,Request timeout: 300.0s exceeded,449,21.16838264042747
298,2026-09-14T02:23:14.414+00:00,2026-09-14T02:28:07.974+00:00,2026-09-14T02:28:14.686+00:00,False,60,59.0,,59.0,293559.504213,300271.526229,300271.526208,5004.5254368000005,0.03498,293559.504213,37885.245645387804,92.5775405,113.76308501694915,347.12653185370266,0.1964888270991238,14,64,,False,False,Request timeout: 300.0s exceeded,177,21.16838264042747
299,2026-09-14T02:23:19.055+00:00,2026-09-14T02:28:14.636+00:00,2026-09-14T02:28:19.084+00:00,False,72,71.0,,71.0,295580.398208,300029.090688,300029.090496,4167.070701333333,0.01766,295580.398208,34827.110142500664,96.24462094999998,62.657640563380276,27.136033217759163,0.23664371957128927,14,64,,False,False,Request timeout: 300.0s exceeded,297,21.16838264042747
300,2026-09-14T02:23:23.766+00:00,2026-09-14T02:28:17.293+00:00,2026-09-14T02:28:23.788+00:00,False,93,92.0,,92.0,293526.617679,300022.166863,300022.166787,3226.0448041612904,0.03318,293526.617679,30429.977038891284,87.9955366,70.60379547826088,19.127627794284688,0.30664400888088456,14,64,,False,False,Request timeout: 300.0s exceeded,417,21.16838264042747
301,2026-09-14T02:23:28.425+00:00,2026-09-14T02:28:21.914+00:00,2026-09-14T02:28:28.502+00:00,False,97,96.0,,96.0,293488.93679500005,300076.4411790001,300076.44116900006,3093.5715584432996,0.03338,293488.93679500005,29792.32640028092,89.66402059999999,68.61983733333332,20.58970542960402,0.31991848351312113,14,64,,False,False,Request timeout: 300.0s exceeded,459,21.16838264042747
302,2026-09-14T02:23:32.817+00:00,2026-09-14T02:28:26.456+00:00,2026-09-14T02:28:32.901+00:00,False,96,95.0,,95.0,293638.16033600003,300083.427792,300083.42765,3125.8690380208336,0.021969000000000002,293638.16033600003,29962.40210253811,89.22582675,67.84492058947367,20.957871888082554,0.31657862848010504,14,64,,False,False,Request timeout: 300.0s exceeded,499,21.16838264042747
303,2026-09-14T02:23:36.041+00:00,2026-09-14T02:28:29.794+00:00,2026-09-14T02:28:36.067+00:00,False,88,87.0,,87.0,293753.085047,300026.72293499997,300026.723053,3409.394580147727,0.03465,293753.085047,31306.50306300849,89.2224565,72.11078032183907,19.52126069557545,0.28997417013033316,14,64,,False,False,Request timeout: 300.0s exceeded,215,21.16838264042747
304,2026-09-14T02:23:38.998+00:00,2026-09-14T02:28:33.152+00:00,2026-09-14T02:28:39.086+00:00,False,90,89.0,,89.0,294154.13064499997,300087.606997,300087.60692899994,3334.3067436555552,0.0,294154.13064499997,30999.614483046957,89.35145095,66.66827361797753,68.15024513058628,0.2965800583723863,14,64,,False,False,Request timeout: 300.0s exceeded,439,21.16838264042747
305,2026-09-14T02:23:43.373+00:00,2026-09-14T02:28:37.768+00:00,2026-09-14T02:28:43.391+00:00,False,93,92.0,,92.0,294395.654111,300017.988831,300017.988792,3225.999879483871,0.0,294395.654111,30521.08257634715,87.9183122,61.11233391304348,27.64619876086454,0.30664827918643095,14,64,,False,False,Request timeout: 300.0s exceeded,137,21.16838264042747
306,2026-09-14T02:23:47.707+00:00,2026-09-14T02:28:41.550+00:00,2026-09-14T02:28:47.728+00:00,False,92,91.0,,91.0,293843.067713,300020.616769,300020.616842,3261.093661326087,0.028649,293843.067713,30628.186664242177,89.81409405000001,67.88515446153846,20.27422931224379,0.3033124889216036,14,64,,False,False,Request timeout: 300.0s exceeded,366,21.16838264042747
307,2026-09-14T02:23:51.383+00:00,2026-09-14T02:28:44.906+00:00,2026-09-14T02:28:51.434+00:00,False,98,97.0,,97.0,293523.107894,300050.958646,300050.958754,3061.744477081633,0.023469999999999998,293523.107894,29643.52006032428,89.16408925,67.29743043298969,20.026679755878277,0.32327842056468997,14,64,,False,False,Request timeout: 300.0s exceeded,129,21.16838264042747
308,2026-09-14T02:23:54.778+00:00,2026-09-14T02:28:48.655+00:00,2026-09-14T02:28:54.862+00:00,False,94,93.0,,93.0,293877.024901,300084.643717,300084.643777,3192.3898274148937,0.023440000000000003,293877.024901,30304.22318378131,90.00471064999999,66.74858941935484,20.780325726801635,0.3099125594967307,14,64,,False,False,Request timeout: 300.0s exceeded,139,21.16838264042747
309,2026-09-14T02:23:57.556+00:00,2026-09-14T02:28:51.438+00:00,2026-09-14T02:28:57.608+00:00,False,93,92.0,,92.0,293881.879314,300052.37173,300052.371668,3226.3695878279573,0.01898,293881.879314,30467.183627280003,89.54261720000001,67.07056973913043,21.12018909884828,0.3066131404646438,14,64,,False,False,Request timeout: 300.0s exceeded,279,21.16838264042747
310,2026-09-14T02:24:01.887+00:00,2026-09-14T02:28:55.415+00:00,2026-09-14T02:29:01.947+00:00,False,96,95.0,,95.0,293528.153384,300059.950888,300059.950956,3125.624489125,0.0312,293528.153384,29951.081252804946,89.639191,68.7557632,20.44278554837075,0.31660339781719016,14,64,,False,False,Request timeout: 300.0s exceeded,458,21.16838264042747
311,2026-09-14T02:24:05.550+00:00,2026-09-14T02:28:59.034+00:00,2026-09-14T02:29:05.561+00:00,False,97,96.0,,96.0,293484.00737999997,300011.52558799996,300011.5255,3092.902324742268,0.019370000000000002,293484.00737999997,29791.889794241095,90.9190258,67.99498133333333,21.245299654027047,0.3199877065117656,14,64,,False,False,Request timeout: 300.0s exceeded,376,21.16838264042747
312,2026-09-14T02:24:10.384+00:00,2026-09-14T02:29:04.351+00:00,2026-09-14T02:29:10.463+00:00,False,89,88.0,,88.0,293966.434516,300078.827988,300078.82782299997,3371.6722227303367,0.020300000000000002,293966.434516,31153.023603763228,90.80259419999999,69.45901672727274,20.249954705896503,0.2932562773256335,14,64,,False,False,Request timeout: 300.0s exceeded,511,21.16838264042747
313,2026-09-14T02:24:14.210+00:00,2026-09-14T02:29:08.033+00:00,2026-09-14T02:29:14.231+00:00,False,95,94.0,,94.0,293823.005962,300020.978186,300020.978128,3158.115559242105,0.03037,293823.005962,30138.845685169395,86.785828,65.93587472340425,19.462091318866836,0.31331142431554926,14,64,,False,False,Request timeout: 300.0s exceeded,465,21.16838264042747
314,2026-09-14T02:24:17.720+00:00,2026-09-14T02:29:11.494+00:00,2026-09-14T02:29:17.753+00:00,False,96,95.0,,95.0,293774.458567,300033.390279,300033.390455,3125.3478172395835,0.04506,293774.458567,29976.51267027141,87.7689625,65.88349170526315,20.228233414685835,0.3166314252945642,14,64,,False,False,Request timeout: 300.0s exceeded,416,21.16838264042747
315,2026-09-14T02:24:20.434+00:00,2026-09-14T02:29:13.921+00:00,2026-09-14T02:29:20.477+00:00,False,101,100.0,,100.0,293487.532954,300043.483034,300043.483204,2970.7275564752476,0.047880000000000006,293487.532954,29196.584846327616,89.90591,65.5595008,20.67262640602543,0.3332850258529639,14,64,,False,False,Request timeout: 300.0s exceeded,356,21.16838264042747
316,2026-09-14T02:24:24.547+00:00,2026-09-14T02:29:18.011+00:00,2026-09-14T02:29:24.633+00:00,False,95,94.0,,94.0,293464.70082599996,300086.077594,300086.07766799995,3158.8008175578943,0.026539999999999998,293464.70082599996,30101.622601794854,90.31343639999999,70.44017838297873,20.035472101294264,0.3132434558566121,14,64,,False,False,Request timeout: 300.0s exceeded,429,21.16838264042747
317,2026-09-14T02:24:28.442+00:00,2026-09-14T02:29:22.248+00:00,2026-09-14T02:29:28.469+00:00,False,87,86.0,,86.0,293806.162727,300026.893095,300026.89311500004,3448.5849783333333,0.021920000000000002,293806.162727,31491.57755225623,88.3477317,72.33407404651163,18.876774157779113,0.28664097112377557,14,64,,False,False,Request timeout: 300.0s exceeded,419,21.16838264042747
318,2026-09-14T02:24:31.902+00:00,2026-09-14T02:29:26.045+00:00,2026-09-14T02:29:31.988+00:00,False,87,86.0,,86.0,294142.828829,300085.657629,300085.657494,3449.260430965517,0.02007,294142.828829,31528.01893092666,88.72189129999998,69.10266046511627,19.77831209693685,0.28658483940716345,14,64,,False,False,Request timeout: 300.0s exceeded,473,21.16838264042747
319,2026-09-14T02:24:36.364+00:00,2026-09-14T02:29:30.058+00:00,2026-09-14T02:29:36.405+00:00,False,102,101.0,,101.0,293694.435619,300041.771043,300041.77111,2941.58599127451,0.0,293694.435619,29073.928197486483,88.77318,62.844905188118815,63.37533847750779,0.3366197967999774,14,64,,False,False,Request timeout: 300.0s exceeded,512,21.16838264042747
320,2026-09-14T02:24:39.918+00:00,2026-09-14T02:29:33.505+00:00,2026-09-14T02:29:39.953+00:00,False,100,99.0,,99.0,293586.41738999996,300035.10730999993,300035.10739699996,3000.3510739699996,0.023710000000000002,293586.41738999996,29352.135086643662,89.57711345,65.13828202020201,20.628984391287,0.32996138647772305,14,64,,False,False,Request timeout: 300.0s exceeded,512,21.16838264042747
321,2026-09-14T02:24:44.734+00:00,2026-09-14T02:29:38.475+00:00,2026-09-14T02:29:44.768+00:00,False,93,92.0,,92.0,293740.87692799995,300034.36121599993,300034.36121199996,3226.1759270107523,0.02299,293740.87692799995,30452.423312757008,89.364103,68.40743791304348,20.491432252980328,0.3066315458907309,14,64,,False,False,Request timeout: 300.0s exceeded,423,21.16838264042747
322,2026-09-14T02:24:47.844+00:00,2026-09-14T02:29:41.514+00:00,2026-09-14T02:29:47.896+00:00,False,101,100.0,,100.0,293670.11319,300052.48247,300052.482457,2970.816657990099,0.049280000000000004,293670.11319,29214.924950664736,90.163099,63.823692799999996,20.639525574216925,0.3332750296775107,14,64,,False,False,Request timeout: 300.0s exceeded,417,21.16838264042747
323,2026-09-14T02:24:52.505+00:00,2026-09-14T02:29:46.102+00:00,2026-09-14T02:29:52.519+00:00,False,101,100.0,,100.0,293597.685747,300013.969139,300013.969202,2970.4353386336634,0.03892,293597.685747,29207.68509249655,91.13371799999999,64.16283392,21.597685834374527,0.3333178127904732,14,64,,False,False,Request timeout: 300.0s exceeded,485,21.16838264042747
324,2026-09-14T02:24:56.265+00:00,2026-09-14T02:29:49.849+00:00,2026-09-14T02:29:56.343+00:00,False,93,92.0,,92.0,293583.707589,300078.090181,300078.090039,3226.646129451613,0.0371,293583.707589,30435.898707656317,90.3266796,70.59111513043479,19.771623863099315,0.30658686192153445,14,64,,False,False,Request timeout: 300.0s exceeded,388,21.16838264042747
325,2026-09-14T02:24:59.971+00:00,2026-09-14T02:29:53.837+00:00,2026-09-14T02:30:00.027+00:00,False,91,90.0,,90.0,293866.47802499996,300056.32839299995,300056.32825799996,3297.32228854945,0.019620000000000002,293866.47802499996,30798.374471821186,90.4498385,68.7761152,20.69247340339423,0.29994368218130746,14,64,,False,False,Request timeout: 300.0s exceeded,417,21.16838264042747
326,2026-09-14T02:25:04.181+00:00,2026-09-14T02:29:58.337+00:00,2026-09-14T02:30:04.239+00:00,False,84,83.0,,83.0,294155.709097,300057.78500100004,300057.785037,3572.1164885357143,0.03719,294155.709097,32087.266933520114,90.6953163,71.10934824096387,20.515647263562805,0.2766133863173168,14,64,,False,False,Request timeout: 300.0s exceeded,394,21.16838264042747
327,2026-09-14T02:25:08.164+00:00,2026-09-14T02:30:01.800+00:00,2026-09-14T02:30:08.201+00:00,False,94,93.0,,93.0,293635.753148,300037.094076,300037.094075,3191.8839795212766,0.03324,293635.753148,30279.122843228506,89.38219414999999,68.83162288172042,20.458560247309904,0.30996167419366794,14,64,,False,False,Request timeout: 300.0s exceeded,370,21.16838264042747
328,2026-09-14T02:25:12.016+00:00,2026-09-14T02:30:05.775+00:00,2026-09-14T02:30:12.082+00:00,False,93,92.0,,92.0,293758.31132,300065.643672,300065.64368499996,3226.5122976881717,0.033549999999999996,293758.31132,30454.21573400263,89.19042619999999,68.5579603478261,20.74216438186076,0.30659957892601886,14,64,,False,False,Request timeout: 300.0s exceeded,403,21.16838264042747
329,2026-09-14T02:25:15.688+00:00,2026-09-14T02:30:09.131+00:00,2026-09-14T02:30:15.745+00:00,False,100,99.0,,99.0,293443.331899,300057.520187,300057.520286,3000.57520286,0.03183,293443.331899,29337.65894698833,88.9347014,66.8099827070707,20.010594809804946,0.32993673992340483,14,64,,False,False,Request timeout: 300.0s exceeded,460,21.16838264042747
330,2026-09-14T02:25:20.043+00:00,2026-09-14T02:30:13.539+00:00,2026-09-14T02:30:20.076+00:00,False,99,98.0,,98.0,293496.75092900003,300033.318993,300033.31892100006,3030.6395850606064,0.02414,293496.75092900003,29490.83633368864,87.89981590000001,66.69967412244898,19.78519745093698,0.326630390014405,14,64,,False,False,Request timeout: 300.0s exceeded,440,21.16838264042747
331,2026-09-14T02:25:24.564+00:00,2026-09-14T02:30:17.957+00:00,2026-09-14T02:30:24.623+00:00,False,97,96.0,,96.0,293392.96937199996,300058.58524399996,300058.585041,3093.3874746494844,0.04381,293392.96937199996,29782.499503034796,88.4129598,69.43349866666667,20.191957089015464,0.31993752127417135,14,64,,False,False,Request timeout: 300.0s exceeded,458,21.16838264042747
332,2026-09-14T02:25:27.845+00:00,2026-09-14T02:30:21.506+00:00,2026-09-14T02:30:28.106+00:00,False,88,87.0,,87.0,293661.14174800005,300260.77925200004,300260.77931700007,3412.0543104204553,0.02257,293661.14174800005,31296.360796317374,90.66389725,75.8579023448276,63.84938025764064,0.2897481323292759,14,64,,False,False,Request timeout: 300.0s exceeded,386,21.16838264042747
333,2026-09-14T02:25:30.794+00:00,2026-09-14T02:30:24.791+00:00,2026-09-14T02:30:30.804+00:00,False,97,96.0,,96.0,293996.85591000004,300009.857382,300009.857397,3092.8851278041243,0.0,293996.85591000004,29844.569695511225,92.2217394,62.635432,65.59718438863011,0.3199894858046748,14,64,,False,False,Request timeout: 300.0s exceeded,446,21.16838264042747
334,2026-09-14T02:25:34.566+00:00,2026-09-14T02:30:28.617+00:00,2026-09-14T02:30:34.580+00:00,False,93,92.0,,92.0,294051.218779,300014.404955,300014.40509,3225.961345053763,0.02965,294051.218779,30484.9770455505,90.319591,64.81724104347826,21.234984246278618,0.30665194230856796,14,64,,False,False,Request timeout: 300.0s exceeded,403,21.16838264042747
335,2026-09-14T02:25:38.185+00:00,2026-09-14T02:30:31.845+00:00,2026-09-14T02:30:38.238+00:00,False,93,92.0,,92.0,293660.373007,300052.78260700003,300052.782613,3226.374006591398,0.0345,293660.373007,30443.96370558772,87.9431466,69.48271304347827,20.126991827222124,0.3066127206042238,14,64,,False,False,Request timeout: 300.0s exceeded,288,21.16838264042747
336,2026-09-14T02:25:41.080+00:00,2026-09-14T02:30:34.912+00:00,2026-09-14T02:30:41.168+00:00,False,95,94.0,,94.0,293832.18768699997,300088.64311099995,300088.64313,3158.827822421052,0.02705,293832.18768699997,30139.724524532896,89.444863,66.55803642553191,20.449730540115123,0.31324077787652327,14,64,,False,False,Request timeout: 300.0s exceeded,439,21.16838264042747
337,2026-09-14T02:25:44.096+00:00,2026-09-14T02:30:37.857+00:00,2026-09-14T02:30:44.171+00:00,False,95,94.0,,94.0,293760.42867,300075.209086,300075.2093,3158.6864136842105,0.05004,293760.42867,30132.2982696483,88.8777634,67.17851506382979,20.03324930419646,0.31325480130902816,14,64,,False,False,Request timeout: 300.0s exceeded,437,21.16838264042747
338,2026-09-14T02:25:47.260+00:00,2026-09-14T02:30:40.388+00:00,2026-09-14T02:30:47.332+00:00,False,104,103.0,,103.0,293127.57551700005,300071.55145300005,300071.55148900003,2885.3033797019234,0.028030000000000003,293127.57551700005,28736.919909074513,88.1318375,67.41724209708738,20.309650900991425,0.34325146619616426,14,64,,False,False,Request timeout: 300.0s exceeded,480,21.16838264042747
339,2026-09-14T02:25:51.526+00:00,2026-09-14T02:30:44.992+00:00,2026-09-14T02:30:51.702+00:00,False,99,98.0,,98.0,293465.37231699994,300176.11766099994,300176.11751999997,3032.0819951515145,0.04486,293465.37231699994,29487.50419724271,88.02820990000001,68.47699330612245,20.023474259822326,0.3264750066181982,14,64,,False,False,Request timeout: 300.0s exceeded,464,21.16838264042747
340,2026-09-14T02:25:54.346+00:00,2026-09-14T02:30:48.283+00:00,2026-09-14T02:30:54.362+00:00,False,92,91.0,,91.0,293937.253195,300016.022091,300016.022223,3261.043719815217,0.01705,293937.253195,30638.11965310023,90.19106814999999,66.7996581978022,20.734950498711214,0.3033171340842528,14,64,,False,False,Request timeout: 300.0s exceeded,344,21.16838264042747
341,2026-09-14T02:25:58.954+00:00,2026-09-14T02:30:52.932+00:00,2026-09-14T02:30:58.969+00:00,False,87,86.0,,86.0,293977.596395,300014.765291,300014.765321,3448.445578402299,0.04641,293977.596395,31510.18677663233,88.536366,70.1996383255814,20.141176042582977,0.2866525583052024,14,64,,False,False,Request timeout: 300.0s exceeded,414,21.16838264042747
342,2026-09-14T02:26:01.709+00:00,2026-09-14T02:30:54.711+00:00,2026-09-14T02:31:01.741+00:00,False,102,101.0,,101.0,293001.797337,300031.596505,300031.59653800004,2941.4862405686276,0.016579999999999998,293001.797337,29004.616136508455,89.95505354999999,69.60197196039604,19.940491363976015,0.33663121210074565,14,64,,False,False,Request timeout: 300.0s exceeded,536,21.16838264042747
343,2026-09-14T02:26:06.185+00:00,2026-09-14T02:30:59.477+00:00,2026-09-14T02:31:06.196+00:00,False,99,98.0,,98.0,293291.811769,300011.163321,300011.163545,3030.4157933838387,0.06759,293291.811769,29470.052329791517,89.00147499999999,68.56481175510204,20.67663802004811,0.3266545115027733,14,64,,False,False,Request timeout: 300.0s exceeded,519,21.16838264042747
344,2026-09-14T02:26:10.185+00:00,2026-09-14T02:31:03.891+00:00,2026-09-14T02:31:10.233+00:00,False,94,93.0,,93.0,293706.146389,300048.293973,300048.293961,3192.003127244681,0.01819,293706.146389,30286.449072900054,90.18430710000001,68.19513531182795,20.56928671665867,0.3099501042601117,14,64,,False,False,Request timeout: 300.0s exceeded,358,21.16838264042747
345,2026-09-14T02:26:14.895+00:00,2026-09-14T02:31:08.784+00:00,2026-09-14T02:31:14.951+00:00,False,94,93.0,,93.0,293889.716297,300056.548937,300056.548779,3192.0909444574468,0.01898,293889.716297,30305.577522615622,89.06744764999999,66.31002838709678,20.908508164283745,0.3099415771109409,14,64,,False,False,Request timeout: 300.0s exceeded,453,21.16838264042747
346,2026-09-14T02:26:18.977+00:00,2026-09-14T02:31:12.385+00:00,2026-09-14T02:31:19.004+00:00,False,102,101.0,,101.0,293407.58314099995,300027.10544499994,300027.105427,2941.442210068627,0.030449999999999998,293407.58314099995,29045.197207862926,88.15399154999999,65.53982479207922,20.06743662765751,0.33663625108203765,14,64,,False,False,Request timeout: 300.0s exceeded,486,21.16838264042747
347,2026-09-14T02:26:23.478+00:00,2026-09-14T02:31:17.041+00:00,2026-09-14T02:31:23.538+00:00,False,106,105.0,,105.0,293562.849917,300059.094141,300059.094103,2830.746170783019,0.0,293562.849917,28507.41251522731,87.69216175,61.86899260952381,66.65331071421706,0.34993107041328236,14,64,,False,False,Request timeout: 300.0s exceeded,172,21.16838264042747
348,2026-09-14T02:26:27.004+00:00,2026-09-14T02:31:21.707+00:00,2026-09-14T02:31:27.009+00:00,False,89,88.0,,88.0,294702.432715,300005.25741900003,300005.257471,3370.8455895617976,0.0,294702.432715,31232.022729997178,88.94269800000001,60.25937163636363,30.599568982081973,0.29332819283595246,14,64,,False,False,Request timeout: 300.0s exceeded,357,21.16838264042747
349,2026-09-14T02:26:30.511+00:00,2026-09-14T02:31:24.206+00:00,2026-09-14T02:31:30.538+00:00,False,90,89.0,,89.0,293694.292858,300026.808186,300026.80805,3333.631200555555,0.032350000000000004,293694.292858,30950.602774960735,88.58616894999999,71.15185761797753,19.592602123791117,0.29664015871816674,14,64,,False,False,Request timeout: 300.0s exceeded,389,21.16838264042747
350,2026-09-14T02:26:33.631+00:00,2026-09-14T02:31:27.491+00:00,2026-09-14T02:31:33.645+00:00,False,89,88.0,,88.0,293859.660732,300013.99314800004,300013.99304100004,3370.943742033708,0.04516,293859.660732,31141.654324195817,88.15681000000001,69.93559563636364,19.020911709794134,0.2933196517823376,14,64,,False,False,Request timeout: 300.0s exceeded,410,21.16838264042747
351,2026-09-14T02:26:37.439+00:00,2026-09-14T02:31:31.043+00:00,2026-09-14T02:31:37.456+00:00,False,94,93.0,,93.0,293604.09013599996,300017.34939999995,300017.34936799994,3191.673929446808,0.040240000000000005,293604.09013599996,30275.843159040174,87.83571065,68.95977703225806,19.420125910270777,0.30998207332339034,14,64,,False,False,Request timeout: 300.0s exceeded,380,21.16838264042747
352,2026-09-14T02:26:41.729+00:00,2026-09-14T02:31:34.826+00:00,2026-09-14T02:31:41.769+00:00,False,105,104.0,,104.0,293096.545941,300039.267477,300039.267465,2857.5168329999997,0.017709,293096.545941,28596.786588935436,89.09159340000001,66.75693784615385,20.591763403797998,0.34662129685399357,14,64,,False,False,Request timeout: 300.0s exceeded,432,21.16838264042747
353,2026-09-14T02:26:45.893+00:00,2026-09-14T02:31:39.648+00:00,2026-09-14T02:31:46.554+00:00,False,107,106.0,,106.0,293755.163055,300660.708783,300660.7088,2809.91316635514,0.027100000000000003,293755.163055,28392.09296624571,89.0696523,65.14665781132075,20.643922434728093,0.35255687525337687,14,64,,False,False,Request timeout: 300.0s exceeded,235,21.16838264042747
354,2026-09-14T02:26:48.789+00:00,2026-09-14T02:31:42.331+00:00,2026-09-14T02:31:48.855+00:00,False,102,101.0,,101.0,293541.485369,300066.291001,300066.290878,2941.8263811568627,0.018690000000000002,293541.485369,29058.548531863547,88.83799109999998,64.60203596039604,20.32310962476261,0.33659228986725276,14,64,,False,False,Request timeout: 300.0s exceeded,245,21.16838264042747
355,2026-09-14T02:26:53.416+00:00,2026-09-14T02:31:47.752+00:00,2026-09-14T02:31:53.443+00:00,False,86,85.0,,85.0,294335.66845999996,300026.26686,300026.26699699997,3488.6775232209297,0.04426,294335.66845999996,31731.818631386734,88.93720225000001,66.94821647058824,20.369064145234336,0.2833085279152015,14,64,,False,False,Request timeout: 300.0s exceeded,294,21.16838264042747
356,2026-09-14T02:26:56.273+00:00,2026-09-14T02:31:50.042+00:00,2026-09-14T02:31:56.300+00:00,False,96,95.0,,95.0,293768.964719,300026.511727,300026.51172999997,3125.2761638541665,0.04904,293768.964719,29975.953216267844,88.82893275,65.86891587368422,19.883184625164674,0.3166386845387929,14,64,,False,False,Request timeout: 300.0s exceeded,455,21.16838264042747
357,2026-09-14T02:26:59.374+00:00,2026-09-14T02:31:53.223+00:00,2026-09-14T02:31:59.421+00:00,False,91,90.0,,90.0,293848.06065600005,300046.884336,300046.88419000007,3297.218507582418,0.027170000000000003,293848.06065600005,30796.433322803314,91.6668665,68.87581866666667,20.643011856235624,0.2999531229899916,14,64,,False,False,Request timeout: 300.0s exceeded,357,21.16838264042747
358,2026-09-14T02:27:03.112+00:00,2026-09-14T02:31:56.999+00:00,2026-09-14T02:32:05.596+00:00,False,90,89.0,,89.0,293886.712218,302483.64047399996,302483.64067999995,3360.9293408888884,0.03757,293886.712218,30969.393096569886,91.41959094999999,96.59469950561798,273.66594718781477,0.2942307883511803,14,64,,False,False,Request timeout: 300.0s exceeded,264,21.16838264042747
359,2026-09-14T02:27:07.832+00:00,2026-09-14T02:32:01.576+00:00,2026-09-14T02:32:07.865+00:00,False,106,105.0,,105.0,293743.79315499996,300033.165827,300033.16596799996,2830.5015657358485,0.0152,293743.79315499996,28526.22289869293,90.427786,59.89878735238096,254.15496322079014,0.349961310812363,14,64,,False,False,Request timeout: 300.0s exceeded,343,21.16838264042747
360,2026-09-14T02:27:11.048+00:00,2026-09-14T02:32:06.866+00:00,2026-09-14T02:32:11.120+00:00,False,65,64.0,,64.0,295817.92725999997,300072.007772,300072.00775,4616.492426923076,0.057479999999999996,295817.92725999997,36683.45890213482,86.3602952,66.470008,20.056944371677858,0.2132821400942814,14,64,,False,False,Request timeout: 300.0s exceeded,347,21.16838264042747
361,2026-09-14T02:27:15.346+00:00,2026-09-14T02:32:09.159+00:00,2026-09-14T02:32:15.369+00:00,False,95,94.0,,94.0,293813.074407,300022.67978299997,300022.679679,3158.133470305263,0.01932,293813.074407,30137.81442121274,88.34057639999999,66.05963165957448,20.061777372163572,0.313309647350621,14,64,,False,False,Request timeout: 300.0s exceeded,384,21.16838264042747
362,2026-09-14T02:27:19.523+00:00,2026-09-14T02:32:13.279+00:00,2026-09-14T02:32:19.608+00:00,False,96,95.0,,95.0,293755.636063,300084.834143,300084.834032,3125.8836878333336,0.0,293755.636063,29974.58040116909,87.93634225000001,66.62313768421052,65.6043446557876,0.3165771448307496,14,64,,False,False,Request timeout: 300.0s exceeded,309,21.16838264042747
363,2026-09-14T02:27:24.151+00:00,2026-09-14T02:32:18.151+00:00,2026-09-14T02:32:24.158+00:00,False,85,84.0,,84.0,293999.998382,300006.69995000004,300006.699892,3529.490586964706,0.0217,293999.998382,31881.026810638024,90.3748756,71.508352,19.44017637305841,0.2799937468529859,14,64,,False,False,Request timeout: 300.0s exceeded,426,21.16838264042747
364,2026-09-14T02:27:28.357+00:00,2026-09-14T02:32:22.140+00:00,2026-09-14T02:32:28.429+00:00,False,88,87.0,,87.0,293782.49361400004,300071.55089400004,300071.55094800005,3409.9039880454548,0.0345,293782.49361400004,31309.61932531194,92.73143390000001,72.28801471264369,19.830823740723062,0.28993085062813123,14,64,,False,False,Request timeout: 300.0s exceeded,279,21.16838264042747
365,2026-09-14T02:27:31.373+00:00,2026-09-14T02:32:25.014+00:00,2026-09-14T02:32:31.448+00:00,False,90,89.0,,89.0,293640.76877799997,300074.92097,300074.92091499997,3334.165787944444,0.01835,293640.76877799997,30944.84022958367,90.6565635,72.29384485393258,19.210339894186326,0.2965925966498806,14,64,,False,False,Request timeout: 300.0s exceeded,458,21.16838264042747
366,2026-09-14T02:27:34.294+00:00,2026-09-14T02:32:28.087+00:00,2026-09-14T02:32:34.314+00:00,False,91,90.0,,90.0,293792.4363,300019.573324,300019.573257,3296.9183874395603,0.04082,293792.4363,30790.569332729792,89.340837,69.19041137777778,20.64885481925215,0.2999804279529667,14,64,,False,False,Request timeout: 300.0s exceeded,398,21.16838264042747
367,2026-09-14T02:27:37.791+00:00,2026-09-14T02:32:31.320+00:00,2026-09-14T02:32:37.843+00:00,False,95,94.0,,94.0,293529.64400800003,300052.24932000006,300052.24936500005,3158.4447301578953,0.03675,293529.64400800003,30108.393863595902,89.9286397,69.38941821276596,20.674837044769745,0.3132787713240929,14,64,,False,False,Request timeout: 300.0s exceeded,379,21.16838264042747
368,2026-09-14T02:27:41.300+00:00,2026-09-14T02:32:34.995+00:00,2026-09-14T02:32:41.306+00:00,False,95,94.0,,94.0,293695.27182599995,300005.9672499999,300005.9671199999,3157.9575486315784,0.020399999999999998,293695.27182599995,30125.61794538107,89.454801,67.13505770212767,20.284585882324087,0.3133271009961887,14,64,,False,False,Request timeout: 300.0s exceeded,454,21.16838264042747
369,2026-09-14T02:27:45.368+00:00,2026-09-14T02:32:39.132+00:00,2026-09-14T02:32:45.398+00:00,False,96,95.0,,95.0,293764.228608,300030.779904,300030.78010499995,3125.3206260937495,0.01681,293764.228608,29975.460577564918,90.31105899999999,65.96369785263158,20.501822678468173,0.3166341801011113,14,64,,False,False,Request timeout: 300.0s exceeded,458,21.16838264042747
370,2026-09-14T02:27:49.829+00:00,2026-09-14T02:32:43.760+00:00,2026-09-14T02:32:49.862+00:00,False,88,87.0,,87.0,293931.246484,300032.438932,300032.43895,3409.4595335227273,0.02271,293931.246484,31325.706594385792,90.2760027,70.1286488275862,19.78894079955487,0.28996864575606063,14,64,,False,False,Request timeout: 300.0s exceeded,364,21.16838264042747
371,2026-09-14T02:27:53.076+00:00,2026-09-14T02:32:46.931+00:00,2026-09-14T02:32:53.147+00:00,False,90,89.0,,89.0,293855.759529,300071.03991299996,300071.039885,3334.1226653888884,0.02484,293855.759529,30967.761606783373,88.24229695,69.83461105617978,19.43825065925151,0.2965964327174122,14,64,,False,False,Request timeout: 300.0s exceeded,557,21.16838264042747
372,2026-09-14T02:27:55.777+00:00,2026-09-14T02:32:49.612+00:00,2026-09-14T02:32:55.800+00:00,False,90,89.0,,89.0,293834.79779900005,300023.1572230001,300023.1571010001,3333.590634455556,0.02086,293834.79779900005,30965.583369042288,86.79262899999999,69.53212835955057,18.509987060128708,0.29664376851366986,14,64,,False,False,Request timeout: 300.0s exceeded,341,21.16838264042747
373,2026-09-14T02:27:59.396+00:00,2026-09-14T02:32:53.360+00:00,2026-09-14T02:32:59.424+00:00,False,89,88.0,,88.0,293963.77538300003,300027.472535,300027.47251800005,3371.095196831461,0.045759999999999995,293963.77538300003,31152.799616841545,87.08369839999999,68.90564945454545,19.003995051467093,0.2933064737587798,14,64,,False,False,Request timeout: 300.0s exceeded,447,21.16838264042747
374,2026-09-14T02:28:02.311+00:00,2026-09-14T02:32:56.358+00:00,2026-09-14T02:33:02.370+00:00,False,89,88.0,,88.0,294046.77418300003,300058.29315900005,300058.29327900003,3371.4414975168543,0.05114,294046.77418300003,31161.661021662698,88.00629200000002,68.31271563636363,20.132406695216293,0.29327634665097907,14,64,,False,False,Request timeout: 300.0s exceeded,385,21.16838264042747
375,2026-09-14T02:28:05.492+00:00,2026-09-14T02:32:59.006+00:00,2026-09-14T02:33:05.577+00:00,False,97,96.0,,96.0,293514.910342,300085.951622,300085.951627,3093.669604402062,0.01799,293514.910342,29794.98072726371,89.38117979999998,68.44834666666667,20.148104855533425,0.31990834452965444,14,64,,False,False,Request timeout: 300.0s exceeded,475,21.16838264042747
376,2026-09-14T02:28:08.756+00:00,2026-09-14T02:33:02.454+00:00,2026-09-14T02:33:08.800+00:00,False,94,93.0,,93.0,293698.257921,300044.005633,300044.005551,3191.9575058617024,0.08437,293698.257921,30285.631390436014,88.75692500000001,68.23384636559139,20.48481880579886,0.3099545341817404,14,64,,False,False,Request timeout: 300.0s exceeded,364,21.16838264042747
377,2026-09-14T02:28:14.669+00:00,2026-09-14T02:33:06.601+00:00,2026-09-14T02:33:14.756+00:00,False,135,134.0,,134.0,291931.88364899997,300086.55552099994,300086.555572,2222.863374607407,0.0,291931.88364899997,25120.3266630822,90.8979227,60.85576023880597,58.76078467273486,0.4465378322842682,14,64,,False,False,Request timeout: 300.0s exceeded,607,21.16838264042747
378,2026-09-14T02:28:15.820+00:00,2026-09-14T02:33:09.396+00:00,2026-09-14T02:33:15.857+00:00,False,113,112.0,,112.0,293575.247973,300036.887397,300036.88721899997,2655.1936922035397,0.0,293575.247973,27611.881300003544,90.80988659999998,57.69320914285714,63.51526748057285,0.3732874346606752,14,64,,False,False,Request timeout: 300.0s exceeded,169,21.16838264042747
379,2026-09-14T02:28:18.761+00:00,2026-09-14T02:33:12.641+00:00,2026-09-14T02:33:18.823+00:00,False,102,101.0,,101.0,293879.873454,300061.85207799997,300061.852279,2941.782865480392,0.02475,293879.873454,29092.390977939012,90.16902160000001,61.20770914851485,21.657245284977027,0.33659726919816996,14,64,,False,False,Request timeout: 300.0s exceeded,504,21.16838264042747
380,2026-09-14T02:28:23.562+00:00,2026-09-14T02:33:16.946+00:00,2026-09-14T02:33:23.621+00:00,False,96,95.0,,95.0,293383.969014,300059.291126,300059.291109,3125.6176157187497,0.03141,293383.969014,29936.211151313357,89.71854025,70.26654854736842,20.21138450522115,0.3166040939559105,14,64,,False,False,Request timeout: 300.0s exceeded,420,21.16838264042747
381,2026-09-14T02:28:26.992+00:00,2026-09-14T02:33:20.957+00:00,2026-09-14T02:33:27.076+00:00,False,88,87.0,,87.0,293965.41016,300084.17035200004,300084.17035000003,3410.0473903409093,0.047450000000000006,293965.41016,31329.326746466926,89.01282335,70.33057691954022,19.495706030752693,0.2899186581483076,14,64,,False,False,Request timeout: 300.0s exceeded,352,21.16838264042747
382,2026-09-14T02:28:31.292+00:00,2026-09-14T02:33:25.103+00:00,2026-09-14T02:33:31.352+00:00,False,98,97.0,,97.0,293810.890051,300059.983939,300059.98393499997,3061.836570765306,0.02045,293810.890051,29672.880862764065,88.48425485,64.4236483298969,20.21340374269839,0.32326869690068166,14,64,,False,False,Request timeout: 300.0s exceeded,442,21.16838264042747
383,2026-09-14T02:28:35.052+00:00,2026-09-14T02:33:28.292+00:00,2026-09-14T02:33:35.108+00:00,False,107,106.0,,106.0,293239.840929,300055.848097,300055.848097,2804.260262588785,0.03295,293239.840929,28342.35623965551,86.567613,64.30195441509434,20.181450137620075,0.3532675689284785,14,64,,False,False,Request timeout: 300.0s exceeded,486,21.16838264042747
384,2026-09-14T02:28:38.580+00:00,2026-09-14T02:33:32.119+00:00,2026-09-14T02:33:38.612+00:00,False,102,101.0,,101.0,293538.38211299997,300031.24483299995,300031.244861,2941.4827927549018,0.020579999999999998,293538.38211299997,29058.27248999443,87.000427,64.2857695049505,20.194625766801977,0.3366316066722234,14,64,,False,False,Request timeout: 300.0s exceeded,378,21.16838264042747
385,2026-09-14T02:28:41.983+00:00,2026-09-14T02:33:35.594+00:00,2026-09-14T02:33:42.023+00:00,False,102,101.0,,101.0,293611.118582,300039.28216600005,300039.282079,2941.5615890098043,0.028120000000000003,293611.118582,29065.538737852083,88.99181954999999,63.645184,21.378737115246686,0.33662258911858295,14,64,,False,False,Request timeout: 300.0s exceeded,462,21.16838264042747
386,2026-09-14T02:28:45.667+00:00,2026-09-14T02:33:39.497+00:00,2026-09-14T02:33:45.717+00:00,False,93,92.0,,92.0,293829.214845,300049.915261,300049.915248,3226.3431747096774,0.04441,293829.214845,30461.665833167146,86.7199426,67.61630886956522,20.8946572331148,0.30661565066590113,14,64,,False,False,Request timeout: 300.0s exceeded,409,21.16838264042747
387,2026-09-14T02:28:49.944+00:00,2026-09-14T02:33:43.725+00:00,2026-09-14T02:33:49.969+00:00,False,95,94.0,,94.0,293780.88694,300025.154716,300025.154753,3158.1595237157894,0.0368,293780.88694,30134.474268647104,88.8505393,66.42838059574468,20.128654389242353,0.31330706283271215,14,64,,False,False,Request timeout: 300.0s exceeded,420,21.16838264042747
388,2026-09-14T02:28:54.705+00:00,2026-09-14T02:33:48.677+00:00,2026-09-14T02:33:54.728+00:00,False,94,93.0,,93.0,293971.70525,300022.601378,300022.601242,3191.7298004468084,0.02323,293971.70525,30314.161960410933,86.0586248,65.06339922580645,19.925514740181136,0.3099766470020998,14,64,,False,False,Request timeout: 300.0s exceeded,474,21.16838264042747
389,2026-09-14T02:28:57.866+00:00,2026-09-14T02:33:51.367+00:00,2026-09-14T02:33:57.956+00:00,False,99,98.0,,98.0,293501.249036,300089.953804,300089.953813,3031.2116546767675,0.02013,293501.249036,29491.23442745549,87.7468849,67.23168130612245,18.99523474954996,0.3265687463300003,14,64,,False,False,Request timeout: 300.0s exceeded,498,21.16838264042747
390,2026-09-14T02:29:00.518+00:00,2026-09-14T02:33:54.219+00:00,2026-09-14T02:34:00.529+00:00,False,94,93.0,,93.0,293700.993056,300010.906912,300010.907021,3191.605393840425,0.03447,293700.993056,30285.9527251178,88.32991665000002,67.84853608602151,19.701034721007762,0.3099887299340054,14,64,,False,False,Request timeout: 300.0s exceeded,435,21.16838264042747
391,2026-09-14T02:29:04.525+00:00,2026-09-14T02:33:58.124+00:00,2026-09-14T02:34:04.553+00:00,False,96,95.0,,95.0,293599.105005,300027.503853,300027.5038,3125.286497916667,0.03821,293599.105005,29958.433091228464,86.68629725000001,67.66735629473685,19.355556076506044,0.31663763748321466,14,64,,False,False,Request timeout: 300.0s exceeded,387,21.16838264042747
392,2026-09-14T02:29:08.373+00:00,2026-09-14T02:34:01.828+00:00,2026-09-14T02:34:08.440+00:00,False,102,101.0,,101.0,293455.90771,300067.83091,300067.830858,2941.841479,0.0,293455.90771,29050.056205665223,87.73947515,65.46458613861387,65.70353974595226,0.33659056251948966,14,64,,False,False,Request timeout: 300.0s exceeded,502,21.16838264042747
393,2026-09-14T02:29:11.879+00:00,2026-09-14T02:34:05.860+00:00,2026-09-14T02:34:11.967+00:00,False,99,98.0,,98.0,293981.529414,300088.54739799997,300088.547218,3031.1974466464644,0.0,293981.529414,29540.006619020667,91.18939200000001,62.31651004081633,29.173584458551684,0.3265702768390726,14,64,,False,False,Request timeout: 300.0s exceeded,473,21.16838264042747
394,2026-09-14T02:29:16.335+00:00,2026-09-14T02:34:10.061+00:00,2026-09-14T02:34:16.348+00:00,False,89,88.0,,88.0,293726.23992699996,300013.65010299993,300013.65021999995,3370.939890112359,0.05274,293726.23992699996,31127.351808307194,89.9493606,71.44784290909091,19.60242072153996,0.2933199871732105,14,64,,False,False,Request timeout: 300.0s exceeded,404,21.16838264042747
395,2026-09-14T02:29:19.353+00:00,2026-09-14T02:34:13.283+00:00,2026-09-14T02:34:19.429+00:00,False,92,91.0,,91.0,293930.74132800003,300076.820048,300076.81986000005,3261.7045636956527,0.02334,293930.74132800003,30637.36372263334,89.866911,67.53932659340659,20.874657631303602,0.30325567961378597,14,64,,False,False,Request timeout: 300.0s exceeded,376,21.16838264042747
396,2026-09-14T02:29:24.178+00:00,2026-09-14T02:34:17.757+00:00,2026-09-14T02:34:24.246+00:00,False,95,94.0,,94.0,293578.772424,300068.007112,300068.00709100004,3158.610600957895,0.02305,293578.772424,30113.470296754997,88.47416349999999,69.0344115744681,19.989576896904268,0.31326231978111085,14,64,,False,False,Request timeout: 300.0s exceeded,490,21.16838264042747
397,2026-09-14T02:29:27.606+00:00,2026-09-14T02:34:21.590+00:00,2026-09-14T02:34:27.622+00:00,False,86,85.0,,85.0,293983.84774299996,300016.26348699996,300016.26352299994,3488.5612037558135,0.037759999999999995,293983.84774299996,31693.446797443576,88.56687074999999,70.9695969882353,19.72648880883284,0.28331797420603216,14,64,,False,False,Request timeout: 300.0s exceeded,467,21.16838264042747
398,2026-09-14T02:29:31.322+00:00,2026-09-14T02:34:25.372+00:00,2026-09-14T02:34:31.412+00:00,False,88,87.0,,87.0,294049.999326,300089.951198,300089.951372,3410.1130837727274,0.021920000000000002,294049.999326,31338.441064593088,89.49343415000001,69.42473416091954,20.32612471089978,0.2899130732391543,14,64,,False,False,Request timeout: 300.0s exceeded,353,21.16838264042747
399,2026-09-14T02:29:34.566+00:00,2026-09-14T02:34:28.360+00:00,2026-09-14T02:34:34.615+00:00,False,96,95.0,,95.0,293794.411118,300049.494638,300049.49462,3125.515568958333,0.03429,293794.411118,29978.553136130573,87.6217105,65.84298442105263,20.127841318179883,0.3166144309445161,14,64,,False,False,Request timeout: 300.0s exceeded,355,21.16838264042747
400,2026-09-14T02:29:38.772+00:00,2026-09-14T02:34:32.680+00:00,2026-09-14T02:34:38.786+00:00,False,90,89.0,,89.0,293908.045943,300013.908343,300013.908339,3333.4878704333332,0.04535,293908.045943,30973.403324808365,88.83738045,68.60519550561797,20.467223269909024,0.29665291349842376,14,64,,False,False,Request timeout: 300.0s exceeded,334,21.16838264042747
401,2026-09-14T02:29:43.556+00:00,2026-09-14T02:34:36.862+00:00,2026-09-14T02:34:43.571+00:00,False,98,97.0,,97.0,293306.075948,300015.37694,300015.37690100004,3061.3813969489797,0.03529,293306.075948,29621.407235939358,88.24138235000001,69.16805146391752,19.525669614856607,0.3233167612585371,14,64,,False,False,Request timeout: 300.0s exceeded,511,21.16838264042747
402,2026-09-14T02:29:47.706+00:00,2026-09-14T02:34:41.241+00:00,2026-09-14T02:34:47.774+00:00,False,99,98.0,,98.0,293534.779189,300068.006453,300068.006363,3030.9899632626266,0.022850000000000002,293534.779189,29494.66160112926,86.9554139,66.6655843265306,19.570450471303186,0.3265926319784107,14,64,,False,False,Request timeout: 300.0s exceeded,425,21.16838264042747
403,2026-09-14T02:29:51.505+00:00,2026-09-14T02:34:45.195+00:00,2026-09-14T02:34:51.587+00:00,False,99,98.0,,98.0,293689.89771499997,300081.861619,300081.86154799996,3031.1299146262622,0.059789999999999996,293689.89771499997,29510.396776829748,88.06928900000001,65.22412146938775,20.03452627473744,0.3265775527760023,14,64,,False,False,Request timeout: 300.0s exceeded,365,21.16838264042747
404,2026-09-14T02:29:55.631+00:00,2026-09-14T02:34:49.303+00:00,2026-09-14T02:34:55.642+00:00,False,95,94.0,,94.0,293672.109796,300011.029732,300011.02977100003,3158.010839694737,0.02183,293672.109796,30123.21059153297,89.25609,67.43531846808511,20.02176696636138,0.31332181381454627,14,64,,True,False,Request timeout: 300.0s exceeded,500,21.16838264042747
405,2026-09-14T02:30:00.206+00:00,2026-09-14T02:34:53.607+00:00,2026-09-14T02:35:00.221+00:00,False,99,98.0,,98.0,293400.782683,300015.158875,300015.158897,3030.4561504747476,0.02016,293400.782683,29481.111403569415,87.73286499999999,67.4936346122449,19.83849835742136,0.32665016117012696,14,64,,True,False,Request timeout: 300.0s exceeded,475,21.16838264042747
406,2026-09-14T02:30:04.512+00:00,2026-09-14T02:34:58.692+00:00,2026-09-14T02:35:04.602+00:00,False,90,89.0,,89.0,294180.075944,300090.072232,300090.072374,3334.3341374888887,0.023629999999999998,294180.075944,31002.30970380138,89.15611095,66.40445267415731,20.354954969840485,0.2965776219720924,14,64,,True,False,Request timeout: 300.0s exceeded,264,21.16838264042747
407,2026-09-14T02:30:09.158+00:00,2026-09-14T02:35:03.084+00:00,2026-09-14T02:35:09.225+00:00,False,91,90.0,,90.0,293926.40592299995,300067.04566699994,300067.04579699994,3297.4400637032963,0.01866,293926.40592299995,30804.71341263586,87.57790999999999,68.22933048888889,19.88369779261398,0.29993296931339036,14,64,,True,False,Request timeout: 300.0s exceeded,472,21.16838264042747
408,2026-09-14T02:30:13.820+00:00,2026-09-14T02:35:07.067+00:00,2026-09-14T02:35:13.894+00:00,False,104,103.0,,103.0,293247.18581199995,300074.65230799996,300074.65226599993,2885.333194865384,0.0212,293247.18581199995,28748.759586553548,88.68405445,66.28608248543689,20.319075843616115,0.34324791916872627,14,64,,True,False,Request timeout: 300.0s exceeded,369,21.16838264042747
409,2026-09-14T02:30:17.016+00:00,2026-09-14T02:35:10.646+00:00,2026-09-14T02:35:17.027+00:00,False,95,94.0,,94.0,293630.169507,300010.679459,300010.679414,3158.007151726316,0.019,293630.169507,30118.86274909941,89.6997383,67.87776544680851,20.81715733050746,0.31332217962876285,14,64,,True,False,Request timeout: 300.0s exceeded,462,21.16838264042747
410,2026-09-14T02:30:21.332+00:00,2026-09-14T02:35:15.000+00:00,2026-09-14T02:35:21.357+00:00,False,90,89.0,,89.0,293668.208581,300025.19392499997,300025.193948,3333.613266088889,0.027030000000000002,293668.208581,30947.824268696935,89.2516279,71.42680161797753,19.59140053333041,0.2966417547662618,14,64,,True,False,Request timeout: 300.0s exceeded,470,21.16838264042747
411,2026-09-14T02:30:25.432+00:00,2026-09-14T02:35:18.679+00:00,2026-09-14T02:35:25.482+00:00,False,99,98.0,,98.0,293246.569735,300049.566215,300049.566102,3030.803698,0.03613,293246.569735,29465.418831692423,89.655424,69.41833142857143,19.609425273562504,0.32661270348172494,14,64,,True,False,Request timeout: 300.0s exceeded,404,21.16838264042747
412,2026-09-14T02:30:29.035+00:00,2026-09-14T02:35:22.641+00:00,2026-09-14T02:35:29.046+00:00,False,94,93.0,,93.0,293606.19148000004,300011.06085600005,300011.06093700003,3191.6070312446814,0.03361,293606.19148000004,30276.070661186484,88.852394,68.8695631827957,21.59934838507338,0.3099885708701865,14,64,,True,False,Request timeout: 300.0s exceeded,437,21.16838264042747
413,2026-09-14T02:30:32.328+00:00,2026-09-14T02:35:25.968+00:00,2026-09-14T02:35:32.380+00:00,False,94,93.0,,93.0,293640.228413,300051.964477,300051.964585,3192.0421764361704,0.02155,293640.228413,30279.572372432707,88.86942950000001,68.94339853763441,19.649397379656687,0.3099463126732128,14,64,,True,False,Request timeout: 300.0s exceeded,456,21.16838264042747
414,2026-09-14T02:30:36.458+00:00,2026-09-14T02:35:29.945+00:00,2026-09-14T02:35:36.472+00:00,False,94,93.0,,93.0,293487.10294199997,300014.332382,300014.332258,3191.6418325319146,0.023969999999999998,293487.10294199997,30263.6501629167,88.4202283,70.18526279569893,18.954932786134513,0.30998519057944757,14,64,,True,False,Request timeout: 300.0s exceeded,400,21.16838264042747
415,2026-09-14T02:30:39.577+00:00,2026-09-14T02:35:33.194+00:00,2026-09-14T02:35:39.588+00:00,False,93,92.0,,92.0,293616.45267,300010.705726,300010.705809,3225.92156783871,0.03805,293616.45267,30439.406532779503,86.02969860000002,69.50275060869565,18.914497313798954,0.3066557234261622,14,64,,True,False,Request timeout: 300.0s exceeded,425,21.16838264042747
416,2026-09-14T02:30:44.135+00:00,2026-09-14T02:35:37.840+00:00,2026-09-14T02:35:44.179+00:00,False,93,92.0,,92.0,293705.100668,300044.52262,300044.522572,3226.2851889462368,0.038329999999999996,293705.100668,30448.661653590676,90.38296679999999,68.9067603478261,20.405062213747858,0.30662116140848883,14,64,,True,False,Request timeout: 300.0s exceeded,443,21.16838264042747
417,2026-09-14T02:30:47.227+00:00,2026-09-14T02:35:41.046+00:00,2026-09-14T02:35:47.273+00:00,False,90,89.0,,89.0,293819.116921,300045.787513,300045.787433,3333.842082588889,0.019739999999999997,293819.116921,30963.88643771879,90.9756665,69.96259092134832,20.672453325830674,0.2966213948134297,14,64,,True,False,Request timeout: 300.0s exceeded,464,21.16838264042747
418,2026-09-14T02:30:51.150+00:00,2026-09-14T02:35:45.052+00:00,2026-09-14T02:35:51.230+00:00,False,91,90.0,,90.0,293902.26327,300080.10903,300080.109036,3297.5836157802196,0.03517,293902.26327,30802.13975107481,90.25886,68.64273066666667,20.669560839950364,0.2999199123558116,14,64,,True,False,Request timeout: 300.0s exceeded,438,21.16838264042747
419,2026-09-14T02:30:53.794+00:00,2026-09-14T02:35:47.353+00:00,2026-09-14T02:35:53.861+00:00,False,96,95.0,,95.0,293559.290155,300067.223851,300067.223975,3125.7002497395833,0.04485,293559.290155,29954.28411132648,88.9390775,68.50456522105263,19.437998840228698,0.31659572405406317,14,64,,True,False,Request timeout: 300.0s exceeded,435,21.16838264042747
420,2026-09-14T02:30:57.685+00:00,2026-09-14T02:35:51.228+00:00,2026-09-14T02:35:57.697+00:00,False,94,93.0,,93.0,293542.599546,300012.24665,300012.246807,3191.619646882979,0.0213,293542.599546,30269.43789720875,86.57434949999998,69.56609789247311,18.688484465273376,0.30998734564491154,14,64,,True,False,Request timeout: 300.0s exceeded,304,21.16838264042747
421,2026-09-14T02:31:02.528+00:00,2026-09-14T02:35:56.441+00:00,2026-09-14T02:36:02.575+00:00,False,93,92.0,,92.0,293913.22634,300046.912612,300046.912541,3226.3108875376342,0.02634,293913.22634,30470.475501808673,89.9336286,66.67050295652174,20.907805708925483,0.3066187190500042,14,64,,True,False,Request timeout: 300.0s exceeded,433,21.16838264042747
422,2026-09-14T02:31:06.156+00:00,2026-09-14T02:36:00.215+00:00,2026-09-14T02:36:06.169+00:00,False,86,85.0,,85.0,294059.60457599995,300013.79644799995,300013.79633499996,3488.5325155232554,0.05621,294059.60457599995,31701.715621958574,89.78742275,70.04931614117648,20.554827914472543,0.28332030395386393,14,64,,True,False,Request timeout: 300.0s exceeded,396,21.16838264042747
423,2026-09-14T02:31:10.836+00:00,2026-09-14T02:36:04.611+00:00,2026-09-14T02:36:10.896+00:00,False,90,89.0,,89.0,293775.54372200003,300060.649898,300060.64985100005,3334.007220566667,0.03528,293775.54372200003,30959.223196485287,88.99508205000001,70.61917051685393,19.07456905890893,0.2966067027791011,14,64,,True,False,Request timeout: 300.0s exceeded,453,21.16838264042747
424,2026-09-14T02:31:13.838+00:00,2026-09-14T02:36:07.357+00:00,2026-09-14T02:36:13.900+00:00,False,96,95.0,,95.0,293518.362348,300061.93406,300061.934162,3125.6451475208332,0.04868,293518.362348,29950.068387905063,87.1648285,68.87970223157895,19.02842584333147,0.31660130531920094,14,64,,True,False,Request timeout: 300.0s exceeded,168,21.16838264042747
425,2026-09-14T02:31:16.652+00:00,2026-09-14T02:36:10.816+00:00,2026-09-14T02:36:16.686+00:00,False,86,85.0,,85.0,294164.734978,300034.245122,300034.245044,3488.7702912093023,0.027600000000000003,294164.734978,31713.15850539793,87.41757275,69.05306051764705,18.851289341891192,0.28330099440961237,14,64,,True,False,Request timeout: 300.0s exceeded,359,21.16838264042747
426,2026-09-14T02:31:20.764+00:00,2026-09-14T02:36:14.770+00:00,2026-09-14T02:36:20.802+00:00,False,87,86.0,,86.0,294005.762058,300037.67425000004,300037.67428100004,3448.7088997816095,0.038939999999999995,294005.762058,31513.212467878828,88.96020400000002,70.13851386046511,19.271713727756076,0.28663067134809983,14,64,,True,False,Request timeout: 300.0s exceeded,340,21.16838264042747
427,2026-09-14T02:31:23.553+00:00,2026-09-14T02:36:17.454+00:00,2026-09-14T02:36:23.596+00:00,False,92,91.0,,91.0,293900.476593,300042.312369,300042.312434,3261.329482978261,0.03541,293900.476593,30634.212432960154,87.1403255,67.49270083516483,19.597419522860278,0.3032905568601464,14,64,,True,False,Request timeout: 300.0s exceeded,436,21.16838264042747
428,2026-09-14T02:31:26.847+00:00,2026-09-14T02:36:20.586+00:00,2026-09-14T02:36:26.948+00:00,False,95,94.0,,94.0,293738.893407,300101.079903,300101.080054,3158.9587374105263,0.02791,293738.893407,30130.037274718456,88.543339,67.6828350638298,20.361951773832278,0.31322779654902644,14,64,,True,False,Request timeout: 300.0s exceeded,321,21.16838264042747
429,2026-09-14T02:31:30.036+00:00,2026-09-14T02:36:23.930+00:00,2026-09-14T02:36:30.082+00:00,False,87,86.0,,86.0,293893.278686,300046.111454,300046.11139599996,3448.805878114942,0.03748,293893.278686,31501.00251087073,89.42737430000001,71.54456706976744,19.71097715456118,0.286622611382133,14,64,,True,False,Request timeout: 300.0s exceeded,229,21.16838264042747
430,2026-09-14T02:31:34.876+00:00,2026-09-14T02:36:28.698+00:00,2026-09-14T02:36:34.887+00:00,False,89,88.0,,88.0,293822.45277100004,300011.368995,300011.369055,3370.914259044944,0.06843,293822.45277100004,31137.668394806376,86.6019606,70.32859345454546,18.62558544808694,0.29332221740392317,14,64,,True,False,Request timeout: 300.0s exceeded,433,21.16838264042747
431,2026-09-14T02:31:39.170+00:00,2026-09-14T02:36:33.005+00:00,2026-09-14T02:36:39.191+00:00,False,92,91.0,,91.0,293835.18550099997,300020.91503699997,300020.91505099996,3261.0969027282604,0.02182,293835.18550099997,30627.35595957895,87.05872605,67.97504984615384,20.94249322206598,0.30331218738126126,14,64,,True,False,Request timeout: 300.0s exceeded,429,21.16838264042747
432,2026-09-14T02:31:43.199+00:00,2026-09-14T02:36:36.998+00:00,2026-09-14T02:36:43.268+00:00,False,94,93.0,,93.0,293799.002702,300068.283982,300068.284064,3192.215787914894,0.03911,293799.002702,30296.107366199896,88.77832435,67.41162666666668,20.696087669416013,0.3099294559420306,14,64,,True,False,Request timeout: 300.0s exceeded,298,21.16838264042747
433,2026-09-14T02:31:46.969+00:00,2026-09-14T02:36:40.692+00:00,2026-09-14T02:36:46.992+00:00,False,92,91.0,,91.0,293723.088475,300023.386459,300023.386433,3261.123765576087,0.02632,293723.088475,30615.53805330226,90.587965,69.23404378021978,21.342176258918922,0.30330968886799,14,64,,True,False,Request timeout: 300.0s exceeded,385,21.16838264042747
434,2026-09-14T02:31:51.656+00:00,2026-09-14T02:36:45.680+00:00,2026-09-14T02:36:51.729+00:00,False,91,90.0,,90.0,294023.73254500004,300072.438849,300072.43894400005,3297.4993290549455,0.01961,294023.73254500004,30815.023449176362,89.02146699999999,67.20784782222222,20.433933240903656,0.29992757863806696,14,64,,True,False,Request timeout: 300.0s exceeded,416,21.16838264042747
435,2026-09-14T02:31:55.403+00:00,2026-09-14T02:36:49.146+00:00,2026-09-14T02:36:55.443+00:00,False,92,91.0,,91.0,293743.490402,300039.810146,300039.810038,3261.302283021739,0.03633,293743.490402,30617.66869796711,87.91754405,69.19032685714285,19.899999192141905,0.3032930861931929,14,64,,True,False,Request timeout: 300.0s exceeded,263,21.16838264042747
436,2026-09-14T02:31:59.026+00:00,2026-09-14T02:36:52.326+00:00,2026-09-14T02:36:59.057+00:00,False,94,93.0,,93.0,293299.427772,300031.195068,300031.19515000004,3191.821225,0.02425,293299.427772,30244.0662562294,89.70801715000002,72.38459458064516,19.19420531898949,0.30996776844795154,14,64,,True,False,Request timeout: 300.0s exceeded,400,21.16838264042747
437,2026-09-14T02:32:02.947+00:00,2026-09-14T02:36:57.341+00:00,2026-09-14T02:37:05.724+00:00,False,126,125.0,,125.0,294393.12787,302776.331966,302776.331972,2402.98676168254,0.019710000000000002,294393.12787,26220.656955208495,89.02567224999999,67.065632768,19.66470044006412,0.4128460081022342,14,64,,True,False,Request timeout: 300.0s exceeded,583,21.16838264042747
438,2026-09-14T02:32:06.554+00:00,2026-09-14T02:37:00.336+00:00,2026-09-14T02:37:06.593+00:00,False,101,100.0,,100.0,293782.59025199997,300038.83831599995,300038.83827099996,2970.6815670396036,0.023620000000000002,293782.59025199997,29226.242045802108,88.723002,62.562480640000004,20.23016439964351,0.33329018523488724,14,64,,True,False,Request timeout: 300.0s exceeded,462,21.16838264042747
439,2026-09-14T02:32:10.627+00:00,2026-09-14T02:37:05.499+00:00,2026-09-14T02:37:10.671+00:00,False,80,79.0,,79.0,294871.532848,300043.98648,300043.986444,3750.54983055,0.0,294871.532848,32960.33382234261,90.98687394999999,65.47409660759493,31.05522902285583,0.2632947286389487,14,64,,True,False,Request timeout: 300.0s exceeded,364,21.16838264042747
440,2026-09-14T02:32:14.624+00:00,2026-09-14T02:37:07.930+00:00,2026-09-14T02:37:14.639+00:00,False,100,99.0,,99.0,293305.887835,300014.874203,300014.874278,3000.14874278,0.03614,293305.887835,29323.81869121094,87.65957600000002,67.76753907070707,19.866552399383266,0.32998363918788015,14,64,,True,False,Request timeout: 300.0s exceeded,148,21.16838264042747
441,2026-09-14T02:32:18.791+00:00,2026-09-14T02:37:12.749+00:00,2026-09-14T02:37:18.841+00:00,False,96,95.0,,95.0,293958.511522,300049.89149,300049.891269,3125.5197007187503,0.324289,293958.511522,29995.477574205375,89.6380425,64.1197891368421,20.33968013513894,0.3166140121839242,14,64,,True,False,Request timeout: 300.0s exceeded,410,21.16838264042747
442,2026-09-14T02:32:22.442+00:00,2026-09-14T02:37:16.214+00:00,2026-09-14T02:37:22.476+00:00,False,96,95.0,,95.0,293772.226889,300034.64122499997,300034.641205,3125.3608458854164,0.041530000000000004,293772.226889,29976.280976539805,88.91039725,65.92015090526316,19.95259334725117,0.31663010515095236,14,64,,True,False,Request timeout: 300.0s exceeded,421,21.16838264042747
443,2026-09-14T02:32:27.265+00:00,2026-09-14T02:37:21.034+00:00,2026-09-14T02:37:27.344+00:00,False,96,95.0,,95.0,293768.717542,300078.80471,300078.804837,3125.82088371875,0.038880000000000005,293768.717542,29975.871546867547,87.92934149999999,66.42197018947368,19.889229777169753,0.31658350576212546,14,64,,True,False,Request timeout: 300.0s exceeded,456,21.16838264042747
444,2026-09-14T02:32:31.619+00:00,2026-09-14T02:37:25.146+00:00,2026-09-14T02:37:31.669+00:00,False,95,94.0,,94.0,293527.107115,300050.712875,300050.71296000003,3158.4285574736846,0.036899999999999995,293527.107115,30108.1319089488,87.7407224,69.40006127659574,19.79816288437436,0.3132803755049235,14,64,,True,False,Request timeout: 300.0s exceeded,444,21.16838264042747
445,2026-09-14T02:32:35.886+00:00,2026-09-14T02:37:29.677+00:00,2026-09-14T02:37:35.966+00:00,False,93,92.0,,92.0,293791.198509,300080.704813,300080.70474,3226.674244516129,0.02465,293791.198509,30457.64504403553,86.733071,68.36419895652173,19.16172899921244,0.3065841906007627,14,64,,True,False,Request timeout: 300.0s exceeded,405,21.16838264042747
446,2026-09-14T02:32:39.064+00:00,2026-09-14T02:37:33.033+00:00,2026-09-14T02:37:39.085+00:00,False,91,90.0,,90.0,293968.531904,300020.65222399996,300020.65219899995,3296.930243945055,0.02206,293968.531904,30809.232350505048,87.45056550000001,67.24578133333333,19.61858666572662,0.2999793491976167,14,64,,True,False,Request timeout: 300.0s exceeded,444,21.16838264042747
447,2026-09-14T02:32:43.061+00:00,2026-09-14T02:37:36.692+00:00,2026-09-14T02:37:43.114+00:00,False,94,93.0,,93.0,293630.7742,300052.956856,300052.957009,3192.0527341382976,0.043859999999999996,293630.7742,30278.585879777667,89.1556203,69.05572748387097,19.990168560388863,0.30994528757346035,14,64,,True,False,Request timeout: 300.0s exceeded,443,21.16838264042747
448,2026-09-14T02:32:46.879+00:00,2026-09-14T02:37:40.554+00:00,2026-09-14T02:37:46.966+00:00,False,92,91.0,,91.0,293674.393269,300086.693557,300086.693495,3261.8118858152175,0.0272,293674.393269,30610.331047604657,87.8247716,70.46483832967033,18.445961611282915,0.3032457018382089,14,64,,True,False,Request timeout: 300.0s exceeded,441,21.16838264042747
449,2026-09-14T02:32:50.788+00:00,2026-09-14T02:37:44.397+00:00,2026-09-14T02:37:50.850+00:00,False,96,95.0,,95.0,293609.253504,300062.43494400004,300062.434873,3125.6503632604167,0.019839,293609.253504,29959.442396651204,87.46888475,67.92822568421052,19.594405341040765,0.31660077682742804,14,64,,True,False,Request timeout: 300.0s exceeded,543,21.16838264042747
450,2026-09-14T02:32:53.841+00:00,2026-09-14T02:37:47.209+00:00,2026-09-14T02:37:53.916+00:00,False,101,100.0,,100.0,293367.553492,300075.080148,300075.08017699997,2971.040397792079,0.03932,293367.553492,29184.495132618096,88.78278200000001,67.07526656,19.961870078098155,0.3332499318193267,14,64,,True,False,Request timeout: 300.0s exceeded,247,21.16838264042747
451,2026-09-14T02:32:57.473+00:00,2026-09-14T02:37:51.018+00:00,2026-09-14T02:37:57.547+00:00,False,93,92.0,,92.0,293544.811686,300073.737638,300073.73772499996,3226.599330376344,0.023769,293544.811686,30431.826717581516,90.31991559999999,70.96658643478261,20.1739217989903,0.30659130893682557,14,64,,True,False,Request timeout: 300.0s exceeded,472,21.16838264042747
452,2026-09-14T02:33:00.883+00:00,2026-09-14T02:37:54.645+00:00,2026-09-14T02:38:00.943+00:00,False,88,87.0,,87.0,293761.750826,300060.552746,300060.552842,3409.7790095681817,0.0229,293761.750826,31307.396083845782,89.70624969999999,72.40002206896553,19.649206698019633,0.28994147749119537,14,64,,True,False,Request timeout: 300.0s exceeded,394,21.16838264042747
453,2026-09-14T02:33:05.630+00:00,2026-09-14T02:37:59.584+00:00,2026-09-14T02:38:05.648+00:00,False,88,87.0,,87.0,293953.853778,300017.73909,300017.739048,3409.292489181818,0.025079,293953.853778,31328.162396631596,90.2764704,69.6998311724138,20.019658011826436,0.2899828532268939,14,64,,True,False,Request timeout: 300.0s exceeded,170,21.16838264042747
454,2026-09-14T02:33:08.927+00:00,2026-09-14T02:38:02.546+00:00,2026-09-14T02:38:08.938+00:00,False,93,92.0,,92.0,293619.105824,300010.701344,300010.70128100005,3225.9215191505377,0.02162,293619.105824,30439.685483069497,88.96990620000001,69.4738643478261,20.228347637109678,0.3066557279052204,14,64,,True,False,Request timeout: 300.0s exceeded,391,21.16838264042747
455,2026-09-14T02:33:13.336+00:00,2026-09-14T02:38:07.038+00:00,2026-09-14T02:38:13.364+00:00,False,105,104.0,,104.0,293702.477434,300028.231546,300028.231603,2857.411729552381,0.015550000000000001,293702.477434,28657.959044253093,87.4847394,60.82455876923077,291.46933608034254,0.3466340466165593,14,64,,True,False,Request timeout: 300.0s exceeded,521,21.16838264042747
456,2026-09-14T02:33:17.473+00:00,2026-09-14T02:38:13.451+00:00,2026-09-14T02:38:17.552+00:00,False,63,62.0,,62.0,295977.56842,300078.252708,300078.252785,4763.146869603175,0.03579,295977.56842,37281.34428515662,89.15341430000001,66.14006916129033,25.52046851812838,0.20661277330327207,14,64,,True,False,Request timeout: 300.0s exceeded,288,21.16838264042747
457,2026-09-14T02:33:20.719+00:00,2026-09-14T02:38:14.310+00:00,2026-09-14T02:38:20.771+00:00,False,99,98.0,,98.0,293591.532034,300052.45030599996,300052.450318,3030.8328314949495,0.041210000000000004,293591.532034,29500.43951498809,86.73226910000001,65.92773746938775,19.391878166630562,0.32660956409473574,14,64,,True,False,Request timeout: 300.0s exceeded,477,21.16838264042747
458,2026-09-14T02:33:23.541+00:00,2026-09-14T02:38:17.548+00:00,2026-09-14T02:38:23.573+00:00,False,90,89.0,,89.0,294007.06177499995,300032.366351,300032.36631799996,3333.6929590888885,0.02133,294007.06177499995,30983.93561607285,88.0030659,67.70005141573034,19.999256800011633,0.29663466339455274,14,64,,True,False,Request timeout: 300.0s exceeded,408,21.16838264042747
459,2026-09-14T02:33:27.673+00:00,2026-09-14T02:38:21.187+00:00,2026-09-14T02:38:27.720+00:00,False,100,99.0,,99.0,293514.10936400003,300047.31154,300047.31140600005,3000.47311406,0.04003,293514.10936400003,29344.818601667226,89.01499700000001,65.99194117171717,20.166173662788665,0.32994796551210587,14,64,,True,False,Request timeout: 300.0s exceeded,408,21.16838264042747
460,2026-09-14T02:33:32.414+00:00,2026-09-14T02:38:25.852+00:00,2026-09-14T02:38:32.432+00:00,False,102,101.0,,101.0,293437.360474,300017.678938,300017.678875,2941.3497928921565,0.04018,293437.360474,29048.184291847025,89.37651100000001,65.15166796039604,20.438432109550778,0.3366468281386581,14,64,,True,False,Request timeout: 300.0s exceeded,378,21.16838264042747
461,2026-09-14T02:33:35.744+00:00,2026-09-14T02:38:29.470+00:00,2026-09-14T02:38:35.807+00:00,False,94,93.0,,93.0,293726.094453,300063.059829,300063.059677,3192.160209329787,0.02116,293726.094453,30288.51216625353,88.5625578,68.13941264516129,20.36073497394144,0.3099348518707996,14,64,,True,False,Request timeout: 300.0s exceeded,433,21.16838264042747
462,2026-09-14T02:33:38.602+00:00,2026-09-14T02:38:31.911+00:00,2026-09-14T02:38:38.616+00:00,False,96,95.0,,95.0,293308.975042,300014.144706,300014.144809,3125.1473417604166,0.036459000000000005,293308.975042,29928.52497048732,89.09660675,70.58073330526317,20.097508288476888,0.316651736847593,14,64,,True,False,Request timeout: 300.0s exceeded,364,21.16838264042747
463,2026-09-14T02:33:41.676+00:00,2026-09-14T02:38:35.270+00:00,2026-09-14T02:38:41.748+00:00,False,94,93.0,,93.0,293593.3435,300071.247372,300071.247387,3192.2473126276595,0.0225,293593.3435,30274.662591710552,87.03757915,69.65488034408602,18.710286524213263,0.3099263951960961,14,64,,True,False,Request timeout: 300.0s exceeded,424,21.16838264042747
464,2026-09-14T02:33:44.805+00:00,2026-09-14T02:38:38.739+00:00,2026-09-14T02:38:44.868+00:00,False,94,93.0,,93.0,293934.24842,300062.467556,300062.467635,3192.1539110106387,0.02145,293934.24842,30310.213303853714,85.88675749999999,65.89482941935483,20.643499885678626,0.309935463630231,14,64,,True,False,Request timeout: 300.0s exceeded,239,21.16838264042747
465,2026-09-14T02:33:49.605+00:00,2026-09-14T02:38:43.321+00:00,2026-09-14T02:38:49.656+00:00,False,96,95.0,,95.0,293715.82111900003,300050.985279,300050.985188,3125.531095708334,0.039630000000000006,293715.82111900003,29970.44573681541,87.13386674999998,66.68593852631578,19.656770774271973,0.3166128580169967,14,64,,True,False,Request timeout: 300.0s exceeded,489,21.16838264042747
466,2026-09-14T02:33:54.022+00:00,2026-09-14T02:38:47.502+00:00,2026-09-14T02:38:54.029+00:00,False,98,97.0,,97.0,293480.734853,300007.46816499997,300007.468168,3061.3006955918363,0.02014,293480.734853,29639.240779790794,89.46444684999999,67.28591043298968,19.843684095962512,0.323325284511422,14,64,,True,False,Request timeout: 300.0s exceeded,469,21.16838264042747
467,2026-09-14T02:33:57.090+00:00,2026-09-14T02:38:50.615+00:00,2026-09-14T02:38:57.175+00:00,False,97,96.0,,96.0,293525.134427,300084.809819,300084.809963,3093.657834670103,0.02152,293525.134427,29796.030484802268,88.0380306,68.329952,19.599995378281594,0.31990956175990254,14,64,,True,False,Request timeout: 300.0s exceeded,457,21.16838264042747
468,2026-09-14T02:34:01.297+00:00,2026-09-14T02:38:55.061+00:00,2026-09-14T02:39:01.324+00:00,False,93,92.0,,92.0,293764.073401,300027.651257,300027.651222,3226.103776580645,0.02239,293764.073401,30454.86185086841,87.82156060000001,68.082368,19.676231885928395,0.30663840354232524,14,64,,True,False,Request timeout: 300.0s exceeded,410,21.16838264042747
469,2026-09-14T02:34:05.084+00:00,2026-09-14T02:38:58.707+00:00,2026-09-14T02:39:05.119+00:00,False,94,93.0,,93.0,293622.756877,300034.667277,300034.667235,3191.858162074468,0.02179,293622.756877,30277.770222960746,88.31404715000001,68.94527311827957,19.796314883118153,0.30996418128622427,14,64,,True,False,Request timeout: 300.0s exceeded,485,21.16838264042747
470,2026-09-14T02:34:09.033+00:00,2026-09-14T02:39:02.351+00:00,2026-09-14T02:39:09.064+00:00,False,103,102.0,,102.0,293318.04047,300030.577046,300030.57714300003,2912.9182246893206,0.03673,293318.04047,28895.008071973436,88.7080801,65.80918211764705,20.405624020215328,0.33996534954622837,14,64,,True,False,Request timeout: 300.0s exceeded,499,21.16838264042747
471,2026-09-14T02:34:12.951+00:00,2026-09-14T02:39:07.112+00:00,2026-09-14T02:39:12.968+00:00,False,86,85.0,,85.0,294161.196039,300017.059591,300017.05945,3488.57045872093,0.02708,294161.196039,31712.795322845086,91.50813899999999,68.89251237647059,20.667864158307875,0.28331722241354124,14,64,,True,False,Request timeout: 300.0s exceeded,421,21.16838264042747
472,2026-09-14T02:34:17.183+00:00,2026-09-14T02:39:10.922+00:00,2026-09-14T02:39:17.202+00:00,False,93,92.0,,92.0,293739.426238,300019.26009399997,300019.26005499996,3226.0135489784943,0.02231,293739.426238,30452.287510416914,86.386674,68.25906365217391,19.318174423434026,0.30664697983447864,14,64,,True,False,Request timeout: 300.0s exceeded,462,21.16838264042747
473,2026-09-14T02:34:20.872+00:00,2026-09-14T02:39:14.666+00:00,2026-09-14T02:39:20.926+00:00,False,92,91.0,,91.0,293793.277493,300054.196533,300054.19659999997,3261.458658695652,0.03473,293793.277493,30622.89976364161,88.7095556,68.80130813186814,19.658772940149767,0.30327854451451347,14,64,,True,False,Request timeout: 300.0s exceeded,393,21.16838264042747
474,2026-09-14T02:34:23.641+00:00,2026-09-14T02:39:17.333+00:00,2026-09-14T02:39:23.699+00:00,False,93,92.0,,92.0,293692.261585,300057.63502499997,300057.63493199996,3226.4261820645156,0.024239999999999998,293692.261585,30447.300063638766,87.24131420000002,69.18884173913044,18.854243078780147,0.30660776217987196,14,64,,True,False,Request timeout: 300.0s exceeded,409,21.16838264042747
475,2026-09-14T02:34:26.959+00:00,2026-09-14T02:39:20.921+00:00,2026-09-14T02:39:27.048+00:00,False,90,89.0,,89.0,293962.66407400003,300088.886154,300088.88617500005,3334.3209575000005,0.024210000000000002,293962.66407400003,30979.13620354227,89.159234,68.83395595505617,20.060541429433133,0.2965787941720936,14,64,,True,False,Request timeout: 300.0s exceeded,389,21.16838264042747
476,2026-09-14T02:34:30.560+00:00,2026-09-14T02:39:24.122+00:00,2026-09-14T02:39:30.651+00:00,False,99,98.0,,98.0,293561.721489,300091.069585,300091.069799,3031.2229272626264,0.021920000000000002,293561.721489,29497.373724075067,87.84835790000001,66.62600097959184,20.085289643354034,0.3265675321012569,14,64,,True,False,Request timeout: 300.0s exceeded,232,21.16838264042747
477,2026-09-14T02:34:35.388+00:00,2026-09-14T02:39:28.712+00:00,2026-09-14T02:39:35.431+00:00,False,111,110.0,,110.0,293324.260877,300042.722061,300042.722039,2703.087585936937,0.03692,293324.260877,27835.316873692733,87.6894,61.07691985454545,20.22708349292543,0.36661445824917066,14,64,,True,False,Request timeout: 300.0s exceeded,554,21.16838264042747
478,2026-09-14T02:34:38.694+00:00,2026-09-14T02:39:32.155+00:00,2026-09-14T02:39:38.830+00:00,False,141,140.0,,140.0,293460.541668,300135.670244,300135.670191,2128.621774404255,0.019559999999999998,293460.541668,24709.83498800809,86.455748,47.679489828571434,26.80315787812231,0.4664557194624178,14,64,,True,False,Request timeout: 300.0s exceeded,619,21.16838264042747
0,2026-09-14T02:04:40.893+00:00,2026-09-14T02:04:41.077+00:00,2026-09-14T02:04:53.543+00:00,True,233,233.0,,233.0,183.449714,12649.587826,12649.587973,54.290077137339054,0.022309000000000002,183.449714,21.46656601325939,93.3786506,53.733353931034486,19.755506031664687,18.419572495563145,15,64,,False,True,,939,21.16838264042747
1,2026-09-14T02:04:43.304+00:00,2026-09-14T02:04:43.443+00:00,2026-09-14T02:04:56.660+00:00,True,218,218.0,,218.0,138.85078700000003,13356.151011,13356.150954,61.266747495412844,0.02422,138.85078700000003,21.44160476638691,95.72954685,60.90921762211981,20.82969407888085,16.322067624157384,15,64,,False,True,,987,21.16838264042747
2,2026-09-14T02:04:46.212+00:00,2026-09-14T02:04:46.462+00:00,2026-09-14T02:05:02.830+00:00,True,259,259.0,,259.0,249.691244,16617.752940000002,16617.753092,64.16120884942085,39.932546,249.691244,24.25330656316871,96.28751500000003,63.442099596899226,21.35549233525922,15.585741401689171,15,64,,False,True,,1341,21.16838264042747
3,2026-09-14T02:04:48.934+00:00,2026-09-14T02:04:53.263+00:00,2026-09-14T02:05:00.832+00:00,True,110,110.0,,110.0,4328.949898,11898.007178,11898.007137,108.16370124545455,41.135704,4328.949898,406.7449181072044,98.2902285,69.44089247706422,22.492577792313753,9.245245725132474,15,64,,False,True,,455,21.16838264042747
4,2026-09-14T02:04:51.301+00:00,2026-09-14T02:04:56.838+00:00,2026-09-14T02:05:05.948+00:00,True,139,139.0,,139.0,5536.089843000001,14646.814707000001,14646.814864,105.3727688057554,39.076857000000004,5536.089843000001,464.4667277036159,95.79442590000001,66.01974539130435,21.65523114736957,9.490118007266737,15,64,,False,True,,712,21.16838264042747
5,2026-09-14T02:04:54.693+00:00,2026-09-14T02:05:03.145+00:00,2026-09-14T02:05:22.311+00:00,True,288,288.0,,288.0,8452.376596999999,27618.287381,27618.287478,95.89683152083333,21.709334,8452.376596999999,494.6154178259783,93.92357935,66.78017694773519,22.036148097886535,10.427873243079135,15,64,,False,True,,395,21.16838264042747
6,2026-09-14T02:04:57.412+00:00,2026-09-14T02:05:07.735+00:00,2026-09-14T02:05:15.331+00:00,True,115,115.0,,115.0,10323.310755999999,17919.161507999997,17919.161367999997,155.8187945043478,39.287186999999996,10323.310755999999,956.673932997716,93.82477599999999,66.63026975438596,21.230954290180662,6.417711004427206,15,64,,False,True,,553,21.16838264042747
7,2026-09-14T02:04:59.808+00:00,2026-09-14T02:05:11.758+00:00,2026-09-14T02:05:29.234+00:00,True,259,259.0,,259.0,11949.444898,29426.201122,29426.201168,113.61467632432432,14.541249,11949.444898,738.6325603497509,94.57199,67.73936520930232,22.429294371588874,8.801679799787784,15,64,,False,True,,1236,21.16838264042747
8,2026-09-14T02:05:02.831+00:00,2026-09-14T02:05:16.220+00:00,2026-09-14T02:05:25.979+00:00,True,150,150.0,,150.0,13388.841163000001,23148.001995,23148.002046,154.32001364,38.676438000000005,13388.841163000001,1088.0748034556466,95.05529685000002,65.49772370469799,22.366636939055738,6.480040913786003,15,64,,False,True,,748,21.16838264042747
9,2026-09-14T02:05:05.308+00:00,2026-09-14T02:05:21.279+00:00,2026-09-14T02:05:40.930+00:00,True,298,298.0,,298.0,15970.256435000001,35621.505587,35621.505556000004,119.53525354362417,0.018940000000000002,15970.256435000001,921.6544756995119,94.6767745,66.16582206060606,25.630226169518043,8.365732865282217,15,64,,False,True,,1185,21.16838264042747
10,2026-09-14T02:05:08.151+00:00,2026-09-14T02:05:26.474+00:00,2026-09-14T02:05:45.975+00:00,True,291,291.0,,291.0,18322.933366,37823.809142,37823.809333000005,129.97872623024054,0.02609,18322.933366,1070.480096046661,96.17201249999998,67.24439922758621,25.91527714432662,7.693566740132215,15,64,,False,True,,1175,21.16838264042747
11,2026-09-14T02:05:11.372+00:00,2026-09-14T02:05:31.368+00:00,2026-09-14T02:05:48.035+00:00,True,256,256.0,,256.0,19996.67008,36663.736447999996,36663.736359,143.21772015234376,0.01671,19996.67008,1245.9963687077911,96.22218175,65.36104458039216,26.91325121771852,6.982376178791368,15,64,,False,True,,879,21.16838264042747
12,2026-09-14T02:05:14.738+00:00,2026-09-14T02:05:37.879+00:00,2026-09-14T02:05:48.635+00:00,True,166,166.0,,166.0,23140.308486,33897.044486,33897.044648,204.19906414457833,0.01791,23140.308486,1791.202556115308,96.77427775,65.19233939393939,28.552445714318235,4.897182114758134,15,64,,False,True,,751,21.16838264042747
13,2026-09-14T02:05:18.104+00:00,2026-09-14T02:05:44.290+00:00,2026-09-14T02:05:52.374+00:00,True,124,124.0,,124.0,26186.583597,34270.867501,34270.867461,276.3779633951613,41.213782,26186.583597,2345.821997970431,95.31402565,65.72588539837399,21.71903091016481,3.6182334747254874,15,64,,False,True,,579,21.16838264042747
14,2026-09-14T02:05:21.637+00:00,2026-09-14T02:05:50.058+00:00,2026-09-14T02:06:02.090+00:00,True,183,183.0,,183.0,28420.922909,40453.055517,40453.055534,221.05494827322406,40.817715,28420.922909,2096.159314740856,96.0326491,66.11061872527473,21.658100051568837,4.5237621154005545,15,64,,False,True,,895,21.16838264042747
15,2026-09-14T02:05:24.772+00:00,2026-09-14T02:05:55.059+00:00,2026-09-14T02:06:09.586+00:00,True,219,219.0,,219.0,30286.894658,44814.235202,44814.235277,204.6312113105023,37.84514,30286.894658,2042.2123689006419,94.89331,66.63917680733945,21.886763018126892,4.886840063494518,15,64,,False,True,,944,21.16838264042747
16,2026-09-14T02:05:27.845+00:00,2026-09-14T02:06:01.088+00:00,2026-09-14T02:06:13.689+00:00,True,188,188.0,,188.0,33243.775385,45844.222361,45844.222204,243.85224576595746,38.271190000000004,33243.775385,2419.730959862813,93.98826885,67.38206939037433,21.36236031198245,4.1008439083031085,15,64,,False,True,,653,21.16838264042747
17,2026-09-14T02:05:30.306+00:00,2026-09-14T02:06:05.139+00:00,2026-09-14T02:06:13.957+00:00,True,133,133.0,,133.0,34833.166468999996,43651.186053,43651.186127999994,328.20440697744357,35.282676,34833.166468999996,3014.705168578052,95.2129076,66.80317866666667,21.928254207940522,3.0468817007289397,15,64,,False,True,,479,21.16838264042747
18,2026-09-14T02:05:32.767+00:00,2026-09-14T02:06:09.719+00:00,2026-09-14T02:06:21.854+00:00,True,181,181.0,,181.0,36952.908781000006,49087.384045000006,49087.384012,271.201016640884,36.410394000000004,36952.908781000006,2741.7619637113526,94.36999099999998,67.41375146666667,21.61244526415204,3.68730180924026,15,64,,False,True,,910,21.16838264042747
19,2026-09-14T02:05:36.054+00:00,2026-09-14T02:06:14.968+00:00,2026-09-14T02:06:27.308+00:00,True,187,187.0,,187.0,38914.549789,51254.367517,51254.367468,274.08752656684493,14.833038,38914.549789,2840.957235893233,95.253933,66.34310606451612,23.296768649194536,3.648469565797998,15,64,,False,True,,1036,21.16838264042747
20,2026-09-14T02:05:38.650+00:00,2026-09-14T02:06:19.995+00:00,2026-09-14T02:06:27.527+00:00,True,116,116.0,,116.0,41345.074777,48876.535641,48876.535768,421.3494462758621,10.898357,41345.074777,3832.78763818044,95.82799274999999,65.4909640347826,24.001903227015866,2.373326965152039,15,64,,False,True,,545,21.16838264042747
21,2026-09-14T02:05:41.625+00:00,2026-09-14T02:06:25.133+00:00,2026-09-14T02:06:36.198+00:00,True,170,170.0,,170.0,43507.85297,54573.467306,54573.467334,321.02039608235293,0.01675,43507.85297,3332.0402904561247,94.40360949999999,65.47700790532544,32.96958354490942,3.115066870257474,15,64,,False,True,,884,21.16838264042747
22,2026-09-14T02:05:45.279+00:00,2026-09-14T02:06:31.904+00:00,2026-09-14T02:06:49.489+00:00,True,263,263.0,,263.0,46624.893423,64209.917679000006,64209.917734,244.14417389353613,0.01761,46624.893423,2871.0384284750758,94.7478881,67.11841319083969,30.654782056335993,4.09594046382051,15,64,,False,True,,1170,21.16838264042747
23,2026-09-14T02:05:49.105+00:00,2026-09-14T02:06:38.291+00:00,2026-09-14T02:06:56.985+00:00,True,282,282.0,,282.0,49186.040476999995,67880.058781,67880.05868199999,240.70942795035458,6.539536,49186.040476999995,2925.111346605105,94.64746360000001,66.5267555302491,22.58360364109512,4.154386502666573,15,64,,False,True,,1032,21.16838264042747
24,2026-09-14T02:05:52.285+00:00,2026-09-14T02:06:43.546+00:00,2026-09-14T02:06:55.661+00:00,True,184,184.0,,184.0,51261.148231,63375.670087,63375.670199,344.4329902119565,8.579412,51261.148231,3774.213836119541,95.837868,66.19957298360656,23.400757351481058,2.9033223593125084,15,64,,False,True,,898,21.16838264042747
25,2026-09-14T02:05:54.636+00:00,2026-09-14T02:06:46.964+00:00,2026-09-14T02:06:54.294+00:00,True,114,114.0,,114.0,52328.072457999995,59658.062858,59658.062853999996,523.3163408245614,40.600456,52328.072457999995,4894.943843540533,94.16884,64.86717168141593,21.35946937952276,1.9108900714953885,15,64,,False,True,,374,21.16838264042747
26,2026-09-14T02:05:58.169+00:00,2026-09-14T02:06:54.381+00:00,2026-09-14T02:07:13.195+00:00,True,280,280.0,,280.0,56211.648079000006,75026.06651100001,75026.066556,267.9502377,0.0,56211.648079000006,3355.3513962786915,94.1302364,67.43519151254479,25.016068462889955,3.7320362511467606,15,64,,False,True,,1309,21.16838264042747
27,2026-09-14T02:06:01.501+00:00,2026-09-14T02:06:59.693+00:00,2026-09-14T02:07:19.368+00:00,True,295,295.0,,295.0,58192.384357,77867.476581,77867.476545,263.9575476101695,0.0,58192.384357,3384.2881622434925,97.53161899999999,66.92208239455783,25.11980623447633,3.7884879920711505,15,64,,False,True,,1025,21.16838264042747
28,2026-09-14T02:06:05.110+00:00,2026-09-14T02:07:05.977+00:00,2026-09-14T02:07:20.840+00:00,True,223,223.0,,223.0,60866.600399999996,75729.13608,75729.13625699999,339.59253926905825,0.0,60866.600399999996,4071.5323258612843,96.612402,66.94835891891893,26.597352876920276,2.9447054534522032,15,64,,False,True,,1035,21.16838264042747
29,2026-09-14T02:06:08.344+00:00,2026-09-14T02:07:11.745+00:00,2026-09-14T02:07:28.996+00:00,True,261,261.0,,261.0,63400.459408,80651.996816,80651.996853,309.0114821954023,0.0173,63400.459408,3920.44074294494,96.450036,66.35206695384616,35.25559199773275,3.2361257043076956,15,64,,False,True,,1361,21.16838264042747
30,2026-09-14T02:06:11.858+00:00,2026-09-14T02:07:17.950+00:00,2026-09-14T02:07:26.198+00:00,True,128,128.0,,128.0,66091.98003400001,74339.65133000001,74339.651415,580.7785266796875,32.185822,66091.98003400001,5836.058619444265,94.26251600000002,64.94229366929135,21.102977610810953,1.7218267466953423,15,64,,False,True,,687,21.16838264042747
31,2026-09-14T02:06:16.068+00:00,2026-09-14T02:07:26.195+00:00,2026-09-14T02:07:41.668+00:00,True,236,236.0,,236.0,70126.941772,85599.962444,85599.962471,362.71170538559323,0.01715,70126.941772,4560.740513206623,93.93481525000001,65.8426411574468,37.242474274388336,2.7570105554005657,15,64,,False,True,,1290,21.16838264042747
32,2026-09-14T02:06:19.450+00:00,2026-09-14T02:07:31.695+00:00,2026-09-14T02:07:42.122+00:00,True,161,161.0,,161.0,72244.700258,82671.35932999999,82671.359189,513.486703037267,40.823663999999994,72244.700258,5688.582653801779,94.79373,65.1666192,20.993506995868806,1.947470094901124,15,64,,False,True,,598,21.16838264042747
33,2026-09-14T02:06:22.047+00:00,2026-09-14T02:07:36.395+00:00,2026-09-14T02:07:47.613+00:00,True,176,176.0,,176.0,74348.79734800001,85565.98058,85565.980741,486.1703451193182,39.916875,74348.79734800001,5599.458350379445,93.339448,64.09818989714286,20.815601322302378,2.0568922229021687,15,64,,False,True,,807,21.16838264042747
34,2026-09-14T02:06:25.474+00:00,2026-09-14T02:07:41.623+00:00,2026-09-14T02:07:56.157+00:00,True,225,225.0,,225.0,76148.85985600001,90682.84846400001,90682.848509,403.03488226222225,0.0,76148.85985600001,5072.323138003466,92.23605520000001,64.88387771428572,24.3262405358842,2.481174817631829,15,64,,False,True,,437,21.16838264042747
35,2026-09-14T02:06:28.978+00:00,2026-09-14T02:07:48.054+00:00,2026-09-14T02:07:58.768+00:00,True,162,162.0,,162.0,79076.414413,89790.460109,89790.4603,554.262100617284,0.0,79076.414413,6207.654768309343,93.0355535,66.54686767701864,25.806946987729283,1.804200577693244,15,64,,False,True,,782,21.16838264042747
36,2026-09-14T02:06:31.377+00:00,2026-09-14T02:07:51.870+00:00,2026-09-14T02:08:02.894+00:00,True,168,168.0,,168.0,80493.381745,91516.954993,91516.955166,544.74378075,0.0,80493.381745,6205.159759512144,94.69182135,66.00942064670659,25.789212478423302,1.8357254129887741,15,64,,False,True,,864,21.16838264042747
37,2026-09-14T02:06:35.039+00:00,2026-09-14T02:07:58.037+00:00,2026-09-14T02:08:13.161+00:00,True,233,233.0,,233.0,82998.667134,98122.722174,98122.722282,421.1275634420601,36.422023,82998.667134,5433.195522064319,95.17153119999999,65.1898924137931,21.607699411287886,2.3745774152782224,15,64,,False,True,,1003,21.16838264042747
38,2026-09-14T02:06:37.559+00:00,2026-09-14T02:08:02.149+00:00,2026-09-14T02:08:15.815+00:00,True,212,212.0,,212.0,84590.554663,98256.024359,98256.024488,463.47181362264155,0.0,84590.554663,5805.315394597742,96.7282005,64.76525922274881,26.532401758353735,2.157628515737736,15,64,,False,True,,837,21.16838264042747
39,2026-09-14T02:06:40.101+00:00,2026-09-14T02:08:07.121+00:00,2026-09-14T02:08:17.814+00:00,True,165,165.0,,165.0,87019.612029,97712.774525,97712.774525,592.1986334848484,0.0,87019.612029,6769.448476334245,94.427909,65.20221034146341,27.82885217540266,1.6886226064308965,15,64,,False,True,,853,21.16838264042747
40,2026-09-14T02:06:42.797+00:00,2026-09-14T02:08:11.901+00:00,2026-09-14T02:08:21.014+00:00,True,137,137.0,,137.0,89103.474363,98216.632251,98216.632251,716.909724459854,0.0,89103.474363,7606.953644161611,94.35940419999999,67.00851388235294,29.034491718560986,1.3948757645231225,15,64,,False,True,,487,21.16838264042747
41,2026-09-14T02:06:46.123+00:00,2026-09-14T02:08:18.208+00:00,2026-09-14T02:08:29.511+00:00,True,172,172.0,,172.0,92084.576815,103388.34308699999,103388.34302999999,601.095017616279,0.01575,92084.576815,7016.521485703195,95.27054704999999,66.10389632748539,50.22423777937995,1.6636304912562936,15,64,,False,True,,334,21.16838264042747
42,2026-09-14T02:06:49.636+00:00,2026-09-14T02:08:24.642+00:00,2026-09-14T02:08:41.989+00:00,True,259,259.0,,259.0,95005.91401600001,112352.31785600001,112352.317905,433.7927332239383,0.0,95005.91401600001,5899.253230171547,97.166352,67.23412341085272,24.505126368113128,2.3052483913323063,15,64,,False,True,,1215,21.16838264042747
43,2026-09-14T02:06:53.754+00:00,2026-09-14T02:08:31.522+00:00,2026-09-14T02:08:39.429+00:00,True,117,117.0,,117.0,97767.983244,105675.605644,105675.6054,903.2103025641026,0.0,97767.983244,9032.391663687542,96.0179396,68.16915862068966,27.218176564066244,1.1071618590401044,15,64,,False,True,,475,21.16838264042747
44,2026-09-14T02:06:57.500+00:00,2026-09-14T02:08:37.627+00:00,2026-09-14T02:08:45.752+00:00,True,125,125.0,,125.0,100126.98712199999,108252.818802,108252.81880699999,866.022550456,41.295973,100126.98712199999,8949.796085896465,95.08144700000001,65.5309006451613,22.221444218857595,1.1547043428830381,15,64,,False,True,,574,21.16838264042747
45,2026-09-14T02:06:59.818+00:00,2026-09-14T02:08:42.473+00:00,2026-09-14T02:08:51.307+00:00,True,135,135.0,,135.0,102655.282664,111488.933096,111488.93302499999,825.8439483333333,39.460557,102655.282664,8829.513581435684,94.15594879999999,65.92276441791044,22.04141713587883,1.2108825176733486,15,64,,False,True,,646,21.16838264042747
46,2026-09-14T02:07:02.454+00:00,2026-09-14T02:08:47.282+00:00,2026-09-14T02:09:02.969+00:00,True,238,238.0,,238.0,104828.327076,120515.38858,120515.38874,506.36717957983194,0.0,104828.327076,6790.776308334523,95.20663235,66.19013292827005,27.533593871016794,1.9748515339351198,15,64,,False,True,,1083,21.16838264042747
47,2026-09-14T02:07:05.248+00:00,2026-09-14T02:08:53.008+00:00,2026-09-14T02:09:02.408+00:00,True,143,143.0,,143.0,107759.745385,117159.885417,117159.885462,819.2998983356644,0.0,107759.745385,9005.839079784728,95.90951999999999,66.19816923943662,30.783406692222524,1.2205542834992444,15,64,,False,True,,676,21.16838264042747
48,2026-09-14T02:07:07.940+00:00,2026-09-14T02:08:57.678+00:00,2026-09-14T02:09:10.795+00:00,True,204,204.0,,204.0,109737.577235,122855.04513900001,122855.04514100001,602.2306134362746,0.0,109737.577235,7678.695097204497,94.4935995,64.61806849261083,28.34900929126846,1.6604934682917694,15,64,,False,True,,511,21.16838264042747
49,2026-09-14T02:07:11.036+00:00,2026-09-14T02:09:02.775+00:00,2026-09-14T02:09:13.136+00:00,True,160,160.0,,160.0,111739.314465,122100.353825,122100.354042,763.1272127625,40.108195,111739.314465,8828.643413661348,96.220131,65.16376955974843,21.746659963333677,1.3103975130925465,15,64,,False,True,,732,21.16838264042747
50,2026-09-14T02:07:15.302+00:00,2026-09-14T02:09:10.697+00:00,2026-09-14T02:09:18.201+00:00,True,110,110.0,,110.0,115395.213948,122898.65228400001,122898.652371,1117.2604761,0.01611,115395.213948,10996.191678543624,98.67449734999998,68.83888381651376,74.97545208869649,0.895046430174082,15,64,,False,True,,572,21.16838264042747
51,2026-09-14T02:07:18.954+00:00,2026-09-14T02:09:17.083+00:00,2026-09-14T02:09:29.797+00:00,True,189,189.0,,189.0,118128.979141,130843.226565,130843.226589,692.2922041746032,0.0,118128.979141,8587.907647769158,95.3717424,67.62897565957446,59.93941679544693,1.4444767601791675,15,64,,False,True,,753,21.16838264042747
52,2026-09-14T02:07:22.510+00:00,2026-09-14T02:09:23.741+00:00,2026-09-14T02:09:33.357+00:00,True,146,146.0,,146.0,121230.389016,130846.167832,130846.167848,896.2066290958904,38.48953899999999,121230.389016,10027.63308432897,95.22433825,66.3157159724138,21.565368404798615,1.1158141076585197,15,64,,False,True,,718,21.16838264042747
53,2026-09-14T02:07:25.544+00:00,2026-09-14T02:09:28.634+00:00,2026-09-14T02:09:39.228+00:00,True,162,162.0,,162.0,123089.288575,133683.92844699998,133683.928509,825.2094352407407,41.247963000000006,123089.288575,9665.661405979805,94.64327354999999,65.8052165962733,21.472594944376585,1.2118135805997514,15,64,,False,True,,773,21.16838264042747
54,2026-09-14T02:07:29.546+00:00,2026-09-14T02:09:35.196+00:00,2026-09-14T02:09:45.662+00:00,True,159,159.0,,159.0,125649.88172599999,136115.61458999998,136115.61453199998,856.0730473710692,0.0,125649.88172599999,9959.481537695458,95.7163349,66.23881559493671,31.918337599120505,1.1681246158196554,15,64,,False,True,,825,21.16838264042747
55,2026-09-14T02:07:33.189+00:00,2026-09-14T02:09:42.200+00:00,2026-09-14T02:09:57.357+00:00,True,230,230.0,,230.0,129011.61516,144168.12280800001,144168.12276,626.8179250434782,0.0,129011.61516,8502.460656224563,93.61354395000001,66.18562291703057,29.46123225925967,1.5953596087694712,15,64,,False,True,,1185,21.16838264042747
56,2026-09-14T02:07:35.598+00:00,2026-09-14T02:09:46.026+00:00,2026-09-14T02:10:01.666+00:00,True,234,234.0,,234.0,130427.612197,146067.712293,146067.712225,624.2209924145299,32.465120999999996,130427.612197,8521.95966132145,94.142099,67.12489311587983,21.897689136323454,1.6019967474441918,15,64,,False,True,,1043,21.16838264042747
57,2026-09-14T02:07:39.059+00:00,2026-09-14T02:09:52.469+00:00,2026-09-14T02:10:09.940+00:00,True,261,261.0,,261.0,133409.55515600002,150881.098452,150881.09860700002,578.0885004099617,35.526535,133409.55515600002,8253.713941598528,94.66075,67.19824344615385,22.01788187890047,1.7298389438954958,15,64,,False,True,,1163,21.16838264042747
58,2026-09-14T02:07:41.678+00:00,2026-09-14T02:09:56.351+00:00,2026-09-14T02:10:14.461+00:00,True,273,273.0,,273.0,134673.119824,152783.49192,152783.491846,559.6464902783882,0.0,134673.119824,8146.805555653875,94.8359,66.58225035294117,27.810625144092377,1.786842260045656,15,64,,False,True,,1049,21.16838264042747
59,2026-09-14T02:07:44.031+00:00,2026-09-14T02:10:01.026+00:00,2026-09-14T02:10:09.121+00:00,True,122,122.0,,122.0,136994.130349,145089.91863700002,145089.91875100002,1189.2616291065574,39.194646999999996,136994.130349,12396.827734068946,96.12888600000001,66.90734122314049,22.048706533337317,0.8408578703888545,15,64,,False,True,,598,21.16838264042747
60,2026-09-14T02:07:47.550+00:00,2026-09-14T02:10:07.397+00:00,2026-09-14T02:10:19.224+00:00,True,178,178.0,,178.0,139847.39853900002,151674.07937100003,151674.07938100002,852.1015695561798,0.0,139847.39853900002,10477.250283350852,97.0413205,66.81740583050848,72.98522414746179,1.1735690154716936,15,64,,False,True,,857,21.16838264042747
61,2026-09-14T02:07:51.084+00:00,2026-09-14T02:10:13.797+00:00,2026-09-14T02:10:32.186+00:00,True,279,279.0,,279.0,142712.96374200002,161101.29321400003,161101.29309700002,577.4239895949821,0.016959,142712.96374200002,8540.232840685405,97.14628099999999,66.14507004316546,57.24835810376397,1.7318296733309793,15,64,,False,True,,1415,21.16838264042747
62,2026-09-14T02:07:55.044+00:00,2026-09-14T02:10:20.624+00:00,2026-09-14T02:10:35.880+00:00,True,228,228.0,,228.0,145580.14903200002,160836.230952,160836.23097200002,705.4220656666668,39.374067000000004,145580.14903200002,9636.854220351435,95.82024750000001,67.20740933920705,21.663701276109613,1.4175910405911236,15,64,,False,True,,1079,21.16838264042747
63,2026-09-14T02:07:57.588+00:00,2026-09-14T02:10:25.929+00:00,2026-09-14T02:10:43.537+00:00,True,265,265.0,,265.0,148341.574008,165949.597048,165949.59689,626.2248939245283,0.0,148341.574008,9108.505175980914,95.52155020000001,66.69705696969697,30.80374071769586,1.5968704035078207,15,64,,False,True,,1321,21.16838264042747
64,2026-09-14T02:08:00.087+00:00,2026-09-14T02:10:29.560+00:00,2026-09-14T02:10:41.871+00:00,True,184,184.0,,184.0,149472.435026,161783.35957,161783.35939599999,879.2573880217391,0.0,149472.435026,11014.346382579653,95.83281665,67.272811715847,33.838015699979515,1.1373233964793974,15,64,,False,True,,773,21.16838264042747
65,2026-09-14T02:08:04.150+00:00,2026-09-14T02:10:36.836+00:00,2026-09-14T02:10:55.381+00:00,True,283,283.0,,283.0,152685.85101399999,171231.37063,171231.37073599998,605.0578471236748,0.0,152685.85101399999,9072.372692513753,95.75943799999999,65.76425395744681,30.24227207973967,1.6527345366609942,15,64,,False,True,,1162,21.16838264042747
66,2026-09-14T02:08:07.607+00:00,2026-09-14T02:10:43.301+00:00,2026-09-14T02:10:50.919+00:00,True,117,117.0,,117.0,155693.722875,163311.948027,163311.948156,1395.8286167179488,7.395493999999999,155693.722875,14387.83626049444,96.70211579999999,65.67435475862068,22.91155629151283,0.7164203318464896,15,64,,False,True,,613,21.16838264042747
67,2026-09-14T02:08:11.134+00:00,2026-09-14T02:10:48.774+00:00,2026-09-14T02:11:04.927+00:00,True,247,247.0,,247.0,157640.2488,173793.333472,173793.3334,703.6167344129555,0.055060000000000005,157640.2488,10026.2543667308,93.5317513,65.66294582113821,21.782497764531172,1.4212282776645997,15,64,,False,True,,1170,21.16838264042747
68,2026-09-14T02:08:14.448+00:00,2026-09-14T02:10:54.462+00:00,2026-09-14T02:11:02.943+00:00,True,132,132.0,,132.0,160014.10700400002,168495.49759600003,168495.49753800003,1276.4810419545456,39.540366999999996,160014.10700400002,13921.82095040503,92.26032610000001,64.74343963358778,21.061603748052878,0.7834037222555055,15,64,,False,True,,609,21.16838264042747
69,2026-09-14T02:08:16.952+00:00,2026-09-14T02:10:58.582+00:00,2026-09-14T02:11:10.006+00:00,True,172,172.0,,172.0,161630.230159,173053.730447,173053.730471,1006.1263399476744,0.0,161630.230159,12319.141582032755,94.29343055,66.80409525146199,33.7039012938224,0.9939109636973544,15,64,,False,True,,802,21.16838264042747
70,2026-09-14T02:08:21.164+00:00,2026-09-14T02:11:06.719+00:00,2026-09-14T02:11:23.173+00:00,True,247,247.0,,247.0,165555.264921,182008.367769,182008.367815,736.8759830566802,0.0,165555.264921,10529.820510350475,95.772733,66.88253190243903,31.489670035498644,1.357080462989952,15,64,,False,True,,891,21.16838264042747
71,2026-09-14T02:08:24.327+00:00,2026-09-14T02:11:11.981+00:00,2026-09-14T02:11:28.665+00:00,True,252,252.0,,252.0,167654.30111899998,184337.755839,184337.755698,731.499030547619,0.01604,167654.30111899998,10557.265000043317,95.95624049999998,66.46794709163346,68.882682120183,1.3670558093378116,15,64,,False,True,,1180,21.16838264042747
72,2026-09-14T02:08:26.724+00:00,2026-09-14T02:11:16.362+00:00,2026-09-14T02:11:29.598+00:00,True,201,201.0,,201.0,169637.211469,182873.19457300002,182873.194553,909.8168883233831,0.015729,169637.211469,11960.857783693698,97.256675,66.17991552000001,75.86796034776134,1.099122265946768,15,64,,False,True,,1064,21.16838264042747
73,2026-09-14T02:08:30.935+00:00,2026-09-14T02:11:24.790+00:00,2026-09-14T02:11:32.940+00:00,True,120,120.0,,120.0,173854.96654499997,182005.03425699996,182005.03429799998,1516.7086191499998,0.01575,173854.96654499997,15864.754552014185,95.80177295000001,68.48796396638656,96.68367707387816,0.6593224219861642,15,64,,False,True,,597,21.16838264042747
74,2026-09-14T02:08:33.755+00:00,2026-09-14T02:11:29.600+00:00,2026-09-14T02:11:45.142+00:00,True,234,234.0,,234.0,175845.16994,191387.298068,191387.298204,817.8944367692308,0.0,175845.16994,11491.039585565239,94.75220815,66.7044125665236,31.06812958589696,1.2226516720919467,15,64,,False,True,,558,21.16838264042747
75,2026-09-14T02:08:36.952+00:00,2026-09-14T02:11:34.253+00:00,2026-09-14T02:11:41.883+00:00,True,117,117.0,,117.0,177301.218553,184931.850233,184931.85025100003,1580.6141047094018,0.0,177301.218553,16385.46785853386,96.3216948,65.78130758620689,38.947346508326746,0.6326654919235867,15,64,,False,True,,396,21.16838264042747
76,2026-09-14T02:08:40.714+00:00,2026-09-14T02:11:41.887+00:00,2026-09-14T02:12:01.227+00:00,True,287,287.0,,287.0,181173.113426,200513.57781,200513.577805,698.6535812020905,13.152201999999999,181173.113426,10690.34252281266,95.84346259999998,67.62400134265734,22.45246955666647,1.4313245174446574,15,64,,False,True,,1025,21.16838264042747
77,2026-09-14T02:08:43.351+00:00,2026-09-14T02:11:45.492+00:00,2026-09-14T02:12:05.657+00:00,True,299,299.0,,299.0,182141.051606,202305.519318,202305.519068,676.6070871839464,38.831338,182141.051606,10529.601730639173,96.913457,67.66599903355704,23.42518084815095,1.4779626428778143,15,64,,False,True,,1400,21.16838264042747
78,2026-09-14T02:08:46.608+00:00,2026-09-14T02:11:51.471+00:00,2026-09-14T02:12:07.624+00:00,True,237,237.0,,237.0,184862.94097099997,201015.40100299998,201015.401119,848.1662494472573,40.154135000000004,184862.94097099997,12003.715010613474,97.74189259999999,68.4426272542373,23.2557271018706,1.179014139302008,15,64,,False,True,,1363,21.16838264042747
79,2026-09-14T02:08:50.329+00:00,2026-09-14T02:11:58.662+00:00,2026-09-14T02:12:15.470+00:00,True,245,245.0,,245.0,188333.75016999998,205141.250714,205141.250637,837.3112270897958,0.0,188333.75016999998,12027.84585857872,98.684588,68.88319895081968,32.86137366396661,1.1942990458879943,15,64,,False,True,,1124,21.16838264042747
80,2026-09-14T02:08:53.157+00:00,2026-09-14T02:12:04.029+00:00,2026-09-14T02:12:22.585+00:00,True,270,270.0,,270.0,190872.009551,209427.701071,209427.701104,775.658152237037,0.0,190872.009551,11611.94842931124,98.64917750000001,68.98026587360596,32.69366706664744,1.2892277316670007,15,64,,False,True,,1299,21.16838264042747
81,2026-09-14T02:08:56.538+00:00,2026-09-14T02:12:09.885+00:00,2026-09-14T02:12:28.551+00:00,True,278,278.0,,278.0,193346.546751,212012.351551,212012.351532,762.6343580287769,0.0,193346.546751,11592.15675785813,95.845656,67.38557689530685,31.633427718766292,1.311244358954844,15,64,,False,True,,1352,21.16838264042747
82,2026-09-14T02:09:00.761+00:00,2026-09-14T02:12:17.442+00:00,2026-09-14T02:12:26.757+00:00,True,136,136.0,,136.0,196680.942592,205996.00358400002,205996.00341,1514.6764956617646,41.196063,196680.942592,16859.348736344884,93.75433700000002,69.0004517925926,21.64108004527954,0.6602069828240265,15,64,,False,True,,702,21.16838264042747
83,2026-09-14T02:09:03.794+00:00,2026-09-14T02:12:21.808+00:00,2026-09-14T02:12:34.335+00:00,True,192,192.0,,192.0,198013.820676,210540.620036,210540.619906,1096.5657286770834,39.205757,198013.820676,14285.699109268224,94.40821805,65.58533696335078,21.261775522197823,0.9119380382140521,15,64,,False,True,,872,21.16838264042747
84,2026-09-14T02:09:06.515+00:00,2026-09-14T02:12:27.250+00:00,2026-09-14T02:12:40.025+00:00,True,199,199.0,,199.0,200734.267235,213509.671011,213509.67084,1072.91291879397,39.743296,200734.267235,14225.117092715174,94.433857,64.5222412929293,21.408736131482485,0.9320420899798377,15,64,,False,True,,1348,21.16838264042747
85,2026-09-14T02:09:09.075+00:00,2026-09-14T02:12:32.969+00:00,2026-09-14T02:12:47.609+00:00,True,222,222.0,,222.0,203893.700938,218534.451274,218534.451132,984.3894195135135,36.169444000000006,203893.700938,13680.020038656901,94.81915954999998,66.24773907692308,21.676085687525287,1.015858134522025,15,64,,False,True,,968,21.16838264042747
86,2026-09-14T02:09:11.896+00:00,2026-09-14T02:12:37.179+00:00,2026-09-14T02:12:43.841+00:00,True,103,103.0,,103.0,205282.276934,211944.758086,211944.75822299998,2057.7160992524273,41.996231,205282.276934,20220.638432876603,94.18374520000002,65.31844266666667,20.8805167168629,0.4859756897512233,15,64,,False,True,,482,21.16838264042747
87,2026-09-14T02:09:15.099+00:00,2026-09-14T02:12:43.435+00:00,2026-09-14T02:12:55.957+00:00,True,195,195.0,,195.0,208336.43249099999,220858.320491,220858.32059999998,1132.6067723076922,0.0,208336.43249099999,14914.93935963432,94.75034169999999,64.5458144329897,91.58973786001113,0.8829189661792537,15,64,,False,True,,917,21.16838264042747
88,2026-09-14T02:09:18.498+00:00,2026-09-14T02:12:49.988+00:00,2026-09-14T02:12:56.954+00:00,True,107,107.0,,107.0,211490.10149,218455.998706,218455.998789,2041.644848495327,0.0,211490.10149,20439.516323089374,95.1713083,65.71601147169811,120.09845453916401,0.4898011527895901,15,64,,False,True,,478,21.16838264042747
89,2026-09-14T02:09:21.965+00:00,2026-09-14T02:12:55.476+00:00,2026-09-14T02:13:02.192+00:00,True,100,100.0,,100.0,213511.832634,220227.52953,220227.52938999998,2202.2752938999997,39.185987000000004,213511.832634,21344.411113296876,98.54641149999999,67.83532218181819,22.15494885143233,0.4540758379000829,15,64,,False,True,,484,21.16838264042747
90,2026-09-14T02:09:25.668+00:00,2026-09-14T02:13:01.829+00:00,2026-09-14T02:13:10.838+00:00,True,137,137.0,,137.0,216161.116297,225169.683593,225169.683361,1643.5743311021897,36.876152000000005,216161.116297,18462.244354082944,95.795754,66.2394654117647,22.05154848237348,0.6084300417974163,15,64,,False,True,,588,21.16838264042747
91,2026-09-14T02:09:28.468+00:00,2026-09-14T02:13:06.039+00:00,2026-09-14T02:13:13.329+00:00,True,112,112.0,,112.0,217570.966338,224860.980546,224860.980641,2007.6873271517857,28.944169000000002,217570.966338,20552.329198571333,95.37937455,65.67580367567568,21.428393057256052,0.4980855270133809,15,64,,False,True,,514,21.16838264042747
92,2026-09-14T02:09:31.777+00:00,2026-09-14T02:13:11.914+00:00,2026-09-14T02:13:18.596+00:00,True,101,101.0,,101.0,220137.420745,226819.753161,226819.753046,2245.740129168317,41.293382,220137.420745,21897.854844684156,94.574439,66.82332416,22.99615927034912,0.44528749631567016,15,64,,False,True,,479,21.16838264042747
93,2026-09-14T02:09:35.938+00:00,2026-09-14T02:13:19.748+00:00,2026-09-14T02:13:38.049+00:00,True,281,281.0,,281.0,223809.544319,242110.778751,242110.778732,861.6041947758007,0.0,223809.544319,13347.50278873908,94.713989,65.36155154285714,34.28386436332566,1.1606257327725,15,64,,False,True,,1511,21.16838264042747
94,2026-09-14T02:09:39.937+00:00,2026-09-14T02:13:27.054+00:00,2026-09-14T02:13:42.699+00:00,True,237,237.0,,237.0,227116.74493000002,242761.635042,242761.63493700002,1024.310695936709,0.0,227116.74493000002,14748.557374355083,94.6145868,66.29190725423729,36.746032638127446,0.9762662867178201,15,64,,False,True,,1008,21.16838264042747
95,2026-09-14T02:09:43.284+00:00,2026-09-14T02:13:32.287+00:00,2026-09-14T02:13:39.731+00:00,True,115,115.0,,115.0,229002.6959,236447.303388,236447.303551,2056.0635091391305,35.799274,229002.6959,21348.53255700727,92.60184,65.30357445614035,21.412529982913725,0.4863662996032984,15,64,,False,True,,532,21.16838264042747
96,2026-09-14T02:09:47.242+00:00,2026-09-14T02:13:39.912+00:00,2026-09-14T02:13:52.368+00:00,True,185,185.0,,185.0,232670.621926,245126.093286,245126.09338099998,1325.0059101675674,40.147904000000004,232670.621926,17101.32166990142,94.807526,67.69277913043479,22.102006631356414,0.7547136150216041,15,64,,False,True,,689,21.16838264042747
97,2026-09-14T02:09:50.034+00:00,2026-09-14T02:13:45.097+00:00,2026-09-14T02:14:02.543+00:00,True,264,264.0,,264.0,235063.05852599998,252508.79343799996,252508.79361499997,956.4727030871211,29.692707,235063.05852599998,14463.065748375664,95.30884764999999,66.33359282129277,22.29897049700378,1.0455081441146783,15,64,,False,True,,1097,21.16838264042747
98,2026-09-14T02:09:54.209+00:00,2026-09-14T02:13:52.910+00:00,2026-09-14T02:14:12.099+00:00,True,286,286.0,,286.0,238701.52735299998,257889.948217,257889.948323,901.7131060244755,37.34345,238701.52735299998,14110.75454229803,96.20468625000001,67.32779250526316,22.896833021443292,1.1090001839053727,15,64,,False,True,,1504,21.16838264042747
99,2026-09-14T02:09:58.379+00:00,2026-09-14T02:14:00.213+00:00,2026-09-14T02:14:18.814+00:00,True,275,275.0,,275.0,241833.94943500002,260435.04204300002,260435.04198900002,947.0365163236364,0.0,241833.94943500002,14579.090329438919,95.813439,67.88719929927008,37.56917379670116,1.0559254923713193,15,64,,False,True,,1227,21.16838264042747
100,2026-09-14T02:10:01.319+00:00,2026-09-14T02:14:05.853+00:00,2026-09-14T02:14:21.950+00:00,True,239,239.0,,239.0,244533.111344,260630.340912,260630.34100400002,1090.5035188451884,0.0,244533.111344,15813.206401437814,96.455038,67.63541835294117,39.57744641913197,0.9170075869282489,15,64,,False,True,,984,21.16838264042747
101,2026-09-14T02:10:05.450+00:00,2026-09-14T02:14:13.819+00:00,2026-09-14T02:14:27.986+00:00,True,214,214.0,,214.0,248368.772648,262535.49572,262535.49553,1226.8013809813085,35.890274,248368.772648,16973.607295908445,96.08916369999999,66.51043695774648,21.9190457554784,0.8151278721877508,15,64,,False,True,,1124,21.16838264042747
102,2026-09-14T02:10:07.917+00:00,2026-09-14T02:14:18.132+00:00,2026-09-14T02:14:36.857+00:00,True,282,282.0,,282.0,250215.529511,268940.294951,268940.29478,953.6889885815602,0.01609,250215.529511,14896.416302969033,95.0193959,66.6361759430605,89.26064783534562,1.0485598673541257,15,64,,False,True,,1414,21.16838264042747
103,2026-09-14T02:10:11.504+00:00,2026-09-14T02:14:24.673+00:00,2026-09-14T02:14:39.010+00:00,True,216,216.0,,216.0,253169.202646,267506.29602199997,267506.295851,1238.4550733842593,0.0155,253169.202646,17221.73244867551,92.57076149999999,66.68415523720931,99.72012898816143,0.8074576307625895,15,64,,False,True,,1073,21.16838264042747
104,2026-09-14T02:10:15.388+00:00,2026-09-14T02:14:31.929+00:00,2026-09-14T02:14:48.455+00:00,True,265,265.0,,265.0,256541.21406,273067.581804,273067.581851,1030.4437050981132,0.01597,256541.21406,15755.3767546015,93.0971902,62.59987781818182,25.605528898006323,0.9704557320546724,15,64,,False,True,,1148,21.16838264042747
105,2026-09-14T02:10:18.467+00:00,2026-09-14T02:14:35.877+00:00,2026-09-14T02:14:45.369+00:00,True,149,149.0,,149.0,257409.991053,266902.265741,266902.265812,1791.2903745771812,38.359349,257409.991053,21082.604133761957,92.59330879999999,64.13699113513513,20.918513488142903,0.5582567820708892,15,64,,False,True,,654,21.16838264042747
106,2026-09-14T02:10:21.903+00:00,2026-09-14T02:14:42.230+00:00,2026-09-14T02:14:58.319+00:00,True,246,246.0,,246.0,260326.454951,276415.62819899997,276415.628159,1123.6407648739837,35.463874000000004,260326.454951,16593.635895597385,94.32945899999999,65.67009488979592,21.845271630956475,0.8899641514585317,15,64,,False,True,,1292,21.16838264042747
107,2026-09-14T02:10:25.964+00:00,2026-09-14T02:14:48.593+00:00,2026-09-14T02:15:06.848+00:00,True,269,269.0,,269.0,262629.303643,280884.25916300004,280884.25917000003,1044.1794021189592,0.0,262629.303643,16008.684659493456,95.96594599999999,68.1155056716418,38.649165471420346,0.9576898356696326,15,64,,False,True,,603,21.16838264042747
108,2026-09-14T02:10:28.488+00:00,2026-09-14T02:14:53.919+00:00,2026-09-14T02:15:03.307+00:00,True,138,138.0,,138.0,265431.72281400004,274819.20697400003,274819.20682500006,1991.4435277173916,0.0,265431.72281400004,22589.269421511217,94.7079958,68.52178218978102,49.404411372815545,0.502148308771795,15,64,,False,True,,737,21.16838264042747
109,2026-09-14T02:10:32.397+00:00,2026-09-14T02:15:01.081+00:00,2026-09-14T02:15:09.487+00:00,True,124,124.0,,124.0,268683.80916299997,277089.644683,277089.64479,2234.5939095967738,40.129934999999996,268683.80916299997,24122.39103318683,95.6729493,68.34012617886178,21.84461555157575,0.44750860372952667,15,64,,False,True,,165,21.16838264042747
110,2026-09-14T02:10:36.633+00:00,2026-09-14T02:15:07.739+00:00,2026-09-14T02:15:14.209+00:00,True,100,100.0,,100.0,271106.361689,277576.21564099996,277576.21557,2775.7621556999998,40.275285000000004,271106.361689,27104.11022520124,96.42442795,65.35206012121212,22.52138123959858,0.3602614142176139,15,64,,False,True,,257,21.16838264042747
111,2026-09-14T02:10:39.430+00:00,2026-09-14T02:15:13.284+00:00,2026-09-14T02:15:32.276+00:00,True,276,276.0,,276.0,273854.070444,292845.273004,292845.272971,1061.0335977210145,40.540954,273854.070444,16479.936540818053,96.97436725,69.05891840000001,22.60982427656665,0.9424772241286273,15,64,,False,True,,1164,21.16838264042747
112,2026-09-14T02:10:41.748+00:00,2026-09-14T02:15:16.935+00:00,2026-09-14T02:15:33.009+00:00,True,234,234.0,,234.0,275187.05358999997,291260.90651799995,291260.90654399997,1244.7047288205126,40.403284,275187.05358999997,17985.044934634785,96.35670099999999,68.9864932532189,22.696312683531076,0.8034033911294538,15,64,,False,True,,1213,21.16838264042747
113,2026-09-14T02:10:44.188+00:00,2026-09-14T02:15:21.334+00:00,2026-09-14T02:15:31.405+00:00,True,146,146.0,,146.0,277146.09274,287216.25926799997,287216.259113,1967.234651458904,40.403474,277146.09274,22931.037718780797,97.30467149999998,69.44942433103448,23.103603939627465,0.5083277679755872,15,64,,False,True,,702,21.16838264042747
114,2026-09-14T02:10:48.391+00:00,2026-09-14T02:15:29.496+00:00,2026-09-14T02:15:46.359+00:00,True,250,250.0,,250.0,281104.72160000005,297967.348416,297967.348607,1191.8693944280003,32.922941,281104.72160000005,17774.354867844108,95.53523945,67.72139283534136,22.607080528803614,0.8390181049333245,15,64,,False,True,,1062,21.16838264042747
115,2026-09-14T02:10:52.541+00:00,2026-09-14T02:15:36.671+00:00,2026-09-14T02:15:51.354+00:00,True,223,223.0,,223.0,284129.577588,298813.213044,298813.213037,1339.9695651883408,0.0,284129.577588,19022.34239069714,95.895353,66.14250205405405,42.74331362360132,0.746285606745119,15,64,,False,True,,485,21.16838264042747
116,2026-09-14T02:10:56.060+00:00,2026-09-14T02:15:42.511+00:00,2026-09-14T02:15:56.077+00:00,False,209,208.0,,208.0,286451.31095599994,300016.55869999994,300016.5588439999,1435.4859274832534,0.0,286451.31095599994,19809.788207266938,94.215031,65.21753723076924,43.66879571517977,0.693295066449944,15,64,,False,False,Request timeout: 300.0s exceeded,995,21.16838264042747
117,2026-09-14T02:10:58.882+00:00,2026-09-14T02:15:48.242+00:00,2026-09-14T02:15:58.945+00:00,False,164,163.0,,163.0,289359.958776,300062.55461600004,300062.554543,1829.6497228231708,0.0,289359.958776,22590.141492505936,95.90817500000001,65.66009717791411,48.63543811367363,0.5432200635917284,15,64,,False,False,Request timeout: 300.0s exceeded,347,21.16838264042747
118,2026-09-14T02:11:02.912+00:00,2026-09-14T02:15:55.006+00:00,2026-09-14T02:16:02.952+00:00,False,113,112.0,,112.0,292093.741375,300039.92633499997,300039.926356,2655.220587221239,0.05189,292093.741375,27471.201716323118,92.96928159999999,70.94808,21.251638702937033,0.37328365383928935,15,64,,False,False,Request timeout: 300.0s exceeded,530,21.16838264042747
119,2026-09-14T02:11:06.467+00:00,2026-09-14T02:15:59.848+00:00,2026-09-14T02:16:06.493+00:00,False,97,96.0,,96.0,293380.869369,300026.044153,300026.04408300004,3093.0520008556705,0.055119999999999995,293380.869369,29781.29304980856,90.0763312,69.22057066666667,20.91849982828467,0.3199722219816499,15,64,,False,False,Request timeout: 300.0s exceeded,460,21.16838264042747
120,2026-09-14T02:11:10.613+00:00,2026-09-14T02:16:04.106+00:00,2026-09-14T02:16:10.692+00:00,False,98,97.0,,97.0,293492.85247399996,300078.35672999994,300078.356765,3062.0240486224484,0.0362,293492.85247399996,29640.403295391774,88.74574385,67.89179645360825,19.316081983299302,0.3232489042429582,15,64,,False,False,Request timeout: 300.0s exceeded,500,21.16838264042747
121,2026-09-14T02:11:13.057+00:00,2026-09-14T02:16:07.059+00:00,2026-09-14T02:16:13.146+00:00,False,89,88.0,,88.0,294001.754574,300089.042894,300089.042911,3371.7869990000004,0.023960000000000002,294001.754574,31156.797453315194,87.8638374,69.1737309090909,19.764277830031165,0.29324629500412686,15,64,,False,False,Request timeout: 300.0s exceeded,384,21.16838264042747
122,2026-09-14T02:11:16.814+00:00,2026-09-14T02:16:10.697+00:00,2026-09-14T02:16:16.863+00:00,False,93,92.0,,92.0,293882.616972,300048.05620399996,300048.056202,3226.323184967742,0.0371,293882.616972,30467.265015663,87.06198699999999,67.01564382608696,19.921349111465286,0.3066175504148243,15,64,,False,False,Request timeout: 300.0s exceeded,411,21.16838264042747
123,2026-09-14T02:11:21.025+00:00,2026-09-14T02:16:14.485+00:00,2026-09-14T02:16:21.050+00:00,False,98,97.0,,97.0,293459.595,300024.37707999995,300024.37697399996,3061.4732344285712,0.036950000000000004,293459.595,29637.06547369596,87.0972092,67.67816577319587,19.485380748677976,0.3233070623929183,15,64,,False,False,Request timeout: 300.0s exceeded,470,21.16838264042747
124,2026-09-14T02:11:23.391+00:00,2026-09-14T02:16:17.022+00:00,2026-09-14T02:16:23.423+00:00,False,94,93.0,,93.0,293630.936554,300032.238826,300032.23864600004,3191.832326021277,0.02894,293630.936554,30278.6255209699,87.75452965000001,68.83120722580645,19.58455934012038,0.3099666901260374,15,64,,False,False,Request timeout: 300.0s exceeded,352,21.16838264042747
125,2026-09-14T02:11:26.619+00:00,2026-09-14T02:16:20.369+00:00,2026-09-14T02:16:26.627+00:00,False,94,93.0,,93.0,293749.693604,300007.682468,300007.68244799995,3191.57108987234,0.02311,293749.693604,30291.03389275652,87.69607964999999,67.29020283870969,20.46773829804525,0.30999206165302035,15,64,,False,False,Request timeout: 300.0s exceeded,400,21.16838264042747
126,2026-09-14T02:11:29.463+00:00,2026-09-14T02:16:23.422+00:00,2026-09-14T02:16:29.494+00:00,False,96,95.0,,95.0,293958.717806,300031.04702199996,300031.04698399996,3125.323406083333,0.027649999999999997,293958.717806,29995.519389071662,89.374223,63.91925490526316,20.773784397564636,0.31663389820132204,15,64,,False,False,Request timeout: 300.0s exceeded,459,21.16838264042747
127,2026-09-14T02:11:33.446+00:00,2026-09-14T02:16:26.874+00:00,2026-09-14T02:16:33.473+00:00,False,113,112.0,,112.0,293427.563114,300027.026794,300027.026636,2655.1064304070796,0.015529999999999999,293427.563114,27598.22732797792,90.8331996,58.92378285714286,154.24946233850153,0.3732997030194208,15,64,,False,False,Request timeout: 300.0s exceeded,367,21.16838264042747
128,2026-09-14T02:11:36.242+00:00,2026-09-14T02:16:29.913+00:00,2026-09-14T02:16:36.319+00:00,False,105,104.0,,104.0,293671.267954,300077.07301,300077.072926,2857.8768850095234,0.015359999999999999,293671.267954,28653.792438488024,91.6144624,61.59427938461538,156.30885413556064,0.34657762739685954,15,64,,False,False,Request timeout: 300.0s exceeded,485,21.16838264042747
129,2026-09-14T02:11:39.921+00:00,2026-09-14T02:16:34.019+00:00,2026-09-14T02:16:39.953+00:00,False,85,84.0,,84.0,294098.497606,300032.602182,300032.602068,3529.795318447059,0.03597,294098.497606,31891.804361867038,87.71802,70.64410209523808,19.55803995405336,0.27996957460324773,15,64,,False,False,Request timeout: 300.0s exceeded,362,21.16838264042747
130,2026-09-14T02:11:42.658+00:00,2026-09-14T02:16:36.150+00:00,2026-09-14T02:16:42.777+00:00,False,88,87.0,,87.0,293492.64406300004,300119.59958300006,300119.59944900003,3410.4499937386367,0.039060000000000004,293492.64406300004,31278.363787259408,89.2848587,76.17190252873564,63.02125312720265,0.2898844331422599,15,64,,False,False,Request timeout: 300.0s exceeded,318,21.16838264042747
131,2026-09-14T02:11:45.059+00:00,2026-09-14T02:16:39.041+00:00,2026-09-14T02:16:45.107+00:00,False,95,94.0,,94.0,293981.35197,300047.32061,300047.320591,3158.392848326316,0.0,293981.35197,30155.300079607252,89.73043440000001,64.53158127659574,65.59163595686832,0.3132839173797547,15,64,,False,False,Request timeout: 300.0s exceeded,479,21.16838264042747
132,2026-09-14T02:11:48.150+00:00,2026-09-14T02:16:41.855+00:00,2026-09-14T02:16:48.187+00:00,False,101,100.0,,100.0,293705.07631599996,300037.60546799994,300037.605673,2970.6693630990094,0.0,293705.07631599996,29218.515106570147,91.249925,63.32529152,63.735808566107636,0.3332915547170148,15,64,,False,False,Request timeout: 300.0s exceeded,454,21.16838264042747
133,2026-09-14T02:11:50.587+00:00,2026-09-14T02:16:44.005+00:00,2026-09-14T02:16:50.635+00:00,False,100,99.0,,99.0,293418.430551,300047.937367,300047.93738899997,3000.47937389,0.02221,293418.430551,29335.154471866972,90.5883465,66.96471531313131,21.622491772106713,0.32994727732092144,15,64,,False,False,Request timeout: 300.0s exceeded,148,21.16838264042747
134,2026-09-14T02:11:54.679+00:00,2026-09-14T02:16:48.400+00:00,2026-09-14T02:16:54.735+00:00,False,93,92.0,,92.0,293721.096723,300055.746323,300055.746387,3226.405875129032,0.02151,293721.096723,30450.326060578685,89.5582348,68.85488695652174,20.874634555245954,0.3066096921235598,15,64,,False,False,Request timeout: 300.0s exceeded,362,21.16838264042747
135,2026-09-14T02:11:58.266+00:00,2026-09-14T02:16:52.331+00:00,2026-09-14T02:16:58.291+00:00,False,86,85.0,,85.0,294064.265996,300024.533772,300024.53361,3488.6573675581394,0.0256,294064.265996,31702.21067116836,89.07055874999998,70.12079736470588,20.715616650796242,0.2833101644434009,15,64,,False,False,Request timeout: 300.0s exceeded,411,21.16838264042747
136,2026-09-14T02:12:01.837+00:00,2026-09-14T02:16:55.756+00:00,2026-09-14T02:17:01.923+00:00,False,90,89.0,,89.0,293918.95225,300086.36140199995,300086.361338,3334.2929037555555,0.03534,293918.95225,30974.48005272825,90.20794300000001,69.29673204494382,20.462231841543815,0.29658128941346434,15,64,,False,False,Request timeout: 300.0s exceeded,363,21.16838264042747
137,2026-09-14T02:12:04.589+00:00,2026-09-14T02:16:58.373+00:00,2026-09-14T02:17:04.618+00:00,False,94,93.0,,93.0,293783.436433,300028.617617,300028.61748500005,3191.793803031915,0.02114,293783.436433,30294.528418945458,90.74964465000001,67.15248584946237,20.490716495309698,0.30997043128305407,15,64,,False,False,Request timeout: 300.0s exceeded,447,21.16838264042747
138,2026-09-14T02:12:08.475+00:00,2026-09-14T02:17:02.047+00:00,2026-09-14T02:17:08.515+00:00,False,95,94.0,,94.0,293572.252645,300040.247269,300040.247385,3158.318393526316,0.07859000000000001,293572.252645,30112.82487368762,89.4106844,68.80845344680851,20.45514959179578,0.31329130293551805,15,64,,False,False,Request timeout: 300.0s exceeded,465,21.16838264042747
139,2026-09-14T02:12:12.447+00:00,2026-09-14T02:17:06.262+00:00,2026-09-14T02:17:12.512+00:00,False,91,90.0,,90.0,293814.763586,300064.603202,300064.603278,3297.413222835165,0.02283,293814.763586,30792.882956704594,89.80998,69.4426624,19.930946909046362,0.29993541070691715,15,64,,False,False,Request timeout: 300.0s exceeded,312,21.16838264042747
140,2026-09-14T02:12:16.119+00:00,2026-09-14T02:17:10.518+00:00,2026-09-14T02:17:16.154+00:00,False,81,80.0,,80.0,294399.296815,300035.585839,300035.58595700003,3704.143036506173,0.02296,294399.296815,32703.210797560827,91.128246,70.4536128,19.93087530659397,0.2666350385614866,15,64,,False,False,Request timeout: 300.0s exceeded,409,21.16838264042747
141,2026-09-14T02:12:19.297+00:00,2026-09-14T02:17:12.837+00:00,2026-09-14T02:17:19.352+00:00,False,97,96.0,,96.0,293540.008117,300055.129013,300055.129006,3093.3518454226805,0.02118,293540.008117,29797.588329559414,90.12914059999999,67.86584266666667,20.394082967149043,0.3199412065235544,15,64,,False,False,Request timeout: 300.0s exceeded,449,21.16838264042747
142,2026-09-14T02:12:22.301+00:00,2026-09-14T02:17:16.645+00:00,2026-09-14T02:17:22.349+00:00,False,85,84.0,,84.0,294344.200118,300048.749494,300048.749653,3529.985290035294,0.04113,294344.200118,31918.751633232103,88.70032939999999,67.91130209523809,20.656492470043702,0.2799545078646619,15,64,,False,False,Request timeout: 300.0s exceeded,286,21.16838264042747
143,2026-09-14T02:12:26.217+00:00,2026-09-14T02:17:20.119+00:00,2026-09-14T02:17:26.230+00:00,False,90,89.0,,89.0,293901.80496700003,300012.75562300003,300012.75559400005,3333.475062155556,0.02524,293901.80496700003,30972.73912363412,88.09016304999999,68.66236692134832,19.974102252815896,0.2966540533091152,15,64,,False,False,Request timeout: 300.0s exceeded,397,21.16838264042747
144,2026-09-14T02:12:30.421+00:00,2026-09-14T02:17:24.119+00:00,2026-09-14T02:17:30.470+00:00,False,96,95.0,,95.0,293698.033811,300048.413843,300048.413824,3125.5043106666667,0.039559,293698.033811,29968.61424983465,88.68047424999999,66.8461056,20.067280063205573,0.3166155714114478,15,64,,False,False,Request timeout: 300.0s exceeded,186,21.16838264042747
145,2026-09-14T02:12:34.633+00:00,2026-09-14T02:17:28.565+00:00,2026-09-14T02:17:34.688+00:00,False,89,88.0,,88.0,293932.21137800004,300055.246258,300055.24629200005,3371.4072617078655,0.038840000000000006,293932.21137800004,31149.382916558214,89.432493,69.57994181818181,19.897888007462125,0.2932793247158689,15,64,,False,False,Request timeout: 300.0s exceeded,426,21.16838264042747
146,2026-09-14T02:12:38.189+00:00,2026-09-14T02:17:32.039+00:00,2026-09-14T02:17:38.233+00:00,False,93,92.0,,92.0,293849.55865799997,300043.89286599995,300043.892732,3226.278416473118,0.0,293849.55865799997,30463.870325594897,88.7090166,67.3297196521739,66.73786063120323,0.30662180496733965,15,64,,False,False,Request timeout: 300.0s exceeded,364,21.16838264042747
147,2026-09-14T02:12:40.504+00:00,2026-09-14T02:17:34.307+00:00,2026-09-14T02:17:40.589+00:00,False,98,97.0,,97.0,293803.12176099996,300084.42710499995,300084.42718999996,3062.0859917346934,0.0,293803.12176099996,29672.127227602203,89.45864755000001,64.75572519587628,65.44975188567193,0.3232423652762879,15,64,,False,False,Request timeout: 300.0s exceeded,451,21.16838264042747
148,2026-09-14T02:12:44.361+00:00,2026-09-14T02:17:37.982+00:00,2026-09-14T02:17:44.409+00:00,False,93,92.0,,92.0,293621.11747000006,300047.96060600004,300047.9604120001,3226.3221549677423,0.034409999999999996,293621.11747000006,30439.85398319831,89.78017659999999,69.85699060869565,19.65799611014535,0.3066176481059551,15,64,,False,False,Request timeout: 300.0s exceeded,352,21.16838264042747
149,2026-09-14T02:12:48.204+00:00,2026-09-14T02:17:41.708+00:00,2026-09-14T02:17:48.218+00:00,False,93,92.0,,92.0,293503.743853,300013.964397,300013.964379,3225.9566062258064,0.02163,293503.743853,30427.589028958606,88.8263826,70.7632667826087,19.809188273919094,0.3066523926141618,15,64,,False,False,Request timeout: 300.0s exceeded,348,21.16838264042747
150,2026-09-14T02:12:50.755+00:00,2026-09-14T02:17:44.618+00:00,2026-09-14T02:17:50.787+00:00,False,89,88.0,,88.0,293862.729069,300031.854701,300031.854693,3371.144434752809,0.03534,293862.729069,31141.962827929077,90.5363088,70.10370036363636,20.732304533710735,0.29330218982146866,15,64,,False,False,Request timeout: 300.0s exceeded,409,21.16838264042747
151,2026-09-14T02:12:54.514+00:00,2026-09-14T02:17:48.214+00:00,2026-09-14T02:17:54.598+00:00,False,98,97.0,,97.0,293700.55260500003,300084.520093,300084.520198,3062.0869407959185,0.03476,293700.55260500003,29661.595385397915,91.05107050000001,65.81409781443298,21.285068062928485,0.32324226511230386,15,64,,False,False,Request timeout: 300.0s exceeded,439,21.16838264042747
152,2026-09-14T02:12:58.774+00:00,2026-09-14T02:17:53.602+00:00,2026-09-14T02:17:58.838+00:00,False,78,77.0,,77.0,294827.406274,300064.101058,300064.101072,3846.975654769231,0.038009999999999995,294827.406274,33374.936270638784,90.2064899,68.00902316883116,21.222901643273158,0.25661183636597873,15,64,,False,False,Request timeout: 300.0s exceeded,170,21.16838264042747
153,2026-09-14T02:13:02.371+00:00,2026-09-14T02:17:55.706+00:00,2026-09-14T02:18:02.384+00:00,False,102,101.0,,101.0,293335.341164,300013.093996,300013.093956,2941.304842705882,0.04458,293335.341164,29037.98675495189,87.08720695,66.11636467326733,19.553626140856668,0.33665197293471,15,64,,False,False,Request timeout: 300.0s exceeded,415,21.16838264042747
154,2026-09-14T02:13:05.326+00:00,2026-09-14T02:17:59.147+00:00,2026-09-14T02:18:05.367+00:00,False,91,90.0,,90.0,293820.770608,300041.523248,300041.52342599997,3297.159598087912,0.05368,293820.770608,30793.54652644271,88.69282600000001,69.11947377777777,19.905325266200773,0.2999584824984717,15,64,,False,False,Request timeout: 300.0s exceeded,434,21.16838264042747
155,2026-09-14T02:13:08.120+00:00,2026-09-14T02:18:02.037+00:00,2026-09-14T02:18:08.141+00:00,False,87,86.0,,86.0,293917.370269,300020.668573,300020.668671,3448.513433,0.02428,293917.370269,31503.64782645231,89.37018500000002,70.96858493023255,20.774972141254484,0.2866469180574963,15,64,,False,False,Request timeout: 300.0s exceeded,421,21.16838264042747
156,2026-09-14T02:13:10.988+00:00,2026-09-14T02:18:04.801+00:00,2026-09-14T02:18:10.994+00:00,False,91,90.0,,90.0,293812.81596700003,300005.575007,300005.574854,3296.764558835165,0.04109,293812.81596700003,30792.7456574861,91.091217,68.80843377777778,20.517882325835245,0.2999944250966004,15,64,,False,False,Request timeout: 300.0s exceeded,349,21.16838264042747
157,2026-09-14T02:13:14.526+00:00,2026-09-14T02:18:08.311+00:00,2026-09-14T02:18:14.535+00:00,False,93,92.0,,92.0,293785.357576,300009.093896,300009.093847,3225.904234913978,0.02026,293785.357576,30457.114414598876,89.4615626,67.64930782608695,20.58152798859425,0.3066573709658693,15,64,,False,False,Request timeout: 300.0s exceeded,391,21.16838264042747
158,2026-09-14T02:13:18.645+00:00,2026-09-14T02:18:12.231+00:00,2026-09-14T02:18:18.661+00:00,False,98,97.0,,97.0,293585.152843,300015.723083,300015.723208,3061.384930693878,0.02621,293585.152843,29649.88907603319,88.68515150000002,66.29453855670103,20.358210229455423,0.3233163882319752,15,64,,False,False,Request timeout: 300.0s exceeded,414,21.16838264042747
159,2026-09-14T02:13:22.088+00:00,2026-09-14T02:18:15.750+00:00,2026-09-14T02:18:22.145+00:00,False,96,95.0,,95.0,293661.883277,300056.76302099996,300056.763157,3125.5912828854166,0.045520000000000005,293661.883277,29964.87674869094,87.17796999999999,67.31452362105264,19.922429722992717,0.3166067614791648,15,64,,False,False,Request timeout: 300.0s exceeded,228,21.16838264042747
160,2026-09-14T02:13:25.541+00:00,2026-09-14T02:18:19.006+00:00,2026-09-14T02:18:25.617+00:00,False,99,98.0,,98.0,293465.115339,300076.072651,300076.072483,3031.071439222222,0.02764,293465.115339,29487.580638858017,88.15783070000002,67.45874808163266,19.921130088937197,0.3265838530017612,15,64,,False,False,Request timeout: 300.0s exceeded,462,21.16838264042747
161,2026-09-14T02:13:27.899+00:00,2026-09-14T02:18:21.447+00:00,2026-09-14T02:18:27.986+00:00,False,97,96.0,,96.0,293547.293621,300086.864309,300086.864406,3093.6790144948454,0.026369,293547.293621,29798.30191698888,87.8630188,68.120528,19.9707153994669,0.31990737155741883,15,64,,False,False,Request timeout: 300.0s exceeded,412,21.16838264042747
162,2026-09-14T02:13:30.913+00:00,2026-09-14T02:18:24.552+00:00,2026-09-14T02:18:31.349+00:00,False,98,97.0,,97.0,293639.15848000004,300436.307664,300436.30749200005,3065.676607061225,0.019190000000000002,293639.15848000004,29654.96268267321,92.2274173,70.07370292783504,20.310484342845843,0.3228637735372591,15,64,,False,False,Request timeout: 300.0s exceeded,375,21.16838264042747
163,2026-09-14T02:13:34.478+00:00,2026-09-14T02:18:28.373+00:00,2026-09-14T02:18:34.522+00:00,False,97,96.0,,96.0,293894.248789,300043.796821,300043.79688,3093.235019381443,0.0,293894.248789,29834.00112839793,92.5557886,64.057792,62.7796231061255,0.3199532902100677,15,64,,False,False,Request timeout: 300.0s exceeded,453,21.16838264042747
164,2026-09-14T02:13:38.357+00:00,2026-09-14T02:18:32.812+00:00,2026-09-14T02:18:38.410+00:00,False,84,83.0,,83.0,294455.338435,300053.36569899996,300053.36585199996,3572.063879190476,0.0294,294455.338435,32120.359331071766,90.63079135,67.44611161445783,21.249716468320813,0.2766174603862363,15,64,,False,False,Request timeout: 300.0s exceeded,335,21.16838264042747
165,2026-09-14T02:13:42.520+00:00,2026-09-14T02:18:36.076+00:00,2026-09-14T02:18:42.573+00:00,False,94,93.0,,93.0,293555.856702,300053.412926,300053.41296600003,3192.057584744681,0.026699999999999998,293555.856702,30270.775207928073,90.33261065,69.86619595698924,20.096539247641747,0.3099448164681797,15,64,,False,False,Request timeout: 300.0s exceeded,499,21.16838264042747
166,2026-09-14T02:13:46.400+00:00,2026-09-14T02:18:40.464+00:00,2026-09-14T02:18:46.424+00:00,False,92,91.0,,91.0,294064.809679,300024.462031,300024.462219,3261.135458902174,0.02156,294064.809679,30651.55520355726,90.2168561,65.49068518681318,21.32580824507226,0.30330860151862366,15,64,,False,False,Request timeout: 300.0s exceeded,402,21.16838264042747
167,2026-09-14T02:13:49.945+00:00,2026-09-14T02:18:43.754+00:00,2026-09-14T02:18:49.967+00:00,False,95,94.0,,94.0,293809.112027,300021.797083,300021.797032,3158.1241792842106,0.02923,293809.112027,30137.404981395113,89.18211600000001,66.09239421276595,20.738346084356106,0.3133105691450652,15,64,,False,False,Request timeout: 300.0s exceeded,494,21.16838264042747
168,2026-09-14T02:13:52.263+00:00,2026-09-14T02:18:45.724+00:00,2026-09-14T02:18:52.305+00:00,False,100,99.0,,99.0,293460.30175700004,300041.72511700005,300041.72506200004,3000.4172506200002,0.02552,293460.30175700004,29339.389455783064,90.0337819,66.47902383838384,20.633844886026107,0.3299541087540253,15,64,,False,False,Request timeout: 300.0s exceeded,522,21.16838264042747
169,2026-09-14T02:13:55.105+00:00,2026-09-14T02:18:48.526+00:00,2026-09-14T02:18:55.133+00:00,False,96,95.0,,95.0,293420.271212,300027.700076,300027.700072,3125.2885424166666,0.02092,293420.271212,29939.98869166225,88.30746799999999,69.55188277894737,19.48473398249963,0.31663743039704517,15,64,,False,False,Request timeout: 300.0s exceeded,423,21.16838264042747
170,2026-09-14T02:13:59.252+00:00,2026-09-14T02:18:52.813+00:00,2026-09-14T02:18:59.314+00:00,False,73,72.0,,72.0,293561.077636,300062.526596,300062.52649,4110.445568356165,0.02732,293561.077636,34348.8241991521,87.5036088,90.29790222222222,215.63630604395752,0.23994998914656143,15,64,,False,False,Request timeout: 300.0s exceeded,277,21.16838264042747
171,2026-09-14T02:14:01.568+00:00,2026-09-14T02:18:55.213+00:00,2026-09-14T02:19:01.606+00:00,False,105,104.0,,104.0,293645.352551,300038.173543,300038.173535,2857.506414619048,0.01599,293645.352551,28651.457043898918,91.6170502,61.46943261538462,186.90126378833784,0.3466225606292568,15,64,,False,False,Request timeout: 300.0s exceeded,480,21.16838264042747
172,2026-09-14T02:14:03.912+00:00,2026-09-14T02:18:59.293+00:00,2026-09-14T02:19:03.955+00:00,False,104,103.0,,103.0,295381.152074,300043.824202,300043.82410699996,2885.0367702596154,0.0155,295381.152074,28960.088972353675,89.82624565,45.268661436893204,36.64620021635676,0.34328318629433546,15,64,,False,False,Request timeout: 300.0s exceeded,386,21.16838264042747
173,2026-09-14T02:14:07.467+00:00,2026-09-14T02:19:01.000+00:00,2026-09-14T02:19:07.478+00:00,False,99,98.0,,98.0,293532.476362,300010.54305,300010.543036,3030.4095256161613,0.03746,293532.476362,29494.48726435127,89.03084199999999,66.10272130612245,20.370570414741806,0.3266551868601073,15,64,,False,False,Request timeout: 300.0s exceeded,220,21.16838264042747
174,2026-09-14T02:14:11.078+00:00,2026-09-14T02:19:04.804+00:00,2026-09-14T02:19:11.104+00:00,False,92,91.0,,91.0,293726.056673,300026.433761,300026.433752,3261.1568886086957,0.02727,293726.056673,30615.84594485586,89.47005069999999,69.23491305494505,19.085212506178795,0.3033066082186954,15,64,,False,False,Request timeout: 300.0s exceeded,383,21.16838264042747
175,2026-09-14T02:14:14.799+00:00,2026-09-14T02:19:08.731+00:00,2026-09-14T02:19:14.841+00:00,False,88,87.0,,87.0,293932.590695,300041.936231,300041.936109,3409.567455784091,0.02795,293932.590695,31325.839519733985,88.80670335,70.22236248275863,19.173617885728863,0.2899594673093276,15,64,,False,False,Request timeout: 300.0s exceeded,386,21.16838264042747
176,2026-09-14T02:14:17.245+00:00,2026-09-14T02:19:11.061+00:00,2026-09-14T02:19:17.322+00:00,False,91,90.0,,90.0,293815.90314999997,300076.39518199995,300076.39508399996,3297.542803120879,0.03667,293815.90314999997,30792.99007012669,89.36026,69.56102257777778,20.027571342993735,0.29992362426712676,15,64,,False,False,Request timeout: 300.0s exceeded,378,21.16838264042747
177,2026-09-14T02:14:21.002+00:00,2026-09-14T02:19:14.758+00:00,2026-09-14T02:19:21.047+00:00,False,89,88.0,,88.0,293756.466396,300045.143004,300045.143111,3371.293742820225,0.02985,293756.466396,31130.55447384538,89.46286500000001,71.46223418181819,19.908973035529186,0.2932892001482152,15,64,,False,False,Request timeout: 300.0s exceeded,439,21.16838264042747
178,2026-09-14T02:14:25.131+00:00,2026-09-14T02:19:18.634+00:00,2026-09-14T02:19:25.170+00:00,False,98,97.0,,97.0,293503.592678,300039.92189399997,300039.92189,3061.631856020408,0.0222,293503.592678,29641.540053272307,89.30555385,67.38483727835052,20.259096317476317,0.32329031212809334,15,64,,False,False,Request timeout: 300.0s exceeded,448,21.16838264042747
179,2026-09-14T02:14:28.243+00:00,2026-09-14T02:19:22.078+00:00,2026-09-14T02:19:28.287+00:00,False,100,99.0,,99.0,293834.700992,300044.00300799997,300044.00317599997,3000.44003176,0.0,293834.700992,29377.274010464585,90.6853368,62.72022238383838,67.13396454759047,0.32995160378979616,15,64,,False,False,Request timeout: 300.0s exceeded,450,21.16838264042747
180,2026-09-14T02:14:31.961+00:00,2026-09-14T02:19:25.250+00:00,2026-09-14T02:19:32.070+00:00,False,111,110.0,,110.0,293289.03776599996,300109.18778199994,300109.18780799996,2703.6863766486485,0.0,293289.03776599996,27831.95136297535,89.27860650000001,62.00136378181818,63.92542644412832,0.3665332634864357,15,64,,False,False,Request timeout: 300.0s exceeded,599,21.16838264042747
181,2026-09-14T02:14:34.255+00:00,2026-09-14T02:19:28.017+00:00,2026-09-14T02:19:34.279+00:00,False,103,102.0,,102.0,293761.796321,300023.57603299996,300023.576172,2912.850254097087,0.041229999999999996,293761.796321,28939.167880300414,88.83389,61.38999717647059,20.147316391245997,0.339973282595568,15,64,,False,False,Request timeout: 300.0s exceeded,379,21.16838264042747
182,2026-09-14T02:14:37.311+00:00,2026-09-14T02:19:31.040+00:00,2026-09-14T02:19:37.355+00:00,False,104,103.0,,103.0,293728.242485,300043.743029,300043.743113,2885.035991471154,0.058059,293728.242485,28796.418051258537,87.19876345,61.31553926213592,19.71918497907712,0.34328327916521423,15,64,,False,False,Request timeout: 300.0s exceeded,461,21.16838264042747
183,2026-09-14T02:14:40.921+00:00,2026-09-14T02:19:34.799+00:00,2026-09-14T02:19:40.997+00:00,False,91,90.0,,90.0,293878.582707,300076.557747,300076.55762900005,3297.5445893296705,0.02953,293878.582707,30799.632927526935,86.666107,68.86638933333333,19.1344470686361,0.29992346178497764,15,64,,False,False,Request timeout: 300.0s exceeded,267,21.16838264042747
184,2026-09-14T02:14:43.567+00:00,2026-09-14T02:19:37.493+00:00,2026-09-14T02:19:43.621+00:00,False,93,92.0,,92.0,293926.197035,300054.09361100005,300054.093681,3226.3881040967744,0.0358,293926.197035,30471.826669502847,89.70909400000001,66.60757147826087,20.37660816489038,0.3066113809441034,15,64,,False,False,Request timeout: 300.0s exceeded,445,21.16838264042747
185,2026-09-14T02:14:46.445+00:00,2026-09-14T02:19:39.780+00:00,2026-09-14T02:19:46.520+00:00,False,100,99.0,,99.0,293334.969871,300074.704655,300074.704525,3000.7470452499997,0.020210000000000002,293334.969871,29326.695633922453,87.6202449,68.07812913131313,19.563834895475804,0.3299178453372858,15,64,,False,False,Request timeout: 300.0s exceeded,453,21.16838264042747
186,2026-09-14T02:14:50.461+00:00,2026-09-14T02:19:44.291+00:00,2026-09-14T02:19:50.525+00:00,False,98,97.0,,97.0,293830.088598,300064.717974,300064.71786,3061.884876122449,0.0405,293830.088598,29674.83511986941,88.55910085,64.27452964948453,19.9867419893453,0.3232635967831608,15,64,,False,False,Request timeout: 300.0s exceeded,307,21.16838264042747
187,2026-09-14T02:14:54.106+00:00,2026-09-14T02:19:48.185+00:00,2026-09-14T02:19:54.115+00:00,False,87,86.0,,86.0,294079.628487,300008.973255,300008.973325,3448.379003735632,0.04151,294079.628487,31521.26026285442,89.436389,68.94586939534884,20.2704445291065,0.2866580924794612,15,64,,False,False,Request timeout: 300.0s exceeded,385,21.16838264042747
188,2026-09-14T02:14:57.145+00:00,2026-09-14T02:19:50.743+00:00,2026-09-14T02:19:57.206+00:00,False,93,92.0,,92.0,293597.797445,300061.51763699995,300061.517617,3226.467931365591,0.05199,293597.797445,30437.394269044107,88.5002672,70.25782817391304,19.696132012554422,0.3066037948634826,15,64,,False,False,Request timeout: 300.0s exceeded,506,21.16838264042747
189,2026-09-14T02:15:01.408+00:00,2026-09-14T02:19:55.122+00:00,2026-09-14T02:20:01.457+00:00,False,98,97.0,,97.0,293714.032176,300048.45112,300048.451107,3061.718888846939,0.02135,293714.032176,29663.00756240888,88.55645335,65.30328808247423,19.72906864919668,0.3232811222251778,15,64,,False,False,Request timeout: 300.0s exceeded,434,21.16838264042747
190,2026-09-14T02:15:04.044+00:00,2026-09-14T02:19:57.982+00:00,2026-09-14T02:20:04.128+00:00,False,92,91.0,,91.0,293938.207628,300084.6235,300084.623473,3261.789385576087,0.02401,293938.207628,30638.14128021056,90.20543305000001,67.54303156043956,20.162988315674554,0.30324779370109917,15,64,,False,False,Request timeout: 300.0s exceeded,409,21.16838264042747
191,2026-09-14T02:15:07.536+00:00,2026-09-14T02:20:01.276+00:00,2026-09-14T02:20:07.558+00:00,False,93,92.0,,92.0,293739.579662,300021.973518,300021.973431,3226.042725064516,0.01801,293739.579662,30452.30093160451,88.34796699999998,68.28688973913044,19.941213104755455,0.30664420649336344,15,64,,False,False,Request timeout: 300.0s exceeded,401,21.16838264042747
192,2026-09-14T02:15:11.514+00:00,2026-09-14T02:20:05.122+00:00,2026-09-14T02:20:11.573+00:00,False,99,98.0,,98.0,293607.42401,300058.795018,300058.79496200004,3030.896918808081,0.02428,293607.42401,29502.047114268233,89.12530279999999,65.83031640816327,20.300032035454667,0.3266026579694861,15,64,,False,False,Request timeout: 300.0s exceeded,488,21.16838264042747
193,2026-09-14T02:15:14.182+00:00,2026-09-14T02:20:07.693+00:00,2026-09-14T02:20:14.208+00:00,False,98,97.0,,97.0,293511.092358,300026.513542,300026.513564,3061.495036367347,0.02244,293511.092358,29642.319975249004,90.4053145,67.16929055670103,21.08008447976328,0.3233047601522097,15,64,,False,False,Request timeout: 300.0s exceeded,466,21.16838264042747
194,2026-09-14T02:15:18.268+00:00,2026-09-14T02:20:12.054+00:00,2026-09-14T02:20:18.307+00:00,False,90,89.0,,89.0,293786.265007,300039.207599,300039.207469,3333.768971877778,0.04291,293786.265007,30960.392128541982,90.38394795,70.25778193258427,20.2154876440686,0.29662789977417814,15,64,,False,False,Request timeout: 300.0s exceeded,198,21.16838264042747
195,2026-09-14T02:15:22.289+00:00,2026-09-14T02:20:15.844+00:00,2026-09-14T02:20:22.534+00:00,False,88,87.0,,87.0,293555.028215,300245.001207,300245.001152,3411.875013090909,0.06128,293555.028215,31284.9404130572,90.03030319999999,76.89624128735632,64.84340839883706,0.2897633587578665,15,64,,False,False,Request timeout: 300.0s exceeded,428,21.16838264042747
196,2026-09-14T02:15:26.151+00:00,2026-09-14T02:20:19.959+00:00,2026-09-14T02:20:26.202+00:00,False,96,95.0,,95.0,293808.427446,300051.499702,300051.499907,3125.5364573645834,0.0,293808.427446,29980.06452224806,88.463693,65.7165500631579,67.25012526827712,0.3166123152003922,15,64,,False,False,Request timeout: 300.0s exceeded,465,21.16838264042747
197,2026-09-14T02:15:29.636+00:00,2026-09-14T02:20:23.116+00:00,2026-09-14T02:20:29.667+00:00,False,102,101.0,,101.0,293479.865476,300030.81843600003,300030.818477,2941.478612519608,0.03404,293479.865476,29052.420864558735,86.40377794999999,64.8609203960396,19.199531983337522,0.33663208508543413,15,64,,False,False,Request timeout: 300.0s exceeded,498,21.16838264042747
198,2026-09-14T02:15:33.513+00:00,2026-09-14T02:20:26.987+00:00,2026-09-14T02:20:33.541+00:00,False,99,98.0,,98.0,293473.942903,300027.69163899997,300027.691689,3030.5827443333333,0.04376,293473.942903,29488.526207345232,88.13385889999999,66.87498710204082,19.459886137180618,0.3266365163316851,15,64,,False,False,Request timeout: 300.0s exceeded,470,21.16838264042747
199,2026-09-14T02:15:36.585+00:00,2026-09-14T02:20:30.346+00:00,2026-09-14T02:20:36.617+00:00,False,88,87.0,,87.0,293760.44145,300031.37572199997,300031.375703,3409.4474511704543,0.03455,293760.44145,31307.290407222077,89.47739535000001,72.07970427586207,19.253829834380124,0.2899696733071397,15,64,,False,False,Request timeout: 300.0s exceeded,379,21.16838264042747
200,2026-09-14T02:15:39.850+00:00,2026-09-14T02:20:33.289+00:00,2026-09-14T02:20:39.866+00:00,False,91,90.0,,90.0,293439.32833499997,300015.93889499997,300015.938712,3296.878447384615,0.0197,293439.32833499997,30753.14534636682,90.85170849999999,73.07345066666667,18.805761345451273,0.29998406195178295,15,64,,False,False,Request timeout: 300.0s exceeded,339,21.16838264042747
201,2026-09-14T02:15:43.805+00:00,2026-09-14T02:20:37.427+00:00,2026-09-14T02:20:43.830+00:00,False,92,91.0,,91.0,293621.296547,300025.069219,300025.06912,3261.142055652174,0.01896,293621.296547,30604.80611948185,89.20592559999999,70.37112826373627,20.07944808434011,0.30330798768544087,15,64,,False,False,Request timeout: 300.0s exceeded,405,21.16838264042747
202,2026-09-14T02:15:46.224+00:00,2026-09-14T02:20:40.031+00:00,2026-09-14T02:20:46.300+00:00,False,92,91.0,,91.0,293807.27895300003,300076.700521,300076.700649,3261.7032679239132,0.026389,293807.27895300003,30624.350106681646,89.15817710000002,68.8947425054945,20.174162819153366,0.3032558004070417,15,64,,False,False,Request timeout: 300.0s exceeded,307,21.16838264042747
203,2026-09-14T02:15:50.194+00:00,2026-09-14T02:20:43.916+00:00,2026-09-14T02:20:50.247+00:00,False,92,91.0,,91.0,293721.561182,300052.84412599995,300052.84405699995,3261.443957141304,0.027120000000000002,293721.561182,30615.343682242656,90.03101849999999,69.57453784615385,21.85682900782462,0.30327991146048505,15,64,,False,False,Request timeout: 300.0s exceeded,385,21.16838264042747
204,2026-09-14T02:15:52.739+00:00,2026-09-14T02:20:46.428+00:00,2026-09-14T02:20:52.783+00:00,False,95,94.0,,94.0,293689.58066000004,300044.50955600006,300044.50974500005,3158.3632604736845,0.02044,293689.58066000004,30124.98700622437,91.6414803,67.60562655319148,22.06994817510464,0.3132868524709862,15,64,,False,False,Request timeout: 300.0s exceeded,447,21.16838264042747
205,2026-09-14T02:15:55.146+00:00,2026-09-14T02:20:49.166+00:00,2026-09-14T02:20:55.166+00:00,False,91,90.0,,90.0,294019.970822,300019.604486,300019.604467,3296.9187304065936,0.022920000000000003,294019.970822,30814.686582396018,89.099077,66.66259626666667,20.902548564057355,0.2999803967950358,15,64,,False,False,Request timeout: 300.0s exceeded,474,21.16838264042747
206,2026-09-14T02:15:57.705+00:00,2026-09-14T02:20:51.439+00:00,2026-09-14T02:20:57.751+00:00,False,94,93.0,,93.0,293733.63624699996,300045.80213499995,300045.80214199994,3191.9766185319145,0.0292,293733.63624699996,30289.317404779158,88.73951165,67.87275148387097,20.14642973895772,0.30995267835194174,15,64,,False,False,Request timeout: 300.0s exceeded,479,21.16838264042747
207,2026-09-14T02:16:00.317+00:00,2026-09-14T02:20:54.067+00:00,2026-09-14T02:21:00.375+00:00,False,92,91.0,,91.0,293750.07648299995,300058.494019,300058.49397599994,3261.5053693043474,0.039299999999999995,293750.07648299995,30618.34171649943,88.89794205,69.32326962637363,20.258595652662603,0.3032742009104325,15,64,,False,False,Request timeout: 300.0s exceeded,343,21.16838264042747
208,2026-09-14T02:16:03.250+00:00,2026-09-14T02:20:57.194+00:00,2026-09-14T02:21:03.328+00:00,False,90,89.0,,89.0,293943.644777,300077.497961,300077.498028,3334.1944225333336,0.040159999999999994,293943.644777,30977.122335777014,89.87129490000001,68.91969869662921,20.02908488273732,0.2965900495863472,15,64,,False,False,Request timeout: 300.0s exceeded,431,21.16838264042747
209,2026-09-14T02:16:06.076+00:00,2026-09-14T02:20:59.650+00:00,2026-09-14T02:21:06.122+00:00,False,97,96.0,,96.0,293574.548098,300046.733442,300046.733565,3093.2652944845363,0.02224,293574.548098,29801.140577602124,89.1754198,67.41859733333332,20.14806014384676,0.31995015875937577,15,64,,False,False,Request timeout: 300.0s exceeded,491,21.16838264042747
210,2026-09-14T02:16:09.385+00:00,2026-09-14T02:21:03.107+00:00,2026-09-14T02:21:09.410+00:00,False,94,93.0,,93.0,293722.01342000003,300025.701612,300025.701743,3191.7627845,0.0265,293722.01342000003,30288.12804740949,89.8121105,67.78159346236559,20.21219970867024,0.30997344394271165,15,64,,False,False,Request timeout: 300.0s exceeded,388,21.16838264042747
211,2026-09-14T02:16:12.106+00:00,2026-09-14T02:21:05.992+00:00,2026-09-14T02:21:12.130+00:00,False,90,89.0,,89.0,293885.920634,300024.777082,300024.777046,3333.6086338444443,0.04416,293885.920634,30971.031969650503,89.1042439,68.97591514606741,20.3658592261093,0.29664216690901946,15,64,,False,False,Request timeout: 300.0s exceeded,289,21.16838264042747
212,2026-09-14T02:16:14.892+00:00,2026-09-14T02:21:08.494+00:00,2026-09-14T02:21:14.919+00:00,False,94,93.0,,93.0,293601.903776,300026.155168,300026.155014,3191.767606531915,0.03564,293601.903776,30275.60612473721,89.14797700000001,69.07797195698924,20.43707094607368,0.30997297534918095,15,64,,False,False,Request timeout: 300.0s exceeded,416,21.16838264042747
213,2026-09-14T02:16:19.109+00:00,2026-09-14T02:21:12.937+00:00,2026-09-14T02:21:19.153+00:00,False,98,97.0,,97.0,293827.36611799995,300044.03965399996,300044.03957499994,3061.6738732142853,0.0,293827.36611799995,29674.647379887014,88.90603985000001,64.08941789690722,67.1685443220932,0.3232858753396899,15,64,,False,False,Request timeout: 300.0s exceeded,377,21.16838264042747
214,2026-09-14T02:16:21.605+00:00,2026-09-14T02:21:15.293+00:00,2026-09-14T02:21:21.663+00:00,False,101,100.0,,100.0,293687.575853,300057.906989,300057.90695599996,2970.87036590099,0.0,293687.575853,29216.74354283952,92.27352499999999,63.70331136,67.07804313244013,0.3332690046513787,15,64,,False,False,Request timeout: 300.0s exceeded,429,21.16838264042747
215,2026-09-14T02:16:24.568+00:00,2026-09-14T02:21:18.427+00:00,2026-09-14T02:21:24.584+00:00,False,94,93.0,,93.0,293859.686482,300015.889746,300015.889916,3191.658403361702,0.02529,293859.686482,30302.49145406462,88.3278743,66.19573402150537,20.134484681119904,0.3099835814654211,15,64,,False,False,Request timeout: 300.0s exceeded,428,21.16838264042747
216,2026-09-14T02:16:28.207+00:00,2026-09-14T02:21:21.949+00:00,2026-09-14T02:21:28.287+00:00,False,94,93.0,,93.0,293742.446513,300079.80715300003,300079.807055,3192.338372925532,0.03539,293742.446513,30290.197881221073,87.999294,68.14366279569893,19.699702430854945,0.3099175545410245,15,64,,False,False,Request timeout: 300.0s exceeded,447,21.16838264042747
217,2026-09-14T02:16:32.806+00:00,2026-09-14T02:21:26.675+00:00,2026-09-14T02:21:32.903+00:00,False,95,94.0,,94.0,293868.88401499996,300097.002543,300097.00251799996,3158.9158159789467,0.03215,293868.88401499996,30143.5203306216,89.005267,66.25658008510638,20.32167830953486,0.31323205231458795,15,64,,False,False,Request timeout: 300.0s exceeded,500,21.16838264042747
218,2026-09-14T02:16:36.283+00:00,2026-09-14T02:21:30.274+00:00,2026-09-14T02:21:36.327+00:00,False,94,93.0,,93.0,293991.05733,300043.971506,300043.971674,3191.957145468085,0.03138,293991.05733,30316.156861601026,91.4838615,65.08509866666667,21.587149408908267,0.3099545694359677,15,64,,False,False,Request timeout: 300.0s exceeded,452,21.16838264042747
219,2026-09-14T02:16:39.302+00:00,2026-09-14T02:21:34.078+00:00,2026-09-14T02:21:39.351+00:00,False,77,76.0,,76.0,294776.111384,300048.935704,300048.93574499997,3896.73942525974,0.0273,294776.111384,33584.954733622304,87.4223332,69.37926736842105,19.619362663036494,0.253292016589502,15,64,,False,False,Request timeout: 300.0s exceeded,381,21.16838264042747
220,2026-09-14T02:16:42.083+00:00,2026-09-14T02:21:36.067+00:00,2026-09-14T02:21:42.152+00:00,False,91,90.0,,90.0,293984.191667,300068.74590700003,300068.74582300003,3297.4587453076924,0.03263,293984.191667,30810.836051515093,87.22264050000001,67.60615822222222,19.4428003562476,0.2999312698427233,15,64,,False,False,Request timeout: 300.0s exceeded,427,21.16838264042747
221,2026-09-14T02:16:45.877+00:00,2026-09-14T02:21:39.432+00:00,2026-09-14T02:21:46.308+00:00,False,77,76.0,,76.0,293554.787009,300430.424001,300430.42404500005,3901.693818766234,0.0448,293554.787009,33444.158848286876,89.71280660000001,90.46890778947369,232.27460733572408,0.2529703849159665,15,64,,False,False,Request timeout: 300.0s exceeded,375,21.16838264042747
222,2026-09-14T02:16:49.103+00:00,2026-09-14T02:21:42.548+00:00,2026-09-14T02:21:48.425+00:00,True,101,101.0,,101.0,293445.100842,299321.80023399997,299321.800108,2963.5821792871284,0.01533,293445.100842,29193.836332729716,90.642969,58.766993920000004,217.89095247676764,0.3374294819857475,15,64,,False,True,,418,21.16838264042747
223,2026-09-14T02:16:51.581+00:00,2026-09-14T02:21:46.561+00:00,2026-09-14T02:21:51.622+00:00,False,77,76.0,,76.0,294979.41972299997,300041.04173899995,300041.04173,3896.636905584415,0.02134,294979.41972299997,33608.44078611442,86.62154679999999,66.60028968421052,20.00946590589496,0.25329868060553856,15,64,,False,False,Request timeout: 300.0s exceeded,401,21.16838264042747
224,2026-09-14T02:16:55.622+00:00,2026-09-14T02:21:49.482+00:00,2026-09-14T02:21:55.703+00:00,False,94,93.0,,93.0,293859.944533,300080.434517,300080.434372,3192.3450465106384,0.025079999999999998,293859.944533,30302.446668258985,87.6036375,66.88698907526881,19.974754881783557,0.309916906611022,15,64,,False,False,Request timeout: 300.0s exceeded,485,21.16838264042747
225,2026-09-14T02:16:58.668+00:00,2026-09-14T02:21:52.846+00:00,2026-09-14T02:21:58.736+00:00,False,84,83.0,,83.0,294178.075084,300068.022732,300068.022822,3572.2383669285714,0.02305,294178.075084,32089.722502393233,88.43607564999998,70.9632246746988,19.37035686924518,0.27660394881239936,15,64,,False,False,Request timeout: 300.0s exceeded,391,21.16838264042747
226,2026-09-14T02:17:01.057+00:00,2026-09-14T02:21:54.704+00:00,2026-09-14T02:22:01.072+00:00,False,95,94.0,,94.0,293647.12929400004,300015.10958200006,300015.10951200005,3158.0537843368425,0.0414,293647.12929400004,30120.61608027589,89.45775099999999,67.74447114893617,20.25140059148093,0.3133175530091359,15,64,,False,False,Request timeout: 300.0s exceeded,454,21.16838264042747
227,2026-09-14T02:17:04.195+00:00,2026-09-14T02:21:58.182+00:00,2026-09-14T02:22:04.256+00:00,False,91,90.0,,90.0,293986.684381,300060.646365,300060.646369,3297.369740318681,0.040929,293986.684381,30811.110707324726,88.61792750000001,67.48846648888889,21.00069433639432,0.29993936589246073,15,64,,False,False,Request timeout: 300.0s exceeded,441,21.16838264042747
228,2026-09-14T02:17:06.829+00:00,2026-09-14T02:22:00.602+00:00,2026-09-14T02:22:06.852+00:00,False,93,92.0,,92.0,293773.446581,300023.666869,300023.666788,3226.060933204301,0.040159999999999994,293773.446581,30455.84915418355,88.8054184,67.93717704347827,20.131626434347197,0.3066424757756533,15,64,,False,False,Request timeout: 300.0s exceeded,487,21.16838264042747
229,2026-09-14T02:17:09.596+00:00,2026-09-14T02:22:03.268+00:00,2026-09-14T02:22:09.686+00:00,False,98,97.0,,97.0,293671.931316,300089.654452,300089.654399,3062.139330602041,0.0228,293671.931316,29658.668521828266,89.70692085,66.16209418556701,20.532983246765337,0.32323673462563624,15,64,,False,False,Request timeout: 300.0s exceeded,413,21.16838264042747
230,2026-09-14T02:17:12.151+00:00,2026-09-14T02:22:05.816+00:00,2026-09-14T02:22:12.289+00:00,False,90,89.0,,89.0,293665.041883,300137.803483,300137.80341,3334.8644823333334,0.030350000000000002,293665.041883,30947.417282587132,87.98911195,72.7276584269663,66.22726351112318,0.296530456900745,15,64,,False,False,Request timeout: 300.0s exceeded,434,21.16838264042747
231,2026-09-14T02:17:15.467+00:00,2026-09-14T02:22:09.309+00:00,2026-09-14T02:22:15.510+00:00,False,100,99.0,,99.0,293842.133363,300043.332979,300043.332883,3000.43332883,0.0,293842.133363,29378.02481123977,89.08511539999999,62.63837995959596,66.85979245932869,0.3299523406071782,15,64,,False,False,Request timeout: 300.0s exceeded,504,21.16838264042747
232,2026-09-14T02:17:19.203+00:00,2026-09-14T02:22:12.748+00:00,2026-09-14T02:22:19.224+00:00,False,99,98.0,,98.0,293544.895685,300020.999877,300021.000055,3030.5151520707072,0.022609999999999998,293544.895685,29495.737328629075,87.56338889999999,66.0826958367347,20.169450974005795,0.3266438017344692,15,64,,False,False,Request timeout: 300.0s exceeded,473,21.16838264042747
233,2026-09-14T02:17:22.428+00:00,2026-09-14T02:22:15.596+00:00,2026-09-14T02:22:22.521+00:00,False,102,101.0,,101.0,293168.669333,300093.837461,300093.83766300004,2942.0964476764707,0.033100000000000004,293168.669333,29021.241145849835,88.37184515000001,68.56602106930693,19.41810828031749,0.33656139311133265,15,64,,False,False,Request timeout: 300.0s exceeded,430,21.16838264042747
234,2026-09-14T02:17:24.767+00:00,2026-09-14T02:22:18.182+00:00,2026-09-14T02:22:24.812+00:00,False,96,95.0,,95.0,293414.308754,300044.564882,300044.564737,3125.4642160104167,0.022850000000000002,293414.308754,29939.355657635813,89.85552275,69.79216976842105,19.532348702451667,0.31661963294472983,15,64,,False,False,Request timeout: 300.0s exceeded,431,21.16838264042747
235,2026-09-14T02:17:28.086+00:00,2026-09-14T02:22:21.877+00:00,2026-09-14T02:22:28.118+00:00,False,94,93.0,,93.0,293790.943751,300032.20813499996,300032.208117,3191.8320012446807,0.04231,293790.943751,30295.306813371964,88.746377,67.1103697204301,20.08320089755886,0.309966721833259,15,64,,False,False,Request timeout: 300.0s exceeded,467,21.16838264042747
236,2026-09-14T02:17:31.207+00:00,2026-09-14T02:22:24.808+00:00,2026-09-14T02:22:31.231+00:00,False,96,95.0,,95.0,293601.245619,300023.80331499997,300023.803362,3125.2479516875,0.05921,293601.245619,29958.65866409529,89.50896075,67.60587048421053,20.601500955417375,0.31664154293870456,15,64,,False,False,Request timeout: 300.0s exceeded,434,21.16838264042747
237,2026-09-14T02:17:34.935+00:00,2026-09-14T02:22:28.548+00:00,2026-09-14T02:22:34.955+00:00,False,91,90.0,,90.0,293612.997481,300019.99216900003,300019.992157,3296.922990736264,0.03701,293612.997481,30771.54968331407,92.24863,71.18882986666667,20.854165548202303,0.2999800091632006,15,64,,False,False,Request timeout: 300.0s exceeded,377,21.16838264042747
238,2026-09-14T02:17:38.581+00:00,2026-09-14T02:22:32.321+00:00,2026-09-14T02:22:38.595+00:00,False,92,91.0,,91.0,293740.767208,300014.37156,300014.371745,3261.0257798369566,0.03718,293740.767208,30617.41191214726,91.1302835,68.94070716483517,21.546815981351973,0.30331880278542217,15,64,,False,False,Request timeout: 300.0s exceeded,433,21.16838264042747
239,2026-09-14T02:17:41.167+00:00,2026-09-14T02:22:35.167+00:00,2026-09-14T02:22:41.201+00:00,False,87,86.0,,86.0,293999.971665,300033.89985700004,300033.89974900003,3448.665514356322,0.032049999999999995,293999.971665,31512.590458649895,90.887168,70.16195572093024,21.312708775370236,0.2866342771299799,15,64,,False,False,Request timeout: 300.0s exceeded,350,21.16838264042747
240,2026-09-14T02:17:43.505+00:00,2026-09-14T02:22:37.012+00:00,2026-09-14T02:22:43.516+00:00,False,95,94.0,,94.0,293506.653682,300010.820082,300010.820002,3158.0086316,0.03607,293506.653682,30106.055547541273,91.3596834,69.19325957446809,21.13407757775225,0.3133220327663769,15,64,,False,False,Request timeout: 300.0s exceeded,501,21.16838264042747
241,2026-09-14T02:17:46.121+00:00,2026-09-14T02:22:39.641+00:00,2026-09-14T02:22:46.127+00:00,False,94,93.0,,93.0,293520.215586,300006.81091400003,300006.810844,3191.5618174893616,0.037880000000000004,293520.215586,30267.111794467546,90.07546115000001,69.74833686021505,20.887587592869654,0.3099929622153125,15,64,,False,False,Request timeout: 300.0s exceeded,452,21.16838264042747
242,2026-09-14T02:17:48.805+00:00,2026-09-14T02:22:42.411+00:00,2026-09-14T02:22:48.889+00:00,False,97,96.0,,96.0,293605.13822100003,300083.852077,300083.852146,3093.6479602680415,0.03624,293605.13822100003,29804.239978482252,90.3760396,67.48660266666667,20.66466474029409,0.31991058277726614,15,64,,False,False,Request timeout: 300.0s exceeded,444,21.16838264042747
243,2026-09-14T02:17:51.262+00:00,2026-09-14T02:22:44.934+00:00,2026-09-14T02:22:51.303+00:00,False,95,94.0,,94.0,293671.99617500004,300040.59572700004,300040.59562200005,3158.3220591789477,0.06321,293671.99617500004,30123.165890506072,86.92168439999999,67.7510590638298,19.00826068873701,0.3132909390885506,15,64,,False,False,Request timeout: 300.0s exceeded,422,21.16838264042747
244,2026-09-14T02:17:53.835+00:00,2026-09-14T02:22:47.521+00:00,2026-09-14T02:22:53.859+00:00,False,94,93.0,,93.0,293685.296212,300023.678804,300023.67875300004,3191.741263329787,0.037219,293685.296212,30284.301734957062,87.48601199999999,68.15465152688172,19.050979001868303,0.3099755338336318,15,64,,False,False,Request timeout: 300.0s exceeded,396,21.16838264042747
245,2026-09-14T02:17:57.585+00:00,2026-09-14T02:22:51.045+00:00,2026-09-14T02:22:57.602+00:00,False,99,98.0,,98.0,293460.53829500003,300017.06770300004,300017.06780500006,3030.475432373738,0.043749,293460.53829500003,29487.177010071246,90.4542549,66.90336130612245,20.74620852984043,0.3266480828917856,15,64,,False,False,Request timeout: 300.0s exceeded,527,21.16838264042747
246,2026-09-14T02:18:01.562+00:00,2026-09-14T02:22:55.332+00:00,2026-09-14T02:23:01.583+00:00,False,92,91.0,,91.0,293769.49202899996,300020.92447699996,300020.924494,3261.0970053695646,0.02176,293769.49202899996,30620.431640583654,90.52318755,68.69705986813186,20.901171188212214,0.3033121778377034,15,64,,False,False,Request timeout: 300.0s exceeded,486,21.16838264042747
247,2026-09-14T02:18:05.184+00:00,2026-09-14T02:22:58.958+00:00,2026-09-14T02:23:05.236+00:00,False,93,92.0,,92.0,293774.33979500004,300052.39137900004,300052.39121300005,3226.3697979892477,0.05285,293774.33979500004,30455.910685399384,89.4349176,68.23969113043478,20.553010634148,0.3066131203860116,15,64,,False,False,Request timeout: 300.0s exceeded,436,21.16838264042747
248,2026-09-14T02:18:07.624+00:00,2026-09-14T02:23:01.672+00:00,2026-09-14T02:23:07.664+00:00,False,93,92.0,,92.0,294047.558473,300039.506505,300039.506576,3226.2312535053766,0.0,294047.558473,30484.63654862917,89.809568,65.12986991304348,69.69011778139193,0.30662628755679167,15,64,,False,False,Request timeout: 300.0s exceeded,400,21.16838264042747
249,2026-09-14T02:18:11.033+00:00,2026-09-14T02:23:04.551+00:00,2026-09-14T02:23:11.058+00:00,False,102,101.0,,101.0,293518.864796,300025.07638,300025.076232,2941.422316,0.0,293518.864796,29056.394102099523,89.39007855,64.41793647524753,65.97018132909866,0.33663852774785186,15,64,,False,False,Request timeout: 300.0s exceeded,407,21.16838264042747
250,2026-09-14T02:18:13.729+00:00,2026-09-14T02:23:07.624+00:00,2026-09-14T02:23:13.793+00:00,False,91,90.0,,90.0,293894.455187,300063.325331,300063.325166,3297.3991776483513,0.046950000000000006,293894.455187,30801.331209434655,88.4801425,68.5430016,19.922213562343593,0.29993668803317086,15,64,,False,False,Request timeout: 300.0s exceeded,289,21.16838264042747
251,2026-09-14T02:18:17.111+00:00,2026-09-14T02:23:10.430+00:00,2026-09-14T02:23:17.169+00:00,False,95,94.0,,94.0,293318.52760000003,300058.28696000006,300058.28710300004,3158.508285294737,0.03728,293318.52760000003,30086.49588632012,89.18074399999999,71.69956765957447,19.337976802321947,0.3132724676673599,15,64,,False,False,Request timeout: 300.0s exceeded,448,21.16838264042747
252,2026-09-14T02:18:20.532+00:00,2026-09-14T02:23:14.040+00:00,2026-09-14T02:23:20.578+00:00,False,93,92.0,,92.0,293507.864695,300045.522551,300045.522605,3226.2959419892472,0.024399999999999998,293507.864695,30427.985560888836,90.40362499999999,71.0614984347826,20.03443873686597,0.30662013956353035,15,64,,False,False,Request timeout: 300.0s exceeded,535,21.16838264042747
253,2026-09-14T02:18:23.797+00:00,2026-09-14T02:23:17.395+00:00,2026-09-14T02:23:23.821+00:00,False,97,96.0,,96.0,293597.825991,300024.218311,300024.218487,3093.0331802783503,0.02488,293597.825991,29803.552821836183,89.5166868,66.94158666666667,20.591334103716598,0.3199741692201929,15,64,,False,False,Request timeout: 300.0s exceeded,411,21.16838264042747
254,2026-09-14T02:18:27.214+00:00,2026-09-14T02:23:20.660+00:00,2026-09-14T02:23:27.237+00:00,False,99,98.0,,98.0,293446.860126,300023.237982,300023.237974,3030.5377573131314,0.02653,293446.860126,29485.78172372855,89.69703890000001,67.10589648979591,20.422699250617683,0.3266413650461287,15,64,,False,False,Request timeout: 300.0s exceeded,328,21.16838264042747
255,2026-09-14T02:18:30.118+00:00,2026-09-14T02:23:23.607+00:00,2026-09-14T02:23:30.211+00:00,False,98,97.0,,97.0,293488.741392,300092.651024,300092.65100199997,3062.169908183673,0.03553,293488.741392,29639.969709135872,90.62948385,68.08154259793815,20.610510889159155,0.3232335069486336,15,64,,False,False,Request timeout: 300.0s exceeded,457,21.16838264042747
256,2026-09-14T02:18:33.271+00:00,2026-09-14T02:23:26.726+00:00,2026-09-14T02:23:33.312+00:00,False,98,97.0,,97.0,293454.749059,300041.094019,300041.09390599997,3061.643815367347,0.02111,293454.749059,29636.55456804875,91.100308,67.90046350515463,21.05669196059621,0.32328904917890183,15,64,,False,False,Request timeout: 300.0s exceeded,441,21.16838264042747
257,2026-09-14T02:18:36.957+00:00,2026-09-14T02:23:30.429+00:00,2026-09-14T02:23:36.979+00:00,False,97,96.0,,96.0,293471.842268,300021.801436,300021.80141200003,3093.0082619793816,0.024079999999999997,293471.842268,29790.630779267594,90.88161260000001,68.22874133333333,21.102405604439276,0.3199767468247754,15,64,,False,False,Request timeout: 300.0s exceeded,433,21.16838264042747
258,2026-09-14T02:18:40.876+00:00,2026-09-14T02:23:34.912+00:00,2026-09-14T02:23:40.961+00:00,False,87,86.0,,86.0,294035.30416500004,300084.26032500004,300084.26037800004,3449.24437216092,0.02266,294035.30416500004,31516.358573908645,88.5131236,70.33669953488372,19.449637657266706,0.28658617385283547,15,64,,False,False,Request timeout: 300.0s exceeded,362,21.16838264042747
259,2026-09-14T02:18:43.371+00:00,2026-09-14T02:23:36.569+00:00,2026-09-14T02:23:43.389+00:00,False,101,100.0,,100.0,293198.33657700004,300018.16505700006,300018.165121,2970.476882386139,0.024300000000000002,293198.33657700004,29167.544996809116,86.46775799999999,68.1982848,18.927213489965798,0.3333131511587011,15,64,,False,False,Request timeout: 300.0s exceeded,426,21.16838264042747
260,2026-09-14T02:18:46.513+00:00,2026-09-14T02:23:40.176+00:00,2026-09-14T02:23:46.519+00:00,False,96,95.0,,95.0,293663.344459,300006.343755,300006.34382099996,3125.06608146875,0.0256,293663.344459,29965.080971579133,86.28610775000001,66.76841364210527,18.915726176871654,0.3166599706224269,15,64,,False,False,Request timeout: 300.0s exceeded,299,21.16838264042747
261,2026-09-14T02:18:50.684+00:00,2026-09-14T02:23:44.810+00:00,2026-09-14T02:23:50.714+00:00,False,87,86.0,,86.0,294126.75789999997,300030.23924399994,300030.23929999996,3448.6234402298846,0.02221,294126.75789999997,31526.344842534912,88.06973160000001,68.64513190697674,19.524728350719226,0.28663777430134435,15,64,,False,False,Request timeout: 300.0s exceeded,383,21.16838264042747
262,2026-09-14T02:18:53.512+00:00,2026-09-14T02:23:47.186+00:00,2026-09-14T02:23:53.550+00:00,False,92,91.0,,91.0,293674.113511,300037.494247,300037.49443900003,3261.2771134673912,0.03532,293674.113511,30610.358922181505,89.45389615,69.92726083516483,20.0465920104075,0.30329542722112596,15,64,,False,False,Request timeout: 300.0s exceeded,421,21.16838264042747
263,2026-09-14T02:18:56.208+00:00,2026-09-14T02:23:49.634+00:00,2026-09-14T02:23:56.274+00:00,False,95,94.0,,94.0,293426.0257,300066.67978,300066.679713,3158.5966285578947,0.023370000000000002,293426.0257,30097.63351425552,90.23526569999999,70.64525617021276,19.938320324046753,0.31326370548345456,15,64,,False,False,Request timeout: 300.0s exceeded,439,21.16838264042747
264,2026-09-14T02:18:59.676+00:00,2026-09-14T02:23:53.206+00:00,2026-09-14T02:23:59.746+00:00,False,101,100.0,,100.0,293529.425208,300070.108984,300070.108824,2970.9911764752474,0.022879999999999998,293529.425208,29200.76894975901,91.482557,65.40683776,21.344454928669705,0.3332554526626712,15,64,,False,False,Request timeout: 300.0s exceeded,462,21.16838264042747
265,2026-09-14T02:19:02.694+00:00,2026-09-14T02:23:56.673+00:00,2026-09-14T02:24:02.782+00:00,False,104,103.0,,103.0,293979.27344300004,300087.849187,300087.84909300006,2885.4600874326925,0.0,293979.27344300004,28821.29887841441,93.69413289999999,59.306560621359225,66.03101578541074,0.3432328242514593,15,64,,False,False,Request timeout: 300.0s exceeded,472,21.16838264042747
266,2026-09-14T02:19:05.198+00:00,2026-09-14T02:24:00.568+00:00,2026-09-14T02:24:05.215+00:00,False,73,72.0,,72.0,295370.30152100004,300016.7685930001,300016.76852900005,4109.818746972604,0.0,295370.30152100004,34563.01146027578,92.7231984,64.53426488888888,77.50234392973088,0.2399865858753866,15,64,,False,False,Request timeout: 300.0s exceeded,346,21.16838264042747
267,2026-09-14T02:19:08.436+00:00,2026-09-14T02:24:02.526+00:00,2026-09-14T02:24:08.453+00:00,False,90,89.0,,89.0,294089.688324,300017.519364,300017.519286,3333.5279920666667,0.039420000000000004,294089.688324,30992.76103865068,88.73833395,66.60484314606742,20.580505756714413,0.2966493429739336,15,64,,False,False,Request timeout: 300.0s exceeded,431,21.16838264042747
268,2026-09-14T02:19:11.395+00:00,2026-09-14T02:24:04.823+00:00,2026-09-14T02:24:11.426+00:00,False,101,100.0,,100.0,293427.77758999995,300031.11301399994,300031.113034,2970.605079544554,0.02265,293427.77758999995,29190.59132442818,87.40745499999998,66.03335424000001,19.957931894550715,0.33329876690266397,15,64,,False,False,Request timeout: 300.0s exceeded,458,21.16838264042747
269,2026-09-14T02:19:14.713+00:00,2026-09-14T02:24:08.537+00:00,2026-09-14T02:24:14.741+00:00,False,92,91.0,,91.0,293824.147811,300028.069987,300028.070149,3261.174675532609,0.02647,293824.147811,30626.18369880238,89.2664656,68.17496896703297,19.94407279112064,0.3033049541129367,15,64,,False,False,Request timeout: 300.0s exceeded,237,21.16838264042747
270,2026-09-14T02:19:17.241+00:00,2026-09-14T02:24:10.748+00:00,2026-09-14T02:24:17.270+00:00,False,97,96.0,,96.0,293506.23974800005,300028.37350800005,300028.37332500005,3093.076013659794,0.03566,293506.23974800005,29794.151946447455,87.301502,67.93889333333333,19.93343128466645,0.3199697377869504,15,64,,False,False,Request timeout: 300.0s exceeded,339,21.16838264042747
271,2026-09-14T02:19:20.531+00:00,2026-09-14T02:24:14.317+00:00,2026-09-14T02:24:20.558+00:00,False,91,90.0,,90.0,293785.40026599995,300026.13089,300026.13084799994,3296.9904488791203,0.036090000000000004,293785.40026599995,30789.815285038643,87.8550495,69.34145137777779,19.66370431990112,0.29997387138587983,15,64,,False,False,Request timeout: 300.0s exceeded,438,21.16838264042747
272,2026-09-14T02:19:23.890+00:00,2026-09-14T02:24:17.805+00:00,2026-09-14T02:24:23.939+00:00,False,90,89.0,,89.0,293914.160331,300048.745163,300048.745097,3333.8749455222223,0.03551,293914.160331,30974.01334888287,88.1648545,68.92791946067415,19.733425420408427,0.2966184709476161,15,64,,False,False,Request timeout: 300.0s exceeded,326,21.16838264042747
273,2026-09-14T02:19:26.607+00:00,2026-09-14T02:24:20.134+00:00,2026-09-14T02:24:26.681+00:00,False,97,96.0,,96.0,293526.40205699997,300074.063881,300074.06385,3093.5470499999997,0.0218,293526.40205699997,29796.1718710534,87.7156742,68.20481066666667,19.55632681527481,0.3199210180259718,15,64,,False,False,Request timeout: 300.0s exceeded,503,21.16838264042747
274,2026-09-14T02:19:29.984+00:00,2026-09-14T02:24:23.603+00:00,2026-09-14T02:24:30.015+00:00,False,97,96.0,,96.0,293618.827941,300030.926501,300030.926531,3093.102335371134,0.038740000000000004,293618.827941,29805.700064793513,88.8936438,66.79269333333333,20.148559550659524,0.31996701513262177,15,64,,False,False,Request timeout: 300.0s exceeded,331,21.16838264042747
275,2026-09-14T02:19:32.346+00:00,2026-09-14T02:24:25.854+00:00,2026-09-14T02:24:32.394+00:00,False,99,98.0,,98.0,293508.447199,300047.80079899996,300047.800841,3030.7858670808077,0.02619,293508.447199,29492.008980807277,89.2542329,66.72809795918367,19.762339691449064,0.3266146251998346,15,64,,False,False,Request timeout: 300.0s exceeded,365,21.16838264042747
276,2026-09-14T02:19:36.130+00:00,2026-09-14T02:24:29.765+00:00,2026-09-14T02:24:36.212+00:00,False,94,93.0,,93.0,293634.89824199997,300082.524482,300082.524566,3192.367282617021,0.04277,293634.89824199997,30278.982896808993,88.6209925,69.32931440860214,19.794599379556583,0.30991474815314835,15,64,,False,False,Request timeout: 300.0s exceeded,428,21.16838264042747
277,2026-09-14T02:19:40.047+00:00,2026-09-14T02:24:33.619+00:00,2026-09-14T02:24:40.062+00:00,False,94,93.0,,93.0,293572.911107,300015.186691,300015.186823,3191.6509236489364,0.020980000000000002,293572.911107,30272.59524383675,87.95173050000001,69.27178047311827,19.633740831018137,0.30998430788033793,15,64,,False,False,Request timeout: 300.0s exceeded,270,21.16838264042747
278,2026-09-14T02:19:42.726+00:00,2026-09-14T02:24:36.294+00:00,2026-09-14T02:24:42.734+00:00,False,92,91.0,,91.0,293568.062229,300008.295445,300008.29546899995,3260.9597333586953,0.02277,293568.062229,30599.214025776942,89.45191200000001,70.77179358241757,19.672885601341772,0.30332494594864584,15,64,,False,False,Request timeout: 300.0s exceeded,448,21.16838264042747
279,2026-09-14T02:19:45.968+00:00,2026-09-14T02:24:39.595+00:00,2026-09-14T02:24:47.559+00:00,False,84,83.0,,83.0,293626.721046,301590.317078,301590.31686900003,3590.3609151071432,0.047049999999999995,293626.721046,32027.685409122416,91.83645824999999,95.9469401445783,235.07140498896294,0.27520777458692014,15,64,,False,False,Request timeout: 300.0s exceeded,395,21.16838264042747
280,2026-09-14T02:19:50.225+00:00,2026-09-14T02:24:43.678+00:00,2026-09-14T02:24:50.320+00:00,False,111,110.0,,110.0,293452.56139499997,300095.037171,300095.037257,2703.558894207207,0.015349999999999999,293452.56139499997,27848.35684978788,90.57306349999999,60.386143418181824,212.57313253722458,0.36655054690997724,15,64,,False,False,Request timeout: 300.0s exceeded,695,21.16838264042747
281,2026-09-14T02:19:53.445+00:00,2026-09-14T02:24:48.746+00:00,2026-09-14T02:24:53.470+00:00,False,67,66.0,,66.0,295301.256171,300025.474027,300025.474004,4477.992149313433,0.0363,295301.256171,36068.052163477485,92.8283193,71.57905842424242,21.908637829157392,0.21998132063299564,15,64,,False,False,Request timeout: 300.0s exceeded,220,21.16838264042747
282,2026-09-14T02:19:56.685+00:00,2026-09-14T02:24:50.629+00:00,2026-09-14T02:24:57.007+00:00,False,84,83.0,,83.0,293943.85707599996,300322.013108,300322.01312699995,3575.262061035714,0.039130000000000005,293943.85707599996,32063.59223167034,90.10768544999999,76.84525339759035,68.63123321158551,0.2763700174390881,15,64,,False,False,Request timeout: 300.0s exceeded,375,21.16838264042747
283,2026-09-14T02:19:59.445+00:00,2026-09-14T02:24:53.161+00:00,2026-09-14T02:24:59.458+00:00,False,97,96.0,,96.0,293716.309879,300013.452407,300013.452521,3092.9221909381445,0.0,293716.309879,29815.791132288767,88.1303678,65.59523466666667,68.74777178123013,0.3199856514092769,15,64,,False,False,Request timeout: 300.0s exceeded,476,21.16838264042747
284,2026-09-14T02:20:03.649+00:00,2026-09-14T02:24:57.485+00:00,2026-09-14T02:25:03.717+00:00,False,96,95.0,,95.0,293835.347731,300067.469075,300067.469261,3125.7028048020834,0.03655,293835.347731,29982.755432341008,86.13585299999998,65.60127730526315,19.442764117203225,0.316595465322685,15,64,,False,False,Request timeout: 300.0s exceeded,459,21.16838264042747
285,2026-09-14T02:20:06.593+00:00,2026-09-14T02:24:59.946+00:00,2026-09-14T02:25:06.610+00:00,False,101,100.0,,100.0,293352.202703,300016.75233499997,300016.75231899996,2970.4628942475247,0.039850000000000003,293352.202703,29183.010382242646,86.779047,66.64549632,19.882096840971315,0.33331472066712986,15,64,,False,False,Request timeout: 300.0s exceeded,469,21.16838264042747
286,2026-09-14T02:20:10.046+00:00,2026-09-14T02:25:03.797+00:00,2026-09-14T02:25:10.113+00:00,False,93,92.0,,92.0,293750.530515,300066.493395,300066.493328,3226.5214336344084,0.026019999999999998,293750.530515,30453.39841729248,88.5513486,68.6517704347826,19.585614152648354,0.30659871070274247,15,64,,False,False,Request timeout: 300.0s exceeded,465,21.16838264042747
287,2026-09-14T02:20:12.891+00:00,2026-09-14T02:25:06.521+00:00,2026-09-14T02:25:12.945+00:00,False,94,93.0,,93.0,293629.816352,300054.08054399997,300054.080576,3192.0646869787233,0.01814,293629.816352,30278.484617987535,88.041031,69.07810959139785,19.74529692028781,0.309944126843369,15,64,,False,False,Request timeout: 300.0s exceeded,445,21.16838264042747
288,2026-09-14T02:20:17.162+00:00,2026-09-14T02:25:10.661+00:00,2026-09-14T02:25:17.204+00:00,False,95,94.0,,94.0,293498.793711,300041.675759,300041.675575,3158.333427105263,0.04008,293498.793711,30105.20640749689,89.1613457,69.60512817021277,20.449851454713134,0.31328981136441475,15,64,,False,False,Request timeout: 300.0s exceeded,495,21.16838264042747
289,2026-09-14T02:20:19.896+00:00,2026-09-14T02:25:13.763+00:00,2026-09-14T02:25:19.940+00:00,False,92,91.0,,91.0,293866.730567,300043.480135,300043.480073,3261.3421747065217,0.01924,293866.730567,30630.655098480893,90.59190405,67.87636887912089,21.017633060726652,0.3032893764565586,15,64,,False,False,Request timeout: 300.0s exceeded,411,21.16838264042747
290,2026-09-14T02:20:24.033+00:00,2026-09-14T02:25:17.854+00:00,2026-09-14T02:25:24.122+00:00,False,95,94.0,,94.0,293821.389676,300089.6275,300089.627318,3158.8381822947367,0.03612,293821.389676,30138.604093665403,89.84355810000001,66.68338110638298,20.864569759118286,0.3132397503475857,15,64,,False,False,Request timeout: 300.0s exceeded,429,21.16838264042747
291,2026-09-14T02:20:28.117+00:00,2026-09-14T02:25:21.540+00:00,2026-09-14T02:25:28.192+00:00,False,101,100.0,,100.0,293423.01052999997,300074.68720199994,300074.68740399997,2971.036508950495,0.02689,293423.01052999997,29190.069167856407,91.24926799999999,66.51676671999999,20.374659217971338,0.33325036820811027,15,64,,False,False,Request timeout: 300.0s exceeded,337,21.16838264042747
292,2026-09-14T02:20:31.942+00:00,2026-09-14T02:25:25.683+00:00,2026-09-14T02:25:32.005+00:00,False,90,89.0,,89.0,293740.827271,300062.220167,300062.220174,3334.0246686,0.036359999999999996,293740.827271,30955.521640393665,90.94289455,71.02688647191012,20.43060638133548,0.2966051505933234,15,64,,False,False,Request timeout: 300.0s exceeded,410,21.16838264042747
293,2026-09-14T02:20:34.522+00:00,2026-09-14T02:25:28.194+00:00,2026-09-14T02:25:34.546+00:00,False,90,89.0,,89.0,293672.296298,300024.19364199997,300024.19359599997,3333.6021510666665,0.03989,293672.296298,30948.261783536942,91.91224085,71.36963307865169,20.53605596223388,0.2966427437721843,15,64,,False,False,Request timeout: 300.0s exceeded,369,21.16838264042747
294,2026-09-14T02:20:37.472+00:00,2026-09-14T02:25:31.622+00:00,2026-09-14T02:25:37.517+00:00,False,87,86.0,,86.0,294149.96513200004,300045.18919600005,300045.18928200006,3448.7952791034486,0.02062,294149.96513200004,31528.843843197796,88.72543999999998,68.5491170232558,20.529566985392776,0.28662349238274837,15,64,,False,False,Request timeout: 300.0s exceeded,446,21.16838264042747
295,2026-09-14T02:20:41.407+00:00,2026-09-14T02:25:35.130+00:00,2026-09-14T02:25:41.485+00:00,False,94,93.0,,93.0,293723.141827,300077.87641900004,300077.87649600004,3192.31783506383,0.02095,293723.141827,30288.187379144772,88.118447,68.33047948387097,19.532208738665098,0.3099195485845937,15,64,,False,False,Request timeout: 300.0s exceeded,464,21.16838264042747
296,2026-09-14T02:20:44.886+00:00,2026-09-14T02:25:38.509+00:00,2026-09-14T02:25:44.893+00:00,False,95,94.0,,94.0,293623.3375,300007.67337200005,300007.673247,3157.9755078631583,0.02888,293623.3375,30118.157439910337,89.08617600000001,67.91846672340426,20.54562888259928,0.31332531912756434,15,64,,False,False,Request timeout: 300.0s exceeded,336,21.16838264042747
297,2026-09-14T02:20:48.768+00:00,2026-09-14T02:25:42.632+00:00,2026-09-14T02:25:48.820+00:00,False,92,91.0,,91.0,293864.325312,300052.517824,300052.518037,3261.440413445652,0.03458,293864.325312,30630.390956319465,90.0451455,68.00211551648351,20.620817217403918,0.30328024127222064,15,64,,False,False,Request timeout: 300.0s exceeded,258,21.16838264042747
298,2026-09-14T02:20:51.872+00:00,2026-09-14T02:25:45.767+00:00,2026-09-14T02:25:51.910+00:00,False,89,88.0,,88.0,293894.737851,300037.59045899997,300037.59031999996,3371.2088799999997,0.0,293894.737851,31145.46162327382,90.0510458,69.80514327272726,71.45977613364586,0.29329658282276194,15,64,,False,False,Request timeout: 300.0s exceeded,511,21.16838264042747
299,2026-09-14T02:20:54.788+00:00,2026-09-14T02:25:48.471+00:00,2026-09-14T02:25:54.814+00:00,False,100,99.0,,99.0,293683.77990200004,300026.27539,300026.27521500003,3000.2627521500003,0.0,293683.77990200004,29362.04921798973,89.66239485,64.06561098989899,67.93143327367001,0.3299710996022307,15,64,,False,False,Request timeout: 300.0s exceeded,545,21.16838264042747
300,2026-09-14T02:20:57.853+00:00,2026-09-14T02:25:51.825+00:00,2026-09-14T02:25:57.900+00:00,False,95,94.0,,94.0,293972.222734,300047.214094,300047.214052,3158.391726863158,0.04297,293972.222734,30154.29026605807,91.0964437,64.62756765957447,21.023209978300695,0.3132840285947508,15,64,,False,False,Request timeout: 300.0s exceeded,453,21.16838264042747
301,2026-09-14T02:21:00.584+00:00,2026-09-14T02:25:54.588+00:00,2026-09-14T02:26:00.630+00:00,False,91,90.0,,90.0,294003.796869,300045.86227700004,300045.862286,3297.207277868132,0.03882,294003.796869,30812.941641838475,89.6385605,67.13406008888889,20.862064752548182,0.29995414473308984,15,64,,False,False,Request timeout: 300.0s exceeded,477,21.16838264042747
302,2026-09-14T02:21:03.276+00:00,2026-09-14T02:25:56.939+00:00,2026-09-14T02:26:03.364+00:00,False,94,93.0,,93.0,293663.21037800005,300088.89997800003,300088.89985700004,3192.4351048617027,0.03882,293663.21037800005,30281.927981076908,89.82066514999998,69.09343655913979,20.67485632586995,0.30990816390348985,15,64,,False,False,Request timeout: 300.0s exceeded,310,21.16838264042747
303,2026-09-14T02:21:06.449+00:00,2026-09-14T02:26:00.464+00:00,2026-09-14T02:26:06.472+00:00,False,86,85.0,,85.0,294014.271278,300022.43665399996,300022.43662999995,3488.632984069767,0.036969999999999996,294014.271278,31696.758460735073,89.30254375,70.68429854117647,20.121142538982202,0.2833121447447812,15,64,,False,False,Request timeout: 300.0s exceeded,455,21.16838264042747
304,2026-09-14T02:21:10.611+00:00,2026-09-14T02:26:04.253+00:00,2026-09-14T02:26:10.667+00:00,False,97,96.0,,96.0,293642.050668,300055.71006,300055.710072,3093.3578357938145,0.04678,293642.050668,29808.056600205975,89.94700579999999,66.808952,20.55711028120084,0.31994058696901173,15,64,,False,False,Request timeout: 300.0s exceeded,450,21.16838264042747
305,2026-09-14T02:21:13.226+00:00,2026-09-14T02:26:06.902+00:00,2026-09-14T02:26:13.293+00:00,False,95,94.0,,94.0,293675.801968,300066.53144,300066.53143000003,3158.595067684211,0.03139,293675.801968,30123.53309153946,89.6946593,67.98648374468085,20.38279001888998,0.31326386034757037,15,64,,False,False,Request timeout: 300.0s exceeded,465,21.16838264042747
306,2026-09-14T02:21:17.459+00:00,2026-09-14T02:26:11.009+00:00,2026-09-14T02:26:17.527+00:00,False,93,92.0,,92.0,293550.46641399997,300067.71620599995,300067.71629799996,3226.534583849462,0.042539,293550.46641399997,30432.425446161902,89.1416576,70.8396716521739,18.915016965102062,0.30659746127717696,15,64,,False,False,Request timeout: 300.0s exceeded,481,21.16838264042747
307,2026-09-14T02:21:20.647+00:00,2026-09-14T02:26:14.089+00:00,2026-09-14T02:26:20.690+00:00,False,101,100.0,,100.0,293442.143503,300042.79655900004,300042.796402,2970.720756455446,0.043590000000000004,293442.143503,29192.023952600688,89.67082099999999,66.00653056,20.67990504806792,0.3332857883836452,15,64,,False,False,Request timeout: 300.0s exceeded,455,21.16838264042747
308,2026-09-14T02:21:24.177+00:00,2026-09-14T02:26:17.658+00:00,2026-09-14T02:26:24.213+00:00,False,99,98.0,,98.0,293480.463714,300035.46941,300035.469379,3030.661306858586,0.02241,293480.463714,29489.180873141115,89.09127999999998,66.88781322448979,20.341351266470344,0.32662804898604336,15,64,,False,False,Request timeout: 300.0s exceeded,505,21.16838264042747
309,2026-09-14T02:21:26.738+00:00,2026-09-14T02:26:20.246+00:00,2026-09-14T02:26:26.827+00:00,False,96,95.0,,95.0,293508.186406,300088.95031,300088.950397,3125.9265666354167,0.02707,293508.186406,29948.990746388103,90.13796475000001,69.27119898947369,20.39939351875023,0.31657280250359915,15,64,,False,False,Request timeout: 300.0s exceeded,425,21.16838264042747
310,2026-09-14T02:21:30.484+00:00,2026-09-14T02:26:24.045+00:00,2026-09-14T02:26:30.532+00:00,False,98,97.0,,97.0,293561.841925,300048.363269,300048.363295,3061.7179928061228,0.02152,293561.841925,29647.476363653135,88.201456,66.87135406185567,20.812857950440197,0.3232812168784848,15,64,,False,False,Request timeout: 300.0s exceeded,482,21.16838264042747
311,2026-09-14T02:21:33.772+00:00,2026-09-14T02:26:27.557+00:00,2026-09-14T02:26:33.836+00:00,False,93,92.0,,92.0,293784.928665,300063.947673,300063.947622,3226.494060451613,0.04165,293784.928665,30457.00736267003,89.41587959999998,68.25020660869566,20.18017278394776,0.30660131186522493,15,64,,False,False,Request timeout: 300.0s exceeded,378,21.16838264042747
312,2026-09-14T02:21:38.043+00:00,2026-09-14T02:26:31.421+00:00,2026-09-14T02:26:38.071+00:00,False,99,98.0,,98.0,293377.902136,300027.634744,300027.634901,3030.5821707171717,0.03522,293377.902136,29478.77546037988,87.8295319,67.85441436734695,19.684295121503876,0.32663657827259474,15,64,,False,False,Request timeout: 300.0s exceeded,428,21.16838264042747
313,2026-09-14T02:21:40.659+00:00,2026-09-14T02:26:34.571+00:00,2026-09-14T02:26:40.751+00:00,False,94,93.0,,93.0,293912.455818,300092.118666,300092.118557,3192.469346351064,0.02204,293912.455818,30307.90852761364,89.13729415,66.44798761290322,20.6616230162644,0.30990483993186174,15,64,,False,False,Request timeout: 300.0s exceeded,407,21.16838264042747
314,2026-09-14T02:21:46.364+00:00,2026-09-14T02:26:39.919+00:00,2026-09-14T02:26:46.483+00:00,False,102,101.0,,101.0,293554.84277600003,300118.58165600005,300118.58166400006,2942.339035921569,0.0,293554.84277600003,29059.891930711492,88.54668655000002,64.98751366336634,62.25443232643619,0.3365336442772062,15,64,,False,False,Request timeout: 300.0s exceeded,339,21.16838264042747
315,2026-09-14T02:21:47.674+00:00,2026-09-14T02:26:40.999+00:00,2026-09-14T02:26:47.742+00:00,False,108,107.0,,107.0,293325.117141,300068.248789,300068.24884,2778.4097114814813,0.0,293325.117141,28219.226613547162,92.20957265000001,63.01992194392523,62.310892606443865,0.35658554489462013,15,64,,False,False,Request timeout: 300.0s exceeded,178,21.16838264042747
316,2026-09-14T02:21:50.754+00:00,2026-09-14T02:26:44.832+00:00,2026-09-14T02:26:50.822+00:00,False,97,96.0,,96.0,294077.843024,300067.619152,300067.619233,3093.4806106494843,0.0,294077.843024,29852.81523603942,92.3305224,62.39350133333333,64.67106675502063,0.31992788915811327,15,64,,False,False,Request timeout: 300.0s exceeded,458,21.16838264042747
317,2026-09-14T02:21:54.337+00:00,2026-09-14T02:26:48.253+00:00,2026-09-14T02:26:54.412+00:00,False,92,91.0,,91.0,293915.257929,300074.191433,300074.191521,3261.6759947934784,0.02632,293915.257929,30635.73413214986,88.42781794999999,67.68058795604396,19.95347758866456,0.30325833609825226,15,64,,False,False,Request timeout: 300.0s exceeded,418,21.16838264042747
318,2026-09-14T02:21:57.423+00:00,2026-09-14T02:26:51.256+00:00,2026-09-14T02:26:57.496+00:00,False,93,92.0,,92.0,293833.277093,300073.566629,300073.566534,3226.5974896129032,0.03668,293833.277093,30462.064531656346,90.2365776,67.82923408695652,20.208785452081425,0.3065914836602233,15,64,,False,False,Request timeout: 300.0s exceeded,450,21.16838264042747
319,2026-09-14T02:22:01.474+00:00,2026-09-14T02:26:55.213+00:00,2026-09-14T02:27:01.488+00:00,False,91,90.0,,90.0,293739.984442,300014.01657,300014.01656099997,3296.857324846154,0.02444,293739.984442,30785.01582077536,89.7666805,69.71146808888888,19.97013888452099,0.2999859840848502,15,64,,False,False,Request timeout: 300.0s exceeded,301,21.16838264042747
320,2026-09-14T02:22:04.440+00:00,2026-09-14T02:26:58.181+00:00,2026-09-14T02:27:04.457+00:00,False,89,88.0,,88.0,293741.179251,300017.713523,300017.713374,3370.9855435280897,0.03748,293741.179251,31128.948249572644,89.3613076,71.3242530909091,19.23856256328478,0.2933160144667716,15,64,,False,False,Request timeout: 300.0s exceeded,394,21.16838264042747
321,2026-09-14T02:22:07.574+00:00,2026-09-14T02:27:01.492+00:00,2026-09-14T02:27:07.649+00:00,False,90,89.0,,89.0,293917.710729,300075.44794499996,300075.44801399997,3334.1716446,0.04491,293917.710729,30974.360113673883,88.92579300000001,69.18805860674158,19.639977354582456,0.29659207579126096,15,64,,False,False,Request timeout: 300.0s exceeded,457,21.16838264042747
322,2026-09-14T02:22:10.896+00:00,2026-09-14T02:27:04.756+00:00,2026-09-14T02:27:10.935+00:00,False,95,94.0,,94.0,293859.718842,300038.880698,300038.880681,3158.304007168421,0.03737,293859.718842,30142.633693428503,89.66700279999999,65.73576442553191,20.700394541844442,0.3132927298666148,15,64,,False,False,Request timeout: 300.0s exceeded,419,21.16838264042747
323,2026-09-14T02:22:13.589+00:00,2026-09-14T02:27:07.520+00:00,2026-09-14T02:27:13.612+00:00,False,94,93.0,,93.0,293931.340172,300023.221644,300023.221506,3191.736399,0.02231,293931.340172,30309.953576049647,88.8778538,65.50410184946237,20.54578463469068,0.30997600615845483,15,64,,False,False,Request timeout: 300.0s exceeded,383,21.16838264042747
324,2026-09-14T02:22:16.663+00:00,2026-09-14T02:27:10.495+00:00,2026-09-14T02:27:16.724+00:00,False,96,95.0,,95.0,293831.937763,300060.28669100004,300060.286528,3125.627984666667,0.041979999999999996,293831.937763,29982.41190445417,88.07497374999998,65.5615676631579,20.127673301384927,0.3166030435004894,15,64,,False,False,Request timeout: 300.0s exceeded,486,21.16838264042747
325,2026-09-14T02:22:19.911+00:00,2026-09-14T02:27:13.776+00:00,2026-09-14T02:27:19.939+00:00,False,93,92.0,,92.0,293864.713966,300027.351278,300027.35149000003,3226.100553655914,0.03936,293864.713966,30465.412241585833,90.39235559999999,66.98518817391304,20.71408303766033,0.30663871013131216,15,64,,False,False,Request timeout: 300.0s exceeded,444,21.16838264042747
326,2026-09-14T02:22:22.766+00:00,2026-09-14T02:27:16.600+00:00,2026-09-14T02:27:22.809+00:00,False,90,89.0,,89.0,293833.599263,300043.396127,300043.396137,3333.8155126333336,0.02505,293833.599263,30965.432406152537,89.05265645000001,69.77299847191011,19.760340889137712,0.2966237589256215,15,64,,False,False,Request timeout: 300.0s exceeded,333,21.16838264042747
327,2026-09-14T02:22:27.012+00:00,2026-09-14T02:27:21.088+00:00,2026-09-14T02:27:27.025+00:00,False,84,83.0,,83.0,294075.877272,300012.39516,300012.395034,3571.576131357143,0.023,294075.877272,32078.51028410143,88.8823643,71.52431190361446,18.85132758827119,0.2766552360469478,15,64,,False,False,Request timeout: 300.0s exceeded,395,21.16838264042747
328,2026-09-14T02:22:30.762+00:00,2026-09-14T02:27:24.875+00:00,2026-09-14T02:27:30.787+00:00,False,89,88.0,,88.0,294113.19346499996,300025.775865,300025.77577799995,3371.076132337078,0.12273,294113.19346499996,31168.820337395802,87.62113539999999,67.18843636363636,19.67908579323868,0.2933081324305836,15,64,,False,False,Request timeout: 300.0s exceeded,483,21.16838264042747
329,2026-09-14T02:22:34.250+00:00,2026-09-14T02:27:28.240+00:00,2026-09-14T02:27:34.268+00:00,False,95,94.0,,94.0,293990.093297,300018.456817,300018.456765,3158.089018578947,0.03506,293990.093297,30156.17399681817,87.60763770000001,64.13152680851064,20.06993710919022,0.3133140573992635,15,64,,False,False,Request timeout: 300.0s exceeded,500,21.16838264042747
330,2026-09-14T02:22:36.969+00:00,2026-09-14T02:27:30.993+00:00,2026-09-14T02:27:36.999+00:00,False,92,91.0,,91.0,294024.376006,300030.43655,300030.436621,3261.2003980543477,0.02229,294024.376006,30647.285651633225,88.26721300000001,66.00066531868133,20.002911623540545,0.3033025617213835,15,64,,False,False,Request timeout: 300.0s exceeded,448,21.16838264042747
331,2026-09-14T02:22:41.152+00:00,2026-09-14T02:27:35.022+00:00,2026-09-14T02:27:41.177+00:00,False,89,88.0,,88.0,293870.285944,300025.656184,300025.655953,3371.0747859887642,0.040159,293870.285944,31142.779949432395,89.3749374,69.9473890909091,19.99804580658033,0.29330824943194617,15,64,,False,False,Request timeout: 300.0s exceeded,420,21.16838264042747
332,2026-09-14T02:22:44.258+00:00,2026-09-14T02:27:37.905+00:00,2026-09-14T02:27:44.286+00:00,False,97,96.0,,96.0,293646.767566,300028.426958,300028.426958,3093.0765665773197,0.0,293646.767566,29808.64137459785,90.62699479999999,66.47561866666666,68.99485576504071,0.31996968078441024,15,64,,False,False,Request timeout: 300.0s exceeded,432,21.16838264042747
333,2026-09-14T02:22:47.803+00:00,2026-09-14T02:27:41.723+00:00,2026-09-14T02:27:47.849+00:00,False,98,97.0,,97.0,293919.58201099996,300046.01529099996,300046.015133,3061.694031969387,0.0,293919.58201099996,29684.059942105894,90.97597255,63.159105979381444,68.66928870706347,0.32328374668106974,15,64,,False,False,Request timeout: 300.0s exceeded,470,21.16838264042747
334,2026-09-14T02:22:50.370+00:00,2026-09-14T02:27:44.202+00:00,2026-09-14T02:27:50.394+00:00,False,92,91.0,,91.0,293831.97663700004,300023.43519700004,300023.43522100005,3261.124295880435,0.0298,293831.97663700004,30627.0145244954,88.0559275,68.03800615384615,20.457328211365343,0.3033096395961469,15,64,,False,False,Request timeout: 300.0s exceeded,383,21.16838264042747
335,2026-09-14T02:22:54.600+00:00,2026-09-14T02:27:48.057+00:00,2026-09-14T02:27:54.649+00:00,False,94,93.0,,93.0,293457.13519,300048.747094,300048.74709900003,3192.007947861702,0.019190000000000002,293457.13519,30260.488397917365,89.52403315,70.87754735483871,19.86251427230801,0.30994963618649857,15,64,,False,False,Request timeout: 300.0s exceeded,374,21.16838264042747
336,2026-09-14T02:22:58.250+00:00,2026-09-14T02:27:51.794+00:00,2026-09-14T02:27:58.301+00:00,False,98,97.0,,97.0,293543.72397899994,300050.871755,300050.871587,3061.7435876224486,0.02234,293543.72397899994,29645.62510367121,90.2007922,67.08399769072165,21.39278929600682,0.3232785141820993,15,64,,False,False,Request timeout: 300.0s exceeded,434,21.16838264042747
337,2026-09-14T02:23:01.904+00:00,2026-09-14T02:27:55.164+00:00,2026-09-14T02:28:01.941+00:00,False,104,103.0,,103.0,293259.96252,300037.657496,300037.657426,2884.97747525,0.079229,293259.96252,28750.059796105645,88.09456815,65.8028638446602,20.271972896664238,0.34329024183030477,15,64,,False,False,Request timeout: 300.0s exceeded,389,21.16838264042747
338,2026-09-14T02:23:04.667+00:00,2026-09-14T02:27:58.261+00:00,2026-09-14T02:28:04.683+00:00,False,96,95.0,,95.0,293594.01535500004,300015.93714700005,300015.93706300005,3125.166011072917,0.061560000000000004,293594.01535500004,29957.92157644372,90.0987245,67.59917675789474,20.84199568372222,0.31664984501624144,15,64,,False,False,Request timeout: 300.0s exceeded,295,21.16838264042747
339,2026-09-14T02:23:08.464+00:00,2026-09-14T02:28:02.164+00:00,2026-09-14T02:28:08.494+00:00,False,93,92.0,,92.0,293699.788863,300029.639999,300029.640065,3226.1251619892473,0.044899999999999995,293699.788863,30448.12149158366,90.7243462,68.80272973913044,20.191288976771094,0.3066363709942346,15,64,,False,False,Request timeout: 300.0s exceeded,352,21.16838264042747
340,2026-09-14T02:23:11.223+00:00,2026-09-14T02:28:04.897+00:00,2026-09-14T02:28:11.298+00:00,False,95,94.0,,94.0,293673.244102,300074.920646,300074.92083200003,3158.6833771789475,0.04567,293673.244102,30123.259341297904,90.44745200000001,68.10294195744682,21.3027789543259,0.3132551024178802,15,64,,False,False,Request timeout: 300.0s exceeded,449,21.16838264042747
341,2026-09-14T02:23:14.068+00:00,2026-09-14T02:28:07.811+00:00,2026-09-14T02:28:14.675+00:00,False,62,61.0,,61.0,293743.608645,300607.42790899996,300607.42793899996,4848.506902241935,0.05141,293743.608645,37292.71442274734,91.60910464999999,112.52162727868853,340.5077451221095,0.2029224641064623,15,64,,False,False,Request timeout: 300.0s exceeded,294,21.16838264042747
342,2026-09-14T02:23:16.994+00:00,2026-09-14T02:28:10.728+00:00,2026-09-14T02:28:17.086+00:00,False,106,105.0,,105.0,293734.072046,300091.44907,300091.449101,2831.0514066132073,0.015050000000000001,293734.072046,28525.363067875987,91.053738,60.54644784761905,270.32437594138935,0.34989334193093746,15,64,,False,False,Request timeout: 300.0s exceeded,395,21.16838264042747
343,2026-09-14T02:23:20.332+00:00,2026-09-14T02:28:15.793+00:00,2026-09-14T02:28:20.363+00:00,False,66,65.0,,65.0,295460.12637300004,300030.944933,300030.94482400006,4545.923406424243,0.0327,295460.12637300004,36359.97789232137,88.57354824999999,70.32028553846153,21.46894305257774,0.21664431985345767,15,64,,False,False,Request timeout: 300.0s exceeded,272,21.16838264042747
344,2026-09-14T02:23:23.916+00:00,2026-09-14T02:28:17.504+00:00,2026-09-14T02:28:24.004+00:00,False,93,92.0,,92.0,293588.18553899997,300088.38547499996,300088.385647,3226.7568349139783,0.030969999999999998,293588.18553899997,30436.3560654913,88.7379506,70.65434713043479,19.096092565339156,0.3065763436808001,15,64,,False,False,Request timeout: 300.0s exceeded,322,21.16838264042747
345,2026-09-14T02:23:27.469+00:00,2026-09-14T02:28:21.102+00:00,2026-09-14T02:28:27.547+00:00,False,93,92.0,,92.0,293633.037639,300077.757255,300077.757284,3226.64255144086,0.0322,293633.037639,30441.070274124788,89.5083672,70.05130017391305,20.238777039853883,0.30658720206916323,15,64,,False,False,Request timeout: 300.0s exceeded,411,21.16838264042747
346,2026-09-14T02:23:30.431+00:00,2026-09-14T02:28:23.616+00:00,2026-09-14T02:28:30.447+00:00,False,103,102.0,,102.0,293184.769259,300015.557099,300015.55700000003,2912.7723980582527,0.0188,293184.769259,28881.762679667227,90.426353,66.96850823529412,21.02326058413599,0.33998236953539623,15,64,,False,False,Request timeout: 300.0s exceeded,136,21.16838264042747
347,2026-09-14T02:23:33.978+00:00,2026-09-14T02:28:27.550+00:00,2026-09-14T02:28:34.013+00:00,False,96,95.0,,95.0,293572.164047,300035.053007,300035.053034,3125.365135770833,0.0435,293572.164047,29955.646997902797,89.43913350000001,68.03041010526316,20.28757515201009,0.3166296705931343,15,64,,False,False,Request timeout: 300.0s exceeded,313,21.16838264042747
348,2026-09-14T02:23:36.297+00:00,2026-09-14T02:28:30.140+00:00,2026-09-14T02:28:36.371+00:00,False,88,87.0,,87.0,293842.70874900004,300073.94535700005,300073.94514500006,3409.931194829546,0.03511,293842.70874900004,31316.10943081655,89.7172075,71.62340928735631,20.311163594326068,0.2899285371027314,15,64,,False,False,Request timeout: 300.0s exceeded,342,21.16838264042747
349,2026-09-14T02:23:40.524+00:00,2026-09-14T02:28:34.693+00:00,2026-09-14T02:28:40.597+00:00,False,91,90.0,,90.0,294168.804185,300072.287321,300072.287223,3297.497661791209,0.0,294168.804185,30830.46775324634,89.99676,65.59425706666667,68.02548601032495,0.29992773009299317,15,64,,False,False,Request timeout: 300.0s exceeded,339,21.16838264042747
350,2026-09-14T02:23:43.500+00:00,2026-09-14T02:28:37.855+00:00,2026-09-14T02:28:43.524+00:00,False,85,84.0,,84.0,294355.619885,300024.121389,300024.121379,3529.695545635294,0.03658,294355.619885,31920.036428968964,89.3005062,67.48216076190477,20.02313566655739,0.27997748851362775,15,64,,False,False,Request timeout: 300.0s exceeded,411,21.16838264042747
351,2026-09-14T02:23:46.861+00:00,2026-09-14T02:28:40.250+00:00,2026-09-14T02:28:46.880+00:00,False,99,98.0,,98.0,293388.81825099996,300018.734411,300018.73437499994,3030.492266414141,0.04657,293388.81825099996,29479.893061435156,88.46503700000001,67.65220571428571,19.936153097655367,0.3266462682485301,15,64,,False,False,Request timeout: 300.0s exceeded,441,21.16838264042747
352,2026-09-14T02:23:50.502+00:00,2026-09-14T02:28:44.282+00:00,2026-09-14T02:28:50.533+00:00,False,93,92.0,,92.0,293780.148129,300031.611553,300031.611582,3226.146361096774,0.131509,293780.148129,30456.542578762062,88.7609446,67.95068939130434,19.99018880661307,0.30663435603934147,15,64,,False,False,Request timeout: 300.0s exceeded,259,21.16838264042747
353,2026-09-14T02:23:53.744+00:00,2026-09-14T02:28:47.856+00:00,2026-09-14T02:28:53.813+00:00,False,89,88.0,,88.0,294112.02344300004,300069.10837100004,300069.10821800004,3371.563013685394,0.04886,294112.02344300004,31168.64315525297,89.11741599999999,67.6941469090909,20.379603304825125,0.29326577626644057,15,64,,False,False,Request timeout: 300.0s exceeded,392,21.16838264042747
354,2026-09-14T02:23:57.277+00:00,2026-09-14T02:28:51.137+00:00,2026-09-14T02:28:57.346+00:00,False,93,92.0,,92.0,293860.58509899996,300069.61498699995,300069.61490199994,3226.554998946236,0.019190000000000002,293860.58509899996,30464.931877976436,89.359051,67.48945530434783,20.817247299911973,0.30659552118926053,15,64,,False,False,Request timeout: 300.0s exceeded,425,21.16838264042747
355,2026-09-14T02:24:00.059+00:00,2026-09-14T02:28:53.893+00:00,2026-09-14T02:29:00.074+00:00,False,92,91.0,,91.0,293833.717968,300014.445008,300014.44486,3261.0265745652173,0.0288,293833.717968,30627.20899906874,91.3815725,67.92007736263736,21.39439522355421,0.3033187285284662,15,64,,False,False,Request timeout: 300.0s exceeded,429,21.16838264042747
356,2026-09-14T02:24:03.240+00:00,2026-09-14T02:28:56.512+00:00,2026-09-14T02:29:03.297+00:00,False,102,101.0,,101.0,293272.010926,300057.01393400005,300057.014083,2941.7354321862745,0.02634,293272.010926,29031.612067263766,91.0576816,67.1782476039604,21.11265231808551,0.33660269652025454,15,64,,False,False,Request timeout: 300.0s exceeded,405,21.16838264042747
357,2026-09-14T02:24:07.151+00:00,2026-09-14T02:29:00.588+00:00,2026-09-14T02:29:07.156+00:00,False,95,94.0,,94.0,293437.31468,300005.246072,300005.246216,3157.949960168421,0.018179999999999998,293437.31468,30098.87154492558,91.7979704,69.87161055319149,20.58680425957258,0.3133278541983909,15,64,,False,False,Request timeout: 300.0s exceeded,449,21.16838264042747
358,2026-09-14T02:24:09.641+00:00,2026-09-14T02:29:03.296+00:00,2026-09-14T02:29:09.696+00:00,False,92,91.0,,91.0,293655.86625099997,300055.118731,300055.118812,3261.46868273913,0.0175,293655.86625099997,30608.415909659063,90.4009115,70.32145582417581,20.793749896058262,0.30327761240954426,15,64,,False,False,Request timeout: 300.0s exceeded,284,21.16838264042747
359,2026-09-14T02:24:12.201+00:00,2026-09-14T02:29:06.426+00:00,2026-09-14T02:29:12.243+00:00,False,87,86.0,,86.0,294225.294241,300042.790049,300042.78997000004,3448.767700804598,0.03624,294225.294241,31537.016805890282,89.312017,67.64530009302325,20.430862632973934,0.2866257842288273,15,64,,False,False,Request timeout: 300.0s exceeded,399,21.16838264042747
360,2026-09-14T02:24:16.409+00:00,2026-09-14T02:29:10.254+00:00,2026-09-14T02:29:16.440+00:00,False,95,94.0,,94.0,293845.478176,300031.588384,300031.588207,3158.2272442842104,0.03597,293845.478176,30141.164364200722,88.066745,65.80968306382978,19.66744156729079,0.31330034449470257,15,64,,False,False,Request timeout: 300.0s exceeded,575,21.16838264042747
361,2026-09-14T02:24:18.802+00:00,2026-09-14T02:29:12.079+00:00,2026-09-14T02:29:18.877+00:00,False,105,104.0,,104.0,293277.294227,300074.770579,300074.77052799996,2857.8549574095236,0.0497,293277.294227,28614.561345108526,87.74769500000001,65.36034953846153,19.497864663846723,0.3465802866376604,15,64,,False,False,Request timeout: 300.0s exceeded,230,21.16838264042747
362,2026-09-14T02:24:21.841+00:00,2026-09-14T02:29:15.582+00:00,2026-09-14T02:29:21.910+00:00,False,95,94.0,,94.0,293741.34625,300069.551562,300069.551491,3158.6268578,0.019309999999999997,293741.34625,30130.326127784316,90.717869,67.32133310638298,20.52163582868978,0.31326070742828377,15,64,,False,False,Request timeout: 300.0s exceeded,494,21.16838264042747
363,2026-09-14T02:24:24.849+00:00,2026-09-14T02:29:18.405+00:00,2026-09-14T02:29:24.890+00:00,False,93,92.0,,92.0,293556.711431,300041.448199,300041.448222,3226.2521314193546,0.019899999999999998,293556.711431,30433.11066086891,90.8553382,70.4862692173913,20.462907200087727,0.3066243032495356,15,64,,False,False,Request timeout: 300.0s exceeded,356,21.16838264042747
364,2026-09-14T02:24:27.876+00:00,2026-09-14T02:29:21.747+00:00,2026-09-14T02:29:27.917+00:00,False,86,85.0,,85.0,293871.17795,300040.286686,300040.28675699997,3488.840543686046,0.03118,293871.17795,31681.123976208462,91.65502099999999,72.57774983529411,19.862925720156962,0.2832952899053677,15,64,,False,False,Request timeout: 300.0s exceeded,401,21.16838264042747
365,2026-09-14T02:24:31.604+00:00,2026-09-14T02:29:25.325+00:00,2026-09-14T02:29:31.642+00:00,False,92,91.0,,91.0,293721.307578,300038.37023400003,300038.370343,3261.2866341630433,0.023010000000000003,293721.307578,30615.332230178465,88.80964304999999,69.41827094505494,19.924967330146245,0.30329454172487696,15,64,,False,False,Request timeout: 300.0s exceeded,224,21.16838264042747
366,2026-09-14T02:24:35.333+00:00,2026-09-14T02:29:29.125+00:00,2026-09-14T02:29:35.359+00:00,False,103,102.0,,102.0,293792.086662,300025.773446,300025.77343299997,2912.8715867281553,0.0,293792.086662,28942.24055178072,89.53471499999999,61.11457631372549,62.99368482576345,0.33997079260378416,15,64,,False,False,Request timeout: 300.0s exceeded,505,21.16838264042747
367,2026-09-14T02:24:37.838+00:00,2026-09-14T02:29:31.383+00:00,2026-09-14T02:29:37.896+00:00,False,104,103.0,,103.0,293545.10545599996,300058.14379199996,300058.14364699996,2885.1744581442304,0.0,293545.10545599996,28778.333498179098,90.36837965,63.233381902912626,62.98484143245387,0.3432668038878475,15,64,,False,False,Request timeout: 300.0s exceeded,451,21.16838264042747
368,2026-09-14T02:24:40.735+00:00,2026-09-14T02:29:34.244+00:00,2026-09-14T02:29:40.820+00:00,False,99,98.0,,98.0,293509.56091299996,300084.944209,300084.944042,3031.1610509292927,0.01685,293509.56091299996,29492.084071569665,87.50357090000001,67.09574791836735,19.924961464076,0.326574198043558,15,64,,False,False,Request timeout: 300.0s exceeded,431,21.16838264042747
369,2026-09-14T02:24:44.226+00:00,2026-09-14T02:29:37.762+00:00,2026-09-14T02:29:44.297+00:00,False,99,98.0,,98.0,293536.234979,300071.091427,300071.091414,3031.021125393939,0.031679,293536.234979,29494.807290533092,91.091576,66.68220865306122,21.105847506730232,0.32658927434148055,15,64,,False,False,Request timeout: 300.0s exceeded,522,21.16838264042747
370,2026-09-14T02:24:47.601+00:00,2026-09-14T02:29:41.215+00:00,2026-09-14T02:29:47.687+00:00,False,101,100.0,,100.0,293613.26589,300085.624546,300085.624387,2971.144795910891,0.048920000000000005,293613.26589,29209.178978013646,89.504121,64.72358656,20.762550370986258,0.3332382220950776,15,64,,False,False,Request timeout: 300.0s exceeded,486,21.16838264042747
371,2026-09-14T02:24:50.941+00:00,2026-09-14T02:29:44.382+00:00,2026-09-14T02:29:50.967+00:00,False,104,103.0,,103.0,293441.02046499995,300025.90852899995,300025.9086249999,2884.864506009615,0.04877,293441.02046499995,28767.998506385233,90.09953515,63.9309520776699,21.612778702238383,0.3433036850217361,15,64,,False,False,Request timeout: 300.0s exceeded,467,21.16838264042747
372,2026-09-14T02:24:54.759+00:00,2026-09-14T02:29:48.907+00:00,2026-09-14T02:29:54.820+00:00,False,85,84.0,,84.0,294147.642877,300060.230397,300060.230406,3530.1203577176466,0.0205,294147.642877,31897.162966240114,88.68502499999998,70.38794666666668,19.996296422141207,0.27994379624671456,15,64,,False,False,Request timeout: 300.0s exceeded,327,21.16838264042747
373,2026-09-14T02:24:57.757+00:00,2026-09-14T02:29:51.674+00:00,2026-09-14T02:29:57.791+00:00,False,89,88.0,,88.0,293917.007316,300034.578388,300034.578402,3371.175038224719,0.04095,293917.007316,31147.778017115652,88.79980459999999,69.5178530909091,20.127989402587353,0.2932995272504884,15,64,,False,False,Request timeout: 300.0s exceeded,155,21.16838264042747
374,2026-09-14T02:25:01.176+00:00,2026-09-14T02:29:55.193+00:00,2026-09-14T02:30:01.248+00:00,False,88,87.0,,87.0,294017.026487,300071.684791,300071.684916,3409.9055104090908,0.02384,294017.026487,31334.908783260078,90.74575135,69.5937736091954,21.321647379626814,0.28993072125614094,15,64,,False,False,Request timeout: 300.0s exceeded,427,21.16838264042747
375,2026-09-14T02:25:04.027+00:00,2026-09-14T02:29:58.203+00:00,2026-09-14T02:30:04.064+00:00,False,83,82.0,,82.0,294176.26543300005,300037.51010500005,300037.51018000004,3614.90976120482,0.037840000000000006,294176.26543300005,32282.200840611673,88.5915861,71.47859356097561,20.697097462512406,0.27329916173248997,15,64,,False,False,Request timeout: 300.0s exceeded,435,21.16838264042747
376,2026-09-14T02:25:07.819+00:00,2026-09-14T02:30:01.332+00:00,2026-09-14T02:30:07.827+00:00,False,95,94.0,,94.0,293512.53225700004,300007.238689,300007.23854700004,3157.9709320736847,0.044,293512.53225700004,30106.66879281809,90.1608167,69.09262161702128,20.831052401591606,0.31332577310724263,15,64,,False,False,Request timeout: 300.0s exceeded,351,21.16838264042747
377,2026-09-14T02:25:10.661+00:00,2026-09-14T02:30:04.581+00:00,2026-09-14T02:30:10.714+00:00,False,91,90.0,,90.0,293920.270328,300053.3678,300053.36768100003,3297.289754736264,0.023559999999999998,293920.270328,30804.080007897344,90.2393545,68.14552746666666,21.385784769925735,0.2999466416920517,15,64,,False,False,Request timeout: 300.0s exceeded,557,21.16838264042747
378,2026-09-14T02:25:13.773+00:00,2026-09-14T02:30:07.469+00:00,2026-09-14T02:30:13.839+00:00,False,95,94.0,,94.0,293696.365113,300065.99020099995,300065.990137,3158.5893698631576,0.02608,293696.365113,30125.66565007872,89.0157957,67.7619690212766,20.06673410513955,0.31326442539200744,15,64,,False,False,Request timeout: 300.0s exceeded,449,21.16838264042747
379,2026-09-14T02:25:16.379+00:00,2026-09-14T02:30:10.240+00:00,2026-09-14T02:30:16.407+00:00,False,94,93.0,,93.0,293860.575478,300028.153846,300028.15396799997,3191.7888719999996,0.0282,293860.575478,30302.570358440767,86.99943065,66.31804696774194,19.869572677280377,0.30997091042241165,15,64,,False,False,Request timeout: 300.0s exceeded,576,21.16838264042747
380,2026-09-14T02:25:20.354+00:00,2026-09-14T02:30:14.174+00:00,2026-09-14T02:30:20.426+00:00,False,95,94.0,,94.0,293820.121257,300071.981481,300071.98148,3158.6524366315793,0.032350000000000004,293820.121257,30138.491433342973,89.34727199999999,66.50915131914894,20.27409021181627,0.31325817070978984,15,64,,False,False,Request timeout: 300.0s exceeded,370,21.16838264042747
381,2026-09-14T02:25:23.754+00:00,2026-09-14T02:30:17.243+00:00,2026-09-14T02:30:23.793+00:00,False,97,96.0,,96.0,293488.82775,300039.200358,300039.200252,3093.1876314639176,0.03904,293488.82775,29792.354479600846,89.4118398,68.233048,20.411364320385637,0.31995819174779483,15,64,,False,False,Request timeout: 300.0s exceeded,234,21.16838264042747
382,2026-09-14T02:25:27.518+00:00,2026-09-14T02:30:21.289+00:00,2026-09-14T02:30:28.103+00:00,False,91,90.0,,90.0,293770.69831699994,300584.8412929999,300584.84147199994,3303.1301260659334,0.03754,293770.69831699994,30787.66358094855,91.7803615,75.71269973333334,62.91855758556477,0.2994162966197988,15,64,,False,False,Request timeout: 300.0s exceeded,474,21.16838264042747
383,2026-09-14T02:25:30.644+00:00,2026-09-14T02:30:24.708+00:00,2026-09-14T02:30:30.670+00:00,False,96,95.0,,95.0,294064.746087,300026.028903,300026.028743,3125.271132739583,0.0,294064.746087,30006.524178572272,94.325336,62.75034543157895,65.68659138244959,0.31663919409710284,15,64,,False,False,Request timeout: 300.0s exceeded,429,21.16838264042747
384,2026-09-14T02:25:34.845+00:00,2026-09-14T02:30:29.265+00:00,2026-09-14T02:30:34.913+00:00,False,85,84.0,,84.0,294420.111901,300068.493597,300068.493687,3530.2175727882354,0.03319,294420.111901,31927.0583090379,90.99084340000002,67.24263923809524,21.214936293547588,0.2799360872348506,15,64,,False,False,Request timeout: 300.0s exceeded,398,21.16838264042747
385,2026-09-14T02:25:37.420+00:00,2026-09-14T02:30:31.153+00:00,2026-09-14T02:30:37.502+00:00,False,93,92.0,,92.0,293732.57220399997,300081.419564,300081.41936099995,3226.681928612903,0.0221,293732.57220399997,30451.49978137162,90.05817800000001,69.0092104347826,20.53471661317231,0.30658346036109263,15,64,,False,False,Request timeout: 300.0s exceeded,579,21.16838264042747
386,2026-09-14T02:25:39.767+00:00,2026-09-14T02:30:33.227+00:00,2026-09-14T02:30:39.781+00:00,False,96,95.0,,95.0,293460.066222,300014.089134,300014.089086,3125.1467613125,0.01986,293460.066222,29944.108011350832,89.35924425000002,68.9897148631579,20.071217539345596,0.3166517955014061,15,64,,False,False,Request timeout: 300.0s exceeded,582,21.16838264042747
387,2026-09-14T02:25:42.719+00:00,2026-09-14T02:30:36.147+00:00,2026-09-14T02:30:42.780+00:00,False,101,100.0,,100.0,293427.610792,300060.886184,300060.88608,2970.899862178218,0.02557,293427.610792,29190.545379406365,89.687431,66.33275392,20.60237802301524,0.33326569574509324,15,64,,False,False,Request timeout: 300.0s exceeded,339,21.16838264042747
388,2026-09-14T02:25:45.869+00:00,2026-09-14T02:30:39.401+00:00,2026-09-14T02:30:45.886+00:00,False,98,97.0,,97.0,293532.362852,300016.628324,300016.628184,3061.394165142857,0.02613,293532.362852,29644.50059237014,88.21875055000001,66.84809764948454,20.39804211537457,0.3233154126885454,15,64,,False,False,Request timeout: 300.0s exceeded,469,21.16838264042747
389,2026-09-14T02:25:48.554+00:00,2026-09-14T02:30:42.020+00:00,2026-09-14T02:30:48.629+00:00,False,98,97.0,,97.0,293465.942723,300074.39430700004,300074.394142,3061.9836136938775,0.02702,293465.942723,29637.66147582366,87.94478035,68.12836684536083,19.884753289005356,0.3232531726807762,15,64,,False,False,Request timeout: 300.0s exceeded,416,21.16838264042747
390,2026-09-14T02:25:50.970+00:00,2026-09-14T02:30:44.171+00:00,2026-09-14T02:30:50.980+00:00,False,101,100.0,,100.0,293200.753495,300010.295383,300010.29549,2970.3989652475248,0.038439999999999995,293200.753495,29167.79684095684,88.442173,68.09541888,20.59176950248403,0.3333218944114492,15,64,,False,False,Request timeout: 300.0s exceeded,628,21.16838264042747
391,2026-09-14T02:25:53.500+00:00,2026-09-14T02:30:47.250+00:00,2026-09-14T02:30:53.524+00:00,False,96,95.0,,95.0,293750.483708,300024.36198,300024.362143,3125.2537723229166,0.047009999999999996,293750.483708,29974.050089752272,89.67572824999999,66.04082391578947,20.819171171760704,0.3166409533314259,15,64,,False,False,Request timeout: 300.0s exceeded,165,21.16838264042747
392,2026-09-14T02:25:57.119+00:00,2026-09-14T02:30:50.560+00:00,2026-09-14T02:30:57.188+00:00,False,100,99.0,,99.0,293441.44090499997,300069.15648899996,300069.156384,3000.6915638399996,0.024730000000000002,293441.44090499997,29337.456590431306,90.44488495,66.94662206060606,20.603876357847906,0.32992394539433173,15,64,,False,False,Request timeout: 300.0s exceeded,402,21.16838264042747
393,2026-09-14T02:26:01.138+00:00,2026-09-14T02:30:54.029+00:00,2026-09-14T02:31:01.186+00:00,False,104,103.0,,103.0,292891.050822,300047.739974,300047.73982400005,2885.0744213846156,0.02584,292891.050822,28713.523900797012,88.00378334999999,69.48241895145631,19.800054626518584,0.3432787062782917,15,64,,False,False,Request timeout: 300.0s exceeded,478,21.16838264042747
394,2026-09-14T02:26:04.336+00:00,2026-09-14T02:30:57.939+00:00,2026-09-14T02:31:04.395+00:00,False,95,94.0,,94.0,293602.56205199996,300058.55769999995,300058.55778299994,3158.5111345578944,0.01908,293602.56205199996,30115.94728746397,89.0314295,68.68080476595745,19.909811426140614,0.31327218500457393,15,64,,False,False,Request timeout: 300.0s exceeded,458,21.16838264042747
395,2026-09-14T02:26:08.303+00:00,2026-09-14T02:31:01.872+00:00,2026-09-14T02:31:08.322+00:00,False,96,95.0,,95.0,293568.90912699996,300019.10611899995,300019.10612099996,3125.1990220937496,0.01688,293568.90912699996,29955.328557752677,88.8835945,67.89681044210526,20.477945971469897,0.31664650038094266,15,64,,False,False,Request timeout: 300.0s exceeded,455,21.16838264042747
396,2026-09-14T02:26:12.416+00:00,2026-09-14T02:31:06.200+00:00,2026-09-14T02:31:12.471+00:00,False,93,92.0,,92.0,293784.119648,300054.972,300054.97195,3226.397547849462,0.043,293784.119648,30456.932833200066,87.70307700000001,68.16143860869566,20.418119597339167,0.30661048336169544,15,64,,False,False,Request timeout: 300.0s exceeded,472,21.16838264042747
397,2026-09-14T02:26:15.999+00:00,2026-09-14T02:31:09.981+00:00,2026-09-14T02:31:16.028+00:00,False,91,90.0,,90.0,293982.193093,300029.84058099997,300029.840477,3297.031214032967,0.019690000000000003,293982.193093,30810.670099641673,88.36037349999998,67.1960832,20.332697560156753,0.2999701623869057,15,64,,False,False,Request timeout: 300.0s exceeded,371,21.16838264042747
398,2026-09-14T02:26:18.581+00:00,2026-09-14T02:31:11.883+00:00,2026-09-14T02:31:18.635+00:00,False,105,104.0,,104.0,293302.432661,300054.156437,300054.156459,2857.658632942857,0.03187,293302.432661,28617.057882481804,88.07735999999998,64.92042092307692,20.00321107834321,0.3466040971901552,15,64,,False,False,Request timeout: 300.0s exceeded,538,21.16838264042747
399,2026-09-14T02:26:22.592+00:00,2026-09-14T02:31:16.234+00:00,2026-09-14T02:31:22.601+00:00,False,104,103.0,,103.0,293642.255059,300009.50344299997,300009.50339699996,2884.7067634326922,0.0,293642.255059,28788.00668329734,86.864393,61.81794547572815,66.62327833249851,0.34332245751531465,15,64,,False,False,Request timeout: 300.0s exceeded,498,21.16838264042747
400,2026-09-14T02:26:25.616+00:00,2026-09-14T02:31:19.460+00:00,2026-09-14T02:31:25.691+00:00,False,96,95.0,,95.0,293844.225385,300074.834793,300074.834723,3125.7795283645833,0.0,293844.225385,29983.736931913987,89.62700274999999,65.58536218947368,69.64839891377568,0.3165876940848227,15,64,,False,False,Request timeout: 300.0s exceeded,235,21.16838264042747
401,2026-09-14T02:26:28.924+00:00,2026-09-14T02:31:23.060+00:00,2026-09-14T02:31:28.995+00:00,False,84,83.0,,83.0,294136.261763,300071.59283499996,300071.592834,3572.2808670714285,0.04444,294136.261763,32085.100962140838,90.82635665,71.51001291566264,19.908837246739772,0.27660065791578986,15,64,,False,False,Request timeout: 300.0s exceeded,364,21.16838264042747
402,2026-09-14T02:26:32.364+00:00,2026-09-14T02:31:26.247+00:00,2026-09-14T02:31:32.396+00:00,False,91,90.0,,90.0,293882.476473,300031.604921,300031.60480200005,3297.0506022197806,0.02857,293882.476473,30800.098446183976,89.10255699999999,68.32364942222223,19.848033132127885,0.29996839840821937,15,64,,False,False,Request timeout: 300.0s exceeded,373,21.16838264042747
403,2026-09-14T02:26:36.254+00:00,2026-09-14T02:31:29.781+00:00,2026-09-14T02:31:36.336+00:00,False,95,94.0,,94.0,293526.98547799996,300081.75027799996,300081.750371,3158.7552670631576,0.01873,293526.98547799996,30108.085184987754,88.10282769999999,69.7315404255319,19.433224131622076,0.3132479729704225,15,64,,False,False,Request timeout: 300.0s exceeded,435,21.16838264042747
404,2026-09-14T02:26:38.665+00:00,2026-09-14T02:31:32.487+00:00,2026-09-14T02:31:38.698+00:00,False,90,89.0,,89.0,293821.975148,300033.594732,300033.594585,3333.7066065,0.01839,293821.975148,30964.20525315815,88.7448345,69.79347847191012,20.221884061636768,0.2966334489292699,15,64,,False,False,Request timeout: 300.0s exceeded,278,21.16838264042747
405,2026-09-14T02:26:42.092+00:00,2026-09-14T02:31:35.429+00:00,2026-09-14T02:31:42.160+00:00,False,101,100.0,,100.0,293336.805294,300067.428526,300067.428436,2970.9646379801984,0.03989,293336.805294,29181.412727584433,88.84601200000002,67.30623231999999,20.16188300926285,0.33325842958438684,15,64,,False,False,Request timeout: 300.0s exceeded,479,21.16838264042747
406,2026-09-14T02:26:45.685+00:00,2026-09-14T02:31:39.081+00:00,2026-09-14T02:31:45.735+00:00,False,104,103.0,,103.0,293395.90635299997,300050.22443299997,300050.22460799996,2885.0983135384613,0.04425,293395.90635299997,28763.50763117256,88.43149015,64.60502990291262,20.26019330431795,0.3432758638812466,15,64,,False,False,Request timeout: 300.0s exceeded,342,21.16838264042747
407,2026-09-14T02:26:49.146+00:00,2026-09-14T02:31:42.671+00:00,2026-09-14T02:31:49.224+00:00,False,102,101.0,,101.0,293525.038504,300077.535912,300077.535884,2941.9366263137254,0.03498,293525.038504,29056.892756486624,88.10640310000001,64.87621196039603,20.111273317566177,0.3365796766260405,15,64,,False,False,Request timeout: 300.0s exceeded,450,21.16838264042747
408,2026-09-14T02:26:52.064+00:00,2026-09-14T02:31:45.209+00:00,2026-09-14T02:31:52.073+00:00,False,103,102.0,,102.0,293145.31676099997,300009.28783299995,300009.287961,2912.7115336019415,0.03663,293145.31676099997,28877.842874988215,89.935719,67.29383403921568,20.48927511750733,0.33998947411514224,15,64,,False,False,Request timeout: 300.0s exceeded,210,21.16838264042747
409,2026-09-14T02:26:56.240+00:00,2026-09-14T02:31:49.957+00:00,2026-09-14T02:31:56.248+00:00,False,96,95.0,,95.0,293717.055909,300007.966629,300007.966609,3125.0829855104166,0.16419999999999998,293717.055909,29970.620033621497,89.68040850000001,66.22011284210527,20.74906210882569,0.31665825767047123,15,64,,False,False,Request timeout: 300.0s exceeded,408,21.16838264042747
410,2026-09-14T02:27:00.430+00:00,2026-09-14T02:31:54.245+00:00,2026-09-14T02:32:00.463+00:00,False,93,92.0,,92.0,293814.887387,300032.586971,300032.587071,3226.156850225807,0.03778,293814.887387,30460.183544315336,90.12099160000001,67.58369113043479,20.919415040453043,0.30663335915872486,15,64,,False,False,Request timeout: 300.0s exceeded,417,21.16838264042747
411,2026-09-14T02:27:03.488+00:00,2026-09-14T02:31:57.161+00:00,2026-09-14T02:32:05.668+00:00,False,88,87.0,,87.0,293672.500181,302180.02299699996,302180.023122,3433.8638991136363,0.06012,293672.500181,31296.448184169072,93.01819535,97.78761857471265,284.54322152826603,0.2879078475709287,15,64,,False,False,Request timeout: 300.0s exceeded,432,21.16838264042747
412,2026-09-14T02:27:07.683+00:00,2026-09-14T02:32:01.413+00:00,2026-09-14T02:32:07.701+00:00,False,106,105.0,,105.0,293729.785434,300017.960282,300017.96046000003,2830.35811754717,0.01504,293729.785434,28524.943630091224,89.85739275,59.8873795047619,263.077053707253,0.3499790475920372,15,64,,False,False,Request timeout: 300.0s exceeded,476,21.16838264042747
413,2026-09-14T02:27:11.097+00:00,2026-09-14T02:32:06.863+00:00,2026-09-14T02:32:11.122+00:00,False,65,64.0,,64.0,295765.78038999997,300025.28912599996,300025.28914799995,4615.7736792,0.018359999999999998,295765.78038999997,36676.980489099515,88.64669260000001,66.554824,20.295899803103964,0.2133153514706631,15,64,,False,False,Request timeout: 300.0s exceeded,252,21.16838264042747
414,2026-09-14T02:27:14.636+00:00,2026-09-14T02:32:08.996+00:00,2026-09-14T02:32:14.701+00:00,False,87,86.0,,86.0,294359.66855199996,300065.18330399995,300065.18336799997,3449.0250961839074,0.01738,294359.66855199996,31551.562484152582,87.76726760000001,66.34319479069767,19.864922697684914,0.28660439392887604,15,64,,False,False,Request timeout: 300.0s exceeded,416,21.16838264042747
415,2026-09-14T02:27:18.803+00:00,2026-09-14T02:32:12.312+00:00,2026-09-14T02:32:18.817+00:00,False,101,100.0,,100.0,293509.001343,300013.31852699997,300013.318662,2970.428897643564,0.0,293509.001343,29198.835534221264,88.87386199999999,65.04317184,64.42882157634078,0.3333185356269455,15,64,,False,False,Request timeout: 300.0s exceeded,419,21.16838264042747
416,2026-09-14T02:27:21.805+00:00,2026-09-14T02:32:15.288+00:00,2026-09-14T02:32:21.891+00:00,False,100,99.0,,99.0,293482.822621,300086.140381,300086.140362,3000.86140362,0.0,293482.822621,29341.681826554504,88.85725255000001,66.7001793939394,64.22608639266865,0.32990527278036264,15,64,,False,False,Request timeout: 300.0s exceeded,221,21.16838264042747
417,2026-09-14T02:27:25.290+00:00,2026-09-14T02:32:18.906+00:00,2026-09-14T02:32:25.334+00:00,False,92,91.0,,91.0,293615.871224,300043.628792,300043.628885,3261.343792228261,0.06799,293615.871224,30604.21325218812,91.35521004999998,70.63469854945055,20.447385090150423,0.3032892261914488,15,64,,False,False,Request timeout: 300.0s exceeded,352,21.16838264042747
418,2026-09-14T02:27:28.776+00:00,2026-09-14T02:32:22.797+00:00,2026-09-14T02:32:28.827+00:00,False,85,84.0,,84.0,294020.767653,300050.789797,300050.789843,3530.0092922705885,0.0437,294020.767653,31883.25016863461,92.34119720000001,71.7859779047619,20.612459650875387,0.27995260421354123,15,64,,False,False,Request timeout: 300.0s exceeded,355,21.16838264042747
419,2026-09-14T02:27:32.690+00:00,2026-09-14T02:32:26.194+00:00,2026-09-14T02:32:32.716+00:00,False,92,91.0,,91.0,293504.60500599997,300025.82382199995,300025.82361099997,3261.150256641304,0.02797,293504.60500599997,30592.505799442024,90.30889155000001,71.66174523076923,20.335818218802153,0.30330722482738254,15,64,,False,False,Request timeout: 300.0s exceeded,314,21.16838264042747
420,2026-09-14T02:27:35.052+00:00,2026-09-14T02:32:28.512+00:00,2026-09-14T02:32:35.077+00:00,False,96,95.0,,95.0,293459.85004299995,300025.030459,300025.03064699995,3125.2607359062495,0.047990000000000005,293459.85004299995,29944.07414902901,90.21932475,69.10716227368421,20.35347192895789,0.3166402478308631,15,64,,False,False,Request timeout: 300.0s exceeded,486,21.16838264042747
421,2026-09-14T02:27:39.080+00:00,2026-09-14T02:32:32.936+00:00,2026-09-14T02:32:39.133+00:00,False,91,90.0,,90.0,293855.853702,300052.896902,300052.896926,3297.2845816043955,0.019260000000000003,293855.853702,30797.25187739643,89.243587,68.85603555555555,19.949367375958275,0.2999471124232966,15,64,,False,False,Request timeout: 300.0s exceeded,391,21.16838264042747
422,2026-09-14T02:27:41.889+00:00,2026-09-14T02:32:35.832+00:00,2026-09-14T02:32:42.444+00:00,False,99,98.0,,98.0,293943.451243,300555.304043,300555.303851,3035.912160111111,0.034089,293943.451243,29535.65489408272,88.33410980000001,67.46788571428571,20.825106032117883,0.3260631194383423,15,64,,False,False,Request timeout: 300.0s exceeded,427,21.16838264042747
423,2026-09-14T02:27:45.651+00:00,2026-09-14T02:32:39.298+00:00,2026-09-14T02:32:45.666+00:00,False,99,98.0,,98.0,293646.287997,300014.19148499996,300014.19142,3030.446377979798,0.02616,293646.287997,29506.038853105125,89.482323,64.97860702040816,20.53669459420416,0.32665121444729983,15,64,,False,False,Request timeout: 300.0s exceeded,612,21.16838264042747
424,2026-09-14T02:27:48.930+00:00,2026-09-14T02:32:42.361+00:00,2026-09-14T02:32:48.955+00:00,False,97,96.0,,96.0,293430.19080000004,300024.18171200005,300024.181616,3093.032800164949,0.0287,293430.19080000004,29786.35440871091,88.37268759999999,68.68740533333333,20.02571397167987,0.31997420825282863,15,64,,False,False,Request timeout: 300.0s exceeded,531,21.16838264042747
425,2026-09-14T02:27:52.278+00:00,2026-09-14T02:32:46.091+00:00,2026-09-14T02:32:52.296+00:00,False,88,87.0,,87.0,293812.950077,300018.329917,300018.330044,3409.2992050454545,0.01693,293812.950077,31312.96800223008,88.97548934999999,71.32620505747126,18.979630538135428,0.28998228216278826,15,64,,False,False,Request timeout: 300.0s exceeded,384,21.16838264042747
426,2026-09-14T02:27:54.769+00:00,2026-09-14T02:32:48.221+00:00,2026-09-14T02:32:54.802+00:00,False,97,96.0,,96.0,293452.64231300005,300033.66605700005,300033.66609700007,3093.130578319588,0.018179999999999998,293452.64231300005,29788.647021015488,88.841514,68.55233066666668,18.932272409694196,0.3199640935686265,15,64,,False,False,Request timeout: 300.0s exceeded,459,21.16838264042747
427,2026-09-14T02:27:58.898+00:00,2026-09-14T02:32:52.858+00:00,2026-09-14T02:32:58.923+00:00,False,89,88.0,,88.0,293960.03129,300024.434746,300024.434644,3371.0610634157306,0.051789999999999996,293960.03129,31152.40170201837,86.6095834,68.91367563636364,18.684323750488865,0.29330944352749333,15,64,,False,False,Request timeout: 300.0s exceeded,298,21.16838264042747
428,2026-09-14T02:28:02.330+00:00,2026-09-14T02:32:56.441+00:00,2026-09-14T02:33:02.371+00:00,False,88,87.0,,87.0,294111.319498,300041.72001000005,300041.720004,3409.565000045455,0.04721,294111.319498,31345.11157976661,89.45297085,68.16552312643678,19.581922163601288,0.2899596762646887,15,64,,False,False,Request timeout: 300.0s exceeded,355,21.16838264042747
429,2026-09-14T02:28:05.934+00:00,2026-09-14T02:32:59.377+00:00,2026-09-14T02:33:06.003+00:00,False,98,97.0,,97.0,293443.575273,300069.282025,300069.281853,3061.931447479592,0.026949999999999998,293443.575273,29635.384331762885,88.97874,68.30625517525773,20.299825756979672,0.3232586799468482,15,64,,False,False,Request timeout: 300.0s exceeded,428,21.16838264042747
430,2026-09-14T02:28:09.878+00:00,2026-09-14T02:33:03.500+00:00,2026-09-14T02:33:09.963+00:00,False,99,98.0,,98.0,293621.248255,300084.971519,300084.971636,3031.1613296565656,0.041959,293621.248255,29503.42447612651,89.75578689999999,65.95635983673469,21.22079087791703,0.32657416832283814,15,64,,False,False,Request timeout: 300.0s exceeded,144,21.16838264042747
431,2026-09-14T02:28:14.679+00:00,2026-09-14T02:33:07.209+00:00,2026-09-14T02:33:14.040+00:00,True,112,112.0,,112.0,292530.587895,299360.746487,299360.746324,2672.863806464286,0.0,292530.587895,27635.80198204695,91.42883160000001,61.53296028828829,64.21214128117504,0.37413054755615294,15,64,,False,True,,561,21.16838264042747
432,2026-09-14T02:28:14.917+00:00,2026-09-14T02:33:09.107+00:00,2026-09-14T02:33:14.933+00:00,False,101,100.0,,100.0,294190.177425,300016.687761,300016.68783,2970.462255742574,0.0,294190.177425,29267.294928311283,88.34538400000001,58.26510336,66.93234756742737,0.33331479240802175,15,64,,False,False,Request timeout: 300.0s exceeded,527,21.16838264042747
433,2026-09-14T02:28:18.683+00:00,2026-09-14T02:33:12.556+00:00,2026-09-14T02:33:18.736+00:00,False,102,101.0,,101.0,293873.035748,300053.056484,300053.056587,2941.696633205883,0.033030000000000004,293873.035748,29091.71560747097,89.012546,61.188324118811884,21.30658682489141,0.33660713602957654,15,64,,False,False,Request timeout: 300.0s exceeded,492,21.16838264042747
434,2026-09-14T02:28:22.299+00:00,2026-09-14T02:33:16.040+00:00,2026-09-14T02:33:22.356+00:00,False,95,94.0,,94.0,293741.389148,300057.11138799996,300057.111582,3158.4959113894733,0.07299,293741.389148,30130.344819069513,90.0943584,67.18853446808511,21.486551267636777,0.3132736950148461,15,64,,False,False,Request timeout: 300.0s exceeded,494,21.16838264042747
435,2026-09-14T02:28:25.607+00:00,2026-09-14T02:33:18.825+00:00,2026-09-14T02:33:25.677+00:00,False,99,98.0,,98.0,293217.459547,300069.630811,300069.630799,3031.0063717070707,0.03186,293217.459547,29462.44260974023,88.67258460000001,69.92011493877551,19.44572473571274,0.326590864044238,15,64,,False,False,Request timeout: 300.0s exceeded,399,21.16838264042747
436,2026-09-14T02:28:28.819+00:00,2026-09-14T02:33:22.442+00:00,2026-09-14T02:33:28.900+00:00,False,94,93.0,,93.0,293623.08034399996,300080.94632799993,300080.94624799996,3192.3504919999996,0.05139,293623.08034399996,30277.752351121857,89.24714915,69.4394191827957,19.37803431005664,0.3099163780240397,15,64,,False,False,Request timeout: 300.0s exceeded,382,21.16838264042747
437,2026-09-14T02:28:32.360+00:00,2026-09-14T02:33:25.930+00:00,2026-09-14T02:33:32.381+00:00,False,99,98.0,,98.0,293569.92704000004,300020.978048,300020.977948,3030.5149287676772,0.03449,293569.92704000004,29498.278617225344,89.14161590000002,65.82705110204083,19.946269786539034,0.32664382550049914,15,64,,False,False,Request timeout: 300.0s exceeded,463,21.16838264042747
438,2026-09-14T02:28:35.870+00:00,2026-09-14T02:33:29.859+00:00,2026-09-14T02:33:35.890+00:00,False,93,92.0,,92.0,293988.43670099997,300019.31490899995,300019.314675,3226.0141362903223,0.02502,293988.43670099997,30478.389615871478,87.8278924,65.553024,19.829844306391777,0.3066469238085717,15,64,,False,False,Request timeout: 300.0s exceeded,453,21.16838264042747
439,2026-09-14T02:28:38.256+00:00,2026-09-14T02:33:31.759+00:00,2026-09-14T02:33:38.291+00:00,False,100,99.0,,99.0,293502.306638,300034.75515,300034.755324,3000.3475532400003,0.023309999999999997,293502.306638,29343.6388751624,89.0424004,65.9843284040404,19.84739904482393,0.32996177376352864,15,64,,False,False,Request timeout: 300.0s exceeded,530,21.16838264042747
440,2026-09-14T02:28:41.978+00:00,2026-09-14T02:33:35.594+00:00,2026-09-14T02:33:42.026+00:00,False,102,101.0,,101.0,293615.875172,300047.71798799996,300047.71808099997,2941.6442949117645,0.02232,293615.875172,29066.005748211406,88.43389765,63.68161203960396,20.885531031056665,0.3366131249964693,15,64,,False,False,Request timeout: 300.0s exceeded,461,21.16838264042747
441,2026-09-14T02:28:45.856+00:00,2026-09-14T02:33:39.661+00:00,2026-09-14T02:33:45.891+00:00,False,94,93.0,,93.0,293805.603804,300035.15926,300035.159089,3191.86339456383,0.01916,293805.603804,30296.832653787307,88.884003,66.9844672688172,21.247630331518256,0.3099636730220989,15,64,,False,False,Request timeout: 300.0s exceeded,437,21.16838264042747
442,2026-09-14T02:28:49.120+00:00,2026-09-14T02:33:42.928+00:00,2026-09-14T02:33:49.125+00:00,False,92,91.0,,91.0,293807.144254,300004.819518,300004.819385,3260.921949836956,0.047920000000000004,293807.144254,30624.4177285906,86.51590350000001,68.10632158241758,19.337827749936608,0.3033284603434182,15,64,,False,False,Request timeout: 300.0s exceeded,461,21.16838264042747
443,2026-09-14T02:28:52.070+00:00,2026-09-14T02:33:46.189+00:00,2026-09-14T02:33:52.114+00:00,False,92,91.0,,91.0,294119.371957,300044.062133,300044.062214,3261.348502326087,0.01967,294119.371957,30657.2829837701,87.5679105,65.10648545054946,20.152712575670954,0.30328878816359506,15,64,,False,False,Request timeout: 300.0s exceeded,403,21.16838264042747
444,2026-09-14T02:28:54.948+00:00,2026-09-14T02:33:48.965+00:00,2026-09-14T02:33:54.977+00:00,False,94,93.0,,93.0,294016.516726,300029.38943,300029.389458,3191.8020155106383,0.03743,294016.516726,30318.8259037358,85.88988029999999,64.65454520430107,19.652305563903248,0.30996963389714155,15,64,,False,False,Request timeout: 300.0s exceeded,388,21.16838264042747
445,2026-09-14T02:28:58.390+00:00,2026-09-14T02:33:51.992+00:00,2026-09-14T02:33:58.422+00:00,False,96,95.0,,95.0,293601.439515,300032.14645899995,300032.146465,3125.3348590104165,0.023309999999999997,293601.439515,29958.66886536858,86.610952,67.69165204210526,19.33835169349683,0.3166327379289071,15,64,,False,False,Request timeout: 300.0s exceeded,388,21.16838264042747
446,2026-09-14T02:29:01.559+00:00,2026-09-14T02:33:55.399+00:00,2026-09-14T02:34:01.618+00:00,False,93,92.0,,92.0,293840.10868400004,300059.736204,300059.73629900004,3226.4487774086024,0.02028,293840.10868400004,30462.795719616093,87.0927402,67.60464695652173,19.426746670885596,0.3066056151480866,15,64,,False,False,Request timeout: 300.0s exceeded,438,21.16838264042747
447,2026-09-14T02:29:04.677+00:00,2026-09-14T02:33:58.418+00:00,2026-09-14T02:34:04.765+00:00,False,95,94.0,,94.0,293741.58324400004,300088.15450800007,300088.154632,3158.8226803368425,0.02504,293741.58324400004,30130.329490108743,87.91915039999999,67.5167155744681,19.128806680153065,0.31324128789460115,15,64,,False,False,Request timeout: 300.0s exceeded,432,21.16838264042747
448,2026-09-14T02:29:07.017+00:00,2026-09-14T02:34:00.692+00:00,2026-09-14T02:34:07.095+00:00,False,101,100.0,,100.0,293674.527757,300077.720077,300077.720136,2971.066536,0.0,293674.527757,29215.409544420152,86.99522599999999,64.03192320000001,65.75861503647137,0.3332470000583182,15,64,,False,False,Request timeout: 300.0s exceeded,542,21.16838264042747
449,2026-09-14T02:29:11.088+00:00,2026-09-14T02:34:04.695+00:00,2026-09-14T02:34:11.111+00:00,False,97,96.0,,96.0,293606.488015,300022.33902300004,300022.339066,3093.013804804124,0.0,293606.488015,29804.512889968548,90.6148708,66.83178133333334,67.86641590633712,0.31997617348300367,15,64,,False,False,Request timeout: 300.0s exceeded,410,21.16838264042747
450,2026-09-14T02:29:13.638+00:00,2026-09-14T02:34:07.434+00:00,2026-09-14T02:34:13.663+00:00,False,84,83.0,,83.0,293796.327977,300024.950569,300024.95038299996,3571.725599797619,0.02291,293796.327977,32047.625106268635,90.55086215,75.04364568674698,19.08441409267507,0.2766436586110247,15,64,,False,False,Request timeout: 300.0s exceeded,380,21.16838264042747
451,2026-09-14T02:29:17.412+00:00,2026-09-14T02:34:11.025+00:00,2026-09-14T02:34:17.421+00:00,False,92,91.0,,91.0,293613.756764,300009.24246,300009.242399,3260.970026076087,0.02698,293613.756764,30604.029692785163,90.42272210000002,70.28006259340658,20.317898190136493,0.30332398846723185,15,64,,False,False,Request timeout: 300.0s exceeded,281,21.16838264042747
452,2026-09-14T02:29:20.373+00:00,2026-09-14T02:34:14.225+00:00,2026-09-14T02:34:20.397+00:00,False,92,91.0,,91.0,293851.31450599997,300023.52109799994,300023.521072,3261.1252290434777,0.034908999999999996,293851.31450599997,30629.052412695477,89.24071244999999,67.82644606593406,20.02854610245659,0.3033095527542845,15,64,,False,False,Request timeout: 300.0s exceeded,374,21.16838264042747
453,2026-09-14T02:29:23.105+00:00,2026-09-14T02:34:17.088+00:00,2026-09-14T02:34:23.127+00:00,False,88,87.0,,87.0,293982.442941,300021.998781,300021.998867,3409.3408962159087,0.11268,293982.442941,31331.239662011067,87.75320085,69.42018206896553,19.76545007318233,0.2899787360709684,15,64,,False,False,Request timeout: 300.0s exceeded,363,21.16838264042747
454,2026-09-14T02:29:25.703+00:00,2026-09-14T02:34:19.430+00:00,2026-09-14T02:34:25.753+00:00,False,92,91.0,,91.0,293727.391833,300050.928729,300050.928688,3261.4231379130433,0.07814,293727.391833,30615.95878633829,88.67129894999998,69.48941643956044,19.367363678856627,0.303281847469932,15,64,,False,False,Request timeout: 300.0s exceeded,209,21.16838264042747
455,2026-09-14T02:29:28.628+00:00,2026-09-14T02:34:22.089+00:00,2026-09-14T02:34:28.643+00:00,False,94,93.0,,93.0,293460.54094800004,300015.199252,300015.19935600006,3191.651056978724,0.03816,293460.54094800004,30260.880918958443,90.11666600000001,70.4801968172043,20.259773043803254,0.30998429490195245,15,64,,False,False,Request timeout: 300.0s exceeded,393,21.16838264042747
456,2026-09-14T02:29:32.428+00:00,2026-09-14T02:34:26.099+00:00,2026-09-14T02:34:32.466+00:00,False,93,92.0,,92.0,293670.445098,300037.539882,300037.539923,3226.210106698925,0.03604,293670.445098,30445.036549854274,89.2941506,69.207552,19.94953650750252,0.30662829736633,15,64,,False,False,Request timeout: 300.0s exceeded,368,21.16838264042747
457,2026-09-14T02:29:36.345+00:00,2026-09-14T02:34:29.927+00:00,2026-09-14T02:34:36.391+00:00,False,96,95.0,,95.0,293582.11141799996,300046.139322,300046.13937899994,3125.4806185312495,0.022850000000000002,293582.11141799996,29956.660625516182,86.83842400000002,68.04239898947368,19.684933423848047,0.3166179715382007,15,64,,False,False,Request timeout: 300.0s exceeded,388,21.16838264042747
458,2026-09-14T02:29:39.271+00:00,2026-09-14T02:34:33.135+00:00,2026-09-14T02:34:39.308+00:00,False,92,91.0,,91.0,293864.053186,300037.16473799996,300037.16462,3261.2735284782607,0.03503,293864.053186,30630.379507768892,90.18673654999999,67.83639068131869,20.07926403738854,0.3032957603084388,15,64,,False,False,Request timeout: 300.0s exceeded,417,21.16838264042747
459,2026-09-14T02:29:42.425+00:00,2026-09-14T02:34:36.048+00:00,2026-09-14T02:34:42.434+00:00,False,93,92.0,,92.0,293622.876438,300009.72495,300009.724812,3225.911019483871,0.03342,293622.876438,30440.08158372434,88.70963259999999,69.42226643478261,19.85324766914548,0.3066567259289106,15,64,,False,False,Request timeout: 300.0s exceeded,385,21.16838264042747
460,2026-09-14T02:29:45.223+00:00,2026-09-14T02:34:39.084+00:00,2026-09-14T02:34:45.278+00:00,False,92,91.0,,91.0,293860.588641,300054.377313,300054.37749,3261.460624891304,0.01909,293860.588641,30629.994412919576,87.06580405000001,68.06361178021977,19.766233738271467,0.30327836179198236,15,64,,False,False,Request timeout: 300.0s exceeded,486,21.16838264042747
461,2026-09-14T02:29:49.392+00:00,2026-09-14T02:34:43.278+00:00,2026-09-14T02:34:49.426+00:00,False,95,94.0,,94.0,293885.84077,300034.263938,300034.264056,3158.2554111157897,0.02153,293885.84077,30145.346709921134,88.151301,65.40875710638298,19.818720741510433,0.31329755064049764,15,64,,False,False,Request timeout: 300.0s exceeded,477,21.16838264042747
462,2026-09-14T02:29:53.663+00:00,2026-09-14T02:34:47.344+00:00,2026-09-14T02:34:53.690+00:00,False,98,97.0,,97.0,293680.31112699996,300026.63893499994,300026.63897599996,3061.4963160816324,0.03431,293680.31112699996,29659.588935901997,86.7222415,65.42605987628866,19.90294556888131,0.3233046250303621,15,64,,True,False,Request timeout: 300.0s exceeded,276,21.16838264042747
463,2026-09-14T02:29:57.423+00:00,2026-09-14T02:34:50.705+00:00,2026-09-14T02:34:57.430+00:00,False,98,97.0,,97.0,293281.88468099997,300007.442185,300007.44224099995,3061.300431030612,0.03639,293281.88468099997,29618.94654319078,89.32328185,69.33564437113402,19.407682181213023,0.323325312510697,15,64,,True,False,Request timeout: 300.0s exceeded,410,21.16838264042747
464,2026-09-14T02:30:00.328+00:00,2026-09-14T02:34:53.688+00:00,2026-09-14T02:35:00.356+00:00,False,101,100.0,,100.0,293359.68304000003,300027.77571200003,300027.775611,2970.5720357524756,0.032799999999999996,293359.68304000003,29183.751063987598,88.91040200000002,66.68092672,19.712259108838257,0.3333024742882176,15,64,,True,False,Request timeout: 300.0s exceeded,471,21.16838264042747
465,2026-09-14T02:30:04.402+00:00,2026-09-14T02:34:58.427+00:00,2026-09-14T02:35:04.466+00:00,False,92,91.0,,91.0,294024.64837199997,300063.52811599994,300063.52793,3261.560086195652,0.02389,294024.64837199997,30647.27693251166,88.93334095,66.36131586813187,20.740486135832757,0.30326911294871134,15,64,,True,False,Request timeout: 300.0s exceeded,314,21.16838264042747
466,2026-09-14T02:30:07.054+00:00,2026-09-14T02:35:00.953+00:00,2026-09-14T02:35:07.070+00:00,False,90,89.0,,89.0,293898.892179,300016.272787,300016.27263200004,3333.514140355556,0.039990000000000005,293898.892179,30972.424622997987,88.41747745,68.73461357303371,20.207079586560326,0.29665057556123486,15,64,,True,False,Request timeout: 300.0s exceeded,400,21.16838264042747
467,2026-09-14T02:30:09.805+00:00,2026-09-14T02:35:03.648+00:00,2026-09-14T02:35:09.876+00:00,False,93,92.0,,92.0,293843.271899,300070.711259,300070.71135999996,3226.5667888172043,0.02214,293843.271899,30463.115668525617,88.1122754,67.68955826086956,20.572066943003165,0.3065944010796577,15,64,,True,False,Request timeout: 300.0s exceeded,442,21.16838264042747
468,2026-09-14T02:30:13.896+00:00,2026-09-14T02:35:07.364+00:00,2026-09-14T02:35:13.939+00:00,False,101,100.0,,100.0,293467.43193699996,300042.44377699995,300042.443704,2970.7172643960394,0.03408,293467.43193699996,29194.56541338346,87.952754,65.7501184,20.180915561413585,0.333286180252294,15,64,,True,False,Request timeout: 300.0s exceeded,329,21.16838264042747
469,2026-09-14T02:30:17.353+00:00,2026-09-14T02:35:10.893+00:00,2026-09-14T02:35:17.406+00:00,False,97,96.0,,96.0,293539.85479799996,300053.17498999997,300053.174884,3093.331699835051,0.03691,293539.85479799996,29797.574613630954,89.025662,67.84708533333333,20.31513726320437,0.3199432900625013,15,64,,True,False,Request timeout: 300.0s exceeded,466,21.16838264042747
470,2026-09-14T02:30:20.606+00:00,2026-09-14T02:35:14.247+00:00,2026-09-14T02:35:20.648+00:00,False,92,91.0,,91.0,293641.277816,300041.79288799997,300041.792932,3261.323836217391,0.03624,293641.277816,30606.893137510953,89.79426955000001,70.33533046153846,20.22557864241946,0.30329108196593335,15,64,,True,False,Request timeout: 300.0s exceeded,298,21.16838264042747
471,2026-09-14T02:30:24.722+00:00,2026-09-14T02:35:18.121+00:00,2026-09-14T02:35:24.751+00:00,False,96,95.0,,95.0,293398.32985399995,300028.18098999996,300028.18098599993,3125.2935519374996,0.03304,293398.32985399995,29937.7250977214,88.75732749999999,69.78790669473683,19.28990366063583,0.3166369228601442,15,64,,True,False,Request timeout: 300.0s exceeded,371,21.16838264042747
472,2026-09-14T02:30:28.310+00:00,2026-09-14T02:35:21.823+00:00,2026-09-14T02:35:28.333+00:00,False,92,91.0,,91.0,293512.482517,300022.730709,300022.730722,3261.1166382826086,0.02206,293512.482517,30593.340280111843,87.86383255000001,71.54118892307693,21.265213316599155,0.3033103518021883,15,64,,True,False,Request timeout: 300.0s exceeded,263,21.16838264042747
473,2026-09-14T02:30:31.776+00:00,2026-09-14T02:35:25.562+00:00,2026-09-14T02:35:31.818+00:00,False,90,89.0,,89.0,293786.67397299997,300042.857269,300042.85724299995,3333.809524922222,0.09541,293786.67397299997,30960.432318380274,89.42363430000002,70.29419433707865,21.592615377899723,0.2966242916431371,15,64,,True,False,Request timeout: 300.0s exceeded,432,21.16838264042747
474,2026-09-14T02:30:34.988+00:00,2026-09-14T02:35:29.315+00:00,2026-09-14T02:35:35.007+00:00,False,82,81.0,,81.0,294327.753695,300019.50614300004,300019.506146,3658.774465195122,0.03957,294327.753695,32495.308738121756,88.76564115000001,70.26854874074074,19.186805187585172,0.2699824456126946,15,64,,True,False,Request timeout: 300.0s exceeded,281,21.16838264042747
475,2026-09-14T02:30:38.606+00:00,2026-09-14T02:35:32.385+00:00,2026-09-14T02:35:38.685+00:00,False,94,93.0,,93.0,293779.132136,300079.087848,300079.087894,3192.330722276595,0.02078,293779.132136,30294.023261712475,86.94221515000001,67.7414592688172,19.799290488901928,0.309918297429335,15,64,,True,False,Request timeout: 300.0s exceeded,461,21.16838264042747
476,2026-09-14T02:30:41.738+00:00,2026-09-14T02:35:35.254+00:00,2026-09-14T02:35:41.784+00:00,False,97,96.0,,96.0,293516.032754,300046.260722,300046.26073599997,3093.2604199587627,0.01986,293516.032754,29795.13749237015,87.4878126,68.023208,19.59536382955835,0.31995066283777585,15,64,,True,False,Request timeout: 300.0s exceeded,504,21.16838264042747
477,2026-09-14T02:30:44.832+00:00,2026-09-14T02:35:38.260+00:00,2026-09-14T02:35:44.881+00:00,False,98,97.0,,97.0,293427.882564,300049.18611600006,300049.186143,3061.726389214286,0.024079999999999997,293427.882564,29633.803711146244,88.82528135000001,68.26086136082475,20.295024895498393,0.3232803303205744,15,64,,True,False,Request timeout: 300.0s exceeded,496,21.16838264042747
478,2026-09-14T02:30:47.876+00:00,2026-09-14T02:35:41.610+00:00,2026-09-14T02:35:47.885+00:00,False,92,91.0,,91.0,293733.18462300004,300008.542575,300008.542712,3260.962420782609,0.03665,293733.18462300004,30616.61864211432,90.8873695,68.9599774945055,20.483139622870205,0.30332469608678103,15,64,,True,False,Request timeout: 300.0s exceeded,438,21.16838264042747
479,2026-09-14T02:30:51.505+00:00,2026-09-14T02:35:45.476+00:00,2026-09-14T02:35:51.524+00:00,False,89,88.0,,88.0,293970.086486,300018.720086,300018.720285,3370.9968571348313,0.028120000000000003,293970.086486,31153.48736958661,88.9249584,68.73447272727273,20.025905402096697,0.2933150303913533,15,64,,True,False,Request timeout: 300.0s exceeded,242,21.16838264042747
480,2026-09-14T02:30:54.651+00:00,2026-09-14T02:35:48.244+00:00,2026-09-14T02:35:54.661+00:00,False,93,92.0,,92.0,293592.871936,300009.871616,300009.871607,3225.9125979247315,0.02161,293592.871936,30436.93591778341,88.59180500000001,69.74999652173912,19.28639181664866,0.3066565760134591,15,64,,True,False,Request timeout: 300.0s exceeded,412,21.16838264042747
481,2026-09-14T02:30:58.079+00:00,2026-09-14T02:35:51.396+00:00,2026-09-14T02:35:58.093+00:00,False,99,98.0,,98.0,293317.175593,300014.183465,300014.183463,3030.446297606061,0.01924,293317.175593,29472.623152385346,86.35089180000001,68.33681502040817,18.78766597658764,0.32665122317936274,15,64,,True,False,Request timeout: 300.0s exceeded,470,21.16838264042747
482,2026-09-14T02:31:00.402+00:00,2026-09-14T02:35:54.418+00:00,2026-09-14T02:36:00.434+00:00,False,89,88.0,,88.0,294015.215332,300031.843044,300031.84307,3371.1443041573034,0.02161,294015.215332,31158.30981898456,89.26935540000001,68.37076945454545,20.414954407664506,0.2933022012170045,15,64,,True,False,Request timeout: 300.0s exceeded,296,21.16838264042747
483,2026-09-14T02:31:03.023+00:00,2026-09-14T02:35:56.912+00:00,2026-09-14T02:36:03.060+00:00,False,93,92.0,,92.0,293889.071453,300037.003869,300037.003732,3226.2043412043013,0.027239,293889.071453,30467.95443562173,89.64618300000001,66.82535234782608,20.514213883580183,0.3066288451546076,15,64,,True,False,Request timeout: 300.0s exceeded,445,21.16838264042747
484,2026-09-14T02:31:05.685+00:00,2026-09-14T02:35:59.702+00:00,2026-09-14T02:36:05.733+00:00,False,87,86.0,,86.0,294016.287187,300047.21941099997,300047.219305,3448.818612701149,0.0232,294016.287187,31514.343120034242,89.814877,70.12711888372094,20.88855024574744,0.28662155299695863,15,64,,True,False,Request timeout: 300.0s exceeded,379,21.16838264042747
485,2026-09-14T02:31:08.226+00:00,2026-09-14T02:36:02.342+00:00,2026-09-14T02:36:08.250+00:00,False,85,84.0,,84.0,294115.524091,300023.840251,300023.84018600004,3529.6922374823534,0.020959,294115.524091,31893.684667632595,88.14415960000001,70.33709714285715,19.926258294971348,0.2799777508671497,15,64,,True,False,Request timeout: 300.0s exceeded,408,21.16838264042747
486,2026-09-14T02:31:11.445+00:00,2026-09-14T02:36:05.343+00:00,2026-09-14T02:36:11.527+00:00,False,90,89.0,,89.0,293898.397545,300081.818217,300081.818288,3334.2424254222224,0.03397,293898.397545,30972.29398528885,89.37094649999999,69.47663676404494,19.764540401890642,0.29658577960108495,15,64,,True,False,Request timeout: 300.0s exceeded,367,21.16838264042747
487,2026-09-14T02:31:14.378+00:00,2026-09-14T02:36:08.081+00:00,2026-09-14T02:36:14.426+00:00,False,94,93.0,,93.0,293702.672111,300048.393711,300048.393802,3192.0041893829784,0.04142,293702.672111,30286.085847923627,87.739395,68.23356559139785,19.156254161611006,0.30995000123072003,15,64,,True,False,Request timeout: 300.0s exceeded,396,21.16838264042747
488,2026-09-14T02:31:17.145+00:00,2026-09-14T02:36:11.147+00:00,2026-09-14T02:36:17.232+00:00,False,88,87.0,,87.0,294001.863792,300086.675568,300086.675454,3410.075857431818,0.02081,294001.863792,31333.25380866841,87.24985434999999,69.94036524137931,18.65808974395814,0.289916237818049,15,64,,True,False,Request timeout: 300.0s exceeded,409,21.16838264042747
489,2026-09-14T02:31:20.823+00:00,2026-09-14T02:36:14.941+00:00,2026-09-14T02:36:20.889+00:00,False,86,85.0,,85.0,294118.35428100004,300065.79722500005,300065.79720200005,3489.1371767674423,0.01977,294118.35428100004,31708.05859114923,87.99808149999998,69.9699169882353,19.373866968666466,0.2832712051359321,15,64,,True,False,Request timeout: 300.0s exceeded,453,21.16838264042747
490,2026-09-14T02:31:23.567+00:00,2026-09-14T02:36:17.538+00:00,2026-09-14T02:36:23.597+00:00,False,91,90.0,,90.0,293970.736855,300029.82421500003,300029.82429,3297.0310361538463,0.03003,293970.736855,30809.455510913474,88.568053,67.3231928888889,19.82999905632036,0.29997017874965126,15,64,,True,False,Request timeout: 300.0s exceeded,447,21.16838264042747
491,2026-09-14T02:31:26.433+00:00,2026-09-14T02:36:20.078+00:00,2026-09-14T02:36:26.450+00:00,False,97,96.0,,96.0,293645.166495,300017.084575,300017.08441,3092.9596330927834,0.03455,293645.166495,29808.41725081226,89.0955666,66.37414666666666,20.758934060498895,0.31998177749107937,15,64,,True,False,Request timeout: 300.0s exceeded,418,21.16838264042747
492,2026-09-14T02:31:30.472+00:00,2026-09-14T02:36:24.410+00:00,2026-09-14T02:36:30.481+00:00,False,85,84.0,,84.0,293937.633501,300008.801501,300008.801444,3529.5153111058826,0.03766,293937.633501,31874.17911575487,89.7372804,72.27580952380953,19.38602368362945,0.2799917855067329,15,64,,True,False,Request timeout: 300.0s exceeded,382,21.16838264042747
493,2026-09-14T02:31:33.321+00:00,2026-09-14T02:36:27.197+00:00,2026-09-14T02:36:33.353+00:00,False,88,87.0,,87.0,293875.789616,300031.684656,300031.68461,3409.450961477273,0.0218,293875.789616,31319.727217932206,88.37334485,70.75741425287357,18.75466989421983,0.28996937473370343,15,64,,True,False,Request timeout: 300.0s exceeded,297,21.16838264042747
494,2026-09-14T02:31:36.026+00:00,2026-09-14T02:36:29.922+00:00,2026-09-14T02:36:36.116+00:00,False,89,88.0,,88.0,293895.48839899997,300089.536911,300089.536942,3371.792549910112,0.03499,293895.48839899997,31145.404902113132,88.338318,70.3869149090909,20.13663110416746,0.2932458122526907,15,64,,True,False,Request timeout: 300.0s exceeded,552,21.16838264042747
495,2026-09-14T02:31:38.829+00:00,2026-09-14T02:36:32.798+00:00,2026-09-14T02:36:38.840+00:00,False,89,88.0,,88.0,293968.450469,300010.256549,300010.25655399996,3370.9017590337075,0.0511,293968.450469,31153.322822700266,88.1840494,68.65688727272726,21.018213330753163,0.2933233050504964,15,64,,True,False,Request timeout: 300.0s exceeded,403,21.16838264042747
496,2026-09-14T02:31:42.379+00:00,2026-09-14T02:36:36.196+00:00,2026-09-14T02:36:42.404+00:00,False,93,92.0,,92.0,293817.639062,300025.65570199996,300025.655834,3226.0823207956987,0.02119,293817.639062,30460.47974558002,89.48866319999999,67.47844173913043,20.848808678132894,0.30664044308057065,15,64,,True,False,Request timeout: 300.0s exceeded,511,21.16838264042747
497,2026-09-14T02:31:46.048+00:00,2026-09-14T02:36:39.628+00:00,2026-09-14T02:36:46.122+00:00,False,93,92.0,,92.0,293580.039556,300073.99386,300073.99369399995,3226.6020827311827,0.03562,293580.039556,30435.519366322464,91.40547099999999,70.58645982608695,20.584626008187502,0.3065910471499331,15,64,,True,False,Request timeout: 300.0s exceeded,227,21.16838264042747
498,2026-09-14T02:31:49.990+00:00,2026-09-14T02:36:43.614+00:00,2026-09-14T02:36:50.072+00:00,False,95,94.0,,94.0,293623.991337,300082.01501699997,300082.01503199997,3158.758052968421,0.01847,293623.991337,30118.14431784872,89.9469383,68.7023795744681,20.87427525738164,0.3132476966161228,15,64,,True,False,Request timeout: 300.0s exceeded,329,21.16838264042747
499,2026-09-14T02:31:54.253+00:00,2026-09-14T02:36:48.112+00:00,2026-09-14T02:36:54.339+00:00,False,92,91.0,,91.0,293858.70224699995,300085.897127,300085.8971889999,3261.8032303152168,0.03622,293858.70224699995,30629.759455235893,89.69066699999999,68.43071296703297,19.743117395883935,0.30324650665435204,15,64,,True,False,Request timeout: 300.0s exceeded,258,21.16838264042747
500,2026-09-14T02:31:58.042+00:00,2026-09-14T02:36:51.944+00:00,2026-09-14T02:36:58.084+00:00,False,87,86.0,,86.0,293901.575301,300041.737349,300041.737226,3448.7556002988504,0.053869999999999994,293901.575301,31501.907360374305,89.063784,71.39723311627907,18.991634506864294,0.28662678985879636,15,64,,True,False,Request timeout: 300.0s exceeded,378,21.16838264042747
501,2026-09-14T02:32:00.537+00:00,2026-09-14T02:36:54.173+00:00,2026-09-14T02:37:00.591+00:00,False,91,90.0,,90.0,293635.734465,300053.80729699996,300053.80727399996,3297.2945854285713,0.023469999999999998,293635.734465,30773.91924070651,89.7854255,71.31192035555554,19.26839681312742,0.29994620235202013,15,64,,True,False,Request timeout: 300.0s exceeded,398,21.16838264042747
502,2026-09-14T02:32:05.632+00:00,2026-09-14T02:36:58.759+00:00,2026-09-14T02:37:05.724+00:00,False,108,107.0,,107.0,293127.083414,300092.081558,300092.081528,2778.6303845185184,0.02213,293127.083414,28199.910533888495,88.0673385,65.09344059813084,20.52612165575953,0.35655722551719404,15,64,,True,False,Request timeout: 300.0s exceeded,434,21.16838264042747
503,2026-09-14T02:32:07.215+00:00,2026-09-14T02:37:01.015+00:00,2026-09-14T02:37:07.245+00:00,False,101,100.0,,100.0,293800.173176,300029.75628000003,300029.756211,2970.5916456534655,0.0,293800.173176,29228.02555026722,91.798346,62.295831039999996,29.095571776573856,0.3333002740790681,15,64,,True,False,Request timeout: 300.0s exceeded,411,21.16838264042747
504,2026-09-14T02:32:10.930+00:00,2026-09-14T02:37:06.044+00:00,2026-09-14T02:37:10.991+00:00,False,75,74.0,,74.0,295114.26784600003,300060.829382,300060.82939900004,4000.811058653334,0.0,295114.26784600003,34069.15626113664,89.1959074,66.84542616216216,31.65759086733832,0.2466166615362928,15,64,,True,False,Request timeout: 300.0s exceeded,334,21.16838264042747
505,2026-09-14T02:32:14.787+00:00,2026-09-14T02:37:08.369+00:00,2026-09-14T02:37:14.815+00:00,False,95,94.0,,94.0,293581.708394,300027.623786,300027.623662,3158.185512231579,0.02624,293581.708394,30113.819033569056,88.24194669999999,68.573568,20.338349714502865,0.31330448447989295,15,64,,True,False,Request timeout: 300.0s exceeded,353,21.16838264042747
506,2026-09-14T02:32:18.110+00:00,2026-09-14T02:37:11.798+00:00,2026-09-14T02:37:18.196+00:00,False,100,99.0,,99.0,293687.639883,300086.112331,300086.112432,3000.86112432,0.03714,293687.639883,29362.308154931256,88.8845399,64.63103482828282,20.767694081344594,0.3299053036176541,15,64,,True,False,Request timeout: 300.0s exceeded,192,21.16838264042747
507,2026-09-14T02:32:20.963+00:00,2026-09-14T02:37:14.505+00:00,2026-09-14T02:37:21.035+00:00,False,102,101.0,,101.0,293541.931453,300072.036029,300072.035925,2941.882705147059,0.02079,293541.931453,29058.587427197122,89.40189455,64.65450075247524,20.209076409409636,0.33658584564087474,15,64,,True,False,Request timeout: 300.0s exceeded,525,21.16838264042747
508,2026-09-14T02:32:23.289+00:00,2026-09-14T02:37:17.119+00:00,2026-09-14T02:37:23.340+00:00,False,96,95.0,,95.0,293830.369036,300050.811404,300050.811371,3125.529285114583,0.01801,293830.369036,29982.260332253732,88.5281085,65.47834071578947,20.189475080705638,0.31661304148945735,15,64,,True,False,Request timeout: 300.0s exceeded,481,21.16838264042747
509,2026-09-14T02:32:26.416+00:00,2026-09-14T02:37:19.870+00:00,2026-09-14T02:37:26.483+00:00,False,101,100.0,,100.0,293453.62753399997,300066.849934,300066.84992999997,2970.9589101980196,0.040420000000000005,293453.62753399997,29193.153800300024,89.019673,66.132224,20.176558451160094,0.3332590721767336,15,64,,True,False,Request timeout: 300.0s exceeded,374,21.16838264042747
510,2026-09-14T02:32:29.488+00:00,2026-09-14T02:37:22.739+00:00,2026-09-14T02:37:29.548+00:00,False,100,99.0,,99.0,293251.310305,300060.556513,300060.556489,3000.60556489,0.0221,293251.310305,29318.259672762786,87.5694694,68.78026472727274,19.875115766740798,0.32993340127898774,15,64,,True,False,Request timeout: 300.0s exceeded,411,21.16838264042747
511,2026-09-14T02:32:33.235+00:00,2026-09-14T02:37:27.128+00:00,2026-09-14T02:37:33.289+00:00,False,89,88.0,,88.0,293892.98102300003,300053.42569500004,300053.425585,3371.386804325843,0.020050000000000002,293892.98102300003,31145.178975121245,87.71665499999999,70.00505309090909,19.136929978193674,0.29328110417726316,15,64,,True,False,Request timeout: 300.0s exceeded,257,21.16838264042747
512,2026-09-14T02:32:35.671+00:00,2026-09-14T02:37:29.375+00:00,2026-09-14T02:37:35.752+00:00,False,94,93.0,,93.0,293704.036263,300081.374631,300081.374617,3192.3550491170213,0.034959000000000004,293704.036263,30286.19127401184,88.07330350000001,68.57353083870969,18.816325700796178,0.30991593568364245,15,64,,True,False,Request timeout: 300.0s exceeded,355,21.16838264042747
513,2026-09-14T02:32:39.870+00:00,2026-09-14T02:37:33.783+00:00,2026-09-14T02:37:39.964+00:00,False,94,93.0,,93.0,293912.480622,300093.944686,300093.944634,3192.488772702128,0.03818,293912.480622,30307.908411988097,86.900936,66.46735552688172,19.63328167535087,0.3099029542142529,15,64,,True,False,Request timeout: 300.0s exceeded,375,21.16838264042747
514,2026-09-14T02:32:43.518+00:00,2026-09-14T02:37:37.159+00:00,2026-09-14T02:37:43.598+00:00,False,93,92.0,,92.0,293641.34142799996,300080.40293199994,300080.40317199996,3226.671001849462,0.0255,293641.34142799996,30441.937067250812,88.0752002,69.98979895652174,19.23030384571652,0.3065844990245757,15,64,,True,False,Request timeout: 300.0s exceeded,323,21.16838264042747
515,2026-09-14T02:32:47.766+00:00,2026-09-14T02:37:41.653+00:00,2026-09-14T02:37:47.792+00:00,False,88,87.0,,87.0,293886.96572000004,300026.79573600006,300026.795861,3409.395407511364,0.04077,293886.96572000004,31320.938220314827,88.16093849999999,70.57275880459771,18.656050548902698,0.28997409976858585,15,64,,True,False,Request timeout: 300.0s exceeded,429,21.16838264042747
516,2026-09-14T02:32:50.984+00:00,2026-09-14T02:37:44.728+00:00,2026-09-14T02:37:51.015+00:00,False,94,93.0,,93.0,293743.492501,300031.053973,300031.054,3191.8197234042555,0.02159,293743.492501,30290.360507575977,86.97991049999999,67.60818787096774,18.92450281895804,0.3099679142158703,15,64,,True,False,Request timeout: 300.0s exceeded,452,21.16838264042747
517,2026-09-14T02:32:54.954+00:00,2026-09-14T02:37:48.678+00:00,2026-09-14T02:37:54.983+00:00,False,92,91.0,,91.0,293724.766698,300028.906474,300028.906452,3261.183765782609,0.02375,293724.766698,30615.707527494906,88.41414789999999,69.27626127472527,19.696067088499667,0.3033041084922459,15,64,,True,False,Request timeout: 300.0s exceeded,405,21.16838264042747
518,2026-09-14T02:32:58.634+00:00,2026-09-14T02:37:52.134+00:00,2026-09-14T02:37:58.702+00:00,False,94,93.0,,93.0,293500.433609,300068.489161,300068.489246,3192.217970702128,0.03669,293500.433609,30264.98066986985,90.9965868,70.62425324731183,20.254144290248536,0.30992924402035893,15,64,,True,False,Request timeout: 300.0s exceeded,437,21.16838264042747
519,2026-09-14T02:33:02.521+00:00,2026-09-14T02:37:56.176+00:00,2026-09-14T02:38:02.547+00:00,False,93,92.0,,92.0,293655.30886,300025.9175,300025.917435,3226.0851337096774,0.0237,293655.30886,30443.463447406404,88.881113,69.24574608695652,20.575975081878262,0.30664017551083733,15,64,,True,False,Request timeout: 300.0s exceeded,438,21.16838264042747
520,2026-09-14T02:33:06.325+00:00,2026-09-14T02:38:00.269+00:00,2026-09-14T02:38:06.344+00:00,False,89,88.0,,88.0,293944.03481800004,300018.85005000007,300018.85005600005,3370.9983152359555,0.02427,293944.03481800004,31150.694504182164,89.8217044,69.03199127272727,20.24804356934641,0.2933149033313548,15,64,,True,False,Request timeout: 300.0s exceeded,415,21.16838264042747
521,2026-09-14T02:33:09.566+00:00,2026-09-14T02:38:03.177+00:00,2026-09-14T02:38:09.664+00:00,False,96,95.0,,95.0,293611.036969,300097.795369,300097.795237,3126.0187003854167,0.03506,293611.036969,29959.58882245278,90.64416375,68.28166736842105,20.31460539646453,0.3165634718615246,15,64,,True,False,Request timeout: 300.0s exceeded,219,21.16838264042747
522,2026-09-14T02:33:12.940+00:00,2026-09-14T02:38:06.477+00:00,2026-09-14T02:38:12.964+00:00,False,106,105.0,,105.0,293536.745574,300023.700326,300023.700202,2830.4122660566036,0.015130000000000001,293536.745574,28506.289754994064,89.79304975000001,61.78052144761905,291.99792159661473,0.34997235180390424,15,64,,True,False,Request timeout: 300.0s exceeded,321,21.16838264042747
523,2026-09-14T02:33:16.647+00:00,2026-09-14T02:38:12.730+00:00,2026-09-14T02:38:16.683+00:00,False,110,109.0,,109.0,296083.45794700005,300036.58050700004,300036.580543,2727.6052776636366,0.01591,296083.45794700005,28227.016908352427,87.88256460000001,36.26717944954129,37.59290029663566,0.36328903567629134,15,64,,True,False,Request timeout: 300.0s exceeded,466,21.16838264042747
524,2026-09-14T02:33:19.992+00:00,2026-09-14T02:38:14.041+00:00,2026-09-14T02:38:20.042+00:00,False,93,92.0,,92.0,294048.842879,300050.050943,300050.051054,3226.3446349892474,0.03693,294048.842879,30484.68709099243,86.03922999999999,65.23052243478261,20.147621858043212,0.30661551201495074,15,64,,True,False,Request timeout: 300.0s exceeded,470,21.16838264042747
525,2026-09-14T02:33:24.197+00:00,2026-09-14T02:38:17.963+00:00,2026-09-14T02:38:24.210+00:00,False,92,91.0,,91.0,293766.558224,300012.737552,300012.73734,3261.0080145652173,0.03779,293766.558224,30620.131029228447,88.19914360000001,68.63933327472527,19.743656777881473,0.3033204547997811,15,64,,True,False,Request timeout: 300.0s exceeded,422,21.16838264042747
526,2026-09-14T02:33:28.037+00:00,2026-09-14T02:38:21.613+00:00,2026-09-14T02:38:28.108+00:00,False,100,99.0,,99.0,293575.621884,300070.76018800004,300070.76019600005,3000.7076019600004,0.03326,293575.621884,29351.00818905288,87.4103474,65.60745761616161,20.001749587841037,0.3299221821478861,15,64,,True,False,Request timeout: 300.0s exceeded,454,21.16838264042747
527,2026-09-14T02:33:30.439+00:00,2026-09-14T02:38:24.416+00:00,2026-09-14T02:38:30.468+00:00,False,94,93.0,,93.0,293976.95927600004,300028.49054,300028.49064400006,3191.7924536595747,0.04152,293976.95927600004,30314.703442281738,88.31664865,65.0702286451613,20.344427850200038,0.30997056257096084,15,64,,True,False,Request timeout: 300.0s exceeded,443,21.16838264042747
528,2026-09-14T02:33:34.491+00:00,2026-09-14T02:38:28.407+00:00,2026-09-14T02:38:34.508+00:00,False,92,91.0,,91.0,293915.96663200005,300017.42532000004,300017.4254240001,3261.0589720000007,0.02554,293915.96663200005,30635.874451056858,89.77734355000001,67.04899657142857,20.83977493184859,0.3033157154219924,15,64,,True,False,Request timeout: 300.0s exceeded,210,21.16838264042747
529,2026-09-14T02:33:37.388+00:00,2026-09-14T02:38:30.998+00:00,2026-09-14T02:38:37.430+00:00,False,93,92.0,,92.0,293610.291736,300042.227992,300042.22797999997,3226.2605159139785,0.03556,293610.291736,30438.72596733197,88.95317419999999,69.91235060869566,20.12363379978044,0.30662350635008945,15,64,,True,False,Request timeout: 300.0s exceeded,401,21.16838264042747
530,2026-09-14T02:33:41.609+00:00,2026-09-14T02:38:35.184+00:00,2026-09-14T02:38:41.657+00:00,False,94,93.0,,93.0,293575.215938,300047.80781,300047.807616,3191.997953361702,0.049229999999999996,293575.215938,30272.799197449425,88.90365449999999,69.59776206451613,19.399421172258606,0.3099506064676553,15,64,,True,False,Request timeout: 300.0s exceeded,455,21.16838264042747
531,2026-09-14T02:33:44.406+00:00,2026-09-14T02:38:38.319+00:00,2026-09-14T02:38:44.487+00:00,False,94,93.0,,93.0,293913.542674,300081.82581,300081.82575400005,3192.359848446809,0.03427,293913.542674,30308.032575391146,86.46193380000001,66.32562511827958,19.637566981431046,0.3099154697188624,15,64,,True,False,Request timeout: 300.0s exceeded,370,21.16838264042747
532,2026-09-14T02:33:48.150+00:00,2026-09-14T02:38:41.744+00:00,2026-09-14T02:38:48.215+00:00,False,101,100.0,,100.0,293594.356795,300064.45394700003,300064.45385000005,2970.9351866336638,0.02561,293594.356795,29207.299672607987,88.554023,64.70097152000001,20.718738375752682,0.33326173321969976,15,64,,True,False,Request timeout: 300.0s exceeded,405,21.16838264042747
533,2026-09-14T02:33:52.365+00:00,2026-09-14T02:38:45.804+00:00,2026-09-14T02:38:52.397+00:00,False,100,99.0,,99.0,293439.105252,300032.51043599995,300032.510485,3000.3251048499997,0.02239,293439.105252,29337.25701410322,87.10749424999999,66.60005236363637,19.619668503132633,0.32996424239538447,15,64,,True,False,Request timeout: 300.0s exceeded,423,21.16838264042747
534,2026-09-14T02:33:54.881+00:00,2026-09-14T02:38:48.519+00:00,2026-09-14T02:38:54.933+00:00,False,95,94.0,,94.0,293637.622562,300051.576354,300051.576545,3158.4376478421054,0.027690000000000003,293637.622562,30119.5901204234,87.9504967,68.2335509787234,19.623629980212186,0.3132794739565009,15,64,,True,False,Request timeout: 300.0s exceeded,518,21.16838264042747
535,2026-09-14T02:33:58.498+00:00,2026-09-14T02:38:51.896+00:00,2026-09-14T02:38:58.585+00:00,False,100,99.0,,99.0,293397.810435,300087.09888299997,300087.098947,3000.87098947,0.03387,293397.810435,29333.030825802653,89.59340694999999,67.56857018181819,19.8363507105865,0.32990421903674977,15,64,,True,False,Request timeout: 300.0s exceeded,447,21.16838264042747
536,2026-09-14T02:34:00.883+00:00,2026-09-14T02:38:54.500+00:00,2026-09-14T02:39:00.914+00:00,False,96,95.0,,95.0,293616.587644,300031.04038,300031.040387,3125.3233373645835,0.02894,293616.587644,29960.23252005927,86.96155175,67.52055511578948,19.561062149977495,0.3166339052108712,15,64,,True,False,Request timeout: 300.0s exceeded,404,21.16838264042747
537,2026-09-14T02:34:03.771+00:00,2026-09-14T02:38:57.737+00:00,2026-09-14T02:39:03.838+00:00,False,88,87.0,,87.0,293965.326736,300066.316432,300066.31647,3409.844505340909,0.083,293965.326736,31329.339345870238,88.37519785,70.1263183448276,19.03251597185219,0.2899359082835132,15,64,,True,False,Request timeout: 300.0s exceeded,406,21.16838264042747
538,2026-09-14T02:34:07.675+00:00,2026-09-14T02:39:01.242+00:00,2026-09-14T02:39:07.723+00:00,False,100,99.0,,99.0,293566.851115,300047.843883,300047.843957,3000.4784395700003,0.038439999999999995,293566.851115,29350.145769867522,89.3323275,65.46457341414141,20.541672312048135,0.3299473801204978,15,64,,True,False,Request timeout: 300.0s exceeded,502,21.16838264042747
539,2026-09-14T02:34:10.884+00:00,2026-09-14T02:39:04.463+00:00,2026-09-14T02:39:10.919+00:00,False,99,98.0,,98.0,293578.694879,300034.807263,300034.807303,3030.654619222222,0.0518,293578.694879,29499.155372686706,89.10113700000002,65.87869779591837,21.030752642482994,0.3266287698216848,15,64,,True,False,Request timeout: 300.0s exceeded,445,21.16838264042747
540,2026-09-14T02:34:14.675+00:00,2026-09-14T02:39:08.333+00:00,2026-09-14T02:39:14.746+00:00,False,95,94.0,,94.0,293658.40772899997,300071.61656099994,300071.616535,3158.6485951052628,0.03625,293658.40772899997,30121.72375640063,89.18827099999999,68.22562587234043,20.098727697534446,0.3132585516660862,15,64,,True,False,Request timeout: 300.0s exceeded,459,21.16838264042747
541,2026-09-14T02:34:17.172+00:00,2026-09-14T02:39:10.839+00:00,2026-09-14T02:39:17.202+00:00,False,94,93.0,,93.0,293666.706931,300030.237171,300030.237122,3191.811033212766,0.020989999999999998,293666.706931,30282.356937945882,88.187561,68.42505634408602,19.730856644938463,0.3099687580721917,15,64,,True,False,Request timeout: 300.0s exceeded,323,21.16838264042747
542,2026-09-14T02:34:20.580+00:00,2026-09-14T02:39:14.087+00:00,2026-09-14T02:39:20.634+00:00,False,95,94.0,,94.0,293506.49430699996,300054.171491,300054.171589,3158.4649640947364,0.045219999999999996,293506.49430699996,30105.990386893533,88.5778717,69.65614025531914,19.14195405167669,0.31327676443524965,15,64,,True,False,Request timeout: 300.0s exceeded,138,21.16838264042747
543,2026-09-14T02:34:24.511+00:00,2026-09-14T02:39:18.360+00:00,2026-09-14T02:39:24.596+00:00,False,91,90.0,,90.0,293849.729083,300085.685819,300085.685802,3297.6448989230767,0.04111,293849.729083,30796.564452438986,88.33397799999999,69.28840817777778,19.846610143022943,0.2999143386475438,15,64,,True,False,Request timeout: 300.0s exceeded,381,21.16838264042747
544,2026-09-14T02:34:28.405+00:00,2026-09-14T02:39:22.179+00:00,2026-09-14T02:39:28.461+00:00,False,92,91.0,,91.0,293774.227101,300056.28559700004,300056.285663,3261.4813659021743,0.02223,293774.227101,30620.88976207126,88.9582051,69.03360984615384,20.214437806573375,0.3032764330163721,15,64,,True,False,Request timeout: 300.0s exceeded,394,21.16838264042747
545,2026-09-14T02:34:30.745+00:00,2026-09-14T02:39:24.248+00:00,2026-09-14T02:39:30.783+00:00,False,99,98.0,,98.0,293502.922572,300038.407244,300038.407189,3030.690981707071,0.04281,293502.922572,29491.45750502987,87.1641002,66.68861910204082,19.461748770949526,0.32662485079886305,15,64,,True,False,Request timeout: 300.0s exceeded,462,21.16838264042747
546,2026-09-14T02:34:34.972+00:00,2026-09-14T02:39:28.299+00:00,2026-09-14T02:39:34.994+00:00,False,107,106.0,,106.0,293327.219251,300021.78283499996,300021.78270299995,2803.9418944205604,0.0213,293327.219251,28350.914312867375,88.30957029999999,63.1562602264151,20.37283792383344,0.3533076798570182,15,64,,True,False,Request timeout: 300.0s exceeded,526,21.16838264042747
547,2026-09-14T02:34:39.226+00:00,2026-09-14T02:39:32.771+00:00,2026-09-14T02:39:39.325+00:00,False,144,143.0,,143.0,293544.604111,300099.16795100004,300099.16799800005,2084.021999986111,0.020300000000000002,293544.604111,24458.2546644153,90.16516915,45.83611076923077,34.382434123259664,0.47650915187925125,15,64,,True,False,Request timeout: 300.0s exceeded,587,21.16838264042747
0,2026-09-14T02:04:40.895+00:00,2026-09-14T02:04:41.077+00:00,2026-09-14T02:04:49.566+00:00,True,169,169.0,,169.0,181.874717,8670.342173000001,8670.342149,51.30379969822485,0.02582,181.874717,20.77076171952471,87.1344164,50.526592,18.201981978038283,19.491733616497488,16,64,,False,True,,829,21.16838264042747
1,2026-09-14T02:04:45.240+00:00,2026-09-14T02:04:45.372+00:00,2026-09-14T02:05:01.940+00:00,True,259,259.0,,259.0,131.96811300000002,16699.432817,16699.43279,64.47657447876448,38.409689,131.96811300000002,21.577328390122574,96.005031,64.21497947286822,21.203779117095777,15.50950878621089,16,64,,False,True,,637,21.16838264042747
2,2026-09-14T02:04:49.974+00:00,2026-09-14T02:04:54.738+00:00,2026-09-14T02:05:11.622+00:00,True,258,258.0,,258.0,4763.880700000001,21647.449852,21647.44982,83.90484426356589,38.529849,4763.880700000001,293.2933137403234,95.5491425,65.69482160311284,21.649947146438684,11.918262971569535,16,64,,False,True,,1127,21.16838264042747
3,2026-09-14T02:04:53.340+00:00,2026-09-14T02:04:59.893+00:00,2026-09-14T02:05:16.046+00:00,True,246,246.0,,246.0,6552.527792000001,22705.426608,22705.426652000002,92.29848232520325,19.14191,6552.527792000001,414.14484699783384,94.81790175,65.93019924897959,21.850912808834288,10.834414355963903,16,64,,False,True,,710,21.16838264042747
4,2026-09-14T02:04:58.673+00:00,2026-09-14T02:05:10.485+00:00,2026-09-14T02:05:19.347+00:00,True,131,131.0,,131.0,11811.845008,20674.700176,20674.700221,157.82213909160305,15.637697,11811.845008,1026.309696574876,94.89942899999998,68.17580898461539,23.214180276036892,6.336246663062613,16,64,,False,True,,291,21.16838264042747
5,2026-09-14T02:05:01.822+00:00,2026-09-14T02:05:15.024+00:00,2026-09-14T02:05:30.459+00:00,True,228,228.0,,228.0,13201.966798000001,28637.275598,28637.275550000002,125.60208574561405,18.856780999999998,13201.966798000001,870.1147374023818,94.28382445,67.9969550660793,22.757108186217387,7.961651212936028,16,64,,False,True,,820,21.16838264042747
6,2026-09-14T02:05:05.664+00:00,2026-09-14T02:05:21.679+00:00,2026-09-14T02:05:36.042+00:00,True,214,214.0,,214.0,16014.97147,30377.265486,30377.265374,141.94983819626168,39.529445,16014.97147,1090.3758868408606,96.6982003,67.42861040375587,22.167529484781138,7.044742065365508,16,64,,False,True,,1131,21.16838264042747
7,2026-09-14T02:05:09.532+00:00,2026-09-14T02:05:29.007+00:00,2026-09-14T02:05:36.313+00:00,True,108,108.0,,108.0,19474.212201000002,26780.282985,26780.282855,247.96558199074076,38.167769,19474.212201000002,1867.4736813051338,96.99494035,68.28103536448597,22.733520487096584,4.032817728643579,16,64,,False,True,,536,21.16838264042747
8,2026-09-14T02:05:13.262+00:00,2026-09-14T02:05:35.451+00:00,2026-09-14T02:05:44.471+00:00,True,140,140.0,,140.0,22189.498739,31209.422706999998,31209.422651999997,222.9244475142857,0.018449999999999998,22189.498739,1870.099128458725,95.18126749999999,64.8915393381295,29.34139475298075,4.485824723973482,16,64,,False,True,,700,21.16838264042747
9,2026-09-14T02:05:16.706+00:00,2026-09-14T02:05:42.325+00:00,2026-09-14T02:05:49.871+00:00,True,114,114.0,,114.0,25618.970993,33165.226865,33165.227021,290.92304404385965,40.040566,25618.970993,2393.284053931756,97.46388300000001,66.78102541592921,22.21545302049308,3.437335148167093,16,64,,False,True,,554,21.16838264042747
10,2026-09-14T02:05:19.989+00:00,2026-09-14T02:05:46.844+00:00,2026-09-14T02:05:54.282+00:00,True,115,115.0,,115.0,26854.640939,34292.702763,34292.702765,298.1974153478261,41.303813000000005,26854.640939,2498.22080518766,96.2667983,65.2461563508772,22.095979714958503,3.3534831242312833,16,64,,False,True,,495,21.16838264042747
11,2026-09-14T02:05:24.867+00:00,2026-09-14T02:05:55.246+00:00,2026-09-14T02:06:13.249+00:00,True,272,272.0,,272.0,30379.127292,48381.963516,48381.963637,177.87486631250002,39.017148,30379.127292,1838.1063966033812,95.80731795,66.43112997785978,21.83527775237332,5.621929748883571,16,64,,False,True,,1307,21.16838264042747
12,2026-09-14T02:05:29.088+00:00,2026-09-14T02:06:02.867+00:00,2026-09-14T02:06:10.759+00:00,True,118,118.0,,118.0,33779.075318,41671.213046000004,41671.212909,353.14587211016953,37.211482000000004,33779.075318,3103.484155150523,95.02328315000001,67.4541686153846,22.08064532344541,2.831691025402649,16,64,,False,True,,438,21.16838264042747
13,2026-09-14T02:05:32.175+00:00,2026-09-14T02:06:07.955+00:00,2026-09-14T02:06:24.416+00:00,True,246,246.0,,246.0,35780.558972000006,52241.066876000004,52241.06701700001,212.36206104471546,7.420875,35780.558972000006,2277.1132481262875,94.85449250000002,67.18574654693877,22.604146626777588,4.708939053329604,16,64,,False,True,,339,21.16838264042747
14,2026-09-14T02:05:36.248+00:00,2026-09-14T02:06:15.974+00:00,2026-09-14T02:06:30.526+00:00,True,219,219.0,,219.0,39726.446637999994,54278.446637999994,54278.44652499999,247.8467877853881,4.532571,39726.446637999994,2680.0511062191044,94.7812909,66.75229357798165,22.89163420544187,4.034750689543122,16,64,,False,True,,1123,21.16838264042747
15,2026-09-14T02:05:40.872+00:00,2026-09-14T02:06:22.875+00:00,2026-09-14T02:06:40.580+00:00,True,271,271.0,,271.0,42002.939791000004,59707.712655,59707.71277500001,220.3236633763838,0.01595,42002.939791000004,2547.712232637578,93.7377925,65.57323282962963,31.87272243537978,4.538777118558839,16,64,,False,True,,586,21.16838264042747
16,2026-09-14T02:05:44.122+00:00,2026-09-14T02:06:28.859+00:00,2026-09-14T02:06:44.149+00:00,True,229,229.0,,229.0,44737.28693,60026.74485,60026.744768000004,262.1255230043668,0.01725,44737.28693,2952.06267471497,93.57315579999998,67.05902596491228,31.836859501867654,3.8149661550404725,16,64,,False,True,,799,21.16838264042747
17,2026-09-14T02:05:47.693+00:00,2026-09-14T02:06:36.058+00:00,2026-09-14T02:06:48.781+00:00,True,192,192.0,,192.0,48364.392307999995,61087.42462799999,61087.42479499999,318.1636708072916,6.149017,48364.392307999995,3485.667255192446,94.34716759999999,66.61273465968587,22.96413596337728,3.1430364132914352,16,64,,False,True,,803,21.16838264042747
18,2026-09-14T02:05:52.642+00:00,2026-09-14T02:06:44.097+00:00,2026-09-14T02:06:52.083+00:00,True,122,122.0,,122.0,51454.478001999996,59440.961202,59440.961204,487.2209934754098,7.958603,51454.478001999996,4652.554981456456,95.47127745,66.00399338842975,23.952791346608873,2.052456715587148,16,64,,False,True,,552,21.16838264042747
19,2026-09-14T02:05:56.097+00:00,2026-09-14T02:06:49.858+00:00,2026-09-14T02:06:58.878+00:00,True,136,136.0,,136.0,53761.700719,62781.324399000005,62781.32453,461.62738625000003,41.357723,53761.700719,4604.350526563354,95.97515274999999,66.81202725925927,21.92326155913269,2.1662492994838165,16,64,,False,True,,581,21.16838264042747
20,2026-09-14T02:06:01.520+00:00,2026-09-14T02:06:59.784+00:00,2026-09-14T02:07:14.445+00:00,True,220,220.0,,220.0,58264.122896,72925.4564,72925.456289,331.4793467681818,0.0,58264.122896,3923.739059557378,95.99781800000001,66.94672832876712,26.07460037652432,3.0167791997528037,16,64,,False,True,,820,21.16838264042747
21,2026-09-14T02:06:05.373+00:00,2026-09-14T02:07:06.437+00:00,2026-09-14T02:07:23.098+00:00,True,247,247.0,,247.0,61063.983652,77724.86582800001,77724.865903,314.67557045748987,0.0,61063.983652,3881.1856813256045,97.82699400000001,67.72716331707316,26.013098025857616,3.1778761837504446,16,64,,False,True,,1126,21.16838264042747
22,2026-09-14T02:06:09.938+00:00,2026-09-14T02:07:14.440+00:00,2026-09-14T02:07:28.296+00:00,True,207,207.0,,207.0,64501.972348999996,78357.79263699999,78357.792599,378.5400608647343,0.01798,64501.972348999996,4478.683428359893,95.89126130000001,67.26126353398058,38.11719013625642,2.6417283212525833,16,64,,False,True,,1083,21.16838264042747
23,2026-09-14T02:06:13.880+00:00,2026-09-14T02:07:21.520+00:00,2026-09-14T02:07:34.426+00:00,True,197,197.0,,197.0,67639.50983,80546.294086,80546.29398599999,408.8644364771573,0.01721,67639.50983,4814.600207420876,95.351453,65.85094008163266,41.313818674213124,2.445798434744389,16,64,,False,True,,380,21.16838264042747
24,2026-09-14T02:06:18.627+00:00,2026-09-14T02:07:30.625+00:00,2026-09-14T02:07:40.823+00:00,True,157,157.0,,157.0,71998.74993,82196.15537000001,82196.15535500001,523.5423907961783,4.184531,71998.74993,5740.962104756439,93.6170386,65.36798358974359,24.80310317199503,1.910065006000292,16,64,,False,True,,766,21.16838264042747
25,2026-09-14T02:06:24.015+00:00,2026-09-14T02:07:39.345+00:00,2026-09-14T02:07:55.025+00:00,True,243,243.0,,243.0,75330.482659,91009.955043,91009.95495300001,374.5265635925926,0.0,75330.482659,4828.355979949903,93.48602699999999,64.7912081983471,24.04452678842737,2.670037578693324,16,64,,False,True,,809,21.16838264042747
26,2026-09-14T02:06:28.756+00:00,2026-09-14T02:07:47.742+00:00,2026-09-14T02:08:01.551+00:00,True,210,210.0,,210.0,78986.01525499999,92794.51189499999,92794.512079,441.878628947619,0.0,78986.01525499999,5446.049026729768,94.04022794999999,66.0693619138756,24.61604871209475,2.2630648700175486,16,64,,False,True,,1016,21.16838264042747
27,2026-09-14T02:06:33.417+00:00,2026-09-14T02:07:55.893+00:00,2026-09-14T02:08:10.732+00:00,True,225,225.0,,225.0,82475.753483,97315.16698699999,97315.167173,432.5118541022222,40.265246,82475.753483,5494.009776476545,95.7766822,66.24738171428572,21.710024765740922,2.312075362621091,16,64,,False,True,,1136,21.16838264042747
28,2026-09-14T02:06:37.805+00:00,2026-09-14T02:08:03.584+00:00,2026-09-14T02:08:12.931+00:00,True,143,143.0,,143.0,85779.874333,95126.864925,95126.864915,665.2228315734266,38.489809,85779.874333,7167.801305363099,95.797304,65.82387740845071,21.601690693735527,1.5032556797992256,16,64,,False,True,,697,21.16838264042747
29,2026-09-14T02:06:42.767+00:00,2026-09-14T02:08:11.818+00:00,2026-09-14T02:08:29.062+00:00,True,262,262.0,,262.0,89050.309265,106294.27828900001,106294.27841700001,405.70335273664125,0.0,89050.309265,5497.650966910592,95.0515415,66.06884683524905,45.33812211259652,2.4648551569977912,16,64,,False,True,,1034,21.16838264042747
30,2026-09-14T02:06:47.544+00:00,2026-09-14T02:08:20.203+00:00,2026-09-14T02:08:38.654+00:00,True,277,277.0,,277.0,92659.52968,111110.05384000001,111110.05396800001,401.1193284043322,0.0,92659.52968,5563.52395383164,95.887311,66.84972521739131,43.442832454930006,2.493023722217647,16,64,,False,True,,1270,21.16838264042747
31,2026-09-14T02:06:51.354+00:00,2026-09-14T02:08:27.792+00:00,2026-09-14T02:08:44.778+00:00,True,255,255.0,,255.0,96438.099741,113424.657949,113424.657991,444.80258035686273,0.0,96438.099741,6035.0492137008805,96.026839,66.87621341732283,24.39230665754919,2.24818839757628,16,64,,False,True,,1387,21.16838264042747
32,2026-09-14T02:06:54.562+00:00,2026-09-14T02:08:33.176+00:00,2026-09-14T02:08:51.355+00:00,True,271,271.0,,271.0,98613.618459,116793.30537100001,116793.30536900001,430.9716065276753,0.0,98613.618459,5986.3093132672975,95.0539195,67.33217374814814,24.20155281727356,2.3203384743599336,16,64,,False,True,,946,21.16838264042747
33,2026-09-14T02:06:58.161+00:00,2026-09-14T02:08:39.381+00:00,2026-09-14T02:08:56.058+00:00,True,251,251.0,,251.0,101219.788415,117896.467071,117896.46707500001,469.70704013944226,38.707817999999996,101219.788415,6384.764132668245,94.537995,66.706714624,22.139104724097773,2.128986612031741,16,64,,False,True,,1311,21.16838264042747
34,2026-09-14T02:07:03.558+00:00,2026-09-14T02:08:50.135+00:00,2026-09-14T02:09:02.081+00:00,True,180,180.0,,180.0,106576.511765,118522.177813,118522.17789800001,658.4565438777778,0.0,106576.511765,7938.82184718041,95.57104650000001,66.73556451396648,28.773462911583444,1.5187031095901518,16,64,,False,True,,832,21.16838264042747
35,2026-09-14T02:07:07.271+00:00,2026-09-14T02:08:55.915+00:00,2026-09-14T02:09:06.445+00:00,True,163,163.0,,163.0,108644.186795,119174.37969100001,119174.379566,731.1311629815951,0.0,108644.186795,8504.628320460997,95.13177109999998,65.00119071604938,29.294812516257164,1.3677436410630603,16,64,,False,True,,807,21.16838264042747
36,2026-09-14T02:07:12.156+00:00,2026-09-14T02:09:04.613+00:00,2026-09-14T02:09:24.148+00:00,True,292,292.0,,292.0,112456.61102899999,131991.832789,131991.832761,452.02682452397255,0.0,112456.61102899999,6577.279806138491,97.56233850000001,67.13134625429552,49.146739890361204,2.212258090747073,16,64,,False,True,,1371,21.16838264042747
37,2026-09-14T02:07:16.674+00:00,2026-09-14T02:09:13.373+00:00,2026-09-14T02:09:26.749+00:00,True,198,198.0,,198.0,116698.734314,130074.424298,130074.42443500001,656.941537550505,0.0,116698.734314,8288.811029058892,97.60792384999999,67.89690347208122,60.314824766763174,1.5222054686660214,16,64,,False,True,,916,21.16838264042747
38,2026-09-14T02:07:20.775+00:00,2026-09-14T02:09:20.309+00:00,2026-09-14T02:09:33.730+00:00,True,202,202.0,,202.0,119533.280483,132954.641379,132954.641328,658.1912937029703,0.0,119533.280483,8405.683530916991,95.82447455000002,66.77293978109454,28.887774336969724,1.519315143156075,16,64,,False,True,,449,21.16838264042747
39,2026-09-14T02:07:24.793+00:00,2026-09-14T02:09:27.618+00:00,2026-09-14T02:09:41.477+00:00,True,211,211.0,,211.0,122825.346565,136683.828741,136683.828846,647.7906580379147,40.491515,122825.346565,8451.13001029534,95.05338449999999,65.99277226666666,21.639019933144045,1.5437085860377857,16,64,,False,True,,884,21.16838264042747
40,2026-09-14T02:07:28.290+00:00,2026-09-14T02:09:32.993+00:00,2026-09-14T02:09:46.533+00:00,True,207,207.0,,207.0,124702.636997,138242.893765,138242.89371,667.8400662318841,0.0,124702.636997,8662.91694840142,95.01978129999999,65.72940178640776,30.38513861434254,1.497364489142427,16,64,,False,True,,578,21.16838264042747
41,2026-09-14T02:07:33.521+00:00,2026-09-14T02:09:42.557+00:00,2026-09-14T02:09:55.224+00:00,True,194,194.0,,194.0,129036.053429,141702.699701,141702.699617,730.426286685567,0.0,129036.053429,9259.58691712867,95.03032579999999,65.63029156476684,30.559241960214816,1.3690635422567812,16,64,,False,True,,802,21.16838264042747
42,2026-09-14T02:07:38.834+00:00,2026-09-14T02:09:52.070+00:00,2026-09-14T02:10:10.748+00:00,True,277,277.0,,277.0,133236.133803,151914.172075,151914.171925,548.4266134476535,31.447294000000003,133236.133803,8001.346527753349,94.9059898,67.67405171014492,21.672984744825534,1.8233980162380448,16,64,,False,True,,971,21.16838264042747
43,2026-09-14T02:07:42.462+00:00,2026-09-14T02:09:58.257+00:00,2026-09-14T02:10:08.849+00:00,True,160,160.0,,160.0,135795.747432,146387.760488,146387.760352,914.9235022,41.096182999999996,135795.747432,10730.351642162299,95.88804740000002,66.61643431446541,21.63441629970189,1.092987552146587,16,64,,False,True,,688,21.16838264042747
44,2026-09-14T02:07:47.619+00:00,2026-09-14T02:10:07.706+00:00,2026-09-14T02:10:18.465+00:00,True,153,153.0,,153.0,140086.330494,150845.86278199998,150845.86271,985.9206713071895,0.0,140086.330494,11319.882021120555,95.4716186,70.78639663157895,82.15792149460388,1.0142803864704804,16,64,,False,True,,723,21.16838264042747
45,2026-09-14T02:07:51.510+00:00,2026-09-14T02:10:14.791+00:00,2026-09-14T02:10:23.302+00:00,True,131,131.0,,131.0,143280.507632,151791.15083199998,151791.150968,1158.711076091603,0.015550000000000001,143280.507632,12513.023211561922,96.483111,65.46648615384615,82.05428014235008,0.8630279122462726,16,64,,False,True,,588,21.16838264042747
46,2026-09-14T02:07:54.894+00:00,2026-09-14T02:10:19.176+00:00,2026-09-14T02:10:35.287+00:00,True,245,245.0,,245.0,144282.207135,160393.316255,160393.316269,654.6665970163266,36.047434,144282.207135,9213.658880992472,95.603602,66.02913573770492,21.610291275289125,1.5274950709946589,16,64,,False,True,,969,21.16838264042747
47,2026-09-14T02:07:58.848+00:00,2026-09-14T02:10:27.632+00:00,2026-09-14T02:10:46.618+00:00,True,286,286.0,,286.0,148783.65576199998,167769.63976199998,167769.639645,586.6071316258741,0.0,148783.65576199998,8793.873216796577,95.34944325000001,66.61748771929824,29.823437825959957,1.704718448497136,16,64,,False,True,,1223,21.16838264042747
48,2026-09-14T02:08:03.668+00:00,2026-09-14T02:10:36.061+00:00,2026-09-14T02:10:52.970+00:00,True,255,255.0,,255.0,152393.42117,169302.743154,169302.743168,663.9323261490196,0.0,152393.42117,9539.128807754392,96.636447,66.57213379527559,31.408006096018234,1.5061776037972916,16,64,,False,True,,629,21.16838264042747
49,2026-09-14T02:08:07.990+00:00,2026-09-14T02:10:43.996+00:00,2026-09-14T02:10:50.869+00:00,True,106,106.0,,106.0,156006.243384,162879.122232,162879.122269,1536.5954931037736,0.05246,156006.243384,15146.326607111654,96.85893525,65.45598902857142,23.716411908184018,0.650789361751452,16,64,,False,True,,521,21.16838264042747
50,2026-09-14T02:08:11.613+00:00,2026-09-14T02:10:50.582+00:00,2026-09-14T02:11:04.060+00:00,True,207,207.0,,207.0,158968.195064,172446.60556,172446.60565,833.0753896135266,38.493888,158968.195064,11044.526204742282,93.7126856,65.42917716504854,21.330379815392813,1.2003715545910105,16,64,,False,True,,900,21.16838264042747
51,2026-09-14T02:08:16.133+00:00,2026-09-14T02:10:57.530+00:00,2026-09-14T02:11:15.115+00:00,True,266,266.0,,266.0,161396.70245399998,178981.68063,178981.68073499997,672.8634614097743,0.0,161396.70245399998,9891.844107956189,93.8654745,66.35840821132076,30.24026224984342,1.4861856200238095,16,64,,False,True,,1121,21.16838264042747
52,2026-09-14T02:08:21.353+00:00,2026-09-14T02:11:07.170+00:00,2026-09-14T02:11:21.247+00:00,True,211,211.0,,211.0,165816.78507100002,179893.84004700003,179893.84002300003,852.5774408672987,0.0,165816.78507100002,11410.731110263292,95.97224299999998,67.03359512380952,33.052194482067364,1.1729139805169149,16,64,,False,True,,958,21.16838264042747
53,2026-09-14T02:08:26.076+00:00,2026-09-14T02:11:14.787+00:00,2026-09-14T02:11:22.390+00:00,True,116,116.0,,116.0,168710.668949,176313.555861,176313.55572600002,1519.9444459137933,39.622407,168710.668949,15658.271245097887,97.04476999999999,66.11206010434782,23.332895733870554,0.657918782441497,16,64,,False,True,,527,21.16838264042747
54,2026-09-14T02:08:31.081+00:00,2026-09-14T02:11:24.983+00:00,2026-09-14T02:11:43.755+00:00,True,282,282.0,,282.0,173901.947106,192674.026722,192674.02672300002,683.2412295141844,0.0,173901.947106,10351.94998456964,95.77308254999998,66.80455379359431,67.2844363810881,1.4636119086610677,16,64,,False,True,,626,21.16838264042747
55,2026-09-14T02:08:34.532+00:00,2026-09-14T02:11:30.241+00:00,2026-09-14T02:11:48.869+00:00,True,282,282.0,,282.0,175708.57344,194336.84096,194336.840961,689.1377339042554,0.0,175708.57344,10459.388413222949,94.34861100000002,66.29276697508897,29.978010385826355,1.4510887313334664,16,64,,False,True,,1351,21.16838264042747
56,2026-09-14T02:08:38.356+00:00,2026-09-14T02:11:36.626+00:00,2026-09-14T02:11:55.538+00:00,True,284,284.0,,284.0,178270.003436,197182.156524,197182.156418,694.303367669014,0.0,178270.003436,10574.454898350481,95.87852600000001,66.82739607067138,29.806734109788362,1.440292595468358,16,64,,False,True,,1364,21.16838264042747
57,2026-09-14T02:08:42.855+00:00,2026-09-14T02:11:44.649+00:00,2026-09-14T02:12:04.554+00:00,True,296,296.0,,296.0,181794.163195,201698.691579,201698.691595,681.4144986317567,40.839734,181794.163195,10562.67341470258,97.1784375,67.47297757288136,22.60084050236369,1.467535548608478,16,64,,False,True,,1366,21.16838264042747
58,2026-09-14T02:08:47.422+00:00,2026-09-14T02:11:53.700+00:00,2026-09-14T02:12:07.439+00:00,True,200,200.0,,200.0,186278.079202,200017.212642,200017.212516,1000.08606258,39.620167,186278.079202,13166.988180415563,97.7612644,69.04087155778893,23.467645851464727,0.9999139441962387,16,64,,False,True,,797,21.16838264042747
59,2026-09-14T02:08:50.701+00:00,2026-09-14T02:11:59.256+00:00,2026-09-14T02:12:08.000+00:00,True,128,128.0,,128.0,188554.242776,197298.408664,197298.408587,1541.3938170859376,39.396937,188554.242776,16659.929225283617,97.97845484999999,68.85169990551181,23.86055008607472,0.6487634688325568,16,64,,False,True,,688,21.16838264042747
60,2026-09-14T02:08:56.008+00:00,2026-09-14T02:12:08.799+00:00,2026-09-14T02:12:21.855+00:00,True,195,195.0,,195.0,192790.39,205846.87230400002,205846.87227300002,1055.6249860153846,0.0,192790.39,13801.232238049328,96.3651137,67.30145517525773,35.41720054178381,0.9473061106899838,16,64,,False,True,,651,21.16838264042747
61,2026-09-14T02:08:59.299+00:00,2026-09-14T02:12:15.471+00:00,2026-09-14T02:12:26.990+00:00,True,173,173.0,,173.0,196171.36672999998,207691.27277799998,207691.272901,1200.5275890231212,0.0,196171.36672999998,14909.558233905122,94.99974399999999,66.97619795348837,22.918174399969026,0.8329671135720697,16,64,,False,True,,846,21.16838264042747
62,2026-09-14T02:09:02.415+00:00,2026-09-14T02:12:20.095+00:00,2026-09-14T02:12:30.665+00:00,True,160,160.0,,160.0,197680.582243,208249.827939,208249.828098,1301.5614256125,41.137563,197680.582243,15622.781316337469,94.29506239999999,66.47324337106919,21.175639340540354,0.7683079577230997,16,64,,False,True,,639,21.16838264042747
63,2026-09-14T02:09:05.605+00:00,2026-09-14T02:12:25.697+00:00,2026-09-14T02:12:41.144+00:00,True,237,237.0,,237.0,200091.595256,215538.909944,215538.90995,909.4468774261603,36.545313,200091.595256,12993.111193808847,93.77224880000001,65.45472325423728,21.146052764031193,1.0995694469345505,16,64,,False,True,,1107,21.16838264042747
64,2026-09-14T02:09:10.663+00:00,2026-09-14T02:12:34.963+00:00,2026-09-14T02:12:45.391+00:00,True,161,161.0,,161.0,204299.01763100002,214727.21449500002,214727.21447300003,1333.7094066645964,34.385248,204299.01763100002,16095.89558107675,94.40511099999999,65.1762304,21.303352199881612,0.7497885183237867,16,64,,False,True,,795,21.16838264042747
65,2026-09-14T02:09:16.070+00:00,2026-09-14T02:12:45.299+00:00,2026-09-14T02:12:57.650+00:00,True,190,190.0,,190.0,209229.749002,221580.553738,221580.553562,1166.2134398,0.0,209229.749002,15174.666682957555,95.10769245,65.34817320634922,93.44013532125915,0.8574759688734179,16,64,,False,True,,761,21.16838264042747
66,2026-09-14T02:09:20.472+00:00,2026-09-14T02:12:52.390+00:00,2026-09-14T02:13:08.974+00:00,True,253,253.0,,253.0,211918.15352599998,228501.39039,228501.39038599998,903.1675509328062,0.02011,211918.15352599998,13319.063038517414,95.08533940000001,65.80649549206349,23.18289711006745,1.1072142693232039,16,64,,False,True,,1012,21.16838264042747
67,2026-09-14T02:09:25.514+00:00,2026-09-14T02:13:01.412+00:00,2026-09-14T02:13:10.927+00:00,True,145,145.0,,145.0,215897.290742,225412.15743000002,225412.157339,1554.566602337931,30.033526000000002,215897.290742,17923.819518011507,95.78207820000002,66.0754631111111,21.3925979268889,0.6432661026503357,16,64,,False,True,,666,21.16838264042747
68,2026-09-14T02:09:29.449+00:00,2026-09-14T02:13:07.969+00:00,2026-09-14T02:13:22.316+00:00,True,220,220.0,,220.0,218519.724373,232867.507541,232867.50761600002,1058.4886709818181,39.903375,218519.724373,14728.195403403197,93.45356495,65.5149916347032,21.493417729553475,0.9447432246908277,16,64,,False,True,,1016,21.16838264042747
69,2026-09-14T02:09:32.868+00:00,2026-09-14T02:13:14.917+00:00,2026-09-14T02:13:22.405+00:00,True,116,116.0,,116.0,222049.529018,229537.564602,229537.564647,1978.7721090258622,39.739166,222049.529018,20610.747494506104,95.29289975,65.11335290434783,22.269301741431665,0.5053639050372205,16,64,,False,True,,562,21.16838264042747
70,2026-09-14T02:09:37.269+00:00,2026-09-14T02:13:21.588+00:00,2026-09-14T02:13:33.133+00:00,True,178,178.0,,178.0,224319.231569,235864.703057,235864.703117,1325.0826017808988,0.0,224319.231569,16808.597304852494,93.86153835,65.22865247457628,40.762722756359615,0.7546699344707962,16,64,,False,True,,893,21.16838264042747
71,2026-09-14T02:09:42.719+00:00,2026-09-14T02:13:31.273+00:00,2026-09-14T02:13:42.246+00:00,True,167,167.0,,167.0,228553.786981,239527.106405,239527.106394,1434.294050263473,7.231774000000001,228553.786981,17680.92082966604,93.94125530000001,66.10433387951807,21.597727007794155,0.6972071032229276,16,64,,False,True,,790,21.16838264042747
72,2026-09-14T02:09:46.722+00:00,2026-09-14T02:13:38.498+00:00,2026-09-14T02:13:54.551+00:00,True,239,239.0,,239.0,231775.728803,247828.96861100002,247828.968525,1036.9412908995816,40.317395,231775.728803,14987.978762864912,95.62428410000001,67.45058742857144,22.084250935191164,0.9643747514244058,16,64,,False,True,,1241,21.16838264042747
73,2026-09-14T02:09:49.689+00:00,2026-09-14T02:13:44.546+00:00,2026-09-14T02:14:03.820+00:00,True,290,290.0,,290.0,234857.845466,254131.09961,254131.099781,876.314137175862,34.812915999999994,234857.845466,13787.429439568503,95.02509549999999,66.68946070588235,22.33153270152137,1.1411432935404044,16,64,,False,True,,1034,21.16838264042747
74,2026-09-14T02:09:53.521+00:00,2026-09-14T02:13:51.495+00:00,2026-09-14T02:14:00.931+00:00,True,144,144.0,,144.0,237974.216345,247409.72405699998,247409.724102,1718.1230840416665,34.076957,237974.216345,19825.69905531384,95.35532605,65.98257141258742,22.702563540642686,0.5820304781829201,16,64,,False,True,,624,21.16838264042747
75,2026-09-14T02:09:57.385+00:00,2026-09-14T02:13:58.028+00:00,2026-09-14T02:14:16.875+00:00,True,281,281.0,,281.0,240643.367317,259489.963413,259489.96342,923.4518271174377,0.0,240643.367317,14351.611968841957,95.72098600000001,67.30927177142857,37.01233543167851,1.0828935204432741,16,64,,False,True,,1397,21.16838264042747
76,2026-09-14T02:10:02.096+00:00,2026-09-14T02:14:07.105+00:00,2026-09-14T02:14:20.254+00:00,True,193,193.0,,193.0,245008.767743,258158.05439900002,258158.054379,1337.606499373057,0.0,245008.767743,17631.239166284442,96.93554119999999,68.485868,42.88248235137278,0.7476040228506912,16,64,,False,True,,703,21.16838264042747
77,2026-09-14T02:10:05.561+00:00,2026-09-14T02:14:14.198+00:00,2026-09-14T02:14:32.647+00:00,True,278,278.0,,278.0,248637.78020699997,267086.912495,267086.912478,960.7442894892085,0.01566,248637.78020699997,14908.577071496973,94.82187235,66.60336566064981,89.65266129386049,1.0408596864708013,16,64,,False,True,,1403,21.16838264042747
78,2026-09-14T02:10:08.549+00:00,2026-09-14T02:14:19.815+00:00,2026-09-14T02:14:27.212+00:00,True,116,116.0,,116.0,251265.938893,258663.01972500002,258663.01989000003,2229.8536197413796,38.725237,251265.938893,23323.493807523886,93.61908625,64.3224420173913,20.861897237811068,0.4484599310845689,16,64,,False,True,,564,21.16838264042747
79,2026-09-14T02:10:13.474+00:00,2026-09-14T02:14:27.847+00:00,2026-09-14T02:14:45.368+00:00,True,267,267.0,,267.0,254372.758771,271893.249011,271893.249061,1018.3267755093633,0.01731,254372.758771,15563.567649355467,93.514511,65.86650466165413,86.33980293188071,0.9820030507237714,16,64,,False,True,,912,21.16838264042747
80,2026-09-14T02:10:18.450+00:00,2026-09-14T02:14:35.478+00:00,2026-09-14T02:14:46.130+00:00,True,163,163.0,,163.0,257028.078986,267680.03777,267680.03785900003,1642.208821220859,39.368127,257028.078986,20126.854057769986,93.44126789999999,65.752832,21.42823584104323,0.6089359571147971,16,64,,False,True,,699,21.16838264042747
81,2026-09-14T02:10:23.220+00:00,2026-09-14T02:14:44.477+00:00,2026-09-14T02:14:55.450+00:00,True,165,165.0,,165.0,261256.642306,272229.278466,272229.278538,1649.8744153818182,33.26706,261256.642306,20333.60562204943,94.8211932,66.90631804878049,22.390748124657147,0.6061067381501642,16,64,,False,True,,608,21.16838264042747
82,2026-09-14T02:10:27.389+00:00,2026-09-14T02:14:52.096+00:00,2026-09-14T02:15:02.361+00:00,True,149,149.0,,149.0,264706.79472,274971.482592,274971.48250600003,1845.4461913154362,0.0,264706.79472,21679.996585975456,95.86108840000001,69.35599913513514,48.04178008670082,0.541874374009485,16,64,,False,True,,627,21.16838264042747
83,2026-09-14T02:10:31.758+00:00,2026-09-14T02:14:59.850+00:00,2026-09-14T02:15:19.021+00:00,True,282,282.0,,282.0,268092.21319800004,287263.76750200003,287263.767378,1018.6658417659576,40.004855000000006,268092.21319800004,15960.611790747818,95.7723525,68.22617190035588,22.375266311791894,0.9816761871927918,16,64,,False,True,,1462,21.16838264042747
84,2026-09-14T02:10:35.356+00:00,2026-09-14T02:15:05.647+00:00,2026-09-14T02:15:14.389+00:00,True,133,133.0,,133.0,270290.72177899996,279033.12613099994,279033.12619199994,2097.993430015037,40.757492,270290.72177899996,23431.445940839047,96.22370920000002,66.230336,22.67345098873744,0.47664591600339024,16,64,,False,True,,574,21.16838264042747
85,2026-09-14T02:10:40.401+00:00,2026-09-14T02:15:14.852+00:00,2026-09-14T02:15:31.501+00:00,True,244,244.0,,244.0,274451.086532,291099.93721999996,291099.93731099996,1193.0325299631147,39.445366,274451.086532,17565.5587343946,96.08137984999999,68.51378883950618,22.595745786893612,0.8382001120652802,16,64,,False,True,,1253,21.16838264042747
86,2026-09-14T02:10:44.474+00:00,2026-09-14T02:15:22.118+00:00,2026-09-14T02:15:29.042+00:00,True,102,102.0,,102.0,277643.704356,284567.455012,284567.45501,2789.8770099019607,39.660195,277643.704356,27484.045635104936,96.46230545000002,68.55198669306931,23.70798551560769,0.358438739931447,16,64,,False,True,,467,21.16838264042747
87,2026-09-14T02:10:49.267+00:00,2026-09-14T02:15:31.358+00:00,2026-09-14T02:15:41.168+00:00,True,145,145.0,,145.0,282091.69449699996,291901.47369699995,291901.47372199997,2013.1136118758618,34.675997,282091.69449699996,23420.793360490265,96.12551219999999,68.12346666666667,22.333320942890207,0.49674295289962506,16,64,,False,True,,505,21.16838264042747
88,2026-09-14T02:10:54.468+00:00,2026-09-14T02:15:40.574+00:00,2026-09-14T02:15:47.337+00:00,True,105,105.0,,105.0,286106.077755,292869.724987,292869.72483799997,2789.235474647619,32.567351,286106.077755,27914.75572057724,96.43828220000002,65.03506953846154,21.602111968499567,0.3585211820875674,16,64,,False,True,,440,21.16838264042747
89,2026-09-14T02:10:57.503+00:00,2026-09-14T02:15:45.894+00:00,2026-09-14T02:15:57.561+00:00,False,178,177.0,,177.0,288390.84875400004,300057.37061000004,300057.37064100004,1685.7155653988766,0.0,288390.84875400004,21610.918104279623,96.4213552,65.91255285875707,46.83486024516009,0.5898871927064108,16,64,,False,False,Request timeout: 300.0s exceeded,805,21.16838264042747
90,2026-09-14T02:11:00.637+00:00,2026-09-14T02:15:51.490+00:00,2026-09-14T02:16:00.727+00:00,False,134,133.0,,133.0,290852.836269,300089.39460500004,300089.39445900003,2239.473092977612,0.023219999999999998,290852.836269,25119.867975964524,94.3774525,69.44780703759399,21.554757754279894,0.44320126732590626,16,64,,False,False,Request timeout: 300.0s exceeded,614,21.16838264042747
91,2026-09-14T02:11:05.325+00:00,2026-09-14T02:15:58.196+00:00,2026-09-14T02:16:05.332+00:00,False,99,98.0,,98.0,292871.095939,300006.937219,300006.937174,3030.3731027676768,0.020399999999999998,292871.095939,29427.341182488635,91.0361649,72.81470693877552,19.95129640495617,0.3266591129806497,16,64,,False,False,Request timeout: 300.0s exceeded,462,21.16838264042747
92,2026-09-14T02:11:08.751+00:00,2026-09-14T02:16:02.174+00:00,2026-09-14T02:16:08.796+00:00,False,99,98.0,,98.0,293423.312348,300045.5247,300045.524881,3030.762877585859,0.036950000000000004,293423.312348,29483.36811263951,89.46126609999999,67.57359542857144,20.473375432319216,0.3266171028479266,16,64,,False,False,Request timeout: 300.0s exceeded,462,21.16838264042747
93,2026-09-14T02:11:13.553+00:00,2026-09-14T02:16:07.471+00:00,2026-09-14T02:16:13.589+00:00,False,92,91.0,,91.0,293917.885097,300035.130793,300035.130929,3261.2514231413043,0.02413,293917.885097,30636.055513554777,86.9850042,67.22248017582417,19.512801207038333,0.30329781635732067,16,64,,False,False,Request timeout: 300.0s exceeded,398,21.16838264042747
94,2026-09-14T02:11:18.476+00:00,2026-09-14T02:16:11.961+00:00,2026-09-14T02:16:18.562+00:00,False,100,99.0,,99.0,293484.678869,300085.775317,300085.775446,3000.85775446,0.030510000000000002,293484.678869,29341.806347925,86.3917974,66.67774189898991,19.22619045036093,0.3299056741207406,16,64,,False,False,Request timeout: 300.0s exceeded,327,21.16838264042747
95,2026-09-14T02:11:22.195+00:00,2026-09-14T02:16:16.104+00:00,2026-09-14T02:16:22.275+00:00,False,89,88.0,,88.0,293909.061607,300080.593895,300080.593954,3371.6920668988764,0.02502,293909.061607,31146.870401609467,88.48534719999999,70.13104872727273,19.53454150206397,0.2932545515782061,16,64,,False,False,Request timeout: 300.0s exceeded,375,21.16838264042747
96,2026-09-14T02:11:27.756+00:00,2026-09-14T02:16:20.825+00:00,2026-09-14T02:16:27.877+00:00,False,106,105.0,,105.0,293069.029874,300121.172722,300121.172618,2831.3318171509436,0.023379999999999998,293069.029874,28458.864521229138,88.21956825000001,67.16326521904762,20.695063025028073,0.34985868890116834,16,64,,False,False,Request timeout: 300.0s exceeded,205,21.16838264042747
97,2026-09-14T02:11:31.630+00:00,2026-09-14T02:16:25.978+00:00,2026-09-14T02:16:32.798+00:00,False,83,82.0,,82.0,294347.530663,301168.111783,301168.111827,3628.531467795181,0.02277,294347.530663,32300.16859757868,89.5103161,83.17781853658536,173.38103268638542,0.2722731816278188,16,64,,False,False,Request timeout: 300.0s exceeded,122,21.16838264042747
98,2026-09-14T02:11:35.053+00:00,2026-09-14T02:16:29.282+00:00,2026-09-14T02:16:35.131+00:00,False,99,98.0,,98.0,294228.444084,300077.316788,300077.316745,3031.0840075252527,0.01554,294228.444084,29565.538167536233,87.9648488,59.68237453061224,166.70835677639857,0.3265824989672095,16,64,,False,False,Request timeout: 300.0s exceeded,399,21.16838264042747
99,2026-09-14T02:11:39.273+00:00,2026-09-14T02:16:34.016+00:00,2026-09-14T02:16:39.334+00:00,False,77,76.0,,76.0,294742.906258,300060.925842,300060.925893,3896.8951414675325,0.047479999999999994,294742.906258,33581.10310646309,89.1444058,69.97394189473684,19.99211955139683,0.2532818952908868,16,64,,False,False,Request timeout: 300.0s exceeded,342,21.16838264042747
100,2026-09-14T02:11:44.622+00:00,2026-09-14T02:16:38.322+00:00,2026-09-14T02:16:44.691+00:00,False,98,97.0,,97.0,293700.39218699996,300068.83993099997,300068.83999899996,3061.9269387653057,0.0,293700.39218699996,29661.65660243399,88.86949150000001,65.65410045360825,64.22633375660543,0.32325915620663875,16,64,,False,False,Request timeout: 300.0s exceeded,482,21.16838264042747
101,2026-09-14T02:11:49.052+00:00,2026-09-14T02:16:42.945+00:00,2026-09-14T02:16:49.089+00:00,False,95,94.0,,94.0,293893.09707,300037.43627,300037.436217,3158.2888022842108,0.037,293893.09707,30146.096303179518,89.51508799999999,65.36531063829787,20.801460150784653,0.3132942381077092,16,64,,False,False,Request timeout: 300.0s exceeded,409,21.16838264042747
102,2026-09-14T02:11:52.017+00:00,2026-09-14T02:16:45.453+00:00,2026-09-14T02:16:52.025+00:00,False,96,95.0,,95.0,293435.575932,300007.902588,300007.902722,3125.0823200208333,0.02574,293435.575932,29941.58944460131,89.97025475000001,69.18238585263158,20.995289469905302,0.31665832526572885,16,64,,False,False,Request timeout: 300.0s exceeded,318,21.16838264042747
103,2026-09-14T02:11:56.852+00:00,2026-09-14T02:16:50.590+00:00,2026-09-14T02:16:56.866+00:00,False,91,90.0,,90.0,293738.250347,300013.845611,300013.84563600004,3296.855446549451,0.14587,293738.250347,30784.83217661087,88.62777700000001,69.72883626666666,19.906222262592017,0.29998615502797366,16,64,,False,False,Request timeout: 300.0s exceeded,406,21.16838264042747
104,2026-09-14T02:12:00.952+00:00,2026-09-14T02:16:54.950+00:00,2026-09-14T02:17:00.976+00:00,False,88,87.0,,87.0,293997.98575199995,300023.81384799996,300023.8138889999,3409.3615214659085,0.024329999999999997,293997.98575199995,31332.913494516753,89.241398,69.26239190804598,19.99356822216051,0.28997698177410847,16,64,,False,False,Request timeout: 300.0s exceeded,345,21.16838264042747
105,2026-09-14T02:12:04.472+00:00,2026-09-14T02:16:58.244+00:00,2026-09-14T02:17:04.527+00:00,False,95,94.0,,94.0,293771.509769,300054.255625,300054.255572,3158.465848126316,0.043429999999999996,293771.509769,30133.470716747222,90.0477079,66.83772187234042,20.904688067898277,0.3132766765937116,16,64,,False,False,Request timeout: 300.0s exceeded,394,21.16838264042747
106,2026-09-14T02:12:08.198+00:00,2026-09-14T02:17:01.841+00:00,2026-09-14T02:17:08.224+00:00,False,94,93.0,,93.0,293642.493699,300025.749251,300025.749278,3191.763290191489,0.02119,293642.493699,30279.837940262543,89.14582245,68.63715647311828,20.16438270484894,0.30997339472418645,16,64,,False,False,Request timeout: 300.0s exceeded,404,21.16838264042747
107,2026-09-14T02:12:11.470+00:00,2026-09-14T02:17:05.374+00:00,2026-09-14T02:17:11.488+00:00,False,87,86.0,,86.0,293904.817144,300018.717944,300018.71799399995,3448.491011425287,0.02215,293904.817144,31502.288052983164,88.5965259,71.09186976744185,19.639245374216543,0.2866487817471853,16,64,,False,False,Request timeout: 300.0s exceeded,398,21.16838264042747
108,2026-09-14T02:12:15.427+00:00,2026-09-14T02:17:09.664+00:00,2026-09-14T02:17:15.508+00:00,False,83,82.0,,82.0,294236.17225700006,300080.77129700006,300080.77128600003,3615.430979349398,0.03825,294236.17225700006,32288.797958854644,88.2133732,71.27559804878048,19.408723431613044,0.27325976151548154,16,64,,False,False,Request timeout: 300.0s exceeded,271,21.16838264042747
109,2026-09-14T02:12:19.625+00:00,2026-09-14T02:17:13.521+00:00,2026-09-14T02:17:19.651+00:00,False,91,90.0,,90.0,293896.329249,300025.79408100003,300025.794114,3296.9867485054947,0.02086,293896.329249,30801.573865071863,89.452646,68.1051648,20.39057593856471,0.29997420813659137,16,64,,False,False,Request timeout: 300.0s exceeded,349,21.16838264042747
110,2026-09-14T02:12:23.002+00:00,2026-09-14T02:17:16.740+00:00,2026-09-14T02:17:23.015+00:00,False,93,92.0,,92.0,293737.325115,300013.202491,300013.20250200003,3225.948414,0.09378,293737.325115,30452.07467651678,89.25127140000001,68.21605843478261,20.225946651884584,0.3066531713808824,16,64,,False,False,Request timeout: 300.0s exceeded,393,21.16838264042747
111,2026-09-14T02:12:27.264+00:00,2026-09-14T02:17:20.846+00:00,2026-09-14T02:17:27.305+00:00,False,95,94.0,,94.0,293582.184964,300041.037572,300041.03761500004,3158.3267117368423,0.0394,293582.184964,30113.853735293993,89.21176100000001,68.71119795744681,20.22939377733098,0.31329047773154395,16,64,,False,False,Request timeout: 300.0s exceeded,484,21.16838264042747
112,2026-09-14T02:12:30.473+00:00,2026-09-14T02:17:24.124+00:00,2026-09-14T02:17:30.550+00:00,False,97,96.0,,96.0,293651.074391,300077.453911,300077.453773,3093.5819976597936,0.03473,293651.074391,29808.959274446774,89.42690180000001,66.94145333333334,20.42113744025946,0.3199174038195907,16,64,,False,False,Request timeout: 300.0s exceeded,495,21.16838264042747
113,2026-09-14T02:12:34.925+00:00,2026-09-14T02:17:28.821+00:00,2026-09-14T02:17:34.991+00:00,False,90,89.0,,89.0,293895.884073,300065.824297,300065.824228,3334.0647136444445,0.02146,293895.884073,30972.04508821997,88.15705545,69.32517105617978,19.891012504725737,0.2966015880299295,16,64,,False,False,Request timeout: 300.0s exceeded,195,21.16838264042747
114,2026-09-14T02:12:39.751+00:00,2026-09-14T02:17:33.408+00:00,2026-09-14T02:17:39.774+00:00,False,99,98.0,,98.0,293657.433455,300023.060847,300023.060685,3030.5359665151514,0.0,293657.433455,29507.225350932902,88.4675229,64.95538155102041,65.09836751992609,0.32664155789669835,16,64,,False,False,Request timeout: 300.0s exceeded,333,21.16838264042747
115,2026-09-14T02:12:44.892+00:00,2026-09-14T02:17:38.836+00:00,2026-09-14T02:17:44.922+00:00,False,86,85.0,,85.0,293944.413653,300030.673109,300030.673086,3488.7287568139536,0.038950000000000005,293944.413653,31689.125800761398,89.90813774999998,71.60305242352942,19.06004145251546,0.2833043672475441,16,64,,False,False,Request timeout: 300.0s exceeded,375,21.16838264042747
116,2026-09-14T02:12:49.313+00:00,2026-09-14T02:17:43.122+00:00,2026-09-14T02:17:49.372+00:00,False,93,92.0,,92.0,293809.550468,300059.539844,300059.539765,3226.446664139785,0.02298,293809.550468,30459.593143161615,91.1869332,67.93466713043478,20.02555800056167,0.30660581579186086,16,64,,False,False,Request timeout: 300.0s exceeded,424,21.16838264042747
117,2026-09-14T02:12:53.847+00:00,2026-09-14T02:17:47.483+00:00,2026-09-14T02:17:53.866+00:00,False,99,98.0,,98.0,293635.758396,300018.782268,300018.78234100004,3030.492750919192,0.022709,293635.758396,29504.965196822995,89.26074200000001,65.13289665306122,20.70297298918466,0.3266462161440907,16,64,,False,False,Request timeout: 300.0s exceeded,498,21.16838264042747
118,2026-09-14T02:12:58.439+00:00,2026-09-14T02:17:51.992+00:00,2026-09-14T02:17:58.456+00:00,False,103,102.0,,102.0,293552.374061,300017.012525,300017.012644,2912.7865305242717,0.039270000000000006,293552.374061,28918.33732872731,89.32826709999999,63.37880847058824,20.71229112017387,0.33998072023165843,16,64,,False,False,Request timeout: 300.0s exceeded,434,21.16838264042747
119,2026-09-14T02:13:03.823+00:00,2026-09-14T02:17:57.715+00:00,2026-09-14T02:18:03.862+00:00,False,92,91.0,,91.0,293892.17162599997,300039.00068199995,300039.00079099997,3261.2934868586954,0.02179,293892.17162599997,30633.341382196057,89.41459515000001,67.54757204395604,20.406501561365246,0.3032939044362685,16,64,,False,False,Request timeout: 300.0s exceeded,347,21.16838264042747
120,2026-09-14T02:13:07.786+00:00,2026-09-14T02:18:01.361+00:00,2026-09-14T02:18:07.802+00:00,False,94,93.0,,93.0,293575.3563,300015.589004,300015.589084,3191.6552030212765,0.02097,293575.3563,30272.85026455267,91.13217850000001,69.24981402150537,20.477005708783874,0.3099838921995486,16,64,,False,False,Request timeout: 300.0s exceeded,201,21.16838264042747
121,2026-09-14T02:13:13.104+00:00,2026-09-14T02:18:07.012+00:00,2026-09-14T02:18:13.110+00:00,False,89,88.0,,88.0,293907.7553,300005.51120400004,300005.511339,3370.8484420112363,0.03646,293907.7553,31146.821305417358,90.33736139999999,69.29268072727274,20.333167247626424,0.29332794469952617,16,64,,False,False,Request timeout: 300.0s exceeded,354,21.16838264042747
122,2026-09-14T02:13:16.753+00:00,2026-09-14T02:18:10.693+00:00,2026-09-14T02:18:16.778+00:00,False,90,89.0,,89.0,293940.64262,300025.635132,300025.635176,3333.618168622222,0.02318,293940.64262,30976.86386128956,89.0862585,68.37070238202247,20.202403855133753,0.2966413185354756,16,64,,False,False,Request timeout: 300.0s exceeded,485,21.16838264042747
123,2026-09-14T02:13:20.151+00:00,2026-09-14T02:18:13.582+00:00,2026-09-14T02:18:20.186+00:00,False,98,97.0,,97.0,293430.835194,300035.38713,300035.387151,3061.5855831734693,0.02931,293430.835194,29634.11925208006,87.74420999999998,68.0881642886598,20.050548058755435,0.32329519836928977,16,64,,False,False,Request timeout: 300.0s exceeded,445,21.16838264042747
124,2026-09-14T02:13:25.493+00:00,2026-09-14T02:18:19.010+00:00,2026-09-14T02:18:25.535+00:00,False,98,97.0,,97.0,293517.13984899997,300041.984649,300041.984726,3061.6529053673466,0.0232,293517.13984899997,29642.920106224356,87.742117,67.2664412371134,19.69327207102471,0.32328808954344884,16,64,,False,False,Request timeout: 300.0s exceeded,433,21.16838264042747
125,2026-09-14T02:13:29.197+00:00,2026-09-14T02:18:22.741+00:00,2026-09-14T02:18:29.284+00:00,False,94,93.0,,93.0,293543.788582,300087.518502,300087.518329,3192.420407755319,0.04317,293543.788582,30269.47893503479,90.11456365,70.36268731182795,19.58342660848233,0.30990959058958717,16,64,,False,False,Request timeout: 300.0s exceeded,441,21.16838264042747
126,2026-09-14T02:13:32.393+00:00,2026-09-14T02:18:26.345+00:00,2026-09-14T02:18:32.619+00:00,False,82,81.0,,81.0,293951.751035,300226.63948300004,300226.63954,3661.300482195122,0.025079999999999998,293951.751035,32453.045602193935,91.59072359999999,77.46775861728395,62.80721046572694,0.2697961784453392,16,64,,False,False,Request timeout: 300.0s exceeded,340,21.16838264042747
127,2026-09-14T02:13:36.931+00:00,2026-09-14T02:18:30.681+00:00,2026-09-14T02:18:36.947+00:00,False,97,96.0,,96.0,293750.08310000005,300016.23145200004,300016.231565,3092.950840876289,0.0,293750.08310000005,29819.240307504217,92.12143760000001,65.27237866666667,62.912613086833055,0.31998268738789604,16,64,,False,False,Request timeout: 300.0s exceeded,441,21.16838264042747
128,2026-09-14T02:13:40.312+00:00,2026-09-14T02:18:34.082+00:00,2026-09-14T02:18:40.331+00:00,False,91,90.0,,90.0,293770.061136,300018.291024,300018.291177,3296.9042986483514,0.03685,293770.061136,30788.19878556018,88.608189,69.42477653333333,19.998128703500146,0.2999817100911373,16,64,,False,False,Request timeout: 300.0s exceeded,176,21.16838264042747
129,2026-09-14T02:13:43.596+00:00,2026-09-14T02:18:37.504+00:00,2026-09-14T02:18:43.627+00:00,False,92,91.0,,91.0,293908.469378,300031.25645,300031.256454,3261.209309282609,0.022309000000000002,293908.469378,30635.068471590243,89.4651245,67.28337441758242,20.985801795660056,0.30330173288183754,16,64,,False,False,Request timeout: 300.0s exceeded,385,21.16838264042747
130,2026-09-14T02:13:48.018+00:00,2026-09-14T02:18:42.149+00:00,2026-09-14T02:18:48.051+00:00,False,94,93.0,,93.0,294130.71461699996,300033.15250499995,300033.15237799997,3191.8420465744675,0.03789,294130.71461699996,30330.728059799072,90.77333015,63.467074064516126,21.25182101258474,0.3099657461968313,16,64,,False,False,Request timeout: 300.0s exceeded,318,21.16838264042747
131,2026-09-14T02:13:52.429+00:00,2026-09-14T02:18:46.066+00:00,2026-09-14T02:18:52.436+00:00,False,97,96.0,,96.0,293636.845568,300006.788352,300006.788369,3092.8534883402062,0.02051,293636.845568,29807.574178873892,89.1970594,66.35357066666667,20.320472618775412,0.3199927592550424,16,64,,False,False,Request timeout: 300.0s exceeded,474,21.16838264042747
132,2026-09-14T02:13:55.457+00:00,2026-09-14T02:18:48.821+00:00,2026-09-14T02:18:55.514+00:00,False,98,97.0,,97.0,293364.288214,300057.518038,300057.518073,3061.8114089081632,0.10183,293364.288214,29627.304403607613,90.088711,69.00236931958763,19.687095787379057,0.3232713535533401,16,64,,False,False,Request timeout: 300.0s exceeded,337,21.16838264042747
133,2026-09-14T02:14:00.527+00:00,2026-09-14T02:18:54.130+00:00,2026-09-14T02:19:00.618+00:00,False,107,106.0,,106.0,293603.64701899997,300091.08612299996,300091.08618299995,2804.589590495327,0.01577,293603.64701899997,28378.389398501302,90.85532869999999,61.20225569811321,180.74296700416178,0.3532260866840717,16,64,,False,False,Request timeout: 300.0s exceeded,530,21.16838264042747
134,2026-09-14T02:14:03.911+00:00,2026-09-14T02:18:57.428+00:00,2026-09-14T02:19:03.957+00:00,False,105,104.0,,104.0,293516.219398,300046.052102,300046.052203,2857.581449552381,0.01508,293516.219398,28638.691084174872,90.33442699999999,62.78685292307692,181.31677213522235,0.3466134590720942,16,64,,False,False,Request timeout: 300.0s exceeded,502,21.16838264042747
135,2026-09-14T02:14:08.915+00:00,2026-09-14T02:19:02.633+00:00,2026-09-14T02:19:08.941+00:00,False,96,95.0,,95.0,293718.05902600003,300025.57749000005,300025.577621,3125.2664335520835,0.02552,293718.05902600003,29970.70396948755,88.29711875000001,66.3949312,19.851107588114427,0.31663967050664665,16,64,,False,False,Request timeout: 300.0s exceeded,423,21.16838264042747
136,2026-09-14T02:14:12.909+00:00,2026-09-14T02:19:06.671+00:00,2026-09-14T02:19:12.979+00:00,False,91,90.0,,90.0,293762.022267,300069.465467,300069.46535,3297.466652197802,0.036469,293762.022267,30787.286461976768,89.5597505,70.08270222222222,18.95546868065603,0.29993055061411344,16,64,,False,False,Request timeout: 300.0s exceeded,414,21.16838264042747
137,2026-09-14T02:14:17.119+00:00,2026-09-14T02:19:10.979+00:00,2026-09-14T02:19:17.150+00:00,False,90,89.0,,89.0,293859.91404500004,300031.26687700005,300031.26685700007,3333.680742855556,0.05776,293859.91404500004,30968.251681724436,90.17987439999999,69.34104305617977,19.636995787654854,0.2966357504215925,16,64,,False,False,Request timeout: 300.0s exceeded,415,21.16838264042747
138,2026-09-14T02:14:22.467+00:00,2026-09-14T02:19:16.394+00:00,2026-09-14T02:19:22.492+00:00,False,88,87.0,,87.0,293926.809435,300025.419867,300025.419721,3409.3797695568182,0.023260000000000003,293926.809435,31325.236993267827,89.581695,70.09897048275863,20.147415447499203,0.2899754295438257,16,64,,False,False,Request timeout: 300.0s exceeded,429,21.16838264042747
139,2026-09-14T02:14:26.126+00:00,2026-09-14T02:19:20.179+00:00,2026-09-14T02:19:26.577+00:00,False,88,87.0,,87.0,294053.759115,300451.732107,300451.73210100003,3414.224228420455,0.04271,294053.759115,31338.467246029555,89.78744950000001,73.53991944827587,66.89793587752364,0.28956398217407064,16,64,,False,False,Request timeout: 300.0s exceeded,406,21.16838264042747
140,2026-09-14T02:14:29.183+00:00,2026-09-14T02:19:22.574+00:00,2026-09-14T02:19:29.240+00:00,False,108,107.0,,107.0,293391.638729,300057.012425,300057.012358,2778.3056699814815,0.0,293391.638729,28225.702174111782,91.30101905,62.293212112149526,64.38239078173578,0.3565988981068886,16,64,,False,False,Request timeout: 300.0s exceeded,484,21.16838264042747
141,2026-09-14T02:14:33.092+00:00,2026-09-14T02:19:26.927+00:00,2026-09-14T02:19:33.116+00:00,False,105,104.0,,104.0,293835.209213,300023.70534100005,300023.70530900004,2857.3686219904766,0.02859,293835.209213,28669.579732531976,89.4676712,59.50477046153846,19.53718156880173,0.34663927599252864,16,64,,False,False,Request timeout: 300.0s exceeded,480,21.16838264042747
142,2026-09-14T02:14:38.081+00:00,2026-09-14T02:19:33.200+00:00,2026-09-14T02:19:38.130+00:00,False,77,76.0,,76.0,295118.594984,300048.276392,300048.276313,3896.7308612077927,0.03503,295118.594984,33624.499230902045,87.319923,64.86422905263159,20.199348063338324,0.2532925731614912,16,64,,False,False,Request timeout: 300.0s exceeded,375,21.16838264042747
143,2026-09-14T02:14:43.026+00:00,2026-09-14T02:19:36.552+00:00,2026-09-14T02:19:43.060+00:00,False,99,98.0,,98.0,293525.87811299996,300034.81635299994,300034.81646299997,3030.6547117474743,0.02352,293525.87811299996,29493.79211867525,87.20861490000001,66.41773714285713,19.87230852038859,0.3266287599259816,16,64,,False,False,Request timeout: 300.0s exceeded,441,21.16838264042747
144,2026-09-14T02:14:47.120+00:00,2026-09-14T02:19:40.999+00:00,2026-09-14T02:19:47.172+00:00,False,94,93.0,,93.0,293878.890371,300052.316291,300052.316171,3192.045916712766,0.023399999999999997,293878.890371,30304.453082439588,87.12332065000001,66.38092387096773,20.133640420129375,0.3099459492584144,16,64,,False,False,Request timeout: 300.0s exceeded,361,21.16838264042747
145,2026-09-14T02:14:52.334+00:00,2026-09-14T02:19:45.889+00:00,2026-09-14T02:19:52.403+00:00,False,101,100.0,,100.0,293554.946744,300069.091512,300069.091425,2970.981103217822,0.05571,293554.946744,29203.33454217305,90.03053999999999,65.14144768,20.923091819648697,0.33325658266273295,16,64,,False,False,Request timeout: 300.0s exceeded,489,21.16838264042747
146,2026-09-14T02:14:55.461+00:00,2026-09-14T02:19:49.098+00:00,2026-09-14T02:19:55.523+00:00,False,93,92.0,,92.0,293637.622959,300062.237359,300062.2373,3226.475669892473,0.037649,293637.622959,30441.56815924482,89.0847958,69.8327652173913,19.85274606714047,0.3066030594510615,16,64,,False,False,Request timeout: 300.0s exceeded,388,21.16838264042747
147,2026-09-14T02:14:59.747+00:00,2026-09-14T02:19:53.404+00:00,2026-09-14T02:19:59.840+00:00,False,94,93.0,,93.0,293657.493804,300092.86353200005,300092.86356300005,3192.4772719468087,0.01943,293657.493804,30281.326563247705,87.91418379999999,69.19752395698924,19.03700524516334,0.3099040707113752,16,64,,False,False,Request timeout: 300.0s exceeded,437,21.16838264042747
148,2026-09-14T02:15:04.577+00:00,2026-09-14T02:19:58.282+00:00,2026-09-14T02:20:04.615+00:00,False,96,95.0,,95.0,293705.15581699996,300037.830377,300037.83018999995,3125.3940644791664,0.02863,293705.15581699996,29969.36044107087,90.57913075,66.65973221052631,20.48978770018787,0.3166267396369042,16,64,,False,False,Request timeout: 300.0s exceeded,212,21.16838264042747
149,2026-09-14T02:15:07.818+00:00,2026-09-14T02:20:01.673+00:00,2026-09-14T02:20:07.906+00:00,False,92,91.0,,91.0,293854.671402,300087.751978,300087.751855,3261.8233897282607,0.03434,293854.671402,30629.332813877732,89.72794655,68.49539094505495,20.278812608232265,0.30324463227899884,16,64,,False,False,Request timeout: 300.0s exceeded,407,21.16838264042747
150,2026-09-14T02:15:11.828+00:00,2026-09-14T02:20:05.335+00:00,2026-09-14T02:20:11.927+00:00,False,101,100.0,,100.0,293506.99907599995,300098.74794,300098.74793199997,2971.2747319999994,0.02488,293506.99907599995,29198.486612507917,91.546057,65.91748864,21.285643689438373,0.3332236495035075,16,64,,False,False,Request timeout: 300.0s exceeded,482,21.16838264042747
151,2026-09-14T02:15:15.376+00:00,2026-09-14T02:20:09.039+00:00,2026-09-14T02:20:15.406+00:00,False,95,94.0,,94.0,293662.520962,300029.469826,300029.469923,3158.204946557895,0.02488,293662.520962,30122.196517337732,89.1806437,67.73349855319148,20.49055942616504,0.3133025567605564,16,64,,False,False,Request timeout: 300.0s exceeded,125,21.16838264042747
152,2026-09-14T02:15:19.752+00:00,2026-09-14T02:20:13.273+00:00,2026-09-14T02:20:19.792+00:00,False,95,94.0,,94.0,293520.165679,300039.477551,300039.477407,3158.310288494737,0.03626,293520.165679,30107.42472917205,89.42723699999999,69.35438161702128,20.2683043441639,0.31329210664960616,16,64,,False,False,Request timeout: 300.0s exceeded,184,21.16838264042747
153,2026-09-14T02:15:23.735+00:00,2026-09-14T02:20:17.347+00:00,2026-09-14T02:20:23.776+00:00,False,99,98.0,,98.0,293612.27124000003,300041.27988000005,300041.27965900005,3030.719996555556,0.0,293612.27124000003,29502.624351965038,89.715206,65.60212897959184,66.44158179464267,0.3266217236481413,16,64,,False,False,Request timeout: 300.0s exceeded,592,21.16838264042747
154,2026-09-14T02:15:27.733+00:00,2026-09-14T02:20:21.583+00:00,2026-09-14T02:20:27.787+00:00,False,97,96.0,,96.0,293849.955875,300054.621475,300054.621397,3093.346612340206,0.0,293849.955875,29829.45368172482,90.0436536,64.63193333333334,66.55638346616438,0.31994174769942196,16,64,,False,False,Request timeout: 300.0s exceeded,487,21.16838264042747
155,2026-09-14T02:15:31.275+00:00,2026-09-14T02:20:24.620+00:00,2026-09-14T02:20:31.295+00:00,False,100,99.0,,99.0,293344.936106,300019.389866,300019.38984699995,3000.1938984699996,0.023170000000000003,293344.936106,29327.758527511363,89.2255694,67.41872484848484,20.057368048676338,0.3299786725258562,16,64,,False,False,Request timeout: 300.0s exceeded,430,21.16838264042747
156,2026-09-14T02:15:34.546+00:00,2026-09-14T02:20:27.866+00:00,2026-09-14T02:20:34.643+00:00,False,99,98.0,,98.0,293319.647705,300096.618457,300096.61833900004,3031.2789731212124,0.023809999999999998,293319.647705,29472.790358765917,91.0146249,69.15276277551021,19.949181812290327,0.32656149377451965,16,64,,False,False,Request timeout: 300.0s exceeded,457,21.16838264042747
157,2026-09-14T02:15:38.418+00:00,2026-09-14T02:20:31.762+00:00,2026-09-14T02:20:38.494+00:00,False,93,92.0,,92.0,293343.504838,300075.466182,300075.466167,3226.6179157741935,0.02111,293343.504838,30410.722269308113,88.99197400000001,73.17349286956522,18.488476106158917,0.30658954285919765,16,64,,False,False,Request timeout: 300.0s exceeded,348,21.16838264042747
158,2026-09-14T02:15:43.850+00:00,2026-09-14T02:20:37.508+00:00,2026-09-14T02:20:43.915+00:00,False,92,91.0,,91.0,293657.7955,300064.2787,300064.278826,3261.5682481086956,0.025629000000000002,293657.7955,30608.60811558614,89.33289305,70.40091428571428,19.8058459207343,0.3032683543481045,16,64,,False,False,Request timeout: 300.0s exceeded,424,21.16838264042747
159,2026-09-14T02:15:48.197+00:00,2026-09-14T02:20:41.773+00:00,2026-09-14T02:20:48.245+00:00,False,95,94.0,,94.0,293576.093111,300048.295095,300048.295119,3158.4031065157897,0.02491,293576.093111,30113.214803733164,90.4862927,68.85321259574468,21.18426433114881,0.31328289990862346,16,64,,False,False,Request timeout: 300.0s exceeded,419,21.16838264042747
160,2026-09-14T02:15:52.208+00:00,2026-09-14T02:20:45.922+00:00,2026-09-14T02:20:52.266+00:00,False,94,93.0,,93.0,293713.338008,300057.501848,300057.502016,3192.1010852765958,0.038119999999999994,293713.338008,30287.18950096248,90.46344265000002,68.21681548387097,21.875885117674663,0.3099405928104773,16,64,,False,False,Request timeout: 300.0s exceeded,352,21.16838264042747
161,2026-09-14T02:15:56.878+00:00,2026-09-14T02:20:50.846+00:00,2026-09-14T02:20:56.928+00:00,False,90,89.0,,89.0,293968.542218,300050.80065,300050.800718,3333.8977857555556,0.0209,293968.542218,30979.80795686629,88.99935545,68.33998238202247,20.17477035956894,0.29661643897366485,16,64,,False,False,Request timeout: 300.0s exceeded,442,21.16838264042747
162,2026-09-14T02:16:00.193+00:00,2026-09-14T02:20:53.987+00:00,2026-09-14T02:21:00.241+00:00,False,91,90.0,,90.0,293793.87460000004,300048.10231200006,300048.102237,3297.231892714286,0.046740000000000004,293793.87460000004,30790.687736718166,87.8679845,69.49141902222222,19.378366562630063,0.2999519053995382,16,64,,False,False,Request timeout: 300.0s exceeded,424,21.16838264042747
163,2026-09-14T02:16:04.769+00:00,2026-09-14T02:20:58.303+00:00,2026-09-14T02:21:04.779+00:00,False,96,95.0,,95.0,293534.156408,300010.276472,300010.276486,3125.1070467291665,0.03782,293534.156408,29951.753452108118,88.53649100000001,68.16968488421053,19.996624289906304,0.31665581965111905,16,64,,False,False,Request timeout: 300.0s exceeded,309,21.16838264042747
164,2026-09-14T02:16:07.881+00:00,2026-09-14T02:21:01.634+00:00,2026-09-14T02:21:07.927+00:00,False,91,90.0,,90.0,293752.476259,300045.21686700004,300045.216765,3297.2001842307695,0.023280000000000002,293752.476259,30786.303593655368,89.064627,69.91934008888889,20.07230185458168,0.29995478994718977,16,64,,False,False,Request timeout: 300.0s exceeded,331,21.16838264042747
165,2026-09-14T02:16:13.069+00:00,2026-09-14T02:21:06.811+00:00,2026-09-14T02:21:13.112+00:00,False,91,90.0,,90.0,293741.270574,300042.651694,300042.651712,3297.171996835165,0.04144,293741.270574,30785.11899987407,89.98329949999999,70.01534577777778,20.29628822653921,0.299957354369028,16,64,,False,False,Request timeout: 300.0s exceeded,387,21.16838264042747
166,2026-09-14T02:16:17.985+00:00,2026-09-14T02:21:11.876+00:00,2026-09-14T02:21:18.015+00:00,False,94,93.0,,93.0,293891.58441799995,300029.894306,300029.894261,3191.8073857553186,0.0,293891.58441799995,30305.87235146805,89.4375828,66.00333212903226,68.97521508712674,0.3099691122950217,16,64,,False,False,Request timeout: 300.0s exceeded,432,21.16838264042747
167,2026-09-14T02:16:21.086+00:00,2026-09-14T02:21:15.002+00:00,2026-09-14T02:21:21.118+00:00,False,97,96.0,,96.0,293915.472259,300031.336323,300031.33628,3093.106559587629,0.0,293915.472259,29836.202622979145,92.22158580000001,63.70691733333334,67.83775869500526,0.31996657807986695,16,64,,False,False,Request timeout: 300.0s exceeded,274,21.16838264042747
168,2026-09-14T02:16:25.603+00:00,2026-09-14T02:21:19.491+00:00,2026-09-14T02:21:25.637+00:00,False,93,92.0,,92.0,293888.00268599996,300033.28627,300033.28621299996,3226.16436788172,0.020300000000000002,293888.00268599996,30467.84586215775,88.07569960000001,66.79656069565218,19.382431591506844,0.3066326444766838,16,64,,False,False,Request timeout: 300.0s exceeded,367,21.16838264042747
169,2026-09-14T02:16:28.818+00:00,2026-09-14T02:21:22.310+00:00,2026-09-14T02:21:28.893+00:00,False,98,97.0,,97.0,293491.659065,300074.899769,300074.89962800004,3061.988771714286,0.03515,293491.659065,29640.28529918435,87.0966555,67.86846086597939,19.621937152462888,0.32325262817606987,16,64,,False,False,Request timeout: 300.0s exceeded,435,21.16838264042747
170,2026-09-14T02:16:32.743+00:00,2026-09-14T02:21:25.718+00:00,2026-09-14T02:21:32.858+00:00,False,107,106.0,,106.0,292974.939084,300115.03406000003,300115.03406000003,2804.8134024299065,0.02572,292974.939084,28316.451923455694,89.34755799999999,67.35938656603773,20.57195803202547,0.35319790070499474,16,64,,False,False,Request timeout: 300.0s exceeded,520,21.16838264042747
171,2026-09-14T02:16:36.306+00:00,2026-09-14T02:21:30.273+00:00,2026-09-14T02:21:36.327+00:00,False,94,93.0,,93.0,293966.93089099997,300021.459147,300021.45902099996,3191.717649159574,0.02321,293966.93089099997,30313.66620149112,91.17266885,65.1024543655914,20.984270973533164,0.30997782713413596,16,64,,False,False,Request timeout: 300.0s exceeded,399,21.16838264042747
172,2026-09-14T02:16:39.865+00:00,2026-09-14T02:21:34.170+00:00,2026-09-14T02:21:39.907+00:00,False,85,84.0,,84.0,294305.258181,300042.773189,300042.77336,3529.9149807058825,0.01883,294305.258181,31914.484533139996,87.35688780000001,68.30375009523809,19.5513297269304,0.27996008404804185,16,64,,False,False,Request timeout: 300.0s exceeded,397,21.16838264042747
173,2026-09-14T02:16:43.712+00:00,2026-09-14T02:21:37.285+00:00,2026-09-14T02:21:43.741+00:00,False,101,100.0,,100.0,293572.376073,300028.83226500003,300028.832285,2970.582497871287,0.03481,293572.376073,29205.125615953082,88.484603,64.56456192,20.043149191099776,0.33330130056192453,16,64,,False,False,Request timeout: 300.0s exceeded,193,21.16838264042747
174,2026-09-14T02:16:47.335+00:00,2026-09-14T02:21:40.793+00:00,2026-09-14T02:21:47.341+00:00,False,113,112.0,,112.0,293458.088049,300006.595441,300006.595446,2654.9256234159293,0.01533,293458.088049,27601.444455945384,89.0809358,58.468816,201.64438598447896,0.373325125853862,16,64,,False,False,Request timeout: 300.0s exceeded,562,21.16838264042747
175,2026-09-14T02:16:51.872+00:00,2026-09-14T02:21:46.562+00:00,2026-09-14T02:21:51.957+00:00,False,82,81.0,,81.0,294690.095366,300085.06035800005,300085.06045800005,3659.5739080243907,0.033329,294690.095366,32535.727956841667,89.15667305,66.60450607407408,20.282327880087998,0.2699234673774409,16,64,,False,False,Request timeout: 300.0s exceeded,334,21.16838264042747
176,2026-09-14T02:16:56.547+00:00,2026-09-14T02:21:50.068+00:00,2026-09-14T02:21:56.593+00:00,False,98,97.0,,97.0,293520.909094,300045.910566,300045.9108,3061.692967346939,0.023829999999999997,293520.909094,29643.300993244462,87.68038285,67.26805641237112,20.143162097363906,0.32328385951676974,16,64,,False,False,Request timeout: 300.0s exceeded,445,21.16838264042747
177,2026-09-14T02:17:01.492+00:00,2026-09-14T02:21:55.218+00:00,2026-09-14T02:22:01.514+00:00,False,95,94.0,,94.0,293726.561098,300022.554442,300022.554418,3158.132151768421,0.024079999999999997,293726.561098,30128.84412896693,89.736204,66.97865259574469,20.173235586397332,0.3133097782425953,16,64,,False,False,Request timeout: 300.0s exceeded,493,21.16838264042747
178,2026-09-14T02:17:06.523+00:00,2026-09-14T02:22:00.210+00:00,2026-09-14T02:22:06.591+00:00,False,97,96.0,,96.0,293686.718883,300068.136867,300068.13698300003,3093.485948278351,0.02492,293686.718883,29812.625789599206,89.72279420000001,66.473104,20.14307051836393,0.31992733717858995,16,64,,False,False,Request timeout: 300.0s exceeded,472,21.16838264042747
179,2026-09-14T02:17:09.781+00:00,2026-09-14T02:22:03.270+00:00,2026-09-14T02:22:09.817+00:00,False,100,99.0,,99.0,293488.507306,300036.005802,300036.005875,3000.36005875,0.03714,293488.507306,29342.244312368297,88.88622945000002,66.13634844444445,20.68402542601113,0.3299603983707614,16,64,,False,False,Request timeout: 300.0s exceeded,478,21.16838264042747
180,2026-09-14T02:17:12.755+00:00,2026-09-14T02:22:06.039+00:00,2026-09-14T02:22:12.827+00:00,False,105,104.0,,104.0,293284.190349,300072.787341,300072.787449,2857.836070942857,0.0,293284.190349,28615.311190896038,90.3749598,65.27497107692308,65.87684050058961,0.34658257725254954,16,64,,False,False,Request timeout: 300.0s exceeded,542,21.16838264042747
181,2026-09-14T02:17:16.721+00:00,2026-09-14T02:22:10.318+00:00,2026-09-14T02:22:16.787+00:00,False,105,104.0,,104.0,293596.900556,300066.288844,300066.28875,2857.774178571429,0.0,293596.900556,28646.128154035483,87.96536639999998,62.20565661538462,65.92859864571088,0.34659008314682105,16,64,,False,False,Request timeout: 300.0s exceeded,541,21.16838264042747
182,2026-09-14T02:17:20.649+00:00,2026-09-14T02:22:14.221+00:00,2026-09-14T02:22:20.671+00:00,False,94,93.0,,93.0,293572.179533,300021.979981,300021.979988,3191.723191361702,0.02638,293572.179533,30272.51133954734,88.49256465,69.3526929892473,19.47274851956792,0.30997728901692323,16,64,,False,False,Request timeout: 300.0s exceeded,450,21.16838264042747
183,2026-09-14T02:17:25.484+00:00,2026-09-14T02:22:19.098+00:00,2026-09-14T02:22:25.525+00:00,False,97,96.0,,96.0,293614.213883,300041.459707,300041.45953600004,3093.2109230515466,0.04482,293614.213883,29805.216059967115,91.0309034,66.95047733333334,20.885482330819194,0.31995578242335926,16,64,,False,False,Request timeout: 300.0s exceeded,464,21.16838264042747
184,2026-09-14T02:17:29.325+00:00,2026-09-14T02:22:23.078+00:00,2026-09-14T02:22:29.356+00:00,False,95,94.0,,94.0,293753.00320499996,300030.907845,300030.90774299996,3158.220081505263,0.0208,293753.00320499996,30131.576944285545,89.69707969999999,66.78621957446808,20.427821674005337,0.31330105513183215,16,64,,False,False,Request timeout: 300.0s exceeded,465,21.16838264042747
185,2026-09-14T02:17:34.333+00:00,2026-09-14T02:22:27.898+00:00,2026-09-14T02:22:34.405+00:00,False,95,94.0,,94.0,293565.611369,300071.961449,300071.961525,3158.652226578947,0.0312,293565.611369,30112.101718954735,89.965829,69.21649021276596,20.587582735716783,0.31325819162206586,16,64,,False,False,Request timeout: 300.0s exceeded,226,21.16838264042747
186,2026-09-14T02:17:38.326+00:00,2026-09-14T02:22:32.110+00:00,2026-09-14T02:22:38.360+00:00,False,90,89.0,,89.0,293784.86069400003,300034.937878,300034.93791100004,3333.7215323444448,0.049479999999999996,293784.86069400003,30960.24837202403,92.25833595,70.22558633707865,21.53184156564933,0.29663212101048414,16,64,,False,False,Request timeout: 300.0s exceeded,234,21.16838264042747
187,2026-09-14T02:17:43.335+00:00,2026-09-14T02:22:36.796+00:00,2026-09-14T02:22:43.380+00:00,False,96,95.0,,95.0,293460.773088,300045.006048,300045.006209,3125.4688146770836,0.04208,293460.773088,29944.14876458711,91.65176175,69.30771536842104,21.617496249406067,0.316619167408513,16,64,,False,False,Request timeout: 300.0s exceeded,379,21.16838264042747
188,2026-09-14T02:17:46.579+00:00,2026-09-14T02:22:40.116+00:00,2026-09-14T02:22:46.621+00:00,False,95,94.0,,94.0,293537.134281,300041.995721,300041.995751,3158.3367973789473,0.03805,293537.134281,30109.181986228126,91.20764739999998,69.20065361702127,21.068779192221392,0.313289477275067,16,64,,False,False,Request timeout: 300.0s exceeded,363,21.16838264042747
189,2026-09-14T02:17:51.091+00:00,2026-09-14T02:22:44.673+00:00,2026-09-14T02:22:51.132+00:00,False,96,95.0,,95.0,293582.402724,300041.402788,300041.40272,3125.431278333333,0.0308,293582.402724,29956.69550620073,87.58297499999999,67.98947435789474,19.292961954614743,0.3166229697543577,16,64,,False,False,Request timeout: 300.0s exceeded,502,21.16838264042747
190,2026-09-14T02:17:54.693+00:00,2026-09-14T02:22:48.397+00:00,2026-09-14T02:22:54.773+00:00,False,96,95.0,,95.0,293704.37935299997,300080.69807299995,300080.69811399997,3125.840605354166,0.04076,293704.37935299997,29969.233309461306,86.51663525,67.11914442105264,18.96155496414271,0.3165815082744494,16,64,,False,False,Request timeout: 300.0s exceeded,466,21.16838264042747
191,2026-09-14T02:17:58.606+00:00,2026-09-14T02:22:52.510+00:00,2026-09-14T02:22:58.616+00:00,False,92,91.0,,91.0,293903.52148,300010.314184,300010.31413,3260.981675326087,0.02249,293903.52148,30634.571353005267,90.96166855,67.10761213186814,21.583573765012577,0.3033229049058246,16,64,,False,False,Request timeout: 300.0s exceeded,360,21.16838264042747
192,2026-09-14T02:18:03.619+00:00,2026-09-14T02:22:57.426+00:00,2026-09-14T02:23:03.631+00:00,False,90,89.0,,89.0,293807.515443,300012.590387,300012.590456,3333.473227288889,0.02798,293807.515443,30962.689171428043,90.7242265,69.71994319101124,20.76233872000751,0.2966542166953554,16,64,,False,False,Request timeout: 300.0s exceeded,200,21.16838264042747
193,2026-09-14T02:18:07.620+00:00,2026-09-14T02:23:01.584+00:00,2026-09-14T02:23:07.667+00:00,False,94,93.0,,93.0,293963.16285100003,300046.51312300004,300046.513311,3191.984184159575,0.0,293963.16285100003,30313.314794467864,87.802029,65.41236851612904,68.42095019642998,0.30995194389036573,16,64,,False,False,Request timeout: 300.0s exceeded,438,21.16838264042747
194,2026-09-14T02:18:11.187+00:00,2026-09-14T02:23:04.763+00:00,2026-09-14T02:23:11.222+00:00,False,101,100.0,,100.0,293576.250405,300035.305509,300035.305361,2970.646587732673,0.0,293576.250405,29205.57682329792,88.185574,64.59055104,66.56192871462203,0.3332941096060455,16,64,,False,False,Request timeout: 300.0s exceeded,535,21.16838264042747
195,2026-09-14T02:18:15.291+00:00,2026-09-14T02:23:08.856+00:00,2026-09-14T02:23:15.349+00:00,False,94,93.0,,93.0,293564.395487,300057.978335,300057.978429,3192.1061535,0.0368,293564.395487,30271.66015705445,89.39591915000001,69.82347148387097,19.842559025344034,0.3099401006300525,16,64,,False,False,Request timeout: 300.0s exceeded,434,21.16838264042747
196,2026-09-14T02:18:19.311+00:00,2026-09-14T02:23:13.113+00:00,2026-09-14T02:23:19.366+00:00,False,87,86.0,,86.0,293802.434891,300054.495563,300054.495735,3448.902249827586,0.04423,293802.434891,31491.1393706089,90.47499830000001,72.69837990697674,19.770646397012538,0.28661460258622684,16,64,,False,False,Request timeout: 300.0s exceeded,348,21.16838264042747
197,2026-09-14T02:18:24.672+00:00,2026-09-14T02:23:18.482+00:00,2026-09-14T02:23:24.762+00:00,False,94,93.0,,93.0,293809.908594,300090.02891399997,300090.028718,3192.4471140212763,0.019739999999999997,293809.908594,30297.220261484566,90.13431815,67.52817548387097,20.783921850261944,0.30990699803175403,16,64,,False,False,Request timeout: 300.0s exceeded,398,21.16838264042747
198,2026-09-14T02:18:29.916+00:00,2026-09-14T02:23:23.263+00:00,2026-09-14T02:23:29.940+00:00,False,99,98.0,,98.0,293347.72076999996,300024.40147399995,300024.401286,3030.5495079393936,0.03302,293347.72076999996,29475.71464604854,88.457905,68.1293949387755,19.9288165291058,0.3266400983337772,16,64,,False,False,Request timeout: 300.0s exceeded,328,21.16838264042747
199,2026-09-14T02:18:34.789+00:00,2026-09-14T02:23:28.335+00:00,2026-09-14T02:23:34.828+00:00,False,100,99.0,,99.0,293545.88499800005,300039.19034200005,300039.19032200007,3000.3919032200006,0.03032,293545.88499800005,29348.03728264414,90.63540845,65.58894286868687,21.335751217947873,0.32995689625463503,16,64,,False,False,Request timeout: 300.0s exceeded,461,21.16838264042747
200,2026-09-14T02:18:38.755+00:00,2026-09-14T02:23:32.241+00:00,2026-09-14T02:23:38.824+00:00,False,96,95.0,,95.0,293486.29944,300068.510768,300068.51063699997,3125.71365246875,0.03211,293486.29944,29946.75512641483,89.96394250000002,69.28643503157895,20.04532509682218,0.3165943662560778,16,64,,False,False,Request timeout: 300.0s exceeded,483,21.16838264042747
201,2026-09-14T02:18:42.445+00:00,2026-09-14T02:23:35.887+00:00,2026-09-14T02:23:42.502+00:00,False,96,95.0,,95.0,293441.58533200005,300056.88056400005,300056.88050800003,3125.5925052916673,0.04015,293441.58533200005,29942.15518606099,88.86827950000001,69.63468665263159,18.82545309825595,0.31660663745298506,16,64,,False,False,Request timeout: 300.0s exceeded,404,21.16838264042747
202,2026-09-14T02:18:47.060+00:00,2026-09-14T02:23:40.590+00:00,2026-09-14T02:23:47.111+00:00,False,99,98.0,,98.0,293530.400572,300050.860348,300050.86022900004,3030.816769989899,0.02048,293530.400572,29494.234539420726,87.15906899999999,66.5353038367347,19.436084693547148,0.3266112947862881,16,64,,False,False,Request timeout: 300.0s exceeded,425,21.16838264042747
203,2026-09-14T02:18:51.753+00:00,2026-09-14T02:23:45.661+00:00,2026-09-14T02:23:51.836+00:00,False,92,91.0,,91.0,293908.159744,300083.2,300083.19989,3261.773911847826,0.03427,293908.159744,30634.975787614847,89.03945100000001,67.85758523076923,20.177683170811413,0.30324923221293293,16,64,,False,False,Request timeout: 300.0s exceeded,418,21.16838264042747
204,2026-09-14T02:18:55.805+00:00,2026-09-14T02:23:49.250+00:00,2026-09-14T02:23:55.841+00:00,False,94,93.0,,93.0,293445.437889,300035.767489,300035.767498,3191.869867,0.02644,293445.437889,30259.283371389505,90.33722065,70.86375913978495,19.917182964408894,0.3099630446673649,16,64,,False,False,Request timeout: 300.0s exceeded,356,21.16838264042747
205,2026-09-14T02:19:00.243+00:00,2026-09-14T02:23:53.550+00:00,2026-09-14T02:24:00.315+00:00,False,108,107.0,,107.0,293306.298031,300071.33713500004,300071.337202,2778.4383074259263,0.023129999999999998,293306.298031,28217.33540757906,90.34842305000001,63.22466452336448,20.693000779218107,0.3565818749021718,16,64,,False,False,Request timeout: 300.0s exceeded,434,21.16838264042747
206,2026-09-14T02:19:03.426+00:00,2026-09-14T02:23:57.281+00:00,2026-09-14T02:24:03.436+00:00,False,104,103.0,,103.0,293855.788686,300010.11393399996,300010.113889,2884.7126335480766,0.0,293855.788686,28809.146735108025,92.82374610000001,59.7507305631068,66.05577956129356,0.34332175888796623,16,64,,False,False,Request timeout: 300.0s exceeded,540,21.16838264042747
207,2026-09-14T02:19:06.765+00:00,2026-09-14T02:24:01.357+00:00,2026-09-14T02:24:06.787+00:00,False,93,92.0,,92.0,294591.92479,300022.14405400003,300022.14393300004,3226.044558419355,0.0,294591.92479,30541.652841278712,89.982782,59.02412243478261,29.183183869150856,0.30664403219330777,16,64,,False,False,Request timeout: 300.0s exceeded,543,21.16838264042747
208,2026-09-14T02:19:10.036+00:00,2026-09-14T02:24:04.200+00:00,2026-09-14T02:24:10.081+00:00,False,90,89.0,,89.0,294163.806192,300044.221168,300044.22118399997,3333.824679822222,0.023170000000000003,294163.806192,31000.629693555067,88.9602029,66.07207838202247,20.25669895700073,0.2966229432899737,16,64,,False,False,Request timeout: 300.0s exceeded,340,21.16838264042747
209,2026-09-14T02:19:13.829+00:00,2026-09-14T02:24:07.936+00:00,2026-09-14T02:24:13.845+00:00,False,89,88.0,,88.0,294107.267481,300016.416921,300016.416812,3370.97097541573,0.023309999999999997,294107.267481,31168.196460317864,87.75462599999999,67.14942545454545,19.90319234670554,0.2933172821111722,16,64,,False,False,Request timeout: 300.0s exceeded,364,21.16838264042747
210,2026-09-14T02:19:18.859+00:00,2026-09-14T02:24:12.656+00:00,2026-09-14T02:24:18.905+00:00,False,93,92.0,,92.0,293796.376859,300045.54524300003,300045.545253,3226.2961855161293,0.03817,293796.376859,30458.228417869894,90.427173,67.92574330434783,20.61470096429473,0.3066201163743034,16,64,,False,False,Request timeout: 300.0s exceeded,294,21.16838264042747
211,2026-09-14T02:19:24.270+00:00,2026-09-14T02:24:18.236+00:00,2026-09-14T02:24:24.286+00:00,False,89,88.0,,88.0,293965.867273,300015.99232900003,300015.992407,3370.9662068202247,0.0206,293965.867273,31153.03816003751,89.64313120000001,68.75142109090909,19.744518334579034,0.29331769722294826,16,64,,False,False,Request timeout: 300.0s exceeded,201,21.16838264042747
212,2026-09-14T02:19:28.429+00:00,2026-09-14T02:24:21.864+00:00,2026-09-14T02:24:28.463+00:00,False,99,98.0,,98.0,293434.812495,300034.09108700004,300034.09110900003,3030.647384939394,0.026829000000000002,293434.812495,29484.54682414375,87.4008918,67.33957746938775,19.55607012686967,0.3266295494787065,16,64,,False,False,Request timeout: 300.0s exceeded,449,21.16838264042747
213,2026-09-14T02:19:33.313+00:00,2026-09-14T02:24:27.163+00:00,2026-09-14T02:24:33.326+00:00,False,95,94.0,,94.0,293850.589639,300013.690055,300013.690164,3158.038843831579,0.02043,293850.589639,30141.714170648454,89.00674670000001,65.5648980425532,20.077422602828822,0.31331903548390555,16,64,,False,False,Request timeout: 300.0s exceeded,523,21.16838264042747
214,2026-09-14T02:19:37.796+00:00,2026-09-14T02:24:31.288+00:00,2026-09-14T02:24:37.882+00:00,False,98,97.0,,97.0,293491.45887800003,300086.01734200004,300086.01718200004,3062.1022161428573,0.03824,293491.45887800003,29640.253771153857,88.6546497,67.98513880412372,20.34158415101007,0.32324065232753474,16,64,,False,False,Request timeout: 300.0s exceeded,496,21.16838264042747
215,2026-09-14T02:19:42.538+00:00,2026-09-14T02:24:36.219+00:00,2026-09-14T02:24:42.567+00:00,False,91,90.0,,90.0,293681.64983999997,300029.91147199995,300029.91131299996,3297.0319924505493,0.03961,293681.64983999997,30778.814440249127,88.5630375,70.53624035555555,20.28790503799262,0.2999700915100233,16,64,,False,False,Request timeout: 300.0s exceeded,135,21.16838264042747
216,2026-09-14T02:19:45.927+00:00,2026-09-14T02:24:39.467+00:00,2026-09-14T02:24:47.554+00:00,False,87,86.0,,86.0,293540.02703899995,301627.25955099997,301627.25966099993,3466.979996103448,0.03345,293540.02703899995,31461.515717538477,90.54548070000001,94.0375873488372,226.14997681931507,0.28512011854637725,16,64,,False,False,Request timeout: 300.0s exceeded,166,21.16838264042747
217,2026-09-14T02:19:49.142+00:00,2026-09-14T02:24:42.567+00:00,2026-09-14T02:24:49.170+00:00,False,110,109.0,,109.0,293424.90418400004,300028.67276000004,300028.672657,2727.5333877909093,0.015529999999999999,293424.90418400004,27971.960720852658,92.13978515000001,60.58503280733945,208.55927388012094,0.3632986107537517,16,64,,False,False,Request timeout: 300.0s exceeded,509,21.16838264042747
218,2026-09-14T02:19:53.589+00:00,2026-09-14T02:24:48.749+00:00,2026-09-14T02:24:53.643+00:00,False,70,69.0,,69.0,295159.62672,300054.465504,300054.465463,4286.492363757143,0.03603,295159.62672,35269.85055901184,89.80503755,70.93969252173912,21.497091256035983,0.22995825069325676,16,64,,False,False,Request timeout: 300.0s exceeded,341,21.16838264042747
219,2026-09-14T02:19:57.777+00:00,2026-09-14T02:24:51.610+00:00,2026-09-14T02:24:57.791+00:00,False,94,93.0,,93.0,293832.94537000003,300013.60841000004,300013.608438,3191.634132319149,0.0,293832.94537000003,30299.77730840511,88.482126,66.4587423655914,69.00602787300386,0.309985938614177,16,64,,False,False,Request timeout: 300.0s exceeded,400,21.16838264042747
220,2026-09-14T02:20:03.154+00:00,2026-09-14T02:24:57.242+00:00,2026-09-14T02:25:03.199+00:00,False,91,90.0,,90.0,294087.709277,300044.639325,300044.639368,3297.193839208791,0.02166,294087.709277,30821.83650270841,86.50993750000002,66.18811164444445,19.773055689060723,0.29995536731624295,16,64,,False,False,Request timeout: 300.0s exceeded,312,21.16838264042747
221,2026-09-14T02:20:06.647+00:00,2026-09-14T02:25:00.332+00:00,2026-09-14T02:25:06.702+00:00,False,96,95.0,,95.0,293684.93162,300055.598628,300055.598617,3125.5791522604163,0.02675,293684.93162,29967.255100017683,87.31586325,67.05965271578947,19.887974293070034,0.31660799010045526,16,64,,False,False,Request timeout: 300.0s exceeded,459,21.16838264042747
222,2026-09-14T02:20:10.524+00:00,2026-09-14T02:25:04.098+00:00,2026-09-14T02:25:10.576+00:00,False,96,95.0,,95.0,293573.27265,300051.902538,300051.902559,3125.54065165625,0.02136,293573.27265,29955.742903246828,87.6320875,68.19610408421053,19.789164461325143,0.31661189013113733,16,64,,False,False,Request timeout: 300.0s exceeded,397,21.16838264042747
223,2026-09-14T02:20:13.693+00:00,2026-09-14T02:25:07.490+00:00,2026-09-14T02:25:13.761+00:00,False,88,87.0,,87.0,293796.94904900005,300067.93221700005,300067.93224700005,3409.862866443182,0.0376,293796.94904900005,31311.182404130624,89.30989734999999,72.08026629885057,19.79646672012131,0.2899343470567332,16,64,,False,False,Request timeout: 300.0s exceeded,391,21.16838264042747
224,2026-09-14T02:20:17.504+00:00,2026-09-14T02:25:11.290+00:00,2026-09-14T02:25:17.547+00:00,False,91,90.0,,90.0,293785.57832599996,300042.871894,300042.87171299994,3297.174414428571,0.02609,293785.57832599996,30789.815265304187,90.349594,69.52548408888889,20.60125207274055,0.29995713423178894,16,64,,False,False,Request timeout: 300.0s exceeded,304,21.16838264042747
225,2026-09-14T02:20:22.917+00:00,2026-09-14T02:25:16.657+00:00,2026-09-14T02:25:22.939+00:00,False,94,93.0,,93.0,293739.610669,300022.13943700003,300022.13925,3191.724885638298,0.04586,293739.610669,30289.967004667105,89.66967265,67.55407277419356,20.916001457113143,0.3099771242699526,16,64,,False,False,Request timeout: 300.0s exceeded,576,21.16838264042747
226,2026-09-14T02:20:26.418+00:00,2026-09-14T02:25:20.113+00:00,2026-09-14T02:25:26.504+00:00,False,96,95.0,,95.0,293695.01658399997,300085.83872799994,300085.83888799994,3125.894155083333,0.04303,293695.01658399997,29968.263317047105,88.79068524999998,67.27181204210525,20.75030588726555,0.31657608503848367,16,64,,False,False,Request timeout: 300.0s exceeded,434,21.16838264042747
227,2026-09-14T02:20:30.824+00:00,2026-09-14T02:25:24.560+00:00,2026-09-14T02:25:30.833+00:00,False,89,88.0,,88.0,293735.82497,300008.477258,300008.477146,3370.8817656853935,0.02293,293735.82497,31128.386238115854,91.1499156,71.28013963636364,20.605862275084206,0.2933250446930609,16,64,,False,False,Request timeout: 300.0s exceeded,117,21.16838264042747
228,2026-09-14T02:20:34.068+00:00,2026-09-14T02:25:28.030+00:00,2026-09-14T02:25:34.154+00:00,False,87,86.0,,86.0,293961.813776,300085.47790399997,300085.477876,3449.2583663908044,0.03714,293961.813776,31508.386906088457,91.965682,71.20539683720929,20.191793389467655,0.28658501104645984,16,64,,False,False,Request timeout: 300.0s exceeded,352,21.16838264042747
229,2026-09-14T02:20:37.549+00:00,2026-09-14T02:25:31.710+00:00,2026-09-14T02:25:37.595+00:00,False,87,86.0,,86.0,294160.94556900003,300046.558625,300046.55864000006,3448.8110188505752,0.034390000000000004,294160.94556900003,31530.032626946893,89.24285099999999,68.43736111627906,19.859798717961183,0.28662218421736113,16,64,,False,False,Request timeout: 300.0s exceeded,357,21.16838264042747
230,2026-09-14T02:20:41.319+00:00,2026-09-14T02:25:35.131+00:00,2026-09-14T02:25:41.402+00:00,False,93,92.0,,92.0,293812.761966,300083.237486,300083.237534,3226.701478860215,0.0233,293812.761966,30459.903076622286,88.9586216,68.15734260869566,20.03665360981372,0.30658160306035803,16,64,,False,False,Request timeout: 300.0s exceeded,472,21.16838264042747
231,2026-09-14T02:20:45.607+00:00,2026-09-14T02:25:39.206+00:00,2026-09-14T02:25:45.679+00:00,False,98,97.0,,97.0,293599.53682,300072.27435599995,300072.27444199997,3061.961984102041,0.03096,293599.53682,29651.298327059496,88.8510925,66.7292529484536,20.596697373898674,0.32325545640021736,16,64,,False,False,Request timeout: 300.0s exceeded,402,21.16838264042747
232,2026-09-14T02:20:49.907+00:00,2026-09-14T02:25:44.244+00:00,2026-09-14T02:25:49.957+00:00,False,80,79.0,,79.0,294337.40566399996,300050.334176,300050.334322,3750.6291790249993,0.022019999999999998,294337.40566399996,32899.84287801084,89.658527,72.31555078481013,19.375806294177824,0.26328915852385326,16,64,,False,False,Request timeout: 300.0s exceeded,358,21.16838264042747
233,2026-09-14T02:20:54.413+00:00,2026-09-14T02:25:47.997+00:00,2026-09-14T02:25:54.421+00:00,False,101,100.0,,100.0,293583.951152,300008.516656,300008.516563,2970.381352108911,0.0,293583.951152,29206.380825262968,89.021471,64.24565504,68.0663486593038,0.33332387065085695,16,64,,False,False,Request timeout: 300.0s exceeded,512,21.16838264042747
234,2026-09-14T02:20:58.597+00:00,2026-09-14T02:25:52.778+00:00,2026-09-14T02:25:58.633+00:00,False,88,87.0,,87.0,294181.879371,300036.438859,300036.438845,3409.5049868749998,0.06989,294181.879371,31352.727265354384,89.39789034999998,67.2937872183908,21.21750110772739,0.2899647800475496,16,64,,False,False,Request timeout: 300.0s exceeded,361,21.16838264042747
235,2026-09-14T02:21:04.060+00:00,2026-09-14T02:25:57.597+00:00,2026-09-14T02:26:04.126+00:00,False,94,93.0,,93.0,293537.07151499996,300066.28828299994,300066.28840499994,3192.1945574999995,0.03535,293537.07151499996,30268.802265152524,88.244377,70.20663191397848,19.656704707411663,0.30993151723958207,16,64,,False,False,Request timeout: 300.0s exceeded,407,21.16838264042747
236,2026-09-14T02:21:08.635+00:00,2026-09-14T02:26:02.194+00:00,2026-09-14T02:26:08.649+00:00,False,99,98.0,,98.0,293559.30285000004,300013.52493,300013.524869,3030.4396451414145,0.0366,293559.30285000004,29497.207766889343,87.917824,65.85940897959183,20.20284319954386,0.3266519401845821,16,64,,False,False,Request timeout: 300.0s exceeded,455,21.16838264042747
237,2026-09-14T02:21:13.418+00:00,2026-09-14T02:26:07.149+00:00,2026-09-14T02:26:13.465+00:00,False,95,94.0,,94.0,293731.092251,300047.216923,300047.21695,3158.391757368421,0.026029,293731.092251,30129.28747657877,88.649937,67.19281565957446,20.818006176624678,0.31328402564094726,16,64,,False,False,Request timeout: 300.0s exceeded,469,21.16838264042747
238,2026-09-14T02:21:17.684+00:00,2026-09-14T02:26:11.224+00:00,2026-09-14T02:26:17.703+00:00,False,93,92.0,,92.0,293540.495005,300018.86377299996,300018.86390199995,3226.009289268817,0.03761,293540.495005,30431.435893917373,89.47750459999999,70.41705182608695,19.883897762124263,0.30664738491113336,16,64,,False,False,Request timeout: 300.0s exceeded,405,21.16838264042747
239,2026-09-14T02:21:22.846+00:00,2026-09-14T02:26:16.729+00:00,2026-09-14T02:26:22.889+00:00,False,95,94.0,,94.0,293882.966343,300043.755079,300043.755171,3158.3553175894735,0.02476,293882.966343,30145.03901234393,89.775671,65.54030570212765,20.880192908823588,0.313287640248504,16,64,,False,False,Request timeout: 300.0s exceeded,425,21.16838264042747
240,2026-09-14T02:21:27.698+00:00,2026-09-14T02:26:21.685+00:00,2026-09-14T02:26:27.718+00:00,False,88,87.0,,87.0,293987.157846,300020.037462,300020.037344,3409.318606181818,0.03796,293987.157846,31331.750703268994,88.95786285,69.34344386206897,20.162708335470295,0.2899806317470354,16,64,,False,False,Request timeout: 300.0s exceeded,397,21.16838264042747
241,2026-09-14T02:21:31.971+00:00,2026-09-14T02:26:25.809+00:00,2026-09-14T02:26:32.009+00:00,False,93,92.0,,92.0,293838.23667199997,300037.70726399997,300037.707487,3226.211908462365,0.02159,293838.23667199997,30462.625174991867,86.70557699999999,67.38554991304349,20.737618817158054,0.30662812630763836,16,64,,False,False,Request timeout: 300.0s exceeded,283,21.16838264042747
242,2026-09-14T02:21:36.553+00:00,2026-09-14T02:26:30.227+00:00,2026-09-14T02:26:36.619+00:00,False,95,94.0,,94.0,293673.534341,300065.80109300005,300065.80113000004,3158.5873803157897,0.038450000000000005,293673.534341,30123.298676510814,88.1841477,68.00283778723404,20.25764017304063,0.3132646228180677,16,64,,False,False,Request timeout: 300.0s exceeded,541,21.16838264042747
243,2026-09-14T02:21:39.589+00:00,2026-09-14T02:26:33.026+00:00,2026-09-14T02:26:39.624+00:00,False,100,99.0,,99.0,293436.38749299996,300035.01123699994,300035.011357,3000.3501135699994,0.02418,293436.38749299996,29336.980192688803,88.47517849999998,66.6527650909091,19.95779737699618,0.3299614921333269,16,64,,False,False,Request timeout: 300.0s exceeded,218,21.16838264042747
244,2026-09-14T02:21:46.302+00:00,2026-09-14T02:26:38.025+00:00,2026-09-14T02:26:46.459+00:00,False,121,120.0,,120.0,291723.060814,300157.83611000003,300157.835971,2480.6432724876036,0.03825,291723.060814,26513.944784768897,88.86330199999999,70.28979413333334,54.97080942624736,0.39978966251616743,16,64,,False,False,Request timeout: 300.0s exceeded,520,21.16838264042747
245,2026-09-14T02:21:47.542+00:00,2026-09-14T02:26:41.000+00:00,2026-09-14T02:26:47.655+00:00,False,107,106.0,,106.0,293458.337899,300113.311595,300113.311665,2804.7973052803736,0.0,293458.337899,28363.687594283663,93.34785120000001,62.78277071698113,62.72737783887888,0.3531999278427409,16,64,,False,False,Request timeout: 300.0s exceeded,520,21.16838264042747
246,2026-09-14T02:21:50.693+00:00,2026-09-14T02:26:44.703+00:00,2026-09-14T02:26:50.740+00:00,False,98,97.0,,97.0,294009.699548,300047.557852,300047.558056,3061.7097760816328,0.0,294009.699548,29693.24664919477,90.64345519999999,62.24596189690722,64.73089805321068,0.3232820846615447,16,64,,False,False,Request timeout: 300.0s exceeded,461,21.16838264042747
247,2026-09-14T02:21:53.772+00:00,2026-09-14T02:26:47.745+00:00,2026-09-14T02:26:53.784+00:00,False,92,91.0,,91.0,293972.54554799997,300011.641356,300011.64145299996,3260.9961027499994,0.02752,293972.54554799997,30641.84384072979,88.09267254999999,66.3636901978022,19.587748636717016,0.30332156308567215,16,64,,False,False,Request timeout: 300.0s exceeded,224,21.16838264042747
248,2026-09-14T02:21:58.836+00:00,2026-09-14T02:26:52.711+00:00,2026-09-14T02:26:58.890+00:00,False,89,88.0,,88.0,293875.379325,300054.414461,300054.41445499996,3371.397915224719,0.02132,293875.379325,31143.291457071307,89.3487998,70.21630836363636,20.18010030555137,0.2932801377312778,16,64,,False,False,Request timeout: 300.0s exceeded,304,21.16838264042747
249,2026-09-14T02:22:02.325+00:00,2026-09-14T02:26:55.856+00:00,2026-09-14T02:27:02.412+00:00,False,94,93.0,,93.0,293530.908424,300087.139848,300087.139976,3192.4163827234047,0.037840000000000006,293530.908424,30268.136532508397,88.2032028,70.49711208602152,19.50398096470086,0.309909981637688,16,64,,False,False,Request timeout: 300.0s exceeded,490,21.16838264042747
250,2026-09-14T02:22:06.728+00:00,2026-09-14T02:27:00.773+00:00,2026-09-14T02:27:06.765+00:00,False,88,87.0,,87.0,294045.34016900003,300037.011209,300037.011004,3409.5114886818187,0.03469,294045.34016900003,31338.00312614579,87.70996935,68.86978206896552,19.645156387217252,0.2899642269113175,16,64,,False,False,Request timeout: 300.0s exceeded,359,21.16838264042747
251,2026-09-14T02:22:11.364+00:00,2026-09-14T02:27:05.228+00:00,2026-09-14T02:27:11.440+00:00,False,94,93.0,,93.0,293863.787135,300076.635775,300076.635753,3192.3046356702125,0.02341,293863.787135,30302.85198399606,88.81700885000001,66.80482408602151,20.73791781599151,0.3099208299233673,16,64,,False,False,Request timeout: 300.0s exceeded,318,21.16838264042747
252,2026-09-14T02:22:15.570+00:00,2026-09-14T02:27:09.553+00:00,2026-09-14T02:27:15.647+00:00,False,93,92.0,,92.0,293983.495803,300077.384315,300077.384212,3226.6385399139785,0.021920000000000002,293983.495803,30477.80680029388,89.16445360000002,66.23791860869565,20.669690643781554,0.3065875830996478,16,64,,False,False,Request timeout: 300.0s exceeded,470,21.16838264042747
253,2026-09-14T02:22:19.412+00:00,2026-09-14T02:27:13.532+00:00,2026-09-14T02:27:19.422+00:00,False,88,87.0,,87.0,294120.183036,300010.180604,300010.180506,3409.206596659091,0.0518,294120.183036,31346.106891793457,90.74533065,67.70112147126436,21.064815148090133,0.28999015908342163,16,64,,False,False,Request timeout: 300.0s exceeded,392,21.16838264042747
254,2026-09-14T02:22:24.408+00:00,2026-09-14T02:27:18.323+00:00,2026-09-14T02:27:24.468+00:00,False,90,89.0,,89.0,293914.36979100003,300059.91295900004,300059.91302200005,3333.999033577778,0.0225,293914.36979100003,30974.022341858465,87.2905949,69.05104683146067,19.562618240066577,0.29660743123711064,16,64,,False,False,Request timeout: 300.0s exceeded,340,21.16838264042747
255,2026-09-14T02:22:27.694+00:00,2026-09-14T02:27:21.765+00:00,2026-09-14T02:27:27.724+00:00,False,84,83.0,,83.0,294070.892264,300030.428136,300030.428207,3571.7908119880954,0.038439999999999995,294070.892264,32077.93572912508,88.46584859999999,71.8016370120482,18.172198333049167,0.27663860800937545,16,64,,False,False,Request timeout: 300.0s exceeded,412,21.16838264042747
256,2026-09-14T02:22:33.007+00:00,2026-09-14T02:27:26.636+00:00,2026-09-14T02:27:33.016+00:00,False,99,98.0,,98.0,293628.84476999997,300008.16713799996,300008.16701699997,3030.385525424242,0.03562,293628.84476999997,29504.273196852813,87.811862,65.09512620408164,19.285364990301158,0.326657773802942,16,64,,False,False,Request timeout: 300.0s exceeded,398,21.16838264042747
257,2026-09-14T02:22:36.900+00:00,2026-09-14T02:27:30.869+00:00,2026-09-14T02:27:36.909+00:00,False,93,92.0,,92.0,293968.820214,300009.287158,300009.287036,3225.9063122150537,0.02178,293968.820214,30476.34461194022,88.28259200000001,65.65724939130435,19.73382810017818,0.30665717342126203,16,64,,False,False,Request timeout: 300.0s exceeded,436,21.16838264042747
258,2026-09-14T02:22:40.079+00:00,2026-09-14T02:27:34.185+00:00,2026-09-14T02:27:40.156+00:00,False,86,85.0,,85.0,294106.338764,300076.99118,300076.99097399996,3489.2673369069767,0.018510000000000002,294106.338764,31706.733653097766,89.1456945,70.2429696,19.656658730683443,0.28326063809741775,16,64,,False,False,Request timeout: 300.0s exceeded,417,21.16838264042747
259,2026-09-14T02:22:45.300+00:00,2026-09-14T02:27:39.101+00:00,2026-09-14T02:27:45.348+00:00,False,97,96.0,,96.0,293801.10622,300048.11575600004,300048.115757,3093.2795438865983,0.0,293801.10622,29824.453022357196,91.6581544,65.073016,68.3633211435352,0.3199486847571723,16,64,,False,False,Request timeout: 300.0s exceeded,454,21.16838264042747
260,2026-09-14T02:22:48.917+00:00,2026-09-14T02:27:42.745+00:00,2026-09-14T02:27:48.951+00:00,False,96,95.0,,95.0,293827.68318500003,300033.88836900005,300033.888318,3125.3530033125003,0.04389,293827.68318500003,29982.00186470534,89.60094325000001,65.32847562105263,20.7232536977889,0.31663089965078606,16,64,,False,False,Request timeout: 300.0s exceeded,387,21.16838264042747
261,2026-09-14T02:22:52.388+00:00,2026-09-14T02:27:46.090+00:00,2026-09-14T02:27:52.397+00:00,False,91,90.0,,90.0,293701.741943,300009.197943,300009.197842,3296.80437189011,0.03306,293701.741943,30780.96795449942,89.979825,70.08284444444445,19.91827711988578,0.29999080233899855,16,64,,False,False,Request timeout: 300.0s exceeded,359,21.16838264042747
262,2026-09-14T02:22:57.031+00:00,2026-09-14T02:27:50.681+00:00,2026-09-14T02:27:57.056+00:00,False,94,93.0,,93.0,293650.109284,300024.9089,300024.908801,3191.7543489468085,0.047450000000000006,293650.109284,30280.632624943966,87.72521665000001,68.54623243010754,19.88770805842175,0.30997426294027286,16,64,,False,False,Request timeout: 300.0s exceeded,411,21.16838264042747
263,2026-09-14T02:23:01.836+00:00,2026-09-14T02:27:55.038+00:00,2026-09-14T02:28:01.862+00:00,False,105,104.0,,104.0,293202.295002,300025.840858,300025.840781,2857.3889598190476,0.05192,293202.295002,28607.217986557145,87.3921852,65.61101784615384,19.90454690528002,0.34663680869149677,16,64,,False,False,Request timeout: 300.0s exceeded,482,21.16838264042747
264,2026-09-14T02:23:06.465+00:00,2026-09-14T02:28:00.169+00:00,2026-09-14T02:28:06.565+00:00,False,96,95.0,,95.0,293704.04753399995,300099.18404599995,300099.18404799997,3126.0331671666663,0.037399999999999996,293704.04753399995,29969.18007023302,89.36720925000002,67.31722644210527,20.264162642854874,0.31656200699778697,16,64,,False,False,Request timeout: 300.0s exceeded,458,21.16838264042747
265,2026-09-14T02:23:10.899+00:00,2026-09-14T02:28:04.475+00:00,2026-09-14T02:28:10.908+00:00,False,96,95.0,,95.0,293576.102057,300008.94276099995,300008.942851,3125.0931546979164,0.02705,293576.102057,29956.081801574805,90.54785399999999,67.71411267368421,21.1646117391443,0.31665722736698915,16,64,,False,False,Request timeout: 300.0s exceeded,456,21.16838264042747
266,2026-09-14T02:23:14.579+00:00,2026-09-14T02:28:08.491+00:00,2026-09-14T02:28:14.725+00:00,False,53,52.0,,52.0,293912.161279,300146.371583,300146.371763,5663.139089867925,0.02505,293912.161279,40357.18638404538,90.480007,119.8886596923077,375.58631890103595,0.17324880432752574,16,64,,False,False,Request timeout: 300.0s exceeded,263,21.16838264042747
267,2026-09-14T02:23:18.438+00:00,2026-09-14T02:28:14.689+00:00,2026-09-14T02:28:18.505+00:00,False,104,103.0,,103.0,296251.13639999996,300066.47975999996,300066.47970599995,2885.254612557692,0.015009999999999999,296251.13639999996,29046.2040996826,87.38706,37.04216854368932,36.275853286769724,0.3432572677973953,16,64,,False,False,Request timeout: 300.0s exceeded,520,21.16838264042747
268,2026-09-14T02:23:21.543+00:00,2026-09-14T02:28:15.914+00:00,2026-09-14T02:28:21.583+00:00,False,82,81.0,,81.0,294371.013364,300040.332276,300040.33239600004,3659.0284438536587,0.04945,294371.013364,32500.116996181685,88.65863755000001,69.99159150617284,19.932044582708652,0.26996370583102147,16,64,,False,False,Request timeout: 300.0s exceeded,337,21.16838264042747
269,2026-09-14T02:23:25.757+00:00,2026-09-14T02:28:19.166+00:00,2026-09-14T02:28:25.782+00:00,False,98,97.0,,97.0,293408.93161900004,300025.045539,300025.04538300005,3061.480054928572,0.02489,293408.93161900004,29631.894772318672,88.75173649999999,68.20736,20.281190364896567,0.3233063420613365,16,64,,False,False,Request timeout: 300.0s exceeded,245,21.16838264042747
270,2026-09-14T02:23:28.851+00:00,2026-09-14T02:28:22.415+00:00,2026-09-14T02:28:28.883+00:00,False,95,94.0,,94.0,293564.80461500003,300032.448007,300032.44807200006,3158.236295494737,0.04624,293564.80461500003,30112.061200208853,89.48036629999999,68.80471693617021,20.595556719105005,0.3132994468578508,16,64,,False,False,Request timeout: 300.0s exceeded,462,21.16838264042747
271,2026-09-14T02:23:33.105+00:00,2026-09-14T02:28:26.674+00:00,2026-09-14T02:28:33.152+00:00,False,96,95.0,,95.0,293569.23254299996,300047.63689499995,300047.63707699993,3125.496219552083,0.02312,293569.23254299996,29955.331303294497,88.47377775,68.19373002105263,20.539130011561916,0.31661639126071417,16,64,,False,False,Request timeout: 300.0s exceeded,212,21.16838264042747
272,2026-09-14T02:23:36.176+00:00,2026-09-14T02:28:29.960+00:00,2026-09-14T02:28:36.193+00:00,False,88,87.0,,87.0,293784.121342,300016.758014,300016.757975,3409.281340625,0.04398,293784.121342,31309.862225880675,90.06099449999999,71.63950197701149,20.229983442686354,0.28998380149131614,16,64,,False,False,Request timeout: 300.0s exceeded,463,21.16838264042747
273,2026-09-14T02:23:39.501+00:00,2026-09-14T02:28:33.405+00:00,2026-09-14T02:28:39.543+00:00,False,93,92.0,,92.0,293904.365132,300042.138956,300042.138985,3226.2595589784946,0.0,293904.365132,30469.617810594566,90.96869999999998,66.71493286956522,67.00584434924845,0.30662359733907724,16,64,,False,False,Request timeout: 300.0s exceeded,454,21.16838264042747
274,2026-09-14T02:23:42.708+00:00,2026-09-14T02:28:36.195+00:00,2026-09-14T02:28:42.770+00:00,False,103,102.0,,102.0,293486.499679,300061.278303,300061.27837,2913.216294854369,0.0,293486.499679,28911.80345134947,89.4261521,64.45861396078432,64.23575942713718,0.33993056543937344,16,64,,False,False,Request timeout: 300.0s exceeded,455,21.16838264042747
275,2026-09-14T02:23:45.974+00:00,2026-09-14T02:28:39.546+00:00,2026-09-14T02:28:46.014+00:00,False,95,94.0,,94.0,293571.946483,300039.68126700004,300039.68133,3158.312435052632,0.024739999999999998,293571.946483,30112.792904360344,89.42023999999999,68.80568919148936,19.162248838039442,0.3132918939356926,16,64,,False,False,Request timeout: 300.0s exceeded,311,21.16838264042747
276,2026-09-14T02:23:51.270+00:00,2026-09-14T02:28:44.821+00:00,2026-09-14T02:28:51.303+00:00,False,97,96.0,,96.0,293550.549495,300032.972791,300032.972821,3093.1234311443295,0.02916,293550.549495,29798.693000523603,88.60941279999999,67.52524266666667,20.057328777906637,0.31996483288812616,16,64,,False,False,Request timeout: 300.0s exceeded,141,21.16838264042747
277,2026-09-14T02:23:54.480+00:00,2026-09-14T02:28:48.239+00:00,2026-09-14T02:28:54.556+00:00,False,95,94.0,,94.0,293759.221599,300076.052063,300076.052064,3158.69528488421,0.0177,293759.221599,30132.17239997044,89.1599787,67.20032408510639,20.350713702341427,0.31325392131013846,16,64,,False,False,Request timeout: 300.0s exceeded,379,21.16838264042747
278,2026-09-14T02:23:58.112+00:00,2026-09-14T02:28:51.647+00:00,2026-09-14T02:28:58.185+00:00,False,98,97.0,,97.0,293535.035346,300072.877522,300072.877395,3061.9681366836735,0.01918,293535.035346,29644.714666254364,89.62769899999999,67.40043480412372,20.259170350667375,0.323254806635726,16,64,,False,False,Request timeout: 300.0s exceeded,216,21.16838264042747
279,2026-09-14T02:24:01.419+00:00,2026-09-14T02:28:55.030+00:00,2026-09-14T02:29:01.440+00:00,False,95,94.0,,94.0,293611.253258,300021.188106,300021.188207,3158.1177706000003,0.022609999999999998,293611.253258,30116.890299549912,90.4031517,68.19079625531914,21.44042181939089,0.3133112050965847,16,64,,False,False,Request timeout: 300.0s exceeded,391,21.16838264042747
280,2026-09-14T02:24:04.393+00:00,2026-09-14T02:28:58.095+00:00,2026-09-14T02:29:04.439+00:00,False,94,93.0,,93.0,293701.882239,300046.086783,300046.086707,3191.979645819149,0.03301,293701.882239,30286.007632679644,91.89230495,68.21725316129032,21.521242693735378,0.3099523843057473,16,64,,False,False,Request timeout: 300.0s exceeded,298,21.16838264042747
281,2026-09-14T02:24:08.790+00:00,2026-09-14T02:29:02.639+00:00,2026-09-14T02:29:08.844+00:00,False,89,88.0,,88.0,293848.746984,300053.978344,300053.978194,3371.393013415731,0.039089,293848.746984,31140.437315249244,91.052878,70.51399272727274,20.847087218898242,0.29328056400275915,16,64,,False,False,Request timeout: 300.0s exceeded,410,21.16838264042747
282,2026-09-14T02:24:14.007+00:00,2026-09-14T02:29:07.584+00:00,2026-09-14T02:29:14.049+00:00,False,98,97.0,,97.0,293576.350782,300041.984318,300041.984354,3061.6529015714286,0.03333,293576.350782,29648.962797557095,87.6559442,66.65601583505155,19.42193845938041,0.32328808990009344,16,64,,False,False,Request timeout: 300.0s exceeded,402,21.16838264042747
283,2026-09-14T02:24:18.846+00:00,2026-09-14T02:29:12.155+00:00,2026-09-14T02:29:18.878+00:00,False,104,103.0,,103.0,293309.59784899995,300031.777433,300031.77733799996,2884.920935942307,0.03615,293309.59784899995,28754.97944788789,86.6079855,65.26387945631068,19.774224664504086,0.34329696967848977,16,64,,False,False,Request timeout: 300.0s exceeded,522,21.16838264042747
284,2026-09-14T02:24:23.398+00:00,2026-09-14T02:29:17.255+00:00,2026-09-14T02:29:23.409+00:00,False,88,87.0,,87.0,293856.988876,300010.828236,300010.82820499997,3409.213956875,0.019959,293856.988876,31317.726214508562,89.29249785,70.73378574712643,19.811209153763834,0.2899895330829942,16,64,,False,False,Request timeout: 300.0s exceeded,283,21.16838264042747
285,2026-09-14T02:24:28.167+00:00,2026-09-14T02:29:21.997+00:00,2026-09-14T02:29:28.215+00:00,False,87,86.0,,86.0,293829.449207,300048.337399,300048.33738900005,3448.8314642413798,0.02106,293829.449207,31494.076912976525,90.5753873,72.31265339534883,19.689589345817346,0.2866204850375106,16,64,,False,False,Request timeout: 300.0s exceeded,421,21.16838264042747
286,2026-09-14T02:24:31.908+00:00,2026-09-14T02:29:26.047+00:00,2026-09-14T02:29:31.988+00:00,False,87,86.0,,86.0,294138.79042699997,300079.831579,300079.831496,3449.193465471264,0.01814,294138.79042699997,31527.588457483198,89.05990300000002,69.08187386046511,20.19348671622305,0.2865904034518873,16,64,,False,False,Request timeout: 300.0s exceeded,384,21.16838264042747
287,2026-09-14T02:24:36.257+00:00,2026-09-14T02:29:29.753+00:00,2026-09-14T02:29:36.323+00:00,False,106,105.0,,105.0,293495.948648,300066.12336800003,300066.123258,2830.812483566038,0.0,293495.948648,28500.836403661702,90.4179415,62.573092571428575,62.31804549225507,0.3499228730703078,16,64,,False,False,Request timeout: 300.0s exceeded,521,21.16838264042747
288,2026-09-14T02:24:39.890+00:00,2026-09-14T02:29:33.247+00:00,2026-09-14T02:29:39.908+00:00,False,103,102.0,,102.0,293356.40634600003,300017.55041,300017.550394,2912.7917513980588,0.01787,293356.40634600003,28898.838116584287,89.381579,65.30533396078431,20.544912151247523,0.3399801106988846,16,64,,False,False,Request timeout: 300.0s exceeded,371,21.16838264042747
289,2026-09-14T02:24:44.765+00:00,2026-09-14T02:29:38.474+00:00,2026-09-14T02:29:44.811+00:00,False,94,93.0,,93.0,293708.993525,300045.596405,300045.59662799997,3191.974432212766,0.04377,293708.993525,30286.749383369326,92.1608973,68.13551483870968,21.30305787344722,0.3099528908748558,16,64,,False,False,Request timeout: 300.0s exceeded,401,21.16838264042747
290,2026-09-14T02:24:48.231+00:00,2026-09-14T02:29:42.042+00:00,2026-09-14T02:29:48.240+00:00,False,99,98.0,,98.0,293810.644753,300009.126417,300009.126578,3030.395217959596,0.01859,293810.644753,29522.73147919592,90.5243899,63.24981289795918,21.11600253324344,0.326656729314908,16,64,,False,False,Request timeout: 300.0s exceeded,522,21.16838264042747
291,2026-09-14T02:24:53.345+00:00,2026-09-14T02:29:48.785+00:00,2026-09-14T02:29:53.399+00:00,False,65,64.0,,64.0,295439.51555,300054.337182,300054.337298,4616.220573815384,0.032380000000000006,295439.51555,36635.82442873358,91.77930260000001,72.106588,21.572431052555935,0.21329470055678737,16,64,,False,False,Request timeout: 300.0s exceeded,206,21.16838264042747
292,2026-09-14T02:24:58.087+00:00,2026-09-14T02:29:51.971+00:00,2026-09-14T02:29:58.114+00:00,False,92,91.0,,91.0,293884.441685,300027.04264500004,300027.042588,3261.1635063913045,0.039418999999999996,293884.441685,30632.54011505235,87.30613505,67.50110945054945,20.085994233649973,0.3033059926790453,16,64,,False,False,Request timeout: 300.0s exceeded,416,21.16838264042747
293,2026-09-14T02:25:03.455+00:00,2026-09-14T02:29:56.839+00:00,2026-09-14T02:30:03.517+00:00,False,99,98.0,,98.0,293384.184055,300061.873143,300061.87307800003,3030.9280108888893,0.03334,293384.184055,29479.37882707375,88.411978,68.13968457142856,20.688623967326585,0.32659930758112776,16,64,,False,False,Request timeout: 300.0s exceeded,365,21.16838264042747
294,2026-09-14T02:25:06.433+00:00,2026-09-14T02:30:00.195+00:00,2026-09-14T02:30:06.453+00:00,False,92,91.0,,91.0,293762.21247,300020.209014,300020.20913900004,3261.0892297717396,0.019829999999999997,293762.21247,30619.664398350153,88.13196604999999,68.7691927912088,19.719135335398484,0.30331290115111414,16,64,,False,False,Request timeout: 300.0s exceeded,351,21.16838264042747
295,2026-09-14T02:25:10.269+00:00,2026-09-14T02:30:04.325+00:00,2026-09-14T02:30:10.324+00:00,False,88,87.0,,87.0,294055.50831199996,300054.99349599995,300054.99343699997,3409.715834511363,0.04286,294055.50831199996,31339.07828026784,88.66469934999999,68.95959981609195,20.898508303831516,0.2899468493636644,16,64,,False,False,Request timeout: 300.0s exceeded,302,21.16838264042747
296,2026-09-14T02:25:13.944+00:00,2026-09-14T02:30:07.642+00:00,2026-09-14T02:30:13.967+00:00,False,95,94.0,,94.0,293698.206348,300022.831756,300022.83188699995,3158.1350724947365,0.02656,293698.206348,30125.903487977972,88.7511457,67.28324902127659,19.785277902023843,0.31330948864734237,16,64,,False,False,Request timeout: 300.0s exceeded,216,21.16838264042747
297,2026-09-14T02:25:17.756+00:00,2026-09-14T02:30:11.266+00:00,2026-09-14T02:30:17.786+00:00,False,100,99.0,,99.0,293510.309658,300030.07004200004,300030.070005,3000.30070005,0.07504999999999999,293510.309658,29344.451954259453,86.6756559,65.8561654949495,19.78872890130166,0.3299669262688949,16,64,,False,False,Request timeout: 300.0s exceeded,307,21.16838264042747
298,2026-09-14T02:25:22.518+00:00,2026-09-14T02:30:15.998+00:00,2026-09-14T02:30:22.527+00:00,False,96,95.0,,95.0,293480.363276,300009.61281200004,300009.61287300003,3125.10013409375,0.04058,293480.363276,29946.205808460323,88.3538185,68.72894248421052,19.49496753372327,0.3166565201346778,16,64,,False,False,Request timeout: 300.0s exceeded,453,21.16838264042747
299,2026-09-14T02:25:27.297+00:00,2026-09-14T02:30:21.126+00:00,2026-09-14T02:30:27.345+00:00,False,90,89.0,,89.0,293829.450243,300048.00947499997,300048.009426,3333.8667714,0.027469999999999998,293829.450243,30964.98524822669,90.5800724,69.87145204494382,20.636240513715464,0.29661919822672744,16,64,,False,False,Request timeout: 300.0s exceeded,382,21.16838264042747
300,2026-09-14T02:25:31.801+00:00,2026-09-14T02:30:25.892+00:00,2026-09-14T02:30:31.844+00:00,False,96,95.0,,95.0,294091.575521,300043.25526500004,300043.25522700005,3125.45057528125,0.0,294091.575521,30009.27371555627,92.98505349999999,62.649260463157894,66.12792616821183,0.31662101491365113,16,64,,False,False,Request timeout: 300.0s exceeded,374,21.16838264042747
301,2026-09-14T02:25:35.075+00:00,2026-09-14T02:30:29.266+00:00,2026-09-14T02:30:35.124+00:00,False,88,87.0,,87.0,294190.741044,300048.64517200005,300048.645228,3409.6436957727274,0.02644,294190.741044,31353.667796388807,89.50910049999999,67.33223135632184,21.175566059138262,0.2899529839574116,16,64,,False,False,Request timeout: 300.0s exceeded,398,21.16838264042747
302,2026-09-14T02:25:38.985+00:00,2026-09-14T02:30:32.658+00:00,2026-09-14T02:30:39.058+00:00,False,93,92.0,,92.0,293672.47356199997,300072.342234,300072.342112,3226.584323784946,0.024730000000000002,293672.47356199997,30445.210520750938,89.775268,69.56378991304348,20.808895525571387,0.30659273465548953,16,64,,False,False,Request timeout: 300.0s exceeded,341,21.16838264042747
303,2026-09-14T02:25:44.025+00:00,2026-09-14T02:30:37.633+00:00,2026-09-14T02:30:44.081+00:00,False,97,96.0,,96.0,293607.70392299996,300056.22129899997,300056.22131999995,3093.3631063917524,0.0342,293607.70392299996,29804.531799716635,89.8457828,67.172056,19.734708988017264,0.3199400418508168,16,64,,False,False,Request timeout: 300.0s exceeded,398,21.16838264042747
304,2026-09-14T02:25:47.456+00:00,2026-09-14T02:30:40.955+00:00,2026-09-14T02:30:47.503+00:00,False,97,96.0,,96.0,293498.739243,300046.72695499996,300046.726881,3093.2652255773196,0.018670000000000003,293498.739243,29793.362846466905,87.50848180000001,68.20820533333332,19.63721620462713,0.3199501656766873,16,64,,False,False,Request timeout: 300.0s exceeded,470,21.16838264042747
305,2026-09-14T02:25:51.467+00:00,2026-09-14T02:30:44.863+00:00,2026-09-14T02:30:51.698+00:00,False,101,100.0,,100.0,293395.399463,300230.667047,300230.667123,2972.5808626039607,0.03281,293395.399463,29187.139054028983,89.40589200000001,68.35267584,20.329726018072297,0.3330772335270646,16,64,,False,False,Request timeout: 300.0s exceeded,371,21.16838264042747
306,2026-09-14T02:25:56.013+00:00,2026-09-14T02:30:49.621+00:00,2026-09-14T02:30:56.078+00:00,False,98,97.0,,97.0,293608.220602,300064.84549800004,300064.845412,3061.88617767347,0.02364,293608.220602,29652.192280769174,89.54083385,66.56314325773197,20.56712510827108,0.3232634593999667,16,64,,False,False,Request timeout: 300.0s exceeded,557,21.16838264042747
307,2026-09-14T02:26:01.160+00:00,2026-09-14T02:30:54.278+00:00,2026-09-14T02:31:01.186+00:00,False,100,99.0,,99.0,293117.64824199997,300025.699186,300025.69915999996,3000.2569915999998,0.03251,293117.64824199997,29304.79370180735,88.7915304,69.77829236363635,19.92724708045256,0.3299717333168358,16,64,,False,False,Request timeout: 300.0s exceeded,515,21.16838264042747
308,2026-09-14T02:26:05.225+00:00,2026-09-14T02:30:58.711+00:00,2026-09-14T02:31:05.284+00:00,False,96,95.0,,95.0,293486.317227,300059.617451,300059.617631,3125.6210169895835,0.01645,293486.317227,29946.766419376516,89.59643824999999,69.1926339368421,19.90046020995151,0.31660374963823174,16,64,,False,False,Request timeout: 300.0s exceeded,436,21.16838264042747
309,2026-09-14T02:26:08.787+00:00,2026-09-14T02:31:02.492+00:00,2026-09-14T02:31:08.862+00:00,False,93,92.0,,92.0,293705.02622,300075.331756,300075.331922,3226.6164722795697,0.027309999999999997,293705.02622,30448.619062427493,90.0368918,69.24245147826088,20.31207846672254,0.306589680203396,16,64,,False,False,Request timeout: 300.0s exceeded,388,21.16838264042747
310,2026-09-14T02:26:13.367+00:00,2026-09-14T02:31:06.787+00:00,2026-09-14T02:31:13.410+00:00,False,100,99.0,,99.0,293419.96489600005,300042.8216,300042.82144500007,3000.4282144500003,0.019629999999999998,293419.96489600005,29335.313664093857,88.17146949999999,66.89754246464646,20.26456446818524,0.3299529029625683,16,64,,False,False,Request timeout: 300.0s exceeded,473,21.16838264042747
311,2026-09-14T02:26:18.459+00:00,2026-09-14T02:31:11.885+00:00,2026-09-14T02:31:18.553+00:00,False,104,103.0,,103.0,293426.46265899995,300094.22995499993,300094.2299929999,2885.521442240384,0.01654,293426.46265899995,28766.491192153648,87.86978415,64.73560481553397,20.364851547703566,0.343225526247023,16,64,,False,False,Request timeout: 300.0s exceeded,346,21.16838264042747
312,2026-09-14T02:26:22.314+00:00,2026-09-14T02:31:15.986+00:00,2026-09-14T02:31:22.336+00:00,False,103,102.0,,102.0,293672.320875,300022.828139,300022.828269,2912.8429929029126,0.0,293672.320875,28930.335482409377,87.78386,62.2598751372549,66.87492408530439,0.3399741300776739,16,64,,False,False,Request timeout: 300.0s exceeded,542,21.16838264042747
313,2026-09-14T02:26:25.681+00:00,2026-09-14T02:31:19.465+00:00,2026-09-14T02:31:25.692+00:00,False,96,95.0,,95.0,293784.04787199997,300010.86284799996,300010.862827,3125.1131544479163,0.0,293784.04787199997,29977.598054076203,90.2394295,65.5454208,69.15557365910608,0.3166552007422864,16,64,,False,False,Request timeout: 300.0s exceeded,364,21.16838264042747
314,2026-09-14T02:26:30.297+00:00,2026-09-14T02:31:23.960+00:00,2026-09-14T02:31:30.360+00:00,False,90,89.0,,89.0,293663.12018300005,300063.3864230001,300063.38651200006,3334.0376279111115,0.03283,293663.12018300005,30947.2361957204,89.27865895,71.91310382022472,18.862073807874022,0.2966039977784444,16,64,,False,False,Request timeout: 300.0s exceeded,429,21.16838264042747
315,2026-09-14T02:26:33.496+00:00,2026-09-14T02:31:27.315+00:00,2026-09-14T02:31:33.561+00:00,False,91,90.0,,90.0,293818.48392,300064.557264,300064.557394,3297.412718615385,0.03334,293818.48392,30793.277124283777,89.4727465,69.40081493333334,19.590477987610946,0.2999354566251456,16,64,,False,False,Request timeout: 300.0s exceeded,440,21.16838264042747
316,2026-09-14T02:26:37.213+00:00,2026-09-14T02:31:30.792+00:00,2026-09-14T02:31:37.241+00:00,False,94,93.0,,93.0,293578.4695,300027.929212,300027.92919500003,3191.7864807978726,0.02923,293578.4695,30273.160886022924,89.97274665,69.34902916129032,20.103923705708297,0.309971142500824,16,64,,False,False,Request timeout: 300.0s exceeded,124,21.16838264042747
317,2026-09-14T02:26:40.661+00:00,2026-09-14T02:31:33.933+00:00,2026-09-14T02:31:40.721+00:00,False,101,100.0,,100.0,293272.10864999995,300060.69335399993,300060.69321899995,2970.8979526633657,0.05067,293272.10864999995,29174.91790202804,89.47115099999999,67.88584704,20.74308672937341,0.33326590991384497,16,64,,False,False,Request timeout: 300.0s exceeded,449,21.16838264042747
318,2026-09-14T02:26:44.878+00:00,2026-09-14T02:31:38.039+00:00,2026-09-14T02:31:44.951+00:00,False,107,106.0,,106.0,293160.487399,300072.879079,300072.879179,2804.419431579439,0.02032,293160.487399,28334.597217216848,89.1752273,65.21124226415094,20.567805730427594,0.35324751882056443,16,64,,False,False,Request timeout: 300.0s exceeded,478,21.16838264042747
319,2026-09-14T02:26:50.342+00:00,2026-09-14T02:31:43.785+00:00,2026-09-14T02:31:50.418+00:00,False,102,101.0,,101.0,293443.332858,300076.48767400003,300076.487688,2941.926349882353,0.03649,293443.332858,29048.724198652937,89.76339205000001,65.67480015841583,20.935773679409692,0.3365808523782955,16,64,,False,False,Request timeout: 300.0s exceeded,494,21.16838264042747
320,2026-09-14T02:26:55.584+00:00,2026-09-14T02:31:48.856+00:00,2026-09-14T02:31:55.613+00:00,False,102,101.0,,101.0,293271.684168,300029.441608,300029.441643,2941.465114147059,0.02095,293271.684168,29031.60596002751,91.5375361,66.9084895049505,20.458800398166684,0.33663362988209794,16,64,,False,False,Request timeout: 300.0s exceeded,333,21.16838264042747
321,2026-09-14T02:26:59.677+00:00,2026-09-14T02:31:53.625+00:00,2026-09-14T02:31:59.735+00:00,False,90,89.0,,89.0,293948.687964,300058.791004,300058.79111499997,3333.9865679444442,0.02925,293948.687964,30977.68229711039,89.29480345,68.65284314606741,20.391614930602525,0.29660854028707184,16,64,,False,False,Request timeout: 300.0s exceeded,264,21.16838264042747
322,2026-09-14T02:27:03.670+00:00,2026-09-14T02:31:57.493+00:00,2026-09-14T02:32:05.593+00:00,False,84,83.0,,83.0,293822.969204,301922.612084,301922.61199600005,3594.316809476191,0.057640000000000004,293822.969204,32049.302088878096,89.547009,97.58605879518072,283.1081680775366,0.2749048818407413,16,64,,False,False,Request timeout: 300.0s exceeded,347,21.16838264042747
323,2026-09-14T02:27:08.660+00:00,2026-09-14T02:32:02.592+00:00,2026-09-14T02:32:08.705+00:00,False,104,103.0,,103.0,293932.010339,300045.14339499996,300045.143384,2885.0494556153844,0.015969,293932.010339,28817.799240905555,90.20896414999999,59.35080636893204,265.8232647881835,0.3432816769988633,16,64,,False,False,Request timeout: 300.0s exceeded,477,21.16838264042747
324,2026-09-14T02:27:14.002+00:00,2026-09-14T02:32:07.622+00:00,2026-09-14T02:32:14.009+00:00,False,95,94.0,,94.0,293620.19838200003,300007.20151800005,300007.20155000006,3157.970542631579,0.03194,293620.19838200003,30117.831726162487,88.0991791,67.94684187234043,19.424990109543174,0.3133258119284184,16,64,,False,False,Request timeout: 300.0s exceeded,183,21.16838264042747
325,2026-09-14T02:27:18.707+00:00,2026-09-14T02:32:12.184+00:00,2026-09-14T02:32:18.736+00:00,False,102,101.0,,101.0,293476.695111,300028.120903,300028.120811,2941.452164813725,0.0,293476.695111,29052.167753451165,87.63118060000001,64.8656019009901,62.96019485198897,0.3366351117222562,16,64,,False,False,Request timeout: 300.0s exceeded,500,21.16838264042747
326,2026-09-14T02:27:23.907+00:00,2026-09-14T02:32:17.897+00:00,2026-09-14T02:32:23.989+00:00,False,87,86.0,,86.0,293990.112222,300082.03363,300082.033612,3449.2187771494255,0.046259,293990.112222,31511.45999083895,90.55868900000002,70.83629544186047,19.552768097305304,0.28658830040467426,16,64,,False,False,Request timeout: 300.0s exceeded,433,21.16838264042747
327,2026-09-14T02:27:27.597+00:00,2026-09-14T02:32:21.386+00:00,2026-09-14T02:32:27.657+00:00,False,89,88.0,,88.0,293788.391912,300059.97053600004,300059.970502,3371.4603427191014,0.047598999999999995,293788.391912,31133.959302847306,89.8167144,71.2679389090909,20.12346475658131,0.2932747071953808,16,64,,False,False,Request timeout: 300.0s exceeded,216,21.16838264042747
328,2026-09-14T02:27:32.637+00:00,2026-09-14T02:32:26.113+00:00,2026-09-14T02:32:32.674+00:00,False,92,91.0,,91.0,293476.88622399996,300037.45787199994,300037.45783599996,3261.276715608695,0.026350000000000002,293476.88622399996,30589.57045865024,90.36762060000001,72.09419393406594,19.76108691002466,0.3032954639911055,16,64,,False,False,Request timeout: 300.0s exceeded,307,21.16838264042747
329,2026-09-14T02:27:37.740+00:00,2026-09-14T02:32:31.186+00:00,2026-09-14T02:32:37.758+00:00,False,96,95.0,,95.0,293445.242647,300017.657879,300017.657808,3125.1839355,0.026699999999999998,293445.242647,29942.575241807153,88.8468095,69.18331823157895,19.941803381918653,0.3166480288914008,16,64,,False,False,Request timeout: 300.0s exceeded,231,21.16838264042747
330,2026-09-14T02:27:41.372+00:00,2026-09-14T02:32:35.210+00:00,2026-09-14T02:32:41.391+00:00,False,93,92.0,,92.0,293837.778644,300018.50338,300018.503413,3226.005413043011,0.03257,293837.778644,30462.59815511359,87.9604522,67.18179060869565,19.743000903139283,0.30664775326698385,16,64,,False,False,Request timeout: 300.0s exceeded,472,21.16838264042747
331,2026-09-14T02:27:44.708+00:00,2026-09-14T02:32:38.215+00:00,2026-09-14T02:32:44.755+00:00,False,101,100.0,,100.0,293506.90542900003,300046.89570100006,300046.89578,2970.761344356436,0.03572,293506.90542900003,29198.52822428788,89.93610000000001,65.39990272,20.478282979584023,0.33328123514282604,16,64,,False,False,Request timeout: 300.0s exceeded,315,21.16838264042747
332,2026-09-14T02:27:49.669+00:00,2026-09-14T02:32:43.593+00:00,2026-09-14T02:32:49.698+00:00,False,88,87.0,,87.0,293923.916469,300028.934581,300028.934418,3409.4197092954546,0.01814,293923.916469,31324.9204920392,89.75746869999999,70.17262197701149,19.7361274404057,0.2899720326024498,16,64,,False,False,Request timeout: 300.0s exceeded,454,21.16838264042747
333,2026-09-14T02:27:54.499+00:00,2026-09-14T02:32:48.052+00:00,2026-09-14T02:32:54.505+00:00,False,94,93.0,,93.0,293553.30548000004,300006.47335200006,300006.473224,3191.5582257872343,0.1265,293553.30548000004,30270.56096718485,87.67686529999999,69.38890184946236,19.585058366159824,0.3099933110139338,16,64,,False,False,Request timeout: 300.0s exceeded,445,21.16838264042747
334,2026-09-14T02:27:58.838+00:00,2026-09-14T02:32:52.733+00:00,2026-09-14T02:32:58.879+00:00,False,90,89.0,,89.0,293895.277367,300041.327671,300041.327528,3333.792528088889,0.04235,293895.277367,30972.008969273713,87.1701729,69.05674498876405,19.15093451265749,0.2966258038212319,16,64,,False,False,Request timeout: 300.0s exceeded,392,21.16838264042747
335,2026-09-14T02:28:02.150+00:00,2026-09-14T02:32:55.930+00:00,2026-09-14T02:33:02.204+00:00,False,93,92.0,,92.0,293780.015946,300053.72705,300053.727028,3226.384161591398,0.0436,293780.015946,30456.503409363315,88.0297376,68.192512,19.38510859274464,0.30661175551626935,16,64,,False,False,Request timeout: 300.0s exceeded,437,21.16838264042747
336,2026-09-14T02:28:05.393+00:00,2026-09-14T02:32:58.878+00:00,2026-09-14T02:33:05.412+00:00,False,97,96.0,,96.0,293485.254924,300019.91118,300019.911076,3092.9887739793817,0.01772,293485.254924,29792.008368918065,89.35011979999999,68.069336,20.4589907494799,0.3199787628175245,16,64,,False,False,Request timeout: 300.0s exceeded,595,21.16838264042747
337,2026-09-14T02:28:08.798+00:00,2026-09-14T02:33:02.591+00:00,2026-09-14T02:33:08.849+00:00,False,93,92.0,,92.0,293792.948082,300050.71192200005,300050.711907,3226.351740935484,0.045848999999999994,293792.948082,30457.863271802173,89.2002002,68.01917217391305,20.74804694275065,0.3066148365744119,16,64,,False,False,Request timeout: 300.0s exceeded,268,21.16838264042747
338,2026-09-14T02:28:14.633+00:00,2026-09-14T02:33:07.215+00:00,2026-09-14T02:33:14.758+00:00,False,126,125.0,,125.0,292582.55561599997,300125.27356799995,300125.273681,2381.946616515873,0.0,292582.55561599997,26060.020791493633,90.1108475,60.341743615999995,60.96304211130859,0.41649274822461263,16,64,,False,False,Request timeout: 300.0s exceeded,507,21.16838264042747
339,2026-09-14T02:28:17.334+00:00,2026-09-14T02:33:11.353+00:00,2026-09-14T02:33:17.411+00:00,False,105,104.0,,104.0,294019.025368,300077.290712,300077.290865,2857.8789606190476,0.02002,294019.025368,28687.641747864058,90.5872172,58.25255138461539,21.23607701348046,0.34657737595949667,16,64,,False,False,Request timeout: 300.0s exceeded,487,21.16838264042747
340,2026-09-14T02:28:20.479+00:00,2026-09-14T02:33:16.038+00:00,2026-09-14T02:33:20.523+00:00,False,69,68.0,,68.0,295559.021932,300043.216492,300043.21654,4348.4524136231885,0.032229999999999995,295559.021932,35573.19272018352,88.40091720000001,65.94403764705882,21.59281790968223,0.22663401890911627,16,64,,False,False,Request timeout: 300.0s exceeded,283,21.16838264042747
341,2026-09-14T02:28:24.383+00:00,2026-09-14T02:33:17.839+00:00,2026-09-14T02:33:24.452+00:00,False,93,92.0,,92.0,293455.804064,300069.751456,300069.75135800004,3226.556466215054,0.04236,293455.804064,30422.50041468071,88.77983059999998,71.89073252173912,18.890186270099246,0.30659538175239964,16,64,,False,False,Request timeout: 300.0s exceeded,441,21.16838264042747
342,2026-09-14T02:28:28.042+00:00,2026-09-14T02:33:21.685+00:00,2026-09-14T02:33:28.049+00:00,False,92,91.0,,91.0,293642.69674299995,300006.67011899996,300006.67005399993,3260.9420658043473,0.01785,293642.69674299995,30607.08243511919,90.08855265,69.93377336263735,19.443801829035564,0.30332658925184613,16,64,,False,False,Request timeout: 300.0s exceeded,414,21.16838264042747
343,2026-09-14T02:28:33.041+00:00,2026-09-14T02:33:26.788+00:00,2026-09-14T02:33:33.102+00:00,False,98,97.0,,97.0,293747.20839700004,300061.156045,300061.15596400003,3061.8485302448985,0.021929999999999998,293747.20839700004,29666.38030652676,86.74119735000001,65.09224379381443,19.913082632309415,0.3232674341408355,16,64,,False,False,Request timeout: 300.0s exceeded,145,21.16838264042747
344,2026-09-14T02:28:36.609+00:00,2026-09-14T02:33:30.117+00:00,2026-09-14T02:33:36.628+00:00,False,99,98.0,,98.0,293508.176474,300019.16629799997,300019.166256,3030.4966288484848,0.02172,293508.176474,29492.0107038447,87.22391900000001,66.43867167346939,19.524831402091277,0.3266457980309817,16,64,,False,False,Request timeout: 300.0s exceeded,458,21.16838264042747
345,2026-09-14T02:28:40.198+00:00,2026-09-14T02:33:34.049+00:00,2026-09-14T02:33:40.210+00:00,False,96,95.0,,95.0,293851.452774,300012.551014,300012.551022,3125.1307398125,0.0206,293851.452774,29984.4756994959,87.123716,64.85366568421053,19.82928686675169,0.31665341892835286,16,64,,False,False,Request timeout: 300.0s exceeded,485,21.16838264042747
346,2026-09-14T02:28:45.198+00:00,2026-09-14T02:33:38.980+00:00,2026-09-14T02:33:45.252+00:00,False,94,93.0,,93.0,293781.879894,300053.59419800004,300053.594179,3192.0595125425534,0.02533,293781.879894,30294.338851097706,89.30441615,67.43778821505377,21.085345948143065,0.30994462922057503,16,64,,False,False,Request timeout: 300.0s exceeded,434,21.16838264042747
347,2026-09-14T02:28:49.963+00:00,2026-09-14T02:33:43.800+00:00,2026-09-14T02:33:50.016+00:00,False,95,94.0,,94.0,293837.85594,300053.32346,300053.323424,3158.456036042105,0.02618,293837.85594,30140.35028038017,87.8456847,66.12199489361701,19.64200874650954,0.313277649839233,16,64,,False,False,Request timeout: 300.0s exceeded,408,21.16838264042747
348,2026-09-14T02:28:54.818+00:00,2026-09-14T02:33:48.802+00:00,2026-09-14T02:33:54.849+00:00,False,94,93.0,,93.0,293983.697965,300030.910765,300030.910804,3191.818200042553,0.01858,293983.697965,30315.402823464075,86.47660464999998,65.02379354838709,19.653595785178474,0.30996806216690953,16,64,,False,False,Request timeout: 300.0s exceeded,383,21.16838264042747
349,2026-09-14T02:28:58.191+00:00,2026-09-14T02:33:51.912+00:00,2026-09-14T02:33:58.251+00:00,False,95,94.0,,94.0,293720.660643,300059.74774699996,300059.747507,3158.523657968421,0.03453,293720.660643,30128.19136883159,88.7858233,67.43709685106383,19.635911153955323,0.31327094255660565,16,64,,False,False,Request timeout: 300.0s exceeded,290,21.16838264042747
350,2026-09-14T02:29:02.421+00:00,2026-09-14T02:33:56.055+00:00,2026-09-14T02:34:02.467+00:00,False,97,96.0,,96.0,293633.74418,300045.981492,300045.98148899997,3093.2575411237112,0.02,293633.74418,29807.214027557377,87.7586088,66.79413866666667,19.53405242873063,0.31995096059155054,16,64,,False,False,Request timeout: 300.0s exceeded,478,21.16838264042747
351,2026-09-14T02:29:06.787+00:00,2026-09-14T02:34:00.440+00:00,2026-09-14T02:34:06.833+00:00,False,100,99.0,,99.0,293653.23336199997,300046.61396999995,300046.613892,3000.4661389199996,0.0,293653.23336199997,29358.939647367464,87.57238584999999,64.5796021010101,66.374322890861,0.3299487325989237,16,64,,False,False,Request timeout: 300.0s exceeded,334,21.16838264042747
352,2026-09-14T02:29:12.024+00:00,2026-09-14T02:34:05.880+00:00,2026-09-14T02:34:12.049+00:00,False,99,98.0,,98.0,293856.56255800003,300024.62451000005,300024.62428200006,3030.5517604242427,0.0,293856.56255800003,29527.384516767088,90.7285471,62.93940767346939,29.313103037315358,0.3266398555120384,16,64,,False,False,Request timeout: 300.0s exceeded,349,21.16838264042747
353,2026-09-14T02:29:15.627+00:00,2026-09-14T02:34:09.094+00:00,2026-09-14T02:34:15.657+00:00,False,92,91.0,,91.0,293466.931283,300029.90421099996,300029.904115,3261.194609945652,0.03748,293466.931283,30588.530367527426,90.46737205,72.12058162637364,20.579967481844015,0.3033030998670154,16,64,,False,False,Request timeout: 300.0s exceeded,438,21.16838264042747
354,2026-09-14T02:29:18.752+00:00,2026-09-14T02:34:12.565+00:00,2026-09-14T02:34:18.786+00:00,False,91,90.0,,90.0,293813.258065,300033.787985,300033.788029,3297.0745937252746,0.024390000000000002,293813.258065,30792.75954593126,89.96861000000001,69.1169991111111,20.351245858330564,0.2999662158199979,16,64,,False,False,Request timeout: 300.0s exceeded,289,21.16838264042747
355,2026-09-14T02:29:23.893+00:00,2026-09-14T02:34:17.594+00:00,2026-09-14T02:34:23.947+00:00,False,93,92.0,,92.0,293701.072185,300054.073145,300054.07309,3226.387882688172,0.01984,293701.072185,30448.228193762516,89.15348960000001,69.05435826086956,19.760485762090514,0.3066114018573624,16,64,,False,False,Request timeout: 300.0s exceeded,247,21.16838264042747
356,2026-09-14T02:29:26.902+00:00,2026-09-14T02:34:20.564+00:00,2026-09-14T02:34:26.944+00:00,False,93,92.0,,92.0,293661.423903,300041.457439,300041.457589,3226.252232139785,0.0218,293661.423903,30444.08647466534,88.88057880000001,69.34819060869566,19.891792618688942,0.30662429380681194,16,64,,False,False,Request timeout: 300.0s exceeded,424,21.16838264042747
357,2026-09-14T02:29:31.067+00:00,2026-09-14T02:34:24.769+00:00,2026-09-14T02:34:31.122+00:00,False,93,92.0,,92.0,293702.23422000004,300055.41284400003,300055.41304400004,3226.402290795699,0.02339,293702.23422000004,30448.34859822694,88.32146300000001,69.05628939130435,19.927400358968992,0.3066100328869293,16,64,,False,False,Request timeout: 300.0s exceeded,463,21.16838264042747
358,2026-09-14T02:29:36.168+00:00,2026-09-14T02:34:29.925+00:00,2026-09-14T02:34:36.210+00:00,False,93,92.0,,92.0,293756.61307,300041.314766,300041.31479900004,3226.2506967634413,0.023960000000000002,293756.61307,30454.06456350708,88.59231299999999,68.31197495652174,19.866176747578756,0.30662443961009206,16,64,,False,False,Request timeout: 300.0s exceeded,363,21.16838264042747
359,2026-09-14T02:29:41.496+00:00,2026-09-14T02:34:35.245+00:00,2026-09-14T02:34:41.573+00:00,False,90,89.0,,89.0,293749.16839,300077.103878,300077.103899,3334.190043322222,0.02022,293749.16839,30956.39223637045,87.71212694999998,71.10039874157303,19.02434583012405,0.2965904390898948,16,64,,False,False,Request timeout: 300.0s exceeded,440,21.16838264042747
360,2026-09-14T02:29:46.124+00:00,2026-09-14T02:34:39.931+00:00,2026-09-14T02:34:46.165+00:00,False,93,92.0,,92.0,293806.794274,300040.770594,300040.770479,3226.244843860215,0.02147,293806.794274,30459.32510057886,87.4645296,67.76061217391305,19.578728671058247,0.30662499572263047,16,64,,False,False,Request timeout: 300.0s exceeded,425,21.16838264042747
361,2026-09-14T02:29:49.346+00:00,2026-09-14T02:34:43.277+00:00,2026-09-14T02:34:49.425+00:00,False,95,94.0,,94.0,293931.193884,300079.038748,300079.03876100003,3158.7267238,0.020989999999999998,293931.193884,30150.000322175692,87.23075399999999,65.4026049361702,19.587673738286494,0.3132508034956057,16,64,,False,False,Request timeout: 300.0s exceeded,329,21.16838264042747
362,2026-09-14T02:29:53.612+00:00,2026-09-14T02:34:47.343+00:00,2026-09-14T02:34:53.689+00:00,False,98,97.0,,97.0,293730.88539099996,300076.99201499997,300076.99214,3062.0101238775505,0.036,293730.88539099996,29664.69793881375,87.05219799999999,65.42377962886599,19.905431839025987,0.32325037434109993,16,64,,True,False,Request timeout: 300.0s exceeded,503,21.16838264042747
363,2026-09-14T02:29:58.314+00:00,2026-09-14T02:34:52.272+00:00,2026-09-14T02:34:58.346+00:00,False,91,90.0,,90.0,293958.039676,300032.49522800004,300032.49502900004,3297.060384934066,0.02638,293958.039676,30808.10700647811,88.07476900000002,67.49395057777777,20.481126314208446,0.29996750829141827,16,64,,True,False,Request timeout: 300.0s exceeded,375,21.16838264042747
364,2026-09-14T02:30:03.359+00:00,2026-09-14T02:34:56.806+00:00,2026-09-14T02:35:03.390+00:00,False,102,101.0,,101.0,293446.83835000003,300030.57185400004,300030.57193800004,2941.4761954705887,0.01968,293446.83835000003,29049.11919389005,87.95225099999998,65.18548023762376,20.150408243713937,0.3366323617486165,16,64,,True,False,Request timeout: 300.0s exceeded,430,21.16838264042747
365,2026-09-14T02:30:06.972+00:00,2026-09-14T02:35:00.703+00:00,2026-09-14T02:35:06.989+00:00,False,92,91.0,,91.0,293730.516995,300016.913923,300016.91378,3261.053410652174,0.027719999999999998,293730.516995,30616.327585719184,88.73541925,69.08128492307692,20.03983409050218,0.3033162324419994,16,64,,True,False,Request timeout: 300.0s exceeded,366,21.16838264042747
366,2026-09-14T02:30:10.635+00:00,2026-09-14T02:35:04.334+00:00,2026-09-14T02:35:10.646+00:00,False,94,93.0,,93.0,293699.094445,300010.78212499997,300010.782078,3191.6040646595743,0.06079,293699.094445,30285.755240735838,89.6364633,67.86760946236559,20.176172601409938,0.30998885887125016,16,64,,True,False,Request timeout: 300.0s exceeded,318,21.16838264042747
367,2026-09-14T02:30:15.975+00:00,2026-09-14T02:35:09.350+00:00,2026-09-14T02:35:16.039+00:00,False,101,100.0,,100.0,293375.656953,300064.819449,300064.819589,2970.9388078118814,0.04419,293375.656953,29185.320161128482,90.03723,66.89162496,20.58894552098362,0.3332613272813087,16,64,,True,False,Request timeout: 300.0s exceeded,147,21.16838264042747
368,2026-09-14T02:30:19.749+00:00,2026-09-14T02:35:13.184+00:00,2026-09-14T02:35:19.807+00:00,False,100,99.0,,99.0,293435.08403100003,300058.000383,300058.00047800003,3000.5800047800003,0.03619,293435.08403100003,29336.82553712452,90.14394195000001,66.89814496969697,20.294376032289545,0.3299362119111453,16,64,,True,False,Request timeout: 300.0s exceeded,538,21.16838264042747
369,2026-09-14T02:30:23.175+00:00,2026-09-14T02:35:16.722+00:00,2026-09-14T02:35:23.224+00:00,False,93,92.0,,92.0,293546.641049,300048.47452100005,300048.474721,3226.3276851720434,0.01887,293546.641049,30432.04643293226,88.7417266,70.67210295652174,19.369257769819313,0.3066171229394503,16,64,,True,False,Request timeout: 300.0s exceeded,442,21.16838264042747
370,2026-09-14T02:30:26.275+00:00,2026-09-14T02:35:20.480+00:00,2026-09-14T02:35:26.302+00:00,False,82,81.0,,81.0,294204.922564,300026.49722,300026.497282,3658.8597229512197,0.03645,294204.922564,32481.569014696615,89.56642605,71.87129204938272,21.90318489195162,0.26997615460812197,16,64,,True,False,Request timeout: 300.0s exceeded,324,21.16838264042747
371,2026-09-14T02:30:30.678+00:00,2026-09-14T02:35:24.622+00:00,2026-09-14T02:35:30.685+00:00,False,88,87.0,,87.0,293944.099749,300007.183525,300007.183587,3409.1725407613635,0.02176,293944.099749,31327.12465742361,90.1090225,69.69061811494254,21.634984643694512,0.2899930560921058,16,64,,True,False,Request timeout: 300.0s exceeded,359,21.16838264042747
372,2026-09-14T02:30:35.713+00:00,2026-09-14T02:35:29.566+00:00,2026-09-14T02:35:35.754+00:00,False,89,88.0,,88.0,293853.431217,300041.289137,300041.289081,3371.25043911236,0.033600000000000005,293853.431217,31140.953666624042,87.63882079999999,70.31656727272727,19.107730640852452,0.29329296728830834,16,64,,True,False,Request timeout: 300.0s exceeded,394,21.16838264042747
373,2026-09-14T02:30:39.082+00:00,2026-09-14T02:35:32.760+00:00,2026-09-14T02:35:39.094+00:00,False,94,93.0,,93.0,293677.58788099996,300012.01117699995,300012.01111599995,3191.6171395319143,0.02069,293677.58788099996,30283.511407029448,86.43548535,68.1120784516129,19.581057916569073,0.30998758894733786,16,64,,True,False,Request timeout: 300.0s exceeded,401,21.16838264042747
374,2026-09-14T02:30:42.112+00:00,2026-09-14T02:35:35.670+00:00,2026-09-14T02:35:42.192+00:00,False,98,97.0,,97.0,293558.414835,300080.078579,300080.078535,3062.0416177040815,0.02158,293558.414835,29647.09361652737,89.49232,67.23364684536082,20.867754942725742,0.3232470494520464,16,64,,True,False,Request timeout: 300.0s exceeded,417,21.16838264042747
375,2026-09-14T02:30:46.178+00:00,2026-09-14T02:35:39.854+00:00,2026-09-14T02:35:46.272+00:00,False,95,94.0,,94.0,293676.241672,300093.86112799996,300093.86108,3158.882748210526,0.018879999999999997,293676.241672,30123.549401331387,90.1156244,68.27254740425532,21.183558241130303,0.3132353312615945,16,64,,True,False,Request timeout: 300.0s exceeded,429,21.16838264042747
376,2026-09-14T02:30:49.643+00:00,2026-09-14T02:35:43.219+00:00,2026-09-14T02:35:49.675+00:00,False,94,93.0,,93.0,293575.870217,300032.027401,300032.027415,3191.830078882979,0.03538,293575.870217,30272.885720472896,90.501384,69.4210449892473,20.641466502303047,0.3099669085517436,16,64,,True,False,Request timeout: 300.0s exceeded,400,21.16838264042747
377,2026-09-14T02:30:53.389+00:00,2026-09-14T02:35:46.526+00:00,2026-09-14T02:35:53.473+00:00,False,102,101.0,,101.0,293137.85153399996,300084.04903799994,300084.04910999996,2942.0004814705876,0.019739999999999997,293137.85153399996,29018.169502421017,89.36065460000002,68.77423271287128,19.99599187265941,0.33657237138655866,16,64,,True,False,Request timeout: 300.0s exceeded,333,21.16838264042747
378,2026-09-14T02:30:58.433+00:00,2026-09-14T02:35:51.893+00:00,2026-09-14T02:35:58.440+00:00,False,98,97.0,,97.0,293459.899961,300007.15397700004,300007.15399900003,3061.2974897857143,0.03563,293459.899961,29637.114631549448,87.51990534999999,67.49746408247424,19.636449284045373,0.32332562311976226,16,64,,True,False,Request timeout: 300.0s exceeded,464,21.16838264042747
379,2026-09-14T02:31:02.165+00:00,2026-09-14T02:35:55.761+00:00,2026-09-14T02:36:02.213+00:00,False,96,95.0,,95.0,293596.079449,300047.178841,300047.178769,3125.4914455104167,0.023379999999999998,293596.079449,29958.100448868758,89.87378325,67.90630938947369,20.18275115738708,0.3166168746093829,16,64,,True,False,Request timeout: 300.0s exceeded,467,21.16838264042747
380,2026-09-14T02:31:05.397+00:00,2026-09-14T02:35:59.364+00:00,2026-09-14T02:36:05.517+00:00,False,88,87.0,,87.0,293966.309212,300119.80757999996,300119.807491,3410.4523578522726,0.022099,293966.309212,31329.38065944776,90.16986055,70.72986629885058,20.506697076137797,0.289884232238851,16,64,,True,False,Request timeout: 300.0s exceeded,464,21.16838264042747
381,2026-09-14T02:31:10.069+00:00,2026-09-14T02:36:03.837+00:00,2026-09-14T02:36:10.113+00:00,False,90,89.0,,89.0,293767.818098,300043.687026,300043.686887,3333.818743188889,0.023940000000000003,293767.818098,30958.41993791234,90.62099300000001,70.51538121348314,19.32421489166389,0.29662347134231754,16,64,,True,False,Request timeout: 300.0s exceeded,457,21.16838264042747
382,2026-09-14T02:31:13.703+00:00,2026-09-14T02:36:07.192+00:00,2026-09-14T02:36:13.735+00:00,False,96,95.0,,95.0,293488.237192,300031.518856,300031.51906699996,3125.328323614583,0.03359,293488.237192,29946.993942168356,86.11239800000001,68.87664909473685,18.833387128397447,0.31663340025817494,16,64,,True,False,Request timeout: 300.0s exceeded,467,21.16838264042747
383,2026-09-14T02:31:19.148+00:00,2026-09-14T02:36:13.039+00:00,2026-09-14T02:36:19.155+00:00,False,88,87.0,,87.0,293890.83892799995,300007.05447999993,300007.054463,3409.1710734431813,0.021989,293890.83892799995,31321.380047095525,87.44936335,70.30132818390804,18.667461868843187,0.2899931808296858,16,64,,True,False,Request timeout: 300.0s exceeded,352,21.16838264042747
384,2026-09-14T02:31:24.462+00:00,2026-09-14T02:36:18.213+00:00,2026-09-14T02:36:24.539+00:00,False,96,95.0,,95.0,293751.72885799996,300077.47298599995,300077.47297999996,3125.807010208333,0.049139,293751.72885799996,29974.120929970883,88.19087625,66.58678029473684,20.04662051402244,0.31658491073880846,16,64,,True,False,Request timeout: 300.0s exceeded,410,21.16838264042747
385,2026-09-14T02:31:28.694+00:00,2026-09-14T02:36:22.930+00:00,2026-09-14T02:36:28.780+00:00,False,84,83.0,,83.0,294235.479712,300085.8344,300085.834469,3572.450410345238,0.02308,294235.479712,32096.038265948177,89.19197,70.48620106024097,19.962916486292762,0.276587530917454,16,64,,True,False,Request timeout: 300.0s exceeded,294,21.16838264042747
386,2026-09-14T02:31:32.603+00:00,2026-09-14T02:36:26.622+00:00,2026-09-14T02:36:32.633+00:00,False,84,83.0,,83.0,294018.87144300004,300030.42395500006,300030.423811,3571.7907596547625,0.038450000000000005,294018.87144300004,32072.191399420048,87.3510063,72.4283435180723,18.145888516759975,0.2766386118644045,16,64,,True,False,Request timeout: 300.0s exceeded,366,21.16838264042747
387,2026-09-14T02:31:35.804+00:00,2026-09-14T02:36:29.584+00:00,2026-09-14T02:36:35.817+00:00,False,89,88.0,,88.0,293780.384462,300013.36391799996,300013.36371299997,3370.936670932584,0.03276,293780.384462,31133.15677304423,88.19455740000001,70.829312,19.749842421493934,0.2933202669733481,16,64,,True,False,Request timeout: 300.0s exceeded,533,21.16838264042747
388,2026-09-14T02:31:41.147+00:00,2026-09-14T02:36:35.012+00:00,2026-09-14T02:36:41.215+00:00,False,91,90.0,,90.0,293865.637838,300068.629198,300068.62930100004,3297.457464846154,0.03458,293865.637838,30798.27091797675,89.2376825,68.92212622222222,20.43202267098274,0.29993138649829865,16,64,,True,False,Request timeout: 300.0s exceeded,432,21.16838264042747
389,2026-09-14T02:31:44.422+00:00,2026-09-14T02:36:38.062+00:00,2026-09-14T02:36:44.482+00:00,False,94,93.0,,93.0,293640.42960699997,300060.37661499996,300060.376611,3192.131666074468,0.028369,293640.42960699997,30279.584823825393,90.1900323,69.03168825806452,20.86732924314811,0.30993762338479636,16,64,,True,False,Request timeout: 300.0s exceeded,424,21.16838264042747
390,2026-09-14T02:31:47.855+00:00,2026-09-14T02:36:41.561+00:00,2026-09-14T02:36:47.864+00:00,False,92,91.0,,91.0,293705.738152,300008.65604000003,300008.656154,3260.963653847826,0.03607,293705.738152,30613.72617248095,92.59512805,69.26283393406594,21.366411998247983,0.3033245813676357,16,64,,True,False,Request timeout: 300.0s exceeded,441,21.16838264042747
391,2026-09-14T02:31:50.990+00:00,2026-09-14T02:36:44.929+00:00,2026-09-14T02:36:51.055+00:00,False,92,91.0,,91.0,293939.05024400004,300065.50682000007,300065.506798,3261.5815956304355,0.02062,293939.05024400004,30638.25241507069,90.4975855,67.32369863736264,20.796860022513275,0.30326711311936316,16,64,,True,False,Request timeout: 300.0s exceeded,494,21.16838264042747
392,2026-09-14T02:31:54.447+00:00,2026-09-14T02:36:48.284+00:00,2026-09-14T02:36:54.507+00:00,False,92,91.0,,91.0,293836.234305,300060.111169,300060.111044,3261.522946130435,0.03667,293836.234305,30627.421049639222,88.3067205,68.39425125274725,20.11170834286826,0.30327256643835254,16,64,,True,False,Request timeout: 300.0s exceeded,418,21.16838264042747
393,2026-09-14T02:31:59.755+00:00,2026-09-14T02:36:53.712+00:00,2026-09-14T02:36:59.782+00:00,False,85,84.0,,84.0,293957.283875,300027.295011,300027.294818,3529.732880211765,0.023289,293957.283875,31876.311846137658,88.292976,72.26203733333332,19.14231191457546,0.2799745269740217,16,64,,True,False,Request timeout: 300.0s exceeded,444,21.16838264042747
394,2026-09-14T02:32:05.607+00:00,2026-09-14T02:36:59.178+00:00,2026-09-14T02:37:05.725+00:00,False,102,101.0,,101.0,293571.612366,300118.266574,300118.266483,2942.335945911765,0.020079999999999997,293571.612366,29061.510160598147,88.45376955,64.81835849504951,20.368408375016106,0.3365339975902349,16,64,,True,False,Request timeout: 300.0s exceeded,222,21.16838264042747
395,2026-09-14T02:32:08.417+00:00,2026-09-14T02:37:02.055+00:00,2026-09-14T02:37:08.456+00:00,False,105,104.0,,104.0,293638.309688,300039.426616,300039.426461,2857.518347247619,0.0,293638.309688,28650.172365121118,89.36556,61.549201230769235,28.630111441603567,0.3466211130082664,16,64,,True,False,Request timeout: 300.0s exceeded,565,21.16838264042747
396,2026-09-14T02:32:11.723+00:00,2026-09-14T02:37:06.936+00:00,2026-09-14T02:37:11.797+00:00,False,73,72.0,,72.0,295213.720928,300074.371936,300074.372131,4110.607837410959,0.0,295213.720928,34544.265520919624,89.056466,67.50904177777778,31.64308838485314,0.2399405171973706,16,64,,True,False,Request timeout: 300.0s exceeded,367,21.16838264042747
397,2026-09-14T02:32:16.930+00:00,2026-09-14T02:37:10.502+00:00,2026-09-14T02:37:16.989+00:00,False,99,98.0,,98.0,293572.736515,300058.939907,300058.939938,3030.898383212121,0.08625,293572.736515,29498.525540263956,88.8917189,66.18574889795919,20.839009413412246,0.32660250026336174,16,64,,True,False,Request timeout: 300.0s exceeded,479,21.16838264042747
398,2026-09-14T02:32:20.015+00:00,2026-09-14T02:37:13.562+00:00,2026-09-14T02:37:20.035+00:00,False,101,100.0,,100.0,293547.06033099996,300019.55569099996,300019.55576399993,2970.4906511287127,0.020649999999999998,293547.06033099996,29202.591149270072,88.32046399999999,64.7249536,20.769971993214156,0.33331160620407463,16,64,,True,False,Request timeout: 300.0s exceeded,520,21.16838264042747
399,2026-09-14T02:32:23.066+00:00,2026-09-14T02:37:16.732+00:00,2026-09-14T02:37:23.121+00:00,False,98,97.0,,97.0,293665.177264,300055.070128,300055.070082,3061.7864294081633,0.04423,293665.177264,29658.015164628046,88.60923685,65.87518416494845,20.419775268643157,0.3232739908664797,16,64,,True,False,Request timeout: 300.0s exceeded,168,21.16838264042747
400,2026-09-14T02:32:26.573+00:00,2026-09-14T02:37:20.119+00:00,2026-09-14T02:37:26.655+00:00,False,100,99.0,,99.0,293546.20088899997,300082.348601,300082.34837799997,3000.8234837799996,0.05669,293546.20088899997,29348.02467362112,87.22291500000001,66.02169406060607,20.01180106097687,0.3299094413968143,16,64,,True,False,Request timeout: 300.0s exceeded,334,21.16838264042747
401,2026-09-14T02:32:30.138+00:00,2026-09-14T02:37:24.093+00:00,2026-09-14T02:37:30.191+00:00,False,88,87.0,,87.0,293954.9157,300052.931956,300052.931765,3409.6924064204545,0.01824,293954.9157,31328.233484515757,88.41389855,70.09214087356321,19.5500172907788,0.28994884146893707,16,64,,True,False,Request timeout: 300.0s exceeded,170,21.16838264042747
402,2026-09-14T02:32:35.088+00:00,2026-09-14T02:37:28.536+00:00,2026-09-14T02:37:35.165+00:00,False,96,95.0,,95.0,293448.310802,300077.802514,300077.80259599996,3125.8104437083334,0.07532,293448.310802,29942.82627477243,86.752017,69.78412328421054,18.70516011778519,0.3165845630836617,16,64,,True,False,Request timeout: 300.0s exceeded,231,21.16838264042747
403,2026-09-14T02:32:40.456+00:00,2026-09-14T02:37:34.178+00:00,2026-09-14T02:37:40.470+00:00,False,96,95.0,,95.0,293722.092185,300013.374873,300013.37487400003,3125.139321604167,0.03529,293722.092185,29971.13330392232,88.043314,66.22402829473684,20.242614516214623,0.3166525493745566,16,64,,True,False,Request timeout: 300.0s exceeded,465,21.16838264042747
404,2026-09-14T02:32:45.404+00:00,2026-09-14T02:37:39.360+00:00,2026-09-14T02:37:45.446+00:00,False,87,86.0,,86.0,293955.95496600005,300041.79048600007,300041.790411,3448.75621162069,0.02409,293955.95496600005,31507.805206559984,87.7961816,70.76552930232558,19.007537432926025,0.28662673909757497,16,64,,True,False,Request timeout: 300.0s exceeded,439,21.16838264042747
405,2026-09-14T02:32:50.172+00:00,2026-09-14T02:37:43.893+00:00,2026-09-14T02:37:50.204+00:00,False,94,93.0,,93.0,293720.123411,300031.586579,300031.586519,3191.8253885,0.03978,293720.123411,30287.923620141173,86.3671365,67.86519535483872,18.856282697189922,0.309967363971235,16,64,,True,False,Request timeout: 300.0s exceeded,356,21.16838264042747
406,2026-09-14T02:32:53.855+00:00,2026-09-14T02:37:47.284+00:00,2026-09-14T02:37:53.913+00:00,False,100,99.0,,99.0,293429.691871,300058.53206299996,300058.532073,3000.5853207299997,0.02229,293429.691871,29336.280114973986,87.96518145,66.95798173737374,19.966522904160193,0.3299356272902584,16,64,,True,False,Request timeout: 300.0s exceeded,502,21.16838264042747
407,2026-09-14T02:32:57.578+00:00,2026-09-14T02:37:51.278+00:00,2026-09-14T02:37:57.591+00:00,False,90,89.0,,89.0,293699.38423,300013.17751,300013.17732300004,3333.4797480333336,0.019969999999999998,293699.38423,30951.161952457627,90.28148155,70.94149752808988,20.1065960832326,0.29665363614581053,16,64,,True,False,Request timeout: 300.0s exceeded,429,21.16838264042747
408,2026-09-14T02:33:01.614+00:00,2026-09-14T02:37:55.152+00:00,2026-09-14T02:38:01.684+00:00,False,93,92.0,,92.0,293537.438069,300070.01253300003,300070.012682,3226.5592761505377,0.04321,293537.438069,30431.057936192312,89.4227604,71.00624417391305,20.08110478912322,0.30659511499797854,16,64,,True,False,Request timeout: 300.0s exceeded,181,21.16838264042747
409,2026-09-14T02:33:04.824+00:00,2026-09-14T02:37:58.528+00:00,2026-09-14T02:38:04.869+00:00,False,92,91.0,,91.0,293704.69038499997,300045.06414499995,300045.064202,3261.3593934999994,0.03364,293704.69038499997,30613.573317292477,91.49741205000001,69.67443692307693,20.318733730561863,0.3032877753190543,16,64,,True,False,Request timeout: 300.0s exceeded,209,21.16838264042747
410,2026-09-14T02:33:10.220+00:00,2026-09-14T02:38:03.847+00:00,2026-09-14T02:38:12.752+00:00,False,89,88.0,,88.0,293627.127955,302531.479955,302531.480091,3399.2301133820224,0.02584,293627.127955,31115.25509765884,89.91690999999999,101.18581818181819,314.1058091350435,0.29087882032339096,16,64,,True,False,Request timeout: 300.0s exceeded,386,21.16838264042747
411,2026-09-14T02:33:13.830+00:00,2026-09-14T02:38:07.470+00:00,2026-09-14T02:38:13.854+00:00,False,106,105.0,,105.0,293640.287254,300024.76392600004,300024.76388900005,2830.422300839623,0.015220000000000001,293640.287254,28516.436439409827,88.66130825,60.804539733333336,291.55971461824566,0.3499711111376721,16,64,,True,False,Request timeout: 300.0s exceeded,477,21.16838264042747
412,2026-09-14T02:33:18.185+00:00,2026-09-14T02:38:14.043+00:00,2026-09-14T02:38:18.201+00:00,False,65,64.0,,64.0,295857.728212,300015.43778,300015.43790799996,4615.622121661539,0.040119999999999996,295857.728212,36688.58246937523,86.187791,64.964212,20.235960518635647,0.21332235592133406,16,64,,True,False,Request timeout: 300.0s exceeded,193,21.16838264042747
413,2026-09-14T02:33:22.247+00:00,2026-09-14T02:38:15.692+00:00,2026-09-14T02:38:22.308+00:00,False,99,98.0,,98.0,293444.688692,300060.9685,300060.968459,3030.918873323232,0.03805,293444.688692,29485.522028947766,88.0167678,67.51305926530611,19.625071150857227,0.32660029223360987,16,64,,True,False,Request timeout: 300.0s exceeded,131,21.16838264042747
414,2026-09-14T02:33:25.327+00:00,2026-09-14T02:38:18.647+00:00,2026-09-14T02:38:25.404+00:00,False,100,99.0,,99.0,293320.473514,300077.09789800004,300077.09781400004,3000.77097814,0.048909999999999995,293320.473514,29325.229030296516,87.9637455,68.24873115151516,19.702640472763104,0.3299152141015818,16,64,,True,False,Request timeout: 300.0s exceeded,502,21.16838264042747
415,2026-09-14T02:33:29.746+00:00,2026-09-14T02:38:23.480+00:00,2026-09-14T02:38:29.775+00:00,False,96,95.0,,95.0,293733.78435900004,300028.87914300006,300028.87911400007,3125.300824104167,0.02939,293733.78435900004,29972.32254844763,89.058952,66.26415562105262,20.26164386433547,0.3166361860610125,16,64,,True,False,Request timeout: 300.0s exceeded,396,21.16838264042747
416,2026-09-14T02:33:33.494+00:00,2026-09-14T02:38:27.209+00:00,2026-09-14T02:38:33.564+00:00,False,97,96.0,,96.0,293715.06820700003,300070.56823900004,300070.56819200004,3093.51101228866,0.0224,293715.06820700003,29815.53161436784,88.7583202,66.20312533333333,20.106140410250546,0.3199247449137963,16,64,,True,False,Request timeout: 300.0s exceeded,455,21.16838264042747
417,2026-09-14T02:33:37.186+00:00,2026-09-14T02:38:30.832+00:00,2026-09-14T02:38:37.215+00:00,False,92,91.0,,91.0,293646.17972,300029.175176,300029.175248,3261.186687478261,0.019129999999999998,293646.17972,30607.424079900953,89.49071760000001,70.14280720879121,19.93551722449546,0.30330383685726076,16,64,,True,False,Request timeout: 300.0s exceeded,434,21.16838264042747
418,2026-09-14T02:33:40.346+00:00,2026-09-14T02:38:34.510+00:00,2026-09-14T02:38:40.409+00:00,False,85,84.0,,84.0,294163.676217,300062.830393,300062.830405,3530.1509459411764,0.024329999999999997,294163.676217,31898.918999213176,87.619855,70.2280259047619,19.385704546590038,0.2799413705788986,16,64,,True,False,Request timeout: 300.0s exceeded,296,21.16838264042747
419,2026-09-14T02:33:43.344+00:00,2026-09-14T02:38:36.961+00:00,2026-09-14T02:38:43.411+00:00,False,97,96.0,,96.0,293617.20795899996,300066.88245499996,300066.882526,3093.473015731958,0.05281,293617.20795899996,29805.4961911595,87.9328748,67.18410933333332,20.669339715570526,0.319928674616056,16,64,,True,False,Request timeout: 300.0s exceeded,430,21.16838264042747
420,2026-09-14T02:33:47.747+00:00,2026-09-14T02:38:41.449+00:00,2026-09-14T02:38:47.753+00:00,False,98,97.0,,97.0,293702.47743699996,300006.701693,300006.70185199997,3061.292876040816,0.0213,293702.47743699996,29661.872392368194,86.26973534999999,64.99200263917525,20.606179741506633,0.3233261105588939,16,64,,True,False,Request timeout: 300.0s exceeded,368,21.16838264042747
421,2026-09-14T02:33:52.456+00:00,2026-09-14T02:38:45.934+00:00,2026-09-14T02:38:52.478+00:00,False,99,98.0,,98.0,293477.80157,300022.526562,300022.526616,3030.530571878788,0.034969,293477.80157,29488.923336200096,87.72951089999998,66.78290808163266,19.557694428175274,0.32664213958530275,16,64,,True,False,Request timeout: 300.0s exceeded,475,21.16838264042747
422,2026-09-14T02:33:55.906+00:00,2026-09-14T02:38:49.573+00:00,2026-09-14T02:38:55.961+00:00,False,95,94.0,,94.0,293666.36056,300054.431472,300054.431388,3158.4676988210526,0.02435,293666.36056,30122.56727321639,88.88106739999999,67.95820119148937,20.30448543493502,0.3132764929978104,16,64,,True,False,Request timeout: 300.0s exceeded,374,21.16838264042747
423,2026-09-14T02:34:01.095+00:00,2026-09-14T02:38:54.756+00:00,2026-09-14T02:39:01.159+00:00,False,96,95.0,,95.0,293660.74383999995,300064.12662399997,300064.12650499993,3125.667984427083,0.04204,293660.74383999995,29964.75132299578,88.23582624999999,67.40402930526317,19.926095226620273,0.3165989919182883,16,64,,True,False,Request timeout: 300.0s exceeded,470,21.16838264042747
424,2026-09-14T02:34:04.133+00:00,2026-09-14T02:38:58.212+00:00,2026-09-14T02:39:04.155+00:00,False,86,85.0,,85.0,294079.233805,300021.79918100004,300021.79918300005,3488.625571895349,0.024059999999999998,294079.233805,31703.846362461085,87.6725625,69.91253383529411,19.460119560573364,0.2833127467138492,16,64,,True,False,Request timeout: 300.0s exceeded,279,21.16838264042747
425,2026-09-14T02:34:09.512+00:00,2026-09-14T02:39:03.071+00:00,2026-09-14T02:39:09.540+00:00,False,101,100.0,,100.0,293559.71537,300028.29060199996,300028.290828,2970.577136910891,0.02143,293559.71537,29203.85409963062,89.12752199999998,64.68575232,20.52238027132775,0.33330190229512113,16,64,,True,False,Request timeout: 300.0s exceeded,193,21.16838264042747
426,2026-09-14T02:34:13.571+00:00,2026-09-14T02:39:07.470+00:00,2026-09-14T02:39:13.611+00:00,False,91,90.0,,90.0,293898.42858300003,300040.124071,300040.12423200003,3297.144222329671,0.0385,293898.42858300003,30801.77955954848,88.93431250000002,68.24106097777778,20.19172994164057,0.29995988129475254,16,64,,True,False,Request timeout: 300.0s exceeded,317,21.16838264042747
427,2026-09-14T02:34:18.380+00:00,2026-09-14T02:39:12.112+00:00,2026-09-14T02:39:18.444+00:00,False,94,93.0,,93.0,293732.497082,300064.254138,300064.25399,3192.1729147872343,0.02851,293732.497082,30289.177899652695,88.17916115,68.08340920430108,19.713567667892345,0.3099336182750684,16,64,,True,False,Request timeout: 300.0s exceeded,457,21.16838264042747
428,2026-09-14T02:34:23.026+00:00,2026-09-14T02:39:16.832+00:00,2026-09-14T02:39:23.056+00:00,False,91,90.0,,90.0,293805.263608,300029.22188,300029.221862,3297.024416065934,0.039689999999999996,293805.263608,30791.916853953237,87.23827099999998,69.15509191111111,19.327605750806427,0.29997078096611696,16,64,,True,False,Request timeout: 300.0s exceeded,380,21.16838264042747
429,2026-09-14T02:34:28.316+00:00,2026-09-14T02:39:22.010+00:00,2026-09-14T02:39:28.377+00:00,False,93,92.0,,92.0,293694.07135000004,300060.282934,300060.282965,3226.454655537635,0.03535,293694.07135000004,30447.487103148753,88.966718,69.197952,19.37043967154613,0.3066050564920514,16,64,,True,False,Request timeout: 300.0s exceeded,470,21.16838264042747
430,2026-09-14T02:34:32.184+00:00,2026-09-14T02:39:25.855+00:00,2026-09-14T02:39:32.201+00:00,False,94,93.0,,93.0,293671.576236,300017.554092,300017.554013,3191.6761065212763,0.03823,293671.576236,30282.87882500663,88.45954,68.23632103225806,20.023654333127865,0.30998186183293014,16,64,,True,False,Request timeout: 300.0s exceeded,413,21.16838264042747
431,2026-09-14T02:34:35.979+00:00,2026-09-14T02:39:29.578+00:00,2026-09-14T02:39:35.990+00:00,False,110,109.0,,109.0,293599.420236,300010.79585199995,300010.795696,2727.3708699636363,0.03644,293599.420236,27988.005307820447,88.80977345,58.819959779816514,20.20867704268035,0.3633202588275237,16,64,,True,False,Request timeout: 300.0s exceeded,480,21.16838264042747
432,2026-09-14T02:34:40.479+00:00,2026-09-14T02:39:34.280+00:00,2026-09-14T02:39:40.654+00:00,False,156,155.0,,155.0,293801.10175800003,300175.46259,300175.462506,1924.2016827307693,0.01765,293801.10175800003,23519.741847759025,114.30445125000001,41.12490859354839,75.52251149620555,0.5163646577325659,16,64,,True,False,Request timeout: 300.0s exceeded,335,21.16838264042747
0,2026-09-14T02:04:40.901+00:00,2026-09-14T02:04:41.145+00:00,2026-09-14T02:04:53.729+00:00,True,234,234.0,,234.0,243.900226,12827.712322,12827.712288,54.81928328205128,0.04412,243.900226,23.505165473774206,93.8789768,54.0077772360515,20.002790525974785,18.241756139064748,17,64,,False,True,,1046,21.16838264042747
1,2026-09-14T02:04:44.231+00:00,2026-09-14T02:04:44.407+00:00,2026-09-14T02:04:52.078+00:00,True,131,131.0,,131.0,175.96318,7846.981164,7846.981154,59.900619496183204,0.02933,175.96318,22.221656312230348,92.5354395,59.00783064615384,19.80919472897127,16.694318141222954,17,64,,False,True,,598,21.16838264042747
2,2026-09-14T02:04:48.699+00:00,2026-09-14T02:04:52.220+00:00,2026-09-14T02:05:07.325+00:00,True,229,229.0,,229.0,3521.24082,18626.082036,18626.082099,81.33660305240174,39.284237000000005,3521.24082,229.33566976976178,95.1762874,66.24930357894736,21.689215942327266,12.294587748373214,17,64,,False,True,,1042,21.16838264042747
3,2026-09-14T02:04:51.658+00:00,2026-09-14T02:04:57.196+00:00,2026-09-14T02:05:15.871+00:00,True,284,284.0,,284.0,5538.287369,24213.018377,24213.018385,85.25710698943662,17.192544,5538.287369,325.4450970291018,95.12092349999999,65.98844879151943,21.732997098089303,11.729227458472185,17,64,,False,True,,1343,21.16838264042747
4,2026-09-14T02:04:56.838+00:00,2026-09-14T02:05:05.712+00:00,2026-09-14T02:05:16.362+00:00,True,163,163.0,,163.0,8873.895159,19524.569591,19524.569625,119.78263573619631,19.812027999999998,8873.895159,690.2448635938358,96.0206122,65.74490390123457,21.642632666798296,8.348455480172843,17,64,,False,True,,704,21.16838264042747
5,2026-09-14T02:05:01.811+00:00,2026-09-14T02:05:14.935+00:00,2026-09-14T02:05:34.079+00:00,True,285,285.0,,285.0,13123.590104,32267.973080000003,32267.973270000002,113.22095884210526,18.302652,13123.590104,773.7057667391739,95.2241928,67.40979921126761,22.441823058294137,8.832287026316063,17,64,,False,True,,1309,21.16838264042747
6,2026-09-14T02:05:06.270+00:00,2026-09-14T02:05:23.226+00:00,2026-09-14T02:05:33.845+00:00,True,161,161.0,,161.0,16955.556517999998,27574.917285999996,27574.917448999997,171.27277918633538,38.811018,16955.556517999998,1331.233331433913,95.288699,66.3710048,21.901357826662384,5.83863945375245,17,64,,False,True,,1003,21.16838264042747
7,2026-09-14T02:05:09.824+00:00,2026-09-14T02:05:29.096+00:00,2026-09-14T02:05:38.630+00:00,True,144,144.0,,144.0,19272.202415,28806.421679,28806.421544,200.04459405555556,0.01781,19272.202415,1600.7341651386116,96.1848165,66.67286198601398,29.686203102226077,4.99888537370737,17,64,,False,True,,667,21.16838264042747
8,2026-09-14T02:05:13.970+00:00,2026-09-14T02:05:35.994+00:00,2026-09-14T02:05:46.109+00:00,True,156,156.0,,156.0,22024.222098000002,32139.724690000003,32139.724643,206.02387591666667,0.016640000000000002,22024.222098000002,1758.3601083591807,96.790841,65.26130704516129,28.912390619433303,4.85380635660946,17,64,,False,True,,803,21.16838264042747
9,2026-09-14T02:05:17.633+00:00,2026-09-14T02:05:43.741+00:00,2026-09-14T02:05:53.630+00:00,True,150,150.0,,150.0,26107.460581,35997.233381,35997.23324,239.98155493333334,39.183998,26107.460581,2126.3589603243686,97.05272844999999,66.37431409395974,22.011805615781313,4.166986901809314,17,64,,False,True,,605,21.16838264042747
10,2026-09-14T02:05:21.214+00:00,2026-09-14T02:05:48.765+00:00,2026-09-14T02:05:55.926+00:00,True,108,108.0,,108.0,27551.241061,34711.631461,34711.631412,321.4039945555556,40.699614000000004,27551.241061,2644.772148982173,97.00999954999999,66.91953644859814,22.172772600172863,3.1113490047663888,17,64,,False,True,,518,21.16838264042747
11,2026-09-14T02:05:25.343+00:00,2026-09-14T02:05:56.248+00:00,2026-09-14T02:06:06.927+00:00,True,163,163.0,,163.0,30905.332105,41584.750473,41584.750641,255.12116957668712,40.037535000000005,30905.332105,2415.627454899725,95.26806799999999,65.92233560493827,21.877347284001793,3.919706097691558,17,64,,False,True,,678,21.16838264042747
12,2026-09-14T02:05:29.459+00:00,2026-09-14T02:06:03.694+00:00,2026-09-14T02:06:22.785+00:00,True,284,284.0,,284.0,34234.959288000005,53326.415544,53326.415639000006,187.76906915140847,37.031811999999995,34234.959288000005,2027.5921089878584,95.04604814999999,67.4609761696113,22.47203958259954,5.325690787629812,17,64,,False,True,,1439,21.16838264042747
13,2026-09-14T02:05:33.823+00:00,2026-09-14T02:06:11.176+00:00,2026-09-14T02:06:17.780+00:00,True,102,102.0,,102.0,37353.500077,43957.054124999995,43957.054082999995,430.95151061764705,36.423902999999996,37353.500077,3692.138207840022,93.97673255000001,65.38172324752475,21.903934087783437,2.3204466730173543,17,64,,False,True,,298,21.16838264042747
14,2026-09-14T02:05:37.072+00:00,2026-09-14T02:06:17.237+00:00,2026-09-14T02:06:36.600+00:00,True,292,292.0,,292.0,40164.636345,59527.731641,59527.731714,203.8620949109589,0.01617,40164.636345,2346.7485730655294,94.65677300000002,66.53984637800687,29.514329498204287,4.90527678361733,17,64,,False,True,,1403,21.16838264042747
15,2026-09-14T02:05:40.479+00:00,2026-09-14T02:06:22.435+00:00,2026-09-14T02:06:29.767+00:00,True,115,115.0,,115.0,41955.675091,49287.609298999996,49287.609231999995,428.58790636521735,9.6708,41955.675091,3906.4608825561677,92.81981470000001,64.31521235087719,23.728084076601856,2.333243621177894,17,64,,False,True,,470,21.16838264042747
16,2026-09-14T02:05:45.340+00:00,2026-09-14T02:06:32.180+00:00,2026-09-14T02:06:40.584+00:00,True,127,127.0,,127.0,46839.370591,55243.696735,55243.696952,434.98973977952755,0.018619,46839.370591,4150.567852521348,94.8129537,66.70100114285714,37.10825390723353,2.2989048073522267,17,64,,False,True,,594,21.16838264042747
17,2026-09-14T02:05:50.556+00:00,2026-09-14T02:06:40.943+00:00,2026-09-14T02:06:56.987+00:00,True,241,241.0,,241.0,50387.493233999994,66430.84990599999,66430.84975499999,275.6466794813278,10.855837,50387.493233999994,3241.515969763596,94.968399,66.84731946666668,22.565665489240818,3.6278325558233306,17,64,,False,True,,900,21.16838264042747
18,2026-09-14T02:05:55.178+00:00,2026-09-14T02:06:48.953+00:00,2026-09-14T02:06:56.395+00:00,True,112,112.0,,112.0,53775.833376,61216.996384000005,61216.996305,546.5803241517857,39.967915999999995,53775.833376,5075.05407865953,96.0579895,67.03750457657658,22.60659816497691,1.829557257227225,17,64,,False,True,,548,21.16838264042747
19,2026-09-14T02:06:00.214+00:00,2026-09-14T02:06:57.779+00:00,2026-09-14T02:07:10.660+00:00,True,189,189.0,,189.0,57565.04586599999,70446.869866,70446.86987499999,372.73476124338623,0.0,57565.04586599999,4182.338634269681,95.96443160000001,68.52034042553191,26.2278872082878,2.682872927633335,17,64,,False,True,,978,21.16838264042747
20,2026-09-14T02:06:05.335+00:00,2026-09-14T02:07:06.431+00:00,2026-09-14T02:07:17.309+00:00,True,161,161.0,,161.0,61095.842663999996,71974.09341599999,71974.093432,447.0440585838509,0.0,61095.842663999996,4809.748799414147,97.026765,67.98906720000001,27.85406667881983,2.236915984053359,17,64,,False,True,,722,21.16838264042747
21,2026-09-14T02:06:08.769+00:00,2026-09-14T02:07:12.999+00:00,2026-09-14T02:07:22.820+00:00,True,147,147.0,,147.0,64230.757012999995,74050.986645,74050.986654,503.7482085306122,41.69494,64230.757012999995,5292.1600308604175,96.22341189999999,67.26184679452054,21.690021497546823,1.98511872238404,17,64,,False,True,,735,21.16838264042747
22,2026-09-14T02:06:12.329+00:00,2026-09-14T02:07:19.508+00:00,2026-09-14T02:07:33.383+00:00,True,210,210.0,,210.0,67178.977608,81054.181704,81054.181479,385.97229275714284,0.01714,67178.977608,4631.380005583094,94.832032,66.38853634449761,39.93740861414748,2.590859540928985,17,64,,False,True,,1036,21.16838264042747
23,2026-09-14T02:06:16.397+00:00,2026-09-14T02:07:26.480+00:00,2026-09-14T02:07:35.405+00:00,True,135,135.0,,135.0,70083.346232,79007.650104,79007.649935,585.2418513703703,0.019,70083.346232,6026.256466241163,95.91477300000001,66.59928262686567,46.01320848324898,1.708695294978343,17,64,,False,True,,438,21.16838264042747
24,2026-09-14T02:06:21.670+00:00,2026-09-14T02:07:35.492+00:00,2026-09-14T02:07:54.435+00:00,True,295,295.0,,295.0,73822.20499099999,92765.420607,92765.42060599999,314.45905290169486,0.0,73822.20499099999,4294.405463823238,92.13091530000001,64.43270617687075,23.103159802129635,3.180064274701726,17,64,,False,True,,1168,21.16838264042747
25,2026-09-14T02:06:25.950+00:00,2026-09-14T02:07:42.568+00:00,2026-09-14T02:07:57.270+00:00,True,227,227.0,,227.0,76618.392353,91320.747041,91320.74708,402.29404,0.0,76618.392353,5081.082232781905,93.72641589999999,65.05466676106194,24.488814688512075,2.4857440105925166,17,64,,False,True,,901,21.16838264042747
26,2026-09-14T02:06:29.294+00:00,2026-09-14T02:07:48.550+00:00,2026-09-14T02:08:07.959+00:00,True,294,294.0,,294.0,79256.649872,98665.31495999999,98665.315018,335.596309585034,0.0,79256.649872,4618.540875074125,95.33780435,66.24117777474403,24.05895859266476,2.979770551780946,17,64,,False,True,,1141,21.16838264042747
27,2026-09-14T02:06:34.320+00:00,2026-09-14T02:07:57.132+00:00,2026-09-14T02:08:06.719+00:00,True,147,147.0,,147.0,82811.56296099999,92399.254993,92399.25511499999,628.5663613265306,39.028508,82811.56296099999,6824.8017667856475,95.5224567,65.66912350684932,22.079021044921692,1.5909219182680256,17,64,,False,True,,784,21.16838264042747
28,2026-09-14T02:06:39.574+00:00,2026-09-14T02:08:06.432+00:00,2026-09-14T02:08:25.466+00:00,True,286,286.0,,286.0,86857.930743,105891.543543,105891.54353000001,370.2501522027972,0.0,86857.930743,5132.250707025446,95.141559,66.78460631578947,43.37484041814178,2.700876674669137,17,64,,False,True,,710,21.16838264042747
29,2026-09-14T02:06:44.680+00:00,2026-09-14T02:08:15.401+00:00,2026-09-14T02:08:33.178+00:00,True,267,267.0,,267.0,90720.813966,108497.823374,108497.82331400001,406.3588888164794,0.01589,90720.813966,5548.107905692906,95.500662,66.83086243609023,44.052721456687024,2.460878860948494,17,64,,False,True,,971,21.16838264042747
30,2026-09-14T02:06:48.121+00:00,2026-09-14T02:08:20.830+00:00,2026-09-14T02:08:33.089+00:00,True,189,189.0,,189.0,92708.81331700001,104968.03891700001,104968.03904500001,555.386449973545,0.01616,92708.81331700001,6739.010839474725,96.9746556,65.20864680851064,49.41182873718835,1.8005480711080586,17,64,,False,True,,614,21.16838264042747
31,2026-09-14T02:06:52.734+00:00,2026-09-14T02:08:29.976+00:00,2026-09-14T02:08:46.601+00:00,True,249,249.0,,249.0,97242.738603,113867.574187,113867.57420500001,457.2994947991968,0.0,97242.738603,6158.309143223939,96.29684639999999,67.03562735483871,24.663729842232915,2.1867507214220407,17,64,,False,True,,1109,21.16838264042747
32,2026-09-14T02:06:57.249+00:00,2026-09-14T02:08:37.263+00:00,2026-09-14T02:08:54.613+00:00,True,262,262.0,,262.0,100013.577522,117363.435058,117363.435192,447.9520427175573,34.183167999999995,100013.577522,6174.792280642039,96.030706,66.47454994636016,22.167356527135265,2.232381830597595,17,64,,False,True,,759,21.16838264042747
33,2026-09-14T02:07:00.923+00:00,2026-09-14T02:08:45.008+00:00,2026-09-14T02:08:56.918+00:00,True,179,179.0,,179.0,104085.133875,115994.985011,115994.985008,648.0166760223464,39.933086,104085.133875,7774.718754568583,95.6446299,66.90927604494382,22.236040895686834,1.543170163632722,17,64,,False,True,,490,21.16838264042747
34,2026-09-14T02:07:04.387+00:00,2026-09-14T02:08:51.031+00:00,2026-09-14T02:08:58.010+00:00,True,105,105.0,,105.0,106643.659023,113622.298127,113622.298145,1082.1171251904761,37.198871,106643.659023,10400.829530597019,95.13470520000001,67.10229907692307,21.77873209754819,0.9241143836277407,17,64,,False,True,,535,21.16838264042747
35,2026-09-14T02:07:08.355+00:00,2026-09-14T02:08:58.754+00:00,2026-09-14T02:09:15.768+00:00,True,260,260.0,,260.0,110398.806066,127412.65336200001,127412.653164,490.04866601538464,0.0,110398.806066,6842.609664604802,96.51636195,65.6905301003861,23.533744756896546,2.0406136528787124,17,64,,False,True,,1141,21.16838264042747
36,2026-09-14T02:07:11.475+00:00,2026-09-14T02:09:03.432+00:00,2026-09-14T02:09:22.916+00:00,True,293,293.0,,293.0,111956.573135,131440.917967,131440.918014,448.60381574744025,0.0,111956.573135,6536.885021882899,97.71647959999999,66.72720832876712,52.54040316379619,2.2291384184760608,17,64,,False,True,,1177,21.16838264042747
37,2026-09-14T02:07:15.599+00:00,2026-09-14T02:09:11.129+00:00,2026-09-14T02:09:21.633+00:00,True,153,153.0,,153.0,115530.293473,126033.82908899999,126033.829099,823.7505169869281,0.016769,115530.293473,9334.702961239876,98.1606428,69.102208,64.13816800320514,1.2139597844953007,17,64,,False,True,,556,21.16838264042747
38,2026-09-14T02:07:19.354+00:00,2026-09-14T02:09:18.185+00:00,2026-09-14T02:09:28.538+00:00,True,159,159.0,,159.0,118831.93988600001,129184.130862,129184.13094300001,812.4788109622642,0.0,118831.93988600001,9418.847321706067,97.417275,65.5201960506329,33.037709597128384,1.230801329381939,17,64,,False,True,,715,21.16838264042747
39,2026-09-14T02:07:22.410+00:00,2026-09-14T02:09:23.743+00:00,2026-09-14T02:09:43.671+00:00,True,300,300.0,,300.0,121332.765591,141261.223319,141261.223532,470.8707451066667,39.959776,121332.765591,7001.335524704761,96.33319900000001,66.65036029431438,21.564048961823932,2.123725060220749,17,64,,False,True,,1411,21.16838264042747
40,2026-09-14T02:07:27.018+00:00,2026-09-14T02:09:30.979+00:00,2026-09-14T02:09:43.897+00:00,True,196,196.0,,196.0,123960.769275,136879.397627,136879.397562,698.3642732755102,38.14228,123960.769275,8849.634717744304,95.38306375,66.24937616410256,21.570433131124528,1.4319174645559531,17,64,,False,True,,668,21.16838264042747
41,2026-09-14T02:07:30.842+00:00,2026-09-14T02:09:37.726+00:00,2026-09-14T02:09:52.070+00:00,True,219,219.0,,219.0,126884.025378,141228.644898,141228.645082,644.8796579086759,0.0,126884.025378,8569.632903004936,95.0058738,65.80100697247707,29.765419828402255,1.5506769193896115,17,64,,False,True,,946,21.16838264042747
42,2026-09-14T02:07:34.963+00:00,2026-09-14T02:09:44.387+00:00,2026-09-14T02:09:52.473+00:00,True,126,126.0,,126.0,129424.169317,137509.568613,137509.568681,1091.3457831825397,0.0,129424.169317,11524.309623547359,94.3313685,64.683194368,34.30562469554415,0.916299871135572,17,64,,False,True,,567,21.16838264042747
43,2026-09-14T02:07:39.929+00:00,2026-09-14T02:09:53.611+00:00,2026-09-14T02:10:13.193+00:00,True,293,293.0,,293.0,133682.133608,153264.19108000002,153264.19114100002,523.0859765904437,0.0,133682.133608,7805.923551044058,95.078229,67.06184065753425,27.339013624389636,1.9117316180337351,17,64,,False,True,,1358,21.16838264042747
44,2026-09-14T02:07:43.081+00:00,2026-09-14T02:09:59.461+00:00,2026-09-14T02:10:10.575+00:00,True,167,167.0,,167.0,136379.883088,147494.08648,147494.086415,883.198122245509,41.068593,136379.883088,10548.232868201216,94.902261,66.9530324819277,21.436578510958373,1.132248783564926,17,64,,False,True,,388,21.16838264042747
45,2026-09-14T02:07:46.314+00:00,2026-09-14T02:10:05.443+00:00,2026-09-14T02:10:18.459+00:00,True,183,183.0,,183.0,139128.406117,152144.29757300002,152144.297648,831.3896046338798,0.0,139128.406117,10279.631990990563,96.3743721,71.51588712087911,72.01596479554095,1.2028055137077693,17,64,,False,True,,853,21.16838264042747
46,2026-09-14T02:07:49.894+00:00,2026-09-14T02:10:11.062+00:00,2026-09-14T02:10:25.651+00:00,True,224,224.0,,224.0,141168.228106,155756.927498,155756.927395,695.3434258705357,0.0,141168.228106,9428.060420721458,96.93538815,65.42017664573991,66.36062248568211,1.4381382812194743,17,64,,False,True,,373,21.16838264042747
47,2026-09-14T02:07:55.073+00:00,2026-09-14T02:10:20.719+00:00,2026-09-14T02:10:27.490+00:00,True,102,102.0,,102.0,145645.833344,152416.924288,152416.924184,1494.2835704313727,38.352608999999994,145645.833344,14414.466071417852,96.3327925,67.04050439603961,22.68089963922289,0.6692170208556727,17,64,,False,True,,430,21.16838264042747
48,2026-09-14T02:08:00.368+00:00,2026-09-14T02:10:30.015+00:00,2026-09-14T02:10:43.717+00:00,True,204,204.0,,204.0,149647.325507,163349.476675,163349.476738,800.7327291078432,0.0,149647.325507,10472.734362967572,95.72354250000001,67.49828161576355,32.992031355126656,1.2488561589081686,17,64,,False,True,,879,21.16838264042747
49,2026-09-14T02:08:03.349+00:00,2026-09-14T02:10:35.284+00:00,2026-09-14T02:10:45.529+00:00,True,156,156.0,,156.0,151934.801672,162180.15924,162180.159334,1039.6164059871794,0.0,151934.801672,12159.280019923528,96.28925200000002,66.09908108387097,35.8595727654458,0.961893247182879,17,64,,False,True,,662,21.16838264042747
50,2026-09-14T02:08:07.159+00:00,2026-09-14T02:10:42.049+00:00,2026-09-14T02:10:54.786+00:00,True,193,193.0,,193.0,154889.92118399998,167626.632352,167626.63229399998,868.5317735440414,7.177235,154889.92118399998,11144.467446626724,95.485046,66.33703733333334,22.20237696633534,1.151368355326249,17,64,,False,True,,304,21.16838264042747
51,2026-09-14T02:08:11.008+00:00,2026-09-14T02:10:48.270+00:00,2026-09-14T02:10:59.847+00:00,True,176,176.0,,176.0,157261.141,168838.940424,168838.940448,959.3121616363636,9.12349,157261.141,11849.037511265775,92.98602849999999,66.15885385142857,21.780837973368612,1.0424135543495872,17,64,,False,True,,764,21.16838264042747
52,2026-09-14T02:08:16.301+00:00,2026-09-14T02:10:57.790+00:00,2026-09-14T02:11:14.339+00:00,True,252,252.0,,252.0,161488.801578,178038.33809,178038.33810300002,706.5013416785715,0.0,161488.801578,10168.730552478668,93.482523,65.93440841434263,30.558070592874547,1.4154254791606273,17,64,,False,True,,1180,21.16838264042747
53,2026-09-14T02:08:21.405+00:00,2026-09-14T02:11:07.489+00:00,2026-09-14T02:11:27.791+00:00,True,288,288.0,,288.0,166083.904668,186386.560412,186386.560639,647.1755577743056,0.0,166083.904668,9782.641920416383,95.9693375,70.74096078048781,66.08458976771384,1.5451757860834363,17,64,,False,True,,1276,21.16838264042747
54,2026-09-14T02:08:24.481+00:00,2026-09-14T02:11:12.388+00:00,2026-09-14T02:11:19.169+00:00,True,104,104.0,,104.0,167907.116846,174688.06430199998,174688.064285,1679.6929258173077,40.243175,167907.116846,16458.20599713093,96.30875015,65.83444132038835,21.714891966677385,0.5953469140295998,17,64,,False,True,,430,21.16838264042747
55,2026-09-14T02:08:29.336+00:00,2026-09-14T02:11:21.418+00:00,2026-09-14T02:11:40.058+00:00,True,284,284.0,,284.0,172082.022235,190721.82460300002,190721.824751,671.5557209542254,0.01517,172082.022235,10207.483464115769,95.97924284999999,65.86502603533569,64.40200239333517,1.4890797138249103,17,64,,False,True,,1324,21.16838264042747
56,2026-09-14T02:08:33.297+00:00,2026-09-14T02:11:28.985+00:00,2026-09-14T02:11:40.515+00:00,True,177,177.0,,177.0,175687.460611,187217.705219,187217.70523999998,1057.7271482485876,40.824404,175687.460611,13200.572961571099,95.50109280000001,65.51275345454545,22.465453107604773,0.9454234031602528,17,64,,False,True,,838,21.16838264042747
57,2026-09-14T02:08:37.587+00:00,2026-09-14T02:11:35.583+00:00,2026-09-14T02:11:54.101+00:00,True,278,278.0,,278.0,177996.40680000003,196514.17422400002,196514.17416300002,706.8855185719425,0.0,177996.40680000003,10671.5480686026,95.3757325,66.85114593501805,30.16453004768539,1.4146562256782402,17,64,,False,True,,1168,21.16838264042747
58,2026-09-14T02:08:41.489+00:00,2026-09-14T02:11:42.665+00:00,2026-09-14T02:11:56.413+00:00,True,205,205.0,,205.0,181175.83735299998,194924.028841,194924.02880799997,950.848921014634,39.842096,181175.83735299998,12649.181897782413,94.8375622,67.39309552941177,22.247615725543433,1.0516917858660668,17,64,,False,True,,898,21.16838264042747
59,2026-09-14T02:08:45.821+00:00,2026-09-14T02:11:49.671+00:00,2026-09-14T02:12:01.042+00:00,True,168,168.0,,168.0,183850.27999200003,195220.95493600002,195220.95487800002,1162.0294933214286,39.928176,183850.27999200003,14179.12098527823,96.12744315,68.08787391616767,22.043079891126215,0.8605633552764662,17,64,,False,True,,796,21.16838264042747
60,2026-09-14T02:08:49.095+00:00,2026-09-14T02:11:56.043+00:00,2026-09-14T02:12:04.360+00:00,True,127,127.0,,127.0,186947.88678600002,195265.27712200003,195265.27692700003,1537.5218655669294,40.612345,186947.88678600002,16583.09930206889,95.55894330000001,66.01103441269841,21.947192235985046,0.6503972537864555,17,64,,False,True,,456,21.16838264042747
61,2026-09-14T02:08:53.902+00:00,2026-09-14T02:12:04.736+00:00,2026-09-14T02:12:13.470+00:00,True,126,126.0,,126.0,190833.626505,199567.562889,199567.562958,1583.8695472857141,39.755156,190833.626505,16994.60238945535,98.821342,69.871491072,23.678676764839338,0.6313651285609051,17,64,,False,True,,571,21.16838264042747
62,2026-09-14T02:08:57.166+00:00,2026-09-14T02:12:10.787+00:00,2026-09-14T02:12:27.074+00:00,True,240,240.0,,240.0,193621.903613,209908.654589,209908.654718,874.6193946583334,0.0,193621.903613,12493.883797706336,95.68307150000001,68.14540157322176,32.628960630767324,1.1433544770696504,17,64,,False,True,,1175,21.16838264042747
63,2026-09-14T02:09:00.887+00:00,2026-09-14T02:12:17.581+00:00,2026-09-14T02:12:34.107+00:00,True,249,249.0,,249.0,196693.618486,213220.103478,213220.103516,856.3056366104418,40.356925000000004,196693.618486,12460.746473382798,93.81064640000001,66.63905238709678,21.19669731488074,1.1678073311961026,17,64,,False,True,,898,21.16838264042747
64,2026-09-14T02:09:04.929+00:00,2026-09-14T02:12:23.975+00:00,2026-09-14T02:12:38.596+00:00,True,224,224.0,,224.0,199046.919024,213667.05368,213667.053842,953.8707760803571,35.893444,199046.919024,13295.018392190848,95.5819665,65.56114195515696,21.425094379929135,1.0483600355882439,17,64,,False,True,,762,21.16838264042747
65,2026-09-14T02:09:08.742+00:00,2026-09-14T02:12:32.553+00:00,2026-09-14T02:12:49.993+00:00,True,266,266.0,,266.0,203810.653071,221250.425231,221250.42530600002,831.7685161879699,31.406204000000002,203810.653071,12492.416049882422,94.23559625,65.81046098113208,21.38087816821675,1.2022575763290781,17,64,,False,True,,1108,21.16838264042747
66,2026-09-14T02:09:12.856+00:00,2026-09-14T02:12:39.243+00:00,2026-09-14T02:12:54.105+00:00,True,228,228.0,,228.0,206387.51005799999,221249.34711399997,221249.347186,970.391873622807,0.0,206387.51005799999,13664.260098115954,94.16470535,65.47064782378854,82.71287748456781,1.0305115155097913,17,64,,False,True,,1065,21.16838264042747
67,2026-09-14T02:09:18.198+00:00,2026-09-14T02:12:48.669+00:00,2026-09-14T02:13:08.381+00:00,True,296,296.0,,296.0,210471.008145,230182.803601,230182.803632,777.6446068648648,0.0,210471.008145,12229.704180070856,95.5759115,66.81964561355932,71.64227829349389,1.2859344632585494,17,64,,False,True,,1408,21.16838264042747
68,2026-09-14T02:09:22.103+00:00,2026-09-14T02:12:56.359+00:00,2026-09-14T02:13:11.823+00:00,True,231,231.0,,231.0,214256.781595,229720.309787,229720.309718,994.4602152294373,29.502267,214256.781595,14092.654335367111,95.509159,67.23273126956522,21.719094375023293,1.0055706446425505,17,64,,False,True,,983,21.16838264042747
69,2026-09-14T02:09:25.329+00:00,2026-09-14T02:13:00.725+00:00,2026-09-14T02:13:10.423+00:00,True,147,147.0,,147.0,215395.923118,225093.55307,225093.55296,1531.2486595918367,36.590453000000004,215395.923118,17760.091094981748,95.638341,66.42212295890411,21.716164957527006,0.6530617958404419,17,64,,False,True,,714,21.16838264042747
70,2026-09-14T02:09:30.145+00:00,2026-09-14T02:13:09.149+00:00,2026-09-14T02:13:27.496+00:00,True,282,282.0,,282.0,219004.010155,237350.463147,237350.463321,841.6683096489362,40.416163999999995,219004.010155,13037.62868945448,93.75124799999999,65.28986829893238,21.475900442546834,1.1881164934797153,17,64,,False,True,,1335,21.16838264042747
71,2026-09-14T02:09:33.483+00:00,2026-09-14T02:13:15.507+00:00,2026-09-14T02:13:24.934+00:00,True,146,146.0,,146.0,222023.976215,231451.17493500002,231451.174984,1585.282020438356,40.278545,222023.976215,18369.46679872423,93.85423775,65.0151635862069,21.4862941183205,0.6308025873750789,17,64,,False,True,,689,21.16838264042747
72,2026-09-14T02:09:37.866+00:00,2026-09-14T02:13:23.028+00:00,2026-09-14T02:13:37.212+00:00,True,216,216.0,,216.0,225161.944881,239345.269553,239345.26977400001,1108.0799526574074,0.0,225161.944881,15315.888413440387,94.35277250000001,65.9689519627907,38.10710150617355,0.9024619554980156,17,64,,False,True,,992,21.16838264042747
73,2026-09-14T02:09:42.136+00:00,2026-09-14T02:13:30.211+00:00,2026-09-14T02:13:43.545+00:00,True,202,202.0,,202.0,228074.277447,241409.275463,241409.275382,1195.0954226831684,0.0,228074.277447,16042.62879760655,94.84823209999999,66.34327371144278,38.735389061871494,0.836753267299209,17,64,,False,True,,1077,21.16838264042747
74,2026-09-14T02:09:46.458+00:00,2026-09-14T02:13:38.180+00:00,2026-09-14T02:13:51.178+00:00,True,193,193.0,,193.0,231721.565991,244720.069671,244720.069442,1267.979634414508,39.305406000000005,231721.565991,16674.82535796843,95.79401060000001,67.70054,22.611111683038533,0.788656199139972,17,64,,False,True,,583,21.16838264042747
75,2026-09-14T02:09:51.386+00:00,2026-09-14T02:13:48.216+00:00,2026-09-14T02:14:05.533+00:00,True,262,262.0,,262.0,236829.286295,254146.780823,254146.780874,970.0258811984733,31.891882000000003,236829.286295,14627.279881638959,94.72636149999998,66.35055374712644,22.25297762865917,1.0309003291388112,17,64,,False,True,,1282,21.16838264042747
76,2026-09-14T02:09:55.109+00:00,2026-09-14T02:13:54.178+00:00,2026-09-14T02:14:11.119+00:00,True,253,253.0,,253.0,239068.544132,256009.32186000003,256009.321838,1011.8945527193677,32.360131,239068.544132,15025.901529162018,95.81732459999999,67.22530844444445,22.88202504223137,0.9882452645156192,17,64,,False,True,,987,21.16838264042747
77,2026-09-14T02:10:00.090+00:00,2026-09-14T02:14:03.549+00:00,2026-09-14T02:14:11.437+00:00,True,115,115.0,,115.0,243458.319975,251346.985831,251346.98580999998,2185.6259635652173,40.170824,243458.319975,22696.164174611768,97.34482550000001,69.19882329824561,23.047846231671198,0.45753482827649017,17,64,,False,True,,605,21.16838264042747
78,2026-09-14T02:10:03.550+00:00,2026-09-14T02:14:09.482+00:00,2026-09-14T02:14:20.847+00:00,True,169,169.0,,169.0,245931.826283,257297.144427,257297.14436,1522.4683098224853,0.0,245931.826283,18912.680981391295,96.31369500000001,67.65070323809523,44.52124572920575,0.6568281213394829,17,64,,False,True,,867,21.16838264042747
79,2026-09-14T02:10:06.900+00:00,2026-09-14T02:14:16.106+00:00,2026-09-14T02:14:36.144+00:00,True,300,300.0,,300.0,249206.14597,269244.047282,269244.047367,897.48015789,0.015349999999999999,249206.14597,14384.30297664595,94.62489950000001,67.01639234782608,84.71423552764037,1.1142307621226142,17,64,,False,True,,1586,21.16838264042747
80,2026-09-14T02:10:10.226+00:00,2026-09-14T02:14:21.583+00:00,2026-09-14T02:14:39.599+00:00,True,272,272.0,,272.0,251357.10590400003,269373.5772,269373.57709800004,990.3440334485296,0.01578,251357.10590400003,15236.99539284746,93.83480749999998,66.48144389667897,89.72831819296427,1.009750112937209,17,64,,False,True,,608,21.16838264042747
81,2026-09-14T02:10:13.904+00:00,2026-09-14T02:14:28.393+00:00,2026-09-14T02:14:47.407+00:00,True,286,286.0,,286.0,254489.015769,273503.009753,273503.009824,956.3042301538461,0.01595,254489.015769,15044.552117091429,94.827811,66.71576836491228,86.20930500713271,1.0456923317161517,17,64,,False,True,,381,21.16838264042747
82,2026-09-14T02:10:17.049+00:00,2026-09-14T02:14:34.253+00:00,2026-09-14T02:14:41.114+00:00,True,106,106.0,,106.0,257204.568458,264065.665418,264065.665458,2491.1855231886793,40.019315,257204.568458,24975.578290486832,92.78787475000001,65.34378057142858,21.223712615335167,0.4014153064246667,17,64,,False,True,,440,21.16838264042747
83,2026-09-14T02:10:20.605+00:00,2026-09-14T02:14:40.475+00:00,2026-09-14T02:14:58.313+00:00,True,274,274.0,,274.0,259870.085208,277707.334232,277707.334261,1013.5304170109489,34.204177,259870.085208,15695.393746093669,94.28973215,65.33790851282052,21.71491557099355,0.9866502113015754,17,64,,False,True,,1107,21.16838264042747
84,2026-09-14T02:10:25.850+00:00,2026-09-14T02:14:48.451+00:00,2026-09-14T02:14:57.022+00:00,True,131,131.0,,131.0,262600.880007,271171.912327,271171.912371,2070.0145982519084,32.131342000000004,262600.880007,22937.7953169987,95.163488,65.93101784615385,21.845198071861955,0.4830883806359344,17,64,,False,True,,603,21.16838264042747
85,2026-09-14T02:10:29.029+00:00,2026-09-14T02:14:55.591+00:00,2026-09-14T02:15:07.072+00:00,True,167,167.0,,167.0,266561.763197,278042.429309,278042.429429,1664.9247271197605,0.0,266561.763197,20621.86791682789,95.0960483,69.16063922891566,46.09253167495538,0.6006277546021798,17,64,,False,True,,412,21.16838264042747
86,2026-09-14T02:10:33.452+00:00,2026-09-14T02:15:02.538+00:00,2026-09-14T02:15:13.191+00:00,True,161,161.0,,161.0,269086.060684,279739.05780400004,279739.05778900004,1737.5096757080746,38.908377,269086.060684,21201.717188140854,95.85395600000001,66.581232,22.688985419881504,0.5755363632946998,17,64,,False,True,,791,21.16838264042747
87,2026-09-14T02:10:36.636+00:00,2026-09-14T02:15:07.830+00:00,2026-09-14T02:15:21.980+00:00,True,214,214.0,,214.0,271194.209472,285344.378304,285344.37812300003,1333.3849445,40.157834,271194.209472,18533.926855952122,96.3312235,66.43271752112676,22.50094424115422,0.7499709693667376,17,64,,False,True,,1007,21.16838264042747
88,2026-09-14T02:10:41.844+00:00,2026-09-14T02:15:17.305+00:00,2026-09-14T02:15:30.704+00:00,True,198,198.0,,198.0,275460.700208,288859.573808,288859.57375800004,1458.8867361515154,40.408925,275460.700208,19571.31874922004,96.25496869999999,68.01458680203046,22.43888902572112,0.6854541720386502,17,64,,False,True,,801,21.16838264042747
89,2026-09-14T02:10:45.762+00:00,2026-09-14T02:15:24.645+00:00,2026-09-14T02:15:32.140+00:00,True,107,107.0,,107.0,278883.81035399996,286378.68011399993,286378.68011899997,2676.436262794392,41.152453,278883.81035399996,26953.88951754509,97.12208700000001,70.70631849056605,22.603283698490966,0.3736311654114967,17,64,,False,True,,406,21.16838264042747
90,2026-09-14T02:10:49.887+00:00,2026-09-14T02:15:32.418+00:00,2026-09-14T02:15:44.900+00:00,True,190,190.0,,190.0,282530.90115499997,295013.06563499995,295013.065493,1552.7003446999997,34.488047,282530.90115499997,20492.166346486196,95.79871745,66.04319830687831,22.005342033909194,0.6440392719252453,17,64,,False,True,,1034,21.16838264042747
91,2026-09-14T02:10:54.808+00:00,2026-09-14T02:15:41.258+00:00,2026-09-14T02:15:53.604+00:00,True,193,193.0,,193.0,286449.141637,298795.986821,298795.98680400004,1548.1657347357514,0.0,286449.141637,20614.479105673752,95.08704460000001,64.30648533333334,44.4130494377493,0.6459256767582381,17,64,,False,True,,780,21.16838264042747
92,2026-09-14T02:10:58.151+00:00,2026-09-14T02:15:47.287+00:00,2026-09-14T02:15:58.197+00:00,False,168,167.0,,167.0,289135.409835,300046.082731,300046.082792,1785.988588047619,0.0,289135.409835,22302.290977263794,94.71224965000002,65.33337063473054,47.552226298993496,0.5565811707320983,17,64,,False,False,Request timeout: 300.0s exceeded,1030,21.16838264042747
93,2026-09-14T02:11:02.518+00:00,2026-09-14T02:15:54.782+00:00,2026-09-14T02:16:02.606+00:00,False,111,110.0,,110.0,292263.984929,300087.938081,300087.93807800004,2703.49493763964,0.047619999999999996,292263.984929,27733.72670699716,92.005965,71.12684683636364,21.09788324464496,0.3665592182859036,17,64,,False,False,Request timeout: 300.0s exceeded,692,21.16838264042747
94,2026-09-14T02:11:06.291+00:00,2026-09-14T02:15:59.682+00:00,2026-09-14T02:16:06.360+00:00,False,97,96.0,,96.0,293390.83983,300068.862742,300068.862834,3093.4934312783507,0.02155,293390.83983,29782.269974340717,89.3395888,69.56273866666668,19.916032966934118,0.319926563265383,17,64,,False,False,Request timeout: 300.0s exceeded,509,21.16838264042747
95,2026-09-14T02:11:11.037+00:00,2026-09-14T02:16:04.504+00:00,2026-09-14T02:16:11.081+00:00,False,98,97.0,,97.0,293466.813325,300043.170957,300043.171035,3061.6650105612243,0.022690000000000002,293466.813325,29637.78316932356,88.0400386,67.79750136082475,20.371645600756185,0.32328681132989806,17,64,,False,False,Request timeout: 300.0s exceeded,420,21.16838264042747
96,2026-09-14T02:11:14.474+00:00,2026-09-14T02:16:08.068+00:00,2026-09-14T02:16:14.486+00:00,False,97,96.0,,96.0,293593.512935,300011.541223,300011.54129100003,3092.9024875360824,0.02389,293593.512935,29803.123430278483,87.18977100000001,66.85446133333333,20.127538978704166,0.3199876898357145,17,64,,False,False,Request timeout: 300.0s exceeded,477,21.16838264042747
97,2026-09-14T02:11:17.782+00:00,2026-09-14T02:16:11.244+00:00,2026-09-14T02:16:17.834+00:00,False,99,98.0,,98.0,293462.229094,300052.53463,300052.53460300004,3030.833682858586,0.037079999999999995,293462.229094,29487.31174055305,90.36330400000001,67.2480156734694,19.922483477689763,0.32660947230739273,17,64,,False,False,Request timeout: 300.0s exceeded,412,21.16838264042747
98,2026-09-14T02:11:21.617+00:00,2026-09-14T02:16:14.993+00:00,2026-09-14T02:16:21.691+00:00,False,99,98.0,,98.0,293376.183551,300073.43564700003,300073.435505,3031.0448030808084,0.02523,293376.183551,29478.554221729093,88.53668379999999,68.3393071020408,20.012629591683854,0.3265867229756555,17,64,,False,False,Request timeout: 300.0s exceeded,217,21.16838264042747
99,2026-09-14T02:11:24.964+00:00,2026-09-14T02:16:18.645+00:00,2026-09-14T02:16:25.007+00:00,False,94,93.0,,93.0,293680.957237,300042.578741,300042.578749,3191.9423271170213,0.02521,293680.957237,30283.829022888825,89.42891750000001,68.40453230107526,19.979985510003555,0.30995600821134994,17,64,,False,False,Request timeout: 300.0s exceeded,456,21.16838264042747
100,2026-09-14T02:11:29.710+00:00,2026-09-14T02:16:23.589+00:00,2026-09-14T02:16:29.785+00:00,False,97,96.0,,96.0,293878.96541299997,300075.07728499995,300075.07721899997,3093.5574971030924,0.04269,293878.96541299997,29832.34227994156,89.11137120000001,64.542832,21.34555296335901,0.31991993759889237,17,64,,False,False,Request timeout: 300.0s exceeded,213,21.16838264042747
101,2026-09-14T02:11:33.934+00:00,2026-09-14T02:16:27.259+00:00,2026-09-14T02:16:34.018+00:00,False,116,115.0,,115.0,293325.257056,300083.996256,300083.99626,2586.9310022413792,0.0159,293325.257056,27229.52768440379,89.8227705,58.7716452173913,151.55347280073389,0.38322603482624285,17,64,,False,False,Request timeout: 300.0s exceeded,559,21.16838264042747
102,2026-09-14T02:11:37.398+00:00,2026-09-14T02:16:30.963+00:00,2026-09-14T02:16:37.435+00:00,False,105,104.0,,104.0,293565.42285699997,300036.58599299996,300036.58614399994,2857.4912966095235,0.01578,293565.42285699997,28643.414424208793,91.2148864,62.22272246153847,158.62057499370277,0.3466243946744094,17,64,,False,False,Request timeout: 300.0s exceeded,502,21.16838264042747
103,2026-09-14T02:11:41.407+00:00,2026-09-14T02:16:35.297+00:00,2026-09-14T02:16:41.420+00:00,False,88,87.0,,87.0,293890.092574,300013.12771000003,300013.12766500004,3409.240087102273,0.03548,293890.092574,31321.292948171467,90.5585099,70.37971420689655,20.00873666455885,0.2899873104356164,17,64,,False,False,Request timeout: 300.0s exceeded,443,21.16838264042747
104,2026-09-14T02:11:44.834+00:00,2026-09-14T02:16:38.747+00:00,2026-09-14T02:16:44.864+00:00,False,96,95.0,,95.0,293912.549056,300029.56921600003,300029.56937000004,3125.3080142708336,0.0,293912.549056,29990.821212897397,88.96493525,64.38968589473684,64.68987833816742,0.31663545779251756,17,64,,False,False,Request timeout: 300.0s exceeded,499,21.16838264042747
105,2026-09-14T02:11:48.861+00:00,2026-09-14T02:16:42.946+00:00,2026-09-14T02:16:48.876+00:00,False,92,91.0,,91.0,294084.591027,300014.794931,300014.795045,3261.030380923913,0.027018999999999998,294084.591027,30653.650917667943,88.47276004999999,65.16707586813187,20.777883748001667,0.3033183747519151,17,64,,False,False,Request timeout: 300.0s exceeded,476,21.16838264042747
106,2026-09-14T02:11:53.826+00:00,2026-09-14T02:16:47.761+00:00,2026-09-14T02:16:53.869+00:00,False,90,89.0,,89.0,293934.59864,300042.312688,300042.312652,3333.803473911111,0.038689999999999995,293934.59864,30976.19992527652,88.80470444999999,68.62600053932584,20.304427385937384,0.296624830020381,17,64,,False,False,Request timeout: 300.0s exceeded,420,21.16838264042747
107,2026-09-14T02:11:57.018+00:00,2026-09-14T02:16:51.059+00:00,2026-09-14T02:16:57.045+00:00,False,88,87.0,,87.0,294041.866454,300027.396822,300027.397006,3409.4022387045457,0.02462,294041.866454,31337.640683581067,88.9646805,68.79919963218391,20.175363971250746,0.2899735188237336,17,64,,False,False,Request timeout: 300.0s exceeded,193,21.16838264042747
108,2026-09-14T02:12:01.496+00:00,2026-09-14T02:16:55.504+00:00,2026-09-14T02:17:01.581+00:00,False,88,87.0,,87.0,294007.731716,300084.80666,300084.806714,3410.05462175,0.024079999999999997,294007.731716,31333.889517863663,89.23236275,69.85143613793103,19.82261177148131,0.28991804339688587,17,64,,False,False,Request timeout: 300.0s exceeded,384,21.16838264042747
109,2026-09-14T02:12:06.371+00:00,2026-09-14T02:17:00.240+00:00,2026-09-14T02:17:06.384+00:00,False,89,88.0,,88.0,293868.766157,300012.658381,300012.658413,3370.928746213483,0.02157,293868.766157,31142.632908880438,88.60292839999998,69.8169570909091,20.358780546848518,0.293320956771913,17,64,,False,False,Request timeout: 300.0s exceeded,385,21.16838264042747
110,2026-09-14T02:12:11.542+00:00,2026-09-14T02:17:05.546+00:00,2026-09-14T02:17:11.618+00:00,False,87,86.0,,86.0,294003.543525,300075.133413,300075.133453,3449.1394649770114,0.0263,294003.543525,31512.92515224173,88.597647,70.59988241860465,19.271566912028913,0.28659489049242987,17,64,,False,False,Request timeout: 300.0s exceeded,460,21.16838264042747
111,2026-09-14T02:12:15.143+00:00,2026-09-14T02:17:08.940+00:00,2026-09-14T02:17:15.510+00:00,False,93,92.0,,92.0,293796.95547000004,300366.21345400007,300366.21352600004,3229.744231462366,0.02164,293796.95547000004,30457.926750144616,90.17777260000001,71.40497808695652,19.24414924712351,0.3062927715539799,17,64,,False,False,Request timeout: 300.0s exceeded,384,21.16838264042747
112,2026-09-14T02:12:19.374+00:00,2026-09-14T02:17:13.181+00:00,2026-09-14T02:17:19.434+00:00,False,93,92.0,,92.0,293806.20700199995,300060.019994,300060.019795,3226.4518257526875,0.03756,293806.20700199995,30459.24241998793,88.51709459999998,67.97622817391304,20.46298431753051,0.30660532516741035,17,64,,False,False,Request timeout: 300.0s exceeded,412,21.16838264042747
113,2026-09-14T02:12:24.421+00:00,2026-09-14T02:17:17.894+00:00,2026-09-14T02:17:24.467+00:00,False,96,95.0,,95.0,293473.033931,300045.866699,300045.86670099996,3125.4777781354164,0.03997,293473.033931,29945.410957816548,87.78472725,69.18771334736842,19.52657467070444,0.3166182592186884,17,64,,False,False,Request timeout: 300.0s exceeded,455,21.16838264042747
114,2026-09-14T02:12:29.281+00:00,2026-09-14T02:17:22.941+00:00,2026-09-14T02:17:29.344+00:00,False,95,94.0,,94.0,293659.731783,300062.677063,300062.677112,3158.5544959157896,0.022359999999999998,293659.731783,30121.870798695003,90.0285811,68.11643914893617,20.091187089562464,0.31326788429693353,17,64,,False,False,Request timeout: 300.0s exceeded,473,21.16838264042747
115,2026-09-14T02:12:32.467+00:00,2026-09-14T02:17:26.053+00:00,2026-09-14T02:17:32.488+00:00,False,95,94.0,,94.0,293586.25667000003,300020.488222,300020.48828900006,3158.1104030421056,0.02497,293586.25667000003,30114.298174110452,88.75337239999999,68.44927182978724,19.95315623563489,0.3133119359850009,17,64,,False,False,Request timeout: 300.0s exceeded,411,21.16838264042747
116,2026-09-14T02:12:35.731+00:00,2026-09-14T02:17:29.636+00:00,2026-09-14T02:17:35.807+00:00,False,89,88.0,,88.0,293904.870839,300075.88523899997,300075.885321,3371.639160910112,0.024120000000000003,293904.870839,31146.427088948625,89.5587068,70.12516363636364,19.987287888126463,0.29325915319690243,17,64,,False,False,Request timeout: 300.0s exceeded,480,21.16838264042747
117,2026-09-14T02:12:39.768+00:00,2026-09-14T02:17:33.539+00:00,2026-09-14T02:17:39.775+00:00,False,97,96.0,,96.0,293771.19849299995,300006.89052499994,300006.8905689999,3092.854541948453,0.0,293771.19849299995,29821.422551627296,88.24730179999999,64.95512533333334,65.76659635816225,0.31999265027547824,17,64,,False,False,Request timeout: 300.0s exceeded,372,21.16838264042747
118,2026-09-14T02:12:43.860+00:00,2026-09-14T02:17:37.818+00:00,2026-09-14T02:17:43.944+00:00,False,88,87.0,,87.0,293957.78574099997,300084.260493,300084.26045899995,3410.048414306818,0.040369999999999996,293957.78574099997,31328.504866129162,87.97504699999999,70.4192500229885,20.03742816899271,0.2899185710609085,17,64,,False,False,Request timeout: 300.0s exceeded,255,21.16838264042747
119,2026-09-14T02:12:48.603+00:00,2026-09-14T02:17:42.050+00:00,2026-09-14T02:17:48.620+00:00,False,96,95.0,,95.0,293446.703,300017.23611999996,300017.23613,3125.179543020833,0.038340000000000006,293446.703,29942.72641507067,89.8787095,69.1635065263158,20.10005379611681,0.31664847402967944,17,64,,False,False,Request timeout: 300.0s exceeded,434,21.16838264042747
120,2026-09-14T02:12:53.363+00:00,2026-09-14T02:17:47.005+00:00,2026-09-14T02:17:53.423+00:00,False,100,99.0,,99.0,293642.411915,300060.489355,300060.489426,3000.60489426,0.025670000000000002,293642.411915,29357.765935624575,91.0574105,64.82906505050505,21.302554227857904,0.32993347512298965,17,64,,False,False,Request timeout: 300.0s exceeded,494,21.16838264042747
121,2026-09-14T02:12:58.038+00:00,2026-09-14T02:17:51.432+00:00,2026-09-14T02:17:58.103+00:00,False,105,104.0,,104.0,293394.64631800004,300065.40676600003,300065.40665400005,2857.765777657143,0.023489999999999997,293394.64631800004,28626.133301072474,88.66519899999999,64.14192738461539,20.454754339619,0.34659110198964826,17,64,,False,False,Request timeout: 300.0s exceeded,343,21.16838264042747
122,2026-09-14T02:13:02.768+00:00,2026-09-14T02:17:56.728+00:00,2026-09-14T02:18:02.815+00:00,False,92,91.0,,91.0,293960.25174000004,300046.97558,300046.97543200006,3261.3801677391307,0.03828,293960.25174000004,30640.508149789617,87.82442445000001,66.88707516483517,20.504610604756753,0.30328584323869356,17,64,,False,False,Request timeout: 300.0s exceeded,366,21.16838264042747
123,2026-09-14T02:13:06.726+00:00,2026-09-14T02:18:00.487+00:00,2026-09-14T02:18:06.755+00:00,False,91,90.0,,90.0,293760.44772500003,300029.09182100004,300029.09182200005,3297.0229870549456,0.03404,293760.44772500003,30787.16694692049,88.54233350000003,69.65160106666666,19.522224764702294,0.2999709109998399,17,64,,False,False,Request timeout: 300.0s exceeded,414,21.16838264042747
124,2026-09-14T02:13:11.792+00:00,2026-09-14T02:18:05.807+00:00,2026-09-14T02:18:11.847+00:00,False,87,86.0,,86.0,294014.34619099996,300054.854351,300054.85429099994,3448.906371160919,0.02136,294014.34619099996,31514.12243990759,90.7999068,70.23846697674419,19.878481374476905,0.2866142598692918,17,64,,False,False,Request timeout: 300.0s exceeded,404,21.16838264042747
125,2026-09-14T02:13:17.045+00:00,2026-09-14T02:18:10.911+00:00,2026-09-14T02:18:17.087+00:00,False,92,91.0,,91.0,293866.246,300041.441136,300041.441275,3261.3200138586953,0.03558,293866.246,30630.606094657087,90.18523405,67.85928720879122,20.623607970835202,0.3032914375276326,17,64,,False,False,Request timeout: 300.0s exceeded,417,21.16838264042747
126,2026-09-14T02:13:21.515+00:00,2026-09-14T02:18:14.975+00:00,2026-09-14T02:18:21.577+00:00,False,98,97.0,,97.0,293460.378617,300062.13144900004,300062.131379,3061.858483459184,0.818308,293460.378617,29637.106808091892,88.71327385000001,68.05930754639175,20.501360933277738,0.3232663833039744,17,64,,False,False,Request timeout: 300.0s exceeded,214,21.16838264042747
127,2026-09-14T02:13:26.523+00:00,2026-09-14T02:18:19.935+00:00,2026-09-14T02:18:26.558+00:00,False,100,99.0,,99.0,293411.648433,300034.947249,300034.947273,3000.3494727300003,0.0242,293411.648433,29334.48164407624,88.16165795,66.90200824242424,20.37079207761568,0.32996156250371583,17,64,,False,False,Request timeout: 300.0s exceeded,531,21.16838264042747
128,2026-09-14T02:13:31.006+00:00,2026-09-14T02:18:24.645+00:00,2026-09-14T02:18:31.349+00:00,False,96,95.0,,95.0,293639.16103200003,300343.169736,300343.16970900004,3128.5746844687505,0.03742,293639.16103200003,29962.22573325329,90.07592650000001,70.56851267368421,20.182273882825736,0.31630484583186785,17,64,,False,False,Request timeout: 300.0s exceeded,596,21.16838264042747
129,2026-09-14T02:13:36.205+00:00,2026-09-14T02:18:29.450+00:00,2026-09-14T02:18:36.294+00:00,False,106,105.0,,105.0,293244.789361,300089.06609700003,300089.066033,2831.0289248396225,0.0,293244.789361,28476.18491395602,92.31352025,65.18358796190476,60.80119553876363,0.3498961203940035,17,64,,False,False,Request timeout: 300.0s exceeded,428,21.16838264042747
130,2026-09-14T02:13:41.166+00:00,2026-09-14T02:18:35.078+00:00,2026-09-14T02:18:41.238+00:00,False,90,89.0,,89.0,293911.953005,300071.800429,300071.800553,3334.1311172555556,0.0232,293911.953005,30973.75100511558,90.47805400000001,69.21176880898877,20.125341723815577,0.29659568100954653,17,64,,False,False,Request timeout: 300.0s exceeded,382,21.16838264042747
131,2026-09-14T02:13:46.276+00:00,2026-09-14T02:18:40.252+00:00,2026-09-14T02:18:46.288+00:00,False,92,91.0,,91.0,293975.867085,300011.80871699995,300011.80892499996,3260.9979230978256,0.03604,293975.867085,30642.1945204978,89.83964755000001,66.32902892307692,20.773152413218455,0.3033213938783322,17,64,,False,False,Request timeout: 300.0s exceeded,429,21.16838264042747
132,2026-09-14T02:13:50.090+00:00,2026-09-14T02:18:44.018+00:00,2026-09-14T02:18:50.129+00:00,False,93,92.0,,92.0,293927.61477,300038.942514,300038.942558,3226.2251887956986,0.024460000000000003,293927.61477,30471.992967902843,90.3201044,66.42747547826087,21.280385779517324,0.30662686393019545,17,64,,False,False,Request timeout: 300.0s exceeded,451,21.16838264042747
133,2026-09-14T02:13:53.529+00:00,2026-09-14T02:18:47.086+00:00,2026-09-14T02:18:53.583+00:00,False,96,95.0,,95.0,293557.660906,300054.496234,300054.49617,3125.5676684375,0.037509999999999995,293557.660906,29954.13017853257,89.492758,68.38774029473684,20.09367937815024,0.31660915331164863,17,64,,False,False,Request timeout: 300.0s exceeded,389,21.16838264042747
134,2026-09-14T02:13:56.776+00:00,2026-09-14T02:18:50.260+00:00,2026-09-14T02:18:56.792+00:00,False,99,98.0,,98.0,293483.898984,300015.81911200006,300015.81907400006,3030.462818929293,0.03865,293483.898984,29489.54936700589,87.99351079999998,66.65224620408164,19.68776786041892,0.326649442319624,17,64,,False,False,Request timeout: 300.0s exceeded,500,21.16838264042747
135,2026-09-14T02:13:59.940+00:00,2026-09-14T02:18:53.584+00:00,2026-09-14T02:18:59.966+00:00,False,104,103.0,,103.0,293643.99444800004,300026.13102400006,300026.131156,2884.8666457307695,0.01551,293643.99444800004,28788.67583836793,88.47994165,61.96249102912621,185.0721142100687,0.34330343043273354,17,64,,False,False,Request timeout: 300.0s exceeded,461,21.16838264042747
136,2026-09-14T02:14:04.410+00:00,2026-09-14T02:18:59.326+00:00,2026-09-14T02:19:04.424+00:00,False,77,76.0,,76.0,294915.70002399996,300013.72011999995,300013.720247,3896.2820811298698,0.02139,294915.70002399996,33601.126491594834,91.7767562,67.07921178947369,22.89242839546217,0.25332174798406354,17,64,,False,False,Request timeout: 300.0s exceeded,329,21.16838264042747
137,2026-09-14T02:14:08.015+00:00,2026-09-14T02:19:01.688+00:00,2026-09-14T02:19:08.031+00:00,False,97,96.0,,96.0,293672.524002,300015.69917,300015.698971,3092.9453502164947,0.03968,293672.524002,29811.224874401913,87.1861298,66.07474133333334,20.005523679762174,0.319983255094937,17,64,,False,False,Request timeout: 300.0s exceeded,314,21.16838264042747
138,2026-09-14T02:14:10.998+00:00,2026-09-14T02:19:04.422+00:00,2026-09-14T02:19:11.058+00:00,False,97,96.0,,96.0,293424.53062,300060.872636,300060.872688,3093.411058639175,0.02637,293424.53062,29785.734213620308,86.73620280000002,69.12856266666667,18.94740511342877,0.3199350823606261,17,64,,False,False,Request timeout: 300.0s exceeded,503,21.16838264042747
139,2026-09-14T02:14:14.284+00:00,2026-09-14T02:19:08.028+00:00,2026-09-14T02:19:14.313+00:00,False,89,88.0,,88.0,293744.307899,300029.027003,300029.027041,3371.1126633820227,0.02343,293744.307899,31129.269361107483,87.885409,71.41726254545455,18.11715543565123,0.2933049541207227,17,64,,False,False,Request timeout: 300.0s exceeded,157,21.16838264042747
140,2026-09-14T02:14:18.913+00:00,2026-09-14T02:19:12.900+00:00,2026-09-14T02:19:18.928+00:00,False,85,84.0,,84.0,293986.55849699996,300014.91664099996,300014.91664199997,3529.5872546117644,0.020499,293986.55849699996,31879.541051659337,89.79273979999999,71.7661683809524,19.382223858747984,0.2799860784939404,17,64,,False,False,Request timeout: 300.0s exceeded,381,21.16838264042747
141,2026-09-14T02:14:23.427+00:00,2026-09-14T02:19:17.320+00:00,2026-09-14T02:19:23.440+00:00,False,89,88.0,,88.0,293893.156205,300013.320045,300013.320017,3370.936179966292,0.03904,293893.156205,31145.246574733395,87.92724040000002,69.54731636363636,19.959590701748738,0.2933203098675772,17,64,,False,False,Request timeout: 300.0s exceeded,354,21.16838264042747
142,2026-09-14T02:14:27.405+00:00,2026-09-14T02:19:21.135+00:00,2026-09-14T02:19:27.430+00:00,False,100,99.0,,99.0,293730.920762,300025.03481000004,300025.034797,3000.2503479700003,0.0,293730.920762,29366.809835290238,90.68420280000002,63.576909575757576,66.90788356739262,0.32997246400686114,17,64,,False,False,Request timeout: 300.0s exceeded,374,21.16838264042747
143,2026-09-14T02:14:31.920+00:00,2026-09-14T02:19:25.168+00:00,2026-09-14T02:19:32.069+00:00,False,112,111.0,,111.0,293248.860041,300149.317513,300149.317523,2679.9046207410715,0.0,293248.860041,27703.609337030335,89.82130205000001,62.16628353153153,62.910831146481,0.3698159333485488,17,64,,False,False,Request timeout: 300.0s exceeded,528,21.16838264042747
144,2026-09-14T02:14:34.817+00:00,2026-09-14T02:19:28.646+00:00,2026-09-14T02:19:34.846+00:00,False,103,102.0,,102.0,293829.380345,300028.996089,300028.995967,2912.9028734660196,0.03279,293829.380345,28945.88696187777,86.42241910000001,60.78054650980392,19.825844450163842,0.33996714094174724,17,64,,False,False,Request timeout: 300.0s exceeded,313,21.16838264042747
145,2026-09-14T02:14:39.948+00:00,2026-09-14T02:19:33.506+00:00,2026-09-14T02:19:40.021+00:00,False,99,98.0,,98.0,293558.485232,300072.926704,300072.926784,3031.0396644848483,0.030699999999999998,293558.485232,29497.06352587297,87.07543089999999,66.47389257142858,19.741352931178,0.3265872768877608,17,64,,False,False,Request timeout: 300.0s exceeded,169,21.16838264042747
146,2026-09-14T02:14:44.118+00:00,2026-09-14T02:19:38.132+00:00,2026-09-14T02:19:44.211+00:00,False,90,89.0,,89.0,294013.607267,300092.647779,300092.647798,3334.362753311111,0.02309,294013.607267,30984.562013715946,88.89858295,68.30382597752809,20.13325820143179,0.29657507659282306,17,64,,False,False,Request timeout: 300.0s exceeded,447,21.16838264042747
147,2026-09-14T02:14:48.279+00:00,2026-09-14T02:19:42.291+00:00,2026-09-14T02:19:48.356+00:00,False,93,92.0,,92.0,294012.26604400005,300077.33484400006,300077.33478400006,3226.638008430108,0.02134,294012.26604400005,30480.822420627916,88.393698,65.92466086956522,20.37349611649129,0.30658763364393266,17,64,,False,False,Request timeout: 300.0s exceeded,475,21.16838264042747
148,2026-09-14T02:14:52.577+00:00,2026-09-14T02:19:46.100+00:00,2026-09-14T02:19:52.672+00:00,False,102,101.0,,101.0,293523.406642,300095.159858,300095.159823,2942.1094100294117,0.023379999999999998,293523.406642,29056.712503317445,89.54222954999999,65.06686352475248,20.404664932958624,0.33655991002251257,17,64,,False,False,Request timeout: 300.0s exceeded,392,21.16838264042747
149,2026-09-14T02:14:56.918+00:00,2026-09-14T02:19:50.524+00:00,2026-09-14T02:19:56.986+00:00,False,92,91.0,,91.0,293606.191704,300067.425624,300067.425671,3261.602452945652,0.038,293606.191704,30603.164954316828,90.419916,71.00257054945055,19.222557928523386,0.3032651738547179,17,64,,False,False,Request timeout: 300.0s exceeded,446,21.16838264042747
150,2026-09-14T02:14:59.959+00:00,2026-09-14T02:19:53.492+00:00,2026-09-14T02:20:00.010+00:00,False,96,95.0,,95.0,293532.89347,300051.040798,300051.040804,3125.531675041667,0.027469999999999998,293532.89347,29951.579106570913,88.29128825,68.6120771368421,19.543312387517243,0.31661279943353304,17,64,,False,False,Request timeout: 300.0s exceeded,461,21.16838264042747
151,2026-09-14T02:15:03.664+00:00,2026-09-14T02:19:57.204+00:00,2026-09-14T02:20:03.713+00:00,False,99,98.0,,98.0,293540.613504,300048.873344,300048.873285,3030.796699848485,0.02218,293540.613504,29495.273931832653,89.35314450000001,66.41081469387755,20.1034858332973,0.326613457693757,17,64,,False,False,Request timeout: 300.0s exceeded,404,21.16838264042747
152,2026-09-14T02:15:07.299+00:00,2026-09-14T02:20:01.190+00:00,2026-09-14T02:20:07.346+00:00,False,91,90.0,,90.0,293891.56192799995,300046.84410399996,300046.84408499993,3297.2180668681312,0.027809999999999998,293891.56192799995,30801.04391364823,89.05031699999999,68.39202417777778,20.19174380559311,0.299953163209425,17,64,,False,False,Request timeout: 300.0s exceeded,427,21.16838264042747
153,2026-09-14T02:15:10.823+00:00,2026-09-14T02:20:03.923+00:00,2026-09-14T02:20:10.864+00:00,False,106,105.0,,105.0,293099.69488200004,300040.54813000007,300040.5482,2830.571209433963,0.04802,293099.69488200004,28461.945756643694,89.631213,66.10336426666666,20.472866357296745,0.34995270024138914,17,64,,False,False,Request timeout: 300.0s exceeded,451,21.16838264042747
154,2026-09-14T02:15:15.100+00:00,2026-09-14T02:20:08.558+00:00,2026-09-14T02:20:15.112+00:00,False,98,97.0,,97.0,293457.989221,300012.347237,300012.347325,3061.350482908163,0.02222,293457.989221,29636.914985942076,89.41017599999999,67.57070119587628,20.772288973945653,0.32332002630336126,17,64,,False,False,Request timeout: 300.0s exceeded,219,21.16838264042747
155,2026-09-14T02:15:18.305+00:00,2026-09-14T02:20:12.057+00:00,2026-09-14T02:20:18.389+00:00,False,91,90.0,,90.0,293751.825431,300083.550743,300083.550625,3297.62143543956,0.02788,293751.825431,30786.190377777868,91.2480525,70.35250346666668,20.70935534493352,0.2999164725196102,17,64,,False,False,Request timeout: 300.0s exceeded,198,21.16838264042747
156,2026-09-14T02:15:22.668+00:00,2026-09-14T02:20:16.387+00:00,2026-09-14T02:20:22.743+00:00,False,96,95.0,,95.0,293718.56801,300074.615114,300074.615123,3125.7772408645833,0.0,293718.56801,29970.771901461565,92.082225,66.90575898947368,67.23628886234243,0.31658792585273826,17,64,,False,False,Request timeout: 300.0s exceeded,480,21.16838264042747
157,2026-09-14T02:15:27.717+00:00,2026-09-14T02:20:21.579+00:00,2026-09-14T02:20:27.742+00:00,False,96,95.0,,95.0,293862.281518,300024.582446,300024.58236,3125.25606625,0.0,293862.281518,29985.64804494931,89.13994875,64.86632555789474,67.38626453029589,0.31664072065527693,17,64,,False,False,Request timeout: 300.0s exceeded,313,21.16838264042747
158,2026-09-14T02:15:31.792+00:00,2026-09-14T02:20:25.543+00:00,2026-09-14T02:20:31.845+00:00,False,95,94.0,,94.0,293751.231071,300052.599903,300052.59994,3158.4484204210526,0.04399,293751.231071,30131.36867605149,87.050903,67.03583863829788,19.13350420175619,0.3132784052875663,17,64,,False,False,Request timeout: 300.0s exceeded,484,21.16838264042747
159,2026-09-14T02:15:35.912+00:00,2026-09-14T02:20:29.620+00:00,2026-09-14T02:20:35.940+00:00,False,89,88.0,,88.0,293707.92166000005,300027.60319600004,300027.60338100005,3371.0966672022478,0.02373,293707.92166000005,31125.370945491122,89.33078139999999,71.81456290909091,19.182822768865915,0.29330634602480876,17,64,,False,False,Request timeout: 300.0s exceeded,257,21.16838264042747
160,2026-09-14T02:15:41.014+00:00,2026-09-14T02:20:34.258+00:00,2026-09-14T02:20:41.046+00:00,False,94,93.0,,93.0,293243.27585399995,300031.58586999995,300031.585934,3191.825382276595,0.0254,293243.27585399995,30238.211673539234,88.70309679999998,72.9925808172043,18.7971343310007,0.3099673647037141,17,64,,False,False,Request timeout: 300.0s exceeded,370,21.16838264042747
161,2026-09-14T02:15:44.903+00:00,2026-09-14T02:20:38.193+00:00,2026-09-14T02:20:44.929+00:00,False,98,97.0,,97.0,293289.369372,300026.062876,300026.06296199997,3061.490438387755,0.02829,293289.369372,29619.691285929763,89.239315,69.45044849484536,19.82258749706633,0.3233052457848965,17,64,,False,False,Request timeout: 300.0s exceeded,364,21.16838264042747
162,2026-09-14T02:15:49.150+00:00,2026-09-14T02:20:43.309+00:00,2026-09-14T02:20:49.638+00:00,False,93,92.0,,92.0,294159.302272,300488.264576,300488.264633,3231.0566089569893,0.027440000000000003,294159.302272,30495.77204602659,90.1347876,68.79306852173913,20.5577011991536,0.30616836278054116,17,64,,False,False,Request timeout: 300.0s exceeded,438,21.16838264042747
163,2026-09-14T02:15:52.361+00:00,2026-09-14T02:20:46.054+00:00,2026-09-14T02:20:52.394+00:00,False,94,93.0,,93.0,293693.49814,300033.022236,300033.022418,3191.8406640212766,0.03649,293693.49814,30285.148495916583,91.29008900000001,68.16692576344086,22.119213387245942,0.30996588077844334,17,64,,False,False,Request timeout: 300.0s exceeded,393,21.16838264042747
164,2026-09-14T02:15:55.625+00:00,2026-09-14T02:20:49.509+00:00,2026-09-14T02:20:55.712+00:00,False,95,94.0,,94.0,293883.826092,300086.713004,300086.713137,3158.807506705263,0.039310000000000005,293883.826092,30145.08162311529,90.6948807,65.98815863829788,21.386527557590068,0.3132427925882444,17,64,,False,False,Request timeout: 300.0s exceeded,399,21.16838264042747
165,2026-09-14T02:16:00.163+00:00,2026-09-14T02:20:53.898+00:00,2026-09-14T02:21:00.242+00:00,False,92,91.0,,91.0,293734.846904,300078.800312,300078.800292,3261.7260901304344,0.0409,293734.846904,30616.71267336258,89.03417714999999,69.71377371428572,19.420307828512634,0.3032536783850937,17,64,,False,False,Request timeout: 300.0s exceeded,297,21.16838264042747
166,2026-09-14T02:16:03.120+00:00,2026-09-14T02:20:56.844+00:00,2026-09-14T02:21:03.153+00:00,False,93,92.0,,92.0,293724.794919,300033.94922300003,300033.94925,3226.1714973118283,0.037,293724.794919,30450.737773415574,88.5288726,68.57776417391305,20.110786540861323,0.306631966943251,17,64,,False,False,Request timeout: 300.0s exceeded,181,21.16838264042747
167,2026-09-14T02:16:07.986+00:00,2026-09-14T02:21:01.720+00:00,2026-09-14T02:21:08.014+00:00,False,91,90.0,,90.0,293733.911809,300028.26521700004,300028.265302,3297.0139044175826,0.01887,293733.911809,30784.35564287333,88.4194575,69.93726008888888,20.08890109190661,0.29997173744582406,17,64,,False,False,Request timeout: 300.0s exceeded,199,21.16838264042747
168,2026-09-14T02:16:13.159+00:00,2026-09-14T02:21:07.023+00:00,2026-09-14T02:21:13.192+00:00,False,89,88.0,,88.0,293864.196154,300033.311546,300033.311471,3371.160803044944,0.038840000000000006,293864.196154,31142.117955146216,89.76051,70.103584,20.12185830762106,0.29330076566017627,17,64,,False,False,Request timeout: 300.0s exceeded,220,21.16838264042747
169,2026-09-14T02:16:17.374+00:00,2026-09-14T02:21:11.312+00:00,2026-09-14T02:21:17.397+00:00,False,91,90.0,,90.0,293937.118158,300022.665422,300022.665633,3296.9523695934067,0.0,293937.118158,30805.972502773162,90.4102295,67.61719182222222,69.85423936420732,0.2999773362902752,17,64,,False,False,Request timeout: 300.0s exceeded,318,21.16838264042747
170,2026-09-14T02:16:20.310+00:00,2026-09-14T02:21:14.283+00:00,2026-09-14T02:21:20.346+00:00,False,96,95.0,,95.0,293972.60195499996,300035.64451499993,300035.64457799995,3125.3712976874995,0.0,293972.60195499996,29997.017277852767,91.03752475000002,63.82150063157894,68.76322948460243,0.3166290463706907,17,64,,False,False,Request timeout: 300.0s exceeded,423,21.16838264042747
171,2026-09-14T02:16:24.893+00:00,2026-09-14T02:21:18.427+00:00,2026-09-14T02:21:24.922+00:00,False,99,98.0,,98.0,293534.316651,300029.194091,300029.19403,3030.5979194949496,0.02579,293534.316651,29494.65461083238,90.24675590000001,66.27425959183674,19.82298734657069,0.32663488063856955,17,64,,False,False,Request timeout: 300.0s exceeded,423,21.16838264042747
172,2026-09-14T02:16:28.295+00:00,2026-09-14T02:21:22.023+00:00,2026-09-14T02:21:28.368+00:00,False,94,93.0,,93.0,293728.096755,300072.23627500003,300072.236263,3192.2578325851064,0.06229,293728.096755,30288.71003414504,86.97049915,68.21655397849463,19.284029989766122,0.3099253738182246,17,64,,False,False,Request timeout: 300.0s exceeded,424,21.16838264042747
173,2026-09-14T02:16:32.812+00:00,2026-09-14T02:21:26.592+00:00,2026-09-14T02:21:32.905+00:00,False,96,95.0,,95.0,293779.734774,300093.136118,300093.136216,3125.970168916667,0.03896,293779.734774,29976.992715692613,88.597396,66.45685625263158,20.323257116240356,0.31656838683123006,17,64,,False,False,Request timeout: 300.0s exceeded,355,21.16838264042747
174,2026-09-14T02:16:34.426+00:00,2026-09-14T02:21:28.112+00:00,2026-09-14T02:21:34.466+00:00,False,99,98.0,,98.0,293686.49772600003,300040.70035000006,300040.70049300004,3030.7141463939397,0.041,293686.49772600003,29510.09453823471,89.9793719,64.83880228571428,21.117316375729214,0.3266223545195107,17,64,,False,False,Request timeout: 300.0s exceeded,433,21.16838264042747
175,2026-09-14T02:16:38.051+00:00,2026-09-14T02:21:32.132+00:00,2026-09-14T02:21:38.085+00:00,False,93,92.0,,92.0,294081.220317,300034.832605,300034.83282,3226.180998064516,0.038020000000000005,294081.220317,30488.09874832974,91.22936880000002,64.71317704347825,21.086569091981865,0.30663106413754054,17,64,,False,False,Request timeout: 300.0s exceeded,409,21.16838264042747
176,2026-09-14T02:16:41.940+00:00,2026-09-14T02:21:35.819+00:00,2026-09-14T02:21:41.983+00:00,False,92,91.0,,91.0,293879.537968,300043.173936,300043.17395699996,3261.3388473586956,0.045340000000000005,293879.537968,30632.004383885298,88.089791,67.7322633846154,19.48506906312259,0.30328968596836187,17,64,,False,False,Request timeout: 300.0s exceeded,162,21.16838264042747
177,2026-09-14T02:16:45.436+00:00,2026-09-14T02:21:39.263+00:00,2026-09-14T02:21:46.342+00:00,False,79,78.0,,78.0,293826.420234,300906.264074,300906.263998,3808.9400506075954,0.04685,293826.420234,33048.65237879707,89.8973733,90.76722871794873,232.8019851084518,0.25921693667639284,17,64,,False,False,Request timeout: 300.0s exceeded,363,21.16838264042747
178,2026-09-14T02:16:48.548+00:00,2026-09-14T02:21:41.985+00:00,2026-09-14T02:21:48.630+00:00,False,114,113.0,,113.0,293437.44672899996,300081.89549699996,300081.89547299995,2632.297328710526,0.015349999999999999,293437.44672899996,27478.135887029337,88.26035115,58.80043157522124,198.14966012694322,0.37656387038227607,17,64,,False,False,Request timeout: 300.0s exceeded,580,21.16838264042747
179,2026-09-14T02:16:53.319+00:00,2026-09-14T02:21:47.624+00:00,2026-09-14T02:21:53.403+00:00,False,88,87.0,,87.0,294305.432564,300083.71582800004,300083.71576500003,3410.042224602273,0.040909999999999995,294305.432564,31365.99052168824,87.07515185,66.41704901149426,19.639434295986458,0.28991909727572845,17,64,,False,False,Request timeout: 300.0s exceeded,391,21.16838264042747
180,2026-09-14T02:16:58.267+00:00,2026-09-14T02:21:52.040+00:00,2026-09-14T02:21:58.355+00:00,False,92,91.0,,91.0,293773.201558,300087.906454,300087.906459,3261.8250702065216,0.03618,293773.201558,30620.744879277016,87.612326,69.3923614945055,19.337391323478247,0.30324447617801364,17,64,,False,False,Request timeout: 300.0s exceeded,526,21.16838264042747
181,2026-09-14T02:17:02.033+00:00,2026-09-14T02:21:55.911+00:00,2026-09-14T02:22:02.113+00:00,False,92,91.0,,91.0,293878.804179,300080.47150700004,300080.47157800006,3261.744256282609,0.0237,293878.804179,30631.884485844097,89.30125805,68.15019041758242,19.763905050217176,0.3032519895180091,17,64,,False,False,Request timeout: 300.0s exceeded,458,21.16838264042747
182,2026-09-14T02:17:04.915+00:00,2026-09-14T02:21:58.900+00:00,2026-09-14T02:22:04.967+00:00,False,94,93.0,,93.0,293985.02111699997,300052.02809299994,300052.02816999995,3192.04285287234,0.02124,293985.02111699997,30315.517935372573,88.131847,65.23663415053763,20.55610927831982,0.3099462469594607,17,64,,False,False,Request timeout: 300.0s exceeded,443,21.16838264042747
183,2026-09-14T02:17:08.449+00:00,2026-09-14T02:22:02.363+00:00,2026-09-14T02:22:08.484+00:00,False,93,92.0,,92.0,293913.602132,300034.93026000005,300034.93022100005,3226.182045387097,0.09816,293913.602132,30470.52863623699,90.3087616,66.53617530434782,21.25489811622562,0.30663096433563897,17,64,,False,False,Request timeout: 300.0s exceeded,409,21.16838264042747
184,2026-09-14T02:17:13.586+00:00,2026-09-14T02:22:07.490+00:00,2026-09-14T02:22:13.631+00:00,False,102,101.0,,101.0,293903.350995,300044.324819,300044.324843,2941.6110278725487,0.0,293903.350995,29094.823909203256,89.76452149999999,60.80172102970297,66.87271374981354,0.33661693171809753,17,64,,False,False,Request timeout: 300.0s exceeded,479,21.16838264042747
185,2026-09-14T02:17:17.625+00:00,2026-09-14T02:22:11.238+00:00,2026-09-14T02:22:17.670+00:00,False,102,101.0,,101.0,293613.298664,300045.807848,300045.807996,2941.625568588235,0.0,293613.298664,29065.81793174891,89.51470975000001,63.68820974257426,66.52588632315914,0.33661526792990726,17,64,,False,False,Request timeout: 300.0s exceeded,511,21.16838264042747
186,2026-09-14T02:17:20.682+00:00,2026-09-14T02:22:14.220+00:00,2026-09-14T02:22:20.714+00:00,False,95,94.0,,94.0,293538.217276,300031.97446,300031.974498,3158.231310505263,0.02314,293538.217276,30109.304128818043,88.002791,69.08252323404255,19.430256072834535,0.3132999413451915,17,64,,False,False,Request timeout: 300.0s exceeded,369,21.16838264042747
187,2026-09-14T02:17:25.924+00:00,2026-09-14T02:22:19.648+00:00,2026-09-14T02:22:26.001+00:00,False,96,95.0,,95.0,293724.201173,300076.964565,300076.964764,3125.8017162916663,0.02225,293724.201173,29971.28303891477,91.33572899999999,66.8711936,21.03308241767271,0.31658544712925457,17,64,,False,False,Request timeout: 300.0s exceeded,400,21.16838264042747
188,2026-09-14T02:17:30.449+00:00,2026-09-14T02:22:23.939+00:00,2026-09-14T02:22:30.467+00:00,False,98,97.0,,97.0,293489.449423,300017.547471,300017.547493,3061.4035458469384,0.02032,293489.449423,29640.119954828522,88.69176750000001,67.29997987628865,20.27958324417926,0.32331442216517725,17,64,,False,False,Request timeout: 300.0s exceeded,431,21.16838264042747
189,2026-09-14T02:17:34.314+00:00,2026-09-14T02:22:27.898+00:00,2026-09-14T02:22:34.403+00:00,False,95,94.0,,94.0,293584.032801,300089.675297,300089.675178,3158.8386860842106,0.03322,293584.032801,30113.992682582797,88.8203421,69.20896272340426,20.87024708366116,0.31323970045609806,17,64,,False,False,Request timeout: 300.0s exceeded,429,21.16838264042747
190,2026-09-14T02:17:38.455+00:00,2026-09-14T02:22:32.322+00:00,2026-09-14T02:22:38.501+00:00,False,90,89.0,,89.0,293867.08263,300046.550662,300046.550766,3333.8505640666667,0.02489,293867.08263,30968.999294971498,91.38030295,69.43222507865168,22.027191614873207,0.2966206403760921,17,64,,False,False,Request timeout: 300.0s exceeded,485,21.16838264042747
191,2026-09-14T02:17:43.356+00:00,2026-09-14T02:22:36.881+00:00,2026-09-14T02:22:43.381+00:00,False,95,94.0,,94.0,293524.482981,300024.605605,300024.60563999997,3158.1537435789473,0.0358,293524.482981,30107.889417685736,91.15728639999999,69.15024068085106,21.43375633445394,0.3133076362535296,17,64,,False,False,Request timeout: 300.0s exceeded,479,21.16838264042747
192,2026-09-14T02:17:48.634+00:00,2026-09-14T02:22:42.239+00:00,2026-09-14T02:22:48.647+00:00,False,96,95.0,,95.0,293604.687402,300012.487978,300012.488147,3125.1300848645833,0.03522,293604.687402,29959.026020693636,92.43388974999999,67.45053237894736,20.9327424942288,0.3166534854607998,17,64,,False,False,Request timeout: 300.0s exceeded,483,21.16838264042747
193,2026-09-14T02:17:52.914+00:00,2026-09-14T02:22:46.838+00:00,2026-09-14T02:22:52.950+00:00,False,91,90.0,,90.0,293923.835677,300035.812637,300035.812516,3297.0968408351646,0.03713,293923.835677,30804.47681914289,86.697232,67.9108551111111,19.012126730118755,0.2999641916376396,17,64,,False,False,Request timeout: 300.0s exceeded,474,21.16838264042747
194,2026-09-14T02:17:56.347+00:00,2026-09-14T02:22:50.473+00:00,2026-09-14T02:22:56.375+00:00,False,90,89.0,,89.0,294125.408017,300027.709457,300027.709669,3333.6412185444447,0.02244,294125.408017,30996.556153690486,88.3099354,66.31799370786517,20.108050943394048,0.29663926762323095,17,64,,False,False,Request timeout: 300.0s exceeded,355,21.16838264042747
195,2026-09-14T02:17:59.549+00:00,2026-09-14T02:22:53.550+00:00,2026-09-14T02:22:59.571+00:00,False,88,87.0,,87.0,294001.22715600004,300022.08962000004,300022.089578,3409.3419270227278,0.02136,294001.22715600004,31333.265984967195,91.15767935,69.20531567816091,21.33015756281501,0.2899786482728384,17,64,,False,False,Request timeout: 300.0s exceeded,411,21.16838264042747
196,2026-09-14T02:18:02.750+00:00,2026-09-14T02:22:56.642+00:00,2026-09-14T02:23:02.786+00:00,False,90,89.0,,89.0,293891.58827300003,300036.22366500006,300036.22369400004,3333.7358188222224,0.0263,293891.58827300003,30971.62293773495,90.5335814,69.0408471011236,20.958765298617497,0.2966308498115591,17,64,,False,False,Request timeout: 300.0s exceeded,366,21.16838264042747
197,2026-09-14T02:18:07.327+00:00,2026-09-14T02:23:00.918+00:00,2026-09-14T02:23:07.364+00:00,False,100,99.0,,99.0,293591.41589600005,300036.994392,300036.99450100004,3000.3699450100007,0.0,293591.41589600005,29352.705576793585,89.06127945,65.10685349494949,66.5463489338657,0.32995931118632643,17,64,,False,False,Request timeout: 300.0s exceeded,374,21.16838264042747
198,2026-09-14T02:18:12.536+00:00,2026-09-14T02:23:06.669+00:00,2026-09-14T02:23:12.567+00:00,False,90,89.0,,89.0,294133.23648,300031.15468800004,300031.15452100005,3333.679494677778,0.0634,294133.23648,30997.387048809403,89.3192705,66.26874391011236,20.889527056485438,0.2966358613409677,17,64,,False,False,Request timeout: 300.0s exceeded,553,21.16838264042747
199,2026-09-14T02:18:15.532+00:00,2026-09-14T02:23:09.073+00:00,2026-09-14T02:23:15.566+00:00,False,94,93.0,,93.0,293540.267079,300033.14643900003,300033.146543,3191.8419845000003,0.023350000000000003,293540.267079,30269.172413877008,89.3563935,69.8159070967742,20.044136337835713,0.3099657524636462,17,64,,False,False,Request timeout: 300.0s exceeded,389,21.16838264042747
200,2026-09-14T02:18:19.337+00:00,2026-09-14T02:23:13.244+00:00,2026-09-14T02:23:19.363+00:00,False,85,84.0,,84.0,293906.919051,300026.165131,300026.165185,3529.7195904117643,0.0353,293906.919051,31870.786005620354,90.55884100000002,72.84816761904762,20.07296385435901,0.2799755813407914,17,64,,False,False,Request timeout: 300.0s exceeded,309,21.16838264042747
201,2026-09-14T02:18:23.555+00:00,2026-09-14T02:23:17.168+00:00,2026-09-14T02:23:23.607+00:00,False,98,97.0,,97.0,293613.395708,300052.102908,300052.102908,3061.756152122449,0.02009,293613.395708,29652.734062416053,89.7056545,66.37842474226804,21.081950118015303,0.32327718772809766,17,64,,False,False,Request timeout: 300.0s exceeded,417,21.16838264042747
202,2026-09-14T02:18:28.119+00:00,2026-09-14T02:23:21.799+00:00,2026-09-14T02:23:28.147+00:00,False,94,93.0,,93.0,293680.532394,300028.44305,300028.442965,3191.79194643617,0.0292,293680.532394,30283.80048914417,88.3370953,68.257103827957,20.10106094510286,0.3099706116346491,17,64,,False,False,Request timeout: 300.0s exceeded,373,21.16838264042747
203,2026-09-14T02:18:33.331+00:00,2026-09-14T02:23:26.811+00:00,2026-09-14T02:23:33.357+00:00,False,98,97.0,,97.0,293480.387115,300025.439531,300025.43955899996,3061.484077132653,0.039380000000000005,293480.387115,29639.18746844303,90.07841535,67.47476717525772,21.148404326082836,0.3233059174969645,17,64,,False,False,Request timeout: 300.0s exceeded,368,21.16838264042747
204,2026-09-14T02:18:38.414+00:00,2026-09-14T02:23:32.025+00:00,2026-09-14T02:23:38.491+00:00,False,95,94.0,,94.0,293610.55951700005,300076.62620500004,300076.62622000003,3158.7013286315796,0.04185,293610.55951700005,30116.757161319463,88.9956464,68.78794348936171,20.428355640135788,0.3132533219557829,17,64,,False,False,Request timeout: 300.0s exceeded,458,21.16838264042747
205,2026-09-14T02:18:41.335+00:00,2026-09-14T02:23:35.214+00:00,2026-09-14T02:23:41.344+00:00,False,89,88.0,,88.0,293878.55614600005,300008.44081800006,300008.44080900005,3370.881357404495,0.03857,293878.55614600005,31143.686870031146,88.09477999999999,69.65778036363636,19.329912137496308,0.29332508032127386,17,64,,False,False,Request timeout: 300.0s exceeded,283,21.16838264042747
206,2026-09-14T02:18:45.757+00:00,2026-09-14T02:23:39.559+00:00,2026-09-14T02:23:45.827+00:00,False,92,91.0,,91.0,293801.67781699996,300069.35525699996,300069.35521699995,3261.6234262717385,0.02652,293801.67781699996,30623.767058027326,86.7580415,68.87557626373626,18.42808915163422,0.30326322367061226,17,64,,False,False,Request timeout: 300.0s exceeded,381,21.16838264042747
207,2026-09-14T02:18:48.972+00:00,2026-09-14T02:23:42.666+00:00,2026-09-14T02:23:48.997+00:00,False,96,95.0,,95.0,293693.241852,300024.403964,300024.40383900004,3125.25420665625,0.04225,293693.241852,29968.1452278817,86.845392,66.64381170526316,19.15386940224502,0.31664090902218434,17,64,,False,False,Request timeout: 300.0s exceeded,271,21.16838264042747
208,2026-09-14T02:18:53.225+00:00,2026-09-14T02:23:47.026+00:00,2026-09-14T02:23:53.291+00:00,False,91,90.0,,90.0,293800.989123,300066.461635,300066.461748,3297.4336455824177,0.019989999999999997,293800.989123,30791.42050585959,88.1720285,69.61636124444445,19.478294821564617,0.29993355308556857,17,64,,False,False,Request timeout: 300.0s exceeded,322,21.16838264042747
209,2026-09-14T02:18:59.326+00:00,2026-09-14T02:23:52.221+00:00,2026-09-14T02:23:59.375+00:00,False,108,107.0,,107.0,292895.680346,300048.885594,300048.885448,2778.230420814815,0.022879999999999998,292895.680346,28177.47459034013,89.3060485,66.8523854953271,20.630629598361068,0.3566085565962843,17,64,,False,False,Request timeout: 300.0s exceeded,395,21.16838264042747
210,2026-09-14T02:19:03.387+00:00,2026-09-14T02:23:57.279+00:00,2026-09-14T02:24:03.436+00:00,False,104,103.0,,103.0,293891.67753,300049.411418,300049.411286,2885.0904931346154,0.0,293891.67753,28812.661953270715,93.8760133,59.78382415533981,65.73857945798326,0.3432767940228028,17,64,,False,False,Request timeout: 300.0s exceeded,137,21.16838264042747
211,2026-09-14T02:19:06.809+00:00,2026-09-14T02:24:01.355+00:00,2026-09-14T02:24:06.871+00:00,False,94,93.0,,93.0,294545.703057,300061.895057,300061.894968,3192.1478188085107,0.0,294545.703057,30373.965592828932,88.61794764999999,59.31389247311828,29.048295396168456,0.3099360549673714,17,64,,False,False,Request timeout: 300.0s exceeded,536,21.16838264042747
212,2026-09-14T02:19:11.536+00:00,2026-09-14T02:24:05.168+00:00,2026-09-14T02:24:11.550+00:00,False,98,97.0,,97.0,293632.14953899995,300014.19395499997,300014.19414999994,3061.3693280612238,0.033399,293632.14953899995,29654.68649133295,86.25516805000001,65.7942723298969,19.606634115875778,0.3233180361278151,17,64,,False,False,Request timeout: 300.0s exceeded,436,21.16838264042747
213,2026-09-14T02:19:14.867+00:00,2026-09-14T02:24:08.841+00:00,2026-09-14T02:24:14.907+00:00,False,89,88.0,,88.0,293974.734763,300040.685995,300040.685923,3371.24366205618,0.02123,293974.734763,31153.95898114087,88.1873938,68.931264,19.636229081648338,0.2932935568660394,17,64,,False,False,Request timeout: 300.0s exceeded,385,21.16838264042747
214,2026-09-14T02:19:18.951+00:00,2026-09-14T02:24:12.914+00:00,2026-09-14T02:24:18.985+00:00,False,91,90.0,,90.0,293963.113557,300033.682005,300033.681998,3297.0734285494505,0.01918,293963.113557,30808.64328712322,89.61947099999999,67.45076053333334,20.276552028399827,0.299966321776167,17,64,,False,False,Request timeout: 300.0s exceeded,425,21.16838264042747
215,2026-09-14T02:19:22.088+00:00,2026-09-14T02:24:15.544+00:00,2026-09-14T02:24:22.116+00:00,False,96,95.0,,95.0,293455.530316,300027.928396,300027.928328,3125.2909200833333,0.03613,293455.530316,29943.625569800228,89.77351325,69.18313768421052,20.434914128236596,0.3166371894372836,17,64,,False,False,Request timeout: 300.0s exceeded,365,21.16838264042747
216,2026-09-14T02:19:26.464+00:00,2026-09-14T02:24:19.970+00:00,2026-09-14T02:24:26.681+00:00,False,99,98.0,,98.0,293505.67923,300216.658046,300216.658029,3032.491495242424,0.02155,293505.67923,29491.554600814747,88.3156338,68.47937567346939,19.490944164581364,0.32643092038212007,17,64,,False,False,Request timeout: 300.0s exceeded,438,21.16838264042747
217,2026-09-14T02:19:30.542+00:00,2026-09-14T02:24:24.199+00:00,2026-09-14T02:24:30.610+00:00,False,96,95.0,,95.0,293657.704439,300068.114679,300068.114713,3125.7095282604164,0.03704,293657.704439,29964.433726120587,90.50376875,67.47800252631579,20.168770006749188,0.3165947841596796,17,64,,False,False,Request timeout: 300.0s exceeded,433,21.16838264042747
218,2026-09-14T02:19:35.055+00:00,2026-09-14T02:24:28.547+00:00,2026-09-14T02:24:35.077+00:00,False,99,98.0,,98.0,293491.189093,300022.030181,300022.030241,3030.5255579898994,0.03885,293491.189093,29490.283180871153,88.767594,66.64123559183673,19.724021602724225,0.32664268000879026,17,64,,False,False,Request timeout: 300.0s exceeded,464,21.16838264042747
219,2026-09-14T02:19:38.429+00:00,2026-09-14T02:24:31.928+00:00,2026-09-14T02:24:38.506+00:00,False,97,96.0,,96.0,293498.326114,300076.429666,300076.429652,3093.57143971134,0.03663,293498.326114,29793.289246602388,88.71165880000001,68.521912,19.940244411953966,0.3199184957873991,17,64,,False,False,Request timeout: 300.0s exceeded,482,21.16838264042747
220,2026-09-14T02:19:41.929+00:00,2026-09-14T02:24:36.054+00:00,2026-09-14T02:24:41.954+00:00,False,85,84.0,,84.0,294125.436552,300025.513864,300025.513823,3529.7119273294115,0.03789,294125.436552,31894.770363555537,89.0901676,70.2390156190476,19.764215281743027,0.2799761890852948,17,64,,False,False,Request timeout: 300.0s exceeded,307,21.16838264042747
221,2026-09-14T02:19:46.806+00:00,2026-09-14T02:24:41.054+00:00,2026-09-14T02:24:47.546+00:00,False,63,62.0,,62.0,294247.77815499995,300739.5574829999,300739.5575749999,4773.643771031745,0.03409,294247.77815499995,37059.51294390368,91.0518732,104.70611819354838,270.2098338066368,0.20615844659379307,17,64,,False,False,Request timeout: 300.0s exceeded,261,21.16838264042747
222,2026-09-14T02:19:51.284+00:00,2026-09-14T02:24:45.356+00:00,2026-09-14T02:24:51.359+00:00,False,101,100.0,,100.0,294072.15507700003,300074.93523700006,300074.93539000006,2971.038964257426,0.015460000000000002,294072.15507700003,29256.078121094273,97.17434499999999,60.027801600000004,214.436146739337,0.3332500927510647,17,64,,False,False,Request timeout: 300.0s exceeded,400,21.16838264042747
223,2026-09-14T02:19:56.244+00:00,2026-09-14T02:24:50.060+00:00,2026-09-14T02:24:56.260+00:00,False,89,88.0,,88.0,293815.59542900004,300016.22339700005,300016.223585,3370.968804325843,0.02952,293815.59542900004,31136.92819552978,90.044288,70.46168145454546,19.908536761994903,0.2933174713140528,17,64,,False,False,Request timeout: 300.0s exceeded,436,21.16838264042747
224,2026-09-14T02:20:00.503+00:00,2026-09-14T02:24:54.626+00:00,2026-09-14T02:25:00.548+00:00,False,93,92.0,,92.0,294123.01952100004,300045.10745700006,300045.10744600004,3226.2914779139787,0.0,294123.01952100004,30492.540534822707,86.9511582,64.37052104347826,69.83133966644927,0.3066205637536838,17,64,,False,False,Request timeout: 300.0s exceeded,470,21.16838264042747
225,2026-09-14T02:20:04.222+00:00,2026-09-14T02:24:58.182+00:00,2026-09-14T02:25:04.273+00:00,False,92,91.0,,91.0,293960.115907,300051.147459,300051.147455,3261.4255158152178,0.02357,293960.115907,30640.488672052197,87.80220455,66.93441265934065,19.921058888529576,0.3032816263848301,17,64,,False,False,Request timeout: 300.0s exceeded,476,21.16838264042747
226,2026-09-14T02:20:09.199+00:00,2026-09-14T02:25:03.373+00:00,2026-09-14T02:25:09.251+00:00,False,86,85.0,,85.0,294173.8471,300051.8375,300051.837347,3488.9748528720934,0.01946,294173.8471,31714.131024667484,89.57888299999999,69.15282823529412,19.99495735773758,0.28328438415245494,17,64,,False,False,Request timeout: 300.0s exceeded,346,21.16838264042747
227,2026-09-14T02:20:14.318+00:00,2026-09-14T02:25:08.084+00:00,2026-09-14T02:25:14.334+00:00,False,90,89.0,,89.0,293765.96715499996,300015.61067499995,300015.61076799995,3333.506786311111,0.03665,293765.96715499996,30958.256002474,88.02967050000001,70.22071370786516,19.50268106780147,0.29665123024685425,17,64,,False,False,Request timeout: 300.0s exceeded,434,21.16838264042747
228,2026-09-14T02:20:17.357+00:00,2026-09-14T02:25:10.999+00:00,2026-09-14T02:25:17.374+00:00,False,92,91.0,,91.0,293641.76311,300016.718886,300016.718728,3261.0512905217392,0.02309,293641.76311,30606.97308681782,89.91734115,70.05445907692307,20.333660525708094,0.30331642962397065,17,64,,False,False,Request timeout: 300.0s exceeded,199,21.16838264042747
229,2026-09-14T02:20:22.630+00:00,2026-09-14T02:25:16.281+00:00,2026-09-14T02:25:22.682+00:00,False,95,94.0,,94.0,293650.887295,300051.715455,300051.71547700005,3158.439110284211,0.11641,293650.887295,30120.96630883308,90.9886391,68.09391659574469,21.016167410327615,0.31327932872324327,17,64,,False,False,Request timeout: 300.0s exceeded,456,21.16838264042747
230,2026-09-14T02:20:27.332+00:00,2026-09-14T02:25:20.866+00:00,2026-09-14T02:25:27.369+00:00,False,99,98.0,,98.0,293534.39606400003,300037.84976,300037.84974100004,3030.6853509191924,0.02536,293534.39606400003,29494.654520900116,90.0960938,66.36177240816326,20.88325242245633,0.3266254576827227,17,64,,False,False,Request timeout: 300.0s exceeded,503,21.16838264042747
231,2026-09-14T02:20:31.217+00:00,2026-09-14T02:25:24.799+00:00,2026-09-14T02:25:31.269+00:00,False,92,91.0,,91.0,293582.09601599997,300052.25230399997,300052.252305,3261.4375250543476,0.04019,293582.09601599997,30600.643570924436,91.25547644999999,71.10061854945054,20.751100525548893,0.30328050964870856,17,64,,False,False,Request timeout: 300.0s exceeded,393,21.16838264042747
232,2026-09-14T02:20:35.214+00:00,2026-09-14T02:25:29.114+00:00,2026-09-14T02:25:35.260+00:00,False,86,85.0,,85.0,293899.733558,300046.275638,300046.275679,3488.9101823139536,0.03676,293899.733558,31684.231855977396,91.93643125,72.31225976470589,19.897454097213487,0.283289635304625,17,64,,False,False,Request timeout: 300.0s exceeded,399,21.16838264042747
233,2026-09-14T02:20:38.632+00:00,2026-09-14T02:25:32.627+00:00,2026-09-14T02:25:38.721+00:00,False,89,88.0,,88.0,293995.6363,300088.78318,300088.783292,3371.7840819325843,0.02425,293995.6363,31156.14170594936,89.6929544,69.24030545454545,19.51596718638729,0.2932465487962461,17,64,,False,False,Request timeout: 300.0s exceeded,257,21.16838264042747
234,2026-09-14T02:20:43.311+00:00,2026-09-14T02:25:37.306+00:00,2026-09-14T02:25:43.368+00:00,False,88,87.0,,87.0,293994.852533,300057.00754099997,300057.007641,3409.7387231931816,0.01989,293994.852533,31332.53469254989,87.15242235,69.67994262068966,19.530608158397115,0.28994490318014743,17,64,,False,False,Request timeout: 300.0s exceeded,199,21.16838264042747
235,2026-09-14T02:20:47.663+00:00,2026-09-14T02:25:41.314+00:00,2026-09-14T02:25:47.710+00:00,False,93,92.0,,92.0,293651.547421,300046.752541,300046.75255800004,3226.309167290323,0.021670000000000002,293651.547421,30443.045606055217,89.29461719999999,69.51309913043478,20.463360555454834,0.30661888262706194,17,64,,False,False,Request timeout: 300.0s exceeded,434,21.16838264042747
236,2026-09-14T02:20:52.352+00:00,2026-09-14T02:25:46.180+00:00,2026-09-14T02:25:52.400+00:00,False,94,93.0,,93.0,293828.046164,300048.526676,300048.526798,3192.0056042340425,0.0,293828.046164,30299.229154938286,88.658003,66.88688722580645,69.58923523472977,0.30994986387793116,17,64,,False,False,Request timeout: 300.0s exceeded,388,21.16838264042747
237,2026-09-14T02:20:55.771+00:00,2026-09-14T02:25:49.660+00:00,2026-09-14T02:25:55.856+00:00,False,98,97.0,,97.0,293889.327829,300085.235413,300085.235202,3062.0942367551024,0.0,293889.327829,29680.93231514866,89.2251909,63.875335917525774,69.03893824898604,0.3232414945923657,17,64,,False,False,Request timeout: 300.0s exceeded,357,21.16838264042747
238,2026-09-14T02:20:59.721+00:00,2026-09-14T02:25:53.466+00:00,2026-09-14T02:25:59.733+00:00,False,94,93.0,,93.0,293745.166134,300011.749686,300011.749528,3191.614356680851,0.02257,293745.166134,30290.55738332283,89.5034531,67.38261883870969,20.46053845001877,0.3099878591333046,17,64,,False,False,Request timeout: 300.0s exceeded,454,21.16838264042747
239,2026-09-14T02:21:02.657+00:00,2026-09-14T02:25:56.281+00:00,2026-09-14T02:26:02.671+00:00,False,94,93.0,,93.0,293624.189811,300013.88453100005,300013.884726,3191.6370715531916,0.038439999999999995,293624.189811,30277.943093661677,90.44118965,68.70639483870968,20.460440661033182,0.30998565331528993,17,64,,False,False,Request timeout: 300.0s exceeded,373,21.16838264042747
240,2026-09-14T02:21:07.590+00:00,2026-09-14T02:26:01.103+00:00,2026-09-14T02:26:07.638+00:00,False,96,95.0,,95.0,293512.06147899997,300047.80573499994,300047.80563699995,3125.4979753854163,0.04357,293512.06147899997,29949.4346264736,89.9137875,68.79730795789474,20.42268930810755,0.31661621309739996,17,64,,False,False,Request timeout: 300.0s exceeded,217,21.16838264042747
241,2026-09-14T02:21:10.548+00:00,2026-09-14T02:26:04.127+00:00,2026-09-14T02:26:10.578+00:00,False,98,97.0,,97.0,293578.94081,300029.802634,300029.802716,3061.5285991428573,0.02156,293578.94081,29649.240802626922,89.39502055000001,66.5037301443299,20.892787481313913,0.3233012159073018,17,64,,False,False,Request timeout: 300.0s exceeded,443,21.16838264042747
242,2026-09-14T02:21:13.680+00:00,2026-09-14T02:26:07.634+00:00,2026-09-14T02:26:13.710+00:00,False,89,88.0,,88.0,293953.603761,300029.32241699996,300029.322328,3371.115981213483,0.04126,293953.603761,31151.70803424454,89.44058100000001,69.04225745454545,20.728554379630484,0.29330466532765076,17,64,,False,False,Request timeout: 300.0s exceeded,420,21.16838264042747
243,2026-09-14T02:21:16.574+00:00,2026-09-14T02:26:10.192+00:00,2026-09-14T02:26:16.599+00:00,False,92,91.0,,91.0,293618.70829000004,300024.88301000005,300024.88297900005,3261.140032380435,0.02218,293618.70829000004,30604.53357919754,90.13108155,70.3975243956044,20.16585316012236,0.3033081759320839,17,64,,False,False,Request timeout: 300.0s exceeded,348,21.16838264042747
244,2026-09-14T02:21:21.450+00:00,2026-09-14T02:26:15.125+00:00,2026-09-14T02:26:21.469+00:00,False,96,95.0,,95.0,293674.70351200004,300018.90524000005,300018.90535200003,3125.1969307500003,0.03719,293674.70351200004,29966.23980521918,88.97847175000001,66.78107082105264,20.15177334555977,0.3166467123930233,17,64,,False,False,Request timeout: 300.0s exceeded,447,21.16838264042747
245,2026-09-14T02:21:26.434+00:00,2026-09-14T02:26:20.069+00:00,2026-09-14T02:26:26.489+00:00,False,94,93.0,,93.0,293635.095339,300054.756395,300054.756339,3192.0718759468086,0.02494,293635.095339,30279.03449576662,90.49332165,69.02861350537634,20.184894817044878,0.30994342871729835,17,64,,False,False,Request timeout: 300.0s exceeded,452,21.16838264042747
246,2026-09-14T02:21:29.745+00:00,2026-09-14T02:26:23.397+00:00,2026-09-14T02:26:29.753+00:00,False,95,94.0,,94.0,293652.577574,300007.841574,300007.841481,3157.9772787473685,0.04217,293652.577574,30121.189213496273,90.41841210000001,67.6091914893617,20.656560203114417,0.31332514345900503,17,64,,False,False,Request timeout: 300.0s exceeded,217,21.16838264042747
247,2026-09-14T02:21:34.526+00:00,2026-09-14T02:26:27.985+00:00,2026-09-14T02:26:34.575+00:00,False,99,98.0,,98.0,293458.366215,300048.41395899997,300048.414045,3030.792061060606,0.0345,293458.366215,29486.924207540196,87.9583547,67.24538514285715,20.56495458952857,0.32661395775080215,17,64,,False,False,Request timeout: 300.0s exceeded,409,21.16838264042747
248,2026-09-14T02:21:38.373+00:00,2026-09-14T02:26:31.804+00:00,2026-09-14T02:26:38.418+00:00,False,99,98.0,,98.0,293430.74753399997,300044.71566199994,300044.715745,3030.7547044949492,0.02531,293430.74753399997,29484.123339036883,88.67547599999997,67.48947069387755,19.74351407183717,0.32661798353548377,17,64,,False,False,Request timeout: 300.0s exceeded,377,21.16838264042747
249,2026-09-14T02:21:41.476+00:00,2026-09-14T02:26:34.949+00:00,2026-09-14T02:26:41.526+00:00,False,100,99.0,,99.0,293473.90366500005,300050.30840100005,300050.30837600003,3000.5030837600007,0.02056,293473.90366500005,29340.754593936,89.27812945,66.42833066666667,20.458414395818338,0.32994467003743977,17,64,,False,False,Request timeout: 300.0s exceeded,464,21.16838264042747
250,2026-09-14T02:21:46.339+00:00,2026-09-14T02:26:39.622+00:00,2026-09-14T02:26:46.488+00:00,False,106,105.0,,105.0,293283.40850900003,300148.939901,300148.939789,2831.59377159434,0.0,293283.40850900003,28479.917784615554,90.87585575000001,65.38601325714286,61.5144549063796,0.34982632300694716,17,64,,False,False,Request timeout: 300.0s exceeded,456,21.16838264042747
251,2026-09-14T02:21:49.032+00:00,2026-09-14T02:26:43.026+00:00,2026-09-14T02:26:49.093+00:00,False,98,97.0,,97.0,293994.33329900005,300060.86821100005,300060.86806700006,3061.8455925204084,0.0,293994.33329900005,29691.66421690549,89.58406335,62.54159703092784,64.5697811356352,0.32326774423578114,17,64,,False,False,Request timeout: 300.0s exceeded,462,21.16838264042747
252,2026-09-14T02:21:53.166+00:00,2026-09-14T02:26:47.659+00:00,2026-09-14T02:26:53.223+00:00,False,85,84.0,,84.0,294493.296078,300057.005006,300057.005047,3530.0824123176467,0.047229999999999994,294493.296078,31935.10499241093,88.177088,66.2346300952381,20.30036590334676,0.2799468054355882,17,64,,False,False,Request timeout: 300.0s exceeded,352,21.16838264042747
253,2026-09-14T02:21:57.496+00:00,2026-09-14T02:26:51.252+00:00,2026-09-14T02:26:57.577+00:00,False,94,93.0,,93.0,293755.796567,300081.086295,300081.086167,3192.3519804999996,0.0435,293755.796567,30291.588278390558,87.7168615,68.01386804301076,19.788376126711775,0.3099162334695587,17,64,,False,False,Request timeout: 300.0s exceeded,458,21.16838264042747
254,2026-09-14T02:22:02.272+00:00,2026-09-14T02:26:55.855+00:00,2026-09-14T02:27:02.325+00:00,False,93,92.0,,92.0,293582.617165,300052.476237,300052.47615,3226.3707112903226,0.03785,293582.617165,30435.813002939765,87.9486042,70.32455513043477,19.340564418597932,0.30661303367259235,17,64,,False,False,Request timeout: 300.0s exceeded,428,21.16838264042747
255,2026-09-14T02:22:05.207+00:00,2026-09-14T02:26:58.763+00:00,2026-09-14T02:27:05.223+00:00,False,94,93.0,,93.0,293555.460894,300015.515934,300015.51575900003,3191.6544229680853,0.02817,293555.460894,30270.77567392487,89.08252544999999,69.46295741935484,19.63344138068735,0.3099839676973872,17,64,,False,False,Request timeout: 300.0s exceeded,270,21.16838264042747
256,2026-09-14T02:22:08.210+00:00,2026-09-14T02:27:01.912+00:00,2026-09-14T02:27:08.258+00:00,False,94,93.0,,93.0,293702.561383,300048.223847,300048.223671,3192.0023794787235,0.03598,293702.561383,30286.075119882233,88.5590115,68.2329297204301,20.13306611503865,0.3099501767003373,17,64,,False,False,Request timeout: 300.0s exceeded,400,21.16838264042747
257,2026-09-14T02:22:11.260+00:00,2026-09-14T02:27:04.963+00:00,2026-09-14T02:27:11.278+00:00,False,97,96.0,,96.0,293703.327033,300018.114873,300018.114825,3092.9702559278353,0.033549999999999996,293703.327033,29814.38275389352,89.57732899999999,65.77904,20.426500217290922,0.3199806786354802,17,64,,False,False,Request timeout: 300.0s exceeded,509,21.16838264042747
258,2026-09-14T02:22:14.131+00:00,2026-09-14T02:27:07.908+00:00,2026-09-14T02:27:14.164+00:00,False,95,94.0,,94.0,293777.307748,300033.332836,300033.332705,3158.2456074210527,0.04325,293777.307748,30134.094675261313,88.9002607,66.55345838297872,20.807792625505613,0.31329852290572313,17,64,,False,False,Request timeout: 300.0s exceeded,270,21.16838264042747
259,2026-09-14T02:22:18.553+00:00,2026-09-14T02:27:12.505+00:00,2026-09-14T02:27:18.578+00:00,False,94,93.0,,93.0,293951.640651,300024.51745100005,300024.51737400005,3191.7501848297875,0.055639,293951.640651,30312.06874274517,89.856774,65.29975053763441,20.923315995170356,0.30997466737093826,17,64,,False,False,Request timeout: 300.0s exceeded,235,21.16838264042747
260,2026-09-14T02:22:21.784+00:00,2026-09-14T02:27:15.771+00:00,2026-09-14T02:27:21.812+00:00,False,90,89.0,,89.0,293987.678877,300028.158109,300028.157939,3333.6461993222224,0.0241,293987.678877,30981.87514004203,90.06308050000001,67.87055316853933,20.967082782749902,0.2966388240388636,17,64,,False,False,Request timeout: 300.0s exceeded,468,21.16838264042747
261,2026-09-14T02:22:25.372+00:00,2026-09-14T02:27:19.219+00:00,2026-09-14T02:27:25.420+00:00,False,90,89.0,,89.0,293846.74227600003,300047.61370000005,300047.61370900006,3333.8623745444447,0.06822,293846.74227600003,30966.828512962806,88.50438445,69.67271262921348,19.982292526248962,0.29661958947950795,17,64,,False,False,Request timeout: 300.0s exceeded,404,21.16838264042747
262,2026-09-14T02:22:28.729+00:00,2026-09-14T02:27:22.354+00:00,2026-09-14T02:27:28.804+00:00,False,93,92.0,,92.0,293625.17246499995,300075.29470499995,300075.29449299996,3226.616069817204,0.041030000000000004,293625.17246499995,30440.248093793478,88.08780800000001,70.1100243478261,19.446491082265357,0.30658971805874247,17,64,,False,False,Request timeout: 300.0s exceeded,423,21.16838264042747
263,2026-09-14T02:22:32.061+00:00,2026-09-14T02:27:25.923+00:00,2026-09-14T02:27:32.072+00:00,False,94,93.0,,93.0,293862.37644599995,300010.64703799994,300010.6470209999,3191.602627882978,0.03443,293862.37644599995,30302.777332248297,86.46235465,66.11043647311828,19.566091085157815,0.3099889984511798,17,64,,False,False,Request timeout: 300.0s exceeded,380,21.16838264042747
264,2026-09-14T02:22:36.612+00:00,2026-09-14T02:27:30.357+00:00,2026-09-14T02:27:36.694+00:00,False,98,97.0,,97.0,293744.689816,300081.910424,300081.910362,3062.0603098163265,0.02914,293744.689816,29666.10137952948,87.19838185,65.33217121649484,19.49381287250457,0.323245076195843,17,64,,False,False,Request timeout: 300.0s exceeded,142,21.16838264042747
265,2026-09-14T02:22:39.521+00:00,2026-09-14T02:27:33.535+00:00,2026-09-14T02:27:39.566+00:00,False,89,88.0,,88.0,294014.262448,300044.68958400004,300044.689741,3371.288648775281,0.04086,294014.262448,31158.1917197219,87.2457934,68.5275810909091,19.67337454124442,0.29328964335948915,17,64,,False,False,Request timeout: 300.0s exceeded,216,21.16838264042747
266,2026-09-14T02:22:43.105+00:00,2026-09-14T02:27:37.000+00:00,2026-09-14T02:27:43.136+00:00,False,92,91.0,,91.0,293894.761332,300031.331444,300031.331511,3261.2101251195654,0.0,293894.761332,30633.696359543075,90.87216655,67.4348363956044,70.37599625856174,0.303301657070388,17,64,,False,False,Request timeout: 300.0s exceeded,436,21.16838264042747
267,2026-09-14T02:22:47.091+00:00,2026-09-14T02:27:40.788+00:00,2026-09-14T02:27:47.122+00:00,False,100,99.0,,99.0,293696.610001,300031.359441,300031.359253,3000.31359253,0.0,293696.610001,29363.339845406503,89.44958955,63.98736808080808,67.84257642856656,0.3299655082203764,17,64,,False,False,Request timeout: 300.0s exceeded,499,21.16838264042747
268,2026-09-14T02:22:51.847+00:00,2026-09-14T02:27:45.567+00:00,2026-09-14T02:27:51.880+00:00,False,91,90.0,,90.0,293719.484365,300033.214925,300033.214971,3297.068296384615,0.02171,293719.484365,30782.820519662793,88.8573475,70.15256177777778,19.86018774066014,0.29996678875203037,17,64,,False,False,Request timeout: 300.0s exceeded,339,21.16838264042747
269,2026-09-14T02:22:56.126+00:00,2026-09-14T02:27:49.551+00:00,2026-09-14T02:27:56.201+00:00,False,97,96.0,,96.0,293425.265899,300075.483371,300075.48348399997,3093.561685402062,0.03481,293425.265899,29785.794665657584,87.55857460000001,69.27309866666667,19.681779113926858,0.3199195046577993,17,64,,False,False,Request timeout: 300.0s exceeded,425,21.16838264042747
270,2026-09-14T02:22:59.108+00:00,2026-09-14T02:27:53.098+00:00,2026-09-14T02:27:59.154+00:00,False,89,88.0,,88.0,293990.05680699996,300046.68810299993,300046.688276,3371.3111042247187,0.01659,293990.05680699996,31155.595296254916,89.121042,68.82535563636364,21.114887668372234,0.2932876898470927,17,64,,False,False,Request timeout: 300.0s exceeded,416,21.16838264042747
271,2026-09-14T02:23:03.129+00:00,2026-09-14T02:27:56.927+00:00,2026-09-14T02:28:03.167+00:00,False,95,94.0,,94.0,293797.725805,300038.318957,300038.318826,3158.2980929052633,0.03477,293797.725805,30136.206140446717,89.2703737,66.38928885106384,20.47398265652327,0.313293316422932,17,64,,False,False,Request timeout: 300.0s exceeded,426,21.16838264042747
272,2026-09-14T02:23:08.101+00:00,2026-09-14T02:28:01.645+00:00,2026-09-14T02:28:08.148+00:00,False,97,96.0,,96.0,293544.88838099997,300047.595581,300047.595528,3093.2741807010307,0.02913,293544.88838099997,29798.09736360212,90.48048859999999,67.73653333333333,20.96057175404855,0.3199492394335288,17,64,,False,False,Request timeout: 300.0s exceeded,408,21.16838264042747
273,2026-09-14T02:23:11.792+00:00,2026-09-14T02:28:05.891+00:00,2026-09-14T02:28:11.868+00:00,False,89,88.0,,88.0,294099.294052,300075.775332,300075.77515999996,3371.6379231460674,0.01661,294099.294052,31167.270767578106,90.4632534,67.91456,20.821113828960165,0.2932592606072181,17,64,,False,False,Request timeout: 300.0s exceeded,480,21.16838264042747
274,2026-09-14T02:23:15.380+00:00,2026-09-14T02:28:09.359+00:00,2026-09-14T02:28:15.421+00:00,False,101,100.0,,100.0,293979.79113599996,300041.614624,300041.614594,2970.709055386138,0.015130000000000001,293979.79113599996,29247.265835916278,89.98922,60.61823488,267.93592746454624,0.3332871012753213,17,64,,False,False,Request timeout: 300.0s exceeded,417,21.16838264042747
275,2026-09-14T02:23:19.641+00:00,2026-09-14T02:28:14.830+00:00,2026-09-14T02:28:19.685+00:00,False,74,73.0,,73.0,295189.005704,300044.739208,300044.739404,4054.6586405945945,0.03197,295189.005704,34307.29900249874,90.0945008,66.51689731506849,21.328175350701315,0.24329705027553977,17,64,,False,False,Request timeout: 300.0s exceeded,272,21.16838264042747
276,2026-09-14T02:23:22.754+00:00,2026-09-14T02:28:16.410+00:00,2026-09-14T02:28:22.807+00:00,False,92,91.0,,91.0,293655.426025,300053.11869699997,300053.11889,3261.4469444565216,0.03357,293655.426025,30608.37065213567,88.37750404999998,70.30431507692307,19.008931413022694,0.30327963393672885,17,64,,False,False,Request timeout: 300.0s exceeded,373,21.16838264042747
277,2026-09-14T02:23:27.153+00:00,2026-09-14T02:28:20.779+00:00,2026-09-14T02:28:27.174+00:00,False,92,91.0,,91.0,293625.771954,300020.73797,300020.737805,3261.0949761413044,0.01908,293625.771954,30605.283055704233,90.3136066,70.27435182417582,20.465924398220178,0.30331236639081716,17,64,,False,False,Request timeout: 300.0s exceeded,418,21.16838264042747
278,2026-09-14T02:23:32.203+00:00,2026-09-14T02:28:25.867+00:00,2026-09-14T02:28:32.295+00:00,False,96,95.0,,95.0,293663.39601200004,300091.61540400004,300091.615562,3125.954328770834,0.03835,293663.39601200004,29964.99581822684,88.077654,67.66546728421054,20.66076915184904,0.3165699910412549,17,64,,False,False,Request timeout: 300.0s exceeded,506,21.16838264042747
279,2026-09-14T02:23:35.797+00:00,2026-09-14T02:28:29.715+00:00,2026-09-14T02:28:35.892+00:00,False,86,85.0,,85.0,293917.66174,300094.28510000004,300094.285231,3489.468432918605,0.019219999999999998,293917.66174,31686.126961378424,90.207047,72.66615717647059,19.932906436983775,0.2832443142716815,17,64,,False,False,Request timeout: 300.0s exceeded,345,21.16838264042747
280,2026-09-14T02:23:39.536+00:00,2026-09-14T02:28:33.580+00:00,2026-09-14T02:28:39.542+00:00,False,91,90.0,,90.0,294043.602809,300006.019449,300006.019652,3296.769446725275,0.0,294043.602809,30817.273909589374,89.54488150000002,66.24907377777778,67.76790146106848,0.2999939806717768,17,64,,False,False,Request timeout: 300.0s exceeded,419,21.16838264042747
281,2026-09-14T02:23:43.013+00:00,2026-09-14T02:28:36.797+00:00,2026-09-14T02:28:43.063+00:00,False,97,96.0,,96.0,293783.493933,300049.836589,300049.83675400005,3093.2972861237117,0.0,293783.493933,29822.639099647808,89.4072508,65.27440266666666,66.02087259309366,0.31994684980114874,17,64,,False,False,Request timeout: 300.0s exceeded,398,21.16838264042747
282,2026-09-14T02:23:47.892+00:00,2026-09-14T02:28:41.758+00:00,2026-09-14T02:28:47.901+00:00,False,92,91.0,,91.0,293866.221824,300009.33504000003,300009.335176,3260.971034521739,0.01853,293866.221824,30630.640193510073,90.1853076,67.50673863736264,20.417817968791557,0.30332389486436157,17,64,,False,False,Request timeout: 300.0s exceeded,354,21.16838264042747
283,2026-09-14T02:23:51.188+00:00,2026-09-14T02:28:44.737+00:00,2026-09-14T02:28:51.223+00:00,False,97,96.0,,96.0,293548.971148,300034.204812,300034.204758,3093.136131525773,0.05689,293548.971148,29798.529906167107,89.1955756,67.55451733333332,20.25862664262637,0.31996351902661613,17,64,,False,False,Request timeout: 300.0s exceeded,385,21.16838264042747
284,2026-09-14T02:23:56.314+00:00,2026-09-14T02:28:49.806+00:00,2026-09-14T02:28:56.340+00:00,False,98,97.0,,97.0,293492.242585,300026.310041,300026.310082,3061.492960020408,0.018879999999999997,293492.242585,29640.39626904258,89.72940665,67.36152016494844,20.83150286765561,0.3233049794424512,17,64,,False,False,Request timeout: 300.0s exceeded,521,21.16838264042747
285,2026-09-14T02:24:01.062+00:00,2026-09-14T02:28:54.865+00:00,2026-09-14T02:29:01.445+00:00,False,97,96.0,,96.0,293803.042143,300383.142751,300383.142732,3096.733430226804,0.03915,293803.042143,29824.22724117293,90.3911016,68.54271466666667,21.240663553953006,0.31959183568293104,17,64,,False,False,Request timeout: 300.0s exceeded,398,21.16838264042747
286,2026-09-14T02:24:05.254+00:00,2026-09-14T02:28:58.653+00:00,2026-09-14T02:29:05.267+00:00,False,98,97.0,,97.0,293398.242881,300012.509249,300012.509258,3061.352135285714,0.02125,293398.242881,29630.817167893918,89.50060010000001,68.18831307216496,20.57003265890247,0.3233198517048946,17,64,,False,False,Request timeout: 300.0s exceeded,443,21.16838264042747
287,2026-09-14T02:24:08.242+00:00,2026-09-14T02:29:01.735+00:00,2026-09-14T02:29:08.284+00:00,False,96,95.0,,95.0,293492.599744,300041.194432,300041.19433,3125.429107604167,0.04288,293492.599744,29947.43513368006,91.778914,68.93257566315789,21.318124610141776,0.31662318962515124,17,64,,False,False,Request timeout: 300.0s exceeded,420,21.16838264042747
288,2026-09-14T02:24:11.614+00:00,2026-09-14T02:29:05.397+00:00,2026-09-14T02:29:11.662+00:00,False,92,91.0,,91.0,293782.70736500004,300047.927205,300047.927199,3261.3905130326093,0.02286,293782.70736500004,30621.79318718814,90.04545755,68.84856967032968,20.221817887811884,0.3032848813443947,17,64,,False,False,Request timeout: 300.0s exceeded,325,21.16838264042747
289,2026-09-14T02:24:16.388+00:00,2026-09-14T02:29:10.256+00:00,2026-09-14T02:29:16.395+00:00,False,94,93.0,,93.0,293867.647929,300006.743993,300006.74406000006,3191.5611070212767,0.023559999999999998,293867.647929,30303.331362134933,87.72162415000001,66.0117856344086,19.788835658560473,0.3099930313638881,17,64,,False,False,Request timeout: 300.0s exceeded,489,21.16838264042747
290,2026-09-14T02:24:21.256+00:00,2026-09-14T02:29:15.258+00:00,2026-09-14T02:29:21.318+00:00,False,92,91.0,,91.0,294002.44104799995,300062.49301599996,300062.49297499994,3261.548836684782,0.01714,294002.44104799995,30644.937077464117,90.4889915,66.59397767032966,20.248914192078274,0.3032701591103147,17,64,,False,False,Request timeout: 300.0s exceeded,345,21.16838264042747
291,2026-09-14T02:24:24.214+00:00,2026-09-14T02:29:17.749+00:00,2026-09-14T02:29:24.256+00:00,False,94,93.0,,93.0,293535.04526700004,300042.04430700006,300042.04428100004,3191.9366412872346,0.02493,293535.04526700004,30268.61805839525,90.38700800000001,69.96773161290322,19.879400877950808,0.3099565603040729,17,64,,False,False,Request timeout: 300.0s exceeded,428,21.16838264042747
292,2026-09-14T02:24:28.923+00:00,2026-09-14T02:29:22.504+00:00,2026-09-14T02:29:28.994+00:00,False,93,92.0,,92.0,293581.714611,300071.848627,300071.84855,3226.5790166666666,0.027719999999999998,293581.714611,30435.696771226816,89.6463826,70.54493495652173,19.67355582541078,0.30659323898910384,17,64,,False,False,Request timeout: 300.0s exceeded,380,21.16838264042747
293,2026-09-14T02:24:33.351+00:00,2026-09-14T02:29:27.011+00:00,2026-09-14T02:29:33.419+00:00,False,101,100.0,,100.0,293660.141879,300067.872055,300067.872262,2970.9690322970296,0.0,293660.141879,29213.967762859105,88.99790300000001,64.07730176,63.09223660329642,0.3332579369965699,17,64,,False,False,Request timeout: 300.0s exceeded,454,21.16838264042747
294,2026-09-14T02:24:37.039+00:00,2026-09-14T02:29:30.782+00:00,2026-09-14T02:29:37.096+00:00,False,103,102.0,,102.0,293743.100797,300056.864637,300056.864629,2913.173443,0.0,293743.100797,28937.33681852049,89.417223,61.89964549019608,63.147089887989736,0.33993556562485777,17,64,,False,False,Request timeout: 300.0s exceeded,423,21.16838264042747
295,2026-09-14T02:24:39.900+00:00,2026-09-14T02:29:33.417+00:00,2026-09-14T02:29:39.911+00:00,False,100,99.0,,99.0,293517.260936,300011.622024,300011.62190599996,3000.11621906,0.03914,293517.260936,29345.17348141605,89.90945585,65.59960694949496,20.872961799058064,0.3299872162688428,17,64,,False,False,Request timeout: 300.0s exceeded,338,21.16838264042747
296,2026-09-14T02:24:44.732+00:00,2026-09-14T02:29:38.389+00:00,2026-09-14T02:29:44.768+00:00,False,94,93.0,,93.0,293657.412014,300036.44331,300036.443517,3191.8770586914893,0.034039,293657.412014,30281.38139988218,89.04410049999998,68.59173436559139,20.26812940592171,0.30996234648706217,17,64,,False,False,Request timeout: 300.0s exceeded,384,21.16838264042747
297,2026-09-14T02:24:49.516+00:00,2026-09-14T02:29:43.068+00:00,2026-09-14T02:29:49.591+00:00,False,103,102.0,,102.0,293552.09991000005,300074.88877400005,300074.88891100005,2913.348436029127,0.03492,293552.09991000005,28918.254855587613,90.2056901,63.948910431372546,21.695123656640778,0.33991514723786437,17,64,,False,False,Request timeout: 300.0s exceeded,392,21.16838264042747
298,2026-09-14T02:24:54.607+00:00,2026-09-14T02:29:48.908+00:00,2026-09-14T02:29:54.691+00:00,False,83,82.0,,82.0,294301.385432,300083.79644,300083.796215,3615.4674242771084,0.02206,294301.385432,32296.039992275044,90.87671420000001,70.51720741463416,20.57689398926016,0.2732570067854211,17,64,,False,False,Request timeout: 300.0s exceeded,293,21.16838264042747
299,2026-09-14T02:24:59.823+00:00,2026-09-14T02:29:53.397+00:00,2026-09-14T02:29:59.897+00:00,False,96,95.0,,95.0,293573.88237199996,300073.52243599994,300073.52243099996,3125.7658586562497,0.03462,293573.88237199996,29955.783343755167,89.888148,68.41726383157894,20.952865334392673,0.3165890786657517,17,64,,False,False,Request timeout: 300.0s exceeded,424,21.16838264042747
300,2026-09-14T02:25:03.677+00:00,2026-09-14T02:29:57.448+00:00,2026-09-14T02:30:03.725+00:00,False,92,91.0,,91.0,293770.896149,300047.295253,300047.295429,3261.383645967391,0.02532,293770.896149,30620.549301806048,88.895408,68.97141872527473,20.71619883856391,0.30328552011531634,17,64,,False,False,Request timeout: 300.0s exceeded,403,21.16838264042747
301,2026-09-14T02:25:08.198+00:00,2026-09-14T02:30:01.879+00:00,2026-09-14T02:30:08.251+00:00,False,94,93.0,,93.0,293681.289851,300052.733307,300052.733481,3192.050356180851,0.04177,293681.289851,30283.852903579926,89.61188200000001,68.51014468817205,20.68382465931784,0.30994551849273344,17,64,,False,False,Request timeout: 300.0s exceeded,208,21.16838264042747
302,2026-09-14T02:25:11.304+00:00,2026-09-14T02:30:05.132+00:00,2026-09-14T02:30:11.313+00:00,False,92,91.0,,91.0,293827.849554,300008.939602,300008.939606,3260.966734847826,0.02188,293827.849554,30626.596067430917,90.091249,67.92406646153846,20.369270170984656,0.30332429467176236,17,64,,False,False,Request timeout: 300.0s exceeded,418,21.16838264042747
303,2026-09-14T02:25:16.023+00:00,2026-09-14T02:30:09.685+00:00,2026-09-14T02:30:16.046+00:00,False,97,96.0,,96.0,293662.194337,300022.969249,300022.969189,3093.020300917526,0.024,293662.194337,29810.157355473,87.702803,66.258072,19.875526226120037,0.31997550134345243,17,64,,False,False,Request timeout: 300.0s exceeded,356,21.16838264042747
304,2026-09-14T02:25:20.318+00:00,2026-09-14T02:30:13.972+00:00,2026-09-14T02:30:20.344+00:00,False,97,96.0,,96.0,293654.181587,300026.110163,300026.110186,3093.0526823298974,0.0384,293654.181587,29809.33203692702,87.8160086,66.374256,19.950509240328973,0.31997215158322234,17,64,,False,False,Request timeout: 300.0s exceeded,463,21.16838264042747
305,2026-09-14T02:25:25.059+00:00,2026-09-14T02:30:18.794+00:00,2026-09-14T02:30:25.107+00:00,False,93,92.0,,92.0,293735.65043,300048.44556599995,300048.44551399996,3226.327371118279,0.02386,293735.65043,30451.859482762033,90.1072906,68.61733843478261,20.33775696591895,0.30661715252833494,17,64,,False,False,Request timeout: 300.0s exceeded,380,21.16838264042747
306,2026-09-14T02:25:28.357+00:00,2026-09-14T02:30:22.054+00:00,2026-09-14T02:30:28.450+00:00,False,98,97.0,,97.0,293696.963193,300092.734329,300092.734212,3062.1707572653063,0.0,293696.963193,29661.282967451738,92.31394270000001,65.9357849072165,64.7834553746329,0.32323341721981247,17,64,,False,False,Request timeout: 300.0s exceeded,322,21.16838264042747
307,2026-09-14T02:25:31.444+00:00,2026-09-14T02:30:25.591+00:00,2026-09-14T02:30:31.504+00:00,False,96,95.0,,95.0,294147.256703,300060.77708699997,300060.77716,3125.6330954166665,0.0,294147.256703,30014.998167919483,91.74613674999999,62.247582989473685,66.37212865751489,0.3166025260690956,17,64,,False,False,Request timeout: 300.0s exceeded,399,21.16838264042747
308,2026-09-14T02:25:36.058+00:00,2026-09-14T02:30:29.798+00:00,2026-09-14T02:30:36.149+00:00,False,93,92.0,,92.0,293740.210426,300091.88121,300091.88115800003,3226.7944210537635,0.04547,293740.210426,30452.288583982143,89.67348700000001,69.03989982608695,20.44242049977534,0.30657277240906,17,64,,False,False,Request timeout: 300.0s exceeded,409,21.16838264042747
309,2026-09-14T02:25:40.617+00:00,2026-09-14T02:30:34.493+00:00,2026-09-14T02:30:40.650+00:00,False,92,91.0,,91.0,293876.161384,300033.301864,300033.30177699996,3261.2315410543474,0.023559999999999998,293876.161384,30631.660663536943,88.73436194999998,67.6608843956044,20.823409329233776,0.3032996651859958,17,64,,False,False,Request timeout: 300.0s exceeded,444,21.16838264042747
310,2026-09-14T02:25:43.506+00:00,2026-09-14T02:30:36.893+00:00,2026-09-14T02:30:43.535+00:00,False,101,100.0,,100.0,293386.4632,300029.191136,300029.191177,2970.586051257426,0.053219,293386.4632,29186.441340114714,90.04891000000002,66.42727936,20.1742174424462,0.3333009018934797,17,64,,False,False,Request timeout: 300.0s exceeded,339,21.16838264042747
311,2026-09-14T02:25:47.909+00:00,2026-09-14T02:30:41.604+00:00,2026-09-14T02:30:47.940+00:00,False,95,94.0,,94.0,293694.80033,300031.294154,300031.294334,3158.2241508842103,0.02966,293694.80033,30125.541083773875,88.4873144,67.40950876595744,19.784979923444325,0.3133006517371874,17,64,,False,False,Request timeout: 300.0s exceeded,429,21.16838264042747
312,2026-09-14T02:25:52.173+00:00,2026-09-14T02:30:45.975+00:00,2026-09-14T02:30:52.191+00:00,False,94,93.0,,93.0,293801.451038,300018.243614,300018.243695,3191.6834435638298,0.02028,293801.451038,30296.41819870271,90.33964015,66.847232,20.833493601050584,0.3099811494118762,17,64,,False,False,Request timeout: 300.0s exceeded,404,21.16838264042747
313,2026-09-14T02:25:57.099+00:00,2026-09-14T02:30:50.564+00:00,2026-09-14T02:30:57.105+00:00,False,99,98.0,,98.0,293465.771734,300005.95631000004,300005.956428,3030.3631962424242,0.02145,293465.771734,29487.719858879133,89.9237287,66.73657730612246,20.898064332909275,0.3266601810356569,17,64,,False,False,Request timeout: 300.0s exceeded,420,21.16838264042747
314,2026-09-14T02:26:00.211+00:00,2026-09-14T02:30:53.608+00:00,2026-09-14T02:31:00.231+00:00,False,96,95.0,,95.0,293397.114422,300019.720502,300019.720662,3125.2054235625,0.07073,293397.114422,29937.60896850805,88.221246,69.71164294736843,19.503300210504516,0.3166458519494778,17,64,,False,False,Request timeout: 300.0s exceeded,503,21.16838264042747
315,2026-09-14T02:26:04.033+00:00,2026-09-14T02:30:57.861+00:00,2026-09-14T02:31:04.107+00:00,False,92,91.0,,91.0,293827.574337,300073.852481,300073.852581,3261.672310663044,0.02247,293827.574337,30626.492503574205,88.535468,68.64041916483517,20.08527731396631,0.3032586786473237,17,64,,False,False,Request timeout: 300.0s exceeded,196,21.16838264042747
316,2026-09-14T02:26:09.297+00:00,2026-09-14T02:31:03.090+00:00,2026-09-14T02:31:09.337+00:00,False,92,91.0,,91.0,293792.271166,300039.501374,300039.501399,3261.29892825,0.01782,293792.271166,30622.810510382093,88.23230555,68.65088140659341,19.627955030061425,0.30329339831347163,17,64,,False,False,Request timeout: 300.0s exceeded,365,21.16838264042747
317,2026-09-14T02:26:14.385+00:00,2026-09-14T02:31:08.161+00:00,2026-09-14T02:31:14.392+00:00,False,93,92.0,,92.0,293776.045337,300007.282457,300007.282613,3225.8847592795696,0.018670000000000003,293776.045337,30456.139995533813,86.57051899999999,67.73083826086956,20.08093770469186,0.3066592225579936,17,64,,False,False,Request timeout: 300.0s exceeded,494,21.16838264042747
318,2026-09-14T02:26:19.220+00:00,2026-09-14T02:31:12.546+00:00,2026-09-14T02:31:19.256+00:00,False,104,103.0,,103.0,293326.351112,300036.959752,300036.959746,2884.970766788462,0.026170000000000002,293326.351112,28756.63338327475,88.28083915,65.15154019417476,19.960571852112004,0.3432910401609728,17,64,,False,False,Request timeout: 300.0s exceeded,555,21.16838264042747
319,2026-09-14T02:26:23.937+00:00,2026-09-14T02:31:17.702+00:00,2026-09-14T02:31:23.960+00:00,False,100,99.0,,99.0,293764.86859100003,300022.74788700003,300022.74771100003,3000.2274771100006,0.0,293764.86859100003,29370.243565345707,89.81525235000001,63.21090197979798,67.94421363383357,0.32997497922153274,17,64,,False,False,Request timeout: 300.0s exceeded,453,21.16838264042747
320,2026-09-14T02:26:28.758+00:00,2026-09-14T02:31:22.890+00:00,2026-09-14T02:31:28.776+00:00,False,84,83.0,,83.0,294131.904212,300018.40584400005,300018.40608600003,3571.6476915000003,0.0461,294131.904212,32084.689346757103,88.49788465000002,70.92170640963856,19.317946657285148,0.27664969342966694,17,64,,False,False,Request timeout: 300.0s exceeded,219,21.16838264042747
321,2026-09-14T02:26:31.999+00:00,2026-09-14T02:31:25.774+00:00,2026-09-14T02:31:32.092+00:00,False,92,91.0,,91.0,293775.826617,300093.771961,300093.77209,3261.8888270652174,0.03602,293775.826617,30621.014964597725,88.6382071,69.4279708131868,19.523383837811917,0.30323854908867054,17,64,,False,False,Request timeout: 300.0s exceeded,350,21.16838264042747
322,2026-09-14T02:26:35.853+00:00,2026-09-14T02:31:29.701+00:00,2026-09-14T02:31:35.860+00:00,False,89,88.0,,88.0,293848.00825,300006.881338,300006.881509,3370.8638371797756,0.02097,293848.00825,31140.413980773053,89.607907,69.98719418181818,19.489956604242455,0.29332660506828706,17,64,,False,False,Request timeout: 300.0s exceeded,425,21.16838264042747
323,2026-09-14T02:26:39.624+00:00,2026-09-14T02:31:33.271+00:00,2026-09-14T02:31:39.650+00:00,False,94,93.0,,93.0,293646.908278,300026.178934,300026.178881,3191.7678604361704,0.02575,293646.908278,30280.297795950115,89.75071514999999,68.59430812903226,20.32639801536253,0.30997295079526443,17,64,,False,False,Request timeout: 300.0s exceeded,228,21.16838264042747
324,2026-09-14T02:26:43.854+00:00,2026-09-14T02:31:37.457+00:00,2026-09-14T02:31:43.862+00:00,False,96,95.0,,95.0,293603.454693,300008.340709,300008.340622,3125.0868814791665,0.02196,293603.454693,29958.903038212688,89.05497199999999,67.4198528,20.492475665522992,0.31665786282971187,17,64,,False,False,Request timeout: 300.0s exceeded,431,21.16838264042747
325,2026-09-14T02:26:47.929+00:00,2026-09-14T02:31:41.691+00:00,2026-09-14T02:31:47.969+00:00,False,98,97.0,,97.0,293761.900732,300039.50278,300039.502862,3061.62758022449,0.045119,293761.900732,29667.90288531782,88.54990319999999,64.71754688659794,20.766793997687692,0.3232907637202825,17,64,,False,False,Request timeout: 300.0s exceeded,372,21.16838264042747
326,2026-09-14T02:26:52.816+00:00,2026-09-14T02:31:46.684+00:00,2026-09-14T02:31:52.826+00:00,False,94,93.0,,93.0,293867.63773799996,300009.97552999994,300009.97564099997,3191.595485542553,0.038810000000000004,293867.63773799996,30303.32697587714,88.173403,66.04664292473117,20.18753808439138,0.3099896922950828,17,64,,False,False,Request timeout: 300.0s exceeded,434,21.16838264042747
327,2026-09-14T02:26:55.938+00:00,2026-09-14T02:31:49.358+00:00,2026-09-14T02:31:55.946+00:00,False,100,99.0,,99.0,293419.734116,300007.97680400003,300007.976818,3000.07976818,0.061520000000000005,293419.734116,29335.325454520695,88.242313,66.54790593939394,20.125072064562556,0.3299912257489016,17,64,,False,False,Request timeout: 300.0s exceeded,453,21.16838264042747
328,2026-09-14T02:27:00.356+00:00,2026-09-14T02:31:54.084+00:00,2026-09-14T02:32:00.369+00:00,False,94,93.0,,93.0,293728.05832999997,300012.898778,300012.89879199996,3191.6265828936166,0.03138,293728.05832999997,30288.772630832606,88.945115,67.5789295483871,20.506041657644243,0.30998667183579015,17,64,,False,False,Request timeout: 300.0s exceeded,359,21.16838264042747
329,2026-09-14T02:27:05.533+00:00,2026-09-14T02:31:59.024+00:00,2026-09-14T02:32:05.663+00:00,False,63,62.0,,62.0,293491.091066,300129.97465,300129.974862,4763.967854952381,0.02565,293491.091066,36964.41950069104,91.8911779,107.07876748387096,336.64917927538227,0.20657716734991902,17,64,,False,False,Request timeout: 300.0s exceeded,349,21.16838264042747
330,2026-09-14T02:27:10.535+00:00,2026-09-14T02:32:05.856+00:00,2026-09-14T02:32:10.605+00:00,False,72,71.0,,71.0,295321.10047899996,300070.11142299994,300070.11139399995,4167.6404360277775,0.02607,295321.10047899996,34796.049098103,89.47610055,66.88747808450704,21.254867589143757,0.2366113694672956,17,64,,False,False,Request timeout: 300.0s exceeded,323,21.16838264042747
331,2026-09-14T02:27:14.360+00:00,2026-09-14T02:32:08.496+00:00,2026-09-14T02:32:14.408+00:00,False,90,89.0,,89.0,294135.91384399997,300048.34213199996,300048.34226299997,3333.8704695888887,0.024210000000000002,294135.91384399997,30997.65128547035,87.7216425,66.43177851685394,19.65784595046955,0.29661886937154386,17,64,,False,False,Request timeout: 300.0s exceeded,204,21.16838264042747
332,2026-09-14T02:27:17.551+00:00,2026-09-14T02:32:11.497+00:00,2026-09-14T02:32:17.594+00:00,False,95,94.0,,94.0,293945.308051,300042.617235,300042.617269,3158.343339673684,0.0,293945.308051,30151.568053853032,88.3648259,64.86499131914894,65.68487169860487,0.3132888283212685,17,64,,False,False,Request timeout: 300.0s exceeded,476,21.16838264042747
333,2026-09-14T02:27:22.473+00:00,2026-09-14T02:32:15.735+00:00,2026-09-14T02:32:22.534+00:00,False,103,102.0,,102.0,293262.07672799996,300061.91647199995,300061.916453,2913.222489834951,0.0,293262.07672799996,28889.470820934745,87.72858810000001,66.66509552941176,63.21773707229472,0.33992984247808755,17,64,,False,False,Request timeout: 300.0s exceeded,513,21.16838264042747
334,2026-09-14T02:27:26.362+00:00,2026-09-14T02:32:20.040+00:00,2026-09-14T02:32:26.456+00:00,False,92,91.0,,91.0,293678.577972,300093.96178,300093.9617,3261.8908880434783,0.03024,293678.577972,30610.7648317634,89.0326091,70.49872316483517,20.102367098580913,0.30323835728061876,17,64,,False,False,Request timeout: 300.0s exceeded,417,21.16838264042747
335,2026-09-14T02:27:31.200+00:00,2026-09-14T02:32:24.925+00:00,2026-09-14T02:32:31.229+00:00,False,89,88.0,,88.0,293724.853289,300028.17181699997,300028.171643,3371.1030521685393,0.07757,293724.853289,31127.18613916794,91.27189340000001,71.62861963636364,20.352760584612277,0.2933057901431835,17,64,,False,False,Request timeout: 300.0s exceeded,298,21.16838264042747
336,2026-09-14T02:27:35.314+00:00,2026-09-14T02:32:29.127+00:00,2026-09-14T02:32:35.369+00:00,False,91,90.0,,90.0,293813.183908,300054.769572,300054.769545,3297.305159835165,0.023039999999999998,293813.183908,30792.727265731373,89.2458765,69.35095182222221,20.379365866728527,0.29994524042519494,17,64,,False,False,Request timeout: 300.0s exceeded,341,21.16838264042747
337,2026-09-14T02:27:38.803+00:00,2026-09-14T02:32:32.677+00:00,2026-09-14T02:32:38.833+00:00,False,91,90.0,,90.0,293873.746484,300029.212724,300029.212716,3297.0243155604394,0.01977,293873.746484,30799.175891902247,87.45116549999999,68.39406933333333,19.815318261492234,0.29997079012033384,17,64,,False,False,Request timeout: 300.0s exceeded,449,21.16838264042747
338,2026-09-14T02:27:42.506+00:00,2026-09-14T02:32:36.396+00:00,2026-09-14T02:32:42.523+00:00,False,92,91.0,,91.0,293889.68836699997,300017.41035099997,300017.41058699996,3261.0588107282606,0.04572,293889.68836699997,30633.104369886234,90.19066849999999,67.33760421978022,20.398583107454204,0.3033157305555574,17,64,,False,False,Request timeout: 300.0s exceeded,345,21.16838264042747
339,2026-09-14T02:27:46.302+00:00,2026-09-14T02:32:39.900+00:00,2026-09-14T02:32:46.392+00:00,False,100,99.0,,99.0,293597.99742,300089.76036400005,300089.760262,3000.8976026200003,0.034210000000000004,293597.99742,29353.249454833363,88.7505139,65.57336307070707,20.446176313811605,0.3299012931328144,17,64,,False,False,Request timeout: 300.0s exceeded,541,21.16838264042747
340,2026-09-14T02:27:50.699+00:00,2026-09-14T02:32:44.581+00:00,2026-09-14T02:32:50.747+00:00,False,89,88.0,,88.0,293882.43087800004,300048.952478,300048.95237700007,3371.3365435617984,0.045590000000000006,293882.43087800004,31144.053657743112,88.8613286,70.07410909090909,19.64938354859934,0.2932854764972135,17,64,,False,False,Request timeout: 300.0s exceeded,386,21.16838264042747
341,2026-09-14T02:27:53.825+00:00,2026-09-14T02:32:47.429+00:00,2026-09-14T02:32:53.864+00:00,False,94,93.0,,93.0,293603.36738300003,300038.638295,300038.63815400004,3191.9004058936175,0.02629,293603.36738300003,30275.744369137756,88.4695783,69.19646141935485,19.683664913463744,0.3099600789034437,17,64,,False,False,Request timeout: 300.0s exceeded,438,21.16838264042747
342,2026-09-14T02:27:57.522+00:00,2026-09-14T02:32:50.830+00:00,2026-09-14T02:32:57.577+00:00,False,99,98.0,,98.0,293307.541945,300054.739897,300054.739728,3030.8559568484848,0.03436,293307.541945,29471.603527725452,86.72205190000001,68.84895869387755,18.891018574028198,0.3266070718750869,17,64,,False,False,Request timeout: 300.0s exceeded,508,21.16838264042747
343,2026-09-14T02:28:00.714+00:00,2026-09-14T02:32:54.105+00:00,2026-09-14T02:33:00.765+00:00,False,97,96.0,,96.0,293390.815935,300050.030783,300050.030634,3093.2992848865983,0.0399,293390.815935,29782.28665462533,87.5284818,69.36682133333333,18.690259160862738,0.31994664272982,17,64,,False,False,Request timeout: 300.0s exceeded,468,21.16838264042747
344,2026-09-14T02:28:04.151+00:00,2026-09-14T02:32:58.111+00:00,2026-09-14T02:33:04.158+00:00,False,90,89.0,,89.0,293959.485312,300006.3392,300006.339122,3333.403768022222,0.039,293959.485312,30978.895047587008,88.22382379999999,67.94217851685393,19.92454361226353,0.2966603980346826,17,64,,False,False,Request timeout: 300.0s exceeded,408,21.16838264042747
345,2026-09-14T02:28:08.438+00:00,2026-09-14T02:33:02.118+00:00,2026-09-14T02:33:08.457+00:00,False,93,92.0,,92.0,293680.433218,300019.223874,300019.223723,3226.0131583118277,0.02307,293680.433218,30446.104482750852,89.9255282,68.89989843478261,20.42363857957646,0.3066470168546183,17,64,,False,False,Request timeout: 300.0s exceeded,179,21.16838264042747
346,2026-09-14T02:28:14.621+00:00,2026-09-14T02:33:06.005+00:00,2026-09-14T02:33:12.769+00:00,True,108,108.0,,108.0,291383.602676,298148.18635599996,298148.186373,2760.631355305555,0.0,291383.602676,28032.391663208804,89.09336800000001,63.220408224299064,65.06716486846632,0.3622359784239774,17,64,,False,True,,379,21.16838264042747
347,2026-09-14T02:28:17.798+00:00,2026-09-14T02:33:11.355+00:00,2026-09-14T02:33:17.838+00:00,False,111,110.0,,110.0,293557.610442,300040.63789799996,300040.63795299997,2703.068810387387,0.03549,293557.610442,27857.668958895192,89.69400100000001,58.936613236363634,20.750766551224483,0.3666170048518393,17,64,,False,False,Request timeout: 300.0s exceeded,606,21.16838264042747
348,2026-09-14T02:28:21.184+00:00,2026-09-14T02:33:16.036+00:00,2026-09-14T02:33:21.209+00:00,False,78,77.0,,77.0,294851.801995,300025.27527499996,300025.27542799996,3846.477890102564,0.05028,294851.801995,33377.79145560239,88.099548,67.18796467532468,21.139428735111,0.25664504408644445,17,64,,False,False,Request timeout: 300.0s exceeded,149,21.16838264042747
349,2026-09-14T02:28:25.991+00:00,2026-09-14T02:33:19.561+00:00,2026-09-14T02:33:26.022+00:00,False,94,93.0,,93.0,293569.683354,300030.45928999997,300030.459122,3191.8133949148933,0.046939999999999996,293569.683354,30272.2415934411,89.58645144999998,69.47070898924731,19.294806590361567,0.3099685285956555,17,64,,False,False,Request timeout: 300.0s exceeded,139,21.16838264042747
350,2026-09-14T02:28:29.216+00:00,2026-09-14T02:33:23.027+00:00,2026-09-14T02:33:29.250+00:00,False,93,92.0,,92.0,293811.892427,300034.44909899996,300034.449197,3226.1768730860213,0.019010000000000003,293811.892427,30459.866695343222,88.439609,67.63648556521738,19.68842680821364,0.3066314560753772,17,64,,False,False,Request timeout: 300.0s exceeded,334,21.16838264042747
351,2026-09-14T02:28:34.487+00:00,2026-09-14T02:33:28.051+00:00,2026-09-14T02:33:34.510+00:00,False,101,100.0,,100.0,293563.550275,300022.881603,300022.881566,2970.523579861386,0.0469,293563.550275,29204.244402453864,87.564465,64.59331328,19.816423127486114,0.33330791126899195,17,64,,False,False,Request timeout: 300.0s exceeded,133,21.16838264042747
352,2026-09-14T02:28:37.573+00:00,2026-09-14T02:33:31.040+00:00,2026-09-14T02:33:37.826+00:00,False,104,103.0,,103.0,293466.299054,300252.920238,300252.920073,2887.0473083942306,0.037689999999999994,293466.299054,28770.28367122439,87.36510645,65.88952605825243,19.41721681662633,0.3430441239950489,17,64,,False,False,Request timeout: 300.0s exceeded,368,21.16838264042747
353,2026-09-14T02:28:42.706+00:00,2026-09-14T02:33:36.464+00:00,2026-09-14T02:33:42.752+00:00,False,100,99.0,,99.0,293757.98474299995,300045.53495099995,300045.53485399997,3000.4553485399997,0.0223,293757.98474299995,29369.454934077476,90.31007745,63.51060816161616,21.124709473230407,0.32994991915532945,17,64,,False,False,Request timeout: 300.0s exceeded,411,21.16838264042747
354,2026-09-14T02:28:47.626+00:00,2026-09-14T02:33:41.176+00:00,2026-09-14T02:33:47.674+00:00,False,96,95.0,,95.0,293549.626636,300047.96622,300047.966293,3125.4996488854167,0.026760000000000003,293549.626636,29953.308261766626,86.80245699999999,68.40357456842105,19.626522507111325,0.3166160437506331,17,64,,False,False,Request timeout: 300.0s exceeded,445,21.16838264042747
355,2026-09-14T02:28:51.532+00:00,2026-09-14T02:33:45.552+00:00,2026-09-14T02:33:51.580+00:00,False,93,92.0,,92.0,294020.635925,300048.167957,300048.167875,3226.324385752688,0.02101,294020.635925,30481.732388039618,88.3911378,65.51665252173913,19.98077102095537,0.30661743621505644,17,64,,False,False,Request timeout: 300.0s exceeded,424,21.16838264042747
356,2026-09-14T02:28:54.474+00:00,2026-09-14T02:33:48.375+00:00,2026-09-14T02:33:54.514+00:00,False,95,94.0,,94.0,293901.66010900005,300040.43898900005,300040.43890500005,3158.3204095263163,0.03732,293901.66010900005,30146.98000792276,86.48454009999999,65.30615829787234,19.417648293266826,0.3132911027484738,17,64,,False,False,Request timeout: 300.0s exceeded,354,21.16838264042747
357,2026-09-14T02:28:59.451+00:00,2026-09-14T02:33:52.939+00:00,2026-09-14T02:33:59.486+00:00,False,98,97.0,,97.0,293487.909555,300035.23678700003,300035.236929,3061.5840502959186,0.040799,293487.909555,29639.94436486488,89.24760084999998,67.49821888659793,20.25807804427176,0.32329536036749545,17,64,,False,False,Request timeout: 300.0s exceeded,428,21.16838264042747
358,2026-09-14T02:29:02.918+00:00,2026-09-14T02:33:56.183+00:00,2026-09-14T02:34:02.953+00:00,False,101,100.0,,100.0,293264.676769,300034.99715300003,300034.997083,2970.6435354752475,0.054839,293264.676769,29174.195831148285,88.49893399999999,67.70320384,19.65643696199871,0.3332944521435476,17,64,,False,False,Request timeout: 300.0s exceeded,407,21.16838264042747
359,2026-09-14T02:29:06.442+00:00,2026-09-14T02:33:59.743+00:00,2026-09-14T02:34:06.474+00:00,False,104,103.0,,103.0,293301.399195,300032.007579,300032.007722,2884.923151173077,0.0,293301.399195,28754.233050464216,88.0169453,65.34571246601942,64.7987976476571,0.3432967063451707,17,64,,False,False,Request timeout: 300.0s exceeded,445,21.16838264042747
360,2026-09-14T02:29:11.063+00:00,2026-09-14T02:34:04.556+00:00,2026-09-14T02:34:11.106+00:00,False,99,98.0,,98.0,293492.595595,300042.824075,300042.824183,3030.735597808081,0.0,293492.595595,29490.474582086954,92.32911480000001,66.83906612244898,67.49674358771725,0.32662004266265504,17,64,,False,False,Request timeout: 300.0s exceeded,496,21.16838264042747
361,2026-09-14T02:29:14.920+00:00,2026-09-14T02:34:08.618+00:00,2026-09-14T02:34:14.934+00:00,False,88,87.0,,87.0,293698.184964,300014.296324,300014.296336,3409.2533674545457,0.03539,293698.184964,31300.59918871469,91.1298217,72.59898114942528,20.371094531920463,0.28998618087867545,17,64,,False,False,Request timeout: 300.0s exceeded,400,21.16838264042747
362,2026-09-14T02:29:19.687+00:00,2026-09-14T02:34:13.532+00:00,2026-09-14T02:34:19.758+00:00,False,93,92.0,,92.0,293845.500227,300071.622723,300071.62255,3226.5765865591397,0.039450000000000006,293845.500227,30463.348109909854,88.80607100000002,67.67524452173913,20.406754581938397,0.30659346980279567,17,64,,False,False,Request timeout: 300.0s exceeded,433,21.16838264042747
363,2026-09-14T02:29:24.516+00:00,2026-09-14T02:34:18.230+00:00,2026-09-14T02:34:24.546+00:00,False,93,92.0,,92.0,293713.560191,300029.572991,300029.573043,3226.1244413225804,0.02791,293713.560191,30449.565013454358,89.02180400000002,68.65231304347826,20.045150957793147,0.3066364394777835,17,64,,False,False,Request timeout: 300.0s exceeded,427,21.16838264042747
364,2026-09-14T02:29:27.509+00:00,2026-09-14T02:34:21.425+00:00,2026-09-14T02:34:27.543+00:00,False,87,86.0,,86.0,293916.056296,300034.27172,300034.27168500004,3448.669789482759,0.03513,293916.056296,31503.487903381578,90.53886550000001,71.14203981395349,20.06588633409462,0.2866339218749567,17,64,,False,False,Request timeout: 300.0s exceeded,440,21.16838264042747
365,2026-09-14T02:29:30.734+00:00,2026-09-14T02:34:24.324+00:00,2026-09-14T02:34:30.744+00:00,False,95,94.0,,94.0,293590.53391500004,300010.33295500005,300010.33283900004,3158.0035035684214,0.02239,293590.53391500004,30114.75283976951,88.20555639999999,68.29573446808512,20.07013135338739,0.3133225415075937,17,64,,False,False,Request timeout: 300.0s exceeded,403,21.16838264042747
366,2026-09-14T02:29:34.546+00:00,2026-09-14T02:34:28.357+00:00,2026-09-14T02:34:34.619+00:00,False,96,95.0,,95.0,293810.787164,300072.561244,300072.56127199996,3125.755846583333,0.0354,293810.787164,29980.21716392045,88.2678645,65.91341136842105,19.890005932681415,0.3165900927634367,17,64,,False,False,Request timeout: 300.0s exceeded,410,21.16838264042747
367,2026-09-14T02:29:38.555+00:00,2026-09-14T02:34:32.133+00:00,2026-09-14T02:34:38.617+00:00,False,96,95.0,,95.0,293577.90722899995,300061.69577299996,300061.69568799995,3125.642663416666,0.037149,293577.90722899995,29956.21048955806,89.22913925,68.25040572631579,19.962337759110454,0.3166015567407463,17,64,,False,False,Request timeout: 300.0s exceeded,473,21.16838264042747
368,2026-09-14T02:29:43.653+00:00,2026-09-14T02:34:37.388+00:00,2026-09-14T02:34:43.697+00:00,False,91,90.0,,90.0,293734.663033,300044.391545,300044.391599,3297.1911164725275,0.023,293734.663033,30784.416016764335,87.926824,70.10809457777778,19.350914793788878,0.2999556150227257,17,64,,False,False,Request timeout: 300.0s exceeded,261,21.16838264042747
369,2026-09-14T02:29:47.292+00:00,2026-09-14T02:34:40.556+00:00,2026-09-14T02:34:47.345+00:00,False,103,102.0,,102.0,293264.46610900003,300053.30194900004,300053.30213400006,2913.138855669903,0.02366,293264.46610900003,28889.65468341117,87.35308719999999,66.55721411764706,19.158845021138678,0.33993960185559596,17,64,,False,False,Request timeout: 300.0s exceeded,464,21.16838264042747
370,2026-09-14T02:29:52.498+00:00,2026-09-14T02:34:46.414+00:00,2026-09-14T02:34:52.527+00:00,False,95,94.0,,94.0,293916.33353899996,300028.76080299995,300028.760661,3158.197480642105,0.026670000000000003,293916.33353899996,30148.514662190515,87.34677169999999,65.02582195744681,20.081832930800257,0.31330329715197125,17,64,,True,False,Request timeout: 300.0s exceeded,161,21.16838264042747
371,2026-09-14T02:29:56.555+00:00,2026-09-14T02:34:50.103+00:00,2026-09-14T02:34:56.637+00:00,False,98,97.0,,97.0,293547.5402,300081.673448,300081.67345299997,3062.057892377551,0.021070000000000002,293547.5402,29645.98186108408,89.25163685,67.36219843298969,20.48240551738611,0.32324533146409806,17,64,,True,False,Request timeout: 300.0s exceeded,337,21.16838264042747
372,2026-09-14T02:30:01.866+00:00,2026-09-14T02:34:55.326+00:00,2026-09-14T02:35:01.937+00:00,False,103,102.0,,102.0,293460.1081,300071.191876,300071.191901,2913.3125427281557,0.04224,293460.1081,28909.104220600657,89.09538409999999,64.81454682352941,20.129283293611927,0.3399193350161718,17,64,,True,False,Request timeout: 300.0s exceeded,526,21.16838264042747
373,2026-09-14T02:30:05.491+00:00,2026-09-14T02:34:59.232+00:00,2026-09-14T02:35:05.580+00:00,False,96,95.0,,95.0,293741.13248000003,300089.18598400004,300089.186018,3125.9290210208337,0.027989999999999998,293741.13248000003,29973.015339462247,87.35858075,66.82161583157895,19.84216661596722,0.3165725538842481,17,64,,True,False,Request timeout: 300.0s exceeded,427,21.16838264042747
374,2026-09-14T02:30:09.424+00:00,2026-09-14T02:35:03.393+00:00,2026-09-14T02:35:09.482+00:00,False,90,89.0,,89.0,293968.80494400003,300057.93492800003,300057.93474600004,3333.9770527333335,0.0215,293968.80494400003,30979.827348003273,89.27095,68.41719083146067,19.91779676014238,0.2966093865218258,17,64,,True,False,Request timeout: 300.0s exceeded,407,21.16838264042747
375,2026-09-14T02:30:14.189+00:00,2026-09-14T02:35:07.715+00:00,2026-09-14T02:35:14.250+00:00,False,100,99.0,,99.0,293525.446755,300061.389667,300061.38969399995,3000.61389694,0.0212,293525.446755,29345.949950963975,88.75490795,66.01962537373737,20.715895325984054,0.32993248518200735,17,64,,True,False,Request timeout: 300.0s exceeded,453,21.16838264042747
376,2026-09-14T02:30:18.827+00:00,2026-09-14T02:35:12.326+00:00,2026-09-14T02:35:18.848+00:00,False,95,94.0,,94.0,293498.411986,300021.094354,300021.094353,3158.116782663158,0.02461,293498.411986,30105.189459067926,90.5384516,69.39023795744681,20.699336593317955,0.3133113030015409,17,64,,True,False,Request timeout: 300.0s exceeded,439,21.16838264042747
377,2026-09-14T02:30:23.982+00:00,2026-09-14T02:35:17.321+00:00,2026-09-14T02:35:24.023+00:00,False,96,95.0,,95.0,293338.993517,300040.617325,300040.617198,3125.4230958125,0.03488,293338.993517,29931.591904973484,87.99810425,70.54340850526316,19.13794870598882,0.3166237986275614,17,64,,True,False,Request timeout: 300.0s exceeded,337,21.16838264042747
378,2026-09-14T02:30:26.871+00:00,2026-09-14T02:35:20.775+00:00,2026-09-14T02:35:26.889+00:00,False,87,86.0,,86.0,293904.07477,300018.691858,300018.692009,3448.4907127471265,0.02075,293904.07477,31502.208598189343,88.707259,71.10019869767443,21.24385953172946,0.2866488066706995,17,64,,True,False,Request timeout: 300.0s exceeded,430,21.16838264042747
379,2026-09-14T02:30:31.296+00:00,2026-09-14T02:35:25.174+00:00,2026-09-14T02:35:31.317+00:00,False,88,87.0,,87.0,293878.11174900003,300021.385221,300021.385438,3409.3339254318184,0.02314,293878.11174900003,31319.991545597597,87.51216484999999,70.6123387586207,20.870013115106747,0.28997932909320634,17,64,,True,False,Request timeout: 300.0s exceeded,433,21.16838264042747
380,2026-09-14T02:30:35.655+00:00,2026-09-14T02:35:29.568+00:00,2026-09-14T02:35:35.674+00:00,False,88,87.0,,87.0,293913.581259,300019.205835,300019.206066,3409.309159840909,0.037698999999999996,293913.581259,31323.81751428516,88.8634907,70.1795928275862,18.92080448932496,0.289981435547986,17,64,,True,False,Request timeout: 300.0s exceeded,417,21.16838264042747
381,2026-09-14T02:30:38.850+00:00,2026-09-14T02:35:32.509+00:00,2026-09-14T02:35:38.935+00:00,False,95,94.0,,94.0,293659.103369,300085.123977,300085.124091,3158.790779905263,0.03954,293659.103369,30121.781127847134,87.391906,68.36192136170213,20.074603800284454,0.3132444512884438,17,64,,True,False,Request timeout: 300.0s exceeded,474,21.16838264042747
382,2026-09-14T02:30:42.686+00:00,2026-09-14T02:35:36.216+00:00,2026-09-14T02:35:42.744+00:00,False,98,97.0,,97.0,293529.511697,300058.106385,300058.106402,3061.8174122653063,0.0229,293529.511697,29644.16640814863,88.79990635,67.30509987628865,20.383675078821845,0.3232707196903415,17,64,,True,False,Request timeout: 300.0s exceeded,431,21.16838264042747
383,2026-09-14T02:30:45.766+00:00,2026-09-14T02:35:39.503+00:00,2026-09-14T02:35:45.788+00:00,False,94,93.0,,93.0,293737.80064200005,300022.11321800004,300022.11325200007,3191.7246090638305,0.02094,293737.80064200005,30289.77820763469,89.92317965000001,67.57325350537634,20.72711630544012,0.30997715135892323,17,64,,True,False,Request timeout: 300.0s exceeded,391,21.16838264042747
384,2026-09-14T02:30:50.880+00:00,2026-09-14T02:35:44.968+00:00,2026-09-14T02:35:50.942+00:00,False,88,87.0,,87.0,294087.21940899995,300061.882321,300061.88236399996,3409.7941177727266,0.033659999999999995,294087.21940899995,31342.488905975,89.68861704999999,68.67428634482759,20.58940059364836,0.28994019275973615,17,64,,True,False,Request timeout: 300.0s exceeded,335,21.16838264042747
385,2026-09-14T02:30:55.990+00:00,2026-09-14T02:35:49.890+00:00,2026-09-14T02:35:56.015+00:00,False,88,87.0,,87.0,293900.02344,300024.77300800005,300024.773118,3409.3724217954546,0.02545,293900.02344,31322.348306103337,86.48154534999999,70.39942032183907,18.052603168582024,0.289976054736254,17,64,,True,False,Request timeout: 300.0s exceeded,427,21.16838264042747
386,2026-09-14T02:30:58.972+00:00,2026-09-14T02:35:52.506+00:00,2026-09-14T02:35:59.007+00:00,False,98,97.0,,97.0,293534.019855,300034.538511,300034.53831100004,3061.5769215408163,0.024210000000000002,293534.019855,29644.650599382054,88.11058885,67.01565624742268,19.726749780477626,0.3232961127788418,17,64,,True,False,Request timeout: 300.0s exceeded,435,21.16838264042747
387,2026-09-14T02:31:03.134+00:00,2026-09-14T02:35:57.165+00:00,2026-09-14T02:36:03.140+00:00,False,90,89.0,,89.0,294031.431802,300006.035834,300006.035637,3333.4003959666666,0.0193,294031.431802,30986.564884417672,89.57516545,67.13038238202247,20.607246478279826,0.29666069801757483,17,64,,True,False,Request timeout: 300.0s exceeded,222,21.16838264042747
388,2026-09-14T02:31:07.008+00:00,2026-09-14T02:36:00.986+00:00,2026-09-14T02:36:07.031+00:00,False,88,87.0,,87.0,293977.563281,300022.91291300004,300022.912957,3409.351283602273,0.03805,293977.563281,31330.712919266687,89.50484635,69.48677737931034,20.5973398592279,0.28997785254230923,17,64,,True,False,Request timeout: 300.0s exceeded,293,21.16838264042747
389,2026-09-14T02:31:10.882+00:00,2026-09-14T02:36:04.782+00:00,2026-09-14T02:36:10.896+00:00,False,88,87.0,,87.0,293900.269039,300013.67524699995,300013.67518099997,3409.2463088749996,0.0354,293900.269039,31322.389089229113,87.9757822,70.26903687356321,19.24709174209391,0.2899867811971347,17,64,,True,False,Request timeout: 300.0s exceeded,408,21.16838264042747
390,2026-09-14T02:31:15.648+00:00,2026-09-14T02:36:09.391+00:00,2026-09-14T02:36:15.722+00:00,False,93,92.0,,92.0,293742.75991799997,300073.39057399996,300073.39064099995,3226.5955982903224,0.02597,293742.75991799997,30452.575784603494,87.26650539999999,68.8112027826087,19.064722083239083,0.3065916635394308,17,64,,True,False,Request timeout: 300.0s exceeded,341,21.16838264042747
391,2026-09-14T02:31:19.343+00:00,2026-09-14T02:36:13.250+00:00,2026-09-14T02:36:19.367+00:00,False,88,87.0,,87.0,293907.292324,300024.11587599997,300024.11602799996,3409.3649548636363,0.02143,293907.292324,31323.13326836724,87.3490042,70.30831668965517,18.716387041069325,0.2899766898603482,17,64,,True,False,Request timeout: 300.0s exceeded,410,21.16838264042747
392,2026-09-14T02:31:23.474+00:00,2026-09-14T02:36:17.016+00:00,2026-09-14T02:36:23.551+00:00,False,98,97.0,,97.0,293542.411509,300077.498869,300077.498711,3062.0152929693877,0.0208,293542.411509,29645.462329489994,88.75756750000001,67.37203463917525,19.7948362515818,0.32324982834632904,17,64,,True,False,Request timeout: 300.0s exceeded,286,21.16838264042747
393,2026-09-14T02:31:27.760+00:00,2026-09-14T02:36:21.563+00:00,2026-09-14T02:36:27.803+00:00,False,94,93.0,,93.0,293803.186842,300042.919066,300042.918987,3191.945946670213,0.01813,293803.186842,30296.57128901982,87.7439905,67.09389488172043,20.080448115672926,0.309955656642385,17,64,,True,False,Request timeout: 300.0s exceeded,418,21.16838264042747
394,2026-09-14T02:31:31.676+00:00,2026-09-14T02:36:25.233+00:00,2026-09-14T02:36:31.707+00:00,False,90,89.0,,89.0,293556.89406699996,300030.936947,300030.93704899994,3333.677078322222,0.03453,293556.89406699996,30935.95181264042,88.91946549999999,72.74205483146066,19.206870726478634,0.2966360766180646,17,64,,True,False,Request timeout: 300.0s exceeded,279,21.16838264042747
395,2026-09-14T02:31:35.330+00:00,2026-09-14T02:36:29.164+00:00,2026-09-14T02:36:35.391+00:00,False,89,88.0,,88.0,293834.041917,300060.99999700004,300060.99996100005,3371.4719096741574,0.03612,293834.041917,31138.85176577618,88.1009504,70.76088727272726,19.848792567888793,0.29327370101705924,17,64,,True,False,Request timeout: 300.0s exceeded,427,21.16838264042747
396,2026-09-14T02:31:40.223+00:00,2026-09-14T02:36:33.772+00:00,2026-09-14T02:36:40.271+00:00,False,96,95.0,,95.0,293548.58394700004,300047.56813900004,300047.56811600004,3125.4955012083337,0.02212,293548.58394700004,29953.202233605487,88.69473550000001,68.41035991578947,21.231644909961133,0.3166164638134654,17,64,,True,False,Request timeout: 300.0s exceeded,450,21.16838264042747
397,2026-09-14T02:31:43.948+00:00,2026-09-14T02:36:37.539+00:00,2026-09-14T02:36:43.965+00:00,False,96,95.0,,95.0,293591.164751,300017.379663,300017.379863,3125.1810402395836,0.04007,293591.164751,29957.62588278301,90.65405375,67.64436749473684,20.633769690373914,0.3166483225295498,17,64,,True,False,Request timeout: 300.0s exceeded,433,21.16838264042747
398,2026-09-14T02:31:48.814+00:00,2026-09-14T02:36:42.571+00:00,2026-09-14T02:36:48.894+00:00,False,91,90.0,,90.0,293756.717955,300079.852675,300079.852755,3297.5807995054947,0.02431,293756.717955,30786.71340449202,89.1927815,70.25705244444445,20.926535739598542,0.29992016857417636,17,64,,True,False,Request timeout: 300.0s exceeded,357,21.16838264042747
399,2026-09-14T02:31:51.787+00:00,2026-09-14T02:36:45.814+00:00,2026-09-14T02:36:51.858+00:00,False,91,90.0,,90.0,294026.96179900004,300070.695559,300070.69554800005,3297.480170857143,0.037918999999999994,294026.96179900004,30815.367910115678,89.0348675,67.15259733333333,20.66330594169804,0.2999293210966153,17,64,,True,False,Request timeout: 300.0s exceeded,479,21.16838264042747
400,2026-09-14T02:31:55.952+00:00,2026-09-14T02:36:49.728+00:00,2026-09-14T02:36:55.961+00:00,False,90,89.0,,89.0,293776.350083,300009.101443,300009.101503,3333.434461144445,0.03089,293776.350083,30959.370106226655,87.65181150000001,70.03091415730337,18.916851019850647,0.2966576666238557,17,64,,True,False,Request timeout: 300.0s exceeded,472,21.16838264042747
401,2026-09-14T02:31:59.908+00:00,2026-09-14T02:36:53.713+00:00,2026-09-14T02:36:59.947+00:00,False,87,86.0,,86.0,293805.75928500004,300038.955573,300038.95545400004,3448.7236259080464,0.03664,293805.75928500004,31491.5189191964,90.3293116,72.47902660465117,19.146321900568694,0.2866294472854744,17,64,,True,False,Request timeout: 300.0s exceeded,379,21.16838264042747
402,2026-09-14T02:32:05.589+00:00,2026-09-14T02:36:57.336+00:00,2026-09-14T02:37:05.723+00:00,False,126,125.0,,125.0,291747.745885,300134.260061,300134.26013899996,2382.017937611111,0.03529,291747.745885,25984.985708972734,89.1478895,67.092113408,20.196689650772342,0.4164802777750021,17,64,,True,False,Request timeout: 300.0s exceeded,531,21.16838264042747
403,2026-09-14T02:32:09.201+00:00,2026-09-14T02:37:02.986+00:00,2026-09-14T02:37:09.229+00:00,False,104,103.0,,103.0,293785.242339,300027.868387,300027.868267,2884.8833487211537,0.0,293785.242339,28802.083677177296,88.39995579999999,60.608019883495146,28.166009129097738,0.3433014424751448,17,64,,True,False,Request timeout: 300.0s exceeded,255,21.16838264042747
404,2026-09-14T02:32:12.117+00:00,2026-09-14T02:37:06.935+00:00,2026-09-14T02:37:12.144+00:00,False,78,77.0,,77.0,294818.389652,300026.826388,300026.826221,3846.4977720641023,0.0,294818.389652,33373.96470114744,90.04374735000002,67.64203553246753,31.280269875795017,0.256643717253544,17,64,,True,False,Request timeout: 300.0s exceeded,171,21.16838264042747
405,2026-09-14T02:32:17.322+00:00,2026-09-14T02:37:11.149+00:00,2026-09-14T02:37:17.353+00:00,False,97,96.0,,96.0,293827.07819800003,300030.58232600003,300030.582408,3093.0987877113407,0.02431,293827.07819800003,29827.065371767385,87.07362799999999,64.61983466666666,20.270090624076484,0.31996738217736287,17,64,,True,False,Request timeout: 300.0s exceeded,446,21.16838264042747
406,2026-09-14T02:32:20.551+00:00,2026-09-14T02:37:14.209+00:00,2026-09-14T02:37:20.590+00:00,False,99,98.0,,98.0,293658.57175700006,300039.75294100004,300039.75283300004,3030.7045740707076,0.02521,293658.57175700006,29507.259721851424,88.4412148,65.11409371428572,20.422546931207673,0.32662338586604145,17,64,,True,False,Request timeout: 300.0s exceeded,443,21.16838264042747
407,2026-09-14T02:32:23.731+00:00,2026-09-14T02:37:17.767+00:00,2026-09-14T02:37:23.740+00:00,False,91,90.0,,90.0,294036.012154,300009.05305,300009.05290999997,3296.8027792307694,0.02298,294036.012154,30816.398690323058,89.92968,66.36712106666667,20.2135118029474,0.29999094722318415,17,64,,True,False,Request timeout: 300.0s exceeded,409,21.16838264042747
408,2026-09-14T02:32:28.922+00:00,2026-09-14T02:37:22.397+00:00,2026-09-14T02:37:28.957+00:00,False,98,97.0,,97.0,293475.527612,300035.72934,300035.72923,3061.5890737755103,0.03412,293475.527612,29638.68020863914,87.6252695,67.63094564948453,20.281345586369163,0.3232948296303729,17,64,,True,False,Request timeout: 300.0s exceeded,465,21.16838264042747
409,2026-09-14T02:32:33.631+00:00,2026-09-14T02:37:27.432+00:00,2026-09-14T02:37:33.702+00:00,False,91,90.0,,90.0,293801.87321499997,300071.878207,300071.878047,3297.493165351648,0.03729,293801.87321499997,30791.507571809805,86.833057,69.66672213333334,18.938299027267483,0.2999281390104636,17,64,,True,False,Request timeout: 300.0s exceeded,372,21.16838264042747
410,2026-09-14T02:32:36.672+00:00,2026-09-14T02:37:30.714+00:00,2026-09-14T02:37:36.695+00:00,False,88,87.0,,87.0,294042.268658,300023.195122,300023.195152,3409.354490363636,0.02117,294042.268658,31337.688496617542,87.44257499999999,68.74628119540229,19.0381352710004,0.28997757978219896,17,64,,True,False,Request timeout: 300.0s exceeded,487,21.16838264042747
411,2026-09-14T02:32:39.718+00:00,2026-09-14T02:37:33.495+00:00,2026-09-14T02:37:39.750+00:00,False,95,94.0,,94.0,293777.118709,300032.207605,300032.207805,3158.233766368421,0.02422,293777.118709,30134.075765493468,89.4105087,66.54349889361701,20.007474941173335,0.3132996978902791,17,64,,True,False,Request timeout: 300.0s exceeded,498,21.16838264042747
412,2026-09-14T02:32:43.956+00:00,2026-09-14T02:37:37.539+00:00,2026-09-14T02:37:43.983+00:00,False,94,93.0,,93.0,293582.527323,300027.31196300004,300027.311903,3191.7799138617024,0.01993,293582.527323,30273.584327214656,88.79889765,69.29875956989247,19.679053256917307,0.3099717802073597,17,64,,True,False,Request timeout: 300.0s exceeded,401,21.16838264042747
413,2026-09-14T02:32:47.818+00:00,2026-09-14T02:37:41.738+00:00,2026-09-14T02:37:47.875+00:00,False,88,87.0,,87.0,293920.075901,300056.296829,300056.297059,3409.7306483977272,0.031010000000000003,293920.075901,31324.472094520068,87.31987145000001,70.53127503448276,18.47789041494682,0.2899455899423457,17,64,,True,False,Request timeout: 300.0s exceeded,362,21.16838264042747
414,2026-09-14T02:32:50.876+00:00,2026-09-14T02:37:44.479+00:00,2026-09-14T02:37:50.933+00:00,False,96,95.0,,95.0,293602.964088,300056.49164,300056.491576,3125.588453916667,0.02283,293602.964088,29958.80000151208,87.82855125,67.93186896842106,19.41965187043787,0.31660704782877525,17,64,,True,False,Request timeout: 300.0s exceeded,440,21.16838264042747
415,2026-09-14T02:32:55.254+00:00,2026-09-14T02:37:49.067+00:00,2026-09-14T02:37:55.317+00:00,False,91,90.0,,90.0,293813.020092,300062.644156,300062.64436100004,3297.3916962747253,0.023190000000000002,293813.020092,30792.700411832582,88.37456849999998,69.44026737777779,19.887174349223066,0.2999373689222367,17,64,,True,False,Request timeout: 300.0s exceeded,442,21.16838264042747
416,2026-09-14T02:32:58.542+00:00,2026-09-14T02:37:52.054+00:00,2026-09-14T02:37:58.616+00:00,False,94,93.0,,93.0,293511.87828500004,300073.11246100004,300073.11237700004,3192.267152946809,0.02924,293511.87828500004,30266.168405097065,90.48877595000002,70.55090511827957,19.86032859579682,0.30992446886452396,17,64,,True,False,Request timeout: 300.0s exceeded,400,21.16838264042747
417,2026-09-14T02:33:02.562+00:00,2026-09-14T02:37:56.259+00:00,2026-09-14T02:38:02.593+00:00,False,93,92.0,,92.0,293697.015452,300031.133852,300031.133913,3226.141224870968,0.02134,293697.015452,30447.82927487356,90.445435,68.84911304347827,20.467281285699297,0.3066348442538032,17,64,,True,False,Request timeout: 300.0s exceeded,487,21.16838264042747
418,2026-09-14T02:33:06.179+00:00,2026-09-14T02:38:00.019+00:00,2026-09-14T02:38:06.257+00:00,False,91,90.0,,90.0,293839.938448,300077.667216,300077.667232,3297.5567827692307,0.0228,293839.938448,30795.536362819304,89.76899099999999,69.30809742222223,20.329661778253744,0.2999223528861173,17,64,,True,False,Request timeout: 300.0s exceeded,346,21.16838264042747
419,2026-09-14T02:33:09.395+00:00,2026-09-14T02:38:03.009+00:00,2026-09-14T02:38:09.454+00:00,False,95,94.0,,94.0,293613.724323,300058.709155,300058.70907,3158.512727052632,0.03698,293613.724323,30117.104831045137,89.00470000000001,68.56366842553192,20.36463757720775,0.3132720268800558,17,64,,True,False,Request timeout: 300.0s exceeded,444,21.16838264042747
420,2026-09-14T02:33:14.059+00:00,2026-09-14T02:38:07.771+00:00,2026-09-14T02:38:14.149+00:00,False,104,103.0,,103.0,293712.246392,300089.81772,300089.817912,2885.4790183846153,0.015470000000000001,293712.246392,28796.321400353252,91.38960279999999,61.91816823300971,299.03935953109624,0.3432305727084168,17,64,,True,False,Request timeout: 300.0s exceeded,346,21.16838264042747
421,2026-09-14T02:33:18.205+00:00,2026-09-14T02:38:14.040+00:00,2026-09-14T02:38:18.283+00:00,False,66,65.0,,65.0,295835.407649,300078.333217,300078.333185,4546.641411893939,0.0207,295835.407649,36406.79216879952,86.04757800000002,65.27577796923077,20.440023533055633,0.21661010744483042,17,64,,True,False,Request timeout: 300.0s exceeded,306,21.16838264042747
422,2026-09-14T02:33:21.899+00:00,2026-09-14T02:38:15.100+00:00,2026-09-14T02:38:21.958+00:00,False,103,102.0,,102.0,293201.33732700004,300059.69995100005,300059.69991200004,2913.200970019418,0.019829999999999997,293201.33732700004,28883.367773002126,89.41391709999999,67.23884925490196,19.92782562173016,0.3399323535171723,17,64,,True,False,Request timeout: 300.0s exceeded,485,21.16838264042747
423,2026-09-14T02:33:25.613+00:00,2026-09-14T02:38:18.813+00:00,2026-09-14T02:38:25.639+00:00,False,103,102.0,,102.0,293199.33936000004,300025.686624,300025.686592,2912.870743611651,0.022170000000000002,293199.33936000004,28883.20210266319,89.137868,66.92497317647059,20.31639056899383,0.3399708909851744,17,64,,True,False,Request timeout: 300.0s exceeded,472,21.16838264042747
424,2026-09-14T02:33:28.889+00:00,2026-09-14T02:38:22.846+00:00,2026-09-14T02:38:28.954+00:00,False,92,91.0,,91.0,293957.156898,300064.549922,300064.549938,3261.571194978261,0.03344,293957.156898,30640.161604573925,89.1208691,67.11420905494505,20.192235583532593,0.30326808023025353,17,64,,True,False,Request timeout: 300.0s exceeded,232,21.16838264042747
425,2026-09-14T02:33:34.099+00:00,2026-09-14T02:38:27.582+00:00,2026-09-14T02:38:34.158+00:00,False,100,99.0,,99.0,293482.928127,300059.285247,300059.285326,3000.59285326,0.018639,293482.928127,29341.657105471913,89.88108394999999,66.4278496969697,20.483864404789895,0.3299347991131356,17,64,,True,False,Request timeout: 300.0s exceeded,435,21.16838264042747
426,2026-09-14T02:33:38.962+00:00,2026-09-14T02:38:32.383+00:00,2026-09-14T02:38:39.002+00:00,False,95,94.0,,94.0,293420.664366,300040.02411,300040.02413499996,3158.3160435263158,0.02417,293420.664366,30097.106671263704,88.686196,70.41872068085105,19.902002613969973,0.31329153595034354,17,64,,True,False,Request timeout: 300.0s exceeded,470,21.16838264042747
427,2026-09-14T02:33:44.015+00:00,2026-09-14T02:38:37.851+00:00,2026-09-14T02:38:44.062+00:00,False,93,92.0,,92.0,293835.625528,300047.070776,300047.070778,3226.3125890107526,0.02222,293835.625528,30462.340878355666,88.5244512,67.5157092173913,20.68255317633405,0.30661855742188715,17,64,,True,False,Request timeout: 300.0s exceeded,504,21.16838264042747
428,2026-09-14T02:33:47.263+00:00,2026-09-14T02:38:40.569+00:00,2026-09-14T02:38:47.347+00:00,False,106,105.0,,105.0,293305.391935,300083.24255900003,300083.242481,2830.9739856698116,0.02054,293305.391935,28482.075543441017,86.89508474999998,64.55095832380952,20.395307034248404,0.34990291062106116,17,64,,True,False,Request timeout: 300.0s exceeded,485,21.16838264042747
429,2026-09-14T02:33:50.350+00:00,2026-09-14T02:38:44.018+00:00,2026-09-14T02:38:50.401+00:00,False,99,98.0,,98.0,293667.798809,300050.998809,300050.998757,3030.8181692626263,0.027420000000000003,293667.798809,29508.18465455588,87.37325999999999,65.13469387755102,19.904700786920348,0.3266111440688212,17,64,,True,False,Request timeout: 300.0s exceeded,407,21.16838264042747
430,2026-09-14T02:33:54.681+00:00,2026-09-14T02:38:48.347+00:00,2026-09-14T02:38:54.759+00:00,False,95,94.0,,94.0,293665.896162,300078.51952200005,300078.519318,3158.7212559789477,0.041729999999999996,293665.896162,30122.49269743124,89.5002584,68.21939744680851,20.106272942822294,0.31325134551361467,17,64,,True,False,Request timeout: 300.0s exceeded,311,21.16838264042747
431,2026-09-14T02:33:59.480+00:00,2026-09-14T02:38:53.307+00:00,2026-09-14T02:38:59.517+00:00,False,93,92.0,,92.0,293826.539291,300036.925723,300036.925773,3226.203502935484,0.02876,293826.539291,30461.399113460455,89.4324316,67.5042003478261,19.518751954773613,0.3066289250175034,17,64,,True,False,Request timeout: 300.0s exceeded,134,21.16838264042747
432,2026-09-14T02:34:03.117+00:00,2026-09-14T02:38:56.457+00:00,2026-09-14T02:39:03.200+00:00,False,99,98.0,,98.0,293340.499676,300082.641372,300082.641526,3031.137793191919,0.03496,293340.499676,29474.921479562818,88.0060701,68.79736424489796,19.49735644584236,0.3265767041770119,17,64,,True,False,Request timeout: 300.0s exceeded,441,21.16838264042747
433,2026-09-14T02:34:07.727+00:00,2026-09-14T02:39:01.549+00:00,2026-09-14T02:39:07.767+00:00,False,96,95.0,,95.0,293822.183417,300040.666873,300040.666942,3125.4236139791665,0.04228,293822.183417,29981.426819574503,88.6536855,65.45772058947368,19.923523960874785,0.3166237463410626,17,64,,True,False,Request timeout: 300.0s exceeded,238,21.16838264042747
434,2026-09-14T02:34:12.192+00:00,2026-09-14T02:39:05.948+00:00,2026-09-14T02:39:12.207+00:00,False,95,94.0,,94.0,293755.853795,300015.154659,300015.154555,3158.054258473684,0.02171,293755.853795,30131.88991235205,90.2028037,66.58830706382979,20.72145506005527,0.3133175059334628,17,64,,True,False,Request timeout: 300.0s exceeded,210,21.16838264042747
435,2026-09-14T02:34:16.797+00:00,2026-09-14T02:39:10.543+00:00,2026-09-14T02:39:16.830+00:00,False,93,92.0,,92.0,293745.892765,300032.896669,300032.896537,3226.1601778172044,0.02017,293745.892765,30452.950180255724,88.7353126,68.33699895652174,19.640251903492526,0.3066330426476386,17,64,,True,False,Request timeout: 300.0s exceeded,443,21.16838264042747
436,2026-09-14T02:34:20.226+00:00,2026-09-14T02:39:13.962+00:00,2026-09-14T02:39:20.249+00:00,False,92,91.0,,91.0,293735.733265,300022.931473,300022.93155599997,3261.1188212608695,0.026199999999999998,293735.733265,30616.870176049884,88.176261,69.0900901978022,19.531289521774106,0.303310148838371,17,64,,True,False,Request timeout: 300.0s exceeded,374,21.16838264042747
437,2026-09-14T02:34:23.886+00:00,2026-09-14T02:39:17.941+00:00,2026-09-14T02:39:23.915+00:00,False,86,85.0,,85.0,294054.90982999996,300028.66112599993,300028.66118199995,3488.705362581395,0.0344,294054.90982999996,31701.183376912297,87.27016525,70.27942701176471,18.61562436135446,0.2833062670779424,17,64,,True,False,Request timeout: 300.0s exceeded,217,21.16838264042747
438,2026-09-14T02:34:27.827+00:00,2026-09-14T02:39:21.417+00:00,2026-09-14T02:39:27.882+00:00,False,96,95.0,,95.0,293589.75074,300054.95905999996,300054.95900599996,3125.5724896458332,0.0205,293589.75074,29957.43887991358,87.74197199999999,68.05482442105263,19.433517069228525,0.3166086649512881,17,64,,True,False,Request timeout: 300.0s exceeded,459,21.16838264042747
439,2026-09-14T02:34:30.924+00:00,2026-09-14T02:39:24.900+00:00,2026-09-14T02:39:30.948+00:00,False,91,90.0,,90.0,293975.297366,300023.882838,300023.88291,3296.9657462637365,0.03805,293975.297366,30809.945903859843,87.8685245,67.20650524444444,19.969980563668848,0.29997611906314847,17,64,,True,False,Request timeout: 300.0s exceeded,410,21.16838264042747
440,2026-09-14T02:34:35.811+00:00,2026-09-14T02:39:29.323+00:00,2026-09-14T02:39:35.818+00:00,False,110,109.0,,109.0,293512.55136000004,300006.76601600007,300006.76585400006,2727.334235036364,0.039990000000000005,293512.55136000004,27979.650225062163,88.5865349,59.579950972477064,20.20830807375154,0.3633251391209849,17,64,,True,False,Request timeout: 300.0s exceeded,554,21.16838264042747
0,2026-09-14T02:04:40.902+00:00,2026-09-14T02:04:41.144+00:00,2026-09-14T02:04:49.612+00:00,True,169,169.0,,169.0,242.58034899999998,8710.003837,8710.003805,51.538484053254436,0.029498999999999997,242.58034899999998,23.23509158311252,86.574915,50.40133028571428,17.979327867752314,19.402976527069928,18,64,,False,True,,724,21.16838264042747
1,2026-09-14T02:04:45.242+00:00,2026-09-14T02:04:45.374+00:00,2026-09-14T02:04:51.750+00:00,True,108,108.0,,108.0,131.145555,6508.064595,6508.064376,60.259855333333334,38.942988,131.145555,19.915347365017883,91.73622370000001,59.59737420560747,18.775420976339483,16.594795337921813,18,64,,False,True,,267,21.16838264042747
2,2026-09-14T02:04:49.310+00:00,2026-09-14T02:04:53.725+00:00,2026-09-14T02:05:09.020+00:00,True,233,233.0,,233.0,4414.410167999999,19709.800632,19709.800485,84.59141839055793,39.420116,4414.410167999999,285.6633297832867,94.391445,65.9284071724138,21.206368642957916,11.821530027133356,18,64,,False,True,,1170,21.16838264042747
3,2026-09-14T02:04:53.883+00:00,2026-09-14T02:05:00.651+00:00,2026-09-14T02:05:11.804+00:00,True,175,175.0,,175.0,6767.269679999999,17920.759855999997,17920.759684,102.40434105142857,40.088116,6767.269679999999,507.14543534884376,94.7525014,64.10051825287356,21.024331869659026,9.765210928899801,18,64,,False,True,,828,21.16838264042747
4,2026-09-14T02:04:58.158+00:00,2026-09-14T02:05:09.431+00:00,2026-09-14T02:05:23.410+00:00,True,207,207.0,,207.0,11272.978893,25251.988172999998,25251.988264,121.99028146859904,21.049756000000002,11272.978893,779.1238839875408,95.0300783,67.85926834951456,22.179775122272993,8.197374344620085,18,64,,False,True,,694,21.16838264042747
5,2026-09-14T02:05:01.246+00:00,2026-09-14T02:05:14.205+00:00,2026-09-14T02:05:30.010+00:00,True,233,233.0,,233.0,12958.661331,28763.207891,28763.207885,123.4472441416309,20.226197,12958.661331,844.7816986656793,95.0995558,68.12304551724138,22.351087307845834,8.100626358609523,18,64,,False,True,,1286,21.16838264042747
6,2026-09-14T02:05:04.154+00:00,2026-09-14T02:05:18.578+00:00,2026-09-14T02:05:33.422+00:00,True,224,224.0,,224.0,14423.895944,29267.839624,29267.839643,130.65999840625,40.107254,14423.895944,959.5373201506123,95.4824367,66.56476986547085,21.853807448294127,7.653451805042596,18,64,,False,True,,1063,21.16838264042747
7,2026-09-14T02:05:07.951+00:00,2026-09-14T02:05:26.154+00:00,2026-09-14T02:05:37.334+00:00,True,164,164.0,,164.0,18203.754767000002,29383.689231000004,29383.689148,179.1688362682927,40.870543,18203.754767000002,1416.2947894638262,96.28339815,68.58855499386503,22.410303765712676,5.581327746516554,18,64,,False,True,,607,21.16838264042747
8,2026-09-14T02:05:11.605+00:00,2026-09-14T02:05:32.484+00:00,2026-09-14T02:05:51.036+00:00,True,286,286.0,,286.0,20878.911041,39431.001921,39431.001957,137.8706362132867,0.028079999999999997,20878.911041,1231.0191223855418,96.11220975,65.09505571929824,25.940373113581106,7.253176081424481,18,64,,False,True,,1305,21.16838264042747
9,2026-09-14T02:05:16.073+00:00,2026-09-14T02:05:40.844+00:00,2026-09-14T02:05:56.298+00:00,True,231,231.0,,231.0,24771.111439,40224.732686999996,40224.732744,174.13304218181818,40.728553999999995,24771.111439,1625.5510883548015,96.2662325,67.18965759999999,22.304764016942123,5.742735490561894,18,64,,False,True,,1149,21.16838264042747
10,2026-09-14T02:05:19.113+00:00,2026-09-14T02:05:45.151+00:00,2026-09-14T02:06:02.143+00:00,True,259,259.0,,259.0,26038.484349,43029.729149,43029.729264,166.1379508262548,39.174527000000005,26038.484349,1614.0055117047254,94.74613289999999,65.85753798449612,21.676828171360242,6.019094359231381,18,64,,False,True,,1343,21.16838264042747
11,2026-09-14T02:05:23.648+00:00,2026-09-14T02:05:53.815+00:00,2026-09-14T02:06:12.661+00:00,True,283,283.0,,283.0,30167.234109,49013.301565,49013.301757,173.191879,35.855745000000006,30167.234109,1789.414548754509,94.5649061,66.8300264397163,21.711251915403803,5.773942806621458,18,64,,False,True,,1511,21.16838264042747
12,2026-09-14T02:05:27.268+00:00,2026-09-14T02:06:00.355+00:00,2026-09-14T02:06:08.586+00:00,True,122,122.0,,122.0,33087.215196,41318.855515999996,41318.855360999994,338.67914230327864,40.660244,33087.215196,2989.4947839181823,95.7133335,68.0300852892562,21.716440393927634,2.9526471262679976,18,64,,False,True,,182,21.16838264042747
13,2026-09-14T02:05:31.387+00:00,2026-09-14T02:06:06.362+00:00,2026-09-14T02:06:19.541+00:00,True,199,199.0,,199.0,34974.932608999996,48154.37734499999,48154.37714799999,241.9817947135678,37.469231,34974.932608999996,2474.6826999853406,94.01252679999999,66.56285220202021,21.621371791074175,4.13254227282959,18,64,,False,True,,1035,21.16838264042747
14,2026-09-14T02:05:35.659+00:00,2026-09-14T02:06:14.092+00:00,2026-09-14T02:06:22.569+00:00,True,126,126.0,,126.0,38433.330431999995,46910.595327999996,46910.59548999999,372.3063134126984,35.038985999999994,38433.330431999995,3417.939578842928,95.1480075,67.818119168,21.661093071324373,2.68596037033862,18,64,,False,True,,645,21.16838264042747
15,2026-09-14T02:05:38.902+00:00,2026-09-14T02:06:20.317+00:00,2026-09-14T02:06:35.834+00:00,True,237,237.0,,237.0,41415.384288999994,56932.063968999995,56932.063942999994,240.21967908438816,0.01959,41415.384288999994,2686.125107618278,94.3622078,65.7486427118644,30.957469246524482,4.162856279530785,18,64,,False,True,,1209,21.16838264042747
16,2026-09-14T02:05:42.736+00:00,2026-09-14T02:06:26.487+00:00,2026-09-14T02:06:44.787+00:00,True,274,274.0,,274.0,43751.437147,62051.12508299999,62051.12489,226.46395945255475,0.01584,43751.437147,2639.233759379799,94.3536075,67.03182394139195,29.324508078265342,4.415713649567124,18,64,,False,True,,1159,21.16838264042747
17,2026-09-14T02:05:45.238+00:00,2026-09-14T02:06:31.531+00:00,2026-09-14T02:06:39.027+00:00,True,113,113.0,,113.0,46292.998592,53789.010368,53789.010247000006,476.00894023893807,0.01775,46292.998592,4348.742353545793,94.84689399999999,66.92867657142857,37.411690019386,2.100800874135911,18,64,,False,True,,541,21.16838264042747
18,2026-09-14T02:05:48.712+00:00,2026-09-14T02:06:37.173+00:00,2026-09-14T02:06:47.237+00:00,True,151,151.0,,151.0,48460.661255,58525.265671,58525.26568,387.5845409271523,4.690300000000001,48460.661255,3938.282709254497,94.9205505,67.09736277333333,23.615381255638635,2.5800822647922192,18,64,,False,True,,610,21.16838264042747
19,2026-09-14T02:05:51.778+00:00,2026-09-14T02:06:42.775+00:00,2026-09-14T02:06:49.766+00:00,True,107,107.0,,107.0,50996.84422,57988.260283999996,57988.260312,541.9463580560748,8.642721,50996.84422,4923.733548272091,96.687754,65.95675532075471,24.180426659188704,1.8452010713196585,18,64,,False,True,,486,21.16838264042747
20,2026-09-14T02:05:54.732+00:00,2026-09-14T02:06:47.187+00:00,2026-09-14T02:07:03.106+00:00,True,239,239.0,,239.0,52454.826614,68373.363574,68373.363721,286.0810197531381,39.999705,52454.826614,3388.76263930554,96.43771400000001,66.88460907563025,21.57226390465824,3.4955132745712003,18,64,,False,True,,1099,21.16838264042747
21,2026-09-14T02:05:57.243+00:00,2026-09-14T02:06:52.311+00:00,2026-09-14T02:07:11.178+00:00,True,281,281.0,,281.0,55067.995838,73934.290366,73934.290234,263.11135314590746,0.0,55067.995838,3281.1548622803657,95.925417,67.37962331428571,24.771799604328095,3.800672172667838,18,64,,False,True,,1233,21.16838264042747
22,2026-09-14T02:06:01.435+00:00,2026-09-14T02:06:59.563+00:00,2026-09-14T02:07:16.109+00:00,True,247,247.0,,247.0,58128.621982000004,74674.848926,74674.84882500001,302.32732317813765,0.0,58128.621982000004,3694.446031070236,96.3322967,67.26108513821139,25.855143453058243,3.3076732467817616,18,64,,False,True,,1066,21.16838264042747
23,2026-09-14T02:06:05.894+00:00,2026-09-14T02:07:07.271+00:00,2026-09-14T02:07:21.941+00:00,True,217,217.0,,217.0,61376.575788,76047.050028,76047.050031,350.44723516589863,0.0,61376.575788,4161.985881899966,95.8501038,67.91886222222223,26.35542150878095,2.853496617161377,18,64,,False,True,,1257,21.16838264042747
24,2026-09-14T02:06:08.394+00:00,2026-09-14T02:07:11.839+00:00,2026-09-14T02:07:24.905+00:00,True,200,200.0,,200.0,63445.177543,76511.524295,76511.524252,382.55762125999996,38.917508000000005,63445.177543,4481.662370648943,95.89363394999998,65.66003392964824,21.996307583798497,2.6139853027744464,18,64,,False,True,,496,21.16838264042747
25,2026-09-14T02:06:12.324+00:00,2026-09-14T02:07:19.135+00:00,2026-09-14T02:07:28.313+00:00,True,135,135.0,,135.0,66810.264837,75988.499717,75988.499522,562.877774237037,0.029869,66810.264837,5744.386615329875,95.9860298,68.49429014925373,44.306661027504056,1.7765846213936773,18,64,,False,True,,622,21.16838264042747
26,2026-09-14T02:06:15.371+00:00,2026-09-14T02:07:24.673+00:00,2026-09-14T02:07:38.220+00:00,True,206,206.0,,206.0,69301.660985,82848.18156099999,82848.18141199999,402.17563792233005,0.01877,69301.660985,4824.031891570219,95.4770035,66.08058817560975,39.43842863640779,2.4864758177984267,18,64,,False,True,,692,21.16838264042747
27,2026-09-14T02:06:19.502+00:00,2026-09-14T02:07:32.022+00:00,2026-09-14T02:07:40.827+00:00,True,136,136.0,,136.0,72520.01607700001,81325.18574100001,81325.18553,597.9793053676472,40.255325,72520.01607700001,6212.983209316747,92.32563225,65.22347899259259,21.229177410453048,1.6722986705880432,18,64,,False,True,,700,21.16838264042747
28,2026-09-14T02:06:22.261+00:00,2026-09-14T02:07:37.306+00:00,2026-09-14T02:07:45.235+00:00,True,122,122.0,,122.0,75045.070419,82973.923923,82973.923982,680.1141309999999,40.055845,75045.070419,6788.359927703771,93.14129365,65.5277149090909,20.63084481032702,1.4703414546625069,18,64,,False,True,,530,21.16838264042747
29,2026-09-14T02:06:26.684+00:00,2026-09-14T02:07:43.995+00:00,2026-09-14T02:07:56.551+00:00,True,193,193.0,,193.0,77311.126498,89867.124194,89867.124188,465.6327678134715,0.0,77311.126498,5560.325434158864,93.10247299999999,65.39582133333333,25.036385761546104,2.1476151788652174,18,64,,False,True,,666,21.16838264042747
30,2026-09-14T02:06:30.194+00:00,2026-09-14T02:07:49.807+00:00,2026-09-14T02:07:57.945+00:00,True,123,123.0,,123.0,79613.23286599999,87750.811106,87750.81099,713.4212275609756,0.0,79613.23286599999,7172.519416145673,93.3660581,66.70146098360655,26.952379407917974,1.4016964453060174,18,64,,False,True,,573,21.16838264042747
31,2026-09-14T02:06:33.651+00:00,2026-09-14T02:07:56.154+00:00,2026-09-14T02:08:09.481+00:00,True,202,202.0,,202.0,82502.841506,95830.397602,95830.397547,474.4079086485148,39.936915,82502.841506,5800.256633112085,96.51274645000001,66.30624923383084,22.194666655960955,2.1078906594851095,18,64,,False,True,,812,21.16838264042747
32,2026-09-14T02:06:36.590+00:00,2026-09-14T02:07:59.765+00:00,2026-09-14T02:08:08.424+00:00,True,132,132.0,,132.0,83174.252146,91833.29265799999,91833.292603,695.7067621439394,41.515603000000006,83174.252146,7233.670402692697,96.29386505000001,66.09954589312977,22.33067307670411,1.4373872065285347,18,64,,False,True,,338,21.16838264042747
33,2026-09-14T02:06:40.132+00:00,2026-09-14T02:08:07.213+00:00,2026-09-14T02:08:23.184+00:00,True,244,244.0,,244.0,87080.97933,103052.26150600001,103052.261641,422.3453345942623,0.0,87080.97933,5570.781607889169,93.7830345,65.72544105349795,47.39661181611321,2.36773066824733,18,64,,False,True,,587,21.16838264042747
34,2026-09-14T02:06:43.055+00:00,2026-09-14T02:08:12.400+00:00,2026-09-14T02:08:24.140+00:00,True,177,177.0,,177.0,89345.094441,101085.094185,101085.09417299999,571.1022269661016,0.0,89345.094441,6710.795086687949,96.23534480000001,66.704544,54.53978888643347,1.751000000811841,18,64,,False,True,,965,21.16838264042747
35,2026-09-14T02:06:46.642+00:00,2026-09-14T02:08:18.715+00:00,2026-09-14T02:08:27.789+00:00,True,137,137.0,,137.0,92072.96183,101147.053862,101147.053732,738.2996622773722,0.01579,92072.96183,7860.833515327552,97.107679,66.72126494117647,57.65697661307535,1.3544635732733843,18,64,,False,True,,711,21.16838264042747
36,2026-09-14T02:06:51.215+00:00,2026-09-14T02:08:27.702+00:00,2026-09-14T02:08:36.451+00:00,True,131,131.0,,131.0,96486.871059,105235.735827,105235.735829,803.3262277022901,0.0,96486.871059,8424.257115795579,95.77181250000001,67.29895975384615,26.056644775579876,1.2448242887316776,18,64,,False,True,,649,21.16838264042747
37,2026-09-14T02:06:54.720+00:00,2026-09-14T02:08:33.353+00:00,2026-09-14T02:08:46.397+00:00,True,196,196.0,,196.0,98633.194217,111677.670377,111677.670499,569.7840331581632,0.0,98633.194217,7040.494521986982,95.60812374999999,66.89474953846154,25.11338097811508,1.7550509366675164,18,64,,False,True,,379,21.16838264042747
38,2026-09-14T02:06:58.242+00:00,2026-09-14T02:08:39.971+00:00,2026-09-14T02:08:51.679+00:00,True,178,178.0,,178.0,101728.558381,113436.94750099999,113436.94744399999,637.2862215955056,35.437066,101728.558381,7619.951606815955,93.95640999999999,66.14909107344633,22.101885727442582,1.5691536480953956,18,64,,False,True,,714,21.16838264042747
39,2026-09-14T02:07:01.516+00:00,2026-09-14T02:08:45.886+00:00,2026-09-14T02:09:03.846+00:00,True,271,271.0,,271.0,104370.26108400001,122330.36092400001,122330.36077800002,451.4035453062731,0.0,104370.26108400001,6336.059080736876,95.39159350000001,66.5188882962963,27.15343806225665,2.2153126824203824,18,64,,False,True,,928,21.16838264042747
40,2026-09-14T02:07:04.092+00:00,2026-09-14T02:08:50.857+00:00,2026-09-14T02:09:02.083+00:00,True,170,170.0,,170.0,106764.037479,117990.879591,117990.87951900001,694.0639971705883,0.0,106764.037479,8183.384385719251,95.49766490000002,66.43101841420119,29.127486873895315,1.4407893270164849,18,64,,False,True,,889,21.16838264042747
41,2026-09-14T02:07:07.389+00:00,2026-09-14T02:08:56.460+00:00,2026-09-14T02:09:15.400+00:00,True,288,288.0,,288.0,109070.915943,128011.317863,128011.317692,444.4837419861111,0.0,109070.915943,6423.232816365092,96.87081714999998,65.99443177700348,26.92065141270815,2.2498010707789344,18,64,,False,True,,692,21.16838264042747
42,2026-09-14T02:07:11.509+00:00,2026-09-14T02:09:03.749+00:00,2026-09-14T02:09:19.528+00:00,True,238,238.0,,238.0,112239.86279700001,128018.25793300002,128018.25798400001,537.8918402689076,0.01565,112239.86279700001,7271.289771284736,96.32307649999998,66.57550690295359,50.6291438571939,1.8591098163869744,18,64,,False,True,,1098,21.16838264042747
43,2026-09-14T02:07:14.392+00:00,2026-09-14T02:09:09.397+00:00,2026-09-14T02:09:27.028+00:00,True,262,262.0,,262.0,115005.513171,132636.292051,132636.292126,506.24538979389314,0.0,115005.513171,7101.085690182532,97.9852706,67.55087693486591,52.680810217875425,1.9753266315621847,18,64,,False,True,,1252,21.16838264042747
44,2026-09-14T02:07:18.421+00:00,2026-09-14T02:09:16.753+00:00,2026-09-14T02:09:29.442+00:00,True,190,190.0,,190.0,118332.471422,131021.361534,131021.361563,689.5861134894737,0.0,118332.471422,8580.064634407254,96.46340995,67.13698471957672,58.074168836889534,1.450145211250114,18,64,,False,True,,415,21.16838264042747
45,2026-09-14T02:07:21.401+00:00,2026-09-14T02:09:21.621+00:00,2026-09-14T02:09:32.172+00:00,True,162,162.0,,162.0,120220.075441,130771.423153,130771.42330699999,807.2310080679011,0.0,120220.075441,9440.262875710085,96.48753495000001,65.53632119254658,24.158523048018285,1.2388027605271466,18,64,,False,True,,803,21.16838264042747
46,2026-09-14T02:07:25.590+00:00,2026-09-14T02:09:28.723+00:00,2026-09-14T02:09:40.605+00:00,True,183,183.0,,183.0,123133.131743,135015.35279900001,135015.352778,737.7888129945355,40.169805000000004,123133.131743,9097.461726776884,96.118382,65.28692887912088,21.32705844238334,1.3554014132928693,18,64,,False,True,,910,21.16838264042747
47,2026-09-14T02:07:29.761+00:00,2026-09-14T02:09:35.980+00:00,2026-09-14T02:09:49.096+00:00,True,199,199.0,,199.0,126219.377042,139335.55701,139335.556991,700.1786783467336,0.0,126219.377042,8942.81045786312,95.58645089999999,66.24333317171717,30.548721804824336,1.428206871744288,18,64,,False,True,,890,21.16838264042747
48,2026-09-14T02:07:32.785+00:00,2026-09-14T02:09:41.245+00:00,2026-09-14T02:09:55.226+00:00,True,212,212.0,,212.0,128459.72630699999,142440.972771,142440.972729,671.8913807971697,0.0,128459.72630699999,8818.149802827389,95.04814999999999,66.26183158293838,29.902264409345335,1.4883358058838092,18,64,,False,True,,1118,21.16838264042747
49,2026-09-14T02:07:36.152+00:00,2026-09-14T02:09:47.368+00:00,2026-09-14T02:09:57.805+00:00,True,155,155.0,,155.0,131215.48958300002,141652.74142300003,141652.74144900002,913.8886545096775,33.285129999999995,131215.48958300002,10534.061239468545,95.71506870000002,67.7743625974026,22.208599501281036,1.0942252048419077,18,64,,False,True,,783,21.16838264042747
50,2026-09-14T02:07:39.219+00:00,2026-09-14T02:09:52.652+00:00,2026-09-14T02:09:59.457+00:00,True,102,102.0,,102.0,133432.407746,140237.87181,140237.87170400002,1374.881095137255,32.90606,133432.407746,13205.12471679603,96.4107855,67.38083231683167,22.715921240334474,0.7273356239903139,18,64,,False,True,,460,21.16838264042747
51,2026-09-14T02:07:42.318+00:00,2026-09-14T02:09:57.884+00:00,2026-09-14T02:10:10.076+00:00,True,184,184.0,,184.0,135566.85738600002,147758.42909800002,147758.42906800003,803.0349405869566,40.238915,135566.85738600002,9989.233796935076,95.526225,66.62061044808743,21.871034523927218,1.2452758270593345,18,64,,False,True,,834,21.16838264042747
52,2026-09-14T02:07:44.832+00:00,2026-09-14T02:10:02.255+00:00,2026-09-14T02:10:14.280+00:00,True,182,182.0,,182.0,137422.218403,149447.12361900002,149447.12352700002,821.1380413571429,0.0,137422.218403,10181.533454468636,95.91505565000001,66.4359404198895,30.511587878367383,1.2178220335908918,18,64,,False,True,,544,21.16838264042747
53,2026-09-14T02:07:48.989+00:00,2026-09-14T02:10:09.943+00:00,2026-09-14T02:10:28.220+00:00,True,277,277.0,,277.0,140953.97816,159230.737712,159230.7378,574.8402086642599,0.0,140953.97816,8465.352387228895,96.38228599999998,66.22014330434783,62.16425287443499,1.739613870916109,18,64,,False,True,,1485,21.16838264042747
54,2026-09-14T02:07:53.051+00:00,2026-09-14T02:10:16.927+00:00,2026-09-14T02:10:34.047+00:00,True,260,260.0,,260.0,143876.219414,160995.668246,160995.66826799998,619.214108723077,0.015789,143876.219414,8918.914303811003,95.7291005,66.09825803861004,58.206113111851636,1.6149502830270084,18,64,,False,True,,1391,21.16838264042747
55,2026-09-14T02:07:57.144+00:00,2026-09-14T02:10:25.198+00:00,2026-09-14T02:10:37.567+00:00,True,183,183.0,,183.0,148054.067625,160422.816425,160422.81642299998,876.627412147541,39.370247000000006,148054.067625,10939.469357403463,95.9283101,67.96015824175824,21.75496972739018,1.1407354893657233,18,64,,False,True,,802,21.16838264042747
56,2026-09-14T02:08:01.204+00:00,2026-09-14T02:10:32.100+00:00,2026-09-14T02:10:48.370+00:00,True,246,246.0,,246.0,150895.660999,167165.45786300002,167165.457918,679.5343817804878,0.0,150895.660999,9616.5722080045,95.06561149999999,66.40733413877551,31.14526886270262,1.4715958855663147,18,64,,False,True,,1499,21.16838264042747
57,2026-09-14T02:08:04.825+00:00,2026-09-14T02:10:37.653+00:00,2026-09-14T02:10:51.280+00:00,True,208,208.0,,208.0,152828.504192,166455.097472,166455.097603,800.2648923221153,0.0,152828.504192,10592.236075305393,95.58788899999999,65.82895304347826,32.7333616332002,1.2495862437315168,18,64,,False,True,,1135,21.16838264042747
58,2026-09-14T02:08:07.865+00:00,2026-09-14T02:10:43.624+00:00,2026-09-14T02:10:59.617+00:00,True,243,243.0,,243.0,155758.573767,171751.83456699998,171751.83436,706.7976722633745,3.8083519999999997,155758.573767,9987.701719412942,95.70201709999998,66.08785454545455,21.98249614310449,1.4148320488839161,18,64,,False,True,,825,21.16838264042747
59,2026-09-14T02:08:12.061+00:00,2026-09-14T02:10:51.510+00:00,2026-09-14T02:11:03.168+00:00,True,178,178.0,,178.0,159449.129278,171107.206974,171107.20693400002,961.2764434494383,34.932415999999996,159449.129278,11946.299505664534,92.95587000000002,65.864845740113,21.235285983327397,1.0402834757687756,18,64,,False,True,,834,21.16838264042747
60,2026-09-14T02:08:15.036+00:00,2026-09-14T02:10:56.093+00:00,2026-09-14T02:11:13.385+00:00,True,264,264.0,,264.0,161056.36102399998,178348.42143999998,178348.421366,675.5622021439393,0.0,161056.36102399998,9908.332441960769,93.14448549999999,65.74927914828898,29.993889657736723,1.4802485935588443,18,64,,False,True,,961,21.16838264042747
61,2026-09-14T02:08:18.637+00:00,2026-09-14T02:11:02.681+00:00,2026-09-14T02:11:14.342+00:00,True,177,177.0,,177.0,164044.481475,175704.841155,175704.84127,992.682719039548,0.0,164044.481475,12325.404841842568,95.3017808,66.25204363636364,33.90145954652236,1.0073712188946318,18,64,,False,True,,587,21.16838264042747
62,2026-09-14T02:08:22.954+00:00,2026-09-14T02:11:10.007+00:00,2026-09-14T02:11:23.850+00:00,True,214,214.0,,214.0,167052.93110100002,180895.11068500002,180895.11061800004,845.3042552242991,0.0,167052.93110100002,11415.085948749058,96.56143015000002,64.98675861032864,23.98272052685771,1.1830059927526004,18,64,,False,True,,729,21.16838264042747
63,2026-09-14T02:08:26.133+00:00,2026-09-14T02:11:14.873+00:00,2026-09-14T02:11:25.075+00:00,True,158,158.0,,158.0,168740.197097,178941.938921,178941.938776,1132.5439163037975,38.203239,168740.197097,13419.098870626143,96.00766035000001,64.9792472866242,22.682716401957375,0.8829679668875974,18,64,,False,True,,723,21.16838264042747
64,2026-09-14T02:08:29.668+00:00,2026-09-14T02:11:21.509+00:00,2026-09-14T02:11:34.121+00:00,True,190,190.0,,190.0,171840.980984,184452.65996,184452.660095,970.8034741842105,0.015089,171840.980984,12462.060668297881,94.900065,66.7284601904762,78.60766459486868,1.0300746003945023,18,64,,False,True,,578,21.16838264042747
65,2026-09-14T02:08:33.123+00:00,2026-09-14T02:11:28.148+00:00,2026-09-14T02:11:36.350+00:00,True,124,124.0,,124.0,175025.111066,183227.51721000002,183227.517169,1477.6412674919357,34.810047,175025.111066,15711.745153280988,96.16789079999998,66.68622881300813,21.64318222152539,0.6767542446033452,18,64,,False,True,,531,21.16838264042747
66,2026-09-14T02:08:36.813+00:00,2026-09-14T02:11:33.850+00:00,2026-09-14T02:11:43.806+00:00,True,154,154.0,,154.0,177036.40924,186992.687256,186992.687177,1214.238228422078,0.0,177036.40924,14260.797594777156,94.2719325,65.07371252287581,34.30039679153688,0.8235616176218069,18,64,,False,True,,659,21.16838264042747
67,2026-09-14T02:08:40.012+00:00,2026-09-14T02:11:40.686+00:00,2026-09-14T02:11:56.414+00:00,True,233,233.0,,233.0,180673.381587,196401.426643,196401.42678,842.9245784549356,0.0,180673.381587,11831.906608481206,96.02795600000002,67.79329765517241,31.2624685498305,1.1863457612429946,18,64,,False,True,,1253,21.16838264042747
68,2026-09-14T02:08:42.772+00:00,2026-09-14T02:11:44.290+00:00,2026-09-14T02:11:54.470+00:00,True,148,148.0,,148.0,181517.621618,191697.33925000002,191697.339073,1295.2522910337839,41.190744,181517.621618,14914.98182265682,96.09176285,69.2497798095238,22.947802647864478,0.7720503611528348,18,64,,False,True,,698,21.16838264042747
69,2026-09-14T02:08:46.165+00:00,2026-09-14T02:11:50.410+00:00,2026-09-14T02:12:05.514+00:00,True,224,224.0,,224.0,184244.76504199998,199348.86897799998,199348.86907,889.9503083482142,39.418347000000004,184244.76504199998,12305.866191056068,95.61217515,67.73140778475337,22.515737726214937,1.1236582437030054,18,64,,False,True,,307,21.16838264042747
70,2026-09-14T02:08:50.133+00:00,2026-09-14T02:11:57.608+00:00,2026-09-14T02:12:08.935+00:00,True,165,165.0,,165.0,187474.57678,198801.81082800002,198801.810797,1204.8594593757575,40.430205,187474.57678,14589.51841746951,99.20623499999999,69.06850029268293,23.85584271666182,0.8299723192298043,18,64,,False,True,,604,21.16838264042747
71,2026-09-14T02:08:54.525+00:00,2026-09-14T02:12:06.262+00:00,2026-09-14T02:12:26.451+00:00,True,299,299.0,,299.0,191736.301936,211925.202544,211925.202577,708.779941729097,0.0,191736.301936,11084.52173103835,97.31305189999999,67.74798861744966,30.94760359955356,1.4108751409022318,18,64,,False,True,,1352,21.16838264042747
72,2026-09-14T02:08:58.552+00:00,2026-09-14T02:12:13.659+00:00,2026-09-14T02:12:25.916+00:00,True,182,182.0,,182.0,195106.180641,207363.54768100003,207363.547679,1139.3601520824177,0.0,195106.180641,14457.257500797412,95.95054204999998,67.72025988950277,36.15256288989087,0.8776856011355558,18,64,,False,True,,825,21.16838264042747
73,2026-09-14T02:09:01.207+00:00,2026-09-14T02:12:18.319+00:00,2026-09-14T02:12:38.054+00:00,True,297,297.0,,297.0,197111.433697,216846.698721,216846.698594,730.1235642895623,35.545935,197111.433697,11433.716840038796,93.99211780000002,66.67319264864865,21.50974970984813,1.3696311806993524,18,64,,False,True,,1070,21.16838264042747
74,2026-09-14T02:09:05.494+00:00,2026-09-14T02:12:25.387+00:00,2026-09-14T02:12:37.000+00:00,True,178,178.0,,178.0,199892.751094,211505.928694,211505.928579,1188.2355538146069,37.360040999999995,199892.751094,14977.692532661915,93.90285385000001,65.61117288135594,21.373007648851345,0.8415839740243154,18,64,,False,True,,880,21.16838264042747
75,2026-09-14T02:09:09.066+00:00,2026-09-14T02:12:32.878+00:00,2026-09-14T02:12:43.342+00:00,True,158,158.0,,158.0,203811.62612099998,214275.712649,214275.71269699998,1356.1753968164555,36.991192000000005,203811.62612099998,16209.093646467689,93.582695,66.65023266242038,21.125030584825083,0.737367749460323,18,64,,False,True,,731,21.16838264042747
76,2026-09-14T02:09:13.390+00:00,2026-09-14T02:12:39.893+00:00,2026-09-14T02:12:46.695+00:00,True,104,104.0,,104.0,206502.742148,213305.171588,213305.171562,2051.0112650192304,38.840218,206502.742148,20242.795357510488,95.1557363,66.04300427184467,21.743246623345463,0.4875643624847339,18,64,,False,True,,499,21.16838264042747
77,2026-09-14T02:09:18.177+00:00,2026-09-14T02:12:47.791+00:00,2026-09-14T02:12:58.939+00:00,True,172,172.0,,172.0,209613.85090299998,220761.50607099998,220761.50584799997,1283.4971270232556,0.0,209613.85090299998,15978.21807637714,96.57601455,65.19096589473683,95.30097728497165,0.7791213380501327,18,64,,False,True,,614,21.16838264042747
78,2026-09-14T02:09:22.453+00:00,2026-09-14T02:12:56.679+00:00,2026-09-14T02:13:09.377+00:00,True,189,189.0,,189.0,214225.80777200003,226923.63894000003,226923.63884000003,1200.654173756614,36.515603000000006,214225.80777200003,15577.737385741248,96.36866239999999,67.54165514893617,22.187000769532716,0.8328792931527628,18,64,,False,True,,649,21.16838264042747
79,2026-09-14T02:09:26.243+00:00,2026-09-14T02:13:02.453+00:00,2026-09-14T02:13:15.286+00:00,True,195,195.0,,195.0,216210.204646,229043.025638,229043.025564,1174.5796182769232,35.333655,216210.204646,15478.412582669209,95.3451121,66.14856181443298,21.77168982035179,0.8513684250233202,18,64,,False,True,,887,21.16838264042747
80,2026-09-14T02:09:30.412+00:00,2026-09-14T02:13:09.553+00:00,2026-09-14T02:13:26.889+00:00,True,267,267.0,,267.0,219141.216677,236477.364133,236477.364233,885.6830121086142,33.721828,219141.216677,13407.253384178312,93.65888559999999,65.17348667669172,21.561665568415727,1.1290721248475748,18,64,,False,True,,1256,21.16838264042747
81,2026-09-14T02:09:33.161+00:00,2026-09-14T02:13:15.241+00:00,2026-09-14T02:13:25.207+00:00,True,154,154.0,,154.0,222080.59285800002,232046.521818,232046.521692,1506.7955954025974,39.442196,222080.59285800002,17890.52834976882,93.43953249999998,65.1367905882353,21.69055265153609,0.6636600229706788,18,64,,False,True,,530,21.16838264042747
82,2026-09-14T02:09:36.455+00:00,2026-09-14T02:13:20.971+00:00,2026-09-14T02:13:37.719+00:00,True,255,255.0,,255.0,224515.923622,241264.062886,241264.062854,946.1335798196078,0.0,224515.923622,14055.648190642467,93.64935100000001,65.93755615748032,35.577620925462156,1.0569332081607627,18,64,,False,True,,736,21.16838264042747
83,2026-09-14T02:09:39.744+00:00,2026-09-14T02:13:26.967+00:00,2026-09-14T02:13:46.363+00:00,True,292,292.0,,292.0,227222.220009,246618.935273,246618.935254,844.5853947054795,0.0,227222.220009,13293.318355970889,95.354943,66.65537891408934,34.423701963729464,1.1840128969690202,18,64,,False,True,,852,21.16838264042747
84,2026-09-14T02:09:42.805+00:00,2026-09-14T02:13:31.283+00:00,2026-09-14T02:13:38.364+00:00,True,107,107.0,,107.0,228477.742541,235559.149517,235559.149444,2201.4873779813083,40.124415,228477.742541,22081.328571577676,93.06184830000001,66.80572618867924,20.96632010448122,0.45423835253012723,18,64,,False,True,,405,21.16838264042747
85,2026-09-14T02:09:46.288+00:00,2026-09-14T02:13:37.860+00:00,2026-09-14T02:13:56.098+00:00,True,273,273.0,,273.0,231571.729553,249809.98465700002,249809.984742,915.0548891648352,39.706815999999996,231571.729553,14011.31812675074,95.85590739999999,67.05240847058823,22.294353477564897,1.0928306183391383,18,64,,False,True,,1270,21.16838264042747
86,2026-09-14T02:09:49.975+00:00,2026-09-14T02:13:44.911+00:00,2026-09-14T02:13:57.163+00:00,True,185,185.0,,185.0,234936.107086,247187.892046,247187.892057,1336.1507678756757,39.366406000000005,234936.107086,17267.96449565781,95.443374,66.58578782608696,21.93928903573454,0.7484185348591943,18,64,,False,True,,605,21.16838264042747
87,2026-09-14T02:09:52.696+00:00,2026-09-14T02:13:49.999+00:00,2026-09-14T02:13:56.757+00:00,True,104,104.0,,104.0,237302.532933,244060.289605,244060.289717,2346.733554971154,39.460057,237302.532933,23263.004008124248,94.02760565,65.6092880776699,21.369271618141887,0.42612421778372495,18,64,,False,True,,326,21.16838264042747
88,2026-09-14T02:09:55.221+00:00,2026-09-14T02:13:54.178+00:00,2026-09-14T02:14:06.779+00:00,True,192,192.0,,192.0,238956.728238,251558.409902,251558.41000600002,1310.2000521145833,34.734336000000006,238956.728238,17240.469047542436,95.38932249999999,65.97739091099476,22.134126263308698,0.7632422230479105,18,64,,False,True,,775,21.16838264042747
89,2026-09-14T02:09:59.670+00:00,2026-09-14T02:14:02.442+00:00,2026-09-14T02:14:17.421+00:00,True,222,222.0,,222.0,242772.296438,257751.210486,257751.21033499998,1161.0414879954953,0.0,242772.296438,16289.311153230195,96.250301,67.7778916199095,40.624452678907616,0.8612956640685036,18,64,,False,True,,1164,21.16838264042747
90,2026-09-14T02:10:03.479+00:00,2026-09-14T02:14:09.252+00:00,2026-09-14T02:14:23.860+00:00,True,220,220.0,,220.0,245772.125393,260380.485585,260380.48544699998,1183.5476611227273,0.0,245772.125393,16565.504463262074,95.22306685,66.70484105936073,40.13137464789823,0.8449173888961892,18,64,,False,True,,939,21.16838264042747
91,2026-09-14T02:10:06.829+00:00,2026-09-14T02:14:16.008+00:00,2026-09-14T02:14:33.411+00:00,True,262,262.0,,262.0,249179.332928,266581.83327999996,266581.833225,1017.4879130725191,0.015220000000000001,249179.332928,15390.496045604667,94.8967571,66.67624655938698,90.44096486467596,0.9828126574732213,18,64,,False,True,,1062,21.16838264042747
92,2026-09-14T02:10:09.564+00:00,2026-09-14T02:14:20.518+00:00,2026-09-14T02:14:31.970+00:00,True,165,165.0,,165.0,250953.277122,262405.32525,262405.325235,1590.3353044545454,0.01584,250953.277122,19531.582435464436,94.13769939999999,69.82956175609756,114.321196787591,0.6287982145286132,18,64,,False,True,,767,21.16838264042747
93,2026-09-14T02:10:12.574+00:00,2026-09-14T02:14:26.936+00:00,2026-09-14T02:14:36.634+00:00,True,144,144.0,,144.0,254361.39475799998,264059.24461399997,264059.244761,1833.744755284722,0.01594,254361.39475799998,21191.496926868094,93.04685995,67.81713186013987,124.8925657123456,0.5453321666904646,18,64,,False,True,,695,21.16838264042747
94,2026-09-14T02:10:15.391+00:00,2026-09-14T02:14:31.957+00:00,2026-09-14T02:14:39.461+00:00,True,127,127.0,,127.0,256565.239079,264069.232679,264069.232813,2079.2852977401576,0.016359000000000002,256565.239079,22761.217368503294,93.73001529999999,59.555504761904764,29.188187181041332,0.4809344833988289,18,64,,False,True,,422,21.16838264042747
95,2026-09-14T02:10:18.577+00:00,2026-09-14T02:14:36.144+00:00,2026-09-14T02:14:50.809+00:00,True,228,228.0,,228.0,257566.41376,272231.70528,272231.705134,1193.9987067280701,30.062526000000002,257566.41376,17053.4871394892,92.81887950000001,64.60480845814979,21.29847614153571,0.8375218447296354,18,64,,False,True,,1127,21.16838264042747
96,2026-09-14T02:10:21.194+00:00,2026-09-14T02:14:41.418+00:00,2026-09-14T02:15:00.804+00:00,True,293,293.0,,293.0,260224.137438,279609.986014,279609.985831,954.3002929385666,0.0,260224.137438,15198.623376309824,94.469231,66.38989238356164,37.246358972866695,1.0478881823102324,18,64,,False,True,,1335,21.16838264042747
97,2026-09-14T02:10:24.080+00:00,2026-09-14T02:14:45.638+00:00,2026-09-14T02:15:04.547+00:00,True,280,280.0,,280.0,261557.726486,280466.888982,280466.889021,1001.6674607892857,0.0,261557.726486,15627.06020043469,95.62403,67.77477597132616,38.24567355660448,0.9983353151464879,18,64,,False,True,,981,21.16838264042747
98,2026-09-14T02:10:27.023+00:00,2026-09-14T02:14:51.129+00:00,2026-09-14T02:15:07.651+00:00,True,240,240.0,,240.0,264105.626562,280628.234178,280628.23416,1169.2843090000001,0.0,264105.626562,17043.530675963306,95.17277589999999,69.13224943933055,40.642070650272196,0.8552239966266905,18,64,,False,True,,1200,21.16838264042747
99,2026-09-14T02:10:30.832+00:00,2026-09-14T02:14:58.632+00:00,2026-09-14T02:15:10.674+00:00,True,176,176.0,,176.0,267800.174731,279842.18484299997,279842.184793,1590.0124135965907,0.0,267800.174731,20181.06056372359,95.39387775000002,68.81148635428572,44.93233965018581,0.6289259072885719,18,64,,False,True,,554,21.16838264042747
100,2026-09-14T02:10:33.559+00:00,2026-09-14T02:15:02.538+00:00,2026-09-14T02:15:16.460+00:00,True,208,208.0,,208.0,268979.353539,282901.37619499996,282901.376275,1360.1027705528845,39.471736,268979.353539,18645.712275351656,96.00757735,67.25614809661836,22.17851536246999,0.7352385583894385,18,64,,False,True,,955,21.16838264042747
101,2026-09-14T02:10:37.659+00:00,2026-09-14T02:15:09.618+00:00,2026-09-14T02:15:21.379+00:00,True,176,176.0,,176.0,271958.647184,283719.839888,283719.839866,1612.044544693182,39.307226,271958.647184,20494.60046837781,96.62483775000001,67.20681545142858,22.266990348420148,0.6203302527926035,18,64,,False,True,,810,21.16838264042747
102,2026-09-14T02:10:41.134+00:00,2026-09-14T02:15:16.000+00:00,2026-09-14T02:15:26.580+00:00,True,157,157.0,,157.0,274866.33568,285446.218688,285446.218455,1818.128779968153,39.303537,274866.33568,21931.320911866027,96.12732319999999,67.81976287179486,22.793908992293574,0.5500160440787096,18,64,,False,True,,514,21.16838264042747
103,2026-09-14T02:10:44.657+00:00,2026-09-14T02:15:22.115+00:00,2026-09-14T02:15:37.914+00:00,True,230,230.0,,230.0,277457.575898,293256.75260199996,293256.752485,1275.0293586304347,37.83151,277457.575898,18290.475594235886,96.96533449999998,68.99203800873363,22.69627151003417,0.7842956656897504,18,64,,False,True,,1006,21.16838264042747
104,2026-09-14T02:10:48.584+00:00,2026-09-14T02:15:29.728+00:00,2026-09-14T02:15:42.960+00:00,True,193,193.0,,193.0,281143.540666,294375.253434,294375.253449,1525.2603805647668,38.565468,281143.540666,20232.20650297714,97.20812,68.91517066666667,22.3188537100551,0.6556257625210717,18,64,,False,True,,903,21.16838264042747
105,2026-09-14T02:10:51.790+00:00,2026-09-14T02:15:35.801+00:00,2026-09-14T02:15:50.198+00:00,True,218,218.0,,218.0,284011.731281,298408.80443300004,298408.804337,1368.847726316514,0.0,284011.731281,19231.256302044425,94.878405,66.34595922580645,43.142410763523024,0.7305414477103548,18,64,,False,True,,997,21.16838264042747
106,2026-09-14T02:10:54.919+00:00,2026-09-14T02:15:41.480+00:00,2026-09-14T02:15:49.535+00:00,True,119,119.0,,119.0,286561.33672799997,294616.11919199995,294616.11903099995,2475.7657061428567,0.0,286561.33672799997,26262.828584478597,95.426813,68.26086833898304,52.17087706978747,0.4039154419872331,18,64,,False,True,,682,21.16838264042747
107,2026-09-14T02:10:57.815+00:00,2026-09-14T02:15:46.362+00:00,2026-09-14T02:15:57.835+00:00,False,176,175.0,,175.0,288547.677961,300020.254473,300020.254488,1704.6605368636365,0.0,288547.677961,21745.208517500734,95.028398,65.55758006857143,47.006607620028944,0.5832939522946405,18,64,,False,False,Request timeout: 300.0s exceeded,923,21.16838264042747
108,2026-09-14T02:11:01.940+00:00,2026-09-14T02:15:54.285+00:00,2026-09-14T02:16:02.000+00:00,False,109,108.0,,108.0,292345.50095099997,300059.95471099997,300059.954742,2752.843621486238,0.035588999999999996,292345.50095099997,27994.78630717012,91.45002840000001,71.4301274074074,20.662660875866745,0.35992806872219657,18,64,,False,False,Request timeout: 300.0s exceeded,238,21.16838264042747
109,2026-09-14T02:11:05.086+00:00,2026-09-14T02:15:57.924+00:00,2026-09-14T02:16:05.158+00:00,False,101,100.0,,100.0,292838.485879,300072.078711,300072.078918,2971.0106823564356,0.02456,292838.485879,29131.32760748439,92.30033499999999,72.33592832,20.12808520627177,0.33325326511404685,18,64,,False,False,Request timeout: 300.0s exceeded,402,21.16838264042747
110,2026-09-14T02:11:09.069+00:00,2026-09-14T02:16:02.520+00:00,2026-09-14T02:16:09.097+00:00,False,99,98.0,,98.0,293450.245008,300027.09544,300027.09565699997,3030.5767238080807,0.02646,293450.245008,29486.121319110243,88.2873008,67.11071869387754,20.2570493996424,0.3266371654076098,18,64,,False,False,Request timeout: 300.0s exceeded,462,21.16838264042747
111,2026-09-14T02:11:11.754+00:00,2026-09-14T02:16:05.159+00:00,2026-09-14T02:16:11.794+00:00,False,99,98.0,,98.0,293405.284689,300040.015441,300040.015235,3030.7072245959594,0.04448,293405.284689,29481.543044652026,88.1826309,67.70133420408163,19.908822352490255,0.32662310010869455,18,64,,False,False,Request timeout: 300.0s exceeded,398,21.16838264042747
112,2026-09-14T02:11:14.848+00:00,2026-09-14T02:16:08.190+00:00,2026-09-14T02:16:14.865+00:00,False,101,100.0,,100.0,293341.978697,300017.131081,300017.13100500003,2970.4666436138614,0.022209,293341.978697,29181.982467382473,88.340103,66.75152384,19.825082945649136,0.33331429988576733,18,64,,False,False,Request timeout: 300.0s exceeded,478,21.16838264042747
113,2026-09-14T02:11:19.438+00:00,2026-09-14T02:16:13.587+00:00,2026-09-14T02:16:19.479+00:00,False,88,87.0,,87.0,294149.415673,300041.566969,300041.566831,3409.563259443182,0.023309999999999997,294149.415673,31349.219917469054,89.30374355,67.72587696551724,20.228777281854228,0.2899598241632592,18,64,,False,False,Request timeout: 300.0s exceeded,376,21.16838264042747
114,2026-09-14T02:11:22.905+00:00,2026-09-14T02:16:16.861+00:00,2026-09-14T02:16:22.912+00:00,False,89,88.0,,88.0,293956.34106999997,300007.11815799994,300007.118233,3370.8664969999995,0.04493,293956.34106999997,31152.02745948381,88.21678539999999,68.75883054545454,19.520021978517963,0.2933263735217591,18,64,,False,False,Request timeout: 300.0s exceeded,426,21.16838264042747
115,2026-09-14T02:11:26.782+00:00,2026-09-14T02:16:20.617+00:00,2026-09-14T02:16:27.794+00:00,False,108,107.0,,107.0,293834.960852,301011.94824399997,301011.948271,2787.147669175926,0.02691,293834.960852,28267.835385165487,89.03767545000001,67.07464852336449,20.48814097841611,0.35546761722981807,18,64,,False,False,Request timeout: 300.0s exceeded,439,21.16838264042747
116,2026-09-14T02:11:31.166+00:00,2026-09-14T02:16:24.877+00:00,2026-09-14T02:16:31.177+00:00,False,100,99.0,,99.0,293711.599194,300011.160666,300011.16067,3000.1116067000003,0.03646,293711.599194,29364.803931009454,89.83369334999999,63.63193406060606,20.675234083661646,0.32998772372410473,18,64,,False,False,Request timeout: 300.0s exceeded,438,21.16838264042747
117,2026-09-14T02:11:35.647+00:00,2026-09-14T02:16:29.704+00:00,2026-09-14T02:16:35.682+00:00,False,100,99.0,,99.0,294057.102562,300034.741218,300034.74108099996,3000.34741081,0.015359999999999999,294057.102562,29400.0982568059,91.68545,60.38018844444445,159.07687567390806,0.32996178908517904,18,64,,False,False,Request timeout: 300.0s exceeded,256,21.16838264042747
118,2026-09-14T02:11:38.585+00:00,2026-09-14T02:16:33.921+00:00,2026-09-14T02:16:38.663+00:00,False,69,68.0,,68.0,295335.87680800003,300078.308808,300078.308712,4348.960995826087,0.01912,295335.87680800003,35545.87128442458,88.34065760000001,69.74164705882353,20.30749662647693,0.22660751545193708,18,64,,False,False,Request timeout: 300.0s exceeded,280,21.16838264042747
119,2026-09-14T02:11:42.556+00:00,2026-09-14T02:16:35.894+00:00,2026-09-14T02:16:42.778+00:00,False,91,90.0,,90.0,293337.208394,300221.376586,300221.376394,3299.1360043296704,0.039,293337.208394,30742.138208883855,89.5575045,76.49075768888889,62.01641442661692,0.2997787866521857,18,64,,False,False,Request timeout: 300.0s exceeded,395,21.16838264042747
120,2026-09-14T02:11:46.183+00:00,2026-09-14T02:16:39.501+00:00,2026-09-14T02:16:46.231+00:00,False,106,105.0,,105.0,293318.434712,300048.807832,300048.807777,2830.649129971698,0.0,293318.434712,28483.446050179202,89.158126,64.09879161904762,62.07390184313226,0.3499430667919548,18,64,,False,False,Request timeout: 300.0s exceeded,440,21.16838264042747
121,2026-09-14T02:11:50.627+00:00,2026-09-14T02:16:44.136+00:00,2026-09-14T02:16:50.719+00:00,False,99,98.0,,98.0,293508.33814099996,300091.9226529999,300091.92284699995,3031.2315439090903,0.022170000000000002,293508.33814099996,29491.953492749708,89.486296,67.17943379591836,20.981848123407747,0.3265666037713339,18,64,,False,False,Request timeout: 300.0s exceeded,449,21.16838264042747
122,2026-09-14T02:11:53.276+00:00,2026-09-14T02:16:46.960+00:00,2026-09-14T02:16:53.314+00:00,False,94,93.0,,93.0,293684.75364300003,300037.871851,300037.87209900003,3191.892256372341,0.02289,293684.75364300003,30284.230253514947,88.25200130000002,68.3130990107527,20.33083062163605,0.3099608706936309,18,64,,False,False,Request timeout: 300.0s exceeded,342,21.16838264042747
123,2026-09-14T02:11:56.587+00:00,2026-09-14T02:16:50.246+00:00,2026-09-14T02:16:56.611+00:00,False,92,91.0,,91.0,293659.306817,300024.16390499996,300024.163916,3261.1322164782605,0.027649999999999997,293659.306817,30608.813417693407,89.19405904999999,69.94348448351649,19.877542908938402,0.3033089029082816,18,64,,False,False,Request timeout: 300.0s exceeded,297,21.16838264042747
124,2026-09-14T02:12:00.407+00:00,2026-09-14T02:16:54.078+00:00,2026-09-14T02:17:00.424+00:00,False,92,91.0,,91.0,293670.96530800004,300017.541948,300017.54192600003,3261.0602383260875,0.03865,293670.96530800004,30610.050018752765,89.6821965,69.74260043956045,20.14966820090092,0.3033155975118695,18,64,,False,False,Request timeout: 300.0s exceeded,438,21.16838264042747
125,2026-09-14T02:12:03.849+00:00,2026-09-14T02:16:57.831+00:00,2026-09-14T02:17:03.887+00:00,False,92,91.0,,91.0,293981.84002999996,300037.52310199995,300037.523113,3261.277425141304,0.04047,293981.84002999996,30642.79414324087,89.36256610000001,66.54596782417583,20.0406516546148,0.30329539805280914,18,64,,False,False,Request timeout: 300.0s exceeded,438,21.16838264042747
126,2026-09-14T02:12:07.280+00:00,2026-09-14T02:17:01.059+00:00,2026-09-14T02:17:07.368+00:00,False,92,91.0,,91.0,293778.982188,300087.80036399997,300087.800405,3261.823917445652,0.02157,293778.982188,30621.355152943073,88.821825,69.32767226373626,20.66428739284474,0.3032445833839929,18,64,,False,False,Request timeout: 300.0s exceeded,507,21.16838264042747
127,2026-09-14T02:12:10.555+00:00,2026-09-14T02:17:04.526+00:00,2026-09-14T02:17:10.566+00:00,False,86,85.0,,85.0,293971.053962,300010.777482,300010.777488,3488.497412651163,0.02732,293971.053962,31692.057795929813,89.0920255,71.05557082352941,19.49403394834722,0.2833231549659906,18,64,,False,False,Request timeout: 300.0s exceeded,405,21.16838264042747
128,2026-09-14T02:12:13.296+00:00,2026-09-14T02:17:07.236+00:00,2026-09-14T02:17:13.305+00:00,False,87,86.0,,86.0,293939.799194,300009.00623400003,300009.00628800003,3448.3793826206897,0.03635,293939.799194,31506.093985284886,89.5562256,70.57217488372093,19.223309292618517,0.2866580609680831,18,64,,False,False,Request timeout: 300.0s exceeded,196,21.16838264042747
129,2026-09-14T02:12:16.975+00:00,2026-09-14T02:17:10.982+00:00,2026-09-14T02:17:16.996+00:00,False,89,88.0,,88.0,294006.710738,300020.814546,300020.814559,3371.0203883033705,0.020640000000000002,294006.710738,31157.41143892407,90.55894459999999,68.34208872727274,20.514609293106105,0.29331298274476086,18,64,,False,False,Request timeout: 300.0s exceeded,313,21.16838264042747
130,2026-09-14T02:12:21.135+00:00,2026-09-14T02:17:14.655+00:00,2026-09-14T02:17:21.180+00:00,False,98,97.0,,97.0,293520.318751,300045.037855,300045.037661,3061.684057765306,0.03461,293520.318751,29643.241786452178,88.53105934999999,67.26514540206185,20.338973898507238,0.3232847998202067,18,64,,False,False,Request timeout: 300.0s exceeded,603,21.16838264042747
131,2026-09-14T02:12:25.292+00:00,2026-09-14T02:17:18.831+00:00,2026-09-14T02:17:25.337+00:00,False,96,95.0,,95.0,293538.686765,300045.176109,300045.176255,3125.4705859895835,0.027699,293538.686765,29952.183399078058,89.65500325000001,68.48936151578948,20.291792123951875,0.31661898795362914,18,64,,False,False,Request timeout: 300.0s exceeded,404,21.16838264042747
132,2026-09-14T02:12:28.022+00:00,2026-09-14T02:17:21.660+00:00,2026-09-14T02:17:28.054+00:00,False,93,92.0,,92.0,293637.81812999997,300031.553554,300031.55351899995,3226.1457367634407,0.019709,293637.81812999997,30441.62302345221,89.8893876,69.49712417391305,19.574237317130173,0.30663441531472707,18,64,,False,False,Request timeout: 300.0s exceeded,425,21.16838264042747
133,2026-09-14T02:12:31.705+00:00,2026-09-14T02:17:25.415+00:00,2026-09-14T02:17:31.785+00:00,False,95,94.0,,94.0,293709.563296,300079.62256,300079.62258,3158.732869263158,0.02264,293709.563296,30127.01941955899,88.293227,67.7665879148936,20.27618634274409,0.31325019405876187,18,64,,False,False,Request timeout: 300.0s exceeded,425,21.16838264042747
134,2026-09-14T02:12:34.634+00:00,2026-09-14T02:17:28.565+00:00,2026-09-14T02:17:34.687+00:00,False,89,88.0,,88.0,293931.39077999996,300053.15794799995,300053.15785599995,3371.383796134831,0.02825,293931.39077999996,31149.297461630333,87.92172000000001,69.565536,19.89961685147747,0.2932813658813438,18,64,,False,False,Request timeout: 300.0s exceeded,117,21.16838264042747
135,2026-09-14T02:12:38.704+00:00,2026-09-14T02:17:32.751+00:00,2026-09-14T02:17:38.740+00:00,False,94,93.0,,93.0,294047.111666,300035.193074,300035.19296799996,3191.863754978723,0.0,294047.111666,30322.076119463243,88.37227815,64.38797212903226,67.07687512421712,0.30996363808915806,18,64,,False,False,Request timeout: 300.0s exceeded,298,21.16838264042747
136,2026-09-14T02:12:41.934+00:00,2026-09-14T02:17:35.722+00:00,2026-09-14T02:17:41.964+00:00,False,96,95.0,,95.0,293788.404283,300030.489403,300030.48935499997,3125.3175974479163,0.0,293788.404283,29978.019874216443,91.1448845,65.70615915789473,66.2934646711201,0.3166344866784399,18,64,,False,False,Request timeout: 300.0s exceeded,457,21.16838264042747
137,2026-09-14T02:12:46.376+00:00,2026-09-14T02:17:39.937+00:00,2026-09-14T02:17:46.412+00:00,False,93,92.0,,92.0,293561.505052,300035.89174,300035.891754,3226.1923844516127,0.02348,293561.505052,30433.61885480202,89.0916042,70.3737683478261,19.62303457287555,0.3066299817213995,18,64,,False,False,Request timeout: 300.0s exceeded,481,21.16838264042747
138,2026-09-14T02:12:49.302+00:00,2026-09-14T02:17:43.127+00:00,2026-09-14T02:17:49.368+00:00,False,93,92.0,,92.0,293824.935836,300065.91145200003,300065.911542,3226.515177870968,0.02948,293824.935836,30461.19921856843,89.5479804,67.83669147826087,20.821713679634627,0.30659930531534824,18,64,,False,False,Request timeout: 300.0s exceeded,435,21.16838264042747
139,2026-09-14T02:12:53.228+00:00,2026-09-14T02:17:46.839+00:00,2026-09-14T02:17:53.278+00:00,False,99,98.0,,98.0,293610.195235,300050.007331,300050.007329,3030.808154838384,0.03965,293610.195235,29502.337922213355,89.35312600000002,65.71236832653061,20.929375433377135,0.32661222331480017,18,64,,False,False,Request timeout: 300.0s exceeded,131,21.16838264042747
140,2026-09-14T02:12:57.325+00:00,2026-09-14T02:17:50.656+00:00,2026-09-14T02:17:57.370+00:00,False,105,104.0,,104.0,293331.213079,300044.351767,300044.351813,2857.5652553619047,0.02287,293331.213079,28619.90297203118,89.3033772,64.54941046153846,20.293158898792058,0.34661542331168893,18,64,,False,False,Request timeout: 300.0s exceeded,500,21.16838264042747
141,2026-09-14T02:13:00.440+00:00,2026-09-14T02:17:54.248+00:00,2026-09-14T02:18:00.487+00:00,False,94,93.0,,93.0,293808.635346,300047.112658,300047.11283500004,3191.9905620744685,0.02607,293808.635346,30297.135038870674,90.11983695,67.08040120430107,20.664053042475945,0.30995132456416385,18,64,,False,False,Request timeout: 300.0s exceeded,463,21.16838264042747
142,2026-09-14T02:13:04.120+00:00,2026-09-14T02:17:57.975+00:00,2026-09-14T02:18:04.209+00:00,False,93,92.0,,92.0,293855.077413,300089.359909,300089.359955,3226.767311344086,0.040100000000000004,293855.077413,30464.331527239385,88.086708,67.76394017391304,19.648883243703878,0.3065753481826159,18,64,,False,False,Request timeout: 300.0s exceeded,372,21.16838264042747
143,2026-09-14T02:13:07.563+00:00,2026-09-14T02:18:01.197+00:00,2026-09-14T02:18:07.629+00:00,False,94,93.0,,93.0,293634.501286,300066.522534,300066.522657,3192.1970495425535,0.03961,293634.501286,30278.95979650346,89.72888645,69.16151879569892,20.606495813576757,0.3099312752873401,18,64,,False,False,Request timeout: 300.0s exceeded,427,21.16838264042747
144,2026-09-14T02:13:10.113+00:00,2026-09-14T02:18:03.861+00:00,2026-09-14T02:18:10.118+00:00,False,91,90.0,,90.0,293748.03192900005,300005.446585,300005.44659000007,3296.7631493406598,0.05119,293748.03192900005,30785.87916244948,90.26010900000001,69.52682951111112,20.554945085843865,0.2999945535138825,18,64,,False,False,Request timeout: 300.0s exceeded,477,21.16838264042747
145,2026-09-14T02:13:13.575+00:00,2026-09-14T02:18:07.367+00:00,2026-09-14T02:18:13.581+00:00,False,91,90.0,,90.0,293791.98450099997,300006.512245,300006.51223199995,3296.7748596923075,0.02761,293791.98450099997,30790.536612097858,88.99858250000001,69.05030826666666,20.579438046904492,0.2999934878963614,18,64,,False,False,Request timeout: 300.0s exceeded,317,21.16838264042747
146,2026-09-14T02:13:16.575+00:00,2026-09-14T02:18:09.713+00:00,2026-09-14T02:18:16.616+00:00,False,105,104.0,,104.0,293137.900025,300041.061113,300041.06108099996,2857.5339150571426,0.02229,293137.900025,28600.85929296281,89.6470954,66.37654892307692,20.362623496658312,0.34661922476281354,18,64,,False,False,Request timeout: 300.0s exceeded,475,21.16838264042747
147,2026-09-14T02:13:21.032+00:00,2026-09-14T02:18:14.668+00:00,2026-09-14T02:18:21.043+00:00,False,95,94.0,,94.0,293635.98751999997,300010.69446399994,300010.69461299997,3158.007311715789,0.02613,293635.98751999997,30119.465552720387,88.28258369999999,67.81603131914895,20.155328558150014,0.31332216395799056,18,64,,False,False,Request timeout: 300.0s exceeded,434,21.16838264042747
148,2026-09-14T02:13:24.359+00:00,2026-09-14T02:18:17.990+00:00,2026-09-14T02:18:24.392+00:00,False,96,95.0,,95.0,293631.342955,300033.284715,300033.284551,3125.3467140729167,0.03643,293631.342955,29961.75229570709,87.98287175000002,67.38886063157895,20.13640954636669,0.3166315366984699,18,64,,False,False,Request timeout: 300.0s exceeded,355,21.16838264042747
149,2026-09-14T02:13:28.093+00:00,2026-09-14T02:18:21.965+00:00,2026-09-14T02:18:28.153+00:00,False,91,90.0,,90.0,293871.36546899995,300060.083549,300060.08354499994,3297.36355543956,0.08871,293871.36546899995,30798.887488064585,88.5819725,68.76353422222222,19.696700590545422,0.2999399284820334,18,64,,False,False,Request timeout: 300.0s exceeded,434,21.16838264042747
150,2026-09-14T02:13:32.309+00:00,2026-09-14T02:18:26.266+00:00,2026-09-14T02:18:32.623+00:00,False,83,82.0,,82.0,293957.420482,300313.98163399997,300313.981525,3618.24074126506,0.02594,293957.420482,32257.569695443024,93.3613837,77.51903843902438,62.488493174730806,0.27304756026955623,18,64,,False,False,Request timeout: 300.0s exceeded,401,21.16838264042747
151,2026-09-14T02:13:36.446+00:00,2026-09-14T02:18:29.942+00:00,2026-09-14T02:18:36.465+00:00,False,101,100.0,,100.0,293496.04901200003,300019.273332,300019.27345200005,2970.4878559603962,0.0,293496.04901200003,29197.52187936307,92.69587599999998,65.2322432,61.60216262828554,0.3333119198956943,18,64,,False,False,Request timeout: 300.0s exceeded,193,21.16838264042747
152,2026-09-14T02:13:40.959+00:00,2026-09-14T02:18:34.780+00:00,2026-09-14T02:18:41.022+00:00,False,91,90.0,,90.0,293821.184605,300063.050077,300063.050138,3297.3961553626377,0.037378999999999996,293821.184605,30793.565422986336,89.11081200000001,69.3540608,20.044311024244028,0.29993696317125634,18,64,,False,False,Request timeout: 300.0s exceeded,436,21.16838264042747
153,2026-09-14T02:13:44.004+00:00,2026-09-14T02:18:37.842+00:00,2026-09-14T02:18:44.020+00:00,False,93,92.0,,92.0,293838.104482,300015.424674,300015.42475299997,3225.972309172043,0.035408999999999996,293838.104482,30462.63643346744,89.4159216,67.14478469565218,20.737001296049186,0.30665090003278395,18,64,,False,False,Request timeout: 300.0s exceeded,466,21.16838264042747
154,2026-09-14T02:13:47.668+00:00,2026-09-14T02:18:41.538+00:00,2026-09-14T02:18:47.691+00:00,False,97,96.0,,96.0,293870.035474,300022.94273799995,300022.942535,3093.0200261340206,0.03258,293870.035474,29831.481277987456,89.84137400000002,64.092784,21.34578112131055,0.31997552961752534,18,64,,False,False,Request timeout: 300.0s exceeded,317,21.16838264042747
155,2026-09-14T02:13:50.168+00:00,2026-09-14T02:18:44.021+00:00,2026-09-14T02:18:50.260+00:00,False,95,94.0,,94.0,293853.446896,300091.96184,300091.961816,3158.862755957895,0.02187,293853.446896,30141.925408369865,91.02747,66.36718025531914,20.677933504693204,0.31323731373424113,18,64,,False,False,Request timeout: 300.0s exceeded,379,21.16838264042747
156,2026-09-14T02:13:52.976+00:00,2026-09-14T02:18:46.558+00:00,2026-09-14T02:18:52.982+00:00,False,95,94.0,,94.0,293582.04987800005,300006.54447,300006.54434400005,3157.9636246736845,0.02585,293582.04987800005,30113.877492372478,90.03811140000002,68.34568714893616,20.402919276288674,0.3133264981471089,18,64,,False,False,Request timeout: 300.0s exceeded,360,21.16838264042747
157,2026-09-14T02:13:56.776+00:00,2026-09-14T02:18:50.259+00:00,2026-09-14T02:18:56.793+00:00,False,99,98.0,,98.0,293483.774654,300017.48627,300017.48612,3030.479657777778,0.01995,293483.774654,29489.534953590966,87.54526300000002,66.67052669387755,19.56536535126969,0.3266476271713214,18,64,,False,False,Request timeout: 300.0s exceeded,434,21.16838264042747
158,2026-09-14T02:14:01.353+00:00,2026-09-14T02:18:54.955+00:00,2026-09-14T02:19:01.430+00:00,False,106,105.0,,105.0,293602.02531,300076.75299,300076.753111,2830.912765198113,0.01569,293602.02531,28511.718165133505,91.38189249999999,61.66407314285714,179.2136360342969,0.34991047774866824,18,64,,False,False,Request timeout: 300.0s exceeded,480,21.16838264042747
159,2026-09-14T02:14:05.338+00:00,2026-09-14T02:18:59.785+00:00,2026-09-14T02:19:05.377+00:00,False,87,86.0,,86.0,294447.52675300004,300038.841185,300038.84102200007,3448.722310597702,0.03798,294447.52675300004,31561.125962550504,90.18187590000001,65.01528409302325,22.467566510245042,0.28662955656122374,18,64,,False,False,Request timeout: 300.0s exceeded,425,21.16838264042747
160,2026-09-14T02:14:08.368+00:00,2026-09-14T02:19:01.935+00:00,2026-09-14T02:19:08.400+00:00,False,99,98.0,,98.0,293567.06631,300031.89651800005,300031.89657100005,3030.625217888889,0.024390000000000002,293567.06631,29497.977267178692,89.9731249,65.96765518367347,20.382985973841706,0.3266319385949707,18,64,,False,False,Request timeout: 300.0s exceeded,397,21.16838264042747
161,2026-09-14T02:14:11.550+00:00,2026-09-14T02:19:05.157+00:00,2026-09-14T02:19:11.571+00:00,False,93,92.0,,92.0,293606.42035000003,300020.98265400005,300020.98259800003,3226.0320709462367,0.037200000000000004,293606.42035000003,30438.343633467153,88.465241,69.72350330434783,19.38763049498904,0.30664521923154703,18,64,,False,False,Request timeout: 300.0s exceeded,470,21.16838264042747
162,2026-09-14T02:14:14.435+00:00,2026-09-14T02:19:08.318+00:00,2026-09-14T02:19:14.448+00:00,False,88,87.0,,87.0,293882.71723799995,300012.958006,300012.95820799994,3409.2381614545448,0.02129,293882.71723799995,31320.497332682145,87.31207170000002,70.46253756321839,19.0799960022397,0.28998747446855305,18,64,,False,False,Request timeout: 300.0s exceeded,323,21.16838264042747
163,2026-09-14T02:14:17.111+00:00,2026-09-14T02:19:10.977+00:00,2026-09-14T02:19:17.151+00:00,False,90,89.0,,89.0,293866.076772,300040.314212,300040.314168,3333.7812685333333,0.04329,293866.076772,30968.89830831231,90.03937894999999,69.37345438202247,20.31847310477038,0.29662680574689415,18,64,,False,False,Request timeout: 300.0s exceeded,345,21.16838264042747
164,2026-09-14T02:14:20.778+00:00,2026-09-14T02:19:14.629+00:00,2026-09-14T02:19:20.788+00:00,False,87,86.0,,86.0,293851.125022,300009.58723,300009.587322,3448.3860611724135,0.02144,293851.125022,31496.47654075514,90.46854760000001,71.6100256744186,20.338386836675824,0.2866575058285346,18,64,,False,False,Request timeout: 300.0s exceeded,419,21.16838264042747
165,2026-09-14T02:14:23.810+00:00,2026-09-14T02:19:17.490+00:00,2026-09-14T02:19:23.822+00:00,False,92,91.0,,91.0,293680.134029,300012.537229,300012.53720200004,3261.005839152174,0.02019,293680.134029,30611.022080254672,88.73820855,69.58684835164834,20.023590221338807,0.30332065733152863,18,64,,False,False,Request timeout: 300.0s exceeded,437,21.16838264042747
166,2026-09-14T02:14:28.076+00:00,2026-09-14T02:19:22.082+00:00,2026-09-14T02:19:28.152+00:00,False,98,97.0,,97.0,294005.20277,300075.84341,300075.843427,3061.998402316326,0.0,294005.20277,29692.763626308348,94.27735854999999,62.58392412371134,67.1684930781459,0.32325161165161453,18,64,,False,False,Request timeout: 300.0s exceeded,439,21.16838264042747
167,2026-09-14T02:14:31.952+00:00,2026-09-14T02:19:25.514+00:00,2026-09-14T02:19:32.070+00:00,False,107,106.0,,106.0,293561.847809,300117.692673,300117.69254899997,2804.8382481214953,0.0,293561.847809,28373.789351942683,94.3294796,61.84759305660378,64.83552892504072,0.3531947718773605,18,64,,False,False,Request timeout: 300.0s exceeded,543,21.16838264042747
168,2026-09-14T02:14:33.588+00:00,2026-09-14T02:19:26.925+00:00,2026-09-14T02:19:33.633+00:00,False,112,111.0,,111.0,293337.033243,300044.483355,300044.483242,2678.968600375,0.033100000000000004,293337.033243,27712.041618766554,89.31760720000003,60.427478486486486,20.04284786834041,0.3699451453292327,18,64,,False,False,Request timeout: 300.0s exceeded,477,21.16838264042747
169,2026-09-14T02:14:37.457+00:00,2026-09-14T02:19:31.118+00:00,2026-09-14T02:19:37.490+00:00,False,105,104.0,,104.0,293661.093089,300032.739809,300032.739779,2857.4546645619043,0.02662,293661.093089,28652.41618108286,88.81594639999999,61.265833846153846,19.97737823026934,0.3466288381268195,18,64,,False,False,Request timeout: 300.0s exceeded,495,21.16838264042747
170,2026-09-14T02:14:41.453+00:00,2026-09-14T02:19:35.169+00:00,2026-09-14T02:19:41.502+00:00,False,93,92.0,,92.0,293715.927727,300048.60151899996,300048.601536,3226.3290487741933,0.03984,293715.927727,30449.791477720082,88.6772088,68.83341078260871,19.64366100269431,0.3066169931612705,18,64,,False,False,Request timeout: 300.0s exceeded,487,21.16838264042747
171,2026-09-14T02:14:44.117+00:00,2026-09-14T02:19:38.086+00:00,2026-09-14T02:19:44.211+00:00,False,91,90.0,,90.0,293969.28619099996,300094.20599899994,300094.20612399996,3297.7385288351643,0.044789,293969.28619099996,30809.22693140054,87.431545,68.05466453333334,20.096034495505954,0.29990582357428097,18,64,,False,False,Request timeout: 300.0s exceeded,463,21.16838264042747
172,2026-09-14T02:14:46.671+00:00,2026-09-14T02:19:40.020+00:00,2026-09-14T02:19:46.686+00:00,False,99,98.0,,98.0,293348.957383,300014.622663,300014.622824,3030.4507355959595,0.045090000000000005,293348.957383,29475.85012776182,89.01937190000001,68.01699265306122,19.780270942242606,0.32665074498745783,18,64,,False,False,Request timeout: 300.0s exceeded,451,21.16838264042747
173,2026-09-14T02:14:49.478+00:00,2026-09-14T02:19:42.929+00:00,2026-09-14T02:19:49.560+00:00,False,100,99.0,,99.0,293450.827346,300081.923154,300081.9231,3000.819231,0.02544,293450.827346,29338.39149967415,88.642244,66.98076573737374,20.137979726134805,0.32990990913236,18,64,,False,False,Request timeout: 300.0s exceeded,524,21.16838264042747
174,2026-09-14T02:14:53.003+00:00,2026-09-14T02:19:46.437+00:00,2026-09-14T02:19:53.021+00:00,False,102,101.0,,101.0,293434.082957,300018.267277,300018.267171,2941.3555605,0.03688,293434.082957,29047.856266321643,89.5463641,65.18994376237623,20.845999721716307,0.3366461679706623,18,64,,False,False,Request timeout: 300.0s exceeded,407,21.16838264042747
175,2026-09-14T02:14:55.680+00:00,2026-09-14T02:19:49.392+00:00,2026-09-14T02:19:55.728+00:00,False,92,91.0,,91.0,293711.722885,300047.719557,300047.719464,3261.3882550434782,0.04175,293711.722885,30614.31140608296,89.445913,69.62633705494505,20.14308505607334,0.3032850912326722,18,64,,False,False,Request timeout: 300.0s exceeded,476,21.16838264042747
176,2026-09-14T02:14:59.415+00:00,2026-09-14T02:19:53.109+00:00,2026-09-14T02:19:59.540+00:00,False,94,93.0,,93.0,293693.46384399995,300125.16099599993,300125.16115999996,3192.820863404255,0.02639,293693.46384399995,30285.04062828979,87.466424,69.15803389247311,18.983037479859327,0.3098707209064671,18,64,,False,False,Request timeout: 300.0s exceeded,447,21.16838264042747
177,2026-09-14T02:15:03.225+00:00,2026-09-14T02:19:56.901+00:00,2026-09-14T02:20:03.307+00:00,False,98,97.0,,97.0,293676.00194199994,300082.2805979999,300082.28041799995,3062.0640858979586,0.06301,293676.00194199994,29659.09111162761,88.01750299999999,66.0441098556701,19.75374302593985,0.3232446774487974,18,64,,False,False,Request timeout: 300.0s exceeded,399,21.16838264042747
178,2026-09-14T02:15:07.320+00:00,2026-09-14T02:20:01.274+00:00,2026-09-14T02:20:07.344+00:00,False,90,89.0,,89.0,293954.164075,300024.01341899997,300024.01340299996,3333.600148922222,0.03909000000000001,293954.164075,30978.307616214155,89.7258565,68.20055442696629,21.01344511176509,0.29664292196407166,18,64,,False,False,Request timeout: 300.0s exceeded,472,21.16838264042747
179,2026-09-14T02:15:10.735+00:00,2026-09-14T02:20:03.836+00:00,2026-09-14T02:20:10.778+00:00,False,106,105.0,,105.0,293101.10405900003,300042.70969100005,300042.709616,2830.5916001509436,0.022690000000000002,293101.10405900003,28462.082147637422,90.2116095,66.11052982857143,20.773148667947737,0.34995017911994797,18,64,,False,False,Request timeout: 300.0s exceeded,394,21.16838264042747
180,2026-09-14T02:15:15.009+00:00,2026-09-14T02:20:08.426+00:00,2026-09-14T02:20:15.065+00:00,False,99,98.0,,98.0,293417.058027,300056.59441099997,300056.594381,3030.8746907171717,0.02925,293417.058027,29482.721763421287,89.43605,67.75037126530611,20.47332219010867,0.3266050532646029,18,64,,False,False,Request timeout: 300.0s exceeded,592,21.16838264042747
181,2026-09-14T02:15:18.715+00:00,2026-09-14T02:20:12.498+00:00,2026-09-14T02:20:18.743+00:00,False,92,91.0,,91.0,293783.12875,300028.396462,300028.396478,3261.178222586956,0.02135,293783.12875,30621.860003245696,88.66743455,68.62931551648352,20.259826833849345,0.30330462407256037,18,64,,False,False,Request timeout: 300.0s exceeded,388,21.16838264042747
182,2026-09-14T02:15:22.461+00:00,2026-09-14T02:20:16.091+00:00,2026-09-14T02:20:22.538+00:00,False,85,84.0,,84.0,293629.964367,300076.51899099996,300076.51889799995,3530.311987035294,0.036299,293629.964367,31840.385888004366,90.34964719999999,76.7446979047619,66.54941310425765,0.2799286004864625,18,64,,False,False,Request timeout: 300.0s exceeded,430,21.16838264042747
183,2026-09-14T02:15:25.546+00:00,2026-09-14T02:20:19.415+00:00,2026-09-14T02:20:25.592+00:00,False,95,94.0,,94.0,293868.861736,300045.889576,300045.889687,3158.377786178947,0.0,293868.861736,30143.64155653328,90.1210397,65.71306212765957,67.38864692290441,0.3132854115509898,18,64,,False,False,Request timeout: 300.0s exceeded,467,21.16838264042747
184,2026-09-14T02:15:28.380+00:00,2026-09-14T02:20:22.539+00:00,2026-09-14T02:20:28.465+00:00,False,102,101.0,,101.0,294158.926821,300084.506085,300084.506004,2942.0049608235295,0.0,294158.926821,29120.27795478443,86.65908805,58.66910162376238,27.862694189492924,0.33657185876631496,18,64,,False,False,Request timeout: 300.0s exceeded,460,21.16838264042747
185,2026-09-14T02:15:32.089+00:00,2026-09-14T02:20:25.885+00:00,2026-09-14T02:20:32.101+00:00,False,94,93.0,,93.0,293796.207147,300011.280427,300011.280488,3191.6093668936173,0.028030000000000003,293796.207147,30295.87863727149,88.3769298,66.82874494623655,19.928422842687528,0.30998834399704894,18,64,,False,False,Request timeout: 300.0s exceeded,474,21.16838264042747
186,2026-09-14T02:15:35.413+00:00,2026-09-14T02:20:28.800+00:00,2026-09-14T02:20:35.428+00:00,False,96,95.0,,95.0,293386.938105,300014.877433,300014.87747400004,3125.1549736875,0.022170000000000002,293386.938105,29936.564947197203,88.06919875,69.7677824,19.999695917669065,0.31665096348835436,18,64,,False,False,Request timeout: 300.0s exceeded,488,21.16838264042747
187,2026-09-14T02:15:39.923+00:00,2026-09-14T02:20:33.372+00:00,2026-09-14T02:20:39.951+00:00,False,91,90.0,,90.0,293448.93016399996,300027.82936399995,300027.82936599996,3297.0091139120873,0.0375,293448.93016399996,30754.149651574404,91.46131700000002,73.09888,19.497753262844615,0.29997217321733893,18,64,,False,False,Request timeout: 300.0s exceeded,398,21.16838264042747
188,2026-09-14T02:15:43.921+00:00,2026-09-14T02:20:37.592+00:00,2026-09-14T02:20:43.963+00:00,False,92,91.0,,91.0,293671.67528100003,300042.35892900004,300042.358934,3261.329988413044,0.028059999999999998,293671.67528100003,30610.096696368873,89.3771651,70.00751261538461,20.570522751168625,0.3032905097960972,18,64,,False,False,Request timeout: 300.0s exceeded,430,21.16838264042747
189,2026-09-14T02:15:47.346+00:00,2026-09-14T02:20:41.043+00:00,2026-09-14T02:20:47.382+00:00,False,94,93.0,,93.0,293697.70251,300036.345454,300036.34563,3191.8760173404253,0.026809999999999997,293697.70251,30285.581968367922,88.94278400000002,68.1574510107527,20.46223903185416,0.3099624475803991,18,64,,False,False,Request timeout: 300.0s exceeded,304,21.16838264042747
190,2026-09-14T02:15:50.032+00:00,2026-09-14T02:20:43.788+00:00,2026-09-14T02:20:50.114+00:00,False,92,91.0,,91.0,293755.23201,300081.191434,300081.191457,3261.7520810543474,0.044469999999999996,293755.23201,30618.86035956283,91.2661291,69.51603762637363,22.072187048147534,0.30325126198392405,18,64,,False,False,Request timeout: 300.0s exceeded,354,21.16838264042747
191,2026-09-14T02:15:52.955+00:00,2026-09-14T02:20:46.868+00:00,2026-09-14T02:20:52.997+00:00,False,91,90.0,,90.0,293912.99979900004,300042.082935,300042.082851,3297.1657456153853,0.022699999999999998,293912.99979900004,30803.32272954716,91.0385325,68.10092373333333,21.681314152096704,0.29995792296741675,18,64,,False,False,Request timeout: 300.0s exceeded,385,21.16838264042747
192,2026-09-14T02:15:56.128+00:00,2026-09-14T02:20:49.983+00:00,2026-09-14T02:20:56.175+00:00,False,95,94.0,,94.0,293855.448743,300047.28311099997,300047.283152,3158.392454231579,0.02777,293855.448743,30142.18136973416,89.7231324,65.87057838297872,20.11941345608728,0.31328395653302915,18,64,,False,False,Request timeout: 300.0s exceeded,435,21.16838264042747
193,2026-09-14T02:15:59.272+00:00,2026-09-14T02:20:53.563+00:00,2026-09-14T02:20:59.356+00:00,False,84,83.0,,83.0,294291.251275,300084.085835,300084.085767,3572.4295924642856,0.02558,294291.251275,32102.19878080338,87.6290993,69.79318746987953,19.510952870907914,0.27658914256998357,18,64,,False,False,Request timeout: 300.0s exceeded,378,21.16838264042747
194,2026-09-14T02:16:02.156+00:00,2026-09-14T02:20:56.012+00:00,2026-09-14T02:21:02.225+00:00,False,91,90.0,,90.0,293855.899606,300068.974294,300068.974271,3297.4612557252744,0.08177,293855.899606,30797.238019814937,90.10936999999998,69.03416320000001,19.954293723791224,0.2999310415605323,18,64,,False,False,Request timeout: 300.0s exceeded,489,21.16838264042747
195,2026-09-14T02:16:06.402+00:00,2026-09-14T02:20:59.902+00:00,2026-09-14T02:21:06.428+00:00,False,98,97.0,,97.0,293499.466208,300025.888992,300025.88907100004,3061.4886639897964,0.039810000000000005,293499.466208,29641.133413224332,88.53833,67.28270911340206,20.08070898644176,0.32330543316075777,18,64,,False,False,Request timeout: 300.0s exceeded,469,21.16838264042747
196,2026-09-14T02:16:08.889+00:00,2026-09-14T02:21:02.681+00:00,2026-09-14T02:21:08.920+00:00,False,92,91.0,,91.0,293791.380392,300030.561192,300030.56128100003,3261.201753054348,0.02241,293791.380392,30622.72728046136,90.21121495,68.56242637362637,20.276121396293092,0.30330243572009297,18,64,,False,False,Request timeout: 300.0s exceeded,476,21.16838264042747
197,2026-09-14T02:16:12.395+00:00,2026-09-14T02:21:06.299+00:00,2026-09-14T02:21:12.430+00:00,False,89,88.0,,88.0,293904.11051599996,300035.62155599997,300035.62149299996,3371.186758348314,0.027029,293904.11051599996,31146.394281673012,89.80359200000001,69.67626181818181,20.304895382343478,0.2932985075026343,18,64,,False,False,Request timeout: 300.0s exceeded,424,21.16838264042747
198,2026-09-14T02:16:15.136+00:00,2026-09-14T02:21:08.708+00:00,2026-09-14T02:21:15.168+00:00,False,94,93.0,,93.0,293572.06998000003,300032.21999600006,300032.219912,3191.8321267234046,0.02089,293572.06998000003,30272.489123956642,90.34832300000002,69.46397866666668,20.33689994805039,0.309966709579524,18,64,,False,False,Request timeout: 300.0s exceeded,515,21.16838264042747
199,2026-09-14T02:16:18.878+00:00,2026-09-14T02:21:12.597+00:00,2026-09-14T02:21:18.939+00:00,False,100,99.0,,99.0,293719.536805,300061.578405,300061.578347,3000.6157834699998,0.0,293719.536805,29365.622691781937,88.85430790000001,64.06102626262626,66.75733067634914,0.32993227765527994,18,64,,False,False,Request timeout: 300.0s exceeded,502,21.16838264042747
200,2026-09-14T02:16:23.377+00:00,2026-09-14T02:21:17.400+00:00,2026-09-14T02:21:23.406+00:00,False,93,92.0,,92.0,294022.96447,300029.394166,300029.394202,3226.122518301075,0.03492,294022.96447,30481.997997437247,88.79144260000001,65.28727930434783,20.537251990985308,0.3066366222407472,18,64,,False,False,Request timeout: 300.0s exceeded,434,21.16838264042747
201,2026-09-14T02:16:27.874+00:00,2026-09-14T02:21:21.496+00:00,2026-09-14T02:21:27.898+00:00,False,95,94.0,,94.0,293621.130321,300023.938129,300023.93819200003,3158.1467178105263,0.040598999999999996,293621.130321,30117.91024036999,88.1510957,68.11497668085106,19.65803790986024,0.313308333282337,18,64,,False,False,Request timeout: 300.0s exceeded,462,21.16838264042747
202,2026-09-14T02:16:30.490+00:00,2026-09-14T02:21:24.164+00:00,2026-09-14T02:21:30.538+00:00,False,94,93.0,,93.0,293674.151757,300048.567629,300048.567631,3192.0060386276596,0.02184,293674.151757,30283.113070230636,89.70509515000002,68.54210615053763,20.236530934105968,0.309949821573524,18,64,,False,False,Request timeout: 300.0s exceeded,342,21.16838264042747
203,2026-09-14T02:16:33.120+00:00,2026-09-14T02:21:26.840+00:00,2026-09-14T02:21:33.139+00:00,False,98,97.0,,97.0,293719.348312,300018.542424,300018.542525,3061.413699234694,0.03741,293719.348312,29663.5822779901,90.28416500000002,64.94014548453607,21.225066442638067,0.3233133499559342,18,64,,False,False,Request timeout: 300.0s exceeded,483,21.16838264042747
204,2026-09-14T02:16:36.921+00:00,2026-09-14T02:21:30.621+00:00,2026-09-14T02:21:36.946+00:00,False,97,96.0,,96.0,293699.574188,300024.889516,300024.889496,3093.0400978969074,0.02262,293699.574188,29813.990966025816,91.49625599999999,65.88870133333333,20.99410740686452,0.31997345338537464,18,64,,False,False,Request timeout: 300.0s exceeded,446,21.16838264042747
205,2026-09-14T02:16:39.680+00:00,2026-09-14T02:21:34.075+00:00,2026-09-14T02:21:39.688+00:00,False,82,81.0,,81.0,294395.059461,300007.24659700005,300007.246774,3658.624960658537,0.02475,294395.059461,32502.850363767575,88.38841199999999,69.28626093827161,19.98191968106026,0.2699934782202356,18,64,,False,False,Request timeout: 300.0s exceeded,334,21.16838264042747
206,2026-09-14T02:16:42.188+00:00,2026-09-14T02:21:36.278+00:00,2026-09-14T02:21:42.198+00:00,False,89,88.0,,88.0,294089.533015,300010.198103,300010.198118,3370.901102449438,0.027190000000000002,294089.533015,31166.302729725467,86.608001,67.28028509090909,19.88719861066578,0.2933233621938001,18,64,,False,False,Request timeout: 300.0s exceeded,424,21.16838264042747
207,2026-09-14T02:16:46.121+00:00,2026-09-14T02:21:39.513+00:00,2026-09-14T02:21:46.393+00:00,False,77,76.0,,76.0,293392.042924,300271.328172,300271.328212,3899.627639116883,0.03755,293392.042924,33425.639647898635,89.29350720000001,90.51691115789473,236.92905912708483,0.2531044188024041,18,64,,False,False,Request timeout: 300.0s exceeded,350,21.16838264042747
208,2026-09-14T02:16:49.520+00:00,2026-09-14T02:21:42.943+00:00,2026-09-14T02:21:49.563+00:00,False,111,110.0,,110.0,293423.41103200003,300043.266392,300043.26655700005,2703.092491504505,0.01509,293423.41103200003,27845.57594260898,89.77542600000001,60.18050327272727,208.07387027560688,0.36661379314637704,18,64,,False,False,Request timeout: 300.0s exceeded,550,21.16838264042747
209,2026-09-14T02:16:53.355+00:00,2026-09-14T02:21:47.619+00:00,2026-09-14T02:21:53.401+00:00,False,88,87.0,,87.0,294264.272162,300046.392866,300046.392875,3409.6181008522726,0.02198,294264.272162,31361.597978387876,87.7937219,66.46115751724138,19.430775981627047,0.28995516049697684,18,64,,False,False,Request timeout: 300.0s exceeded,431,21.16838264042747
210,2026-09-14T02:16:57.314+00:00,2026-09-14T02:21:51.037+00:00,2026-09-14T02:21:57.346+00:00,False,94,93.0,,93.0,293722.80714,300032.01648399996,300032.016542,3191.829963212766,0.05611,293722.80714,30288.203375726887,89.42807264999999,67.84096068817205,19.57430107480954,0.30996691983023583,18,64,,False,False,Request timeout: 300.0s exceeded,398,21.16838264042747
211,2026-09-14T02:17:01.087+00:00,2026-09-14T02:21:54.704+00:00,2026-09-14T02:22:01.119+00:00,False,96,95.0,,95.0,293617.329188,300032.204068,300032.204076,3125.335459125,0.019629999999999998,293617.329188,29960.308165945098,88.6117595,67.52499873684211,20.194597679466465,0.3166326771324487,18,64,,False,False,Request timeout: 300.0s exceeded,469,21.16838264042747
212,2026-09-14T02:17:03.699+00:00,2026-09-14T02:21:57.430+00:00,2026-09-14T02:22:03.739+00:00,False,94,93.0,,93.0,293730.98435900005,300040.05776700005,300040.05792100006,3191.915509797873,0.02632,293730.98435900005,30289.047522343873,89.99767965000001,67.83949901075269,20.462045005694918,0.30995861250040263,18,64,,False,False,Request timeout: 300.0s exceeded,388,21.16838264042747
213,2026-09-14T02:17:07.080+00:00,2026-09-14T02:22:00.981+00:00,2026-09-14T02:22:07.107+00:00,False,92,91.0,,91.0,293900.93407300004,300027.687097,300027.68709200004,3261.170511869566,0.04228,293900.93407300004,30634.277973431286,89.6890695,67.3269563076923,20.470582044559173,0.3033053411853266,18,64,,False,False,Request timeout: 300.0s exceeded,438,21.16838264042747
214,2026-09-14T02:17:10.150+00:00,2026-09-14T02:22:03.571+00:00,2026-09-14T02:22:10.234+00:00,False,101,100.0,,100.0,293420.576931,300083.84886699996,300083.848785,2971.127215693069,0.02445,293420.576931,29189.815159184436,90.03824,66.63271936,19.907465039469532,0.33324019395765936,18,64,,False,False,Request timeout: 300.0s exceeded,425,21.16838264042747
215,2026-09-14T02:17:13.085+00:00,2026-09-14T02:22:06.853+00:00,2026-09-14T02:22:13.101+00:00,False,101,100.0,,100.0,293768.911757,300016.65524500003,300016.65513900004,2970.4619320693073,0.0,293768.911757,29224.957799879932,89.83117999999999,62.477434880000004,66.66937294696696,0.33331482853289546,18,64,,False,False,Request timeout: 300.0s exceeded,490,21.16838264042747
216,2026-09-14T02:17:16.391+00:00,2026-09-14T02:22:10.154+00:00,2026-09-14T02:22:16.446+00:00,False,102,101.0,,101.0,293762.426154,300054.28177,300054.281813,2941.7086452254903,0.0,293762.426154,29080.72143271373,91.17675775000002,62.29560015841584,66.45025007624946,0.3366057614782492,18,64,,False,False,Request timeout: 300.0s exceeded,514,21.16838264042747
217,2026-09-14T02:17:20.292+00:00,2026-09-14T02:22:14.053+00:00,2026-09-14T02:22:20.332+00:00,False,91,90.0,,90.0,293760.67545499996,300039.778687,300039.77845,3297.1404225274723,0.02496,293760.67545499996,30787.17845352333,87.93895350000001,69.7678136888889,19.226749510588466,0.29996022658678057,18,64,,False,False,Request timeout: 300.0s exceeded,312,21.16838264042747
218,2026-09-14T02:17:23.668+00:00,2026-09-14T02:22:17.328+00:00,2026-09-14T02:22:23.683+00:00,False,94,93.0,,93.0,293660.470527,300015.30675100005,300015.306662,3191.652198531915,0.02566,293660.470527,30281.723392436943,90.96867465,68.33157230107527,19.805413567395885,0.3099841838309471,18,64,,False,False,Request timeout: 300.0s exceeded,380,21.16838264042747
219,2026-09-14T02:17:27.430+00:00,2026-09-14T02:22:21.142+00:00,2026-09-14T02:22:27.477+00:00,False,95,94.0,,94.0,293711.507245,300046.240045,300046.240193,3158.3814757157893,0.0207,293711.507245,30127.257457897358,88.5117507,67.39077446808511,20.33010515046226,0.313285045617976,18,64,,False,False,Request timeout: 300.0s exceeded,494,21.16838264042747
220,2026-09-14T02:17:32.012+00:00,2026-09-14T02:22:26.221+00:00,2026-09-14T02:22:32.108+00:00,False,86,85.0,,85.0,294209.260347,300096.55225099996,300096.55214,3489.494792325581,0.03268,294209.260347,31717.938223123678,89.7425475,69.26225769411765,20.45627130319923,0.283242174434934,18,64,,False,False,Request timeout: 300.0s exceeded,389,21.16838264042747
221,2026-09-14T02:17:35.183+00:00,2026-09-14T02:22:28.714+00:00,2026-09-14T02:22:35.214+00:00,False,93,92.0,,92.0,293531.923182,300031.647726,300031.647722,3226.146749698925,0.02122,293531.923182,30430.524090143706,92.3654752,70.64917982608695,21.551601142948726,0.30663431907029287,18,64,,False,False,Request timeout: 300.0s exceeded,451,21.16838264042747
222,2026-09-14T02:17:37.985+00:00,2026-09-14T02:22:31.671+00:00,2026-09-14T02:22:38.024+00:00,False,93,92.0,,92.0,293685.59220300004,300038.971275,300038.97129200003,3226.225497763441,0.01959,293685.59220300004,30446.624035330995,92.9722876,69.05846817391304,21.926667033606893,0.3066268345376962,18,64,,False,False,Request timeout: 300.0s exceeded,400,21.16838264042747
223,2026-09-14T02:17:42.475+00:00,2026-09-14T02:22:35.936+00:00,2026-09-14T02:22:42.546+00:00,False,95,94.0,,94.0,293461.027065,300071.315449,300071.31526199996,3158.645423810526,0.0263,293461.027065,30101.258444240884,91.6758437,70.32221685106383,21.01298077787813,0.3132588660110573,18,64,,False,False,Request timeout: 300.0s exceeded,451,21.16838264042747
224,2026-09-14T02:17:45.944+00:00,2026-09-14T02:22:39.554+00:00,2026-09-14T02:22:45.962+00:00,False,93,92.0,,92.0,293610.355446,300018.011638,300018.011451,3226.000123129032,0.06063,293610.355446,30438.76039069405,91.3599052,69.64843686956522,20.80068273523055,0.3066482558754061,18,64,,False,False,Request timeout: 300.0s exceeded,437,21.16838264042747
225,2026-09-14T02:17:48.992+00:00,2026-09-14T02:22:42.675+00:00,2026-09-14T02:22:49.049+00:00,False,95,94.0,,94.0,293683.159977,300057.409705,300057.409573,3158.499048136842,0.02368,293683.159977,30124.306064356755,92.07231099999998,67.81116731914894,20.48703242783539,0.3132733835582186,18,64,,False,False,Request timeout: 300.0s exceeded,422,21.16838264042747
226,2026-09-14T02:17:51.769+00:00,2026-09-14T02:22:45.093+00:00,2026-09-14T02:22:51.845+00:00,False,100,99.0,,99.0,293323.05091399996,300075.52861,300075.52869099996,3000.7552869099995,0.019989999999999997,293323.05091399996,29325.49056656628,87.9565895,68.20684541414141,19.104026749491368,0.3299169394404954,18,64,,False,False,Request timeout: 300.0s exceeded,414,21.16838264042747
227,2026-09-14T02:17:55.743+00:00,2026-09-14T02:22:49.208+00:00,2026-09-14T02:22:55.807+00:00,False,99,98.0,,98.0,293465.83715,300064.615774,300064.61582099996,3030.955715363636,0.0237,293465.83715,29487.665440114433,87.60957769999999,67.33447575510203,19.569441251056556,0.32659632241947106,18,64,,False,False,Request timeout: 300.0s exceeded,443,21.16838264042747
228,2026-09-14T02:17:58.698+00:00,2026-09-14T02:22:52.775+00:00,2026-09-14T02:22:58.793+00:00,False,89,88.0,,88.0,294077.46466399997,300095.65884,300095.65875099995,3371.8613342808985,0.03183,294077.46466399997,31164.906553399556,90.78057000000001,68.38857018181818,20.73142192224724,0.2932398300600489,18,64,,False,False,Request timeout: 300.0s exceeded,415,21.16838264042747
229,2026-09-14T02:18:01.407+00:00,2026-09-14T02:22:55.333+00:00,2026-09-14T02:23:01.418+00:00,False,90,89.0,,89.0,293925.78212800005,300010.93771200004,300010.93770500005,3333.4548633888894,0.03111,293925.78212800005,30975.297764753224,90.1849905,68.37253465168538,21.0075758473203,0.2966558508791332,18,64,,False,False,Request timeout: 300.0s exceeded,429,21.16838264042747
230,2026-09-14T02:18:05.086+00:00,2026-09-14T02:22:58.877+00:00,2026-09-14T02:23:05.109+00:00,False,92,91.0,,91.0,293791.62230800005,300023.17891600006,300023.1789250001,3261.121510054348,0.02289,293791.62230800005,30622.761372729594,90.00390859999999,68.47864404395604,20.48243468285437,0.3033098986844547,18,64,,False,False,Request timeout: 300.0s exceeded,398,21.16838264042747
231,2026-09-14T02:18:08.176+00:00,2026-09-14T02:23:02.143+00:00,2026-09-14T02:23:08.190+00:00,False,96,95.0,,95.0,293967.061543,300014.489895,300014.490028,3125.1509377916664,0.0,293967.061543,29996.46602246664,90.66444849999999,63.65714054736842,67.62263303440702,0.3166513725162021,18,64,,False,False,Request timeout: 300.0s exceeded,484,21.16838264042747
232,2026-09-14T02:18:12.558+00:00,2026-09-14T02:23:06.666+00:00,2026-09-14T02:23:12.565+00:00,False,90,89.0,,89.0,294108.18643400003,300006.519618,300006.519764,3333.405775155556,0.04261,294108.18643400003,30994.74529357176,88.42528185,66.27340656179776,19.72043138502628,0.29666021962897404,18,64,,False,False,Request timeout: 300.0s exceeded,460,21.16838264042747
233,2026-09-14T02:18:15.608+00:00,2026-09-14T02:23:09.335+00:00,2026-09-14T02:23:15.648+00:00,False,91,90.0,,90.0,293727.006043,300039.28124299995,300039.281309,3297.13495943956,0.02068,293727.006043,30783.610594807848,88.50281350000002,70.13639111111111,19.693480409311007,0.2999607238997135,18,64,,False,False,Request timeout: 300.0s exceeded,358,21.16838264042747
234,2026-09-14T02:18:19.575+00:00,2026-09-14T02:23:13.247+00:00,2026-09-14T02:23:19.661+00:00,False,89,88.0,,88.0,293672.17675800005,300085.73605400004,300085.73594000004,3371.7498420224724,0.039369999999999995,293672.17675800005,31121.469105072487,91.1327958,72.88135563636364,19.49264618797706,0.29324952647587527,18,64,,False,False,Request timeout: 300.0s exceeded,426,21.16838264042747
235,2026-09-14T02:18:23.021+00:00,2026-09-14T02:23:16.600+00:00,2026-09-14T02:23:23.050+00:00,False,99,98.0,,98.0,293578.48794099997,300028.802949,300028.802975,3030.593969444444,0.01893,293578.48794099997,29499.140362916147,89.6943258,65.81954089795919,20.806735801417638,0.32663530646642086,18,64,,False,False,Request timeout: 300.0s exceeded,451,21.16838264042747
236,2026-09-14T02:18:26.666+00:00,2026-09-14T02:23:20.447+00:00,2026-09-14T02:23:26.729+00:00,False,96,95.0,,95.0,293781.38455699995,300062.93489299994,300062.9347689999,3125.655570510416,0.019760000000000003,293781.38455699995,29977.195425434064,88.43195075000001,66.12158248421053,20.487403400364332,0.31660024932395014,18,64,,False,False,Request timeout: 300.0s exceeded,508,21.16838264042747
237,2026-09-14T02:18:29.460+00:00,2026-09-14T02:23:22.824+00:00,2026-09-14T02:23:29.505+00:00,False,99,98.0,,98.0,293363.628315,300045.265691,300045.265561,3030.760258191919,0.03554,293363.628315,29477.308511007384,89.4410799,68.1799732244898,20.196376426305587,0.32661738479461555,18,64,,False,False,Request timeout: 300.0s exceeded,398,21.16838264042747
238,2026-09-14T02:18:33.635+00:00,2026-09-14T02:23:26.896+00:00,2026-09-14T02:23:33.726+00:00,False,104,103.0,,103.0,293261.752547,300090.885603,300090.885631,2885.4892849134617,0.04029,293261.752547,28750.186575951604,89.78409814999999,66.30226267961166,20.58952527966689,0.34322935131146254,18,64,,False,False,Request timeout: 300.0s exceeded,229,21.16838264042747
239,2026-09-14T02:18:37.063+00:00,2026-09-14T02:23:30.609+00:00,2026-09-14T02:23:37.074+00:00,False,96,95.0,,95.0,293546.620271,300011.677295,300011.67725500005,3125.121638072917,0.02275,293546.620271,29953.038014341248,90.10776225,68.05323183157894,20.86968036987822,0.3166543411128193,18,64,,False,False,Request timeout: 300.0s exceeded,467,21.16838264042747
240,2026-09-14T02:18:39.567+00:00,2026-09-14T02:23:32.882+00:00,2026-09-14T02:23:39.639+00:00,False,101,100.0,,100.0,293314.789714,300071.49909,300071.499122,2971.0049418019803,0.038689999999999995,293314.789714,29179.19621351777,87.85886500000001,67.56709376,20.270213636095026,0.3332539088292659,18,64,,False,False,Request timeout: 300.0s exceeded,500,21.16838264042747
241,2026-09-14T02:18:43.721+00:00,2026-09-14T02:23:36.978+00:00,2026-09-14T02:23:43.727+00:00,False,101,100.0,,100.0,293257.044623,300006.433679,300006.433686,2970.3607295643565,0.037799,293257.044623,29173.45729838882,88.659283,67.49389056,19.75600622478115,0.33332618495441235,18,64,,False,False,Request timeout: 300.0s exceeded,417,21.16838264042747
242,2026-09-14T02:18:46.358+00:00,2026-09-14T02:23:40.176+00:00,2026-09-14T02:23:46.426+00:00,False,94,93.0,,93.0,293818.03534299997,300067.984527,300067.98446199996,3192.212600659574,0.023969999999999998,293818.03534299997,30298.090783662938,85.92416164999999,67.20375466666667,19.015366784742994,0.3099297652383568,18,64,,False,False,Request timeout: 300.0s exceeded,323,21.16838264042747
243,2026-09-14T02:18:50.345+00:00,2026-09-14T02:23:44.008+00:00,2026-09-14T02:23:50.366+00:00,False,95,94.0,,94.0,293662.53822000005,300020.89265200007,300020.89254900004,3158.1146584105268,0.03671,293662.53822000005,30122.207123722474,88.7732453,67.6420684255319,19.66410573763169,0.31331151363859316,18,64,,False,False,Request timeout: 300.0s exceeded,373,21.16838264042747
244,2026-09-14T02:18:54.553+00:00,2026-09-14T02:23:48.368+00:00,2026-09-14T02:23:54.605+00:00,False,91,90.0,,90.0,293815.552425,300051.953833,300051.953731,3297.2742168241757,0.02741,293815.552425,30792.98162737457,89.565691,69.29334897777778,20.43299322569163,0.299948055162778,18,64,,False,False,Request timeout: 300.0s exceeded,363,21.16838264042747
245,2026-09-14T02:18:59.288+00:00,2026-09-14T02:23:52.430+00:00,2026-09-14T02:23:59.374+00:00,False,105,104.0,,104.0,293142.326006,300086.227958,300086.228089,2857.964077038095,0.02287,293142.326006,28601.253374578115,89.1505,66.768288,20.894852059389073,0.346567054102049,18,64,,False,False,Request timeout: 300.0s exceeded,493,21.16838264042747
246,2026-09-14T02:19:01.015+00:00,2026-09-14T02:23:55.153+00:00,2026-09-14T02:24:01.353+00:00,False,92,91.0,,91.0,294137.635146,300338.385994,300338.38608100003,3264.5476747934786,0.04032,294137.635146,30658.934369020204,90.43032455000001,68.1401192087912,65.94652585673562,0.30299157298467316,18,64,,False,False,Request timeout: 300.0s exceeded,258,21.16838264042747
247,2026-09-14T02:19:03.767+00:00,2026-09-14T02:23:57.852+00:00,2026-09-14T02:24:03.823+00:00,False,100,99.0,,99.0,294085.320162,300056.24009800004,300056.240253,3000.5624025300003,0.0,294085.320162,29402.576862070975,94.41838995,60.31232258585858,67.22678382210343,0.3299381474875045,18,64,,False,False,Request timeout: 300.0s exceeded,402,21.16838264042747
248,2026-09-14T02:19:06.735+00:00,2026-09-14T02:24:00.697+00:00,2026-09-14T02:24:06.746+00:00,False,93,92.0,,92.0,293961.33600099996,300010.45139299997,300010.45144699997,3225.9188327634406,0.0,293961.33600099996,30475.629288388685,91.4918272,65.75125426086956,68.80239870418409,0.3066559833926726,18,64,,False,False,Request timeout: 300.0s exceeded,259,21.16838264042747
249,2026-09-14T02:19:10.001+00:00,2026-09-14T02:24:04.071+00:00,2026-09-14T02:24:10.079+00:00,False,92,91.0,,91.0,294069.20243199996,300077.725696,300077.72561399994,3261.714408847826,0.022109999999999998,294069.20243199996,30651.956398846643,87.2443916,66.02772817582418,20.144286692426732,0.30325476437457893,18,64,,False,False,Request timeout: 300.0s exceeded,405,21.16838264042747
250,2026-09-14T02:19:12.531+00:00,2026-09-14T02:24:06.116+00:00,2026-09-14T02:24:12.578+00:00,False,97,96.0,,96.0,293584.95046100003,300047.483581,300047.48346200003,3093.2730253814434,0.04244,293584.95046100003,29802.206347610787,86.966068,67.31805333333332,19.16971880789631,0.3199493588623419,18,64,,False,False,Request timeout: 300.0s exceeded,461,21.16838264042747
251,2026-09-14T02:19:15.185+00:00,2026-09-14T02:24:09.130+00:00,2026-09-14T02:24:15.244+00:00,False,90,89.0,,89.0,293944.27661799995,300058.71322599996,300058.71319499996,3333.985702166666,0.040310000000000006,293944.27661799995,30977.21156636649,87.91473695,68.70153492134831,19.445136728175402,0.29660861717075504,18,64,,False,False,Request timeout: 300.0s exceeded,417,21.16838264042747
252,2026-09-14T02:19:19.217+00:00,2026-09-14T02:24:13.410+00:00,2026-09-14T02:24:19.238+00:00,False,85,84.0,,84.0,294193.463121,300021.02100899996,300021.021075,3529.659071470588,0.04543,294193.463121,31902.24266176264,88.76532040000001,69.37568914285715,19.99400732754266,0.27998038176625023,18,64,,False,False,Request timeout: 300.0s exceeded,407,21.16838264042747
253,2026-09-14T02:19:22.265+00:00,2026-09-14T02:24:15.969+00:00,2026-09-14T02:24:22.288+00:00,False,92,91.0,,91.0,293703.944402,300022.852562,300022.852359,3261.117960423913,0.036289999999999996,293703.944402,30613.51970450363,88.67435950000001,69.43855120879121,19.649947461806292,0.3033102286139846,18,64,,False,False,Request timeout: 300.0s exceeded,469,21.16838264042747
254,2026-09-14T02:19:25.904+00:00,2026-09-14T02:24:19.453+00:00,2026-09-14T02:24:25.987+00:00,False,97,96.0,,96.0,293549.28975700005,300082.6058530001,300082.6058300001,3093.635111649485,0.039469000000000004,293549.28975700005,29798.510910124965,87.96082080000001,68.055376,19.514605899090927,0.3199119113455947,18,64,,False,False,Request timeout: 300.0s exceeded,438,21.16838264042747
255,2026-09-14T02:19:28.931+00:00,2026-09-14T02:24:22.758+00:00,2026-09-14T02:24:28.948+00:00,False,94,93.0,,93.0,293826.606269,300016.536509,300016.53642699996,3191.665281138298,0.02975,293826.606269,30299.042261907616,90.04955195000001,66.55838967741936,20.39945581637739,0.3099829132158859,18,64,,False,False,Request timeout: 300.0s exceeded,453,21.16838264042747
256,2026-09-14T02:19:32.446+00:00,2026-09-14T02:24:26.115+00:00,2026-09-14T02:24:32.519+00:00,False,97,96.0,,96.0,293669.015021,300073.088237,300073.088117,3093.5369908969074,0.02218,293669.015021,29810.80429847651,87.63144080000001,66.709096,20.179528370492797,0.31992205820262853,18,64,,False,False,Request timeout: 300.0s exceeded,274,21.16838264042747
257,2026-09-14T02:19:36.228+00:00,2026-09-14T02:24:30.018+00:00,2026-09-14T02:24:36.297+00:00,False,92,91.0,,91.0,293790.095214,300069.42807799997,300069.42805299995,3261.624217967391,0.036719,293790.095214,30622.546963146666,88.87366605,69.00365784615384,19.770704150097554,0.30326315007454036,18,64,,False,False,Request timeout: 300.0s exceeded,443,21.16838264042747
258,2026-09-14T02:19:39.012+00:00,2026-09-14T02:24:32.740+00:00,2026-09-14T02:24:39.058+00:00,False,92,91.0,,91.0,293728.29574000003,300045.940284,300045.94028800004,3261.3689161739135,0.0208,293728.29574000003,30616.060476102062,89.94866100000002,69.42466531868132,20.456014021092567,0.30328688971384354,18,64,,False,False,Request timeout: 300.0s exceeded,444,21.16838264042747
259,2026-09-14T02:19:42.785+00:00,2026-09-14T02:24:36.297+00:00,2026-09-14T02:24:42.821+00:00,False,93,92.0,,92.0,293511.787397,300035.752325,300035.75238,3226.1908858064517,0.02308,293511.787397,30428.407739647097,88.3937772,70.91266226086957,20.003703704240245,0.30663012420048263,18,64,,False,False,Request timeout: 300.0s exceeded,466,21.16838264042747
260,2026-09-14T02:19:45.284+00:00,2026-09-14T02:24:38.968+00:00,2026-09-14T02:24:45.353+00:00,False,91,90.0,,90.0,293684.395954,300069.351602,300069.351481,3297.46540089011,0.02278,293684.395954,30779.059595685758,90.653783,70.94395164444445,20.325188651281174,0.29993066442644367,18,64,,False,False,Request timeout: 300.0s exceeded,377,21.16838264042747
261,2026-09-14T02:19:49.551+00:00,2026-09-14T02:24:42.982+00:00,2026-09-14T02:24:49.609+00:00,False,111,110.0,,110.0,293431.066211,300057.456483,300057.456437,2703.2203282612613,0.015609999999999999,293431.066211,27846.268559713728,93.91321749999999,60.23991156363636,204.2130224658914,0.3665964555232845,18,64,,False,False,Request timeout: 300.0s exceeded,448,21.16838264042747
262,2026-09-14T02:19:52.196+00:00,2026-09-14T02:24:47.725+00:00,2026-09-14T02:24:52.245+00:00,False,68,67.0,,67.0,295528.586871,300049.399415,300049.399544,4412.491169764706,0.02047,295528.586871,35829.9301338825,95.495107,67.47481408955224,23.187234346373497,0.22329656426784555,18,64,,False,False,Request timeout: 300.0s exceeded,303,21.16838264042747
263,2026-09-14T02:19:54.743+00:00,2026-09-14T02:24:48.869+00:00,2026-09-14T02:24:54.800+00:00,False,85,84.0,,84.0,294126.05559299997,300057.165993,300057.16603799997,3530.0843063294114,0.04499,294126.05559299997,31894.79781911319,89.05460219999999,70.60845714285715,20.379868312256246,0.279946655238221,18,64,,False,False,Request timeout: 300.0s exceeded,126,21.16838264042747
264,2026-09-14T02:19:57.361+00:00,2026-09-14T02:24:51.144+00:00,2026-09-14T02:24:57.406+00:00,False,93,92.0,,92.0,293782.860986,300044.825274,300044.825252,3226.2884435698925,0.0,293782.860986,30456.883911554443,91.25056560000002,68.06482921739129,69.46128101031448,0.30662085212096524,18,64,,False,False,Request timeout: 300.0s exceeded,470,21.16838264042747
265,2026-09-14T02:20:01.871+00:00,2026-09-14T02:24:55.522+00:00,2026-09-14T02:25:01.879+00:00,False,99,98.0,,98.0,293651.302738,300007.412818,300007.412846,3030.3779075353536,0.0,293651.302738,29506.62559507319,86.27816499999999,64.85826612244898,68.07233736338164,0.3266585951309538,18,64,,False,False,Request timeout: 300.0s exceeded,462,21.16838264042747
266,2026-09-14T02:20:06.206+00:00,2026-09-14T02:24:59.786+00:00,2026-09-14T02:25:06.266+00:00,False,98,97.0,,97.0,293579.407882,300059.19181800005,300059.191929,3061.828489071429,0.02426,293579.407882,29649.257188192783,87.43610085,66.80189624742268,19.89915021654799,0.3232695502920472,18,64,,False,False,Request timeout: 300.0s exceeded,438,21.16838264042747
267,2026-09-14T02:20:08.813+00:00,2026-09-14T02:25:02.590+00:00,2026-09-14T02:25:08.848+00:00,False,93,92.0,,92.0,293777.307767,300035.428471,300035.428331,3226.187401408602,0.03666,293777.307767,30456.240780530312,89.20464399999999,68.02305113043478,20.351816093111402,0.306630455172704,18,64,,False,False,Request timeout: 300.0s exceeded,484,21.16838264042747
268,2026-09-14T02:20:12.513+00:00,2026-09-14T02:25:06.181+00:00,2026-09-14T02:25:12.519+00:00,False,93,92.0,,92.0,293668.42831,300006.362134,300006.362006,3225.87486027957,0.039009999999999996,293668.42831,30444.85998568486,89.1231962,68.89058504347827,19.479349460252603,0.306660163289829,18,64,,False,False,Request timeout: 300.0s exceeded,344,21.16838264042747
269,2026-09-14T02:20:16.052+00:00,2026-09-14T02:25:09.854+00:00,2026-09-14T02:25:16.064+00:00,False,89,88.0,,88.0,293802.75347899995,300011.97767099994,300011.97778699995,3370.9210987303363,0.02153,293802.75347899995,31135.55673845681,89.337016,70.55936581818182,20.130422203097787,0.29332162230036973,18,64,,False,False,Request timeout: 300.0s exceeded,387,21.16838264042747
270,2026-09-14T02:20:18.919+00:00,2026-09-14T02:25:12.605+00:00,2026-09-14T02:25:18.929+00:00,False,91,90.0,,90.0,293685.309839,300009.600655,300009.600754,3296.8087994945054,0.1018,293685.309839,30779.226333725623,90.13785,70.26989795555556,20.745243977536756,0.29999039965223206,18,64,,False,False,Request timeout: 300.0s exceeded,318,21.16838264042747
271,2026-09-14T02:20:23.102+00:00,2026-09-14T02:25:16.893+00:00,2026-09-14T02:25:23.153+00:00,False,93,92.0,,92.0,293790.605531,300050.722779,300050.72258,3226.3518556989247,0.0351,293790.605531,30457.6176900613,89.4049852,68.04475269565218,20.721020173266,0.3066148254798969,18,64,,False,False,Request timeout: 300.0s exceeded,438,21.16838264042747
272,2026-09-14T02:20:26.033+00:00,2026-09-14T02:25:19.853+00:00,2026-09-14T02:25:26.070+00:00,False,93,92.0,,92.0,293819.33233099995,300036.67556299997,300036.675641,3226.2008133440854,0.0368,293819.33233099995,30460.644214501026,88.5277648,67.57981773913043,19.938697697326504,0.30662918067388856,18,64,,False,False,Request timeout: 300.0s exceeded,412,21.16838264042747
273,2026-09-14T02:20:30.325+00:00,2026-09-14T02:25:23.797+00:00,2026-09-14T02:25:30.404+00:00,False,94,93.0,,93.0,293471.832618,300079.00625,300079.00605699996,3192.3298516702125,0.039420000000000004,293471.832618,30261.98720506456,91.32150365,71.04487776344087,20.080193156081563,0.309918381702852,18,64,,False,False,Request timeout: 300.0s exceeded,416,21.16838264042747
274,2026-09-14T02:20:34.420+00:00,2026-09-14T02:25:28.111+00:00,2026-09-14T02:25:34.460+00:00,False,90,89.0,,89.0,293690.92297899997,300039.49949099997,300039.49945299997,3333.772216144444,0.03576,293690.92297899997,30950.229455203793,93.277608,71.33232035955056,21.00985178193146,0.29662761120113673,18,64,,False,False,Request timeout: 300.0s exceeded,397,21.16838264042747
275,2026-09-14T02:20:37.172+00:00,2026-09-14T02:25:31.268+00:00,2026-09-14T02:25:37.214+00:00,False,88,87.0,,87.0,294095.713767,300041.765863,300041.765939,3409.565522034091,0.03031,294095.713767,31343.429305279806,89.7030665,68.3454263908046,20.343633130342084,0.28995963195245444,18,64,,False,False,Request timeout: 300.0s exceeded,427,21.16838264042747
276,2026-09-14T02:20:41.240+00:00,2026-09-14T02:25:35.132+00:00,2026-09-14T02:25:41.317+00:00,False,92,91.0,,91.0,293891.548461,300076.245293,300076.24532900006,3261.6983187934784,0.0359,293891.548461,30633.232525495045,88.13833955,67.96370145054945,19.6284198254216,0.3032562604585575,18,64,,False,False,Request timeout: 300.0s exceeded,444,21.16838264042747
277,2026-09-14T02:20:45.023+00:00,2026-09-14T02:25:38.590+00:00,2026-09-14T02:25:45.063+00:00,False,96,95.0,,95.0,293567.673617,300040.483089,300040.483138,3125.421699354167,0.022449999999999998,293567.673617,29955.177663465533,87.24263675,68.13483654736842,19.721663577688066,0.31662394028282004,18,64,,False,False,Request timeout: 300.0s exceeded,500,21.16838264042747
278,2026-09-14T02:20:48.470+00:00,2026-09-14T02:25:42.417+00:00,2026-09-14T02:25:48.551+00:00,False,90,89.0,,89.0,293947.160987,300081.618331,300081.618266,3334.2402029555556,0.03034,293947.160987,30977.492444867057,89.71304694999999,68.92648701123595,20.314070849095987,0.2965859771584878,18,64,,False,False,Request timeout: 300.0s exceeded,485,21.16838264042747
279,2026-09-14T02:20:52.875+00:00,2026-09-14T02:25:46.774+00:00,2026-09-14T02:25:52.911+00:00,False,96,95.0,,95.0,293899.01677499997,300036.66771899996,300036.667553,3125.381953677083,0.0,293899.01677499997,29989.42843355503,88.81023325,64.60685204210526,69.44145277286891,0.31662796658231274,18,64,,False,False,Request timeout: 300.0s exceeded,460,21.16838264042747
280,2026-09-14T02:20:55.629+00:00,2026-09-14T02:25:49.496+00:00,2026-09-14T02:25:55.722+00:00,False,98,97.0,,97.0,293867.421895,300093.596103,300093.59602399997,3062.1795512653057,0.0,293867.421895,29678.68701145042,89.8207135,64.18736296907217,68.62217799058496,0.3232324889955568,18,64,,False,False,Request timeout: 300.0s exceeded,364,21.16838264042747
281,2026-09-14T02:20:59.601+00:00,2026-09-14T02:25:53.340+00:00,2026-09-14T02:25:59.647+00:00,False,95,94.0,,94.0,293739.07361699996,300045.65153699997,300045.65155599994,3158.375279536842,0.02305,293739.07361699996,30130.116734497107,90.01762,67.0912544680851,20.770075607930224,0.3132856600936556,18,64,,False,False,Request timeout: 300.0s exceeded,374,21.16838264042747
282,2026-09-14T02:21:03.499+00:00,2026-09-14T02:25:57.341+00:00,2026-09-14T02:26:03.576+00:00,False,90,89.0,,89.0,293841.90399099997,300076.92351099994,300076.923493,3334.188038811111,0.0345,293841.90399099997,30966.278349081487,89.73826785000001,70.0563991011236,20.416554991770322,0.2965906173612764,18,64,,False,False,Request timeout: 300.0s exceeded,340,21.16838264042747
283,2026-09-14T02:21:07.783+00:00,2026-09-14T02:26:01.352+00:00,2026-09-14T02:26:07.813+00:00,False,96,95.0,,95.0,293568.6583,300029.8423,300029.842265,3125.3108569270835,0.023010000000000003,293568.6583,29955.29116783185,89.94366974999998,68.01246315789473,20.498192133326828,0.31663516959426136,18,64,,False,False,Request timeout: 300.0s exceeded,426,21.16838264042747
284,2026-09-14T02:21:11.151+00:00,2026-09-14T02:26:04.555+00:00,2026-09-14T02:26:11.226+00:00,False,101,100.0,,100.0,293404.42635,300075.148654,300075.14858000004,2971.0410750495053,0.023260000000000003,293404.42635,29188.201276227563,88.975932,66.70722304,20.738640292336743,0.33324985573965155,18,64,,False,False,Request timeout: 300.0s exceeded,151,21.16838264042747
285,2026-09-14T02:21:14.458+00:00,2026-09-14T02:26:08.648+00:00,2026-09-14T02:26:14.481+00:00,False,84,83.0,,83.0,294189.993582,300023.01579000003,300023.015842,3571.7025695476195,0.041409999999999995,294189.993582,32091.097844159103,88.3386715,70.277376,19.529024156084258,0.2766454426219605,18,64,,False,False,Request timeout: 300.0s exceeded,420,21.16838264042747
286,2026-09-14T02:21:18.052+00:00,2026-09-14T02:26:11.751+00:00,2026-09-14T02:26:18.072+00:00,False,92,91.0,,91.0,293698.78082,300019.788692,300019.788579,3261.0846584673914,0.02076,293698.78082,30612.979178782603,89.79211595000001,69.46162496703298,19.994273736045603,0.303313326086702,18,64,,False,False,Request timeout: 300.0s exceeded,458,21.16838264042747
287,2026-09-14T02:21:22.335+00:00,2026-09-14T02:26:16.128+00:00,2026-09-14T02:26:22.415+00:00,False,96,95.0,,95.0,293793.303312,300080.352528,300080.352423,3125.83700440625,0.0365,293793.303312,29978.406057842585,90.26868625000002,66.17946543157895,20.616406021217145,0.3165818728206663,18,64,,False,False,Request timeout: 300.0s exceeded,379,21.16838264042747
288,2026-09-14T02:21:25.317+00:00,2026-09-14T02:26:19.075+00:00,2026-09-14T02:26:25.369+00:00,False,91,90.0,,90.0,293758.258078,300051.443614,300051.44372599997,3297.268612373626,0.03295,293758.258078,30786.909247523192,88.78379249999998,69.92428373333334,20.185478378057834,0.2999485652059723,18,64,,False,False,Request timeout: 300.0s exceeded,331,21.16838264042747
289,2026-09-14T02:21:29.879+00:00,2026-09-14T02:26:23.565+00:00,2026-09-14T02:26:29.927+00:00,False,96,95.0,,95.0,293686.039693,300048.022669,300048.02266500005,3125.50023609375,0.03757,293686.039693,29967.37802474135,88.65836500000002,66.96824185263158,20.639698896238773,0.31661598418463793,18,64,,False,False,Request timeout: 300.0s exceeded,361,21.16838264042747
290,2026-09-14T02:21:34.443+00:00,2026-09-14T02:26:27.805+00:00,2026-09-14T02:26:34.491+00:00,False,101,100.0,,100.0,293361.745658,300047.600378,300047.600256,2970.7683193663365,0.0365,293361.745658,29183.939114965568,88.228274,66.8585472,20.427183654123482,0.3332804524149501,18,64,,False,False,Request timeout: 300.0s exceeded,373,21.16838264042747
291,2026-09-14T02:21:38.159+00:00,2026-09-14T02:26:31.671+00:00,2026-09-14T02:26:38.202+00:00,False,98,97.0,,97.0,293511.651884,300043.147564,300043.14763799997,3061.6647718163263,0.02221,293511.651884,29642.359221026334,90.1283935,67.33500701030928,20.305867457498657,0.3232868365351008,18,64,,False,False,Request timeout: 300.0s exceeded,509,21.16838264042747
292,2026-09-14T02:21:42.144+00:00,2026-09-14T02:26:35.912+00:00,2026-09-14T02:26:42.161+00:00,False,94,93.0,,93.0,293768.097344,300016.483648,300016.483797,3191.664721244681,0.02148,293768.097344,30292.94282463751,89.15323465,67.18694950537633,20.589884505674284,0.30998296783290746,18,64,,False,False,Request timeout: 300.0s exceeded,307,21.16838264042747
293,2026-09-14T02:21:46.311+00:00,2026-09-14T02:26:37.684+00:00,2026-09-14T02:26:46.463+00:00,False,126,125.0,,125.0,291373.63928299997,300152.53745899996,300152.53735199996,2382.1629948571426,0.05884,291373.63928299997,25951.42577561244,91.21929475,70.231185408,53.92043252271444,0.4164549167507027,18,64,,False,False,Request timeout: 300.0s exceeded,415,21.16838264042747
294,2026-09-14T02:21:47.785+00:00,2026-09-14T02:26:41.391+00:00,2026-09-14T02:26:47.823+00:00,False,103,102.0,,102.0,293605.46274,300038.268628,300038.26856399997,2912.9928986796117,0.0,293605.46274,28923.660828713164,90.6062269,63.066724392156864,63.541046334415846,0.33995663442007085,18,64,,False,False,Request timeout: 300.0s exceeded,335,21.16838264042747
295,2026-09-14T02:21:52.327+00:00,2026-09-14T02:26:47.657+00:00,2026-09-14T02:26:52.372+00:00,False,74,73.0,,73.0,295330.27312,300044.647008,300044.64701200003,4054.6573920540545,0.02384,295330.27312,34323.94542015299,86.229501,64.58046421917808,20.173001998356337,0.24329712503770687,18,64,,False,False,Request timeout: 300.0s exceeded,333,21.16838264042747
296,2026-09-14T02:21:55.151+00:00,2026-09-14T02:26:48.931+00:00,2026-09-14T02:26:55.217+00:00,False,94,93.0,,93.0,293780.067025,300066.273233,300066.273028,3192.1943939148937,0.035729,293780.067025,30294.13505048138,88.635507,67.59361513978494,19.973469735487544,0.3099315327843791,18,64,,False,False,Request timeout: 300.0s exceeded,436,21.16838264042747
297,2026-09-14T02:21:59.665+00:00,2026-09-14T02:26:53.608+00:00,2026-09-14T02:26:59.708+00:00,False,89,88.0,,88.0,293942.95937199995,300042.15655599994,300042.15668099996,3371.260187426966,0.03525,293942.95937199995,31150.55102949743,88.5118128,69.30905890909091,20.078630162083602,0.2932921193811499,18,64,,False,False,Request timeout: 300.0s exceeded,406,21.16838264042747
298,2026-09-14T02:22:02.838+00:00,2026-09-14T02:26:56.652+00:00,2026-09-14T02:27:02.894+00:00,False,89,88.0,,88.0,293814.121577,300056.241513,300056.24154200003,3371.418444292135,0.042159999999999996,293814.121577,31136.721838873593,89.7977606,70.93318109090909,19.669769850680485,0.29327835193918933,18,64,,False,False,Request timeout: 300.0s exceeded,404,21.16838264042747
299,2026-09-14T02:22:06.122+00:00,2026-09-14T02:27:00.098+00:00,2026-09-14T02:27:06.173+00:00,False,89,88.0,,88.0,293975.464277,300050.513749,300050.513675,3371.354086235955,0.03608,293975.464277,31154.025293374423,88.03118640000001,69.03465309090909,19.544782326208917,0.29328395042714134,18,64,,False,False,Request timeout: 300.0s exceeded,384,21.16838264042747
300,2026-09-14T02:22:10.485+00:00,2026-09-14T02:27:04.414+00:00,2026-09-14T02:27:10.499+00:00,False,93,92.0,,92.0,293929.339845,300013.894853,300013.89486400003,3225.955858752688,0.03603,293929.339845,30472.201398394907,89.079686,66.13646747826087,20.35159749449457,0.3066524636969828,18,64,,False,False,Request timeout: 300.0s exceeded,355,21.16838264042747
301,2026-09-14T02:22:13.498+00:00,2026-09-14T02:27:07.395+00:00,2026-09-14T02:27:13.536+00:00,False,95,94.0,,94.0,293896.267416,300037.280408,300037.28021600004,3158.2871601684215,0.038189999999999995,293896.267416,30146.424940739307,88.2834194,65.3299254468085,20.41166074393032,0.31329440085637317,18,64,,False,False,Request timeout: 300.0s exceeded,451,21.16838264042747
302,2026-09-14T02:22:16.899+00:00,2026-09-14T02:27:10.888+00:00,2026-09-14T02:27:16.984+00:00,False,94,93.0,,93.0,293989.66844,300085.685848,300085.685924,3192.4009140851063,0.03707,293989.66844,30315.965385975524,90.31748429999999,65.54857427956989,20.9841466954088,0.30991148323917905,18,64,,False,False,Request timeout: 300.0s exceeded,318,21.16838264042747
303,2026-09-14T02:22:20.624+00:00,2026-09-14T02:27:14.424+00:00,2026-09-14T02:27:20.673+00:00,False,96,95.0,,95.0,293799.711473,300048.959473,300048.959504,3125.509994833333,0.03387,293799.711473,29979.100641721372,88.30135775000001,65.78155789473684,20.53207557742552,0.31661499565556267,18,64,,False,False,Request timeout: 300.0s exceeded,438,21.16838264042747
304,2026-09-14T02:22:24.989+00:00,2026-09-14T02:27:18.786+00:00,2026-09-14T02:27:25.003+00:00,False,90,89.0,,89.0,293796.948231,300014.635783,300014.635839,3333.4959537666664,0.040479999999999995,293796.948231,30961.559146488507,88.11218835,69.86165788764045,18.85725850942538,0.2966521942095303,18,64,,False,False,Request timeout: 300.0s exceeded,408,21.16838264042747
305,2026-09-14T02:22:27.993+00:00,2026-09-14T02:27:21.895+00:00,2026-09-14T02:27:28.027+00:00,False,87,86.0,,86.0,293901.546351,300034.366831,300034.366839,3448.6708832068966,0.02628,293901.546351,31501.913228731508,87.56664199999999,71.31186604651164,18.687077786690978,0.28663383101190243,18,64,,False,False,Request timeout: 300.0s exceeded,385,21.16838264042747
306,2026-09-14T02:22:31.451+00:00,2026-09-14T02:27:25.425+00:00,2026-09-14T02:27:31.530+00:00,False,92,91.0,,91.0,293973.39824,300078.192352,300078.19226700003,3261.7194811630434,0.02119,293973.39824,30641.85766954922,86.2976395,67.08564958241759,19.899715105249665,0.3032542927786452,18,64,,False,False,Request timeout: 300.0s exceeded,386,21.16838264042747
307,2026-09-14T02:22:34.695+00:00,2026-09-14T02:27:28.802+00:00,2026-09-14T02:27:34.731+00:00,False,93,92.0,,92.0,294106.536011,300035.681611,300035.681599,3226.19012472043,0.022420000000000002,294106.536011,30490.75046311286,85.64651900000001,64.44723478260869,19.60644401044677,0.3066301964686959,18,64,,False,False,Request timeout: 300.0s exceeded,432,21.16838264042747
308,2026-09-14T02:22:37.340+00:00,2026-09-14T02:27:31.201+00:00,2026-09-14T02:27:37.389+00:00,False,95,94.0,,94.0,293861.380171,300049.40346700005,300049.403561,3158.414774326316,0.03915,293861.380171,30142.793721287526,87.3264314,65.83003506382978,19.567332153874847,0.3132817426525505,18,64,,False,False,Request timeout: 300.0s exceeded,216,21.16838264042747
309,2026-09-14T02:22:41.682+00:00,2026-09-14T02:27:35.476+00:00,2026-09-14T02:27:41.723+00:00,False,90,89.0,,89.0,293794.071424,300041.09606400004,300041.096081,3333.789956455556,0.020390000000000002,293794.071424,30961.221938276965,89.99046700000001,70.19128808988764,20.110518676717813,0.2966260327919077,18,64,,False,False,Request timeout: 300.0s exceeded,405,21.16838264042747
310,2026-09-14T02:22:44.908+00:00,2026-09-14T02:27:38.623+00:00,2026-09-14T02:27:44.918+00:00,False,97,96.0,,96.0,293715.364321,300010.264545,300010.264647,3092.889326257732,0.0,293715.364321,29815.697208394955,89.5372812,65.57187733333333,68.62107336519199,0.3199890515266037,18,64,,False,False,Request timeout: 300.0s exceeded,274,21.16838264042747
311,2026-09-14T02:22:48.978+00:00,2026-09-14T02:27:42.828+00:00,2026-09-14T02:27:49.033+00:00,False,96,95.0,,95.0,293850.226668,300055.098092,300055.098024,3125.57393775,0.05845,293850.226668,29984.304440284413,91.44362175,65.31443604210527,21.16970782204534,0.3166085182491118,18,64,,False,False,Request timeout: 300.0s exceeded,315,21.16838264042747
312,2026-09-14T02:22:53.033+00:00,2026-09-14T02:27:46.738+00:00,2026-09-14T02:27:53.094+00:00,False,93,92.0,,92.0,293705.285376,300061.67526399996,300061.675322,3226.4696271182793,0.02155,293705.285376,30448.661493564177,89.5542552,69.09119443478261,20.118960197491578,0.3066036337998068,18,64,,False,False,Request timeout: 300.0s exceeded,506,21.16838264042747
313,2026-09-14T02:22:57.522+00:00,2026-09-14T02:27:51.262+00:00,2026-09-14T02:27:57.530+00:00,False,94,93.0,,93.0,293739.836375,300007.472343,300007.472318,3191.5688544468085,0.04987,293739.836375,30290.006593922946,89.26388564999999,67.39393513978494,20.61029923934865,0.3099922787712189,18,64,,False,False,Request timeout: 300.0s exceeded,444,21.16838264042747
314,2026-09-14T02:23:01.901+00:00,2026-09-14T02:27:55.165+00:00,2026-09-14T02:28:01.942+00:00,False,104,103.0,,103.0,293263.95645099995,300041.3260509999,300041.3261279999,2885.0127512307686,0.03622,293263.95645099995,28750.452372878073,88.6313265,65.79970485436893,21.15514328276721,0.3432860444780611,18,64,,False,False,Request timeout: 300.0s exceeded,349,21.16838264042747
315,2026-09-14T02:23:05.433+00:00,2026-09-14T02:27:58.730+00:00,2026-09-14T02:28:05.516+00:00,False,103,102.0,,102.0,293296.95947299997,300083.06328099995,300083.063261,2913.4277986504853,0.03126,293296.95947299997,28892.859797723646,89.16821,66.53042949019608,20.354190870926015,0.3399058876724624,18,64,,False,False,Request timeout: 300.0s exceeded,417,21.16838264042747
316,2026-09-14T02:23:08.194+00:00,2026-09-14T02:28:01.860+00:00,2026-09-14T02:28:08.230+00:00,False,94,93.0,,93.0,293665.864235,300036.09732299997,300036.097342,3191.8733759787233,0.06186,293665.864235,30282.26293827001,89.98417395,68.49712997849463,20.26911102640785,0.30996270392052877,18,64,,False,False,Request timeout: 300.0s exceeded,395,21.16838264042747
317,2026-09-14T02:23:11.909+00:00,2026-09-14T02:28:05.889+00:00,2026-09-14T02:28:11.954+00:00,False,90,89.0,,89.0,293980.357163,300044.99895499996,300044.99882499996,3333.8333202777776,0.04269,293980.357163,30981.075048380648,91.6542263,68.14204260674158,21.41381994777914,0.29662217437374455,18,64,,False,False,Request timeout: 300.0s exceeded,435,21.16838264042747
318,2026-09-14T02:23:15.036+00:00,2026-09-14T02:28:08.749+00:00,2026-09-14T02:28:15.090+00:00,False,103,102.0,,102.0,293712.567431,300054.411399,300054.411428,2913.149625514563,0.01512,293712.567431,28935.47522012243,90.509744,62.174940862745096,269.44936932670106,0.339938344930262,18,64,,False,False,Request timeout: 300.0s exceeded,482,21.16838264042747
319,2026-09-14T02:23:19.013+00:00,2026-09-14T02:28:14.641+00:00,2026-09-14T02:28:19.081+00:00,False,72,71.0,,71.0,295627.562637,300068.234125,300068.234113,4167.614362680555,0.01602,295627.562637,34832.681311693625,94.07797115,62.54466884507042,26.44508978228901,0.23661284976410862,18,64,,False,False,Request timeout: 300.0s exceeded,271,21.16838264042747
320,2026-09-14T02:23:23.609+00:00,2026-09-14T02:28:17.212+00:00,2026-09-14T02:28:23.654+00:00,False,92,91.0,,91.0,293602.62540799996,300044.95910399995,300044.95919799997,3261.3582521521735,0.028140000000000002,293602.62540799996,30602.815048142955,87.78159504999999,70.79487578021978,19.624339886596776,0.3032878814953131,18,64,,False,False,Request timeout: 300.0s exceeded,396,21.16838264042747
321,2026-09-14T02:23:26.664+00:00,2026-09-14T02:28:20.364+00:00,2026-09-14T02:28:26.672+00:00,False,92,91.0,,91.0,293699.352688,300007.444848,300007.44472100004,3260.9504860978263,0.0177,293699.352688,30613.05402462829,91.91149999999998,69.31969406593406,20.644947567726643,0.3033258059516007,18,64,,False,False,Request timeout: 300.0s exceeded,237,21.16838264042747
322,2026-09-14T02:23:30.924+00:00,2026-09-14T02:28:24.441+00:00,2026-09-14T02:28:30.966+00:00,False,99,98.0,,98.0,293517.74431800004,300042.01721400005,300042.01721500006,3030.727446616162,0.019850000000000003,293517.74431800004,29492.959413207966,89.23669,66.5742132244898,20.605242865722737,0.3266209209962187,18,64,,False,False,Request timeout: 300.0s exceeded,277,21.16838264042747
323,2026-09-14T02:23:34.327+00:00,2026-09-14T02:28:28.154+00:00,2026-09-14T02:28:34.350+00:00,False,90,89.0,,89.0,293826.80537,300022.999418,300022.99950000003,3333.5888833333333,0.05131,293826.80537,30964.73276019661,90.53521295,69.62015784269663,20.357305446805878,0.2966439245412744,18,64,,False,False,Request timeout: 300.0s exceeded,204,21.16838264042747
324,2026-09-14T02:23:37.786+00:00,2026-09-14T02:28:31.738+00:00,2026-09-14T02:28:37.855+00:00,False,89,88.0,,88.0,293952.262749,300068.901981,300068.90198699996,3371.560696483146,0.0,293952.262749,31151.583562778298,90.33938140000001,69.507264,68.18968241551525,0.2932659779771916,18,64,,False,False,Request timeout: 300.0s exceeded,197,21.16838264042747
325,2026-09-14T02:23:42.287+00:00,2026-09-14T02:28:35.806+00:00,2026-09-14T02:28:42.338+00:00,False,103,102.0,,102.0,293518.57598,300051.030892,300051.0309,2913.116804854369,0.0,293518.57598,28915.003464038422,89.04731029999999,64.04367560784314,63.57935892846362,0.33994217482530076,18,64,,False,False,Request timeout: 300.0s exceeded,458,21.16838264042747
326,2026-09-14T02:23:46.368+00:00,2026-09-14T02:28:39.711+00:00,2026-09-14T02:28:46.402+00:00,False,98,97.0,,97.0,293343.314606,300033.997486,300033.99759200006,3061.5714040000003,0.019379999999999998,293343.314606,29625.188203847454,87.6744005,68.97611216494845,19.383435128978007,0.32329669575037456,18,64,,False,False,Request timeout: 300.0s exceeded,491,21.16838264042747
327,2026-09-14T02:23:49.825+00:00,2026-09-14T02:28:43.016+00:00,2026-09-14T02:28:49.848+00:00,False,101,100.0,,100.0,293191.477351,300022.842983,300022.84287,2970.5231967326736,0.02912,293191.477351,29166.85165195668,88.998622,68.31365631999999,19.918061796221245,0.3333079541735635,18,64,,False,False,Request timeout: 300.0s exceeded,417,21.16838264042747
328,2026-09-14T02:23:53.509+00:00,2026-09-14T02:28:47.179+00:00,2026-09-14T02:28:53.558+00:00,False,96,95.0,,95.0,293670.793855,300049.773183,300049.772949,3125.51846821875,0.037579999999999995,293670.793855,29965.803638821468,88.4109935,67.14715082105262,20.485185603569466,0.31661413702205876,18,64,,False,False,Request timeout: 300.0s exceeded,431,21.16838264042747
329,2026-09-14T02:23:56.548+00:00,2026-09-14T02:28:50.282+00:00,2026-09-14T02:28:56.600+00:00,False,93,92.0,,92.0,293734.05533600005,300052.09642400005,300052.0964280001,3226.3666282580652,0.01796,293734.05533600005,30451.688285100267,89.06742160000002,68.6743596521739,20.51671511288247,0.30661342179058093,18,64,,False,False,Request timeout: 300.0s exceeded,313,21.16838264042747
330,2026-09-14T02:23:59.408+00:00,2026-09-14T02:28:53.514+00:00,2026-09-14T02:28:59.467+00:00,False,87,86.0,,86.0,294106.225102,300058.468046,300058.468137,3448.9479096206896,0.02945,294106.225102,31524.08334046937,88.9533283,69.21212725581395,20.532498657698195,0.28661080808696227,18,64,,False,False,Request timeout: 300.0s exceeded,166,21.16838264042747
331,2026-09-14T02:24:03.010+00:00,2026-09-14T02:28:56.254+00:00,2026-09-14T02:29:03.036+00:00,False,102,101.0,,101.0,293244.138524,300025.604124,300025.603999,2941.4274901862746,0.02327,293244.138524,29028.855327962265,90.29771550000001,67.14322376237624,20.50805632419913,0.33663793560184585,18,64,,False,False,Request timeout: 300.0s exceeded,166,21.16838264042747
332,2026-09-14T02:24:05.912+00:00,2026-09-14T02:28:59.250+00:00,2026-09-14T02:29:05.998+00:00,False,100,99.0,,99.0,293337.961779,300086.245683,300086.245773,3000.86245773,0.03885,293337.961779,29326.98729970675,91.6695995,68.16448387878788,21.179185969891495,0.3299051570146935,18,64,,False,False,Request timeout: 300.0s exceeded,145,21.16838264042747
333,2026-09-14T02:24:09.059+00:00,2026-09-14T02:29:02.918+00:00,2026-09-14T02:29:09.146+00:00,False,89,88.0,,88.0,293859.17740100005,300087.27596100006,300087.27598400007,3371.767145887641,0.03849,293859.17740100005,31141.515822024714,91.77801240000001,70.77384727272727,21.48665433539886,0.2932480216569951,18,64,,False,False,Request timeout: 300.0s exceeded,462,21.16838264042747
334,2026-09-14T02:24:12.269+00:00,2026-09-14T02:29:06.513+00:00,2026-09-14T02:29:12.290+00:00,False,87,86.0,,86.0,294244.57539099996,300021.43094299996,300021.43085599993,3448.522193747126,0.0343,294244.57539099996,31539.13459987754,89.568326,67.17273897674418,20.390695410374324,0.28664618967282657,18,64,,False,False,Request timeout: 300.0s exceeded,409,21.16838264042747
335,2026-09-14T02:24:16.518+00:00,2026-09-14T02:29:10.461+00:00,2026-09-14T02:29:16.565+00:00,False,94,93.0,,93.0,293943.758819,300047.074019,300047.074065,3191.9901496276593,0.04421,293943.758819,30311.221072783126,87.20045465000001,65.62704516129033,19.46163538639317,0.3099513644785982,18,64,,False,False,Request timeout: 300.0s exceeded,472,21.16838264042747
336,2026-09-14T02:24:20.218+00:00,2026-09-14T02:29:13.457+00:00,2026-09-14T02:29:20.259+00:00,False,105,104.0,,104.0,293238.850399,300041.404255,300041.404199,2857.537182847619,0.02205,293238.850399,28610.805101174497,88.33945,65.4091716923077,19.86948874083209,0.3466188283521437,18,64,,False,False,Request timeout: 300.0s exceeded,409,21.16838264042747
337,2026-09-14T02:24:24.105+00:00,2026-09-14T02:29:17.749+00:00,2026-09-14T02:29:24.172+00:00,False,93,92.0,,92.0,293644.453486,300067.332974,300067.332997,3226.5304623333336,0.026350000000000002,293644.453486,30442.27890928535,90.367565,69.81390747826087,20.61654014455159,0.30659785284915214,18,64,,False,False,Request timeout: 300.0s exceeded,409,21.16838264042747
338,2026-09-14T02:24:27.486+00:00,2026-09-14T02:29:21.491+00:00,2026-09-14T02:29:27.533+00:00,False,84,83.0,,83.0,294004.875807,300046.51932699996,300046.51940399996,3571.9823738571426,0.03422,294004.875807,32070.625480470902,90.16909729999999,72.79088578313252,19.335474911267077,0.2766237721609563,18,64,,False,False,Request timeout: 300.0s exceeded,392,21.16838264042747
339,2026-09-14T02:24:30.184+00:00,2026-09-14T02:29:24.042+00:00,2026-09-14T02:29:30.226+00:00,False,89,88.0,,88.0,293858.91163700004,300042.75291700003,300042.752893,3371.2668864382026,0.04403,293858.91163700004,31141.53977392792,89.5417664,70.27092363636363,19.66963179657736,0.29329153643761957,18,64,,False,False,Request timeout: 300.0s exceeded,169,21.16838264042747
340,2026-09-14T02:24:34.011+00:00,2026-09-14T02:29:27.534+00:00,2026-09-14T02:29:34.054+00:00,False,105,104.0,,104.0,293523.593087,300043.127935,300043.12802500004,2857.5536002380954,0.0,293523.593087,28638.918924580896,87.9287444,62.68783507692308,62.26719419184415,0.34661683710526475,18,64,,False,False,Request timeout: 300.0s exceeded,262,21.16838264042747
341,2026-09-14T02:24:38.201+00:00,2026-09-14T02:29:31.774+00:00,2026-09-14T02:29:38.259+00:00,False,105,104.0,,104.0,293572.463998,300057.23711800005,300057.23720900004,2857.687973419048,0.0,293572.463998,28643.72046053554,92.3387306,62.3535876923077,62.08831844930548,0.346600538613575,18,64,,False,False,Request timeout: 300.0s exceeded,204,21.16838264042747
342,2026-09-14T02:24:40.919+00:00,2026-09-14T02:29:34.625+00:00,2026-09-14T02:29:40.953+00:00,False,95,94.0,,94.0,293706.199668,300033.991796,300033.99186999997,3158.2525459999997,0.01856,293706.199668,30126.720155577634,88.23985839999999,67.31693753191489,19.826393480610438,0.3132978348130393,18,64,,False,False,Request timeout: 300.0s exceeded,398,21.16838264042747
343,2026-09-14T02:24:43.792+00:00,2026-09-14T02:29:37.597+00:00,2026-09-14T02:29:43.859+00:00,False,96,95.0,,95.0,293804.857572,300067.436516,300067.436432,3125.7024628333334,0.01905,293804.857572,29979.61189404814,90.01957550000002,65.92188362105263,21.046124308695134,0.3165954996750687,18,64,,False,False,Request timeout: 300.0s exceeded,468,21.16838264042747
344,2026-09-14T02:24:47.602+00:00,2026-09-14T02:29:41.081+00:00,2026-09-14T02:29:47.686+00:00,False,103,102.0,,102.0,293478.918273,300083.208577,300083.208382,2913.429207592233,0.02725,293478.918273,28910.964921398692,90.2099372,64.74794415686274,21.143810538796107,0.3399057230948904,18,64,,False,False,Request timeout: 300.0s exceeded,382,21.16838264042747
345,2026-09-14T02:24:51.178+00:00,2026-09-14T02:29:44.765+00:00,2026-09-14T02:29:51.239+00:00,False,104,103.0,,103.0,293586.46398,300060.230892,300060.230783,2885.194526759615,0.040019,293586.46398,28782.366137989426,91.32718014999999,62.852105941747574,21.526318223058247,0.34326441626005594,18,64,,False,False,Request timeout: 300.0s exceeded,491,21.16838264042747
346,2026-09-14T02:24:54.808+00:00,2026-09-14T02:29:48.912+00:00,2026-09-14T02:29:54.824+00:00,False,85,84.0,,84.0,294103.567011,300015.438499,300015.438561,3529.593394835294,0.04008,294103.567011,31892.383660320913,91.10081,70.37942247619048,20.737233260324622,0.2799855914757533,18,64,,False,False,Request timeout: 300.0s exceeded,408,21.16838264042747
347,2026-09-14T02:24:57.642+00:00,2026-09-14T02:29:51.404+00:00,2026-09-14T02:29:57.658+00:00,False,90,89.0,,89.0,293762.170283,300016.54314699996,300016.54316999996,3333.517146333333,0.027809999999999998,293762.170283,30957.85044437908,88.74614894999999,70.27385240449438,19.929053636353533,0.2966503082344777,18,64,,False,False,Request timeout: 300.0s exceeded,467,21.16838264042747
348,2026-09-14T02:25:01.013+00:00,2026-09-14T02:29:54.908+00:00,2026-09-14T02:30:01.079+00:00,False,90,89.0,,89.0,293895.521754,300066.735322,300066.735466,3334.074838511111,0.0249,293895.521754,30972.005794951827,89.6927939,69.33947829213484,20.5217283094402,0.2966006875253752,18,64,,False,False,Request timeout: 300.0s exceeded,368,21.16838264042747
349,2026-09-14T02:25:04.169+00:00,2026-09-14T02:29:58.199+00:00,2026-09-14T02:30:04.192+00:00,False,85,84.0,,84.0,294030.21408099995,300022.98131299997,300022.98136,3529.6821336470584,0.02914,294030.21408099995,31884.322632618878,89.2361134,71.34246704761904,20.216865514371786,0.27997855241751207,18,64,,False,False,Request timeout: 300.0s exceeded,188,21.16838264042747
350,2026-09-14T02:25:07.261+00:00,2026-09-14T02:30:00.604+00:00,2026-09-14T02:30:07.292+00:00,False,99,98.0,,98.0,293343.119935,300030.892607,300030.892507,3030.615075828283,0.03557,293343.119935,29475.240704695414,88.07219090000001,68.24257828571429,19.681158828527302,0.32663303151374745,18,64,,False,False,Request timeout: 300.0s exceeded,368,21.16838264042747
351,2026-09-14T02:25:11.614+00:00,2026-09-14T02:30:05.257+00:00,2026-09-14T02:30:11.621+00:00,False,95,94.0,,94.0,293643.174324,300007.259572,300007.25949900004,3157.971152621053,0.044439,293643.174324,30120.21502196316,89.62309939999999,67.70303455319149,20.933914320045,0.31332575129716334,18,64,,False,False,Request timeout: 300.0s exceeded,336,21.16838264042747
352,2026-09-14T02:25:16.029+00:00,2026-09-14T02:30:09.689+00:00,2026-09-14T02:30:16.046+00:00,False,97,96.0,,96.0,293659.954121,300017.645513,300017.64551,3092.9654176288664,0.0421,293659.954121,29809.93328943836,87.65545100000001,66.225952,20.07484542872677,0.31998117922647396,18,64,,False,False,Request timeout: 300.0s exceeded,482,21.16838264042747
353,2026-09-14T02:25:19.891+00:00,2026-09-14T02:30:13.299+00:00,2026-09-14T02:30:19.911+00:00,False,100,99.0,,99.0,293407.644338,300019.529138,300019.52918,3000.1952917999997,0.049159999999999995,293407.644338,29334.09244369003,89.12615595000001,66.78671515151515,19.89945260477633,0.32997851934652883,18,64,,False,False,Request timeout: 300.0s exceeded,507,21.16838264042747
354,2026-09-14T02:25:23.435+00:00,2026-09-14T02:30:17.076+00:00,2026-09-14T02:30:23.443+00:00,False,93,92.0,,92.0,293641.440727,300007.884503,300007.884447,3225.891230612903,0.04424,293641.440727,30442.029513447687,88.96062599999999,69.20047582608696,19.70468358613207,0.3066586071643061,18,64,,False,False,Request timeout: 300.0s exceeded,348,21.16838264042747
355,2026-09-14T02:25:26.073+00:00,2026-09-14T02:30:19.402+00:00,2026-09-14T02:30:26.148+00:00,False,97,96.0,,96.0,293328.41891,300074.718046,300074.718209,3093.5537959690723,0.04236,293328.41891,29775.860433065664,90.54441500000001,70.27394933333333,20.7362095110173,0.319920320595898,18,64,,False,False,Request timeout: 300.0s exceeded,238,21.16838264042747
356,2026-09-14T02:25:29.535+00:00,2026-09-14T02:30:23.390+00:00,2026-09-14T02:30:29.569+00:00,False,98,97.0,,97.0,293854.99913999997,300033.75626,300033.75615599996,3061.568940367347,0.0,293854.99913999997,29677.47500939602,93.62896810000001,63.69852701030928,65.72163892913906,0.3232969556796895,18,64,,False,False,Request timeout: 300.0s exceeded,487,21.16838264042747
357,2026-09-14T02:25:33.586+00:00,2026-09-14T02:30:27.344+00:00,2026-09-14T02:30:33.626+00:00,False,102,101.0,,101.0,293758.284116,300039.992148,300039.992085,2941.568549852941,0.0,293758.284116,29080.316466373584,90.217956,62.19512902970297,64.29698378823315,0.3366217925715048,18,64,,False,False,Request timeout: 300.0s exceeded,208,21.16838264042747
358,2026-09-14T02:25:36.965+00:00,2026-09-14T02:30:30.889+00:00,2026-09-14T02:30:37.018+00:00,False,90,89.0,,89.0,293924.671599,300053.54583899997,300053.545691,3333.9282854555554,0.03737,293924.671599,30975.128718128883,90.02535495000001,68.86375550561797,20.695729590882706,0.29661372523074536,18,64,,False,False,Request timeout: 300.0s exceeded,374,21.16838264042747
359,2026-09-14T02:25:39.960+00:00,2026-09-14T02:30:33.305+00:00,2026-09-14T02:30:39.998+00:00,False,99,98.0,,98.0,293344.50252499996,300037.54879699997,300037.54881599994,3030.682311272727,0.03649,293344.50252499996,29475.375003024616,91.2899328,68.29639053061224,20.786881755070343,0.3266257853156408,18,64,,False,False,Request timeout: 300.0s exceeded,144,21.16838264042747
360,2026-09-14T02:25:43.643+00:00,2026-09-14T02:30:37.019+00:00,2026-09-14T02:30:43.709+00:00,False,101,100.0,,100.0,293375.65487300005,300065.56104900007,300065.561051,2970.9461490198023,0.0207,293375.65487300005,29185.318719815674,87.994885,66.89906176,19.868290857388278,0.33326050363930376,18,64,,False,False,Request timeout: 300.0s exceeded,486,21.16838264042747
361,2026-09-14T02:25:48.091+00:00,2026-09-14T02:30:41.860+00:00,2026-09-14T02:30:48.159+00:00,False,94,93.0,,93.0,293768.809703,300067.553511,300067.553397,3192.2080148617024,0.03428,293768.809703,30292.960122796838,89.27381715,67.72842804301075,20.097523271566413,0.30993021042040375,18,64,,False,False,Request timeout: 300.0s exceeded,352,21.16838264042747
362,2026-09-14T02:25:51.239+00:00,2026-09-14T02:30:44.602+00:00,2026-09-14T02:30:51.701+00:00,False,105,104.0,,104.0,293363.013533,300461.62089300004,300461.621047,2861.539248066667,0.02947,293363.013533,28622.6445304294,90.0589782,68.25584,20.097256547114657,0.34613405762407284,18,64,,False,False,Request timeout: 300.0s exceeded,475,21.16838264042747
363,2026-09-14T02:25:53.726+00:00,2026-09-14T02:30:47.506+00:00,2026-09-14T02:30:53.778+00:00,False,96,95.0,,95.0,293780.394805,300051.94322099996,300051.943216,3125.5410751666664,0.02278,293780.394805,29977.105387187632,89.4338265,66.01629911578948,20.828452555284308,0.31661184720283175,18,64,,False,False,Request timeout: 300.0s exceeded,486,21.16838264042747
364,2026-09-14T02:25:57.452+00:00,2026-09-14T02:30:50.815+00:00,2026-09-14T02:30:57.520+00:00,False,101,100.0,,100.0,293362.172532,300067.865204,300067.865237,2970.968962742574,0.04175,293362.172532,29183.96192574123,89.119982,67.05692671999999,20.534959296224265,0.33325794460534913,18,64,,False,False,Request timeout: 300.0s exceeded,488,21.16838264042747
365,2026-09-14T02:26:00.673+00:00,2026-09-14T02:30:53.944+00:00,2026-09-14T02:31:00.701+00:00,False,97,96.0,,96.0,293271.182708,300027.875956,300027.876055,3093.0708871649485,0.019170000000000003,293271.182708,29770.03696360727,88.26530580000001,70.38222133333333,19.1967667733582,0.31997026840958837,18,64,,False,False,Request timeout: 300.0s exceeded,144,21.16838264042747
366,2026-09-14T02:26:04.606+00:00,2026-09-14T02:30:58.157+00:00,2026-09-14T02:31:04.658+00:00,False,96,95.0,,95.0,293550.56808099995,300051.9586729999,300051.9588869999,3125.5412384062492,0.02904,293550.56808099995,29953.401608419023,90.13064975000002,68.43569044210527,20.440690566046026,0.31661183089803485,18,64,,False,False,Request timeout: 300.0s exceeded,370,21.16838264042747
367,2026-09-14T02:26:07.728+00:00,2026-09-14T02:31:01.309+00:00,2026-09-14T02:31:07.742+00:00,False,96,95.0,,95.0,293581.478509,300014.221165,300014.22105999995,3125.1481360416665,0.031129999999999998,293581.478509,29956.630171569086,89.17834624999999,67.71308058947368,20.48529807471323,0.3166516561485013,18,64,,False,False,Request timeout: 300.0s exceeded,485,21.16838264042747
368,2026-09-14T02:26:10.390+00:00,2026-09-14T02:31:03.974+00:00,2026-09-14T02:31:10.438+00:00,False,96,95.0,,95.0,293583.91169700003,300048.455185,300048.454991,3125.5047394895837,0.01785,293583.91169700003,29956.844214315235,89.07037425,68.04782618947368,20.294220573226248,0.3166155277867574,18,64,,False,False,Request timeout: 300.0s exceeded,498,21.16838264042747
369,2026-09-14T02:26:13.045+00:00,2026-09-14T02:31:06.627+00:00,2026-09-14T02:31:13.067+00:00,False,97,96.0,,96.0,293581.592755,300021.91198699997,300021.91193999996,3093.009401443299,0.02247,293581.592755,29801.889742361713,88.93423059999999,67.08665866666666,20.422637779551305,0.3199766289208893,18,64,,False,False,Request timeout: 300.0s exceeded,376,21.16838264042747
370,2026-09-14T02:26:17.398+00:00,2026-09-14T02:31:11.265+00:00,2026-09-14T02:31:17.440+00:00,False,95,94.0,,94.0,293866.985929,300042.362569,300042.362502,3158.3406579157895,0.03047,293866.985929,30143.38289375694,87.65506099999999,65.69549617021276,19.92282458281458,0.31328909423042905,18,64,,False,False,Request timeout: 300.0s exceeded,443,21.16838264042747
371,2026-09-14T02:26:21.803+00:00,2026-09-14T02:31:15.577+00:00,2026-09-14T02:31:21.892+00:00,False,100,99.0,,99.0,293773.84248,300089.060656,300089.060659,3000.89060659,0.0,293773.84248,29371.083251513268,89.9071185,63.790082585858585,68.03920155844563,0.32990206235303693,18,64,,False,False,Request timeout: 300.0s exceeded,489,21.16838264042747
372,2026-09-14T02:26:25.728+00:00,2026-09-14T02:31:19.728+00:00,2026-09-14T02:31:25.776+00:00,False,92,91.0,,91.0,293999.664297,300048.23338499997,300048.233479,3261.3938421630432,0.0,293999.664297,30644.73532778915,89.23366304999999,66.46779217582417,70.93975454455841,0.30328457186160285,18,64,,False,False,Request timeout: 300.0s exceeded,428,21.16838264042747
373,2026-09-14T02:26:28.743+00:00,2026-09-14T02:31:22.888+00:00,2026-09-14T02:31:28.777+00:00,False,84,83.0,,83.0,294145.094404,300033.58080399997,300033.580744,3571.8283421904757,0.01857,294145.094404,32086.126182159038,88.9513548,70.94561927710843,19.777225706832088,0.2766357011691321,18,64,,False,False,Request timeout: 300.0s exceeded,400,21.16838264042747
374,2026-09-14T02:26:32.661+00:00,2026-09-14T02:31:26.581+00:00,2026-09-14T02:31:32.729+00:00,False,91,90.0,,90.0,293919.44428500003,300067.53798100003,300067.53784600005,3297.445470835165,0.01731,293919.44428500003,30803.974819331146,88.090604,68.31215217777778,19.673048999099468,0.299932477220174,18,64,,False,False,Request timeout: 300.0s exceeded,430,21.16838264042747
375,2026-09-14T02:26:37.002+00:00,2026-09-14T02:31:30.363+00:00,2026-09-14T02:31:37.060+00:00,False,97,96.0,,96.0,293361.212508,300058.25110000005,300058.251071,3093.384031659794,0.0223,293361.212508,29779.241446059925,87.990362,69.76081866666667,19.58334361650551,0.319937877555669,18,64,,False,False,Request timeout: 300.0s exceeded,595,21.16838264042747
376,2026-09-14T02:26:41.422+00:00,2026-09-14T02:31:34.743+00:00,2026-09-14T02:31:41.471+00:00,False,102,101.0,,101.0,293320.40908899996,300048.554241,300048.554136,2941.6524915294112,0.01927,293320.40908899996,29036.45942198333,89.72709454999999,66.61529853465346,20.382232868765097,0.33661218683585614,18,64,,False,False,Request timeout: 300.0s exceeded,392,21.16838264042747
377,2026-09-14T02:26:43.906+00:00,2026-09-14T02:31:37.540+00:00,2026-09-14T02:31:44.000+00:00,False,97,96.0,,96.0,293634.207799,300093.807159,300093.80731400003,3093.7505908659796,0.02953,293634.207799,29807.21167868701,88.26615380000001,67.28749333333333,20.541937161864546,0.3198999703087372,18,64,,False,False,Request timeout: 300.0s exceeded,492,21.16838264042747
378,2026-09-14T02:26:48.332+00:00,2026-09-14T02:31:41.941+00:00,2026-09-14T02:31:48.352+00:00,False,101,100.0,,100.0,293608.912647,300019.923207,300019.923145,2970.4942885643563,0.01874,293608.912647,29208.80641424828,88.444864,64.1101056,20.122428844219993,0.3333111979066956,18,64,,False,False,Request timeout: 300.0s exceeded,531,21.16838264042747
379,2026-09-14T02:26:52.506+00:00,2026-09-14T02:31:45.871+00:00,2026-09-14T02:31:52.552+00:00,False,101,100.0,,100.0,293364.994308,300046.708484,300046.708463,2970.7594897326735,0.02307,293364.994308,29184.266486066335,88.797492,66.81714176,20.425070917553636,0.33328144309682534,18,64,,False,False,Request timeout: 300.0s exceeded,551,21.16838264042747
380,2026-09-14T02:26:55.951+00:00,2026-09-14T02:31:49.528+00:00,2026-09-14T02:31:55.994+00:00,False,98,97.0,,97.0,293576.63509500003,300043.11419900006,300043.114254,3061.664431163266,0.0451,293576.63509500003,29648.991090139694,89.56054449999999,66.66473303092783,20.108862597275834,0.32328687248481863,18,64,,False,False,Request timeout: 300.0s exceeded,367,21.16838264042747
381,2026-09-14T02:26:59.579+00:00,2026-09-14T02:31:53.442+00:00,2026-09-14T02:31:59.600+00:00,False,91,90.0,,90.0,293863.33837300004,300021.75808500004,300021.758143,3296.9423971758247,0.01939,293863.33837300004,30798.08160974674,90.23631900000001,68.42688568888889,20.16475043279822,0.29997824349293306,18,64,,False,False,Request timeout: 300.0s exceeded,463,21.16838264042747
382,2026-09-14T02:27:02.533+00:00,2026-09-14T02:31:56.780+00:00,2026-09-14T02:32:02.592+00:00,False,85,84.0,,84.0,294246.581548,300059.173676,300059.173678,3530.1079256235294,0.027190000000000002,294246.581548,31908.02387762473,89.9160802,69.19752533333333,20.614254024713265,0.279944782127215,18,64,,False,False,Request timeout: 300.0s exceeded,444,21.16838264042747
383,2026-09-14T02:27:06.475+00:00,2026-09-14T02:32:00.070+00:00,2026-09-14T02:32:06.523+00:00,False,109,108.0,,108.0,293595.214698,300048.218986,300048.219095,2752.735955,0.01609,293595.214698,28116.821466161007,90.026492,59.7500397037037,263.4776458155152,0.35994214651558787,18,64,,False,False,Request timeout: 300.0s exceeded,360,21.16838264042747
384,2026-09-14T02:27:09.107+00:00,2026-09-14T02:32:05.582+00:00,2026-09-14T02:32:09.159+00:00,False,101,100.0,,100.0,296475.61405900004,300051.703403,300051.70336000004,2970.808944158416,0.015300000000000001,296475.61405900004,29496.890830703258,88.904403,35.76089344,37.000693346915455,0.3332758950069675,18,64,,False,False,Request timeout: 300.0s exceeded,375,21.16838264042747
385,2026-09-14T02:27:13.281+00:00,2026-09-14T02:32:06.957+00:00,2026-09-14T02:32:13.362+00:00,False,97,96.0,,96.0,293675.78586400003,300080.694152,300080.694144,3093.615403546392,0.02547,293675.78586400003,29811.490327293388,87.10488379999998,66.71779466666666,19.321346564929495,0.31991394938380496,18,64,,False,False,Request timeout: 300.0s exceeded,413,21.16838264042747
386,2026-09-14T02:27:17.317+00:00,2026-09-14T02:32:11.125+00:00,2026-09-14T02:32:17.368+00:00,False,96,95.0,,95.0,293807.65733099997,300051.039091,300051.03891099995,3125.5316553229163,0.0,293807.65733099997,29979.982055959852,88.270564,65.719808,65.63822318411077,0.3166128012347534,18,64,,False,False,Request timeout: 300.0s exceeded,466,21.16838264042747
387,2026-09-14T02:27:20.984+00:00,2026-09-14T02:32:14.865+00:00,2026-09-14T02:32:21.001+00:00,False,94,93.0,,93.0,293880.83247,300017.39976600005,300017.39976600005,3191.674465595745,0.0,293880.83247,30304.75898816036,88.87243765,65.98459458064517,66.10873503321298,0.30998202128455143,18,64,,False,False,Request timeout: 300.0s exceeded,365,21.16838264042747
388,2026-09-14T02:27:23.598+00:00,2026-09-14T02:32:17.239+00:00,2026-09-14T02:32:23.607+00:00,False,93,92.0,,92.0,293641.669297,300009.854897,300009.855064,3225.9124200430106,0.01752,293641.669297,30442.051843905487,89.6542226,69.21940869565218,20.609144385059576,0.30665659310286864,18,64,,False,False,Request timeout: 300.0s exceeded,480,21.16838264042747
389,2026-09-14T02:27:26.586+00:00,2026-09-14T02:32:20.288+00:00,2026-09-14T02:32:26.663+00:00,False,92,91.0,,91.0,293701.657994,300077.041802,300077.041685,3261.7069748369568,0.02077,293701.657994,30613.216888067363,91.96848965000001,70.05916272527473,20.057361652868046,0.30325545551080374,18,64,,False,False,Request timeout: 300.0s exceeded,346,21.16838264042747
390,2026-09-14T02:27:29.710+00:00,2026-09-14T02:32:23.611+00:00,2026-09-14T02:32:29.731+00:00,False,86,85.0,,85.0,293900.876517,300020.94640500005,300020.946287,3488.6156545000003,0.017829,293900.876517,31684.388383115205,91.0312285,72.00082221176471,19.400356448359286,0.28331355199865943,18,64,,False,False,Request timeout: 300.0s exceeded,427,21.16838264042747
391,2026-09-14T02:27:32.433+00:00,2026-09-14T02:32:25.983+00:00,2026-09-14T02:32:32.453+00:00,False,91,90.0,,90.0,293549.99608,300019.621168,300019.621363,3296.9189160769233,0.03318,293549.99608,30764.872024854056,89.52938599999999,71.8847232,20.296278944618,0.2999803801152169,18,64,,False,False,Request timeout: 300.0s exceeded,341,21.16838264042747
392,2026-09-14T02:27:36.152+00:00,2026-09-14T02:32:30.066+00:00,2026-09-14T02:32:36.179+00:00,False,90,89.0,,89.0,293914.59540399996,300027.579468,300027.57953399996,3333.6397725999996,0.01849,293914.59540399996,30974.08523390289,89.19400845,68.68521420224718,20.42161661073502,0.2966393961442217,18,64,,False,False,Request timeout: 300.0s exceeded,434,21.16838264042747
393,2026-09-14T02:27:40.372+00:00,2026-09-14T02:32:34.021+00:00,2026-09-14T02:32:40.427+00:00,False,93,92.0,,92.0,293648.53588200005,300054.60692200006,300054.60692500003,3226.393622849463,0.07539,293648.53588200005,30442.72074372666,88.61277859999998,69.63120695652174,19.955995618297436,0.30661085641626434,18,64,,False,False,Request timeout: 300.0s exceeded,463,21.16838264042747
394,2026-09-14T02:27:43.549+00:00,2026-09-14T02:32:37.197+00:00,2026-09-14T02:32:43.594+00:00,False,100,99.0,,99.0,293648.19566900004,300045.48923700006,300045.489271,3000.4548927100004,0.026359999999999998,293648.19566900004,29358.36496811414,89.72031234999999,64.61912694949496,20.82864540927154,0.32994996942547544,18,64,,False,False,Request timeout: 300.0s exceeded,476,21.16838264042747
395,2026-09-14T02:27:46.096+00:00,2026-09-14T02:32:39.553+00:00,2026-09-14T02:32:46.173+00:00,False,102,101.0,,101.0,293456.495099,300076.66508299997,300076.66515,2941.9280897058825,0.02479,293456.495099,29050.039684932643,88.407451,65.54623746534654,20.224403842497402,0.33658065338757287,18,64,,False,False,Request timeout: 300.0s exceeded,487,21.16838264042747
396,2026-09-14T02:27:48.578+00:00,2026-09-14T02:32:42.230+00:00,2026-09-14T02:32:48.609+00:00,False,94,93.0,,93.0,293652.01558999997,300030.698214,300030.698161,3191.8159378829782,0.037399999999999996,293652.01558999997,30280.82495520371,89.88982515,68.58798520430108,19.91291205121211,0.30996828175784463,18,64,,False,False,Request timeout: 300.0s exceeded,471,21.16838264042747
397,2026-09-14T02:27:52.098+00:00,2026-09-14T02:32:45.574+00:00,2026-09-14T02:32:52.165+00:00,False,94,93.0,,93.0,293476.247708,300067.06678,300067.06657100003,3192.202835861702,0.018670000000000003,293476.247708,30262.459993853994,89.46029694999999,70.86902227956989,18.93381013086596,0.309930713150153,18,64,,False,False,Request timeout: 300.0s exceeded,437,21.16838264042747
398,2026-09-14T02:27:55.575+00:00,2026-09-14T02:32:48.955+00:00,2026-09-14T02:32:55.630+00:00,False,98,97.0,,97.0,293379.734689,300054.668961,300054.66897400003,3061.7823364693877,0.01703,293379.734689,29628.883276227858,87.7500322,68.81375538144329,18.896377266082578,0.32327442307724163,18,64,,False,False,Request timeout: 300.0s exceeded,486,21.16838264042747
399,2026-09-14T02:27:58.070+00:00,2026-09-14T02:32:51.232+00:00,2026-09-14T02:32:58.113+00:00,False,101,100.0,,100.0,293162.322122,300042.654154,300042.65417399997,2970.7193482574257,0.01638,293162.322122,29163.90117010594,89.575341,68.80332032,18.846081995206827,0.33328594656636373,18,64,,False,False,Request timeout: 300.0s exceeded,285,21.16838264042747
400,2026-09-14T02:28:01.517+00:00,2026-09-14T02:32:54.755+00:00,2026-09-14T02:33:01.559+00:00,False,102,101.0,,101.0,293238.717787,300042.682971,300042.68315,2941.5949328431375,0.022949999999999998,293238.717787,29028.29565658516,87.68214710000001,67.36599192079207,19.207409581307097,0.33661877370214677,18,64,,False,False,Request timeout: 300.0s exceeded,510,21.16838264042747
401,2026-09-14T02:28:06.024+00:00,2026-09-14T02:32:59.590+00:00,2026-09-14T02:33:06.048+00:00,False,96,95.0,,95.0,293566.555963,300024.31877899996,300024.31878699997,3125.2533206979165,0.0182,293566.555963,29955.08011801562,88.83307049999999,67.97645069473684,20.265810366082952,0.31664099892508274,18,64,,False,False,Request timeout: 300.0s exceeded,271,21.16838264042747
402,2026-09-14T02:28:08.555+00:00,2026-09-14T02:33:02.292+00:00,2026-09-14T02:33:08.589+00:00,False,93,92.0,,92.0,293737.24148900004,300033.51182500005,300033.51177300006,3226.166793258065,0.036009,293737.24148900004,30452.043179481872,90.03798,68.43772104347826,20.46779525885631,0.30663241396068003,18,64,,False,False,Request timeout: 300.0s exceeded,346,21.16838264042747
403,2026-09-14T02:28:11.410+00:00,2026-09-14T02:33:04.977+00:00,2026-09-14T02:33:11.437+00:00,False,99,98.0,,98.0,293567.53588200005,300027.8492260001,300027.8490800001,3030.5843341414147,0.0,293567.53588200005,29498.09936816383,89.7138277,65.92156473469387,67.85385355688533,0.32663634476871567,18,64,,False,False,Request timeout: 300.0s exceeded,365,21.16838264042747
404,2026-09-14T02:28:15.441+00:00,2026-09-14T02:33:09.233+00:00,2026-09-14T02:33:15.483+00:00,False,109,108.0,,108.0,293791.73188599997,300041.86769399996,300041.86768799997,2752.677685211009,0.0,293791.73188599997,28134.6741133732,90.81600460000001,57.87162785185185,64.34209502316388,0.3599497657778368,18,64,,False,False,Request timeout: 300.0s exceeded,507,21.16838264042747
405,2026-09-14T02:28:19.099+00:00,2026-09-14T02:33:13.111+00:00,2026-09-14T02:33:19.132+00:00,False,101,100.0,,100.0,294011.241316,300032.851556,300032.85154,2970.6222924752474,0.02616,294011.241316,29249.227869285027,91.23508699999998,60.2161024,21.261735523356275,0.3332968356011354,18,64,,False,False,Request timeout: 300.0s exceeded,504,21.16838264042747
406,2026-09-14T02:28:21.772+00:00,2026-09-14T02:33:16.039+00:00,2026-09-14T02:33:21.805+00:00,False,87,86.0,,86.0,294267.728518,300033.725574,300033.725592,3448.663512551724,0.037630000000000004,294267.728518,31541.630621510096,88.94462490000002,67.04647739534884,20.71649847103509,0.2866344436295348,18,64,,False,False,Request timeout: 300.0s exceeded,347,21.16838264042747
407,2026-09-14T02:28:25.560+00:00,2026-09-14T02:33:18.734+00:00,2026-09-14T02:33:25.601+00:00,False,99,98.0,,98.0,293174.34493900003,300040.99889100005,300040.9989,3030.717160606061,0.06125,293174.34493900003,29458.094718674838,90.10118980000001,70.06789746938776,19.661672765913007,0.3266220295300436,18,64,,False,False,Request timeout: 300.0s exceeded,167,21.16838264042747
408,2026-09-14T02:28:29.625+00:00,2026-09-14T02:33:23.538+00:00,2026-09-14T02:33:29.639+00:00,False,92,91.0,,91.0,293913.694272,300014.685504,300014.685578,3261.029191065217,0.0167,293913.694272,30635.637599856742,89.51139905,67.04385969230769,20.11837056980914,0.3033184853838987,18,64,,False,False,Request timeout: 300.0s exceeded,454,21.16838264042747
409,2026-09-14T02:28:33.950+00:00,2026-09-14T02:33:27.460+00:00,2026-09-14T02:33:33.966+00:00,False,102,101.0,,101.0,293510.402747,300015.924411,300015.92433,2941.332591470588,0.03674,293510.402747,29055.489531209565,87.8110181,64.4111055841584,19.93222639928235,0.3366487968873191,18,64,,False,False,Request timeout: 300.0s exceeded,453,21.16838264042747
410,2026-09-14T02:28:36.839+00:00,2026-09-14T02:33:30.272+00:00,2026-09-14T02:33:36.926+00:00,False,102,101.0,,101.0,293432.169465,300086.981881,300086.981753,2942.029232872549,0.02053,293432.169465,29047.596816682002,88.11289955000001,65.88923184158416,19.768317056620152,0.3365690819605488,18,64,,False,False,Request timeout: 300.0s exceeded,384,21.16838264042747
411,2026-09-14T02:28:40.623+00:00,2026-09-14T02:33:34.299+00:00,2026-09-14T02:33:40.735+00:00,False,101,100.0,,100.0,293675.195066,300111.180986,300111.180964,2971.3978313267326,0.019710000000000002,293675.195066,29215.37713277867,88.740973,64.3598592,20.448776693449606,0.33320984466974907,18,64,,False,False,Request timeout: 300.0s exceeded,419,21.16838264042747
412,2026-09-14T02:28:44.460+00:00,2026-09-14T02:33:38.293+00:00,2026-09-14T02:33:44.536+00:00,False,97,96.0,,96.0,293832.266518,300075.25071,300075.250504,3093.5592835463917,0.021070000000000002,293832.266518,29827.55082308339,88.18027599999999,65.03108533333334,20.875518488343115,0.3199197527048865,18,64,,False,False,Request timeout: 300.0s exceeded,503,21.16838264042747
413,2026-09-14T02:28:47.753+00:00,2026-09-14T02:33:41.341+00:00,2026-09-14T02:33:47.766+00:00,False,96,95.0,,95.0,293588.38509399997,300013.01792599994,300013.018046,3125.135604645833,0.0415,293588.38509399997,29957.34321643727,88.52133275,67.62771402105263,19.628183752147212,0.3166529261188004,18,64,,False,False,Request timeout: 300.0s exceeded,447,21.16838264042747
414,2026-09-14T02:28:52.331+00:00,2026-09-14T02:33:46.358+00:00,2026-09-14T02:33:52.358+00:00,False,94,93.0,,93.0,294026.33884399995,300026.81807599997,300026.818161,3191.7746612872334,0.14942,294026.33884399995,30319.852898685916,86.98329399999999,64.52128206451613,19.925009191549986,0.30997229046518804,18,64,,False,False,Request timeout: 300.0s exceeded,432,21.16838264042747
415,2026-09-14T02:28:56.176+00:00,2026-09-14T02:33:49.755+00:00,2026-09-14T02:33:56.185+00:00,False,99,98.0,,98.0,293578.85268999997,300009.47284999996,300009.472791,3030.398715060606,0.03625,293578.85268999997,29499.196649863883,87.6164679,65.6185730612245,19.973876087958264,0.3266563521112497,18,64,,False,False,Request timeout: 300.0s exceeded,409,21.16838264042747
416,2026-09-14T02:28:59.563+00:00,2026-09-14T02:33:53.326+00:00,2026-09-14T02:33:59.572+00:00,False,92,91.0,,91.0,293763.207084,300008.476332,300008.476356,3260.961699521739,0.02696,293763.207084,30619.78232721565,86.069912,68.62933239560441,19.16438626001116,0.3033247630620149,18,64,,False,False,Request timeout: 300.0s exceeded,160,21.16838264042747
417,2026-09-14T02:29:03.073+00:00,2026-09-14T02:33:56.437+00:00,2026-09-14T02:34:03.113+00:00,False,99,98.0,,98.0,293364.138229,300040.408053,300040.408001,3030.7111919292925,0.02709,293364.138229,29477.364417662495,86.93962989999999,68.12520228571428,18.907421360752814,0.3266226727124335,18,64,,False,False,Request timeout: 300.0s exceeded,457,21.16838264042747
418,2026-09-14T02:29:05.788+00:00,2026-09-14T02:33:59.365+00:00,2026-09-14T02:34:05.862+00:00,False,89,88.0,,88.0,293577.700111,300074.698767,300074.698651,3371.6258275393257,0.020390000000000002,293577.700111,31111.417737324617,87.49991160000002,73.82953018181819,66.22241722184738,0.29326031272076575,18,64,,False,False,Request timeout: 300.0s exceeded,422,21.16838264042747
419,2026-09-14T02:29:08.521+00:00,2026-09-14T02:34:01.913+00:00,2026-09-14T02:34:08.533+00:00,False,103,102.0,,102.0,293392.229594,300012.22575399996,300012.225875,2912.7400570388345,0.0,293392.229594,28902.474688614493,88.59137499999999,64.9019231372549,65.85237984624821,0.33998614471010463,18,64,,False,False,Request timeout: 300.0s exceeded,454,21.16838264042747
420,2026-09-14T02:29:11.757+00:00,2026-09-14T02:34:05.199+00:00,2026-09-14T02:34:11.804+00:00,False,98,97.0,,97.0,293442.247401,300047.827689,300047.827513,3061.712525642857,0.0,293442.247401,29635.339954548745,90.80104535000001,68.09876585567011,67.32227741698676,0.3232817939296686,18,64,,False,False,Request timeout: 300.0s exceeded,317,21.16838264042747
421,2026-09-14T02:29:14.992+00:00,2026-09-14T02:34:08.707+00:00,2026-09-14T02:34:15.017+00:00,False,88,87.0,,87.0,293715.379619,300025.80368300003,300025.803704,3409.384133,0.02418,293715.379619,31302.439017452998,89.78634265000001,72.53360993103448,20.221591132930076,0.28997505858503453,18,64,,False,False,Request timeout: 300.0s exceeded,116,21.16838264042747
422,2026-09-14T02:29:18.823+00:00,2026-09-14T02:34:12.654+00:00,2026-09-14T02:34:18.869+00:00,False,91,90.0,,90.0,293830.873848,300045.727992,300045.72791300004,3297.2058012417583,0.037269,293830.873848,30794.612367047426,88.621973,69.05393493333334,19.68960916846543,0.29995427897710186,18,64,,False,False,Request timeout: 300.0s exceeded,440,21.16838264042747
423,2026-09-14T02:29:22.130+00:00,2026-09-14T02:34:15.744+00:00,2026-09-14T02:34:22.136+00:00,False,95,94.0,,94.0,293614.006038,300006.562326,300006.56241899997,3157.963814936842,0.03674,293614.006038,30117.190748514975,88.7608907,68.00591795744681,20.048775891839195,0.31332647949832365,18,64,,False,False,Request timeout: 300.0s exceeded,243,21.16838264042747
424,2026-09-14T02:29:26.520+00:00,2026-09-14T02:34:20.099+00:00,2026-09-14T02:34:26.562+00:00,False,95,94.0,,94.0,293578.916816,300041.309648,300041.30972,3158.329576,0.023530000000000002,293578.916816,30113.514368684788,88.6931353,68.74885991489361,19.92970843533804,0.31329019364126276,18,64,,False,False,Request timeout: 300.0s exceeded,429,21.16838264042747
425,2026-09-14T02:29:29.738+00:00,2026-09-14T02:34:23.297+00:00,2026-09-14T02:34:29.759+00:00,False,94,93.0,,93.0,293559.32576,300021.29235199996,300021.292415,3191.7158767553187,0.03682,293559.32576,30271.17235939881,91.85840515,69.48351174193547,19.904866248589475,0.30997799946441057,18,64,,False,False,Request timeout: 300.0s exceeded,410,21.16838264042747
426,2026-09-14T02:29:33.688+00:00,2026-09-14T02:34:27.155+00:00,2026-09-14T02:34:33.693+00:00,False,97,96.0,,96.0,293467.941296,300005.752496,300005.75263199996,3092.842810639175,0.03272,293467.941296,29790.24695259081,88.2841778,68.1022,20.241427694465262,0.3199938641219221,18,64,,False,False,Request timeout: 300.0s exceeded,462,21.16838264042747
427,2026-09-14T02:29:36.258+00:00,2026-09-14T02:34:29.924+00:00,2026-09-14T02:34:36.306+00:00,False,95,94.0,,94.0,293665.75244099996,300048.508025,300048.50800299994,3158.4053473999998,0.01934,293665.75244099996,30122.510458387304,88.74325499999999,67.90165514893617,19.964874320860257,0.31328267758681183,18,64,,False,False,Request timeout: 300.0s exceeded,417,21.16838264042747
428,2026-09-14T02:29:38.850+00:00,2026-09-14T02:34:32.757+00:00,2026-09-14T02:34:38.873+00:00,False,90,89.0,,89.0,293906.930175,300022.520319,300022.520151,3333.583557233333,0.02334,293906.930175,30973.273921155323,88.81515595,68.714496,20.04925764403203,0.29664439824507316,18,64,,False,False,Request timeout: 300.0s exceeded,339,21.16838264042747
429,2026-09-14T02:29:43.005+00:00,2026-09-14T02:34:36.607+00:00,2026-09-14T02:34:43.020+00:00,False,93,92.0,,92.0,293601.984763,300014.66316299996,300014.66310199996,3225.964119376344,0.02009,293601.984763,30437.885946355003,89.0131356,69.70302608695651,19.605955032012073,0.30665167838818524,18,64,,False,False,Request timeout: 300.0s exceeded,210,21.16838264042747
430,2026-09-14T02:29:46.715+00:00,2026-09-14T02:34:40.011+00:00,2026-09-14T02:34:46.750+00:00,False,101,100.0,,100.0,293295.337453,300034.144749,300034.144924,2970.635098257426,0.03536,293295.337453,29177.277774789425,87.289595,67.38807295999999,19.256234851745106,0.3332953990408563,18,64,,False,False,Request timeout: 300.0s exceeded,503,21.16838264042747
431,2026-09-14T02:29:49.427+00:00,2026-09-14T02:34:43.359+00:00,2026-09-14T02:34:49.507+00:00,False,95,94.0,,94.0,293932.466911,300080.387295,300080.387418,3158.740920189474,0.035259,293932.466911,30150.131319388714,88.3479857,65.40340834042553,20.30573582346254,0.31324939576138117,18,64,,False,False,Request timeout: 300.0s exceeded,282,21.16838264042747
432,2026-09-14T02:29:52.090+00:00,2026-09-14T02:34:45.687+00:00,2026-09-14T02:34:52.140+00:00,False,101,100.0,,100.0,293597.031662,300050.668782,300050.668804,2970.798701029703,0.019469999999999998,293597.031662,29207.581522535485,86.990177,64.5363712,19.715561584836713,0.3332770441936738,18,64,,False,False,Request timeout: 300.0s exceeded,411,21.16838264042747
433,2026-09-14T02:29:56.577+00:00,2026-09-14T02:34:50.103+00:00,2026-09-14T02:34:56.637+00:00,False,98,97.0,,97.0,293525.410927,300059.810671,300059.810599,3061.834802030612,0.041030000000000004,293525.410927,29643.74602043537,87.63050799999999,67.364945814433,20.232855377778773,0.3232688835705341,18,64,,True,False,Request timeout: 300.0s exceeded,404,21.16838264042747
434,2026-09-14T02:30:00.350+00:00,2026-09-14T02:34:53.769+00:00,2026-09-14T02:35:00.402+00:00,False,101,100.0,,100.0,293418.49389499996,300051.73165499995,300051.73146,2970.8092223762374,0.0214,293418.49389499996,29189.63778163696,86.568197,66.3323776,19.91782836364004,0.3332758636266768,18,64,,True,False,Request timeout: 300.0s exceeded,397,21.16838264042747
435,2026-09-14T02:30:04.490+00:00,2026-09-14T02:34:58.646+00:00,2026-09-14T02:35:04.512+00:00,False,90,89.0,,89.0,294156.023124,300022.454356,300022.454496,3333.5828277333335,0.03244,294156.023124,30999.826244179698,89.74892950000002,65.91495766292135,20.86062988346701,0.29664446346537304,18,64,,True,False,Request timeout: 300.0s exceeded,262,21.16838264042747
436,2026-09-14T02:30:08.614+00:00,2026-09-14T02:35:02.407+00:00,2026-09-14T02:35:08.627+00:00,False,93,92.0,,92.0,293793.229194,300012.95937,300012.95929,3225.9457988172044,0.05162,293793.229194,30457.934658229828,87.748191,67.6057627826087,19.78762373121929,0.30665341988289996,18,64,,True,False,Request timeout: 300.0s exceeded,233,21.16838264042747
437,2026-09-14T02:30:11.471+00:00,2026-09-14T02:35:05.154+00:00,2026-09-14T02:35:11.503+00:00,False,95,94.0,,94.0,293683.12654,300031.31316400005,300031.31318500004,3158.22434931579,0.04038,293683.12654,30124.330787507315,88.95345370000001,67.53390025531915,20.04668284002701,0.3133006318864414,18,64,,True,False,Request timeout: 300.0s exceeded,463,21.16838264042747
438,2026-09-14T02:30:14.955+00:00,2026-09-14T02:35:08.278+00:00,2026-09-14T02:35:15.001+00:00,False,103,102.0,,102.0,293323.122152,300046.03850400005,300046.038397,2913.0683339514567,0.03816,293323.122152,28895.498908272697,88.80620979999999,65.91094462745097,20.619271499762114,0.33994783103473697,18,64,,True,False,Request timeout: 300.0s exceeded,473,21.16838264042747
439,2026-09-14T02:30:18.656+00:00,2026-09-14T02:35:11.847+00:00,2026-09-14T02:35:18.682+00:00,False,100,99.0,,99.0,293190.90381499997,300025.51808699995,300025.51813399995,3000.2551813399996,0.038598999999999994,293190.90381499997,29312.19406668068,89.87241934999999,69.03650779797981,20.84365060824266,0.32997193249173046,18,64,,True,False,Request timeout: 300.0s exceeded,326,21.16838264042747
440,2026-09-14T02:30:22.545+00:00,2026-09-14T02:35:16.123+00:00,2026-09-14T02:35:22.559+00:00,False,92,91.0,,91.0,293578.11511199997,300013.92183199996,300013.921843,3261.0208895978258,0.02105,293578.11511199997,30600.26707456975,90.2644525,70.72315076923077,19.502490341470082,0.3033192574675173,18,64,,True,False,Request timeout: 300.0s exceeded,482,21.16838264042747
441,2026-09-14T02:30:25.035+00:00,2026-09-14T02:35:18.292+00:00,2026-09-14T02:35:25.050+00:00,False,99,98.0,,98.0,293256.540564,300014.87502800004,300014.87484500004,3030.4532812626267,0.03933,293256.540564,29466.4668070125,88.657196,68.96259657142856,19.709936888460327,0.326650470217031,18,64,,True,False,Request timeout: 300.0s exceeded,475,21.16838264042747
442,2026-09-14T02:30:29.270+00:00,2026-09-14T02:35:22.889+00:00,2026-09-14T02:35:29.313+00:00,False,96,95.0,,95.0,293618.523094,300043.14594200003,300043.145939,3125.4494368645833,0.02961,293618.523094,29960.42054759518,87.1067835,67.62760892631579,21.64452782715458,0.3166211302769236,18,64,,True,False,Request timeout: 300.0s exceeded,524,21.16838264042747
443,2026-09-14T02:30:32.622+00:00,2026-09-14T02:35:26.425+00:00,2026-09-14T02:35:32.677+00:00,False,92,91.0,,91.0,293802.949409,300055.026721,300055.026578,3261.467680195652,0.0209,293802.949409,30623.918279907935,86.86597400000001,68.70414628571429,19.689389055198905,0.30327770540773,18,64,,True,False,Request timeout: 300.0s exceeded,360,21.16838264042747
444,2026-09-14T02:30:36.489+00:00,2026-09-14T02:35:30.111+00:00,2026-09-14T02:35:36.552+00:00,False,93,92.0,,92.0,293622.430925,300063.366093,300063.366245,3226.4878090860216,0.0359,293622.430925,30439.9733269363,86.5457976,70.01016486956522,18.07347284791336,0.30660190611701005,18,64,,True,False,Request timeout: 300.0s exceeded,442,21.16838264042747
445,2026-09-14T02:30:40.293+00:00,2026-09-14T02:35:33.799+00:00,2026-09-14T02:35:40.333+00:00,False,96,95.0,,95.0,293505.874634,300039.491786,300039.491809,3125.411373010417,0.02266,293505.874634,29948.805078201203,88.6188655,68.77491738947369,19.834297890968667,0.3166249863793188,18,64,,True,False,Request timeout: 300.0s exceeded,143,21.16838264042747
446,2026-09-14T02:30:43.463+00:00,2026-09-14T02:35:37.245+00:00,2026-09-14T02:35:43.488+00:00,False,93,92.0,,92.0,293781.791696,300025.333712,300025.33373199997,3226.078857333333,0.037329999999999995,293781.791696,30456.722111642448,89.79395459999999,67.86458713043478,20.25729615684794,0.30664077216996793,18,64,,True,False,Request timeout: 300.0s exceeded,475,21.16838264042747
447,2026-09-14T02:30:48.029+00:00,2026-09-14T02:35:41.737+00:00,2026-09-14T02:35:48.073+00:00,False,94,93.0,,93.0,293707.430467,300043.408195,300043.408208,3191.9511511489363,0.03324,293707.430467,30286.58887313587,90.21880065,68.12879277419356,21.322139648352664,0.3099551513544958,18,64,,True,False,Request timeout: 300.0s exceeded,428,21.16838264042747
448,2026-09-14T02:30:52.064+00:00,2026-09-14T02:35:45.919+00:00,2026-09-14T02:35:52.135+00:00,False,90,89.0,,89.0,293855.286209,300071.25676899997,300071.256834,3334.125075933333,0.02124,293855.286209,30967.71118580135,89.9676154,69.84236584269662,19.89822382370493,0.2965962183726039,18,64,,True,False,Request timeout: 300.0s exceeded,368,21.16838264042747
449,2026-09-14T02:30:54.925+00:00,2026-09-14T02:35:48.542+00:00,2026-09-14T02:35:54.962+00:00,False,94,93.0,,93.0,293616.81950599997,300036.88734599994,300036.88721099996,3191.8817788404253,0.02044,293616.81950599997,30277.148305016788,86.19394759999999,69.03298752688173,19.042854216314655,0.30996188776199773,18,64,,True,False,Request timeout: 300.0s exceeded,318,21.16838264042747
450,2026-09-14T02:30:58.450+00:00,2026-09-14T02:35:51.974+00:00,2026-09-14T02:35:58.527+00:00,False,98,97.0,,97.0,293524.46003500005,300076.94745900005,300076.94752000005,3062.0096685714293,0.039049,293524.46003500005,29643.630842217535,86.85448284999998,67.55141674226805,19.803318277484443,0.32325042233793466,18,64,,True,False,Request timeout: 300.0s exceeded,474,21.16838264042747
451,2026-09-14T02:31:01.517+00:00,2026-09-14T02:35:55.039+00:00,2026-09-14T02:36:01.549+00:00,False,95,94.0,,94.0,293521.14928500005,300031.34576500003,300031.34576200007,3158.2246922315794,0.2519,293521.14928500005,30107.535287456434,88.877154,69.25740936170213,19.802696316263887,0.31330059784361874,18,64,,True,False,Request timeout: 300.0s exceeded,369,21.16838264042747
452,2026-09-14T02:31:05.408+00:00,2026-09-14T02:35:59.364+00:00,2026-09-14T02:36:05.517+00:00,False,88,87.0,,87.0,293956.064503,300108.892151,300108.892114,3410.3283194772725,0.02147,293956.064503,31328.289267753633,89.97546399999999,70.72215687356322,20.31408939825787,0.2898947757810052,18,64,,True,False,Request timeout: 300.0s exceeded,471,21.16838264042747
453,2026-09-14T02:31:08.364+00:00,2026-09-14T02:36:02.339+00:00,2026-09-14T02:36:08.412+00:00,False,87,86.0,,86.0,293974.823668,300047.804404,300047.804606,3448.8253402988507,0.019850000000000003,293974.823668,31509.844658399998,89.1664259,70.61605506976744,19.812467148314067,0.2866209941806644,18,64,,True,False,Request timeout: 300.0s exceeded,392,21.16838264042747
454,2026-09-14T02:31:12.281+00:00,2026-09-14T02:36:06.473+00:00,2026-09-14T02:36:12.326+00:00,False,86,85.0,,85.0,294192.27527499996,300045.58753099997,300045.587655,3488.9021820348835,0.039200000000000006,294192.27527499996,31716.149132802562,87.4074085,68.86249712941178,19.40928062864895,0.28329028498450426,18,64,,True,False,Request timeout: 300.0s exceeded,422,21.16838264042747
455,2026-09-14T02:31:16.573+00:00,2026-09-14T02:36:10.648+00:00,2026-09-14T02:36:16.642+00:00,False,87,86.0,,86.0,294074.957308,300069.720828,300069.720729,3449.077249758621,0.02566,294074.957308,31520.677273134166,87.00004430000001,69.70655255813953,19.248270955083253,0.28660006002170146,18,64,,True,False,Request timeout: 300.0s exceeded,385,21.16838264042747
456,2026-09-14T02:31:19.981+00:00,2026-09-14T02:36:13.573+00:00,2026-09-14T02:36:19.996+00:00,False,93,92.0,,92.0,293591.572381,300014.972829,300014.972978,3225.967451376344,0.02159,293591.572381,30436.793768609612,87.529991,69.81957008695652,19.001864466950572,0.30665136187198694,18,64,,True,False,Request timeout: 300.0s exceeded,441,21.16838264042747
457,2026-09-14T02:31:23.507+00:00,2026-09-14T02:36:17.107+00:00,2026-09-14T02:36:23.548+00:00,False,97,96.0,,96.0,293599.27643900004,300040.577431,300040.577469,3093.20182957732,0.02513,293599.27643900004,29803.683788942948,87.141438,67.09688533333333,19.79263316904802,0.319956723260463,18,64,,True,False,Request timeout: 300.0s exceeded,487,21.16838264042747
458,2026-09-14T02:31:26.620+00:00,2026-09-14T02:36:20.328+00:00,2026-09-14T02:36:26.705+00:00,False,96,95.0,,95.0,293707.72774299997,300084.95756699995,300084.957648,3125.8849754999997,0.02668,293707.72774299997,29969.575067820966,89.529796,67.12873498947368,20.48741422866927,0.3165770146235649,18,64,,True,False,Request timeout: 300.0s exceeded,440,21.16838264042747
459,2026-09-14T02:31:29.937+00:00,2026-09-14T02:36:23.674+00:00,2026-09-14T02:36:30.001+00:00,False,90,89.0,,89.0,293736.711935,300063.522559,300063.52271800005,3334.0391413111115,0.05288,293736.711935,30955.08104655806,88.938141,71.08775982022472,19.835610504516954,0.29660386321199833,18,64,,True,False,Request timeout: 300.0s exceeded,158,21.16838264042747
460,2026-09-14T02:31:33.667+00:00,2026-09-14T02:36:27.498+00:00,2026-09-14T02:36:33.690+00:00,False,88,87.0,,87.0,293830.56825199997,300022.84575599997,300022.845759,3409.350519988636,0.019190000000000002,293830.56825199997,31314.86188100611,87.78704919999998,71.17560349425287,18.50809104569037,0.2899779174508418,18,64,,True,False,Request timeout: 300.0s exceeded,194,21.16838264042747
461,2026-09-14T02:31:38.103+00:00,2026-09-14T02:36:31.533+00:00,2026-09-14T02:36:38.191+00:00,False,97,96.0,,96.0,293429.626094,300088.13259,300088.13242700003,3093.6920868762886,0.023010000000000003,293429.626094,29786.229212629933,88.2884482,69.35944266666667,20.5832276658305,0.31990601951314573,18,64,,True,False,Request timeout: 300.0s exceeded,467,21.16838264042747
462,2026-09-14T02:31:41.513+00:00,2026-09-14T02:36:35.179+00:00,2026-09-14T02:36:41.559+00:00,False,94,93.0,,93.0,293665.725041,300045.831537,300045.83149,3191.976930744681,0.0202,293665.725041,30282.23762983528,89.39866330000001,68.60329565591398,20.26670037314997,0.30995264797915295,18,64,,True,False,Request timeout: 300.0s exceeded,447,21.16838264042747
463,2026-09-14T02:31:44.716+00:00,2026-09-14T02:36:38.441+00:00,2026-09-14T02:36:44.755+00:00,False,93,92.0,,92.0,293724.57560900005,300038.511737,300038.51167800004,3226.2205556774197,0.03462,293724.57560900005,30450.710283251014,91.00734200000001,68.62974052173912,21.06890087141647,0.30662730416634976,18,64,,True,False,Request timeout: 300.0s exceeded,373,21.16838264042747
464,2026-09-14T02:31:47.536+00:00,2026-09-14T02:36:41.348+00:00,2026-09-14T02:36:47.607+00:00,False,91,90.0,,90.0,293811.26871,300070.10032599996,300070.100154,3297.473628065934,0.03683,293811.26871,30792.506621193177,91.307242,69.54257351111112,20.69769327967806,0.2999299160503591,18,64,,True,False,Request timeout: 300.0s exceeded,387,21.16838264042747
465,2026-09-14T02:31:50.189+00:00,2026-09-14T02:36:43.919+00:00,2026-09-14T02:36:50.196+00:00,False,93,92.0,,92.0,293730.331223,300006.852695,300006.85276000004,3225.8801372043013,0.02259,293730.331223,30451.34887692181,91.0254466,68.22305947826088,20.466645564112795,0.3066596618495618,18,64,,True,False,Request timeout: 300.0s exceeded,498,21.16838264042747
466,2026-09-14T02:31:52.992+00:00,2026-09-14T02:36:47.173+00:00,2026-09-14T02:36:53.063+00:00,False,87,86.0,,86.0,294180.37313599995,300071.11976,300071.1195779999,3449.093328482758,0.04838,294180.37313599995,31532.109458665193,89.31176869999999,68.49705376744186,20.457679085181304,0.2865987238918017,18,64,,True,False,Request timeout: 300.0s exceeded,402,21.16838264042747
467,2026-09-14T02:31:56.097+00:00,2026-09-14T02:36:49.892+00:00,2026-09-14T02:36:56.127+00:00,False,90,89.0,,89.0,293794.405805,300029.775021,300029.77501,3333.6641667777776,0.02489,293794.405805,30961.270391869675,87.70654299999998,70.06032826966292,19.15735562385082,0.29663722540128096,18,64,,True,False,Request timeout: 300.0s exceeded,423,21.16838264042747
468,2026-09-14T02:31:59.816+00:00,2026-09-14T02:36:53.712+00:00,2026-09-14T02:36:59.865+00:00,False,86,85.0,,85.0,293895.929375,300048.618783,300048.618794,3488.9374278372093,0.02718,293895.929375,31683.81332706393,89.52661125,72.38458127058823,19.049925444185625,0.28328742303417626,18,64,,True,False,Request timeout: 300.0s exceeded,342,21.16838264042747
469,2026-09-14T02:32:02.837+00:00,2026-09-14T02:36:56.465+00:00,2026-09-14T02:37:02.859+00:00,False,91,90.0,,90.0,293628.224274,300022.278674,300022.278632,3296.9481168351645,0.0342,293628.224274,30773.160287465536,89.3074915,71.0450488888889,19.830013974568196,0.29997772298034153,18,64,,True,False,Request timeout: 300.0s exceeded,427,21.16838264042747
470,2026-09-14T02:32:05.902+00:00,2026-09-14T02:36:59.782+00:00,2026-09-14T02:37:05.913+00:00,False,97,96.0,,96.0,293879.734166,300010.792854,300010.792769,3092.894770814433,0.034639,293879.734166,29832.488099199847,87.7221588,63.86519466666667,19.823306461444105,0.3199884880365565,18,64,,True,False,Request timeout: 300.0s exceeded,399,21.16838264042747
471,2026-09-14T02:32:09.105+00:00,2026-09-14T02:37:02.564+00:00,2026-09-14T02:37:09.144+00:00,False,109,108.0,,108.0,293459.597856,300038.821152,300038.821324,2752.6497369174313,0.0,293459.597856,28102.510581994127,90.2268598,60.91873422222223,28.07199962865342,0.3599534206451474,18,64,,True,False,Request timeout: 300.0s exceeded,513,21.16838264042747
472,2026-09-14T02:32:13.415+00:00,2026-09-14T02:37:07.247+00:00,2026-09-14T02:37:13.477+00:00,False,93,92.0,,92.0,293832.606673,300061.970897,300061.97087799996,3226.4728051397847,0.03541,293832.606673,30462.00723915098,88.8104428,67.71048069565217,20.075373152682683,0.30660333172170007,18,64,,True,False,Request timeout: 300.0s exceeded,355,21.16838264042747
473,2026-09-14T02:32:17.630+00:00,2026-09-14T02:37:11.145+00:00,2026-09-14T02:37:17.665+00:00,False,103,102.0,,102.0,293514.93863700004,300034.93991700007,300034.94003900007,2912.960582902913,0.02091,293514.93863700004,28914.595007373107,88.31675889999998,63.92158117647058,20.400644250391785,0.33996040603876565,18,64,,True,False,Request timeout: 300.0s exceeded,513,21.16838264042747
474,2026-09-14T02:32:20.178+00:00,2026-09-14T02:37:13.822+00:00,2026-09-14T02:37:20.206+00:00,False,99,98.0,,98.0,293643.951687,300028.431431,300028.43139599997,3030.590216121212,0.019899999999999998,293643.951687,29505.78720429591,88.9301007,65.14775248979592,20.766083747981916,0.3266357109310751,18,64,,True,False,Request timeout: 300.0s exceeded,434,21.16838264042747
475,2026-09-14T02:32:22.881+00:00,2026-09-14T02:37:16.474+00:00,2026-09-14T02:37:22.911+00:00,False,98,97.0,,97.0,293592.907977,300029.981641,300029.981745,3061.5304259693876,0.03374,293592.907977,29650.666113924064,89.83283384999999,66.36158416494845,20.972694692224746,0.3233010230159767,18,64,,True,False,Request timeout: 300.0s exceeded,461,21.16838264042747
476,2026-09-14T02:32:26.169+00:00,2026-09-14T02:37:19.740+00:00,2026-09-14T02:37:26.189+00:00,False,99,98.0,,98.0,293570.216218,300019.23919399997,300019.23914099997,3030.4973650606057,0.023899999999999998,293570.216218,29498.310090362367,88.0770309,65.80635689795918,20.43318518685459,0.3266457186654978,18,64,,True,False,Request timeout: 300.0s exceeded,383,21.16838264042747
477,2026-09-14T02:32:29.762+00:00,2026-09-14T02:37:23.339+00:00,2026-09-14T02:37:29.810+00:00,False,95,94.0,,94.0,293576.56462900003,300047.283605,300047.283477,3158.392457652632,0.028059999999999998,293576.56462900003,30113.263777446136,91.08630600000001,68.83743591489362,19.66137559485127,0.31328395601723613,18,64,,True,False,Request timeout: 300.0s exceeded,501,21.16838264042747
478,2026-09-14T02:32:33.623+00:00,2026-09-14T02:37:27.345+00:00,2026-09-14T02:37:33.701+00:00,False,92,91.0,,91.0,293721.31065600005,300077.41920000006,300077.41926500003,3261.7110789673916,0.0233,293721.31065600005,30615.287124499122,86.9255436,69.84734663736265,18.81851010066334,0.30325507411588665,18,64,,True,False,Request timeout: 300.0s exceeded,450,21.16838264042747
479,2026-09-14T02:32:36.285+00:00,2026-09-14T02:37:30.144+00:00,2026-09-14T02:37:36.355+00:00,False,92,91.0,,91.0,293859.071346,300070.850674,300070.850671,3261.639681206522,0.02022,293859.071346,30629.815066840376,86.34464055000001,68.2613112967033,18.891729702196315,0.3032617123442734,18,64,,True,False,Request timeout: 300.0s exceeded,258,21.16838264042747
480,2026-09-14T02:32:39.014+00:00,2026-09-14T02:37:32.875+00:00,2026-09-14T02:37:39.044+00:00,False,92,91.0,,91.0,293861.253801,300029.465769,300029.465741,3261.1898450108697,0.022600000000000002,293861.253801,30630.092587062514,86.57811550000001,67.78254909890109,19.004789635043387,0.3033035430928745,18,64,,True,False,Request timeout: 300.0s exceeded,344,21.16838264042747
481,2026-09-14T02:32:43.133+00:00,2026-09-14T02:37:36.818+00:00,2026-09-14T02:37:43.193+00:00,False,93,92.0,,92.0,293684.557867,300059.687211,300059.68717499997,3226.4482491935482,0.03822,293684.557867,30446.490730737525,90.09931759999999,69.29488417391305,19.655855449946863,0.30660566520988936,18,64,,True,False,Request timeout: 300.0s exceeded,316,21.16838264042747
482,2026-09-14T02:32:45.911+00:00,2026-09-14T02:37:39.748+00:00,2026-09-14T02:37:45.990+00:00,False,88,87.0,,87.0,293837.304876,300078.929708,300078.929702,3409.987837522727,0.036359999999999996,293837.304876,31315.519575341914,87.32672435,71.74281416091955,18.56411660498567,0.28992372135110495,18,64,,True,False,Request timeout: 300.0s exceeded,435,21.16838264042747
483,2026-09-14T02:32:49.382+00:00,2026-09-14T02:37:43.273+00:00,2026-09-14T02:37:49.414+00:00,False,91,90.0,,90.0,293891.25827999995,300032.0073359999,300032.0071989999,3297.055024164835,0.09054000000000001,293891.25827999995,30801.028405722886,88.0478845,68.23054506666666,19.23632180473619,0.2999679960785343,18,64,,True,False,Request timeout: 300.0s exceeded,465,21.16838264042747
484,2026-09-14T02:32:52.589+00:00,2026-09-14T02:37:45.905+00:00,2026-09-14T02:37:52.614+00:00,False,101,100.0,,100.0,293316.661021,300025.690909,300025.691091,2970.5513969405943,0.03381,293316.661021,29179.429289876665,88.436373,67.09029888,19.426301356840977,0.3333047903232085,18,64,,True,False,Request timeout: 300.0s exceeded,463,21.16838264042747
485,2026-09-14T02:32:56.299+00:00,2026-09-14T02:37:49.792+00:00,2026-09-14T02:37:56.349+00:00,False,93,92.0,,92.0,293492.466517,300050.159445,300050.159676,3226.3458029677417,0.02139,293492.466517,30426.365948027025,88.485571,71.27927095652173,19.545786081471103,0.30661540113883473,18,64,,True,False,Request timeout: 300.0s exceeded,247,21.16838264042747
486,2026-09-14T02:32:59.085+00:00,2026-09-14T02:37:52.696+00:00,2026-09-14T02:37:59.101+00:00,False,91,90.0,,90.0,293611.912174,300016.83019,300016.830145,3296.8882433516483,0.0347,293611.912174,30771.43810591485,91.0760775,71.16575573333333,20.51536504244312,0.29998317075413133,18,64,,True,False,Request timeout: 300.0s exceeded,445,21.16838264042747
487,2026-09-14T02:33:03.336+00:00,2026-09-14T02:37:57.068+00:00,2026-09-14T02:38:03.388+00:00,False,90,89.0,,89.0,293731.822967,300051.920759,300051.920768,3333.910230755556,0.02088,293731.822967,30954.573664577532,88.59215495000001,71.01233474157304,19.85091804336558,0.29661533168949217,18,64,,True,False,Request timeout: 300.0s exceeded,315,21.16838264042747
488,2026-09-14T02:33:06.298+00:00,2026-09-14T02:38:00.184+00:00,2026-09-14T02:38:06.341+00:00,False,90,89.0,,89.0,293885.869911,300042.725463,300042.725515,3333.808061277778,0.02282,293885.869911,30971.00536978054,90.61560695,69.17815226966292,20.464926069459565,0.2966244219474506,18,64,,True,False,Request timeout: 300.0s exceeded,400,21.16838264042747
489,2026-09-14T02:33:09.358+00:00,2026-09-14T02:38:02.931+00:00,2026-09-14T02:38:09.369+00:00,False,95,94.0,,94.0,293572.87222,300010.492188,300010.492122,3158.0051802315793,0.0219,293572.87222,30112.92186108202,90.67349200000001,68.48531880851063,20.84902327991791,0.31332237520911566,18,64,,True,False,Request timeout: 300.0s exceeded,438,21.16838264042747
490,2026-09-14T02:33:12.103+00:00,2026-09-14T02:38:05.734+00:00,2026-09-14T02:38:12.754+00:00,False,60,59.0,,59.0,293630.78899800003,300650.74880600005,300650.748779,5010.845812983334,0.046189999999999995,293630.78899800003,37894.11902864165,90.3521875,118.98236962711864,383.50038687708144,0.19624098803782042,18,64,,True,False,Request timeout: 300.0s exceeded,247,21.16838264042747
491,2026-09-14T02:33:15.964+00:00,2026-09-14T02:38:09.319+00:00,2026-09-14T02:38:16.003+00:00,False,111,110.0,,110.0,293354.68634500005,300038.92135300004,300038.92126800003,2703.0533447567573,0.015359999999999999,293354.68634500005,27839.66878556397,87.3913505,60.76577279999999,284.6279711024872,0.36661910229501005,18,64,,True,False,Request timeout: 300.0s exceeded,415,21.16838264042747
492,2026-09-14T02:33:20.354+00:00,2026-09-14T02:38:14.148+00:00,2026-09-14T02:38:20.428+00:00,False,97,96.0,,96.0,293794.233266,300074.286514,300074.286593,3093.5493463195876,0.03474,293794.233266,29823.648781428546,85.818093,65.41722133333333,19.152113790662785,0.31992078066816004,18,64,,True,False,Request timeout: 300.0s exceeded,465,21.16838264042747
493,2026-09-14T02:33:24.235+00:00,2026-09-14T02:38:18.036+00:00,2026-09-14T02:38:24.254+00:00,False,92,91.0,,91.0,293801.7019,300019.431692,300019.431736,3261.0807797391303,0.02221,293801.7019,30623.827802063228,89.8296761,68.32670101098901,20.052128211167858,0.3033136870061824,18,64,,True,False,Request timeout: 300.0s exceeded,302,21.16838264042747
494,2026-09-14T02:33:28.222+00:00,2026-09-14T02:38:21.785+00:00,2026-09-14T02:38:28.279+00:00,False,100,99.0,,99.0,293563.01306,300057.109444,300057.10946400004,3000.5710946400004,0.04391,293563.01306,29349.748495832035,89.86747195,65.59693317171717,20.20301560592107,0.3299371915681154,18,64,,True,False,Request timeout: 300.0s exceeded,453,21.16838264042747
495,2026-09-14T02:33:31.950+00:00,2026-09-14T02:38:25.770+00:00,2026-09-14T02:38:32.002+00:00,False,97,96.0,,96.0,293819.827337,300052.360329,300052.360203,3093.3233010618555,0.02561,293819.827337,29826.298685977592,87.96101420000001,64.92221866666667,20.60875042213155,0.3199441587286245,18,64,,True,False,Request timeout: 300.0s exceeded,477,21.16838264042747
496,2026-09-14T02:33:35.537+00:00,2026-09-14T02:38:29.391+00:00,2026-09-14T02:38:35.562+00:00,False,92,91.0,,91.0,293853.883754,300025.600106,300025.600117,3261.147827358696,0.05024,293853.883754,30629.320731220512,88.50447609999999,67.82105881318681,19.864505112095593,0.30330745099034684,18,64,,True,False,Request timeout: 300.0s exceeded,360,21.16838264042747
497,2026-09-14T02:33:38.600+00:00,2026-09-14T02:38:31.908+00:00,2026-09-14T02:38:38.616+00:00,False,96,95.0,,95.0,293307.865745,300015.46740900003,300015.467427,3125.16111903125,0.04282,293307.865745,29928.408930576363,89.5410385,70.60633330526316,19.778811256892226,0.3166503407988962,18,64,,True,False,Request timeout: 300.0s exceeded,361,21.16838264042747
498,2026-09-14T02:33:41.970+00:00,2026-09-14T02:38:35.432+00:00,2026-09-14T02:38:41.993+00:00,False,96,95.0,,95.0,293461.575068,300022.75958,300022.759369,3125.2370767604166,0.04439,293461.575068,29944.25370219422,87.81191725000001,69.06510012631578,19.127368930195278,0.31664264448800455,18,64,,True,False,Request timeout: 300.0s exceeded,396,21.16838264042747
499,2026-09-14T02:33:46.430+00:00,2026-09-14T02:38:40.244+00:00,2026-09-14T02:38:46.457+00:00,False,98,97.0,,97.0,293814.014032,300027.51623999997,300027.516379,3061.505269173469,0.04015,293814.014032,29673.23373565237,85.8334715,64.05672379381444,20.56396883248131,0.3233036796611919,18,64,,True,False,Request timeout: 300.0s exceeded,236,21.16838264042747
500,2026-09-14T02:33:50.099+00:00,2026-09-14T02:38:43.649+00:00,2026-09-14T02:38:50.137+00:00,False,100,99.0,,99.0,293550.286468,300037.999492,300037.999525,3000.37999525,0.03996,293550.286468,29348.482069030473,86.27619545000002,65.53245478787879,19.883911549705108,0.32995820585265456,18,64,,True,False,Request timeout: 300.0s exceeded,350,21.16838264042747
501,2026-09-14T02:33:53.064+00:00,2026-09-14T02:38:46.714+00:00,2026-09-14T02:38:53.093+00:00,False,95,94.0,,94.0,293649.768957,300029.077757,300029.077703,3158.2008179263157,0.03455,293649.768957,30120.874185976365,87.70076580000001,67.86498723404256,19.713208811388075,0.31330296617494063,18,64,,True,False,Request timeout: 300.0s exceeded,431,21.16838264042747
502,2026-09-14T02:33:56.558+00:00,2026-09-14T02:38:50.225+00:00,2026-09-14T02:38:56.585+00:00,False,94,93.0,,93.0,293667.45387699996,300027.30718899996,300027.307255,3191.7798644148934,0.02407,293667.45387699996,30282.438080272685,87.8062025,68.38551948387097,19.766449637831748,0.30997178513959517,18,64,,True,False,Request timeout: 300.0s exceeded,452,21.16838264042747
503,2026-09-14T02:34:00.445+00:00,2026-09-14T02:38:54.115+00:00,2026-09-14T02:39:00.494+00:00,False,96,95.0,,95.0,293670.62139,300049.50395,300049.50394699996,3125.5156661145834,0.033299999999999996,293670.62139,29965.785824445764,88.15148825,67.14613221052632,20.01264982023358,0.31661442111842564,18,64,,True,False,Request timeout: 300.0s exceeded,428,21.16838264042747
504,2026-09-14T02:34:03.193+00:00,2026-09-14T02:38:56.845+00:00,2026-09-14T02:39:03.199+00:00,False,92,91.0,,91.0,293652.326026,300006.415754,300006.41559600004,3260.939299956522,0.038259999999999995,293652.326026,30608.09768760287,88.52146805000001,69.82516184615385,19.454772870524437,0.30332684643190566,18,64,,True,False,Request timeout: 300.0s exceeded,415,21.16838264042747
505,2026-09-14T02:34:07.789+00:00,2026-09-14T02:39:01.763+00:00,2026-09-14T02:39:07.849+00:00,False,94,93.0,,93.0,293973.52506699995,300059.23898699996,300059.23898299993,3192.1195636489356,0.03379,293973.52506699995,30314.311252997395,88.81837279999999,65.43778408602151,20.24262793713327,0.3099387984651565,18,64,,True,False,Request timeout: 300.0s exceeded,506,21.16838264042747
506,2026-09-14T02:34:11.387+00:00,2026-09-14T02:39:04.898+00:00,2026-09-14T02:39:11.396+00:00,False,100,99.0,,99.0,293511.564891,300009.228891,300009.228957,3000.09228957,0.03592,293511.564891,29344.60033715297,89.04886725,65.6329696969697,20.581993106450927,0.3299898485321893,18,64,,True,False,Request timeout: 300.0s exceeded,411,21.16838264042747
507,2026-09-14T02:34:14.594+00:00,2026-09-14T02:39:08.335+00:00,2026-09-14T02:39:14.663+00:00,False,94,93.0,,93.0,293741.69321399997,300069.53346999997,300069.53362999996,3192.2290811702123,0.02063,293741.69321399997,30290.130982301394,88.48408864999999,68.04129307526883,20.06862197802347,0.309928165397364,18,64,,True,False,Request timeout: 300.0s exceeded,431,21.16838264042747
508,2026-09-14T02:34:17.987+00:00,2026-09-14T02:39:11.477+00:00,2026-09-14T02:39:18.025+00:00,False,98,97.0,,97.0,293489.97011299996,300037.93376099993,300037.93368499994,3061.6115682142854,0.027460000000000002,293489.97011299996,29640.151547122372,86.42348485000001,67.50477987628865,19.805124701909424,0.3232924543376803,18,64,,True,False,Request timeout: 300.0s exceeded,402,21.16838264042747
509,2026-09-14T02:34:20.966+00:00,2026-09-14T02:39:14.661+00:00,2026-09-14T02:39:21.004+00:00,False,93,92.0,,92.0,293695.895739,300038.430907,300038.431053,3226.2196887419354,0.03453,293695.895739,30447.703432237504,88.966074,68.9405996521739,20.09233006130061,0.3066273867713845,18,64,,True,False,Request timeout: 300.0s exceeded,211,21.16838264042747
510,2026-09-14T02:34:25.540+00:00,2026-09-14T02:39:19.407+00:00,2026-09-14T02:39:25.560+00:00,False,92,91.0,,91.0,293867.187305,300020.756073,300020.756019,3261.0951741195654,0.03307,293867.187305,30630.728349110403,87.25661199999999,67.62163481318682,19.60657026512372,0.30331234808920415,18,64,,True,False,Request timeout: 300.0s exceeded,302,21.16838264042747
511,2026-09-14T02:34:29.701+00:00,2026-09-14T02:39:23.487+00:00,2026-09-14T02:39:29.713+00:00,False,94,93.0,,93.0,293785.630687,300011.584735,300011.58478699997,3191.6126041170214,0.02273,293785.630687,30294.77588393954,88.09813749999999,66.9457424516129,20.221853287753294,0.30998802956941424,18,64,,True,False,Request timeout: 300.0s exceeded,391,21.16838264042747
512,2026-09-14T02:34:34.051+00:00,2026-09-14T02:39:27.316+00:00,2026-09-14T02:39:34.061+00:00,False,103,102.0,,102.0,293264.484954,300009.492826,300009.49277899996,2912.7135221262133,0.0355,293264.484954,28889.699189339965,87.28153809999999,66.12752815686274,19.62618006471851,0.33998924180428564,18,64,,True,False,Request timeout: 300.0s exceeded,443,21.16838264042747
513,2026-09-14T02:34:37.091+00:00,2026-09-14T02:39:30.781+00:00,2026-09-14T02:39:37.106+00:00,False,119,118.0,,118.0,293690.016135,300014.71347899997,300014.713487,2521.1320461092437,0.032979999999999995,293690.016135,26917.61481090102,87.483819,53.5991300338983,21.60476750759453,0.393314043273613,18,64,,True,False,Request timeout: 300.0s exceeded,552,21.16838264042747
0,2026-09-14T02:04:40.903+00:00,2026-09-14T02:04:41.143+00:00,2026-09-14T02:04:56.051+00:00,True,268,268.0,,268.0,239.417316,15147.523044,15147.523049,56.52060839179104,0.054499000000000006,239.417316,23.715006957883233,94.65811034999999,55.835601977528086,20.93533472225826,17.692661646496454,19,64,,False,True,,1143,21.16838264042747
1,2026-09-14T02:04:45.949+00:00,2026-09-14T02:04:46.166+00:00,2026-09-14T02:05:02.634+00:00,True,259,259.0,,259.0,216.394114,16684.559746,16684.559621,64.41914911583011,38.906057999999994,216.394114,23.707496150281955,95.88768900000001,63.83009934883721,21.771890466753607,15.523334384780117,19,64,,False,True,,1242,21.16838264042747
2,2026-09-14T02:04:50.890+00:00,2026-09-14T02:04:56.047+00:00,2026-09-14T02:05:13.203+00:00,True,262,262.0,,262.0,5157.4516109999995,22312.977499,22312.977548,85.16403644274808,38.841578999999996,5157.4516109999995,315.3041078074979,94.56405339999999,65.72998424521073,21.579665099352574,11.742045632939039,19,64,,False,True,,1062,21.16838264042747
3,2026-09-14T02:04:54.334+00:00,2026-09-14T02:05:02.964+00:00,2026-09-14T02:05:15.161+00:00,True,186,186.0,,186.0,8630.259442,20827.733234,20827.733368,111.97706111827958,37.673631,8630.259442,628.3309317488938,95.87896025,65.93229076756757,21.442346798508023,8.930400534243754,19,64,,False,True,,753,21.16838264042747
4,2026-09-14T02:05:00.092+00:00,2026-09-14T02:05:11.894+00:00,2026-09-14T02:05:21.273+00:00,True,139,139.0,,139.0,11802.569558000001,21181.67791,21181.677993,152.3861726115108,20.185107,11802.569558000001,995.5746507341225,95.3267518,67.9645532753623,22.766027286771216,6.562275216845652,19,64,,False,True,,653,21.16838264042747
5,2026-09-14T02:05:04.683+00:00,2026-09-14T02:05:19.706+00:00,2026-09-14T02:05:32.153+00:00,True,185,185.0,,185.0,15022.962951,27469.507847,27469.507802,148.48382595675676,39.378957,15022.962951,1099.7511169144618,94.09309719999999,67.64426573913043,21.76475182869562,6.734740244725725,19,64,,False,True,,393,21.16838264042747
6,2026-09-14T02:05:09.152+00:00,2026-09-14T02:05:28.234+00:00,2026-09-14T02:05:42.150+00:00,True,213,213.0,,213.0,19081.810677,32997.599989,32997.599873,154.9183092629108,0.01724,19081.810677,1303.2503061768527,95.93248160000002,65.64051562264152,27.26059090284292,6.455014912327114,19,64,,False,True,,899,21.16838264042747
7,2026-09-14T02:05:13.540+00:00,2026-09-14T02:05:35.725+00:00,2026-09-14T02:05:45.975+00:00,True,157,157.0,,157.0,22185.027559000002,32435.021031000004,32435.021049000003,206.5924907579618,0.0179,22185.027559000002,1765.564464921814,98.2858428,65.70508635897436,29.827090876942002,4.840446992463674,19,64,,False,True,,515,21.16838264042747
8,2026-09-14T02:05:18.072+00:00,2026-09-14T02:05:44.015+00:00,2026-09-14T02:05:55.330+00:00,True,169,169.0,,169.0,25943.06239,37257.998454,37257.998546999996,220.46152986390533,40.790684,25943.06239,1990.5547928690137,94.7484706,67.35080990476192,21.50164463778685,4.535938778586112,19,64,,False,True,,1007,21.16838264042747
9,2026-09-14T02:05:23.285+00:00,2026-09-14T02:05:52.841+00:00,2026-09-14T02:06:11.449+00:00,True,277,277.0,,277.0,29555.842767000002,48164.558799000006,48164.558885,173.8792739530686,38.027370000000005,29555.842767000002,1771.92143296905,95.342111,67.42288417391305,21.830698959156337,5.75111673203474,19,64,,False,True,,942,21.16838264042747
10,2026-09-14T02:05:28.425+00:00,2026-09-14T02:06:01.676+00:00,2026-09-14T02:06:12.927+00:00,True,169,169.0,,169.0,33250.890863,44501.748079,44501.748154,263.3239535739645,36.535413,33250.890863,2552.7049809960067,95.65680259999999,66.9693881904762,22.162580509800534,3.7976036289628294,19,64,,False,True,,836,21.16838264042747
11,2026-09-14T02:05:33.643+00:00,2026-09-14T02:06:11.038+00:00,2026-09-14T02:06:18.244+00:00,True,111,111.0,,111.0,37394.935829999995,44601.09826199999,44601.098225999995,401.8116957297297,38.824178,37394.935829999995,3543.2191012330145,94.128667,65.51056756363636,21.865570270445616,2.4887279534677216,19,64,,False,True,,148,21.16838264042747
12,2026-09-14T02:05:36.994+00:00,2026-09-14T02:06:17.055+00:00,2026-09-14T02:06:36.290+00:00,True,290,290.0,,290.0,40060.493164,59295.40414,59295.404303999996,204.46691139310346,0.01578,40060.493164,2348.712511961418,95.40695845,66.55678538408304,29.74462810391671,4.890766901854529,19,64,,False,True,,1293,21.16838264042747
13,2026-09-14T02:05:41.135+00:00,2026-09-14T02:06:24.003+00:00,2026-09-14T02:06:32.738+00:00,True,135,135.0,,135.0,42868.093589000004,51602.340757000005,51602.340895,382.2395621851852,38.909269,42868.093589000004,3683.9531921852276,95.10416239999999,65.18094901492537,21.969235396988726,2.6161603915552387,19,64,,False,True,,567,21.16838264042747
14,2026-09-14T02:05:44.403+00:00,2026-09-14T02:06:29.674+00:00,2026-09-14T02:06:47.103+00:00,True,259,259.0,,259.0,45270.749965,62699.971853,62699.971783,242.08483313899615,0.01672,45270.749965,2808.9527583226873,94.3162789,67.55512359689922,30.309748028716445,4.130783353575104,19,64,,False,True,,1206,21.16838264042747
15,2026-09-14T02:05:49.438+00:00,2026-09-14T02:06:38.934+00:00,2026-09-14T02:06:52.583+00:00,True,206,206.0,,206.0,49495.760904,63144.204296,63144.204227,306.52526323786407,8.212202,49495.760904,3443.970075679028,94.70517999999998,66.57777264390243,22.890312041210247,3.2623738361534707,19,64,,False,True,,826,21.16838264042747
16,2026-09-14T02:05:53.636+00:00,2026-09-14T02:06:45.411+00:00,2026-09-14T02:07:05.030+00:00,True,295,295.0,,295.0,51774.552713,71394.04276099999,71394.04277,242.01370430508473,7.025385,51774.552713,3010.6264914421404,93.52265500000001,66.73295934693877,22.099028424646576,4.131997413111167,19,64,,False,True,,1070,21.16838264042747
17,2026-09-14T02:05:57.254+00:00,2026-09-14T02:06:52.309+00:00,2026-09-14T02:07:10.389+00:00,True,269,269.0,,269.0,55054.477676,73134.91082800001,73134.910912,271.8769922379182,0.0,55054.477676,3352.7097016778634,95.056849,67.46430280597015,24.927731484974746,3.6781339712389753,19,64,,False,True,,1182,21.16838264042747
18,2026-09-14T02:06:02.369+00:00,2026-09-14T02:07:00.918+00:00,2026-09-14T02:07:12.260+00:00,True,171,171.0,,171.0,58548.859941,69891.532581,69891.53266900001,408.72241326900587,0.0,58548.859941,4472.3246431659945,96.76283149999999,66.72160376470588,27.450403260071443,2.446648308961053,19,64,,False,True,,896,21.16838264042747
19,2026-09-14T02:06:07.826+00:00,2026-09-14T02:07:10.520+00:00,2026-09-14T02:07:25.462+00:00,True,226,226.0,,226.0,62694.130651,77635.779035,77635.779153,343.5211466946903,33.11404,62694.130651,4165.996342346393,96.43784625,66.4073261511111,22.807603335903952,2.9110289457920424,19,64,,False,True,,977,21.16838264042747
20,2026-09-14T02:06:11.953+00:00,2026-09-14T02:07:18.171+00:00,2026-09-14T02:07:32.886+00:00,True,226,226.0,,226.0,66217.950639,80933.055407,80933.055496,358.1108650265487,0.01638,66217.950639,4400.568822496154,95.876636,65.40046563555556,38.38168157346801,2.792431335546155,19,64,,False,True,,1165,21.16838264042747
21,2026-09-14T02:06:15.232+00:00,2026-09-14T02:07:24.582+00:00,2026-09-14T02:07:43.170+00:00,True,283,283.0,,283.0,69349.789875,87938.257587,87938.257568,310.7358924664311,0.01653,69349.789875,4118.647732341404,94.65706899999999,65.91655217021277,35.09052361348574,3.2181670158749673,19,64,,False,True,,1319,21.16838264042747
22,2026-09-14T02:06:20.871+00:00,2026-09-14T02:07:33.512+00:00,2026-09-14T02:07:47.151+00:00,True,212,212.0,,212.0,72641.059286,86279.228886,86279.22906,406.97749556603776,34.948886,72641.059286,4984.617423316109,94.30052110000001,64.63587488151659,21.972527188122772,2.4571383256115302,19,64,,False,True,,915,21.16838264042747
23,2026-09-14T02:06:26.518+00:00,2026-09-14T02:07:42.981+00:00,2026-09-14T02:07:59.629+00:00,True,257,257.0,,257.0,76462.38389,93110.464274,93110.46425,362.29752626459145,0.0,76462.38389,4765.596751900899,93.34216500000001,65.031564,24.129135917585803,2.7601623727674207,19,64,,False,True,,946,21.16838264042747
24,2026-09-14T02:06:29.731+00:00,2026-09-14T02:07:48.725+00:00,2026-09-14T02:07:55.752+00:00,True,109,109.0,,109.0,78994.228816,86020.63035200001,86020.630405,789.1800954587156,0.0,78994.228816,7560.09428646018,94.248343,65.05927348148148,27.887876711857587,1.26713788952682,19,64,,False,True,,442,21.16838264042747
25,2026-09-14T02:06:33.352+00:00,2026-09-14T02:07:55.892+00:00,2026-09-14T02:08:12.572+00:00,True,253,253.0,,253.0,82540.195236,99219.900324,99219.900352,392.1735191778656,34.535057,82540.195236,5185.141381455504,95.355581,66.18930590476191,21.658210959807814,2.549891696865599,19,64,,False,True,,1367,21.16838264042747
26,2026-09-14T02:06:37.822+00:00,2026-09-14T02:08:03.682+00:00,2026-09-14T02:08:18.481+00:00,True,225,225.0,,225.0,85859.63197599999,100658.49866399998,100658.49869699999,447.37110531999997,0.0,85859.63197599999,5719.631538465911,94.9432072,66.06636914285714,26.365743934939967,2.23528070641163,19,64,,False,True,,477,21.16838264042747
27,2026-09-14T02:06:42.534+00:00,2026-09-14T02:08:11.268+00:00,2026-09-14T02:08:17.896+00:00,True,103,103.0,,103.0,88734.081213,95362.032829,95362.032659,925.8449772718446,0.0,88734.081213,8736.882307139294,93.11913610000002,64.97991780392157,31.477849105291572,1.0800944248398747,19,64,,False,True,,150,21.16838264042747
28,2026-09-14T02:06:46.844+00:00,2026-09-14T02:08:19.300+00:00,2026-09-14T02:08:27.562+00:00,True,125,125.0,,125.0,92456.680239,100718.587183,100718.58714599999,805.7486971679999,0.0158,92456.680239,8263.816066386164,96.55082820000001,66.62828180645161,57.52442449874022,1.2410817456452408,19,64,,False,True,,597,21.16838264042747
29,2026-09-14T02:06:51.158+00:00,2026-09-14T02:08:27.141+00:00,2026-09-14T02:08:39.476+00:00,True,184,184.0,,184.0,95982.466063,108317.618703,108317.618892,588.6827113695653,0.0,95982.466063,7070.996270194111,96.631463,67.4052056830601,25.061978908390536,1.698707949853627,19,64,,False,True,,625,21.16838264042747
30,2026-09-14T02:06:54.775+00:00,2026-09-14T02:08:33.618+00:00,2026-09-14T02:08:45.285+00:00,True,173,173.0,,173.0,98842.395955,110510.008627,110510.008604,638.786176901734,0.0,98842.395955,7509.732741237532,95.78045560000001,67.83495739534884,25.168569120657928,1.5654690660998856,19,64,,False,True,,697,21.16838264042747
31,2026-09-14T02:06:58.625+00:00,2026-09-14T02:08:40.923+00:00,2026-09-14T02:08:49.271+00:00,True,128,128.0,,128.0,102297.730079,110646.410527,110646.41059300001,864.4250827578126,40.932053,102297.730079,9036.146070356923,95.94388950000001,65.73764132283465,23.05581658144959,1.1568382506973904,19,64,,False,True,,191,21.16838264042747
32,2026-09-14T02:07:02.193+00:00,2026-09-14T02:08:46.969+00:00,2026-09-14T02:09:04.479+00:00,True,266,266.0,,266.0,104775.36107799999,122285.55064599999,122285.55049099999,459.7201146278195,0.0,104775.36107799999,6420.193454199101,95.50474824999999,66.0761870490566,26.691912634603444,2.1752365557074995,19,64,,False,True,,1225,21.16838264042747
33,2026-09-14T02:07:06.395+00:00,2026-09-14T02:08:54.335+00:00,2026-09-14T02:09:09.576+00:00,True,234,234.0,,234.0,107939.719184,123181.02888,123181.028835,526.4146531410256,0.0,107939.719184,7052.01666322891,94.66972914999998,65.41334633476396,27.317355874357357,1.8996431684943724,19,64,,False,True,,990,21.16838264042747
34,2026-09-14T02:07:11.318+00:00,2026-09-14T02:09:03.437+00:00,2026-09-14T02:09:17.406+00:00,True,210,210.0,,210.0,112118.686832,126088.094576,126088.094639,600.4194982809524,34.330757,112118.686832,7732.345320151346,97.63688395000001,66.83927150239235,22.724937140163156,1.6655022086436704,19,64,,False,True,,1127,21.16838264042747
35,2026-09-14T02:07:16.330+00:00,2026-09-14T02:09:12.525+00:00,2026-09-14T02:09:22.100+00:00,True,143,143.0,,143.0,116195.310258,125770.10245,125770.102506,879.5112063356643,0.0,116195.310258,9711.327864927325,98.189756,67.42811402816902,66.56210135663228,1.1369951778233602,19,64,,False,True,,662,21.16838264042747
36,2026-09-14T02:07:21.318+00:00,2026-09-14T02:09:20.994+00:00,2026-09-14T02:09:35.979+00:00,True,227,227.0,,227.0,119675.363702,134660.339574,134660.339464,593.2173544669604,0.0,119675.363702,7938.7824569511295,96.378759,66.30520297345133,28.355703585897086,1.6857227652783136,19,64,,False,True,,1008,21.16838264042747
37,2026-09-14T02:07:25.416+00:00,2026-09-14T02:09:28.262+00:00,2026-09-14T02:09:42.107+00:00,True,211,211.0,,211.0,122846.54669,136691.640066,136691.64006,647.8276780094786,39.148058,122846.54669,8452.59337354138,95.1591885,65.92901607619048,21.44267636215018,1.5436203698932947,19,64,,False,True,,1090,21.16838264042747
38,2026-09-14T02:07:31.157+00:00,2026-09-14T02:09:38.265+00:00,2026-09-14T02:09:50.876+00:00,True,194,194.0,,194.0,127107.816774,139719.140166,139719.140319,720.2017542216495,0.0,127107.816774,9121.16874099577,94.39023765,65.34364451813471,30.50110791675928,1.3884998130500164,19,64,,False,True,,1046,21.16838264042747
39,2026-09-14T02:07:34.821+00:00,2026-09-14T02:09:44.027+00:00,2026-09-14T02:09:51.757+00:00,True,122,122.0,,122.0,129206.46374699999,136936.55987499998,136936.559812,1122.4308181311474,0.0,129206.46374699999,11692.070950698508,94.37732000000001,63.88509196694215,34.76107637960451,0.8909235058290165,19,64,,False,True,,611,21.16838264042747
40,2026-09-14T02:07:40.043+00:00,2026-09-14T02:09:53.974+00:00,2026-09-14T02:10:01.849+00:00,True,118,118.0,,118.0,133930.786294,141806.52159,141806.52156,1201.7501827118642,38.00407,133930.786294,12323.151083036131,95.1514017,67.3139768888889,22.07058579172672,0.8321196985648451,19,64,,False,True,,563,21.16838264042747
41,2026-09-14T02:07:44.073+00:00,2026-09-14T02:10:01.120+00:00,2026-09-14T02:10:09.580+00:00,True,129,129.0,,129.0,137047.309178,145507.346298,145507.34622,1127.9639241860464,40.263875,137047.309178,12060.542865039595,96.35740100000001,66.09404,21.696527232207508,0.8865531760561914,19,64,,False,True,,554,21.16838264042747
42,2026-09-14T02:07:49.403+00:00,2026-09-14T02:10:10.347+00:00,2026-09-14T02:10:23.718+00:00,True,205,205.0,,205.0,140944.283879,154315.49309499998,154315.49302,752.7585025365853,0.0,140944.283879,9839.636819443589,98.0479292,65.54514321568628,68.73530172566116,1.3284472990265308,19,64,,False,True,,883,21.16838264042747
43,2026-09-14T02:07:55.190+00:00,2026-09-14T02:10:20.951+00:00,2026-09-14T02:10:29.200+00:00,True,125,125.0,,125.0,145761.48361899998,154010.828387,154010.82849699998,1232.0866279759998,40.709474,145761.48361899998,13031.371475467264,96.52852579999998,66.52697393548387,21.984019541097336,0.8116312424857474,19,64,,False,True,,579,21.16838264042747
44,2026-09-14T02:08:00.890+00:00,2026-09-14T02:10:31.934+00:00,2026-09-14T02:10:48.552+00:00,True,251,251.0,,251.0,151043.619666,167661.96821000002,167661.968159,667.9759687609562,0.0,151043.619666,9529.643278706048,96.3005215,66.473394176,31.026659160985737,1.4970598441598717,19,64,,False,True,,1183,21.16838264042747
45,2026-09-14T02:08:06.414+00:00,2026-09-14T02:10:40.028+00:00,2026-09-14T02:10:50.165+00:00,True,156,156.0,,156.0,153614.355079,163750.647175,163750.647142,1049.683635525641,5.669398,153614.355079,12293.777063827038,95.8088055,65.39543287741935,22.986132448563453,0.9526679905776685,19,64,,False,True,,234,21.16838264042747
46,2026-09-14T02:08:11.237+00:00,2026-09-14T02:10:49.330+00:00,2026-09-14T02:11:06.375+00:00,True,264,264.0,,264.0,158093.831641,175138.626521,175138.626624,663.4038887272727,5.691598,158093.831641,9726.038101263503,93.69034650000002,64.80910600760456,21.69311257414873,1.5073773572635907,19,64,,False,True,,578,21.16838264042747
47,2026-09-14T02:08:15.299+00:00,2026-09-14T02:10:56.583+00:00,2026-09-14T02:11:07.539+00:00,True,170,170.0,,170.0,161283.861662,172239.53654200002,172239.536571,1013.1737445352942,39.203466999999996,161283.861662,12364.953427495167,92.9419315,64.82647857988165,21.087598823146358,0.986997546632077,19,64,,False,True,,796,21.16838264042747
48,2026-09-14T02:08:19.261+00:00,2026-09-14T02:11:03.796+00:00,2026-09-14T02:11:14.295+00:00,True,159,159.0,,159.0,164534.965653,175033.599637,175033.599656,1100.840249408805,0.0,164534.965653,13043.249726350317,94.32897799999999,66.44705053164557,35.41624144847195,0.9083970182282036,19,64,,False,True,,736,21.16838264042747
49,2026-09-14T02:08:24.743+00:00,2026-09-14T02:11:12.830+00:00,2026-09-14T02:11:26.731+00:00,True,209,209.0,,209.0,168086.808629,181987.383605,181987.383563,870.7530314019139,35.904765,168086.808629,11622.20713513021,97.155081,66.82968738461538,22.75554078528439,1.1484312585845529,19,64,,False,True,,458,21.16838264042747
50,2026-09-14T02:08:29.916+00:00,2026-09-14T02:11:22.025+00:00,2026-09-14T02:11:29.458+00:00,True,114,114.0,,114.0,172108.468632,179541.335704,179541.335577,1574.9239962894737,0.01576,172108.468632,16113.577012160253,95.57337749999999,65.77758470796459,99.2027662986332,0.6349512748860551,19,64,,False,True,,422,21.16838264042747
51,2026-09-14T02:08:35.179+00:00,2026-09-14T02:11:31.519+00:00,2026-09-14T02:11:42.493+00:00,True,168,168.0,,168.0,176340.201902,187313.680302,187313.680235,1114.9623823511904,0.0,176340.201902,13599.915792381762,94.9204985,65.70945149700599,34.47853135802642,0.8968912453652016,19,64,,False,True,,766,21.16838264042747
52,2026-09-14T02:08:39.152+00:00,2026-09-14T02:11:38.467+00:00,2026-09-14T02:11:48.821+00:00,True,155,155.0,,155.0,179314.369768,189668.35965600002,189668.359746,1223.6668370709679,0.0,179314.369768,14397.518687360054,94.854763,67.23370057142857,34.99486485775584,0.8172159040185841,19,64,,False,True,,622,21.16838264042747
53,2026-09-14T02:08:43.844+00:00,2026-09-14T02:11:46.816+00:00,2026-09-14T02:11:57.470+00:00,True,158,158.0,,158.0,182972.291035,193625.694427,193625.694453,1225.4790788164557,40.168555999999995,182972.291035,14551.113422744183,96.48810250000001,67.85607256050955,22.876763240350044,0.816007402672317,19,64,,False,True,,734,21.16838264042747
54,2026-09-14T02:08:49.414+00:00,2026-09-14T02:11:56.883+00:00,2026-09-14T02:12:05.753+00:00,True,130,130.0,,130.0,187469.78126699998,196339.81237099998,196339.812483,1510.3062498692307,40.323235000000004,187469.78126699998,16436.17410101442,97.91208345,68.75993103875969,23.900180616102947,0.6621173690150751,19,64,,False,True,,424,21.16838264042747
55,2026-09-14T02:08:52.694+00:00,2026-09-14T02:12:02.874+00:00,2026-09-14T02:12:20.789+00:00,True,261,261.0,,261.0,190180.301637,208095.192389,208095.19236,797.2995875862069,0.0,190180.301637,11767.646983419307,98.939622,68.90342596923077,33.27199633219866,1.254233685092076,19,64,,False,True,,1263,21.16838264042747
56,2026-09-14T02:08:56.161+00:00,2026-09-14T02:12:08.794+00:00,2026-09-14T02:12:20.190+00:00,True,171,171.0,,171.0,192632.823363,204029.25677100001,204029.256694,1193.1535479181287,0.0,192632.823363,14725.919194017033,99.155051,67.03784357647059,36.7254952598412,0.8381150953852091,19,64,,False,True,,711,21.16838264042747
57,2026-09-14T02:09:00.945+00:00,2026-09-14T02:12:18.092+00:00,2026-09-14T02:12:28.730+00:00,True,157,157.0,,157.0,197146.99872,207784.92128,207784.92146,1323.4708373248409,41.118044000000005,197146.99872,15728.614763966949,93.7899388,68.19181128205128,20.79914334187221,0.7555889957406249,19,64,,False,True,,219,21.16838264042747
58,2026-09-14T02:09:05.580+00:00,2026-09-14T02:12:25.557+00:00,2026-09-14T02:12:34.246+00:00,True,135,135.0,,135.0,199976.949287,208665.762087,208665.762015,1545.672311222222,41.622642,199976.949287,17205.707523375215,94.05054899999999,64.84188656716418,21.0638890774535,0.646967660864813,19,64,,False,True,,659,21.16838264042747
59,2026-09-14T02:09:10.350+00:00,2026-09-14T02:12:34.607+00:00,2026-09-14T02:12:52.372+00:00,True,267,267.0,,267.0,204256.837398,222021.90159,222021.901817,831.5427034344569,0.0,204256.837398,12496.453013504355,95.0378196,66.78595560902255,75.0973771875054,1.2025840607971165,19,64,,False,True,,1256,21.16838264042747
60,2026-09-14T02:09:13.767+00:00,2026-09-14T02:12:40.520+00:00,2026-09-14T02:12:59.077+00:00,True,284,284.0,,284.0,206752.816532,225310.508948,225310.508721,793.3468616936619,0.0,206752.816532,12264.865116660729,95.0663305,65.57488486219081,75.85549457612207,1.2604827059600008,19,64,,False,True,,1226,21.16838264042747
61,2026-09-14T02:09:18.305+00:00,2026-09-14T02:12:49.353+00:00,2026-09-14T02:12:56.544+00:00,True,111,111.0,,111.0,211048.39794999998,218239.71571,218239.71588399998,1966.1235665225224,0.0,211048.39794999998,20025.97909994918,97.094156,65.375616,120.09610012193582,0.5086150320480548,19,64,,False,True,,521,21.16838264042747
62,2026-09-14T02:09:21.743+00:00,2026-09-14T02:12:54.790+00:00,2026-09-14T02:13:13.055+00:00,True,275,275.0,,275.0,213046.97139199998,231311.77062399997,231311.77077099998,841.1337118945454,38.851508,213046.97139199998,12843.214475766361,95.2453277,66.65985121167883,21.812691578259788,1.1888716223050135,19,64,,False,True,,1202,21.16838264042747
63,2026-09-14T02:09:26.050+00:00,2026-09-14T02:13:02.012+00:00,2026-09-14T02:13:21.453+00:00,True,294,294.0,,294.0,215962.292817,235402.99041700002,235402.990402,800.6904435442177,32.489022,215962.292817,12591.326028773497,94.9662412,66.35050375426621,21.897699797228068,1.2489221121583862,19,64,,False,True,,1348,21.16838264042747
64,2026-09-14T02:09:29.427+00:00,2026-09-14T02:13:07.738+00:00,2026-09-14T02:13:25.668+00:00,True,275,275.0,,275.0,218311.087912,236241.08599199998,236241.085948,859.0584943563636,40.404484,218311.087912,13160.725142634425,93.55652100000002,65.43794919708029,21.35902355272743,1.1640650856528512,19,64,,False,True,,1477,21.16838264042747
65,2026-09-14T02:09:33.486+00:00,2026-09-14T02:13:15.650+00:00,2026-09-14T02:13:28.124+00:00,True,193,193.0,,193.0,222164.26506600002,234637.66385,234637.66383200002,1215.7391908393784,38.793627,222164.26506600002,15987.072155924836,93.9463384,64.96561866666667,21.77995776074842,0.8225448414086739,19,64,,False,True,,899,21.16838264042747
66,2026-09-14T02:09:36.777+00:00,2026-09-14T02:13:21.368+00:00,2026-09-14T02:13:31.896+00:00,True,163,163.0,,163.0,224590.971478,235119.05570199998,235119.055668,1442.4481942822085,0.0,224590.971478,17586.281018625683,94.08540020000001,64.98817422222223,41.535559733362945,0.6932657989516308,19,64,,False,True,,780,21.16838264042747
67,2026-09-14T02:09:40.371+00:00,2026-09-14T02:13:27.220+00:00,2026-09-14T02:13:34.420+00:00,True,109,109.0,,109.0,226849.143924,234049.420404,234049.420294,2147.2423880183487,0.0,226849.143924,21721.875604985362,91.95594399999999,66.66922666666666,48.69498037329156,0.46571360788611094,19,64,,False,True,,508,21.16838264042747
68,2026-09-14T02:09:44.714+00:00,2026-09-14T02:13:34.816+00:00,2026-09-14T02:13:52.999+00:00,True,273,273.0,,273.0,230101.986845,248285.453853,248285.45391,909.4705271428571,38.014539,230101.986845,13922.377037423506,94.98750260000001,66.85098164705882,21.967373412488495,1.0995408541397376,19,64,,False,True,,672,21.16838264042747
69,2026-09-14T02:09:48.574+00:00,2026-09-14T02:13:42.423+00:00,2026-09-14T02:13:52.908+00:00,True,156,156.0,,156.0,233849.220203,244334.420331,244334.420527,1566.2462854294872,34.728326,233849.220203,18717.51957828834,95.98087575000001,67.64645243870967,22.70258795303243,0.6384691923007274,19,64,,False,True,,800,21.16838264042747
70,2026-09-14T02:09:53.736+00:00,2026-09-14T02:13:51.856+00:00,2026-09-14T02:14:02.029+00:00,True,155,155.0,,155.0,238120.090602,248292.945386,248292.945382,1601.8899702064516,32.95449,238120.090602,19120.97360654628,94.4904224,66.0574985974026,22.82545284762198,0.6242626014163819,19,64,,False,True,,805,21.16838264042747
71,2026-09-14T02:09:59.341+00:00,2026-09-14T02:14:01.472+00:00,2026-09-14T02:14:16.470+00:00,True,224,224.0,,224.0,242131.390703,257129.56388700003,257129.563831,1147.89983853125,0.0,242131.390703,16173.64104740698,98.01784955000001,67.25638199103139,40.61094215838677,0.8711561463948994,19,64,,False,True,,535,21.16838264042747
72,2026-09-14T02:10:03.866+00:00,2026-09-14T02:14:10.457+00:00,2026-09-14T02:14:25.309+00:00,True,225,225.0,,225.0,246590.475618,261442.748514,261442.748545,1161.9677713111112,0.0,246590.475618,16434.992137469442,95.3961564,66.30478971428572,39.56687065072953,0.8606090674874903,19,64,,False,True,,1017,21.16838264042747
73,2026-09-14T02:10:08.791+00:00,2026-09-14T02:14:20.167+00:00,2026-09-14T02:14:29.714+00:00,True,147,147.0,,147.0,251376.053993,260923.136489,260923.136704,1774.9873245170068,39.365097,251376.053993,20727.764592920976,93.07803039999999,65.390976,20.893653818537953,0.5633843053477062,19,64,,False,True,,682,21.16838264042747
74,2026-09-14T02:10:11.931+00:00,2026-09-14T02:14:25.482+00:00,2026-09-14T02:14:33.406+00:00,True,121,121.0,,121.0,253551.40747799998,261475.41285399997,261475.41277999998,2160.953824628099,0.01582,253551.40747799998,23044.49234548633,93.187202,66.03337813333333,130.67716677667312,0.4627586153485214,19,64,,False,True,,397,21.16838264042747
75,2026-09-14T02:10:15.755+00:00,2026-09-14T02:14:32.116+00:00,2026-09-14T02:14:46.882+00:00,True,223,223.0,,223.0,256361.004348,271127.092284,271127.09233,1215.8165575336322,39.266777000000005,256361.004348,17162.761704854198,92.819174,66.51390962162162,21.329182660388632,0.8224925001829478,19,64,,False,True,,1150,21.16838264042747
76,2026-09-14T02:10:19.418+00:00,2026-09-14T02:14:38.563+00:00,2026-09-14T02:14:45.455+00:00,True,109,109.0,,109.0,259145.164905,266036.894825,266036.89484900003,2440.7054573302753,40.391394999999996,259145.164905,24815.50170567954,92.4762722,63.812314074074074,20.940488783858434,0.4097176072954113,19,64,,False,True,,561,21.16838264042747
77,2026-09-14T02:10:24.849+00:00,2026-09-14T02:14:47.015+00:00,2026-09-14T02:14:55.130+00:00,True,125,125.0,,125.0,262165.990803,270280.31758699997,270280.317519,2162.242540152,37.64825,262165.990803,23442.995774987663,95.3393418,65.43811922580645,21.374063904675836,0.4624828071683911,19,64,,False,True,,668,21.16838264042747
78,2026-09-14T02:10:28.708+00:00,2026-09-14T02:14:54.294+00:00,2026-09-14T02:15:11.797+00:00,True,259,259.0,,259.0,265586.316773,283089.353189,283089.353328,1093.0090862084942,0.0,265586.316773,16498.56218312501,96.4916102,67.84122641860466,39.40765169922216,0.9149054780138017,19,64,,False,True,,1011,21.16838264042747
79,2026-09-14T02:10:33.827+00:00,2026-09-14T02:15:03.124+00:00,2026-09-14T02:15:11.044+00:00,True,122,122.0,,122.0,269296.644881,277217.305105,277217.305121,2272.272992795082,39.444186,269296.644881,24375.056235930333,95.829699,65.46000185123967,22.232113976722225,0.440087966203231,19,64,,False,True,,562,21.16838264042747
80,2026-09-14T02:10:38.060+00:00,2026-09-14T02:15:10.809+00:00,2026-09-14T02:15:19.917+00:00,True,133,133.0,,133.0,272748.869223,281856.886375,281856.886465,2119.224710263158,40.385704,272748.869223,23644.354513454327,96.88372619999998,69.00012993939394,23.11752799674426,0.47187067774192504,19,64,,False,True,,676,21.16838264042747
81,2026-09-14T02:10:41.789+00:00,2026-09-14T02:15:17.167+00:00,2026-09-14T02:15:27.471+00:00,True,155,155.0,,155.0,275377.516415,285682.079871,285682.079733,1843.1101918258066,38.671368,275377.516415,22113.49106004219,96.003421,66.91274971428571,22.357164993274594,0.5425611577386665,19,64,,False,True,,656,21.16838264042747
82,2026-09-14T02:10:45.447+00:00,2026-09-14T02:15:23.781+00:00,2026-09-14T02:15:41.976+00:00,True,265,265.0,,265.0,278333.66632,296529.363216,296529.36329400004,1118.9787294113207,32.337592,278333.66632,17093.681271158253,95.7829232,68.9230943030303,21.90030386642245,0.8936720368126472,19,64,,False,True,,1318,21.16838264042747
83,2026-09-14T02:10:49.474+00:00,2026-09-14T02:15:31.680+00:00,2026-09-14T02:15:47.051+00:00,True,231,231.0,,231.0,282205.76090399997,297577.21459999995,297577.214757,1288.2130508961038,33.43007,282205.76090399997,18563.39160200881,95.05301800000001,66.83240737391304,22.000411080630645,0.7762691115665817,19,64,,False,True,,1024,21.16838264042747
84,2026-09-14T02:10:53.444+00:00,2026-09-14T02:15:38.674+00:00,2026-09-14T02:15:53.507+00:00,False,231,230.0,,230.0,285229.63597500004,300062.554247,300062.55425900006,1298.9720963593074,0.0,285229.63597500004,18762.53640023322,95.034829,64.49094900869565,42.24367327637305,0.7665068391395241,19,64,,False,False,Request timeout: 300.0s exceeded,998,21.16838264042747
85,2026-09-14T02:10:57.984+00:00,2026-09-14T02:15:47.196+00:00,2026-09-14T02:15:58.061+00:00,False,167,166.0,,166.0,289212.001054,300076.198686,300076.198669,1796.8634650838324,0.0,289212.001054,22374.881826659584,94.61099060000001,65.44697368674699,47.30797518165764,0.5531928247788241,19,64,,False,False,Request timeout: 300.0s exceeded,551,21.16838264042747
86,2026-09-14T02:11:02.515+00:00,2026-09-14T02:15:54.733+00:00,2026-09-14T02:16:02.434+00:00,True,109,109.0,,109.0,292217.578547,299918.81246700004,299918.812576,2751.548739229358,34.727076999999994,292217.578547,27982.545236867,91.79415399999999,71.30772148148148,20.589004245413417,0.36343168707362505,19,64,,False,True,,518,21.16838264042747
87,2026-09-14T02:11:06.833+00:00,2026-09-14T02:16:00.332+00:00,2026-09-14T02:16:06.844+00:00,False,97,96.0,,96.0,293498.27192699997,300010.75832699996,300010.758474,3092.8944172577317,0.03368,293498.27192699997,29793.353671129593,89.8326502,67.8384,20.71985471563166,0.31998852486271095,19,64,,False,False,Request timeout: 300.0s exceeded,451,21.16838264042747
88,2026-09-14T02:11:11.490+00:00,2026-09-14T02:16:04.987+00:00,2026-09-14T02:16:11.576+00:00,False,97,96.0,,96.0,293497.719286,300086.610678,300086.61056,3093.676397525773,0.03711,293497.719286,29793.216186176778,88.4234208,68.63428533333332,19.88470586511686,0.3199076419407804,19,64,,False,False,Request timeout: 300.0s exceeded,219,21.16838264042747
89,2026-09-14T02:11:15.542+00:00,2026-09-14T02:16:09.465+00:00,2026-09-14T02:16:15.550+00:00,False,92,91.0,,91.0,293923.604827,300007.725403,300007.725339,3260.9535362934785,0.024489999999999998,293923.604827,30636.69033778555,87.6916027,66.85846786813187,20.3674778473753,0.303325522293667,19,64,,False,False,Request timeout: 300.0s exceeded,297,21.16838264042747
90,2026-09-14T02:11:19.449+00:00,2026-09-14T02:16:13.717+00:00,2026-09-14T02:16:19.480+00:00,False,86,85.0,,85.0,294268.633731,300030.687363,300030.687464,3488.728924,0.0268,294268.633731,31724.499107200765,88.57861000000001,67.78886625882353,19.833449926690967,0.283304353788186,19,64,,False,False,Request timeout: 300.0s exceeded,279,21.16838264042747
91,2026-09-14T02:11:25.096+00:00,2026-09-14T02:16:18.732+00:00,2026-09-14T02:16:25.147+00:00,False,96,95.0,,95.0,293635.37172899995,300050.7683369999,300050.7682909999,3125.5288363645827,0.03395,293635.37172899995,29962.148778709994,88.494825,67.53049061052631,19.761867046535066,0.3166130869336799,19,64,,False,False,Request timeout: 300.0s exceeded,499,21.16838264042747
92,2026-09-14T02:11:29.703+00:00,2026-09-14T02:16:23.423+00:00,2026-09-14T02:16:29.786+00:00,False,100,99.0,,99.0,293720.150738,300082.865362,300082.865362,3000.82865362,0.037700000000000004,293720.150738,29365.59556123199,88.37023800000001,64.2698446868687,21.05495171171358,0.32990887327263085,19,64,,False,False,Request timeout: 300.0s exceeded,411,21.16838264042747
93,2026-09-14T02:11:34.170+00:00,2026-09-14T02:16:27.877+00:00,2026-09-14T02:16:34.225+00:00,False,109,108.0,,108.0,293706.697936,300054.880464,300054.88065,2752.7970701834865,0.015460000000000002,293706.697936,28126.79107107177,92.1829464,58.77946785185185,154.71541918124132,0.3599341554884578,19,64,,False,False,Request timeout: 300.0s exceeded,532,21.16838264042747
94,2026-09-14T02:11:37.321+00:00,2026-09-14T02:16:30.960+00:00,2026-09-14T02:16:37.352+00:00,False,104,103.0,,103.0,293638.384663,300030.491159,300030.491005,2884.9085673557693,0.01625,293638.384663,28787.966758038507,88.83977114999999,62.059286368932035,159.87107829500619,0.3432984414421251,19,64,,False,False,Request timeout: 300.0s exceeded,424,21.16838264042747
95,2026-09-14T02:11:42.705+00:00,2026-09-14T02:16:36.234+00:00,2026-09-14T02:16:42.774+00:00,False,87,86.0,,86.0,293528.687417,300068.90911300003,300068.909206,3449.067921908046,0.03976,293528.687417,31461.48745356877,89.31753629999999,76.04908948837209,62.95792132609077,0.2866008353021809,19,64,,False,False,Request timeout: 300.0s exceeded,417,21.16838264042747
96,2026-09-14T02:11:46.987+00:00,2026-09-14T02:16:40.383+00:00,2026-09-14T02:16:47.043+00:00,False,106,105.0,,105.0,293396.862679,300056.90901500004,300056.908843,2830.7255551226417,0.0,293396.862679,28491.128312748137,88.15158374999999,63.42901272380953,61.90142851354678,0.34993361874147344,19,64,,False,False,Request timeout: 300.0s exceeded,451,21.16838264042747
97,2026-09-14T02:11:50.525+00:00,2026-09-14T02:16:44.009+00:00,2026-09-14T02:16:50.589+00:00,False,99,98.0,,98.0,293483.474285,300063.500653,300063.500827,3030.94445279798,0.02743,293483.474285,29489.45810752301,89.4255399,67.14312620408164,20.80592501246367,0.32659753614395554,19,64,,False,False,Request timeout: 300.0s exceeded,144,21.16838264042747
98,2026-09-14T02:11:54.584+00:00,2026-09-14T02:16:48.273+00:00,2026-09-14T02:16:54.640+00:00,False,93,92.0,,92.0,293689.095942,300056.05223,300056.05223699997,3226.4091638387094,0.04922,293689.095942,30446.971001588357,90.56818,69.20604660869566,20.397509817278003,0.3066093795351272,19,64,,False,False,Request timeout: 300.0s exceeded,417,21.16838264042747
99,2026-09-14T02:11:58.260+00:00,2026-09-14T02:16:52.198+00:00,2026-09-14T02:16:58.292+00:00,False,88,87.0,,87.0,293938.776731,300032.488091,300032.488173,3409.460092875,0.03699,293938.776731,31326.51863876648,89.72009899999999,70.04265931034483,20.02941103729955,0.2899685982459768,19,64,,False,False,Request timeout: 300.0s exceeded,326,21.16838264042747
100,2026-09-14T02:12:03.911+00:00,2026-09-14T02:16:57.831+00:00,2026-09-14T02:17:03.973+00:00,False,93,92.0,,92.0,293919.367852,300061.37309999997,300061.373283,3226.466379387097,0.04345,293919.367852,30471.10274944585,90.16394919999999,66.76092660869566,20.580243476575006,0.30660394255191126,19,64,,False,False,Request timeout: 300.0s exceeded,454,21.16838264042747
101,2026-09-14T02:12:09.179+00:00,2026-09-14T02:17:02.660+00:00,2026-09-14T02:17:09.199+00:00,False,94,93.0,,93.0,293481.685981,300020.131805,300020.13160200004,3191.703527680851,0.027129999999999998,293481.685981,30263.07968697938,90.064252,70.30586907526882,20.02283943699181,0.3099791985307371,19,64,,False,False,Request timeout: 300.0s exceeded,418,21.16838264042747
102,2026-09-14T02:12:13.921+00:00,2026-09-14T02:17:08.091+00:00,2026-09-14T02:17:13.992+00:00,False,83,82.0,,82.0,294170.12649,300070.640538,300070.640442,3615.3089209879518,0.03651,294170.12649,32281.47340760803,88.5886864,71.95748839024391,18.999032515138634,0.2732689871057738,19,64,,False,False,Request timeout: 300.0s exceeded,292,21.16838264042747
103,2026-09-14T02:12:19.624+00:00,2026-09-14T02:17:13.393+00:00,2026-09-14T02:17:19.649+00:00,False,93,92.0,,92.0,293769.40894700005,300025.78808300005,300025.78813500004,3226.0837433870975,0.045520000000000005,293769.40894700005,30455.423527495477,89.1419868,68.00412104347826,20.129000996876453,0.3066403077809726,19,64,,False,False,Request timeout: 300.0s exceeded,452,21.16838264042747
104,2026-09-14T02:12:23.604+00:00,2026-09-14T02:17:17.133+00:00,2026-09-14T02:17:23.694+00:00,False,96,95.0,,95.0,293529.00246,300090.067676,300090.067714,3125.9382053541667,0.02265,293529.00246,29951.136250903815,88.40814699999999,69.06384437894737,20.11896880234232,0.31657162376519976,19,64,,False,False,Request timeout: 300.0s exceeded,469,21.16838264042747
105,2026-09-14T02:12:28.558+00:00,2026-09-14T02:17:22.434+00:00,2026-09-14T02:17:28.566+00:00,False,89,88.0,,88.0,293876.11901200004,300008.28746,300008.28753300005,3370.8796352022478,0.03793,293876.11901200004,31143.42604054945,88.6976408,69.68373236363637,19.744547941407465,0.2933252302629573,19,64,,False,False,Request timeout: 300.0s exceeded,378,21.16838264042747
106,2026-09-14T02:12:33.762+00:00,2026-09-14T02:17:27.626+00:00,2026-09-14T02:17:33.790+00:00,False,91,90.0,,90.0,293864.047601,300028.349937,300028.349924,3297.0148343296705,0.0255,293864.047601,30798.14893433771,88.4457735,68.49224817777778,19.899006894250515,0.2999716527418099,19,64,,False,False,Request timeout: 300.0s exceeded,368,21.16838264042747
107,2026-09-14T02:12:37.818+00:00,2026-09-14T02:17:31.703+00:00,2026-09-14T02:17:37.899+00:00,False,93,92.0,,92.0,293885.593454,300081.522286,300081.522275,3226.683035215054,0.0,293885.593454,30467.603981823362,88.0737814,67.34705252173913,66.1948601788434,0.3065833554133905,19,64,,False,False,Request timeout: 300.0s exceeded,355,21.16838264042747
108,2026-09-14T02:12:41.486+00:00,2026-09-14T02:17:35.070+00:00,2026-09-14T02:17:41.576+00:00,False,101,100.0,,100.0,293584.136717,300090.915085,300090.91518,2971.1971799999997,0.0,293584.136717,29206.310076786205,88.962962,65.06778368,64.77604238449163,0.3332323471761058,19,64,,False,False,Request timeout: 300.0s exceeded,439,21.16838264042747
109,2026-09-14T02:12:45.366+00:00,2026-09-14T02:17:38.840+00:00,2026-09-14T02:17:45.403+00:00,False,93,92.0,,92.0,293474.68018300005,300037.83000700007,300037.8300460001,3226.213226301076,0.034359,293474.68018300005,30424.515205819713,88.9036082,71.33858504347826,19.171929483114155,0.3066280008686024,19,64,,False,False,Request timeout: 300.0s exceeded,484,21.16838264042747
110,2026-09-14T02:12:50.739+00:00,2026-09-14T02:17:44.619+00:00,2026-09-14T02:17:50.785+00:00,False,89,88.0,,88.0,293880.428861,300046.29638099996,300046.296253,3371.30669947191,0.02042,293880.428861,31143.842851593796,89.61597900000001,70.06667636363636,20.61831084138216,0.2932880727454714,19,64,,False,False,Request timeout: 300.0s exceeded,352,21.16838264042747
111,2026-09-14T02:12:55.437+00:00,2026-09-14T02:17:49.204+00:00,2026-09-14T02:17:55.460+00:00,False,94,93.0,,93.0,293767.000698,300022.50559400005,300022.505522,3191.7287821489363,0.04414,293767.000698,30292.822200494673,90.6329135,67.26349350537635,21.148778892194496,0.3099767459640196,19,64,,False,False,Request timeout: 300.0s exceeded,136,21.16838264042747
112,2026-09-14T02:12:59.059+00:00,2026-09-14T02:17:53.686+00:00,2026-09-14T02:17:59.065+00:00,False,81,80.0,,80.0,294626.25913599995,300005.80191999994,300005.80194199993,3703.7753326172833,0.022170000000000002,294626.25913599995,32728.786169385447,90.662048,67.2442848,21.139269798487554,0.26666150950418266,19,64,,False,False,Request timeout: 300.0s exceeded,341,21.16838264042747
113,2026-09-14T02:13:03.564+00:00,2026-09-14T02:17:57.495+00:00,2026-09-14T02:18:03.617+00:00,False,92,91.0,,91.0,293931.566737,300052.76763300004,300052.76762400003,3261.4431263478264,0.02596,293931.566737,30637.47773702349,87.60967305,67.26594391208792,20.053688325245183,0.30327998877618667,19,64,,False,False,Request timeout: 300.0s exceeded,415,21.16838264042747
114,2026-09-14T02:13:06.796+00:00,2026-09-14T02:18:00.574+00:00,2026-09-14T02:18:06.803+00:00,False,91,90.0,,90.0,293777.887728,300007.00824,300007.008128,3296.780309098901,0.02026,293777.887728,30789.041416989006,90.31325400000001,69.21245013333333,19.878953816992095,0.29999299192371426,19,64,,False,False,Request timeout: 300.0s exceeded,409,21.16838264042747
115,2026-09-14T02:13:10.772+00:00,2026-09-14T02:18:04.551+00:00,2026-09-14T02:18:10.780+00:00,False,91,90.0,,90.0,293778.514921,300008.250601,300008.25061,3296.793962747253,0.02497,293778.514921,30789.106884266013,91.218427,69.21928533333333,20.550870120972302,0.2999917496259018,19,64,,False,False,Request timeout: 300.0s exceeded,418,21.16838264042747
116,2026-09-14T02:13:15.146+00:00,2026-09-14T02:18:09.001+00:00,2026-09-14T02:18:15.241+00:00,False,94,93.0,,93.0,293855.58979299996,300095.33430499997,300095.33443199995,3192.5035577872336,0.039740000000000004,293855.58979299996,30301.97636423563,90.270668,67.09402701075268,20.29067856532216,0.3099015191801684,19,64,,False,False,Request timeout: 300.0s exceeded,452,21.16838264042747
117,2026-09-14T02:13:20.923+00:00,2026-09-14T02:18:14.270+00:00,2026-09-14T02:18:20.953+00:00,False,99,98.0,,98.0,293347.04130000004,300030.255636,300030.25566200004,3030.6086430505056,0.038310000000000004,293347.04130000004,29475.64000627345,89.680584,68.19606465306123,20.445548244951,0.32663372496304066,19,64,,False,False,Request timeout: 300.0s exceeded,404,21.16838264042747
118,2026-09-14T02:13:26.718+00:00,2026-09-14T02:18:20.139+00:00,2026-09-14T02:18:26.770+00:00,False,100,99.0,,99.0,293421.106835,300052.675475,300052.67551599996,3000.52675516,0.040929,293421.106835,29335.418987879366,88.36638735000001,66.98554181818182,20.161980306491486,0.3299420671496347,19,64,,False,False,Request timeout: 300.0s exceeded,481,21.16838264042747
119,2026-09-14T02:13:32.144+00:00,2026-09-14T02:18:26.017+00:00,2026-09-14T02:18:32.624+00:00,False,86,85.0,,85.0,293872.35355,300479.41787,300479.417843,3493.946719104651,0.02513,293872.35355,31680.748510609177,93.90615925,77.73016847058824,61.77467651864631,0.2828812722100472,19,64,,False,False,Request timeout: 300.0s exceeded,359,21.16838264042747
120,2026-09-14T02:13:37.931+00:00,2026-09-14T02:18:32.014+00:00,2026-09-14T02:18:38.019+00:00,False,94,93.0,,93.0,294082.88442799996,300087.56410799996,300087.56407499994,3192.420894414893,0.0,294082.88442799996,30325.741297615295,90.58247465000001,64.56644817204301,64.23663779629159,0.30990954349087846,19,64,,False,False,Request timeout: 300.0s exceeded,228,21.16838264042747
121,2026-09-14T02:13:41.102+00:00,2026-09-14T02:18:34.912+00:00,2026-09-14T02:18:41.147+00:00,False,91,90.0,,90.0,293809.60288099997,300045.34457699995,300045.344558,3297.20158854945,0.046079999999999996,293809.60288099997,30792.358656850534,89.75313549999998,69.28601884444444,20.34549603645946,0.29995466227573314,19,64,,False,False,Request timeout: 300.0s exceeded,462,21.16838264042747
122,2026-09-14T02:13:44.395+00:00,2026-09-14T02:18:38.322+00:00,2026-09-14T02:18:44.410+00:00,False,93,92.0,,92.0,293926.38460000005,300014.64597600006,300014.64605800004,3225.9639361075274,0.02346,293926.38460000005,30471.891135692353,89.6310722,66.17675408695652,20.888643760207643,0.3066516959554022,19,64,,False,False,Request timeout: 300.0s exceeded,397,21.16838264042747
123,2026-09-14T02:13:50.002+00:00,2026-09-14T02:18:43.887+00:00,2026-09-14T02:18:50.047+00:00,False,94,93.0,,93.0,293885.39543599996,300045.14020399994,300045.14022299997,3191.969576840425,0.02071,293885.39543599996,30305.13988057645,90.8269823,66.23381470967742,21.14164977047877,0.30995336214000846,19,64,,False,False,Request timeout: 300.0s exceeded,431,21.16838264042747
124,2026-09-14T02:13:55.543+00:00,2026-09-14T02:18:48.903+00:00,2026-09-14T02:18:55.603+00:00,False,98,97.0,,97.0,293360.078813,300059.962077,300059.962228,3061.836349265306,0.04289,293360.078813,29626.87227056532,89.36088819999999,69.07096148453608,19.70163278195133,0.3232687204536415,19,64,,False,False,Request timeout: 300.0s exceeded,409,21.16838264042747
125,2026-09-14T02:13:59.820+00:00,2026-09-14T02:18:53.582+00:00,2026-09-14T02:18:59.828+00:00,False,102,101.0,,101.0,293762.357796,300008.143652,300008.143752,2941.256311294118,0.01576,293762.357796,29081.241831839736,88.7484496,61.83946392079208,180.9151030259068,0.3366575279274979,19,64,,False,False,Request timeout: 300.0s exceeded,463,21.16838264042747
126,2026-09-14T02:14:04.751+00:00,2026-09-14T02:18:59.569+00:00,2026-09-14T02:19:04.804+00:00,False,80,79.0,,79.0,294818.21209399996,300053.00531,300053.00533699995,3750.6625667124995,0.03667,294818.21209399996,32954.277301386464,91.9769849,66.26320526582278,22.510026739968794,0.2632868146692318,19,64,,False,False,Request timeout: 300.0s exceeded,341,21.16838264042747
127,2026-09-14T02:14:08.510+00:00,2026-09-14T02:19:02.061+00:00,2026-09-14T02:19:08.574+00:00,False,100,99.0,,99.0,293550.854005,300064.138613,300064.13868499995,3000.64138685,0.022449,293550.854005,29348.51326288459,89.34171295,65.79075361616161,20.28262115645296,0.32992946260626865,19,64,,False,False,Request timeout: 300.0s exceeded,465,21.16838264042747
128,2026-09-14T02:14:13.611+00:00,2026-09-14T02:19:07.558+00:00,2026-09-14T02:19:13.638+00:00,False,86,85.0,,85.0,293946.783653,300027.195301,300027.195307,3488.688317523256,0.03908,293946.783653,31689.38851365311,89.5271285,71.53425468235295,18.601389317084024,0.2833076512104991,19,64,,False,False,Request timeout: 300.0s exceeded,535,21.16838264042747
129,2026-09-14T02:14:17.035+00:00,2026-09-14T02:19:10.848+00:00,2026-09-14T02:19:17.062+00:00,False,91,90.0,,90.0,293813.49407300004,300027.55871300003,300027.55870500003,3297.006139615385,0.04372,293813.49407300004,30792.79184614077,89.21220699999998,69.04516266666667,20.396018190170548,0.29997244381837634,19,64,,False,False,Request timeout: 300.0s exceeded,461,21.16838264042747
130,2026-09-14T02:14:20.779+00:00,2026-09-14T02:19:14.628+00:00,2026-09-14T02:19:20.789+00:00,False,87,86.0,,86.0,293848.697956,300009.564004,300009.56393199996,3448.385792321839,0.02427,293848.697956,31496.213061095452,89.3169743,71.63797730232558,19.903821432871094,0.2866575280208513,19,64,,False,False,Request timeout: 300.0s exceeded,540,21.16838264042747
131,2026-09-14T02:14:26.285+00:00,2026-09-14T02:19:20.260+00:00,2026-09-14T02:19:26.581+00:00,False,87,86.0,,86.0,293975.823072,300296.560096,300296.560181,3451.684599781609,0.03585,293975.823072,31509.70896903301,88.7537887,73.4969421395349,67.8412696862526,0.28638356687305105,19,64,,False,False,Request timeout: 300.0s exceeded,281,21.16838264042747
132,2026-09-14T02:14:32.009+00:00,2026-09-14T02:19:26.601+00:00,2026-09-14T02:19:32.065+00:00,False,99,98.0,,98.0,294591.747883,300055.565099,300055.565182,3030.8642947676767,0.0,294591.747883,29601.993802068533,89.09359490000001,55.753236897959184,27.39259148065636,0.32660617365209005,19,64,,False,False,Request timeout: 300.0s exceeded,325,21.16838264042747
133,2026-09-14T02:14:36.701+00:00,2026-09-14T02:19:30.458+00:00,2026-09-14T02:19:36.724+00:00,False,101,100.0,,100.0,293756.852228,300023.265284,300023.26533,2970.5273795049507,0.02995,293756.852228,29223.670704083142,89.66633999999998,62.664130560000004,19.93827230896772,0.3333074850223387,19,64,,False,False,Request timeout: 300.0s exceeded,416,21.16838264042747
134,2026-09-14T02:14:42.135+00:00,2026-09-14T02:19:35.739+00:00,2026-09-14T02:19:42.155+00:00,False,97,96.0,,96.0,293604.501299,300019.731251,300019.731155,3092.9869191237112,0.08872,293604.501299,29804.241638156393,87.02669979999999,66.825312,19.440941620514796,0.31997895471643256,19,64,,False,False,Request timeout: 300.0s exceeded,396,21.16838264042747
135,2026-09-14T02:14:47.068+00:00,2026-09-14T02:19:40.654+00:00,2026-09-14T02:19:47.124+00:00,False,98,97.0,,97.0,293585.708279,300056.334327,300056.334282,3061.7993294081634,0.024300000000000002,293585.708279,29649.90322550406,87.57108135,66.70748503092784,19.99544769049653,0.3232726288467213,19,64,,False,False,Request timeout: 300.0s exceeded,482,21.16838264042747
136,2026-09-14T02:14:52.424+00:00,2026-09-14T02:19:46.020+00:00,2026-09-14T02:19:52.449+00:00,False,100,99.0,,99.0,293595.36437699996,300024.39272899996,300024.392579,3000.2439257899996,0.042140000000000004,293595.36437699996,29353.04963195274,88.764229,64.93968032323232,20.609489004282512,0.32997317017960853,19,64,,False,False,Request timeout: 300.0s exceeded,512,21.16838264042747
137,2026-09-14T02:14:58.021+00:00,2026-09-14T02:19:51.510+00:00,2026-09-14T02:19:58.031+00:00,False,97,96.0,,96.0,293489.24907599995,300009.641524,300009.641287,3092.8828998659787,0.02289,293489.24907599995,29792.428515165622,90.0617378,67.92075466666667,19.732951114010987,0.3199897160382436,19,64,,False,False,Request timeout: 300.0s exceeded,429,21.16838264042747
138,2026-09-14T02:15:02.459+00:00,2026-09-14T02:19:56.201+00:00,2026-09-14T02:20:02.541+00:00,False,98,97.0,,97.0,293742.387628,300082.470572,300082.470456,3062.0660250612245,0.02188,293742.387628,29665.866330453777,88.27557105,65.36167983505155,20.229904411411603,0.323244472811438,19,64,,False,False,Request timeout: 300.0s exceeded,197,21.16838264042747
139,2026-09-14T02:15:05.605+00:00,2026-09-14T02:19:59.041+00:00,2026-09-14T02:20:05.681+00:00,False,100,99.0,,99.0,293436.175218,300075.67525000003,300075.675162,3000.75675162,0.02467,293436.175218,29336.918339071093,89.30966400000001,67.06565688888888,20.918929049053016,0.3299167782177639,19,64,,False,False,Request timeout: 300.0s exceeded,464,21.16838264042747
140,2026-09-14T02:15:09.870+00:00,2026-09-14T02:20:03.566+00:00,2026-09-14T02:20:09.894+00:00,False,95,94.0,,94.0,293696.406381,300024.720493,300024.720603,3158.1549537157894,0.040369999999999996,293696.406381,30125.715643880263,89.2399413,67.32249055319149,21.059531509725062,0.31330751627912323,19,64,,False,False,Request timeout: 300.0s exceeded,416,21.16838264042747
141,2026-09-14T02:15:13.610+00:00,2026-09-14T02:20:07.559+00:00,2026-09-14T02:20:13.690+00:00,False,92,91.0,,91.0,293949.250774,300080.291286,300080.291373,3261.742297532609,0.02127,293949.250774,30639.310499604573,89.38475765,67.37407156043956,20.58405657996661,0.30325217164385476,19,64,,False,False,Request timeout: 300.0s exceeded,444,21.16838264042747
142,2026-09-14T02:15:17.064+00:00,2026-09-14T02:20:10.422+00:00,2026-09-14T02:20:17.077+00:00,False,97,96.0,,96.0,293358.21886699996,300013.79365099996,300013.79369799996,3092.9257082268036,0.04707,293358.21886699996,29778.981986345712,91.14069760000001,69.328904,20.549435492830575,0.3199852874487327,19,64,,False,False,Request timeout: 300.0s exceeded,446,21.16838264042747
143,2026-09-14T02:15:21.843+00:00,2026-09-14T02:20:15.581+00:00,2026-09-14T02:20:21.887+00:00,False,91,90.0,,90.0,293737.856466,300044.380114,300044.38010300003,3297.1909901428576,0.040469,293737.856466,30784.75490629079,88.993642,70.07248497777778,19.974509223252117,0.299955626450344,19,64,,False,False,Request timeout: 300.0s exceeded,412,21.16838264042747
144,2026-09-14T02:15:25.724+00:00,2026-09-14T02:20:19.501+00:00,2026-09-14T02:20:25.798+00:00,False,97,96.0,,96.0,293776.750081,300073.950977,300073.951098,3093.545887608247,0.0,293776.750081,29821.922546190388,88.0490024,65.59584266666667,66.39250937064051,0.3199211383975085,19,64,,False,False,Request timeout: 300.0s exceeded,444,21.16838264042747
145,2026-09-14T02:15:30.457+00:00,2026-09-14T02:20:24.122+00:00,2026-09-14T02:20:30.477+00:00,False,95,94.0,,94.0,293665.06213700003,300020.344057,300020.344042,3158.108884652632,0.02794,293665.06213700003,30122.469129781704,88.3903784,67.60938212765957,19.200720768618417,0.31331208653684234,19,64,,False,False,Request timeout: 300.0s exceeded,354,21.16838264042747
146,2026-09-14T02:15:34.664+00:00,2026-09-14T02:20:28.128+00:00,2026-09-14T02:20:34.734+00:00,False,96,95.0,,95.0,293463.22161199996,300069.2115,300069.21146699996,3125.7209527812497,0.01993,293463.22161199996,29944.374247620333,89.69999575,69.5367356631579,20.102529666650025,0.31659362693396487,19,64,,False,False,Request timeout: 300.0s exceeded,311,21.16838264042747
147,2026-09-14T02:15:37.984+00:00,2026-09-14T02:20:31.289+00:00,2026-09-14T02:20:38.065+00:00,False,94,93.0,,93.0,293305.645839,300081.716495,300081.716435,3192.3586854787236,0.02091,293305.645839,30244.65835535177,90.16155865,72.86097479569892,19.017056352070327,0.3099155826161424,19,64,,False,False,Request timeout: 300.0s exceeded,435,21.16838264042747
148,2026-09-14T02:15:42.329+00:00,2026-09-14T02:20:35.773+00:00,2026-09-14T02:20:42.365+00:00,False,91,90.0,,90.0,293444.537124,300036.052516,300036.05267,3297.09947989011,0.01991,293444.537124,30753.673691813845,88.652413,73.23905991111111,18.263901402038584,0.2999639518160924,19,64,,False,False,Request timeout: 300.0s exceeded,427,21.16838264042747
149,2026-09-14T02:15:47.282+00:00,2026-09-14T02:20:41.041+00:00,2026-09-14T02:20:47.338+00:00,False,93,92.0,,92.0,293759.96825800004,300056.83865800005,300056.838646,3226.417619849463,0.039299,293759.96825800004,30454.399661645606,89.5447732,68.44424347826087,21.21083815980555,0.3066085759333755,19,64,,False,False,Request timeout: 300.0s exceeded,470,21.16838264042747
150,2026-09-14T02:15:52.062+00:00,2026-09-14T02:20:45.567+00:00,2026-09-14T02:20:52.093+00:00,False,98,97.0,,97.0,293504.877287,300030.929895,300030.929911,3061.540101132653,0.026670000000000003,293504.877287,29641.681882526856,90.01440790000001,67.27889286597939,22.18169546292614,0.32330000121636293,19,64,,False,False,Request timeout: 300.0s exceeded,464,21.16838264042747
151,2026-09-14T02:15:56.608+00:00,2026-09-14T02:20:50.753+00:00,2026-09-14T02:20:56.683+00:00,False,88,87.0,,87.0,294145.196054,300075.326486,300075.326566,3409.9468927954545,0.02,294145.196054,31348.72337888315,89.12886135000001,68.16241875862069,19.928664354178547,0.28992720267542216,19,64,,False,False,Request timeout: 300.0s exceeded,283,21.16838264042747
152,2026-09-14T02:16:00.277+00:00,2026-09-14T02:20:53.983+00:00,2026-09-14T02:21:00.290+00:00,False,92,91.0,,91.0,293705.697018,300012.493818,300012.493874,3261.0053681956524,0.01866,293705.697018,30613.716557293905,90.04213205,69.30545934065934,20.04680141133501,0.303320701221211,19,64,,False,False,Request timeout: 300.0s exceeded,373,21.16838264042747
153,2026-09-14T02:16:05.990+00:00,2026-09-14T02:20:59.649+00:00,2026-09-14T02:21:06.075+00:00,False,96,95.0,,95.0,293658.977209,300084.51807299996,300084.51797399996,3125.8803955625,0.01952,293658.977209,29964.54740753524,88.53997325,67.63727225263158,20.221486817884358,0.31657747827193755,19,64,,False,False,Request timeout: 300.0s exceeded,296,21.16838264042747
154,2026-09-14T02:16:09.475+00:00,2026-09-14T02:21:03.239+00:00,2026-09-14T02:21:09.539+00:00,False,94,93.0,,93.0,293763.337863,300063.723911,300063.723843,3192.1672749255317,0.0224,293763.337863,30292.39438557024,90.01213465000001,67.7460865376344,20.788423372900315,0.30993416594264533,19,64,,False,False,Request timeout: 300.0s exceeded,433,21.16838264042747
155,2026-09-14T02:16:12.928+00:00,2026-09-14T02:21:06.732+00:00,2026-09-14T02:21:12.938+00:00,False,90,89.0,,89.0,293804.35401999997,300010.253796,300010.25359,3333.447262111111,0.03514,293804.35401999997,30962.35468551723,89.77818845000002,69.72921096629213,20.356928937013173,0.2966565271482952,19,64,,False,False,Request timeout: 300.0s exceeded,425,21.16838264042747
156,2026-09-14T02:16:16.078+00:00,2026-09-14T02:21:09.753+00:00,2026-09-14T02:21:16.109+00:00,False,93,92.0,,92.0,293674.538558,300031.372606,300031.372549,3226.143790849462,0.02122,293674.538558,30445.47267670495,89.064244,69.09602226086956,20.08749567479842,0.30663460024500183,19,64,,False,False,Request timeout: 300.0s exceeded,412,21.16838264042747
157,2026-09-14T02:16:21.873+00:00,2026-09-14T02:21:15.904+00:00,2026-09-14T02:21:21.944+00:00,False,95,94.0,,94.0,294031.479969,300071.31433699996,300071.314379,3158.645414515789,0.0,294031.479969,30160.478571131902,91.02902739999999,64.25355710638298,68.74809513127232,0.31325886717192764,19,64,,False,False,Request timeout: 300.0s exceeded,142,21.16838264042747
158,2026-09-14T02:16:27.628+00:00,2026-09-14T02:21:21.243+00:00,2026-09-14T02:21:27.675+00:00,False,95,94.0,,94.0,293615.45596,300046.754008,300046.754083,3158.3868850842105,0.03786,293615.45596,30117.296967067465,87.949089,68.41806434042553,19.657847405169328,0.3132845089785365,19,64,,False,False,Request timeout: 300.0s exceeded,419,21.16838264042747
159,2026-09-14T02:16:32.770+00:00,2026-09-14T02:21:25.637+00:00,2026-09-14T02:21:32.859+00:00,False,108,107.0,,107.0,292867.228971,300089.286955,300089.287044,2778.6045096666667,0.041710000000000004,292867.228971,28174.674713415436,90.6294097,67.4958690093458,20.3203486642572,0.35656054598192044,19,64,,False,False,Request timeout: 300.0s exceeded,675,21.16838264042747
160,2026-09-14T02:16:37.581+00:00,2026-09-14T02:21:31.284+00:00,2026-09-14T02:21:37.612+00:00,False,96,95.0,,95.0,293703.20938300004,300031.80842300004,300031.80842400005,3125.3313377500003,0.022760000000000002,293703.20938300004,29969.16609059934,90.401419,66.616832,20.38351403019116,0.31663309466862993,19,64,,False,False,Request timeout: 300.0s exceeded,422,21.16838264042747
161,2026-09-14T02:16:41.271+00:00,2026-09-14T02:21:35.400+00:00,2026-09-14T02:21:41.341+00:00,False,88,87.0,,87.0,294129.048568,300070.013432,300070.01339700003,3409.8865158750004,0.023030000000000002,294129.048568,31346.98819743036,85.93050199999999,68.28695245977012,18.98528132829124,0.28993233614033015,19,64,,False,False,Request timeout: 300.0s exceeded,419,21.16838264042747
162,2026-09-14T02:16:46.176+00:00,2026-09-14T02:21:39.911+00:00,2026-09-14T02:21:46.341+00:00,False,69,68.0,,68.0,293734.731241,300164.919273,300164.919337,4350.216222275362,0.05847,293734.731241,35350.98792381818,91.20713880000001,94.56158870588236,249.2234046454579,0.2265421294556877,19,64,,False,False,Request timeout: 300.0s exceeded,310,21.16838264042747
163,2026-09-14T02:16:51.122+00:00,2026-09-14T02:21:46.456+00:00,2026-09-14T02:21:51.164+00:00,False,71,70.0,,70.0,295334.29597100004,300042.09373100003,300042.093546,4225.944979521128,0.08624,295334.29597100004,35041.75703107974,88.7373025,67.25425371428571,20.81338334677976,0.23330059835790193,19,64,,False,False,Request timeout: 300.0s exceeded,310,21.16838264042747
164,2026-09-14T02:16:55.964+00:00,2026-09-14T02:21:49.565+00:00,2026-09-14T02:21:55.995+00:00,False,97,96.0,,96.0,293600.615552,300030.490752,300030.49086900003,3093.0978440103095,0.044189,293600.615552,29803.832251711563,87.86032800000001,66.97786666666667,20.409963590071634,0.31996747983641416,19,64,,False,False,Request timeout: 300.0s exceeded,508,21.16838264042747
165,2026-09-14T02:17:00.064+00:00,2026-09-14T02:21:53.820+00:00,2026-09-14T02:22:00.079+00:00,False,91,90.0,,90.0,293755.865431,300015.33883900003,300015.338788,3296.871854813187,0.04647,293755.865431,30786.697254422128,87.6550745,69.54970453333333,19.491288749917935,0.2999846619452265,19,64,,False,False,Request timeout: 300.0s exceeded,476,21.16838264042747
166,2026-09-14T02:17:05.420+00:00,2026-09-14T02:21:59.208+00:00,2026-09-14T02:22:05.475+00:00,False,96,95.0,,95.0,293788.003185,300054.72318499995,300054.72334699996,3125.5700348645832,0.04183,293788.003185,29977.88702879768,88.365813,65.96547368421052,20.722871037777676,0.3166089138394511,19,64,,False,False,Request timeout: 300.0s exceeded,521,21.16838264042747
167,2026-09-14T02:17:10.013+00:00,2026-09-14T02:22:03.443+00:00,2026-09-14T02:22:10.067+00:00,False,101,100.0,,100.0,293430.12149,300054.056978,300054.057087,2970.8322483861384,0.037840000000000006,293430.12149,29190.8042080108,88.81843199999999,66.23935488000001,20.185267594323694,0.33327328084529784,19,64,,False,False,Request timeout: 300.0s exceeded,453,21.16838264042747
168,2026-09-14T02:17:13.828+00:00,2026-09-14T02:22:07.614+00:00,2026-09-14T02:22:13.839+00:00,False,103,102.0,,102.0,293785.388834,300011.284514,300011.284313,2912.730915660194,0.0,293785.388834,28941.594192415047,87.4554091,61.038192941176476,65.74944214956273,0.3399872113651784,19,64,,False,False,Request timeout: 300.0s exceeded,475,21.16838264042747
169,2026-09-14T02:17:18.341+00:00,2026-09-14T02:22:12.317+00:00,2026-09-14T02:22:18.431+00:00,False,104,103.0,,103.0,293976.87324,300090.30172,300090.301696,2885.483670153846,0.0,293976.87324,28820.99666657423,87.59760200000001,59.3536745631068,27.160147342414607,0.3432300191297232,19,64,,False,False,Request timeout: 300.0s exceeded,386,21.16838264042747
170,2026-09-14T02:17:23.582+00:00,2026-09-14T02:22:17.164+00:00,2026-09-14T02:22:23.595+00:00,False,95,94.0,,94.0,293582.292434,300013.821138,300013.820977,3158.0402208105265,0.045840000000000006,293582.292434,30113.894128957654,88.44293399999998,68.42051812765958,19.531450117754595,0.3133188985875487,19,64,,False,False,Request timeout: 300.0s exceeded,476,21.16838264042747
171,2026-09-14T02:17:27.965+00:00,2026-09-14T02:22:21.875+00:00,2026-09-14T02:22:27.977+00:00,False,91,90.0,,90.0,293910.260748,300012.232972,300012.232748,3296.8377225054946,0.02321,293910.260748,30803.066560480143,89.8223955,67.79969137777779,20.776777443563844,0.2999877675267983,19,64,,False,False,Request timeout: 300.0s exceeded,293,21.16838264042747
172,2026-09-14T02:17:33.087+00:00,2026-09-14T02:22:26.787+00:00,2026-09-14T02:22:33.128+00:00,False,91,90.0,,90.0,293699.608245,300041.090229,300041.090409,3297.1548396593407,0.03943,293699.608245,30780.70438024825,90.10006949999999,70.46091093333334,19.492555962190902,0.2999589153982523,19,64,,False,False,Request timeout: 300.0s exceeded,358,21.16838264042747
173,2026-09-14T02:17:36.882+00:00,2026-09-14T02:22:30.641+00:00,2026-09-14T02:22:36.924+00:00,False,90,89.0,,89.0,293758.954397,300042.39426900004,300042.394343,3333.804381588889,0.033460000000000004,293758.954397,30957.47751496152,89.6082379,70.600448,20.670795537508553,0.29662474936861066,19,64,,False,False,Request timeout: 300.0s exceeded,366,21.16838264042747
174,2026-09-14T02:17:41.454+00:00,2026-09-14T02:22:35.431+00:00,2026-09-14T02:22:41.495+00:00,False,87,86.0,,86.0,293977.00021100004,300040.78773100005,300040.787871,3448.744688172414,0.02643,293977.00021100004,31510.09029233221,90.4930496,70.50915720930232,21.095781407753556,0.28662769702198904,19,64,,False,False,Request timeout: 300.0s exceeded,285,21.16838264042747
175,2026-09-14T02:17:45.575+00:00,2026-09-14T02:22:39.469+00:00,2026-09-14T02:22:45.614+00:00,False,88,87.0,,87.0,293893.260568,300038.96936800005,300038.96921600006,3409.533741090909,0.039979999999999995,293893.260568,31321.603354222625,92.8413885,70.64033103448276,20.752717506619046,0.2899623345036019,19,64,,False,False,Request timeout: 300.0s exceeded,350,21.16838264042747
176,2026-09-14T02:17:49.765+00:00,2026-09-14T02:22:44.001+00:00,2026-09-14T02:22:49.786+00:00,False,86,85.0,,85.0,294236.05353100004,300021.17941900005,300021.17941100005,3488.6183652441864,0.02948,294236.05353100004,31720.956335169743,87.69215700000001,68.06030456470587,19.35907756714436,0.2833133319607803,19,64,,False,False,Request timeout: 300.0s exceeded,294,21.16838264042747
177,2026-09-14T02:17:53.231+00:00,2026-09-14T02:22:47.231+00:00,2026-09-14T02:22:53.301+00:00,False,90,89.0,,89.0,294000.374535,300070.032647,300070.032724,3334.1114747111114,0.030920000000000003,294000.374535,30983.177567422856,86.21202079999999,68.198405752809,19.002138792250133,0.2965974283233371,19,64,,False,False,Request timeout: 300.0s exceeded,399,21.16838264042747
178,2026-09-14T02:17:58.590+00:00,2026-09-14T02:22:52.426+00:00,2026-09-14T02:22:58.616+00:00,False,93,92.0,,92.0,293836.028283,300025.977979,300025.977788,3226.0857826666665,0.026920000000000003,293836.028283,30462.407422480992,90.85967180000002,67.28206191304348,21.488877401002316,0.3066401136985526,19,64,,False,False,Request timeout: 300.0s exceeded,436,21.16838264042747
179,2026-09-14T02:18:03.461+00:00,2026-09-14T02:22:57.342+00:00,2026-09-14T02:23:03.549+00:00,False,90,89.0,,89.0,293881.697836,300088.75422,300088.75422400003,3334.319491377778,0.03821,293881.697836,30970.506303734524,90.8009715,69.74220656179776,20.71691101043637,0.29657892456293994,19,64,,False,False,Request timeout: 300.0s exceeded,368,21.16838264042747
180,2026-09-14T02:18:09.176+00:00,2026-09-14T02:23:03.045+00:00,2026-09-14T02:23:09.248+00:00,False,96,95.0,,95.0,293868.93824299995,300072.3368989999,300072.336859,3125.753508947916,0.0,293868.93824299995,29986.284660167308,88.17705375000001,65.29893322105264,67.99984778665542,0.3165903294577122,19,64,,False,False,Request timeout: 300.0s exceeded,313,21.16838264042747
181,2026-09-14T02:18:13.269+00:00,2026-09-14T02:23:07.368+00:00,2026-09-14T02:23:13.289+00:00,False,89,88.0,,88.0,294099.559963,300020.44777100004,300020.447686,3371.0162661348313,0.02653,294099.559963,31167.3655627878,89.2029432,67.282816,20.27506644200757,0.2933133413198848,19,64,,False,False,Request timeout: 300.0s exceeded,472,21.16838264042747
182,2026-09-14T02:18:18.664+00:00,2026-09-14T02:23:12.647+00:00,2026-09-14T02:23:18.694+00:00,False,86,85.0,,85.0,293982.956258,300030.173154,300030.173145,3488.7229435465115,0.02732,293982.956258,31693.33190335625,89.227837,71.1437281882353,19.74951082598736,0.283304839331513,19,64,,False,False,Request timeout: 300.0s exceeded,438,21.16838264042747
183,2026-09-14T02:18:22.967+00:00,2026-09-14T02:23:16.512+00:00,2026-09-14T02:23:23.047+00:00,False,100,99.0,,99.0,293545.089181,300080.118941,300080.118817,3000.8011881700004,0.02648,293545.089181,29347.91504810215,88.87086545,66.01040161616162,20.619046109318653,0.3299118926951132,19,64,,False,False,Request timeout: 300.0s exceeded,447,21.16838264042747
184,2026-09-14T02:18:28.142+00:00,2026-09-14T02:23:21.797+00:00,2026-09-14T02:23:28.194+00:00,False,95,94.0,,94.0,293654.13413,300051.808626,300051.808566,3158.440090168421,0.02443,293654.13413,30121.302283694666,89.1670138,68.06036697872341,20.15013216774248,0.3132792314448817,19,64,,False,False,Request timeout: 300.0s exceeded,142,21.16838264042747
185,2026-09-14T02:18:31.511+00:00,2026-09-14T02:23:25.270+00:00,2026-09-14T02:23:31.537+00:00,False,96,95.0,,95.0,293759.467532,300026.617612,300026.617613,3125.277266802083,0.04424,293759.467532,29974.97463158598,90.0917345,65.97000084210526,21.40155410212774,0.31663857279108404,19,64,,False,False,Request timeout: 300.0s exceeded,484,21.16838264042747
186,2026-09-14T02:18:35.639+00:00,2026-09-14T02:23:29.424+00:00,2026-09-14T02:23:35.675+00:00,False,95,94.0,,94.0,293785.17977399996,300035.259262,300035.25925199996,3158.2658868631574,0.03933,293785.17977399996,30134.90909806999,91.344333,66.49020731914894,21.2149906139615,0.31329651132074554,19,64,,False,False,Request timeout: 300.0s exceeded,487,21.16838264042747
187,2026-09-14T02:18:41.287+00:00,2026-09-14T02:23:35.128+00:00,2026-09-14T02:23:41.299+00:00,False,89,88.0,,88.0,293841.831544,300011.97605600004,300011.976121,3370.921080011236,0.02134,293841.831544,31139.745632213213,88.8812484,70.11527854545454,19.42139368126339,0.2933216238793547,19,64,,False,False,Request timeout: 300.0s exceeded,409,21.16838264042747
188,2026-09-14T02:18:45.140+00:00,2026-09-14T02:23:38.739+00:00,2026-09-14T02:23:45.176+00:00,False,97,96.0,,96.0,293598.989854,300035.689502,300035.689408,3093.151437195876,0.048119999999999996,293598.989854,29803.65905257253,88.2297538,67.04895466666666,19.008898805736564,0.3199619357261833,19,64,,False,False,Request timeout: 300.0s exceeded,469,21.16838264042747
189,2026-09-14T02:18:48.461+00:00,2026-09-14T02:23:42.295+00:00,2026-09-14T02:23:48.533+00:00,False,95,94.0,,94.0,293833.881475,300071.772291,300071.772368,3158.6502354526315,0.019960000000000002,293833.881475,30139.917855293897,85.7894197,66.36054059574468,19.36195249375743,0.3132583890924662,19,64,,False,False,Request timeout: 300.0s exceeded,449,21.16838264042747
190,2026-09-14T02:18:51.982+00:00,2026-09-14T02:23:45.747+00:00,2026-09-14T02:23:52.008+00:00,False,94,93.0,,93.0,293765.400745,300025.632425,300025.632211,3191.7620447978725,0.022849,293765.400745,30292.65110467115,88.60155715,67.31431913978494,19.908896012424506,0.30997351542371304,19,64,,False,False,Request timeout: 300.0s exceeded,437,21.16838264042747
191,2026-09-14T02:18:57.064+00:00,2026-09-14T02:23:51.026+00:00,2026-09-14T02:23:57.150+00:00,False,89,88.0,,88.0,293961.9837,300086.00802,300086.008164,3371.752900719101,0.023489999999999997,293961.9837,31152.537774105018,90.96569780000002,69.59118545454545,20.19702244682647,0.2932492607057341,19,64,,False,False,Request timeout: 300.0s exceeded,391,21.16838264042747
192,2026-09-14T02:19:00.441+00:00,2026-09-14T02:23:54.381+00:00,2026-09-14T02:24:00.568+00:00,False,99,98.0,,98.0,293940.056803,300126.771427,300126.771496,3031.583550464646,0.039659999999999994,293940.056803,29535.75027312752,90.7059469,63.12974106122449,21.575989283198982,0.3265286849754974,19,64,,False,False,Request timeout: 300.0s exceeded,475,21.16838264042747
193,2026-09-14T02:19:04.468+00:00,2026-09-14T02:23:58.327+00:00,2026-09-14T02:24:04.536+00:00,False,104,103.0,,103.0,293858.60283999995,300068.541016,300068.5410559999,2885.274433230769,0.0,293858.60283999995,28809.368490292727,96.19027979999998,60.290661902912625,65.50293405335273,0.3432549098657694,19,64,,False,False,Request timeout: 300.0s exceeded,504,21.16838264042747
194,2026-09-14T02:19:09.864+00:00,2026-09-14T02:24:03.988+00:00,2026-09-14T02:24:09.919+00:00,False,91,90.0,,90.0,294124.218525,300054.61084499996,300054.61099099996,3297.303417483516,0.02189,294124.218525,30825.694785339354,86.78818150000001,65.893248,20.030441213670077,0.2999453990943387,19,64,,False,False,Request timeout: 300.0s exceeded,440,21.16838264042747
195,2026-09-14T02:19:13.489+00:00,2026-09-14T02:24:07.511+00:00,2026-09-14T02:24:13.494+00:00,False,91,90.0,,90.0,294022.776419,300005.931875,300005.931803,3296.7684813516485,0.02243,294022.776419,30814.999177225214,87.70753450000001,66.47950506666668,19.82397577032101,0.29999406824228814,19,64,,False,False,Request timeout: 300.0s exceeded,459,21.16838264042747
196,2026-09-14T02:19:17.851+00:00,2026-09-14T02:24:11.857+00:00,2026-09-14T02:24:17.934+00:00,False,90,89.0,,89.0,294005.94359399995,300083.42224999995,300083.42213099997,3334.2602458999995,0.03799,294005.94359399995,30983.756266614546,89.102721,68.28627703370788,20.48017652268522,0.29658419426400023,19,64,,False,False,Request timeout: 300.0s exceeded,447,21.16838264042747
197,2026-09-14T02:19:23.075+00:00,2026-09-14T02:24:16.839+00:00,2026-09-14T02:24:23.093+00:00,False,92,91.0,,91.0,293764.279676,300017.476732,300017.47671200003,3261.059529478261,0.0208,293764.279676,30619.885374468522,89.7567525,68.71645116483516,19.65022069807528,0.3033156634447952,19,64,,False,False,Request timeout: 300.0s exceeded,448,21.16838264042747
198,2026-09-14T02:19:28.667+00:00,2026-09-14T02:24:22.407+00:00,2026-09-14T02:24:28.685+00:00,False,95,94.0,,94.0,293739.91181099997,300018.08832299995,300018.088374,3158.085140778947,0.03749,293739.91181099997,30130.233209942544,89.08917939999999,66.78911182978723,19.99223555565127,0.313314442223895,19,64,,False,False,Request timeout: 300.0s exceeded,311,21.16838264042747
199,2026-09-14T02:19:33.280+00:00,2026-09-14T02:24:26.990+00:00,2026-09-14T02:24:33.327+00:00,False,98,97.0,,97.0,293709.558217,300046.355145,300046.355015,3061.697500153061,0.027539,293709.558217,29662.55325738556,88.61380835,65.3278033814433,19.89438793698685,0.32328338050673505,19,64,,False,False,Request timeout: 300.0s exceeded,441,21.16838264042747
200,2026-09-14T02:19:38.033+00:00,2026-09-14T02:24:31.587+00:00,2026-09-14T02:24:38.043+00:00,False,96,95.0,,95.0,293554.34520599997,300009.80581399996,300009.805663,3125.1021423229163,0.05428,293554.34520599997,29953.836086646374,88.38472374999999,67.95221692631578,19.88884445088232,0.3166563164235308,19,64,,False,False,Request timeout: 300.0s exceeded,438,21.16838264042747
201,2026-09-14T02:19:41.326+00:00,2026-09-14T02:24:35.030+00:00,2026-09-14T02:24:41.348+00:00,False,91,90.0,,90.0,293703.781181,300021.306685,300021.30654,3296.9374345054944,0.02225,293703.781181,30781.17012598584,89.6309755,70.19472782222222,20.12012374036341,0.29997869482814193,19,64,,False,False,Request timeout: 300.0s exceeded,289,21.16838264042747
202,2026-09-14T02:19:45.894+00:00,2026-09-14T02:24:39.383+00:00,2026-09-14T02:24:47.648+00:00,False,87,86.0,,86.0,293489.598085,301754.218885,301754.218902,3468.4392977241378,0.02693,293489.598085,31455.997828434254,90.5605573,96.1002418604651,241.08875793827215,0.28500015780317894,19,64,,False,False,Request timeout: 300.0s exceeded,400,21.16838264042747
203,2026-09-14T02:19:50.711+00:00,2026-09-14T02:24:44.412+00:00,2026-09-14T02:24:50.716+00:00,False,105,104.0,,104.0,293700.951101,300005.214013,300005.21387700003,2857.1925131142857,0.01554,293700.951101,28657.148442608166,93.42187100000001,60.61791261538462,213.29899381291335,0.34666064168969213,19,64,,False,False,Request timeout: 300.0s exceeded,344,21.16838264042747
204,2026-09-14T02:19:55.352+00:00,2026-09-14T02:24:49.040+00:00,2026-09-14T02:24:55.394+00:00,False,92,91.0,,91.0,293688.310718,300042.73299,300042.733189,3261.3340564021737,0.04182,293688.310718,30611.849655382957,90.36721245000001,69.82881617582419,20.51785997119099,0.3032901316861185,19,64,,False,False,Request timeout: 300.0s exceeded,121,21.16838264042747
205,2026-09-14T02:20:00.648+00:00,2026-09-14T02:24:54.621+00:00,2026-09-14T02:25:00.673+00:00,False,95,94.0,,94.0,293972.993598,300024.17874999996,300024.17893,3158.1492518947366,0.0,293972.993598,30154.46747422026,86.38793370000002,64.37431012765957,69.56422068091149,0.3133080820073739,19,64,,False,False,Request timeout: 300.0s exceeded,458,21.16838264042747
206,2026-09-14T02:20:06.281+00:00,2026-09-14T02:24:59.865+00:00,2026-09-14T02:25:06.315+00:00,False,98,97.0,,97.0,293583.29024400003,300034.18022800004,300034.18008200004,3061.5732661428574,0.03890999999999999,293583.29024400003,29649.679362509425,87.35513735,66.50402045360825,19.75768201474343,0.32329649883986017,19,64,,False,False,Request timeout: 300.0s exceeded,410,21.16838264042747
207,2026-09-14T02:20:11.919+00:00,2026-09-14T02:25:05.590+00:00,2026-09-14T02:25:11.977+00:00,False,94,93.0,,93.0,293671.287114,300058.40135400003,300058.401356,3192.110652723404,0.03546,293671.287114,30282.803082041693,88.9486378,68.67864774193548,19.5600866374218,0.30993966367994263,19,64,,False,False,Request timeout: 300.0s exceeded,353,21.16838264042747
208,2026-09-14T02:20:15.410+00:00,2026-09-14T02:25:09.246+00:00,2026-09-14T02:25:15.457+00:00,False,91,90.0,,90.0,293836.504436,300047.536244,300047.53623100003,3297.2256728681323,0.023940000000000003,293836.504436,30795.20736607416,90.8699335,69.01146453333332,20.160219483094906,0.2999524712871216,19,64,,False,False,Request timeout: 300.0s exceeded,448,21.16838264042747
209,2026-09-14T02:20:19.338+00:00,2026-09-14T02:25:13.162+00:00,2026-09-14T02:25:19.375+00:00,False,90,89.0,,89.0,293824.170696,300037.81779999996,300037.817864,3333.753531822222,0.02389,293824.170696,30964.434531382485,89.87896049999999,69.81625959550563,20.603592161558378,0.29662927377816706,19,64,,False,False,Request timeout: 300.0s exceeded,413,21.16838264042747
210,2026-09-14T02:20:23.316+00:00,2026-09-14T02:25:17.069+00:00,2026-09-14T02:25:23.337+00:00,False,94,93.0,,93.0,293753.00482,300021.12002,300021.12003199995,3191.714042893617,0.0322,293753.00482,30291.3645173188,89.391658,67.39908817204301,20.954867264482708,0.3099781775156377,19,64,,False,False,Request timeout: 300.0s exceeded,452,21.16838264042747
211,2026-09-14T02:20:27.728+00:00,2026-09-14T02:25:21.377+00:00,2026-09-14T02:25:27.771+00:00,False,98,97.0,,97.0,293649.303281,300042.577393,300042.5774,3061.6589530612246,0.02434,293649.303281,29656.408621801693,90.74736335,65.91004239175258,21.13011686776124,0.3232874508771735,19,64,,False,False,Request timeout: 300.0s exceeded,364,21.16838264042747
212,2026-09-14T02:20:31.540+00:00,2026-09-14T02:25:25.094+00:00,2026-09-14T02:25:31.623+00:00,False,93,92.0,,92.0,293554.278274,300083.29024199996,300083.290239,3226.702045580645,0.02558,293554.278274,30432.808501072723,91.8582996,70.96752139130435,20.538340413682597,0.30658154916192526,19,64,,False,False,Request timeout: 300.0s exceeded,449,21.16838264042747
213,2026-09-14T02:20:35.045+00:00,2026-09-14T02:25:28.718+00:00,2026-09-14T02:25:35.129+00:00,False,90,89.0,,89.0,293672.736398,300084.18113399995,300084.181199,3334.268679988889,0.04018,293672.736398,30948.237296913103,91.7366109,72.0387048988764,19.994302347431002,0.29658344423113003,19,64,,False,False,Request timeout: 300.0s exceeded,366,21.16838264042747
214,2026-09-14T02:20:39.024+00:00,2026-09-14T02:25:32.889+00:00,2026-09-14T02:25:39.048+00:00,False,89,88.0,,88.0,293864.038427,300023.674139,300023.67417899997,3371.0525188651686,0.024210000000000002,293864.038427,31142.112480673648,89.1125834,69.99586036363635,19.847629168945453,0.2933101871128672,19,64,,False,False,Request timeout: 300.0s exceeded,376,21.16838264042747
215,2026-09-14T02:20:43.311+00:00,2026-09-14T02:25:36.984+00:00,2026-09-14T02:25:43.371+00:00,False,94,93.0,,93.0,293672.57704400003,300060.06504400005,300060.06507500005,3192.1283518617024,0.037079999999999995,293672.57704400003,30282.93560644745,88.26592665,68.68266666666668,19.39167608288364,0.30993794521227847,19,64,,False,False,Request timeout: 300.0s exceeded,432,21.16838264042747
216,2026-09-14T02:20:47.127+00:00,2026-09-14T02:25:40.842+00:00,2026-09-14T02:25:47.197+00:00,False,93,92.0,,92.0,293714.905787,300069.23231500003,300069.23232,3226.550885161291,0.02665,293714.905787,30449.661457041413,88.3175096,69.06876660869565,20.19201853202565,0.3065959121840998,19,64,,False,False,Request timeout: 300.0s exceeded,490,21.16838264042747
217,2026-09-14T02:20:50.951+00:00,2026-09-14T02:25:44.897+00:00,2026-09-14T02:25:51.608+00:00,False,86,85.0,,85.0,293946.46484100004,300657.596489,300657.59650000004,3496.018563953489,0.038869999999999995,293946.46484100004,31688.620817946543,89.8457195,78.95448997647058,68.05691975726437,0.2827136283686411,19,64,,False,False,Request timeout: 300.0s exceeded,348,21.16838264042747
218,2026-09-14T02:20:54.814+00:00,2026-09-14T02:25:48.553+00:00,2026-09-14T02:25:54.901+00:00,False,100,99.0,,99.0,293738.687916,300086.313388,300086.313548,3000.8631354800004,0.0,293738.687916,29367.536067533914,89.00923445000001,64.117429010101,68.47291760303416,0.32990508258201307,19,64,,False,False,Request timeout: 300.0s exceeded,175,21.16838264042747
219,2026-09-14T02:20:59.281+00:00,2026-09-14T02:25:52.998+00:00,2026-09-14T02:25:59.297+00:00,False,95,94.0,,94.0,293716.69216399995,300015.807428,300015.8074979999,3158.061131557894,0.02361,293716.69216399995,30127.828581855647,90.7502137,67.01186451063829,20.75579946634297,0.3133168242228664,19,64,,False,False,Request timeout: 300.0s exceeded,209,21.16838264042747
220,2026-09-14T02:21:02.895+00:00,2026-09-14T02:25:56.673+00:00,2026-09-14T02:26:02.976+00:00,False,93,92.0,,92.0,293778.06033600005,300080.28344,300080.28334600007,3226.66971339785,0.038119999999999994,293778.06033600005,30456.269318437426,89.20282579999999,68.50242504347827,20.66553873884355,0.3065846211065549,19,64,,False,False,Request timeout: 300.0s exceeded,247,21.16838264042747
221,2026-09-14T02:21:08.037+00:00,2026-09-14T02:26:01.436+00:00,2026-09-14T02:26:08.071+00:00,False,99,98.0,,98.0,293398.30289999995,300033.8518279999,300033.85181599995,3030.6449678383833,0.022279,293398.30289999995,29480.84110937838,89.66630590000001,67.70968293877552,20.787172255891207,0.3266298099461802,19,64,,False,False,Request timeout: 300.0s exceeded,436,21.16838264042747
222,2026-09-14T02:21:13.354+00:00,2026-09-14T02:26:06.987+00:00,2026-09-14T02:26:13.417+00:00,False,96,95.0,,95.0,293632.14118000004,300062.578556,300062.57850800006,3125.6518594583335,0.04488,293632.14118000004,29961.803621745617,89.15977200000002,67.68881448421052,20.833512126607843,0.3166006253001334,19,64,,False,False,Request timeout: 300.0s exceeded,422,21.16838264042747
223,2026-09-14T02:21:16.885+00:00,2026-09-14T02:26:10.537+00:00,2026-09-14T02:26:17.236+00:00,False,96,95.0,,95.0,293651.74347000004,300350.94935800007,300350.94947100006,3128.6557236562503,0.01955,293651.74347000004,29963.51504071871,90.64903375,70.51795671578947,20.11967876872713,0.3162966529756687,19,64,,False,False,Request timeout: 300.0s exceeded,371,21.16838264042747
224,2026-09-14T02:21:22.253+00:00,2026-09-14T02:26:15.991+00:00,2026-09-14T02:26:22.290+00:00,False,96,95.0,,95.0,293738.011089,300037.38772899995,300037.38762399997,3125.3894544166665,0.02174,293738.011089,29972.750007410497,91.39019,66.30922778947368,21.240169489829086,0.31662720675933226,19,64,,False,False,Request timeout: 300.0s exceeded,359,21.16838264042747
225,2026-09-14T02:21:27.827+00:00,2026-09-14T02:26:21.863+00:00,2026-09-14T02:26:27.850+00:00,False,87,86.0,,86.0,294035.713613,300022.437709,300022.437598,3448.5337654942527,0.04246,294035.713613,31516.480385413863,88.3486663,69.61307088372094,19.98774546817611,0.2866452277926418,19,64,,False,False,Request timeout: 300.0s exceeded,273,21.16838264042747
226,2026-09-14T02:21:31.552+00:00,2026-09-14T02:26:25.140+00:00,2026-09-14T02:26:31.588+00:00,False,98,97.0,,97.0,293588.166761,300036.624233,300036.62416,3061.5982057142855,0.036239,293588.166761,29650.1755804322,90.12952134999999,66.47894301030928,21.335760054861986,0.32329386536715776,19,64,,False,False,Request timeout: 300.0s exceeded,515,21.16838264042747
227,2026-09-14T02:21:35.973+00:00,2026-09-14T02:26:29.365+00:00,2026-09-14T02:26:36.047+00:00,False,100,99.0,,99.0,293391.980736,300073.874112,300073.874073,3000.73874073,0.03588,293391.980736,29332.4553916645,87.26950700000002,67.49387248484848,19.93433687877945,0.32991875848228325,19,64,,False,False,Request timeout: 300.0s exceeded,431,21.16838264042747
228,2026-09-14T02:21:40.391+00:00,2026-09-14T02:26:34.310+00:00,2026-09-14T02:26:40.434+00:00,False,93,92.0,,92.0,293919.145494,300043.36462999997,300043.36457,3226.2727373118278,0.04947,293919.145494,30471.099518596908,88.02988399999998,66.56759930434782,20.247083723432358,0.3066223447848956,19,64,,False,False,Request timeout: 300.0s exceeded,165,21.16838264042747
229,2026-09-14T02:21:46.407+00:00,2026-09-14T02:26:40.308+00:00,2026-09-14T02:26:46.478+00:00,False,96,95.0,,95.0,293901.119574,300071.526998,300071.527093,3125.745073885417,0.0,293901.119574,29989.595759961543,89.4469285,64.95165709473685,63.9437700187344,0.3165911839433976,19,64,,False,False,Request timeout: 300.0s exceeded,430,21.16838264042747
230,2026-09-14T02:21:50.106+00:00,2026-09-14T02:26:43.879+00:00,2026-09-14T02:26:50.140+00:00,False,100,99.0,,99.0,293772.70811799995,300034.42664599995,300034.42662399996,3000.3442662399993,0.0,293772.70811799995,29371.014750259135,91.60685289999999,63.2496821010101,63.945403791151946,0.32996213503461264,19,64,,False,False,Request timeout: 300.0s exceeded,453,21.16838264042747
231,2026-09-14T02:21:55.359+00:00,2026-09-14T02:26:49.010+00:00,2026-09-14T02:26:55.388+00:00,False,96,95.0,,95.0,293650.627389,300028.90962899994,300028.90961699997,3125.3011418437495,0.03504,293650.627389,29963.74585028922,87.46152725,67.13981305263157,20.027195843385776,0.3166361538875438,19,64,,False,False,Request timeout: 300.0s exceeded,436,21.16838264042747
232,2026-09-14T02:21:58.977+00:00,2026-09-14T02:26:52.930+00:00,2026-09-14T02:26:59.025+00:00,False,88,87.0,,87.0,293953.35638,300047.797852,300047.797709,3409.634064875,0.0213,293953.35638,31328.071603142605,87.89002085,70.05105140229885,19.489218024041303,0.2899538027701612,19,64,,False,False,Request timeout: 300.0s exceeded,213,21.16838264042747
233,2026-09-14T02:22:02.276+00:00,2026-09-14T02:26:55.853+00:00,2026-09-14T02:27:02.324+00:00,False,93,92.0,,92.0,293576.990667,300048.122315,300048.12232900003,3226.323896010753,0.045939999999999995,293576.990667,30435.228119221458,87.2628276,70.33838747826087,19.326691882778544,0.3066174828563516,19,64,,False,False,Request timeout: 300.0s exceeded,451,21.16838264042747
234,2026-09-14T02:22:06.300+00:00,2026-09-14T02:27:00.391+00:00,2026-09-14T02:27:06.348+00:00,False,88,87.0,,87.0,294090.744403,300048.154707,300048.15468,3409.6381213636364,0.03929,294090.744403,31342.885252743894,88.25012985,68.47598050574713,19.71085763927276,0.289953457920634,19,64,,False,False,Request timeout: 300.0s exceeded,424,21.16838264042747
235,2026-09-14T02:22:10.348+00:00,2026-09-14T02:27:04.251+00:00,2026-09-14T02:27:10.414+00:00,False,94,93.0,,93.0,293903.869489,300066.184753,300066.184874,3192.193456106383,0.02961,293903.869489,30307.042026105173,87.97003999999998,66.2614544516129,20.469974208671324,0.30993162417335735,19,64,,False,False,Request timeout: 300.0s exceeded,473,21.16838264042747
236,2026-09-14T02:22:15.640+00:00,2026-09-14T02:27:09.555+00:00,2026-09-14T02:27:15.690+00:00,False,94,93.0,,93.0,293915.205117,300050.71538899996,300050.715529,3192.0288886063827,0.03513,293915.205117,30308.24103087681,87.87185115,65.9732287311828,20.613295282564938,0.30994760295582163,19,64,,False,False,Request timeout: 300.0s exceeded,400,21.16838264042747
237,2026-09-14T02:22:19.954+00:00,2026-09-14T02:27:13.777+00:00,2026-09-14T02:27:20.019+00:00,False,94,93.0,,93.0,293823.354863,300065.571567,300065.571749,3192.1869334999997,0.01911,293823.354863,30298.649091068433,88.75737715000001,67.12060972043011,20.66033605175453,0.30993225752070175,19,64,,False,False,Request timeout: 300.0s exceeded,412,21.16838264042747
238,2026-09-14T02:22:24.045+00:00,2026-09-14T02:27:17.896+00:00,2026-09-14T02:27:24.086+00:00,False,90,89.0,,89.0,293850.72543800005,300041.48691000004,300041.48690200003,3333.7942989111116,0.02618,293850.72543800005,30967.260018202785,88.812343,69.55911766292135,19.45688442232513,0.2966256463950143,19,64,,False,False,Request timeout: 300.0s exceeded,382,21.16838264042747
239,2026-09-14T02:22:28.628+00:00,2026-09-14T02:27:22.354+00:00,2026-09-14T02:27:28.673+00:00,False,91,90.0,,90.0,293725.65135299996,300044.813209,300044.813017,3297.19574743956,0.02127,293725.65135299996,30783.46032519645,87.4408605,70.2129095111111,19.312749429516476,0.29995519348407923,19,64,,False,False,Request timeout: 300.0s exceeded,400,21.16838264042747
240,2026-09-14T02:22:32.642+00:00,2026-09-14T02:27:26.134+00:00,2026-09-14T02:27:32.705+00:00,False,100,99.0,,99.0,293492.161728,300063.33638399997,300063.33616,3000.6333615999997,0.04419,293492.161728,29342.584970548054,85.9630915,66.37550157575758,19.398847101977015,0.32993034468331967,19,64,,False,False,Request timeout: 300.0s exceeded,469,21.16838264042747
241,2026-09-14T02:22:35.964+00:00,2026-09-14T02:27:29.932+00:00,2026-09-14T02:27:35.984+00:00,False,94,93.0,,93.0,293967.92214499996,300020.04681699997,300020.04682299995,3191.702625776595,0.03817,293967.92214499996,30313.77058211342,87.88416850000002,65.07660937634408,20.20313237461064,0.30997928633990984,19,64,,False,False,Request timeout: 300.0s exceeded,228,21.16838264042747
242,2026-09-14T02:22:39.464+00:00,2026-09-14T02:27:33.406+00:00,2026-09-14T02:27:39.477+00:00,False,90,89.0,,89.0,293941.953302,300013.744918,300013.74476800003,3333.486052977778,0.023039999999999998,293941.953302,30977.01741063118,88.44417444999999,68.22237770786516,19.82090469779986,0.2966530750926947,19,64,,False,False,Request timeout: 300.0s exceeded,248,21.16838264042747
243,2026-09-14T02:22:43.871+00:00,2026-09-14T02:27:37.779+00:00,2026-09-14T02:27:43.936+00:00,False,94,93.0,,93.0,293907.926124,300065.46749999997,300065.46736899996,3192.185823074468,0.0,293907.926124,30307.537674744468,91.1144861,66.21012232258065,69.4788089224359,0.3099323650096458,19,64,,False,False,Request timeout: 300.0s exceeded,375,21.16838264042747
244,2026-09-14T02:22:48.369+00:00,2026-09-14T02:27:42.580+00:00,2026-09-14T02:27:48.441+00:00,False,90,89.0,,89.0,294210.691827,300071.586291,300071.586369,3334.1287374333333,0.038700000000000005,294210.691827,31005.59558816479,89.8061519,65.85274678651685,21.15963385266988,0.29659589266706043,19,64,,False,False,Request timeout: 300.0s exceeded,397,21.16838264042747
245,2026-09-14T02:22:53.602+00:00,2026-09-14T02:27:47.501+00:00,2026-09-14T02:27:53.679+00:00,False,90,89.0,,89.0,293899.344676,300077.285668,300077.285659,3334.192062877778,0.0235,293899.344676,30972.400770329226,89.0030875,69.4150673258427,20.478497774164047,0.2965902594122634,19,64,,False,False,Request timeout: 300.0s exceeded,364,21.16838264042747
246,2026-09-14T02:22:57.471+00:00,2026-09-14T02:27:51.106+00:00,2026-09-14T02:27:57.530+00:00,False,96,95.0,,95.0,293634.96451599995,300058.423844,300058.42394999997,3125.6085828124997,0.015880000000000002,293634.96451599995,29962.099191172027,88.31886899999999,67.61536134736842,20.713040886795476,0.31660500906113664,19,64,,False,False,Request timeout: 300.0s exceeded,443,21.16838264042747
247,2026-09-14T02:23:02.809+00:00,2026-09-14T02:27:56.583+00:00,2026-09-14T02:28:02.818+00:00,False,95,94.0,,94.0,293773.972425,300008.684745,300008.684608,3157.986153768421,0.033049999999999996,293773.972425,30133.775569508827,88.6036857,66.32672680851064,20.555896100417097,0.3133242628622491,19,64,,False,False,Request timeout: 300.0s exceeded,476,21.16838264042747
248,2026-09-14T02:23:07.661+00:00,2026-09-14T02:28:01.091+00:00,2026-09-14T02:28:07.716+00:00,False,101,100.0,,100.0,293429.871424,300055.296064,300055.296112,2970.844515960396,0.03403,293429.871424,29190.778332642094,90.09908999999999,66.2542464,20.88716228575899,0.33327190458478223,19,64,,False,False,Request timeout: 300.0s exceeded,375,21.16838264042747
249,2026-09-14T02:23:11.614+00:00,2026-09-14T02:28:05.388+00:00,2026-09-14T02:28:11.652+00:00,False,93,92.0,,92.0,293773.95192900003,300038.16773700004,300038.16753900005,3226.2168552580647,0.027690000000000003,293773.95192900003,30455.88634542169,90.960774,68.08930226086956,20.975942133775618,0.3066276557209317,19,64,,False,False,Request timeout: 300.0s exceeded,441,21.16838264042747
250,2026-09-14T02:23:16.239+00:00,2026-09-14T02:28:09.785+00:00,2026-09-14T02:28:16.328+00:00,False,109,108.0,,108.0,293546.123162,300089.39560999995,300089.395454,2753.1137197614676,0.01601,293546.123162,28111.998593635177,92.22911739999999,60.585856,259.0347119562078,0.35989275722477776,19,64,,False,False,Request timeout: 300.0s exceeded,490,21.16838264042747
251,2026-09-14T02:23:21.583+00:00,2026-09-14T02:28:16.025+00:00,2026-09-14T02:28:21.658+00:00,False,82,81.0,,81.0,294441.97619300004,300074.516865,300074.51685300004,3659.44532747561,0.03221,294441.97619300004,32508.003463278637,89.781689,69.53753916049382,19.587585003423925,0.26993295147565277,19,64,,False,False,Request timeout: 300.0s exceeded,431,21.16838264042747
252,2026-09-14T02:23:25.438+00:00,2026-09-14T02:28:18.758+00:00,2026-09-14T02:28:25.512+00:00,False,98,97.0,,97.0,293319.878098,300073.50037,300073.500291,3061.9744927653064,0.023030000000000002,293319.878098,29622.755477304727,88.83662749999999,69.62497187628865,19.784315750931363,0.3232541356714137,19,64,,False,False,Request timeout: 300.0s exceeded,336,21.16838264042747
253,2026-09-14T02:23:29.215+00:00,2026-09-14T02:28:22.804+00:00,2026-09-14T02:28:29.242+00:00,False,96,95.0,,95.0,293589.26805400004,300027.11176600005,300027.11158300005,3125.282412322917,0.03496,293589.26805400004,29957.419783114292,89.89441299999999,67.76677591578947,20.595537742535118,0.31663805127749023,19,64,,False,False,Request timeout: 300.0s exceeded,438,21.16838264042747
254,2026-09-14T02:23:33.477+00:00,2026-09-14T02:28:27.005+00:00,2026-09-14T02:28:33.491+00:00,False,96,95.0,,95.0,293528.47468800005,300014.63891200005,300014.63895600004,3125.1524891250006,0.03003,293528.47468800005,29951.163058090224,90.07351924999999,68.27541288421052,20.423191484719272,0.3166512152357515,19,64,,False,False,Request timeout: 300.0s exceeded,484,21.16838264042747
255,2026-09-14T02:23:37.938+00:00,2026-09-14T02:28:31.869+00:00,2026-09-14T02:28:37.990+00:00,False,89,88.0,,88.0,293930.587145,300052.197129,300052.197072,3371.3730008089888,0.0,293930.587145,31149.28094161043,90.80240840000002,69.56374981818182,68.63650680561483,0.29328230501897173,19,64,,False,False,Request timeout: 300.0s exceeded,488,21.16838264042747
256,2026-09-14T02:23:41.787+00:00,2026-09-14T02:28:35.557+00:00,2026-09-14T02:28:41.806+00:00,False,97,96.0,,96.0,293769.70107,300018.47419000004,300018.47428900003,3092.9739617422683,0.0,293769.70107,29821.25583733911,86.75423420000001,65.09138666666666,65.38096751507868,0.31998029541075435,19,64,,False,False,Request timeout: 300.0s exceeded,408,21.16838264042747
257,2026-09-14T02:23:47.422+00:00,2026-09-14T02:28:41.085+00:00,2026-09-14T02:28:47.427+00:00,False,95,94.0,,94.0,293663.16739099997,300005.52054299996,300005.520493,3157.9528472947363,0.03461,293663.16739099997,30122.28932788313,88.44786169999999,67.47184204255319,19.952753005153074,0.31332756753896773,19,64,,False,False,Request timeout: 300.0s exceeded,456,21.16838264042747
258,2026-09-14T02:23:52.963+00:00,2026-09-14T02:28:46.799+00:00,2026-09-14T02:28:52.987+00:00,False,92,91.0,,91.0,293836.117535,300024.259359,300024.25936200004,3261.1332539347827,0.04917,293836.117535,30627.4500516036,88.34247255,68.0015585054945,20.47064043425749,0.30330880640925817,19,64,,False,False,Request timeout: 300.0s exceeded,476,21.16838264042747
259,2026-09-14T02:23:58.221+00:00,2026-09-14T02:28:52.176+00:00,2026-09-14T02:28:58.270+00:00,False,90,89.0,,89.0,293954.825511,300049.153575,300049.153416,3333.8794824,0.020739999999999998,293954.825511,30978.3488725806,90.53530395000001,68.47559622471911,21.784569301807572,0.2966180672052909,19,64,,False,False,Request timeout: 300.0s exceeded,423,21.16838264042747
260,2026-09-14T02:24:03.127+00:00,2026-09-14T02:28:56.340+00:00,2026-09-14T02:29:03.208+00:00,False,103,102.0,,102.0,293212.605812,300081.293684,300081.293582,2913.410617300971,0.033909999999999996,293212.605812,28884.46866951293,90.6454552,67.34007717647059,20.723158312357903,0.33990789211743033,19,64,,False,False,Request timeout: 300.0s exceeded,467,21.16838264042747
261,2026-09-14T02:24:07.590+00:00,2026-09-14T02:29:00.837+00:00,2026-09-14T02:29:07.632+00:00,False,99,98.0,,98.0,293246.863032,300042.066616,300042.06665700005,3030.7279460303034,0.021199000000000003,293246.863032,29465.457335511903,90.3451389,69.33881208163265,21.12165250041443,0.3266208672180038,19,64,,False,False,Request timeout: 300.0s exceeded,514,21.16838264042747
262,2026-09-14T02:24:12.049+00:00,2026-09-14T02:29:06.087+00:00,2026-09-14T02:29:12.077+00:00,False,89,88.0,,88.0,294038.498666,300028.982122,300028.9821,3371.1121584269667,0.02881,294038.498666,31160.80920805858,89.725657,68.07367563636365,20.211971277194728,0.2933049979958829,19,64,,False,False,Request timeout: 300.0s exceeded,354,21.16838264042747
263,2026-09-14T02:24:16.207+00:00,2026-09-14T02:29:10.046+00:00,2026-09-14T02:29:16.218+00:00,False,94,93.0,,93.0,293839.341479,300011.35274299997,300011.35263,3191.610134361702,0.018789999999999998,293839.341479,30300.375470550764,87.5800533,66.36571251612904,20.09563177156497,0.30998826927615303,19,64,,False,False,Request timeout: 300.0s exceeded,287,21.16838264042747
264,2026-09-14T02:24:21.591+00:00,2026-09-14T02:29:15.499+00:00,2026-09-14T02:29:21.667+00:00,False,93,92.0,,92.0,293908.191138,300075.807138,300075.807138,3226.621582129032,0.01681,293908.191138,30469.91490153721,90.15044600000002,67.03930434782609,20.564215493787106,0.30658919450207694,19,64,,False,False,Request timeout: 300.0s exceeded,457,21.16838264042747
265,2026-09-14T02:24:26.853+00:00,2026-09-14T02:29:20.651+00:00,2026-09-14T02:29:26.888+00:00,False,87,86.0,,86.0,293798.43758200004,300035.35278200003,300035.352666,3448.6822145517244,0.073299,293798.43758200004,31490.729367814034,90.3781826,72.52226976744186,19.235275368857508,0.28663288909985873,19,64,,False,False,Request timeout: 300.0s exceeded,231,21.16838264042747
266,2026-09-14T02:24:31.218+00:00,2026-09-14T02:29:24.845+00:00,2026-09-14T02:29:31.257+00:00,False,93,92.0,,92.0,293627.058137,300038.67874500004,300038.678822,3226.2223529247312,0.036950000000000004,293627.058137,30440.48761674402,89.77112820000002,69.6915283478261,20.36219182878572,0.3066271334909787,19,64,,False,False,Request timeout: 300.0s exceeded,468,21.16838264042747
267,2026-09-14T02:24:36.093+00:00,2026-09-14T02:29:29.587+00:00,2026-09-14T02:29:35.910+00:00,True,102,102.0,,102.0,293493.351793,299816.509809,299816.509865,2939.3775476960786,0.0,293493.351793,29054.040555684227,89.81841665,62.605524910891084,62.85220188834373,0.34020808282032144,19,64,,False,True,,519,21.16838264042747
268,2026-09-14T02:24:40.788+00:00,2026-09-14T02:29:34.415+00:00,2026-09-14T02:29:40.818+00:00,False,96,95.0,,95.0,293627.920433,300030.641201,300030.64141700004,3125.3191814270835,0.03719,293627.920433,29961.401985385033,89.2866915,67.39706071578946,19.889207001369357,0.3166343264798627,19,64,,False,False,Request timeout: 300.0s exceeded,446,21.16838264042747
269,2026-09-14T02:24:44.882+00:00,2026-09-14T02:29:38.559+00:00,2026-09-14T02:29:44.944+00:00,False,95,94.0,,94.0,293676.53796399996,300062.14717999997,300062.147074,3158.5489165684207,0.02425,293676.53796399996,30123.614629690986,89.595181,67.93201293617021,21.026712138163436,0.3132684375000879,19,64,,False,False,Request timeout: 300.0s exceeded,434,21.16838264042747
270,2026-09-14T02:24:49.573+00:00,2026-09-14T02:29:43.152+00:00,2026-09-14T02:29:49.589+00:00,False,102,101.0,,101.0,293578.87169400003,300015.638158,300015.638096,2941.329785254902,0.0197,293578.87169400003,29062.337476024964,90.54638849999999,63.73036102970297,21.500314031620466,0.33664911809300235,19,64,,False,False,Request timeout: 300.0s exceeded,287,21.16838264042747
271,2026-09-14T02:24:52.918+00:00,2026-09-14T02:29:46.532+00:00,2026-09-14T02:29:52.941+00:00,False,101,100.0,,100.0,293613.624654,300022.92539,300022.925474,2970.5240145940593,0.02215,293613.624654,29209.27818225811,91.27493799999998,64.09300736,21.817451843717507,0.3333078626241976,19,64,,False,False,Request timeout: 300.0s exceeded,481,21.16838264042747
272,2026-09-14T02:24:57.506+00:00,2026-09-14T02:29:50.749+00:00,2026-09-14T02:29:57.529+00:00,False,98,97.0,,97.0,293242.827519,300022.555647,300022.555637,3061.454649357143,0.0172,293242.827519,29614.944918853576,88.31586705,69.89410441237114,19.648082984592275,0.3233090251858533,19,64,,False,False,Request timeout: 300.0s exceeded,451,21.16838264042747
273,2026-09-14T02:25:01.761+00:00,2026-09-14T02:29:55.669+00:00,2026-09-14T02:30:01.796+00:00,False,90,89.0,,89.0,293907.725448,300034.87578400003,300034.875774,3333.7208419333333,0.03383,293907.725448,30973.344600042947,89.39449489999998,68.8443857977528,20.878224414239263,0.29663218240026384,19,64,,False,False,Request timeout: 300.0s exceeded,219,21.16838264042747
274,2026-09-14T02:25:05.215+00:00,2026-09-14T02:29:59.179+00:00,2026-09-14T02:30:05.259+00:00,False,88,87.0,,87.0,293964.66034,300044.282228,300044.282356,3409.5941176818183,0.033799,293964.66034,31329.29492846144,89.3966702,69.88071135632184,19.749952789295016,0.28995720016384036,19,64,,False,False,Request timeout: 300.0s exceeded,398,21.16838264042747
275,2026-09-14T02:25:08.466+00:00,2026-09-14T02:30:01.963+00:00,2026-09-14T02:30:08.519+00:00,False,97,96.0,,96.0,293497.29102,300053.34734,300053.34742,3093.3334785567013,0.02169,293497.29102,29793.207442490762,89.3904558,68.29225333333333,19.90328092847048,0.31994310628776074,19,64,,False,False,Request timeout: 300.0s exceeded,437,21.16838264042747
276,2026-09-14T02:25:12.301+00:00,2026-09-14T02:30:06.195+00:00,2026-09-14T02:30:12.327+00:00,False,90,89.0,,89.0,293893.859145,300026.046281,300026.04647,3333.6227385555553,0.01884,293893.859145,30971.87694078789,90.65157549999999,68.90097905617978,20.79219580157704,0.296640912024831,19,64,,False,False,Request timeout: 300.0s exceeded,399,21.16838264042747
277,2026-09-14T02:25:15.513+00:00,2026-09-14T02:30:09.133+00:00,2026-09-14T02:30:15.539+00:00,False,97,96.0,,96.0,293619.808416,300025.976992,300025.976982,3093.0513090927834,0.018949999999999998,293619.808416,29805.805801150753,88.2949578,66.73092266666666,20.017055999654918,0.31997229360762913,19,64,,False,False,Request timeout: 300.0s exceeded,464,21.16838264042747
278,2026-09-14T02:25:19.636+00:00,2026-09-14T02:30:12.954+00:00,2026-09-14T02:30:19.658+00:00,False,103,102.0,,102.0,293318.030906,300021.233466,300021.233486,2912.8275095728154,0.03393,293318.030906,28895.015738562124,87.4086191,65.71767215686275,19.813762085781534,0.33997593710832863,19,64,,False,False,Request timeout: 300.0s exceeded,341,21.16838264042747
279,2026-09-14T02:25:23.739+00:00,2026-09-14T02:30:17.243+00:00,2026-09-14T02:30:23.795+00:00,False,97,96.0,,96.0,293504.05814700003,300055.63037100004,300055.63039700006,3093.3570144020623,0.02299,293504.05814700003,29793.899370955063,88.0480842,68.245544,20.036388703256133,0.3199406719390734,19,64,,False,False,Request timeout: 300.0s exceeded,487,21.16838264042747
280,2026-09-14T02:25:27.418+00:00,2026-09-14T02:30:21.207+00:00,2026-09-14T02:30:27.474+00:00,False,91,90.0,,90.0,293788.943739,300056.006523,300056.006669,3297.3187546043955,0.02016,293788.943739,30790.156746716,90.91086800000001,69.63403093333334,20.706070638112134,0.2999440039308171,19,64,,False,False,Request timeout: 300.0s exceeded,472,21.16838264042747
281,2026-09-14T02:25:33.068+00:00,2026-09-14T02:30:26.533+00:00,2026-09-14T02:30:33.139+00:00,False,107,106.0,,106.0,293465.006675,300071.058259,300071.058249,2804.4024135420564,0.0,293465.006675,28364.377602590062,91.96340690000001,62.32124135849056,63.04487192961339,0.35324966231334554,19,64,,False,False,Request timeout: 300.0s exceeded,501,21.16838264042747
282,2026-09-14T02:25:38.379+00:00,2026-09-14T02:30:32.014+00:00,2026-09-14T02:30:38.414+00:00,False,94,93.0,,93.0,293634.86606000003,300034.39374,300034.39384100004,3191.8552536276597,0.03221,293634.86606000003,30279.03318785942,89.9747308,68.81212559139786,20.202418078441955,0.3099644638760673,19,64,,False,False,Request timeout: 300.0s exceeded,452,21.16838264042747
283,2026-09-14T02:25:43.774+00:00,2026-09-14T02:30:37.332+00:00,2026-09-14T02:30:43.842+00:00,False,98,97.0,,97.0,293557.916028,300067.78559600003,300067.785546,3061.9161790408166,0.04052,293557.916028,29647.054901350657,88.61655635,67.11205740206185,19.97220855673413,0.3232602920281391,19,64,,False,False,Request timeout: 300.0s exceeded,509,21.16838264042747
284,2026-09-14T02:25:48.378+00:00,2026-09-14T02:30:41.941+00:00,2026-09-14T02:30:48.458+00:00,False,97,96.0,,96.0,293563.510607,300080.045903,300080.045911,3093.6087207319583,0.03431,293563.510607,29799.97277506625,89.324789,67.880576,19.833718219361604,0.3199146404790665,19,64,,False,False,Request timeout: 300.0s exceeded,366,21.16838264042747
285,2026-09-14T02:25:52.999+00:00,2026-09-14T02:30:46.957+00:00,2026-09-14T02:30:53.016+00:00,False,94,93.0,,93.0,293958.07348900003,300016.479377,300016.47957900004,3191.6646763723406,0.02084,293958.07348900003,30312.74837110741,89.52349695000001,65.14414933333333,21.044850016421822,0.3099829722457893,19,64,,False,False,Request timeout: 300.0s exceeded,323,21.16838264042747
286,2026-09-14T02:25:58.253+00:00,2026-09-14T02:30:52.930+00:00,2026-09-14T02:30:58.279+00:00,False,76,75.0,,75.0,294676.940548,300026.18522,300026.185296,3947.712964421052,0.02145,294676.940548,33793.58755025355,89.35643175,71.32326229333334,19.593431845033535,0.24997818088779417,19,64,,False,False,Request timeout: 300.0s exceeded,282,21.16838264042747
287,2026-09-14T02:26:02.499+00:00,2026-09-14T02:30:55.993+00:00,2026-09-14T02:31:02.569+00:00,False,97,96.0,,96.0,293493.641301,300069.421653,300069.42185000004,3093.4991943298974,0.02494,293493.641301,29792.8160572386,89.077474,68.497712,19.97689423463149,0.3199259673683589,19,64,,False,False,Request timeout: 300.0s exceeded,141,21.16838264042747
288,2026-09-14T02:26:06.619+00:00,2026-09-14T02:30:59.858+00:00,2026-09-14T02:31:06.711+00:00,False,101,100.0,,100.0,293238.985851,300092.115579,300092.115574,2971.209065089109,0.01998,293238.985851,29171.557774592773,90.31828,68.53129728,20.655178453093704,0.3332310141073158,19,64,,False,False,Request timeout: 300.0s exceeded,542,21.16838264042747
289,2026-09-14T02:26:10.654+00:00,2026-09-14T02:31:04.267+00:00,2026-09-14T02:31:10.693+00:00,False,96,95.0,,95.0,293612.489937,300038.601169,300038.60121199995,3125.402095958333,0.0185,293612.489937,29959.802858105428,89.52268099999999,67.64327612631578,21.172059537961438,0.3166259262303727,19,64,,False,False,Request timeout: 300.0s exceeded,388,21.16838264042747
290,2026-09-14T02:26:15.274+00:00,2026-09-14T02:31:09.026+00:00,2026-09-14T02:31:15.324+00:00,False,96,95.0,,95.0,293751.83260900003,300050.02038500004,300050.02039300004,3125.521045760417,0.02016,293751.83260900003,29974.16147210927,87.77714,66.29671343157895,20.566220363693205,0.3166138761733915,19,64,,False,False,Request timeout: 300.0s exceeded,437,21.16838264042747
291,2026-09-14T02:26:20.924+00:00,2026-09-14T02:31:14.569+00:00,2026-09-14T02:31:20.944+00:00,False,98,97.0,,97.0,293645.572,300020.43792,300020.437913,3061.4330399285714,0.26088900000000004,293645.572,29656.0499232432,87.31328520000001,65.72026721649485,19.73312082647164,0.3233113072978878,19,64,,False,False,Request timeout: 300.0s exceeded,462,21.16838264042747
292,2026-09-14T02:26:26.550+00:00,2026-09-14T02:31:20.394+00:00,2026-09-14T02:31:26.577+00:00,False,93,92.0,,92.0,293843.789458,300026.75445,300026.75437499996,3226.094133064516,0.0,293843.789458,30463.293312256275,91.0042716,67.20614121739129,70.51171661920223,0.30663932011214007,19,64,,False,False,Request timeout: 300.0s exceeded,363,21.16838264042747
293,2026-09-14T02:26:30.614+00:00,2026-09-14T02:31:24.292+00:00,2026-09-14T02:31:30.628+00:00,False,91,90.0,,90.0,293678.66915100004,300014.103903,300014.103767,3296.8582831538465,0.031010000000000003,293678.66915100004,30778.516730700212,88.99980749999999,70.39371946666667,19.996267293915682,0.29998589676003573,19,64,,False,False,Request timeout: 300.0s exceeded,387,21.16838264042747
294,2026-09-14T02:26:35.463+00:00,2026-09-14T02:31:29.204+00:00,2026-09-14T02:31:35.510+00:00,False,90,89.0,,89.0,293740.996505,300046.635929,300046.635954,3333.8515106,0.01916,293740.996505,30955.55743992546,87.98382345,70.84988116853933,19.33261209325516,0.2966205560826886,19,64,,False,False,Request timeout: 300.0s exceeded,416,21.16838264042747
295,2026-09-14T02:26:40.497+00:00,2026-09-14T02:31:33.856+00:00,2026-09-14T02:31:40.511+00:00,False,99,98.0,,98.0,293359.144646,300013.764294,300013.764268,3030.4420633131313,0.018879999999999997,293359.144646,29476.885831558935,90.02422189999999,67.90428212244898,20.544685197020407,0.3266516795674895,19,64,,False,False,Request timeout: 300.0s exceeded,475,21.16838264042747
296,2026-09-14T02:26:44.844+00:00,2026-09-14T02:31:38.039+00:00,2026-09-14T02:31:44.866+00:00,False,106,105.0,,105.0,293195.013676,300021.882924,300021.882927,2830.3951219528303,0.04007,293195.013676,28471.309547073328,89.00829900000001,65.01780236190476,20.715705917069677,0.34997447178410673,19,64,,False,False,Request timeout: 300.0s exceeded,486,21.16838264042747
297,2026-09-14T02:26:50.646+00:00,2026-09-14T02:31:44.127+00:00,2026-09-14T02:31:50.671+00:00,False,100,99.0,,99.0,293480.73118199996,300024.72810999997,300024.72816799994,3000.2472816799996,0.04988,293480.73118199996,29341.470177456107,87.801108,66.10097907070707,20.598379990807103,0.32997280132090645,19,64,,False,False,Request timeout: 300.0s exceeded,402,21.16838264042747
298,2026-09-14T02:26:56.217+00:00,2026-09-14T02:31:49.873+00:00,2026-09-14T02:31:56.251+00:00,False,97,96.0,,96.0,293655.609168,300033.53377599997,300033.533824,3093.129214680412,0.02916,293655.609168,29809.47074939626,88.6442908,66.43671466666666,20.10895774037936,0.319964234636759,19,64,,False,False,Request timeout: 300.0s exceeded,469,21.16838264042747
299,2026-09-14T02:27:01.981+00:00,2026-09-14T02:31:55.782+00:00,2026-09-14T02:32:01.991+00:00,False,91,90.0,,90.0,293801.467167,300010.034463,300010.034241,3296.813563087912,0.01796,293801.467167,30791.53728013354,88.67725299999998,68.98408106666666,20.077029412873845,0.2999899658726236,19,64,,False,False,Request timeout: 300.0s exceeded,304,21.16838264042747
300,2026-09-14T02:27:05.837+00:00,2026-09-14T02:31:59.375+00:00,2026-09-14T02:32:05.857+00:00,False,108,107.0,,107.0,293537.970667,300019.713771,300019.713734,2777.960312351852,0.015449999999999998,293537.970667,28241.04508253274,89.5845209,60.57703835514019,258.2436524621132,0.3566432307234027,19,64,,False,False,Request timeout: 300.0s exceeded,439,21.16838264042747
301,2026-09-14T02:27:09.316+00:00,2026-09-14T02:32:05.596+00:00,2026-09-14T02:32:09.323+00:00,False,103,102.0,,102.0,296279.73886299995,300006.23435099993,300006.23434699996,2912.681886864077,0.01543,296279.73886299995,29189.734229804337,89.45948910000001,36.53426949019608,37.56560646406835,0.3399929345490284,19,64,,False,False,Request timeout: 300.0s exceeded,461,21.16838264042747
302,2026-09-14T02:27:13.827+00:00,2026-09-14T02:32:07.246+00:00,2026-09-14T02:32:13.879+00:00,False,99,98.0,,98.0,293419.484917,300052.596981,300052.597024,3030.834313373737,0.04453,293419.484917,29482.97131267376,88.4272389,67.68481697959183,19.03996503712674,0.3266094044378679,19,64,,False,False,Request timeout: 300.0s exceeded,333,21.16838264042747
303,2026-09-14T02:27:18.754+00:00,2026-09-14T02:32:12.312+00:00,2026-09-14T02:32:18.817+00:00,False,101,100.0,,100.0,293558.561428,300063.153556,300063.153567,2970.922312544554,0.0,293558.561428,29203.76449739595,89.132182,65.04592128,63.430156409640894,0.33326317748419343,19,64,,False,False,Request timeout: 300.0s exceeded,501,21.16838264042747
304,2026-09-14T02:27:24.125+00:00,2026-09-14T02:32:18.024+00:00,2026-09-14T02:32:24.159+00:00,False,87,86.0,,86.0,293899.56610399997,300034.21723999997,300034.217164,3448.6691628045974,0.03643,293899.56610399997,31501.698892336222,89.57872719999999,71.33315274418604,19.109368740260013,0.28663397392174056,19,64,,False,False,Request timeout: 300.0s exceeded,422,21.16838264042747
305,2026-09-14T02:27:28.710+00:00,2026-09-14T02:32:22.709+00:00,2026-09-14T02:32:28.737+00:00,False,85,84.0,,84.0,293999.028669,300026.922941,300026.922984,3529.7285056941178,0.03469,293999.028669,31880.89455775909,92.42249120000001,71.76064609523809,19.91974271613019,0.27997487417660355,19,64,,False,False,Request timeout: 300.0s exceeded,410,21.16838264042747
306,2026-09-14T02:27:33.702+00:00,2026-09-14T02:32:27.575+00:00,2026-09-14T02:32:33.721+00:00,False,89,88.0,,88.0,293873.195499,300019.076331,300019.07632700005,3371.0008576067416,0.04412,293873.195499,31143.099948199124,89.881014,69.83955490909091,20.2430688326213,0.2933146821067899,19,64,,False,False,Request timeout: 300.0s exceeded,432,21.16838264042747
307,2026-09-14T02:27:37.766+00:00,2026-09-14T02:32:31.190+00:00,2026-09-14T02:32:37.844+00:00,False,97,96.0,,96.0,293423.604902,300078.343078,300078.34302,3093.591165154639,0.03393,293423.604902,29785.62191053093,89.56958299999998,69.32018933333333,20.687853031544027,0.3199164558671484,19,64,,False,False,Request timeout: 300.0s exceeded,435,21.16838264042747
308,2026-09-14T02:27:41.330+00:00,2026-09-14T02:32:35.078+00:00,2026-09-14T02:32:41.392+00:00,False,95,94.0,,94.0,293748.90362199995,300062.67616599996,300062.67600999994,3158.554484315789,0.030420000000000003,293748.90362199995,30131.117185598385,89.6953677,67.1677930212766,20.42494636392577,0.31326788523340887,19,64,,False,False,Request timeout: 300.0s exceeded,398,21.16838264042747
309,2026-09-14T02:27:46.114+00:00,2026-09-14T02:32:39.688+00:00,2026-09-14T02:32:46.175+00:00,False,100,99.0,,99.0,293573.539681,300060.486241,300060.486333,3000.60486333,0.032780000000000004,293573.539681,29350.80891974863,89.05587584999999,65.52471272727273,20.980677176025882,0.32993347854700883,19,64,,False,False,Request timeout: 300.0s exceeded,447,21.16838264042747
310,2026-09-14T02:27:49.247+00:00,2026-09-14T02:32:42.683+00:00,2026-09-14T02:32:49.291+00:00,False,98,97.0,,97.0,293435.818918,300044.050086,300044.050054,3061.673980142857,0.01651,293435.818918,29634.61913016215,90.10152635,68.12609451546392,20.46083829850134,0.32328586409961274,19,64,,False,False,Request timeout: 300.0s exceeded,462,21.16838264042747
311,2026-09-14T02:27:54.564+00:00,2026-09-14T02:32:48.140+00:00,2026-09-14T02:32:54.633+00:00,False,95,94.0,,94.0,293576.5702,300069.548888,300069.54876000003,3158.626829052632,0.033030000000000004,293576.5702,30113.23988403948,88.63396,69.07424136170214,19.397611167478786,0.3132607102198337,19,64,,False,False,Request timeout: 300.0s exceeded,431,21.16838264042747
312,2026-09-14T02:27:59.203+00:00,2026-09-14T02:32:53.149+00:00,2026-09-14T02:32:59.216+00:00,False,89,88.0,,88.0,293946.06426099996,300013.18720499997,300013.18741899997,3370.934690101123,0.02172,293946.06426099996,31150.918072525863,88.06696579999999,68.94457890909091,18.93309198756403,0.2933204397441014,19,64,,False,False,Request timeout: 300.0s exceeded,426,21.16838264042747
313,2026-09-14T02:28:03.898+00:00,2026-09-14T02:32:57.789+00:00,2026-09-14T02:33:03.934+00:00,False,91,90.0,,90.0,293890.859406,300036.138126,300036.138249,3297.1004203186812,0.01886,293890.859406,30800.981436421855,90.5070895,68.28087466666668,19.430176163630254,0.29996386622668947,19,64,,False,False,Request timeout: 300.0s exceeded,261,21.16838264042747
314,2026-09-14T02:28:07.903+00:00,2026-09-14T02:33:01.687+00:00,2026-09-14T02:33:07.939+00:00,False,92,91.0,,91.0,293783.53266,300035.927412,300035.927397,3261.260080402174,0.033479999999999996,293783.53266,30621.894431333236,90.4719961,68.70763463736264,20.984814136894464,0.30329701107774876,19,64,,False,False,Request timeout: 300.0s exceeded,386,21.16838264042747
315,2026-09-14T02:28:11.576+00:00,2026-09-14T02:33:05.111+00:00,2026-09-14T02:33:11.653+00:00,False,101,100.0,,100.0,293534.88614099997,300076.67686099996,300076.67673699994,2971.0562053168314,0.0,293534.88614099997,29201.381111065926,88.917413,65.4179072,67.66075055175682,0.33324815859088414,19,64,,False,False,Request timeout: 300.0s exceeded,226,21.16838264042747
316,2026-09-14T02:28:15.794+00:00,2026-09-14T02:33:09.315+00:00,2026-09-14T02:33:15.857+00:00,False,114,113.0,,113.0,293520.97931699996,300063.43333299994,300063.43325299997,2632.13537941228,0.0,293520.97931699996,27485.4076651239,90.57058845,57.897823150442484,63.11739418959939,0.37658703942974797,19,64,,False,False,Request timeout: 300.0s exceeded,543,21.16838264042747
317,2026-09-14T02:28:21.499+00:00,2026-09-14T02:33:16.036+00:00,2026-09-14T02:33:21.555+00:00,False,83,82.0,,82.0,294537.868007,300056.328935,300056.329023,3615.136494253012,0.09257,294537.868007,32322.350827787785,89.19823610000002,67.298304,20.870295267678504,0.27328202104933214,19,64,,False,False,Request timeout: 300.0s exceeded,405,21.16838264042747
318,2026-09-14T02:28:26.428+00:00,2026-09-14T02:33:20.268+00:00,2026-09-14T02:33:26.491+00:00,False,90,89.0,,89.0,293839.15562599996,300062.585002,300062.585155,3334.028723944444,0.04376,293839.15562599996,30966.00187221343,89.99674150000001,69.92617276404494,19.633538191236923,0.29660478996209005,19,64,,False,False,Request timeout: 300.0s exceeded,424,21.16838264042747
319,2026-09-14T02:28:30.269+00:00,2026-09-14T02:33:23.870+00:00,2026-09-14T02:33:30.317+00:00,False,98,97.0,,97.0,293600.568003,300047.993027,300047.99290899996,3061.714213357143,0.04836,293600.568003,29651.428374925774,87.65997685,66.46829921649484,19.88949799980283,0.3232816157889495,19,64,,False,False,Request timeout: 300.0s exceeded,472,21.16838264042747
320,2026-09-14T02:28:34.326+00:00,2026-09-14T02:33:27.836+00:00,2026-09-14T02:33:34.380+00:00,False,102,101.0,,101.0,293510.364827,300053.53513100004,300053.535121,2941.7013247156865,0.11397,293510.364827,29055.4489505646,90.13048870000003,64.7838643960396,20.053604154021173,0.3366065990720773,19,64,,False,False,Request timeout: 300.0s exceeded,490,21.16838264042747
321,2026-09-14T02:28:37.751+00:00,2026-09-14T02:33:31.514+00:00,2026-09-14T02:33:37.826+00:00,False,96,95.0,,95.0,293763.023588,300075.197412,300075.197258,3125.783304770833,0.021670000000000002,293763.023588,29975.288192577365,87.77863450000001,66.44393498947369,19.92544424324739,0.3165873115116743,19,64,,False,False,Request timeout: 300.0s exceeded,450,21.16838264042747
322,2026-09-14T02:28:43.140+00:00,2026-09-14T02:33:36.752+00:00,2026-09-14T02:33:43.171+00:00,False,102,101.0,,101.0,293611.822412,300030.742348,300030.74223599996,2941.477865058823,0.037079999999999995,293611.822412,29065.617941757584,89.71183005,63.55366273267327,21.991171167840672,0.33663217045555954,19,64,,False,False,Request timeout: 300.0s exceeded,500,21.16838264042747
323,2026-09-14T02:28:48.113+00:00,2026-09-14T02:33:41.981+00:00,2026-09-14T02:33:48.165+00:00,False,94,93.0,,93.0,293867.629945,300052.036729,300052.036735,3192.0429439893614,0.03532,293867.629945,30303.27934209369,88.01319235,66.49899767741935,19.922854057776835,0.3099462380386887,19,64,,False,False,Request timeout: 300.0s exceeded,398,21.16838264042747
324,2026-09-14T02:28:52.606+00:00,2026-09-14T02:33:46.609+00:00,2026-09-14T02:33:52.616+00:00,False,95,94.0,,94.0,294003.198673,300009.964497,300009.96467699995,3157.999628178947,0.04019,294003.198673,30157.541784842993,86.3640224,63.90176408510638,19.503342313439358,0.313322926315469,19,64,,False,False,Request timeout: 300.0s exceeded,482,21.16838264042747
325,2026-09-14T02:28:58.041+00:00,2026-09-14T02:33:51.655+00:00,2026-09-14T02:33:58.123+00:00,False,97,96.0,,96.0,293613.80109799997,300082.28929,300082.289319,3093.6318486494843,0.02999,293613.80109799997,29805.129414548566,86.43421479999999,67.38008533333333,19.213235368561453,0.3199122488272723,19,64,,False,False,Request timeout: 300.0s exceeded,434,21.16838264042747
326,2026-09-14T02:29:03.255+00:00,2026-09-14T02:33:56.862+00:00,2026-09-14T02:34:03.336+00:00,False,97,96.0,,96.0,293606.700928,300081.07916799997,300081.079226,3093.6193734639173,0.02174,293606.700928,29804.402524619636,87.08310579999997,67.44144,19.605217792440495,0.3199135389214411,19,64,,False,False,Request timeout: 300.0s exceeded,430,21.16838264042747
327,2026-09-14T02:29:08.037+00:00,2026-09-14T02:34:01.621+00:00,2026-09-14T02:34:08.062+00:00,False,100,99.0,,99.0,293584.09044999996,300025.58293,300025.58304699993,3000.2558304699996,0.0,293584.09044999996,29351.976796817467,87.39988635000002,65.0655806060606,66.3837259759227,0.3299718611765785,19,64,,False,False,Request timeout: 300.0s exceeded,440,21.16838264042747
328,2026-09-14T02:29:12.689+00:00,2026-09-14T02:34:06.296+00:00,2026-09-14T02:34:12.700+00:00,False,91,90.0,,90.0,293607.249084,300011.4631,300011.46324,3296.8292663736265,0.02096,293607.249084,30770.949816534154,90.76067300000001,71.15793351111111,20.0790598979246,0.29998853733799213,19,64,,False,False,Request timeout: 300.0s exceeded,410,21.16838264042747
329,2026-09-14T02:29:15.921+00:00,2026-09-14T02:34:09.626+00:00,2026-09-14T02:34:15.961+00:00,False,88,87.0,,87.0,293704.856691,300040.28043499996,300040.280413,3409.5486410568183,0.01911,293704.856691,31301.28647483396,91.18665015,72.82096257471265,19.964526166233522,0.2899610674735637,19,64,,False,False,Request timeout: 300.0s exceeded,420,21.16838264042747
330,2026-09-14T02:29:19.794+00:00,2026-09-14T02:34:13.790+00:00,2026-09-14T02:34:19.842+00:00,False,90,89.0,,89.0,293996.273159,300048.62439099996,300048.624348,3333.8736038666666,0.03915999999999999,293996.273159,30982.76668837385,89.37113645000001,68.0039464269663,20.50270053663961,0.29661859033895166,19,64,,False,False,Request timeout: 300.0s exceeded,384,21.16838264042747
331,2026-09-14T02:29:25.478+00:00,2026-09-14T02:34:19.166+00:00,2026-09-14T02:34:25.544+00:00,False,93,92.0,,92.0,293687.45306599996,300065.060234,300065.060258,3226.5060242795694,0.02549,293687.45306599996,30446.788518525485,88.4643756,69.32181704347826,20.215695190902405,0.3066001750695518,19,64,,False,False,Request timeout: 300.0s exceeded,462,21.16838264042747
332,2026-09-14T02:29:30.558+00:00,2026-09-14T02:34:24.029+00:00,2026-09-14T02:34:30.572+00:00,False,96,95.0,,95.0,293471.574036,300014.73538,300014.735339,3125.1534931145834,0.029769999999999998,293471.574036,29945.294270140148,88.4510255,68.87538256842105,20.189563105502014,0.3166511134183878,19,64,,False,False,Request timeout: 300.0s exceeded,313,21.16838264042747
333,2026-09-14T02:29:36.293+00:00,2026-09-14T02:34:29.922+00:00,2026-09-14T02:34:36.305+00:00,False,95,94.0,,94.0,293628.60127999994,300011.1128959999,300011.1128729999,3158.011714452631,0.03458,293628.60127999994,30118.699095525706,88.57105170000001,67.89905974468086,19.962902516321023,0.3133217269607792,19,64,,False,False,Request timeout: 300.0s exceeded,309,21.16838264042747
334,2026-09-14T02:29:40.070+00:00,2026-09-14T02:34:34.317+00:00,2026-09-14T02:34:40.094+00:00,False,81,80.0,,80.0,294246.757599,300024.031199,300024.03121,3704.000385308642,0.0208,294246.757599,32686.065753150724,88.994722,72.21592,19.196551021278072,0.26664530731185854,19,64,,False,False,Request timeout: 300.0s exceeded,391,21.16838264042747
335,2026-09-14T02:29:44.434+00:00,2026-09-14T02:34:38.488+00:00,2026-09-14T02:34:44.474+00:00,False,88,87.0,,87.0,294054.091871,300039.691359,300039.69154,3409.541949318182,0.0225,294054.091871,31338.94356027393,88.50938655,68.79999411494254,19.74302470794394,0.28996163676193015,19,64,,False,False,Request timeout: 300.0s exceeded,331,21.16838264042747
336,2026-09-14T02:29:47.805+00:00,2026-09-14T02:34:41.325+00:00,2026-09-14T02:34:47.821+00:00,False,99,98.0,,98.0,293519.93966100004,300015.95502100006,300015.95488400006,3030.464190747475,0.02215,293519.93966100004,29493.208229776756,87.08347180000001,66.28587102040817,19.40890332064481,0.32664929434549683,19,64,,False,False,Request timeout: 300.0s exceeded,464,21.16838264042747
337,2026-09-14T02:29:52.179+00:00,2026-09-14T02:34:45.944+00:00,2026-09-14T02:34:52.270+00:00,False,99,98.0,,98.0,293764.59338800004,300090.52132400003,300090.52147000004,3031.2173885858588,0.04268,293764.59338800004,29517.97140073709,86.8242549,64.55028506122449,19.59070302207328,0.3265681287353689,19,64,,True,False,Request timeout: 300.0s exceeded,441,21.16838264042747
338,2026-09-14T02:29:56.069+00:00,2026-09-14T02:34:49.595+00:00,2026-09-14T02:34:56.117+00:00,False,98,97.0,,97.0,293526.25942400005,300048.54652800004,300048.54636200005,3061.7198608367353,0.04199,293526.25942400005,29643.844185532034,88.42703970000001,67.2400732371134,19.994384702520435,0.3232810194297946,19,64,,True,False,Request timeout: 300.0s exceeded,364,21.16838264042747
339,2026-09-14T02:30:00.550+00:00,2026-09-14T02:34:53.934+00:00,2026-09-14T02:35:00.618+00:00,False,102,101.0,,101.0,293384.15406800003,300068.230868,300068.230816,2941.845400156863,0.0431,293384.15406800003,29042.814039133507,88.99109100000001,66.17897821782178,19.97987438934658,0.3365901138812322,19,64,,True,False,Request timeout: 300.0s exceeded,490,21.16838264042747
340,2026-09-14T02:30:04.423+00:00,2026-09-14T02:34:58.555+00:00,2026-09-14T02:35:04.468+00:00,False,90,89.0,,89.0,294132.072755,300045.17790699995,300045.17806799995,3333.8353118666664,0.02484,294132.072755,30997.24591455696,87.88676595000001,66.43938373033707,20.157075076361448,0.29662199746328155,19,64,,True,False,Request timeout: 300.0s exceeded,378,21.16838264042747
341,2026-09-14T02:30:09.346+00:00,2026-09-14T02:35:03.259+00:00,2026-09-14T02:35:09.355+00:00,False,90,89.0,,89.0,293913.296341,300009.606101,300009.606079,3333.4400675444444,0.03498,293913.296341,30973.967849083805,87.34917,68.49786247191012,20.112038288237905,0.2966571676042854,19,64,,True,False,Request timeout: 300.0s exceeded,417,21.16838264042747
342,2026-09-14T02:30:14.659+00:00,2026-09-14T02:35:07.970+00:00,2026-09-14T02:35:14.694+00:00,False,103,102.0,,102.0,293310.913718,300035.024054,300035.02421,2912.9614000970873,0.02253,293310.913718,28894.29450491862,87.85647800000001,65.92265035294118,20.165289724555024,0.33996031070573335,19,64,,True,False,Request timeout: 300.0s exceeded,527,21.16838264042747
343,2026-09-14T02:30:19.603+00:00,2026-09-14T02:35:13.022+00:00,2026-09-14T02:35:19.633+00:00,False,99,98.0,,98.0,293419.19442400004,300029.810232,300029.81014600006,3030.6041428888893,0.02583,293419.19442400004,29482.96575589062,89.9390339,67.45526334693878,19.908331094374976,0.3266342098614163,19,64,,True,False,Request timeout: 300.0s exceeded,482,21.16838264042747
344,2026-09-14T02:30:24.350+00:00,2026-09-14T02:35:17.741+00:00,2026-09-14T02:35:24.410+00:00,False,97,96.0,,96.0,293390.881669,300060.762501,300060.762377,3093.409921412371,0.022,293390.881669,29782.28265560791,87.646991,69.47792533333333,19.64434699827148,0.3199351997903427,19,64,,True,False,Request timeout: 300.0s exceeded,434,21.16838264042747
345,2026-09-14T02:30:28.690+00:00,2026-09-14T02:35:22.301+00:00,2026-09-14T02:35:28.727+00:00,False,92,91.0,,91.0,293610.6137,300036.47226,300036.472343,3261.266003728261,0.027280000000000002,293610.6137,30603.667766678285,87.65209700000001,70.61383032967032,21.15174482595974,0.30329646030880847,19,64,,True,False,Request timeout: 300.0s exceeded,382,21.16838264042747
346,2026-09-14T02:30:31.975+00:00,2026-09-14T02:35:25.797+00:00,2026-09-14T02:35:31.994+00:00,False,90,89.0,,89.0,293822.119829,300019.209109,300019.209123,3333.546768033333,0.03933,293822.119829,30964.23720879895,89.56620295,69.63021662921348,19.42543020663446,0.2966476722084332,19,64,,True,False,Request timeout: 300.0s exceeded,204,21.16838264042747
347,2026-09-14T02:30:36.778+00:00,2026-09-14T02:35:30.442+00:00,2026-09-14T02:35:36.851+00:00,False,94,93.0,,93.0,293663.795207,300072.39296699996,300072.39300599997,3192.25950006383,0.02237,293663.795207,30282.00641391904,87.79203565,68.90965333333332,19.38616836470515,0.3099252119811886,19,64,,True,False,Request timeout: 300.0s exceeded,437,21.16838264042747
348,2026-09-14T02:30:40.538+00:00,2026-09-14T02:35:34.124+00:00,2026-09-14T02:35:40.555+00:00,False,96,95.0,,95.0,293585.78427600005,300016.85448400007,300016.85440700006,3125.1755667395837,0.02571,293585.78427600005,29957.070857059327,86.0982995,67.69547587368422,19.629963275064,0.31664887682190657,19,64,,True,False,Request timeout: 300.0s exceeded,499,21.16838264042747
349,2026-09-14T02:30:44.650+00:00,2026-09-14T02:35:38.261+00:00,2026-09-14T02:35:44.698+00:00,False,95,94.0,,94.0,293611.22127700003,300048.681501,300048.681434,3158.407172989474,0.02232,293611.22127700003,30116.856466470137,89.9173147,68.48361940425532,20.705052079418607,0.31328249645945105,19,64,,True,False,Request timeout: 300.0s exceeded,379,21.16838264042747
350,2026-09-14T02:30:48.845+00:00,2026-09-14T02:35:42.491+00:00,2026-09-14T02:35:48.933+00:00,False,93,92.0,,92.0,293645.659399,300087.98771899997,300087.987706,3226.7525559784945,0.04109,293645.659399,30442.382233595483,90.52109540000001,70.02530782608696,20.910214288445893,0.3065767500368861,19,64,,True,False,Request timeout: 300.0s exceeded,396,21.16838264042747
351,2026-09-14T02:30:53.005+00:00,2026-09-14T02:35:46.358+00:00,2026-09-14T02:35:53.023+00:00,False,98,97.0,,97.0,293353.49535900005,300018.0972150001,300018.09716800007,3061.4091547755106,0.02562,293353.49535900005,29626.244144598506,89.4390552,68.70723562886597,19.944907713248043,0.3233138297337027,19,64,,True,False,Request timeout: 300.0s exceeded,510,21.16838264042747
352,2026-09-14T02:30:58.750+00:00,2026-09-14T02:35:52.213+00:00,2026-09-14T02:35:58.834+00:00,False,100,99.0,,99.0,293463.129214,300083.64198200003,300083.64196700003,3000.83641967,0.031100000000000003,293463.129214,29339.631894856455,86.93697335,66.87386634343434,19.416814044046998,0.3299080194645809,19,64,,True,False,Request timeout: 300.0s exceeded,447,21.16838264042747
353,2026-09-14T02:31:02.316+00:00,2026-09-14T02:35:56.144+00:00,2026-09-14T02:36:02.343+00:00,False,93,92.0,,92.0,293827.78605,300026.565442,300026.565493,3226.092102075269,0.02102,293827.78605,30461.542114065633,90.07421460000002,67.37803686956522,20.496495987164767,0.306639513285983,19,64,,True,False,Request timeout: 300.0s exceeded,483,21.16838264042747
354,2026-09-14T02:31:06.827+00:00,2026-09-14T02:36:00.731+00:00,2026-09-14T02:36:06.865+00:00,False,89,88.0,,88.0,293904.16958499997,300038.71422499995,300038.71429399995,3371.221508921348,0.041530000000000004,293904.16958499997,31146.397327287326,90.56108479999999,69.71073454545454,20.97436397917544,0.29329548430876334,19,64,,True,False,Request timeout: 300.0s exceeded,331,21.16838264042747
355,2026-09-14T02:31:10.405+00:00,2026-09-14T02:36:04.437+00:00,2026-09-14T02:36:10.442+00:00,False,86,85.0,,85.0,294031.283343,300036.987279,300036.987402,3488.802179093023,0.035,294031.283343,31698.59572107519,90.3707865,70.65534042352941,19.60459416596743,0.2832984052094875,19,64,,True,False,Request timeout: 300.0s exceeded,345,21.16838264042747
356,2026-09-14T02:31:15.372+00:00,2026-09-14T02:36:09.263+00:00,2026-09-14T02:36:15.434+00:00,False,91,90.0,,90.0,293891.708903,300062.27811899997,300062.27800399996,3297.3876703736264,0.02517,293891.708903,30801.040969894668,86.26907749999998,68.56188017777778,19.332317073439555,0.2999377348068637,19,64,,True,False,Request timeout: 300.0s exceeded,378,21.16838264042747
357,2026-09-14T02:31:20.358+00:00,2026-09-14T02:36:13.813+00:00,2026-09-14T02:36:20.377+00:00,False,96,95.0,,95.0,293454.6755,300018.935852,300018.93577000004,3125.197247604167,0.02197,293454.6755,29943.546204551214,89.0984545,69.0974773894737,19.11318633580394,0.3166466800844321,19,64,,True,False,Request timeout: 300.0s exceeded,420,21.16838264042747
358,2026-09-14T02:31:25.381+00:00,2026-09-14T02:36:19.371+00:00,2026-09-14T02:36:25.410+00:00,False,92,91.0,,91.0,293989.823237,300028.947205,300028.94742399995,3261.1842111304345,0.02252,293989.823237,30643.645559239507,88.4912455,66.36399964835165,20.25296148640508,0.30330406731662024,19,64,,True,False,Request timeout: 300.0s exceeded,344,21.16838264042747
359,2026-09-14T02:31:28.813+00:00,2026-09-14T02:36:23.055+00:00,2026-09-14T02:36:28.865+00:00,False,83,82.0,,82.0,294242.66266699997,300052.01818699995,300052.01814099995,3615.0845559156623,0.01796,294242.66266699997,32289.55795076844,90.15119499999999,70.84579902439025,20.071690675833707,0.27328594720164673,19,64,,True,False,Request timeout: 300.0s exceeded,328,21.16838264042747
360,2026-09-14T02:31:34.012+00:00,2026-09-14T02:36:27.883+00:00,2026-09-14T02:36:34.079+00:00,False,88,87.0,,87.0,293870.796737,300066.406849,300066.406708,3409.845530772727,0.02233,293870.796737,31319.14642855789,88.2405635,71.21390933333333,18.94902791328464,0.28993582091906844,19,64,,True,False,Request timeout: 300.0s exceeded,420,21.16838264042747
361,2026-09-14T02:31:37.729+00:00,2026-09-14T02:36:31.369+00:00,2026-09-14T02:36:37.759+00:00,False,92,91.0,,91.0,293639.67590100004,300030.061821,300030.06170900003,3261.1963229239136,0.035840000000000004,293639.67590100004,30606.73787281929,88.4555465,70.22402109890109,20.440914399060343,0.3033029405376426,19,64,,True,False,Request timeout: 300.0s exceeded,383,21.16838264042747
362,2026-09-14T02:31:42.273+00:00,2026-09-14T02:36:36.113+00:00,2026-09-14T02:36:42.320+00:00,False,93,92.0,,92.0,293840.409184,300047.777376,300047.777237,3226.320185344086,0.03401,293840.409184,30462.841649433813,90.1789816,67.47139339130435,20.880660965214357,0.30661783534797427,19,64,,True,False,Request timeout: 300.0s exceeded,405,21.16838264042747
363,2026-09-14T02:31:47.035+00:00,2026-09-14T02:36:41.051+00:00,2026-09-14T02:36:47.082+00:00,False,88,87.0,,87.0,294015.788487,300047.651015,300047.65094099997,3409.632397056818,0.04489,294015.788487,31334.8044227699,89.32474099999999,69.3317531954023,20.838987342914,0.2899539446674445,19,64,,True,False,Request timeout: 300.0s exceeded,419,21.16838264042747
364,2026-09-14T02:31:50.897+00:00,2026-09-14T02:36:44.750+00:00,2026-09-14T02:36:50.921+00:00,False,92,91.0,,91.0,293853.31872399995,300024.24633999995,300024.24635499995,3261.1331125543475,0.038729999999999994,293853.31872399995,30629.26343878001,89.38168454999999,67.8123913846154,20.945673135703284,0.3033088195707857,19,64,,True,False,Request timeout: 300.0s exceeded,409,21.16838264042747
365,2026-09-14T02:31:56.107+00:00,2026-09-14T02:36:49.896+00:00,2026-09-14T02:36:56.131+00:00,False,90,89.0,,89.0,293788.99639600003,300024.102444,300024.10227100004,3333.601136344445,0.02501,293788.99639600003,30960.70067067661,88.50353494999999,70.0573713258427,19.430956193534023,0.29664283394235635,19,64,,True,False,Request timeout: 300.0s exceeded,349,21.16838264042747
366,2026-09-14T02:32:01.231+00:00,2026-09-14T02:36:54.838+00:00,2026-09-14T02:37:01.271+00:00,False,91,90.0,,90.0,293606.45354799996,300039.93937199994,300039.93930499995,3297.1421901648346,0.036,293606.45354799996,30770.832189214594,90.0174705,71.48317582222222,19.863893579472396,0.2999600659444704,19,64,,True,False,Request timeout: 300.0s exceeded,389,21.16838264042747
367,2026-09-14T02:32:05.554+00:00,2026-09-14T02:36:57.120+00:00,2026-09-14T02:37:04.866+00:00,True,113,113.0,,113.0,291565.08941,299311.82707400003,299311.827004,2648.777230123894,40.455364,291565.08941,27421.63633198172,88.41494760000002,69.16730057142857,19.160380588738114,0.37753269259240657,19,64,,True,True,,485,21.16838264042747
368,2026-09-14T02:32:08.114+00:00,2026-09-14T02:37:01.971+00:00,2026-09-14T02:37:08.146+00:00,False,101,100.0,,100.0,293857.44272500003,300032.86954100005,300032.869605,2970.622471336634,0.0,293857.44272500003,29233.77785212107,90.974178,61.754268159999995,28.977784970268758,0.3332968156221791,19,64,,True,False,Request timeout: 300.0s exceeded,219,21.16838264042747
369,2026-09-14T02:32:13.529+00:00,2026-09-14T02:37:07.374+00:00,2026-09-14T02:37:13.562+00:00,False,92,91.0,,91.0,293845.01081699994,300032.88742499996,300032.8872199999,3261.2270349999994,0.025929999999999998,293845.01081699994,30628.377385145348,88.97299060000002,67.99864404395605,20.228534862299494,0.3033000841374348,19,64,,True,False,Request timeout: 300.0s exceeded,428,21.16838264042747
370,2026-09-14T02:32:18.657+00:00,2026-09-14T02:37:12.620+00:00,2026-09-14T02:37:18.707+00:00,False,96,95.0,,95.0,293962.535033,300049.34668099997,300049.34661,3125.5140271875,0.06924,293962.535033,29995.893200110128,88.89549200000002,64.07170155789474,20.444311551349042,0.3166145870699064,19,64,,True,False,Request timeout: 300.0s exceeded,337,21.16838264042747
371,2026-09-14T02:32:22.972+00:00,2026-09-14T02:37:16.562+00:00,2026-09-14T02:37:22.990+00:00,False,98,97.0,,97.0,293590.161333,300018.420405,300018.42057,3061.412454795918,0.046869999999999995,293590.161333,29650.397462090124,89.54793055,66.27071208247422,20.425062862767156,0.3233134814490992,19,64,,True,False,Request timeout: 300.0s exceeded,360,21.16838264042747
372,2026-09-14T02:32:27.296+00:00,2026-09-14T02:37:21.212+00:00,2026-09-14T02:37:27.344+00:00,False,93,92.0,,92.0,293916.62404900003,300048.619697,300048.619759,3226.3292447204303,0.025889,293916.62404900003,30470.829354347607,88.329316,66.65212660869565,20.34204364840638,0.3066169745853354,19,64,,True,False,Request timeout: 300.0s exceeded,400,21.16838264042747
373,2026-09-14T02:32:30.627+00:00,2026-09-14T02:37:24.560+00:00,2026-09-14T02:37:30.714+00:00,False,90,89.0,,89.0,293932.75226700003,300086.44161100005,300086.441394,3334.293793266667,0.023309999999999997,293932.75226700003,30975.95077099255,89.6124345,69.1425768988764,20.184016665484325,0.2965812101413435,19,64,,True,False,Request timeout: 300.0s exceeded,368,21.16838264042747
374,2026-09-14T02:32:35.134+00:00,2026-09-14T02:37:28.797+00:00,2026-09-14T02:37:35.169+00:00,False,92,91.0,,91.0,293662.79514999996,300034.66356599994,300034.663587,3261.246343336956,0.02414,293662.79514999996,30609.168275072465,86.96921105,70.02053204395604,18.600842888086937,0.30329828866584385,19,64,,True,False,Request timeout: 300.0s exceeded,151,21.16838264042747
375,2026-09-14T02:32:40.625+00:00,2026-09-14T02:37:34.429+00:00,2026-09-14T02:37:40.634+00:00,False,94,93.0,,93.0,293804.92958099995,300009.26647699997,300009.26664199994,3191.5879429999995,0.02563,293804.92958099995,30296.790169961776,88.66218624999999,66.71329995698925,19.890556531193507,0.3099904249361904,19,64,,True,False,Request timeout: 300.0s exceeded,472,21.16838264042747
376,2026-09-14T02:32:43.900+00:00,2026-09-14T02:37:37.321+00:00,2026-09-14T02:37:43.937+00:00,False,96,95.0,,95.0,293420.34591399995,300036.2750019999,300036.274894,3125.377863479166,0.02153,293420.34591399995,29939.987204338315,89.12329174999999,69.64135882105262,19.516427210505363,0.3166283810161514,19,64,,True,False,Request timeout: 300.0s exceeded,421,21.16838264042747
377,2026-09-14T02:32:47.795+00:00,2026-09-14T02:37:41.656+00:00,2026-09-14T02:37:47.876+00:00,False,89,88.0,,88.0,293861.171954,300081.351922,300081.35189600004,3371.700583101124,0.04235,293861.171954,31141.73489335975,87.03351200000002,70.68386327272727,18.5110833268974,0.293253810796193,19,64,,True,False,Request timeout: 300.0s exceeded,194,21.16838264042747
378,2026-09-14T02:32:53.376+00:00,2026-09-14T02:37:46.803+00:00,2026-09-14T02:37:53.423+00:00,False,98,97.0,,97.0,293427.050078,300046.899806,300046.899875,3061.7030599489794,0.038889,293427.050078,29633.720714655807,87.97469920000002,68.24587348453608,19.670663988457953,0.3232827936656465,19,64,,True,False,Request timeout: 300.0s exceeded,482,21.16838264042747
379,2026-09-14T02:32:58.858+00:00,2026-09-14T02:37:52.341+00:00,2026-09-14T02:37:58.879+00:00,False,93,92.0,,92.0,293482.475107,300020.724835,300020.724827,3226.0292992150535,0.02052,293482.475107,30425.352152459855,90.6164904,71.06793182608695,20.08912887015916,0.3066454827432222,19,64,,True,False,Request timeout: 300.0s exceeded,425,21.16838264042747
380,2026-09-14T02:33:02.523+00:00,2026-09-14T02:37:56.179+00:00,2026-09-14T02:38:02.549+00:00,False,93,92.0,,92.0,293655.62518000003,300026.18364400003,300026.18361500005,3226.0879958602154,0.02017,293655.62518000003,30443.496144327088,89.94202220000001,69.24520069565217,20.33459356475557,0.30663990349976855,19,64,,True,False,Request timeout: 300.0s exceeded,448,21.16838264042747
381,2026-09-14T02:33:07.375+00:00,2026-09-14T02:38:00.946+00:00,2026-09-14T02:38:07.472+00:00,False,96,95.0,,95.0,293570.540107,300097.09831499995,300097.09836999996,3126.0114413541664,0.02459,293570.540107,29955.41306106067,88.64305,68.70061271578946,20.595750049951032,0.31656420716298395,19,64,,True,False,Request timeout: 300.0s exceeded,421,21.16838264042747
382,2026-09-14T02:33:12.049+00:00,2026-09-14T02:38:05.559+00:00,2026-09-14T02:38:12.765+00:00,False,62,61.0,,61.0,293509.938621,300715.088061,300715.087863,4850.2433526290315,0.04268,293509.938621,37262.68454781006,92.39153764999999,118.11720393442623,378.0096232162506,0.2028498150635733,19,64,,True,False,Request timeout: 300.0s exceeded,303,21.16838264042747
383,2026-09-14T02:33:16.763+00:00,2026-09-14T02:38:12.757+00:00,2026-09-14T02:38:16.848+00:00,False,83,82.0,,82.0,295994.387745,300084.739105,300084.73898200004,3615.478782915663,0.015059,295994.387745,32484.149158145006,88.9063801,49.88233365853658,35.83386632271655,0.27325614839516416,19,64,,True,False,Request timeout: 300.0s exceeded,419,21.16838264042747
384,2026-09-14T02:33:21.994+00:00,2026-09-14T02:38:15.345+00:00,2026-09-14T02:38:22.005+00:00,False,100,99.0,,99.0,293351.024431,300011.548207,300011.548034,3000.11548034,0.024,293351.024431,29328.38127876663,87.63423294999998,67.27801793939393,19.83164442784197,0.3299872974612718,19,64,,True,False,Request timeout: 300.0s exceeded,411,21.16838264042747
385,2026-09-14T02:33:26.010+00:00,2026-09-14T02:38:19.552+00:00,2026-09-14T02:38:26.038+00:00,False,98,97.0,,97.0,293541.86315600004,300027.918324,300027.91835700005,3061.5093709897965,0.02203,293541.86315600004,29645.458148528418,89.163978,66.86654812371134,20.019662136525053,0.3233032463840573,19,64,,True,False,Request timeout: 300.0s exceeded,472,21.16838264042747
386,2026-09-14T02:33:30.477+00:00,2026-09-14T02:38:24.508+00:00,2026-09-14T02:38:30.514+00:00,False,94,93.0,,93.0,294030.413683,300036.285043,300036.28491700004,3191.875371457447,0.02246,294030.413683,30320.267360994563,88.0896651,64.57926193548387,20.161670580913743,0.30996250998998875,19,64,,True,False,Request timeout: 300.0s exceeded,401,21.16838264042747
387,2026-09-14T02:33:34.558+00:00,2026-09-14T02:38:28.537+00:00,2026-09-14T02:38:34.636+00:00,False,92,91.0,,91.0,293978.68824,300077.27128,300077.271298,3261.7094706304347,0.02129,293978.68824,30642.416597625324,89.4037833,67.01739604395604,20.34888384770642,0.30325522360235185,19,64,,True,False,Request timeout: 300.0s exceeded,344,21.16838264042747
388,2026-09-14T02:33:38.422+00:00,2026-09-14T02:38:31.645+00:00,2026-09-14T02:38:38.446+00:00,False,98,97.0,,97.0,293223.147933,300024.479133,300024.479238,3061.4742779387757,0.02318,293223.147933,29612.934539411217,88.00298670000001,70.11681649484537,19.733097109822026,0.32330695242037294,19,64,,True,False,Request timeout: 300.0s exceeded,453,21.16838264042747
389,2026-09-14T02:33:43.488+00:00,2026-09-14T02:38:37.299+00:00,2026-09-14T02:38:43.570+00:00,False,94,93.0,,93.0,293810.93964999996,300082.146562,300082.14666299993,3192.36326237234,0.0273,293810.93964999996,30297.336616671124,89.66747409999998,67.43233238709678,20.966979683700053,0.30991513845621355,19,64,,True,False,Request timeout: 300.0s exceeded,329,21.16838264042747
390,2026-09-14T02:33:49.031+00:00,2026-09-14T02:38:42.813+00:00,2026-09-14T02:38:49.069+00:00,False,96,95.0,,95.0,293781.12994099996,300037.39387699997,300037.394016,3125.3895209999996,0.022229,293781.12994099996,29977.195947755703,85.92960374999998,65.85540985263158,19.491839949497685,0.31662720027139407,19,64,,True,False,Request timeout: 300.0s exceeded,432,21.16838264042747
391,2026-09-14T02:33:52.900+00:00,2026-09-14T02:38:46.634+00:00,2026-09-14T02:38:52.964+00:00,False,94,93.0,,93.0,293734.228559,300063.605071,300063.605109,3192.1660117978727,0.039209,293734.228559,30289.358950284724,87.66706815000002,68.05781195698924,19.43593830066643,0.3099342886918747,19,64,,True,False,Request timeout: 300.0s exceeded,328,21.16838264042747
392,2026-09-14T02:33:58.616+00:00,2026-09-14T02:38:52.102+00:00,2026-09-14T02:38:58.630+00:00,False,98,97.0,,97.0,293485.92057899997,300013.934915,300013.934861,3061.3666822551018,0.02511,293485.92057899997,29639.763318219135,88.40748654999999,67.29911686597939,19.89663322241049,0.323318315289195,19,64,,True,False,Request timeout: 300.0s exceeded,530,21.16838264042747
393,2026-09-14T02:34:01.781+00:00,2026-09-14T02:38:55.499+00:00,2026-09-14T02:39:01.805+00:00,False,94,93.0,,93.0,293718.447658,300024.666922,300024.666899,3191.7517755212766,0.035679999999999996,293718.447658,30287.757147860673,87.87470345,67.80880929032259,19.73324771248303,0.30997451294289086,19,64,,True,False,Request timeout: 300.0s exceeded,311,21.16838264042747
394,2026-09-14T02:34:07.319+00:00,2026-09-14T02:39:00.913+00:00,2026-09-14T02:39:07.332+00:00,False,99,98.0,,98.0,293594.196589,300013.545325,300013.545419,3030.4398527171716,0.03512,293594.196589,29500.750526409287,89.08985290000001,65.50355853061224,20.266848530447316,0.326651917978697,19,64,,True,False,Request timeout: 300.0s exceeded,450,21.16838264042747
395,2026-09-14T02:34:12.155+00:00,2026-09-14T02:39:05.948+00:00,2026-09-14T02:39:12.207+00:00,False,95,94.0,,94.0,293793.359085,300051.501037,300051.50109700003,3158.4368536526317,0.022459,293793.359085,30135.739069384847,89.9066834,66.57597821276596,20.62072036033677,0.3132795525939017,19,64,,True,False,Request timeout: 300.0s exceeded,434,21.16838264042747
396,2026-09-14T02:34:16.079+00:00,2026-09-14T02:39:09.931+00:00,2026-09-14T02:39:16.131+00:00,False,93,92.0,,92.0,293851.84713099996,300051.978715,300051.97866599995,3226.3653619999995,0.0202,293851.84713099996,30464.035511950027,87.69911059999998,67.39273460869566,20.35254819087264,0.30661354207360475,19,64,,True,False,Request timeout: 300.0s exceeded,463,21.16838264042747
397,2026-09-14T02:34:21.269+00:00,2026-09-14T02:39:14.906+00:00,2026-09-14T02:39:21.291+00:00,False,94,93.0,,93.0,293636.63001200004,300022.30630000005,300022.306135,3191.7266610106385,0.02382,293636.63001200004,30279.230190774324,89.30740135,68.66318589247312,19.747238334648287,0.30997695187039487,19,64,,True,False,Request timeout: 300.0s exceeded,432,21.16838264042747
398,2026-09-14T02:34:25.274+00:00,2026-09-14T02:39:18.783+00:00,2026-09-14T02:39:25.290+00:00,False,96,95.0,,95.0,293508.734543,300015.866447,300015.86652,3125.16527625,0.02075,293508.734543,29949.12500403667,87.397598,68.49612530526316,19.188379919928096,0.31664991963610845,19,64,,True,False,Request timeout: 300.0s exceeded,408,21.16838264042747
399,2026-09-14T02:34:30.405+00:00,2026-09-14T02:39:23.864+00:00,2026-09-14T02:39:30.444+00:00,False,100,99.0,,99.0,293459.590393,300039.119865,300039.119908,3000.3911990799998,0.036359999999999996,293459.590393,29339.319808160573,87.75850250000002,66.45989365656565,20.015300846069376,0.32995697375910243,19,64,,True,False,Request timeout: 300.0s exceeded,482,21.16838264042747
400,2026-09-14T02:34:34.392+00:00,2026-09-14T02:39:27.884+00:00,2026-09-14T02:39:34.441+00:00,False,100,99.0,,99.0,293491.704144,300049.147216,300049.14722600003,3000.49147226,0.059090000000000004,293491.704144,29342.553502942465,88.64534544999998,66.2367987070707,20.031446630133612,0.32994594691759505,19,64,,True,False,Request timeout: 300.0s exceeded,444,21.16838264042747
401,2026-09-14T02:34:39.193+00:00,2026-09-14T02:39:32.279+00:00,2026-09-14T02:39:39.204+00:00,False,146,145.0,,145.0,293086.37342799996,300011.002932,300011.00303399994,2054.8698837945203,0.01877,293086.37342799996,24252.070535112693,93.00577625,47.756065544827585,32.782181872252515,0.4833156070374708,19,64,,True,False,Request timeout: 300.0s exceeded,626,21.16838264042747
0,2026-09-14T02:04:40.905+00:00,2026-09-14T02:04:41.144+00:00,2026-09-14T02:04:55.301+00:00,True,256,256.0,,256.0,239.267326,14396.619518,14396.619341,56.23679430078125,0.02586,239.267326,23.85432305233972,94.62941525000001,55.51902820392157,20.949027265777943,17.781952192313263,20,64,,False,True,,1204,21.16838264042747
1,2026-09-14T02:04:45.515+00:00,2026-09-14T02:04:45.703+00:00,2026-09-14T02:04:56.566+00:00,True,175,175.0,,175.0,187.945174,11050.49775,11050.497943,63.14570253142857,39.066847,187.945174,22.70053053875143,95.2301561,62.42846308045977,20.68203600893906,15.836390718237103,20,64,,False,True,,713,21.16838264042747
2,2026-09-14T02:04:49.437+00:00,2026-09-14T02:04:53.729+00:00,2026-09-14T02:05:02.966+00:00,True,140,140.0,,140.0,4291.289087,13529.182719,13529.182849,96.63702035,39.747676,4291.289087,357.7335993578595,95.5262185,66.45966641726619,21.968872443352204,10.348001273084144,20,64,,False,True,,712,21.16838264042747
3,2026-09-14T02:04:52.063+00:00,2026-09-14T02:04:58.010+00:00,2026-09-14T02:05:05.531+00:00,True,116,116.0,,116.0,5947.611816,13468.36676,13468.366547,116.1066081637931,39.871415999999996,5947.611816,546.5537627336479,93.431058,65.39786907826087,21.100314218386764,8.612774070313481,20,64,,False,True,,537,21.16838264042747
4,2026-09-14T02:04:56.299+00:00,2026-09-14T02:05:05.029+00:00,2026-09-14T02:05:18.662+00:00,True,205,205.0,,205.0,8730.552302,22362.995693999997,22362.995753,109.08778416097562,13.787671,8730.552302,605.5032330976935,94.2087752,66.82570290196078,22.123522428221133,9.166929279291574,20,64,,False,True,,893,21.16838264042747
5,2026-09-14T02:05:00.717+00:00,2026-09-14T02:05:12.887+00:00,2026-09-14T02:05:21.368+00:00,True,126,126.0,,126.0,12170.225422,20650.849806,20650.849731,163.89563278571427,17.973651999999998,12170.225422,1078.3969358087804,94.548956,67.844995072,22.41889419133283,6.101443823555936,20,64,,False,True,,544,21.16838264042747
6,2026-09-14T02:05:04.885+00:00,2026-09-14T02:05:20.104+00:00,2026-09-14T02:05:35.544+00:00,True,231,231.0,,231.0,15218.260221,30658.586109,30658.586022,132.72115161038963,39.992864999999995,15218.260221,997.1155508785663,96.276957,67.13185168695652,22.127849472436303,7.53459403439967,20,64,,False,True,,456,21.16838264042747
7,2026-09-14T02:05:08.012+00:00,2026-09-14T02:05:26.245+00:00,2026-09-14T02:05:38.625+00:00,True,183,183.0,,183.0,18233.084366,30612.858062,30612.858049,167.2833773169399,0.01734,18233.084366,1343.0959462100993,95.132003,68.02073459340659,28.26460917659981,5.977880262906894,20,64,,False,True,,1003,21.16838264042747
8,2026-09-14T02:05:11.769+00:00,2026-09-14T02:05:33.285+00:00,2026-09-14T02:05:41.775+00:00,True,132,132.0,,132.0,21516.405908,30006.033044,30006.033178,227.31843316666667,0.01781,21516.405908,1867.3572754971049,97.30161619999998,64.80631401526718,29.75002133000286,4.399115331454809,20,64,,False,True,,402,21.16838264042747
9,2026-09-14T02:05:15.978+00:00,2026-09-14T02:05:40.843+00:00,2026-09-14T02:05:52.372+00:00,True,175,175.0,,175.0,24864.229894,36393.402118,36393.402179,207.9622981657143,38.798218999999996,24864.229894,1874.6782439274864,96.93796470000001,66.25961048275862,21.96042682627607,4.808563910364562,20,64,,False,True,,725,21.16838264042747
10,2026-09-14T02:05:19.886+00:00,2026-09-14T02:05:46.244+00:00,2026-09-14T02:05:55.609+00:00,True,143,143.0,,143.0,26358.461315,35723.331715,35723.33161,249.81350776223778,40.466245,26358.461315,2198.794764046937,95.4163047,65.94979154929578,21.512233020408008,4.0029860915787765,20,64,,False,True,,726,21.16838264042747
11,2026-09-14T02:05:23.116+00:00,2026-09-14T02:05:52.508+00:00,2026-09-14T02:06:11.754+00:00,True,287,287.0,,287.0,29391.958642999998,48638.493042999995,48638.493086999995,169.47210134843206,38.226799,29391.958642999998,1731.1171169377376,94.4134403,67.29557482517482,21.815766989217614,5.900676234896318,20,64,,False,True,,1324,21.16838264042747
12,2026-09-14T02:05:26.236+00:00,2026-09-14T02:05:57.674+00:00,2026-09-14T02:06:14.652+00:00,True,257,257.0,,257.0,31438.051872,48416.603936,48416.604095,188.3914556225681,35.202536,31438.051872,1957.0333834047676,95.258507,66.322469,21.593692947629357,5.3080963782531745,20,64,,False,True,,1220,21.16838264042747
13,2026-09-14T02:05:30.448+00:00,2026-09-14T02:06:05.445+00:00,2026-09-14T02:06:13.645+00:00,True,124,124.0,,124.0,34997.166476000006,43196.84238,43196.84244500001,348.3616326209678,38.034699,34997.166476000006,3136.926653506962,95.06768849999999,66.6640317398374,21.77075558537314,2.8705801898476637,20,64,,False,True,,557,21.16838264042747
14,2026-09-14T02:05:33.177+00:00,2026-09-14T02:06:10.130+00:00,2026-09-14T02:06:19.497+00:00,True,142,142.0,,142.0,36953.32417099999,46320.26433099999,46320.264362999995,326.1990448098591,37.154351000000005,36953.32417099999,3095.556170890424,94.27853255,66.43219971631206,21.905857307927423,3.0656129029247796,20,64,,False,True,,686,21.16838264042747
15,2026-09-14T02:05:36.387+00:00,2026-09-14T02:06:16.066+00:00,2026-09-14T02:06:27.265+00:00,True,170,170.0,,170.0,39678.467328,50877.541888,50877.541861,299.27965800588237,7.939673,39678.467328,3038.2056813382605,94.933815,66.26671337278107,23.26910638219339,3.3413563959955437,20,64,,False,True,,615,21.16838264042747
16,2026-09-14T02:05:40.135+00:00,2026-09-14T02:06:21.994+00:00,2026-09-14T02:06:37.848+00:00,True,242,242.0,,242.0,41859.306114,57713.542018,57713.541916,238.4857103966942,0.01742,41859.306114,2686.801870392777,94.554628,65.78521121991702,33.86901987402015,4.193123338791506,20,64,,False,True,,1003,21.16838264042747
17,2026-09-14T02:05:43.528+00:00,2026-09-14T02:06:27.393+00:00,2026-09-14T02:06:34.503+00:00,True,108,108.0,,108.0,43864.66211,50974.86883,50974.868767,471.98952562037033,0.01599,43864.66211,4214.660800679044,94.19349964999999,66.45053009345794,38.689773875276906,2.1186910820737466,20,64,,False,True,,565,21.16838264042747
18,2026-09-14T02:05:47.330+00:00,2026-09-14T02:06:35.056+00:00,2026-09-14T02:06:47.053+00:00,True,178,178.0,,178.0,47726.141712,59723.519503999996,59723.519305999995,335.52538935955056,8.068603,47726.141712,3572.216640100851,93.82166185000001,67.78179543502826,22.671777904934242,2.9804003762383497,20,64,,False,True,,806,21.16838264042747
19,2026-09-14T02:05:50.580+00:00,2026-09-14T02:06:41.435+00:00,2026-09-14T02:06:49.219+00:00,True,117,117.0,,117.0,50855.793798,58639.776646,58639.776571999995,501.19467155555554,9.844959000000001,50855.793798,4695.474674221493,93.7238848,67.10330041379311,23.555685365204702,1.995232701964613,20,64,,False,True,,499,21.16838264042747
20,2026-09-14T02:05:54.003+00:00,2026-09-14T02:06:45.767+00:00,2026-09-14T02:06:56.256+00:00,True,160,160.0,,160.0,51763.411186,62252.298482,62252.298544,389.0768659,6.012427,51763.411186,4087.1094257355494,95.85484394999999,65.96784462893082,23.59362254795073,2.5701862244695004,20,64,,False,True,,799,21.16838264042747
21,2026-09-14T02:05:58.288+00:00,2026-09-14T02:06:54.461+00:00,2026-09-14T02:07:11.879+00:00,True,258,258.0,,258.0,56172.836611,73591.209987,73591.209964,285.2372479224806,0.0,56172.836611,3493.040815736651,95.09338450000001,67.77577189105058,25.442307320971715,3.505853485023226,20,64,,False,True,,1305,21.16838264042747
22,2026-09-14T02:06:02.109+00:00,2026-09-14T02:07:00.745+00:00,2026-09-14T02:07:10.568+00:00,True,148,148.0,,148.0,58636.067208,68458.68967200001,68458.689625,462.5587136824324,0.0,58636.067208,4814.436253867317,93.8705168,66.82056097959183,26.75481389315931,2.161887712269971,20,64,,False,True,,602,21.16838264042747
23,2026-09-14T02:06:04.994+00:00,2026-09-14T02:07:05.707+00:00,2026-09-14T02:07:14.813+00:00,True,138,138.0,,138.0,60713.361154,69819.203842,69819.203822,505.9362595797101,0.0,60713.361154,5162.687382559319,98.84254175,66.46600502189781,28.99463849651382,1.9765335667861852,20,64,,False,True,,561,21.16838264042747
24,2026-09-14T02:06:07.610+00:00,2026-09-14T02:07:10.112+00:00,2026-09-14T02:07:20.149+00:00,True,152,152.0,,152.0,62502.436088,72538.881016,72538.881154,477.2294812763158,40.009384,62502.436088,5064.278320622012,96.60183355000001,66.46652270198675,23.1285284258838,2.095427967333452,20,64,,False,True,,830,21.16838264042747
25,2026-09-14T02:06:11.325+00:00,2026-09-14T02:07:16.477+00:00,2026-09-14T02:07:26.522+00:00,True,154,154.0,,154.0,65152.182779,75196.964091,75196.964126,488.29197484415585,31.644413,65152.182779,5244.867549749946,95.31753385,65.6521654379085,21.905970183245753,2.047955018684479,20,64,,False,True,,696,21.16838264042747
26,2026-09-14T02:06:14.686+00:00,2026-09-14T02:07:22.404+00:00,2026-09-14T02:07:29.784+00:00,True,114,114.0,,114.0,67717.337652,75097.52786,75097.527694,658.7502429298246,0.0169,67717.337652,6336.3746020496,95.734806,65.3114177699115,48.2140937504288,1.5180260023009498,20,64,,False,True,,464,21.16838264042747
27,2026-09-14T02:06:19.014+00:00,2026-09-14T02:07:31.258+00:00,2026-09-14T02:07:49.808+00:00,True,286,286.0,,286.0,72243.727891,90794.334227,90794.334136,317.46270676923075,31.934732,72243.727891,4268.064455936624,93.87336149999999,65.08984679298246,21.128908897751117,3.1499762891036283,20,64,,False,True,,999,21.16838264042747
28,2026-09-14T02:06:23.111+00:00,2026-09-14T02:07:38.219+00:00,2026-09-14T02:07:52.769+00:00,True,226,226.0,,226.0,75108.57439,89658.39787799999,89658.397938,396.7185749469026,0.0,75108.57439,4991.905141839882,93.325088,64.66588216888888,24.24213142975331,2.5206785460021583,20,64,,False,True,,557,21.16838264042747
29,2026-09-14T02:06:26.788+00:00,2026-09-14T02:07:44.342+00:00,2026-09-14T02:07:55.159+00:00,True,169,169.0,,169.0,77554.59548399999,88371.203484,88371.20343299999,522.906529189349,0.0,77554.59548399999,5960.839077214366,93.75469600000001,64.38457142857142,25.35930631068118,1.9123876708389314,20,64,,False,True,,781,21.16838264042747
30,2026-09-14T02:06:30.644+00:00,2026-09-14T02:07:50.510+00:00,2026-09-14T02:08:03.682+00:00,True,201,201.0,,201.0,79865.71575300001,93037.11056900001,93037.11062300002,462.8711971293533,0.0,79865.71575300001,5628.705797405261,94.15842200000002,65.85697408,25.55990846315669,2.1604282288080134,20,64,,False,True,,1121,21.16838264042747
31,2026-09-14T02:06:34.584+00:00,2026-09-14T02:07:57.439+00:00,2026-09-14T02:08:06.574+00:00,True,141,141.0,,141.0,82854.68643700001,91989.94250100001,91989.942477,652.4109395531916,40.975112,82854.68643700001,6972.162174720547,95.914057,65.25182902857142,21.863342474006295,1.532776259735864,20,64,,False,True,,626,21.16838264042747
32,2026-09-14T02:06:37.842+00:00,2026-09-14T02:08:03.773+00:00,2026-09-14T02:08:18.074+00:00,True,218,218.0,,218.0,85930.871493,100232.262853,100232.262985,459.7810228669725,0.0,85930.871493,5815.571293908631,96.62170685,65.90502930875576,26.905111454180506,2.174948402788406,20,64,,False,True,,975,21.16838264042747
33,2026-09-14T02:06:40.995+00:00,2026-09-14T02:08:08.648+00:00,2026-09-14T02:08:18.354+00:00,True,149,149.0,,149.0,87652.859481,97359.253593,97359.253517,653.4178088389262,0.0,87652.859481,7175.485775830275,95.46291979999998,65.583744,28.587961001776875,1.5304143622842328,20,64,,False,True,,707,21.16838264042747
34,2026-09-14T02:06:43.785+00:00,2026-09-14T02:08:13.326+00:00,2026-09-14T02:08:24.498+00:00,True,169,169.0,,169.0,89541.011728,100713.698064,100713.698097,595.9390419940828,0.0,89541.011728,6882.873435845134,96.123953,66.50408533333334,55.070202380990075,1.6780239753742978,20,64,,False,True,,798,21.16838264042747
35,2026-09-14T02:06:48.143+00:00,2026-09-14T02:08:21.197+00:00,2026-09-14T02:08:30.122+00:00,True,137,137.0,,137.0,93053.555419,101978.120923,101978.120747,744.3658448686131,0.01568,93053.555419,7944.691594697064,97.01288959999998,65.62180517647059,56.051872859048,1.343425420668849,20,64,,False,True,,456,21.16838264042747
36,2026-09-14T02:06:50.943+00:00,2026-09-14T02:08:26.393+00:00,2026-09-14T02:08:33.488+00:00,True,109,109.0,,109.0,95449.382758,102544.75427800001,102544.75421900001,940.7775616422019,41.958621,95449.382758,9136.126654147032,96.05258540000001,65.69788444444445,22.148620319549476,1.06295052114026,20,64,,False,True,,447,21.16838264042747
37,2026-09-14T02:06:54.598+00:00,2026-09-14T02:08:33.260+00:00,2026-09-14T02:08:46.787+00:00,True,201,201.0,,201.0,98661.806027,112189.198027,112189.197869,558.155213278607,0.0,98661.806027,6954.341221475313,95.67841800000001,67.63696,25.005585602941277,1.7916163368208262,20,64,,False,True,,768,21.16838264042747
38,2026-09-14T02:06:58.397+00:00,2026-09-14T02:08:40.418+00:00,2026-09-14T02:08:57.053+00:00,True,251,251.0,,251.0,102020.907774,118655.791102,118655.791102,472.7322354661355,34.895866000000005,102020.907774,6435.340827863185,94.59731550000001,66.539533312,22.20835697305199,2.115362408095472,20,64,,False,True,,1289,21.16838264042747
39,2026-09-14T02:07:01.851+00:00,2026-09-14T02:08:46.602+00:00,2026-09-14T02:09:01.759+00:00,True,230,230.0,,230.0,104750.533321,119907.71143299999,119907.711404,521.3378756695652,0.0,104750.533321,6902.73535428792,94.45160594999999,66.18855070742359,27.382023734928193,1.918141854692269,20,64,,False,True,,962,21.16838264042747
40,2026-09-14T02:07:05.224+00:00,2026-09-14T02:08:52.827+00:00,2026-09-14T02:09:03.295+00:00,True,160,160.0,,160.0,107602.42921799999,118070.04803399999,118070.04798999999,737.9377999374999,0.0,107602.42921799999,8501.56873472392,96.53664595000001,65.83408060377359,30.515928634354932,1.3551277624103757,20,64,,False,True,,725,21.16838264042747
41,2026-09-14T02:07:09.596+00:00,2026-09-14T02:09:00.836+00:00,2026-09-14T02:09:11.640+00:00,True,165,165.0,,165.0,111240.25029000001,122043.84222600001,122043.84222300001,739.6596498363637,40.550785000000005,111240.25029000001,8654.942697882912,95.971682,65.87556058536586,22.614046212641373,1.3519731679248024,20,64,,False,True,,734,21.16838264042747
42,2026-09-14T02:07:12.983+00:00,2026-09-14T02:09:05.991+00:00,2026-09-14T02:09:19.273+00:00,True,200,200.0,,200.0,113007.668373,126290.21659699999,126290.21664099999,631.4510832049999,0.01585,113007.668373,7986.302299772155,97.9395975,66.74647348743719,52.71803712067041,1.5836539471478819,20,64,,False,True,,883,21.16838264042747
43,2026-09-14T02:07:15.635+00:00,2026-09-14T02:09:11.313+00:00,2026-09-14T02:09:29.624+00:00,True,269,269.0,,269.0,115678.612569,133989.144921,133989.144888,498.1009103643123,0.0,115678.612569,7049.066886939151,97.423802,68.32288191044776,50.90442952506362,2.007625320383994,20,64,,False,True,,1245,21.16838264042747
44,2026-09-14T02:07:19.397+00:00,2026-09-14T02:09:18.162+00:00,2026-09-14T02:09:32.173+00:00,True,211,211.0,,211.0,118764.99752799999,132776.264856,132776.26481599998,629.2713972322274,0.0,118764.99752799999,8171.5769680925305,95.2984635,66.72032060952381,28.817367885725083,1.589139446186682,20,64,,False,True,,952,21.16838264042747
45,2026-09-14T02:07:21.949+00:00,2026-09-14T02:09:22.871+00:00,2026-09-14T02:09:34.431+00:00,True,176,176.0,,176.0,120922.023668,132482.38104399998,132482.380923,752.7408006988636,36.360093,120922.023668,9109.888474808755,96.358891,66.05918500571428,22.40201286343394,1.3284785389050862,20,64,,False,True,,572,21.16838264042747
46,2026-09-14T02:07:26.227+00:00,2026-09-14T02:09:29.445+00:00,2026-09-14T02:09:44.801+00:00,True,235,235.0,,235.0,123218.273164,138573.865612,138573.865624,589.6760239319149,39.289407,123218.273164,8033.621093731527,94.52829399999999,65.62218994871795,21.234475016137303,1.695846463993351,20,64,,False,True,,1259,21.16838264042747
47,2026-09-14T02:07:29.282+00:00,2026-09-14T02:09:34.837+00:00,2026-09-14T02:09:54.669+00:00,True,299,299.0,,299.0,125555.431585,145386.656673,145386.656612,486.24299870234114,0.0,125555.431585,7257.260795014379,94.00311900000001,66.54773519463087,27.323113850261404,2.0565848809117555,20,64,,False,True,,581,21.16838264042747
48,2026-09-14T02:07:33.031+00:00,2026-09-14T02:09:42.020+00:00,2026-09-14T02:09:59.321+00:00,True,261,261.0,,261.0,128988.822979,146289.813187,146289.81305,560.4973680076629,0.0,128988.822979,7980.140030523399,94.96822900000001,66.54227003076923,28.63902834596991,1.7841296964838402,20,64,,False,True,,1248,21.16838264042747
49,2026-09-14T02:07:35.662+00:00,2026-09-14T02:09:46.584+00:00,2026-09-14T02:09:57.583+00:00,True,164,164.0,,164.0,130921.95200300001,141920.58931500002,141920.58941400002,865.3694476463415,37.70516000000001,130921.95200300001,10218.041279121551,95.88287,67.47630252760737,21.941880321217553,1.155575810328645,20,64,,False,True,,795,21.16838264042747
50,2026-09-14T02:07:39.418+00:00,2026-09-14T02:09:52.739+00:00,2026-09-14T02:10:09.667+00:00,True,254,254.0,,254.0,133320.792842,150248.79770599998,150248.797821,591.5307000826772,31.739803,133320.792842,8361.1206902676,95.6502865,66.90911013438735,21.8355632234808,1.6905293345309536,20,64,,False,True,,985,21.16838264042747
51,2026-09-14T02:07:43.177+00:00,2026-09-14T02:09:59.726+00:00,2026-09-14T02:10:14.701+00:00,True,226,226.0,,226.0,136548.575311,151524.069711,151524.069623,670.4604850575221,0.0,136548.575311,9078.694663377139,95.499833,66.55775288888888,28.933761172049227,1.4915122094532378,20,64,,False,True,,903,21.16838264042747
52,2026-09-14T02:07:46.353+00:00,2026-09-14T02:10:05.535+00:00,2026-09-14T02:10:16.927+00:00,True,170,170.0,,170.0,139182.289715,150573.735987,150573.736086,885.7278593294117,0.0,139182.289715,10669.670413602673,96.37630990000001,67.40500752662722,31.360074166918345,1.1290149565969274,20,64,,False,True,,851,21.16838264042747
53,2026-09-14T02:07:50.272+00:00,2026-09-14T02:10:12.078+00:00,2026-09-14T02:10:23.808+00:00,True,180,180.0,,180.0,141806.01895899998,153536.41921499997,153536.419275,852.9801070833332,0.01594,141806.01895899998,10564.93345959151,97.61779499999999,65.53296232402235,68.58819290274396,1.1723602837704752,20,64,,False,True,,803,21.16838264042747
54,2026-09-14T02:07:54.522+00:00,2026-09-14T02:10:18.447+00:00,2026-09-14T02:10:28.737+00:00,True,166,166.0,,166.0,143924.86681900002,154214.435587,154214.435468,929.002623301205,0.0167,143924.86681900002,11165.921727716288,95.35704675000001,62.36102283636364,24.0658370922329,1.0764232243767553,20,64,,False,True,,776,21.16838264042747
55,2026-09-14T02:07:57.453+00:00,2026-09-14T02:10:25.740+00:00,2026-09-14T02:10:32.500+00:00,True,101,101.0,,101.0,148286.621703,155047.328775,155047.32865500002,1535.1220658910893,40.506974,148286.621703,14748.35881639494,97.314314,67.60707072,21.580374608213777,0.6514139959584092,20,64,,False,True,,325,21.16838264042747
56,2026-09-14T02:08:00.481+00:00,2026-09-14T02:10:30.504+00:00,2026-09-14T02:10:45.979+00:00,True,233,233.0,,233.0,150023.658121,165497.99028099998,165497.99034999998,710.2918040772531,0.0,150023.658121,9824.05880216615,97.0392406,66.6997075862069,31.97736624768653,1.4078720811315473,20,64,,False,True,,1198,21.16838264042747
57,2026-09-14T02:08:04.834+00:00,2026-09-14T02:10:37.747+00:00,2026-09-14T02:10:56.901+00:00,True,292,292.0,,292.0,152912.869303,172066.67410300003,172066.67386100002,589.2694310308219,0.0,152912.869303,8944.746948376132,96.04363300000001,65.82063505154639,29.95550347238754,1.6970165868679907,20,64,,False,True,,1334,21.16838264042747
58,2026-09-14T02:08:08.459+00:00,2026-09-14T02:10:45.222+00:00,2026-09-14T02:10:56.680+00:00,True,175,175.0,,175.0,156762.77233500002,168221.52254300003,168221.522574,961.2658432800001,6.768936,156762.77233500002,11845.194975258779,95.3161957,65.85488625287356,22.586413046489973,1.0402949477244643,20,64,,False,True,,737,21.16838264042747
59,2026-09-14T02:08:12.595+00:00,2026-09-14T02:10:52.617+00:00,2026-09-14T02:10:59.409+00:00,True,104,104.0,,104.0,160021.655778,166813.83011399998,166813.83032399998,1603.979137730769,40.666055,160021.655778,15684.96155654735,93.2926225,65.9434401553398,20.685941851913338,0.6234495061286391,20,64,,False,True,,473,21.16838264042747
60,2026-09-14T02:08:16.612+00:00,2026-09-14T02:10:57.951+00:00,2026-09-14T02:11:08.208+00:00,True,159,159.0,,159.0,161339.033595,171595.50873099998,171595.50872299998,1079.2170359937106,41.508243,161339.033595,12789.886945963992,92.88811589999999,64.91439959493671,21.13354040278177,0.9265976783183457,20,64,,False,True,,621,21.16838264042747
61,2026-09-14T02:08:19.426+00:00,2026-09-14T02:11:03.790+00:00,2026-09-14T02:11:19.504+00:00,True,239,239.0,,239.0,164363.835755,180078.052715,180078.052707,753.4646556778243,0.0,164363.835755,10627.587461091352,94.254974,66.02612168067226,31.207955764625993,1.3272022681089997,20,64,,False,True,,1274,21.16838264042747
62,2026-09-14T02:08:22.937+00:00,2026-09-14T02:11:08.728+00:00,2026-09-14T02:11:28.066+00:00,True,292,292.0,,292.0,165790.900531,185129.14001899998,185129.139975,634.0039040239726,0.0,165790.900531,9698.51456016083,95.92725255,66.45443123024054,66.16403338875242,1.5772773533655036,20,64,,False,True,,1578,21.16838264042747
63,2026-09-14T02:08:26.731+00:00,2026-09-14T02:11:16.359+00:00,2026-09-14T02:11:27.807+00:00,True,158,158.0,,158.0,169628.276197,181075.606245,181075.606331,1146.048141335443,0.040780000000000004,169628.276197,13489.356712517276,97.00253235,72.91293024203821,83.41691175365138,0.8725636946713955,20,64,,False,True,,733,21.16838264042747
64,2026-09-14T02:08:30.518+00:00,2026-09-14T02:11:23.767+00:00,2026-09-14T02:11:30.744+00:00,True,105,105.0,,105.0,173248.513931,180225.992587,180225.99255599998,1716.438024342857,0.015269999999999999,173248.513931,16901.092590121512,97.25484700000001,67.09114092307692,103.89675405914791,0.5826018683143812,20,64,,False,True,,516,21.16838264042747
65,2026-09-14T02:08:34.933+00:00,2026-09-14T02:11:30.981+00:00,2026-09-14T02:11:42.086+00:00,True,169,169.0,,169.0,176048.391887,187153.720527,187153.720432,1107.4184640946746,0.0,176048.391887,13537.141153885434,93.65810040000001,66.10314666666666,33.83003446014812,0.9030010171538053,20,64,,False,True,,811,21.16838264042747
66,2026-09-14T02:08:38.059+00:00,2026-09-14T02:11:36.488+00:00,2026-09-14T02:11:48.637+00:00,True,185,185.0,,185.0,178429.05721,190577.516474,190577.516326,1030.1487368972973,0.0,178429.05721,13113.553169141334,94.88980620000001,66.02423513043477,33.351465012560574,0.9707336071054272,20,64,,False,True,,869,21.16838264042747
67,2026-09-14T02:08:41.717+00:00,2026-09-14T02:11:43.156+00:00,2026-09-14T02:12:01.182+00:00,True,266,266.0,,266.0,181438.472981,199465.063445,199465.063619,749.8686602218045,39.982446,181438.472981,11120.55826706164,96.16849275,68.02486967547169,22.457979971640896,1.3335668683320383,20,64,,False,True,,1238,21.16838264042747
68,2026-09-14T02:08:45.620+00:00,2026-09-14T02:11:49.492+00:00,2026-09-14T02:12:08.285+00:00,True,274,274.0,,274.0,183871.663757,202664.898701,202664.898529,739.652914339416,33.892099,183871.663757,11103.95819196633,98.2845945,68.83968843956045,22.8907970522267,1.351985478275859,20,64,,False,True,,1175,21.16838264042747
69,2026-09-14T02:08:49.193+00:00,2026-09-14T02:11:56.136+00:00,2026-09-14T02:12:14.538+00:00,True,271,271.0,,271.0,186943.157466,205345.23593,205345.235853,757.7314976125461,39.074108,186943.157466,11351.871194022795,97.02939549999999,68.15584616296296,23.033358926681707,1.319728693839194,20,64,,False,True,,1456,21.16838264042747
70,2026-09-14T02:08:52.171+00:00,2026-09-14T02:12:01.550+00:00,2026-09-14T02:12:16.223+00:00,True,219,219.0,,219.0,189378.837304,204051.87615199998,204051.87602,931.7437261187214,0.0,189378.837304,12792.535013958424,99.261453,67.30751765137614,34.87865451168103,1.0732564881533608,20,64,,False,True,,1069,21.16838264042747
71,2026-09-14T02:08:56.234+00:00,2026-09-14T02:12:09.080+00:00,2026-09-14T02:12:20.915+00:00,True,177,177.0,,177.0,192845.888544,204681.30255999998,204681.30255999998,1156.3915398870056,0.0,192845.888544,14490.174910179085,96.75976179999999,67.24667054545455,36.161339206630565,0.8647590072283934,20,64,,False,True,,842,21.16838264042747
72,2026-09-14T02:09:00.360+00:00,2026-09-14T02:12:16.825+00:00,2026-09-14T02:12:34.113+00:00,True,260,260.0,,260.0,196464.340617,213752.90228100002,213752.90243000002,822.1265478076923,38.781089,196464.340617,12180.080281565257,94.902479,66.75120333590733,21.466267055640543,1.2163577533941665,20,64,,False,True,,1377,21.16838264042747
73,2026-09-14T02:09:04.865+00:00,2026-09-14T02:12:23.795+00:00,2026-09-14T02:12:39.663+00:00,True,244,244.0,,244.0,198930.74630899998,214798.05946099997,214798.05934799998,880.3199153606556,34.490707,198930.74630899998,12731.073164608966,94.0988255,65.29758498765432,21.07625370988481,1.135950672051123,20,64,,False,True,,1182,21.16838264042747
74,2026-09-14T02:09:08.259+00:00,2026-09-14T02:12:31.016+00:00,2026-09-14T02:12:45.749+00:00,True,226,226.0,,226.0,202757.668308,217489.899732,217489.89974,962.3446891150442,39.271127,202757.668308,13482.900731409627,94.7271825,65.47658410666666,21.2663737670967,1.0391287148437076,20,64,,False,True,,1218,21.16838264042747
75,2026-09-14T02:09:11.676+00:00,2026-09-14T02:12:36.488+00:00,2026-09-14T02:12:48.402+00:00,True,187,187.0,,187.0,204812.369313,216726.820257,216726.820183,1158.9669528502675,38.756499000000005,204812.369313,14972.694033193782,93.28295199999998,64.05618787096773,20.897975378503606,0.8628373718501974,20,64,,False,True,,902,21.16838264042747
76,2026-09-14T02:09:16.196+00:00,2026-09-14T02:12:45.529+00:00,2026-09-14T02:12:59.127+00:00,True,208,208.0,,208.0,209333.086575,222931.758959,222931.758845,1071.787302139423,0.0,209333.086575,14510.349628637689,95.4792777,65.6940694879227,88.18379661874953,0.933020943140963,20,64,,False,True,,1074,21.16838264042747
77,2026-09-14T02:09:20.845+00:00,2026-09-14T02:12:52.822+00:00,2026-09-14T02:13:06.963+00:00,True,213,213.0,,213.0,211977.724582,226118.693542,226118.693689,1061.5901112159625,27.442581999999998,211977.724582,14519.92117655975,96.729388,66.70268377358491,22.40684689348277,0.9419831534646502,20,64,,False,True,,733,21.16838264042747
78,2026-09-14T02:09:24.475+00:00,2026-09-14T02:12:59.225+00:00,2026-09-14T02:13:08.100+00:00,True,132,132.0,,132.0,214749.544267,223624.381003,223624.381083,1694.1240991136362,27.689871,214749.544267,18685.664817543387,95.4042996,67.7468453129771,21.939653863398036,0.5902755299218879,20,64,,False,True,,620,21.16838264042747
79,2026-09-14T02:09:28.553+00:00,2026-09-14T02:13:06.224+00:00,2026-09-14T02:13:13.278+00:00,True,108,108.0,,108.0,217671.092958,224724.912606,224724.91246,2080.786226481481,31.233404999999998,217671.092958,20939.07843760158,95.91015290000001,65.92354811214953,21.805863869688157,0.4805875714783412,20,64,,False,True,,527,21.16838264042747
80,2026-09-14T02:09:31.227+00:00,2026-09-14T02:13:11.018+00:00,2026-09-14T02:13:26.966+00:00,True,244,244.0,,244.0,219790.399362,235738.561154,235738.560932,966.1416431639344,35.092115,219790.399362,14066.452991876555,93.28915514999998,65.63029544032922,21.295941351566572,1.0350449192764992,20,64,,False,True,,906,21.16838264042747
81,2026-09-14T02:09:35.096+00:00,2026-09-14T02:13:18.142+00:00,2026-09-14T02:13:31.634+00:00,True,209,209.0,,209.0,223046.401552,236538.19624,236538.196184,1131.7617042296652,0.0,223046.401552,15424.00096072322,93.80600999999999,64.86439753846153,37.56231165943261,0.8835782267822032,20,64,,False,True,,1149,21.16838264042747
82,2026-09-14T02:09:39.342+00:00,2026-09-14T02:13:26.164+00:00,2026-09-14T02:13:36.310+00:00,True,154,154.0,,154.0,226822.380384,236967.53136,236967.53147599997,1538.7502043896104,0.0,226822.380384,18272.575841119422,95.0797105,66.3081763137255,43.23680531672474,0.649878061843181,20,64,,False,True,,718,21.16838264042747
83,2026-09-14T02:09:42.963+00:00,2026-09-14T02:13:31.893+00:00,2026-09-14T02:13:50.181+00:00,True,271,271.0,,271.0,228929.416309,247217.527925,247217.52791,912.2418004059041,40.264574,228929.416309,13902.374321897105,95.42859700000001,67.73374672592593,21.896272142249185,1.096200590122457,20,64,,False,True,,372,21.16838264042747
84,2026-09-14T02:09:45.980+00:00,2026-09-14T02:13:36.987+00:00,2026-09-14T02:13:54.689+00:00,True,263,263.0,,263.0,231007.425505,248709.52828899998,248709.52821299998,945.6636053726236,38.381059,231007.425505,14240.37909552375,95.25449410000002,67.5652778015267,22.21633567906538,1.05745848102126,20,64,,False,True,,966,21.16838264042747
85,2026-09-14T02:09:49.417+00:00,2026-09-14T02:13:44.188+00:00,2026-09-14T02:13:52.316+00:00,True,121,121.0,,121.0,234770.140896,242898.188768,242898.188736,2007.4230474049587,37.294761,234770.140896,21336.593756381757,96.30286500000003,67.73373226666666,22.038512154359285,0.49815110031788284,20,64,,False,True,,500,21.16838264042747
86,2026-09-14T02:09:52.347+00:00,2026-09-14T02:13:49.595+00:00,2026-09-14T02:13:57.248+00:00,True,118,118.0,,118.0,237247.43978400002,244901.25687200003,244901.256854,2075.434380118644,39.15167700000001,237247.43978400002,21834.385909999186,94.03685089999999,65.41724006837607,21.943565885263972,0.48182684526471753,20,64,,False,True,,493,21.16838264042747
87,2026-09-14T02:09:55.516+00:00,2026-09-14T02:13:54.957+00:00,2026-09-14T02:14:08.108+00:00,True,199,199.0,,199.0,239440.754795,252591.843947,252591.844074,1269.3057491155778,33.663928,239440.754795,16968.811792108852,96.12136120000001,66.41964218181818,22.67764995350918,0.7878322470370624,20,64,,False,True,,794,21.16838264042747
88,2026-09-14T02:09:59.060+00:00,2026-09-14T02:14:01.108+00:00,2026-09-14T02:14:19.403+00:00,True,271,271.0,,271.0,242047.666535,260342.792039,260342.791976,960.6745091365314,0.0,242047.666535,14699.280869712513,96.43208899999999,67.75972408888889,37.77352442457917,1.040935291035073,20,64,,False,True,,1088,21.16838264042747
89,2026-09-14T02:10:03.347+00:00,2026-09-14T02:14:08.740+00:00,2026-09-14T02:14:18.496+00:00,True,145,145.0,,145.0,245393.359543,255149.833655,255149.833796,1759.6540261793104,0.0,245393.359543,20373.237888289143,96.635409,67.75329244444445,47.58995753337077,0.5682935313846266,20,64,,False,True,,232,21.16838264042747
90,2026-09-14T02:10:07.854+00:00,2026-09-14T02:14:17.597+00:00,2026-09-14T02:14:36.990+00:00,True,292,292.0,,292.0,249742.229417,269135.180969,269135.181005,921.695825359589,0.01568,249742.229417,14611.42327579185,94.18522000000002,66.64244519587629,88.10372892503933,1.084956633869556,20,64,,False,True,,1358,21.16838264042747
91,2026-09-14T02:10:12.257+00:00,2026-09-14T02:14:26.159+00:00,2026-09-14T02:14:33.407+00:00,True,111,111.0,,111.0,253901.20008,261150.01672,261150.01658700002,2352.7028521351353,0.01551,253901.20008,24093.37214675919,95.00022349999999,65.89833309090909,137.98203714275078,0.425043051477236,20,64,,False,True,,546,21.16838264042747
92,2026-09-14T02:10:16.963+00:00,2026-09-14T02:14:34.030+00:00,2026-09-14T02:14:52.190+00:00,True,279,279.0,,279.0,257066.492503,275226.610263,275226.610331,986.4753058458781,34.680235999999994,257066.492503,15386.272325933263,93.68838120000001,65.32416460431655,21.407558028810985,1.013710119575263,20,64,,False,True,,1556,21.16838264042747
93,2026-09-14T02:10:19.926+00:00,2026-09-14T02:14:39.187+00:00,2026-09-14T02:14:52.238+00:00,True,203,203.0,,203.0,259260.871842,272312.047778,272312.047846,1341.4386593399015,33.294919,259260.871842,18192.024215194855,93.66188419999999,64.60978186138614,21.798006506834348,0.7454683024729554,20,64,,False,True,,728,21.16838264042747
94,2026-09-14T02:10:23.610+00:00,2026-09-14T02:14:45.236+00:00,2026-09-14T02:14:54.536+00:00,True,139,139.0,,139.0,261625.196098,270925.093442,270925.09339399997,1949.101391323741,38.511877999999996,261625.196098,22185.054814255516,96.147795,67.39056046376811,22.474525503249634,0.5130569421756325,20,64,,False,True,,568,21.16838264042747
95,2026-09-14T02:10:27.219+00:00,2026-09-14T02:14:51.594+00:00,2026-09-14T02:15:00.939+00:00,True,138,138.0,,138.0,264375.834535,273720.55645499995,273720.556466,1983.482293231884,0.0,264375.834535,22499.413570330915,95.771006,68.20964905109489,49.653136087090004,0.50416381505014,20,64,,False,True,,673,21.16838264042747
96,2026-09-14T02:10:30.000+00:00,2026-09-14T02:14:56.884+00:00,2026-09-14T02:15:09.668+00:00,True,187,187.0,,187.0,266883.96413800004,279668.76234600006,279668.76215,1495.554877807487,0.0,266883.96413800004,19511.51147771338,94.47815759999999,68.73547423655914,44.10094196555283,0.6686481480139269,20,64,,False,True,,871,21.16838264042747
97,2026-09-14T02:10:34.291+00:00,2026-09-14T02:15:04.081+00:00,2026-09-14T02:15:12.209+00:00,True,122,122.0,,122.0,269790.282777,277917.38037699996,277917.38041599997,2278.0113148852456,38.966767,269790.282777,24419.594249683738,96.22746160000001,67.1660958677686,22.907872287609777,0.43897938241395623,20,64,,False,True,,608,21.16838264042747
98,2026-09-14T02:10:38.828+00:00,2026-09-14T02:15:12.021+00:00,2026-09-14T02:15:32.512+00:00,True,300,300.0,,300.0,273192.92633700004,293684.50009700004,293684.500078,978.9483335933335,31.962112,273192.92633700004,15768.860939638678,97.27138595000001,68.53369150501673,23.041610894551084,1.0215043691475512,20,64,,False,True,,1427,21.16838264042747
99,2026-09-14T02:10:42.714+00:00,2026-09-14T02:15:19.186+00:00,2026-09-14T02:15:32.965+00:00,True,201,201.0,,201.0,276472.50219599996,290251.20248399995,290251.20233699994,1444.0358325223879,37.98651,276472.50219599996,19496.020502532505,96.355724,68.89350144,22.694193065164384,0.6925035909578362,20,64,,False,True,,1030,21.16838264042747
100,2026-09-14T02:10:47.334+00:00,2026-09-14T02:15:27.381+00:00,2026-09-14T02:15:42.106+00:00,True,213,213.0,,213.0,280047.160034,294772.824546,294772.824413,1383.909973769953,33.953298000000004,280047.160034,19183.768910047937,97.11313480000001,69.46068166037735,22.429229595443292,0.7225903552271348,20,64,,False,True,,839,21.16838264042747
101,2026-09-14T02:10:51.343+00:00,2026-09-14T02:15:35.106+00:00,2026-09-14T02:15:51.359+00:00,False,246,245.0,,245.0,283763.570948,300015.740676,300015.74045700004,1219.5761807195122,0.0,283763.570948,18087.92122007616,95.04399425,66.33538664489797,40.93202784560032,0.8166238192968218,20,64,,False,False,Request timeout: 300.0s exceeded,1089,21.16838264042747
102,2026-09-14T02:10:54.387+00:00,2026-09-14T02:15:40.349+00:00,2026-09-14T02:15:50.015+00:00,True,150,150.0,,150.0,285962.246979,295628.32134699996,295628.321369,1970.8554757933332,0.0,285962.246979,23343.474977411475,95.60208145,64.87298233557047,49.50504145549968,0.5073938765966011,20,64,,False,True,,394,21.16838264042747
103,2026-09-14T02:10:59.075+00:00,2026-09-14T02:15:48.516+00:00,2026-09-14T02:15:59.120+00:00,False,162,161.0,,161.0,289441.218603,300045.782059,300045.782228,1852.1344581975309,0.0,289441.218603,22735.525132201627,94.59980110000001,65.86685376397516,47.9717246638821,0.5365847801464562,20,64,,False,False,Request timeout: 300.0s exceeded,312,21.16838264042747
104,2026-09-14T02:11:03.545+00:00,2026-09-14T02:15:55.589+00:00,2026-09-14T02:16:03.584+00:00,False,114,113.0,,113.0,292044.540835,300039.358371,300039.358342,2631.9241959824562,0.04218,292044.540835,27345.858721533124,93.269286,70.7505976637168,20.736213187421843,0.37661725652764194,20,64,,False,False,Request timeout: 300.0s exceeded,574,21.16838264042747
105,2026-09-14T02:11:08.102+00:00,2026-09-14T02:16:01.692+00:00,2026-09-14T02:16:08.192+00:00,False,96,95.0,,95.0,293590.084581,300090.592485,300090.59261299996,3125.943673052083,0.019609,293590.084581,29957.435734058967,90.04443575,68.42639898947368,20.503223534018577,0.3165710701335917,20,64,,False,False,Request timeout: 300.0s exceeded,455,21.16838264042747
106,2026-09-14T02:11:11.689+00:00,2026-09-14T02:16:05.161+00:00,2026-09-14T02:16:11.711+00:00,False,98,97.0,,97.0,293472.234307,300022.827843,300022.827742,3061.4574259387755,0.0299,293472.234307,29638.357162894707,87.59080300000001,67.53189212371134,19.715805907426496,0.3233087318634283,20,64,,False,False,Request timeout: 300.0s exceeded,129,21.16838264042747
107,2026-09-14T02:11:15.644+00:00,2026-09-14T02:16:09.725+00:00,2026-09-14T02:16:15.687+00:00,False,91,90.0,,90.0,294081.415062,300043.409814,300043.409683,3297.180326186813,0.03892,294081.415062,30821.170784538503,87.7156645,66.24438613333334,19.76308000979631,0.2999565964664644,20,64,,False,False,Request timeout: 300.0s exceeded,331,21.16838264042747
108,2026-09-14T02:11:19.005+00:00,2026-09-14T02:16:12.764+00:00,2026-09-14T02:16:19.014+00:00,False,94,93.0,,93.0,293758.327636,300008.61218,300008.612044,3191.5809791914894,0.06871899999999999,293758.327636,30291.932875278322,87.73158915,67.20736068817205,20.32611795151702,0.3099911010027992,20,64,,False,False,Request timeout: 300.0s exceeded,426,21.16838264042747
109,2026-09-14T02:11:22.733+00:00,2026-09-14T02:16:16.779+00:00,2026-09-14T02:16:22.782+00:00,False,88,87.0,,87.0,294045.731953,300049.009265,300049.009306,3409.6478330227274,0.022760000000000002,294045.731953,31338.030705751593,88.06482135,69.00318749425287,19.704231242048724,0.289952632115384,20,64,,False,False,Request timeout: 300.0s exceeded,391,21.16838264042747
110,2026-09-14T02:11:25.687+00:00,2026-09-14T02:16:19.825+00:00,2026-09-14T02:16:25.766+00:00,False,89,88.0,,88.0,294137.97322000004,300079.47696400003,300079.47693500004,3371.679516123596,0.02489,294137.97322000004,31171.41282855708,88.4269488,67.517088,20.739957781149762,0.2932556431060335,20,64,,False,False,Request timeout: 300.0s exceeded,311,21.16838264042747
111,2026-09-14T02:11:29.705+00:00,2026-09-14T02:16:23.591+00:00,2026-09-14T02:16:29.788+00:00,False,97,96.0,,96.0,293886.01211799996,300083.46082199994,300083.4608209999,3093.64392598969,0.02619,293886.01211799996,29833.056041601063,89.61494199999999,64.55675733333334,20.905072321011357,0.31991099988327637,20,64,,False,False,Request timeout: 300.0s exceeded,444,21.16838264042747
112,2026-09-14T02:11:34.233+00:00,2026-09-14T02:16:27.964+00:00,2026-09-14T02:16:34.270+00:00,False,109,108.0,,108.0,293731.157894,300037.442694,300037.442667,2752.6370886880736,0.015390000000000001,293731.157894,28129.187805626574,91.1345872,58.391525925925926,157.76340664757564,0.35995507437432145,20,64,,False,False,Request timeout: 300.0s exceeded,526,21.16838264042747
113,2026-09-14T02:11:37.464+00:00,2026-09-14T02:16:31.176+00:00,2026-09-14T02:16:37.521+00:00,False,103,102.0,,102.0,293711.04837800004,300056.448442,300056.44840800005,2913.1694020194177,0.01559,293711.04837800004,28934.52985906722,90.49728929999999,62.2098045490196,162.1767719440576,0.33993603713441367,20,64,,False,False,Request timeout: 300.0s exceeded,382,21.16838264042747
114,2026-09-14T02:11:40.760+00:00,2026-09-14T02:16:34.919+00:00,2026-09-14T02:16:40.854+00:00,False,83,82.0,,82.0,294158.663943,300093.53575100005,300093.535523,3615.58476533735,0.03477,294158.663943,32280.16935095038,88.0896991,72.37648546341464,19.190427070556396,0.2732481384338741,20,64,,False,False,Request timeout: 300.0s exceeded,404,21.16838264042747
115,2026-09-14T02:11:45.260+00:00,2026-09-14T02:16:39.046+00:00,2026-09-14T02:16:45.281+00:00,False,98,97.0,,97.0,293786.28029,300021.04253000004,300021.042404,3061.4392082040818,0.0,293786.28029,29670.471642024655,87.47200935000001,64.2758993814433,64.14780901368837,0.32331065575275664,20,64,,False,False,Request timeout: 300.0s exceeded,317,21.16838264042747
116,2026-09-14T02:11:49.934+00:00,2026-09-14T02:16:43.161+00:00,2026-09-14T02:16:49.951+00:00,False,105,104.0,,104.0,293226.987682,300016.86057799996,300016.860511,2857.303433438095,0.03728,293226.987682,28609.66011093593,89.1219398,65.28723938461539,20.990411627961073,0.3466471844270283,20,64,,False,False,Request timeout: 300.0s exceeded,343,21.16838264042747
117,2026-09-14T02:11:54.498+00:00,2026-09-14T02:16:48.185+00:00,2026-09-14T02:16:54.551+00:00,False,93,92.0,,92.0,293686.994697,300053.758729,300053.758823,3226.3845034731185,0.053840000000000006,293686.994697,30446.75330102337,89.2139056,69.20395686956522,20.35483144467361,0.30661172314489077,20,64,,False,False,Request timeout: 300.0s exceeded,442,21.16838264042747
118,2026-09-14T02:11:58.421+00:00,2026-09-14T02:16:52.411+00:00,2026-09-14T02:16:58.455+00:00,False,87,86.0,,86.0,293989.695081,300033.906281,300033.906358,3448.665590321839,0.045069000000000005,293989.695081,31511.475485803392,90.0792042,70.28152558139534,20.723872901547427,0.2866342709928783,20,64,,False,False,Request timeout: 300.0s exceeded,425,21.16838264042747
119,2026-09-14T02:12:01.632+00:00,2026-09-14T02:16:55.673+00:00,2026-09-14T02:17:01.711+00:00,False,88,87.0,,87.0,294040.712115,300078.697139,300078.696966,3409.9851927954546,0.023780000000000003,294040.712115,31337.45343617563,89.43119135,69.40212671264368,20.296478058638257,0.28992394604972765,20,64,,False,False,Request timeout: 300.0s exceeded,420,21.16838264042747
120,2026-09-14T02:12:05.556+00:00,2026-09-14T02:16:59.138+00:00,2026-09-14T02:17:05.630+00:00,False,97,96.0,,96.0,293581.807681,300073.604673,300073.604671,3093.542316195876,0.036090000000000004,293581.807681,29801.85703808564,89.75991960000002,67.62288533333333,20.30267790013964,0.31992150760682314,20,64,,False,False,Request timeout: 300.0s exceeded,419,21.16838264042747
121,2026-09-14T02:12:08.121+00:00,2026-09-14T02:17:01.707+00:00,2026-09-14T02:17:08.142+00:00,False,95,94.0,,94.0,293585.49537099997,300020.77729099995,300020.77732999995,3158.113445578947,0.03569,293585.49537099997,30114.21903216328,89.676888,68.46044595744681,20.123428481169427,0.3133116341100148,20,64,,False,False,Request timeout: 300.0s exceeded,459,21.16838264042747
122,2026-09-14T02:12:10.667+00:00,2026-09-14T02:17:04.613+00:00,2026-09-14T02:17:10.728+00:00,False,87,86.0,,86.0,293946.228055,300061.10395900003,300061.10402100004,3448.9782071379313,0.05187,293946.228055,31506.726368218748,89.81193060000001,71.10320818604652,19.338345840818107,0.28660829032926216,20,64,,False,False,Request timeout: 300.0s exceeded,357,21.16838264042747
123,2026-09-14T02:12:13.523+00:00,2026-09-14T02:17:07.611+00:00,2026-09-14T02:17:13.609+00:00,False,86,85.0,,85.0,294087.83704,300085.862512,300085.862413,3489.3704931744187,0.02361,294087.83704,31704.703735688672,88.311018,70.56500555294117,19.493721230453257,0.2832522641635641,20,64,,False,False,Request timeout: 300.0s exceeded,371,21.16838264042747
124,2026-09-14T02:12:16.867+00:00,2026-09-14T02:17:10.896+00:00,2026-09-14T02:17:16.913+00:00,False,89,88.0,,88.0,294028.55504400004,300046.23389200005,300046.23381700006,3371.305997943821,0.039319,294028.55504400004,31159.722319032022,89.13470740000001,68.38271418181819,20.040540715450987,0.2932881338269858,20,64,,False,False,Request timeout: 300.0s exceeded,394,21.16838264042747
125,2026-09-14T02:12:20.691+00:00,2026-09-14T02:17:14.408+00:00,2026-09-14T02:17:20.765+00:00,False,95,94.0,,94.0,293716.802439,300073.632647,300073.632615,3158.669817,0.034820000000000004,293716.802439,30127.77683560415,89.53956470000001,67.62585327659575,20.65810402660106,0.313256446995393,20,64,,False,False,Request timeout: 300.0s exceeded,269,21.16838264042747
126,2026-09-14T02:12:24.715+00:00,2026-09-14T02:17:18.374+00:00,2026-09-14T02:17:24.731+00:00,False,93,92.0,,92.0,293659.054925,300016.457293,300016.4572,3225.983410752688,0.02714,293659.054925,30443.866243086064,87.7667994,69.10219965217391,19.75453594204473,0.3066498445788645,20,64,,False,False,Request timeout: 300.0s exceeded,491,21.16838264042747
127,2026-09-14T02:12:28.847+00:00,2026-09-14T02:17:22.775+00:00,2026-09-14T02:17:28.861+00:00,False,89,88.0,,88.0,293928.16820899997,300014.82753699995,300014.82766699995,3370.953119853932,0.04938,293928.16820899997,31148.99864384754,89.7257084,69.16658327272727,20.653810158448323,0.2933188360136874,20,64,,False,False,Request timeout: 300.0s exceeded,381,21.16838264042747
128,2026-09-14T02:12:33.374+00:00,2026-09-14T02:17:27.169+00:00,2026-09-14T02:17:33.414+00:00,False,92,91.0,,91.0,293795.19515,300040.097806,300040.09774299996,3261.30541025,0.031039999999999998,293795.19515,30623.118211097797,87.80466455,68.62530391208792,19.921724392676634,0.3032927954144276,20,64,,False,False,Request timeout: 300.0s exceeded,263,21.16838264042747
129,2026-09-14T02:12:37.533+00:00,2026-09-14T02:17:31.010+00:00,2026-09-14T02:17:37.647+00:00,False,87,86.0,,86.0,293476.800261,300114.116357,300114.116278,3449.587543425287,0.03718,293476.800261,31455.805319493033,88.7472093,77.17809413953489,63.853127829384924,0.28655766361119417,20,64,,False,False,Request timeout: 300.0s exceeded,287,21.16838264042747
130,2026-09-14T02:12:41.322+00:00,2026-09-14T02:17:34.989+00:00,2026-09-14T02:17:41.370+00:00,False,99,98.0,,98.0,293666.76973299996,300047.24154099997,300047.241383,3030.780215989899,0.0,293666.76973299996,29508.148476488368,89.9236027,65.10685518367347,65.10762709776161,0.3266152339767763,20,64,,False,False,Request timeout: 300.0s exceeded,420,21.16838264042747
131,2026-09-14T02:12:46.025+00:00,2026-09-14T02:17:39.861+00:00,2026-09-14T02:17:46.099+00:00,False,89,88.0,,88.0,293835.666175,300073.87443100003,300073.874596,3371.616568494382,0.02368,293835.666175,31139.010311130925,90.1623436,70.88873018181819,19.730941987449814,0.29326111833916085,20,64,,False,False,Request timeout: 300.0s exceeded,413,21.16838264042747
132,2026-09-14T02:12:49.262+00:00,2026-09-14T02:17:43.122+00:00,2026-09-14T02:17:49.285+00:00,False,92,91.0,,91.0,293859.860362,300022.622602,300022.622533,3261.1154623152174,0.061549,293859.860362,30629.954441588674,89.48805505,67.72266197802197,20.398875013918122,0.3033104610938541,20,64,,False,False,Request timeout: 300.0s exceeded,267,21.16838264042747
133,2026-09-14T02:12:52.431+00:00,2026-09-14T02:17:46.187+00:00,2026-09-14T02:17:52.504+00:00,False,94,93.0,,93.0,293755.521222,300073.19392600004,300073.193835,3192.2680195212765,0.04161,293755.521222,30291.569284869398,91.54538615,67.93196455913979,21.21979219213037,0.30992438472506273,20,64,,False,False,Request timeout: 300.0s exceeded,443,21.16838264042747
134,2026-09-14T02:12:56.187+00:00,2026-09-14T02:17:49.888+00:00,2026-09-14T02:17:56.227+00:00,False,98,97.0,,97.0,293701.40457099996,300039.727515,300039.72754999995,3061.629872959183,0.02534,293701.40457099996,29661.72861671107,90.88842849999999,65.34353550515463,20.7658349421303,0.32329052156984994,20,64,,False,False,Request timeout: 300.0s exceeded,447,21.16838264042747
135,2026-09-14T02:12:59.578+00:00,2026-09-14T02:17:53.785+00:00,2026-09-14T02:17:59.653+00:00,False,88,87.0,,87.0,294206.25738200004,300074.34186200006,300074.34177500004,3409.935701988637,0.03332,294206.25738200004,31355.308901363413,89.05482800000001,67.44924689655173,20.462323132199487,0.2899281540039504,20,64,,False,False,Request timeout: 300.0s exceeded,442,21.16838264042747
136,2026-09-14T02:13:03.402+00:00,2026-09-14T02:17:57.152+00:00,2026-09-14T02:18:03.446+00:00,False,95,94.0,,94.0,293750.608189,300043.85209299996,300043.852054,3158.356337410526,0.08573,293750.608189,30131.31437691275,88.8879903,66.94940323404255,20.275735430348384,0.3132875389523538,20,64,,False,False,Request timeout: 300.0s exceeded,444,21.16838264042747
137,2026-09-14T02:13:07.837+00:00,2026-09-14T02:18:01.441+00:00,2026-09-14T02:18:07.885+00:00,False,94,93.0,,93.0,293604.241149,300048.378621,300048.378815,3192.0040299468087,0.03849,293604.241149,30275.825074247412,90.34694445000001,69.29180077419356,20.321592665363404,0.3099500168186913,20,64,,False,False,Request timeout: 300.0s exceeded,411,21.16838264042747
138,2026-09-14T02:13:11.820+00:00,2026-09-14T02:18:05.890+00:00,2026-09-14T02:18:11.849+00:00,False,86,85.0,,85.0,294069.704005,300029.155141,300029.155225,3488.711107267442,0.02266,294069.704005,31702.797715136872,89.7997205,70.11118983529411,20.107065941223894,0.2833058005981248,20,64,,False,False,Request timeout: 300.0s exceeded,376,21.16838264042747
139,2026-09-14T02:13:16.308+00:00,2026-09-14T02:18:09.424+00:00,2026-09-14T02:18:16.359+00:00,False,105,104.0,,104.0,293116.39545899996,300050.86790699995,300050.86799799994,2857.6273142666664,0.038009999999999995,293116.39545899996,28598.731262090045,89.1342894,66.6776196923077,20.33563174745247,0.3466078959392797,20,64,,False,False,Request timeout: 300.0s exceeded,499,21.16838264042747
140,2026-09-14T02:13:20.320+00:00,2026-09-14T02:18:13.887+00:00,2026-09-14T02:18:20.360+00:00,False,97,96.0,,96.0,293566.39398,300039.93894,300039.938975,3093.1952471649483,0.02851,293566.39398,29800.310994355932,89.0222184,67.43276,19.816110982541915,0.319957404134779,20,64,,False,False,Request timeout: 300.0s exceeded,317,21.16838264042747
141,2026-09-14T02:13:23.822+00:00,2026-09-14T02:18:17.785+00:00,2026-09-14T02:18:23.838+00:00,False,91,90.0,,90.0,293963.019549,300016.40783700004,300016.40786100004,3296.883602868132,0.024829999999999998,293963.019549,30808.65339571026,88.92061249999999,67.25986986666666,20.203555315094565,0.2999835930603413,20,64,,False,False,Request timeout: 300.0s exceeded,363,21.16838264042747
142,2026-09-14T02:13:26.492+00:00,2026-09-14T02:18:19.852+00:00,2026-09-14T02:18:26.558+00:00,False,101,100.0,,100.0,293359.61231199995,300065.226904,300065.22676899994,2970.9428392970294,0.04356,293359.61231199995,29183.70698395771,87.150136,67.05614592,20.14613860356781,0.33326087474971916,20,64,,False,False,Request timeout: 300.0s exceeded,338,21.16838264042747
143,2026-09-14T02:13:29.367+00:00,2026-09-14T02:18:22.826+00:00,2026-09-14T02:18:29.451+00:00,False,95,94.0,,94.0,293458.755544,300083.11932,300083.11941000004,3158.769678,0.040420000000000005,293458.755544,30101.00938889093,88.5239141,70.4719550638298,20.06622110639613,0.3132465438676046,20,64,,False,False,Request timeout: 300.0s exceeded,477,21.16838264042747
144,2026-09-14T02:13:32.176+00:00,2026-09-14T02:18:26.013+00:00,2026-09-14T02:18:32.620+00:00,False,86,85.0,,85.0,293836.347266,300444.076418,300444.076298,3493.5357709069767,0.041280000000000004,293836.347266,31676.86401584576,94.14814349999999,77.7379900235294,61.252909956071335,0.28291454773680313,20,64,,False,False,Request timeout: 300.0s exceeded,337,21.16838264042747
145,2026-09-14T02:13:34.910+00:00,2026-09-14T02:18:28.768+00:00,2026-09-14T02:18:34.996+00:00,False,97,96.0,,96.0,293858.27527,300086.436038,300086.43600499997,3093.6745979896905,0.0,293858.27527,29830.265662148428,92.3667564,64.87667466666666,62.88893803092529,0.31990782811604157,20,64,,False,False,Request timeout: 300.0s exceeded,216,21.16838264042747
146,2026-09-14T02:13:39.353+00:00,2026-09-14T02:18:32.812+00:00,2026-09-14T02:18:39.418+00:00,False,98,97.0,,97.0,293458.122774,300064.54325399996,300064.543269,3061.8830945816326,0.01856,293458.122774,29636.87405586847,90.6516395,68.10742762886598,20.47684395769407,0.3232637850113834,20,64,,False,False,Request timeout: 300.0s exceeded,526,21.16838264042747
147,2026-09-14T02:13:43.325+00:00,2026-09-14T02:18:37.201+00:00,2026-09-14T02:18:43.345+00:00,False,90,89.0,,89.0,293875.886734,300020.015246,300020.015375,3333.555726388889,0.035979,293875.886734,30969.968221163494,89.4161889,69.03515182022471,20.612741391165258,0.2966468751327303,20,64,,False,False,Request timeout: 300.0s exceeded,349,21.16838264042747
148,2026-09-14T02:13:46.553+00:00,2026-09-14T02:18:40.774+00:00,2026-09-14T02:18:46.559+00:00,False,89,88.0,,88.0,294221.04903899995,300006.73940699996,300006.73946899996,3370.8622412247187,0.02391,294221.04903899995,31180.406682026925,89.7219602,65.74648145454546,20.970456170749358,0.29332674383896434,20,64,,False,False,Request timeout: 300.0s exceeded,397,21.16838264042747
149,2026-09-14T02:13:50.295+00:00,2026-09-14T02:18:44.411+00:00,2026-09-14T02:18:50.302+00:00,False,90,89.0,,89.0,294115.536203,300006.500427,300006.500349,3333.405559433333,0.024390000000000002,294115.536203,30995.529688800325,90.16769645000001,66.19060925842696,21.15287439081441,0.2966602386059171,20,64,,False,False,Request timeout: 300.0s exceeded,408,21.16838264042747
150,2026-09-14T02:13:53.979+00:00,2026-09-14T02:18:47.649+00:00,2026-09-14T02:18:54.050+00:00,False,94,93.0,,93.0,293669.383973,300070.458149,300070.45811,3192.2389160638295,0.03613,293669.383973,30282.591509809616,88.34861015,68.82875458064515,19.876829142357504,0.3099272103414487,20,64,,False,False,Request timeout: 300.0s exceeded,492,21.16838264042747
151,2026-09-14T02:13:57.987+00:00,2026-09-14T02:18:51.621+00:00,2026-09-14T02:18:59.295+00:00,False,91,90.0,,90.0,293633.905889,301308.197345,301308.197274,3311.079090923077,0.05593,293633.905889,30772.84376676371,89.71473000000002,85.26990506666667,190.87063860727082,0.2986974824881693,20,64,,False,False,Request timeout: 300.0s exceeded,120,21.16838264042747
152,2026-09-14T02:14:01.338+00:00,2026-09-14T02:18:54.956+00:00,2026-09-14T02:19:01.427+00:00,False,106,105.0,,105.0,293617.94705699995,300088.92331299995,300088.9232949999,2831.0275782547164,0.01516,293617.94705699995,28513.317148543894,89.27315600000001,61.62834529523809,186.93230085099358,0.3498962868765485,20,64,,False,False,Request timeout: 300.0s exceeded,448,21.16838264042747
153,2026-09-14T02:14:05.323+00:00,2026-09-14T02:18:59.785+00:00,2026-09-14T02:19:05.336+00:00,False,86,85.0,,85.0,294462.74819,300013.750558,300013.75059400004,3488.531983651163,0.02112,294462.74819,31745.70058860966,91.22748975,65.30591021176471,22.619474481930705,0.28332034729044,20,64,,False,False,Request timeout: 300.0s exceeded,182,21.16838264042747
154,2026-09-14T02:14:09.318+00:00,2026-09-14T02:19:02.850+00:00,2026-09-14T02:19:09.393+00:00,False,99,98.0,,98.0,293532.186393,300074.538009,300074.537991,3031.0559393030303,0.02624,293532.186393,29494.39175776097,86.951808,66.75868995918367,19.7219906666112,0.3265855232177704,20,64,,False,False,Request timeout: 300.0s exceeded,200,21.16838264042747
155,2026-09-14T02:14:12.734+00:00,2026-09-14T02:19:06.592+00:00,2026-09-14T02:19:12.766+00:00,False,89,88.0,,88.0,293857.36644300004,300032.04445900006,300032.04455700004,3371.14656805618,0.02741,293857.36644300004,31141.386630592486,87.319117,70.16679563636364,19.033969822715598,0.29330200431982645,20,64,,False,False,Request timeout: 300.0s exceeded,424,21.16838264042747
156,2026-09-14T02:14:17.233+00:00,2026-09-14T02:19:11.056+00:00,2026-09-14T02:19:17.320+00:00,False,91,90.0,,90.0,293822.686046,300087.04803,300087.048202,3297.6598703516484,0.05836,293822.686046,30793.696823994054,90.39208849999999,69.60402204444445,20.368598353088892,0.2999129772205384,20,64,,False,False,Request timeout: 300.0s exceeded,348,21.16838264042747
157,2026-09-14T02:14:20.961+00:00,2026-09-14T02:19:14.625+00:00,2026-09-14T02:19:21.006+00:00,False,90,89.0,,89.0,293663.668702,300044.78947,300044.789561,3333.8309951222222,0.024809,293663.668702,30947.31778184229,90.76224400000001,71.69798615730338,20.594185914018876,0.2966223814691462,20,64,,False,False,Request timeout: 300.0s exceeded,278,21.16838264042747
158,2026-09-14T02:14:23.593+00:00,2026-09-14T02:19:17.489+00:00,2026-09-14T02:19:23.610+00:00,False,89,88.0,,88.0,293896.40412,300016.82396,300016.82410100003,3370.9755516966293,0.03159,293896.40412,31145.59050040825,90.15107,69.55022545454545,19.890030025474893,0.2933168841615785,20,64,,False,False,Request timeout: 300.0s exceeded,298,21.16838264042747
159,2026-09-14T02:14:26.194+00:00,2026-09-14T02:19:20.178+00:00,2026-09-14T02:19:26.577+00:00,False,88,87.0,,87.0,293983.75009399996,300382.89351799997,300382.89360699995,3413.441972806818,0.02411,293983.75009399996,31331.00305519204,89.12996355000001,73.55337268965518,66.9989401486002,0.2896303413988742,20,64,,False,False,Request timeout: 300.0s exceeded,454,21.16838264042747
160,2026-09-14T02:14:30.456+00:00,2026-09-14T02:19:24.037+00:00,2026-09-14T02:19:30.538+00:00,False,107,106.0,,106.0,293580.79941399995,300081.87282199995,300081.87277899997,2804.5034839158875,0.0,293580.79941399995,28375.671077498293,89.6943536,61.33088120754717,64.68393063609379,0.35323693165190356,20,64,,False,False,Request timeout: 300.0s exceeded,399,21.16838264042747
161,2026-09-14T02:14:34.360+00:00,2026-09-14T02:19:28.022+00:00,2026-09-14T02:19:34.368+00:00,False,105,104.0,,104.0,293662.219293,300008.090141,300008.090226,2857.2199069142857,0.03564,293662.219293,28652.550113700516,88.4288672,61.01798892307692,19.743301736777756,0.3466573183113873,20,64,,False,False,Request timeout: 300.0s exceeded,437,21.16838264042747
162,2026-09-14T02:14:38.759+00:00,2026-09-14T02:19:33.302+00:00,2026-09-14T02:19:38.836+00:00,False,85,84.0,,84.0,294543.218008,300077.455704,300077.45584,3530.323009882353,0.038829999999999996,294543.218008,31940.557848926714,88.18208760000002,65.8837820952381,20.3152730969441,0.2799277266695389,20,64,,False,False,Request timeout: 300.0s exceeded,402,21.16838264042747
163,2026-09-14T02:14:42.741+00:00,2026-09-14T02:19:36.467+00:00,2026-09-14T02:19:42.768+00:00,False,96,95.0,,95.0,293725.46872,300026.837552,300026.837558,3125.2795578958335,0.053520000000000005,293725.46872,29971.46702066353,87.783215,66.33019823157895,20.147491777384385,0.31663834067355656,20,64,,False,False,Request timeout: 300.0s exceeded,434,21.16838264042747
164,2026-09-14T02:14:45.727+00:00,2026-09-14T02:19:39.438+00:00,2026-09-14T02:19:45.765+00:00,False,94,93.0,,93.0,293711.301046,300037.717686,300037.717503,3191.8906117340425,0.04261,293711.301046,30286.997735851168,87.99914915000001,68.02598537634408,19.894541118127616,0.30996102995733277,20,64,,False,False,Request timeout: 300.0s exceeded,413,21.16838264042747
165,2026-09-14T02:14:49.927+00:00,2026-09-14T02:19:43.792+00:00,2026-09-14T02:19:49.964+00:00,False,95,94.0,,94.0,293864.77062699996,300036.96749099996,300036.967342,3158.2838667578944,0.02121,293864.77062699996,30143.159255904837,88.267218,65.66166876595744,20.191037005920766,0.3132947275999237,20,64,,False,False,Request timeout: 300.0s exceeded,454,21.16838264042747
166,2026-09-14T02:14:53.944+00:00,2026-09-14T02:19:47.877+00:00,2026-09-14T02:19:53.990+00:00,False,90,89.0,,89.0,293933.11043400003,300045.458594,300045.45860600006,3333.838428955556,0.02906,293933.11043400003,30976.03772601609,89.80803850000001,68.67806921348314,20.549806346632153,0.2966217199788663,20,64,,False,False,Request timeout: 300.0s exceeded,288,21.16838264042747
167,2026-09-14T02:14:58.485+00:00,2026-09-14T02:19:52.099+00:00,2026-09-14T02:19:58.529+00:00,False,95,94.0,,94.0,293613.41689,300043.607226,300043.607231,3158.3537603263158,0.039009999999999996,293613.41689,30117.08899610372,87.617189,68.40628017021277,19.69507232607946,0.3132877946277887,20,64,,False,False,Request timeout: 300.0s exceeded,467,21.16838264042747
168,2026-09-14T02:15:02.890+00:00,2026-09-14T02:19:56.742+00:00,2026-09-14T02:20:02.963+00:00,False,95,94.0,,94.0,293851.50968699995,300073.05439099995,300073.0544639999,3158.6637311999993,0.01656,293851.50968699995,30141.744974736874,87.9534101,66.18664578723404,20.377277457760865,0.3132570506564595,20,64,,False,False,Request timeout: 300.0s exceeded,467,21.16838264042747
169,2026-09-14T02:15:06.774+00:00,2026-09-14T02:20:00.724+00:00,2026-09-14T02:20:06.821+00:00,False,90,89.0,,89.0,293949.62761699996,300046.65699299995,300046.65704699996,3333.851744966666,0.04424,293949.62761699996,30977.79689804213,90.59091545,68.50594804494382,20.496858224012065,0.29662053525920923,20,64,,False,False,Request timeout: 300.0s exceeded,382,21.16838264042747
170,2026-09-14T02:15:11.271+00:00,2026-09-14T02:20:04.959+00:00,2026-09-14T02:20:11.295+00:00,False,96,95.0,,95.0,293687.962996,300023.76690000005,300023.76698200003,3125.2475727291667,0.027190000000000002,293687.962996,29967.602349479825,89.07336450000001,66.69267267368421,20.49749725292669,0.31664158137066567,20,64,,False,False,Request timeout: 300.0s exceeded,391,21.16838264042747
171,2026-09-14T02:15:13.827+00:00,2026-09-14T02:20:07.560+00:00,2026-09-14T02:20:13.863+00:00,False,95,94.0,,94.0,293732.644412,300035.54028400005,300035.540317,3158.2688454421054,0.020239,293732.644412,30129.461321509432,91.11043369999999,67.05208374468086,21.047606418565625,0.31329621787813494,20,64,,False,False,Request timeout: 300.0s exceeded,437,21.16838264042747
172,2026-09-14T02:15:18.335+00:00,2026-09-14T02:20:12.144+00:00,2026-09-14T02:20:18.389+00:00,False,90,89.0,,89.0,293808.972631,300054.198359,300054.198359,3333.935537322222,0.026760000000000003,293808.972631,30962.79514933866,90.100126,70.17107559550563,20.6568894526615,0.2966130801926521,20,64,,False,False,Request timeout: 300.0s exceeded,468,21.16838264042747
173,2026-09-14T02:15:21.751+00:00,2026-09-14T02:20:15.583+00:00,2026-09-14T02:20:21.797+00:00,False,90,89.0,,89.0,293832.060426,300046.312458,300046.312379,3333.847915322222,0.02547,293832.060426,30965.265335522086,89.44211750000001,69.82305653932585,20.405105409688815,0.29662087586048264,20,64,,False,False,Request timeout: 300.0s exceeded,409,21.16838264042747
174,2026-09-14T02:15:25.864+00:00,2026-09-14T02:20:19.875+00:00,2026-09-14T02:20:25.882+00:00,False,93,92.0,,92.0,294011.412536,300018.025528,300018.025487,3226.000274053764,0.0,294011.412536,30480.869083141177,90.66391019999999,65.28927165217391,68.44661135724029,0.3066482416784449,20,64,,False,False,Request timeout: 300.0s exceeded,378,21.16838264042747
175,2026-09-14T02:15:29.664+00:00,2026-09-14T02:20:23.696+00:00,2026-09-14T02:20:29.671+00:00,False,91,90.0,,90.0,294031.965409,300006.171873,300006.171878,3296.7711195384613,0.03572,294031.965409,30815.97249770259,87.1511905,66.38007182222222,19.232670263292484,0.2999938282539708,20,64,,False,False,Request timeout: 300.0s exceeded,463,21.16838264042747
176,2026-09-14T02:15:33.773+00:00,2026-09-14T02:20:27.363+00:00,2026-09-14T02:20:33.841+00:00,False,97,96.0,,96.0,293589.625521,300067.613617,300067.61360700004,3093.4805526494847,0.02118,293589.625521,29802.66520727506,88.826856,67.47904266666667,19.978145605448407,0.3199278950594528,20,64,,False,False,Request timeout: 300.0s exceeded,389,21.16838264042747
177,2026-09-14T02:15:36.977+00:00,2026-09-14T02:20:30.650+00:00,2026-09-14T02:20:37.037+00:00,False,89,88.0,,88.0,293672.82098799996,300060.16178799997,300060.161926,3371.4624935505612,0.02411,293672.82098799996,31121.568705094345,89.17295,72.58341818181819,19.05294483755282,0.2932745202682861,20,64,,False,False,Request timeout: 300.0s exceeded,218,21.16838264042747
178,2026-09-14T02:15:40.418+00:00,2026-09-14T02:20:34.095+00:00,2026-09-14T02:20:40.491+00:00,False,88,87.0,,87.0,293676.964735,300073.37459099997,300073.374633,3409.9247117386362,0.039240000000000004,293676.964735,31298.237897896277,90.31691149999999,73.52195236781608,19.057014907717313,0.2899290885723567,20,64,,False,False,Request timeout: 300.0s exceeded,451,21.16838264042747
179,2026-09-14T02:15:43.561+00:00,2026-09-14T02:20:37.123+00:00,2026-09-14T02:20:43.573+00:00,False,93,92.0,,92.0,293561.92152100004,300012.51992100006,300012.51993500005,3225.941074569893,0.020329999999999997,293561.92152100004,30433.688616441716,88.090052,70.1152,19.248703313080203,0.30665386905928343,20,64,,False,False,Request timeout: 300.0s exceeded,323,21.16838264042747
180,2026-09-14T02:15:48.260+00:00,2026-09-14T02:20:42.235+00:00,2026-09-14T02:20:48.289+00:00,False,90,89.0,,89.0,293975.08143900003,300028.91542300006,300028.91525,3333.6546138888893,0.0453,293975.08143900003,30980.531398493855,90.3299684,68.02060656179775,20.909787729170056,0.29663807528191766,20,64,,False,False,Request timeout: 300.0s exceeded,486,21.16838264042747
181,2026-09-14T02:15:52.712+00:00,2026-09-14T02:20:46.430+00:00,2026-09-14T02:20:52.787+00:00,False,95,94.0,,94.0,293718.19861900003,300074.918491,300074.91839,3158.6833514736845,0.04028,293718.19861900003,30127.92129439951,90.65241669999999,67.6246794893617,22.211288982929915,0.3132551046675342,20,64,,False,False,Request timeout: 300.0s exceeded,443,21.16838264042747
182,2026-09-14T02:15:55.981+00:00,2026-09-14T02:20:49.635+00:00,2026-09-14T02:20:56.013+00:00,False,98,97.0,,97.0,293654.51329699997,300032.34523299994,300032.34517299995,3061.554542581632,0.03707,293654.51329699997,29656.951035284885,89.99026749999999,65.75084470103093,21.18829559015687,0.3232984761182048,20,64,,False,False,Request timeout: 300.0s exceeded,424,21.16838264042747
183,2026-09-14T02:15:58.598+00:00,2026-09-14T02:20:52.477+00:00,2026-09-14T02:20:58.638+00:00,False,91,90.0,,90.0,293879.684152,300040.4542,300040.454257,3297.147848978022,0.03349,293879.684152,30799.792333926664,89.97902500000001,68.45300053333334,20.101142244507262,0.2999595512544055,20,64,,False,False,Request timeout: 300.0s exceeded,432,21.16838264042747
184,2026-09-14T02:16:01.930+00:00,2026-09-14T02:20:55.586+00:00,2026-09-14T02:21:02.015+00:00,False,95,94.0,,94.0,293655.965708,300084.32359600003,300084.323698,3158.7823547157896,0.021670000000000002,293655.965708,30121.456757341668,89.8090731,68.38678604255318,20.22223127621419,0.313245286769965,20,64,,False,False,Request timeout: 300.0s exceeded,472,21.16838264042747
185,2026-09-14T02:16:05.675+00:00,2026-09-14T02:20:59.353+00:00,2026-09-14T02:21:05.744+00:00,False,96,95.0,,95.0,293678.05686799996,300069.25917199993,300069.25907599996,3125.721448708333,0.02985,293678.05686799996,29966.53158200942,88.54631024999999,67.2758137263158,20.182757984336465,0.3165935766367388,20,64,,False,False,Request timeout: 300.0s exceeded,140,21.16838264042747
186,2026-09-14T02:16:09.960+00:00,2026-09-14T02:21:03.493+00:00,2026-09-14T02:21:09.969+00:00,False,97,96.0,,96.0,293532.34950300003,300008.288575,300008.28860200004,3092.8689546597943,0.03426,293532.34950300003,29796.85231054544,89.0303998,67.45769866666667,20.621010512273394,0.31999115909759496,20,64,,False,False,Request timeout: 300.0s exceeded,213,21.16838264042747
187,2026-09-14T02:16:13.481+00:00,2026-09-14T02:21:07.328+00:00,2026-09-14T02:21:13.496+00:00,False,89,88.0,,88.0,293847.59100099996,300015.558233,300015.55821099994,3370.961328213483,0.02249,293847.59100099996,31140.35927603589,88.81259699999998,70.09053672727273,20.24714589295325,0.29331812162773535,20,64,,False,False,Request timeout: 300.0s exceeded,307,21.16838264042747
188,2026-09-14T02:16:17.162+00:00,2026-09-14T02:21:11.314+00:00,2026-09-14T02:21:17.198+00:00,False,77,76.0,,76.0,294152.144784,300035.875984,300035.875964,3896.569817714286,0.045380000000000004,294152.144784,33513.00046501266,89.8432408,77.41751578947368,71.38315646074004,0.2533030416804318,20,64,,False,False,Request timeout: 300.0s exceeded,384,21.16838264042747
189,2026-09-14T02:16:20.287+00:00,2026-09-14T02:21:14.200+00:00,2026-09-14T02:21:20.349+00:00,False,97,96.0,,96.0,293912.738262,300061.763798,300061.763653,3093.4202438453613,0.0,293912.738262,29835.890535462826,89.59261500000001,64.05234933333334,68.09514937200915,0.31993413217628985,20,64,,False,False,Request timeout: 300.0s exceeded,434,21.16838264042747
190,2026-09-14T02:16:23.470+00:00,2026-09-14T02:21:17.395+00:00,2026-09-14T02:21:23.528+00:00,False,95,94.0,,94.0,293925.078439,300058.067623,300058.067773,3158.505976557895,0.046759999999999996,293925.078439,30149.38933327111,87.9457014,65.24456578723405,19.93936467610129,0.31327269666384644,20,64,,False,False,Request timeout: 300.0s exceeded,293,21.16838264042747
191,2026-09-14T02:16:27.520+00:00,2026-09-14T02:21:21.123+00:00,2026-09-14T02:21:27.551+00:00,False,95,94.0,,94.0,293603.068375,300031.21275899996,300031.212625,3158.2232907894736,0.03774,293603.068375,30116.028962506756,86.5215227,68.38451472340425,18.855185904181084,0.3133007367320329,20,64,,False,False,Request timeout: 300.0s exceeded,434,21.16838264042747
192,2026-09-14T02:16:30.079+00:00,2026-09-14T02:21:23.654+00:00,2026-09-14T02:21:30.099+00:00,False,96,95.0,,95.0,293574.568716,300019.934988,300019.935129,3125.20765759375,0.048119999999999996,293574.568716,29955.91104932683,88.98096949999999,67.84596075789474,19.988142194482936,0.3166456255775128,20,64,,False,False,Request timeout: 300.0s exceeded,165,21.16838264042747
193,2026-09-14T02:16:32.793+00:00,2026-09-14T02:21:26.515+00:00,2026-09-14T02:21:32.903+00:00,False,97,96.0,,96.0,293722.162625,300109.737921,300109.737971,3093.914824443299,0.02164,293722.162625,29816.218425136823,89.67278060000001,66.53724266666667,20.706294067660817,0.3198829890194058,20,64,,False,False,Request timeout: 300.0s exceeded,431,21.16838264042747
194,2026-09-14T02:16:36.049+00:00,2026-09-14T02:21:29.964+00:00,2026-09-14T02:21:36.071+00:00,False,94,93.0,,93.0,293915.317449,300022.239689,300022.23976900004,3191.725954989362,0.02691,293915.317449,30308.28510872313,90.86454464999998,65.6658305376344,21.7500530832606,0.30997702069154226,20,64,,False,False,Request timeout: 300.0s exceeded,437,21.16838264042747
195,2026-09-14T02:16:38.646+00:00,2026-09-14T02:21:33.963+00:00,2026-09-14T02:21:38.726+00:00,False,70,69.0,,69.0,295317.067598,300080.123982,300080.124166,4286.858916657143,0.0376,295317.067598,35288.895941916286,88.4556342,69.02980266666667,20.345400093238183,0.2299385880157091,20,64,,False,False,Request timeout: 300.0s exceeded,263,21.16838264042747
196,2026-09-14T02:16:41.460+00:00,2026-09-14T02:21:35.612+00:00,2026-09-14T02:21:41.511+00:00,False,87,86.0,,86.0,294152.49729,300051.648394,300051.64848800004,3448.869522850575,0.02278,294152.49729,31529.1100128749,87.4035263,68.59478027906977,19.88151415445856,0.2866173222520436,20,64,,False,False,Request timeout: 300.0s exceeded,409,21.16838264042747
197,2026-09-14T02:16:44.144+00:00,2026-09-14T02:21:37.695+00:00,2026-09-14T02:21:44.223+00:00,False,102,101.0,,101.0,293550.95058999996,300078.85458999994,300078.85465099994,2941.9495554019604,0.10451,293550.95058999996,29059.482595964433,88.86174905000001,64.63271287128713,20.18608891783194,0.3365781975474316,20,64,,False,False,Request timeout: 300.0s exceeded,449,21.16838264042747
198,2026-09-14T02:16:48.519+00:00,2026-09-14T02:21:41.988+00:00,2026-09-14T02:21:48.546+00:00,False,113,112.0,,112.0,293469.206551,300026.414359,300026.41428900004,2655.1010114070796,0.015380000000000001,293469.206551,27602.462761402112,90.9607274,58.546498285714286,198.8207568412384,0.3733004650250065,20,64,,False,False,Request timeout: 300.0s exceeded,589,21.16838264042747
199,2026-09-14T02:16:52.871+00:00,2026-09-14T02:21:47.505+00:00,2026-09-14T02:21:52.928+00:00,False,82,81.0,,81.0,294633.853498,300057.434682,300057.434721,3659.237008792683,0.03663,294633.853498,32529.478372427955,87.40863549999999,66.95779239506173,20.769449936438082,0.2699483186805338,20,64,,False,False,Request timeout: 300.0s exceeded,385,21.16838264042747
200,2026-09-14T02:16:56.652+00:00,2026-09-14T02:21:50.069+00:00,2026-09-14T02:21:56.714+00:00,False,100,99.0,,99.0,293417.10961299995,300062.71857299993,300062.71867499995,3000.6271867499995,0.03753,293417.10961299995,29335.004898562976,87.6853589,67.12736323232323,19.888196215950575,0.3299310239899565,20,64,,False,False,Request timeout: 300.0s exceeded,526,21.16838264042747
201,2026-09-14T02:17:00.764+00:00,2026-09-14T02:21:54.539+00:00,2026-09-14T02:22:00.814+00:00,False,93,92.0,,92.0,293775.593462,300050.358774,300050.358727,3226.3479433010752,0.02443,293775.593462,30456.04422023247,89.775972,68.2039707826087,20.29939918285,0.3066151974485557,20,64,,False,False,Request timeout: 300.0s exceeded,350,21.16838264042747
202,2026-09-14T02:17:03.526+00:00,2026-09-14T02:21:57.265+00:00,2026-09-14T02:22:03.566+00:00,False,93,92.0,,92.0,293738.367032,300040.11756,300040.11773999996,3226.23782516129,0.02493,293738.367032,30452.153633396905,88.319465,68.4972883478261,20.34357636143028,0.306625663088545,20,64,,False,False,Request timeout: 300.0s exceeded,423,21.16838264042747
203,2026-09-14T02:17:07.421+00:00,2026-09-14T02:22:01.331+00:00,2026-09-14T02:22:07.486+00:00,False,91,90.0,,90.0,293910.149065,300065.212361,300065.212323,3297.419915637363,0.02556,293910.149065,30802.992878621408,90.0380545,68.38959217777779,20.572340319737194,0.299934801811426,20,64,,False,False,Request timeout: 300.0s exceeded,261,21.16838264042747
204,2026-09-14T02:17:10.751+00:00,2026-09-14T02:22:04.392+00:00,2026-09-14T02:22:10.800+00:00,False,98,97.0,,97.0,293640.970248,300048.946184,300048.946251,3061.7239413367347,0.033929,293640.970248,29655.55136100265,90.54128755000002,66.06160758762887,20.863113191962135,0.3232805888293851,20,64,,False,False,Request timeout: 300.0s exceeded,236,21.16838264042747
205,2026-09-14T02:17:15.073+00:00,2026-09-14T02:22:08.796+00:00,2026-09-14T02:22:15.099+00:00,False,102,101.0,,101.0,293723.031702,300025.449622,300025.449509,2941.4259755784315,0.0,293723.031702,29076.81044775564,88.40571410000001,62.40017742574258,66.44649575937514,0.33663810895792073,20,64,,False,False,Request timeout: 300.0s exceeded,287,21.16838264042747
206,2026-09-14T02:17:18.828+00:00,2026-09-14T02:22:12.501+00:00,2026-09-14T02:22:18.855+00:00,False,98,97.0,,97.0,293673.335542,300027.108598,300027.10868,3061.501108979592,0.02392,293673.335542,29658.876959749952,87.89767435,65.50281501030928,20.522198145160157,0.32330411892869404,20,64,,False,False,Request timeout: 300.0s exceeded,321,21.16838264042747
207,2026-09-14T02:17:22.745+00:00,2026-09-14T02:22:16.280+00:00,2026-09-14T02:22:22.781+00:00,False,95,94.0,,94.0,293535.26744,300036.1852,300036.18520600005,3158.275633747369,0.020989999999999998,293535.26744,30108.993707180445,88.88200140000001,69.15869957446809,19.49372227731831,0.3132955444602153,20,64,,False,False,Request timeout: 300.0s exceeded,395,21.16838264042747
208,2026-09-14T02:17:27.331+00:00,2026-09-14T02:22:20.580+00:00,2026-09-14T02:22:27.346+00:00,False,103,102.0,,102.0,293249.00812300004,300015.06226700003,300015.06222,2912.7675943689324,0.03585,293249.00812300004,28888.15467401712,90.82394800000002,66.33386415686275,20.771111313441605,0.33998293028776183,20,64,,False,False,Request timeout: 300.0s exceeded,519,21.16838264042747
209,2026-09-14T02:17:32.040+00:00,2026-09-14T02:22:26.217+00:00,2026-09-14T02:22:32.108+00:00,False,86,85.0,,85.0,294177.13051499997,300068.22299499996,300068.2228,3489.1653813953485,0.02238,294177.13051499997,31714.46841769822,89.7136705,69.30697035294116,19.922377826451818,0.28326891515405933,20,64,,False,False,Request timeout: 300.0s exceeded,417,21.16838264042747
210,2026-09-14T02:17:35.598+00:00,2026-09-14T02:22:29.356+00:00,2026-09-14T02:22:35.684+00:00,False,90,89.0,,89.0,293757.389217,300085.734817,300085.734779,3334.2859419888887,0.0221,293757.389217,30957.259717342502,93.20673825,71.10500674157304,21.22649268458472,0.2965819086811124,20,64,,False,False,Request timeout: 300.0s exceeded,408,21.16838264042747
211,2026-09-14T02:17:40.139+00:00,2026-09-14T02:22:33.474+00:00,2026-09-14T02:22:40.164+00:00,False,98,97.0,,97.0,293334.835288,300024.95292,300024.952825,3061.4791104591836,0.0402,293334.835288,29624.333524302263,90.24328784999997,68.9702848659794,21.257011417677653,0.323306441867402,20,64,,False,False,Request timeout: 300.0s exceeded,429,21.16838264042747
212,2026-09-14T02:17:43.769+00:00,2026-09-14T02:22:37.936+00:00,2026-09-14T02:22:43.787+00:00,False,84,83.0,,83.0,294167.16664600006,300017.87538200006,300017.87526700005,3571.641372226191,0.03762,294167.16664600006,32088.58507998353,91.300052,70.49046669879519,21.2924307286479,0.27665018257435364,20,64,,False,False,Request timeout: 300.0s exceeded,397,21.16838264042747
213,2026-09-14T02:17:48.071+00:00,2026-09-14T02:22:42.067+00:00,2026-09-14T02:22:48.148+00:00,False,91,90.0,,90.0,293995.824185,300076.44498499995,300076.44520099997,3297.5433538571424,0.02258,293995.824185,30812.061131153987,91.2342725,67.56245333333332,21.101983055323526,0.29992357448949003,20,64,,False,False,Request timeout: 300.0s exceeded,341,21.16838264042747
214,2026-09-14T02:17:51.736+00:00,2026-09-14T02:22:45.094+00:00,2026-09-14T02:22:51.761+00:00,False,99,98.0,,98.0,293357.35840100003,300024.38508900005,300024.385038,3030.549343818182,0.01925,293357.35840100003,29476.69252819706,87.0797308,68.03088457142857,18.95378783171219,0.3266401161723205,20,64,,False,False,Request timeout: 300.0s exceeded,479,21.16838264042747
215,2026-09-14T02:17:56.234+00:00,2026-09-14T02:22:50.314+00:00,2026-09-14T02:22:56.242+00:00,False,90,89.0,,89.0,294080.07642299996,300008.49626299995,300008.49618099997,3333.427735344444,0.02888,294080.07642299996,30991.746632548453,87.50333795,66.6114588764045,19.763736904831124,0.29665826504453024,20,64,,False,False,Request timeout: 300.0s exceeded,457,21.16838264042747
216,2026-09-14T02:18:00.464+00:00,2026-09-14T02:22:53.988+00:00,2026-09-14T02:23:00.529+00:00,False,95,94.0,,94.0,293524.430436,300065.800804,300065.800848,3158.587377347368,0.04292,293524.430436,30107.838721432763,90.7503617,69.58904646808512,21.02560694749694,0.3132646231197799,20,64,,False,False,Request timeout: 300.0s exceeded,403,21.16838264042747
217,2026-09-14T02:18:03.032+00:00,2026-09-14T02:22:56.954+00:00,2026-09-14T02:23:03.044+00:00,False,89,88.0,,88.0,293921.66387,300011.69267,300011.69271599996,3370.917895685393,0.05053,293921.66387,31148.30526365093,89.55481680000001,69.20487272727273,20.861422771194615,0.2933219009460282,20,64,,False,False,Request timeout: 300.0s exceeded,359,21.16838264042747
218,2026-09-14T02:18:07.339+00:00,2026-09-14T02:23:00.914+00:00,2026-09-14T02:23:07.369+00:00,False,100,99.0,,99.0,293575.035531,300029.987467,300029.987576,3000.29987576,0.0,293575.035531,29351.05913402228,89.7419773,65.2015347070707,67.01593817045978,0.32996701708321374,20,64,,False,False,Request timeout: 300.0s exceeded,395,21.16838264042747
219,2026-09-14T02:18:12.012+00:00,2026-09-14T02:23:05.326+00:00,2026-09-14T02:23:12.044+00:00,False,105,104.0,,104.0,293313.830791,300031.812743,300031.8127,2857.4458352380952,0.0,293313.830791,28618.26861111033,89.6926722,64.5959803076923,65.23957759570158,0.3466299091726113,20,64,,False,False,Request timeout: 300.0s exceeded,484,21.16838264042747
220,2026-09-14T02:18:16.261+00:00,2026-09-14T02:23:09.801+00:00,2026-09-14T02:23:16.337+00:00,False,92,91.0,,91.0,293539.765731,300076.271587,300076.271663,3261.6986050326086,0.03259,293539.765731,30596.153490355322,89.0683655,71.82973468131868,19.476661013503687,0.30325623388591294,20,64,,False,False,Request timeout: 300.0s exceeded,396,21.16838264042747
221,2026-09-14T02:18:20.221+00:00,2026-09-14T02:23:13.703+00:00,2026-09-14T02:23:20.273+00:00,False,92,91.0,,91.0,293482.26744,300052.691248,300052.69145000004,3261.4422983695654,0.043088999999999995,293482.26744,30590.12037369841,90.87254854999999,72.20245942857143,20.02902081657506,0.30328006598276613,20,64,,False,False,Request timeout: 300.0s exceeded,414,21.16838264042747
222,2026-09-14T02:18:23.306+00:00,2026-09-14T02:23:16.857+00:00,2026-09-14T02:23:23.347+00:00,False,100,99.0,,99.0,293551.00827,300041.089294,300041.089311,3000.41089311,0.07629999999999999,293551.00827,29348.55252904653,90.088791,65.55637397979798,20.86149600723792,0.32995480796629584,20,64,,False,False,Request timeout: 300.0s exceeded,420,21.16838264042747
223,2026-09-14T02:18:26.524+00:00,2026-09-14T02:23:20.144+00:00,2026-09-14T02:23:26.591+00:00,False,99,98.0,,98.0,293619.49741,300066.846914,300066.846761,3030.9782501111113,0.031030000000000002,293619.49741,29503.26449111767,88.84674290000001,65.78928065306123,20.04952800081873,0.32659389402017835,20,64,,False,False,Request timeout: 300.0s exceeded,377,21.16838264042747
224,2026-09-14T02:18:29.214+00:00,2026-09-14T02:23:22.562+00:00,2026-09-14T02:23:29.253+00:00,False,100,99.0,,99.0,293347.698648,300039.166168,300039.166413,3000.39166413,0.03195,293347.698648,29328.018133514146,90.53890395,67.590581010101,20.836547019070345,0.32995692283909106,20,64,,False,False,Request timeout: 300.0s exceeded,145,21.16838264042747
225,2026-09-14T02:18:32.042+00:00,2026-09-14T02:23:25.593+00:00,2026-09-14T02:23:32.069+00:00,False,100,99.0,,99.0,293551.047044,300027.159684,300027.159723,3000.27159723,0.03384,293551.047044,29348.570534599283,91.2172494,65.4152791919192,20.888025655189725,0.3299701270520661,20,64,,False,False,Request timeout: 300.0s exceeded,501,21.16838264042747
226,2026-09-14T02:18:36.698+00:00,2026-09-14T02:23:30.208+00:00,2026-09-14T02:23:36.734+00:00,False,97,96.0,,96.0,293509.86275800003,300035.44663,300035.44659400004,3093.1489339587633,0.02496,293509.86275800003,29794.516736046768,89.4912308,67.974832,20.788034034796343,0.31996219472823156,20,64,,False,False,Request timeout: 300.0s exceeded,213,21.16838264042747
227,2026-09-14T02:18:39.643+00:00,2026-09-14T02:23:33.187+00:00,2026-09-14T02:23:39.655+00:00,False,97,96.0,,96.0,293543.86539999995,300012.02565599995,300012.02568699996,3092.907481309278,0.02702,293543.86539999995,29798.029911374862,91.2238388,67.37666933333333,20.78338842612237,0.3199871731477711,20,64,,False,False,Request timeout: 300.0s exceeded,506,21.16838264042747
228,2026-09-14T02:18:44.342+00:00,2026-09-14T02:23:38.185+00:00,2026-09-14T02:23:44.417+00:00,False,93,92.0,,92.0,293842.587658,300075.392522,300075.392692,3226.61712572043,0.023100000000000002,293842.587658,30463.037746757178,88.1727604,67.74787895652173,19.142654624178494,0.3065896181182368,20,64,,False,False,Request timeout: 300.0s exceeded,378,21.16838264042747
229,2026-09-14T02:18:48.701+00:00,2026-09-14T02:23:42.497+00:00,2026-09-14T02:23:48.740+00:00,False,95,94.0,,94.0,293796.41579400003,300039.18161800003,300039.18162700004,3158.307175021053,0.03435,293796.41579400003,30136.068459837825,84.79020670000001,66.41240238297873,19.080457677344473,0.31329241565415844,20,64,,False,False,Request timeout: 300.0s exceeded,416,21.16838264042747
230,2026-09-14T02:18:52.336+00:00,2026-09-14T02:23:46.219+00:00,2026-09-14T02:23:52.348+00:00,False,91,90.0,,90.0,293882.573799,300012.302567,300012.302661,3296.8384907802197,0.03463,293882.573799,30800.131184577185,89.31011150000002,68.10809742222223,19.75384721339974,0.29998769793748986,20,64,,False,False,Request timeout: 300.0s exceeded,307,21.16838264042747
231,2026-09-14T02:18:56.030+00:00,2026-09-14T02:23:49.460+00:00,2026-09-14T02:23:56.058+00:00,False,94,93.0,,93.0,293429.94596100005,300027.95735300006,300027.95727400004,3191.786779510639,0.03333,293429.94596100005,30257.67727457165,91.7893865,70.94635905376343,20.36162838856605,0.30997111342720696,20,64,,False,False,Request timeout: 300.0s exceeded,342,21.16838264042747
232,2026-09-14T02:18:59.791+00:00,2026-09-14T02:23:53.286+00:00,2026-09-14T02:23:59.837+00:00,False,102,101.0,,101.0,293495.50146,300046.696596,300046.696533,2941.634279735294,0.02116,293495.50146,29053.97027193921,91.10665555,64.86331817821782,21.30337295583954,0.33661427086461865,20,64,,False,False,Request timeout: 300.0s exceeded,526,21.16838264042747
233,2026-09-14T02:19:04.429+00:00,2026-09-14T02:23:58.245+00:00,2026-09-14T02:24:04.454+00:00,False,104,103.0,,103.0,293816.518321,300025.603249,300025.603389,2884.8615710480767,0.0,293816.518321,28805.242941698365,93.67152415000001,60.282377941747576,65.66048445914514,0.34330403433775386,20,64,,False,False,Request timeout: 300.0s exceeded,494,21.16838264042747
234,2026-09-14T02:19:08.528+00:00,2026-09-14T02:24:02.523+00:00,2026-09-14T02:24:08.538+00:00,False,91,90.0,,90.0,293994.734475,300010.194571,300010.194722,3296.8153266153845,0.03579,293994.734475,30812.022176237686,89.04730149999999,66.8384455111111,20.16729415541118,0.29998980577541917,20,64,,False,False,Request timeout: 300.0s exceeded,419,21.16838264042747
235,2026-09-14T02:19:12.636+00:00,2026-09-14T02:24:06.287+00:00,2026-09-14T02:24:12.662+00:00,False,96,95.0,,95.0,293650.715893,300025.44203700003,300025.44213000004,3125.2650221875,0.03499,293650.715893,29963.758322423866,87.95907925000002,67.10238046315789,19.44242961006684,0.31663981346050085,20,64,,False,False,Request timeout: 300.0s exceeded,313,21.16838264042747
236,2026-09-14T02:19:16.557+00:00,2026-09-14T02:24:09.998+00:00,2026-09-14T02:24:16.596+00:00,False,98,97.0,,97.0,293440.929945,300039.043481,300039.043351,3061.6228913367345,0.04132,293440.929945,29635.145750389765,88.2892225,68.02178903092783,20.154279572982055,0.32329125861295627,20,64,,False,False,Request timeout: 300.0s exceeded,417,21.16838264042747
237,2026-09-14T02:19:20.330+00:00,2026-09-14T02:24:14.234+00:00,2026-09-14T02:24:20.337+00:00,False,88,87.0,,87.0,293904.56616399996,300006.74805199995,300006.748139,3409.167592488636,0.03933,293904.56616399996,31322.860931267835,88.6372337,70.14002170114942,19.270425209548744,0.28999347702979117,20,64,,False,False,Request timeout: 300.0s exceeded,283,21.16838264042747
238,2026-09-14T02:19:23.531+00:00,2026-09-14T02:24:17.406+00:00,2026-09-14T02:24:23.602+00:00,False,91,90.0,,90.0,293874.484994,300070.185474,300070.185661,3297.4745677032965,0.041460000000000004,293874.484994,30799.2063782096,88.78116699999998,68.84111644444445,19.709622708997806,0.29992983094216197,20,64,,False,False,Request timeout: 300.0s exceeded,368,21.16838264042747
239,2026-09-14T02:19:26.373+00:00,2026-09-14T02:24:19.835+00:00,2026-09-14T02:24:26.684+00:00,False,101,100.0,,100.0,293461.974892,300311.211116,300311.21115800005,2973.37832829703,0.019329,293461.974892,29193.748809203353,86.561777,68.49236223999999,19.06197276942104,0.33298790154515207,20,64,,False,False,Request timeout: 300.0s exceeded,516,21.16838264042747
240,2026-09-14T02:19:29.665+00:00,2026-09-14T02:24:23.264+00:00,2026-09-14T02:24:29.685+00:00,False,98,97.0,,97.0,293599.58481000003,300019.824426,300019.824303,3061.426778602041,0.023649999999999997,293599.58481000003,29651.357497415258,88.23532985,66.18803727835052,20.083212355313112,0.32331196841935717,20,64,,False,False,Request timeout: 300.0s exceeded,410,21.16838264042747
241,2026-09-14T02:19:34.002+00:00,2026-09-14T02:24:27.851+00:00,2026-09-14T02:24:34.039+00:00,False,92,91.0,,91.0,293848.31866600004,300037.01857,300037.01850700006,3261.2719402934786,0.027329,293848.31866600004,30628.721022274978,87.41439044999998,68.00769125274725,19.785054615999922,0.30329590806398876,20,64,,False,False,Request timeout: 300.0s exceeded,464,21.16838264042747
242,2026-09-14T02:19:37.149+00:00,2026-09-14T02:24:30.862+00:00,2026-09-14T02:24:37.189+00:00,False,94,93.0,,93.0,293712.160621,300039.50116499997,300039.501238,3191.9095876382976,0.036289999999999996,293712.160621,30287.08555831274,88.40658080000001,68.03591982795699,20.183383502072513,0.3099591875033039,20,64,,False,False,Request timeout: 300.0s exceeded,426,21.16838264042747
243,2026-09-14T02:19:41.623+00:00,2026-09-14T02:24:35.541+00:00,2026-09-14T02:24:41.657+00:00,False,88,87.0,,87.0,293917.721041,300034.040017,300034.040094,3409.477728340909,0.03527,293917.721041,31324.24665624353,90.23436534999999,70.30251696551724,20.439774500225123,0.28996709838347196,20,64,,False,False,Request timeout: 300.0s exceeded,413,21.16838264042747
244,2026-09-14T02:19:46.193+00:00,2026-09-14T02:24:39.718+00:00,2026-09-14T02:24:47.579+00:00,False,83,82.0,,82.0,293524.887371,301385.73217100004,301385.732191,3631.1533998915666,0.043429999999999996,293524.887371,32208.86204787204,89.73386919999999,95.86396097560974,234.38627663846492,0.27207658242253785,20,64,,False,False,Request timeout: 300.0s exceeded,318,21.16838264042747
245,2026-09-14T02:19:49.328+00:00,2026-09-14T02:24:42.565+00:00,2026-09-14T02:24:49.393+00:00,False,113,112.0,,112.0,293236.340902,300064.545446,300064.545492,2655.438455681416,0.01525,293236.340902,27580.399500375483,90.22303899999999,60.966112,208.38109461927917,0.3732530273895876,20,64,,False,False,Request timeout: 300.0s exceeded,544,21.16838264042747
246,2026-09-14T02:19:52.655+00:00,2026-09-14T02:24:47.826+00:00,2026-09-14T02:24:52.703+00:00,False,73,72.0,,72.0,295171.145326,300047.683438,300047.683558,4110.242240520548,0.037340000000000005,295171.145326,34539.24929619615,93.5108386,67.729696,22.127552339169778,0.2399618593118638,20,64,,False,False,Request timeout: 300.0s exceeded,345,21.16838264042747
247,2026-09-14T02:19:55.257+00:00,2026-09-14T02:24:49.039+00:00,2026-09-14T02:24:55.267+00:00,False,90,89.0,,89.0,293782.00742900005,300010.755461,300010.755416,3333.452837955556,0.03494,293782.00742900005,30959.971984196844,90.47038545000001,69.98593294382022,20.197490192594397,0.29665603109209054,20,64,,False,False,Request timeout: 300.0s exceeded,413,21.16838264042747
248,2026-09-14T02:19:59.379+00:00,2026-09-14T02:24:52.952+00:00,2026-09-14T02:24:59.459+00:00,False,100,99.0,,99.0,293573.473121,300080.435297,300080.43538,3000.8043537999997,0.0,293573.473121,29350.84971116208,86.7721025,65.72689066666666,66.72912934857726,0.3299115448896769,20,64,,False,False,Request timeout: 300.0s exceeded,464,21.16838264042747
249,2026-09-14T02:20:02.699+00:00,2026-09-14T02:24:56.338+00:00,2026-09-14T02:25:02.765+00:00,False,100,99.0,,99.0,293638.632736,300065.4792,300065.479185,3000.65479185,0.0,293638.632736,29357.447582683082,87.78970599999998,64.91764105050505,67.17291002037264,0.3299279885974967,20,64,,False,False,Request timeout: 300.0s exceeded,530,21.16838264042747
250,2026-09-14T02:20:06.578+00:00,2026-09-14T02:24:59.947+00:00,2026-09-14T02:25:06.610+00:00,False,101,100.0,,100.0,293368.57125800004,300031.29535400006,300031.29525900004,2970.606883752476,0.020739999999999998,293368.57125800004,29184.64093844513,88.58647300000001,66.62724096,19.893849970046517,0.3332985643448037,20,64,,False,False,Request timeout: 300.0s exceeded,437,21.16838264042747
251,2026-09-14T02:20:09.161+00:00,2026-09-14T02:25:03.025+00:00,2026-09-14T02:25:09.171+00:00,False,91,90.0,,90.0,293863.95690499997,300009.47575299995,300009.475706,3296.807425340659,0.02019,293863.95690499997,30798.16126007162,89.3235815,68.28354275555556,19.828351346942565,0.29999052454629027,20,64,,False,False,Request timeout: 300.0s exceeded,222,21.16838264042747
252,2026-09-14T02:20:12.007+00:00,2026-09-14T02:25:05.841+00:00,2026-09-14T02:25:12.062+00:00,False,92,91.0,,91.0,293833.760721,300054.740945,300054.741074,3261.4645768913047,0.02017,293833.760721,30627.166463394344,89.15050654999999,68.36242004395604,20.087549455144973,0.30327799425332286,20,64,,False,False,Request timeout: 300.0s exceeded,486,21.16838264042747
253,2026-09-14T02:20:15.204+00:00,2026-09-14T02:25:09.088+00:00,2026-09-14T02:25:15.243+00:00,False,90,89.0,,89.0,293884.311236,300039.342788,300039.34272899997,3333.7704747666667,0.04152,293884.311236,30970.842852591773,89.0519799,69.15765788764044,19.87657139150008,0.29662776612227515,20,64,,False,False,Request timeout: 300.0s exceeded,172,21.16838264042747
254,2026-09-14T02:20:18.363+00:00,2026-09-14T02:25:12.306+00:00,2026-09-14T02:25:18.415+00:00,False,88,87.0,,87.0,293942.585585,300052.091889,300052.09193399997,3409.6828628863636,0.03329,293942.585585,31326.905613885046,89.76851685,70.2242103908046,20.50380252794172,0.2899496532494911,20,64,,False,False,Request timeout: 300.0s exceeded,433,21.16838264042747
255,2026-09-14T02:20:21.411+00:00,2026-09-14T02:25:15.081+00:00,2026-09-14T02:25:21.462+00:00,False,91,90.0,,90.0,293669.511885,300050.64750099997,300050.647419,3297.2598617472527,0.04292,293669.511885,30777.50353049847,88.7432725,70.90150684444444,19.953476713816627,0.29994936104812125,20,64,,False,False,Request timeout: 300.0s exceeded,418,21.16838264042747
256,2026-09-14T02:20:25.500+00:00,2026-09-14T02:25:19.018+00:00,2026-09-14T02:25:25.517+00:00,False,100,99.0,,99.0,293518.47414600005,300017.343906,300017.343761,3000.1734376100003,0.02081,293518.47414600005,29345.290181122997,87.41916084999998,65.6451490909091,20.777480235430296,0.3299809228063102,20,64,,False,False,Request timeout: 300.0s exceeded,454,21.16838264042747
257,2026-09-14T02:20:29.204+00:00,2026-09-14T02:25:23.071+00:00,2026-09-14T02:25:29.279+00:00,False,92,91.0,,91.0,293866.483664,300075.067088,300075.067054,3261.685511456522,0.021929999999999998,293866.483664,30630.592418323104,89.0853551,68.22619147252747,20.317522809818495,0.30325745115409186,20,64,,False,False,Request timeout: 300.0s exceeded,390,21.16838264042747
258,2026-09-14T02:20:32.683+00:00,2026-09-14T02:25:26.682+00:00,2026-09-14T02:25:32.722+00:00,False,86,85.0,,85.0,293998.811986,300038.051154,300038.051245,3488.8145493604648,0.03638,293998.811986,31695.0525458461,91.37545725,71.04987256470588,20.939934971667068,0.28329740068992854,20,64,,False,False,Request timeout: 300.0s exceeded,164,21.16838264042747
259,2026-09-14T02:20:35.221+00:00,2026-09-14T02:25:29.111+00:00,2026-09-14T02:25:35.264+00:00,False,86,85.0,,85.0,293889.999779,300043.039395,300043.039286,3488.872549837209,0.03811,293889.999779,31683.174073355014,91.58071125000001,72.38870136470588,20.026400440506656,0.2832926908465934,20,64,,False,False,Request timeout: 300.0s exceeded,369,21.16838264042747
260,2026-09-14T02:20:39.480+00:00,2026-09-14T02:25:33.313+00:00,2026-09-14T02:25:39.554+00:00,False,91,90.0,,90.0,293832.880323,300073.26585900004,300073.265884,3297.5084163076926,0.02048,293832.880323,30794.792878968325,88.625283,69.33761706666667,19.553646227478005,0.29992675202958485,20,64,,False,False,Request timeout: 300.0s exceeded,434,21.16838264042747
261,2026-09-14T02:20:43.763+00:00,2026-09-14T02:25:37.677+00:00,2026-09-14T02:25:43.846+00:00,False,90,89.0,,89.0,293913.709455,300083.031951,300083.031917,3334.2559101888887,0.022449999999999998,293913.709455,30973.924874600467,88.11170399999999,69.31823029213484,20.039983812067586,0.29658458001228355,20,64,,False,False,Request timeout: 300.0s exceeded,437,21.16838264042747
262,2026-09-14T02:20:46.913+00:00,2026-09-14T02:25:40.719+00:00,2026-09-14T02:25:46.980+00:00,False,92,91.0,,91.0,293805.399625,300066.91360900004,300066.913614,3261.5968871086957,0.03768,293805.399625,30624.1635578153,90.59419705,68.80784597802197,20.666759339159125,0.30326569132702474,20,64,,False,False,Request timeout: 300.0s exceeded,385,21.16838264042747
263,2026-09-14T02:20:49.817+00:00,2026-09-14T02:25:44.066+00:00,2026-09-14T02:25:49.825+00:00,False,81,80.0,,80.0,294249.15518,300008.18724400003,300008.187302,3703.8047815061727,0.0221,294249.15518,32686.35758028656,90.34843,71.98790079999999,19.3577683700761,0.26665938931504923,20,64,,False,False,Request timeout: 300.0s exceeded,378,21.16838264042747
264,2026-09-14T02:20:54.382+00:00,2026-09-14T02:25:47.996+00:00,2026-09-14T02:25:54.419+00:00,False,101,100.0,,100.0,293614.410227,300037.761779,300037.761791,2970.670908821782,0.0,293614.410227,29209.412224759813,88.536083,64.23351552,67.80948054434215,0.33329138108174994,20,64,,False,False,Request timeout: 300.0s exceeded,462,21.16838264042747
265,2026-09-14T02:20:58.575+00:00,2026-09-14T02:25:52.776+00:00,2026-09-14T02:25:58.633+00:00,False,88,87.0,,87.0,294200.722251,300057.777227,300057.777149,3409.7474676022725,0.067459,294200.722251,31354.732841381207,91.67789355000001,67.32247098850576,21.1821030088956,0.2899441594349434,20,64,,False,False,Request timeout: 300.0s exceeded,358,21.16838264042747
266,2026-09-14T02:21:01.429+00:00,2026-09-14T02:25:55.333+00:00,2026-09-14T02:26:01.522+00:00,False,91,90.0,,90.0,293903.46855,300092.855814,300092.855988,3297.723692175824,0.03585,293903.46855,30802.252380612877,89.56607550000001,68.7709696,20.251183634745583,0.2999071729177809,20,64,,False,False,Request timeout: 300.0s exceeded,367,21.16838264042747
267,2026-09-14T02:21:05.431+00:00,2026-09-14T02:25:59.115+00:00,2026-09-14T02:26:05.455+00:00,False,92,91.0,,91.0,293683.988555,300023.422539,300023.422557,3261.124158228261,0.03993,293683.988555,30611.416232379775,89.79431509999999,69.66410971428571,20.55026305876275,0.30330965239279256,20,64,,False,False,Request timeout: 300.0s exceeded,370,21.16838264042747
268,2026-09-14T02:21:10.072+00:00,2026-09-14T02:26:03.996+00:00,2026-09-14T02:26:10.107+00:00,False,93,92.0,,92.0,293923.354813,300034.45855700003,300034.458486,3226.176972967742,0.023260000000000003,293923.354813,30471.55115542717,89.7896286,66.42504069565217,20.799780143802373,0.30663144640941964,20,64,,False,False,Request timeout: 300.0s exceeded,450,21.16838264042747
269,2026-09-14T02:21:12.698+00:00,2026-09-14T02:26:06.474+00:00,2026-09-14T02:26:12.782+00:00,False,94,93.0,,93.0,293776.03115600004,300083.53067600005,300083.530604,3192.3779851489367,0.02085,293776.03115600004,30293.69531468242,88.87310915,67.82257548387096,20.19880428493817,0.30991370899461995,20,64,,False,False,Request timeout: 300.0s exceeded,455,21.16838264042747
270,2026-09-14T02:21:17.033+00:00,2026-09-14T02:26:10.748+00:00,2026-09-14T02:26:17.318+00:00,False,94,93.0,,93.0,293715.44194499997,300284.591897,300284.59182,3194.516934255319,0.02687,293715.44194499997,30287.155426747475,89.1937831,70.63602098924731,19.575835472834665,0.3097062004163695,20,64,,False,False,Request timeout: 300.0s exceeded,448,21.16838264042747
271,2026-09-14T02:21:21.254+00:00,2026-09-14T02:26:14.918+00:00,2026-09-14T02:26:21.291+00:00,False,97,96.0,,96.0,293663.729925,300036.702981,300036.702995,3093.1618865463915,0.02605,293663.729925,29810.30094988072,89.964192,66.385136,20.736818874163045,0.3199608549427343,20,64,,False,False,Request timeout: 300.0s exceeded,398,21.16838264042747
272,2026-09-14T02:21:25.683+00:00,2026-09-14T02:26:19.421+00:00,2026-09-14T02:26:25.724+00:00,False,92,91.0,,91.0,293737.47597100004,300040.77913900005,300040.778928,3261.312814434783,0.02609,293737.47597100004,30617.034264242837,89.90264555,69.26706778021978,20.83416081674272,0.30329210669674467,20,64,,False,False,Request timeout: 300.0s exceeded,445,21.16838264042747
273,2026-09-14T02:21:30.291+00:00,2026-09-14T02:26:23.730+00:00,2026-09-14T02:26:30.359+00:00,False,100,99.0,,99.0,293439.029174,300067.466166,300067.466384,3000.6746638400004,0.0245,293439.029174,29337.214798282963,88.71826845,66.95390901010101,20.761363483237794,0.32992580390315396,20,64,,False,False,Request timeout: 300.0s exceeded,473,21.16838264042747
274,2026-09-14T02:21:33.227+00:00,2026-09-14T02:26:26.827+00:00,2026-09-14T02:26:33.275+00:00,False,96,95.0,,95.0,293600.29412599996,300048.940526,300048.94053499994,3125.509797239583,0.022920000000000003,293600.29412599996,29958.533713074583,88.55071025000001,67.88048842105263,20.876465039438784,0.3166150156486489,20,64,,False,False,Request timeout: 300.0s exceeded,427,21.16838264042747
275,2026-09-14T02:21:36.443+00:00,2026-09-14T02:26:30.145+00:00,2026-09-14T02:26:36.480+00:00,False,94,93.0,,93.0,293702.22591000004,300036.539638,300036.53978200007,3191.8780827872342,0.0448,293702.22591000004,30286.05308902029,88.82326014999998,68.11090030107526,20.10951305666248,0.30996224697233987,20,64,,False,False,Request timeout: 300.0s exceeded,440,21.16838264042747
276,2026-09-14T02:21:39.025+00:00,2026-09-14T02:26:32.687+00:00,2026-09-14T02:26:39.108+00:00,False,97,96.0,,96.0,293662.398646,300083.41215,300083.412274,3093.643425505155,0.03186,293662.398646,29810.11497538067,89.31748099999999,66.88555733333334,20.74634342512936,0.31991105177121,20,64,,False,False,Request timeout: 300.0s exceeded,276,21.16838264042747
277,2026-09-14T02:21:42.210+00:00,2026-09-14T02:26:35.916+00:00,2026-09-14T02:26:42.249+00:00,False,95,94.0,,94.0,293706.339494,300039.354022,300039.353969,3158.3089891473687,0.03594,293706.339494,30126.72962254074,88.58554900000001,67.37249497872341,21.049682299567017,0.313292235634888,20,64,,False,False,Request timeout: 300.0s exceeded,430,21.16838264042747
278,2026-09-14T02:21:46.346+00:00,2026-09-14T02:26:38.769+00:00,2026-09-14T02:26:46.459+00:00,False,109,108.0,,108.0,292422.852846,300112.82199799997,300112.82200499997,2753.3286422477063,0.0363,292422.852846,28002.267254735434,91.3822708,71.20341807407408,57.1701679086615,0.3598646644984723,20,64,,False,False,Request timeout: 300.0s exceeded,508,21.16838264042747
279,2026-09-14T02:21:48.728+00:00,2026-09-14T02:26:42.681+00:00,2026-09-14T02:26:48.762+00:00,False,99,98.0,,98.0,293952.561207,300034.141751,300034.141613,3030.647895080808,0.0,293952.561207,29537.175963326463,92.4198846,62.05694432653061,64.14034884607956,0.32662949432378513,20,64,,False,False,Request timeout: 300.0s exceeded,453,21.16838264042747
280,2026-09-14T02:21:52.854+00:00,2026-09-14T02:26:47.657+00:00,2026-09-14T02:26:52.932+00:00,False,81,80.0,,80.0,294803.422253,300078.427181,300078.427022,3704.67193854321,0.03706,294803.422253,32748.615629371965,87.25530599999998,65.9375616,20.30969022976315,0.2665969718367857,20,64,,False,False,Request timeout: 300.0s exceeded,385,21.16838264042747
281,2026-09-14T02:21:56.957+00:00,2026-09-14T02:26:50.523+00:00,2026-09-14T02:26:56.992+00:00,False,98,97.0,,97.0,293566.096917,300034.203669,300034.203506,3061.5735051632655,0.02144,293566.096917,29647.92482351988,87.91527685000001,66.6815129072165,20.026261063472962,0.32329647358142916,20,64,,False,False,Request timeout: 300.0s exceeded,499,21.16838264042747
282,2026-09-14T02:22:00.620+00:00,2026-09-14T02:26:54.659+00:00,2026-09-14T02:27:00.687+00:00,False,89,88.0,,88.0,294039.045691,300066.371899,300066.37186,3371.5322680898876,0.02106,294039.045691,31160.822875949147,88.7725044,68.49234327272727,20.30845858742442,0.2932684507200297,20,64,,False,False,Request timeout: 300.0s exceeded,418,21.16838264042747
283,2026-09-14T02:22:04.869+00:00,2026-09-14T02:26:58.352+00:00,2026-09-14T02:27:04.881+00:00,False,93,92.0,,92.0,293482.883537,300011.68916899996,300011.68917699996,3225.932141688172,0.02219,293482.883537,30425.404264004253,87.92426400000001,70.96527860869566,18.684481571884696,0.30665471820391427,20,64,,False,False,Request timeout: 300.0s exceeded,378,21.16838264042747
284,2026-09-14T02:22:08.188+00:00,2026-09-14T02:27:01.911+00:00,2026-09-14T02:27:08.212+00:00,False,93,92.0,,92.0,293722.90377,300024.26082599995,300024.260771,3226.0673201182794,0.02823,293722.90377,30450.550115917784,88.58303459999999,68.49301147826087,19.578608452670533,0.30664186871659593,20,64,,False,False,Request timeout: 300.0s exceeded,393,21.16838264042747
285,2026-09-14T02:22:12.105+00:00,2026-09-14T02:27:06.172+00:00,2026-09-14T02:27:12.376+00:00,False,91,90.0,,90.0,294067.244335,300271.377199,300271.377221,3299.685463967033,0.03538,294067.244335,30819.403470931527,88.7392325,68.9348096,20.099330121017108,0.2997288680644175,20,64,,False,False,Request timeout: 300.0s exceeded,462,21.16838264042747
286,2026-09-14T02:22:14.727+00:00,2026-09-14T02:27:08.871+00:00,2026-09-14T02:27:14.807+00:00,False,89,88.0,,88.0,294143.229845,300079.580565,300079.580627,3371.6806812022473,0.03591,294143.229845,31171.976039798832,88.52163300000001,67.45853090909091,20.4387305081834,0.2932555418609644,20,64,,False,False,Request timeout: 300.0s exceeded,423,21.16838264042747
287,2026-09-14T02:22:18.108+00:00,2026-09-14T02:27:12.071+00:00,2026-09-14T02:27:18.155+00:00,False,94,93.0,,93.0,293963.017877,300046.72398899996,300046.72379799996,3191.9864233829785,0.0407,293963.017877,30313.230086895426,90.01299115,65.41619475268817,20.751741668603955,0.309951726063203,20,64,,False,False,Request timeout: 300.0s exceeded,489,21.16838264042747
288,2026-09-14T02:22:22.079+00:00,2026-09-14T02:27:15.986+00:00,2026-09-14T02:27:22.144+00:00,False,91,90.0,,90.0,293906.965598,300064.846942,300064.846862,3297.4158995824173,0.02025,293906.965598,30802.655141765503,87.17006549999998,68.42090382222221,19.425050032370496,0.2999351670720571,20,64,,False,False,Request timeout: 300.0s exceeded,391,21.16838264042747
289,2026-09-14T02:22:24.957+00:00,2026-09-14T02:27:18.662+00:00,2026-09-14T02:27:25.005+00:00,False,92,91.0,,91.0,293705.021755,300047.286075,300047.28596999997,3261.383543152174,0.022789999999999998,293705.021755,30613.60522060275,88.68312250000001,69.6952123076923,19.576049723547413,0.30328552939236914,20,64,,False,False,Request timeout: 300.0s exceeded,409,21.16838264042747
290,2026-09-14T02:22:28.682+00:00,2026-09-14T02:27:22.352+00:00,2026-09-14T02:27:28.718+00:00,False,92,91.0,,91.0,293669.648682,300035.590698,300035.590607,3261.2564196413045,0.03491,293669.648682,30609.889949269353,87.22306049999999,69.95540676923076,19.181366067400027,0.30329735145186765,20,64,,False,False,Request timeout: 300.0s exceeded,569,21.16838264042747
291,2026-09-14T02:22:32.295+00:00,2026-09-14T02:27:25.924+00:00,2026-09-14T02:27:32.369+00:00,False,98,97.0,,97.0,293629.231659,300074.085675,300074.085587,3061.9804651734694,0.021519,293629.231659,29654.32642476103,87.35768524999999,66.44179397938144,19.748217580290703,0.32325350515291545,20,64,,False,False,Request timeout: 300.0s exceeded,495,21.16838264042747
292,2026-09-14T02:22:35.548+00:00,2026-09-14T02:27:29.516+00:00,2026-09-14T02:27:35.561+00:00,False,93,92.0,,92.0,293968.411973,300013.030469,300013.030547,3225.946565021505,0.02443,293968.411973,30476.29774689095,86.4671092,65.70237495652174,19.96217503703093,0.3066533472102181,20,64,,False,False,Request timeout: 300.0s exceeded,466,21.16838264042747
293,2026-09-14T02:22:38.916+00:00,2026-09-14T02:27:32.698+00:00,2026-09-14T02:27:38.935+00:00,False,95,94.0,,94.0,293782.060299,300018.397451,300018.397367,3158.0883933368423,0.035829,293782.060299,30134.60320873609,88.36071,66.34401225531914,19.976554084316994,0.313314119396136,20,64,,False,False,Request timeout: 300.0s exceeded,439,21.16838264042747
294,2026-09-14T02:22:42.204+00:00,2026-09-14T02:27:36.193+00:00,2026-09-14T02:27:42.391+00:00,False,80,79.0,,79.0,293989.311053,300187.358541,300187.35861299996,3752.3419826625,0.026609999999999998,293989.311053,32860.305581336346,90.20710095,78.45629731645569,69.73283723456856,0.26316897681489165,20,64,,False,False,Request timeout: 300.0s exceeded,384,21.16838264042747
295,2026-09-14T02:22:44.887+00:00,2026-09-14T02:27:38.534+00:00,2026-09-14T02:27:44.917+00:00,False,98,97.0,,97.0,293646.508837,300029.201957,300029.202067,3061.5224700714284,0.0,293646.508837,29656.20725817037,89.5446372,65.80096,68.08477377287427,0.3233018631763117,20,64,,False,False,Request timeout: 300.0s exceeded,252,21.16838264042747
296,2026-09-14T02:22:48.262+00:00,2026-09-14T02:27:42.586+00:00,2026-09-14T02:27:48.280+00:00,False,88,87.0,,87.0,294323.403288,300017.713688,300017.71363199997,3409.292200363636,0.03527,294323.403288,31368.00989176264,89.41117585,65.45184367816093,20.882408242101842,0.2899828777792589,20,64,,False,False,Request timeout: 300.0s exceeded,260,21.16838264042747
297,2026-09-14T02:22:52.004+00:00,2026-09-14T02:27:45.699+00:00,2026-09-14T02:27:52.049+00:00,False,91,90.0,,90.0,293695.266786,300045.058274,300045.058456,3297.1984445714284,0.020300000000000002,293695.266786,30780.239957584985,88.889887,70.55323875555555,20.066029156203935,0.2999549484924772,20,64,,False,False,Request timeout: 300.0s exceeded,358,21.16838264042747
298,2026-09-14T02:22:54.737+00:00,2026-09-14T02:27:48.191+00:00,2026-09-14T02:27:54.778+00:00,False,94,93.0,,93.0,293454.137017,300041.673401,300041.673235,3191.9326939893617,0.01846,293454.137017,30260.183122320315,88.03741179999999,70.83372455913978,18.983907898970905,0.30995694346667396,20,64,,False,False,Request timeout: 300.0s exceeded,396,21.16838264042747
299,2026-09-14T02:22:57.487+00:00,2026-09-14T02:27:51.185+00:00,2026-09-14T02:27:57.532+00:00,False,95,94.0,,94.0,293697.650363,300044.429243,300044.42917899997,3158.3624124105263,0.02047,293697.650363,30125.822435618382,89.942448,67.51892425531915,20.045217290864066,0.31328693632859045,20,64,,False,False,Request timeout: 300.0s exceeded,439,21.16838264042747
300,2026-09-14T02:23:00.489+00:00,2026-09-14T02:27:54.190+00:00,2026-09-14T02:28:00.502+00:00,False,95,94.0,,94.0,293701.468957,300013.274653,300013.274756,3158.0344711157895,0.0216,293701.468957,30126.253168946274,89.3927794,67.14686910638298,21.199984390886648,0.3133194693092226,20,64,,False,False,Request timeout: 300.0s exceeded,311,21.16838264042747
301,2026-09-14T02:23:04.712+00:00,2026-09-14T02:27:58.258+00:00,2026-09-14T02:28:04.732+00:00,False,97,96.0,,96.0,293546.048166,300020.34167,300020.341653,3092.993212917526,0.01825,293546.048166,29798.244588635534,88.80351979999999,67.44055733333333,20.10256118263995,0.3199783036897973,20,64,,False,False,Request timeout: 300.0s exceeded,461,21.16838264042747
302,2026-09-14T02:23:08.758+00:00,2026-09-14T02:28:02.507+00:00,2026-09-14T02:28:08.795+00:00,False,92,91.0,,91.0,293749.19005000003,300037.62832200003,300037.62823900004,3261.2785678152177,0.02426,293749.19005000003,30618.27278571397,90.4232201,69.10371727472527,21.150167299763822,0.3032952916903439,20,64,,False,False,Request timeout: 300.0s exceeded,374,21.16838264042747
303,2026-09-14T02:23:11.733+00:00,2026-09-14T02:28:05.596+00:00,2026-09-14T02:28:11.740+00:00,False,91,90.0,,90.0,293863.29185000004,300007.20967400004,300007.209685,3296.7825240109896,0.0211,293863.29185000004,30798.093868330016,89.42257550000001,68.2657536,20.538490731090892,0.2999927904992605,20,64,,False,False,Request timeout: 300.0s exceeded,438,21.16838264042747
304,2026-09-14T02:23:14.400+00:00,2026-09-14T02:28:07.980+00:00,2026-09-14T02:28:14.694+00:00,False,60,59.0,,59.0,293579.842121,300293.83533699997,300293.835231,5004.89725385,0.034229,293579.842121,37887.879464212965,91.4391899,113.79649518644068,348.52570993271456,0.19647422976162063,20,64,,False,False,Request timeout: 300.0s exceeded,245,21.16838264042747
305,2026-09-14T02:23:17.310+00:00,2026-09-14T02:28:10.993+00:00,2026-09-14T02:28:17.377+00:00,False,106,105.0,,105.0,293683.536393,300067.43040899996,300067.430472,2830.8248157735848,0.01533,293683.536393,28520.36480268511,89.806556,60.79899062857143,263.25507605622397,0.3499213488677601,20,64,,False,False,Request timeout: 300.0s exceeded,484,21.16838264042747
306,2026-09-14T02:23:20.555+00:00,2026-09-14T02:28:15.912+00:00,2026-09-14T02:28:20.573+00:00,False,68,67.0,,67.0,295357.06611,300017.492862,300017.492952,4412.021955176471,0.0337,295357.06611,35808.87598861611,88.86442349999999,69.55860823880596,20.69363736037283,0.22332031162868957,20,64,,False,False,Request timeout: 300.0s exceeded,313,21.16838264042747
307,2026-09-14T02:23:25.199+00:00,2026-09-14T02:28:18.590+00:00,2026-09-14T02:28:25.259+00:00,False,96,95.0,,95.0,293391.702615,300060.653911,300060.653867,3125.6318111145833,0.05107,293391.702615,29937.007281758666,88.97243950000001,70.19948732631579,20.179672356768265,0.3166026560355949,20,64,,False,False,Request timeout: 300.0s exceeded,406,21.16838264042747
308,2026-09-14T02:23:29.760+00:00,2026-09-14T02:28:23.229+00:00,2026-09-14T02:28:29.797+00:00,False,98,97.0,,97.0,293468.765939,300036.124915,300036.125076,3061.593113020408,0.04886,293468.765939,29637.990149987065,88.87701335,67.7047317113402,20.90250353752864,0.3232944033905251,20,64,,False,False,Request timeout: 300.0s exceeded,414,21.16838264042747
309,2026-09-14T02:23:34.046+00:00,2026-09-14T02:28:27.632+00:00,2026-09-14T02:28:34.093+00:00,False,96,95.0,,95.0,293586.002588,300046.75957999995,300046.759509,3125.4870782187495,0.02553,293586.002588,29957.062079534466,89.87804,68.00796833684211,20.877728896300198,0.31661731702411744,20,64,,False,False,Request timeout: 300.0s exceeded,237,21.16838264042747
310,2026-09-14T02:23:36.618+00:00,2026-09-14T02:28:30.265+00:00,2026-09-14T02:28:36.669+00:00,False,91,90.0,,90.0,293646.728413,300050.961373,300050.961323,3297.2633112417584,0.03505,293646.728413,30775.088791246853,91.14412250000001,71.158144,20.74864880676547,0.29994904728240146,20,64,,False,False,Request timeout: 300.0s exceeded,441,21.16838264042747
311,2026-09-14T02:23:41.278+00:00,2026-09-14T02:28:35.132+00:00,2026-09-14T02:28:41.343+00:00,False,95,94.0,,94.0,293854.28984,300065.27864,300065.278549,3158.5818794631577,0.0,293854.28984,30142.107744151115,89.00225409999999,66.07434893617021,66.6137521388722,0.313265168252857,20,64,,False,False,Request timeout: 300.0s exceeded,456,21.16838264042747
312,2026-09-14T02:23:44.233+00:00,2026-09-14T02:28:38.159+00:00,2026-09-14T02:28:44.278+00:00,False,92,91.0,,91.0,293925.89567299996,300044.83634499996,300044.836316,3261.3569164782602,0.01875,293925.89567299996,30636.889058253135,88.71752049999999,67.24110628571428,20.02414945617943,0.30328800558115804,20,64,,False,False,Request timeout: 300.0s exceeded,407,21.16838264042747
313,2026-09-14T02:23:47.468+00:00,2026-09-14T02:28:41.259+00:00,2026-09-14T02:28:47.555+00:00,False,94,93.0,,93.0,293790.698053,300086.341701,300086.34164299996,3192.4078898191487,0.052509,293790.698053,30295.22092958959,87.58628815,67.69509298924731,19.725585920988358,0.309910805912864,20,64,,False,False,Request timeout: 300.0s exceeded,448,21.16838264042747
314,2026-09-14T02:23:50.889+00:00,2026-09-14T02:28:44.358+00:00,2026-09-14T02:28:50.977+00:00,False,99,98.0,,98.0,293469.040307,300088.071603,300088.071404,3031.1926404444444,0.040350000000000004,293469.040307,29487.966536636937,87.804985,67.5411356734694,19.47336398979345,0.32657079462208216,20,64,,False,False,Request timeout: 300.0s exceeded,433,21.16838264042747
315,2026-09-14T02:23:55.028+00:00,2026-09-14T02:28:48.733+00:00,2026-09-14T02:28:55.072+00:00,False,96,95.0,,95.0,293704.61006599996,300043.642642,300043.64264399995,3125.4546108749996,0.02418,293704.61006599996,29969.298076150426,89.72888275000001,66.72665869473684,20.734309981071814,0.3166206061341222,20,64,,False,False,Request timeout: 300.0s exceeded,441,21.16838264042747
316,2026-09-14T02:23:59.236+00:00,2026-09-14T02:28:52.854+00:00,2026-09-14T02:28:59.249+00:00,False,94,93.0,,93.0,293617.362793,300012.917353,300012.917272,3191.626779489362,0.0626,293617.362793,30277.23288814289,89.33148080000001,68.76940387096775,21.11708144598925,0.309986652643275,20,64,,False,False,Request timeout: 300.0s exceeded,323,21.16838264042747
317,2026-09-14T02:24:02.542+00:00,2026-09-14T02:28:56.074+00:00,2026-09-14T02:29:02.642+00:00,False,99,98.0,,98.0,293531.352208,300099.658896,300099.658812,3031.309684969697,0.01924,293531.352208,29494.28224176326,89.89945199999998,67.02353763265306,21.095701384623947,0.32655818523926433,20,64,,False,False,Request timeout: 300.0s exceeded,446,21.16838264042747
318,2026-09-14T02:24:05.582+00:00,2026-09-14T02:28:59.163+00:00,2026-09-14T02:29:05.651+00:00,False,96,95.0,,95.0,293580.246987,300068.550603,300068.550721,3125.7140700104164,0.01847,293580.246987,29956.44520570268,91.46615425,68.2979328,21.092929724248737,0.31659432422722616,20,64,,False,False,Request timeout: 300.0s exceeded,447,21.16838264042747
319,2026-09-14T02:24:08.975+00:00,2026-09-14T02:29:02.640+00:00,2026-09-14T02:29:09.060+00:00,False,92,91.0,,91.0,293665.58198,300085.327004,300085.32686800003,3261.797031173913,0.026170000000000002,293665.58198,30609.40556646788,90.49090254999999,70.54664861538461,21.089272712376115,0.30324708278318124,20,64,,False,False,Request timeout: 300.0s exceeded,486,21.16838264042747
320,2026-09-14T02:24:13.658+00:00,2026-09-14T02:29:07.376+00:00,2026-09-14T02:29:13.709+00:00,False,96,95.0,,95.0,293718.388722,300051.353586,300051.353433,3125.53493159375,0.028579999999999998,293718.388722,29970.71038326221,88.26541150000001,66.66278804210526,20.006184795816857,0.31661246938108323,20,64,,False,False,Request timeout: 300.0s exceeded,294,21.16838264042747
321,2026-09-14T02:24:16.903+00:00,2026-09-14T02:29:10.634+00:00,2026-09-14T02:29:16.953+00:00,False,97,96.0,,96.0,293730.662528,300049.60755200003,300049.607609,3093.2949238041238,0.01576,293730.662528,29817.153553472745,87.26506560000001,65.822344,19.976347737306114,0.31994709402631943,20,64,,False,False,Request timeout: 300.0s exceeded,441,21.16838264042747
322,2026-09-14T02:24:21.268+00:00,2026-09-14T02:29:15.335+00:00,2026-09-14T02:29:21.318+00:00,False,91,90.0,,90.0,294067.056532,300049.937044,300049.937072,3297.252055736264,0.01865,294067.056532,30819.64172549987,89.549516,66.47645013333333,20.461425944626484,0.29995007126697776,20,64,,False,False,Request timeout: 300.0s exceeded,444,21.16838264042747
323,2026-09-14T02:24:23.925+00:00,2026-09-14T02:29:17.668+00:00,2026-09-14T02:29:23.966+00:00,False,91,90.0,,90.0,293742.473168,300040.774096,300040.774083,3297.1513635494507,0.027600000000000003,293742.473168,30785.24851598023,90.77982300000002,69.98112142222223,20.08396165142898,0.29995923144500325,20,64,,False,False,Request timeout: 300.0s exceeded,427,21.16838264042747
324,2026-09-14T02:24:27.936+00:00,2026-09-14T02:29:21.747+00:00,2026-09-14T02:29:27.961+00:00,False,87,86.0,,86.0,293810.67630800005,300024.54613200005,300024.54601000005,3448.5580001149433,0.017410000000000002,293810.67630800005,31492.070260750505,89.0599736,72.25430027906977,19.292636086661176,0.2866432133928238,20,64,,False,False,Request timeout: 300.0s exceeded,415,21.16838264042747
325,2026-09-14T02:24:31.319+00:00,2026-09-14T02:29:24.973+00:00,2026-09-14T02:29:31.386+00:00,False,93,92.0,,92.0,293654.22153,300066.958298,300066.958413,3226.526434548387,0.03511,293654.22153,30443.302771069735,88.8284126,69.70366052173912,19.904156956760716,0.3065982356798969,20,64,,False,False,Request timeout: 300.0s exceeded,415,21.16838264042747
326,2026-09-14T02:24:34.967+00:00,2026-09-14T02:29:28.554+00:00,2026-09-14T02:29:34.883+00:00,True,104,104.0,,104.0,293586.751145,299915.567529,299915.567545,2883.8035340865385,0.0,293586.751145,28782.59056753507,89.17203649999999,61.44481926213592,62.055481016450166,0.3467642605445742,20,64,,False,True,,470,21.16838264042747
327,2026-09-14T02:24:39.530+00:00,2026-09-14T02:29:33.248+00:00,2026-09-14T02:29:39.610+00:00,False,99,98.0,,98.0,293718.28764099994,300079.94396099995,300079.9438119999,3031.110543555555,0.02308,293718.28764099994,29513.281368853048,91.50100990000001,64.91486040816326,20.353130895870077,0.326579639766717,20,64,,False,False,Request timeout: 300.0s exceeded,475,21.16838264042747
328,2026-09-14T02:24:43.257+00:00,2026-09-14T02:29:36.917+00:00,2026-09-14T02:29:43.322+00:00,False,96,95.0,,95.0,293660.247116,300065.503564,300065.503555,3125.6823286979165,0.03554,293660.247116,29964.699173529087,89.77219075,67.42375208421053,20.760149884228085,0.316597539109449,20,64,,False,False,Request timeout: 300.0s exceeded,396,21.16838264042747
329,2026-09-14T02:24:47.555+00:00,2026-09-14T02:29:39.484+00:00,2026-09-14T02:29:47.642+00:00,False,126,125.0,,125.0,291929.44137300004,300086.82505300007,300086.82508300006,2381.6414689126987,0.03890999999999999,291929.44137300004,26001.336225512125,89.60840100000001,65.25906944,20.835802558445685,0.41654611120605856,20,64,,False,False,Request timeout: 300.0s exceeded,188,21.16838264042747
330,2026-09-14T02:24:50.875+00:00,2026-09-14T02:29:44.297+00:00,2026-09-14T02:29:50.885+00:00,False,104,103.0,,103.0,293422.717834,300010.175114,300010.175108,2884.713222192308,0.01676,293422.717834,28766.201535166772,91.1642978,63.95589592233009,21.872986126200683,0.34332168887559006,20,64,,False,False,Request timeout: 300.0s exceeded,465,21.16838264042747
331,2026-09-14T02:24:54.672+00:00,2026-09-14T02:29:48.912+00:00,2026-09-14T02:29:54.689+00:00,False,83,82.0,,82.0,294240.36436199996,300016.96391399996,300016.964017,3614.6622170722885,0.02413,294240.36436199996,32289.349575590993,90.03902599999999,70.446336,20.15293233605479,0.27331787819673203,20,64,,False,False,Request timeout: 300.0s exceeded,332,21.16838264042747
332,2026-09-14T02:24:57.945+00:00,2026-09-14T02:29:51.756+00:00,2026-09-14T02:29:57.976+00:00,False,92,91.0,,91.0,293811.519668,300031.34482,300031.344888,3261.210270521739,0.039700000000000006,293811.519668,30624.84918948122,89.053555,68.34972694505495,20.38172962493958,0.30330164354859085,20,64,,False,False,Request timeout: 300.0s exceeded,343,21.16838264042747
333,2026-09-14T02:25:01.162+00:00,2026-09-14T02:29:55.071+00:00,2026-09-14T02:30:01.244+00:00,False,90,89.0,,89.0,293908.335517,300081.304221,300081.304196,3334.236713288889,0.054259999999999996,293908.335517,30973.354446542067,89.57770529999999,69.35919892134832,20.584512060007665,0.29658628760975536,20,64,,False,False,Request timeout: 300.0s exceeded,258,21.16838264042747
334,2026-09-14T02:25:04.497+00:00,2026-09-14T02:29:58.682+00:00,2026-09-14T02:30:04.581+00:00,False,84,83.0,,83.0,294184.452866,300083.857154,300083.857102,3572.4268702619047,0.06037,294184.452866,32090.405843621786,87.6083555,71.07716009638554,19.201046554859822,0.2765893533466721,20,64,,False,False,Request timeout: 300.0s exceeded,276,21.16838264042747
335,2026-09-14T02:25:07.979+00:00,2026-09-14T02:30:01.718+00:00,2026-09-14T02:30:07.986+00:00,False,92,91.0,,91.0,293738.8447,300006.387484,300006.38747,3260.938994239131,0.02767,293738.8447,30617.21810849185,90.4738,68.87409652747253,21.091963703252496,0.3033268750147969,20,64,,False,False,Request timeout: 300.0s exceeded,360,21.16838264042747
336,2026-09-14T02:25:12.315+00:00,2026-09-14T02:30:06.200+00:00,2026-09-14T02:30:12.329+00:00,False,90,89.0,,89.0,293885.698562,300013.97837,300013.978466,3333.488649622222,0.03052,293885.698562,30971.02104547087,89.72259689999998,68.85707649438203,20.300730566591252,0.29665284425593813,20,64,,False,False,Request timeout: 300.0s exceeded,427,21.16838264042747
337,2026-09-14T02:25:16.251+00:00,2026-09-14T02:30:10.068+00:00,2026-09-14T02:30:16.331+00:00,False,95,94.0,,94.0,293817.391069,300080.169437,300080.169498,3158.738626294737,0.02493,293817.391069,30138.199423941798,88.2807138,66.62530178723405,20.302275489074137,0.3132496231802306,20,64,,False,False,Request timeout: 300.0s exceeded,482,21.16838264042747
338,2026-09-14T02:25:20.289+00:00,2026-09-14T02:30:13.838+00:00,2026-09-14T02:30:20.296+00:00,False,98,97.0,,97.0,293548.62002,300006.89586,300006.89575599995,3061.294854653061,0.019559999999999998,293548.62002,29646.16943929841,87.7938975,66.58016329896907,19.741221811576835,0.3233259012995009,20,64,,False,False,Request timeout: 300.0s exceeded,454,21.16838264042747
339,2026-09-14T02:25:24.378+00:00,2026-09-14T02:30:17.875+00:00,2026-09-14T02:30:24.449+00:00,False,96,95.0,,95.0,293496.300874,300070.72340200003,300070.723605,3125.73670421875,0.02223,293496.300874,29947.784374341896,88.87692274999999,69.2044476631579,20.216178061832693,0.3165920317815543,20,64,,False,False,Request timeout: 300.0s exceeded,483,21.16838264042747
340,2026-09-14T02:25:26.970+00:00,2026-09-14T02:30:20.817+00:00,2026-09-14T02:30:26.987+00:00,False,90,89.0,,89.0,293846.423597,300016.359725,300016.35985300003,3333.515109477778,0.019280000000000002,293846.423597,30966.83181833028,89.33739150000001,69.32512503370788,20.383069122766994,0.29665048959856355,20,64,,False,False,Request timeout: 300.0s exceeded,426,21.16838264042747
341,2026-09-14T02:25:31.189+00:00,2026-09-14T02:30:25.335+00:00,2026-09-14T02:30:31.199+00:00,False,94,93.0,,93.0,294145.527797,300009.721589,300009.721478,3191.592781680851,0.0,294145.527797,30332.36332010319,91.44081235,63.05584722580645,66.6082821589193,0.3099899546835548,20,64,,False,False,Request timeout: 300.0s exceeded,445,21.16838264042747
342,2026-09-14T02:25:34.867+00:00,2026-09-14T02:30:29.262+00:00,2026-09-14T02:30:34.910+00:00,False,85,84.0,,84.0,294395.30803200003,300043.16825600003,300043.16831000004,3529.919627176471,0.04314,294395.30803200003,31924.368319869878,89.1593614,67.23643123809524,20.743977584575408,0.27995971542444953,20,64,,False,False,Request timeout: 300.0s exceeded,398,21.16838264042747
343,2026-09-14T02:25:38.476+00:00,2026-09-14T02:30:32.090+00:00,2026-09-14T02:30:38.499+00:00,False,94,93.0,,93.0,293614.360324,300023.038468,300023.03858500003,3191.734453031915,0.03602,293614.360324,30276.908165461093,90.13762815000001,68.91051767741935,20.399483557040284,0.30997619541113747,20,64,,False,False,Request timeout: 300.0s exceeded,401,21.16838264042747
344,2026-09-14T02:25:42.734+00:00,2026-09-14T02:30:36.145+00:00,2026-09-14T02:30:42.781+00:00,False,101,100.0,,100.0,293410.801668,300047.52666,300047.526728,2970.7675913663365,0.018949999999999998,293410.801668,29188.869340166588,89.44644100000001,66.36724992,20.549878300402792,0.33328053429787274,20,64,,False,False,Request timeout: 300.0s exceeded,416,21.16838264042747
345,2026-09-14T02:25:45.360+00:00,2026-09-14T02:30:38.716+00:00,2026-09-14T02:30:45.381+00:00,False,102,101.0,,101.0,293355.953214,300020.20025399997,300020.200166,2941.3745114313724,0.01736,293355.953214,29040.041499897245,87.70764750000001,65.98264396039603,20.445239946025254,0.33664399901904085,20,64,,False,False,Request timeout: 300.0s exceeded,422,21.16838264042747
346,2026-09-14T02:25:47.940+00:00,2026-09-14T02:30:41.728+00:00,2026-09-14T02:30:48.027+00:00,False,94,93.0,,93.0,293788.434672,300087.378928,300087.378905,3192.4189245212765,0.023809999999999998,293788.434672,30294.983875676942,88.36849464999999,67.73058339784946,19.81319899282497,0.3099097347320079,20,64,,False,False,Request timeout: 300.0s exceeded,380,21.16838264042747
347,2026-09-14T02:25:51.779+00:00,2026-09-14T02:30:45.506+00:00,2026-09-14T02:30:51.790+00:00,False,93,92.0,,92.0,293726.614166,300011.342998,300011.343139,3225.9284208494623,0.01785,293726.614166,30450.95406530362,90.61547259999999,68.31226991304348,20.2852420832207,0.30665507204043724,20,64,,False,False,Request timeout: 300.0s exceeded,431,21.16838264042747
348,2026-09-14T02:25:55.006+00:00,2026-09-14T02:30:48.712+00:00,2026-09-14T02:30:55.053+00:00,False,96,95.0,,95.0,293705.598795,300047.07361099997,300047.07371799997,3125.4903512291667,0.01812,293705.598795,29969.396425522067,90.4658015,66.75236648421053,20.824035939872708,0.316616985650605,20,64,,False,False,Request timeout: 300.0s exceeded,432,21.16838264042747
349,2026-09-14T02:25:59.029+00:00,2026-09-14T02:30:53.018+00:00,2026-09-14T02:30:59.057+00:00,False,87,86.0,,86.0,293989.396601,300027.84908099996,300027.848924,3448.595964643678,0.05385,293989.396601,31511.44981898126,89.1764396,70.21456372093023,19.379072716195513,0.286640057792709,20,64,,False,False,Request timeout: 300.0s exceeded,325,21.16838264042747
350,2026-09-14T02:26:03.539+00:00,2026-09-14T02:30:57.354+00:00,2026-09-14T02:31:03.550+00:00,False,92,91.0,,91.0,293815.577592,300011.768568,300011.768582,3260.9974845869565,0.04451,293815.577592,30625.29902435596,88.92387504999999,68.09001072527472,19.904863907291634,0.30332143447024196,20,64,,False,False,Request timeout: 300.0s exceeded,398,21.16838264042747
351,2026-09-14T02:26:07.055+00:00,2026-09-14T02:31:00.234+00:00,2026-09-14T02:31:07.090+00:00,False,102,101.0,,101.0,293179.122658,300034.81571399997,300034.815516,2941.5177991764704,0.02862,293179.122658,29022.34473175183,88.74075350000001,67.87814906930693,20.075497297010745,0.336627600232486,20,64,,False,False,Request timeout: 300.0s exceeded,515,21.16838264042747
352,2026-09-14T02:26:10.008+00:00,2026-09-14T02:31:03.469+00:00,2026-09-14T02:31:10.064+00:00,False,97,96.0,,96.0,293460.897837,300055.125293,300055.125307,3093.35180728866,0.05155,293460.897837,29789.47192396256,88.9996838,68.68986933333333,19.93385824016194,0.31994121049009655,20,64,,False,False,Request timeout: 300.0s exceeded,128,21.16838264042747
353,2026-09-14T02:26:13.744+00:00,2026-09-14T02:31:07.171+00:00,2026-09-14T02:31:13.756+00:00,False,99,98.0,,98.0,293426.491143,300012.15744700003,300012.15734100004,3030.425831727273,0.029769999999999998,293426.491143,29483.725102813103,88.6794748,67.20067657142857,20.515930469215135,0.32665342909416134,20,64,,False,False,Request timeout: 300.0s exceeded,324,21.16838264042747
354,2026-09-14T02:26:16.462+00:00,2026-09-14T02:31:10.314+00:00,2026-09-14T02:31:16.490+00:00,False,94,93.0,,93.0,293851.126481,300027.90753699996,300027.907612,3191.786251191489,0.023100000000000002,293851.126481,30301.58568320025,86.93281165,66.41700060215054,20.054358530189127,0.309971164894156,20,64,,False,False,Request timeout: 300.0s exceeded,464,21.16838264042747
355,2026-09-14T02:26:20.003+00:00,2026-09-14T02:31:14.016+00:00,2026-09-14T02:31:20.020+00:00,False,93,92.0,,92.0,294013.219333,300016.993029,300016.993009,3225.9891721397853,0.04213,294013.219333,30480.990166346233,86.746909,65.25840973913044,20.079925797791457,0.3066492969986776,20,64,,False,False,Request timeout: 300.0s exceeded,405,21.16838264042747
356,2026-09-14T02:26:24.424+00:00,2026-09-14T02:31:18.135+00:00,2026-09-14T02:31:24.511+00:00,False,100,99.0,,99.0,293710.93253600004,300087.01317600004,300087.01334600005,3000.8701334600005,0.0,293710.93253600004,29364.73065942423,89.40973980000001,64.40485494949495,67.97939450630251,0.3299043132597572,20,64,,False,False,Request timeout: 300.0s exceeded,417,21.16838264042747
357,2026-09-14T02:26:28.689+00:00,2026-09-14T02:31:22.886+00:00,2026-09-14T02:31:28.730+00:00,False,83,82.0,,82.0,294196.394436,300040.43053199997,300040.43046999996,3614.9449454216865,0.0232,294196.394436,32284.432847999342,88.4927921,71.26873287804878,19.936728097101945,0.2732965015901566,20,64,,False,False,Request timeout: 300.0s exceeded,321,21.16838264042747
358,2026-09-14T02:26:33.127+00:00,2026-09-14T02:31:26.883+00:00,2026-09-14T02:31:33.192+00:00,False,93,92.0,,92.0,293755.976001,300065.656385,300065.65632099996,3226.5124335591395,0.037039,293755.976001,30453.970203729707,89.11243,68.58348243478261,19.640302092807502,0.3065995659361936,20,64,,False,False,Request timeout: 300.0s exceeded,426,21.16838264042747
359,2026-09-14T02:26:35.796+00:00,2026-09-14T02:31:29.528+00:00,2026-09-14T02:31:35.863+00:00,False,91,90.0,,90.0,293732.10721499997,300066.98235099996,300066.982422,3297.439367274725,0.0313,293732.10721499997,30784.118700493058,89.703371,70.38750151111111,19.18289787647654,0.29993303260111276,20,64,,False,False,Request timeout: 300.0s exceeded,330,21.16838264042747
360,2026-09-14T02:26:38.459+00:00,2026-09-14T02:31:31.889+00:00,2026-09-14T02:31:38.477+00:00,False,95,94.0,,94.0,293429.93903500005,300018.03349900007,300018.03349800006,3158.0845631368425,0.03836,293429.93903500005,30098.0921487037,90.013487,70.08611131914894,19.580940904075707,0.3133144994776232,20,64,,False,False,Request timeout: 300.0s exceeded,321,21.16838264042747
361,2026-09-14T02:26:41.512+00:00,2026-09-14T02:31:34.824+00:00,2026-09-14T02:31:41.603+00:00,False,103,102.0,,102.0,293312.44437599997,300091.80591199995,300091.80574399995,2913.5126771262135,0.03606,293312.44437599997,28894.392212276016,90.6420651,66.46432878431372,20.538082674868352,0.3398959851303333,20,64,,False,False,Request timeout: 300.0s exceeded,571,21.16838264042747
362,2026-09-14T02:26:45.000+00:00,2026-09-14T02:31:38.130+00:00,2026-09-14T02:31:45.081+00:00,False,108,107.0,,107.0,293130.219953,300081.425585,300081.425601,2778.531718527778,0.04541,293130.219953,28200.224767724325,89.21347385000001,64.96453861682242,20.549375128343513,0.3565698869612026,20,64,,False,False,Request timeout: 300.0s exceeded,249,21.16838264042747
363,2026-09-14T02:26:47.962+00:00,2026-09-14T02:31:41.772+00:00,2026-09-14T02:31:48.047+00:00,False,98,97.0,,97.0,293809.44231300004,300085.285129,300085.285106,3062.094745979592,0.03983,293809.44231300004,29672.706844150733,89.6535535,64.69941047422681,20.33334529361336,0.3232414410400092,20,64,,False,False,Request timeout: 300.0s exceeded,316,21.16838264042747
364,2026-09-14T02:26:51.267+00:00,2026-09-14T02:31:44.468+00:00,2026-09-14T02:31:51.292+00:00,False,104,103.0,,103.0,293200.89763300004,300025.27932900004,300025.27946700004,2884.858456413462,0.02078,293200.89763300004,28744.223891577563,89.741977,66.2561329708738,20.73855685922787,0.34330440498333087,20,64,,False,False,Request timeout: 300.0s exceeded,342,21.16838264042747
365,2026-09-14T02:26:54.441+00:00,2026-09-14T02:31:48.045+00:00,2026-09-14T02:31:54.493+00:00,False,96,95.0,,95.0,293604.442284,300052.96734,300052.967302,3125.5517427291666,0.03199,293604.442284,29958.956515126207,89.25322699999998,67.87921111578947,19.83853424189728,0.31661076656626547,20,64,,False,False,Request timeout: 300.0s exceeded,355,21.16838264042747
366,2026-09-14T02:26:57.524+00:00,2026-09-14T02:31:51.289+00:00,2026-09-14T02:31:57.574+00:00,False,96,95.0,,95.0,293764.6817,300049.41514,300049.41502300004,3125.514739822917,0.01654,293764.6817,29975.487520311384,89.66154350000001,66.15508884210526,20.84276633787413,0.3166145148314119,20,64,,False,False,Request timeout: 300.0s exceeded,402,21.16838264042747
367,2026-09-14T02:27:01.125+00:00,2026-09-14T02:31:54.614+00:00,2026-09-14T02:32:01.150+00:00,False,98,97.0,,97.0,293489.442645,300025.471317,300025.471477,3061.4844028265306,0.020730000000000002,293489.442645,29640.111310404947,89.63975305,67.38173888659793,20.71687780462523,0.3233058832445331,20,64,,False,False,Request timeout: 300.0s exceeded,446,21.16838264042747
368,2026-09-14T02:27:03.895+00:00,2026-09-14T02:31:57.839+00:00,2026-09-14T02:32:05.651+00:00,False,79,78.0,,78.0,293944.143668,301756.289844,301756.289886,3819.6998719746834,0.029,293944.143668,33061.36430863552,89.2931725,100.1557202051282,298.7769350998203,0.25848674120537446,20,64,,False,False,Request timeout: 300.0s exceeded,279,21.16838264042747
369,2026-09-14T02:27:07.913+00:00,2026-09-14T02:32:01.660+00:00,2026-09-14T02:32:07.944+00:00,False,106,105.0,,105.0,293747.229168,300031.247856,300031.248012,2830.4834718113207,0.01549,293747.229168,28526.64136996837,89.12365175000001,59.84779702857143,263.0422016137057,0.3499635479648265,20,64,,False,False,Request timeout: 300.0s exceeded,545,21.16838264042747
370,2026-09-14T02:27:10.566+00:00,2026-09-14T02:32:06.206+00:00,2026-09-14T02:32:10.602+00:00,False,66,65.0,,65.0,295640.26135399996,300036.44925799995,300036.449324,4546.006807939393,0.019010000000000003,295640.26135399996,36382.48126121632,89.1965345,67.63366006153846,20.74944470704699,0.21664034540052432,20,64,,False,False,Request timeout: 300.0s exceeded,296,21.16838264042747
371,2026-09-14T02:27:14.641+00:00,2026-09-14T02:32:08.993+00:00,2026-09-14T02:32:14.699+00:00,False,87,86.0,,86.0,294352.72069700004,300058.40210500004,300058.40198200004,3448.947149218391,0.03432,294352.72069700004,31550.81745535706,87.7783579,66.34513265116279,19.972006567128506,0.28661087107271155,20,64,,False,False,Request timeout: 300.0s exceeded,252,21.16838264042747
372,2026-09-14T02:27:17.348+00:00,2026-09-14T02:32:11.247+00:00,2026-09-14T02:32:17.363+00:00,False,94,93.0,,93.0,293898.687419,300015.079611,300015.07973700005,3191.6497844361706,0.0,293898.687419,30306.62214170466,89.58485075,65.76765797849463,65.73015762078082,0.3099844185185089,20,64,,False,False,Request timeout: 300.0s exceeded,298,21.16838264042747
373,2026-09-14T02:27:21.519+00:00,2026-09-14T02:32:15.210+00:00,2026-09-14T02:32:21.559+00:00,False,97,96.0,,96.0,293691.27312,300040.82729600003,300040.827437,3093.2044065670107,0.0,293691.27312,29813.186441198435,89.1726318,66.14118933333333,65.53184774578607,0.3199564568101023,20,64,,False,False,Request timeout: 300.0s exceeded,398,21.16838264042747
374,2026-09-14T02:27:25.601+00:00,2026-09-14T02:32:19.228+00:00,2026-09-14T02:32:25.607+00:00,False,93,92.0,,92.0,293626.592452,300005.640644,300005.640876,3225.8671061935484,0.02891,293626.592452,30440.475665858972,88.702605,69.33748034782609,19.788078267999683,0.30666090078343317,20,64,,False,False,Request timeout: 300.0s exceeded,468,21.16838264042747
375,2026-09-14T02:27:29.841+00:00,2026-09-14T02:32:23.821+00:00,2026-09-14T02:32:29.902+00:00,False,85,84.0,,84.0,293979.25596100005,300060.865945,300060.86592300003,3530.127834388236,0.03093,293979.25596100005,31878.68057123185,90.91171619999999,72.40011885714286,19.959905371647263,0.27994320330794775,20,64,,False,False,Request timeout: 300.0s exceeded,380,21.16838264042747
376,2026-09-14T02:27:33.548+00:00,2026-09-14T02:32:27.488+00:00,2026-09-14T02:32:33.596+00:00,False,88,87.0,,87.0,293940.192277,300047.653653,300047.653586,3409.6324271136364,0.02709,293940.192277,31326.653283041094,90.528261,70.20070547126436,20.94845522159561,0.2899539421181877,20,64,,False,False,Request timeout: 300.0s exceeded,451,21.16838264042747
377,2026-09-14T02:27:36.427+00:00,2026-09-14T02:32:30.408+00:00,2026-09-14T02:32:36.479+00:00,False,90,89.0,,89.0,293980.19644599996,300051.74383799994,300051.74392399995,3333.908265822222,0.02228,293980.19644599996,30981.04932456859,90.25181445,68.21963361797754,20.511479526167115,0.29661550658426344,20,64,,False,False,Request timeout: 300.0s exceeded,437,21.16838264042747
378,2026-09-14T02:27:41.003+00:00,2026-09-14T02:32:34.478+00:00,2026-09-14T02:32:41.089+00:00,False,98,97.0,,97.0,293474.59693,300086.167874,300086.16793,3062.103754387755,0.01815,293474.59693,29638.53245690287,88.19403050000001,68.16052519587629,19.919449764896353,0.3232404901805681,20,64,,False,False,Request timeout: 300.0s exceeded,440,21.16838264042747
379,2026-09-14T02:27:45.698+00:00,2026-09-14T02:32:39.298+00:00,2026-09-14T02:32:45.746+00:00,False,100,99.0,,99.0,293599.79128500004,300048.433077,300048.433138,3000.4843313800006,0.030289999999999997,293599.79128500004,29353.472405840326,89.98056749999999,65.13779587878787,20.45779511246222,0.3299467322150424,20,64,,False,False,Request timeout: 300.0s exceeded,520,21.16838264042747
380,2026-09-14T02:27:49.373+00:00,2026-09-14T02:32:42.770+00:00,2026-09-14T02:32:49.385+00:00,False,99,98.0,,98.0,293396.591561,300011.21223299997,300011.212214,3030.416284989899,0.02947,293396.591561,29480.690261597094,87.8809258,67.49612930612246,20.331195484562084,0.32665445824701217,20,64,,False,False,Request timeout: 300.0s exceeded,418,21.16838264042747
381,2026-09-14T02:27:53.583+00:00,2026-09-14T02:32:47.428+00:00,2026-09-14T02:32:53.619+00:00,False,91,90.0,,90.0,293845.329462,300036.455478,300036.455569,3297.103907351648,0.02059,293845.329462,30796.155437350637,88.434434,68.79028906666666,19.8049343887193,0.299963548951468,20,64,,False,False,Request timeout: 300.0s exceeded,442,21.16838264042747
382,2026-09-14T02:27:57.403+00:00,2026-09-14T02:32:50.751+00:00,2026-09-14T02:32:57.452+00:00,False,98,97.0,,97.0,293348.08299900003,300048.790839,300048.79089000006,3061.7223560204084,0.043340000000000004,293348.08299900003,29625.659314753277,88.94477135000001,69.07946226804124,19.182321832473225,0.32328075620224106,20,64,,False,False,Request timeout: 300.0s exceeded,471,21.16838264042747
383,2026-09-14T02:28:01.718+00:00,2026-09-14T02:32:55.305+00:00,2026-09-14T02:33:01.733+00:00,False,96,95.0,,95.0,293586.737183,300014.684703,300014.68461,3125.1529646875,0.022269999999999998,293586.737183,29957.171436229786,87.15694149999999,67.66260547368421,19.581611742743608,0.3166511669055313,20,64,,False,False,Request timeout: 300.0s exceeded,309,21.16838264042747
384,2026-09-14T02:28:04.761+00:00,2026-09-14T02:32:58.402+00:00,2026-09-14T02:33:04.852+00:00,False,97,96.0,,96.0,293641.604923,300090.962235,300090.96234499995,3093.7212612886597,0.03008,293641.604923,29807.97329365194,88.7487622,67.18080533333332,20.12478533127171,0.31990300302620506,20,64,,False,False,Request timeout: 300.0s exceeded,356,21.16838264042747
385,2026-09-14T02:28:07.590+00:00,2026-09-14T02:33:00.935+00:00,2026-09-14T02:33:07.598+00:00,False,101,100.0,,100.0,293345.420733,300007.84402899997,300007.844015,2970.3746932178215,0.03233,293345.420733,29182.338449422008,89.343431,66.62423296,21.010194281212744,0.33332461797343405,20,64,,False,False,Request timeout: 300.0s exceeded,403,21.16838264042747
386,2026-09-14T02:28:11.285+00:00,2026-09-14T02:33:04.581+00:00,2026-09-14T02:33:11.350+00:00,False,105,104.0,,104.0,293296.726163,300065.592211,300065.5922,2857.7675447619044,0.0,293296.726163,28616.55561430827,89.05417599999998,65.08525046153846,66.98230688529569,0.3465908877911911,20,64,,False,False,Request timeout: 300.0s exceeded,508,21.16838264042747
387,2026-09-14T02:28:15.606+00:00,2026-09-14T02:33:09.233+00:00,2026-09-14T02:33:15.624+00:00,False,112,111.0,,111.0,293627.15667299996,300018.044609,300018.04473799997,2678.732542303571,0.0,293627.15667299996,27739.790876059225,91.83806410000001,57.575566990990986,63.87245745642324,0.3699777463207632,20,64,,False,False,Request timeout: 300.0s exceeded,463,21.16838264042747
388,2026-09-14T02:28:20.180+00:00,2026-09-14T02:33:15.853+00:00,2026-09-14T02:33:20.188+00:00,False,66,65.0,,65.0,295672.911542,300007.24395800004,300007.24406600004,4545.564304030303,0.0245,295672.911542,36386.61871817455,90.24381425,66.68203716923077,23.045776241121686,0.21666143504554766,20,64,,False,False,Request timeout: 300.0s exceeded,303,21.16838264042747
389,2026-09-14T02:28:24.418+00:00,2026-09-14T02:33:17.971+00:00,2026-09-14T02:33:24.454+00:00,False,91,90.0,,90.0,293553.06112800003,300036.23962400004,300036.23960800003,3297.1015341538464,0.02168,293553.06112800003,30765.177034718963,90.35359400000002,72.03531662222221,19.501780944747523,0.2999637647531724,20,64,,False,False,Request timeout: 300.0s exceeded,427,21.16838264042747
390,2026-09-14T02:28:26.954+00:00,2026-09-14T02:33:20.871+00:00,2026-09-14T02:33:26.993+00:00,False,88,87.0,,87.0,293916.623723,300038.338667,300038.33871599997,3409.526576318182,0.01966,293916.623723,31324.12263222503,89.30196684999999,70.3645395862069,19.74913592002287,0.28996294402415573,20,64,,False,False,Request timeout: 300.0s exceeded,414,21.16838264042747
391,2026-09-14T02:28:30.373+00:00,2026-09-14T02:33:24.038+00:00,2026-09-14T02:33:30.399+00:00,False,97,96.0,,96.0,293664.889898,300026.016298,300026.016366,3093.051715113402,0.06770999999999999,293664.889898,29810.43072631771,89.19524580000001,66.26173333333334,19.951241291811733,0.31997225168849447,20,64,,False,False,Request timeout: 300.0s exceeded,508,21.16838264042747
392,2026-09-14T02:28:34.351+00:00,2026-09-14T02:33:27.916+00:00,2026-09-14T02:33:34.382+00:00,False,101,100.0,,100.0,293564.98664200003,300031.45909,300031.45921700005,2970.6085070990102,0.0445,293564.98664200003,29204.38024531276,86.993177,64.66472447999999,19.853410431373344,0.3332983824539651,20,64,,False,False,Request timeout: 300.0s exceeded,453,21.16838264042747
393,2026-09-14T02:28:37.590+00:00,2026-09-14T02:33:31.045+00:00,2026-09-14T02:33:37.826+00:00,False,104,103.0,,103.0,293454.842617,300236.790521,300236.79052599997,2886.8922165961535,0.038380000000000004,293454.842617,28769.164718024498,87.33328565,65.844154407767,19.407831439245733,0.3430625534640988,20,64,,False,False,Request timeout: 300.0s exceeded,397,21.16838264042747
394,2026-09-14T02:28:41.764+00:00,2026-09-14T02:33:35.517+00:00,2026-09-14T02:33:41.770+00:00,False,99,98.0,,98.0,293753.09868199995,300005.919418,300005.91924699995,3030.362820676767,0.024399999999999998,293753.09868199995,29516.89236608477,88.7586923,63.80429322448979,21.410752320484807,0.32666022120535576,20,64,,False,False,Request timeout: 300.0s exceeded,333,21.16838264042747
395,2026-09-14T02:28:45.425+00:00,2026-09-14T02:33:39.335+00:00,2026-09-14T02:33:45.471+00:00,False,92,91.0,,91.0,293910.554143,300046.858783,300046.858834,3261.378900369565,0.03426,293910.554143,30635.270554331764,89.11460875,67.43191912087912,21.305014044035893,0.3032859612965089,20,64,,False,False,Request timeout: 300.0s exceeded,399,21.16838264042747
396,2026-09-14T02:28:48.259+00:00,2026-09-14T02:33:42.232+00:00,2026-09-14T02:33:48.296+00:00,False,92,91.0,,91.0,293973.462511,300037.262831,300037.262845,3261.2745961413043,0.02095,293973.462511,30641.911131816665,86.84309754999998,66.63516835164835,19.579161931048638,0.30329566115011847,20,64,,False,False,Request timeout: 300.0s exceeded,418,21.16838264042747
397,2026-09-14T02:28:50.959+00:00,2026-09-14T02:33:44.696+00:00,2026-09-14T02:33:51.001+00:00,False,99,98.0,,98.0,293737.249612,300041.57703600003,300041.577079,3030.72300079798,0.0317,293737.249612,29515.24592228124,87.71083079999998,64.32987167346938,20.368834810356965,0.3266214001676228,20,64,,False,False,Request timeout: 300.0s exceeded,433,21.16838264042747
398,2026-09-14T02:28:54.734+00:00,2026-09-14T02:33:48.674+00:00,2026-09-14T02:33:54.772+00:00,False,95,94.0,,94.0,293939.975768,300037.749848,300037.749791,3158.292103063158,0.0367,293939.975768,30150.95608414257,86.3869794,64.8699370212766,19.756907964032806,0.31329391067497564,20,64,,False,False,Request timeout: 300.0s exceeded,482,21.16838264042747
399,2026-09-14T02:28:57.993+00:00,2026-09-14T02:33:51.577+00:00,2026-09-14T02:33:58.039+00:00,False,97,96.0,,96.0,293584.36293,300046.43013,300046.430134,3093.262166329897,0.036719999999999996,293584.36293,29802.147601311397,87.8348366,67.3132,19.81213283165067,0.3199504821917276,20,64,,False,False,Request timeout: 300.0s exceeded,398,21.16838264042747
400,2026-09-14T02:29:01.444+00:00,2026-09-14T02:33:54.977+00:00,2026-09-14T02:34:01.455+00:00,False,97,96.0,,96.0,293532.955792,300010.887824,300010.887742,3092.895749917526,0.06064,293532.955792,29796.911554102146,88.14422040000001,67.47845866666667,20.31500411134463,0.3199883867425437,20,64,,False,False,Request timeout: 300.0s exceeded,406,21.16838264042747
401,2026-09-14T02:29:05.503+00:00,2026-09-14T02:33:59.027+00:00,2026-09-14T02:34:05.863+00:00,False,93,92.0,,92.0,293523.857045,300359.713685,300359.71348000003,3229.674338494624,0.022850000000000002,293523.857045,30429.370496064697,87.80989539999999,74.3027895652174,65.26777705053321,0.30629939971405185,20,64,,False,False,Request timeout: 300.0s exceeded,446,21.16838264042747
402,2026-09-14T02:29:08.657+00:00,2026-09-14T02:34:02.155+00:00,2026-09-14T02:34:08.708+00:00,False,102,101.0,,101.0,293498.75456000003,300051.22585600003,300051.22573400004,2941.678683666667,0.0,293498.75456000003,29054.356832355345,88.90683264999998,64.87595342574258,65.65164514287792,0.3366091896870693,20,64,,False,False,Request timeout: 300.0s exceeded,439,21.16838264042747
403,2026-09-14T02:29:11.215+00:00,2026-09-14T02:34:04.941+00:00,2026-09-14T02:34:11.274+00:00,False,95,94.0,,94.0,293726.340514,300059.138466,300059.13838899997,3158.5172461999996,0.0,293726.340514,30128.85222351728,90.54731800000002,67.3701909787234,68.73847550075867,0.3132715786646546,20,64,,False,False,Request timeout: 300.0s exceeded,431,21.16838264042747
404,2026-09-14T02:29:14.666+00:00,2026-09-14T02:34:08.356+00:00,2026-09-14T02:34:14.755+00:00,False,89,88.0,,88.0,293689.437813,300088.489333,300088.48933,3371.780778988764,0.03161,293689.437813,31123.31649893577,91.782785,72.71649454545455,19.893784005577132,0.29324683594361,20,64,,False,False,Request timeout: 300.0s exceeded,362,21.16838264042747
405,2026-09-14T02:29:18.033+00:00,2026-09-14T02:34:11.667+00:00,2026-09-14T02:34:18.062+00:00,False,93,92.0,,92.0,293633.693403,300028.586459,300028.586319,3226.113831387097,0.02014,293633.693403,30441.194599270788,90.809151,69.50970713043478,20.48787733317378,0.30663744773724133,20,64,,False,False,Request timeout: 300.0s exceeded,425,21.16838264042747
406,2026-09-14T02:29:21.559+00:00,2026-09-14T02:34:15.148+00:00,2026-09-14T02:34:21.587+00:00,False,95,94.0,,94.0,293588.75608099997,300027.99627299997,300027.99614299997,3158.18943308421,0.022,293588.75608099997,30114.549100736884,87.6604487,68.50255523404256,19.89065000046244,0.31330409551003363,20,64,,False,False,Request timeout: 300.0s exceeded,403,21.16838264042747
407,2026-09-14T02:29:25.289+00:00,2026-09-14T02:34:18.951+00:00,2026-09-14T02:34:25.376+00:00,False,95,94.0,,94.0,293661.27107099997,300086.77020699997,300086.770172,3158.808107073684,0.02248,293661.27107099997,30122.00425955209,89.1872838,68.35637378723403,20.317149079276398,0.31324273287742327,20,64,,False,False,Request timeout: 300.0s exceeded,492,21.16838264042747
408,2026-09-14T02:29:28.987+00:00,2026-09-14T02:34:22.872+00:00,2026-09-14T02:34:29.026+00:00,False,88,87.0,,87.0,293885.020772,300038.98378,300038.983866,3409.533907568182,0.03445,293885.020772,31320.714240432757,88.32042100000001,70.73520698850575,19.759965793789235,0.28996232057562127,20,64,,False,False,Request timeout: 300.0s exceeded,308,21.16838264042747
409,2026-09-14T02:29:32.964+00:00,2026-09-14T02:34:26.562+00:00,2026-09-14T02:34:33.135+00:00,False,96,95.0,,95.0,293597.970931,300170.53720300004,300170.53720300004,3126.776429197917,0.06078,293597.970931,29958.16295458954,89.18196449999999,69.18490812631579,20.11311750707883,0.31648675744532906,20,64,,False,False,Request timeout: 300.0s exceeded,453,21.16838264042747
410,2026-09-14T02:29:36.822+00:00,2026-09-14T02:34:30.439+00:00,2026-09-14T02:34:36.863+00:00,False,94,93.0,,93.0,293617.234374,300041.637062,300041.636938,3191.932307851064,0.03626,293617.234374,30277.187012034803,88.1142923,69.07959879569893,20.173337008114153,0.30995698100654834,20,64,,False,False,Request timeout: 300.0s exceeded,462,21.16838264042747
411,2026-09-14T02:29:39.476+00:00,2026-09-14T02:34:33.224+00:00,2026-09-14T02:34:39.514+00:00,False,94,93.0,,93.0,293747.646111,300037.374111,300037.37418,3191.886959361702,0.03472,293747.646111,30290.7874349688,88.41296015,67.63148387096774,20.35597475982898,0.30996138489598396,20,64,,False,False,Request timeout: 300.0s exceeded,461,21.16838264042747
412,2026-09-14T02:29:43.223+00:00,2026-09-14T02:34:36.781+00:00,2026-09-14T02:34:43.278+00:00,False,95,94.0,,94.0,293558.319345,300055.434993,300055.43510600005,3158.4782642736845,0.020079999999999997,293558.319345,30111.363163976166,87.9892974,69.11825157446809,19.8525822594549,0.31327544525961654,20,64,,False,False,Request timeout: 300.0s exceeded,394,21.16838264042747
413,2026-09-14T02:29:47.687+00:00,2026-09-14T02:34:41.113+00:00,2026-09-14T02:34:47.773+00:00,False,101,100.0,,100.0,293426.043008,300085.090176,300085.09020700003,2971.139507,0.036969999999999996,293426.043008,29190.363146444226,86.80955599999999,66.59047168,19.74196368217964,0.33323881550179635,20,64,,False,False,Request timeout: 300.0s exceeded,330,21.16838264042747
414,2026-09-14T02:29:50.766+00:00,2026-09-14T02:34:44.868+00:00,2026-09-14T02:34:50.784+00:00,False,92,91.0,,91.0,294102.16735500004,300018.09567500005,300018.09566200007,3261.0662571956527,0.03729,294102.16735500004,30655.499186404384,86.26560450000001,65.01020131868133,19.94802293415005,0.3033150376988506,20,64,,False,False,Request timeout: 300.0s exceeded,474,21.16838264042747
415,2026-09-14T02:29:54.491+00:00,2026-09-14T02:34:48.627+00:00,2026-09-14T02:34:54.582+00:00,False,89,88.0,,88.0,294136.441116,300091.017244,300091.017271,3371.8091828202246,0.03535,294136.441116,31171.23411744926,86.805523,67.6656378181818,19.867011884513108,0.29324436568672224,20,64,,True,False,Request timeout: 300.0s exceeded,402,21.16838264042747
416,2026-09-14T02:29:57.455+00:00,2026-09-14T02:34:50.782+00:00,2026-09-14T02:34:57.477+00:00,False,98,97.0,,97.0,293327.678645,300022.005173,300022.00513,3061.449031938775,0.052340000000000005,293327.678645,29623.60523126046,88.62038434999998,69.01367554639175,19.8291982726436,0.32330961838638284,20,64,,True,False,Request timeout: 300.0s exceeded,462,21.16838264042747
417,2026-09-14T02:30:01.279+00:00,2026-09-14T02:34:54.916+00:00,2026-09-14T02:35:01.304+00:00,False,99,98.0,,98.0,293637.27770599996,300024.924426,300024.924348,3030.554791393939,0.055689,293637.27770599996,29505.112902658242,88.39016799999999,65.18006857142858,20.340195114448107,0.32663952899077,20,64,,True,False,Request timeout: 300.0s exceeded,323,21.16838264042747
418,2026-09-14T02:30:04.458+00:00,2026-09-14T02:34:58.557+00:00,2026-09-14T02:35:04.464+00:00,False,90,89.0,,89.0,294099.362914,300005.767778,300005.767712,3333.397419022222,0.06554,294099.362914,30993.806206658544,88.93825795,66.36409959550562,20.580992174558208,0.29666096308474554,20,64,,True,False,Request timeout: 300.0s exceeded,365,21.16838264042747
419,2026-09-14T02:30:07.957+00:00,2026-09-14T02:35:01.810+00:00,2026-09-14T02:35:07.972+00:00,False,91,90.0,,90.0,293853.360347,300015.270107,300015.270215,3296.8711012637364,0.02401,293853.360347,30797.031527908257,88.18084950000001,68.465664,20.1097061455038,0.29998473067021436,20,64,,True,False,Request timeout: 300.0s exceeded,390,21.16838264042747
420,2026-09-14T02:30:12.652+00:00,2026-09-14T02:35:06.079+00:00,2026-09-14T02:35:12.670+00:00,False,101,100.0,,100.0,293426.750481,300018.390033,300018.389863,2970.4791075544554,0.040850000000000004,293426.750481,29190.500932964995,89.58451099999998,65.91639552000001,20.209943099936332,0.33331290121582446,20,64,,True,False,Request timeout: 300.0s exceeded,411,21.16838264042747
421,2026-09-14T02:30:17.050+00:00,2026-09-14T02:35:10.727+00:00,2026-09-14T02:35:17.108+00:00,False,95,94.0,,94.0,293676.52354900003,300057.624093,300057.624085,3158.501306157895,0.047240000000000004,293676.52354900003,30123.618077494324,90.17517699999999,67.88404834042554,21.035111554890836,0.31327315972769815,20,64,,True,False,Request timeout: 300.0s exceeded,394,21.16838264042747
422,2026-09-14T02:30:19.949+00:00,2026-09-14T02:35:13.497+00:00,2026-09-14T02:35:19.979+00:00,False,96,95.0,,95.0,293548.61530199996,300029.98080599995,300029.98079699994,3125.31229996875,0.023379999999999998,293548.61530199996,29953.224012108894,90.01578574999999,68.22490004210526,20.72654899242865,0.3166350234226332,20,64,,True,False,Request timeout: 300.0s exceeded,483,21.16838264042747
423,2026-09-14T02:30:24.055+00:00,2026-09-14T02:35:17.401+00:00,2026-09-14T02:35:24.106+00:00,False,96,95.0,,95.0,293346.36862300005,300051.025007,300051.02479700005,3125.5315083020837,0.03638,293346.36862300005,29932.341299338685,88.52411075,70.57533035789473,19.033055664285637,0.31661281609614134,20,64,,True,False,Request timeout: 300.0s exceeded,485,21.16838264042747
424,2026-09-14T02:30:28.235+00:00,2026-09-14T02:35:21.515+00:00,2026-09-14T02:35:28.247+00:00,False,96,95.0,,95.0,293280.504657,300011.882577,300011.882495,3125.1237759895835,0.0229,293280.504657,29925.59204024905,89.29975675,70.85660968421053,21.510461116023436,0.3166541244432798,20,64,,True,False,Request timeout: 300.0s exceeded,495,21.16838264042747
425,2026-09-14T02:30:32.587+00:00,2026-09-14T02:35:26.378+00:00,2026-09-14T02:35:32.593+00:00,False,92,91.0,,91.0,293790.524935,300005.818631,300005.818462,3260.9328093695653,0.03535,293790.524935,30622.665404925167,88.95595610000001,68.29993072527472,20.191418427382164,0.3033274501649844,20,64,,True,False,Request timeout: 300.0s exceeded,407,21.16838264042747
426,2026-09-14T02:30:35.498+00:00,2026-09-14T02:35:29.486+00:00,2026-09-14T02:35:35.548+00:00,False,87,86.0,,86.0,293988.105101,300050.724493,300050.72448,3448.8589020689656,0.02185,293988.105101,31511.2809011375,87.558025,70.4955743255814,18.83366977921531,0.2866182047895916,20,64,,True,False,Request timeout: 300.0s exceeded,430,21.16838264042747
427,2026-09-14T02:30:39.244+00:00,2026-09-14T02:35:32.940+00:00,2026-09-14T02:35:39.256+00:00,False,93,92.0,,92.0,293696.58951099997,300011.96845499997,300011.968656,3225.9351468387094,0.02045,293696.58951099997,30447.805402691392,88.2858776,68.64542330434783,19.185389321967612,0.3066544327340709,20,64,,True,False,Request timeout: 300.0s exceeded,395,21.16838264042747
428,2026-09-14T02:30:43.601+00:00,2026-09-14T02:35:37.329+00:00,2026-09-14T02:35:43.659+00:00,False,94,93.0,,93.0,293728.343958,300058.45135,300058.451382,3192.111184914894,0.02216,293728.343958,30288.751716170722,89.32259645,68.06567088172042,20.24852584091804,0.30993961203752646,20,64,,True,False,Request timeout: 300.0s exceeded,472,21.16838264042747
429,2026-09-14T02:30:47.090+00:00,2026-09-14T02:35:40.775+00:00,2026-09-14T02:35:47.135+00:00,False,91,90.0,,90.0,293684.986964,300044.73813199997,300044.738105,3297.194924230769,0.03714,293684.986964,30779.151049522403,90.1538845,70.66390186666666,20.541610605359164,0.29995526853867344,20,64,,True,False,Request timeout: 300.0s exceeded,408,21.16838264042747
430,2026-09-14T02:30:51.654+00:00,2026-09-14T02:35:45.475+00:00,2026-09-14T02:35:51.731+00:00,False,92,91.0,,91.0,293821.15984100004,300077.23356900003,300077.23356200004,3261.7090604565224,0.07517,293821.15984100004,30625.81288062214,91.003874,68.74806294505495,20.628118166543658,0.3032552617127329,20,64,,True,False,Request timeout: 300.0s exceeded,225,21.16838264042747
431,2026-09-14T02:30:54.931+00:00,2026-09-14T02:35:48.682+00:00,2026-09-14T02:35:54.964+00:00,False,92,91.0,,91.0,293750.65505400003,300032.356686,300032.35672100005,3261.221268706522,0.020079999999999997,293750.65505400003,30618.432040331078,88.18779554999999,69.02968826373626,19.313156511468968,0.303300620656846,20,64,,True,False,Request timeout: 300.0s exceeded,435,21.16838264042747
432,2026-09-14T02:30:58.260+00:00,2026-09-14T02:35:51.737+00:00,2026-09-14T02:35:58.301+00:00,False,97,96.0,,96.0,293477.400123,300040.78034700005,300040.78047700005,3093.2039224432992,0.0373,293477.400123,29791.179667345747,88.0650268,68.368544,19.265639172782993,0.31995650687541566,20,64,,True,False,Request timeout: 300.0s exceeded,307,21.16838264042747
433,2026-09-14T02:31:01.964+00:00,2026-09-14T02:35:55.606+00:00,2026-09-14T02:36:01.987+00:00,False,94,93.0,,93.0,293642.293011,300023.64853099996,300023.64853899996,3191.740941904255,0.02265,293642.293011,30279.819396979314,89.0074768,68.61672602150537,20.238371672580367,0.3099755651107975,20,64,,True,False,Request timeout: 300.0s exceeded,441,21.16838264042747
434,2026-09-14T02:31:04.859+00:00,2026-09-14T02:35:58.704+00:00,2026-09-14T02:36:04.910+00:00,False,90,89.0,,89.0,293845.305367,300051.768599,300051.768584,3333.9085398222223,0.0354,293845.305367,30966.670464234558,88.97646535,69.73554193258427,20.04095858363875,0.29661548210683203,20,64,,True,False,Request timeout: 300.0s exceeded,403,21.16838264042747
435,2026-09-14T02:31:07.747+00:00,2026-09-14T02:36:01.554+00:00,2026-09-14T02:36:07.789+00:00,False,91,90.0,,90.0,293806.65998299996,300041.742223,300041.742199,3297.162002186813,0.02125,293806.65998299996,30792.05077404565,89.8369905,69.27869155555555,20.112361132067647,0.29995826358423594,20,64,,True,False,Request timeout: 300.0s exceeded,341,21.16838264042747
436,2026-09-14T02:31:10.689+00:00,2026-09-14T02:36:04.526+00:00,2026-09-14T02:36:10.735+00:00,False,89,88.0,,88.0,293836.768883,300046.18712300004,300046.18709200004,3371.3054729438204,0.03488,293836.768883,31139.16165157321,88.8422526,70.5615709090909,19.3678177695837,0.29328817954259,20,64,,True,False,Request timeout: 300.0s exceeded,450,21.16838264042747
437,2026-09-14T02:31:14.488+00:00,2026-09-14T02:36:08.245+00:00,2026-09-14T02:36:14.508+00:00,False,93,92.0,,92.0,293756.755467,300019.790347,300019.790513,3226.019252827957,0.034570000000000004,293756.755467,30454.103427692575,87.06414699999999,68.07646608695651,19.35965219436867,0.30664643786862755,20,64,,True,False,Request timeout: 300.0s exceeded,483,21.16838264042747
438,2026-09-14T02:31:17.337+00:00,2026-09-14T02:36:11.270+00:00,2026-09-14T02:36:17.369+00:00,False,89,88.0,,88.0,293932.94057800004,300031.49597000005,300031.49577100005,3371.1404019213487,0.03449,293932.94057800004,31149.489345889917,88.805162,69.3017658181818,19.331527808155183,0.2933025405066109,20,64,,True,False,Request timeout: 300.0s exceeded,442,21.16838264042747
439,2026-09-14T02:31:20.752+00:00,2026-09-14T02:36:14.639+00:00,2026-09-14T02:36:20.797+00:00,False,89,88.0,,88.0,293887.602738,300045.879602,300045.879564,3371.3020175730335,0.04357,293887.602738,31144.61156858731,88.46418740000001,69.9804189090909,19.267048259949348,0.29328848013753367,20,64,,True,False,Request timeout: 300.0s exceeded,440,21.16838264042747
440,2026-09-14T02:31:24.947+00:00,2026-09-14T02:36:18.633+00:00,2026-09-14T02:36:24.974+00:00,False,96,95.0,,95.0,293686.661525,300027.187093,300027.18700700003,3125.283197989583,0.03914,293686.661525,29967.464001739947,87.73809475,66.7423744,19.829899944035198,0.31663797178004627,20,64,,True,False,Request timeout: 300.0s exceeded,361,21.16838264042747
441,2026-09-14T02:31:28.437+00:00,2026-09-14T02:36:22.254+00:00,2026-09-14T02:36:28.478+00:00,False,93,92.0,,92.0,293816.913394,300041.544946,300041.54488199996,3226.253170774193,0.03817,293816.913394,30460.3852096307,87.95263639999999,67.65903860869565,20.0031446338315,0.3066242043799558,20,64,,True,False,Request timeout: 300.0s exceeded,498,21.16838264042747
442,2026-09-14T02:31:32.564+00:00,2026-09-14T02:36:26.358+00:00,2026-09-14T02:36:32.583+00:00,False,87,86.0,,86.0,293793.71812800004,300019.015536,300019.01562500006,3448.4944324712646,0.039990000000000005,293793.71812800004,31490.237168634543,88.0560673,72.3871791627907,18.03212758787871,0.28664849741726,20,64,,True,False,Request timeout: 300.0s exceeded,128,21.16838264042747
443,2026-09-14T02:31:37.018+00:00,2026-09-14T02:36:30.903+00:00,2026-09-14T02:36:37.082+00:00,False,90,89.0,,89.0,293885.14619199996,300063.94503999996,300063.94494699995,3334.043832744444,0.02958,293885.14619199996,30970.90318824909,89.09258485000001,69.42470615730338,20.60831476822614,0.29660344560268936,20,64,,True,False,Request timeout: 300.0s exceeded,368,21.16838264042747
444,2026-09-14T02:31:41.073+00:00,2026-09-14T02:36:34.889+00:00,2026-09-14T02:36:41.133+00:00,False,91,90.0,,90.0,293815.356114,300059.655122,300059.65513100004,3297.358847593407,0.02053,293815.356114,30792.952106878438,89.44591150000001,69.38110008888889,20.821618438217694,0.29994035673808683,20,64,,True,False,Request timeout: 300.0s exceeded,423,21.16838264042747
445,2026-09-14T02:31:44.930+00:00,2026-09-14T02:36:38.840+00:00,2026-09-14T02:36:44.974+00:00,False,89,88.0,,88.0,293910.19579900004,300044.915287,300044.915404,3371.291184314607,0.02548,293910.19579900004,31147.035813021404,89.96816400000002,69.71272145454546,20.85254340044473,0.2932894227380122,20,64,,True,False,Request timeout: 300.0s exceeded,325,21.16838264042747
446,2026-09-14T02:31:48.928+00:00,2026-09-14T02:36:42.704+00:00,2026-09-14T02:36:49.019+00:00,False,91,90.0,,90.0,293775.483466,300090.415434,300090.415373,3297.6968722307693,0.03548,293775.483466,30788.689848367016,90.499224,70.16591075555556,20.520642654520604,0.29990961180762543,20,64,,True,False,Request timeout: 300.0s exceeded,448,21.16838264042747
447,2026-09-14T02:31:52.697+00:00,2026-09-14T02:36:46.506+00:00,2026-09-14T02:36:52.745+00:00,False,94,93.0,,93.0,293809.704739,300048.376611,300048.376746,3192.00400793617,0.025929999999999998,293809.704739,30297.244703761953,87.42090094999999,67.08249324731183,20.03369158537878,0.3099500188950216,20,64,,True,False,Request timeout: 300.0s exceeded,410,21.16838264042747
448,2026-09-14T02:31:55.461+00:00,2026-09-14T02:36:49.368+00:00,2026-09-14T02:36:55.524+00:00,False,89,88.0,,88.0,293906.88637699996,300063.31056899996,300063.31050799997,3371.4978708764042,0.04117,293906.88637699996,31146.657981714492,87.70750080000002,69.95936581818181,19.462593887786518,0.29327144272696504,20,64,,True,False,Request timeout: 300.0s exceeded,339,21.16838264042747
449,2026-09-14T02:31:59.141+00:00,2026-09-14T02:36:52.530+00:00,2026-09-14T02:36:59.179+00:00,False,93,92.0,,92.0,293388.520295,300037.973095,300037.973216,3226.214765763441,0.023329999999999997,293388.520295,30415.483376947814,88.61888139999999,72.27666086956522,18.860752202226394,0.3066278546378206,20,64,,True,False,Request timeout: 300.0s exceeded,348,21.16838264042747
450,2026-09-14T02:32:02.794+00:00,2026-09-14T02:36:56.299+00:00,2026-09-14T02:37:02.863+00:00,False,93,92.0,,92.0,293505.781242,300069.255162,300069.254943,3226.551128419355,0.01982,293505.781242,30427.740177319556,88.79071820000001,71.34210782608696,19.659206152262083,0.30659588884016614,20,64,,True,False,Request timeout: 300.0s exceeded,438,21.16838264042747
451,2026-09-14T02:32:06.998+00:00,2026-09-14T02:37:00.670+00:00,2026-09-14T02:37:07.187+00:00,False,102,101.0,,101.0,293672.706614,300189.10162200005,300189.10161500005,2943.030407990196,0.039369999999999995,293672.706614,29071.555830267665,90.77328255,64.51876245544554,27.894798532778825,0.3364545863066668,20,64,,True,False,Request timeout: 300.0s exceeded,451,21.16838264042747
452,2026-09-14T02:32:11.396+00:00,2026-09-14T02:37:06.940+00:00,2026-09-14T02:37:11.412+00:00,False,67,66.0,,66.0,295543.9705,300016.22394,300016.223903,4477.854088104477,0.0,295543.9705,36098.17905635236,91.05095229999999,67.76141575757575,32.90725599644397,0.21998810308738267,20,64,,True,False,Request timeout: 300.0s exceeded,349,21.16838264042747
453,2026-09-14T02:32:14.824+00:00,2026-09-14T02:37:08.367+00:00,2026-09-14T02:37:14.896+00:00,False,96,95.0,,95.0,293542.244077,300072.057325,300072.057538,3125.7505993541668,0.03935,293542.244077,29952.5210716036,89.01918174999999,68.73487629473685,19.78389105795686,0.3165906244216137,20,64,,True,False,Request timeout: 300.0s exceeded,423,21.16838264042747
454,2026-09-14T02:32:19.025+00:00,2026-09-14T02:37:13.006+00:00,2026-09-14T02:37:19.104+00:00,False,96,95.0,,95.0,293980.687855,300079.393263,300079.393416,3125.82701475,0.03575,293980.687855,29997.733169791587,88.27502149999998,64.19689903157895,20.4940961906195,0.3165828848392089,20,64,,True,False,Request timeout: 300.0s exceeded,503,21.16838264042747
455,2026-09-14T02:32:23.540+00:00,2026-09-14T02:37:17.768+00:00,2026-09-14T02:37:23.565+00:00,False,88,87.0,,87.0,294227.993578,300025.12049,300025.120536,3409.3763697272725,0.03307,294227.993578,31357.713067346605,89.77709720000001,66.63364266666666,20.6731215176746,0.28997571889284435,20,64,,True,False,Request timeout: 300.0s exceeded,424,21.16838264042747
456,2026-09-14T02:32:27.036+00:00,2026-09-14T02:37:20.498+00:00,2026-09-14T02:37:27.047+00:00,False,101,100.0,,100.0,293461.873848,300010.483384,300010.48352,2970.4008269306933,0.02526,293461.873848,29194.038728595522,89.053692,65.48609536,20.31858705218651,0.3333216855359167,20,64,,True,False,Request timeout: 300.0s exceeded,455,21.16838264042747
457,2026-09-14T02:32:30.865+00:00,2026-09-14T02:37:24.639+00:00,2026-09-14T02:37:30.879+00:00,False,91,90.0,,90.0,293773.72630299994,300014.01891099993,300014.01892699994,3296.857350846153,0.02246,293773.72630299994,30788.592254095096,88.7345875,69.33658453333334,20.01295082748469,0.299985981744069,20,64,,True,False,Request timeout: 300.0s exceeded,312,21.16838264042747
458,2026-09-14T02:32:33.541+00:00,2026-09-14T02:37:27.257+00:00,2026-09-14T02:37:33.575+00:00,False,91,90.0,,90.0,293716.511175,300034.920903,300034.92091499997,3297.087043021978,0.023489999999999997,293716.511175,30782.50303644532,87.99084950000001,70.20455253333333,19.29060023814503,0.2999650831614251,20,64,,True,False,Request timeout: 300.0s exceeded,474,21.16838264042747
459,2026-09-14T02:32:36.979+00:00,2026-09-14T02:37:30.878+00:00,2026-09-14T02:37:37.001+00:00,False,91,90.0,,90.0,293898.412922,300022.037626,300022.037704,3296.945469274725,0.035588999999999996,293898.412922,30801.798214096718,87.988269,68.04027448888888,18.99636751794105,0.29997796399273763,20,64,,True,False,Request timeout: 300.0s exceeded,317,21.16838264042747
460,2026-09-14T02:32:41.394+00:00,2026-09-14T02:37:34.965+00:00,2026-09-14T02:37:41.403+00:00,False,97,96.0,,96.0,293571.097015,300008.600247,300008.600093,3092.8721659072166,0.03622,293571.097015,29800.826590539644,87.7388968,67.05732533333334,19.748528785972518,0.31999082666617645,20,64,,True,False,Request timeout: 300.0s exceeded,489,21.16838264042747
461,2026-09-14T02:32:44.506+00:00,2026-09-14T02:37:38.170+00:00,2026-09-14T02:37:44.566+00:00,False,93,92.0,,92.0,293663.586383,300060.205391,300060.205383,3226.453821322581,0.02716,293663.586383,30444.291749874916,88.33710159999998,69.52846747826088,19.469818856567084,0.30660513572640324,20,64,,True,False,Request timeout: 300.0s exceeded,395,21.16838264042747
462,2026-09-14T02:32:47.625+00:00,2026-09-14T02:37:41.399+00:00,2026-09-14T02:37:47.667+00:00,False,90,89.0,,89.0,293773.927579,300042.201499,300042.201489,3333.802238766667,0.03508,293773.927579,30959.072417694417,88.2318495,70.43004404494383,18.47751644686345,0.29662493994297867,20,64,,True,False,Request timeout: 300.0s exceeded,426,21.16838264042747
463,2026-09-14T02:32:52.028+00:00,2026-09-14T02:37:45.778+00:00,2026-09-14T02:37:52.051+00:00,False,94,93.0,,93.0,293750.241906,300022.934642,300022.93467600003,3191.7333476170215,0.02459,293750.241906,30291.073418968834,88.84792265,67.44830898924731,19.361684498074975,0.30997630268156506,20,64,,True,False,Request timeout: 300.0s exceeded,361,21.16838264042747
464,2026-09-14T02:32:54.704+00:00,2026-09-14T02:37:48.463+00:00,2026-09-14T02:37:54.729+00:00,False,92,91.0,,91.0,293758.849406,300024.480126,300024.480292,3261.135655347826,0.03599,293758.849406,30619.305055736353,88.28332955,68.85308483516484,19.762065897685158,0.3033085832255525,20,64,,True,False,Request timeout: 300.0s exceeded,423,21.16838264042747
465,2026-09-14T02:32:57.348+00:00,2026-09-14T02:37:50.765+00:00,2026-09-14T02:37:57.382+00:00,False,94,93.0,,93.0,293416.64621700003,300033.530953,300033.531031,3191.8460747978725,0.022969999999999997,293416.64621700003,30256.284450200463,90.53367030000001,71.14929823655913,20.166836326951618,0.3099653552208082,20,64,,True,False,Request timeout: 300.0s exceeded,452,21.16838264042747
466,2026-09-14T02:33:00.507+00:00,2026-09-14T02:37:54.174+00:00,2026-09-14T02:38:00.599+00:00,False,89,88.0,,88.0,293666.943787,300091.825963,300091.82590600004,3371.8182686067416,0.03536,293666.943787,31120.90079540714,90.8727504,73.01002472727274,19.529768712972928,0.293243575420978,20,64,,True,False,Request timeout: 300.0s exceeded,321,21.16838264042747
467,2026-09-14T02:33:03.847+00:00,2026-09-14T02:37:57.543+00:00,2026-09-14T02:38:03.894+00:00,False,91,90.0,,90.0,293695.500384,300046.57264,300046.57265,3297.215084065934,0.02029,293695.500384,30780.262511908943,88.60218300000001,70.56746951111111,19.368545937169152,0.2999534345889137,20,64,,True,False,Request timeout: 300.0s exceeded,391,21.16838264042747
468,2026-09-14T02:33:08.384+00:00,2026-09-14T02:38:02.122+00:00,2026-09-14T02:38:08.472+00:00,False,93,92.0,,92.0,293737.801913,300087.871929,300087.872019,3226.7513120322583,0.03477,293737.801913,30452.04063010838,90.303969,69.02250017391304,20.43211086127899,0.30657686833064335,20,64,,True,False,Request timeout: 300.0s exceeded,482,21.16838264042747
469,2026-09-14T02:33:11.226+00:00,2026-09-14T02:38:05.037+00:00,2026-09-14T02:38:12.788+00:00,False,70,69.0,,69.0,293811.02812599996,301562.51023799996,301562.51018599997,4308.035859799999,0.02928,293811.02812599996,35105.51580754237,90.88733545,112.34032046376811,358.93272836790277,0.22880828238743484,20,64,,True,False,Request timeout: 300.0s exceeded,432,21.16838264042747
470,2026-09-14T02:33:15.054+00:00,2026-09-14T02:38:08.555+00:00,2026-09-14T02:38:15.101+00:00,False,106,105.0,,105.0,293500.736158,300047.44975800003,300047.449811,2830.636318971698,0.01515,293500.736158,28502.826355838122,90.2529495,62.349653333333336,300.6639701166849,0.34994465070336905,20,64,,True,False,Request timeout: 300.0s exceeded,529,21.16838264042747
471,2026-09-14T02:33:18.801+00:00,2026-09-14T02:38:14.043+00:00,2026-09-14T02:38:18.815+00:00,False,73,72.0,,72.0,295241.46780299995,300014.00335499994,300014.00319099997,4109.780865630136,0.02875,295241.46780299995,34547.64763729341,85.6621556,66.285216,19.884949371131245,0.23998879783889285,20,64,,True,False,Request timeout: 300.0s exceeded,389,21.16838264042747
472,2026-09-14T02:33:22.109+00:00,2026-09-14T02:38:15.346+00:00,2026-09-14T02:38:22.181+00:00,False,103,102.0,,102.0,293236.646022,300072.180358,300072.180226,2913.322138116505,0.03878,293236.646022,28886.86864041398,89.05658019999998,67.01504250980392,19.553543558637255,0.3399182152717699,20,64,,True,False,Request timeout: 300.0s exceeded,341,21.16838264042747
473,2026-09-14T02:33:25.019+00:00,2026-09-14T02:38:18.284+00:00,2026-09-14T02:38:25.082+00:00,False,100,99.0,,99.0,293265.269501,300063.853053,300063.853012,3000.63853012,0.020980000000000002,293265.269501,29319.666285169955,89.57529140000001,68.67256113131313,19.759656829260855,0.3299297765882974,20,64,,True,False,Request timeout: 300.0s exceeded,462,21.16838264042747
474,2026-09-14T02:33:28.315+00:00,2026-09-14T02:38:22.179+00:00,2026-09-14T02:38:28.321+00:00,False,95,94.0,,94.0,293864.30357499997,300006.584023,300006.583811,3157.964040115789,0.02104,293864.30357499997,30143.14388726919,86.89530269999999,65.3434090212766,20.035111214390632,0.3133264568380056,20,64,,True,False,Request timeout: 300.0s exceeded,443,21.16838264042747
475,2026-09-14T02:33:30.943+00:00,2026-09-14T02:38:24.755+00:00,2026-09-14T02:38:30.998+00:00,False,99,98.0,,98.0,293811.86450300005,300055.35506300005,300055.355166,3030.86217339394,0.02184,293811.86450300005,29522.807246019907,88.1086139,63.70908734693877,20.15641876492322,0.3266064022734198,20,64,,True,False,Request timeout: 300.0s exceeded,131,21.16838264042747
476,2026-09-14T02:33:35.468+00:00,2026-09-14T02:38:29.255+00:00,2026-09-14T02:38:35.482+00:00,False,93,92.0,,92.0,293787.143415,300014.512887,300014.512839,3225.962503645161,0.051999000000000004,293787.143415,30457.29539125596,88.536189,67.68879860869566,20.41450316154208,0.3066518319887134,20,64,,True,False,Request timeout: 300.0s exceeded,447,21.16838264042747
477,2026-09-14T02:33:39.185+00:00,2026-09-14T02:38:32.863+00:00,2026-09-14T02:38:39.268+00:00,False,91,90.0,,90.0,293678.130612,300082.797748,300082.79767400003,3297.6131612527474,0.02438,293678.130612,30778.379471300766,89.9318205,71.16296817777778,19.73630016034162,0.29991722509725177,20,64,,True,False,Request timeout: 300.0s exceeded,330,21.16838264042747
478,2026-09-14T02:33:43.366+00:00,2026-09-14T02:38:37.214+00:00,2026-09-14T02:38:43.409+00:00,False,93,92.0,,92.0,293848.29963200004,300043.68292800005,300043.68296500004,3226.276160913979,0.0259,293848.29963200004,30463.6734105392,89.2524816,67.3411227826087,20.95677361049533,0.30662201950799534,20,64,,True,False,Request timeout: 300.0s exceeded,436,21.16838264042747
479,2026-09-14T02:33:47.653+00:00,2026-09-14T02:38:41.152+00:00,2026-09-14T02:38:47.674+00:00,False,101,100.0,,100.0,293498.950207,300020.956223,300020.95617200003,2970.5045165544557,0.03743,293498.950207,29197.754313859536,86.83126700000001,65.22006016,20.14202508658292,0.33331005026752814,20,64,,True,False,Request timeout: 300.0s exceeded,459,21.16838264042747
480,2026-09-14T02:33:50.314+00:00,2026-09-14T02:38:43.892+00:00,2026-09-14T02:38:50.357+00:00,False,100,99.0,,99.0,293577.899399,300043.323271,300043.323323,3000.43323323,0.037200000000000004,293577.899399,29351.265565370868,85.77232684999998,65.30731183838384,19.415527938676846,0.32995235128289424,20,64,,True,False,Request timeout: 300.0s exceeded,465,21.16838264042747
481,2026-09-14T02:33:53.474+00:00,2026-09-14T02:38:47.178+00:00,2026-09-14T02:38:53.564+00:00,False,95,94.0,,94.0,293704.681471,300090.21849500004,300090.218493,3158.844405189474,0.04018,293704.681471,30126.50121019278,88.4328034,67.9312449361702,19.586597230818306,0.31323913345601495,20,64,,True,False,Request timeout: 300.0s exceeded,163,21.16838264042747
482,2026-09-14T02:33:57.581+00:00,2026-09-14T02:38:51.320+00:00,2026-09-14T02:38:57.605+00:00,False,92,91.0,,91.0,293739.309656,300024.05564,300024.055781,3261.1310410978263,0.02767,293739.309656,30617.245677961964,88.38177845,69.06314268131868,19.256795367998453,0.30330901235863317,20,64,,True,False,Request timeout: 300.0s exceeded,360,21.16838264042747
483,2026-09-14T02:34:01.425+00:00,2026-09-14T02:38:55.321+00:00,2026-09-14T02:39:01.466+00:00,False,92,91.0,,91.0,293895.975013,300041.943909,300041.94384200004,3261.3254765434785,0.040159999999999994,293895.975013,30633.738599631226,87.50454505000002,67.53811973626374,19.948043708856048,0.30329092930953505,20,64,,True,False,Request timeout: 300.0s exceeded,409,21.16838264042747
484,2026-09-14T02:34:05.655+00:00,2026-09-14T02:38:59.427+00:00,2026-09-14T02:39:05.953+00:00,False,96,95.0,,95.0,293772.474482,300298.45925,300298.459049,3128.1089484270833,0.032909999999999995,293772.474482,29976.023882689948,89.87045074999997,68.69457650526317,21.131914488585124,0.31635193945804435,20,64,,True,False,Request timeout: 300.0s exceeded,527,21.16838264042747
485,2026-09-14T02:34:09.728+00:00,2026-09-14T02:39:03.368+00:00,2026-09-14T02:39:09.765+00:00,False,101,100.0,,100.0,293640.31062,300037.231196,300037.231339,2970.6656568217822,0.020529,293640.31062,29211.94497853321,89.49278100000001,63.96920576,20.600769720125694,0.3332919704710739,20,64,,True,False,Request timeout: 300.0s exceeded,458,21.16838264042747
486,2026-09-14T02:34:12.968+00:00,2026-09-14T02:39:07.116+00:00,2026-09-14T02:39:13.050+00:00,False,87,86.0,,86.0,294147.937977,300081.685689,300081.685814,3449.2147794712646,0.034210000000000004,294147.937977,31528.57862675783,89.9556209,68.99706641860466,20.749970711338182,0.2865886327002611,20,64,,True,False,Request timeout: 300.0s exceeded,328,21.16838264042747
487,2026-09-14T02:34:15.573+00:00,2026-09-14T02:39:09.065+00:00,2026-09-14T02:39:15.618+00:00,False,99,98.0,,98.0,293492.04667,300045.035598,300045.035751,3030.757936878788,0.04278,293492.04667,29490.346962711246,88.894311,66.86723395918366,20.18086371260262,0.3266176352649284,20,64,,True,False,Request timeout: 300.0s exceeded,330,21.16838264042747
488,2026-09-14T02:34:19.196+00:00,2026-09-14T02:39:12.544+00:00,2026-09-14T02:39:19.244+00:00,False,99,98.0,,98.0,293347.286494,300047.224798,300047.224744,3030.780047919192,0.023169000000000002,293347.286494,29475.647063918765,88.6521999,68.3667173877551,19.803138577567662,0.3266152522023034,20,64,,True,False,Request timeout: 300.0s exceeded,456,21.16838264042747
489,2026-09-14T02:34:22.441+00:00,2026-09-14T02:39:16.291+00:00,2026-09-14T02:39:22.507+00:00,False,90,89.0,,89.0,293850.770912,300066.305504,300066.305564,3334.0700618222218,0.08312,293850.770912,30967.23530482729,87.9767195,69.8374673258427,19.187746030869324,0.2966011123791891,20,64,,True,False,Request timeout: 300.0s exceeded,356,21.16838264042747
490,2026-09-14T02:34:25.478+00:00,2026-09-14T02:39:19.322+00:00,2026-09-14T02:39:25.513+00:00,False,92,91.0,,91.0,293844.26178500004,300034.39580100006,300034.39575100003,3261.243432076087,0.023370000000000002,293844.26178500004,30628.29653831101,87.66737949999998,68.02345072527473,19.969031677558227,0.30329855934369737,20,64,,True,False,Request timeout: 300.0s exceeded,387,21.16838264042747
491,2026-09-14T02:34:29.534+00:00,2026-09-14T02:39:23.059+00:00,2026-09-14T02:39:29.581+00:00,False,98,97.0,,97.0,293524.93396600004,300046.63585400005,300046.635712,3061.7003644081638,0.036979,293524.93396600004,29643.71083870815,88.2631675,67.23404008247424,19.897089307118954,0.32328307805856993,20,64,,True,False,Request timeout: 300.0s exceeded,434,21.16838264042747
492,2026-09-14T02:34:32.390+00:00,2026-09-14T02:39:26.118+00:00,2026-09-14T02:39:32.423+00:00,False,94,93.0,,93.0,293728.025747,300033.190035,300033.189831,3191.8424450106386,0.023559999999999998,293728.025747,30288.746700733795,88.83482215,67.7974654623656,20.4620628593233,0.309965707424406,20,64,,True,False,Request timeout: 300.0s exceeded,451,21.16838264042747
493,2026-09-14T02:34:35.977+00:00,2026-09-14T02:39:29.583+00:00,2026-09-14T02:39:35.985+00:00,False,110,109.0,,109.0,293606.339962,300008.318586,300008.31856100005,2727.3483505545455,0.06891,293606.339962,27988.673061398906,86.97533645,58.7337488440367,19.876033628253033,0.3633232588807506,20,64,,True,False,Request timeout: 300.0s exceeded,560,21.16838264042747
494,2026-09-14T02:34:39.225+00:00,2026-09-14T02:39:32.688+00:00,2026-09-14T02:39:39.326+00:00,False,144,143.0,,143.0,293462.34303399996,300100.596346,300100.59655499994,2084.031920520833,0.01823,293462.34303399996,24451.345479303596,91.25995875000001,46.42135183216784,30.32439645861198,0.47650688382880996,20,64,,True,False,Request timeout: 300.0s exceeded,713,21.16838264042747
0,2026-09-14T02:04:40.905+00:00,2026-09-14T02:04:41.145+00:00,2026-09-14T02:04:45.786+00:00,True,104,104.0,,104.0,240.08562400000002,4880.903544000001,4880.903593,46.93176531730769,0.023989999999999997,240.08562400000002,24.665783516615104,70.74435265,45.05648466019417,15.653927980479889,21.307530268211337,21,64,,False,True,,341,21.16838264042747
1,2026-09-14T02:04:46.088+00:00,2026-09-14T02:04:46.290+00:00,2026-09-14T02:05:02.961+00:00,True,263,263.0,,263.0,202.295074,16872.890402,16872.890263,64.1554762851711,38.658788,202.295074,22.992344740371806,95.65856909999998,63.628226442748094,21.38413510762934,15.587133782889133,21,64,,False,True,,1016,21.16838264042747
2,2026-09-14T02:04:49.857+00:00,2026-09-14T02:04:54.368+00:00,2026-09-14T02:05:08.149+00:00,True,210,210.0,,210.0,4510.937724,18292.17958,18292.179422,87.1056162952381,39.869106,4510.937724,307.50055953569256,95.21553145,65.93895624880382,21.750312255639194,11.480315895739746,21,64,,False,True,,1039,21.16838264042747
3,2026-09-14T02:04:53.994+00:00,2026-09-14T02:05:00.785+00:00,2026-09-14T02:05:15.113+00:00,True,222,222.0,,222.0,6790.3347300000005,21118.311946,21118.312016,95.1275316036036,37.72099,6790.3347300000005,451.90056264147535,94.67082905000001,64.83247609049774,21.60483514231632,10.512203843169804,21,64,,False,True,,1141,21.16838264042747
4,2026-09-14T02:04:57.468+00:00,2026-09-14T02:05:07.963+00:00,2026-09-14T02:05:20.373+00:00,True,184,184.0,,184.0,10495.095222999998,22905.059767,22905.059681,124.48402000543477,20.845385999999998,10495.095222999998,769.0335177450733,94.42262984999999,67.81401390163934,22.387394087734652,8.03315956700075,21,64,,False,True,,790,21.16838264042747
5,2026-09-14T02:05:02.033+00:00,2026-09-14T02:05:15.338+00:00,2026-09-14T02:05:34.493+00:00,True,284,284.0,,284.0,13304.677271999999,32459.574935999997,32459.574785999997,114.29427741549296,25.059928,13304.677271999999,785.7902781038961,96.55704125,67.68515075618375,22.438604950008205,8.74934439406425,21,64,,False,True,,1397,21.16838264042747
6,2026-09-14T02:05:06.011+00:00,2026-09-14T02:05:22.633+00:00,2026-09-14T02:05:42.102+00:00,True,298,298.0,,298.0,16622.79077,36091.911026,36091.910943,121.11379511073825,0.01767,16622.79077,959.4906643353933,95.22858065,65.55259345454546,26.16459581147526,8.256697734440436,21,64,,False,True,,1312,21.16838264042747
7,2026-09-14T02:05:10.013+00:00,2026-09-14T02:05:29.601+00:00,2026-09-14T02:05:39.590+00:00,True,153,153.0,,153.0,19587.605731,29576.703202999997,29576.703232,193.31178583006536,0.027620000000000002,19587.605731,1578.5176623847833,94.4484676,65.71774652631579,29.104018074309472,5.1729903414144225,21,64,,False,True,,705,21.16838264042747
8,2026-09-14T02:05:15.760+00:00,2026-09-14T02:05:39.731+00:00,2026-09-14T02:05:53.591+00:00,True,212,212.0,,212.0,23971.231315,37830.688595,37830.688719,178.4466449009434,40.452226,23971.231315,1641.9841994737578,96.54220249999999,65.68463165876777,21.83606626289697,5.603915970697387,21,64,,False,True,,664,21.16838264042747
9,2026-09-14T02:05:21.055+00:00,2026-09-14T02:05:48.171+00:00,2026-09-14T02:05:59.945+00:00,True,182,182.0,,182.0,27115.416471,38889.221783,38889.221739,213.67704252197802,40.882864,27115.416471,2005.221896861851,96.74090885000001,65.04864813259668,21.556422509451846,4.679959938914471,21,64,,False,True,,663,21.16838264042747
10,2026-09-14T02:05:25.075+00:00,2026-09-14T02:05:55.748+00:00,2026-09-14T02:06:04.155+00:00,True,128,128.0,,128.0,30672.707635000002,39080.318515000006,39080.318408,305.3149875625,40.115126,30672.707635000002,2705.347528897045,95.710461,66.20166047244095,22.035788275718176,3.275305956139287,21,64,,False,True,,600,21.16838264042747
11,2026-09-14T02:05:29.944+00:00,2026-09-14T02:06:04.743+00:00,2026-09-14T02:06:19.909+00:00,True,228,228.0,,228.0,34798.99064,49964.830256,49964.830304,219.14399256140354,40.005336,34798.99064,2300.2970504979035,93.82220034999999,66.80986614977974,21.729966264416092,4.563209738366333,21,64,,False,True,,1033,21.16838264042747
12,2026-09-14T02:05:34.249+00:00,2026-09-14T02:06:11.713+00:00,2026-09-14T02:06:26.943+00:00,True,232,232.0,,232.0,37463.057067,52693.192107,52693.192195,227.12582842672415,10.891767,37463.057067,2455.345090217665,94.70533254999998,65.93132051948052,22.593237668073186,4.402845808409092,21,64,,False,True,,1074,21.16838264042747
13,2026-09-14T02:05:39.784+00:00,2026-09-14T02:06:21.765+00:00,2026-09-14T02:06:38.428+00:00,True,253,253.0,,253.0,41980.450468,58643.784868,58643.784856000006,231.79361603162056,0.015710000000000002,41980.450468,2635.3390992885707,94.8313378,66.12434285714286,33.17512134871194,4.314182663507686,21,64,,False,True,,999,21.16838264042747
14,2026-09-14T02:05:44.784+00:00,2026-09-14T02:06:30.435+00:00,2026-09-14T02:06:47.794+00:00,True,260,260.0,,260.0,45650.79532500001,63009.756221,63009.75638800001,242.3452168769231,0.0166,45650.79532500001,2827.153605714084,96.26602095,67.02301504247104,30.885163983969047,4.126345118493678,21,64,,False,True,,1433,21.16838264042747
15,2026-09-14T02:05:49.420+00:00,2026-09-14T02:06:38.837+00:00,2026-09-14T02:06:53.461+00:00,True,221,221.0,,221.0,49416.446273,64040.663873,64040.663745,289.77675902714935,7.270564,49416.446273,3319.7155378075095,94.650031,66.47371636363637,22.683359789106515,3.450932370692915,21,64,,False,True,,553,21.16838264042747
16,2026-09-14T02:05:55.075+00:00,2026-09-14T02:06:48.588+00:00,2026-09-14T02:06:59.107+00:00,True,158,158.0,,158.0,53513.029659,64032.104475,64032.104354,405.26648325316455,38.37617899999999,53513.029659,4251.993315471628,95.7693115,67.00047653503185,21.800796546829044,2.4675122158711464,21,64,,False,True,,711,21.16838264042747
17,2026-09-14T02:05:59.443+00:00,2026-09-14T02:06:56.120+00:00,2026-09-14T02:07:04.526+00:00,True,125,125.0,,125.0,56677.094473,65083.124553,65083.124479,520.6649958319999,39.786646,56677.094473,5063.334436684044,94.5592982,67.79056516129032,21.28282543048712,1.9206207578157544,21,64,,False,True,,491,21.16838264042747
18,2026-09-14T02:06:04.562+00:00,2026-09-14T02:07:05.124+00:00,2026-09-14T02:07:22.085+00:00,True,253,253.0,,253.0,60561.344695,77523.144887,77523.144691,306.41559166403164,0.0,60561.344695,3803.3140128617283,96.2082668,67.30873092063493,25.710377576374427,3.263541492915183,21,64,,False,True,,1242,21.16838264042747
19,2026-09-14T02:06:08.605+00:00,2026-09-14T02:07:12.774+00:00,2026-09-14T02:07:30.451+00:00,True,267,267.0,,267.0,64168.429016,81845.698776,81845.698922,306.53819820973786,0.0171,64168.429016,3923.132889641403,96.97541989999999,66.45590135338345,35.03399479074174,3.262236183366714,21,64,,False,True,,948,21.16838264042747
20,2026-09-14T02:06:12.192+00:00,2026-09-14T02:07:18.760+00:00,2026-09-14T02:07:27.800+00:00,True,139,139.0,,139.0,66567.427431,75608.281447,75608.28151500001,543.9444713309352,34.021159,66567.427431,5640.661559903216,95.97112499999999,65.51343489855073,22.062555051257817,1.8384229523512767,21,64,,False,True,,602,21.16838264042747
21,2026-09-14T02:06:16.030+00:00,2026-09-14T02:07:25.919+00:00,2026-09-14T02:07:41.144+00:00,True,232,232.0,,232.0,69888.813235,85113.983155,85113.98311599999,366.8706168793103,0.018359999999999998,69888.813235,4584.259853663169,95.10635699999999,65.90982649350649,38.582908341130654,2.7257565842912994,21,64,,False,True,,1036,21.16838264042747
22,2026-09-14T02:06:21.667+00:00,2026-09-14T02:07:35.362+00:00,2026-09-14T02:07:45.549+00:00,True,157,157.0,,157.0,73694.799429,83882.44717300001,83882.447216,534.2831032866243,39.247587,73694.799429,5876.310812374167,93.63781399999999,65.30543425641025,21.051331055709067,1.8716669016129397,21,64,,False,True,,788,21.16838264042747
23,2026-09-14T02:06:27.083+00:00,2026-09-14T02:07:44.886+00:00,2026-09-14T02:07:51.106+00:00,True,101,101.0,,101.0,77802.53469,84022.918178,84022.91811,831.9100802970297,40.480905,77802.53469,7735.477572766067,91.952906,62.20383488,19.975880664397277,1.202052989709719,21,64,,False,True,,418,21.16838264042747
24,2026-09-14T02:06:32.886+00:00,2026-09-14T02:07:55.160+00:00,2026-09-14T02:08:12.308+00:00,True,261,261.0,,261.0,82274.36488,99422.242,99422.242017,380.9281303333333,41.051432999999996,82274.36488,5088.618592091981,95.549678,65.95337353846153,21.59987507462179,2.6251671130087773,21,64,,False,True,,504,21.16838264042747
25,2026-09-14T02:06:38.087+00:00,2026-09-14T02:08:04.000+00:00,2026-09-14T02:08:23.350+00:00,True,294,294.0,,294.0,85912.237163,105262.891883,105262.891992,358.0370475918367,0.0,85912.237163,5006.840161913961,95.40189365,66.04319017064846,43.515269440828675,2.7930070582402564,21,64,,False,True,,1274,21.16838264042747
26,2026-09-14T02:06:41.512+00:00,2026-09-14T02:08:09.251+00:00,2026-09-14T02:08:21.198+00:00,True,181,181.0,,181.0,87738.819678,99685.993566,99685.993543,550.7513455414364,0.0,87738.819678,6516.699383350706,94.44038099999997,66.37318826666666,27.513120574875874,1.8157014192787646,21,64,,False,True,,836,21.16838264042747
27,2026-09-14T02:06:46.643+00:00,2026-09-14T02:08:18.851+00:00,2026-09-14T02:08:29.695+00:00,True,165,165.0,,165.0,92208.025644,103051.476012,103051.47597099999,624.5543998242424,0.01636,92208.025644,7173.423023230134,95.7102376,66.11859980487804,51.716346105580236,1.6011415496929544,21,64,,False,True,,771,21.16838264042747
28,2026-09-14T02:06:50.339+00:00,2026-09-14T02:08:25.560+00:00,2026-09-14T02:08:34.285+00:00,True,133,133.0,,133.0,95221.019902,103946.318334,103946.318541,781.551267225564,39.353747000000006,95221.019902,8251.007115731014,96.41772259999999,66.1007456969697,22.0389740400031,1.2795065965938766,21,64,,False,True,,654,21.16838264042747
29,2026-09-14T02:06:54.545+00:00,2026-09-14T02:08:32.896+00:00,2026-09-14T02:08:45.105+00:00,True,181,181.0,,181.0,98351.24584199999,110560.34689799999,110560.34695699999,610.8306461712707,0.0,98351.24584199999,7305.393265936058,96.93921499999999,67.8283392,25.533966707689455,1.6371149790890738,21,64,,False,True,,446,21.16838264042747
30,2026-09-14T02:06:58.919+00:00,2026-09-14T02:08:41.532+00:00,2026-09-14T02:08:56.551+00:00,True,224,224.0,,224.0,102613.134263,117632.724151,117632.724181,525.14609009375,37.155982,102613.134263,6851.664761067651,95.84465785,67.35242102242152,22.417591996329843,1.9042320206107015,21,64,,False,True,,1151,21.16838264042747
31,2026-09-14T02:07:02.607+00:00,2026-09-14T02:08:48.254+00:00,2026-09-14T02:09:06.302+00:00,True,274,274.0,,274.0,105647.54813600001,123695.40247200002,123695.40237300002,451.44307435401464,0.0,105647.54813600001,6378.464866513177,95.09934750000001,66.10935654212454,26.987895205623207,2.2151187071162433,21,64,,False,True,,893,21.16838264042747
32,2026-09-14T02:07:06.860+00:00,2026-09-14T02:08:55.428+00:00,2026-09-14T02:09:01.991+00:00,True,101,101.0,,101.0,108567.995446,115130.95583,115130.955725,1139.9104527227723,0.0,108567.995446,10796.438967390397,93.64297200000001,65.62960384,33.03775464380966,0.8772618907909921,21,64,,False,True,,460,21.16838264042747
33,2026-09-14T02:07:12.236+00:00,2026-09-14T02:09:04.699+00:00,2026-09-14T02:09:19.225+00:00,True,220,220.0,,220.0,112463.056385,126989.118465,126989.118556,577.2232661636364,0.01565,112463.056385,7577.969475447068,96.83298095000002,66.3290505936073,52.88045030307211,1.7324319017194778,21,64,,False,True,,437,21.16838264042747
34,2026-09-14T02:07:16.116+00:00,2026-09-14T02:09:12.341+00:00,2026-09-14T02:09:23.561+00:00,True,168,168.0,,168.0,116224.595996,127444.88681200001,127444.886799,758.6005166607143,0.0,116224.595996,8961.966411568179,98.5685085,67.18737015568863,64.08711152152596,1.3182168716413454,21,64,,False,True,,877,21.16838264042747
35,2026-09-14T02:07:21.560+00:00,2026-09-14T02:09:21.955+00:00,2026-09-14T02:09:31.386+00:00,True,141,141.0,,141.0,120394.283573,129825.36453299999,129825.36449499999,920.7472659219858,39.376426,120394.283573,10133.37930746576,96.931716,67.364864,22.469046279698375,1.0860743623343307,21,64,,False,True,,604,21.16838264042747
36,2026-09-14T02:07:26.618+00:00,2026-09-14T02:09:29.973+00:00,2026-09-14T02:09:41.386+00:00,True,178,178.0,,178.0,123355.221575,134768.00083900001,134768.00086200002,757.1236003483147,40.149225,123355.221575,9241.056346792906,95.45386320000001,64.47897889265536,21.336788731630847,1.3207883094789459,21,64,,False,True,,834,21.16838264042747
37,2026-09-14T02:07:31.967+00:00,2026-09-14T02:09:40.697+00:00,2026-09-14T02:09:55.176+00:00,True,220,220.0,,220.0,128729.450737,143208.331505,143208.331498,650.9469613545455,0.0,128729.450737,8674.530723227144,94.27986895,66.11361081278538,29.609525785316176,1.5362234702966207,21,64,,False,True,,888,21.16838264042747
38,2026-09-14T02:07:37.066+00:00,2026-09-14T02:09:48.000+00:00,2026-09-14T02:09:54.894+00:00,True,103,103.0,,103.0,130933.98399600001,137827.077116,137827.077278,1338.1269638640779,37.010852,130933.98399600001,12894.66789652872,95.088157,67.57934431372549,21.5877692547792,0.7473132431975733,21,64,,False,True,,434,21.16838264042747
39,2026-09-14T02:07:42.573+00:00,2026-09-14T02:09:58.395+00:00,2026-09-14T02:10:17.147+00:00,True,281,281.0,,281.0,135821.99240599998,154574.53435799998,154574.53459099997,550.0873117117437,0.0,135821.99240599998,8098.513514598509,96.409456,66.97336411428572,27.944461520443753,1.8178932329771365,21,64,,False,True,,1361,21.16838264042747
40,2026-09-14T02:07:45.976+00:00,2026-09-14T02:10:04.696+00:00,2026-09-14T02:10:11.989+00:00,True,110,110.0,,110.0,138720.162381,146012.970317,146012.970089,1327.3906371727273,0.0,138720.162381,13220.113407697276,95.72267240000001,66.90649482568807,34.332252750935325,0.7533577309001084,21,64,,False,True,,532,21.16838264042747
41,2026-09-14T02:07:51.135+00:00,2026-09-14T02:10:14.325+00:00,2026-09-14T02:10:31.935+00:00,True,267,267.0,,267.0,143190.081974,160799.737782,160799.73794300001,602.2462095243445,0.018269999999999998,143190.081974,8759.248591235977,96.00971530000001,66.20171356390978,60.67582750779096,1.6604504689054789,21,64,,False,True,,939,21.16838264042747
42,2026-09-14T02:07:56.026+00:00,2026-09-14T02:10:22.833+00:00,2026-09-14T02:10:31.843+00:00,True,135,135.0,,135.0,146806.769791,155817.040767,155817.04079199999,1154.200302162963,40.760374000000006,146806.769791,12629.347492239645,96.1347068,67.24082817910448,22.374743899926916,0.8664007436893335,21,64,,False,True,,519,21.16838264042747
43,2026-09-14T02:08:00.366+00:00,2026-09-14T02:10:30.010+00:00,2026-09-14T02:10:38.895+00:00,True,131,131.0,,131.0,149643.960063,158529.364479,158529.364677,1210.147821961832,39.142977,149643.960063,13068.501254771327,97.2752595,68.34926473846154,22.6409694577084,0.8263453299678953,21,64,,False,True,,611,21.16838264042747
44,2026-09-14T02:08:05.995+00:00,2026-09-14T02:10:40.016+00:00,2026-09-14T02:10:53.896+00:00,True,214,214.0,,214.0,154020.905682,167901.26894600003,167901.269027,784.5853692850468,0.0,154020.905682,10524.225166455819,95.02736279999999,65.16602471361502,24.100249266431636,1.2745585625611093,21,64,,False,True,,740,21.16838264042747
45,2026-09-14T02:08:11.715+00:00,2026-09-14T02:10:51.004+00:00,2026-09-14T02:11:07.538+00:00,True,254,254.0,,254.0,159288.963867,175822.65705100002,175822.657225,692.2151859251969,38.262339999999995,159288.963867,9990.60084893632,94.73925115,65.35056594466403,21.386836206575616,1.444637478810956,21,64,,False,True,,1270,21.16838264042747
46,2026-09-14T02:08:16.175+00:00,2026-09-14T02:10:57.614+00:00,2026-09-14T02:11:08.378+00:00,True,165,165.0,,165.0,161439.590803,172202.952339,172202.952411,1043.6542570363636,39.493367,161439.590803,12562.964049760016,94.267884,65.63025326829268,21.484901300111492,0.9581717256227975,21,64,,False,True,,630,21.16838264042747
47,2026-09-14T02:08:21.192+00:00,2026-09-14T02:11:06.768+00:00,2026-09-14T02:11:20.075+00:00,True,200,200.0,,200.0,165575.375818,178883.225546,178883.225532,894.41612766,0.0,165575.375818,11703.264758842266,95.54958745,66.87361672361808,33.01497082931893,1.1180478180083453,21,64,,False,True,,1027,21.16838264042747
48,2026-09-14T02:08:25.175+00:00,2026-09-14T02:11:13.703+00:00,2026-09-14T02:11:29.509+00:00,True,239,239.0,,239.0,168527.999341,184333.57041299998,184333.57046999998,771.2701693305439,0.01564,168527.999341,10897.098570068329,96.8628789,66.40996248739496,70.0511970819052,1.2965625277290496,21,64,,False,True,,1185,21.16838264042747
49,2026-09-14T02:08:30.344+00:00,2026-09-14T02:11:22.890+00:00,2026-09-14T02:11:40.382+00:00,True,267,267.0,,267.0,172545.830411,190037.797131,190037.796996,711.7520486741573,0.0158,172545.830411,10555.807667406581,94.923246,65.75927338345865,64.895448331075,1.4049836613078983,21,64,,False,True,,1133,21.16838264042747
50,2026-09-14T02:08:35.636+00:00,2026-09-14T02:11:32.254+00:00,2026-09-14T02:11:41.885+00:00,True,143,143.0,,143.0,176618.731516,186249.373436,186249.373639,1302.4431723006992,19.194899,176618.731516,14763.967881880539,96.0961729,67.82142197183097,34.09419889923544,0.7677878178158727,21,64,,False,True,,683,21.16838264042747
51,2026-09-14T02:08:39.467+00:00,2026-09-14T02:11:39.260+00:00,2026-09-14T02:11:46.857+00:00,True,113,113.0,,113.0,179793.014851,187390.006595,187390.00668000002,1658.3186431858408,0.0,179793.014851,16907.16767692318,95.04690599999999,67.83028342857143,38.96846686922976,0.6030204174346568,21,64,,False,True,,494,21.16838264042747
52,2026-09-14T02:08:45.135+00:00,2026-09-14T02:11:48.959+00:00,2026-09-14T02:11:55.858+00:00,True,102,102.0,,102.0,183823.78480599998,190723.019366,190723.019255,1869.833522107843,40.966854,183823.78480599998,18194.51925421523,95.39566309999998,68.30925306930692,24.24316748762624,0.5348069694946506,21,64,,False,True,,547,21.16838264042747
53,2026-09-14T02:08:50.036+00:00,2026-09-14T02:11:57.198+00:00,2026-09-14T02:12:05.934+00:00,True,128,128.0,,128.0,187161.924618,195897.522442,195897.52262799998,1530.4493955312498,41.273103000000006,187161.924618,16536.870630507132,98.57075285,68.78423483464567,23.872799134313595,0.653402852697626,21,64,,False,True,,672,21.16838264042747
54,2026-09-14T02:08:53.339+00:00,2026-09-14T02:12:04.218+00:00,2026-09-14T02:12:17.012+00:00,True,187,187.0,,187.0,190878.85116800002,203672.550752,203672.55078400002,1089.1580255828878,0.0,190878.85116800002,13953.461567642205,98.169467,68.78333109677419,36.49988571644699,0.9181404136667332,21,64,,False,True,,840,21.16838264042747
55,2026-09-14T02:08:57.948+00:00,2026-09-14T02:12:11.872+00:00,2026-09-14T02:12:26.940+00:00,True,223,223.0,,223.0,193924.14924,208992.064504,208992.064323,937.1841449461883,0.0,193924.14924,12981.619273456603,97.0322471,67.87349218018018,33.43988095702463,1.067026159721638,21,64,,False,True,,944,21.16838264042747
56,2026-09-14T02:09:03.040+00:00,2026-09-14T02:12:21.091+00:00,2026-09-14T02:12:38.965+00:00,True,273,273.0,,273.0,198051.31538400002,215924.768696,215924.76886500002,790.9332192857144,33.28318,198051.31538400002,11982.652421919527,93.59249500000001,65.7112254117647,21.12396706533944,1.264329246008623,21,64,,False,True,,1142,21.16838264042747
57,2026-09-14T02:09:08.070+00:00,2026-09-14T02:12:30.429+00:00,2026-09-14T02:12:38.964+00:00,True,131,131.0,,131.0,202358.58947799998,210894.10614999998,210894.106289,1609.878673961832,40.973514,202358.58947799998,17674.428461755957,94.89129499999999,65.65782055384615,21.486189881048432,0.6211648224385431,21,64,,False,True,,712,21.16838264042747
58,2026-09-14T02:09:12.712+00:00,2026-09-14T02:12:39.097+00:00,2026-09-14T02:12:45.579+00:00,True,101,101.0,,101.0,206385.202752,212866.35091200002,212866.350913,2107.5876328019804,42.015032,206385.202752,20529.65660235331,93.33909299999999,64.81148160000001,20.729590964066873,0.47447611878193885,21,64,,False,True,,486,21.16838264042747
59,2026-09-14T02:09:18.225+00:00,2026-09-14T02:12:48.754+00:00,2026-09-14T02:13:00.183+00:00,True,174,174.0,,174.0,210528.827804,221957.737116,221957.737157,1275.6191790632183,0.0,210528.827804,15955.423144239097,95.5739718,66.06305960693642,95.15822927237092,0.7839330237407482,21,64,,False,True,,634,21.16838264042747
60,2026-09-14T02:09:22.028+00:00,2026-09-14T02:12:56.272+00:00,2026-09-14T02:13:10.786+00:00,True,217,217.0,,217.0,214244.229071,228758.317519,228758.31753200002,1054.185795078341,35.782124,214244.229071,14539.301222209575,94.68835840000001,67.19485392592593,22.129969937832765,0.9485993880068496,21,64,,False,True,,1032,21.16838264042747
61,2026-09-14T02:09:25.984+00:00,2026-09-14T02:13:01.920+00:00,2026-09-14T02:13:16.388+00:00,True,221,221.0,,221.0,215935.70707300003,230403.56268900004,230403.56264600003,1042.5500572217195,30.741325,215935.70707300003,14520.999736349233,94.341031,65.76298007272727,21.533085855292104,0.9591865569297077,21,64,,False,True,,1184,21.16838264042747
62,2026-09-14T02:09:30.117+00:00,2026-09-14T02:13:09.062+00:00,2026-09-14T02:13:17.098+00:00,True,125,125.0,,125.0,218944.41003,226981.209006,226981.208844,1815.849670752,39.179898,218944.41003,19577.197577658266,93.10834220000001,64.81289496774194,21.076925648370143,0.5507063802655829,21,64,,False,True,,505,21.16838264042747
63,2026-09-14T02:09:33.664+00:00,2026-09-14T02:13:16.049+00:00,2026-09-14T02:13:32.602+00:00,True,254,254.0,,254.0,222384.93084599997,238937.17097399998,238937.17088499997,940.6975231692912,0.0,222384.93084599997,13949.612561724478,93.96692149999998,65.42387402371541,35.90956468269923,1.0630409616243388,21,64,,False,True,,1422,21.16838264042747
64,2026-09-14T02:09:39.287+00:00,2026-09-14T02:13:26.167+00:00,2026-09-14T02:13:38.365+00:00,True,185,185.0,,185.0,226880.523361,239078.494561,239078.494472,1292.3161863351352,0.0,226880.523361,16675.761096204234,95.135272,66.29332173913043,39.80698611517472,0.7738044374911267,21,64,,False,True,,914,21.16838264042747
65,2026-09-14T02:09:44.094+00:00,2026-09-14T02:13:33.659+00:00,2026-09-14T02:13:47.668+00:00,True,211,211.0,,211.0,229564.55541600002,243573.52284000002,243573.52285900002,1154.3768855876779,40.165944,229564.55541600002,15799.298823306504,96.0706905,66.70936868571428,22.211121345056036,0.8662682115026226,21,64,,False,True,,1015,21.16838264042747
66,2026-09-14T02:09:48.233+00:00,2026-09-14T02:13:41.751+00:00,2026-09-14T02:13:53.643+00:00,True,175,175.0,,175.0,233517.894202,245410.41081,245410.410663,1402.3452037885713,39.234247,233517.894202,17647.14122549915,96.21102340000002,68.34779659770115,22.506233748439925,0.71309118232758,21,64,,False,True,,866,21.16838264042747
67,2026-09-14T02:09:52.454+00:00,2026-09-14T02:13:49.910+00:00,2026-09-14T02:14:01.157+00:00,True,171,171.0,,171.0,237455.93471,248703.088118,248703.088277,1454.404025011696,36.424811999999996,237455.93471,18153.663342977245,94.32092,66.15972592941176,22.228766940760025,0.6875668544930456,21,64,,False,True,,771,21.16838264042747
68,2026-09-14T02:09:56.217+00:00,2026-09-14T02:13:56.363+00:00,2026-09-14T02:14:03.053+00:00,True,103,103.0,,103.0,240146.34711700003,246835.62404500003,246835.62393800003,2396.4623683300974,33.950168,240146.34711700003,23655.87130920344,93.38508820000001,65.58114635294118,22.425771044321444,0.4172817452849606,21,64,,False,True,,416,21.16838264042747
69,2026-09-14T02:10:00.142+00:00,2026-09-14T02:14:03.778+00:00,2026-09-14T02:14:18.957+00:00,True,224,224.0,,224.0,243636.104917,258815.368149,258815.36813699998,1155.425750611607,0.0,243636.104917,16274.124596732292,96.50512565,68.06844498654708,40.68074286139138,0.8654818359589961,21,64,,False,True,,991,21.16838264042747
70,2026-09-14T02:10:05.271+00:00,2026-09-14T02:14:13.448+00:00,2026-09-14T02:14:27.985+00:00,True,221,221.0,,221.0,248177.695088,262714.343536,262714.343503,1188.7526855339368,37.60287,248177.695088,16689.807592574725,94.34194000000001,66.07567476363637,21.641344009028455,0.8412178681432221,21,64,,False,True,,971,21.16838264042747
71,2026-09-14T02:10:11.134+00:00,2026-09-14T02:14:24.088+00:00,2026-09-14T02:14:42.097+00:00,True,272,272.0,,272.0,252954.639207,270963.716199,270963.716208,996.1901331176471,0.01543,252954.639207,15333.87268377326,93.07034045,66.45415864206642,91.86660768605941,1.0038244375133936,21,64,,False,True,,1361,21.16838264042747
72,2026-09-14T02:10:14.630+00:00,2026-09-14T02:14:29.581+00:00,2026-09-14T02:14:38.203+00:00,True,130,130.0,,130.0,254950.93820899999,263572.78012899996,263572.78011,2027.482923923077,0.015409,254950.93820899999,22355.158586704558,93.28097939999999,66.83598387596899,124.5008448255126,0.4932224030735432,21,64,,False,True,,676,21.16838264042747
73,2026-09-14T02:10:18.445+00:00,2026-09-14T02:14:35.882+00:00,2026-09-14T02:14:47.916+00:00,True,186,186.0,,186.0,257437.559846,269470.85495,269470.85498299997,1448.7680375430107,39.158657,257437.559846,18871.480738574413,92.44812849999998,65.0448384,21.633408907272237,0.690241621991039,21,64,,False,True,,421,21.16838264042747
74,2026-09-14T02:10:21.785+00:00,2026-09-14T02:14:42.230+00:00,2026-09-14T02:14:53.832+00:00,True,176,176.0,,176.0,260445.3189,272047.25938,272047.259214,1545.7230637159091,35.638524,260445.3189,19626.819394894006,94.4848365,66.29680274285714,21.8849528321992,0.6469464180639304,21,64,,False,True,,606,21.16838264042747
75,2026-09-14T02:10:26.390+00:00,2026-09-14T02:14:50.027+00:00,2026-09-14T02:15:10.303+00:00,True,299,299.0,,299.0,263636.233697,283912.93180900003,283912.93178800005,949.5415778862877,0.0,263636.233697,15242.588239633196,95.579149,68.04261111409396,37.587881420013815,1.053139771037797,21,64,,False,True,,1165,21.16838264042747
76,2026-09-14T02:10:31.831+00:00,2026-09-14T02:14:59.937+00:00,2026-09-14T02:15:19.318+00:00,True,285,285.0,,285.0,268105.151149,287486.800813,287486.800743,1008.7256166421053,39.971475,268105.151149,15877.151880419144,95.2804318,68.24524529577465,22.466555290211325,0.9913498609119882,21,64,,False,True,,1082,21.16838264042747
77,2026-09-14T02:10:36.654+00:00,2026-09-14T02:15:07.828+00:00,2026-09-14T02:15:18.410+00:00,True,158,158.0,,158.0,271173.742926,281755.899214,281755.89922799997,1783.2651849873416,38.920247,271173.742926,21568.07437649383,97.089332,67.40226935031848,22.792897748449477,0.5607690928238398,21,64,,False,True,,767,21.16838264042747
78,2026-09-14T02:10:41.489+00:00,2026-09-14T02:15:16.463+00:00,2026-09-14T02:15:25.388+00:00,True,134,134.0,,134.0,274974.24169700005,283899.301281,283899.30128700007,2118.6515021417913,39.405677000000004,274974.24169700005,23748.370135691537,96.0597028,67.10571115789473,22.587773367115297,0.47199834376263033,21,64,,False,True,,545,21.16838264042747
79,2026-09-14T02:10:45.238+00:00,2026-09-14T02:15:23.494+00:00,2026-09-14T02:15:39.625+00:00,True,233,233.0,,233.0,278255.530096,294386.195312,294386.195251,1263.4600654549356,37.80744,278255.530096,18224.58513294377,95.9463006,69.52872937931033,22.82875405533755,0.7914773304945875,21,64,,False,True,,1063,21.16838264042747
80,2026-09-14T02:10:48.723+00:00,2026-09-14T02:15:30.433+00:00,2026-09-14T02:15:45.091+00:00,True,218,218.0,,218.0,281710.674756,296368.343108,296368.343041,1359.487812114679,34.776956,281710.674756,19075.292196915678,95.62870170000001,67.54685876497696,21.985855665892288,0.7355711400004633,21,64,,False,True,,1357,21.16838264042747
81,2026-09-14T02:10:53.611+00:00,2026-09-14T02:15:39.135+00:00,2026-09-14T02:15:53.695+00:00,False,227,226.0,,226.0,285524.14438,300084.061436,300084.061582,1321.9562184229076,0.0,285524.14438,18946.67464108771,96.2904206,64.4244117522124,42.55313949198705,0.7531223048585665,21,64,,False,False,Request timeout: 300.0s exceeded,968,21.16838264042747
82,2026-09-14T02:10:57.146+00:00,2026-09-14T02:15:45.262+00:00,2026-09-14T02:15:57.155+00:00,False,181,180.0,,180.0,288115.658428,300008.103868,300008.103877,1657.5033363370164,0.0,288115.658428,21410.607028882594,94.782599,66.06914133333333,46.24928190016413,0.599983792701806,21,64,,False,False,Request timeout: 300.0s exceeded,800,21.16838264042747
83,2026-09-14T02:11:02.718+00:00,2026-09-14T02:15:55.007+00:00,2026-09-14T02:16:02.740+00:00,False,110,109.0,,109.0,292288.07489600003,300021.064848,300021.065018,2727.464227436364,0.039799999999999995,292288.07489600003,27861.818285771133,93.78487045000001,70.94486194495413,21.400641278194048,0.36330782325308647,21,64,,False,False,Request timeout: 300.0s exceeded,574,21.16838264042747
84,2026-09-14T02:11:07.847+00:00,2026-09-14T02:16:01.382+00:00,2026-09-14T02:16:07.899+00:00,False,96,95.0,,95.0,293535.46545899997,300051.895539,300051.895445,3125.540577552083,0.01973,293535.46545899997,29951.84447878588,92.2234445,68.59400084210527,21.07081254784528,0.3166118975164153,21,64,,False,False,Request timeout: 300.0s exceeded,363,21.16838264042747
85,2026-09-14T02:11:13.251+00:00,2026-09-14T02:16:07.140+00:00,2026-09-14T02:16:13.281+00:00,False,91,90.0,,90.0,293889.51207,300030.51456599997,300030.514642,3297.03862243956,0.026949999999999998,293889.51207,30800.84546296028,88.36108850000001,68.23336106666666,19.881566153118115,0.2999694885374802,21,64,,False,False,Request timeout: 300.0s exceeded,445,21.16838264042747
86,2026-09-14T02:11:17.854+00:00,2026-09-14T02:16:11.327+00:00,2026-09-14T02:16:17.918+00:00,False,99,98.0,,98.0,293472.28701200004,300063.24816400005,300063.24803,3030.9418992929295,0.0248,293472.28701200004,29488.32174330269,87.221218,67.25470563265306,19.64605184488928,0.32659781096030105,21,64,,False,False,Request timeout: 300.0s exceeded,580,21.16838264042747
87,2026-09-14T02:11:21.860+00:00,2026-09-14T02:16:15.641+00:00,2026-09-14T02:16:21.944+00:00,False,92,91.0,,91.0,293781.06299199996,300084.054096,300084.05416999996,3261.7831974999995,0.03682,293781.06299199996,30621.578083223492,87.53146115,69.2636385054945,19.612029750360392,0.3032483691082371,21,64,,False,False,Request timeout: 300.0s exceeded,423,21.16838264042747
88,2026-09-14T02:11:25.986+00:00,2026-09-14T02:16:20.119+00:00,2026-09-14T02:16:26.061+00:00,False,89,88.0,,88.0,294133.262517,300075.43262900005,300075.432663,3371.6340748651687,0.05392,294133.262517,31170.912341457733,87.8572716,67.52466036363636,20.19938375697713,0.2932595955257667,21,64,,False,False,Request timeout: 300.0s exceeded,346,21.16838264042747
89,2026-09-14T02:11:29.198+00:00,2026-09-14T02:16:23.206+00:00,2026-09-14T02:16:29.280+00:00,False,96,95.0,,95.0,294008.278614,300082.195542,300082.195398,3125.8562020625,0.02067,294008.278614,30000.57576904936,89.62397074999998,63.935967663157896,20.49165394019485,0.3165799284706434,21,64,,False,False,Request timeout: 300.0s exceeded,445,21.16838264042747
90,2026-09-14T02:11:33.142+00:00,2026-09-14T02:16:26.873+00:00,2026-09-14T02:16:33.190+00:00,False,107,106.0,,106.0,293730.99841500004,300048.42894300004,300048.42907400004,2804.190925925234,0.015550000000000001,293730.99841500004,28390.73751176774,90.6714383,59.59840120754717,160.9095740992917,0.3532763040067,21,64,,False,False,Request timeout: 300.0s exceeded,494,21.16838264042747
91,2026-09-14T02:11:37.738+00:00,2026-09-14T02:16:32.744+00:00,2026-09-14T02:16:37.822+00:00,False,94,93.0,,93.0,295005.68916500005,300083.96551700006,300083.96559700003,3192.382612734043,0.01704,295005.68916500005,30421.897634820434,89.5022171,54.605122064516124,31.532418800543613,0.3099132599096883,21,64,,False,False,Request timeout: 300.0s exceeded,401,21.16838264042747
92,2026-09-14T02:11:42.598+00:00,2026-09-14T02:16:36.068+00:00,2026-09-14T02:16:42.774+00:00,False,89,88.0,,88.0,293469.94958200003,300176.25409400003,300176.25415000005,3372.766900561798,0.02485,293469.94958200003,31099.735788068258,89.01090980000001,76.20800581818182,62.142603518003476,0.2931610971880635,21,64,,False,False,Request timeout: 300.0s exceeded,384,21.16838264042747
93,2026-09-14T02:11:47.519+00:00,2026-09-14T02:16:41.557+00:00,2026-09-14T02:16:47.537+00:00,False,96,95.0,,95.0,294037.342329,300017.432441,300017.432402,3125.1815875208335,0.0,294037.342329,30003.7050460594,89.64778325000002,62.94831696842105,64.73363273387508,0.31664826682590264,21,64,,False,False,Request timeout: 300.0s exceeded,431,21.16838264042747
94,2026-09-14T02:11:53.165+00:00,2026-09-14T02:16:46.758+00:00,2026-09-14T02:16:53.228+00:00,False,96,95.0,,95.0,293593.01310000004,300062.337132,300062.337126,3125.6493450625003,0.02222,293593.01310000004,29957.767950906575,90.518333,68.09814770526316,20.241742490449678,0.3166008800305007,21,64,,False,False,Request timeout: 300.0s exceeded,445,21.16838264042747
95,2026-09-14T02:11:57.211+00:00,2026-09-14T02:16:51.224+00:00,2026-09-14T02:16:57.268+00:00,False,89,88.0,,88.0,294012.994653,300056.666973,300056.666952,3371.423224179775,0.03718,294012.994653,31158.041903957524,87.85,68.67809454545454,20.49621046978033,0.2932779360903802,21,64,,False,False,Request timeout: 300.0s exceeded,377,21.16838264042747
96,2026-09-14T02:12:03.025+00:00,2026-09-14T02:16:56.610+00:00,2026-09-14T02:17:03.081+00:00,False,96,95.0,,95.0,293584.716569,300055.632921,300055.632913,3125.5795095104163,0.02829,293584.716569,29956.91941470731,89.449486,68.11490896842106,20.144954044638606,0.3166079539157061,21,64,,False,False,Request timeout: 300.0s exceeded,582,21.16838264042747
97,2026-09-14T02:12:06.316+00:00,2026-09-14T02:17:00.152+00:00,2026-09-14T02:17:06.338+00:00,False,89,88.0,,88.0,293835.984077,300021.922509,300021.922524,3371.032837348315,0.04311,293835.984077,31139.107474590597,90.83577140000001,70.29475490909091,20.520482139605384,0.29331189955747383,21,64,,False,False,Request timeout: 300.0s exceeded,360,21.16838264042747
98,2026-09-14T02:12:09.590+00:00,2026-09-14T02:17:03.717+00:00,2026-09-14T02:17:09.665+00:00,False,83,82.0,,82.0,294126.838152,300074.589064,300074.589062,3615.3564947228915,0.02496,294126.838152,32276.658713048662,89.10826990000001,72.53354770731707,19.081188423501334,0.2732653913007976,21,64,,False,False,Request timeout: 300.0s exceeded,435,21.16838264042747
99,2026-09-14T02:12:14.862+00:00,2026-09-14T02:17:08.521+00:00,2026-09-14T02:17:14.869+00:00,False,89,88.0,,88.0,293659.013704,300007.25280799996,300007.252687,3370.868007719101,0.02375,293659.013704,31120.152063780835,88.46576799999998,72.13908072727273,18.765956586613303,0.2933262418702879,21,64,,False,False,Request timeout: 300.0s exceeded,370,21.16838264042747
100,2026-09-14T02:12:20.554+00:00,2026-09-14T02:17:14.076+00:00,2026-09-14T02:17:20.631+00:00,False,98,97.0,,97.0,293522.794132,300077.690772,300077.69073800003,3062.0172524285717,0.035639000000000004,293522.794132,29643.460213947885,88.97138115,67.57625402061856,20.04705632819093,0.32324962162449095,21,64,,False,False,Request timeout: 300.0s exceeded,281,21.16838264042747
101,2026-09-14T02:12:25.897+00:00,2026-09-14T02:17:19.562+00:00,2026-09-14T02:17:25.927+00:00,False,93,92.0,,92.0,293665.322301,300029.992509,300029.992511,3226.128951731183,0.038310000000000004,293665.322301,30444.508002325336,88.7824832,69.18119791304349,19.839432229081616,0.3066360107222956,21,64,,False,False,Request timeout: 300.0s exceeded,463,21.16838264042747
102,2026-09-14T02:12:30.515+00:00,2026-09-14T02:17:24.204+00:00,2026-09-14T02:17:30.550+00:00,False,96,95.0,,95.0,293689.596159,300035.605503,300035.60554200003,3125.3708910625,0.02204,293689.596159,29967.75769059315,87.80310675000001,66.80009835789474,19.929924090127674,0.3166290875402456,21,64,,False,False,Request timeout: 300.0s exceeded,509,21.16838264042747
103,2026-09-14T02:12:33.833+00:00,2026-09-14T02:17:27.627+00:00,2026-09-14T02:17:33.873+00:00,False,92,91.0,,91.0,293793.68794,300040.565892,300040.566009,3261.3105000978258,0.02156,293793.68794,30622.95873384143,88.64305205000001,68.64701046153846,19.80247094671125,0.3032923222547033,21,64,,False,False,Request timeout: 300.0s exceeded,293,21.16838264042747
104,2026-09-14T02:12:38.636+00:00,2026-09-14T02:17:32.747+00:00,2026-09-14T02:17:38.696+00:00,False,93,92.0,,92.0,294111.078032,300060.247184,300060.247165,3226.4542705913977,0.0,294111.078032,30491.266110876706,87.15294559999998,64.66488208695652,67.30074765976273,0.30660509302181793,21,64,,False,False,Request timeout: 300.0s exceeded,403,21.16838264042747
105,2026-09-14T02:12:43.028+00:00,2026-09-14T02:17:36.808+00:00,2026-09-14T02:17:43.045+00:00,False,95,94.0,,94.0,293780.174923,300017.114443,300017.114406,3158.0748884842105,0.0,293780.174923,30134.47375165026,89.1536457,66.35042042553192,65.85197075785388,0.31331545926810445,21,64,,False,False,Request timeout: 300.0s exceeded,449,21.16838264042747
106,2026-09-14T02:12:48.915+00:00,2026-09-14T02:17:42.672+00:00,2026-09-14T02:17:48.942+00:00,False,94,93.0,,93.0,293756.560923,300026.926363,300026.926336,3191.7758120851063,0.02447,293756.560923,30291.72843200834,89.3647785,67.42328430107527,20.401565597689864,0.3099721785886647,21,64,,False,False,Request timeout: 300.0s exceeded,426,21.16838264042747
107,2026-09-14T02:12:54.640+00:00,2026-09-14T02:17:48.432+00:00,2026-09-14T02:17:54.725+00:00,False,97,96.0,,96.0,293792.30661,300084.96760200005,300084.967506,3093.6594588247426,0.027059999999999997,293792.30661,29823.44108895325,90.42711479999998,65.548552,21.047622434323994,0.3199093935532416,21,64,,False,False,Request timeout: 300.0s exceeded,428,21.16838264042747
108,2026-09-14T02:12:58.084+00:00,2026-09-14T02:17:51.513+00:00,2026-09-14T02:17:58.100+00:00,False,104,103.0,,103.0,293428.991904,300016.706464,300016.706466,2884.7760237115385,0.03936,293428.991904,28766.815873861335,90.1448473,63.95839378640777,21.006690040371907,0.3433142147781004,21,64,,False,False,Request timeout: 300.0s exceeded,587,21.16838264042747
109,2026-09-14T02:13:02.764+00:00,2026-09-14T02:17:56.726+00:00,2026-09-14T02:18:02.818+00:00,False,92,91.0,,91.0,293962.575075,300054.645987,300054.645995,3261.463543423913,0.02042,293962.575075,30640.74418561876,87.4583519,66.9458341978022,20.41026518425777,0.3032780902314127,21,64,,False,False,Request timeout: 300.0s exceeded,452,21.16838264042747
110,2026-09-14T02:13:08.386+00:00,2026-09-14T02:18:02.638+00:00,2026-09-14T02:18:08.398+00:00,False,82,81.0,,81.0,294251.846786,300012.636034,300012.636086,3658.6906839756098,0.03655,294251.846786,32486.83288282479,91.25484465,71.12085491358026,20.4813655082155,0.26998862804838786,21,64,,False,False,Request timeout: 300.0s exceeded,418,21.16838264042747
111,2026-09-14T02:13:13.525+00:00,2026-09-14T02:18:07.187+00:00,2026-09-14T02:18:13.581+00:00,False,94,93.0,,93.0,293662.16020499996,300055.54670099996,300055.54670799995,3192.080284127659,0.02136,293662.16020499996,30281.85521038888,89.17805965,68.74609135483871,20.25693114009281,0.3099426123679455,21,64,,False,False,Request timeout: 300.0s exceeded,446,21.16838264042747
112,2026-09-14T02:13:17.861+00:00,2026-09-14T02:18:11.632+00:00,2026-09-14T02:18:17.908+00:00,False,96,95.0,,95.0,293770.70211199997,300046.88592,300046.88590299996,3125.4883948229162,0.03597,293770.70211199997,29976.11078560898,89.41490075,66.06509271578948,20.289833768733974,0.316617183706847,21,64,,False,False,Request timeout: 300.0s exceeded,364,21.16838264042747
113,2026-09-14T02:13:21.204+00:00,2026-09-14T02:18:14.798+00:00,2026-09-14T02:18:21.224+00:00,False,96,95.0,,95.0,293593.471472,300019.397872,300019.397797,3125.2020603854166,0.02042,293593.471472,29957.861199124593,88.18509624999999,67.6413305263158,20.004091541897754,0.31664619245896464,21,64,,False,False,Request timeout: 300.0s exceeded,422,21.16838264042747
114,2026-09-14T02:13:26.932+00:00,2026-09-14T02:18:20.317+00:00,2026-09-14T02:18:27.014+00:00,False,100,99.0,,99.0,293385.946612,300082.56562,300082.565645,3000.82565645,0.03865,293385.946612,29331.837203939955,88.95013045,67.64261624242425,20.080951175716063,0.3299092028070884,21,64,,False,False,Request timeout: 300.0s exceeded,489,21.16838264042747
115,2026-09-14T02:13:31.088+00:00,2026-09-14T02:18:24.727+00:00,2026-09-14T02:18:31.350+00:00,False,95,94.0,,94.0,293639.000412,300261.508188,300261.508143,3160.647454136842,0.02239,293639.000412,30119.50446144632,91.13439609999999,70.45221038297872,20.54217614020284,0.31306044043828835,21,64,,False,False,Request timeout: 300.0s exceeded,541,21.16838264042747
116,2026-09-14T02:13:35.672+00:00,2026-09-14T02:18:29.285+00:00,2026-09-14T02:18:35.717+00:00,False,99,98.0,,98.0,293613.549825,300045.77945699997,300045.779459,3030.765449080808,0.0,293613.549825,29502.740742837148,93.25858370000002,65.63499624489796,62.365114858835064,0.3266168255302672,21,64,,False,False,Request timeout: 300.0s exceeded,383,21.16838264042747
117,2026-09-14T02:13:39.728+00:00,2026-09-14T02:18:33.067+00:00,2026-09-14T02:18:39.763+00:00,False,100,99.0,,99.0,293339.16181,300034.951378,300034.951355,3000.34951355,0.027829999999999997,293339.16181,29327.160139514537,89.04241605000001,67.63423806060607,20.914636549701537,0.3299615579628739,21,64,,False,False,Request timeout: 300.0s exceeded,462,21.16838264042747
118,2026-09-14T02:13:45.613+00:00,2026-09-14T02:18:39.245+00:00,2026-09-14T02:18:45.632+00:00,False,99,98.0,,98.0,293632.831323,300019.13020300004,300019.130352,3030.4962661818186,0.02283,293632.831323,29504.668357190698,90.6912378,65.16631510204083,21.688768242017282,0.3266458373294092,21,64,,False,False,Request timeout: 300.0s exceeded,534,21.16838264042747
119,2026-09-14T02:13:50.804+00:00,2026-09-14T02:18:44.541+00:00,2026-09-14T02:18:50.860+00:00,False,96,95.0,,95.0,293736.53781999997,300055.55631599994,300055.55619,3125.5787103125,0.038,293736.53781999997,29972.57817639033,89.72227575000001,66.51598416842106,20.71420875027356,0.31660803474657834,21,64,,False,False,Request timeout: 300.0s exceeded,428,21.16838264042747
120,2026-09-14T02:13:56.650+00:00,2026-09-14T02:18:50.129+00:00,2026-09-14T02:18:56.706+00:00,False,100,99.0,,99.0,293479.421602,300056.57693000004,300056.57697600004,3000.56576976,0.02622,293479.421602,29341.305129033793,86.77651189999999,66.43591240404041,19.7203730269416,0.32993777711159994,21,64,,False,False,Request timeout: 300.0s exceeded,425,21.16838264042747
121,2026-09-14T02:14:00.953+00:00,2026-09-14T02:18:54.493+00:00,2026-09-14T02:19:00.996+00:00,False,107,106.0,,106.0,293539.157299,300042.889523,300042.889548,2804.139154654206,0.01554,293539.157299,28372.134051316974,90.18146349999999,61.35596437735849,179.7646584833946,0.3532828262269968,21,64,,False,False,Request timeout: 300.0s exceeded,430,21.16838264042747
122,2026-09-14T02:14:05.507+00:00,2026-09-14T02:19:00.488+00:00,2026-09-14T02:19:05.512+00:00,False,78,77.0,,77.0,294981.698976,300005.157536,300005.15758500004,3846.219969038462,0.02187,294981.698976,33392.720213050525,90.20265335,65.23972155844156,21.50169751389089,0.25666225418394734,21,64,,False,False,Request timeout: 300.0s exceeded,357,21.16838264042747
123,2026-09-14T02:14:09.377+00:00,2026-09-14T02:19:03.023+00:00,2026-09-14T02:19:09.395+00:00,False,96,95.0,,95.0,293646.290583,300018.123671,300018.123511,3125.188786572917,0.04086,293646.290583,29963.309632356468,86.44603950000001,67.07192724210526,19.219585174220384,0.31664753728070455,21,64,,False,False,Request timeout: 300.0s exceeded,299,21.16838264042747
124,2026-09-14T02:14:14.688+00:00,2026-09-14T02:19:08.650+00:00,2026-09-14T02:19:14.760+00:00,False,88,87.0,,87.0,293961.66963300004,300072.26572900004,300072.265864,3409.9121120909094,0.02239,293961.66963300004,31328.937909725308,90.0395895,70.23673673563218,19.334903525782376,0.2899301599521065,21,64,,False,False,Request timeout: 300.0s exceeded,129,21.16838264042747
125,2026-09-14T02:14:18.945+00:00,2026-09-14T02:19:12.974+00:00,2026-09-14T02:19:18.973+00:00,False,85,84.0,,84.0,294029.68928600004,300027.966406,300027.96622500004,3529.7407791176474,0.01986,294029.68928600004,31884.258205082377,89.2631652,71.40806095238095,19.582539826517994,0.27997390045410164,21,64,,False,False,Request timeout: 300.0s exceeded,362,21.16838264042747
126,2026-09-14T02:14:23.805+00:00,2026-09-14T02:19:17.491+00:00,2026-09-14T02:19:23.820+00:00,False,92,91.0,,91.0,293686.144397,300015.50554900005,300015.50551700004,3261.0381034456523,0.02204,293686.144397,30611.65227645875,88.28392455000001,69.55341925274725,20.157505740332713,0.30331765631072494,21,64,,False,False,Request timeout: 300.0s exceeded,485,21.16838264042747
127,2026-09-14T02:14:29.336+00:00,2026-09-14T02:19:22.654+00:00,2026-09-14T02:19:29.363+00:00,False,109,108.0,,108.0,293317.793836,300027.06641200004,300027.06631300005,2752.541892779817,0.0,293317.793836,28088.870926463747,90.02318599999998,62.12289422222222,63.86613487551824,0.3599675232356982,21,64,,False,False,Request timeout: 300.0s exceeded,520,21.16838264042747
128,2026-09-14T02:14:34.273+00:00,2026-09-14T02:19:28.019+00:00,2026-09-14T02:19:34.327+00:00,False,104,103.0,,103.0,293745.711856,300053.61048000003,300053.6105,2885.1308701923076,0.03589,293745.711856,28798.13865383951,88.147398,61.24173421359223,20.23303683627285,0.3432719900794709,21,64,,False,False,Request timeout: 300.0s exceeded,261,21.16838264042747
129,2026-09-14T02:14:38.708+00:00,2026-09-14T02:19:33.300+00:00,2026-09-14T02:19:38.752+00:00,False,84,83.0,,83.0,294592.196594,300044.579058,300044.57899799995,3571.9592737857142,0.02981,294592.196594,32135.482449771607,87.89637044999999,65.69135498795181,20.00830193646907,0.27662556097690977,21,64,,False,False,Request timeout: 300.0s exceeded,288,21.16838264042747
130,2026-09-14T02:14:43.388+00:00,2026-09-14T02:19:37.138+00:00,2026-09-14T02:19:43.455+00:00,False,97,96.0,,96.0,293750.539335,300066.769735,300066.769682,3093.4718523917522,0.02732,293750.539335,29819.174516112947,87.492361,65.79406666666667,19.836880149418835,0.3199287947971751,21,64,,False,False,Request timeout: 300.0s exceeded,446,21.16838264042747
131,2026-09-14T02:14:47.919+00:00,2026-09-14T02:19:41.633+00:00,2026-09-14T02:19:47.974+00:00,False,99,98.0,,98.0,293714.692268,300055.204524,300055.204576,3030.860652282828,0.0349,293714.692268,29512.941427544007,88.2392748,64.69910465306123,19.943406199220597,0.32660656613327116,21,64,,False,False,Request timeout: 300.0s exceeded,146,21.16838264042747
132,2026-09-14T02:14:51.959+00:00,2026-09-14T02:19:45.334+00:00,2026-09-14T02:19:51.965+00:00,False,103,102.0,,102.0,293374.98641799996,300005.79524999997,300005.79541499994,2912.677625388349,0.06599,293374.98641799996,28900.697964181476,87.98562299999999,65.0079297254902,20.251919836136192,0.339993432176874,21,64,,False,False,Request timeout: 300.0s exceeded,478,21.16838264042747
133,2026-09-14T02:14:57.728+00:00,2026-09-14T02:19:51.172+00:00,2026-09-14T02:19:57.775+00:00,False,98,97.0,,97.0,293443.874847,300047.582239,300047.582163,3061.7100220714287,0.02223,293443.874847,29635.437272742878,88.49631154999999,68.07945764948452,19.956966315924937,0.3232820583861115,21,64,,False,False,Request timeout: 300.0s exceeded,402,21.16838264042747
134,2026-09-14T02:15:01.265+00:00,2026-09-14T02:19:54.872+00:00,2026-09-14T02:20:01.272+00:00,False,98,97.0,,97.0,293607.27363,300007.338142,300007.338132,3061.2993686938776,0.01898,293607.27363,29652.15492693518,86.91265034999998,65.98004651546393,19.678520994508922,0.32332542464040587,21,64,,False,False,Request timeout: 300.0s exceeded,417,21.16838264042747
135,2026-09-14T02:15:06.999+00:00,2026-09-14T02:20:00.807+00:00,2026-09-14T02:20:07.081+00:00,False,93,92.0,,92.0,293807.79435000004,300081.28836600005,300081.28841800004,3226.6805206236563,0.02912,293807.79435000004,30459.384811581054,88.962978,68.1901523478261,20.424558605523682,0.30658359440189553,21,64,,False,False,Request timeout: 300.0s exceeded,498,21.16838264042747
136,2026-09-14T02:15:10.429+00:00,2026-09-14T02:20:03.713+00:00,2026-09-14T02:20:10.507+00:00,False,103,102.0,,102.0,293283.568861,300077.926877,300077.926748,2913.377929592233,0.03302,293283.568861,28891.53253893682,89.217594,66.61135309803922,20.540583038223684,0.3399117058077022,21,64,,False,False,Request timeout: 300.0s exceeded,487,21.16838264042747
137,2026-09-14T02:15:14.400+00:00,2026-09-14T02:20:08.036+00:00,2026-09-14T02:20:14.426+00:00,False,97,96.0,,96.0,293635.328117,300025.941109,300025.941057,3093.050938731959,0.055189999999999996,293635.328117,29807.398785176923,90.1540236,66.56888533333334,21.108468682311933,0.319972331876206,21,64,,False,False,Request timeout: 300.0s exceeded,372,21.16838264042747
138,2026-09-14T02:15:20.316+00:00,2026-09-14T02:20:13.523+00:00,2026-09-14T02:20:20.383+00:00,False,100,99.0,,99.0,293206.17435900006,300066.39016700006,300066.39019700006,3000.6639019700006,0.0395,293206.17435900006,29313.694860821633,88.98173245000002,69.29510917171717,20.267741877593807,0.3299269869741232,21,64,,False,False,Request timeout: 300.0s exceeded,345,21.16838264042747
139,2026-09-14T02:15:25.345+00:00,2026-09-14T02:20:19.200+00:00,2026-09-14T02:20:25.372+00:00,False,95,94.0,,94.0,293854.28800700005,300027.1663430001,300027.16637600004,3158.180698694737,0.0,293854.28800700005,30142.15132461427,90.9901117,65.6689184680851,67.60006054619944,0.3133049621664472,21,64,,False,False,Request timeout: 300.0s exceeded,416,21.16838264042747
140,2026-09-14T02:15:28.875+00:00,2026-09-14T02:20:22.744+00:00,2026-09-14T02:20:28.930+00:00,False,94,93.0,,93.0,293868.79933999997,300054.81201199995,300054.81204199995,3192.0724685319146,0.02569,293868.79933999997,30303.397904231544,86.27298350000001,66.51626529032258,19.502253381074677,0.30994337126738264,21,64,,False,False,Request timeout: 300.0s exceeded,520,21.16838264042747
141,2026-09-14T02:15:32.739+00:00,2026-09-14T02:20:26.282+00:00,2026-09-14T02:20:32.783+00:00,False,98,97.0,,97.0,293542.688766,300043.639294,300043.63944299996,3061.6697902346937,0.02555,293542.688766,29645.525995980577,88.9574235,67.02010853608247,19.960212853619137,0.3232863067127173,21,64,,False,False,Request timeout: 300.0s exceeded,492,21.16838264042747
142,2026-09-14T02:15:36.819+00:00,2026-09-14T02:20:30.563+00:00,2026-09-14T02:20:36.870+00:00,False,88,87.0,,87.0,293744.158447,300051.27473500004,300051.274793,3409.673577193182,0.03673,293744.158447,31305.510391972224,90.9806817,72.49558951724137,19.404527071717627,0.28995044289292504,21,64,,False,False,Request timeout: 300.0s exceeded,335,21.16838264042747
143,2026-09-14T02:15:42.428+00:00,2026-09-14T02:20:35.941+00:00,2026-09-14T02:20:42.446+00:00,False,90,89.0,,89.0,293513.068899,300017.556323,300017.55638900003,3333.5284043222223,0.03592,293513.068899,30931.295812967554,88.608639,73.08412835955056,18.603615923085133,0.296649306429862,21,64,,False,False,Request timeout: 300.0s exceeded,287,21.16838264042747
144,2026-09-14T02:15:45.951+00:00,2026-09-14T02:20:39.821+00:00,2026-09-14T02:20:45.972+00:00,False,91,90.0,,90.0,293870.01258,300020.34474,300020.34477799997,3296.9268656923073,0.019899999999999998,293870.01258,30798.790599680564,88.59252799999999,68.337024,20.04547316610291,0.2999796566396013,21,64,,False,False,Request timeout: 300.0s exceeded,442,21.16838264042747
145,2026-09-14T02:15:51.800+00:00,2026-09-14T02:20:45.482+00:00,2026-09-14T02:20:51.821+00:00,False,94,93.0,,93.0,293681.58473299997,300020.65110099997,300020.651072,3191.7090539574465,0.02461,293681.58473299997,30283.92002770842,91.01590765,68.16200395698924,21.83745390092458,0.3099786619978109,21,64,,False,False,Request timeout: 300.0s exceeded,444,21.16838264042747
146,2026-09-14T02:15:55.288+00:00,2026-09-14T02:20:49.248+00:00,2026-09-14T02:20:55.328+00:00,False,92,91.0,,91.0,293960.008379,300040.354235,300040.354034,3261.308196021739,0.03676,293960.008379,30640.49065324325,90.09956499999998,66.81698742857142,21.346112854195827,0.30329253620573404,21,64,,False,False,Request timeout: 300.0s exceeded,296,21.16838264042747
147,2026-09-14T02:15:58.880+00:00,2026-09-14T02:20:52.863+00:00,2026-09-14T02:20:58.932+00:00,False,89,88.0,,88.0,293982.594376,300051.672904,300051.673045,3371.3671128651686,0.04471,293982.594376,31154.788567835836,89.70447680000001,68.96680145454545,20.012591117171628,0.29328281741710255,21,64,,False,False,Request timeout: 300.0s exceeded,434,21.16838264042747
148,2026-09-14T02:16:04.608+00:00,2026-09-14T02:20:58.221+00:00,2026-09-14T02:21:04.685+00:00,False,95,94.0,,94.0,293612.58913200005,300076.9616120001,300076.96154600004,3158.704858378948,0.03645,293612.58913200005,30116.9672089127,90.439126,68.76992,20.375070029656317,0.3132529718210828,21,64,,False,False,Request timeout: 300.0s exceeded,420,21.16838264042747
149,2026-09-14T02:16:09.297+00:00,2026-09-14T02:21:02.977+00:00,2026-09-14T02:21:09.366+00:00,False,95,94.0,,94.0,293679.809848,300068.560696,300068.560551,3158.616426852632,0.034769,293679.809848,30123.946678568205,90.32465100000002,67.96543455319149,20.719926221511795,0.3132617418564938,21,64,,False,False,Request timeout: 300.0s exceeded,479,21.16838264042747
150,2026-09-14T02:16:13.306+00:00,2026-09-14T02:21:07.246+00:00,2026-09-14T02:21:13.361+00:00,False,88,87.0,,87.0,293940.190964,300055.129332,300055.129416,3409.7173797272726,0.02524,293940.190964,31326.643500046703,90.0268622,70.28664790804598,20.2071504815436,0.28994671810371786,21,64,,False,False,Request timeout: 300.0s exceeded,456,21.16838264042747
151,2026-09-14T02:16:18.927+00:00,2026-09-14T02:21:12.773+00:00,2026-09-14T02:21:18.942+00:00,False,97,96.0,,96.0,293845.724758,300014.558806,300014.558787,3092.933595742268,0.0,293845.724758,29829.06512434386,92.4948344,64.258688,67.96768485632195,0.3199844713605282,21,64,,False,False,Request timeout: 300.0s exceeded,274,21.16838264042747
152,2026-09-14T02:16:23.437+00:00,2026-09-14T02:21:17.397+00:00,2026-09-14T02:21:23.450+00:00,False,94,93.0,,93.0,293960.166304,300012.40848,300012.408549,3191.6213675425533,0.04289,293960.166304,30312.970438388867,88.62760965000001,65.07787286021505,20.112557734934285,0.3099871784343205,21,64,,False,False,Request timeout: 300.0s exceeded,310,21.16838264042747
153,2026-09-14T02:16:28.092+00:00,2026-09-14T02:21:21.864+00:00,2026-09-14T02:21:28.111+00:00,False,93,92.0,,92.0,293772.360661,300018.619349,300018.619335,3226.0066595161293,0.02745,293772.360661,30455.740497598308,86.725993,67.89411617391305,19.32459707091098,0.3066476347355628,21,64,,False,False,Request timeout: 300.0s exceeded,412,21.16838264042747
154,2026-09-14T02:16:32.833+00:00,2026-09-14T02:21:26.670+00:00,2026-09-14T02:21:32.902+00:00,False,95,94.0,,94.0,293837.386072,300069.329496,300069.329516,3158.624521221053,0.035449,293837.386072,30140.28477563482,89.34807629999999,66.2972704680851,20.678104138622096,0.3132609392565495,21,64,,False,False,Request timeout: 300.0s exceeded,434,21.16838264042747
155,2026-09-14T02:16:37.807+00:00,2026-09-14T02:21:31.625+00:00,2026-09-14T02:21:37.824+00:00,False,94,93.0,,93.0,293817.735323,300016.851611,300016.851537,3191.6686333723405,0.020399999999999998,293817.735323,30298.117322073245,90.00572714999998,66.65716438709677,20.721240446302193,0.3099825876467207,21,64,,False,False,Request timeout: 300.0s exceeded,438,21.16838264042747
156,2026-09-14T02:16:43.321+00:00,2026-09-14T02:21:36.945+00:00,2026-09-14T02:21:43.375+00:00,False,99,98.0,,98.0,293623.484223,300053.692735,300053.69291,3030.845382929293,0.0261,293623.484223,29503.68255527576,87.10345799999999,65.61437257142858,19.743733387791448,0.3266082117061335,21,64,,False,False,Request timeout: 300.0s exceeded,443,21.16838264042747
157,2026-09-14T02:16:48.549+00:00,2026-09-14T02:21:42.071+00:00,2026-09-14T02:21:48.628+00:00,False,113,112.0,,112.0,293522.185199,300079.218671,300079.218668,2655.56830679646,0.01567,293522.185199,27607.407561245218,89.4574388,58.54494171428571,193.27499107109148,0.3732347761235484,21,64,,False,False,Request timeout: 300.0s exceeded,568,21.16838264042747
158,2026-09-14T02:16:52.778+00:00,2026-09-14T02:21:47.509+00:00,2026-09-14T02:21:52.847+00:00,False,81,80.0,,80.0,294730.94036199996,300068.48967399995,300068.489616,3704.549254518518,0.040899,294730.94036199996,32740.475038189077,87.26350500000001,66.7193664,20.010449146010078,0.26660580085204383,21,64,,False,False,Request timeout: 300.0s exceeded,403,21.16838264042747
159,2026-09-14T02:16:58.300+00:00,2026-09-14T02:21:52.036+00:00,2026-09-14T02:21:58.352+00:00,False,92,91.0,,91.0,293736.00001599995,300051.82235199993,300051.82238399994,3261.4328519999995,0.026269999999999998,293736.00001599995,30616.865135202996,87.7437735,69.40464105494505,19.44006350155281,0.30328094422717794,21,64,,False,False,Request timeout: 300.0s exceeded,418,21.16838264042747
160,2026-09-14T02:17:02.619+00:00,2026-09-14T02:21:56.499+00:00,2026-09-14T02:22:02.705+00:00,False,92,91.0,,91.0,293880.011779,300086.040579,300086.040639,3261.8047895543477,0.039490000000000004,293880.011779,30632.005640904623,88.75321155,68.19811868131869,20.153333839829155,0.3032463616915347,21,64,,False,False,Request timeout: 300.0s exceeded,404,21.16838264042747
161,2026-09-14T02:17:06.340+00:00,2026-09-14T02:22:00.076+00:00,2026-09-14T02:22:06.378+00:00,False,96,95.0,,95.0,293736.150318,300037.749038,300037.748836,3125.3932170416665,0.02144,293736.150318,29972.556989929555,89.15345925000001,66.33261810526317,20.1928778695757,0.31662682547311133,21,64,,False,False,Request timeout: 300.0s exceeded,370,21.16838264042747
162,2026-09-14T02:17:11.093+00:00,2026-09-14T02:22:04.921+00:00,2026-09-14T02:22:11.108+00:00,False,94,93.0,,93.0,293828.793253,300015.64355700003,300015.643533,3191.6557822659574,0.02862,293828.793253,30299.271277557473,89.27501099999999,66.5252720860215,20.44412665224017,0.3099838358339835,21,64,,False,False,Request timeout: 300.0s exceeded,317,21.16838264042747
163,2026-09-14T02:17:15.148+00:00,2026-09-14T02:22:08.878+00:00,2026-09-14T02:22:15.181+00:00,False,102,101.0,,101.0,293730.069748,300032.901876,300032.901914,2941.499038372549,0.0,293730.069748,29077.507469377433,88.27217294999998,62.4042784950495,66.69319061507785,0.3366297474992996,21,64,,False,False,Request timeout: 300.0s exceeded,451,21.16838264042747
164,2026-09-14T02:17:19.665+00:00,2026-09-14T02:22:13.496+00:00,2026-09-14T02:22:19.731+00:00,False,92,91.0,,91.0,293830.921373,300066.43190100003,300066.43171100004,3261.591649032609,0.05239,293830.921373,30626.853310256385,88.02975210000001,68.52209371428572,19.327078692028838,0.30326617817091694,21,64,,False,False,Request timeout: 300.0s exceeded,424,21.16838264042747
165,2026-09-14T02:17:24.551+00:00,2026-09-14T02:22:17.830+00:00,2026-09-14T02:22:24.588+00:00,False,99,98.0,,98.0,293279.064999,300036.773031,300036.773062,3030.674475373737,0.02129,293279.064999,29468.731204414737,87.9107259,68.95620440816326,19.656694200671684,0.3266266298293862,21,64,,False,False,Request timeout: 300.0s exceeded,463,21.16838264042747
166,2026-09-14T02:17:29.975+00:00,2026-09-14T02:22:23.683+00:00,2026-09-14T02:22:29.986+00:00,False,94,93.0,,93.0,293707.95971100003,300010.76649500005,300010.766567,3191.6038996489365,0.03633,293707.95971100003,30286.679696587977,89.500677,67.77211595698924,20.51388199960286,0.30998887502109007,21,64,,False,False,Request timeout: 300.0s exceeded,248,21.16838264042747
167,2026-09-14T02:17:33.333+00:00,2026-09-14T02:22:26.954+00:00,2026-09-14T02:22:33.344+00:00,False,92,91.0,,91.0,293620.345422,300010.65403,300010.654003,3260.985369597826,0.022940000000000002,293620.345422,30604.722422727584,89.02755455,70.22317151648352,20.140095395551057,0.30332256130777385,21,64,,False,False,Request timeout: 300.0s exceeded,443,21.16838264042747
168,2026-09-14T02:17:36.702+00:00,2026-09-14T02:22:30.075+00:00,2026-09-14T02:22:36.710+00:00,False,95,94.0,,94.0,293372.885488,300007.439344,300007.439343,3157.9730457157893,0.04306,293372.885488,30092.18912144689,91.24275379999999,70.58036017021276,21.435979711700792,0.313325563544496,21,64,,False,False,Request timeout: 300.0s exceeded,459,21.16838264042747
169,2026-09-14T02:17:42.002+00:00,2026-09-14T02:22:35.686+00:00,2026-09-14T02:22:42.068+00:00,False,92,91.0,,91.0,293683.602135,300065.76712699997,300065.76707299997,3261.5844247065215,0.02268,293683.602135,30611.32738987936,91.49021445,70.13368123076923,21.145125024259432,0.3032668500351962,21,64,,False,False,Request timeout: 300.0s exceeded,237,21.16838264042747
170,2026-09-14T02:17:47.497+00:00,2026-09-14T02:22:41.286+00:00,2026-09-14T02:22:47.522+00:00,False,93,92.0,,92.0,293788.606172,300024.77718,300024.776959,3226.0728705268816,0.030920000000000003,293788.606172,30457.437700640767,91.258745,67.78446747826088,21.22614601949514,0.30664134097433077,21,64,,False,False,Request timeout: 300.0s exceeded,498,21.16838264042747
171,2026-09-14T02:17:52.531+00:00,2026-09-14T02:22:46.383+00:00,2026-09-14T02:22:52.551+00:00,False,90,89.0,,89.0,293851.41508899996,300019.50264099997,300019.50259099994,3333.5500287888885,0.02043,293851.41508899996,30967.359091711725,87.01226485000001,69.30435451685393,18.674131820903856,0.2966473819753525,21,64,,False,False,Request timeout: 300.0s exceeded,474,21.16838264042747
172,2026-09-14T02:17:58.401+00:00,2026-09-14T02:22:52.178+00:00,2026-09-14T02:22:58.481+00:00,False,94,93.0,,93.0,293776.19660900004,300079.24582500005,300079.24572500004,3192.3324013297874,0.03451,293776.19660900004,30293.717949549286,90.2211183,67.77472275268816,21.13822024041904,0.309918134272557,21,64,,False,False,Request timeout: 300.0s exceeded,375,21.16838264042747
173,2026-09-14T02:18:02.163+00:00,2026-09-14T02:22:55.975+00:00,2026-09-14T02:23:02.184+00:00,False,92,91.0,,91.0,293812.1286,300021.492568,300021.492454,3261.1031788478263,0.04949,293812.1286,30624.925135941034,91.18793799999999,68.23476887912089,21.09179757688622,0.3033116035157875,21,64,,False,False,Request timeout: 300.0s exceeded,224,21.16838264042747
174,2026-09-14T02:18:06.696+00:00,2026-09-14T02:23:00.182+00:00,2026-09-14T02:23:06.714+00:00,False,100,99.0,,99.0,293486.14581699995,300017.707801,300017.70772999997,3000.1770772999994,0.0,293486.14581699995,29342.091528064433,89.03083620000001,65.97537357575757,66.45003269170306,0.32998052256857496,21,64,,False,False,Request timeout: 300.0s exceeded,416,21.16838264042747
175,2026-09-14T02:18:11.575+00:00,2026-09-14T02:23:04.842+00:00,2026-09-14T02:23:11.636+00:00,False,105,104.0,,104.0,293267.027699,300061.45637100004,300061.456466,2857.728156819048,0.0,293267.027699,28613.629594759135,87.61688720000001,65.33104492307692,65.33731116813443,0.3465956649607572,21,64,,False,False,Request timeout: 300.0s exceeded,470,21.16838264042747
176,2026-09-14T02:18:17.268+00:00,2026-09-14T02:23:10.596+00:00,2026-09-14T02:23:17.310+00:00,False,96,95.0,,95.0,293328.691759,300042.491439,300042.491486,3125.4426196458335,0.046449,293328.691759,29930.527937610517,90.93123800000001,70.67157557894737,19.96167727119639,0.31662182094403096,21,64,,False,False,Request timeout: 300.0s exceeded,403,21.16838264042747
177,2026-09-14T02:18:21.445+00:00,2026-09-14T02:23:15.180+00:00,2026-09-14T02:23:21.489+00:00,False,92,91.0,,91.0,293735.022127,300043.894575,300043.89469,3261.3466814130434,0.02019,293735.022127,30616.77200735687,89.36943600000001,69.32826865934067,20.767181671914493,0.30328895753368956,21,64,,False,False,Request timeout: 300.0s exceeded,370,21.16838264042747
178,2026-09-14T02:18:27.361+00:00,2026-09-14T02:23:21.230+00:00,2026-09-14T02:23:27.403+00:00,False,91,90.0,,90.0,293869.06165399996,300042.124822,300042.125004,3297.1662088351645,0.03547,293869.06165399996,30798.66465433477,89.133442,68.58959075555555,20.37694679075992,0.29995788109217164,21,64,,False,False,Request timeout: 300.0s exceeded,489,21.16838264042747
179,2026-09-14T02:18:32.510+00:00,2026-09-14T02:23:26.069+00:00,2026-09-14T02:23:32.713+00:00,False,100,99.0,,99.0,293558.968287,300203.118047,300203.11794200004,3002.03117942,0.03605,293558.968287,29349.193203994753,90.8342055,67.11262383838384,21.28115882478967,0.32977672132139707,21,64,,False,False,Request timeout: 300.0s exceeded,426,21.16838264042747
180,2026-09-14T02:18:36.068+00:00,2026-09-14T02:23:29.510+00:00,2026-09-14T02:23:36.135+00:00,False,100,99.0,,99.0,293441.69075099996,300066.92108699994,300066.92100599996,3000.6692100599994,0.03616,293441.69075099996,29337.484457351587,91.334041,66.92151854545455,21.132198761698184,0.3299264032215548,21,64,,False,False,Request timeout: 300.0s exceeded,470,21.16838264042747
181,2026-09-14T02:18:39.932+00:00,2026-09-14T02:23:33.858+00:00,2026-09-14T02:23:40.021+00:00,False,90,89.0,,89.0,293926.025364,300089.229716,300089.229796,3334.324775511111,0.02987,293926.025364,30975.23029252495,89.22387295,69.2494871011236,19.979484311760324,0.29657845462907245,21,64,,False,False,Request timeout: 300.0s exceeded,287,21.16838264042747
182,2026-09-14T02:18:44.152+00:00,2026-09-14T02:23:37.756+00:00,2026-09-14T02:23:44.178+00:00,False,96,95.0,,95.0,293604.529491,300026.310995,300026.310946,3125.2740723541665,0.01988,293604.529491,29958.993760357967,87.2082435,67.59770004210526,19.238972873702295,0.316638896385268,21,64,,False,False,Request timeout: 300.0s exceeded,410,21.16838264042747
183,2026-09-14T02:18:48.389+00:00,2026-09-14T02:23:42.216+00:00,2026-09-14T02:23:48.448+00:00,False,95,94.0,,94.0,293826.51697899995,300059.03921899997,300059.03919399995,3158.516202042105,0.02271,293826.51697899995,30139.168049504602,86.88574240000001,66.30342808510638,19.228837722438918,0.31327168228181096,21,64,,False,False,Request timeout: 300.0s exceeded,460,21.16838264042747
184,2026-09-14T02:18:52.898+00:00,2026-09-14T02:23:46.600+00:00,2026-09-14T02:23:52.948+00:00,False,94,93.0,,93.0,293702.86342,300050.765884,300050.76595000003,3192.029425,0.030239000000000002,293702.86342,30286.10364082429,89.13324349999999,68.25701574193548,19.90793709033372,0.30994755079530084,21,64,,False,False,Request timeout: 300.0s exceeded,445,21.16838264042747
185,2026-09-14T02:18:57.152+00:00,2026-09-14T02:23:51.278+00:00,2026-09-14T02:23:57.196+00:00,False,87,86.0,,86.0,294125.43828500004,300043.76942100003,300043.76933300006,3448.7789578505754,0.03499,294125.43828500004,31526.18537281542,89.7132319,68.81780390697675,20.356548953019203,0.2866248486544339,21,64,,False,False,Request timeout: 300.0s exceeded,440,21.16838264042747
186,2026-09-14T02:19:01.060+00:00,2026-09-14T02:23:55.238+00:00,2026-09-14T02:24:01.353+00:00,False,91,90.0,,90.0,294178.093491,300293.19518700003,300293.195176,3299.9252217142857,0.04154,294178.093491,30831.19146439248,91.60050599999998,67.94557440000001,66.36170065384489,0.29970709107795385,21,64,,False,False,Request timeout: 300.0s exceeded,421,21.16838264042747
187,2026-09-14T02:19:05.364+00:00,2026-09-14T02:24:00.564+00:00,2026-09-14T02:24:05.390+00:00,False,76,75.0,,75.0,295200.563091,300026.65102700004,300026.65112,3947.7190936842107,0.0,295200.563091,33854.531293307795,93.822454,64.34783914666667,76.63738473728738,0.24997779278365034,21,64,,False,False,Request timeout: 300.0s exceeded,346,21.16838264042747
188,2026-09-14T02:19:09.039+00:00,2026-09-14T02:24:03.087+00:00,2026-09-14T02:24:09.050+00:00,False,91,90.0,,90.0,294047.859395,300011.262659,300011.262551,3296.827061,0.023719999999999998,294047.859395,30817.651904476774,87.950079,66.26003626666666,20.30671824671079,0.2999887377638091,21,64,,False,False,Request timeout: 300.0s exceeded,409,21.16838264042747
189,2026-09-14T02:19:14.844+00:00,2026-09-14T02:24:08.663+00:00,2026-09-14T02:24:14.907+00:00,False,92,91.0,,91.0,293819.47002999997,300063.37710199994,300063.37727399997,3261.558448630434,0.022,293819.47002999997,30625.6500307986,89.57875159999999,68.61436342857144,19.685146019707,0.3032692655760738,21,64,,False,False,Request timeout: 300.0s exceeded,421,21.16838264042747
190,2026-09-14T02:19:18.740+00:00,2026-09-14T02:24:12.575+00:00,2026-09-14T02:24:18.775+00:00,False,92,91.0,,91.0,293834.939488,300035.749984,300035.749994,3261.258152108696,0.023530000000000002,293834.939488,30627.31254755656,89.18586205,68.14077468131869,20.21197631328032,0.30329719043431574,21,64,,False,False,Request timeout: 300.0s exceeded,417,21.16838264042747
191,2026-09-14T02:19:22.585+00:00,2026-09-14T02:24:16.468+00:00,2026-09-14T02:24:22.630+00:00,False,91,90.0,,90.0,293883.18848400004,300045.70317200007,300045.70313100005,3297.2055289120885,0.02798,293883.18848400004,30800.15764298075,89.597451,68.47238542222223,20.081463502471937,0.29995430378953913,21,64,,False,False,Request timeout: 300.0s exceeded,459,21.16838264042747
192,2026-09-14T02:19:27.030+00:00,2026-09-14T02:24:20.891+00:00,2026-09-14T02:24:27.036+00:00,False,90,89.0,,89.0,293861.46542,300005.999436,300005.99932500004,3333.3999925000003,0.03619,293861.46542,30968.44682104265,86.95968649999999,69.03970804494382,19.390553647495928,0.2966607340097086,21,64,,False,False,Request timeout: 300.0s exceeded,119,21.16838264042747
193,2026-09-14T02:19:30.379+00:00,2026-09-14T02:24:23.850+00:00,2026-09-14T02:24:30.399+00:00,False,99,98.0,,98.0,293471.09167299996,300019.98383299995,300019.98380399996,3030.5048869090906,0.03279,293471.09167299996,29488.245036322587,88.870094,66.82543020408163,20.074185635817063,0.3266449079423646,21,64,,False,False,Request timeout: 300.0s exceeded,383,21.16838264042747
194,2026-09-14T02:19:34.691+00:00,2026-09-14T02:24:28.092+00:00,2026-09-14T02:24:34.768+00:00,False,100,99.0,,99.0,293400.646493,300077.033565,300077.033505,3000.7703350499996,0.02463,293400.646493,29333.32730978906,87.18194944999999,67.43825325252526,19.605603415812364,0.32991528483153815,21,64,,False,False,Request timeout: 300.0s exceeded,496,21.16838264042747
195,2026-09-14T02:19:40.481+00:00,2026-09-14T02:24:34.168+00:00,2026-09-14T02:24:40.584+00:00,False,94,93.0,,93.0,293686.570478,300102.62474999996,300102.62471899996,3192.5811140319147,0.021,293686.570478,30284.347457013184,89.32381365,68.98983088172042,19.735668437334507,0.3098939906889302,21,64,,False,False,Request timeout: 300.0s exceeded,475,21.16838264042747
196,2026-09-14T02:19:44.821+00:00,2026-09-14T02:24:38.126+00:00,2026-09-14T02:24:44.845+00:00,False,95,94.0,,94.0,293305.23361500003,300023.94030300004,300023.940277,3158.146739757895,0.023620000000000002,293305.23361500003,30085.155788658503,91.308207,71.4756030638298,20.642634247002583,0.3133083310120771,21,64,,False,False,Request timeout: 300.0s exceeded,453,21.16838264042747
197,2026-09-14T02:19:50.096+00:00,2026-09-14T02:24:43.329+00:00,2026-09-14T02:24:50.144+00:00,False,114,113.0,,113.0,293232.972509,300047.95286099997,300047.952887,2631.99958672807,0.01529,293232.972509,27458.912348782316,92.1009285,60.30956063716814,207.4489458017979,0.37660646880783194,21,64,,False,False,Request timeout: 300.0s exceeded,526,21.16838264042747
198,2026-09-14T02:19:53.982+00:00,2026-09-14T02:24:48.746+00:00,2026-09-14T02:24:54.023+00:00,False,75,74.0,,74.0,294763.622737,300041.121361,300041.12121199997,4000.5482828266668,0.03037,294763.622737,34028.143051417945,91.98667739999999,71.31754897297297,21.508212808759566,0.24663286040370958,21,64,,False,False,Request timeout: 300.0s exceeded,175,21.16838264042747
199,2026-09-14T02:19:57.570+00:00,2026-09-14T02:24:51.281+00:00,2026-09-14T02:24:57.605+00:00,False,94,93.0,,93.0,293710.190981,300034.489989,300034.49010600004,3191.8562777234047,0.0,293710.190981,30286.957841751788,88.16605615,68.00321513978494,69.42589496238074,0.3099643644416,21,64,,False,False,Request timeout: 300.0s exceeded,463,21.16838264042747
200,2026-09-14T02:20:02.132+00:00,2026-09-14T02:24:55.684+00:00,2026-09-14T02:25:02.222+00:00,False,102,101.0,,101.0,293551.719228,300089.95717999997,300089.956932,2942.058401294117,0.0,293551.719228,29059.618202517635,85.40879305,64.73502922772278,67.04341276592214,0.3365657449823227,21,64,,False,False,Request timeout: 300.0s exceeded,641,21.16838264042747
201,2026-09-14T02:20:06.888+00:00,2026-09-14T02:25:00.677+00:00,2026-09-14T02:25:06.931+00:00,False,95,94.0,,94.0,293789.24516000005,300043.17642400006,300043.176404,3158.3492253052636,0.02364,293789.24516000005,30135.32073619438,87.58219099999998,66.53118365957447,19.3253763327067,0.3132882444464118,21,64,,False,False,Request timeout: 300.0s exceeded,465,21.16838264042747
202,2026-09-14T02:20:11.443+00:00,2026-09-14T02:25:05.084+00:00,2026-09-14T02:25:11.503+00:00,False,94,93.0,,93.0,293640.361739,300060.001035,300060.001242,3192.127672787234,0.0275,293640.361739,30279.577356299047,88.2384445,69.02837952688172,19.64562325950807,0.3099380113284481,21,64,,False,False,Request timeout: 300.0s exceeded,356,21.16838264042747
203,2026-09-14T02:20:16.601+00:00,2026-09-14T02:25:10.322+00:00,2026-09-14T02:25:16.660+00:00,False,91,90.0,,90.0,293721.16106199997,300059.68854999996,300059.688447,3297.3592137032965,0.03605,293721.16106199997,30782.967510278566,89.464586,70.4280832,20.02776285892372,0.299940323323381,21,64,,False,False,Request timeout: 300.0s exceeded,312,21.16838264042747
204,2026-09-14T02:20:22.089+00:00,2026-09-14T02:25:15.540+00:00,2026-09-14T02:25:22.601+00:00,False,104,103.0,,103.0,293451.071367,300512.323719,300512.323794,2889.5415749423078,0.040039,293451.071367,28768.529844053355,90.34843514999999,68.5558480776699,20.614050927325668,0.3427480068881042,21,64,,False,False,Request timeout: 300.0s exceeded,505,21.16838264042747
205,2026-09-14T02:20:27.865+00:00,2026-09-14T02:25:21.379+00:00,2026-09-14T02:25:27.945+00:00,False,100,99.0,,99.0,293514.305787,300080.092667,300080.09275199997,3000.8009275199997,0.03714,293514.305787,29344.805646037075,89.97182595000002,66.3210795959596,20.625648555201725,0.3299119215810849,21,64,,False,False,Request timeout: 300.0s exceeded,544,21.16838264042747
206,2026-09-14T02:20:31.821+00:00,2026-09-14T02:25:25.516+00:00,2026-09-14T02:25:31.874+00:00,False,90,89.0,,89.0,293694.246249,300052.942441,300052.942293,3333.9215810333335,0.03828,293694.246249,30950.567306079418,90.47965244999999,71.44602462921348,20.301989119637,0.29661432171257657,21,64,,False,False,Request timeout: 300.0s exceeded,438,21.16838264042747
207,2026-09-14T02:20:36.303+00:00,2026-09-14T02:25:29.931+00:00,2026-09-14T02:25:36.377+00:00,False,92,91.0,,91.0,293627.974094,300073.896142,300073.896041,3261.6727830543477,0.066509,293627.974094,30605.453940544223,91.27891,70.83430821978023,19.9691822297221,0.3032586345229353,21,64,,False,False,Request timeout: 300.0s exceeded,440,21.16838264042747
208,2026-09-14T02:20:41.142+00:00,2026-09-14T02:25:34.972+00:00,2026-09-14T02:25:41.234+00:00,False,93,92.0,,92.0,293829.747191,300091.86354299996,300091.863456,3226.7942307096773,0.03698,293829.747191,30461.673514265796,88.24716980000001,68.06648208695651,19.61772376676569,0.30657279045760394,21,64,,False,False,Request timeout: 300.0s exceeded,438,21.16838264042747
209,2026-09-14T02:20:44.494+00:00,2026-09-14T02:25:38.190+00:00,2026-09-14T02:25:44.554+00:00,False,95,94.0,,94.0,293695.767306,300059.376138,300059.37605799997,3158.519747978947,0.0395,293695.767306,30125.611082617153,88.680132,67.69796629787234,20.367476184801696,0.3132713305274905,21,64,,False,False,Request timeout: 300.0s exceeded,354,21.16838264042747
210,2026-09-14T02:20:49.151+00:00,2026-09-14T02:25:43.054+00:00,2026-09-14T02:25:49.244+00:00,False,91,90.0,,90.0,293902.792532,300093.111636,300093.111512,3297.726500131868,0.02541,293902.792532,30802.180830570498,91.6001015,68.78132337777778,20.858709742067585,0.29990691725428914,21,64,,False,False,Request timeout: 300.0s exceeded,312,21.16838264042747
211,2026-09-14T02:20:52.746+00:00,2026-09-14T02:25:46.514+00:00,2026-09-14T02:25:52.782+00:00,False,97,96.0,,96.0,293767.77903100004,300035.74395900004,300035.74405400007,3093.1520005567013,0.0,293767.77903100004,29821.048279209477,89.2059058,65.29130133333334,68.92305249668235,0.31996187765254536,21,64,,False,False,Request timeout: 300.0s exceeded,432,21.16838264042747
212,2026-09-14T02:20:57.678+00:00,2026-09-14T02:25:51.609+00:00,2026-09-14T02:25:57.771+00:00,False,108,107.0,,107.0,293931.56052999996,300092.88225799997,300092.88228499994,2778.637798935185,0.0,293931.56052999996,28278.05080782664,89.26530185,57.582446056074765,28.35385418543537,0.3565562741605064,21,64,,False,False,Request timeout: 300.0s exceeded,507,21.16838264042747
213,2026-09-14T02:21:00.979+00:00,2026-09-14T02:25:54.986+00:00,2026-09-14T02:26:01.015+00:00,False,90,89.0,,89.0,294006.96032099996,300035.98432099994,300035.984357,3333.7331595222217,0.02574,294006.96032099996,30983.921131873,89.91808294999998,67.7418426966292,20.941079983436573,0.29663108643922337,21,64,,False,False,Request timeout: 300.0s exceeded,404,21.16838264042747
214,2026-09-14T02:21:04.727+00:00,2026-09-14T02:25:58.250+00:00,2026-09-14T02:26:04.775+00:00,False,94,93.0,,93.0,293522.779015,300048.385159,300048.38512299996,3192.0040970531913,0.039869999999999996,293522.779015,30267.332475152158,89.22286749999999,70.167808,20.215251431838453,0.3099500100649365,21,64,,False,False,Request timeout: 300.0s exceeded,441,21.16838264042747
215,2026-09-14T02:21:08.691+00:00,2026-09-14T02:26:02.358+00:00,2026-09-14T02:26:08.775+00:00,False,99,98.0,,98.0,293667.122453,300083.885333,300083.885321,3031.1503567777777,0.04282,293667.122453,29508.08292435964,91.53138790000001,65.47717224489796,20.87913949059645,0.32657535039327557,21,64,,False,False,Request timeout: 300.0s exceeded,484,21.16838264042747
216,2026-09-14T02:21:13.838+00:00,2026-09-14T02:26:07.635+00:00,2026-09-14T02:26:13.873+00:00,False,91,90.0,,90.0,293796.79651300004,300034.95356900006,300034.95357600006,3297.0874019340663,0.023149,293796.79651300004,30791.013064171828,88.88528750000002,69.31285617777779,19.86935170253028,0.2999650505030321,21,64,,False,False,Request timeout: 300.0s exceeded,467,21.16838264042747
217,2026-09-14T02:21:19.718+00:00,2026-09-14T02:26:13.548+00:00,2026-09-14T02:26:19.773+00:00,False,94,93.0,,93.0,293829.99274400005,300054.7663760001,300054.7664370001,3192.071983372341,0.024210000000000002,293829.99274400005,30299.35278835149,88.64759865,66.9330498064516,20.22104992551233,0.3099434184073625,21,64,,False,False,Request timeout: 300.0s exceeded,448,21.16838264042747
218,2026-09-14T02:21:25.086+00:00,2026-09-14T02:26:18.845+00:00,2026-09-14T02:26:25.145+00:00,False,91,90.0,,90.0,293758.877566,300059.09235,300059.09229,3297.352662527472,0.02219,293758.877566,30786.966069632017,89.1967765,70.00238648888889,20.292096265939417,0.2999409192873938,21,64,,False,False,Request timeout: 300.0s exceeded,349,21.16838264042747
219,2026-09-14T02:21:29.134+00:00,2026-09-14T02:26:22.759+00:00,2026-09-14T02:26:29.202+00:00,False,95,94.0,,94.0,293625.217411,300067.876227,300067.876243,3158.6092236105264,0.02445,293625.217411,30118.28694213531,91.0847627,68.53892357446809,20.963878535267433,0.31326245642132455,21,64,,False,False,Request timeout: 300.0s exceeded,416,21.16838264042747
220,2026-09-14T02:21:32.741+00:00,2026-09-14T02:26:26.360+00:00,2026-09-14T02:26:32.770+00:00,False,96,95.0,,95.0,293619.278395,300029.35967499996,300029.359625,3125.305829427083,0.02181,293619.278395,29960.512363761325,88.80218725,67.47453978947368,20.35551191376471,0.31663567893124395,21,64,,False,False,Request timeout: 300.0s exceeded,472,21.16838264042747
221,2026-09-14T02:21:38.428+00:00,2026-09-14T02:26:32.007+00:00,2026-09-14T02:26:38.498+00:00,False,97,96.0,,96.0,293578.769652,300069.928692,300069.928653,3093.5044191030925,0.02573,293578.769652,29801.54870874539,88.2796514,67.61624,19.486685594028867,0.319925426777893,21,64,,False,False,Request timeout: 300.0s exceeded,354,21.16838264042747
222,2026-09-14T02:21:43.420+00:00,2026-09-14T02:26:37.016+00:00,2026-09-14T02:26:43.491+00:00,False,97,96.0,,96.0,293595.793237,300070.778965,300070.779072,3093.5131863092784,0.02677,293595.793237,29803.29481229794,88.91877679999999,67.447768,20.267240810110845,0.3199245202452631,21,64,,False,False,Request timeout: 300.0s exceeded,477,21.16838264042747
223,2026-09-14T02:21:48.054+00:00,2026-09-14T02:26:41.391+00:00,2026-09-14T02:26:48.091+00:00,False,108,107.0,,107.0,293337.499736,300037.898072,300037.89814500004,2778.128686527778,0.0,293337.499736,28220.455867913413,88.649223,62.62054519626168,61.995346743713995,0.3566216157610971,21,64,,False,False,Request timeout: 300.0s exceeded,267,21.16838264042747
224,2026-09-14T02:21:51.930+00:00,2026-09-14T02:26:47.353+00:00,2026-09-14T02:26:52.013+00:00,False,71,70.0,,70.0,295423.365603,300082.517219,300082.517143,4226.514325957746,0.035679999999999996,295423.365603,35052.41026255191,89.321957,66.5593088,21.048112049516828,0.23326917092245686,21,64,,False,False,Request timeout: 300.0s exceeded,375,21.16838264042747
225,2026-09-14T02:21:57.806+00:00,2026-09-14T02:26:51.635+00:00,2026-09-14T02:26:57.887+00:00,False,93,92.0,,92.0,293828.552743,300080.22327099997,300080.22316,3226.669066236559,0.02477,293828.552743,30461.56161796633,89.214242,67.95294052173912,19.911333905484128,0.3065846825797499,21,64,,False,False,Request timeout: 300.0s exceeded,436,21.16838264042747
226,2026-09-14T02:22:02.214+00:00,2026-09-14T02:26:55.729+00:00,2026-09-14T02:27:02.243+00:00,False,94,93.0,,93.0,293514.991858,300028.372722,300028.37273,3191.791199255319,0.04253,293514.991858,30266.542431083515,89.0799575,70.03635337634408,19.571202876755788,0.3099706842931547,21,64,,False,False,Request timeout: 300.0s exceeded,392,21.16838264042747
227,2026-09-14T02:22:07.030+00:00,2026-09-14T02:27:01.020+00:00,2026-09-14T02:27:07.061+00:00,False,89,88.0,,88.0,293990.727855,300031.598255,300031.598236,3371.1415532134833,0.02121,293990.727855,31155.684332981924,88.22093560000002,68.64625454545455,19.437721675552083,0.2933024405156415,21,64,,False,False,Request timeout: 300.0s exceeded,438,21.16838264042747
228,2026-09-14T02:22:11.361+00:00,2026-09-14T02:27:05.225+00:00,2026-09-14T02:27:11.442+00:00,False,94,93.0,,93.0,293863.636264,300080.607272,300080.607134,3192.346884404255,0.02266,293863.636264,30302.831676650538,88.90700564999999,66.84915062365592,20.478690177405632,0.30991672819331056,21,64,,False,False,Request timeout: 300.0s exceeded,437,21.16838264042747
229,2026-09-14T02:22:15.151+00:00,2026-09-14T02:27:09.256+00:00,2026-09-14T02:27:15.167+00:00,False,90,89.0,,89.0,294104.607347,300015.917683,300015.917571,3333.510195233333,0.02248,294104.607347,30994.3531783785,89.6203534,66.41921725842697,20.53511763175562,0.2966509266819581,21,64,,False,False,Request timeout: 300.0s exceeded,402,21.16838264042747
230,2026-09-14T02:22:19.308+00:00,2026-09-14T02:27:12.880+00:00,2026-09-14T02:27:19.342+00:00,False,100,99.0,,99.0,293572.363082,300034.335306,300034.335404,3000.34335404,0.02622,293572.363082,29350.71619619425,89.27478295,65.27244670707071,20.566367875650382,0.3299622354855872,21,64,,False,False,Request timeout: 300.0s exceeded,552,21.16838264042747
231,2026-09-14T02:22:24.659+00:00,2026-09-14T02:27:18.533+00:00,2026-09-14T02:27:24.716+00:00,False,90,89.0,,89.0,293873.929878,300057.245846,300057.245928,3333.9693991999998,0.020329999999999997,293873.929878,30969.714983816302,88.18035595,69.47546031460674,19.752793759199132,0.2966100676858107,21,64,,False,False,Request timeout: 300.0s exceeded,434,21.16838264042747
232,2026-09-14T02:22:27.897+00:00,2026-09-14T02:27:21.891+00:00,2026-09-14T02:27:27.979+00:00,False,86,85.0,,85.0,293993.92383600003,300082.35442800005,300082.354417,3489.329702523256,0.022269999999999998,293993.92383600003,31694.461336106368,89.16654150000001,71.6285952,18.146914535637347,0.2832555754970071,21,64,,False,False,Request timeout: 300.0s exceeded,390,21.16838264042747
233,2026-09-14T02:22:33.088+00:00,2026-09-14T02:27:26.721+00:00,2026-09-14T02:27:33.146+00:00,False,100,99.0,,99.0,293633.056181,300058.065077,300058.065202,3000.5806520200003,0.02092,293633.056181,29356.82210267377,86.20944949999999,64.89907975757576,19.472223110286517,0.32993614077526934,21,64,,False,False,Request timeout: 300.0s exceeded,476,21.16838264042747
234,2026-09-14T02:22:36.951+00:00,2026-09-14T02:27:30.996+00:00,2026-09-14T02:27:36.999+00:00,False,92,91.0,,91.0,294044.34187400003,300047.59461000003,300047.59470500005,3261.3868989673915,0.019850000000000003,294044.34187400003,30649.37096244513,88.36621954999998,65.96981028571429,20.776231773401417,0.30328521752784326,21,64,,False,False,Request timeout: 300.0s exceeded,480,21.16838264042747
235,2026-09-14T02:22:41.711+00:00,2026-09-14T02:27:35.482+00:00,2026-09-14T02:27:41.722+00:00,False,90,89.0,,89.0,293770.95006400003,300010.88171200006,300010.881835,3333.4542426111116,0.07665999999999999,293770.95006400003,30958.793019459597,90.0925785,70.1115915505618,19.9313038629003,0.29665590625288346,21,64,,False,False,Request timeout: 300.0s exceeded,288,21.16838264042747
236,2026-09-14T02:22:45.755+00:00,2026-09-14T02:27:39.652+00:00,2026-09-14T02:27:45.780+00:00,False,96,95.0,,95.0,293897.509467,300025.31900300004,300025.319006,3125.2637396458335,0.0,293897.509467,29989.284417311384,90.49154125000001,64.50325827368421,69.1131494772274,0.3166399433077515,21,64,,False,False,Request timeout: 300.0s exceeded,436,21.16838264042747
237,2026-09-14T02:22:49.373+00:00,2026-09-14T02:27:43.561+00:00,2026-09-14T02:27:49.430+00:00,False,88,87.0,,87.0,294188.332294,300057.335046,300057.335099,3409.7424443068185,0.02232,294188.332294,31353.397060251504,88.37235000000001,67.45980174712643,20.623832512691575,0.28994458671261125,21,64,,False,False,Request timeout: 300.0s exceeded,422,21.16838264042747
238,2026-09-14T02:22:53.975+00:00,2026-09-14T02:27:47.804+00:00,2026-09-14T02:27:54.019+00:00,False,90,89.0,,89.0,293828.77009500004,300043.76324700005,300043.76313000004,3333.819590333334,0.038450000000000005,293828.77009500004,30964.917065530793,88.02362345,69.83138373033708,19.52512468917398,0.2966233959901843,21,64,,False,False,Request timeout: 300.0s exceeded,443,21.16838264042747
239,2026-09-14T02:22:58.049+00:00,2026-09-14T02:27:51.713+00:00,2026-09-14T02:27:58.128+00:00,False,96,95.0,,95.0,293663.98459500005,300079.025619,300079.02569700003,3125.8231843437507,0.02034,293663.98459500005,29965.07049879692,90.38181974999999,67.52674762105264,21.310859203106553,0.31658327270303194,21,64,,False,False,Request timeout: 300.0s exceeded,397,21.16838264042747
240,2026-09-14T02:23:02.840+00:00,2026-09-14T02:27:56.666+00:00,2026-09-14T02:28:02.865+00:00,False,95,94.0,,94.0,293826.813754,300025.963066,300025.962991,3158.1680314842106,0.039920000000000004,293826.813754,30139.235581694276,88.55151599999999,65.94839693617021,20.24483882710115,0.31330621869988556,21,64,,False,False,Request timeout: 300.0s exceeded,389,21.16838264042747
241,2026-09-14T02:23:06.661+00:00,2026-09-14T02:28:00.252+00:00,2026-09-14T02:28:06.702+00:00,False,97,96.0,,96.0,293591.341402,300040.967258,300040.967401,3093.205849494845,0.02842,293591.341402,29802.869528297764,88.50792140000001,67.18360266666667,20.13210164704828,0.31995630755799853,21,64,,False,False,Request timeout: 300.0s exceeded,434,21.16838264042747
242,2026-09-14T02:23:10.787+00:00,2026-09-14T02:28:04.093+00:00,2026-09-14T02:28:10.866+00:00,False,100,99.0,,99.0,293306.116356,300078.85798800003,300078.858173,3000.7885817300003,0.04566,293306.116356,29323.77775323144,89.54151399999999,68.41153163636363,20.755152047868712,0.3299132790086763,21,64,,False,False,Request timeout: 300.0s exceeded,483,21.16838264042747
243,2026-09-14T02:23:15.904+00:00,2026-09-14T02:28:09.652+00:00,2026-09-14T02:28:15.912+00:00,False,105,104.0,,104.0,293747.549657,300007.438041,300007.438247,2857.213697590476,0.015050000000000001,293747.549657,28662.16961572948,90.9052002,60.191234461538464,265.53149869085064,0.346658071810163,21,64,,False,False,Request timeout: 300.0s exceeded,477,21.16838264042747
244,2026-09-14T02:23:20.518+00:00,2026-09-14T02:28:15.914+00:00,2026-09-14T02:28:20.574+00:00,False,68,67.0,,67.0,295395.641509,300055.375525,300055.375602,4412.579052970588,0.04081,295395.641509,35813.55505240158,90.43543705,69.54826889552238,20.439908127081953,0.2232921169393204,21,64,,False,False,Request timeout: 300.0s exceeded,259,21.16838264042747
245,2026-09-14T02:23:25.531+00:00,2026-09-14T02:28:18.919+00:00,2026-09-14T02:28:25.557+00:00,False,97,96.0,,96.0,293388.162704,300026.464912,300026.46481000003,3093.056338247423,0.0525,293388.162704,29782.040308951306,90.1173296,69.14898133333332,20.133375127152654,0.3199717732505948,21,64,,False,False,Request timeout: 300.0s exceeded,458,21.16838264042747
246,2026-09-14T02:23:30.545+00:00,2026-09-14T02:28:23.746+00:00,2026-09-14T02:28:30.575+00:00,False,103,102.0,,102.0,293201.26249500003,300030.07222300005,300030.07222900004,2912.913322611651,0.01914,293201.26249500003,28883.389517682263,88.89204509999999,66.94911498039215,20.745084383268573,0.33996592156331445,21,64,,False,False,Request timeout: 300.0s exceeded,497,21.16838264042747
247,2026-09-14T02:23:34.402+00:00,2026-09-14T02:28:28.373+00:00,2026-09-14T02:28:34.434+00:00,False,88,87.0,,87.0,293970.944786,300031.52949,300031.529552,3409.4491994545456,0.01742,293970.944786,31329.988643188568,89.94897685,69.66189314942528,20.481791490600887,0.2899695246959027,21,64,,False,False,Request timeout: 300.0s exceeded,408,21.16838264042747
248,2026-09-14T02:23:37.750+00:00,2026-09-14T02:28:31.610+00:00,2026-09-14T02:28:37.775+00:00,False,89,88.0,,88.0,293859.64878399996,300024.69096,300024.69099,3371.063943707865,0.0,293859.64878399996,31141.70709529882,89.6078046,70.05729745454545,67.66717887849089,0.29330919304815606,21,64,,False,False,Request timeout: 300.0s exceeded,394,21.16838264042747
249,2026-09-14T02:23:41.974+00:00,2026-09-14T02:28:35.643+00:00,2026-09-14T02:28:42.025+00:00,False,100,99.0,,99.0,293669.780071,300051.292775,300051.29277999996,3000.5129278,0.0,293669.780071,29360.602231852386,88.27668549999999,64.45972428282829,64.52997913321961,0.32994358759266307,21,64,,False,False,Request timeout: 300.0s exceeded,517,21.16838264042747
250,2026-09-14T02:23:45.622+00:00,2026-09-14T02:28:39.294+00:00,2026-09-14T02:28:45.664+00:00,False,92,91.0,,91.0,293672.065001,300042.115049,300042.115054,3261.3273375434783,0.022359999999999998,293672.065001,30610.137034383115,86.70795899999999,70.00054997802198,18.97550761482461,0.3032907563164549,21,64,,False,False,Request timeout: 300.0s exceeded,409,21.16838264042747
251,2026-09-14T02:23:50.044+00:00,2026-09-14T02:28:43.618+00:00,2026-09-14T02:28:50.061+00:00,False,95,94.0,,94.0,293573.587485,300017.317149,300017.31732200005,3158.0770244421055,0.026920000000000003,293573.587485,30112.987824853986,88.956416,68.55031557446809,19.72057798713975,0.31331524757724577,21,64,,False,False,Request timeout: 300.0s exceeded,464,21.16838264042747
252,2026-09-14T02:23:54.040+00:00,2026-09-14T02:28:47.983+00:00,2026-09-14T02:28:54.072+00:00,False,91,90.0,,90.0,293943.23616000003,300032.37408000004,300032.373956,3297.059054461539,0.020030000000000003,293943.23616000003,30806.538123804672,90.04756450000001,67.657088,20.55500335116516,0.2999676294132265,21,64,,False,False,Request timeout: 300.0s exceeded,387,21.16838264042747
253,2026-09-14T02:23:57.433+00:00,2026-09-14T02:28:51.433+00:00,2026-09-14T02:28:57.441+00:00,False,91,90.0,,90.0,293999.681035,300007.792651,300007.79246200004,3296.7889281538464,0.04943,293999.681035,30812.549705984016,89.212552,66.75679573333333,20.820851971332974,0.2999922075514127,21,64,,False,False,Request timeout: 300.0s exceeded,387,21.16838264042747
254,2026-09-14T02:24:02.336+00:00,2026-09-14T02:28:55.992+00:00,2026-09-14T02:29:02.355+00:00,False,95,94.0,,94.0,293656.242565,300019.208837,300019.20873300004,3158.096934031579,0.03477,293656.242565,30121.55709979716,89.61422699999999,67.69113055319148,21.055094730159638,0.31331327205475723,21,64,,False,False,Request timeout: 300.0s exceeded,349,21.16838264042747
255,2026-09-14T02:24:06.142+00:00,2026-09-14T02:28:59.462+00:00,2026-09-14T02:29:06.175+00:00,False,99,98.0,,98.0,293320.516136,300033.088296,300033.088346,3030.637256020202,0.03442,293320.516136,29472.944756512203,92.11729079999999,68.49563428571429,21.4918233271624,0.3266306411622086,21,64,,False,False,Request timeout: 300.0s exceeded,509,21.16838264042747
256,2026-09-14T02:24:10.315+00:00,2026-09-14T02:29:04.219+00:00,2026-09-14T02:29:10.337+00:00,False,89,88.0,,88.0,293904.26566699997,300021.899459,300021.89940199995,3371.0325775505617,0.01932,293904.26566699997,31146.42774186097,90.1914854,69.51856581818181,20.762867789528524,0.2933119220919598,21,64,,False,False,Request timeout: 300.0s exceeded,429,21.16838264042747
257,2026-09-14T02:24:13.848+00:00,2026-09-14T02:29:07.458+00:00,2026-09-14T02:29:13.920+00:00,False,98,97.0,,97.0,293610.296921,300072.499289,300072.499409,3061.9642796836733,0.040639,293610.296921,29652.395815093718,87.4085952,66.62064296907216,19.980502468401916,0.3232552140893766,21,64,,False,False,Request timeout: 300.0s exceeded,345,21.16838264042747
258,2026-09-14T02:24:17.102+00:00,2026-09-14T02:29:10.893+00:00,2026-09-14T02:29:17.127+00:00,False,96,95.0,,95.0,293790.566333,300024.51014100004,300024.510113,3125.2553136770834,0.03714,293790.566333,29978.18313206321,86.05866125,65.6204611368421,19.657803067090967,0.31664079696473346,21,64,,False,False,Request timeout: 300.0s exceeded,472,21.16838264042747
259,2026-09-14T02:24:21.115+00:00,2026-09-14T02:29:15.129+00:00,2026-09-14T02:29:21.143+00:00,False,92,91.0,,91.0,294013.922564,300027.776772,300027.77682800003,3261.1714872608695,0.02094,294013.922564,30646.186888908953,87.46568299999998,66.08630997802197,20.022694890339586,0.3033052505306986,21,64,,False,False,Request timeout: 300.0s exceeded,496,21.16838264042747
260,2026-09-14T02:24:24.852+00:00,2026-09-14T02:29:18.579+00:00,2026-09-14T02:29:24.894+00:00,False,90,89.0,,89.0,293726.931122,300041.562546,300041.562582,3333.7951397999996,0.02792,293726.931122,30954.064653004698,89.79311245000001,70.9509148764045,20.101470221947675,0.2966255716201159,21,64,,False,False,Request timeout: 300.0s exceeded,439,21.16838264042747
261,2026-09-14T02:24:28.104+00:00,2026-09-14T02:29:21.827+00:00,2026-09-14T02:29:28.125+00:00,False,88,87.0,,87.0,293722.867973,300021.00890099996,300021.009078,3409.329648613636,0.039439999999999996,293722.867973,31303.25137671323,87.9678285,72.39242445977011,18.67126357167213,0.28997969281780533,21,64,,False,False,Request timeout: 300.0s exceeded,413,21.16838264042747
262,2026-09-14T02:24:32.571+00:00,2026-09-14T02:29:26.292+00:00,2026-09-14T02:29:33.059+00:00,False,93,92.0,,92.0,293721.03252999997,300488.007506,300488.00749499997,3231.0538440322575,0.02138,293721.03252999997,30449.8868069606,89.3582756,73.55407582608696,61.666039160964566,0.30616862471013256,21,64,,False,False,Request timeout: 300.0s exceeded,316,21.16838264042747
263,2026-09-14T02:24:37.473+00:00,2026-09-14T02:29:31.127+00:00,2026-09-14T02:29:37.519+00:00,False,103,102.0,,102.0,293653.709526,300046.184406,300046.184412,2913.0697515728157,0.0,293653.709526,28928.451806478435,90.2669102,62.671322352941175,62.67633987015942,0.3399476657299572,21,64,,False,False,Request timeout: 300.0s exceeded,523,21.16838264042747
264,2026-09-14T02:24:42.698+00:00,2026-09-14T02:29:36.242+00:00,2026-09-14T02:29:42.719+00:00,False,97,96.0,,96.0,293544.179772,300021.167932,300021.167849,3093.001730402062,0.0338,293544.179772,29798.052638428835,90.12497179999998,67.46862666666667,20.991197338307725,0.319977422465599,21,64,,False,False,Request timeout: 300.0s exceeded,472,21.16838264042747
265,2026-09-14T02:24:48.630+00:00,2026-09-14T02:29:42.458+00:00,2026-09-14T02:29:48.650+00:00,False,101,100.0,,100.0,293827.596509,300019.89526099997,300019.895107,2970.494010960396,0.02966,293827.596509,29230.784238891007,89.776731,61.92298752000001,20.623561376222614,0.3333112289536858,21,64,,False,False,Request timeout: 300.0s exceeded,376,21.16838264042747
266,2026-09-14T02:24:52.131+00:00,2026-09-14T02:29:45.973+00:00,2026-09-14T02:29:52.186+00:00,False,99,98.0,,98.0,293842.642259,300055.911251,300055.911102,3030.867788909091,0.01828,293842.642259,29525.9327334042,89.5948328,63.400704,21.878454744474737,0.32660579687104363,21,64,,False,False,Request timeout: 300.0s exceeded,458,21.16838264042747
267,2026-09-14T02:24:55.628+00:00,2026-09-14T02:29:49.420+00:00,2026-09-14T02:29:55.670+00:00,False,89,88.0,,88.0,293792.911766,300042.41167,300042.411584,3371.2630515056176,0.042140000000000004,293792.911766,31134.464815529285,89.089956,71.01704436363636,19.830842900465925,0.293291870006652,21,64,,False,False,Request timeout: 300.0s exceeded,218,21.16838264042747
268,2026-09-14T02:25:00.364+00:00,2026-09-14T02:29:54.142+00:00,2026-09-14T02:30:00.440+00:00,False,92,91.0,,91.0,293777.138233,300075.822393,300075.822447,3261.69372225,0.02823,293777.138233,30621.174627570108,89.86277804999997,69.21630945054946,20.828203809136195,0.3032566878407822,21,64,,False,False,Request timeout: 300.0s exceeded,360,21.16838264042747
269,2026-09-14T02:25:06.218+00:00,2026-09-14T02:30:00.024+00:00,2026-09-14T02:30:06.243+00:00,False,91,90.0,,90.0,293806.125816,300025.526776,300025.52682699997,3296.983811285714,0.02004,293806.125816,30792.01271152249,88.9808675,69.10445511111111,19.592479110249258,0.2999744753958695,21,64,,False,False,Request timeout: 300.0s exceeded,409,21.16838264042747
270,2026-09-14T02:25:09.614+00:00,2026-09-14T02:30:03.099+00:00,2026-09-14T02:30:09.688+00:00,False,97,96.0,,96.0,293484.579818,300073.78327400004,300073.78332800005,3093.544158020619,0.02042,293484.579818,29791.882176482835,89.406059,68.637536,20.526999081170874,0.3199213171926504,21,64,,False,False,Request timeout: 300.0s exceeded,443,21.16838264042747
271,2026-09-14T02:25:14.995+00:00,2026-09-14T02:30:08.687+00:00,2026-09-14T02:30:15.038+00:00,False,96,95.0,,95.0,293692.22755199997,300043.09552,300043.09535599995,3125.448909958333,0.0442,293692.22755199997,29968.020921517727,88.2422365,66.85124176842105,19.754579172872166,0.3166211834848491,21,64,,False,False,Request timeout: 300.0s exceeded,374,21.16838264042747
272,2026-09-14T02:25:18.205+00:00,2026-09-14T02:30:11.917+00:00,2026-09-14T02:30:18.248+00:00,False,96,95.0,,95.0,293711.919043,300042.23430699995,300042.23432999995,3125.4399409374996,0.01795,293711.919043,29970.05264615233,87.33045325,66.63489751578948,19.58573869527575,0.316622092284505,21,64,,False,False,Request timeout: 300.0s exceeded,456,21.16838264042747
273,2026-09-14T02:25:22.615+00:00,2026-09-14T02:30:16.129+00:00,2026-09-14T02:30:22.694+00:00,False,96,95.0,,95.0,293514.266514,300079.486866,300079.486845,3125.82798796875,0.02862,293514.266514,29949.627676603097,88.65367274999998,69.10758265263158,19.923178484967867,0.31658278608834767,21,64,,False,False,Request timeout: 300.0s exceeded,379,21.16838264042747
274,2026-09-14T02:25:26.074+00:00,2026-09-14T02:30:19.660+00:00,2026-09-14T02:30:26.152+00:00,False,93,92.0,,92.0,293585.558207,300077.973951,300077.97395200003,3226.6448812043013,0.01955,293585.558207,30436.09282933254,90.23789000000001,70.5697363478261,19.77919522032452,0.3065869806726393,21,64,,False,False,Request timeout: 300.0s exceeded,233,21.16838264042747
275,2026-09-14T02:25:31.482+00:00,2026-09-14T02:30:25.679+00:00,2026-09-14T02:30:31.505+00:00,False,95,94.0,,94.0,294196.75111799996,300023.12014199997,300023.12032899994,3158.1381087263153,0.0,294196.75111799996,30177.6618855285,91.6932287,61.98264919148936,65.98909800849218,0.3133091874903178,21,64,,False,False,Request timeout: 300.0s exceeded,357,21.16838264042747
276,2026-09-14T02:25:35.802+00:00,2026-09-14T02:30:29.525+00:00,2026-09-14T02:30:35.853+00:00,False,94,93.0,,93.0,293723.114722,300050.42736200005,300050.427465,3192.025824095745,0.02443,293723.114722,30288.215730217868,89.62295064999998,68.03561978494623,20.651234395462765,0.30994790048340387,21,64,,False,False,Request timeout: 300.0s exceeded,359,21.16838264042747
277,2026-09-14T02:25:40.735+00:00,2026-09-14T02:30:34.747+00:00,2026-09-14T02:30:40.746+00:00,False,91,90.0,,90.0,294012.000308,300010.27461200004,300010.27473500004,3296.816205879121,0.04468,294012.000308,30813.852690986932,89.1811565,66.64749226666666,20.994977911776406,0.2999897257398801,21,64,,False,False,Request timeout: 300.0s exceeded,460,21.16838264042747
278,2026-09-14T02:25:46.677+00:00,2026-09-14T02:30:39.865+00:00,2026-09-14T02:30:46.702+00:00,False,104,103.0,,103.0,293188.371139,300025.063875,300025.063817,2884.856382855769,0.04372,293188.371139,28742.98378062283,88.21171399999999,66.37565763106797,20.644139547752253,0.3433046515170915,21,64,,False,False,Request timeout: 300.0s exceeded,487,21.16838264042747
279,2026-09-14T02:25:51.279+00:00,2026-09-14T02:30:44.733+00:00,2026-09-14T02:30:51.700+00:00,False,103,102.0,,102.0,293454.07813,300420.963506,300420.963643,2916.708384883495,0.020329999999999997,293454.07813,28908.166070699564,88.731198,68.30279780392156,19.701487727001584,0.3395235765494869,21,64,,False,False,Request timeout: 300.0s exceeded,461,21.16838264042747
280,2026-09-14T02:25:56.945+00:00,2026-09-14T02:30:50.565+00:00,2026-09-14T02:30:57.018+00:00,False,98,97.0,,97.0,293619.878938,300072.842266,300072.842376,3061.9677793469386,0.02147,293619.878938,29653.373586067613,89.54786985000001,66.52539513402061,20.307454768188965,0.3232548446154091,21,64,,False,False,Request timeout: 300.0s exceeded,437,21.16838264042747
281,2026-09-14T02:26:01.237+00:00,2026-09-14T02:30:54.361+00:00,2026-09-14T02:31:01.312+00:00,False,101,100.0,,100.0,293123.37867,300074.266094,300074.26592700003,2971.032335910891,0.018760000000000002,293123.37867,29159.956302668452,88.729432,69.50887424,19.39315114125732,0.3332508358736581,21,64,,False,False,Request timeout: 300.0s exceeded,477,21.16838264042747
282,2026-09-14T02:26:05.376+00:00,2026-09-14T02:30:58.838+00:00,2026-09-14T02:31:05.432+00:00,False,96,95.0,,95.0,293461.53433,300055.333754,300055.333951,3125.5763953229166,0.03787,293461.53433,29944.215180855674,89.73629000000001,69.40841498947368,20.16904216603581,0.31660826958632116,21,64,,False,False,Request timeout: 300.0s exceeded,274,21.16838264042747
283,2026-09-14T02:26:10.886+00:00,2026-09-14T02:31:04.657+00:00,2026-09-14T02:31:10.917+00:00,False,94,93.0,,93.0,293771.79651200003,300031.852832,300031.85287700006,3191.828222095745,0.03083,293771.79651200003,30293.31194235353,91.34130045,67.31243354838709,21.34970750343977,0.30996708890130564,21,64,,False,False,Request timeout: 300.0s exceeded,429,21.16838264042747
284,2026-09-14T02:26:16.436+00:00,2026-09-14T02:31:10.234+00:00,2026-09-14T02:31:16.491+00:00,False,95,94.0,,94.0,293798.741261,300055.337229,300055.337084,3158.4772324631576,0.03489,293798.741261,30136.2928744901,87.503249,66.55953157446808,20.49925168681218,0.31327554733099083,21,64,,False,False,Request timeout: 300.0s exceeded,312,21.16838264042747
285,2026-09-14T02:26:22.003+00:00,2026-09-14T02:31:15.743+00:00,2026-09-14T02:31:22.029+00:00,False,101,100.0,,100.0,293740.558161,300025.79924900003,300025.79930300004,2970.552468346535,0.0,293740.558161,29222.10125485998,89.17431200000001,62.85241088,67.56983730164906,0.3333046699660889,21,64,,False,False,Request timeout: 300.0s exceeded,510,21.16838264042747
286,2026-09-14T02:26:26.229+00:00,2026-09-14T02:31:19.973+00:00,2026-09-14T02:31:26.248+00:00,False,95,94.0,,94.0,293744.126987,300018.925835,300018.925872,3158.093956547368,0.0,293744.126987,30130.74295521828,92.3954808,66.75317923404255,69.87174953316753,0.31331356759705464,21,64,,False,False,Request timeout: 300.0s exceeded,465,21.16838264042747
287,2026-09-14T02:26:30.659+00:00,2026-09-14T02:31:24.292+00:00,2026-09-14T02:31:30.710+00:00,False,92,91.0,,91.0,293633.046137,300050.267001,300050.26699000003,3261.4159455434788,0.033460000000000004,293633.046137,30606.015400466345,87.95258005,70.51891059340659,19.626294385130073,0.3032825163248287,21,64,,False,False,Request timeout: 300.0s exceeded,401,21.16838264042747
288,2026-09-14T02:26:35.236+00:00,2026-09-14T02:31:28.639+00:00,2026-09-14T02:31:35.251+00:00,False,95,94.0,,94.0,293402.957299,300014.960883,300014.960641,3158.052217273684,0.01882,293402.957299,30095.297456042685,88.8551477,70.34046365957447,19.061686468317095,0.31331770830141425,21,64,,False,False,Request timeout: 300.0s exceeded,456,21.16838264042747
289,2026-09-14T02:26:40.478+00:00,2026-09-14T02:31:33.856+00:00,2026-09-14T02:31:40.510+00:00,False,99,98.0,,98.0,293378.238755,300032.072227,300032.072159,3030.6269915050507,0.02171,293378.238755,29478.80559701742,88.06710190000001,67.89625991836733,20.44216841739306,0.32663174730818306,21,64,,False,False,Request timeout: 300.0s exceeded,486,21.16838264042747
290,2026-09-14T02:26:44.274+00:00,2026-09-14T02:31:37.708+00:00,2026-09-14T02:31:44.342+00:00,False,100,99.0,,99.0,293434.355111,300068.472231,300068.472239,3000.68472239,0.02553,293434.355111,29336.74184385022,90.18448744999999,67.01128404040405,21.029486545312714,0.32992469773294736,21,64,,False,False,Request timeout: 300.0s exceeded,447,21.16838264042747
291,2026-09-14T02:26:48.128+00:00,2026-09-14T02:31:41.772+00:00,2026-09-14T02:31:48.186+00:00,False,100,99.0,,99.0,293643.59395300003,300058.25558500004,300058.25569400005,3000.5825569400004,0.0574,293643.59395300003,29357.886992023,88.62131785,64.79456193939394,20.45360466215868,0.32993593129769905,21,64,,False,False,Request timeout: 300.0s exceeded,233,21.16838264042747
292,2026-09-14T02:26:53.859+00:00,2026-09-14T02:31:47.755+00:00,2026-09-14T02:31:53.921+00:00,False,93,92.0,,92.0,293895.947819,300062.446123,300062.446041,3226.477914419355,0.02127,293895.947819,30468.646366726753,88.156388,67.02715547826087,20.22904501681262,0.30660284613652666,21,64,,False,False,Request timeout: 300.0s exceeded,418,21.16838264042747
293,2026-09-14T02:26:59.022+00:00,2026-09-14T02:31:52.955+00:00,2026-09-14T02:31:59.069+00:00,False,90,89.0,,89.0,293932.95096600003,300046.23839,300046.238391,3333.847093233334,0.01701,293932.95096600003,30976.019955187112,89.8918255,68.68862274157304,20.778697515010855,0.2966209490829138,21,64,,False,False,Request timeout: 300.0s exceeded,440,21.16838264042747
294,2026-09-14T02:27:04.834+00:00,2026-09-14T02:31:58.518+00:00,2026-09-14T02:32:05.657+00:00,False,70,69.0,,69.0,293684.00604799995,300822.23734399996,300822.23751999997,4297.460536,0.0497,293684.00604799995,35091.012711966745,91.548566,103.45262747826088,318.5621195015854,0.2293713410591261,21,64,,False,False,Request timeout: 300.0s exceeded,339,21.16838264042747
295,2026-09-14T02:27:09.556+00:00,2026-09-14T02:32:05.584+00:00,2026-09-14T02:32:09.604+00:00,False,87,86.0,,86.0,296028.48148400005,300047.61108400003,300047.6110890001,3448.823115965518,0.01514,296028.48148400005,31732.594223998956,90.54969060000002,46.734065116279076,35.903289325571336,0.2866211788499253,21,64,,False,False,Request timeout: 300.0s exceeded,196,21.16838264042747
296,2026-09-14T02:27:14.656+00:00,2026-09-14T02:32:09.079+00:00,2026-09-14T02:32:14.704+00:00,False,86,85.0,,85.0,294422.935719,300048.155303,300048.155344,3488.932038883721,0.02175,294422.935719,31741.311855190834,88.37497825,66.17905392941177,20.391338964493972,0.2832878606241181,21,64,,False,False,Request timeout: 300.0s exceeded,151,21.16838264042747
297,2026-09-14T02:27:19.271+00:00,2026-09-14T02:32:12.811+00:00,2026-09-14T02:32:19.313+00:00,False,99,98.0,,98.0,293540.46224699996,300042.748583,300042.74864999996,3030.7348348484843,0.0,293540.46224699996,29495.326150671804,87.967204,66.34986057142858,63.69647780116713,0.32662012484161246,21,64,,False,False,Request timeout: 300.0s exceeded,524,21.16838264042747
298,2026-09-14T02:27:24.735+00:00,2026-09-14T02:32:18.401+00:00,2026-09-14T02:32:24.794+00:00,False,91,90.0,,90.0,293665.653349,300058.28950899997,300058.28961399995,3297.3438419120876,0.024579999999999998,293665.653349,30777.085442878775,90.33991900000001,71.02929066666667,19.626978129695775,0.29994172181435613,21,64,,False,False,Request timeout: 300.0s exceeded,351,21.16838264042747
299,2026-09-14T02:27:29.242+00:00,2026-09-14T02:32:23.343+00:00,2026-09-14T02:32:29.258+00:00,False,84,83.0,,83.0,294101.06872399995,300015.433652,300015.43361799995,3571.61230497619,0.022268999999999997,294101.06872399995,32081.289023405796,90.64784594999999,71.25740877108434,20.510551895830954,0.27665243414202173,21,64,,False,False,Request timeout: 300.0s exceeded,386,21.16838264042747
300,2026-09-14T02:27:34.696+00:00,2026-09-14T02:32:28.347+00:00,2026-09-14T02:32:34.777+00:00,False,94,93.0,,93.0,293650.641989,300080.53766900004,300080.537659,3192.346145308511,0.01925,293650.641989,30280.62692990572,90.4640868,69.13866322580644,20.591413413531296,0.30991680007779265,21,64,,False,False,Request timeout: 300.0s exceeded,434,21.16838264042747
301,2026-09-14T02:27:40.178+00:00,2026-09-14T02:32:33.853+00:00,2026-09-14T02:32:40.208+00:00,False,92,91.0,,91.0,293674.22889800003,300029.545378,300029.545448,3261.190711391305,0.02576,293674.22889800003,30610.38023780662,89.00640905,69.83864263736264,20.118199711710545,0.30330346261516106,21,64,,False,False,Request timeout: 300.0s exceeded,171,21.16838264042747
302,2026-09-14T02:27:44.094+00:00,2026-09-14T02:32:37.666+00:00,2026-09-14T02:32:44.105+00:00,False,101,100.0,,100.0,293572.38039,300010.90327,300010.903195,2970.404982128713,0.016550000000000002,293572.38039,29205.144247071516,89.77542,64.3852288,20.562088948527208,0.33332121902917394,21,64,,False,False,Request timeout: 300.0s exceeded,448,21.16838264042747
303,2026-09-14T02:27:49.124+00:00,2026-09-14T02:32:42.522+00:00,2026-09-14T02:32:49.165+00:00,False,98,97.0,,97.0,293398.439287,300040.695671,300040.695712,3061.6397521632653,0.01787,293398.439287,29630.80745756145,89.55474085,68.47686993814433,19.976861009421516,0.3232894783924986,21,64,,False,False,Request timeout: 300.0s exceeded,388,21.16838264042747
304,2026-09-14T02:27:52.566+00:00,2026-09-14T02:32:46.391+00:00,2026-09-14T02:32:52.596+00:00,False,89,88.0,,88.0,293825.178023,300030.278567,300030.27834,3371.1267229213486,0.04938,293825.178023,31137.938208422387,89.52659879999999,70.51250618181818,19.342135298566024,0.29330373061113785,21,64,,False,False,Request timeout: 300.0s exceeded,394,21.16838264042747
305,2026-09-14T02:27:58.502+00:00,2026-09-14T02:32:52.292+00:00,2026-09-14T02:32:58.528+00:00,False,91,90.0,,90.0,293790.318857,300025.950217,300025.95032,3296.9884650549448,0.03731,293790.318857,30790.33613637351,87.1998605,69.2847928888889,18.528470008131983,0.29997405202751837,21,64,,False,False,Request timeout: 300.0s exceeded,206,21.16838264042747
306,2026-09-14T02:28:03.090+00:00,2026-09-14T02:32:56.977+00:00,2026-09-14T02:33:03.164+00:00,False,91,90.0,,90.0,293886.788252,300074.178716,300074.178477,3297.518444802198,0.03185,293886.788252,30800.505858409964,88.2103945,68.74878293333333,19.81822837478573,0.2999258396210723,21,64,,False,False,Request timeout: 300.0s exceeded,360,21.16838264042747
307,2026-09-14T02:28:06.864+00:00,2026-09-14T02:33:00.342+00:00,2026-09-14T02:33:06.906+00:00,False,97,96.0,,96.0,293478.06407200004,300042.38100000005,300042.381041,3093.2204231030933,0.04721,293478.06407200004,29791.247088575707,89.65562600000001,68.37830133333333,20.766727324296262,0.31995479998540605,21,64,,False,False,Request timeout: 300.0s exceeded,442,21.16838264042747
308,2026-09-14T02:28:10.790+00:00,2026-09-14T02:33:04.580+00:00,2026-09-14T02:33:11.166+00:00,False,90,89.0,,89.0,293790.161361,300376.16097699996,300376.16105399997,3337.5129005999997,0.028820000000000002,293790.161361,30960.47357898076,90.46147294999999,73.99999568539326,67.02211508489182,0.2962951510882876,21,64,,False,False,Request timeout: 300.0s exceeded,415,21.16838264042747
309,2026-09-14T02:28:14.819+00:00,2026-09-14T02:33:08.980+00:00,2026-09-14T02:33:14.839+00:00,False,101,100.0,,100.0,294160.66740700003,300020.20046300004,300020.200473,2970.4970343861387,0.0,294160.66740700003,29264.32607470121,92.231006,58.59533056,67.0884970893953,0.3333108898856712,21,64,,False,False,Request timeout: 300.0s exceeded,219,21.16838264042747
310,2026-09-14T02:28:19.201+00:00,2026-09-14T02:33:13.195+00:00,2026-09-14T02:33:19.214+00:00,False,101,100.0,,100.0,293993.859773,300013.460925,300013.461101,2970.4303079306933,0.016390000000000002,293993.859773,29247.5006497361,90.839758,60.196011520000006,21.687188939313078,0.333318377421068,21,64,,False,False,Request timeout: 300.0s exceeded,374,21.16838264042747
311,2026-09-14T02:28:23.864+00:00,2026-09-14T02:33:17.249+00:00,2026-09-14T02:33:23.957+00:00,False,95,94.0,,94.0,293384.487313,300092.484753,300092.48470900004,3158.8682600947373,0.018179999999999998,293384.487313,30093.29785558783,88.43798639999999,71.36167489361702,19.305902854501813,0.3132367679162958,21,64,,False,False,Request timeout: 300.0s exceeded,375,21.16838264042747
312,2026-09-14T02:28:29.505+00:00,2026-09-14T02:33:23.411+00:00,2026-09-14T02:33:29.593+00:00,False,93,92.0,,92.0,293905.692689,300087.640593,300087.640485,3226.748822419355,0.01691,293905.692689,30469.63946454262,89.48660120000001,67.19508591304348,20.252828654245018,0.3065771046691552,21,64,,False,False,Request timeout: 300.0s exceeded,457,21.16838264042747
313,2026-09-14T02:28:33.959+00:00,2026-09-14T02:33:27.545+00:00,2026-09-14T02:33:34.049+00:00,False,102,101.0,,101.0,293585.560658,300089.522258,300089.522365,2942.0541408333333,0.04033,293585.560658,29062.93263194054,87.73394605000001,64.39565940594059,19.68201816910065,0.3365662327695864,21,64,,False,False,Request timeout: 300.0s exceeded,452,21.16838264042747
314,2026-09-14T02:28:39.094+00:00,2026-09-14T02:33:33.021+00:00,2026-09-14T02:33:39.114+00:00,False,97,96.0,,96.0,293926.54110399995,300019.72100799996,300019.72117499996,3092.9868162371126,0.026690000000000002,293926.54110399995,29837.281005308498,87.1541098,63.470624,20.304678019850734,0.3199789656408626,21,64,,False,False,Request timeout: 300.0s exceeded,400,21.16838264042747
315,2026-09-14T02:28:44.934+00:00,2026-09-14T02:33:38.980+00:00,2026-09-14T02:33:44.997+00:00,False,90,89.0,,89.0,294046.228865,300063.758721,300063.75875700003,3334.0417639666666,0.05129,294046.228865,30988.074634492477,89.42924694999999,67.61269501123596,21.852454062761648,0.29660362977307236,21,64,,False,False,Request timeout: 300.0s exceeded,348,21.16838264042747
316,2026-09-14T02:28:49.694+00:00,2026-09-14T02:33:43.249+00:00,2026-09-14T02:33:49.756+00:00,False,98,97.0,,97.0,293554.708047,300062.435407,300062.435434,3061.8615860612244,0.03823,293554.708047,29646.732506547072,87.17518035,67.08997278350516,19.09712802866081,0.323266055840781,21,64,,False,False,Request timeout: 300.0s exceeded,453,21.16838264042747
317,2026-09-14T02:28:53.453+00:00,2026-09-14T02:33:46.865+00:00,2026-09-14T02:33:53.529+00:00,False,105,104.0,,104.0,293411.346272,300075.284576,300075.28462,2857.8598535238093,0.019350000000000003,293411.346272,28627.768774982025,86.8543212,64.07632984615385,19.476309778031204,0.3465796929825453,21,64,,False,False,Request timeout: 300.0s exceeded,432,21.16838264042747
318,2026-09-14T02:28:58.334+00:00,2026-09-14T02:33:51.989+00:00,2026-09-14T02:33:58.423+00:00,False,96,95.0,,95.0,293654.632412,300088.738012,300088.738156,3125.9243557916666,0.03553,293654.632412,29964.094581134537,88.16764125,67.72742736842105,19.941269623300293,0.3165730264632628,21,64,,False,False,Request timeout: 300.0s exceeded,504,21.16838264042747
319,2026-09-14T02:29:03.479+00:00,2026-09-14T02:33:56.983+00:00,2026-09-14T02:34:03.546+00:00,False,98,97.0,,97.0,293504.215774,300067.477982,300067.477894,3061.9130397346935,0.03737,293504.215774,29641.574380013903,87.38948685000001,67.66249698969072,19.401724872479807,0.32326062341823897,21,64,,False,False,Request timeout: 300.0s exceeded,467,21.16838264042747
320,2026-09-14T02:29:06.901+00:00,2026-09-14T02:34:00.612+00:00,2026-09-14T02:34:06.926+00:00,False,100,99.0,,99.0,293711.454279,300025.709383,300025.709395,3000.25709395,0.0,293711.454279,29364.841865311475,88.47952880000001,63.78035458585858,66.47100770089595,0.3299717221020577,21,64,,False,False,Request timeout: 300.0s exceeded,449,21.16838264042747
321,2026-09-14T02:29:11.181+00:00,2026-09-14T02:34:04.767+00:00,2026-09-14T02:34:11.196+00:00,False,97,96.0,,96.0,293585.59090899996,300015.209085,300015.209192,3092.940300948453,0.0,293585.59090899996,29802.37717274475,90.7578676,66.97518933333333,68.14003931589312,0.31998377779841614,21,64,,False,False,Request timeout: 300.0s exceeded,470,21.16838264042747
322,2026-09-14T02:29:15.646+00:00,2026-09-14T02:34:09.092+00:00,2026-09-14T02:34:15.657+00:00,False,92,91.0,,91.0,293446.155707,300011.148475,300011.148554,3260.990745152174,0.03984,293446.155707,30586.36181020594,91.13449405,72.14277767032968,20.216109994626443,0.3033220614052716,21,64,,False,False,Request timeout: 300.0s exceeded,393,21.16838264042747
323,2026-09-14T02:29:19.352+00:00,2026-09-14T02:34:13.287+00:00,2026-09-14T02:34:19.431+00:00,False,92,91.0,,91.0,293935.301718,300078.873942,300078.87398499995,3261.726891141304,0.039369999999999995,293935.301718,30637.841730793647,88.13129155,67.51178268131869,20.39933286426591,0.3032536039760957,21,64,,False,False,Request timeout: 300.0s exceeded,438,21.16838264042747
324,2026-09-14T02:29:23.699+00:00,2026-09-14T02:34:17.591+00:00,2026-09-14T02:34:23.723+00:00,False,89,88.0,,88.0,293891.127445,300023.526293,300023.526095,3371.050855,0.03589,293891.127445,31145.016865553585,90.2796518,69.68635054545454,20.07963667033303,0.2933103316506589,21,64,,False,False,Request timeout: 300.0s exceeded,449,21.16838264042747
325,2026-09-14T02:29:28.495+00:00,2026-09-14T02:34:21.965+00:00,2026-09-14T02:34:28.564+00:00,False,95,94.0,,94.0,293470.606748,300069.48470000003,300069.484672,3158.6261544421054,0.03792,293470.606748,30102.25351656843,89.3941667,70.20082927659574,20.668286095168188,0.31326077722957474,21,64,,False,False,Request timeout: 300.0s exceeded,437,21.16838264042747
326,2026-09-14T02:29:33.450+00:00,2026-09-14T02:34:26.733+00:00,2026-09-14T02:34:33.475+00:00,False,99,98.0,,98.0,293282.613347,300025.061987,300025.06203,3030.556182121212,0.035679999999999996,293282.613347,29469.1035159644,86.989081,68.8004963265306,19.717183856418128,0.3266393792270804,21,64,,False,False,Request timeout: 300.0s exceeded,484,21.16838264042747
327,2026-09-14T02:29:38.190+00:00,2026-09-14T02:34:31.847+00:00,2026-09-14T02:34:38.240+00:00,False,95,94.0,,94.0,293657.508211,300049.838451,300049.838483,3158.4193524526318,0.01936,293657.508211,30121.654289521368,88.59134900000001,68.00351319148938,20.14941225499818,0.3132812884861819,21,64,,False,False,Request timeout: 300.0s exceeded,465,21.16838264042747
328,2026-09-14T02:29:41.697+00:00,2026-09-14T02:34:35.544+00:00,2026-09-14T02:34:41.750+00:00,False,89,88.0,,88.0,293847.37211299996,300053.34766499995,300053.34780899994,3371.3859304382017,0.0353,293847.37211299996,31140.2897818028,88.80546679999999,70.52244945454545,19.438672759230947,0.2932811804461159,21,64,,False,False,Request timeout: 300.0s exceeded,454,21.16838264042747
329,2026-09-14T02:29:45.607+00:00,2026-09-14T02:34:39.846+00:00,2026-09-14T02:34:45.688+00:00,False,86,85.0,,85.0,294238.87009100005,300081.05351500004,300081.05346400006,3489.3145751627912,0.0238,294238.87009100005,31721.187853771837,87.716025,68.73156969411765,19.664245519598335,0.28325680346810417,21,64,,False,False,Request timeout: 300.0s exceeded,426,21.16838264042747
330,2026-09-14T02:29:51.522+00:00,2026-09-14T02:34:45.281+00:00,2026-09-14T02:34:51.587+00:00,False,98,97.0,,97.0,293758.35276,300064.308088,300064.30808399996,3061.880694734694,0.252489,293758.35276,29667.514078597404,87.02149,65.00984874226805,19.454059942352124,0.3232640383592465,21,64,,False,False,Request timeout: 300.0s exceeded,318,21.16838264042747
331,2026-09-14T02:29:55.728+00:00,2026-09-14T02:34:49.300+00:00,2026-09-14T02:34:55.775+00:00,False,97,96.0,,96.0,293572.586297,300047.51468100003,300047.514755,3093.2733479896906,0.03562,293572.586297,29800.938423258616,87.582112,67.44717066666666,20.05437252314645,0.3199493256995107,21,64,,True,False,Request timeout: 300.0s exceeded,477,21.16838264042747
332,2026-09-14T02:30:01.334+00:00,2026-09-14T02:34:54.996+00:00,2026-09-14T02:35:01.387+00:00,False,99,98.0,,98.0,293661.706093,300052.553581,300052.553809,3030.833876858586,0.039520000000000007,293661.706093,29507.56485785117,88.74758189999999,65.21272946938775,20.476582867005412,0.326609451679086,21,64,,True,False,Request timeout: 300.0s exceeded,467,21.16838264042747
333,2026-09-14T02:30:06.656+00:00,2026-09-14T02:35:00.091+00:00,2026-09-14T02:35:06.678+00:00,False,97,96.0,,96.0,293434.879259,300021.01481100003,300021.01471200003,3093.000151670103,0.0412,293434.879259,29786.83887638522,89.23134580000001,68.60557866666667,20.20329970204469,0.31997758577170254,21,64,,True,False,Request timeout: 300.0s exceeded,299,21.16838264042747
334,2026-09-14T02:30:11.961+00:00,2026-09-14T02:35:05.660+00:00,2026-09-14T02:35:11.975+00:00,False,96,95.0,,95.0,293699.299896,300014.20268,300014.202642,3125.1479441875003,0.03707,293699.299896,29968.781848250906,87.17678599999999,66.47266088421053,20.462807713204104,0.3166516756585972,21,64,,True,False,Request timeout: 300.0s exceeded,458,21.16838264042747
335,2026-09-14T02:30:16.230+00:00,2026-09-14T02:35:09.786+00:00,2026-09-14T02:35:16.254+00:00,False,97,96.0,,96.0,293556.691681,300024.086753,300024.08693499997,3093.031824072165,0.022690000000000002,293556.691681,29799.33326530956,90.39794900000001,67.36869866666667,21.119125915567015,0.31997430952613365,21,64,,True,False,Request timeout: 300.0s exceeded,510,21.16838264042747
336,2026-09-14T02:30:20.912+00:00,2026-09-14T02:35:14.381+00:00,2026-09-14T02:35:20.943+00:00,False,94,93.0,,93.0,293468.668181,300030.156821,300030.156847,3191.8101792234042,0.0445,293468.668181,30261.711357873814,89.63088835,70.55364129032259,19.885114248211732,0.3099688410838129,21,64,,True,False,Request timeout: 300.0s exceeded,162,21.16838264042747
337,2026-09-14T02:30:24.196+00:00,2026-09-14T02:35:17.486+00:00,2026-09-14T02:35:24.242+00:00,False,98,97.0,,97.0,293290.43617,300046.661194,300046.661176,3061.700624244898,0.038380000000000004,293290.43617,29619.778467136588,87.9442512,69.65180437113403,19.454187182183205,0.32328305075617253,21,64,,True,False,Request timeout: 300.0s exceeded,320,21.16838264042747
338,2026-09-14T02:30:29.759+00:00,2026-09-14T02:35:23.686+00:00,2026-09-14T02:35:29.820+00:00,False,91,90.0,,90.0,293926.924594,300061.264946,300061.26516199997,3297.376540241758,0.0212,293926.924594,30804.77636287728,88.66361799999999,68.15933724444444,21.741983732726098,0.2999387475627575,21,64,,True,False,Request timeout: 300.0s exceeded,206,21.16838264042747
339,2026-09-14T02:30:35.621+00:00,2026-09-14T02:35:29.563+00:00,2026-09-14T02:35:35.674+00:00,False,88,87.0,,87.0,293942.75907800003,300053.12707800005,300053.12715600006,3409.6946267727276,0.03698,293942.75907800003,31326.922110302832,88.2655522,70.23411494252873,18.991864395792533,0.28994865291766814,21,64,,True,False,Request timeout: 300.0s exceeded,308,21.16838264042747
340,2026-09-14T02:30:39.192+00:00,2026-09-14T02:35:32.845+00:00,2026-09-14T02:35:39.258+00:00,False,95,94.0,,94.0,293653.41975199996,300066.41815199994,300066.41806099995,3158.5938743263155,0.03929,293653.41975199996,30121.211881059113,88.66318670000001,68.22338723404256,19.562070200593507,0.31326397861817346,21,64,,True,False,Request timeout: 300.0s exceeded,429,21.16838264042747
341,2026-09-14T02:30:43.022+00:00,2026-09-14T02:35:36.551+00:00,2026-09-14T02:35:43.093+00:00,False,98,97.0,,97.0,293529.77111699997,300071.112813,300071.112805,3061.950130663265,0.04178,293529.77111699997,29644.179716164344,89.62230084999999,67.43651232989691,20.93070101574342,0.32325670768731746,21,64,,True,False,Request timeout: 300.0s exceeded,430,21.16838264042747
342,2026-09-14T02:30:47.423+00:00,2026-09-14T02:35:41.306+00:00,2026-09-14T02:35:47.484+00:00,False,90,89.0,,89.0,293883.277336,300061.43004,300061.42999,3334.015888777778,0.02092,293883.277336,30970.707143617703,90.17586150000001,69.41744611235956,20.887331577692105,0.29660593161918797,21,64,,True,False,Request timeout: 300.0s exceeded,479,21.16838264042747
343,2026-09-14T02:30:51.294+00:00,2026-09-14T02:35:45.345+00:00,2026-09-14T02:35:51.313+00:00,False,88,87.0,,87.0,294051.614635,300018.910891,300018.910716,3409.3058035909094,0.027149999999999997,294051.614635,31338.70213922302,89.6992472,68.58961213793103,20.102529787075895,0.2899817206242976,21,64,,True,False,Request timeout: 300.0s exceeded,381,21.16838264042747
344,2026-09-14T02:30:54.765+00:00,2026-09-14T02:35:48.461+00:00,2026-09-14T02:35:54.829+00:00,False,93,92.0,,92.0,293696.077449,300064.584841,300064.584703,3226.500910784946,0.08181000000000001,293696.077449,30447.692297858808,88.02900819999999,69.22290643478262,18.98430488784627,0.3066006608169021,21,64,,True,False,Request timeout: 300.0s exceeded,341,21.16838264042747
345,2026-09-14T02:30:59.317+00:00,2026-09-14T02:35:52.900+00:00,2026-09-14T02:35:59.363+00:00,False,97,96.0,,96.0,293583.176832,300046.59673600004,300046.596786,3093.263884391753,0.03549,293583.176832,29802.02573948711,87.49159319999998,67.32729066666667,19.810461449587145,0.31995030453375506,21,64,,True,False,Request timeout: 300.0s exceeded,406,21.16838264042747
346,2026-09-14T02:31:03.233+00:00,2026-09-14T02:35:57.164+00:00,2026-09-14T02:36:03.315+00:00,False,92,91.0,,91.0,293931.049544,300081.779016,300081.77906800003,3261.7584681304347,0.03394,293931.049544,30637.390208431516,89.6178835,67.59043375824176,20.39522183871281,0.30325066819584534,21,64,,True,False,Request timeout: 300.0s exceeded,568,21.16838264042747
347,2026-09-14T02:31:06.855+00:00,2026-09-14T02:36:00.728+00:00,2026-09-14T02:36:06.862+00:00,False,89,88.0,,88.0,293872.396832,300006.947616,300006.947521,3370.8645788876406,0.02244,293872.396832,31143.02941145718,89.71381860000001,69.71080436363636,20.967900540757135,0.2933265402661187,21,64,,True,False,Request timeout: 300.0s exceeded,409,21.16838264042747
348,2026-09-14T02:31:11.422+00:00,2026-09-14T02:36:05.256+00:00,2026-09-14T02:36:11.445+00:00,False,90,89.0,,89.0,293833.950371,300022.492835,300022.492784,3333.583253155555,0.018359999999999998,293833.950371,30965.494581489853,88.10481535000001,69.53418498876405,19.747789815276104,0.2966444254196179,21,64,,True,False,Request timeout: 300.0s exceeded,379,21.16838264042747
349,2026-09-14T02:31:16.688+00:00,2026-09-14T02:36:10.816+00:00,2026-09-14T02:36:16.770+00:00,False,87,86.0,,86.0,294128.13710500003,300081.957009,300081.95685400005,3449.2178948735636,0.03456,294128.13710500003,31526.4295426675,87.06256830000002,69.230464,18.839215448197677,0.2865883735802906,21,64,,True,False,Request timeout: 300.0s exceeded,441,21.16838264042747
350,2026-09-14T02:31:20.629+00:00,2026-09-14T02:36:14.073+00:00,2026-09-14T02:36:20.669+00:00,False,96,95.0,,95.0,293444.116633,300039.966873,300039.96674600005,3125.4163202708337,0.023309999999999997,293444.116633,29942.43484000655,88.89131524999999,69.43000252631579,19.478972525077307,0.3166244850313935,21,64,,True,False,Request timeout: 300.0s exceeded,593,21.16838264042747
351,2026-09-14T02:31:24.760+00:00,2026-09-14T02:36:18.548+00:00,2026-09-14T02:36:24.843+00:00,False,95,94.0,,94.0,293788.109372,300083.57305199996,300083.57289899996,3158.774451568421,0.0197,293788.109372,30135.159274812693,88.5924154,66.97301787234042,19.944444226543816,0.3132460702329455,21,64,,True,False,Request timeout: 300.0s exceeded,443,21.16838264042747
352,2026-09-14T02:31:30.205+00:00,2026-09-14T02:36:24.277+00:00,2026-09-14T02:36:30.242+00:00,False,84,83.0,,83.0,294072.339567,300037.048431,300037.048594,3571.8696261190476,0.024300000000000002,294072.339567,32078.087386022595,88.7222635,71.86396221686748,19.1187642555408,0.2766325039992108,21,64,,True,False,Request timeout: 300.0s exceeded,339,21.16838264042747
353,2026-09-14T02:31:35.151+00:00,2026-09-14T02:36:29.165+00:00,2026-09-14T02:36:35.183+00:00,False,86,85.0,,85.0,294013.678798,300031.558094,300031.55808299995,3488.739047476744,0.03571,294013.678798,31696.68202957988,88.46629150000001,70.79857995294118,19.768811065610468,0.2833035316017306,21,64,,True,False,Request timeout: 300.0s exceeded,415,21.16838264042747
354,2026-09-14T02:31:39.368+00:00,2026-09-14T02:36:33.301+00:00,2026-09-14T02:36:39.410+00:00,False,90,89.0,,89.0,293933.21836299996,300041.97586699994,300041.97578599997,3333.7997309555553,0.03643,293933.21836299996,30976.053936383913,91.52128895000001,68.63772476404495,21.416995570037642,0.2966251630053628,21,64,,True,False,Request timeout: 300.0s exceeded,309,21.16838264042747
355,2026-09-14T02:31:45.219+00:00,2026-09-14T02:36:38.965+00:00,2026-09-14T02:36:45.281+00:00,False,91,90.0,,90.0,293745.837436,300061.752444,300061.752509,3297.381895703297,0.022350000000000002,293745.837436,30785.58082368058,90.1601245,70.17683342222223,20.31965782163699,0.2999382602645985,21,64,,True,False,Request timeout: 300.0s exceeded,437,21.16838264042747
356,2026-09-14T02:31:50.675+00:00,2026-09-14T02:36:44.485+00:00,2026-09-14T02:36:50.746+00:00,False,93,92.0,,92.0,293810.085326,300070.76475,300070.764717,3226.567362548387,0.027350000000000003,293810.085326,30459.637084194655,90.98457379999999,68.05086330434783,20.821495419039284,0.30659434642574596,21,64,,True,False,Request timeout: 300.0s exceeded,386,21.16838264042747
357,2026-09-14T02:31:54.086+00:00,2026-09-14T02:36:47.946+00:00,2026-09-14T02:36:54.093+00:00,False,91,90.0,,90.0,293859.233856,300006.90003200003,300006.900016,3296.7791210549453,0.02207,293859.233856,30797.663786306708,88.84484200000001,68.30740195555556,20.042958017775682,0.2999931001266978,21,64,,True,False,Request timeout: 300.0s exceeded,468,21.16838264042747
358,2026-09-14T02:31:59.215+00:00,2026-09-14T02:36:52.657+00:00,2026-09-14T02:36:59.262+00:00,False,92,91.0,,91.0,293442.567531,300047.634795,300047.634725,3261.3873339673914,0.02393,293442.567531,30585.9410456302,90.14371155,72.58315674725274,19.019712997262562,0.30328517690923795,21,64,,True,False,Request timeout: 300.0s exceeded,383,21.16838264042747
359,2026-09-14T02:32:05.555+00:00,2026-09-14T02:36:56.764+00:00,2026-09-14T02:37:05.677+00:00,False,134,133.0,,133.0,291208.507422,300121.834526,300121.834635,2239.7151838432837,0.04862,291208.507422,25150.802048816797,88.64160265000001,67.0174970225564,20.13178102359165,0.44315336206729067,21,64,,True,False,Request timeout: 300.0s exceeded,591,21.16838264042747
360,2026-09-14T02:32:08.084+00:00,2026-09-14T02:37:01.884+00:00,2026-09-14T02:37:08.099+00:00,False,101,100.0,,100.0,293799.235458,300014.63052999997,300014.630504,2970.441886178218,0.0,293799.235458,29227.946208094178,90.52483900000001,62.15395072,28.9395318835133,0.33331707798163696,21,64,,True,False,Request timeout: 300.0s exceeded,472,21.16838264042747
361,2026-09-14T02:32:13.137+00:00,2026-09-14T02:37:07.194+00:00,2026-09-14T02:37:13.174+00:00,False,91,90.0,,90.0,294056.815309,300036.94996500004,300036.95017100003,3297.109342538462,0.0,294056.815309,30818.571786982426,88.904777,66.44594062222222,21.113738501714817,0.2999630545854392,21,64,,True,False,Request timeout: 300.0s exceeded,387,21.16838264042747
362,2026-09-14T02:32:18.038+00:00,2026-09-14T02:37:11.496+00:00,2026-09-14T02:37:18.064+00:00,False,103,102.0,,102.0,293457.441939,300025.662355,300025.662359,2912.870508339806,0.034409,293457.441939,28908.88332663427,88.83377420000001,64.39431780392157,20.707271119619232,0.3399709184853339,21,64,,True,False,Request timeout: 300.0s exceeded,463,21.16838264042747
363,2026-09-14T02:32:22.412+00:00,2026-09-14T02:37:16.214+00:00,2026-09-14T02:37:22.478+00:00,False,96,95.0,,95.0,293801.406717,300065.943805,300065.943729,3125.68691384375,0.0349,293801.406717,29979.257185784183,88.57835475,65.9424956631579,20.457423817112087,0.3165970746141603,21,64,,True,False,Request timeout: 300.0s exceeded,527,21.16838264042747
364,2026-09-14T02:32:26.636+00:00,2026-09-14T02:37:20.282+00:00,2026-09-14T02:37:26.652+00:00,False,98,97.0,,97.0,293646.39488700003,300015.99104700005,300015.990868,3061.3876619183675,0.03865,293646.39488700003,29656.13845948677,88.0085165,65.66593979381443,19.61745068850307,0.323316099456859,21,64,,True,False,Request timeout: 300.0s exceeded,471,21.16838264042747
365,2026-09-14T02:32:31.983+00:00,2026-09-14T02:37:25.612+00:00,2026-09-14T02:37:31.995+00:00,False,93,92.0,,92.0,293629.15685,300012.65637000004,300012.65653100004,3225.9425433440865,0.03363,293629.15685,30440.736607626663,89.79902340000001,69.3858643478261,19.85523137250861,0.30665372958978804,21,64,,True,False,Request timeout: 300.0s exceeded,400,21.16838264042747
366,2026-09-14T02:32:37.247+00:00,2026-09-14T02:37:31.010+00:00,2026-09-14T02:37:37.325+00:00,False,93,92.0,,92.0,293762.758778,300077.881978,300077.882056,3226.643893075269,0.037598999999999994,293762.758778,30454.667058291594,86.46370759999999,68.64264347826088,19.08109885333862,0.30658707464065915,21,64,,True,False,Request timeout: 300.0s exceeded,470,21.16838264042747
367,2026-09-14T02:32:41.106+00:00,2026-09-14T02:37:34.883+00:00,2026-09-14T02:37:41.140+00:00,False,94,93.0,,93.0,293776.81739,300033.854958,300033.85488999996,3191.849520106383,0.02431,293776.81739,30293.832476660707,88.1708638,67.27997384946237,20.35451326055941,0.3099650204908327,21,64,,True,False,Request timeout: 300.0s exceeded,458,21.16838264042747
368,2026-09-14T02:32:44.899+00:00,2026-09-14T02:37:38.871+00:00,2026-09-14T02:37:44.949+00:00,False,88,87.0,,87.0,293972.100662,300049.568822,300049.568845,3409.6541914204545,0.022010000000000002,293972.100662,31330.09046695156,88.64233584999998,69.85595586206897,19.358656716260047,0.2899520913879782,21,64,,True,False,Request timeout: 300.0s exceeded,352,21.16838264042747
369,2026-09-14T02:32:48.872+00:00,2026-09-14T02:37:42.738+00:00,2026-09-14T02:37:48.898+00:00,False,90,89.0,,89.0,293866.646442,300025.857962,300025.858082,3333.6206453555556,0.030178999999999997,293866.646442,30968.975250371874,87.62200245,69.20462382022471,18.876032315232425,0.296641098219182,21,64,,True,False,Request timeout: 300.0s exceeded,349,21.16838264042747
370,2026-09-14T02:32:53.597+00:00,2026-09-14T02:37:47.047+00:00,2026-09-14T02:37:53.647+00:00,False,99,98.0,,98.0,293449.606089,300049.373129,300049.37314,3030.801748888889,0.0224,293449.606089,29486.033264208156,88.3313709,67.34456163265305,19.75185391833229,0.3266129136616024,21,64,,True,False,Request timeout: 300.0s exceeded,368,21.16838264042747
371,2026-09-14T02:32:58.297+00:00,2026-09-14T02:37:51.798+00:00,2026-09-14T02:37:58.363+00:00,False,94,93.0,,93.0,293501.153228,300066.217676,300066.21765099996,3192.193804797872,0.045269,293501.153228,30265.058002353002,91.45939415000001,70.59209083870968,19.937564326295607,0.3099315901679337,21,64,,True,False,Request timeout: 300.0s exceeded,286,21.16838264042747
372,2026-09-14T02:33:02.211+00:00,2026-09-14T02:37:55.920+00:00,2026-09-14T02:38:02.291+00:00,False,92,91.0,,91.0,293709.30976599996,300079.998278,300079.99846,3261.7391136956517,0.02067,293709.30976599996,30614.020117486485,89.85036554999999,70.00756606593406,20.20839908782517,0.30325246774926934,21,64,,True,False,Request timeout: 300.0s exceeded,353,21.16838264042747
373,2026-09-14T02:33:05.973+00:00,2026-09-14T02:37:59.845+00:00,2026-09-14T02:38:06.000+00:00,False,90,89.0,,89.0,293872.011051,300027.233579,300027.23349899997,3333.6359277666666,0.01769,293872.011051,30969.54627291936,90.06463835000001,69.15980368539326,20.18858694541693,0.2966397381275239,21,64,,True,False,Request timeout: 300.0s exceeded,417,21.16838264042747
374,2026-09-14T02:33:11.580+00:00,2026-09-14T02:38:05.253+00:00,2026-09-14T02:38:12.782+00:00,False,67,66.0,,66.0,293673.508765,301202.202013,301202.20186499995,4495.555251716418,0.02323,293673.508765,35865.829269031354,91.5377579,114.07110981818181,365.66878318710417,0.21912190401965062,21,64,,True,False,Request timeout: 300.0s exceeded,345,21.16838264042747
375,2026-09-14T02:33:17.475+00:00,2026-09-14T02:38:13.537+00:00,2026-09-14T02:38:17.550+00:00,False,62,61.0,,61.0,296062.043982,300075.16091,300075.16093199997,4839.921950516128,0.02244,296062.043982,37591.570760403105,88.9990756,65.78880209836066,25.877789493424597,0.20328240369850348,21,64,,True,False,Request timeout: 300.0s exceeded,251,21.16838264042747
376,2026-09-14T02:33:21.922+00:00,2026-09-14T02:38:15.226+00:00,2026-09-14T02:38:21.961+00:00,False,101,100.0,,100.0,293303.718551,300039.198103,300039.198025,2970.685128960396,0.0211,293303.718551,29178.115024745923,87.757764,67.35479552,19.238197189751517,0.3332897855755206,21,64,,True,False,Request timeout: 300.0s exceeded,530,21.16838264042747
377,2026-09-14T02:33:25.579+00:00,2026-09-14T02:38:18.728+00:00,2026-09-14T02:38:25.591+00:00,False,103,102.0,,102.0,293148.40543800005,300011.83532600006,300011.83528100007,2912.7362648640783,0.0359,293148.40543800005,28878.147520766644,87.8669161,67.2885283137255,20.18312302978272,0.33998658715968444,21,64,,True,False,Request timeout: 300.0s exceeded,532,21.16838264042747
378,2026-09-14T02:33:30.386+00:00,2026-09-14T02:38:24.336+00:00,2026-09-14T02:38:30.423+00:00,False,94,93.0,,93.0,293949.614863,300036.912911,300036.912846,3191.8820515531916,0.02296,293949.614863,30311.843478023904,87.625407,65.4548177204301,20.439273282831792,0.30996186135132847,21,64,,True,False,Request timeout: 300.0s exceeded,420,21.16838264042747
379,2026-09-14T02:33:33.605+00:00,2026-09-14T02:38:27.208+00:00,2026-09-14T02:38:33.648+00:00,False,98,97.0,,97.0,293603.543482,300042.902714,300042.90287,3061.6622741836736,0.023399999999999997,293603.543482,29651.737805101846,88.833449,66.38514672164948,20.57380199459973,0.32328710035331215,21,64,,True,False,Request timeout: 300.0s exceeded,276,21.16838264042747
380,2026-09-14T02:33:38.799+00:00,2026-09-14T02:38:32.216+00:00,2026-09-14T02:38:38.826+00:00,False,94,93.0,,93.0,293416.805124,300026.324484,300026.324403,3191.7694085425533,0.01964,293416.805124,30256.308453806334,89.3067187,71.07010064516129,19.306448170600333,0.30997280041991637,21,64,,True,False,Request timeout: 300.0s exceeded,318,21.16838264042747
381,2026-09-14T02:33:42.121+00:00,2026-09-14T02:38:35.640+00:00,2026-09-14T02:38:42.166+00:00,False,96,95.0,,95.0,293519.496046,300045.224558,300045.224472,3125.47108825,0.0215,293519.496046,29950.203631235716,88.352431,68.69187907368422,19.60190789298539,0.31661893682842507,21,64,,True,False,Request timeout: 300.0s exceeded,447,21.16838264042747
382,2026-09-14T02:33:45.337+00:00,2026-09-14T02:38:39.133+00:00,2026-09-14T02:38:45.385+00:00,False,96,95.0,,95.0,293796.17388099997,300048.308025,300048.308086,3125.5032092291663,0.021920000000000002,293796.17388099997,29978.73619902812,85.3811565,65.81193835789473,20.102455687144985,0.31661568307222254,21,64,,True,False,Request timeout: 300.0s exceeded,404,21.16838264042747
383,2026-09-14T02:33:48.665+00:00,2026-09-14T02:38:42.466+00:00,2026-09-14T02:38:48.691+00:00,False,97,96.0,,96.0,293801.445597,300026.618333,300026.618389,3093.0579215360826,0.03669,293801.445597,29824.440006409426,87.4482748,64.84554933333334,20.48923062951237,0.31997160963048105,21,64,,True,False,Request timeout: 300.0s exceeded,444,21.16838264042747
384,2026-09-14T02:33:54.535+00:00,2026-09-14T02:38:48.134+00:00,2026-09-14T02:38:54.590+00:00,False,96,95.0,,95.0,293598.93455299997,300054.39413699997,300054.394069,3125.5666048854164,0.02284,293598.93455299997,29958.386859123304,87.77584725000001,67.95220614736841,19.72268651411465,0.31660926104159814,21,64,,True,False,Request timeout: 300.0s exceeded,521,21.16838264042747
385,2026-09-14T02:33:59.990+00:00,2026-09-14T02:38:53.724+00:00,2026-09-14T02:39:00.052+00:00,False,95,94.0,,94.0,293733.878126,300062.05015799997,300062.04996,3158.5478943157896,0.020739999999999998,293733.878126,30129.559262677496,88.6400997,67.3209790638298,19.473309893331574,0.3132685387922384,21,64,,True,False,Request timeout: 300.0s exceeded,449,21.16838264042747
386,2026-09-14T02:34:05.352+00:00,2026-09-14T02:38:59.299+00:00,2026-09-14T02:39:05.955+00:00,False,98,97.0,,97.0,293946.685854,300602.86428599997,300602.86428599997,3067.3761661836734,0.03536,293946.685854,29686.17418485326,88.41208834999999,68.62039620618556,19.934115063423878,0.32268488269530304,21,64,,True,False,Request timeout: 300.0s exceeded,442,21.16838264042747
387,2026-09-14T02:34:10.672+00:00,2026-09-14T02:39:04.377+00:00,2026-09-14T02:39:10.755+00:00,False,98,97.0,,97.0,293704.811902,300082.57164599997,300082.571802,3062.0670592040815,0.02,293704.811902,29662.031918991484,90.48514104999998,65.75010045360824,21.02305415671177,0.32324436393603195,21,64,,True,False,Request timeout: 300.0s exceeded,471,21.16838264042747
388,2026-09-14T02:34:15.080+00:00,2026-09-14T02:39:08.722+00:00,2026-09-14T02:39:15.128+00:00,False,96,95.0,,95.0,293642.454673,300047.82222499995,300047.82213499997,3125.498147239583,0.07881999999999999,293642.454673,29962.882779992182,89.19367375,67.42492159999999,20.25653811486479,0.31661619569683586,21,64,,True,False,Request timeout: 300.0s exceeded,415,21.16838264042747
389,2026-09-14T02:34:19.928+00:00,2026-09-14T02:39:13.303+00:00,2026-09-14T02:39:19.982+00:00,False,98,97.0,,97.0,293375.01597500005,300053.9108230001,300053.91082000005,3061.774600204082,0.02045,293375.01597500005,29628.402888534416,87.7685592,68.85458606185567,19.51796980342499,0.32327523988587403,21,64,,True,False,Request timeout: 300.0s exceeded,481,21.16838264042747
390,2026-09-14T02:34:23.347+00:00,2026-09-14T02:39:16.994+00:00,2026-09-14T02:39:23.402+00:00,False,94,93.0,,93.0,293646.882781,300054.437085,300054.437188,3192.0684807234043,0.02036,293646.882781,30280.263443868364,87.83096515,68.89843337634409,19.786193381353282,0.30994375855090184,21,64,,True,False,Request timeout: 300.0s exceeded,443,21.16838264042747
391,2026-09-14T02:34:28.266+00:00,2026-09-14T02:39:22.014+00:00,2026-09-14T02:39:28.297+00:00,False,92,91.0,,91.0,293748.15731599997,300031.23725199996,300031.23735599994,3261.209101695652,0.03607,293748.15731599997,30618.17030498862,87.51030254999999,69.04483446153846,19.711372683730808,0.3033017522891057,21,64,,True,False,Request timeout: 300.0s exceeded,441,21.16838264042747
392,2026-09-14T02:34:33.863+00:00,2026-09-14T02:39:27.182+00:00,2026-09-14T02:39:33.932+00:00,False,103,102.0,,102.0,293318.493791,300068.841311,300068.841114,2913.289719553398,0.02271,293318.493791,28895.015946621003,88.4069643,66.17987764705882,20.02022107717515,0.33992199774679127,21,64,,True,False,Request timeout: 300.0s exceeded,500,21.16838264042747
393,2026-09-14T02:34:38.455+00:00,2026-09-14T02:39:32.023+00:00,2026-09-14T02:39:38.491+00:00,False,137,136.0,,136.0,293568.070351,300036.302287,300036.302231,2190.0460016861316,0.01887,293568.070351,25077.16267210906,87.03967260000002,47.56052894117647,25.772052238210176,0.4532784831813754,21,64,,True,False,Request timeout: 300.0s exceeded,661,21.16838264042747
0,2026-09-14T02:04:40.906+00:00,2026-09-14T02:04:41.144+00:00,2026-09-14T02:04:57.666+00:00,True,292,292.0,,292.0,238.229119,16759.414142999998,16759.414172,57.39525401369863,0.026600000000000002,238.229119,23.663964068779578,95.71614799999999,56.7738316975945,21.18407979515866,17.42304340166696,22,64,,False,True,,401,21.16838264042747
1,2026-09-14T02:04:44.948+00:00,2026-09-14T02:04:45.085+00:00,2026-09-14T02:05:00.156+00:00,True,236,236.0,,236.0,136.261133,15207.193613,15207.193844,64.43726205084745,38.717908,136.261133,21.517880403187,95.55026649999999,64.13162757446808,21.044191758645756,15.518971218874558,22,64,,False,True,,1019,21.16838264042747
2,2026-09-14T02:04:48.783+00:00,2026-09-14T02:04:52.643+00:00,2026-09-14T02:05:00.468+00:00,True,114,114.0,,114.0,3859.676306,11685.150866,11685.151104999999,102.50132548245614,39.901666,3859.676306,355.70141256860774,96.5179535,69.25198725663716,22.33421481120917,9.75597160082058,22,64,,False,True,,456,21.16838264042747
3,2026-09-14T02:04:51.783+00:00,2026-09-14T02:04:57.749+00:00,2026-09-14T02:05:15.253+00:00,True,267,267.0,,267.0,5965.997248,23469.97088,23469.97094,87.90251288389513,39.625437,5965.997248,361.7321461717387,94.83495200000002,65.80441215037594,21.65303150260886,11.376239082917856,22,64,,False,True,,944,21.16838264042747
4,2026-09-14T02:04:55.147+00:00,2026-09-14T02:05:03.951+00:00,2026-09-14T02:05:10.896+00:00,True,108,108.0,,108.0,8804.298076,15749.804635999999,15749.804558,145.83152368518518,37.58825,8804.298076,841.2268910290178,96.11995399999999,64.91127626168225,21.766052507907375,6.857227914633291,22,64,,False,True,,529,21.16838264042747
5,2026-09-14T02:04:58.345+00:00,2026-09-14T02:05:09.937+00:00,2026-09-14T02:05:18.485+00:00,True,127,127.0,,127.0,11592.892219000001,20140.378171000004,20140.378266,158.5856556377953,18.793590000000002,11592.892219000001,1022.9378381739989,96.34675800000001,67.83719009523809,22.91149033670487,6.305740583504358,22,64,,False,True,,535,21.16838264042747
6,2026-09-14T02:05:02.442+00:00,2026-09-14T02:05:16.047+00:00,2026-09-14T02:05:28.102+00:00,True,181,181.0,,181.0,13605.085319,25659.734407,25659.734605,141.76648953038674,40.355366000000004,13605.085319,1006.5247903181285,94.93422000000001,66.97027271111111,22.251531321044396,7.0538532133295595,22,64,,False,True,,271,21.16838264042747
7,2026-09-14T02:05:07.853+00:00,2026-09-14T02:05:25.882+00:00,2026-09-14T02:05:34.028+00:00,True,119,119.0,,119.0,18028.848467,26175.286355,26175.2863,219.96038907563025,40.821063,18028.848467,1646.5225366014256,96.67246000000002,69.03760922033898,22.272834815996838,4.546273090810662,22,64,,False,True,,442,21.16838264042747
8,2026-09-14T02:05:11.583+00:00,2026-09-14T02:05:32.293+00:00,2026-09-14T02:05:48.949+00:00,True,255,255.0,,255.0,20710.195487,37366.498079,37366.498037,146.53528641960784,0.016980000000000002,20710.195487,1293.0896857470016,95.9301914,65.57599445669291,26.644880962840276,6.8242948392134775,22,64,,False,True,,1153,21.16838264042747
9,2026-09-14T02:05:16.307+00:00,2026-09-14T02:05:41.061+00:00,2026-09-14T02:05:54.652+00:00,True,205,205.0,,205.0,24754.164925,38344.923325,38344.923338,187.04840652682927,40.361995,24754.164925,1724.3907477365585,96.0482608,66.62136470588236,21.862170182717808,5.346209673246229,22,64,,False,True,,889,21.16838264042747
10,2026-09-14T02:05:20.368+00:00,2026-09-14T02:05:47.544+00:00,2026-09-14T02:05:57.536+00:00,True,152,152.0,,152.0,27175.952092,37168.722652,37168.722744,244.53107068421053,41.745442000000004,27175.952092,2198.9989051862035,94.86970755000002,66.17728847682119,21.643298885430724,4.0894598779498565,22,64,,False,True,,773,21.16838264042747
11,2026-09-14T02:05:25.129+00:00,2026-09-14T02:05:56.071+00:00,2026-09-14T02:06:05.774+00:00,True,147,147.0,,147.0,30942.725595,40645.725403000004,40645.725319,276.50153278231295,42.28528,30942.725595,2546.724015697635,94.62995500000001,66.45890279452055,21.77572903900066,3.6166164717815596,22,64,,False,True,,800,21.16838264042747
12,2026-09-14T02:05:30.452+00:00,2026-09-14T02:06:05.587+00:00,2026-09-14T02:06:23.917+00:00,True,275,275.0,,275.0,35135.369672,53465.3122,53465.312268,194.41931733818183,5.3358289999999995,35135.369672,2114.829718796416,94.80467499999999,66.89760046715328,22.690544892916364,5.143521821612032,22,64,,False,True,,1111,21.16838264042747
13,2026-09-14T02:05:35.149+00:00,2026-09-14T02:06:12.880+00:00,2026-09-14T02:06:23.601+00:00,True,160,160.0,,160.0,37731.152372000004,48452.30002,48452.300110000004,302.82687568750003,2.630575,37731.152372000004,2977.6724496581787,94.79997494999999,67.42860155974843,23.689571355258433,3.302216818065513,22,64,,False,True,,558,21.16838264042747
14,2026-09-14T02:05:39.513+00:00,2026-09-14T02:06:21.312+00:00,2026-09-14T02:06:33.895+00:00,True,193,193.0,,193.0,41799.358909999995,54382.16467,54382.16469599999,281.77287407253885,0.01712,41799.358909999995,3004.280630002659,93.42759699999999,65.53544666666666,35.97540191684686,3.5489576623357313,22,64,,False,True,,431,21.16838264042747
15,2026-09-14T02:05:44.877+00:00,2026-09-14T02:06:30.701+00:00,2026-09-14T02:06:46.479+00:00,True,237,237.0,,237.0,45823.7673,61601.624324000004,61601.624341,259.92246557383965,0.01789,45823.7673,2972.3970134909973,94.78857760000001,66.85532637288135,31.497922004424982,3.8473011483183366,22,64,,False,True,,955,21.16838264042747
16,2026-09-14T02:05:49.703+00:00,2026-09-14T02:06:39.113+00:00,2026-09-14T02:06:49.218+00:00,True,152,152.0,,152.0,49410.49052399999,59515.412123999995,59515.412077999994,391.5487636710526,2.841564,49410.49052399999,4002.36434149193,94.93183714999999,66.92001059602649,24.132882971016517,2.553960303312845,22,64,,False,True,,727,21.16838264042747
17,2026-09-14T02:05:54.467+00:00,2026-09-14T02:06:46.791+00:00,2026-09-14T02:07:02.648+00:00,True,239,239.0,,239.0,52324.00615,68181.06599,68181.06604800001,285.2764269790795,40.898604,52324.00615,3380.316884070737,95.3037159,66.6263018487395,21.483608301247553,3.505372005111415,22,64,,False,True,,982,21.16838264042747
18,2026-09-14T02:05:58.719+00:00,2026-09-14T02:06:55.024+00:00,2026-09-14T02:07:14.818+00:00,True,295,295.0,,295.0,56305.592239,76099.403951,76099.40381799999,257.96408073898306,0.0,56305.592239,3274.415867681524,95.7211067,67.32589017687074,25.29997661569108,3.876508680540375,22,64,,False,True,,1501,21.16838264042747
19,2026-09-14T02:06:02.971+00:00,2026-09-14T02:07:02.336+00:00,2026-09-14T02:07:21.064+00:00,True,281,281.0,,281.0,59365.338555,78092.946107,78092.946244,277.91084072597863,0.0,59365.338555,3537.543479323538,96.802046,66.88431268571428,25.872215006801344,3.598276336187707,22,64,,False,True,,1267,21.16838264042747
20,2026-09-14T02:06:08.017+00:00,2026-09-14T02:07:10.889+00:00,2026-09-14T02:07:18.635+00:00,True,117,117.0,,117.0,62871.871187,70617.333459,70617.333606,603.5669538974358,40.829214,62871.871187,5806.379119823907,97.51320000000001,66.77122648275862,23.10513611540549,1.6568170202564996,22,64,,False,True,,550,21.16838264042747
21,2026-09-14T02:06:12.979+00:00,2026-09-14T02:07:20.927+00:00,2026-09-14T02:07:37.216+00:00,True,247,247.0,,247.0,67947.50000300001,84236.60617900001,84236.60606,341.03889093117414,0.01762,67947.50000300001,4319.337805563361,95.214549,66.21587876422764,36.681628475028745,2.93221689718996,22,64,,False,True,,1078,21.16838264042747
22,2026-09-14T02:06:17.081+00:00,2026-09-14T02:07:27.709+00:00,2026-09-14T02:07:34.603+00:00,True,105,105.0,,105.0,70628.86734900001,77522.425365,77522.425537,738.3088146380953,0.01685,70628.86734900001,6886.405603595765,94.78239219999999,66.2842116923077,53.07947217873418,1.3544467875666546,22,64,,False,True,,545,21.16838264042747
23,2026-09-14T02:06:22.330+00:00,2026-09-14T02:07:37.390+00:00,2026-09-14T02:07:48.148+00:00,True,170,170.0,,170.0,75060.340405,85818.18744499999,85818.187568,504.81286804705877,38.157279,75060.340405,5752.019777624471,93.44079150000002,63.65589964497042,20.593925469106807,1.9809320735065779,22,64,,False,True,,763,21.16838264042747
24,2026-09-14T02:06:27.449+00:00,2026-09-14T02:07:45.370+00:00,2026-09-14T02:07:51.550+00:00,True,100,100.0,,100.0,77920.24915999999,84100.54944799999,84100.549565,841.00549565,38.915028,77920.24915999999,7785.80755922934,93.44653989999999,62.42727563636363,19.977401683743874,1.1890528736893777,22,64,,False,True,,355,21.16838264042747
25,2026-09-14T02:06:32.400+00:00,2026-09-14T02:07:53.471+00:00,2026-09-14T02:08:06.895+00:00,True,205,205.0,,205.0,81070.730482,94494.52261,94494.522399,460.9488897512195,41.294973,81070.730482,5657.671923524898,95.796996,65.8029025882353,21.949904254256,2.1694379138363478,22,64,,False,True,,704,21.16838264042747
26,2026-09-14T02:06:37.248+00:00,2026-09-14T02:08:01.135+00:00,2026-09-14T02:08:18.714+00:00,True,268,268.0,,268.0,83886.76992,101466.529024,101466.529162,378.60645209701494,0.0,83886.76992,5120.242331919064,95.67921249999999,65.84179439700375,25.693597985534673,2.641265080986555,22,64,,False,True,,1338,21.16838264042747
27,2026-09-14T02:06:41.600+00:00,2026-09-14T02:08:09.614+00:00,2026-09-14T02:08:17.367+00:00,True,121,121.0,,121.0,88014.210466,95767.72342600001,95767.72354600001,791.4687896363637,0.0,88014.210466,7995.473557912429,96.148977,64.612608,29.93487778036233,1.2634737014866708,22,64,,False,True,,520,21.16838264042747
28,2026-09-14T02:06:45.639+00:00,2026-09-14T02:08:17.233+00:00,2026-09-14T02:08:28.445+00:00,True,168,168.0,,168.0,91594.355051,102806.07165900001,102806.07173000001,611.9409031547619,0.01579,91594.355051,7061.662543947343,95.91952799999999,67.13602759281437,51.170613347829125,1.6341447279227177,22,64,,False,True,,356,21.16838264042747
29,2026-09-14T02:06:48.901+00:00,2026-09-14T02:08:23.350+00:00,2026-09-14T02:08:39.151+00:00,True,236,236.0,,236.0,94448.692112,110250.17512,110250.174963,467.1617583177966,0.0,94448.692112,6143.757018287701,96.31924199999999,67.24035322553192,24.288773248952218,2.1405861690752843,22,64,,False,True,,1058,21.16838264042747
30,2026-09-14T02:06:54.334+00:00,2026-09-14T02:08:32.800+00:00,2026-09-14T02:08:41.805+00:00,True,133,133.0,,133.0,98465.861491,107470.857843,107470.85783000001,808.0515626315789,0.0,98465.861491,8532.195795666607,95.6681796,68.21966933333333,25.620570179111212,1.2375447881349801,22,64,,False,True,,597,21.16838264042747
31,2026-09-14T02:06:57.675+00:00,2026-09-14T02:08:38.522+00:00,2026-09-14T02:08:47.329+00:00,True,134,134.0,,134.0,100847.55165099999,109654.25961899999,109654.25972899998,818.3153711119402,41.270073,100847.55165099999,8706.210173865345,96.202533,66.21584938345865,22.472575663533362,1.2220227510138748,22,64,,False,True,,581,21.16838264042747
32,2026-09-14T02:07:02.707+00:00,2026-09-14T02:08:48.616+00:00,2026-09-14T02:08:59.944+00:00,True,170,170.0,,170.0,105908.994435,117237.01465900001,117237.014603,689.6294976647059,0.0,105908.994435,8117.7601747032195,94.2208165,67.02970546745561,29.154793649516186,1.4500539824770222,22,64,,False,True,,783,21.16838264042747
33,2026-09-14T02:07:06.973+00:00,2026-09-14T02:08:55.601+00:00,2026-09-14T02:09:08.231+00:00,True,193,193.0,,193.0,108627.56143,121258.12527,121258.125165,628.2804412694301,0.0,108627.56143,7814.500027113517,95.53503199999999,65.78418666666667,28.667096564836715,1.591645917090138,22,64,,False,True,,821,21.16838264042747
34,2026-09-14T02:07:10.586+00:00,2026-09-14T02:09:02.226+00:00,2026-09-14T02:09:09.307+00:00,True,111,111.0,,111.0,111640.229464,118720.880728,118720.88061000001,1069.557482972973,36.913623,111640.229464,10590.333852200683,94.95951949999998,64.36955694545455,21.63379468974018,0.9349661097470359,22,64,,False,True,,189,21.16838264042747
35,2026-09-14T02:07:15.175+00:00,2026-09-14T02:09:10.600+00:00,2026-09-14T02:09:19.749+00:00,True,135,135.0,,135.0,115424.869515,124573.636235,124573.636204,922.7676755851852,0.01585,115424.869515,9928.533550171482,98.04033310000001,68.27437850746269,66.13434462417278,1.0836963909870252,22,64,,False,True,,723,21.16838264042747
36,2026-09-14T02:07:19.821+00:00,2026-09-14T02:09:19.228+00:00,2026-09-14T02:09:26.609+00:00,True,109,109.0,,109.0,119406.76784199999,126787.66409799998,126787.66415399998,1163.1895793944952,0.0,119406.76784199999,11430.60074777914,96.8053794,68.341632,34.8392755774458,0.8597050886255694,22,64,,False,True,,414,21.16838264042747
37,2026-09-14T02:07:24.083+00:00,2026-09-14T02:09:26.276+00:00,2026-09-14T02:09:37.305+00:00,True,170,170.0,,170.0,122192.99679199999,133222.747832,133222.74765799998,783.663221517647,39.498266,122192.99679199999,9366.79440776215,94.74852440000001,65.26479905325444,21.68247405878752,1.2760583516441037,22,64,,False,True,,602,21.16838264042747
38,2026-09-14T02:07:28.297+00:00,2026-09-14T02:09:32.623+00:00,2026-09-14T02:09:47.559+00:00,True,229,229.0,,229.0,124326.514131,139262.214355,139262.214438,608.1319407772926,0.0,124326.514131,8211.44984553638,94.5265784,65.50745712280703,29.116051382682357,1.6443799997050534,22,64,,False,True,,1122,21.16838264042747
39,2026-09-14T02:07:33.077+00:00,2026-09-14T02:09:42.021+00:00,2026-09-14T02:09:56.487+00:00,True,218,218.0,,218.0,128943.295566,143409.82843,143409.828343,657.8432492798165,0.0,128943.295566,8728.67761931989,94.13827799999999,66.66605006451613,29.869044061100276,1.5201189652521503,22,64,,False,True,,1131,21.16838264042747
40,2026-09-14T02:07:37.622+00:00,2026-09-14T02:09:49.453+00:00,2026-09-14T02:09:57.716+00:00,True,124,124.0,,124.0,131830.71085099998,140093.909827,140093.90983,1129.7895954032256,36.317963000000006,131830.71085099998,11832.735044524063,95.0713635,67.1804794796748,22.229134005620317,0.8851205605805837,22,64,,False,True,,176,21.16838264042747
41,2026-09-14T02:07:40.863+00:00,2026-09-14T02:09:55.497+00:00,2026-09-14T02:10:11.421+00:00,True,238,238.0,,238.0,134633.79256799998,150557.84248799997,150557.84246699998,632.5959767521007,39.955256,134633.79256799998,8722.684467602265,95.15391285,67.1900840506329,21.824612611160696,1.5807877960191246,22,64,,False,True,,950,21.16838264042747
42,2026-09-14T02:07:46.267+00:00,2026-09-14T02:10:05.355+00:00,2026-09-14T02:10:12.169+00:00,True,101,101.0,,101.0,139088.512953,145902.380217,145902.380102,1444.578020811881,0.0,139088.512953,13833.090963982726,95.27848900000001,68.13867264,36.12687190400635,0.6922436758727522,22,64,,False,True,,466,21.16838264042747
43,2026-09-14T02:07:50.410+00:00,2026-09-14T02:10:12.493+00:00,2026-09-14T02:10:21.044+00:00,True,135,135.0,,135.0,142083.577982,150633.880702,150633.880774,1115.8065242518517,0.016,142083.577982,12223.374570815926,97.2912787,63.80822925373134,79.86196913035128,0.8962127203445777,22,64,,False,True,,681,21.16838264042747
44,2026-09-14T02:07:55.251+00:00,2026-09-14T02:10:21.180+00:00,2026-09-14T02:10:34.836+00:00,True,203,203.0,,203.0,145928.782935,159585.310295,159585.310393,786.134533955665,41.116423000000005,145928.782935,10237.47056344638,95.499381,67.60657108910891,21.72627882135362,1.2720469047229106,22,64,,False,True,,860,21.16838264042747
45,2026-09-14T02:08:00.488+00:00,2026-09-14T02:10:30.739+00:00,2026-09-14T02:10:37.982+00:00,True,106,106.0,,106.0,150251.23543,157494.224486,157494.224483,1485.7945705943396,40.597344,150251.23543,14587.006087014222,96.30180399999999,68.98084815238096,21.723573628908678,0.673040553365959,22,64,,False,True,,464,21.16838264042747
46,2026-09-14T02:08:04.140+00:00,2026-09-14T02:10:36.741+00:00,2026-09-14T02:10:53.429+00:00,True,252,252.0,,252.0,152601.153903,169289.371503,169289.371698,671.7832210238096,0.0,152601.153903,9608.833063827484,96.49120805000001,66.48692270916335,31.744198332640025,1.4885754360280927,22,64,,False,True,,1311,21.16838264042747
47,2026-09-14T02:08:08.219+00:00,2026-09-14T02:10:44.181+00:00,2026-09-14T02:10:57.531+00:00,True,205,205.0,,205.0,155961.875447,169312.050423,169312.050322,825.9124405951219,5.925687,155961.875447,10888.301469571044,95.5183462,65.44203419607844,22.071001571801197,1.2107821001980612,22,64,,False,True,,921,21.16838264042747
48,2026-09-14T02:08:12.082+00:00,2026-09-14T02:10:51.602+00:00,2026-09-14T02:10:58.658+00:00,True,108,108.0,,108.0,159519.97565900002,166576.013035,166576.013107,1542.3704917314817,37.351971,159519.97565900002,15343.485541683767,93.35080484999999,65.94427454205608,20.98616837410749,0.6483526531356447,22,64,,False,True,,310,21.16838264042747
49,2026-09-14T02:08:15.073+00:00,2026-09-14T02:10:56.223+00:00,2026-09-14T02:11:07.539+00:00,True,176,176.0,,176.0,161150.730224,172465.83064,172465.83042399999,979.9194910454545,39.524276,161150.730224,12142.337772139732,92.70833725,64.65771666285714,21.079874155607637,1.0204919974402182,22,64,,False,True,,711,21.16838264042747
50,2026-09-14T02:08:18.585+00:00,2026-09-14T02:11:02.495+00:00,2026-09-14T02:11:13.611+00:00,True,170,170.0,,170.0,163910.36579699998,175026.40880499998,175026.40872999997,1029.5671101764704,0.0,163910.36579699998,12566.352776891055,93.79343849999998,65.77540241420118,34.22553950446117,0.9712819977321251,22,64,,False,True,,877,21.16838264042747
51,2026-09-14T02:08:23.578+00:00,2026-09-14T02:11:11.064+00:00,2026-09-14T02:11:23.681+00:00,True,193,193.0,,193.0,167486.86627,180103.72515,180103.725119,933.179922896373,31.599464,167486.86627,12051.258290334183,96.225177,65.71280666666667,21.992766555964494,1.0716047091155905,22,64,,False,True,,703,21.16838264042747
52,2026-09-14T02:08:27.399+00:00,2026-09-14T02:11:18.135+00:00,2026-09-14T02:11:33.304+00:00,True,227,227.0,,227.0,170736.707093,185904.871445,185904.871516,818.9641917004406,0.01585,170736.707093,11327.953895573692,96.45400300000001,67.11577146902655,69.98980532693972,1.2210546083896354,22,64,,False,True,,1060,21.16838264042747
53,2026-09-14T02:08:32.298+00:00,2026-09-14T02:11:27.758+00:00,2026-09-14T02:11:33.535+00:00,True,103,103.0,,103.0,175460.077117,181237.34252500001,181237.342531,1759.585849815534,0.0154,175460.077117,17283.040250696806,96.9603521,56.639856941176475,30.14310656406802,0.568315550013056,22,64,,False,True,,510,21.16838264042747
54,2026-09-14T02:08:36.196+00:00,2026-09-14T02:11:33.125+00:00,2026-09-14T02:11:43.486+00:00,True,160,160.0,,160.0,176929.344114,187290.200946,187290.200818,1170.5637551125,0.0,176929.344114,13982.384244790632,94.38380944999999,65.16262158490566,34.78408850558443,0.8542892217096377,22,64,,False,True,,741,21.16838264042747
55,2026-09-14T02:08:40.374+00:00,2026-09-14T02:11:41.220+00:00,2026-09-14T02:11:59.298+00:00,True,268,268.0,,268.0,180845.79492500002,198923.885677,198923.885635,742.2533046082091,0.0,180845.79492500002,11042.820727948752,95.09579235,67.7082050636704,30.340505767598486,1.3472489695639738,22,64,,False,True,,357,21.16838264042747
56,2026-09-14T02:08:45.838+00:00,2026-09-14T02:11:49.906+00:00,2026-09-14T02:12:03.885+00:00,True,211,211.0,,211.0,184067.787574,198046.941238,198046.941233,938.6110958909952,41.267763,184067.787574,12667.185525522546,97.1405705,66.5673984,22.06962835360193,1.0654039829195536,22,64,,False,True,,932,21.16838264042747
57,2026-09-14T02:08:48.946+00:00,2026-09-14T02:11:55.864+00:00,2026-09-14T02:12:05.281+00:00,True,139,139.0,,139.0,186918.043738,196334.94844200002,196334.948332,1412.481642676259,39.141478,186918.043738,15848.411265430905,97.254737,68.23843988405797,23.724491090542024,0.7079738024382474,22,64,,False,True,,628,21.16838264042747
58,2026-09-14T02:08:54.085+00:00,2026-09-14T02:12:05.330+00:00,2026-09-14T02:12:18.145+00:00,True,191,191.0,,191.0,191244.61364,204060.426504,204060.42631,1068.379195340314,0.0,191244.61364,13833.140096226522,97.9636235,67.45164665263158,35.82403089511789,0.9359972595972988,22,64,,False,True,,892,21.16838264042747
59,2026-09-14T02:08:57.146+00:00,2026-09-14T02:12:10.599+00:00,2026-09-14T02:12:24.890+00:00,True,212,212.0,,212.0,193452.781269,207743.362773,207743.362981,979.921523495283,0.0,193452.781269,13281.785374716488,96.53207905,67.72787442654028,34.80146026348764,1.020489883143228,22,64,,False,True,,843,21.16838264042747
60,2026-09-14T02:09:02.585+00:00,2026-09-14T02:12:20.507+00:00,2026-09-14T02:12:39.756+00:00,True,294,294.0,,294.0,197922.079864,217171.77944800002,217171.779434,738.6795218843538,39.404667,197922.079864,11539.238095864712,94.916125,65.69863339249147,21.310549418322154,1.3537670536534692,22,64,,False,True,,1290,21.16838264042747
61,2026-09-14T02:09:05.688+00:00,2026-09-14T02:12:25.775+00:00,2026-09-14T02:12:40.385+00:00,True,225,225.0,,225.0,200087.076795,214696.557499,214696.557595,954.2069226444445,40.120976,200087.076795,13334.807215815901,92.831771,65.220896,21.2288378225559,1.0479907205826904,22,64,,False,True,,1086,21.16838264042747
62,2026-09-14T02:09:09.757+00:00,2026-09-14T02:12:34.244+00:00,2026-09-14T02:12:48.350+00:00,True,217,217.0,,217.0,204486.584641,218592.153921,218592.153873,1007.3371146221198,38.468519,204486.584641,13877.036578040814,93.59715279999999,65.30356148148148,20.986377213995496,0.9927163263070485,22,64,,False,True,,852,21.16838264042747
63,2026-09-14T02:09:13.688+00:00,2026-09-14T02:12:40.386+00:00,2026-09-14T02:12:52.363+00:00,True,181,181.0,,181.0,206697.97721799999,218674.772354,218674.772396,1208.147913790055,0.0,206697.97721799999,15359.054623973016,93.24800299999998,66.53775075555555,89.73530268882473,0.8277132201925402,22,64,,False,True,,368,21.16838264042747
64,2026-09-14T02:09:17.365+00:00,2026-09-14T02:12:46.552+00:00,2026-09-14T02:13:04.551+00:00,True,272,272.0,,272.0,209187.157768,227186.05799200002,227186.058235,835.2428611580882,0.0,209187.157768,12680.03202683599,94.56383300000002,66.41660599261992,75.6120500090516,1.1972565676084665,22,64,,False,True,,1017,21.16838264042747
65,2026-09-14T02:09:22.878+00:00,2026-09-14T02:12:57.786+00:00,2026-09-14T02:13:17.650+00:00,True,297,297.0,,297.0,214907.42128600003,234771.62147800002,234771.621424,790.4768398114479,32.669851,214907.42128600003,12466.318896565155,95.7209648,67.10878443243243,22.12178395461072,1.2650592014922524,22,64,,False,True,,1345,21.16838264042747
66,2026-09-14T02:09:26.329+00:00,2026-09-14T02:13:02.683+00:00,2026-09-14T02:13:16.515+00:00,True,212,212.0,,212.0,216353.385885,230186.355101,230186.355223,1085.7846944481132,36.738473,216353.385885,14854.724554317014,94.5132946,65.55909581042654,21.59528699865584,0.9209929055394257,22,64,,False,True,,1069,21.16838264042747
67,2026-09-14T02:09:30.711+00:00,2026-09-14T02:13:10.283+00:00,2026-09-14T02:13:24.022+00:00,True,210,210.0,,210.0,219572.612899,233310.767395,233310.767318,1111.0036538952381,39.434315999999995,219572.612899,15147.429346052573,93.62899249999998,65.73279663157895,21.754004643268697,0.9000870484664156,22,64,,False,True,,1127,21.16838264042747
68,2026-09-14T02:09:33.713+00:00,2026-09-14T02:13:16.517+00:00,2026-09-14T02:13:29.581+00:00,True,200,200.0,,200.0,222804.292104,235868.568072,235868.568194,1179.34284097,35.285255,222804.292104,15750.015236965453,94.10617095000002,65.64962797989949,21.634647841554568,0.847929851929016,22,64,,False,True,,936,21.16838264042747
69,2026-09-14T02:09:39.231+00:00,2026-09-14T02:13:25.846+00:00,2026-09-14T02:13:36.986+00:00,True,170,170.0,,170.0,226615.196495,237755.543887,237755.543914,1398.5620230235295,0.0,226615.196495,17375.584503534894,93.456626,65.9192153372781,41.010677925648075,0.7150201304277357,22,64,,False,True,,804,21.16838264042747
70,2026-09-14T02:09:42.358+00:00,2026-09-14T02:13:30.398+00:00,2026-09-14T02:13:44.374+00:00,True,210,210.0,,210.0,228040.335127,242015.831575,242015.831471,1152.4563403380953,0.0,228040.335127,15731.710678341999,94.00816149999999,66.86840405741627,38.50428524261612,0.8677118295664952,22,64,,False,True,,894,21.16838264042747
71,2026-09-14T02:09:45.540+00:00,2026-09-14T02:13:36.303+00:00,2026-09-14T02:13:53.643+00:00,True,259,259.0,,259.0,230762.526481,248103.058193,248103.05828700002,957.926865972973,36.780462,230762.526481,14334.72652313507,95.89286,67.2113632248062,22.20137735219618,1.0439210297783723,22,64,,False,True,,1227,21.16838264042747
72,2026-09-14T02:09:49.406+00:00,2026-09-14T02:13:44.187+00:00,2026-09-14T02:13:56.759+00:00,True,187,187.0,,187.0,234781.849151,247353.421375,247353.421352,1322.7455687272727,36.156414,234781.849151,17164.020756278795,95.92186730000002,67.58909797849464,22.109688979279134,0.7560032885758987,22,64,,False,True,,927,21.16838264042747
73,2026-09-14T02:09:52.850+00:00,2026-09-14T02:13:50.130+00:00,2026-09-14T02:14:09.065+00:00,True,286,286.0,,286.0,237279.994179,256215.116355,256215.11643,895.8570504545455,33.523719,237279.994179,14026.749432997412,95.198546,66.43902517894736,22.427644774910256,1.1162495174708247,22,64,,False,True,,1435,21.16838264042747
74,2026-09-14T02:09:57.511+00:00,2026-09-14T02:13:58.382+00:00,2026-09-14T02:14:07.429+00:00,True,139,139.0,,139.0,240870.627845,249917.97786100002,249917.97776100002,1797.971063028777,29.537267,240870.627845,20424.83045878824,95.05603719999999,65.56050736231884,21.492525813770115,0.556182477105786,22,64,,False,True,,691,21.16838264042747
75,2026-09-14T02:10:02.642+00:00,2026-09-14T02:14:07.753+00:00,2026-09-14T02:14:23.370+00:00,True,234,234.0,,234.0,245111.51381799998,260727.97973799997,260727.97978999998,1114.2221358547008,0.0,245111.51381799998,16019.108015626247,96.76603765,67.02345888412017,39.52560475872962,0.8974871060449348,22,64,,False,True,,1198,21.16838264042747
76,2026-09-14T02:10:06.186+00:00,2026-09-14T02:14:15.278+00:00,2026-09-14T02:14:25.986+00:00,True,160,160.0,,160.0,249092.084792,259799.635256,259799.635225,1623.7477201562501,41.372082,249092.084792,19687.146241917555,95.7583715,67.34308467924528,21.626400792380686,0.6158592172092161,22,64,,False,True,,788,21.16838264042747
77,2026-09-14T02:10:10.712+00:00,2026-09-14T02:14:22.398+00:00,2026-09-14T02:14:31.935+00:00,True,130,130.0,,130.0,251685.571179,261222.966123,261222.966102,2009.407431553846,0.02443,251685.571179,22068.147809825048,95.04037815,73.9332941395349,124.2967351771791,0.49765915275147715,22,64,,False,True,,654,21.16838264042747
78,2026-09-14T02:10:14.610+00:00,2026-09-14T02:14:29.535+00:00,2026-09-14T02:14:44.134+00:00,True,225,225.0,,225.0,254924.84509400002,269524.38992600003,269524.38995000004,1197.8861775555556,0.016370000000000003,254924.84509400002,16990.92517026318,92.20593799999999,65.17653942857143,97.86718621195425,0.8348038560138303,22,64,,False,True,,1101,21.16838264042747
79,2026-09-14T02:10:19.085+00:00,2026-09-14T02:14:36.993+00:00,2026-09-14T02:14:55.785+00:00,True,288,288.0,,288.0,257907.931857,276699.97358499997,276699.973541,960.7637970173611,33.669078,257907.931857,15193.52785689577,94.42052804999999,65.47749731010452,21.759525560503477,1.0408385525614399,22,64,,False,True,,1278,21.16838264042747
80,2026-09-14T02:10:24.040+00:00,2026-09-14T02:14:45.548+00:00,2026-09-14T02:14:56.340+00:00,True,164,164.0,,164.0,261508.86306,272300.674388,272300.674527,1660.3699666280488,33.539119,261508.86306,20415.253620062686,96.2116525,66.20743146012269,22.292295576075116,0.6022754088604171,22,64,,False,True,,768,21.16838264042747
81,2026-09-14T02:10:29.279+00:00,2026-09-14T02:14:55.924+00:00,2026-09-14T02:15:14.073+00:00,True,268,268.0,,268.0,266644.632446,284793.938814,284793.938898,1062.6639511119404,0.0,266644.632446,16283.80694438668,95.46717414999999,67.97493021722846,38.72785310611491,0.9410312632216229,22,64,,False,True,,1066,21.16838264042747
82,2026-09-14T02:10:32.737+00:00,2026-09-14T02:15:01.559+00:00,2026-09-14T02:15:15.501+00:00,True,208,208.0,,208.0,268822.309854,282763.964638,282763.964537,1359.4421371971152,40.521514,268822.309854,18634.816702254364,95.81143215,67.35098929468599,22.19166776139273,0.7355958538291316,22,64,,False,True,,416,21.16838264042747
83,2026-09-14T02:10:38.249+00:00,2026-09-14T02:15:11.281+00:00,2026-09-14T02:15:28.210+00:00,True,250,250.0,,250.0,273031.95310600003,289960.15483400004,289960.15480400005,1159.840619216,39.520216,273031.95310600003,17263.7719527291,96.12698259999999,67.98474589558234,22.627427248615668,0.86218742759026,22,64,,False,True,,708,21.16838264042747
84,2026-09-14T02:10:42.380+00:00,2026-09-14T02:15:18.741+00:00,2026-09-14T02:15:29.966+00:00,True,169,169.0,,169.0,276360.834158,287586.458222,287586.458088,1701.6950182721894,33.16935,276360.834158,21253.397700407022,96.78122480000002,66.81919085714286,22.589791658014146,0.5876493665412502,22,64,,False,True,,693,21.16838264042747
85,2026-09-14T02:10:47.606+00:00,2026-09-14T02:15:27.650+00:00,2026-09-14T02:15:46.685+00:00,True,281,281.0,,281.0,280043.66213,299078.525234,299078.525158,1064.3363884626335,31.118214,280043.66213,16701.96383672665,96.29049499999999,67.98165394285715,22.426113189601484,0.9395525799792703,22,64,,False,True,,1110,21.16838264042747
86,2026-09-14T02:10:53.014+00:00,2026-09-14T02:15:37.819+00:00,2026-09-14T02:15:52.782+00:00,True,231,231.0,,231.0,284805.159885,299767.87988499994,299767.87996399996,1297.696450060606,0.0,284805.159885,18734.57103416423,95.516773,65.05530434782608,42.31994487641253,0.7705962362899541,22,64,,False,True,,1148,21.16838264042747
87,2026-09-14T02:10:57.927+00:00,2026-09-14T02:15:46.771+00:00,2026-09-14T02:15:57.974+00:00,False,172,171.0,,171.0,288843.852293,300047.033349,300047.03340099996,1744.4594965174417,0.0,288843.852293,22019.19239229574,94.80741809999999,65.51567869005848,47.36915993850945,0.569910650644898,22,64,,False,False,Request timeout: 300.0s exceeded,744,21.16838264042747
88,2026-09-14T02:11:02.195+00:00,2026-09-14T02:15:54.556+00:00,2026-09-14T02:16:02.260+00:00,False,109,108.0,,108.0,292361.04424699995,300065.48661499994,300065.48653899995,2752.894371917431,0.02239,292361.04424699995,27996.28458720508,92.126729,71.33742933333333,21.498771473193948,0.35992143321224335,22,64,,False,False,Request timeout: 300.0s exceeded,253,21.16838264042747
89,2026-09-14T02:11:06.277+00:00,2026-09-14T02:15:59.591+00:00,2026-09-14T02:16:06.363+00:00,False,98,97.0,,97.0,293314.24207200005,300086.42280800006,300086.4227870001,3062.106354969388,0.039630000000000006,293314.24207200005,29622.1676403119,90.63388234999998,69.81629624742268,20.979987680053977,0.32324021557637117,22,64,,False,False,Request timeout: 300.0s exceeded,510,21.16838264042747
90,2026-09-14T02:11:11.067+00:00,2026-09-14T02:16:04.732+00:00,2026-09-14T02:16:11.079+00:00,False,94,93.0,,93.0,293664.975495,300011.516039,300011.51628100005,3191.6118753297874,0.0224,293664.975495,30282.19729644777,89.07551049999998,68.24237144086021,19.885823157196775,0.30998810054981507,22,64,,False,False,Request timeout: 300.0s exceeded,416,21.16838264042747
91,2026-09-14T02:11:14.852+00:00,2026-09-14T02:16:08.277+00:00,2026-09-14T02:16:14.864+00:00,False,100,99.0,,99.0,293424.649019,300011.899195,300011.899247,3000.11899247,0.020149999999999998,293424.649019,29335.817716242236,86.84016185,66.53788056565656,19.78205499561632,0.3299869114046458,22,64,,False,False,Request timeout: 300.0s exceeded,462,21.16838264042747
92,2026-09-14T02:11:20.027+00:00,2026-09-14T02:16:13.983+00:00,2026-09-14T02:16:20.040+00:00,False,91,90.0,,90.0,293955.755388,300012.972924,300012.97286599997,3296.8458556703295,0.02273,293955.755388,30807.88718252528,87.97391449999999,67.30241706666666,19.79495704194044,0.29998702763696494,22,64,,False,False,Request timeout: 300.0s exceeded,409,21.16838264042747
93,2026-09-14T02:11:24.584+00:00,2026-09-14T02:16:18.084+00:00,2026-09-14T02:16:24.628+00:00,False,98,97.0,,97.0,293500.03612,300043.827224,300043.82712000003,3061.6717053061225,0.03406,293500.03612,29641.172969422056,88.82031785,67.46176395876289,20.189999051787336,0.32328610422498016,22,64,,False,False,Request timeout: 300.0s exceeded,534,21.16838264042747
94,2026-09-14T02:11:28.538+00:00,2026-09-14T02:16:22.572+00:00,2026-09-14T02:16:28.562+00:00,False,94,93.0,,93.0,294033.261046,300023.557366,300023.557249,3191.7399707340423,0.027280000000000002,294033.261046,30320.578960757844,89.54845415,64.41178838709678,21.116861576464792,0.30997565929980925,22,64,,False,False,Request timeout: 300.0s exceeded,208,21.16838264042747
95,2026-09-14T02:11:33.028+00:00,2026-09-14T02:16:26.793+00:00,2026-09-14T02:16:32.825+00:00,True,100,100.0,,100.0,293764.487805,299797.130877,299797.130876,2997.97130876,0.01583,293764.487805,29370.810327176856,90.181223,60.93578860606061,164.3393018103653,0.3335588960023362,22,64,,False,True,,388,21.16838264042747
96,2026-09-14T02:11:37.875+00:00,2026-09-14T02:16:32.923+00:00,2026-09-14T02:16:37.905+00:00,False,77,76.0,,76.0,295048.27687400003,300029.90401000006,300029.90398000006,3896.49225948052,0.024730000000000002,295048.27687400003,33616.40818417033,88.74148860000001,65.54772547368421,20.75811552133294,0.2533080835751189,22,64,,False,False,Request timeout: 300.0s exceeded,349,21.16838264042747
97,2026-09-14T02:11:43.077+00:00,2026-09-14T02:16:36.563+00:00,2026-09-14T02:16:43.156+00:00,False,100,99.0,,99.0,293486.25250400003,300078.72815200005,300078.72811200004,3000.7872811200004,0.0,293486.25250400003,29342.034982724665,87.6859614,66.59066311111111,63.86372875973576,0.3299134217532845,22,64,,False,False,Request timeout: 300.0s exceeded,483,21.16838264042747
98,2026-09-14T02:11:47.172+00:00,2026-09-14T02:16:40.637+00:00,2026-09-14T02:16:47.224+00:00,False,106,105.0,,105.0,293464.849474,300052.177218,300052.177142,2830.680916433962,0.0,293464.849474,28497.79887407176,89.4168935,62.736454704761904,61.83099964503946,0.34993913716451147,22,64,,False,False,Request timeout: 300.0s exceeded,648,21.16838264042747
99,2026-09-14T02:11:51.901+00:00,2026-09-14T02:16:45.107+00:00,2026-09-14T02:16:51.935+00:00,False,100,99.0,,99.0,293205.37727999996,300034.25279999996,300034.253017,3000.3425301699995,0.03173,293205.37727999996,29313.64689054429,89.740707,68.9785406060606,20.385654764800023,0.3299623262214414,22,64,,False,False,Request timeout: 300.0s exceeded,334,21.16838264042747
100,2026-09-14T02:11:56.328+00:00,2026-09-14T02:16:49.727+00:00,2026-09-14T02:16:56.388+00:00,False,97,96.0,,96.0,293398.494292,300059.557204,300059.55702400004,3093.3974950927836,0.10036,293398.494292,29783.065151809133,89.2417788,69.386072,19.986490296408366,0.31993648492500093,22,64,,False,False,Request timeout: 300.0s exceeded,395,21.16838264042747
101,2026-09-14T02:12:00.893+00:00,2026-09-14T02:16:54.817+00:00,2026-09-14T02:17:00.901+00:00,False,89,88.0,,88.0,293923.59588,300008.196968,300008.196932,3370.878617213483,0.01891,293923.59588,31148.516074961648,89.10591080000002,69.14319418181819,20.06180019363861,0.29332531873916234,22,64,,False,False,Request timeout: 300.0s exceeded,276,21.16838264042747
102,2026-09-14T02:12:06.408+00:00,2026-09-14T02:17:00.372+00:00,2026-09-14T02:17:06.466+00:00,False,88,87.0,,87.0,293963.68740600004,300058.16625400004,300058.16627700004,3409.751889511364,0.040659999999999995,293963.68740600004,31329.17362568994,89.7371352,70.05148101149425,20.71535362940321,0.2899437835208067,22,64,,False,False,Request timeout: 300.0s exceeded,424,21.16838264042747
103,2026-09-14T02:12:10.223+00:00,2026-09-14T02:17:04.274+00:00,2026-09-14T02:17:10.267+00:00,False,84,83.0,,83.0,294051.08993699995,300044.3568809999,300044.356941,3571.9566302499993,0.02054,294051.08993699995,32075.73126655226,88.3156805,72.20803546987952,19.027124189866786,0.2766257658127478,22,64,,False,False,Request timeout: 300.0s exceeded,442,21.16838264042747
104,2026-09-14T02:12:13.389+00:00,2026-09-14T02:17:07.533+00:00,2026-09-14T02:17:13.439+00:00,False,85,84.0,,84.0,294143.423172,300050.011076,300050.01103,3530.0001297647054,0.083599,294143.423172,31896.712726568727,87.3484054,70.31652266666667,19.513284228943828,0.2799533307756604,22,64,,False,False,Request timeout: 300.0s exceeded,402,21.16838264042747
105,2026-09-14T02:12:17.156+00:00,2026-09-14T02:17:11.239+00:00,2026-09-14T02:17:17.221+00:00,False,88,87.0,,87.0,294082.883066,300064.37273,300064.372846,3409.8224187045457,0.02225,294082.883066,31342.01790518062,90.03835335,68.7527547586207,19.995154822726704,0.28993778637720247,22,64,,False,False,Request timeout: 300.0s exceeded,400,21.16838264042747
106,2026-09-14T02:12:21.638+00:00,2026-09-14T02:17:15.381+00:00,2026-09-14T02:17:21.656+00:00,False,95,94.0,,94.0,293742.393467,300018.206587,300018.206723,3158.0863865578945,0.06026,293742.393467,30130.490842540457,90.3108775,66.76396936170212,20.652587411031064,0.31331431871865967,22,64,,False,False,Request timeout: 300.0s exceeded,434,21.16838264042747
107,2026-09-14T02:12:24.861+00:00,2026-09-14T02:17:18.501+00:00,2026-09-14T02:17:24.902+00:00,False,94,93.0,,93.0,293640.47910299996,300040.67187099997,300040.671927,3191.9220417765955,0.08807899999999999,293640.47910299996,30279.611676238146,90.27508545,68.81927707526881,20.62956521573918,0.3099579780969981,22,64,,False,False,Request timeout: 300.0s exceeded,306,21.16838264042747
108,2026-09-14T02:12:28.053+00:00,2026-09-14T02:17:21.789+00:00,2026-09-14T02:17:28.131+00:00,False,92,91.0,,91.0,293735.628423,300078.147207,300078.14731,3261.7189925,0.038299999999999994,293735.628423,30616.796314210784,89.24785495,69.69800861538461,20.229766995292014,0.3032543384014776,22,64,,False,False,Request timeout: 300.0s exceeded,421,21.16838264042747
109,2026-09-14T02:12:31.233+00:00,2026-09-14T02:17:25.077+00:00,2026-09-14T02:17:31.264+00:00,False,93,92.0,,92.0,293843.810296,300031.116024,300031.116187,3226.141034268817,0.02163,293843.810296,30463.21656989126,89.060162,67.25332313043478,20.326316817599572,0.3066348624742001,22,64,,False,False,Request timeout: 300.0s exceeded,384,21.16838264042747
110,2026-09-14T02:12:35.699+00:00,2026-09-14T02:17:29.555+00:00,2026-09-14T02:17:35.721+00:00,False,89,88.0,,88.0,293855.873412,300022.427012,300022.427084,3371.038506561798,0.02233,293855.873412,31141.238708170487,88.35970719999999,70.07447272727273,19.926982892241195,0.2933114063385677,22,64,,False,False,Request timeout: 300.0s exceeded,342,21.16838264042747
111,2026-09-14T02:12:40.287+00:00,2026-09-14T02:17:33.872+00:00,2026-09-14T02:17:40.322+00:00,False,100,99.0,,99.0,293584.451345,300034.644753,300034.644748,3000.3464474800003,0.0,293584.451345,29352.001222476112,88.65060495,65.15346876767677,65.08684050575332,0.32996189517214114,22,64,,False,False,Request timeout: 300.0s exceeded,324,21.16838264042747
112,2026-09-14T02:12:44.789+00:00,2026-09-14T02:17:38.837+00:00,2026-09-14T02:17:44.831+00:00,False,84,83.0,,83.0,294048.667494,300042.679654,300042.679661,3571.9366626309525,0.0246,294048.667494,32075.466159949014,90.28203785,72.21701397590361,19.337052506933013,0.27662731214010305,22,64,,False,False,Request timeout: 300.0s exceeded,324,21.16838264042747
113,2026-09-14T02:12:49.954+00:00,2026-09-14T02:17:43.866+00:00,2026-09-14T02:17:49.969+00:00,False,90,89.0,,89.0,293912.09691799997,300014.94338199997,300014.943306,3333.4993700666664,0.020649999999999998,293912.09691799997,30973.834009970866,90.903807,68.57130858426966,20.624149100071026,0.2966518900582862,22,64,,False,False,Request timeout: 300.0s exceeded,410,21.16838264042747
114,2026-09-14T02:12:54.158+00:00,2026-09-14T02:17:47.741+00:00,2026-09-14T02:17:54.166+00:00,False,99,98.0,,98.0,293583.296085,300008.295765,300008.29586099996,3030.386826878788,0.03497,293583.296085,29499.649777769933,90.5092027,65.5612212244898,21.114287554766463,0.32665763375011647,22,64,,False,False,Request timeout: 300.0s exceeded,498,21.16838264042747
115,2026-09-14T02:12:58.717+00:00,2026-09-14T02:17:53.599+00:00,2026-09-14T02:17:58.752+00:00,False,77,76.0,,76.0,294881.35556,300034.97988,300034.979903,3896.5581805584416,0.087,294881.35556,33597.1280931274,90.4659468,67.81084631578948,21.182057608991453,0.2533037982117834,22,64,,False,False,Request timeout: 300.0s exceeded,377,21.16838264042747
116,2026-09-14T02:13:02.372+00:00,2026-09-14T02:17:55.789+00:00,2026-09-14T02:18:02.385+00:00,False,101,100.0,,100.0,293416.824602,300013.048346,300013.048386,2970.4262216435645,0.02135,293416.824602,29189.508510733405,88.804322,65.96223744,19.917610297120635,0.3333188358016738,22,64,,False,False,Request timeout: 300.0s exceeded,467,21.16838264042747
117,2026-09-14T02:13:05.792+00:00,2026-09-14T02:17:59.571+00:00,2026-09-14T02:18:05.803+00:00,False,91,90.0,,90.0,293778.39907499996,300010.15766699996,300010.157799,3296.8149208681316,0.02252,293778.39907499996,30789.091960246456,88.584177,69.24176213333334,19.89859324680705,0.2999898426769157,22,64,,False,False,Request timeout: 300.0s exceeded,199,21.16838264042747
118,2026-09-14T02:13:10.276+00:00,2026-09-14T02:18:03.986+00:00,2026-09-14T02:18:10.345+00:00,False,93,92.0,,92.0,293709.71852,300068.63052,300068.630746,3226.5444166236557,0.03497,293709.71852,30449.11854320298,90.72857680000001,69.11860869565217,20.418210050539493,0.30659652706972335,22,64,,False,False,Request timeout: 300.0s exceeded,357,21.16838264042747
119,2026-09-14T02:13:14.956+00:00,2026-09-14T02:18:08.918+00:00,2026-09-14T02:18:14.974+00:00,False,91,90.0,,90.0,293962.483555,300018.183011,300018.183113,3296.903111131868,0.02984,293962.483555,30808.594595325776,89.68471000000001,67.28554951111111,20.325146399035226,0.2999818180910062,22,64,,False,False,Request timeout: 300.0s exceeded,131,21.16838264042747
120,2026-09-14T02:13:18.320+00:00,2026-09-14T02:18:11.974+00:00,2026-09-14T02:18:18.332+00:00,False,97,96.0,,96.0,293653.999492,300012.72896399995,300012.72881999996,3092.9147301030926,0.03936,293653.999492,29809.32815113586,89.9695192,66.23676533333334,20.898683002421098,0.3199864230144699,22,64,,False,False,Request timeout: 300.0s exceeded,489,21.16838264042747
121,2026-09-14T02:13:23.632+00:00,2026-09-14T02:18:17.516+00:00,2026-09-14T02:18:23.707+00:00,False,93,92.0,,92.0,293884.753792,300075.113344,300075.113386,3226.6141224301077,0.023719999999999998,293884.753792,30467.458799201257,88.5536908,67.28651686956522,20.370788153291677,0.30658990335707403,22,64,,False,False,Request timeout: 300.0s exceeded,310,21.16838264042747
122,2026-09-14T02:13:27.811+00:00,2026-09-14T02:18:21.355+00:00,2026-09-14T02:18:27.819+00:00,False,96,95.0,,95.0,293544.129997,300008.21575699997,300008.215781,3125.085581052083,0.034619,293544.129997,29952.784293897163,87.52352225,68.043008,19.978376813324797,0.31665799471621103,22,64,,False,False,Request timeout: 300.0s exceeded,499,21.16838264042747
123,2026-09-14T02:13:33.225+00:00,2026-09-14T02:18:26.775+00:00,2026-09-14T02:18:33.253+00:00,False,98,97.0,,97.0,293549.57159500004,300027.73325900006,300027.73333,3061.507482959184,0.0,293549.57159500004,29646.304709599044,92.87329890000001,66.78517179381444,63.05311513427093,0.3233034458060062,22,64,,False,False,Request timeout: 300.0s exceeded,472,21.16838264042747
124,2026-09-14T02:13:36.288+00:00,2026-09-14T02:18:29.583+00:00,2026-09-14T02:18:36.294+00:00,False,104,103.0,,103.0,293295.604765,300006.236701,300006.236889,2884.675354701923,0.0,293295.604765,28753.675941263413,93.84591629999998,65.15176636893204,61.13852415179932,0.3433261959239018,22,64,,False,False,Request timeout: 300.0s exceeded,478,21.16838264042747
125,2026-09-14T02:13:41.331+00:00,2026-09-14T02:18:35.469+00:00,2026-09-14T02:18:41.366+00:00,False,87,86.0,,86.0,294138.21722899994,300035.25658899994,300035.25658199994,3448.6811101379303,0.04014,294138.21722899994,31527.582036629374,90.60699629999999,68.57022511627906,20.47276364838093,0.286632980995984,22,64,,False,False,Request timeout: 300.0s exceeded,127,21.16838264042747
126,2026-09-14T02:13:44.620+00:00,2026-09-14T02:18:38.491+00:00,2026-09-14T02:18:44.718+00:00,False,96,95.0,,95.0,293870.78275,300098.328094,300098.328254,3126.0242526458333,0.03825,293870.78275,29986.37788043268,90.88254525,65.55310888421053,20.887245347331543,0.31656290990812547,22,64,,False,False,Request timeout: 300.0s exceeded,439,21.16838264042747
127,2026-09-14T02:13:47.750+00:00,2026-09-14T02:18:41.539+00:00,2026-09-14T02:18:47.783+00:00,False,98,97.0,,97.0,293788.827367,300033.088487,300033.088445,3061.5621269897956,0.03692,293788.827367,29670.65756299008,90.2768892,64.37382597938144,20.703532952581565,0.3232976752302534,22,64,,False,False,Request timeout: 300.0s exceeded,472,21.16838264042747
128,2026-09-14T02:13:52.353+00:00,2026-09-14T02:18:45.934+00:00,2026-09-14T02:18:52.385+00:00,False,98,97.0,,97.0,293580.954524,300031.917468,300031.917545,3061.550179030612,0.020730000000000002,293580.954524,29649.443832470726,88.2404122,66.5047726185567,20.4864212785899,0.3232989370550737,22,64,,False,False,Request timeout: 300.0s exceeded,472,21.16838264042747
129,2026-09-14T02:13:56.959+00:00,2026-09-14T02:18:50.651+00:00,2026-09-14T02:18:56.997+00:00,False,96,95.0,,95.0,293691.729916,300037.687292,300037.68718899996,3125.3925748854163,0.04125,293691.729916,29967.97523400001,87.72526399999998,66.7995513263158,19.48702968237619,0.3166268906330589,22,64,,False,False,Request timeout: 300.0s exceeded,432,21.16838264042747
130,2026-09-14T02:14:00.397+00:00,2026-09-14T02:18:53.967+00:00,2026-09-14T02:19:00.489+00:00,False,107,106.0,,106.0,293569.74208999996,300092.28160999995,300092.281759,2804.600764102803,0.016890000000000002,293569.74208999996,28375.055437341805,90.5128199,61.53339169811321,176.84946580240174,0.353224679526272,22,64,,False,False,Request timeout: 300.0s exceeded,515,21.16838264042747
131,2026-09-14T02:14:04.713+00:00,2026-09-14T02:18:59.482+00:00,2026-09-14T02:19:04.723+00:00,False,80,79.0,,79.0,294769.556696,300010.119128,300010.119037,3750.1264879624996,0.03558,294769.556696,32948.82923475466,91.456181,66.3362333164557,22.414353726698096,0.26332445128723964,22,64,,False,False,Request timeout: 300.0s exceeded,364,21.16838264042747
132,2026-09-14T02:14:08.780+00:00,2026-09-14T02:19:02.503+00:00,2026-09-14T02:19:08.820+00:00,False,96,95.0,,95.0,293722.572992,300039.95897599997,300039.95881499996,3125.41623765625,0.022510000000000002,293722.572992,29971.15443232415,89.63832575,66.49879983157895,20.391444515812033,0.3166244933648954,22,64,,False,False,Request timeout: 300.0s exceeded,518,21.16838264042747
133,2026-09-14T02:14:11.980+00:00,2026-09-14T02:19:05.720+00:00,2026-09-14T02:19:11.996+00:00,False,90,89.0,,89.0,293740.558422,300016.41787799995,300016.418113,3333.515756811111,0.039200000000000006,293740.558422,30955.546256545527,88.24079145,70.51527478651685,18.880813527563056,0.2966504320979906,22,64,,False,False,Request timeout: 300.0s exceeded,482,21.16838264042747
134,2026-09-14T02:14:16.589+00:00,2026-09-14T02:19:10.134+00:00,2026-09-14T02:19:16.651+00:00,False,92,91.0,,91.0,293544.86153500003,300062.36655900005,300062.36664500006,3261.547463532609,0.0445,293544.86153500003,30596.706596106003,90.6699141,71.62093432967032,19.575913206966348,0.30327028691919294,22,64,,False,False,Request timeout: 300.0s exceeded,393,21.16838264042747
135,2026-09-14T02:14:20.875+00:00,2026-09-14T02:19:14.630+00:00,2026-09-14T02:19:20.915+00:00,False,89,88.0,,88.0,293754.792268,300040.184396,300040.18450100004,3371.2380281011237,0.039240000000000004,293754.792268,31130.3810294239,90.8618374,71.42491054545455,19.998044332982253,0.29329404718621144,22,64,,False,False,Request timeout: 300.0s exceeded,394,21.16838264042747
136,2026-09-14T02:14:24.267+00:00,2026-09-14T02:19:18.131+00:00,2026-09-14T02:19:24.352+00:00,False,92,91.0,,91.0,293864.37234500004,300085.58348100004,300085.58358400007,3261.799821565218,0.01747,293864.37234500004,30630.357697803127,89.31672504999999,68.36495753846154,20.11403044515446,0.30324682360411254,22,64,,False,False,Request timeout: 300.0s exceeded,405,21.16838264042747
137,2026-09-14T02:14:28.394+00:00,2026-09-14T02:19:22.327+00:00,2026-09-14T02:19:28.421+00:00,False,100,99.0,,99.0,293933.506805,300027.703029,300027.703012,3000.2770301200003,0.0,293933.506805,29387.269541090358,91.00662375,61.55753761616162,66.55949910417137,0.32996952948185215,22,64,,False,False,Request timeout: 300.0s exceeded,329,21.16838264042747
138,2026-09-14T02:14:32.284+00:00,2026-09-14T02:19:26.798+00:00,2026-09-14T02:19:32.300+00:00,False,91,90.0,,90.0,294514.07184,300015.898912,300015.898728,3296.8780079999997,0.02359,294514.07184,30867.061774169957,87.9491145,61.13141191111111,20.168858925535282,0.29998410193054004,22,64,,False,False,Request timeout: 300.0s exceeded,282,21.16838264042747
139,2026-09-14T02:14:35.784+00:00,2026-09-14T02:19:29.495+00:00,2026-09-14T02:19:35.828+00:00,False,103,102.0,,102.0,293710.39735600003,300043.84964400006,300043.84956600005,2913.0470831650487,0.02588,293710.39735600003,28934.034019971292,88.2309212,62.09266949019608,19.95070876963123,0.33995031099961653,22,64,,False,False,Request timeout: 300.0s exceeded,149,21.16838264042747
140,2026-09-14T02:14:39.451+00:00,2026-09-14T02:19:33.302+00:00,2026-09-14T02:19:39.486+00:00,False,95,94.0,,94.0,293851.510737,300034.94881699997,300034.948758,3158.2626185052627,0.03996,293851.510737,30141.786337689457,88.61516540000001,65.78125617021277,19.86707212287025,0.3132968354874329,22,64,,False,False,Request timeout: 300.0s exceeded,355,21.16838264042747
141,2026-09-14T02:14:42.912+00:00,2026-09-14T02:19:36.465+00:00,2026-09-14T02:19:42.927+00:00,False,98,97.0,,97.0,293553.800676,300015.04765200004,300015.047466,3061.378035367347,0.03549,293553.800676,29646.689859075166,88.02612415,66.6107935670103,20.025440122962614,0.3233171161218365,22,64,,False,False,Request timeout: 300.0s exceeded,481,21.16838264042747
142,2026-09-14T02:14:47.682+00:00,2026-09-14T02:19:41.379+00:00,2026-09-14T02:19:47.753+00:00,False,99,98.0,,98.0,293696.63938300003,300070.57269500004,300070.57262000005,3031.0158850505054,0.038509999999999996,293696.63938300003,29511.092796353685,87.4905451,65.04013583673469,19.982803277037892,0.3265898389163601,22,64,,False,False,Request timeout: 300.0s exceeded,508,21.16838264042747
143,2026-09-14T02:14:52.248+00:00,2026-09-14T02:19:45.673+00:00,2026-09-14T02:19:52.276+00:00,False,103,102.0,,102.0,293425.450515,300027.88891499996,300027.88892999996,2912.8921255339806,0.03847,293425.450515,28905.69779939375,87.69136600000002,64.72978823529412,20.33099898540859,0.3399683955010507,22,64,,False,False,Request timeout: 300.0s exceeded,519,21.16838264042747
144,2026-09-14T02:14:57.082+00:00,2026-09-14T02:19:50.745+00:00,2026-09-14T02:19:57.122+00:00,False,92,91.0,,91.0,293663.606515,300040.44670699997,300040.44662,3261.309202391304,0.041799,293663.606515,30609.247615825938,87.78735710000001,70.07516694505495,19.328817573839128,0.3032924427314451,22,64,,False,False,Request timeout: 300.0s exceeded,434,21.16838264042747
145,2026-09-14T02:15:01.007+00:00,2026-09-14T02:19:54.796+00:00,2026-09-14T02:20:01.018+00:00,False,95,94.0,,94.0,293789.072563,300010.554291,300010.554412,3158.0058359157897,0.03821,293789.072563,30135.33873531556,87.47319070000002,66.18597582978724,19.776828266007698,0.31332231035053254,22,64,,False,False,Request timeout: 300.0s exceeded,439,21.16838264042747
146,2026-09-14T02:15:06.506+00:00,2026-09-14T02:20:00.722+00:00,2026-09-14T02:20:06.530+00:00,False,86,85.0,,85.0,294216.37994,300024.15389200003,300024.153852,3488.652951767442,0.02209,294216.37994,31718.806750915857,90.13181925,68.3267523764706,20.33739152329245,0.283310523160737,22,64,,False,False,Request timeout: 300.0s exceeded,407,21.16838264042747
147,2026-09-14T02:15:09.794+00:00,2026-09-14T02:20:03.441+00:00,2026-09-14T02:20:09.807+00:00,False,96,95.0,,95.0,293646.30544599995,300013.0249339999,300013.02494699997,3125.1356765312494,0.03953,293646.30544599995,29963.31768537313,89.69995075000001,67.0180998736842,20.797393932907895,0.3166529187221092,22,64,,False,False,Request timeout: 300.0s exceeded,388,21.16838264042747
148,2026-09-14T02:15:13.051+00:00,2026-09-14T02:20:06.953+00:00,2026-09-14T02:20:13.142+00:00,False,94,93.0,,93.0,293901.776608,300090.91888,300090.918944,3192.456584510638,0.02281,293901.776608,30306.7969118128,90.37210265,66.5499169032258,21.20855649523053,0.30990607895465416,22,64,,False,False,Request timeout: 300.0s exceeded,139,21.16838264042747
149,2026-09-14T02:15:17.416+00:00,2026-09-14T02:20:11.031+00:00,2026-09-14T02:20:17.427+00:00,False,93,92.0,,92.0,293615.483778,300011.012738,300011.012758,3225.9248683655915,0.040130000000000006,293615.483778,30439.305498368896,89.5310946,69.51661913043478,20.285214287526397,0.3066554096143921,22,64,,False,False,Request timeout: 300.0s exceeded,181,21.16838264042747
150,2026-09-14T02:15:21.450+00:00,2026-09-14T02:20:14.724+00:00,2026-09-14T02:20:21.498+00:00,False,98,97.0,,97.0,293274.673633,300048.281057,300048.281164,3061.717154734694,0.04374,293274.673633,29618.168811671163,88.82914290000001,69.83100437113403,20.507038993143862,0.32328130545621414,22,64,,False,False,Request timeout: 300.0s exceeded,129,21.16838264042747
151,2026-09-14T02:15:26.435+00:00,2026-09-14T02:20:20.303+00:00,2026-09-14T02:20:26.493+00:00,False,95,94.0,,94.0,293867.360002,300058.127362,300058.127394,3158.5066041473683,0.0,293867.360002,30143.47365120284,88.153958,65.85922723404255,67.91336326294247,0.31327263429393903,22,64,,False,False,Request timeout: 300.0s exceeded,138,21.16838264042747
152,2026-09-14T02:15:31.619+00:00,2026-09-14T02:20:25.294+00:00,2026-09-14T02:20:31.675+00:00,False,96,95.0,,95.0,293675.61908,300055.9314,300055.93146199995,3125.5826193958333,0.02917,293675.61908,29966.29400064732,88.2127935,67.16118231578947,19.45685613553935,0.31660763897167205,22,64,,False,False,Request timeout: 300.0s exceeded,461,21.16838264042747
153,2026-09-14T02:15:35.041+00:00,2026-09-14T02:20:28.458+00:00,2026-09-14T02:20:35.081+00:00,False,96,95.0,,95.0,293417.43342,300040.061516,300040.06149,3125.4173071875002,0.02376,293417.43342,29939.68308878639,89.96654725,69.71187469473684,20.03159316725002,0.3166243851570934,22,64,,False,False,Request timeout: 300.0s exceeded,596,21.16838264042747
154,2026-09-14T02:15:38.408+00:00,2026-09-14T02:20:31.677+00:00,2026-09-14T02:20:38.496+00:00,False,94,93.0,,93.0,293268.865204,300087.75237199996,300087.75259999995,3192.4228999999996,0.02409,293268.865204,30240.81716871662,90.11556445000001,73.32136739784946,18.906855351064422,0.3099093490650486,22,64,,False,False,Request timeout: 300.0s exceeded,434,21.16838264042747
155,2026-09-14T02:15:42.344+00:00,2026-09-14T02:20:35.857+00:00,2026-09-14T02:20:42.360+00:00,False,90,89.0,,89.0,293512.7047,300016.112572,300016.112522,3333.5123613555556,0.03546,293512.7047,30931.258825068613,88.89692699999999,73.07199856179776,18.809822152553636,0.29665073397896635,22,64,,False,False,Request timeout: 300.0s exceeded,302,21.16838264042747
156,2026-09-14T02:15:45.333+00:00,2026-09-14T02:20:38.751+00:00,2026-09-14T02:20:45.349+00:00,False,96,95.0,,95.0,293418.893511,300016.068551,300016.068635,3125.167381614583,0.021,293418.893511,29939.85932102265,87.43704974999999,69.44394778947368,19.830139602515604,0.3166497063268158,22,64,,False,False,Request timeout: 300.0s exceeded,218,21.16838264042747
157,2026-09-14T02:15:49.633+00:00,2026-09-14T02:20:43.656+00:00,2026-09-14T02:20:49.682+00:00,False,88,87.0,,87.0,294023.134951,300048.925415,300048.925282,3409.6468782045454,0.02188,294023.134951,31335.59465689025,89.0088335,69.26195935632184,20.312800477213848,0.28995271314393023,22,64,,False,False,Request timeout: 300.0s exceeded,410,21.16838264042747
158,2026-09-14T02:15:53.288+00:00,2026-09-14T02:20:47.254+00:00,2026-09-14T02:20:53.298+00:00,False,91,90.0,,90.0,293965.447609,300009.552825,300009.552671,3296.8082711098905,0.038689999999999995,293965.447609,30808.91952686207,89.788965,67.15672462222221,21.385030161614765,0.2999904474791785,22,64,,False,False,Request timeout: 300.0s exceeded,390,21.16838264042747
159,2026-09-14T02:15:56.579+00:00,2026-09-14T02:20:50.244+00:00,2026-09-14T02:20:56.599+00:00,False,97,96.0,,96.0,293664.735898,300019.61257,300019.61245300004,3092.985695391753,0.03445,293664.735898,29810.42177546902,88.73151060000001,66.196632,20.064526276735883,0.3199790812928987,22,64,,False,False,Request timeout: 300.0s exceeded,174,21.16838264042747
160,2026-09-14T02:16:00.676+00:00,2026-09-14T02:20:54.364+00:00,2026-09-14T02:21:00.709+00:00,False,92,91.0,,91.0,293687.415156,300032.51826,300032.518302,3261.223025021739,0.022269999999999998,293687.415156,30611.766280890122,88.9592146,69.72640773626374,19.460703561686284,0.30330045732290223,22,64,,False,False,Request timeout: 300.0s exceeded,405,21.16838264042747
161,2026-09-14T02:16:04.248+00:00,2026-09-14T02:20:57.971+00:00,2026-09-14T02:21:04.309+00:00,False,93,92.0,,92.0,293722.645278,300060.41346999997,300060.413518,3226.456059333333,0.02543,293722.645278,30450.48253857648,88.47098479999998,68.88878469565218,19.993871846260678,0.30660492310891974,22,64,,False,False,Request timeout: 300.0s exceeded,386,21.16838264042747
162,2026-09-14T02:16:07.610+00:00,2026-09-14T02:21:01.633+00:00,2026-09-14T02:21:07.674+00:00,False,88,87.0,,87.0,294023.155477,300064.624661,300064.624874,3409.825282659091,0.0228,294023.155477,31335.577253165797,89.1717435,69.44217452873563,19.71026248922734,0.2899375429485859,22,64,,False,False,Request timeout: 300.0s exceeded,355,21.16838264042747
163,2026-09-14T02:16:12.914+00:00,2026-09-14T02:21:06.651+00:00,2026-09-14T02:21:12.934+00:00,False,91,90.0,,90.0,293736.250464,300019.344736,300019.344771,3296.9158766043956,0.02072,293736.250464,30784.614069069874,90.536394,69.81215857777778,20.326631003151125,0.2999806565113156,22,64,,False,False,Request timeout: 300.0s exceeded,351,21.16838264042747
164,2026-09-14T02:16:16.498+00:00,2026-09-14T02:21:10.501+00:00,2026-09-14T02:21:16.534+00:00,False,87,86.0,,86.0,294003.12315600005,300036.02965200006,300036.0295700001,3448.6899950574716,0.019969999999999998,294003.12315600005,31512.928680602166,89.13235329999999,70.15007553488373,19.877709296041097,0.2866322424668397,22,64,,False,False,Request timeout: 300.0s exceeded,475,21.16838264042747
165,2026-09-14T02:16:19.513+00:00,2026-09-14T02:21:13.275+00:00,2026-09-14T02:21:19.538+00:00,False,100,99.0,,99.0,293761.57099800004,300024.46507800004,300024.46494900004,3000.2446494900005,0.0,293761.57099800004,29369.90599313506,88.16832199999999,63.261556363636366,66.73329558861475,0.3299730906086678,22,64,,False,False,Request timeout: 300.0s exceeded,499,21.16838264042747
166,2026-09-14T02:16:22.995+00:00,2026-09-14T02:21:17.394+00:00,2026-09-14T02:21:23.078+00:00,False,89,88.0,,88.0,294399.014555,300082.110107,300082.11015,3371.709102808989,0.038810000000000004,294399.014555,31199.394005345064,90.390671,64.58063127272727,20.111192165814618,0.29325306986351807,22,64,,False,False,Request timeout: 300.0s exceeded,366,21.16838264042747
167,2026-09-14T02:16:27.478+00:00,2026-09-14T02:21:21.118+00:00,2026-09-14T02:21:27.505+00:00,False,94,93.0,,93.0,293640.29575700004,300026.55367700005,300026.55361500004,3191.7718469680854,0.03675,293640.29575700004,30279.607227208693,85.3996485,68.66944,19.09948865269336,0.3099725636288884,22,64,,False,False,Request timeout: 300.0s exceeded,572,21.16838264042747
168,2026-09-14T02:16:32.742+00:00,2026-09-14T02:21:25.553+00:00,2026-09-14T02:21:32.856+00:00,False,109,108.0,,108.0,292811.357429,300114.37157300004,300114.37159000005,2753.3428586238533,0.0221,292811.357429,28039.771762390195,89.46023339999999,67.62050133333332,20.126114458172804,0.3598628064158867,22,64,,False,False,Request timeout: 300.0s exceeded,486,21.16838264042747
169,2026-09-14T02:16:35.841+00:00,2026-09-14T02:21:29.719+00:00,2026-09-14T02:21:35.905+00:00,False,95,94.0,,94.0,293877.92206699995,300063.86638699996,300063.8663599999,3158.567014315789,0.02732,293877.92206699995,30144.49442418291,89.87868270000001,65.80791829787235,21.45570917744206,0.3132666426378904,22,64,,False,False,Request timeout: 300.0s exceeded,429,21.16838264042747
170,2026-09-14T02:16:40.452+00:00,2026-09-14T02:21:34.166+00:00,2026-09-14T02:21:40.504+00:00,False,94,93.0,,93.0,293713.749782,300052.60264600004,300052.60259100003,3192.048963734043,0.03689,293713.749782,30287.23593385611,86.32683365000001,68.15970821505377,18.98553974495299,0.3099456534617057,22,64,,False,False,Request timeout: 300.0s exceeded,359,21.16838264042747
171,2026-09-14T02:16:44.601+00:00,2026-09-14T02:21:38.210+00:00,2026-09-14T02:21:46.316+00:00,False,95,94.0,,94.0,293608.97539,301715.513374,301715.513315,3175.952771736842,0.04084,293608.97539,30115.488785272235,90.01133109999999,86.23976578723403,205.1795372703952,0.3115517626151349,22,64,,False,False,Request timeout: 300.0s exceeded,460,21.16838264042747
172,2026-09-14T02:16:49.338+00:00,2026-09-14T02:21:42.548+00:00,2026-09-14T02:21:49.404+00:00,False,115,114.0,,114.0,293210.596931,300065.728579,300065.7284,2609.267203478261,0.01498,293210.596931,27337.12214427387,88.96897440000001,60.13273375438596,196.55137775027788,0.3799167620369768,22,64,,False,False,Request timeout: 300.0s exceeded,501,21.16838264042747
173,2026-09-14T02:16:53.254+00:00,2026-09-14T02:21:47.625+00:00,2026-09-14T02:21:53.321+00:00,False,87,86.0,,86.0,294370.898836,300067.475348,300067.475311,3449.051440356322,0.03528,294370.898836,31552.77742694454,88.5044983,66.23926176744186,19.5200700433868,0.28660220472166276,22,64,,False,False,Request timeout: 300.0s exceeded,316,21.16838264042747
174,2026-09-14T02:16:57.616+00:00,2026-09-14T02:21:51.369+00:00,2026-09-14T02:21:57.642+00:00,False,93,92.0,,92.0,293753.504936,300026.50794399995,300026.507895,3226.091482741935,0.04093,293753.504936,30453.755292224923,87.4875116,68.18481530434782,19.618497044214223,0.30663957205131964,22,64,,False,False,Request timeout: 300.0s exceeded,388,21.16838264042747
175,2026-09-14T02:17:02.207+00:00,2026-09-14T02:21:55.997+00:00,2026-09-14T02:22:02.281+00:00,False,93,92.0,,92.0,293790.75341500004,300074.563719,300074.56393100007,3226.6082143118283,0.02118,293790.75341500004,30457.605815219737,88.36533519999999,68.30228591304349,19.957578216180163,0.3065904649157531,22,64,,False,False,Request timeout: 300.0s exceeded,438,21.16838264042747
176,2026-09-14T02:17:05.592+00:00,2026-09-14T02:21:59.293+00:00,2026-09-14T02:22:05.611+00:00,False,97,96.0,,96.0,293701.07946,300018.317988,300018.31801499997,3092.972350670103,0.03685,293701.07946,29814.15185939163,88.3695136,65.804568,20.284385312403618,0.31998046200578917,22,64,,False,False,Request timeout: 300.0s exceeded,489,21.16838264042747
177,2026-09-14T02:17:10.919+00:00,2026-09-14T02:22:04.741+00:00,2026-09-14T02:22:10.978+00:00,False,95,94.0,,94.0,293821.279537,300058.126897,300058.126753,3158.5065974,0.039380000000000005,293821.279537,30138.626866719012,89.60560600000001,66.34944,20.58747075214365,0.3132726347794175,22,64,,False,False,Request timeout: 300.0s exceeded,454,21.16838264042747
178,2026-09-14T02:17:14.267+00:00,2026-09-14T02:22:08.006+00:00,2026-09-14T02:22:14.298+00:00,False,103,102.0,,102.0,293738.81484500004,300030.9423330001,300030.942273,2912.9217696407773,0.0,293738.81484500004,28936.94245930289,89.28940309999999,61.68752439215686,66.32787082409949,0.339964935639177,22,64,,False,False,Request timeout: 300.0s exceeded,434,21.16838264042747
179,2026-09-14T02:17:17.672+00:00,2026-09-14T02:22:11.234+00:00,2026-09-14T02:22:17.748+00:00,False,103,102.0,,102.0,293561.765393,300076.060689,300076.060933,2913.359814883495,0.0,293561.765393,28919.28245267975,88.7671872,63.865640156862746,66.22417049549388,0.3399138197355676,22,64,,False,False,Request timeout: 300.0s exceeded,491,21.16838264042747
180,2026-09-14T02:17:20.883+00:00,2026-09-14T02:22:14.377+00:00,2026-09-14T02:22:20.926+00:00,False,96,95.0,,95.0,293494.554939,300043.159099,300043.159086,3125.4495738125,0.02032,293494.554939,29947.633541293966,88.85994499999998,68.93267536842104,19.64331730433162,0.3166211163929737,22,64,,False,False,Request timeout: 300.0s exceeded,440,21.16838264042747
181,2026-09-14T02:17:26.212+00:00,2026-09-14T02:22:19.821+00:00,2026-09-14T02:22:26.220+00:00,False,97,96.0,,96.0,293608.809258,300007.623466,300007.623461,3092.8620975360823,0.02296,293608.809258,29804.696872110664,89.572911,66.65431466666666,20.148514107562857,0.31999186850956707,22,64,,False,False,Request timeout: 300.0s exceeded,471,21.16838264042747
182,2026-09-14T02:17:31.508+00:00,2026-09-14T02:22:25.025+00:00,2026-09-14T02:22:31.592+00:00,False,98,97.0,,97.0,293516.67673799995,300083.83526599995,300083.83530499996,3062.0799520918363,0.039149,293516.67673799995,29642.829457293796,88.59015449999998,67.70266523711341,19.991466445652165,0.32324300278959506,22,64,,False,False,Request timeout: 300.0s exceeded,471,21.16838264042747
183,2026-09-14T02:17:34.716+00:00,2026-09-14T02:22:28.197+00:00,2026-09-14T02:22:34.740+00:00,False,94,93.0,,93.0,293480.347031,300023.604631,300023.604858,3191.740477212766,0.04778,293480.347031,30262.93664101088,89.83696680000001,70.35760860215055,20.614781288686665,0.3099756104669864,22,64,,False,False,Request timeout: 300.0s exceeded,411,21.16838264042747
184,2026-09-14T02:17:38.811+00:00,2026-09-14T02:22:32.659+00:00,2026-09-14T02:22:38.817+00:00,False,91,90.0,,90.0,293848.61025,300006.73837800004,300006.738391,3296.777344956044,0.03864,293848.61025,30796.538889954823,90.863448,68.42364586666666,21.462023708547193,0.29999326177334906,22,64,,False,False,Request timeout: 300.0s exceeded,440,21.16838264042747
185,2026-09-14T02:17:43.575+00:00,2026-09-14T02:22:37.136+00:00,2026-09-14T02:22:43.605+00:00,False,94,93.0,,93.0,293561.334334,300030.184766,300030.18489000003,3191.8104775531915,0.02257,293561.334334,30271.373026788307,92.6959665,69.55753152688172,21.577136444945356,0.3099688122131201,22,64,,False,False,Request timeout: 300.0s exceeded,451,21.16838264042747
186,2026-09-14T02:17:46.988+00:00,2026-09-14T02:22:40.862+00:00,2026-09-14T02:22:47.017+00:00,False,91,90.0,,90.0,293874.25295,300029.169558,300029.169429,3297.0238398791207,0.037149999999999996,293874.25295,30799.230082090387,90.54567449999999,68.38796231111111,20.522268187550846,0.29997083327793467,22,64,,False,False,Request timeout: 300.0s exceeded,390,21.16838264042747
187,2026-09-14T02:17:52.107+00:00,2026-09-14T02:22:45.528+00:00,2026-09-14T02:22:52.176+00:00,False,98,97.0,,97.0,293420.65406699997,300068.37579499994,300068.37577499996,3061.922201785714,0.04111,293420.65406699997,29633.04509076145,87.2015735,68.53321369072165,18.888396315164645,0.3232596562133833,22,64,,False,False,Request timeout: 300.0s exceeded,365,21.16838264042747
188,2026-09-14T02:17:56.871+00:00,2026-09-14T02:22:50.680+00:00,2026-09-14T02:22:56.949+00:00,False,96,95.0,,95.0,293808.973047,300078.006263,300078.006304,3125.8125656666666,0.048479,293808.973047,29980.0244479103,88.84972524999999,65.98982332631579,20.245214087745246,0.31658434812692776,22,64,,False,False,Request timeout: 300.0s exceeded,219,21.16838264042747
189,2026-09-14T02:18:01.550+00:00,2026-09-14T02:22:55.332+00:00,2026-09-14T02:23:01.584+00:00,False,92,91.0,,91.0,293782.139342,300034.574798,300034.574765,3261.2453778804347,0.039119999999999995,293782.139342,30621.749051181792,91.72298405000001,68.70808193406594,20.881088194102627,0.30329837839944374,22,64,,False,False,Request timeout: 300.0s exceeded,526,21.16838264042747
190,2026-09-14T02:18:05.026+00:00,2026-09-14T02:22:58.788+00:00,2026-09-14T02:23:05.067+00:00,False,92,91.0,,91.0,293761.66268,300040.227032,300040.227007,3261.3068152934784,0.046340000000000006,293761.66268,30619.583699583738,88.98631959999999,68.99521265934067,20.007207631551136,0.30329266478756073,22,64,,False,False,Request timeout: 300.0s exceeded,480,21.16838264042747
191,2026-09-14T02:18:08.324+00:00,2026-09-14T02:23:02.271+00:00,2026-09-14T02:23:08.356+00:00,False,96,95.0,,95.0,293947.186505,300031.726409,300031.726463,3125.330483989583,0.0,293947.186505,29994.399027127,88.46299325,64.04778846315789,68.2283742976286,0.3166331812206321,22,64,,False,False,Request timeout: 300.0s exceeded,387,21.16838264042747
192,2026-09-14T02:18:12.355+00:00,2026-09-14T02:23:06.665+00:00,2026-09-14T02:23:12.429+00:00,False,88,87.0,,87.0,294310.32463700004,300074.19433300005,300074.194521,3409.9340286477277,0.052899999999999996,294310.32463700004,31366.53003946457,89.13106785,66.25137581609195,20.21370175709245,0.2899282965447334,22,64,,False,False,Request timeout: 300.0s exceeded,547,21.16838264042747
193,2026-09-14T02:18:17.167+00:00,2026-09-14T02:23:10.430+00:00,2026-09-14T02:23:17.217+00:00,False,96,95.0,,95.0,293262.735438,300049.57243,300049.572292,3125.5163780416665,0.04349,293262.735438,29923.717509334387,90.65914875,71.4403893894737,19.4639568802684,0.3166143488578475,22,64,,False,False,Request timeout: 300.0s exceeded,355,21.16838264042747
194,2026-09-14T02:18:20.560+00:00,2026-09-14T02:23:14.128+00:00,2026-09-14T02:23:20.575+00:00,False,92,91.0,,91.0,293568.33642799995,300014.97143599996,300014.97141999996,3261.0322980434776,0.02922,293568.33642799995,30599.23573463293,90.76197,70.84214294505495,20.377441574900327,0.30331819630345475,22,64,,False,False,Request timeout: 300.0s exceeded,480,21.16838264042747
195,2026-09-14T02:18:24.034+00:00,2026-09-14T02:23:17.607+00:00,2026-09-14T02:23:24.086+00:00,False,98,97.0,,97.0,293572.57871499995,300052.12354699994,300052.12344799994,3061.756361714285,0.02447,293572.57871499995,29648.568150751773,88.76843825,66.79943125773195,20.729723169492836,0.3232771654915683,22,64,,False,False,Request timeout: 300.0s exceeded,240,21.16838264042747
196,2026-09-14T02:18:29.336+00:00,2026-09-14T02:23:22.692+00:00,2026-09-14T02:23:29.420+00:00,False,100,99.0,,99.0,293355.527214,300083.941166,300083.94121,3000.8394121,0.069839,293355.527214,29328.763519101285,90.3942695,67.9637772929293,20.620163852203426,0.32990769054594404,22,64,,False,False,Request timeout: 300.0s exceeded,464,21.16838264042747
197,2026-09-14T02:18:34.687+00:00,2026-09-14T02:23:28.011+00:00,2026-09-14T02:23:34.698+00:00,False,104,103.0,,103.0,293323.942257,300010.95128100005,300010.95127200003,2884.7206853076923,0.03841,293323.942257,28756.420726828517,90.97299215000001,64.92241770873787,21.479534886001996,0.3433208006581295,22,64,,False,False,Request timeout: 300.0s exceeded,495,21.16838264042747
198,2026-09-14T02:18:38.745+00:00,2026-09-14T02:23:32.151+00:00,2026-09-14T02:23:38.821+00:00,False,97,96.0,,96.0,293405.504801,300075.681569,300075.681532,3093.5637271340206,0.0214,293405.504801,29783.76758121658,90.8926338,69.481008,20.373737088910648,0.31991929335308555,22,64,,False,False,Request timeout: 300.0s exceeded,327,21.16838264042747
199,2026-09-14T02:18:43.923+00:00,2026-09-14T02:23:37.499+00:00,2026-09-14T02:23:44.006+00:00,False,97,96.0,,96.0,293576.38687,300083.084086,300083.08397599997,3093.6400409896905,0.037840000000000006,293576.38687,29801.29017034539,87.9040638,67.778096,19.22265973019562,0.3199114015120147,22,64,,False,False,Request timeout: 300.0s exceeded,485,21.16838264042747
200,2026-09-14T02:18:49.369+00:00,2026-09-14T02:23:43.221+00:00,2026-09-14T02:23:49.378+00:00,False,93,92.0,,92.0,293852.02926700003,300009.153875,300009.153782,3225.9048793763445,0.02307,293852.02926700003,30464.10187681727,84.841031,66.92526747826086,18.785156200227,0.3066573096577318,22,64,,False,False,Request timeout: 300.0s exceeded,346,21.16838264042747
201,2026-09-14T02:18:52.850+00:00,2026-09-14T02:23:46.600+00:00,2026-09-14T02:23:52.869+00:00,False,93,92.0,,92.0,293749.76011900004,300019.174263,300019.174126,3226.0126250107533,0.02067,293749.76011900004,30453.371446767025,88.89959460000001,68.14580591304349,20.280157872766814,0.3066470675615946,22,64,,False,False,Request timeout: 300.0s exceeded,491,21.16838264042747
202,2026-09-14T02:18:56.571+00:00,2026-09-14T02:23:50.154+00:00,2026-09-14T02:23:56.590+00:00,False,94,93.0,,93.0,293582.770539,300019.175531,300019.175403,3191.693355351064,0.02496,293582.770539,30273.61921655762,90.13012044999999,69.20865582795699,20.4567254311834,0.309980186551078,22,64,,False,False,Request timeout: 300.0s exceeded,475,21.16838264042747
203,2026-09-14T02:19:01.785+00:00,2026-09-14T02:23:55.623+00:00,2026-09-14T02:24:01.798+00:00,True,102,102.0,,102.0,293837.299182,300012.680686,300012.68069,2941.3007910784313,0.0,293837.299182,29088.248766159046,92.4800547,61.14239112871287,66.28811653292722,0.33998562916330693,22,64,,False,True,,428,21.16838264042747
204,2026-09-14T02:19:06.151+00:00,2026-09-14T02:24:00.570+00:00,2026-09-14T02:24:06.206+00:00,False,88,87.0,,87.0,294419.55726200005,300055.14612600004,300055.14611200005,3409.717569454546,0.0,294419.55726200005,31378.403849570976,92.22030084999999,64.77688349425287,70.74340750464796,0.2899467018754836,22,64,,False,False,Request timeout: 300.0s exceeded,449,21.16838264042747
205,2026-09-14T02:19:10.820+00:00,2026-09-14T02:24:04.617+00:00,2026-09-14T02:24:10.844+00:00,False,96,95.0,,95.0,293797.16686799994,300024.32693199994,300024.32710699993,3125.253407364583,0.02364,293797.16686799994,29978.864046955165,87.49485225000001,65.54905330526316,19.60061541288874,0.3166409903205336,22,64,,False,False,Request timeout: 300.0s exceeded,372,21.16838264042747
206,2026-09-14T02:19:15.063+00:00,2026-09-14T02:24:09.129+00:00,2026-09-14T02:24:15.073+00:00,False,87,86.0,,86.0,294066.26425,300010.698682,300010.698717,3448.3988358275865,0.033710000000000004,294066.26425,31519.808305136383,87.8624747,69.12133060465116,19.712050315447755,0.28665644384621347,22,64,,False,False,Request timeout: 300.0s exceeded,328,21.16838264042747
207,2026-09-14T02:19:18.876+00:00,2026-09-14T02:24:12.740+00:00,2026-09-14T02:24:18.908+00:00,False,92,91.0,,91.0,293864.83585399995,300032.02894199995,300032.02882099996,3261.2177045760864,0.0229,293864.83585399995,30630.46824917146,88.27546254999999,67.77135261538461,20.629981700386544,0.30330095197133594,22,64,,False,False,Request timeout: 300.0s exceeded,297,21.16838264042747
208,2026-09-14T02:19:24.141+00:00,2026-09-14T02:24:17.930+00:00,2026-09-14T02:24:24.203+00:00,False,92,91.0,,91.0,293788.97311699996,300061.38758099993,300061.38758099993,3261.5368215326084,0.023940000000000003,293788.97311699996,30622.438042523758,87.8059621,68.92763147252748,19.98842388688695,0.3032712763665237,22,64,,False,False,Request timeout: 300.0s exceeded,503,21.16838264042747
209,2026-09-14T02:19:28.537+00:00,2026-09-14T02:24:22.116+00:00,2026-09-14T02:24:28.546+00:00,False,96,95.0,,95.0,293578.912741,300009.653989,300009.654061,3125.100563135417,0.038259999999999995,293578.912741,29956.370205182353,88.50213049999998,67.6920131368421,20.114164081649406,0.31665647667285807,22,64,,False,False,Request timeout: 300.0s exceeded,409,21.16838264042747
210,2026-09-14T02:19:32.954+00:00,2026-09-14T02:24:26.604+00:00,2026-09-14T02:24:32.989+00:00,False,98,97.0,,97.0,293649.588053,300035.240277,300035.240239,3061.5840840714286,0.0359,293649.588053,29656.444305280744,87.876062,65.83146622680412,19.630011447339193,0.32329535660693454,22,64,,False,False,Request timeout: 300.0s exceeded,414,21.16838264042747
211,2026-09-14T02:19:36.415+00:00,2026-09-14T02:24:30.097+00:00,2026-09-14T02:24:36.460+00:00,False,93,92.0,,92.0,293682.80219099997,300045.358095,300045.358105,3226.2941731720425,0.02426,293682.80219099997,30446.32272891503,87.83850439999998,69.1582163478261,19.469439710698904,0.30662030762319303,22,64,,False,False,Request timeout: 300.0s exceeded,462,21.16838264042747
212,2026-09-14T02:19:39.467+00:00,2026-09-14T02:24:33.066+00:00,2026-09-14T02:24:39.509+00:00,False,94,93.0,,93.0,293599.200631,300042.12594299996,300042.126145,3191.9375121808507,0.040659999999999995,293599.200631,30275.30612317636,88.331474,69.27876679569893,19.700961769093812,0.309956475970536,22,64,,False,False,Request timeout: 300.0s exceeded,461,21.16838264042747
213,2026-09-14T02:19:44.331+00:00,2026-09-14T02:24:37.799+00:00,2026-09-14T02:24:44.413+00:00,False,93,92.0,,92.0,293468.00308099994,300081.52602499997,300081.52600499993,3226.68307532258,0.02156,293468.00308099994,30423.766296847476,89.97975600000001,71.88611895652174,19.56993841196451,0.3065833515933781,22,64,,False,False,Request timeout: 300.0s exceeded,355,21.16838264042747
214,2026-09-14T02:19:48.678+00:00,2026-09-14T02:24:42.258+00:00,2026-09-14T02:24:48.746+00:00,False,109,108.0,,108.0,293579.580456,300067.524136,300067.524225,2752.9130662844036,0.01507,293579.580456,28114.847443804952,91.16022219999999,60.07355259259259,210.0700127108005,0.3599189892707316,22,64,,False,False,Request timeout: 300.0s exceeded,562,21.16838264042747
215,2026-09-14T02:19:53.255+00:00,2026-09-14T02:24:47.826+00:00,2026-09-14T02:24:53.289+00:00,False,81,80.0,,80.0,294571.78144199995,300034.4758419999,300034.47587599995,3704.1293318024686,0.05255,294571.78144199995,32722.618111094744,92.12278599999999,68.28368,21.91796417044603,0.2666360249951026,22,64,,False,False,Request timeout: 300.0s exceeded,358,21.16838264042747
216,2026-09-14T02:19:57.209+00:00,2026-09-14T02:24:50.800+00:00,2026-09-14T02:24:57.240+00:00,False,97,96.0,,96.0,293591.251551,300031.920479,300031.92035,3093.112580927835,0.0,293591.251551,29802.94014191565,88.730088,67.09030133333333,68.09897001561357,0.31996595511149717,22,64,,False,False,Request timeout: 300.0s exceeded,453,21.16838264042747
217,2026-09-14T02:20:02.402+00:00,2026-09-14T02:24:55.927+00:00,2026-09-14T02:25:02.426+00:00,False,102,101.0,,101.0,293525.262705,300023.970417,300023.970402,2941.411474529412,0.0,293525.262705,29057.037369593436,84.92725854999999,64.34364071287129,67.0405133641378,0.33663976868121975,22,64,,False,False,Request timeout: 300.0s exceeded,622,21.16838264042747
218,2026-09-14T02:20:05.717+00:00,2026-09-14T02:24:59.251+00:00,2026-09-14T02:25:05.756+00:00,False,98,97.0,,97.0,293533.53805000003,300038.81779400003,300038.81787300005,3061.6205905408165,0.02562,293533.53805000003,29644.597019875815,87.25620035,67.06473962886598,19.800406715665414,0.32329150179027183,22,64,,False,False,Request timeout: 300.0s exceeded,474,21.16838264042747
219,2026-09-14T02:20:10.852+00:00,2026-09-14T02:25:04.438+00:00,2026-09-14T02:25:10.915+00:00,False,96,95.0,,95.0,293585.680284,300063.102876,300063.102716,3125.6573199583336,0.040479999999999995,293585.680284,29957.010596108357,88.23316374999999,68.18339570526315,19.86101046134918,0.3166000720830325,22,64,,False,False,Request timeout: 300.0s exceeded,400,21.16838264042747
220,2026-09-14T02:20:15.878+00:00,2026-09-14T02:25:09.460+00:00,2026-09-14T02:25:15.886+00:00,False,93,92.0,,92.0,293581.84222500003,300007.950641,300007.95065500005,3225.891942526882,0.020059999999999998,293581.84222500003,30435.782381913647,88.91345559999999,69.84900452173912,20.00426702651168,0.3066585395601413,22,64,,False,False,Request timeout: 300.0s exceeded,307,21.16838264042747
221,2026-09-14T02:20:20.126+00:00,2026-09-14T02:25:13.896+00:00,2026-09-14T02:25:20.199+00:00,False,94,93.0,,93.0,293769.936051,300073.03877100005,300073.03867000004,3192.2663688297876,0.018260000000000002,293769.936051,30293.071715090005,89.37611150000001,67.77529806451612,20.478913679011846,0.3099245449737746,22,64,,False,False,Request timeout: 300.0s exceeded,267,21.16838264042747
222,2026-09-14T02:20:23.339+00:00,2026-09-14T02:25:17.201+00:00,2026-09-14T02:25:23.381+00:00,False,93,92.0,,92.0,293862.417419,300041.978379,300041.978388,3226.2578321290325,0.020929,293862.417419,30465.155036868535,89.30372759999999,67.16914086956523,20.730153499437524,0.3066237614384398,22,64,,False,False,Request timeout: 300.0s exceeded,425,21.16838264042747
223,2026-09-14T02:20:28.781+00:00,2026-09-14T02:25:22.473+00:00,2026-09-14T02:25:28.808+00:00,False,94,93.0,,93.0,293692.076862,300026.37395,300026.373876,3191.7699348510637,0.04398,293692.076862,30285.006836164786,89.899609,68.11072137634409,20.88996628618763,0.30997274931402746,22,64,,False,False,Request timeout: 300.0s exceeded,582,21.16838264042747
224,2026-09-14T02:20:32.230+00:00,2026-09-14T02:25:26.025+00:00,2026-09-14T02:25:32.276+00:00,False,90,89.0,,89.0,293794.938257,300046.262929,300046.262878,3333.847365311111,0.02199,293794.938257,30961.308977293298,92.9974915,70.23960305617977,21.26035381611871,0.29662092482404984,22,64,,False,False,Request timeout: 300.0s exceeded,415,21.16838264042747
225,2026-09-14T02:20:36.386+00:00,2026-09-14T02:25:30.231+00:00,2026-09-14T02:25:36.462+00:00,False,89,88.0,,88.0,293844.144267,300075.811211,300075.81119700003,3371.63832805618,0.02404,293844.144267,31139.916974414657,91.62914839999999,70.8143970909091,19.902608123035847,0.2932592255432488,22,64,,False,False,Request timeout: 300.0s exceeded,129,21.16838264042747
226,2026-09-14T02:20:41.523+00:00,2026-09-14T02:25:35.345+00:00,2026-09-14T02:25:41.564+00:00,False,92,91.0,,91.0,293822.15419599996,300041.80654799996,300041.806512,3261.3239838260865,0.02525,293822.15419599996,30625.95768506624,88.89775955,68.34782804395604,19.72005101292977,0.30329106815800366,22,64,,False,False,Request timeout: 300.0s exceeded,344,21.16838264042747
227,2026-09-14T02:20:45.191+00:00,2026-09-14T02:25:38.964+00:00,2026-09-14T02:25:45.203+00:00,False,94,93.0,,93.0,293773.262802,300012.33889799996,300012.338828,3191.620625829787,0.03712,293773.262802,30293.485958565376,88.92544845,67.08683974193548,20.63738203189392,0.3099872503297897,22,64,,False,False,Request timeout: 300.0s exceeded,370,21.16838264042747
228,2026-09-14T02:20:48.725+00:00,2026-09-14T02:25:42.416+00:00,2026-09-14T02:25:48.773+00:00,False,94,93.0,,93.0,293691.282828,300048.483468,300048.483476,3192.0051433617023,0.046560000000000004,293691.282828,30284.899276944263,89.37051015000002,68.35699612903225,20.506132499231065,0.3099499085117635,22,64,,False,False,Request timeout: 300.0s exceeded,438,21.16838264042747
229,2026-09-14T02:20:51.739+00:00,2026-09-14T02:25:45.681+00:00,2026-09-14T02:25:51.824+00:00,False,89,88.0,,88.0,293941.48523299996,300084.53700899996,300084.53695099993,3371.7363702359544,0.0,293941.48523299996,31150.417739986602,89.62245499999999,69.80740654545454,71.96814785091416,0.29325069821028715,22,64,,False,False,Request timeout: 300.0s exceeded,401,21.16838264042747
230,2026-09-14T02:20:56.176+00:00,2026-09-14T02:25:49.825+00:00,2026-09-14T02:25:56.193+00:00,False,101,100.0,,100.0,293649.806635,300017.322795,300017.322795,2970.468542524752,0.0,293649.806635,29212.989195331265,89.20947100000001,63.6751616,67.5250069783224,0.33331408689467373,22,64,,False,False,Request timeout: 300.0s exceeded,468,21.16838264042747
231,2026-09-14T02:20:59.386+00:00,2026-09-14T02:25:53.128+00:00,2026-09-14T02:25:59.428+00:00,False,95,94.0,,94.0,293742.26839,300042.232294,300042.23232199997,3158.3392876,0.02209,293742.26839,30130.45196762111,90.254452,67.02089259574468,21.115367548606272,0.3132892302570692,22,64,,False,False,Request timeout: 300.0s exceeded,458,21.16838264042747
232,2026-09-14T02:21:03.355+00:00,2026-09-14T02:25:57.069+00:00,2026-09-14T02:26:03.363+00:00,False,92,91.0,,91.0,293714.36419,300008.165662,300008.165608,3260.958321826087,0.02527,293714.36419,30614.635267458743,90.0647046,69.16265353846154,20.36326196374504,0.3033250771664791,22,64,,False,False,Request timeout: 300.0s exceeded,341,21.16838264042747
233,2026-09-14T02:21:07.714+00:00,2026-09-14T02:26:01.270+00:00,2026-09-14T02:26:07.763+00:00,False,96,95.0,,95.0,293555.815277,300048.665453,300048.665365,3125.5069308854168,0.027100000000000003,293555.815277,29953.94630004883,89.4099035,68.34579132631579,20.405774626905597,0.3166153059090373,22,64,,False,False,Request timeout: 300.0s exceeded,446,21.16838264042747
234,2026-09-14T02:21:11.932+00:00,2026-09-14T02:26:05.754+00:00,2026-09-14T02:26:11.973+00:00,False,93,92.0,,92.0,293822.217418,300040.71341799997,300040.713343,3226.2442294946236,0.044829999999999995,293822.217418,30460.942335614465,88.878608,67.59234782608695,20.32225457114322,0.30662505415333663,22,64,,False,False,Request timeout: 300.0s exceeded,398,21.16838264042747
235,2026-09-14T02:21:15.978+00:00,2026-09-14T02:26:09.862+00:00,2026-09-14T02:26:15.993+00:00,False,88,87.0,,87.0,293883.22963099997,300014.79852699995,300014.79863,3409.2590753409086,0.02699,293883.22963099997,31320.550394361264,87.947042,70.47780340229885,19.191996990925816,0.2899856954628537,22,64,,False,False,Request timeout: 300.0s exceeded,356,21.16838264042747
236,2026-09-14T02:21:19.077+00:00,2026-09-14T02:26:13.163+00:00,2026-09-14T02:26:19.158+00:00,False,91,90.0,,90.0,294086.245963,300080.681035,300080.681072,3297.58990189011,0.054369999999999995,294086.245963,30821.639895198983,89.19868149999998,66.60483413333333,20.506316172467315,0.29991934065726417,22,64,,False,False,Request timeout: 300.0s exceeded,312,21.16838264042747
237,2026-09-14T02:21:22.403+00:00,2026-09-14T02:26:16.256+00:00,2026-09-14T02:26:22.417+00:00,False,94,93.0,,93.0,293853.298435,300013.977091,300013.977023,3191.63805343617,0.02895,293853.298435,30301.828119374008,89.28593665,66.24385651612903,20.888762555722142,0.3099855576788388,22,64,,False,False,Request timeout: 300.0s exceeded,445,21.16838264042747
238,2026-09-14T02:21:26.345+00:00,2026-09-14T02:26:19.910+00:00,2026-09-14T02:26:26.364+00:00,False,94,93.0,,93.0,293564.976616,300019.096808,300019.096855,3191.6925197340424,0.038630000000000005,293564.976616,30271.76427640642,89.66035815,69.39914184946235,20.47133915631822,0.30998026788780114,22,64,,False,False,Request timeout: 300.0s exceeded,418,21.16838264042747
239,2026-09-14T02:21:30.571+00:00,2026-09-14T02:26:24.129+00:00,2026-09-14T02:26:30.659+00:00,False,99,98.0,,98.0,293557.155426,300087.331938,300087.332033,3031.185172050505,0.04237,293557.155426,29496.91448627791,89.64836989999999,66.63445420408163,20.839907832579947,0.326571599564381,22,64,,False,False,Request timeout: 300.0s exceeded,529,21.16838264042747
240,2026-09-14T02:21:33.698+00:00,2026-09-14T02:26:27.306+00:00,2026-09-14T02:26:33.705+00:00,False,95,94.0,,94.0,293607.56414,300006.62334,300006.62347299996,3157.964457610526,0.040119999999999996,293607.56414,30116.52299480261,88.4737127,68.07509787234042,20.45268575850238,0.31332641577539116,22,64,,False,False,Request timeout: 300.0s exceeded,467,21.16838264042747
241,2026-09-14T02:21:37.565+00:00,2026-09-14T02:26:31.084+00:00,2026-09-14T02:26:37.601+00:00,False,96,95.0,,95.0,293519.497947,300036.35119500005,300036.35129300004,3125.3786593020836,0.046200000000000005,293519.497947,29950.213357622877,88.72261025,68.59845524210526,19.598108485484474,0.31662830060967334,22,64,,False,False,Request timeout: 300.0s exceeded,499,21.16838264042747
242,2026-09-14T02:21:41.905+00:00,2026-09-14T02:26:35.652+00:00,2026-09-14T02:26:41.954+00:00,False,95,94.0,,94.0,293747.705587,300049.367795,300049.367618,3158.4143959789476,0.03413,293747.705587,30131.0074738109,90.01858410000001,67.03895965957447,20.403985603282116,0.3132817798977092,22,64,,False,False,Request timeout: 300.0s exceeded,467,21.16838264042747
243,2026-09-14T02:21:47.162+00:00,2026-09-14T02:26:40.747+00:00,2026-09-14T02:26:47.168+00:00,False,103,102.0,,102.0,293584.41005299997,300005.531333,300005.531332,2912.675061475728,0.0,293584.41005299997,28921.59664295966,89.0479651,62.9521694117647,63.03559746190918,0.3399937312715148,22,64,,False,False,Request timeout: 300.0s exceeded,444,21.16838264042747
244,2026-09-14T02:21:50.632+00:00,2026-09-14T02:26:44.485+00:00,2026-09-14T02:26:50.693+00:00,False,100,99.0,,99.0,293852.632189,300060.642685,300060.642568,3000.60642568,0.0,293852.632189,29379.061401134426,93.6280313,62.707176727272724,63.95099154114309,0.3299333065280707,22,64,,False,False,Request timeout: 300.0s exceeded,442,21.16838264042747
245,2026-09-14T02:21:55.823+00:00,2026-09-14T02:26:49.433+00:00,2026-09-14T02:26:55.852+00:00,False,97,96.0,,96.0,293610.51981300005,300029.641989,300029.64197500004,3093.0890925257736,0.02471,293610.51981300005,29804.848687517413,87.17525800000001,66.865856,19.562468225388024,0.31996838500217134,22,64,,False,False,Request timeout: 300.0s exceeded,296,21.16838264042747
246,2026-09-14T02:22:00.613+00:00,2026-09-14T02:26:54.492+00:00,2026-09-14T02:27:00.688+00:00,False,91,90.0,,90.0,293879.56094700005,300074.7453310001,300074.74541300006,3297.5246748681325,0.03524,293879.56094700005,30799.739212395918,88.6850575,68.83538204444444,19.91180346365879,0.29992527328724283,22,64,,False,False,Request timeout: 300.0s exceeded,445,21.16838264042747
247,2026-09-14T02:22:04.900+00:00,2026-09-14T02:26:58.432+00:00,2026-09-14T02:27:04.961+00:00,False,93,92.0,,92.0,293531.711004,300061.38754799997,300061.38756199996,3226.466532924731,0.03577,293531.711004,30430.4670665373,88.71944859999999,70.97474504347826,19.667423198991425,0.3066039277888863,22,64,,False,False,Request timeout: 300.0s exceeded,363,21.16838264042747
248,2026-09-14T02:22:09.586+00:00,2026-09-14T02:27:03.619+00:00,2026-09-14T02:27:09.601+00:00,False,90,89.0,,89.0,294032.561536,300014.53171199997,300014.531793,3333.4947976999997,0.023780000000000003,294032.561536,30986.67474378993,88.0579249,67.21314804494382,19.831603618421294,0.29665229711418073,22,64,,False,False,Request timeout: 300.0s exceeded,430,21.16838264042747
249,2026-09-14T02:22:13.383+00:00,2026-09-14T02:27:07.394+00:00,2026-09-14T02:27:13.391+00:00,False,93,92.0,,92.0,294011.182074,300008.130298,300008.130168,3225.893872774194,0.02497,294011.182074,30480.78683850642,89.0978496,65.18421982608696,20.434025399059756,0.30665835592060725,22,64,,False,False,Request timeout: 300.0s exceeded,454,21.16838264042747
250,2026-09-14T02:22:18.700+00:00,2026-09-14T02:27:12.498+00:00,2026-09-14T02:27:18.706+00:00,False,96,95.0,,95.0,293798.282145,300006.059937,300006.06007300003,3125.063125760417,0.02671,293798.282145,29978.999525642706,89.02976924999999,65.34502938947368,20.841387102151195,0.3166602701957074,22,64,,False,False,Request timeout: 300.0s exceeded,349,21.16838264042747
251,2026-09-14T02:22:22.600+00:00,2026-09-14T02:27:16.600+00:00,2026-09-14T02:27:22.645+00:00,False,88,87.0,,87.0,293999.533543,300045.037543,300045.037554,3409.602699477273,0.021,293999.533543,31333.05447002022,90.05202405,69.48855172413793,20.134383431349036,0.28995647024334426,22,64,,False,False,Request timeout: 300.0s exceeded,394,21.16838264042747
252,2026-09-14T02:22:27.235+00:00,2026-09-14T02:27:21.249+00:00,2026-09-14T02:27:27.269+00:00,False,85,84.0,,84.0,294013.882214,300034.523238,300034.52321799996,3529.8179202117644,0.02093,294013.882214,31882.514616547374,88.87586019999999,71.67429790476191,19.261069757503382,0.27996778201876343,22,64,,False,False,Request timeout: 300.0s exceeded,378,21.16838264042747
253,2026-09-14T02:22:31.315+00:00,2026-09-14T02:27:25.423+00:00,2026-09-14T02:27:31.364+00:00,False,89,88.0,,88.0,294108.400286,300048.989598,300048.98939999996,3371.3369595505615,0.02152,294108.400286,31168.278398343227,87.55342540000001,67.50669672727274,19.47330685212814,0.29328544021394887,22,64,,False,False,Request timeout: 300.0s exceeded,242,21.16838264042747
254,2026-09-14T02:22:34.481+00:00,2026-09-14T02:27:28.453+00:00,2026-09-14T02:27:34.522+00:00,False,96,95.0,,95.0,293972.24957499997,300041.399527,300041.39941699995,3125.431243927083,0.02174,293972.24957499997,29996.903308948644,87.659455,63.885788968421046,19.915660768734828,0.31662297319557464,22,64,,False,False,Request timeout: 300.0s exceeded,477,21.16838264042747
255,2026-09-14T02:22:37.531+00:00,2026-09-14T02:27:31.283+00:00,2026-09-14T02:27:37.562+00:00,False,97,96.0,,96.0,293751.537782,300031.168374,300031.16857900005,3093.1048307113406,0.034139,293751.537782,29819.314612960494,87.84936280000002,65.41281866666667,19.8526109585324,0.319966757188148,22,64,,False,False,Request timeout: 300.0s exceeded,493,21.16838264042747
256,2026-09-14T02:22:40.878+00:00,2026-09-14T02:27:34.732+00:00,2026-09-14T02:27:40.915+00:00,False,89,88.0,,88.0,293853.950557,300036.852317,300036.852259,3371.2005871797755,0.03536,293853.950557,31141.01506853677,88.64191640000001,70.26024727272727,19.727540556174972,0.29329730438254553,22,64,,False,False,Request timeout: 300.0s exceeded,131,21.16838264042747
257,2026-09-14T02:22:46.105+00:00,2026-09-14T02:27:39.907+00:00,2026-09-14T02:27:46.132+00:00,False,99,98.0,,98.0,293801.283401,300026.376777,300026.376904,3030.569463676768,0.0,293801.283401,29521.83298917209,88.6634687,63.52136097959184,67.82936270304083,0.32663794781230265,22,64,,False,False,Request timeout: 300.0s exceeded,452,21.16838264042747
258,2026-09-14T02:22:49.615+00:00,2026-09-14T02:27:43.555+00:00,2026-09-14T02:27:49.635+00:00,False,91,90.0,,90.0,293940.293458,300020.629842,300020.629777,3296.9299975494505,0.02998,293940.293458,30806.239904418617,89.870485,67.55929315555557,20.567007025194826,0.29997937157653703,22,64,,False,False,Request timeout: 300.0s exceeded,474,21.16838264042747
259,2026-09-14T02:22:54.786+00:00,2026-09-14T02:27:48.275+00:00,2026-09-14T02:27:54.863+00:00,False,94,93.0,,93.0,293488.639044,300077.504068,300077.504029,3192.3138726489365,0.02125,293488.639044,30263.740626012306,87.33262015,70.8480110107527,19.5643416266474,0.30991993314808913,22,64,,False,False,Request timeout: 300.0s exceeded,331,21.16838264042747
260,2026-09-14T02:22:57.803+00:00,2026-09-14T02:27:51.634+00:00,2026-09-14T02:27:57.879+00:00,False,94,93.0,,93.0,293831.144771,300075.512899,300075.513034,3192.292691851064,0.02093,293831.144771,30299.45055820223,88.3179993,67.14374331182796,21.224357403240717,0.30992198964032797,22,64,,False,False,Request timeout: 300.0s exceeded,440,21.16838264042747
261,2026-09-14T02:23:01.172+00:00,2026-09-14T02:27:54.648+00:00,2026-09-14T02:28:01.266+00:00,False,101,100.0,,100.0,293475.287455,300093.31625499995,300093.316298,2971.220953445544,0.0375,293475.287455,29195.304458250397,87.44777500000001,66.180288,20.46441251830313,0.3332296808470951,22,64,,False,False,Request timeout: 300.0s exceeded,473,21.16838264042747
262,2026-09-14T02:23:04.305+00:00,2026-09-14T02:27:57.958+00:00,2026-09-14T02:28:04.385+00:00,False,96,95.0,,95.0,293653.59472000005,300079.92176000006,300079.92176800006,3125.8325184166674,0.052899999999999996,293653.59472000005,29963.997650668545,89.32797575000001,67.64554778947368,20.863814081404797,0.31658232727739694,22,64,,False,False,Request timeout: 300.0s exceeded,461,21.16838264042747
263,2026-09-14T02:23:08.490+00:00,2026-09-14T02:28:02.292+00:00,2026-09-14T02:28:08.580+00:00,False,92,91.0,,91.0,293802.169588,300089.40978,300089.409789,3261.84141075,0.01993,293802.169588,30623.79688957684,88.76825155,69.09055156043955,19.99729098483746,0.30324295704641313,22,64,,False,False,Request timeout: 300.0s exceeded,418,21.16838264042747
264,2026-09-14T02:23:11.722+00:00,2026-09-14T02:28:05.514+00:00,2026-09-14T02:28:11.741+00:00,False,92,91.0,,91.0,293791.994891,300019.05997899995,300019.05986,3261.0767376086956,0.03281,293791.994891,30622.80541551396,89.65153305,68.42928668131869,20.56137963819604,0.30331406280110873,22,64,,False,False,Request timeout: 300.0s exceeded,486,21.16838264042747
265,2026-09-14T02:23:15.746+00:00,2026-09-14T02:28:09.444+00:00,2026-09-14T02:28:15.796+00:00,False,107,106.0,,106.0,293698.06609100004,300049.9857070001,300049.98565700004,2804.2054734299068,0.015269999999999999,293698.06609100004,28388.324387207846,89.5414433,59.92376996226415,268.0631574324339,0.3532744710859923,22,64,,False,False,Request timeout: 300.0s exceeded,466,21.16838264042747
266,2026-09-14T02:23:20.870+00:00,2026-09-14T02:28:15.915+00:00,2026-09-14T02:28:20.940+00:00,False,73,72.0,,72.0,295045.24514899997,300070.657501,300070.65744,4110.556951232877,0.033098999999999996,295045.24514899997,34524.270301703225,88.507389,69.79739377777777,19.62728934762484,0.23994348730935167,22,64,,False,False,Request timeout: 300.0s exceeded,321,21.16838264042747
267,2026-09-14T02:23:25.697+00:00,2026-09-14T02:28:19.084+00:00,2026-09-14T02:28:25.741+00:00,False,98,97.0,,97.0,293386.82002600003,300043.396282,300043.39640400006,3061.667310244898,0.04616,293386.82002600003,29629.61921420416,90.51797235,68.62449748453608,20.555519881203697,0.32328656854968135,22,64,,False,False,Request timeout: 300.0s exceeded,414,21.16838264042747
268,2026-09-14T02:23:30.729+00:00,2026-09-14T02:28:24.133+00:00,2026-09-14T02:28:30.789+00:00,False,100,99.0,,99.0,293403.53304799995,300059.96978399996,300059.969787,3000.5996978699995,0.054630000000000005,293403.53304799995,29333.636871252333,89.68557594999999,67.23673470707071,20.71426211896561,0.32993404642167284,22,64,,False,False,Request timeout: 300.0s exceeded,145,21.16838264042747
269,2026-09-14T02:23:35.015+00:00,2026-09-14T02:28:28.841+00:00,2026-09-14T02:28:35.050+00:00,False,91,90.0,,90.0,293825.756523,300034.629227,300034.629366,3297.0838391868133,0.023829999999999997,293825.756523,30794.083643986443,90.734473,68.98747448888889,20.84438784912234,0.29996537476981655,22,64,,False,False,Request timeout: 300.0s exceeded,448,21.16838264042747
270,2026-09-14T02:23:38.681+00:00,2026-09-14T02:28:32.902+00:00,2026-09-14T02:28:38.701+00:00,False,88,87.0,,87.0,294221.69169199996,300020.45725999994,300020.45704999997,3409.3233755681813,0.0,294221.69169199996,31357.107497060486,90.2716657,66.65247779310344,68.9602162050968,0.2899802259970731,22,64,,False,False,Request timeout: 300.0s exceeded,476,21.16838264042747
271,2026-09-14T02:23:42.507+00:00,2026-09-14T02:28:35.886+00:00,2026-09-14T02:28:42.514+00:00,False,105,104.0,,104.0,293378.95907499996,300007.62569899997,300007.625702,2857.21548287619,0.0,293378.95907499996,28624.703804383094,88.41144600000001,63.73717907692308,63.228120985732474,0.34665785497180673,22,64,,False,False,Request timeout: 300.0s exceeded,478,21.16838264042747
272,2026-09-14T02:23:46.336+00:00,2026-09-14T02:28:39.711+00:00,2026-09-14T02:28:46.399+00:00,False,98,97.0,,97.0,293374.764119,300062.551383,300062.551351,3061.862768887755,0.039409999999999994,293374.764119,29628.368447408066,88.81154349999998,68.94626045360825,19.91373401846712,0.32326593089648553,22,64,,False,False,Request timeout: 300.0s exceeded,509,21.16838264042747
273,2026-09-14T02:23:50.304+00:00,2026-09-14T02:28:44.071+00:00,2026-09-14T02:28:50.361+00:00,False,94,93.0,,93.0,293767.041517,300056.761325,300056.761269,3192.0932049893618,0.02045,293767.041517,30292.787789186856,88.46688280000001,67.63139578494624,20.147369383806975,0.3099413577262105,22,64,,False,False,Request timeout: 300.0s exceeded,456,21.16838264042747
274,2026-09-14T02:23:53.613+00:00,2026-09-14T02:28:47.387+00:00,2026-09-14T02:28:53.648+00:00,False,94,93.0,,93.0,293773.936787,300035.726227,300035.726209,3191.869427755319,0.03846,293773.936787,30293.53024466817,89.002675,67.33106924731183,20.578358766767842,0.30996308729460564,22,64,,False,False,Request timeout: 300.0s exceeded,335,21.16838264042747
275,2026-09-14T02:23:57.353+00:00,2026-09-14T02:28:51.223+00:00,2026-09-14T02:28:57.397+00:00,False,93,92.0,,92.0,293870.370038,300044.362998,300044.362815,3226.283471129032,0.01747,293870.370038,30465.986021079447,90.0574416,67.10861913043478,20.819403818059318,0.3066213245293105,22,64,,False,False,Request timeout: 300.0s exceeded,482,21.16838264042747
276,2026-09-14T02:24:02.056+00:00,2026-09-14T02:28:55.774+00:00,2026-09-14T02:29:02.079+00:00,False,92,91.0,,91.0,293717.785844,300023.44498,300023.444813,3261.1244001413042,0.039619999999999995,293717.785844,30614.978393183366,89.84221755,69.29295753846154,20.33086590424109,0.3033096297059925,22,64,,False,False,Request timeout: 300.0s exceeded,398,21.16838264042747
277,2026-09-14T02:24:05.417+00:00,2026-09-14T02:28:58.820+00:00,2026-09-14T02:29:05.475+00:00,False,99,98.0,,98.0,293402.948011,300057.972651,300057.972482,3030.888610929293,0.01711,293402.948011,29481.287919457634,91.34241289999999,67.90841469387755,20.689636236557835,0.32660355308733835,22,64,,False,False,Request timeout: 300.0s exceeded,365,21.16838264042747
278,2026-09-14T02:24:10.743+00:00,2026-09-14T02:29:04.748+00:00,2026-09-14T02:29:10.770+00:00,False,89,88.0,,88.0,294005.226455,300027.921367,300027.921321,3371.100239561798,0.03397,294005.226455,31157.243980782856,90.13330400000001,68.43971490909091,20.85558254393959,0.29330603498184654,22,64,,False,False,Request timeout: 300.0s exceeded,416,21.16838264042747
279,2026-09-14T02:24:14.405+00:00,2026-09-14T02:29:08.371+00:00,2026-09-14T02:29:14.447+00:00,False,93,92.0,,92.0,293966.551899,300042.270299,300042.270253,3226.2609704623655,0.02068,293966.551899,30476.069910592898,87.542765,66.04041739130435,20.11223228918159,0.3066234631151123,22,64,,False,False,Request timeout: 300.0s exceeded,386,21.16838264042747
280,2026-09-14T02:24:18.889+00:00,2026-09-14T02:29:12.245+00:00,2026-09-14T02:29:18.919+00:00,False,104,103.0,,103.0,293355.432212,300029.755412,300029.755513,2884.9014953173078,0.017410000000000002,293355.432212,28759.519246241205,86.8474295,64.79925436893204,19.493619350254097,0.3432992832946209,22,64,,False,False,Request timeout: 300.0s exceeded,503,21.16838264042747
281,2026-09-14T02:24:23.754+00:00,2026-09-14T02:29:17.416+00:00,2026-09-14T02:29:23.785+00:00,False,91,90.0,,90.0,293661.40989,300030.41648200003,300030.416385,3297.037542692308,0.04229,293661.40989,30776.668491073226,91.60223150000002,70.76673991111112,20.190441302708155,0.2999695866015619,22,64,,False,False,Request timeout: 300.0s exceeded,198,21.16838264042747
282,2026-09-14T02:24:28.243+00:00,2026-09-14T02:29:22.086+00:00,2026-09-14T02:29:28.297+00:00,False,87,86.0,,86.0,293842.91174,300053.862908,300053.862938,3448.894976298851,0.019219999999999998,293842.91174,31495.529797739324,90.2223626,72.22036241860465,19.123805525629148,0.28661520690493025,22,64,,False,False,Request timeout: 300.0s exceeded,424,21.16838264042747
283,2026-09-14T02:24:33.585+00:00,2026-09-14T02:29:27.261+00:00,2026-09-14T02:29:33.635+00:00,False,101,100.0,,100.0,293676.31976499996,300050.18600499997,300050.18594999996,2970.793920297029,0.0,293676.31976499996,29215.612647715167,89.33424199999999,63.738662399999996,63.7588619095124,0.3332775804322735,22,64,,False,False,Request timeout: 300.0s exceeded,531,21.16838264042747
284,2026-09-14T02:24:38.141+00:00,2026-09-14T02:29:31.514+00:00,2026-09-14T02:29:38.170+00:00,False,108,107.0,,107.0,293373.06358899997,300028.251045,300028.25103,2778.0393613888887,0.0,293373.06358899997,28223.91822933047,89.39894145,62.19801360747664,61.80118272478375,0.35663308247579495,22,64,,False,False,Request timeout: 300.0s exceeded,569,21.16838264042747
285,2026-09-14T02:24:41.530+00:00,2026-09-14T02:29:35.047+00:00,2026-09-14T02:29:41.554+00:00,False,98,97.0,,97.0,293516.347769,300023.404921,300023.40476299997,3061.463313908163,0.02947,293516.347769,29642.859286975898,89.59891335,67.08306342268041,20.685285365633103,0.3233081099974228,22,64,,False,False,Request timeout: 300.0s exceeded,434,21.16838264042747
286,2026-09-14T02:24:44.687+00:00,2026-09-14T02:29:38.258+00:00,2026-09-14T02:29:44.769+00:00,False,96,95.0,,95.0,293571.791824,300082.509776,300082.50976,3125.859476666667,0.02485,293571.791824,29955.557838610708,90.0585225,68.53387317894737,20.605866637878837,0.31657959696122856,22,64,,False,False,Request timeout: 300.0s exceeded,524,21.16838264042747
287,2026-09-14T02:24:48.751+00:00,2026-09-14T02:29:42.721+00:00,2026-09-14T02:29:48.785+00:00,False,99,98.0,,98.0,293970.105588,300034.58226,300034.582166,3030.6523451111107,0.04101,293970.105588,29538.895103657138,89.7548538,61.88241502040816,20.806614884772486,0.3266290147682925,22,64,,False,False,Request timeout: 300.0s exceeded,456,21.16838264042747
288,2026-09-14T02:24:52.870+00:00,2026-09-14T02:29:46.403+00:00,2026-09-14T02:29:52.938+00:00,False,103,102.0,,102.0,293533.301453,300067.942861,300067.94290799997,2913.280999106796,0.020550000000000002,293533.301453,28916.391063769053,91.9619401,64.06511184313726,21.592918890114987,0.33992301552601806,22,64,,False,False,Request timeout: 300.0s exceeded,468,21.16838264042747
289,2026-09-14T02:24:56.402+00:00,2026-09-14T02:29:50.011+00:00,2026-09-14T02:29:56.424+00:00,False,92,91.0,,91.0,293609.312545,300021.419297,300021.41940899997,3261.102384880435,0.019899999999999998,293609.312545,30603.54724793905,90.17342055,70.46271156043956,20.225696593264352,0.3033116775903138,22,64,,False,False,Request timeout: 300.0s exceeded,443,21.16838264042747
290,2026-09-14T02:25:00.599+00:00,2026-09-14T02:29:54.220+00:00,2026-09-14T02:30:00.607+00:00,False,93,92.0,,92.0,293621.852962,300008.005666,300008.00545,3225.8925317204303,0.035569,293621.852962,30439.97676734356,89.20743759999999,69.41470330434782,20.656639288873826,0.306658483315355,22,64,,False,False,Request timeout: 300.0s exceeded,304,21.16838264042747
291,2026-09-14T02:25:05.054+00:00,2026-09-14T02:29:59.016+00:00,2026-09-14T02:30:05.126+00:00,False,88,87.0,,87.0,293962.39022500004,300072.55931300006,300072.559316,3409.9154467727276,0.02553,293962.39022500004,31329.01530517177,88.20649750000001,70.23182859770115,19.427637798439665,0.2899298762911937,22,64,,False,False,Request timeout: 300.0s exceeded,450,21.16838264042747
292,2026-09-14T02:25:09.756+00:00,2026-09-14T02:30:03.432+00:00,2026-09-14T02:30:09.813+00:00,False,94,93.0,,93.0,293675.81298299995,300056.93451899994,300056.93454299995,3192.0950483297866,0.01813,293675.81298299995,30283.277396354668,89.86211115,68.61421006451613,20.863311542362236,0.3099411788268841,22,64,,False,False,Request timeout: 300.0s exceeded,270,21.16838264042747
293,2026-09-14T02:25:14.560+00:00,2026-09-14T02:30:08.604+00:00,2026-09-14T02:30:14.651+00:00,False,91,90.0,,90.0,294043.75554000004,300091.11682000005,300091.11683400004,3297.704580593407,0.02336,294043.75554000004,30817.124044494652,89.343022,67.19290311111111,20.50825403440691,0.2999089108458468,22,64,,False,False,Request timeout: 300.0s exceeded,598,21.16838264042747
294,2026-09-14T02:25:19.815+00:00,2026-09-14T02:30:13.295+00:00,2026-09-14T02:30:19.825+00:00,False,99,98.0,,98.0,293479.931754,300010.778474,300010.778408,3030.4119031111113,0.04457,293479.931754,29489.151960000378,87.6950198,66.64129306122449,20.008480810735666,0.3266549305277478,22,64,,False,False,Request timeout: 300.0s exceeded,405,21.16838264042747
295,2026-09-14T02:25:25.238+00:00,2026-09-14T02:30:19.005+00:00,2026-09-14T02:30:25.333+00:00,False,93,92.0,,92.0,293766.934983,300094.982087,300094.982165,3226.8277652150537,0.02575,293766.934983,30455.086397085233,89.269763,68.78312069565217,20.41178049922242,0.30656960459714866,22,64,,False,False,Request timeout: 300.0s exceeded,307,21.16838264042747
296,2026-09-14T02:25:28.777+00:00,2026-09-14T02:30:22.308+00:00,2026-09-14T02:30:28.796+00:00,False,100,99.0,,99.0,293530.768613,300018.948581,300018.948477,3000.18948477,0.0,293530.768613,29346.593440730485,91.19096239999999,65.53717139393939,64.56019438787114,0.3299791578773289,22,64,,False,False,Request timeout: 300.0s exceeded,449,21.16838264042747
297,2026-09-14T02:25:32.076+00:00,2026-09-14T02:30:26.234+00:00,2026-09-14T02:30:32.095+00:00,False,95,94.0,,94.0,294157.283943,300018.372967,300018.37293,3158.0881361052634,0.0,294157.283943,30173.574890961456,91.9927922,62.35201089361702,66.05279907597487,0.31331414496517973,22,64,,False,False,Request timeout: 300.0s exceeded,406,21.16838264042747
298,2026-09-14T02:25:37.598+00:00,2026-09-14T02:30:31.585+00:00,2026-09-14T02:30:37.637+00:00,False,88,87.0,,87.0,293987.072447,300038.145727,300038.14577400003,3409.524383795455,0.03137,293987.072447,31331.719452786976,89.23358435,69.55256643678162,20.390675515075284,0.28996313048528144,22,64,,False,False,Request timeout: 300.0s exceeded,450,21.16838264042747
299,2026-09-14T02:25:42.350+00:00,2026-09-14T02:30:35.855+00:00,2026-09-14T02:30:42.363+00:00,False,99,98.0,,98.0,293504.627939,300013.095907,300013.09579000005,3030.4353110101015,0.04271,293504.627939,29491.65753257584,89.8640987,66.41293844897959,20.829453869367153,0.3266524073015088,22,64,,False,False,Request timeout: 300.0s exceeded,333,21.16838264042747
300,2026-09-14T02:25:46.306+00:00,2026-09-14T02:30:39.733+00:00,2026-09-14T02:30:46.359+00:00,False,101,100.0,,100.0,293426.780246,300052.709462,300052.709599,2970.818906920792,0.01907,293426.780246,29190.469137431606,87.093176,66.25929216,19.257475012717606,0.3332747775525901,22,64,,False,False,Request timeout: 300.0s exceeded,503,21.16838264042747
301,2026-09-14T02:25:51.405+00:00,2026-09-14T02:30:44.864+00:00,2026-09-14T02:30:51.696+00:00,False,101,100.0,,100.0,293459.036871,300290.88685500005,300290.887049,2973.17709949505,0.14529,293459.036871,29193.474576487246,90.22219,68.31849984,20.278460750117492,0.33301043880258174,22,64,,False,False,Request timeout: 300.0s exceeded,432,21.16838264042747
302,2026-09-14T02:25:56.228+00:00,2026-09-14T02:30:49.923+00:00,2026-09-14T02:30:56.248+00:00,False,95,94.0,,94.0,293695.105459,300020.849843,300020.849855,3158.114209,0.041689,293695.105459,30125.584736982175,89.8596314,67.29515302127659,20.709576586480146,0.3133115583439948,22,64,,False,False,Request timeout: 300.0s exceeded,478,21.16838264042747
303,2026-09-14T02:26:00.469+00:00,2026-09-14T02:30:53.940+00:00,2026-09-14T02:31:00.484+00:00,False,94,93.0,,93.0,293471.460056,300015.271128,300015.271272,3191.651822042553,0.038939999999999995,293471.460056,30262.018702898316,88.05060665,70.36355991397849,19.543575523511933,0.30998422063762887,22,64,,False,False,Request timeout: 300.0s exceeded,461,21.16838264042747
304,2026-09-14T02:26:05.149+00:00,2026-09-14T02:30:58.584+00:00,2026-09-14T02:31:05.158+00:00,False,96,95.0,,95.0,293435.410145,300009.731553,300009.73167699995,3125.1013716354164,0.020460000000000002,293435.410145,29941.569639134665,89.568851,69.20338324210526,19.897323944077066,0.3166563948050372,22,64,,False,False,Request timeout: 300.0s exceeded,582,21.16838264042747
305,2026-09-14T02:26:10.087+00:00,2026-09-14T02:31:03.725+00:00,2026-09-14T02:31:10.146+00:00,False,95,94.0,,94.0,293637.896713,300058.664201,300058.664269,3158.512255463158,0.02004,293637.896713,30119.611616253693,89.2345267,68.30603710638299,20.835537955597697,0.313272073813647,22,64,,False,False,Request timeout: 300.0s exceeded,452,21.16838264042747
306,2026-09-14T02:26:14.975+00:00,2026-09-14T02:31:08.945+00:00,2026-09-14T02:31:15.035+00:00,False,93,92.0,,92.0,293969.667619,300059.729187,300059.729333,3226.4487025053763,0.01758,293969.667619,30476.377281449135,89.60788819999999,66.19632139130435,20.793928033813323,0.30660562231816435,22,64,,False,False,Request timeout: 300.0s exceeded,511,21.16838264042747
307,2026-09-14T02:26:19.089+00:00,2026-09-14T02:31:12.464+00:00,2026-09-14T02:31:19.129+00:00,False,103,102.0,,102.0,293375.236999,300039.730567,300039.7305,2913.0070922330096,0.018850000000000002,293375.236999,28900.690092373243,89.1375333,65.33817223529412,20.21909459640325,0.3399549779865671,22,64,,False,False,Request timeout: 300.0s exceeded,405,21.16838264042747
308,2026-09-14T02:26:24.406+00:00,2026-09-14T02:31:18.130+00:00,2026-09-14T02:31:24.421+00:00,False,99,98.0,,98.0,293723.438829,300014.649837,300014.649678,3030.4510068484847,0.0,293723.438829,29513.942440453553,90.9672274,64.19603069387755,68.22870567763962,0.32665071540087814,22,64,,False,False,Request timeout: 300.0s exceeded,321,21.16838264042747
309,2026-09-14T02:26:28.518+00:00,2026-09-14T02:31:22.885+00:00,2026-09-14T02:31:28.558+00:00,False,80,79.0,,79.0,294367.07889600005,300040.3368800001,300040.3368490001,3750.5042106125006,0.02825,294367.07889600005,32903.21658367118,89.42037435000002,71.81339220253165,19.366786969170906,0.2632979312764728,22,64,,False,False,Request timeout: 300.0s exceeded,338,21.16838264042747
310,2026-09-14T02:26:32.259+00:00,2026-09-14T02:31:25.988+00:00,2026-09-14T02:31:32.351+00:00,False,93,92.0,,92.0,293729.00308600004,300091.68366200005,300091.68381500005,3226.792299086022,0.03462,293729.00308600004,30451.113502328768,88.2386276,69.15957147826087,19.635445384068348,0.3065729742235098,22,64,,False,False,Request timeout: 300.0s exceeded,498,21.16838264042747
311,2026-09-14T02:26:35.494+00:00,2026-09-14T02:31:29.289+00:00,2026-09-14T02:31:35.509+00:00,False,89,88.0,,88.0,293794.668932,300015.376004,300015.37605,3370.959281460674,0.01735,293794.668932,31134.685171980564,88.5018108,70.6898530909091,18.87935836901046,0.29331829978883056,22,64,,False,False,Request timeout: 300.0s exceeded,394,21.16838264042747
312,2026-09-14T02:26:41.000+00:00,2026-09-14T02:31:34.145+00:00,2026-09-14T02:31:41.034+00:00,False,104,103.0,,103.0,293145.040379,300033.81605900003,300033.815926,2884.94053775,0.027199,293145.040379,28738.68511975208,88.17157900000001,66.8813172815534,20.435812056485624,0.3432946370943254,22,64,,False,False,Request timeout: 300.0s exceeded,341,21.16838264042747
313,2026-09-14T02:26:45.254+00:00,2026-09-14T02:31:38.389+00:00,2026-09-14T02:31:45.340+00:00,False,108,107.0,,107.0,293135.053594,300086.091034,300086.091102,2778.5749176111112,0.02392,293135.053594,28200.68987137154,88.74097835,64.96296672897196,20.31981880026843,0.356564343356643,22,64,,False,False,Request timeout: 300.0s exceeded,274,21.16838264042747
314,2026-09-14T02:26:48.917+00:00,2026-09-14T02:31:42.417+00:00,2026-09-14T02:31:48.936+00:00,False,102,101.0,,101.0,293499.659858,300018.974802,300018.974868,2941.3624987058824,0.038509999999999996,293499.659858,29054.413210837334,88.32887199999999,64.54767271287129,21.224490466612547,0.33664537406894274,22,64,,False,False,Request timeout: 300.0s exceeded,525,21.16838264042747
315,2026-09-14T02:26:52.969+00:00,2026-09-14T02:31:46.850+00:00,2026-09-14T02:31:53.000+00:00,False,95,94.0,,94.0,293881.447138,300031.904226,300031.904144,3158.230569936842,0.024329,293881.447138,30144.893784209984,88.43298200000001,65.43039455319149,19.927665715689006,0.3133000146850856,22,64,,False,False,Request timeout: 300.0s exceeded,425,21.16838264042747
316,2026-09-14T02:26:57.816+00:00,2026-09-14T02:31:51.723+00:00,2026-09-14T02:31:57.835+00:00,False,94,93.0,,93.0,293907.203279,300018.672591,300018.672527,3191.6880056063833,0.02427,293907.203279,30307.44255057715,89.3216755,65.71472378494623,20.88367752476719,0.30998070619018475,22,64,,False,False,Request timeout: 300.0s exceeded,476,21.16838264042747
317,2026-09-14T02:27:01.845+00:00,2026-09-14T02:31:55.259+00:00,2026-09-14T02:32:01.902+00:00,False,98,97.0,,97.0,293413.402147,300056.364067,300056.36420300003,3061.79963472449,0.0184,293413.402147,29632.318581191175,89.89687865000002,68.48414350515463,20.54100123530502,0.32327259680564796,22,64,,False,False,Request timeout: 300.0s exceeded,484,21.16838264042747
318,2026-09-14T02:27:06.397+00:00,2026-09-14T02:32:00.070+00:00,2026-09-14T02:32:06.430+00:00,False,107,106.0,,106.0,293672.996863,300032.644095,300032.64399799996,2804.043401850467,0.0155,293672.996863,28385.78802975893,89.05188030000001,59.996672,256.49451792392074,0.3532948900268231,22,64,,False,False,Request timeout: 300.0s exceeded,350,21.16838264042747
319,2026-09-14T02:27:11.103+00:00,2026-09-14T02:32:06.865+00:00,2026-09-14T02:32:11.124+00:00,False,65,64.0,,64.0,295762.247538,300021.118322,300021.118187,4615.709510569231,0.01959,295762.247538,36676.543197713916,88.19863520000001,66.544856,19.67743363288615,0.21331831691698283,22,64,,False,False,Request timeout: 300.0s exceeded,139,21.16838264042747
320,2026-09-14T02:27:14.633+00:00,2026-09-14T02:32:08.868+00:00,2026-09-14T02:32:14.701+00:00,False,89,88.0,,88.0,294234.992255,300068.404863,300068.404731,3371.5551093370786,0.03199,294234.992255,31181.8266973761,89.75266099999999,66.28877963636363,20.23717688826077,0.29326646382573174,22,64,,False,False,Request timeout: 300.0s exceeded,370,21.16838264042747
321,2026-09-14T02:27:19.557+00:00,2026-09-14T02:32:13.365+00:00,2026-09-14T02:32:19.603+00:00,False,95,94.0,,94.0,293808.080272,300045.920912,300045.920864,3158.3781143578944,0.0,293808.080272,30137.336843718822,88.26271679999999,66.36000680851063,66.33773497523066,0.3132853788322925,22,64,,False,False,Request timeout: 300.0s exceeded,420,21.16838264042747
322,2026-09-14T02:27:25.000+00:00,2026-09-14T02:32:18.654+00:00,2026-09-14T02:32:25.016+00:00,False,91,90.0,,90.0,293654.442713,300016.042969,300016.042993,3296.87959332967,0.045779,293654.442713,30775.94681778945,91.7663665,70.68444728888889,20.28070669479715,0.29998395788887694,22,64,,False,False,Request timeout: 300.0s exceeded,434,21.16838264042747
323,2026-09-14T02:27:28.909+00:00,2026-09-14T02:32:22.877+00:00,2026-09-14T02:32:28.958+00:00,False,86,85.0,,85.0,293968.493423,300049.87991899997,300049.879816,3488.9520908837208,0.01872,293968.493423,31691.729052490624,90.95663274999998,71.54572348235294,19.854104991191836,0.28328623235225486,22,64,,False,False,Request timeout: 300.0s exceeded,414,21.16838264042747
324,2026-09-14T02:27:33.985+00:00,2026-09-14T02:32:27.919+00:00,2026-09-14T02:32:34.016+00:00,False,89,88.0,,88.0,293933.64633099997,300030.99775499996,300030.99779199995,3371.134806651685,0.08356999999999999,293933.64633099997,31149.566498422686,90.10880999999999,69.28808436363636,20.735892749262685,0.2933030275487043,22,64,,False,False,Request timeout: 300.0s exceeded,403,21.16838264042747
325,2026-09-14T02:27:38.309+00:00,2026-09-14T02:32:32.280+00:00,2026-09-14T02:32:38.343+00:00,False,87,86.0,,86.0,293970.896388,300034.67622799997,300034.676033,3448.6744371609193,0.01872,293970.896388,31509.43503419392,88.955063,70.50906790697674,19.73765575537775,0.2866335354339095,22,64,,False,False,Request timeout: 300.0s exceeded,332,21.16838264042747
326,2026-09-14T02:27:42.292+00:00,2026-09-14T02:32:36.264+00:00,2026-09-14T02:32:42.440+00:00,False,93,92.0,,92.0,293972.630692,300148.94378,300148.94392,3227.407999139785,0.02996,293972.630692,30476.586893314317,89.395323,67.13383791304348,20.148926288223212,0.3065144885781547,22,64,,False,False,Request timeout: 300.0s exceeded,205,21.16838264042747
327,2026-09-14T02:27:47.756+00:00,2026-09-14T02:32:41.644+00:00,2026-09-14T02:32:47.802+00:00,False,91,90.0,,90.0,293888.2172,300046.130032,300046.130037,3297.2102201868133,0.02171,293888.2172,30800.69034218354,90.3469095,68.4212536888889,20.368887966926064,0.2999538770601756,22,64,,False,False,Request timeout: 300.0s exceeded,437,21.16838264042747
328,2026-09-14T02:27:52.967+00:00,2026-09-14T02:32:46.773+00:00,2026-09-14T02:32:52.983+00:00,False,90,89.0,,89.0,293805.725155,300015.820771,300015.820901,3333.509121122222,0.02,293805.725155,30962.493526949023,87.431599,69.77635523595507,19.21910489155412,0.29665102250702,22,64,,False,False,Request timeout: 300.0s exceeded,472,21.16838264042747
329,2026-09-14T02:27:58.123+00:00,2026-09-14T02:32:51.569+00:00,2026-09-14T02:32:58.194+00:00,False,97,96.0,,96.0,293446.201172,300071.64424399997,300071.64415199996,3093.5221046597935,0.028419,293446.201172,29787.94604280572,88.47530359999999,69.015032,18.93307615869788,0.31992359771901224,22,64,,False,False,Request timeout: 300.0s exceeded,406,21.16838264042747
330,2026-09-14T02:28:03.016+00:00,2026-09-14T02:32:56.901+00:00,2026-09-14T02:33:03.081+00:00,False,91,90.0,,90.0,293885.302746,300065.33449,300065.334496,3297.421258197802,0.01839,293885.302746,30800.35854144116,87.56404549999999,68.66701937777779,19.557933737374384,0.2999346797355539,22,64,,False,False,Request timeout: 300.0s exceeded,409,21.16838264042747
331,2026-09-14T02:28:08.032+00:00,2026-09-14T02:33:01.818+00:00,2026-09-14T02:33:08.111+00:00,False,92,91.0,,91.0,293785.868084,300078.48658,300078.486407,3261.7226783369565,0.02029,293785.868084,30622.091834520157,90.59313304999999,69.1496538021978,20.987680723706582,0.30325399543675613,22,64,,False,False,Request timeout: 300.0s exceeded,485,21.16838264042747
332,2026-09-14T02:28:14.693+00:00,2026-09-14T02:33:08.806+00:00,2026-09-14T02:33:14.838+00:00,False,104,103.0,,103.0,294112.896258,300144.991234,300144.99106,2886.009529423077,0.0,294112.896258,28834.47421980958,89.70480315,58.56402889320388,65.9291939478188,0.34316747907913214,22,64,,False,False,Request timeout: 300.0s exceeded,492,21.16838264042747
333,2026-09-14T02:28:16.667+00:00,2026-09-14T02:33:10.047+00:00,2026-09-14T02:33:16.687+00:00,False,116,115.0,,115.0,293379.973286,300019.360422,300019.36026700004,2586.3737954051726,0.0,293379.973286,27234.359466490077,93.01990850000001,57.733801182608694,63.436465747507434,0.3833085966127112,22,64,,False,False,Request timeout: 300.0s exceeded,623,21.16838264042747
334,2026-09-14T02:28:19.934+00:00,2026-09-14T02:33:15.203+00:00,2026-09-14T02:33:20.026+00:00,False,76,75.0,,75.0,295268.948504,300092.602136,300092.60196500004,3948.586867960527,0.046589,295268.948504,33862.3011786431,90.3022995,64.31538176,22.542759923134113,0.2499228553658597,22,64,,False,False,Request timeout: 300.0s exceeded,327,21.16838264042747
335,2026-09-14T02:28:25.271+00:00,2026-09-14T02:33:18.528+00:00,2026-09-14T02:33:25.290+00:00,False,97,96.0,,96.0,293257.192773,300019.718213,300019.718184,3092.9867854020617,0.02179,293257.192773,29768.610595851882,89.5526066,70.44297333333333,19.60442568375682,0.319978968621804,22,64,,False,False,Request timeout: 300.0s exceeded,158,21.16838264042747
336,2026-09-14T02:28:28.472+00:00,2026-09-14T02:33:21.973+00:00,2026-09-14T02:33:28.537+00:00,False,94,93.0,,93.0,293500.694083,300064.626499,300064.626573,3192.17687843617,0.032409999999999994,293500.694083,30265.011530237523,88.72864344999998,70.57991845161291,19.36097449457473,0.30993323366728115,22,64,,False,False,Request timeout: 300.0s exceeded,424,21.16838264042747
337,2026-09-14T02:28:33.689+00:00,2026-09-14T02:33:27.207+00:00,2026-09-14T02:33:33.703+00:00,False,101,100.0,,100.0,293517.57991100004,300013.54483900004,300013.54468500003,2970.43113549505,0.028030000000000003,293517.57991100004,29199.633836072342,87.613865,64.95964928000001,19.974210435272735,0.33331828419168286,22,64,,False,False,Request timeout: 300.0s exceeded,290,21.16838264042747
338,2026-09-14T02:28:37.693+00:00,2026-09-14T02:33:31.434+00:00,2026-09-14T02:33:37.829+00:00,False,97,96.0,,96.0,293740.79095399997,300135.69681,300135.69668999995,3094.1824401030926,0.038340000000000006,293740.79095399997,29818.101390791493,87.36549380000001,66.61360266666667,19.65954493619956,0.3198553221770635,22,64,,False,False,Request timeout: 300.0s exceeded,389,21.16838264042747
339,2026-09-14T02:28:40.989+00:00,2026-09-14T02:33:34.774+00:00,2026-09-14T02:33:41.053+00:00,False,99,98.0,,98.0,293785.111964,300064.723612,300064.723732,3030.956805373737,0.04262,293785.111964,29520.0817309001,87.93681199999999,64.07766987755102,20.536850561522204,0.3265962050464796,22,64,,False,False,Request timeout: 300.0s exceeded,217,21.16838264042747
340,2026-09-14T02:28:45.745+00:00,2026-09-14T02:33:39.580+00:00,2026-09-14T02:33:45.763+00:00,False,93,92.0,,92.0,293834.505133,300017.649325,300017.64938500006,3225.996229946237,0.02052,293834.505133,30462.25697038389,88.2089954,67.20808904347827,21.230522118388976,0.3066486261957849,22,64,,False,False,Request timeout: 300.0s exceeded,294,21.16838264042747
341,2026-09-14T02:28:51.127+00:00,2026-09-14T02:33:44.997+00:00,2026-09-14T02:33:51.160+00:00,False,96,95.0,,95.0,293869.63368300005,300033.54971500003,300033.54991500004,3125.3494782812504,0.03936,293869.63368300005,29986.32816822236,87.25345875,64.88332665263158,19.69946671424598,0.31663125703855416,22,64,,False,False,Request timeout: 300.0s exceeded,445,21.16838264042747
342,2026-09-14T02:28:54.528+00:00,2026-09-14T02:33:48.378+00:00,2026-09-14T02:33:54.560+00:00,False,96,95.0,,95.0,293850.063377,300031.762961,300031.762993,3125.3308645104166,0.0277,293850.063377,29984.311436579068,87.59302025000001,65.07052193684211,19.325617905426725,0.31663314264612946,22,64,,False,False,Request timeout: 300.0s exceeded,438,21.16838264042747
343,2026-09-14T02:28:58.205+00:00,2026-09-14T02:33:51.908+00:00,2026-09-14T02:33:58.253+00:00,False,95,94.0,,94.0,293702.183982,300047.956014,300047.955991,3158.399536747368,0.033369,293702.183982,30126.28860917294,88.067107,67.50821310638298,19.946639583879612,0.3132832539462926,22,64,,False,False,Request timeout: 300.0s exceeded,243,21.16838264042747
344,2026-09-14T02:29:03.182+00:00,2026-09-14T02:33:56.694+00:00,2026-09-14T02:34:03.206+00:00,False,97,96.0,,96.0,293511.712868,300023.21059599996,300023.21061799995,3093.0227898762882,0.03411,293511.712868,29794.7186458881,87.2772778,67.82810133333332,19.535857670768284,0.3199752439462759,22,64,,False,False,Request timeout: 300.0s exceeded,410,21.16838264042747
345,2026-09-14T02:29:06.712+00:00,2026-09-14T02:34:00.270+00:00,2026-09-14T02:34:06.741+00:00,False,100,99.0,,99.0,293557.65486400004,300028.671824,300028.671839,3000.2867183900003,0.0,293557.65486400004,29349.30276293828,87.55583805,65.36380767676768,66.08854203780066,0.3299684640075814,22,64,,False,False,Request timeout: 300.0s exceeded,476,21.16838264042747
346,2026-09-14T02:29:11.506+00:00,2026-09-14T02:34:05.069+00:00,2026-09-14T02:34:11.579+00:00,False,97,96.0,,96.0,293563.229228,300072.95006,300072.94998,3093.5355668041234,0.0,293563.229228,29800.020720026434,92.10263579999999,67.809592,67.58378908782609,0.3199222055197067,22,64,,False,False,Request timeout: 300.0s exceeded,313,21.16838264042747
347,2026-09-14T02:29:14.760+00:00,2026-09-14T02:34:08.445+00:00,2026-09-14T02:34:14.802+00:00,False,89,88.0,,88.0,293684.24456300004,300041.719379,300041.71930800006,3371.255273123596,0.022920000000000003,293684.24456300004,31122.816263850866,90.60097459999999,72.244032,20.15664055780754,0.2932925467236178,22,64,,False,False,Request timeout: 300.0s exceeded,488,21.16838264042747
348,2026-09-14T02:29:17.788+00:00,2026-09-14T02:34:11.581+00:00,2026-09-14T02:34:17.841+00:00,False,90,89.0,,89.0,293792.80255699996,300052.82201299997,300052.82194699993,3333.9202438555553,0.02637,293792.80255699996,30961.072905369743,91.07474685,70.33729725842696,20.27800056969637,0.2966144407605139,22,64,,False,False,Request timeout: 300.0s exceeded,441,21.16838264042747
349,2026-09-14T02:29:21.724+00:00,2026-09-14T02:34:15.313+00:00,2026-09-14T02:34:21.753+00:00,False,95,94.0,,94.0,293588.32439200004,300028.32234400004,300028.322463,3158.1928680315796,0.02071,293588.32439200004,30114.50387156755,88.31450130000002,68.5106165106383,19.719319777009645,0.31330375501091356,22,64,,False,False,Request timeout: 300.0s exceeded,424,21.16838264042747
350,2026-09-14T02:29:24.864+00:00,2026-09-14T02:34:18.568+00:00,2026-09-14T02:34:24.896+00:00,False,93,92.0,,92.0,293704.479429,300032.639685,300032.639726,3226.1574164086023,0.020579999999999998,293704.479429,30448.60956865265,90.0055782,68.78435060869566,19.85660125769268,0.30663330528501664,22,64,,False,False,Request timeout: 300.0s exceeded,431,21.16838264042747
351,2026-09-14T02:29:28.852+00:00,2026-09-14T02:34:22.778+00:00,2026-09-14T02:34:28.897+00:00,False,87,86.0,,86.0,293926.67748400004,300045.08311600005,300045.08325400006,3448.794060390805,0.03522,293926.67748400004,31504.626211308518,90.15394499999998,71.14425153488372,19.80145189443417,0.28662359371758694,22,64,,False,False,Request timeout: 300.0s exceeded,403,21.16838264042747
352,2026-09-14T02:29:33.537+00:00,2026-09-14T02:34:27.075+00:00,2026-09-14T02:34:33.566+00:00,False,96,95.0,,95.0,293538.25349699997,300028.947129,300028.947062,3125.301531895833,0.023100000000000002,293538.25349699997,29952.155998489765,88.2624065,68.3230908631579,20.065981941667882,0.31663611431184324,22,64,,False,False,Request timeout: 300.0s exceeded,527,21.16838264042747
353,2026-09-14T02:29:38.645+00:00,2026-09-14T02:34:32.259+00:00,2026-09-14T02:34:38.699+00:00,False,95,94.0,,94.0,293614.346462,300054.41122999997,300054.411113,3158.4674854,0.036999000000000004,293614.346462,30117.17387481413,88.64117270000001,68.51132731914895,20.129429811703822,0.31327651413178664,22,64,,False,False,Request timeout: 300.0s exceeded,420,21.16838264042747
354,2026-09-14T02:29:43.591+00:00,2026-09-14T02:34:37.168+00:00,2026-09-14T02:34:43.654+00:00,False,94,93.0,,93.0,293577.407075,300063.107171,300063.10705,3192.1607132978725,0.03976,293577.407075,30273.0107555968,88.663976,69.73871070967742,19.552585939216275,0.30993480297130016,22,64,,False,False,Request timeout: 300.0s exceeded,416,21.16838264042747
355,2026-09-14T02:29:47.968+00:00,2026-09-14T02:34:41.486+00:00,2026-09-14T02:34:48.022+00:00,False,100,99.0,,99.0,293517.96259500005,300053.869667,300053.86983400007,3000.5386983400003,0.07305,293517.96259500005,29345.200496749727,87.0051085,66.01926335353535,19.116600691945994,0.3299407540048401,22,64,,False,False,Request timeout: 300.0s exceeded,513,21.16838264042747
356,2026-09-14T02:29:52.328+00:00,2026-09-14T02:34:46.165+00:00,2026-09-14T02:34:52.357+00:00,False,96,95.0,,95.0,293837.173675,300028.88106700004,300028.88109000004,3125.3008446875,0.02509,293837.173675,29982.985636799993,86.718305,65.17586728421053,20.096427755990078,0.3166361840305146,22,64,,True,False,Request timeout: 300.0s exceeded,434,21.16838264042747
357,2026-09-14T02:29:56.865+00:00,2026-09-14T02:34:50.179+00:00,2026-09-14T02:34:56.891+00:00,False,100,99.0,,99.0,293314.412593,300025.806129,300025.806002,3000.25806002,0.023690000000000003,293314.412593,29324.6689081895,89.40101395000002,67.7918538989899,20.1223418093142,0.3299716156997297,22,64,,True,False,Request timeout: 300.0s exceeded,448,21.16838264042747
358,2026-09-14T02:30:02.375+00:00,2026-09-14T02:34:55.905+00:00,2026-09-14T02:35:02.407+00:00,False,100,99.0,,99.0,293530.171153,300031.888657,300031.888764,3000.31888764,0.027239,293530.171153,29346.456619026212,87.65433145000002,65.67391418181818,20.219587100031028,0.3299649262054874,22,64,,True,False,Request timeout: 300.0s exceeded,472,21.16838264042747
359,2026-09-14T02:30:06.977+00:00,2026-09-14T02:35:00.786+00:00,2026-09-14T02:35:07.072+00:00,False,92,91.0,,91.0,293809.06054900005,300095.225541,300095.22558500007,3261.9046259239135,0.02622,293809.06054900005,30624.51664017778,89.0165036,69.07873617582418,20.130971550167622,0.3032370802832625,22,64,,True,False,Request timeout: 300.0s exceeded,385,21.16838264042747
360,2026-09-14T02:30:11.759+00:00,2026-09-14T02:35:05.491+00:00,2026-09-14T02:35:11.848+00:00,False,96,95.0,,95.0,293732.524186,300089.22281,300089.222673,3125.92940284375,0.018469000000000003,293732.524186,29972.127772065847,88.07218974999999,66.91261709473685,20.295459383424067,0.31657251503546585,22,64,,True,False,Request timeout: 300.0s exceeded,345,21.16838264042747
361,2026-09-14T02:30:15.902+00:00,2026-09-14T02:35:09.225+00:00,2026-09-14T02:35:15.916+00:00,False,101,100.0,,100.0,293322.767134,300013.771038,300013.77116600005,2970.4333778811883,0.020370000000000003,293322.767134,29180.055809940415,89.74560000000001,66.91003904,20.892310587973544,0.33331803288234363,22,64,,True,False,Request timeout: 300.0s exceeded,484,21.16838264042747
362,2026-09-14T02:30:20.641+00:00,2026-09-14T02:35:14.381+00:00,2026-09-14T02:35:20.692+00:00,False,91,90.0,,90.0,293740.404128,300051.35171200003,300051.351763,3297.267601791209,0.03996,293740.404128,30785.01695631647,90.53854900000002,70.12163982222222,20.184502007441836,0.29994865707649004,22,64,,True,False,Request timeout: 300.0s exceeded,224,21.16838264042747
363,2026-09-14T02:30:25.457+00:00,2026-09-14T02:35:18.760+00:00,2026-09-14T02:35:25.484+00:00,False,98,97.0,,97.0,293303.164287,300027.10745500005,300027.107349,3061.5010953979595,0.03959,293303.164287,29621.098113348104,89.20099939999999,69.31900173195876,19.901785671915782,0.3233041201603714,22,64,,True,False,Request timeout: 300.0s exceeded,461,21.16838264042747
364,2026-09-14T02:30:29.495+00:00,2026-09-14T02:35:23.049+00:00,2026-09-14T02:35:29.563+00:00,False,97,96.0,,96.0,293553.908841,300067.410537,300067.410699,3093.4784608144328,0.08463,293553.908841,29799.002203869255,88.722495,67.848976,21.483611765798695,0.3199281115806565,22,64,,True,False,Request timeout: 300.0s exceeded,449,21.16838264042747
365,2026-09-14T02:30:34.057+00:00,2026-09-14T02:35:27.517+00:00,2026-09-14T02:35:34.119+00:00,False,99,98.0,,98.0,293460.193744,300061.82344,300061.823325,3030.927508333333,0.137959,293460.193744,29487.095153129292,87.593626,67.36356832653061,19.2939248861755,0.3265993616798638,22,64,,True,False,Request timeout: 300.0s exceeded,476,21.16838264042747
366,2026-09-14T02:30:38.603+00:00,2026-09-14T02:35:32.252+00:00,2026-09-14T02:35:38.685+00:00,False,96,95.0,,95.0,293649.01965100004,300081.926915,300081.92685800005,3125.8534047708335,0.02121,293649.01965100004,29963.522840412024,87.475335,67.71481330526316,19.668378653316513,0.3165802118663058,22,64,,True,False,Request timeout: 300.0s exceeded,461,21.16838264042747
367,2026-09-14T02:30:41.779+00:00,2026-09-14T02:35:35.335+00:00,2026-09-14T02:35:41.871+00:00,False,97,96.0,,96.0,293556.32310900005,300092.50333300006,300092.5034190001,3093.737148649485,0.02196,293556.32310900005,29799.22248294289,88.08804600000002,68.08521066666667,20.232287471580793,0.31990136019316956,22,64,,True,False,Request timeout: 300.0s exceeded,385,21.16838264042747
368,2026-09-14T02:30:45.239+00:00,2026-09-14T02:35:38.934+00:00,2026-09-14T02:35:45.263+00:00,False,93,92.0,,92.0,293695.07351,300023.948774,300023.94888700004,3226.063966526882,0.03484,293695.07351,30447.633794116216,89.86986639999999,68.79212243478261,20.43660557103734,0.30664218765183027,22,64,,True,False,Request timeout: 300.0s exceeded,456,21.16838264042747
369,2026-09-14T02:30:50.417+00:00,2026-09-14T02:35:44.005+00:00,2026-09-14T02:35:50.435+00:00,False,95,94.0,,94.0,293587.41337300005,300017.4667490001,300017.46661700006,3158.0785959684217,0.023710000000000002,293587.41337300005,30114.421953394074,89.39448100000001,68.40482314893617,20.76577895517685,0.31331509134647173,22,64,,True,False,Request timeout: 300.0s exceeded,363,21.16838264042747
370,2026-09-14T02:30:55.605+00:00,2026-09-14T02:35:49.276+00:00,2026-09-14T02:35:55.684+00:00,False,93,92.0,,92.0,293670.47661400004,300078.76768600004,300078.767844,3226.65341767742,0.0237,293670.47661400004,30444.992458358134,86.3324236,69.65533773913043,18.46531933041106,0.3065861697228377,22,64,,True,False,Request timeout: 300.0s exceeded,465,21.16838264042747
371,2026-09-14T02:30:59.681+00:00,2026-09-14T02:35:53.386+00:00,2026-09-14T02:35:59.702+00:00,False,94,93.0,,93.0,293705.329265,300021.241201,300021.2413,3191.7153329787234,0.03698,293705.329265,30286.393231414935,87.7231805,67.91303156989247,19.56502892131545,0.3099780523129508,22,64,,True,False,Request timeout: 300.0s exceeded,427,21.16838264042747
372,2026-09-14T02:31:03.842+00:00,2026-09-14T02:35:57.695+00:00,2026-09-14T02:36:03.919+00:00,False,93,92.0,,92.0,293853.154348,300076.995116,300076.995269,3226.6343577311827,0.03592,293853.154348,30464.144665336273,88.94072200000001,67.65044313043478,20.83807356994775,0.3065879807428617,22,64,,True,False,Request timeout: 300.0s exceeded,424,21.16838264042747
373,2026-09-14T02:31:08.641+00:00,2026-09-14T02:36:02.834+00:00,2026-09-14T02:36:08.672+00:00,False,82,81.0,,81.0,294192.922489,300030.914681,300030.914723,3658.913594182927,0.03561,294192.922489,32480.21976490691,88.51914405,72.07397767901234,19.214834776599158,0.2699721796539571,22,64,,True,False,Request timeout: 300.0s exceeded,410,21.16838264042747
374,2026-09-14T02:31:11.982+00:00,2026-09-14T02:36:05.726+00:00,2026-09-14T02:36:12.033+00:00,False,92,91.0,,91.0,293744.17407999997,300051.28806399996,300051.288173,3261.4270453586955,0.04493,293744.17407999997,30617.727164184365,88.53854449999999,69.30894487912089,19.195084908040776,0.3032814842660832,22,64,,True,False,Request timeout: 300.0s exceeded,465,21.16838264042747
375,2026-09-14T02:31:15.713+00:00,2026-09-14T02:36:09.559+00:00,2026-09-14T02:36:15.725+00:00,False,90,89.0,,89.0,293846.359979,300011.851691,300011.851851,3333.4650205666667,0.02486,293846.359979,30966.82937101338,87.53289145,69.2751877752809,18.775124941263286,0.2966549471241102,22,64,,True,False,Request timeout: 300.0s exceeded,452,21.16838264042747
376,2026-09-14T02:31:18.843+00:00,2026-09-14T02:36:12.830+00:00,2026-09-14T02:36:18.888+00:00,False,87,86.0,,86.0,293986.924268,300044.828908,300044.829144,3448.791139586207,0.039060000000000004,293986.924268,31511.160602796484,87.8000203,70.44075162790698,19.536491062054154,0.2866238365546683,22,64,,True,False,Request timeout: 300.0s exceeded,357,21.16838264042747
377,2026-09-14T02:31:24.182+00:00,2026-09-14T02:36:17.956+00:00,2026-09-14T02:36:24.193+00:00,False,95,94.0,,94.0,293774.05018,300011.349124,300011.34917,3158.014201789474,0.047869999999999996,293774.05018,30133.780454890322,88.4238967,66.35424408510639,20.153779556172843,0.31332148025222917,22,64,,True,False,Request timeout: 300.0s exceeded,184,21.16838264042747
378,2026-09-14T02:31:27.547+00:00,2026-09-14T02:36:21.485+00:00,2026-09-14T02:36:27.629+00:00,False,92,91.0,,91.0,293938.389748,300082.804468,300082.804515,3261.7696142934783,0.02013,293938.389748,30638.16272002515,89.47449155,67.52104087912089,20.407173961521647,0.30324963191852594,22,64,,True,False,Request timeout: 300.0s exceeded,465,21.16838264042747
379,2026-09-14T02:31:31.073+00:00,2026-09-14T02:36:24.841+00:00,2026-09-14T02:36:31.156+00:00,False,89,88.0,,88.0,293768.333289,300083.325929,300083.32588799996,3371.7227627865163,0.03012,293768.333289,31131.78012168412,88.2775954,71.76128,19.03331907908175,0.29325188171508365,22,64,,True,False,Request timeout: 300.0s exceeded,424,21.16838264042747
380,2026-09-14T02:31:36.553+00:00,2026-09-14T02:36:30.324+00:00,2026-09-14T02:36:36.600+00:00,False,91,90.0,,90.0,293771.321541,300047.59213299997,300047.592091,3297.2262867142854,0.02366,293771.321541,30788.29871309854,88.36331849999999,69.73633991111112,20.704490246389692,0.29995241541583956,22,64,,True,False,Request timeout: 300.0s exceeded,382,21.16838264042747
381,2026-09-14T02:31:41.933+00:00,2026-09-14T02:36:35.469+00:00,2026-09-14T02:36:41.970+00:00,False,97,96.0,,96.0,293535.704776,300036.942024,300036.94218,3093.164352371134,0.02222,293535.704776,29797.166439287495,90.9540322,67.72122133333333,20.924347008773754,0.3199606000261159,22,64,,True,False,Request timeout: 300.0s exceeded,505,21.16838264042747
382,2026-09-14T02:31:46.838+00:00,2026-09-14T02:36:40.519+00:00,2026-09-14T02:36:46.910+00:00,False,93,92.0,,92.0,293681.705092,300072.3081,300072.308218,3226.5839593333335,0.023699,293681.705092,30446.178352312796,90.65719059999999,69.46307617391305,20.99072723366053,0.30659276953120485,22,64,,True,False,Request timeout: 300.0s exceeded,211,21.16838264042747
383,2026-09-14T02:31:50.673+00:00,2026-09-14T02:36:44.483+00:00,2026-09-14T02:36:50.744+00:00,False,93,92.0,,92.0,293810.428985,300071.00575300003,300071.00577600003,3226.569954580645,0.033460000000000004,293810.428985,30459.672790963436,88.63079900000001,68.04974747826087,20.755371399681394,0.3065941001835037,22,64,,True,False,Request timeout: 300.0s exceeded,363,21.16838264042747
384,2026-09-14T02:31:54.832+00:00,2026-09-14T02:36:48.501+00:00,2026-09-14T02:36:54.920+00:00,False,94,93.0,,93.0,293668.89610799996,300088.15447599994,300088.15439499996,3192.427174414893,0.02463,293668.89610799996,30282.5206821888,87.87198000000001,69.02428352688173,19.344551951397634,0.30990893380111023,22,64,,True,False,Request timeout: 300.0s exceeded,444,21.16838264042747
385,2026-09-14T02:31:59.519+00:00,2026-09-14T02:36:53.337+00:00,2026-09-14T02:36:59.568+00:00,False,87,86.0,,86.0,293817.692849,300048.500145,300048.500123,3448.833334747126,0.03638,293817.692849,31492.801162795415,90.10521059999999,72.45124762790698,18.90072170724796,0.28662032957485223,22,64,,True,False,Request timeout: 300.0s exceeded,434,21.16838264042747
386,2026-09-14T02:32:05.575+00:00,2026-09-14T02:36:58.035+00:00,2026-09-14T02:37:05.723+00:00,False,117,116.0,,116.0,292460.127551,300147.618623,300147.61881099996,2565.3642633418804,0.04152,292460.127551,27031.828937761577,89.6878342,66.27147475862068,20.062957133891956,0.3864764962393443,22,64,,True,False,Request timeout: 300.0s exceeded,371,21.16838264042747
387,2026-09-14T02:32:08.417+00:00,2026-09-14T02:37:02.057+00:00,2026-09-14T02:37:08.456+00:00,False,105,104.0,,104.0,293639.913394,300038.76856199995,300038.768573,2857.5120816476187,0.0,293639.913394,28650.331203174494,89.0482498,61.527453538461536,28.841759444330272,0.3466218732280574,22,64,,True,False,Request timeout: 300.0s exceeded,429,21.16838264042747
388,2026-09-14T02:32:12.722+00:00,2026-09-14T02:37:07.189+00:00,2026-09-14T02:37:12.748+00:00,False,86,85.0,,85.0,294466.787875,300025.57545899996,300025.575465,3488.6694821511624,0.0,294466.787875,31746.12599510037,89.37070925,65.3975009882353,22.14963082220958,0.2833091807922078,22,64,,True,False,Request timeout: 300.0s exceeded,412,21.16838264042747
389,2026-09-14T02:32:18.091+00:00,2026-09-14T02:37:11.796+00:00,2026-09-14T02:37:18.112+00:00,False,99,98.0,,98.0,293704.884006,300020.089126,300020.089111,3030.5059506161615,0.040240000000000005,293704.884006,29511.98212655967,88.27314249999999,64.44086857142858,20.695325161281065,0.32664479330530016,22,64,,True,False,Request timeout: 300.0s exceeded,478,21.16838264042747
390,2026-09-14T02:32:22.177+00:00,2026-09-14T02:37:15.957+00:00,2026-09-14T02:37:22.192+00:00,False,96,95.0,,95.0,293779.95519099996,300015.12063099997,300015.120586,3125.1575061041663,0.02986,293779.95519099996,29977.099368594594,89.4124365,65.63332042105263,20.4788850331157,0.3166507068050218,22,64,,True,False,Request timeout: 300.0s exceeded,445,21.16838264042747
391,2026-09-14T02:32:27.024+00:00,2026-09-14T02:37:20.412+00:00,2026-09-14T02:37:27.050+00:00,False,102,101.0,,101.0,293388.37332300004,300025.983307,300025.983407,2941.4312098725495,0.038509999999999996,293388.37332300004,29043.277449281366,88.367269,65.71891073267327,20.109281176197946,0.33663751014742044,22,64,,True,False,Request timeout: 300.0s exceeded,476,21.16838264042747
392,2026-09-14T02:32:31.208+00:00,2026-09-14T02:37:24.723+00:00,2026-09-14T02:37:31.261+00:00,False,96,95.0,,95.0,293515.03977,300052.915482,300052.91565499996,3125.551204739583,0.02391,293515.03977,29949.735762420558,88.49623600000001,68.8197443368421,19.599323197448435,0.3166108212859508,22,64,,True,False,Request timeout: 300.0s exceeded,357,21.16838264042747
393,2026-09-14T02:32:34.986+00:00,2026-09-14T02:37:28.450+00:00,2026-09-14T02:37:35.044+00:00,False,95,94.0,,94.0,293464.523398,300057.89197399997,300057.891837,3158.5041246,0.04034,293464.523398,30101.633785358896,86.6066867,70.14221889361701,18.150435444374786,0.3132728800485778,22,64,,True,False,Request timeout: 300.0s exceeded,138,21.16838264042747
394,2026-09-14T02:32:39.661+00:00,2026-09-14T02:37:33.492+00:00,2026-09-14T02:37:39.753+00:00,False,95,94.0,,94.0,293831.16665499995,300091.67199899995,300091.67192999995,3158.8597045263155,0.03386,293831.16665499995,30139.614390549345,87.03199130000002,66.60112068085107,18.968863326554608,0.31323761627184793,22,64,,True,False,Request timeout: 300.0s exceeded,460,21.16838264042747
395,2026-09-14T02:32:43.326+00:00,2026-09-14T02:37:36.950+00:00,2026-09-14T02:37:43.356+00:00,False,93,92.0,,92.0,293624.299274,300030.58151399996,300030.581646,3226.135286516129,0.02656,293624.299274,30440.20694087475,88.01093259999999,69.63350260869565,19.415074070400575,0.3066354087498481,22,64,,True,False,Request timeout: 300.0s exceeded,482,21.16838264042747
396,2026-09-14T02:32:48.565+00:00,2026-09-14T02:37:42.367+00:00,2026-09-14T02:37:48.596+00:00,False,91,90.0,,90.0,293801.72488,300031.01896,300031.018852,3297.0441632087914,0.0219,293801.72488,30791.539422087317,86.64081700000001,69.21437866666668,18.90799485491154,0.2999689842469213,22,64,,True,False,Request timeout: 300.0s exceeded,447,21.16838264042747
397,2026-09-14T02:32:52.810+00:00,2026-09-14T02:37:46.115+00:00,2026-09-14T02:37:52.860+00:00,False,101,100.0,,100.0,293304.719996,300050.16102,300050.161079,2970.793674049505,0.0206,293304.719996,29178.20478067795,87.158446,67.45441024,19.269791097058,0.33327760818410107,22,64,,True,False,Request timeout: 300.0s exceeded,373,21.16838264042747
398,2026-09-14T02:32:58.315+00:00,2026-09-14T02:37:51.875+00:00,2026-09-14T02:37:58.365+00:00,False,93,92.0,,92.0,293559.981204,300050.62338,300050.623294,3226.350788107527,0.02149,293559.981204,30433.443048784084,90.92628,70.55045843478261,20.439303388700527,0.306614927053447,22,64,,True,False,Request timeout: 300.0s exceeded,484,21.16838264042747
399,2026-09-14T02:33:02.121+00:00,2026-09-14T02:37:55.921+00:00,2026-09-14T02:38:02.207+00:00,False,91,90.0,,90.0,293799.879425,300085.723905,300085.72392799996,3297.6453178901097,0.03503,293799.879425,30791.281152176456,90.313004,69.84271644444445,20.570826261690126,0.2999143005832955,22,64,,True,False,Request timeout: 300.0s exceeded,409,21.16838264042747
400,2026-09-14T02:33:07.575+00:00,2026-09-14T02:38:01.548+00:00,2026-09-14T02:38:07.597+00:00,False,89,88.0,,88.0,293972.88888700004,300022.108727,300022.10858800006,3371.0349279550564,0.02471,293972.88888700004,31153.783934208685,88.76215640000001,68.74113454545454,20.363724324917165,0.2933117175043727,22,64,,True,False,Request timeout: 300.0s exceeded,384,21.16838264042747
401,2026-09-14T02:33:11.033+00:00,2026-09-14T02:38:04.950+00:00,2026-09-14T02:38:12.736+00:00,False,71,70.0,,70.0,293916.519153,301702.83288099995,301702.83266899997,4249.335671394366,0.05105,293916.519153,34870.000781951494,89.673901,111.23305325714286,349.68102240008744,0.23201638291414373,22,64,,True,False,Request timeout: 300.0s exceeded,324,21.16838264042747
402,2026-09-14T02:33:15.523+00:00,2026-09-14T02:38:09.017+00:00,2026-09-14T02:38:15.611+00:00,False,109,108.0,,108.0,293494.507291,300088.486683,300088.48659399996,2753.10538159633,0.01533,293494.507291,28107.344093216394,88.48212520000001,61.055364740740735,293.35877469126706,0.35989384729073715,22,64,,True,False,Request timeout: 300.0s exceeded,635,21.16838264042747
403,2026-09-14T02:33:20.470+00:00,2026-09-14T02:38:14.242+00:00,2026-09-14T02:38:20.514+00:00,False,97,96.0,,96.0,293771.824684,300044.588332,300044.588435,3093.243179742268,0.12355,293771.824684,29821.381323714286,87.097328,65.341288,19.275677742513004,0.3199524461803517,22,64,,True,False,Request timeout: 300.0s exceeded,327,21.16838264042747
404,2026-09-14T02:33:23.524+00:00,2026-09-14T02:38:17.464+00:00,2026-09-14T02:38:23.573+00:00,False,91,90.0,,90.0,293939.59821799997,300049.100682,300049.100894,3297.2428669670326,0.04364,293939.59821799997,30806.132537684094,87.738965,67.88336071111111,19.773201346383875,0.2999509073529415,22,64,,True,False,Request timeout: 300.0s exceeded,451,21.16838264042747
405,2026-09-14T02:33:27.395+00:00,2026-09-14T02:38:21.104+00:00,2026-09-14T02:38:27.416+00:00,False,96,95.0,,95.0,293708.582254,300020.14347,300020.14350400004,3125.2098281666667,0.04136,293708.582254,29969.732546663883,88.65061825000001,66.43748648421052,20.06227669569927,0.31664540554257603,22,64,,True,False,Request timeout: 300.0s exceeded,432,21.16838264042747
406,2026-09-14T02:33:32.121+00:00,2026-09-14T02:38:25.770+00:00,2026-09-14T02:38:32.214+00:00,False,100,99.0,,99.0,293648.87327700004,300093.20863700006,300093.20856600004,3000.93208566,0.03558,293648.87327700004,29358.384729097113,87.688861,65.09429656565656,20.129226388142495,0.32989750234485565,22,64,,True,False,Request timeout: 300.0s exceeded,449,21.16838264042747
407,2026-09-14T02:33:35.437+00:00,2026-09-14T02:38:29.256+00:00,2026-09-14T02:38:35.482+00:00,False,93,92.0,,92.0,293818.94728799997,300045.46632799995,300045.466424,3226.2953378924726,0.03886,293818.94728799997,30460.594237587262,89.2053396,67.6795547826087,20.38537278711464,0.3066201970185031,22,64,,True,False,Request timeout: 300.0s exceeded,495,21.16838264042747
408,2026-09-14T02:33:40.657+00:00,2026-09-14T02:38:34.764+00:00,2026-09-14T02:38:40.728+00:00,False,85,84.0,,84.0,294106.351729,300070.553969,300070.55397,3530.2418114117645,0.02172,294106.351729,31892.617190405977,88.139392,71.00240761904762,19.213826663751064,0.2799341651119755,22,64,,True,False,Request timeout: 300.0s exceeded,409,21.16838264042747
409,2026-09-14T02:33:44.831+00:00,2026-09-14T02:38:38.824+00:00,2026-09-14T02:38:44.870+00:00,False,93,92.0,,92.0,293992.340117,300038.391701,300038.391566,3226.2192641505376,0.04665999999999999,293992.340117,30478.777670122872,87.94528620000001,65.717952,20.42881611798973,0.30662742683836813,22,64,,True,False,Request timeout: 300.0s exceeded,259,21.16838264042747
410,2026-09-14T02:33:50.238+00:00,2026-09-14T02:38:43.809+00:00,2026-09-14T02:38:50.270+00:00,False,100,99.0,,99.0,293570.43678600003,300032.22341000004,300032.22345700004,3000.3222345700005,0.04309,293570.43678600003,29350.52356405028,87.17022545,65.27057195959596,20.290441921211723,0.3299645580558676,22,64,,True,False,Request timeout: 300.0s exceeded,447,21.16838264042747
411,2026-09-14T02:33:55.014+00:00,2026-09-14T02:38:48.859+00:00,2026-09-14T02:38:55.058+00:00,False,92,91.0,,91.0,293844.580535,300044.08901500003,300044.088921,3261.3487926195653,0.02495,293844.580535,30628.319134645655,89.3441265,68.12646681318681,20.130400258082577,0.3032887609908911,22,64,,True,False,Request timeout: 300.0s exceeded,290,21.16838264042747
412,2026-09-14T02:33:58.807+00:00,2026-09-14T02:38:52.312+00:00,2026-09-14T02:38:58.874+00:00,False,98,97.0,,97.0,293504.57729000004,300066.77965800004,300066.7797000001,3061.905915306123,0.039799999999999995,293504.57729000004,29641.612661626423,87.96121585,67.65157080412371,20.394288294957228,0.3232613757196161,22,64,,True,False,Request timeout: 300.0s exceeded,468,21.16838264042747
413,2026-09-14T02:34:03.274+00:00,2026-09-14T02:38:57.259+00:00,2026-09-14T02:39:03.281+00:00,False,88,87.0,,87.0,293985.407584,300007.481696,300007.48158499994,3409.1759271022725,0.018699999999999998,293985.407584,31331.577052392557,88.23172405000001,69.21924266666667,19.665746511803963,0.2899927678742286,22,64,,True,False,Request timeout: 300.0s exceeded,431,21.16838264042747
414,2026-09-14T02:34:06.945+00:00,2026-09-14T02:39:00.366+00:00,2026-09-14T02:39:06.983+00:00,False,101,100.0,,100.0,293420.52485399996,300037.96536599996,300037.96538799995,2970.672924633663,0.02214,293420.52485399996,29189.85600166294,88.83090200000001,66.17440512,20.52080022760375,0.3332911549310616,22,64,,True,False,Request timeout: 300.0s exceeded,478,21.16838264042747
415,2026-09-14T02:34:11.112+00:00,2026-09-14T02:39:04.459+00:00,2026-09-14T02:39:11.137+00:00,False,102,101.0,,101.0,293347.103338,300024.658026,300024.658175,2941.418217401961,0.019809999999999998,293347.103338,29039.15212105563,88.532281,66.11440285148515,20.352577270491853,0.33663899715618506,22,64,,True,False,Request timeout: 300.0s exceeded,493,21.16838264042747
416,2026-09-14T02:34:15.993+00:00,2026-09-14T02:39:09.846+00:00,2026-09-14T02:39:16.046+00:00,False,93,92.0,,92.0,293853.079598,300052.57834999997,300052.57833499997,3226.371810053763,0.02417,293853.079598,30464.164307063438,89.090746,67.385856,20.77346617789325,0.3066129293269578,22,64,,True,False,Request timeout: 300.0s exceeded,487,21.16838264042747
417,2026-09-14T02:34:20.674+00:00,2026-09-14T02:39:14.250+00:00,2026-09-14T02:39:20.766+00:00,False,95,94.0,,94.0,293575.99547100003,300091.87463900005,300091.87464000005,3158.86183831579,0.04019,293575.99547100003,30113.15603853605,88.6660744,69.3178634893617,19.578251842753417,0.31323740475505607,22,64,,True,False,Request timeout: 300.0s exceeded,420,21.16838264042747
418,2026-09-14T02:34:24.984+00:00,2026-09-14T02:39:18.525+00:00,2026-09-14T02:39:25.029+00:00,False,96,95.0,,95.0,293541.27933399996,300045.34256599995,300045.342738,3125.4723201874995,0.019960000000000002,293541.27933399996,29952.450027957148,89.15753624999999,68.46382349473683,19.40657245656556,0.31661881230202127,22,64,,True,False,Request timeout: 300.0s exceeded,313,21.16838264042747
419,2026-09-14T02:34:29.502+00:00,2026-09-14T02:39:22.976+00:00,2026-09-14T02:39:29.580+00:00,False,99,98.0,,98.0,293473.614745,300077.96725700004,300077.96719600004,3031.090577737374,0.02674,293473.614745,29488.441776919888,88.499277,67.3913521632653,20.132931468702477,0.3265817910452201,22,64,,True,False,Request timeout: 300.0s exceeded,453,21.16838264042747
420,2026-09-14T02:34:33.191+00:00,2026-09-14T02:39:26.669+00:00,2026-09-14T02:39:33.199+00:00,False,99,98.0,,98.0,293478.307374,300007.77732600004,300007.777293,3030.381588818182,0.027839,293478.307374,29488.990135846976,87.018811,66.62724440816326,20.038574695117166,0.32665819824233894,22,64,,True,False,Request timeout: 300.0s exceeded,277,21.16838264042747
421,2026-09-14T02:34:37.090+00:00,2026-09-14T02:39:30.782+00:00,2026-09-14T02:39:37.127+00:00,False,119,118.0,,118.0,293691.542441,300036.809129,300036.80903,2521.3177229411763,0.027420000000000003,293691.542441,26917.738551777755,88.6993669,53.77344650847457,21.35724465698195,0.3932850783960518,22,64,,True,False,Request timeout: 300.0s exceeded,552,21.16838264042747
422,2026-09-14T02:34:40.364+00:00,2026-09-14T02:39:33.618+00:00,2026-09-14T02:39:40.440+00:00,False,161,160.0,,160.0,293254.12166299997,300075.52966299996,300075.52944699995,1863.8231642670805,0.01863,293254.12166299997,23108.379763600995,153.20158600000002,42.6338,59.95153545506341,0.5331990921741874,22,64,,True,False,Request timeout: 300.0s exceeded,783,21.16838264042747
0,2026-09-14T02:04:40.908+00:00,2026-09-14T02:04:41.143+00:00,2026-09-14T02:04:56.932+00:00,True,282,282.0,,282.0,235.407285,16023.577524999999,16023.577463,56.82119667730497,0.024239999999999998,235.407285,23.523171392919092,95.69597750000001,56.18565921708185,21.000163746855886,17.59906609869259,23,64,,False,True,,1100,21.16838264042747
1,2026-09-14T02:04:45.263+00:00,2026-09-14T02:04:45.440+00:00,2026-09-14T02:04:53.917+00:00,True,139,139.0,,139.0,176.693607,8653.466471,8653.466504,62.25515470503597,39.061778,176.693607,22.319490624829495,95.4256389,61.42589031884058,20.137294783564524,16.062926974504943,23,64,,False,True,,684,21.16838264042747
2,2026-09-14T02:04:48.280+00:00,2026-09-14T02:04:51.894+00:00,2026-09-14T02:05:06.628+00:00,True,223,223.0,,223.0,3614.364593,18348.146865,18348.146925,82.27868576233183,37.037822,3614.364593,238.6115950952501,96.62758299999997,66.3683886126126,22.091146862766642,12.153815948867488,23,64,,False,True,,920,21.16838264042747
3,2026-09-14T02:04:52.269+00:00,2026-09-14T02:04:58.289+00:00,2026-09-14T02:05:17.626+00:00,True,294,294.0,,294.0,6020.2075429999995,25357.576631,25357.576525,86.25026028911564,19.437689,6020.2075429999995,347.9594824343023,95.39263650000001,65.99784671672354,22.143963410566677,11.59416786068511,23,64,,False,True,,1482,21.16838264042747
4,2026-09-14T02:04:54.881+00:00,2026-09-14T02:05:03.369+00:00,2026-09-14T02:05:11.172+00:00,True,121,121.0,,121.0,8488.071353,16291.273912999999,16291.273847999999,134.6386268429752,39.203537,8488.071353,766.0411008272924,94.79285899999999,65.026688,21.87420473035898,7.427289028849073,23,64,,False,True,,472,21.16838264042747
5,2026-09-14T02:04:58.159+00:00,2026-09-14T02:05:09.612+00:00,2026-09-14T02:05:22.450+00:00,True,190,190.0,,190.0,11453.734293,24291.232661000002,24291.23247,127.84859194736842,27.115933000000002,11453.734293,826.3141160791826,95.2722109,67.92327178835978,22.344524674574764,7.821752096798624,23,64,,False,True,,852,21.16838264042747
6,2026-09-14T02:05:02.952+00:00,2026-09-14T02:05:16.956+00:00,2026-09-14T02:05:34.489+00:00,True,261,261.0,,261.0,14004.246878,31536.947293999998,31536.94747,120.83121636015326,39.632796,14004.246878,862.9445401606017,95.168359,67.43346313846155,21.922907948087513,8.276007108958705,23,64,,False,True,,1207,21.16838264042747
7,2026-09-14T02:05:05.704+00:00,2026-09-14T02:05:21.998+00:00,2026-09-14T02:05:31.195+00:00,True,136,136.0,,136.0,16293.212033,25490.286464999997,25490.286532,187.42857744117646,41.195553,16293.212033,1391.4576474857492,95.70568875,68.12647727407408,21.70483933931984,5.335365696526707,23,64,,False,True,,590,21.16838264042747
8,2026-09-14T02:05:08.955+00:00,2026-09-14T02:05:27.641+00:00,2026-09-14T02:05:45.662+00:00,True,271,271.0,,271.0,18685.983281,36707.625521,36707.625555,135.45249282287824,0.016730000000000002,18685.983281,1131.3511564174123,96.559232,66.74682311111111,26.66390685129151,7.382662216736522,23,64,,False,True,,1301,21.16838264042747
9,2026-09-14T02:05:12.961+00:00,2026-09-14T02:05:34.759+00:00,2026-09-14T02:05:53.361+00:00,True,286,286.0,,286.0,21797.533866,40400.036266,40400.036334000004,141.2588683006993,0.01837,21797.533866,1285.3148325426669,95.62202074999999,65.27193824561404,25.85930151943099,7.079201565982079,23,64,,False,True,,1583,21.16838264042747
10,2026-09-14T02:05:17.673+00:00,2026-09-14T02:05:43.826+00:00,2026-09-14T02:05:52.701+00:00,True,135,135.0,,135.0,26153.184806,35027.425574,35027.425605000004,259.4624118888889,39.405177,26153.184806,2245.312673884483,95.16088599999999,66.22567737313433,21.76579463444759,3.8541228134164447,23,64,,False,True,,333,21.16838264042747
11,2026-09-14T02:05:21.247+00:00,2026-09-14T02:05:48.771+00:00,2026-09-14T02:05:59.155+00:00,True,160,160.0,,160.0,27524.210289000002,37908.204145,37908.203947,236.92627466875,40.392794,27524.210289000002,2170.9266010157353,95.37012499999999,65.3081374591195,21.90094600355406,4.220722231736309,23,64,,False,True,,740,21.16838264042747
12,2026-09-14T02:05:24.906+00:00,2026-09-14T02:05:55.331+00:00,2026-09-14T02:06:08.141+00:00,True,194,194.0,,194.0,30424.903157,43235.735797,43235.735582,222.86461640206187,32.718841,30424.903157,2179.7225871914866,95.17560464999998,66.37737119170984,21.700098160945497,4.487028991731906,23,64,,False,True,,890,21.16838264042747
13,2026-09-14T02:05:29.227+00:00,2026-09-14T02:06:03.183+00:00,2026-09-14T02:06:10.261+00:00,True,106,106.0,,106.0,33955.562927,41033.837998999996,41033.838002,387.11167926415095,41.038364,33955.562927,3291.5799402216408,95.34343849999999,67.41214354285714,21.839735247806445,2.583233866707356,23,64,,False,True,,544,21.16838264042747
14,2026-09-14T02:05:33.345+00:00,2026-09-14T02:06:10.439+00:00,2026-09-14T02:06:26.319+00:00,True,242,242.0,,242.0,37094.106574,52973.412557999996,52973.412574999995,218.89839907024793,2.334315,37094.106574,2380.3729324607584,93.80196205,65.88923644813278,22.823980495220507,4.56832943762188,23,64,,False,True,,1548,21.16838264042747
15,2026-09-14T02:05:37.810+00:00,2026-09-14T02:06:18.553+00:00,2026-09-14T02:06:29.768+00:00,True,170,170.0,,170.0,40743.501725,51958.419869000005,51958.419823000004,305.6377636647059,7.318695,40743.501725,3119.879806403975,94.29623095000001,66.36046239053255,23.16429458581166,3.27184699666795,23,64,,False,True,,734,21.16838264042747
16,2026-09-14T02:05:42.292+00:00,2026-09-14T02:06:26.127+00:00,2026-09-14T02:06:36.867+00:00,True,162,162.0,,162.0,43835.091910999996,54575.004871,54575.004989999994,336.88274685185183,0.01592,43835.091910999996,3438.970964191164,95.39763405,66.70753391304348,37.38229315489932,2.9683918559956624,23,64,,False,True,,313,21.16838264042747
17,2026-09-14T02:05:46.920+00:00,2026-09-14T02:06:34.363+00:00,2026-09-14T02:06:45.942+00:00,True,171,171.0,,171.0,47443.786196999994,59022.22510899999,59022.22510899999,345.15921116374267,38.243559,47443.786196999994,3622.9732757231177,94.23309649999999,68.1084641882353,21.707710914099074,2.8972137137189207,23,64,,False,True,,585,21.16838264042747
18,2026-09-14T02:05:49.925+00:00,2026-09-14T02:06:39.475+00:00,2026-09-14T02:06:46.528+00:00,True,106,106.0,,106.0,49550.065329000005,56602.864817,56602.864734,533.9892899433962,38.229279000000005,49550.065329000005,4806.251053245937,94.448858,67.16951893333334,21.434358073650607,1.872696732624815,23,64,,False,True,,394,21.16838264042747
19,2026-09-14T02:05:53.418+00:00,2026-09-14T02:06:44.922+00:00,2026-09-14T02:07:00.650+00:00,True,236,236.0,,236.0,51503.104588,67231.022924,67231.02310800001,284.87721655932205,8.776272,51503.104588,3348.2859604071555,94.77174475,66.9273120680851,22.608933322022207,3.5102842368884017,23,64,,False,True,,801,21.16838264042747
20,2026-09-14T02:05:58.161+00:00,2026-09-14T02:06:54.242+00:00,2026-09-14T02:07:07.501+00:00,True,200,200.0,,200.0,56080.791245,69339.376333,69339.376229,346.696881145,38.380549,56080.791245,3960.8593981891654,95.40289089999999,66.62605571859297,21.818682106435244,2.8843639873469127,23,64,,False,True,,917,21.16838264042747
21,2026-09-14T02:06:01.015+00:00,2026-09-14T02:06:58.830+00:00,2026-09-14T02:07:07.133+00:00,True,126,126.0,,126.0,57815.221136,66118.043024,66118.04296,524.7463726984128,40.893534,57815.221136,5144.716935661708,95.09276449999999,66.422575104,21.61928721863595,1.9056825374317812,23,64,,False,True,,593,21.16838264042747
22,2026-09-14T02:06:04.140+00:00,2026-09-14T02:07:04.295+00:00,2026-09-14T02:07:13.468+00:00,True,139,139.0,,139.0,60154.870124,69328.086124,69328.085962,498.7632083597122,0.0,60154.870124,5096.711028581735,97.70492979999999,66.47257971014493,28.600998554061494,2.004959429449488,23,64,,False,True,,458,21.16838264042747
23,2026-09-14T02:06:08.487+00:00,2026-09-14T02:07:12.025+00:00,2026-09-14T02:07:19.974+00:00,True,123,123.0,,123.0,63538.158627,71486.959651,71486.95969799999,581.1947942926829,39.875465,63538.158627,5723.210305414198,95.531078,65.15410675409836,22.075468649300195,1.7205935264345715,23,64,,False,True,,401,21.16838264042747
24,2026-09-14T02:06:12.872+00:00,2026-09-14T02:07:20.599+00:00,2026-09-14T02:07:38.084+00:00,True,266,266.0,,266.0,67726.12711,85211.71175,85211.711772,320.3447810977444,0.01675,67726.12711,4148.671571635436,93.939797,65.98333826415094,36.73027672548267,3.121636621740555,23,64,,False,True,,1316,21.16838264042747
25,2026-09-14T02:06:16.469+00:00,2026-09-14T02:07:26.659+00:00,2026-09-14T02:07:36.580+00:00,True,150,150.0,,150.0,70189.893117,80111.140093,80111.140078,534.0742671866667,0.01773,70189.893117,5725.7240959183755,95.89444845,66.58555017449665,45.55497240701444,1.8723987678351217,23,64,,False,True,,929,21.16838264042747
26,2026-09-14T02:06:20.916+00:00,2026-09-14T02:07:33.514+00:00,2026-09-14T02:07:45.997+00:00,True,191,191.0,,191.0,72597.806468,85080.947588,85080.94763899999,445.44998763874344,39.949375999999994,72597.806468,5248.2799711100515,93.97379600000001,65.7007427368421,20.798346907016654,2.2449209301817774,23,64,,False,True,,843,21.16838264042747
27,2026-09-14T02:06:24.094+00:00,2026-09-14T02:07:39.438+00:00,2026-09-14T02:07:54.758+00:00,True,239,239.0,,239.0,75343.368581,90664.094341,90664.094302,379.3476749037657,0.0,75343.368581,4869.451816836777,93.78397989999999,64.37279731092437,23.893534827769162,2.6361042013069524,23,64,,False,True,,1232,21.16838264042747
28,2026-09-14T02:06:27.235+00:00,2026-09-14T02:07:45.018+00:00,2026-09-14T02:07:59.176+00:00,True,218,218.0,,218.0,77782.99201999999,91940.98498,91940.984896,421.7476371376146,0.0,77782.99201999999,5263.767793484102,94.285854,65.2442071889401,24.70837146666622,2.3710861923811426,23,64,,False,True,,922,21.16838264042747
29,2026-09-14T02:06:31.730+00:00,2026-09-14T02:07:52.686+00:00,2026-09-14T02:08:02.014+00:00,True,141,141.0,,141.0,80956.156546,90284.347522,90284.347407,640.3145206170212,40.558935,80956.156546,6812.160148246731,95.655389,66.62993554285714,21.320297749228715,1.5617325025873605,23,64,,False,True,,672,21.16838264042747
30,2026-09-14T02:06:35.729+00:00,2026-09-14T02:07:59.175+00:00,2026-09-14T02:08:05.971+00:00,True,107,107.0,,107.0,83446.729864,90242.087816,90242.08802099999,843.3840001962616,41.417942000000004,83446.729864,8060.931801039694,95.8421233,64.10715049056604,21.877624253165447,1.185699517703632,23,64,,False,True,,549,21.16838264042747
31,2026-09-14T02:06:39.108+00:00,2026-09-14T02:08:04.736+00:00,2026-09-14T02:08:11.734+00:00,True,109,109.0,,109.0,85628.517569,92626.30240100001,92626.30235,849.7825903669725,39.936375,85628.517569,8195.547160891285,97.1708714,64.794304,21.843584534989095,1.1767715775602765,23,64,,False,True,,542,21.16838264042747
32,2026-09-14T02:06:43.499+00:00,2026-09-14T02:08:13.244+00:00,2026-09-14T02:08:31.107+00:00,True,271,271.0,,271.0,89744.767618,107608.225922,107608.225782,397.0783239188192,0.0,89744.767618,5447.765696141501,95.96840300000002,66.16095668148148,44.15701368674768,2.518394831603625,23,64,,False,True,,1137,21.16838264042747
33,2026-09-14T02:06:46.313+00:00,2026-09-14T02:08:18.485+00:00,2026-09-14T02:08:33.667+00:00,True,230,230.0,,230.0,92172.20167200001,107353.34599200002,107353.345849,466.75367760434784,0.01559,92172.20167200001,6073.452812289542,95.79142599999999,66.29320663755459,45.415088922789884,2.1424576744644703,23,64,,False,True,,1015,21.16838264042747
34,2026-09-14T02:06:51.012+00:00,2026-09-14T02:08:26.716+00:00,2026-09-14T02:08:45.105+00:00,True,276,276.0,,276.0,95704.233271,114093.06015100001,114093.06016000001,413.3806527536232,0.0,95704.233271,5756.744475158622,95.19784899999999,66.86846138181818,24.41857650418936,2.4190778968915305,23,64,,False,True,,1730,21.16838264042747
35,2026-09-14T02:06:54.272+00:00,2026-09-14T02:08:32.618+00:00,2026-09-14T02:08:41.757+00:00,True,134,134.0,,134.0,98346.428753,107485.326417,107485.326489,802.1293021567164,0.0,98346.428753,8489.940605671116,95.220792,68.71351627067669,25.861454040316307,1.2466817980357028,23,64,,False,True,,699,21.16838264042747
36,2026-09-14T02:06:57.594+00:00,2026-09-14T02:08:38.212+00:00,2026-09-14T02:08:51.679+00:00,True,204,204.0,,204.0,100618.434075,114085.263131,114085.263285,559.2414866911764,39.885495000000006,100618.434075,7040.090082461608,96.9204605,66.33905938916256,22.34281496377075,1.7881362973739574,23,64,,False,True,,565,21.16838264042747
37,2026-09-14T02:07:01.432+00:00,2026-09-14T02:08:45.887+00:00,2026-09-14T02:08:56.104+00:00,True,153,153.0,,153.0,104454.641005,114672.49393299999,114672.493821,749.4934236666667,39.825536,104454.641005,8439.251453242248,95.6804786,67.22271663157895,22.148580814677977,1.3342345208729283,23,64,,False,True,,694,21.16838264042747
38,2026-09-14T02:07:04.722+00:00,2026-09-14T02:08:51.950+00:00,2026-09-14T02:09:04.245+00:00,True,187,187.0,,187.0,107228.115419,119522.80265099999,119522.802593,639.1593721550802,0.0,107228.115419,7836.515326316353,95.3340693,66.10046898924732,28.812154924943744,1.5645550125362246,23,64,,False,True,,829,21.16838264042747
39,2026-09-14T02:07:07.343+00:00,2026-09-14T02:08:56.196+00:00,2026-09-14T02:09:15.077+00:00,True,287,287.0,,287.0,108852.705154,127733.74502599999,127733.74506799999,445.06531382578396,0.0,108852.705154,6421.5307416613205,95.996699,66.01762193006994,26.772573337132457,2.246861234214824,23,64,,False,True,,988,21.16838264042747
40,2026-09-14T02:07:10.886+00:00,2026-09-14T02:09:02.778+00:00,2026-09-14T02:09:15.121+00:00,True,188,188.0,,188.0,111891.839731,124235.460595,124235.460671,660.826918462766,38.280339,111891.839731,8155.7664185990225,96.126996,66.00866772192514,21.983738908380516,1.513255547970064,23,64,,False,True,,820,21.16838264042747
41,2026-09-14T02:07:15.684+00:00,2026-09-14T02:09:11.545+00:00,2026-09-14T02:09:18.524+00:00,True,103,103.0,,103.0,115861.395973,122840.360965,122840.36101400001,1192.6248642135922,0.01594,115861.395973,11409.65378457669,98.4607902,68.42122541176471,73.27083716775284,0.8384866276105052,23,64,,False,True,,535,21.16838264042747
42,2026-09-14T02:07:18.300+00:00,2026-09-14T02:09:16.416+00:00,2026-09-14T02:09:23.508+00:00,True,109,109.0,,109.0,118116.265638,125208.209318,125208.20939999999,1148.6991688073394,0.0,118116.265638,11307.460274040648,98.57201380000001,65.66614518518519,77.56244585495017,0.8705499471138121,23,64,,False,True,,189,21.16838264042747
43,2026-09-14T02:07:22.027+00:00,2026-09-14T02:09:23.227+00:00,2026-09-14T02:09:36.492+00:00,True,202,202.0,,202.0,121200.28240099999,134465.003553,134465.00355599998,665.6683344356435,33.14679,121200.28240099999,8523.006882836293,94.61786605000002,65.9936375721393,21.927707393297336,1.5022496163500327,23,64,,False,True,,944,21.16838264042747
44,2026-09-14T02:07:25.987+00:00,2026-09-14T02:09:29.087+00:00,2026-09-14T02:09:45.891+00:00,True,257,257.0,,257.0,123100.27367,139904.44032599998,139904.44026,544.3752539299611,0.0,123100.27367,7674.741668810376,94.7145476,65.641276,28.351408117135097,1.8369681434066596,23,64,,False,True,,1089,21.16838264042747
45,2026-09-14T02:07:29.752+00:00,2026-09-14T02:09:35.655+00:00,2026-09-14T02:09:55.406+00:00,True,299,299.0,,299.0,125902.99008,145654.434304,145654.434336,487.13857637458193,0.0,125902.99008,7277.377347076359,95.47989000000001,66.28001417449664,27.69057342114717,2.052803963221247,23,64,,False,True,,1373,21.16838264042747
46,2026-09-14T02:07:34.359+00:00,2026-09-14T02:09:43.264+00:00,2026-09-14T02:10:03.044+00:00,True,300,300.0,,300.0,128904.523016,148684.54733600002,148684.54740100002,495.61515800333336,0.0,128904.523016,7438.537780044361,94.71647050000001,66.1539274916388,27.610821584959584,2.0176945444240055,23,64,,False,True,,1421,21.16838264042747
47,2026-09-14T02:07:37.094+00:00,2026-09-14T02:09:48.086+00:00,2026-09-14T02:10:05.721+00:00,True,264,264.0,,264.0,130992.082823,148626.593927,148626.59393,562.9795224621213,28.881349999999998,130992.082823,8057.908411885655,95.95996835,67.05137301901141,21.937234851536743,1.7762635408954282,23,64,,False,True,,1238,21.16838264042747
48,2026-09-14T02:07:39.796+00:00,2026-09-14T02:09:53.325+00:00,2026-09-14T02:10:10.168+00:00,True,253,253.0,,253.0,133529.56637000002,150372.12457800002,150372.12454900003,594.356223513834,37.271080999999995,133529.56637000002,8390.758581048229,95.891511,66.83554844444444,21.945416704241893,1.682492687457944,23,64,,False,True,,781,21.16838264042747
49,2026-09-14T02:07:43.217+00:00,2026-09-14T02:09:59.813+00:00,2026-09-14T02:10:18.543+00:00,True,280,280.0,,280.0,136595.90001100002,155325.94903500003,155325.94898400002,554.7355320857143,0.0,136595.90001100002,8159.38721548252,95.96397945000001,67.13279220071685,61.744659918846864,1.802660802908771,23,64,,False,True,,1127,21.16838264042747
50,2026-09-14T02:07:47.721+00:00,2026-09-14T02:10:08.114+00:00,2026-09-14T02:10:25.743+00:00,True,269,269.0,,269.0,140393.767065,158022.517401,158022.517313,587.4443022788104,0.0,140393.767065,8556.17021971054,95.8518518,65.7789191641791,61.71950958740656,1.7022890435125908,23,64,,False,True,,1244,21.16838264042747
51,2026-09-14T02:07:50.965+00:00,2026-09-14T02:10:13.422+00:00,2026-09-14T02:10:27.048+00:00,True,209,209.0,,209.0,142456.884533,156082.410293,156082.410266,746.8057907464115,0.015880000000000002,142456.884533,9849.645521615766,96.668902,65.50733538461539,67.18064233497033,1.3390362155970197,23,64,,False,True,,931,21.16838264042747
52,2026-09-14T02:07:54.654+00:00,2026-09-14T02:10:18.445+00:00,2026-09-14T02:10:32.236+00:00,True,213,213.0,,213.0,143791.262771,157582.46251500002,157582.462455,739.8237673943662,16.869005,143791.262771,9847.981428663083,95.83849559999999,65.05282898113208,21.698907525511235,1.3516732547552672,23,64,,False,True,,847,21.16838264042747
53,2026-09-14T02:07:57.493+00:00,2026-09-14T02:10:25.740+00:00,2026-09-14T02:10:40.223+00:00,True,216,216.0,,216.0,148246.359368,162729.892168,162729.892299,753.3791310138889,0.0,148246.359368,10082.3533698562,97.62603374999999,67.3652688372093,31.78408681991838,1.327352935114126,23,64,,False,True,,1177,21.16838264042747
54,2026-09-14T02:08:00.152+00:00,2026-09-14T02:10:29.560+00:00,2026-09-14T02:10:42.754+00:00,True,198,198.0,,198.0,149407.549974,162601.227542,162601.227479,821.2183206010101,0.0,149407.549974,10613.224726193068,97.401492,66.9729825786802,33.32724845461375,1.2177029841232685,23,64,,False,True,,666,21.16838264042747
55,2026-09-14T02:08:03.457+00:00,2026-09-14T02:10:35.736+00:00,2026-09-14T02:10:44.656+00:00,True,135,135.0,,135.0,152278.685456,161198.572048,161198.572147,1194.0634973851852,0.0,152278.685456,13100.386325153968,94.97108370000002,66.56631785074627,37.381698795850355,0.8374764012165141,23,64,,False,True,,552,21.16838264042747
56,2026-09-14T02:08:06.166+00:00,2026-09-14T02:10:40.029+00:00,2026-09-14T02:10:54.201+00:00,True,216,216.0,,216.0,153862.674555,168035.21241100001,168035.212493,777.9407985787037,0.0,153862.674555,10464.569253374582,94.9467795,65.9187807255814,23.147883135356658,1.2854448594481622,23,64,,False,True,,749,21.16838264042747
57,2026-09-14T02:08:09.996+00:00,2026-09-14T02:10:47.447+00:00,2026-09-14T02:10:59.320+00:00,True,181,181.0,,181.0,157450.560302,169323.25099,169323.251197,935.4875756740331,10.687897000000001,157450.560302,11698.326055650388,94.30744100000001,65.95939271111111,22.121233633471626,1.0689612852442198,23,64,,False,True,,611,21.16838264042747
58,2026-09-14T02:08:12.772+00:00,2026-09-14T02:10:52.969+00:00,2026-09-14T02:11:12.385+00:00,True,296,296.0,,296.0,160196.906377,179612.824201,179612.824199,606.8000817533784,0.0,160196.906377,9307.476033340785,93.07118375,65.81667058983051,29.152147291046823,1.6479892308176955,23,64,,False,True,,1140,21.16838264042747
59,2026-09-14T02:08:17.176+00:00,2026-09-14T02:10:59.180+00:00,2026-09-14T02:11:06.857+00:00,True,121,121.0,,121.0,162004.255389,169680.974237,169680.9742,1402.3221008264463,40.427455,162004.255389,14721.859154613616,93.71459200000001,63.97265706666667,21.292719820767648,0.7131029306267102,23,64,,False,True,,448,21.16838264042747
60,2026-09-14T02:08:21.126+00:00,2026-09-14T02:11:06.544+00:00,2026-09-14T02:11:19.795+00:00,True,199,199.0,,199.0,165418.134139,178668.372091,178668.371914,897.8310146432161,0.0,165418.134139,11721.482876904123,95.90930200000001,66.9203936969697,32.96188497812211,1.1137953386548158,23,64,,False,True,,646,21.16838264042747
61,2026-09-14T02:08:25.509+00:00,2026-09-14T02:11:14.154+00:00,2026-09-14T02:11:30.100+00:00,True,241,241.0,,241.0,168645.025225,184591.187657,184591.187548,765.9385375435684,0.01583,168645.025225,10859.321830682798,95.967088,66.44234346666667,69.37919919340153,1.3055877859555063,23,64,,False,True,,321,21.16838264042747
62,2026-09-14T02:08:28.296+00:00,2026-09-14T02:11:19.934+00:00,2026-09-14T02:11:39.120+00:00,True,290,290.0,,290.0,171637.963637,190824.154741,190824.154631,658.0143263137932,0.016640000000000002,171637.963637,10075.230375760131,95.64813144999998,66.38820451211072,63.68128890065947,1.519723749824064,23,64,,False,True,,1223,21.16838264042747
63,2026-09-14T02:08:31.547+00:00,2026-09-14T02:11:25.446+00:00,2026-09-14T02:11:34.858+00:00,True,141,141.0,,141.0,173899.62792199999,183311.024018,183311.02392699997,1300.0781838794326,0.01652,173899.62792199999,14639.608637691706,95.04910000000001,67.22425782857142,90.76599735879682,0.7691845089805112,23,64,,False,True,,476,21.16838264042747
64,2026-09-14T02:08:35.147+00:00,2026-09-14T02:11:31.436+00:00,2026-09-14T02:11:44.969+00:00,True,206,206.0,,206.0,176288.70512,189821.855584,189821.855729,921.4653190728155,0.0,176288.70512,12278.058228447913,93.60353049999999,66.01536811707317,32.05766163640114,1.085228038500766,23,64,,False,True,,1069,21.16838264042747
65,2026-09-14T02:08:39.359+00:00,2026-09-14T02:11:38.708+00:00,2026-09-14T02:11:53.614+00:00,True,221,221.0,,221.0,179348.434327,194254.516631,194254.516512,878.9797127239818,0.0,179348.434327,12059.765931923976,93.99785200000001,67.75491956363636,32.044235272539744,1.1376826847213284,23,64,,False,True,,1035,21.16838264042747
66,2026-09-14T02:08:42.796+00:00,2026-09-14T02:11:44.477+00:00,2026-09-14T02:12:01.736+00:00,True,254,254.0,,254.0,181680.204785,198939.89041700002,198939.890529,783.227915468504,40.548684,181680.204785,11395.371556285565,96.59382150000002,68.22010131225296,22.51214018792393,1.276767567668746,23,64,,False,True,,1204,21.16838264042747
67,2026-09-14T02:08:47.438+00:00,2026-09-14T02:11:53.791+00:00,2026-09-14T02:12:03.642+00:00,True,151,151.0,,151.0,186352.393965,196203.537901,196203.537983,1299.3611786953643,40.288565000000006,186352.393965,15159.813908834321,94.79354,65.67429290666666,21.862843000332926,0.7696089561656696,23,64,,False,True,,527,21.16838264042747
68,2026-09-14T02:08:50.157+00:00,2026-09-14T02:11:57.842+00:00,2026-09-14T02:12:09.224+00:00,True,167,167.0,,167.0,187685.12793599998,199066.74995199998,199066.75004899997,1192.0164673592813,40.745813999999996,187685.12793599998,14518.224197053627,97.10767530000001,68.56398804819277,23.308609359501126,0.8389145853853942,23,64,,False,True,,223,21.16838264042747
69,2026-09-14T02:08:53.962+00:00,2026-09-14T02:12:05.196+00:00,2026-09-14T02:12:18.096+00:00,True,192,192.0,,192.0,191234.76462,204134.048844,204134.048944,1063.1981715833333,0.0,191234.76462,13796.352297817986,97.61998355,67.5355194973822,35.68157390655664,0.9405584275983626,23,64,,False,True,,778,21.16838264042747
70,2026-09-14T02:08:58.100+00:00,2026-09-14T02:12:12.256+00:00,2026-09-14T02:12:21.807+00:00,True,142,142.0,,142.0,194156.104391,203706.557383,203706.557463,1434.5532215704225,0.0,194156.104391,16287.579480088045,96.30434699999999,67.73370916312057,38.519805000058,0.6970811437013189,23,64,,False,True,,478,21.16838264042747
71,2026-09-14T02:09:02.918+00:00,2026-09-14T02:12:20.921+00:00,2026-09-14T02:12:30.661+00:00,True,149,149.0,,149.0,198002.760806,207743.16119,207743.161257,1394.249404409396,40.584593999999996,198002.760806,16215.64004055939,93.52643499999998,65.8135161081081,20.99028194082172,0.7172317930780208,23,64,,False,True,,657,21.16838264042747
72,2026-09-14T02:09:06.905+00:00,2026-09-14T02:12:28.136+00:00,2026-09-14T02:12:43.431+00:00,True,236,236.0,,236.0,201231.216129,216526.054401,216526.054194,917.4832804830509,38.690809,201231.216129,13094.816699314515,94.23976875,65.0844181787234,21.078349557028588,1.089938116929498,23,64,,False,True,,972,21.16838264042747
73,2026-09-14T02:09:11.327+00:00,2026-09-14T02:12:36.345+00:00,2026-09-14T02:12:47.384+00:00,True,172,172.0,,172.0,205018.29476699998,216057.20241499998,216057.20254199998,1256.1465264069766,40.799383999999996,205018.29476699998,15627.590254307677,94.1573125,64.55501548538012,21.059047666581,0.7960854721687294,23,64,,False,True,,847,21.16838264042747
74,2026-09-14T02:09:14.316+00:00,2026-09-14T02:12:40.961+00:00,2026-09-14T02:12:53.373+00:00,True,192,192.0,,192.0,206645.78841100002,219057.274619,219057.274593,1140.923305171875,0.0,206645.78841100002,14908.971099519966,95.021787,64.98160318324608,92.51571067767237,0.8764831039459432,23,64,,False,True,,871,21.16838264042747
75,2026-09-14T02:09:18.161+00:00,2026-09-14T02:12:47.108+00:00,2026-09-14T02:13:01.047+00:00,True,211,211.0,,211.0,208947.245418,222886.200426,222886.200431,1056.332703464455,0.0,208947.245418,14380.22039334675,95.94567299999999,66.37597622857143,88.05449819552575,0.9466714385938563,23,64,,False,True,,1020,21.16838264042747
76,2026-09-14T02:09:21.072+00:00,2026-09-14T02:12:53.460+00:00,2026-09-14T02:13:12.734+00:00,True,291,291.0,,291.0,212388.009808,231661.267792,231661.267777,796.0868308487973,30.686266,212388.009808,12446.528764179358,95.25310499999999,66.45951028965517,21.818980256461877,1.2561443817240872,23,64,,False,True,,1381,21.16838264042747
77,2026-09-14T02:09:24.825+00:00,2026-09-14T02:12:59.401+00:00,2026-09-14T02:13:14.507+00:00,True,228,228.0,,228.0,214576.141943,229681.497207,229681.49726499998,1007.374988004386,34.873526,214576.141943,14206.261921243586,95.30908804999999,66.5434152599119,21.839863015157402,0.9926790045021147,23,64,,False,True,,874,21.16838264042747
78,2026-09-14T02:09:28.721+00:00,2026-09-14T02:13:06.547+00:00,2026-09-14T02:13:23.828+00:00,True,262,262.0,,262.0,217825.486423,235106.700375,235106.700378,897.3538182366412,38.146949,217825.486423,13453.230414535468,94.53390259999998,66.21154770881226,21.73132945114864,1.1143876358355789,23,64,,False,True,,1368,21.16838264042747
79,2026-09-14T02:09:32.402+00:00,2026-09-14T02:13:14.095+00:00,2026-09-14T02:13:24.752+00:00,True,164,164.0,,164.0,221693.102322,232350.52516999998,232350.52513599998,1416.7714947317072,37.8624,221693.102322,17306.230656789983,92.698293,65.38296225766871,21.538907669674803,0.7058301240335433,23,64,,False,True,,701,21.16838264042747
80,2026-09-14T02:09:35.453+00:00,2026-09-14T02:13:18.641+00:00,2026-09-14T02:13:29.165+00:00,True,165,165.0,,165.0,223187.369288,233711.49856799998,233711.498485,1416.433324151515,40.253065,223187.369288,17370.12910343722,92.4578232,64.17152,20.235906417319256,0.7059986393951092,23,64,,False,True,,769,21.16838264042747
81,2026-09-14T02:09:38.860+00:00,2026-09-14T02:13:25.256+00:00,2026-09-14T02:13:35.130+00:00,True,147,147.0,,147.0,226396.392665,236270.243545,236270.24364499998,1607.2805690136054,0.0,226396.392665,18667.331789172495,92.7836896,67.62911561643836,43.35218604869354,0.6221689104578351,23,64,,False,True,,684,21.16838264042747
82,2026-09-14T02:09:43.322+00:00,2026-09-14T02:13:32.290+00:00,2026-09-14T02:13:51.132+00:00,True,281,281.0,,281.0,228968.09538299998,247810.04687099997,247810.04698699998,881.8862882099644,38.174549,228968.09538299998,13655.09455151203,94.837958,67.2926838857143,21.88866490807333,1.133933040843487,23,64,,False,True,,1095,21.16838264042747
83,2026-09-14T02:09:46.164+00:00,2026-09-14T02:13:37.397+00:00,2026-09-14T02:13:49.780+00:00,True,184,184.0,,184.0,231232.190595,243615.616387,243615.61640199999,1323.9979152282608,36.182923,231232.190595,17041.689455936394,97.29663765000001,67.6689933989071,22.541492095289716,0.75528819838751,23,64,,False,True,,891,21.16838264042747
84,2026-09-14T02:09:49.186+00:00,2026-09-14T02:13:43.812+00:00,2026-09-14T02:13:56.049+00:00,True,181,181.0,,181.0,234626.02679499998,246862.87082699998,246862.87071599998,1363.8832636243094,40.465794,234626.02679499998,17434.57698081029,96.33983599999999,67.98246684444445,22.81909923538889,0.7332005797131141,23,64,,False,True,,914,21.16838264042747
85,2026-09-14T02:09:53.931+00:00,2026-09-14T02:13:52.365+00:00,2026-09-14T02:14:05.715+00:00,True,201,201.0,,201.0,238434.811702,251784.365366,251784.365192,1252.6585332935324,33.381669,238434.811702,16813.20169120169,95.09023799999999,66.74776832,22.368680601619197,0.7983021491736447,23,64,,False,True,,1177,21.16838264042747
86,2026-09-14T02:09:56.861+00:00,2026-09-14T02:13:57.113+00:00,2026-09-14T02:14:07.617+00:00,True,158,158.0,,158.0,240251.833166,250756.75579,250756.755807,1587.0680747278482,37.987009,240251.833166,19108.100175953983,96.90586635000001,66.91033518471338,22.942320422096188,0.6300926948198335,23,64,,False,True,,237,21.16838264042747
87,2026-09-14T02:10:01.549+00:00,2026-09-14T02:14:06.410+00:00,2026-09-14T02:14:25.715+00:00,True,288,288.0,,288.0,244860.368926,264165.467422,264165.467279,917.2412058298611,0.0,244860.368926,14424.619672391427,96.67026700000001,67.26515155400696,37.160758218765515,1.0902257695171214,23,64,,False,True,,1312,21.16838264042747
88,2026-09-14T02:10:05.299+00:00,2026-09-14T02:14:13.819+00:00,2026-09-14T02:14:27.626+00:00,True,209,209.0,,209.0,248519.947749,262327.031781,262327.031776,1255.1532620861244,36.672352,248519.947749,17185.905813872687,93.008194,66.3802116923077,21.341610312133064,0.7967154531542165,23,64,,False,True,,979,21.16838264042747
89,2026-09-14T02:10:10.108+00:00,2026-09-14T02:14:21.447+00:00,2026-09-14T02:14:36.629+00:00,True,228,228.0,,228.0,251338.878965,266520.336373,266520.336483,1168.9488442236843,0.015470000000000001,251338.878965,16641.16292816957,94.105069,66.87866699559471,94.68537579865037,0.8554694290979352,23,64,,False,True,,1082,21.16838264042747
90,2026-09-14T02:10:14.191+00:00,2026-09-14T02:14:29.029+00:00,2026-09-14T02:14:46.525+00:00,True,264,264.0,,264.0,254838.556935,272334.606087,272334.606025,1031.5704773674242,0.015300000000000001,254838.556935,15680.389346973296,93.09995395,66.52490171863118,89.54432996269878,0.9693957143135257,23,64,,False,True,,1097,21.16838264042747
91,2026-09-14T02:10:18.454+00:00,2026-09-14T02:14:35.570+00:00,2026-09-14T02:14:53.460+00:00,True,273,273.0,,273.0,257115.867659,275005.453579,275005.453781,1007.3459845457876,29.998155999999998,257115.867659,15557.394184151284,92.849853,65.77053647058824,21.337547419433477,0.9927075861482001,23,64,,False,True,,1019,21.16838264042747
92,2026-09-14T02:10:22.548+00:00,2026-09-14T02:14:43.862+00:00,2026-09-14T02:15:02.676+00:00,True,277,277.0,,277.0,261314.156103,280128.39175099996,280128.391663,1011.2938327184115,0.0,261314.156103,15696.797099942838,95.01226779999999,68.16752046376811,38.453444609343016,0.9888322931801189,23,64,,False,True,,1391,21.16838264042747
93,2026-09-14T02:10:27.338+00:00,2026-09-14T02:14:52.096+00:00,2026-09-14T02:15:01.836+00:00,True,143,143.0,,143.0,264758.81877,274498.13269,274498.13250300003,1919.5673601608391,0.0,264758.81877,22134.563602382816,96.208828,68.58671774647887,49.26299182361447,0.520950720497231,23,64,,False,True,,596,21.16838264042747
94,2026-09-14T02:10:30.826+00:00,2026-09-14T02:14:58.546+00:00,2026-09-14T02:15:16.320+00:00,True,260,260.0,,260.0,267720.61421900004,285494.48890700005,285494.48892900004,1098.0557266500002,0.0,267720.61421900004,16599.118270815074,95.19514445,68.62499879536679,39.38663011310199,0.910700591788639,23,64,,False,True,,1395,21.16838264042747
95,2026-09-14T02:10:34.866+00:00,2026-09-14T02:15:04.907+00:00,2026-09-14T02:15:18.046+00:00,True,197,197.0,,197.0,270040.54542900005,283179.0465490001,283179.04658900003,1437.4570892842642,39.506926,270040.54542900005,19234.829864097283,96.316615,67.03316897959184,22.881815159107315,0.6956729404974248,23,64,,False,True,,873,21.16838264042747
96,2026-09-14T02:10:38.087+00:00,2026-09-14T02:15:10.809+00:00,2026-09-14T02:15:30.988+00:00,True,296,296.0,,296.0,272721.66845,292900.967778,292900.96779,989.5302965878378,41.048122000000006,272721.66845,15847.665601158515,96.98445550000001,68.40440450169491,22.92870216285383,1.0105804779189016,23,64,,False,True,,1273,21.16838264042747
97,2026-09-14T02:10:42.886+00:00,2026-09-14T02:15:19.275+00:00,2026-09-14T02:15:35.523+00:00,True,241,241.0,,241.0,276389.758961,292637.218033,292637.218195,1214.2623161618258,36.347233,276389.758961,17799.482869510502,96.750295,67.69774613333334,22.525924101664366,0.8235452811502022,23,64,,False,True,,796,21.16838264042747
98,2026-09-14T02:10:47.308+00:00,2026-09-14T02:15:27.238+00:00,2026-09-14T02:15:40.575+00:00,True,192,192.0,,192.0,279929.54243300005,293267.25046500005,293267.25047,1527.433596197917,29.309437999999997,279929.54243300005,20197.14708581042,95.83824455,69.83093210471203,22.17955849713432,0.6546929454126491,23,64,,False,True,,991,21.16838264042747
99,2026-09-14T02:10:50.591+00:00,2026-09-14T02:15:32.965+00:00,2026-09-14T02:15:39.814+00:00,True,102,102.0,,102.0,282374.40493099997,289222.90643499995,289222.906555,2835.518691715686,40.606364,282374.40493099997,27952.52695323977,97.27469055,67.80694558415843,21.92982342169935,0.3526691618491273,23,64,,False,True,,520,21.16838264042747
100,2026-09-14T02:10:54.158+00:00,2026-09-14T02:15:39.766+00:00,2026-09-14T02:15:54.196+00:00,False,224,223.0,,223.0,285608.04294,300038.543292,300038.543246,1339.4577823482143,0.0,285608.04294,19078.71358225077,95.81750550000001,64.7107639103139,42.528571018068995,0.7432378438891917,23,64,,False,False,Request timeout: 300.0s exceeded,496,21.16838264042747
101,2026-09-14T02:10:58.191+00:00,2026-09-14T02:15:47.290+00:00,2026-09-14T02:15:56.666+00:00,True,143,143.0,,143.0,289098.910762,298474.819626,298474.819398,2087.2364992867133,0.0,289098.910762,24170.196704540365,94.8885081,66.02752721126761,50.69069143125519,0.4791023918841271,23,64,,False,True,,497,21.16838264042747
102,2026-09-14T02:11:00.988+00:00,2026-09-14T02:15:52.041+00:00,2026-09-14T02:16:01.027+00:00,False,129,128.0,,128.0,291052.786864,300039.16894400003,300039.168934,2325.8850304961243,0.02357,291052.786864,25619.596973345073,94.2572424,70.20611,21.889696503557698,0.42661096699641304,23,64,,False,False,Request timeout: 300.0s exceeded,620,21.16838264042747
103,2026-09-14T02:11:05.322+00:00,2026-09-14T02:15:58.195+00:00,2026-09-14T02:16:05.335+00:00,False,99,98.0,,98.0,292872.142116,300013.020196,300013.020071,3030.434546171717,0.03875,292872.142116,29427.441247120565,91.8145728,72.86610285714285,20.078028986297713,0.32665248973519917,23,64,,False,False,Request timeout: 300.0s exceeded,365,21.16838264042747
104,2026-09-14T02:11:09.883+00:00,2026-09-14T02:16:03.370+00:00,2026-09-14T02:16:10.029+00:00,False,102,101.0,,101.0,293486.723003,300145.614267,300145.61435800005,2942.6040623333333,0.024869,293486.723003,29052.99490282233,89.19057055000002,65.92961647524753,20.469978817821243,0.336503334378738,23,64,,False,False,Request timeout: 300.0s exceeded,380,21.16838264042747
105,2026-09-14T02:11:14.374+00:00,2026-09-14T02:16:07.984+00:00,2026-09-14T02:16:14.405+00:00,False,97,96.0,,96.0,293610.31488,300031.18220800004,300031.18201000005,3093.104969175258,0.02096,293610.31488,29804.826150480465,88.57388080000001,66.88403466666666,19.74073216191228,0.31996674243494766,23,64,,False,False,Request timeout: 300.0s exceeded,423,21.16838264042747
106,2026-09-14T02:11:19.209+00:00,2026-09-14T02:16:13.193+00:00,2026-09-14T02:16:19.262+00:00,False,91,90.0,,90.0,293983.606786,300052.95897800004,300052.95897800004,3297.2852634945057,0.020999,293983.606786,30810.792588489912,87.11345099999998,67.43724657777777,19.669870003120973,0.2999470503691944,23,64,,False,False,Request timeout: 300.0s exceeded,263,21.16838264042747
107,2026-09-14T02:11:23.703+00:00,2026-09-14T02:16:17.752+00:00,2026-09-14T02:16:23.728+00:00,False,89,88.0,,88.0,294048.673548,300025.11105199996,300025.110868,3371.068661438202,0.048100000000000004,294048.673548,31161.9045704481,87.8453532,67.91406254545454,20.068198492831126,0.29330878235971375,23,64,,False,False,Request timeout: 300.0s exceeded,438,21.16838264042747
108,2026-09-14T02:11:26.547+00:00,2026-09-14T02:16:20.371+00:00,2026-09-14T02:16:26.627+00:00,False,94,93.0,,93.0,293824.403476,300080.21762,300080.21771500004,3192.342741648936,0.02605,293824.403476,30298.742089184274,88.72593649999999,67.26681875268817,20.54462390935351,0.3099171306179487,23,64,,False,False,Request timeout: 300.0s exceeded,474,21.16838264042747
109,2026-09-14T02:11:29.683+00:00,2026-09-14T02:16:23.420+00:00,2026-09-14T02:16:29.706+00:00,False,99,98.0,,98.0,293736.649564,300022.895196,300022.895129,3030.5342942323236,0.031170000000000003,293736.649564,29515.20442522305,90.2364618,64.14536359183674,20.754817677120652,0.32664173824460374,23,64,,False,False,Request timeout: 300.0s exceeded,277,21.16838264042747
110,2026-09-14T02:11:34.502+00:00,2026-09-14T02:16:28.967+00:00,2026-09-14T02:16:34.576+00:00,False,95,94.0,,94.0,294464.65431,300073.83703,300073.836958,3158.6719679789476,0.01567,294464.65431,30205.770658441917,93.28898520000001,59.67215659574468,167.0132190354981,0.3132562336335984,23,64,,False,False,Request timeout: 300.0s exceeded,438,21.16838264042747
111,2026-09-14T02:11:38.196+00:00,2026-09-14T02:16:32.925+00:00,2026-09-14T02:16:38.238+00:00,False,82,81.0,,81.0,294728.768037,300041.87805299996,300041.878072,3659.047293560975,0.024730000000000002,294728.768037,32540.110385514334,89.50013295000001,65.59395081481482,20.524793517237793,0.26996231501287965,23,64,,False,False,Request timeout: 300.0s exceeded,362,21.16838264042747
112,2026-09-14T02:11:42.678+00:00,2026-09-14T02:16:36.231+00:00,2026-09-14T02:16:42.775+00:00,False,87,86.0,,86.0,293553.604225,300096.82624100003,300096.82602700003,3449.388804908046,0.026600000000000002,293553.604225,31464.15502147816,89.03017240000001,76.08397693023255,62.93310121438488,0.2865741736666539,23,64,,False,False,Request timeout: 300.0s exceeded,418,21.16838264042747
113,2026-09-14T02:11:47.420+00:00,2026-09-14T02:16:41.555+00:00,2026-09-14T02:16:47.446+00:00,False,95,94.0,,94.0,294135.250862,300025.85463799996,300025.854475,3158.1668892105263,0.0,294135.250862,30171.2814988948,90.90237229999998,62.665997617021276,65.75811168936814,0.31330633192734975,23,64,,False,False,Request timeout: 300.0s exceeded,447,21.16838264042747
114,2026-09-14T02:11:51.057+00:00,2026-09-14T02:16:44.480+00:00,2026-09-14T02:16:51.143+00:00,False,99,98.0,,98.0,293423.396467,300086.115699,300086.115555,3031.1728843939395,0.0272,293423.396467,29483.33484338403,88.8673617,67.98693093877552,20.206705678993828,0.32657292314816205,23,64,,False,False,Request timeout: 300.0s exceeded,398,21.16838264042747
115,2026-09-14T02:11:55.118+00:00,2026-09-14T02:16:48.608+00:00,2026-09-14T02:16:55.208+00:00,False,97,96.0,,96.0,293489.262531,300089.319363,300089.319371,3093.704323412371,0.038450000000000005,293489.262531,29792.346460227167,89.81211200000001,68.750592,20.970205094106912,0.31990475437039656,23,64,,False,False,Request timeout: 300.0s exceeded,451,21.16838264042747
116,2026-09-14T02:11:57.774+00:00,2026-09-14T02:16:51.767+00:00,2026-09-14T02:16:57.828+00:00,False,89,88.0,,88.0,293992.980721,300054.827505,300054.827321,3371.402554168539,0.03932,293992.980721,31155.898837315042,90.22644480000001,68.88462254545455,20.948134916383264,0.2932797340130567,23,64,,False,False,Request timeout: 300.0s exceeded,324,21.16838264042747
117,2026-09-14T02:12:01.973+00:00,2026-09-14T02:16:55.842+00:00,2026-09-14T02:17:02.047+00:00,False,91,90.0,,90.0,293869.012095,300074.838399,300074.838551,3297.5256983626373,0.062060000000000004,293869.012095,30798.621083779195,89.73910499999998,68.9536256,20.04692141242618,0.2999251802656305,23,64,,False,False,Request timeout: 300.0s exceeded,352,21.16838264042747
118,2026-09-14T02:12:04.675+00:00,2026-09-14T02:16:58.456+00:00,2026-09-14T02:17:04.703+00:00,False,94,93.0,,93.0,293781.557586,300028.371026,300028.371126,3191.7911821914895,0.02422,293781.557586,30294.332705002875,89.3818045,67.17003698924731,20.31782567259835,0.30997068604535655,23,64,,False,False,Request timeout: 300.0s exceeded,423,21.16838264042747
119,2026-09-14T02:12:08.506+00:00,2026-09-14T02:17:02.180+00:00,2026-09-14T02:17:08.601+00:00,False,94,93.0,,93.0,293673.52314099995,300095.13133299997,300095.13126899995,3192.501396478723,0.02133,293673.52314099995,30282.99551565337,88.55701764999999,69.0495504516129,19.65483758116857,0.30990172878480565,23,64,,False,False,Request timeout: 300.0s exceeded,291,21.16838264042747
120,2026-09-14T02:12:12.925+00:00,2026-09-14T02:17:07.016+00:00,2026-09-14T02:17:12.966+00:00,False,86,85.0,,85.0,294090.716937,300041.287945,300041.287892,3488.8521847906977,0.022940000000000002,294090.716937,31705.0747830766,87.7747915,70.00671774117647,19.978968969020926,0.28329434452894764,23,64,,False,False,Request timeout: 300.0s exceeded,365,21.16838264042747
121,2026-09-14T02:12:16.851+00:00,2026-09-14T02:17:10.896+00:00,2026-09-14T02:17:16.863+00:00,False,88,87.0,,87.0,294044.970389,300011.525013,300011.525142,3409.2218766136366,0.030899999999999997,294044.970389,31337.99505503358,88.300718,68.58108763218391,20.54910866154988,0.2899888595820782,23,64,,False,False,Request timeout: 300.0s exceeded,425,21.16838264042747
122,2026-09-14T02:12:19.845+00:00,2026-09-14T02:17:13.779+00:00,2026-09-14T02:17:19.862+00:00,False,91,90.0,,90.0,293934.142186,300016.71473,300016.714892,3296.886976835165,0.0277,293934.142186,30805.592562692455,90.42489900000001,67.58413937777779,20.705142090176487,0.2999832862012221,23,64,,False,False,Request timeout: 300.0s exceeded,424,21.16838264042747
123,2026-09-14T02:12:23.403+00:00,2026-09-14T02:17:16.867+00:00,2026-09-14T02:17:23.441+00:00,False,97,96.0,,96.0,293464.46991000004,300037.85640600004,300037.856366,3093.1737769690726,0.03842,293464.46991000004,29789.856693595928,87.689846,68.472776,19.99132424247932,0.31995962492845026,23,64,,False,False,Request timeout: 300.0s exceeded,446,21.16838264042747
124,2026-09-14T02:12:26.220+00:00,2026-09-14T02:17:20.124+00:00,2026-09-14T02:17:26.274+00:00,False,91,90.0,,90.0,293903.425804,300053.472268,300053.47232,3297.2909046153845,0.02605,293903.425804,30802.29355110237,88.76829900000001,68.3338496,19.986022408103043,0.2999465372612463,23,64,,False,False,Request timeout: 300.0s exceeded,149,21.16838264042747
125,2026-09-14T02:12:29.025+00:00,2026-09-14T02:17:22.855+00:00,2026-09-14T02:17:29.085+00:00,False,92,91.0,,91.0,293829.411866,300059.24866599997,300059.24864199996,3261.513572195652,0.02277,293829.411866,30626.7030866929,88.62990249999999,68.45974505494505,20.346912693650104,0.30327343817784913,23,64,,False,False,Request timeout: 300.0s exceeded,375,21.16838264042747
126,2026-09-14T02:12:32.397+00:00,2026-09-14T02:17:26.052+00:00,2026-09-14T02:17:32.407+00:00,False,94,93.0,,93.0,293654.566496,300009.89244799997,300009.892323,3191.5945991808508,0.038060000000000004,293654.566496,30281.113924202473,87.78076365000001,68.33683819354839,19.85021466741173,0.3099897781407974,23,64,,False,False,Request timeout: 300.0s exceeded,450,21.16838264042747
127,2026-09-14T02:12:36.670+00:00,2026-09-14T02:17:30.292+00:00,2026-09-14T02:17:36.722+00:00,False,92,91.0,,91.0,293621.554111,300051.767231,300051.76721799996,3261.432252369565,0.04174,293621.554111,30604.801814404866,87.228847,70.66168263736265,18.698095358826023,0.30328099994139374,23,64,,False,False,Request timeout: 300.0s exceeded,408,21.16838264042747
128,2026-09-14T02:12:40.720+00:00,2026-09-14T02:17:34.517+00:00,2026-09-14T02:17:40.765+00:00,False,98,97.0,,97.0,293796.989832,300044.990088,300044.990093,3061.6835723775507,0.0,293796.989832,29671.54192711082,90.36018304999999,64.41237377319588,65.18934890629494,0.32328485128697176,23,64,,False,False,Request timeout: 300.0s exceeded,482,21.16838264042747
129,2026-09-14T02:12:44.661+00:00,2026-09-14T02:17:38.146+00:00,2026-09-14T02:17:44.748+00:00,False,96,95.0,,95.0,293484.726096,300086.968656,300086.968738,3125.9059243541665,0.02653,293484.726096,29946.573225315504,90.87274300000001,69.49729010526316,20.34227801439982,0.31657489302343467,23,64,,False,False,Request timeout: 300.0s exceeded,396,21.16838264042747
130,2026-09-14T02:12:48.651+00:00,2026-09-14T02:17:42.212+00:00,2026-09-14T02:17:48.667+00:00,False,95,94.0,,94.0,293561.277698,300016.66099400003,300016.66114100005,3158.0701172736844,0.043340000000000004,293561.277698,30111.7123632318,89.6202071,68.67429038297873,20.049844969261944,0.31331593281707737,23,64,,False,False,Request timeout: 300.0s exceeded,450,21.16838264042747
131,2026-09-14T02:12:52.384+00:00,2026-09-14T02:17:45.232+00:00,2026-09-14T02:17:52.505+00:00,False,107,106.0,,106.0,292848.072231,300121.420839,300121.420883,2804.873092364486,0.03555,292848.072231,28304.06561962393,90.3802723,68.6164963018868,20.43814443972499,0.3531903844239883,23,64,,False,False,Request timeout: 300.0s exceeded,487,21.16838264042747
132,2026-09-14T02:12:56.302+00:00,2026-09-14T02:17:49.969+00:00,2026-09-14T02:17:56.313+00:00,False,98,97.0,,97.0,293667.27512400004,300010.87883600005,300010.87891100004,3061.335499091837,0.03954,293667.27512400004,29658.275569161597,90.98627585,65.39797641237114,20.831798189632707,0.32332160879080896,23,64,,False,False,Request timeout: 300.0s exceeded,402,21.16838264042747
133,2026-09-14T02:13:00.103+00:00,2026-09-14T02:17:54.082+00:00,2026-09-14T02:18:00.153+00:00,False,91,90.0,,90.0,293978.656449,300050.043841,300050.043931,3297.2532300109892,0.02215,293978.656449,30810.27187463208,88.61733349999999,67.45985991111111,20.587717094471127,0.2999499645055611,23,64,,False,False,Request timeout: 300.0s exceeded,449,21.16838264042747
134,2026-09-14T02:13:03.468+00:00,2026-09-14T02:17:57.238+00:00,2026-09-14T02:18:03.530+00:00,False,95,94.0,,94.0,293769.980368,300061.608144,300061.608036,3158.5432424842106,0.021469000000000002,293769.980368,30133.30383975799,88.0612027,66.93221038297872,20.50819997219465,0.31326900026107063,23,64,,False,False,Request timeout: 300.0s exceeded,465,21.16838264042747
135,2026-09-14T02:13:07.768+00:00,2026-09-14T02:18:01.359+00:00,2026-09-14T02:18:07.802+00:00,False,94,93.0,,93.0,293590.458238,300033.933438,300033.93350499996,3191.85035643617,0.03621,293590.458238,30274.404402325796,90.569377,69.28467956989246,20.608493146380066,0.30996493941315423,23,64,,False,False,Request timeout: 300.0s exceeded,472,21.16838264042747
136,2026-09-14T02:13:11.394+00:00,2026-09-14T02:18:05.110+00:00,2026-09-14T02:18:11.464+00:00,False,92,91.0,,91.0,293716.710178,300070.73795399995,300070.73795399995,3261.638456021739,0.0363,293716.710178,30614.81082191333,90.025049,69.82448105494505,20.315603804280244,0.30326182626294623,23,64,,False,False,Request timeout: 300.0s exceeded,374,21.16838264042747
137,2026-09-14T02:13:16.202+00:00,2026-09-14T02:18:09.334+00:00,2026-09-14T02:18:16.223+00:00,False,104,103.0,,103.0,293132.017544,300020.635528,300020.635761,2884.8138053942307,0.048960000000000004,293132.017544,28737.408122167242,89.07955300000002,66.87978625242718,20.216455501183507,0.3433097187422874,23,64,,False,False,Request timeout: 300.0s exceeded,344,21.16838264042747
138,2026-09-14T02:13:19.244+00:00,2026-09-14T02:18:12.930+00:00,2026-09-14T02:18:19.256+00:00,False,95,94.0,,94.0,293685.509556,300011.48818,300011.488092,3158.0156641263156,0.06731999999999999,293685.509556,30124.600233527744,90.07461749999999,67.2976449361702,21.103905569198375,0.3133213350270179,23,64,,False,False,Request timeout: 300.0s exceeded,370,21.16838264042747
139,2026-09-14T02:13:22.458+00:00,2026-09-14T02:18:15.916+00:00,2026-09-14T02:18:22.473+00:00,False,99,98.0,,98.0,293457.615712,300014.745952,300014.745729,3030.451977060606,0.03692,293457.615712,29486.882461601323,89.3442699,66.90949224489796,20.453996328015943,0.3266506107525769,23,64,,False,False,Request timeout: 300.0s exceeded,470,21.16838264042747
140,2026-09-14T02:13:25.102+00:00,2026-09-14T02:18:18.659+00:00,2026-09-14T02:18:25.108+00:00,False,97,96.0,,96.0,293557.24087,300006.50269399997,300006.502706,3092.8505433608248,0.02152,293557.24087,29799.40726163783,89.53723399999998,67.17981066666667,19.72694632451958,0.31999306394341026,23,64,,False,False,Request timeout: 300.0s exceeded,531,21.16838264042747
141,2026-09-14T02:13:29.595+00:00,2026-09-14T02:18:23.333+00:00,2026-09-14T02:18:29.625+00:00,False,90,89.0,,89.0,293738.126305,300030.338529,300030.33855399996,3333.6704283777776,0.06481,293738.126305,30955.271101528742,88.9289365,70.699013752809,19.819416115083513,0.2966366682661245,23,64,,False,False,Request timeout: 300.0s exceeded,427,21.16838264042747
142,2026-09-14T02:13:34.150+00:00,2026-09-14T02:18:27.772+00:00,2026-09-14T02:18:34.169+00:00,False,100,99.0,,99.0,293621.309162,300018.851306,300018.85133800004,3000.18851338,0.0,293621.309162,29355.733833341892,93.88731205,64.62163781818182,62.128775774725334,0.32997926486634777,23,64,,False,False,Request timeout: 300.0s exceeded,357,21.16838264042747
143,2026-09-14T02:13:37.446+00:00,2026-09-14T02:18:31.259+00:00,2026-09-14T02:18:37.502+00:00,False,96,95.0,,95.0,293813.424522,300056.56436200003,300056.564144,3125.5892098333334,0.0,293813.424522,29980.5658065577,92.7070965,65.71726147368422,63.23087043742566,0.31660697109558406,23,64,,False,False,Request timeout: 300.0s exceeded,432,21.16838264042747
144,2026-09-14T02:13:41.032+00:00,2026-09-14T02:18:34.779+00:00,2026-09-14T02:18:41.108+00:00,False,92,91.0,,91.0,293747.534672,300076.18568,300076.185472,3261.697668173913,0.048369,293747.534672,30618.05338773017,89.1597106,69.54561547252747,20.03461017345869,0.30325632070330977,23,64,,False,False,Request timeout: 300.0s exceeded,398,21.16838264042747
145,2026-09-14T02:13:43.901+00:00,2026-09-14T02:18:37.634+00:00,2026-09-14T02:18:43.940+00:00,False,95,94.0,,94.0,293732.544454,300039.164614,300039.16461000004,3158.306995894737,0.04052,293732.544454,30129.446859838135,90.36651470000001,67.09170382978724,20.842158492206334,0.31329243340925467,23,64,,False,False,Request timeout: 300.0s exceeded,468,21.16838264042747
146,2026-09-14T02:13:47.576+00:00,2026-09-14T02:18:41.364+00:00,2026-09-14T02:18:47.651+00:00,False,98,97.0,,97.0,293788.48209500004,300074.83806300006,300074.83792400005,3061.988142081633,0.02131,293788.48209500004,29670.578899308744,89.27336135000002,64.80779348453608,20.777675193505306,0.32325269464824324,23,64,,False,False,Request timeout: 300.0s exceeded,392,21.16838264042747
147,2026-09-14T02:13:51.028+00:00,2026-09-14T02:18:44.981+00:00,2026-09-14T02:18:51.070+00:00,False,92,91.0,,91.0,293952.654245,300041.915045,300041.91499099997,3261.325162945652,0.040920000000000005,293952.654245,30639.71327472948,88.85515514999999,66.91495384615385,20.692690320253917,0.3032909584860899,23,64,,False,False,Request timeout: 300.0s exceeded,344,21.16838264042747
148,2026-09-14T02:13:55.149+00:00,2026-09-14T02:18:48.522+00:00,2026-09-14T02:18:55.216+00:00,False,97,96.0,,96.0,293373.055912,300066.708392,300066.708471,3093.4712213505154,0.03587,293373.055912,29780.44756668183,88.66009259999998,69.72554666666667,19.620479074023518,0.3199288602006054,23,64,,False,False,Request timeout: 300.0s exceeded,435,21.16838264042747
149,2026-09-14T02:13:57.790+00:00,2026-09-14T02:18:51.447+00:00,2026-09-14T02:18:59.280+00:00,False,93,92.0,,92.0,293657.00287699996,301489.24402899994,301489.244128,3241.819829333333,0.03882,293657.00287699996,30442.552183223976,88.228223,85.133056,186.8820065553714,0.3051518481075584,23,64,,False,False,Request timeout: 300.0s exceeded,386,21.16838264042747
150,2026-09-14T02:14:01.813+00:00,2026-09-14T02:18:55.388+00:00,2026-09-14T02:19:01.850+00:00,False,105,104.0,,104.0,293574.769553,300036.309649,300036.30949099996,2857.4886618190476,0.015390000000000001,293574.769553,28644.526329859786,88.71726100000002,62.13019323076923,190.24763222447848,0.34662471392767524,23,64,,False,False,Request timeout: 300.0s exceeded,478,21.16838264042747
151,2026-09-14T02:14:06.583+00:00,2026-09-14T02:19:00.491+00:00,2026-09-14T02:19:06.596+00:00,False,93,92.0,,92.0,293908.181208,300013.01628,300013.016121,3225.9464099032257,0.023059999999999997,293908.181208,30469.98473272998,90.1170854,66.35690295652174,20.711976655959383,0.30665336171327,23,64,,False,False,Request timeout: 300.0s exceeded,437,21.16838264042747
152,2026-09-14T02:14:10.716+00:00,2026-09-14T02:19:04.177+00:00,2026-09-14T02:19:10.772+00:00,False,96,95.0,,95.0,293460.193601,300055.555905,300055.555906,3125.578707354167,0.027239999999999997,293460.193601,29944.07632436926,87.60054475000001,69.42486635789473,19.652140267663544,0.31660803518025094,23,64,,False,False,Request timeout: 300.0s exceeded,364,21.16838264042747
153,2026-09-14T02:14:14.359+00:00,2026-09-14T02:19:08.155+00:00,2026-09-14T02:19:14.405+00:00,False,89,88.0,,88.0,293796.75336900004,300046.582745,300046.58275500004,3371.309918595506,0.02846,293796.75336900004,31134.870869964572,88.0419514,71.02078836363636,18.588831470777993,0.29328779283178297,23,64,,False,False,Request timeout: 300.0s exceeded,400,21.16838264042747
154,2026-09-14T02:14:17.015+00:00,2026-09-14T02:19:10.772+00:00,2026-09-14T02:19:17.062+00:00,False,92,91.0,,91.0,293757.02593199996,300046.80999599997,300046.80986399995,3261.378368086956,0.04302,293757.02593199996,30619.087697482642,90.5637177,69.1185061978022,20.415134042125548,0.3032860106101883,23,64,,False,False,Request timeout: 300.0s exceeded,449,21.16838264042747
155,2026-09-14T02:14:20.715+00:00,2026-09-14T02:19:14.173+00:00,2026-09-14T02:19:20.786+00:00,False,96,95.0,,95.0,293458.244434,300071.247186,300071.247263,3125.7421589895835,0.034359,293458.244434,29943.859102719947,89.66021049999999,69.61055528421053,20.65258529948096,0.31659147915999425,23,64,,False,False,Request timeout: 300.0s exceeded,436,21.16838264042747
156,2026-09-14T02:14:24.389+00:00,2026-09-14T02:19:18.216+00:00,2026-09-14T02:19:24.398+00:00,False,92,91.0,,91.0,293826.92756599997,300009.16167799995,300009.161706,3260.9691489782604,0.02565,293826.92756599997,30626.498745818517,88.542484,67.93663859340658,20.540362149060535,0.3033240701417991,23,64,,False,False,Request timeout: 300.0s exceeded,393,21.16838264042747
157,2026-09-14T02:14:27.902+00:00,2026-09-14T02:19:21.993+00:00,2026-09-14T02:19:27.933+00:00,False,96,95.0,,95.0,294091.510406,300031.232646,300031.23257,3125.3253392708334,0.0,294091.510406,30009.284345479784,91.8159705,62.523392,68.12905591765715,0.31663370230554744,23,64,,False,False,Request timeout: 300.0s exceeded,447,21.16838264042747
158,2026-09-14T02:14:31.985+00:00,2026-09-14T02:19:25.835+00:00,2026-09-14T02:19:32.068+00:00,False,102,101.0,,101.0,293850.11770999996,300082.51553399995,300082.51541399996,2941.985445235294,0.0,293850.11770999996,29089.462371279744,90.05099750000001,61.70690914851485,66.41224038374384,0.3365740913637353,23,64,,False,False,Request timeout: 300.0s exceeded,423,21.16838264042747
159,2026-09-14T02:14:35.416+00:00,2026-09-14T02:19:29.234+00:00,2026-09-14T02:19:35.502+00:00,False,103,102.0,,102.0,293818.496925,300085.85846099997,300085.858404,2913.454935961165,0.0259,293818.496925,28944.749249197088,90.166832,61.44472094117648,19.980674972365158,0.3399027215847834,23,64,,False,False,Request timeout: 300.0s exceeded,414,21.16838264042747
160,2026-09-14T02:14:39.350+00:00,2026-09-14T02:19:33.298+00:00,2026-09-14T02:19:39.435+00:00,False,94,93.0,,93.0,293947.93769199995,300084.8590359999,300084.85894099995,3192.3921163936166,0.056619,293947.93769199995,30311.61528608756,88.01897545,65.98840154838709,20.18269583828538,0.30991233712609,23,64,,False,False,Request timeout: 300.0s exceeded,352,21.16838264042747
161,2026-09-14T02:14:42.298+00:00,2026-09-14T02:19:35.993+00:00,2026-09-14T02:19:42.337+00:00,False,96,95.0,,95.0,293694.317961,300038.374793,300038.374658,3125.3997360208336,0.02531,293694.317961,29968.241631019817,87.99259174999999,66.7795456,19.816834087287596,0.3166261651215169,23,64,,False,False,Request timeout: 300.0s exceeded,241,21.16838264042747
162,2026-09-14T02:14:45.406+00:00,2026-09-14T02:19:39.092+00:00,2026-09-14T02:19:45.414+00:00,False,93,92.0,,92.0,293685.70583600004,300008.10199600004,300008.10211200005,3225.8935710967744,0.02132,293685.70583600004,30446.669121116745,87.11969219999999,68.72169739130435,19.522383530355196,0.3066583848499752,23,64,,False,False,Request timeout: 300.0s exceeded,419,21.16838264042747
163,2026-09-14T02:14:50.009+00:00,2026-09-14T02:19:43.880+00:00,2026-09-14T02:19:50.049+00:00,False,95,94.0,,94.0,293871.698093,300040.070317,300040.07044499996,3158.316531,0.03653,293871.698093,30143.874141327276,88.06594209999999,65.62098110638298,20.143311832934067,0.31329148770258125,23,64,,False,False,Request timeout: 300.0s exceeded,301,21.16838264042747
164,2026-09-14T02:14:54.561+00:00,2026-09-14T02:19:48.356+00:00,2026-09-14T02:19:54.579+00:00,False,92,91.0,,91.0,293795.399524,300018.4001,300018.400122,3261.0695665434782,0.039979999999999995,293795.399524,30623.165272302587,88.93142900000001,68.38462171428571,20.92390556818353,0.30331472992879277,23,64,,False,False,Request timeout: 300.0s exceeded,407,21.16838264042747
165,2026-09-14T02:14:58.018+00:00,2026-09-14T02:19:51.506+00:00,2026-09-14T02:19:58.031+00:00,False,97,96.0,,96.0,293488.366038,300013.74408599996,300013.74400799995,3092.9251959587627,0.023030000000000002,293488.366038,29792.33373275858,88.53409719999999,67.972688,19.960035633261896,0.31998534031321335,23,64,,False,False,Request timeout: 300.0s exceeded,516,21.16838264042747
166,2026-09-14T02:15:01.275+00:00,2026-09-14T02:19:54.951+00:00,2026-09-14T02:20:01.321+00:00,False,98,97.0,,97.0,293676.291154,300046.337618,300046.3378,3061.697324489796,0.03591,293676.291154,29659.158316691024,87.93511435,65.67058210309278,20.142295342585818,0.3232833993911109,23,64,,False,False,Request timeout: 300.0s exceeded,413,21.16838264042747
167,2026-09-14T02:15:05.905+00:00,2026-09-14T02:19:59.542+00:00,2026-09-14T02:20:05.922+00:00,False,96,95.0,,95.0,293636.880047,300016.494767,300016.494721,3125.171820010417,0.019010000000000003,293636.880047,29962.34188746773,90.63720574999999,67.15383915789474,20.84306588837485,0.3166492564809787,23,64,,False,False,Request timeout: 300.0s exceeded,427,21.16838264042747
168,2026-09-14T02:15:08.876+00:00,2026-09-14T02:20:02.881+00:00,2026-09-14T02:20:08.910+00:00,False,90,89.0,,89.0,294005.25259600003,300034.26814800006,300034.26816000004,3333.714090666667,0.01911,294005.25259600003,30983.74092663482,89.77080645,67.7417477752809,20.631607380443647,0.2966327831462849,23,64,,False,False,Request timeout: 300.0s exceeded,392,21.16838264042747
169,2026-09-14T02:15:12.186+00:00,2026-09-14T02:20:06.134+00:00,2026-09-14T02:20:12.230+00:00,False,95,94.0,,94.0,293948.040209,300044.042001,300044.041901,3158.3583358,0.03683,293948.040209,30151.78584817789,88.8296674,64.85108289361702,20.417751971317063,0.3132873406620975,23,64,,False,False,Request timeout: 300.0s exceeded,437,21.16838264042747
170,2026-09-14T02:15:15.650+00:00,2026-09-14T02:20:09.122+00:00,2026-09-14T02:20:15.707+00:00,False,99,98.0,,98.0,293471.203551,300056.601055,300056.601139,3030.8747589797977,0.053950000000000005,293471.203551,29488.219436958203,90.8004289,67.19793371428571,20.938043859062688,0.3266050460327541,23,64,,False,False,Request timeout: 300.0s exceeded,321,21.16838264042747
171,2026-09-14T02:15:19.701+00:00,2026-09-14T02:20:13.143+00:00,2026-09-14T02:20:19.707+00:00,False,96,95.0,,95.0,293442.524762,300005.835098,300005.835207,3125.0607834062503,0.025039000000000002,293442.524762,29942.307944877968,89.51082324999999,69.08747722105264,20.413383356183846,0.316660507516353,23,64,,False,False,Request timeout: 300.0s exceeded,331,21.16838264042747
172,2026-09-14T02:15:24.394+00:00,2026-09-14T02:20:17.601+00:00,2026-09-14T02:20:24.463+00:00,False,106,105.0,,105.0,293207.226089,300069.021929,300069.021813,2830.839828424528,0.0,293207.226089,28472.527203172915,89.7956,65.35043657142857,64.00469590068701,0.3499194929386756,23,64,,False,False,Request timeout: 300.0s exceeded,486,21.16838264042747
173,2026-09-14T02:15:29.102+00:00,2026-09-14T02:20:22.869+00:00,2026-09-14T02:20:29.145+00:00,False,96,95.0,,95.0,293767.02876599994,300042.84495799994,300042.8449089999,3125.446301135416,0.02258,293767.02876599994,29975.73571001721,87.101314,66.0612230736842,19.433631420409903,0.3166214478912107,23,64,,False,False,Request timeout: 300.0s exceeded,582,21.16838264042747
174,2026-09-14T02:15:33.233+00:00,2026-09-14T02:20:26.983+00:00,2026-09-14T02:20:33.289+00:00,False,95,94.0,,94.0,293749.76626,300056.23794,300056.238038,3158.4867161894736,0.021,293749.76626,30131.21344853967,88.6865721,67.09012425531915,20.109104794653916,0.3132746069381716,23,64,,False,False,Request timeout: 300.0s exceeded,476,21.16838264042747
175,2026-09-14T02:15:37.383+00:00,2026-09-14T02:20:30.944+00:00,2026-09-14T02:20:37.426+00:00,False,91,90.0,,90.0,293561.271676,300043.031676,300043.03183399996,3297.1761739999997,0.02582,293561.271676,30766.039425178653,91.343827,72.01955555555556,19.564429904171952,0.2999569744955319,23,64,,False,False,Request timeout: 300.0s exceeded,418,21.16838264042747
176,2026-09-14T02:15:41.411+00:00,2026-09-14T02:20:34.734+00:00,2026-09-14T02:20:41.423+00:00,False,93,92.0,,92.0,293323.716296,300012.422856,300012.422886,3225.940031032258,0.043869,293323.716296,30408.7194146191,90.1401496,72.70333217391304,19.09030623977445,0.30665396827303437,23,64,,False,False,Request timeout: 300.0s exceeded,372,21.16838264042747
177,2026-09-14T02:15:44.905+00:00,2026-09-14T02:20:38.323+00:00,2026-09-14T02:20:44.933+00:00,False,96,95.0,,95.0,293418.40864,300027.970752,300027.97080799995,3125.291362583333,0.03533,293418.40864,29939.79655737124,88.51076549999999,69.57433802105263,19.877594452316583,0.31663714473650195,23,64,,False,False,Request timeout: 300.0s exceeded,437,21.16838264042747
178,2026-09-14T02:15:47.947+00:00,2026-09-14T02:20:41.419+00:00,2026-09-14T02:20:47.977+00:00,False,96,95.0,,95.0,293471.51438099996,300030.23028499994,300030.230236,3125.3148982916664,0.02416,293471.51438099996,29945.271676992557,88.901207,69.03911477894736,20.496331831248668,0.3166347601365339,23,64,,False,False,Request timeout: 300.0s exceeded,441,21.16838264042747
179,2026-09-14T02:15:51.227+00:00,2026-09-14T02:20:44.768+00:00,2026-09-14T02:20:51.276+00:00,False,96,95.0,,95.0,293540.92149800004,300048.62223400007,300048.62234100007,3125.5064827187502,0.02417,293540.92149800004,29952.411203571744,93.08549374999998,68.50211301052632,21.766508637059065,0.3166153515143022,23,64,,False,False,Request timeout: 300.0s exceeded,472,21.16838264042747
180,2026-09-14T02:15:54.437+00:00,2026-09-14T02:20:48.242+00:00,2026-09-14T02:20:54.520+00:00,False,95,94.0,,94.0,293804.87793300004,300082.156397,300082.15625100007,3158.759539484211,0.03678,293804.87793300004,30136.901200404467,92.44258380000001,66.77955812765957,22.335460600554878,0.3132475490333411,23,64,,False,False,Request timeout: 300.0s exceeded,270,21.16838264042747
181,2026-09-14T02:15:57.476+00:00,2026-09-14T02:20:51.276+00:00,2026-09-14T02:20:57.485+00:00,False,92,91.0,,91.0,293799.462547,300009.375891,300009.37589799997,3260.9714771521735,0.0248,293799.462547,30623.603138567745,88.43562960000001,68.24080597802198,19.819012849361403,0.30332385356203767,23,64,,False,False,Request timeout: 300.0s exceeded,360,21.16838264042747
182,2026-09-14T02:16:01.882+00:00,2026-09-14T02:20:55.460+00:00,2026-09-14T02:21:01.936+00:00,False,96,95.0,,95.0,293578.076793,300054.69656899996,300054.696671,3125.5697569895833,0.03592,293578.076793,29956.235572747584,89.11054675,68.17494501052632,20.076772297973932,0.3166089419238735,23,64,,False,False,Request timeout: 300.0s exceeded,394,21.16838264042747
183,2026-09-14T02:16:06.575+00:00,2026-09-14T02:21:00.030+00:00,2026-09-14T02:21:06.648+00:00,False,99,98.0,,98.0,293455.16778200003,300073.18199,300073.18197100004,3031.0422421313133,0.02159,293455.16778200003,29486.573953528197,88.42046189999999,67.53075722448979,20.392406450589117,0.3265869990450058,23,64,,False,False,Request timeout: 300.0s exceeded,468,21.16838264042747
184,2026-09-14T02:16:10.327+00:00,2026-09-14T02:21:03.786+00:00,2026-09-14T02:21:10.372+00:00,False,99,98.0,,98.0,293459.55700800003,300045.84590400005,300045.846016,3030.766121373738,0.02309,293459.55700800003,29487.047579916234,91.194187,67.20702955102041,20.329456610382994,0.3266167531989601,23,64,,False,False,Request timeout: 300.0s exceeded,365,21.16838264042747
185,2026-09-14T02:16:13.082+00:00,2026-09-14T02:21:06.943+00:00,2026-09-14T02:21:13.108+00:00,False,89,88.0,,88.0,293861.237501,300026.467069,300026.467036,3371.083899280899,0.040350000000000004,293861.237501,31141.80936784764,91.685724,70.0594269090909,20.660429293234074,0.29330745670435066,23,64,,False,False,Request timeout: 300.0s exceeded,313,21.16838264042747
186,2026-09-14T02:16:16.425+00:00,2026-09-14T02:21:10.278+00:00,2026-09-14T02:21:16.447+00:00,False,89,88.0,,88.0,293853.037692,300022.127484,300022.127499,3371.0351404382022,0.04008,293853.037692,31140.935051801447,90.3026716,70.10329309090909,19.90195477566694,0.2933116991668989,23,64,,False,False,Request timeout: 300.0s exceeded,376,21.16838264042747
187,2026-09-14T02:16:20.752+00:00,2026-09-14T02:21:14.573+00:00,2026-09-14T02:21:20.815+00:00,False,99,98.0,,98.0,293821.44732599996,300063.22345399996,300063.22336099995,3030.941650111111,0.0,293821.44732599996,29523.841301825967,88.7241275,63.691593142857144,67.33321226654535,0.3265978378554062,23,64,,False,False,Request timeout: 300.0s exceeded,475,21.16838264042747
188,2026-09-14T02:16:24.571+00:00,2026-09-14T02:21:18.427+00:00,2026-09-14T02:21:24.583+00:00,False,94,93.0,,93.0,293856.15414999996,300011.96675799997,300011.96685499995,3191.616668670212,0.03467,293856.15414999996,30302.127368670182,89.0209225,66.19153341935484,19.848572251584766,0.30998763484330283,23,64,,False,False,Request timeout: 300.0s exceeded,328,21.16838264042747
189,2026-09-14T02:16:27.418+00:00,2026-09-14T02:21:21.036+00:00,2026-09-14T02:21:27.504+00:00,False,95,94.0,,94.0,293618.734922,300086.22266599996,300086.222669,3158.80234388421,0.035590000000000004,293618.734922,30117.593700996287,88.2994424,68.80306110638298,19.376062344992295,0.3132433044239531,23,64,,False,False,Request timeout: 300.0s exceeded,358,21.16838264042747
190,2026-09-14T02:16:32.830+00:00,2026-09-14T02:21:26.595+00:00,2026-09-14T02:21:32.902+00:00,False,96,95.0,,95.0,293765.70411299996,300071.96075299993,300071.9608209999,3125.749591885416,0.085,293765.70411299996,29975.56884373536,89.37353599999999,66.38164884210526,20.9836418017187,0.3165907263098065,23,64,,False,False,Request timeout: 300.0s exceeded,483,21.16838264042747
191,2026-09-14T02:16:34.519+00:00,2026-09-14T02:21:28.114+00:00,2026-09-14T02:21:34.549+00:00,False,100,99.0,,99.0,293595.779518,300030.073534,300030.073486,3000.3007348600004,0.02094,293595.779518,29353.086652449754,91.63158394999999,64.99286884848485,21.764656346228012,0.32996692242846487,23,64,,False,False,Request timeout: 300.0s exceeded,192,21.16838264042747
192,2026-09-14T02:16:37.828+00:00,2026-09-14T02:21:31.706+00:00,2026-09-14T02:21:37.870+00:00,False,94,93.0,,93.0,293877.95953500003,300041.57527900004,300041.575115,3191.931650159575,0.023129999999999998,293877.95953500003,30304.368410843814,90.72814360000001,66.27543810752688,20.81693383806446,0.30995704483127706,23,64,,False,False,Request timeout: 300.0s exceeded,490,21.16838264042747
193,2026-09-14T02:16:42.478+00:00,2026-09-14T02:21:36.492+00:00,2026-09-14T02:21:42.814+00:00,False,96,95.0,,95.0,294013.303607,300335.87333499995,300335.873151,3128.49867865625,0.02038,294013.303607,30000.82137121577,87.72706975000001,66.55336555789474,20.310406845588055,0.3163125301852813,23,64,,False,False,Request timeout: 300.0s exceeded,487,21.16838264042747
194,2026-09-14T02:16:47.178+00:00,2026-09-14T02:21:40.634+00:00,2026-09-14T02:21:47.202+00:00,False,112,111.0,,111.0,293455.423784,300023.388712,300023.38879,2678.7802570535714,0.015189999999999999,293455.423784,27724.045456372238,89.94473755000001,59.17085520720721,198.66962091016427,0.36997115617060006,23,64,,False,False,Request timeout: 300.0s exceeded,363,21.16838264042747
195,2026-09-14T02:16:49.893+00:00,2026-09-14T02:21:43.456+00:00,2026-09-14T02:21:49.941+00:00,False,109,108.0,,108.0,293563.481696,300047.860832,300047.86087699997,2752.73266859633,0.015210000000000001,293563.481696,28113.221935238653,89.07282020000001,60.040547555555555,198.0082251362011,0.3599425761627755,23,64,,False,False,Request timeout: 300.0s exceeded,446,21.16838264042747
196,2026-09-14T02:16:52.531+00:00,2026-09-14T02:21:46.936+00:00,2026-09-14T02:21:52.540+00:00,False,85,84.0,,84.0,294405.01626099995,300009.82086899993,300009.82083999994,3529.5273039999993,0.0259,294405.01626099995,31925.476582189225,87.94373820000001,66.72386438095238,20.20983064712648,0.27999083415565523,23,64,,False,False,Request timeout: 300.0s exceeded,359,21.16838264042747
197,2026-09-14T02:16:55.506+00:00,2026-09-14T02:21:49.398+00:00,2026-09-14T02:21:55.572+00:00,False,93,92.0,,92.0,293892.16164600005,300065.9050060001,300065.9050140001,3226.51510767742,0.03596,293892.16164600005,30468.24567108608,88.6858506,67.10590608695652,20.34790992007777,0.3065993119016983,23,64,,False,False,Request timeout: 300.0s exceeded,420,21.16838264042747
198,2026-09-14T02:16:58.609+00:00,2026-09-14T02:21:52.540+00:00,2026-09-14T02:21:58.655+00:00,False,88,87.0,,87.0,293931.022436,300046.492772,300046.492857,3409.6192370113636,0.04397,293931.022436,31325.664993865375,88.55815249999999,70.29276248275863,19.429723776749157,0.28995506395107157,23,64,,False,False,Request timeout: 300.0s exceeded,410,21.16838264042747
199,2026-09-14T02:17:01.688+00:00,2026-09-14T02:21:55.570+00:00,2026-09-14T02:22:01.763+00:00,False,92,91.0,,91.0,293881.767872,300074.926784,300074.926869,3261.6839877065217,0.04562,293881.767872,30632.203711499766,89.66684455000001,68.05669134065934,20.519592357291817,0.3032575929461232,23,64,,False,False,Request timeout: 300.0s exceeded,178,21.16838264042747
200,2026-09-14T02:17:05.362+00:00,2026-09-14T02:21:59.127+00:00,2026-09-14T02:22:05.391+00:00,False,96,95.0,,95.0,293764.75154400006,300029.25816800003,300029.25816100003,3125.3047725104175,0.018449999999999998,293764.75154400006,29975.516423658322,88.56370875,65.94217498947368,20.907541214103876,0.31663578605658915,23,64,,False,False,Request timeout: 300.0s exceeded,461,21.16838264042747
201,2026-09-14T02:17:10.186+00:00,2026-09-14T02:22:03.698+00:00,2026-09-14T02:22:10.236+00:00,False,99,98.0,,98.0,293511.233061,300050.050085,300050.050027,3030.8085861313134,0.04335,293511.233061,29492.28997523671,88.4344908,66.72262269387755,20.43603171333194,0.32661217677596777,23,64,,False,False,Request timeout: 300.0s exceeded,242,21.16838264042747
202,2026-09-14T02:17:12.985+00:00,2026-09-14T02:22:06.675+00:00,2026-09-14T02:22:13.006+00:00,False,101,100.0,,100.0,293689.83152300003,300020.704611,300020.70462000003,2970.502025940594,0.0,293689.83152300003,29217.00568851295,90.22312,63.308730880000006,66.38666126135105,0.3333103297975975,23,64,,False,False,Request timeout: 300.0s exceeded,458,21.16838264042747
203,2026-09-14T02:17:16.493+00:00,2026-09-14T02:22:10.232+00:00,2026-09-14T02:22:16.571+00:00,False,103,102.0,,102.0,293739.269353,300078.600681,300078.600622,2913.3844720582524,0.0,293739.269353,28936.94075375609,87.9635052,62.1503071372549,65.93448696820063,0.3399109425614511,23,64,,False,False,Request timeout: 300.0s exceeded,417,21.16838264042747
204,2026-09-14T02:17:20.114+00:00,2026-09-14T02:22:13.968+00:00,2026-09-14T02:22:20.158+00:00,False,89,88.0,,88.0,293853.965287,300043.836391,300043.836201,3371.2790584382024,0.02348,293853.965287,31141.00796305728,88.9411018,70.33944436363636,19.28811103318188,0.2932904773465282,23,64,,False,False,Request timeout: 300.0s exceeded,458,21.16838264042747
205,2026-09-14T02:17:24.879+00:00,2026-09-14T02:22:18.267+00:00,2026-09-14T02:22:24.892+00:00,False,96,95.0,,95.0,293388.336648,300013.556744,300013.556782,3125.141216479167,0.02504,293388.336648,29936.710490074558,89.11316175,69.73915890526315,19.82241649653116,0.316652357416845,23,64,,False,False,Request timeout: 300.0s exceeded,471,21.16838264042747
206,2026-09-14T02:17:28.050+00:00,2026-09-14T02:22:21.875+00:00,2026-09-14T02:22:28.068+00:00,False,93,92.0,,92.0,293824.627638,300017.802678,300017.802606,3225.997877483871,0.02613,293824.627638,30461.220764725338,89.11695100000001,67.31712,20.263370649445093,0.30664846945346375,23,64,,False,False,Request timeout: 300.0s exceeded,423,21.16838264042747
207,2026-09-14T02:17:32.645+00:00,2026-09-14T02:22:26.698+00:00,2026-09-14T02:22:32.661+00:00,False,86,85.0,,85.0,294052.611739,300016.284059,300016.28419000003,3488.5614440697677,0.022399000000000002,294052.611739,31700.949407448017,90.03425425000002,70.1608508235294,20.350530143553122,0.2833179547790287,23,64,,False,False,Request timeout: 300.0s exceeded,383,21.16838264042747
208,2026-09-14T02:17:36.070+00:00,2026-09-14T02:22:29.823+00:00,2026-09-14T02:22:36.152+00:00,False,90,89.0,,89.0,293753.444717,300082.718061,300082.717996,3334.252422177778,0.03832,293753.444717,30956.842536345674,89.512389,71.11543083146067,20.786054379720287,0.2965848902431906,23,64,,False,False,Request timeout: 300.0s exceeded,425,21.16838264042747
209,2026-09-14T02:17:39.583+00:00,2026-09-14T02:22:33.003+00:00,2026-09-14T02:22:39.637+00:00,False,98,97.0,,97.0,293419.80120700004,300054.06066300004,300054.06048200006,3061.7761273673473,0.027539,293419.80120700004,29632.975056990766,92.83772435,68.3944273814433,21.964262608826726,0.3232750784497587,23,64,,False,False,Request timeout: 300.0s exceeded,401,21.16838264042747
210,2026-09-14T02:17:43.667+00:00,2026-09-14T02:22:37.314+00:00,2026-09-14T02:22:43.742+00:00,False,93,92.0,,92.0,293647.484893,300075.624157,300075.62409399997,3226.6196139139784,0.02131,293647.484893,30442.588319246242,92.6683842,69.87107895652173,22.053451876234654,0.3065893814549411,23,64,,False,False,Request timeout: 300.0s exceeded,495,21.16838264042747
211,2026-09-14T02:17:46.905+00:00,2026-09-14T02:22:40.416+00:00,2026-09-14T02:22:46.929+00:00,False,96,95.0,,95.0,293510.528308,300023.28939600004,300023.289341,3125.2425973020836,0.02181,293510.528308,29949.30324111806,90.792883,68.55537987368422,21.00943491936003,0.3166420853236154,23,64,,False,False,Request timeout: 300.0s exceeded,420,21.16838264042747
212,2026-09-14T02:17:49.515+00:00,2026-09-14T02:22:43.466+00:00,2026-09-14T02:22:49.523+00:00,False,89,88.0,,88.0,293951.689741,300008.686861,300008.686777,3370.8841210898877,0.02574,293951.689741,31151.527043668448,88.24019980000001,68.82951272727273,19.706521732782736,0.29332483975963053,23,64,,False,False,Request timeout: 300.0s exceeded,197,21.16838264042747
213,2026-09-14T02:17:52.181+00:00,2026-09-14T02:22:45.613+00:00,2026-09-14T02:22:52.259+00:00,False,98,97.0,,97.0,293432.51474400004,300077.97880800004,300077.978766,3062.020191489796,0.081679,293432.51474400004,29634.24555691071,88.39938900000001,68.50993880412372,18.897821506629313,0.3232493113467145,23,64,,False,False,Request timeout: 300.0s exceeded,461,21.16838264042747
214,2026-09-14T02:17:55.897+00:00,2026-09-14T02:22:49.448+00:00,2026-09-14T02:22:55.975+00:00,False,98,97.0,,97.0,293551.264569,300078.113593,300078.113382,3062.021565122449,0.02318,293551.264569,29646.364994102292,88.11514135000002,67.28710334020619,19.476429310800878,0.3232491661539915,23,64,,False,False,Request timeout: 300.0s exceeded,491,21.16838264042747
215,2026-09-14T02:17:59.342+00:00,2026-09-14T02:22:53.467+00:00,2026-09-14T02:22:59.352+00:00,False,86,85.0,,85.0,294124.774884,300010.036708,300010.036762,3488.48879955814,0.035549,294124.774884,31708.831092812925,91.47683950000001,69.23837440000001,21.368274776096865,0.28332385453734193,23,64,,False,False,Request timeout: 300.0s exceeded,373,21.16838264042747
216,2026-09-14T02:18:04.048+00:00,2026-09-14T02:22:57.997+00:00,2026-09-14T02:23:04.142+00:00,False,89,88.0,,88.0,293949.007445,300093.70990899997,300093.709965,3371.839437808989,0.030019999999999998,293949.007445,31151.137530503784,89.73322499999999,69.82616436363637,20.42043225076518,0.2932417344791565,23,64,,False,False,Request timeout: 300.0s exceeded,191,21.16838264042747
217,2026-09-14T02:18:07.136+00:00,2026-09-14T02:23:00.530+00:00,2026-09-14T02:23:07.152+00:00,False,103,102.0,,102.0,293394.391662,300016.49854199996,300016.498614,2912.7815399417473,0.0,293394.391662,28902.685243683645,90.5211513,64.92261647058824,65.65690837028103,0.33998130268066173,23,64,,False,False,Request timeout: 300.0s exceeded,468,21.16838264042747
218,2026-09-14T02:18:11.108+00:00,2026-09-14T02:23:04.554+00:00,2026-09-14T02:23:11.139+00:00,False,103,102.0,,102.0,293446.24189,300031.42461,300031.42447,2912.9264511650485,0.0,293446.24189,28907.829680022816,89.2222052,64.56061490196079,65.57922974546588,0.3399643891721879,23,64,,False,False,Request timeout: 300.0s exceeded,443,21.16838264042747
219,2026-09-14T02:18:13.911+00:00,2026-09-14T02:23:07.749+00:00,2026-09-14T02:23:13.960+00:00,False,91,90.0,,90.0,293837.650096,300048.100528,300048.100647,3297.231875241758,0.040060000000000005,293837.650096,30795.32779733501,88.6767125,69.0050048,19.622440165530872,0.2999519071829663,23,64,,False,False,Request timeout: 300.0s exceeded,440,21.16838264042747
220,2026-09-14T02:18:17.714+00:00,2026-09-14T02:23:11.136+00:00,2026-09-14T02:23:17.791+00:00,False,96,95.0,,95.0,293422.07595200004,300076.86737600004,300076.86741500004,3125.8007022395836,0.026719999999999997,293422.07595200004,29940.122394003665,89.6517625,70.05043604210526,20.08169937484814,0.31658554966505903,23,64,,False,False,Request timeout: 300.0s exceeded,488,21.16838264042747
221,2026-09-14T02:18:21.840+00:00,2026-09-14T02:23:15.435+00:00,2026-09-14T02:23:21.875+00:00,False,95,94.0,,94.0,293595.176973,300035.338253,300035.33809,3158.266716736842,0.03623,293595.176973,30115.207352016972,89.96801299999998,68.51235404255318,20.622602620917288,0.31329642883844566,23,64,,False,False,Request timeout: 300.0s exceeded,402,21.16838264042747
222,2026-09-14T02:18:24.747+00:00,2026-09-14T02:23:18.697+00:00,2026-09-14T02:23:24.756+00:00,False,91,90.0,,90.0,293949.304651,300008.77754700003,300008.777681,3296.799754736264,0.0389,293949.304651,30807.208518430733,87.74191450000002,67.32747662222222,20.08230793811005,0.2999912227098102,23,64,,False,False,Request timeout: 300.0s exceeded,416,21.16838264042747
223,2026-09-14T02:18:28.065+00:00,2026-09-14T02:23:21.667+00:00,2026-09-14T02:23:28.104+00:00,False,95,94.0,,94.0,293602.692967,300039.563367,300039.563431,3158.3111940105264,0.02141,293602.692967,30115.98198693168,88.70278439999998,68.47734468085106,20.502310405904545,0.31329201704317183,23,64,,False,False,Request timeout: 300.0s exceeded,329,21.16838264042747
224,2026-09-14T02:18:31.931+00:00,2026-09-14T02:23:25.430+00:00,2026-09-14T02:23:31.937+00:00,False,100,99.0,,99.0,293499.08622299996,300005.86126299994,300005.861298,3000.0586129799995,0.051840000000000004,293499.08622299996,29343.343658956102,90.38808934999999,65.7250004040404,21.138085775854524,0.32999355273666375,23,64,,False,False,Request timeout: 300.0s exceeded,444,21.16838264042747
225,2026-09-14T02:18:35.951+00:00,2026-09-14T02:23:29.422+00:00,2026-09-14T02:23:35.974+00:00,False,99,98.0,,98.0,293470.84689700004,300022.17873700004,300022.17871800007,3030.527057757576,0.02121,293470.84689700004,29488.218654369295,90.72169989999999,66.85032489795918,21.117110498131634,0.3266425182716474,23,64,,False,False,Request timeout: 300.0s exceeded,397,21.16838264042747
226,2026-09-14T02:18:40.468+00:00,2026-09-14T02:23:33.991+00:00,2026-09-14T02:23:40.515+00:00,False,95,94.0,,94.0,293522.959555,300046.506179,300046.506146,3158.3842752210526,0.03139,293522.959555,30107.706401382675,88.83527970000002,69.39943217021276,19.734019107877835,0.31328476774171143,23,64,,False,False,Request timeout: 300.0s exceeded,402,21.16838264042747
227,2026-09-14T02:18:44.401+00:00,2026-09-14T02:23:38.270+00:00,2026-09-14T02:23:44.417+00:00,False,92,91.0,,91.0,293869.105103,300015.756239,300015.756179,3261.0408280326087,0.02241,293869.105103,30630.9358324453,87.56671460000001,67.54561687912089,18.98653077113275,0.3033174028616922,23,64,,False,False,Request timeout: 300.0s exceeded,438,21.16838264042747
228,2026-09-14T02:18:48.876+00:00,2026-09-14T02:23:42.497+00:00,2026-09-14T02:23:48.903+00:00,False,97,96.0,,96.0,293620.820955,300026.571995,300026.572133,3093.057444670103,0.02989,293620.820955,29805.90848301949,86.61897280000001,66.72657333333333,19.1443972808435,0.3199716590489187,23,64,,False,False,Request timeout: 300.0s exceeded,493,21.16838264042747
229,2026-09-14T02:18:51.829+00:00,2026-09-14T02:23:45.663+00:00,2026-09-14T02:23:51.915+00:00,False,93,92.0,,92.0,293833.345172,300086.010516,300086.010484,3226.7312955268817,0.030850000000000002,293833.345172,30462.0574670618,89.5738612,67.96375373913044,19.940448172681343,0.3065787700059905,23,64,,False,False,Request timeout: 300.0s exceeded,470,21.16838264042747
230,2026-09-14T02:18:55.525+00:00,2026-09-14T02:23:48.825+00:00,2026-09-14T02:23:55.539+00:00,False,97,96.0,,96.0,293300.02465499996,300013.90113499993,300013.90119299997,3092.92681642268,0.03792,293300.02465499996,29773.011246510963,90.064928,69.93621333333333,20.028501045490522,0.319985172809716,23,64,,False,False,Request timeout: 300.0s exceeded,428,21.16838264042747
231,2026-09-14T02:18:59.769+00:00,2026-09-14T02:23:53.203+00:00,2026-09-14T02:23:59.789+00:00,False,102,101.0,,101.0,293434.583959,300020.746135,300020.746238,2941.3798650784315,0.05263,293434.583959,29047.90404508186,89.49488249999999,65.2095264950495,21.00213565313403,0.3366433865028558,23,64,,False,False,Request timeout: 300.0s exceeded,470,21.16838264042747
232,2026-09-14T02:19:03.156+00:00,2026-09-14T02:23:57.023+00:00,2026-09-14T02:24:03.172+00:00,False,104,103.0,,103.0,293866.912322,300016.308802,300016.308825,2884.772200240385,0.0,293866.912322,28810.241568129855,93.39507744999999,59.70287844660194,65.78277459693706,0.3433146698300868,23,64,,False,False,Request timeout: 300.0s exceeded,408,21.16838264042747
233,2026-09-14T02:19:06.316+00:00,2026-09-14T02:24:00.565+00:00,2026-09-14T02:24:06.371+00:00,False,90,89.0,,89.0,294249.270672,300054.572432,300054.572322,3333.9396924666667,0.0,294249.270672,31009.799680445733,91.28356705,65.22810966292134,70.3136193053395,0.2966127104101027,23,64,,False,False,Request timeout: 300.0s exceeded,470,21.16838264042747
234,2026-09-14T02:19:08.937+00:00,2026-09-14T02:24:02.909+00:00,2026-09-14T02:24:08.966+00:00,False,92,91.0,,91.0,293971.97676499997,300028.86354899994,300028.86363399995,3261.1833003695647,0.02442,293971.97676499997,30641.76466263997,88.76683099999998,66.55919542857143,20.37002254829399,0.3033041518858339,23,64,,False,False,Request timeout: 300.0s exceeded,295,21.16838264042747
235,2026-09-14T02:19:13.694+00:00,2026-09-14T02:24:07.682+00:00,2026-09-14T02:24:13.716+00:00,False,91,90.0,,90.0,293988.56972100004,300022.85759300005,300022.857458,3296.95447756044,0.03717,293988.56972100004,30811.353786418138,86.763377,67.04764302222222,19.826668425582405,0.29997714414843246,23,64,,False,False,Request timeout: 300.0s exceeded,439,21.16838264042747
236,2026-09-14T02:19:18.258+00:00,2026-09-14T02:24:12.115+00:00,2026-09-14T02:24:18.315+00:00,False,92,91.0,,91.0,293856.78319,300056.873302,300056.873247,3261.4877526847827,0.02257,293856.78319,30629.59072159611,88.62882705,68.13285837362636,20.190162326215347,0.3032758390053965,23,64,,False,False,Request timeout: 300.0s exceeded,424,21.16838264042747
237,2026-09-14T02:19:22.528+00:00,2026-09-14T02:24:16.387+00:00,2026-09-14T02:24:22.539+00:00,False,90,89.0,,89.0,293858.506666,300010.734506,300010.734465,3333.4526051666667,0.031100000000000003,293858.506666,30968.126138418065,89.510615,69.12615550561797,19.884677738067094,0.29665605181277294,23,64,,False,False,Request timeout: 300.0s exceeded,429,21.16838264042747
238,2026-09-14T02:19:26.337+00:00,2026-09-14T02:24:19.704+00:00,2026-09-14T02:24:26.685+00:00,False,103,102.0,,102.0,293366.715173,300347.674661,300347.674732,2915.9968420582522,0.02244,293366.715173,28899.54399930339,87.3057152,68.44077929411765,19.176324732211334,0.3396064248379035,23,64,,False,False,Request timeout: 300.0s exceeded,492,21.16838264042747
239,2026-09-14T02:19:29.979+00:00,2026-09-14T02:24:23.604+00:00,2026-09-14T02:24:30.017+00:00,False,97,96.0,,96.0,293625.539257,300037.841337,300037.841296,3093.1736216082477,0.02428,293625.539257,29806.381141921764,88.595851,66.79481333333334,19.940543488610555,0.3199596409979953,23,64,,False,False,Request timeout: 300.0s exceeded,373,21.16838264042747
240,2026-09-14T02:19:33.205+00:00,2026-09-14T02:24:26.988+00:00,2026-09-14T02:24:33.282+00:00,False,97,96.0,,96.0,293783.456081,300077.314897,300077.31494,3093.580566391752,0.019440000000000002,293783.456081,29822.540928505085,88.6012458,65.56102933333334,20.674072679209967,0.31991755202472244,23,64,,False,False,Request timeout: 300.0s exceeded,438,21.16838264042747
241,2026-09-14T02:19:37.712+00:00,2026-09-14T02:24:31.206+00:00,2026-09-14T02:24:37.802+00:00,False,98,97.0,,97.0,293494.511182,300089.81460599997,300089.81464299996,3062.140965744898,0.04618,293494.511182,29640.561112922984,88.40993119999999,67.99281880412371,20.027890436152614,0.3232365621184285,23,64,,False,False,Request timeout: 300.0s exceeded,220,21.16838264042747
242,2026-09-14T02:19:40.435+00:00,2026-09-14T02:24:33.910+00:00,2026-09-14T02:24:40.493+00:00,False,97,96.0,,96.0,293474.929285,300058.067333,300058.067403,3093.3821381752578,0.02743,293474.929285,29790.908549499356,89.487249,68.57435466666666,20.262607805761764,0.3199380734978228,23,64,,False,False,Request timeout: 300.0s exceeded,325,21.16838264042747
243,2026-09-14T02:19:43.623+00:00,2026-09-14T02:24:36.925+00:00,2026-09-14T02:24:43.677+00:00,False,96,95.0,,95.0,293301.767062,300053.332886,300053.332764,3125.555549625,0.019469999999999998,293301.767062,29927.73958374821,89.67317075000001,71.0691139368421,20.276345897674567,0.3166103808488393,23,64,,False,False,Request timeout: 300.0s exceeded,450,21.16838264042747
244,2026-09-14T02:19:46.742+00:00,2026-09-14T02:24:40.920+00:00,2026-09-14T02:24:47.622+00:00,False,65,64.0,,64.0,294178.74244,300880.587944,300880.587907,4628.932121646154,0.02856,294178.74244,36476.42258105711,91.00340820000001,104.716336,276.1239029357529,0.21270897015101453,23,64,,False,False,Request timeout: 300.0s exceeded,292,21.16838264042747
245,2026-09-14T02:19:51.027+00:00,2026-09-14T02:24:44.973+00:00,2026-09-14T02:24:51.065+00:00,False,103,102.0,,102.0,293945.389906,300037.30645,300037.30651,2912.9835583495146,0.01557,293945.389906,28958.254078546932,94.36303260000001,59.724672,221.52806535090116,0.3399577246138153,23,64,,False,False,Request timeout: 300.0s exceeded,541,21.16838264042747
246,2026-09-14T02:19:55.007+00:00,2026-09-14T02:24:48.953+00:00,2026-09-14T02:24:55.014+00:00,False,87,86.0,,86.0,293946.315592,300006.53575200005,300006.535924,3448.350987632184,0.02154,293946.315592,31506.80443159294,89.7045673,70.46767627906976,20.21267882895001,0.2866604215285889,23,64,,False,False,Request timeout: 300.0s exceeded,389,21.16838264042747
247,2026-09-14T02:19:57.863+00:00,2026-09-14T02:24:51.786+00:00,2026-09-14T02:24:57.923+00:00,False,93,92.0,,92.0,293922.98065100005,300060.08324300003,300060.0831110001,3226.452506569893,0.0,293922.98065100005,30471.55553173578,89.8073686,66.70763686956522,69.98752355499919,0.30660526053875325,23,64,,False,False,Request timeout: 300.0s exceeded,395,21.16838264042747
248,2026-09-14T02:20:02.417+00:00,2026-09-14T02:24:56.008+00:00,2026-09-14T02:25:02.424+00:00,False,101,100.0,,100.0,293590.977006,300007.061742,300007.061687,2970.3669473960394,0.0,293590.977006,29207.08634923149,85.43008900000001,64.16084736,67.18889595787417,0.333325487138026,23,64,,False,False,Request timeout: 300.0s exceeded,465,21.16838264042747
249,2026-09-14T02:20:05.793+00:00,2026-09-14T02:24:59.330+00:00,2026-09-14T02:25:05.840+00:00,False,98,97.0,,97.0,293537.31157200004,300046.57314000005,300046.573266,3061.699727204082,0.02291,293537.31157200004,29644.97387981984,87.54953785,67.10578936082474,19.531486158364455,0.3232831456293298,23,64,,False,False,Request timeout: 300.0s exceeded,489,21.16838264042747
250,2026-09-14T02:20:08.822+00:00,2026-09-14T02:25:02.675+00:00,2026-09-14T02:25:08.847+00:00,False,92,91.0,,91.0,293852.988838,300025.221286,300025.221343,3261.14371025,0.02723,293852.988838,30629.22713416325,88.5006835,67.8267301978022,20.32028089346998,0.30330783395457933,23,64,,False,False,Request timeout: 300.0s exceeded,320,21.16838264042747
251,2026-09-14T02:20:11.606+00:00,2026-09-14T02:25:05.255+00:00,2026-09-14T02:25:11.637+00:00,False,93,92.0,,92.0,293649.510209,300030.780225,300030.780393,3226.1374235806447,0.027530000000000002,293649.510209,30442.849673510173,88.295487,69.36163060869566,19.86824344969734,0.30663520566458907,23,64,,False,False,Request timeout: 300.0s exceeded,347,21.16838264042747
252,2026-09-14T02:20:15.023+00:00,2026-09-14T02:25:09.007+00:00,2026-09-14T02:25:15.079+00:00,False,89,88.0,,88.0,293984.24374400004,300056.173344,300056.173353,3371.417678123596,0.03732,293984.24374400004,31154.960040486338,88.14754,68.9992,20.128960723512943,0.2932784185683533,23,64,,False,False,Request timeout: 300.0s exceeded,370,21.16838264042747
253,2026-09-14T02:20:17.730+00:00,2026-09-14T02:25:11.637+00:00,2026-09-14T02:25:17.772+00:00,False,89,88.0,,88.0,293906.559151,300041.652911,300041.652866,3371.2545265842696,0.02414,293906.559151,31146.649872637227,89.78994080000001,69.71697454545455,20.843602582501514,0.29329261169649345,23,64,,False,False,Request timeout: 300.0s exceeded,380,21.16838264042747
254,2026-09-14T02:20:22.474+00:00,2026-09-14T02:25:16.018+00:00,2026-09-14T02:25:22.597+00:00,False,98,97.0,,97.0,293543.658741,300123.010549,300123.010477,3062.479698744898,0.039450000000000006,293543.658741,29645.543097953887,90.915869,67.82836915463918,21.078597680369565,0.3232008096365645,23,64,,False,False,Request timeout: 300.0s exceeded,385,21.16838264042747
255,2026-09-14T02:20:26.053+00:00,2026-09-14T02:25:19.941+00:00,2026-09-14T02:25:26.070+00:00,False,92,91.0,,91.0,293887.480117,300016.501813,300016.501864,3261.048933304348,0.03744,293887.480117,30632.87297203369,88.04806105,67.35188676923077,20.87425474850176,0.30331664908459005,23,64,,False,False,Request timeout: 300.0s exceeded,552,21.16838264042747
256,2026-09-14T02:20:30.146+00:00,2026-09-14T02:25:23.796+00:00,2026-09-14T02:25:30.229+00:00,False,92,91.0,,91.0,293649.859332,300083.0697,300083.06992800004,3261.7724992173917,0.02224,293649.859332,30607.750238809287,91.1086436,70.69461942857143,20.033836230197995,0.30324936388772217,23,64,,False,False,Request timeout: 300.0s exceeded,425,21.16838264042747
257,2026-09-14T02:20:33.061+00:00,2026-09-14T02:25:26.899+00:00,2026-09-14T02:25:33.142+00:00,False,88,87.0,,87.0,293837.357178,300080.59941799997,300080.59958499996,3410.0068134659086,0.022669,293837.357178,31315.52435107071,92.283622,71.76140505747126,20.482617290004917,0.2899221081560577,23,64,,False,False,Request timeout: 300.0s exceeded,352,21.16838264042747
258,2026-09-14T02:20:37.093+00:00,2026-09-14T02:25:30.911+00:00,2026-09-14T02:25:37.122+00:00,False,91,90.0,,90.0,293818.300843,300028.819883,300028.81979700003,3297.019997769231,0.02117,293818.300843,30793.299582251682,89.652196,69.0057671111111,19.963882718150252,0.2999711828853529,23,64,,False,False,Request timeout: 300.0s exceeded,439,21.16838264042747
259,2026-09-14T02:20:40.882+00:00,2026-09-14T02:25:34.807+00:00,2026-09-14T02:25:40.930+00:00,False,91,90.0,,90.0,293925.05584,300048.24662399996,300048.246478,3297.23347778022,0.01911,293925.05584,30804.59198320372,87.69309500000001,68.03545315555556,19.525620363827247,0.29995176113387484,23,64,,False,False,Request timeout: 300.0s exceeded,224,21.16838264042747
260,2026-09-14T02:20:45.720+00:00,2026-09-14T02:25:39.469+00:00,2026-09-14T02:25:45.764+00:00,False,95,94.0,,94.0,293748.404845,300044.149869,300044.149921,3158.359472852632,0.02541,293748.404845,30131.085759055022,89.4935607,66.97601089361702,20.530100741043235,0.3132872280330765,23,64,,False,False,Request timeout: 300.0s exceeded,232,21.16838264042747
261,2026-09-14T02:20:48.636+00:00,2026-09-14T02:25:42.416+00:00,2026-09-14T02:25:48.645+00:00,False,92,91.0,,91.0,293780.01493,300009.414226,300009.414198,3260.9718934565217,0.02637,293780.01493,30621.553683829698,89.64117605,68.45493731868132,20.470344240482106,0.30332381480352083,23,64,,False,False,Request timeout: 300.0s exceeded,417,21.16838264042747
262,2026-09-14T02:20:52.487+00:00,2026-09-14T02:25:46.262+00:00,2026-09-14T02:25:52.498+00:00,False,95,94.0,,94.0,293774.891536,300010.072336,300010.07219800004,3158.0007599789474,0.0,293774.891536,30133.942741063474,88.5041287,66.33171063829788,69.94856138376326,0.3133228136911468,23,64,,False,False,Request timeout: 300.0s exceeded,338,21.16838264042747
263,2026-09-14T02:20:55.748+00:00,2026-09-14T02:25:49.581+00:00,2026-09-14T02:25:55.764+00:00,False,98,97.0,,97.0,293832.53098900005,300016.21457300003,300016.21456700005,3061.389944561225,0.0,293832.53098900005,29675.206114627326,89.50300555,63.74931529896907,68.34123064638436,0.3233158585713638,23,64,,False,False,Request timeout: 300.0s exceeded,286,21.16838264042747
264,2026-09-14T02:20:59.760+00:00,2026-09-14T02:25:53.469+00:00,2026-09-14T02:25:59.814+00:00,False,95,94.0,,94.0,293709.766299,300054.761627,300054.761597,3158.4711747052634,0.02648,293709.766299,30127.068041647508,89.628153,67.49995029787233,20.92355693465836,0.3132761482947303,23,64,,False,False,Request timeout: 300.0s exceeded,347,21.16838264042747
265,2026-09-14T02:21:03.051+00:00,2026-09-14T02:25:56.942+00:00,2026-09-14T02:26:03.063+00:00,False,90,89.0,,89.0,293891.158727,300011.926215,300011.92623,3333.465847,0.02596,293891.158727,30971.60545302904,89.59092000000001,68.77266840449437,20.236218968666147,0.2966548734339955,23,64,,False,False,Request timeout: 300.0s exceeded,408,21.16838264042747
266,2026-09-14T02:21:05.663+00:00,2026-09-14T02:25:59.732+00:00,2026-09-14T02:26:05.669+00:00,False,86,85.0,,85.0,294068.930602,300005.27645799995,300005.27634599997,3488.4334458837207,0.03932,294068.930602,31702.7439283722,90.59828225,69.8393630117647,20.579086620145794,0.283328350099535,23,64,,False,False,Request timeout: 300.0s exceeded,350,21.16838264042747
267,2026-09-14T02:21:09.151+00:00,2026-09-14T02:26:03.150+00:00,2026-09-14T02:26:09.173+00:00,False,93,92.0,,92.0,293999.93088999996,300022.229258,300022.229351,3226.045476892473,0.02249,293999.93088999996,30479.591737462757,89.88425380000001,65.45976486956522,20.6814692957384,0.3066439451087668,23,64,,False,False,Request timeout: 300.0s exceeded,373,21.16838264042747
268,2026-09-14T02:21:13.348+00:00,2026-09-14T02:26:06.987+00:00,2026-09-14T02:26:13.422+00:00,False,96,95.0,,95.0,293638.855256,300074.05244,300074.052634,3125.771381604167,0.03965,293638.855256,29962.4835987556,88.57097024999999,67.73891772631579,20.59753618176481,0.31658851949218536,23,64,,False,False,Request timeout: 300.0s exceeded,466,21.16838264042747
269,2026-09-14T02:21:16.307+00:00,2026-09-14T02:26:10.196+00:00,2026-09-14T02:26:16.341+00:00,False,89,88.0,,88.0,293889.490058,300034.74804200005,300034.74791800004,3371.176942898877,0.020640000000000002,293889.490058,31144.82790189686,89.0545004,69.8324770909091,20.21791253862069,0.29329936140490437,23,64,,False,False,Request timeout: 300.0s exceeded,286,21.16838264042747
270,2026-09-14T02:21:20.900+00:00,2026-09-14T02:26:14.568+00:00,2026-09-14T02:26:20.988+00:00,False,97,96.0,,96.0,293667.865277,300088.392125,300088.392095,3093.6947638659794,0.01945,293667.865277,29810.670380670937,89.3555848,66.880488,20.510154129378314,0.31990574283863593,23,64,,False,False,Request timeout: 300.0s exceeded,491,21.16838264042747
271,2026-09-14T02:21:24.525+00:00,2026-09-14T02:26:18.556+00:00,2026-09-14T02:26:24.599+00:00,False,88,87.0,,87.0,294031.1645,300074.53986,300074.539766,3409.937951886364,0.03465,294031.1645,31336.429165823938,90.3044457,69.46408459770115,20.47290781408645,0.289927962700834,23,64,,False,False,Request timeout: 300.0s exceeded,380,21.16838264042747
272,2026-09-14T02:21:27.529+00:00,2026-09-14T02:26:21.294+00:00,2026-09-14T02:26:27.554+00:00,False,91,90.0,,90.0,293765.19769400003,300025.063038,300025.06316300004,3296.9787160769233,0.10096,293765.19769400003,30787.675546797815,89.76245499999999,69.55405937777779,20.216244116983738,0.29997493905567796,23,64,,False,False,Request timeout: 300.0s exceeded,475,21.16838264042747
273,2026-09-14T02:21:31.272+00:00,2026-09-14T02:26:24.681+00:00,2026-09-14T02:26:31.342+00:00,False,101,100.0,,100.0,293409.387367,300069.731943,300069.73193899996,2970.987444940594,0.02666,293409.387367,29188.705387089278,89.628641,66.60344576,20.94404403674756,0.3332558714019033,23,64,,False,False,Request timeout: 300.0s exceeded,375,21.16838264042747
274,2026-09-14T02:21:34.480+00:00,2026-09-14T02:26:27.806+00:00,2026-09-14T02:26:34.492+00:00,False,101,100.0,,100.0,293326.043544,300012.70799200004,300012.708001,2970.4228514950496,0.02022,293326.043544,29180.38575500192,89.234991,66.86664447999999,20.337713657936963,0.33331921394031927,23,64,,False,False,Request timeout: 300.0s exceeded,323,21.16838264042747
275,2026-09-14T02:21:37.648+00:00,2026-09-14T02:26:31.086+00:00,2026-09-14T02:26:37.683+00:00,False,97,96.0,,96.0,293437.98944,300034.402624,300034.40259699995,3093.1381711030926,0.038619999999999995,293437.98944,29787.143612183754,89.66868480000001,68.71263733333333,19.925841916533773,0.31996330807539497,23,64,,False,False,Request timeout: 300.0s exceeded,500,21.16838264042747
276,2026-09-14T02:21:42.044+00:00,2026-09-14T02:26:35.650+00:00,2026-09-14T02:26:42.114+00:00,False,97,96.0,,96.0,293606.559374,300070.76187,300070.761642,3093.5130066185566,0.04163,293606.559374,29804.399595350387,90.27535959999999,67.33544266666667,20.624387990134252,0.31992453847132957,23,64,,False,False,Request timeout: 300.0s exceeded,360,21.16838264042747
277,2026-09-14T02:21:46.334+00:00,2026-09-14T02:26:39.874+00:00,2026-09-14T02:26:46.481+00:00,False,103,102.0,,102.0,293540.17318599997,300147.664258,300147.664182,2914.054992058252,0.0,293540.17318599997,28917.0561935236,89.9676731,64.77932423529411,62.27247168106401,0.3398327295071774,23,64,,False,False,Request timeout: 300.0s exceeded,461,21.16838264042747
278,2026-09-14T02:21:49.315+00:00,2026-09-14T02:26:43.277+00:00,2026-09-14T02:26:49.362+00:00,False,98,97.0,,97.0,293962.032467,300047.011667,300047.011706,3061.7042010816326,0.0,293962.032467,29688.382201921802,95.04423969999999,62.731744329896905,64.59862498269642,0.3232826731420779,23,64,,False,False,Request timeout: 300.0s exceeded,372,21.16838264042747
279,2026-09-14T02:21:52.739+00:00,2026-09-14T02:26:47.655+00:00,2026-09-14T02:26:52.757+00:00,False,79,78.0,,78.0,294916.544874,300018.47665,300018.476618,3797.7022356708862,0.0381,294916.544874,33173.350243480774,86.7085779,65.40938174358975,19.6270889385283,0.2599839878895005,23,64,,False,False,Request timeout: 300.0s exceeded,291,21.16838264042747
280,2026-09-14T02:21:55.946+00:00,2026-09-14T02:26:49.642+00:00,2026-09-14T02:26:55.981+00:00,False,96,95.0,,95.0,293695.569674,300034.32961,300034.32969600003,3125.357601,0.030510000000000002,293695.569674,29968.375555091945,88.29719875,66.7237888,20.5392018704455,0.3166304340022885,23,64,,False,False,Request timeout: 300.0s exceeded,374,21.16838264042747
281,2026-09-14T02:22:00.568+00:00,2026-09-14T02:26:54.492+00:00,2026-09-14T02:27:00.605+00:00,False,90,89.0,,89.0,293923.884703,300036.906911,300036.906932,3333.7434103555556,0.04132,293923.884703,30975.064171800524,88.70108350000001,68.68564278651687,20.120473144119273,0.2966301743218546,23,64,,False,False,Request timeout: 300.0s exceeded,360,21.16838264042747
282,2026-09-14T02:22:04.347+00:00,2026-09-14T02:26:58.186+00:00,2026-09-14T02:27:04.414+00:00,False,88,87.0,,87.0,293838.766475,300066.498187,300066.498301,3409.846571602273,0.02216,293838.766475,31315.69279106453,87.60099249999999,71.58312312643679,19.21120992569548,0.28993573266477096,23,64,,False,False,Request timeout: 300.0s exceeded,365,21.16838264042747
283,2026-09-14T02:22:08.302+00:00,2026-09-14T02:27:01.987+00:00,2026-09-14T02:27:08.347+00:00,False,95,94.0,,94.0,293685.35453899996,300045.236267,300045.23615699995,3158.370906915789,0.03633,293685.35453899996,30124.546767856114,88.7232834,67.65831625531915,20.284027239964278,0.3132860936887284,23,64,,False,False,Request timeout: 300.0s exceeded,443,21.16838264042747
284,2026-09-14T02:22:12.484+00:00,2026-09-14T02:27:06.511+00:00,2026-09-14T02:27:12.500+00:00,False,88,87.0,,87.0,294027.648618,300016.517994,300016.51789899997,3409.278612488636,0.02229,294027.648618,31336.12105468478,89.88012400000001,68.83757903448276,20.31335900481762,0.289984033484916,23,64,,False,False,Request timeout: 300.0s exceeded,389,21.16838264042747
285,2026-09-14T02:22:15.580+00:00,2026-09-14T02:27:09.553+00:00,2026-09-14T02:27:15.643+00:00,False,93,92.0,,92.0,293973.016655,300062.26004699996,300062.259984,3226.4759138064514,0.03861,293973.016655,30476.725537342667,89.94579019999999,66.18742817391305,20.874812114991585,0.3066030362685053,23,64,,False,False,Request timeout: 300.0s exceeded,447,21.16838264042747
286,2026-09-14T02:22:18.379+00:00,2026-09-14T02:27:12.239+00:00,2026-09-14T02:27:18.408+00:00,False,95,94.0,,94.0,293860.86988300004,300029.02911500004,300029.02902500005,3158.2003055263162,0.02036,293860.86988300004,30142.763739464193,89.46787900000001,65.61871523404255,20.615851867024308,0.3133030169689685,23,64,,False,False,Request timeout: 300.0s exceeded,317,21.16838264042747
287,2026-09-14T02:22:21.458+00:00,2026-09-14T02:27:15.383+00:00,2026-09-14T02:27:21.467+00:00,False,91,90.0,,90.0,293924.552091,300008.968347,300008.96823,3296.801848681319,0.037509999999999995,293924.552091,30804.58488851262,88.52102350000001,67.60462506666666,20.38348533585132,0.29999103192109616,23,64,,False,False,Request timeout: 300.0s exceeded,437,21.16838264042747
288,2026-09-14T02:22:24.506+00:00,2026-09-14T02:27:18.403+00:00,2026-09-14T02:27:24.546+00:00,False,90,89.0,,89.0,293897.01946,300040.369732,300040.369655,3333.7818850555554,0.038549999999999994,293897.01946,30972.196090663278,88.72839744999999,69.0264075505618,19.621019824337008,0.29662675085854606,23,64,,False,False,Request timeout: 300.0s exceeded,436,21.16838264042747
289,2026-09-14T02:22:27.467+00:00,2026-09-14T02:27:21.254+00:00,2026-09-14T02:27:27.515+00:00,False,88,87.0,,87.0,293787.012213,300048.18290099996,300048.18302,3409.6384434090905,0.02076,293787.012213,31310.134443991115,88.92507599999999,71.9674791724138,18.62054206263707,0.2899534306751839,23,64,,False,False,Request timeout: 300.0s exceeded,297,21.16838264042747
290,2026-09-14T02:22:30.153+00:00,2026-09-14T02:27:24.382+00:00,2026-09-14T02:27:30.181+00:00,False,84,83.0,,83.0,294228.87641,300027.937914,300027.938043,3571.7611671785717,0.08289,294228.87641,32095.38498049782,87.2745323,69.86821089156626,19.577673679450594,0.27664090410070785,23,64,,False,False,Request timeout: 300.0s exceeded,362,21.16838264042747
291,2026-09-14T02:22:34.066+00:00,2026-09-14T02:27:27.727+00:00,2026-09-14T02:27:34.104+00:00,False,101,100.0,,100.0,293660.714553,300037.487929,300037.488065,2970.668198663366,0.037590000000000005,293660.714553,29213.994746243683,87.549765,63.76773376,19.802901158559543,0.33329168528321934,23,64,,False,False,Request timeout: 300.0s exceeded,204,21.16838264042747
292,2026-09-14T02:22:38.029+00:00,2026-09-14T02:27:31.790+00:00,2026-09-14T02:27:38.119+00:00,False,97,96.0,,96.0,293760.139894,300089.117046,300089.117088,3093.702238020619,0.03503,293760.139894,29820.135953368976,89.2429298,65.92684533333333,20.03360570085889,0.31990497004689566,23,64,,False,False,Request timeout: 300.0s exceeded,363,21.16838264042747
293,2026-09-14T02:22:42.728+00:00,2026-09-14T02:27:36.485+00:00,2026-09-14T02:27:42.746+00:00,False,93,92.0,,92.0,293756.735783,300017.667879,300017.66797,3225.9964297849465,0.0,293756.735783,30454.176432242002,91.76933,68.05360973913044,69.64177532587283,0.3066486072317064,23,64,,False,False,Request timeout: 300.0s exceeded,447,21.16838264042747
294,2026-09-14T02:22:45.606+00:00,2026-09-14T02:27:39.324+00:00,2026-09-14T02:27:45.695+00:00,False,99,98.0,,98.0,293718.529295,300088.972815,300088.972851,3031.201745969697,0.0,293718.529295,29513.366166864413,89.10765590000001,65.00452571428572,67.52964274886907,0.3265698138812166,23,64,,False,False,Request timeout: 300.0s exceeded,415,21.16838264042747
295,2026-09-14T02:22:48.396+00:00,2026-09-14T02:27:42.581+00:00,2026-09-14T02:27:48.442+00:00,False,90,89.0,,89.0,294184.275703,300045.48274300003,300045.48274400004,3333.8386971555556,0.02013,294184.275703,31002.810896382944,89.61069695,65.8562588764045,21.42711135256977,0.296621696105426,23,64,,False,False,Request timeout: 300.0s exceeded,204,21.16838264042747
296,2026-09-14T02:22:51.331+00:00,2026-09-14T02:27:44.962+00:00,2026-09-14T02:27:51.346+00:00,False,93,92.0,,92.0,293631.273581,300015.691885,300015.691908,3225.9751818064515,0.02262,293631.273581,30440.95545183725,89.42070160000002,69.39585113043478,20.4431120238324,0.3066506269120911,23,64,,False,False,Request timeout: 300.0s exceeded,475,21.16838264042747
297,2026-09-14T02:22:55.278+00:00,2026-09-14T02:27:48.687+00:00,2026-09-14T02:27:55.296+00:00,False,96,95.0,,95.0,293409.207332,300017.907748,300017.907825,3125.1865398437503,0.036819000000000005,293409.207332,29938.858170890926,88.51499050000001,69.56526753684211,19.558649521962018,0.3166477651720552,23,64,,False,False,Request timeout: 300.0s exceeded,374,21.16838264042747
298,2026-09-14T02:23:00.100+00:00,2026-09-14T02:27:53.760+00:00,2026-09-14T02:28:00.172+00:00,False,96,95.0,,95.0,293660.78301300004,300072.436645,300072.436792,3125.754549916667,0.034,293660.78301300004,29964.74701779036,90.10753975,67.4910908631579,20.792839759069956,0.31659022422105876,23,64,,False,False,Request timeout: 300.0s exceeded,417,21.16838264042747
299,2026-09-14T02:23:04.107+00:00,2026-09-14T02:27:57.798+00:00,2026-09-14T02:28:04.172+00:00,False,95,94.0,,94.0,293691.02429000003,300065.15677,300065.15678900003,3158.580597778948,0.033409999999999995,293691.02429000003,30125.112499049555,87.9190067,67.80992,19.64575835569885,0.31326529548397725,23,64,,False,False,Request timeout: 300.0s exceeded,390,21.16838264042747
300,2026-09-14T02:23:08.022+00:00,2026-09-14T02:28:01.521+00:00,2026-09-14T02:28:08.065+00:00,False,98,97.0,,97.0,293499.167528,300042.820648,300042.820728,3061.6614360000003,0.03467,293499.167528,29641.085753893865,91.476281,67.46034144329897,20.748913692829948,0.32328718877695495,23,64,,False,False,Request timeout: 300.0s exceeded,512,21.16838264042747
301,2026-09-14T02:23:12.159+00:00,2026-09-14T02:28:06.189+00:00,2026-09-14T02:28:14.689+00:00,False,87,86.0,,86.0,294030.457557,302530.81134899997,302530.81132499996,3477.365647413793,0.02443,294030.457557,31514.08082616825,89.62952229999999,98.8413231627907,288.3433743546195,0.2842685662875848,23,64,,False,False,Request timeout: 300.0s exceeded,419,21.16838264042747
302,2026-09-14T02:23:15.952+00:00,2026-09-14T02:28:09.781+00:00,2026-09-14T02:28:16.026+00:00,False,104,103.0,,103.0,293829.162524,300073.92694,300073.926807,2885.326219298077,0.01515,293829.162524,28807.58229574194,92.42976560000001,60.628780737864076,265.05590704194043,0.3432487489011164,23,64,,False,False,Request timeout: 300.0s exceeded,398,21.16838264042747
303,2026-09-14T02:23:18.687+00:00,2026-09-14T02:28:14.636+00:00,2026-09-14T02:28:18.756+00:00,False,85,84.0,,84.0,295949.278728,300069.505032,300069.50502,3530.2294708235295,0.01517,295949.278728,32094.904306324846,89.59576239999998,49.05031314285714,34.47650740906056,0.27993514366293926,23,64,,False,False,Request timeout: 300.0s exceeded,391,21.16838264042747
304,2026-09-14T02:23:22.602+00:00,2026-09-14T02:28:16.245+00:00,2026-09-14T02:28:22.674+00:00,False,92,91.0,,91.0,293643.044381,300071.952413,300071.952289,3261.6516553152173,0.102949,293643.044381,30607.04368124751,87.45329294999999,70.64734101098901,18.45888184929683,0.30326059889380585,23,64,,False,False,Request timeout: 300.0s exceeded,396,21.16838264042747
305,2026-09-14T02:23:27.360+00:00,2026-09-14T02:28:21.022+00:00,2026-09-14T02:28:27.386+00:00,False,92,91.0,,91.0,293662.37492699997,300025.754127,300025.754234,3261.149502543478,0.037200000000000004,293662.37492699997,30609.135532438722,90.32749299999999,69.92724395604395,20.71494780367747,0.3033072952846574,23,64,,False,False,Request timeout: 300.0s exceeded,434,21.16838264042747
306,2026-09-14T02:23:31.032+00:00,2026-09-14T02:28:24.569+00:00,2026-09-14T02:28:31.093+00:00,False,99,98.0,,98.0,293537.690366,300061.269246,300061.269125,3030.921910353535,0.01798,293537.690366,29494.96439882293,88.34938190000001,66.56713142857143,20.049609442418628,0.3265999648880256,23,64,,False,False,Request timeout: 300.0s exceeded,320,21.16838264042747
307,2026-09-14T02:23:35.567+00:00,2026-09-14T02:28:29.455+00:00,2026-09-14T02:28:35.639+00:00,False,87,86.0,,86.0,293887.30168300006,300072.00261100003,300072.002488,3449.103476873564,0.0363,293887.30168300006,31500.322116485466,89.607238,71.91512706976745,19.929008297086323,0.2865978806809463,23,64,,False,False,Request timeout: 300.0s exceeded,430,21.16838264042747
308,2026-09-14T02:23:39.394+00:00,2026-09-14T02:28:33.325+00:00,2026-09-14T02:28:39.460+00:00,False,93,92.0,,92.0,293931.00421600003,300065.90213600005,300065.90209600003,3226.5150763010756,0.0,293931.00421600003,30472.383591403846,89.7294066,66.68367304347825,67.0984415209834,0.3065993148341876,23,64,,False,False,Request timeout: 300.0s exceeded,380,21.16838264042747
309,2026-09-14T02:23:42.124+00:00,2026-09-14T02:28:35.722+00:00,2026-09-14T02:28:42.162+00:00,False,102,101.0,,101.0,293598.58478100004,300038.05614100007,300038.05611700006,2941.54956977451,0.0,293598.58478100004,29064.348073732825,88.17030405,63.75714217821782,63.75666876005183,0.33662396463645927,23,64,,False,False,Request timeout: 300.0s exceeded,495,21.16838264042747
310,2026-09-14T02:23:46.107+00:00,2026-09-14T02:28:39.627+00:00,2026-09-14T02:28:46.182+00:00,False,96,95.0,,95.0,293520.54366100003,300074.84714900004,300074.84722500003,3125.7796585937504,0.01679,293520.54366100003,29950.279600925736,88.4637425,68.99266829473684,19.207714091136037,0.3165876810488832,23,64,,False,False,Request timeout: 300.0s exceeded,400,21.16838264042747
311,2026-09-14T02:23:49.864+00:00,2026-09-14T02:28:43.236+00:00,2026-09-14T02:28:49.894+00:00,False,99,98.0,,98.0,293372.14359,300029.77559,300029.775516,3030.603793090909,0.01828,293372.14359,29478.188782454792,88.95604189999999,67.93502040816327,19.952609581671233,0.32663424757521414,23,64,,False,False,Request timeout: 300.0s exceeded,482,21.16838264042747
312,2026-09-14T02:23:54.180+00:00,2026-09-14T02:28:48.063+00:00,2026-09-14T02:28:54.204+00:00,False,92,91.0,,91.0,293883.28181699995,300024.6183929999,300024.6184929999,3261.1371575326084,0.02048,293883.28181699995,30632.421330834113,89.9496826,67.48721512087911,21.126073258433866,0.30330844344513025,23,64,,False,False,Request timeout: 300.0s exceeded,388,21.16838264042747
313,2026-09-14T02:23:58.148+00:00,2026-09-14T02:28:51.730+00:00,2026-09-14T02:28:58.181+00:00,False,97,96.0,,96.0,293582.279956,300033.316116,300033.316128,3093.1269703917524,0.0235,293582.279956,29801.948648946163,90.34161519999999,67.19829333333332,21.099695282999516,0.319964466755699,23,64,,False,False,Request timeout: 300.0s exceeded,365,21.16838264042747
314,2026-09-14T02:24:02.499+00:00,2026-09-14T02:28:55.990+00:00,2026-09-14T02:29:02.544+00:00,False,99,98.0,,98.0,293491.200093,300044.96546900005,300044.96523800003,3030.757224626263,0.01933,293491.200093,29490.261529152496,88.34253069999998,66.87515689795919,20.829604419440052,0.32661771160471326,23,64,,False,False,Request timeout: 300.0s exceeded,473,21.16838264042747
315,2026-09-14T02:24:06.342+00:00,2026-09-14T02:28:59.906+00:00,2026-09-14T02:29:06.423+00:00,False,94,93.0,,93.0,293563.890352,300080.177584,300080.177657,3192.3423155,0.02009,293563.890352,30271.583488765842,91.33608250000002,70.06760464516128,20.766101394690786,0.3099171719663721,23,64,,False,False,Request timeout: 300.0s exceeded,411,21.16838264042747
316,2026-09-14T02:24:09.390+00:00,2026-09-14T02:29:03.211+00:00,2026-09-14T02:29:09.398+00:00,False,89,88.0,,88.0,293821.515381,300008.376437,300008.3764,3370.8806337078654,0.03707,293821.515381,31137.57271364373,90.63846840000001,70.30523927272726,20.564494498126148,0.29332514326805637,23,64,,False,False,Request timeout: 300.0s exceeded,348,21.16838264042747
317,2026-09-14T02:24:12.684+00:00,2026-09-14T02:29:06.589+00:00,2026-09-14T02:29:12.722+00:00,False,93,92.0,,92.0,293904.758568,300038.16068,300038.160651,3226.2167811935483,0.03116,293904.758568,30469.59739639757,88.03314420000001,66.66741426086956,20.372292381427574,0.30662766293291893,23,64,,False,False,Request timeout: 300.0s exceeded,388,21.16838264042747
318,2026-09-14T02:24:16.356+00:00,2026-09-14T02:29:10.176+00:00,2026-09-14T02:29:16.392+00:00,False,95,94.0,,94.0,293820.510509,300035.964461,300035.964608,3158.2733116631575,0.02247,293820.510509,30138.5709528396,88.208099,66.12185055319149,20.04293943751748,0.31329577495440064,23,64,,False,False,Request timeout: 300.0s exceeded,479,21.16838264042747
319,2026-09-14T02:24:20.559+00:00,2026-09-14T02:29:14.315+00:00,2026-09-14T02:29:20.565+00:00,False,95,94.0,,94.0,293756.922686,300006.336318,300006.336193,3157.9614336105265,0.03158,293756.922686,30132.010165728996,89.6115853,66.48312374468085,20.41926531225026,0.3133267155409748,23,64,,False,False,Request timeout: 300.0s exceeded,323,21.16838264042747
320,2026-09-14T02:24:24.709+00:00,2026-09-14T02:29:18.140+00:00,2026-09-14T02:29:24.761+00:00,False,95,94.0,,94.0,293430.961446,300051.661094,300051.66104,3158.4385372631577,0.053840000000000006,293430.961446,30098.161780235092,91.00347300000001,70.43297497872341,20.07468850707166,0.3132793854807281,23,64,,False,False,Request timeout: 300.0s exceeded,429,21.16838264042747
321,2026-09-14T02:24:27.448+00:00,2026-09-14T02:29:21.319+00:00,2026-09-14T02:29:27.535+00:00,False,86,85.0,,85.0,293870.551401,300086.566249,300086.566269,3489.378677546512,0.04733,293870.551401,31680.996248245723,89.08322475000001,73.12958644705883,18.768429244850534,0.2832515999049099,23,64,,False,False,Request timeout: 300.0s exceeded,373,21.16838264042747
322,2026-09-14T02:24:30.494+00:00,2026-09-14T02:29:24.338+00:00,2026-09-14T02:29:30.571+00:00,False,90,89.0,,89.0,293844.011629,300077.36177300004,300077.36179,3334.192908777778,0.03332,293844.011629,30966.50217770629,88.874769,70.03764206741573,19.93064608156447,0.29659018419165506,23,64,,False,False,Request timeout: 300.0s exceeded,422,21.16838264042747
323,2026-09-14T02:24:34.138+00:00,2026-09-14T02:29:27.665+00:00,2026-09-14T02:29:34.147+00:00,False,105,104.0,,104.0,293527.554329,300009.793305,300009.793186,2857.2361255809524,0.0,293527.554329,28639.341585016595,91.02048739999998,62.32922092307692,62.769723360316874,0.34665535032808115,23,64,,False,False,Request timeout: 300.0s exceeded,514,21.16838264042747
324,2026-09-14T02:24:38.913+00:00,2026-09-14T02:29:33.099+00:00,2026-09-14T02:29:38.957+00:00,False,102,101.0,,101.0,294185.30610600003,300044.071674,300044.071628,2941.6085453725495,0.0,294185.30610600003,29122.955554360036,91.10313255,58.007579881188114,28.033182540379297,0.33661721571935344,23,64,,False,False,Request timeout: 300.0s exceeded,554,21.16838264042747
325,2026-09-14T02:24:43.742+00:00,2026-09-14T02:29:37.517+00:00,2026-09-14T02:29:43.772+00:00,False,96,95.0,,95.0,293774.303236,300029.764868,300029.764851,3125.31005053125,0.01889,293774.303236,29976.501094560197,90.03424999999999,65.84696454736842,21.035050683898422,0.31663525131180187,23,64,,False,False,Request timeout: 300.0s exceeded,392,21.16838264042747
326,2026-09-14T02:24:48.275+00:00,2026-09-14T02:29:42.205+00:00,2026-09-14T02:29:48.373+00:00,False,99,98.0,,98.0,293930.62481999997,300098.730804,300098.73082999996,3031.300311414141,0.03319,293930.62481999997,29534.821227062308,91.2518518,62.93985697959184,21.32494406804626,0.32655919516036075,23,64,,False,False,Request timeout: 300.0s exceeded,522,21.16838264042747
327,2026-09-14T02:24:51.006+00:00,2026-09-14T02:29:44.547+00:00,2026-09-14T02:29:51.057+00:00,False,104,103.0,,103.0,293540.368146,300050.41614600003,300050.416243,2885.1001561826924,0.019629999999999998,293540.368146,28777.8117169634,90.0357206,63.204349514563106,21.776812527645973,0.34327564454995374,23,64,,False,False,Request timeout: 300.0s exceeded,467,21.16838264042747
328,2026-09-14T02:24:54.736+00:00,2026-09-14T02:29:48.911+00:00,2026-09-14T02:29:54.822+00:00,False,85,84.0,,84.0,294175.433869,300086.279053,300086.279011,3530.4268118941177,0.028050000000000002,294175.433869,31900.179733094872,89.5610072,70.36720457142857,20.25497935088087,0.2799194960365524,23,64,,False,False,Request timeout: 300.0s exceeded,430,21.16838264042747
329,2026-09-14T02:24:59.230+00:00,2026-09-14T02:29:53.019+00:00,2026-09-14T02:29:59.259+00:00,False,92,91.0,,91.0,293789.235097,300028.826009,300028.826015,3261.1828914673915,0.03027,293789.235097,30622.503594577218,90.22677905,68.56693309890109,20.94656148714548,0.3033041898356469,23,64,,False,False,Request timeout: 300.0s exceeded,422,21.16838264042747
330,2026-09-14T02:25:02.744+00:00,2026-09-14T02:29:56.176+00:00,2026-09-14T02:30:02.797+00:00,False,97,96.0,,96.0,293432.893652,300053.640916,300053.641045,3093.3365056185567,0.019149999999999997,293432.893652,29786.600775347353,89.5022408,68.96611733333333,20.37263966908378,0.3199427932516746,23,64,,False,False,Request timeout: 300.0s exceeded,431,21.16838264042747
331,2026-09-14T02:25:06.554+00:00,2026-09-14T02:30:00.277+00:00,2026-09-14T02:30:06.589+00:00,False,93,92.0,,92.0,293722.77127200004,300034.837064,300034.83689700003,3226.1810419032263,0.04262,293722.77127200004,30450.524373968077,88.461185,68.6094107826087,19.684218481852685,0.30663105958050996,23,64,,False,False,Request timeout: 300.0s exceeded,412,21.16838264042747
332,2026-09-14T02:25:09.776+00:00,2026-09-14T02:30:03.519+00:00,2026-09-14T02:30:09.814+00:00,False,93,92.0,,92.0,293743.148582,300037.49687,300037.496834,3226.209643376344,0.019059999999999997,293743.148582,30452.657994732926,91.837214,68.4168292173913,20.635577505845053,0.30662834132315697,23,64,,False,False,Request timeout: 300.0s exceeded,266,21.16838264042747
333,2026-09-14T02:25:14.345+00:00,2026-09-14T02:30:08.073+00:00,2026-09-14T02:30:14.391+00:00,False,95,94.0,,94.0,293727.650657,300045.337185,300045.33721,3158.371970631579,0.02659,293727.650657,30128.932100384503,87.84130369999998,67.20943114893616,19.9645881970571,0.3132859883172992,23,64,,False,False,Request timeout: 300.0s exceeded,518,21.16838264042747
334,2026-09-14T02:25:18.043+00:00,2026-09-14T02:30:11.754+00:00,2026-09-14T02:30:18.120+00:00,False,96,95.0,,95.0,293711.127785,300077.648873,300077.648675,3125.8088403645834,0.020809,293711.127785,29969.93262684279,87.4195955,67.01601145263157,19.013123763881218,0.3165847251762702,23,64,,False,False,Request timeout: 300.0s exceeded,330,21.16838264042747
335,2026-09-14T02:25:22.073+00:00,2026-09-14T02:30:15.744+00:00,2026-09-14T02:30:22.139+00:00,False,94,93.0,,93.0,293670.980014,300066.159022,300066.15900299995,3192.1931808829786,0.03465,293670.980014,30282.762532120323,87.43435965,68.76536567741935,19.668179691557235,0.30993165075033174,23,64,,False,False,Request timeout: 300.0s exceeded,453,21.16838264042747
336,2026-09-14T02:25:26.383+00:00,2026-09-14T02:30:19.906+00:00,2026-09-14T02:30:26.403+00:00,False,93,92.0,,92.0,293522.66611,300019.985278,300019.98513499997,3226.0213455376343,0.02375,293522.66611,30429.56564361654,90.549621,70.62303443478261,19.695278546805707,0.3066462386322442,23,64,,False,False,Request timeout: 300.0s exceeded,468,21.16838264042747
337,2026-09-14T02:25:30.883+00:00,2026-09-14T02:30:24.972+00:00,2026-09-14T02:30:30.891+00:00,False,95,94.0,,94.0,294089.779624,300008.656296,300008.65644,3157.985857263158,0.0,294089.779624,30166.58636332026,92.5173587,62.96677310638298,66.20324445803399,0.31332429257393163,23,64,,False,False,Request timeout: 300.0s exceeded,447,21.16838264042747
338,2026-09-14T02:25:34.917+00:00,2026-09-14T02:30:29.262+00:00,2026-09-14T02:30:34.955+00:00,False,86,85.0,,85.0,294344.92898799997,300037.560028,300037.55991099996,3488.808836174418,0.02172,294344.92898799997,31732.815162216597,90.01206674999999,66.97212988235295,21.17438495612949,0.2832978644142676,23,64,,False,False,Request timeout: 300.0s exceeded,407,21.16838264042747
339,2026-09-14T02:25:37.980+00:00,2026-09-14T02:30:31.758+00:00,2026-09-14T02:30:37.986+00:00,False,91,90.0,,90.0,293778.11318800005,300006.1585,300006.158561,3296.7709731978025,0.018949999999999998,293778.11318800005,30789.06686933763,90.841633,69.20050346666667,20.745862947442003,0.2999938416264211,23,64,,False,False,Request timeout: 300.0s exceeded,479,21.16838264042747
340,2026-09-14T02:25:42.464+00:00,2026-09-14T02:30:35.934+00:00,2026-09-14T02:30:42.523+00:00,False,100,99.0,,99.0,293469.966833,300058.974705,300058.974754,3000.58974754,0.0211,293469.966833,29340.34814197056,89.48039195,66.55563507070707,20.402788540546798,0.32993514057471823,23,64,,False,False,Request timeout: 300.0s exceeded,433,21.16838264042747
341,2026-09-14T02:25:47.256+00:00,2026-09-14T02:30:40.388+00:00,2026-09-14T02:30:47.331+00:00,False,104,103.0,,103.0,293131.971638,300075.63935,300075.63954999996,2885.342687980769,0.03232,293131.971638,28737.351019322672,88.7617568,67.41424963106796,19.937524428818207,0.34324679011968584,23,64,,False,False,Request timeout: 300.0s exceeded,346,21.16838264042747
342,2026-09-14T02:25:51.735+00:00,2026-09-14T02:30:45.255+00:00,2026-09-14T02:30:51.789+00:00,False,97,96.0,,96.0,293520.036661,300053.618997,300053.619049,3093.33627885567,0.08555,293520.036661,29795.54107970909,88.87140800000002,68.05814933333333,20.496673866198172,0.3199428166235843,23,64,,False,False,Request timeout: 300.0s exceeded,376,21.16838264042747
343,2026-09-14T02:25:56.089+00:00,2026-09-14T02:30:49.793+00:00,2026-09-14T02:30:56.170+00:00,False,96,95.0,,95.0,293704.368509,300081.678973,300081.679137,3125.85082434375,0.0219,293704.368509,29969.23244882889,89.45952075,67.12958383157894,20.95232268972333,0.3165804734401919,23,64,,False,False,Request timeout: 300.0s exceeded,422,21.16838264042747
344,2026-09-14T02:26:00.729+00:00,2026-09-14T02:30:54.026+00:00,2026-09-14T02:31:00.744+00:00,False,97,96.0,,96.0,293297.035803,300015.120411,300015.120311,3092.9393846494845,0.019199,293297.035803,29772.703253524574,89.587195,69.980048,19.92224817222594,0.3199838723744544,23,64,,False,False,Request timeout: 300.0s exceeded,451,21.16838264042747
345,2026-09-14T02:26:03.606+00:00,2026-09-14T02:30:57.438+00:00,2026-09-14T02:31:03.638+00:00,False,92,91.0,,91.0,293831.808408,300032.41410399997,300032.41395799996,3261.2218908478258,0.05619,293831.808408,30626.98608502055,88.44771,68.13852413186814,19.80999604005025,0.3033005626134007,23,64,,False,False,Request timeout: 300.0s exceeded,345,21.16838264042747
346,2026-09-14T02:26:07.776+00:00,2026-09-14T02:31:01.440+00:00,2026-09-14T02:31:07.826+00:00,False,95,94.0,,94.0,293664.041215,300049.965055,300049.965024,3158.4206844631576,0.018018999999999997,293664.041215,30122.33193482765,90.6332077,67.93536,20.717035396760306,0.31328115629931685,23,64,,False,False,Request timeout: 300.0s exceeded,482,21.16838264042747
347,2026-09-14T02:26:10.431+00:00,2026-09-14T02:31:04.102+00:00,2026-09-14T02:31:10.439+00:00,False,94,93.0,,93.0,293670.62649500003,300007.824831,300007.824977,3191.5726061382984,0.023329999999999997,293670.62649500003,30282.79084210176,88.69912615,68.14191759139786,20.385240145120576,0.3099919145521909,23,64,,False,False,Request timeout: 300.0s exceeded,359,21.16838264042747
348,2026-09-14T02:26:13.844+00:00,2026-09-14T02:31:07.481+00:00,2026-09-14T02:31:13.885+00:00,False,96,95.0,,95.0,293636.210731,300040.391723,300040.391912,3125.4207490833332,0.03661,293636.210731,29962.246686255417,88.00231975000001,67.41243149473684,20.108466036037065,0.3166240366987151,23,64,,False,False,Request timeout: 300.0s exceeded,366,21.16838264042747
349,2026-09-14T02:26:17.848+00:00,2026-09-14T02:31:11.556+00:00,2026-09-14T02:31:17.872+00:00,False,98,97.0,,97.0,293708.68698299996,300024.971911,300024.97200899996,3061.4793062142853,0.020050000000000002,293708.68698299996,29662.48699149019,89.13045285,65.11633946391753,20.46058369954826,0.32330642140273,23,64,,False,False,Request timeout: 300.0s exceeded,457,21.16838264042747
350,2026-09-14T02:26:20.992+00:00,2026-09-14T02:31:14.691+00:00,2026-09-14T02:31:21.036+00:00,False,97,96.0,,96.0,293699.136617,300044.23920899996,300044.239272,3093.239580123711,0.02194,293699.136617,29813.924852373144,86.93935080000001,66.09481866666667,19.878225996623016,0.3199528184679789,23,64,,False,False,Request timeout: 300.0s exceeded,434,21.16838264042747
351,2026-09-14T02:26:24.215+00:00,2026-09-14T02:31:18.003+00:00,2026-09-14T02:31:24.293+00:00,False,99,98.0,,98.0,293787.475093,300077.739157,300077.739235,3031.08827510101,0.0,293787.475093,29520.380304118575,88.2237607,64.186368,68.67446712169705,0.3265820392919137,23,64,,False,False,Request timeout: 300.0s exceeded,469,21.16838264042747
352,2026-09-14T02:26:26.936+00:00,2026-09-14T02:31:21.709+00:00,2026-09-14T02:31:26.967+00:00,False,88,87.0,,87.0,294773.200456,300030.58516,300030.58523799997,3409.4384686136364,0.0,294773.200456,31416.501828191365,89.80152815,60.429709241379314,30.78228471873812,0.28997043735926026,23,64,,False,False,Request timeout: 300.0s exceeded,415,21.16838264042747
353,2026-09-14T02:26:31.391+00:00,2026-09-14T02:31:25.020+00:00,2026-09-14T02:31:31.423+00:00,False,92,91.0,,91.0,293629.509246,300032.236926,300032.236919,3261.219966510869,0.021219000000000002,293629.509246,30605.663096608634,88.39020054999999,70.35964483516483,19.368947361561393,0.3033007417214446,23,64,,False,False,Request timeout: 300.0s exceeded,324,21.16838264042747
354,2026-09-14T02:26:34.463+00:00,2026-09-14T02:31:27.925+00:00,2026-09-14T02:31:34.491+00:00,False,94,93.0,,93.0,293462.074663,300028.08247100003,300028.082393,3191.78811056383,0.03345,293462.074663,30261.025728664736,87.60889115,70.60223449462366,19.02341961195169,0.3099709841627547,23,64,,False,False,Request timeout: 300.0s exceeded,124,21.16838264042747
355,2026-09-14T02:26:37.550+00:00,2026-09-14T02:31:31.301+00:00,2026-09-14T02:31:37.623+00:00,False,92,91.0,,91.0,293750.751616,300072.610944,300072.61097100005,3261.658814902174,0.019190000000000002,293750.751616,30618.39656514708,89.92839905000001,69.47098162637363,20.04549758844189,0.3032599333665362,23,64,,False,False,Request timeout: 300.0s exceeded,225,21.16838264042747
356,2026-09-14T02:26:40.800+00:00,2026-09-14T02:31:34.064+00:00,2026-09-14T02:31:40.848+00:00,False,101,100.0,,100.0,293263.373389,300047.520077,300047.51998700004,2970.7675246237627,0.02524,293263.373389,29174.052725446032,90.48604900000001,67.84146688,20.164229304888362,0.3332805416100003,23,64,,False,False,Request timeout: 300.0s exceeded,449,21.16838264042747
357,2026-09-14T02:26:43.703+00:00,2026-09-14T02:31:37.014+00:00,2026-09-14T02:31:43.782+00:00,False,103,102.0,,102.0,293310.412772,300078.4033,300078.403415,2913.3825574271846,0.01943,293310.412772,28894.20314958228,89.65451510000001,66.35284831372549,20.726100113915173,0.33991116614289185,23,64,,False,False,Request timeout: 300.0s exceeded,336,21.16838264042747
358,2026-09-14T02:26:47.444+00:00,2026-09-14T02:31:40.855+00:00,2026-09-14T02:31:47.471+00:00,False,104,103.0,,103.0,293411.05749299994,300027.1112529999,300027.11115899996,2884.876068836538,0.02859,293411.05749299994,28765.029900136808,87.93730649999999,64.23353165048543,20.47291909935694,0.3433023088141676,23,64,,False,False,Request timeout: 300.0s exceeded,476,21.16838264042747
359,2026-09-14T02:26:50.885+00:00,2026-09-14T02:31:44.123+00:00,2026-09-14T02:31:50.918+00:00,False,103,102.0,,102.0,293238.380404,300033.258868,300033.25865,2912.944258737864,0.031100000000000003,293238.380404,28887.07965341551,90.45031399999999,66.61645552941177,20.776409000401447,0.339962310794601,23,64,,False,False,Request timeout: 300.0s exceeded,551,21.16838264042747
360,2026-09-14T02:26:55.707+00:00,2026-09-14T02:31:48.934+00:00,2026-09-14T02:31:55.786+00:00,False,104,103.0,,103.0,293227.094092,300078.899532,300078.89954799996,2885.3740341153843,0.02172,293227.094092,28746.76640576863,89.3201468,66.52238291262135,20.52546888738614,0.3432430609437643,23,64,,False,False,Request timeout: 300.0s exceeded,478,21.16838264042747
361,2026-09-14T02:26:59.975+00:00,2026-09-14T02:31:53.835+00:00,2026-09-14T02:31:59.988+00:00,False,91,90.0,,90.0,293860.781189,300013.428357,300013.42833,3296.8508607692306,0.045299,293860.781189,30797.820420022854,91.21574249999999,68.36274631111111,20.398478924630425,0.29998657224404235,23,64,,False,False,Request timeout: 300.0s exceeded,397,21.16838264042747
362,2026-09-14T02:27:03.648+00:00,2026-09-14T02:31:57.325+00:00,2026-09-14T02:32:05.666+00:00,False,86,85.0,,85.0,293677.042382,302017.202894,302017.202836,3511.8279399534886,0.038509999999999996,293677.042382,31658.722443950166,91.55508425,98.11953543529413,287.82790610359086,0.2814409218597814,23,64,,False,False,Request timeout: 300.0s exceeded,401,21.16838264042747
363,2026-09-14T02:27:08.386+00:00,2026-09-14T02:32:02.122+00:00,2026-09-14T02:32:08.418+00:00,False,107,106.0,,106.0,293735.374674,300032.271186,300032.27118100005,2804.0399175794396,0.015439999999999999,293735.374674,28391.941378035637,88.6089759,59.4046840754717,263.7747438601296,0.3532953291357351,23,64,,False,False,Request timeout: 300.0s exceeded,498,21.16838264042747
364,2026-09-14T02:27:11.269+00:00,2026-09-14T02:32:06.866+00:00,2026-09-14T02:32:11.294+00:00,False,68,67.0,,67.0,295596.40766799997,300025.20510799997,300025.205219,4412.135370867647,0.02924,295596.40766799997,35838.319965036884,89.1419047,66.10145432835822,21.23612946494865,0.2233145711070576,23,64,,False,False,Request timeout: 300.0s exceeded,298,21.16838264042747
365,2026-09-14T02:27:15.686+00:00,2026-09-14T02:32:09.404+00:00,2026-09-14T02:32:15.739+00:00,False,97,96.0,,96.0,293718.206397,300053.373117,300053.373114,3093.3337434432988,0.01852,293718.206397,29815.87128190204,86.1146124,65.99132,19.384623637116444,0.31994307880207257,23,64,,False,False,Request timeout: 300.0s exceeded,426,21.16838264042747
366,2026-09-14T02:27:19.283+00:00,2026-09-14T02:32:12.987+00:00,2026-09-14T02:32:19.314+00:00,False,96,95.0,,95.0,293703.309834,300030.883594,300030.883466,3125.3217027708333,0.0,293703.309834,29969.240094321198,88.27227624999999,66.60603957894736,64.88889936869201,0.3166340706730492,23,64,,False,False,Request timeout: 300.0s exceeded,424,21.16838264042747
367,2026-09-14T02:27:23.401+00:00,2026-09-14T02:32:16.803+00:00,2026-09-14T02:32:23.476+00:00,False,98,97.0,,97.0,293402.365603,300075.381667,300075.38183599996,3061.9936922040815,0.06303,293402.365603,29631.172263668686,88.5741749,68.79398004123712,20.306100224082158,0.32325210905719337,23,64,,False,False,Request timeout: 300.0s exceeded,511,21.16838264042747
368,2026-09-14T02:27:26.359+00:00,2026-09-14T02:32:20.044+00:00,2026-09-14T02:32:26.368+00:00,False,91,90.0,,90.0,293684.49025,300008.319242,300008.31938099995,3296.794718472527,0.019690000000000003,293684.49025,30779.140422841123,90.1166295,70.26476657777778,19.9302726288594,0.29999168098869294,23,64,,False,False,Request timeout: 300.0s exceeded,437,21.16838264042747
369,2026-09-14T02:27:30.391+00:00,2026-09-14T02:32:24.248+00:00,2026-09-14T02:32:30.490+00:00,False,87,86.0,,86.0,293856.247732,300098.921908,300098.92183400004,3449.4128946436786,0.01747,293856.247732,31496.920197089716,90.33485230000001,72.58923460465117,19.4186541686073,0.2865721724464063,23,64,,False,False,Request timeout: 300.0s exceeded,398,21.16838264042747
370,2026-09-14T02:27:34.908+00:00,2026-09-14T02:32:28.431+00:00,2026-09-14T02:32:34.995+00:00,False,96,95.0,,95.0,293523.401709,300087.111661,300087.11175599997,3125.907414125,0.03047,293523.401709,29950.561926718216,90.26417975,69.09168370526315,20.330509772339227,0.31657474216126563,23,64,,False,False,Request timeout: 300.0s exceeded,231,21.16838264042747
371,2026-09-14T02:27:38.432+00:00,2026-09-14T02:32:32.544+00:00,2026-09-14T02:32:38.473+00:00,False,86,85.0,,85.0,294111.727572,300040.899796,300040.900021,3488.8476746627907,0.045020000000000004,294111.727572,31707.367247904298,88.93116725,69.75496734117647,19.464325023858127,0.28329471101370557,23,64,,False,False,Request timeout: 300.0s exceeded,535,21.16838264042747
372,2026-09-14T02:27:41.266+00:00,2026-09-14T02:32:34.779+00:00,2026-09-14T02:32:41.309+00:00,False,98,97.0,,97.0,293513.165409,300042.847841,300042.847771,3061.6617119489797,0.030499,293513.165409,29642.514082018555,88.29866705,67.31631373195876,20.428583686909615,0.32328715947731124,23,64,,False,False,Request timeout: 300.0s exceeded,448,21.16838264042747
373,2026-09-14T02:27:43.941+00:00,2026-09-14T02:32:37.453+00:00,2026-09-14T02:32:43.974+00:00,False,102,101.0,,101.0,293512.360476,300033.93334,300033.933205,2941.5091490686273,0.01975,293512.360476,29055.668151616694,88.90607300000002,64.57002835643564,20.67234645269506,0.3366285902253139,23,64,,False,False,Request timeout: 300.0s exceeded,449,21.16838264042747
374,2026-09-14T02:27:46.874+00:00,2026-09-14T02:32:40.679+00:00,2026-09-14T02:32:46.930+00:00,False,96,95.0,,95.0,293804.591366,300055.828998,300055.82911500003,3125.5815532812503,0.03232,293804.591366,29979.596548981568,89.92798049999999,65.80250138947369,20.521752809078315,0.3166077470224156,23,64,,False,False,Request timeout: 300.0s exceeded,271,21.16838264042747
375,2026-09-14T02:27:50.651+00:00,2026-09-14T02:32:44.499+00:00,2026-09-14T02:32:50.667+00:00,False,89,88.0,,88.0,293848.23345,300015.77521,300015.775207,3370.9637663707863,0.06869,293848.23345,31140.42779181306,89.09126,70.08570181818182,20.09702323253491,0.2933179094946032,23,64,,False,False,Request timeout: 300.0s exceeded,362,21.16838264042747
376,2026-09-14T02:27:55.040+00:00,2026-09-14T02:32:48.305+00:00,2026-09-14T02:32:55.058+00:00,False,100,99.0,,99.0,293265.425779,300018.051699,300018.05170999997,3000.1805170999996,0.03349,293265.425779,29319.72788403646,88.82785495,68.20834262626262,19.072086874606825,0.32998014432586215,23,64,,False,False,Request timeout: 300.0s exceeded,327,21.16838264042747
377,2026-09-14T02:27:58.348+00:00,2026-09-14T02:32:51.955+00:00,2026-09-14T02:32:58.405+00:00,False,94,93.0,,93.0,293606.999114,300057.380426,300057.380373,3192.0997912021276,0.01989,293606.999114,30276.10181181042,88.00418330000001,69.35893883870968,19.078313881740378,0.3099407182318437,23,64,,False,False,Request timeout: 300.0s exceeded,435,21.16838264042747
378,2026-09-14T02:28:02.747+00:00,2026-09-14T02:32:56.602+00:00,2026-09-14T02:33:02.834+00:00,False,92,91.0,,91.0,293854.96549900004,300086.19417100004,300086.19437100005,3261.806460554348,0.02036,293854.96549900004,30629.365295844123,88.23359349999998,68.47504035164835,19.81365838887404,0.3032462064820779,23,64,,False,False,Request timeout: 300.0s exceeded,429,21.16838264042747
379,2026-09-14T02:28:06.254+00:00,2026-09-14T02:32:59.672+00:00,2026-09-14T02:33:06.262+00:00,False,98,97.0,,97.0,293418.021038,300008.416686,300008.416692,3061.310374408163,0.05038,293418.021038,29632.839855331862,89.59880935000001,67.94222317525772,20.47304335716308,0.3233242622706943,23,64,,False,False,Request timeout: 300.0s exceeded,465,21.16838264042747
380,2026-09-14T02:28:08.952+00:00,2026-09-14T02:33:02.748+00:00,2026-09-14T02:33:08.982+00:00,False,93,92.0,,92.0,293796.242764,300029.593164,300029.593132,3226.1246573333337,0.020079999999999997,293796.242764,30458.23252479279,89.58049320000002,67.75380869565217,20.886404905540523,0.306636418860561,23,64,,False,False,Request timeout: 300.0s exceeded,304,21.16838264042747
381,2026-09-14T02:28:11.750+00:00,2026-09-14T02:33:05.327+00:00,2026-09-14T02:33:11.790+00:00,False,101,100.0,,100.0,293576.580973,300040.196717,300040.19674499996,2970.6950172772276,0.0,293576.580973,29205.606126244485,89.82153100000001,64.63615743999999,66.98096364804172,0.3332886762979985,23,64,,False,False,Request timeout: 300.0s exceeded,315,21.16838264042747
382,2026-09-14T02:28:14.619+00:00,2026-09-14T02:33:07.084+00:00,2026-09-14T02:33:14.755+00:00,False,128,127.0,,127.0,292464.774105,300135.907545,300135.90770800004,2344.8117789687503,0.0,292464.774105,25845.20948494203,90.22045084999999,60.402625511811024,60.4962638142516,0.4231416395286146,23,64,,False,False,Request timeout: 300.0s exceeded,594,21.16838264042747
383,2026-09-14T02:28:18.494+00:00,2026-09-14T02:33:12.342+00:00,2026-09-14T02:33:18.529+00:00,False,102,101.0,,101.0,293847.968101,300035.003493,300035.003356,2941.519640745098,0.02052,293847.968101,29089.22727887864,92.34708905000001,61.25777615841584,22.137326773642545,0.3366273895517541,23,64,,False,False,Request timeout: 300.0s exceeded,196,21.16838264042747
384,2026-09-14T02:28:22.112+00:00,2026-09-14T02:33:16.036+00:00,2026-09-14T02:33:22.147+00:00,False,92,91.0,,91.0,293924.398002,300035.511986,300035.512067,3261.255565945652,0.05151,293924.398002,30636.74254505983,90.1408531,67.15509872527473,21.024755645873952,0.30329743101958595,23,64,,False,False,Request timeout: 300.0s exceeded,446,21.16838264042747
385,2026-09-14T02:28:26.906+00:00,2026-09-14T02:33:20.788+00:00,2026-09-14T02:33:26.951+00:00,False,88,87.0,,87.0,293881.694697,300045.016041,300045.01604200003,3409.6024550227276,0.03735,293881.694697,31320.347990554033,89.53663255,70.84277406896553,19.399777165100236,0.2899564910223731,23,64,,False,False,Request timeout: 300.0s exceeded,356,21.16838264042747
386,2026-09-14T02:28:30.370+00:00,2026-09-14T02:33:24.041+00:00,2026-09-14T02:33:30.399+00:00,False,97,96.0,,96.0,293671.135905,300029.42249699996,300029.422438,3093.0868292577316,0.045810000000000003,293671.135905,29811.06776821345,87.5193038,66.232152,19.727199144425406,0.31996861908088337,23,64,,False,False,Request timeout: 300.0s exceeded,428,21.16838264042747
387,2026-09-14T02:28:33.057+00:00,2026-09-14T02:33:26.866+00:00,2026-09-14T02:33:33.101+00:00,False,97,96.0,,96.0,293809.276565,300044.542101,300044.542068,3093.2427017319587,0.038819,293809.276565,29825.223878575584,87.37528180000001,64.95068266666667,19.6368668169944,0.3199524954787706,23,64,,False,False,Request timeout: 300.0s exceeded,365,21.16838264042747
388,2026-09-14T02:28:37.710+00:00,2026-09-14T02:33:31.518+00:00,2026-09-14T02:33:37.828+00:00,False,96,95.0,,95.0,293807.698503,300118.267207,300118.267367,3126.2319517395836,0.03699,293807.698503,29979.84943332793,87.7209075,66.42703898947369,19.777757058745028,0.316541878253868,23,64,,False,False,Request timeout: 300.0s exceeded,593,21.16838264042747
389,2026-09-14T02:28:40.343+00:00,2026-09-14T02:33:34.215+00:00,2026-09-14T02:33:40.414+00:00,False,97,96.0,,96.0,293871.315502,300070.417198,300070.41712,3093.509454845361,0.03415,293871.315502,29831.56136506214,87.21520220000001,64.573976,19.84961475622934,0.3199249059485089,23,64,,False,False,Request timeout: 300.0s exceeded,465,21.16838264042747
390,2026-09-14T02:28:43.667+00:00,2026-09-14T02:33:37.264+00:00,2026-09-14T02:33:43.726+00:00,False,102,101.0,,101.0,293597.009603,300058.75449900003,300058.75453700003,2941.7524954607843,0.02613,293597.009603,29064.10870791379,88.21902715,63.977672237623764,21.22455170974742,0.33660074397308276,23,64,,False,False,Request timeout: 300.0s exceeded,424,21.16838264042747
391,2026-09-14T02:28:47.026+00:00,2026-09-14T02:33:40.163+00:00,2026-09-14T02:33:47.075+00:00,False,103,102.0,,102.0,293137.062586,300048.97068200004,300048.970671,2913.096802631068,0.02334,293137.062586,28876.98312256073,88.07491519999999,67.76380486274509,20.293139790169054,0.3399445089518482,23,64,,False,False,Request timeout: 300.0s exceeded,387,21.16838264042747
392,2026-09-14T02:28:49.984+00:00,2026-09-14T02:33:43.806+00:00,2026-09-14T02:33:50.018+00:00,False,95,94.0,,94.0,293821.641764,300033.77642,300033.776255,3158.250276368421,0.02249,293821.641764,30138.69043946658,86.89905340000001,66.08653889361702,19.73523197550523,0.3132980597105001,23,64,,False,False,Request timeout: 300.0s exceeded,379,21.16838264042747
393,2026-09-14T02:28:53.703+00:00,2026-09-14T02:33:47.370+00:00,2026-09-14T02:33:53.785+00:00,False,102,101.0,,101.0,293667.15469199995,300081.69574799994,300081.69584699994,2941.977410264705,0.03724,293667.15469199995,29071.09938070478,86.66705404999999,63.51030748514851,19.7928000010595,0.33657501084243713,23,64,,False,False,Request timeout: 300.0s exceeded,493,21.16838264042747
394,2026-09-14T02:28:57.741+00:00,2026-09-14T02:33:51.365+00:00,2026-09-14T02:33:57.793+00:00,False,97,96.0,,96.0,293623.785387,300051.294123,300051.294154,3093.3123108659793,0.03471,293623.785387,29806.186869720124,87.35772579999998,66.953216,19.773247869109362,0.31994529562217694,23,64,,False,False,Request timeout: 300.0s exceeded,461,21.16838264042747
395,2026-09-14T02:29:01.383+00:00,2026-09-14T02:33:54.979+00:00,2026-09-14T02:34:01.413+00:00,False,96,95.0,,95.0,293595.86922899995,300029.85783699993,300029.85783299996,3125.3110190937496,0.02506,293595.86922899995,29958.09699535002,87.257626,67.72619587368422,19.603302857019106,0.3166351531973579,23,64,,False,False,Request timeout: 300.0s exceeded,454,21.16838264042747
396,2026-09-14T02:29:05.790+00:00,2026-09-14T02:33:59.363+00:00,2026-09-14T02:34:05.858+00:00,False,89,88.0,,88.0,293572.619792,300068.145936,300068.145965,3371.5522018539323,0.02467,293572.619792,31110.880766740796,87.9906008,73.8127970909091,66.1117903777489,0.29326671688360106,23,64,,False,False,Request timeout: 300.0s exceeded,410,21.16838264042747
397,2026-09-14T02:29:09.401+00:00,2026-09-14T02:34:02.871+00:00,2026-09-14T02:34:09.496+00:00,False,102,101.0,,101.0,293470.56746,300094.833188,300094.833322,2942.1062090392156,0.0,293470.56746,29051.496901743863,88.618331,65.5867893861386,66.26751682954469,0.3365602763867869,23,64,,False,False,Request timeout: 300.0s exceeded,510,21.16838264042747
398,2026-09-14T02:29:13.876+00:00,2026-09-14T02:34:07.686+00:00,2026-09-14T02:34:13.924+00:00,False,85,84.0,,84.0,293809.90198799997,300047.468196,300047.468265,3529.9702148823526,0.0249,293809.90198799997,31860.109842397753,92.0027888,74.25674057142857,19.409583171249068,0.2799557033593388,23,64,,False,False,Request timeout: 300.0s exceeded,394,21.16838264042747
399,2026-09-14T02:29:18.322+00:00,2026-09-14T02:34:12.185+00:00,2026-09-14T02:34:18.359+00:00,False,90,89.0,,89.0,293862.92272000003,300037.119712,300037.119691,3333.7457743444447,0.022510000000000002,293862.92272000003,30968.565848806003,89.83165805,69.37299991011237,20.25488466953887,0.29662996393722696,23,64,,False,False,Request timeout: 300.0s exceeded,387,21.16838264042747
400,2026-09-14T02:29:23.060+00:00,2026-09-14T02:34:17.090+00:00,2026-09-14T02:34:23.130+00:00,False,88,87.0,,87.0,294029.62218199996,300069.220774,300069.22073799995,3409.8775083863634,0.02072,294029.62218199996,31336.26932312179,89.5617245,69.42067347126437,20.381865446684913,0.28993310202089967,23,64,,False,False,Request timeout: 300.0s exceeded,400,21.16838264042747
401,2026-09-14T02:29:27.169+00:00,2026-09-14T02:34:20.644+00:00,2026-09-14T02:34:27.200+00:00,False,96,95.0,,95.0,293475.57367400004,300031.16125800007,300031.16111100005,3125.3245949062502,0.02106,293475.57367400004,29945.689275646993,90.21878475000001,69.00618509473685,20.40445216431554,0.3166337776438777,23,64,,False,False,Request timeout: 300.0s exceeded,396,21.16838264042747
402,2026-09-14T02:29:31.319+00:00,2026-09-14T02:34:25.241+00:00,2026-09-14T02:34:31.413+00:00,False,90,89.0,,89.0,293922.53911400004,300094.32970600005,300094.32969200006,3334.3814410222226,0.04969,293922.53911400004,30974.85281918296,89.534247,69.34596170786516,20.257865855450977,0.29657341439004387,23,64,,False,False,Request timeout: 300.0s exceeded,278,21.16838264042747
403,2026-09-14T02:29:35.351+00:00,2026-09-14T02:34:28.802+00:00,2026-09-14T02:34:35.412+00:00,False,100,99.0,,99.0,293451.154433,300060.78105700004,300060.780847,3000.6078084700002,0.04097,293451.154433,29338.445995836177,87.52851149999998,66.7639052929293,20.286479672190037,0.329933154380458,23,64,,False,False,Request timeout: 300.0s exceeded,453,21.16838264042747
404,2026-09-14T02:29:39.909+00:00,2026-09-14T02:34:33.647+00:00,2026-09-14T02:34:39.926+00:00,False,92,91.0,,91.0,293737.60255400004,300016.953594,300016.95367600006,3261.0538443043483,0.04598,293737.60255400004,30617.07417477324,89.12731759999998,69.00385758241758,19.72299022397269,0.3033161923347384,23,64,,False,False,Request timeout: 300.0s exceeded,417,21.16838264042747
405,2026-09-14T02:29:44.343+00:00,2026-09-14T02:34:38.409+00:00,2026-09-14T02:34:44.386+00:00,False,88,87.0,,87.0,294065.232326,300043.072198,300043.072163,3409.5803654886363,0.01993,294065.232326,31340.140754666118,87.86797800000001,68.71080312643679,19.91901703229934,0.28995836951898774,23,64,,False,False,Request timeout: 300.0s exceeded,436,21.16838264042747
406,2026-09-14T02:29:47.701+00:00,2026-09-14T02:34:41.157+00:00,2026-09-14T02:34:47.773+00:00,False,100,99.0,,99.0,293456.002416,300072.004208,300072.00415500003,3000.72004155,0.023170000000000003,293456.002416,29338.92371147424,86.71691345,66.82830092929294,19.324511292628063,0.32992081437686027,23,64,,False,False,Request timeout: 300.0s exceeded,501,21.16838264042747
407,2026-09-14T02:29:51.045+00:00,2026-09-14T02:34:44.991+00:00,2026-09-14T02:34:51.114+00:00,False,94,93.0,,93.0,293946.108624,300068.64379199996,300068.643825,3192.2196151595745,0.033979999999999996,293946.108624,30311.442524326,88.45628015,65.83371148387097,20.08716725341189,0.30992908430800675,23,64,,False,False,Request timeout: 300.0s exceeded,471,21.16838264042747
408,2026-09-14T02:29:54.808+00:00,2026-09-14T02:34:48.973+00:00,2026-09-14T02:34:54.827+00:00,False,87,86.0,,86.0,294165.01368599996,300019.51506199996,300019.51509199996,3448.500173471264,0.023809999999999998,294165.01368599996,31530.507784312347,88.04354029999999,68.07559739534884,20.21705966867494,0.2866480201537151,23,64,,True,False,Request timeout: 300.0s exceeded,381,21.16838264042747
409,2026-09-14T02:29:58.076+00:00,2026-09-14T02:34:51.850+00:00,2026-09-14T02:34:58.117+00:00,False,92,91.0,,91.0,293774.244443,300040.611675,300040.611751,3261.3109972934785,0.04234,293774.244443,30620.909371332265,88.2419621,68.86117837362637,19.943096571903457,0.30329227597552694,23,64,,True,False,Request timeout: 300.0s exceeded,385,21.16838264042747
410,2026-09-14T02:30:02.917+00:00,2026-09-14T02:34:56.327+00:00,2026-09-14T02:35:02.957+00:00,False,102,101.0,,101.0,293410.533605,300040.005861,300040.005747,2941.5686837941175,0.020028999999999998,293410.533605,29045.479624561944,87.615021,65.63833916831683,20.11357164110272,0.3366217771865743,23,64,,True,False,Request timeout: 300.0s exceeded,510,21.16838264042747
411,2026-09-14T02:30:06.504+00:00,2026-09-14T02:34:59.962+00:00,2026-09-14T02:35:06.552+00:00,False,97,96.0,,96.0,293458.001789,300047.551869,300047.551975,3093.273731701031,0.038988999999999996,293458.001789,29789.18263178162,87.8053104,68.64114666666667,19.644730266920536,0.3199492860448778,23,64,,True,False,Request timeout: 300.0s exceeded,438,21.16838264042747
412,2026-09-14T02:30:09.164+00:00,2026-09-14T02:35:03.086+00:00,2026-09-14T02:35:09.225+00:00,False,91,90.0,,90.0,293922.654391,300061.704119,300061.704278,3297.3813656923076,0.02061,293922.654391,30804.322040065075,88.12829900000001,68.21166364444446,19.950644222584557,0.2999383085697178,23,64,,True,False,Request timeout: 300.0s exceeded,418,21.16838264042747
413,2026-09-14T02:30:13.891+00:00,2026-09-14T02:35:07.281+00:00,2026-09-14T02:35:13.937+00:00,False,102,101.0,,101.0,293389.99586,300045.512532,300045.512417,2941.622670754902,0.02206,293389.99586,29043.420784309936,88.44789555000001,65.89620467326733,20.448469157520915,0.3366155992392264,23,64,,True,False,Request timeout: 300.0s exceeded,287,21.16838264042747
414,2026-09-14T02:30:16.907+00:00,2026-09-14T02:35:10.426+00:00,2026-09-14T02:35:16.942+00:00,False,98,97.0,,97.0,293518.949571,300034.897859,300034.898053,3061.580592377551,0.01848,293518.949571,29643.112896856233,90.61580585000002,67.17472461855671,20.75440312732402,0.323295725571179,23,64,,True,False,Request timeout: 300.0s exceeded,240,21.16838264042747
415,2026-09-14T02:30:21.404+00:00,2026-09-14T02:35:15.084+00:00,2026-09-14T02:35:21.436+00:00,False,90,89.0,,89.0,293679.664736,300032.058976,300032.058953,3333.689543922222,0.03545,293679.664736,30949.037341008963,89.82897545,71.37521617977528,19.671330412051713,0.2966349672890098,23,64,,True,False,Request timeout: 300.0s exceeded,195,21.16838264042747
416,2026-09-14T02:30:24.317+00:00,2026-09-14T02:35:17.740+00:00,2026-09-14T02:35:24.325+00:00,False,96,95.0,,95.0,293423.920789,300008.616853,300008.616866,3125.0897590208333,0.04265,293423.920789,29940.38561266581,87.05900175,69.31259014736841,19.508053340404278,0.3166575713608541,23,64,,True,False,Request timeout: 300.0s exceeded,322,21.16838264042747
417,2026-09-14T02:30:28.515+00:00,2026-09-14T02:35:21.901+00:00,2026-09-14T02:35:28.543+00:00,False,94,93.0,,93.0,293386.428273,300028.042353,300028.042291,3191.7876839468086,0.04254,293386.428273,30253.140712612418,88.80558095,71.41520516129032,20.809725368271362,0.30997102561026685,23,64,,True,False,Request timeout: 300.0s exceeded,467,21.16838264042747
418,2026-09-14T02:30:31.273+00:00,2026-09-14T02:35:25.049+00:00,2026-09-14T02:35:31.320+00:00,False,90,89.0,,89.0,293775.33177600004,300046.83744000003,300046.83756400004,3333.8537507111114,0.0441,293775.33177600004,30959.21857629548,90.34381594999999,70.46635577528089,21.560339248355813,0.29662035687277394,23,64,,True,False,Request timeout: 300.0s exceeded,158,21.16838264042747
419,2026-09-14T02:30:34.040+00:00,2026-09-14T02:35:27.515+00:00,2026-09-14T02:35:34.121+00:00,False,99,98.0,,98.0,293474.72463300003,300081.15330500004,300081.153364,3031.1227612525254,0.03546,293474.72463300003,29488.550687622723,87.4718139,67.41253746938776,19.366776435899123,0.32657832363231953,23,64,,True,False,Request timeout: 300.0s exceeded,503,21.16838264042747
420,2026-09-14T02:30:37.055+00:00,2026-09-14T02:35:30.766+00:00,2026-09-14T02:35:37.119+00:00,False,94,93.0,,93.0,293710.947138,300063.70515399997,300063.705075,3192.1670752659575,0.05115,293710.947138,30286.93212945954,88.3237483,68.30922597849462,20.06400563905224,0.30993418531664846,23,64,,True,False,Request timeout: 300.0s exceeded,350,21.16838264042747
421,2026-09-14T02:30:40.442+00:00,2026-09-14T02:35:34.045+00:00,2026-09-14T02:35:40.465+00:00,False,95,94.0,,94.0,293602.4503,300022.290556,300022.29069600004,3158.1293757473686,0.0407,293602.4503,30115.975195832616,87.56947830000001,68.29617293617021,19.774115413581438,0.31331005381566684,23,64,,True,False,Request timeout: 300.0s exceeded,360,21.16838264042747
422,2026-09-14T02:30:43.197+00:00,2026-09-14T02:35:36.853+00:00,2026-09-14T02:35:43.223+00:00,False,95,94.0,,94.0,293655.51377200003,300025.468844,300025.468883,3158.162830347369,0.03506,293655.51377200003,30121.474110201107,88.7267877,67.76547948936171,20.185682274420078,0.31330673479882415,23,64,,True,False,Request timeout: 300.0s exceeded,454,21.16838264042747
423,2026-09-14T02:30:47.855+00:00,2026-09-14T02:35:41.525+00:00,2026-09-14T02:35:47.888+00:00,False,93,92.0,,92.0,293669.493007,300032.933135,300032.933021,3226.16057011828,0.02618,293669.493007,30444.942250216645,90.184462,69.16782747826088,20.41946921854501,0.30663300537946125,23,64,,True,False,Request timeout: 300.0s exceeded,181,21.16838264042747
424,2026-09-14T02:30:50.591+00:00,2026-09-14T02:35:44.441+00:00,2026-09-14T02:35:50.612+00:00,False,92,91.0,,91.0,293850.519918,300021.08939,300021.08936,3261.0987973913043,0.039729999999999994,293850.519918,30628.972154006442,91.45553049999998,67.80845573626374,21.09372144274928,0.30331201111568634,23,64,,True,False,Request timeout: 300.0s exceeded,381,21.16838264042747
425,2026-09-14T02:30:55.246+00:00,2026-09-14T02:35:49.063+00:00,2026-09-14T02:35:55.279+00:00,False,91,90.0,,90.0,293817.22666399996,300032.698536,300032.69843999995,3297.0626202197795,0.02271,293817.22666399996,30793.180721701057,87.69660499999998,69.06079857777777,19.188966534805036,0.29996730502759245,23,64,,True,False,Request timeout: 300.0s exceeded,419,21.16838264042747
426,2026-09-14T02:30:59.963+00:00,2026-09-14T02:35:53.864+00:00,2026-09-14T02:36:00.054+00:00,False,92,91.0,,91.0,293900.512293,300090.802981,300090.80296400003,3261.856553956522,0.024399999999999998,293900.512293,30634.16105598043,89.84093155,68.0251723956044,20.242607094779572,0.3032415492112286,23,64,,True,False,Request timeout: 300.0s exceeded,263,21.16838264042747
427,2026-09-14T02:31:04.430+00:00,2026-09-14T02:35:58.048+00:00,2026-09-14T02:36:04.437+00:00,False,95,94.0,,94.0,293617.625946,300007.178586,300007.178687,3157.9703019684207,0.039490000000000004,293617.625946,30117.565867233854,90.28834839999999,67.97396425531915,20.71449137111904,0.3133258358784704,23,64,,True,False,Request timeout: 300.0s exceeded,396,21.16838264042747
428,2026-09-14T02:31:09.033+00:00,2026-09-14T02:36:03.055+00:00,2026-09-14T02:36:09.105+00:00,False,85,84.0,,84.0,294021.6901,300071.342836,300071.34276800003,3530.251091388235,0.02159,294021.6901,31883.324328631683,90.0149184,72.01967542857143,19.740027261135676,0.2799334291842359,23,64,,True,False,Request timeout: 300.0s exceeded,394,21.16838264042747
429,2026-09-14T02:31:11.698+00:00,2026-09-14T02:36:05.512+00:00,2026-09-14T02:36:11.737+00:00,False,91,90.0,,90.0,293814.237682,300038.83595399995,300038.835929,3297.130065153846,0.04139,293814.237682,30792.85710890363,87.12908599999999,69.16220302222222,19.74519677382438,0.299961169072787,23,64,,True,False,Request timeout: 300.0s exceeded,385,21.16838264042747
430,2026-09-14T02:31:14.397+00:00,2026-09-14T02:36:08.162+00:00,2026-09-14T02:36:14.425+00:00,False,93,92.0,,92.0,293764.74579,300027.948094,300027.94824500004,3226.106970376344,0.03464,293764.74579,30454.931661075792,87.191132,68.07828591304349,19.142660201015616,0.30663810016517534,23,64,,True,False,Request timeout: 300.0s exceeded,388,21.16838264042747
431,2026-09-14T02:31:18.549+00:00,2026-09-14T02:36:12.118+00:00,2026-09-14T02:36:18.638+00:00,False,94,93.0,,93.0,293569.356267,300089.168107,300089.16808100004,3192.437958308511,0.02161,293569.356267,30272.141954735627,88.130703,70.10550365591398,18.603530934684564,0.3099078870012391,23,64,,True,False,Request timeout: 300.0s exceeded,342,21.16838264042747
432,2026-09-14T02:31:22.292+00:00,2026-09-14T02:36:16.351+00:00,2026-09-14T02:36:22.334+00:00,False,87,86.0,,86.0,294059.179477,300042.684117,300042.68420200003,3448.76648508046,0.03554,294059.179477,31519.000024441993,88.78520130000001,69.57563534883721,19.7010199533728,0.28662588542390444,23,64,,True,False,Request timeout: 300.0s exceeded,321,21.16838264042747
433,2026-09-14T02:31:27.115+00:00,2026-09-14T02:36:20.670+00:00,2026-09-14T02:36:27.196+00:00,False,97,96.0,,96.0,293554.784436,300080.842676,300080.84266699996,3093.61693471134,0.0487,293554.784436,29799.076927969778,90.2124818,67.97977333333333,20.184486127407325,0.31991379104347584,23,64,,True,False,Request timeout: 300.0s exceeded,216,21.16838264042747
434,2026-09-14T02:31:31.700+00:00,2026-09-14T02:36:25.362+00:00,2026-09-14T02:36:31.707+00:00,False,88,87.0,,87.0,293662.56426300004,300007.347367,300007.34731900005,3409.174401352273,0.02445,293662.56426300004,31296.7656775796,88.38328384999998,72.92854142528735,18.409649796290935,0.28999289771917686,23,64,,True,False,Request timeout: 300.0s exceeded,397,21.16838264042747
435,2026-09-14T02:31:34.571+00:00,2026-09-14T02:36:28.612+00:00,2026-09-14T02:36:34.633+00:00,False,86,85.0,,85.0,294041.57549699995,300062.56416899996,300062.56427599996,3489.0995846046508,0.03601,294041.57549699995,31699.685647266968,88.31653399999999,70.83516084705882,18.74371705947742,0.28327425727164907,23,64,,True,False,Request timeout: 300.0s exceeded,217,21.16838264042747
436,2026-09-14T02:31:37.946+00:00,2026-09-14T02:36:31.446+00:00,2026-09-14T02:36:37.977+00:00,False,95,94.0,,94.0,293500.462604,300031.268876,300031.268708,3158.223881136842,0.02488,293500.462604,30105.390895936136,86.4989477,69.47666246808511,20.573572214456505,0.3133006781331491,23,64,,True,False,Request timeout: 300.0s exceeded,355,21.16838264042747
437,2026-09-14T02:31:42.545+00:00,2026-09-14T02:36:36.278+00:00,2026-09-14T02:36:42.570+00:00,False,94,93.0,,93.0,293732.78983200004,300025.29876000003,300025.298735,3191.7584971808515,0.03014,293732.78983200004,30289.252477603215,90.0087763,67.66138632258065,20.999448075003762,0.3099738601523524,23,64,,True,False,Request timeout: 300.0s exceeded,448,21.16838264042747
438,2026-09-14T02:31:46.439+00:00,2026-09-14T02:36:40.055+00:00,2026-09-14T02:36:46.503+00:00,False,92,91.0,,91.0,293616.159759,300063.898639,300063.898545,3261.5641146195653,0.023989,293616.159759,30604.22021998904,91.1194676,70.8542734065934,20.108588300134617,0.30326873846786884,23,64,,True,False,Request timeout: 300.0s exceeded,209,21.16838264042747
439,2026-09-14T02:31:49.334+00:00,2026-09-14T02:36:43.268+00:00,2026-09-14T02:36:49.373+00:00,False,88,87.0,,87.0,293934.00656199997,300038.50217799994,300038.50221299997,3409.528434238636,0.040909999999999995,293934.00656199997,31325.99769920612,90.5283662,70.16661627586207,21.221511923969256,0.2899627860039997,23,64,,True,False,Request timeout: 300.0s exceeded,414,21.16838264042747
440,2026-09-14T02:31:54.099+00:00,2026-09-14T02:36:47.950+00:00,2026-09-14T02:36:54.172+00:00,False,92,91.0,,91.0,293850.55633399996,300073.049518,300073.049595,3261.6635825543476,0.02543,293850.55633399996,30628.91557432928,87.11981505,68.37904597802198,19.74692676462511,0.3032594901347224,23,64,,True,False,Request timeout: 300.0s exceeded,424,21.16838264042747
441,2026-09-14T02:31:56.826+00:00,2026-09-14T02:36:50.574+00:00,2026-09-14T02:36:56.895+00:00,False,90,89.0,,89.0,293747.940774,300069.103526,300069.103398,3334.101148866667,0.02511,293747.940774,30956.27102170533,87.96333945,71.02430058426965,19.29525049640023,0.29659834669479207,23,64,,True,False,Request timeout: 300.0s exceeded,382,21.16838264042747
442,2026-09-14T02:32:01.013+00:00,2026-09-14T02:36:54.838+00:00,2026-09-14T02:37:01.101+00:00,False,89,88.0,,88.0,293824.811106,300088.09558599995,300088.095471,3371.7763536067414,0.022569,293824.811106,31137.829312281734,89.39173140000001,71.17368727272726,19.475443735854185,0.2932472207141611,23,64,,True,False,Request timeout: 300.0s exceeded,541,21.16838264042747
443,2026-09-14T02:32:05.651+00:00,2026-09-14T02:36:58.845+00:00,2026-09-14T02:37:05.723+00:00,False,107,106.0,,106.0,293193.369754,300071.690394,300071.69059099996,2804.4083232803737,0.03601,293193.369754,28337.806646997138,87.8178996,64.88981735849056,19.860380943186463,0.3532489181529252,23,64,,True,False,Request timeout: 300.0s exceeded,478,21.16838264042747
444,2026-09-14T02:32:08.290+00:00,2026-09-14T02:37:02.055+00:00,2026-09-14T02:37:08.370+00:00,False,104,103.0,,103.0,293765.19974,300079.9415,300079.94129600003,2885.384050923077,0.0,293765.19974,28800.050152396423,90.08076535000001,61.30817242718446,28.645488773367575,0.34324186910040433,23,64,,True,False,Request timeout: 300.0s exceeded,448,21.16838264042747
445,2026-09-14T02:32:12.115+00:00,2026-09-14T02:37:06.940+00:00,2026-09-14T02:37:12.145+00:00,False,78,77.0,,77.0,294824.628579,300029.430371,300029.43052600004,3846.5311605897436,0.0,294824.628579,33374.67625836288,90.07533825,67.59482846753247,31.05620119827368,0.25664148981913537,23,64,,True,False,Request timeout: 300.0s exceeded,191,21.16838264042747
446,2026-09-14T02:32:16.221+00:00,2026-09-14T02:37:09.985+00:00,2026-09-14T02:37:16.563+00:00,False,100,99.0,,99.0,293764.0479,300341.757468,300341.757531,3003.41757531,0.02093,293764.0479,29369.767800098583,89.64913400000002,66.44151078787878,20.61408751949761,0.3296244945578305,23,64,,True,False,Request timeout: 300.0s exceeded,438,21.16838264042747
447,2026-09-14T02:32:20.066+00:00,2026-09-14T02:37:13.694+00:00,2026-09-14T02:37:20.117+00:00,False,100,99.0,,99.0,293627.837661,300050.95241300005,300050.952578,3000.5095257800003,0.02182,293627.837661,29356.30289756062,88.3628334,64.87994698989898,20.55906183944672,0.3299439618632942,23,64,,True,False,Request timeout: 300.0s exceeded,148,21.16838264042747
448,2026-09-14T02:32:24.716+00:00,2026-09-14T02:37:18.579+00:00,2026-09-14T02:37:24.723+00:00,False,93,92.0,,92.0,293863.365269,300006.642581,300006.642516,3225.877876516129,0.03641,293863.365269,30465.29362791067,88.01264859999999,66.77475339130436,19.83022239440796,0.3066598766231003,23,64,,True,False,Request timeout: 300.0s exceeded,447,21.16838264042747
449,2026-09-14T02:32:29.467+00:00,2026-09-14T02:37:22.742+00:00,2026-09-14T02:37:29.550+00:00,False,100,99.0,,99.0,293275.482884,300083.496964,300083.49713,3000.8349713,0.02264,293275.482884,29320.67818218582,88.2051444,68.767818989899,19.886581488008346,0.32990817889554486,23,64,,True,False,Request timeout: 300.0s exceeded,463,21.16838264042747
450,2026-09-14T02:32:32.608+00:00,2026-09-14T02:37:26.316+00:00,2026-09-14T02:37:32.631+00:00,False,91,90.0,,90.0,293708.453872,300022.769392,300022.76947999996,3296.9535107692304,0.02243,293708.453872,30781.663254915933,88.3097185,70.15906133333333,19.426411903882876,0.2999772323360196,23,64,,True,False,Request timeout: 300.0s exceeded,436,21.16838264042747
451,2026-09-14T02:32:35.624+00:00,2026-09-14T02:37:29.290+00:00,2026-09-14T02:37:35.672+00:00,False,94,93.0,,93.0,293665.82574400003,300048.49275200005,300048.49295700004,3192.0052442234046,0.02007,293665.82574400003,30282.244342060345,86.5875915,68.63082804301075,18.964471374573066,0.3099498989213972,23,64,,True,False,Request timeout: 300.0s exceeded,485,21.16838264042747
452,2026-09-14T02:32:39.494+00:00,2026-09-14T02:37:33.239+00:00,2026-09-14T02:37:39.532+00:00,False,96,95.0,,95.0,293745.27451599995,300038.84533199994,300038.84534099995,3125.4046389687496,0.01988,293745.27451599995,29973.496291578384,87.38652325000001,66.24811385263158,19.33903678028926,0.3166256685692824,23,64,,True,False,Request timeout: 300.0s exceeded,436,21.16838264042747
453,2026-09-14T02:32:44.148+00:00,2026-09-14T02:37:37.753+00:00,2026-09-14T02:37:44.188+00:00,False,94,93.0,,93.0,293605.035125,300040.278389,300040.278465,3191.9178560106384,0.03015,293605.035125,30275.916385553497,88.46505885,69.19616412903225,19.639421952016466,0.3099583845853729,23,64,,True,False,Request timeout: 300.0s exceeded,171,21.16838264042747
454,2026-09-14T02:32:47.702+00:00,2026-09-14T02:37:41.527+00:00,2026-09-14T02:37:47.709+00:00,False,89,88.0,,88.0,293824.42968199996,300006.392946,300006.39297399996,3370.8583480224715,0.03744,293824.42968199996,31137.886241443077,86.89139639999999,70.24958254545454,18.488701677313227,0.2933270825860023,23,64,,True,False,Request timeout: 300.0s exceeded,533,21.16838264042747
455,2026-09-14T02:32:52.100+00:00,2026-09-14T02:37:45.778+00:00,2026-09-14T02:37:52.133+00:00,False,95,94.0,,94.0,293678.398028,300033.49639600003,300033.49647500005,3158.24733131579,0.02054,293678.398028,30123.837533954862,86.8363857,67.60742944680851,19.154156561026138,0.3132983521144381,23,64,,True,False,Request timeout: 300.0s exceeded,449,21.16838264042747
456,2026-09-14T02:32:55.978+00:00,2026-09-14T02:37:49.582+00:00,2026-09-14T02:37:56.008+00:00,False,92,91.0,,91.0,293603.513833,300029.99882499996,300029.999019,3261.1956415108693,0.02164,293603.513833,30602.92589594277,89.22086609999998,70.6207141978022,19.72753542434266,0.30330300422084805,23,64,,True,False,Request timeout: 300.0s exceeded,423,21.16838264042747
457,2026-09-14T02:32:58.992+00:00,2026-09-14T02:37:52.523+00:00,2026-09-14T02:37:59.058+00:00,False,93,92.0,,92.0,293530.748485,300066.378309,300066.37841,3226.5201979569893,0.05068,293530.748485,30430.360698439843,89.55281319999999,71.03945460869565,19.901607995223237,0.3065988282941215,23,64,,True,False,Request timeout: 300.0s exceeded,511,21.16838264042747
458,2026-09-14T02:33:03.057+00:00,2026-09-14T02:37:57.064+00:00,2026-09-14T02:38:03.097+00:00,False,86,85.0,,85.0,294007.510736,300040.02452800004,300040.02461400005,3488.8374955116283,0.023170000000000003,294007.510736,31695.99847517677,91.271607,70.97075049411765,19.979317899861584,0.28329553743276575,23,64,,True,False,Request timeout: 300.0s exceeded,385,21.16838264042747
459,2026-09-14T02:33:07.652+00:00,2026-09-14T02:38:01.550+00:00,2026-09-14T02:38:07.692+00:00,False,91,90.0,,90.0,293897.774586,300040.117242,300040.117151,3297.1441445164837,0.02453,293897.774586,30801.710167870224,89.61463499999998,68.24825173333333,20.066892501249146,0.29995988812192637,23,64,,True,False,Request timeout: 300.0s exceeded,407,21.16838264042747
460,2026-09-14T02:33:10.730+00:00,2026-09-14T02:38:04.195+00:00,2026-09-14T02:38:12.760+00:00,False,83,82.0,,82.0,293465.663925,302030.247349,302030.247358,3638.9186428674698,0.02916,293465.663925,32202.299000227587,89.336688,104.44613931707316,335.0704888231923,0.27149598664284735,23,64,,True,False,Request timeout: 300.0s exceeded,109,21.16838264042747
461,2026-09-14T02:33:14.003+00:00,2026-09-14T02:38:07.773+00:00,2026-09-14T02:38:14.043+00:00,False,102,101.0,,101.0,293770.46185900003,300040.40720300004,300040.40715600003,2941.572619176471,0.01511,293770.46185900003,29083.02345672186,89.22883459999998,62.07866677227723,302.73333637095715,0.33662132691236435,23,64,,True,False,Request timeout: 300.0s exceeded,435,21.16838264042747
462,2026-09-14T02:33:16.958+00:00,2026-09-14T02:38:12.742+00:00,2026-09-14T02:38:16.969+00:00,False,68,67.0,,67.0,295784.10242799995,300010.37366,300010.3737289999,4411.917260720587,0.02131,295784.10242799995,35861.452068999155,88.1083475,63.07867510447761,27.521581131572315,0.22332561098680778,23,64,,True,False,Request timeout: 300.0s exceeded,319,21.16838264042747
463,2026-09-14T02:33:19.829+00:00,2026-09-14T02:38:14.044+00:00,2026-09-14T02:38:19.861+00:00,False,90,89.0,,89.0,294214.773129,300031.494281,300031.494153,3333.6832683666667,0.02376,294214.773129,31006.07712560617,86.95649345,65.35641743820224,19.64185898621513,0.2966355255913415,23,64,,True,False,Request timeout: 300.0s exceeded,474,21.16838264042747
464,2026-09-14T02:33:24.603+00:00,2026-09-14T02:38:18.199+00:00,2026-09-14T02:38:24.672+00:00,False,95,94.0,,94.0,293595.369974,300068.82866199996,300068.828681,3158.619249273684,0.023739999999999997,293595.369974,30115.190444073643,89.01009,68.86658178723404,20.074755263725994,0.313261462109023,23,64,,True,False,Request timeout: 300.0s exceeded,411,21.16838264042747
465,2026-09-14T02:33:28.595+00:00,2026-09-14T02:38:22.392+00:00,2026-09-14T02:38:28.623+00:00,False,96,95.0,,95.0,293796.497137,300027.405297,300027.40518700005,3125.285470697917,0.02197,293796.497137,29978.791959544684,88.077134,65.58850694736842,20.048587443618196,0.31663774149550966,23,64,,True,False,Request timeout: 300.0s exceeded,436,21.16838264042747
466,2026-09-14T02:33:31.585+00:00,2026-09-14T02:38:25.149+00:00,2026-09-14T02:38:31.644+00:00,False,102,101.0,,101.0,293564.153776,300059.28568000003,300059.285638,2941.7577023333333,0.02181,293564.153776,29060.821932321636,87.71559754999998,64.30823667326733,20.037871834227037,0.3366001481044384,23,64,,True,False,Request timeout: 300.0s exceeded,388,21.16838264042747
467,2026-09-14T02:33:35.005+00:00,2026-09-14T02:38:28.867+00:00,2026-09-14T02:38:35.021+00:00,False,93,92.0,,92.0,293862.50548500003,300015.87534100004,300015.875217,3225.977152870968,0.038630000000000005,293862.50548500003,30465.19348227965,89.1296238,66.88445495652174,20.419841338597926,0.3066504393990224,23,64,,True,False,Request timeout: 300.0s exceeded,418,21.16838264042747
468,2026-09-14T02:33:38.889+00:00,2026-09-14T02:38:32.297+00:00,2026-09-14T02:38:38.960+00:00,False,95,94.0,,94.0,293408.184082,300070.88437,300070.8844,3158.6408884210528,0.02132,293408.184082,30095.778871800016,88.664454,70.87979029787233,19.833277391932054,0.31325931603578727,23,64,,True,False,Request timeout: 300.0s exceeded,401,21.16838264042747
469,2026-09-14T02:33:42.352+00:00,2026-09-14T02:38:35.805+00:00,2026-09-14T02:38:42.385+00:00,False,98,97.0,,97.0,293452.640067,300032.461891,300032.461779,3061.5557324387755,0.036090000000000004,293452.640067,29636.347311885605,87.58987369999998,67.83321468041237,19.56922392657909,0.3232983504139613,23,64,,True,False,Request timeout: 300.0s exceeded,408,21.16838264042747
470,2026-09-14T02:33:45.867+00:00,2026-09-14T02:38:39.646+00:00,2026-09-14T02:38:45.933+00:00,False,97,96.0,,96.0,293779.277116,300065.72934,300065.72945700004,3093.4611284226808,0.036569000000000004,293779.277116,29822.124444934325,86.66007479999999,65.48387733333334,20.66303321960428,0.31992990406186583,23,64,,True,False,Request timeout: 300.0s exceeded,506,21.16838264042747
471,2026-09-14T02:33:49.276+00:00,2026-09-14T02:38:43.199+00:00,2026-09-14T02:38:49.324+00:00,False,94,93.0,,93.0,293922.964541,300048.517437,300048.517393,3192.0055041808514,0.02339,293922.964541,30309.05178039337,87.466127,65.86616017204301,19.674436638562373,0.30994987342181035,23,64,,True,False,Request timeout: 300.0s exceeded,304,21.16838264042747
472,2026-09-14T02:33:51.913+00:00,2026-09-14T02:38:45.466+00:00,2026-09-14T02:38:51.941+00:00,False,99,98.0,,98.0,293553.156342,300027.567862,300027.567986,3030.5814948080806,0.02305,293553.156342,29496.569227603206,87.79545989999998,66.06542367346938,20.07455396598059,0.3266366510862624,23,64,,True,False,Request timeout: 300.0s exceeded,484,21.16838264042747
473,2026-09-14T02:33:55.385+00:00,2026-09-14T02:38:49.195+00:00,2026-09-14T02:38:55.413+00:00,False,93,92.0,,92.0,293810.12667699996,300028.68872499996,300028.68882199994,3226.114933569892,0.022029,293810.12667699996,30459.688477582156,89.22743700000001,67.59306573913044,20.273359980022256,0.30663734321861896,23,64,,True,False,Request timeout: 300.0s exceeded,411,21.16838264042747
474,2026-09-14T02:33:59.878+00:00,2026-09-14T02:38:53.643+00:00,2026-09-14T02:38:59.925+00:00,False,94,93.0,,93.0,293765.23832,300047.074096,300047.074121,3191.9901502234043,0.023010000000000003,293765.23832,30292.610065643014,89.12647265,67.54662124731183,19.40135985138822,0.30995136439905646,23,64,,True,False,Request timeout: 300.0s exceeded,311,21.16838264042747
475,2026-09-14T02:34:03.248+00:00,2026-09-14T02:38:57.089+00:00,2026-09-14T02:39:03.281+00:00,False,90,89.0,,89.0,293841.138258,300032.89685,300032.89673100004,3333.698852566667,0.02124,293841.138258,30966.24847167029,87.8763834,69.57032125842696,19.794582206288226,0.29663413890409196,23,64,,True,False,Request timeout: 300.0s exceeded,468,21.16838264042747
476,2026-09-14T02:34:06.199+00:00,2026-09-14T02:38:59.759+00:00,2026-09-14T02:39:06.264+00:00,False,97,96.0,,96.0,293560.525809,300065.292273,300065.292191,3093.4566205257734,0.023780000000000003,293560.525809,29799.68247030911,88.338737,67.757984,20.296080908887546,0.3199303700631228,23,64,,True,False,Request timeout: 300.0s exceeded,432,21.16838264042747
477,2026-09-14T02:34:10.221+00:00,2026-09-14T02:39:03.586+00:00,2026-09-14T02:39:10.282+00:00,False,105,104.0,,104.0,293364.999951,300061.150223,300061.15025799995,2857.725240552381,0.038340000000000006,293364.999951,28623.216170917272,88.77386840000001,64.3860603076923,20.289256396658097,0.34659601858724165,23,64,,True,False,Request timeout: 300.0s exceeded,445,21.16838264042747
478,2026-09-14T02:34:14.904+00:00,2026-09-14T02:39:08.587+00:00,2026-09-14T02:39:14.950+00:00,False,95,94.0,,94.0,293682.825038,300045.766222,300045.76633,3158.3764876842106,0.04336,293682.825038,30124.283860209816,87.95206170000002,67.69086365957446,20.213600537308146,0.3132855403480368,23,64,,True,False,Request timeout: 300.0s exceeded,586,21.16838264042747
479,2026-09-14T02:34:17.997+00:00,2026-09-14T02:39:11.477+00:00,2026-09-14T02:39:18.025+00:00,False,98,97.0,,97.0,293479.755675,300028.054939,300028.054916,3061.51076444898,0.02171,293479.755675,29639.119540877593,87.12804919999999,67.50823983505155,20.041355112472743,0.32330309917091415,23,64,,True,False,Request timeout: 300.0s exceeded,423,21.16838264042747
480,2026-09-14T02:34:22.370+00:00,2026-09-14T02:39:16.134+00:00,2026-09-14T02:39:22.431+00:00,False,91,90.0,,90.0,293764.229954,300060.525378,300060.525605,3297.368413241758,0.041799,293764.229954,30787.5310519653,87.303161,69.95883804444445,19.24471380859959,0.2999394868306082,23,64,,True,False,Request timeout: 300.0s exceeded,400,21.16838264042747
481,2026-09-14T02:34:25.408+00:00,2026-09-14T02:39:19.199+00:00,2026-09-14T02:39:25.421+00:00,False,92,91.0,,91.0,293790.280728,300012.79080799996,300012.79065499996,3261.008594076087,0.04415,293790.280728,30622.63133424906,88.19268760000001,68.37923164835165,19.65898071514781,0.3033204009566296,23,64,,True,False,Request timeout: 300.0s exceeded,417,21.16838264042747
482,2026-09-14T02:34:28.336+00:00,2026-09-14T02:39:22.095+00:00,2026-09-14T02:39:28.377+00:00,False,92,91.0,,91.0,293759.435672,300041.748376,300041.748353,3261.3233516630435,0.02149,293759.435672,30619.34733169984,89.481679,69.03640334065933,20.173846436435127,0.30329112695998073,23,64,,True,False,Request timeout: 300.0s exceeded,427,21.16838264042747
483,2026-09-14T02:34:32.751+00:00,2026-09-14T02:39:26.502+00:00,2026-09-14T02:39:32.769+00:00,False,95,94.0,,94.0,293751.453938,300018.28120200004,300018.281162,3158.087170126316,0.027899999999999998,293751.453938,30131.42981232749,87.8961774,66.66837514893616,20.019602794539452,0.313314240796915,23,64,,True,False,Request timeout: 300.0s exceeded,376,21.16838264042747
484,2026-09-14T02:34:36.466+00:00,2026-09-14T02:39:30.233+00:00,2026-09-14T02:39:36.505+00:00,False,112,111.0,,111.0,293767.117382,300038.97043800005,300038.97027600004,2678.919377464286,0.02431,293767.117382,27753.052550206427,87.30161915000001,56.503180684684686,21.393882969590056,0.3699519427025131,23,64,,True,False,Request timeout: 300.0s exceeded,564,21.16838264042747
485,2026-09-14T02:34:39.133+00:00,2026-09-14T02:39:32.282+00:00,2026-09-14T02:39:39.172+00:00,False,149,148.0,,148.0,293148.944295,300039.600551,300039.600514,2013.6885940536913,0.0178,293148.944295,24011.909547484196,91.7325446,46.55848821621621,35.797885494524905,0.49326822102218915,23,64,,True,False,Request timeout: 300.0s exceeded,739,21.16838264042747
0,2026-09-14T02:04:40.910+00:00,2026-09-14T02:04:41.145+00:00,2026-09-14T02:04:54.515+00:00,True,245,245.0,,245.0,234.965755,13605.875962999999,13605.875888,55.534187297959186,0.026789999999999998,234.965755,23.53639469774671,94.5847582,54.79881232786885,20.571972958503483,18.006925880131224,24,64,,False,True,,1100,21.16838264042747
1,2026-09-14T02:04:43.730+00:00,2026-09-14T02:04:43.855+00:00,2026-09-14T02:04:57.662+00:00,True,223,223.0,,223.0,125.155647,13931.920959,13931.920801,62.47498117040359,0.163369,125.155647,21.613173309124587,95.21419800000001,62.19263654054054,21.245823716670476,16.006407203734696,24,64,,False,True,,947,21.16838264042747
2,2026-09-14T02:04:46.914+00:00,2026-09-14T02:04:47.651+00:00,2026-09-14T02:05:02.831+00:00,True,239,239.0,,239.0,736.641518,15917.486318000001,15917.486259,66.600360916318,39.649627,736.641518,48.56195426601296,96.2961299,63.785062184873944,21.58539019038411,15.014933590973543,24,64,,False,True,,1018,21.16838264042747
3,2026-09-14T02:04:50.307+00:00,2026-09-14T02:04:54.736+00:00,2026-09-14T02:05:10.620+00:00,True,243,243.0,,243.0,4428.790237,20313.400797,20313.400933,83.59424252263375,34.552917,4428.790237,280.7190204510291,94.29179889999999,65.63888661157024,21.520901323595975,11.962546420877377,24,64,,False,True,,1168,21.16838264042747
4,2026-09-14T02:04:53.588+00:00,2026-09-14T02:05:00.068+00:00,2026-09-14T02:05:14.257+00:00,True,219,219.0,,219.0,6480.089344,20669.008128,20669.007963,94.37903179452054,38.348428999999996,6480.089344,434.0098120043823,94.97794199999998,65.08678341284404,21.371919001072886,10.595573751955902,24,64,,False,True,,937,21.16838264042747
5,2026-09-14T02:04:57.068+00:00,2026-09-14T02:05:06.584+00:00,2026-09-14T02:05:21.862+00:00,True,228,228.0,,228.0,9516.00675,24794.281054,24794.28111,108.74684697368421,12.641594,9516.00675,626.1584710067144,95.3898735,67.30517314537445,22.509034201279878,9.19566893282503,24,64,,False,True,,1210,21.16838264042747
6,2026-09-14T02:04:59.755+00:00,2026-09-14T02:05:11.575+00:00,2026-09-14T02:05:26.832+00:00,True,229,229.0,,229.0,11820.05128,27077.112655999998,27077.112817999998,118.24066732751092,20.598176,11820.05128,776.9814129809589,94.98825799999999,66.91693585964912,22.080584815960737,8.457327149660326,24,64,,False,True,,1232,21.16838264042747
7,2026-09-14T02:05:02.989+00:00,2026-09-14T02:05:17.180+00:00,2026-09-14T02:05:30.510+00:00,True,197,197.0,,197.0,14191.321775,27521.565871,27521.565923000002,139.70338031979696,37.850811,14191.321775,1006.4778309735873,94.6077088,68.01144946938776,21.74056389297755,7.158022945474286,24,64,,False,True,,710,21.16838264042747
8,2026-09-14T02:05:06.070+00:00,2026-09-14T02:05:22.771+00:00,2026-09-14T02:05:33.659+00:00,True,165,165.0,,165.0,16700.844494999998,27588.503503,27588.503711999998,167.2030528,39.565408000000005,16700.844494999998,1295.1733911424174,95.25689119999998,66.38816468292683,21.821634932502075,5.980752090524147,24,64,,False,True,,378,21.16838264042747
9,2026-09-14T02:05:09.356+00:00,2026-09-14T02:05:28.696+00:00,2026-09-14T02:05:46.158+00:00,True,263,263.0,,263.0,19339.502555,36802.171867,36802.171806,139.93221219011406,0.01808,19339.502555,1188.7159094331425,96.86361899999999,66.65140958778626,26.800180557815345,7.146317368183058,24,64,,False,True,,1260,21.16838264042747
10,2026-09-14T02:05:13.417+00:00,2026-09-14T02:05:35.727+00:00,2026-09-14T02:05:44.195+00:00,True,133,133.0,,133.0,22309.785366,30777.640982,30777.640913,231.41083393233083,0.0171,22309.785366,1929.1677228541378,95.002654,64.15042133333334,29.676314407275232,4.321318845644594,24,64,,False,True,,256,21.16838264042747
11,2026-09-14T02:05:17.383+00:00,2026-09-14T02:05:43.418+00:00,2026-09-14T02:05:50.663+00:00,True,110,110.0,,110.0,26034.288047,33280.223919,33280.223937999996,302.54749034545455,41.483612,26034.288047,2476.0287426528894,95.03977695000002,66.47647588990826,21.796249209299983,3.3052662225989398,24,64,,False,True,,247,21.16838264042747
12,2026-09-14T02:05:21.377+00:00,2026-09-14T02:05:49.088+00:00,2026-09-14T02:06:07.197+00:00,True,273,273.0,,273.0,27711.147134,45819.708285999994,45819.708334999996,167.83775946886448,38.642959000000005,27711.147134,1673.2703627642172,96.0115668,66.57559247058823,22.051753606060814,5.958134833508181,24,64,,False,True,,896,21.16838264042747
13,2026-09-14T02:05:23.956+00:00,2026-09-14T02:05:54.370+00:00,2026-09-14T02:06:09.587+00:00,True,228,228.0,,228.0,30414.58656,45630.907328,45630.907455,200.1355590131579,37.531201,30414.58656,2009.9333156866876,94.8059608,67.03225007929515,21.77481356122834,4.996613334052528,24,64,,False,True,,897,21.16838264042747
14,2026-09-14T02:05:27.184+00:00,2026-09-14T02:06:00.265+00:00,2026-09-14T02:06:19.996+00:00,True,294,294.0,,294.0,33080.49944,52811.770352,52811.770354,179.63187195238095,39.245146999999996,33080.49944,1925.4878436624485,94.44360415,67.34222154266212,21.659982509345884,5.566940817178383,24,64,,False,True,,1522,21.16838264042747
15,2026-09-14T02:05:30.040+00:00,2026-09-14T02:06:05.012+00:00,2026-09-14T02:06:17.966+00:00,True,196,196.0,,196.0,34972.633634000005,47926.303522,47926.30341100001,244.52195617857146,34.060269,34972.633634000005,2493.393980943526,94.0536875,66.42907634871796,21.666524637201743,4.089612292131575,24,64,,False,True,,947,21.16838264042747
16,2026-09-14T02:05:32.697+00:00,2026-09-14T02:06:09.084+00:00,2026-09-14T02:06:20.725+00:00,True,175,175.0,,175.0,36386.825464,48028.415736,48028.415674,274.44808956571427,33.575359,36386.825464,2745.613374292211,93.93187900000001,66.90569121839081,21.73120730287592,3.6436762970057255,24,64,,False,True,,787,21.16838264042747
17,2026-09-14T02:05:36.100+00:00,2026-09-14T02:06:15.155+00:00,2026-09-14T02:06:28.766+00:00,True,207,207.0,,207.0,39054.314554,52665.888313999996,52665.888513,254.4245821884058,5.776948,39054.314554,2709.9693355477875,94.24781800000001,66.07560077669903,23.267397005509874,3.9304378341791666,24,64,,False,True,,672,21.16838264042747
18,2026-09-14T02:05:39.429+00:00,2026-09-14T02:06:21.043+00:00,2026-09-14T02:06:29.037+00:00,True,123,123.0,,123.0,41613.451402000006,49607.325066000005,49607.32487800001,403.3115843739838,10.415559,41613.451402000006,3746.325435623578,93.93230410000002,65.52355462295083,23.794051455586544,2.479472534275025,24,64,,False,True,,635,21.16838264042747
19,2026-09-14T02:05:41.959+00:00,2026-09-14T02:06:25.683+00:00,2026-09-14T02:06:37.270+00:00,True,175,175.0,,175.0,43723.576755999995,55311.106228,55311.106229,316.06346416571427,0.01732,43723.576755999995,3300.3583901168086,95.56821169999999,66.59499696551724,36.50810423383179,3.1639215328405457,24,64,,False,True,,812,21.16838264042747
20,2026-09-14T02:05:45.917+00:00,2026-09-14T02:06:33.332+00:00,2026-09-14T02:06:42.014+00:00,True,132,132.0,,132.0,47414.871288999995,56097.082104999994,56097.082003999996,424.97789396969694,0.02309,47414.871288999995,4121.229148871094,95.02981305000002,66.2764184427481,22.864988165145164,2.3530635649271088,24,64,,False,True,,637,21.16838264042747
21,2026-09-14T02:05:49.828+00:00,2026-09-14T02:06:39.201+00:00,2026-09-14T02:06:52.133+00:00,True,196,196.0,,196.0,49373.544762000005,62305.442618,62305.442537,317.88491090306127,7.767284,49373.544762000005,3522.0153123251057,93.98846749999998,66.3174249025641,22.342258866078243,3.1457925947447762,24,64,,False,True,,885,21.16838264042747
22,2026-09-14T02:05:52.232+00:00,2026-09-14T02:06:43.546+00:00,2026-09-14T02:07:02.873+00:00,True,290,290.0,,290.0,51314.20044,70641.333112,70641.332952,243.59080328275863,4.6660200000000005,51314.20044,3009.4299765879623,96.1839754,66.87589159861591,22.451465621716792,4.105245289471145,24,64,,False,True,,399,21.16838264042747
23,2026-09-14T02:05:55.509+00:00,2026-09-14T02:06:49.131+00:00,2026-09-14T02:07:07.085+00:00,True,270,270.0,,270.0,53622.421626,71576.658298,71576.658217,265.09873413703707,39.890436,53622.421626,3259.365244260745,94.85351295000001,66.74437424535316,21.48057425772923,3.7721794565470006,24,64,,False,True,,1389,21.16838264042747
24,2026-09-14T02:05:58.758+00:00,2026-09-14T02:06:55.025+00:00,2026-09-14T02:07:09.487+00:00,True,217,217.0,,217.0,56266.435651,70728.201539,70728.201635,325.9364130645161,0.0,56266.435651,3815.1535968796506,95.0020238,66.95261985185185,25.390664451258573,3.068083102330048,24,64,,False,True,,1032,21.16838264042747
25,2026-09-14T02:06:01.192+00:00,2026-09-14T02:06:59.022+00:00,2026-09-14T02:07:08.900+00:00,True,150,150.0,,150.0,57829.258205,67708.107485,67708.10761199999,451.38738408,0.0,57829.258205,4716.404698561976,94.95337045000001,66.30100187919463,27.388876728493152,2.2153920050598206,24,64,,False,True,,487,21.16838264042747
26,2026-09-14T02:06:04.395+00:00,2026-09-14T02:07:04.658+00:00,2026-09-14T02:07:13.789+00:00,True,138,138.0,,138.0,60263.128935,69394.167911,69394.167952,502.8562895072464,0.0,60263.128935,5124.346697549028,98.26225720000001,66.64991953284672,29.115039355045145,1.9886397395381834,24,64,,False,True,,755,21.16838264042747
27,2026-09-14T02:06:07.685+00:00,2026-09-14T02:07:10.387+00:00,2026-09-14T02:07:26.337+00:00,True,241,241.0,,241.0,62701.226028,78651.80958,78651.809698,326.35605683817425,33.285909,62701.226028,4034.7252983006356,96.772316,66.46076479999999,23.018727264990105,3.064138019035264,24,64,,False,True,,1029,21.16838264042747
28,2026-09-14T02:06:10.434+00:00,2026-09-14T02:07:15.359+00:00,2026-09-14T02:07:33.117+00:00,True,270,270.0,,270.0,64925.294743,82682.622615,82682.62254899999,306.2319353666667,0.01648,64925.294743,3947.3807735070873,96.16870695000001,66.01237127137546,36.761934404767764,3.2654987403727747,24,64,,False,True,,1239,21.16838264042747
29,2026-09-14T02:06:14.340+00:00,2026-09-14T02:07:21.848+00:00,2026-09-14T02:07:35.989+00:00,True,216,216.0,,216.0,67508.08185500001,81649.17574300001,81649.17566500002,378.0054428935186,0.016640000000000002,67508.08185500001,4589.040045579535,94.566918,65.77252971162791,39.839511047285804,2.645464550430789,24,64,,False,True,,788,21.16838264042747
30,2026-09-14T02:06:17.810+00:00,2026-09-14T02:07:28.996+00:00,2026-09-14T02:07:37.393+00:00,True,128,128.0,,128.0,71185.899779,79582.825731,79582.825515,621.7408243359375,0.040549999999999996,71185.899779,6286.212925882429,94.11061235,66.11752718110236,25.88816829921543,1.6083872220453213,24,64,,False,True,,465,21.16838264042747
31,2026-09-14T02:06:21.717+00:00,2026-09-14T02:07:35.582+00:00,2026-09-14T02:07:42.481+00:00,True,108,108.0,,108.0,73864.823911,80763.228775,80763.22887,747.8076747222223,39.971546000000004,73864.823911,7101.471923484743,91.74914534999999,64.4710734953271,20.621413381996955,1.3372422281540959,24,64,,False,True,,491,21.16838264042747
32,2026-09-14T02:06:24.533+00:00,2026-09-14T02:07:40.066+00:00,2026-09-14T02:07:53.970+00:00,True,216,216.0,,216.0,75533.196,89436.976608,89436.976642,414.06007704629627,0.0,75533.196,5135.038196342055,92.266638,64.66874701395349,23.892103970584184,2.415108472938688,24,64,,False,True,,1066,21.16838264042747
33,2026-09-14T02:06:27.368+00:00,2026-09-14T02:07:45.232+00:00,2026-09-14T02:07:53.334+00:00,True,127,127.0,,127.0,77863.93308,85966.01180000001,85966.011778,676.8977305354331,0.0,77863.93308,6903.649989383874,93.2235779,64.30221206349206,26.141491672328343,1.4773280432674438,24,64,,False,True,,544,21.16838264042747
34,2026-09-14T02:06:29.955+00:00,2026-09-14T02:07:49.319+00:00,2026-09-14T02:07:59.632+00:00,True,157,157.0,,157.0,79363.33703499999,89676.48289099999,89676.482916,571.1877892738853,0.0,79363.33703499999,6328.6592231841605,92.99819980000001,66.10990933333333,25.620748428364415,1.7507377066831493,24,64,,False,True,,736,21.16838264042747
35,2026-09-14T02:06:32.520+00:00,2026-09-14T02:07:54.382+00:00,2026-09-14T02:08:04.461+00:00,True,152,152.0,,152.0,81862.50390099999,91940.86780499999,91940.86780899999,604.8741303223684,40.867264000000006,81862.50390099999,6634.548193277408,96.29691855000002,66.74413181456953,21.927903750513607,1.653236516348542,24,64,,False,True,,608,21.16838264042747
36,2026-09-14T02:06:35.065+00:00,2026-09-14T02:07:58.115+00:00,2026-09-14T02:08:16.795+00:00,True,289,289.0,,289.0,83049.929405,101729.713085,101729.713245,352.005928183391,0.0,83049.929405,4881.539575235453,96.023929,64.86036,25.220575816226418,2.840861251211107,24,64,,False,True,,1111,21.16838264042747
37,2026-09-14T02:06:37.581+00:00,2026-09-14T02:08:02.291+00:00,2026-09-14T02:08:18.531+00:00,True,248,248.0,,248.0,84709.106793,100949.908329,100949.9084,407.0560822580645,0.0,84709.106793,5374.921728939851,95.94537935,65.75223293927125,26.146770070640784,2.456663944574943,24,64,,False,True,,885,21.16838264042747
38,2026-09-14T02:06:40.910+00:00,2026-09-14T02:08:08.557+00:00,2026-09-14T02:08:19.435+00:00,True,166,166.0,,166.0,87647.483823,98525.738159,98525.738155,593.5285431024097,0.0,87647.483823,6797.7031674412965,94.85769250000001,65.92881415757576,27.718648284781164,1.684838937538439,24,64,,False,True,,690,21.16838264042747
39,2026-09-14T02:06:43.385+00:00,2026-09-14T02:08:13.067+00:00,2026-09-14T02:08:22.942+00:00,True,149,149.0,,149.0,89681.45705,99556.78761,99556.787599,668.1663597248322,0.0,89681.45705,7341.741093029191,95.90213359999998,66.72520648648648,56.53493481963134,1.4966332640591717,24,64,,False,True,,695,21.16838264042747
40,2026-09-14T02:06:46.505+00:00,2026-09-14T02:08:18.621+00:00,2026-09-14T02:08:37.445+00:00,True,281,281.0,,281.0,92116.386098,110940.191282,110940.191167,394.804950772242,0.0,92116.386098,5491.354189420902,95.85171799999998,67.22787565714286,42.22733139687357,2.5328962998244995,24,64,,False,True,,980,21.16838264042747
41,2026-09-14T02:06:49.483+00:00,2026-09-14T02:08:24.230+00:00,2026-09-14T02:08:33.264+00:00,True,138,138.0,,138.0,94747.68243,103781.461374,103781.461369,752.0395751376811,41.473453,94747.68243,8059.875529664224,95.82850699999999,65.93999229197081,22.207220256374814,1.3297172555962162,24,64,,False,True,,637,21.16838264042747
42,2026-09-14T02:06:52.315+00:00,2026-09-14T02:08:29.515+00:00,2026-09-14T02:08:42.034+00:00,True,185,185.0,,185.0,97200.25420299999,109719.029243,109719.02939399998,593.0758345621621,0.0,97200.25420299999,7141.347063899715,95.9489552,68.03682086956522,25.255133375765382,1.6861250165663755,24,64,,False,True,,921,21.16838264042747
43,2026-09-14T02:06:55.026+00:00,2026-09-14T02:08:34.282+00:00,2026-09-14T02:08:48.251+00:00,True,210,210.0,,210.0,99255.637983,113224.858335,113224.85828199999,539.1659918190476,0.0,99255.637983,6844.7244096685845,96.64227595,66.83837488995215,25.415823029760805,1.8547163855014066,24,64,,False,True,,906,21.16838264042747
44,2026-09-14T02:06:59.009+00:00,2026-09-14T02:08:41.760+00:00,2026-09-14T02:08:49.356+00:00,True,116,116.0,,116.0,102750.95159299999,110346.89527299999,110346.89523699999,951.2663382499999,34.841557,102750.95159299999,9534.078969056649,95.29130425,66.05168417391305,22.087241149320523,1.0512303016139615,24,64,,False,True,,514,21.16838264042747
45,2026-09-14T02:07:02.458+00:00,2026-09-14T02:08:47.467+00:00,2026-09-14T02:08:55.337+00:00,True,120,120.0,,120.0,105008.46556499999,112879.21654099999,112879.21645699999,940.6601371416666,39.336227,105008.46556499999,9579.903808529065,96.21900600000001,66.14076450420168,21.558393908264815,1.0630832112164208,24,64,,False,True,,558,21.16838264042747
46,2026-09-14T02:07:04.885+00:00,2026-09-14T02:08:52.133+00:00,2026-09-14T02:09:05.903+00:00,True,212,212.0,,212.0,107248.000766,121017.36243,121017.362286,570.8366145566038,0.0,107248.000766,7361.395247139589,96.102963,65.25763821800948,28.322440739230302,1.7518147457777147,24,64,,False,True,,850,21.16838264042747
47,2026-09-14T02:07:07.213+00:00,2026-09-14T02:08:55.778+00:00,2026-09-14T02:09:05.667+00:00,True,153,153.0,,153.0,108564.854153,118453.722249,118453.72219799999,774.2073346274509,0.0,108564.854153,8771.741880032752,96.612504,65.0583427368421,30.674813481362204,1.291643665518427,24,64,,False,True,,521,21.16838264042747
48,2026-09-14T02:07:10.440+00:00,2026-09-14T02:09:02.080+00:00,2026-09-14T02:09:21.687+00:00,True,295,295.0,,295.0,111640.242024,131246.92516,131246.925205,444.90483120338985,0.0,111640.242024,6496.252121742251,96.480349,66.68939842176871,49.60365154814023,2.247671704616108,24,64,,False,True,,1443,21.16838264042747
49,2026-09-14T02:07:14.365+00:00,2026-09-14T02:09:08.980+00:00,2026-09-14T02:09:18.851+00:00,True,149,149.0,,149.0,114614.880807,124486.39875899999,124486.398659,835.4791856308724,0.0159,114614.880807,9384.364433998699,97.7176954,66.69944562162162,63.2590407416039,1.1969179081841481,24,64,,False,True,,453,21.16838264042747
50,2026-09-14T02:07:17.304+00:00,2026-09-14T02:09:14.692+00:00,2026-09-14T02:09:27.484+00:00,True,191,191.0,,191.0,117388.545416,130180.35623199999,130180.35618999999,681.5725454973822,0.0,117388.545416,8489.260374063337,95.38754850000001,67.32532008421053,57.66497350935423,1.4671952476425147,24,64,,False,True,,988,21.16838264042747
51,2026-09-14T02:07:19.561+00:00,2026-09-14T02:09:18.336+00:00,2026-09-14T02:09:25.076+00:00,True,101,101.0,,101.0,118774.83196699999,125514.281823,125514.281993,1242.7156632970296,0.0,118774.83196699999,11811.883729721127,96.196857,67.39449856,35.3021594345269,0.804689303345017,24,64,,False,True,,325,21.16838264042747
52,2026-09-14T02:07:22.983+00:00,2026-09-14T02:09:24.331+00:00,2026-09-14T02:09:42.652+00:00,True,278,278.0,,278.0,121347.648548,139668.372772,139668.372695,502.4042183273381,39.248737,121347.648548,7274.0136002069285,94.99255335,66.13979864259927,21.644412454324424,1.9904291464311528,24,64,,False,True,,1247,21.16838264042747
53,2026-09-14T02:07:25.535+00:00,2026-09-14T02:09:28.544+00:00,2026-09-14T02:09:43.179+00:00,True,222,222.0,,222.0,123008.780985,137643.593657,137643.593666,620.0161876846847,40.906524,123008.780985,8251.392475508539,94.889217,66.22087181900453,21.586737051782688,1.6128611154487245,24,64,,False,True,,693,21.16838264042747
54,2026-09-14T02:07:28.794+00:00,2026-09-14T02:09:34.568+00:00,2026-09-14T02:09:46.029+00:00,True,173,173.0,,173.0,125773.789184,137234.998784,137234.998718,793.2658885433526,0.0,125773.789184,9557.388198882454,94.25169460000001,66.63493953488373,31.079988160376125,1.2606113712456986,24,64,,False,True,,829,21.16838264042747
55,2026-09-14T02:07:31.315+00:00,2026-09-14T02:09:38.808+00:00,2026-09-14T02:09:46.537+00:00,True,121,121.0,,121.0,127493.684649,135222.720937,135222.721106,1117.5431496363638,0.0,127493.684649,11584.531776661504,95.04990900000001,64.40863573333334,34.902212012672216,0.8948200358752849,24,64,,False,True,,161,21.16838264042747
56,2026-09-14T02:07:33.877+00:00,2026-09-14T02:09:43.089+00:00,2026-09-14T02:09:56.211+00:00,True,199,199.0,,199.0,129211.806938,142334.772954,142334.772922,715.2501151859296,0.0,129211.806938,9154.934376026014,94.66860690000001,66.27760614141414,30.494305565432782,1.3981123225897383,24,64,,False,True,,974,21.16838264042747
57,2026-09-14T02:07:37.414+00:00,2026-09-14T02:09:49.043+00:00,2026-09-14T02:10:02.591+00:00,True,203,203.0,,203.0,131628.737269,145176.681973,145176.682026,715.1560690935961,29.611948,131628.737269,9233.843746771703,93.987713,67.06903318811881,21.472107288063043,1.398296181185309,24,64,,False,True,,946,21.16838264042747
58,2026-09-14T02:07:40.219+00:00,2026-09-14T02:09:54.477+00:00,2026-09-14T02:10:02.813+00:00,True,126,126.0,,126.0,134257.827262,142593.28044600002,142593.28043800002,1131.692701888889,32.785430999999996,134257.827262,11954.71859041891,96.45703425000002,66.683625472,22.687830075255388,0.8836321010772742,24,64,,False,True,,454,21.16838264042747
59,2026-09-14T02:07:43.294+00:00,2026-09-14T02:10:00.279+00:00,2026-09-14T02:10:13.192+00:00,True,193,193.0,,193.0,136984.80807,149898.675078,149898.675266,776.6770739170985,0.0,136984.80807,9855.586107246738,95.447393,67.259724,29.967051945692898,1.2875363968332085,24,64,,False,True,,928,21.16838264042747
60,2026-09-14T02:07:47.107+00:00,2026-09-14T02:10:06.973+00:00,2026-09-14T02:10:18.773+00:00,True,175,175.0,,175.0,139866.200729,151666.36917700002,151666.369178,866.6649667314286,0.0,139866.200729,10568.036862939281,96.758147,67.81706004597702,76.09376908145005,1.153848417085589,24,64,,False,True,,794,21.16838264042747
61,2026-09-14T02:07:50.284+00:00,2026-09-14T02:10:12.170+00:00,2026-09-14T02:10:20.811+00:00,True,135,135.0,,135.0,141886.22183899998,150527.47905499997,150527.47921899997,1115.018364585185,0.01743,141886.22183899998,12206.328703733363,98.0014684,64.48699414925373,79.5383298289533,0.8968462160365648,24,64,,False,True,,544,21.16838264042747
62,2026-09-14T02:07:52.618+00:00,2026-09-14T02:10:16.421+00:00,2026-09-14T02:10:24.082+00:00,True,120,120.0,,120.0,143803.158078,151464.42195000002,151464.42216800002,1262.2035180666667,0.01601,143803.158078,13121.778288911708,95.44849385000002,64.3803686722689,86.56382700239377,0.7922652623968237,24,64,,False,True,,526,21.16838264042747
63,2026-09-14T02:07:55.961+00:00,2026-09-14T02:10:22.692+00:00,2026-09-14T02:10:37.479+00:00,True,219,219.0,,219.0,146731.11377,161517.755178,161517.75506199998,737.523995716895,39.572437,146731.11377,9910.609463510948,95.53269900000001,67.8286303119266,21.439099412680765,1.3558880864747775,24,64,,False,True,,996,21.16838264042747
64,2026-09-14T02:07:59.255+00:00,2026-09-14T02:10:28.180+00:00,2026-09-14T02:10:35.473+00:00,True,109,109.0,,109.0,148924.285454,156217.301518,156217.301521,1433.1862524862386,41.050623,148924.285454,14257.907880213983,96.03984359999998,67.52792651851853,21.70699486151563,0.697746017507802,24,64,,False,True,,565,21.16838264042747
65,2026-09-14T02:08:02.638+00:00,2026-09-14T02:10:34.224+00:00,2026-09-14T02:10:53.725+00:00,True,294,294.0,,294.0,151585.713729,171086.84960100002,171086.84952400002,581.9280596054422,0.0,151585.713729,8836.829356325175,97.88945015000002,66.55677772013651,30.562612605716446,1.7184254703716373,24,64,,False,True,,1375,21.16838264042747
66,2026-09-14T02:08:06.622+00:00,2026-09-14T02:10:40.765+00:00,2026-09-14T02:10:50.214+00:00,True,145,145.0,,145.0,154142.695442,163591.90017799998,163591.900146,1128.2200010068966,7.901253,154142.695442,12795.42504841459,96.72673200000001,65.61947733333334,22.894736417971416,0.8863519516689358,24,64,,False,True,,649,21.16838264042747
67,2026-09-14T02:08:09.182+00:00,2026-09-14T02:10:46.304+00:00,2026-09-14T02:11:00.068+00:00,True,209,209.0,,209.0,157122.132386,170885.99901,170885.99893700003,817.6363585502393,2.744294,157122.132386,10863.810745120478,93.82590599999999,66.1724356923077,22.326539856551413,1.2230375876947626,24,64,,False,True,,958,21.16838264042747
68,2026-09-14T02:08:12.692+00:00,2026-09-14T02:10:52.875+00:00,2026-09-14T02:11:09.277+00:00,True,251,251.0,,251.0,160183.607528,176585.348584,176585.348572,703.5272851474103,38.203858999999994,160183.607528,10106.580923424346,93.510443,65.606964224,21.29466332960714,1.4214089787896624,24,64,,False,True,,1188,21.16838264042747
69,2026-09-14T02:08:16.012+00:00,2026-09-14T02:10:57.352+00:00,2026-09-14T02:11:13.016+00:00,True,238,238.0,,238.0,161339.48399500002,177003.65781900001,177003.657803,743.7128479117648,0.0,161339.48399500002,10453.846938546008,92.5334195,66.09356043881857,30.98288006984797,1.3446049812336278,24,64,,False,True,,1234,21.16838264042747
70,2026-09-14T02:08:18.707+00:00,2026-09-14T02:11:02.676+00:00,2026-09-14T02:11:13.797+00:00,True,169,169.0,,169.0,163969.15424399998,175089.37824399996,175089.37834699996,1036.0318245384615,0.0,163969.15424399998,12607.966225228345,94.799834,66.19180952380952,34.17368213560808,0.9652213155071351,24,64,,False,True,,767,21.16838264042747
71,2026-09-14T02:08:22.946+00:00,2026-09-14T02:11:10.005+00:00,2026-09-14T02:11:25.776+00:00,True,241,241.0,,241.0,167058.137081,182829.741049,182829.741132,758.629631253112,0.0,167058.137081,10756.951271675993,96.30968700000001,65.71501653333333,22.65084775725827,1.3181662820132194,24,64,,False,True,,1250,21.16838264042747
72,2026-09-14T02:08:26.180+00:00,2026-09-14T02:11:15.251+00:00,2026-09-14T02:11:27.784+00:00,True,175,175.0,,175.0,169071.540709,181604.257253,181604.257476,1037.7386141485713,0.03667,169071.540709,12775.399786261602,97.25423640000001,72.02710657471265,78.10194765075552,0.9636337971758044,24,64,,False,True,,684,21.16838264042747
73,2026-09-14T02:08:30.141+00:00,2026-09-14T02:11:22.527+00:00,2026-09-14T02:11:30.884+00:00,True,127,127.0,,127.0,172386.16976699998,180742.95696699998,180742.95697399997,1423.172889559055,0.015710000000000002,172386.16976699998,15291.19789345883,95.80673400000002,66.32370793650793,93.5972711477665,0.7026553185316519,24,64,,False,True,,566,21.16838264042747
74,2026-09-14T02:08:34.169+00:00,2026-09-14T02:11:29.593+00:00,2026-09-14T02:11:48.180+00:00,True,280,280.0,,280.0,175424.684258,194011.10883399998,194011.108866,692.8968173785714,0.0,175424.684258,10479.69021970464,95.41608195,66.61800923297491,29.487440755020877,1.4432163275741798,24,64,,False,True,,373,21.16838264042747
75,2026-09-14T02:08:36.950+00:00,2026-09-14T02:11:34.117+00:00,2026-09-14T02:11:42.760+00:00,True,133,133.0,,133.0,177166.792366,185809.22795,185809.227782,1397.0618630225565,0.0,177166.792366,15356.67580443911,94.31656960000001,65.47299684848485,36.83417672605484,0.7157879157422117,24,64,,False,True,,521,21.16838264042747
76,2026-09-14T02:08:40.916+00:00,2026-09-14T02:11:41.988+00:00,2026-09-14T02:11:56.787+00:00,True,221,221.0,,221.0,181072.12907,195870.426158,195870.426252,886.2915215022624,38.878978000000004,181072.12907,12175.725668694186,96.39392600000001,67.26498676363637,22.61328759678636,1.128296927386726,24,64,,False,True,,1147,21.16838264042747
77,2026-09-14T02:08:44.584+00:00,2026-09-14T02:11:47.853+00:00,2026-09-14T02:12:00.543+00:00,True,186,186.0,,186.0,183269.275332,195958.459076,195958.45913899998,1053.5401028978495,39.850766,183269.275332,13432.945043231339,96.43601650000001,68.5901824,22.696003580373795,0.9491807645204143,24,64,,False,True,,854,21.16838264042747
78,2026-09-14T02:08:46.995+00:00,2026-09-14T02:11:52.914+00:00,2026-09-14T02:12:12.305+00:00,True,285,285.0,,285.0,185918.98833700002,205309.069617,205309.06983100003,720.3827011614036,39.578216,185918.98833700002,11008.870660522412,97.722336,68.27493408450705,23.271023317635517,1.3881510472560312,24,64,,False,True,,1115,21.16838264042747
79,2026-09-14T02:08:50.169+00:00,2026-09-14T02:11:57.981+00:00,2026-09-14T02:12:04.828+00:00,True,104,104.0,,104.0,187811.50009000002,194658.61100200002,194658.61097900002,1871.7174132596156,41.174603000000005,187811.50009000002,18409.928972740072,98.50551064999999,66.47680497087379,23.452949560858027,0.5342686843631668,24,64,,False,True,,478,21.16838264042747
80,2026-09-14T02:08:53.012+00:00,2026-09-14T02:12:03.640+00:00,2026-09-14T02:12:16.274+00:00,True,183,183.0,,183.0,190628.17242500003,203261.93344900003,203261.93346800003,1110.7209479125684,0.0,190628.17242500003,14086.556634103325,99.9694643,69.41626936263735,36.89147481118094,0.9003161432876762,24,64,,False,True,,1006,21.16838264042747
81,2026-09-14T02:08:56.504+00:00,2026-09-14T02:12:09.700+00:00,2026-09-14T02:12:19.920+00:00,True,154,154.0,,154.0,193196.737426,203416.543122,203416.543127,1320.8866436818182,0.0,193196.737426,15562.90247131856,96.13409814999999,66.79611566013072,38.89926348853154,0.757067235714638,24,64,,False,True,,755,21.16838264042747
82,2026-09-14T02:08:59.701+00:00,2026-09-14T02:12:16.223+00:00,2026-09-14T02:12:30.155+00:00,True,208,208.0,,208.0,196522.173182,210453.932542,210453.932591,1011.7977528413461,39.558436,196522.173182,13621.711424985975,95.060131,67.30318531400967,21.609528326443847,0.9883398114144992,24,64,,False,True,,927,21.16838264042747
83,2026-09-14T02:09:02.494+00:00,2026-09-14T02:12:20.280+00:00,2026-09-14T02:12:37.740+00:00,True,266,266.0,,266.0,197785.459622,215245.543334,215245.543194,809.193771406015,40.441094,197785.459622,12122.983327731326,94.3828705,65.88710834716981,21.229550947965098,1.2357979444305776,24,64,,False,True,,1284,21.16838264042747
84,2026-09-14T02:09:05.413+00:00,2026-09-14T02:12:25.058+00:00,2026-09-14T02:12:43.836+00:00,True,287,287.0,,287.0,199645.29691499998,218423.48699499998,218423.48687899997,761.0574455714285,37.55353,199645.29691499998,11780.832872643257,93.9660303,65.65800727272727,21.35166918403522,1.3139612591505319,24,64,,False,True,,1028,21.16838264042747
85,2026-09-14T02:09:08.779+00:00,2026-09-14T02:12:32.882+00:00,2026-09-14T02:12:46.972+00:00,True,214,214.0,,214.0,204102.778015,218192.943007,218192.94305,1019.5931918224298,38.917987999999994,204102.778015,13947.672829160472,94.024696,66.15100935211267,21.273437884141806,0.9807833243861352,24,64,,False,True,,972,21.16838264042747
86,2026-09-14T02:09:12.803+00:00,2026-09-14T02:12:39.097+00:00,2026-09-14T02:12:56.001+00:00,True,262,262.0,,262.0,206293.836075,223197.168427,223197.168581,851.8975900038168,0.0,206293.836075,12741.120293320462,95.7542816,64.76372548659003,79.27063265600512,1.173850017213328,24,64,,False,True,,1382,21.16838264042747
87,2026-09-14T02:09:15.128+00:00,2026-09-14T02:12:43.432+00:00,2026-09-14T02:13:02.146+00:00,True,284,284.0,,284.0,208304.134009,227017.652601,227017.65261,799.3579317253522,0.0,208304.134009,12356.88679308774,95.12490150000002,66.12550739222615,76.23614143576417,1.2510040375545184,24,64,,False,True,,1374,21.16838264042747
88,2026-09-14T02:09:18.260+00:00,2026-09-14T02:12:49.122+00:00,2026-09-14T02:12:57.878+00:00,True,134,134.0,,134.0,210861.475063,219617.139191,219617.13911,1638.9338739552238,0.0,210861.475063,18210.305983336748,95.74626500000001,65.83206111278196,111.03345581394129,0.6101527435136145,24,64,,False,True,,500,21.16838264042747
89,2026-09-14T02:09:21.615+00:00,2026-09-14T02:12:54.564+00:00,2026-09-14T02:13:03.284+00:00,True,130,130.0,,130.0,212949.277778,221669.11956999998,221669.11958099998,1705.1470737,38.845237999999995,212949.277778,18670.971624360238,95.05586045,67.59567280620155,22.100814470016708,0.5864596758095023,24,64,,False,True,,619,21.16838264042747
90,2026-09-14T02:09:24.978+00:00,2026-09-14T02:13:00.183+00:00,2026-09-14T02:13:18.196+00:00,True,270,270.0,,270.0,215204.997258,233217.769098,233217.768999,863.7695148111111,31.205944,215204.997258,13092.903168352566,95.9177855,66.96197710037175,22.517124998481965,1.1577162453969956,24,64,,False,True,,1504,21.16838264042747
91,2026-09-14T02:09:27.667+00:00,2026-09-14T02:13:04.274+00:00,2026-09-14T02:13:19.980+00:00,True,239,239.0,,239.0,216606.70518599998,232312.31286599996,232312.312858,972.0180454309623,37.88456,216606.70518599998,14006.871607310964,94.25531790000001,65.98994823529412,21.95562117642476,1.0287874846214353,24,64,,False,True,,947,21.16838264042747
92,2026-09-14T02:09:31.509+00:00,2026-09-14T02:13:11.407+00:00,2026-09-14T02:13:30.037+00:00,True,287,287.0,,287.0,219897.769578,238527.277674,238527.277683,831.1054971533101,34.954595999999995,219897.769578,12976.327635420204,93.90872230000001,65.1381401958042,21.46728823076687,1.2032166836375362,24,64,,False,True,,1053,21.16838264042747
93,2026-09-14T02:09:35.583+00:00,2026-09-14T02:13:19.111+00:00,2026-09-14T02:13:33.579+00:00,True,223,223.0,,223.0,223527.845242,237995.977082,237995.976969,1067.2465334932735,0.0,223527.845242,14964.213182150052,93.6078102,65.17176504504505,37.08721366628412,0.9369906278842973,24,64,,False,True,,1144,21.16838264042747
94,2026-09-14T02:09:38.337+00:00,2026-09-14T02:13:23.782+00:00,2026-09-14T02:13:42.019+00:00,True,278,278.0,,278.0,225444.82714399998,243681.597448,243681.597563,876.5525092194243,0.0,225444.82714399998,13517.378560895364,94.26754585,65.83671589891696,34.93760443717777,1.1408329677390732,24,64,,False,True,,1479,21.16838264042747
95,2026-09-14T02:09:40.691+00:00,2026-09-14T02:13:28.578+00:00,2026-09-14T02:13:48.675+00:00,True,298,298.0,,298.0,227887.386083,247984.619491,247984.619349,832.1631521778523,0.0,227887.386083,13197.28618542317,96.00427635,67.66745255218855,34.22442957096453,1.2016874296948694,24,64,,False,True,,1406,21.16838264042747
96,2026-09-14T02:09:43.364+00:00,2026-09-14T02:13:32.465+00:00,2026-09-14T02:13:52.090+00:00,True,293,293.0,,293.0,229100.72952000002,248726.05406400003,248726.054131,848.8943826996588,36.963182,229100.72952000002,13380.299760983044,95.61532100000001,67.21001556164384,22.399049734635366,1.1780028477620113,24,64,,False,True,,1352,21.16838264042747
97,2026-09-14T02:09:46.905+00:00,2026-09-14T02:13:38.966+00:00,2026-09-14T02:13:58.069+00:00,True,283,283.0,,283.0,232060.452326,251164.044774,251164.044848,887.5054588268551,38.572228,232060.452326,13790.55435622859,97.4886191,67.74323563120568,23.074493973522284,1.12675363328635,24,64,,False,True,,1240,21.16838264042747
98,2026-09-14T02:09:50.955+00:00,2026-09-14T02:13:47.437+00:00,2026-09-14T02:14:05.396+00:00,True,270,270.0,,270.0,236481.68083899998,254441.46503099997,254441.46513499998,942.3757967962962,31.414043000000003,236481.68083899998,14387.770785431485,95.4422384,66.76499699628252,22.283769277688624,1.0611477966734095,24,64,,False,True,,571,21.16838264042747
99,2026-09-14T02:09:54.170+00:00,2026-09-14T02:13:52.678+00:00,2026-09-14T02:14:00.436+00:00,True,118,118.0,,118.0,238507.367875,246265.189827,246265.189674,2086.9931328305083,37.615730000000006,238507.367875,21950.290729409273,93.4160045,66.30617052991452,22.86030954147794,0.4791582605844309,24,64,,False,True,,507,21.16838264042747
100,2026-09-14T02:09:56.407+00:00,2026-09-14T02:13:56.574+00:00,2026-09-14T02:14:15.831+00:00,True,289,289.0,,289.0,240167.91838100002,259424.729901,259424.73002400002,897.6634256885814,0.0,240167.91838100002,14123.639775561685,96.269416,66.86392888888889,37.01552528056789,1.1140032799120048,24,64,,False,True,,1409,21.16838264042747
101,2026-09-14T02:09:59.918+00:00,2026-09-14T02:14:03.149+00:00,2026-09-14T02:14:20.001+00:00,True,248,248.0,,248.0,243230.96995,260082.547806,260082.547658,1048.719950233871,0.0,243230.96995,15440.899554157995,97.32849834999999,68.22501156275304,39.29965104143373,0.953543411859328,24,64,,False,True,,1223,21.16838264042747
102,2026-09-14T02:10:03.986+00:00,2026-09-14T02:14:10.736+00:00,2026-09-14T02:14:22.584+00:00,True,179,179.0,,179.0,246749.529729,258598.080385,258598.080288,1444.682012782123,0.0,246749.529729,18438.000703924794,96.07081989999999,66.5648913258427,43.161029117086585,0.6921938466577376,24,64,,False,True,,695,21.16838264042747
103,2026-09-14T02:10:06.418+00:00,2026-09-14T02:14:15.460+00:00,2026-09-14T02:14:30.350+00:00,True,223,223.0,,223.0,249041.58459599997,263931.58421199996,263931.58421099995,1183.5497049820626,40.326534,249041.58459599997,16672.580509178802,94.87105700000001,67.07207034234234,21.635908936263654,0.8449159302619798,24,64,,False,True,,1022,21.16838264042747
104,2026-09-14T02:10:10.396+00:00,2026-09-14T02:14:22.039+00:00,2026-09-14T02:14:41.704+00:00,True,299,299.0,,299.0,251643.448153,271307.802969,271307.802845,907.3839560033445,0.016059999999999998,251643.448153,14549.341584798587,94.12182200000001,65.98776783892617,83.95178022815205,1.1020692981475513,24,64,,False,True,,1434,21.16838264042747
105,2026-09-14T02:10:13.494+00:00,2026-09-14T02:14:27.938+00:00,2026-09-14T02:14:42.545+00:00,True,222,222.0,,222.0,254444.28405000002,269051.326098,269051.32628100005,1211.9429111756758,0.016050000000000002,254444.28405000002,17073.02934808729,93.32902150000001,66.09521288687783,98.55512427349628,0.8251213744961736,24,64,,False,True,,634,21.16838264042747
106,2026-09-14T02:10:16.839+00:00,2026-09-14T02:14:33.758+00:00,2026-09-14T02:14:44.651+00:00,True,169,169.0,,169.0,256918.50772,267811.281096,267811.280962,1584.6821358698226,40.941784,256918.50772,19757.98525678015,91.57071,64.83793676190476,20.583566334587864,0.6310413784974951,24,64,,False,True,,697,21.16838264042747
107,2026-09-14T02:10:20.951+00:00,2026-09-14T02:14:40.841+00:00,2026-09-14T02:14:50.990+00:00,True,159,159.0,,159.0,259889.55138299998,270038.844439,270038.84433299996,1698.3575115283018,29.119568,259889.55138299998,20605.499249280365,91.78422400000001,64.236032,21.757580959022622,0.588804178637037,24,64,,False,True,,817,21.16838264042747
108,2026-09-14T02:10:24.784+00:00,2026-09-14T02:14:46.878+00:00,2026-09-14T02:14:59.533+00:00,True,192,192.0,,192.0,262094.094778,274749.682106,274749.682252,1430.9879283958333,0.0,262094.094778,18910.28018655174,95.77975454999999,66.25961951832461,43.618134353077416,0.6988179150137298,24,64,,False,True,,667,21.16838264042747
109,2026-09-14T02:10:27.105+00:00,2026-09-14T02:14:51.268+00:00,2026-09-14T02:15:06.658+00:00,True,223,223.0,,223.0,264162.53595,279552.684814,279552.684854,1253.599483650224,0.0,264162.53595,17685.037812035913,95.84980619999999,69.32499488288288,41.446437241964055,0.7977029451474336,24,64,,False,True,,924,21.16838264042747
110,2026-09-14T02:10:30.024+00:00,2026-09-14T02:14:56.887+00:00,2026-09-14T02:15:06.892+00:00,True,144,144.0,,144.0,266862.103704,276867.314072,276867.314223,1922.6896821041666,0.0,266862.103704,22232.73101350107,95.3110413,69.96650606993008,48.67648868367304,0.5201047313318916,24,64,,False,True,,668,21.16838264042747
111,2026-09-14T02:10:32.339+00:00,2026-09-14T02:15:00.941+00:00,2026-09-14T02:15:17.163+00:00,True,239,239.0,,239.0,268601.214439,284823.735015,284823.734945,1191.7311085564854,39.737676,268601.214439,17369.973403382963,95.53702390000001,68.16185115966387,22.261056022744242,0.8391154620151767,24,64,,False,True,,1170,21.16838264042747
112,2026-09-14T02:10:34.688+00:00,2026-09-14T02:15:04.633+00:00,2026-09-14T02:15:22.531+00:00,True,267,267.0,,267.0,269944.546343,287842.986279,287842.986102,1078.0636183595507,39.537416,269944.546343,16516.23485100411,95.15014070000001,67.28736818045112,22.16947841729096,0.9275890423857771,24,64,,False,True,,1370,21.16838264042747
113,2026-09-14T02:10:37.042+00:00,2026-09-14T02:15:08.471+00:00,2026-09-14T02:15:19.960+00:00,True,171,171.0,,171.0,271428.973969,282918.70171299996,282918.70191199996,1654.4953328187135,40.040394,271428.973969,20751.5365601753,96.189215,67.58663378823529,22.95394924931695,0.6044139145437859,24,64,,False,True,,586,21.16838264042747
114,2026-09-14T02:10:39.623+00:00,2026-09-14T02:15:13.377+00:00,2026-09-14T02:15:27.833+00:00,True,214,214.0,,214.0,273753.828884,288209.229332,288209.22943300003,1346.7721001542056,39.504006000000004,273753.828884,18708.800954729806,96.60389415,67.8657298028169,22.670538430350817,0.7425161244697152,24,64,,False,True,,1021,21.16838264042747
115,2026-09-14T02:10:43.040+00:00,2026-09-14T02:15:19.541+00:00,2026-09-14T02:15:34.313+00:00,True,218,218.0,,218.0,276501.45081,291273.85401,291273.8541,1336.1185967889908,35.089755,276501.45081,18722.444188305057,96.1049932,68.07559078341014,22.600443945156883,0.748436555491574,24,64,,False,True,,940,21.16838264042747
116,2026-09-14T02:10:45.460+00:00,2026-09-14T02:15:23.950+00:00,2026-09-14T02:15:40.981+00:00,True,249,249.0,,249.0,278490.930877,295521.62015699997,295521.62011699995,1186.8338157309236,32.709701,278490.930877,17644.30818197803,98.03893660000001,68.67213419354839,22.63244891793683,0.8425779469797008,24,64,,False,True,,1032,21.16838264042747
117,2026-09-14T02:10:48.305+00:00,2026-09-14T02:15:29.258+00:00,2026-09-14T02:15:37.037+00:00,True,114,114.0,,114.0,280952.400373,288731.406837,288731.406937,2532.731639798246,40.859393,280952.400373,26307.16516847984,97.79320000000001,68.84076516814159,22.462552574282864,0.394830618701475,24,64,,False,True,,479,21.16838264042747
118,2026-09-14T02:10:52.219+00:00,2026-09-14T02:15:36.347+00:00,2026-09-14T02:15:45.576+00:00,True,140,140.0,,140.0,284127.56098400004,293356.833816,293356.833738,2095.405955271429,34.007438,284127.56098400004,24007.55982441743,94.18936695000001,66.3976462733813,21.708910457752953,0.4772344934967874,24,64,,False,True,,581,21.16838264042747
119,2026-09-14T02:10:54.731+00:00,2026-09-14T02:15:41.126+00:00,2026-09-14T02:15:54.739+00:00,False,210,209.0,,209.0,286395.57312,300008.22208000004,300008.222028,1428.6105810857143,0.0,286395.57312,19758.726288351565,95.3458165,65.13229167464115,43.977873125760055,0.6966475736930575,24,64,,False,False,Request timeout: 300.0s exceeded,963,21.16838264042747
120,2026-09-14T02:10:57.191+00:00,2026-09-14T02:15:45.261+00:00,2026-09-14T02:15:57.245+00:00,False,182,181.0,,181.0,288069.521616,300053.69159999996,300053.69165,1648.6466574175822,0.0,288069.521616,21348.275297206543,95.35965399999999,66.21088388950277,46.13248388867239,0.6032253728818979,24,64,,False,False,Request timeout: 300.0s exceeded,770,21.16838264042747
121,2026-09-14T02:11:01.025+00:00,2026-09-14T02:15:52.040+00:00,2026-09-14T02:16:01.077+00:00,False,130,129.0,,129.0,291015.288853,300052.324117,300052.32417499996,2308.094801346154,0.033780000000000004,291015.288853,25517.593961738785,93.96035145,70.05453693023256,21.357077780873666,0.4299250151773488,24,64,,False,False,Request timeout: 300.0s exceeded,565,21.16838264042747
122,2026-09-14T02:11:04.368+00:00,2026-09-14T02:15:56.747+00:00,2026-09-14T02:16:04.417+00:00,False,110,109.0,,109.0,292378.926399,300048.44575899997,300048.445954,2727.7131450363636,0.02067,292378.926399,27870.535758608665,91.22146445,70.3625629357798,20.874261818178056,0.36327466960968435,24,64,,False,False,Request timeout: 300.0s exceeded,521,21.16838264042747
123,2026-09-14T02:11:07.890+00:00,2026-09-14T02:16:01.468+00:00,2026-09-14T02:16:07.980+00:00,False,96,95.0,,95.0,293577.58613,300090.31573000003,300090.315604,3125.940787541667,0.02346,293577.58613,29956.147063140485,90.78825624999999,68.55504842105263,20.615944974618476,0.31657136208778647,24,64,,False,False,Request timeout: 300.0s exceeded,361,21.16838264042747
124,2026-09-14T02:11:10.169+00:00,2026-09-14T02:16:03.542+00:00,2026-09-14T02:16:10.198+00:00,False,101,100.0,,100.0,293372.865672,300028.451976,300028.452115,2970.578733811881,0.02336,293372.865672,29185.07570502801,89.90781999999999,66.55586304,20.41225052275864,0.3333017230245858,24,64,,False,False,Request timeout: 300.0s exceeded,621,21.16838264042747
125,2026-09-14T02:11:12.902+00:00,2026-09-14T02:16:06.803+00:00,2026-09-14T02:16:12.932+00:00,False,90,89.0,,89.0,293901.047458,300030.04048200004,300030.04059600004,3333.6671177333337,0.038560000000000004,293901.047458,30972.637867338475,88.28943285000001,68.86509015730338,19.913213426244916,0.2966369629421806,24,64,,False,False,Request timeout: 300.0s exceeded,427,21.16838264042747
126,2026-09-14T02:11:16.189+00:00,2026-09-14T02:16:10.193+00:00,2026-09-14T02:16:16.274+00:00,False,92,91.0,,91.0,294004.680791,300085.42447100003,300085.42447800003,3261.798092152174,0.02129,294004.680791,30645.146862982394,88.1654606,66.82135912087912,20.221980393644316,0.3032469842892825,24,64,,False,False,Request timeout: 300.0s exceeded,411,21.16838264042747
127,2026-09-14T02:11:19.220+00:00,2026-09-14T02:16:13.457+00:00,2026-09-14T02:16:19.263+00:00,False,86,85.0,,85.0,294237.86692799994,300043.03275199997,300043.03284999996,3488.872474999999,0.02588,294237.86692799994,31721.126733729263,86.57052924999999,68.29606851764706,19.81495790616504,0.2832926971187383,24,64,,False,False,Request timeout: 300.0s exceeded,406,21.16838264042747
128,2026-09-14T02:11:22.214+00:00,2026-09-14T02:16:16.189+00:00,2026-09-14T02:16:22.274+00:00,False,88,87.0,,87.0,293975.15991600003,300060.299116,300060.29920700006,3409.7761273522733,0.04277,293975.15991600003,31330.40713644949,87.6666042,69.94412873563218,19.27880150719909,0.2899417225681254,24,64,,False,False,Request timeout: 300.0s exceeded,342,21.16838264042747
129,2026-09-14T02:11:25.618+00:00,2026-09-14T02:16:19.749+00:00,2026-09-14T02:16:25.637+00:00,False,88,87.0,,87.0,294131.060705,300018.940385,300018.940243,3409.3061391250003,0.022940000000000002,294131.060705,31347.26869414753,88.622411,67.67677793103448,20.522063229706838,0.28998169211702784,24,64,,False,False,Request timeout: 300.0s exceeded,379,21.16838264042747
130,2026-09-14T02:11:28.346+00:00,2026-09-14T02:16:22.280+00:00,2026-09-14T02:16:28.382+00:00,False,95,94.0,,94.0,293933.535999,300035.278591,300035.278475,3158.2660892105264,0.03598,293933.535999,30150.291711460308,88.35846370000002,64.91215523404256,20.757272663571914,0.31329649113742475,24,64,,False,False,Request timeout: 300.0s exceeded,420,21.16838264042747
131,2026-09-14T02:11:31.433+00:00,2026-09-14T02:16:25.769+00:00,2026-09-14T02:16:32.836+00:00,False,86,85.0,,85.0,294336.144789,301402.951573,301402.95165199996,3504.685484325581,0.04346,294336.144789,31730.591414666815,89.33948875,83.13890334117646,174.4233129156626,0.28201449108706866,24,64,,False,False,Request timeout: 300.0s exceeded,353,21.16838264042747
132,2026-09-14T02:11:33.793+00:00,2026-09-14T02:16:26.956+00:00,2026-09-14T02:16:33.834+00:00,False,118,117.0,,117.0,293163.238161,300041.664529,300041.664632,2542.725971457627,0.0154,293163.238161,26982.853033761894,88.9379357,58.78996895726496,147.82939025698,0.38994584363363166,24,64,,False,False,Request timeout: 300.0s exceeded,576,21.16838264042747
133,2026-09-14T02:11:36.537+00:00,2026-09-14T02:16:29.912+00:00,2026-09-14T02:16:36.560+00:00,False,108,107.0,,107.0,293375.354557,300023.088061,300023.088047,2777.9915559907404,0.015519999999999999,293375.354557,28224.492143328254,90.10449955,62.1283505046729,153.55238478372405,0.35663921963980655,24,64,,False,False,Request timeout: 300.0s exceeded,505,21.16838264042747
134,2026-09-14T02:11:40.534+00:00,2026-09-14T02:16:34.095+00:00,2026-09-14T02:16:40.553+00:00,False,92,91.0,,91.0,293560.856777,300019.21069700003,300019.210681,3261.0783769673913,0.02912,293560.856777,30598.44196049004,88.70720710000002,70.9709221978022,19.539386564562538,0.30331391042790296,24,64,,False,False,Request timeout: 300.0s exceeded,224,21.16838264042747
135,2026-09-14T02:11:42.965+00:00,2026-09-14T02:16:36.483+00:00,2026-09-14T02:16:42.991+00:00,False,99,98.0,,98.0,293518.672638,300026.813438,300026.813513,3030.573873868687,0.0,293518.672638,29493.130250696344,88.2451029,66.4096,63.71383424242325,0.32663747242128255,24,64,,False,False,Request timeout: 300.0s exceeded,375,21.16838264042747
136,2026-09-14T02:11:45.384+00:00,2026-09-14T02:16:39.126+00:00,2026-09-14T02:16:45.456+00:00,False,100,99.0,,99.0,293741.69948199997,300071.700378,300071.70030499995,3000.7170030499997,0.0,293741.69948199997,29367.844337147602,87.4583684,63.93940298989899,63.67345069593465,0.3299211484298246,24,64,,False,False,Request timeout: 300.0s exceeded,615,21.16838264042747
137,2026-09-14T02:11:49.075+00:00,2026-09-14T02:16:43.074+00:00,2026-09-14T02:16:49.086+00:00,False,93,92.0,,92.0,293999.24841500004,300011.03951900004,300011.039563,3225.9251565913983,0.05774,293999.24841500004,30479.533117235416,89.36017299999999,65.34555547826086,21.132606374918755,0.30665538224027095,24,64,,False,False,Request timeout: 300.0s exceeded,570,21.16838264042747
138,2026-09-14T02:11:52.607+00:00,2026-09-14T02:16:46.147+00:00,2026-09-14T02:16:52.679+00:00,False,97,96.0,,96.0,293539.932646,300072.136422,300072.1366,3093.527181443299,0.03737,293539.932646,29797.562668176044,88.86463599999999,68.04378933333332,20.496398654355307,0.3199230729806664,24,64,,False,False,Request timeout: 300.0s exceeded,522,21.16838264042747
139,2026-09-14T02:11:56.128+00:00,2026-09-14T02:16:49.384+00:00,2026-09-14T02:16:56.178+00:00,False,99,98.0,,98.0,293256.074435,300050.10630700004,300050.106425,3030.809155808081,0.0222,293256.074435,29466.383929719876,90.23784199999999,69.3268558367347,20.567564360924997,0.3266121155768899,24,64,,False,False,Request timeout: 300.0s exceeded,457,21.16838264042747
140,2026-09-14T02:11:59.443+00:00,2026-09-14T02:16:53.144+00:00,2026-09-14T02:16:59.489+00:00,False,90,89.0,,89.0,293701.065513,300045.173801,300045.173846,3333.8352649555554,0.0215,293701.065513,30951.303065481028,89.13525744999998,71.28211559550563,19.784584481640117,0.29662200152243673,24,64,,False,False,Request timeout: 300.0s exceeded,368,21.16838264042747
141,2026-09-14T02:12:03.122+00:00,2026-09-14T02:16:56.687+00:00,2026-09-14T02:17:03.129+00:00,False,96,95.0,,95.0,293564.857399,300007.52671099995,300007.526753,3125.078403677083,0.03632,293564.857399,29954.923352439062,90.05596225,67.81757170526315,20.82262668459163,0.3166587220043795,24,64,,False,False,Request timeout: 300.0s exceeded,499,21.16838264042747
142,2026-09-14T02:12:06.314+00:00,2026-09-14T02:17:00.154+00:00,2026-09-14T02:17:06.342+00:00,False,89,88.0,,88.0,293839.739179,300028.285227,300028.28513100004,3371.104327314607,0.039799999999999995,293839.739179,31139.502250035166,90.8409796,70.3243869090909,20.32981420560023,0.2933056792742711,24,64,,False,False,Request timeout: 300.0s exceeded,362,21.16838264042747
143,2026-09-14T02:12:09.427+00:00,2026-09-14T02:17:03.081+00:00,2026-09-14T02:17:09.449+00:00,False,91,90.0,,90.0,293653.99923400005,300022.03021000006,300022.03026500007,3296.945387527473,0.035789,293653.99923400005,30775.89237731759,90.1699395,70.75589973333334,19.560576901747528,0.2999779714076483,24,64,,False,False,Request timeout: 300.0s exceeded,293,21.16838264042747
144,2026-09-14T02:12:12.917+00:00,2026-09-14T02:17:07.017+00:00,2026-09-14T02:17:12.966+00:00,False,86,85.0,,85.0,294099.44572899997,300049.25001699995,300049.250106,3488.9447686744184,0.032049999999999995,294099.44572899997,31706.016815226474,89.01142475,69.99769750588236,19.671480665929963,0.28328682706317093,24,64,,False,False,Request timeout: 300.0s exceeded,127,21.16838264042747
145,2026-09-14T02:12:15.257+00:00,2026-09-14T02:17:09.279+00:00,2026-09-14T02:17:15.507+00:00,False,88,87.0,,87.0,294021.89667299995,300250.64649699995,300250.646699,3411.9391670340906,0.02355,294021.89667299995,31335.213482204606,89.22104305,71.59482556321838,19.534634388722097,0.2897579106490593,24,64,,False,False,Request timeout: 300.0s exceeded,412,21.16838264042747
146,2026-09-14T02:12:18.811+00:00,2026-09-14T02:17:12.592+00:00,2026-09-14T02:17:18.835+00:00,False,92,91.0,,91.0,293780.420682,300023.393866,300023.39403799997,3261.1238482391304,0.038119999999999994,293780.420682,30621.580442420596,89.31729755,68.60410092307693,20.481879665139967,0.30330968137985764,24,64,,False,False,Request timeout: 300.0s exceeded,443,21.16838264042747
147,2026-09-14T02:12:22.359+00:00,2026-09-14T02:17:16.643+00:00,2026-09-14T02:17:22.430+00:00,False,86,85.0,,85.0,294283.504877,300071.101933,300071.101745,3489.1988575,0.036759,294283.504877,31726.07040756256,88.6995565,68.08937712941177,20.007981289308027,0.2832661974193664,24,64,,False,False,Request timeout: 300.0s exceeded,401,21.16838264042747
148,2026-09-14T02:12:25.226+00:00,2026-09-14T02:17:18.667+00:00,2026-09-14T02:17:25.249+00:00,False,97,96.0,,96.0,293441.45602,300022.67739599996,300022.67741199996,3093.0172929072164,0.02158,293441.45602,29787.511984704608,89.12112400000002,68.55438933333333,20.414039993760667,0.3199758126059571,24,64,,False,False,Request timeout: 300.0s exceeded,398,21.16838264042747
149,2026-09-14T02:12:27.873+00:00,2026-09-14T02:17:21.309+00:00,2026-09-14T02:17:27.929+00:00,False,96,95.0,,95.0,293436.119878,300055.842374,300055.842198,3125.5816895625,0.03517,293436.119878,29941.593422616425,88.7941315,69.68128943157895,20.0826853832714,0.31660773290855876,24,64,,False,False,Request timeout: 300.0s exceeded,400,21.16838264042747
150,2026-09-14T02:12:30.970+00:00,2026-09-14T02:17:24.732+00:00,2026-09-14T02:17:31.012+00:00,False,94,93.0,,93.0,293761.973372,300041.252476,300041.252276,3191.9282157021275,0.019690000000000003,293761.973372,30292.27676501121,88.862359,67.51913015053763,20.352270360495154,0.30995737830230186,24,64,,False,False,Request timeout: 300.0s exceeded,398,21.16838264042747
151,2026-09-14T02:12:34.066+00:00,2026-09-14T02:17:27.848+00:00,2026-09-14T02:17:34.140+00:00,False,93,92.0,,92.0,293782.435311,300074.07230299996,300074.072266,3226.6029275913975,0.0358,293782.435311,30456.734502341453,88.2246392,68.38735860869565,20.042971438898665,0.3065909670033169,24,64,,False,False,Request timeout: 300.0s exceeded,379,21.16838264042747
152,2026-09-14T02:12:37.436+00:00,2026-09-14T02:17:30.928+00:00,2026-09-14T02:17:37.646+00:00,False,88,87.0,,87.0,293492.121099,300210.825739,300210.82570399996,3411.4866557272726,0.023440000000000003,293492.121099,31278.19588415239,89.6474205,77.22649011494254,63.15377599062427,0.2897963449047532,24,64,,False,False,Request timeout: 300.0s exceeded,408,21.16838264042747
153,2026-09-14T02:12:40.124+00:00,2026-09-14T02:17:33.874+00:00,2026-09-14T02:17:40.189+00:00,False,98,97.0,,97.0,293750.563204,300065.340548,300065.340563,3061.891230234694,0.0,293750.563204,29666.783490402457,89.3588568,65.10079736082474,65.5977183929205,0.32326292607754004,24,64,,False,False,Request timeout: 300.0s exceeded,417,21.16838264042747
154,2026-09-14T02:12:42.601+00:00,2026-09-14T02:17:36.459+00:00,2026-09-14T02:17:42.671+00:00,False,95,94.0,,94.0,293858.16741000005,300070.0550260001,300070.05487700005,3158.6321566000006,0.0,293858.16741000005,30142.504130580583,89.41366539999999,66.08391080851064,66.40216527325384,0.31326018183272303,24,64,,False,False,Request timeout: 300.0s exceeded,428,21.16838264042747
155,2026-09-14T02:12:46.589+00:00,2026-09-14T02:17:40.186+00:00,2026-09-14T02:17:46.670+00:00,False,93,92.0,,92.0,293596.18592799996,300081.034312,300081.03430799994,3226.677788258064,0.02461,293596.18592799996,30437.203514948058,90.633794,70.4874824347826,19.95447419550562,0.30658385396107984,24,64,,False,False,Request timeout: 300.0s exceeded,323,21.16838264042747
156,2026-09-14T02:12:49.644+00:00,2026-09-14T02:17:43.537+00:00,2026-09-14T02:17:49.720+00:00,False,91,90.0,,90.0,293893.28483899997,300075.668455,300075.66832999996,3297.5348168131864,0.03134,293893.28483899997,30801.193096244966,90.393094,68.69315128888888,20.405121738868328,0.2999243506259042,24,64,,False,False,Request timeout: 300.0s exceeded,206,21.16838264042747
157,2026-09-14T02:12:53.118+00:00,2026-09-14T02:17:46.757+00:00,2026-09-14T02:17:53.139+00:00,False,97,96.0,,96.0,293639.097593,300021.27052099997,300021.27043,3093.002787938144,0.03533,293639.097593,29807.789928432994,89.097552,66.480968,20.3593128417494,0.3199773130528107,24,64,,False,False,Request timeout: 300.0s exceeded,471,21.16838264042747
158,2026-09-14T02:12:56.853+00:00,2026-09-14T02:17:50.401+00:00,2026-09-14T02:17:56.890+00:00,False,101,100.0,,100.0,293548.152792,300037.38107999996,300037.380982,2970.667138435643,0.0254,293548.152792,29202.682807562396,89.362801,64.89228288,20.199885202410634,0.3332918039747076,24,64,,False,False,Request timeout: 300.0s exceeded,397,21.16838264042747
159,2026-09-14T02:13:00.155+00:00,2026-09-14T02:17:54.079+00:00,2026-09-14T02:18:00.235+00:00,False,92,91.0,,91.0,293924.515103,300080.034591,300080.03460799996,3261.7395066086956,0.03601,293924.515103,30636.703540197213,88.49467,67.6430712967033,20.5193447866292,0.3032524310523699,24,64,,False,False,Request timeout: 300.0s exceeded,360,21.16838264042747
160,2026-09-14T02:13:02.622+00:00,2026-09-14T02:17:56.563+00:00,2026-09-14T02:18:02.640+00:00,False,91,90.0,,90.0,293940.35329299996,300017.42337299994,300017.423455,3296.894763241758,0.03698,293940.35329299996,30806.249329685626,88.12850850000001,67.5230008888889,19.555447480902878,0.2999825776388544,24,64,,False,False,Request timeout: 300.0s exceeded,149,21.16838264042747
161,2026-09-14T02:13:05.922+00:00,2026-09-14T02:17:59.657+00:00,2026-09-14T02:18:05.966+00:00,False,92,91.0,,91.0,293734.482446,300043.79239799996,300043.79236699996,3261.3455692065213,0.02885,293734.482446,30616.715038624578,89.85102355000001,69.33307639560441,20.4637802535906,0.3032890608157991,24,64,,False,False,Request timeout: 300.0s exceeded,453,21.16838264042747
162,2026-09-14T02:13:09.500+00:00,2026-09-14T02:18:03.197+00:00,2026-09-14T02:18:09.506+00:00,False,89,88.0,,88.0,293697.80427100003,300006.481647,300006.481633,3370.8593441910116,0.039939999999999996,293697.80427100003,31124.312612920185,90.1264494,71.68951563636364,20.535215721742336,0.29332699585985755,24,64,,False,False,Request timeout: 300.0s exceeded,436,21.16838264042747
163,2026-09-14T02:13:12.453+00:00,2026-09-14T02:18:06.315+00:00,2026-09-14T02:18:12.490+00:00,False,89,88.0,,88.0,293861.9627,300037.189324,300037.189385,3371.2043751123592,0.03562,293861.9627,31141.873851148735,90.7078004,70.17302981818182,20.12656805616295,0.29329697494590173,24,64,,False,False,Request timeout: 300.0s exceeded,436,21.16838264042747
164,2026-09-14T02:13:15.482+00:00,2026-09-14T02:18:09.091+00:00,2026-09-14T02:18:15.532+00:00,False,97,96.0,,96.0,293609.231658,300049.385258,300049.38551199995,3093.2926341443294,0.02428,293609.231658,29804.69613032109,89.0450176,67.08493333333334,20.286991435783108,0.31994733106169704,24,64,,False,False,Request timeout: 300.0s exceeded,213,21.16838264042747
165,2026-09-14T02:13:18.685+00:00,2026-09-14T02:18:12.315+00:00,2026-09-14T02:18:18.710+00:00,False,98,97.0,,97.0,293630.23994700005,300025.62477900006,300025.6248260001,3061.4859676122455,0.02145,293630.23994700005,29654.480862887067,89.91568899999999,65.93180239175258,21.308426257145385,0.3233057178747667,24,64,,False,False,Request timeout: 300.0s exceeded,365,21.16838264042747
166,2026-09-14T02:13:22.502+00:00,2026-09-14T02:18:16.051+00:00,2026-09-14T02:18:22.522+00:00,False,98,97.0,,97.0,293548.670161,300019.349969,300019.350141,3061.4219402142858,0.02336,293548.670161,29646.16192627392,88.13441535,66.70803925773195,20.250086516961783,0.32331247971180094,24,64,,False,False,Request timeout: 300.0s exceeded,365,21.16838264042747
167,2026-09-14T02:13:26.547+00:00,2026-09-14T02:18:19.937+00:00,2026-09-14T02:18:26.561+00:00,False,100,99.0,,99.0,293389.72816,300013.874592,300013.874648,3000.13874648,0.02101,293389.72816,29332.289143708706,89.14414995000001,66.91057002020202,20.91997200353909,0.32998473865461647,24,64,,False,False,Request timeout: 300.0s exceeded,474,21.16838264042747
168,2026-09-14T02:13:30.068+00:00,2026-09-14T02:18:23.706+00:00,2026-09-14T02:18:30.111+00:00,False,93,92.0,,92.0,293637.29726599995,300042.3327859999,300042.33279499994,3226.261642956989,0.02334,293637.29726599995,30441.556473457043,90.81753140000001,69.61995130434782,19.882643334573512,0.3066233992575222,24,64,,False,False,Request timeout: 300.0s exceeded,448,21.16838264042747
169,2026-09-14T02:13:33.659+00:00,2026-09-14T02:18:27.386+00:00,2026-09-14T02:18:33.676+00:00,False,98,97.0,,97.0,293727.002785,300016.62300900003,300016.623008,3061.394112326531,0.0,293727.002785,29664.423091776618,93.29128785,64.84144560824743,62.489552734735476,0.32331541841629935,24,64,,False,False,Request timeout: 300.0s exceeded,453,21.16838264042747
170,2026-09-14T02:13:35.954+00:00,2026-09-14T02:18:29.368+00:00,2026-09-14T02:18:35.989+00:00,False,103,102.0,,102.0,293413.78931,300035.321214,300035.321094,2912.9642824660195,0.0,293413.78931,28904.58830344267,92.812765,64.91697945098039,61.621316243511096,0.339959974003356,24,64,,False,False,Request timeout: 300.0s exceeded,309,21.16838264042747
171,2026-09-14T02:13:39.868+00:00,2026-09-14T02:18:33.811+00:00,2026-09-14T02:18:39.895+00:00,False,88,87.0,,87.0,293942.924675,300026.497411,300026.497435,3409.3920163068183,0.03537,293942.924675,31326.973382618304,88.83067084999999,69.92612340229886,20.263468244703894,0.2899743880981969,24,64,,False,False,Request timeout: 300.0s exceeded,403,21.16838264042747
172,2026-09-14T02:13:43.169+00:00,2026-09-14T02:18:36.857+00:00,2026-09-14T02:18:43.214+00:00,False,92,91.0,,91.0,293687.799421,300045.007485,300045.007491,3261.358777076087,0.029679999999999998,293687.799421,30611.79322014108,90.82667955000001,69.85942927472527,20.611990296514843,0.30328783259141323,24,64,,False,False,Request timeout: 300.0s exceeded,434,21.16838264042747
173,2026-09-14T02:13:45.844+00:00,2026-09-14T02:18:39.499+00:00,2026-09-14T02:18:45.933+00:00,False,99,98.0,,98.0,293654.942829,300089.211757,300089.211896,3031.204160565657,0.022389,293654.942829,29506.840748883013,90.53648199999999,65.65580538775511,20.701285529326285,0.3265695538543932,24,64,,False,False,Request timeout: 300.0s exceeded,508,21.16838264042747
174,2026-09-14T02:13:48.499+00:00,2026-09-14T02:18:42.402+00:00,2026-09-14T02:18:48.526+00:00,False,98,97.0,,97.0,293903.642662,300027.184934,300027.184926,3061.5018870000004,0.03561,293903.642662,29682.381747157444,89.49373640000002,63.12930177319588,21.239630780338683,0.32330403667033725,24,64,,False,False,Request timeout: 300.0s exceeded,400,21.16838264042747
175,2026-09-14T02:13:52.369+00:00,2026-09-14T02:18:46.068+00:00,2026-09-14T02:18:52.390+00:00,False,96,95.0,,95.0,293698.888505,300020.72888899996,300020.72882899997,3125.215925302083,0.02215,293698.888505,29968.732566394003,88.302318,66.54568825263158,20.696593662675923,0.31664478768447896,24,64,,False,False,Request timeout: 300.0s exceeded,392,21.16838264042747
176,2026-09-14T02:13:55.056+00:00,2026-09-14T02:18:48.395+00:00,2026-09-14T02:18:55.087+00:00,False,97,96.0,,96.0,293338.716585,300030.16029699997,300030.160227,3093.094435329897,0.02057,293338.716585,29776.963331580526,88.03826659999999,69.70253866666667,19.70965659040701,0.3199678322504963,24,64,,False,False,Request timeout: 300.0s exceeded,314,21.16838264042747
177,2026-09-14T02:13:57.588+00:00,2026-09-14T02:18:51.320+00:00,2026-09-14T02:18:59.342+00:00,False,95,94.0,,94.0,293731.942257,301754.10084900004,301754.100817,3176.358955968421,0.03718,293731.942257,30128.108417171403,88.60706169999999,85.34211268085106,191.62545691923705,0.3115119222424032,24,64,,False,False,Request timeout: 300.0s exceeded,455,21.16838264042747
178,2026-09-14T02:14:00.129+00:00,2026-09-14T02:18:53.754+00:00,2026-09-14T02:19:00.145+00:00,False,105,104.0,,104.0,293625.27813,300016.17605,300016.176058,2857.2969148380953,0.015619999999999998,293625.27813,28649.479597517384,87.5303504,61.450941538461535,183.743610909486,0.3466479753500611,24,64,,False,False,Request timeout: 300.0s exceeded,438,21.16838264042747
179,2026-09-14T02:14:03.072+00:00,2026-09-14T02:18:56.793+00:00,2026-09-14T02:19:03.153+00:00,False,103,102.0,,102.0,293720.74025599996,300080.80758399994,300080.80759,2913.4058989320383,0.015210000000000001,293720.74025599996,28935.614726539294,90.85001759999999,62.35360125490196,186.33846801850547,0.33990844273320514,24,64,,False,False,Request timeout: 300.0s exceeded,455,21.16838264042747
180,2026-09-14T02:14:06.878+00:00,2026-09-14T02:19:00.491+00:00,2026-09-14T02:19:06.886+00:00,False,97,96.0,,96.0,293613.160165,300007.62826100003,300007.628396,3092.8621484123714,0.0223,293613.160165,29805.1437447799,89.31140679999999,66.60904266666667,20.894915604879532,0.31999186339516045,24,64,,False,False,Request timeout: 300.0s exceeded,428,21.16838264042747
181,2026-09-14T02:14:09.772+00:00,2026-09-14T02:19:03.399+00:00,2026-09-14T02:19:09.843+00:00,False,97,96.0,,96.0,293627.456067,300070.947651,300070.947633,3093.514924051546,0.07897,293627.456067,29806.542395574623,87.9121238,67.119704,19.35617201635668,0.31992434039850337,24,64,,False,False,Request timeout: 300.0s exceeded,214,21.16838264042747
182,2026-09-14T02:14:13.211+00:00,2026-09-14T02:19:07.007+00:00,2026-09-14T02:19:13.466+00:00,False,92,91.0,,91.0,293795.681047,300254.887191,300254.88727,3263.640079021739,0.02093,293795.681047,30622.92246486593,89.03205154999999,70.9802872967033,18.502892028649317,0.3030758328410239,24,64,,False,False,Request timeout: 300.0s exceeded,164,21.16838264042747
183,2026-09-14T02:14:16.304+00:00,2026-09-14T02:19:10.054+00:00,2026-09-14T02:19:16.395+00:00,False,90,89.0,,89.0,293750.48704900005,300091.18823300005,300091.18819400005,3334.3465354888895,0.022260000000000002,293750.48704900005,30956.516215708263,89.1088139,71.24383352808988,19.18785310415918,0.29657651903759885,24,64,,False,False,Request timeout: 300.0s exceeded,407,21.16838264042747
184,2026-09-14T02:14:19.257+00:00,2026-09-14T02:19:13.139+00:00,2026-09-14T02:19:19.276+00:00,False,88,87.0,,87.0,293881.24234399997,300018.188776,300018.18899999995,3409.297602272727,0.03799,293881.24234399997,31320.332468179386,89.60333055000001,70.53961416091954,20.013851232212904,0.2899824185824816,24,64,,False,False,Request timeout: 300.0s exceeded,168,21.16838264042747
185,2026-09-14T02:14:22.027+00:00,2026-09-14T02:19:15.959+00:00,2026-09-14T02:19:22.078+00:00,False,89,88.0,,88.0,293931.331919,300050.612815,300050.61288200004,3371.3552009213486,0.039979999999999995,293931.331919,31149.294651010587,89.1644434,69.5372829090909,20.57533462398482,0.2932838535952516,24,64,,False,False,Request timeout: 300.0s exceeded,401,21.16838264042747
186,2026-09-14T02:14:24.875+00:00,2026-09-14T02:19:18.382+00:00,2026-09-14T02:19:24.918+00:00,False,98,97.0,,97.0,293507.538986,300042.877994,300042.87805,3061.6620209183675,0.022760000000000002,293507.538986,29641.940156211287,89.32005185,67.3746289484536,20.891676256327973,0.3232871269883624,24,64,,False,False,Request timeout: 300.0s exceeded,365,21.16838264042747
187,2026-09-14T02:14:27.543+00:00,2026-09-14T02:19:21.135+00:00,2026-09-14T02:19:27.567+00:00,False,103,102.0,,102.0,293591.987987,300024.673555,300024.673509,2912.8609078543686,0.0,293591.987987,28922.338518190365,91.1846333,63.06554478431372,65.92215117885979,0.3399720389373294,24,64,,False,False,Request timeout: 300.0s exceeded,443,21.16838264042747
188,2026-09-14T02:14:31.938+00:00,2026-09-14T02:19:24.657+00:00,2026-09-14T02:19:32.023+00:00,False,118,117.0,,117.0,292718.682822,300084.48173400003,300084.48173,2543.088828220339,0.0,292718.682822,26941.21371203048,89.59932500000001,62.95554625641026,61.802421132490025,0.389890204664801,24,64,,False,False,Request timeout: 300.0s exceeded,607,21.16838264042747
189,2026-09-14T02:14:33.763+00:00,2026-09-14T02:19:27.762+00:00,2026-09-14T02:19:33.805+00:00,False,99,98.0,,98.0,293998.98795499996,300042.20049899997,300042.200378,3030.7292967474746,0.02,293998.98795499996,29541.819348597593,89.08818579999999,61.66543412244898,20.30000018643386,0.32662072147523336,24,64,,False,False,Request timeout: 300.0s exceeded,470,21.16838264042747
190,2026-09-14T02:14:36.264+00:00,2026-09-14T02:19:29.746+00:00,2026-09-14T02:19:36.340+00:00,False,108,107.0,,107.0,293482.28985299997,300075.859389,300075.85938299994,2778.480179472222,0.026659,293482.28985299997,28234.42401648213,87.64064900000001,61.622145196261684,20.12025896423634,0.35657650108165395,24,64,,False,False,Request timeout: 300.0s exceeded,482,21.16838264042747
191,2026-09-14T02:14:40.175+00:00,2026-09-14T02:19:33.764+00:00,2026-09-14T02:19:40.182+00:00,False,97,96.0,,96.0,293588.229061,300006.136005,300006.135967,3092.846762546392,0.01955,293588.229061,29802.586748252066,87.50763579999999,66.85319733333334,19.651375680162914,0.31999345506186594,24,64,,False,False,Request timeout: 300.0s exceeded,208,21.16838264042747
192,2026-09-14T02:14:43.572+00:00,2026-09-14T02:19:37.616+00:00,2026-09-14T02:19:43.622+00:00,False,91,90.0,,90.0,294044.295926,300050.085878,300050.08583,3297.25369043956,0.03667,294044.295926,30817.228653415223,87.5017405,66.73099946666667,19.797501245275477,0.29994992248258806,24,64,,False,False,Request timeout: 300.0s exceeded,359,21.16838264042747
193,2026-09-14T02:14:47.011+00:00,2026-09-14T02:19:40.447+00:00,2026-09-14T02:19:47.046+00:00,False,100,99.0,,99.0,293436.669663,300035.507679,300035.507545,3000.3550754499997,0.03583,293436.669663,29337.00829669773,89.5906019,66.65492945454545,20.110446193907283,0.3299609461754689,24,64,,False,False,Request timeout: 300.0s exceeded,429,21.16838264042747
194,2026-09-14T02:14:49.814+00:00,2026-09-14T02:19:43.706+00:00,2026-09-14T02:19:49.832+00:00,False,94,93.0,,93.0,293892.575347,300018.305139,300018.305009,3191.6840958404255,0.03797,293892.575347,30305.917486617018,89.30300935,65.8680622795699,20.147855581271497,0.30998108584378753,24,64,,False,False,Request timeout: 300.0s exceeded,462,21.16838264042747
195,2026-09-14T02:14:53.090+00:00,2026-09-14T02:19:46.520+00:00,2026-09-14T02:19:53.107+00:00,False,102,101.0,,101.0,293429.774567,300016.676583,300016.676736,2941.3399679999998,0.02186,293429.774567,29047.42690518204,88.5566065,65.21685164356435,20.70119937380067,0.336647952874907,24,64,,False,False,Request timeout: 300.0s exceeded,332,21.16838264042747
196,2026-09-14T02:14:56.605+00:00,2026-09-14T02:19:49.919+00:00,2026-09-14T02:19:56.659+00:00,False,98,97.0,,97.0,293313.395408,300053.578192,300053.578156,3061.771205673469,0.03653,293313.395408,29622.11475913035,88.9663025,69.48642045360825,19.989777652745712,0.32327559825975843,24,64,,False,False,Request timeout: 300.0s exceeded,396,21.16838264042747
197,2026-09-14T02:14:59.615+00:00,2026-09-14T02:19:53.324+00:00,2026-09-14T02:19:59.626+00:00,False,92,91.0,,91.0,293708.468694,300010.64059799997,300010.64070399996,3260.985225043478,0.039450000000000006,293708.468694,30614.010208559866,88.69945905,69.25463630769231,19.074415822282628,0.30332257488805436,24,64,,False,False,Request timeout: 300.0s exceeded,344,21.16838264042747
198,2026-09-14T02:15:02.062+00:00,2026-09-14T02:19:55.524+00:00,2026-09-14T02:20:02.112+00:00,False,103,102.0,,102.0,293461.875797,300049.644373,300049.644373,2913.1033434271844,0.02258,293461.875797,28909.301017576392,89.6901253,64.58596643137254,20.270862086019235,0.3399437456863004,24,64,,False,False,Request timeout: 300.0s exceeded,430,21.16838264042747
199,2026-09-14T02:15:05.746+00:00,2026-09-14T02:19:59.124+00:00,2026-09-14T02:20:05.760+00:00,False,100,99.0,,99.0,293378.611771,300013.65202700003,300013.651995,3000.13651995,0.02007,293378.611771,29331.166268836947,89.69825495,67.02060864646465,20.588047223635574,0.3299849834536543,24,64,,False,False,Request timeout: 300.0s exceeded,383,21.16838264042747
200,2026-09-14T02:15:09.165+00:00,2026-09-14T02:20:02.966+00:00,2026-09-14T02:20:09.252+00:00,False,94,93.0,,93.0,293800.855722,300086.84100200003,300086.840944,3192.413201531915,0.022449999999999998,293800.855722,30296.279659609543,88.8685745,67.59123956989247,20.239026121558606,0.30991029026621053,24,64,,False,False,Request timeout: 300.0s exceeded,466,21.16838264042747
201,2026-09-14T02:15:12.087+00:00,2026-09-14T02:20:05.921+00:00,2026-09-14T02:20:12.141+00:00,False,97,96.0,,96.0,293834.66990700003,300054.602835,300054.60276800004,3093.3464202886603,0.02148,293834.66990700003,29827.81881916715,88.7477506,64.790968,20.27325585200031,0.31994176757485165,24,64,,False,False,Request timeout: 300.0s exceeded,449,21.16838264042747
202,2026-09-14T02:15:14.545+00:00,2026-09-14T02:20:08.296+00:00,2026-09-14T02:20:14.559+00:00,False,95,94.0,,94.0,293750.970344,300013.90615199995,300013.90611399995,3158.0411169894733,0.01989,293750.970344,30131.384928100793,89.9259217,66.62697668085106,20.742945812458935,0.31331880980335475,24,64,,False,False,Request timeout: 300.0s exceeded,443,21.16838264042747
203,2026-09-14T02:15:17.678+00:00,2026-09-14T02:20:11.295+00:00,2026-09-14T02:20:17.693+00:00,False,93,92.0,,92.0,293616.548809,300015.064777,300015.064992,3225.9684407741934,0.04421,293616.548809,30439.41281988312,90.5104306,69.54908660869566,20.660844105859535,0.3066512678901082,24,64,,False,False,Request timeout: 300.0s exceeded,437,21.16838264042747
204,2026-09-14T02:15:20.206+00:00,2026-09-14T02:20:13.354+00:00,2026-09-14T02:20:20.211+00:00,False,100,99.0,,99.0,293148.716539,300005.643515,300005.643614,3000.0564361399997,0.03548,293148.716539,29307.952166663832,89.77333245,69.26188864646464,19.92075720072054,0.3299937922502784,24,64,,False,False,Request timeout: 300.0s exceeded,482,21.16838264042747
205,2026-09-14T02:15:23.110+00:00,2026-09-14T02:20:16.902+00:00,2026-09-14T02:20:23.160+00:00,False,95,94.0,,94.0,293792.24236699997,300049.72716699995,300049.727178,3158.4181808210524,0.0,293792.24236699997,30135.693437706886,90.43226539999999,66.56898723404255,67.68580810932559,0.31328140467757204,24,64,,False,False,Request timeout: 300.0s exceeded,408,21.16838264042747
206,2026-09-14T02:15:25.727+00:00,2026-09-14T02:20:19.496+00:00,2026-09-14T02:20:25.796+00:00,False,97,96.0,,96.0,293768.773598,300069.079006,300069.078818,3093.495657917526,0.0,293768.773598,29821.11042940304,88.87874579999999,65.62818133333333,66.86900290565521,0.3199263326898152,24,64,,False,False,Request timeout: 300.0s exceeded,331,21.16838264042747
207,2026-09-14T02:15:29.687+00:00,2026-09-14T02:20:23.694+00:00,2026-09-14T02:20:29.749+00:00,False,92,91.0,,91.0,294007.259751,300062.39344699995,300062.39333999995,3261.547753695652,0.025070000000000002,294007.259751,30645.444605457862,87.74451549999999,66.53993072527473,19.48260200592114,0.30327025974374006,24,64,,False,False,Request timeout: 300.0s exceeded,461,21.16838264042747
208,2026-09-14T02:15:33.520+00:00,2026-09-14T02:20:27.062+00:00,2026-09-14T02:20:33.543+00:00,False,98,97.0,,97.0,293542.152009,300023.265097,300023.264979,3061.4618875408164,0.02157,293542.152009,29645.49241423242,88.39949564999999,66.81559884536082,19.930186406509865,0.3233082606731818,24,64,,False,False,Request timeout: 300.0s exceeded,450,21.16838264042747
209,2026-09-14T02:15:37.452+00:00,2026-09-14T02:20:31.069+00:00,2026-09-14T02:20:37.506+00:00,False,90,89.0,,89.0,293617.016838,300053.840646,300053.84064099996,3333.9315626777775,0.019469999999999998,293617.016838,30942.333453779633,90.06328654999999,72.32386301123596,19.311520821158293,0.2966134338037058,24,64,,False,False,Request timeout: 300.0s exceeded,419,21.16838264042747
210,2026-09-14T02:15:40.228+00:00,2026-09-14T02:20:33.927+00:00,2026-09-14T02:20:40.279+00:00,False,87,86.0,,86.0,293699.02910600003,300050.707058,300050.707018,3448.8587013563224,0.03618,293699.02910600003,31479.928554417722,91.714092,73.85672037209302,19.16917526324375,0.28661822144407123,24,64,,False,False,Request timeout: 300.0s exceeded,422,21.16838264042747
211,2026-09-14T02:15:43.684+00:00,2026-09-14T02:20:37.425+00:00,2026-09-14T02:20:43.701+00:00,False,90,89.0,,89.0,293740.956593,300017.26123299997,300017.261235,3333.525124833333,0.03639,293740.956593,30955.588501165035,89.1787645,70.52027685393259,20.1648440632217,0.29664959820722003,24,64,,False,False,Request timeout: 300.0s exceeded,365,21.16838264042747
212,2026-09-14T02:15:47.646+00:00,2026-09-14T02:20:41.174+00:00,2026-09-14T02:20:47.723+00:00,False,96,95.0,,95.0,293528.306459,300076.966683,300076.96666599996,3125.8017361041666,0.033,293528.306459,29951.078309440923,88.41074549999999,68.93326551578947,19.76471184098633,0.3165854448947346,24,64,,False,False,Request timeout: 300.0s exceeded,369,21.16838264042747
213,2026-09-14T02:15:50.529+00:00,2026-09-14T02:20:44.253+00:00,2026-09-14T02:20:50.573+00:00,False,94,93.0,,93.0,293723.772418,300043.48877,300043.488779,3191.9520082872336,0.0221,293723.772418,30288.292832649015,89.94394725000001,67.9539392688172,21.863213238831957,0.3099550681177743,24,64,,False,False,Request timeout: 300.0s exceeded,465,21.16838264042747
214,2026-09-14T02:15:53.173+00:00,2026-09-14T02:20:47.035+00:00,2026-09-14T02:20:53.257+00:00,False,93,92.0,,92.0,293862.537796,300084.36435600003,300084.364352,3226.713595182796,0.037219999999999996,293862.537796,30465.120425682915,90.4248012,67.62854956521738,21.524292590252088,0.30658045179207455,24,64,,False,False,Request timeout: 300.0s exceeded,413,21.16838264042747
215,2026-09-14T02:15:55.402+00:00,2026-09-14T02:20:49.506+00:00,2026-09-14T02:20:55.457+00:00,False,91,90.0,,90.0,294103.918285,300055.25396500004,300055.25387200003,3297.3104821098905,0.03782,294103.918285,30823.542992052273,90.4420795,66.125952,21.00775149537795,0.2999447562097948,24,64,,False,False,Request timeout: 300.0s exceeded,446,21.16838264042747
216,2026-09-14T02:15:59.051+00:00,2026-09-14T02:20:53.255+00:00,2026-09-14T02:20:59.061+00:00,False,85,84.0,,84.0,294204.451978,300010.080906,300010.080953,3529.5303641529413,0.0233,294204.451978,31903.462695622075,87.10286400000001,69.11463009523808,19.683728474914346,0.279990591470555,24,64,,False,False,Request timeout: 300.0s exceeded,391,21.16838264042747
217,2026-09-14T02:16:01.865+00:00,2026-09-14T02:20:55.458+00:00,2026-09-14T02:21:01.933+00:00,False,96,95.0,,95.0,293593.35578,300067.95750799996,300067.957632,3125.707892,0.028159,293593.35578,29957.797120933657,88.98880449999999,68.1537024,20.03967555990427,0.31659494998717835,24,64,,False,False,Request timeout: 300.0s exceeded,582,21.16838264042747
218,2026-09-14T02:16:05.789+00:00,2026-09-14T02:20:59.524+00:00,2026-09-14T02:21:05.827+00:00,False,95,94.0,,94.0,293735.215748,300038.578052,300038.57802200003,3158.3008212842105,0.02215,293735.215748,30129.724161109218,87.952156,67.05704578723405,20.36398050417359,0.31329304588194906,24,64,,False,False,Request timeout: 300.0s exceeded,431,21.16838264042747
219,2026-09-14T02:16:09.278+00:00,2026-09-14T02:21:02.978+00:00,2026-09-14T02:21:09.361+00:00,False,95,94.0,,94.0,293699.821157,300083.28560500004,300083.285701,3158.7714284315794,0.04177,293699.821157,30126.00518377259,88.99724099999999,67.90919625531915,20.152301032313122,0.31324637028845487,24,64,,False,False,Request timeout: 300.0s exceeded,459,21.16838264042747
220,2026-09-14T02:16:12.224+00:00,2026-09-14T02:21:05.995+00:00,2026-09-14T02:21:12.264+00:00,False,92,91.0,,91.0,293771.163828,300040.645556,300040.645434,3261.3113634130436,0.03698,293771.163828,30620.585292166943,89.934015,68.8954036043956,20.950180944597,0.3032922417273483,24,64,,False,False,Request timeout: 300.0s exceeded,423,21.16838264042747
221,2026-09-14T02:16:16.035+00:00,2026-09-14T02:21:09.668+00:00,2026-09-14T02:21:16.112+00:00,False,94,93.0,,93.0,293632.850545,300076.327025,300076.327032,3192.3013514042555,0.03691,293632.850545,30278.776823282635,89.25408265000002,69.28469333333332,20.594657124888943,0.30992114880242444,24,64,,False,False,Request timeout: 300.0s exceeded,380,21.16838264042747
222,2026-09-14T02:16:18.965+00:00,2026-09-14T02:21:12.855+00:00,2026-09-14T02:21:19.024+00:00,False,97,96.0,,96.0,293889.537126,300059.26871,300059.26882199995,3093.394523938144,0.0,293889.537126,29833.51284975564,89.7193886,64.26803733333334,68.06268159025376,0.31993679253008406,24,64,,False,False,Request timeout: 300.0s exceeded,455,21.16838264042747
223,2026-09-14T02:16:22.127+00:00,2026-09-14T02:21:16.363+00:00,2026-09-14T02:21:22.151+00:00,False,92,91.0,,91.0,294236.678715,300024.518459,300024.518549,3261.1360711847824,0.0,294236.678715,30669.742221844263,93.06363955,63.60263454945055,69.9651001547769,0.30330854447295996,24,64,,False,False,Request timeout: 300.0s exceeded,202,21.16838264042747
224,2026-09-14T02:16:25.337+00:00,2026-09-14T02:21:19.023+00:00,2026-09-14T02:21:25.385+00:00,False,97,96.0,,96.0,293686.81238,300048.658652,300048.65867100004,3093.2851409381447,0.06851,293686.81238,29812.6556720897,87.802019,66.269232,19.67263092138951,0.3199481058548638,24,64,,False,False,Request timeout: 300.0s exceeded,470,21.16838264042747
225,2026-09-14T02:16:27.662+00:00,2026-09-14T02:21:21.329+00:00,2026-09-14T02:21:27.722+00:00,False,95,94.0,,94.0,293666.709301,300059.073589,300059.073717,3158.5165654421053,0.02478,293666.709301,30122.59765820972,87.1506467,68.00387540425531,19.212314061668707,0.3132716463983844,24,64,,False,False,Request timeout: 300.0s exceeded,394,21.16838264042747
226,2026-09-14T02:16:30.669+00:00,2026-09-14T02:21:24.288+00:00,2026-09-14T02:21:30.747+00:00,False,95,94.0,,94.0,293618.86384500004,300077.797605,300077.79753000004,3158.713658210527,0.0342,293618.86384500004,30117.616707112764,88.9522484,68.71206127659575,20.059138799964707,0.31325209912309,24,64,,False,False,Request timeout: 300.0s exceeded,460,21.16838264042747
227,2026-09-14T02:16:33.443+00:00,2026-09-14T02:21:27.256+00:00,2026-09-14T02:21:33.463+00:00,False,98,97.0,,97.0,293812.777166,300019.387342,300019.38726499997,3061.422319030612,0.03632,293812.777166,29673.11606740882,90.9242365,63.98567191752578,20.704194295486587,0.3233124394372126,24,64,,False,False,Request timeout: 300.0s exceeded,495,21.16838264042747
228,2026-09-14T02:16:37.542+00:00,2026-09-14T02:21:31.154+00:00,2026-09-14T02:21:37.612+00:00,False,98,97.0,,97.0,293612.040826,300070.048122,300070.048264,3061.9392679999996,0.03791,293612.040826,29652.576794134668,91.7143427,66.57739480412371,20.643362930445612,0.3232578546478672,24,64,,False,False,Request timeout: 300.0s exceeded,365,21.16838264042747
229,2026-09-14T02:16:40.069+00:00,2026-09-14T02:21:34.169+00:00,2026-09-14T02:21:40.124+00:00,False,88,87.0,,87.0,294100.105634,300055.68195399997,300055.68211199995,3409.723660363636,0.037219,294100.105634,31343.885563685588,88.21622435,68.45490022988506,19.95646086764233,0.28994618409971495,24,64,,False,False,Request timeout: 300.0s exceeded,422,21.16838264042747
230,2026-09-14T02:16:43.984+00:00,2026-09-14T02:21:37.530+00:00,2026-09-14T02:21:44.051+00:00,False,102,101.0,,101.0,293546.924277,300067.82718900003,300067.827233,2941.8414434607844,0.04043,293546.924277,29059.090847891646,89.91641755,64.56339516831683,20.262615247478067,0.3365905666933909,24,64,,False,False,Request timeout: 300.0s exceeded,480,21.16838264042747
231,2026-09-14T02:16:47.368+00:00,2026-09-14T02:21:40.877+00:00,2026-09-14T02:21:47.423+00:00,False,113,112.0,,112.0,293508.94189099997,300055.34470699995,300055.344802,2655.3570336460175,0.01492,293508.94189099997,27606.20973123565,88.7693864,58.45002514285714,198.821389787481,0.37326447262376383,24,64,,False,False,Request timeout: 300.0s exceeded,169,21.16838264042747
232,2026-09-14T02:16:50.742+00:00,2026-09-14T02:21:46.351+00:00,2026-09-14T02:21:50.752+00:00,False,81,80.0,,80.0,295609.07173900004,300010.05145100004,300010.051502,3703.827796320988,0.01543,295609.07173900004,32839.35573760595,88.460003,55.012246399999995,32.410860352760885,0.2666577323428986,24,64,,False,False,Request timeout: 300.0s exceeded,388,21.16838264042747
233,2026-09-14T02:16:54.620+00:00,2026-09-14T02:21:48.424+00:00,2026-09-14T02:21:54.705+00:00,False,93,92.0,,92.0,293803.71315799997,300085.29856599995,300085.298448,3226.723639225806,0.02243,293803.71315799997,30458.95177053901,86.63939320000001,68.27810226086956,19.30620559149505,0.3065794973617002,24,64,,False,False,Request timeout: 300.0s exceeded,491,21.16838264042747
234,2026-09-14T02:16:57.300+00:00,2026-09-14T02:21:50.914+00:00,2026-09-14T02:21:57.349+00:00,False,96,95.0,,95.0,293613.712191,300048.899903,300048.899877,3125.50937371875,0.03675,293613.712191,29959.91709380163,88.09455375000002,67.73881802105262,20.05734990781846,0.316615058514501,24,64,,False,False,Request timeout: 300.0s exceeded,408,21.16838264042747
235,2026-09-14T02:17:01.345+00:00,2026-09-14T02:21:54.951+00:00,2026-09-14T02:22:01.419+00:00,False,97,96.0,,96.0,293605.153664,300073.270912,300073.27084,3093.538874639175,0.03501,293605.153664,29804.25206448516,88.03240579999999,67.37622133333333,19.633785430597154,0.31992186344432233,24,64,,False,False,Request timeout: 300.0s exceeded,506,21.16838264042747
236,2026-09-14T02:17:04.056+00:00,2026-09-14T02:21:57.935+00:00,2026-09-14T02:22:04.078+00:00,False,91,90.0,,90.0,293879.101567,300021.918335,300021.91845999996,3296.9441589010985,0.039299999999999995,293879.101567,30799.752820427308,89.38321100000002,68.25351964444445,21.079520077015573,0.299978083266261,24,64,,False,False,Request timeout: 300.0s exceeded,282,21.16838264042747
237,2026-09-14T02:17:06.975+00:00,2026-09-14T02:22:00.899+00:00,2026-09-14T02:22:07.064+00:00,False,92,91.0,,91.0,293924.31779299997,300088.87587299995,300088.87587099994,3261.835607293478,0.03548,293924.31779299997,30636.67295564713,90.76012,67.74239648351649,21.02898401779663,0.3032434965650374,24,64,,False,False,Request timeout: 300.0s exceeded,366,21.16838264042747
238,2026-09-14T02:17:10.028+00:00,2026-09-14T02:22:03.572+00:00,2026-09-14T02:22:10.068+00:00,False,99,98.0,,98.0,293544.1784,300040.163808,300040.163777,3030.7087250202017,0.02422,293544.1784,29495.645057444326,89.16855149999999,66.2855653877551,20.473864420982125,0.32662293859668606,24,64,,False,False,Request timeout: 300.0s exceeded,398,21.16838264042747
239,2026-09-14T02:17:13.092+00:00,2026-09-14T02:22:06.938+00:00,2026-09-14T02:22:13.141+00:00,False,101,100.0,,100.0,293845.09134600003,300048.92545800004,300048.925431,2970.7814399108915,0.0,293845.09134600003,29232.581310128222,88.92625199999999,62.03834112,66.5301968022313,0.33327898057744487,24,64,,False,False,Request timeout: 300.0s exceeded,447,21.16838264042747
240,2026-09-14T02:17:15.996+00:00,2026-09-14T02:22:09.683+00:00,2026-09-14T02:22:16.067+00:00,False,104,103.0,,103.0,293686.95292199997,300071.01103399997,300071.011226,2885.2981848653844,0.0,293686.95292199997,28792.371728145055,86.70616485,61.9811467184466,65.77728512725699,0.34325208438188465,24,64,,False,False,Request timeout: 300.0s exceeded,501,21.16838264042747
241,2026-09-14T02:17:19.330+00:00,2026-09-14T02:22:13.494+00:00,2026-09-14T02:22:19.352+00:00,False,87,86.0,,86.0,294163.22433,300021.634826,300021.635035,3448.5245406321837,0.04996,294163.22433,31530.310728593275,88.62686259999998,68.12105227906977,19.668120926637524,0.2866459948792573,24,64,,False,False,Request timeout: 300.0s exceeded,394,21.16838264042747
242,2026-09-14T02:17:23.286+00:00,2026-09-14T02:22:16.915+00:00,2026-09-14T02:22:23.327+00:00,False,93,92.0,,92.0,293629.15580400004,300041.56105200003,300041.56103700004,3226.2533444838714,0.02647,293629.15580400004,30440.703755349838,89.590345,69.70005704347827,19.59979148728692,0.3066241879206046,24,64,,False,False,Request timeout: 300.0s exceeded,203,21.16838264042747
243,2026-09-14T02:17:26.577+00:00,2026-09-14T02:22:20.155+00:00,2026-09-14T02:22:26.612+00:00,False,99,98.0,,98.0,293578.024555,300034.940779,300034.940794,3030.655967616162,0.05634,293578.024555,29499.086785657702,89.6714909,65.88690024489796,20.46682609349179,0.3266286244713909,24,64,,False,False,Request timeout: 300.0s exceeded,503,21.16838264042747
244,2026-09-14T02:17:29.948+00:00,2026-09-14T02:22:23.684+00:00,2026-09-14T02:22:29.989+00:00,False,94,93.0,,93.0,293735.465042,300040.42145799997,300040.421474,3191.919377382979,0.037340000000000005,293735.465042,30289.51419802389,89.16700929999999,67.79523027956989,20.405861398094448,0.30995823678716655,24,64,,False,False,Request timeout: 300.0s exceeded,422,21.16838264042747
245,2026-09-14T02:17:33.279+00:00,2026-09-14T02:22:26.869+00:00,2026-09-14T02:22:33.294+00:00,False,92,91.0,,91.0,293589.912486,300014.23018199997,300014.230145,3261.0242407065216,0.03897,293589.912486,30601.510323810533,88.64620865,70.59689775824175,19.700418742839584,0.3033189457206612,24,64,,False,False,Request timeout: 300.0s exceeded,426,21.16838264042747
246,2026-09-14T02:17:36.743+00:00,2026-09-14T02:22:30.385+00:00,2026-09-14T02:22:36.790+00:00,False,91,90.0,,90.0,293641.87053200003,300046.64134800003,300046.64137200004,3297.2158392527476,0.0389,293641.87053200003,30774.5787637988,90.89703300000001,71.16412017777778,20.51227176202398,0.29995336590225724,24,64,,False,False,Request timeout: 300.0s exceeded,406,21.16838264042747
247,2026-09-14T02:17:39.047+00:00,2026-09-14T02:22:32.663+00:00,2026-09-14T02:22:39.083+00:00,False,95,94.0,,94.0,293615.64168199996,300035.830354,300035.83014,3158.271896210526,0.01932,293615.64168199996,30117.329524543165,92.36163710000001,68.2998794893617,21.685578773682774,0.3132959149881974,24,64,,False,False,Request timeout: 300.0s exceeded,453,21.16838264042747
248,2026-09-14T02:17:42.825+00:00,2026-09-14T02:22:36.233+00:00,2026-09-14T02:22:42.850+00:00,False,96,95.0,,95.0,293407.881659,300024.867259,300024.867211,3125.259033447917,0.020739999999999998,293407.881659,29938.715291445475,91.1502195,69.65248,21.507322247373814,0.31664042006888093,24,64,,False,False,Request timeout: 300.0s exceeded,407,21.16838264042747
249,2026-09-14T02:17:46.184+00:00,2026-09-14T02:22:39.724+00:00,2026-09-14T02:22:46.207+00:00,False,94,93.0,,93.0,293539.846685,300023.122973,300023.12299,3191.735350957447,0.04337,293539.846685,30269.140235205494,90.37825285000001,69.71264825806452,20.83928141899857,0.309976108102739,24,64,,False,False,Request timeout: 300.0s exceeded,215,21.16838264042747
250,2026-09-14T02:17:49.837+00:00,2026-09-14T02:22:44.006+00:00,2026-09-14T02:22:49.868+00:00,False,87,86.0,,86.0,294169.176072,300030.817032,300030.81693000003,3448.6300796551723,0.03456,294169.176072,31530.944720285035,88.3683129,68.15861581395349,19.545994040031726,0.2866372223051594,24,64,,False,False,Request timeout: 300.0s exceeded,430,21.16838264042747
251,2026-09-14T02:17:52.915+00:00,2026-09-14T02:22:47.152+00:00,2026-09-14T02:22:52.949+00:00,False,85,84.0,,84.0,294236.959425,300033.501377,300033.501301,3529.8058976588236,0.02124,294236.959425,31906.999657574364,86.0651802,69.00645180952381,18.501832655917113,0.27996873553947493,24,64,,False,False,Request timeout: 300.0s exceeded,372,21.16838264042747
252,2026-09-14T02:17:55.747+00:00,2026-09-14T02:22:49.290+00:00,2026-09-14T02:22:55.805+00:00,False,98,97.0,,97.0,293543.579935,300058.659359,300058.659323,3061.8230543163263,0.0257,293543.579935,29645.60072867084,87.65221435,67.16576725773196,19.077171574048812,0.32327012393915294,24,64,,False,False,Request timeout: 300.0s exceeded,471,21.16838264042747
253,2026-09-14T02:17:58.342+00:00,2026-09-14T02:22:51.968+00:00,2026-09-14T02:22:58.389+00:00,False,96,95.0,,95.0,293625.70061799994,300047.01594599994,300047.01591399993,3125.489749104166,0.03141,293625.70061799994,29961.156276746777,90.34966899999999,67.59279292631578,21.110453852247772,0.3166170465001303,24,64,,False,False,Request timeout: 300.0s exceeded,389,21.16838264042747
254,2026-09-14T02:18:00.964+00:00,2026-09-14T02:22:54.595+00:00,2026-09-14T02:23:01.052+00:00,False,93,92.0,,92.0,293631.37294,300087.72929199995,300087.72914199997,3226.7497757204296,0.02607,293631.37294,30440.885034873965,91.17640360000001,70.1777864347826,20.982025871687444,0.30657701405204585,24,64,,False,False,Request timeout: 300.0s exceeded,487,21.16838264042747
255,2026-09-14T02:18:04.659+00:00,2026-09-14T02:22:58.306+00:00,2026-09-14T02:23:04.684+00:00,False,92,91.0,,91.0,293647.37063200003,300025.728392,300025.728239,3261.149219989131,0.05805,293647.37063200003,30607.553784409396,89.13063109999999,70.09184351648352,20.28910056606064,0.30330732130113697,24,64,,False,False,Request timeout: 300.0s exceeded,351,21.16838264042747
256,2026-09-14T02:18:08.553+00:00,2026-09-14T02:23:02.399+00:00,2026-09-14T02:23:08.606+00:00,False,97,96.0,,96.0,293846.711688,300053.103752,300053.103788,3093.330966886598,0.0,293846.711688,29829.124944050407,88.9555626,64.64991733333333,67.67245883740264,0.3199433660227889,24,64,,False,False,Request timeout: 300.0s exceeded,394,21.16838264042747
257,2026-09-14T02:18:11.333+00:00,2026-09-14T02:23:04.763+00:00,2026-09-14T02:23:11.380+00:00,False,103,102.0,,102.0,293429.827334,300046.27943,300046.27948699996,2913.0706746310675,0.0,293429.827334,28906.18157577647,88.9829342,64.8671774117647,65.34400235516077,0.33994755806927557,24,64,,False,False,Request timeout: 300.0s exceeded,470,21.16838264042747
258,2026-09-14T02:18:14.404+00:00,2026-09-14T02:23:08.359+00:00,2026-09-14T02:23:14.421+00:00,False,87,86.0,,86.0,293955.02814999997,300017.743798,300017.743752,3448.479813241379,0.052529000000000006,293955.02814999997,31507.73464527982,89.0023019,70.49669358139535,18.976735171657744,0.2866497124846831,24,64,,False,False,Request timeout: 300.0s exceeded,386,21.16838264042747
259,2026-09-14T02:18:17.498+00:00,2026-09-14T02:23:10.891+00:00,2026-09-14T02:23:17.521+00:00,False,95,94.0,,94.0,293393.172253,300022.323485,300022.323449,3158.12972051579,0.02459,293393.172253,30094.275421506347,90.3057267,70.52288544680852,20.005534102749248,0.3133100194282698,24,64,,False,False,Request timeout: 300.0s exceeded,370,21.16838264042747
260,2026-09-14T02:18:20.664+00:00,2026-09-14T02:23:14.255+00:00,2026-09-14T02:23:20.705+00:00,False,92,91.0,,91.0,293591.089451,300040.539435,300040.539567,3261.3102126847825,0.03842,293591.089451,30601.604551978373,89.7184635,70.87307674725275,20.18901285355333,0.3032923489984393,24,64,,False,False,Request timeout: 300.0s exceeded,385,21.16838264042747
261,2026-09-14T02:18:24.118+00:00,2026-09-14T02:23:17.917+00:00,2026-09-14T02:23:24.166+00:00,False,94,93.0,,93.0,293798.927967,300047.843167,300047.843017,3191.9983299680853,0.03712,293798.927967,30296.122074734885,88.4137685,67.19263655913979,20.442275695448387,0.30995056994373477,24,64,,False,False,Request timeout: 300.0s exceeded,419,21.16838264042747
262,2026-09-14T02:18:27.061+00:00,2026-09-14T02:23:20.579+00:00,2026-09-14T02:23:27.148+00:00,False,99,98.0,,98.0,293517.535686,300086.882758,300086.88291000004,3031.1806354545456,0.040799999999999996,293517.535686,29492.892234877363,89.3717699,67.03415379591837,20.628208704843708,0.32657208838758356,24,64,,False,False,Request timeout: 300.0s exceeded,399,21.16838264042747
263,2026-09-14T02:18:31.059+00:00,2026-09-14T02:23:24.537+00:00,2026-09-14T02:23:31.096+00:00,False,99,98.0,,98.0,293477.536977,300036.311249,300036.311333,3030.6698114444443,0.025920000000000002,293477.536977,29488.883033047492,89.233784,66.92626808163266,20.593103097330548,0.32662713253620107,24,64,,False,False,Request timeout: 300.0s exceeded,325,21.16838264042747
264,2026-09-14T02:18:35.163+00:00,2026-09-14T02:23:28.844+00:00,2026-09-14T02:23:35.215+00:00,False,98,97.0,,97.0,293680.779984,300051.30952,300051.30934700003,3061.7480545612248,0.02434,293680.779984,29659.61199904746,90.30877720000001,65.67556222680412,21.221595126053927,0.3232780425293709,24,64,,False,False,Request timeout: 300.0s exceeded,453,21.16838264042747
265,2026-09-14T02:18:38.389+00:00,2026-09-14T02:23:31.852+00:00,2026-09-14T02:23:38.404+00:00,False,96,95.0,,95.0,293463.345458,300015.355698,300015.355579,3125.159953947917,0.0228,293463.345458,29944.445149003197,89.4040685,68.96852884210527,20.50342373982143,0.3166504587039486,24,64,,False,False,Request timeout: 300.0s exceeded,458,21.16838264042747
266,2026-09-14T02:18:42.019+00:00,2026-09-14T02:23:35.543+00:00,2026-09-14T02:23:42.054+00:00,False,95,94.0,,94.0,293523.735037,300034.615549,300034.615514,3158.259110673684,0.01916,293523.735037,30107.79971880863,89.5426277,69.26468629787233,19.62584247266724,0.31329718348664487,24,64,,False,False,Request timeout: 300.0s exceeded,354,21.16838264042747
267,2026-09-14T02:18:44.994+00:00,2026-09-14T02:23:38.739+00:00,2026-09-14T02:23:45.013+00:00,False,95,94.0,,94.0,293745.545214,300018.770174,300018.770173,3158.092317610526,0.026010000000000002,293745.545214,30130.816246758975,88.18744699999999,66.73643574468085,19.463472485255895,0.31331373015589464,24,64,,False,False,Request timeout: 300.0s exceeded,495,21.16838264042747
268,2026-09-14T02:18:48.237+00:00,2026-09-14T02:23:42.049+00:00,2026-09-14T02:23:48.283+00:00,False,95,94.0,,94.0,293812.269799,300046.396647,300046.39675,3158.3831236842107,0.04125,293812.269799,30137.704565283486,85.9097934,66.32049838297873,19.223810833741,0.31328488210638156,24,64,,False,False,Request timeout: 300.0s exceeded,379,21.16838264042747
269,2026-09-14T02:18:50.662+00:00,2026-09-14T02:23:44.631+00:00,2026-09-14T02:23:50.711+00:00,False,90,89.0,,89.0,293968.774984,300049.19610400003,300049.19593000005,3333.879954777778,0.02093,293968.774984,30979.83427732439,88.7213905,68.3193384269663,19.557170547700043,0.29661802516261937,24,64,,False,False,Request timeout: 300.0s exceeded,355,21.16838264042747
270,2026-09-14T02:18:54.219+00:00,2026-09-14T02:23:48.123+00:00,2026-09-14T02:23:54.250+00:00,False,89,88.0,,88.0,293903.387439,300030.983727,300030.983735,3371.1346487078654,0.02182,293903.387439,31146.322163732748,90.1821472,69.631776,20.012121276549276,0.2933030412621375,24,64,,False,False,Request timeout: 300.0s exceeded,380,21.16838264042747
271,2026-09-14T02:18:57.178+00:00,2026-09-14T02:23:51.279+00:00,2026-09-14T02:23:57.196+00:00,False,87,86.0,,86.0,294100.595397,300018.144709,300018.14486700005,3448.484423758621,0.03836,294100.595397,31523.523322047255,90.246433,68.80871293023256,20.991397771615528,0.2866493294377743,24,64,,False,False,Request timeout: 300.0s exceeded,341,21.16838264042747
272,2026-09-14T02:18:59.531+00:00,2026-09-14T02:23:52.823+00:00,2026-09-14T02:23:59.561+00:00,False,103,102.0,,102.0,293292.210829,300029.964429,300029.964599,2912.912277660194,0.03209,293292.210829,28892.439123580207,90.80626820000002,66.05640784313725,21.08230142502992,0.3399660437054033,24,64,,False,False,Request timeout: 300.0s exceeded,509,21.16838264042747
273,2026-09-14T02:19:03.319+00:00,2026-09-14T02:23:57.019+00:00,2026-09-14T02:24:03.343+00:00,False,106,105.0,,105.0,293699.592546,300024.21949000005,300024.21963,2830.417166320755,0.0,293699.592546,28520.84927188976,94.69652475000001,60.23454232380953,65.0896936394966,0.34997174620930793,24,64,,False,False,Request timeout: 300.0s exceeded,514,21.16838264042747
274,2026-09-14T02:19:06.877+00:00,2026-09-14T02:24:01.378+00:00,2026-09-14T02:24:06.917+00:00,False,94,93.0,,93.0,294501.65542,300040.24025200005,300040.24027400004,3191.9174497234044,0.0,294501.65542,30369.39757626476,90.25547699999998,59.554675612903225,29.03058856405635,0.3099584239830313,24,64,,False,False,Request timeout: 300.0s exceeded,518,21.16838264042747
275,2026-09-14T02:19:10.545+00:00,2026-09-14T02:24:04.330+00:00,2026-09-14T02:24:10.624+00:00,False,96,95.0,,95.0,293784.701813,300079.14149300003,300079.14165,3125.8243921875,0.030899,293784.701813,29977.519513967418,85.967143,66.25725978947368,19.53414196633656,0.3165831504560475,24,64,,False,False,Request timeout: 300.0s exceeded,374,21.16838264042747
276,2026-09-14T02:19:13.338+00:00,2026-09-14T02:24:07.221+00:00,2026-09-14T02:24:13.409+00:00,False,94,93.0,,93.0,293882.840764,300071.267516,300071.26746500004,3192.2475262234043,0.03868,293882.840764,30304.843479295498,86.7457308,66.54222313978495,19.48696876927594,0.3099263743905143,24,64,,False,False,Request timeout: 300.0s exceeded,310,21.16838264042747
277,2026-09-14T02:19:17.272+00:00,2026-09-14T02:24:10.919+00:00,2026-09-14T02:24:17.319+00:00,False,95,94.0,,94.0,293647.18845099997,300047.421155,300047.42109499994,3158.3939062631575,0.039409999999999994,293647.18845099997,30120.58688909164,88.64044969999999,68.08758195744682,20.16382116436832,0.3132838123992441,24,64,,False,False,Request timeout: 300.0s exceeded,269,21.16838264042747
278,2026-09-14T02:19:19.980+00:00,2026-09-14T02:24:14.101+00:00,2026-09-14T02:24:20.048+00:00,False,86,85.0,,85.0,294120.982536,300068.309512,300068.309727,3489.166392174419,0.055418999999999996,294120.982536,31708.342613843844,89.75352850000002,69.96855265882354,20.12750146984733,0.28326883348073373,24,64,,False,False,Request timeout: 300.0s exceeded,329,21.16838264042747
279,2026-09-14T02:19:23.265+00:00,2026-09-14T02:24:17.004+00:00,2026-09-14T02:24:23.313+00:00,False,94,93.0,,93.0,293738.91872,300047.722304,300047.72211900004,3191.997043819149,0.03743,293738.91872,30289.86579356818,88.83010065,67.83659767741935,19.862060648563677,0.3099506947957265,24,64,,False,False,Request timeout: 300.0s exceeded,385,21.16838264042747
280,2026-09-14T02:19:26.989+00:00,2026-09-14T02:24:20.685+00:00,2026-09-14T02:24:27.032+00:00,False,93,92.0,,92.0,293695.979459,300042.926275,300042.92616699997,3226.268023301075,0.0223,293695.979459,30447.70707514985,87.374973,68.98855234782609,19.990563164532283,0.3066227927522569,24,64,,False,False,Request timeout: 300.0s exceeded,436,21.16838264042747
281,2026-09-14T02:19:30.670+00:00,2026-09-14T02:24:24.368+00:00,2026-09-14T02:24:30.739+00:00,False,96,95.0,,95.0,293698.410304,300069.304896,300069.305071,3125.7219278229168,0.0221,293698.410304,29968.63061054715,90.14778974999999,67.06204833684211,20.0292869008722,0.3165935283948011,24,64,,False,False,Request timeout: 300.0s exceeded,446,21.16838264042747
282,2026-09-14T02:19:34.327+00:00,2026-09-14T02:24:27.854+00:00,2026-09-14T02:24:34.343+00:00,False,97,96.0,,96.0,293526.82684500003,300015.624797,300015.624843,3092.9445860103096,0.038079999999999996,293526.82684500003,29796.27761996607,89.521833,67.59164533333333,20.104194026564016,0.3199833344178544,24,64,,False,False,Request timeout: 300.0s exceeded,428,21.16838264042747
283,2026-09-14T02:19:38.115+00:00,2026-09-14T02:24:31.800+00:00,2026-09-14T02:24:38.125+00:00,False,94,93.0,,93.0,293685.36601999996,300009.717508,300009.71747399995,3191.592739085106,0.0381,293685.36601999996,30284.325084465956,89.074208,68.00377944086021,19.973675926858302,0.3099899589003149,24,64,,False,False,Request timeout: 300.0s exceeded,492,21.16838264042747
284,2026-09-14T02:19:41.709+00:00,2026-09-14T02:24:35.625+00:00,2026-09-14T02:24:41.740+00:00,False,88,87.0,,87.0,293915.785515,300030.651435,300030.651582,3409.439222522727,0.04185,293915.785515,31324.042016403302,90.68187335,70.28581517241379,20.295965131433324,0.28997037330650227,24,64,,False,False,Request timeout: 300.0s exceeded,474,21.16838264042747
285,2026-09-14T02:19:45.024+00:00,2026-09-14T02:24:38.715+00:00,2026-09-14T02:24:45.100+00:00,False,91,90.0,,90.0,293691.521919,300076.201343,300076.201167,3297.5406721648355,0.038770000000000006,293691.521919,30779.806935908273,91.377852,70.94088248888889,20.34731979393223,0.2999238180075671,24,64,,False,False,Request timeout: 300.0s exceeded,479,21.16838264042747
286,2026-09-14T02:19:48.940+00:00,2026-09-14T02:24:42.474+00:00,2026-09-14T02:24:48.959+00:00,False,108,107.0,,107.0,293534.17572299996,300018.478059,300018.47783899994,2777.948868879629,0.01576,293534.17572299996,28240.327663960743,92.01013520000001,60.60095641121495,216.18740567101287,0.3566446996606588,24,64,,False,False,Request timeout: 300.0s exceeded,512,21.16838264042747
287,2026-09-14T02:19:52.234+00:00,2026-09-14T02:24:47.824+00:00,2026-09-14T02:24:52.243+00:00,False,67,66.0,,66.0,295590.051802,300009.66114599997,300009.66113799997,4477.7561363880595,0.01896,295590.051802,36103.89860618781,92.7479155,66.96377793939394,22.892545438179262,0.2199929153877516,24,64,,False,False,Request timeout: 300.0s exceeded,319,21.16838264042747
288,2026-09-14T02:19:56.232+00:00,2026-09-14T02:24:50.059+00:00,2026-09-14T02:24:56.257+00:00,False,89,88.0,,88.0,293827.345833,300025.391529,300025.391315,3371.07181252809,0.03911,293827.345833,31138.176902559473,90.45717340000002,70.43233745454545,19.996923509944878,0.2933085081616969,24,64,,False,False,Request timeout: 300.0s exceeded,420,21.16838264042747
289,2026-09-14T02:19:58.601+00:00,2026-09-14T02:24:52.247+00:00,2026-09-14T02:24:58.640+00:00,False,98,97.0,,97.0,293645.429138,300038.563474,300038.563647,3061.6179963979594,0.0,293645.429138,29656.08777905363,87.41600684999999,65.90860140206186,68.28698733019925,0.32329177582002916,24,64,,False,False,Request timeout: 300.0s exceeded,442,21.16838264042747
290,2026-09-14T02:20:01.131+00:00,2026-09-14T02:24:54.927+00:00,2026-09-14T02:25:01.185+00:00,False,98,97.0,,97.0,293795.927453,300054.371997,300054.372047,3061.779306602041,0.0,293795.927453,29671.429456772265,85.55444805,64.52004684536082,67.77004382459417,0.3232747430221407,24,64,,False,False,Request timeout: 300.0s exceeded,388,21.16838264042747
291,2026-09-14T02:20:04.509+00:00,2026-09-14T02:24:58.422+00:00,2026-09-14T02:25:04.525+00:00,False,93,92.0,,92.0,293912.954717,300016.180317,300016.18015000003,3225.9804317204303,0.02188,293912.954717,30470.480898710433,86.90535039999999,66.33940869565217,19.740568013559276,0.30665012767908684,24,64,,False,False,Request timeout: 300.0s exceeded,400,21.16838264042747
292,2026-09-14T02:20:07.468+00:00,2026-09-14T02:25:01.011+00:00,2026-09-14T02:25:07.491+00:00,False,98,97.0,,97.0,293543.002361,300022.424313,300022.42411799997,3061.4533073265306,0.02232,293543.002361,29645.58003237144,88.2626477,66.79816445360825,19.867587798923385,0.3233091667134995,24,64,,False,False,Request timeout: 300.0s exceeded,495,21.16838264042747
293,2026-09-14T02:20:11.360+00:00,2026-09-14T02:25:04.999+00:00,2026-09-14T02:25:11.379+00:00,False,93,92.0,,92.0,293638.95234200003,300018.53147800005,300018.53136,3226.0057135483876,0.0216,293638.95234200003,30441.756665773948,89.446187,69.34325147826087,19.69037407905668,0.3066477245481292,24,64,,False,False,Request timeout: 300.0s exceeded,238,21.16838264042747
294,2026-09-14T02:20:15.313+00:00,2026-09-14T02:25:09.165+00:00,2026-09-14T02:25:15.373+00:00,False,91,90.0,,90.0,293852.01368300006,300060.03774700005,300060.0376050001,3297.363050604396,0.02451,293852.01368300006,30796.836706582664,87.997294,68.97804515555556,20.20121366867803,0.2999399742656994,24,64,,False,False,Request timeout: 300.0s exceeded,373,21.16838264042747
295,2026-09-14T02:20:18.108+00:00,2026-09-14T02:25:11.972+00:00,2026-09-14T02:25:18.196+00:00,False,89,88.0,,88.0,293864.126271,300088.026687,300088.026708,3371.7755809887644,0.0256,293864.126271,31142.044747271266,89.847683,70.7261410909091,20.418236199094807,0.2932472880425396,24,64,,False,False,Request timeout: 300.0s exceeded,362,21.16838264042747
296,2026-09-14T02:20:21.908+00:00,2026-09-14T02:25:15.542+00:00,2026-09-14T02:25:21.954+00:00,False,95,94.0,,94.0,293634.19073000003,300045.71457,300045.71468900004,3158.375944094737,0.02498,293634.19073000003,30119.241562727515,89.9169694,68.20770042553191,20.956693487426325,0.3132855942792344,24,64,,False,False,Request timeout: 300.0s exceeded,437,21.16838264042747
297,2026-09-14T02:20:25.700+00:00,2026-09-14T02:25:19.503+00:00,2026-09-14T02:25:25.769+00:00,False,95,94.0,,94.0,293802.86140600004,300068.819038,300068.81907300005,3158.6191481368423,0.02398,293802.86140600004,30136.705315904765,88.323933,66.65912374468085,20.412419847106438,0.3132614721561458,24,64,,False,False,Request timeout: 300.0s exceeded,494,21.16838264042747
298,2026-09-14T02:20:29.274+00:00,2026-09-14T02:25:23.149+00:00,2026-09-14T02:25:29.362+00:00,False,92,91.0,,91.0,293874.79257700004,300088.50188900006,300088.50186600006,3261.8315420217396,0.018609999999999998,293874.79257700004,30631.453029528016,90.06419815000001,68.28251991208792,20.650156278730037,0.3032438744809358,24,64,,False,False,Request timeout: 300.0s exceeded,461,21.16838264042747
299,2026-09-14T02:20:32.348+00:00,2026-09-14T02:25:26.374+00:00,2026-09-14T02:25:32.411+00:00,False,86,85.0,,85.0,294025.69094,300063.277628,300063.277512,3489.107878046512,0.037219999999999996,294025.69094,31697.952773820867,90.22916450000001,71.03043162352941,20.474953982322962,0.28327358373182127,24,64,,False,False,Request timeout: 300.0s exceeded,442,21.16838264042747
300,2026-09-14T02:20:36.304+00:00,2026-09-14T02:25:30.010+00:00,2026-09-14T02:25:36.381+00:00,False,91,90.0,,90.0,293706.015949,300076.84321300004,300076.843115,3297.5477265384616,0.03638,293706.015949,30781.342244188534,90.6066035,70.78696959999999,20.01891538962559,0.29992317646489086,24,64,,False,False,Request timeout: 300.0s exceeded,198,21.16838264042747
301,2026-09-14T02:20:39.694+00:00,2026-09-14T02:25:33.526+00:00,2026-09-14T02:25:39.777+00:00,False,92,91.0,,91.0,293832.489574,300083.240294,300083.240303,3261.7743511195654,0.02575,293832.489574,30626.999458561157,87.8490561,68.68956835164835,19.506920976245063,0.30324919149381596,24,64,,False,False,Request timeout: 300.0s exceeded,313,21.16838264042747
302,2026-09-14T02:20:43.086+00:00,2026-09-14T02:25:36.762+00:00,2026-09-14T02:25:43.099+00:00,False,93,92.0,,92.0,293676.074116,300012.44633999997,300012.446145,3225.940281129032,0.04114,293676.074116,30445.654646453193,87.60585160000001,68.87361113043478,19.585880114132458,0.30665394426915765,24,64,,False,False,Request timeout: 300.0s exceeded,446,21.16838264042747
303,2026-09-14T02:20:46.520+00:00,2026-09-14T02:25:40.331+00:00,2026-09-14T02:25:46.559+00:00,False,92,91.0,,91.0,293811.372363,300038.932811,300038.932843,3261.2927482934783,0.02532,293811.372363,30624.824835766634,88.69797249999999,68.4347301978022,20.177196502738607,0.30329397304356687,24,64,,False,False,Request timeout: 300.0s exceeded,486,21.16838264042747
304,2026-09-14T02:20:49.703+00:00,2026-09-14T02:25:43.848+00:00,2026-09-14T02:25:49.743+00:00,False,84,83.0,,83.0,294144.884671,300040.624831,300040.624754,3571.912199452381,0.02159,294144.884671,32086.09363241129,89.016721,71.03301397590361,19.561791618463516,0.27662920661743834,24,64,,False,False,Request timeout: 300.0s exceeded,245,21.16838264042747
305,2026-09-14T02:20:53.175+00:00,2026-09-14T02:25:46.984+00:00,2026-09-14T02:25:53.254+00:00,False,98,97.0,,97.0,293809.004345,300078.28844100004,300078.288385,3062.0233508673473,0.0,293809.004345,29672.74219883109,90.08231285,64.63179480412371,69.11402509498552,0.3232489778049093,24,64,,False,False,Request timeout: 300.0s exceeded,495,21.16838264042747
306,2026-09-14T02:20:56.439+00:00,2026-09-14T02:25:50.206+00:00,2026-09-14T02:25:56.460+00:00,False,100,99.0,,99.0,293767.369347,300021.356931,300021.356786,3000.2135678600002,0.0,293767.369347,29370.497766764907,90.94240140000002,63.171591757575754,68.02952249229698,0.32997650904821546,24,64,,False,False,Request timeout: 300.0s exceeded,520,21.16838264042747
307,2026-09-14T02:21:00.495+00:00,2026-09-14T02:25:54.503+00:00,2026-09-14T02:26:00.545+00:00,False,91,90.0,,90.0,294007.801589,300049.54930099996,300049.549259,3297.2477940549447,0.02494,294007.801589,30813.361441784848,89.436956,67.13053013333334,20.288440643522286,0.299950458881426,24,64,,False,False,Request timeout: 300.0s exceeded,476,21.16838264042747
308,2026-09-14T02:21:04.200+00:00,2026-09-14T02:25:57.772+00:00,2026-09-14T02:26:04.252+00:00,False,94,93.0,,93.0,293571.965481,300052.108329,300052.108445,3192.0437068617025,0.02246,293571.965481,30272.45642793773,90.52744415,69.67895535483872,20.717922252556853,0.3099461640776998,24,64,,False,False,Request timeout: 300.0s exceeded,424,21.16838264042747
309,2026-09-14T02:21:07.451+00:00,2026-09-14T02:26:00.971+00:00,2026-09-14T02:26:07.462+00:00,False,95,94.0,,94.0,293520.49293199996,300011.08109199995,300011.081035,3158.0113793157893,0.038,293520.49293199996,30107.48973887769,89.1219217,69.04881021276596,20.39312530750383,0.313321760175833,24,64,,False,False,Request timeout: 300.0s exceeded,450,21.16838264042747
310,2026-09-14T02:21:10.001+00:00,2026-09-14T02:26:03.996+00:00,2026-09-14T02:26:10.030+00:00,False,92,91.0,,91.0,293995.142042,300029.218202,300029.21838800004,3261.1871563913046,0.03766,293995.142042,30644.20628047063,90.2197826,66.30852923076924,20.87730740061222,0.3033037933616606,24,64,,False,False,Request timeout: 300.0s exceeded,428,21.16838264042747
311,2026-09-14T02:21:12.794+00:00,2026-09-14T02:26:06.474+00:00,2026-09-14T02:26:12.867+00:00,False,95,94.0,,94.0,293679.871379,300073.19208300003,300073.192075,3158.665179736842,0.02122,293679.871379,30123.947890050487,89.1954777,68.01405004255318,20.552497164905514,0.3132569069148958,24,64,,False,False,Request timeout: 300.0s exceeded,453,21.16838264042747
312,2026-09-14T02:21:15.016+00:00,2026-09-14T02:26:08.995+00:00,2026-09-14T02:26:15.042+00:00,False,87,86.0,,86.0,293978.67499900004,300026.05829500005,300026.058435,3448.5753843103453,0.05192,293978.67499900004,31510.289539965084,89.32796,70.31841041860466,19.91629765255939,0.2866417686807746,24,64,,False,False,Request timeout: 300.0s exceeded,439,21.16838264042747
313,2026-09-14T02:21:17.378+00:00,2026-09-14T02:26:10.923+00:00,2026-09-14T02:26:17.444+00:00,False,93,92.0,,92.0,293545.157525,300066.394517,300066.394541,3226.520371408602,0.13995,293545.157525,30431.870726385045,90.3101554,70.88301078260871,19.365465359006134,0.30659881173327397,24,64,,False,False,Request timeout: 300.0s exceeded,418,21.16838264042747
314,2026-09-14T02:21:20.161+00:00,2026-09-14T02:26:13.790+00:00,2026-09-14T02:26:20.166+00:00,False,97,96.0,,96.0,293628.953569,300005.768929,300005.76871000003,3092.8429763917525,0.03624,293628.953569,29806.76578030278,90.0100798,66.42516,20.586848401539566,0.3199938465940619,24,64,,False,False,Request timeout: 300.0s exceeded,446,21.16838264042747
315,2026-09-14T02:21:22.589+00:00,2026-09-14T02:26:16.506+00:00,2026-09-14T02:26:22.629+00:00,False,94,93.0,,93.0,293917.096071,300039.73927099997,300039.73938,3191.9121210638295,0.023239999999999997,293917.096071,30308.450442512563,89.677948,65.83487311827957,20.767788800507052,0.30995894152541287,24,64,,False,False,Request timeout: 300.0s exceeded,423,21.16838264042747
316,2026-09-14T02:21:26.372+00:00,2026-09-14T02:26:19.988+00:00,2026-09-14T02:26:26.444+00:00,False,94,93.0,,93.0,293615.836869,300071.467973,300071.467964,3192.249659191489,0.02584,293615.836869,30277.008601150872,89.931237,69.41538821505377,20.719530339151614,0.30992616735013273,24,64,,False,False,Request timeout: 300.0s exceeded,212,21.16838264042747
317,2026-09-14T02:21:29.601+00:00,2026-09-14T02:26:23.221+00:00,2026-09-14T02:26:29.668+00:00,False,96,95.0,,95.0,293620.256192,300066.670272,300066.670266,3125.6944819375,0.02302,293620.256192,29960.573209810147,88.717003,67.85699031578947,20.47980406970287,0.3165963081267433,24,64,,False,False,Request timeout: 300.0s exceeded,454,21.16838264042747
318,2026-09-14T02:21:33.538+00:00,2026-09-14T02:26:27.305+00:00,2026-09-14T02:26:33.577+00:00,False,93,92.0,,92.0,293766.714264,300038.831512,300038.831356,3226.223993075269,0.02229,293766.714264,30455.12634082864,88.00623660000001,68.17518747826088,20.094392465353454,0.30662697736949585,24,64,,False,False,Request timeout: 300.0s exceeded,447,21.16838264042747
319,2026-09-14T02:21:37.104+00:00,2026-09-14T02:26:30.873+00:00,2026-09-14T02:26:37.182+00:00,False,94,93.0,,93.0,293768.473711,300078.060911,300078.061085,3192.3197987765957,0.02871,293768.473711,30292.913400496484,89.81280459999998,67.84502365591398,20.03473390286334,0.30991935804191567,24,64,,False,False,Request timeout: 300.0s exceeded,400,21.16838264042747
320,2026-09-14T02:21:40.826+00:00,2026-09-14T02:26:34.698+00:00,2026-09-14T02:26:40.832+00:00,False,93,92.0,,92.0,293871.54088499997,300005.525141,300005.52491,3225.8658592473116,0.040130000000000006,293871.54088499997,30466.152441533097,88.54208080000001,66.67374191304347,20.692684739428827,0.3066610188487722,24,64,,False,False,Request timeout: 300.0s exceeded,384,21.16838264042747
321,2026-09-14T02:21:46.378+00:00,2026-09-14T02:26:38.762+00:00,2026-09-14T02:26:45.705+00:00,True,105,105.0,,105.0,292384.860506,299327.514714,299327.514614,2850.738234419048,39.077237999999994,292384.860506,28527.33220617467,87.96682000000001,66.75629046153847,19.025515222715445,0.35078632881552796,24,64,,False,True,,433,21.16838264042747
322,2026-09-14T02:21:48.266+00:00,2026-09-14T02:26:41.864+00:00,2026-09-14T02:26:48.175+00:00,True,101,101.0,,101.0,293597.16458700004,299908.29393100005,299908.293798,2969.3890475049507,0.0,293597.16458700004,29207.798335752977,91.806726,63.11129344,63.51712720033496,0.336769612724472,24,64,,False,True,,476,21.16838264042747
323,2026-09-14T02:21:51.962+00:00,2026-09-14T02:26:47.442+00:00,2026-09-14T02:26:52.017+00:00,False,70,69.0,,69.0,295480.361713,300055.280369,300055.2805,4286.504007142857,0.024059999999999998,295480.361713,35308.739804481396,89.22202835,66.30316892753623,21.36057872257437,0.22995762619189916,24,64,,False,False,Request timeout: 300.0s exceeded,351,21.16838264042747
324,2026-09-14T02:21:55.844+00:00,2026-09-14T02:26:49.434+00:00,2026-09-14T02:26:55.852+00:00,False,97,96.0,,96.0,293590.264366,300008.50462200004,300008.50463000004,3092.8711817525773,0.02066,293590.264366,29802.79344318857,87.65851559999999,66.85666933333333,20.24567447507412,0.319990928660361,24,64,,False,False,Request timeout: 300.0s exceeded,469,21.16838264042747
325,2026-09-14T02:21:59.739+00:00,2026-09-14T02:26:53.690+00:00,2026-09-14T02:26:59.757+00:00,False,89,88.0,,88.0,293951.184565,300018.190261,300018.190301,3370.990902258427,0.02257,293951.184565,31151.46161413987,88.1479976,68.94324654545454,19.984229278261502,0.2933155483787321,24,64,,False,False,Request timeout: 300.0s exceeded,400,21.16838264042747
326,2026-09-14T02:22:03.362+00:00,2026-09-14T02:26:57.239+00:00,2026-09-14T02:27:03.453+00:00,False,89,88.0,,88.0,293877.46031199995,300091.582296,300091.5824269999,3371.81553288764,0.03336,293877.46031199995,31143.46966142293,89.06696179999999,70.61502254545455,19.998182216631704,0.29324381352756457,24,64,,False,False,Request timeout: 300.0s exceeded,442,21.16838264042747
327,2026-09-14T02:22:06.387+00:00,2026-09-14T02:27:00.395+00:00,2026-09-14T02:27:06.433+00:00,False,89,88.0,,88.0,294007.27109,300045.341106,300045.340906,3371.295965235955,0.023940000000000003,294007.27109,31157.44156267372,88.9496914,68.614432,19.88213174550004,0.2932890065068911,24,64,,False,False,Request timeout: 300.0s exceeded,463,21.16838264042747
328,2026-09-14T02:22:08.969+00:00,2026-09-14T02:27:02.630+00:00,2026-09-14T02:27:09.041+00:00,False,96,95.0,,95.0,293661.68611,300072.377438,300072.37736,3125.7539308333335,0.02086,293661.68611,29964.83955525091,88.4610955,67.48096134736842,19.79518876896554,0.31659028668717965,24,64,,False,False,Request timeout: 300.0s exceeded,456,21.16838264042747
329,2026-09-14T02:22:11.470+00:00,2026-09-14T02:27:05.225+00:00,2026-09-14T02:27:11.525+00:00,False,95,94.0,,94.0,293754.51548500004,300054.25078100007,300054.25072,3158.465797052632,0.024480000000000002,293754.51548500004,30131.70799697031,88.90819970000001,67.01846059574468,20.01138939508784,0.31327668165117106,24,64,,False,False,Request timeout: 300.0s exceeded,447,21.16838264042747
330,2026-09-14T02:22:14.092+00:00,2026-09-14T02:27:07.731+00:00,2026-09-14T02:27:14.161+00:00,False,98,97.0,,97.0,293638.73240100004,300069.44062500005,300069.44058900006,3061.933067234694,0.048049999999999995,293638.73240100004,29655.301125602786,87.719631,66.29596107216494,20.123841545872285,0.3232585090903073,24,64,,False,False,Request timeout: 300.0s exceeded,402,21.16838264042747
331,2026-09-14T02:22:17.249+00:00,2026-09-14T02:27:11.443+00:00,2026-09-14T02:27:17.335+00:00,False,91,90.0,,90.0,294194.008199,300085.94215099997,300085.94194499997,3297.6477136813182,0.0219,294194.008199,30833.056226606503,90.9995485,65.46593279999999,21.094722799457074,0.29991408246212675,24,64,,False,False,Request timeout: 300.0s exceeded,293,21.16838264042747
332,2026-09-14T02:22:20.656+00:00,2026-09-14T02:27:14.551+00:00,2026-09-14T02:27:20.673+00:00,False,94,93.0,,93.0,293895.493611,300017.50346700003,300017.503341,3191.675567457447,0.02388,293895.493611,30306.22286363662,88.683257,65.82806296774194,20.532707104688548,0.3099819141393175,24,64,,False,False,Request timeout: 300.0s exceeded,323,21.16838264042747
333,2026-09-14T02:22:23.047+00:00,2026-09-14T02:27:16.857+00:00,2026-09-14T02:27:23.107+00:00,False,90,89.0,,89.0,293810.593502,300059.948254,300059.948413,3333.999426811111,0.02764,293810.593502,30962.960788413035,90.21101245,70.2174691235955,20.157898596468733,0.29660739634821814,24,64,,False,False,Request timeout: 300.0s exceeded,410,21.16838264042747
334,2026-09-14T02:22:26.160+00:00,2026-09-14T02:27:20.021+00:00,2026-09-14T02:27:26.212+00:00,False,88,87.0,,87.0,293860.954746,300051.681914,300051.681741,3409.6782016022726,0.02223,293860.954746,31318.103393896865,88.71574000000001,71.15778354022989,19.18469708077758,0.28995004942160496,24,64,,False,False,Request timeout: 300.0s exceeded,343,21.16838264042747
335,2026-09-14T02:22:29.393+00:00,2026-09-14T02:27:23.107+00:00,2026-09-14T02:27:29.436+00:00,False,93,92.0,,92.0,293713.674949,300042.54125300003,300042.541203,3226.263883903226,0.03592,293713.674949,30449.562191946083,87.38723800000001,68.79202504347826,19.682486214398367,0.30662318621819806,24,64,,False,False,Request timeout: 300.0s exceeded,432,21.16838264042747
336,2026-09-14T02:22:32.824+00:00,2026-09-14T02:27:26.215+00:00,2026-09-14T02:27:32.875+00:00,False,102,101.0,,101.0,293391.43983999995,300051.75779199996,300051.75790399994,2941.683901019607,0.03357,293391.43983999995,29043.55835212384,87.81547850000001,65.9437420990099,19.417784707548034,0.33660859294153717,24,64,,False,False,Request timeout: 300.0s exceeded,152,21.16838264042747
337,2026-09-14T02:22:36.549+00:00,2026-09-14T02:27:30.357+00:00,2026-09-14T02:27:36.567+00:00,False,96,95.0,,95.0,293807.752433,300018.243313,300018.243236,3125.1900337083334,0.02249,293807.752433,29979.96237245222,87.32995050000001,65.37358821052632,19.650667031786973,0.3166474110072345,24,64,,False,False,Request timeout: 300.0s exceeded,409,21.16838264042747
338,2026-09-14T02:22:40.287+00:00,2026-09-14T02:27:34.346+00:00,2026-09-14T02:27:40.333+00:00,False,87,86.0,,86.0,294059.16741399997,300046.64414999995,300046.644179,3448.812002057471,0.027239999999999997,294059.16741399997,31518.994199545854,90.15535299999999,69.62182251162791,20.369702229017214,0.286622102518856,24,64,,False,False,Request timeout: 300.0s exceeded,395,21.16838264042747
339,2026-09-14T02:22:43.231+00:00,2026-09-14T02:27:37.124+00:00,2026-09-14T02:27:43.278+00:00,False,93,92.0,,92.0,293892.971946,300047.126186,300047.126289,3226.313185903226,0.0,293892.971946,30468.424048232562,90.4400512,66.89298086956522,69.76075703488586,0.3066185007983344,24,64,,False,False,Request timeout: 300.0s exceeded,294,21.16838264042747
340,2026-09-14T02:22:46.612+00:00,2026-09-14T02:27:40.072+00:00,2026-09-14T02:27:46.655+00:00,False,104,103.0,,103.0,293460.041681,300042.81723299995,300042.817338,2885.027089788461,0.0,293460.041681,28769.93343923975,89.84660314999999,63.91044225242718,66.35501071839474,0.34328433838166095,24,64,,False,False,Request timeout: 300.0s exceeded,433,21.16838264042747
341,2026-09-14T02:22:50.318+00:00,2026-09-14T02:27:44.200+00:00,2026-09-14T02:27:50.347+00:00,False,91,90.0,,90.0,293881.997592,300029.655832,300029.65571,3297.0291836263737,0.09661,293881.997592,30800.05034933746,90.10476999999999,68.30731377777778,20.45250209598018,0.29997034709927145,24,64,,False,False,Request timeout: 300.0s exceeded,459,21.16838264042747
342,2026-09-14T02:22:52.970+00:00,2026-09-14T02:27:46.651+00:00,2026-09-14T02:27:53.006+00:00,False,93,92.0,,92.0,293681.47880599997,300036.739478,300036.739594,3226.2015010107525,0.041129,293681.47880599997,30446.193771746683,88.624025,69.0789203478261,19.546663784606828,0.30662911535454096,24,64,,False,False,Request timeout: 300.0s exceeded,450,21.16838264042747
343,2026-09-14T02:22:55.797+00:00,2026-09-14T02:27:49.430+00:00,2026-09-14T02:27:55.861+00:00,False,94,93.0,,93.0,293633.031579,300063.868827,300063.868928,3192.1688183829788,0.025,293633.031579,30278.8088194301,87.241905,69.14878761290322,19.536676476971166,0.3099340162597803,24,64,,False,False,Request timeout: 300.0s exceeded,318,21.16838264042747
344,2026-09-14T02:22:58.803+00:00,2026-09-14T02:27:52.525+00:00,2026-09-14T02:27:58.852+00:00,False,94,93.0,,93.0,293722.136712,300049.450632,300049.450629,3192.0154322234043,0.03003,293722.136712,30288.11465149615,89.07240265,68.0356335483871,20.34739379164458,0.30994890943513576,24,64,,False,False,Request timeout: 300.0s exceeded,270,21.16838264042747
345,2026-09-14T02:23:02.285+00:00,2026-09-14T02:27:56.076+00:00,2026-09-14T02:28:02.337+00:00,False,96,95.0,,95.0,293791.163569,300051.92926500004,300051.929077,3125.5409278854167,0.02284,293791.163569,29978.21566873921,89.67665575,65.90279679999999,20.26061251376943,0.3166118619290657,24,64,,False,False,Request timeout: 300.0s exceeded,452,21.16838264042747
346,2026-09-14T02:23:05.925+00:00,2026-09-14T02:27:59.070+00:00,2026-09-14T02:28:06.479+00:00,False,111,110.0,,110.0,293144.642454,300554.12111,300554.121215,2707.694785720721,0.04079,293144.642454,27817.672139437243,89.77973049999999,67.35889687272727,20.429208207783233,0.36599065617117604,24,64,,False,False,Request timeout: 300.0s exceeded,287,21.16838264042747
347,2026-09-14T02:23:08.790+00:00,2026-09-14T02:28:02.642+00:00,2026-09-14T02:28:08.799+00:00,False,90,89.0,,89.0,293851.382564,300008.89859600004,300008.89862000005,3333.432206888889,0.04489,293851.382564,30967.369775518648,92.32528590000001,69.18557339325842,21.176051633381284,0.296657867204965,24,64,,False,False,Request timeout: 300.0s exceeded,355,21.16838264042747
348,2026-09-14T02:23:12.280+00:00,2026-09-14T02:28:06.355+00:00,2026-09-14T02:28:14.639+00:00,False,86,85.0,,85.0,294074.614064,302358.970672,302358.970808,3515.801986139535,0.11231999999999999,294074.614064,31701.594474757934,92.87537849999998,97.46301891764706,280.115960909061,0.2811227985433522,24,64,,False,False,Request timeout: 300.0s exceeded,395,21.16838264042747
349,2026-09-14T02:23:15.827+00:00,2026-09-14T02:28:09.522+00:00,2026-09-14T02:28:15.916+00:00,False,107,106.0,,106.0,293694.908328,300088.91101599997,300088.910875,2804.5692605140184,0.01531,293694.908328,28387.924261290464,90.1890749,60.3207800754717,261.9544794230138,0.35322864694040074,24,64,,False,False,Request timeout: 300.0s exceeded,507,21.16838264042747
350,2026-09-14T02:23:19.118+00:00,2026-09-14T02:28:14.621+00:00,2026-09-14T02:28:19.168+00:00,False,72,71.0,,71.0,295502.99904,300050.760704,300050.760549,4167.371674291667,0.018669,295502.99904,34817.82260527124,94.45700850000001,64.0529811830986,25.08275357531487,0.23662662888577535,24,64,,False,False,Request timeout: 300.0s exceeded,265,21.16838264042747
351,2026-09-14T02:23:22.073+00:00,2026-09-14T02:28:16.023+00:00,2026-09-14T02:28:22.125+00:00,False,88,87.0,,87.0,293949.68309299997,300051.91822899994,300051.91822199995,3409.6808888863634,0.02897,293949.68309299997,31327.67025222571,87.60065355,70.14063374712643,19.115538400572827,0.28994982106263856,24,64,,False,False,Request timeout: 300.0s exceeded,383,21.16838264042747
352,2026-09-14T02:23:25.561+00:00,2026-09-14T02:28:18.917+00:00,2026-09-14T02:28:25.607+00:00,False,98,97.0,,97.0,293355.900961,300045.59721700003,300045.59715,3061.6897668367346,0.03289,293355.900961,29626.461410022584,90.37061684999999,68.96594078350516,20.530839060133665,0.3232841971343686,24,64,,False,False,Request timeout: 300.0s exceeded,452,21.16838264042747
353,2026-09-14T02:23:28.152+00:00,2026-09-14T02:28:21.663+00:00,2026-09-14T02:28:28.159+00:00,False,95,94.0,,94.0,293510.746598,300006.999014,300006.998984,3157.9684103578948,0.01862,293510.746598,30106.483515336495,88.2449077,69.10906825531914,20.260456017372224,0.31332602342258503,24,64,,False,False,Request timeout: 300.0s exceeded,243,21.16838264042747
354,2026-09-14T02:23:31.780+00:00,2026-09-14T02:28:25.172+00:00,2026-09-14T02:28:31.869+00:00,False,101,100.0,,100.0,293392.751963,300089.11881099996,300089.118917,2971.179395217822,0.03027,293392.751963,29187.013868130198,87.616485,66.96366848,20.38591089128386,0.33323434183890316,24,64,,False,False,Request timeout: 300.0s exceeded,214,21.16838264042747
355,2026-09-14T02:23:34.343+00:00,2026-09-14T02:28:28.160+00:00,2026-09-14T02:28:34.433+00:00,False,91,90.0,,90.0,293816.859661,300089.20858900005,300089.20862000005,3297.6836112087913,0.045630000000000004,293816.859661,30793.07718843139,90.96083299999998,69.69276586666666,21.027713844577317,0.29991081793035523,24,64,,False,False,Request timeout: 300.0s exceeded,222,21.16838264042747
356,2026-09-14T02:23:36.941+00:00,2026-09-14T02:28:30.791+00:00,2026-09-14T02:28:36.976+00:00,False,88,87.0,,87.0,293850.019584,300034.693888,300034.693968,3409.485158727273,0.018539999999999997,293850.019584,31316.945638031266,88.62827999999999,71.0882103908046,20.02485411898698,0.28996646645296376,24,64,,False,False,Request timeout: 300.0s exceeded,382,21.16838264042747
357,2026-09-14T02:23:40.461+00:00,2026-09-14T02:28:34.560+00:00,2026-09-14T02:28:40.468+00:00,False,91,90.0,,90.0,294099.588321,300007.006433,300007.006261,3296.7802885824176,0.0,294099.588321,30823.206817560695,90.7110885,65.63797902222223,67.76111591722876,0.2999929937306299,24,64,,False,False,Request timeout: 300.0s exceeded,397,21.16838264042747
358,2026-09-14T02:23:43.578+00:00,2026-09-14T02:28:37.993+00:00,2026-09-14T02:28:43.615+00:00,False,85,84.0,,84.0,294415.04441000003,300037.61337000004,300037.613191,3529.8542728352945,0.0412,294415.04441000003,31926.541108375022,89.27461939999999,66.93534476190476,19.820759370400783,0.2799648985889412,24,64,,False,False,Request timeout: 300.0s exceeded,405,21.16838264042747
359,2026-09-14T02:23:46.457+00:00,2026-09-14T02:28:39.797+00:00,2026-09-14T02:28:46.495+00:00,False,99,98.0,,98.0,293339.296615,300037.226343,300037.226385,3030.679054393939,0.038439999999999995,293339.296615,29474.84575328965,87.40927969999998,68.34622171428572,19.257988586367453,0.3266261363447188,24,64,,False,False,Request timeout: 300.0s exceeded,368,21.16838264042747
360,2026-09-14T02:23:50.362+00:00,2026-09-14T02:28:44.201+00:00,2026-09-14T02:28:50.450+00:00,False,93,92.0,,92.0,293838.754656,300087.860576,300087.860654,3226.751189827957,0.037469999999999996,293838.754656,30462.622407123137,87.58316500000001,67.9250643478261,19.926581940567793,0.3065768799291371,24,64,,False,False,Request timeout: 300.0s exceeded,294,21.16838264042747
361,2026-09-14T02:23:52.751+00:00,2026-09-14T02:28:46.797+00:00,2026-09-14T02:28:52.772+00:00,False,89,88.0,,88.0,294045.295713,300020.083297,300020.083431,3371.0121733820224,0.026920000000000003,294045.295713,31161.548692572233,88.47412959999998,67.89531345454546,20.356415522667238,0.29331369764632004,24,64,,False,False,Request timeout: 300.0s exceeded,409,21.16838264042747
362,2026-09-14T02:23:55.125+00:00,2026-09-14T02:28:48.811+00:00,2026-09-14T02:28:55.156+00:00,False,96,95.0,,95.0,293685.966255,300031.306415,300031.30624,3125.3261066666664,0.049100000000000005,293685.966255,29967.388431663578,90.685094,66.79305431578948,20.671904165494144,0.31663362445449955,24,64,,False,False,Request timeout: 300.0s exceeded,499,21.16838264042747
363,2026-09-14T02:23:58.194+00:00,2026-09-14T02:28:52.097+00:00,2026-09-14T02:28:58.268+00:00,False,91,90.0,,90.0,293902.979909,300074.638917,300074.638991,3297.5235053956044,0.01779,293902.979909,30802.22204871773,90.23142449999999,68.57398897777777,20.620490049911933,0.29992537964827415,24,64,,False,False,Request timeout: 300.0s exceeded,466,21.16838264042747
364,2026-09-14T02:24:01.801+00:00,2026-09-14T02:28:55.288+00:00,2026-09-14T02:29:01.818+00:00,False,96,95.0,,95.0,293486.611872,300016.424352,300016.424267,3125.171086114583,0.037779,293486.611872,29946.843601950353,89.7118735,68.73486821052632,20.484541797957103,0.3166493307997679,24,64,,False,False,Request timeout: 300.0s exceeded,371,21.16838264042747
365,2026-09-14T02:24:05.289+00:00,2026-09-14T02:28:58.737+00:00,2026-09-14T02:29:05.311+00:00,False,98,97.0,,97.0,293448.57371499995,300021.90005099995,300021.899879,3061.447957948979,0.02163,293448.57371499995,29635.944228779084,89.98114734999999,67.76625088659793,20.923914246689446,0.323309731667959,24,64,,False,False,Request timeout: 300.0s exceeded,450,21.16838264042747
366,2026-09-14T02:24:07.737+00:00,2026-09-14T02:29:01.149+00:00,2026-09-14T02:29:07.767+00:00,False,96,95.0,,95.0,293411.608545,300029.618145,300029.618014,3125.308520979167,0.03233,293411.608545,29939.093954159027,91.05913249999999,69.66325894736843,20.630027637288826,0.31663540615542785,24,64,,False,False,Request timeout: 300.0s exceeded,483,21.16838264042747
367,2026-09-14T02:24:11.237+00:00,2026-09-14T02:29:05.134+00:00,2026-09-14T02:29:11.280+00:00,False,91,90.0,,90.0,293896.993763,300042.756067,300042.755969,3297.1731425164835,0.044090000000000004,293896.993763,30801.62442096458,89.71124,68.28624782222222,20.204021552371902,0.2999572500257359,24,64,,False,False,Request timeout: 300.0s exceeded,307,21.16838264042747
368,2026-09-14T02:24:14.030+00:00,2026-09-14T02:29:07.587+00:00,2026-09-14T02:29:14.053+00:00,False,98,97.0,,97.0,293556.15868500003,300022.739421,300022.739414,3061.4565246326533,0.036590000000000004,293556.15868500003,29646.92251299557,87.69637835000002,66.66578078350516,20.046086296231714,0.32330882714822157,24,64,,False,False,Request timeout: 300.0s exceeded,500,21.16838264042747
369,2026-09-14T02:24:16.332+00:00,2026-09-14T02:29:10.171+00:00,2026-09-14T02:29:16.348+00:00,False,94,93.0,,93.0,293839.470979,300016.47731499997,300016.477319,3191.664652329787,0.04428,293839.470979,30300.382900481058,86.84249700000001,66.41942296774194,19.496795309798618,0.3099829743762886,24,64,,False,False,Request timeout: 300.0s exceeded,555,21.16838264042747
370,2026-09-14T02:24:19.193+00:00,2026-09-14T02:29:12.927+00:00,2026-09-14T02:29:19.229+00:00,False,98,97.0,,97.0,293734.870421,300036.167317,300036.167139,3061.593542234694,0.04233,293734.870421,29665.147312887828,87.03196185,64.9618236701031,20.145567663115706,0.32329435770160236,24,64,,False,False,Request timeout: 300.0s exceeded,360,21.16838264042747
371,2026-09-14T02:24:21.504+00:00,2026-09-14T02:29:15.419+00:00,2026-09-14T02:29:21.577+00:00,False,93,92.0,,92.0,293914.525104,300072.36984,300072.369894,3226.584622516129,0.022678999999999998,293914.525104,30470.582868746467,89.78822259999998,66.93309495652174,20.791169579575985,0.3065927064496302,24,64,,False,False,Request timeout: 300.0s exceeded,365,21.16838264042747
372,2026-09-14T02:24:24.910+00:00,2026-09-14T02:29:18.707+00:00,2026-09-14T02:29:24.973+00:00,False,89,88.0,,88.0,293796.664625,300062.10385699995,300062.104039,3371.4843150449437,0.02088,293796.664625,31134.843418931116,90.40400079999999,71.1981730909091,19.832695890266116,0.2932726221300441,24,64,,False,False,Request timeout: 300.0s exceeded,447,21.16838264042747
373,2026-09-14T02:24:27.462+00:00,2026-09-14T02:29:21.402+00:00,2026-09-14T02:29:27.533+00:00,False,85,84.0,,84.0,293939.028996,300070.93274,300070.932662,3530.246266611765,0.01801,293939.028996,31874.25157308046,90.1436516,72.99885409523809,18.569851004663143,0.27993381175904425,24,64,,False,False,Request timeout: 300.0s exceeded,325,21.16838264042747
374,2026-09-14T02:24:31.506+00:00,2026-09-14T02:29:25.188+00:00,2026-09-14T02:29:31.514+00:00,False,92,91.0,,91.0,293681.669142,300007.579158,300007.57911800005,3260.951946934783,0.034169,293681.669142,30611.189437552133,88.74829650000001,69.51549468131869,19.824100345310747,0.3033256701560681,24,64,,False,False,Request timeout: 300.0s exceeded,426,21.16838264042747
375,2026-09-14T02:24:34.769+00:00,2026-09-14T02:29:28.380+00:00,2026-09-14T02:29:34.834+00:00,False,106,105.0,,105.0,293610.850894,300064.99617399997,300064.996129,2830.8018502735845,0.0,293610.850894,28512.10319270639,89.39179624999998,61.468050285714284,61.94362211681078,0.34992418755539617,24,64,,False,False,Request timeout: 300.0s exceeded,346,21.16838264042747
376,2026-09-14T02:24:37.703+00:00,2026-09-14T02:29:31.130+00:00,2026-09-14T02:29:37.761+00:00,False,106,105.0,,105.0,293427.486223,300057.874191,300057.87407699996,2830.7346611037733,0.0,293427.486223,28494.130477132287,90.26485199999999,63.14655207619048,62.0475989675896,0.3499324931335176,24,64,,False,False,Request timeout: 300.0s exceeded,470,21.16838264042747
377,2026-09-14T02:24:40.900+00:00,2026-09-14T02:29:34.624+00:00,2026-09-14T02:29:40.908+00:00,False,94,93.0,,93.0,293723.886461,300008.592253,300008.592284,3191.5807689787234,0.01774,293723.886461,30288.34240415235,89.80050814999998,67.57748163440861,20.385237391886513,0.3099911215928517,24,64,,False,False,Request timeout: 300.0s exceeded,390,21.16838264042747
378,2026-09-14T02:24:43.496+00:00,2026-09-14T02:29:37.269+00:00,2026-09-14T02:29:43.551+00:00,False,96,95.0,,95.0,293772.45399,300055.261542,300055.26164700004,3125.57564215625,0.02594,293772.45399,29976.28315239127,90.57356375,66.1348163368421,21.284923723690753,0.31660834578200675,24,64,,False,False,Request timeout: 300.0s exceeded,450,21.16838264042747
379,2026-09-14T02:24:47.547+00:00,2026-09-14T02:29:40.167+00:00,2026-09-14T02:29:47.681+00:00,False,117,116.0,,116.0,292619.986576,300134.416528,300134.41654299997,2565.2514234444443,0.0348,292619.986576,27046.74608236941,88.9518088,64.77956855172414,20.39962945417822,0.38649349628711505,24,64,,False,False,Request timeout: 300.0s exceeded,530,21.16838264042747
380,2026-09-14T02:24:50.129+00:00,2026-09-14T02:29:43.638+00:00,2026-09-14T02:29:50.220+00:00,False,102,101.0,,101.0,293508.688553,300090.661033,300090.660948,2942.0653034117645,0.03594,293508.688553,29055.246280896143,90.93808805,65.16804435643564,21.9344156375772,0.3365649555781856,24,64,,False,False,Request timeout: 300.0s exceeded,415,21.16838264042747
381,2026-09-14T02:24:54.007+00:00,2026-09-14T02:29:48.909+00:00,2026-09-14T02:29:54.057+00:00,False,74,73.0,,73.0,294901.74863499997,300050.21404299996,300050.21402699995,4054.7326219864863,0.024120000000000003,294901.74863499997,34273.43949829554,89.5224508,70.52692339726028,20.667935298807695,0.24329261098123536,24,64,,False,False,Request timeout: 300.0s exceeded,181,21.16838264042747
382,2026-09-14T02:24:57.109+00:00,2026-09-14T02:29:50.434+00:00,2026-09-14T02:29:57.143+00:00,False,97,96.0,,96.0,293325.16673500004,300034.05505500006,300034.055132,3093.134588989691,0.01887,293325.16673500004,29775.56935027842,90.22486699999999,69.88425333333333,20.084238627157042,0.31996367873107595,24,64,,False,False,Request timeout: 300.0s exceeded,509,21.16838264042747
383,2026-09-14T02:25:00.197+00:00,2026-09-14T02:29:54.060+00:00,2026-09-14T02:30:00.275+00:00,False,91,90.0,,90.0,293863.317071,300078.009423,300078.009392,3297.560542769231,0.02051,293863.317071,30798.014436922833,89.3650765,69.05213724444444,21.077400646559678,0.29992201085662695,24,64,,False,False,Request timeout: 300.0s exceeded,415,21.16838264042747
384,2026-09-14T02:25:03.461+00:00,2026-09-14T02:29:56.841+00:00,2026-09-14T02:30:03.515+00:00,False,99,98.0,,98.0,293380.59710199997,300054.501742,300054.501824,3030.8535537777775,0.02622,293380.59710199997,29479.0221093523,90.04219369999998,68.10106775510204,20.549302314054554,0.326607331105016,24,64,,False,False,Request timeout: 300.0s exceeded,526,21.16838264042747
385,2026-09-14T02:25:06.272+00:00,2026-09-14T02:30:00.022+00:00,2026-09-14T02:30:06.327+00:00,False,92,91.0,,91.0,293750.035815,300054.439271,300054.439366,3261.461297456522,0.01984,293750.035815,30618.341795035158,88.88501645000001,69.27915885714285,19.825715129534977,0.3032782991682772,24,64,,False,False,Request timeout: 300.0s exceeded,314,21.16838264042747
386,2026-09-14T02:25:08.928+00:00,2026-09-14T02:30:02.539+00:00,2026-09-14T02:30:08.997+00:00,False,96,95.0,,95.0,293610.774721,300068.35321699997,300068.353299,3125.71201353125,0.03669,293610.774721,29959.593394706877,89.62597075,67.97451048421053,20.298183158934197,0.31659453248406705,24,64,,False,False,Request timeout: 300.0s exceeded,322,21.16838264042747
387,2026-09-14T02:25:11.686+00:00,2026-09-14T02:30:05.389+00:00,2026-09-14T02:30:11.754+00:00,False,95,94.0,,94.0,293703.57312699995,300068.21722299996,300068.2171809999,3158.6128124315783,0.027649999999999997,293703.57312699995,30126.41167056298,89.98256310000001,67.70897974468085,21.61189064718328,0.3132621004314581,24,64,,False,False,Request timeout: 300.0s exceeded,402,21.16838264042747
388,2026-09-14T02:25:15.720+00:00,2026-09-14T02:30:09.211+00:00,2026-09-14T02:30:15.748+00:00,False,99,98.0,,98.0,293490.864918,300028.50306200003,300028.503198,3030.5909413939394,0.02575,293490.864918,29490.2436644621,87.14413990000001,66.71059330612245,19.777126961364196,0.32663563294767556,24,64,,False,False,Request timeout: 300.0s exceeded,410,21.16838264042747
389,2026-09-14T02:25:18.630+00:00,2026-09-14T02:30:12.159+00:00,2026-09-14T02:30:18.710+00:00,False,100,99.0,,99.0,293528.78714,300079.568836,300079.56879199995,3000.7956879199996,0.030690000000000002,293528.78714,29346.26833679305,86.790067,66.16951208080808,19.742819053089192,0.3299124974886433,24,64,,False,False,Request timeout: 300.0s exceeded,460,21.16838264042747
390,2026-09-14T02:25:22.744+00:00,2026-09-14T02:30:16.253+00:00,2026-09-14T02:30:22.782+00:00,False,95,94.0,,94.0,293509.380115,300038.228755,300038.22898200003,3158.2971471789474,0.023739,293509.380115,30106.307255313586,87.37244239999998,69.45583659574469,19.520132700079014,0.31329341060987564,24,64,,False,False,Request timeout: 300.0s exceeded,125,21.16838264042747
391,2026-09-14T02:25:25.855+00:00,2026-09-14T02:30:19.271+00:00,2026-09-14T02:30:25.894+00:00,False,96,95.0,,95.0,293415.37654699996,300038.94134699996,300038.941434,3125.4056399374995,0.040060000000000005,293415.37654699996,29939.47242392608,90.76966049999999,69.72173473684211,20.435769267073756,0.31662556724638935,24,64,,False,False,Request timeout: 300.0s exceeded,207,21.16838264042747
392,2026-09-14T02:25:29.683+00:00,2026-09-14T02:30:23.572+00:00,2026-09-14T02:30:29.707+00:00,False,98,97.0,,97.0,293888.32735900005,300023.66431900003,300023.66419700003,3061.4659611938782,0.0,293888.32735900005,29680.886465656084,92.3176132,63.250896494845364,65.53360530876273,0.323307830467882,24,64,,False,False,Request timeout: 300.0s exceeded,474,21.16838264042747
393,2026-09-14T02:25:33.403+00:00,2026-09-14T02:30:26.987+00:00,2026-09-14T02:30:33.485+00:00,False,104,103.0,,103.0,293583.99643400003,300082.69800200005,300082.69785600004,2885.410556307693,0.0,293583.99643400003,28782.16206514132,91.82811464999999,63.09418998058253,63.606129604840156,0.3432387161465521,24,64,,False,False,Request timeout: 300.0s exceeded,644,21.16838264042747
394,2026-09-14T02:25:37.467+00:00,2026-09-14T02:30:31.279+00:00,2026-09-14T02:30:37.501+00:00,False,91,90.0,,90.0,293811.798546,300034.011922,300034.01182099996,3297.0770529780216,0.04295,293811.798546,30792.60453754536,88.33658799999999,69.13570417777778,20.27674345608246,0.299965991933599,24,64,,False,False,Request timeout: 300.0s exceeded,522,21.16838264042747
395,2026-09-14T02:25:39.974+00:00,2026-09-14T02:30:33.305+00:00,2026-09-14T02:30:39.999+00:00,False,99,98.0,,98.0,293331.51979299996,300025.46692899993,300025.466912,3030.5602718383834,0.038450000000000005,293331.51979299996,29474.068912368533,89.476093,68.30558302040816,20.2741820059789,0.32663893836449354,24,64,,False,False,Request timeout: 300.0s exceeded,442,21.16838264042747
396,2026-09-14T02:25:42.809+00:00,2026-09-14T02:30:36.229+00:00,2026-09-14T02:30:42.865+00:00,False,101,100.0,,100.0,293419.998089,300056.521609,300056.521609,2970.8566495940595,0.02583,293419.998089,29189.784783662606,90.25416999999999,66.3652352,20.78537056422277,0.33327054337552037,24,64,,False,False,Request timeout: 300.0s exceeded,503,21.16838264042747
397,2026-09-14T02:25:46.329+00:00,2026-09-14T02:30:39.736+00:00,2026-09-14T02:30:46.361+00:00,False,101,100.0,,100.0,293407.372236,300032.877004,300032.87707000005,2970.622545247525,0.02022,293407.372236,29188.538675960845,88.24733400000001,66.25504768,19.688779868810915,0.3332968073317739,24,64,,False,False,Request timeout: 300.0s exceeded,487,21.16838264042747
398,2026-09-14T02:25:50.330+00:00,2026-09-14T02:30:43.838+00:00,2026-09-14T02:30:50.397+00:00,False,98,97.0,,97.0,293508.956194,300067.94320200005,300067.94323800004,3061.9177881428573,0.02526,293508.956194,29642.05850051341,88.62484024999999,67.6184227628866,20.619817335114856,0.32326012224072015,24,64,,False,False,Request timeout: 300.0s exceeded,460,21.16838264042747
399,2026-09-14T02:25:52.671+00:00,2026-09-14T02:30:46.572+00:00,2026-09-14T02:30:52.700+00:00,False,96,95.0,,95.0,293900.6255,300028.42505200004,300028.424804,3125.2960917083337,0.03148,293900.6255,29989.53085222109,90.89706774999999,64.50315317894737,20.88511481463918,0.3166366652877469,24,64,,False,False,Request timeout: 300.0s exceeded,451,21.16838264042747
400,2026-09-14T02:25:56.443+00:00,2026-09-14T02:30:50.172+00:00,2026-09-14T02:30:56.459+00:00,False,95,94.0,,94.0,293729.23120599997,300016.04925399995,300016.04925499996,3158.0636763684206,0.0181,293729.23120599997,30129.12822830855,88.65438710000001,66.8810430638298,20.37990996784186,0.31331657167586263,24,64,,False,False,Request timeout: 300.0s exceeded,453,21.16838264042747
401,2026-09-14T02:25:59.072+00:00,2026-09-14T02:30:53.015+00:00,2026-09-14T02:30:59.100+00:00,False,88,87.0,,87.0,293942.595009,300027.570625,300027.57054399996,3409.4042107272726,0.03074,293942.595009,31326.936087738413,89.8522937,69.94224845977011,19.57364948393845,0.2899733508449462,24,64,,False,False,Request timeout: 300.0s exceeded,352,21.16838264042747
402,2026-09-14T02:26:03.002+00:00,2026-09-14T02:30:56.759+00:00,2026-09-14T02:31:03.009+00:00,False,93,92.0,,92.0,293757.77385299996,300007.80444499996,300007.80448899994,3225.8903708494618,0.05435,293757.77385299996,30454.224307149376,88.945626,67.93511513043478,20.322093163815932,0.3066586889970932,24,64,,False,False,Request timeout: 300.0s exceeded,401,21.16838264042747
403,2026-09-14T02:26:05.707+00:00,2026-09-14T02:30:59.263+00:00,2026-09-14T02:31:05.729+00:00,False,96,95.0,,95.0,293555.709111,300021.817015,300021.816951,3125.22725990625,0.02115,293555.709111,29953.964568478532,88.6018435,68.0642937263158,20.952913041707312,0.316643639269908,24,64,,False,False,Request timeout: 300.0s exceeded,426,21.16838264042747
404,2026-09-14T02:26:08.020+00:00,2026-09-14T02:31:01.697+00:00,2026-09-14T02:31:08.034+00:00,False,95,94.0,,94.0,293677.303127,300013.757527,300013.757351,3158.039551063158,0.02002,293677.303127,30123.74668547961,89.19339769999999,67.40908936170213,20.88263903649916,0.3133189650195971,24,64,,False,False,Request timeout: 300.0s exceeded,456,21.16838264042747
405,2026-09-14T02:26:10.816+00:00,2026-09-14T02:31:04.485+00:00,2026-09-14T02:31:10.874+00:00,False,96,95.0,,95.0,293669.393027,300057.661571,300057.66145200003,3125.600640125,0.03465,293669.393027,29965.650956602534,88.40034100000001,67.24493204210526,20.87913420448654,0.3166058133713776,24,64,,False,False,Request timeout: 300.0s exceeded,419,21.16838264042747
406,2026-09-14T02:26:13.504+00:00,2026-09-14T02:31:07.173+00:00,2026-09-14T02:31:13.540+00:00,False,96,95.0,,95.0,293669.044612,300035.809668,300035.809482,3125.3730154375,0.060759999999999995,293669.044612,29965.638466140503,88.44087375000001,67.01857953684211,20.831819240020973,0.3166288720840382,24,64,,False,False,Request timeout: 300.0s exceeded,407,21.16838264042747
407,2026-09-14T02:26:16.615+00:00,2026-09-14T02:31:10.441+00:00,2026-09-14T02:31:16.663+00:00,False,95,94.0,,94.0,293826.173954,300048.236546,300048.236739,3158.4024919894737,0.02041,293826.173954,30139.14521247871,87.83162199999998,66.19215523404256,20.66513428679954,0.31328296104012926,24,64,,False,False,Request timeout: 300.0s exceeded,541,21.16838264042747
408,2026-09-14T02:26:19.831+00:00,2026-09-14T02:31:13.497+00:00,2026-09-14T02:31:19.891+00:00,False,99,98.0,,98.0,293665.886696,300059.891944,300059.891968,3030.9079996767678,0.021079999999999998,293665.886696,29507.981625330936,88.365328,65.24495151020409,20.241400061881,0.3266014640113571,24,64,,False,False,Request timeout: 300.0s exceeded,475,21.16838264042747
409,2026-09-14T02:26:22.998+00:00,2026-09-14T02:31:16.494+00:00,2026-09-14T02:31:23.060+00:00,False,108,107.0,,107.0,293495.786478,300062.31012599997,300062.309906,2778.354721351852,0.0,293495.786478,28235.81500944637,88.71266274999999,61.36937988785047,65.41168588101904,0.35659260223341394,24,64,,False,False,Request timeout: 300.0s exceeded,438,21.16838264042747
410,2026-09-14T02:26:26.104+00:00,2026-09-14T02:31:19.809+00:00,2026-09-14T02:31:26.161+00:00,False,96,95.0,,95.0,293705.112309,300056.586485,300056.586601,3125.5894437604165,0.0,293705.112309,29969.40829444899,91.28313700000001,66.85762290526316,69.36205921133089,0.3166069477523338,24,64,,False,False,Request timeout: 300.0s exceeded,404,21.16838264042747
411,2026-09-14T02:26:29.813+00:00,2026-09-14T02:31:23.628+00:00,2026-09-14T02:31:29.862+00:00,False,87,86.0,,86.0,293815.90923,300049.088622,300049.088622,3448.840099103448,0.03207,293815.90923,31492.6072409323,90.18076230000001,72.47883013953489,19.332950636607745,0.28661976743526213,24,64,,False,False,Request timeout: 300.0s exceeded,395,21.16838264042747
412,2026-09-14T02:26:32.606+00:00,2026-09-14T02:31:26.419+00:00,2026-09-14T02:31:32.648+00:00,False,92,91.0,,91.0,293812.57303100004,300041.59523900005,300041.59530100005,3261.321688054348,0.02518,293812.57303100004,30624.94810865405,88.46887505000001,68.45079349450549,19.820125259057168,0.3032912817554958,24,64,,False,False,Request timeout: 300.0s exceeded,362,21.16838264042747
413,2026-09-14T02:26:35.316+00:00,2026-09-14T02:31:28.868+00:00,2026-09-14T02:31:35.341+00:00,False,93,92.0,,92.0,293552.249894,300025.249318,300025.249359,3226.077950096774,0.021639,293552.249894,30432.660033327076,87.2840596,70.35868939130434,18.542690828681103,0.3066408584248462,24,64,,False,False,Request timeout: 300.0s exceeded,434,21.16838264042747
414,2026-09-14T02:26:38.589+00:00,2026-09-14T02:31:32.220+00:00,2026-09-14T02:31:38.602+00:00,False,92,91.0,,91.0,293631.767689,300013.476745,300013.476807,3261.01605225,0.02754,293631.767689,30605.92281158814,89.88003850000001,70.12867094505495,19.647260411135566,0.30331970745883036,24,64,,False,False,Request timeout: 300.0s exceeded,485,21.16838264042747
415,2026-09-14T02:26:42.156+00:00,2026-09-14T02:31:35.637+00:00,2026-09-14T02:31:42.244+00:00,False,99,98.0,,98.0,293481.243471,300088.241999,300088.242043,3031.194364070707,0.0589,293481.243471,29489.206147616693,89.0409569,67.41835232653061,20.67145683343125,0.3265706091887684,24,64,,False,False,Request timeout: 300.0s exceeded,330,21.16838264042747
416,2026-09-14T02:26:45.551+00:00,2026-09-14T02:31:38.908+00:00,2026-09-14T02:31:45.604+00:00,False,104,103.0,,103.0,293357.374825,300053.081193,300053.081112,2885.125779923077,0.04994,293357.374825,28759.689835296107,88.14919915,65.00685794174757,20.163326906732095,0.34327259560367046,24,64,,False,False,Request timeout: 300.0s exceeded,483,21.16838264042747
417,2026-09-14T02:26:48.875+00:00,2026-09-14T02:31:42.416+00:00,2026-09-14T02:31:48.934+00:00,False,102,101.0,,101.0,293541.77818900003,300059.118605,300059.11839300004,2941.7560626764707,0.0177,293541.77818900003,29058.58522111739,88.92347050000001,64.52812293069307,20.860730849317132,0.33660033552573726,24,64,,False,False,Request timeout: 300.0s exceeded,413,21.16838264042747
418,2026-09-14T02:26:52.987+00:00,2026-09-14T02:31:46.933+00:00,2026-09-14T02:31:52.996+00:00,False,94,93.0,,93.0,293946.213862,300008.78000599996,300008.78024399997,3191.5827685531913,0.04179,293946.213862,30311.52029571565,90.84049015000001,65.18888326881721,20.700496806000324,0.3099909275926527,24,64,,False,False,Request timeout: 300.0s exceeded,304,21.16838264042747
419,2026-09-14T02:26:55.819+00:00,2026-09-14T02:31:49.144+00:00,2026-09-14T02:31:55.866+00:00,False,102,101.0,,101.0,293324.74856599997,300046.80270999996,300046.80272599997,2941.635320843137,0.018359999999999998,293324.74856599997,29036.89505442697,89.97810365,66.55499152475248,20.366585900669357,0.33661415181823523,24,64,,False,False,Request timeout: 300.0s exceeded,227,21.16838264042747
420,2026-09-14T02:26:59.052+00:00,2026-09-14T02:31:52.956+00:00,2026-09-14T02:31:59.069+00:00,False,90,89.0,,89.0,293904.071937,300016.780545,300016.78047299996,3333.519783033333,0.01776,293904.071937,30972.976195276646,88.65648494999999,68.68211919101124,20.276228480804967,0.296650073500308,24,64,,False,False,Request timeout: 300.0s exceeded,148,21.16838264042747
421,2026-09-14T02:27:02.363+00:00,2026-09-14T02:31:56.207+00:00,2026-09-14T02:32:02.417+00:00,False,91,90.0,,90.0,293843.77078799997,300054.21021199995,300054.21029799996,3297.299014263736,0.01748,293843.77078799997,30795.970085755853,89.55881099999999,69.0048824888889,20.632506015978787,0.2999457995820539,24,64,,False,False,Request timeout: 300.0s exceeded,557,21.16838264042747
422,2026-09-14T02:27:05.367+00:00,2026-09-14T02:31:58.941+00:00,2026-09-14T02:32:05.670+00:00,False,64,63.0,,63.0,293573.686211,300303.459779,300303.45986500004,4692.241560390626,0.04139,293573.686211,36684.86104715993,88.5303263,106.82180266666667,334.73979527967754,0.20978779280919072,24,64,,False,False,Request timeout: 300.0s exceeded,260,21.16838264042747
423,2026-09-14T02:27:07.954+00:00,2026-09-14T02:32:01.658+00:00,2026-09-14T02:32:07.992+00:00,False,107,106.0,,106.0,293703.959599,300037.930031,300037.930038,2804.0928040934577,0.01526,293703.959599,28388.84918773689,90.49129930000001,59.75443803773585,261.4283627966582,0.3532886658331767,24,64,,False,False,Request timeout: 300.0s exceeded,442,21.16838264042747
424,2026-09-14T02:27:10.707+00:00,2026-09-14T02:32:06.753+00:00,2026-09-14T02:32:10.730+00:00,False,59,58.0,,58.0,296045.42945,300022.817482,300022.817593,5085.132501576271,0.0184,296045.42945,38532.91007365413,90.71579449999999,68.57565572413793,21.331920444043885,0.19331862985214363,24,64,,False,False,Request timeout: 300.0s exceeded,265,21.16838264042747
425,2026-09-14T02:27:13.940+00:00,2026-09-14T02:32:07.540+00:00,2026-09-14T02:32:14.011+00:00,False,96,95.0,,95.0,293600.123444,300070.91154,300070.911555,3125.7386620312504,0.018949999999999998,293600.123444,29958.491562867235,89.0655445,68.11355890526316,19.461774388917146,0.31659183328516777,24,64,,False,False,Request timeout: 300.0s exceeded,445,21.16838264042747
426,2026-09-14T02:27:16.666+00:00,2026-09-14T02:32:09.892+00:00,2026-09-14T02:32:16.675+00:00,False,105,104.0,,104.0,293226.714767,300009.528975,300009.528918,2857.233608742857,0.0,293226.714767,28609.701576741838,88.26891719999999,65.21936738461538,63.18514684087084,0.34665565575640894,24,64,,False,False,Request timeout: 300.0s exceeded,508,21.16838264042747
427,2026-09-14T02:27:20.075+00:00,2026-09-14T02:32:13.746+00:00,2026-09-14T02:32:20.128+00:00,False,98,97.0,,97.0,293671.58144,300053.0944,300053.09434899996,3061.7662688673468,0.0,293671.58144,29658.73349424255,88.44829,65.78879340206186,64.60588862799707,0.32327611949467033,24,64,,False,False,Request timeout: 300.0s exceeded,468,21.16838264042747
428,2026-09-14T02:27:23.573+00:00,2026-09-14T02:32:17.061+00:00,2026-09-14T02:32:23.606+00:00,False,96,95.0,,95.0,293488.11232200003,300033.02291400003,300033.022936,3125.343988916667,0.02059,293488.11232200003,29946.980019222097,90.332379,68.89379570526316,19.730221395977388,0.31663181298290066,24,64,,False,False,Request timeout: 300.0s exceeded,469,21.16838264042747
429,2026-09-14T02:27:26.329+00:00,2026-09-14T02:32:19.917+00:00,2026-09-14T02:32:26.368+00:00,False,93,92.0,,92.0,293587.87842400005,300038.95733600005,300038.9571860001,3226.225346086022,0.02471,293587.87842400005,30436.379941647316,88.6167206,70.12042295652174,19.662618717237518,0.3066268487827511,24,64,,False,False,Request timeout: 300.0s exceeded,313,21.16838264042747
430,2026-09-14T02:27:30.389+00:00,2026-09-14T02:32:24.163+00:00,2026-09-14T02:32:30.404+00:00,False,87,86.0,,86.0,293773.55194599996,300014.14048999996,300014.140402,3448.438395425287,0.020050000000000002,293773.55194599996,31488.057099902446,91.20818589999999,72.56498306976745,19.776246732886513,0.28665315527974766,24,64,,False,False,Request timeout: 300.0s exceeded,401,21.16838264042747
431,2026-09-14T02:27:33.833+00:00,2026-09-14T02:32:27.657+00:00,2026-09-14T02:32:33.853+00:00,False,90,89.0,,89.0,293823.981583,300020.01179099997,300020.011695,3333.5556855,0.037090000000000005,293823.981583,30964.43564660762,89.933875,69.61831694382022,20.881846452439227,0.29664687854888566,24,64,,False,False,Request timeout: 300.0s exceeded,434,21.16838264042747
432,2026-09-14T02:27:37.134+00:00,2026-09-14T02:32:30.892+00:00,2026-09-14T02:32:37.199+00:00,False,92,91.0,,91.0,293757.09960799996,300064.368728,300064.36877799995,3261.5692258478257,0.018850000000000002,293757.09960799996,30619.07529675138,89.52135609999999,69.31064967032968,20.340039033947104,0.3032682633588161,24,64,,False,False,Request timeout: 300.0s exceeded,569,21.16838264042747
433,2026-09-14T02:27:40.566+00:00,2026-09-14T02:32:34.144+00:00,2026-09-14T02:32:40.596+00:00,False,93,92.0,,92.0,293578.255841,300029.958881,300029.958768,3226.128588903226,0.02984,293578.255841,30435.381799885945,89.3459116,70.12720695652173,20.243849020078834,0.30663604509071607,24,64,,False,False,Request timeout: 300.0s exceeded,425,21.16838264042747
434,2026-09-14T02:27:43.974+00:00,2026-09-14T02:32:37.533+00:00,2026-09-14T02:32:44.015+00:00,False,102,101.0,,101.0,293558.916508,300041.304732,300041.30493,2941.581420882353,0.05019,293558.916508,29060.31612954644,88.88673754999999,64.18206162376238,20.430889052256944,0.336620319959661,24,64,,False,False,Request timeout: 300.0s exceeded,409,21.16838264042747
435,2026-09-14T02:27:47.241+00:00,2026-09-14T02:32:41.391+00:00,2026-09-14T02:32:47.268+00:00,False,87,86.0,,86.0,294149.869817,300026.980857,300026.980777,3448.5859859425286,0.05076,294149.869817,31528.856393068727,90.45660499999998,68.33850046511628,20.819700977113957,0.2866408872773667,24,64,,False,False,Request timeout: 300.0s exceeded,389,21.16838264042747
436,2026-09-14T02:27:51.188+00:00,2026-09-14T02:32:44.836+00:00,2026-09-14T02:32:51.237+00:00,False,92,91.0,,91.0,293647.881294,300048.63931,300048.639328,3261.3982535652176,0.02054,293647.881294,30607.58086478342,88.12491055000001,70.33800017582418,19.517861414106406,0.30328416155882615,24,64,,False,False,Request timeout: 300.0s exceeded,433,21.16838264042747
437,2026-09-14T02:27:55.142+00:00,2026-09-14T02:32:48.434+00:00,2026-09-14T02:32:55.182+00:00,False,100,99.0,,99.0,293291.97705299995,300040.4831649999,300040.48341299995,3000.4048341299995,0.047700000000000006,293291.97705299995,29322.38762973385,89.40111695,68.16672840404041,19.770146700779527,0.32995547452694035,24,64,,False,False,Request timeout: 300.0s exceeded,393,21.16838264042747
438,2026-09-14T02:27:58.333+00:00,2026-09-14T02:32:51.745+00:00,2026-09-14T02:32:58.400+00:00,False,97,96.0,,96.0,293411.46536699997,300067.003031,300067.003003,3093.4742577628863,0.03329,293411.46536699997,29784.387168129564,87.9771098,69.32851733333332,18.67850576583098,0.3199285460590355,24,64,,False,False,Request timeout: 300.0s exceeded,428,21.16838264042747
439,2026-09-14T02:28:00.591+00:00,2026-09-14T02:32:54.024+00:00,2026-09-14T02:33:00.676+00:00,False,97,96.0,,96.0,293432.88928500004,300085.59482100006,300085.59495800006,3093.665927402062,0.026949999999999998,293432.88928500004,29786.5655640628,89.76683859999999,69.299016,18.88976261623109,0.3199087248998528,24,64,,False,False,Request timeout: 300.0s exceeded,474,21.16838264042747
440,2026-09-14T02:28:04.591+00:00,2026-09-14T02:32:58.402+00:00,2026-09-14T02:33:04.619+00:00,False,93,92.0,,92.0,293811.510514,300028.05579400004,300028.055797,3226.1081268494627,0.0207,293811.510514,30459.83424272503,89.524537,67.57114434782609,20.265332209870138,0.30663799009239123,24,64,,False,False,Request timeout: 300.0s exceeded,366,21.16838264042747
441,2026-09-14T02:28:06.958+00:00,2026-09-14T02:33:00.426+00:00,2026-09-14T02:33:06.998+00:00,False,98,97.0,,97.0,293468.250963,300040.603219,300040.603135,3061.6388075,0.04893,293468.250963,29637.932646906993,89.2483295,67.75620882474227,20.49313132062329,0.3232895780082124,24,64,,False,False,Request timeout: 300.0s exceeded,470,21.16838264042747
442,2026-09-14T02:28:10.175+00:00,2026-09-14T02:33:04.024+00:00,2026-09-14T02:33:10.208+00:00,False,93,92.0,,92.0,293848.79260600003,300033.14409400005,300033.14412600006,3226.1628400645163,0.02155,293848.79260600003,30463.737304412534,91.0021438,67.22121182608696,21.451593176878045,0.3066327897799735,24,64,,False,False,Request timeout: 300.0s exceeded,481,21.16838264042747
443,2026-09-14T02:28:14.621+00:00,2026-09-14T02:33:07.470+00:00,2026-09-14T02:33:14.754+00:00,False,122,121.0,,121.0,292848.689054,300133.45577400003,300133.455953,2460.1102946967217,0.0,292848.689054,26507.894883973033,89.87792595,60.20468363636363,61.61573159995693,0.4031539892410821,24,64,,False,False,Request timeout: 300.0s exceeded,608,21.16838264042747
444,2026-09-14T02:28:16.832+00:00,2026-09-14T02:33:10.203+00:00,2026-09-14T02:33:16.863+00:00,False,117,116.0,,116.0,293371.56584399997,300030.92584399995,300030.92588299996,2564.3668878888884,0.0,293371.56584399997,27116.975930746306,91.38309159999999,57.40827586206897,62.96475869653387,0.38662681079854344,24,64,,False,False,Request timeout: 300.0s exceeded,604,21.16838264042747
445,2026-09-14T02:28:20.923+00:00,2026-09-14T02:33:16.037+00:00,2026-09-14T02:33:20.958+00:00,False,75,74.0,,74.0,295113.878371,300034.841955,300034.842098,4000.464561306667,0.03325,295113.878371,34069.14326279148,88.84667510000001,66.4995078918919,21.255461312703304,0.2466380221637683,24,64,,False,False,Request timeout: 300.0s exceeded,327,21.16838264042747
446,2026-09-14T02:28:24.359+00:00,2026-09-14T02:33:17.714+00:00,2026-09-14T02:33:24.450+00:00,False,95,94.0,,94.0,293354.72032599995,300090.988102,300090.988163,3158.852506978947,0.03578,293354.72032599995,30090.212748572838,89.0370334,71.66242314893617,18.951365006473555,0.31323833012955954,24,64,,False,False,Request timeout: 300.0s exceeded,476,21.16838264042747
447,2026-09-14T02:28:26.857+00:00,2026-09-14T02:33:20.653+00:00,2026-09-14T02:33:26.871+00:00,False,89,88.0,,88.0,293795.773438,300013.373182,300013.373329,3370.9367789775283,0.05679,293795.773438,31134.806205124853,89.93784240000001,70.65454254545455,19.231365237913245,0.293320257916022,24,64,,False,False,Request timeout: 300.0s exceeded,470,21.16838264042747
448,2026-09-14T02:28:30.443+00:00,2026-09-14T02:33:24.203+00:00,2026-09-14T02:33:30.531+00:00,False,97,96.0,,96.0,293759.952277,300088.127125,300088.127345,3093.692034484536,0.027530000000000002,293759.952277,29820.1179094704,89.2959216,65.918488,20.26889229584823,0.31990602533905566,24,64,,False,False,Request timeout: 300.0s exceeded,401,21.16838264042747
449,2026-09-14T02:28:33.943+00:00,2026-09-14T02:33:27.463+00:00,2026-09-14T02:33:33.967+00:00,False,102,101.0,,101.0,293519.213038,300023.308782,300023.30886399996,2941.404988862745,0.035239,293519.213038,29056.36333467836,88.61100155000003,64.39698756435644,20.016191798664902,0.3366405110657174,24,64,,False,False,Request timeout: 300.0s exceeded,468,21.16838264042747
450,2026-09-14T02:28:36.611+00:00,2026-09-14T02:33:30.116+00:00,2026-09-14T02:33:36.628+00:00,False,99,98.0,,98.0,293504.93346100004,300017.089877,300017.08973000007,3030.475653838384,0.021070000000000002,293504.93346100004,29491.68369137042,88.1285889,66.45057567346939,19.705271764730362,0.32664805874951225,24,64,,False,False,Request timeout: 300.0s exceeded,420,21.16838264042747
451,2026-09-14T02:28:40.036+00:00,2026-09-14T02:33:33.791+00:00,2026-09-14T02:33:40.081+00:00,False,98,97.0,,97.0,293755.723935,300045.44271900004,300045.44293200003,3061.688193183674,0.03548,293755.723935,29667.265668734166,89.04295950000001,64.84246169072165,19.8099647137157,0.32328436359835966,24,64,,False,False,Request timeout: 300.0s exceeded,448,21.16838264042747
452,2026-09-14T02:28:43.442+00:00,2026-09-14T02:33:37.141+00:00,2026-09-14T02:33:43.517+00:00,False,101,100.0,,100.0,293698.421409,300074.509473,300074.509464,2971.0347471683167,0.03685,293698.421409,29217.748874063833,91.02069800000001,63.76088064,21.889998655002465,0.33325056558660393,24,64,,False,False,Request timeout: 300.0s exceeded,449,21.16838264042747
453,2026-09-14T02:28:46.104+00:00,2026-09-14T02:33:39.831+00:00,2026-09-14T02:33:46.191+00:00,False,96,95.0,,95.0,293726.88312,300087.371056,300087.371018,3125.9101147708334,0.03651,293726.88312,29971.54809953102,88.39425375,66.95250458947369,20.499399704201217,0.3165744685146108,24,64,,False,False,Request timeout: 300.0s exceeded,423,21.16838264042747
454,2026-09-14T02:28:49.087+00:00,2026-09-14T02:33:42.927+00:00,2026-09-14T02:33:49.119+00:00,False,92,91.0,,91.0,293840.308273,300032.403505,300032.403616,3261.2217784347827,0.152919,293840.308273,30627.881898232292,87.11635445,68.04500254945054,19.639214545722744,0.30330057332785226,24,64,,False,False,Request timeout: 300.0s exceeded,290,21.16838264042747
455,2026-09-14T02:28:52.475+00:00,2026-09-14T02:33:46.526+00:00,2026-09-14T02:33:52.485+00:00,False,94,93.0,,93.0,294051.101231,300010.344751,300010.344856,3191.599413361702,0.06172,294051.101231,30322.452701707098,87.10791565,64.07788731182795,19.96451492874994,0.3099893107925573,24,64,,False,False,Request timeout: 300.0s exceeded,375,21.16838264042747
456,2026-09-14T02:28:55.340+00:00,2026-09-14T02:33:49.042+00:00,2026-09-14T02:33:55.396+00:00,False,99,98.0,,98.0,293701.855611,300055.805563,300055.80565299996,3030.8667237676764,0.03649,293701.855611,29511.637203145136,87.107785,64.836224,19.472771137363118,0.326605911910689,24,64,,False,False,Request timeout: 300.0s exceeded,484,21.16838264042747
457,2026-09-14T02:28:58.556+00:00,2026-09-14T02:33:52.111+00:00,2026-09-14T02:33:58.589+00:00,False,97,96.0,,96.0,293554.166195,300032.694195,300032.694344,3093.120560247423,0.01936,293554.166195,29799.06434256225,87.9340546,67.48466666666667,20.060524600426813,0.31996512999215615,24,64,,False,False,Request timeout: 300.0s exceeded,412,21.16838264042747
458,2026-09-14T02:29:00.936+00:00,2026-09-14T02:33:54.728+00:00,2026-09-14T02:34:00.948+00:00,False,93,92.0,,92.0,293792.279644,300012.07049199997,300012.070459,3225.9362414946236,0.03645,293792.279644,30457.836179619164,87.84092860000001,67.60642226086956,19.870800565678,0.30665432843793944,24,64,,False,False,Request timeout: 300.0s exceeded,436,21.16838264042747
459,2026-09-14T02:29:03.820+00:00,2026-09-14T02:33:57.154+00:00,2026-09-14T02:34:03.898+00:00,False,101,100.0,,100.0,293333.670314,300077.625514,300077.625383,2971.065597851485,0.03444,293333.670314,29181.087163855747,88.156183,67.439552,19.634719399130603,0.33324710507393207,24,64,,False,False,Request timeout: 300.0s exceeded,517,21.16838264042747
460,2026-09-14T02:29:07.379+00:00,2026-09-14T02:34:01.076+00:00,2026-09-14T02:34:07.431+00:00,False,100,99.0,,99.0,293697.815649,300052.852833,300052.852889,3000.52852889,0.0,293697.815649,29363.436768342614,87.99487049999999,64.1922947878788,66.45159903145857,0.329941872124443,24,64,,False,False,Request timeout: 300.0s exceeded,459,21.16838264042747
461,2026-09-14T02:29:10.551+00:00,2026-09-14T02:34:04.304+00:00,2026-09-14T02:34:10.587+00:00,False,96,95.0,,95.0,293752.169796,300035.909188,300035.909337,3125.37405559375,0.0,293752.169796,29974.281580298968,89.98761525,66.14462517894736,68.36974493917002,0.31662876706025805,24,64,,False,False,Request timeout: 300.0s exceeded,458,21.16838264042747
462,2026-09-14T02:29:14.385+00:00,2026-09-14T02:34:08.145+00:00,2026-09-14T02:34:14.446+00:00,False,87,86.0,,86.0,293760.461723,300061.280411,300061.280257,3448.98023283908,0.03595,293760.461723,31486.578769810032,91.7268996,73.26533358139534,20.054912577376783,0.2866081217883362,24,64,,False,False,Request timeout: 300.0s exceeded,460,21.16838264042747
463,2026-09-14T02:29:17.774+00:00,2026-09-14T02:34:11.450+00:00,2026-09-14T02:34:17.843+00:00,False,92,91.0,,91.0,293676.318153,300069.501129,300069.501322,3261.6250143695647,0.039959,293676.318153,30610.554556980405,89.14161299999999,70.25475797802198,19.936582910148594,0.3032630762460563,24,64,,False,False,Request timeout: 300.0s exceeded,407,21.16838264042747
464,2026-09-14T02:29:20.783+00:00,2026-09-14T02:34:14.622+00:00,2026-09-14T02:34:20.823+00:00,False,91,90.0,,90.0,293839.621821,300040.205757,300040.205677,3297.1451173296705,0.02565,293839.621821,30795.546291840976,89.2164415,68.89537706666667,20.10724781245626,0.2999597996306209,24,64,,False,False,Request timeout: 300.0s exceeded,452,21.16838264042747
465,2026-09-14T02:29:23.953+00:00,2026-09-14T02:34:17.593+00:00,2026-09-14T02:34:24.026+00:00,False,94,93.0,,93.0,293640.470623,300073.370207,300073.370159,3192.2698953085105,0.03656,293640.470623,30279.574020196156,87.69280200000001,69.1709632688172,19.86174116046367,0.30992420265698917,24,64,,False,False,Request timeout: 300.0s exceeded,471,21.16838264042747
466,2026-09-14T02:29:27.168+00:00,2026-09-14T02:34:20.777+00:00,2026-09-14T02:34:27.199+00:00,False,94,93.0,,93.0,293608.82325300004,300030.49416500004,300030.49401300005,3191.813766095745,0.038520000000000006,293608.82325300004,30276.322477522426,89.58880345,69.05022486021505,20.13761585300012,0.3099684925654763,24,64,,False,False,Request timeout: 300.0s exceeded,413,21.16838264042747
467,2026-09-14T02:29:30.926+00:00,2026-09-14T02:34:24.635+00:00,2026-09-14T02:34:30.957+00:00,False,93,92.0,,92.0,293709.61097399995,300031.642846,300031.64297399996,3226.146698645161,0.02141,293709.61097399995,30449.148730818903,88.19057000000001,68.71773773913044,20.07018529023623,0.30663432405768515,24,64,,False,False,Request timeout: 300.0s exceeded,294,21.16838264042747
468,2026-09-14T02:29:34.368+00:00,2026-09-14T02:34:28.099+00:00,2026-09-14T02:34:34.403+00:00,False,97,96.0,,96.0,293731.255221,300035.220917,300035.221099,3093.146609268041,0.023268999999999998,293731.255221,29817.229542813362,86.9452448,65.66630933333333,19.927619174099952,0.31996243543206176,24,64,,False,False,Request timeout: 300.0s exceeded,458,21.16838264042747
469,2026-09-14T02:29:37.898+00:00,2026-09-14T02:34:31.631+00:00,2026-09-14T02:34:37.944+00:00,False,94,93.0,,93.0,293733.38505000004,300046.06319400005,300046.06321000005,3191.979395851064,0.041159999999999995,293733.38505000004,30289.29105474412,88.9226868,67.87825961290322,20.33863964327336,0.3099524086735616,24,64,,False,False,Request timeout: 300.0s exceeded,476,21.16838264042747
470,2026-09-14T02:29:40.129+00:00,2026-09-14T02:34:34.321+00:00,2026-09-14T02:34:40.139+00:00,False,82,81.0,,81.0,294191.53851499996,300009.893971,300009.89405899995,3658.6572446219507,0.038990000000000004,294191.53851499996,32480.093591158344,88.52958355000001,71.83154883950618,19.023663093631477,0.2699910957197623,24,64,,False,False,Request timeout: 300.0s exceeded,328,21.16838264042747
471,2026-09-14T02:29:42.398+00:00,2026-09-14T02:34:36.046+00:00,2026-09-14T02:34:42.433+00:00,False,93,92.0,,92.0,293647.693505,300034.91168099997,300034.91168799996,3226.181846107527,0.03724,293647.693505,30442.654492412148,89.11808400000001,69.42628452173912,19.722708862044577,0.306630983323085,24,64,,False,False,Request timeout: 300.0s exceeded,483,21.16838264042747
472,2026-09-14T02:29:46.057+00:00,2026-09-14T02:34:39.929+00:00,2026-09-14T02:34:46.080+00:00,False,92,91.0,,91.0,293872.10302700003,300023.15121900005,300023.151246,3261.1212091956527,0.020739999999999998,293872.10302700003,30631.243775030587,86.82682305,67.59393617582418,19.667910823796134,0.3033099266848748,24,64,,False,False,Request timeout: 300.0s exceeded,380,21.16838264042747
473,2026-09-14T02:29:48.732+00:00,2026-09-14T02:34:42.685+00:00,2026-09-14T02:34:48.754+00:00,False,95,94.0,,94.0,293953.139007,300022.168383,300022.168551,3158.1280900105266,0.03367,293953.139007,30152.337959635523,87.79793799999999,64.56414229787234,19.729616805987693,0.31331018139966976,24,64,,False,False,Request timeout: 300.0s exceeded,434,21.16838264042747
474,2026-09-14T02:29:52.409+00:00,2026-09-14T02:34:46.287+00:00,2026-09-14T02:34:52.478+00:00,False,96,95.0,,95.0,293878.33510799997,300069.47571599996,300069.475665,3125.7237048437496,0.038450000000000005,293878.33510799997,29987.18699819827,86.94497349999997,65.1699011368421,19.688405268138933,0.31659334816818396,24,64,,True,False,Request timeout: 300.0s exceeded,486,21.16838264042747
475,2026-09-14T02:29:55.614+00:00,2026-09-14T02:34:49.220+00:00,2026-09-14T02:34:55.645+00:00,False,96,95.0,,95.0,293606.03689700004,300031.00201700005,300031.002059,3125.322938114584,0.02551,293606.03689700004,29959.144469101826,88.66981275,67.63121178947368,19.674956100161673,0.3166339456967757,24,64,,True,False,Request timeout: 300.0s exceeded,441,21.16838264042747
476,2026-09-14T02:29:58.843+00:00,2026-09-14T02:34:52.479+00:00,2026-09-14T02:34:58.904+00:00,False,96,95.0,,95.0,293636.022926,300061.773966,300061.773848,3125.6434775833336,0.02575,293636.022926,29962.20419860486,87.63810425,67.63948463157895,19.886317268491336,0.3166014742376496,24,64,,True,False,Request timeout: 300.0s exceeded,409,21.16838264042747
477,2026-09-14T02:30:02.891+00:00,2026-09-14T02:34:56.202+00:00,2026-09-14T02:35:02.957+00:00,False,104,103.0,,103.0,293310.849925,300066.470277,300066.470192,2885.254521076923,0.02345,293310.849925,28755.070315304085,87.91658315000001,65.58854710679611,19.66757824333228,0.34325727864535394,24,64,,True,False,Request timeout: 300.0s exceeded,491,21.16838264042747
478,2026-09-14T02:30:06.655+00:00,2026-09-14T02:35:00.087+00:00,2026-09-14T02:35:06.681+00:00,False,97,96.0,,96.0,293432.617463,300026.456823,300026.45673,3093.0562549484534,0.04149,293432.617463,29786.60108525786,88.159226,68.68582666666667,20.214270690154006,0.3199717818773396,24,64,,True,False,Request timeout: 300.0s exceeded,500,21.16838264042747
479,2026-09-14T02:30:09.999+00:00,2026-09-14T02:35:03.898+00:00,2026-09-14T02:35:10.042+00:00,False,92,91.0,,91.0,293898.691773,300042.900669,300042.900649,3261.335876619565,0.02164,293898.691773,30634.023900037086,88.6400971,67.51877907692307,20.01363914537053,0.3032899621924032,24,64,,True,False,Request timeout: 300.0s exceeded,317,21.16838264042747
480,2026-09-14T02:30:13.715+00:00,2026-09-14T02:35:07.070+00:00,2026-09-14T02:35:13.758+00:00,False,102,101.0,,101.0,293354.10309600004,300042.51269600005,300042.512683,2941.5932615980396,0.03617,293354.10309600004,29039.83471741099,87.77891005000001,66.22187722772277,20.57986215232557,0.3366189647342813,24,64,,True,False,Request timeout: 300.0s exceeded,435,21.16838264042747
481,2026-09-14T02:30:16.239+00:00,2026-09-14T02:35:09.958+00:00,2026-09-14T02:35:16.338+00:00,False,96,95.0,,95.0,293718.689339,300098.776891,300098.776847,3126.028925489583,0.03153,293718.689339,29970.691218243504,90.46853725000001,67.15881633684211,21.15301299369982,0.3165624364890541,24,64,,True,False,Request timeout: 300.0s exceeded,461,21.16838264042747
482,2026-09-14T02:30:18.956+00:00,2026-09-14T02:35:12.326+00:00,2026-09-14T02:35:18.982+00:00,False,97,96.0,,96.0,293370.068658,300026.01259399997,300026.012643,3093.0516767319587,0.03542,293370.068658,29780.18467315263,89.71146279999999,69.33274933333333,20.422421772849653,0.3199722556387427,24,64,,True,False,Request timeout: 300.0s exceeded,475,21.16838264042747
483,2026-09-14T02:30:22.568+00:00,2026-09-14T02:35:16.205+00:00,2026-09-14T02:35:22.643+00:00,False,92,91.0,,91.0,293637.200237,300074.82993300003,300074.829985,3261.6829346195655,0.02124,293637.200237,30606.424857845603,88.22589055,70.74318347252748,19.219587058145848,0.30325769082437953,24,64,,True,False,Request timeout: 300.0s exceeded,307,21.16838264042747
484,2026-09-14T02:30:25.199+00:00,2026-09-14T02:35:18.465+00:00,2026-09-14T02:35:25.222+00:00,False,99,98.0,,98.0,293265.518414,300022.356302,300022.356358,3030.52885210101,0.02147,293265.518414,29467.370208611854,87.16053690000001,68.9473253877551,19.03276400213858,0.32664232495179135,24,64,,True,False,Request timeout: 300.0s exceeded,428,21.16838264042747
485,2026-09-14T02:30:28.274+00:00,2026-09-14T02:35:21.739+00:00,2026-09-14T02:35:28.334+00:00,False,93,92.0,,92.0,293464.64024800004,300059.704312,300059.70430300006,3226.448433365592,0.031679,293464.64024800004,30423.439376065613,89.0476282,71.68547895652173,21.058739623163326,0.30660564773582205,24,64,,True,False,Request timeout: 300.0s exceeded,427,21.16838264042747
486,2026-09-14T02:30:32.222+00:00,2026-09-14T02:35:25.797+00:00,2026-09-14T02:35:32.251+00:00,False,94,93.0,,93.0,293575.50159899995,300029.73391899996,300029.73383099993,3191.805679053191,0.02441,293575.50159899995,30272.848975995836,88.04942615,69.40034752688173,19.325518424969214,0.3099692779953187,24,64,,True,False,Request timeout: 300.0s exceeded,228,21.16838264042747
487,2026-09-14T02:30:35.289+00:00,2026-09-14T02:35:29.401+00:00,2026-09-14T02:35:35.336+00:00,False,85,84.0,,84.0,294111.655841,300047.105953,300047.106038,3529.9659533882354,0.03588,294111.655841,31893.229396527146,88.5350054,70.66012038095239,18.820669105198263,0.2799560413462476,24,64,,True,False,Request timeout: 300.0s exceeded,408,21.16838264042747
488,2026-09-14T02:30:38.114+00:00,2026-09-14T02:35:31.773+00:00,2026-09-14T02:35:38.132+00:00,False,94,93.0,,93.0,293659.20861900004,300018.06045900006,300018.06034200004,3191.6814930000005,0.027379999999999998,293659.20861900004,30281.588970965626,87.93068565,68.37475096774193,20.093680985344943,0.3099813386491418,24,64,,True,False,Request timeout: 300.0s exceeded,398,21.16838264042747
489,2026-09-14T02:30:41.577+00:00,2026-09-14T02:35:35.251+00:00,2026-09-14T02:35:41.607+00:00,False,94,93.0,,93.0,293674.29339099996,300030.61057499994,300030.61071899993,3191.8150076489355,0.02234,293674.29339099996,30283.147651381038,89.58539895,68.34749660215054,20.085345529677934,0.30996837229964036,24,64,,True,False,Request timeout: 300.0s exceeded,431,21.16838264042747
490,2026-09-14T02:30:43.802+00:00,2026-09-14T02:35:37.591+00:00,2026-09-14T02:35:43.836+00:00,False,92,91.0,,91.0,293789.2662,300034.317592,300034.317553,3261.242582097826,0.0358,293789.2662,30622.500233894683,88.95631255,68.62693837362636,20.426492629308566,0.30329863840357707,24,64,,True,False,Request timeout: 300.0s exceeded,424,21.16838264042747
491,2026-09-14T02:30:47.230+00:00,2026-09-14T02:35:41.046+00:00,2026-09-14T02:35:47.270+00:00,False,90,89.0,,89.0,293815.675069,300039.306173,300039.306177,3333.7700686333333,0.023059999999999997,293815.675069,30963.52734534028,90.78726645,69.92843937078652,20.839640510137166,0.2966278023209512,24,64,,True,False,Request timeout: 300.0s exceeded,421,21.16838264042747
492,2026-09-14T02:30:50.793+00:00,2026-09-14T02:35:44.830+00:00,2026-09-14T02:35:50.857+00:00,False,89,88.0,,88.0,294036.677496,300064.23512800003,300064.235079,3371.508259314607,0.03464,294036.677496,31160.571813060185,91.4411706,68.4949730909091,20.6836296956469,0.2932705390979414,24,64,,True,False,Request timeout: 300.0s exceeded,296,21.16838264042747
493,2026-09-14T02:30:53.451+00:00,2026-09-14T02:35:46.834+00:00,2026-09-14T02:35:53.474+00:00,False,98,97.0,,97.0,293382.792137,300023.317449,300023.31735800003,3061.462422020408,0.026949999999999998,293382.792137,29629.228420323863,89.14321435,68.45902383505155,19.61446988076201,0.32330820425811974,24,64,,True,False,Request timeout: 300.0s exceeded,501,21.16838264042747
494,2026-09-14T02:30:55.874+00:00,2026-09-14T02:35:49.447+00:00,2026-09-14T02:35:55.960+00:00,False,94,93.0,,93.0,293572.87639999995,300085.43985599995,300085.43995999993,3192.398297446808,0.03787,293572.87639999995,30272.513132759657,85.9757655,70.02756404301076,18.710783678966685,0.30991173728597865,24,64,,True,False,Request timeout: 300.0s exceeded,263,21.16838264042747
495,2026-09-14T02:30:59.225+00:00,2026-09-14T02:35:52.673+00:00,2026-09-14T02:35:59.277+00:00,False,100,99.0,,99.0,293448.28008600004,300052.34280600003,300052.34272400005,3000.5234272400003,0.019579999999999997,293448.28008600004,29338.163816230463,87.84061439999999,66.70770424242424,19.74614202336969,0.32994243295746845,24,64,,True,False,Request timeout: 300.0s exceeded,453,21.16838264042747
496,2026-09-14T02:31:02.876+00:00,2026-09-14T02:35:56.650+00:00,2026-09-14T02:36:02.883+00:00,False,95,94.0,,94.0,293774.248793,300007.009369,300007.009236,3157.9685182736844,0.0282,293774.248793,30133.806065180157,89.49771000000001,66.30596357446808,20.571631711812653,0.3133260126078678,24,64,,True,False,Request timeout: 300.0s exceeded,236,21.16838264042747
497,2026-09-14T02:31:05.718+00:00,2026-09-14T02:35:59.786+00:00,2026-09-14T02:36:05.773+00:00,False,87,86.0,,86.0,294067.483489,300054.634593,300054.63452900003,3448.9038451609194,0.030019999999999998,294067.483489,31519.88645585256,90.18690129999999,69.61803609302325,20.793608706293643,0.2866144697836515,24,64,,True,False,Request timeout: 300.0s exceeded,374,21.16838264042747
498,2026-09-14T02:31:08.950+00:00,2026-09-14T02:36:03.057+00:00,2026-09-14T02:36:09.018+00:00,False,84,83.0,,83.0,294107.23678,300068.39645999996,300068.396425,3572.2428145833333,0.03593,294107.23678,32081.899801752268,88.392281,71.82120096385542,19.37589706296515,0.2766036043088068,24,64,,True,False,Request timeout: 300.0s exceeded,366,21.16838264042747
499,2026-09-14T02:31:12.148+00:00,2026-09-14T02:36:06.166+00:00,2026-09-14T02:36:12.197+00:00,False,88,87.0,,87.0,294017.50049400004,300048.656206,300048.656169,3409.6438201022734,0.02465,294017.50049400004,31334.986845806117,88.24059634999999,69.32362887356321,19.35062013379508,0.2899529732946702,24,64,,True,False,Request timeout: 300.0s exceeded,329,21.16838264042747
500,2026-09-14T02:31:14.823+00:00,2026-09-14T02:36:08.330+00:00,2026-09-14T02:36:14.855+00:00,False,97,96.0,,96.0,293507.275394,300031.592066,300031.591908,3093.1091949278352,0.030969999999999998,293507.275394,29794.254344367702,87.754093,67.961632,19.246114593545588,0.31996630534454595,24,64,,True,False,Request timeout: 300.0s exceeded,435,21.16838264042747
501,2026-09-14T02:31:18.181+00:00,2026-09-14T02:36:11.823+00:00,2026-09-14T02:36:18.207+00:00,False,92,91.0,,91.0,293642.088142,300025.75892600004,300025.75887300004,3261.1495529673916,0.02813,293642.088142,30606.996000983992,87.06923950000001,70.1502283956044,18.76985617423804,0.3033072904331682,24,64,,True,False,Request timeout: 300.0s exceeded,434,21.16838264042747
502,2026-09-14T02:31:22.008+00:00,2026-09-14T02:36:15.848+00:00,2026-09-14T02:36:22.088+00:00,False,91,90.0,,90.0,293840.054319,300080.672303,300080.672351,3297.589806054945,0.02089,293840.054319,30795.54468516379,88.74067299999999,69.34019982222222,19.614063397235913,0.29991934938456966,24,64,,True,False,Request timeout: 300.0s exceeded,373,21.16838264042747
503,2026-09-14T02:31:24.973+00:00,2026-09-14T02:36:18.714+00:00,2026-09-14T02:36:25.017+00:00,False,96,95.0,,95.0,293741.024722,300043.578834,300043.578823,3125.4539460729166,0.02434,293741.024722,29973.053491615192,87.273496,66.3426748631579,20.247775219412954,0.31662067346743333,24,64,,True,False,Request timeout: 300.0s exceeded,452,21.16838264042747
504,2026-09-14T02:31:28.513+00:00,2026-09-14T02:36:22.333+00:00,2026-09-14T02:36:28.528+00:00,False,93,92.0,,92.0,293819.931719,300014.149703,300014.14960999996,3225.9585979569893,0.03511,293819.931719,30460.732695536328,89.4828456,67.32845634782609,20.339708872849588,0.3066522032080011,24,64,,True,False,Request timeout: 300.0s exceeded,405,21.16838264042747
505,2026-09-14T02:31:30.984+00:00,2026-09-14T02:36:24.759+00:00,2026-09-14T02:36:31.030+00:00,False,88,87.0,,87.0,293774.752226,300046.104802,300046.104687,3409.6148259886363,0.02586,293774.752226,31308.81528272918,87.79352134999999,72.08451236781609,19.01275197024798,0.28995543887300645,24,64,,True,False,Request timeout: 300.0s exceeded,502,21.16838264042747
506,2026-09-14T02:31:33.276+00:00,2026-09-14T02:36:27.112+00:00,2026-09-14T02:36:33.307+00:00,False,88,87.0,,87.0,293836.123149,300030.551821,300030.551742,3409.4380879772725,0.02557,293836.123149,31315.451581227142,88.00149735,71.20032956321839,18.817112482521026,0.28997046958039363,24,64,,True,False,Request timeout: 300.0s exceeded,419,21.16838264042747
507,2026-09-14T02:31:35.962+00:00,2026-09-14T02:36:29.834+00:00,2026-09-14T02:36:36.030+00:00,False,89,88.0,,88.0,293872.113357,300068.209613,300068.209567,3371.552916483146,0.0375,293872.113357,31142.92443459943,88.7706834,70.41018472727274,19.738452155423012,0.2932666546499351,24,64,,True,False,Request timeout: 300.0s exceeded,425,21.16838264042747
508,2026-09-14T02:31:39.876+00:00,2026-09-14T02:36:33.693+00:00,2026-09-14T02:36:39.926+00:00,False,92,91.0,,91.0,293816.83862,300050.131676,300050.13176,3261.4144756521737,0.01964,293816.83862,30625.388481772115,88.73733505,68.49772589010989,20.658357512704992,0.3032826531076599,24,64,,True,False,Request timeout: 300.0s exceeded,267,21.16838264042747
509,2026-09-14T02:31:42.119+00:00,2026-09-14T02:36:35.734+00:00,2026-09-14T02:36:42.145+00:00,False,96,95.0,,95.0,293614.49869,300026.179458,300026.17929199996,3125.272700958333,0.022969999999999997,293614.49869,29960.022836858956,89.85601074999998,67.49137650526316,20.38204809880227,0.3166390352055889,24,64,,True,False,Request timeout: 300.0s exceeded,397,21.16838264042747
510,2026-09-14T02:31:45.762+00:00,2026-09-14T02:36:39.408+00:00,2026-09-14T02:36:45.809+00:00,False,92,91.0,,91.0,293645.96472600003,300046.997174,300046.996991,3261.380402076087,0.023850000000000003,293645.96472600003,30607.3816262408,90.81037599999999,70.34101591208791,20.883804393139926,0.30328582141159793,24,64,,True,False,Request timeout: 300.0s exceeded,385,21.16838264042747
511,2026-09-14T02:31:49.830+00:00,2026-09-14T02:36:43.535+00:00,2026-09-14T02:36:49.895+00:00,False,93,92.0,,92.0,293705.166235,300065.207195,300065.207307,3226.507605451613,0.037329999999999995,293705.166235,30448.645478663817,90.95566559999999,69.13088,20.80305993504204,0.30660002490796273,24,64,,True,False,Request timeout: 300.0s exceeded,428,21.16838264042747
512,2026-09-14T02:31:53.307+00:00,2026-09-14T02:36:47.307+00:00,2026-09-14T02:36:53.338+00:00,False,90,89.0,,89.0,294000.540417,300030.758145,300030.758013,3333.6750890333333,0.02131,294000.540417,30983.242273633146,88.91533490000002,67.75525537078651,19.822671146352224,0.29663625339701916,24,64,,True,False,Request timeout: 300.0s exceeded,432,21.16838264042747
513,2026-09-14T02:31:56.941+00:00,2026-09-14T02:36:50.744+00:00,2026-09-14T02:36:56.985+00:00,False,90,89.0,,89.0,293802.96104900003,300043.71573700005,300043.71578100004,3333.819064233334,0.023440000000000003,293802.96104900003,30962.166160551362,88.27652545000001,70.12083919101123,19.713888937880487,0.29662344295859855,24,64,,True,False,Request timeout: 300.0s exceeded,408,21.16838264042747
514,2026-09-14T02:32:00.597+00:00,2026-09-14T02:36:54.338+00:00,2026-09-14T02:37:00.672+00:00,False,90,89.0,,89.0,293740.810653,300075.19862100005,300075.198769,3334.1688752111113,0.027989999999999998,293740.810653,30955.503996373034,89.33618139999999,71.17289851685393,19.64768504732362,0.29659232222123255,24,64,,True,False,Request timeout: 300.0s exceeded,158,21.16838264042747
515,2026-09-14T02:32:05.629+00:00,2026-09-14T02:36:58.923+00:00,2026-09-14T02:37:05.726+00:00,False,106,105.0,,105.0,293294.59153,300097.003562,300097.003707,2831.1038085566033,0.03547,293294.59153,28481.003719894743,88.4020415,64.7848764952381,20.288700562582708,0.3498868657590812,24,64,,True,False,Request timeout: 300.0s exceeded,442,21.16838264042747
516,2026-09-14T02:32:07.013+00:00,2026-09-14T02:37:00.757+00:00,2026-09-14T02:37:07.186+00:00,False,101,100.0,,100.0,293743.723684,300173.235364,300173.235318,2972.0122308712876,0.0359,293743.723684,29222.208473652765,90.34003899999999,64.2951168,27.842359900807445,0.3331409606813768,24,64,,True,False,Request timeout: 300.0s exceeded,478,21.16838264042747
517,2026-09-14T02:32:10.146+00:00,2026-09-14T02:37:03.963+00:00,2026-09-14T02:37:10.154+00:00,False,103,102.0,,102.0,293817.073852,300008.328636,300008.328629,2912.7022196990292,0.0,293817.073852,28944.689462641152,90.78571400000001,60.698576313725496,28.344150401729895,0.33999056114124276,24,64,,True,False,Request timeout: 300.0s exceeded,394,21.16838264042747
518,2026-09-14T02:32:12.939+00:00,2026-09-14T02:37:07.185+00:00,2026-09-14T02:37:13.005+00:00,False,90,89.0,,89.0,294246.49891900003,300065.795431,300065.79544,3334.064393777778,0.0,294246.49891900003,31009.41996525283,89.2519704,65.38535406741573,22.189067404745575,0.29660161656267653,24,64,,True,False,Request timeout: 300.0s exceeded,405,21.16838264042747
519,2026-09-14T02:32:15.436+00:00,2026-09-14T02:37:09.307+00:00,2026-09-14T02:37:15.470+00:00,False,92,91.0,,91.0,293871.23436400003,300034.6279,300034.62794700003,3261.2459559456524,0.040879,293871.23436400003,30631.13920535368,88.36510255000002,67.7295992967033,19.88487370356958,0.3032983247198047,24,64,,True,False,Request timeout: 300.0s exceeded,458,21.16838264042747
520,2026-09-14T02:32:18.222+00:00,2026-09-14T02:37:12.143+00:00,2026-09-14T02:37:18.240+00:00,False,96,95.0,,95.0,293920.41570300004,300017.38338300004,300017.38343700004,3125.1810774687506,0.0214,293920.41570300004,29991.58367625742,88.52729299999999,64.17860715789473,20.698340472969758,0.316648318603338,24,64,,True,False,Request timeout: 300.0s exceeded,453,21.16838264042747
521,2026-09-14T02:32:20.646+00:00,2026-09-14T02:37:14.296+00:00,2026-09-14T02:37:20.719+00:00,False,100,99.0,,99.0,293650.236094,300073.48601399997,300073.485852,3000.7348585199998,0.02861,293650.236094,29358.54250370954,88.47696244999999,64.88131232323232,20.413682011936157,0.32991918518046326,24,64,,True,False,Request timeout: 300.0s exceeded,449,21.16838264042747
522,2026-09-14T02:32:23.306+00:00,2026-09-14T02:37:17.121+00:00,2026-09-14T02:37:23.342+00:00,False,96,95.0,,95.0,293814.869539,300035.579171,300035.578963,3125.3706141979164,0.022969,293814.869539,29980.678530044373,90.4142745,65.48115402105263,20.774061174661345,0.3166291153285405,24,64,,True,False,Request timeout: 300.0s exceeded,406,21.16838264042747
523,2026-09-14T02:32:25.837+00:00,2026-09-14T02:37:19.401+00:00,2026-09-14T02:37:25.911+00:00,False,97,96.0,,96.0,293563.83538099995,300073.7830289999,300073.78304599994,3093.5441551134018,0.02377,293563.83538099995,29800.013064680432,89.82836379999999,67.81195466666667,20.352841523694853,0.3199213174538554,24,64,,True,False,Request timeout: 300.0s exceeded,385,21.16838264042747
524,2026-09-14T02:32:28.495+00:00,2026-09-14T02:37:22.187+00:00,2026-09-14T02:37:28.534+00:00,False,95,94.0,,94.0,293692.461944,300039.597432,300039.597511,3158.3115527473683,0.02687,293692.461944,30125.29000851947,88.8757561,67.52271795744682,20.470208229535984,0.3132919814735582,24,64,,True,False,Request timeout: 300.0s exceeded,308,21.16838264042747
525,2026-09-14T02:32:31.567+00:00,2026-09-14T02:37:24.930+00:00,2026-09-14T02:37:31.587+00:00,False,97,96.0,,96.0,293362.57418199995,300020.283494,300020.28345399996,3092.9926129278347,0.01787,293362.57418199995,29779.421145919896,88.1118598,69.35113866666667,19.345458020305788,0.31997836573579497,24,64,,True,False,Request timeout: 300.0s exceeded,508,21.16838264042747
526,2026-09-14T02:32:34.151+00:00,2026-09-14T02:37:27.854+00:00,2026-09-14T02:37:34.176+00:00,False,91,90.0,,90.0,293703.020674,300025.92397,300025.923904,3296.988174769231,0.03448,293703.020674,30781.083087733645,87.94269400000002,70.25448106666666,18.42168069672783,0.2999740782699805,24,64,,True,False,Request timeout: 300.0s exceeded,407,21.16838264042747
527,2026-09-14T02:32:36.537+00:00,2026-09-14T02:37:30.583+00:00,2026-09-14T02:37:36.567+00:00,False,88,87.0,,87.0,294045.692271,300030.050927,300030.05106800003,3409.4323985,0.01943,294045.692271,31338.04897370233,87.57833885,68.78573167816091,18.573452282087366,0.2899709536801295,24,64,,True,False,Request timeout: 300.0s exceeded,383,21.16838264042747
528,2026-09-14T02:32:40.052+00:00,2026-09-14T02:37:33.861+00:00,2026-09-14T02:37:40.094+00:00,False,95,94.0,,94.0,293808.646732,300042.186572,300042.186673,3158.3388070842107,0.03479,293808.646732,30137.33385593273,88.4335177,66.31425361702128,19.79943961675594,0.3132892779977231,24,64,,True,False,Request timeout: 300.0s exceeded,458,21.16838264042747
529,2026-09-14T02:32:43.025+00:00,2026-09-14T02:37:36.696+00:00,2026-09-14T02:37:43.117+00:00,False,94,93.0,,93.0,293671.155745,300092.518177,300092.518076,3192.4735965531913,0.03358,293671.155745,30282.75168550455,88.85033965000001,69.04690787096774,19.77200317494626,0.3099044273577888,24,64,,True,False,Request timeout: 300.0s exceeded,361,21.16838264042747
530,2026-09-14T02:32:46.826+00:00,2026-09-14T02:37:40.472+00:00,2026-09-14T02:37:46.881+00:00,False,92,91.0,,91.0,293646.42278799997,300054.90176399995,300054.901692,3261.46632273913,0.02376,293646.42278799997,30607.419431166487,87.0629291,70.4228458901099,18.661520475232006,0.30327783170685735,24,64,,True,False,Request timeout: 300.0s exceeded,309,21.16838264042747
531,2026-09-14T02:32:49.549+00:00,2026-09-14T02:37:43.276+00:00,2026-09-14T02:37:49.584+00:00,False,93,92.0,,92.0,293727.14880699996,300035.80595899996,300035.805901,3226.191461301075,0.022819,293727.14880699996,30450.981802439463,86.96501500000001,68.57236034782609,19.14108084409522,0.30663006938769116,24,64,,True,False,Request timeout: 300.0s exceeded,301,21.16838264042747
532,2026-09-14T02:32:53.074+00:00,2026-09-14T02:37:46.508+00:00,2026-09-14T02:37:53.120+00:00,False,98,97.0,,97.0,293434.37089200004,300046.525772,300046.52566700004,3061.6992415000004,0.02208,293434.37089200004,29634.467930203748,87.5807287,68.16654515463917,19.19028847728034,0.32328319666566835,24,64,,True,False,Request timeout: 300.0s exceeded,496,21.16838264042747
533,2026-09-14T02:32:56.045+00:00,2026-09-14T02:37:49.585+00:00,2026-09-14T02:37:56.095+00:00,False,93,92.0,,92.0,293540.245487,300049.998575,300049.998807,3226.344073193548,0.023530000000000002,293540.245487,30431.374648318506,89.263915,70.75818573913044,19.887350113585168,0.30661556552883584,24,64,,True,False,Request timeout: 300.0s exceeded,353,21.16838264042747
534,2026-09-14T02:32:59.666+00:00,2026-09-14T02:37:53.208+00:00,2026-09-14T02:37:59.759+00:00,False,93,92.0,,92.0,293541.658072,300093.08642400004,300093.08629400004,3226.8073795053765,0.02526,293541.658072,30431.474216055736,89.0811536,71.21117773913043,19.983331355794096,0.3065715411717738,24,64,,True,False,Request timeout: 300.0s exceeded,413,21.16838264042747
535,2026-09-14T02:33:02.334+00:00,2026-09-14T02:37:56.005+00:00,2026-09-14T02:38:02.419+00:00,False,93,92.0,,92.0,293670.843847,300084.625351,300084.62542,3226.7164023655914,0.02282,293670.843847,30445.02542633649,90.49559300000001,69.7150163478261,20.17929100089482,0.30658018514740754,24,64,,True,False,Request timeout: 300.0s exceeded,417,21.16838264042747
536,2026-09-14T02:33:05.269+00:00,2026-09-14T02:37:58.962+00:00,2026-09-14T02:38:05.299+00:00,False,93,92.0,,92.0,293693.169989,300029.69325300003,300029.693264,3226.1257340215057,0.020210000000000002,293693.169989,30447.427452271426,89.5729372,68.87525286956522,19.9243079370061,0.30663631656757717,24,64,,True,False,Request timeout: 300.0s exceeded,438,21.16838264042747
537,2026-09-14T02:33:08.290+00:00,2026-09-14T02:38:01.987+00:00,2026-09-14T02:38:08.340+00:00,False,93,92.0,,92.0,293697.38041900005,300049.6607390001,300049.66050000006,3226.3404354838717,0.0202,293697.38041900005,30447.846509737246,88.6018586,69.04652521739129,20.255490851016518,0.3066159107576087,24,64,,True,False,Request timeout: 300.0s exceeded,427,21.16838264042747
538,2026-09-14T02:33:10.968+00:00,2026-09-14T02:38:04.868+00:00,2026-09-14T02:38:12.754+00:00,False,72,71.0,,71.0,293899.527989,301786.209333,301786.209363,4191.475130041667,0.027530000000000002,293899.527989,34625.04203035597,90.74366270000002,111.08001892957746,349.7307969935726,0.23526588626074846,24,64,,True,False,Request timeout: 300.0s exceeded,235,21.16838264042747
539,2026-09-14T02:33:13.981+00:00,2026-09-14T02:38:07.551+00:00,2026-09-14T02:38:14.041+00:00,False,106,105.0,,105.0,293570.448962,300059.88461,300059.884556,2830.753627886793,0.01816,293570.448962,28509.534460973176,89.53076574999999,61.80414902857143,289.3846859401422,0.3499301485650865,24,64,,True,False,Request timeout: 300.0s exceeded,423,21.16838264042747
540,2026-09-14T02:33:17.608+00:00,2026-09-14T02:38:13.539+00:00,2026-09-14T02:38:17.627+00:00,False,63,62.0,,62.0,295930.949198,300019.03367800004,300019.033781,4762.206885412698,0.02853,295930.949198,37275.49677819142,87.45831399999999,65.93684645161291,26.046499872193117,0.20665355540922928,24,64,,True,False,Request timeout: 300.0s exceeded,307,21.16838264042747
541,2026-09-14T02:33:19.982+00:00,2026-09-14T02:38:14.039+00:00,2026-09-14T02:38:19.995+00:00,False,92,91.0,,91.0,294056.18520300003,300012.316531,300012.31656300003,3261.003440902174,0.02086,294056.18520300003,30650.65918306018,87.42401655000002,65.45199261538461,19.988936638460643,0.30332088046324274,24,64,,True,False,Request timeout: 300.0s exceeded,393,21.16838264042747
542,2026-09-14T02:33:22.395+00:00,2026-09-14T02:38:15.959+00:00,2026-09-14T02:38:22.485+00:00,False,96,95.0,,95.0,293563.89769199997,300089.37993199995,300089.379959,3125.931041239583,0.02407,293563.89769199997,29954.73563611027,89.302559,68.6892867368421,19.62872005048583,0.31657234928316,24,64,,True,False,Request timeout: 300.0s exceeded,484,21.16838264042747
543,2026-09-14T02:33:26.264+00:00,2026-09-14T02:38:20.208+00:00,2026-09-14T02:38:26.301+00:00,False,92,91.0,,91.0,293943.571949,300036.690157,300036.690189,3261.268371619565,0.02901,293943.571949,30638.76158942088,88.30097969999998,66.95734294505495,20.129207598388565,0.30329624004445094,24,64,,True,False,Request timeout: 300.0s exceeded,359,21.16838264042747
544,2026-09-14T02:33:30.092+00:00,2026-09-14T02:38:23.872+00:00,2026-09-14T02:38:30.154+00:00,False,96,95.0,,95.0,293780.088941,300061.484141,300061.484145,3125.64045984375,0.04028,293780.088941,29977.06316432726,88.57812249999999,66.11994947368422,20.197845908188626,0.3166017800383842,24,64,,True,False,Request timeout: 300.0s exceeded,438,21.16838264042747
545,2026-09-14T02:33:33.555+00:00,2026-09-14T02:38:27.204+00:00,2026-09-14T02:38:33.562+00:00,False,97,96.0,,96.0,293649.381056,300007.291328,300007.29137600004,3092.8586739793814,0.0249,293649.381056,29808.85997109588,89.4158034,66.228232,20.73191431517392,0.31999222277248773,24,64,,True,False,Request timeout: 300.0s exceeded,396,21.16838264042747
546,2026-09-14T02:33:36.053+00:00,2026-09-14T02:38:29.596+00:00,2026-09-14T02:38:36.098+00:00,False,96,95.0,,95.0,293543.662207,300045.217407,300045.217484,3125.4710154583336,0.028059999999999998,293543.662207,29952.69641439806,88.5423905,68.43742315789473,20.157850782444694,0.3166189443744277,24,64,,True,False,Request timeout: 300.0s exceeded,336,21.16838264042747
547,2026-09-14T02:33:39.207+00:00,2026-09-14T02:38:32.949+00:00,2026-09-14T02:38:39.269+00:00,False,90,89.0,,89.0,293742.32677700004,300062.417145,300062.41708700004,3334.0268565222227,0.022449,293742.32677700004,30955.680578015505,88.613418,71.0122513258427,19.381729450395316,0.29660495588486935,24,64,,True,False,Request timeout: 300.0s exceeded,378,21.16838264042747
548,2026-09-14T02:33:42.367+00:00,2026-09-14T02:38:35.888+00:00,2026-09-14T02:38:42.383+00:00,False,97,96.0,,96.0,293520.360764,300015.362108,300015.362165,3092.9418779896905,0.020120000000000002,293520.360764,29795.61468129524,87.3808952,67.656264,20.332438916720797,0.3199836145905148,24,64,,True,False,Request timeout: 300.0s exceeded,408,21.16838264042747
549,2026-09-14T02:33:46.325+00:00,2026-09-14T02:38:40.157+00:00,2026-09-14T02:38:46.334+00:00,False,97,96.0,,96.0,293831.230025,300008.208457,300008.208439,3092.8681282371135,0.02336,293831.230025,29827.514956470008,85.5932232,64.34352533333333,20.233737643795244,0.31999124455209577,24,64,,True,False,Request timeout: 300.0s exceeded,438,21.16838264042747
550,2026-09-14T02:33:49.012+00:00,2026-09-14T02:38:42.809+00:00,2026-09-14T02:38:49.068+00:00,False,96,95.0,,95.0,293797.069408,300056.393312,300056.393337,3125.58743059375,0.0224,293797.069408,29978.81957278781,86.698192,65.88762004210527,19.643005697885123,0.31660715158039837,24,64,,True,False,Request timeout: 300.0s exceeded,336,21.16838264042747
551,2026-09-14T02:33:51.995+00:00,2026-09-14T02:38:45.593+00:00,2026-09-14T02:38:52.022+00:00,False,98,97.0,,97.0,293598.488756,300027.188916,300027.189007,3061.5019286428574,0.023239999999999997,293598.488756,29651.237828435736,87.80502315,66.2752593814433,19.873509927014297,0.3233040323794039,24,64,,True,False,Request timeout: 300.0s exceeded,409,21.16838264042747
552,2026-09-14T02:33:55.997+00:00,2026-09-14T02:38:49.574+00:00,2026-09-14T02:38:56.006+00:00,False,96,95.0,,95.0,293577.139339,300009.397899,300009.39794299996,3125.097895239583,0.024329999999999997,293577.139339,29956.187584932184,88.71017775,67.70798484210528,20.124501361996813,0.3166567469729143,24,64,,True,False,Request timeout: 300.0s exceeded,387,21.16838264042747
553,2026-09-14T02:33:58.303+00:00,2026-09-14T02:38:51.729+00:00,2026-09-14T02:38:58.375+00:00,False,99,98.0,,98.0,293425.251338,300071.600138,300071.59999,3031.0262625252526,0.0375,293425.251338,29483.537662947536,88.0934568,67.81988571428572,19.622433406490146,0.32658872067510136,24,64,,True,False,Request timeout: 300.0s exceeded,405,21.16838264042747
554,2026-09-14T02:34:00.758+00:00,2026-09-14T02:38:54.417+00:00,2026-09-14T02:39:00.830+00:00,False,96,95.0,,95.0,293659.247953,300072.605777,300072.60591700004,3125.7563116354168,0.02153,293659.247953,29964.58770826172,87.94458225,67.5090297263158,19.58178461096527,0.3165900457791191,24,64,,True,False,Request timeout: 300.0s exceeded,395,21.16838264042747
555,2026-09-14T02:34:04.474+00:00,2026-09-14T02:38:58.374+00:00,2026-09-14T02:39:04.549+00:00,False,90,89.0,,89.0,293899.26143400004,300074.89714600006,300074.89715100004,3334.1655239000006,0.018359999999999998,293899.26143400004,30972.394051743388,88.8354335,69.38916530337079,19.419530304596385,0.29659262019740845,24,64,,True,False,Request timeout: 300.0s exceeded,427,21.16838264042747
556,2026-09-14T02:34:07.709+00:00,2026-09-14T02:39:01.329+00:00,2026-09-14T02:39:07.722+00:00,False,99,98.0,,98.0,293620.099193,300012.187257,300012.187322,3030.4261345656564,0.02291,293620.099193,29503.38178090895,89.59341989999999,65.22538840816327,20.24963904119772,0.32665339663701753,24,64,,True,False,Request timeout: 300.0s exceeded,413,21.16838264042747
557,2026-09-14T02:34:11.676+00:00,2026-09-14T02:39:05.330+00:00,2026-09-14T02:39:11.699+00:00,False,98,97.0,,97.0,293654.53820999997,300022.95062599995,300022.95061899995,3061.458679785714,0.019399999999999997,293654.53820999997,29656.96305062456,90.33457320000001,65.65373624742269,20.744310265437136,0.32330859955083047,24,64,,True,False,Request timeout: 300.0s exceeded,364,21.16838264042747
558,2026-09-14T02:34:14.464+00:00,2026-09-14T02:39:08.246+00:00,2026-09-14T02:39:14.495+00:00,False,93,92.0,,92.0,293782.39010799996,300031.27919599996,300031.27934099996,3226.1427886129027,0.05291,293782.39010799996,30456.77788520335,88.6923572,67.92270747826088,19.870710508454515,0.30663469571084156,24,64,,True,False,Request timeout: 300.0s exceeded,459,21.16838264042747
559,2026-09-14T02:34:17.274+00:00,2026-09-14T02:39:11.137+00:00,2026-09-14T02:39:17.329+00:00,False,92,91.0,,91.0,293863.179617,300055.283809,300055.283849,3261.470476619565,0.03936,293863.179617,30630.26646503119,87.50906855,68.04510101098901,19.757158994065982,0.3032774455587524,24,64,,True,False,Request timeout: 300.0s exceeded,444,21.16838264042747
560,2026-09-14T02:34:19.639+00:00,2026-09-14T02:39:12.968+00:00,2026-09-14T02:39:19.645+00:00,False,98,97.0,,97.0,293328.746383,300005.740687,300005.74066199997,3061.2830679795916,0.022569,293328.746383,29623.731075708012,87.49762635,68.83499282474227,19.733836587941955,0.323327146266849,24,64,,True,False,Request timeout: 300.0s exceeded,368,21.16838264042747
561,2026-09-14T02:34:23.416+00:00,2026-09-14T02:39:16.994+00:00,2026-09-14T02:39:23.484+00:00,False,95,94.0,,94.0,293578.27098699997,300067.913227,300067.91310999996,3158.60961168421,0.02716,293578.27098699997,30113.418032133777,86.5265107,69.03874723404256,19.412432285223495,0.3132624177943659,24,64,,True,False,Request timeout: 300.0s exceeded,210,21.16838264042747
562,2026-09-14T02:34:27.072+00:00,2026-09-14T02:39:21.085+00:00,2026-09-14T02:39:27.094+00:00,False,89,88.0,,88.0,294013.558526,300022.047998,300022.047996,3371.0342471460676,0.03743,294013.558526,31158.14342750518,87.10183380000001,68.27828945454546,19.50977659355363,0.29331177687510024,24,64,,True,False,Request timeout: 300.0s exceeded,548,21.16838264042747
563,2026-09-14T02:34:30.319+00:00,2026-09-14T02:39:23.865+00:00,2026-09-14T02:39:30.360+00:00,False,99,98.0,,98.0,293545.674653,300040.909981,300040.910035,3030.716262979798,0.04029,293545.674653,29495.796372637855,88.4859978,66.27791151020408,20.715493341739016,0.3266221263167273,24,64,,True,False,Request timeout: 300.0s exceeded,438,21.16838264042747
564,2026-09-14T02:34:33.636+00:00,2026-09-14T02:39:26.919+00:00,2026-09-14T02:39:33.668+00:00,False,103,102.0,,102.0,293282.760356,300032.14941199997,300032.14937199996,2912.9334890485434,0.02223,293282.760356,28891.495881936327,88.4752701,66.17048094117648,19.916057146477826,0.33996356790396826,24,64,,True,False,Request timeout: 300.0s exceeded,471,21.16838264042747
565,2026-09-14T02:34:37.118+00:00,2026-09-14T02:39:30.778+00:00,2026-09-14T02:39:37.238+00:00,False,120,119.0,,119.0,293660.07809799997,300120.10881799995,300120.108875,2501.0009072916664,0.04428,293660.07809799997,26802.42816197892,88.2234194,54.28597243697479,21.977835151798352,0.3965079196748008,24,64,,True,False,Request timeout: 300.0s exceeded,572,21.16838264042747
0,2026-09-14T02:04:40.910+00:00,2026-09-14T02:04:41.144+00:00,2026-09-14T02:04:49.035+00:00,True,161,161.0,,161.0,233.66593799999998,8125.024402,8125.024517,50.46599078881987,0.026969999999999997,233.66593799999998,22.456193765493282,86.28015799999999,49.3209904,17.177018085780592,19.815325103561456,25,64,,False,True,,707,21.16838264042747
1,2026-09-14T02:04:43.390+00:00,2026-09-14T02:04:43.534+00:00,2026-09-14T02:05:00.652+00:00,True,272,272.0,,272.0,144.07597700000002,17261.588937,17261.588755,63.46172336397059,0.025929999999999998,144.07597700000002,22.07533556222057,96.81734399999999,63.16425446494465,21.563098127200302,15.75752968007316,25,64,,False,True,,1519,21.16838264042747
2,2026-09-14T02:04:45.972+00:00,2026-09-14T02:04:46.164+00:00,2026-09-14T02:05:02.405+00:00,True,256,256.0,,256.0,192.226285,16433.333997,16433.33398,64.192710859375,38.132788999999995,192.226285,23.051365806504442,96.48799925000002,63.690618478431375,21.648716112533613,15.578092677160596,25,64,,False,True,,1135,21.16838264042747
3,2026-09-14T02:04:49.478+00:00,2026-09-14T02:04:53.865+00:00,2026-09-14T02:05:11.441+00:00,True,267,267.0,,267.0,4387.627743,21963.536863,21963.536754,82.26043728089887,39.095966999999995,4387.627743,265.3524444723425,95.22628929999999,66.07484631578947,21.605209583656766,12.156512025610544,25,64,,False,True,,1086,21.16838264042747
4,2026-09-14T02:04:53.617+00:00,2026-09-14T02:05:00.153+00:00,2026-09-14T02:05:12.068+00:00,True,184,184.0,,184.0,6536.464245,18451.844469,18451.844345,100.28176274456521,40.430994,6536.464245,477.56045294716307,95.05410479999999,65.11136734426229,21.598407475747564,9.971902825710947,25,64,,False,True,,724,21.16838264042747
5,2026-09-14T02:04:57.050+00:00,2026-09-14T02:05:06.491+00:00,2026-09-14T02:05:23.269+00:00,True,250,250.0,,250.0,9440.688414999999,26218.362910999997,26218.362789,104.87345115599999,21.468175,9440.688414999999,593.2398909254762,95.9950535,67.38021885943775,22.35956440823026,9.535301683352309,25,64,,False,True,,1209,21.16838264042747
6,2026-09-14T02:05:00.357+00:00,2026-09-14T02:05:12.206+00:00,2026-09-14T02:05:28.511+00:00,True,244,244.0,,244.0,11848.82527,28153.411254,28153.41133,115.38283331967213,18.319241,11848.82527,754.5768790042297,95.17476365,67.09706166255144,22.326747057561352,8.666800545007945,25,64,,False,True,,867,21.16838264042747
7,2026-09-14T02:05:03.243+00:00,2026-09-14T02:05:17.408+00:00,2026-09-14T02:05:26.336+00:00,True,136,136.0,,136.0,14164.9347,23092.608044,23092.607905,169.7985875367647,40.660544,14164.9347,1209.148585248491,93.40868049999999,66.13091365925926,21.294429041918082,5.889330461975947,25,64,,False,True,,469,21.16838264042747
8,2026-09-14T02:05:06.473+00:00,2026-09-14T02:05:23.631+00:00,2026-09-14T02:05:34.269+00:00,True,160,160.0,,160.0,17157.915721999998,27796.455754,27796.455662999997,173.72784789374998,38.37232,17157.915721999998,1351.3485591711944,97.2266065,66.90905680503145,22.48169632577689,5.756129537377278,25,64,,False,True,,759,21.16838264042747
9,2026-09-14T02:05:09.510+00:00,2026-09-14T02:05:28.919+00:00,2026-09-14T02:05:47.223+00:00,True,277,277.0,,277.0,19408.716179000003,37712.52161900001,37712.521498,136.1462869963899,0.01848,19408.716179000003,1162.4616779475805,95.8458186,66.31813565217391,25.99412164846925,7.345040535832114,25,64,,False,True,,1318,21.16838264042747
10,2026-09-14T02:05:12.892+00:00,2026-09-14T02:05:34.623+00:00,2026-09-14T02:05:47.547+00:00,True,198,198.0,,198.0,21730.998336,34654.23136,34654.231234,175.02136986868686,0.01812,21730.998336,1539.939581620885,96.06856265,65.60016763451776,27.638096177423417,5.713587987080375,25,64,,False,True,,953,21.16838264042747
11,2026-09-14T02:05:16.590+00:00,2026-09-14T02:05:41.911+00:00,2026-09-14T02:05:59.487+00:00,True,266,266.0,,266.0,25320.898691,42896.967554999996,42896.967532999995,161.26679523684209,40.631014,25320.898691,1548.6079090002022,95.51255425000001,66.32478816603773,21.639930237253395,6.200904519857966,25,64,,False,True,,1126,21.16838264042747
12,2026-09-14T02:05:19.428+00:00,2026-09-14T02:05:45.661+00:00,2026-09-14T02:05:55.974+00:00,True,157,157.0,,157.0,26233.165588,36545.786388,36545.786366,232.77570933757963,40.174535000000006,26233.165588,2088.4739625995285,95.718014,66.1065435897436,22.015773737525848,4.29598089183687,25,64,,False,True,,717,21.16838264042747
13,2026-09-14T02:05:23.027+00:00,2026-09-14T02:05:52.183+00:00,2026-09-14T02:05:58.746+00:00,True,102,102.0,,102.0,29155.584660999997,35719.053972999995,35719.05407,350.1868046078431,41.123773,29155.584660999997,2880.4804366727285,95.20293505,64.98484467326733,21.822161712352433,2.855618742789261,25,64,,False,True,,491,21.16838264042747
14,2026-09-14T02:05:26.724+00:00,2026-09-14T02:05:59.437+00:00,2026-09-14T02:06:15.797+00:00,True,245,245.0,,245.0,32712.853565999998,49072.24146999999,49072.241692999996,200.29486405306122,38.10423,32712.853565999998,2085.7792060681395,95.212738,67.04667173770491,21.957845123226132,4.992639273463373,25,64,,False,True,,1238,21.16838264042747
15,2026-09-14T02:05:30.634+00:00,2026-09-14T02:06:05.909+00:00,2026-09-14T02:06:15.749+00:00,True,150,150.0,,150.0,35274.52646,45115.020028,45115.019944,300.7667996266667,38.12067,35274.52646,2874.840757474312,94.23132095000001,66.04358099328859,21.541845862153114,3.324835052869413,25,64,,False,True,,798,21.16838264042747
16,2026-09-14T02:05:34.185+00:00,2026-09-14T02:06:11.444+00:00,2026-09-14T02:06:30.607+00:00,True,290,290.0,,290.0,37259.166926,56421.963214,56421.963197,194.5584937827586,5.778428,37259.166926,2184.1564987965517,94.541164,66.3072535916955,22.605264828559598,5.1398424209394085,25,64,,False,True,,1201,21.16838264042747
17,2026-09-14T02:05:37.499+00:00,2026-09-14T02:06:18.371+00:00,2026-09-14T02:06:30.030+00:00,True,176,176.0,,176.0,40872.694263,52531.224055,52531.224045999996,298.4728638977273,3.239723,40872.694263,3075.9588536468723,94.314943,66.62017024000001,22.97142777312219,3.3503883293434904,25,64,,False,True,,421,21.16838264042747
18,2026-09-14T02:05:41.516+00:00,2026-09-14T02:06:24.807+00:00,2026-09-14T02:06:43.369+00:00,True,281,281.0,,281.0,43290.904967,61852.978311,61852.978394000005,220.11736083274022,0.01587,43290.904967,2578.7530443386986,94.339621,66.2931190857143,31.267009407682085,4.543031033802727,25,64,,False,True,,1376,21.16838264042747
19,2026-09-14T02:05:43.907+00:00,2026-09-14T02:06:28.214+00:00,2026-09-14T02:06:37.950+00:00,True,146,146.0,,146.0,44307.416194,54043.23725,54043.237229,370.1591591027397,0.01662,44307.416194,3661.5250657226925,95.96076775,67.14359348965516,35.82495300692785,2.701540607654846,25,64,,False,True,,670,21.16838264042747
20,2026-09-14T02:05:47.499+00:00,2026-09-14T02:06:35.558+00:00,2026-09-14T02:06:42.416+00:00,True,102,102.0,,102.0,48059.268670000005,54916.926782,54916.92673000001,538.4012424509805,38.012578999999995,48059.268670000005,4751.901060752781,94.45529315,67.89760506930692,21.295728116539298,1.8573508383836277,25,64,,False,True,,334,21.16838264042747
21,2026-09-14T02:05:50.916+00:00,2026-09-14T02:06:41.650+00:00,2026-09-14T02:06:48.776+00:00,True,109,109.0,,109.0,50734.155793,57859.292432999995,57859.292606999996,530.8191982293578,7.770684,50734.155793,4853.191040333017,95.61730640000002,65.9734874074074,24.114743868707812,1.8838806251600815,25,64,,False,True,,513,21.16838264042747
22,2026-09-14T02:05:54.201+00:00,2026-09-14T02:06:46.613+00:00,2026-09-14T02:07:03.895+00:00,True,260,260.0,,260.0,52412.178885,69693.753285,69693.753166,268.0528967923077,6.331567,52412.178885,3246.4064781321777,95.37033055,66.72422548262549,22.719031151972704,3.7306069445962686,25,64,,False,True,,1213,21.16838264042747
23,2026-09-14T02:05:57.668+00:00,2026-09-14T02:06:52.762+00:00,2026-09-14T02:07:09.123+00:00,True,247,247.0,,247.0,55094.551039,71455.064063,71455.064105,289.29175751012144,0.0,55094.551039,3501.4418636851647,95.7758027,66.50615050406505,25.32505905334159,3.4567179141037054,25,64,,False,True,,704,21.16838264042747
24,2026-09-14T02:06:00.990+00:00,2026-09-14T02:06:58.650+00:00,2026-09-14T02:07:07.223+00:00,True,129,129.0,,129.0,57660.612092,66233.39698800001,66233.39692700001,513.4371854806202,39.561415999999994,57660.612092,5070.88377971068,96.9702652,66.974882,21.86504446892785,1.9476579167964445,25,64,,False,True,,611,21.16838264042747
25,2026-09-14T02:06:04.927+00:00,2026-09-14T02:07:05.622+00:00,2026-09-14T02:07:21.708+00:00,True,240,240.0,,240.0,60695.011282,76781.159378,76781.159196,319.92149665,0.0,60695.011282,3913.589653599065,97.74875699999998,67.3060589790795,26.316120519832936,3.125766814987257,25,64,,False,True,,1060,21.16838264042747
26,2026-09-14T02:06:07.946+00:00,2026-09-14T02:07:10.747+00:00,2026-09-14T02:07:21.524+00:00,True,162,162.0,,162.0,62801.104535,73577.995159,73577.995047,454.1851546111111,39.748756,62801.104535,4928.916236342938,97.23525105,66.9372088447205,23.262763405669855,2.201745231708509,25,64,,False,True,,602,21.16838264042747
27,2026-09-14T02:06:11.306+00:00,2026-09-14T02:07:16.385+00:00,2026-09-14T02:07:26.524+00:00,True,155,155.0,,155.0,65079.439282,75217.908914,75217.908751,485.2768306516129,34.736557,65079.439282,5222.064032543966,95.36113110000001,65.83421838961038,21.89665793572448,2.060679461020625,25,64,,False,True,,800,21.16838264042747
28,2026-09-14T02:06:15.534+00:00,2026-09-14T02:07:25.225+00:00,2026-09-14T02:07:40.195+00:00,True,228,228.0,,228.0,69691.44617299999,84660.97398099999,84660.97401499999,371.3200614692982,0.01742,69691.44617299999,4611.222871297414,94.24617735,65.94505642290748,38.66797224719042,2.6930944599239885,25,64,,False,True,,1123,21.16838264042747
29,2026-09-14T02:06:18.141+00:00,2026-09-14T02:07:30.041+00:00,2026-09-14T02:07:41.719+00:00,True,180,180.0,,180.0,71899.97686,83578.038428,83578.03867,464.32243705555555,5.827007,71899.97686,5354.299978295272,94.37433854999999,65.24056741899442,24.30619691395193,2.1536758146706765,25,64,,False,True,,990,21.16838264042747
30,2026-09-14T02:06:21.947+00:00,2026-09-14T02:07:35.944+00:00,2026-09-14T02:07:45.818+00:00,True,152,152.0,,152.0,73997.207541,83871.49208499999,83871.491928,551.7861311052632,39.455777000000005,73997.207541,5996.699360691553,93.04443015000001,65.39261287417219,21.22632282540507,1.812296362224662,25,64,,False,True,,318,21.16838264042747
31,2026-09-14T02:06:25.736+00:00,2026-09-14T02:07:42.073+00:00,2026-09-14T02:07:58.812+00:00,True,257,257.0,,257.0,76336.803798,93075.56629399999,93075.56611599999,362.16173585992215,0.0,76336.803798,4757.741573657711,93.8885798,65.385791,24.18613193446346,2.7611972747843194,25,64,,False,True,,870,21.16838264042747
32,2026-09-14T02:06:28.421+00:00,2026-09-14T02:07:47.522+00:00,2026-09-14T02:07:58.441+00:00,True,164,164.0,,164.0,79100.383075,90019.988579,90019.988536,548.9023691219512,0.0,79100.383075,6171.5239247545915,92.86559249999999,66.99144480981595,25.6271284107229,1.8218176050541977,25,64,,False,True,,729,21.16838264042747
33,2026-09-14T02:06:32.196+00:00,2026-09-14T02:07:53.172+00:00,2026-09-14T02:08:06.244+00:00,True,201,201.0,,201.0,80976.088082,94048.06453,94048.06454200001,467.90081861691544,40.451374,80976.088082,5707.042786987793,94.76847000000002,65.35988224,21.433194251112905,2.1372050664145656,25,64,,False,True,,701,21.16838264042747
34,2026-09-14T02:06:34.524+00:00,2026-09-14T02:07:57.219+00:00,2026-09-14T02:08:14.941+00:00,True,274,274.0,,274.0,82694.537388,100417.097132,100417.097329,366.4857566751825,0.0,82694.537388,4991.901608650468,94.96860265,64.91780126007326,25.27120218757258,2.72861900837287,25,64,,False,True,,1334,21.16838264042747
35,2026-09-14T02:06:36.996+00:00,2026-09-14T02:08:00.636+00:00,2026-09-14T02:08:19.973+00:00,True,293,293.0,,293.0,83640.356791,102976.467383,102976.467553,351.45552065870305,0.0,83640.356791,4882.5202597493,95.52767,66.2195568219178,25.62808832140929,2.845310267929916,25,64,,False,True,,1434,21.16838264042747
36,2026-09-14T02:06:39.932+00:00,2026-09-14T02:08:06.805+00:00,2026-09-14T02:08:16.700+00:00,True,154,154.0,,154.0,86873.143179,96767.65940300001,96767.659352,628.3614243636364,0.0,86873.143179,6995.281870996637,95.57240265,64.67004067973856,28.021748883567014,1.591440786623239,25,64,,False,True,,749,21.16838264042747
37,2026-09-14T02:06:43.187+00:00,2026-09-14T02:08:12.708+00:00,2026-09-14T02:08:26.530+00:00,True,208,208.0,,208.0,89520.496121,103342.640121,103342.640106,496.8396158942308,0.0,89520.496121,6202.699873018461,94.915025,66.77364251207729,49.955320523912945,2.0127219486212145,25,64,,False,True,,466,21.16838264042747
38,2026-09-14T02:06:46.745+00:00,2026-09-14T02:08:19.212+00:00,2026-09-14T02:08:38.700+00:00,True,291,291.0,,291.0,92467.478516,111954.816756,111954.816774,384.72445626804125,0.0,92467.478516,5416.76257629209,95.7951425,67.19771806896553,41.98955759601173,2.599262885081757,25,64,,False,True,,1313,21.16838264042747
39,2026-09-14T02:06:50.550+00:00,2026-09-14T02:08:25.895+00:00,2026-09-14T02:08:39.829+00:00,True,209,209.0,,209.0,95344.144691,109278.401587,109278.40166399999,522.8631658564593,0.0,95344.144691,6590.506063746238,96.563372,66.9916196923077,25.10293351885607,1.9125462759775862,25,64,,False,True,,1038,21.16838264042747
40,2026-09-14T02:06:53.757+00:00,2026-09-14T02:08:31.518+00:00,2026-09-14T02:08:39.966+00:00,True,125,125.0,,125.0,97761.35387800001,106209.10095000001,106209.10077300001,849.672806184,0.0,97761.35387800001,8737.988648244338,94.7684814,68.12699251612904,26.8100085248708,1.1769236240766803,25,64,,False,True,,638,21.16838264042747
41,2026-09-14T02:06:56.211+00:00,2026-09-14T02:08:35.954+00:00,2026-09-14T02:08:45.793+00:00,True,150,150.0,,150.0,99743.01922300001,109582.12680700001,109582.126761,730.5475117400001,0.0,99743.01922300001,8138.632279244057,96.1583015,66.03427908724832,25.774362688824073,1.3688363638368273,25,64,,False,True,,820,21.16838264042747
42,2026-09-14T02:06:59.191+00:00,2026-09-14T02:08:41.984+00:00,2026-09-14T02:08:54.792+00:00,True,194,194.0,,194.0,102792.641515,115601.31709899999,115601.317082,595.883077742268,34.804525999999996,102792.641515,7375.350219332268,96.527812,66.3661947357513,22.278016123870614,1.678181571528809,25,64,,False,True,,944,21.16838264042747
43,2026-09-14T02:07:01.825+00:00,2026-09-14T02:08:46.599+00:00,2026-09-14T02:08:57.276+00:00,True,159,159.0,,159.0,104774.34533,115451.550322,115451.550395,726.1103798427673,40.674853999999996,104774.34533,8303.814407782153,94.2346668,67.57724678481013,21.462650217117183,1.3772010818091336,25,64,,False,True,,479,21.16838264042747
44,2026-09-14T02:07:05.660+00:00,2026-09-14T02:08:53.011+00:00,2026-09-14T02:09:11.413+00:00,True,282,282.0,,282.0,107351.052658,125753.225074,125753.225053,445.93342217375886,0.0,107351.052658,6388.817758485955,95.51124895000001,65.48815806405695,26.644869648984088,2.24248721918707,25,64,,False,True,,1621,21.16838264042747
45,2026-09-14T02:07:08.841+00:00,2026-09-14T02:08:58.864+00:00,2026-09-14T02:09:10.600+00:00,True,182,182.0,,182.0,110023.113272,121758.88492,121758.884876,669.004861956044,36.472192,110023.113272,8150.680042434357,96.40802509999999,64.83851739226519,22.33766064457091,1.49475744722515,25,64,,False,True,,855,21.16838264042747
46,2026-09-14T02:07:12.918+00:00,2026-09-14T02:09:05.804+00:00,2026-09-14T02:09:16.806+00:00,True,163,163.0,,163.0,112886.07728,123887.813984,123887.814115,760.0479393558282,41.014504,112886.07728,8836.62873834832,97.6120001,67.91195496296297,22.331939283652634,1.3157064828107412,25,64,,False,True,,641,21.16838264042747
47,2026-09-14T02:07:15.639+00:00,2026-09-14T02:09:11.546+00:00,2026-09-14T02:09:24.748+00:00,True,195,195.0,,195.0,115906.10768799999,129109.02403999999,129109.02391399999,662.0975585333333,0.0,115906.10768799999,8295.545663870013,98.57534770000001,68.05626985567011,59.24979682375721,1.5103514370892153,25,64,,False,True,,935,21.16838264042747
48,2026-09-14T02:07:18.093+00:00,2026-09-14T02:09:15.902+00:00,2026-09-14T02:09:28.446+00:00,True,188,188.0,,188.0,117809.423616,130352.845568,130352.845695,693.3662005053192,0.0,117809.423616,8587.447500921404,97.36843434999999,67.07712273796791,59.39637112553646,1.442239324970683,25,64,,False,True,,596,21.16838264042747
49,2026-09-14T02:07:21.771+00:00,2026-09-14T02:09:22.280+00:00,2026-09-14T02:09:30.519+00:00,True,122,122.0,,122.0,120508.546172,128747.883132,128747.88317,1055.3105177868852,40.668185,120508.546172,10904.190123860342,97.71265805000002,68.09369388429752,22.927603300957,0.9475883954916628,25,64,,False,True,,341,21.16838264042747
50,2026-09-14T02:07:24.416+00:00,2026-09-14T02:09:27.296+00:00,2026-09-14T02:09:46.675+00:00,True,296,296.0,,296.0,122880.20756,142259.01946399998,142259.019553,480.6047957871621,0.0,122880.20756,7138.5010129656375,94.51768525000001,65.69088781016949,27.353557925494265,2.0807116562117574,25,64,,False,True,,1591,21.16838264042747
51,2026-09-14T02:07:28.493+00:00,2026-09-14T02:09:33.456+00:00,2026-09-14T02:09:53.145+00:00,True,298,298.0,,298.0,124962.40498800001,144651.70726,144651.70743500002,485.4084142114094,0.0,124962.40498800001,7235.0907189618565,94.6536145,66.29394704377104,27.809341633246678,2.0601208630352947,25,64,,False,True,,1569,21.16838264042747
52,2026-09-14T02:07:31.922+00:00,2026-09-14T02:09:40.604+00:00,2026-09-14T02:09:55.942+00:00,True,231,231.0,,231.0,128681.801719,144019.721207,144019.721096,623.46199608658,0.0,128681.801719,8462.305422096852,95.11117399999999,66.68660646956522,29.76608264183622,1.6039470015914208,25,64,,False,True,,1233,21.16838264042747
53,2026-09-14T02:07:36.001+00:00,2026-09-14T02:09:46.804+00:00,2026-09-14T02:10:00.326+00:00,True,203,203.0,,203.0,130802.90531399999,144324.70268999998,144324.702617,710.9591261921182,33.30022,130802.90531399999,9175.89110135814,93.74644,66.93959097029703,21.537673768099374,1.4065506196540083,25,64,,False,True,,808,21.16838264042747
54,2026-09-14T02:07:39.756+00:00,2026-09-14T02:09:53.328+00:00,2026-09-14T02:10:06.969+00:00,True,206,206.0,,206.0,133572.45599,147213.516342,147213.51614,714.6287191262136,34.796196,133572.45599,9301.82301370833,94.846515,66.54175781463414,21.708831081674365,1.3993280312755374,25,64,,False,True,,1018,21.16838264042747
55,2026-09-14T02:07:43.083+00:00,2026-09-14T02:09:59.459+00:00,2026-09-14T02:10:15.075+00:00,True,235,235.0,,235.0,136376.593215,151992.417599,151992.417415,646.776244319149,0.0,136376.593215,8891.92159475962,96.228587,66.73429223931625,28.921573811751077,1.5461297590515206,25,64,,False,True,,841,21.16838264042747
56,2026-09-14T02:07:46.950+00:00,2026-09-14T02:10:06.411+00:00,2026-09-14T02:10:15.312+00:00,True,134,134.0,,134.0,139460.798526,148362.31635,148362.316396,1107.181465641791,0.0,139460.798526,12041.841835777006,97.31684164999999,66.92870544360902,33.24636544326224,0.9031943103657264,25,64,,False,True,,547,21.16838264042747
57,2026-09-14T02:07:50.215+00:00,2026-09-14T02:10:11.938+00:00,2026-09-14T02:10:23.435+00:00,True,177,177.0,,177.0,141722.588315,153220.396187,153220.396172,865.6519557740113,0.016050000000000002,141722.588315,10647.85823775002,97.78045200000001,65.32845381818181,72.66880506523891,1.1551986837573363,25,64,,False,True,,730,21.16838264042747
58,2026-09-14T02:07:53.130+00:00,2026-09-14T02:10:17.010+00:00,2026-09-14T02:10:29.470+00:00,True,193,193.0,,193.0,143880.18143599998,156340.353212,156340.35317,810.0536433678756,0.01586,143880.18143599998,10352.265167775031,95.6800076,64.896728,66.80856551388602,1.2344861453542255,25,64,,False,True,,929,21.16838264042747
59,2026-09-14T02:07:56.645+00:00,2026-09-14T02:10:24.223+00:00,2026-09-14T02:10:32.542+00:00,True,125,125.0,,125.0,147578.38708000001,155896.88717600002,155896.887312,1247.1750984960001,40.987074,147578.38708000001,13193.82874197621,93.3326344,67.08467819354838,21.113512967831987,0.801812032711603,25,64,,False,True,,578,21.16838264042747
60,2026-09-14T02:07:59.055+00:00,2026-09-14T02:10:28.087+00:00,2026-09-14T02:10:34.745+00:00,True,100,100.0,,100.0,149031.118699,155689.827435,155689.82740600003,1556.8982740600002,42.608129999999996,149031.118699,14896.40103367056,94.23148845,67.2596842020202,21.340787271630553,0.6423027223262205,25,64,,False,True,,435,21.16838264042747
61,2026-09-14T02:08:01.487+00:00,2026-09-14T02:10:32.413+00:00,2026-09-14T02:10:39.542+00:00,True,107,107.0,,107.0,150925.754224,158054.471536,158054.471549,1477.144593915888,35.666265,150925.754224,14584.059477850402,96.8017213,67.25205011320755,22.76792840250982,0.6769817959603165,25,64,,False,True,,450,21.16838264042747
62,2026-09-14T02:08:04.930+00:00,2026-09-14T02:10:38.117+00:00,2026-09-14T02:10:57.788+00:00,True,299,299.0,,299.0,153187.305741,172858.48014099998,172858.48017599998,578.1220072775919,0.0,153187.305741,8855.283308303393,96.01912200000001,66.01065234899329,29.859399321482847,1.7297386842468294,25,64,,False,True,,1551,21.16838264042747
63,2026-09-14T02:08:07.602+00:00,2026-09-14T02:10:43.213+00:00,2026-09-14T02:10:49.978+00:00,True,103,103.0,,103.0,155610.34163100002,162375.65107100003,162375.65105200003,1576.4626315728158,7.076185000000001,155610.34163100002,15326.224318832461,96.12381810000001,66.32656313725491,23.014143359493527,0.6343315596927919,25,64,,False,True,,525,21.16838264042747
64,2026-09-14T02:08:10.641+00:00,2026-09-14T02:10:47.623+00:00,2026-09-14T02:11:00.522+00:00,True,198,198.0,,198.0,156982.47144999998,169881.80738599997,169881.80738699998,857.9889261969696,4.146151,156982.47144999998,11151.626937181676,93.80213585000001,65.47886261928934,22.137351829563862,1.1655162082783284,25,64,,False,True,,766,21.16838264042747
65,2026-09-14T02:08:14.423+00:00,2026-09-14T02:10:54.337+00:00,2026-09-14T02:11:12.930+00:00,True,285,285.0,,285.0,159914.136975,178506.872463,178506.872458,626.3399033614035,0.0,159914.136975,9468.66423245953,93.7353048,65.46737847887324,29.63987290174782,1.59657718533539,25,64,,False,True,,1042,21.16838264042747
66,2026-09-14T02:08:17.762+00:00,2026-09-14T02:11:01.009+00:00,2026-09-14T02:11:12.166+00:00,True,169,169.0,,169.0,163247.11905399998,174404.01761399998,174404.01757799997,1031.976435372781,0.0,163247.11905399998,12552.41008172253,95.09443360000002,66.41011047619048,34.7647771277573,0.9690143742791498,25,64,,False,True,,808,21.16838264042747
67,2026-09-14T02:08:21.377+00:00,2026-09-14T02:11:07.398+00:00,2026-09-14T02:11:18.467+00:00,True,167,167.0,,167.0,166021.48949900002,177090.77692300003,177090.77703000003,1060.4238145508982,0.0,166021.48949900002,12842.015022121319,93.6220973,66.68245436144578,34.662549165617804,0.943019184294462,25,64,,False,True,,742,21.16838264042747
68,2026-09-14T02:08:25.237+00:00,2026-09-14T02:11:13.930+00:00,2026-09-14T02:11:32.479+00:00,True,279,279.0,,279.0,168693.06724399998,187241.478124,187241.478082,671.1164088960572,0.01744,168693.06724399998,10095.60275777609,97.03243189999999,66.72090244604317,64.83936102970104,1.4900544622662788,25,64,,False,True,,1327,21.16838264042747
69,2026-09-14T02:08:27.704+00:00,2026-09-14T02:11:18.464+00:00,2026-09-14T02:11:35.094+00:00,True,249,249.0,,249.0,170760.602724,187390.239332,187390.239446,752.5712427550201,0.01528,170760.602724,10817.48014347485,96.6364344,67.05498632258065,68.51143555507055,1.328777853572436,25,64,,False,True,,1283,21.16838264042747
70,2026-09-14T02:08:30.644+00:00,2026-09-14T02:11:24.030+00:00,2026-09-14T02:11:43.021+00:00,True,287,287.0,,287.0,173386.445311,192377.488895,192377.488777,670.3048389442508,0.0,173386.445311,10230.97355770856,95.252356,66.40225029370629,66.4275992251487,1.4918585414982994,25,64,,False,True,,683,21.16838264042747
71,2026-09-14T02:08:33.229+00:00,2026-09-14T02:11:28.434+00:00,2026-09-14T02:11:46.860+00:00,True,279,279.0,,279.0,175204.648478,193630.57590199998,193630.57602399998,694.0164015197132,0.0,175204.648478,10485.300198321844,94.6479999,66.28031447482014,29.145475275081093,1.4408881381482181,25,64,,False,True,,1352,21.16838264042747
72,2026-09-14T02:08:36.007+00:00,2026-09-14T02:11:32.897+00:00,2026-09-14T02:11:39.571+00:00,True,105,105.0,,105.0,176890.30476499998,183564.00434899997,183564.00433999998,1748.2286127619045,40.052974999999996,176890.30476499998,17256.47664718912,94.1446592,64.1701883076923,21.189134373741208,0.5720075696342372,25,64,,False,True,,534,21.16838264042747
73,2026-09-14T02:08:39.972+00:00,2026-09-14T02:11:40.516+00:00,2026-09-14T02:11:49.994+00:00,True,140,140.0,,140.0,180544.028229,190021.614149,190021.614105,1357.2972436071427,0.0,180544.028229,15253.035991807687,94.38711299999999,68.18407136690648,36.44849899038548,0.7367582926130868,25,64,,False,True,,760,21.16838264042747
74,2026-09-14T02:08:43.135+00:00,2026-09-14T02:11:45.142+00:00,2026-09-14T02:11:58.065+00:00,True,191,191.0,,191.0,182007.20776699999,194930.11515899998,194930.115221,1020.5765194816753,41.037944,182007.20776699999,13164.67780592983,95.8916675,68.0153020631579,22.932304098620172,0.979838337674021,25,64,,False,True,,938,21.16838264042747
75,2026-09-14T02:08:47.319+00:00,2026-09-14T02:11:53.329+00:00,2026-09-14T02:12:03.689+00:00,True,159,159.0,,159.0,186009.807637,196369.89109299998,196369.890922,1235.0307605157232,38.20326,186009.807637,14746.353266992393,95.96974490000001,65.5701484556962,21.81055099736607,0.8096964311331122,25,64,,False,True,,626,21.16838264042747
76,2026-09-14T02:08:50.246+00:00,2026-09-14T02:11:58.203+00:00,2026-09-14T02:12:08.936+00:00,True,157,157.0,,157.0,187957.136243,198689.709427,198689.70947399997,1265.5395507898088,41.536322,187957.136243,14995.140261283294,97.285085,68.79854605128205,23.6018850422553,0.7901768061001816,25,64,,False,True,,849,21.16838264042747
77,2026-09-14T02:08:53.093+00:00,2026-09-14T02:12:03.886+00:00,2026-09-14T02:12:21.594+00:00,True,256,256.0,,256.0,190793.380176,208501.136208,208501.136256,814.4575635,0.0,190793.380176,11920.291610678116,97.33372750000001,69.44218051764706,32.995145931138914,1.2278110549220953,25,64,,False,True,,1343,21.16838264042747
78,2026-09-14T02:08:55.886+00:00,2026-09-14T02:12:08.612+00:00,2026-09-14T02:12:25.386+00:00,True,251,251.0,,251.0,192725.70967699998,209500.22385299997,209500.22370399997,834.6622458326692,0.0,192725.70967699998,12160.548967168603,96.125777,67.098056704,33.23369710873548,1.1980894119527012,25,64,,False,True,,1110,21.16838264042747
79,2026-09-14T02:08:59.218+00:00,2026-09-14T02:12:14.917+00:00,2026-09-14T02:12:34.512+00:00,True,296,296.0,,296.0,195699.690843,215294.19426699998,215294.194317,727.3452510709459,0.0,195699.690843,11370.994716205822,94.58098825,66.42204550508474,30.935161967889517,1.374862898685097,25,64,,False,True,,1351,21.16838264042747
80,2026-09-14T02:09:02.543+00:00,2026-09-14T02:12:20.507+00:00,2026-09-14T02:12:30.881+00:00,True,158,158.0,,158.0,197964.54741499998,208338.87419899998,208338.87424099998,1318.6004698797467,39.595627,197964.54741499998,15743.971329615882,93.72573,66.0785145477707,21.4238197806921,0.7583798300123406,25,64,,False,True,,723,21.16838264042747
81,2026-09-14T02:09:05.135+00:00,2026-09-14T02:12:24.390+00:00,2026-09-14T02:12:34.425+00:00,True,154,154.0,,154.0,199255.391855,209289.89860699998,209289.898597,1359.025315564935,41.270892999999994,199255.391855,16051.186045701636,94.22951085000001,65.58501145098039,21.26205085671866,0.7358214659426916,25,64,,False,True,,689,21.16838264042747
82,2026-09-14T02:09:08.705+00:00,2026-09-14T02:12:32.317+00:00,2026-09-14T02:12:43.255+00:00,True,166,166.0,,166.0,203612.08686,214549.97742,214549.977468,1292.4697437831326,39.164697999999994,203612.08686,15798.232776798674,94.67290750000001,66.29024581818182,21.888981214785186,0.7737125027752426,25,64,,False,True,,548,21.16838264042747
83,2026-09-14T02:09:11.931+00:00,2026-09-14T02:12:37.559+00:00,2026-09-14T02:12:52.389+00:00,True,210,210.0,,210.0,205627.238877,220457.390557,220457.390612,1049.7970981523808,0.0,205627.238877,14184.981936325668,94.64808844999999,70.95766354066986,84.57379882256338,0.9525650261459654,25,64,,False,True,,882,21.16838264042747
84,2026-09-14T02:09:14.535+00:00,2026-09-14T02:12:41.403+00:00,2026-09-14T02:13:00.046+00:00,True,286,286.0,,286.0,206867.916123,225510.524507,225510.524413,788.4983371083916,0.0,206867.916123,12228.708183389039,94.1637645,65.41266099649123,73.44833286424381,1.268233492096385,25,64,,False,True,,1478,21.16838264042747
85,2026-09-14T02:09:16.916+00:00,2026-09-14T02:12:46.053+00:00,2026-09-14T02:12:57.875+00:00,True,182,182.0,,182.0,209136.94052200002,220958.46346600002,220958.46324800001,1214.0574903736265,0.0,209136.94052200002,15497.692789266684,95.1617175,65.31228145856353,92.18037271798879,0.8236842216637031,25,64,,False,True,,599,21.16838264042747
86,2026-09-14T02:09:20.678+00:00,2026-09-14T02:12:52.380+00:00,2026-09-14T02:13:01.230+00:00,True,135,135.0,,135.0,211701.940933,220551.689925,220551.68987200002,1633.716221274074,26.791083,211701.940933,18214.73176603697,95.8158753,66.04290292537314,22.504612156616094,0.6121014082726258,25,64,,False,True,,554,21.16838264042747
87,2026-09-14T02:09:24.288+00:00,2026-09-14T02:12:58.892+00:00,2026-09-14T02:13:14.328+00:00,True,232,232.0,,232.0,214604.38580199998,230040.06784999996,230040.06797099998,991.5520171163791,27.885291000000002,214604.38580199998,14085.097957908294,94.66289805000001,66.8211344069264,21.796890554956594,1.0085199598848928,25,64,,False,True,,1088,21.16838264042747
88,2026-09-14T02:09:27.498+00:00,2026-09-14T02:13:03.962+00:00,2026-09-14T02:13:18.003+00:00,True,213,213.0,,213.0,216464.310496,230505.60559999998,230505.60567999998,1082.1859421596243,34.277798000000004,216464.310496,14827.368640595367,96.16493900000002,66.2325240754717,22.276547146358098,0.9240556187150706,25,64,,False,True,,917,21.16838264042747
89,2026-09-14T02:09:31.734+00:00,2026-09-14T02:13:11.638+00:00,2026-09-14T02:13:27.052+00:00,True,237,237.0,,237.0,219904.83325999998,235318.09662,235318.096639,992.9033613459915,39.901535,219904.83325999998,14280.127180798181,93.41876959999999,65.3104379661017,21.179462264869056,1.0071473609729047,25,64,,False,True,,953,21.16838264042747
90,2026-09-14T02:09:35.554+00:00,2026-09-14T02:13:18.946+00:00,2026-09-14T02:13:35.628+00:00,True,255,255.0,,255.0,223391.394872,240073.257016,240073.257046,941.4637531215686,0.0,223391.394872,13985.24398689441,93.15530199999999,65.67662261417323,35.55873305400551,1.0621757840483048,25,64,,False,True,,1126,21.16838264042747
91,2026-09-14T02:09:39.046+00:00,2026-09-14T02:13:25.525+00:00,2026-09-14T02:13:34.864+00:00,True,141,141.0,,141.0,226478.84571700002,235817.62229300002,235817.62208300002,1672.4654048439718,0.0,226478.84571700002,19067.39234282847,94.027091,66.70554697142857,44.02540878254609,0.597919691620033,25,64,,False,True,,568,21.16838264042747
92,2026-09-14T02:09:41.512+00:00,2026-09-14T02:13:29.719+00:00,2026-09-14T02:13:43.634+00:00,True,210,210.0,,210.0,228207.439583,242122.495967,242122.495805,1152.9642657380953,0.0,228207.439583,15743.260721221428,94.39806905000002,66.57921714832536,38.015773356117194,0.8673295687015463,25,64,,False,True,,881,21.16838264042747
93,2026-09-14T02:09:44.635+00:00,2026-09-14T02:13:34.598+00:00,2026-09-14T02:13:53.179+00:00,True,278,278.0,,278.0,229963.100391,248544.18071100002,248544.180621,894.0438151834533,39.245877,229963.100391,13788.264560972408,95.17944835,67.07971234657039,22.01800095284298,1.1185134136101555,25,64,,False,True,,1172,21.16838264042747
94,2026-09-14T02:09:48.420+00:00,2026-09-14T02:13:42.110+00:00,2026-09-14T02:13:52.675+00:00,True,157,157.0,,157.0,233689.794065,244255.307281,244255.307156,1555.7662876178345,37.025582,233689.794065,18645.0848255695,97.507782,67.72764882051281,23.01427490629147,0.6427700660742721,25,64,,False,True,,279,21.16838264042747
95,2026-09-14T02:09:51.425+00:00,2026-09-14T02:13:48.312+00:00,2026-09-14T02:14:07.752+00:00,True,293,293.0,,293.0,236886.90042199998,256326.05254999996,256326.05264299997,874.8329441740614,32.66742,236886.90042199998,13835.20896313458,95.52148559999999,66.57243879452055,22.15469461397422,1.1430753803023836,25,64,,False,True,,1041,21.16838264042747
96,2026-09-14T02:09:54.500+00:00,2026-09-14T02:13:53.174+00:00,2026-09-14T02:14:05.851+00:00,True,193,193.0,,193.0,238673.94597600002,251350.146936,251350.146937,1302.332367549223,32.242652,238673.94597600002,17175.388586085548,95.58347859999999,66.02188,22.286737689368824,0.7678531417335618,25,64,,False,True,,901,21.16838264042747
97,2026-09-14T02:09:58.300+00:00,2026-09-14T02:13:59.991+00:00,2026-09-14T02:14:07.970+00:00,True,119,119.0,,119.0,241690.44995100002,249670.073375,249670.07327700002,2098.0678426638656,41.205492,241690.44995100002,22149.53930407775,96.500388,67.6239273220339,22.32707855388506,0.47662901040311756,25,64,,False,True,,485,21.16838264042747
98,2026-09-14T02:10:02.471+00:00,2026-09-14T02:14:07.749+00:00,2026-09-14T02:14:27.391+00:00,True,295,295.0,,295.0,245277.071718,264919.043686,264919.043535,898.0306560508475,0.0,245277.071718,14276.740127056382,96.4020393,66.80942846258503,36.57652213345704,1.113547731017986,25,64,,False,True,,970,21.16838264042747
99,2026-09-14T02:10:05.663+00:00,2026-09-14T02:14:14.334+00:00,2026-09-14T02:14:34.071+00:00,True,297,297.0,,297.0,248671.318123,268407.894379,268407.89418,903.7302834343435,0.0159,248671.318123,14425.763412162094,94.91459660000001,66.67762248648648,86.59870358096649,1.106524831123734,25,64,,False,True,,1317,21.16838264042747
100,2026-09-14T02:10:09.797+00:00,2026-09-14T02:14:20.659+00:00,2026-09-14T02:14:37.389+00:00,True,254,254.0,,254.0,250861.998042,267591.46825,267591.46835,1053.5097179133859,0.01579,250861.998042,15736.59800270557,93.80356970000001,66.12438817391305,91.56161702605326,0.9492081405327093,25,64,,False,True,,1011,21.16838264042747
101,2026-09-14T02:10:14.003+00:00,2026-09-14T02:14:28.708+00:00,2026-09-14T02:14:44.833+00:00,True,246,246.0,,246.0,254705.506628,270830.720068,270830.719982,1100.9378861056912,0.01551,254705.506628,16235.50207899342,92.24483900000001,65.81719771428571,93.55629240907656,0.9083164566347366,25,64,,False,True,,1197,21.16838264042747
102,2026-09-14T02:10:18.463+00:00,2026-09-14T02:14:35.964+00:00,2026-09-14T02:14:54.199+00:00,True,278,278.0,,278.0,257500.194292,275735.129588,275735.12974,991.852984676259,31.588022000000002,257500.194292,15439.902078819832,93.03869915000001,65.83009132129965,21.52281865205759,1.0082139349287271,25,64,,False,True,,1348,21.16838264042747
103,2026-09-14T02:10:21.078+00:00,2026-09-14T02:14:41.286+00:00,2026-09-14T02:14:59.548+00:00,True,277,277.0,,277.0,260208.24182300002,278470.510495,278470.510464,1005.3087020361012,0.0,260208.24182300002,15630.469315203036,95.24258,66.16764011594204,38.37343824636032,0.9947193313489961,25,64,,False,True,,932,21.16838264042747
104,2026-09-14T02:10:24.291+00:00,2026-09-14T02:14:46.132+00:00,2026-09-14T02:14:57.426+00:00,True,172,172.0,,172.0,261841.58649900003,273134.69574700005,273134.69569,1587.9924168023258,29.159328000000002,261841.58649900003,19960.210199937294,95.16032360000001,66.0415745497076,21.97459163973771,0.6297259289216066,25,64,,False,True,,847,21.16838264042747
105,2026-09-14T02:10:27.794+00:00,2026-09-14T02:14:52.587+00:00,2026-09-14T02:15:01.783+00:00,True,136,136.0,,136.0,264793.957329,273989.136849,273989.136839,2014.6260061691175,0.0,264793.957329,22700.108327479924,95.5563015,68.1124408888889,49.88324493674536,0.4963700443165814,25,64,,False,True,,590,21.16838264042747
106,2026-09-14T02:10:31.161+00:00,2026-09-14T02:14:59.529+00:00,2026-09-14T02:15:16.001+00:00,True,248,248.0,,248.0,268367.8959,284839.55926,284839.559317,1148.5466101491936,0.0,268367.8959,17037.160883255267,96.09202935000002,66.68689619433198,24.16945348049505,0.8706655797540641,25,64,,False,True,,769,21.16838264042747
107,2026-09-14T02:10:35.346+00:00,2026-09-14T02:15:05.464+00:00,2026-09-14T02:15:16.702+00:00,True,170,170.0,,170.0,270118.309335,281356.138967,281356.139134,1655.0361125529412,41.380372,270118.309335,20712.040731359863,95.92476900000001,66.49603332544379,22.48599578270403,0.6042164234416764,25,64,,False,True,,760,21.16838264042747
108,2026-09-14T02:10:37.856+00:00,2026-09-14T02:15:09.938+00:00,2026-09-14T02:15:23.361+00:00,True,200,200.0,,200.0,272082.139039,285505.229727,285505.229656,1427.52614828,40.143116,272082.139039,19234.356145937054,97.18475645000001,67.45271702512562,22.60623238991806,0.700512562208545,25,64,,False,True,,943,21.16838264042747
109,2026-09-14T02:10:41.989+00:00,2026-09-14T02:15:17.956+00:00,2026-09-14T02:15:24.646+00:00,True,100,100.0,,100.0,275967.007189,282657.14786100003,282657.147904,2826.57147904,39.870775,275967.007189,27589.95244577782,97.40124850000001,67.57717850505051,22.94515329412383,0.3537854986394194,25,64,,False,True,,469,21.16838264042747
110,2026-09-14T02:10:45.228+00:00,2026-09-14T02:15:23.219+00:00,2026-09-14T02:15:33.903+00:00,True,156,156.0,,156.0,277991.363616,288675.450912,288675.45077,1850.4836587820512,38.018959,277991.363616,22251.61493328135,96.4060435,68.92959545806451,22.99293222793895,0.5403992598163643,25,64,,False,True,,738,21.16838264042747
111,2026-09-14T02:10:47.777+00:00,2026-09-14T02:15:27.833+00:00,2026-09-14T02:15:39.129+00:00,True,163,163.0,,163.0,280055.841393,291352.024689,291352.02466199995,1787.4357341226992,40.865733,280055.841393,21930.216158303705,96.46486829999999,69.72952651851853,22.391998767699807,0.5594606736438241,25,64,,False,True,,789,21.16838264042747
112,2026-09-14T02:10:50.804+00:00,2026-09-14T02:15:33.900+00:00,2026-09-14T02:15:45.763+00:00,True,178,178.0,,178.0,283096.527172,294958.78202,294958.78183399996,1657.0718080561796,33.779078,283096.527172,21213.969797620124,95.64002515,67.01838897175142,21.882376054460693,0.6034741491030788,25,64,,False,True,,630,21.16838264042747
113,2026-09-14T02:10:53.494+00:00,2026-09-14T02:15:39.130+00:00,2026-09-14T02:15:45.763+00:00,True,103,103.0,,103.0,285636.216334,292269.48891,292269.489044,2837.5678547961165,33.00712,285636.216334,28138.17286892599,94.0104684,65.03208407843138,21.302831538922057,0.3524144801571036,25,64,,False,True,,465,21.16838264042747
114,2026-09-14T02:10:55.873+00:00,2026-09-14T02:15:42.247+00:00,2026-09-14T02:15:55.941+00:00,False,211,210.0,,210.0,286373.740251,300067.331035,300067.331137,1422.1200527819904,0.0,286373.740251,19710.3408440446,96.348161,65.20757516190476,43.875486995147774,0.6998429295040636,25,64,,False,False,Request timeout: 300.0s exceeded,975,21.16838264042747
115,2026-09-14T02:10:59.021+00:00,2026-09-14T02:15:48.430+00:00,2026-09-14T02:15:59.035+00:00,False,162,161.0,,161.0,289408.62010299996,300013.88295099995,300013.882956,1851.937549111111,0.0,289408.62010299996,22732.96536174046,95.03945705,65.8711978136646,48.796785961831034,0.5366418327591043,25,64,,False,False,Request timeout: 300.0s exceeded,661,21.16838264042747
116,2026-09-14T02:11:02.609+00:00,2026-09-14T02:15:54.871+00:00,2026-09-14T02:16:02.653+00:00,False,111,110.0,,110.0,292261.28761299996,300043.87858899997,300043.87834999996,2703.0980031531526,0.02266,292261.28761299996,27733.506318077772,91.669781,70.75082705454545,21.01612295718443,0.36661304512290344,25,64,,False,False,Request timeout: 300.0s exceeded,451,21.16838264042747
117,2026-09-14T02:11:06.076+00:00,2026-09-14T02:15:59.205+00:00,2026-09-14T02:16:06.143+00:00,False,100,99.0,,99.0,293128.961316,300067.032356,300067.032349,3000.6703234899996,0.0421,293128.961316,29305.895256760716,90.480676,70.08152565656565,20.75844884606848,0.32992628088028764,25,64,,False,False,Request timeout: 300.0s exceeded,448,21.16838264042747
118,2026-09-14T02:11:09.242+00:00,2026-09-14T02:16:02.607+00:00,2026-09-14T02:16:09.306+00:00,False,101,100.0,,100.0,293365.00171700004,300063.920885,300063.920967,2970.9299105643568,0.03625,293365.00171700004,29184.250025477602,87.425844,66.98919168,20.31203195354812,0.33326232525744126,25,64,,False,False,Request timeout: 300.0s exceeded,204,21.16838264042747
119,2026-09-14T02:11:12.715+00:00,2026-09-14T02:16:06.493+00:00,2026-09-14T02:16:12.765+00:00,False,93,92.0,,92.0,293778.02497,300050.068234,300050.06834600004,3226.3448209247313,0.03524,293778.02497,30456.29925405991,89.0933148,68.17438330434783,20.040436707591525,0.3066154943456036,25,64,,False,False,Request timeout: 300.0s exceeded,323,21.16838264042747
120,2026-09-14T02:11:15.357+00:00,2026-09-14T02:16:09.176+00:00,2026-09-14T02:16:15.419+00:00,False,94,93.0,,93.0,293819.514468,300062.30282,300062.302875,3192.152158244681,0.023989999999999997,293819.514468,30298.251800893802,86.36768699999999,67.12675647311828,19.828362171645203,0.3099356337866554,25,64,,False,False,Request timeout: 300.0s exceeded,418,21.16838264042747
121,2026-09-14T02:11:18.632+00:00,2026-09-14T02:16:12.303+00:00,2026-09-14T02:16:18.643+00:00,False,96,95.0,,95.0,293670.724433,300010.86702500004,300010.866846,3125.1131963125003,0.02283,293670.724433,29965.83787451845,88.03939475000001,66.7383430736842,19.88103692426539,0.31665519633355016,25,64,,False,False,Request timeout: 300.0s exceeded,337,21.16838264042747
122,2026-09-14T02:11:21.807+00:00,2026-09-14T02:16:15.545+00:00,2026-09-14T02:16:21.814+00:00,False,92,91.0,,91.0,293738.145893,300007.614565,300007.614362,3260.9523300217393,0.037630000000000004,293738.145893,30617.14207306006,88.09140095,68.89526013186814,19.61105821006588,0.30332563435747006,25,64,,False,False,Request timeout: 300.0s exceeded,365,21.16838264042747
123,2026-09-14T02:11:25.387+00:00,2026-09-14T02:16:19.014+00:00,2026-09-14T02:16:25.451+00:00,False,97,96.0,,96.0,293626.20426599996,300063.762794,300063.762931,3093.4408549587624,0.11525,293626.20426599996,29806.42242453306,90.262457,67.05790133333333,20.64396790337135,0.3199320008057954,25,64,,False,False,Request timeout: 300.0s exceeded,463,21.16838264042747
124,2026-09-14T02:11:29.256+00:00,2026-09-14T02:16:23.288+00:00,2026-09-14T02:16:29.281+00:00,False,95,94.0,,94.0,294032.204512,300024.264672,300024.26478,3158.1501555789478,0.0273,294032.204512,30160.53473806349,90.56079600000001,63.74532085106383,20.960041483996918,0.31330799228110773,25,64,,False,False,Request timeout: 300.0s exceeded,500,21.16838264042747
125,2026-09-14T02:11:32.137+00:00,2026-09-14T02:16:26.365+00:00,2026-09-14T02:16:32.798+00:00,False,78,77.0,,77.0,294227.726362,300661.296666,300661.296915,3854.632011730769,0.0259,294227.726362,33305.74518084134,91.38341974999999,83.55286109090909,179.22106396188912,0.256102135039809,25,64,,False,False,Request timeout: 300.0s exceeded,375,21.16838264042747
126,2026-09-14T02:11:34.714+00:00,2026-09-14T02:16:29.105+00:00,2026-09-14T02:16:34.745+00:00,False,95,94.0,,94.0,294390.823394,300030.773986,300030.773947,3158.218673126316,0.01542,294390.823394,30198.14821555977,90.1308514,59.999474382978725,164.41916581238078,0.3133011949113801,25,64,,False,False,Request timeout: 300.0s exceeded,422,21.16838264042747
127,2026-09-14T02:11:37.843+00:00,2026-09-14T02:16:32.925+00:00,2026-09-14T02:16:37.904+00:00,False,77,76.0,,76.0,295081.967683,300061.84429100004,300061.84447300003,3896.9070710779224,0.025579,295081.967683,33620.250269227414,89.8356274,65.52469221052631,20.81905778692682,0.25328112002902703,25,64,,False,False,Request timeout: 300.0s exceeded,274,21.16838264042747
128,2026-09-14T02:11:40.853+00:00,2026-09-14T02:16:35.051+00:00,2026-09-14T02:16:40.896+00:00,False,82,81.0,,81.0,294198.482877,300042.836925,300042.836708,3659.0589842439026,0.036289999999999996,294198.482877,32480.825175960257,88.45208150000002,72.1525191111111,19.28679145574923,0.26996145227172047,25,64,,False,False,Request timeout: 300.0s exceeded,393,21.16838264042747
129,2026-09-14T02:11:44.296+00:00,2026-09-14T02:16:37.988+00:00,2026-09-14T02:16:44.308+00:00,False,98,97.0,,97.0,293691.81330800004,300011.85042800003,300011.850602,3061.345414306123,0.0,293691.81330800004,29660.83974506602,89.1279177,65.1550218556701,63.91007516220153,0.32332056170987505,25,64,,False,False,Request timeout: 300.0s exceeded,360,21.16838264042747
130,2026-09-14T02:11:47.051+00:00,2026-09-14T02:16:40.380+00:00,2026-09-14T02:16:47.092+00:00,False,107,106.0,,106.0,293329.171142,300041.067974,300041.067996,2804.1221308037384,0.0,293329.171142,28351.14524658653,87.49086240000001,63.31978143396226,61.13686407372103,0.35328497100665374,25,64,,False,False,Request timeout: 300.0s exceeded,501,21.16838264042747
131,2026-09-14T02:11:49.786+00:00,2026-09-14T02:16:43.159+00:00,2026-09-14T02:16:49.818+00:00,False,103,102.0,,102.0,293372.37104500004,300031.66474100004,300031.66464000003,2912.9287829126215,0.039450000000000006,293372.37104500004,28900.412996789884,89.0270451,65.28719309803921,20.60805991189502,0.33996411708094443,25,64,,False,False,Request timeout: 300.0s exceeded,459,21.16838264042747
132,2026-09-14T02:11:53.592+00:00,2026-09-14T02:16:47.045+00:00,2026-09-14T02:16:53.657+00:00,False,98,97.0,,97.0,293453.817739,300065.52154700004,300065.521675,3061.893078316327,0.03836,293453.817739,29636.433674923563,90.12298835,68.16189492783505,20.469977410073046,0.323262731085906,25,64,,False,False,Request timeout: 300.0s exceeded,452,21.16838264042747
133,2026-09-14T02:11:55.986+00:00,2026-09-14T02:16:49.302+00:00,2026-09-14T02:16:56.006+00:00,False,97,96.0,,96.0,293316.412498,300020.11093,300020.11092,3092.9908342268045,0.03767,293316.412498,29774.685921514505,90.55644999999998,69.830192,19.99408688820948,0.3199785497792796,25,64,,False,False,Request timeout: 300.0s exceeded,365,21.16838264042747
134,2026-09-14T02:11:58.278+00:00,2026-09-14T02:16:52.328+00:00,2026-09-14T02:16:58.291+00:00,False,86,85.0,,85.0,294049.29062800005,300012.435844,300012.4359960001,3488.5166976279074,0.03622,294049.29062800005,31700.591991414924,89.66097774999999,70.1546496,20.413218628840653,0.28332158885639713,25,64,,False,False,Request timeout: 300.0s exceeded,410,21.16838264042747
135,2026-09-14T02:12:02.441+00:00,2026-09-14T02:16:55.922+00:00,2026-09-14T02:17:02.529+00:00,False,98,97.0,,97.0,293481.142443,300088.395435,300088.395408,3062.126483755102,0.03978,293481.142443,29639.198641153213,88.05322,68.11601022680412,20.64439366098424,0.3232380907611953,25,64,,False,False,Request timeout: 300.0s exceeded,488,21.16838264042747
136,2026-09-14T02:12:05.792+00:00,2026-09-14T02:16:59.411+00:00,2026-09-14T02:17:05.841+00:00,False,95,94.0,,94.0,293618.659691,300049.04817100003,300049.04807200003,3158.4110323368423,0.022539999999999998,293618.659691,30117.627244912066,90.74653470000001,68.40838808510638,20.54987090813136,0.3132821136177334,25,64,,False,False,Request timeout: 300.0s exceeded,450,21.16838264042747
137,2026-09-14T02:12:09.426+00:00,2026-09-14T02:17:02.956+00:00,2026-09-14T02:17:09.453+00:00,False,93,92.0,,92.0,293530.451195,300027.135739,300027.13557499996,3226.098231989247,0.036950000000000004,293530.451195,30430.373626372184,88.6060306,70.6161363478261,19.68260811690015,0.30663893042005624,25,64,,False,False,Request timeout: 300.0s exceeded,413,21.16838264042747
138,2026-09-14T02:12:11.977+00:00,2026-09-14T02:17:05.793+00:00,2026-09-14T02:17:11.995+00:00,False,89,88.0,,88.0,293816.597657,300018.529433,300018.52951,3370.994713595506,0.03505,293816.597657,31137.03270064806,88.428877,70.47649745454545,19.653062630132457,0.2933152167844757,25,64,,False,False,Request timeout: 300.0s exceeded,432,21.16838264042747
139,2026-09-14T02:12:14.818+00:00,2026-09-14T02:17:08.437+00:00,2026-09-14T02:17:14.872+00:00,False,90,89.0,,89.0,293618.52106,300053.856228,300053.856069,3333.9317341,0.03675,293618.52106,30942.493623124228,88.73746895000001,72.30713671910114,19.062251363628842,0.2966134184003692,25,64,,False,False,Request timeout: 300.0s exceeded,415,21.16838264042747
140,2026-09-14T02:12:17.560+00:00,2026-09-14T02:17:11.704+00:00,2026-09-14T02:17:17.590+00:00,False,87,86.0,,86.0,294143.746484,300029.627572,300029.62775600003,3448.616410988506,0.04585,294143.746484,31528.188581239192,89.026135,68.44047776744185,20.21599834788001,0.28663835867130166,25,64,,False,False,Request timeout: 300.0s exceeded,454,21.16838264042747
141,2026-09-14T02:12:21.658+00:00,2026-09-14T02:17:15.459+00:00,2026-09-14T02:17:21.708+00:00,False,95,94.0,,94.0,293801.30901200004,300049.833044,300049.83301700006,3158.41929491579,0.019780000000000002,293801.30901200004,30136.565358688087,88.5770747,66.47365991489362,20.835949349487205,0.3132812941316172,25,64,,False,False,Request timeout: 300.0s exceeded,353,21.16838264042747
142,2026-09-14T02:12:24.525+00:00,2026-09-14T02:17:18.031+00:00,2026-09-14T02:17:24.601+00:00,False,96,95.0,,95.0,293505.899961,300076.026809,300076.02679800004,3125.7919458125,0.023870000000000002,293505.899961,29948.76877196711,89.0627435,69.15922997894737,20.335441108659623,0.3165864364782063,25,64,,False,False,Request timeout: 300.0s exceeded,491,21.16838264042747
143,2026-09-14T02:12:28.106+00:00,2026-09-14T02:17:21.787+00:00,2026-09-14T02:17:28.129+00:00,False,92,91.0,,91.0,293680.571319,300022.634423,300022.634446,3261.115591804348,0.02307,293680.571319,30611.056312957822,90.63724884999999,69.69300114285716,19.56913555746864,0.30331044914331257,25,64,,False,False,Request timeout: 300.0s exceeded,136,21.16838264042747
144,2026-09-14T02:12:31.488+00:00,2026-09-14T02:17:25.204+00:00,2026-09-14T02:17:31.529+00:00,False,95,94.0,,94.0,293715.957975,300040.070359,300040.070435,3158.3165308947373,0.03753,293715.957975,30127.725164435833,87.0646504,67.27779131914895,19.534859036911218,0.3132914876587262,25,64,,False,False,Request timeout: 300.0s exceeded,498,21.16838264042747
145,2026-09-14T02:12:34.841+00:00,2026-09-14T02:17:28.694+00:00,2026-09-14T02:17:34.861+00:00,False,90,89.0,,89.0,293852.675385,300020.001849,300020.001805,3333.555575611111,0.02277,293852.675385,30967.493643938968,88.60284395000001,69.29580296629213,19.97708331397421,0.29664688837910774,25,64,,False,False,Request timeout: 300.0s exceeded,425,21.16838264042747
146,2026-09-14T02:12:38.129+00:00,2026-09-14T02:17:32.040+00:00,2026-09-14T02:17:38.149+00:00,False,92,91.0,,91.0,293910.74553899997,300020.40313899994,300020.403312,3261.0913403478257,0.0,293910.74553899997,30635.38654772186,89.00371205000002,67.13909450549451,67.17404430280514,0.3033127048957385,25,64,,False,False,Request timeout: 300.0s exceeded,396,21.16838264042747
147,2026-09-14T02:12:42.008+00:00,2026-09-14T02:17:35.803+00:00,2026-09-14T02:17:42.047+00:00,False,96,95.0,,95.0,293795.668176,300039.337424,300039.337436,3125.409764958333,0.0,293795.668176,29978.758174781604,92.3871125,65.72283418947369,65.66730397878058,0.31662514927417973,25,64,,False,False,Request timeout: 300.0s exceeded,481,21.16838264042747
148,2026-09-14T02:12:45.418+00:00,2026-09-14T02:17:39.096+00:00,2026-09-14T02:17:45.443+00:00,False,90,89.0,,89.0,293677.969703,300025.424167,300025.424402,3333.615826688889,0.050269,293677.969703,30948.864659181287,91.25041945000001,71.31971307865169,19.89298808088179,0.29664152712091785,25,64,,False,False,Request timeout: 300.0s exceeded,263,21.16838264042747
149,2026-09-14T02:12:49.025+00:00,2026-09-14T02:17:42.757+00:00,2026-09-14T02:17:49.120+00:00,False,95,94.0,,94.0,293731.433945,300094.482905,300094.482773,3158.8892923473686,0.02497,293731.433945,30129.271051980533,90.0859347,67.69201021276596,20.425839729711335,0.3132346822575785,25,64,,False,False,Request timeout: 300.0s exceeded,430,21.16838264042747
150,2026-09-14T02:12:52.407+00:00,2026-09-14T02:17:45.529+00:00,2026-09-14T02:17:52.502+00:00,False,103,102.0,,102.0,293121.93138200004,300095.425654,300095.42564800003,2913.5478218252433,0.01883,293121.93138200004,28875.433399348887,92.5114125,68.3675909019608,21.26298559663541,0.33989188531518166,25,64,,False,False,Request timeout: 300.0s exceeded,533,21.16838264042747
151,2026-09-14T02:12:55.528+00:00,2026-09-14T02:17:49.285+00:00,2026-09-14T02:17:55.539+00:00,False,94,93.0,,93.0,293757.420088,300011.83416800003,300011.83421400003,3191.615257595745,0.05848,293757.420088,30291.835079708497,90.186193,67.25176430107527,20.90677987038184,0.30998777184210025,25,64,,False,False,Request timeout: 300.0s exceeded,208,21.16838264042747
152,2026-09-14T02:12:58.324+00:00,2026-09-14T02:17:51.859+00:00,2026-09-14T02:17:58.368+00:00,False,104,103.0,,103.0,293534.661949,300043.470653,300043.470628,2885.0333714230765,0.04223,293534.661949,28777.25221227151,88.49555000000001,63.19231751456311,20.18953564771174,0.3432835907938134,25,64,,False,False,Request timeout: 300.0s exceeded,203,21.16838264042747
153,2026-09-14T02:13:00.806+00:00,2026-09-14T02:17:54.598+00:00,2026-09-14T02:18:00.864+00:00,False,94,93.0,,93.0,293792.679818,300058.513546,300058.513409,3192.1118447765957,0.023859,293792.679818,30295.45894982474,89.74451595000001,67.37455621505377,20.57056271480283,0.30993954779337657,25,64,,False,False,Request timeout: 300.0s exceeded,396,21.16838264042747
154,2026-09-14T02:13:04.318+00:00,2026-09-14T02:17:58.100+00:00,2026-09-14T02:18:04.380+00:00,False,93,92.0,,92.0,293782.239656,300061.612712,300061.61272,3226.4689539784945,0.03453,293782.239656,30456.727985149293,88.07477080000001,68.25405495652173,19.96352367465438,0.3066036977155817,25,64,,False,False,Request timeout: 300.0s exceeded,423,21.16838264042747
155,2026-09-14T02:13:07.685+00:00,2026-09-14T02:18:01.283+00:00,2026-09-14T02:18:07.711+00:00,False,94,93.0,,93.0,293597.961642,300026.20637800003,300026.206372,3191.7681528936173,0.09528,293597.961642,30275.194895356155,89.60710730000001,69.12091113978495,20.13473868242947,0.3099729224414157,25,64,,False,False,Request timeout: 300.0s exceeded,235,21.16838264042747
156,2026-09-14T02:13:10.841+00:00,2026-09-14T02:18:04.719+00:00,2026-09-14T02:18:10.911+00:00,False,91,90.0,,90.0,293878.23815,300069.672134,300069.67212999996,3297.468924505494,0.0418,293878.23815,30799.60525249612,89.74129199999999,68.79371093333334,20.434356880921836,0.2999303440429306,25,64,,False,False,Request timeout: 300.0s exceeded,159,21.16838264042747
157,2026-09-14T02:13:13.488+00:00,2026-09-14T02:18:07.183+00:00,2026-09-14T02:18:13.499+00:00,False,93,92.0,,92.0,293695.81924299995,300011.49002699996,300011.49000099994,3225.9300000107523,0.03563,293695.81924299995,30447.725867688547,88.94432339999999,68.64859547826087,20.226880664837267,0.3066549217555645,25,64,,False,False,Request timeout: 300.0s exceeded,341,21.16838264042747
158,2026-09-14T02:13:16.714+00:00,2026-09-14T02:18:10.612+00:00,2026-09-14T02:18:16.781+00:00,False,91,90.0,,90.0,293897.54125099996,300066.594947,300066.59495899995,3297.43510943956,0.02026,293897.54125099996,30801.654578378308,87.6839,68.54504106666666,20.040103296621503,0.29993341983267574,25,64,,False,False,Request timeout: 300.0s exceeded,412,21.16838264042747
159,2026-09-14T02:13:20.864+00:00,2026-09-14T02:18:14.144+00:00,2026-09-14T02:18:20.954+00:00,False,101,100.0,,100.0,293280.502461,300089.674429,300089.674426,2971.1848953069307,0.038,293280.502461,29175.732135849295,88.474722,68.09171968000001,20.02578742220548,0.3332337248533341,25,64,,False,False,Request timeout: 300.0s exceeded,331,21.16838264042747
160,2026-09-14T02:13:24.026+00:00,2026-09-14T02:18:17.781+00:00,2026-09-14T02:18:24.102+00:00,False,95,94.0,,94.0,293754.56312199996,300075.08254599996,300075.08261999994,3158.685080210526,0.04144,293754.56312199996,30131.69045929675,88.266576,67.23956834042554,20.403527811255625,0.3132549334068425,25,64,,False,False,Request timeout: 300.0s exceeded,397,21.16838264042747
161,2026-09-14T02:13:26.375+00:00,2026-09-14T02:18:19.671+00:00,2026-09-14T02:18:26.392+00:00,False,102,101.0,,101.0,293296.04685600003,300016.696584,300016.696569,2941.3401624411767,0.03417,293296.04685600003,29034.05446361047,87.65481255,66.54108641584159,20.257482406968766,0.336647930431837,25,64,,False,False,Request timeout: 300.0s exceeded,340,21.16838264042747
162,2026-09-14T02:13:29.562+00:00,2026-09-14T02:18:23.039+00:00,2026-09-14T02:18:29.583+00:00,False,94,93.0,,93.0,293476.610218,300020.370858,300020.370835,3191.706072712766,0.02066,293476.610218,30262.549820295248,89.59970014999999,70.3630176344086,19.32754531228367,0.3099789515426504,25,64,,False,False,Request timeout: 300.0s exceeded,182,21.16838264042747
163,2026-09-14T02:13:33.619+00:00,2026-09-14T02:18:27.229+00:00,2026-09-14T02:18:33.625+00:00,False,99,98.0,,98.0,293610.20398,300006.736972,300006.737058,3030.371081393939,0.0,293610.20398,29502.440966943406,92.9613001,65.27074481632653,62.31011130814003,0.32665933101744465,25,64,,False,False,Request timeout: 300.0s exceeded,518,21.16838264042747
164,2026-09-14T02:13:37.233+00:00,2026-09-14T02:18:31.084+00:00,2026-09-14T02:18:37.289+00:00,False,95,94.0,,94.0,293850.97697,300055.854538,300055.85463300004,3158.4826803473684,0.0,293850.97697,30141.76823473152,93.2392663,66.00933582978723,63.67352622294455,0.3132750072306806,25,64,,False,False,Request timeout: 300.0s exceeded,350,21.16838264042747
165,2026-09-14T02:13:40.293+00:00,2026-09-14T02:18:33.987+00:00,2026-09-14T02:18:40.333+00:00,False,92,91.0,,91.0,293694.239855,300039.622767,300039.622631,3261.3002459891304,0.02131,293694.239855,30612.477823376077,89.91666495000001,69.72948254945055,19.99252630620577,0.30329327560402697,25,64,,False,False,Request timeout: 300.0s exceeded,464,21.16838264042747
166,2026-09-14T02:13:44.284+00:00,2026-09-14T02:18:38.233+00:00,2026-09-14T02:18:44.324+00:00,False,93,92.0,,92.0,293949.0747,300040.312076,300040.311973,3226.2399136881722,0.02465,293949.0747,30474.24059003597,90.1007736,66.20910191304348,20.822507884716753,0.3066254643032649,25,64,,False,False,Request timeout: 300.0s exceeded,430,21.16838264042747
167,2026-09-14T02:13:46.796+00:00,2026-09-14T02:18:40.856+00:00,2026-09-14T02:18:46.828+00:00,False,93,92.0,,92.0,294060.371882,300031.965866,300031.965927,3226.150171258065,0.02113,294060.371882,30485.91664802361,89.282675,64.90863026086956,21.157433812645237,0.30663399392946333,25,64,,False,False,Request timeout: 300.0s exceeded,443,21.16838264042747
168,2026-09-14T02:13:50.199+00:00,2026-09-14T02:18:44.150+00:00,2026-09-14T02:18:50.256+00:00,False,93,92.0,,92.0,293951.35797899996,300057.36348299996,300057.36357,3226.423264193548,0.07232999999999999,293951.35797899996,30474.461013090204,90.5655586,66.36962504347825,21.2672466753466,0.30660803964976635,25,64,,False,False,Request timeout: 300.0s exceeded,294,21.16838264042747
169,2026-09-14T02:13:52.902+00:00,2026-09-14T02:18:46.559+00:00,2026-09-14T02:18:52.983+00:00,False,95,94.0,,94.0,293656.79635799996,300081.202886,300081.202915,3158.7495043684207,0.03896,293656.79635799996,30121.54642809743,89.3957978,68.34475029787234,20.42450689976566,0.3132485443805367,25,64,,False,False,Request timeout: 300.0s exceeded,498,21.16838264042747
170,2026-09-14T02:13:56.043+00:00,2026-09-14T02:18:49.236+00:00,2026-09-14T02:18:56.073+00:00,False,102,101.0,,101.0,293193.140692,300029.462228,300029.462109,2941.4653147941176,0.039869999999999996,293193.140692,29023.751283199537,89.29682604999999,67.68635184158416,19.435837675455215,0.33663360674641857,25,64,,False,False,Request timeout: 300.0s exceeded,490,21.16838264042747
171,2026-09-14T02:13:58.736+00:00,2026-09-14T02:18:52.130+00:00,2026-09-14T02:18:59.346+00:00,False,83,82.0,,82.0,293393.462075,300610.15097099997,300610.150817,3621.809045987952,0.038579999999999996,293393.462075,32195.104782814622,89.0844643,88.0084011707317,205.63506292169856,0.2727785463502548,25,64,,False,False,Request timeout: 300.0s exceeded,416,21.16838264042747
172,2026-09-14T02:14:02.137+00:00,2026-09-14T02:18:56.245+00:00,2026-09-14T02:19:02.189+00:00,False,96,95.0,,95.0,294107.36118,300052.0703,300052.070392,3125.542399916667,0.0175,294107.36118,30011.441620766873,92.639644,62.57588547368422,194.14975801361987,0.3166117131103827,25,64,,False,False,Request timeout: 300.0s exceeded,322,21.16838264042747
173,2026-09-14T02:14:06.326+00:00,2026-09-14T02:19:00.490+00:00,2026-09-14T02:19:06.382+00:00,False,90,89.0,,89.0,294163.96249400004,300055.15302200004,300055.15287900006,3333.9461431000004,0.02109,294163.96249400004,31000.6336167461,88.78007950000001,66.193152,20.578535396245336,0.29661213648103724,25,64,,False,False,Request timeout: 300.0s exceeded,368,21.16838264042747
174,2026-09-14T02:14:09.535+00:00,2026-09-14T02:19:03.154+00:00,2026-09-14T02:19:09.557+00:00,False,96,95.0,,95.0,293618.707623,300021.292711,300021.29251600004,3125.221797041667,0.02532,293618.707623,29960.461888368733,88.42581550000001,67.39563250526317,19.94250944878215,0.31664419262238885,25,64,,False,False,Request timeout: 300.0s exceeded,431,21.16838264042747
175,2026-09-14T02:14:12.378+00:00,2026-09-14T02:19:06.134+00:00,2026-09-14T02:19:12.418+00:00,False,90,89.0,,89.0,293755.887113,300039.67130499997,300039.67138699995,3333.774126522222,0.02935,293755.887113,30957.152563711647,86.90706895,70.60431676404494,18.726335198284726,0.29662744134101066,25,64,,False,False,Request timeout: 300.0s exceeded,410,21.16838264042747
176,2026-09-14T02:14:16.213+00:00,2026-09-14T02:19:09.761+00:00,2026-09-14T02:19:16.257+00:00,False,92,91.0,,91.0,293547.202517,300043.234261,300043.234393,3261.3395042717393,0.03666,293547.202517,30596.974676926257,88.23677649999999,71.38496421978022,18.62864547109933,0.30328962499064854,25,64,,False,False,Request timeout: 300.0s exceeded,224,21.16838264042747
177,2026-09-14T02:14:19.450+00:00,2026-09-14T02:19:13.225+00:00,2026-09-14T02:19:19.538+00:00,False,91,90.0,,90.0,293774.458001,300087.422097,300087.422034,3297.6639783956043,0.040889,293774.458001,30788.58414403546,89.2288265,70.14404551111112,19.749799998767543,0.2999126033709886,25,64,,False,False,Request timeout: 300.0s exceeded,391,21.16838264042747
178,2026-09-14T02:14:22.193+00:00,2026-09-14T02:19:16.043+00:00,2026-09-14T02:19:22.247+00:00,False,90,89.0,,89.0,293849.45652300003,300054.099851,300054.09988600004,3333.934443177778,0.0237,293849.45652300003,30967.11026165026,88.3636485,69.7150935730337,20.152968529284195,0.2966131775709626,25,64,,False,False,Request timeout: 300.0s exceeded,474,21.16838264042747
179,2026-09-14T02:14:25.515+00:00,2026-09-14T02:19:19.187+00:00,2026-09-14T02:19:25.600+00:00,False,96,95.0,,95.0,293671.31515700003,300084.50427700003,300084.50411000004,3125.880251145834,0.02526,293671.31515700003,29965.82014458605,88.505753,67.50725389473683,20.564206907694157,0.3165774928261808,25,64,,False,False,Request timeout: 300.0s exceeded,469,21.16838264042747
180,2026-09-14T02:14:29.365+00:00,2026-09-14T02:19:23.066+00:00,2026-09-14T02:19:29.409+00:00,False,102,101.0,,101.0,293700.84926700004,300044.31627500005,300044.31633700005,2941.6109444803924,0.0,293700.84926700004,29074.57353167711,92.90161554999999,62.80660403960396,66.31770809340244,0.33661694130353176,25,64,,False,False,Request timeout: 300.0s exceeded,489,21.16838264042747
181,2026-09-14T02:14:32.490+00:00,2026-09-14T02:19:26.802+00:00,2026-09-14T02:19:32.518+00:00,False,95,94.0,,94.0,294312.618689,300028.290753,300028.29073500005,3158.192534052632,0.0207,294312.618689,30189.60587679106,88.96225539999999,60.805021957446804,20.353937020923585,0.3133037879997324,25,64,,False,False,Request timeout: 300.0s exceeded,295,21.16838264042747
182,2026-09-14T02:14:35.188+00:00,2026-09-14T02:19:28.906+00:00,2026-09-14T02:19:35.252+00:00,False,104,103.0,,103.0,293718.42417400004,300064.08305400005,300064.08308700006,2885.231568144231,0.035549,293718.42417400004,28795.426589746443,87.60010345,61.6083386407767,19.740035799128947,0.343260009500917,25,64,,False,False,Request timeout: 300.0s exceeded,451,21.16838264042747
183,2026-09-14T02:14:37.676+00:00,2026-09-14T02:19:31.585+00:00,2026-09-14T02:19:37.745+00:00,False,102,101.0,,101.0,293908.94673799997,300069.01765,300069.01748499996,2941.853112598039,0.0327,293908.94673799997,29095.289971667375,89.46886415,60.99080110891089,20.011214090529972,0.3365892313407919,25,64,,False,False,Request timeout: 300.0s exceeded,533,21.16838264042747
184,2026-09-14T02:14:41.599+00:00,2026-09-14T02:19:35.328+00:00,2026-09-14T02:19:41.631+00:00,False,93,92.0,,92.0,293729.87491799996,300032.85782999994,300032.85785,3226.1597618279566,0.04164,293729.87491799996,30451.271406744676,89.00412,68.51068382608695,19.966642508936484,0.30663308234102693,25,64,,False,False,Request timeout: 300.0s exceeded,436,21.16838264042747
185,2026-09-14T02:14:44.027+00:00,2026-09-14T02:19:38.006+00:00,2026-09-14T02:19:44.041+00:00,False,90,89.0,,89.0,293978.72775,300013.825862,300013.825962,3333.4869551333336,0.03657,293978.72775,30980.937086242764,87.79456694999999,67.8100911460674,19.58348394942137,0.2966529950554283,25,64,,False,False,Request timeout: 300.0s exceeded,360,21.16838264042747
186,2026-09-14T02:14:46.695+00:00,2026-09-14T02:19:40.104+00:00,2026-09-14T02:19:46.732+00:00,False,99,98.0,,98.0,293409.062676,300037.426196,300037.426236,3030.681073090909,0.042999,293409.062676,29481.929365505603,88.06935779999999,67.63636244897958,20.041996006312825,0.32662591878115005,25,64,,False,False,Request timeout: 300.0s exceeded,407,21.16838264042747
187,2026-09-14T02:14:50.166+00:00,2026-09-14T02:19:43.958+00:00,2026-09-14T02:19:50.221+00:00,False,97,96.0,,96.0,293791.988204,300054.595052,300054.595097,3093.3463412061856,0.022879999999999998,293791.988204,29823.439865215623,87.41924360000002,65.235488,20.04855405678169,0.3199417758736973,25,64,,False,False,Request timeout: 300.0s exceeded,442,21.16838264042747
188,2026-09-14T02:14:53.749+00:00,2026-09-14T02:19:47.751+00:00,2026-09-14T02:19:53.830+00:00,False,90,89.0,,89.0,294001.448288,300081.24425600003,300081.244278,3334.2360475333335,0.02835,294001.448288,30983.280241091546,90.52922745,68.31231424719101,21.3285332113919,0.2965863468763609,25,64,,False,False,Request timeout: 300.0s exceeded,365,21.16838264042747
189,2026-09-14T02:14:57.853+00:00,2026-09-14T02:19:51.381+00:00,2026-09-14T02:19:57.860+00:00,False,96,95.0,,95.0,293527.784513,300007.058497,300007.05859,3125.0735269791667,0.037899999999999996,293527.784513,29951.099494935046,89.026882,68.20288404210525,19.629864397998695,0.31665921620624127,25,64,,False,False,Request timeout: 300.0s exceeded,471,21.16838264042747
190,2026-09-14T02:15:01.901+00:00,2026-09-14T02:19:55.440+00:00,2026-09-14T02:20:01.982+00:00,False,102,101.0,,101.0,293539.50056,300081.78152,300081.78155300004,2941.978250519608,0.01762,293539.50056,29058.334586534947,87.6843671,64.77505900990099,19.90284564004857,0.336574914639623,25,64,,False,False,Request timeout: 300.0s exceeded,527,21.16838264042747
191,2026-09-14T02:15:06.119+00:00,2026-09-14T02:19:59.704+00:00,2026-09-14T02:20:06.136+00:00,False,97,96.0,,96.0,293585.08589,300017.07411399996,300017.074152,3092.959527340206,0.046789000000000004,293585.08589,29802.253363304197,89.279959,66.99987733333333,20.621718254623556,0.31998178864820903,25,64,,False,False,Request timeout: 300.0s exceeded,376,21.16838264042747
192,2026-09-14T02:15:08.834+00:00,2026-09-14T02:20:02.711+00:00,2026-09-14T02:20:08.911+00:00,False,92,91.0,,91.0,293877.172047,300077.040719,300077.04065,3261.706963586956,0.02139,293877.172047,30631.71698637587,89.46736864999998,68.13042496703297,20.684562910336396,0.30325545660527486,25,64,,False,False,Request timeout: 300.0s exceeded,471,21.16838264042747
193,2026-09-14T02:15:11.546+00:00,2026-09-14T02:20:05.123+00:00,2026-09-14T02:20:11.570+00:00,False,99,98.0,,98.0,293576.66458499996,300024.05274499994,300024.052805,3030.5459879292926,0.039238999999999996,293576.66458499996,29498.960133197714,90.1668008,65.78967510204082,20.83939330848277,0.32664047799958673,25,64,,False,False,Request timeout: 300.0s exceeded,131,21.16838264042747
194,2026-09-14T02:15:14.468+00:00,2026-09-14T02:20:08.037+00:00,2026-09-14T02:20:14.512+00:00,False,98,97.0,,97.0,293569.549147,300044.821339,300044.821279,3061.6818497857143,0.02872,293569.549147,29648.26702369657,90.45328885,66.75538342268041,21.37853466260349,0.32328503310645834,25,64,,False,False,Request timeout: 300.0s exceeded,465,21.16838264042747
195,2026-09-14T02:15:18.524+00:00,2026-09-14T02:20:12.320+00:00,2026-09-14T02:20:18.602+00:00,False,91,90.0,,90.0,293795.835211,300077.629771,300077.629851,3297.556371989011,0.039189999999999996,293795.835211,30790.86203659714,89.90217549999997,69.79771733333332,20.745723294740095,0.29992239031174106,25,64,,False,False,Request timeout: 300.0s exceeded,427,21.16838264042747
196,2026-09-14T02:15:21.507+00:00,2026-09-14T02:20:14.816+00:00,2026-09-14T02:20:21.582+00:00,False,98,97.0,,97.0,293308.53911199997,300074.32547999994,300074.32529899996,3061.982911214285,0.02145,293308.53911199997,29621.597523409993,90.78814135,69.75037492783505,19.970908105316646,0.3232532468242275,25,64,,False,False,Request timeout: 300.0s exceeded,441,21.16838264042747
197,2026-09-14T02:15:24.868+00:00,2026-09-14T02:20:18.388+00:00,2026-09-14T02:20:24.947+00:00,False,101,100.0,,100.0,293519.94173,300078.682722,300078.68266500003,2971.0760659900993,0.0,293519.94173,29199.874101766512,87.69114499999999,65.58740992,66.2855635440694,0.33324593101017563,25,64,,False,False,Request timeout: 300.0s exceeded,619,21.16838264042747
198,2026-09-14T02:15:27.356+00:00,2026-09-14T02:20:21.064+00:00,2026-09-14T02:20:27.409+00:00,False,98,97.0,,97.0,293707.84911199997,300052.52546399995,300052.525469,3061.7604639693873,0.0,293707.84911199997,29662.43979861216,90.75672764999999,65.40903455670103,66.59943414336475,0.32327673246542293,25,64,,False,False,Request timeout: 300.0s exceeded,461,21.16838264042747
199,2026-09-14T02:15:30.806+00:00,2026-09-14T02:20:24.377+00:00,2026-09-14T02:20:30.865+00:00,False,97,96.0,,96.0,293571.575027,300059.02769899997,300059.027732,3093.392038474227,0.02494,293571.575027,29800.822155022033,88.7832228,67.577632,19.5324390344485,0.3199370495071425,25,64,,False,False,Request timeout: 300.0s exceeded,461,21.16838264042747
200,2026-09-14T02:15:33.777+00:00,2026-09-14T02:20:27.485+00:00,2026-09-14T02:20:33.842+00:00,False,95,94.0,,94.0,293708.14854,300064.589372,300064.589343,3158.574624663158,0.04131,293708.14854,30126.88891846054,88.05016069999999,67.62171097872341,19.951689801795112,0.31326588784345055,25,64,,False,False,Request timeout: 300.0s exceeded,487,21.16838264042747
201,2026-09-14T02:15:37.800+00:00,2026-09-14T02:20:31.206+00:00,2026-09-14T02:20:37.847+00:00,False,92,91.0,,91.0,293405.801577,300047.22084100003,300047.221027,3261.38283725,0.02205,293405.801577,30582.06633604205,89.8492455,72.98262927472527,19.10657209483536,0.3032855953304177,25,64,,False,False,Request timeout: 300.0s exceeded,476,21.16838264042747
202,2026-09-14T02:15:41.609+00:00,2026-09-14T02:20:34.905+00:00,2026-09-14T02:20:41.638+00:00,False,94,93.0,,93.0,293296.24585500004,300029.65590300004,300029.65596100007,3191.8048506489367,0.03401,293296.24585500004,30243.736388687335,88.99052865,72.40225858064515,19.42211343677957,0.309969358595895,25,64,,False,False,Request timeout: 300.0s exceeded,406,21.16838264042747
203,2026-09-14T02:15:45.526+00:00,2026-09-14T02:20:39.272+00:00,2026-09-14T02:20:45.566+00:00,False,91,90.0,,90.0,293745.91409100004,300040.43287500006,300040.43288400007,3297.1476141098906,0.023829999999999997,293745.91409100004,30785.613369238556,88.01021399999999,69.9390976,19.67891772361291,0.29995957257365685,25,64,,False,False,Request timeout: 300.0s exceeded,427,21.16838264042747
204,2026-09-14T02:15:48.478+00:00,2026-09-14T02:20:42.362+00:00,2026-09-14T02:20:48.554+00:00,False,92,91.0,,91.0,293884.184351,300075.694111,300075.694132,3261.692327521739,0.02653,293884.184351,30632.45782760731,89.98201010000001,68.03856879120879,20.954728149839355,0.30325681748265326,25,64,,False,False,Request timeout: 300.0s exceeded,412,21.16838264042747
205,2026-09-14T02:15:51.524+00:00,2026-09-14T02:20:45.095+00:00,2026-09-14T02:20:51.609+00:00,False,96,95.0,,95.0,293570.92038599995,300085.5131539999,300085.51327399997,3125.890763270833,0.030670000000000003,293570.92038599995,29955.465419736385,89.754788,68.57466071578946,21.588666780656393,0.31657642850372203,25,64,,False,False,Request timeout: 300.0s exceeded,434,21.16838264042747
206,2026-09-14T02:15:54.435+00:00,2026-09-14T02:20:48.114+00:00,2026-09-14T02:20:54.442+00:00,False,96,95.0,,95.0,293679.608828,300007.12678000005,300007.12677000003,3125.0742371875003,0.019899999999999998,293679.608828,29966.759923891837,91.3684915,66.60545212631578,22.357418710725756,0.3166591441331492,25,64,,False,False,Request timeout: 300.0s exceeded,483,21.16838264042747
207,2026-09-14T02:15:58.360+00:00,2026-09-14T02:20:52.180+00:00,2026-09-14T02:20:58.434+00:00,False,92,91.0,,91.0,293820.415247,300074.840591,300074.840574,3261.6830497173914,0.0209,293820.415247,30625.736871520694,88.814125,68.72994883516483,20.22124734087067,0.30325768005333176,25,64,,False,False,Request timeout: 300.0s exceeded,344,21.16838264042747
208,2026-09-14T02:16:01.755+00:00,2026-09-14T02:20:55.456+00:00,2026-09-14T02:21:01.762+00:00,False,94,93.0,,93.0,293701.478991,300007.214927,300007.21495999995,3191.5661165957445,0.03484,293701.478991,30286.00761627973,88.0837743,67.80361221505376,19.913062506361086,0.30999254475473015,25,64,,False,False,Request timeout: 300.0s exceeded,139,21.16838264042747
209,2026-09-14T02:16:04.853+00:00,2026-09-14T02:20:58.559+00:00,2026-09-14T02:21:04.860+00:00,False,93,92.0,,92.0,293705.922855,300007.134503,300007.134573,3225.883167451613,0.02252,293705.922855,30448.789706576576,89.38536739999999,68.49143095652174,19.991522775914277,0.3066593737925923,25,64,,False,False,Request timeout: 300.0s exceeded,372,21.16838264042747
210,2026-09-14T02:16:08.520+00:00,2026-09-14T02:21:02.011+00:00,2026-09-14T02:21:08.541+00:00,False,96,95.0,,95.0,293490.621246,300020.437054,300020.436871,3125.2128840729165,0.03314,293490.621246,29947.252618078168,91.32069500000001,68.73490324210526,20.208884719666266,0.3166450956902685,25,64,,False,False,Request timeout: 300.0s exceeded,465,21.16838264042747
211,2026-09-14T02:16:12.349+00:00,2026-09-14T02:21:06.079+00:00,2026-09-14T02:21:12.432+00:00,False,93,92.0,,92.0,293729.389437,300082.428797,300082.42888599995,3226.69278372043,0.02243,293729.389437,30451.165410667025,90.4631586,69.0547756521739,21.114250923100812,0.3065824292639148,25,64,,False,False,Request timeout: 300.0s exceeded,447,21.16838264042747
212,2026-09-14T02:16:15.986+00:00,2026-09-14T02:21:09.672+00:00,2026-09-14T02:21:16.030+00:00,False,93,92.0,,92.0,293685.91340200003,300044.094778,300044.09488000005,3226.280590107527,0.03411,293685.91340200003,30446.650612539615,89.0230836,69.11066713043478,19.993014650981696,0.3066215986289281,25,64,,False,False,Request timeout: 300.0s exceeded,481,21.16838264042747
213,2026-09-14T02:16:19.837+00:00,2026-09-14T02:21:13.669+00:00,2026-09-14T02:21:19.880+00:00,False,99,98.0,,98.0,293832.09733099997,300043.68235499994,300043.682299,3030.744265646464,0.0,293832.09733099997,29524.942798528962,89.70800559999999,63.383520653061225,67.40910175380729,0.32661910836052943,25,64,,False,False,Request timeout: 300.0s exceeded,330,21.16838264042747
214,2026-09-14T02:16:23.299+00:00,2026-09-14T02:21:17.399+00:00,2026-09-14T02:21:23.322+00:00,False,92,91.0,,91.0,294099.98444800003,300023.03955200006,300023.039546,3261.1199950652176,0.02127,294099.98444800003,30655.263546161103,88.91960955,65.08851762637363,20.11594808583752,0.3033100395752369,25,64,,False,False,Request timeout: 300.0s exceeded,447,21.16838264042747
215,2026-09-14T02:16:26.949+00:00,2026-09-14T02:21:20.818+00:00,2026-09-14T02:21:26.965+00:00,False,91,90.0,,90.0,293868.97969099996,300015.50103499996,300015.501106,3296.873638527472,0.04461,293868.97969099996,30798.68623951455,86.66981700000001,68.29468159999999,19.21626519888698,0.29998449976589897,25,64,,False,False,Request timeout: 300.0s exceeded,468,21.16838264042747
216,2026-09-14T02:16:29.709+00:00,2026-09-14T02:21:23.406+00:00,2026-09-14T02:21:29.717+00:00,False,95,94.0,,94.0,293697.617995,300007.95066699997,300007.950744,3157.97842888421,0.02178,293697.617995,30125.85890580322,88.24365269999998,67.13119863829787,20.062574311234453,0.313325029523425,25,64,,False,False,Request timeout: 300.0s exceeded,434,21.16838264042747
217,2026-09-14T02:16:32.801+00:00,2026-09-14T02:21:25.881+00:00,2026-09-14T02:21:32.859+00:00,False,105,104.0,,104.0,293079.615842,300058.321762,300058.321839,2857.6983032285716,0.03481,293079.615842,28595.1004193804,88.61244699999999,67.10294153846154,20.31663840310697,0.3465992857298277,25,64,,False,False,Request timeout: 300.0s exceeded,582,21.16838264042747
218,2026-09-14T02:16:35.417+00:00,2026-09-14T02:21:29.328+00:00,2026-09-14T02:21:35.484+00:00,False,95,94.0,,94.0,293910.66445599997,300066.72512799996,300066.725122,3158.597106547368,0.023370000000000002,293910.66445599997,30147.886316599346,91.2063757,65.49000714893617,21.42453915808064,0.3132636581410427,25,64,,False,False,Request timeout: 300.0s exceeded,336,21.16838264042747
219,2026-09-14T02:16:38.833+00:00,2026-09-14T02:21:34.076+00:00,2026-09-14T02:21:38.851+00:00,False,71,70.0,,70.0,295243.30065499997,300017.59339099994,300017.593289,4225.599905478873,0.04435,295243.30065499997,35030.84493329835,88.56873800000001,68.20418194285715,20.457547623382,0.23331965038720923,25,64,,False,False,Request timeout: 300.0s exceeded,358,21.16838264042747
220,2026-09-14T02:16:41.242+00:00,2026-09-14T02:21:34.969+00:00,2026-09-14T02:21:41.256+00:00,False,94,93.0,,93.0,293727.069037,300013.756269,300013.756046,3191.6357026170213,0.03903,293727.069037,30288.66787903269,87.03449115,67.5987874408602,19.486032114063043,0.30998578584047937,25,64,,False,False,Request timeout: 300.0s exceeded,456,21.16838264042747
221,2026-09-14T02:16:45.379+00:00,2026-09-14T02:21:39.262+00:00,2026-09-14T02:21:46.364+00:00,False,80,79.0,,79.0,293883.48248299997,300985.26526699995,300985.265341,3762.3158167624997,0.0316,293883.48248299997,32847.91112786049,90.01092134999999,89.89598460759494,229.2098451798183,0.26247132041470594,25,64,,False,False,Request timeout: 300.0s exceeded,149,21.16838264042747
222,2026-09-14T02:16:47.827+00:00,2026-09-14T02:21:41.256+00:00,2026-09-14T02:21:47.844+00:00,False,114,113.0,,113.0,293429.44235100003,300017.36247900006,300017.36248500005,2631.7312498684214,0.015349999999999999,293429.44235100003,27477.404453949588,90.7281363,58.30017812389381,194.1034159960069,0.37664486837127475,25,64,,False,False,Request timeout: 300.0s exceeded,555,21.16838264042747
223,2026-09-14T02:16:50.495+00:00,2026-09-14T02:21:44.051+00:00,2026-09-14T02:21:50.545+00:00,False,108,107.0,,107.0,293556.118896,300050.4316,300050.43153600005,2778.2447364444447,0.01528,293556.118896,28242.330811865348,88.13050820000001,60.69451125233645,202.6740572778402,0.35660671917527076,25,64,,False,False,Request timeout: 300.0s exceeded,373,21.16838264042747
224,2026-09-14T02:16:54.536+00:00,2026-09-14T02:21:48.295+00:00,2026-09-14T02:21:54.624+00:00,False,94,93.0,,93.0,293759.542762,300088.951786,300088.95176,3192.4356570212767,0.038378999999999996,293759.542762,30291.969810840492,87.74569114999998,68.05816154838709,19.33545780899428,0.30990811040028005,25,64,,False,False,Request timeout: 300.0s exceeded,416,21.16838264042747
225,2026-09-14T02:16:58.021+00:00,2026-09-14T02:21:51.835+00:00,2026-09-14T02:21:58.101+00:00,False,92,91.0,,91.0,293814.31205,300080.253554,300080.253354,3261.7418842826087,0.021658999999999998,293814.31205,30625.08694435111,88.1310815,68.85650004395605,19.549537012374234,0.30325220977469075,25,64,,False,False,Request timeout: 300.0s exceeded,413,21.16838264042747
226,2026-09-14T02:17:01.134+00:00,2026-09-14T02:21:54.869+00:00,2026-09-14T02:22:01.167+00:00,False,95,94.0,,94.0,293735.229749,300032.450357,300032.450366,3158.236319642105,0.026359999999999998,293735.229749,30129.73212825382,87.92075569999999,66.99170859574468,20.10400094436397,0.3132994444039373,25,64,,False,False,Request timeout: 300.0s exceeded,354,21.16838264042747
227,2026-09-14T02:17:05.105+00:00,2026-09-14T02:21:58.904+00:00,2026-09-14T02:22:05.182+00:00,False,97,96.0,,96.0,293799.53481,300077.23721,300077.237108,3093.5797639999996,0.03345,293799.53481,29824.19061033721,88.433485,65.39273333333334,20.741919040639907,0.3199176348481818,25,64,,False,False,Request timeout: 300.0s exceeded,503,21.16838264042747
228,2026-09-14T02:17:08.101+00:00,2026-09-14T02:22:02.028+00:00,2026-09-14T02:22:08.138+00:00,False,91,90.0,,90.0,293926.587343,300036.864719,300036.864686,3297.1084031428572,0.03843,293926.587343,30804.76832504208,88.46675299999998,67.89197084444444,20.69635969704778,0.29996313981046846,25,64,,False,False,Request timeout: 300.0s exceeded,440,21.16838264042747
229,2026-09-14T02:17:10.785+00:00,2026-09-14T02:22:04.617+00:00,2026-09-14T02:22:10.803+00:00,False,94,93.0,,93.0,293831.594945,300017.466305,300017.46634800005,3191.675173914894,0.02379,293831.594945,30299.561435876065,88.125067,66.51474580645161,20.59383222417377,0.30998195253557503,25,64,,False,False,Request timeout: 300.0s exceeded,397,21.16838264042747
230,2026-09-14T02:17:14.992+00:00,2026-09-14T02:22:08.487+00:00,2026-09-14T02:22:15.052+00:00,False,106,105.0,,105.0,293494.795664,300059.705232,300059.705257,2830.7519363867923,0.0,293494.795664,28500.734937870075,88.59850475000002,62.52294826666667,64.87505675834458,0.3499303577560211,25,64,,False,False,Request timeout: 300.0s exceeded,259,21.16838264042747
231,2026-09-14T02:17:19.120+00:00,2026-09-14T02:22:12.748+00:00,2026-09-14T02:22:19.182+00:00,False,98,97.0,,97.0,293628.007139,300062.202083,300062.202317,3061.8592073163263,0.02976,293628.007139,29654.21389571353,88.23168885,66.33190663917526,19.848387555813016,0.3232663072077599,25,64,,False,False,Request timeout: 300.0s exceeded,521,21.16838264042747
232,2026-09-14T02:17:21.544+00:00,2026-09-14T02:22:14.839+00:00,2026-09-14T02:22:21.580+00:00,False,100,99.0,,99.0,293295.27505299996,300036.46007699997,300036.45999199996,3000.36459992,0.032350000000000004,293295.27505299996,29322.72437218085,88.23664989999999,68.09277802020202,19.07958498313219,0.32995989878894416,25,64,,False,False,Request timeout: 300.0s exceeded,145,21.16838264042747
233,2026-09-14T02:17:24.518+00:00,2026-09-14T02:22:17.750+00:00,2026-09-14T02:22:24.543+00:00,False,99,98.0,,98.0,293232.176917,300025.47125299997,300025.471415,3030.560317323232,0.02216,293232.176917,29463.982519668363,89.26487789999999,69.31932995918368,20.015935177641534,0.32663893365693725,25,64,,False,False,Request timeout: 300.0s exceeded,324,21.16838264042747
234,2026-09-14T02:17:27.299+00:00,2026-09-14T02:22:20.576+00:00,2026-09-14T02:22:27.345+00:00,False,103,102.0,,102.0,293277.232912,300045.83655999997,300045.836554,2913.0663743106793,0.0405,293277.232912,28890.932989024863,90.0206302,66.35885929411765,20.356125223676276,0.3399480598345284,25,64,,False,False,Request timeout: 300.0s exceeded,472,21.16838264042747
235,2026-09-14T02:17:30.374+00:00,2026-09-14T02:22:23.853+00:00,2026-09-14T02:22:30.383+00:00,False,98,97.0,,97.0,293478.77933600004,300008.54394400003,300008.54393200006,3061.3116727755105,0.03984,293478.77933600004,29639.040325573147,89.47609704999999,67.31716090721649,20.201977137908848,0.3233241251226036,25,64,,False,False,Request timeout: 300.0s exceeded,412,21.16838264042747
236,2026-09-14T02:17:33.884+00:00,2026-09-14T02:22:27.431+00:00,2026-09-14T02:22:33.968+00:00,False,96,95.0,,95.0,293546.918399,300083.389695,300083.389671,3125.8686424062503,0.04421,293546.918399,29952.99156037613,91.11889200000002,68.80496101052631,20.638516606614,0.31657866867125334,25,64,,False,False,Request timeout: 300.0s exceeded,432,21.16838264042747
237,2026-09-14T02:17:37.307+00:00,2026-09-14T02:22:31.109+00:00,2026-09-14T02:22:37.715+00:00,False,97,96.0,,96.0,293801.888476,300407.770588,300407.770672,3096.987326515464,0.02504,293801.888476,29824.08321797525,91.41005299999999,68.811272,21.77574490267269,0.3195656351102217,25,64,,False,False,Request timeout: 300.0s exceeded,376,21.16838264042747
238,2026-09-14T02:17:40.206+00:00,2026-09-14T02:22:33.856+00:00,2026-09-14T02:22:40.244+00:00,False,92,91.0,,91.0,293649.63480400003,300038.26021200005,300038.260338,3261.285438456522,0.021929999999999998,293649.63480400003,30607.77929432675,93.42773745000001,70.20467481318681,22.06822866465526,0.30329465294093333,25,64,,False,False,Request timeout: 300.0s exceeded,398,21.16838264042747
239,2026-09-14T02:17:43.648+00:00,2026-09-14T02:22:37.141+00:00,2026-09-14T02:22:43.739+00:00,False,96,95.0,,95.0,293492.65181999997,300090.724396,300090.72443199996,3125.9450461666665,0.02309,293492.65181999997,29947.387784059873,93.71518250000001,69.45339553684211,22.00484645216224,0.31657093097831945,25,64,,False,False,Request timeout: 300.0s exceeded,467,21.16838264042747
240,2026-09-14T02:17:46.428+00:00,2026-09-14T02:22:40.026+00:00,2026-09-14T02:22:46.465+00:00,False,94,93.0,,93.0,293598.01922200003,300037.37845400005,300037.37848,3191.887005106383,0.02658,293598.01922200003,30275.18924632538,92.80900399999999,69.24042184946236,21.227844444933968,0.30996138040933524,25,64,,False,False,Request timeout: 300.0s exceeded,572,21.16838264042747
241,2026-09-14T02:17:49.047+00:00,2026-09-14T02:22:42.672+00:00,2026-09-14T02:22:49.134+00:00,False,96,95.0,,95.0,293625.659168,300087.45705599996,300087.457029,3125.91101071875,0.020149999999999998,293625.659168,29961.10773982194,88.9425145,68.0189251368421,19.90790160078541,0.31657437778971165,25,64,,False,False,Request timeout: 300.0s exceeded,362,21.16838264042747
242,2026-09-14T02:17:52.731+00:00,2026-09-14T02:22:46.707+00:00,2026-09-14T02:22:52.774+00:00,False,90,89.0,,89.0,293975.295038,300042.21881399996,300042.21885299997,3333.8024317,0.02586,293975.295038,30980.537136575378,88.82881649999999,68.1676828764045,18.90501304851135,0.296624922825185,25,64,,False,False,Request timeout: 300.0s exceeded,264,21.16838264042747
243,2026-09-14T02:17:56.807+00:00,2026-09-14T02:22:50.681+00:00,2026-09-14T02:22:56.820+00:00,False,94,93.0,,93.0,293874.761056,300012.991072,300012.991201,3191.6275659680855,0.039509999999999997,293874.761056,30304.06667427855,91.60784235,66.00247329032258,20.82788337242798,0.3099865764735534,25,64,,False,False,Request timeout: 300.0s exceeded,352,21.16838264042747
244,2026-09-14T02:17:59.155+00:00,2026-09-14T02:22:53.465+00:00,2026-09-14T02:22:59.222+00:00,False,84,83.0,,83.0,294310.35843300004,300067.3048650001,300067.30480200006,3572.229819071429,0.03853,294310.35843300004,32104.332181707934,91.51611994999999,69.36080038554216,21.81062482569538,0.2766046105467625,25,64,,False,False,Request timeout: 300.0s exceeded,395,21.16838264042747
245,2026-09-14T02:18:01.857+00:00,2026-09-14T02:22:55.719+00:00,2026-09-14T02:23:01.929+00:00,False,91,90.0,,90.0,293861.61942500004,300071.71504100005,300071.71512700006,3297.4913750219785,0.019620000000000002,293861.61942500004,30797.841794217602,89.595095,69.00106240000001,21.025550431584374,0.2999283020983931,25,64,,False,False,Request timeout: 300.0s exceeded,414,21.16838264042747
246,2026-09-14T02:18:05.515+00:00,2026-09-14T02:22:59.221+00:00,2026-09-14T02:23:05.587+00:00,False,94,93.0,,93.0,293705.400812,300071.545836,300071.545954,3192.25048887234,0.02308,293705.400812,30286.345672728286,89.9111703,68.45317230107527,20.739491767845625,0.3099260869300413,25,64,,False,False,Request timeout: 300.0s exceeded,409,21.16838264042747
247,2026-09-14T02:18:08.107+00:00,2026-09-14T02:23:01.925+00:00,2026-09-14T02:23:08.146+00:00,False,98,97.0,,97.0,293818.758768,300039.765872,300039.765957,3061.630264867347,0.0,293818.758768,29673.773514762568,87.73113135,64.1340938556701,67.22181742419127,0.32329048024047974,25,64,,False,False,Request timeout: 300.0s exceeded,401,21.16838264042747
248,2026-09-14T02:18:11.937+00:00,2026-09-14T02:23:05.242+00:00,2026-09-14T02:23:11.947+00:00,False,104,103.0,,103.0,293304.23770099995,300009.86560499994,300009.86551599996,2884.7102453461534,0.0,293304.23770099995,28754.535974219285,89.07541465,65.10318353398058,65.15806291517089,0.34332204306778435,25,64,,False,False,Request timeout: 300.0s exceeded,255,21.16838264042747
249,2026-09-14T02:18:14.563+00:00,2026-09-14T02:23:08.523+00:00,2026-09-14T02:23:14.644+00:00,False,88,87.0,,87.0,293959.17731199996,300081.05020799994,300081.05030899995,3410.011935329545,0.060018999999999996,293959.17731199996,31328.658336024913,87.80447285,70.36635512643679,19.213035299681465,0.2899216726270996,25,64,,False,False,Request timeout: 300.0s exceeded,383,21.16838264042747
250,2026-09-14T02:18:18.147+00:00,2026-09-14T02:23:12.214+00:00,2026-09-14T02:23:18.186+00:00,False,85,84.0,,84.0,294066.574172,300038.414684,300038.414577,3529.863700905882,0.037689999999999994,294066.574172,31888.293487374794,89.715808,71.09333942857143,20.26163569234833,0.2799641508853747,25,64,,False,False,Request timeout: 300.0s exceeded,424,21.16838264042747
251,2026-09-14T02:18:21.349+00:00,2026-09-14T02:23:15.084+00:00,2026-09-14T02:23:21.409+00:00,False,92,91.0,,91.0,293735.026537,300060.11786500004,300060.11792700004,3261.5230209456527,0.02521,293735.026537,30616.753595313505,89.68741994999999,69.5064981098901,20.33000337986266,0.303272559670665,25,64,,False,False,Request timeout: 300.0s exceeded,470,21.16838264042747
252,2026-09-14T02:18:25.546+00:00,2026-09-14T02:23:18.947+00:00,2026-09-14T02:23:25.596+00:00,False,99,98.0,,98.0,293400.549541,300049.607333,300049.607326,3030.8041144040403,0.04757,293400.549541,29481.05241577781,88.0835269,67.84752848979592,19.85576494671758,0.32661265872358897,25,64,,False,False,Request timeout: 300.0s exceeded,489,21.16838264042747
253,2026-09-14T02:18:28.160+00:00,2026-09-14T02:23:21.879+00:00,2026-09-14T02:23:28.196+00:00,False,94,93.0,,93.0,293719.67765100003,300036.184275,300036.18421900005,3191.874300202128,0.02591,293719.67765100003,30287.873124326998,90.22960785,67.91942606451613,20.526595461651517,0.3099626140917733,25,64,,False,False,Request timeout: 300.0s exceeded,447,21.16838264042747
254,2026-09-14T02:18:30.796+00:00,2026-09-14T02:23:24.372+00:00,2026-09-14T02:23:30.826+00:00,False,96,95.0,,95.0,293576.745476,300030.6345,300030.634463,3125.3191089895836,0.0252,293576.745476,29956.12478023521,90.86595775000002,67.9356739368421,21.053949985294103,0.31663433355169607,25,64,,False,False,Request timeout: 300.0s exceeded,455,21.16838264042747
255,2026-09-14T02:18:33.937+00:00,2026-09-14T02:23:27.151+00:00,2026-09-14T02:23:33.987+00:00,False,105,104.0,,104.0,293214.042898,300050.16117,300050.16119799996,2857.6205828380953,0.038060000000000004,293214.042898,28608.3536175666,91.50822099999999,65.73190646153846,21.240747711493917,0.3466087123381898,25,64,,False,False,Request timeout: 300.0s exceeded,495,21.16838264042747
256,2026-09-14T02:18:37.852+00:00,2026-09-14T02:23:31.489+00:00,2026-09-14T02:23:37.885+00:00,False,94,93.0,,93.0,293636.98719099996,300033.41240699997,300033.41224999994,3191.8448111702123,0.03003,293636.98719099996,30279.255904138816,90.73960414999999,68.77876576344086,20.94228454702933,0.3099654776910115,25,64,,False,False,Request timeout: 300.0s exceeded,323,21.16838264042747
257,2026-09-14T02:18:42.047+00:00,2026-09-14T02:23:35.674+00:00,2026-09-14T02:23:42.126+00:00,False,94,93.0,,93.0,293627.19398900005,300079.22394100006,300079.22396000003,3192.3321697872348,0.02281,293627.19398900005,30278.18310188024,87.64586,69.37666615053764,19.359685606234834,0.3099181568740832,25,64,,False,False,Request timeout: 300.0s exceeded,476,21.16838264042747
258,2026-09-14T02:18:44.546+00:00,2026-09-14T02:23:38.573+00:00,2026-09-14T02:23:44.584+00:00,False,90,89.0,,89.0,294027.565019,300038.137819,300038.137932,3333.757088133333,0.02377,294027.565019,30986.113727473738,85.87857950000001,67.53452584269662,19.089150859199073,0.29662895739504236,25,64,,False,False,Request timeout: 300.0s exceeded,445,21.16838264042747
259,2026-09-14T02:18:48.554+00:00,2026-09-14T02:23:42.503+00:00,2026-09-14T02:23:48.575+00:00,False,93,92.0,,92.0,293948.92314200004,300021.06215000007,300021.062075,3226.032925537635,0.0356,293948.92314200004,30474.24547549592,87.28000600000001,66.00151095652174,19.405911503185838,0.30664513798035686,25,64,,False,False,Request timeout: 300.0s exceeded,454,21.16838264042747
260,2026-09-14T02:18:51.579+00:00,2026-09-14T02:23:45.421+00:00,2026-09-14T02:23:51.665+00:00,False,93,92.0,,92.0,293841.88619499997,300085.98347499996,300085.98342299997,3226.731004548387,0.04071,293841.88619499997,30462.95255887246,88.5852706,67.87062260869565,19.584977817071486,0.3065787976320609,25,64,,False,False,Request timeout: 300.0s exceeded,482,21.16838264042747
261,2026-09-14T02:18:54.852+00:00,2026-09-14T02:23:48.529+00:00,2026-09-14T02:23:54.898+00:00,False,93,92.0,,92.0,293676.25080000004,300045.79064,300045.79057500005,3226.2988233870974,0.038740000000000004,293676.25080000004,30445.63620679846,90.65108459999999,69.23412869565217,20.541827593531647,0.30661986560039145,25,64,,False,False,Request timeout: 300.0s exceeded,417,21.16838264042747
262,2026-09-14T02:18:59.257+00:00,2026-09-14T02:23:52.221+00:00,2026-09-14T02:23:59.371+00:00,False,108,107.0,,107.0,292963.904472,300113.49218400003,300113.49216100003,2778.8286311203706,0.0385,292963.904472,28184.042835502736,90.4854282,66.81857674766356,20.801186000745393,0.3565317880956786,25,64,,False,False,Request timeout: 300.0s exceeded,433,21.16838264042747
263,2026-09-14T02:19:00.494+00:00,2026-09-14T02:23:54.426+00:00,2026-09-14T02:24:00.567+00:00,False,98,97.0,,97.0,293931.59124000004,300072.57991200004,300072.57977,3061.965099693878,0.04084,293931.59124000004,29685.187339121214,91.19760249999999,63.30916156701031,21.97316343869344,0.3232551272377051,25,64,,False,False,Request timeout: 300.0s exceeded,448,21.16838264042747
264,2026-09-14T02:19:04.124+00:00,2026-09-14T02:23:58.074+00:00,2026-09-14T02:24:04.202+00:00,False,102,101.0,,101.0,293949.705129,300078.24836100003,300078.248487,2941.943612617647,0.0,293949.705129,29099.425077539236,92.2691297,60.67864586138614,66.5427357456384,0.3365788775149574,25,64,,False,False,Request timeout: 300.0s exceeded,523,21.16838264042747
265,2026-09-14T02:19:07.823+00:00,2026-09-14T02:24:01.550+00:00,2026-09-14T02:24:07.868+00:00,False,96,95.0,,95.0,293726.55001,300044.23833,300044.238268,3125.4608152916667,0.06756999999999999,293726.55001,29971.559668563605,89.940115,66.50198231578948,19.87776288519324,0.3166199775364971,25,64,,False,False,Request timeout: 300.0s exceeded,427,21.16838264042747
266,2026-09-14T02:19:11.512+00:00,2026-09-14T02:24:05.041+00:00,2026-09-14T02:24:11.554+00:00,False,100,99.0,,99.0,293528.552378,300041.17368999997,300041.173544,3000.41173544,0.03362,293528.552378,29346.28339459908,88.252842,65.78405365656566,19.724902469503974,0.3299547151561471,25,64,,False,False,Request timeout: 300.0s exceeded,501,21.16838264042747
267,2026-09-14T02:19:15.557+00:00,2026-09-14T02:24:09.633+00:00,2026-09-14T02:24:15.594+00:00,False,89,88.0,,88.0,294076.000751,300036.240367,300036.240344,3371.1937117303373,0.039920000000000004,294076.000751,31164.82050669377,87.9311744,67.72999563636364,19.66878520324476,0.2932979025878996,25,64,,False,False,Request timeout: 300.0s exceeded,349,21.16838264042747
268,2026-09-14T02:19:18.016+00:00,2026-09-14T02:24:11.941+00:00,2026-09-14T02:24:18.059+00:00,False,91,90.0,,90.0,293924.96451599995,300042.73654799996,300042.73653699993,3297.1729289780214,0.02574,293924.96451599995,30804.58921477017,88.07741399999999,67.9752448,20.29773294861556,0.2999572695391747,25,64,,False,False,Request timeout: 300.0s exceeded,439,21.16838264042747
269,2026-09-14T02:19:22.184+00:00,2026-09-14T02:24:15.884+00:00,2026-09-14T02:24:22.202+00:00,False,92,91.0,,91.0,293699.9905,300018.09098000004,300018.091009,3261.0662066195655,0.05784,293699.9905,30613.108585258582,90.49582699999999,69.4296756043956,19.92892628010265,0.3033150424454447,25,64,,False,False,Request timeout: 300.0s exceeded,476,21.16838264042747
270,2026-09-14T02:19:25.354+00:00,2026-09-14T02:24:18.775+00:00,2026-09-14T02:24:25.392+00:00,False,98,97.0,,97.0,293421.68078500003,300038.15464100003,300038.154523,3061.6138216632658,0.0215,293421.68078500003,29633.18172420178,88.69834920000001,68.21107068041236,19.478118801615135,0.3232922163384917,25,64,,False,False,Request timeout: 300.0s exceeded,281,21.16838264042747
271,2026-09-14T02:19:28.875+00:00,2026-09-14T02:24:22.759+00:00,2026-09-14T02:24:28.900+00:00,False,93,92.0,,92.0,293883.955327,300025.000319,300025.000419,3226.075273322581,0.03632,293883.955327,30467.4314328893,88.7492308,66.75048904347825,20.138445081850087,0.3066411129145288,25,64,,False,False,Request timeout: 300.0s exceeded,415,21.16838264042747
272,2026-09-14T02:19:31.555+00:00,2026-09-14T02:24:25.136+00:00,2026-09-14T02:24:31.582+00:00,False,97,96.0,,96.0,293580.863285,300026.85470900004,300026.854783,3093.0603585876293,0.041100000000000005,293580.863285,29801.809539870508,88.1648958,67.145744,20.220015789435468,0.3199713575410163,25,64,,False,False,Request timeout: 300.0s exceeded,441,21.16838264042747
273,2026-09-14T02:19:34.398+00:00,2026-09-14T02:24:28.010+00:00,2026-09-14T02:24:34.423+00:00,False,96,95.0,,95.0,293611.29404799995,300025.15823999996,300025.15826399997,3125.2620652499995,0.032119999999999996,293611.29404799995,29959.692903894535,88.2882805,67.51435991578947,19.60251809453417,0.31664011297348066,25,64,,False,False,Request timeout: 300.0s exceeded,433,21.16838264042747
274,2026-09-14T02:19:38.630+00:00,2026-09-14T02:24:32.345+00:00,2026-09-14T02:24:38.715+00:00,False,94,93.0,,93.0,293715.61869599996,300085.297032,300085.29724399996,3192.396779191489,0.039450000000000006,293715.61869599996,30287.395232692204,89.10201765,68.49116490322581,20.117046861672524,0.3099118847868206,25,64,,False,False,Request timeout: 300.0s exceeded,487,21.16838264042747
275,2026-09-14T02:19:41.277+00:00,2026-09-14T02:24:34.947+00:00,2026-09-14T02:24:41.350+00:00,False,92,91.0,,91.0,293670.358983,300073.42151099996,300073.42137999996,3261.667623695652,0.03818,293670.358983,30609.921919913697,88.628386,70.36332448351648,19.88638676316171,0.3032591141920383,25,64,,False,False,Request timeout: 300.0s exceeded,468,21.16838264042747
276,2026-09-14T02:19:44.868+00:00,2026-09-14T02:24:38.508+00:00,2026-09-14T02:24:44.906+00:00,False,91,90.0,,90.0,293640.194547,300037.695731,300037.695657,3297.117534692308,0.02477,293640.194547,30774.411319680643,89.08433199999999,71.08334648888889,20.174687730798293,0.2999623090049654,25,64,,False,False,Request timeout: 300.0s exceeded,489,21.16838264042747
277,2026-09-14T02:19:48.307+00:00,2026-09-14T02:24:42.171+00:00,2026-09-14T02:24:48.324+00:00,False,102,101.0,,101.0,293864.948824,300017.358168,300017.35792100005,2941.346646284314,0.01525,293864.948824,29091.796341489055,90.7961346,60.914944,225.08176872746438,0.3366471880718424,25,64,,False,False,Request timeout: 300.0s exceeded,374,21.16838264042747
278,2026-09-14T02:19:52.190+00:00,2026-09-14T02:24:47.723+00:00,2026-09-14T02:24:52.245+00:00,False,68,67.0,,67.0,295532.95815200004,300054.3362,300054.33598300006,4412.563764455883,0.037689,295532.95815200004,35830.45877483089,95.3025174,67.4832544477612,22.499806804909376,0.22329289037616645,25,64,,False,False,Request timeout: 300.0s exceeded,337,21.16838264042747
279,2026-09-14T02:19:55.959+00:00,2026-09-14T02:24:49.609+00:00,2026-09-14T02:24:56.005+00:00,False,92,91.0,,91.0,293649.69232800003,300046.65130400006,300046.65135000006,3261.376645108696,0.03494,293649.69232800003,30607.774355522783,90.26830805000002,70.29625248351648,20.02649412518984,0.30328617101545646,25,64,,False,False,Request timeout: 300.0s exceeded,443,21.16838264042747
280,2026-09-14T02:19:58.571+00:00,2026-09-14T02:24:52.244+00:00,2026-09-14T02:24:58.596+00:00,False,97,96.0,,96.0,293672.383661,300025.257901,300025.257815,3093.043895,0.0,293672.383661,29811.272459539214,87.7161188,66.17577333333334,68.87545206887403,0.31997306050705016,25,64,,False,False,Request timeout: 300.0s exceeded,471,21.16838264042747
281,2026-09-14T02:20:02.512+00:00,2026-09-14T02:24:56.088+00:00,2026-09-14T02:25:02.595+00:00,False,102,101.0,,101.0,293575.97530800005,300082.1799800001,300082.17996900005,2941.982156558824,0.0,293575.97530800005,29062.051265565467,85.812536,64.41786803960396,67.02427282034533,0.33657446772324656,25,64,,False,False,Request timeout: 300.0s exceeded,424,21.16838264042747
282,2026-09-14T02:20:04.839+00:00,2026-09-14T02:24:58.763+00:00,2026-09-14T02:25:04.919+00:00,False,93,92.0,,92.0,293924.56097399996,300079.71668599994,300079.71650599997,3226.6636183440855,0.023739999999999997,293924.56097399996,30471.62579329455,88.83756600000001,66.90386643478261,19.6052110005361,0.30658520014622576,25,64,,False,False,Request timeout: 300.0s exceeded,443,21.16838264042747
283,2026-09-14T02:20:08.133+00:00,2026-09-14T02:25:02.010+00:00,2026-09-14T02:25:08.161+00:00,False,92,91.0,,91.0,293876.58676700003,300028.004367,300028.004437,3261.1739612717392,0.05221,293876.58676700003,30631.710861802163,88.27722465,67.59799560439559,19.743229261631175,0.30330502044964797,25,64,,False,False,Request timeout: 300.0s exceeded,482,21.16838264042747
284,2026-09-14T02:20:11.292+00:00,2026-09-14T02:25:04.918+00:00,2026-09-14T02:25:11.375+00:00,False,94,93.0,,93.0,293626.005839,300082.722383,300082.722404,3192.3693872765957,0.04164,293626.005839,30278.055316598275,88.17808414999999,69.42705961290322,19.297450503632085,0.3099145437680438,25,64,,False,False,Request timeout: 300.0s exceeded,428,21.16838264042747
285,2026-09-14T02:20:14.272+00:00,2026-09-14T02:25:08.000+00:00,2026-09-14T02:25:14.336+00:00,False,91,90.0,,90.0,293727.843356,300064.17820400005,300064.178086,3297.408550395605,0.02268,293727.843356,30783.67047564452,88.46253800000001,70.40372053333333,19.89809591199712,0.2999358355225364,25,64,,False,False,Request timeout: 300.0s exceeded,312,21.16838264042747
286,2026-09-14T02:20:17.401+00:00,2026-09-14T02:25:11.127+00:00,2026-09-14T02:25:17.459+00:00,False,91,90.0,,90.0,293725.91300199996,300057.36720999994,300057.36727399996,3297.333706307692,0.02084,293725.91300199996,30783.473942475288,90.22333950000001,70.3494912,20.113299977645763,0.29994264375789204,25,64,,False,False,Request timeout: 300.0s exceeded,437,21.16838264042747
287,2026-09-14T02:20:20.955+00:00,2026-09-14T02:25:14.687+00:00,2026-09-14T02:25:20.990+00:00,False,90,89.0,,89.0,293731.898452,300035.274324,300035.274291,3333.7252699,0.03,293731.898452,30954.601446243763,90.01021495,70.824448,19.88213060806717,0.29663178838062654,25,64,,False,False,Request timeout: 300.0s exceeded,374,21.16838264042747
288,2026-09-14T02:20:24.709+00:00,2026-09-14T02:25:18.545+00:00,2026-09-14T02:25:24.721+00:00,False,95,94.0,,94.0,293835.836666,300011.445498,300011.44549400004,3158.015215726316,0.03772,293835.836666,30140.18728457606,88.71107669999999,65.69796629787234,20.659369318424947,0.313321379602588,25,64,,False,False,Request timeout: 300.0s exceeded,464,21.16838264042747
289,2026-09-14T02:20:27.516+00:00,2026-09-14T02:25:21.251+00:00,2026-09-14T02:25:27.550+00:00,False,97,96.0,,96.0,293735.69802899996,300034.21015699994,300034.21003799996,3093.1361859587623,0.01975,293735.69802899996,29817.68667962626,88.52496380000001,65.60950133333334,20.331474552132356,0.3199635133265828,25,64,,False,False,Request timeout: 300.0s exceeded,486,21.16838264042747
290,2026-09-14T02:20:31.753+00:00,2026-09-14T02:25:25.303+00:00,2026-09-14T02:25:31.792+00:00,False,92,91.0,,91.0,293549.40777499997,300038.77020699997,300038.770433,3261.290982967391,0.02978,293549.40777499997,30597.21346751254,90.8849381,71.31167507692307,20.5788523890864,0.30329413741170225,25,64,,False,False,Request timeout: 300.0s exceeded,394,21.16838264042747
291,2026-09-14T02:20:35.996+00:00,2026-09-14T02:25:29.536+00:00,2026-09-14T02:25:36.028+00:00,False,93,92.0,,92.0,293540.170289,300032.417073,300032.417149,3226.1550231075266,0.12915000000000001,293540.170289,30431.38684796363,90.93471160000001,70.56789982608696,20.293789029831665,0.30663353279461053,25,64,,False,False,Request timeout: 300.0s exceeded,470,21.16838264042747
292,2026-09-14T02:20:38.774+00:00,2026-09-14T02:25:32.626+00:00,2026-09-14T02:25:38.802+00:00,False,90,89.0,,89.0,293851.629103,300027.377199,300027.377131,3333.6375236777776,0.03541,293851.629103,30967.37304081945,88.31206495,69.39042804494382,19.43508825293982,0.29663959612915164,25,64,,False,False,Request timeout: 300.0s exceeded,407,21.16838264042747
293,2026-09-14T02:20:42.403+00:00,2026-09-14T02:25:35.861+00:00,2026-09-14T02:25:42.415+00:00,False,96,95.0,,95.0,293458.659885,300012.07454099995,300012.07466499996,3125.1257777604164,0.02702,293458.659885,29943.964803737068,87.80385150000002,68.98331216842107,19.57154485289034,0.31665392183079355,25,64,,False,False,Request timeout: 300.0s exceeded,453,21.16838264042747
294,2026-09-14T02:20:45.394+00:00,2026-09-14T02:25:39.123+00:00,2026-09-14T02:25:45.463+00:00,False,96,95.0,,95.0,293728.710426,300068.293402,300068.29333,3125.7113888541667,0.03413,293728.710426,29971.757498501192,90.52132625000002,66.73245237894737,21.14152679352384,0.3165945955933737,25,64,,False,False,Request timeout: 300.0s exceeded,363,21.16838264042747
295,2026-09-14T02:20:49.442+00:00,2026-09-14T02:25:43.458+00:00,2026-09-14T02:25:49.499+00:00,False,87,86.0,,86.0,294015.820933,300056.759941,300056.759859,3448.9282742413793,0.022879999999999998,294015.820933,31514.280070399695,89.8364299,70.2434768372093,19.972377617836553,0.28661243964945204,25,64,,False,False,Request timeout: 300.0s exceeded,330,21.16838264042747
296,2026-09-14T02:20:52.708+00:00,2026-09-14T02:25:46.428+00:00,2026-09-14T02:25:52.775+00:00,False,98,97.0,,97.0,293720.271731,300067.409779,300067.409837,3061.9123452755102,0.0,293720.271731,29663.697741477834,88.7203945,65.43441286597938,69.08917797470863,0.3232606968928769,25,64,,False,False,Request timeout: 300.0s exceeded,557,21.16838264042747
297,2026-09-14T02:20:55.733+00:00,2026-09-14T02:25:49.578+00:00,2026-09-14T02:25:55.766+00:00,False,98,97.0,,97.0,293845.84775,300033.76327,300033.76327,3061.569012959184,0.0,293845.84775,29676.547349600554,90.14286680000001,63.79294350515464,68.5382061213783,0.32329694812616744,25,64,,False,False,Request timeout: 300.0s exceeded,435,21.16838264042747
298,2026-09-14T02:20:58.695+00:00,2026-09-14T02:25:52.779+00:00,2026-09-14T02:25:58.725+00:00,False,90,89.0,,89.0,294083.784708,300029.88774800004,300029.88780900004,3333.6654201,0.05805,294083.784708,30992.117237796218,90.00035045,66.81014651685393,20.78630836085714,0.29663711394896947,25,64,,False,False,Request timeout: 300.0s exceeded,427,21.16838264042747
299,2026-09-14T02:21:02.561+00:00,2026-09-14T02:25:56.282+00:00,2026-09-14T02:26:02.578+00:00,False,93,92.0,,92.0,293720.168198,300016.676614,300016.67658,3225.9857696774193,0.03553,293720.168198,30450.27314416325,90.2854152,68.44030886956521,21.423767421328048,0.306649620408824,25,64,,False,False,Request timeout: 300.0s exceeded,436,21.16838264042747
300,2026-09-14T02:21:06.401+00:00,2026-09-14T02:26:00.328+00:00,2026-09-14T02:26:06.472+00:00,False,88,87.0,,87.0,293927.207963,300071.445787,300071.445647,3409.9027914431817,0.0223,293927.207963,31325.223587116398,90.60025985,70.62342326436782,20.174886524762954,0.289930952183152,25,64,,False,False,Request timeout: 300.0s exceeded,456,21.16838264042747
301,2026-09-14T02:21:09.456+00:00,2026-09-14T02:26:03.490+00:00,2026-09-14T02:26:09.510+00:00,False,92,91.0,,91.0,294034.913467,300054.834875,300054.83493300003,3261.465597097826,0.019739999999999997,294034.913467,30648.368790875258,89.7802725,66.1529825054945,20.63338952805888,0.30327789931433613,25,64,,False,False,Request timeout: 300.0s exceeded,444,21.16838264042747
302,2026-09-14T02:21:13.649+00:00,2026-09-14T02:26:07.460+00:00,2026-09-14T02:26:13.707+00:00,False,92,91.0,,91.0,293811.175563,300058.702731,300058.702697,3261.50763801087,0.02165,293811.175563,30624.781825531783,89.538701,68.65414470329671,20.75672502522152,0.30327398996182653,25,64,,False,False,Request timeout: 300.0s exceeded,307,21.16838264042747
303,2026-09-14T02:21:16.992+00:00,2026-09-14T02:26:10.670+00:00,2026-09-14T02:26:17.318+00:00,False,95,94.0,,94.0,293678.002595,300325.77398700005,300325.774073,3161.3239376105266,0.039229,293678.002595,30123.47755052355,88.65247370000002,70.72097225531915,19.20148175881987,0.3129934495867441,25,64,,False,False,Request timeout: 300.0s exceeded,359,21.16838264042747
304,2026-09-14T02:21:20.756+00:00,2026-09-14T02:26:14.262+00:00,2026-09-14T02:26:20.769+00:00,False,99,98.0,,98.0,293505.834529,300012.614433,300012.614496,3030.4304494545454,0.03661,293505.834529,29491.780161547165,89.05444680000001,66.39571330612245,20.294938518399526,0.32665293152827,25,64,,False,False,Request timeout: 300.0s exceeded,518,21.16838264042747
305,2026-09-14T02:21:23.159+00:00,2026-09-14T02:26:17.105+00:00,2026-09-14T02:26:23.222+00:00,False,94,93.0,,93.0,293945.454661,300062.679365,300062.679361,3192.1561634148934,0.03633,293945.454661,30311.381212897613,89.07661560000001,65.7766097204301,20.465063779357827,0.30993524485220514,25,64,,False,False,Request timeout: 300.0s exceeded,139,21.16838264042747
306,2026-09-14T02:21:27.003+00:00,2026-09-14T02:26:20.467+00:00,2026-09-14T02:26:27.040+00:00,False,96,95.0,,95.0,293464.08664999995,300036.86642599996,300036.86631799996,3125.384024145833,0.04809,293464.08664999995,29944.49870674116,90.4953615,69.18715553684211,20.83094258285287,0.3166277568874373,25,64,,False,False,Request timeout: 300.0s exceeded,140,21.16838264042747
307,2026-09-14T02:21:30.648+00:00,2026-09-14T02:26:24.214+00:00,2026-09-14T02:26:30.658+00:00,False,98,97.0,,97.0,293566.11443699995,300009.54739699996,300009.547307,3061.3219112959177,0.0247,293566.11443699995,29647.952827868645,88.35044115000001,66.42714391752578,20.81765120769099,0.3233230436884756,25,64,,False,False,Request timeout: 300.0s exceeded,511,21.16838264042747
308,2026-09-14T02:21:34.887+00:00,2026-09-14T02:26:28.731+00:00,2026-09-14T02:26:34.954+00:00,False,91,90.0,,90.0,293843.034782,300066.65487800003,300066.654847,3297.4357675494507,0.02609,293843.034782,30795.876828444274,89.0726625,69.15133440000001,19.46639805221712,0.2999333599282862,25,64,,False,False,Request timeout: 300.0s exceeded,392,21.16838264042747
309,2026-09-14T02:21:38.740+00:00,2026-09-14T02:26:32.520+00:00,2026-09-14T02:26:38.762+00:00,False,94,93.0,,93.0,293779.35878899996,300021.29670899996,300021.29688499996,3191.7159243085102,0.05935,293779.35878899996,30294.111079414597,88.19855465,67.11761204301075,19.946400471847035,0.3099779949628163,25,64,,False,False,Request timeout: 300.0s exceeded,446,21.16838264042747
310,2026-09-14T02:21:41.486+00:00,2026-09-14T02:26:35.035+00:00,2026-09-14T02:26:41.524+00:00,False,99,98.0,,98.0,293549.228476,300038.22559600003,300038.225461,3030.6891460707075,0.026809999999999997,293549.228476,29496.16019440181,90.7242938,66.21425632653062,21.074085451436044,0.32662504854283636,25,64,,False,False,Request timeout: 300.0s exceeded,450,21.16838264042747
311,2026-09-14T02:21:46.303+00:00,2026-09-14T02:26:37.809+00:00,2026-09-14T02:26:46.458+00:00,False,124,123.0,,123.0,291506.05211299995,300155.59067299997,300155.59061499994,2420.6096017338705,0.023739999999999997,291506.05211299995,26171.75618185203,89.018181,70.32145170731707,53.85924197997774,0.4097874696393729,25,64,,False,False,Request timeout: 300.0s exceeded,580,21.16838264042747
312,2026-09-14T02:21:48.085+00:00,2026-09-14T02:26:41.527+00:00,2026-09-14T02:26:48.093+00:00,False,106,105.0,,105.0,293442.439434,300008.44289,300008.442857,2830.2683288396224,0.0,293442.439434,28495.642366364475,91.42255875,62.53336624761905,62.024776172205186,0.34999015023886815,25,64,,False,False,Request timeout: 300.0s exceeded,518,21.16838264042747
313,2026-09-14T02:21:51.699+00:00,2026-09-14T02:26:45.834+00:00,2026-09-14T02:26:51.727+00:00,False,95,94.0,,94.0,294135.097084,300028.017148,300028.017077,3158.1896534421053,0.0,294135.097084,30171.26210834641,89.0558128,62.690638978723406,65.25298190804651,0.31330407371132607,25,64,,False,False,Request timeout: 300.0s exceeded,482,21.16838264042747
314,2026-09-14T02:21:55.161+00:00,2026-09-14T02:26:48.926+00:00,2026-09-14T02:26:55.215+00:00,False,94,93.0,,93.0,293764.976317,300054.256573,300054.256714,3192.066560787234,0.02162,293764.976317,30292.575092216102,88.79763115000002,67.62666941935484,19.8793709455768,0.30994394501240513,25,64,,False,False,Request timeout: 300.0s exceeded,400,21.16838264042747
315,2026-09-14T02:21:58.638+00:00,2026-09-14T02:26:52.454+00:00,2026-09-14T02:26:58.681+00:00,False,89,88.0,,88.0,293816.39844900003,300043.32785700005,300043.327928,3371.2733475056184,0.02123,293816.39844900003,31136.981358694567,89.91629840000002,70.76056145454545,19.467519103228426,0.2932909744353342,25,64,,False,False,Request timeout: 300.0s exceeded,338,21.16838264042747
316,2026-09-14T02:22:02.125+00:00,2026-09-14T02:26:55.729+00:00,2026-09-14T02:27:02.150+00:00,False,92,91.0,,91.0,293603.67477100005,300024.63681900006,300024.636859,3261.137357163044,0.04253,293603.67477100005,30602.948953372535,88.1450297,70.5600225054945,19.650159748189097,0.30330842481745524,25,64,,False,False,Request timeout: 300.0s exceeded,290,21.16838264042747
317,2026-09-14T02:22:05.437+00:00,2026-09-14T02:26:59.189+00:00,2026-09-14T02:27:05.446+00:00,False,92,91.0,,91.0,293751.80005900003,300009.44844300003,300009.448372,3260.972264913044,0.02583,293751.80005900003,30618.579227559767,89.02716215000001,68.76536685714285,19.71721905733638,0.30332378020850714,25,64,,False,False,Request timeout: 300.0s exceeded,411,21.16838264042747
318,2026-09-14T02:22:09.261+00:00,2026-09-14T02:27:03.367+00:00,2026-09-14T02:27:09.301+00:00,False,89,88.0,,88.0,294105.682742,300039.51058199996,300039.51055999997,3371.230455730337,0.027420000000000003,294105.682742,31167.998699886823,87.95232379999999,67.4298618181818,19.82036984888239,0.293294705851581,25,64,,False,False,Request timeout: 300.0s exceeded,308,21.16838264042747
319,2026-09-14T02:22:11.649+00:00,2026-09-14T02:27:05.607+00:00,2026-09-14T02:27:11.690+00:00,False,91,90.0,,90.0,293958.397854,300041.20259,300041.202487,3297.156071285714,0.02231,293958.397854,30808.134881087542,89.3443015,67.58671928888889,20.560500019497642,0.29995880306806766,25,64,,False,False,Request timeout: 300.0s exceeded,174,21.16838264042747
320,2026-09-14T02:22:14.617+00:00,2026-09-14T02:27:08.740+00:00,2026-09-14T02:27:14.680+00:00,False,89,88.0,,88.0,294123.772146,300063.276274,300063.276252,3371.497485977528,0.023829999999999997,294123.772146,31169.90931989287,88.06809,67.4943650909091,19.796092873785124,0.29327147624570893,25,64,,False,False,Request timeout: 300.0s exceeded,425,21.16838264042747
321,2026-09-14T02:22:17.172+00:00,2026-09-14T02:27:11.276+00:00,2026-09-14T02:27:17.200+00:00,False,91,90.0,,90.0,294103.795649,300028.388033,300028.38800499996,3297.0152528021977,0.06346,294103.795649,30823.561056482857,90.043635,65.82880426666667,20.664744273790145,0.2999716146530139,25,64,,False,False,Request timeout: 300.0s exceeded,422,21.16838264042747
322,2026-09-14T02:22:19.987+00:00,2026-09-14T02:27:13.777+00:00,2026-09-14T02:27:20.016+00:00,False,94,93.0,,93.0,293790.198503,300029.02883900004,300029.028806,3191.798178787234,0.06924,293790.198503,30295.23299459505,88.27296894999999,67.08419716129032,20.607269035298465,0.3099700064352945,25,64,,False,False,Request timeout: 300.0s exceeded,444,21.16838264042747
323,2026-09-14T02:22:22.360+00:00,2026-09-14T02:27:16.119+00:00,2026-09-14T02:27:22.441+00:00,False,93,92.0,,92.0,293759.10906,300080.847556,300080.847428,3226.675778795699,0.026789999999999998,293759.10906,30454.281662741916,90.0268262,68.71454886956522,19.90017158384253,0.3065840447642407,25,64,,False,False,Request timeout: 300.0s exceeded,413,21.16838264042747
324,2026-09-14T02:22:25.280+00:00,2026-09-14T02:27:19.090+00:00,2026-09-14T02:27:25.295+00:00,False,90,89.0,,89.0,293809.904973,300014.957645,300014.957668,3333.4995296444445,0.043840000000000004,293809.904973,30962.940422346805,87.76746189999999,69.71969294382022,19.751254045076067,0.29665187595516956,25,64,,False,False,Request timeout: 300.0s exceeded,389,21.16838264042747
325,2026-09-14T02:22:27.606+00:00,2026-09-14T02:27:21.635+00:00,2026-09-14T02:27:27.642+00:00,False,85,84.0,,84.0,294029.459481,300036.230425,300036.23034400004,3529.8380040470593,0.02184,294029.459481,31884.221920143715,88.4418474,71.50917790476191,18.926794650682016,0.2799661890199539,25,64,,False,False,Request timeout: 300.0s exceeded,381,21.16838264042747
326,2026-09-14T02:22:31.696+00:00,2026-09-14T02:27:25.587+00:00,2026-09-14T02:27:31.704+00:00,False,93,92.0,,92.0,293891.06233499997,300007.758911,300007.75903699995,3225.8898821182793,0.02178,293891.06233499997,30468.19548559234,87.96760859999999,66.48583234782609,19.59087401213807,0.30665873554054524,25,64,,False,False,Request timeout: 300.0s exceeded,442,21.16838264042747
327,2026-09-14T02:22:35.006+00:00,2026-09-14T02:27:28.930+00:00,2026-09-14T02:27:35.021+00:00,False,95,94.0,,94.0,293923.754167,300014.213303,300014.213414,3158.0443517263157,0.053238999999999995,293923.754167,30149.29996099234,88.0361847,64.7921184680851,20.053621605260606,0.3133184890312663,25,64,,False,False,Request timeout: 300.0s exceeded,400,21.16838264042747
328,2026-09-14T02:22:38.544+00:00,2026-09-14T02:27:32.235+00:00,2026-09-14T02:27:38.626+00:00,False,97,96.0,,96.0,293690.918291,300081.988755,300081.988632,3093.628748783505,0.025859,293690.918291,29813.042113377498,88.99188600000001,66.57365066666667,20.36216693907868,0.3199125692224687,25,64,,False,False,Request timeout: 300.0s exceeded,477,21.16838264042747
329,2026-09-14T02:22:41.821+00:00,2026-09-14T02:27:35.563+00:00,2026-09-14T02:27:42.390+00:00,False,90,89.0,,89.0,293741.384296,300569.248104,300569.248165,3339.6583129444443,0.02472,293741.384296,30955.044411220097,91.38395895,76.7175708764045,66.47397493148,0.296104809661716,25,64,,False,False,Request timeout: 300.0s exceeded,378,21.16838264042747
330,2026-09-14T02:22:45.179+00:00,2026-09-14T02:27:39.021+00:00,2026-09-14T02:27:45.256+00:00,False,96,95.0,,95.0,293842.058464,300076.64944,300076.649637,3125.79843371875,0.0,293842.058464,29983.50968395837,91.71796375,65.62727343157894,68.85628915883781,0.3165857795909413,25,64,,False,False,Request timeout: 300.0s exceeded,456,21.16838264042747
331,2026-09-14T02:22:48.322+00:00,2026-09-14T02:27:42.581+00:00,2026-09-14T02:27:48.363+00:00,False,89,88.0,,88.0,294258.577295,300040.497807,300040.497984,3371.2415503820225,0.02377,294258.577295,31184.389074293547,88.3408554,65.70364218181818,20.76666565225525,0.2932937408222996,25,64,,False,False,Request timeout: 300.0s exceeded,469,21.16838264042747
332,2026-09-14T02:22:51.764+00:00,2026-09-14T02:27:45.566+00:00,2026-09-14T02:27:51.797+00:00,False,90,89.0,,89.0,293801.96527100005,300032.88495100004,300032.88507200003,3333.698723022223,0.04169,293801.96527100005,30962.072887845366,88.03365,70.01033348314607,19.782480911080807,0.2966341506683011,25,64,,False,False,Request timeout: 300.0s exceeded,408,21.16838264042747
333,2026-09-14T02:22:54.981+00:00,2026-09-14T02:27:48.609+00:00,2026-09-14T02:27:55.035+00:00,False,93,92.0,,92.0,293628.13052999997,300054.70563399995,300054.70574799995,3226.394685462365,0.02284,293628.13052999997,30440.581936330662,89.348511,69.85407721739129,20.321647194589158,0.3066107555474219,25,64,,False,False,Request timeout: 300.0s exceeded,310,21.16838264042747
334,2026-09-14T02:22:59.073+00:00,2026-09-14T02:27:52.962+00:00,2026-09-14T02:27:59.155+00:00,False,91,90.0,,90.0,293888.636751,300081.127759,300081.127663,3297.5948094835167,0.05133,293888.636751,30800.69450533963,88.74489299999999,68.80545564444445,21.056764308864334,0.299918894174113,25,64,,False,False,Request timeout: 300.0s exceeded,489,21.16838264042747
335,2026-09-14T02:23:01.412+00:00,2026-09-14T02:27:54.780+00:00,2026-09-14T02:28:01.441+00:00,False,102,101.0,,101.0,293368.55826099997,300029.06386099994,300029.063844,2941.461410235294,0.019289999999999998,293368.55826099997,29041.29292108199,88.8346245,65.9456,19.96330408822068,0.3366340537155166,25,64,,False,False,Request timeout: 300.0s exceeded,384,21.16838264042747
336,2026-09-14T02:23:05.517+00:00,2026-09-14T02:27:58.726+00:00,2026-09-14T02:28:05.595+00:00,False,104,103.0,,103.0,293209.060669,300078.294845,300078.294942,2885.368220596154,0.01992,293209.060669,28744.981034895034,88.49653964999999,66.69159394174757,19.869917746901812,0.34324375261197343,25,64,,False,False,Request timeout: 300.0s exceeded,441,21.16838264042747
337,2026-09-14T02:23:09.447+00:00,2026-09-14T02:28:03.413+00:00,2026-09-14T02:28:09.524+00:00,False,89,88.0,,88.0,293966.19525199995,300077.06577999995,300077.0656159999,3371.652422651685,0.0251,293966.19525199995,31153.00019573502,91.1428852,69.44171054545454,20.43502586503538,0.2932579994784299,25,64,,False,False,Request timeout: 300.0s exceeded,331,21.16838264042747
338,2026-09-14T02:23:12.064+00:00,2026-09-14T02:28:06.106+00:00,2026-09-14T02:28:14.644+00:00,False,88,87.0,,87.0,294041.87324299995,302580.271707,302580.2716009999,3438.4121772840904,0.04065,294041.87324299995,31335.761704779296,90.75765485,98.14251108045977,282.043028804984,0.28752700732665554,25,64,,False,False,Request timeout: 300.0s exceeded,382,21.16838264042747
339,2026-09-14T02:23:14.547+00:00,2026-09-14T02:28:08.234+00:00,2026-09-14T02:28:14.664+00:00,False,57,56.0,,56.0,293687.244784,300116.94948799995,300116.949555,5265.209641315789,0.02954,293687.244784,38886.19836346124,90.3387654,114.81615542857143,353.74284556698393,0.1865939264527915,25,64,,False,False,Request timeout: 300.0s exceeded,259,21.16838264042747
340,2026-09-14T02:23:17.863+00:00,2026-09-14T02:28:11.956+00:00,2026-09-14T02:28:17.880+00:00,False,99,98.0,,98.0,294092.749448,300017.30266399996,300017.30261899997,3030.4778042323233,0.01506,294092.749448,29552.535234504514,91.9343704,60.454624653061224,265.188764545629,0.3266478270746727,25,64,,False,False,Request timeout: 300.0s exceeded,450,21.16838264042747
341,2026-09-14T02:23:21.015+00:00,2026-09-14T02:28:15.912+00:00,2026-09-14T02:28:21.107+00:00,False,75,74.0,,74.0,294896.545963,300092.508331,300092.508484,4001.2334464533333,0.05657,294896.545963,34043.618197511954,89.75233170000001,70.21570767567567,20.299546106609725,0.2465906277086348,25,64,,False,False,Request timeout: 300.0s exceeded,354,21.16838264042747
342,2026-09-14T02:23:23.952+00:00,2026-09-14T02:28:17.634+00:00,2026-09-14T02:28:24.002+00:00,False,91,90.0,,90.0,293681.33447299997,300049.942473,300049.942458,3297.2521149230765,0.01955,293681.33447299997,30778.75709901104,89.7457555,70.7623111111111,19.372877427961086,0.29995006583978484,25,64,,False,False,Request timeout: 300.0s exceeded,349,21.16838264042747
343,2026-09-14T02:23:27.740+00:00,2026-09-14T02:28:21.362+00:00,2026-09-14T02:28:27.764+00:00,False,92,91.0,,91.0,293622.013093,300023.817125,300023.817209,3261.128447923913,0.021,293622.013093,30604.883263375945,88.86632255,70.34949485714284,20.360429941161506,0.3033092534853203,25,64,,False,False,Request timeout: 300.0s exceeded,353,21.16838264042747
344,2026-09-14T02:23:31.181+00:00,2026-09-14T02:28:24.707+00:00,2026-09-14T02:28:31.223+00:00,False,99,98.0,,98.0,293526.747689,300042.59664899996,300042.596524,3030.733298222222,0.03477,293526.747689,29493.872880856907,89.51247389999999,66.48825469387755,20.541153405845183,0.3266202902338021,25,64,,False,False,Request timeout: 300.0s exceeded,482,21.16838264042747
345,2026-09-14T02:23:34.303+00:00,2026-09-14T02:28:27.980+00:00,2026-09-14T02:28:34.349+00:00,False,93,92.0,,92.0,293676.95576599997,300045.466486,300045.46661199996,3226.2953399139783,0.02307,293676.95576599997,30445.710538033993,89.38217120000002,69.22294260869566,20.646384952526574,0.30662019685704095,25,64,,False,False,Request timeout: 300.0s exceeded,320,21.16838264042747
346,2026-09-14T02:23:38.175+00:00,2026-09-14T02:28:32.079+00:00,2026-09-14T02:28:38.243+00:00,False,89,88.0,,88.0,293903.510052,300068.28906,300068.289049,3371.553809539326,0.0,293903.510052,31146.358344048553,91.3294988,70.05430690909091,68.43446385160614,0.2932665770037567,25,64,,False,False,Request timeout: 300.0s exceeded,399,21.16838264042747
347,2026-09-14T02:23:41.932+00:00,2026-09-14T02:28:35.642+00:00,2026-09-14T02:28:41.983+00:00,False,99,98.0,,98.0,293709.896907,300051.297739,300051.29776,3030.8211894949495,0.0,293709.896907,29512.523553898078,87.7795988,64.70817175510204,65.37034658098399,0.32661081867822955,25,64,,False,False,Request timeout: 300.0s exceeded,477,21.16838264042747
348,2026-09-14T02:23:44.765+00:00,2026-09-14T02:28:38.916+00:00,2026-09-14T02:28:44.823+00:00,False,85,84.0,,84.0,294150.74896,300057.359904,300057.359991,3530.0865881294117,0.0215,294150.74896,31897.506991126924,89.13439600000001,70.31679695238095,19.0127969449365,0.2799464743236922,25,64,,False,False,Request timeout: 300.0s exceeded,165,21.16838264042747
349,2026-09-14T02:23:47.324+00:00,2026-09-14T02:28:41.008+00:00,2026-09-14T02:28:47.383+00:00,False,95,94.0,,94.0,293683.758168,300058.51324,300058.51344099996,3158.5106677999997,0.030379999999999997,293683.758168,30124.366701923598,87.9100677,67.81654331914895,20.212356202023898,0.31327223142245814,25,64,,False,False,Request timeout: 300.0s exceeded,404,21.16838264042747
350,2026-09-14T02:23:49.964+00:00,2026-09-14T02:28:43.312+00:00,2026-09-14T02:28:49.981+00:00,False,99,98.0,,98.0,293347.86457200005,300017.11129200005,300017.11152300006,3030.4758739696977,0.032170000000000004,293347.86457200005,29475.73635649429,87.780626,68.05353795918367,19.374684839437823,0.32664803543361487,25,64,,False,False,Request timeout: 300.0s exceeded,450,21.16838264042747
351,2026-09-14T02:23:53.502+00:00,2026-09-14T02:28:47.176+00:00,2026-09-14T02:28:53.512+00:00,False,95,94.0,,94.0,293674.066138,300010.15752999997,300010.157673,3158.0016597157896,0.04247,293674.066138,30123.41468398927,88.30989399999999,67.40522757446809,20.456403034981108,0.3133227247167467,25,64,,False,False,Request timeout: 300.0s exceeded,419,21.16838264042747
352,2026-09-14T02:23:56.417+00:00,2026-09-14T02:28:50.060+00:00,2026-09-14T02:28:56.428+00:00,False,95,94.0,,94.0,293642.814748,300011.35746800003,300011.357534,3158.014289831579,0.018359999999999998,293642.814748,30120.173105353813,89.413708,67.75045446808511,20.700559467910033,0.3133214715380443,25,64,,False,False,Request timeout: 300.0s exceeded,370,21.16838264042747
353,2026-09-14T02:23:59.599+00:00,2026-09-14T02:28:53.730+00:00,2026-09-14T02:28:59.652+00:00,False,88,87.0,,87.0,294130.94535000005,300052.4588220001,300052.45866000006,3409.687030227273,0.027899999999999998,294130.94535000005,31347.21572276003,92.12294535000001,68.06337324137931,21.335245022315675,0.2899492986711732,25,64,,False,False,Request timeout: 300.0s exceeded,400,21.16838264042747
354,2026-09-14T02:24:02.049+00:00,2026-09-14T02:28:55.642+00:00,2026-09-14T02:29:02.078+00:00,False,94,93.0,,93.0,293593.203287,300028.716119,300028.715952,3191.7948505531917,0.03313,293593.203287,30274.69614403589,90.02159950000001,69.1990627096774,20.280083783923708,0.30997032951710374,25,64,,False,False,Request timeout: 300.0s exceeded,426,21.16838264042747
355,2026-09-14T02:24:04.553+00:00,2026-09-14T02:28:58.180+00:00,2026-09-14T02:29:04.612+00:00,False,95,94.0,,94.0,293626.757088,300058.131168,300058.131152,3158.5066437052633,0.046700000000000005,293626.757088,30118.45747201362,91.81061600000001,68.41887319148937,21.317287577494977,0.3132726303203235,25,64,,False,False,Request timeout: 300.0s exceeded,427,21.16838264042747
356,2026-09-14T02:24:08.496+00:00,2026-09-14T02:29:02.642+00:00,2026-09-14T02:29:08.508+00:00,False,84,83.0,,83.0,294146.329815,300012.749527,300012.749541,3571.5803516785713,0.041350000000000005,294146.329815,32086.290825337725,91.72507999999999,70.67975556626506,21.112869963848112,0.2766549092692153,25,64,,False,False,Request timeout: 300.0s exceeded,413,21.16838264042747
357,2026-09-14T02:24:10.828+00:00,2026-09-14T02:29:04.875+00:00,2026-09-14T02:29:10.894+00:00,False,89,88.0,,88.0,294046.16978899995,300065.58022099995,300065.57998199994,3371.5233705842693,0.03363,294046.16978899995,31161.58747327083,89.168364,68.40239127272727,20.16745608777938,0.29326922446482373,25,64,,False,False,Request timeout: 300.0s exceeded,331,21.16838264042747
358,2026-09-14T02:24:14.384+00:00,2026-09-14T02:29:08.369+00:00,2026-09-14T02:29:14.442+00:00,False,93,92.0,,92.0,293984.508192,300057.77564799995,300057.77564099996,3226.427695064516,0.11504,293984.508192,30477.934339744945,88.07635999999998,66.01377669565217,19.62565168853764,0.3066076184872006,25,64,,False,False,Request timeout: 300.0s exceeded,347,21.16838264042747
359,2026-09-14T02:24:17.332+00:00,2026-09-14T02:29:11.027+00:00,2026-09-14T02:29:17.421+00:00,False,98,97.0,,97.0,293695.122464,300089.834272,300089.83427500003,3062.141166071429,0.04998,293695.122464,29661.03449676071,86.38767,65.924864,19.564223887293597,0.3232365409355375,25,64,,False,False,Request timeout: 300.0s exceeded,398,21.16838264042747
360,2026-09-14T02:24:21.030+00:00,2026-09-14T02:29:15.126+00:00,2026-09-14T02:29:21.051+00:00,False,90,89.0,,89.0,294095.826761,300021.16922499996,300021.16913199995,3333.568545911111,0.019620000000000002,294095.826761,30993.410628150596,88.41920984999999,66.57688161797753,19.952781920594838,0.29664573413236295,25,64,,False,False,Request timeout: 300.0s exceeded,432,21.16838264042747
361,2026-09-14T02:24:23.607+00:00,2026-09-14T02:29:17.415+00:00,2026-09-14T02:29:23.654+00:00,False,89,88.0,,88.0,293808.0562,300047.345032,300047.345039,3371.3184835842694,0.04213,293808.0562,31136.082630884455,91.203882,70.90100945454546,20.160566936486607,0.29328704771780206,25,64,,False,False,Request timeout: 300.0s exceeded,439,21.16838264042747
362,2026-09-14T02:24:26.849+00:00,2026-09-14T02:29:20.565+00:00,2026-09-14T02:29:26.885+00:00,False,88,87.0,,87.0,293716.25781599997,300036.232728,300036.232805,3409.5026455113634,0.01796,293716.25781599997,31302.520827076554,90.54686670000001,72.64338979310344,20.05833313319995,0.2899649792592566,25,64,,False,False,Request timeout: 300.0s exceeded,365,21.16838264042747
363,2026-09-14T02:24:29.558+00:00,2026-09-14T02:29:23.413+00:00,2026-09-14T02:29:29.587+00:00,False,89,88.0,,88.0,293855.311934,300029.19763,300029.197571,3371.114579449438,0.01726,293855.311934,31141.170288855687,89.79127400000002,70.157792,19.814254376675965,0.2933047873178089,25,64,,False,False,Request timeout: 300.0s exceeded,384,21.16838264042747
364,2026-09-14T02:24:33.151+00:00,2026-09-14T02:29:26.800+00:00,2026-09-14T02:29:33.249+00:00,False,101,100.0,,100.0,293648.996453,300098.419045,300098.418938,2971.2714746336633,0.0,293648.996453,29212.818735466066,90.468859,64.49422592,63.77441127023362,0.33322401470233975,25,64,,False,False,Request timeout: 300.0s exceeded,484,21.16838264042747
365,2026-09-14T02:24:35.657+00:00,2026-09-14T02:29:29.427+00:00,2026-09-14T02:29:35.695+00:00,False,102,101.0,,101.0,293769.69364,300037.668552,300037.668618,2941.545770764706,0.0,293769.69364,29081.457892151495,88.64196105,62.05915754455446,63.49448647538659,0.3366243994876781,25,64,,False,False,Request timeout: 300.0s exceeded,222,21.16838264042747
366,2026-09-14T02:24:39.396+00:00,2026-09-14T02:29:33.251+00:00,2026-09-14T02:29:39.480+00:00,False,97,96.0,,96.0,293855.172082,300083.86789,300083.867893,3093.6481226082474,0.045969,293855.172082,29829.89159276777,89.26811900000001,64.882248,20.80415663562567,0.3199105659194921,25,64,,False,False,Request timeout: 300.0s exceeded,433,21.16838264042747
367,2026-09-14T02:24:41.851+00:00,2026-09-14T02:29:35.443+00:00,2026-09-14T02:29:41.913+00:00,False,96,95.0,,95.0,293592.497639,300062.207463,300062.207461,3125.647994385417,0.040619999999999996,293592.497639,29957.715552037884,90.29450225000001,68.1022086736842,21.1553859582912,0.31660101684652914,25,64,,False,False,Request timeout: 300.0s exceeded,461,21.16838264042747
368,2026-09-14T02:24:44.167+00:00,2026-09-14T02:29:37.602+00:00,2026-09-14T02:29:44.207+00:00,False,100,99.0,,99.0,293435.626152,300039.950248,300039.95029,3000.3995029,0.01778,293435.626152,29336.89863762712,90.499286,66.7103444040404,20.451912371711078,0.32995606057850263,25,64,,False,False,Request timeout: 300.0s exceeded,483,21.16838264042747
369,2026-09-14T02:24:48.270+00:00,2026-09-14T02:29:42.120+00:00,2026-09-14T02:29:48.286+00:00,False,99,98.0,,98.0,293850.027441,300015.82174499996,300015.82187499997,3030.462847222222,0.047270000000000006,293850.027441,29526.723055261544,91.85332399999999,62.91626840816326,21.03884070904629,0.32664943945288194,25,64,,False,False,Request timeout: 300.0s exceeded,413,21.16838264042747
370,2026-09-14T02:24:50.916+00:00,2026-09-14T02:29:44.381+00:00,2026-09-14T02:29:50.964+00:00,False,104,103.0,,103.0,293465.292974,300047.68811,300047.68796899996,2885.073922778846,0.02788,293465.292974,28770.38095657815,90.0216615,63.90674889320388,21.561633177063165,0.34327876561488235,25,64,,False,False,Request timeout: 300.0s exceeded,481,21.16838264042747
371,2026-09-14T02:24:53.479+00:00,2026-09-14T02:29:48.786+00:00,2026-09-14T02:29:53.490+00:00,False,67,66.0,,66.0,295306.68306,300010.785204,300010.785379,4477.772916104478,0.037020000000000004,295306.68306,36068.75214670266,91.7059462,71.2742749090909,21.48403612528424,0.2199920911347291,25,64,,False,False,Request timeout: 300.0s exceeded,259,21.16838264042747
372,2026-09-14T02:24:55.827+00:00,2026-09-14T02:29:49.594+00:00,2026-09-14T02:29:55.844+00:00,False,90,89.0,,89.0,293766.63380199997,300017.222218,300017.222057,3333.5246895222217,0.02068,293766.63380199997,30958.325620624717,89.61190095,70.23133051685393,20.237298730909377,0.29664963678428563,25,64,,False,False,Request timeout: 300.0s exceeded,292,21.16838264042747
373,2026-09-14T02:24:58.236+00:00,2026-09-14T02:29:52.183+00:00,2026-09-14T02:29:58.248+00:00,False,91,90.0,,90.0,293946.830814,300011.54223799997,300011.54245199997,3296.8301368351645,0.02179,293946.830814,30806.94345029019,89.568126,67.38568248888889,20.636427470657605,0.2999884582060605,25,64,,False,False,Request timeout: 300.0s exceeded,410,21.16838264042747
374,2026-09-14T02:25:00.833+00:00,2026-09-14T02:29:54.693+00:00,2026-09-14T02:30:00.861+00:00,False,90,89.0,,89.0,293860.32693800004,300028.40245800006,300028.402468,3333.6489163111114,0.02265,293860.32693800004,30968.299794614784,89.74638200000001,69.3042193258427,20.736463609941694,0.2966385824504025,25,64,,False,False,Request timeout: 300.0s exceeded,435,21.16838264042747
375,2026-09-14T02:25:03.808+00:00,2026-09-14T02:29:57.530+00:00,2026-09-14T02:30:03.856+00:00,False,93,92.0,,92.0,293722.305391,300047.692399,300047.692268,3226.3192716989247,0.044840000000000005,293722.305391,30450.461416559097,88.8723542,68.75420660869565,20.24983773760218,0.30661792218571526,25,64,,False,False,Request timeout: 300.0s exceeded,498,21.16838264042747
376,2026-09-14T02:25:07.335+00:00,2026-09-14T02:30:00.608+00:00,2026-09-14T02:30:07.381+00:00,False,100,99.0,,99.0,293273.357592,300046.04188,300046.041765,3000.4604176499997,0.020239999999999998,293273.357592,29320.50143286876,89.2766704,68.41095240404042,20.024455018777104,0.32994936170360795,25,64,,False,False,Request timeout: 300.0s exceeded,476,21.16838264042747
377,2026-09-14T02:25:10.740+00:00,2026-09-14T02:30:04.663+00:00,2026-09-14T02:30:10.798+00:00,False,91,90.0,,90.0,293922.321004,300057.92266800004,300057.922742,3297.339810351649,0.01975,293922.321004,30804.291770462696,89.75584050000002,68.17335182222222,20.95965027563514,0.2999420885132927,25,64,,False,False,Request timeout: 300.0s exceeded,406,21.16838264042747
378,2026-09-14T02:25:14.948+00:00,2026-09-14T02:30:08.691+00:00,2026-09-14T02:30:14.954+00:00,False,95,94.0,,94.0,293742.44019700005,300005.54496500007,300005.54495500005,3157.9531047894743,0.026789999999999998,293742.44019700005,30130.509214560596,89.53465299999999,66.62877412765957,20.21549399659038,0.31332754203248625,25,64,,False,False,Request timeout: 300.0s exceeded,518,21.16838264042747
379,2026-09-14T02:25:18.877+00:00,2026-09-14T02:30:12.409+00:00,2026-09-14T02:30:18.885+00:00,False,99,98.0,,98.0,293532.260313,300007.752665,300007.752623,3030.3813396262626,0.02752,293532.260313,29494.467928895065,87.786676,66.07645257142858,19.983843043768427,0.32665822509403786,25,64,,False,False,Request timeout: 300.0s exceeded,488,21.16838264042747
380,2026-09-14T02:25:22.635+00:00,2026-09-14T02:30:16.127+00:00,2026-09-14T02:30:22.698+00:00,False,96,95.0,,95.0,293492.456541,300063.363677,300063.36355999997,3125.6600370833335,0.02494,293492.456541,29947.39538646172,89.26231675,69.16744353684211,19.601322373257297,0.3165997969091013,25,64,,False,False,Request timeout: 300.0s exceeded,271,21.16838264042747
381,2026-09-14T02:25:24.931+00:00,2026-09-14T02:30:18.550+00:00,2026-09-14T02:30:24.968+00:00,False,93,92.0,,92.0,293619.288005,300036.870853,300036.870627,3226.2029099677416,0.03199,293619.288005,30439.674832951798,90.98800159999999,69.75633530434783,19.843226404417013,0.30662898109304193,25,64,,False,False,Request timeout: 300.0s exceeded,483,21.16838264042747
382,2026-09-14T02:25:27.955+00:00,2026-09-14T02:30:21.636+00:00,2026-09-14T02:30:28.107+00:00,False,86,85.0,,85.0,293680.822787,300152.39168299997,300152.39180599997,3490.144090767442,0.01846,293680.822787,31660.273522560132,90.87097825000001,76.13610465882354,64.99661022925916,0.28318948092797835,25,64,,False,False,Request timeout: 300.0s exceeded,408,21.16838264042747
383,2026-09-14T02:25:30.462+00:00,2026-09-14T02:30:24.451+00:00,2026-09-14T02:30:30.495+00:00,False,96,95.0,,95.0,293989.604685,300033.00999700004,300033.010068,3125.3438548750005,0.0,293989.604685,29998.768453829693,92.736222,63.61479275789474,66.40801333130534,0.31663182661451117,25,64,,False,False,Request timeout: 300.0s exceeded,409,21.16838264042747
384,2026-09-14T02:25:33.672+00:00,2026-09-14T02:30:27.471+00:00,2026-09-14T02:30:33.710+00:00,False,101,100.0,,100.0,293798.419952,300037.72952000005,300037.72966,2970.6705906930697,0.0,293798.419952,29227.897742947414,90.955128,62.39309568,64.59279562217557,0.33329141691606545,25,64,,False,False,Request timeout: 300.0s exceeded,409,21.16838264042747
385,2026-09-14T02:25:36.907+00:00,2026-09-14T02:30:30.759+00:00,2026-09-14T02:30:36.934+00:00,False,91,90.0,,90.0,293852.375781,300027.359973,300027.360036,3297.0039564395606,0.03415,293852.375781,30796.91350026577,89.855715,68.61093546666667,20.737069250170926,0.29997264252199957,25,64,,False,False,Request timeout: 300.0s exceeded,385,21.16838264042747
386,2026-09-14T02:25:39.647+00:00,2026-09-14T02:30:33.227+00:00,2026-09-14T02:30:39.653+00:00,False,94,93.0,,93.0,293580.205288,300005.341928,300005.342115,3191.546192712766,0.0197,293580.205288,30273.367003286676,88.51393785,69.08749075268817,20.269233818146066,0.30999448010602293,25,64,,False,False,Request timeout: 300.0s exceeded,473,21.16838264042747
387,2026-09-14T02:25:43.653+00:00,2026-09-14T02:30:37.155+00:00,2026-09-14T02:30:43.708+00:00,False,99,98.0,,98.0,293501.636816,300055.24475199997,300055.24481199996,3030.8610587070707,0.02238,293501.636816,29491.31018109571,89.1618749,66.87355036734694,20.191775069315252,0.32660652234557147,25,64,,False,False,Request timeout: 300.0s exceeded,404,21.16838264042747
388,2026-09-14T02:25:47.139+00:00,2026-09-14T02:30:40.385+00:00,2026-09-14T02:30:47.166+00:00,False,102,101.0,,101.0,293246.21189700003,300026.457401,300026.45733400004,2941.4358562156867,0.046060000000000004,293246.21189700003,29029.061379728708,87.45196605,67.1311436039604,19.870905009219193,0.3366369782015876,25,64,,False,False,Request timeout: 300.0s exceeded,540,21.16838264042747
389,2026-09-14T02:25:49.543+00:00,2026-09-14T02:30:43.071+00:00,2026-09-14T02:30:49.619+00:00,False,97,96.0,,96.0,293527.845213,300076.687709,300076.68788800004,3093.5741019381444,0.04566,293527.845213,29796.317756943114,89.1380778,68.21710933333333,20.46603379629073,0.3199182206819618,25,64,,False,False,Request timeout: 300.0s exceeded,477,21.16838264042747
390,2026-09-14T02:25:52.071+00:00,2026-09-14T02:30:45.804+00:00,2026-09-14T02:30:52.140+00:00,False,95,94.0,,94.0,293733.06913300004,300068.94446100004,300068.944658,3158.620470084211,0.07686,293733.06913300004,30129.4682753709,89.07766670000001,67.40292902127659,20.122322184866338,0.313261341218925,25,64,,False,False,Request timeout: 300.0s exceeded,541,21.16838264042747
391,2026-09-14T02:25:56.238+00:00,2026-09-14T02:30:49.919+00:00,2026-09-14T02:30:56.250+00:00,False,95,94.0,,94.0,293680.91055800003,300011.902942,300011.903173,3158.0200334000006,0.03514,293680.91055800003,30124.122953661747,89.684044,67.35098280851064,21.161461280362943,0.3133209018649257,25,64,,False,False,Request timeout: 300.0s exceeded,230,21.16838264042747
392,2026-09-14T02:25:58.784+00:00,2026-09-14T02:30:52.935+00:00,2026-09-14T02:30:58.840+00:00,False,85,84.0,,84.0,294150.78901,300055.706514,300055.706545,3530.0671358235295,0.03377,294150.78901,31897.51380363091,89.24139319999999,70.29663695238095,19.485289022575593,0.2799480169062565,25,64,,False,False,Request timeout: 300.0s exceeded,443,21.16838264042747
393,2026-09-14T02:26:01.802+00:00,2026-09-14T02:30:54.968+00:00,2026-09-14T02:31:01.868+00:00,False,101,100.0,,100.0,293166.57025,300065.86497,300065.86496599996,2970.949158079208,0.03939,293166.57025,29164.30576203848,88.241844,68.9929472,19.992990407969476,0.3332601660971927,25,64,,False,False,Request timeout: 300.0s exceeded,411,21.16838264042747
394,2026-09-14T02:26:04.944+00:00,2026-09-14T02:30:58.582+00:00,2026-09-14T02:31:04.987+00:00,False,93,92.0,,92.0,293637.89634700003,300042.56553100003,300042.565497,3226.2641451290324,0.02556,293637.89634700003,30441.61895688219,88.746232,69.61596939130435,19.80302252160596,0.3066231614077259,25,64,,False,False,Request timeout: 300.0s exceeded,446,21.16838264042747
395,2026-09-14T02:26:08.452+00:00,2026-09-14T02:31:02.091+00:00,2026-09-14T02:31:08.534+00:00,False,96,95.0,,95.0,293639.790287,300082.285007,300082.284907,3125.857134447917,0.01788,293639.790287,29962.570652794464,87.3701325,67.81573389473684,19.791637661917438,0.3165798340871202,25,64,,False,False,Request timeout: 300.0s exceeded,467,21.16838264042747
396,2026-09-14T02:26:11.143+00:00,2026-09-14T02:31:04.739+00:00,2026-09-14T02:31:11.177+00:00,False,97,96.0,,96.0,293596.008963,300033.684739,300033.68474299996,3093.1307705463914,0.0847,293596.008963,29803.356924808835,91.62381780000001,67.05912266666667,21.349561955100533,0.31996407364563295,25,64,,False,False,Request timeout: 300.0s exceeded,461,21.16838264042747
397,2026-09-14T02:26:14.709+00:00,2026-09-14T02:31:08.536+00:00,2026-09-14T02:31:14.736+00:00,False,94,93.0,,93.0,293827.11016000004,300026.50241600006,300026.50258300005,3191.7713040744684,0.03412,293827.11016000004,30299.08393523261,89.11709745,66.66013178494623,20.690362572092035,0.3099726165892217,25,64,,False,False,Request timeout: 300.0s exceeded,451,21.16838264042747
398,2026-09-14T02:26:17.813+00:00,2026-09-14T02:31:11.555+00:00,2026-09-14T02:31:17.827+00:00,False,97,96.0,,96.0,293742.567161,300014.167289,300014.16719199996,3092.9295586804124,0.01896,293742.567161,29818.412522691753,87.45104560000001,65.329168,20.22006635699769,0.31998488893867594,25,64,,False,False,Request timeout: 300.0s exceeded,504,21.16838264042747
399,2026-09-14T02:26:21.449+00:00,2026-09-14T02:31:15.122+00:00,2026-09-14T02:31:21.706+00:00,False,92,91.0,,91.0,293672.98970200005,300257.378566,300257.3786030001,3263.6671587282613,0.01982,293672.98970200005,30610.053352509585,87.3186811,72.35592158241758,66.43074305604773,0.303073318079999,25,64,,False,False,Request timeout: 300.0s exceeded,471,21.16838264042747
400,2026-09-14T02:26:24.923+00:00,2026-09-14T02:31:18.714+00:00,2026-09-14T02:31:25.021+00:00,False,99,98.0,,98.0,293791.335325,300097.99670099997,300097.996512,3031.292894060606,0.0,293791.335325,29520.75125581373,91.22836649999999,64.35368751020408,68.58786944997733,0.32655999399303376,25,64,,False,False,Request timeout: 300.0s exceeded,220,21.16838264042747
401,2026-09-14T02:26:28.675+00:00,2026-09-14T02:31:22.889+00:00,2026-09-14T02:31:28.683+00:00,False,82,81.0,,81.0,294213.45597,300007.737954,300007.737899,3658.630949987805,0.0487,294213.45597,32482.547144268203,88.70119050000001,71.53434548148148,19.627304956378012,0.26999303602102315,25,64,,False,False,Request timeout: 300.0s exceeded,365,21.16838264042747
402,2026-09-14T02:26:32.841+00:00,2026-09-14T02:31:26.708+00:00,2026-09-14T02:31:32.860+00:00,False,91,90.0,,90.0,293867.167626,300019.980682,300019.980728,3296.922865142857,0.03301,293867.167626,30798.489228255297,88.8569275,68.3645895111111,19.653823336077018,0.29998002064867024,25,64,,False,False,Request timeout: 300.0s exceeded,377,21.16838264042747
403,2026-09-14T02:26:36.379+00:00,2026-09-14T02:31:29.944+00:00,2026-09-14T02:31:36.463+00:00,False,95,94.0,,94.0,293565.629186,300084.61260999995,300084.612414,3158.785393831579,0.02901,293565.629186,30112.08927792578,89.7776084,69.35088748936171,19.864605147059372,0.3132449850808097,25,64,,False,False,Request timeout: 300.0s exceeded,431,21.16838264042747
404,2026-09-14T02:26:40.456+00:00,2026-09-14T02:31:33.725+00:00,2026-09-14T02:31:40.466+00:00,False,100,99.0,,99.0,293269.319305,300010.53120900004,300010.531185,3000.10531185,0.01685,293269.319305,29320.129355490702,89.29046,68.09304953535354,19.966732270877003,0.32998841607674234,25,64,,False,False,Request timeout: 300.0s exceeded,453,21.16838264042747
405,2026-09-14T02:26:43.458+00:00,2026-09-14T02:31:37.012+00:00,2026-09-14T02:31:43.526+00:00,False,99,98.0,,98.0,293553.92206699995,300067.81237099995,300067.8122069999,3030.9880020909086,0.03522,293553.92206699995,29496.605704831058,89.02092590000001,66.46826840816327,20.08360851076494,0.32659284321649956,25,64,,False,False,Request timeout: 300.0s exceeded,615,21.16838264042747
406,2026-09-14T02:26:47.607+00:00,2026-09-14T02:31:41.119+00:00,2026-09-14T02:31:47.656+00:00,False,103,102.0,,102.0,293511.807721,300048.70397699997,300048.703944,2913.0942130485437,0.046,293511.807721,28914.27015663312,88.42028709999998,64.08721819607844,20.35487211870439,0.33994481111912667,25,64,,False,False,Request timeout: 300.0s exceeded,456,21.16838264042747
407,2026-09-14T02:26:51.710+00:00,2026-09-14T02:31:45.082+00:00,2026-09-14T02:31:51.725+00:00,False,99,98.0,,98.0,293371.703333,300015.00342900003,300015.00329900003,3030.454578777778,0.01829,293371.703333,29478.159446936614,89.12368780000001,67.78877648979592,20.269292546104975,0.3266503304165325,25,64,,False,False,Request timeout: 300.0s exceeded,497,21.16838264042747
408,2026-09-14T02:26:55.953+00:00,2026-09-14T02:31:49.531+00:00,2026-09-14T02:31:55.990+00:00,False,98,97.0,,97.0,293577.704742,300036.746534,300036.74650699995,3061.599454153061,0.02246,293577.704742,29649.106893460306,89.26704185,66.58805971134021,20.119937623969914,0.3232937335860893,25,64,,False,False,Request timeout: 300.0s exceeded,474,21.16838264042747
409,2026-09-14T02:26:58.791+00:00,2026-09-14T02:31:52.825+00:00,2026-09-14T02:31:58.858+00:00,False,89,88.0,,88.0,294033.926422,300066.20008599997,300066.200088,3371.5303380674154,0.02035,294033.926422,31160.27427799622,90.56639279999999,68.54856436363636,20.312858726411715,0.2932686186407496,25,64,,False,False,Request timeout: 300.0s exceeded,410,21.16838264042747
410,2026-09-14T02:27:02.464+00:00,2026-09-14T02:31:56.652+00:00,2026-09-14T02:32:02.509+00:00,False,86,85.0,,85.0,294187.493603,300044.918755,300044.91886800004,3488.8944054418607,0.01778,294187.493603,31715.629171203687,89.33816625000001,68.91088414117648,20.80885522797186,0.2832909164157727,25,64,,False,False,Request timeout: 300.0s exceeded,488,21.16838264042747
411,2026-09-14T02:27:05.984+00:00,2026-09-14T02:31:59.862+00:00,2026-09-14T02:32:06.080+00:00,False,104,103.0,,103.0,293878.28128899995,300095.9609049999,300095.961064,2885.5380871538455,0.01511,293878.28128899995,28812.43430883983,87.523076,60.36582151456311,266.14477474705643,0.3432235465261936,25,64,,False,False,Request timeout: 300.0s exceeded,503,21.16838264042747
412,2026-09-14T02:27:09.128+00:00,2026-09-14T02:32:05.649+00:00,2026-09-14T02:32:09.157+00:00,False,101,100.0,,100.0,296521.219033,300028.840921,300028.840928,2970.5825834455445,0.01569,296521.219033,29501.496183159317,88.596783,35.076218880000006,36.4848094950771,0.3333012909459954,25,64,,False,False,Request timeout: 300.0s exceeded,517,21.16838264042747
413,2026-09-14T02:27:13.136+00:00,2026-09-14T02:32:06.956+00:00,2026-09-14T02:32:13.199+00:00,False,95,94.0,,94.0,293819.19918199995,300062.25505399995,300062.25483299996,3158.5500508736836,0.04391,293819.19918199995,30138.406153597534,87.5621684,66.415488,19.8385267605712,0.31326832487839407,25,64,,False,False,Request timeout: 300.0s exceeded,309,21.16838264042747
414,2026-09-14T02:27:16.481+00:00,2026-09-14T02:32:09.686+00:00,2026-09-14T02:32:16.543+00:00,False,105,104.0,,104.0,293205.52696100005,300062.09963300003,300062.09965700004,2857.7342824476195,0.0,293205.52696100005,28607.56374503181,86.940175,65.92858338461538,62.76947801564722,0.3465949219418258,25,64,,False,False,Request timeout: 300.0s exceeded,495,21.16838264042747
415,2026-09-14T02:27:20.490+00:00,2026-09-14T02:32:14.185+00:00,2026-09-14T02:32:20.535+00:00,False,96,95.0,,95.0,293695.01938099996,300044.70590899995,300044.70606699993,3125.4656881979163,0.0,293695.01938099996,29968.37276138334,88.40714050000001,66.83880555789473,66.07425999289234,0.3166194841271833,25,64,,False,False,Request timeout: 300.0s exceeded,419,21.16838264042747
416,2026-09-14T02:27:24.685+00:00,2026-09-14T02:32:18.231+00:00,2026-09-14T02:32:24.715+00:00,False,92,91.0,,91.0,293546.06462099997,300030.23050899996,300030.23049299995,3261.1981575326085,0.01927,293546.06462099997,30596.870238131687,90.49345505000001,71.2545701978022,19.600330668981584,0.30330277000960504,25,64,,False,False,Request timeout: 300.0s exceeded,385,21.16838264042747
417,2026-09-14T02:27:27.394+00:00,2026-09-14T02:32:21.300+00:00,2026-09-14T02:32:27.407+00:00,False,87,86.0,,86.0,293906.353552,300013.510288,300013.5103,3448.4311528735634,0.02052,293906.353552,31502.461173728825,89.8533223,71.01345041860466,19.62797276569148,0.28665375741727006,25,64,,False,False,Request timeout: 300.0s exceeded,441,21.16838264042747
418,2026-09-14T02:27:31.446+00:00,2026-09-14T02:32:25.175+00:00,2026-09-14T02:32:31.494+00:00,False,89,88.0,,88.0,293729.35175,300047.56973399996,300047.569743,3371.321008348314,0.039740000000000004,293729.35175,31127.644662546467,89.569503,71.79793163636364,19.779777241729125,0.29328682807867534,25,64,,False,False,Request timeout: 300.0s exceeded,303,21.16838264042747
419,2026-09-14T02:27:34.207+00:00,2026-09-14T02:32:28.002+00:00,2026-09-14T02:32:34.232+00:00,False,91,90.0,,90.0,293794.414425,300024.891225,300024.89136500005,3296.9768281868132,0.03162,293794.414425,30790.772843853047,91.2374125,69.22752,20.70550071300805,0.2999751108400722,25,64,,False,False,Request timeout: 300.0s exceeded,427,21.16838264042747
420,2026-09-14T02:27:38.329+00:00,2026-09-14T02:32:32.454+00:00,2026-09-14T02:32:38.342+00:00,False,85,84.0,,84.0,294125.252712,300013.70967199997,300013.709727,3529.5730556117646,0.05027,294125.252712,31894.76548682711,90.80974040000001,70.1006780952381,19.860067319817535,0.2799872048908559,25,64,,False,False,Request timeout: 300.0s exceeded,446,21.16838264042747
421,2026-09-14T02:27:42.295+00:00,2026-09-14T02:32:36.263+00:00,2026-09-14T02:32:42.441+00:00,False,93,92.0,,92.0,293967.878342,300146.03975,300146.039765,3227.3767716666666,0.01945,293967.878342,30476.09207200248,87.595085,67.1539283478261,20.23664246514066,0.30651745422538096,25,64,,False,False,Request timeout: 300.0s exceeded,535,21.16838264042747
422,2026-09-14T02:27:46.249+00:00,2026-09-14T02:32:39.772+00:00,2026-09-14T02:32:46.258+00:00,False,100,99.0,,99.0,293523.23999800003,300009.253694,300009.25385200005,3000.0925385200003,0.01896,293523.23999800003,29345.77978354466,89.82917445000001,65.51528985858586,20.822695858057358,0.32998982125057014,25,64,,False,False,Request timeout: 300.0s exceeded,456,21.16838264042747
423,2026-09-14T02:27:49.219+00:00,2026-09-14T02:32:42.683+00:00,2026-09-14T02:32:49.291+00:00,False,98,97.0,,97.0,293463.27211,300071.38756600005,300071.38749700005,3061.9529336428573,0.01794,293463.27211,29637.392266091876,89.34823504999999,68.12490160824743,20.202858247938686,0.32325641170524816,25,64,,False,False,Request timeout: 300.0s exceeded,517,21.16838264042747
424,2026-09-14T02:27:53.408+00:00,2026-09-14T02:32:47.185+00:00,2026-09-14T02:32:53.493+00:00,False,92,91.0,,91.0,293777.523755,300085.81047499995,300085.81051399995,3261.8022881956517,0.05907,293777.523755,30621.202726809846,87.82376400000001,69.32183208791209,19.13502807222055,0.3032465942190265,25,64,,False,False,Request timeout: 300.0s exceeded,436,21.16838264042747
425,2026-09-14T02:27:57.523+00:00,2026-09-14T02:32:50.908+00:00,2026-09-14T02:32:57.572+00:00,False,98,97.0,,97.0,293385.608139,300049.677003,300049.677038,3061.731398346939,0.019399999999999997,293385.608139,29629.487892514357,88.54298849999999,68.70174086597939,18.88563366892618,0.3232798014277821,25,64,,False,False,Request timeout: 300.0s exceeded,500,21.16838264042747
426,2026-09-14T02:28:00.564+00:00,2026-09-14T02:32:53.865+00:00,2026-09-14T02:33:00.593+00:00,False,98,97.0,,97.0,293300.843475,300029.270227,300029.270307,3061.5231663979594,0.01939,293300.843475,29620.85832112629,87.19078019999999,69.36522424742267,18.842715696209414,0.32330178961076195,25,64,,False,False,Request timeout: 300.0s exceeded,450,21.16838264042747
427,2026-09-14T02:28:03.012+00:00,2026-09-14T02:32:56.814+00:00,2026-09-14T02:33:03.078+00:00,False,92,91.0,,91.0,293801.690642,300065.809938,300065.809935,3261.584890597826,0.03501,293801.690642,30623.773013218295,89.15397899999999,68.83647578021977,19.31673517388982,0.3032668067674973,25,64,,False,False,Request timeout: 300.0s exceeded,354,21.16838264042747
428,2026-09-14T02:28:05.921+00:00,2026-09-14T02:32:59.379+00:00,2026-09-14T02:33:06.004+00:00,False,98,97.0,,97.0,293458.293562,300083.05157799996,300083.051613,3062.0719552346936,0.021070000000000002,293458.293562,29636.872031338175,89.9137872,68.29647439175257,20.211757528353644,0.3232438469614369,25,64,,False,False,Request timeout: 300.0s exceeded,390,21.16838264042747
429,2026-09-14T02:28:08.868+00:00,2026-09-14T02:33:02.670+00:00,2026-09-14T02:33:08.893+00:00,False,93,92.0,,92.0,293801.595763,300024.971123,300024.971021,3226.074957215054,0.019870000000000002,293801.595763,30458.798961423166,89.4847552,67.6453843478261,21.05302315926597,0.30664114275435805,25,64,,False,False,Request timeout: 300.0s exceeded,418,21.16838264042747
430,2026-09-14T02:28:14.638+00:00,2026-09-14T02:33:06.519+00:00,2026-09-14T02:33:14.750+00:00,False,136,135.0,,135.0,291880.736627,300112.09022699995,300112.090299,2206.706546316176,0.0,291880.736627,25023.40584023187,90.9371655,60.97298962962963,58.36000641236867,0.4498319274571317,25,64,,False,False,Request timeout: 300.0s exceeded,715,21.16838264042747
431,2026-09-14T02:28:16.188+00:00,2026-09-14T02:33:09.788+00:00,2026-09-14T02:33:15.578+00:00,True,101,101.0,,101.0,293600.3773,299390.721492,299390.721493,2964.2645692376236,0.0,293600.3773,29208.64401080622,89.491622,57.90344192,67.04223414769535,0.33735180401273335,25,64,,False,True,,395,21.16838264042747
432,2026-09-14T02:28:19.026+00:00,2026-09-14T02:33:12.848+00:00,2026-09-14T02:33:19.041+00:00,False,102,101.0,,101.0,293821.745076,300014.875316,300014.875168,2941.3223055686276,0.04815,293821.745076,29086.62482898542,91.11005249999998,61.318121188118816,22.125070670575905,0.3366499740841803,25,64,,False,False,Request timeout: 300.0s exceeded,496,21.16838264042747
433,2026-09-14T02:28:22.642+00:00,2026-09-14T02:33:16.040+00:00,2026-09-14T02:33:22.696+00:00,False,99,98.0,,98.0,293398.045884,300054.2407,300054.240769,3030.850916858586,0.03589,293398.045884,29480.793937454084,89.63071489999999,67.92035526530611,20.545879576991506,0.3266076152477454,25,64,,False,False,Request timeout: 300.0s exceeded,443,21.16838264042747
434,2026-09-14T02:28:25.317+00:00,2026-09-14T02:33:18.611+00:00,2026-09-14T02:33:25.334+00:00,False,97,96.0,,96.0,293294.136605,300016.63874900003,300016.63854,3092.9550364948454,0.028300000000000002,293294.136605,29772.404100855823,88.58350479999999,70.026064,19.75285656930712,0.31998225298536037,25,64,,False,False,Request timeout: 300.0s exceeded,451,21.16838264042747
435,2026-09-14T02:28:29.420+00:00,2026-09-14T02:33:23.241+00:00,2026-09-14T02:33:29.464+00:00,False,93,92.0,,92.0,293820.395649,300044.13299300004,300044.133027,3226.281000290323,0.02036,293820.395649,30460.747331522816,89.539329,67.64931895652174,20.035745136644362,0.30662155957619186,25,64,,False,False,Request timeout: 300.0s exceeded,364,21.16838264042747
436,2026-09-14T02:28:33.124+00:00,2026-09-14T02:33:26.868+00:00,2026-09-14T02:33:33.185+00:00,False,98,97.0,,97.0,293744.326633,300061.020905,300061.020904,3061.8471520816324,0.0198,293744.326633,29666.086432639637,88.74404885,65.12055950515465,20.045971547962974,0.32326757973242526,25,64,,False,False,Request timeout: 300.0s exceeded,386,21.16838264042747
437,2026-09-14T02:28:36.507+00:00,2026-09-14T02:33:30.118+00:00,2026-09-14T02:33:36.550+00:00,False,98,97.0,,97.0,293610.174459,300042.78527500003,300042.785056,3061.661072,0.02252,293610.174459,29652.413679725847,86.72843834999999,66.31557542268041,19.08832937024269,0.3232872268903117,25,64,,False,False,Request timeout: 300.0s exceeded,400,21.16838264042747
438,2026-09-14T02:28:40.294+00:00,2026-09-14T02:33:34.047+00:00,2026-09-14T02:33:40.333+00:00,False,98,97.0,,97.0,293752.50877200003,300038.542948,300038.543107,3061.6177868061227,0.02022,293752.50877200003,29666.94472069516,87.2399722,64.80447604123711,19.802738434781123,0.32329179793681095,25,64,,False,False,Request timeout: 300.0s exceeded,401,21.16838264042747
439,2026-09-14T02:28:44.068+00:00,2026-09-14T02:33:37.827+00:00,2026-09-14T02:33:44.128+00:00,False,98,97.0,,97.0,293758.786141,300059.857501,300059.857445,3061.83528005102,0.03504,293758.786141,29667.564271310348,91.17263255,64.95949855670104,21.40338877066625,0.3232688331183278,25,64,,False,False,Request timeout: 300.0s exceeded,254,21.16838264042747
440,2026-09-14T02:28:47.551+00:00,2026-09-14T02:33:40.971+00:00,2026-09-14T02:33:47.584+00:00,False,97,96.0,,96.0,293420.234069,300033.285717,300033.285774,3093.1266574639176,0.02918,293420.234069,29785.32300870231,88.49771559999999,68.88595466666668,19.588731956507473,0.31996449917410147,25,64,,False,False,Request timeout: 300.0s exceeded,413,21.16838264042747
441,2026-09-14T02:28:51.092+00:00,2026-09-14T02:33:44.996+00:00,2026-09-14T02:33:51.160+00:00,False,96,95.0,,95.0,293904.53001,300068.117082,300068.117033,3125.709552427083,0.03624,293904.53001,29989.89007557158,87.0097335,64.87986391578947,19.642390141470432,0.3165947816243311,25,64,,False,False,Request timeout: 300.0s exceeded,391,21.16838264042747
442,2026-09-14T02:28:54.663+00:00,2026-09-14T02:33:48.589+00:00,2026-09-14T02:33:54.728+00:00,False,95,94.0,,94.0,293925.90108700003,300064.42729500006,300064.42728400003,3158.572918778948,0.036,293925.90108700003,30149.46770561055,87.540167,65.30347029787234,19.960357950916446,0.31326605705109617,25,64,,False,False,Request timeout: 300.0s exceeded,431,21.16838264042747
443,2026-09-14T02:28:58.145+00:00,2026-09-14T02:33:51.912+00:00,2026-09-14T02:33:58.166+00:00,False,94,93.0,,93.0,293767.464474,300020.804378,300020.80456899997,3191.710686904255,0.03552,293767.464474,30292.87152746037,87.95688700000001,67.24021402150537,19.789386721540005,0.3099785036334618,25,64,,False,False,Request timeout: 300.0s exceeded,415,21.16838264042747
444,2026-09-14T02:29:02.069+00:00,2026-09-14T02:33:55.818+00:00,2026-09-14T02:34:02.157+00:00,False,94,93.0,,93.0,293749.373345,300087.945889,300087.94598,3192.4249572340427,0.03526,293749.373345,30290.910874645662,88.36957749999999,68.15669402150537,19.527472576565305,0.3099091492145436,25,64,,False,False,Request timeout: 300.0s exceeded,139,21.16838264042747
445,2026-09-14T02:29:05.567+00:00,2026-09-14T02:33:59.281+00:00,2026-09-14T02:34:05.861+00:00,False,90,89.0,,89.0,293714.61250199995,300294.32654999994,300294.32645699993,3336.6036272999995,0.02204,293714.61250199995,30952.515031073453,89.31873395000001,73.9293713258427,65.86213609964136,0.29637589568373424,25,64,,False,False,Request timeout: 300.0s exceeded,352,21.16838264042747
446,2026-09-14T02:29:08.681+00:00,2026-09-14T02:34:02.157+00:00,2026-09-14T02:34:08.709+00:00,False,102,101.0,,101.0,293476.814216,300028.09690400003,300028.09695200005,2941.451930901961,0.0,293476.814216,29052.186288616336,88.1962989,64.86418502970297,65.96531040562557,0.3366351386494211,25,64,,False,False,Request timeout: 300.0s exceeded,438,21.16838264042747
447,2026-09-14T02:29:12.492+00:00,2026-09-14T02:34:06.039+00:00,2026-09-14T02:34:12.568+00:00,False,93,92.0,,92.0,293547.442041,300075.815545,300075.815515,3226.621672204301,0.02817,293547.442041,30432.10001693433,89.92053600000001,70.9605815652174,20.053810903178153,0.30658918591259643,25,64,,False,False,Request timeout: 300.0s exceeded,405,21.16838264042747
448,2026-09-14T02:29:15.035+00:00,2026-09-14T02:34:08.797+00:00,2026-09-14T02:34:15.061+00:00,False,88,87.0,,87.0,293761.93607999996,300026.123728,300026.123652,3409.3877687727268,0.02871,293761.93607999996,31307.458974489204,90.9303185,72.00215687356321,20.792173669368463,0.28997474926174477,25,64,,False,False,Request timeout: 300.0s exceeded,302,21.16838264042747
449,2026-09-14T02:29:18.310+00:00,2026-09-14T02:34:12.053+00:00,2026-09-14T02:34:18.359+00:00,False,92,91.0,,91.0,293743.28031199996,300049.333688,300049.33345599996,3261.4057984347824,0.0354,293743.28031199996,30617.6357256522,89.2259501,69.29728984615384,20.028070211749732,0.3032834596947462,25,64,,False,False,Request timeout: 300.0s exceeded,334,21.16838264042747
450,2026-09-14T02:29:22.507+00:00,2026-09-14T02:34:16.219+00:00,2026-09-14T02:34:22.570+00:00,False,95,94.0,,94.0,293712.214482,300063.057362,300063.0573,3158.558497894737,0.022768999999999998,293712.214482,30127.312576990622,88.3481071,67.56215829787233,20.54093152074999,0.3132674872621763,25,64,,False,False,Request timeout: 300.0s exceeded,422,21.16838264042747
451,2026-09-14T02:29:26.052+00:00,2026-09-14T02:34:19.678+00:00,2026-09-14T02:34:26.101+00:00,False,94,93.0,,93.0,293626.37570499995,300049.179417,300049.17944199994,3192.0125472553186,0.02154,293626.37570499995,30278.131665549427,90.11541550000001,69.06240550537633,20.210101229121655,0.30994918959851975,25,64,,False,False,Request timeout: 300.0s exceeded,424,21.16838264042747
452,2026-09-14T02:29:28.647+00:00,2026-09-14T02:34:22.404+00:00,2026-09-14T02:34:28.731+00:00,False,89,88.0,,88.0,293757.038611,300084.393747,300084.39378,3371.7347615730337,0.04185,293757.038611,31130.568715267003,89.47426940000001,71.9017629090909,20.18635865348627,0.2932508382098419,25,64,,False,False,Request timeout: 300.0s exceeded,462,21.16838264042747
453,2026-09-14T02:29:31.544+00:00,2026-09-14T02:34:25.593+00:00,2026-09-14T02:34:31.631+00:00,False,88,87.0,,87.0,294049.049228,300087.439244,300087.439187,3410.084536215909,0.03929,294049.049228,31338.34136815671,89.12838934999999,69.40678179310345,19.805248644538903,0.28991550002617944,25,64,,False,False,Request timeout: 300.0s exceeded,428,21.16838264042747
454,2026-09-14T02:29:34.928+00:00,2026-09-14T02:34:28.727+00:00,2026-09-14T02:34:34.950+00:00,False,95,94.0,,94.0,293799.314658,300022.42096200003,300022.421057,3158.130747968421,0.03531,293799.314658,30136.387895217962,87.2178657,66.20325855319149,19.955462842547494,0.3133099176341417,25,64,,False,False,Request timeout: 300.0s exceeded,309,21.16838264042747
455,2026-09-14T02:29:38.132+00:00,2026-09-14T02:34:31.760+00:00,2026-09-14T02:34:38.158+00:00,False,95,94.0,,94.0,293628.141312,300026.118656,300026.118833,3158.169671926316,0.02238,293628.141312,30118.635188676148,89.34730499999999,68.06358876595745,20.2135659835412,0.31330605622298263,25,64,,False,False,Request timeout: 300.0s exceeded,577,21.16838264042747
456,2026-09-14T02:29:42.027+00:00,2026-09-14T02:34:35.882+00:00,2026-09-14T02:34:42.091+00:00,False,90,89.0,,89.0,293855.776146,300064.74613000004,300064.74617500004,3334.052735277778,0.02142,293855.776146,30967.77096172944,88.0729855,69.76370768539326,19.64591490362043,0.2966026537534057,25,64,,False,False,Request timeout: 300.0s exceeded,349,21.16838264042747
457,2026-09-14T02:29:46.159+00:00,2026-09-14T02:34:39.927+00:00,2026-09-14T02:34:46.165+00:00,False,93,92.0,,92.0,293768.63541600003,300006.066968,300006.066853,3225.8716865913984,0.022850000000000002,293768.63541600003,30455.364391988078,88.41209159999998,67.79816904347827,19.69525630100478,0.3066604650025732,25,64,,False,False,Request timeout: 300.0s exceeded,436,21.16838264042747
458,2026-09-14T02:29:48.980+00:00,2026-09-14T02:34:43.145+00:00,2026-09-14T02:34:49.056+00:00,False,92,91.0,,91.0,294164.948141,300075.829677,300075.829868,3261.6938029130433,0.02919,294164.948141,30662.050164399323,86.598963,64.95474215384615,19.71065485113531,0.3032566804795705,25,64,,False,False,Request timeout: 300.0s exceeded,569,21.16838264042747
459,2026-09-14T02:29:51.756+00:00,2026-09-14T02:34:45.528+00:00,2026-09-14T02:34:51.768+00:00,False,98,97.0,,97.0,293771.916203,300012.567211,300012.567295,3061.3527275,0.02179,293771.916203,29668.95246495325,86.8514787,64.3366083298969,19.857558242289773,0.32331978923996046,25,64,,False,False,Request timeout: 300.0s exceeded,474,21.16838264042747
460,2026-09-14T02:29:54.564+00:00,2026-09-14T02:34:48.710+00:00,2026-09-14T02:34:54.578+00:00,False,88,87.0,,87.0,294145.959855,300014.47364700004,300014.47386200004,3409.255384795455,0.04026,294145.959855,31348.880102507188,86.55100035,67.45418151724138,19.61429355609243,0.28998600948287934,25,64,,True,False,Request timeout: 300.0s exceeded,436,21.16838264042747
461,2026-09-14T02:29:57.833+00:00,2026-09-14T02:34:51.464+00:00,2026-09-14T02:34:57.855+00:00,False,94,93.0,,93.0,293631.077395,300022.33422699996,300022.33414999995,3191.726959042553,0.0365,293631.077395,30278.651183773578,87.8935408,68.72319174193548,19.577267115354555,0.3099769230167887,25,64,,True,False,Request timeout: 300.0s exceeded,431,21.16838264042747
462,2026-09-14T02:30:00.973+00:00,2026-09-14T02:34:54.577+00:00,2026-09-14T02:35:01.001+00:00,False,98,97.0,,97.0,293603.950555,300027.527131,300027.527022,3061.50537777551,0.03326,293603.950555,29651.794887723543,87.81250435000001,66.22243892783506,19.871255606992918,0.3233036679252675,25,64,,True,False,Request timeout: 300.0s exceeded,461,21.16838264042747
463,2026-09-14T02:30:03.794+00:00,2026-09-14T02:34:57.271+00:00,2026-09-14T02:35:03.812+00:00,False,101,100.0,,100.0,293477.140946,300017.796562,300017.796546,2970.4732331287128,0.03534,293477.140946,29195.56549059937,87.317336,65.40655616,19.900291131456356,0.3333135605485142,25,64,,True,False,Request timeout: 300.0s exceeded,495,21.16838264042747
464,2026-09-14T02:30:07.556+00:00,2026-09-14T02:35:01.390+00:00,2026-09-14T02:35:07.589+00:00,False,91,90.0,,90.0,293833.864978,300032.802322,300032.802348,3297.063762065934,0.02343,293833.864978,30794.944717403196,89.42119650000001,68.8770816,20.08987321308129,0.29996720126424903,25,64,,True,False,Request timeout: 300.0s exceeded,368,21.16838264042747
465,2026-09-14T02:30:11.380+00:00,2026-09-14T02:35:05.027+00:00,2026-09-14T02:35:11.406+00:00,False,95,94.0,,94.0,293646.354607,300025.84055900003,300025.840486,3158.166741957895,0.038049,293646.354607,30120.52399522641,89.864278,67.86687182978724,20.182412713071002,0.3133063466295495,25,64,,True,False,Request timeout: 300.0s exceeded,427,21.16838264042747
466,2026-09-14T02:30:14.984+00:00,2026-09-14T02:35:08.277+00:00,2026-09-14T02:35:14.999+00:00,False,103,102.0,,102.0,293293.358565,300014.873573,300014.873603,2912.7657631359225,0.02625,293293.358565,28892.56759985935,89.93484409999999,65.89720596078432,20.662572450469614,0.3399831441196238,25,64,,True,False,Request timeout: 300.0s exceeded,341,21.16838264042747
467,2026-09-14T02:30:17.272+00:00,2026-09-14T02:35:10.809+00:00,2026-09-14T02:35:17.318+00:00,False,97,96.0,,96.0,293536.94079400005,300046.55308200006,300046.55304900004,3093.2634334948457,0.02484,293536.94079400005,29797.28287872573,90.55760900000001,67.80846133333333,20.63240167616417,0.31995035108356684,25,64,,True,False,Request timeout: 300.0s exceeded,438,21.16838264042747
468,2026-09-14T02:30:20.478+00:00,2026-09-14T02:35:14.247+00:00,2026-09-14T02:35:20.562+00:00,False,91,90.0,,90.0,293769.128437,300084.13976499997,300084.139592,3297.627907604395,0.046759,293769.128437,30788.023075093977,89.35392100000001,70.16679253333334,19.758423943034654,0.29991588382671686,25,64,,True,False,Request timeout: 300.0s exceeded,372,21.16838264042747
469,2026-09-14T02:30:23.260+00:00,2026-09-14T02:35:16.726+00:00,2026-09-14T02:35:23.311+00:00,False,94,93.0,,93.0,293466.59212800005,300051.58848000003,300051.58843500004,3192.038174840426,0.02271,293466.59212800005,30261.470831649258,89.23702815,70.80641238709677,19.37634667929948,0.3099467010693694,25,64,,True,False,Request timeout: 300.0s exceeded,435,21.16838264042747
470,2026-09-14T02:30:26.339+00:00,2026-09-14T02:35:20.484+00:00,2026-09-14T02:35:26.382+00:00,False,83,82.0,,82.0,294145.228169,300042.62336900004,300042.623347,3614.971365626506,0.03588,294145.228169,32278.746070403537,89.1216631,71.91945365853658,21.322270019908505,0.27329450422500245,25,64,,True,False,Request timeout: 300.0s exceeded,358,21.16838264042747
471,2026-09-14T02:30:30.295+00:00,2026-09-14T02:35:24.106+00:00,2026-09-14T02:35:30.362+00:00,False,92,91.0,,91.0,293810.6435,300066.701612,300066.701481,3261.5945813152175,0.0249,293810.6435,30624.717151693596,88.67125250000001,68.74789134065934,21.592030390017197,0.30326590558410965,25,64,,True,False,Request timeout: 300.0s exceeded,224,21.16838264042747
472,2026-09-14T02:30:33.299+00:00,2026-09-14T02:35:27.186+00:00,2026-09-14T02:35:33.334+00:00,False,92,91.0,,91.0,293886.539684,300034.35613200004,300034.355953,3261.242999489131,0.03524,293886.539684,30632.75267634488,87.7772485,67.5584225054945,19.782997470210322,0.30329859944427356,25,64,,True,False,Request timeout: 300.0s exceeded,341,21.16838264042747
473,2026-09-14T02:30:36.414+00:00,2026-09-14T02:35:29.946+00:00,2026-09-14T02:35:36.468+00:00,False,94,93.0,,93.0,293532.899046,300054.633958,300054.633883,3192.070573223404,0.06431,293532.899046,30268.3795070938,87.08050515,70.12618184946236,18.53700126426716,0.30994355518941136,25,64,,True,False,Request timeout: 300.0s exceeded,448,21.16838264042747
474,2026-09-14T02:30:40.520+00:00,2026-09-14T02:35:34.122+00:00,2026-09-14T02:35:40.555+00:00,False,96,95.0,,95.0,293601.662523,300034.23314699996,300034.23310099996,3125.3565948020832,0.02591,293601.662523,29958.689734956813,86.58226725,67.71126972631579,19.51150398138135,0.3166305358010775,25,64,,True,False,Request timeout: 300.0s exceeded,401,21.16838264042747
475,2026-09-14T02:30:43.176+00:00,2026-09-14T02:35:36.551+00:00,2026-09-14T02:35:43.220+00:00,False,100,99.0,,99.0,293374.619614,300044.43414200004,300044.434283,3000.44434283,0.03394,293374.619614,29330.731909999773,88.65296845,67.37186391919191,20.562784419496833,0.3299511296821687,25,64,,True,False,Request timeout: 300.0s exceeded,488,21.16838264042747
476,2026-09-14T02:30:47.347+00:00,2026-09-14T02:35:41.221+00:00,2026-09-14T02:35:47.355+00:00,False,89,88.0,,88.0,293873.809106,300007.725522,300007.725363,3370.8733186853933,0.01979,293873.809106,31143.179705447743,90.4444498,69.70359563636364,20.709518120155497,0.2933257796841196,25,64,,True,False,Request timeout: 300.0s exceeded,382,21.16838264042747
477,2026-09-14T02:30:50.041+00:00,2026-09-14T02:35:43.747+00:00,2026-09-14T02:35:50.052+00:00,False,92,91.0,,91.0,293706.167622,300011.05184599996,300011.05173999997,3260.989692826087,0.03579,293706.167622,30613.768162539465,90.55257800000001,69.28444202197802,20.580152808009792,0.30332215910069743,25,64,,True,False,Request timeout: 300.0s exceeded,388,21.16838264042747
478,2026-09-14T02:30:53.383+00:00,2026-09-14T02:35:46.527+00:00,2026-09-14T02:35:53.391+00:00,False,101,100.0,,100.0,293144.53332,300008.304968,300008.304739,2970.379254841584,0.04219,293144.53332,29162.14858190731,89.526612,68.63771648000001,20.32736854226149,0.3333241058465577,25,64,,True,False,Request timeout: 300.0s exceeded,478,21.16838264042747
479,2026-09-14T02:30:56.290+00:00,2026-09-14T02:35:50.262+00:00,2026-09-14T02:35:56.314+00:00,False,88,87.0,,87.0,293972.666977,300024.143457,300024.14353,3409.365267386364,0.02113,293972.666977,31330.182549156714,87.67443385,69.55720091954022,19.13722830666106,0.28997666320300314,25,64,,True,False,Request timeout: 300.0s exceeded,443,21.16838264042747
480,2026-09-14T02:30:59.919+00:00,2026-09-14T02:35:53.783+00:00,2026-09-14T02:35:59.965+00:00,False,92,91.0,,91.0,293864.506319,300046.155215,300046.155188,3261.371252043478,0.01993,293864.506319,30630.41654831744,87.87176800000002,67.93020764835165,19.419650118452484,0.3032866724614197,25,64,,True,False,Request timeout: 300.0s exceeded,480,21.16838264042747
481,2026-09-14T02:31:03.744+00:00,2026-09-14T02:35:57.536+00:00,2026-09-14T02:36:03.751+00:00,False,93,92.0,,92.0,293792.217177,300007.449945,300007.449895,3225.8865580107527,0.03553,293792.217177,30457.835203049046,89.32293800000001,67.55687791304348,20.426203573812217,0.30665905135644544,25,64,,True,False,Request timeout: 300.0s exceeded,355,21.16838264042747
482,2026-09-14T02:31:07.141+00:00,2026-09-14T02:36:01.118+00:00,2026-09-14T02:36:07.191+00:00,False,88,87.0,,87.0,293976.237434,300049.26706600003,300049.267202,3409.650763659091,0.03732,293976.237434,31330.537519865873,89.85330415,69.80493829885059,20.36909961196619,0.289952382989368,25,64,,True,False,Request timeout: 300.0s exceeded,342,21.16838264042747
483,2026-09-14T02:31:10.307+00:00,2026-09-14T02:36:04.356+00:00,2026-09-14T02:36:10.396+00:00,False,86,85.0,,85.0,294048.73571499996,300088.83683499997,300088.836922,3489.405080488372,0.02221,294048.73571499996,31700.43407625602,89.306782,71.06001317647059,19.694046058106036,0.28324945671583307,25,64,,True,False,Request timeout: 300.0s exceeded,410,21.16838264042747
484,2026-09-14T02:31:14.442+00:00,2026-09-14T02:36:08.162+00:00,2026-09-14T02:36:14.509+00:00,False,94,93.0,,93.0,293719.692275,300066.69464299997,300066.694484,3192.1988774893616,0.03502,293719.692275,30287.83980897943,87.01418899999999,68.24733729032259,18.972678372691366,0.309931097520321,25,64,,True,False,Request timeout: 300.0s exceeded,447,21.16838264042747
485,2026-09-14T02:31:17.224+00:00,2026-09-14T02:36:11.273+00:00,2026-09-14T02:36:17.232+00:00,False,86,85.0,,85.0,294048.404634,300007.81609,300007.81623,3488.4629794186044,0.03476,294048.404634,31700.500182392247,88.17751975000002,70.1107230117647,18.764893267118065,0.2833259516628749,25,64,,True,False,Request timeout: 300.0s exceeded,453,21.16838264042747
486,2026-09-14T02:31:20.682+00:00,2026-09-14T02:36:14.247+00:00,2026-09-14T02:36:20.715+00:00,False,94,93.0,,93.0,293565.50651700003,300032.81173300004,300032.811861,3191.838424053192,0.02684,293565.50651700003,30271.803434355745,88.13427099999998,69.54091630107527,19.12006575849782,0.3099660982504838,25,64,,True,False,Request timeout: 300.0s exceeded,423,21.16838264042747
487,2026-09-14T02:31:23.363+00:00,2026-09-14T02:36:16.936+00:00,2026-09-14T02:36:23.389+00:00,False,97,96.0,,96.0,293573.142254,300026.413806,300026.414018,3093.0558146185567,0.01877,293573.142254,29801.017529078516,86.99132000000002,67.22157866666667,19.677981248476613,0.3199718277540541,25,64,,True,False,Request timeout: 300.0s exceeded,438,21.16838264042747
488,2026-09-14T02:31:25.867+00:00,2026-09-14T02:36:19.755+00:00,2026-09-14T02:36:25.941+00:00,False,94,93.0,,93.0,293887.309444,300073.723268,300073.72306,3192.2736495744684,0.02607,293887.309444,30305.307211373733,88.86100465000001,66.52057875268817,20.394036142811505,0.3099238380061036,25,64,,True,False,Request timeout: 300.0s exceeded,457,21.16838264042747
489,2026-09-14T02:31:28.167+00:00,2026-09-14T02:36:22.001+00:00,2026-09-14T02:36:28.225+00:00,False,93,92.0,,92.0,293834.40661799995,300058.16034599993,300058.16055599996,3226.431833935483,0.02832,293834.40661799995,30462.20037807012,88.3252856,67.64949704347826,20.33436231296916,0.3066072253922837,25,64,,True,False,Request timeout: 300.0s exceeded,170,21.16838264042747
490,2026-09-14T02:31:31.261+00:00,2026-09-14T02:36:24.843+00:00,2026-09-14T02:36:31.288+00:00,False,91,90.0,,90.0,293582.04587300005,300027.02174500003,300027.02172600006,3297.000238747253,0.02545,293582.04587300005,30768.25968342813,89.159192,71.61084302222223,19.05885906457126,0.29997298068869643,25,64,,True,False,Request timeout: 300.0s exceeded,289,21.16838264042747
491,2026-09-14T02:31:35.153+00:00,2026-09-14T02:36:29.160+00:00,2026-09-14T02:36:35.181+00:00,False,86,85.0,,85.0,294007.799551,300028.485887,300028.4859,3488.7033244186046,0.03497,294007.799551,31696.044426517747,88.96580274999998,70.83160395294118,19.66050382736865,0.28330643254992005,25,64,,True,False,Request timeout: 300.0s exceeded,370,21.16838264042747
492,2026-09-14T02:31:38.699+00:00,2026-09-14T02:36:32.587+00:00,2026-09-14T02:36:38.708+00:00,False,90,89.0,,89.0,293887.188539,300008.414011,300008.414036,3333.426822622222,0.019530000000000002,293887.188539,30971.18689378511,89.71716945,68.77781429213483,20.962565814910576,0.29665834637803445,25,64,,True,False,Request timeout: 300.0s exceeded,315,21.16838264042747
493,2026-09-14T02:31:42.092+00:00,2026-09-14T02:36:35.734+00:00,2026-09-14T02:36:42.101+00:00,False,95,94.0,,94.0,293641.820082,300008.531378,300008.53126,3157.984539578947,0.02955,293641.820082,30120.07300288509,89.6063397,67.73097123404256,20.62531253452749,0.31332442303636815,25,64,,True,False,Request timeout: 300.0s exceeded,428,21.16838264042747
494,2026-09-14T02:31:44.692+00:00,2026-09-14T02:36:38.352+00:00,2026-09-14T02:36:44.751+00:00,False,94,93.0,,93.0,293660.083165,300059.281373,300059.281483,3192.120015776596,0.02502,293660.083165,30281.634916032122,91.0094185,68.80858288172043,20.825525150995528,0.3099387546835881,25,64,,True,False,Request timeout: 300.0s exceeded,318,21.16838264042747
495,2026-09-14T02:31:47.250+00:00,2026-09-14T02:36:41.215+00:00,2026-09-14T02:36:47.305+00:00,False,89,88.0,,88.0,293964.792475,300055.088539,300055.08859600005,3371.405489842697,0.037270000000000005,293964.792475,31152.876882126715,90.4465334,69.20790981818182,21.337002539419704,0.29327947887330064,25,64,,True,False,Request timeout: 300.0s exceeded,459,21.16838264042747
496,2026-09-14T02:31:50.422+00:00,2026-09-14T02:36:44.055+00:00,2026-09-14T02:36:50.449+00:00,False,94,93.0,,93.0,293633.692677,300027.166981,300027.16694900003,3191.7783717978723,0.02283,293633.692677,30278.919251740077,90.605708,68.74703552688173,20.763390066286792,0.309971929994891,25,64,,True,False,Request timeout: 300.0s exceeded,416,21.16838264042747
497,2026-09-14T02:31:52.740+00:00,2026-09-14T02:36:46.775+00:00,2026-09-14T02:36:52.826+00:00,False,90,89.0,,89.0,294034.460945,300085.534993,300085.534828,3334.283720311111,0.01824,294034.460945,30986.793522860462,88.67401044999998,67.98959604494382,20.466685567409478,0.2965821061720822,25,64,,True,False,Request timeout: 300.0s exceeded,329,21.16838264042747
498,2026-09-14T02:31:55.168+00:00,2026-09-14T02:36:48.890+00:00,2026-09-14T02:36:55.267+00:00,False,93,92.0,,92.0,293721.619897,300098.966969,300098.966832,3226.8706110967746,0.03818,293721.619897,30450.331421781008,88.74271420000001,69.31898991304348,19.715139996861833,0.30656553379440166,25,64,,True,False,Request timeout: 300.0s exceeded,179,21.16838264042747
499,2026-09-14T02:31:57.587+00:00,2026-09-14T02:36:51.603+00:00,2026-09-14T02:36:57.648+00:00,False,86,85.0,,85.0,294016.050139,300060.596699,300060.596786,3489.0767068139535,0.0216,294016.050139,31696.903897221124,88.62073249999999,71.11231247058824,19.75286280143311,0.2832761146751505,25,64,,True,False,Request timeout: 300.0s exceeded,164,21.16838264042747
500,2026-09-14T02:32:00.823+00:00,2026-09-14T02:36:54.670+00:00,2026-09-14T02:37:00.847+00:00,False,88,87.0,,87.0,293846.9704,300024.003616,300024.003577,3409.3636770113635,0.03781,293846.9704,31316.629531131854,88.61448035,71.00038179310344,19.33985856694213,0.2899767983609441,25,64,,True,False,Request timeout: 300.0s exceeded,340,21.16838264042747
501,2026-09-14T02:32:05.586+00:00,2026-09-14T02:36:57.820+00:00,2026-09-14T02:37:05.727+00:00,False,120,119.0,,119.0,292233.834288,300140.697904,300140.69785500003,2501.172482125,0.03914,292233.834288,26671.11913518226,87.90233045000001,66.44423206722689,20.021382861543618,0.39648071997907514,25,64,,True,False,Request timeout: 300.0s exceeded,545,21.16838264042747
502,2026-09-14T02:32:07.648+00:00,2026-09-14T02:37:01.531+00:00,2026-09-14T02:37:07.679+00:00,False,101,100.0,,100.0,293883.38025,300031.28297,300031.283068,2970.606763049505,0.0,293883.38025,29236.385843310734,88.39805400000002,61.479027200000004,28.695942816150193,0.333298578101934,25,64,,True,False,Request timeout: 300.0s exceeded,414,21.16838264042747
503,2026-09-14T02:32:11.893+00:00,2026-09-14T02:37:06.941+00:00,2026-09-14T02:37:11.929+00:00,False,75,74.0,,74.0,295047.895888,300036.640336,300036.640131,4000.4885350800005,0.0,295047.895888,34061.42581558159,90.5191337,67.41546551351352,30.937011981480527,0.24663654384721187,25,64,,True,False,Request timeout: 300.0s exceeded,248,21.16838264042747
504,2026-09-14T02:32:15.179+00:00,2026-09-14T02:37:08.880+00:00,2026-09-14T02:37:15.199+00:00,False,94,93.0,,93.0,293701.205912,300019.89212,300019.891998,3191.7009787021275,0.02071,293701.205912,30285.965664444997,89.106622,67.94286245161291,20.78053697088182,0.3099794461721974,25,64,,True,False,Request timeout: 300.0s exceeded,452,21.16838264042747
505,2026-09-14T02:32:19.024+00:00,2026-09-14T02:37:13.003+00:00,2026-09-14T02:37:19.107+00:00,False,96,95.0,,95.0,293979.142768,300083.702896,300083.702937,3125.8719055937504,0.02377,293979.142768,29997.569089685054,88.90548449999999,64.25852766315789,20.352290339174306,0.3165783382542575,25,64,,True,False,Request timeout: 300.0s exceeded,582,21.16838264042747
506,2026-09-14T02:32:23.035+00:00,2026-09-14T02:37:16.645+00:00,2026-09-14T02:37:23.121+00:00,False,99,98.0,,98.0,293610.300981,300086.711093,300086.710916,3031.1788981414143,0.025,293610.300981,29502.310911464647,89.3292549,66.08581746938775,20.778184780676522,0.3265722752035786,25,64,,True,False,Request timeout: 300.0s exceeded,513,21.16838264042747
507,2026-09-14T02:32:25.505+00:00,2026-09-14T02:37:19.318+00:00,2026-09-14T02:37:25.526+00:00,False,93,92.0,,92.0,293813.611684,300020.929188,300020.929037,3226.0314950215056,0.03696,293813.611684,30460.06243519933,87.62697100000001,67.47084243478261,20.128610111363134,0.3066452738780457,25,64,,True,False,Request timeout: 300.0s exceeded,438,21.16838264042747
508,2026-09-14T02:32:29.263+00:00,2026-09-14T02:37:22.481+00:00,2026-09-14T02:37:29.291+00:00,False,101,100.0,,100.0,293218.291705,300028.113913,300028.113838,2970.5753845346535,0.02059,293218.291705,29169.54140529056,87.247526,68.09822208,20.196507237806955,0.33330209857932613,25,64,,True,False,Request timeout: 300.0s exceeded,435,21.16838264042747
509,2026-09-14T02:32:32.905+00:00,2026-09-14T02:37:26.652+00:00,2026-09-14T02:37:32.955+00:00,False,91,90.0,,90.0,293746.788552,300049.251784,300049.25182400004,3297.244525538462,0.022949999999999998,293746.788552,30785.695451900643,88.109624,70.02736924444444,19.14595457970018,0.2999507563004668,25,64,,True,False,Request timeout: 300.0s exceeded,357,21.16838264042747
510,2026-09-14T02:32:36.516+00:00,2026-09-14T02:37:30.582+00:00,2026-09-14T02:37:36.569+00:00,False,88,87.0,,87.0,294066.254718,300053.614206,300053.614289,3409.700162375,0.02085,294066.254718,31340.237593264796,87.12869920000001,68.820224,19.132667758028536,0.28994818219476826,25,64,,True,False,Request timeout: 300.0s exceeded,384,21.16838264042747
511,2026-09-14T02:32:40.620+00:00,2026-09-14T02:37:34.344+00:00,2026-09-14T02:37:40.630+00:00,False,95,94.0,,94.0,293724.02343199996,300010.55578399997,300010.55585999996,3158.005851157894,0.03506,293724.02343199996,30128.59390281448,88.11516970000001,66.87800374468085,19.879129961589754,0.31332230879128675,25,64,,True,False,Request timeout: 300.0s exceeded,438,21.16838264042747
512,2026-09-14T02:32:44.667+00:00,2026-09-14T02:37:38.522+00:00,2026-09-14T02:37:44.729+00:00,False,89,88.0,,88.0,293854.49863,300061.968966,300061.969009,3371.4827978539324,0.02053,293854.49863,31141.04333540451,88.2145924,70.53943563636363,19.34910270107466,0.29327275396893526,25,64,,True,False,Request timeout: 300.0s exceeded,447,21.16838264042747
513,2026-09-14T02:32:48.861+00:00,2026-09-14T02:37:42.738+00:00,2026-09-14T02:37:48.896+00:00,False,90,89.0,,89.0,293876.731531,300035.059595,300035.059593,3333.7228843666667,0.03599,293876.731531,30970.039195302885,87.32458695,69.19469734831462,18.6034665481288,0.29663200067397444,25,64,,True,False,Request timeout: 300.0s exceeded,331,21.16838264042747
514,2026-09-14T02:32:52.581+00:00,2026-09-14T02:37:45.909+00:00,2026-09-14T02:37:52.616+00:00,False,101,100.0,,100.0,293328.931915,300035.604299,300035.60422000004,2970.6495467326736,0.038990000000000004,293328.931915,29180.652724742726,89.01195200000001,67.06672384000001,19.56160249496277,0.33329377769561364,25,64,,True,False,Request timeout: 300.0s exceeded,474,21.16838264042747
515,2026-09-14T02:32:56.173+00:00,2026-09-14T02:37:49.580+00:00,2026-09-14T02:37:56.180+00:00,False,94,93.0,,93.0,293407.039018,300007.40305,300007.402947,3191.568116457447,0.02273,293407.039018,30255.311361231696,89.25463665,70.97165625806453,19.38606857551594,0.30999235037043527,25,64,,True,False,Request timeout: 300.0s exceeded,328,21.16838264042747
516,2026-09-14T02:32:58.712+00:00,2026-09-14T02:37:52.216+00:00,2026-09-14T02:37:58.789+00:00,False,94,93.0,,93.0,293503.75425199996,300076.29031599994,300076.29045999993,3192.300962340425,0.02459,293503.75425199996,30265.31805243371,89.51879349999999,70.67243079569893,20.03189945664367,0.30992118671576796,25,64,,True,False,Request timeout: 300.0s exceeded,342,21.16838264042747
517,2026-09-14T02:33:02.017+00:00,2026-09-14T02:37:55.834+00:00,2026-09-14T02:38:02.038+00:00,False,90,89.0,,89.0,293817.174269,300021.283069,300021.28313500003,3333.569812611111,0.0425,293817.174269,30963.70835469558,90.4380645,69.70908764044944,20.625470143661005,0.2966456215692253,25,64,,True,False,Request timeout: 300.0s exceeded,158,21.16838264042747
518,2026-09-14T02:33:05.280+00:00,2026-09-14T02:37:59.149+00:00,2026-09-14T02:38:05.295+00:00,False,89,88.0,,88.0,293869.057018,300014.732282,300014.732196,3370.9520471460673,0.05113,293869.057018,31142.661540348734,91.01028000000001,69.83721890909091,20.2779554541864,0.2933189291427331,25,64,,True,False,Request timeout: 300.0s exceeded,263,21.16838264042747
519,2026-09-14T02:33:08.853+00:00,2026-09-14T02:38:02.546+00:00,2026-09-14T02:38:08.887+00:00,False,92,91.0,,91.0,293692.715959,300033.579959,300033.579973,3261.234564923913,0.0216,293692.715959,30612.32406559816,89.708973,69.67982417582418,19.90295169594458,0.30329938406372803,25,64,,True,False,Request timeout: 300.0s exceeded,363,21.16838264042747
520,2026-09-14T02:33:12.097+00:00,2026-09-14T02:38:05.646+00:00,2026-09-14T02:38:12.730+00:00,False,60,59.0,,59.0,293549.35876800003,300633.52824,300633.528356,5010.558805933334,0.046939999999999996,293549.35876800003,37883.53647615133,89.7629185,120.07066901694915,390.4718464884887,0.19625222890275718,25,64,,True,False,Request timeout: 300.0s exceeded,270,21.16838264042747
521,2026-09-14T02:33:15.918+00:00,2026-09-14T02:38:09.321+00:00,2026-09-14T02:38:15.957+00:00,False,110,109.0,,109.0,293403.133423,300038.467823,300038.467899,2727.6224354454544,0.016370000000000003,293403.133423,27970.508543968866,88.02031234999998,60.874627522935775,283.30040389166135,0.363286750498612,25,64,,True,False,Request timeout: 300.0s exceeded,524,21.16838264042747
522,2026-09-14T02:33:18.612+00:00,2026-09-14T02:38:14.044+00:00,2026-09-14T02:38:18.650+00:00,False,71,70.0,,70.0,295431.314172,300038.010364,300038.01038,4225.887470140845,0.03587,295431.314172,35053.441913311515,85.73114450000001,65.8099456,20.002432732514347,0.23330377346216044,25,64,,True,False,Request timeout: 300.0s exceeded,380,21.16838264042747
523,2026-09-14T02:33:22.785+00:00,2026-09-14T02:38:16.304+00:00,2026-09-14T02:38:22.847+00:00,False,97,96.0,,96.0,293518.64216600003,300062.08562200004,300062.085566,3093.423562536083,0.0285,293518.64216600003,29795.388310464135,87.322646,68.16086933333332,19.36323758101396,0.3199337890390289,25,64,,True,False,Request timeout: 300.0s exceeded,482,21.16838264042747
524,2026-09-14T02:33:26.282+00:00,2026-09-14T02:38:20.430+00:00,2026-09-14T02:38:26.297+00:00,False,88,87.0,,87.0,294147.83005800005,300015.05719400005,300015.05731400003,3409.2620149318186,0.03615,294147.83005800005,31349.081786733037,88.95837234999999,67.4393923678161,20.781409016427357,0.2899854454429692,25,64,,True,False,Request timeout: 300.0s exceeded,487,21.16838264042747
525,2026-09-14T02:33:29.068+00:00,2026-09-14T02:38:23.141+00:00,2026-09-14T02:38:29.130+00:00,False,91,90.0,,90.0,294073.539713,300062.501505,300062.50153300003,3297.390126736264,0.03865,294073.539713,30820.313862427163,87.9571145,66.5440199111111,19.840121366230935,0.29993751151374815,25,64,,True,False,Request timeout: 300.0s exceeded,433,21.16838264042747
526,2026-09-14T02:33:32.709+00:00,2026-09-14T02:38:26.296+00:00,2026-09-14T02:38:32.738+00:00,False,99,98.0,,98.0,293587.040438,300028.982198,300028.982231,3030.5957801111113,0.02097,293587.040438,29500.008384509474,88.53042109999998,65.73409959183674,20.628866500550586,0.3266351113217664,25,64,,True,False,Request timeout: 300.0s exceeded,449,21.16838264042747
527,2026-09-14T02:33:36.128+00:00,2026-09-14T02:38:29.597+00:00,2026-09-14T02:38:36.141+00:00,False,97,96.0,,96.0,293469.10276499996,300013.64471699996,300013.644681,3092.9241719690717,0.018179999999999998,293469.10276499996,29790.35801911893,90.67668099999999,68.172312,20.61842497850341,0.3199854462971372,25,64,,True,False,Request timeout: 300.0s exceeded,456,21.16838264042747
528,2026-09-14T02:33:40.054+00:00,2026-09-14T02:38:34.076+00:00,2026-09-14T02:38:40.075+00:00,False,87,86.0,,86.0,294021.096508,300020.404284,300020.404306,3448.510394321839,0.053869999999999994,294021.096508,31514.897096256467,87.188774,69.75939274418604,19.20046842525622,0.2866471705657466,25,64,,True,False,Request timeout: 300.0s exceeded,169,21.16838264042747
529,2026-09-14T02:33:42.577+00:00,2026-09-14T02:38:36.220+00:00,2026-09-14T02:38:42.593+00:00,False,95,94.0,,94.0,293643.250815,300015.505023,300015.505005,3158.057947421052,0.02582,293643.250815,30120.213691686804,87.7998604,67.78993838297872,20.549513226731737,0.31331714003512484,25,64,,True,False,Request timeout: 300.0s exceeded,492,21.16838264042747
530,2026-09-14T02:33:45.783+00:00,2026-09-14T02:38:39.642+00:00,2026-09-14T02:38:45.807+00:00,False,95,94.0,,94.0,293858.905608,300024.640776,300024.640745,3158.154113105263,0.03843,293858.905608,30142.564466227854,86.6889417,65.59292731914894,20.033273367534168,0.3133075995254033,25,64,,True,False,Request timeout: 300.0s exceeded,394,21.16838264042747
531,2026-09-14T02:33:48.216+00:00,2026-09-14T02:38:41.823+00:00,2026-09-14T02:38:48.259+00:00,False,101,100.0,,100.0,293606.643599,300042.817935,300042.817935,2970.7209696534655,0.03674,293606.643599,29208.55578709362,86.567377,64.36174336,20.399779462621517,0.3332857646393108,25,64,,True,False,Request timeout: 300.0s exceeded,484,21.16838264042747
532,2026-09-14T02:33:51.785+00:00,2026-09-14T02:38:45.463+00:00,2026-09-14T02:38:51.811+00:00,False,97,96.0,,96.0,293678.62301599997,300026.04548,300026.045489,3093.052015350515,0.0256,293678.62301599997,29811.83930057564,87.8398408,66.118984,19.483146285740577,0.31997222056642893,25,64,,True,False,Request timeout: 300.0s exceeded,385,21.16838264042747
533,2026-09-14T02:33:55.050+00:00,2026-09-14T02:38:48.941+00:00,2026-09-14T02:38:55.059+00:00,False,91,90.0,,90.0,293890.433288,300008.226312,300008.226106,3296.7936934725276,0.02026,293890.433288,30800.969167833773,88.3821535,67.97547804444444,20.039485271962818,0.2999917739135678,25,64,,True,False,Request timeout: 300.0s exceeded,206,21.16838264042747
534,2026-09-14T02:33:59.222+00:00,2026-09-14T02:38:52.968+00:00,2026-09-14T02:38:59.302+00:00,False,95,94.0,,94.0,293746.03346,300079.505716,300079.505733,3158.731639294737,0.02109,293746.03346,30130.800686486138,87.55620230000001,67.37736442553191,19.62654885112662,0.3132503160311224,25,64,,True,False,Request timeout: 300.0s exceeded,458,21.16838264042747
535,2026-09-14T02:34:02.386+00:00,2026-09-14T02:38:56.174+00:00,2026-09-14T02:39:02.435+00:00,False,93,92.0,,92.0,293788.4938,300049.953512,300049.95359499997,3226.3435870430108,0.036950000000000004,293788.4938,30457.396556449134,87.4512254,68.05934469565217,19.74094275004261,0.3066156115778922,25,64,,True,False,Request timeout: 300.0s exceeded,278,21.16838264042747
536,2026-09-14T02:34:06.606+00:00,2026-09-14T02:39:00.058+00:00,2026-09-14T02:39:06.656+00:00,False,99,98.0,,98.0,293451.848309,300050.299765,300050.299813,3030.8111092222225,0.04033,293451.848309,29486.260323224313,90.39770990000001,67.33113730612246,20.28507420995259,0.3266119049931088,25,64,,True,False,Request timeout: 300.0s exceeded,449,21.16838264042747
537,2026-09-14T02:34:09.051+00:00,2026-09-14T02:39:02.433+00:00,2026-09-14T02:39:08.980+00:00,True,100,100.0,,100.0,293381.874115,299928.681411,299928.681508,2999.28681508,40.089794999999995,293381.874115,29331.580998452086,88.73759894999999,66.12936662626262,19.66233025605019,0.33341259505278,25,64,,True,True,,460,21.16838264042747
538,2026-09-14T02:34:11.591+00:00,2026-09-14T02:39:05.250+00:00,2026-09-14T02:39:11.604+00:00,False,97,96.0,,96.0,293659.770328,300013.779928,300013.779898,3092.925565958763,0.05299,293659.770328,29809.918906750387,88.77516080000001,66.1876,20.643853893840355,0.319985302085254,25,64,,True,False,Request timeout: 300.0s exceeded,415,21.16838264042747
539,2026-09-14T02:34:15.410+00:00,2026-09-14T02:39:08.897+00:00,2026-09-14T02:39:15.447+00:00,False,99,98.0,,98.0,293486.783412,300037.217204,300037.217228,3030.6789618989897,0.02562,293486.783412,29489.820318768892,86.90288609999999,66.84116114285715,19.75215993611703,0.32662614629360553,25,64,,True,False,Request timeout: 300.0s exceeded,469,21.16838264042747
540,2026-09-14T02:34:18.684+00:00,2026-09-14T02:39:12.288+00:00,2026-09-14T02:39:18.698+00:00,False,95,94.0,,94.0,293603.524554,300013.914826,300013.914695,3158.0412073157895,0.023349,293603.524554,30116.095760569642,88.0354964,68.19564119148937,19.82641590635017,0.31331880074468366,25,64,,True,False,Request timeout: 300.0s exceeded,465,21.16838264042747
541,2026-09-14T02:34:21.206+00:00,2026-09-14T02:39:14.826+00:00,2026-09-14T02:39:21.247+00:00,False,94,93.0,,93.0,293620.210858,300040.927658,300040.927737,3191.924763159574,0.039369999999999995,293620.210858,30277.49771132513,87.53443765,69.03996559139784,19.57401948595885,0.30995771385564286,25,64,,True,False,Request timeout: 300.0s exceeded,291,21.16838264042747
542,2026-09-14T02:34:23.574+00:00,2026-09-14T02:39:17.071+00:00,2026-09-14T02:39:23.617+00:00,False,96,95.0,,95.0,293496.676099,300042.17779499997,300042.177775,3125.4393518229163,0.039630000000000006,293496.676099,29947.85308413218,89.013862,68.90001785263158,19.206729211398887,0.31662215191927967,25,64,,True,False,Request timeout: 300.0s exceeded,186,21.16838264042747
543,2026-09-14T02:34:26.644+00:00,2026-09-14T02:39:20.548+00:00,2026-09-14T02:39:26.671+00:00,False,90,89.0,,89.0,293903.531128,300026.45004,300026.449927,3333.6272214111113,0.02014,293903.531128,30972.906775011455,87.87260850000001,68.79684170786517,19.77371347536299,0.29664051282190074,25,64,,True,False,Request timeout: 300.0s exceeded,305,21.16838264042747
544,2026-09-14T02:34:30.882+00:00,2026-09-14T02:39:24.768+00:00,2026-09-14T02:39:30.950+00:00,False,93,92.0,,92.0,293886.548703,300068.016607,300068.016697,3226.537813946237,0.02123,293886.548703,30467.654984392615,88.22711340000002,67.18986852173913,20.430750811201417,0.3065971543394866,25,64,,True,False,Request timeout: 300.0s exceeded,355,21.16838264042747
545,2026-09-14T02:34:34.776+00:00,2026-09-14T02:39:28.213+00:00,2026-09-14T02:39:34.812+00:00,False,104,103.0,,103.0,293437.500289,300035.880321,300035.880153,2884.960386086538,0.04219,293437.500289,28767.639665679155,89.47313815,64.06194205825243,20.488411057744102,0.3432922752098955,25,64,,True,False,Request timeout: 300.0s exceeded,426,21.16838264042747
546,2026-09-14T02:34:38.811+00:00,2026-09-14T02:39:32.153+00:00,2026-09-14T02:39:38.897+00:00,False,142,141.0,,141.0,293341.782149,300085.599877,300085.599817,2113.278871950704,0.01783,293341.782149,24612.694636504064,86.02154505,47.828494524822695,25.186732161809605,0.46986593178011044,25,64,,True,False,Request timeout: 300.0s exceeded,713,21.16838264042747
0,2026-09-14T02:04:40.912+00:00,2026-09-14T02:04:41.142+00:00,2026-09-14T02:04:56.516+00:00,True,276,276.0,,276.0,230.882904,15604.854104,15604.853975,56.53932599637681,0.02563,230.882904,23.36384360569046,95.44949150000001,55.90534981818182,20.893168192444445,17.68680425722486,26,64,,False,True,,1124,21.16838264042747
1,2026-09-14T02:04:45.628+00:00,2026-09-14T02:04:45.786+00:00,2026-09-14T02:05:02.361+00:00,True,260,260.0,,260.0,158.334086,16733.206405999998,16733.206217,64.35848545,40.042265,158.334086,22.120976351434113,95.82406355,63.995646023166024,21.374569593512426,15.537966465696153,26,64,,False,True,,943,21.16838264042747
2,2026-09-14T02:04:48.929+00:00,2026-09-14T02:04:53.168+00:00,2026-09-14T02:05:11.893+00:00,True,283,283.0,,283.0,4239.068536000001,22963.775352000004,22963.775266,81.14408221201414,39.803577,4239.068536000001,249.0054442114892,95.54846110000003,66.39966956028368,21.95147316690101,12.32375755563,26,64,,False,True,,1410,21.16838264042747
3,2026-09-14T02:04:53.759+00:00,2026-09-14T02:05:00.244+00:00,2026-09-14T02:05:16.507+00:00,True,249,249.0,,249.0,6484.957695,22748.281343,22748.281131,91.35855875903614,20.069828,6484.957695,407.3985402231533,95.34744280000001,65.57791793548387,21.903776285809762,10.945881855669118,26,64,,False,True,,721,21.16838264042747
4,2026-09-14T02:04:57.915+00:00,2026-09-14T02:05:09.103+00:00,2026-09-14T02:05:27.473+00:00,True,275,275.0,,275.0,11187.774883,29558.006947,29558.00699,107.48366178181818,23.258892,11187.774883,670.9974724004028,96.61276330000001,67.04464256934307,22.980718056854005,9.303739609138674,26,64,,False,True,,1531,21.16838264042747
5,2026-09-14T02:05:02.917+00:00,2026-09-14T02:05:16.456+00:00,2026-09-14T02:05:26.067+00:00,True,147,147.0,,147.0,13539.489068,23150.851628,23150.851635,157.48878663265307,40.037684,13539.489068,1111.50896245665,94.70609200000001,65.8312504109589,22.209761020213616,6.349658421300129,26,64,,False,True,,706,21.16838264042747
6,2026-09-14T02:05:06.207+00:00,2026-09-14T02:05:23.135+00:00,2026-09-14T02:05:30.928+00:00,True,116,116.0,,116.0,16927.727296,24721.005504,24721.005563000002,213.1121169224138,41.078863,16927.727296,1565.5624255825387,94.86222674999999,67.76763659130435,22.08811252264955,4.692365768909785,26,64,,False,True,,379,21.16838264042747
7,2026-09-14T02:05:11.139+00:00,2026-09-14T02:05:30.922+00:00,2026-09-14T02:05:42.147+00:00,True,176,176.0,,176.0,19782.989460999997,31007.975828999995,31007.975726999997,176.18168026704544,0.01815,19782.989460999997,1486.623204205747,96.9282315,64.14277924571428,27.839849189381898,5.67595901682164,26,64,,False,True,,741,21.16838264042747
8,2026-09-14T02:05:15.291+00:00,2026-09-14T02:05:38.985+00:00,2026-09-14T02:05:51.863+00:00,True,199,199.0,,199.0,23694.400918000003,36572.30555800001,36572.305641000006,183.78043035678394,37.697831,23694.400918000003,1675.184801264471,96.274116,65.03992242424242,22.005626404848293,5.44127576765446,26,64,,False,True,,884,21.16838264042747
9,2026-09-14T02:05:19.884+00:00,2026-09-14T02:05:46.243+00:00,2026-09-14T02:06:02.228+00:00,True,245,245.0,,245.0,26358.814304000003,42343.474784000005,42343.47464,172.8305087346939,39.232077,26358.814304000003,1679.9608138042909,96.65918819999999,65.51090360655738,21.98550878496151,5.786015466368296,26,64,,False,True,,338,21.16838264042747
10,2026-09-14T02:05:24.010+00:00,2026-09-14T02:05:54.651+00:00,2026-09-14T02:06:05.957+00:00,True,170,170.0,,170.0,30641.052713,41947.241001,41947.241035,246.7484766764706,38.540159,30641.052713,2345.0324715301963,94.8055114,66.90052241420119,21.941340481781427,4.052709926642072,26,64,,False,True,,861,21.16838264042747
11,2026-09-14T02:05:27.257+00:00,2026-09-14T02:06:00.268+00:00,2026-09-14T02:06:13.425+00:00,True,196,196.0,,196.0,33010.969076,46167.745524,46167.745423,235.54972154591837,39.260817,33010.969076,2353.2072370298533,94.75725525,67.47064845128206,21.772324986556285,4.245388155202655,26,64,,False,True,,895,21.16838264042747
12,2026-09-14T02:05:31.601+00:00,2026-09-14T02:06:07.062+00:00,2026-09-14T02:06:18.877+00:00,True,179,179.0,,179.0,35460.739345,47276.071441,47276.071209,264.1121296592179,34.038618,35460.739345,2645.585605718992,94.47703800000001,66.3782702022472,21.49717014885037,3.7862706131026553,26,64,,False,True,,831,21.16838264042747
13,2026-09-14T02:05:36.611+00:00,2026-09-14T02:06:16.276+00:00,2026-09-14T02:06:30.296+00:00,True,212,212.0,,212.0,39665.104317000005,53685.488573,53685.488474000005,253.23343619811322,4.276891,39665.104317000005,2719.7420487215195,94.33294855,66.44731874881516,22.80044342712882,3.948925596750944,26,64,,False,True,,876,21.16838264042747
14,2026-09-14T02:05:41.118+00:00,2026-09-14T02:06:23.772+00:00,2026-09-14T02:06:42.641+00:00,True,286,286.0,,286.0,42654.823498000005,61523.74714600001,61523.74692800001,215.11799625174828,0.016888999999999998,42654.823498000005,2518.516868065179,94.33489100000001,66.20674964210527,31.72856773377231,4.648611524283504,26,64,,False,True,,979,21.16838264042747
15,2026-09-14T02:05:44.293+00:00,2026-09-14T02:06:29.441+00:00,2026-09-14T02:06:40.716+00:00,True,170,170.0,,170.0,45148.390004,56423.639668,56423.639865,331.9037639117647,0.016309999999999998,45148.390004,3457.7682681152046,95.40063989999999,66.71745363313609,33.55151896222446,3.0129215520354578,26,64,,False,True,,831,21.16838264042747
16,2026-09-14T02:05:48.500+00:00,2026-09-14T02:06:36.864+00:00,2026-09-14T02:06:50.219+00:00,True,201,201.0,,201.0,48364.022938,61718.16489,61718.164852,307.0555465273632,10.220908,48364.022938,3406.699173307737,94.75317999999999,66.77070976,22.458919737899418,3.2567397355096572,26,64,,False,True,,808,21.16838264042747
17,2026-09-14T02:05:51.578+00:00,2026-09-14T02:06:42.502+00:00,2026-09-14T02:06:52.951+00:00,True,159,159.0,,159.0,50923.657125,61372.395940999995,61372.396039,385.98991219496855,8.942131,50923.657125,4033.3306821226206,94.62829800000002,66.13125832911392,23.239613017684125,2.590741286242984,26,64,,False,True,,709,21.16838264042747
18,2026-09-14T02:05:56.669+00:00,2026-09-14T02:06:50.839+00:00,2026-09-14T02:07:01.786+00:00,True,164,164.0,,164.0,54169.853415,65116.856295,65116.856357,397.0540021768293,41.738032,54169.853415,4224.763604896556,94.3660845,67.15952687116565,21.22472376755739,2.518549102816451,26,64,,False,True,,749,21.16838264042747
19,2026-09-14T02:06:00.030+00:00,2026-09-14T02:06:56.667+00:00,2026-09-14T02:07:15.261+00:00,True,276,276.0,,276.0,56637.206805,75231.047701,75231.047597,272.5762594094203,0.0,56637.206805,3405.184511460705,95.97277025000001,67.61396689454546,25.50424335014777,3.6686980765832304,26,64,,False,True,,1187,21.16838264042747
20,2026-09-14T02:06:03.038+00:00,2026-09-14T02:07:02.421+00:00,2026-09-14T02:07:14.727+00:00,True,186,186.0,,186.0,59383.080258,71688.78189,71688.781953,385.42355888709676,0.0,59383.080258,4349.384149876579,95.61712299999999,66.51730611891892,26.89974035307248,2.594548199820166,26,64,,False,True,,867,21.16838264042747
21,2026-09-14T02:06:06.336+00:00,2026-09-14T02:07:07.996+00:00,2026-09-14T02:07:16.949+00:00,True,133,133.0,,133.0,61660.740429,70613.039949,70613.039842,530.925111593985,0.0,61660.740429,5340.85213354988,96.21445739999999,67.82045090909091,27.17997346938593,1.883504804439219,26,64,,False,True,,547,21.16838264042747
22,2026-09-14T02:06:11.501+00:00,2026-09-14T02:07:17.128+00:00,2026-09-14T02:07:32.106+00:00,True,228,228.0,,228.0,65626.306459,80604.486299,80604.486273,353.52844856578946,0.016579999999999998,65626.306459,4342.005032158908,95.12494600000002,65.98317110132159,38.114842166765754,2.828626674131271,26,64,,False,True,,1075,21.16838264042747
23,2026-09-14T02:06:14.800+00:00,2026-09-14T02:07:22.824+00:00,2026-09-14T02:07:40.643+00:00,True,273,273.0,,273.0,68024.55361300001,85843.79687700002,85843.79675000001,314.446141941392,0.01794,68024.55361300001,4113.231391577908,93.8215,65.51192376470588,36.69452627987693,3.180194841464945,26,64,,False,True,,1083,21.16838264042747
24,2026-09-14T02:06:17.842+00:00,2026-09-14T02:07:29.413+00:00,2026-09-14T02:07:46.453+00:00,True,260,260.0,,260.0,71571.672784,88611.66152,88611.661727,340.8140835653846,2.581975,71571.672784,4434.668248200157,93.47110505,65.7914623011583,23.446429763939282,2.9341510534854036,26,64,,False,True,,1053,21.16838264042747
25,2026-09-14T02:06:21.520+00:00,2026-09-14T02:07:35.224+00:00,2026-09-14T02:07:44.079+00:00,True,139,139.0,,139.0,73703.48987199999,82558.89159999999,82558.89146999999,593.9488594964029,38.355499,73703.48987199999,6246.039655662494,92.7487297,64.16957773913043,20.692973684793536,1.6836466346163983,26,64,,False,True,,571,21.16838264042747
26,2026-09-14T02:06:26.684+00:00,2026-09-14T02:07:43.908+00:00,2026-09-14T02:07:51.241+00:00,True,115,115.0,,115.0,77224.55791,84557.053014,84557.052974,735.2787215130435,40.903642999999995,77224.55791,7195.260001815139,93.41904930000001,64.32013249122808,21.12136303166844,1.3600284766423871,26,64,,False,True,,543,21.16838264042747
27,2026-09-14T02:06:30.349+00:00,2026-09-14T02:07:49.887+00:00,2026-09-14T02:08:05.354+00:00,True,237,237.0,,237.0,79538.199644,95005.39989999999,95005.39979699999,400.86666581012656,0.0,79538.199644,5162.361560866999,95.333862,65.53898413559322,24.41970138216826,2.4945950466969196,26,64,,False,True,,1076,21.16838264042747
28,2026-09-14T02:06:35.608+00:00,2026-09-14T02:07:58.991+00:00,2026-09-14T02:08:10.354+00:00,True,175,175.0,,175.0,83382.63659000001,94746.33143800001,94746.331527,541.4076087257143,40.564035000000004,83382.63659000001,6298.236023140996,96.29332640000001,65.30859108045978,21.949978693599682,1.8470372134093265,26,64,,False,True,,906,21.16838264042747
29,2026-09-14T02:06:39.552+00:00,2026-09-14T02:08:06.335+00:00,2026-09-14T02:08:18.845+00:00,True,189,189.0,,189.0,86783.219289,99293.336409,99293.33646,525.3615685714286,0.0,86783.219289,6307.770185243887,97.28737559999999,66.54317617021277,27.619981733163485,1.9034509951552898,26,64,,False,True,,835,21.16838264042747
30,2026-09-14T02:06:44.018+00:00,2026-09-14T02:08:13.921+00:00,2026-09-14T02:08:30.264+00:00,True,247,247.0,,247.0,89903.800961,106246.402433,106246.402296,430.1473777165992,0.0,89903.800961,5716.409361407265,95.3129963,66.43333931707318,47.2571507351449,2.3247845982903805,26,64,,False,True,,1054,21.16838264042747
31,2026-09-14T02:06:48.770+00:00,2026-09-14T02:08:22.957+00:00,2026-09-14T02:08:31.942+00:00,True,137,137.0,,137.0,94187.024614,103172.24599,103172.246015,753.0820877007299,41.865801,94187.024614,8041.325472727324,94.896875,66.06780423529412,21.84453376420451,1.327876491254041,26,64,,False,True,,751,21.16838264042747
32,2026-09-14T02:06:52.439+00:00,2026-09-14T02:08:29.697+00:00,2026-09-14T02:08:39.203+00:00,True,141,141.0,,141.0,97257.530692,106764.012356,106764.012482,757.1915778865248,0.0,97257.530692,8184.883127970626,95.221109,67.90344045714286,25.680188094622785,1.3206697358829262,26,64,,False,True,,679,21.16838264042747
33,2026-09-14T02:06:55.665+00:00,2026-09-14T02:08:35.192+00:00,2026-09-14T02:08:48.852+00:00,True,207,207.0,,207.0,99526.91723,113186.98916600001,113186.98932200001,546.7970498647343,0.0,99526.91723,6913.0344165699435,96.21025900000001,66.31102881553399,24.83929321526419,1.8288321080474528,26,64,,False,True,,972,21.16838264042747
34,2026-09-14T02:07:00.168+00:00,2026-09-14T02:08:43.162+00:00,2026-09-14T02:08:50.721+00:00,True,117,117.0,,117.0,102994.286349,110552.686349,110552.686302,944.8947547179488,36.821623,102994.286349,9515.827516824833,96.38341,65.15862068965517,22.46624697042018,1.0583189234375245,26,64,,False,True,,553,21.16838264042747
35,2026-09-14T02:07:05.070+00:00,2026-09-14T02:08:52.507+00:00,2026-09-14T02:08:59.627+00:00,True,108,108.0,,108.0,107436.716978,114557.19774599999,114557.197839,1060.7147948055556,0.0,107436.716978,10331.749385281519,93.7141395,66.54654923364485,32.2679883631354,0.9427604910471115,26,64,,False,True,,386,21.16838264042747
36,2026-09-14T02:07:09.551+00:00,2026-09-14T02:09:00.082+00:00,2026-09-14T02:09:19.090+00:00,True,289,289.0,,289.0,110531.153067,129539.64663500001,129539.64665200001,448.23407146020764,0.01574,110531.153067,6498.116501376327,95.41766439999999,66.00171377777778,46.5871632513794,2.2309772143682514,26,64,,False,True,,436,21.16838264042747
37,2026-09-14T02:07:12.543+00:00,2026-09-14T02:09:04.783+00:00,2026-09-14T02:09:11.546+00:00,True,106,106.0,,106.0,112239.370874,119002.456954,119002.456951,1122.6646882169812,39.534296000000005,112239.370874,10895.417081035697,96.57629150000001,64.41034361904762,21.876659415807183,0.8907379117472671,26,64,,False,True,,236,21.16838264042747
38,2026-09-14T02:07:17.067+00:00,2026-09-14T02:09:13.979+00:00,2026-09-14T02:09:23.229+00:00,True,138,138.0,,138.0,116911.75375300001,126161.70165700001,126161.70160700001,914.215229036232,0.0,116911.75375300001,9946.659397357857,97.0184395,67.51786791240876,66.02087099580126,1.0938343268005781,26,64,,False,True,,621,21.16838264042747
39,2026-09-14T02:07:21.029+00:00,2026-09-14T02:09:20.674+00:00,2026-09-14T02:09:29.269+00:00,True,128,128.0,,128.0,119644.802746,128240.389306,128240.389363,1001.8780418984375,0.0,119644.802746,10569.276078532488,95.60464135000001,67.68178393700788,33.266363745320184,0.9981254789750647,26,64,,False,True,,573,21.16838264042747
40,2026-09-14T02:07:24.498+00:00,2026-09-14T02:09:27.381+00:00,2026-09-14T02:09:36.306+00:00,True,139,139.0,,139.0,122882.468526,131807.80203,131807.802286,948.2575704028777,37.74615,122882.468526,10417.291056842634,94.906368,64.67632973913044,21.431683217502002,1.054565798528095,26,64,,False,True,,458,21.16838264042747
41,2026-09-14T02:07:29.374+00:00,2026-09-14T02:09:35.023+00:00,2026-09-14T02:09:49.630+00:00,True,222,222.0,,222.0,125649.16071699999,140255.66746899998,140255.667548,631.7822862522522,0.0,125649.16071699999,8428.63556651491,94.73965205,66.09279073303168,29.651237730123864,1.5828237390055384,26,64,,False,True,,1094,21.16838264042747
42,2026-09-14T02:07:32.655+00:00,2026-09-14T02:09:41.252+00:00,2026-09-14T02:09:52.383+00:00,True,170,170.0,,170.0,128596.36091799999,139728.144086,139728.144228,821.9302601647058,0.0,128596.36091799999,9857.888924984136,93.91677895000001,65.8685394556213,31.54077902110953,1.2166482358440849,26,64,,False,True,,895,21.16838264042747
43,2026-09-14T02:07:37.396+00:00,2026-09-14T02:09:48.863+00:00,2026-09-14T02:10:03.643+00:00,True,222,222.0,,222.0,131467.03061,146247.581778,146247.581854,658.7728912342342,35.902974,131467.03061,8819.02762498954,95.5531955,66.88032202714932,21.861147522454516,1.5179738174200392,26,64,,False,True,,1120,21.16838264042747
44,2026-09-14T02:07:42.092+00:00,2026-09-14T02:09:57.362+00:00,2026-09-14T02:10:10.437+00:00,True,196,196.0,,196.0,135269.526944,148345.087904,148345.08788900002,756.8626933112246,40.894414,135269.526944,9657.343504320967,94.77609475000001,67.05415876923077,21.594507907228607,1.321243613585907,26,64,,False,True,,859,21.16838264042747
45,2026-09-14T02:07:45.938+00:00,2026-09-14T02:10:04.516+00:00,2026-09-14T02:10:13.466+00:00,True,135,135.0,,135.0,138578.358541,147528.521997,147528.52202899999,1092.8038668814813,0.0,138578.358541,11921.222624135286,96.298331,66.79226459701492,32.90774776824268,0.9150772892766134,26,64,,False,True,,644,21.16838264042747
46,2026-09-14T02:07:49.917+00:00,2026-09-14T02:10:11.194+00:00,2026-09-14T02:10:21.815+00:00,True,165,165.0,,165.0,141277.332466,151898.79397,151898.79378399998,920.5987502060606,0.0,141277.332466,10993.652013250841,98.402418,64.7650091707317,77.07634739759516,1.0862495724132444,26,64,,False,True,,657,21.16838264042747
47,2026-09-14T02:07:53.672+00:00,2026-09-14T02:10:18.425+00:00,2026-09-14T02:10:30.367+00:00,True,196,196.0,,196.0,144753.37694999998,156695.85400599998,156695.853858,799.4686421326529,0.01626,144753.37694999998,10335.182895813867,95.20350875,61.243472082051284,25.175153878423256,1.2508307973004507,26,64,,False,True,,895,21.16838264042747
48,2026-09-14T02:07:58.429+00:00,2026-09-14T02:10:26.949+00:00,2026-09-14T02:10:46.305+00:00,True,291,291.0,,291.0,148520.29912799998,167876.27608799998,167876.27593899998,576.8944190343642,0.0,148520.29912799998,8702.552203451132,95.44690849999999,66.74474813793104,29.764451659823152,1.7334194371065217,26,64,,False,True,,1371,21.16838264042747
49,2026-09-14T02:08:03.210+00:00,2026-09-14T02:10:35.284+00:00,2026-09-14T02:10:44.180+00:00,True,133,133.0,,133.0,152074.648177,160970.405489,160970.405549,1210.3038011203007,0.0,152074.648177,13180.753043412104,95.355317,67.39210084848484,37.28128980213316,0.826238833131899,26,64,,False,True,,634,21.16838264042747
50,2026-09-14T02:08:07.854+00:00,2026-09-14T02:10:43.490+00:00,2026-09-14T02:10:57.215+00:00,True,209,209.0,,209.0,155636.124867,169360.815555,169360.81567,810.3388309569378,8.860182,155636.124867,10761.03511459232,96.02631300000002,65.98408984615385,22.525556197100457,1.2340516861300017,26,64,,False,True,,890,21.16838264042747
51,2026-09-14T02:08:11.177+00:00,2026-09-14T02:10:49.060+00:00,2026-09-14T02:11:01.966+00:00,True,197,197.0,,197.0,157882.527298,170788.993602,170788.993772,866.9492069644671,2.630645,157882.527298,11243.99464993253,92.9152138,65.84931787755102,22.25140889570117,1.1534701144681554,26,64,,False,True,,486,21.16838264042747
52,2026-09-14T02:08:14.164+00:00,2026-09-14T02:10:53.809+00:00,2026-09-14T02:11:04.284+00:00,True,163,163.0,,163.0,159644.32584499998,170119.643605,170119.643704,1043.6787957300612,39.758156,159644.32584499998,12499.261293893906,91.77235920000001,64.66245530864198,20.91974223296144,0.9581491975051919,26,64,,False,True,,554,21.16838264042747
53,2026-09-14T02:08:18.185+00:00,2026-09-14T02:11:01.415+00:00,2026-09-14T02:11:13.929+00:00,True,191,191.0,,191.0,163229.90825,175744.081434,175744.08123500002,920.1260797643979,0.0,163229.90825,11806.182860676981,95.3692295,65.86406938947368,33.39212917123352,1.0868075808955724,26,64,,False,True,,844,21.16838264042747
54,2026-09-14T02:08:22.980+00:00,2026-09-14T02:11:10.151+00:00,2026-09-14T02:11:16.689+00:00,True,100,100.0,,100.0,167170.88423300002,173709.618057,173709.61799300002,1737.0961799300003,41.372133000000005,167170.88423300002,16710.496846478065,95.16253839999999,66.0478164040404,21.114422131088695,0.5756733629290844,26,64,,False,True,,619,21.16838264042747
55,2026-09-14T02:08:27.206+00:00,2026-09-14T02:11:17.518+00:00,2026-09-14T02:11:35.765+00:00,True,274,274.0,,274.0,170312.337388,188559.36561200002,188559.36561100002,688.1728671934308,0.01582,170312.337388,10285.106742046357,96.85759334999999,66.83893122344323,64.26652278632102,1.453123259673093,26,64,,False,True,,1190,21.16838264042747
56,2026-09-14T02:08:30.268+00:00,2026-09-14T02:11:22.615+00:00,2026-09-14T02:11:32.757+00:00,True,153,153.0,,153.0,172347.57780899998,182489.13736099997,182489.13736499997,1192.7394599019606,0.01607,172347.57780899998,13928.329017233154,96.1508976,66.72078652631579,83.26315829967277,0.8384060674106615,26,64,,False,True,,600,21.16838264042747
57,2026-09-14T02:08:35.399+00:00,2026-09-14T02:11:32.123+00:00,2026-09-14T02:11:46.906+00:00,True,224,224.0,,224.0,176724.611063,191507.701751,191507.70167699998,854.9450967723213,0.0,176724.611063,11803.522210581721,94.3375325,66.29188649327354,31.470891061457504,1.1696657520920322,26,64,,False,True,,1118,21.16838264042747
58,2026-09-14T02:08:38.703+00:00,2026-09-14T02:11:37.716+00:00,2026-09-14T02:11:46.910+00:00,True,139,139.0,,139.0,179013.083292,188207.655324,188207.655444,1354.0119096690646,0.0,179013.083292,15178.084631294925,95.2569529,66.62733356521738,36.8199149033465,0.7385459415065296,26,64,,False,True,,646,21.16838264042747
59,2026-09-14T02:08:41.901+00:00,2026-09-14T02:11:43.342+00:00,2026-09-14T02:11:52.322+00:00,True,134,134.0,,134.0,181441.64621399998,190421.652614,190421.65253899997,1421.0571085,40.091536,181441.64621399998,15668.354164013686,95.001235,67.51884511278196,22.46145735592489,0.703701486467134,26,64,,False,True,,200,21.16838264042747
60,2026-09-14T02:08:44.873+00:00,2026-09-14T02:11:48.772+00:00,2026-09-14T02:12:01.041+00:00,True,180,180.0,,180.0,183899.084656,196168.67672,196168.67696699998,1089.82598315,40.155495,183899.084656,13701.938245075384,97.18162699999999,68.5452070614525,22.777794790673358,0.9175776837039166,26,64,,False,True,,820,21.16838264042747
61,2026-09-14T02:08:48.242+00:00,2026-09-14T02:11:54.560+00:00,2026-09-14T02:12:11.444+00:00,True,251,251.0,,251.0,186318.10712,203201.461488,203201.461607,809.567576123506,33.785119,186318.10712,11756.053756198491,97.48172500000001,67.533417472,22.678387702351902,1.2352273362700332,26,64,,False,True,,1355,21.16838264042747
62,2026-09-14T02:08:52.653+00:00,2026-09-14T02:12:02.547+00:00,2026-09-14T02:12:12.444+00:00,True,144,144.0,,144.0,189894.414169,199791.27253699998,199791.272351,1387.4393913263889,40.791574,189894.414169,15818.786175019739,99.71063265000001,69.20879977622378,24.643144885255108,0.7207522038948533,26,64,,False,True,,597,21.16838264042747
63,2026-09-14T02:08:56.926+00:00,2026-09-14T02:12:10.074+00:00,2026-09-14T02:12:21.454+00:00,True,169,169.0,,169.0,193148.040851,204528.165779,204528.165747,1210.2258328224852,0.0,193148.040851,14852.375552839127,96.7423674,67.73883885714285,36.5188200775913,0.8262920627890955,26,64,,False,True,,732,21.16838264042747
64,2026-09-14T02:09:01.626+00:00,2026-09-14T02:12:18.736+00:00,2026-09-14T02:12:37.653+00:00,True,285,285.0,,285.0,197109.372303,216026.698383,216026.69835400002,757.988415277193,38.563729,197109.372303,11671.825717532018,94.2935532,66.61030309859156,21.549595516976648,1.319281376483916,26,64,,False,True,,1532,21.16838264042747
65,2026-09-14T02:09:06.455+00:00,2026-09-14T02:12:27.080+00:00,2026-09-14T02:12:43.706+00:00,True,256,256.0,,256.0,200625.110775,217250.601719,217250.601506,848.6351621328125,37.258622,200625.110775,12535.012805381682,94.2850335,65.19800370196079,21.436149273197532,1.178362674139425,26,64,,False,True,,930,21.16838264042747
66,2026-09-14T02:09:11.582+00:00,2026-09-14T02:12:36.345+00:00,2026-09-14T02:12:46.144+00:00,True,152,152.0,,152.0,204762.69753799998,214562.42131399998,214562.42133399998,1411.5948771973683,40.037826,204762.69753799998,16603.1970436039,94.30400405,64.89883295364238,20.957664131357557,0.7084185528348256,26,64,,False,True,,597,21.16838264042747
67,2026-09-14T02:09:14.685+00:00,2026-09-14T02:12:42.657+00:00,2026-09-14T02:13:01.460+00:00,True,283,283.0,,283.0,207971.76537799998,226774.884994,226774.885089,801.3246822932862,0.0,207971.76537799998,12358.893978711989,96.0094891,66.67772913475177,73.76009835126683,1.2479336060846755,26,64,,False,True,,1250,21.16838264042747
68,2026-09-14T02:09:19.083+00:00,2026-09-14T02:12:50.720+00:00,2026-09-14T02:13:02.549+00:00,True,179,179.0,,179.0,211636.175144,223465.685544,223465.68555300002,1248.4116511340783,0.0,211636.175144,15813.740323648453,95.2744099,66.45792359550562,93.89707619829994,0.8010178366501608,26,64,,False,True,,751,21.16838264042747
69,2026-09-14T02:09:23.307+00:00,2026-09-14T02:12:58.012+00:00,2026-09-14T02:13:15.107+00:00,True,256,256.0,,256.0,214705.125174,231799.59762199997,231799.59760399998,905.4671781406249,34.918636,214705.125174,13414.898425984227,95.40677149999999,67.03714685490196,21.972657134580583,1.1044022622397476,26,64,,False,True,,788,21.16838264042747
70,2026-09-14T02:09:27.341+00:00,2026-09-14T02:13:03.733+00:00,2026-09-14T02:13:22.186+00:00,True,282,282.0,,282.0,216392.349217,234845.55369700002,234845.55367000002,832.7856513120568,36.630033000000005,216392.349217,12882.084514671835,95.00251055000001,65.66976683274021,21.703817212003433,1.2007891806367308,26,64,,False,True,,1270,21.16838264042747
71,2026-09-14T02:09:32.205+00:00,2026-09-14T02:13:13.595+00:00,2026-09-14T02:13:25.663+00:00,True,185,185.0,,185.0,221389.328569,233457.786553,233457.78641600002,1261.933980627027,40.267124,221389.328569,16272.059609723743,93.93058219999999,65.58944556521739,21.922784413881416,0.7924344813318144,26,64,,False,True,,862,21.16838264042747
72,2026-09-14T02:09:36.838+00:00,2026-09-14T02:13:21.451+00:00,2026-09-14T02:13:33.490+00:00,True,185,185.0,,185.0,224612.45310100002,236651.23735700003,236651.23717100002,1279.1958766,0.0,224612.45310100002,16509.074383369316,94.4195032,65.42817530434783,40.24042193701666,0.7817411058828245,26,64,,False,True,,677,21.16838264042747
73,2026-09-14T02:09:41.038+00:00,2026-09-14T02:13:29.168+00:00,2026-09-14T02:13:46.921+00:00,True,266,266.0,,266.0,228130.174983,245883.151111,245883.15112,924.3727485714286,0.0,228130.174983,13983.49758034003,95.0429425,66.99236274716982,36.19425073454883,1.0818146700906666,26,64,,False,True,,1194,21.16838264042747
74,2026-09-14T02:09:45.245+00:00,2026-09-14T02:13:35.709+00:00,2026-09-14T02:13:53.089+00:00,True,260,260.0,,260.0,230464.155339,247843.72218699998,247843.722002,953.2450846230769,39.560705999999996,230464.155339,14288.635738596957,95.43603245,67.1025747027027,22.144605513117597,1.0490481570633774,26,64,,False,True,,936,21.16838264042747
75,2026-09-14T02:09:48.443+00:00,2026-09-14T02:13:42.199+00:00,2026-09-14T02:13:57.806+00:00,True,232,232.0,,232.0,233755.16590599998,249363.13569799997,249363.13560599997,1074.84110175,38.973915999999996,233755.16590599998,15342.359535767537,96.126866,67.5669687965368,22.906341953374394,0.9303700779612099,26,64,,False,True,,1122,21.16838264042747
76,2026-09-14T02:09:53.487+00:00,2026-09-14T02:13:51.268+00:00,2026-09-14T02:14:04.407+00:00,True,200,200.0,,200.0,237781.470045,250920.146013,250920.146044,1254.60073022,34.607907,237781.470045,16809.03473306659,93.1236045,66.02349732663316,21.987499508074812,0.7970663303760318,26,64,,False,True,,681,21.16838264042747
77,2026-09-14T02:09:56.621+00:00,2026-09-14T02:13:56.759+00:00,2026-09-14T02:14:14.197+00:00,True,260,260.0,,260.0,240138.08825,257576.045114,257576.04517,990.6770968076924,0.0,240138.08825,14888.606503740519,97.48222755,67.32801877992279,38.65647339640305,1.0094106378756114,26,64,,False,True,,578,21.16838264042747
78,2026-09-14T02:10:00.879+00:00,2026-09-14T02:14:05.391+00:00,2026-09-14T02:14:23.998+00:00,True,277,277.0,,277.0,244511.983626,263119.18593,263119.185901,949.8887577653429,0.0,244511.983626,14687.298184476818,96.88118200000001,67.41739965217391,37.47909045392002,1.0527548533602293,26,64,,False,True,,1002,21.16838264042747
79,2026-09-14T02:10:03.740+00:00,2026-09-14T02:14:10.179+00:00,2026-09-14T02:14:25.937+00:00,True,237,237.0,,237.0,246438.603753,262196.643817,262196.643624,1106.314952,0.0,246438.603753,16003.617466538695,94.73691079999999,66.77135620338983,38.957546627128636,0.9039017302045026,26,64,,False,True,,833,21.16838264042747
80,2026-09-14T02:10:08.506+00:00,2026-09-14T02:14:19.497+00:00,2026-09-14T02:14:33.496+00:00,True,214,214.0,,214.0,250991.442744,264990.47532,264990.475354,1238.273249317757,0.01542,250991.442744,17153.19939052606,94.16129000000001,65.72315763380281,96.52776264042465,0.8075761958673254,26,64,,False,True,,1007,21.16838264042747
81,2026-09-14T02:10:12.462+00:00,2026-09-14T02:14:26.753+00:00,2026-09-14T02:14:35.252+00:00,True,128,128.0,,128.0,254290.926259,262789.695667,262789.6956,2053.044496875,0.01577,254290.926259,22470.81033877617,94.28516415,66.91944415748031,129.53893761391691,0.4870815032344271,26,64,,False,True,,601,21.16838264042747
82,2026-09-14T02:10:16.802+00:00,2026-09-14T02:14:33.670+00:00,2026-09-14T02:14:42.544+00:00,True,137,137.0,,137.0,256867.42075999998,265741.209688,265741.209642,1939.7168587007297,38.845558,256867.42075999998,21940.100073981666,93.0162984,65.248448,20.846235688948276,0.515539159924982,26,64,,False,True,,462,21.16838264042747
83,2026-09-14T02:10:19.825+00:00,2026-09-14T02:14:39.184+00:00,2026-09-14T02:14:58.453+00:00,True,296,296.0,,296.0,259359.186974,278627.802654,278627.80260500003,941.3101439358109,34.758666,259359.186974,15071.165675375227,95.151883,65.3173412881356,21.744076053620073,1.0623491165652725,26,64,,False,True,,1451,21.16838264042747
84,2026-09-14T02:10:23.475+00:00,2026-09-14T02:14:45.015+00:00,2026-09-14T02:15:03.947+00:00,True,280,280.0,,280.0,261539.224393,280471.62989700004,280471.629929,1001.6843926035715,0.0,261539.224393,15625.949810870847,95.90688845000001,67.85808424372759,38.36737873319798,0.9983184399178868,26,64,,False,True,,1493,21.16838264042747
85,2026-09-14T02:10:27.010+00:00,2026-09-14T02:14:50.942+00:00,2026-09-14T02:15:06.058+00:00,True,219,219.0,,219.0,263931.922111,279047.630271,279047.630329,1274.190092826484,0.0,263931.922111,17830.228814188322,95.52469270000002,69.33811082568808,41.35422835462515,0.78481225512403,26,64,,False,True,,915,21.16838264042747
86,2026-09-14T02:10:31.300+00:00,2026-09-14T02:14:59.525+00:00,2026-09-14T02:15:07.608+00:00,True,118,118.0,,118.0,268225.643411,276307.96379500005,276307.96356600005,2341.5929115762715,0.0,268225.643411,24685.82305192708,95.57447884999999,69.0796614017094,22.790758387844257,0.4270597140209365,26,64,,False,True,,476,21.16838264042747
87,2026-09-14T02:10:36.404+00:00,2026-09-14T02:15:07.210+00:00,2026-09-14T02:15:23.781+00:00,True,248,248.0,,248.0,270805.57507099997,287376.280223,287376.280223,1158.7753234798386,38.836417999999995,270805.57507099997,17191.925802496884,95.83315435,67.08787510931174,22.507481414023836,0.8629800615679049,26,64,,False,True,,1301,21.16838264042747
88,2026-09-14T02:10:41.045+00:00,2026-09-14T02:15:15.815+00:00,2026-09-14T02:15:27.649+00:00,True,176,176.0,,176.0,274769.361707,286603.590187,286603.590086,1628.429489125,40.574874,274769.361707,20706.434635301506,95.34412524999999,67.62416274285714,22.42531834141048,0.6140886088871581,26,64,,False,True,,779,21.16838264042747
89,2026-09-14T02:10:44.444+00:00,2026-09-14T02:15:22.119+00:00,2026-09-14T02:15:36.817+00:00,True,215,215.0,,215.0,277674.80137,292373.220058,292373.220287,1359.875443195349,38.394048000000005,277674.80137,18932.593824510765,97.0833821,68.68419947663551,22.890551676322808,0.7353614669542888,26,64,,False,True,,1131,21.16838264042747
90,2026-09-14T02:10:49.047+00:00,2026-09-14T02:15:30.800+00:00,2026-09-14T02:15:45.347+00:00,True,217,217.0,,217.0,281752.496236,296300.37182,296300.37162299996,1365.4395005668202,34.523966,281752.496236,19122.04639180068,96.11133300000002,67.35127585185185,22.14662019142443,0.7323649263991666,26,64,,False,True,,962,21.16838264042747
91,2026-09-14T02:10:53.568+00:00,2026-09-14T02:15:39.132+00:00,2026-09-14T02:15:50.894+00:00,True,182,182.0,,182.0,285563.36876700004,297325.88703900005,297325.88706000004,1633.6587201098903,0.0,285563.36876700004,21162.598470800058,95.17808855,64.98628879558011,46.3048215103457,0.612122953075146,26,64,,False,True,,892,21.16838264042747
92,2026-09-14T02:10:58.491+00:00,2026-09-14T02:15:47.599+00:00,2026-09-14T02:15:58.507+00:00,False,168,167.0,,167.0,289108.020682,300015.39271399996,300015.392726,1785.805909083333,0.0,289108.020682,22300.179939641377,95.20960335,65.31360498203593,47.811789027959605,0.5566381060961045,26,64,,False,False,Request timeout: 300.0s exceeded,671,21.16838264042747
93,2026-09-14T02:11:03.624+00:00,2026-09-14T02:15:55.854+00:00,2026-09-14T02:16:03.670+00:00,False,111,110.0,,110.0,292229.85437099996,300046.308515,300046.30853599997,2703.1198967207206,0.0355,292229.85437099996,27730.49324693419,90.99026300000001,71.05867403636363,20.557151321083754,0.3666100761059717,26,64,,False,False,Request timeout: 300.0s exceeded,526,21.16838264042747
94,2026-09-14T02:11:06.773+00:00,2026-09-14T02:16:00.067+00:00,2026-09-14T02:16:06.799+00:00,False,99,98.0,,98.0,293294.23206,300026.000892,300026.0009,3030.5656656565657,0.02748,293294.23206,29470.282795826566,90.0120109,68.69151869387755,20.607384705594562,0.32663835703785205,26,64,,False,False,Request timeout: 300.0s exceeded,413,21.16838264042747
95,2026-09-14T02:11:10.751+00:00,2026-09-14T02:16:04.194+00:00,2026-09-14T02:16:10.775+00:00,False,98,97.0,,97.0,293443.55120700004,300024.15331900003,300024.15307900007,3061.4709497857148,0.04308,293443.55120700004,29635.428750803072,88.23306385,67.84125888659793,20.11948651861189,0.3233073035185436,26,64,,False,False,Request timeout: 300.0s exceeded,441,21.16838264042747
96,2026-09-14T02:11:15.391+00:00,2026-09-14T02:16:09.175+00:00,2026-09-14T02:16:15.422+00:00,False,94,93.0,,93.0,293783.61468400003,300031.14774000004,300031.147651,3191.8207196914896,0.023280000000000002,293783.61468400003,30294.543816992515,87.33498635,67.17777479569892,19.91663196373764,0.30996781734339,26,64,,False,False,Request timeout: 300.0s exceeded,365,21.16838264042747
97,2026-09-14T02:11:19.331+00:00,2026-09-14T02:16:13.589+00:00,2026-09-14T02:16:19.352+00:00,False,86,85.0,,85.0,294258.777083,300021.576443,300021.576437,3488.6229818255815,0.0189,294258.777083,31723.43546253124,87.13642275000001,67.79763952941177,20.107849535483517,0.2833129570471037,26,64,,False,False,Request timeout: 300.0s exceeded,438,21.16838264042747
98,2026-09-14T02:11:22.722+00:00,2026-09-14T02:16:16.699+00:00,2026-09-14T02:16:22.735+00:00,False,88,87.0,,87.0,293976.38015,300013.29637399997,300013.296162,3409.242001840909,0.061130000000000004,293976.38015,31330.59627556668,87.68832834999999,69.3898416551724,19.236323349669302,0.28998714740810955,26,64,,False,False,Request timeout: 300.0s exceeded,363,21.16838264042747
99,2026-09-14T02:11:26.656+00:00,2026-09-14T02:16:20.451+00:00,2026-09-14T02:16:26.706+00:00,False,94,93.0,,93.0,293795.62856599997,300049.91771799995,300049.91774899996,3192.020401585106,0.021929999999999998,293795.62856599997,30295.775657118098,88.69043329999998,67.2504209892473,20.215902693251472,0.3099484269394317,26,64,,False,False,Request timeout: 300.0s exceeded,356,21.16838264042747
100,2026-09-14T02:11:31.399+00:00,2026-09-14T02:16:25.456+00:00,2026-09-14T02:16:32.799+00:00,False,91,90.0,,90.0,294056.87047100003,301399.576391,301399.57645000005,3312.083257692308,0.02634,294056.87047100003,30817.423617654702,90.3574435,81.58562133333332,165.65226018264826,0.29860692266947547,26,64,,False,False,Request timeout: 300.0s exceeded,430,21.16838264042747
101,2026-09-14T02:11:35.395+00:00,2026-09-14T02:16:29.578+00:00,2026-09-14T02:16:35.467+00:00,False,99,98.0,,98.0,294183.098217,300072.305513,300072.30557300005,3031.0333896262628,0.01558,294183.098217,29560.927120573753,90.3214926,60.093952,164.48587839604792,0.3265879529684033,26,64,,False,False,Request timeout: 300.0s exceeded,452,21.16838264042747
102,2026-09-14T02:11:38.520+00:00,2026-09-14T02:16:33.560+00:00,2026-09-14T02:16:38.578+00:00,False,74,73.0,,73.0,295039.390527,300057.284927,300057.284937,4054.8281748243244,0.02011,295039.390527,34289.64805721638,89.33241129999999,68.7382794520548,20.820966191568104,0.24328687776322425,26,64,,False,False,Request timeout: 300.0s exceeded,322,21.16838264042747
103,2026-09-14T02:11:41.495+00:00,2026-09-14T02:16:35.466+00:00,2026-09-14T02:16:41.555+00:00,False,88,87.0,,87.0,293971.480941,300060.303725,300060.303825,3409.7761798295455,0.02172,293971.480941,31330.01053896227,88.58972695,69.98646878160919,19.43592200651616,0.28994171811454933,26,64,,False,False,Request timeout: 300.0s exceeded,380,21.16838264042747
104,2026-09-14T02:11:46.244+00:00,2026-09-14T02:16:39.502+00:00,2026-09-14T02:16:46.311+00:00,False,107,106.0,,106.0,293257.70156,300067.117752,300067.117568,2804.365584747664,0.0,293257.70156,28344.14733042307,88.54832999999999,64.23977539622642,61.24535601236603,0.35325430121805973,26,64,,False,False,Request timeout: 300.0s exceeded,441,21.16838264042747
105,2026-09-14T02:11:50.309+00:00,2026-09-14T02:16:44.008+00:00,2026-09-14T02:16:50.328+00:00,False,95,94.0,,94.0,293698.547821,300019.235437,300019.23556199996,3158.097216442105,0.03417,293698.547821,30125.943615173062,89.926803,67.24135761702128,20.97288719782713,0.31331324427609486,26,64,,False,False,Request timeout: 300.0s exceeded,202,21.16838264042747
106,2026-09-14T02:11:54.745+00:00,2026-09-14T02:16:48.398+00:00,2026-09-14T02:16:54.818+00:00,False,94,93.0,,93.0,293653.75489499996,300073.11822299997,300073.118179,3192.2672146702125,0.0211,293653.75489499996,30280.959496376166,89.83567880000001,69.02541212903225,20.312757571318482,0.3099244629133585,26,64,,False,False,Request timeout: 300.0s exceeded,464,21.16838264042747
107,2026-09-14T02:11:58.163+00:00,2026-09-14T02:16:51.935+00:00,2026-09-14T02:16:58.245+00:00,False,92,91.0,,91.0,293771.813624,300082.655736,300082.655888,3261.7679987826086,0.035,293771.813624,30620.604995093257,88.67875595,69.34991331868132,19.95602277134609,0.30324978222019583,26,64,,False,False,Request timeout: 300.0s exceeded,434,21.16838264042747
108,2026-09-14T02:12:01.160+00:00,2026-09-14T02:16:55.079+00:00,2026-09-14T02:17:01.227+00:00,False,89,88.0,,88.0,293919.184296,300067.860648,300067.860453,3371.5489938539326,0.02323,293919.184296,31147.971195667356,89.8844714,69.87132218181819,19.949639144459624,0.29326699570544806,26,64,,False,False,Request timeout: 300.0s exceeded,334,21.16838264042747
109,2026-09-14T02:12:05.057+00:00,2026-09-14T02:16:58.973+00:00,2026-09-14T02:17:05.085+00:00,False,92,91.0,,91.0,293915.725909,300027.93787699996,300027.937802,3261.173236978261,0.03582,293915.725909,30635.83665700063,89.27177,67.16716448351649,20.271187807512625,0.3033050876658911,26,64,,False,False,Request timeout: 300.0s exceeded,444,21.16838264042747
110,2026-09-14T02:12:08.781+00:00,2026-09-14T02:17:02.179+00:00,2026-09-14T02:17:08.855+00:00,False,97,96.0,,96.0,293398.291661,300074.46420499997,300074.46416,3093.5511769072164,0.02189,293398.291661,29783.028459237194,88.3598374,69.543464,19.778141831587444,0.3199205912250377,26,64,,False,False,Request timeout: 300.0s exceeded,440,21.16838264042747
111,2026-09-14T02:12:12.038+00:00,2026-09-14T02:17:05.926+00:00,2026-09-14T02:17:12.080+00:00,False,88,87.0,,87.0,293887.819678,300041.881758,300041.88182,3409.5668388636363,0.03762,293887.819678,31321.012571591895,88.29798735,70.73634574712644,19.900903072442944,0.28995951995185193,26,64,,False,False,Request timeout: 300.0s exceeded,400,21.16838264042747
112,2026-09-14T02:12:16.403+00:00,2026-09-14T02:17:10.650+00:00,2026-09-14T02:17:16.422+00:00,False,84,83.0,,83.0,294247.079855,300019.379119,300019.379097,3571.659274964286,0.02181,294247.079855,32097.406367772164,89.44814415,69.54577426506025,19.65725709489321,0.2766487959668725,26,64,,False,False,Request timeout: 300.0s exceeded,311,21.16838264042747
113,2026-09-14T02:12:19.298+00:00,2026-09-14T02:17:12.966+00:00,2026-09-14T02:17:19.348+00:00,False,95,94.0,,94.0,293667.412606,300049.35795000003,300049.357887,3158.4142935473687,0.03622,293667.412606,30122.682390538506,91.0652107,67.89303557446809,21.032017193477444,0.31328179017688174,26,64,,False,False,Request timeout: 300.0s exceeded,476,21.16838264042747
114,2026-09-14T02:12:24.145+00:00,2026-09-14T02:17:17.723+00:00,2026-09-14T02:17:24.201+00:00,False,95,94.0,,94.0,293578.277491,300056.04286700004,300056.042801,3158.484661063158,0.02035,293578.277491,30113.431880467815,89.54589299999999,68.91239761702128,19.751116100946284,0.31327481060484935,26,64,,False,False,Request timeout: 300.0s exceeded,403,21.16838264042747
115,2026-09-14T02:12:28.511+00:00,2026-09-14T02:17:22.348+00:00,2026-09-14T02:17:28.567+00:00,False,90,89.0,,89.0,293836.953775,300055.641775,300055.641834,3333.9515759333335,0.04235,293836.953775,30965.77567073669,89.73707395,69.87289887640449,20.072485827699722,0.29661165333707545,26,64,,False,False,Request timeout: 300.0s exceeded,475,21.16838264042747
116,2026-09-14T02:12:32.503+00:00,2026-09-14T02:17:26.234+00:00,2026-09-14T02:17:32.534+00:00,False,93,92.0,,92.0,293730.89879400004,300030.47537000006,300030.47540800006,3226.1341441720433,0.023850000000000003,293730.89879400004,30451.381352629007,87.13732599999999,68.4736584347826,19.867065719762316,0.3066355172305242,26,64,,False,False,Request timeout: 300.0s exceeded,463,21.16838264042747
117,2026-09-14T02:12:35.803+00:00,2026-09-14T02:17:29.770+00:00,2026-09-14T02:17:35.882+00:00,False,88,87.0,,87.0,293967.435686,300079.599014,300079.598893,3409.995441965909,0.02553,293967.435686,31329.550639859135,88.8161075,70.25475089655173,19.31345538579051,0.2899230746970609,26,64,,False,False,Request timeout: 300.0s exceeded,342,21.16838264042747
118,2026-09-14T02:12:40.190+00:00,2026-09-14T02:17:33.875+00:00,2026-09-14T02:17:40.275+00:00,False,99,98.0,,98.0,293684.908383,300085.343071,300085.342972,3031.1650805252525,0.0,293684.908383,29509.950939929226,89.13741689999999,65.31055804081633,65.07916451624416,0.32657376397358157,26,64,,False,False,Request timeout: 300.0s exceeded,167,21.16838264042747
119,2026-09-14T02:12:43.353+00:00,2026-09-14T02:17:36.929+00:00,2026-09-14T02:17:43.414+00:00,False,98,97.0,,97.0,293575.359413,300061.064885,300061.064961,3061.847601642857,0.0,293575.359413,29648.906271970052,90.20546705000001,66.86294301030928,65.13825887769023,0.3232675323510425,26,64,,False,False,Request timeout: 300.0s exceeded,537,21.16838264042747
120,2026-09-14T02:12:48.420+00:00,2026-09-14T02:17:41.793+00:00,2026-09-14T02:17:48.437+00:00,False,95,94.0,,94.0,293373.067576,300017.083704,300017.08373,3158.0745655789474,0.036109,293373.067576,30092.196515142336,89.8744464,70.68102263829788,20.027006373109735,0.3133154913696227,26,64,,False,False,Request timeout: 300.0s exceeded,363,21.16838264042747
121,2026-09-14T02:12:52.404+00:00,2026-09-14T02:17:45.700+00:00,2026-09-14T02:17:52.505+00:00,False,101,100.0,,100.0,293296.051863,300101.35336699995,300101.35322499997,2971.300526980198,0.02102,293296.051863,29177.283797658678,90.181829,68.05301504,20.87243257442618,0.3332207565145766,26,64,,False,False,Request timeout: 300.0s exceeded,219,21.16838264042747
122,2026-09-14T02:12:57.004+00:00,2026-09-14T02:17:50.407+00:00,2026-09-14T02:17:57.025+00:00,False,103,102.0,,102.0,293402.18397899996,300020.46314699994,300020.462916,2912.8200283106794,0.019739999999999997,293402.18397899996,28903.38975179416,89.518484,64.88508988235294,20.00363281968236,0.3399768100152003,26,64,,False,False,Request timeout: 300.0s exceeded,488,21.16838264042747
123,2026-09-14T02:13:00.825+00:00,2026-09-14T02:17:54.600+00:00,2026-09-14T02:18:00.866+00:00,False,94,93.0,,93.0,293775.160225,300040.928161,300040.928176,3191.924767829787,0.049049999999999996,293775.160225,30293.65153490232,87.61973529999999,67.37384877419356,19.842967947711752,0.30995771333601796,26,64,,False,False,Request timeout: 300.0s exceeded,395,21.16838264042747
124,2026-09-14T02:13:05.069+00:00,2026-09-14T02:17:58.706+00:00,2026-09-14T02:18:05.109+00:00,False,94,93.0,,93.0,293636.93186799996,300040.241436,300040.24152,3191.917462978723,0.036950000000000004,293636.93186799996,30279.24167069687,88.04551845,68.85279105376344,19.595370900131904,0.3099584227598928,26,64,,False,False,Request timeout: 300.0s exceeded,328,21.16838264042747
125,2026-09-14T02:13:09.575+00:00,2026-09-14T02:18:03.274+00:00,2026-09-14T02:18:09.585+00:00,False,89,88.0,,88.0,293699.218177,300010.032641,300010.032524,3370.8992418426965,0.02122,293699.218177,31124.459761504833,90.7182632,71.71380072727274,20.302344247376936,0.29332352396795724,26,64,,False,False,Request timeout: 300.0s exceeded,338,21.16838264042747
126,2026-09-14T02:13:14.156+00:00,2026-09-14T02:18:07.968+00:00,2026-09-14T02:18:14.191+00:00,False,92,91.0,,91.0,293812.89526599995,300035.76041799993,300035.76045599993,3261.2582658260862,0.02113,293812.89526599995,30624.989278882025,89.39558960000001,68.38313353846154,20.61778972803109,0.3032971798868968,26,64,,False,False,Request timeout: 300.0s exceeded,417,21.16838264042747
127,2026-09-14T02:13:18.101+00:00,2026-09-14T02:18:11.847+00:00,2026-09-14T02:18:18.121+00:00,False,96,95.0,,95.0,293745.529988,300019.623556,300019.623613,3125.2044126354167,0.02054,293745.529988,29973.544312879094,88.902372,66.04309018947369,20.87893865863031,0.3166459542679475,26,64,,False,False,Request timeout: 300.0s exceeded,452,21.16838264042747
128,2026-09-14T02:13:22.201+00:00,2026-09-14T02:18:15.920+00:00,2026-09-14T02:18:22.226+00:00,False,95,94.0,,94.0,293718.85041799996,300024.58302599995,300024.582846,3158.1535036421046,0.02348,293718.85041799996,30128.042406647124,87.8570141,67.08226178723405,20.18302856763516,0.3133076598321745,26,64,,False,False,Request timeout: 300.0s exceeded,423,21.16838264042747
129,2026-09-14T02:13:25.784+00:00,2026-09-14T02:18:19.174+00:00,2026-09-14T02:18:25.800+00:00,False,100,99.0,,99.0,293390.320099,300015.845347,300015.845383,3000.15845383,0.04165,293390.320099,29332.346058044568,87.7577445,66.92449745454546,19.62368244967126,0.3299825710388598,26,64,,False,False,Request timeout: 300.0s exceeded,381,21.16838264042747
130,2026-09-14T02:13:29.195+00:00,2026-09-14T02:18:22.746+00:00,2026-09-14T02:18:29.201+00:00,False,93,92.0,,92.0,293551.016987,300006.14479500003,300006.14494100004,3225.8725262473117,0.02429,293551.016987,30432.5529155154,90.017713,70.16443269565217,19.489665741737834,0.3066603854493226,26,64,,False,False,Request timeout: 300.0s exceeded,344,21.16838264042747
131,2026-09-14T02:13:32.061+00:00,2026-09-14T02:18:25.887+00:00,2026-09-14T02:18:32.620+00:00,False,88,87.0,,87.0,293826.03086,300558.778892,300558.778975,3415.4406701704547,0.02314,293826.03086,31313.76912152209,91.79758685,77.3879084137931,60.91523879389944,0.2894608512874674,26,64,,False,False,Request timeout: 300.0s exceeded,442,21.16838264042747
132,2026-09-14T02:13:36.219+00:00,2026-09-14T02:18:29.580+00:00,2026-09-14T02:18:36.292+00:00,False,104,103.0,,103.0,293360.399956,300072.762452,300072.76228699996,2885.3150219903846,0.0,293360.399956,28760.02888630225,93.42403834999999,65.1685679223301,61.571741147815096,0.3432500809415383,26,64,,False,False,Request timeout: 300.0s exceeded,549,21.16838264042747
133,2026-09-14T02:13:40.854+00:00,2026-09-14T02:18:34.693+00:00,2026-09-14T02:18:40.939+00:00,False,91,90.0,,90.0,293839.706894,300085.04449400003,300085.044531,3297.637851989011,0.019530000000000002,293839.706894,30795.5032467662,89.61171050000002,69.39264,20.3601282425421,0.29991497960772073,26,64,,False,False,Request timeout: 300.0s exceeded,378,21.16838264042747
134,2026-09-14T02:13:44.575+00:00,2026-09-14T02:18:38.491+00:00,2026-09-14T02:18:44.582+00:00,False,94,93.0,,93.0,293915.716125,300006.93686099997,300006.93680799997,3191.563157531915,0.024550000000000002,293915.716125,30308.343059358853,89.9300378,65.49699716129032,20.911810226848864,0.309992832076043,26,64,,False,False,Request timeout: 300.0s exceeded,582,21.16838264042747
135,2026-09-14T02:13:49.379+00:00,2026-09-14T02:18:42.737+00:00,2026-09-14T02:18:49.444+00:00,False,106,105.0,,105.0,293358.117325,300064.676557,300064.676467,2830.7988345943395,0.04328,293358.117325,28487.262933511476,90.05933725000001,63.87199268571428,20.816547979350606,0.34992456028077096,26,64,,False,False,Request timeout: 300.0s exceeded,413,21.16838264042747
136,2026-09-14T02:13:52.757+00:00,2026-09-14T02:18:46.066+00:00,2026-09-14T02:18:52.818+00:00,False,102,101.0,,101.0,293308.41007499996,300060.04757899995,300060.04759,2941.76517245098,0.021889,293308.41007499996,29035.248660336947,89.61549600000001,66.84789607920791,20.87718261865119,0.3365992934244559,26,64,,False,False,Request timeout: 300.0s exceeded,457,21.16838264042747
137,2026-09-14T02:13:56.375+00:00,2026-09-14T02:18:49.829+00:00,2026-09-14T02:18:56.422+00:00,False,100,99.0,,99.0,293454.641513,300047.466345,300047.466384,3000.47466384,0.02241,293454.641513,29338.8110251737,87.751164,66.59419022222222,19.313764385516386,0.32994779528039075,26,64,,False,False,Request timeout: 300.0s exceeded,457,21.16838264042747
138,2026-09-14T02:13:59.316+00:00,2026-09-14T02:18:52.905+00:00,2026-09-14T02:18:59.387+00:00,False,107,106.0,,106.0,293588.324008,300070.844584,300070.844623,2804.4004170373832,0.01515,293588.324008,28376.9170905508,86.56301929999998,61.155854490566036,181.45607617649534,0.3532499138560161,26,64,,False,False,Request timeout: 300.0s exceeded,574,21.16838264042747
139,2026-09-14T02:14:03.870+00:00,2026-09-14T02:18:57.429+00:00,2026-09-14T02:19:03.881+00:00,False,104,103.0,,103.0,293558.913436,300010.972316,300010.972366,2884.7208881346155,0.015529999999999999,293558.913436,28780.260216906434,90.5425363,62.641348349514566,184.0727816460645,0.3433207765864997,26,64,,False,False,Request timeout: 300.0s exceeded,473,21.16838264042747
140,2026-09-14T02:14:07.554+00:00,2026-09-14T02:19:01.123+00:00,2026-09-14T02:19:07.560+00:00,False,98,97.0,,97.0,293568.340016,300005.532464,300005.532457,3061.280943438775,0.02425,293568.340016,29648.183932699034,89.00442500000001,66.36280874226804,20.511371645422713,0.3233273706765384,26,64,,False,False,Request timeout: 300.0s exceeded,439,21.16838264042747
141,2026-09-14T02:14:12.543+00:00,2026-09-14T02:19:06.301+00:00,2026-09-14T02:19:12.552+00:00,False,90,89.0,,89.0,293758.48724,300009.50471199997,300009.504703,3333.4389411444445,0.03091,293758.48724,30957.465363740543,89.3886214,70.23615137078652,18.582826451280077,0.2966572678603543,26,64,,False,False,Request timeout: 300.0s exceeded,164,21.16838264042747
142,2026-09-14T02:14:16.901+00:00,2026-09-14T02:19:10.601+00:00,2026-09-14T02:19:16.926+00:00,False,91,90.0,,90.0,293700.127491,300024.842499,300024.842499,3296.9762911978023,0.047200000000000006,293700.127491,30780.778373738573,89.58827099999999,70.27461120000001,19.54359224374432,0.2999751595579955,26,64,,False,False,Request timeout: 300.0s exceeded,359,21.16838264042747
143,2026-09-14T02:14:20.136+00:00,2026-09-14T02:19:13.795+00:00,2026-09-14T02:19:20.179+00:00,False,92,91.0,,91.0,293658.916793,300043.117497,300043.117646,3261.338235282609,0.037649999999999996,293658.916793,30608.75081545322,89.57682864999998,70.1560516923077,20.22083342939166,0.30328974301805095,26,64,,False,False,Request timeout: 300.0s exceeded,450,21.16838264042747
144,2026-09-14T02:14:24.792+00:00,2026-09-14T02:19:18.297+00:00,2026-09-14T02:19:24.876+00:00,False,98,97.0,,97.0,293504.50481099996,300083.991275,300083.99133199995,3062.081544204081,0.040369,293504.50481099996,29641.58729280232,88.32858485000001,67.82975736082474,20.32398774188211,0.3232428347405851,26,64,,False,False,Request timeout: 300.0s exceeded,385,21.16838264042747
145,2026-09-14T02:14:27.919+00:00,2026-09-14T02:19:21.994+00:00,2026-09-14T02:19:27.937+00:00,False,96,95.0,,95.0,294075.17223900004,300018.61825500004,300018.61835500004,3125.193941197917,0.0,294075.17223900004,30007.6128192481,90.298069,62.562589642105266,68.11904532778527,0.31664701528374817,26,64,,False,False,Request timeout: 300.0s exceeded,455,21.16838264042747
146,2026-09-14T02:14:32.003+00:00,2026-09-14T02:19:25.917+00:00,2026-09-14T02:19:32.069+00:00,False,101,100.0,,100.0,293914.414245,300066.183333,300066.183349,2970.9523103861384,0.0,293914.414245,29239.531425329256,89.34234099999999,61.51769088,66.7253083292499,0.33325981251617576,26,64,,False,False,Request timeout: 300.0s exceeded,331,21.16838264042747
147,2026-09-14T02:14:35.624+00:00,2026-09-14T02:19:29.493+00:00,2026-09-14T02:19:35.659+00:00,False,101,100.0,,100.0,293869.855798,300035.367734,300035.367662,2970.6472045742576,0.02112,293869.855798,29235.015240232155,86.94849600000002,61.65511936,19.73404336724811,0.3332940404834413,26,64,,False,False,Request timeout: 300.0s exceeded,469,21.16838264042747
148,2026-09-14T02:14:39.846+00:00,2026-09-14T02:19:33.423+00:00,2026-09-14T02:19:39.857+00:00,False,98,97.0,,97.0,293577.106472,300010.891304,300010.89123400004,3061.335624836735,0.03488,293577.106472,29649.072773974804,87.2320155,66.32767868041238,20.138391973769195,0.3233215953540508,26,64,,False,False,Request timeout: 300.0s exceeded,388,21.16838264042747
149,2026-09-14T02:14:43.488+00:00,2026-09-14T02:19:37.220+00:00,2026-09-14T02:19:43.532+00:00,False,97,96.0,,96.0,293731.98020499997,300043.96126099996,300043.961232,3093.2367137319584,0.04564,293731.98020499997,29817.294655698566,86.9649044,65.74980266666667,19.89607371841325,0.31995311485869987,26,64,,False,False,Request timeout: 300.0s exceeded,434,21.16838264042747
150,2026-09-14T02:14:47.245+00:00,2026-09-14T02:19:41.080+00:00,2026-09-14T02:19:47.262+00:00,False,95,94.0,,94.0,293835.202504,300017.327304,300017.32731699996,3158.0771296526314,0.037219999999999996,293835.202504,30140.11504494178,87.9407687,65.76728510638299,20.564723023326955,0.3133152369721372,26,64,,False,False,Request timeout: 300.0s exceeded,453,21.16838264042747
151,2026-09-14T02:14:51.200+00:00,2026-09-14T02:19:44.665+00:00,2026-09-14T02:19:51.256+00:00,False,102,101.0,,101.0,293464.51746899995,300055.43945299997,300055.43957799993,2941.719995862745,0.022670000000000003,293464.51746899995,29050.86290591355,88.05106760000001,65.25665330693069,20.534134323676128,0.3366044627756879,26,64,,False,False,Request timeout: 300.0s exceeded,379,21.16838264042747
152,2026-09-14T02:14:56.396+00:00,2026-09-14T02:19:49.558+00:00,2026-09-14T02:19:56.448+00:00,False,102,101.0,,101.0,293161.949445,300052.024581,300052.02465599997,2941.6865162352938,0.04043,293161.949445,29020.61050832846,88.798608,68.2185657029703,19.905647995631433,0.3366082936485394,26,64,,False,False,Request timeout: 300.0s exceeded,378,21.16838264042747
153,2026-09-14T02:15:00.451+00:00,2026-09-14T02:19:53.909+00:00,2026-09-14T02:20:00.498+00:00,False,100,99.0,,99.0,293458.011654,300047.10067799996,300047.100758,3000.47100758,0.0325,293458.011654,29339.15186413886,87.78281899999998,66.55645478787879,19.392559002638876,0.32994819738732734,26,64,,False,False,Request timeout: 300.0s exceeded,148,21.16838264042747
154,2026-09-14T02:15:04.351+00:00,2026-09-14T02:19:58.196+00:00,2026-09-14T02:20:04.394+00:00,False,94,93.0,,93.0,293845.493187,300043.24294699996,300043.242915,3191.949392712766,0.020399999999999998,293845.493187,30300.981548776745,88.55538,66.64247053763441,20.283195383711877,0.3099553220614525,26,64,,False,False,Request timeout: 300.0s exceeded,475,21.16838264042747
155,2026-09-14T02:15:09.196+00:00,2026-09-14T02:20:03.049+00:00,2026-09-14T02:20:09.250+00:00,False,93,92.0,,92.0,293853.335912,300054.02480799996,300054.024743,3226.3873628279566,0.0217,293853.335912,30464.189431956114,89.63111280000001,67.39879234782609,20.60639386901615,0.30661145125071865,26,64,,False,False,Request timeout: 300.0s exceeded,419,21.16838264042747
156,2026-09-14T02:15:12.092+00:00,2026-09-14T02:20:06.136+00:00,2026-09-14T02:20:12.144+00:00,False,94,93.0,,93.0,294043.902765,300051.55844500003,300051.558394,3192.0378552553193,0.023929,294043.902765,30321.657448650632,89.70395799999999,64.598448172043,21.306431184260358,0.30994673209486784,26,64,,False,False,Request timeout: 300.0s exceeded,431,21.16838264042747
157,2026-09-14T02:15:15.567+00:00,2026-09-14T02:20:09.039+00:00,2026-09-14T02:20:15.582+00:00,False,98,97.0,,97.0,293471.529179,300015.312603,300015.312615,3061.3807409693877,0.01902,293471.529179,29638.293610430843,88.7226985,67.46168478350516,20.58420014943606,0.32331683059243305,26,64,,False,False,Request timeout: 300.0s exceeded,468,21.16838264042747
158,2026-09-14T02:15:20.661+00:00,2026-09-14T02:20:13.988+00:00,2026-09-14T02:20:20.683+00:00,False,98,97.0,,97.0,293326.983718,300022.068006,300022.067935,3061.4496728061226,0.05343,293326.983718,29623.534520882138,89.89210855000002,69.02148750515464,20.24290316982772,0.32330955067631933,26,64,,False,False,Request timeout: 300.0s exceeded,431,21.16838264042747
159,2026-09-14T02:15:24.041+00:00,2026-09-14T02:20:17.431+00:00,2026-09-14T02:20:24.121+00:00,False,104,103.0,,103.0,293389.776032,300080.09872,300080.098688,2885.3855643076927,0.0,293389.776032,28762.937218752453,89.0897415,64.95458920388349,64.69802302294273,0.34324168926679693,26,64,,False,False,Request timeout: 300.0s exceeded,527,21.16838264042747
160,2026-09-14T02:15:27.247+00:00,2026-09-14T02:20:20.771+00:00,2026-09-14T02:20:27.283+00:00,False,100,99.0,,99.0,293524.44066,300035.81038800004,300035.810475,3000.35810475,0.0,293524.44066,29345.9414513667,89.0184513,65.77141139393939,66.47355733703192,0.32996061327471304,26,64,,False,False,Request timeout: 300.0s exceeded,486,21.16838264042747
161,2026-09-14T02:15:32.110+00:00,2026-09-14T02:20:25.961+00:00,2026-09-14T02:20:32.184+00:00,False,94,93.0,,93.0,293850.881802,300074.171914,300074.171936,3192.278424851064,0.03455,293850.881802,30301.508837878002,88.4885233,66.91709797849462,20.012199204555664,0.30992337463370023,26,64,,False,False,Request timeout: 300.0s exceeded,498,21.16838264042747
162,2026-09-14T02:15:35.324+00:00,2026-09-14T02:20:28.801+00:00,2026-09-14T02:20:35.382+00:00,False,95,94.0,,94.0,293477.764493,300058.052749,300058.052763,3158.5058185578946,0.05454,293477.764493,30103.00752833594,91.00364570000002,70.00306655319149,19.692531242519635,0.3132727121929017,26,64,,False,False,Request timeout: 300.0s exceeded,478,21.16838264042747
163,2026-09-14T02:15:40.099+00:00,2026-09-14T02:20:33.712+00:00,2026-09-14T02:20:40.114+00:00,False,88,87.0,,87.0,293612.710839,300014.961591,300014.961415,3409.260925170455,0.02447,293612.710839,31291.38092316842,88.7038347,73.58908910344827,18.49882492093043,0.2899855378499559,26,64,,False,False,Request timeout: 300.0s exceeded,432,21.16838264042747
164,2026-09-14T02:15:43.610+00:00,2026-09-14T02:20:37.296+00:00,2026-09-14T02:20:43.654+00:00,False,91,90.0,,90.0,293686.712147,300044.725843,300044.72582600004,3297.194789296703,0.04242,293686.712147,30779.33343274769,87.81409400000001,70.64459662222221,19.787158183733155,0.2999552808240095,26,64,,False,False,Request timeout: 300.0s exceeded,412,21.16838264042747
165,2026-09-14T02:15:46.665+00:00,2026-09-14T02:20:40.570+00:00,2026-09-14T02:20:46.736+00:00,False,92,91.0,,91.0,293905.399119,300071.377999,300071.377994,3261.645412978261,0.02544,293905.399119,30634.698752812445,88.74148155,67.75800967032967,20.78093827693089,0.3032611794127971,26,64,,False,False,Request timeout: 300.0s exceeded,450,21.16838264042747
166,2026-09-14T02:15:51.646+00:00,2026-09-14T02:20:45.352+00:00,2026-09-14T02:20:51.652+00:00,False,94,93.0,,93.0,293705.64808099996,300006.05537699995,300006.05530199996,3191.55377980851,0.044789999999999996,293705.64808099996,30286.445258179498,91.5223755,67.7463150107527,22.406510627089766,0.309993742903397,26,64,,False,False,Request timeout: 300.0s exceeded,445,21.16838264042747
167,2026-09-14T02:15:56.850+00:00,2026-09-14T02:20:50.846+00:00,2026-09-14T02:20:56.929+00:00,False,90,89.0,,89.0,293996.50734899996,300079.93032499996,300079.93020699994,3334.221446744444,0.027899999999999998,293996.50734899996,30982.75434011945,88.99337285,68.35306714606742,20.14253768055089,0.2965876455103446,26,64,,False,False,Request timeout: 300.0s exceeded,405,21.16838264042747
168,2026-09-14T02:16:01.250+00:00,2026-09-14T02:20:54.783+00:00,2026-09-14T02:21:01.300+00:00,False,98,97.0,,97.0,293533.23917400005,300050.12160600006,300050.12166700006,3061.7359353775514,0.04541,293533.23917400005,29644.555219244,89.34804485000001,67.18435496907216,20.503947296223632,0.323279322403915,26,64,,False,False,Request timeout: 300.0s exceeded,428,21.16838264042747
169,2026-09-14T02:16:05.127+00:00,2026-09-14T02:20:58.718+00:00,2026-09-14T02:21:05.214+00:00,False,97,96.0,,96.0,293591.292528,300087.24670400005,300087.246575,3093.6829543814433,0.02169,293591.292528,29802.815669114352,89.84021179999999,67.66618933333334,20.28438534995953,0.3199069639060418,26,64,,False,False,Request timeout: 300.0s exceeded,411,21.16838264042747
170,2026-09-14T02:16:10.387+00:00,2026-09-14T02:21:03.788+00:00,2026-09-14T02:21:10.413+00:00,False,100,99.0,,99.0,293400.619093,300025.93365300004,300025.93369700003,3000.2593369700003,0.03972,293400.619093,29333.376987056774,88.97273545000002,66.92236929292929,20.820885272196925,0.3299714754475194,26,64,,False,False,Request timeout: 300.0s exceeded,243,21.16838264042747
171,2026-09-14T02:16:14.041+00:00,2026-09-14T02:21:07.842+00:00,2026-09-14T02:21:14.118+00:00,False,93,92.0,,92.0,293801.08230199997,300077.06540599995,300077.065333,3226.6351111075264,0.039009999999999996,293801.08230199997,30458.686137332625,90.08460339999999,68.21720765217391,20.631430584635154,0.306587908927746,26,64,,False,False,Request timeout: 300.0s exceeded,487,21.16838264042747
172,2026-09-14T02:16:18.190+00:00,2026-09-14T02:21:11.954+00:00,2026-09-14T02:21:18.197+00:00,False,97,96.0,,96.0,293764.282986,300006.881642,300006.881819,3092.854451742268,0.0,293764.282986,29820.717312183875,90.23193959999999,65.02706933333333,67.6757832693944,0.3199926597502432,26,64,,False,False,Request timeout: 300.0s exceeded,365,21.16838264042747
173,2026-09-14T02:16:22.090+00:00,2026-09-14T02:21:16.195+00:00,2026-09-14T02:21:22.102+00:00,False,93,92.0,,92.0,294105.180852,300011.883188,300011.88308500004,3225.93422672043,0.0,294105.180852,30490.706749021578,93.39770680000001,64.20328626086956,69.23359595195268,0.3066545198889637,26,64,,False,False,Request timeout: 300.0s exceeded,454,21.16838264042747
174,2026-09-14T02:16:27.312+00:00,2026-09-14T02:21:20.956+00:00,2026-09-14T02:21:27.336+00:00,False,94,93.0,,93.0,293643.505379,300023.752163,300023.75213,3191.74204393617,0.03512,293643.505379,30279.94508867557,87.3641265,68.60480412903226,19.33467766641729,0.3099754580413154,26,64,,False,False,Request timeout: 300.0s exceeded,523,21.16838264042747
175,2026-09-14T02:16:32.763+00:00,2026-09-14T02:21:26.390+00:00,2026-09-14T02:21:32.905+00:00,False,99,98.0,,98.0,293626.893626,300141.83250599995,300141.832533,3031.735682151515,0.04119,293626.893626,29503.938871653558,89.1508679,66.47896816326531,20.562418777840215,0.32651229980759494,26,64,,False,False,Request timeout: 300.0s exceeded,443,21.16838264042747
176,2026-09-14T02:16:37.764+00:00,2026-09-14T02:21:31.543+00:00,2026-09-14T02:21:37.781+00:00,False,94,93.0,,93.0,293779.530743,300017.462519,300017.46241499996,3191.675132074468,0.03537,293779.530743,30294.133771124012,91.4234061,67.07453522580646,20.718547047510285,0.30998195644731963,26,64,,False,False,Request timeout: 300.0s exceeded,471,21.16838264042747
177,2026-09-14T02:16:42.228+00:00,2026-09-14T02:21:36.324+00:00,2026-09-14T02:21:42.813+00:00,False,98,97.0,,97.0,294096.54891,300585.423406,300585.423412,3067.1981980816327,0.0353,294096.54891,29701.486748611198,88.0052902,66.89561336082474,19.757265307639944,0.32270360585311,26,64,,False,False,Request timeout: 300.0s exceeded,279,21.16838264042747
178,2026-09-14T02:16:45.989+00:00,2026-09-14T02:21:39.432+00:00,2026-09-14T02:21:46.401+00:00,False,77,76.0,,76.0,293443.08082599996,300412.16242599994,300412.16264399997,3901.456657714285,0.04438,293443.08082599996,33431.362947078494,89.05860559999999,91.69844210526315,242.82941957678676,0.25298576258117034,26,64,,False,False,Request timeout: 300.0s exceeded,416,21.16838264042747
179,2026-09-14T02:16:50.225+00:00,2026-09-14T02:21:43.967+00:00,2026-09-14T02:21:50.239+00:00,False,104,103.0,,103.0,293741.982552,300013.68123999995,300013.681323,2884.7469357980767,0.01558,293741.982552,28798.527425382068,88.5825235,60.89027852427184,205.63343125192208,0.34331767662823276,26,64,,False,False,Request timeout: 300.0s exceeded,378,21.16838264042747
180,2026-09-14T02:16:54.227+00:00,2026-09-14T02:21:48.004+00:00,2026-09-14T02:21:54.282+00:00,False,93,92.0,,92.0,293777.361843,300054.69637099997,300054.69633199996,3226.394584215054,0.02552,293777.361843,30456.22416212146,87.77759300000001,68.23189704347827,19.471298117001712,0.30661076501281426,26,64,,False,False,Request timeout: 300.0s exceeded,203,21.16838264042747
181,2026-09-14T02:16:57.641+00:00,2026-09-14T02:21:51.449+00:00,2026-09-14T02:21:57.690+00:00,False,93,92.0,,92.0,293808.275621,300049.162149,300049.162158,3226.3350769677418,0.023280000000000002,293808.275621,30459.47106429627,88.0407902,67.83572313043479,19.80391868290447,0.30661642025953784,26,64,,False,False,Request timeout: 300.0s exceeded,490,21.16838264042747
182,2026-09-14T02:17:02.743+00:00,2026-09-14T02:21:56.721+00:00,2026-09-14T02:22:02.789+00:00,False,89,88.0,,88.0,293977.943872,300045.75468799996,300045.754714,3371.3006147640444,0.03583,293977.943872,31154.297007311274,89.679391,68.95239563636365,19.798345166342305,0.29328860223836883,26,64,,False,False,Request timeout: 300.0s exceeded,383,21.16838264042747
183,2026-09-14T02:17:06.563+00:00,2026-09-14T02:22:00.340+00:00,2026-09-14T02:22:06.592+00:00,False,95,94.0,,94.0,293777.123422,300029.08655799995,300029.086685,3158.2009124736837,0.04297,293777.123422,30134.080275108463,89.5265784,66.51024612765957,20.92179551880394,0.313302956984567,26,64,,False,False,Request timeout: 300.0s exceeded,458,21.16838264042747
184,2026-09-14T02:17:11.429+00:00,2026-09-14T02:22:05.393+00:00,2026-09-14T02:22:11.452+00:00,False,93,92.0,,92.0,293964.508188,300022.900764,300022.90075000003,3226.0526962365593,0.08164,293964.508188,30475.877799808826,89.1854596,65.8520932173913,20.542464367262074,0.30664325878366133,26,64,,False,False,Request timeout: 300.0s exceeded,447,21.16838264042747
185,2026-09-14T02:17:14.734+00:00,2026-09-14T02:22:08.133+00:00,2026-09-14T02:22:14.754+00:00,False,108,107.0,,107.0,293398.711486,300019.854782,300019.85477,2777.961618240741,0.0,293398.711486,28226.42289010564,89.514957,61.87984388785047,64.54382006239416,0.3566430630991012,26,64,,False,False,Request timeout: 300.0s exceeded,513,21.16838264042747
186,2026-09-14T02:17:18.380+00:00,2026-09-14T02:22:12.499+00:00,2026-09-14T02:22:18.433+00:00,False,92,91.0,,91.0,294118.576,300052.53056,300052.530655,3261.440550597826,0.02318,294118.576,30657.189425734323,88.0853922,65.20829186813187,20.214604436368695,0.30328022839921753,26,64,,False,False,Request timeout: 300.0s exceeded,388,21.16838264042747
187,2026-09-14T02:17:21.993+00:00,2026-09-14T02:22:15.297+00:00,2026-09-14T02:22:22.041+00:00,False,99,98.0,,98.0,293303.989336,300047.219544,300047.219481,3030.779994757576,0.02494,293303.989336,29471.251137133568,87.377695,68.80847151020407,19.800588496312674,0.326615257921525,26,64,,False,False,Request timeout: 300.0s exceeded,449,21.16838264042747
188,2026-09-14T02:17:25.464+00:00,2026-09-14T02:22:19.018+00:00,2026-09-14T02:22:25.479+00:00,False,97,96.0,,96.0,293554.00765,300014.754402,300014.754381,3092.9356121752576,0.0228,293554.00765,29799.067411941607,89.8219368,67.29944533333332,20.594735885852018,0.31998426274517927,26,64,,False,False,Request timeout: 300.0s exceeded,474,21.16838264042747
189,2026-09-14T02:17:28.807+00:00,2026-09-14T02:22:22.734+00:00,2026-09-14T02:22:28.887+00:00,False,93,92.0,,92.0,293927.371484,300080.213468,300080.213427,3226.6689615806454,0.02708,293927.371484,30471.920508683168,89.31121160000001,66.8787172173913,20.63334288144747,0.3065846925952374,26,64,,False,False,Request timeout: 300.0s exceeded,487,21.16838264042747
190,2026-09-14T02:17:33.287+00:00,2026-09-14T02:22:26.957+00:00,2026-09-14T02:22:33.299+00:00,False,91,90.0,,90.0,293669.72137800005,300011.28707400005,300011.2872220001,3296.8273321098904,0.020329999999999997,293669.72137800005,30777.571865211496,90.800108,70.46184106666666,20.392690676744163,0.2999887133506441,26,64,,False,False,Request timeout: 300.0s exceeded,439,21.16838264042747
191,2026-09-14T02:17:38.020+00:00,2026-09-14T02:22:31.670+00:00,2026-09-14T02:22:38.109+00:00,False,94,93.0,,93.0,293649.30733,300088.404162,300088.40422799997,3192.4298322127656,0.04108,293649.30733,30280.479717353952,93.1892105,69.23760034408602,21.538369926065794,0.3099086759440221,26,64,,False,False,Request timeout: 300.0s exceeded,475,21.16838264042747
192,2026-09-14T02:17:42.969+00:00,2026-09-14T02:22:36.500+00:00,2026-09-14T02:22:42.979+00:00,False,94,93.0,,93.0,293531.374458,300010.15359400003,300010.15350200003,3191.597377680851,0.02069,293531.374458,30268.271734488193,91.16854065,69.66429178494623,21.35394294410913,0.30998950830796124,26,64,,False,False,Request timeout: 300.0s exceeded,385,21.16838264042747
193,2026-09-14T02:17:46.131+00:00,2026-09-14T02:22:39.640+00:00,2026-09-14T02:22:46.207+00:00,False,95,94.0,,94.0,293509.758499,300076.15593899996,300076.15600799996,3158.696379031579,0.02589,293509.758499,30106.305990519377,92.9695253,69.85529191489361,20.871537280393273,0.3132538128724513,26,64,,False,False,Request timeout: 300.0s exceeded,495,21.16838264042747
194,2026-09-14T02:17:50.281+00:00,2026-09-14T02:22:44.130+00:00,2026-09-14T02:22:50.313+00:00,False,91,90.0,,90.0,293849.1012,300032.33064,300032.330478,3297.0585766813183,0.03438,293849.1012,30796.559522167503,87.46010999999999,68.70254933333332,19.0047341008001,0.29996767284385883,26,64,,False,False,Request timeout: 300.0s exceeded,459,21.16838264042747
195,2026-09-14T02:17:54.900+00:00,2026-09-14T02:22:48.605+00:00,2026-09-14T02:22:54.943+00:00,False,96,95.0,,95.0,293705.255313,300043.258769,300043.259014,3125.450614729167,0.020079999999999997,293705.255313,29969.363888634718,86.7860845,66.71582585263158,18.98324443740647,0.31662101121605085,26,64,,False,False,Request timeout: 300.0s exceeded,450,21.16838264042747
196,2026-09-14T02:17:58.844+00:00,2026-09-14T02:22:52.991+00:00,2026-09-14T02:22:58.874+00:00,False,86,85.0,,85.0,294146.85419700004,300030.03218100005,300030.03206100006,3488.721303034884,0.033229999999999996,294146.85419700004,31711.214747299597,93.02500400000001,69.21385863529413,21.57397252772546,0.2833049724459643,26,64,,False,False,Request timeout: 300.0s exceeded,294,21.16838264042747
197,2026-09-14T02:18:03.203+00:00,2026-09-14T02:22:57.173+00:00,2026-09-14T02:23:03.211+00:00,False,88,87.0,,87.0,293970.712787,300008.362451,300008.362504,3409.1859375454546,0.04205,293970.712787,31329.992052427067,90.19275985,69.398272,20.540958884244922,0.28999191652269224,26,64,,False,False,Request timeout: 300.0s exceeded,451,21.16838264042747
198,2026-09-14T02:18:06.267+00:00,2026-09-14T02:22:59.836+00:00,2026-09-14T02:23:06.434+00:00,False,90,89.0,,89.0,293569.022841,300166.702969,300166.703084,3335.185589822222,0.038629,293569.022841,30937.148597764546,88.47658045,74.13123739325842,66.48099997869403,0.29650190750568217,26,64,,False,False,Request timeout: 300.0s exceeded,299,21.16838264042747
199,2026-09-14T02:18:09.382+00:00,2026-09-14T02:23:03.211+00:00,2026-09-14T02:23:09.408+00:00,False,96,95.0,,95.0,293829.340947,300026.60046700004,300026.600386,3125.2770873541667,0.0,293829.340947,29982.250988757376,90.25020175,65.2343107368421,68.49040465934218,0.31663859088537405,26,64,,False,False,Request timeout: 300.0s exceeded,349,21.16838264042747
200,2026-09-14T02:18:13.048+00:00,2026-09-14T02:23:06.792+00:00,2026-09-14T02:23:13.117+00:00,False,96,95.0,,95.0,293744.38349299994,300069.1645489999,300069.16449199995,3125.7204634583327,0.023620000000000002,293744.38349299994,29973.37227157747,90.4864815,66.57664269473685,20.03136457103569,0.3165936764705023,26,64,,False,False,Request timeout: 300.0s exceeded,446,21.16838264042747
201,2026-09-14T02:18:17.263+00:00,2026-09-14T02:23:10.507+00:00,2026-09-14T02:23:17.309+00:00,False,97,96.0,,96.0,293244.243977,300046.501385,300046.501368,3093.262900701031,0.020730000000000002,293244.243977,29767.25407563912,89.50663479999999,70.856848,19.989085799407036,0.3199504062099331,26,64,,False,False,Request timeout: 300.0s exceeded,500,21.16838264042747
202,2026-09-14T02:18:21.038+00:00,2026-09-14T02:23:14.470+00:00,2026-09-14T02:23:21.102+00:00,False,96,95.0,,95.0,293431.35720800003,300063.30191200005,300063.301899,3125.6593947812503,0.02754,293431.35720800003,29941.09462223998,89.70586775,69.80994425263158,20.703550818568747,0.3165998620779717,26,64,,False,False,Request timeout: 300.0s exceeded,374,21.16838264042747
203,2026-09-14T02:18:25.547+00:00,2026-09-14T02:23:19.034+00:00,2026-09-14T02:23:25.597+00:00,False,98,97.0,,97.0,293487.146078,300049.94287800003,300049.94295500003,3061.7341117857145,0.03003,293487.146078,29639.8509530978,87.69546634999999,67.65769896907216,19.991526181508583,0.3232795149687467,26,64,,False,False,Request timeout: 300.0s exceeded,360,21.16838264042747
204,2026-09-14T02:18:29.826+00:00,2026-09-14T02:23:23.181+00:00,2026-09-14T02:23:29.849+00:00,False,98,97.0,,97.0,293354.950104,300022.641624,300022.64173,3061.455527857143,0.02655,293354.950104,29626.388030573766,89.02650605000001,68.73908783505155,20.172191584219764,0.3233089325357123,26,64,,False,False,Request timeout: 300.0s exceeded,241,21.16838264042747
205,2026-09-14T02:18:34.656+00:00,2026-09-14T02:23:28.008+00:00,2026-09-14T02:23:34.694+00:00,False,104,103.0,,103.0,293351.51422799996,300037.44753999996,300037.447694,2884.975458596153,0.05379,293351.51422799996,28759.125085323165,91.46774300000001,64.91197390291262,21.043988987545568,0.34329048205313906,26,64,,False,False,Request timeout: 300.0s exceeded,481,21.16838264042747
206,2026-09-14T02:18:39.236+00:00,2026-09-14T02:23:32.494+00:00,2026-09-14T02:23:39.255+00:00,False,100,99.0,,99.0,293258.785241,300019.555801,300019.555891,3000.1955589100003,0.04476,293258.785241,29319.056573750826,91.3779265,68.29061171717171,20.523784965486712,0.3299784900210496,26,64,,False,False,Request timeout: 300.0s exceeded,465,21.16838264042747
207,2026-09-14T02:18:42.620+00:00,2026-09-14T02:23:35.969+00:00,2026-09-14T02:23:42.667+00:00,False,98,97.0,,97.0,293348.70173699997,300046.659625,300046.65963899996,3061.7006085612243,0.02078,293348.70173699997,29625.72488112554,88.4847602,69.05111224742268,19.492840330029843,0.32328305244668,26,64,,False,False,Request timeout: 300.0s exceeded,437,21.16838264042747
208,2026-09-14T02:18:46.278+00:00,2026-09-14T02:23:39.934+00:00,2026-09-14T02:23:46.299+00:00,False,95,94.0,,94.0,293656.405195,300020.889803,300020.889722,3158.1146286526314,0.03571,293656.405195,30121.570684785736,85.3600253,67.70728306382979,18.852970928627936,0.31331151661380097,26,64,,False,False,Request timeout: 300.0s exceeded,386,21.16838264042747
209,2026-09-14T02:18:51.081+00:00,2026-09-14T02:23:45.101+00:00,2026-09-14T02:23:51.105+00:00,False,89,88.0,,88.0,294019.84876599995,300023.48882999993,300023.48889499996,3371.050437022471,0.05453,294019.84876599995,31158.81643621486,90.2499914,68.22318254545455,20.151024787117255,0.2933103682754079,26,64,,False,False,Request timeout: 300.0s exceeded,470,21.16838264042747
210,2026-09-14T02:18:56.017+00:00,2026-09-14T02:23:49.333+00:00,2026-09-14T02:23:56.059+00:00,False,96,95.0,,95.0,293316.16066299996,300041.994647,300041.99479499995,3125.4374457812496,0.02253,293316.16066299996,29929.23644260837,90.10505450000001,70.7982524631579,20.53434227609686,0.3166223451879384,26,64,,False,False,Request timeout: 300.0s exceeded,488,21.16838264042747
211,2026-09-14T02:18:59.633+00:00,2026-09-14T02:23:53.117+00:00,2026-09-14T02:23:59.654+00:00,False,101,100.0,,100.0,293483.898484,300020.6437,300020.643648,2970.501422257426,0.04553,293483.898484,29196.24280267827,90.60121799999999,65.36745216,21.359899834025054,0.33331039746715935,26,64,,False,False,Request timeout: 300.0s exceeded,503,21.16838264042747
212,2026-09-14T02:19:03.645+00:00,2026-09-14T02:23:57.630+00:00,2026-09-14T02:24:03.655+00:00,False,102,101.0,,101.0,293985.15510399995,300009.4994239999,300009.499431,2941.2696022647056,0.0,293985.15510399995,29103.03672547755,97.55220709999999,59.64697346534654,66.29303340721617,0.3366560065395059,26,64,,False,False,Request timeout: 300.0s exceeded,382,21.16838264042747
213,2026-09-14T02:19:08.375+00:00,2026-09-14T02:24:01.886+00:00,2026-09-14T02:24:08.411+00:00,False,101,100.0,,100.0,293511.11444599996,300036.24494199996,300036.244867,2970.655889772277,0.03817,293511.11444599996,29198.96177322363,88.55139299999999,65.25130496,20.406171808182602,0.33329306604050796,26,64,,False,False,Request timeout: 300.0s exceeded,452,21.16838264042747
214,2026-09-14T02:19:12.758+00:00,2026-09-14T02:24:06.285+00:00,2026-09-14T02:24:12.828+00:00,False,98,97.0,,97.0,293527.358074,300070.964858,300070.964904,3061.9486214693875,0.02246,293527.358074,29643.93235193243,86.51608455,67.45986375257732,19.056205251429343,0.3232568670744352,26,64,,False,False,Request timeout: 300.0s exceeded,515,21.16838264042747
215,2026-09-14T02:19:16.882+00:00,2026-09-14T02:24:10.247+00:00,2026-09-14T02:24:16.917+00:00,False,99,98.0,,98.0,293365.060116,300035.864084,300035.863939,3030.6652923131314,0.053329999999999995,293365.060116,29477.463009649357,88.01060379999998,68.06942824489796,19.425305146265366,0.3266276193320785,26,64,,False,False,Request timeout: 300.0s exceeded,476,21.16838264042747
216,2026-09-14T02:19:21.582+00:00,2026-09-14T02:24:14.818+00:00,2026-09-14T02:24:21.606+00:00,False,99,98.0,,98.0,293236.197098,300024.03453799995,300024.034444,3030.5458024646464,0.026169,293236.197098,29464.391880910684,89.20101700000001,69.26364734693877,19.597178504938586,0.32664049782180926,26,64,,False,False,Request timeout: 300.0s exceeded,505,21.16838264042747
217,2026-09-14T02:19:25.445+00:00,2026-09-14T02:24:19.075+00:00,2026-09-14T02:24:25.473+00:00,False,95,94.0,,94.0,293630.088095,300028.312991,300028.31302400003,3158.1927686736844,0.037628999999999996,293630.088095,30118.83448122501,90.6938737,68.06622229787233,19.951177954867934,0.3133037647777586,26,64,,False,False,Request timeout: 300.0s exceeded,398,21.16838264042747
218,2026-09-14T02:19:29.295+00:00,2026-09-14T02:24:23.012+00:00,2026-09-14T02:24:29.387+00:00,False,98,97.0,,97.0,293716.653952,300092.06080000004,300092.06096900004,3062.163887438776,0.02556,293716.653952,29663.23004606231,89.55770534999999,65.72584379381443,20.22283542962048,0.32323414268745626,26,64,,False,False,Request timeout: 300.0s exceeded,370,21.16838264042747
219,2026-09-14T02:19:33.815+00:00,2026-09-14T02:24:27.852+00:00,2026-09-14T02:24:33.832+00:00,False,89,88.0,,88.0,294037.43477600004,300016.809368,300016.80925900006,3370.975384932585,0.04104,294037.43477600004,31160.709295765828,89.8648902,67.94743854545455,19.38181349901413,0.29331689842771236,26,64,,False,False,Request timeout: 300.0s exceeded,231,21.16838264042747
220,2026-09-14T02:19:37.987+00:00,2026-09-14T02:24:31.585+00:00,2026-09-14T02:24:38.046+00:00,False,96,95.0,,95.0,293597.50021499995,300058.37419899995,300058.37426099996,3125.6080652187493,0.02232,293597.50021499995,29958.23491943751,87.43808574999998,68.00919983157894,20.13111933318653,0.3166050614437963,26,64,,False,False,Request timeout: 300.0s exceeded,428,21.16838264042747
221,2026-09-14T02:19:43.134+00:00,2026-09-14T02:24:36.634+00:00,2026-09-14T02:24:43.151+00:00,False,92,91.0,,91.0,293499.994193,300017.334097,300017.33419900003,3261.0579804239132,0.020798999999999998,293499.994193,30592.028924225506,89.64989305,71.61911982417583,19.388225262675967,0.30331580764789534,26,64,,False,False,Request timeout: 300.0s exceeded,345,21.16838264042747
222,2026-09-14T02:19:47.645+00:00,2026-09-14T02:24:41.571+00:00,2026-09-14T02:24:47.725+00:00,False,100,99.0,,99.0,293925.214717,300079.310589,300079.31067100004,3000.7931067100003,0.01541,293925.214717,29387.183456085215,89.82831049999999,62.162584565656566,228.35084639599057,0.32991278140995917,26,64,,False,False,Request timeout: 300.0s exceeded,390,21.16838264042747
223,2026-09-14T02:19:52.920+00:00,2026-09-14T02:24:47.823+00:00,2026-09-14T02:24:52.953+00:00,False,76,75.0,,75.0,294902.493454,300032.972046,300032.971969,3947.80226275,0.02007,294902.493454,33819.79640778015,91.32662475000001,68.40638122666667,22.185484548657445,0.2499725263145454,26,64,,False,False,Request timeout: 300.0s exceeded,352,21.16838264042747
224,2026-09-14T02:19:58.011+00:00,2026-09-14T02:24:51.788+00:00,2026-09-14T02:24:58.049+00:00,False,95,94.0,,94.0,293777.43998799997,300038.34546,300038.345377,3158.2983723894736,0.0,293777.43998799997,30134.174590342143,88.86855500000001,66.60537736170212,69.27558386129158,0.3132932887490934,26,64,,False,False,Request timeout: 300.0s exceeded,413,21.16838264042747
225,2026-09-14T02:20:01.881+00:00,2026-09-14T02:24:55.600+00:00,2026-09-14T02:25:01.928+00:00,False,99,98.0,,98.0,293718.120337,300046.174865,300046.174844,3030.769442868687,0.0,293718.120337,29513.36859943473,86.20005979999998,64.57198497959183,67.55716142047358,0.3266163951068305,26,64,,False,False,Request timeout: 300.0s exceeded,406,21.16838264042747
226,2026-09-14T02:20:05.596+00:00,2026-09-14T02:24:59.250+00:00,2026-09-14T02:25:05.672+00:00,False,97,96.0,,96.0,293653.894646,300075.386358,300075.386236,3093.560682845361,0.04178,293653.894646,29809.250351794308,87.90215,66.89053866666666,19.752790026565446,0.3199196080863119,26,64,,False,False,Request timeout: 300.0s exceeded,461,21.16838264042747
227,2026-09-14T02:20:10.252+00:00,2026-09-14T02:25:03.884+00:00,2026-09-14T02:25:10.319+00:00,False,95,94.0,,94.0,293631.933556,300067.637876,300067.638125,3158.606717105263,0.037979,293631.933556,30118.982733897334,88.6023941,68.46493957446809,19.674877636392843,0.3132627052532888,26,64,,False,False,Request timeout: 300.0s exceeded,447,21.16838264042747
228,2026-09-14T02:20:14.204+00:00,2026-09-14T02:25:07.925+00:00,2026-09-14T02:25:14.254+00:00,False,91,90.0,,90.0,293720.423371,300049.29556299996,300049.295537,3297.245005901099,0.03879,293720.423371,30782.900758117456,89.010882,70.32080213333334,18.962469134381774,0.2999507125358443,26,64,,False,False,Request timeout: 300.0s exceeded,342,21.16838264042747
229,2026-09-14T02:20:18.731+00:00,2026-09-14T02:25:12.517+00:00,2026-09-14T02:25:18.757+00:00,False,90,89.0,,89.0,293786.06652600004,300026.94588600006,300026.94573700003,3333.6327304111114,0.03728,293786.06652600004,30960.38584236424,89.91728549999999,70.12224,20.747765272944353,0.29664002257256233,26,64,,False,False,Request timeout: 300.0s exceeded,370,21.16838264042747
230,2026-09-14T02:20:22.893+00:00,2026-09-14T02:25:16.661+00:00,2026-09-14T02:25:22.938+00:00,False,94,93.0,,93.0,293768.09118800005,300045.56370000006,300045.56378,3191.974082765958,0.047240000000000004,293768.09118800005,30292.91026834753,90.30132000000002,67.49970443010753,21.084797685763576,0.30995292465975555,26,64,,False,False,Request timeout: 300.0s exceeded,348,21.16838264042747
231,2026-09-14T02:20:28.005+00:00,2026-09-14T02:25:21.542+00:00,2026-09-14T02:25:28.031+00:00,False,99,98.0,,98.0,293537.359148,300025.896492,300025.896536,3030.564611474748,0.02214,293537.359148,29494.967853747352,90.48232900000001,66.20956473469387,21.215093517172765,0.3266384706981889,26,64,,False,False,Request timeout: 300.0s exceeded,440,21.16838264042747
232,2026-09-14T02:20:32.495+00:00,2026-09-14T02:25:26.505+00:00,2026-09-14T02:25:32.503+00:00,False,85,84.0,,84.0,294010.295462,300007.526054,300007.526119,3529.500307282353,0.022359999999999998,294010.295462,31882.156691023807,92.14447539999999,71.39560228571429,20.688405289518855,0.27999297585914684,26,64,,False,False,Request timeout: 300.0s exceeded,405,21.16838264042747
233,2026-09-14T02:20:37.061+00:00,2026-09-14T02:25:30.738+00:00,2026-09-14T02:25:37.075+00:00,False,93,92.0,,92.0,293676.86616100004,300014.44696100004,300014.44718700007,3225.9617977096777,0.02479,293676.86616100004,30445.736147460935,92.6184526,68.88674782608696,20.705012027042347,0.30665189937323056,26,64,,False,False,Request timeout: 300.0s exceeded,418,21.16838264042747
234,2026-09-14T02:20:41.455+00:00,2026-09-14T02:25:35.264+00:00,2026-09-14T02:25:41.485+00:00,False,92,91.0,,91.0,293809.305115,300030.631963,300030.632176,3261.202523652174,0.020829999999999998,293809.305115,30624.61621084515,89.1052485,68.36622909890109,19.803905354881437,0.30330236417734235,26,64,,False,False,Request timeout: 300.0s exceeded,344,21.16838264042747
235,2026-09-14T02:20:45.006+00:00,2026-09-14T02:25:38.594+00:00,2026-09-14T02:25:45.065+00:00,False,96,95.0,,95.0,293587.99387400004,300059.74222600006,300059.74221700005,3125.622314760417,0.022809,293587.99387400004,29957.253160548935,90.57591350000001,68.1236668631579,20.3709436114199,0.31660361798367326,26,64,,False,False,Request timeout: 300.0s exceeded,372,21.16838264042747
236,2026-09-14T02:20:48.203+00:00,2026-09-14T02:25:41.815+00:00,2026-09-14T02:25:48.260+00:00,False,95,94.0,,94.0,293611.327667,300056.412595,300056.412639,3158.488554094737,0.028739999999999998,293611.327667,30116.85918369734,90.749424,68.56473327659575,20.886663746327276,0.313274424589206,26,64,,False,False,Request timeout: 300.0s exceeded,390,21.16838264042747
237,2026-09-14T02:20:51.164+00:00,2026-09-14T02:25:45.066+00:00,2026-09-14T02:25:51.605+00:00,False,84,83.0,,83.0,293901.639526,300441.125222,300441.125078,3576.680060452381,0.04022,293901.639526,32058.77351364871,90.29472479999998,78.78898428915663,68.47105523940562,0.27626044849442694,26,64,,False,False,Request timeout: 300.0s exceeded,389,21.16838264042747
238,2026-09-14T02:20:54.687+00:00,2026-09-14T02:25:48.390+00:00,2026-09-14T02:25:54.772+00:00,False,100,99.0,,99.0,293703.028911,300085.482415,300085.48226,3000.8548226,0.0,293703.028911,29363.934639442086,89.29423794999998,64.46922731313131,68.31774952680864,0.329905996129093,26,64,,False,False,Request timeout: 300.0s exceeded,509,21.16838264042747
239,2026-09-14T02:20:59.713+00:00,2026-09-14T02:25:53.471+00:00,2026-09-14T02:25:59.728+00:00,False,94,93.0,,93.0,293757.760848,300015.360848,300015.36072,3191.6527736170215,0.04603,293757.760848,30291.866899950895,89.2475065,67.28602150537634,21.207329153529443,0.3099841279364279,26,64,,False,False,Request timeout: 300.0s exceeded,404,21.16838264042747
240,2026-09-14T02:21:03.124+00:00,2026-09-14T02:25:56.942+00:00,2026-09-14T02:26:03.152+00:00,False,91,90.0,,90.0,293817.503623,300027.627911,300027.627797,3297.006898868132,0.02565,293817.503623,30793.21683091248,89.6176655,69.00138097777779,20.517963311907483,0.29997237463310394,26,64,,False,False,Request timeout: 300.0s exceeded,447,21.16838264042747
241,2026-09-14T02:21:07.705+00:00,2026-09-14T02:26:01.270+00:00,2026-09-14T02:26:07.765+00:00,False,96,95.0,,95.0,293565.087208,300059.347176,300059.347063,3125.6181985729168,0.02542,293565.087208,29954.89107029192,89.75423274999999,68.36063124210526,20.36496435911713,0.31660403481541166,26,64,,False,False,Request timeout: 300.0s exceeded,231,21.16838264042747
242,2026-09-14T02:21:12.649+00:00,2026-09-14T02:26:06.389+00:00,2026-09-14T02:26:12.696+00:00,False,94,93.0,,93.0,293740.009342,300046.491518,300046.491451,3191.983951606383,0.03553,293740.009342,30289.981183030526,88.98064849999999,67.81163630107527,20.358406848927284,0.3099519662086129,26,64,,False,False,Request timeout: 300.0s exceeded,356,21.16838264042747
243,2026-09-14T02:21:15.684+00:00,2026-09-14T02:26:09.425+00:00,2026-09-14T02:26:15.732+00:00,False,90,89.0,,89.0,293741.01938099996,300048.204277,300048.20428899996,3333.868936544444,0.02461,293741.01938099996,30955.55838480987,90.72353500000001,70.8672460224719,19.913265464266075,0.2966190056509605,26,64,,False,False,Request timeout: 300.0s exceeded,457,21.16838264042747
244,2026-09-14T02:21:18.755+00:00,2026-09-14T02:26:12.614+00:00,2026-09-14T02:26:18.762+00:00,False,92,91.0,,91.0,293858.719333,300007.317861,300007.31788600003,3260.9491074565217,0.02505,293858.719333,30629.851681075652,88.3292075,67.56701679120879,20.357738024375685,0.3033259343432493,26,64,,False,False,Request timeout: 300.0s exceeded,485,21.16838264042747
245,2026-09-14T02:21:21.861+00:00,2026-09-14T02:26:15.473+00:00,2026-09-14T02:26:21.907+00:00,False,98,97.0,,97.0,293612.708344,300045.89644,300045.896416,3061.6928205714285,0.01921,293612.708344,29652.6702140314,90.7409032,66.32152676288659,20.85083755392988,0.3232838747368006,26,64,,False,False,Request timeout: 300.0s exceeded,330,21.16838264042747
246,2026-09-14T02:21:26.906+00:00,2026-09-14T02:26:20.382+00:00,2026-09-14T02:26:26.957+00:00,False,96,95.0,,95.0,293476.624464,300050.806352,300050.80631899997,3125.529232489583,0.05207,293476.624464,29945.776538024405,89.7081775,69.2019146105263,20.394457649996795,0.3166130468203182,26,64,,False,False,Request timeout: 300.0s exceeded,463,21.16838264042747
247,2026-09-14T02:21:30.383+00:00,2026-09-14T02:26:23.817+00:00,2026-09-14T02:26:30.403+00:00,False,100,99.0,,99.0,293434.386254,300020.23227000004,300020.232434,3000.20232434,0.02259,293434.386254,29336.793958568986,88.96702345,66.52369713131313,21.367680494717938,0.32997774600382945,26,64,,False,False,Request timeout: 300.0s exceeded,402,21.16838264042747
248,2026-09-14T02:21:33.420+00:00,2026-09-14T02:26:27.037+00:00,2026-09-14T02:26:33.495+00:00,False,96,95.0,,95.0,293617.447229,300075.332413,300075.33243899996,3125.7847129062498,0.02811,293617.447229,29960.2742866565,89.456716,67.97773877894737,20.6113058696577,0.316587169082094,26,64,,False,False,Request timeout: 300.0s exceeded,387,21.16838264042747
249,2026-09-14T02:21:36.301+00:00,2026-09-14T02:26:29.932+00:00,2026-09-14T02:26:36.312+00:00,False,95,94.0,,94.0,293630.245733,300010.56598899997,300010.566007,3158.0059579684207,0.028,293630.245733,30118.870248464576,88.44241969999999,67.87574740425532,20.02975861963877,0.31332229813348156,26,64,,False,False,Request timeout: 300.0s exceeded,403,21.16838264042747
250,2026-09-14T02:21:40.623+00:00,2026-09-14T02:26:34.576+00:00,2026-09-14T02:26:40.663+00:00,False,93,92.0,,92.0,293953.00215200003,300040.364712,300040.364706,3226.2404807096777,0.023379999999999998,293953.00215200003,30474.65198459442,88.74423660000001,66.16698434782609,20.478749686487117,0.3066254105120427,26,64,,False,False,Request timeout: 300.0s exceeded,227,21.16838264042747
251,2026-09-14T02:21:46.362+00:00,2026-09-14T02:26:39.109+00:00,2026-09-14T02:26:46.458+00:00,False,104,103.0,,103.0,292747.15702100005,300095.96546900005,300095.96555100003,2885.5381302980772,0.037880000000000004,292747.15702100005,28699.2831287091,90.2207655,71.34765483495146,58.3980135152866,0.34322354130628896,26,64,,False,False,Request timeout: 300.0s exceeded,203,21.16838264042747
252,2026-09-14T02:21:48.193+00:00,2026-09-14T02:26:41.779+00:00,2026-09-14T02:26:48.250+00:00,False,104,103.0,,103.0,293586.17444,300056.70551199996,300056.705615,2885.1606309134613,0.0,293586.17444,28782.401148717152,91.6360521,62.82069001941747,63.00675306347856,0.34326844928943206,26,64,,False,False,Request timeout: 300.0s exceeded,497,21.16838264042747
253,2026-09-14T02:21:52.757+00:00,2026-09-14T02:26:47.657+00:00,2026-09-14T02:26:52.845+00:00,False,80,79.0,,79.0,294899.881229,300088.568845,300088.56883,3751.107110375,0.03946,294899.881229,32963.47214183713,88.20347344999999,65.67959007594936,20.500317264308414,0.26325561251486596,26,64,,False,False,Request timeout: 300.0s exceeded,347,21.16838264042747
254,2026-09-14T02:21:56.499+00:00,2026-09-14T02:26:50.055+00:00,2026-09-14T02:26:56.585+00:00,False,99,98.0,,98.0,293556.505038,300086.005454,300086.005417,3031.171771888889,0.03515,293556.505038,29496.849076145605,88.21674200000001,66.62755526530613,19.757606474509124,0.3265730431238732,26,64,,False,False,Request timeout: 300.0s exceeded,536,21.16838264042747
255,2026-09-14T02:22:00.806+00:00,2026-09-14T02:26:54.791+00:00,2026-09-14T02:27:00.854+00:00,False,89,88.0,,88.0,293985.51893300004,300048.56558900006,300048.56541800004,3371.3321957078656,0.02409,293985.51893300004,31155.105861189102,89.054274,68.89825745454546,20.05188134399989,0.2932858546657426,26,64,,False,False,Request timeout: 300.0s exceeded,216,21.16838264042747
256,2026-09-14T02:22:05.277+00:00,2026-09-14T02:26:58.894+00:00,2026-09-14T02:27:05.318+00:00,False,94,93.0,,93.0,293617.03303399996,300040.75117799995,300040.75122599996,3191.922885382978,0.029,293617.03303399996,30277.166921099448,89.59052865000001,69.07223810752689,20.046580177432737,0.30995789616866914,26,64,,False,False,Request timeout: 300.0s exceeded,466,21.16838264042747
257,2026-09-14T02:22:08.338+00:00,2026-09-14T02:27:02.072+00:00,2026-09-14T02:27:08.347+00:00,False,94,93.0,,93.0,293733.808478,300008.281694,300008.281676,3191.577464638298,0.01884,293733.808478,30289.37701010129,87.78241750000001,67.46745393548387,20.203769859788302,0.30999144248576904,26,64,,False,False,Request timeout: 300.0s exceeded,154,21.16838264042747
258,2026-09-14T02:22:11.396+00:00,2026-09-14T02:27:05.225+00:00,2026-09-14T02:27:11.444+00:00,False,94,93.0,,93.0,293829.671016,300048.082792,300048.08294299996,3192.00088237234,0.02869,293829.671016,30299.32676497698,88.52660100000001,66.86464275268817,20.379141391718534,0.3099503224103908,26,64,,False,False,Request timeout: 300.0s exceeded,401,21.16838264042747
259,2026-09-14T02:22:15.789+00:00,2026-09-14T02:27:09.898+00:00,2026-09-14T02:27:15.857+00:00,False,90,89.0,,89.0,294108.03191,300067.520166,300067.52010200004,3334.083556688889,0.022369,294108.03191,30994.65746433694,90.66229545,66.96054220224718,21.086559416917197,0.29659991174907707,26,64,,False,False,Request timeout: 300.0s exceeded,345,21.16838264042747
260,2026-09-14T02:22:20.889+00:00,2026-09-14T02:27:14.809+00:00,2026-09-14T02:27:20.921+00:00,False,93,92.0,,92.0,293920.094099,300032.101011,300032.10115,3226.151625268817,0.02494,293920.094099,30471.21194855417,88.65073499999998,66.43485773913044,20.69816225019017,0.3066338558107388,26,64,,False,False,Request timeout: 300.0s exceeded,404,21.16838264042747
261,2026-09-14T02:22:24.880+00:00,2026-09-14T02:27:18.660+00:00,2026-09-14T02:27:24.924+00:00,False,91,90.0,,90.0,293780.30133600003,300043.96213600005,300043.96222700004,3297.1863980989015,0.076079,293780.30133600003,30789.25403945878,87.78136549999999,69.59623111111111,19.625249366673792,0.2999560443052874,26,64,,False,False,Request timeout: 300.0s exceeded,418,21.16838264042747
262,2026-09-14T02:22:28.935+00:00,2026-09-14T02:27:22.564+00:00,2026-09-14T02:27:28.975+00:00,False,93,92.0,,92.0,293628.66851700004,300040.08790900005,300040.08774700004,3226.2375026559143,0.02583,293628.66851700004,30440.654092290337,87.6847332,69.6893412173913,19.211043856767553,0.3066256933903543,26,64,,False,False,Request timeout: 300.0s exceeded,434,21.16838264042747
263,2026-09-14T02:22:32.591+00:00,2026-09-14T02:27:26.002+00:00,2026-09-14T02:27:32.617+00:00,False,101,100.0,,100.0,293410.4199,300025.40127599996,300025.40135,2970.5485282178215,0.0375,293410.4199,29188.852168980982,85.95791899999999,66.14981376,19.338285238892475,0.33330511208285263,26,64,,False,False,Request timeout: 300.0s exceeded,391,21.16838264042747
264,2026-09-14T02:22:35.913+00:00,2026-09-14T02:27:29.848+00:00,2026-09-14T02:27:35.942+00:00,False,94,93.0,,93.0,293935.88831199997,300029.648824,300029.64895199996,3191.804776085106,0.03775,293935.88831199997,30310.42012262215,87.91850364999999,65.52430658064516,19.826462533370336,0.3099693659094159,26,64,,False,False,Request timeout: 300.0s exceeded,240,21.16838264042747
265,2026-09-14T02:22:40.086+00:00,2026-09-14T02:27:34.266+00:00,2026-09-14T02:27:40.159+00:00,False,85,84.0,,84.0,294180.349998,300073.212718,300073.212552,3530.273088847059,0.024079999999999997,294180.349998,31900.735937460944,88.01453799999999,70.15312761904761,19.861207820763237,0.2799316848016712,26,64,,False,False,Request timeout: 300.0s exceeded,265,21.16838264042747
266,2026-09-14T02:22:44.562+00:00,2026-09-14T02:27:38.278+00:00,2026-09-14T02:27:44.580+00:00,False,96,95.0,,95.0,293716.12996,300017.896104,300017.896031,3125.1864169895834,0.0,293716.12996,29970.585592293195,92.12190749999999,66.3343804631579,69.10536062590192,0.31664777746147726,26,64,,False,False,Request timeout: 300.0s exceeded,371,21.16838264042747
267,2026-09-14T02:22:48.725+00:00,2026-09-14T02:27:42.580+00:00,2026-09-14T02:27:48.777+00:00,False,95,94.0,,94.0,293855.740106,300052.524746,300052.524819,3158.447629673684,0.03445,293855.740106,30142.205914901242,88.37617449999999,65.92324085106384,20.202620739249536,0.31327848375737793,26,64,,False,False,Request timeout: 300.0s exceeded,390,21.16838264042747
268,2026-09-14T02:22:53.034+00:00,2026-09-14T02:27:46.826+00:00,2026-09-14T02:27:53.097+00:00,False,92,91.0,,91.0,293792.513012,300062.864628,300062.86462,3261.552876304348,0.022109999999999998,293792.513012,30622.80965563241,88.16796000000001,68.90496281318681,20.2809441231393,0.30326978352624995,26,64,,False,False,Request timeout: 300.0s exceeded,420,21.16838264042747
269,2026-09-14T02:22:57.650+00:00,2026-09-14T02:27:51.343+00:00,2026-09-14T02:27:57.664+00:00,False,95,94.0,,94.0,293693.049043,300013.614291,300013.61425399996,3158.038044778947,0.031670000000000004,293693.049043,30125.37900652966,88.44636200000001,67.24005582978724,20.11349724402464,0.3133191146079929,26,64,,False,False,Request timeout: 300.0s exceeded,422,21.16838264042747
270,2026-09-14T02:23:02.611+00:00,2026-09-14T02:27:56.198+00:00,2026-09-14T02:28:02.640+00:00,False,98,97.0,,97.0,293586.79967000004,300029.000758,300029.000674,3061.5204150408167,0.03515,293586.79967000004,29650.04320781156,87.69273869999999,66.41444420618556,20.194559082912576,0.3233020799820585,26,64,,False,False,Request timeout: 300.0s exceeded,447,21.16838264042747
271,2026-09-14T02:23:06.050+00:00,2026-09-14T02:27:59.453+00:00,2026-09-14T02:28:06.567+00:00,False,107,106.0,,106.0,293403.07065899996,300517.26253099996,300517.262434,2808.572546112149,0.048189,293403.07065899996,28357.864654175974,90.87545089999999,67.11501766037735,20.677269118792157,0.35272516163381973,26,64,,False,False,Request timeout: 300.0s exceeded,465,21.16838264042747
272,2026-09-14T02:23:09.782+00:00,2026-09-14T02:28:03.578+00:00,2026-09-14T02:28:09.867+00:00,False,92,91.0,,91.0,293795.387533,300084.925069,300084.92497,3261.792662717391,0.02136,293795.387533,30623.08788286174,90.35464449999999,69.1157970989011,21.05790001447469,0.30324748895358844,26,64,,False,False,Request timeout: 300.0s exceeded,199,21.16838264042747
273,2026-09-14T02:23:13.915+00:00,2026-09-14T02:28:07.812+00:00,2026-09-14T02:28:14.675+00:00,False,63,62.0,,62.0,293897.56422899995,300760.03642099997,300760.03642599995,4773.968832158729,0.05695,293897.56422899995,37015.135536242444,91.25855519999999,110.68503535483872,332.33525705888474,0.20614440913690144,26,64,,False,False,Request timeout: 300.0s exceeded,286,21.16838264042747
274,2026-09-14T02:23:17.744+00:00,2026-09-14T02:28:11.870+00:00,2026-09-14T02:28:17.797+00:00,False,99,98.0,,98.0,294126.755807,300052.804831,300052.80493399996,3030.836413474747,0.015179999999999999,294126.755807,29556.033326685676,91.12927359999999,60.469888,274.2661470636752,0.32660917819180846,26,64,,False,False,Request timeout: 300.0s exceeded,477,21.16838264042747
275,2026-09-14T02:23:22.097+00:00,2026-09-14T02:28:16.021+00:00,2026-09-14T02:28:22.121+00:00,False,88,87.0,,87.0,293923.762988,300023.199276,300023.199412,3409.354538772727,0.0616,293923.762988,31324.91069813577,88.03565835,70.10846308045977,19.294844034869097,0.28997757576728656,26,64,,False,False,Request timeout: 300.0s exceeded,464,21.16838264042747
276,2026-09-14T02:23:25.586+00:00,2026-09-14T02:28:18.999+00:00,2026-09-14T02:28:25.603+00:00,False,97,96.0,,96.0,293413.572469,300017.447285,300017.447469,3092.9633759690723,0.04211,293413.572469,29784.656745540644,90.493677,68.79036266666667,20.21473957245439,0.3199813906449424,26,64,,False,False,Request timeout: 300.0s exceeded,376,21.16838264042747
277,2026-09-14T02:23:30.044+00:00,2026-09-14T02:28:23.312+00:00,2026-09-14T02:28:30.089+00:00,False,101,100.0,,100.0,293268.068023,300045.08869500004,300045.08881700004,2970.7434536336636,0.04165,293268.068023,29174.52704504548,89.234621,67.77020672,20.30362605665182,0.3332832423117959,26,64,,False,False,Request timeout: 300.0s exceeded,416,21.16838264042747
278,2026-09-14T02:23:33.720+00:00,2026-09-14T02:28:27.299+00:00,2026-09-14T02:28:33.794+00:00,False,96,95.0,,95.0,293579.24116100004,300074.56506500003,300074.56493000005,3125.776718020834,0.028329999999999998,293579.24116100004,29956.334330571626,88.46770625,68.37183056842105,20.09835967455668,0.3165879786559776,26,64,,False,False,Request timeout: 300.0s exceeded,504,21.16838264042747
279,2026-09-14T02:23:38.442+00:00,2026-09-14T02:28:32.380+00:00,2026-09-14T02:28:38.469+00:00,False,90,89.0,,89.0,293938.264259,300027.15411500004,300027.154136,3333.6350459555556,0.0,293938.264259,30976.67619639527,90.20280494999999,68.41449276404494,68.169207491695,0.2966398166943463,26,64,,False,False,Request timeout: 300.0s exceeded,397,21.16838264042747
280,2026-09-14T02:23:41.503+00:00,2026-09-14T02:28:35.299+00:00,2026-09-14T02:28:41.549+00:00,False,96,95.0,,95.0,293795.52871499996,300046.24845899997,300046.248569,3125.4817559270828,0.0,293795.52871499996,29978.73666889202,90.99517325000001,65.7970499368421,65.80669831663852,0.3166178563735028,26,64,,False,False,Request timeout: 300.0s exceeded,403,21.16838264042747
281,2026-09-14T02:23:44.424+00:00,2026-09-14T02:28:38.240+00:00,2026-09-14T02:28:44.487+00:00,False,94,93.0,,93.0,293815.45313700003,300062.663889,300062.663789,3192.1559977553193,0.05208,293815.45313700003,30297.827998358498,88.7066516,67.17430916129032,19.822486139289605,0.3099352608373923,26,64,,False,False,Request timeout: 300.0s exceeded,503,21.16838264042747
282,2026-09-14T02:23:49.274+00:00,2026-09-14T02:28:42.856+00:00,2026-09-14T02:28:49.293+00:00,False,94,93.0,,93.0,293581.977467,300019.544443,300019.54455700004,3191.697282521277,0.041210000000000004,293581.977467,30273.535879236686,89.51364415,69.2211502795699,20.08042358867398,0.30997980539120795,26,64,,False,False,Request timeout: 300.0s exceeded,352,21.16838264042747
283,2026-09-14T02:23:53.668+00:00,2026-09-14T02:28:47.384+00:00,2026-09-14T02:28:53.726+00:00,False,95,94.0,,94.0,293716.398149,300058.35885300004,300058.358801,3158.5090400105264,0.02468,293716.398149,30127.751415633895,89.7035847,67.4676670638298,20.405534739265914,0.3132723926083027,26,64,,False,False,Request timeout: 300.0s exceeded,431,21.16838264042747
284,2026-09-14T02:23:58.260+00:00,2026-09-14T02:28:52.178+00:00,2026-09-14T02:28:58.270+00:00,False,90,89.0,,89.0,293918.405938,300009.941298,300009.941468,3333.443794088889,0.01961,293918.405938,30974.51267296802,89.985399,68.44421752808988,20.982179422854447,0.2966568361532935,26,64,,False,False,Request timeout: 300.0s exceeded,457,21.16838264042747
285,2026-09-14T02:24:01.214+00:00,2026-09-14T02:28:54.948+00:00,2026-09-14T02:29:01.440+00:00,False,96,95.0,,95.0,293733.82891000004,300225.81790200004,300225.81786500005,3127.3522694270837,0.041030000000000004,293733.82891000004,29972.11573215338,89.57466825,68.33672623157895,20.510592211016217,0.31642848261307754,26,64,,False,False,Request timeout: 300.0s exceeded,364,21.16838264042747
286,2026-09-14T02:24:05.418+00:00,2026-09-14T02:28:58.905+00:00,2026-09-14T02:29:05.475+00:00,False,98,97.0,,97.0,293486.823125,300056.076245,300056.07618699997,3061.7966957857143,0.019989999999999997,293486.823125,29639.812451302023,92.07266765,67.72425896907217,21.21938475811591,0.3232729068975698,26,64,,False,False,Request timeout: 300.0s exceeded,422,21.16838264042747
287,2026-09-14T02:24:09.391+00:00,2026-09-14T02:29:03.209+00:00,2026-09-14T02:29:09.396+00:00,False,89,88.0,,88.0,293818.341868,300005.41847599996,300005.418577,3370.847399741573,0.02238,293818.341868,31137.23611810011,90.7156524,70.30768872727273,20.64992188723528,0.29332803536360086,26,64,,False,False,Request timeout: 300.0s exceeded,216,21.16838264042747
288,2026-09-14T02:24:14.641+00:00,2026-09-14T02:29:08.633+00:00,2026-09-14T02:29:14.701+00:00,False,92,91.0,,91.0,293992.329305,300059.906649,300059.90689600003,3261.520727130435,0.01964,293992.329305,30643.873832438225,87.55565009999998,66.67667410989012,19.625482800936098,0.30327277314809253,26,64,,False,False,Request timeout: 300.0s exceeded,448,21.16838264042747
289,2026-09-14T02:24:19.008+00:00,2026-09-14T02:29:12.547+00:00,2026-09-14T02:29:19.047+00:00,False,101,100.0,,100.0,293538.945855,300039.160639,300039.160513,2970.6847575544552,0.01681,293538.945855,29201.755533320054,87.46716599999999,65.00214784,19.878926974427966,0.33328982719131667,26,64,,False,False,Request timeout: 300.0s exceeded,405,21.16838264042747
290,2026-09-14T02:24:22.517+00:00,2026-09-14T02:29:16.175+00:00,2026-09-14T02:29:22.550+00:00,False,94,93.0,,93.0,293657.965925,300033.079397,300033.07950800005,3191.841271361702,0.04246,293657.965925,30281.44305788735,89.960964,68.54960722580644,20.540118101713862,0.309965821725089,26,64,,False,False,Request timeout: 300.0s exceeded,471,21.16838264042747
291,2026-09-14T02:24:25.478+00:00,2026-09-14T02:29:19.441+00:00,2026-09-14T02:29:25.495+00:00,False,86,85.0,,85.0,293962.72629400005,300016.8367580001,300016.836644,3488.567867953489,0.03334,293962.72629400005,31691.14190866065,90.8849005,71.22482898823529,20.07675860143803,0.2833174328431534,26,64,,False,False,Request timeout: 300.0s exceeded,342,21.16838264042747
292,2026-09-14T02:24:28.755+00:00,2026-09-14T02:29:22.505+00:00,2026-09-14T02:29:28.774+00:00,False,89,88.0,,88.0,293750.373025,300019.60028899997,300019.60008099995,3371.006742483146,0.02757,293750.373025,31129.931895737165,89.767945,71.2412189090909,19.73397770782914,0.2933141698583433,26,64,,False,False,Request timeout: 300.0s exceeded,422,21.16838264042747
293,2026-09-14T02:24:33.153+00:00,2026-09-14T02:29:26.803+00:00,2026-09-14T02:29:33.251+00:00,False,101,100.0,,100.0,293649.969041,300098.033809,300098.033789,2971.267661277228,0.0,293649.969041,29212.916608338786,89.295841,64.48064768,63.65677333016039,0.33322444246217847,26,64,,False,False,Request timeout: 300.0s exceeded,484,21.16838264042747
294,2026-09-14T02:24:36.434+00:00,2026-09-14T02:29:30.225+00:00,2026-09-14T02:29:36.449+00:00,False,101,100.0,,100.0,293790.836125,300014.694813,300014.69472699997,2970.4425220495045,0.0,293790.836125,29227.15526542745,91.169398,62.23858688,63.097032779531176,0.3333170065630628,26,64,,False,False,Request timeout: 300.0s exceeded,420,21.16838264042747
295,2026-09-14T02:24:40.995+00:00,2026-09-14T02:29:34.711+00:00,2026-09-14T02:29:41.083+00:00,False,96,95.0,,95.0,293716.09967699996,300087.784541,300087.78434599994,3125.914420270833,0.05214,293716.09967699996,29970.435792633045,90.54986149999999,67.07036698947368,20.94161352305205,0.31657403231293635,26,64,,False,False,Request timeout: 300.0s exceeded,330,21.16838264042747
296,2026-09-14T02:24:47.540+00:00,2026-09-14T02:29:39.483+00:00,2026-09-14T02:29:47.639+00:00,False,126,125.0,,125.0,291943.92773299996,300099.271861,300099.271998,2381.7402539523805,0.03091,291943.92773299996,26002.628116241245,89.90164,65.242753024,20.69710897332681,0.4165288346914001,26,64,,False,False,Request timeout: 300.0s exceeded,313,21.16838264042747
297,2026-09-14T02:24:49.964+00:00,2026-09-14T02:29:43.411+00:00,2026-09-14T02:29:50.010+00:00,False,103,102.0,,102.0,293447.345272,300046.28748,300046.287641,2913.0707537961166,0.01731,293447.345272,28907.859440250464,91.1198155,64.69551184313725,21.597745581033163,0.3399475489487566,26,64,,False,False,Request timeout: 300.0s exceeded,519,21.16838264042747
298,2026-09-14T02:24:54.726+00:00,2026-09-14T02:29:48.910+00:00,2026-09-14T02:29:54.735+00:00,False,84,83.0,,83.0,294184.07561,300009.285722,300009.285713,3571.5391156309524,0.02376,294184.07561,32090.46288701344,90.25739945000001,70.18325436144579,20.30661394910416,0.2766581034325416,26,64,,False,False,Request timeout: 300.0s exceeded,223,21.16838264042747
299,2026-09-14T02:24:59.397+00:00,2026-09-14T02:29:53.182+00:00,2026-09-14T02:29:59.426+00:00,False,92,91.0,,91.0,293785.496355,300029.064995,300029.065235,3261.185491684783,0.03593,293785.496355,30622.109528518195,90.14674105,68.6106443956044,21.35953346455522,0.30330394824086965,26,64,,False,False,Request timeout: 300.0s exceeded,383,21.16838264042747
300,2026-09-14T02:25:02.848+00:00,2026-09-14T02:29:56.255+00:00,2026-09-14T02:30:02.887+00:00,False,98,97.0,,97.0,293406.507507,300038.72664300003,300038.726726,3061.619660469388,0.02888,293406.507507,29631.633475352897,88.75358585,68.37339315463917,20.787712223177003,0.32329160000540563,26,64,,False,False,Request timeout: 300.0s exceeded,454,21.16838264042747
301,2026-09-14T02:25:06.937+00:00,2026-09-14T02:30:00.441+00:00,2026-09-14T02:30:06.989+00:00,False,97,96.0,,96.0,293503.630856,300051.5922,300051.592173,3093.315383226804,0.05714,293503.630856,29793.85989520809,89.5661688,68.20793066666667,20.17108798092159,0.31994497778239084,26,64,,False,False,Request timeout: 300.0s exceeded,442,21.16838264042747
302,2026-09-14T02:25:11.669+00:00,2026-09-14T02:30:05.387+00:00,2026-09-14T02:30:11.757+00:00,False,95,94.0,,94.0,293718.212496,300087.55752,300087.55753,3158.8163950526314,0.045770000000000005,293718.212496,30127.90811818861,90.85414300000001,67.75898961702127,21.05722135027895,0.31324191105036125,26,64,,False,False,Request timeout: 300.0s exceeded,450,21.16838264042747
303,2026-09-14T02:25:14.852+00:00,2026-09-14T02:30:08.691+00:00,2026-09-14T02:30:14.913+00:00,False,94,93.0,,93.0,293838.973932,300060.915948,300060.916188,3192.137406255319,0.01967,293838.973932,30300.282212977116,88.39372015000001,66.90260232258065,20.138793654321223,0.3099370662992868,26,64,,False,False,Request timeout: 300.0s exceeded,124,21.16838264042747
304,2026-09-14T02:25:19.866+00:00,2026-09-14T02:30:13.296+00:00,2026-09-14T02:30:19.905+00:00,False,100,99.0,,99.0,293430.11416,300039.23185599997,300039.231788,3000.39231788,0.02345,293430.11416,29336.342159381322,86.7562145,66.75876460606061,19.80814994529739,0.32995685060117,26,64,,False,False,Request timeout: 300.0s exceeded,469,21.16838264042747
305,2026-09-14T02:25:24.401+00:00,2026-09-14T02:30:17.872+00:00,2026-09-14T02:30:24.451+00:00,False,96,95.0,,95.0,293471.094918,300049.743494,300049.74364999996,3125.518163020833,0.02141,293471.094918,29945.207169113248,88.80807300000001,69.24893237894736,20.075652774857403,0.31661416835005457,26,64,,False,False,Request timeout: 300.0s exceeded,493,21.16838264042747
306,2026-09-14T02:25:28.534+00:00,2026-09-14T02:30:22.138+00:00,2026-09-14T02:30:28.621+00:00,False,99,98.0,,98.0,293603.917749,300086.603701,300086.603804,3031.1778162020205,0.0,293603.917749,29501.726601037255,91.01045180000001,66.14985665306122,65.01461074613209,0.32657239207400657,26,64,,False,False,Request timeout: 300.0s exceeded,241,21.16838264042747
307,2026-09-14T02:25:31.794+00:00,2026-09-14T02:30:25.893+00:00,2026-09-14T02:30:31.845+00:00,False,96,95.0,,95.0,294098.893095,300051.590439,300051.59042900003,3125.5374003020834,0.0,294098.893095,30010.018969119083,92.75492975000002,62.65997204210527,65.89904894501852,0.3166122194553518,26,64,,False,False,Request timeout: 300.0s exceeded,498,21.16838264042747
308,2026-09-14T02:25:36.169+00:00,2026-09-14T02:30:29.932+00:00,2026-09-14T02:30:36.229+00:00,False,92,91.0,,91.0,293763.45247799996,300060.18745399994,300060.18758599996,3261.5237781086953,0.03864,293763.45247799996,30619.749806082633,91.01691350000002,69.19488984615384,20.504201953752872,0.303272489336662,26,64,,False,False,Request timeout: 300.0s exceeded,346,21.16838264042747
309,2026-09-14T02:25:40.674+00:00,2026-09-14T02:30:34.666+00:00,2026-09-14T02:30:40.696+00:00,False,91,90.0,,90.0,293992.280039,300022.355175,300022.35531899997,3296.94895954945,0.02053,293992.280039,30811.747992462053,89.27524149999999,67.00083484444444,20.373264361809532,0.29997764649072206,26,64,,False,False,Request timeout: 300.0s exceeded,557,21.16838264042747
310,2026-09-14T02:25:44.694+00:00,2026-09-14T02:30:38.241+00:00,2026-09-14T02:30:44.733+00:00,False,99,98.0,,98.0,293547.259871,300039.244511,300039.244427,3030.6994386565657,0.024050000000000002,293547.259871,29495.9586371419,88.65637570000001,66.24474122448979,20.147041006442002,0.3266239393440652,26,64,,False,False,Request timeout: 300.0s exceeded,450,21.16838264042747
311,2026-09-14T02:25:49.291+00:00,2026-09-14T02:30:42.523+00:00,2026-09-14T02:30:49.354+00:00,False,101,100.0,,100.0,293231.193359,300062.66036700003,300062.66030800005,2970.9174287920796,0.018789999999999998,293231.193359,29170.80372676508,89.59137000000001,68.31467008,20.33695073304488,0.3332637252422284,26,64,,False,False,Request timeout: 300.0s exceeded,510,21.16838264042747
312,2026-09-14T02:25:52.808+00:00,2026-09-14T02:30:46.832+00:00,2026-09-14T02:30:52.831+00:00,False,94,93.0,,93.0,294023.81648000004,300022.32016000006,300022.32010700007,3191.7268096489365,0.08283,294023.81648000004,30319.59525688525,88.19517115000001,64.50003956989248,20.424765981285788,0.30997693755052513,26,64,,False,False,Request timeout: 300.0s exceeded,424,21.16838264042747
313,2026-09-14T02:25:57.957+00:00,2026-09-14T02:30:51.572+00:00,2026-09-14T02:30:57.986+00:00,False,97,96.0,,96.0,293614.93806,300028.51169200003,300028.511791,3093.07744114433,0.02591,293614.93806,29805.303768344278,90.1897252,66.80805866666667,20.476569305445537,0.31996959041862866,26,64,,False,False,Request timeout: 300.0s exceeded,336,21.16838264042747
314,2026-09-14T02:26:03.099+00:00,2026-09-14T02:30:56.888+00:00,2026-09-14T02:31:03.171+00:00,False,93,92.0,,92.0,293788.729538,300072.10541,300072.10534400004,3226.5817778924734,0.02555,293788.729538,30457.39648211656,88.25091960000002,68.29756382608696,20.024028535022097,0.30659297662572427,26,64,,False,False,Request timeout: 300.0s exceeded,428,21.16838264042747
315,2026-09-14T02:26:08.255+00:00,2026-09-14T02:31:01.873+00:00,2026-09-14T02:31:08.323+00:00,False,96,95.0,,95.0,293618.463232,300068.567296,300068.56733600004,3125.7142430833333,0.01767,293618.463232,29960.385934136943,87.40533574999999,67.89583225263158,20.003869965791623,0.316594306614888,26,64,,False,False,Request timeout: 300.0s exceeded,440,21.16838264042747
316,2026-09-14T02:26:12.252+00:00,2026-09-14T02:31:06.117+00:00,2026-09-14T02:31:12.309+00:00,False,92,91.0,,91.0,293864.912957,300056.96697300003,300056.966986,3261.488771586957,0.04138,293864.912957,30630.44790535691,89.117644,68.04454962637364,20.78040180213479,0.30327574432953736,26,64,,False,False,Request timeout: 300.0s exceeded,404,21.16838264042747
317,2026-09-14T02:26:16.790+00:00,2026-09-14T02:31:10.544+00:00,2026-09-14T02:31:16.829+00:00,False,97,96.0,,96.0,293753.68381699995,300039.34192899993,300039.341958,3093.189092350515,0.02708,293753.68381699995,29819.526569775193,88.0050246,65.47560533333333,20.502032711112246,0.3199580407782558,26,64,,False,False,Request timeout: 300.0s exceeded,451,21.16838264042747
318,2026-09-14T02:26:19.992+00:00,2026-09-14T02:31:13.758+00:00,2026-09-14T02:31:20.021+00:00,False,97,96.0,,96.0,293765.935185,300029.185873,300029.185803,3093.0843897216496,0.0185,293765.935185,29820.79401905483,88.0479718,65.24219466666666,20.22419180921362,0.3199688714305149,26,64,,False,False,Request timeout: 300.0s exceeded,395,21.16838264042747
319,2026-09-14T02:26:24.783+00:00,2026-09-14T02:31:18.634+00:00,2026-09-14T02:31:24.848+00:00,False,98,97.0,,97.0,293851.14173000003,300065.23325000005,300065.233292,3061.8901356326533,0.0,293851.14173000003,29677.05403075749,91.1100172,64.06279917525774,68.17382400550109,0.3232630416706231,26,64,,False,False,Request timeout: 300.0s exceeded,471,21.16838264042747
320,2026-09-14T02:26:28.748+00:00,2026-09-14T02:31:22.888+00:00,2026-09-14T02:31:28.778+00:00,False,84,83.0,,83.0,294140.16180400003,300030.171404,300030.17149100004,3571.7877558452383,0.03062,294140.16180400003,32085.586165603494,89.64690865,70.96397108433736,20.065225003495485,0.27663884472551226,26,64,,False,False,Request timeout: 300.0s exceeded,419,21.16838264042747
321,2026-09-14T02:26:32.414+00:00,2026-09-14T02:31:26.336+00:00,2026-09-14T02:31:32.481+00:00,False,91,90.0,,90.0,293921.72516900004,300066.88024100004,300066.88031700003,3297.4382452417585,0.03204,293921.72516900004,30804.2173837215,87.5408005,68.2795008,19.736752865632226,0.2999331346655656,26,64,,False,False,Request timeout: 300.0s exceeded,450,21.16838264042747
322,2026-09-14T02:26:35.459+00:00,2026-09-14T02:31:29.203+00:00,2026-09-14T02:31:35.508+00:00,False,90,89.0,,89.0,293743.207661,300048.413933,300048.41377000004,3333.8712641111115,0.050869,293743.207661,30955.791086702742,89.47045990000001,70.84501429213483,19.425150935764993,0.2966187983912271,26,64,,False,False,Request timeout: 300.0s exceeded,495,21.16838264042747
323,2026-09-14T02:26:40.625+00:00,2026-09-14T02:31:33.857+00:00,2026-09-14T02:31:40.637+00:00,False,101,100.0,,100.0,293232.269564,300012.04966,300012.049622,2970.4163328910895,0.0725,293232.269564,29170.962136109894,88.43416299999998,67.79780095999999,20.1807604584994,0.3333199453599573,26,64,,False,False,Request timeout: 300.0s exceeded,460,21.16838264042747
324,2026-09-14T02:26:45.432+00:00,2026-09-14T02:31:38.605+00:00,2026-09-14T02:31:45.473+00:00,False,107,106.0,,106.0,293172.336105,300040.50711299997,300040.507298,2804.1168906355138,0.018260000000000002,293172.336105,28335.782421634674,87.4546773,64.79406611320755,19.74061307171411,0.35328563139669245,26,64,,False,False,Request timeout: 300.0s exceeded,506,21.16838264042747
325,2026-09-14T02:26:50.193+00:00,2026-09-14T02:31:43.698+00:00,2026-09-14T02:31:50.245+00:00,False,101,100.0,,100.0,293505.469296,300051.938672,300051.93872900004,2970.8112745445546,0.018600000000000002,293505.469296,29198.37907616042,89.627071,65.46469376,20.763417173677546,0.33327563368725444,26,64,,False,False,Request timeout: 300.0s exceeded,193,21.16838264042747
326,2026-09-14T02:26:55.426+00:00,2026-09-14T02:31:48.771+00:00,2026-09-14T02:31:55.438+00:00,False,101,100.0,,100.0,293344.97449299996,300012.14607699995,300012.14619799994,2970.4172890891086,0.0357,293344.97449299996,29182.288697367487,89.500061,66.67171584,20.114725604140073,0.3333198382385971,26,64,,False,False,Request timeout: 300.0s exceeded,503,21.16838264042747
327,2026-09-14T02:27:00.438+00:00,2026-09-14T02:31:54.246+00:00,2026-09-14T02:32:00.465+00:00,False,93,92.0,,92.0,293808.01792199997,300027.10477,300027.10458299995,3226.0978987419353,0.02097,293808.01792199997,30459.469527155652,91.66614100000001,67.59877008695652,20.73653008916115,0.3066389620715334,26,64,,False,False,Request timeout: 300.0s exceeded,579,21.16838264042747
328,2026-09-14T02:27:03.997+00:00,2026-09-14T02:31:58.133+00:00,2026-09-14T02:32:05.635+00:00,False,75,74.0,,74.0,294136.034004,301638.208212,301638.20816700003,4021.84277556,0.06914000000000001,294136.034004,33953.54735024099,90.8717711,101.38073254054055,304.8538785533722,0.24532701092028322,26,64,,False,False,Request timeout: 300.0s exceeded,352,21.16838264042747
329,2026-09-14T02:27:08.668+00:00,2026-09-14T02:32:02.593+00:00,2026-09-14T02:32:08.706+00:00,False,104,103.0,,103.0,293925.158223,300038.28795100003,300038.287968,2884.983538153846,0.01494,293925.158223,28817.032549519987,89.76966015000002,59.350774058252426,255.23263276638343,0.3432895204922019,26,64,,False,False,Request timeout: 300.0s exceeded,481,21.16838264042747
330,2026-09-14T02:27:11.965+00:00,2026-09-14T02:32:06.862+00:00,2026-09-14T02:32:12.024+00:00,False,78,77.0,,77.0,294896.442246,300058.623622,300058.623809,3846.9054334487178,0.017839999999999998,294896.442246,33382.86193534718,87.85254,67.04131657142858,20.094541275136095,0.25661652070030505,26,64,,False,False,Request timeout: 300.0s exceeded,323,21.16838264042747
331,2026-09-14T02:27:16.664+00:00,2026-09-14T02:32:09.889+00:00,2026-09-14T02:32:16.679+00:00,False,105,104.0,,104.0,293225.48147899995,300015.50336699997,300015.503376,2857.290508342857,0.0,293225.48147899995,28609.572330303825,87.451272,65.288672,62.20524622206907,0.3466487525905617,26,64,,False,False,Request timeout: 300.0s exceeded,239,21.16838264042747
332,2026-09-14T02:27:21.714+00:00,2026-09-14T02:32:15.209+00:00,2026-09-14T02:32:21.725+00:00,False,99,98.0,,98.0,293495.46992400003,300011.461988,300011.461879,3030.4188068585863,0.0,293495.46992400003,29490.79030414508,88.2435967,66.4897149387755,63.74196060941541,0.3266541863121211,26,64,,False,False,Request timeout: 300.0s exceeded,372,21.16838264042747
333,2026-09-14T02:27:24.965+00:00,2026-09-14T02:32:18.529+00:00,2026-09-14T02:32:24.970+00:00,False,92,91.0,,91.0,293564.44906199997,300005.038374,300005.038386,3260.9243302826085,0.040979999999999996,293564.44906199997,30598.837285398196,91.05873449999999,70.77570672527473,20.240619114103357,0.30332823906295614,26,64,,False,False,Request timeout: 300.0s exceeded,314,21.16838264042747
334,2026-09-14T02:27:29.759+00:00,2026-09-14T02:32:23.740+00:00,2026-09-14T02:32:29.819+00:00,False,85,84.0,,84.0,293980.465139,300059.844851,300059.844775,3530.1158208823526,0.01884,293980.465139,31878.814438061705,90.21938119999999,72.373568,19.688390153986763,0.27994415594566374,26,64,,False,False,Request timeout: 300.0s exceeded,408,21.16838264042747
335,2026-09-14T02:27:33.751+00:00,2026-09-14T02:32:27.569+00:00,2026-09-14T02:32:33.770+00:00,False,90,89.0,,89.0,293817.987286,300018.864342,300018.86437799997,3333.5429375333333,0.03286,293817.987286,30963.798206980628,91.60538349999999,69.67277591011236,21.11337487431539,0.29664801310142414,26,64,,False,False,Request timeout: 300.0s exceeded,394,21.16838264042747
336,2026-09-14T02:27:38.175+00:00,2026-09-14T02:32:32.199+00:00,2026-09-14T02:32:38.214+00:00,False,86,85.0,,85.0,294023.542377,300038.748009,300038.748004,3488.822651209302,0.02135,294023.542377,31697.74907162771,89.8400855,70.76712508235293,19.82279608403148,0.28329674271754507,26,64,,False,False,Request timeout: 300.0s exceeded,350,21.16838264042747
337,2026-09-14T02:27:41.029+00:00,2026-09-14T02:32:34.477+00:00,2026-09-14T02:32:41.086+00:00,False,98,97.0,,97.0,293447.26689800003,300056.97083400004,300056.970871,3061.805825214286,0.01991,293447.26689800003,29635.773686161265,87.3748135,68.14127769072165,19.971214477115005,0.323271943092644,26,64,,False,False,Request timeout: 300.0s exceeded,364,21.16838264042747
338,2026-09-14T02:27:44.860+00:00,2026-09-14T02:32:38.345+00:00,2026-09-14T02:32:44.882+00:00,False,101,100.0,,100.0,293485.408655,300022.60750299995,300022.607622,2970.520867544554,0.03283,293485.408655,29196.392335376662,89.516021,65.37198848,20.965025667355704,0.33330821577837294,26,64,,False,False,Request timeout: 300.0s exceeded,487,21.16838264042747
339,2026-09-14T02:27:49.586+00:00,2026-09-14T02:32:43.592+00:00,2026-09-14T02:32:49.612+00:00,False,87,86.0,,86.0,294005.780576,300025.96515199996,300025.965113,3448.574311643678,0.03462,294005.780576,31513.229362794005,90.39707820000001,70.00214623255815,19.744605056734926,0.2866418576686536,26,64,,False,False,Request timeout: 300.0s exceeded,453,21.16838264042747
340,2026-09-14T02:27:54.115+00:00,2026-09-14T02:32:47.591+00:00,2026-09-14T02:32:54.187+00:00,False,96,95.0,,95.0,293475.994352,300072.025584,300072.025584,3125.7502665,0.01865,293475.994352,29945.68825658568,88.00600399999999,69.43190770526316,19.642613298944426,0.316590657909917,26,64,,False,False,Request timeout: 300.0s exceeded,392,21.16838264042747
341,2026-09-14T02:27:59.336+00:00,2026-09-14T02:32:53.358+00:00,2026-09-14T02:32:59.381+00:00,False,88,87.0,,87.0,294021.616801,300044.297633,300044.297573,3409.594290602273,0.03925,294021.616801,31335.435576414417,88.4708115,69.22621645977011,18.593178131199995,0.28995718527673636,26,64,,False,False,Request timeout: 300.0s exceeded,129,21.16838264042747
342,2026-09-14T02:28:04.293+00:00,2026-09-14T02:32:58.111+00:00,2026-09-14T02:33:04.367+00:00,False,93,92.0,,92.0,293817.90992,300074.620064,300074.620138,3226.608818688172,0.0375,293817.90992,30460.452463967427,88.29695359999998,68.00771895652173,20.119892518754035,0.30659040734727316,26,64,,False,False,Request timeout: 300.0s exceeded,470,21.16838264042747
343,2026-09-14T02:28:08.675+00:00,2026-09-14T02:33:02.373+00:00,2026-09-14T02:33:08.720+00:00,False,94,93.0,,93.0,293698.159721,300044.624489,300044.62451,3191.9640905319147,0.01744,293698.159721,30285.6209566296,91.77148335000001,68.24155664516128,21.20466474352784,0.3099538948860905,26,64,,False,False,Request timeout: 300.0s exceeded,448,21.16838264042747
344,2026-09-14T02:28:14.636+00:00,2026-09-14T02:33:07.600+00:00,2026-09-14T02:33:14.837+00:00,False,121,120.0,,120.0,292964.140551,300201.807623,300201.807469,2481.0066732975206,0.0,292964.140551,26627.69266506137,90.819098,60.31389226666666,62.207756658110064,0.39973110405350604,26,64,,False,False,Request timeout: 300.0s exceeded,600,21.16838264042747
345,2026-09-14T02:28:18.297+00:00,2026-09-14T02:33:11.654+00:00,2026-09-14T02:33:18.358+00:00,False,114,113.0,,113.0,293357.482645,300061.688981,300061.68907799997,2632.120079631579,0.019489,293357.482645,27469.896886006096,90.4973935,59.329259610619474,21.03662015050117,0.37658922864743055,26,64,,False,False,Request timeout: 300.0s exceeded,151,21.16838264042747
346,2026-09-14T02:28:22.748+00:00,2026-09-14T02:33:16.040+00:00,2026-09-14T02:33:22.778+00:00,False,100,99.0,,99.0,293291.648058,300030.15481000004,300030.154769,3000.30154769,0.01806,293291.648058,29322.36537047852,89.28813749999999,68.06572476767677,20.562715962529897,0.32996683304281094,26,64,,False,False,Request timeout: 300.0s exceeded,465,21.16838264042747
347,2026-09-14T02:28:27.098+00:00,2026-09-14T02:33:21.127+00:00,2026-09-14T02:33:27.118+00:00,False,87,86.0,,86.0,294029.008776,300020.258696,300020.258754,3448.5087213103448,0.136639,294029.008776,31515.756092438165,88.96430199999999,69.66569674418605,20.27783896291181,0.28664730966431434,26,64,,False,False,Request timeout: 300.0s exceeded,308,21.16838264042747
348,2026-09-14T02:28:31.338+00:00,2026-09-14T02:33:25.102+00:00,2026-09-14T02:33:31.351+00:00,False,98,97.0,,97.0,293764.659698,300013.58437,300013.584482,3061.363106959184,0.05102,293764.659698,29668.211025034914,87.61825235,64.42190383505154,20.147978458414862,0.3233186930641517,26,64,,False,False,Request timeout: 300.0s exceeded,469,21.16838264042747
349,2026-09-14T02:28:35.010+00:00,2026-09-14T02:33:28.292+00:00,2026-09-14T02:33:35.028+00:00,False,106,105.0,,105.0,293281.597541,300017.982565,300017.982676,2830.3583271320754,0.024589,293281.597541,28479.802422789267,87.3885435,64.15604784761905,19.877968811765665,0.34997902159831823,26,64,,False,False,Request timeout: 300.0s exceeded,262,21.16838264042747
350,2026-09-14T02:28:39.974+00:00,2026-09-14T02:33:33.701+00:00,2026-09-14T02:33:40.036+00:00,False,99,98.0,,98.0,293727.320985,300062.726297,300062.726316,3030.9366294545453,0.02135,293727.320985,29514.216211638253,88.8281788,64.64699297959184,20.406167619066867,0.3265983789769352,26,64,,False,False,Request timeout: 300.0s exceeded,450,21.16838264042747
351,2026-09-14T02:28:44.351+00:00,2026-09-14T02:33:38.084+00:00,2026-09-14T02:33:44.376+00:00,False,98,97.0,,97.0,293732.745017,300024.578105,300024.57798,3061.4752855102042,0.03918,293732.745017,29664.943257062394,89.21530440000001,64.86425863917526,21.284146915002903,0.3233068457679916,26,64,,False,False,Request timeout: 300.0s exceeded,236,21.16838264042747
352,2026-09-14T02:28:47.302+00:00,2026-09-14T02:33:40.734+00:00,2026-09-14T02:33:47.371+00:00,False,98,97.0,,97.0,293431.300435,300068.45013099996,300068.450079,3061.922959989796,0.02591,293431.300435,29634.132289965004,87.89946385000002,68.42422367010309,20.033345302583754,0.3232595761322225,26,64,,False,False,Request timeout: 300.0s exceeded,409,21.16838264042747
353,2026-09-14T02:28:51.871+00:00,2026-09-14T02:33:46.026+00:00,2026-09-14T02:33:51.909+00:00,False,91,90.0,,90.0,294155.068302,300037.834382,300037.834468,3297.119060087912,0.03623,294155.068302,30828.98426066345,87.5390255,65.36406755555555,20.1350858987937,0.2999621703888666,26,64,,False,False,Request timeout: 300.0s exceeded,381,21.16838264042747
354,2026-09-14T02:28:56.282+00:00,2026-09-14T02:33:50.283+00:00,2026-09-14T02:33:56.316+00:00,False,91,90.0,,90.0,294001.09845,300034.159826,300034.159659,3297.0786775714287,0.02456,294001.09845,30812.668512273896,87.8824345,67.03401528888888,19.716099728150095,0.29996584406320287,26,64,,False,False,Request timeout: 300.0s exceeded,373,21.16838264042747
355,2026-09-14T02:29:01.549+00:00,2026-09-14T02:33:55.314+00:00,2026-09-14T02:34:01.618+00:00,False,94,93.0,,93.0,293765.056162,300069.17725,300069.177269,3192.2252900957446,0.03573,293765.056162,30292.566874159806,87.93141145,67.78624825806452,19.888194369320665,0.30992853332122766,26,64,,False,False,Request timeout: 300.0s exceeded,437,21.16838264042747
356,2026-09-14T02:29:06.415+00:00,2026-09-14T02:33:59.747+00:00,2026-09-14T02:34:06.430+00:00,False,103,102.0,,102.0,293331.330981,300014.127781,300014.12773899996,2912.7585217378637,0.0,293331.330981,28896.412454901965,89.3766881,65.51761568627451,65.37879798208695,0.33998398926885365,26,64,,False,False,Request timeout: 300.0s exceeded,387,21.16838264042747
357,2026-09-14T02:29:10.981+00:00,2026-09-14T02:34:04.386+00:00,2026-09-14T02:34:11.024+00:00,False,100,99.0,,99.0,293405.159649,300042.71459299995,300042.71436399996,3000.42714364,0.0,293405.159649,29333.886934282495,90.37071310000002,67.04600953535353,66.92354883816365,0.3299530206367146,26,64,,False,False,Request timeout: 300.0s exceeded,132,21.16838264042747
358,2026-09-14T02:29:13.946+00:00,2026-09-14T02:34:07.815+00:00,2026-09-14T02:34:14.007+00:00,False,84,83.0,,83.0,293868.95148299995,300060.583611,300060.58368899993,3572.149805821428,0.038259999999999995,293868.95148299995,32055.597674238026,91.4304815,74.59797744578314,19.201681933888253,0.2766108063950233,26,64,,False,False,Request timeout: 300.0s exceeded,311,21.16838264042747
359,2026-09-14T02:29:18.599+00:00,2026-09-14T02:34:12.396+00:00,2026-09-14T02:34:18.617+00:00,False,91,90.0,,90.0,293797.578918,300017.72688599996,300017.72683299996,3296.898097065934,0.02375,293797.578918,30791.11613342094,89.045857,69.11275520000001,19.985908641365754,0.29998227416141315,26,64,,False,False,Request timeout: 300.0s exceeded,423,21.16838264042747
360,2026-09-14T02:29:21.995+00:00,2026-09-14T02:34:15.653+00:00,2026-09-14T02:34:22.093+00:00,False,95,94.0,,94.0,293657.844675,300098.310083,300098.309885,3158.929577736842,0.0303,293657.844675,30121.63617890336,88.3792821,68.51558944680852,20.007726624628848,0.3132306875503626,26,64,,False,False,Request timeout: 300.0s exceeded,236,21.16838264042747
361,2026-09-14T02:29:26.116+00:00,2026-09-14T02:34:19.758+00:00,2026-09-14T02:34:26.188+00:00,False,94,93.0,,93.0,293641.51224400004,300071.71717200003,300071.71730500006,3192.2523117553196,0.04008,293641.51224400004,30279.68486979196,89.67279745,69.14198847311827,20.508183628278786,0.3099259099673587,26,64,,False,False,Request timeout: 300.0s exceeded,472,21.16838264042747
362,2026-09-14T02:29:30.880+00:00,2026-09-14T02:34:24.413+00:00,2026-09-14T02:34:30.956+00:00,False,97,96.0,,96.0,293532.422348,300075.397836,300075.397851,3093.5608025876286,0.023379999999999998,293532.422348,29796.788889134466,88.58917280000001,68.15599466666667,20.742537439853162,0.3199195958492632,26,64,,False,False,Request timeout: 300.0s exceeded,376,21.16838264042747
363,2026-09-14T02:29:34.001+00:00,2026-09-14T02:34:27.756+00:00,2026-09-14T02:34:34.053+00:00,False,96,95.0,,95.0,293755.67524,300051.953256,300051.95314500004,3125.54117859375,0.022760000000000002,293755.67524,29974.555289770717,87.40262249999999,66.27661069473685,19.936434885356707,0.3166118366139992,26,64,,False,False,Request timeout: 300.0s exceeded,368,21.16838264042747
364,2026-09-14T02:29:38.322+00:00,2026-09-14T02:34:31.928+00:00,2026-09-14T02:34:38.411+00:00,False,96,95.0,,95.0,293605.59534,300088.287692,300088.287572,3125.919662208333,0.02456,293605.59534,29959.037684896954,89.76724325,68.2388668631579,20.131873226170875,0.3165735015206746,26,64,,False,False,Request timeout: 300.0s exceeded,426,21.16838264042747
365,2026-09-14T02:29:42.698+00:00,2026-09-14T02:34:36.126+00:00,2026-09-14T02:34:42.767+00:00,False,96,95.0,,95.0,293428.005559,300068.751287,300068.751347,3125.7161598645835,0.040159999999999994,293428.005559,29940.742567230624,88.7198235,69.90258661052631,19.923761323064873,0.3165941124910321,26,64,,False,False,Request timeout: 300.0s exceeded,363,21.16838264042747
366,2026-09-14T02:29:46.291+00:00,2026-09-14T02:34:40.007+00:00,2026-09-14T02:34:46.334+00:00,False,95,94.0,,94.0,293716.884153,300043.418553,300043.41859400005,3158.3517746736843,0.03487,293716.884153,30127.818069016466,88.40462369999999,67.30355744680851,20.335653324461852,0.3132879916291039,26,64,,False,False,Request timeout: 300.0s exceeded,454,21.16838264042747
367,2026-09-14T02:29:50.261+00:00,2026-09-14T02:34:44.209+00:00,2026-09-14T02:34:50.268+00:00,False,93,92.0,,92.0,293947.90874,300007.27232399996,300007.272334,3225.884648752688,0.04164,293947.90874,30474.155122831824,88.7476168,65.86264765217392,20.087004068079068,0.3066592329156688,26,64,,False,False,Request timeout: 300.0s exceeded,451,21.16838264042747
368,2026-09-14T02:29:55.500+00:00,2026-09-14T02:34:49.220+00:00,2026-09-14T02:34:55.550+00:00,False,94,93.0,,93.0,293720.27703500004,300050.00657100003,300050.00677800004,3192.021348702128,0.051609,293720.27703500004,30287.91968814696,87.2711785,68.06160791397849,19.6226726952274,0.30994833515523906,26,64,,True,False,Request timeout: 300.0s exceeded,395,21.16838264042747
369,2026-09-14T02:29:58.975+00:00,2026-09-14T02:34:52.751+00:00,2026-09-14T02:34:58.990+00:00,False,92,91.0,,91.0,293776.313939,300014.419539,300014.419397,3261.0262977934785,0.03655,293776.313939,30621.157729703125,87.8892781,68.55061098901099,20.280861584778364,0.3033187542779775,26,64,,True,False,Request timeout: 300.0s exceeded,419,21.16838264042747
370,2026-09-14T02:30:02.460+00:00,2026-09-14T02:34:56.039+00:00,2026-09-14T02:35:02.490+00:00,False,99,98.0,,98.0,293579.330418,300029.81541,300029.815458,3030.6041965454547,0.02185,293579.330418,29499.22432006323,88.310261,65.82127542857143,20.01741287173035,0.32663420422427014,26,64,,True,False,Request timeout: 300.0s exceeded,471,21.16838264042747
371,2026-09-14T02:30:05.310+00:00,2026-09-14T02:34:59.148+00:00,2026-09-14T02:35:05.323+00:00,False,94,93.0,,93.0,293838.680415,300012.870751,300012.870948,3191.626286680851,0.0356,293838.680415,30300.305144703038,87.95435864999999,66.38914339784947,20.510125167722677,0.30998670079453583,26,64,,True,False,Request timeout: 300.0s exceeded,444,21.16838264042747
372,2026-09-14T02:30:09.082+00:00,2026-09-14T02:35:02.955+00:00,2026-09-14T02:35:09.139+00:00,False,92,91.0,,91.0,293872.733107,300056.755891,300056.75582900003,3261.486476402174,0.03484,293872.733107,30631.272111145812,88.23794555,67.95629432967033,20.324771050543728,0.3032759576760108,26,64,,True,False,Request timeout: 300.0s exceeded,444,21.16838264042747
373,2026-09-14T02:30:14.043+00:00,2026-09-14T02:35:07.713+00:00,2026-09-14T02:35:14.120+00:00,False,98,97.0,,97.0,293670.10373900004,300076.8703310001,300076.870271,3062.008880316327,0.03019,293670.10373900004,29658.495256545135,88.68467219999998,66.04914012371134,20.441912838884235,0.3232505054221742,26,64,,True,False,Request timeout: 300.0s exceeded,461,21.16838264042747
374,2026-09-14T02:30:17.584+00:00,2026-09-14T02:35:11.022+00:00,2026-09-14T02:35:17.654+00:00,False,98,97.0,,97.0,293438.122203,300070.25020300003,300070.250149,3061.9413280510203,0.02325,293438.122203,29634.827072560496,90.3994612,68.37245360824743,20.69584172303194,0.3232576369512762,26,64,,True,False,Request timeout: 300.0s exceeded,445,21.16838264042747
375,2026-09-14T02:30:22.772+00:00,2026-09-14T02:35:16.465+00:00,2026-09-14T02:35:22.800+00:00,False,90,89.0,,89.0,293692.77405,300027.499938,300027.499735,3333.6388859444446,0.02308,293692.77405,30950.439931988225,87.41186989999999,71.17669537078652,19.386166486110515,0.2966394747761177,26,64,,True,False,Request timeout: 300.0s exceeded,410,21.16838264042747
376,2026-09-14T02:30:25.716+00:00,2026-09-14T02:35:19.269+00:00,2026-09-14T02:35:25.802+00:00,False,94,93.0,,93.0,293553.671798,300086.150006,300086.149885,3192.4058498404256,0.0268,293553.671798,30270.512145233395,88.72881600000001,70.24170116129032,21.598264100938696,0.3099110038838531,26,64,,True,False,Request timeout: 300.0s exceeded,447,21.16838264042747
377,2026-09-14T02:30:30.385+00:00,2026-09-14T02:35:24.489+00:00,2026-09-14T02:35:30.443+00:00,False,87,86.0,,86.0,294103.484742,300058.171718,300058.171719,3448.9445025172413,0.04418,294103.484742,31523.787442533274,87.9310996,69.24054623255815,21.953074253060382,0.2866110911347694,26,64,,True,False,Request timeout: 300.0s exceeded,193,21.16838264042747
378,2026-09-14T02:30:34.014+00:00,2026-09-14T02:35:27.353+00:00,2026-09-14T02:35:34.043+00:00,False,100,99.0,,99.0,293338.6848,300028.554112,300028.554175,3000.28554175,0.0225,293338.6848,29327.117403823286,87.43723745,67.57443749494949,19.424208982816356,0.32996859346608565,26,64,,True,False,Request timeout: 300.0s exceeded,450,21.16838264042747
379,2026-09-14T02:30:39.031+00:00,2026-09-14T02:35:32.593+00:00,2026-09-14T02:35:39.098+00:00,False,96,95.0,,95.0,293561.88454500004,300067.14252900006,300067.142569,3125.699401760417,0.02445,293561.88454500004,29954.551903171345,85.93033625,68.47639983157895,19.636898938428804,0.3165958098555182,26,64,,True,False,Request timeout: 300.0s exceeded,315,21.16838264042747
380,2026-09-14T02:30:43.973+00:00,2026-09-14T02:35:37.755+00:00,2026-09-14T02:35:44.001+00:00,False,92,91.0,,91.0,293782.126675,300028.599379,300028.599196,3261.1804260434783,0.02807,293782.126675,30621.754204787423,89.76994315,68.64255718681319,20.344274380475202,0.3033044189399012,26,64,,True,False,Request timeout: 300.0s exceeded,407,21.16838264042747
381,2026-09-14T02:30:48.044+00:00,2026-09-14T02:35:41.735+00:00,2026-09-14T02:35:48.070+00:00,False,94,93.0,,93.0,293690.959492,300026.755204,300026.755104,3191.7739904680852,0.0384,293690.959492,30284.8902317453,90.21436865000001,68.12683561290322,21.332960627393422,0.3099723554213212,26,64,,True,False,Request timeout: 300.0s exceeded,375,21.16838264042747
382,2026-09-14T02:30:51.936+00:00,2026-09-14T02:35:45.786+00:00,2026-09-14T02:35:51.976+00:00,False,90,89.0,,89.0,293850.38862,300040.144524,300040.14460999996,3333.779384555555,0.026359999999999998,293850.38862,30967.226075108872,90.1313019,69.54781914606741,20.043255789239744,0.296626973504477,26,64,,True,False,Request timeout: 300.0s exceeded,344,21.16838264042747
383,2026-09-14T02:30:55.572+00:00,2026-09-14T02:35:49.145+00:00,2026-09-14T02:35:55.605+00:00,False,94,93.0,,93.0,293573.826378,300033.746762,300033.74694900005,3191.8483717978725,0.02117,293573.826378,30272.669444324092,86.34465,69.46150950537634,18.620382688391118,0.3099651322681768,26,64,,True,False,Request timeout: 300.0s exceeded,418,21.16838264042747
384,2026-09-14T02:30:58.923+00:00,2026-09-14T02:35:52.422+00:00,2026-09-14T02:35:59.005+00:00,False,99,98.0,,98.0,293498.09093199996,300081.5413,300081.54125199997,3031.126679313131,0.02323,293498.09093199996,29490.92270035043,86.3050156,67.17806497959184,19.437938382639633,0.32657790137790127,26,64,,True,False,Request timeout: 300.0s exceeded,418,21.16838264042747
385,2026-09-14T02:31:02.453+00:00,2026-09-14T02:35:56.267+00:00,2026-09-14T02:36:02.478+00:00,False,94,93.0,,93.0,293814.138579,300025.696979,300025.696986,3191.762733893617,0.01795,293814.138579,30297.732527899607,89.53525714999999,66.79095053763442,20.692599002325007,0.30997344872932486,26,64,,True,False,Request timeout: 300.0s exceeded,425,21.16838264042747
386,2026-09-14T02:31:05.553+00:00,2026-09-14T02:35:59.532+00:00,2026-09-14T02:36:05.563+00:00,False,87,86.0,,86.0,293978.787476,300009.37691600004,300009.376945,3448.3836430459774,0.023289999999999998,293978.787476,31510.32292840496,89.715346,70.1231330232558,20.536626641902444,0.28665770678254243,26,64,,True,False,Request timeout: 300.0s exceeded,308,21.16838264042747
387,2026-09-14T02:31:08.949+00:00,2026-09-14T02:36:03.059+00:00,2026-09-14T02:36:09.017+00:00,False,84,83.0,,83.0,294109.50908499997,300067.235037,300067.23511699995,3572.228989488095,0.02296,294109.50908499997,32082.15235514944,88.391021,71.77983074698795,19.560911302339804,0.27660467491482577,26,64,,True,False,Request timeout: 300.0s exceeded,380,21.16838264042747
388,2026-09-14T02:31:12.775+00:00,2026-09-14T02:36:06.863+00:00,2026-09-14T02:36:12.831+00:00,False,88,87.0,,87.0,294087.811017,300055.876297,300055.876397,3409.7258681477274,0.0249,294087.811017,31342.55961776894,88.00464455000001,68.59845149425287,19.903865927530713,0.28994599630465506,26,64,,True,False,Request timeout: 300.0s exceeded,326,21.16838264042747
389,2026-09-14T02:31:16.564+00:00,2026-09-14T02:36:10.568+00:00,2026-09-14T02:36:16.640+00:00,False,88,87.0,,87.0,294004.01756699994,300076.43689499993,300076.43684499996,3409.959509602272,0.04136,294004.01756699994,31333.498669122007,87.68280150000001,69.79792331034483,18.79861815866747,0.28992612982285665,26,64,,True,False,Request timeout: 300.0s exceeded,381,21.16838264042747
390,2026-09-14T02:31:20.004+00:00,2026-09-14T02:36:13.655+00:00,2026-09-14T02:36:20.077+00:00,False,93,92.0,,92.0,293651.12303500006,300073.32540300005,300073.32543500006,3226.594897150538,0.020300000000000002,293651.12303500006,30442.970310147506,88.4634656,69.80654747826088,19.126291715477503,0.30659173012610674,26,64,,True,False,Request timeout: 300.0s exceeded,498,21.16838264042747
391,2026-09-14T02:31:23.455+00:00,2026-09-14T02:36:17.016+00:00,2026-09-14T02:36:23.465+00:00,False,97,96.0,,96.0,293561.299689,300009.84394500003,300009.843853,3092.8849881752576,0.02801,293561.299689,29799.820372182647,89.04240020000002,67.172336,20.091374679635603,0.31998950013653354,26,64,,True,False,Request timeout: 300.0s exceeded,454,21.16838264042747
392,2026-09-14T02:31:27.944+00:00,2026-09-14T02:36:21.831+00:00,2026-09-14T02:36:27.969+00:00,False,91,90.0,,90.0,293887.78101499996,300025.927575,300025.92763399996,3296.9882157582415,0.020999,293887.78101499996,30800.66758234774,89.9375405,68.20162844444445,20.279766490805812,0.29997407466560355,26,64,,True,False,Request timeout: 300.0s exceeded,441,21.16838264042747
393,2026-09-14T02:31:31.596+00:00,2026-09-14T02:36:25.234+00:00,2026-09-14T02:36:31.618+00:00,False,89,88.0,,88.0,293638.252195,300021.949859,300021.949998,3371.033146044944,0.01841,293638.252195,31117.90852180613,88.2331444,72.54201890909091,18.57181669485665,0.293311872819162,26,64,,True,False,Request timeout: 300.0s exceeded,357,21.16838264042747
394,2026-09-14T02:31:35.776+00:00,2026-09-14T02:36:29.498+00:00,2026-09-14T02:36:35.815+00:00,False,90,89.0,,89.0,293722.40262400004,300039.311424,300039.311548,3333.7701283111114,0.03548,293722.40262400004,30953.584401931454,88.4635995,70.97650337078652,19.77457238429581,0.29662779712965615,26,64,,True,False,Request timeout: 300.0s exceeded,474,21.16838264042747
395,2026-09-14T02:31:39.191+00:00,2026-09-14T02:36:33.008+00:00,2026-09-14T02:36:39.279+00:00,False,93,92.0,,92.0,293817.21934899996,300087.979541,300087.979489,3226.7524676236553,0.02076,293817.21934899996,30460.36546535252,88.7428246,68.16043686956522,20.791660163716923,0.3065767583917181,26,64,,True,False,Request timeout: 300.0s exceeded,294,21.16838264042747
396,2026-09-14T02:31:43.008+00:00,2026-09-14T02:36:36.921+00:00,2026-09-14T02:36:43.056+00:00,False,92,91.0,,91.0,293912.747842,300048.057154,300048.057217,3261.391926271739,0.023280000000000002,293912.747842,30635.49997478029,90.04246905,67.42098145054945,20.6722789185818,0.3032847499935457,26,64,,True,False,Request timeout: 300.0s exceeded,507,21.16838264042747
397,2026-09-14T02:31:46.179+00:00,2026-09-14T02:36:39.841+00:00,2026-09-14T02:36:46.207+00:00,False,91,90.0,,90.0,293662.312302,300027.773806,300027.773952,3297.008504967033,0.025929999999999998,293662.312302,30776.767417909465,89.77339099999999,70.72735004444444,20.495606887835685,0.2999722287650429,26,64,,True,False,Request timeout: 300.0s exceeded,473,21.16838264042747
398,2026-09-14T02:31:50.190+00:00,2026-09-14T02:36:43.923+00:00,2026-09-14T02:36:50.198+00:00,False,93,92.0,,92.0,293732.632488,300007.67991199996,300007.679739,3225.8890294516127,0.02246,293732.632488,30451.58954534251,90.1764956,68.2070372173913,21.02568262078683,0.3066588162909229,26,64,,True,False,Request timeout: 300.0s exceeded,445,21.16838264042747
399,2026-09-14T02:31:54.470+00:00,2026-09-14T02:36:48.278+00:00,2026-09-14T02:36:54.506+00:00,False,92,91.0,,91.0,293807.93665499997,300035.77486299997,300035.774695,3261.2584205978255,0.0443,293807.93665499997,30624.4662684608,89.37046720000001,68.43778250549451,20.097154447835464,0.3032971652848788,26,64,,True,False,Request timeout: 300.0s exceeded,426,21.16838264042747
400,2026-09-14T02:31:59.712+00:00,2026-09-14T02:36:53.710+00:00,2026-09-14T02:36:59.781+00:00,False,85,84.0,,84.0,293998.331909,300068.926981,300068.92685,3530.2226688235296,0.02546,293998.331909,31880.76337987972,90.6067254,72.26898895238095,19.14944630588679,0.2799356829283386,26,64,,True,False,Request timeout: 300.0s exceeded,363,21.16838264042747
401,2026-09-14T02:32:05.561+00:00,2026-09-14T02:36:56.895+00:00,2026-09-14T02:37:05.676+00:00,False,132,131.0,,131.0,291333.60425800004,300114.12393800006,300114.12394200003,2273.5918480454548,0.02207,291333.60425800004,25351.509283688916,88.90648900000001,67.02686778625954,19.909959084986664,0.4365006161025031,26,64,,True,False,Request timeout: 300.0s exceeded,656,21.16838264042747
402,2026-09-14T02:32:09.193+00:00,2026-09-14T02:37:02.861+00:00,2026-09-14T02:37:09.224+00:00,False,106,105.0,,105.0,293667.298047,300030.998015,300030.99806,2830.481113773585,0.0,293667.298047,28517.616714625,89.89900275,60.606666361904765,28.2625600543672,0.3499638393855242,26,64,,True,False,Request timeout: 300.0s exceeded,550,21.16838264042747
403,2026-09-14T02:32:12.930+00:00,2026-09-14T02:37:07.189+00:00,2026-09-14T02:37:13.005+00:00,False,90,89.0,,89.0,294258.795073,300074.48428900004,300074.484202,3334.1609355777778,0.0,294258.795073,31010.720308017928,89.10049589999998,65.34482265168539,22.107150746948605,0.2965930282638913,26,64,,True,False,Request timeout: 300.0s exceeded,374,21.16838264042747
404,2026-09-14T02:32:16.867+00:00,2026-09-14T02:37:10.415+00:00,2026-09-14T02:37:16.908+00:00,False,99,98.0,,98.0,293548.38684600004,300040.92214200005,300040.92195600003,3030.71638339394,0.02041,293548.38684600004,29496.071569879437,88.9494159,66.2503601632653,20.487520581757803,0.3266221130783608,26,64,,True,False,Request timeout: 300.0s exceeded,488,21.16838264042747
405,2026-09-14T02:32:21.519+00:00,2026-09-14T02:37:15.150+00:00,2026-09-14T02:37:21.590+00:00,False,100,99.0,,99.0,293630.95521499997,300070.913487,300070.913488,3000.7091348799995,0.03504,293630.95521499997,29356.597801082116,89.80894005,65.05008355555555,20.790961137937618,0.32992201359859225,26,64,,True,False,Request timeout: 300.0s exceeded,240,21.16838264042747
406,2026-09-14T02:32:26.056+00:00,2026-09-14T02:37:19.485+00:00,2026-09-14T02:37:26.098+00:00,False,100,99.0,,99.0,293428.78474699997,300041.759851,300041.76001399994,3000.4176001399996,0.01954,293428.78474699997,29336.20545121953,89.05576045,66.79772832323232,20.001290897253828,0.3299540705572556,26,64,,True,False,Request timeout: 300.0s exceeded,453,21.16838264042747
407,2026-09-14T02:32:28.920+00:00,2026-09-14T02:37:22.396+00:00,2026-09-14T02:37:28.961+00:00,False,98,97.0,,97.0,293475.78700099996,300040.97612099996,300040.976209,3061.6426143775507,0.021670000000000002,293475.78700099996,29638.70078749047,88.62275550000003,67.68236206185567,19.6371819504375,0.3232891762119919,26,64,,True,False,Request timeout: 300.0s exceeded,473,21.16838264042747
408,2026-09-14T02:32:32.355+00:00,2026-09-14T02:37:25.912+00:00,2026-09-14T02:37:32.373+00:00,False,95,94.0,,94.0,293557.83371,300018.380014,300018.380029,3158.0882108315786,0.020329999999999997,293557.83371,30111.352991373697,88.16276400000001,68.729216,19.447034667587697,0.31331413760588134,26,64,,True,False,Request timeout: 300.0s exceeded,481,21.16838264042747
409,2026-09-14T02:32:36.111+00:00,2026-09-14T02:37:30.147+00:00,2026-09-14T02:37:36.141+00:00,False,89,88.0,,88.0,294036.033513,300029.456105,300029.456009,3371.117483247191,0.07298,294036.033513,31160.543557785295,86.919867,68.10707490909091,18.916020295530167,0.2933045346361026,26,64,,True,False,Request timeout: 300.0s exceeded,346,21.16838264042747
410,2026-09-14T02:32:40.237+00:00,2026-09-14T02:37:34.021+00:00,2026-09-14T02:37:40.260+00:00,False,95,94.0,,94.0,293783.45212599996,300022.971614,300022.971554,3158.136542673684,0.038590000000000006,293783.45212599996,30134.742384276837,88.0026477,66.37786689361702,19.747405681467693,0.313309342595731,26,64,,True,False,Request timeout: 300.0s exceeded,463,21.16838264042747
411,2026-09-14T02:32:45.507+00:00,2026-09-14T02:37:39.616+00:00,2026-09-14T02:37:45.532+00:00,False,84,83.0,,83.0,294108.485744,300024.336496,300024.336687,3571.718293892857,0.03319,294108.485744,32082.095333063113,86.91947449999999,71.27531026506024,18.861132744653542,0.27664422482976336,26,64,,True,False,Request timeout: 300.0s exceeded,379,21.16838264042747
412,2026-09-14T02:32:48.683+00:00,2026-09-14T02:37:42.452+00:00,2026-09-14T02:37:48.722+00:00,False,92,91.0,,91.0,293768.96198900003,300038.66490100004,300038.664846,3261.289835282609,0.05262,293768.96198900003,30620.354119533866,87.1775421,68.8978341978022,18.83075934878751,0.30329424386029086,26,64,,True,False,Request timeout: 300.0s exceeded,344,21.16838264042747
413,2026-09-14T02:32:53.722+00:00,2026-09-14T02:37:47.211+00:00,2026-09-14T02:37:53.778+00:00,False,99,98.0,,98.0,293489.698315,300055.732747,300055.732786,3030.8659877373734,0.0189,293489.698315,29490.09721430011,87.4671239,67.00035134693877,19.655487469512472,0.32660599116975153,26,64,,True,False,Request timeout: 300.0s exceeded,367,21.16838264042747
414,2026-09-14T02:32:57.200+00:00,2026-09-14T02:37:50.589+00:00,2026-09-14T02:37:57.289+00:00,False,96,95.0,,95.0,293388.418357,300088.946229,300088.946224,3125.9265231666664,0.02631,293388.418357,29936.638057981996,90.1038025,70.5318723368421,20.026552781340918,0.31657280680876804,26,64,,True,False,Request timeout: 300.0s exceeded,436,21.16838264042747
415,2026-09-14T02:33:01.435+00:00,2026-09-14T02:37:55.155+00:00,2026-09-14T02:38:01.466+00:00,False,90,89.0,,89.0,293720.020295,300030.579783,300030.579736,3333.6731081777775,0.03638,293720.020295,30953.341067937254,89.594078,70.90516278651685,20.19023761739941,0.29663642974116206,26,64,,True,False,Request timeout: 300.0s exceeded,410,21.16838264042747
416,2026-09-14T02:33:06.192+00:00,2026-09-14T02:38:00.101+00:00,2026-09-14T02:38:06.260+00:00,False,90,89.0,,89.0,293908.77538300003,300067.74651900004,300067.746463,3334.0860718111117,0.04521,293908.77538300003,30973.417234006105,91.54185245000001,69.2019228764045,20.344414880270897,0.2965996880120023,26,64,,True,False,Request timeout: 300.0s exceeded,379,21.16838264042747
417,2026-09-14T02:33:09.663+00:00,2026-09-14T02:38:03.261+00:00,2026-09-14T02:38:09.747+00:00,False,96,95.0,,95.0,293597.69884799997,300083.78832,300083.78844699997,3125.872796322916,0.036950000000000004,293597.69884799997,29958.228280827487,89.71661775000001,68.27462602105263,20.39783783233898,0.3165782481348008,26,64,,True,False,Request timeout: 300.0s exceeded,355,21.16838264042747
418,2026-09-14T02:33:13.046+00:00,2026-09-14T02:38:06.476+00:00,2026-09-14T02:38:13.094+00:00,False,108,107.0,,107.0,293429.68986000004,300047.26144400006,300047.26151200006,2778.215384370371,0.01542,293429.68986000004,28230.803603212276,88.31574685,61.84646340186916,289.4181865974666,0.3566104869114767,26,64,,True,False,Request timeout: 300.0s exceeded,412,21.16838264042747
419,2026-09-14T02:33:17.331+00:00,2026-09-14T02:38:12.966+00:00,2026-09-14T02:38:17.383+00:00,False,69,68.0,,68.0,295634.584523,300051.878859,300051.8787,4348.577952173913,0.037378999999999996,295634.584523,35582.41016222369,88.8522222,64.96021082352941,25.200850065895192,0.22662747608374242,26,64,,True,False,Request timeout: 300.0s exceeded,248,21.16838264042747
420,2026-09-14T02:33:21.757+00:00,2026-09-14T02:38:14.940+00:00,2026-09-14T02:38:21.782+00:00,False,103,102.0,,102.0,293182.274927,300024.172143,300024.172257,2912.856041330097,0.027800000000000002,293182.274927,28881.505103937747,86.9230941,67.0774236862745,19.482293301742086,0.33997260711174937,26,64,,True,False,Request timeout: 300.0s exceeded,321,21.16838264042747
421,2026-09-14T02:33:26.026+00:00,2026-09-14T02:38:19.550+00:00,2026-09-14T02:38:26.038+00:00,False,98,97.0,,97.0,293523.760955,300011.76223500003,300011.762161,3061.344511846939,0.022449999999999998,293523.760955,29643.62750924742,88.48446704999998,66.88661113402063,19.99764357365959,0.3233206567548496,26,64,,True,False,Request timeout: 300.0s exceeded,478,21.16838264042747
422,2026-09-14T02:33:30.397+00:00,2026-09-14T02:38:24.338+00:00,2026-09-14T02:38:30.425+00:00,False,94,93.0,,93.0,293940.265303,300027.291735,300027.291676,3191.779698680851,0.03336,293940.265303,30310.87940837705,87.80625,65.45189711827958,20.382807607901157,0.30997180110582256,26,64,,True,False,Request timeout: 300.0s exceeded,361,21.16838264042747
423,2026-09-14T02:33:33.547+00:00,2026-09-14T02:38:27.206+00:00,2026-09-14T02:38:33.561+00:00,False,97,96.0,,96.0,293658.459407,300013.630735,300013.63068299997,3092.924027659794,0.03864,293658.459407,29809.784352304752,88.42751899999999,66.19970133333334,20.317410548461268,0.31998546120991467,26,64,,True,False,Request timeout: 300.0s exceeded,323,21.16838264042747
424,2026-09-14T02:33:36.921+00:00,2026-09-14T02:38:30.420+00:00,2026-09-14T02:38:36.960+00:00,False,96,95.0,,95.0,293499.34525099996,300038.992995,300038.99319799995,3125.406179145833,0.02659,293499.34525099996,29948.13271510732,88.65593550000001,68.83839730526316,20.60992400187213,0.31662551274321576,26,64,,True,False,Request timeout: 300.0s exceeded,484,21.16838264042747
425,2026-09-14T02:33:40.133+00:00,2026-09-14T02:38:34.156+00:00,2026-09-14T02:38:40.159+00:00,False,87,86.0,,86.0,294023.330764,300026.014668,300026.01457400003,3448.5748801609197,0.02124,294023.330764,31515.13283937947,88.081885,69.79865004651164,19.876835556792802,0.2866418103615617,26,64,,True,False,Request timeout: 300.0s exceeded,231,21.16838264042747
426,2026-09-14T02:33:43.340+00:00,2026-09-14T02:38:36.778+00:00,2026-09-14T02:38:43.407+00:00,False,100,99.0,,99.0,293438.020217,300066.853497,300066.853495,3000.66853495,0.01975,293438.020217,29337.113568400448,88.452569,66.95791191919191,20.855193751077856,0.32992647753741244,26,64,,True,False,Request timeout: 300.0s exceeded,425,21.16838264042747
427,2026-09-14T02:33:46.698+00:00,2026-09-14T02:38:40.491+00:00,2026-09-14T02:38:46.715+00:00,False,99,98.0,,98.0,293792.392078,300016.53467,300016.534632,3030.470046787879,0.04112,293792.392078,29520.87051631767,86.2024718,63.51165910204082,20.85425935484461,0.32664866324049124,26,64,,True,False,Request timeout: 300.0s exceeded,474,21.16838264042747
428,2026-09-14T02:33:51.940+00:00,2026-09-14T02:38:45.463+00:00,2026-09-14T02:38:52.022+00:00,False,100,99.0,,99.0,293522.88206599996,300081.43924999994,300081.43908299995,3000.8143908299994,0.0247,293522.88206599996,29345.669931786848,87.13909134999999,66.24805236363636,19.676876889624424,0.32991044113702217,26,64,,True,False,Request timeout: 300.0s exceeded,430,21.16838264042747
429,2026-09-14T02:33:57.116+00:00,2026-09-14T02:38:50.611+00:00,2026-09-14T02:38:57.173+00:00,False,97,96.0,,96.0,293494.727302,300056.758662,300056.75867199997,3093.3686461030925,0.039549999999999995,293494.727302,29792.940514391423,87.5444816,68.35449333333332,19.4401754667867,0.31993946887941804,26,64,,True,False,Request timeout: 300.0s exceeded,460,21.16838264042747
430,2026-09-14T02:34:02.079+00:00,2026-09-14T02:38:55.790+00:00,2026-09-14T02:39:02.101+00:00,False,94,93.0,,93.0,293711.567893,300022.67880500003,300022.67888300004,3191.730626414894,0.037219999999999996,293711.567893,30287.041801145668,87.5718578,67.86140765591398,19.217514734954936,0.30997656700627424,26,64,,True,False,Request timeout: 300.0s exceeded,462,21.16838264042747
431,2026-09-14T02:34:07.119+00:00,2026-09-14T02:39:00.746+00:00,2026-09-14T02:39:07.195+00:00,False,99,98.0,,98.0,293626.747899,300076.444411,300076.444497,3031.075196939394,0.0173,293626.747899,29503.990801257307,89.4567878,65.81322971428571,20.07322976334087,0.3265834484021485,26,64,,True,False,Request timeout: 300.0s exceeded,451,21.16838264042747
432,2026-09-14T02:34:11.748+00:00,2026-09-14T02:39:05.334+00:00,2026-09-14T02:39:11.786+00:00,False,99,98.0,,98.0,293585.728154,300038.379674,300038.379585,3030.690702878788,0.038799,293585.728154,29499.865616670497,90.08141189999998,65.84338285714286,20.77982898126765,0.32662488081184715,26,64,,True,False,Request timeout: 300.0s exceeded,450,21.16838264042747
433,2026-09-14T02:34:15.185+00:00,2026-09-14T02:39:08.901+00:00,2026-09-14T02:39:15.223+00:00,False,95,94.0,,94.0,293715.74322899996,300037.602301,300037.60236699996,3158.2905512315783,0.02255,293715.74322899996,30127.705956129706,88.39524970000001,67.25381991489361,20.095366975841376,0.3132940647409203,26,64,,True,False,Request timeout: 300.0s exceeded,473,21.16838264042747
434,2026-09-14T02:34:18.921+00:00,2026-09-14T02:39:12.415+00:00,2026-09-14T02:39:18.945+00:00,False,96,95.0,,95.0,293494.692813,300024.311757,300024.311863,3125.2532485729166,0.034,293494.692813,29947.66795603256,87.62833325,68.73283098947368,19.560911013989653,0.31664100633599246,26,64,,True,False,Request timeout: 300.0s exceeded,458,21.16838264042747
435,2026-09-14T02:34:21.815+00:00,2026-09-14T02:39:15.702+00:00,2026-09-14T02:39:21.852+00:00,False,90,89.0,,89.0,293887.437005,300037.51649300003,300037.516334,3333.750181488889,0.032189,293887.437005,30971.177641217535,86.49178900000001,69.10201671910113,18.971080901342507,0.2966295716625037,26,64,,True,False,Request timeout: 300.0s exceeded,557,21.16838264042747
436,2026-09-14T02:34:25.920+00:00,2026-09-14T02:39:19.730+00:00,2026-09-14T02:39:25.990+00:00,False,94,93.0,,93.0,293809.57153799996,300070.24840199994,300070.248475,3192.236685904255,0.036899999999999995,293809.57153799996,30297.20636154265,88.94887665,67.31910606451612,19.72727968882072,0.30992742697839604,26,64,,True,False,Request timeout: 300.0s exceeded,428,21.16838264042747
437,2026-09-14T02:34:31.078+00:00,2026-09-14T02:39:24.897+00:00,2026-09-14T02:39:31.115+00:00,False,93,92.0,,92.0,293818.958406,300036.644934,300036.644854,3226.200482301075,0.06862,293818.958406,30460.604974326467,87.751109,67.5835492173913,19.815976158227215,0.3066292119758823,26,64,,True,False,Request timeout: 300.0s exceeded,364,21.16838264042747
438,2026-09-14T02:34:35.270+00:00,2026-09-14T02:39:28.375+00:00,2026-09-14T02:39:35.298+00:00,False,113,112.0,,112.0,293105.111661,300027.68241300003,300027.682441,2655.1122339911503,0.02776,293105.111661,27567.202279151148,87.7786206,61.808667428571425,20.05882300275762,0.3732988872867656,26,64,,True,False,Request timeout: 300.0s exceeded,360,21.16838264042747
439,2026-09-14T02:34:38.403+00:00,2026-09-14T02:39:32.027+00:00,2026-09-14T02:39:38.055+00:00,True,123,123.0,,123.0,293624.099343,299651.620879,299651.62071299995,2436.192038317073,0.01998,293624.099343,26470.75288260877,89.30397340000002,49.4059142295082,27.556023315274235,0.4104766716735621,26,64,,True,True,,537,21.16838264042747
0,2026-09-14T02:04:40.913+00:00,2026-09-14T02:04:41.145+00:00,2026-09-14T02:04:47.518+00:00,True,131,131.0,,131.0,232.308951,6604.797655,6604.797801,50.41830382442748,0.0242,232.308951,24.07334885859255,85.26538550000001,49.019143876923074,18.043806029890995,19.834067119502087,27,64,,False,True,,676,21.16838264042747
1,2026-09-14T02:04:45.323+00:00,2026-09-14T02:04:45.510+00:00,2026-09-14T02:04:52.882+00:00,True,124,124.0,,124.0,186.822326,7559.18047,7559.1805,60.96113306451613,39.967945,186.822326,22.330946742907592,93.882222,59.93787108943089,19.283630046960816,16.403894640710966,27,64,,False,True,,513,21.16838264042747
2,2026-09-14T02:04:48.917+00:00,2026-09-14T02:04:53.024+00:00,2026-09-14T02:04:59.987+00:00,True,102,102.0,,102.0,4106.501707,11069.302091000001,11069.302215,108.52257073529412,41.164404000000005,4106.501707,400.3891486443932,97.1662326,68.93861766336633,22.21837103163391,9.214673080693322,27,64,,False,True,,467,21.16838264042747
3,2026-09-14T02:04:53.694+00:00,2026-09-14T02:05:00.246+00:00,2026-09-14T02:05:18.483+00:00,True,277,277.0,,277.0,6551.816955,24789.163771,24789.163651,89.4915655270758,15.320198,6551.816955,390.315842149986,94.21099720000001,66.07734353623188,22.128735991772945,11.174237362700104,27,64,,False,True,,1255,21.16838264042747
4,2026-09-14T02:04:57.865+00:00,2026-09-14T02:05:09.108+00:00,2026-09-14T02:05:16.814+00:00,True,115,115.0,,115.0,11242.953267,18948.938547,18948.938368,164.7733771130435,15.159718000000002,11242.953267,1042.3597396438142,95.9581521,67.59636210526315,23.035587041153903,6.068941524864822,27,64,,False,True,,511,21.16838264042747
5,2026-09-14T02:05:00.582+00:00,2026-09-14T02:05:12.612+00:00,2026-09-14T02:05:24.862+00:00,True,185,185.0,,185.0,12030.330417,24280.487985,24280.488102,131.24588163243243,17.675622999999998,12030.330417,879.870637528195,93.63681000000001,66.57694330434782,22.17620471736308,7.6192867340347235,27,64,,False,True,,1173,21.16838264042747
6,2026-09-14T02:05:04.043+00:00,2026-09-14T02:05:17.987+00:00,2026-09-14T02:05:32.528+00:00,True,218,218.0,,218.0,13943.620676,28484.468548,28484.468444000002,130.66269928440366,40.324285,13943.620676,940.1007136958566,95.3742405,67.0085155391705,22.071918272347567,7.653293570587139,27,64,,False,True,,864,21.16838264042747
7,2026-09-14T02:05:07.098+00:00,2026-09-14T02:05:24.165+00:00,2026-09-14T02:05:37.100+00:00,True,193,193.0,,193.0,17067.440673,30002.467105000003,30002.467105,155.45319743523316,36.924252,17067.440673,1223.8930578755694,95.9758776,67.36992933333333,22.248729868756005,6.432804319876613,27,64,,False,True,,686,21.16838264042747
8,2026-09-14T02:05:09.991+00:00,2026-09-14T02:05:29.375+00:00,2026-09-14T02:05:39.405+00:00,True,153,153.0,,153.0,19383.635002,29413.488442,29413.488368,192.2450220130719,0.01739,19383.635002,1562.00067565229,95.378599,65.98587789473684,28.664662816935557,5.201695144107042,27,64,,False,True,,707,21.16838264042747
9,2026-09-14T02:05:14.009+00:00,2026-09-14T02:05:36.264+00:00,2026-09-14T02:05:47.810+00:00,True,179,179.0,,179.0,22255.78872,33801.704880000005,33801.70493,188.83634039106147,0.01785,22255.78872,1658.8634603468856,94.79079180000001,64.86469752808989,28.055325404317685,5.295590877308435,27,64,,False,True,,490,21.16838264042747
10,2026-09-14T02:05:17.263+00:00,2026-09-14T02:05:43.225+00:00,2026-09-14T02:06:01.132+00:00,True,270,270.0,,270.0,25961.992929,43868.925921,43868.925825,162.47750305555556,39.656146,25961.992929,1576.0957529634145,96.62438900000001,66.568524133829,21.814414289075195,6.154698213633522,27,64,,False,True,,1355,21.16838264042747
11,2026-09-14T02:05:21.357+00:00,2026-09-14T02:05:49.081+00:00,2026-09-14T02:06:05.773+00:00,True,251,251.0,,251.0,27723.919767,44416.358295,44416.358302,176.95760279681275,37.871171000000004,27723.919767,1745.8408624747292,95.66719850000001,66.769754112,21.917524290360472,5.651071128635402,27,64,,False,True,,1078,21.16838264042747
12,2026-09-14T02:05:25.067+00:00,2026-09-14T02:05:55.748+00:00,2026-09-14T02:06:03.786+00:00,True,123,123.0,,123.0,30681.122328,38719.60988,38719.609749,314.79357519512195,40.549645,30681.122328,2760.5639307099495,94.75896120000002,65.8892422295082,21.277296044615927,3.1766848989750205,27,64,,False,True,,614,21.16838264042747
13,2026-09-14T02:05:29.124+00:00,2026-09-14T02:06:03.184+00:00,2026-09-14T02:06:18.791+00:00,True,236,236.0,,236.0,34060.159917000004,49666.865837000005,49666.865901000005,210.4528216144068,37.182341,34060.159917000004,2212.909820471586,94.10636875,66.4115145531915,21.6315147843367,4.751658797527518,27,64,,False,True,,1292,21.16838264042747
14,2026-09-14T02:05:33.989+00:00,2026-09-14T02:06:11.263+00:00,2026-09-14T02:06:18.741+00:00,True,116,116.0,,116.0,37273.840254,44751.631486,44751.631558,385.78992722413795,32.038383,37273.840254,3454.8192615491353,94.73190575000001,65.02427158260869,21.679158392013274,2.5920842692917057,27,64,,False,True,,609,21.16838264042747
15,2026-09-14T02:05:38.302+00:00,2026-09-14T02:06:19.228+00:00,2026-09-14T02:06:26.227+00:00,True,107,107.0,,107.0,40926.4101,47925.25682,47925.256972,447.89959786915887,7.877363,40926.4101,3950.1921129298817,94.82171760000001,66.0268558490566,23.589145219283772,2.232643226135976,27,64,,False,True,,599,21.16838264042747
16,2026-09-14T02:05:41.192+00:00,2026-09-14T02:06:24.321+00:00,2026-09-14T02:06:34.086+00:00,True,150,150.0,,150.0,43128.882559,52894.207871,52894.207912,352.62805274666664,0.01663,43128.882559,3516.274404416268,94.8424275,65.53909605369128,34.39902966129673,2.835849255287546,27,64,,False,True,,664,21.16838264042747
17,2026-09-14T02:05:45.946+00:00,2026-09-14T02:06:33.346+00:00,2026-09-14T02:06:45.140+00:00,True,175,175.0,,175.0,47399.185982,59193.25907,59193.258871000005,338.24719354857143,39.984055999999995,47399.185982,3577.981773342067,94.3054307,67.7820292413793,21.45260368162938,2.95641771967735,27,64,,False,True,,823,21.16838264042747
18,2026-09-14T02:05:48.683+00:00,2026-09-14T02:06:37.034+00:00,2026-09-14T02:06:45.550+00:00,True,128,128.0,,128.0,48351.083536,56866.637584,56866.637632,444.2706065,39.562356,48351.083536,4267.799182204401,94.32655985000001,67.05160667716535,21.430394025287764,2.2508804008488466,27,64,,False,True,,569,21.16838264042747
19,2026-09-14T02:05:53.510+00:00,2026-09-14T02:06:45.137+00:00,2026-09-14T02:06:52.587+00:00,True,114,114.0,,114.0,51627.131275,59076.563595,59076.563609,518.215470254386,10.148279,51627.131275,4829.207554773979,95.18533299999999,65.92417982300886,23.785007176777295,1.9296992421821995,27,64,,False,True,,376,21.16838264042747
20,2026-09-14T02:05:57.852+00:00,2026-09-14T02:06:53.644+00:00,2026-09-14T02:07:06.023+00:00,True,185,185.0,,185.0,55791.845460000004,68170.87701200001,68170.87698900001,368.49122696756757,40.263895,55791.845460000004,4097.008653984198,96.78409899999998,67.27734539130434,21.656224874569965,2.7137688131463347,27,64,,False,True,,834,21.16838264042747
21,2026-09-14T02:06:02.465+00:00,2026-09-14T02:07:01.235+00:00,2026-09-14T02:07:09.746+00:00,True,131,131.0,,131.0,58769.257295,67280.633167,67280.63336,513.5926210687023,0.0,58769.257295,5129.048091706494,94.99147450000001,65.4721220923077,27.764037577985263,1.947068477712443,27,64,,False,True,,564,21.16838264042747
22,2026-09-14T02:06:07.441+00:00,2026-09-14T02:07:09.935+00:00,2026-09-14T02:07:16.946+00:00,True,104,104.0,,104.0,62494.354105,69505.756089,69505.756075,668.3245776442308,41.150894,62494.354105,6121.446145402995,98.68550835,68.0718639223301,23.728606481961066,1.4962789537435024,27,64,,False,True,,262,21.16838264042747
23,2026-09-14T02:06:10.328+00:00,2026-09-14T02:07:15.080+00:00,2026-09-14T02:07:32.423+00:00,True,262,262.0,,262.0,64751.272431000005,82095.009007,82095.009111,313.3397294312977,0.01668,64751.272431000005,3996.415401393592,95.2341605,66.45109799233717,37.341862993383984,3.1914242189517275,27,64,,False,True,,1104,21.16838264042747
24,2026-09-14T02:06:15.061+00:00,2026-09-14T02:07:23.694+00:00,2026-09-14T02:07:31.124+00:00,True,116,116.0,,116.0,68633.306618,76063.25836200001,76063.258574,655.7177463275863,0.01623,68633.306618,6366.639338932809,95.1947055,64.6082760347826,50.114693376186246,1.5250464218602517,27,64,,False,True,,442,21.16838264042747
25,2026-09-14T02:06:19.205+00:00,2026-09-14T02:07:31.476+00:00,2026-09-14T02:07:38.086+00:00,True,102,102.0,,102.0,72270.695704,78881.150488,78881.150431,773.3446120686274,40.152436,72270.695704,7149.417692442373,94.47201854999999,65.45004736633663,21.842130614385393,1.2930845882568234,27,64,,False,True,,465,21.16838264042747
26,2026-09-14T02:06:22.192+00:00,2026-09-14T02:07:37.169+00:00,2026-09-14T02:07:49.362+00:00,True,191,191.0,,191.0,74976.760042,87169.265642,87169.265827,456.38359071727746,40.112375,74976.760042,5420.52354449813,91.99426599999998,64.17108210526315,20.57560178154218,2.1911392575501076,27,64,,False,True,,926,21.16838264042747
27,2026-09-14T02:06:26.874+00:00,2026-09-14T02:07:44.430+00:00,2026-09-14T02:08:03.582+00:00,True,295,295.0,,295.0,77556.16724899999,96708.24891299999,96708.24911399999,327.82457326779655,0.0,77556.16724899999,4511.765514449643,94.2907378,65.14313491156463,24.00826238157728,3.0504119691525577,27,64,,False,True,,1296,21.16838264042747
28,2026-09-14T02:06:31.841+00:00,2026-09-14T02:07:52.857+00:00,2026-09-14T02:08:09.297+00:00,True,250,250.0,,250.0,81015.22911100001,97455.310775,97455.310874,389.821243496,40.914413999999994,81015.22911100001,5119.722260645852,94.36994650000001,66.02442435341365,21.515757611492912,2.565278362070874,27,64,,False,True,,1011,21.16838264042747
29,2026-09-14T02:06:36.635+00:00,2026-09-14T02:07:59.995+00:00,2026-09-14T02:08:06.941+00:00,True,106,106.0,,106.0,83359.930055,90305.98599100001,90305.98582500001,851.9432625000001,41.194733,83359.930055,8090.236972542555,95.69701825,66.15291367619048,22.195408741732447,1.1737870843973075,27,64,,False,True,,480,21.16838264042747
30,2026-09-14T02:06:40.337+00:00,2026-09-14T02:08:07.865+00:00,2026-09-14T02:08:26.216+00:00,True,279,279.0,,279.0,87528.09268700001,105879.03310300001,105879.03297300001,379.49474183870973,0.0,87528.09268700001,5236.398639892148,96.009491,66.01057703597122,43.586086224870364,2.635082620452214,27,64,,False,True,,970,21.16838264042747
31,2026-09-14T02:06:45.202+00:00,2026-09-14T02:08:16.252+00:00,2026-09-14T02:08:30.457+00:00,True,214,214.0,,214.0,91049.92973,105254.89741,105254.897379,491.8453148551402,0.01579,91049.92973,6219.667916833738,95.648306,66.68998910798122,47.65200375721088,2.0331595513926977,27,64,,False,True,,935,21.16838264042747
32,2026-09-14T02:06:48.395+00:00,2026-09-14T02:08:21.660+00:00,2026-09-14T02:08:37.172+00:00,True,232,232.0,,232.0,93265.34951999999,108776.98087999999,108776.98078299999,468.86629647844825,0.0,93265.34951999999,6118.94171282019,96.72205855,67.14991930735931,47.05451283392799,2.132804184517095,27,64,,False,True,,810,21.16838264042747
33,2026-09-14T02:06:53.374+00:00,2026-09-14T02:08:31.246+00:00,2026-09-14T02:08:48.801+00:00,True,262,262.0,,262.0,97871.419765,115426.842229,115426.842114,440.56046608396946,0.0,97871.419765,6042.410878905151,96.16777599999999,67.26215503448276,24.589693884829074,2.269835983905785,27,64,,False,True,,1042,21.16838264042747
34,2026-09-14T02:06:57.510+00:00,2026-09-14T02:08:37.894+00:00,2026-09-14T02:08:50.767+00:00,True,196,196.0,,196.0,100383.90297,113256.92031399999,113256.920394,577.8414305816326,37.450921,100383.90297,7165.597768088185,95.35040624999999,66.01547355897435,22.252637755896128,1.7305785770670645,27,64,,False,True,,675,21.16838264042747
35,2026-09-14T02:07:00.612+00:00,2026-09-14T02:08:44.271+00:00,2026-09-14T02:08:59.944+00:00,True,235,235.0,,235.0,103658.409306,119331.152218,119331.152282,507.7921373702128,0.0,103658.409306,6757.614956125309,94.966736,66.97753381196581,27.334749280986372,1.9693097370809802,27,64,,False,True,,1182,21.16838264042747
36,2026-09-14T02:07:04.990+00:00,2026-09-14T02:08:52.222+00:00,2026-09-14T02:09:00.694+00:00,True,132,132.0,,132.0,107231.690789,115703.535909,115703.535776,876.5419376969697,0.0,107231.690789,9327.743352447329,95.72457,64.6705734351145,31.11953698302723,1.1408467248902148,27,64,,False,True,,528,21.16838264042747
37,2026-09-14T02:07:07.796+00:00,2026-09-14T02:08:57.379+00:00,2026-09-14T02:09:08.509+00:00,True,172,172.0,,172.0,109583.35828,120712.948296,120712.948245,701.8194665406977,0.0,109583.35828,8350.74199774703,95.31441455,65.08532173099415,29.548493365004987,1.4248678574086278,27,64,,False,True,,853,21.16838264042747
38,2026-09-14T02:07:12.446+00:00,2026-09-14T02:09:04.785+00:00,2026-09-14T02:09:12.340+00:00,True,116,116.0,,116.0,112338.983757,119893.813325,119893.81340099999,1033.5673569051723,35.760795,112338.983757,10424.336964499644,97.45141675,65.69417015652174,22.337954085336214,0.9675228169242985,27,64,,False,True,,538,21.16838264042747
39,2026-09-14T02:07:16.837+00:00,2026-09-14T02:09:13.747+00:00,2026-09-14T02:09:29.352+00:00,True,231,231.0,,231.0,116910.418016,132514.951008,132514.95085,573.6577958874459,0.0,116910.418016,7687.888297112371,98.728272,67.8457956173913,57.14380344361918,1.7431995276220147,27,64,,False,True,,1082,21.16838264042747
40,2026-09-14T02:07:20.241+00:00,2026-09-14T02:09:19.445+00:00,2026-09-14T02:09:34.434+00:00,True,226,226.0,,226.0,119204.315369,134192.918249,134192.918323,593.773974880531,0.0,119204.315369,7924.973149814233,94.70154999999998,66.6160128,28.570841967925432,1.684142523681082,27,64,,False,True,,1242,21.16838264042747
41,2026-09-14T02:07:24.239+00:00,2026-09-14T02:09:27.122+00:00,2026-09-14T02:09:40.795+00:00,True,208,208.0,,208.0,122883.721243,136556.30389900002,136556.30388700002,656.5206917644231,39.282657,122883.721243,8515.900172829257,94.729231,66.05112394202898,21.479735692179684,1.5231812377833633,27,64,,False,True,,1028,21.16838264042747
42,2026-09-14T02:07:27.532+00:00,2026-09-14T02:09:31.933+00:00,2026-09-14T02:09:46.299+00:00,True,221,221.0,,221.0,124401.349085,138766.735325,138766.73533599998,627.903779800905,0.0,124401.349085,8363.799711861448,93.88400099999998,65.29721018181817,29.49501274481295,1.5926007013309407,27,64,,False,True,,1202,21.16838264042747
43,2026-09-14T02:07:31.532+00:00,2026-09-14T02:09:39.676+00:00,2026-09-14T02:09:55.583+00:00,True,241,241.0,,241.0,128143.76380599999,144050.717022,144050.716991,597.7208173900415,0.0,128143.76380599999,8250.246915336516,95.79346799999999,66.27897173333334,29.029836148516505,1.6730218702291746,27,64,,False,True,,1256,21.16838264042747
44,2026-09-14T02:07:34.702+00:00,2026-09-14T02:09:43.757+00:00,2026-09-14T02:09:56.211+00:00,True,189,189.0,,189.0,129055.394007,141509.73871099998,141509.73886399998,748.728777058201,0.0,129055.394007,9382.629779049172,94.31068899999998,66.24651438297872,30.682944674737776,1.3355971237144857,27,64,,False,True,,642,21.16838264042747
45,2026-09-14T02:07:38.842+00:00,2026-09-14T02:09:52.205+00:00,2026-09-14T02:10:06.269+00:00,True,209,209.0,,209.0,133362.273006,147426.95959800002,147426.959612,705.3921512535885,32.780141,133362.273006,9220.210782571361,94.8116714,67.61868553846153,22.26252606976847,1.4176511580371443,27,64,,False,True,,961,21.16838264042747
46,2026-09-14T02:07:43.015+00:00,2026-09-14T02:09:59.136+00:00,2026-09-14T02:10:08.570+00:00,True,142,142.0,,142.0,136120.98899399998,145554.231106,145554.23115099999,1025.029796838028,38.368659,136120.98899399998,11417.425807206393,96.166093,66.90242632624114,21.708042231321905,0.975581396164213,27,64,,False,True,,499,21.16838264042747
47,2026-09-14T02:07:46.187+00:00,2026-09-14T02:10:05.263+00:00,2026-09-14T02:10:15.404+00:00,True,151,151.0,,151.0,139076.715838,149217.235006,149217.235031,988.1936094768212,0.0,139076.715838,11312.445485412889,96.7928005,67.60346112,31.7841614434035,1.0119474469147502,27,64,,False,True,,592,21.16838264042747
48,2026-09-14T02:07:50.910+00:00,2026-09-14T02:10:13.330+00:00,2026-09-14T02:10:23.117+00:00,True,152,152.0,,152.0,142419.566822,152207.004134,152207.004231,1001.3618699407895,0.01622,142419.566822,11546.750870324187,95.57688450000002,64.81746564238411,77.1442137950543,0.9986399828629585,27,64,,False,True,,766,21.16838264042747
49,2026-09-14T02:07:53.842+00:00,2026-09-14T02:10:18.427+00:00,2026-09-14T02:10:31.192+00:00,True,205,205.0,,205.0,144584.905546,157350.35425,157350.354406,767.5627044195122,0.01599,144584.905546,10093.906905642301,95.1556974,62.57572894117647,24.48433358582798,1.3028251571286182,27,64,,False,True,,456,21.16838264042747
50,2026-09-14T02:07:57.412+00:00,2026-09-14T02:10:25.560+00:00,2026-09-14T02:10:38.990+00:00,True,199,199.0,,199.0,148147.18872799998,161577.49912799997,161577.49930399997,811.9472326834169,40.806523999999996,148147.18872799998,10497.09060544683,96.12378499999998,67.82985050505052,22.111035839355424,1.2316071301633051,27,64,,False,True,,916,21.16838264042747
51,2026-09-14T02:08:02.051+00:00,2026-09-14T02:10:33.121+00:00,2026-09-14T02:10:49.758+00:00,True,253,253.0,,253.0,151069.96527900003,167706.20591900003,167706.20600400004,662.8703794624507,0.0,151069.96527900003,9493.589198647172,97.1405826,66.01682793650794,31.57456581063093,1.5085905653497151,27,64,,False,True,,1333,21.16838264042747
52,2026-09-14T02:08:05.121+00:00,2026-09-14T02:10:38.531+00:00,2026-09-14T02:10:57.444+00:00,True,288,288.0,,288.0,153409.605234,172322.534514,172322.53449,598.3421336458333,0.0,153409.605234,9035.91458497852,94.80291349999999,65.89870829268293,30.119361061130547,1.6712846106415757,27,64,,False,True,,1147,21.16838264042747
53,2026-09-14T02:08:08.270+00:00,2026-09-14T02:10:44.183+00:00,2026-09-14T02:10:51.513+00:00,True,113,113.0,,113.0,155912.77198,163242.55245999998,163242.552459,1444.6243580442476,6.840715,155912.77198,14660.901331733026,95.8022696,65.44446857142857,23.079876365468667,0.6922214722640341,27,64,,False,True,,595,21.16838264042747
54,2026-09-14T02:08:11.154+00:00,2026-09-14T02:10:48.914+00:00,2026-09-14T02:11:02.543+00:00,True,207,207.0,,207.0,157759.926836,171388.925748,171388.925757,827.9658249130434,4.8256499999999996,157759.926836,10960.496769555784,94.11913830000002,66.16018889320388,22.172768809958605,1.2077793188596115,27,64,,False,True,,841,21.16838264042747
55,2026-09-14T02:08:15.576+00:00,2026-09-14T02:10:56.899+00:00,2026-09-14T02:11:06.717+00:00,True,153,153.0,,153.0,161323.05051899998,171141.33199099998,171141.33188599997,1118.5707966405228,40.157085,161323.05051899998,13036.990932288627,93.9745522,64.59395705263158,21.37894433885426,0.8939979502324196,27,64,,False,True,,657,21.16838264042747
56,2026-09-14T02:08:18.307+00:00,2026-09-14T02:11:01.686+00:00,2026-09-14T02:11:14.925+00:00,True,200,200.0,,200.0,163378.913036,176617.557004,176617.556905,883.0877845250001,0.0,163378.913036,11547.975770410716,94.6301655,66.52584908542714,32.72201959753312,1.1323902526602745,27,64,,False,True,,690,21.16838264042747
57,2026-09-14T02:08:23.227+00:00,2026-09-14T02:11:10.648+00:00,2026-09-14T02:11:27.755+00:00,True,255,255.0,,255.0,167421.485616,184528.380464,184528.380552,723.6407080470588,0.016800000000000002,167421.485616,10480.32551677698,96.35694600000001,67.34997971653543,65.3624566449674,1.3819012520393765,27,64,,False,True,,498,21.16838264042747
58,2026-09-14T02:08:26.341+00:00,2026-09-14T02:11:15.428+00:00,2026-09-14T02:11:31.066+00:00,True,237,237.0,,237.0,169087.20877700002,184724.69690500002,184724.69682,779.4291005063292,0.01564,169087.20877700002,10979.315895879834,96.18447979999999,66.26054291525423,70.51733988950814,1.2829903308591382,27,64,,False,True,,1503,21.16838264042747
59,2026-09-14T02:08:29.212+00:00,2026-09-14T02:11:21.421+00:00,2026-09-14T02:11:31.989+00:00,True,160,160.0,,160.0,172208.520129,182777.282497,182777.282634,1142.3580164625,0.015560000000000001,172208.520129,13609.274375840387,95.75017595,66.47020357232705,82.81739786674999,0.8753823112706915,27,64,,False,True,,595,21.16838264042747
60,2026-09-14T02:08:31.984+00:00,2026-09-14T02:11:26.139+00:00,2026-09-14T02:11:36.211+00:00,True,151,151.0,,151.0,174154.835516,184226.68831599999,184226.68831,1220.0442934437085,0.01569,174154.835516,14167.304987637513,96.0205025,67.14568533333333,84.3966489879248,0.8196423731017356,27,64,,False,True,,599,21.16838264042747
61,2026-09-14T02:08:35.198+00:00,2026-09-14T02:11:31.567+00:00,2026-09-14T02:11:45.676+00:00,True,213,213.0,,213.0,176369.56724,190478.003464,190478.003616,894.2629277746479,0.0,176369.56724,12080.126635151026,94.918716,66.54922747169812,32.26678662887844,1.1182393563898132,27,64,,False,True,,996,21.16838264042747
62,2026-09-14T02:08:39.740+00:00,2026-09-14T02:11:39.820+00:00,2026-09-14T02:11:50.461+00:00,True,158,158.0,,158.0,180080.023217,190720.823217,190720.823301,1207.0938183607595,0.0,180080.023217,14321.046857157884,94.784992,67.77579617834395,34.54099069225684,0.8284360214837652,27,64,,False,True,,387,21.16838264042747
63,2026-09-14T02:08:43.786+00:00,2026-09-14T02:11:46.811+00:00,2026-09-14T02:11:56.602+00:00,True,146,146.0,,146.0,183025.039084,192816.31102,192816.311089,1320.6596649931505,40.688794,183025.039084,15141.68828935676,95.70934650000001,67.52601335172413,22.614543821249033,0.757197351342626,27,64,,False,True,,760,21.16838264042747
64,2026-09-14T02:08:48.113+00:00,2026-09-14T02:11:54.373+00:00,2026-09-14T02:12:04.557+00:00,True,155,155.0,,155.0,186259.977472,196444.382976,196444.382998,1267.383116116129,40.524894,186259.977472,14955.465332207248,96.08171200000001,66.13250327272728,21.818451269889596,0.7890273962118666,27,64,,False,True,,805,21.16838264042747
65,2026-09-14T02:08:51.623+00:00,2026-09-14T02:12:00.449+00:00,2026-09-14T02:12:08.471+00:00,True,117,117.0,,117.0,188825.318618,196847.855322,196847.85524,1682.4603011965812,34.867216,188825.318618,17450.529905333715,100.0930328,69.1597991724138,24.35515248623329,0.5943676643497773,27,64,,False,True,,340,21.16838264042747
66,2026-09-14T02:08:54.410+00:00,2026-09-14T02:12:05.840+00:00,2026-09-14T02:12:16.088+00:00,True,154,154.0,,154.0,191430.36677000002,201677.72344200002,201677.723273,1309.5956056688312,0.0,191430.36677000002,15420.549186780117,98.05791049999999,66.97618739869282,38.49167567546781,0.763594498052178,27,64,,False,True,,626,21.16838264042747
67,2026-09-14T02:08:58.050+00:00,2026-09-14T02:12:12.108+00:00,2026-09-14T02:12:20.426+00:00,True,124,124.0,,124.0,194058.483027,202376.688979,202376.68885600002,1632.070071419355,0.0,194058.483027,17420.939675384918,95.39157499999999,67.62769066666667,40.456360748261474,0.612718790022635,27,64,,False,True,,532,21.16838264042747
68,2026-09-14T02:09:03.071+00:00,2026-09-14T02:12:21.180+00:00,2026-09-14T02:12:38.828+00:00,True,270,270.0,,270.0,198108.969193,215756.506345,215756.50636,799.0981717037037,33.836178999999994,198108.969193,12052.553824014569,93.90861349999999,65.60422733085503,21.128787362633574,1.251410697058022,27,64,,False,True,,1297,21.16838264042747
69,2026-09-14T02:09:06.059+00:00,2026-09-14T02:12:26.582+00:00,2026-09-14T02:12:41.318+00:00,True,226,226.0,,226.0,200522.470189,215258.136365,215258.136283,952.4696295707965,37.387521,200522.470189,13334.216919859835,93.91780975,65.49184967111111,21.382514628202117,1.0499022421005526,27,64,,False,True,,1111,21.16838264042747
70,2026-09-14T02:09:10.004+00:00,2026-09-14T02:12:34.420+00:00,2026-09-14T02:12:44.335+00:00,True,151,151.0,,151.0,204415.34420300002,214330.95073100002,214330.95070500002,1419.4102695695365,36.648422,204415.34420300002,16629.718812998362,94.2965115,66.10404352,21.255092854400036,0.704517940526076,27,64,,False,True,,711,21.16838264042747
71,2026-09-14T02:09:14.090+00:00,2026-09-14T02:12:40.610+00:00,2026-09-14T02:12:53.334+00:00,True,196,196.0,,196.0,206520.345684,219243.94274,219243.942768,1118.5915447346938,0.0,206520.345684,14747.054763788787,93.2963405,65.24921567179487,88.15855159103394,0.8939813686548922,27,64,,False,True,,920,21.16838264042747
72,2026-09-14T02:09:17.430+00:00,2026-09-14T02:12:46.827+00:00,2026-09-14T02:13:05.206+00:00,True,279,279.0,,279.0,209396.46380700002,227775.26060700003,227775.26055300003,816.3987833440862,0.0,209396.46380700002,12532.516836654293,96.19592999999999,66.11077985611512,77.11660281689639,1.2248915850496265,27,64,,False,True,,971,21.16838264042747
73,2026-09-14T02:09:22.061+00:00,2026-09-14T02:12:56.358+00:00,2026-09-14T02:13:06.268+00:00,True,148,148.0,,148.0,214297.01028,224207.35139999999,224207.351393,1514.914536439189,38.716428,214297.01028,17609.577914695412,96.35471949999999,67.41728653061224,22.157522345817522,0.6601032440544677,27,64,,False,True,,311,21.16838264042747
74,2026-09-14T02:09:24.870+00:00,2026-09-14T02:12:59.816+00:00,2026-09-14T02:13:09.737+00:00,True,148,148.0,,148.0,214946.431033,224867.698233,224867.698004,1519.3763378648648,32.465271,214946.431033,17662.954348212996,96.17844099999998,67.49161360544218,22.577188718253876,0.6581647838394629,27,64,,False,True,,724,21.16838264042747
75,2026-09-14T02:09:29.745+00:00,2026-09-14T02:13:08.601+00:00,2026-09-14T02:13:16.382+00:00,True,122,122.0,,122.0,218855.651486,226636.827806,226636.82777099998,1857.6789161557376,38.951188,218855.651486,19808.448508960486,94.14491399999999,64.30724231404959,20.895652355677296,0.5383061578342925,27,64,,False,True,,608,21.16838264042747
76,2026-09-14T02:09:34.647+00:00,2026-09-14T02:13:17.604+00:00,2026-09-14T02:13:25.204+00:00,True,119,119.0,,119.0,222957.333977,230557.742553,230557.742367,1937.4600198907563,40.056715,222957.333977,20432.570552076246,91.75869890000001,64.41024216949153,20.028818205446346,0.5161396823298814,27,64,,False,True,,492,21.16838264042747
77,2026-09-14T02:09:37.489+00:00,2026-09-14T02:13:22.318+00:00,2026-09-14T02:13:31.765+00:00,True,145,145.0,,145.0,224828.65681400002,234276.338094,234276.337949,1615.6988824068967,0.0,224828.65681400002,18665.607182257347,93.2490732,65.60889777777777,44.21927602745847,0.6189272086958301,27,64,,False,True,,668,21.16838264042747
78,2026-09-14T02:09:41.290+00:00,2026-09-14T02:13:29.448+00:00,2026-09-14T02:13:40.632+00:00,True,169,169.0,,169.0,228157.748131,239341.712035,239341.711837,1416.2231469644971,0.0,228157.748131,17545.522792906882,93.18970139999999,66.57121371428572,41.011390117535896,0.7061034140813967,27,64,,False,True,,383,21.16838264042747
79,2026-09-14T02:09:44.288+00:00,2026-09-14T02:13:33.882+00:00,2026-09-14T02:13:40.364+00:00,True,101,101.0,,101.0,229594.08286000002,236076.13060400003,236076.13074700002,2337.387433138614,38.437478000000006,229594.08286000002,22839.02467776512,92.47646400000002,64.82047743999999,20.87738279306971,0.4278280897843921,27,64,,False,True,,624,21.16838264042747
80,2026-09-14T02:09:47.910+00:00,2026-09-14T02:13:41.089+00:00,2026-09-14T02:14:00.214+00:00,True,285,285.0,,285.0,233179.524195,252304.403043,252304.40307200002,885.2786072701755,37.951609,233179.524195,13808.39257162751,96.382913,67.34112270422534,22.684900887469496,1.1295878968526274,27,64,,False,True,,946,21.16838264042747
81,2026-09-14T02:09:52.066+00:00,2026-09-14T02:13:49.367+00:00,2026-09-14T02:13:56.981+00:00,True,117,117.0,,117.0,237301.713023,244915.668607,244915.66865799998,2093.2963133162393,37.679779,237301.713023,21932.49350581986,95.7578328,65.63754813793103,21.625608729244153,0.4777154547336952,27,64,,False,True,,727,21.16838264042747
82,2026-09-14T02:09:56.579+00:00,2026-09-14T02:13:56.575+00:00,2026-09-14T02:14:11.861+00:00,True,228,228.0,,228.0,239995.975754,255282.790474,255282.79050300003,1119.6613618552633,40.046894,239995.975754,15889.678045091778,95.39484685000001,67.34279612334801,22.71050486474394,0.8931271848629425,27,64,,False,True,,941,21.16838264042747
83,2026-09-14T02:09:59.459+00:00,2026-09-14T02:14:02.115+00:00,2026-09-14T02:14:17.332+00:00,True,226,226.0,,226.0,242656.282766,257873.29038199998,257873.29039799998,1141.03225839823,0.0,242656.282766,16136.80711969159,96.58964950000001,67.63114496,40.280121701439825,0.8763994117623249,27,64,,False,True,,1040,21.16838264042747
84,2026-09-14T02:10:04.407+00:00,2026-09-14T02:14:12.093+00:00,2026-09-14T02:14:24.500+00:00,True,188,188.0,,188.0,247686.213853,260093.349341,260093.349465,1383.4752631117021,0.0,247686.213853,18059.58538358391,94.96429244999999,66.34831811764705,42.86262609325482,0.7228174056596859,27,64,,False,True,,865,21.16838264042747
85,2026-09-14T02:10:08.403+00:00,2026-09-14T02:14:19.316+00:00,2026-09-14T02:14:28.797+00:00,True,146,146.0,,146.0,250913.08851300002,260394.17958500003,260394.179632,1783.52177830137,33.857228000000006,250913.08851300002,20760.313775443577,92.54964675,65.38683497931034,20.721814333971434,0.5606884156653796,27,64,,False,True,,678,21.16838264042747
86,2026-09-14T02:10:12.055+00:00,2026-09-14T02:14:25.941+00:00,2026-09-14T02:14:33.056+00:00,True,109,109.0,,109.0,253886.40408500002,261001.693173,261001.69320600003,2394.510946844037,0.015189999999999999,253886.40408500002,24312.020629505354,94.040882,65.88230637037037,144.2332712117446,0.41762181185449787,27,64,,False,True,,547,21.16838264042747
87,2026-09-14T02:10:16.789+00:00,2026-09-14T02:14:33.588+00:00,2026-09-14T02:14:42.096+00:00,True,130,130.0,,130.0,256799.044704,265307.715936,265307.716123,2040.8285855615384,40.663703999999996,256799.044704,22516.99068800171,91.90419665000002,65.95869172093023,20.761537910998264,0.4899970569697258,27,64,,False,True,,610,21.16838264042747
88,2026-09-14T02:10:20.794+00:00,2026-09-14T02:14:40.476+00:00,2026-09-14T02:14:59.774+00:00,True,293,293.0,,293.0,259681.972335,278979.863919,278979.863984,952.1497064300341,0.0,259681.972335,15166.968188690424,95.3102314,66.08866980821918,37.54889528237623,1.05025501082426,27,64,,False,True,,1459,21.16838264042747
89,2026-09-14T02:10:25.245+00:00,2026-09-14T02:14:47.539+00:00,2026-09-14T02:15:06.842+00:00,True,287,287.0,,287.0,262294.876733,281597.18738899997,281597.18720499997,981.1748683101044,0.0,262294.876733,15478.839419550088,95.979609,67.49059669930071,37.898960014348745,1.0191863159610917,27,64,,False,True,,1527,21.16838264042747
90,2026-09-14T02:10:28.785+00:00,2026-09-14T02:14:54.716+00:00,2026-09-14T02:15:10.079+00:00,True,228,228.0,,228.0,265930.284132,281293.571684,281293.571713,1233.7437355833333,0.0,265930.284132,17607.228293834916,95.97958999999999,67.67968084581497,40.853751324109034,0.810541096389259,27,64,,False,True,,979,21.16838264042747
91,2026-09-14T02:10:33.378+00:00,2026-09-14T02:15:02.276+00:00,2026-09-14T02:15:19.015+00:00,True,248,248.0,,248.0,268897.870814,285637.33065400005,285637.33065300004,1151.7634300524194,39.886697,268897.870814,17070.743063109432,95.56673235,67.77109246963562,22.417635892170807,0.8682338524596033,27,64,,False,True,,1173,21.16838264042747
92,2026-09-14T02:10:37.926+00:00,2026-09-14T02:15:10.254+00:00,2026-09-14T02:15:23.085+00:00,True,191,191.0,,191.0,272328.788575,285159.343967,285159.343888,1492.980858052356,41.102732,272328.788575,19700.146326785318,97.02842000000001,67.52923890526316,22.692330387240133,0.6698009517868136,27,64,,False,True,,929,21.16838264042747
93,2026-09-14T02:10:42.831+00:00,2026-09-14T02:15:19.187+00:00,2026-09-14T02:15:30.615+00:00,True,170,170.0,,170.0,276356.133371,287784.381947,287784.381897,1692.8493052764707,34.000208,276356.133371,21190.373461819145,96.63038345000001,67.62277263905325,22.634352980003467,0.5907200343877875,27,64,,False,True,,769,21.16838264042747
94,2026-09-14T02:10:46.803+00:00,2026-09-14T02:15:26.396+00:00,2026-09-14T02:15:37.501+00:00,True,163,163.0,,163.0,279592.889699,290697.536867,290697.536973,1783.4204722269938,36.866121,279592.889699,21894.04747201065,96.499329,68.54720474074075,22.25742842210519,0.5607202653202246,27,64,,False,True,,836,21.16838264042747
95,2026-09-14T02:10:50.941+00:00,2026-09-14T02:15:34.451+00:00,2026-09-14T02:15:46.132+00:00,True,176,176.0,,176.0,283510.016097,295191.112289,295191.112302,1677.2222289886363,32.321952,283510.016097,21365.350968049806,94.56891275,66.74912109714286,21.577592081318443,0.5962239128246222,27,64,,False,True,,862,21.16838264042747
96,2026-09-14T02:10:53.876+00:00,2026-09-14T02:15:39.392+00:00,2026-09-14T02:15:50.436+00:00,True,172,172.0,,172.0,285515.819527,296559.218951,296559.218852,1724.1815049534885,0.0,285515.819527,21765.50385964807,96.0032315,64.58128318128655,47.253167069205084,0.5799853419104779,27,64,,False,True,,588,21.16838264042747
97,2026-09-14T02:10:57.547+00:00,2026-09-14T02:15:45.898+00:00,2026-09-14T02:15:55.772+00:00,True,150,150.0,,150.0,288351.521597,298224.879165,298224.87910900003,1988.1658607266668,0.0,288351.521597,23538.444928745514,94.86035994999999,66.26414475167786,49.75117154285344,0.5029761447803587,27,64,,False,True,,705,21.16838264042747
98,2026-09-14T02:11:01.239+00:00,2026-09-14T02:15:52.869+00:00,2026-09-14T02:16:01.300+00:00,False,119,118.0,,118.0,291629.77613099996,300061.18605099997,300061.185946,2521.5225709747897,0.02357,291629.77613099996,26727.11695801262,94.52716579999998,71.45262644067797,22.346376142978567,0.39325312798018497,27,64,,False,False,Request timeout: 300.0s exceeded,501,21.16838264042747
99,2026-09-14T02:11:04.416+00:00,2026-09-14T02:15:56.969+00:00,2026-09-14T02:16:04.507+00:00,False,108,107.0,,107.0,292552.462061,300091.050221,300091.050364,2778.620836703704,0.02775,292552.462061,28144.101885964967,92.26100665,70.45409495327102,20.708339600720997,0.3565584509141495,27,64,,False,False,Request timeout: 300.0s exceeded,523,21.16838264042747
100,2026-09-14T02:11:07.663+00:00,2026-09-14T02:16:01.296+00:00,2026-09-14T02:16:07.727+00:00,False,94,93.0,,93.0,293632.810145,300063.628193,300063.628312,3192.1662586382977,0.04088,293632.810145,30278.78680328961,91.0932246,69.14858116129032,20.754804629278414,0.30993426480927133,27,64,,False,False,Request timeout: 300.0s exceeded,435,21.16838264042747
101,2026-09-14T02:11:10.816+00:00,2026-09-14T02:16:04.370+00:00,2026-09-14T02:16:10.852+00:00,False,96,95.0,,95.0,293554.002062,300036.16756599996,300036.167561,3125.3767454270833,0.08807999999999999,293554.002062,29953.772379717426,87.758899,68.23332109473685,19.896875995726628,0.31662849439343854,27,64,,False,False,Request timeout: 300.0s exceeded,274,21.16838264042747
102,2026-09-14T02:11:13.768+00:00,2026-09-14T02:16:07.558+00:00,2026-09-14T02:16:13.852+00:00,False,95,94.0,,94.0,293790.171885,300083.441645,300083.441665,3158.773070157895,0.040479999999999995,293790.171885,30135.37318641187,88.69028469999999,66.94967829787234,19.803233158094905,0.3132462074038807,27,64,,False,False,Request timeout: 300.0s exceeded,476,21.16838264042747
103,2026-09-14T02:11:16.588+00:00,2026-09-14T02:16:10.527+00:00,2026-09-14T02:16:16.611+00:00,False,92,91.0,,91.0,293939.035574,300022.946486,300022.946356,3261.1189821304347,0.037450000000000004,293939.035574,30638.298837735547,87.17689605,66.85616386813187,19.581809022690816,0.303310133660881,27,64,,False,False,Request timeout: 300.0s exceeded,434,21.16838264042747
104,2026-09-14T02:11:20.045+00:00,2026-09-14T02:16:14.068+00:00,2026-09-14T02:16:20.120+00:00,False,91,90.0,,90.0,294023.556915,300075.159859,300075.15998500003,3297.5292306043957,0.023309999999999997,294023.556915,30815.001388372795,86.17789699999999,67.24003271111111,20.0088023271679,0.29992485896629834,27,64,,False,False,Request timeout: 300.0s exceeded,440,21.16838264042747
105,2026-09-14T02:11:22.889+00:00,2026-09-14T02:16:16.778+00:00,2026-09-14T02:16:22.912+00:00,False,90,89.0,,89.0,293888.572904,300022.795752,300022.79591,3333.586621222222,0.02243,293888.572904,30971.316464481642,88.8576771,68.92385222471911,19.47490772474825,0.2966441259135781,27,64,,False,False,Request timeout: 300.0s exceeded,401,21.16838264042747
106,2026-09-14T02:11:27.779+00:00,2026-09-14T02:16:21.133+00:00,2026-09-14T02:16:27.880+00:00,False,101,100.0,,100.0,293353.600142,300100.65780600003,300100.65772200003,2971.2936408118812,0.03619,293353.600142,29183.067593963282,89.19180100000001,67.47057664,20.26369836637676,0.3332215288399833,27,64,,False,False,Request timeout: 300.0s exceeded,469,21.16838264042747
107,2026-09-14T02:11:30.675+00:00,2026-09-14T02:16:23.943+00:00,2026-09-14T02:16:30.698+00:00,False,106,105.0,,105.0,293268.223926,300022.999478,300022.999369,2830.405654424528,0.02573,293268.223926,28478.48727008026,91.63409625,64.33119573333333,21.029188105328533,0.34997316933263783,27,64,,False,False,Request timeout: 300.0s exceeded,535,21.16838264042747
108,2026-09-14T02:11:33.817+00:00,2026-09-14T02:16:27.043+00:00,2026-09-14T02:16:33.834+00:00,False,117,116.0,,116.0,293226.301147,300016.896475,300016.896474,2564.2469784102564,0.01543,293226.301147,27103.760363409998,89.9045718,58.53961489655172,146.25808651469498,0.38664489021426207,27,64,,False,False,Request timeout: 300.0s exceeded,537,21.16838264042747
109,2026-09-14T02:11:36.529+00:00,2026-09-14T02:16:29.915+00:00,2026-09-14T02:16:36.560+00:00,False,108,107.0,,107.0,293386.529503,300031.519967,300031.519899,2778.069628694445,0.01559,293386.529503,28225.58209180108,88.06964735,62.10271461682243,155.7974213781055,0.35662919686494526,27,64,,False,False,Request timeout: 300.0s exceeded,588,21.16838264042747
110,2026-09-14T02:11:39.599+00:00,2026-09-14T02:16:34.020+00:00,2026-09-14T02:16:39.627+00:00,False,81,80.0,,80.0,294421.632075,300027.851339,300027.851111,3704.0475445802467,0.037079999999999995,294421.632075,32705.73409676846,87.711514,70.0777408,19.663295555238157,0.26664191221903727,27,64,,False,False,Request timeout: 300.0s exceeded,353,21.16838264042747
111,2026-09-14T02:11:43.258+00:00,2026-09-14T02:16:36.863+00:00,2026-09-14T02:16:43.338+00:00,False,98,97.0,,97.0,293604.775173,300079.997189,300079.997268,3062.0407884489796,0.0,293604.775173,29651.886989416726,87.6540137,66.7548661443299,64.38262045113561,0.32324713712559217,27,64,,False,False,Request timeout: 300.0s exceeded,446,21.16838264042747
112,2026-09-14T02:11:48.275+00:00,2026-09-14T02:16:42.064+00:00,2026-09-14T02:16:48.317+00:00,False,100,99.0,,99.0,293788.95237699995,300042.28869699995,300042.28851199994,3000.4228851199996,0.0,293788.95237699995,29372.64716915527,88.853335,63.165013333333334,63.726835705123634,0.32995348898960014,27,64,,False,False,Request timeout: 300.0s exceeded,418,21.16838264042747
113,2026-09-14T02:11:50.983+00:00,2026-09-14T02:16:44.304+00:00,2026-09-14T02:16:51.053+00:00,False,100,99.0,,99.0,293321.542553,300070.495129,300070.49501899997,3000.7049501899996,0.10543000000000001,293321.542553,29325.344143119717,89.02945339999998,68.17123814141414,20.382034832162734,0.329922473575551,27,64,,False,False,Request timeout: 300.0s exceeded,465,21.16838264042747
114,2026-09-14T02:11:53.812+00:00,2026-09-14T02:16:47.672+00:00,2026-09-14T02:16:53.872+00:00,False,91,90.0,,90.0,293859.444389,300059.605413,300059.605396,3297.358301054945,0.03666,293859.444389,30797.624890647676,89.3182415,68.89067804444444,20.3183274094855,0.2999404064273317,27,64,,False,False,Request timeout: 300.0s exceeded,222,21.16838264042747
115,2026-09-14T02:11:57.646+00:00,2026-09-14T02:16:51.606+00:00,2026-09-14T02:16:57.744+00:00,False,90,89.0,,89.0,293960.138231,300097.729271,300097.72921099997,3334.4192134555556,0.04115,293960.138231,30978.856554961912,89.28204845,68.96169707865168,20.159595760398812,0.29657005474916315,27,64,,False,False,Request timeout: 300.0s exceeded,460,21.16838264042747
116,2026-09-14T02:12:01.471+00:00,2026-09-14T02:16:55.506+00:00,2026-09-14T02:17:01.490+00:00,False,87,86.0,,86.0,294034.861729,300018.914721,300018.914615,3448.4932714367815,0.02392,294034.861729,31516.392450172018,90.2300656,69.58201153488372,20.093390651371756,0.2866485937394146,27,64,,False,False,Request timeout: 300.0s exceeded,464,21.16838264042747
117,2026-09-14T02:12:04.393+00:00,2026-09-14T02:16:58.247+00:00,2026-09-14T02:17:04.444+00:00,False,94,93.0,,93.0,293854.024165,300050.721253,300050.721221,3192.0289491595745,0.041460000000000004,293854.024165,30301.862724580536,89.2940958,66.63115148387097,20.441637550609716,0.30994759689840323,27,64,,False,False,Request timeout: 300.0s exceeded,352,21.16838264042747
118,2026-09-14T02:12:09.182+00:00,2026-09-14T02:17:02.657+00:00,2026-09-14T02:17:09.199+00:00,False,94,93.0,,93.0,293474.36652700003,300016.130367,300016.13037,3191.660961382979,0.02259,293474.36652700003,30262.321021554664,91.2111343,70.34154666666667,19.959420868356723,0.3099833328502575,27,64,,False,False,Request timeout: 300.0s exceeded,393,21.16838264042747
119,2026-09-14T02:12:12.140+00:00,2026-09-14T02:17:06.007+00:00,2026-09-14T02:17:12.173+00:00,False,89,88.0,,88.0,293866.976939,300033.351083,300033.351156,3371.1612489438203,0.02534,293866.976939,31142.415808818943,88.703903,70.07243345454545,19.789304878458633,0.293300727010365,27,64,,False,False,Request timeout: 300.0s exceeded,387,21.16838264042747
120,2026-09-14T02:12:15.027+00:00,2026-09-14T02:17:08.601+00:00,2026-09-14T02:17:15.084+00:00,False,91,90.0,,90.0,293574.83395999996,300057.09572,300057.09578999993,3297.3307229670327,0.023289999999999998,293574.83395999996,30767.460414606085,89.14514650000001,72.02513066666667,19.341106594391114,0.29994291514433646,27,64,,False,False,Request timeout: 300.0s exceeded,476,21.16838264042747
121,2026-09-14T02:12:19.241+00:00,2026-09-14T02:17:12.839+00:00,2026-09-14T02:17:19.265+00:00,False,96,95.0,,95.0,293598.47307300003,300024.768113,300024.76832100004,3125.2580033437503,0.0417,293598.47307300003,29958.371599552447,87.90590350000001,67.64521094736843,20.487346366598327,0.316640524705679,27,64,,False,False,Request timeout: 300.0s exceeded,499,21.16838264042747
122,2026-09-14T02:12:23.266+00:00,2026-09-14T02:17:16.743+00:00,2026-09-14T02:17:23.274+00:00,False,97,96.0,,96.0,293476.70006400003,300007.40112000005,300007.400962,3092.859803731959,0.13099,293476.70006400003,29791.143576983068,90.57498179999999,68.028136,19.920728867751333,0.3199921056667563,27,64,,False,False,Request timeout: 300.0s exceeded,272,21.16838264042747
123,2026-09-14T02:12:26.907+00:00,2026-09-14T02:17:20.764+00:00,2026-09-14T02:17:26.928+00:00,False,91,90.0,,90.0,293857.475315,300021.246707,300021.24672,3296.936777142857,0.03633,293857.475315,30797.461276783706,89.050687,68.4863488,20.946183308680254,0.2999787547976353,27,64,,False,False,Request timeout: 300.0s exceeded,367,21.16838264042747
124,2026-09-14T02:12:30.228+00:00,2026-09-14T02:17:23.872+00:00,2026-09-14T02:17:30.291+00:00,False,96,95.0,,95.0,293643.544719,300062.497679,300062.497556,3125.651016208333,0.033619,293643.544719,29962.979288412578,87.25478825,67.56792589473685,20.033100078132698,0.31660071063471856,27,64,,False,False,Request timeout: 300.0s exceeded,481,21.16838264042747
125,2026-09-14T02:12:34.576+00:00,2026-09-14T02:17:28.438+00:00,2026-09-14T02:17:34.602+00:00,False,90,89.0,,89.0,293862.28763700003,300026.74638900004,300026.746333,3333.6305148111114,0.019850000000000003,293862.28763700003,30968.51005280573,89.1551847,69.26358148314607,19.648736655118014,0.29664021981762567,27,64,,False,False,Request timeout: 300.0s exceeded,262,21.16838264042747
126,2026-09-14T02:12:38.674+00:00,2026-09-14T02:17:32.750+00:00,2026-09-14T02:17:38.695+00:00,False,93,92.0,,92.0,294075.882346,300021.005162,300021.005317,3226.032315236559,0.0,294075.882346,30487.620296002442,88.1584952,64.62090017391304,66.95105536632785,0.30664519622658915,27,64,,False,False,Request timeout: 300.0s exceeded,431,21.16838264042747
127,2026-09-14T02:12:43.311+00:00,2026-09-14T02:17:36.805+00:00,2026-09-14T02:17:43.331+00:00,False,99,98.0,,98.0,293494.282254,300020.77390200004,300020.773776,3030.5128664242425,0.0,293494.282254,29490.661913843953,90.23903770000001,66.5968535510204,64.55132201866527,0.32664404776187633,27,64,,False,False,Request timeout: 300.0s exceeded,434,21.16838264042747
128,2026-09-14T02:12:46.251+00:00,2026-09-14T02:17:39.940+00:00,2026-09-14T02:17:46.316+00:00,False,91,90.0,,90.0,293688.73571499996,300064.949475,300064.94939399994,3297.4170263076917,0.023579999999999997,293688.73571499996,30779.524117307472,88.8827125,70.84681955555556,19.39901913051005,0.2999350645834041,27,64,,False,False,Request timeout: 300.0s exceeded,398,21.16838264042747
129,2026-09-14T02:12:49.591+00:00,2026-09-14T02:17:43.417+00:00,2026-09-14T02:17:49.634+00:00,False,92,91.0,,91.0,293826.484841,300043.227497,300043.227569,3261.339430097826,0.0229,293826.484841,30626.413183416884,90.4767081,68.31585336263736,20.736583806426438,0.3032896318278334,27,64,,False,False,Request timeout: 300.0s exceeded,444,21.16838264042747
130,2026-09-14T02:12:53.749+00:00,2026-09-14T02:17:47.219+00:00,2026-09-14T02:17:53.786+00:00,False,102,101.0,,101.0,293469.90506699996,300036.340139,300036.34021399997,2941.532747196078,0.038369999999999994,293469.90506699996,29051.420596692347,90.16859244999999,65.01420863366336,20.86521621390556,0.33662588989456743,27,64,,False,False,Request timeout: 300.0s exceeded,532,21.16838264042747
131,2026-09-14T02:12:58.378+00:00,2026-09-14T02:17:51.860+00:00,2026-09-14T02:17:58.452+00:00,False,105,104.0,,104.0,293482.59004900005,300074.58953700005,300074.58972200006,2857.8532354476197,0.046579999999999996,293482.59004900005,28634.789502982225,88.6434008,63.384610461538465,20.26795909785523,0.3465804957376323,27,64,,False,False,Request timeout: 300.0s exceeded,486,21.16838264042747
132,2026-09-14T02:13:02.413+00:00,2026-09-14T02:17:55.866+00:00,2026-09-14T02:18:02.464+00:00,False,101,100.0,,100.0,293452.945675,300050.19213900005,300050.19197700004,2970.793979970297,0.024480000000000002,293452.945675,29193.101688633265,87.71632300000002,65.97246464,19.939884772679203,0.33327757361899774,27,64,,False,False,Request timeout: 300.0s exceeded,462,21.16838264042747
133,2026-09-14T02:13:05.403+00:00,2026-09-14T02:17:59.142+00:00,2026-09-14T02:18:05.412+00:00,False,92,91.0,,91.0,293739.214929,300008.97876900004,300008.978714,3260.9671599347826,0.05941,293739.214929,30617.253411651815,88.09396615,68.89850373626373,19.958819448582034,0.3033242550719387,27,64,,False,False,Request timeout: 300.0s exceeded,320,21.16838264042747
134,2026-09-14T02:13:08.273+00:00,2026-09-14T02:18:02.468+00:00,2026-09-14T02:18:08.312+00:00,False,83,82.0,,82.0,294194.76288700005,300038.88243900007,300038.88249300007,3614.926295096386,0.04027,294194.76288700005,32284.253790295465,90.848908,71.26975063414635,20.164764693214643,0.27329791170206463,27,64,,False,False,Request timeout: 300.0s exceeded,332,21.16838264042747
135,2026-09-14T02:13:11.798+00:00,2026-09-14T02:18:05.886+00:00,2026-09-14T02:18:11.845+00:00,False,86,85.0,,85.0,294088.461555,300047.45854699996,300047.45867699996,3488.923938104651,0.027719999999999998,294088.461555,31704.82107024083,89.72905225000001,70.10584696470589,20.26725250283462,0.28328851846177344,27,64,,False,False,Request timeout: 300.0s exceeded,411,21.16838264042747
136,2026-09-14T02:13:16.812+00:00,2026-09-14T02:18:10.696+00:00,2026-09-14T02:18:16.864+00:00,False,91,90.0,,90.0,293883.34787199995,300051.72214399994,300051.72208199993,3297.271671230769,0.019850000000000003,293883.34787199995,30800.167731223548,89.9416245,68.53749191111112,20.396680910819452,0.2999482867717302,27,64,,False,False,Request timeout: 300.0s exceeded,389,21.16838264042747
137,2026-09-14T02:13:20.474+00:00,2026-09-14T02:18:14.013+00:00,2026-09-14T02:18:20.496+00:00,False,97,96.0,,96.0,293538.91535,300021.474838,300021.47492500005,3093.004896134021,0.03596,293538.91535,29797.511860437946,89.4697084,67.52666133333332,20.461907999007735,0.31997709514572675,27,64,,False,False,Request timeout: 300.0s exceeded,440,21.16838264042747
138,2026-09-14T02:13:24.099+00:00,2026-09-14T02:18:17.909+00:00,2026-09-14T02:18:24.179+00:00,False,94,93.0,,93.0,293810.228265,300079.709225,300079.70911,3192.3373309574467,0.02475,293810.228265,30297.264702113618,88.828202,67.41377376344086,20.291135385515574,0.3099176556795066,27,64,,False,False,Request timeout: 300.0s exceeded,413,21.16838264042747
139,2026-09-14T02:13:28.385+00:00,2026-09-14T02:18:22.225+00:00,2026-09-14T02:18:28.417+00:00,False,91,90.0,,90.0,293839.81384799996,300031.84559199994,300031.845598,3297.0532483296697,0.02384,293839.81384799996,30795.576063744313,89.0681765,68.80035271111112,19.60673117183325,0.29996815778811364,27,64,,False,False,Request timeout: 300.0s exceeded,433,21.16838264042747
140,2026-09-14T02:13:31.512+00:00,2026-09-14T02:18:25.062+00:00,2026-09-14T02:18:31.527+00:00,False,93,92.0,,92.0,293549.791775,300014.807839,300014.80784799997,3225.965675784946,0.03791,293549.791775,30432.415125676445,90.738028,70.27191373913044,20.11705899184939,0.30665153051169025,27,64,,False,False,Request timeout: 300.0s exceeded,427,21.16838264042747
141,2026-09-14T02:13:35.464+00:00,2026-09-14T02:18:29.119+00:00,2026-09-14T02:18:35.551+00:00,False,99,98.0,,98.0,293654.688006,300087.059206,300087.05917900003,3031.182415949495,0.0,293654.688006,29506.87521128276,93.52857399999999,65.63644081632653,62.403336476379074,0.326571896366668,27,64,,False,False,Request timeout: 300.0s exceeded,471,21.16838264042747
142,2026-09-14T02:13:39.013+00:00,2026-09-14T02:18:32.807+00:00,2026-09-14T02:18:39.077+00:00,False,93,92.0,,92.0,293794.16358999995,300064.563078,300064.56293599994,3226.5006767311825,0.02163,293794.16358999995,30457.975042573915,90.192015,68.15651617391305,20.703856051207225,0.30660068305395044,27,64,,False,False,Request timeout: 300.0s exceeded,449,21.16838264042747
143,2026-09-14T02:13:43.355+00:00,2026-09-14T02:18:37.370+00:00,2026-09-14T02:18:43.391+00:00,False,89,88.0,,88.0,294014.80492100003,300036.13868100004,300036.13874100003,3371.192570123596,0.025279,294014.80492100003,31158.260774360795,89.96667579999999,68.42424727272727,20.610846360493937,0.29329800199022704,27,64,,False,False,Request timeout: 300.0s exceeded,435,21.16838264042747
144,2026-09-14T02:13:47.023+00:00,2026-09-14T02:18:41.104+00:00,2026-09-14T02:18:47.092+00:00,False,94,93.0,,93.0,294080.830311,300069.060711,300069.060921,3192.2240523510636,0.02162,294080.830311,30325.487456482373,90.11036065,64.38957419354838,20.84067107045399,0.30992865368938977,27,64,,False,False,Request timeout: 300.0s exceeded,456,21.16838264042747
145,2026-09-14T02:13:50.854+00:00,2026-09-14T02:18:44.539+00:00,2026-09-14T02:18:50.945+00:00,False,97,96.0,,96.0,293684.58696,300091.368656,300091.368645,3093.7254499484534,0.022359999999999998,293684.58696,29812.383285736847,90.8865724,66.73730933333334,21.286055447619866,0.3199025697738294,27,64,,False,False,Request timeout: 300.0s exceeded,412,21.16838264042747
146,2026-09-14T02:13:55.717+00:00,2026-09-14T02:18:49.148+00:00,2026-09-14T02:18:55.765+00:00,False,97,96.0,,96.0,293431.47997399996,300048.21238999994,300048.21238399995,3093.2805400412367,0.040659,293431.47997399996,29786.46099328625,89.70139719999999,68.924296,19.6333797786066,0.31994858171399493,27,64,,False,False,Request timeout: 300.0s exceeded,477,21.16838264042747
147,2026-09-14T02:13:58.754+00:00,2026-09-14T02:18:52.130+00:00,2026-09-14T02:18:59.302+00:00,False,82,81.0,,81.0,293376.47021,300548.713922,300548.713997,3665.22821947561,0.027370000000000002,293376.47021,32388.91162762179,88.6267301,88.54621866666668,210.96772642175847,0.2695070590820147,27,64,,False,False,Request timeout: 300.0s exceeded,391,21.16838264042747
148,2026-09-14T02:14:03.195+00:00,2026-09-14T02:18:56.871+00:00,2026-09-14T02:19:03.240+00:00,False,103,102.0,,102.0,293676.295881,300045.438665,300045.438746,2913.062512097087,0.01507,293676.295881,28931.24940133041,91.29194299999999,62.442576313725496,189.84692287900654,0.3399485106450252,27,64,,False,False,Request timeout: 300.0s exceeded,381,21.16838264042747
149,2026-09-14T02:14:06.934+00:00,2026-09-14T02:19:00.490+00:00,2026-09-14T02:19:07.006+00:00,False,99,98.0,,98.0,293556.537236,300072.55874,300072.55876,3031.035947070707,0.0421,293556.537236,29496.866587840348,89.7162909,66.49001534693878,20.428646983072117,0.3265876773654361,27,64,,False,False,Request timeout: 300.0s exceeded,144,21.16838264042747
150,2026-09-14T02:14:11.825+00:00,2026-09-14T02:19:05.722+00:00,2026-09-14T02:19:11.910+00:00,False,89,88.0,,88.0,293896.25445099996,300084.44747499994,300084.44748699997,3371.7353650224713,0.036649,293896.25445099996,31145.492439124435,89.6354084,70.32037527272726,18.980921461789464,0.29325078570535146,27,64,,False,False,Request timeout: 300.0s exceeded,303,21.16838264042747
151,2026-09-14T02:14:15.161+00:00,2026-09-14T02:19:09.027+00:00,2026-09-14T02:19:15.193+00:00,False,89,88.0,,88.0,293866.21643000003,300031.42091000004,300031.42092500004,3371.1395609550564,0.02656,293866.21643000003,31142.336238238146,88.4739528,70.05914181818181,19.198261179933823,0.2933026138832213,27,64,,False,False,Request timeout: 300.0s exceeded,449,21.16838264042747
152,2026-09-14T02:14:19.607+00:00,2026-09-14T02:19:13.464+00:00,2026-09-14T02:19:19.665+00:00,False,90,89.0,,89.0,293856.66398,300057.199532,300057.199581,3333.9688842333335,0.03509,293856.66398,30967.875127774572,90.61353795,69.66893878651686,20.565995373247507,0.2966101134677439,27,64,,False,False,Request timeout: 300.0s exceeded,172,21.16838264042747
153,2026-09-14T02:14:23.148+00:00,2026-09-14T02:19:16.649+00:00,2026-09-14T02:19:23.191+00:00,False,97,96.0,,96.0,293500.919781,300043.351781,300043.35178,3093.2304307216496,0.01787,293500.919781,29793.590445029255,89.3331936,68.15033333333332,20.125736806106925,0.31995376478153026,27,64,,False,False,Request timeout: 300.0s exceeded,226,21.16838264042747
154,2026-09-14T02:14:26.804+00:00,2026-09-14T02:19:20.873+00:00,2026-09-14T02:19:26.843+00:00,False,93,92.0,,92.0,294068.50459100003,300038.06132700003,300038.061502,3226.215715075269,0.0,294068.50459100003,30486.831231017073,90.20440339999999,64.88648626086956,68.54820681547356,0.3066277644679643,27,64,,False,False,Request timeout: 300.0s exceeded,405,21.16838264042747
155,2026-09-14T02:14:31.920+00:00,2026-09-14T02:19:25.000+00:00,2026-09-14T02:19:32.065+00:00,False,114,113.0,,113.0,293080.007788,300145.285996,300145.286121,2632.853387026316,0.0,293080.007788,27443.673590039656,89.22946115,62.524585911504424,63.08213293112666,0.3764843403254581,27,64,,False,False,Request timeout: 300.0s exceeded,538,21.16838264042747
156,2026-09-14T02:14:36.509+00:00,2026-09-14T02:19:29.829+00:00,2026-09-14T02:19:36.546+00:00,False,110,109.0,,109.0,293320.31409899995,300037.45278699993,300037.45265799994,2727.613205981818,0.05053,293320.31409899995,27961.125679492667,87.30940794999998,61.62512557798165,19.57425801796028,0.36328797950894604,27,64,,False,False,Request timeout: 300.0s exceeded,446,21.16838264042747
157,2026-09-14T02:14:41.455+00:00,2026-09-14T02:19:35.174+00:00,2026-09-14T02:19:41.502+00:00,False,93,92.0,,92.0,293718.068952,300046.03388,300046.033942,3226.3014402365593,0.02664,293718.068952,30450.01880953794,88.1023456,68.78222747826088,19.627600406718493,0.3066196170311465,27,64,,False,False,Request timeout: 300.0s exceeded,535,21.16838264042747
158,2026-09-14T02:14:45.551+00:00,2026-09-14T02:19:39.264+00:00,2026-09-14T02:19:45.590+00:00,False,93,92.0,,92.0,293712.840001,300039.083841,300039.08398899995,3226.2267095591396,0.03935,293712.840001,30449.478562657267,88.0493376,68.76352,19.674911952439416,0.30662671950016235,27,64,,False,False,Request timeout: 300.0s exceeded,458,21.16838264042747
159,2026-09-14T02:14:49.623+00:00,2026-09-14T02:19:43.327+00:00,2026-09-14T02:19:49.647+00:00,False,95,94.0,,94.0,293704.30497399997,300024.18490999995,300024.18480399996,3158.1493137263155,0.02105,293704.30497399997,30126.534703454625,89.5713247,67.23276527659574,20.286795400276937,0.3133080755746332,27,64,,False,False,Request timeout: 300.0s exceeded,431,21.16838264042747
160,2026-09-14T02:14:53.552+00:00,2026-09-14T02:19:46.812+00:00,2026-09-14T02:19:53.574+00:00,False,104,103.0,,103.0,293260.248611,300022.184739,300022.18483000004,2884.8287002884617,0.03890999999999999,293260.248611,28750.102666132556,89.25174045000001,65.64986532038834,20.003726895776058,0.34330794600940384,27,64,,False,False,Request timeout: 300.0s exceeded,494,21.16838264042747
161,2026-09-14T02:14:56.947+00:00,2026-09-14T02:19:50.609+00:00,2026-09-14T02:19:56.983+00:00,False,91,90.0,,90.0,293662.40709600004,300036.17324000003,300036.17309700005,3297.100803263737,0.0214,293662.40709600004,30776.766679087195,89.0677915,70.81962382222221,18.910750121772313,0.29996383112115177,27,64,,False,False,Request timeout: 300.0s exceeded,445,21.16838264042747
162,2026-09-14T02:15:01.682+00:00,2026-09-14T02:19:55.365+00:00,2026-09-14T02:20:01.716+00:00,False,99,98.0,,98.0,293683.518203,300033.805819,300033.805971,3030.6445047575758,0.023530000000000002,293683.518203,29509.7983190889,86.86687979999999,64.79885322448979,19.984398337231603,0.32662986003357236,27,64,,False,False,Request timeout: 300.0s exceeded,386,21.16838264042747
163,2026-09-14T02:15:05.998+00:00,2026-09-14T02:19:59.540+00:00,2026-09-14T02:20:06.049+00:00,False,98,97.0,,97.0,293542.617647,300051.185711,300051.185548,3061.7467913061223,0.03934,293542.617647,29645.51153573041,91.41620655000001,67.09863983505154,20.922065321577726,0.32327817592238206,27,64,,False,False,Request timeout: 300.0s exceeded,470,21.16838264042747
164,2026-09-14T02:15:09.623+00:00,2026-09-14T02:20:03.309+00:00,2026-09-14T02:20:09.633+00:00,False,95,94.0,,94.0,293685.523271,300010.28794300003,300010.287881,3158.003030326316,0.030100000000000002,293685.523271,30124.6025556097,88.69001700000001,67.28473055319148,20.503800474793252,0.3133225885168957,27,64,,False,False,Request timeout: 300.0s exceeded,494,21.16838264042747
165,2026-09-14T02:15:12.382+00:00,2026-09-14T02:20:06.613+00:00,2026-09-14T02:20:12.410+00:00,False,89,88.0,,88.0,294230.94974400004,300028.489072,300028.48912800004,3371.1066194157306,0.03673,294230.94974400004,31181.44212854216,90.75651239999999,65.88112872727272,21.338264295013335,0.29330547999687456,27,64,,False,False,Request timeout: 300.0s exceeded,436,21.16838264042747
166,2026-09-14T02:15:16.948+00:00,2026-09-14T02:20:10.114+00:00,2026-09-14T02:20:16.991+00:00,False,102,101.0,,101.0,293165.63318199996,300043.03273399995,300043.032944,2941.598362196078,0.03676,293165.63318199996,29020.98845562572,89.86531199999999,68.09306487128713,21.018362161403335,0.33661838130245975,27,64,,False,False,Request timeout: 300.0s exceeded,416,21.16838264042747
167,2026-09-14T02:15:20.458+00:00,2026-09-14T02:20:13.601+00:00,2026-09-14T02:20:20.515+00:00,False,101,100.0,,100.0,293143.117144,300056.422488,300056.42235,2970.8556668316833,0.03637,293143.117144,29161.958375770097,90.815708,69.13305344,20.32236717625043,0.33327065346851303,27,64,,False,False,Request timeout: 300.0s exceeded,386,21.16838264042747
168,2026-09-14T02:15:23.370+00:00,2026-09-14T02:20:17.075+00:00,2026-09-14T02:20:23.389+00:00,False,97,96.0,,96.0,293704.67978299997,300018.66890299995,300018.66903499997,3092.9759694329896,0.0,293704.67978299997,29814.589119294407,90.9250116,65.77072,67.26767632836487,0.31998008774260006,27,64,,False,False,Request timeout: 300.0s exceeded,493,21.16838264042747
169,2026-09-14T02:15:27.300+00:00,2026-09-14T02:20:20.980+00:00,2026-09-14T02:20:27.360+00:00,False,98,97.0,,97.0,293680.47296100005,300059.8170890001,300059.81705400004,3061.8348678979596,0.0,293680.47296100005,29659.638871616033,88.19167085000001,65.76643430927835,66.85885567719001,0.32326887665611365,27,64,,False,False,Request timeout: 300.0s exceeded,364,21.16838264042747
170,2026-09-14T02:15:30.075+00:00,2026-09-14T02:20:23.779+00:00,2026-09-14T02:20:30.099+00:00,False,96,95.0,,95.0,293704.254764,300024.099628,300024.099683,3125.2510383645836,0.03498,293704.254764,29969.282116649403,88.03765150000001,66.52468277894737,20.275440277378436,0.31664123021380797,27,64,,False,False,Request timeout: 300.0s exceeded,371,21.16838264042747
171,2026-09-14T02:15:32.781+00:00,2026-09-14T02:20:26.282+00:00,2026-09-14T02:20:32.864+00:00,False,99,98.0,,98.0,293501.325783,300083.39451899996,300083.39435899997,3031.1453975656564,0.02286,293501.325783,29491.24965115435,88.50899580000001,67.16396669387755,20.07003534352715,0.32657588453730674,27,64,,False,False,Request timeout: 300.0s exceeded,463,21.16838264042747
172,2026-09-14T02:15:36.619+00:00,2026-09-14T02:20:30.435+00:00,2026-09-14T02:20:36.700+00:00,False,88,87.0,,87.0,293815.579866,300080.67349799996,300080.673311,3410.0076512613637,0.03657,293815.579866,31313.175795259904,89.509149,72.01257048275863,19.992441303550272,0.2899220365838717,27,64,,False,False,Request timeout: 300.0s exceeded,427,21.16838264042747
173,2026-09-14T02:15:40.989+00:00,2026-09-14T02:20:34.253+00:00,2026-09-14T02:20:41.045+00:00,False,94,93.0,,93.0,293264.16641,300056.553738,300056.553651,3192.0909962872342,0.02062,293264.16641,30240.3620021483,90.47475815,73.03642288172043,19.04667274664334,0.3099415721517774,27,64,,False,False,Request timeout: 300.0s exceeded,380,21.16838264042747
174,2026-09-14T02:15:45.707+00:00,2026-09-14T02:20:39.519+00:00,2026-09-14T02:20:45.742+00:00,False,91,90.0,,90.0,293811.202253,300034.393805,300034.393857,3297.081251175824,0.04597,293811.202253,30792.541011574187,88.49844300000001,69.1465728,20.463282108455335,0.29996561013766077,27,64,,False,False,Request timeout: 300.0s exceeded,557,21.16838264042747
175,2026-09-14T02:15:50.614+00:00,2026-09-14T02:20:44.335+00:00,2026-09-14T02:20:50.665+00:00,False,95,94.0,,94.0,293721.183775,300051.630111,300051.629992,3158.438210442105,0.046369999999999995,293721.183775,30128.256013712027,88.89455399999999,67.34517378723403,21.896717940750413,0.31327941782961155,27,64,,False,False,Request timeout: 300.0s exceeded,163,21.16838264042747
176,2026-09-14T02:15:53.688+00:00,2026-09-14T02:20:47.471+00:00,2026-09-14T02:20:53.737+00:00,False,95,94.0,,94.0,293783.16175599996,300049.42018799996,300049.420008,3158.414947452631,0.039509999999999997,293783.16175599996,30134.684743189657,90.0746027,66.66232374468085,21.708749787430822,0.31328172519414654,27,64,,False,False,Request timeout: 300.0s exceeded,424,21.16838264042747
177,2026-09-14T02:15:58.277+00:00,2026-09-14T02:20:51.957+00:00,2026-09-14T02:20:58.303+00:00,False,94,93.0,,93.0,293679.735903,300025.866591,300025.866677,3191.7645391170213,0.02241,293679.735903,30283.7203492409,90.28262600000002,68.23796438709678,20.15879775407214,0.309973273493712,27,64,,False,False,Request timeout: 300.0s exceeded,212,21.16838264042747
178,2026-09-14T02:16:03.228+00:00,2026-09-14T02:20:57.012+00:00,2026-09-14T02:21:03.243+00:00,False,92,91.0,,91.0,293783.164955,300014.65525899996,300014.65532099997,3261.0288621847826,0.02918,293783.164955,30621.87946866285,89.3480995,68.47791542857144,20.116126954635437,0.3033185159619637,27,64,,False,False,Request timeout: 300.0s exceeded,369,21.16838264042747
179,2026-09-14T02:16:07.058+00:00,2026-09-14T02:21:00.545+00:00,2026-09-14T02:21:07.109+00:00,False,98,97.0,,97.0,293486.492708,300050.78198800003,300050.78184,3061.7426718367346,0.02357,293486.492708,29639.78340675293,88.2392857,67.67308536082474,20.00349227731207,0.3232786108982023,27,64,,False,False,Request timeout: 300.0s exceeded,209,21.16838264042747
180,2026-09-14T02:16:10.477+00:00,2026-09-14T02:21:03.913+00:00,2026-09-14T02:21:10.501+00:00,False,99,98.0,,98.0,293435.410999,300023.58917500003,300023.589402,3030.5413070909094,0.02316,293435.410999,29484.619151080416,88.99587,67.22630791836734,20.726285030693145,0.32664098269565667,27,64,,False,False,Request timeout: 300.0s exceeded,372,21.16838264042747
181,2026-09-14T02:16:13.278+00:00,2026-09-14T02:21:07.109+00:00,2026-09-14T02:21:13.360+00:00,False,90,89.0,,89.0,293831.880154,300082.15369,300082.15362,3334.2461513333333,0.02274,293831.880154,30965.203485214046,89.464933,70.22779253932585,20.119091365344158,0.2965854480368116,27,64,,False,False,Request timeout: 300.0s exceeded,408,21.16838264042747
182,2026-09-14T02:16:16.781+00:00,2026-09-14T02:21:10.584+00:00,2026-09-14T02:21:17.194+00:00,False,87,86.0,,86.0,293802.76528,300412.776928,300412.776886,3453.0204239770114,0.02478,293802.76528,31490.79226333919,89.7395053,76.86060055813954,66.71208658126994,0.2862727773413301,27,64,,False,False,Request timeout: 300.0s exceeded,347,21.16838264042747
183,2026-09-14T02:16:19.911+00:00,2026-09-14T02:21:14.119+00:00,2026-09-14T02:21:19.927+00:00,False,92,91.0,,91.0,294207.55161799997,300015.530882,300015.53064899996,3261.038376619565,0.0,294207.55161799997,30666.681515382927,88.6236226,63.82394795604396,69.55109304403946,0.303317630698897,27,64,,False,False,Request timeout: 300.0s exceeded,471,21.16838264042747
184,2026-09-14T02:16:22.695+00:00,2026-09-14T02:21:17.222+00:00,2026-09-14T02:21:22.700+00:00,False,86,85.0,,85.0,294527.20068400004,300005.40638000006,300005.406412,3488.43495827907,0.03463,294527.20068400004,31752.741818312406,90.67876125000001,64.44947877647058,20.828244539806008,0.28332822739979313,27,64,,False,False,Request timeout: 300.0s exceeded,413,21.16838264042747
185,2026-09-14T02:16:26.281+00:00,2026-09-14T02:21:20.345+00:00,2026-09-14T02:21:26.309+00:00,False,89,88.0,,88.0,294063.669758,300027.963902,300027.963727,3371.100716033708,0.019629,294063.669758,31163.508441391445,86.4783554,67.77606981818181,19.509086166608736,0.29330599339981517,27,64,,False,False,Request timeout: 300.0s exceeded,406,21.16838264042747
186,2026-09-14T02:16:29.639+00:00,2026-09-14T02:21:23.235+00:00,2026-09-14T02:21:29.719+00:00,False,97,96.0,,96.0,293596.003699,300080.343155,300080.343219,3093.6117857628865,0.039509,293596.003699,29803.306207126727,88.01774520000001,67.54520266666667,20.145904550068035,0.319914323579713,27,64,,False,False,Request timeout: 300.0s exceeded,339,21.16838264042747
187,2026-09-14T02:16:33.866+00:00,2026-09-14T02:21:27.504+00:00,2026-09-14T02:21:33.877+00:00,False,102,101.0,,101.0,293637.547907,300010.528131,300010.528074,2941.279687,0.026510000000000002,293637.547907,29068.209236777257,90.09158399999998,63.0988140990099,20.691843077357266,0.33665485217871494,27,64,,False,False,Request timeout: 300.0s exceeded,451,21.16838264042747
188,2026-09-14T02:16:37.973+00:00,2026-09-14T02:21:31.967+00:00,2026-09-14T02:21:38.007+00:00,False,94,93.0,,93.0,293993.844271,300033.970991,300033.970822,3191.850753425532,0.040130000000000006,293993.844271,30316.45793524137,91.45375715000002,64.94759913978494,20.77744501402181,0.3099649006171694,27,64,,False,False,Request timeout: 300.0s exceeded,416,21.16838264042747
189,2026-09-14T02:16:42.480+00:00,2026-09-14T02:21:36.488+00:00,2026-09-14T02:21:42.816+00:00,False,96,95.0,,95.0,294008.225808,300335.854608,300335.854531,3128.498484697917,0.02924,294008.225808,30000.29737583132,86.19098699999999,66.60661894736842,19.842911935565432,0.31631254990848334,27,64,,False,False,Request timeout: 300.0s exceeded,238,21.16838264042747
190,2026-09-14T02:16:47.395+00:00,2026-09-14T02:21:40.882+00:00,2026-09-14T02:21:47.422+00:00,False,113,112.0,,112.0,293486.921388,300027.434924,300027.43498200004,2655.1100440884957,0.01537,293486.921388,27604.134171040314,89.8430328,58.397442285714284,197.5501882138524,0.37329919521649996,27,64,,False,False,Request timeout: 300.0s exceeded,524,21.16838264042747
191,2026-09-14T02:16:51.739+00:00,2026-09-14T02:21:46.559+00:00,2026-09-14T02:21:51.747+00:00,False,79,78.0,,78.0,294819.94175,300007.384182,300007.384112,3797.5618242025316,0.026760000000000003,294819.94175,33162.35881369509,87.3369798,66.5056722051282,20.64667310815797,0.2599936005331161,27,64,,False,False,Request timeout: 300.0s exceeded,245,21.16838264042747
192,2026-09-14T02:16:54.966+00:00,2026-09-14T02:21:48.629+00:00,2026-09-14T02:21:55.038+00:00,False,94,93.0,,93.0,293663.17188700003,300072.50052700005,300072.500667,3192.2606453936173,0.02087,293663.17188700003,30281.941265766156,87.73970315000001,68.91751225806452,19.311941101741905,0.3099251008895166,27,64,,False,False,Request timeout: 300.0s exceeded,388,21.16838264042747
193,2026-09-14T02:16:59.661+00:00,2026-09-14T02:21:53.737+00:00,2026-09-14T02:21:59.736+00:00,False,87,86.0,,86.0,294076.409932,300075.18138799997,300075.1813,3449.1400149425285,0.02137,294076.409932,31520.82821733722,89.81966399999999,69.75315646511628,19.581867130136615,0.2865948446726129,27,64,,False,False,Request timeout: 300.0s exceeded,402,21.16838264042747
194,2026-09-14T02:17:02.440+00:00,2026-09-14T02:21:56.411+00:00,2026-09-14T02:22:02.487+00:00,False,90,89.0,,89.0,293971.071466,300046.733546,300046.733672,3333.8525963555553,0.02625,293971.071466,30980.0821454365,88.09240695,68.26586606741573,19.814333320632223,0.2966204595803589,27,64,,False,False,Request timeout: 300.0s exceeded,485,21.16838264042747
195,2026-09-14T02:17:07.074+00:00,2026-09-14T02:22:00.982+00:00,2026-09-14T02:22:07.108+00:00,False,92,91.0,,91.0,293907.528839,300034.090119,300034.09003799997,3261.2401091086954,0.019469999999999998,293907.528839,30634.965758259095,88.58070955,67.32484923076923,20.4907423335239,0.3032988683516178,27,64,,False,False,Request timeout: 300.0s exceeded,196,21.16838264042747
196,2026-09-14T02:17:11.093+00:00,2026-09-14T02:22:05.054+00:00,2026-09-14T02:22:11.105+00:00,False,92,91.0,,91.0,293960.14678500005,300012.00060900004,300012.0008510001,3261.0000092500004,0.02837,293960.14678500005,30640.536818894732,87.74873715,66.50388817582417,19.98720019778724,0.3033211998695965,27,64,,False,False,Request timeout: 300.0s exceeded,370,21.16838264042747
197,2026-09-14T02:17:15.995+00:00,2026-09-14T02:22:09.556+00:00,2026-09-14T02:22:16.069+00:00,False,106,105.0,,105.0,293560.775419,300074.107643,300074.10775,2830.8878089622644,0.0,293560.775419,28507.19178800551,88.95059975,62.03173546666667,65.15642217018755,0.3499135624354472,27,64,,False,False,Request timeout: 300.0s exceeded,488,21.16838264042747
198,2026-09-14T02:17:20.829+00:00,2026-09-14T02:22:14.302+00:00,2026-09-14T02:22:20.926+00:00,False,97,96.0,,96.0,293472.37354500004,300096.76650500007,300096.76647100004,3093.7810976391756,0.03601,293472.37354500004,29790.60466505906,88.2221378,69.00409333333333,19.10771439119298,0.31989681567728756,27,64,,False,False,Request timeout: 300.0s exceeded,430,21.16838264042747
199,2026-09-14T02:17:25.040+00:00,2026-09-14T02:22:18.431+00:00,2026-09-14T02:22:25.067+00:00,False,97,96.0,,96.0,293391.119504,300027.019152,300027.019245,3093.0620540721648,0.03778,293391.119504,29782.342790287195,89.8375866,69.12395466666668,19.714929949810507,0.3199711821666447,27,64,,False,False,Request timeout: 300.0s exceeded,372,21.16838264042747
200,2026-09-14T02:17:28.749+00:00,2026-09-14T02:22:22.603+00:00,2026-09-14T02:22:28.804+00:00,False,94,93.0,,93.0,293853.974659,300055.163011,300055.16298,3192.0762019148938,0.02158,293853.974659,30301.852527118914,88.84133560000001,66.6794446451613,20.27575400505553,0.30994300870133873,27,64,,False,False,Request timeout: 300.0s exceeded,477,21.16838264042747
201,2026-09-14T02:17:33.407+00:00,2026-09-14T02:22:27.128+00:00,2026-09-14T02:22:33.479+00:00,False,92,91.0,,91.0,293721.358198,300072.235126,300072.235172,3261.654730130435,0.02398,293721.358198,30615.298916777625,89.57398065,69.78985635164834,20.15583281122135,0.30326031317688956,27,64,,False,False,Request timeout: 300.0s exceeded,432,21.16838264042747
202,2026-09-14T02:17:38.016+00:00,2026-09-14T02:22:31.672+00:00,2026-09-14T02:22:38.108+00:00,False,94,93.0,,93.0,293655.582596,300092.220548,300092.220719,3192.470433180851,0.02442,293655.582596,30281.12946406069,90.90453215,69.21116077419356,21.21717399188104,0.3099047347184549,27,64,,False,False,Request timeout: 300.0s exceeded,352,21.16838264042747
203,2026-09-14T02:17:40.973+00:00,2026-09-14T02:22:34.924+00:00,2026-09-14T02:22:41.034+00:00,False,89,88.0,,88.0,293951.57942699996,300060.96157099993,300060.96161099995,3371.4714787752805,0.02053,293951.57942699996,31151.453642116197,91.56007280000001,69.4247970909091,21.818795660170093,0.29327373857387834,27,64,,False,False,Request timeout: 300.0s exceeded,439,21.16838264042747
204,2026-09-14T02:17:44.595+00:00,2026-09-14T02:22:38.361+00:00,2026-09-14T02:22:44.671+00:00,False,91,90.0,,90.0,293766.011742,300075.47171,300075.471774,3297.5326568571427,0.021920000000000002,293766.011742,30787.703984433167,91.80751599999999,70.10511075555556,21.511542156649526,0.2999245472718214,27,64,,False,False,Request timeout: 300.0s exceeded,406,21.16838264042747
205,2026-09-14T02:17:48.139+00:00,2026-09-14T02:22:42.069+00:00,2026-09-14T02:22:48.150+00:00,False,91,90.0,,90.0,293930.339384,300010.962232,300010.962219,3296.8237606483517,0.034669,293930.339384,30805.195880894913,89.29718100000002,67.56247608888889,20.2317570024803,0.2999890381685538,27,64,,False,False,Request timeout: 300.0s exceeded,400,21.16838264042747
206,2026-09-14T02:17:52.173+00:00,2026-09-14T02:22:45.615+00:00,2026-09-14T02:22:52.262+00:00,False,98,97.0,,97.0,293441.541264,300088.572048,300088.572054,3062.128286265306,0.039990000000000005,293441.541264,29635.15583199631,86.6911102,68.52609055670104,19.040940874094623,0.3232379005238646,27,64,,False,False,Request timeout: 300.0s exceeded,434,21.16838264042747
207,2026-09-14T02:17:55.605+00:00,2026-09-14T02:22:49.135+00:00,2026-09-14T02:22:55.636+00:00,False,98,97.0,,97.0,293530.511583,300031.479263,300031.47942,3061.5457083673473,0.0216,293530.511583,29644.29537194784,87.77152050000001,67.02028536082474,19.15586360341093,0.3232994092428957,27,64,,False,False,Request timeout: 300.0s exceeded,493,21.16838264042747
208,2026-09-14T02:18:00.366+00:00,2026-09-14T02:22:53.990+00:00,2026-09-14T02:23:00.397+00:00,False,93,92.0,,92.0,293624.171565,300030.48350100004,300030.483622,3226.134232494624,0.052829999999999995,293624.171565,30440.194851786935,92.827722,69.63382539130434,21.213545074778366,0.3066355089205239,27,64,,False,False,Request timeout: 300.0s exceeded,397,21.16838264042747
209,2026-09-14T02:18:05.024+00:00,2026-09-14T02:22:58.790+00:00,2026-09-14T02:23:05.060+00:00,False,92,91.0,,91.0,293766.31432999996,300036.41967399995,300036.419565,3261.2654300543472,0.06774,293766.31432999996,30620.07827643017,88.19571950000001,68.90225652747253,19.87908108109287,0.3032965134661808,27,64,,False,False,Request timeout: 300.0s exceeded,402,21.16838264042747
210,2026-09-14T02:18:09.776+00:00,2026-09-14T02:23:03.628+00:00,2026-09-14T02:23:09.798+00:00,False,97,96.0,,96.0,293851.39763200004,300022.296832,300022.29666700005,3093.0133677010313,0.0,293851.39763200004,29829.63720201177,89.8060046,64.2802,67.19611963286852,0.3199762184800419,27,64,,False,False,Request timeout: 300.0s exceeded,276,21.16838264042747
211,2026-09-14T02:18:13.092+00:00,2026-09-14T02:23:06.923+00:00,2026-09-14T02:23:13.116+00:00,False,94,93.0,,93.0,293831.01902999997,300024.063254,300024.063378,3191.745355085106,0.03194,293831.01902999997,30299.49381775576,87.63415645,66.59187337634408,20.20062322557069,0.30997513663184517,27,64,,False,False,Request timeout: 300.0s exceeded,162,21.16838264042747
212,2026-09-14T02:18:15.955+00:00,2026-09-14T02:23:09.671+00:00,2026-09-14T02:23:15.991+00:00,False,90,89.0,,89.0,293715.68268900004,300036.11123300006,300036.11124700005,3333.7345694111114,0.02052,293715.68268900004,30952.871894107895,89.15977745,71.01605105617978,19.78079788982111,0.29663096096751157,27,64,,False,False,Request timeout: 300.0s exceeded,434,21.16838264042747
213,2026-09-14T02:18:18.988+00:00,2026-09-14T02:23:12.990+00:00,2026-09-14T02:23:19.035+00:00,False,85,84.0,,84.0,294001.927468,300046.613548,300046.61358999996,3529.960159882353,0.02314,294001.927468,31881.18735520091,90.0898834,71.96054857142856,20.01842285389727,0.2799565007807098,27,64,,False,False,Request timeout: 300.0s exceeded,344,21.16838264042747
214,2026-09-14T02:18:23.685+00:00,2026-09-14T02:23:17.173+00:00,2026-09-14T02:23:23.774+00:00,False,100,99.0,,99.0,293487.343383,300088.659991,300088.659799,3000.88659799,0.03742,293487.343383,29342.07334880942,88.42697395,66.67996573737373,20.381095974129497,0.3299025028235626,27,64,,False,False,Request timeout: 300.0s exceeded,448,21.16838264042747
215,2026-09-14T02:18:28.215+00:00,2026-09-14T02:23:21.960+00:00,2026-09-14T02:23:28.243+00:00,False,94,93.0,,93.0,293745.218788,300027.999716,300027.999806,3191.7872319787234,0.02525,293745.218788,30290.54486096981,89.60130229999999,67.55678417204301,20.476757056287752,0.309971069660271,27,64,,False,False,Request timeout: 300.0s exceeded,427,21.16838264042747
216,2026-09-14T02:18:33.213+00:00,2026-09-14T02:23:26.597+00:00,2026-09-14T02:23:33.270+00:00,False,99,98.0,,98.0,293384.246277,300057.063429,300057.063321,3030.8794274848483,0.03683,293384.246277,29479.39032154621,89.74064390000001,68.08997093877551,21.03760836186306,0.3266045427495458,27,64,,False,False,Request timeout: 300.0s exceeded,473,21.16838264042747
217,2026-09-14T02:18:37.994+00:00,2026-09-14T02:23:31.492+00:00,2026-09-14T02:23:38.012+00:00,False,96,95.0,,95.0,293497.61046399997,300018.193888,300018.193881,3125.1895195937495,0.0219,293497.61046399997,29947.976108073315,91.0131595,68.63772025263158,20.561607585422617,0.3166474631717319,27,64,,False,False,Request timeout: 300.0s exceeded,518,21.16838264042747
218,2026-09-14T02:18:40.992+00:00,2026-09-14T02:23:35.044+00:00,2026-09-14T02:23:41.040+00:00,False,86,85.0,,85.0,294052.389778,300048.50523400004,300048.505193,3488.936106895349,0.04556,294052.389778,31700.883820187,88.71336299999999,70.54253477647059,19.555067071407123,0.283287530240188,27,64,,False,False,Request timeout: 300.0s exceeded,369,21.16838264042747
219,2026-09-14T02:18:45.259+00:00,2026-09-14T02:23:38.824+00:00,2026-09-14T02:23:45.339+00:00,False,98,97.0,,97.0,293565.638085,300080.366789,300080.36689299997,3062.044560132653,0.03587,293565.638085,29647.829119140017,86.187998,67.16215158762887,18.78632395465128,0.32324673899177503,27,64,,False,False,Request timeout: 300.0s exceeded,365,21.16838264042747
220,2026-09-14T02:18:48.506+00:00,2026-09-14T02:23:42.374+00:00,2026-09-14T02:23:48.532+00:00,False,94,93.0,,93.0,293868.033672,300026.62490399997,300026.624783,3191.772604074468,0.02252,293868.033672,30303.349228177012,85.3496645,66.22141109677419,19.319953571463703,0.3099724900407001,27,64,,False,False,Request timeout: 300.0s exceeded,426,21.16838264042747
221,2026-09-14T02:18:52.468+00:00,2026-09-14T02:23:46.430+00:00,2026-09-14T02:23:52.482+00:00,False,90,89.0,,89.0,293961.687883,300013.270347,300013.270149,3333.4807794333333,0.04453,293961.687883,30979.121664195914,88.45032150000002,67.99530858426965,19.99601802348639,0.2966535443484257,27,64,,False,False,Request timeout: 300.0s exceeded,365,21.16838264042747
222,2026-09-14T02:18:56.981+00:00,2026-09-14T02:23:50.618+00:00,2026-09-14T02:23:57.017+00:00,False,94,93.0,,93.0,293637.06943599996,300036.692604,300036.692618,3191.879708702127,0.02231,293637.06943599996,30279.26042834146,91.28252545,68.81315234408602,20.331483315777454,0.309962088946051,27,64,,False,False,Request timeout: 300.0s exceeded,356,21.16838264042747
223,2026-09-14T02:19:00.668+00:00,2026-09-14T02:23:54.819+00:00,2026-09-14T02:24:00.696+00:00,False,95,94.0,,94.0,294150.57134799997,300028.11605199997,300028.11613399995,3158.1906961473683,0.03506,294150.57134799997,30172.804318294413,89.2397394,62.52707131914894,21.55148315715949,0.31330397043091857,27,64,,False,False,Request timeout: 300.0s exceeded,354,21.16838264042747
224,2026-09-14T02:19:05.114+00:00,2026-09-14T02:24:00.314+00:00,2026-09-14T02:24:05.163+00:00,False,76,75.0,,75.0,295200.75717,300049.356722,300049.356801,3948.0178526447366,0.0,295200.75717,33854.5185638694,98.31458475,64.64799402666667,76.38545193420626,0.24995887616412582,27,64,,False,False,Request timeout: 300.0s exceeded,338,21.16838264042747
225,2026-09-14T02:19:08.671+00:00,2026-09-14T02:24:02.526+00:00,2026-09-14T02:24:08.712+00:00,False,94,93.0,,93.0,293854.178512,300040.5268,300040.526948,3191.9204994468087,0.02025,293854.178512,30301.889916780518,90.03330100000001,66.51987406451613,20.132625054882986,0.3099581279631322,27,64,,False,False,Request timeout: 300.0s exceeded,488,21.16838264042747
226,2026-09-14T02:19:12.643+00:00,2026-09-14T02:24:06.281+00:00,2026-09-14T02:24:12.657+00:00,False,96,95.0,,95.0,293638.00835,300014.532382,300014.532292,3125.1513780416667,0.038909,293638.00835,29962.459682359262,88.79378249999999,67.1213056,19.826708085672905,0.31665132767315146,27,64,,False,False,Request timeout: 300.0s exceeded,404,21.16838264042747
227,2026-09-14T02:19:15.389+00:00,2026-09-14T02:24:09.290+00:00,2026-09-14T02:24:15.421+00:00,False,91,90.0,,90.0,293901.38688999997,300031.75463399995,300031.754553,3297.0522478351645,0.02041,293901.38688999997,30802.102539971485,88.68997250000001,68.11519715555556,19.678055207818172,0.29996824872683353,27,64,,False,False,Request timeout: 300.0s exceeded,406,21.16838264042747
228,2026-09-14T02:19:19.693+00:00,2026-09-14T02:24:13.801+00:00,2026-09-14T02:24:19.702+00:00,False,86,85.0,,85.0,294108.306823,300009.317255,300009.317182,3488.4804323488374,0.02196,294108.306823,31707.034265916656,88.3325665,69.42365214117648,19.72596049904247,0.2833245339768973,27,64,,False,False,Request timeout: 300.0s exceeded,385,21.16838264042747
229,2026-09-14T02:19:22.864+00:00,2026-09-14T02:24:16.594+00:00,2026-09-14T02:24:22.929+00:00,False,93,92.0,,92.0,293729.815478,300064.33707799995,300064.33707199997,3226.4982480860212,0.04047,293729.815478,30451.229748019392,88.8820412,68.8534956521739,20.047894931506157,0.30660091397694206,27,64,,False,False,Request timeout: 300.0s exceeded,441,21.16838264042747
230,2026-09-14T02:19:26.479+00:00,2026-09-14T02:24:20.051+00:00,2026-09-14T02:24:26.684+00:00,False,98,97.0,,97.0,293572.512509,300204.93465300003,300204.934864,3063.315661877551,0.02028,293572.512509,29648.40135654823,86.88104519999999,68.37548602061855,19.3847300388144,0.3231126100978989,27,64,,False,False,Request timeout: 300.0s exceeded,454,21.16838264042747
231,2026-09-14T02:19:30.163+00:00,2026-09-14T02:24:23.686+00:00,2026-09-14T02:24:30.182+00:00,False,98,97.0,,97.0,293523.104643,300019.459203,300019.459075,3061.423051785714,0.03841,293523.104643,29643.552487371846,90.26346550000002,66.97272742268042,19.9596342130483,0.32331236199705166,27,64,,False,False,Request timeout: 300.0s exceeded,471,21.16838264042747
232,2026-09-14T02:19:33.038+00:00,2026-09-14T02:24:26.899+00:00,2026-09-14T02:24:33.069+00:00,False,95,94.0,,94.0,293861.440486,300031.769318,300031.769356,3158.229151115789,0.02309,293861.440486,30142.81949316506,89.885931,65.64179608510638,19.98438961427062,0.31330015555909535,27,64,,False,False,Request timeout: 300.0s exceeded,434,21.16838264042747
233,2026-09-14T02:19:36.859+00:00,2026-09-14T02:24:30.608+00:00,2026-09-14T02:24:36.925+00:00,False,93,92.0,,92.0,293749.051863,300065.069783,300065.06976499996,3226.506126505376,0.03791,293749.051863,30453.245645310464,88.952008,68.65236869565217,20.535856967934322,0.3066001653125845,27,64,,False,False,Request timeout: 300.0s exceeded,426,21.16838264042747
234,2026-09-14T02:19:40.325+00:00,2026-09-14T02:24:33.781+00:00,2026-09-14T02:24:40.370+00:00,False,97,96.0,,96.0,293455.569616,300045.200592,300045.20054,3093.2494901030927,0.0345,293455.569616,29788.936041153025,88.2032018,68.64198933333333,20.314362298341074,0.3199517932984382,27,64,,False,False,Request timeout: 300.0s exceeded,274,21.16838264042747
235,2026-09-14T02:19:43.807+00:00,2026-09-14T02:24:37.365+00:00,2026-09-14T02:24:43.888+00:00,False,91,90.0,,90.0,293558.21761,300081.029514,300081.029475,3297.5937304945055,0.044090000000000004,293558.21761,30765.67154679729,89.57155549999999,72.47568782222221,19.70716329495688,0.2999189923660307,27,64,,False,False,Request timeout: 300.0s exceeded,476,21.16838264042747
236,2026-09-14T02:19:47.758+00:00,2026-09-14T02:24:41.741+00:00,2026-09-14T02:24:47.822+00:00,False,99,98.0,,98.0,293983.23221499997,300064.29768699995,300064.297822,3030.952503252525,0.01524,293983.23221499997,29541.018611267857,90.41982680000001,62.051688489795914,222.38095316509313,0.32659666863208353,27,64,,False,False,Request timeout: 300.0s exceeded,341,21.16838264042747
237,2026-09-14T02:19:50.720+00:00,2026-09-14T02:24:44.499+00:00,2026-09-14T02:24:50.798+00:00,False,105,104.0,,104.0,293779.133556,300077.592436,300077.592475,2857.881833095238,0.015300000000000001,293779.133556,28664.853740315906,94.07209359999999,60.56210461538462,222.6254327003553,0.3465770274805871,27,64,,False,False,Request timeout: 300.0s exceeded,392,21.16838264042747
238,2026-09-14T02:19:55.687+00:00,2026-09-14T02:24:49.256+00:00,2026-09-14T02:24:55.763+00:00,False,94,93.0,,93.0,293569.53803899995,300076.54936699994,300076.54929799994,3192.3037159361697,0.037829999999999996,293569.53803899995,30272.175827931984,90.17380345000001,69.96786374193547,20.072574252397082,0.30992091916605935,27,64,,False,False,Request timeout: 300.0s exceeded,489,21.16838264042747
239,2026-09-14T02:19:58.521+00:00,2026-09-14T02:24:52.244+00:00,2026-09-14T02:24:58.549+00:00,False,96,95.0,,95.0,293723.035884,300028.034284,300028.03422900004,3125.2920232187503,0.0,293723.035884,29971.28707369156,88.0870035,66.36840421052632,69.15922056458223,0.3166370776874639,27,64,,False,False,Request timeout: 300.0s exceeded,365,21.16838264042747
240,2026-09-14T02:20:03.142+00:00,2026-09-14T02:24:57.166+00:00,2026-09-14T02:25:03.150+00:00,False,91,90.0,,90.0,294023.363654,300008.090694,300008.090746,3296.7922059999996,0.02588,294023.363654,30815.058650884832,87.267396,66.49696711111112,19.419617805797504,0.29999190952419186,27,64,,False,False,Request timeout: 300.0s exceeded,391,21.16838264042747
241,2026-09-14T02:20:08.054+00:00,2026-09-14T02:25:01.882+00:00,2026-09-14T02:25:08.083+00:00,False,93,92.0,,92.0,293828.17716,300028.638472,300028.638486,3226.114392322581,0.03564,293828.17716,30461.580503105797,87.6115766,67.39631860869565,20.08444990229279,0.30663739457853734,27,64,,False,False,Request timeout: 300.0s exceeded,378,21.16838264042747
242,2026-09-14T02:20:12.717+00:00,2026-09-14T02:25:06.398+00:00,2026-09-14T02:25:12.735+00:00,False,93,92.0,,92.0,293680.805074,300017.38901,300017.389123,3225.993431430107,0.038060000000000004,293680.805074,30446.1448413484,89.44085919999999,68.87591234782609,19.358978238166966,0.30664889226448644,27,64,,False,False,Request timeout: 300.0s exceeded,393,21.16838264042747
243,2026-09-14T02:20:16.102+00:00,2026-09-14T02:25:09.944+00:00,2026-09-14T02:25:16.149+00:00,False,89,88.0,,88.0,293841.76368699997,300046.62589499995,300046.625924,3371.3104036404493,0.037380000000000004,293841.76368699997,31139.696937813133,89.2259674,70.50979781818181,19.929375192524173,0.2932877506537775,27,64,,False,False,Request timeout: 300.0s exceeded,403,21.16838264042747
244,2026-09-14T02:20:20.790+00:00,2026-09-14T02:25:14.512+00:00,2026-09-14T02:25:20.866+00:00,False,91,90.0,,90.0,293721.174055,300075.71127100004,300075.711295,3297.535288956044,0.03427,293721.174055,30782.950482435335,89.64017050000001,70.60596906666666,20.42449890917573,0.29992430783150087,27,64,,False,False,Request timeout: 300.0s exceeded,342,21.16838264042747
245,2026-09-14T02:20:24.416+00:00,2026-09-14T02:25:18.110+00:00,2026-09-14T02:25:24.472+00:00,False,98,97.0,,97.0,293694.579085,300056.326029,300056.32578899997,3061.7992427448976,0.03451,293694.579085,29661.015086458792,89.28462085,65.58502004123712,21.25242660634285,0.32327263778676374,27,64,,False,False,Request timeout: 300.0s exceeded,495,21.16838264042747
246,2026-09-14T02:20:28.053+00:00,2026-09-14T02:25:21.544+00:00,2026-09-14T02:25:28.108+00:00,False,100,99.0,,99.0,293491.303396,300055.067108,300055.067055,3000.55067055,0.04498,293491.303396,29342.507785999253,93.33236050000001,66.30064355555555,21.101281445769686,0.32993943729790953,27,64,,False,False,Request timeout: 300.0s exceeded,431,21.16838264042747
247,2026-09-14T02:20:32.871+00:00,2026-09-14T02:25:26.683+00:00,2026-09-14T02:25:32.885+00:00,False,88,87.0,,87.0,293811.94812099996,300014.227545,300014.227616,3409.252586545454,0.0346,293811.94812099996,31312.86600063792,90.46915000000001,71.29056809195403,20.593792346009586,0.2899862473587211,27,64,,False,False,Request timeout: 300.0s exceeded,403,21.16838264042747
248,2026-09-14T02:20:37.793+00:00,2026-09-14T02:25:31.875+00:00,2026-09-14T02:25:37.844+00:00,False,88,87.0,,87.0,294081.55680699996,300051.18983099994,300051.18976,3409.6726109090905,0.026510000000000002,294081.55680699996,31341.89111929538,89.968377,68.61647154022988,20.099070661072926,0.28995052493876683,27,64,,False,False,Request timeout: 300.0s exceeded,434,21.16838264042747
249,2026-09-14T02:20:41.225+00:00,2026-09-14T02:25:35.051+00:00,2026-09-14T02:25:41.230+00:00,False,92,91.0,,91.0,293825.68481,300005.16001,300005.160159,3260.925653902174,0.02659,293825.68481,30626.37160300183,87.37753855,67.90632087912088,19.3970094391965,0.30332811607962584,27,64,,False,False,Request timeout: 300.0s exceeded,438,21.16838264042747
250,2026-09-14T02:20:44.766+00:00,2026-09-14T02:25:38.429+00:00,2026-09-14T02:25:44.809+00:00,False,95,94.0,,94.0,293663.023925,300043.24997299997,300043.249862,3158.349998547368,0.03053,293663.023925,30122.233670014884,89.0951267,67.87474519148937,20.55158405982925,0.313288167650693,27,64,,False,False,Request timeout: 300.0s exceeded,465,21.16838264042747
251,2026-09-14T02:20:48.329+00:00,2026-09-14T02:25:41.947+00:00,2026-09-14T02:25:48.390+00:00,False,95,94.0,,94.0,293617.910023,300061.594887,300061.594818,3158.5431033473683,0.0349,293617.910023,30117.535856018665,89.18281929999999,68.5498389787234,20.606057178303622,0.31326901410158603,27,64,,False,False,Request timeout: 300.0s exceeded,502,21.16838264042747
252,2026-09-14T02:20:51.808+00:00,2026-09-14T02:25:45.763+00:00,2026-09-14T02:25:51.821+00:00,False,88,87.0,,87.0,293954.683115,300012.48868300003,300012.488793,3409.232827193182,0.0,293954.683115,31328.332789331896,89.33710585,69.62994905747126,71.59087536942214,0.2899879281089734,27,64,,False,False,Request timeout: 300.0s exceeded,474,21.16838264042747
253,2026-09-14T02:20:55.797+00:00,2026-09-14T02:25:49.662+00:00,2026-09-14T02:25:55.852+00:00,False,98,97.0,,97.0,293864.86563,300055.006814,300055.006585,3061.785781479592,0.0,293864.86563,29678.46676211331,89.5974014,63.81588849484536,68.81729076103797,0.32327405907987056,27,64,,False,False,Request timeout: 300.0s exceeded,433,21.16838264042747
254,2026-09-14T02:21:00.078+00:00,2026-09-14T02:25:53.938+00:00,2026-09-14T02:26:00.119+00:00,False,93,92.0,,92.0,293860.60358,300041.291196,300041.291215,3226.250443172043,0.03511,293860.60358,30464.965950818474,90.74577259999998,67.18138713043479,21.127707762094204,0.3066244636972369,27,64,,False,False,Request timeout: 300.0s exceeded,316,21.16838264042747
255,2026-09-14T02:21:02.791+00:00,2026-09-14T02:25:56.417+00:00,2026-09-14T02:26:02.844+00:00,False,95,94.0,,94.0,293625.833578,300052.710762,300052.710824,3158.4495876210526,0.03793,293625.833578,30118.367071939556,89.79145039999999,68.37103387234042,20.504836882722813,0.31327828954213394,27,64,,False,False,Request timeout: 300.0s exceeded,422,21.16838264042747
256,2026-09-14T02:21:05.822+00:00,2026-09-14T02:25:59.895+00:00,2026-09-14T02:26:05.887+00:00,False,87,86.0,,86.0,294072.470625,300064.281441,300064.281321,3449.0147278275863,0.0212,294072.470625,31520.415275463492,90.5526903,69.67221879069768,20.719180060930835,0.2866052553372958,27,64,,False,False,Request timeout: 300.0s exceeded,344,21.16838264042747
257,2026-09-14T02:21:10.563+00:00,2026-09-14T02:26:04.254+00:00,2026-09-14T02:26:10.581+00:00,False,96,95.0,,95.0,293690.772574,300017.86659,300017.866451,3125.1861088645833,0.02221,293690.772574,29967.898438491797,89.39495675,66.60098964210526,20.46811470881023,0.3166478086114305,27,64,,False,False,Request timeout: 300.0s exceeded,447,21.16838264042747
258,2026-09-14T02:21:13.389+00:00,2026-09-14T02:26:07.066+00:00,2026-09-14T02:26:13.421+00:00,False,95,94.0,,94.0,293676.67226599995,300032.26215399994,300032.26209199993,3158.2343378105256,0.0361,293676.67226599995,30123.660443848075,88.96875740000002,67.61265838297872,19.941721879476994,0.3132996409291207,27,64,,False,False,Request timeout: 300.0s exceeded,459,21.16838264042747
259,2026-09-14T02:21:18.339+00:00,2026-09-14T02:26:12.060+00:00,2026-09-14T02:26:18.384+00:00,False,94,93.0,,93.0,293721.021643,300045.14170700003,300045.14187600004,3191.9695944255323,0.03764,293721.021643,30288.003311948756,88.23788515,68.0012910107527,20.54066818715308,0.30995336058737566,27,64,,False,False,Request timeout: 300.0s exceeded,328,21.16838264042747
260,2026-09-14T02:21:21.770+00:00,2026-09-14T02:26:15.387+00:00,2026-09-14T02:26:21.776+00:00,False,97,96.0,,96.0,293617.449384,300006.522536,300006.522519,3092.8507476185564,0.03961,293617.449384,29805.58466748053,89.325447,66.55284533333334,20.476249012972104,0.3199930427795291,27,64,,False,False,Request timeout: 300.0s exceeded,234,21.16838264042747
261,2026-09-14T02:21:26.486+00:00,2026-09-14T02:26:20.075+00:00,2026-09-14T02:26:26.567+00:00,False,95,94.0,,94.0,293589.51817500003,300081.361503,300081.361593,3158.751174663158,0.04157,293589.51817500003,30114.57029331449,90.58804900000001,69.0621630638298,20.520581093447394,0.3132483788036274,27,64,,False,False,Request timeout: 300.0s exceeded,360,21.16838264042747
262,2026-09-14T02:21:31.488+00:00,2026-09-14T02:26:24.932+00:00,2026-09-14T02:26:31.507+00:00,False,100,99.0,,99.0,293444.168135,300018.850247,300018.850447,3000.1885044699998,0.0209,293444.168135,29337.783023148655,89.27826995,66.41093042424242,20.80561570687316,0.32997926603110145,27,64,,False,False,Request timeout: 300.0s exceeded,420,21.16838264042747
263,2026-09-14T02:21:35.929+00:00,2026-09-14T02:26:29.363+00:00,2026-09-14T02:26:35.959+00:00,False,99,98.0,,98.0,293434.067577,300030.830969,300030.831093,3030.6144554848483,0.04077,293434.067577,29484.475025281823,88.260141,67.3139121632653,20.28704659484977,0.3266330986168739,27,64,,False,False,Request timeout: 300.0s exceeded,450,21.16838264042747
264,2026-09-14T02:21:39.620+00:00,2026-09-14T02:26:33.109+00:00,2026-09-14T02:26:39.705+00:00,False,100,99.0,,99.0,293488.424303,300084.24715099996,300084.247172,3000.8424717199996,0.039520000000000007,293488.424303,29342.18695371851,89.6923344,66.62447321212122,20.32853338637057,0.3299073541510628,27,64,,False,False,Request timeout: 300.0s exceeded,411,21.16838264042747
265,2026-09-14T02:21:43.464+00:00,2026-09-14T02:26:37.098+00:00,2026-09-14T02:26:43.492+00:00,False,96,95.0,,95.0,293634.254547,300027.956435,300027.956353,3125.2912120104165,0.02609,293634.254547,29962.058220800638,89.21493625,67.30212513684211,20.00020152801465,0.3166371598460739,27,64,,False,False,Request timeout: 300.0s exceeded,582,21.16838264042747
266,2026-09-14T02:21:47.292+00:00,2026-09-14T02:26:40.834+00:00,2026-09-14T02:26:47.354+00:00,False,105,104.0,,104.0,293542.156322,300062.10051400005,300062.100523,2857.7342906952385,0.0,293542.156322,28640.730506542204,90.86021339999999,62.69177107692308,62.445286663762644,0.34659492092420263,27,64,,False,False,Request timeout: 300.0s exceeded,486,21.16838264042747
267,2026-09-14T02:21:50.740+00:00,2026-09-14T02:26:44.699+00:00,2026-09-14T02:26:50.823+00:00,False,99,98.0,,98.0,293958.213536,300082.022048,300082.022252,3031.13153789899,0.0,293958.213536,29537.70009076435,93.0806604,62.48784195918367,63.83973398766248,0.3265773781820368,27,64,,False,False,Request timeout: 300.0s exceeded,515,21.16838264042747
268,2026-09-14T02:21:53.761+00:00,2026-09-14T02:26:47.742+00:00,2026-09-14T02:26:53.784+00:00,False,92,91.0,,91.0,293980.862671,300022.819535,300022.81963,3261.1176046739133,0.024730000000000002,293980.862671,30642.708007290537,87.010471,66.39513037362637,20.0946068630127,0.30331026200286787,27,64,,False,False,Request timeout: 300.0s exceeded,396,21.16838264042747
269,2026-09-14T02:21:58.663+00:00,2026-09-14T02:26:52.543+00:00,2026-09-14T02:26:58.681+00:00,False,88,87.0,,87.0,293880.200885,300018.423733,300018.42359099997,3409.3002680795453,0.02135,293880.200885,31320.219499085404,89.5798455,70.55428560919539,19.393678193887222,0.28998219148509774,27,64,,False,False,Request timeout: 300.0s exceeded,451,21.16838264042747
270,2026-09-14T02:22:03.119+00:00,2026-09-14T02:26:57.072+00:00,2026-09-14T02:27:03.156+00:00,False,87,86.0,,86.0,293953.26338300004,300037.88597500004,300037.88593100006,3448.71133254023,0.02665,293953.26338300004,31507.518431089098,88.312045,70.75142548837209,19.472191682484624,0.28663046908404677,27,64,,False,False,Request timeout: 300.0s exceeded,325,21.16838264042747
271,2026-09-14T02:22:07.515+00:00,2026-09-14T02:27:01.410+00:00,2026-09-14T02:27:07.562+00:00,False,90,89.0,,89.0,293895.048887,300047.528375,300047.528512,3333.861427911111,0.02469,293895.048887,30971.97731914182,88.571063,69.12898301123595,19.23037221587506,0.29661967382969945,27,64,,False,False,Request timeout: 300.0s exceeded,315,21.16838264042747
272,2026-09-14T02:22:11.528+00:00,2026-09-14T02:27:05.526+00:00,2026-09-14T02:27:11.604+00:00,False,91,90.0,,90.0,293997.88028,300075.182808,300075.182715,3297.529480384615,0.02802,293997.88028,30812.27975385667,88.1572835,67.52558364444445,19.917121835373933,0.2999248360287947,27,64,,False,False,Request timeout: 300.0s exceeded,377,21.16838264042747
273,2026-09-14T02:22:14.846+00:00,2026-09-14T02:27:09.039+00:00,2026-09-14T02:27:14.895+00:00,False,88,87.0,,87.0,294192.99019,300048.997102,300048.997172,3409.6476951363634,0.02264,294192.99019,31353.909269457214,89.39927085,67.31042427586206,20.239245199114915,0.28995264386911057,27,64,,False,False,Request timeout: 300.0s exceeded,450,21.16838264042747
274,2026-09-14T02:22:17.707+00:00,2026-09-14T02:27:11.693+00:00,2026-09-14T02:27:17.762+00:00,False,94,93.0,,93.0,293985.01054000005,300054.33841200004,300054.33855100005,3192.0674313936174,0.02472,293985.01054000005,30315.514303589578,88.3688183,65.26159002150538,20.60555995130026,0.3099438604760419,27,64,,False,False,Request timeout: 300.0s exceeded,456,21.16838264042747
275,2026-09-14T02:22:21.852+00:00,2026-09-14T02:27:15.854+00:00,2026-09-14T02:27:21.894+00:00,False,90,89.0,,89.0,294002.178546,300042.238962,300042.23878899997,3333.8026532111107,0.03616,294002.178546,30983.403507060997,87.99415095,67.86584737078651,20.162604575284746,0.29662490290665955,27,64,,False,False,Request timeout: 300.0s exceeded,464,21.16838264042747
276,2026-09-14T02:22:26.025+00:00,2026-09-14T02:27:19.766+00:00,2026-09-14T02:27:26.051+00:00,False,90,89.0,,89.0,293741.214929,300026.193361,300026.193424,3333.624371377778,0.033849,293741.214929,30955.604734149594,89.14106895,70.61773519101123,19.00604505381277,0.29664076660437677,27,64,,False,False,Request timeout: 300.0s exceeded,432,21.16838264042747
277,2026-09-14T02:22:30.794+00:00,2026-09-14T02:27:24.923+00:00,2026-09-14T02:27:30.871+00:00,False,89,88.0,,88.0,294129.405361,300077.790897,300077.790789,3371.660570662921,0.02368,294129.405361,31170.49580020492,88.44477439999999,67.59529018181819,19.889463504670932,0.29325729084097896,27,64,,False,False,Request timeout: 300.0s exceeded,542,21.16838264042747
278,2026-09-14T02:22:35.012+00:00,2026-09-14T02:27:28.927+00:00,2026-09-14T02:27:35.023+00:00,False,95,94.0,,94.0,293915.142465,300010.810177,300010.81007099996,3158.0085270631575,0.02059,293915.142465,30148.410347055164,86.4161,64.84752885106383,19.456025517603756,0.3133220431108532,27,64,,False,False,Request timeout: 300.0s exceeded,390,21.16838264042747
279,2026-09-14T02:22:37.777+00:00,2026-09-14T02:27:31.361+00:00,2026-09-14T02:27:37.822+00:00,False,100,99.0,,99.0,293583.661807,300045.068527,300045.068591,3000.45068591,0.04131,293583.661807,29351.846462713343,87.8882653,65.26673454545454,20.309652629597622,0.32995043206681246,27,64,,False,False,Request timeout: 300.0s exceeded,383,21.16838264042747
280,2026-09-14T02:22:42.182+00:00,2026-09-14T02:27:36.064+00:00,2026-09-14T02:27:42.389+00:00,False,82,81.0,,81.0,293881.938889,300207.026889,300207.02687999996,3661.061303414634,0.04283,293881.938889,32445.280304199205,91.1421135,78.08750617283951,69.07868224051832,0.26981380429162755,27,64,,False,False,Request timeout: 300.0s exceeded,319,21.16838264042747
281,2026-09-14T02:22:46.469+00:00,2026-09-14T02:27:39.987+00:00,2026-09-14T02:27:46.477+00:00,False,103,102.0,,102.0,293518.59535799996,300008.342302,300008.34239199996,2912.702353320388,0.0,293518.59535799996,28915.052713772806,92.1218892,63.62497003921568,66.31494806898367,0.3399905456539701,27,64,,False,False,Request timeout: 300.0s exceeded,413,21.16838264042747
282,2026-09-14T02:22:50.576+00:00,2026-09-14T02:27:44.707+00:00,2026-09-14T02:27:50.601+00:00,False,88,87.0,,87.0,294130.56583700003,300024.73057300004,300024.73039900005,3409.371936352273,0.026949999999999998,294130.56583700003,31347.208083950693,88.59861155,67.74901995402298,20.279411040501017,0.28997609574998595,27,64,,False,False,Request timeout: 300.0s exceeded,324,21.16838264042747
283,2026-09-14T02:22:53.604+00:00,2026-09-14T02:27:47.628+00:00,2026-09-14T02:27:53.678+00:00,False,88,87.0,,87.0,294024.167443,300074.077715,300074.077776,3409.932702,0.027530000000000002,294024.167443,31335.67515348507,88.7075025,69.53919852873564,20.291943628545962,0.28992840921977137,27,64,,False,False,Request timeout: 300.0s exceeded,433,21.16838264042747
284,2026-09-14T02:22:57.472+00:00,2026-09-14T02:27:51.104+00:00,2026-09-14T02:27:57.529+00:00,False,96,95.0,,95.0,293631.414223,300056.564687,300056.564724,3125.589215875,0.03581,293631.414223,29961.734362483796,88.7414945,67.63316277894737,19.721931431320787,0.31660697075265787,27,64,,False,False,Request timeout: 300.0s exceeded,469,21.16838264042747
285,2026-09-14T02:23:02.248+00:00,2026-09-14T02:27:56.075+00:00,2026-09-14T02:28:02.294+00:00,False,95,94.0,,94.0,293826.393074,300045.449458,300045.449359,3158.373151147369,0.044889000000000005,293826.393074,30139.17056691203,88.8363867,66.16017429787235,20.054240856493372,0.31328587108986633,27,64,,False,False,Request timeout: 300.0s exceeded,451,21.16838264042747
286,2026-09-14T02:23:06.392+00:00,2026-09-14T02:27:59.918+00:00,2026-09-14T02:28:06.568+00:00,False,100,99.0,,99.0,293525.78614,300175.66518,300175.665156,3001.7566515599997,0.02904,293525.78614,29345.868471822047,88.5270934,67.17049535353536,20.23707024768059,0.3298068813827222,27,64,,False,False,Request timeout: 300.0s exceeded,329,21.16838264042747
287,2026-09-14T02:23:10.900+00:00,2026-09-14T02:28:04.603+00:00,2026-09-14T02:28:10.996+00:00,False,95,94.0,,94.0,293702.943939,300095.60237100004,300095.60234800004,3158.9010773473688,0.037,293702.943939,30126.315964889916,90.7773487,68.00700459574469,20.784995063527663,0.3132335137780205,27,64,,False,False,Request timeout: 300.0s exceeded,432,21.16838264042747
288,2026-09-14T02:23:15.161+00:00,2026-09-14T02:28:09.142+00:00,2026-09-14T02:28:15.184+00:00,False,99,98.0,,98.0,293981.241723,300022.76415500004,300022.764244,3030.5329721616163,0.01543,293981.241723,29541.204395425353,87.55348469999998,61.648188081632654,264.69483354533617,0.32664188091197804,27,64,,False,False,Request timeout: 300.0s exceeded,478,21.16838264042747
289,2026-09-14T02:23:20.116+00:00,2026-09-14T02:28:15.794+00:00,2026-09-14T02:28:20.156+00:00,False,63,62.0,,62.0,295677.632142,300039.919246,300039.919293,4762.53840147619,0.016730000000000002,295677.632142,37243.02175502753,90.6721031,70.35946941935484,21.449887672849716,0.20663917040041183,27,64,,False,False,Request timeout: 300.0s exceeded,273,21.16838264042747
290,2026-09-14T02:23:23.204+00:00,2026-09-14T02:28:16.829+00:00,2026-09-14T02:28:23.231+00:00,False,92,91.0,,91.0,293625.16123,300027.359758,300027.35978500004,3261.1669541847828,0.0179,293625.16123,30605.210530938984,87.86882594999999,70.35382997802198,19.591417266772027,0.30330567210070436,27,64,,False,False,Request timeout: 300.0s exceeded,374,21.16838264042747
291,2026-09-14T02:23:26.576+00:00,2026-09-14T02:28:20.157+00:00,2026-09-14T02:28:26.588+00:00,False,94,93.0,,93.0,293580.913208,300011.40792800003,300011.407833,3191.6107216276596,0.04461,293580.913208,30273.43433249811,89.61450229999998,69.14510451612904,20.650560066746092,0.30998821225597906,27,64,,False,False,Request timeout: 300.0s exceeded,394,21.16838264042747
292,2026-09-14T02:23:31.165+00:00,2026-09-14T02:28:24.657+00:00,2026-09-14T02:28:31.179+00:00,False,99,98.0,,98.0,293492.526221,300014.104205,300014.10420400003,3030.445497010101,0.03635,293492.526221,29490.42756606322,88.66142090000001,66.54671412244898,20.463899872057777,0.3266513094765588,27,64,,False,False,Request timeout: 300.0s exceeded,346,21.16838264042747
293,2026-09-14T02:23:33.939+00:00,2026-09-14T02:28:27.383+00:00,2026-09-14T02:28:33.968+00:00,False,97,96.0,,96.0,293443.771348,300028.19784399995,300028.197849,3093.0742046288656,0.03023,293443.771348,29787.74399880281,90.4445412,68.587776,20.877825410281034,0.3199699251265553,27,64,,False,False,Request timeout: 300.0s exceeded,430,21.16838264042747
294,2026-09-14T02:23:36.748+00:00,2026-09-14T02:28:30.404+00:00,2026-09-14T02:28:36.799+00:00,False,91,90.0,,90.0,293655.68669400003,300050.90487,300050.904793,3297.2626900329674,0.026419,293655.68669400003,30776.038126536074,90.00549550000001,71.05797973333334,20.373864368726153,0.2999491037662205,27,64,,False,False,Request timeout: 300.0s exceeded,463,21.16838264042747
295,2026-09-14T02:23:39.845+00:00,2026-09-14T02:28:34.093+00:00,2026-09-14T02:28:39.873+00:00,False,88,87.0,,87.0,294248.56684600003,300028.14188600006,300028.14175500005,3409.410701761364,0.0,294248.56684600003,31359.995843908895,90.86440305,66.43189701149426,68.93203336764988,0.2899727987285169,27,64,,False,False,Request timeout: 300.0s exceeded,388,21.16838264042747
296,2026-09-14T02:23:44.632+00:00,2026-09-14T02:28:38.915+00:00,2026-09-14T02:28:44.657+00:00,False,83,82.0,,82.0,294283.44772899995,300025.0382569999,300025.03827799996,3614.759497325301,0.0219,294283.44772899995,32294.125158413284,88.41474410000001,70.01939668292684,19.671953616183895,0.273310522602981,27,64,,False,False,Request timeout: 300.0s exceeded,222,21.16838264042747
297,2026-09-14T02:23:47.761+00:00,2026-09-14T02:28:41.550+00:00,2026-09-14T02:28:47.859+00:00,False,94,93.0,,93.0,293788.935087,300097.705135,300097.70531000005,3192.5287798936174,0.02797,293788.935087,30295.024907577244,89.0135373,67.83623707526883,20.295174242100437,0.3098990708981384,27,64,,False,False,Request timeout: 300.0s exceeded,411,21.16838264042747
298,2026-09-14T02:23:52.264+00:00,2026-09-14T02:28:45.581+00:00,2026-09-14T02:28:52.347+00:00,False,102,101.0,,101.0,293316.749601,300082.992417,300082.992487,2941.9901224215687,0.02029,293316.749601,29036.059641961347,88.91372754999999,66.99250312871287,20.255470269414847,0.33657355649016196,27,64,,False,False,Request timeout: 300.0s exceeded,426,21.16838264042747
299,2026-09-14T02:23:55.130+00:00,2026-09-14T02:28:48.938+00:00,2026-09-14T02:28:55.159+00:00,False,94,93.0,,93.0,293808.798425,300029.089753,300029.089674,3191.7988263191487,0.042229,293808.798425,30297.171923874295,89.30729664999998,66.88485298924732,20.508082174823972,0.30996994350302026,27,64,,False,False,Request timeout: 300.0s exceeded,473,21.16838264042747
300,2026-09-14T02:23:59.174+00:00,2026-09-14T02:28:52.775+00:00,2026-09-14T02:28:59.254+00:00,False,95,94.0,,94.0,293601.293277,300080.389853,300080.38977,3158.7409449473685,0.04622,293601.293277,30115.79250094442,90.869264,68.92655931914894,20.80799374065337,0.31324939309112354,27,64,,False,False,Request timeout: 300.0s exceeded,432,21.16838264042747
301,2026-09-14T02:24:03.022+00:00,2026-09-14T02:28:56.344+00:00,2026-09-14T02:29:03.036+00:00,False,101,100.0,,100.0,293321.604521,300013.264809,300013.264745,2970.4283638118814,0.01701,293321.604521,29179.939750036687,90.447609,66.91660288,21.2799541424038,0.3333185953083236,27,64,,False,False,Request timeout: 300.0s exceeded,478,21.16838264042747
302,2026-09-14T02:24:06.453+00:00,2026-09-14T02:29:00.243+00:00,2026-09-14T02:29:06.509+00:00,False,91,90.0,,90.0,293789.240586,300055.73735400004,300055.73736800003,3297.3157952527476,0.02659,293789.240586,30790.18915001626,92.6754045,69.62774186666665,21.626705546026034,0.29994427299958515,27,64,,False,False,Request timeout: 300.0s exceeded,164,21.16838264042747
303,2026-09-14T02:24:09.885+00:00,2026-09-14T02:29:03.594+00:00,2026-09-14T02:29:09.919+00:00,False,92,91.0,,91.0,293709.029398,300034.203414,300034.203506,3261.2413424565216,0.0444,293709.029398,30614.043597956257,92.064996,69.50740676923077,21.0568777961647,0.3032987538238576,27,64,,False,False,Request timeout: 300.0s exceeded,385,21.16838264042747
304,2026-09-14T02:24:14.167+00:00,2026-09-14T02:29:07.849+00:00,2026-09-14T02:29:14.182+00:00,False,97,96.0,,96.0,293682.30659,300015.36131,300015.36128,3092.9418688659794,0.096949,293682.30659,29812.228932283666,87.03708979999999,65.96932,20.130173094657653,0.3199836154416276,27,64,,False,False,Request timeout: 300.0s exceeded,234,21.16838264042747
305,2026-09-14T02:24:18.664+00:00,2026-09-14T02:29:12.077+00:00,2026-09-14T02:29:18.711+00:00,False,103,102.0,,102.0,293413.36783999996,300047.14115199994,300047.141036,2913.0790391844657,0.019370000000000002,293413.36783999996,28904.476744495714,86.6250101,65.03699325490196,19.97734851226215,0.33994658175505876,27,64,,False,False,Request timeout: 300.0s exceeded,422,21.16838264042747
306,2026-09-14T02:24:23.047+00:00,2026-09-14T02:29:16.648+00:00,2026-09-14T02:29:23.072+00:00,False,94,93.0,,93.0,293600.299418,300024.497306,300024.49719599995,3191.7499701702127,0.03147,293600.299418,30275.44044559169,89.59154995,69.07739664516129,20.04154044459722,0.30997468818403767,27,64,,False,False,Request timeout: 300.0s exceeded,422,21.16838264042747
307,2026-09-14T02:24:25.757+00:00,2026-09-14T02:29:19.695+00:00,2026-09-14T02:29:25.798+00:00,False,87,86.0,,86.0,293938.16919700004,300041.18948500004,300041.18965400005,3448.7493063678166,0.020210000000000002,293938.16919700004,31505.87707267306,89.16119,70.96535218604652,19.214269713309477,0.2866273132286039,27,64,,False,False,Request timeout: 300.0s exceeded,397,21.16838264042747
308,2026-09-14T02:24:29.916+00:00,2026-09-14T02:29:23.654+00:00,2026-09-14T02:29:29.966+00:00,False,91,90.0,,90.0,293737.756413,300050.012413,300050.012488,3297.2528844835165,0.023219999999999998,293737.756413,30784.737562832823,89.01193200000002,70.13617777777777,19.694945879338334,0.29994999592308186,27,64,,False,False,Request timeout: 300.0s exceeded,474,21.16838264042747
309,2026-09-14T02:24:34.295+00:00,2026-09-14T02:29:27.835+00:00,2026-09-14T02:29:34.333+00:00,False,106,105.0,,105.0,293540.57277200004,300038.079588,300038.07955600007,2830.547920339623,0.0,293540.57277200004,28505.236672329713,90.28862675,61.881017295238095,61.752442904563445,0.34995557945238714,27,64,,False,False,Request timeout: 300.0s exceeded,545,21.16838264042747
310,2026-09-14T02:24:37.124+00:00,2026-09-14T02:29:30.783+00:00,2026-09-14T02:29:37.183+00:00,False,104,103.0,,103.0,293659.299594,300059.520778,300059.52076399996,2885.187699653846,0.0,293659.299594,28789.63690201648,90.48294230000002,62.138069747572814,62.22799944592254,0.34326522862177367,27,64,,False,False,Request timeout: 300.0s exceeded,420,21.16838264042747
311,2026-09-14T02:24:42.097+00:00,2026-09-14T02:29:35.691+00:00,2026-09-14T02:29:42.121+00:00,False,96,95.0,,95.0,293594.659995,300024.189083,300024.189182,3125.2519706458334,0.03261,293594.659995,29957.978965451184,89.33046175,67.67925355789474,20.503270251389054,0.3166411358042827,27,64,,False,False,Request timeout: 300.0s exceeded,397,21.16838264042747
312,2026-09-14T02:24:47.543+00:00,2026-09-14T02:29:39.479+00:00,2026-09-14T02:29:46.713+00:00,True,107,107.0,,107.0,291936.417599,299170.01196699997,299170.011949,2795.981420084112,39.718286,291936.417599,28215.968301930057,89.52881730000001,68.2414563018868,19.558999759938658,0.3576561677973348,27,64,,False,True,,237,21.16838264042747
313,2026-09-14T02:24:50.688+00:00,2026-09-14T02:29:44.295+00:00,2026-09-14T02:29:50.745+00:00,False,102,101.0,,101.0,293606.353366,300056.73775,300056.737689,2941.7327224411765,0.041779000000000004,293606.353366,29065.045155686355,90.50169505,63.86519192079208,21.417755167603058,0.33660300634258966,27,64,,False,False,Request timeout: 300.0s exceeded,624,21.16838264042747
314,2026-09-14T02:24:53.975+00:00,2026-09-14T02:29:48.908+00:00,2026-09-14T02:29:54.055+00:00,False,74,73.0,,73.0,294932.924399,300080.368879,300080.36910300003,4055.140123013514,0.03083,294932.924399,34277.06500463393,89.5684158,70.51293808219178,20.28209110206364,0.24326816270155763,27,64,,False,False,Request timeout: 300.0s exceeded,359,21.16838264042747
315,2026-09-14T02:24:58.553+00:00,2026-09-14T02:29:52.434+00:00,2026-09-14T02:29:58.684+00:00,False,93,92.0,,92.0,293880.482824,300130.625288,300130.62523,3227.2110239784947,0.0494,293880.482824,30466.949000570185,89.0254006,67.93633113043478,21.058490649890448,0.30653319670966084,27,64,,False,False,Request timeout: 300.0s exceeded,170,21.16838264042747
316,2026-09-14T02:25:02.697+00:00,2026-09-14T02:29:56.091+00:00,2026-09-14T02:30:02.713+00:00,False,97,96.0,,96.0,293393.496904,300015.586632,300015.586475,3092.9441904639175,0.03236,293393.496904,29782.599281495888,88.2537038,68.98010133333332,20.458841869968523,0.3199833751229528,27,64,,False,False,Request timeout: 300.0s exceeded,366,21.16838264042747
317,2026-09-14T02:25:05.850+00:00,2026-09-14T02:29:59.423+00:00,2026-09-14T02:30:05.859+00:00,False,94,93.0,,93.0,293573.259677,300008.826525,300008.826422,3191.583259808511,0.02056,293573.259677,30272.638422790318,88.0996833,69.19964352688173,19.297472960931266,0.30999087952584037,27,64,,False,False,Request timeout: 300.0s exceeded,375,21.16838264042747
318,2026-09-14T02:25:09.515+00:00,2026-09-14T02:30:03.099+00:00,2026-09-14T02:30:09.559+00:00,False,95,94.0,,94.0,293584.70394599997,300044.002506,300044.00246099994,3158.357920642105,0.0195,293584.70394599997,30114.11183783166,89.2545654,68.71594212765957,20.449583461036458,0.3132873819003274,27,64,,False,False,Request timeout: 300.0s exceeded,495,21.16838264042747
319,2026-09-14T02:25:14.098+00:00,2026-09-14T02:30:07.941+00:00,2026-09-14T02:30:14.173+00:00,False,94,93.0,,93.0,293843.350583,300074.701879,300074.701958,3192.2840633829787,0.04406,293843.350583,30300.723230349384,89.55493095,67.00377737634409,20.19287720902183,0.3099228272748586,27,64,,False,False,Request timeout: 300.0s exceeded,416,21.16838264042747
320,2026-09-14T02:25:18.691+00:00,2026-09-14T02:30:12.242+00:00,2026-09-14T02:30:18.711+00:00,False,99,98.0,,98.0,293551.23179299996,300019.488049,300019.488118,3030.4998799797977,0.046549999999999994,293551.23179299996,29496.38186701888,87.788714,66.00261485714286,19.70182206966239,0.3266454477250304,27,64,,False,False,Request timeout: 300.0s exceeded,477,21.16838264042747
321,2026-09-14T02:25:23.472+00:00,2026-09-14T02:30:17.078+00:00,2026-09-14T02:30:23.486+00:00,False,94,93.0,,93.0,293606.184112,300014.68817599997,300014.68812299997,3191.645618329787,0.043729,293606.184112,30276.065063682556,88.3000293,68.90864584946236,20.424441242787854,0.30998482296121005,27,64,,False,False,Request timeout: 300.0s exceeded,485,21.16838264042747
322,2026-09-14T02:25:28.149+00:00,2026-09-14T02:30:21.717+00:00,2026-09-14T02:30:28.169+00:00,False,98,97.0,,97.0,293567.55484600004,300019.643678,300019.643746,3061.4249361836737,0.0,293567.55484600004,29648.152191699824,91.31510200000001,66.5163797113402,64.81093434925513,0.3233121631999087,27,64,,False,False,Request timeout: 300.0s exceeded,409,21.16838264042747
323,2026-09-14T02:25:30.879+00:00,2026-09-14T02:30:24.971+00:00,2026-09-14T02:30:30.889+00:00,False,95,94.0,,94.0,294091.741909,300010.161621,300010.16169599997,3158.0017020631576,0.0,294091.741909,30166.788434657712,93.36273369999999,62.96191182978723,66.31681829781816,0.3133227204442139,27,64,,False,False,Request timeout: 300.0s exceeded,426,21.16838264042747
324,2026-09-14T02:25:35.593+00:00,2026-09-14T02:30:29.524+00:00,2026-09-14T02:30:35.601+00:00,False,91,90.0,,90.0,293930.787944,300007.97988,300007.979935,3296.7909882967033,0.046619999999999995,293930.787944,30805.24717286372,89.7728755,67.52435484444445,20.649329514196634,0.29999202033225597,27,64,,False,False,Request timeout: 300.0s exceeded,348,21.16838264042747
325,2026-09-14T02:25:39.143+00:00,2026-09-14T02:30:32.839+00:00,2026-09-14T02:30:39.181+00:00,False,92,91.0,,91.0,293696.20526200003,300038.43041400006,300038.43041400006,3261.287287108696,0.02352,293696.20526200003,30612.686487009585,88.9276845,69.6947818901099,20.205383750795075,0.3032944808917846,27,64,,False,False,Request timeout: 300.0s exceeded,461,21.16838264042747
326,2026-09-14T02:25:43.428+00:00,2026-09-14T02:30:36.536+00:00,2026-09-14T02:30:43.459+00:00,False,106,105.0,,105.0,293107.621898,300030.862602,300030.86248400004,2830.479834754717,0.03479,293107.621898,28462.73185397515,89.24950625,65.93562575238096,20.28291255867207,0.3499639973347864,27,64,,False,False,Request timeout: 300.0s exceeded,349,21.16838264042747
327,2026-09-14T02:25:48.106+00:00,2026-09-14T02:30:41.865+00:00,2026-09-14T02:30:48.156+00:00,False,94,93.0,,93.0,293759.534592,300050.183168,300050.183133,3192.023224819149,0.01765,293759.534592,30292.012606240376,88.6633643,67.6413825376344,20.339721722245375,0.30994815273260046,27,64,,False,False,Request timeout: 300.0s exceeded,473,21.16838264042747
328,2026-09-14T02:25:51.118+00:00,2026-09-14T02:30:44.603+00:00,2026-09-14T02:30:51.702+00:00,False,105,104.0,,104.0,293485.46271399996,300583.78591399995,300583.78601,2862.7027239047616,0.02942,293485.46271399996,28634.59469763722,88.0258022,68.2531076923077,20.2219851923129,0.34599337979512784,27,64,,False,False,Request timeout: 300.0s exceeded,314,21.16838264042747
329,2026-09-14T02:25:54.007+00:00,2026-09-14T02:30:48.026+00:00,2026-09-14T02:30:54.024+00:00,False,91,90.0,,90.0,294018.724122,300017.370138,300017.370169,3296.8941776813185,0.047979999999999995,294018.724122,30814.55724411739,89.660301,66.6516224,21.200129826353354,0.2999826308676808,27,64,,False,False,Request timeout: 300.0s exceeded,409,21.16838264042747
330,2026-09-14T02:25:58.279+00:00,2026-09-14T02:30:52.931+00:00,2026-09-14T02:30:58.324+00:00,False,77,76.0,,76.0,294652.57421,300044.94029,300044.940307,3896.6875364545454,0.03606,294652.57421,33570.69701792212,88.264622,70.95218526315789,19.44529421134003,0.25329538943914315,27,64,,False,False,Request timeout: 300.0s exceeded,359,21.16838264042747
331,2026-09-14T02:26:02.372+00:00,2026-09-14T02:30:55.862+00:00,2026-09-14T02:31:02.404+00:00,False,97,96.0,,96.0,293490.46662699996,300031.74227499997,300031.742369,3093.1107460721646,0.0355,293490.46662699996,29792.53057264713,89.7879906,68.138288,20.51308752481298,0.3199661451554327,27,64,,False,False,Request timeout: 300.0s exceeded,459,21.16838264042747
332,2026-09-14T02:26:06.302+00:00,2026-09-14T02:30:59.479+00:00,2026-09-14T02:31:06.324+00:00,False,101,100.0,,100.0,293176.55980299995,300021.36825099995,300021.36827299994,2970.508596762376,0.046249000000000005,293176.55980299995,29165.354051227274,88.10334399999999,68.44808448,20.104549482948457,0.3333095925232209,27,64,,False,False,Request timeout: 300.0s exceeded,440,21.16838264042747
333,2026-09-14T02:26:09.382+00:00,2026-09-14T02:31:03.092+00:00,2026-09-14T02:31:09.466+00:00,False,94,93.0,,93.0,293709.50991100003,300083.90607100003,300083.90603500005,3192.381979095745,0.0293,293709.50991100003,30286.75987031416,88.41987595,68.54189419354839,20.029486730420423,0.309913321302863,27,64,,False,False,Request timeout: 300.0s exceeded,350,21.16838264042747
334,2026-09-14T02:26:12.813+00:00,2026-09-14T02:31:06.453+00:00,2026-09-14T02:31:12.851+00:00,False,95,94.0,,94.0,293639.781403,300038.161691,300038.161576,3158.296437642105,0.045630000000000004,293639.781403,30119.829248306487,87.48796769999998,68.06787540425532,20.588472811364465,0.31329348063666546,27,64,,False,False,Request timeout: 300.0s exceeded,439,21.16838264042747
335,2026-09-14T02:26:16.360+00:00,2026-09-14T02:31:10.145+00:00,2026-09-14T02:31:16.405+00:00,False,95,94.0,,94.0,293785.48529900005,300045.5226750001,300045.522485,3158.3739208947372,0.01847,293785.48529900005,30134.929047809033,89.25146139999998,66.59614229787235,20.442947074321303,0.3132857946419612,27,64,,False,False,Request timeout: 300.0s exceeded,404,21.16838264042747
336,2026-09-14T02:26:21.297+00:00,2026-09-14T02:31:14.952+00:00,2026-09-14T02:31:21.707+00:00,False,94,93.0,,93.0,293654.445141,300409.87067699997,300409.870471,3195.849685861702,0.03075,293654.445141,30280.722740523313,86.64190079999999,72.63898425806453,66.16128338263863,0.3095770448235151,27,64,,False,False,Request timeout: 300.0s exceeded,350,21.16838264042747
337,2026-09-14T02:26:24.757+00:00,2026-09-14T02:31:18.470+00:00,2026-09-14T02:31:24.849+00:00,False,100,99.0,,99.0,293712.586923,300091.725995,300091.726066,3000.91726066,0.0,293712.586923,29364.892196026674,90.30356894999998,64.4357482020202,67.62392028035703,0.3298991322461503,27,64,,False,False,Request timeout: 300.0s exceeded,475,21.16838264042747
338,2026-09-14T02:26:28.501+00:00,2026-09-14T02:31:22.889+00:00,2026-09-14T02:31:28.561+00:00,False,80,79.0,,79.0,294388.031991,300059.708919,300059.708879,3750.7463609875,0.033409999999999995,294388.031991,32905.561706518885,90.82302095000001,71.79337883544304,19.806534386933944,0.26328093260040375,27,64,,False,False,Request timeout: 300.0s exceeded,156,21.16838264042747
339,2026-09-14T02:26:33.036+00:00,2026-09-14T02:31:26.878+00:00,2026-09-14T02:31:33.105+00:00,False,92,91.0,,91.0,293842.049709,300069.072557,300069.072674,3261.620355152174,0.03581,293842.049709,30628.023197632683,88.1231006,68.42882250549451,19.25411409568554,0.3032635093798745,27,64,,False,False,Request timeout: 300.0s exceeded,232,21.16838264042747
340,2026-09-14T02:26:36.861+00:00,2026-09-14T02:31:30.186+00:00,2026-09-14T02:31:36.884+00:00,False,97,96.0,,96.0,293324.406126,300022.63947,300022.63943599997,3093.0169014020616,0.023239999999999997,293324.406126,29775.503033727153,88.2694916,69.773264,19.540858371998056,0.31997585305424686,27,64,,False,False,Request timeout: 300.0s exceeded,272,21.16838264042747
341,2026-09-14T02:26:41.045+00:00,2026-09-14T02:31:34.281+00:00,2026-09-14T02:31:41.118+00:00,False,103,102.0,,102.0,293236.59872500005,300073.232069,300073.232153,2913.3323510000005,0.04463,293236.59872500005,28886.863265670916,89.5233641,67.02581709803921,20.065193729053725,0.3399170239101691,27,64,,False,False,Request timeout: 300.0s exceeded,531,21.16838264042747
342,2026-09-14T02:26:45.782+00:00,2026-09-14T02:31:39.254+00:00,2026-09-14T02:31:45.869+00:00,False,104,103.0,,103.0,293472.66557099996,300086.822627,300086.822671,2885.4502179903843,0.03507,293472.66557099996,28771.072878926007,87.827324,64.21511704854369,20.480977380217848,0.3432339984086082,27,64,,False,False,Request timeout: 300.0s exceeded,412,21.16838264042747
343,2026-09-14T02:26:50.088+00:00,2026-09-14T02:31:43.701+00:00,2026-09-14T02:31:50.117+00:00,False,99,98.0,,98.0,293613.037679,300029.869935,300029.869805,3030.6047455050507,0.0562,293613.037679,29502.647157510684,89.591639,65.4778801632653,20.917859836569097,0.3266341448644137,27,64,,False,False,Request timeout: 300.0s exceeded,458,21.16838264042747
344,2026-09-14T02:26:53.274+00:00,2026-09-14T02:31:47.755+00:00,2026-09-14T02:31:53.312+00:00,False,84,83.0,,83.0,294481.264093,300038.285277,300038.285302,3571.884348833333,0.08447,294481.264093,32123.241409176408,89.6996943,66.95206245783132,20.394245951138984,0.2766313636387207,27,64,,False,False,Request timeout: 300.0s exceeded,421,21.16838264042747
345,2026-09-14T02:26:56.645+00:00,2026-09-14T02:31:50.587+00:00,2026-09-14T02:31:56.693+00:00,False,95,94.0,,94.0,293941.409126,300047.332454,300047.332506,3158.3929737473686,0.02366,293941.409126,30151.094936284197,90.05773440000002,64.95663114893617,20.790324585839496,0.3132839050132567,27,64,,False,False,Request timeout: 300.0s exceeded,454,21.16838264042747
346,2026-09-14T02:27:00.395+00:00,2026-09-14T02:31:54.165+00:00,2026-09-14T02:32:00.461+00:00,False,94,93.0,,93.0,293769.103443,300065.454675,300065.454761,3192.1856889468086,0.022169,293769.103443,30292.993300008948,89.22611214999999,67.70270141935484,20.440443070850815,0.30993237825636416,27,64,,False,False,Request timeout: 300.0s exceeded,323,21.16838264042747
347,2026-09-14T02:27:05.279+00:00,2026-09-14T02:31:58.859+00:00,2026-09-14T02:32:05.663+00:00,False,65,64.0,,64.0,293579.75167900004,300383.134719,300383.13466700003,4621.278994876923,0.02673,293579.75167900004,36402.389601660354,91.165386,106.30286,331.7690167017213,0.213061229485704,27,64,,False,False,Request timeout: 300.0s exceeded,283,21.16838264042747
348,2026-09-14T02:27:08.110+00:00,2026-09-14T02:32:01.824+00:00,2026-09-14T02:32:08.161+00:00,False,107,106.0,,106.0,293713.938949,300050.45248499996,300050.452552,2804.209836934579,0.015449999999999998,293713.938949,28389.743458466808,89.639234,59.77842958490566,253.85179703407272,0.3532739215092473,27,64,,False,False,Request timeout: 300.0s exceeded,662,21.16838264042747
349,2026-09-14T02:27:11.109+00:00,2026-09-14T02:32:06.865+00:00,2026-09-14T02:32:11.122+00:00,False,65,64.0,,64.0,295756.719769,300013.017241,300013.017194,4615.584879907693,0.021920000000000002,295756.719769,36675.862717853255,85.98055819999999,66.504648,19.99371717970986,0.21332407703026066,27,64,,False,False,Request timeout: 300.0s exceeded,274,21.16838264042747
350,2026-09-14T02:27:14.227+00:00,2026-09-14T02:32:08.285+00:00,2026-09-14T02:32:14.315+00:00,False,91,90.0,,90.0,294058.010339,300087.784419,300087.78439,3297.66796032967,0.0229,294058.010339,30818.63826059981,87.16442599999999,66.99748977777777,19.611091789897742,0.29991224126049987,27,64,,False,False,Request timeout: 300.0s exceeded,348,21.16838264042747
351,2026-09-14T02:27:18.478+00:00,2026-09-14T02:32:12.101+00:00,2026-09-14T02:32:18.529+00:00,False,100,99.0,,99.0,293622.96181199996,300051.29486799997,300051.29487199994,3000.5129487199997,0.0,293622.96181199996,29355.873003217963,88.48884745000001,64.93265713131314,64.47448951866701,0.3299435852911502,27,64,,False,False,Request timeout: 300.0s exceeded,312,21.16838264042747
352,2026-09-14T02:27:21.488+00:00,2026-09-14T02:32:15.212+00:00,2026-09-14T02:32:21.521+00:00,False,96,95.0,,95.0,293723.508293,300032.294725,300032.294515,3125.3364011979165,0.0,293723.508293,29971.322427209285,89.278361,66.40827823157895,65.19491190750799,0.3166325814595191,27,64,,False,False,Request timeout: 300.0s exceeded,387,21.16838264042747
353,2026-09-14T02:27:24.372+00:00,2026-09-14T02:32:18.153+00:00,2026-09-14T02:32:24.421+00:00,False,89,88.0,,88.0,293780.489006,300048.390446,300048.390404,3371.3302292584267,0.0355,293780.489006,31133.125768245307,92.008003,71.22615272727273,19.71596293123418,0.29328602586134334,27,64,,False,False,Request timeout: 300.0s exceeded,441,21.16838264042747
354,2026-09-14T02:27:28.026+00:00,2026-09-14T02:32:21.724+00:00,2026-09-14T02:32:28.085+00:00,False,89,88.0,,88.0,293698.120793,300059.155545,300059.15565499995,3371.4511871348313,0.034390000000000004,293698.120793,31124.28280292293,90.3524274,72.2844858181818,20.078808441898254,0.29327550375913325,27,64,,False,False,Request timeout: 300.0s exceeded,379,21.16838264042747
355,2026-09-14T02:27:31.299+00:00,2026-09-14T02:32:24.971+00:00,2026-09-14T02:32:31.318+00:00,False,89,88.0,,88.0,293671.456643,300018.953859,300018.95370300004,3370.999479808989,0.078709,293671.456643,31121.47244038764,89.71367040000001,72.13065018181818,19.64174009587415,0.29331480184201086,27,64,,False,False,Request timeout: 300.0s exceeded,437,21.16838264042747
356,2026-09-14T02:27:34.056+00:00,2026-09-14T02:32:28.000+00:00,2026-09-14T02:32:34.067+00:00,False,89,88.0,,88.0,293943.556041,300011.035593,300011.035734,3370.9105138651685,0.022879999999999998,293943.556041,31150.652901912184,90.67410240000001,68.94863127272727,20.727888775782887,0.29332254337264535,27,64,,False,False,Request timeout: 300.0s exceeded,386,21.16838264042747
357,2026-09-14T02:27:37.975+00:00,2026-09-14T02:32:31.715+00:00,2026-09-14T02:32:38.009+00:00,False,91,90.0,,90.0,293740.12303500006,300033.54818700004,300033.5481850001,3297.0719580769237,0.03232,293740.12303500006,30785.007369882987,89.69012049999998,69.92694613333335,19.35078310181852,0.2999664555641833,27,64,,False,False,Request timeout: 300.0s exceeded,322,21.16838264042747
358,2026-09-14T02:27:42.526+00:00,2026-09-14T02:32:36.478+00:00,2026-09-14T02:32:42.605+00:00,False,92,91.0,,91.0,293951.776666,300078.69993,300078.699868,3261.7249985652174,0.01656,293951.776666,30639.57825768625,88.1209526,67.32882707692308,20.125112324716355,0.303253779829184,27,64,,False,False,Request timeout: 300.0s exceeded,482,21.16838264042747
359,2026-09-14T02:27:45.527+00:00,2026-09-14T02:32:39.208+00:00,2026-09-14T02:32:45.580+00:00,False,98,97.0,,97.0,293681.724352,300053.32883199997,300053.328978,3061.768663040816,0.037939999999999995,293681.724352,29659.705958360628,90.3270615,65.68664412371135,20.76987137643695,0.32327586691867816,27,64,,False,False,Request timeout: 300.0s exceeded,471,21.16838264042747
360,2026-09-14T02:27:49.637+00:00,2026-09-14T02:32:43.596+00:00,2026-09-14T02:32:49.700+00:00,False,88,87.0,,87.0,293958.870876,300063.26869999996,300063.268765,3409.809872329545,0.03244,293958.870876,31328.64762104277,89.23189385000002,70.16549222988506,20.08261297029211,0.2899388531522719,27,64,,False,False,Request timeout: 300.0s exceeded,419,21.16838264042747
361,2026-09-14T02:27:54.385+00:00,2026-09-14T02:32:47.889+00:00,2026-09-14T02:32:54.424+00:00,False,95,94.0,,94.0,293503.932144,300039.376624,300039.376674,3158.3092281473687,0.01924,293503.932144,30105.741128069425,90.10790639999999,69.52600510638298,19.553787628101137,0.3132922120345486,27,64,,False,False,Request timeout: 300.0s exceeded,396,21.16838264042747
362,2026-09-14T02:27:57.787+00:00,2026-09-14T02:32:51.072+00:00,2026-09-14T02:32:57.870+00:00,False,100,99.0,,99.0,293285.25150199997,300082.490542,300082.49071999994,3000.8249072,0.01833,293285.25150199997,29321.66533457086,85.44973075,68.6589802020202,18.982687373651803,0.32990928534746955,27,64,,False,False,Request timeout: 300.0s exceeded,444,21.16838264042747
363,2026-09-14T02:28:01.746+00:00,2026-09-14T02:32:55.390+00:00,2026-09-14T02:33:01.816+00:00,False,96,95.0,,95.0,293644.487931,300070.193403,300070.193333,3125.7311805520835,0.0216,293644.487931,29963.06806011476,88.39465125000001,67.63900496842106,19.667096993176298,0.31659259096225256,27,64,,False,False,Request timeout: 300.0s exceeded,491,21.16838264042747
364,2026-09-14T02:28:06.224+00:00,2026-09-14T02:32:59.667+00:00,2026-09-14T02:33:06.264+00:00,False,98,97.0,,97.0,293443.252474,300040.047354,300040.047354,3061.633136265306,0.01582,293443.252474,29635.38206211006,89.86539565000001,68.00819463917526,20.635593094491426,0.32329017694613044,27,64,,False,False,Request timeout: 300.0s exceeded,465,21.16838264042747
365,2026-09-14T02:28:10.186+00:00,2026-09-14T02:33:04.106+00:00,2026-09-14T02:33:10.203+00:00,False,92,91.0,,91.0,293920.547935,300017.18819099996,300017.188071,3261.056392076087,0.02443,293920.547935,30636.357571582266,89.26321005,66.99604676923077,20.7893572956443,0.30331595515809806,27,64,,False,False,Request timeout: 300.0s exceeded,426,21.16838264042747
366,2026-09-14T02:28:15.020+00:00,2026-09-14T02:33:09.106+00:00,2026-09-14T02:33:15.062+00:00,False,103,102.0,,102.0,294086.190514,300042.56325,300042.563256,2913.034594718447,0.0,294086.190514,28971.49453676307,88.860417,58.3958111372549,66.2764380369727,0.33995176849296566,27,64,,False,False,Request timeout: 300.0s exceeded,492,21.16838264042747
367,2026-09-14T02:28:18.561+00:00,2026-09-14T02:33:12.342+00:00,2026-09-14T02:33:18.609+00:00,False,103,102.0,,102.0,293781.136641,300048.391681,300048.391567,2913.091180262136,0.01778,293781.136641,28941.069412501965,91.33872630000002,61.4436768627451,21.769550226641577,0.3399451649400691,27,64,,False,False,Request timeout: 300.0s exceeded,533,21.16838264042747
368,2026-09-14T02:28:22.693+00:00,2026-09-14T02:33:16.033+00:00,2026-09-14T02:33:22.780+00:00,False,100,99.0,,99.0,293339.684967,300087.236967,300087.23708999995,3000.8723708999996,0.03021,293339.684967,29327.15996247076,89.44005140000002,68.15709090909091,20.618874826111863,0.32990406723257887,27,64,,False,False,Request timeout: 300.0s exceeded,414,21.16838264042747
369,2026-09-14T02:28:26.377+00:00,2026-09-14T02:33:20.188+00:00,2026-09-14T02:33:26.413+00:00,False,90,89.0,,89.0,293811.026786,300035.697762,300035.697712,3333.7299745777777,0.0347,293811.026786,30963.03556408917,90.41427045,69.94012332584269,19.9525248035723,0.2966313697465368,27,64,,False,False,Request timeout: 300.0s exceeded,356,21.16838264042747
370,2026-09-14T02:28:30.969+00:00,2026-09-14T02:33:24.809+00:00,2026-09-14T02:33:31.042+00:00,False,96,95.0,,95.0,293840.143329,300072.817889,300072.81793699996,3125.758520177083,0.045939999999999995,293840.143329,29983.244553383756,87.23331625,65.60710063157894,19.854014573443965,0.3165898219916123,27,64,,False,False,Request timeout: 300.0s exceeded,407,21.16838264042747
371,2026-09-14T02:28:34.067+00:00,2026-09-14T02:33:27.544+00:00,2026-09-14T02:33:34.136+00:00,False,103,102.0,,102.0,293476.69260799995,300069.4526719999,300069.45260699996,2913.29565637864,0.02572,293476.69260799995,28910.756080758823,87.9777621,64.63490258823529,20.186459874529437,0.33992130519028274,27,64,,False,False,Request timeout: 300.0s exceeded,478,21.16838264042747
372,2026-09-14T02:28:37.545+00:00,2026-09-14T02:33:30.919+00:00,2026-09-14T02:33:37.828+00:00,False,106,105.0,,105.0,293374.16686799994,300283.3275719999,300283.3275879999,2832.8615810188676,0.023829,293374.16686799994,28488.633298849436,85.760349,65.80153051428572,19.251117361827777,0.34966976305011077,27,64,,False,False,Request timeout: 300.0s exceeded,552,21.16838264042747
373,2026-09-14T02:28:41.243+00:00,2026-09-14T02:33:35.029+00:00,2026-09-14T02:33:41.262+00:00,False,98,97.0,,97.0,293785.755063,300019.450039,300019.450028,3061.422959469388,0.01777,293785.755063,29670.358308505212,86.96633655,64.26489665979382,20.83566642208178,0.3233123718725263,27,64,,False,False,Request timeout: 300.0s exceeded,357,21.16838264042747
374,2026-09-14T02:28:45.000+00:00,2026-09-14T02:33:38.984+00:00,2026-09-14T02:33:45.045+00:00,False,91,90.0,,90.0,293983.814947,300044.648227,300044.648068,3297.193934813187,0.02034,293983.814947,30810.825137971922,89.8736605,67.342592,20.907009087192677,0.29995535841689175,27,64,,False,False,Request timeout: 300.0s exceeded,236,21.16838264042747
375,2026-09-14T02:28:48.462+00:00,2026-09-14T02:33:42.448+00:00,2026-09-14T02:33:48.505+00:00,False,92,91.0,,91.0,293985.628087,300042.192567,300042.19265599997,3261.3281810434783,0.04516,293985.628087,30643.18818957342,87.43511799999999,66.55565362637363,20.231546498043986,0.3032906779591658,27,64,,False,False,Request timeout: 300.0s exceeded,167,21.16838264042747
376,2026-09-14T02:28:52.442+00:00,2026-09-14T02:33:46.444+00:00,2026-09-14T02:33:52.489+00:00,False,95,94.0,,94.0,294002.33080500003,300046.49157300004,300046.49169000005,3158.384123052632,0.03829,294002.33080500003,30157.41211615579,87.6095327,64.29958263829788,19.79489321217899,0.3132847829921391,27,64,,False,False,Request timeout: 300.0s exceeded,434,21.16838264042747
377,2026-09-14T02:28:55.489+00:00,2026-09-14T02:33:49.297+00:00,2026-09-14T02:33:55.526+00:00,False,97,96.0,,96.0,293808.17971600004,300036.46310800005,300036.46303300007,3093.159412711341,0.023289999999999998,293808.17971600004,29825.120059633526,87.51311700000001,64.877952,19.88766816924041,0.31996111074487693,27,64,,False,False,Request timeout: 300.0s exceeded,440,21.16838264042747
378,2026-09-14T02:28:59.145+00:00,2026-09-14T02:33:52.692+00:00,2026-09-14T02:33:59.200+00:00,False,97,96.0,,96.0,293546.438782,300054.66892599995,300054.66885899997,3093.347101639175,0.02265,293546.438782,29798.24804891394,88.6478502,67.794064,19.636334150109338,0.3199416971034558,27,64,,False,False,Request timeout: 300.0s exceeded,441,21.16838264042747
379,2026-09-14T02:29:02.821+00:00,2026-09-14T02:33:56.180+00:00,2026-09-14T02:34:02.875+00:00,False,100,99.0,,99.0,293358.56104,300053.68424,300053.684333,3000.53684333,0.01824,293358.56104,29329.099844278247,88.422049,67.62750707070707,19.612248672313612,0.32994095790143396,27,64,,False,False,Request timeout: 300.0s exceeded,447,21.16838264042747
380,2026-09-14T02:29:06.795+00:00,2026-09-14T02:34:00.443+00:00,2026-09-14T02:34:06.833+00:00,False,100,99.0,,99.0,293648.15344300005,300038.283363,300038.28352900007,3000.3828352900005,0.0,293648.15344300005,29358.435280442627,87.1118555,64.54676686868687,66.52624232284003,0.3299578936739392,27,64,,False,False,Request timeout: 300.0s exceeded,168,21.16838264042747
381,2026-09-14T02:29:09.826+00:00,2026-09-14T02:34:03.548+00:00,2026-09-14T02:34:09.886+00:00,False,97,96.0,,96.0,293722.676588,300060.689516,300060.689654,3093.4091716907215,0.0,293722.676588,29816.39151505745,90.5275168,66.020968,67.49594498079207,0.31993527760950186,27,64,,False,False,Request timeout: 300.0s exceeded,414,21.16838264042747
382,2026-09-14T02:29:13.225+00:00,2026-09-14T02:34:07.010+00:00,2026-09-14T02:34:13.283+00:00,False,85,84.0,,84.0,293785.14393,300057.48185000004,300057.481813,3530.088021329412,0.02268,293785.14393,31857.37927740721,90.3147956,74.67068952380953,18.941942352727246,0.2799463605509825,27,64,,False,False,Request timeout: 300.0s exceeded,302,21.16838264042747
383,2026-09-14T02:29:17.007+00:00,2026-09-14T02:34:10.854+00:00,2026-09-14T02:34:17.086+00:00,False,90,89.0,,89.0,293846.554144,300079.23407999997,300079.234032,3334.2137114666666,0.02413,293846.554144,30966.77114906621,90.01675234999999,70.03011164044943,20.200563169220402,0.2965883336541473,27,64,,False,False,Request timeout: 300.0s exceeded,318,21.16838264042747
384,2026-09-14T02:29:20.622+00:00,2026-09-14T02:34:14.444+00:00,2026-09-14T02:34:20.648+00:00,False,91,90.0,,90.0,293821.577439,300025.801439,300025.801327,3296.986827769231,0.02264,293821.577439,30793.650535054243,90.403175,68.93582222222223,20.181100031887997,0.29997420077985665,27,64,,False,False,Request timeout: 300.0s exceeded,391,21.16838264042747
385,2026-09-14T02:29:25.160+00:00,2026-09-14T02:34:18.788+00:00,2026-09-14T02:34:25.241+00:00,False,95,94.0,,94.0,293627.934371,300081.298083,300081.298104,3158.7505063578947,0.0522,293627.934371,30118.553396729036,88.8626167,68.65280544680851,20.050108977794395,0.3132484450063942,27,64,,False,False,Request timeout: 300.0s exceeded,415,21.16838264042747
386,2026-09-14T02:29:29.844+00:00,2026-09-14T02:34:23.466+00:00,2026-09-14T02:34:29.928+00:00,False,94,93.0,,93.0,293622.320727,300083.93941500003,300083.939182,3192.3823317234046,0.02441,293622.320727,30277.670390344312,88.53349935,69.47977083870968,20.22734236014218,0.3099132868666656,27,64,,False,False,Request timeout: 300.0s exceeded,467,21.16838264042747
387,2026-09-14T02:29:34.650+00:00,2026-09-14T02:34:28.486+00:00,2026-09-14T02:34:34.697+00:00,False,95,94.0,,94.0,293835.808431,300046.324911,300046.325037,3158.3823688105263,0.06388,293835.808431,30140.145858711418,87.6253294,66.06932425531915,20.017757661825794,0.31328495700749664,27,64,,False,False,Request timeout: 300.0s exceeded,426,21.16838264042747
388,2026-09-14T02:29:39.179+00:00,2026-09-14T02:34:33.059+00:00,2026-09-14T02:34:39.225+00:00,False,92,91.0,,91.0,293880.090702,300045.838158,300045.838172,3261.3678062173913,0.02932,293880.090702,30632.059815940454,88.47162049999999,67.75546654945055,19.838935693844938,0.3032869929429937,27,64,,False,False,Request timeout: 300.0s exceeded,320,21.16838264042747
389,2026-09-14T02:29:43.759+00:00,2026-09-14T02:34:37.608+00:00,2026-09-14T02:34:43.785+00:00,False,89,88.0,,88.0,293849.100982,300025.39999,300025.40007000003,3371.0719108988765,0.03841,293849.100982,31140.508477010007,87.117684,70.185216,18.927613662724,0.2933084998901196,27,64,,False,False,Request timeout: 300.0s exceeded,394,21.16838264042747
390,2026-09-14T02:29:47.327+00:00,2026-09-14T02:34:40.681+00:00,2026-09-14T02:34:47.343+00:00,False,101,100.0,,100.0,293353.666341,300016.355365,300016.355602,2970.4589663564357,0.0245,293353.666341,29183.157744026328,87.891955,66.62689024000001,19.693332051773837,0.3333151616962347,27,64,,False,False,Request timeout: 300.0s exceeded,411,21.16838264042747
391,2026-09-14T02:29:50.764+00:00,2026-09-14T02:34:44.735+00:00,2026-09-14T02:34:50.784+00:00,False,94,93.0,,93.0,293970.668052,300019.718932,300019.719098,3191.6991393404255,0.03805,293970.668052,30314.057030020096,87.12694245,65.04355784946237,19.928983867122234,0.3099796251095036,27,64,,False,False,Request timeout: 300.0s exceeded,431,21.16838264042747
392,2026-09-14T02:29:54.911+00:00,2026-09-14T02:34:48.970+00:00,2026-09-14T02:34:54.917+00:00,False,88,87.0,,87.0,294058.88674,300005.635924,300005.636052,3409.1549551363637,0.020120000000000002,294058.88674,31339.502285164715,88.37418035,68.35343889655172,19.722534914329735,0.2899945520424809,27,64,,True,False,Request timeout: 300.0s exceeded,308,21.16838264042747
393,2026-09-14T02:29:57.952+00:00,2026-09-14T02:34:51.463+00:00,2026-09-14T02:34:57.987+00:00,False,96,95.0,,95.0,293511.397268,300034.821524,300034.821734,3125.3627263958333,0.020989999999999998,293511.397268,29949.37936928093,88.6969405,68.66762374736842,19.35438381744799,0.3166299148793996,27,64,,True,False,Request timeout: 300.0s exceeded,456,21.16838264042747
394,2026-09-14T02:30:00.711+00:00,2026-09-14T02:34:54.232+00:00,2026-09-14T02:35:00.786+00:00,False,100,99.0,,99.0,293521.1468,300074.3564,300074.35634399997,3000.74356344,0.03864,293521.1468,29345.50217591546,88.56518200000001,66.19403636363637,20.225489521332186,0.32991822822751543,27,64,,True,False,Request timeout: 300.0s exceeded,509,21.16838264042747
395,2026-09-14T02:30:03.480+00:00,2026-09-14T02:34:56.974+00:00,2026-09-14T02:35:03.565+00:00,False,102,101.0,,101.0,293494.84373799997,300085.71477799997,300085.714551,2942.0168093235293,0.03464,293494.84373799997,29053.865288501947,89.10971255,65.25614891089108,19.932194909875637,0.33657050311348097,27,64,,True,False,Request timeout: 300.0s exceeded,135,21.16838264042747
396,2026-09-14T02:30:06.649+00:00,2026-09-14T02:34:59.964+00:00,2026-09-14T02:35:06.680+00:00,False,99,98.0,,98.0,293314.575572,300030.222548,300030.222593,3030.608309020202,0.02128,293314.575572,29472.343465434933,88.82689400000001,68.52700995918367,19.926457632121636,0.3266337609849341,27,64,,True,False,Request timeout: 300.0s exceeded,475,21.16838264042747
397,2026-09-14T02:30:10.649+00:00,2026-09-14T02:35:04.465+00:00,2026-09-14T02:35:10.730+00:00,False,93,92.0,,92.0,293815.36722899997,300081.10137299995,300081.101399,3226.6785096666663,0.022719999999999997,293815.36722899997,30460.178548606054,87.66193500000001,68.10580591304348,19.9977466105676,0.3065837854468691,27,64,,True,False,Request timeout: 300.0s exceeded,461,21.16838264042747
398,2026-09-14T02:30:14.381+00:00,2026-09-14T02:35:07.843+00:00,2026-09-14T02:35:14.423+00:00,False,101,100.0,,100.0,293461.96273900004,300042.652659,300042.652653,2970.71933319802,0.034570000000000004,293461.96273900004,29194.01565020039,89.19923200000001,65.8068992,20.31518395270251,0.3332859482270026,27,64,,True,False,Request timeout: 300.0s exceeded,388,21.16838264042747
399,2026-09-14T02:30:18.037+00:00,2026-09-14T02:35:11.631+00:00,2026-09-14T02:35:18.122+00:00,False,95,94.0,,94.0,293594.16904400004,300085.31502800004,300085.314957,3158.792789021053,0.038969000000000004,293594.16904400004,30115.04849071237,90.8773508,69.0547445106383,20.913074431079018,0.31324425185960586,27,64,,True,False,Request timeout: 300.0s exceeded,479,21.16838264042747
400,2026-09-14T02:30:21.708+00:00,2026-09-14T02:35:15.479+00:00,2026-09-14T02:35:21.742+00:00,False,90,89.0,,89.0,293770.526105,300034.322841,300034.322849,3333.7146983222224,0.04093,293770.526105,30958.71990132921,88.75267545000001,70.37973860674158,19.672140389024577,0.2966327290733487,27,64,,True,False,Request timeout: 300.0s exceeded,434,21.16838264042747
401,2026-09-14T02:30:24.518+00:00,2026-09-14T02:35:17.951+00:00,2026-09-14T02:35:24.537+00:00,False,96,95.0,,95.0,293432.686981,300019.088261,300019.088305,3125.1988365104166,0.02312,293432.686981,29941.2786169531,88.14336825000001,69.33053978947368,19.725184082242343,0.3166465192286541,27,64,,True,False,Request timeout: 300.0s exceeded,456,21.16838264042747
402,2026-09-14T02:30:27.503+00:00,2026-09-14T02:35:21.066+00:00,2026-09-14T02:35:28.201+00:00,False,101,100.0,,100.0,293563.25985900004,300697.44149100006,300697.44162700005,2977.202392346535,0.028820000000000002,293563.25985900004,29203.54461275895,88.27838300000002,71.34181631999999,20.70305358692994,0.33256019573745865,27,64,,True,False,Request timeout: 300.0s exceeded,338,21.16838264042747
403,2026-09-14T02:30:30.224+00:00,2026-09-14T02:35:23.980+00:00,2026-09-14T02:35:30.282+00:00,False,93,92.0,,92.0,293755.730505,300057.505609,300057.50558999996,3226.4247912903224,0.01982,293755.730505,30453.955547227815,89.3821256,68.49755547826088,22.408200084173952,0.3066078944210237,27,64,,True,False,Request timeout: 300.0s exceeded,419,21.16838264042747
404,2026-09-14T02:30:34.166+00:00,2026-09-14T02:35:27.603+00:00,2026-09-14T02:35:34.205+00:00,False,99,98.0,,98.0,293437.093063,300038.906823,300038.906894,3030.6960292323233,0.038020000000000005,293437.093063,29484.77360029089,86.747546,67.36544653061225,19.81404589602445,0.32662430695300626,27,64,,True,False,Request timeout: 300.0s exceeded,503,21.16838264042747
405,2026-09-14T02:30:37.882+00:00,2026-09-14T02:35:31.488+00:00,2026-09-14T02:35:37.924+00:00,False,95,94.0,,94.0,293605.45444199996,300041.94135399995,300041.94138199993,3158.3362250736836,0.02197,293605.45444199996,30116.265314675875,87.7335137,68.47326502127659,19.880978865830674,0.31328953404249416,27,64,,True,False,Request timeout: 300.0s exceeded,354,21.16838264042747
406,2026-09-14T02:30:42.764+00:00,2026-09-14T02:35:36.472+00:00,2026-09-14T02:35:42.833+00:00,False,95,94.0,,94.0,293707.415942,300068.812934,300068.81312,3158.619085473684,0.020149999999999998,293707.415942,30126.808578465214,88.775629,67.6744360851064,20.303712282171205,0.31326147852851094,27,64,,True,False,Request timeout: 300.0s exceeded,294,21.16838264042747
407,2026-09-14T02:30:47.617+00:00,2026-09-14T02:35:41.526+00:00,2026-09-14T02:35:47.624+00:00,False,90,89.0,,89.0,293909.415001,300007.623769,300007.623784,3333.4180420444445,0.04578,293909.415001,30973.55675189207,90.4598625,68.51919964044943,20.545149127241316,0.2966591277977931,27,64,,True,False,Request timeout: 300.0s exceeded,469,21.16838264042747
408,2026-09-14T02:30:50.656+00:00,2026-09-14T02:35:44.568+00:00,2026-09-14T02:35:50.697+00:00,False,91,90.0,,90.0,293912.279188,300041.389716,300041.389607,3297.158127549451,0.03601,293912.279188,30803.246412880995,89.1415425,68.10122808888889,20.584278276195196,0.2999586159935742,27,64,,True,False,Request timeout: 300.0s exceeded,135,21.16838264042747
409,2026-09-14T02:30:53.423+00:00,2026-09-14T02:35:46.612+00:00,2026-09-14T02:35:53.472+00:00,False,101,100.0,,100.0,293188.98918699997,300049.58438699995,300049.584253,2970.78796290099,0.02525,293188.98918699997,29166.57502535487,89.17696099999999,68.605952,19.97623197982839,0.33327824867446354,27,64,,True,False,Request timeout: 300.0s exceeded,454,21.16838264042747
410,2026-09-14T02:30:57.324+00:00,2026-09-14T02:35:51.023+00:00,2026-09-14T02:35:57.368+00:00,False,93,92.0,,92.0,293698.881596,300043.58303599997,300043.5831,3226.2750870967743,0.02196,293698.881596,30448.009918564967,86.666809,68.96414608695652,19.00422582742435,0.30662212159012114,27,64,,True,False,Request timeout: 300.0s exceeded,304,21.16838264042747
411,2026-09-14T02:31:01.076+00:00,2026-09-14T02:35:54.829+00:00,2026-09-14T02:36:01.112+00:00,False,92,91.0,,91.0,293753.273236,300036.69493199995,300036.69490999996,3261.2684229347824,0.28019900000000003,293753.273236,30618.703966568286,90.60009204999999,69.04859006593406,20.75423352506858,0.3032962352175762,27,64,,True,False,Request timeout: 300.0s exceeded,376,21.16838264042747
412,2026-09-14T02:31:04.244+00:00,2026-09-14T02:35:57.877+00:00,2026-09-14T02:36:04.273+00:00,False,96,95.0,,95.0,293632.476705,300029.110817,300029.110911,3125.30323865625,0.02334,293632.476705,29961.874294550922,89.17188725,67.33299065263158,20.996363114359138,0.3166359415634984,27,64,,True,False,Request timeout: 300.0s exceeded,407,21.16838264042747
413,2026-09-14T02:31:07.604+00:00,2026-09-14T02:36:01.419+00:00,2026-09-14T02:36:07.650+00:00,False,90,89.0,,89.0,293815.192714,300046.495114,300046.495098,3333.8499455333335,0.02184,293815.192714,30963.46708659848,89.71527695,70.01463370786516,20.340131774386858,0.2966206952898591,27,64,,True,False,Request timeout: 300.0s exceeded,413,21.16838264042747
414,2026-09-14T02:31:10.966+00:00,2026-09-14T02:36:04.913+00:00,2026-09-14T02:36:11.024+00:00,False,88,87.0,,87.0,293947.493579,300058.675659,300058.675796,3409.7576795,0.037399999999999996,293947.493579,31327.42629669589,89.38330185,70.24347218390804,19.783918841514648,0.2899432912877035,27,64,,True,False,Request timeout: 300.0s exceeded,461,21.16838264042747
415,2026-09-14T02:31:15.743+00:00,2026-09-14T02:36:09.689+00:00,2026-09-14T02:36:15.766+00:00,False,89,88.0,,88.0,293945.07714,300022.9869,300022.98688700004,3371.044796483146,0.022019999999999998,293945.07714,31150.800646716787,87.857093,69.06715636363636,19.265842053938236,0.293310858975386,27,64,,True,False,Request timeout: 300.0s exceeded,361,21.16838264042747
416,2026-09-14T02:31:18.729+00:00,2026-09-14T02:36:12.629+00:00,2026-09-14T02:36:18.762+00:00,False,88,87.0,,87.0,293899.52530000004,300032.76050000003,300032.76061000006,3409.4631887500004,0.026920000000000003,293899.52530000004,31322.285385390212,87.83408355,70.49695632183908,19.04101571176569,0.28996833497454017,27,64,,True,False,Request timeout: 300.0s exceeded,374,21.16838264042747
417,2026-09-14T02:31:21.797+00:00,2026-09-14T02:36:15.642+00:00,2026-09-14T02:36:21.838+00:00,False,91,90.0,,90.0,293844.960418,300040.689314,300040.689345,3297.1504323626373,0.024989,293844.960418,30796.11114886853,87.63071499999998,68.84143217777778,19.42230431316793,0.2999593162039858,27,64,,True,False,Request timeout: 300.0s exceeded,522,21.16838264042747
418,2026-09-14T02:31:25.017+00:00,2026-09-14T02:36:18.714+00:00,2026-09-14T02:36:25.107+00:00,False,97,96.0,,96.0,293697.675453,300090.457277,300090.457244,3093.7160540618556,0.02521,293697.675453,29813.726069603177,87.8619448,66.59147733333333,19.88405608823487,0.3199035413224977,27,64,,True,False,Request timeout: 300.0s exceeded,158,21.16838264042747
419,2026-09-14T02:31:28.617+00:00,2026-09-14T02:36:22.928+00:00,2026-09-14T02:36:28.699+00:00,False,83,82.0,,82.0,294310.869863,300082.016615,300082.016687,3615.445984180723,0.02457,294310.869863,32297.095496565944,88.5309732,70.37983843902438,19.558847787272597,0.27325862750784086,27,64,,True,False,Request timeout: 300.0s exceeded,346,21.16838264042747
420,2026-09-14T02:31:32.381+00:00,2026-09-14T02:36:26.110+00:00,2026-09-14T02:36:32.460+00:00,False,88,87.0,,87.0,293729.434444,300079.16142,300079.161288,3409.9904691818183,0.0344,293729.434444,31303.888122854736,87.90016635,72.98536754022989,18.612931046619064,0.28992349748082685,27,64,,True,False,Request timeout: 300.0s exceeded,213,21.16838264042747
421,2026-09-14T02:31:36.219+00:00,2026-09-14T02:36:30.077+00:00,2026-09-14T02:36:36.275+00:00,False,89,88.0,,88.0,293858.37961799995,300056.40201799996,300056.40193299996,3371.4202464382015,0.02984,293858.37961799995,31141.466522535247,88.9960962,70.43207272727274,20.02544314853373,0.29327819505987746,27,64,,True,False,Request timeout: 300.0s exceeded,157,21.16838264042747
422,2026-09-14T02:31:39.955+00:00,2026-09-14T02:36:33.693+00:00,2026-09-14T02:36:39.969+00:00,False,93,92.0,,92.0,293738.355226,300014.935322,300014.935154,3225.967044666667,0.01858,293738.355226,30452.181355792127,88.64510899999999,68.22369669565217,21.197511789475744,0.3066514002086538,27,64,,True,False,Request timeout: 300.0s exceeded,238,21.16838264042747
423,2026-09-14T02:31:43.972+00:00,2026-09-14T02:36:37.626+00:00,2026-09-14T02:36:44.055+00:00,False,96,95.0,,95.0,293654.14334899996,300082.79691699997,300082.79685499996,3125.862467239583,0.023100000000000002,293654.14334899996,29964.050890960523,89.44200624999999,67.67003755789473,20.491102987486947,0.31657929403489293,27,64,,True,False,Request timeout: 300.0s exceeded,396,21.16838264042747
424,2026-09-14T02:31:47.595+00:00,2026-09-14T02:36:41.348+00:00,2026-09-14T02:36:47.603+00:00,False,91,90.0,,90.0,293753.013633,300008.320641,300008.320604,3296.794731912088,0.033909,293753.013633,30786.40427751434,90.433829,69.5034112,21.204638355614545,0.29999167958977047,27,64,,True,False,Request timeout: 300.0s exceeded,522,21.16838264042747
425,2026-09-14T02:31:50.543+00:00,2026-09-14T02:36:44.400+00:00,2026-09-14T02:36:50.579+00:00,False,92,91.0,,91.0,293856.90958700003,300035.23867500003,300035.23885200004,3261.252596217392,0.039200000000000006,293856.90958700003,30629.6293810073,90.07657165,67.89372624175824,21.017844651051593,0.3032977073022138,27,64,,True,False,Request timeout: 300.0s exceeded,380,21.16838264042747
426,2026-09-14T02:31:55.044+00:00,2026-09-14T02:36:48.890+00:00,2026-09-14T02:36:55.091+00:00,False,90,89.0,,89.0,293845.380146,300046.910258,300046.910172,3333.854557466667,0.02359,293845.380146,30966.68399252767,88.8998435,69.68011361797753,19.730939383340036,0.2966202848863598,27,64,,True,False,Request timeout: 300.0s exceeded,219,21.16838264042747
427,2026-09-14T02:31:58.011+00:00,2026-09-14T02:36:51.861+00:00,2026-09-14T02:36:58.037+00:00,False,87,86.0,,86.0,293850.430509,300025.619757,300025.61983100005,3448.570342885058,0.020829999999999998,293850.430509,31496.380617345574,90.01508030000001,71.80452613953489,19.357084274242297,0.286642187656021,27,64,,True,False,Request timeout: 300.0s exceeded,412,21.16838264042747
428,2026-09-14T02:32:01.326+00:00,2026-09-14T02:36:55.089+00:00,2026-09-14T02:37:01.400+00:00,False,90,89.0,,89.0,293763.344567,300074.680247,300074.680431,3334.1631159,0.040100000000000004,293763.344567,30957.90704686288,90.84240150000001,70.91388404494383,20.375813129376777,0.29659283457951724,27,64,,True,False,Request timeout: 300.0s exceeded,360,21.16838264042747
429,2026-09-14T02:32:05.547+00:00,2026-09-14T02:36:56.629+00:00,2026-09-14T02:37:05.680+00:00,False,136,135.0,,135.0,291082.19990899996,300132.74685299996,300132.74694299995,2206.8584334044112,0.023600000000000003,291082.19990899996,24954.35228904588,90.20483725,67.04108847407407,20.41980038409668,0.44980096779016504,27,64,,True,False,Request timeout: 300.0s exceeded,581,21.16838264042747
430,2026-09-14T02:32:08.880+00:00,2026-09-14T02:37:02.443+00:00,2026-09-14T02:37:08.923+00:00,False,107,106.0,,106.0,293563.115447,300042.992311,300042.992515,2804.140116962617,0.0,293563.115447,28373.921451698687,90.96228950000001,61.13091381132075,27.960227275421744,0.35328270520022365,27,64,,True,False,Request timeout: 300.0s exceeded,515,21.16838264042747
431,2026-09-14T02:32:11.902+00:00,2026-09-14T02:37:06.935+00:00,2026-09-14T02:37:11.926+00:00,False,75,74.0,,74.0,295033.83280800004,300024.294248,300024.294147,4000.3239219600005,0.0,295033.83280800004,34059.79967968068,89.02024269999998,67.4386681081081,31.388370393514073,0.24664669301357178,27,64,,True,False,Request timeout: 300.0s exceeded,355,21.16838264042747
432,2026-09-14T02:32:15.506+00:00,2026-09-14T02:37:09.307+00:00,2026-09-14T02:37:15.515+00:00,False,93,92.0,,92.0,293800.764022,300009.380214,300009.38035,3225.907315591398,0.03594,293800.764022,30458.72870903276,89.31373760000002,67.48495860869565,20.095152776341017,0.30665707830326966,27,64,,True,False,Request timeout: 300.0s exceeded,207,21.16838264042747
433,2026-09-14T02:32:18.456+00:00,2026-09-14T02:37:12.356+00:00,2026-09-14T02:37:18.501+00:00,False,97,96.0,,96.0,293899.89212599996,300045.16854199994,300045.16849799996,3093.2491597731955,0.0223,293899.89212599996,29834.52030712011,87.99234460000001,64.013296,20.591796961451127,0.31995182747480916,27,64,,True,False,Request timeout: 300.0s exceeded,528,21.16838264042747
434,2026-09-14T02:32:22.451+00:00,2026-09-14T02:37:16.347+00:00,2026-09-14T02:37:22.480+00:00,False,94,93.0,,93.0,293896.033527,300028.600567,300028.600478,3191.793622106383,0.02234,293896.033527,30306.266768857073,87.929419,65.94158107526881,20.42154650498807,0.30997044889802755,27,64,,True,False,Request timeout: 300.0s exceeded,353,21.16838264042747
435,2026-09-14T02:32:26.010+00:00,2026-09-14T02:37:19.403+00:00,2026-09-14T02:37:26.051+00:00,False,100,99.0,,99.0,293392.66869300004,300040.402453,300040.40223600005,3000.4040223600005,0.020210000000000002,293392.66869300004,29332.55865512359,87.58169200000002,67.14882585858587,19.87917994704797,0.32995556328620745,27,64,,True,False,Request timeout: 300.0s exceeded,482,21.16838264042747
436,2026-09-14T02:32:29.986+00:00,2026-09-14T02:37:23.695+00:00,2026-09-14T02:37:30.064+00:00,False,93,92.0,,92.0,293709.221999,300078.680687,300078.68062,3226.652479784946,0.035840000000000004,293709.221999,30449.054662989438,89.124616,69.23324660869565,19.64001292622127,0.3065862586084931,27,64,,True,False,Request timeout: 300.0s exceeded,412,21.16838264042747
437,2026-09-14T02:32:34.053+00:00,2026-09-14T02:37:27.849+00:00,2026-09-14T02:37:34.098+00:00,False,90,89.0,,89.0,293795.723978,300044.72033,300044.720174,3333.8302241555557,0.02208,293795.723978,30961.39305367879,87.33903249999999,70.21344215730338,18.91660607133511,0.29662244982052877,27,64,,True,False,Request timeout: 300.0s exceeded,388,21.16838264042747
438,2026-09-14T02:32:37.229+00:00,2026-09-14T02:37:30.882+00:00,2026-09-14T02:37:37.241+00:00,False,94,93.0,,93.0,293653.13945899997,300012.52301099995,300012.522984,3191.62258493617,0.03475,293653.13945899997,30280.96175171845,86.830726,68.38046830107527,19.088175890924308,0.3099870600954553,27,64,,True,False,Request timeout: 300.0s exceeded,359,21.16838264042747
439,2026-09-14T02:32:41.036+00:00,2026-09-14T02:37:34.677+00:00,2026-09-14T02:37:41.054+00:00,False,96,95.0,,95.0,293641.355876,300017.90269200003,300017.902813,3125.186487635417,0.02657,293641.355876,29962.801492313654,87.5167225,67.12154543157895,20.098672912654955,0.316647770508307,27,64,,True,False,Request timeout: 300.0s exceeded,415,21.16838264042747
440,2026-09-14T02:32:45.571+00:00,2026-09-14T02:37:39.620+00:00,2026-09-14T02:37:45.615+00:00,False,85,84.0,,84.0,294049.261069,300044.172813,300044.172725,3529.931443823529,0.04136,294049.261069,31886.384920301738,87.67611720000001,71.36799695238095,18.761589416611063,0.2799587781108227,27,64,,True,False,Request timeout: 300.0s exceeded,393,21.16838264042747
441,2026-09-14T02:32:48.468+00:00,2026-09-14T02:37:42.285+00:00,2026-09-14T02:37:48.536+00:00,False,91,90.0,,90.0,293817.231027,300068.141491,300068.141553,3297.452104978022,0.0503,293817.231027,30793.139599988554,86.58448700000001,69.45456071111111,18.69342782910949,0.2999318739830279,27,64,,True,False,Request timeout: 300.0s exceeded,507,21.16838264042747
442,2026-09-14T02:32:51.549+00:00,2026-09-14T02:37:45.401+00:00,2026-09-14T02:37:51.573+00:00,False,92,91.0,,91.0,293851.321653,300023.28197300003,300023.281956,3261.122629956522,0.03319,293851.321653,30629.05291562931,87.87704455,67.82373978021978,19.200686669353686,0.30330979449851275,27,64,,True,False,Request timeout: 300.0s exceeded,373,21.16838264042747
443,2026-09-14T02:32:56.275+00:00,2026-09-14T02:37:49.790+00:00,2026-09-14T02:37:56.347+00:00,False,93,92.0,,92.0,293514.84098000004,300071.480724,300071.48085100006,3226.575062913979,0.02175,293514.84098000004,30428.687365149384,89.33849180000001,71.26782330434783,19.712970247899836,0.3065936148881134,27,64,,True,False,Request timeout: 300.0s exceeded,123,21.16838264042747
444,2026-09-14T02:33:00.984+00:00,2026-09-14T02:37:54.810+00:00,2026-09-14T02:38:01.028+00:00,False,87,86.0,,86.0,293825.528582,300043.880454,300043.880358,3448.780234,0.02256,293825.528582,31493.65714320861,89.6201973,72.30641711627906,19.521500472564433,0.2866247425872254,27,64,,True,False,Request timeout: 300.0s exceeded,446,21.16838264042747
445,2026-09-14T02:33:03.782+00:00,2026-09-14T02:37:57.462+00:00,2026-09-14T02:38:03.846+00:00,False,91,90.0,,90.0,293679.538968,300063.43144799996,300063.43142399995,3297.400345318681,0.03824,293679.538968,30778.55130931218,89.56091100000002,70.93213866666667,19.74378941755571,0.29993658196099354,27,64,,True,False,Request timeout: 300.0s exceeded,432,21.16838264042747
446,2026-09-14T02:33:07.434+00:00,2026-09-14T02:38:01.030+00:00,2026-09-14T02:38:07.469+00:00,False,95,94.0,,94.0,293595.19940399996,300034.82026799995,300034.82031099993,3158.2612664315784,0.02212,293595.19940399996,30115.21016349639,90.108936,68.5066049361702,20.504907758591468,0.31329696971850274,27,64,,True,False,Request timeout: 300.0s exceeded,355,21.16838264042747
447,2026-09-14T02:33:12.359+00:00,2026-09-14T02:38:05.958+00:00,2026-09-14T02:38:12.760+00:00,False,57,56.0,,56.0,293599.178572,300400.490828,300400.490817,5270.184049421053,0.04054,293599.178572,38874.03806839713,91.819012,121.45200457142856,394.2538521699726,0.18641780459694343,27,64,,True,False,Request timeout: 300.0s exceeded,270,21.16838264042747
448,2026-09-14T02:33:16.774+00:00,2026-09-14T02:38:12.747+00:00,2026-09-14T02:38:16.848+00:00,False,82,81.0,,81.0,295972.64403100003,300073.464511,300073.46441600006,3659.4324928780493,0.01507,295972.64403100003,32679.13891095697,88.73018565000001,50.62741333333334,35.474319970772505,0.26993389812723917,27,64,,True,False,Request timeout: 300.0s exceeded,357,21.16838264042747
449,2026-09-14T02:33:20.051+00:00,2026-09-14T02:38:14.068+00:00,2026-09-14T02:38:20.123+00:00,False,93,92.0,,92.0,294017.762705,300072.650897,300072.651006,3226.5876452258067,0.02228,294017.762705,30481.403119487986,86.3661242,65.81400208695652,19.201100359670328,0.30659241928575165,27,64,,True,False,Request timeout: 300.0s exceeded,373,21.16838264042747
450,2026-09-14T02:33:23.511+00:00,2026-09-14T02:38:17.338+00:00,2026-09-14T02:38:23.527+00:00,False,92,91.0,,91.0,293826.27770700003,300015.82036300004,300015.820374,3261.041525804348,0.023289999999999998,293826.27770700003,30626.422111641925,89.26915994999999,68.01695226373626,19.758957772254284,0.3033173380320271,27,64,,True,False,Request timeout: 300.0s exceeded,471,21.16838264042747
451,2026-09-14T02:33:27.281+00:00,2026-09-14T02:38:21.104+00:00,2026-09-14T02:38:27.334+00:00,False,95,94.0,,94.0,293823.16537199996,300052.61996399995,300052.61982499994,3158.4486297368417,0.02468,293823.16537199996,30138.827964558186,87.97872670000001,66.27079353191489,19.904917278814896,0.31327838434231314,27,64,,True,False,Request timeout: 300.0s exceeded,396,21.16838264042747
452,2026-09-14T02:33:31.944+00:00,2026-09-14T02:38:25.404+00:00,2026-09-14T02:38:31.957+00:00,False,103,102.0,,102.0,293459.941536,300013.088672,300013.088615,2912.7484331553396,0.02283,293459.941536,28909.144130338005,89.46126110000002,64.2465405490196,20.636896623067138,0.33998516681888885,27,64,,True,False,Request timeout: 300.0s exceeded,499,21.16838264042747
453,2026-09-14T02:33:36.815+00:00,2026-09-14T02:38:30.242+00:00,2026-09-14T02:38:36.824+00:00,False,97,96.0,,96.0,293427.619792,300008.94484799996,300008.944831,3092.8757199072165,0.24169,293427.619792,29786.106562852914,89.53793099999999,68.55546933333333,19.729546361937448,0.3199904591132727,27,64,,True,False,Request timeout: 300.0s exceeded,331,21.16838264042747
454,2026-09-14T02:33:39.583+00:00,2026-09-14T02:38:33.944+00:00,2026-09-14T02:38:39.641+00:00,False,82,81.0,,81.0,294361.50079,300058.14821400004,300058.148316,3659.2457111707317,0.04129,294361.50079,32499.029467592765,88.47841005000001,70.32898054320988,20.288153178066096,0.2699476767490786,27,64,,True,False,Request timeout: 300.0s exceeded,427,21.16838264042747
455,2026-09-14T02:33:43.535+00:00,2026-09-14T02:38:37.512+00:00,2026-09-14T02:38:43.570+00:00,False,91,90.0,,90.0,293977.468088,300035.135672,300035.135472,3297.089400791209,0.02377,293977.468088,30810.16318685492,87.737685,67.3074176,20.444414843952682,0.2999648684425696,27,64,,True,False,Request timeout: 300.0s exceeded,507,21.16838264042747
456,2026-09-14T02:33:47.702+00:00,2026-09-14T02:38:41.366+00:00,2026-09-14T02:38:47.751+00:00,False,99,98.0,,98.0,293664.192348,300048.87484400003,300048.87465300004,3030.7967136666666,0.05042,293664.192348,29507.821126278475,87.5678759,65.1498213877551,20.574680782194118,0.3266134560609557,27,64,,True,False,Request timeout: 300.0s exceeded,372,21.16838264042747
457,2026-09-14T02:33:51.009+00:00,2026-09-14T02:38:44.742+00:00,2026-09-14T02:38:51.057+00:00,False,98,97.0,,97.0,293732.607633,300048.16961700004,300048.169663,3061.716016969388,0.02314,293732.607633,29664.903708577032,87.11285884999998,65.10888643298969,19.887350469020138,0.3232814255251641,27,64,,True,False,Request timeout: 300.0s exceeded,557,21.16838264042747
458,2026-09-14T02:33:54.312+00:00,2026-09-14T02:38:47.882+00:00,2026-09-14T02:38:54.329+00:00,False,97,96.0,,96.0,293569.070787,300016.588995,300016.588889,3092.9545246288662,0.04104,293569.070787,29800.610384628522,89.27311379999999,67.161648,19.92879211416521,0.3199823060504161,27,64,,True,False,Request timeout: 300.0s exceeded,453,21.16838264042747
459,2026-09-14T02:33:58.602+00:00,2026-09-14T02:38:52.020+00:00,2026-09-14T02:38:58.629+00:00,False,99,98.0,,98.0,293417.536114,300026.83326600003,300026.833234,3030.574073070707,0.026,293417.536114,29482.800376282852,89.971857,67.4418076734694,19.810086819011698,0.32663745083465395,27,64,,True,False,Request timeout: 300.0s exceeded,476,21.16838264042747
460,2026-09-14T02:34:01.682+00:00,2026-09-14T02:38:55.325+00:00,2026-09-14T02:39:01.760+00:00,False,96,95.0,,95.0,293643.491517,300078.555837,300078.555925,3125.818290885417,0.04095,293643.491517,29962.955944325273,86.29681025,67.73751915789472,19.0968183799898,0.3165837683236624,27,64,,True,False,Request timeout: 300.0s exceeded,481,21.16838264042747
461,2026-09-14T02:34:05.839+00:00,2026-09-14T02:38:59.430+00:00,2026-09-14T02:39:05.951+00:00,False,96,95.0,,95.0,293590.311557,300111.707269,300111.707413,3126.1636188854163,0.04117,293590.311557,29957.435984962332,87.6886125,68.64627065263159,19.790665074404824,0.31654879732781754,27,64,,True,False,Request timeout: 300.0s exceeded,447,21.16838264042747
462,2026-09-14T02:34:10.630+00:00,2026-09-14T02:39:04.378+00:00,2026-09-14T02:39:10.671+00:00,False,97,96.0,,96.0,293747.645493,300040.013109,300040.012912,3093.196009402062,0.02584,293747.645493,29818.90695787939,90.4025534,65.545496,21.341637805069542,0.31995732504225916,27,64,,True,False,Request timeout: 300.0s exceeded,397,21.16838264042747
463,2026-09-14T02:34:14.691+00:00,2026-09-14T02:39:08.332+00:00,2026-09-14T02:39:14.744+00:00,False,95,94.0,,94.0,293641.687145,300053.61520899995,300053.61520299996,3158.4591073999995,0.02109,293641.687145,30120.00968368546,88.75099939999998,68.21200068085106,20.136171390952327,0.31327734523220147,27,64,,True,False,Request timeout: 300.0s exceeded,413,21.16838264042747
464,2026-09-14T02:34:18.316+00:00,2026-09-14T02:39:11.950+00:00,2026-09-14T02:39:18.365+00:00,False,95,94.0,,94.0,293634.03488,300048.610752,300048.610903,3158.4064305578945,0.038340000000000006,293634.03488,30119.221453551214,87.456067,68.24016885106383,19.778738739127288,0.31328257032889273,27,64,,True,False,Request timeout: 300.0s exceeded,447,21.16838264042747
465,2026-09-14T02:34:23.334+00:00,2026-09-14T02:39:16.915+00:00,2026-09-14T02:39:23.402+00:00,False,95,94.0,,94.0,293580.902971,300067.717435,300067.71749,3158.607552526316,0.02169,293580.902971,30113.691329156136,86.78459140000001,69.0086645106383,19.684894411036684,0.31326262219581175,27,64,,True,False,Request timeout: 300.0s exceeded,355,21.16838264042747
466,2026-09-14T02:34:27.553+00:00,2026-09-14T02:39:21.421+00:00,2026-09-14T02:39:27.620+00:00,False,92,91.0,,91.0,293867.458174,300066.74572600005,300066.74570100004,3261.5950619673918,0.0219,293867.458174,30630.704256005392,88.1558776,68.12403903296703,19.679339514590385,0.3032658609997884,27,64,,True,False,Request timeout: 300.0s exceeded,460,21.16838264042747
467,2026-09-14T02:34:30.773+00:00,2026-09-14T02:39:24.594+00:00,2026-09-14T02:39:30.780+00:00,False,94,93.0,,93.0,293821.421921,300007.738465,300007.738295,3191.5716839893616,0.0218,293821.421921,30298.511188113876,87.481385,66.51953273118279,19.8559884756014,0.3099920037924279,27,64,,True,False,Request timeout: 300.0s exceeded,433,21.16838264042747
468,2026-09-14T02:34:34.892+00:00,2026-09-14T02:39:28.214+00:00,2026-09-14T02:39:34.904+00:00,False,106,105.0,,105.0,293321.416984,300011.43708,300011.43714500003,2830.296576839623,0.02842,293321.416984,28483.712714846366,86.93019675,63.714477104761905,19.582972641239724,0.3499866572486737,27,64,,True,False,Request timeout: 300.0s exceeded,264,21.16838264042747
469,2026-09-14T02:34:38.932+00:00,2026-09-14T02:39:32.151+00:00,2026-09-14T02:39:38.938+00:00,False,143,142.0,,142.0,293219.488277,300006.00347700005,300006.00357500004,2097.944080944056,0.019039999999999998,293219.488277,24516.26820797159,88.29861199999999,47.79236056338028,30.936049326446334,0.4733238613702823,27,64,,True,False,Request timeout: 300.0s exceeded,585,21.16838264042747
0,2026-09-14T02:04:40.913+00:00,2026-09-14T02:04:41.143+00:00,2026-09-14T02:04:47.028+00:00,True,122,122.0,,122.0,229.851446,6115.006517999999,6115.006443,50.12300363114754,0.02989,229.851446,24.22680142791657,84.085229,48.637645223140495,17.900241446837562,19.95091904495661,28,64,,False,True,,581,21.16838264042747
1,2026-09-14T02:04:43.576+00:00,2026-09-14T02:04:43.706+00:00,2026-09-14T02:04:55.111+00:00,True,187,187.0,,187.0,130.277786,11535.668378,11535.668291,61.68806572727273,0.02352,130.277786,21.643038694808656,95.784902,61.31930425806451,21.10418264201804,16.210590827717706,28,64,,False,True,,745,21.16838264042747
2,2026-09-14T02:04:47.591+00:00,2026-09-14T02:04:49.694+00:00,2026-09-14T02:04:56.882+00:00,True,112,112.0,,112.0,2103.2933590000002,9291.255727,9291.2558,82.95764107142857,42.366801,2103.2933590000002,193.89617176627814,96.90170845,64.75641772972973,22.278503535843335,12.054344782969723,28,64,,False,True,,612,21.16838264042747
3,2026-09-14T02:04:51.755+00:00,2026-09-14T02:04:57.755+00:00,2026-09-14T02:05:10.351+00:00,True,194,194.0,,194.0,6000.460025,18596.008185,18596.008051,95.85571160309279,37.719739999999994,6000.460025,426.66401772886985,94.50145349999998,65.26190756476684,21.547558663657327,10.432346451454308,28,64,,False,True,,866,21.16838264042747
4,2026-09-14T02:04:56.188+00:00,2026-09-14T02:05:04.797+00:00,2026-09-14T02:05:19.936+00:00,True,229,229.0,,229.0,8608.997107000001,23747.753203,23747.753185,103.70197897379913,23.069651999999998,8608.997107000001,564.9549278018716,94.99333939999998,66.39805305263158,22.445418184953574,9.643017511697526,28,64,,False,True,,1042,21.16838264042747
5,2026-09-14T02:04:59.077+00:00,2026-09-14T02:05:10.708+00:00,2026-09-14T02:05:21.541+00:00,True,160,160.0,,160.0,11630.843198999999,22464.195903,22464.19589,140.4012243125,17.724623,11630.843198999999,914.3807279236727,94.0990424,68.13429373584906,22.220204128683076,7.122445009421978,28,64,,False,True,,739,21.16838264042747
6,2026-09-14T02:05:03.432+00:00,2026-09-14T02:05:17.720+00:00,2026-09-14T02:05:31.509+00:00,True,204,204.0,,204.0,14288.131331,28077.805314999998,28077.80526,137.63630029411766,40.099266,14288.131331,995.8517375150642,94.96332720000001,67.92942849261084,21.845786060303833,7.265525126033164,28,64,,False,True,,684,21.16838264042747
7,2026-09-14T02:05:06.173+00:00,2026-09-14T02:05:23.132+00:00,2026-09-14T02:05:31.643+00:00,True,126,126.0,,126.0,16958.570352000002,25469.560176000003,25469.560047000003,202.13936545238099,40.139705,16958.570352000002,1504.8801905790033,94.53273499999999,68.087918592,21.784360669882563,4.947081894202867,28,64,,False,True,,498,21.16838264042747
8,2026-09-14T02:05:10.527+00:00,2026-09-14T02:05:29.960+00:00,2026-09-14T02:05:47.815+00:00,True,272,272.0,,272.0,19433.121307,37288.016411000004,37288.016293,137.08829519485295,0.01864,19433.121307,1174.59711134419,95.48780794999999,65.88522178597786,25.963821245159494,7.294568769814201,28,64,,False,True,,1133,21.16838264042747
9,2026-09-14T02:05:14.393+00:00,2026-09-14T02:05:36.531+00:00,2026-09-14T02:05:55.102+00:00,True,285,285.0,,285.0,22138.403087000002,40709.082895,40709.082963,142.8388875894737,0.017070000000000002,22138.403087000002,1307.7460049944045,96.26936699999999,65.38971763380282,25.79531243152774,7.0008946341310105,28,64,,False,True,,1084,21.16838264042747
10,2026-09-14T02:05:17.483+00:00,2026-09-14T02:05:43.512+00:00,2026-09-14T02:06:03.049+00:00,True,293,293.0,,293.0,26028.737629,45566.269021,45566.269069,155.51627668600682,39.374256,26028.737629,1516.8636434638443,94.872992,66.90935408219178,21.89177848051203,6.430195104737804,28,64,,False,True,,1064,21.16838264042747
11,2026-09-14T02:05:20.196+00:00,2026-09-14T02:05:47.170+00:00,2026-09-14T02:05:54.789+00:00,True,117,117.0,,117.0,26974.443506,34593.221617999996,34593.221681,295.6685613760684,41.925671,26974.443506,2487.8077126827116,94.96916000000002,65.67912165517241,21.437064255391963,3.3821654800465604,28,64,,False,True,,545,21.16838264042747
12,2026-09-14T02:05:23.263+00:00,2026-09-14T02:05:52.651+00:00,2026-09-14T02:06:11.129+00:00,True,275,275.0,,275.0,29388.31219,47866.235774,47866.235853,174.05903946545456,39.741747000000004,29388.31219,1768.2529996753456,96.3882011,67.43767731386862,22.11070160109829,5.7451770659052865,28,64,,False,True,,533,21.16838264042747
13,2026-09-14T02:05:27.401+00:00,2026-09-14T02:06:00.956+00:00,2026-09-14T02:06:07.817+00:00,True,102,102.0,,102.0,33554.906020999995,40415.813285,40415.813234999994,396.2334630882352,39.905476,33554.906020999995,3315.7795015447373,94.62402844999998,67.92977489108911,22.379371715767522,2.5237646284816067,28,64,,False,True,,250,21.16838264042747
14,2026-09-14T02:05:31.383+00:00,2026-09-14T02:06:06.223+00:00,2026-09-14T02:06:21.585+00:00,True,230,230.0,,230.0,34839.926813,50202.054173,50202.054163,218.26980070869564,37.548231,34839.926813,2292.9542789724196,94.18183195,67.08352558951965,21.55693499198335,4.581485833376519,28,64,,False,True,,1084,21.16838264042747
15,2026-09-14T02:05:34.960+00:00,2026-09-14T02:06:12.881+00:00,2026-09-14T02:06:28.082+00:00,True,230,230.0,,230.0,37920.822382,53121.358958,53121.358792,230.96242953043478,5.7034080000000005,37920.822382,2496.152437917715,95.29836595,66.37788897816594,22.866890181848525,4.329708511068924,28,64,,False,True,,488,21.16838264042747
16,2026-09-14T02:05:37.883+00:00,2026-09-14T02:06:18.650+00:00,2026-09-14T02:06:34.458+00:00,True,239,239.0,,239.0,40767.331784,56575.196104,56575.196097,236.71630166108787,0.0157,40767.331784,2632.903169228113,94.97387979999999,66.41959798319328,30.85312399092756,4.22446613460527,28,64,,False,True,,896,21.16838264042747
17,2026-09-14T02:05:41.115+00:00,2026-09-14T02:06:23.687+00:00,2026-09-14T02:06:42.680+00:00,True,288,288.0,,288.0,42572.169121,61565.353889,61565.354039,213.76859041319443,0.016300000000000002,42572.169121,2504.8598606313194,94.931617,66.17834413937283,29.262277645869794,4.677955730088924,28,64,,False,True,,1126,21.16838264042747
18,2026-09-14T02:05:44.808+00:00,2026-09-14T02:06:30.521+00:00,2026-09-14T02:06:39.846+00:00,True,141,141.0,,141.0,45712.407696,55037.596048,55037.595946,390.3375599007092,0.01651,45712.407696,3844.23711578801,95.18198899999999,66.60848822857143,36.00031833805442,2.5618851498715447,28,64,,False,True,,659,21.16838264042747
19,2026-09-14T02:05:48.097+00:00,2026-09-14T02:06:36.691+00:00,2026-09-14T02:06:50.486+00:00,True,206,206.0,,206.0,48594.003074,62389.304449999996,62389.304516000004,302.8607015339806,9.819459,48594.003074,3381.0956342292548,95.649542,67.29415305365853,23.259673813543007,3.3018479980826267,28,64,,False,True,,797,21.16838264042747
20,2026-09-14T02:05:51.804+00:00,2026-09-14T02:06:42.768+00:00,2026-09-14T02:06:53.273+00:00,True,160,160.0,,160.0,50963.613191,61468.881159,61468.881245,384.18050778124996,8.765621,50963.613191,4023.8718966925194,95.33054245,66.07086772327044,23.44476207697477,2.602943098738564,28,64,,False,True,,560,21.16838264042747
21,2026-09-14T02:05:56.100+00:00,2026-09-14T02:06:49.947+00:00,2026-09-14T02:07:05.485+00:00,True,232,232.0,,232.0,53847.075669,69385.116245,69385.11614099999,299.0737764698276,38.272491,53847.075669,3530.8844460470273,95.03191955,67.26424491774891,21.773993099309155,3.3436565729861165,28,64,,False,True,,1058,21.16838264042747
22,2026-09-14T02:06:00.477+00:00,2026-09-14T02:06:58.194+00:00,2026-09-14T02:07:14.904+00:00,True,248,248.0,,248.0,57716.594285,74426.75799700001,74426.758133,300.10789569758066,0.0,57716.594285,3660.8008828620655,95.0138625,67.65248466396761,25.63855122243245,3.3321349293488827,28,64,,False,True,,1053,21.16838264042747
23,2026-09-14T02:06:03.102+00:00,2026-09-14T02:07:02.512+00:00,2026-09-14T02:07:09.656+00:00,True,110,110.0,,110.0,59409.802741,66553.363957,66553.364073,605.0305824818182,0.0,59409.802741,5658.326357213985,94.59656395000002,65.53725886238531,28.806573404127988,1.652809016101287,28,64,,False,True,,572,21.16838264042747
24,2026-09-14T02:06:06.849+00:00,2026-09-14T02:07:09.078+00:00,2026-09-14T02:07:27.161+00:00,True,270,270.0,,270.0,62228.695096,80312.037176,80312.03714500001,297.45198942592594,32.572511,62228.695096,3783.0944942305073,96.16306795,67.22432,22.70055653905239,3.3618870781263817,28,64,,False,True,,1139,21.16838264042747
25,2026-09-14T02:06:09.822+00:00,2026-09-14T02:07:14.254+00:00,2026-09-14T02:07:27.575+00:00,True,201,201.0,,201.0,64432.733653999996,77753.666774,77753.666764,386.8341630049751,34.224538,64432.733653999996,4540.088711537602,96.445746,66.6046656,21.78859626838363,2.585087087715486,28,64,,False,True,,960,21.16838264042747
26,2026-09-14T02:06:13.789+00:00,2026-09-14T02:07:21.436+00:00,2026-09-14T02:07:38.844+00:00,True,265,265.0,,265.0,67647.61791300001,85054.79077700002,85054.790869,320.96147497735853,0.01893,67647.61791300001,4151.679447483412,95.3061728,65.93626084848485,37.61360612149852,3.115638726274542,28,64,,False,True,,1239,21.16838264042747
27,2026-09-14T02:06:17.983+00:00,2026-09-14T02:07:29.498+00:00,2026-09-14T02:07:39.628+00:00,True,157,157.0,,157.0,71515.393182,81645.615774,81645.61571,520.0357688535032,6.207517,71515.393182,5702.4209081264935,93.96819940000002,64.93732430769231,24.835764565575804,1.9229446494051252,28,64,,False,True,,753,21.16838264042747
28,2026-09-14T02:06:20.488+00:00,2026-09-14T02:07:33.110+00:00,2026-09-14T02:07:40.152+00:00,True,108,108.0,,108.0,72622.206657,79663.505345,79663.505265,737.62504875,39.302877,72622.206657,6981.776899010656,93.811391,65.80652979439253,21.904868868426284,1.3557023323576172,28,64,,False,True,,437,21.16838264042747
29,2026-09-14T02:06:24.237+00:00,2026-09-14T02:07:39.808+00:00,2026-09-14T02:07:49.319+00:00,True,148,148.0,,148.0,75571.235,85082.889144,85082.889023,574.8843852905405,35.954983999999996,75571.235,6206.632985557912,93.2113595,64.70513023129251,20.753871860442196,1.7394801879554753,28,64,,False,True,,914,21.16838264042747
30,2026-09-14T02:06:27.048+00:00,2026-09-14T02:07:44.747+00:00,2026-09-14T02:07:57.760+00:00,True,201,201.0,,201.0,77698.61782,90712.297692,90712.297661,451.3049634875622,0.0,77698.61782,5475.902890337904,92.739304,65.06839936,24.496197706481748,2.215796591135475,28,64,,False,True,,446,21.16838264042747
31,2026-09-14T02:06:31.004+00:00,2026-09-14T02:07:51.465+00:00,2026-09-14T02:08:06.107+00:00,True,223,223.0,,223.0,80461.172176,95103.09806399999,95103.09807,426.47129179372195,0.0,80461.172176,5383.718911441496,95.223998,65.95462111711711,24.81778855088782,2.344823718044719,28,64,,False,True,,958,21.16838264042747
32,2026-09-14T02:06:34.508+00:00,2026-09-14T02:07:57.130+00:00,2026-09-14T02:08:09.708+00:00,True,192,192.0,,192.0,82622.634549,95200.453429,95200.453333,495.8356944427083,41.576522,82622.634549,5958.062976566509,96.4725181,65.85245486910995,22.007114325996955,2.0167971168665977,28,64,,False,True,,991,21.16838264042747
33,2026-09-14T02:06:37.968+00:00,2026-09-14T02:08:03.863+00:00,2026-09-14T02:08:15.491+00:00,True,181,181.0,,181.0,85894.62234,97523.047044,97523.04715500001,538.8013654972376,0.0,85894.62234,6379.75415688151,96.572906,64.60235946666667,27.51725515647589,1.8559715419713787,28,64,,False,True,,863,21.16838264042747
34,2026-09-14T02:06:41.609+00:00,2026-09-14T02:08:09.612+00:00,2026-09-14T02:08:27.006+00:00,True,264,264.0,,264.0,88002.458181,105396.324677,105396.324826,399.22850312878785,0.0,88002.458181,5412.3047384261135,94.91751000000001,66.1363745095057,46.41344947385756,2.5048311770743474,28,64,,False,True,,1306,21.16838264042747
35,2026-09-14T02:06:45.860+00:00,2026-09-14T02:08:17.815+00:00,2026-09-14T02:08:26.307+00:00,True,127,127.0,,127.0,91955.643918,100446.957582,100446.95754,790.920925511811,0.016239999999999997,91955.643918,8153.959844207069,94.8533123,67.39137828571428,56.75311937854688,1.2643488967430736,28,64,,False,True,,559,21.16838264042747
36,2026-09-14T02:06:50.028+00:00,2026-09-14T02:08:25.235+00:00,2026-09-14T02:08:43.027+00:00,True,266,266.0,,266.0,95206.761982,112998.906878,112998.90706,424.80792127819547,0.0,95206.761982,5833.434460044821,96.48143625,67.14016941886793,24.191475977317445,2.354005072696753,28,64,,False,True,,1189,21.16838264042747
37,2026-09-14T02:06:53.608+00:00,2026-09-14T02:08:31.435+00:00,2026-09-14T02:08:40.284+00:00,True,130,130.0,,130.0,97827.41481900001,106675.746083,106675.74611900002,820.5826624538463,0.0,97827.41481900001,8574.055399122924,94.72474399999999,68.59171522480621,26.10194175176639,1.218646269404597,28,64,,False,True,,614,21.16838264042747
38,2026-09-14T02:06:57.896+00:00,2026-09-14T02:08:38.702+00:00,2026-09-14T02:08:48.120+00:00,True,144,144.0,,144.0,100806.176528,110224.61108799999,110224.611085,765.4486880902778,37.83375,100806.176528,8395.056280382218,94.10061115,65.86317874125874,22.585159549643482,1.3064232985592914,28,64,,False,True,,878,21.16838264042747
39,2026-09-14T02:07:00.985+00:00,2026-09-14T02:08:45.239+00:00,2026-09-14T02:09:02.600+00:00,True,263,263.0,,263.0,104253.61034999999,121614.30385399998,121614.30396099998,462.4118021330798,0.0,104253.61034999999,6424.522713019793,94.3143401,66.26218894656488,26.780536661494814,2.1625745629045077,28,64,,False,True,,1202,21.16838264042747
40,2026-09-14T02:07:04.796+00:00,2026-09-14T02:08:52.039+00:00,2026-09-14T02:09:04.612+00:00,True,192,192.0,,192.0,107242.354709,119815.232789,119815.232805,624.037670859375,0.0,107242.354709,7734.852522936782,94.68244900000002,65.82658680628272,28.669062805271814,1.602467361876437,28,64,,False,True,,838,21.16838264042747
41,2026-09-14T02:07:09.040+00:00,2026-09-14T02:08:59.407+00:00,2026-09-14T02:09:06.080+00:00,True,104,104.0,,104.0,110366.528046,117039.704366,117039.70442200001,1125.3817732884615,30.933015,110366.528046,10815.998423591804,95.3511715,64.78811961165049,22.39358574119433,0.8885873436144116,28,64,,False,True,,432,21.16838264042747
42,2026-09-14T02:07:11.926+00:00,2026-09-14T02:09:04.617+00:00,2026-09-14T02:09:20.532+00:00,True,239,239.0,,239.0,112691.152304,128606.207664,128606.207651,538.1012872426778,0.01566,112691.152304,7285.25666685231,96.6766511,66.86998050420168,53.750406803462056,1.858386187892405,28,64,,False,True,,1125,21.16838264042747
43,2026-09-14T02:07:14.549+00:00,2026-09-14T02:09:09.487+00:00,2026-09-14T02:09:17.453+00:00,True,118,118.0,,118.0,114938.186294,122904.423478,122904.423539,1041.5629113474577,40.663954,114938.186294,10574.674368243357,97.90061285,68.0874972991453,22.925057433932636,0.9600956309039772,28,64,,False,True,,492,21.16838264042747
44,2026-09-14T02:07:18.861+00:00,2026-09-14T02:09:16.942+00:00,2026-09-14T02:09:28.265+00:00,True,170,170.0,,170.0,118080.805473,129403.624033,129403.624009,761.1977882882353,0.0,118080.805473,9051.442221096155,97.99118,66.99892639053255,59.81001016512319,1.3137190033924186,28,64,,False,True,,887,21.16838264042747
45,2026-09-14T02:07:21.333+00:00,2026-09-14T02:09:21.277+00:00,2026-09-14T02:09:31.704+00:00,True,156,156.0,,156.0,119944.025095,130371.42861500001,130371.428643,835.714286173077,0.0,119944.025095,9597.872014037182,95.34275374999999,67.27357109677419,31.25474773416197,1.196581196181287,28,64,,False,True,,693,21.16838264042747
46,2026-09-14T02:07:24.237+00:00,2026-09-14T02:09:26.890+00:00,2026-09-14T02:09:39.774+00:00,True,195,195.0,,195.0,122652.060282,135536.217978,135536.21802200002,695.0575283179487,39.677125999999994,122652.060282,8778.566614997344,95.3831423,66.413184,21.45863410205584,1.438729831104274,28,64,,False,True,,865,21.16838264042747
47,2026-09-14T02:07:27.402+00:00,2026-09-14T02:09:31.657+00:00,2026-09-14T02:09:48.362+00:00,True,256,256.0,,256.0,124254.976584,140959.685192,140959.685034,550.6237696640625,0.0,124254.976584,7761.893916547864,95.80467300000001,65.50866120784313,28.51460596039339,1.816122103644773,28,64,,False,True,,1210,21.16838264042747
48,2026-09-14T02:07:31.054+00:00,2026-09-14T02:09:37.898+00:00,2026-09-14T02:09:49.042+00:00,True,170,170.0,,170.0,126844.341431,137988.740279,137988.74027399998,811.6984722,0.0,126844.341431,9723.5121735465,96.53421345000001,65.94318844970414,32.167578020504436,1.2319845782799113,28,64,,False,True,,860,21.16838264042747
49,2026-09-14T02:07:34.823+00:00,2026-09-14T02:09:44.028+00:00,2026-09-14T02:10:00.587+00:00,True,251,251.0,,251.0,129204.56746199999,145764.077222,145764.077329,580.7333758127489,0.0,129204.56746199999,8151.190832897264,95.0172645,66.23803904,29.105867999858347,1.7219606146013928,28,64,,False,True,,1214,21.16838264042747
50,2026-09-14T02:07:37.621+00:00,2026-09-14T02:09:49.270+00:00,2026-09-14T02:10:05.172+00:00,True,240,240.0,,240.0,131649.296015,147550.751887,147550.751771,614.7947990458333,35.342665999999994,131649.296015,8493.65866728892,95.41959945,66.53328816736402,21.79868722890169,1.6265589766957012,28,64,,False,True,,1116,21.16838264042747
51,2026-09-14T02:07:42.031+00:00,2026-09-14T02:09:57.176+00:00,2026-09-14T02:10:05.082+00:00,True,121,121.0,,121.0,135144.94442500002,143051.01828100003,143051.01819800003,1182.239819818182,40.110565,135144.94442500002,12279.933652209696,96.35140599999998,65.8839488,21.728538022391096,0.8458520704991804,28,64,,False,True,,751,21.16838264042747
52,2026-09-14T02:07:45.900+00:00,2026-09-14T02:10:04.337+00:00,2026-09-14T02:10:13.892+00:00,True,144,144.0,,144.0,138437.169589,147992.357301,147992.35743899998,1027.7247044375,0.0,138437.169589,11530.907907127963,95.19923999999999,66.81949448951049,32.470943886012776,0.973023219753977,28,64,,False,True,,576,21.16838264042747
53,2026-09-14T02:07:49.843+00:00,2026-09-14T02:10:10.970+00:00,2026-09-14T02:10:26.255+00:00,True,234,234.0,,234.0,141126.86219299998,156411.73950499998,156411.73956199997,668.4262374444444,0.0,141126.86219299998,9221.683573283533,96.81305234999999,65.6003318111588,63.894851850439956,1.4960513880898292,28,64,,False,True,,955,21.16838264042747
54,2026-09-14T02:07:52.557+00:00,2026-09-14T02:10:16.232+00:00,2026-09-14T02:10:27.630+00:00,True,176,176.0,,176.0,143675.296258,155073.66348999998,155073.66352499998,881.1003609374999,0.01641,143675.296258,10825.258579637475,96.64437050000001,65.13352704,71.5738548044261,1.1349444905024086,28,64,,False,True,,646,21.16838264042747
55,2026-09-14T02:07:55.884+00:00,2026-09-14T02:10:22.368+00:00,2026-09-14T02:10:34.273+00:00,True,177,177.0,,177.0,146483.788343,158388.493879,158388.493761,894.850247237288,40.032095999999996,146483.788343,11005.333293866186,95.30465099999999,67.64037236363636,21.911086073564793,1.1175054176297565,28,64,,False,True,,634,21.16838264042747
56,2026-09-14T02:07:59.054+00:00,2026-09-14T02:10:27.995+00:00,2026-09-14T02:10:40.028+00:00,True,176,176.0,,176.0,148940.56209,160973.645994,160973.645987,914.6229885624999,0.0,148940.56209,11221.682295231902,95.447011,68.76047945142858,32.92533520716323,1.0933466712095228,28,64,,False,True,,713,21.16838264042747
57,2026-09-14T02:08:01.884+00:00,2026-09-14T02:10:32.805+00:00,2026-09-14T02:10:48.963+00:00,True,246,246.0,,246.0,150920.893963,167079.326219,167079.32629700002,679.1842532398374,0.0,150920.893963,9618.20960945891,96.43087625,65.95278471836734,31.031558356798378,1.472354513074552,28,64,,False,True,,1142,21.16838264042747
58,2026-09-14T02:08:04.568+00:00,2026-09-14T02:10:37.564+00:00,2026-09-14T02:10:49.477+00:00,True,182,182.0,,182.0,152996.57152700002,164909.036679,164909.03671800002,906.0936083406594,0.0,152996.57152700002,11336.031527558183,96.47342855000001,65.81472459668508,33.637199358966065,1.1036387311768003,28,64,,False,True,,828,21.16838264042747
59,2026-09-14T02:08:08.471+00:00,2026-09-14T02:10:45.607+00:00,2026-09-14T02:10:54.337+00:00,True,130,130.0,,130.0,157135.963957,165866.260789,165866.260729,1275.8943133,7.941794,157135.963957,13775.818951378431,94.83592495,67.67671962790698,22.884933583104885,0.7837639757573978,28,64,,False,True,,587,21.16838264042747
60,2026-09-14T02:08:11.208+00:00,2026-09-14T02:10:49.241+00:00,2026-09-14T02:10:59.414+00:00,True,155,155.0,,155.0,158032.697969,168206.445937,168206.446063,1085.2028778258064,9.044391,158032.697969,12688.204580705476,93.4135594,66.0632984935065,22.117454604962628,0.9214866834416896,28,64,,False,True,,753,21.16838264042747
61,2026-09-14T02:08:13.862+00:00,2026-09-14T02:10:53.591+00:00,2026-09-14T02:11:06.224+00:00,True,199,199.0,,199.0,159729.123597,172361.724685,172361.724648,866.139319839196,39.649165999999994,159729.123597,11318.393386220177,92.1914358,63.8010155959596,20.659245909969602,1.1545486700349676,28,64,,False,True,,940,21.16838264042747
62,2026-09-14T02:08:18.018+00:00,2026-09-14T02:11:01.095+00:00,2026-09-14T02:11:19.932+00:00,True,287,287.0,,287.0,163077.191933,181914.280701,181914.28083099998,633.8476684006969,0.0,163077.191933,9622.301510800737,95.7195753,65.86394674125874,30.147549412205727,1.5776661342587068,28,64,,False,True,,1607,21.16838264042747
63,2026-09-14T02:08:21.277+00:00,2026-09-14T02:11:06.987+00:00,2026-09-14T02:11:17.336+00:00,True,154,154.0,,154.0,165710.192065,176059.01689700002,176059.017024,1143.2403702857143,0.0,165710.192065,13347.9038736582,96.173856,67.63937798692811,35.385110336007905,0.8747066904849001,28,64,,False,True,,720,21.16838264042747
64,2026-09-14T02:08:25.658+00:00,2026-09-14T02:11:14.246+00:00,2026-09-14T02:11:27.805+00:00,True,197,197.0,,197.0,168588.311426,182147.152258,182147.15234,924.6048342131979,0.016120000000000002,168588.311426,12006.732435848822,98.27480299999999,69.17775934693877,76.31512768510278,1.0815431235562876,28,64,,False,True,,380,21.16838264042747
65,2026-09-14T02:08:29.081+00:00,2026-09-14T02:11:21.247+00:00,2026-09-14T02:11:35.409+00:00,True,213,213.0,,213.0,172165.708128,186327.840352,186327.840191,874.7785924460094,0.0171,172165.708128,11792.25879385908,95.4567224,66.80251049056604,74.79470604070244,1.143146400439207,28,64,,False,True,,904,21.16838264042747
66,2026-09-14T02:08:33.383+00:00,2026-09-14T02:11:28.982+00:00,2026-09-14T02:11:42.085+00:00,True,199,199.0,,199.0,175599.391566,188701.550926,188701.550873,948.2489993618091,0.0,175599.391566,12443.261763850422,95.06625179999999,66.17252202020202,32.32714140958504,1.0545753282019317,28,64,,False,True,,435,21.16838264042747
67,2026-09-14T02:08:36.983+00:00,2026-09-14T02:11:34.252+00:00,2026-09-14T02:11:53.236+00:00,True,286,286.0,,286.0,177269.32461,196253.25318600002,196253.25335,686.2001865384616,0.0,177269.32461,10478.260373713978,96.94184349999999,66.61027570526316,30.493457690945508,1.4573006834640445,28,64,,False,True,,1597,21.16838264042747
68,2026-09-14T02:08:41.152+00:00,2026-09-14T02:11:42.310+00:00,2026-09-14T02:11:51.471+00:00,True,136,136.0,,136.0,181158.059519,190318.336767,190318.336733,1399.3995348014705,41.139584,181158.059519,15528.374156252392,94.62129325,67.85390554074074,23.153302334477075,0.7145922054084572,28,64,,False,True,,559,21.16838264042747
69,2026-09-14T02:08:44.432+00:00,2026-09-14T02:11:47.397+00:00,2026-09-14T02:12:06.600+00:00,True,282,282.0,,282.0,182965.192903,202167.656903,202167.65691299998,716.9065847978723,39.607526,182965.192903,10891.374704526927,97.19486454999998,68.33617081850534,23.555224426805808,1.3948818733913682,28,64,,False,True,,1506,21.16838264042747
70,2026-09-14T02:08:47.228+00:00,2026-09-14T02:11:53.194+00:00,2026-09-14T02:12:02.311+00:00,True,137,137.0,,137.0,185965.5105,195082.682212,195082.682145,1423.961183540146,40.116746,185965.5105,15882.393903219947,95.75404979999999,67.03802729411764,22.308201554316724,0.7022663336724042,28,64,,False,True,,848,21.16838264042747
71,2026-09-14T02:08:50.313+00:00,2026-09-14T02:11:58.428+00:00,2026-09-14T02:12:05.100+00:00,True,100,100.0,,100.0,188115.11756,194787.68869600003,194787.688628,1947.8768862800002,38.794798,188115.11756,18804.786785920158,99.77392585,67.39970844444444,23.87311595818497,0.5133794680220645,28,64,,False,True,,419,21.16838264042747
72,2026-09-14T02:08:53.947+00:00,2026-09-14T02:12:04.961+00:00,2026-09-14T02:12:12.902+00:00,True,115,115.0,,115.0,191013.762116,198954.293828,198954.293771,1730.0373371391304,36.019044,191013.762116,17805.64500601416,99.141718,69.65378694736843,23.28659234109567,0.5780222069467865,28,64,,False,True,,431,21.16838264042747
73,2026-09-14T02:08:57.251+00:00,2026-09-14T02:12:10.881+00:00,2026-09-14T02:12:19.558+00:00,True,131,131.0,,131.0,193629.745937,202306.979089,202306.97915,1544.328085114504,0.0,193629.745937,16911.72405069484,96.6514265,66.74794732307693,39.76658306036038,0.6475307999254428,28,64,,False,True,,611,21.16838264042747
74,2026-09-14T02:09:00.045+00:00,2026-09-14T02:12:16.454+00:00,2026-09-14T02:12:36.084+00:00,True,294,294.0,,294.0,196408.553083,216038.77337100002,216038.773431,734.8257599693878,40.223434999999995,196408.553083,11450.892339200469,94.32151249999998,66.9973388668942,21.582963965406254,1.3608668268779622,28,64,,False,True,,1398,21.16838264042747
75,2026-09-14T02:09:02.791+00:00,2026-09-14T02:12:20.735+00:00,2026-09-14T02:12:39.755+00:00,True,291,291.0,,291.0,197943.924449,216963.405793,216963.406045,745.5787149312715,39.466807,197943.924449,11599.852749593867,94.313011,65.5844184275862,21.044939626870878,1.3412400074399489,28,64,,False,True,,1363,21.16838264042747
76,2026-09-14T02:09:07.138+00:00,2026-09-14T02:12:28.686+00:00,2026-09-14T02:12:40.251+00:00,True,179,179.0,,179.0,201548.34143200002,213113.06360800003,213113.06369900002,1190.5757748547487,34.090288,201548.34143200002,15059.589865549353,94.94370090000001,64.9703493033708,21.772369714261867,0.8399297394985248,28,64,,False,True,,844,21.16838264042747
77,2026-09-14T02:09:11.147+00:00,2026-09-14T02:12:35.903+00:00,2026-09-14T02:12:45.920+00:00,True,155,155.0,,155.0,204756.105899,214773.865387,214773.865406,1385.6378413290322,33.58339,204756.105899,16441.19558134282,95.7786384,65.05038628571428,21.79874819257167,0.7216892973486613,28,64,,False,True,,247,21.16838264042747
78,2026-09-14T02:09:13.751+00:00,2026-09-14T02:12:40.382+00:00,2026-09-14T02:12:56.183+00:00,True,244,244.0,,244.0,206631.32159900002,222432.396031,222432.395997,911.6081803155738,0.0,206631.32159900002,13224.294204577518,95.7020188,65.02499766255144,80.19251753380877,1.0969625124480256,28,64,,False,True,,1207,21.16838264042747
79,2026-09-14T02:09:16.470+00:00,2026-09-14T02:12:45.834+00:00,2026-09-14T02:12:55.016+00:00,True,142,142.0,,142.0,209363.446672,218545.495696,218545.495601,1539.0527859225351,0.0,209363.446672,17564.223589466612,93.78806755,65.12091506382978,102.72363238095268,0.6497502936300462,28,64,,False,True,,667,21.16838264042747
80,2026-09-14T02:09:20.100+00:00,2026-09-14T02:12:52.423+00:00,2026-09-14T02:13:06.609+00:00,True,224,224.0,,224.0,212323.522291,226508.983027,226508.982844,1011.2008162678571,0.01587,212323.522291,14182.234841626923,95.65184850000001,63.611931551569505,25.61527348297363,0.9889232515484786,28,64,,False,True,,1235,21.16838264042747
81,2026-09-14T02:09:22.877+00:00,2026-09-14T02:12:57.647+00:00,2026-09-14T02:13:11.826+00:00,True,212,212.0,,212.0,214769.896187,228949.308411,228949.308357,1079.949567721698,34.209457,214769.896187,14745.858441585759,96.11550145,67.20100580094785,22.309135045262092,0.9259691652766501,28,64,,False,True,,947,21.16838264042747
82,2026-09-14T02:09:26.341+00:00,2026-09-14T02:13:02.773+00:00,2026-09-14T02:13:16.872+00:00,True,216,216.0,,216.0,216432.460548,230530.866436,230530.866311,1067.2725292175926,36.628783000000006,216432.460548,14721.917416756962,94.80449,65.5739808744186,21.40670046842047,0.9369678053934956,28,64,,False,True,,961,21.16838264042747
83,2026-09-14T02:09:29.774+00:00,2026-09-14T02:13:08.605+00:00,2026-09-14T02:13:20.829+00:00,True,187,187.0,,187.0,218831.007318,231054.79304599998,231054.792843,1235.5871275026736,40.714623,218831.007318,15997.716865145157,93.9502443,65.71927810752689,21.682794732194548,0.809331836551734,28,64,,False,True,,628,21.16838264042747
84,2026-09-14T02:09:33.079+00:00,2026-09-14T02:13:15.236+00:00,2026-09-14T02:13:23.565+00:00,True,128,128.0,,128.0,222156.866037,230485.467637,230485.46751,1800.667714921875,39.868945,222156.866037,19630.29403726444,93.27852835000002,65.57954015748031,21.96924192691213,0.5553495468165129,28,64,,False,True,,525,21.16838264042747
85,2026-09-14T02:09:37.397+00:00,2026-09-14T02:13:22.003+00:00,2026-09-14T02:13:29.949+00:00,True,124,124.0,,124.0,224605.842839,232552.33602299998,232552.335894,1875.4220636612902,39.226827,224605.842839,20164.40909653163,93.2685923,64.60563564227643,20.890849501739304,0.533213306391969,28,64,,False,True,,513,21.16838264042747
86,2026-09-14T02:09:41.401+00:00,2026-09-14T02:13:29.721+00:00,2026-09-14T02:13:39.962+00:00,True,155,155.0,,155.0,228320.50708399998,238561.346252,238561.346233,1539.1054595677417,0.0,228320.50708399998,18333.85264352295,93.56774440000001,66.49895563636363,42.75133319115691,0.6497280571022119,28,64,,False,True,,642,21.16838264042747
87,2026-09-14T02:09:43.857+00:00,2026-09-14T02:13:33.315+00:00,2026-09-14T02:13:44.193+00:00,True,165,165.0,,165.0,229458.402924,240336.273004,240336.27293,1456.5834723030302,40.485514,229458.402924,17858.162358720034,95.45125100000001,66.32847609756097,22.093237521895873,0.6865380657594446,28,64,,False,True,,753,21.16838264042747
88,2026-09-14T02:09:47.055+00:00,2026-09-14T02:13:39.462+00:00,2026-09-14T02:13:51.952+00:00,True,184,184.0,,184.0,232407.050867,244897.40913900002,244897.409308,1330.9641810217393,38.618728000000004,232407.050867,17128.25800858651,95.74432300000001,68.25332389071039,22.431763499566472,0.7513350208436236,28,64,,False,True,,856,21.16838264042747
89,2026-09-14T02:09:50.103+00:00,2026-09-14T02:13:45.805+00:00,2026-09-14T02:14:04.319+00:00,True,279,279.0,,279.0,235702.096007,254216.257415,254216.25735399997,911.1693811971326,39.236866,235702.096007,14107.145592632829,95.90089699999999,66.59770290647482,22.14081913870227,1.0974907853534375,28,64,,False,True,,1301,21.16838264042747
90,2026-09-14T02:09:54.461+00:00,2026-09-14T02:13:53.091+00:00,2026-09-14T02:14:10.829+00:00,True,265,265.0,,265.0,238629.76512,256367.712256,256367.712345,967.4253296037735,31.320754,238629.76512,14654.800007237061,95.65958699999999,67.18919369696971,22.666157304972803,1.0336715090525133,28,64,,False,True,,1091,21.16838264042747
91,2026-09-14T02:09:57.397+00:00,2026-09-14T02:13:58.210+00:00,2026-09-14T02:14:17.286+00:00,True,285,285.0,,285.0,240812.61314899998,259888.807197,259888.807232,911.890551691228,0.0,240812.61314899998,14260.578377142296,96.16870899999999,67.16969735211268,37.46936437605357,1.0966228329485743,28,64,,False,True,,1059,21.16838264042747
92,2026-09-14T02:10:00.282+00:00,2026-09-14T02:14:03.995+00:00,2026-09-14T02:14:16.108+00:00,True,180,180.0,,180.0,243712.468762,255825.382682,255825.382671,1421.25212595,0.0,243712.468762,18160.264916817974,96.56032165,67.66991016759778,44.34100669723851,0.7036049281464238,28,64,,False,True,,652,21.16838264042747
93,2026-09-14T02:10:04.646+00:00,2026-09-14T02:14:12.272+00:00,2026-09-14T02:14:21.447+00:00,True,139,139.0,,139.0,247625.533959,256800.714503,256800.71455,1847.4871550359712,0.0,247625.533959,20997.738952997457,95.44524729999999,66.48681553623189,48.07246422206209,0.5412757525578309,28,64,,False,True,,651,21.16838264042747
94,2026-09-14T02:10:08.285+00:00,2026-09-14T02:14:19.092+00:00,2026-09-14T02:14:34.931+00:00,True,240,240.0,,240.0,250806.58701,266645.975938,266645.975952,1111.0248998,0.01528,250806.58701,16185.507346412503,93.7770025,66.27359384100419,97.0442361240109,0.9000698366278902,28,64,,False,True,,876,21.16838264042747
95,2026-09-14T02:10:11.285+00:00,2026-09-14T02:14:24.175+00:00,2026-09-14T02:14:32.921+00:00,True,133,133.0,,133.0,252890.29400099997,261635.99947299997,261635.999486,1967.18796606015,0.015609999999999999,252890.29400099997,21922.952158227617,92.71202720000001,66.25534448484848,120.32640415819775,0.5083398319340423,28,64,,False,True,,621,21.16838264042747
96,2026-09-14T02:10:15.601+00:00,2026-09-14T02:14:31.921+00:00,2026-09-14T02:14:45.104+00:00,True,208,208.0,,208.0,256320.07448699998,269503.126007,269503.125992,1295.6881057307692,0.016829999999999998,256320.07448699998,17768.19873842365,92.88708155,63.68623922705314,23.245984224772013,0.7717906767233471,28,64,,False,True,,707,21.16838264042747
97,2026-09-14T02:10:19.122+00:00,2026-09-14T02:14:37.125+00:00,2026-09-14T02:14:44.833+00:00,True,122,122.0,,122.0,258002.822365,265711.088349,265711.088224,2177.9597395409837,39.585265,258002.822365,23352.71972740067,92.29128964999998,63.70467755371901,20.898620049829685,0.4591453098854432,28,64,,False,True,,650,21.16838264042747
98,2026-09-14T02:10:22.054+00:00,2026-09-14T02:14:42.675+00:00,2026-09-14T02:14:50.994+00:00,True,129,129.0,,129.0,260620.35250600002,268939.665914,268939.665844,2084.8036111937986,32.656721000000005,260620.35250600002,22940.630152034646,94.38884920000001,64.994636,21.561552550635838,0.4796614867561072,28,64,,False,True,,422,21.16838264042747
99,2026-09-14T02:10:25.585+00:00,2026-09-14T02:14:48.189+00:00,2026-09-14T02:15:07.972+00:00,True,291,291.0,,291.0,262604.181021,282386.832157,282386.832302,970.4014855738833,0.0,262604.181021,15390.177410883342,96.01482,68.2160384,37.932368284487964,1.0305013083549563,28,64,,False,True,,1029,21.16838264042747
100,2026-09-14T02:10:29.911+00:00,2026-09-14T02:14:56.802+00:00,2026-09-14T02:15:14.710+00:00,True,262,262.0,,262.0,266891.307705,284799.48818499997,284799.488038,1087.0209467099237,0.0,266891.307705,16484.408751594823,95.58288850000001,68.61371831417625,39.71808238229995,0.9199454734617013,28,64,,False,True,,1229,21.16838264042747
101,2026-09-14T02:10:33.186+00:00,2026-09-14T02:15:02.187+00:00,2026-09-14T02:15:18.596+00:00,True,242,242.0,,242.0,269000.888298,285409.86109799996,285409.861239,1179.3795918966941,39.180987,269000.888298,17287.66987585657,96.24282350000001,68.08702406639004,22.554476692227976,0.8479034293664629,28,64,,False,True,,1007,21.16838264042747
102,2026-09-14T02:10:37.343+00:00,2026-09-14T02:15:09.015+00:00,2026-09-14T02:15:22.294+00:00,True,199,199.0,,199.0,271671.957498,284951.026426,284951.026372,1431.9147053869347,38.634089,271671.957498,19253.573692131038,96.88194510000001,67.0660046868687,22.786125819297396,0.6983656191590489,28,64,,False,True,,967,21.16838264042747
103,2026-09-14T02:10:40.590+00:00,2026-09-14T02:15:15.455+00:00,2026-09-14T02:15:35.343+00:00,True,293,293.0,,293.0,274864.6741,294752.52178,294752.521758,1005.9813029283276,36.293293,274864.6741,16053.802404360105,95.95495060000002,68.10906739726028,22.46289148746356,0.9940542602675065,28,64,,False,True,,1366,21.16838264042747
104,2026-09-14T02:10:44.501+00:00,2026-09-14T02:15:22.113+00:00,2026-09-14T02:15:37.503+00:00,True,224,224.0,,224.0,277612.576371,293002.133619,293002.13371499995,1308.045239799107,41.228072,277612.576371,18544.173623625054,97.5377035,69.01146747982062,22.970936888417175,0.7644995523864491,28,64,,False,True,,896,21.16838264042747
105,2026-09-14T02:10:47.039+00:00,2026-09-14T02:15:26.720+00:00,2026-09-14T02:15:42.511+00:00,True,230,230.0,,230.0,279680.46142199996,295471.69930999994,295471.69923599996,1284.659561895652,32.768901,279680.46142199996,18437.05056989511,96.72179095,68.95737068995633,22.75358810527551,0.7784163442289306,28,64,,False,True,,714,21.16838264042747
106,2026-09-14T02:10:49.462+00:00,2026-09-14T02:15:31.676+00:00,2026-09-14T02:15:41.972+00:00,True,152,152.0,,152.0,282213.591628,292509.17716400005,292509.177175,1924.4024814144739,34.847707,282213.591628,22885.02499474424,95.52404455,68.18268566887417,21.88249691837988,0.5196418159378935,28,64,,False,True,,693,21.16838264042747
107,2026-09-14T02:10:53.447+00:00,2026-09-14T02:15:38.864+00:00,2026-09-14T02:15:47.930+00:00,True,138,138.0,,138.0,285417.36505699996,294483.561793,294483.561818,2133.938853753623,38.222979,285417.36505699996,24290.716234215124,97.5510577,66.1766185109489,22.080472274719057,0.46861698887289244,28,64,,False,True,,602,21.16838264042747
108,2026-09-14T02:10:57.009+00:00,2026-09-14T02:15:44.802+00:00,2026-09-14T02:15:57.064+00:00,False,186,185.0,,185.0,287793.296592,300055.461072,300055.460928,1613.2014028387098,0.0,287793.296592,21097.21818906027,95.55658275,66.28197016216217,46.00334031423652,0.6165526844239246,28,64,,False,False,Request timeout: 300.0s exceeded,1001,21.16838264042747
109,2026-09-14T02:10:59.629+00:00,2026-09-14T02:15:50.061+00:00,2026-09-14T02:15:59.680+00:00,False,142,141.0,,141.0,290432.439573,300051.849237,300051.849092,2113.0411907887324,0.035549,290432.439573,24366.83402136497,94.22195255000001,68.22276357446809,22.4132039390661,0.46991878356540057,28,64,,False,False,Request timeout: 300.0s exceeded,428,21.16838264042747
110,2026-09-14T02:11:02.170+00:00,2026-09-14T02:15:54.422+00:00,2026-09-14T02:16:02.177+00:00,False,110,109.0,,109.0,292251.846188,300007.587116,300007.587102,2727.3417009272725,0.023399999999999997,292251.846188,27858.343714507617,93.1447709,71.15358649541284,20.86909295995063,0.3633241447252279,28,64,,False,False,Request timeout: 300.0s exceeded,379,21.16838264042747
111,2026-09-14T02:11:05.839+00:00,2026-09-14T02:15:58.866+00:00,2026-09-14T02:16:05.892+00:00,False,100,99.0,,99.0,293026.428725,300052.832309,300052.832353,3000.52832353,0.02375,293026.428725,29295.55236019124,90.2453759,70.97377357575758,20.157815433869356,0.3299418946928918,28,64,,False,False,Request timeout: 300.0s exceeded,507,21.16838264042747
112,2026-09-14T02:11:09.735+00:00,2026-09-14T02:16:03.204+00:00,2026-09-14T02:16:10.029+00:00,False,104,103.0,,103.0,293468.960973,300293.693645,300293.693707,2887.4393625673074,0.0432,293468.960973,28770.50931560771,89.3433488,66.25954050485437,20.727003081605083,0.3429975460016291,28,64,,False,False,Request timeout: 300.0s exceeded,316,21.16838264042747
113,2026-09-14T02:11:12.972+00:00,2026-09-14T02:16:06.929+00:00,2026-09-14T02:16:13.013+00:00,False,89,88.0,,88.0,293956.434801,300040.419441,300040.419363,3371.240667,0.021768999999999997,293956.434801,31151.997559232856,87.5839644,69.1361890909091,19.783003856949424,0.2932938174261696,28,64,,False,False,Request timeout: 300.0s exceeded,436,21.16838264042747
114,2026-09-14T02:11:16.128+00:00,2026-09-14T02:16:10.112+00:00,2026-09-14T02:16:16.193+00:00,False,92,91.0,,91.0,293983.872244,300065.14686800004,300065.146962,3261.5776843695653,0.023440000000000003,293983.872244,30642.97674580674,86.945959,66.82719367032966,20.117121733825716,0.30326747691237627,28,64,,False,False,Request timeout: 300.0s exceeded,424,21.16838264042747
115,2026-09-14T02:11:19.184+00:00,2026-09-14T02:16:13.014+00:00,2026-09-14T02:16:19.259+00:00,False,94,93.0,,93.0,293830.338341,300075.58096500003,300075.580741,3192.293412138298,0.039020000000000006,293830.338341,30299.365141476403,87.345933,67.15314649462366,19.304220246185647,0.3099219193408719,28,64,,False,False,Request timeout: 300.0s exceeded,361,21.16838264042747
116,2026-09-14T02:11:23.384+00:00,2026-09-14T02:16:17.019+00:00,2026-09-14T02:16:23.419+00:00,False,94,93.0,,93.0,293635.008096,300035.855712,300035.855628,3191.8708045531916,0.02524,293635.008096,30279.04599546241,87.2111342,68.8263184516129,19.6203939524324,0.3099629535253591,28,64,,False,False,Request timeout: 300.0s exceeded,466,21.16838264042747
117,2026-09-14T02:11:27.757+00:00,2026-09-14T02:16:21.004+00:00,2026-09-14T02:16:27.877+00:00,False,103,102.0,,102.0,293247.535387,300120.196635,300120.19677000004,2913.7883181553398,0.02373,293247.535387,28887.90615095038,88.448399,67.37903184313726,20.16311884390521,0.33986383170357004,28,64,,False,False,Request timeout: 300.0s exceeded,232,21.16838264042747
118,2026-09-14T02:11:31.078+00:00,2026-09-14T02:16:24.793+00:00,2026-09-14T02:16:31.089+00:00,False,100,99.0,,99.0,293714.572138,300010.167914,300010.167793,3000.10167793,0.02933,293714.572138,29365.105281920012,90.20789340000002,63.59187652525253,20.7478563286419,0.32998881567367094,28,64,,False,False,Request timeout: 300.0s exceeded,461,21.16838264042747
119,2026-09-14T02:11:35.458+00:00,2026-09-14T02:16:29.702+00:00,2026-09-14T02:16:35.468+00:00,False,97,96.0,,96.0,294243.718439,300009.39011900005,300009.390266,3092.880312020619,0.01644,294243.718439,29870.248269586235,88.6140008,60.05908,159.84388298899958,0.31998998418656555,28,64,,False,False,Request timeout: 300.0s exceeded,347,21.16838264042747
120,2026-09-14T02:11:37.929+00:00,2026-09-14T02:16:32.922+00:00,2026-09-14T02:16:37.989+00:00,False,78,77.0,,77.0,294992.099663,300059.537487,300059.537607,3846.917148807692,0.037789,294992.099663,33393.832530822976,88.1796638,65.81088083116883,20.442204840182047,0.2566157391458887,28,64,,False,False,Request timeout: 300.0s exceeded,391,21.16838264042747
121,2026-09-14T02:11:40.574+00:00,2026-09-14T02:16:34.356+00:00,2026-09-14T02:16:40.638+00:00,False,89,88.0,,88.0,293782.285669,300064.567397,300064.56727400003,3371.5119918426967,0.053619999999999994,293782.285669,31133.29846024574,89.226718,71.38956509090909,19.012973082502462,0.29327021435213885,28,64,,False,False,Request timeout: 300.0s exceeded,369,21.16838264042747
122,2026-09-14T02:11:43.438+00:00,2026-09-14T02:16:37.219+00:00,2026-09-14T02:16:43.473+00:00,False,95,94.0,,94.0,293781.22143599996,300035.14988399995,300035.14982099994,3158.2647349578942,0.0,293781.22143599996,30134.56131522865,89.54965399999999,66.53115370212765,65.26501572328891,0.3132966255331831,28,64,,False,False,Request timeout: 300.0s exceeded,575,21.16838264042747
123,2026-09-14T02:11:46.593+00:00,2026-09-14T02:16:39.580+00:00,2026-09-14T02:16:46.623+00:00,False,111,110.0,,110.0,292986.898532,300029.745764,300029.745764,2702.9706825585586,0.0,292986.898532,27803.073687431126,88.112649,64.02588392727273,60.40247991514311,0.36663031433731497,28,64,,False,False,Request timeout: 300.0s exceeded,283,21.16838264042747
124,2026-09-14T02:11:50.561+00:00,2026-09-14T02:16:44.008+00:00,2026-09-14T02:16:50.589+00:00,False,99,98.0,,98.0,293446.745452,300027.71646,300027.716373,3030.582993666667,0.02543,293446.745452,29485.76539615758,88.0780558,67.1527653877551,20.288082901645275,0.326636489309365,28,64,,False,False,Request timeout: 300.0s exceeded,322,21.16838264042747
125,2026-09-14T02:11:53.640+00:00,2026-09-14T02:16:47.224+00:00,2026-09-14T02:16:53.658+00:00,False,95,94.0,,94.0,293583.416935,300018.13642299996,300018.13664599997,3158.085648905263,0.036340000000000004,293583.416935,30114.006783265937,89.16818169999999,68.45446263829787,20.6908211128932,0.3133143919921828,28,64,,False,False,Request timeout: 300.0s exceeded,465,21.16838264042747
126,2026-09-14T02:11:57.832+00:00,2026-09-14T02:16:51.766+00:00,2026-09-14T02:16:57.910+00:00,False,90,89.0,,89.0,293934.274234,300077.449658,300077.449771,3334.1938863444448,0.021849,293934.274234,30976.12381080166,88.99959695,69.02444296629213,20.428410615264273,0.29659009732798586,28,64,,False,False,Request timeout: 300.0s exceeded,219,21.16838264042747
127,2026-09-14T02:12:00.942+00:00,2026-09-14T02:16:54.817+00:00,2026-09-14T02:17:00.976+00:00,False,90,89.0,,89.0,293874.798842,300034.294522,300034.294476,3333.714383066667,0.02116,293874.798842,30969.834989774714,88.5360095,69.20781662921348,20.06252175234262,0.29663275707128894,28,64,,False,False,Request timeout: 300.0s exceeded,386,21.16838264042747
128,2026-09-14T02:12:05.201+00:00,2026-09-14T02:16:58.972+00:00,2026-09-14T02:17:05.249+00:00,False,94,93.0,,93.0,293770.67024400004,300047.578532,300047.57851900003,3191.995516159575,0.02275,293770.67024400004,30293.176260001313,88.638619,67.49363750537634,20.128605292431157,0.30995084331294337,28,64,,False,False,Request timeout: 300.0s exceeded,328,21.16838264042747
129,2026-09-14T02:12:07.769+00:00,2026-09-14T02:17:01.579+00:00,2026-09-14T02:17:07.824+00:00,False,91,90.0,,90.0,293810.227048,300054.446696,300054.44649299997,3297.3016098131866,0.03757,293810.227048,30792.4139965621,89.49302049999999,69.38021831111111,20.011894176221663,0.2999455631836826,28,64,,False,False,Request timeout: 300.0s exceeded,474,21.16838264042747
130,2026-09-14T02:12:11.408+00:00,2026-09-14T02:17:05.247+00:00,2026-09-14T02:17:11.490+00:00,False,89,88.0,,88.0,293838.234866,300082.164722,300082.16477000003,3371.709716516854,0.036520000000000004,293838.234866,31139.275653261036,89.5905724,70.95374836363636,19.656171941159037,0.2932530164914144,28,64,,False,False,Request timeout: 300.0s exceeded,435,21.16838264042747
131,2026-09-14T02:12:14.331+00:00,2026-09-14T02:17:08.222+00:00,2026-09-14T02:17:14.408+00:00,False,87,86.0,,86.0,293890.934057,300076.65668099996,300076.65682499995,3449.156975,0.02035,293890.934057,31500.70959610673,88.5123423,71.92700725581396,18.814117866427484,0.28659343566141937,28,64,,False,False,Request timeout: 300.0s exceeded,425,21.16838264042747
132,2026-09-14T02:12:17.141+00:00,2026-09-14T02:17:11.157+00:00,2026-09-14T02:17:17.217+00:00,False,89,88.0,,88.0,294015.93408700003,300075.712391,300075.712331,3371.6372172022475,0.04509899999999999,294015.93408700003,31158.334176678953,90.4666302,68.86111709090909,20.63981261209443,0.29325932211846456,28,64,,False,False,Request timeout: 300.0s exceeded,454,21.16838264042747
133,2026-09-14T02:12:21.513+00:00,2026-09-14T02:17:15.080+00:00,2026-09-14T02:17:21.576+00:00,False,98,97.0,,97.0,293567.689697,300062.80803300004,300062.807961,3061.865387357143,0.03351,293567.689697,29648.058021643137,88.82657455,66.95998284536083,20.66369006836049,0.32326565440036886,28,64,,False,False,Request timeout: 300.0s exceeded,401,21.16838264042747
134,2026-09-14T02:12:25.400+00:00,2026-09-14T02:17:19.042+00:00,2026-09-14T02:17:25.416+00:00,False,94,93.0,,93.0,293642.186785,300015.69820900005,300015.69821500004,3191.656363989362,0.040419,293642.186785,30279.817245258128,89.85090035000002,68.53238090322581,20.396742699485447,0.3099837793661496,28,64,,False,False,Request timeout: 300.0s exceeded,457,21.16838264042747
135,2026-09-14T02:12:28.024+00:00,2026-09-14T02:17:21.788+00:00,2026-09-14T02:17:28.055+00:00,False,91,90.0,,90.0,293764.357372,300030.623484,300030.623261,3297.039816054945,0.02246,293764.357372,30787.579825174802,89.06734700000001,69.62517902222223,19.941786786746903,0.29996937964167353,28,64,,False,False,Request timeout: 300.0s exceeded,447,21.16838264042747
136,2026-09-14T02:12:30.913+00:00,2026-09-14T02:17:24.728+00:00,2026-09-14T02:17:30.928+00:00,False,93,92.0,,92.0,293815.125199,300014.951375,300014.951352,3225.96721883871,0.03778,293815.125199,30460.22780735661,88.3121932,67.38941495652173,20.10488639003234,0.30665138380055507,28,64,,False,False,Request timeout: 300.0s exceeded,430,21.16838264042747
137,2026-09-14T02:12:34.026+00:00,2026-09-14T02:17:27.758+00:00,2026-09-14T02:17:34.050+00:00,False,93,92.0,,92.0,293732.066507,300024.152523,300024.15263100003,3226.0661573225807,0.023559,293732.066507,30451.511213952075,88.488063,68.39223930434783,20.375717463924786,0.3066419794084652,28,64,,False,False,Request timeout: 300.0s exceeded,409,21.16838264042747
138,2026-09-14T02:12:37.638+00:00,2026-09-14T02:17:31.533+00:00,2026-09-14T02:17:37.646+00:00,False,79,78.0,,78.0,293895.87522399996,300008.21032799996,300008.210361,3797.5722830506324,0.041890000000000004,293895.87522399996,33057.11860117606,88.938394,78.36327056410256,66.39556550916113,0.2599928845771332,28,64,,False,False,Request timeout: 300.0s exceeded,398,21.16838264042747
139,2026-09-14T02:12:41.135+00:00,2026-09-14T02:17:34.689+00:00,2026-09-14T02:17:41.157+00:00,False,101,100.0,,100.0,293554.723902,300022.857534,300022.857586,2970.5233424356434,0.0,293554.723902,29203.42125694945,89.160424,64.68133632,64.50432419140041,0.3333079380082483,28,64,,False,False,Request timeout: 300.0s exceeded,330,21.16838264042747
140,2026-09-14T02:12:43.571+00:00,2026-09-14T02:17:37.818+00:00,2026-09-14T02:17:43.620+00:00,False,84,83.0,,83.0,294247.145711,300049.761263,300049.76133300003,3572.0209682500004,0.02302,294247.145711,32097.37385805829,89.29382865,69.91103074698795,19.916142929200568,0.27662078333483064,28,64,,False,False,Request timeout: 300.0s exceeded,374,21.16838264042747
141,2026-09-14T02:12:46.494+00:00,2026-09-14T02:17:40.111+00:00,2026-09-14T02:17:46.577+00:00,False,93,92.0,,92.0,293616.77790399996,300083.02635199996,300083.02643399994,3226.6992089677415,0.05188,293616.77790399996,30439.35937150423,88.663529,70.2853092173913,19.33459100861153,0.306581818766661,28,64,,False,False,Request timeout: 300.0s exceeded,316,21.16838264042747
142,2026-09-14T02:12:50.254+00:00,2026-09-14T02:17:43.942+00:00,2026-09-14T02:17:50.321+00:00,False,93,92.0,,92.0,293688.145769,300067.28048899997,300067.280423,3226.5298970215053,0.03721,293688.145769,30446.85867652863,90.1153196,69.33842086956521,20.29121705402421,0.30659790647641966,28,64,,False,False,Request timeout: 300.0s exceeded,405,21.16838264042747
143,2026-09-14T02:12:53.379+00:00,2026-09-14T02:17:47.005+00:00,2026-09-14T02:17:53.421+00:00,False,100,99.0,,99.0,293626.61203899997,300042.174535,300042.17442399997,3000.4217442399995,0.03528,293626.61203899997,29356.188160746027,88.905591,64.80366157575757,20.84063072963963,0.32995361453245176,28,64,,False,False,Request timeout: 300.0s exceeded,351,21.16838264042747
144,2026-09-14T02:12:57.596+00:00,2026-09-14T02:17:50.921+00:00,2026-09-14T02:17:57.630+00:00,False,105,104.0,,104.0,293324.41935900005,300033.42262300005,300033.422574,2857.461167371429,0.03631,293324.41935900005,28619.24410401439,91.0582442,64.50964676923077,20.646596026696844,0.3466280492712932,28,64,,False,False,Request timeout: 300.0s exceeded,372,21.16838264042747
145,2026-09-14T02:13:00.350+00:00,2026-09-14T02:17:54.082+00:00,2026-09-14T02:18:00.408+00:00,False,95,94.0,,94.0,293732.342769,300057.60971299995,300057.609695,3158.50115468421,0.02325,293732.342769,30129.405635148978,89.37061239999998,67.29007387234043,20.57758568285914,0.31327317474104194,28,64,,False,False,Request timeout: 300.0s exceeded,455,21.16838264042747
146,2026-09-14T02:13:04.775+00:00,2026-09-14T02:17:58.582+00:00,2026-09-14T02:18:04.801+00:00,False,91,90.0,,90.0,293806.273542,300025.80941399996,300025.80954299995,3296.986918054945,0.019010000000000003,293806.273542,30792.028042859718,89.4234415,69.10595413333334,19.59674788628995,0.2999741928062285,28,64,,False,False,Request timeout: 300.0s exceeded,472,21.16838264042747
147,2026-09-14T02:13:09.160+00:00,2026-09-14T02:18:03.026+00:00,2026-09-14T02:18:09.169+00:00,False,87,86.0,,86.0,293866.156977,300009.140145,300009.140059,3448.3809202183907,0.02646,293866.156977,31498.107188564518,90.3276065,71.4300368372093,19.952978786163783,0.2866579330164228,28,64,,False,False,Request timeout: 300.0s exceeded,414,21.16838264042747
148,2026-09-14T02:13:12.346+00:00,2026-09-14T02:18:06.319+00:00,2026-09-14T02:18:12.399+00:00,False,87,86.0,,86.0,293972.383866,300052.52133799996,300052.521322,3448.8795554252874,0.03571,293972.383866,31509.574643771044,90.44724269999999,70.69927293023255,20.572120043012557,0.2866164883951221,28,64,,False,False,Request timeout: 300.0s exceeded,376,21.16838264042747
149,2026-09-14T02:13:16.342+00:00,2026-09-14T02:18:09.504+00:00,2026-09-14T02:18:16.354+00:00,False,104,103.0,,103.0,293162.122362,300011.958906,300011.95889,2884.730373942308,0.032619999999999996,293162.122362,28740.397411074828,89.164225,66.50326741747573,20.710583338138505,0.3433196475753556,28,64,,False,False,Request timeout: 300.0s exceeded,382,21.16838264042747
150,2026-09-14T02:13:19.652+00:00,2026-09-14T02:18:13.064+00:00,2026-09-14T02:18:19.671+00:00,False,98,97.0,,97.0,293412.024759,300019.242423,300019.24228999997,3061.4208396938775,0.127859,293412.024759,29632.216553850703,88.85686270000001,68.11564602061856,20.373671069958274,0.3233125956075803,28,64,,False,False,Request timeout: 300.0s exceeded,443,21.16838264042747
151,2026-09-14T02:13:23.441+00:00,2026-09-14T02:18:16.952+00:00,2026-09-14T02:18:23.462+00:00,False,99,98.0,,98.0,293510.447341,300020.888045,300020.888027,3030.5140204747477,0.02229,293510.447341,29492.24012626137,88.4126784,66.43306840816327,20.461653411059704,0.32664392349009047,28,64,,False,False,Request timeout: 300.0s exceeded,286,21.16838264042747
152,2026-09-14T02:13:26.149+00:00,2026-09-14T02:18:19.511+00:00,2026-09-14T02:18:26.188+00:00,False,101,100.0,,100.0,293362.166765,300038.654957,300038.65502999997,2970.679752772277,0.023829999999999997,293362.166765,29183.989836719094,87.98347300000002,66.76488192000001,19.692701996686544,0.3332903889144933,28,64,,False,False,Request timeout: 300.0s exceeded,285,21.16838264042747
153,2026-09-14T02:13:28.755+00:00,2026-09-14T02:18:22.747+00:00,2026-09-14T02:18:28.770+00:00,False,87,86.0,,86.0,293991.75923100003,300015.18323100003,300015.18321800005,3448.4503818160924,0.033979999999999996,293991.75923100003,31511.721893781858,89.75098170000001,70.03981395348836,19.443737040550992,0.2866521589801785,28,64,,False,False,Request timeout: 300.0s exceeded,330,21.16838264042747
154,2026-09-14T02:13:31.886+00:00,2026-09-14T02:18:25.620+00:00,2026-09-14T02:18:31.922+00:00,False,90,89.0,,89.0,293733.539701,300035.568245,300035.568269,3333.7285363222218,0.02413,293733.539701,30954.77670023014,91.24548940000001,70.80930948314607,20.888787045542777,0.2966314977940392,28,64,,False,False,Request timeout: 300.0s exceeded,387,21.16838264042747
155,2026-09-14T02:13:35.454+00:00,2026-09-14T02:18:29.115+00:00,2026-09-14T02:18:35.465+00:00,False,98,97.0,,97.0,293661.128363,300011.775147,300011.775159,3061.344644479592,0.0,293661.128363,29657.70589777153,92.72497355,65.47058540206186,62.80788009477111,0.32332064283967477,28,64,,False,False,Request timeout: 300.0s exceeded,470,21.16838264042747
156,2026-09-14T02:13:38.941+00:00,2026-09-14T02:18:32.809+00:00,2026-09-14T02:18:39.001+00:00,False,92,91.0,,91.0,293867.384164,300059.34678799997,300059.346705,3261.514638097826,0.02278,293867.384164,30630.705588616427,90.76714455,68.04354531868131,20.68683905982466,0.30327333900481346,28,64,,False,False,Request timeout: 300.0s exceeded,453,21.16838264042747
157,2026-09-14T02:13:41.710+00:00,2026-09-14T02:18:35.722+00:00,2026-09-14T02:18:41.720+00:00,False,89,88.0,,88.0,294012.044479,300010.776511,300010.77646699996,3370.907600752809,0.03939,294012.044479,31157.99596615495,90.34322680000001,68.16740945454545,21.46932905137553,0.29332279667885014,28,64,,False,False,Request timeout: 300.0s exceeded,404,21.16838264042747
158,2026-09-14T02:13:44.796+00:00,2026-09-14T02:18:38.668+00:00,2026-09-14T02:18:44.849+00:00,False,95,94.0,,94.0,293871.83626099996,300052.85002099996,300052.850092,3158.4510536,0.036469999999999995,293871.83626099996,30143.874874584646,89.7845744,65.7554655319149,20.67371036733576,0.3132781441450103,28,64,,False,False,Request timeout: 300.0s exceeded,463,21.16838264042747
159,2026-09-14T02:13:49.060+00:00,2026-09-14T02:18:42.569+00:00,2026-09-14T02:18:49.066+00:00,False,103,102.0,,102.0,293508.81562300003,300005.65735100006,300005.65744700003,2912.6762858932043,0.04175,293508.81562300003,28914.014141183612,89.0092411,63.69452674509804,20.5145421064232,0.33999358845644106,28,64,,False,False,Request timeout: 300.0s exceeded,210,21.16838264042747
160,2026-09-14T02:13:52.150+00:00,2026-09-14T02:18:45.543+00:00,2026-09-14T02:18:52.212+00:00,False,100,99.0,,99.0,293393.216579,300061.876291,300061.876359,3000.61876359,0.01982,293393.216579,29332.59302675981,91.437116,67.3601991111111,20.925846209488398,0.32993195011548154,28,64,,False,False,Request timeout: 300.0s exceeded,415,21.16838264042747
161,2026-09-14T02:13:54.567+00:00,2026-09-14T02:18:48.136+00:00,2026-09-14T02:18:54.585+00:00,False,94,93.0,,93.0,293568.604833,300017.296545,300017.29648799996,3191.6733668936167,0.02546,293568.604833,30272.144025268157,88.57653565000001,69.34077109677419,19.719613195424476,0.30998212793391666,28,64,,False,False,Request timeout: 300.0s exceeded,248,21.16838264042747
162,2026-09-14T02:13:57.904+00:00,2026-09-14T02:18:51.450+00:00,2026-09-14T02:18:59.310+00:00,False,92,91.0,,91.0,293545.62718400004,301405.84504000004,301405.84496600006,3276.15048876087,0.02798,293545.62718400004,30595.88669851135,87.415565,86.3760203956044,199.73521566204093,0.3019184979240308,28,64,,False,False,Request timeout: 300.0s exceeded,526,21.16838264042747
163,2026-09-14T02:14:02.002+00:00,2026-09-14T02:18:55.765+00:00,2026-09-14T02:19:02.060+00:00,False,103,102.0,,102.0,293762.423037,300057.112829,300057.112709,2913.1758515436895,0.015359999999999999,293762.423037,28939.78044706411,90.6315891,61.71264501960784,185.63515041986412,0.3399352844474276,28,64,,False,False,Request timeout: 300.0s exceeded,484,21.16838264042747
164,2026-09-14T02:14:05.994+00:00,2026-09-14T02:19:00.490+00:00,2026-09-14T02:19:06.009+00:00,False,85,84.0,,84.0,294495.955569,300015.00811299996,300015.00802999997,3529.5883297647056,0.040920000000000005,294495.955569,31935.451588292697,87.16079719999999,65.70300647619048,21.03661390883221,0.2799859931285891,28,64,,False,False,Request timeout: 300.0s exceeded,523,21.16838264042747
165,2026-09-14T02:14:09.959+00:00,2026-09-14T02:19:03.880+00:00,2026-09-14T02:19:09.972+00:00,False,91,90.0,,90.0,293921.228868,300012.862532,300012.862498,3296.8446428351644,0.023219999999999998,293921.228868,30804.22726217783,87.04771099999999,67.6848184888889,19.038080893755733,0.2999871380194588,28,64,,False,False,Request timeout: 300.0s exceeded,331,21.16838264042747
166,2026-09-14T02:14:13.378+00:00,2026-09-14T02:19:07.221+00:00,2026-09-14T02:19:13.470+00:00,False,89,88.0,,88.0,293843.498709,300091.629525,300091.629638,3371.816063348315,0.02638,293843.498709,31139.82838505318,88.64592479999999,71.00148654545454,19.37530298182154,0.29324376737628705,28,64,,False,False,Request timeout: 300.0s exceeded,442,21.16838264042747
167,2026-09-14T02:14:16.025+00:00,2026-09-14T02:19:09.556+00:00,2026-09-14T02:19:16.043+00:00,False,92,91.0,,91.0,293530.91852899996,300018.38579299994,300018.385813,3261.0694110108693,0.03481,293530.91852899996,30595.28715059063,89.71186085,71.29084905494506,19.255992793796267,0.3033147443929859,28,64,,False,False,Request timeout: 300.0s exceeded,372,21.16838264042747
168,2026-09-14T02:14:18.782+00:00,2026-09-14T02:19:12.680+00:00,2026-09-14T02:19:18.798+00:00,False,86,85.0,,85.0,293898.450652,300016.59618800005,300016.596067,3488.565070546512,0.02165,293898.450652,31684.12897558173,89.44013575,71.97818277647059,18.963940900097565,0.2833176600228351,28,64,,False,False,Request timeout: 300.0s exceeded,426,21.16838264042747
169,2026-09-14T02:14:21.299+00:00,2026-09-14T02:19:15.279+00:00,2026-09-14T02:19:21.309+00:00,False,86,85.0,,85.0,293979.517919,300009.279711,300009.279631,3488.4799957093023,0.03607,293979.517919,31692.983683217466,91.26030924999999,70.9383740235294,20.390936983557577,0.28332456943292156,28,64,,False,False,Request timeout: 300.0s exceeded,399,21.16838264042747
170,2026-09-14T02:14:25.669+00:00,2026-09-14T02:19:19.363+00:00,2026-09-14T02:19:25.694+00:00,False,95,94.0,,94.0,293694.22572000005,300025.41087200004,300025.410946,3158.162220484211,0.02137,293694.22572000005,30125.48834057334,89.0697567,67.35303353191489,20.415433832599888,0.3133067953370898,28,64,,False,False,Request timeout: 300.0s exceeded,398,21.16838264042747
171,2026-09-14T02:14:28.327+00:00,2026-09-14T02:19:22.243+00:00,2026-09-14T02:19:28.377+00:00,False,100,99.0,,99.0,293916.057481,300049.433481,300049.43355500005,3000.4943355500004,0.0,293916.057481,29385.485081103,90.99278295,61.953292929292935,66.57889051428958,0.32994563212954364,28,64,,False,False,Request timeout: 300.0s exceeded,414,21.16838264042747
172,2026-09-14T02:14:31.959+00:00,2026-09-14T02:19:24.792+00:00,2026-09-14T02:19:32.024+00:00,False,116,115.0,,115.0,292833.04377100006,300064.547131,300064.547062,2586.7633367413796,0.0,292833.04377100006,27183.09795470564,89.69381800000001,62.882637913043474,62.36328559328451,0.3832508741853936,28,64,,False,False,Request timeout: 300.0s exceeded,547,21.16838264042747
173,2026-09-14T02:14:33.794+00:00,2026-09-14T02:19:27.767+00:00,2026-09-14T02:19:33.851+00:00,False,100,99.0,,99.0,293973.28461000003,300057.14509,300057.145047,3000.5714504700004,0.038009999999999995,293973.28461000003,29391.1901869157,89.66577135,61.453136161616165,20.44556209846565,0.3299371523724444,28,64,,False,False,Request timeout: 300.0s exceeded,464,21.16838264042747
174,2026-09-14T02:14:37.831+00:00,2026-09-14T02:19:33.203+00:00,2026-09-14T02:19:37.876+00:00,False,73,72.0,,72.0,295371.504487,300044.445287,300044.445398,4110.197882164383,0.023440000000000003,295371.504487,34563.02924416342,87.6384584,64.90195555555555,20.005823962063594,0.23996444903730915,28,64,,False,False,Request timeout: 300.0s exceeded,310,21.16838264042747
175,2026-09-14T02:14:41.669+00:00,2026-09-14T02:19:35.414+00:00,2026-09-14T02:19:41.675+00:00,False,93,92.0,,92.0,293745.077307,300006.363963,300006.363947,3225.8748811505375,0.027809999999999998,293745.077307,30452.894484653196,88.08374599999999,68.05746365217391,19.446640337274744,0.3066601614202638,28,64,,False,False,Request timeout: 300.0s exceeded,421,21.16838264042747
176,2026-09-14T02:14:44.712+00:00,2026-09-14T02:19:38.588+00:00,2026-09-14T02:19:44.747+00:00,False,91,90.0,,90.0,293875.327487,300034.804991,300034.804907,3297.085768208791,0.023260000000000003,293875.327487,30799.336884011147,88.21270399999999,68.43863893333334,19.70511126550149,0.2999651990464896,28,64,,False,False,Request timeout: 300.0s exceeded,396,21.16838264042747
177,2026-09-14T02:14:49.002+00:00,2026-09-14T02:19:42.723+00:00,2026-09-14T02:19:49.011+00:00,False,96,95.0,,95.0,293721.69395700004,300009.75360500003,300009.75366600003,3125.1016006875,0.04299,293721.69395700004,29971.09625056811,87.69221499999999,66.19010155789474,20.43329667575096,0.3166563715294379,28,64,,False,False,Request timeout: 300.0s exceeded,396,21.16838264042747
178,2026-09-14T02:14:52.907+00:00,2026-09-14T02:19:46.310+00:00,2026-09-14T02:19:52.932+00:00,False,103,102.0,,102.0,293403.460509,300024.899485,300024.899495,2912.8631018932037,0.04259,293403.460509,28903.51294477235,88.33067710000002,64.91606839215686,20.67160759576409,0.3399717829256354,28,64,,False,False,Request timeout: 300.0s exceeded,298,21.16838264042747
179,2026-09-14T02:14:56.501+00:00,2026-09-14T02:19:49.563+00:00,2026-09-14T02:19:56.578+00:00,False,104,103.0,,103.0,293061.997088,300076.25782400003,300076.257857,2885.3486332403845,0.03531,293061.997088,28730.422305085445,88.57716350000001,68.0996187961165,20.023308900413944,0.34324608266879714,28,64,,False,False,Request timeout: 300.0s exceeded,489,21.16838264042747
180,2026-09-14T02:14:58.978+00:00,2026-09-14T02:19:52.672+00:00,2026-09-14T02:19:59.041+00:00,False,93,92.0,,92.0,293693.94139600004,300063.55803600006,300063.55806400004,3226.4898716559146,0.03129,293693.94139600004,30447.469931553547,88.373169,69.23496347826088,19.594654361211358,0.3066017099915956,28,64,,False,False,Request timeout: 300.0s exceeded,461,21.16838264042747
181,2026-09-14T02:15:02.454+00:00,2026-09-14T02:19:56.113+00:00,2026-09-14T02:20:02.548+00:00,False,99,98.0,,98.0,293659.519443,300094.35566700005,300094.35584200005,3031.256119616162,0.02056,293659.519443,29507.300047213448,89.9206498,65.66159412244897,20.575992065504476,0.32656395613366945,28,64,,False,False,Request timeout: 300.0s exceeded,436,21.16838264042747
182,2026-09-14T02:15:05.442+00:00,2026-09-14T02:19:58.960+00:00,2026-09-14T02:20:05.508+00:00,False,99,98.0,,98.0,293518.333662,300066.571742,300066.57173900004,3030.9754721111112,0.02198,293518.333662,29492.994143352436,89.5808899,66.81875591836734,20.715308055295893,0.3265941935187012,28,64,,False,False,Request timeout: 300.0s exceeded,469,21.16838264042747
183,2026-09-14T02:15:08.080+00:00,2026-09-14T02:20:01.981+00:00,2026-09-14T02:20:08.164+00:00,False,91,90.0,,90.0,293900.911167,300083.38975900004,300083.389897,3297.6196691978025,0.01688,293900.911167,30801.992404244636,88.470668,68.69420657777778,20.348109980502397,0.299916633414065,28,64,,False,False,Request timeout: 300.0s exceeded,289,21.16838264042747
184,2026-09-14T02:15:11.220+00:00,2026-09-14T02:20:04.746+00:00,2026-09-14T02:20:11.295+00:00,False,99,98.0,,98.0,293525.58636,300075.550904,300075.55086300004,3031.0661703333335,0.04255,293525.58636,29493.72121766177,88.84537879999999,66.83637289795918,20.60203186346919,0.32658442083924427,28,64,,False,False,Request timeout: 300.0s exceeded,449,21.16838264042747
185,2026-09-14T02:15:14.188+00:00,2026-09-14T02:20:07.818+00:00,2026-09-14T02:20:14.209+00:00,False,96,95.0,,95.0,293630.535215,300021.585967,300021.58595499996,3125.2248536979164,0.01832,293630.535215,29961.682255062336,90.38181700000001,67.27421844210527,21.160754801224094,0.3166438831186275,28,64,,False,False,Request timeout: 300.0s exceeded,426,21.16838264042747
186,2026-09-14T02:15:17.885+00:00,2026-09-14T02:20:11.707+00:00,2026-09-14T02:20:17.915+00:00,False,90,89.0,,89.0,293821.302569,300029.21911299997,300029.218966,3333.657988511111,0.01778,293821.302569,30964.138844547288,90.73690985000002,69.75187128089887,20.37869866941497,0.29663777502443833,28,64,,False,False,Request timeout: 300.0s exceeded,283,21.16838264042747
187,2026-09-14T02:15:21.598+00:00,2026-09-14T02:20:15.192+00:00,2026-09-14T02:20:21.665+00:00,False,94,93.0,,93.0,293594.296947,300067.06955500005,300067.069544,3192.202867489362,0.036789999999999996,293594.296947,30274.767460719908,89.511013,69.59970546236559,20.03348691311477,0.3099307102839347,28,64,,False,False,Request timeout: 300.0s exceeded,380,21.16838264042747
188,2026-09-14T02:15:25.821+00:00,2026-09-14T02:20:19.794+00:00,2026-09-14T02:20:25.883+00:00,False,94,93.0,,93.0,293972.71911799995,300061.342478,300061.3424559999,3192.141941021276,0.0,293972.71911799995,30314.293818979393,89.06228295,65.46906838709678,68.07125042525313,0.30993662573118236,28,64,,False,False,Request timeout: 300.0s exceeded,416,21.16838264042747
189,2026-09-14T02:15:29.623+00:00,2026-09-14T02:20:23.112+00:00,2026-09-14T02:20:29.665+00:00,False,102,101.0,,101.0,293488.186037,300042.02232499997,300042.022282,2941.588453745098,0.04503,293488.186037,29053.24202722496,88.09920315000001,64.8894681980198,19.398900512770282,0.33661951488448066,28,64,,False,False,Request timeout: 300.0s exceeded,444,21.16838264042747
190,2026-09-14T02:15:32.945+00:00,2026-09-14T02:20:26.572+00:00,2026-09-14T02:20:33.029+00:00,False,97,96.0,,96.0,293626.24857,300083.679354,300083.679259,3093.646177927835,0.02402,293626.24857,29806.405224687507,87.4278734,67.264904,19.6259197323316,0.3199107669122904,28,64,,False,False,Request timeout: 300.0s exceeded,440,21.16838264042747
191,2026-09-14T02:15:35.682+00:00,2026-09-14T02:20:29.050+00:00,2026-09-14T02:20:35.690+00:00,False,96,95.0,,95.0,293368.058576,300007.7012,300007.70143099996,3125.080223239583,0.02096,293368.058576,29934.625405200757,89.454206,69.89097498947369,19.870613462440854,0.31665853783089487,28,64,,False,False,Request timeout: 300.0s exceeded,495,21.16838264042747
192,2026-09-14T02:15:38.099+00:00,2026-09-14T02:20:31.374+00:00,2026-09-14T02:20:38.112+00:00,False,94,93.0,,93.0,293274.292226,300012.89600199996,300012.896001,3191.6265532021275,0.027739999999999997,293274.292226,30241.46605804274,89.08404764999999,72.45810511827958,19.061305498598763,0.3099866747040768,28,64,,False,False,Request timeout: 300.0s exceeded,385,21.16838264042747
193,2026-09-14T02:15:41.801+00:00,2026-09-14T02:20:35.033+00:00,2026-09-14T02:20:41.849+00:00,False,95,94.0,,94.0,293232.06916,300048.30237600004,300048.302381,3158.403182957895,0.036899999999999995,293232.06916,30077.541737792282,89.103992,72.51311931914894,18.968016096648388,0.31328289230647144,28,64,,False,False,Request timeout: 300.0s exceeded,375,21.16838264042747
194,2026-09-14T02:15:46.201+00:00,2026-09-14T02:20:39.953+00:00,2026-09-14T02:20:46.220+00:00,False,92,91.0,,91.0,293752.10901099996,300019.028435,300019.02858199994,3261.0763976304343,0.023420000000000003,293752.10901099996,30618.601040741454,88.62188755,68.86724641758242,20.066827885506797,0.3033140946915486,28,64,,False,False,Request timeout: 300.0s exceeded,343,21.16838264042747
195,2026-09-14T02:15:50.474+00:00,2026-09-14T02:20:44.254+00:00,2026-09-14T02:20:50.524+00:00,False,93,92.0,,92.0,293779.57852100005,300049.89020100003,300049.89022500004,3226.342905645162,0.041829,293779.57852100005,30456.46371456457,91.186651,68.15556173913043,22.10507577211717,0.3066156762742697,28,64,,False,False,Request timeout: 300.0s exceeded,454,21.16838264042747
196,2026-09-14T02:15:53.468+00:00,2026-09-14T02:20:47.258+00:00,2026-09-14T02:20:53.476+00:00,False,94,93.0,,93.0,293790.77522899996,300008.38777299994,300008.38777399994,3191.578593340425,0.02857,293790.77522899996,30295.3170121091,89.35425215,66.85604886021505,22.04490720787912,0.30999133287689296,28,64,,False,False,Request timeout: 300.0s exceeded,490,21.16838264042747
197,2026-09-14T02:15:56.912+00:00,2026-09-14T02:20:50.851+00:00,2026-09-14T02:20:56.931+00:00,False,90,89.0,,89.0,293939.10563,300019.34755,300019.347634,3333.5483070444443,0.0232,293939.10563,30976.70719484095,89.35820050000001,68.31732494382022,19.763511895268948,0.2966475353232598,28,64,,False,False,Request timeout: 300.0s exceeded,464,21.16838264042747
198,2026-09-14T02:15:59.788+00:00,2026-09-14T02:20:53.821+00:00,2026-09-14T02:20:59.823+00:00,False,87,86.0,,86.0,294032.41634399997,300034.74747999996,300034.74756399996,3448.6752593563215,0.037969,294032.41634399997,31516.106921958548,88.05181699999999,69.79454809302325,19.169279531217974,0.28663346736441814,28,64,,False,False,Request timeout: 300.0s exceeded,419,21.16838264042747
199,2026-09-14T02:16:04.240+00:00,2026-09-14T02:20:57.882+00:00,2026-09-14T02:21:04.308+00:00,False,94,93.0,,93.0,293642.59337699995,300068.520545,300068.52032099996,3192.2183012872338,0.02182,293642.59337699995,30279.80090537495,89.93066845,69.09599105376343,20.178013051281074,0.3099292116050314,28,64,,False,False,Request timeout: 300.0s exceeded,401,21.16838264042747
200,2026-09-14T02:16:07.561+00:00,2026-09-14T02:21:01.468+00:00,2026-09-14T02:21:07.582+00:00,False,89,88.0,,88.0,293907.268472,300021.24376800004,300021.243896,3371.025212314607,0.05173,293907.268472,31146.749952443653,88.588801,69.476992,20.001385554701308,0.29331256311985865,28,64,,False,False,Request timeout: 300.0s exceeded,480,21.16838264042747
201,2026-09-14T02:16:10.081+00:00,2026-09-14T02:21:03.704+00:00,2026-09-14T02:21:10.103+00:00,False,96,95.0,,95.0,293623.81047100003,300022.63491900003,300022.63472200005,3125.235778354167,0.040600000000000004,293623.81047100003,29960.986987969125,88.243591,67.35604682105263,20.321946858563848,0.31664277605470686,28,64,,False,False,Request timeout: 300.0s exceeded,438,21.16838264042747
202,2026-09-14T02:16:13.085+00:00,2026-09-14T02:21:07.023+00:00,2026-09-14T02:21:13.112+00:00,False,88,87.0,,87.0,293938.02354900003,300026.736509,300026.73650600004,3409.3947330227275,0.023039999999999998,293938.02354900003,31326.444919740774,90.5044317,69.98520643678161,20.722810789742127,0.2899741570111377,28,64,,False,False,Request timeout: 300.0s exceeded,394,21.16838264042747
203,2026-09-14T02:16:16.243+00:00,2026-09-14T02:21:10.106+00:00,2026-09-14T02:21:16.277+00:00,False,90,89.0,,89.0,293863.72771899996,300034.41443899996,300034.41438299994,3333.7157153666662,0.0229,293863.72771899996,30968.65480455426,88.81335705000001,69.3335586516854,20.167949583278777,0.2966326385138549,28,64,,False,False,Request timeout: 300.0s exceeded,369,21.16838264042747
204,2026-09-14T02:16:19.875+00:00,2026-09-14T02:21:13.803+00:00,2026-09-14T02:21:19.881+00:00,False,97,96.0,,96.0,293928.183508,300005.916372,300005.916559,3092.8445006082475,0.0,293928.183508,29837.534518959663,89.67210440000001,63.30971733333334,68.25352267095859,0.31999368932765426,28,64,,False,False,Request timeout: 300.0s exceeded,427,21.16838264042747
205,2026-09-14T02:16:22.912+00:00,2026-09-14T02:21:17.398+00:00,2026-09-14T02:21:22.950+00:00,False,87,86.0,,86.0,294485.98864099995,300038.14838499995,300038.14840199996,3448.7143494482752,0.020050000000000002,294485.98864099995,31565.297028406625,88.9570172,64.55999702325582,20.54915153325899,0.2866302184002528,28,64,,False,False,Request timeout: 300.0s exceeded,397,21.16838264042747
206,2026-09-14T02:16:25.964+00:00,2026-09-14T02:21:20.011+00:00,2026-09-14T02:21:25.970+00:00,False,89,88.0,,88.0,294047.24589099997,300005.97075499996,300005.970902,3370.853605640449,0.0212,294047.24589099997,31161.77443014961,88.6801168,67.71278254545454,19.840367311640215,0.2933274953779678,28,64,,False,False,Request timeout: 300.0s exceeded,394,21.16838264042747
207,2026-09-14T02:16:30.191+00:00,2026-09-14T02:21:23.870+00:00,2026-09-14T02:21:30.274+00:00,False,94,93.0,,93.0,293678.97363599995,300082.52666,300082.52677799994,3192.3673061489358,0.02102,293678.97363599995,30283.577983177278,87.4894395,68.85540886021505,20.06797595350743,0.30991474590378604,28,64,,False,False,Request timeout: 300.0s exceeded,388,21.16838264042747
208,2026-09-14T02:16:33.175+00:00,2026-09-14T02:21:26.966+00:00,2026-09-14T02:21:33.184+00:00,False,97,96.0,,96.0,293791.047421,300009.09286100004,300009.09285500005,3092.8772459278352,0.02477,293791.047421,29823.392270319906,90.571011,64.77130666666666,21.21224018877975,0.31999030124223143,28,64,,False,False,Request timeout: 300.0s exceeded,427,21.16838264042747
209,2026-09-14T02:16:35.984+00:00,2026-09-14T02:21:29.883+00:00,2026-09-14T02:21:36.071+00:00,False,95,94.0,,94.0,293898.972683,300086.822155,300086.82215200004,3158.808654231579,0.02425,293898.972683,30146.651770113847,91.1305934,65.82818587234043,20.993842676570182,0.3132426786520049,28,64,,False,False,Request timeout: 300.0s exceeded,454,21.16838264042747
210,2026-09-14T02:16:39.094+00:00,2026-09-14T02:21:34.075+00:00,2026-09-14T02:21:39.104+00:00,False,74,73.0,,73.0,294980.46830199996,300010.251342,300010.25147499994,4054.1925874999997,0.03564,294980.46830199996,34282.77900157634,88.81412449999999,68.90113753424657,19.87230728517119,0.24332501864005593,28,64,,False,False,Request timeout: 300.0s exceeded,243,21.16838264042747
211,2026-09-14T02:16:43.330+00:00,2026-09-14T02:21:36.944+00:00,2026-09-14T02:21:43.371+00:00,False,99,98.0,,98.0,293613.866074,300041.06377,300041.063787,3030.7178160303033,0.018420000000000002,293613.866074,29502.71918782001,86.77222379999999,65.58364995918367,20.05049108040084,0.32662195890334217,28,64,,False,False,Request timeout: 300.0s exceeded,436,21.16838264042747
212,2026-09-14T02:16:47.425+00:00,2026-09-14T02:21:40.961+00:00,2026-09-14T02:21:47.508+00:00,False,113,112.0,,112.0,293535.91277600004,300082.18324000004,300082.183207,2655.5945416548675,0.01554,293535.91277600004,27608.741239847022,91.0743632,58.44884342857142,198.0148349843573,0.37323108886616074,28,64,,False,False,Request timeout: 300.0s exceeded,431,21.16838264042747
213,2026-09-14T02:16:49.887+00:00,2026-09-14T02:21:43.370+00:00,2026-09-14T02:21:49.894+00:00,False,109,108.0,,108.0,293483.55624400004,300006.975892,300006.975824,2752.357576366973,0.017079999999999998,293483.55624400004,28105.58822307547,88.3954452,60.402033777777774,205.90150141713286,0.35999162912424776,28,64,,False,False,Request timeout: 300.0s exceeded,190,21.16838264042747
214,2026-09-14T02:16:53.574+00:00,2026-09-14T02:21:47.623+00:00,2026-09-14T02:21:53.655+00:00,False,91,90.0,,90.0,294049.176957,300081.178749,300081.17874299997,3297.5953708021975,0.02225,294049.176957,30817.709716872447,88.95450199999999,67.02224213333334,19.676014124227645,0.2999188432116885,28,64,,False,False,Request timeout: 300.0s exceeded,360,21.16838264042747
215,2026-09-14T02:16:56.613+00:00,2026-09-14T02:21:50.068+00:00,2026-09-14T02:21:56.636+00:00,False,99,98.0,,98.0,293455.93453100004,300023.58381100005,300023.58397700003,3030.5412522929296,0.0505,293455.93453100004,29486.7023568139,89.41865200000001,67.01682938775511,19.935347611559553,0.32664098853553836,28,64,,False,False,Request timeout: 300.0s exceeded,454,21.16838264042747
216,2026-09-14T02:16:59.428+00:00,2026-09-14T02:21:53.398+00:00,2026-09-14T02:21:59.474+00:00,False,87,86.0,,86.0,293970.39834500005,300046.00461700006,300046.00461000006,3448.804650689656,0.026109999999999998,293970.39834500005,31509.36663248597,88.4472736,70.64658455813954,19.30927017604342,0.2866227134394823,28,64,,False,False,Request timeout: 300.0s exceeded,337,21.16838264042747
217,2026-09-14T02:17:02.425+00:00,2026-09-14T02:21:56.415+00:00,2026-09-14T02:22:02.491+00:00,False,90,89.0,,89.0,293989.291987,300065.98830699996,300065.988461,3334.0665384555555,0.038979999999999994,293989.291987,30982.001718200707,89.16998545,68.27748674157304,20.107215698928922,0.29660142591350064,28,64,,False,False,Request timeout: 300.0s exceeded,434,21.16838264042747
218,2026-09-14T02:17:06.265+00:00,2026-09-14T02:21:59.868+00:00,2026-09-14T02:22:06.297+00:00,False,98,97.0,,97.0,293602.260101,300031.22112500004,300031.221159,3061.5430730510207,0.036529000000000006,293602.260101,29651.619086648832,89.42919950000001,66.27794870103092,20.709966446051933,0.32329968740015735,28,64,,False,False,Request timeout: 300.0s exceeded,231,21.16838264042747
219,2026-09-14T02:17:10.578+00:00,2026-09-14T02:22:04.080+00:00,2026-09-14T02:22:10.623+00:00,False,100,99.0,,99.0,293501.996531,300044.545523,300044.545501,3000.44545501,0.02491,293501.996531,29343.598154169315,89.253271,66.08635345454546,20.569126768182564,0.32995100719939974,28,64,,False,False,Request timeout: 300.0s exceeded,511,21.16838264042747
220,2026-09-14T02:17:13.559+00:00,2026-09-14T02:22:07.404+00:00,2026-09-14T02:22:13.586+00:00,False,102,101.0,,101.0,293845.70623799996,300027.89964599995,300027.89958699996,2941.44999595098,0.0,293845.70623799996,29089.0736121767,89.55832855,61.209835722772276,65.88957929527481,0.33663535997541877,28,64,,False,False,Request timeout: 300.0s exceeded,510,21.16838264042747
221,2026-09-14T02:17:17.963+00:00,2026-09-14T02:22:12.287+00:00,2026-09-14T02:22:18.003+00:00,False,100,99.0,,99.0,294324.158275,300040.091715,300040.09186,3000.4009186,0.0,294324.158275,29426.655261342617,87.92154699999999,57.736701414141415,27.91219355726743,0.3299559050063131,28,64,,False,False,Request timeout: 300.0s exceeded,310,21.16838264042747
222,2026-09-14T02:17:21.345+00:00,2026-09-14T02:22:14.585+00:00,2026-09-14T02:22:21.405+00:00,False,101,100.0,,100.0,293239.46139899996,300059.799319,300059.799251,2970.889101495049,0.03247,293239.46139899996,29171.63686478788,87.33566499999999,68.2033792,19.39304005909801,0.33326690288720706,28,64,,False,False,Request timeout: 300.0s exceeded,234,21.16838264042747
223,2026-09-14T02:17:25.151+00:00,2026-09-14T02:22:18.562+00:00,2026-09-14T02:22:25.157+00:00,False,97,96.0,,96.0,293410.79605199996,300005.69013199996,300005.68993999995,3092.8421643298966,0.030199999999999998,293410.79605199996,29784.384423220403,89.65648000000002,68.69681333333332,20.335220017335967,0.31999393064098486,28,64,,False,False,Request timeout: 300.0s exceeded,420,21.16838264042747
224,2026-09-14T02:17:27.824+00:00,2026-09-14T02:22:21.659+00:00,2026-09-14T02:22:27.895+00:00,False,93,92.0,,92.0,293835.093026,300071.75453000003,300071.75446200004,3226.578004967742,0.02172,293835.093026,30462.257316802486,90.0946672,67.78979895652174,20.798371908581444,0.30659333513112175,28,64,,False,False,Request timeout: 300.0s exceeded,328,21.16838264042747
225,2026-09-14T02:17:31.022+00:00,2026-09-14T02:22:24.369+00:00,2026-09-14T02:22:31.107+00:00,False,100,99.0,,99.0,293346.799115,300085.310475,300085.310291,3000.85310291,0.03618,293346.799115,29327.880515196546,89.51981395000001,68.06577131313132,20.62726262335568,0.32990618515546316,28,64,,False,False,Request timeout: 300.0s exceeded,428,21.16838264042747
226,2026-09-14T02:17:33.847+00:00,2026-09-14T02:22:27.349+00:00,2026-09-14T02:22:33.856+00:00,False,95,94.0,,94.0,293501.292375,300008.083799,300008.08367900003,3157.9798282,0.026319,293501.292375,30105.50240067877,90.51114670000001,69.22118536170213,20.80991258109638,0.3133248904818788,28,64,,False,False,Request timeout: 300.0s exceeded,273,21.16838264042747
227,2026-09-14T02:17:38.184+00:00,2026-09-14T02:22:31.795+00:00,2026-09-14T02:22:38.196+00:00,False,93,92.0,,92.0,293611.92053899996,300012.499355,300012.49941799993,3225.9408539569886,0.02583,293611.92053899996,30438.931292791374,92.77031219999999,69.57150886956522,21.716630283830696,0.3066538900805525,28,64,,False,False,Request timeout: 300.0s exceeded,363,21.16838264042747
228,2026-09-14T02:17:40.933+00:00,2026-09-14T02:22:34.824+00:00,2026-09-14T02:22:40.945+00:00,False,89,88.0,,88.0,293890.29013599997,300011.886808,300011.886724,3370.9200755505613,0.02596,293890.29013599997,31144.94238440363,92.00734399999999,69.56359854545455,21.970351822163767,0.29332171113712496,28,64,,False,False,Request timeout: 300.0s exceeded,418,21.16838264042747
229,2026-09-14T02:17:44.151+00:00,2026-09-14T02:22:38.106+00:00,2026-09-14T02:22:44.217+00:00,False,88,87.0,,87.0,293954.638984,300066.162312,300066.16232500004,3409.842753693182,0.02308,293954.638984,31328.188602332448,91.13350700000001,70.24739457471264,21.35701682199948,0.2899360572004115,28,64,,False,False,Request timeout: 300.0s exceeded,116,21.16838264042747
230,2026-09-14T02:17:48.266+00:00,2026-09-14T02:22:42.153+00:00,2026-09-14T02:22:48.317+00:00,False,92,91.0,,91.0,293887.740683,300051.630859,300051.630643,3261.4307678586956,0.023440000000000003,293887.740683,30632.86046895163,90.0422011,67.73505687912089,21.284138700863572,0.3032811377811262,28,64,,False,False,Request timeout: 300.0s exceeded,440,21.16838264042747
231,2026-09-14T02:17:51.162+00:00,2026-09-14T02:22:44.751+00:00,2026-09-14T02:22:51.182+00:00,False,96,95.0,,95.0,293589.722829,300020.53985299997,300020.539885,3125.2139571354164,0.0402,293589.722829,29957.472846155022,88.37193275,67.69281077894736,19.22541542584523,0.3166449871950328,28,64,,False,False,Request timeout: 300.0s exceeded,523,21.16838264042747
232,2026-09-14T02:17:55.441+00:00,2026-09-14T02:22:49.052+00:00,2026-09-14T02:22:55.463+00:00,False,97,96.0,,96.0,293611.02925300004,300021.883397,300021.8835100001,3093.009108350516,0.022350000000000002,293611.02925300004,29804.909093974016,87.5309718,66.77973066666667,19.46383081701022,0.3199766594124378,28,64,,False,False,Request timeout: 300.0s exceeded,302,21.16838264042747
233,2026-09-14T02:17:57.945+00:00,2026-09-14T02:22:51.677+00:00,2026-09-14T02:22:57.996+00:00,False,95,94.0,,94.0,293731.538733,300050.775085,300050.77498499997,3158.429210368421,0.02375,293731.538733,30129.330098329898,89.72312,67.22591863829787,21.122723257587598,0.31328031055200967,28,64,,False,False,Request timeout: 300.0s exceeded,459,21.16838264042747
234,2026-09-14T02:18:00.541+00:00,2026-09-14T02:22:53.993+00:00,2026-09-14T02:23:00.576+00:00,False,96,95.0,,95.0,293451.78311699996,300034.23841299996,300034.23845299997,3125.356650552083,0.0207,293451.78311699996,29943.23285407175,90.784201,69.28900311578947,21.21390408051475,0.3166305302437904,28,64,,False,False,Request timeout: 300.0s exceeded,436,21.16838264042747
235,2026-09-14T02:18:04.941+00:00,2026-09-14T02:22:58.481+00:00,2026-09-14T02:23:04.983+00:00,False,95,94.0,,94.0,293540.789078,300042.831958,300042.831884,3158.3455987789475,0.03728,293540.789078,30109.55983424766,89.47473970000001,69.1706689361702,20.774023626141233,0.3132886041188883,28,64,,False,False,Request timeout: 300.0s exceeded,506,21.16838264042747
236,2026-09-14T02:18:08.088+00:00,2026-09-14T02:23:01.756+00:00,2026-09-14T02:23:08.100+00:00,False,99,98.0,,98.0,293667.668786,300011.519282,300011.519056,3030.4193844040406,0.0,293667.668786,29508.27992464632,89.6285469,64.73316832653062,66.70583590270708,0.32665412393009996,28,64,,False,False,Request timeout: 300.0s exceeded,519,21.16838264042747
237,2026-09-14T02:18:12.239+00:00,2026-09-14T02:23:06.462+00:00,2026-09-14T02:23:12.265+00:00,False,92,91.0,,91.0,294223.02547000005,300025.61849400005,300025.61843300005,3261.1480264456527,0.0,294223.02547000005,30668.231830499357,89.87285100000001,63.764758505494505,23.47675408202111,0.3033074324012095,28,64,,False,False,Request timeout: 300.0s exceeded,468,21.16838264042747
238,2026-09-14T02:18:15.198+00:00,2026-09-14T02:23:08.776+00:00,2026-09-14T02:23:15.269+00:00,False,94,93.0,,93.0,293577.61297799996,300070.78059399995,300070.780682,3192.242347680851,0.03551,293577.61297799996,30273.02367869123,89.9730066,69.81900662365591,19.50239851823394,0.30992687730509266,28,64,,False,False,Request timeout: 300.0s exceeded,437,21.16838264042747
239,2026-09-14T02:18:18.066+00:00,2026-09-14T02:23:11.766+00:00,2026-09-14T02:23:18.138+00:00,False,93,92.0,,92.0,293699.616176,300071.456688,300071.456707,3226.574803301075,0.026789999999999998,293699.616176,30448.056586130155,90.38334119999999,69.259136,20.68591822035877,0.3065936394465443,28,64,,False,False,Request timeout: 300.0s exceeded,442,21.16838264042747
240,2026-09-14T02:18:20.608+00:00,2026-09-14T02:23:14.175+00:00,2026-09-14T02:23:20.658+00:00,False,92,91.0,,91.0,293567.13407,300050.590582,300050.590574,3261.4194627608695,0.0205,293567.13407,30599.06826088748,91.113439,71.24677485714285,20.478171507184523,0.30328218925845063,28,64,,False,False,Request timeout: 300.0s exceeded,360,21.16838264042747
241,2026-09-14T02:18:23.211+00:00,2026-09-14T02:23:16.771+00:00,2026-09-14T02:23:23.263+00:00,False,100,99.0,,99.0,293559.880191,300051.986175,300051.986028,3000.51986028,0.045630000000000004,293559.880191,29349.43763720027,90.27778749999999,65.57682812121213,20.806726873795068,0.32994282511517853,28,64,,False,False,Request timeout: 300.0s exceeded,468,21.16838264042747
242,2026-09-14T02:18:25.833+00:00,2026-09-14T02:23:19.363+00:00,2026-09-14T02:23:25.906+00:00,False,100,99.0,,99.0,293529.50198,300072.798748,300072.798888,3000.72798888,0.02131,293529.50198,29346.347907353877,89.65290895,66.09390674747475,20.517790877660836,0.32991994080456394,28,64,,False,False,Request timeout: 300.0s exceeded,294,21.16838264042747
243,2026-09-14T02:18:29.007+00:00,2026-09-14T02:23:22.564+00:00,2026-09-14T02:23:29.025+00:00,False,96,95.0,,95.0,293556.657907,300017.698291,300017.69825899997,3125.184356864583,0.02366,293556.657907,29954.066488034096,90.14317750000001,68.01095141052632,20.425116559122024,0.3166479862393166,28,64,,False,False,Request timeout: 300.0s exceeded,458,21.16838264042747
244,2026-09-14T02:18:32.193+00:00,2026-09-14T02:23:25.909+00:00,2026-09-14T02:23:32.715+00:00,False,102,101.0,,101.0,293715.660785,300522.39486500004,300522.39492600004,2946.297989470588,0.02547,293715.660785,29075.518833522205,91.7024036,67.39340673267327,21.388762470876433,0.33608144260054557,28,64,,False,False,Request timeout: 300.0s exceeded,339,21.16838264042747
245,2026-09-14T02:18:34.932+00:00,2026-09-14T02:23:28.548+00:00,2026-09-14T02:23:34.959+00:00,False,99,98.0,,98.0,293616.45626999997,300026.750542,300026.75056899997,3030.573238070707,0.02085,293616.45626999997,29502.997417148476,90.65564470000001,65.41116604081633,20.88014318006176,0.32663754089581165,28,64,,False,False,Request timeout: 300.0s exceeded,441,21.16838264042747
246,2026-09-14T02:18:39.276+00:00,2026-09-14T02:23:32.627+00:00,2026-09-14T02:23:39.301+00:00,False,99,98.0,,98.0,293351.220806,300025.128262,300025.128139,3030.556849888889,0.02253,293351.220806,29476.069592013264,90.0070309,68.10109648979592,20.423500620678798,0.32663930707304123,28,64,,False,False,Request timeout: 300.0s exceeded,377,21.16838264042747
247,2026-09-14T02:18:43.630+00:00,2026-09-14T02:23:36.820+00:00,2026-09-14T02:23:43.724+00:00,False,103,102.0,,102.0,293190.016715,300094.504395,300094.50443,2913.538877961165,0.03429,293190.016715,28882.20731547533,87.52397609999998,67.69105568627451,19.26177021992569,0.33989292874801297,28,64,,False,False,Request timeout: 300.0s exceeded,351,21.16838264042747
248,2026-09-14T02:18:46.312+00:00,2026-09-14T02:23:40.023+00:00,2026-09-14T02:23:46.344+00:00,False,95,94.0,,94.0,293710.860139,300031.705195,300031.705108,3158.2284748210527,0.03628,293710.860139,30127.205355393562,86.2501194,67.2430325106383,18.983722523112846,0.31330022251783846,28,64,,False,False,Request timeout: 300.0s exceeded,435,21.16838264042747
249,2026-09-14T02:18:50.553+00:00,2026-09-14T02:23:44.338+00:00,2026-09-14T02:23:50.619+00:00,False,93,92.0,,92.0,293785.11197100003,300066.693795,300066.693672,3226.523587870968,0.028739999999999998,293785.11197100003,30457.022884728987,88.8815402,68.27806330434782,19.24711021737718,0.306598505940325,28,64,,False,False,Request timeout: 300.0s exceeded,419,21.16838264042747
250,2026-09-14T02:18:54.285+00:00,2026-09-14T02:23:48.205+00:00,2026-09-14T02:23:54.298+00:00,False,89,88.0,,88.0,293920.439273,300012.727273,300012.727243,3370.9295195842697,0.03527,293920.439273,31148.172126500587,89.6933662,69.23054545454545,19.920514052453644,0.293320889416546,28,64,,False,False,Request timeout: 300.0s exceeded,194,21.16838264042747
251,2026-09-14T02:18:57.388+00:00,2026-09-14T02:23:51.663+00:00,2026-09-14T02:23:57.419+00:00,False,84,83.0,,83.0,294275.315499,300031.513387,300031.51333000005,3571.803730119048,0.03519,294275.315499,32100.508652340635,89.59305165000002,69.35178178313252,20.239488064787768,0.27663760737340026,28,64,,False,False,Request timeout: 300.0s exceeded,421,21.16838264042747
252,2026-09-14T02:19:01.640+00:00,2026-09-14T02:23:55.455+00:00,2026-09-14T02:24:01.715+00:00,False,104,103.0,,103.0,293814.77515899995,300074.89291899995,300074.89311799995,2885.3355107499997,0.0,293814.77515899995,28805.023606124087,92.49967045,60.77784233009709,65.73989324627101,0.3432476439400183,28,64,,False,False,Request timeout: 300.0s exceeded,342,21.16838264042747
253,2026-09-14T02:19:05.054+00:00,2026-09-14T02:23:59.794+00:00,2026-09-14T02:24:05.084+00:00,False,85,84.0,,84.0,294739.747663,300029.522255,300029.522453,3529.7590876823533,0.0,294739.747663,31962.264588107202,96.7583772,62.973507047619044,72.31153243590141,0.27997244860659753,28,64,,False,False,Request timeout: 300.0s exceeded,249,21.16838264042747
254,2026-09-14T02:19:09.177+00:00,2026-09-14T02:24:03.258+00:00,2026-09-14T02:24:09.213+00:00,False,91,90.0,,90.0,294080.397556,300035.913972,300035.913879,3297.0979547142856,0.0366,294080.397556,30821.071902914577,88.56309249999998,66.17240462222222,20.132271682160845,0.29996409032686333,28,64,,False,False,Request timeout: 300.0s exceeded,451,21.16838264042747
255,2026-09-14T02:19:13.597+00:00,2026-09-14T02:24:07.509+00:00,2026-09-14T02:24:13.672+00:00,False,93,92.0,,92.0,293912.853701,300075.23552499997,300075.235576,3226.615436301075,0.03608,293912.853701,30470.40376557368,88.6397246,66.98241113043478,19.768965146250085,0.3065897785235105,28,64,,False,False,Request timeout: 300.0s exceeded,294,21.16838264042747
256,2026-09-14T02:19:17.406+00:00,2026-09-14T02:24:11.215+00:00,2026-09-14T02:24:17.451+00:00,False,93,92.0,,92.0,293808.71342000004,300044.7136760001,300044.71371100005,3226.2872442043017,0.03597,293808.71342000004,30459.522398523754,88.1550858,67.78261147826088,20.460444626430366,0.30662096616488027,28,64,,False,False,Request timeout: 300.0s exceeded,304,21.16838264042747
257,2026-09-14T02:19:20.065+00:00,2026-09-14T02:24:14.234+00:00,2026-09-14T02:24:20.132+00:00,False,85,84.0,,84.0,294168.295017,300066.381161,300066.381202,3530.1927200235295,0.028079999999999997,294168.295017,31899.42179855349,90.0434654,70.21531123809524,20.10701335414202,0.2799380579556827,28,64,,False,False,Request timeout: 300.0s exceeded,356,21.16838264042747
258,2026-09-14T02:19:22.494+00:00,2026-09-14T02:24:16.260+00:00,2026-09-14T02:24:22.537+00:00,False,92,91.0,,91.0,293765.737162,300043.621322,300043.621415,3261.3437110326086,0.021089,293765.737162,30620.009235032725,89.92477605,68.98773802197802,19.948759545456955,0.3032892337422527,28,64,,False,False,Request timeout: 300.0s exceeded,443,21.16838264042747
259,2026-09-14T02:19:25.044+00:00,2026-09-14T02:24:18.644+00:00,2026-09-14T02:24:25.056+00:00,False,95,94.0,,94.0,293599.941278,300012.26511800004,300012.265257,3158.0238448105265,0.02462,293599.941278,30115.72618783057,88.14378839999999,68.21621106382979,20.092158111013973,0.3133205236226865,28,64,,False,False,Request timeout: 300.0s exceeded,447,21.16838264042747
260,2026-09-14T02:19:28.285+00:00,2026-09-14T02:24:21.736+00:00,2026-09-14T02:24:28.340+00:00,False,99,98.0,,98.0,293451.320919,300055.323991,300055.32376400003,3030.8618562020206,0.02152,293451.320919,29486.20145190115,88.16980190000002,67.38778644897958,20.028695488860844,0.3266064360948965,28,64,,False,False,Request timeout: 300.0s exceeded,371,21.16838264042747
261,2026-09-14T02:19:31.552+00:00,2026-09-14T02:24:25.056+00:00,2026-09-14T02:24:31.585+00:00,False,98,97.0,,97.0,293504.268526,300033.47403000004,300033.47413800005,3061.5660626326535,0.02271,293504.268526,29641.61551806312,88.3492587,67.3113969484536,19.924249121964905,0.3232972597927559,28,64,,False,False,Request timeout: 300.0s exceeded,470,21.16838264042747
262,2026-09-14T02:19:34.700+00:00,2026-09-14T02:24:28.175+00:00,2026-09-14T02:24:34.767+00:00,False,99,98.0,,98.0,293475.566515,300067.759027,300067.758844,3030.9874630707072,0.023129999999999998,293475.566515,29488.650239532224,87.671896,67.26727053061225,19.882144886194396,0.32659290127594814,28,64,,False,False,Request timeout: 300.0s exceeded,443,21.16838264042747
263,2026-09-14T02:19:37.112+00:00,2026-09-14T02:24:30.736+00:00,2026-09-14T02:24:37.142+00:00,False,95,94.0,,94.0,293624.70462599996,300030.10341,300030.10345899995,3158.2116153578945,0.02184,293624.70462599996,30118.274179772772,89.16726899999999,68.14254025531915,19.737590154391704,0.31330189514865525,28,64,,False,False,Request timeout: 300.0s exceeded,403,21.16838264042747
264,2026-09-14T02:19:41.411+00:00,2026-09-14T02:24:35.239+00:00,2026-09-14T02:24:41.438+00:00,False,89,88.0,,88.0,293827.263471,300026.161647,300026.16163,3371.080467752809,0.03871,293827.263471,31138.167110979433,88.456181,70.44202472727274,19.943111039416625,0.29330775528681274,28,64,,False,False,Request timeout: 300.0s exceeded,415,21.16838264042747
265,2026-09-14T02:19:45.510+00:00,2026-09-14T02:24:39.227+00:00,2026-09-14T02:24:47.593+00:00,False,89,88.0,,88.0,293716.712786,302083.394898,302083.394927,3394.1954486179775,0.04355,293716.712786,31124.6851864349,90.7275618,95.07593309090909,231.87651519610085,0.29131028545846965,28,64,,False,False,Request timeout: 300.0s exceeded,411,21.16838264042747
266,2026-09-14T02:19:49.420+00:00,2026-09-14T02:24:42.649+00:00,2026-09-14T02:24:49.443+00:00,False,113,112.0,,112.0,293229.135737,300023.474809,300023.474778,2655.074998035398,0.015130000000000001,293229.135737,27579.78837353718,94.77413759999999,60.66374171428571,213.42351945681688,0.37330412252341616,28,64,,False,False,Request timeout: 300.0s exceeded,559,21.16838264042747
267,2026-09-14T02:19:53.087+00:00,2026-09-14T02:24:47.823+00:00,2026-09-14T02:24:53.161+00:00,False,79,78.0,,78.0,294735.26103600004,300073.37662000005,300073.37653300003,3798.397171303798,0.024739999999999998,294735.26103600004,33152.615195525366,92.6132559,68.43737928205128,22.272098887384942,0.25993642247967846,28,64,,False,False,Request timeout: 300.0s exceeded,257,21.16838264042747
268,2026-09-14T02:19:56.616+00:00,2026-09-14T02:24:50.410+00:00,2026-09-14T02:24:57.006+00:00,False,87,86.0,,86.0,293794.372022,300390.55839,300390.55833200004,3452.765038298851,0.042908999999999996,293794.372022,31489.91004149265,89.283735,76.69984148837209,66.89938830554969,0.2862939516505887,28,64,,False,False,Request timeout: 300.0s exceeded,436,21.16838264042747
269,2026-09-14T02:20:00.123+00:00,2026-09-14T02:24:53.848+00:00,2026-09-14T02:25:00.161+00:00,False,96,95.0,,95.0,293725.19301,300038.554162,300038.554089,3125.40160509375,0.0,293725.19301,29971.498581677122,88.14329399999998,66.45643317894736,69.30454162953059,0.316625975836114,28,64,,False,False,Request timeout: 300.0s exceeded,397,21.16838264042747
270,2026-09-14T02:20:04.178+00:00,2026-09-14T02:24:58.183+00:00,2026-09-14T02:25:04.189+00:00,False,91,90.0,,90.0,294005.22423299996,300011.06103299995,300011.06121099996,3296.824848472527,0.02866,294005.22423299996,30813.132502005174,85.37062999999998,66.73152,19.36613481946936,0.29998893937480653,28,64,,False,False,Request timeout: 300.0s exceeded,504,21.16838264042747
271,2026-09-14T02:20:07.394+00:00,2026-09-14T02:25:00.887+00:00,2026-09-14T02:25:07.409+00:00,False,99,98.0,,98.0,293492.409048,300014.82364,300014.823704,3030.4527646868687,0.03633,293492.409048,29490.41454918944,87.26418499999998,66.55525093877552,19.8992241836105,0.32665052616731427,28,64,,False,False,Request timeout: 300.0s exceeded,612,21.16838264042747
272,2026-09-14T02:20:11.376+00:00,2026-09-14T02:25:04.998+00:00,2026-09-14T02:25:11.423+00:00,False,94,93.0,,93.0,293622.87407599995,300047.7378199999,300047.73781799997,3191.9972108297866,0.02113,293622.87407599995,30277.768119160835,88.98587065,69.08455638709678,20.06364086904777,0.30995067876762716,28,64,,False,False,Request timeout: 300.0s exceeded,390,21.16838264042747
273,2026-09-14T02:20:13.881+00:00,2026-09-14T02:25:07.668+00:00,2026-09-14T02:25:13.893+00:00,False,87,86.0,,86.0,293787.56072899996,300012.52354499995,300012.523625,3448.4198117816086,0.04882,293787.56072899996,31489.57791385975,89.4280443,72.38328855813953,18.84502278142037,0.28665470022320766,28,64,,False,False,Request timeout: 300.0s exceeded,408,21.16838264042747
274,2026-09-14T02:20:17.796+00:00,2026-09-14T02:25:11.890+00:00,2026-09-14T02:25:17.859+00:00,False,86,85.0,,85.0,294094.15837699996,300063.382825,300063.38275999995,3489.1091018604648,0.019710000000000002,294094.15837699996,31705.422497644537,91.17298999999998,70.22616997647059,20.421688406050098,0.28327348442103273,28,64,,False,False,Request timeout: 300.0s exceeded,439,21.16838264042747
275,2026-09-14T02:20:22.040+00:00,2026-09-14T02:25:15.541+00:00,2026-09-14T02:25:22.602+00:00,False,104,103.0,,103.0,293501.581499,300562.176187,300562.176179,2890.020924798077,0.02451,293501.581499,28773.48336247359,90.31923230000001,68.54946299029126,20.56826368249544,0.34269115730622324,28,64,,False,False,Request timeout: 300.0s exceeded,445,21.16838264042747
276,2026-09-14T02:20:25.195+00:00,2026-09-14T02:25:18.756+00:00,2026-09-14T02:25:25.217+00:00,False,99,98.0,,98.0,293560.91890600004,300022.44108200003,300022.44126000005,3030.5297096969703,0.02222,293560.91890600004,29497.362956134926,87.85340690000001,65.93389975510203,20.577573454174466,0.32664223264957476,28,64,,False,False,Request timeout: 300.0s exceeded,496,21.16838264042747
277,2026-09-14T02:20:29.001+00:00,2026-09-14T02:25:22.811+00:00,2026-09-14T02:25:29.027+00:00,False,93,92.0,,92.0,293810.56952200003,300026.491442,300026.49153600005,3226.09130683871,0.03452,293810.56952200003,30459.73774156401,90.78542800000001,67.56436869565218,20.823888068283697,0.306639588917051,28,64,,False,False,Request timeout: 300.0s exceeded,460,21.16838264042747
278,2026-09-14T02:20:33.412+00:00,2026-09-14T02:25:27.072+00:00,2026-09-14T02:25:33.476+00:00,False,90,89.0,,89.0,293660.176563,300064.034995,300064.03500100004,3334.0448333444447,0.020239999999999998,293660.176563,30946.922856628535,91.27580145,71.95346552808988,20.758075188566153,0.2966033566851256,28,64,,False,False,Request timeout: 300.0s exceeded,439,21.16838264042747
279,2026-09-14T02:20:37.106+00:00,2026-09-14T02:25:31.049+00:00,2026-09-14T02:25:37.125+00:00,False,89,88.0,,88.0,293942.57289,300019.011162,300019.01112700003,3371.000125022472,0.031670000000000004,293942.57289,31150.53751100074,88.97136200000001,69.05043490909091,20.13227290446471,0.2933147458195008,28,64,,False,False,Request timeout: 300.0s exceeded,422,21.16838264042747
280,2026-09-14T02:20:39.666+00:00,2026-09-14T02:25:33.477+00:00,2026-09-14T02:25:39.692+00:00,False,92,91.0,,91.0,293811.21201,300026.005994,300026.00600500003,3261.152239184783,0.02975,293811.21201,30624.822598524806,88.08888200000001,68.29443938461539,19.952452220453065,0.30330704066306785,28,64,,False,False,Request timeout: 300.0s exceeded,409,21.16838264042747
281,2026-09-14T02:20:42.555+00:00,2026-09-14T02:25:36.116+00:00,2026-09-14T02:25:42.632+00:00,False,95,94.0,,94.0,293561.379768,300076.99832799996,300076.99813799997,3158.7052435578944,0.03587,293561.379768,30111.65683141435,87.00788,69.3150910638298,19.65178157507002,0.3132529334929332,28,64,,False,False,Request timeout: 300.0s exceeded,431,21.16838264042747
282,2026-09-14T02:20:45.825+00:00,2026-09-14T02:25:39.554+00:00,2026-09-14T02:25:45.846+00:00,False,95,94.0,,94.0,293729.633935,300021.282959,300021.28293,3158.1187676842105,0.02889,293729.633935,30129.16473061382,90.1354034,66.93243642553192,21.0502758012695,0.3133111060419196,28,64,,False,False,Request timeout: 300.0s exceeded,349,21.16838264042747
283,2026-09-14T02:20:49.088+00:00,2026-09-14T02:25:42.928+00:00,2026-09-14T02:25:49.159+00:00,False,92,91.0,,91.0,293840.00257300003,300071.00135700003,300071.001178,3261.6413171521745,0.0993,293840.00257300003,30627.805982144553,90.995882,68.4725141098901,20.45203272871169,0.3032615600590329,28,64,,False,False,Request timeout: 300.0s exceeded,287,21.16838264042747
284,2026-09-14T02:20:51.941+00:00,2026-09-14T02:25:45.850+00:00,2026-09-14T02:25:51.953+00:00,False,89,88.0,,88.0,293909.09525199997,300012.01314,300012.012964,3370.921493977528,0.0,293909.09525199997,31147.03307919631,89.4920908,69.35133963636365,72.1073390907697,0.2933215876223429,28,64,,False,False,Request timeout: 300.0s exceeded,379,21.16838264042747
285,2026-09-14T02:20:54.638+00:00,2026-09-14T02:25:48.388+00:00,2026-09-14T02:25:54.681+00:00,False,99,98.0,,98.0,293750.81177,300043.74514599994,300043.744998,3030.744898969697,0.0,293750.81177,29516.691918926062,88.804804,64.21360587755102,68.30208092550659,0.3266190400080283,28,64,,False,False,Request timeout: 300.0s exceeded,146,21.16838264042747
286,2026-09-14T02:20:57.444+00:00,2026-09-14T02:25:51.608+00:00,2026-09-14T02:25:57.470+00:00,False,104,103.0,,103.0,294164.383428,300026.571716,300026.571785,2884.8708825480767,0.0,294164.383428,28839.624151288648,90.70020945,56.91444939805825,28.642928615363445,0.3433029261738125,28,64,,False,False,Request timeout: 300.0s exceeded,500,21.16838264042747
287,2026-09-14T02:21:01.329+00:00,2026-09-14T02:25:55.329+00:00,2026-09-14T02:26:01.356+00:00,False,89,88.0,,88.0,293999.689207,300026.522871,300026.522748,3371.084525258427,0.024579999999999998,293999.689207,31156.65194069741,90.20535539999999,68.48674618181819,20.6919231570789,0.29330740215203127,28,64,,False,False,Request timeout: 300.0s exceeded,459,21.16838264042747
288,2026-09-14T02:21:04.772+00:00,2026-09-14T02:25:58.251+00:00,2026-09-14T02:26:04.820+00:00,False,95,94.0,,94.0,293478.740458,300048.06551399996,300048.06561499997,3158.4006906842105,0.03136,293478.740458,30103.12002023678,90.11876469999999,69.88643676595744,20.292402801646844,0.31328313961622273,28,64,,False,False,Request timeout: 300.0s exceeded,473,21.16838264042747
289,2026-09-14T02:21:08.567+00:00,2026-09-14T02:26:01.971+00:00,2026-09-14T02:26:08.644+00:00,False,102,101.0,,101.0,293404.219858,300076.616402,300076.616177,2941.927609578431,0.048920000000000005,293404.219858,29044.812870381258,89.98840254999999,66.06333211881189,20.802196262149863,0.3365807079905705,28,64,,False,False,Request timeout: 300.0s exceeded,407,21.16838264042747
290,2026-09-14T02:21:11.960+00:00,2026-09-14T02:26:05.882+00:00,2026-09-14T02:26:11.975+00:00,False,91,90.0,,90.0,293922.06363700004,300015.014421,300015.01450700004,3296.868291285715,0.037289,293922.06363700004,30804.3144173229,89.42669099999999,67.69945315555556,20.882517409577442,0.29998498633040516,28,64,,False,False,Request timeout: 300.0s exceeded,363,21.16838264042747
291,2026-09-14T02:21:15.855+00:00,2026-09-14T02:26:09.640+00:00,2026-09-14T02:26:15.866+00:00,False,89,88.0,,88.0,293785.064829,300010.96025299997,300010.960208,3370.9096652584267,0.02061,293785.064829,31133.66165345552,89.55894099999999,70.74881163636364,20.112887952628704,0.29332261703302237,28,64,,False,False,Request timeout: 300.0s exceeded,412,21.16838264042747
292,2026-09-14T02:21:19.966+00:00,2026-09-14T02:26:13.711+00:00,2026-09-14T02:26:19.990+00:00,False,95,94.0,,94.0,293745.000683,300023.943915,300023.944121,3158.1467802210527,0.0356,293745.000683,30130.754811307583,89.01464170000001,66.79726842553191,20.490618795748965,0.3133083272401459,28,64,,False,False,Request timeout: 300.0s exceeded,271,21.16838264042747
293,2026-09-14T02:21:23.908+00:00,2026-09-14T02:26:17.525+00:00,2026-09-14T02:26:23.961+00:00,False,98,97.0,,97.0,293616.939385,300053.06917699997,300053.06929099996,3061.766013173469,0.02729,293616.939385,29653.094680875536,90.7042795,66.3518535257732,21.03805609604377,0.3232761466698417,28,64,,False,False,Request timeout: 300.0s exceeded,330,21.16838264042747
294,2026-09-14T02:21:26.475+00:00,2026-09-14T02:26:20.069+00:00,2026-09-14T02:26:26.489+00:00,False,94,93.0,,93.0,293594.262255,300013.93995100004,300013.940066,3191.637660276596,0.0438,293594.262255,30274.822948833946,89.17724985000001,69.02879243010753,20.30855768185966,0.30998559605326764,28,64,,False,False,Request timeout: 300.0s exceeded,438,21.16838264042747
295,2026-09-14T02:21:29.577+00:00,2026-09-14T02:26:23.137+00:00,2026-09-14T02:26:29.672+00:00,False,97,96.0,,96.0,293560.062518,300094.837302,300094.83746500005,3093.7612109793818,0.032909999999999995,293560.062518,29799.603782497165,89.4039076,68.07057066666667,20.430453687788777,0.3198988721801653,28,64,,False,False,Request timeout: 300.0s exceeded,234,21.16838264042747
296,2026-09-14T02:21:32.708+00:00,2026-09-14T02:26:26.358+00:00,2026-09-14T02:26:32.768+00:00,False,96,95.0,,95.0,293650.15823,300059.326358,300059.326573,3125.617985135417,0.04126,293650.15823,29963.664753047335,90.08741,67.4649276631579,19.979057419878128,0.3166040567812772,28,64,,False,False,Request timeout: 300.0s exceeded,392,21.16838264042747
297,2026-09-14T02:21:36.540+00:00,2026-09-14T02:26:30.228+00:00,2026-09-14T02:26:36.613+00:00,False,95,94.0,,94.0,293688.11727999995,300073.36399999994,300073.36405399995,3158.6669900421048,0.13158,293688.11727999995,30124.802257329393,88.0299007,67.92815659574468,19.864659699368353,0.3132567274448258,28,64,,False,False,Request timeout: 300.0s exceeded,183,21.16838264042747
298,2026-09-14T02:21:39.232+00:00,2026-09-14T02:26:32.765+00:00,2026-09-14T02:26:39.239+00:00,False,98,97.0,,97.0,293533.745037,300006.796941,300006.79669499997,3061.2938438265305,0.03692,293533.745037,29644.651703456133,88.43831685,66.7324938556701,20.119336278215094,0.32332600790733496,28,64,,False,False,Request timeout: 300.0s exceeded,431,21.16838264042747
299,2026-09-14T02:21:42.555+00:00,2026-09-14T02:26:36.176+00:00,2026-09-14T02:26:42.597+00:00,False,97,96.0,,96.0,293621.395494,300042.084134,300042.084134,3093.2173622061855,0.02056,293621.395494,29805.952100986997,88.8260246,66.88217333333334,20.775652890690434,0.31995511655333664,28,64,,False,False,Request timeout: 300.0s exceeded,459,21.16838264042747
300,2026-09-14T02:21:46.310+00:00,2026-09-14T02:26:38.370+00:00,2026-09-14T02:26:46.457+00:00,False,116,115.0,,115.0,292060.368772,300146.983556,300146.98362300004,2587.47399675,0.03823,292060.368772,27110.651643670037,88.68756775,70.31838942608697,55.37851745854908,0.38314561298445915,28,64,,False,False,Request timeout: 300.0s exceeded,511,21.16838264042747
301,2026-09-14T02:21:48.830+00:00,2026-09-14T02:26:42.898+00:00,2026-09-14T02:26:48.849+00:00,False,97,96.0,,96.0,294068.021793,300018.736673,300018.736645,3092.976666443299,0.0,294068.021793,29851.859234358293,91.73935820000001,61.98661333333334,64.61398345474453,0.31998001546361243,28,64,,False,False,Request timeout: 300.0s exceeded,441,21.16838264042747
302,2026-09-14T02:21:51.861+00:00,2026-09-14T02:26:47.028+00:00,2026-09-14T02:26:51.936+00:00,False,76,75.0,,75.0,295166.162446,300074.19572599995,300074.19583,3948.3446819736837,0.03638,295166.162446,33850.38079820755,90.59784625,65.44044373333334,21.031541179707453,0.24993818551623503,28,64,,False,False,Request timeout: 300.0s exceeded,392,21.16838264042747
303,2026-09-14T02:21:55.696+00:00,2026-09-14T02:26:49.264+00:00,2026-09-14T02:26:55.726+00:00,False,97,96.0,,96.0,293567.669514,300029.156618,300029.156567,3093.084088319588,0.02595,293567.669514,29800.45331882081,88.48589820000001,67.30715733333332,19.907879270805566,0.3199689026297805,28,64,,False,False,Request timeout: 300.0s exceeded,418,21.16838264042747
304,2026-09-14T02:21:59.318+00:00,2026-09-14T02:26:53.226+00:00,2026-09-14T02:26:59.408+00:00,False,89,88.0,,88.0,293908.591875,300090.88256299996,300090.882568,3371.8076693033704,0.02085,293908.591875,31146.807659368522,89.10558999999999,70.25330327272727,19.547647119509158,0.29324449729500063,28,64,,False,False,Request timeout: 300.0s exceeded,316,21.16838264042747
305,2026-09-14T02:22:02.549+00:00,2026-09-14T02:26:56.363+00:00,2026-09-14T02:27:02.632+00:00,False,89,88.0,,88.0,293813.247578,300082.57801,300082.57807600003,3371.7143604044945,0.023559999999999998,293813.247578,31136.59630043724,89.51341479999999,71.24239127272726,19.479123663528146,0.2932526126094114,28,64,,False,False,Request timeout: 300.0s exceeded,313,21.16838264042747
306,2026-09-14T02:22:05.354+00:00,2026-09-14T02:26:59.106+00:00,2026-09-14T02:27:05.398+00:00,False,92,91.0,,91.0,293752.094819,300043.959139,300043.959089,3261.3473814021736,0.023850000000000003,293752.094819,30618.571030123534,88.38873505,69.14136615384616,20.140343457327607,0.30328889227142497,28,64,,False,False,Request timeout: 300.0s exceeded,496,21.16838264042747
307,2026-09-14T02:22:08.144+00:00,2026-09-14T02:27:01.912+00:00,2026-09-14T02:27:08.167+00:00,False,92,91.0,,91.0,293768.056165,300023.011941,300023.011944,3261.1196950434783,0.0364,293768.056165,30620.277025662985,87.81825005,68.73577775824175,19.55552158719896,0.30331006748874084,28,64,,False,False,Request timeout: 300.0s exceeded,404,21.16838264042747
308,2026-09-14T02:22:12.067+00:00,2026-09-14T02:27:05.776+00:00,2026-09-14T02:27:12.375+00:00,False,98,97.0,,97.0,293709.353351,300308.281735,300308.281673,3064.3702211530613,0.02488,293709.353351,29662.259858471203,90.07230599999998,68.0301895257732,20.30873234070708,0.3230014152110376,28,64,,False,False,Request timeout: 300.0s exceeded,474,21.16838264042747
309,2026-09-14T02:22:15.354+00:00,2026-09-14T02:27:09.386+00:00,2026-09-14T02:27:15.381+00:00,False,91,90.0,,90.0,294032.00303100003,300026.170071,300026.170141,3296.99088067033,0.03102,294032.00303100003,30815.95399522005,91.36368699999998,66.601856,20.492551283007526,0.2999738322117096,28,64,,False,False,Request timeout: 300.0s exceeded,439,21.16838264042747
310,2026-09-14T02:22:19.612+00:00,2026-09-14T02:27:13.532+00:00,2026-09-14T02:27:19.634+00:00,False,91,90.0,,90.0,293919.51226,300021.34470799996,300021.344692,3296.9378537582415,0.038149999999999996,293919.51226,30804.036828124095,89.78773,67.7981383111111,21.19729202544977,0.2999786568105472,28,64,,False,False,Request timeout: 300.0s exceeded,480,21.16838264042747
311,2026-09-14T02:22:23.924+00:00,2026-09-14T02:27:17.896+00:00,2026-09-14T02:27:23.956+00:00,False,88,87.0,,87.0,293971.346382,300031.977934,300031.978022,3409.4542957045455,0.0409,293971.346382,31330.03057346666,89.1526655,69.66243163218391,19.166724588996498,0.28996909129178877,28,64,,False,False,Request timeout: 300.0s exceeded,543,21.16838264042747
312,2026-09-14T02:22:26.397+00:00,2026-09-14T02:27:20.544+00:00,2026-09-14T02:27:26.426+00:00,False,82,81.0,,81.0,294147.235381,300029.086005,300029.08603799995,3658.891293146341,0.035439,294147.235381,32475.114393409214,87.37750205,72.61543980246914,18.728067718289957,0.26997382513324103,28,64,,False,False,Request timeout: 300.0s exceeded,324,21.16838264042747
313,2026-09-14T02:22:30.540+00:00,2026-09-14T02:27:24.713+00:00,2026-09-14T02:27:30.578+00:00,False,87,86.0,,86.0,294173.002989,300038.462701,300038.462631,3448.717961275862,0.02418,294173.002989,31531.350432154555,87.7100763,68.20301990697675,19.844090776614415,0.2866299181305377,28,64,,False,False,Request timeout: 300.0s exceeded,427,21.16838264042747
314,2026-09-14T02:22:33.747+00:00,2026-09-14T02:27:27.517+00:00,2026-09-14T02:27:33.802+00:00,False,100,99.0,,99.0,293769.997361,300054.44689699996,300054.44685899996,3000.5444685899997,0.02111,293769.997361,29370.65851505969,87.56667234999999,63.47928824242424,19.95099483161776,0.3299401192810312,28,64,,False,False,Request timeout: 300.0s exceeded,476,21.16838264042747
315,2026-09-14T02:22:36.790+00:00,2026-09-14T02:27:30.576+00:00,2026-09-14T02:27:36.817+00:00,False,96,95.0,,95.0,293786.43579799996,300027.39349399996,300027.39354599995,3125.2853494374995,0.040289,293786.43579799996,29977.754269097768,87.61663,65.6942915368421,20.02924481598122,0.31663775395195654,28,64,,False,False,Request timeout: 300.0s exceeded,480,21.16838264042747
316,2026-09-14T02:22:40.605+00:00,2026-09-14T02:27:34.604+00:00,2026-09-14T02:27:40.620+00:00,False,87,86.0,,86.0,293998.670012,300014.94777200004,300014.947796,3448.447675816092,0.02143,293998.670012,31512.471852991683,89.7499003,69.95671813953489,19.667283772004573,0.2866523839517381,28,64,,False,False,Request timeout: 300.0s exceeded,381,21.16838264042747
317,2026-09-14T02:22:43.028+00:00,2026-09-14T02:27:36.772+00:00,2026-09-14T02:27:43.046+00:00,False,94,93.0,,93.0,293743.96879,300017.86293400003,300017.86291,3191.6793926595747,0.0,293743.96879,30290.497810812878,90.11848815000002,67.46122735483871,69.49700740214102,0.3099815427338697,28,64,,False,False,Request timeout: 300.0s exceeded,424,21.16838264042747
318,2026-09-14T02:22:47.100+00:00,2026-09-14T02:27:40.869+00:00,2026-09-14T02:27:47.121+00:00,False,99,98.0,,98.0,293769.316309,300020.804309,300020.80409600004,3030.513172686869,0.0,293769.316309,29518.593061642638,89.37115769999998,63.79069387755102,67.80571904462505,0.32664401465662024,28,64,,False,False,Request timeout: 300.0s exceeded,398,21.16838264042747
319,2026-09-14T02:22:50.529+00:00,2026-09-14T02:27:44.495+00:00,2026-09-14T02:27:50.602+00:00,False,91,90.0,,90.0,293965.984674,300073.126306,300073.126336,3297.506882813187,0.02149,293965.984674,30808.90173613835,89.48211149999999,67.85712924444445,20.388855620079124,0.2999268915145116,28,64,,False,False,Request timeout: 300.0s exceeded,440,21.16838264042747
320,2026-09-14T02:22:53.378+00:00,2026-09-14T02:27:47.205+00:00,2026-09-14T02:27:53.429+00:00,False,91,90.0,,90.0,293826.729889,300050.805921,300050.805905,3297.2616033516483,0.02009,293826.729889,30794.16756747057,88.1350435,69.15640035555555,20.230423858196776,0.2999492026816818,28,64,,False,False,Request timeout: 300.0s exceeded,380,21.16838264042747
321,2026-09-14T02:22:56.562+00:00,2026-09-14T02:27:49.974+00:00,2026-09-14T02:27:56.582+00:00,False,97,96.0,,96.0,293412.078286,300020.16635,300020.16624,3092.9914045360824,0.02696,293412.078286,29784.500577747825,88.78582600000001,68.83425066666668,20.21371090170258,0.31997849067254874,28,64,,False,False,Request timeout: 300.0s exceeded,397,21.16838264042747
322,2026-09-14T02:22:59.101+00:00,2026-09-14T02:27:52.963+00:00,2026-09-14T02:27:59.151+00:00,False,91,90.0,,90.0,293862.144547,300050.314531,300050.314558,3297.256203934066,0.02002,293862.144547,30797.921997920166,88.6877925,68.75744426666667,20.451583481547605,0.2999496939060918,28,64,,False,False,Request timeout: 300.0s exceeded,428,21.16838264042747
323,2026-09-14T02:23:02.328+00:00,2026-09-14T02:27:56.075+00:00,2026-09-14T02:28:02.335+00:00,False,96,95.0,,95.0,293746.800482,300006.679394,300006.679552,3125.0695786666665,0.02682,293746.800482,29973.689416497833,88.367549,65.89346223157895,21.11434695456467,0.316659616352195,28,64,,False,False,Request timeout: 300.0s exceeded,454,21.16838264042747
324,2026-09-14T02:23:06.749+00:00,2026-09-14T02:28:00.253+00:00,2026-09-14T02:28:06.779+00:00,False,98,97.0,,97.0,293504.63649400003,300030.30945400003,300030.30944300006,3061.533769826531,0.03012,293504.63649400003,29641.656374633567,88.57395985000001,67.27497896907217,19.93522604851895,0.323300669777404,28,64,,False,False,Request timeout: 300.0s exceeded,470,21.16838264042747
325,2026-09-14T02:23:10.912+00:00,2026-09-14T02:28:04.603+00:00,2026-09-14T02:28:10.990+00:00,False,95,94.0,,94.0,293691.290893,300078.66318100004,300078.663383,3158.722772452632,0.04156,293691.290893,30125.12641300756,92.076684,67.9507690212766,21.156314920817042,0.3132511955483537,28,64,,False,False,Request timeout: 300.0s exceeded,459,21.16838264042747
326,2026-09-14T02:23:13.888+00:00,2026-09-14T02:28:07.813+00:00,2026-09-14T02:28:14.679+00:00,False,62,61.0,,61.0,293925.69539999997,300791.007656,300791.007611,4851.467864693548,0.055200000000000006,293925.69539999997,37315.83773898709,90.4303165,112.54610255737705,340.76731202810004,0.20279861580756672,28,64,,False,False,Request timeout: 300.0s exceeded,320,21.16838264042747
327,2026-09-14T02:23:16.499+00:00,2026-09-14T02:28:10.170+00:00,2026-09-14T02:28:16.532+00:00,False,106,105.0,,105.0,293671.209928,300033.26868,300033.268553,2830.502533518868,0.015439999999999999,293671.209928,28519.260572435272,90.36844375000001,60.591035733333335,271.09785138471824,0.3499611908437647,28,64,,False,False,Request timeout: 300.0s exceeded,503,21.16838264042747
328,2026-09-14T02:23:19.134+00:00,2026-09-14T02:28:14.826+00:00,2026-09-14T02:28:19.168+00:00,False,66,65.0,,65.0,295691.639922,300033.396082,300033.396116,4545.960547212121,0.020370000000000003,295691.639922,36388.90937383804,90.63058600000001,66.79624861538461,22.079728844861673,0.21664254995878965,28,64,,False,False,Request timeout: 300.0s exceeded,314,21.16838264042747
329,2026-09-14T02:23:22.611+00:00,2026-09-14T02:28:16.330+00:00,2026-09-14T02:28:22.677+00:00,False,91,90.0,,90.0,293718.093043,300065.05393899995,300065.054034,3297.418176197802,0.03225,293718.093043,30782.6352793936,87.48736550000001,70.52178773333334,18.756348765602276,0.2999349601646583,28,64,,False,False,Request timeout: 300.0s exceeded,278,21.16838264042747
330,2026-09-14T02:23:26.592+00:00,2026-09-14T02:28:20.280+00:00,2026-09-14T02:28:26.670+00:00,False,93,92.0,,92.0,293687.945652,300077.95602000004,300077.956033,3226.644688526882,0.03742,293687.945652,30446.825830015045,90.74186040000001,69.45663443478261,20.536857946442957,0.3065869989925826,28,64,,False,False,Request timeout: 300.0s exceeded,158,21.16838264042747
331,2026-09-14T02:23:30.558+00:00,2026-09-14T02:28:23.870+00:00,2026-09-14T02:28:30.571+00:00,False,101,100.0,,100.0,293312.52038999996,300013.13402199995,300013.13419499993,2970.4270712376233,0.04293,293312.52038999996,29179.02663997051,90.238319,67.00613632,20.86546206089598,0.3333187406144259,28,64,,False,False,Request timeout: 300.0s exceeded,457,21.16838264042747
332,2026-09-14T02:23:34.156+00:00,2026-09-14T02:28:27.890+00:00,2026-09-14T02:28:34.180+00:00,False,93,92.0,,92.0,293734.154015,300024.17027099995,300024.17018699995,3226.066346096774,0.01709,293734.154015,30451.729889497754,89.2327092,68.36974191304348,20.19055469468056,0.30664196126898724,28,64,,False,False,Request timeout: 300.0s exceeded,373,21.16838264042747
333,2026-09-14T02:23:37.046+00:00,2026-09-14T02:28:31.094+00:00,2026-09-14T02:28:37.061+00:00,False,84,83.0,,83.0,294048.015186,300015.240786,300015.24095999997,3571.610011428571,0.022420000000000002,294048.015186,32075.43047406452,90.4199785,71.8942843373494,19.792207076952927,0.27665261198914776,28,64,,False,False,Request timeout: 300.0s exceeded,409,21.16838264042747
334,2026-09-14T02:23:41.029+00:00,2026-09-14T02:28:35.046+00:00,2026-09-14T02:28:41.090+00:00,False,92,91.0,,91.0,294017.06658600003,300061.051738,300061.05178800004,3261.533171608696,0.0,294017.06658600003,30646.546174056726,88.88873615,66.41741925274725,67.0250630497469,0.30327161580256395,28,64,,False,False,Request timeout: 300.0s exceeded,568,21.16838264042747
335,2026-09-14T02:23:44.970+00:00,2026-09-14T02:28:39.001+00:00,2026-09-14T02:28:44.985+00:00,False,86,85.0,,85.0,294031.17799299996,300015.31930499995,300015.31937,3488.5502252325578,0.01679,294031.17799299996,31698.61137164928,87.76682924999999,70.40166249411764,19.033282656494283,0.2833188658396066,28,64,,False,False,Request timeout: 300.0s exceeded,441,21.16838264042747
336,2026-09-14T02:23:49.079+00:00,2026-09-14T02:28:42.773+00:00,2026-09-14T02:28:49.116+00:00,False,92,91.0,,91.0,293693.90386,300037.02014800004,300037.02013900003,3261.271958032609,0.0237,293693.90386,30612.444960296583,87.84768355,69.70457459340659,19.315536867402997,0.303295906468849,28,64,,False,False,Request timeout: 300.0s exceeded,393,21.16838264042747
337,2026-09-14T02:23:52.547+00:00,2026-09-14T02:28:45.969+00:00,2026-09-14T02:28:52.561+00:00,False,99,98.0,,98.0,293422.083269,300014.115269,300014.115253,3030.4456086161617,0.0325,293422.083269,29483.27553715584,88.8520529,67.26563265306123,20.473302696588856,0.32665129743022525,28,64,,False,False,Request timeout: 300.0s exceeded,443,21.16838264042747
338,2026-09-14T02:23:55.603+00:00,2026-09-14T02:28:49.068+00:00,2026-09-14T02:28:55.644+00:00,False,100,99.0,,99.0,293465.194942,300041.26508599997,300041.26519999997,3000.4126519999995,0.04301,293465.194942,29339.884074429796,89.69686595000002,66.42495094949496,20.479767532176574,0.3299546146481682,28,64,,False,False,Request timeout: 300.0s exceeded,457,21.16838264042747
339,2026-09-14T02:23:59.167+00:00,2026-09-14T02:28:52.641+00:00,2026-09-14T02:28:59.250+00:00,False,97,96.0,,96.0,293474.02196600003,300083.83342200005,300083.833333,3093.647766319588,0.0308,293474.02196600003,29790.78876216923,90.93098179999998,68.85220266666667,21.060980817894393,0.319910602664815,28,64,,False,False,Request timeout: 300.0s exceeded,604,21.16838264042747
340,2026-09-14T02:24:03.289+00:00,2026-09-14T02:28:56.736+00:00,2026-09-14T02:29:03.336+00:00,False,100,99.0,,99.0,293447.231296,300047.38592000003,300047.385843,3000.4738584300003,0.01916,293447.231296,29338.063481217738,88.6057534,66.66822852525253,20.621876506264066,0.3299478837199262,28,64,,False,False,Request timeout: 300.0s exceeded,402,21.16838264042747
341,2026-09-14T02:24:06.920+00:00,2026-09-14T02:29:00.456+00:00,2026-09-14T02:29:06.937+00:00,False,94,93.0,,93.0,293536.68210000003,300016.93758800003,300016.93768000003,3191.6695497872342,0.03196,293536.68210000003,30268.817528367585,91.86984000000001,69.6801665376344,21.339758298445602,0.3099824988138262,28,64,,False,False,Request timeout: 300.0s exceeded,433,21.16838264042747
342,2026-09-14T02:24:10.704+00:00,2026-09-14T02:29:04.519+00:00,2026-09-14T02:29:10.768+00:00,False,92,91.0,,91.0,293815.316826,300064.079706,300064.079745,3261.5660841847825,0.041049999999999996,293815.316826,30625.212333367428,91.05067804999999,68.66772395604396,21.004754685420224,0.30326855546708875,28,64,,False,False,Request timeout: 300.0s exceeded,569,21.16838264042747
343,2026-09-14T02:24:14.100+00:00,2026-09-14T02:29:07.762+00:00,2026-09-14T02:29:14.143+00:00,False,97,96.0,,96.0,293662.089211,300042.742267,300042.742142,3093.2241457938144,0.04118,293662.089211,29810.125666574502,88.1269298,66.465136,19.88934457521156,0.3199544147432573,28,64,,False,False,Request timeout: 300.0s exceeded,325,21.16838264042747
344,2026-09-14T02:24:18.208+00:00,2026-09-14T02:29:11.743+00:00,2026-09-14T02:29:18.232+00:00,False,101,100.0,,100.0,293535.24307200004,300024.39865600003,300024.39876300003,2970.538601613862,0.022690000000000002,293535.24307200004,29201.398291773912,87.61947500000001,64.89155584000001,20.166135305281536,0.33330622592017034,28,64,,False,False,Request timeout: 300.0s exceeded,329,21.16838264042747
345,2026-09-14T02:24:20.628+00:00,2026-09-14T02:29:14.443+00:00,2026-09-14T02:29:20.649+00:00,False,94,93.0,,93.0,293815.154743,300020.503351,300020.503303,3191.7074819468085,0.016890000000000002,293815.154743,30297.8434134768,88.71753915000001,66.72417858064516,19.45560393713708,0.3099788146518688,28,64,,False,False,Request timeout: 300.0s exceeded,390,21.16838264042747
346,2026-09-14T02:24:24.782+00:00,2026-09-14T02:29:18.139+00:00,2026-09-14T02:29:24.848+00:00,False,96,95.0,,95.0,293357.292142,300065.896814,300065.896691,3125.686423864583,0.03529,293357.292142,29933.45263671441,90.8026985,70.61689128421054,20.11866569672524,0.3165971241939802,28,64,,False,False,Request timeout: 300.0s exceeded,455,21.16838264042747
347,2026-09-14T02:24:27.510+00:00,2026-09-14T02:29:21.576+00:00,2026-09-14T02:29:27.533+00:00,False,83,82.0,,82.0,294065.82847899996,300023.27308699995,300023.27323299996,3614.738231722891,0.019280000000000002,294065.82847899996,32269.949190030547,91.74565510000002,72.65176351219513,19.308370308364733,0.2733121306100206,28,64,,False,False,Request timeout: 300.0s exceeded,316,21.16838264042747
348,2026-09-14T02:24:31.374+00:00,2026-09-14T02:29:24.979+00:00,2026-09-14T02:29:31.388+00:00,False,93,92.0,,92.0,293605.306453,300014.120533,300014.120554,3225.958285526882,0.01977,293605.306453,30438.234730958062,89.58211460000001,69.66102260869566,19.583998770498223,0.3066522330234136,28,64,,False,False,Request timeout: 300.0s exceeded,361,21.16838264042747
349,2026-09-14T02:24:34.577+00:00,2026-09-14T02:29:28.211+00:00,2026-09-14T02:29:34.622+00:00,False,105,104.0,,104.0,293634.621884,300045.37311600003,300045.37317100004,2857.5749825809526,0.0,293634.621884,28649.85662418554,90.5723272,61.641838769230766,62.4274036830135,0.3466142434390839,28,64,,False,False,Request timeout: 300.0s exceeded,482,21.16838264042747
350,2026-09-14T02:24:38.956+00:00,2026-09-14T02:29:33.107+00:00,2026-09-14T02:29:39.007+00:00,False,102,101.0,,101.0,294150.254349,300050.673165,300050.673303,2941.6732676764705,0.0,294150.254349,29119.44386990052,88.49395505000001,58.41998827722772,27.811708388205428,0.33660980971857174,28,64,,False,False,Request timeout: 300.0s exceeded,473,21.16838264042747
351,2026-09-14T02:24:41.469+00:00,2026-09-14T02:29:34.967+00:00,2026-09-14T02:29:41.515+00:00,False,98,97.0,,97.0,293497.44458899996,300045.658861,300045.658816,3061.690396081632,0.030109999999999998,293497.44458899996,29640.90660958181,89.338627,67.50736362886597,20.235304877889504,0.32328413071604045,28,64,,False,False,Request timeout: 300.0s exceeded,490,21.16838264042747
352,2026-09-14T02:24:47.593+00:00,2026-09-14T02:29:41.131+00:00,2026-09-14T02:29:47.682+00:00,False,102,101.0,,101.0,293538.454177,300089.362593,300089.362578,2942.052574294117,0.040979999999999996,293538.454177,29058.222948736056,88.40915905,64.86047936633663,20.52336270345609,0.33656641184240355,28,64,,False,False,Request timeout: 300.0s exceeded,311,21.16838264042747
353,2026-09-14T02:24:48.476+00:00,2026-09-14T02:29:42.462+00:00,2026-09-14T02:29:48.510+00:00,False,98,97.0,,97.0,293986.456863,300034.903327,300034.903254,3061.58064544898,0.01806,293986.456863,29690.82559459209,91.41383569999998,62.355118185567015,21.447043040674473,0.32329571967926113,28,64,,False,False,Request timeout: 300.0s exceeded,597,21.16838264042747
354,2026-09-14T02:24:51.210+00:00,2026-09-14T02:29:44.858+00:00,2026-09-14T02:29:51.238+00:00,False,102,101.0,,101.0,293647.59586,300027.648084,300027.648052,2941.4475299215687,0.04236,293647.59586,29069.197643231022,89.41012644999999,63.1688339009901,21.312706856358943,0.3366356422316207,28,64,,False,False,Request timeout: 300.0s exceeded,516,21.16838264042747
355,2026-09-14T02:24:55.473+00:00,2026-09-14T02:29:49.291+00:00,2026-09-14T02:29:55.535+00:00,False,89,88.0,,88.0,293817.270445,300061.69591699995,300061.69593299995,3371.4797295842695,0.02093,293817.270445,31137.052942578597,90.1615718,70.95938036363636,19.831670404938087,0.2932730208401597,28,64,,False,False,Request timeout: 300.0s exceeded,304,21.16838264042747
356,2026-09-14T02:24:58.129+00:00,2026-09-14T02:29:51.969+00:00,2026-09-14T02:29:58.201+00:00,False,93,92.0,,92.0,293839.92303899996,300071.84931099997,300071.849443,3226.579026268817,0.024619,293839.92303899996,30462.763145941426,88.469793,67.73832904347826,20.263274032744906,0.30659323829023866,28,64,,False,False,Request timeout: 300.0s exceeded,446,21.16838264042747
357,2026-09-14T02:25:01.544+00:00,2026-09-14T02:29:55.452+00:00,2026-09-14T02:30:01.627+00:00,False,90,89.0,,89.0,293907.945798,300083.139142,300083.13922199997,3334.2571024666663,0.03746,293907.945798,30973.310850520204,88.0052885,69.3841948764045,20.76466308197656,0.29658447407098404,28,64,,False,False,Request timeout: 300.0s exceeded,433,21.16838264042747
358,2026-09-14T02:25:04.512+00:00,2026-09-14T02:29:58.764+00:00,2026-09-14T02:30:04.580+00:00,False,83,82.0,,82.0,294252.151603,300067.872563,300067.872616,3615.275573686747,0.04564,294252.151603,32290.59063209639,89.3667763,70.92342634146341,19.50398712108502,0.27327150787455223,28,64,,False,False,Request timeout: 300.0s exceeded,333,21.16838264042747
359,2026-09-14T02:25:08.943+00:00,2026-09-14T02:30:02.622+00:00,2026-09-14T02:30:09.000+00:00,False,95,94.0,,94.0,293679.072497,300057.649137,300057.648942,3158.501567810526,0.02456,293679.072497,30123.88168113672,89.0443657,67.85719829787233,20.04519652295239,0.3132731335806793,28,64,,False,False,Request timeout: 300.0s exceeded,434,21.16838264042747
360,2026-09-14T02:25:12.948+00:00,2026-09-14T02:30:06.587+00:00,2026-09-14T02:30:12.999+00:00,False,94,93.0,,93.0,293638.713764,300050.542244,300050.54242899996,3192.027047117021,0.027190000000000002,293638.713764,30279.41641067979,89.6681725,68.94439225806452,20.209838314626946,0.30994778181194804,28,64,,False,False,Request timeout: 300.0s exceeded,456,21.16838264042747
361,2026-09-14T02:25:15.839+00:00,2026-09-14T02:30:09.433+00:00,2026-09-14T02:30:15.874+00:00,False,98,97.0,,97.0,293594.29164,300035.147704,300035.14775400003,3061.5831403469388,0.031170000000000003,293594.29164,29650.801377210693,88.48714935,66.40057797938144,20.143720252965554,0.32329545635665147,28,64,,False,False,Request timeout: 300.0s exceeded,465,21.16838264042747
362,2026-09-14T02:25:19.241+00:00,2026-09-14T02:30:12.575+00:00,2026-09-14T02:30:19.268+00:00,False,103,102.0,,102.0,293334.083082,300027.563274,300027.563282,2912.888963902913,0.020489999999999998,293334.083082,28896.606958733228,87.909338,65.62235482352942,20.04910582245737,0.33996876449264285,28,64,,False,False,Request timeout: 300.0s exceeded,335,21.16838264042747
363,2026-09-14T02:25:22.765+00:00,2026-09-14T02:30:16.328+00:00,2026-09-14T02:30:22.784+00:00,False,94,93.0,,93.0,293562.69980199996,300019.11170599994,300019.11179299996,3191.6926786489357,0.01841,293562.69980199996,30271.526307350723,87.78834965,69.42378391397848,19.566423877079668,0.30998025249516176,28,64,,False,False,Request timeout: 300.0s exceeded,415,21.16838264042747
364,2026-09-14T02:25:26.234+00:00,2026-09-14T02:30:19.741+00:00,2026-09-14T02:30:26.321+00:00,False,94,93.0,,93.0,293506.922333,300087.486301,300087.486192,3192.4200658723403,0.04226,293506.922333,30265.636016318706,89.79424365000001,70.75875234408602,20.190805427243877,0.3099096238445518,28,64,,False,False,Request timeout: 300.0s exceeded,456,21.16838264042747
365,2026-09-14T02:25:28.683+00:00,2026-09-14T02:30:22.223+00:00,2026-09-14T02:30:28.702+00:00,False,99,98.0,,98.0,293540.46567299997,300019.557897,300019.55797499995,3030.50058560606,0.0,293540.46567299997,29495.35290435773,91.81151139999999,66.11318595918367,64.91187732418253,0.32664537167821733,28,64,,False,False,Request timeout: 300.0s exceeded,464,21.16838264042747
366,2026-09-14T02:25:32.486+00:00,2026-09-14T02:30:26.323+00:00,2026-09-14T02:30:32.527+00:00,False,101,100.0,,100.0,293837.08840899996,300041.29244099994,300041.29260199994,2970.7058673465344,0.0,293837.08840899996,29231.779228914562,91.584707,62.04204032,64.09202673404158,0.3332874591575224,28,64,,False,False,Request timeout: 300.0s exceeded,151,21.16838264042747
367,2026-09-14T02:25:35.074+00:00,2026-09-14T02:30:29.267+00:00,2026-09-14T02:30:35.125+00:00,False,88,87.0,,87.0,294192.577311,300050.885151,300050.885104,3409.6691489090904,0.037689999999999994,294192.577311,31353.862773145105,88.03790785000001,67.33687172413794,20.758980219513145,0.28995081936258055,28,64,,False,False,Request timeout: 300.0s exceeded,376,21.16838264042747
368,2026-09-14T02:25:38.662+00:00,2026-09-14T02:30:32.314+00:00,2026-09-14T02:30:38.719+00:00,False,93,92.0,,92.0,293651.338277,300056.642597,300056.642625,3226.4155120967744,0.019350000000000003,293651.338277,30443.012360855686,89.9165036,69.62287304347826,20.1985421250292,0.3066087762754959,28,64,,False,False,Request timeout: 300.0s exceeded,401,21.16838264042747
369,2026-09-14T02:25:41.984+00:00,2026-09-14T02:30:35.771+00:00,2026-09-14T02:30:42.025+00:00,False,95,94.0,,94.0,293787.824621,300041.935341,300041.93526899995,3158.3361607263155,0.01943,293787.824621,30135.175718767146,89.305396,66.53309276595745,20.728554547235117,0.313289540320983,28,64,,False,False,Request timeout: 300.0s exceeded,402,21.16838264042747
370,2026-09-14T02:25:45.474+00:00,2026-09-14T02:30:38.844+00:00,2026-09-14T02:30:45.504+00:00,False,102,101.0,,101.0,293370.44412400003,300030.828892,300030.82889400003,2941.478714647059,0.018179999999999998,293370.44412400003,29041.47953028168,86.64719700000002,65.94440364356436,19.611316367492087,0.3366320733538894,28,64,,False,False,Request timeout: 300.0s exceeded,456,21.16838264042747
371,2026-09-14T02:25:49.864+00:00,2026-09-14T02:30:43.240+00:00,2026-09-14T02:30:49.919+00:00,False,100,99.0,,99.0,293375.823675,300054.406715,300054.406576,3000.5440657599997,0.01911,293375.823675,29330.84350473066,89.15825645000001,67.46043474747475,20.628181284904432,0.32994016346519767,28,64,,False,False,Request timeout: 300.0s exceeded,450,21.16838264042747
372,2026-09-14T02:25:53.079+00:00,2026-09-14T02:30:47.086+00:00,2026-09-14T02:30:53.101+00:00,False,93,92.0,,92.0,294006.577866,300021.487306,300021.48742900003,3226.037499236559,0.02009,294006.577866,30480.289584079233,91.70157660000001,65.37945043478261,21.064260202027242,0.30664470343807976,28,64,,False,False,Request timeout: 300.0s exceeded,433,21.16838264042747
373,2026-09-14T02:25:55.502+00:00,2026-09-14T02:30:49.094+00:00,2026-09-14T02:30:55.558+00:00,False,98,97.0,,97.0,293591.746836,300055.848724,300055.84866,3061.7943740816327,0.02658,293591.746836,29650.52045854972,88.80175500000001,66.64022564948453,20.662450080292604,0.32327315202318685,28,64,,False,False,Request timeout: 300.0s exceeded,485,21.16838264042747
374,2026-09-14T02:25:59.727+00:00,2026-09-14T02:30:53.187+00:00,2026-09-14T02:30:59.774+00:00,False,95,94.0,,94.0,293460.798467,300047.767811,300047.76783200004,3158.397556126316,0.01852,293460.798467,30101.259747812874,89.30781139999999,70.07414195744681,19.982173670327786,0.3132834504511648,28,64,,False,False,Request timeout: 300.0s exceeded,479,21.16838264042747
375,2026-09-14T02:26:02.140+00:00,2026-09-14T02:30:55.559+00:00,2026-09-14T02:31:02.185+00:00,False,98,97.0,,97.0,293418.925948,300045.168508,300045.16855999996,3061.6853934693877,0.04417,293418.925948,29632.893587456885,89.9726225,68.31177896907217,19.959468055689037,0.3232846590476385,28,64,,False,False,Request timeout: 300.0s exceeded,357,21.16838264042747
376,2026-09-14T02:26:06.593+00:00,2026-09-14T02:30:59.858+00:00,2026-09-14T02:31:06.625+00:00,False,100,99.0,,99.0,293264.84608600003,300031.49312600004,300031.493192,3000.31493192,0.024820000000000002,293264.84608600003,29319.656578905113,88.72304044999998,68.3499701010101,20.3157926327303,0.3299653611976805,28,64,,False,False,Request timeout: 300.0s exceeded,440,21.16838264042747
377,2026-09-14T02:26:09.063+00:00,2026-09-14T02:31:03.008+00:00,2026-09-14T02:31:09.074+00:00,False,88,87.0,,87.0,293945.272993,300011.129505,300011.129558,3409.217381340909,0.02811,293945.272993,31327.245012399428,87.05345185,69.72248864367816,19.613048041839154,0.28998924187760855,28,64,,False,False,Request timeout: 300.0s exceeded,365,21.16838264042747
378,2026-09-14T02:26:11.785+00:00,2026-09-14T02:31:05.731+00:00,2026-09-14T02:31:11.881+00:00,False,90,89.0,,89.0,293946.086285,300095.759757,300095.759693,3334.3973299222225,0.019010000000000003,293946.086285,30977.36142851311,89.1681379,69.09745474157303,20.754594927964387,0.2965720011241312,28,64,,False,False,Request timeout: 300.0s exceeded,204,21.16838264042747
379,2026-09-14T02:26:15.686+00:00,2026-09-14T02:31:09.460+00:00,2026-09-14T02:31:15.738+00:00,False,94,93.0,,93.0,293774.496172,300052.70878,300052.708738,3192.050092957447,0.056670000000000005,293774.496172,30293.56987039359,90.22804615,67.5076624516129,20.791157971147616,0.30994554382839457,28,64,,False,False,Request timeout: 300.0s exceeded,398,21.16838264042747
380,2026-09-14T02:26:19.809+00:00,2026-09-14T02:31:13.363+00:00,2026-09-14T02:31:19.893+00:00,False,101,100.0,,100.0,293554.168411,300083.804763,300083.804727,2971.1267794752475,0.01726,293554.168411,29203.2410360627,88.804423,65.29636352,19.994035968609854,0.3332402429347293,28,64,,False,False,Request timeout: 300.0s exceeded,490,21.16838264042747
381,2026-09-14T02:26:22.388+00:00,2026-09-14T02:31:16.112+00:00,2026-09-14T02:31:22.426+00:00,False,103,102.0,,102.0,293724.174076,300037.931772,300037.93171699997,2912.9896283203884,0.0,293724.174076,28935.481325185014,89.3007012,61.89958525490196,67.35737223730322,0.3399570160932525,28,64,,False,False,Request timeout: 300.0s exceeded,490,21.16838264042747
382,2026-09-14T02:26:26.621+00:00,2026-09-14T02:31:20.567+00:00,2026-09-14T02:31:26.627+00:00,False,92,91.0,,91.0,293946.203191,300005.443895,300005.44391,3260.9287381521735,0.0,293946.203191,30639.150669349903,91.13842905000001,66.58506268131868,71.4872642604652,0.3033278290504936,28,64,,False,False,Request timeout: 300.0s exceeded,121,21.16838264042747
383,2026-09-14T02:26:30.201+00:00,2026-09-14T02:31:23.875+00:00,2026-09-14T02:31:30.227+00:00,False,89,88.0,,88.0,293673.79764099995,300026.19392899994,300026.193971,3371.080831134831,0.037270000000000005,293673.79764099995,31121.714294939335,88.37687939999999,72.18632145454545,19.007580137432104,0.2933077237276985,28,64,,False,False,Request timeout: 300.0s exceeded,459,21.16838264042747
384,2026-09-14T02:26:34.289+00:00,2026-09-14T02:31:27.790+00:00,2026-09-14T02:31:34.324+00:00,False,94,93.0,,93.0,293501.29999,300034.79938200006,300034.799338,3191.859567425532,0.01954,293501.29999,30265.10740731718,88.167892,70.2526816344086,18.768077143074805,0.309964044809328,28,64,,False,False,Request timeout: 300.0s exceeded,370,21.16838264042747
385,2026-09-14T02:26:38.463+00:00,2026-09-14T02:31:31.885+00:00,2026-09-14T02:31:38.478+00:00,False,95,94.0,,94.0,293421.976411,300014.630235,300014.630254,3158.0487395157897,0.019260000000000003,293421.976411,30097.270102860344,88.0606977,70.13461514893616,19.3910793090994,0.3133180536108198,28,64,,False,False,Request timeout: 300.0s exceeded,354,21.16838264042747
386,2026-09-14T02:26:42.544+00:00,2026-09-14T02:31:36.203+00:00,2026-09-14T02:31:42.586+00:00,False,96,95.0,,95.0,293659.423875,300041.54918699997,300041.549372,3125.432805958333,0.054520000000000006,293659.423875,29964.63982581351,88.11821400000001,67.18026644210526,20.501090015203296,0.31662281526480035,28,64,,False,False,Request timeout: 300.0s exceeded,408,21.16838264042747
387,2026-09-14T02:26:46.773+00:00,2026-09-14T02:31:40.466+00:00,2026-09-14T02:31:46.849+00:00,False,99,98.0,,98.0,293693.579857,300075.746897,300075.746796,3031.068149454545,0.01812,293693.579857,29510.777014235988,88.1091039,65.12415346938775,20.21394206405331,0.3265842075322341,28,64,,False,False,Request timeout: 300.0s exceeded,529,21.16838264042747
388,2026-09-14T02:26:51.203+00:00,2026-09-14T02:31:44.335+00:00,2026-09-14T02:31:51.293+00:00,False,106,105.0,,105.0,293132.524607,300090.296127,300090.296119,2831.0405294245284,0.034159999999999996,293132.524607,28465.118777623047,88.94748449999999,66.26449066666666,20.426398404542915,0.3498946862165892,28,64,,False,False,Request timeout: 300.0s exceeded,345,21.16838264042747
389,2026-09-14T02:26:54.356+00:00,2026-09-14T02:31:47.965+00:00,2026-09-14T02:31:54.410+00:00,False,96,95.0,,95.0,293608.99935399997,300053.85234599997,300053.85216899996,3125.5609600937496,0.04201,293608.99935399997,29959.425678532087,89.49135399999999,67.8405578105263,20.01223401431516,0.3166098327258035,28,64,,False,False,Request timeout: 300.0s exceeded,420,21.16838264042747
390,2026-09-14T02:26:57.141+00:00,2026-09-14T02:31:50.919+00:00,2026-09-14T02:31:57.163+00:00,False,97,96.0,,96.0,293777.726951,300021.824231,300021.82409,3093.0084957731956,0.047479999999999994,293777.726951,29822.011966858176,90.64018820000001,65.04268,20.837637402780082,0.3199767225136442,28,64,,False,False,Request timeout: 300.0s exceeded,401,21.16838264042747
391,2026-09-14T02:26:59.922+00:00,2026-09-14T02:31:53.754+00:00,2026-09-14T02:31:59.988+00:00,False,92,91.0,,91.0,293832.388779,300066.38634699996,300066.386099,3261.5911532499995,0.039560000000000005,293832.388779,30627.008904962007,89.4292246,68.50546778021977,20.679588401304226,0.3032662242106872,28,64,,False,False,Request timeout: 300.0s exceeded,454,21.16838264042747
392,2026-09-14T02:27:03.272+00:00,2026-09-14T02:31:57.080+00:00,2026-09-14T02:32:05.619+00:00,False,89,88.0,,88.0,293807.901755,302346.602299,302346.60225,3397.152834269663,0.03332,293807.901755,31134.516203727246,90.146972,97.030688,277.8964518820202,0.29105668570726667,28,64,,False,False,Request timeout: 300.0s exceeded,417,21.16838264042747
393,2026-09-14T02:27:05.989+00:00,2026-09-14T02:31:59.860+00:00,2026-09-14T02:32:06.078+00:00,False,104,103.0,,103.0,293871.404034,300089.297666,300089.297608,2885.4740154615383,0.01508,293871.404034,28811.694022580494,88.6148395,60.367899339805824,258.85840416079975,0.34323116752613814,28,64,,False,False,Request timeout: 300.0s exceeded,535,21.16838264042747
394,2026-09-14T02:27:09.320+00:00,2026-09-14T02:32:05.609+00:00,2026-09-14T02:32:09.405+00:00,False,90,89.0,,89.0,296289.012133,300085.444517,300085.444489,3334.2827165444446,0.01525,296289.012133,31227.129188707346,89.68647290000001,42.656543640449435,36.80775915553031,0.29658219559182286,28,64,,False,False,Request timeout: 300.0s exceeded,436,21.16838264042747
395,2026-09-14T02:27:11.794+00:00,2026-09-14T02:32:06.862+00:00,2026-09-14T02:32:11.817+00:00,False,75,74.0,,74.0,295068.068154,300023.436602,300023.436514,4000.312486853333,0.048909999999999995,295068.068154,34063.79921132298,88.21806069999998,66.96443848648649,20.156354293148183,0.24664739807698982,28,64,,False,False,Request timeout: 300.0s exceeded,371,21.16838264042747
396,2026-09-14T02:27:14.303+00:00,2026-09-14T02:32:08.283+00:00,2026-09-14T02:32:14.313+00:00,False,91,90.0,,90.0,293979.719774,300009.85635,300009.85640499997,3296.811608846154,0.026850000000000002,293979.719774,30810.430618178274,87.79171500000001,67.0015175111111,19.38654593370781,0.2999901439738148,28,64,,False,False,Request timeout: 300.0s exceeded,174,21.16838264042747
397,2026-09-14T02:27:16.781+00:00,2026-09-14T02:32:10.312+00:00,2026-09-14T02:32:16.807+00:00,False,100,99.0,,99.0,293531.19060399994,300026.15610799997,300026.1561329999,3000.2615613299995,0.0,293531.19060399994,29346.62769972169,87.32982339999998,65.60571216161617,64.05966281506532,0.32997123078950197,28,64,,False,False,Request timeout: 300.0s exceeded,472,21.16838264042747
398,2026-09-14T02:27:19.319+00:00,2026-09-14T02:32:12.985+00:00,2026-09-14T02:32:19.395+00:00,False,97,96.0,,96.0,293665.495753,300076.013769,300076.013821,3093.567152793815,0.0,293665.495753,29810.503005949657,88.8744148,66.77622933333333,64.76048184414554,0.3199189391855268,28,64,,False,False,Request timeout: 300.0s exceeded,208,21.16838264042747
399,2026-09-14T02:27:22.406+00:00,2026-09-14T02:32:15.737+00:00,2026-09-14T02:32:22.450+00:00,False,102,101.0,,101.0,293330.930592,300044.22876800003,300044.228851,2941.61008677451,0.0,293330.930592,29037.577035330512,88.98166355,66.46829877227722,63.32100914215706,0.33661703947685373,28,64,,False,False,Request timeout: 300.0s exceeded,454,21.16838264042747
400,2026-09-14T02:27:26.008+00:00,2026-09-14T02:32:19.396+00:00,2026-09-14T02:32:26.033+00:00,False,97,96.0,,96.0,293387.722046,300024.629054,300024.629036,3093.0374127422683,0.035,293387.722046,29781.997357016655,90.14340779999999,69.134448,20.598200919262645,0.31997373116565514,28,64,,False,False,Request timeout: 300.0s exceeded,436,21.16838264042747
401,2026-09-14T02:27:29.171+00:00,2026-09-14T02:32:23.196+00:00,2026-09-14T02:32:29.260+00:00,False,86,85.0,,85.0,294024.395435,300088.25053900003,300088.250444,3489.3982609767445,0.045950000000000005,294024.395435,31697.77942892415,90.98953300000001,71.3394718117647,19.96355796563912,0.2832500101131192,28,64,,False,False,Request timeout: 300.0s exceeded,331,21.16838264042747
402,2026-09-14T02:27:32.839+00:00,2026-09-14T02:32:26.533+00:00,2026-09-14T02:32:32.847+00:00,False,90,89.0,,89.0,293693.725407,300007.394271,300007.39436,3333.415492888889,0.02827,293693.725407,30950.56587217813,90.28727084999998,70.94009959550563,20.514821291259537,0.2966593547344547,28,64,,False,False,Request timeout: 300.0s exceeded,220,21.16838264042747
403,2026-09-14T02:27:36.074+00:00,2026-09-14T02:32:29.982+00:00,2026-09-14T02:32:36.093+00:00,False,90,89.0,,89.0,293907.522809,300018.936057,300018.935972,3333.543733022222,0.0496,293907.522809,30973.341316961883,88.004612,68.66756458426966,20.017667359393496,0.29664794219219237,28,64,,False,False,Request timeout: 300.0s exceeded,204,21.16838264042747
404,2026-09-14T02:27:38.833+00:00,2026-09-14T02:32:32.804+00:00,2026-09-14T02:32:38.917+00:00,False,90,89.0,,89.0,293971.16492799995,300084.16383999994,300084.16371999995,3334.268485777777,0.04265,293971.16492799995,30980.047924525697,87.08215195000001,68.68538103370787,20.04668050299946,0.29658346132338187,28,64,,False,False,Request timeout: 300.0s exceeded,444,21.16838264042747
405,2026-09-14T02:27:42.711+00:00,2026-09-14T02:32:36.484+00:00,2026-09-14T02:32:42.768+00:00,False,94,93.0,,93.0,293773.10472299997,300056.31957099994,300056.31968599994,3192.088507297872,0.01694,293773.10472299997,30293.4201889916,89.18011145,67.56144997849464,19.86238223530729,0.309941814033329,28,64,,False,False,Request timeout: 300.0s exceeded,428,21.16838264042747
406,2026-09-14T02:27:46.955+00:00,2026-09-14T02:32:41.087+00:00,2026-09-14T02:32:47.013+00:00,False,89,88.0,,88.0,294132.205714,300057.74555399996,300057.74556099996,3371.4353433820224,0.02243,294132.205714,31170.820497155804,88.44084,67.33568,20.42397105193387,0.2932768818799349,28,64,,False,False,Request timeout: 300.0s exceeded,401,21.16838264042747
407,2026-09-14T02:27:50.374+00:00,2026-09-14T02:32:44.364+00:00,2026-09-14T02:32:50.421+00:00,False,88,87.0,,87.0,293989.679441,300046.435153,300046.435151,3409.6185812613635,0.02861,293989.679441,31331.990227554117,90.05683135,69.61788174712643,20.126098566869977,0.2899551196321892,28,64,,False,False,Request timeout: 300.0s exceeded,386,21.16838264042747
408,2026-09-14T02:27:53.467+00:00,2026-09-14T02:32:47.264+00:00,2026-09-14T02:32:53.488+00:00,False,91,90.0,,90.0,293796.638084,300020.882052,300020.88217,3296.932771098901,0.052659,293796.638084,30791.01248436287,89.20308649999998,69.1582663111111,19.5896551167439,0.2999791194014325,28,64,,False,False,Request timeout: 300.0s exceeded,423,21.16838264042747
409,2026-09-14T02:27:56.742+00:00,2026-09-14T02:32:50.379+00:00,2026-09-14T02:32:56.810+00:00,False,94,93.0,,93.0,293636.327669,300068.244981,300068.24519800005,3192.2153744468087,0.04079,293636.327669,30279.14728220795,86.9785845,69.16040120430108,19.05298810251996,0.3099294962247293,28,64,,False,False,Request timeout: 300.0s exceeded,449,21.16838264042747
410,2026-09-14T02:28:01.169+00:00,2026-09-14T02:32:54.341+00:00,2026-09-14T02:33:01.195+00:00,False,101,100.0,,100.0,293172.069877,300026.613493,300026.613424,2970.560528950495,0.039990000000000005,293172.069877,29164.896984934945,87.76710499999999,68.54543616,19.181753491521043,0.3333037654085748,28,64,,False,False,Request timeout: 300.0s exceeded,462,21.16838264042747
411,2026-09-14T02:28:03.828+00:00,2026-09-14T02:32:57.790+00:00,2026-09-14T02:33:03.889+00:00,False,90,89.0,,89.0,293962.49828500004,300061.48426900007,300061.484315,3334.016492388889,0.02252,293962.49828500004,30979.150907523162,87.86243395,68.52793240449438,19.938322887232125,0.2966058780146972,28,64,,False,False,Request timeout: 300.0s exceeded,366,21.16838264042747
412,2026-09-14T02:28:07.203+00:00,2026-09-14T02:33:00.512+00:00,2026-09-14T02:33:07.213+00:00,False,100,99.0,,99.0,293308.60458,300010.144164,300010.14415,3000.1014415,0.04089,293308.60458,29324.09837663266,89.85829395,67.69231903030303,20.58261731609585,0.32998884179690213,28,64,,False,False,Request timeout: 300.0s exceeded,399,21.16838264042747
413,2026-09-14T02:28:10.812+00:00,2026-09-14T02:33:04.578+00:00,2026-09-14T02:33:11.167+00:00,False,90,89.0,,89.0,293766.143932,300355.279804,300355.279988,3337.280888755555,0.02096,293766.143932,30957.938296361874,89.81823785,74.03523451685393,67.06203957372773,0.2963157499947326,28,64,,False,False,Request timeout: 300.0s exceeded,399,21.16838264042747
414,2026-09-14T02:28:14.616+00:00,2026-09-14T02:33:07.343+00:00,2026-09-14T02:33:14.753+00:00,False,124,123.0,,123.0,292726.50225300004,300136.54769300006,300136.54754700005,2420.456028604839,0.0,292726.50225300004,26282.277201857105,91.34809865000001,60.2442718699187,61.501447902622324,0.4098134697204977,28,64,,False,False,Request timeout: 300.0s exceeded,589,21.16838264042747
415,2026-09-14T02:28:17.120+00:00,2026-09-14T02:33:10.207+00:00,2026-09-14T02:33:17.165+00:00,False,122,121.0,,121.0,293087.572063,300044.658783,300044.658954,2459.382450442623,0.0,293087.572063,26529.767580974174,91.89432264999999,57.49658446280992,61.66968775804066,0.40327330101720055,28,64,,False,False,Request timeout: 300.0s exceeded,642,21.16838264042747
416,2026-09-14T02:28:20.886+00:00,2026-09-14T02:33:16.033+00:00,2026-09-14T02:33:20.958+00:00,False,75,74.0,,74.0,295147.64073000004,300072.47298600007,300072.47300800006,4000.966306773334,0.017839999999999998,295147.64073000004,34073.0354024143,88.6498703,66.55178724324324,20.654577038826506,0.24660709215887483,28,64,,False,False,Request timeout: 300.0s exceeded,182,21.16838264042747
417,2026-09-14T02:28:24.707+00:00,2026-09-14T02:33:18.443+00:00,2026-09-14T02:33:24.725+00:00,False,89,88.0,,88.0,293735.91949199996,300018.21043599996,300018.21049699996,3370.991129179775,0.02944,293735.91949199996,31128.383835427936,89.59581899999999,71.38966981818182,19.325925743102722,0.2933155286544588,28,64,,False,False,Request timeout: 300.0s exceeded,354,21.16838264042747
418,2026-09-14T02:28:28.771+00:00,2026-09-14T02:33:22.358+00:00,2026-09-14T02:33:28.810+00:00,False,94,93.0,,93.0,293587.484459,300039.571755,300039.571685,3191.910337074468,0.03438,293587.484459,30274.087433581066,88.74431045,69.37728275268817,19.54792937476618,0.30995911457952613,28,64,,False,False,Request timeout: 300.0s exceeded,392,21.16838264042747
419,2026-09-14T02:28:32.696+00:00,2026-09-14T02:33:26.413+00:00,2026-09-14T02:33:32.759+00:00,False,98,97.0,,97.0,293716.21932200005,300062.47417000006,300062.47410100006,3061.8619806224497,0.02026,293716.21932200005,29663.21665142644,88.6541797,65.42530771134021,20.444885737266684,0.32326601408027034,28,64,,False,False,Request timeout: 300.0s exceeded,513,21.16838264042747
420,2026-09-14T02:28:35.341+00:00,2026-09-14T02:33:28.537+00:00,2026-09-14T02:33:35.351+00:00,False,107,106.0,,106.0,293196.59815,300010.149766,300010.14959299995,2803.833173766355,0.0183,293196.59815,28338.17792912564,88.8899293,64.27878883018867,20.01919605673852,0.3533213795689153,28,64,,False,False,Request timeout: 300.0s exceeded,536,21.16838264042747
421,2026-09-14T02:28:37.782+00:00,2026-09-14T02:33:31.519+00:00,2026-09-14T02:33:37.825+00:00,False,96,95.0,,95.0,293736.641393,300043.19678500004,300043.196956,3125.449968291667,0.02863,293736.641393,29972.601547846785,88.20799375,66.3847936,19.8346985273839,0.3166210766247552,28,64,,False,False,Request timeout: 300.0s exceeded,419,21.16838264042747
422,2026-09-14T02:28:40.602+00:00,2026-09-14T02:33:34.294+00:00,2026-09-14T02:33:40.627+00:00,False,100,99.0,,99.0,293691.88052999997,300024.92117,300024.921116,3000.2492111599995,0.04541,293691.88052999997,29362.797930313074,87.7394644,63.97010747474747,20.214588262263483,0.32997258899004817,28,64,,False,False,Request timeout: 300.0s exceeded,411,21.16838264042747
423,2026-09-14T02:28:44.613+00:00,2026-09-14T02:33:38.289+00:00,2026-09-14T02:33:44.698+00:00,False,99,98.0,,98.0,293675.13848,300084.116912,300084.116935,3031.1526963131314,0.02558,293675.13848,29508.89685896533,88.7112559,65.39773910204082,21.317877256851553,0.32657509837062987,28,64,,False,False,Request timeout: 300.0s exceeded,373,21.16838264042747
424,2026-09-14T02:28:47.129+00:00,2026-09-14T02:33:40.413+00:00,2026-09-14T02:33:47.156+00:00,False,100,99.0,,99.0,293283.65277600003,300026.49258400005,300026.492718,3000.2649271800005,0.02243,293283.65277600003,29321.56129136218,88.37385495000002,68.109493010101,20.31037135670429,0.3299708607308484,28,64,,False,False,Request timeout: 300.0s exceeded,448,21.16838264042747
425,2026-09-14T02:28:51.133+00:00,2026-09-14T02:33:45.127+00:00,2026-09-14T02:33:51.160+00:00,False,94,93.0,,93.0,293993.890351,300026.359599,300026.359521,3191.769782138298,0.06618,293993.890351,30316.470723109655,87.30397165000001,64.8652607311828,20.091541001659646,0.3099727641407877,28,64,,False,False,Request timeout: 300.0s exceeded,323,21.16838264042747
426,2026-09-14T02:28:54.915+00:00,2026-09-14T02:33:48.880+00:00,2026-09-14T02:33:54.975+00:00,False,95,94.0,,94.0,293964.539995,300059.751771,300059.751783,3158.5237029789473,0.03572,293964.539995,30153.47898639,86.8013271,64.8426784680851,19.554830074093314,0.3132709383554348,28,64,,False,False,Request timeout: 300.0s exceeded,397,21.16838264042747
427,2026-09-14T02:28:58.179+00:00,2026-09-14T02:33:51.911+00:00,2026-09-14T02:33:58.252+00:00,False,95,94.0,,94.0,293731.742069,300073.63134900003,300073.631318,3158.6698033473685,0.02161,293731.742069,30129.325062490963,87.706764,67.46690723404255,19.35831890992977,0.31325644835041666,28,64,,False,False,Request timeout: 300.0s exceeded,357,21.16838264042747
428,2026-09-14T02:29:01.750+00:00,2026-09-14T02:33:55.650+00:00,2026-09-14T02:34:01.831+00:00,False,92,91.0,,91.0,293899.73391799995,300080.64604599995,300080.64587499993,3261.746150815217,0.02132,293899.73391799995,30634.090365212815,88.93765715,67.92211129670329,19.802293715141683,0.30325181313442795,28,64,,False,False,Request timeout: 300.0s exceeded,224,21.16838264042747
429,2026-09-14T02:29:04.563+00:00,2026-09-14T02:33:58.252+00:00,2026-09-14T02:34:04.599+00:00,False,95,94.0,,94.0,293688.888045,300035.60906900006,300035.609162,3158.269570126316,0.04248,293688.888045,30124.922939882767,87.3898053,67.51830876595744,19.169284606201746,0.31329614605305917,28,64,,False,False,Request timeout: 300.0s exceeded,454,21.16838264042747
430,2026-09-14T02:29:07.992+00:00,2026-09-14T02:34:01.539+00:00,2026-09-14T02:34:08.058+00:00,False,101,100.0,,100.0,293547.005157,300065.788901,300065.788932,2970.9484052673265,0.0,293547.005157,29202.60669855327,89.67711,65.18783744,66.2558601690704,0.3332602505812242,28,64,,False,False,Request timeout: 300.0s exceeded,468,21.16838264042747
431,2026-09-14T02:29:12.191+00:00,2026-09-14T02:34:06.039+00:00,2026-09-14T02:34:12.232+00:00,False,89,88.0,,88.0,293847.412237,300040.799245,300040.799358,3371.2449366067417,0.03596,293847.412237,31140.309897743828,90.6144758,70.37939781818181,20.540627332113548,0.293293446162777,28,64,,False,False,Request timeout: 300.0s exceeded,409,21.16838264042747
432,2026-09-14T02:29:16.259+00:00,2026-09-14T02:34:09.887+00:00,2026-09-14T02:34:16.347+00:00,False,91,90.0,,90.0,293628.465463,300088.379447,300088.379401,3297.674498912088,0.032,293628.465463,30773.109414222316,91.363212,71.77682204444444,20.681014756613845,0.2999116465817542,28,64,,False,False,Request timeout: 300.0s exceeded,167,21.16838264042747
433,2026-09-14T02:29:19.619+00:00,2026-09-14T02:34:13.453+00:00,2026-09-14T02:34:19.681+00:00,False,93,92.0,,92.0,293834.076252,300061.94006,300061.94006,3226.472473763441,0.02228,293834.076252,30462.161593893765,89.4317192,67.69417182608696,20.49353629449531,0.30660336323095094,28,64,,False,False,Request timeout: 300.0s exceeded,400,21.16838264042747
434,2026-09-14T02:29:22.330+00:00,2026-09-14T02:34:15.962+00:00,2026-09-14T02:34:22.403+00:00,False,97,96.0,,96.0,293631.460771,300072.767139,300072.76708900003,3093.5336813298973,0.02059,293631.460771,29806.951694942873,87.7283728,67.09694133333333,19.926834902390006,0.31992240054070215,28,64,,False,False,Request timeout: 300.0s exceeded,372,21.16838264042747
435,2026-09-14T02:29:25.838+00:00,2026-09-14T02:34:19.508+00:00,2026-09-14T02:34:25.885+00:00,False,93,92.0,,92.0,293670.223712,300047.323744,300047.32359600003,3226.315307483871,0.02022,293670.223712,30445.002465639896,88.71416659999998,69.31630469565218,20.178672311968153,0.30661829891372167,28,64,,False,False,Request timeout: 300.0s exceeded,379,21.16838264042747
436,2026-09-14T02:29:29.984+00:00,2026-09-14T02:34:23.640+00:00,2026-09-14T02:34:30.057+00:00,False,94,93.0,,93.0,293656.070317,300072.589997,300072.590087,3192.2615966702124,0.02173,293656.070317,30281.20142143281,89.86985825,68.9948352688172,20.243264050966943,0.3099250084818802,28,64,,False,False,Request timeout: 300.0s exceeded,361,21.16838264042747
437,2026-09-14T02:29:33.175+00:00,2026-09-14T02:34:26.565+00:00,2026-09-14T02:34:33.220+00:00,False,97,96.0,,96.0,293389.387292,300045.138716,300045.138498,3093.2488504948456,0.046880000000000005,293389.387292,29782.14566183332,87.59997279999999,69.330744,19.324732456535607,0.3199518592796344,28,64,,False,False,Request timeout: 300.0s exceeded,167,21.16838264042747
438,2026-09-14T02:29:35.596+00:00,2026-09-14T02:34:29.274+00:00,2026-09-14T02:34:35.628+00:00,False,96,95.0,,95.0,293678.330004,300032.484756,300032.484717,3125.33838246875,0.03979,293678.330004,29966.599432254716,87.23941074999999,66.88583949473684,20.439124454020536,0.31663238091454765,28,64,,False,False,Request timeout: 300.0s exceeded,396,21.16838264042747
439,2026-09-14T02:29:38.138+00:00,2026-09-14T02:34:31.762+00:00,2026-09-14T02:34:38.156+00:00,False,95,94.0,,94.0,293623.693231,300017.985711,300017.98563899996,3158.0840593578946,0.075489,293623.693231,30118.182574740295,88.0138224,68.02438808510638,19.79857947725118,0.3133145493835423,28,64,,False,False,Request timeout: 300.0s exceeded,360,21.16838264042747
440,2026-09-14T02:29:41.637+00:00,2026-09-14T02:34:35.545+00:00,2026-09-14T02:34:41.666+00:00,False,88,87.0,,87.0,293907.525066,300029.190602,300029.19079,3409.4226226136366,0.02145,293907.525066,31323.152630216962,88.13395735,70.36397167816092,19.519201894225265,0.2899717851634269,28,64,,False,False,Request timeout: 300.0s exceeded,428,21.16838264042747
441,2026-09-14T02:29:45.290+00:00,2026-09-14T02:34:39.431+00:00,2026-09-14T02:34:45.357+00:00,False,87,86.0,,86.0,294140.553638,300066.706342,300066.706294,3449.0426010804595,0.03822,294140.553638,31527.795452304283,86.56216800000001,68.90875237209302,19.21949319581621,0.2866029392210604,28,64,,False,False,Request timeout: 300.0s exceeded,376,21.16838264042747
442,2026-09-14T02:29:48.049+00:00,2026-09-14T02:34:41.878+00:00,2026-09-14T02:34:48.106+00:00,False,95,94.0,,94.0,293828.27282,300056.23109200003,300056.231148,3158.4866436631582,0.02147,293828.27282,30139.353727813465,87.86603,66.25487523404256,20.08361091854151,0.3132746140878465,28,64,,False,False,Request timeout: 300.0s exceeded,410,21.16838264042747
443,2026-09-14T02:29:50.828+00:00,2026-09-14T02:34:44.865+00:00,2026-09-14T02:34:50.868+00:00,False,93,92.0,,92.0,294036.583423,300039.198207,300039.198257,3226.227938247312,0.02986,294036.583423,30483.41395537594,86.7991222,65.24581286956521,19.677042900827725,0.3066266026231956,28,64,,False,False,Request timeout: 300.0s exceeded,161,21.16838264042747
444,2026-09-14T02:29:53.389+00:00,2026-09-14T02:34:47.008+00:00,2026-09-14T02:34:53.442+00:00,False,100,99.0,,99.0,293618.548597,300052.806773,300052.80665000004,3000.5280665,0.02148,293618.548597,29355.3622292888,87.00919395000001,64.99250682828283,19.815137543730874,0.3299419227726032,28,64,,True,False,Request timeout: 300.0s exceeded,245,21.16838264042747
445,2026-09-14T02:29:55.818+00:00,2026-09-14T02:34:49.298+00:00,2026-09-14T02:34:55.906+00:00,False,99,98.0,,98.0,293479.489943,300087.719319,300087.71922,3031.189083030303,0.03505,293479.489943,29489.02819604062,88.19159400000001,67.430912,20.00750689395457,0.3265711779955373,28,64,,True,False,Request timeout: 300.0s exceeded,418,21.16838264042747
446,2026-09-14T02:29:58.619+00:00,2026-09-14T02:34:52.354+00:00,2026-09-14T02:34:58.646+00:00,False,94,93.0,,93.0,293734.938426,300027.033658,300027.03368,3191.7769540425534,0.02512,293734.938426,30289.47413862165,87.93158315000001,67.65693797849462,20.395520607851935,0.3099720677371042,28,64,,True,False,Request timeout: 300.0s exceeded,328,21.16838264042747
447,2026-09-14T02:30:03.023+00:00,2026-09-14T02:34:56.506+00:00,2026-09-14T02:35:03.084+00:00,False,101,100.0,,100.0,293482.89155299996,300060.92060899996,300060.92079299997,2970.9002058712867,0.038149999999999996,293482.89155299996,29196.100569661805,88.01897500000001,65.78029056,19.989840935607738,0.333265657510619,28,64,,True,False,Request timeout: 300.0s exceeded,254,21.16838264042747
448,2026-09-14T02:30:05.716+00:00,2026-09-14T02:34:59.313+00:00,2026-09-14T02:35:05.738+00:00,False,97,96.0,,96.0,293596.205106,300021.422386,300021.42241,3093.0043547422683,0.019600000000000003,293596.205106,29803.389040798542,88.47635579999998,66.92934666666666,19.92519425670518,0.3199771510865275,28,64,,True,False,Request timeout: 300.0s exceeded,454,21.16838264042747
449,2026-09-14T02:30:10.035+00:00,2026-09-14T02:35:03.898+00:00,2026-09-14T02:35:10.042+00:00,False,92,91.0,,91.0,293862.913268,300007.14034,300007.140444,3260.9471787391303,0.036409,293862.913268,30630.293947741153,89.21218660000001,67.5189788131868,20.373874709596812,0.30332611382805463,28,64,,True,False,Request timeout: 300.0s exceeded,452,21.16838264042747
450,2026-09-14T02:30:13.978+00:00,2026-09-14T02:35:07.585+00:00,2026-09-14T02:35:13.984+00:00,False,98,97.0,,97.0,293607.12245200004,300006.00194000005,300006.00188000005,3061.285733469388,0.02519,293607.12245200004,29652.141306753085,88.25350735,65.96782977319587,20.303450401670904,0.3233268647051921,28,64,,True,False,Request timeout: 300.0s exceeded,471,21.16838264042747
451,2026-09-14T02:30:17.758+00:00,2026-09-14T02:35:11.152+00:00,2026-09-14T02:35:17.823+00:00,False,98,97.0,,97.0,293394.419605,300065.560213,300065.560179,3061.893471214286,0.0363,293394.419605,29630.371733882443,90.91421235,68.77464544329897,20.575192782952307,0.32326268943075326,28,64,,True,False,Request timeout: 300.0s exceeded,508,21.16838264042747
452,2026-09-14T02:30:22.018+00:00,2026-09-14T02:35:15.826+00:00,2026-09-14T02:35:22.032+00:00,False,89,88.0,,88.0,293807.419948,300013.437228,300013.437214,3370.937496786517,0.04345,293807.419948,31136.05460606591,87.8887184,70.52292363636364,19.102896984681646,0.2933201952988625,28,64,,True,False,Request timeout: 300.0s exceeded,379,21.16838264042747
453,2026-09-14T02:30:26.123+00:00,2026-09-14T02:35:20.402+00:00,2026-09-14T02:35:26.135+00:00,False,81,80.0,,80.0,294279.390996,300012.056596,300012.056511,3703.852549518518,0.03741,294279.390996,32689.754984374576,87.628206,71.65832,21.387737952490152,0.2666559501231279,28,64,,True,False,Request timeout: 300.0s exceeded,403,21.16838264042747
454,2026-09-14T02:30:28.596+00:00,2026-09-14T02:35:21.901+00:00,2026-09-14T02:35:28.636+00:00,False,96,95.0,,95.0,293304.724136,300040.01552799996,300040.015526,3125.416828395833,0.0224,293304.724136,29928.05947342868,88.28135575,70.89780412631579,21.15323180382302,0.31662443368702775,28,64,,True,False,Request timeout: 300.0s exceeded,309,21.16838264042747
455,2026-09-14T02:30:32.819+00:00,2026-09-14T02:35:26.683+00:00,2026-09-14T02:35:32.846+00:00,False,90,89.0,,89.0,293864.671569,300027.794513,300027.79461599997,3333.6421624,0.02106,293864.671569,30968.762650864017,88.99909355,69.24857240449437,19.20978614796391,0.29663918352785706,28,64,,True,False,Request timeout: 300.0s exceeded,461,21.16838264042747
456,2026-09-14T02:30:36.625+00:00,2026-09-14T02:35:30.196+00:00,2026-09-14T02:35:36.644+00:00,False,94,93.0,,93.0,293570.161435,300018.33961100003,300018.339631,3191.6844641595744,0.01772,293570.161435,30272.304598709172,86.51772714999998,69.33524920430108,18.851309241053915,0.3099810502270715,28,64,,True,False,Request timeout: 300.0s exceeded,424,21.16838264042747
457,2026-09-14T02:30:40.289+00:00,2026-09-14T02:35:33.796+00:00,2026-09-14T02:35:40.334+00:00,False,96,95.0,,95.0,293507.312411,300044.786971,300044.787078,3125.4665320625004,0.02075,293507.312411,29948.94757075053,87.92237949999999,68.81552168421052,19.67238754038234,0.3166193985872581,28,64,,True,False,Request timeout: 300.0s exceeded,495,21.16838264042747
458,2026-09-14T02:30:43.683+00:00,2026-09-14T02:35:37.458+00:00,2026-09-14T02:35:43.744+00:00,False,93,92.0,,92.0,293775.04402100004,300061.19416500005,300061.19431600004,3226.464455010753,0.0212,293775.04402100004,30455.974358437164,89.65205040000001,68.32771895652174,20.21561397652749,0.30660412538853754,28,64,,True,False,Request timeout: 300.0s exceeded,446,21.16838264042747
459,2026-09-14T02:30:46.227+00:00,2026-09-14T02:35:40.204+00:00,2026-09-14T02:35:46.270+00:00,False,89,88.0,,88.0,293977.544466,300042.873362,300042.873198,3371.2682381797754,0.02401,293977.544466,31154.25829247785,90.512981,68.924192,20.780382790016276,0.2932914187027816,28,64,,True,False,Request timeout: 300.0s exceeded,394,21.16838264042747
460,2026-09-14T02:30:49.575+00:00,2026-09-14T02:35:43.094+00:00,2026-09-14T02:35:49.630+00:00,False,95,94.0,,94.0,293518.486778,300055.084026,300055.084126,3158.4745697473686,0.021079999999999998,293518.486778,30107.234144134065,89.83933,69.53826859574468,21.053619677492808,0.3132758116901457,28,64,,True,False,Request timeout: 300.0s exceeded,416,21.16838264042747
461,2026-09-14T02:30:53.590+00:00,2026-09-14T02:35:47.005+00:00,2026-09-14T02:35:53.651+00:00,False,99,98.0,,98.0,293414.584591,300060.222735,300060.22264,3030.9113397979795,0.025160000000000002,293414.584591,29482.466627522004,89.0894539,67.81263412244898,20.048898091009114,0.3266011039608848,28,64,,True,False,Request timeout: 300.0s exceeded,169,21.16838264042747
462,2026-09-14T02:30:57.708+00:00,2026-09-14T02:35:51.396+00:00,2026-09-14T02:35:57.743+00:00,False,93,92.0,,92.0,293687.866199,300034.777687,300034.777609,3226.180404397849,0.02248,293687.866199,30446.865328714106,87.8153672,68.98816834782609,19.23640088644163,0.30663112026291683,28,64,,True,False,Request timeout: 300.0s exceeded,198,21.16838264042747
463,2026-09-14T02:31:01.775+00:00,2026-09-14T02:35:55.275+00:00,2026-09-14T02:36:01.859+00:00,False,96,95.0,,95.0,293499.931131,300083.766267,300083.766501,3125.87256771875,0.03608,293499.931131,29948.14483935821,89.46033599999998,69.30352774736842,20.314591969793113,0.31657827139997174,28,64,,True,False,Request timeout: 300.0s exceeded,423,21.16838264042747
464,2026-09-14T02:31:04.244+00:00,2026-09-14T02:35:57.878+00:00,2026-09-14T02:36:04.274+00:00,False,96,95.0,,95.0,293633.326943,300029.70940700005,300029.70945900003,3125.30947353125,0.03779,293633.326943,29961.961146285386,89.45718149999999,67.3303417263158,20.712194657360293,0.3166353098423644,28,64,,True,False,Request timeout: 300.0s exceeded,463,21.16838264042747
465,2026-09-14T02:31:07.160+00:00,2026-09-14T02:36:01.332+00:00,2026-09-14T02:36:07.192+00:00,False,85,84.0,,84.0,294171.126024,300031.645192,300031.645229,3529.784061517647,0.02298,294171.126024,31899.77754964274,88.41118399999999,69.76808533333333,20.389012916216075,0.27997046760266125,28,64,,True,False,Request timeout: 300.0s exceeded,442,21.16838264042747
466,2026-09-14T02:31:10.766+00:00,2026-09-14T02:36:04.610+00:00,2026-09-14T02:36:10.817+00:00,False,89,88.0,,88.0,293844.151907,300051.122019,300051.122001,3371.3609213595505,0.02053,293844.151907,31139.94712495703,87.9439544,70.53375127272727,19.246571040839175,0.29328335587569515,28,64,,True,False,Request timeout: 300.0s exceeded,324,21.16838264042747
467,2026-09-14T02:31:14.130+00:00,2026-09-14T02:36:07.873+00:00,2026-09-14T02:36:14.170+00:00,False,93,92.0,,92.0,293742.833136,300039.94827199995,300039.94817999995,3226.2360019354837,0.919859,293742.833136,30452.621167054363,86.35357619999999,68.4469036521739,19.0871032199424,0.30662583609232524,28,64,,True,False,Request timeout: 300.0s exceeded,355,21.16838264042747
468,2026-09-14T02:31:18.064+00:00,2026-09-14T02:36:11.694+00:00,2026-09-14T02:36:18.082+00:00,False,92,91.0,,91.0,293630.030297,300018.649049,300018.649018,3261.0722719347827,0.02675,293630.030297,30605.73327887943,88.0454625,70.20460167032968,18.874644876289636,0.30331447824477603,28,64,,True,False,Request timeout: 300.0s exceeded,162,21.16838264042747
469,2026-09-14T02:31:21.774+00:00,2026-09-14T02:36:15.558+00:00,2026-09-14T02:36:21.835+00:00,False,92,91.0,,91.0,293784.100107,300061.17607499997,300061.17608299997,3261.534522641304,0.03773,293784.100107,30621.92451610135,87.652354,68.97885679120878,19.77113629133613,0.30327149013524707,28,64,,True,False,Request timeout: 300.0s exceeded,441,21.16838264042747
470,2026-09-14T02:31:24.331+00:00,2026-09-14T02:36:18.083+00:00,2026-09-14T02:36:24.412+00:00,False,96,95.0,,95.0,293752.04061799997,300080.228778,300080.22873499995,3125.835715989583,0.03893,293752.04061799997,29974.150173387003,88.79220725,66.61250694736842,20.122366723218153,0.3165820033757746,28,64,,True,False,Request timeout: 300.0s exceeded,387,21.16838264042747
471,2026-09-14T02:31:27.379+00:00,2026-09-14T02:36:20.800+00:00,2026-09-14T02:36:27.413+00:00,False,98,97.0,,97.0,293421.865907,300034.23889900005,300034.23890600004,3061.5738663877555,0.02414,293421.865907,29633.205075130663,89.53037900000001,68.16879373195876,20.054191126074976,0.3232964356199791,28,64,,True,False,Request timeout: 300.0s exceeded,473,21.16838264042747
472,2026-09-14T02:31:30.376+00:00,2026-09-14T02:36:24.282+00:00,2026-09-14T02:36:30.401+00:00,False,86,85.0,,85.0,293906.279518,300025.02921400004,300025.02912,3488.663129302326,0.03639,293906.279518,31684.97261503636,89.92334525,71.98529054117647,19.295374330245473,0.28330969660325145,28,64,,True,False,Request timeout: 300.0s exceeded,344,21.16838264042747
473,2026-09-14T02:31:33.132+00:00,2026-09-14T02:36:26.948+00:00,2026-09-14T02:36:33.178+00:00,False,88,87.0,,87.0,293816.52128,300045.642304,300045.64217999997,3409.609570227273,0.028329999999999998,293816.52128,31313.319431679505,88.40425185,71.59909222988506,18.689602081471957,0.28995588581770976,28,64,,True,False,Request timeout: 300.0s exceeded,155,21.16838264042747
474,2026-09-14T02:31:37.383+00:00,2026-09-14T02:36:31.157+00:00,2026-09-14T02:36:37.459+00:00,False,91,90.0,,90.0,293773.563328,300075.479744,300075.479883,3297.532745967033,0.03539,293773.563328,30788.503797947313,88.0811895,70.02129351111111,20.6340169016354,0.29992453924186235,28,64,,True,False,Request timeout: 300.0s exceeded,229,21.16838264042747
475,2026-09-14T02:31:39.877+00:00,2026-09-14T02:36:33.691+00:00,2026-09-14T02:36:39.924+00:00,False,92,91.0,,91.0,293813.996926,300046.536318,300046.536318,3261.3753947608693,0.05364,293813.996926,30625.093312458528,89.601173,68.48944386813186,21.00640215619279,0.30328628724297274,28,64,,True,False,Request timeout: 300.0s exceeded,350,21.16838264042747
476,2026-09-14T02:31:44.046+00:00,2026-09-14T02:36:37.757+00:00,2026-09-14T02:36:44.056+00:00,False,94,93.0,,93.0,293711.401187,300009.973219,300009.973228,3191.59545987234,0.03557,293711.401187,30287.039676042037,91.0616445,67.72658098924731,20.98859888734978,0.30998969468295734,28,64,,True,False,Request timeout: 300.0s exceeded,410,21.16838264042747
477,2026-09-14T02:31:46.815+00:00,2026-09-14T02:36:40.437+00:00,2026-09-14T02:36:46.821+00:00,False,93,92.0,,92.0,293622.234077,300005.839325,300005.839149,3225.8692381612905,0.020050000000000002,293622.234077,30440.019238745663,90.658527,69.38701356521739,20.776042509191928,0.3066606976950714,28,64,,True,False,Request timeout: 300.0s exceeded,405,21.16838264042747
478,2026-09-14T02:31:49.315+00:00,2026-09-14T02:36:43.142+00:00,2026-09-14T02:36:49.370+00:00,False,90,89.0,,89.0,293827.306097,300055.732849,300055.732757,3333.952586188889,0.03748,293827.306097,30964.74732715652,89.76929095,69.98232305617978,20.297290918511088,0.2966115633084349,28,64,,True,False,Request timeout: 300.0s exceeded,489,21.16838264042747
479,2026-09-14T02:31:52.473+00:00,2026-09-14T02:36:46.205+00:00,2026-09-14T02:36:52.532+00:00,False,95,94.0,,94.0,293731.945573,300059.110501,300059.110673,3158.5169544526316,0.03753,293731.945573,30129.36241785623,87.5764217,67.31026519148936,19.985894399610004,0.3132716078610342,28,64,,True,False,Request timeout: 300.0s exceeded,235,21.16838264042747
480,2026-09-14T02:31:56.579+00:00,2026-09-14T02:36:50.451+00:00,2026-09-14T02:36:56.633+00:00,False,88,87.0,,87.0,293871.588602,300053.97298599995,300053.97300899995,3409.704238738636,0.0384,293871.588602,31319.24720598067,88.83938415,71.06188947126437,19.213314662374618,0.2899478354984464,28,64,,True,False,Request timeout: 300.0s exceeded,391,21.16838264042747
481,2026-09-14T02:32:00.128+00:00,2026-09-14T02:36:53.924+00:00,2026-09-14T02:37:00.204+00:00,False,88,87.0,,87.0,293795.62694700004,300076.35219500004,300076.352176,3409.958547454546,0.03756,293795.62694700004,31311.029347197706,89.22877899999999,72.19224422988506,19.50048031677769,0.2899262116578396,28,64,,True,False,Request timeout: 300.0s exceeded,340,21.16838264042747
482,2026-09-14T02:32:02.750+00:00,2026-09-14T02:36:56.213+00:00,2026-09-14T02:37:02.776+00:00,False,93,92.0,,92.0,293463.416481,300026.065825,300026.06559500005,3226.086726827957,0.02056,293463.416481,30423.348087533795,89.61594699999999,71.33314504347827,19.660718230125187,0.3066400239159954,28,64,,True,False,Request timeout: 300.0s exceeded,482,21.16838264042747
483,2026-09-14T02:32:06.559+00:00,2026-09-14T02:37:00.334+00:00,2026-09-14T02:37:06.592+00:00,False,101,100.0,,100.0,293774.892338,300032.98693,300032.987014,2970.6236338019803,0.02561,293774.892338,29225.47422219128,89.111331,62.580945920000005,20.207921044439633,0.3332966852185849,28,64,,True,False,Request timeout: 300.0s exceeded,489,21.16838264042747
484,2026-09-14T02:32:10.562+00:00,2026-09-14T02:37:04.125+00:00,2026-09-14T02:37:10.592+00:00,False,107,106.0,,106.0,293562.61045,300029.47406599997,300029.47407399997,2804.013776392523,0.0,293562.61045,28373.88444928898,90.36664560000001,61.008147320754716,27.907953540313237,0.3532986228435754,28,64,,True,False,Request timeout: 300.0s exceeded,506,21.16838264042747
485,2026-09-14T02:32:12.988+00:00,2026-09-14T02:37:07.190+00:00,2026-09-14T02:37:13.007+00:00,False,90,89.0,,89.0,294202.227293,300019.323997,300019.323858,3333.5480428666665,0.0,294202.227293,31004.755971361483,87.91897345000001,65.36063712359551,22.243382893102805,0.2966475586115578,28,64,,True,False,Request timeout: 300.0s exceeded,440,21.16838264042747
486,2026-09-14T02:32:16.122+00:00,2026-09-14T02:37:09.903+00:00,2026-09-14T02:37:16.564+00:00,False,101,100.0,,100.0,293781.132275,300441.813491,300441.81364899996,2974.6714222673268,0.036889000000000005,293781.132275,29225.69475779568,89.66919100000001,66.60681215999999,20.537494003490014,0.33284315135115367,28,64,,True,False,Request timeout: 300.0s exceeded,480,21.16838264042747
487,2026-09-14T02:32:20.310+00:00,2026-09-14T02:37:13.820+00:00,2026-09-14T02:37:20.333+00:00,False,101,100.0,,100.0,293510.25329,300023.226602,300023.226677,2970.52699680198,0.023219999999999998,293510.25329,29198.888080128236,88.35173300000001,65.12973312,20.258816468607787,0.33330752799567875,28,64,,True,False,Request timeout: 300.0s exceeded,526,21.16838264042747
488,2026-09-14T02:32:24.537+00:00,2026-09-14T02:37:18.419+00:00,2026-09-14T02:37:24.557+00:00,False,93,92.0,,92.0,293882.225269,300019.655029,300019.654918,3226.017794817204,0.019780000000000002,293882.225269,30467.256245305914,89.3254276,66.71119304347826,20.345367609143892,0.3066465761755084,28,64,,True,False,Request timeout: 300.0s exceeded,364,21.16838264042747
489,2026-09-14T02:32:27.688+00:00,2026-09-14T02:37:21.505+00:00,2026-09-14T02:37:27.766+00:00,False,95,94.0,,94.0,293817.227329,300078.144577,300078.14449800004,3158.7173105052634,0.023190000000000002,293817.227329,30138.184530780694,87.0848694,66.60550263829786,20.11338086188936,0.31325173691841335,28,64,,True,False,Request timeout: 300.0s exceeded,437,21.16838264042747
490,2026-09-14T02:32:31.749+00:00,2026-09-14T02:37:25.355+00:00,2026-09-14T02:37:31.829+00:00,False,94,93.0,,93.0,293606.742517,300079.99947700003,300079.999579,3192.3404210531917,0.331369,293606.742517,30276.050468585647,88.21619149999998,69.60491354838709,19.85382431531943,0.309917355912046,28,64,,True,False,Request timeout: 300.0s exceeded,431,21.16838264042747
491,2026-09-14T02:32:35.942+00:00,2026-09-14T02:37:29.807+00:00,2026-09-14T02:37:35.969+00:00,False,91,90.0,,90.0,293865.083273,300027.781001,300027.780891,3297.0085812197804,0.03542,293865.083273,30798.258715115444,87.6512945,68.4744192,18.84397021106224,0.29997222157137515,28,64,,True,False,Request timeout: 300.0s exceeded,410,21.16838264042747
492,2026-09-14T02:32:38.418+00:00,2026-09-14T02:37:31.910+00:00,2026-09-14T02:37:38.442+00:00,False,98,97.0,,97.0,293491.967741,300023.707645,300023.707794,3061.4664060612245,0.022699999999999998,293491.967741,29640.369724491924,86.84603005000001,67.33752478350516,19.020541113175398,0.32330778377945474,28,64,,True,False,Request timeout: 300.0s exceeded,441,21.16838264042747
493,2026-09-14T02:32:41.220+00:00,2026-09-14T02:37:34.884+00:00,2026-09-14T02:37:41.274+00:00,False,96,95.0,,95.0,293664.347978,300053.95361,300053.953589,3125.5620165520836,0.02124,293664.347978,29965.134198285294,89.29838925,67.25900665263158,20.270213498404345,0.31660972587442654,28,64,,True,False,Request timeout: 300.0s exceeded,420,21.16838264042747
494,2026-09-14T02:32:45.254+00:00,2026-09-14T02:37:39.044+00:00,2026-09-14T02:37:45.272+00:00,False,90,89.0,,89.0,293789.923237,300018.161829,300018.16194,3333.535132666667,0.023369,293789.923237,30960.806129778433,87.20649639999999,69.9802088988764,18.822308841071386,0.29664870772299085,28,64,,True,False,Request timeout: 300.0s exceeded,339,21.16838264042747
495,2026-09-14T02:32:49.125+00:00,2026-09-14T02:37:42.986+00:00,2026-09-14T02:37:49.159+00:00,False,91,90.0,,90.0,293860.862575,300034.28926299996,300034.289315,3297.0801023626373,0.02038,293860.862575,30797.803928063226,87.71612499999999,68.59362986666666,19.10510683712862,0.2999657146557307,28,64,,True,False,Request timeout: 300.0s exceeded,359,21.16838264042747
496,2026-09-14T02:32:53.106+00:00,2026-09-14T02:37:46.719+00:00,2026-09-14T02:37:53.124+00:00,False,95,94.0,,94.0,293612.862615,300017.328535,300017.328408,3158.077141136842,0.039420000000000004,293612.862615,30117.059799319497,86.42866470000001,68.13261617021276,19.05585568921275,0.3133152356865746,28,64,,True,False,Request timeout: 300.0s exceeded,396,21.16838264042747
497,2026-09-14T02:32:56.461+00:00,2026-09-14T02:37:49.998+00:00,2026-09-14T02:37:56.522+00:00,False,92,91.0,,91.0,293537.272703,300061.265279,300061.265223,3261.5354915543476,0.02249,293537.272703,30595.90771171696,88.60486505,71.6922261098901,19.15803111867239,0.30327139997689234,28,64,,True,False,Request timeout: 300.0s exceeded,467,21.16838264042747
498,2026-09-14T02:32:58.987+00:00,2026-09-14T02:37:52.343+00:00,2026-09-14T02:37:59.009+00:00,False,95,94.0,,94.0,293355.298196,300021.205908,300021.205866,3158.1179564842105,0.02186,293355.298196,30090.349604670268,90.7313845,70.91391182978724,20.152483133379476,0.3133111865060119,28,64,,True,False,Request timeout: 300.0s exceeded,432,21.16838264042747
499,2026-09-14T02:33:02.004+00:00,2026-09-14T02:37:55.574+00:00,2026-09-14T02:38:02.036+00:00,False,94,93.0,,93.0,293570.17952,300031.6656,300031.66560300003,3191.826229819149,0.02323,293570.17952,30272.292840765112,89.96252165,69.47834494623656,20.61292766799749,0.30996728233341514,28,64,,True,False,Request timeout: 300.0s exceeded,424,21.16838264042747
500,2026-09-14T02:33:05.265+00:00,2026-09-14T02:37:58.962+00:00,2026-09-14T02:38:05.297+00:00,False,93,92.0,,92.0,293697.04073,300031.99241,300031.992469,3226.1504566559142,0.02231,293697.04073,30447.83073147881,89.36356980000001,68.85817043478261,20.12543866637454,0.30663396680138055,28,64,,True,False,Request timeout: 300.0s exceeded,450,21.16838264042747
501,2026-09-14T02:33:09.573+00:00,2026-09-14T02:38:03.179+00:00,2026-09-14T02:38:09.662+00:00,False,96,95.0,,95.0,293605.454181,300088.662629,300088.662596,3125.9235687083333,0.022248999999999998,293605.454181,29959.022787979986,90.13651750000001,68.24429945263158,20.22880818658854,0.31657310598717486,28,64,,True,False,Request timeout: 300.0s exceeded,271,21.16838264042747
502,2026-09-14T02:33:13.006+00:00,2026-09-14T02:38:06.471+00:00,2026-09-14T02:38:13.047+00:00,False,107,106.0,,106.0,293464.547167,300040.431199,300040.431327,2804.1161806261684,0.01512,293464.547167,28365.768242315902,90.30692359999999,62.03664181132075,290.8359789107277,0.3532857207823973,28,64,,True,False,Request timeout: 300.0s exceeded,496,21.16838264042747
503,2026-09-14T02:33:15.581+00:00,2026-09-14T02:38:09.015+00:00,2026-09-14T02:38:15.614+00:00,False,109,108.0,,108.0,293433.85628899996,300032.96131299995,300032.96128099994,2752.5959750550455,0.01533,293433.85628899996,28101.519897123464,87.8238968,61.1028242962963,292.32707763093475,0.3599604507697153,28,64,,True,False,Request timeout: 300.0s exceeded,678,21.16838264042747
504,2026-09-14T02:33:19.404+00:00,2026-09-14T02:38:14.042+00:00,2026-09-14T02:38:19.468+00:00,False,84,83.0,,83.0,294637.876356,300064.303236,300064.303124,3572.194084809524,0.01795,294637.876356,32140.500563577145,87.17431115,65.37863710843374,19.883910023776863,0.2766073775017506,28,64,,True,False,Request timeout: 300.0s exceeded,206,21.16838264042747
505,2026-09-14T02:33:22.297+00:00,2026-09-14T02:38:15.959+00:00,2026-09-14T02:38:22.312+00:00,False,94,93.0,,93.0,293662.463923,300014.913203,300014.912976,3191.6480103829786,0.03922,293662.463923,30281.931364107877,87.7126248,68.30590623655914,19.369708767629678,0.3099845904562522,28,64,,True,False,Request timeout: 300.0s exceeded,473,21.16838264042747
506,2026-09-14T02:33:25.634+00:00,2026-09-14T02:38:18.944+00:00,2026-09-14T02:38:25.642+00:00,False,101,100.0,,100.0,293309.961306,300007.29839400004,300007.298331,2970.369290405941,0.0257,293309.961306,29178.77462354371,87.800234,66.97337088,19.942963522219916,0.3333252242039454,28,64,,True,False,Request timeout: 300.0s exceeded,422,21.16838264042747
507,2026-09-14T02:33:28.370+00:00,2026-09-14T02:38:22.393+00:00,2026-09-14T02:38:28.406+00:00,False,93,92.0,,92.0,294022.964509,300035.853085,300035.85311900004,3226.1919690215054,0.0222,294022.964509,30481.990705892775,87.8428526,65.35748452173914,20.513748005347743,0.30663002122595145,28,64,,True,False,Request timeout: 300.0s exceeded,424,21.16838264042747
508,2026-09-14T02:33:32.340+00:00,2026-09-14T02:38:25.850+00:00,2026-09-14T02:38:32.384+00:00,False,101,100.0,,100.0,293510.831429,300044.21766900003,300044.217909,2970.7348307821785,0.0202,293510.831429,29198.925201950853,87.13398600000001,65.3338624,20.122439161779344,0.3332842098304226,28,64,,True,False,Request timeout: 300.0s exceeded,416,21.16838264042747
509,2026-09-14T02:33:36.483+00:00,2026-09-14T02:38:30.156+00:00,2026-09-14T02:38:36.529+00:00,False,94,93.0,,93.0,293673.589713,300046.590417,300046.590501,3191.9850053297873,0.02647,293673.589713,30283.056615874244,88.75431700000001,68.52688929032259,20.155640573204263,0.3099518640446808,28,64,,True,False,Request timeout: 300.0s exceeded,455,21.16838264042747
510,2026-09-14T02:33:40.221+00:00,2026-09-14T02:38:34.160+00:00,2026-09-14T02:38:40.242+00:00,False,88,87.0,,87.0,293939.530691,300021.640387,300021.640303,3409.336821625,0.0251,293939.530691,31326.61290300178,89.06348799999999,69.90930685057472,19.510423274579185,0.2899790824681116,28,64,,True,False,Request timeout: 300.0s exceeded,458,21.16838264042747
511,2026-09-14T02:33:44.378+00:00,2026-09-14T02:38:38.241+00:00,2026-09-14T02:38:44.406+00:00,False,94,93.0,,93.0,293863.20758999995,300028.16503,300028.16502799996,3191.788989659574,0.03473,293863.20758999995,30302.84435179897,86.96063109999999,66.28986494623656,19.25084429876197,0.3099708988677809,28,64,,True,False,Request timeout: 300.0s exceeded,382,21.16838264042747
512,2026-09-14T02:33:48.012+00:00,2026-09-14T02:38:41.612+00:00,2026-09-14T02:38:48.051+00:00,False,101,100.0,,100.0,293599.574094,300038.79994999996,300038.79994399997,2970.681187564356,0.026629999999999997,293599.574094,29207.84917881314,87.254075,64.39225856,20.210833746369225,0.33329022785274615,28,64,,True,False,Request timeout: 300.0s exceeded,490,21.16838264042747
513,2026-09-14T02:33:52.078+00:00,2026-09-14T02:38:45.674+00:00,2026-09-14T02:38:52.104+00:00,False,98,97.0,,97.0,293596.23364,300025.802408,300025.802349,3061.4877790714286,0.037049,293596.23364,29651.008990902672,87.30144635,66.28421410309278,19.673411627845397,0.3233055264629918,28,64,,True,False,Request timeout: 300.0s exceeded,448,21.16838264042747
514,2026-09-14T02:33:56.284+00:00,2026-09-14T02:38:49.920+00:00,2026-09-14T02:38:56.298+00:00,False,95,94.0,,94.0,293636.148014,300014.37419,300014.374293,3158.0460451894733,0.04004,293636.148014,30119.478049712063,89.4688127,67.85346995744682,19.960657670927233,0.3133183210097444,28,64,,True,False,Request timeout: 300.0s exceeded,496,21.16838264042747
515,2026-09-14T02:33:59.656+00:00,2026-09-14T02:38:53.565+00:00,2026-09-14T02:38:59.682+00:00,False,92,91.0,,91.0,293908.642447,300026.47054300003,300026.47063500003,3261.1572895108698,0.03798,293908.642447,30635.091389965295,89.93708704999999,67.22888017582417,19.759352150161398,0.30330657103456415,28,64,,True,False,Request timeout: 300.0s exceeded,375,21.16838264042747
516,2026-09-14T02:34:02.666+00:00,2026-09-14T02:38:56.252+00:00,2026-09-14T02:39:02.690+00:00,False,95,94.0,,94.0,293586.423317,300024.505877,300024.50581899995,3158.152692831579,0.03397,293586.423317,30114.310581687256,87.10455470000001,68.49024,19.19599964943492,0.3133077403968357,28,64,,True,False,Request timeout: 300.0s exceeded,494,21.16838264042747
517,2026-09-14T02:34:06.267+00:00,2026-09-14T02:38:59.843+00:00,2026-09-14T02:39:06.346+00:00,False,97,96.0,,96.0,293576.286626,300079.247778,300079.247761,3093.6004923814435,0.0208,293576.286626,29801.284520111996,88.543949,67.73917866666667,20.105765910863127,0.31991549136053965,28,64,,True,False,Request timeout: 300.0s exceeded,214,21.16838264042747
518,2026-09-14T02:34:09.696+00:00,2026-09-14T02:39:03.282+00:00,2026-09-14T02:39:09.766+00:00,False,102,101.0,,101.0,293586.705073,300070.764721,300070.764618,2941.870241352941,0.028019,293586.705073,29063.065942829373,89.95698049999999,64.19861037623762,20.39392699957155,0.33658727165209795,28,64,,True,False,Request timeout: 300.0s exceeded,148,21.16838264042747
519,2026-09-14T02:34:13.473+00:00,2026-09-14T02:39:07.333+00:00,2026-09-14T02:39:13.517+00:00,False,91,90.0,,90.0,293860.182453,300043.703221,300043.703233,3297.183552010989,0.036709000000000006,293860.182453,30797.721646693535,88.4174585,68.70578631111111,20.324510896596927,0.29995630314464444,28,64,,True,False,Request timeout: 300.0s exceeded,381,21.16838264042747
520,2026-09-14T02:34:16.786+00:00,2026-09-14T02:39:10.542+00:00,2026-09-14T02:39:16.830+00:00,False,93,92.0,,92.0,293755.878563,300044.418211,300044.418232,3226.2840670107526,0.04182,293755.878563,30453.98423883013,88.9951426,68.35369182608696,20.121735813255953,0.30662126810605395,28,64,,True,False,Request timeout: 300.0s exceeded,423,21.16838264042747
521,2026-09-14T02:34:20.632+00:00,2026-09-14T02:39:14.170+00:00,2026-09-14T02:39:20.674+00:00,False,95,94.0,,94.0,293538.162982,300041.94359,300041.943416,3158.3362464842103,0.026969999999999997,293538.162982,30109.2879408598,87.8773934,69.18915540425532,19.92893471050585,0.31328953170776924,28,64,,True,False,Request timeout: 300.0s exceeded,518,21.16838264042747
522,2026-09-14T02:34:25.019+00:00,2026-09-14T02:39:18.525+00:00,2026-09-14T02:39:25.115+00:00,False,97,96.0,,96.0,293505.984698,300096.023738,300096.02361000003,3093.7734392783505,0.02133,293505.984698,29794.053985714807,88.08211779999999,68.64624,19.56121122164744,0.3198976074531836,28,64,,True,False,Request timeout: 300.0s exceeded,363,21.16838264042747
523,2026-09-14T02:34:27.517+00:00,2026-09-14T02:39:21.417+00:00,2026-09-14T02:39:27.538+00:00,False,91,90.0,,90.0,293900.110966,300020.490102,300020.48991,3296.928460549451,0.02587,293900.110966,30801.98072572394,88.21832350000001,68.00421262222221,20.154212048831134,0.29997951129738537,28,64,,True,False,Request timeout: 300.0s exceeded,339,21.16838264042747
524,2026-09-14T02:34:31.572+00:00,2026-09-14T02:39:25.288+00:00,2026-09-14T02:39:31.635+00:00,False,95,94.0,,94.0,293715.724693,300062.356373,300062.356388,3158.5511198736845,0.064219,293715.724693,30127.67691474491,88.70325929999998,67.51735829787233,19.94140673276347,0.31326821910026914,28,64,,True,False,Request timeout: 300.0s exceeded,432,21.16838264042747
525,2026-09-14T02:34:34.117+00:00,2026-09-14T02:39:27.621+00:00,2026-09-14T02:39:34.151+00:00,False,100,99.0,,99.0,293504.193189,300034.394277,300034.394067,3000.34394067,0.02529,293504.193189,29343.829782979134,86.68494150000001,65.96162715151515,19.820863995487613,0.32996217063234584,28,64,,True,False,Request timeout: 300.0s exceeded,462,21.16838264042747
526,2026-09-14T02:34:36.756+00:00,2026-09-14T02:39:30.440+00:00,2026-09-14T02:39:36.774+00:00,False,116,115.0,,115.0,293683.822978,300017.657474,300017.657241,2586.3591141465517,0.02386,293683.822978,27262.752491131356,89.134822,55.07682170434783,20.7567133666191,0.3833107723333453,28,64,,True,False,Request timeout: 300.0s exceeded,252,21.16838264042747
527,2026-09-14T02:34:40.412+00:00,2026-09-14T02:39:33.753+00:00,2026-09-14T02:39:40.508+00:00,False,164,163.0,,163.0,293341.23235,300096.22499,300096.22485400003,1829.855029597561,0.01941,293341.23235,22902.918992325292,118.25276759999998,41.44167263803681,49.496594184648686,0.5431591150652815,28,64,,True,False,Request timeout: 300.0s exceeded,755,21.16838264042747
0,2026-09-14T02:04:40.914+00:00,2026-09-14T02:04:41.145+00:00,2026-09-14T02:04:47.972+00:00,True,140,140.0,,140.0,230.15936499999998,7058.097669000001,7058.097746,50.4149839,0.040409999999999995,230.15936499999998,23.444858280456597,85.23157925,49.12185830215827,17.82817953118966,19.83537300920283,29,64,,False,True,,599,21.16838264042747
1,2026-09-14T02:04:44.705+00:00,2026-09-14T02:04:44.964+00:00,2026-09-14T02:05:01.153+00:00,True,252,252.0,,252.0,258.701395,16447.694163,16447.694159,65.26862761507937,37.140872,258.701395,24.060502214368537,93.94930205,64.49797915537849,20.759636179030263,15.321296560030156,29,64,,False,True,,1218,21.16838264042747
2,2026-09-14T02:04:48.062+00:00,2026-09-14T02:04:51.035+00:00,2026-09-14T02:05:03.785+00:00,True,194,194.0,,194.0,2972.9392749999997,15723.151115,15723.151045999999,81.04717034020618,40.552635,2972.9392749999997,209.83029400278954,95.54426364999999,66.06327378238342,21.791788451696505,12.338493637889329,29,64,,False,True,,877,21.16838264042747
3,2026-09-14T02:04:52.021+00:00,2026-09-14T02:04:57.928+00:00,2026-09-14T02:05:14.030+00:00,True,248,248.0,,248.0,5907.428272,22009.430192,22009.430328,88.74770293548387,39.252686999999995,5907.428272,371.61272473808134,94.735525,65.19029117408907,21.677585583395985,11.267897343845966,29,64,,False,True,,916,21.16838264042747
4,2026-09-14T02:04:54.569+00:00,2026-09-14T02:05:03.145+00:00,2026-09-14T02:05:20.687+00:00,True,264,264.0,,264.0,8576.172187,26117.772699,26117.77259,98.93095678030303,13.456162,8576.172187,524.1878029621888,95.18523265,66.69810080608364,22.137293085421835,10.108059482809882,29,64,,False,True,,1253,21.16838264042747
5,2026-09-14T02:04:57.554+00:00,2026-09-14T02:05:08.054+00:00,2026-09-14T02:05:25.746+00:00,True,267,267.0,,267.0,10500.181971999998,28192.387796,28192.387747999997,105.58946722097377,21.404705000000003,10500.181971999998,638.9068011514207,93.7856823,66.51205196992481,21.974110130784673,9.470641576442935,29,64,,False,True,,1256,21.16838264042747
6,2026-09-14T02:05:00.139+00:00,2026-09-14T02:05:11.979+00:00,2026-09-14T02:05:20.372+00:00,True,124,124.0,,124.0,11839.37228,20232.53836,20232.538422999998,163.1656324435484,21.682783999999998,11839.37228,1057.3218765080028,94.80463995,68.23712260162603,22.747373339250686,6.128741623698076,29,64,,False,True,,574,21.16838264042747
7,2026-09-14T02:05:04.084+00:00,2026-09-14T02:05:18.211+00:00,2026-09-14T02:05:26.334+00:00,True,126,126.0,,126.0,14126.496640000001,22249.281664000002,22249.281702,176.58160080952382,39.887446000000004,14126.496640000001,1252.884983186029,93.96452099999999,64.982280192,21.658448507437,5.66310418029683,29,64,,False,True,,569,21.16838264042747
8,2026-09-14T02:05:08.188+00:00,2026-09-14T02:05:26.474+00:00,2026-09-14T02:05:43.555+00:00,True,259,259.0,,259.0,18285.370105,35366.286585,35366.286551000005,136.54936892277993,0.02112,18285.370105,1132.3922217630034,95.631016,66.20510263565892,26.477620042528752,7.323358627927036,29,64,,False,True,,1116,21.16838264042747
9,2026-09-14T02:05:11.257+00:00,2026-09-14T02:05:31.279+00:00,2026-09-14T02:05:40.750+00:00,True,150,150.0,,150.0,20021.091199000002,29492.958079000004,29492.958240000004,196.61972160000002,0.017929999999999998,20021.091199000002,1629.778349706761,95.60674695000002,63.56957637583893,28.84307806959423,5.085959828044686,29,64,,False,True,,928,21.16838264042747
10,2026-09-14T02:05:14.991+00:00,2026-09-14T02:05:38.762+00:00,2026-09-14T02:05:51.994+00:00,True,204,204.0,,204.0,23771.978185,37003.366089,37003.366084,181.38904943137254,40.434614,23771.978185,1659.9520552298054,95.71610015,65.17925075862068,21.92858902292887,5.513011965163978,29,64,,False,True,,565,21.16838264042747
11,2026-09-14T02:05:17.754+00:00,2026-09-14T02:05:43.828+00:00,2026-09-14T02:05:58.186+00:00,True,218,218.0,,218.0,26073.180285,40431.351677,40431.351838999995,185.46491669266055,39.599745999999996,26073.180285,1761.5470278887713,96.00776165,66.1666884423963,21.43418124606531,5.391855353775191,29,64,,False,True,,758,21.16838264042747
12,2026-09-14T02:05:21.307+00:00,2026-09-14T02:05:48.769+00:00,2026-09-14T02:06:00.808+00:00,True,184,184.0,,184.0,27461.743561,39500.452808999995,39500.452861,214.6763742445652,40.708054,27461.743561,2019.7767804643747,96.2703205,65.78529643715848,22.071680925750147,4.658174449030024,29,64,,False,True,,860,21.16838264042747
13,2026-09-14T02:05:25.118+00:00,2026-09-14T02:05:55.884+00:00,2026-09-14T02:06:09.590+00:00,True,207,207.0,,207.0,30765.190279,44471.151751,44471.151799,214.83648212077293,40.058925,30765.190279,2133.8156067254927,95.8454967,66.53379355339806,21.865009596106365,4.654702921998086,29,64,,False,True,,312,21.16838264042747
14,2026-09-14T02:05:28.673+00:00,2026-09-14T02:06:02.231+00:00,2026-09-14T02:06:21.585+00:00,True,288,288.0,,288.0,33557.528446000004,52911.68243,52911.68253400001,183.72111990972223,38.512629000000004,33557.528446000004,1973.5398625271796,93.8332235,67.43607659930314,21.549423409265398,5.443032365886537,29,64,,False,True,,1436,21.16838264042747
15,2026-09-14T02:05:31.805+00:00,2026-09-14T02:06:07.410+00:00,2026-09-14T02:06:21.858+00:00,True,215,215.0,,215.0,35605.314111,50052.874815,50052.875008,232.80406980465116,35.908394,35605.314111,2423.755304777427,94.92162199999999,67.51196590654206,21.770155017372975,4.295457569513433,29,64,,False,True,,1112,21.16838264042747
16,2026-09-14T02:05:34.247+00:00,2026-09-14T02:06:11.582+00:00,2026-09-14T02:06:19.139+00:00,True,116,116.0,,116.0,37335.448276,44892.50402,44892.503772000004,387.004342862069,32.843671,37335.448276,3460.4767079627422,94.15041700000002,65.71352820869565,21.901989994809806,2.5839503171469564,29,64,,False,True,,526,21.16838264042747
17,2026-09-14T02:05:37.130+00:00,2026-09-14T02:06:17.375+00:00,2026-09-14T02:06:26.989+00:00,True,146,146.0,,146.0,40245.017354999996,49859.258635,49859.258605999996,341.50177127397257,8.174653000000001,40245.017354999996,3325.29634130525,95.1139565,66.30511227586207,23.49862008580291,2.9282424969213547,29,64,,False,True,,475,21.16838264042747
18,2026-09-14T02:05:41.373+00:00,2026-09-14T02:06:24.679+00:00,2026-09-14T02:06:31.722+00:00,True,111,111.0,,111.0,43305.837966,50348.85851,50348.858544999996,453.5933202252252,40.373885,43305.837966,4104.384959617356,94.75533049999999,64.0274594909091,21.138676716038116,2.2046180049534554,29,64,,False,True,,587,21.16838264042747
19,2026-09-14T02:05:45.349+00:00,2026-09-14T02:06:32.180+00:00,2026-09-14T02:06:44.102+00:00,True,178,178.0,,178.0,46830.547089,58753.220497,58753.220512,330.0742725393258,0.01773,46830.547089,3505.2025393488966,96.05328485,67.35973676836159,32.892281109084365,3.029621159389703,29,64,,False,True,,925,21.16838264042747
20,2026-09-14T02:05:48.755+00:00,2026-09-14T02:06:37.486+00:00,2026-09-14T02:06:55.067+00:00,True,266,266.0,,266.0,48730.914074,66312.350234,66312.350211,249.29454966541354,11.185947,48730.914074,2983.902425121453,95.73787550000002,66.34504211320755,22.730789434385795,4.011319144342665,29,64,,False,True,,933,21.16838264042747
21,2026-09-14T02:05:51.121+00:00,2026-09-14T02:06:42.105+00:00,2026-09-14T02:06:54.702+00:00,True,192,192.0,,192.0,50983.802748999995,63581.188732999995,63581.188689999995,331.1520244270833,7.3801440000000005,50983.802748999995,3674.7512666434004,94.83000005000002,65.95490043979058,23.08334640986755,3.019761093273613,29,64,,False,True,,945,21.16838264042747
22,2026-09-14T02:05:54.873+00:00,2026-09-14T02:06:47.698+00:00,2026-09-14T02:07:01.062+00:00,True,200,200.0,,200.0,52824.935181999994,66189.22523,66189.225241,330.946126205,39.620096,52824.935181999994,3730.601364335264,96.4933274,67.15723642211056,21.754290054081636,3.0216398410016563,29,64,,False,True,,1257,21.16838264042747
23,2026-09-14T02:05:58.614+00:00,2026-09-14T02:06:54.889+00:00,2026-09-14T02:07:03.842+00:00,True,133,133.0,,133.0,56274.681505,65228.281249,65228.281226,490.4382047067669,40.909914,56274.681505,4873.798645703969,94.314325,67.83030109090909,21.380746558901844,2.038992864035322,29,64,,False,True,,559,21.16838264042747
24,2026-09-14T02:06:01.002+00:00,2026-09-14T02:06:58.740+00:00,2026-09-14T02:07:17.997+00:00,True,285,285.0,,285.0,57737.880647,76994.849351,76994.84917,270.15736550877193,0.0,57737.880647,3416.1726740284994,96.787896,67.80622783098592,25.154757697897427,3.7015463034515106,29,64,,False,True,,1316,21.16838264042747
25,2026-09-14T02:06:05.094+00:00,2026-09-14T02:07:05.982+00:00,2026-09-14T02:07:13.790+00:00,True,118,118.0,,118.0,60888.436643,68696.798883,68696.79883100001,582.176261279661,0.0,60888.436643,5599.170178224139,103.21358475000001,66.7381388034188,29.869707333010613,1.7176928462266496,29,64,,False,True,,479,21.16838264042747
26,2026-09-14T02:06:08.559+00:00,2026-09-14T02:07:12.535+00:00,2026-09-14T02:07:30.451+00:00,True,271,271.0,,271.0,63976.196083999996,81891.792884,81891.792904,302.1837376531365,0.01713,63976.196083999996,3882.4037759169555,96.030192,66.35406222222223,35.01892508131267,3.309244924993551,29,64,,False,True,,1055,21.16838264042747
27,2026-09-14T02:06:11.842+00:00,2026-09-14T02:07:17.865+00:00,2026-09-14T02:07:30.624+00:00,True,195,195.0,,195.0,66022.821551,78782.195375,78782.195196,404.01125741538465,0.01761,66022.821551,4723.443597422398,96.34411469999999,65.76996816494845,39.10339902821149,2.4751785485515865,29,64,,False,True,,812,21.16838264042747
28,2026-09-14T02:06:15.669+00:00,2026-09-14T02:07:25.458+00:00,2026-09-14T02:07:38.084+00:00,True,192,192.0,,192.0,69788.79906800001,82414.81020400001,82414.810175,429.2438029947917,0.01703,69788.79906800001,5031.968598466986,94.86739405,66.10477034554974,41.04907389200003,2.3296783615074235,29,64,,False,True,,808,21.16838264042747
29,2026-09-14T02:06:17.970+00:00,2026-09-14T02:07:29.504+00:00,2026-09-14T02:07:48.377+00:00,True,293,293.0,,293.0,71534.30156200001,90407.565946,90407.56581500001,308.5582451023891,7.196775,71534.30156200001,4175.36458299441,92.84925820000001,64.63446706849315,22.802135730263792,3.240879200032965,29,64,,False,True,,1208,21.16838264042747
30,2026-09-14T02:06:20.973+00:00,2026-09-14T02:07:33.651+00:00,2026-09-14T02:07:44.345+00:00,True,165,165.0,,165.0,72678.080097,83371.80041699999,83371.80024499999,505.28363784848483,41.212073,72678.080097,5652.944258349667,93.14373199999999,65.20561170731708,21.236414026852646,1.9790864437941964,29,64,,False,True,,868,21.16838264042747
31,2026-09-14T02:06:24.583+00:00,2026-09-14T02:07:40.289+00:00,2026-09-14T02:07:47.387+00:00,True,113,113.0,,113.0,75705.91924500001,82803.51463700001,82803.514523,732.7744648053099,38.04518,75705.91924500001,7115.8812044096,92.45908460000001,63.371387428571424,20.36228992187229,1.3646763726802842,29,64,,False,True,,583,21.16838264042747
32,2026-09-14T02:06:28.464+00:00,2026-09-14T02:07:47.612+00:00,2026-09-14T02:07:59.035+00:00,True,173,173.0,,173.0,79148.66199400001,90571.626218,90571.62606200001,523.5354107630059,0.0,79148.66199400001,6012.56505562467,93.314399,66.41258269767441,25.312053703410484,1.9100904689908103,29,64,,False,True,,633,21.16838264042747
33,2026-09-14T02:06:30.760+00:00,2026-09-14T02:07:51.060+00:00,2026-09-14T02:07:59.040+00:00,True,119,119.0,,119.0,80299.94202599999,88279.72033,88279.72029199998,741.8463890084033,0.0,80299.94202599999,7354.937371809605,96.1443029,67.62523986440678,28.027700610188496,1.3479879586745853,29,64,,False,True,,619,21.16838264042747
34,2026-09-14T02:06:33.831+00:00,2026-09-14T02:07:56.460+00:00,2026-09-14T02:08:03.315+00:00,True,106,106.0,,106.0,82629.171267,89483.990083,89483.99006899999,844.1885855566037,40.777194,82629.171267,8019.342344302602,95.81034775,65.28398872380953,21.557286153776754,1.1845694397587854,29,64,,False,True,,530,21.16838264042747
35,2026-09-14T02:06:37.307+00:00,2026-09-14T02:08:01.363+00:00,2026-09-14T02:08:20.207+00:00,True,286,286.0,,286.0,84056.27014200001,102899.955518,102899.955595,359.7900545279721,0.0,84056.27014200001,4966.50931548733,96.741568,66.11819430175439,25.942285324215696,2.7793986747639634,29,64,,False,True,,705,21.16838264042747
36,2026-09-14T02:06:40.638+00:00,2026-09-14T02:08:08.184+00:00,2026-09-14T02:08:24.228+00:00,True,244,244.0,,244.0,87545.16176999999,103589.35428199999,103589.35420599999,424.5465336311475,0.0,87545.16176999999,5600.474116778217,95.8264807,66.02548358847737,46.98502447679575,2.3554543967497072,29,64,,False,True,,839,21.16838264042747
37,2026-09-14T02:06:43.477+00:00,2026-09-14T02:08:13.158+00:00,2026-09-14T02:08:30.689+00:00,True,266,266.0,,266.0,89680.959252,107211.793172,107211.793159,403.051853981203,0.0,89680.959252,5494.812934201136,95.58081575,66.15409026415094,44.148358854974646,2.4810703387196957,29,64,,False,True,,1095,21.16838264042747
38,2026-09-14T02:06:46.112+00:00,2026-09-14T02:08:18.077+00:00,2026-09-14T02:08:35.376+00:00,True,259,259.0,,259.0,91964.73515800001,109263.99967000002,109263.99972500002,421.86872480694984,0.016370000000000003,91964.73515800001,5710.411628535895,96.074501,67.0514128372093,43.80985771302153,2.370405630237167,29,64,,False,True,,1151,21.16838264042747
39,2026-09-14T02:06:48.578+00:00,2026-09-14T02:08:22.956+00:00,2026-09-14T02:08:34.688+00:00,True,183,183.0,,183.0,94377.697952,106109.83926400001,106109.839164,579.8351866885246,0.01632,94377.697952,6971.882813408406,95.90026699999999,64.46231490109889,25.893975522772593,1.724628001223319,29,64,,False,True,,921,21.16838264042747
40,2026-09-14T02:06:51.698+00:00,2026-09-14T02:08:27.926+00:00,2026-09-14T02:08:38.520+00:00,True,158,158.0,,158.0,96227.937325,106821.95204500001,106821.95203,676.0883039873418,0.0,96227.937325,7650.15815459841,96.02816385,67.4778007643312,25.65761926612515,1.4790967303559537,29,64,,False,True,,663,21.16838264042747
41,2026-09-14T02:06:54.926+00:00,2026-09-14T02:08:34.065+00:00,2026-09-14T02:08:50.452+00:00,True,247,247.0,,247.0,99138.810429,115525.336637,115525.336655,467.713913582996,0.0,99138.810429,6303.860209540496,95.9590723,66.61189515447154,24.437135670497014,2.1380591235679796,29,64,,False,True,,982,21.16838264042747
42,2026-09-14T02:06:58.468+00:00,2026-09-14T02:08:40.601+00:00,2026-09-14T02:08:57.510+00:00,True,254,254.0,,254.0,102132.764148,119042.042356,119042.042336,468.66945801574803,39.530257,102132.764148,6404.223871218165,95.28098965000001,66.83509173122529,22.076900081967327,2.133699951487751,29,64,,False,True,,1228,21.16838264042747
43,2026-09-14T02:07:00.818+00:00,2026-09-14T02:08:44.638+00:00,2026-09-14T02:08:57.507+00:00,True,192,192.0,,192.0,103820.179805,116689.069661,116689.06986300001,607.755572203125,40.591094,103820.179805,7487.745792210126,95.93058554999999,67.37638668062827,22.006528829223164,1.6453983270051773,29,64,,False,True,,696,21.16838264042747
44,2026-09-14T02:07:04.389+00:00,2026-09-14T02:08:51.117+00:00,2026-09-14T02:09:08.511+00:00,True,264,264.0,,264.0,106727.853955,124121.640579,124121.640721,470.1577300037879,0.0,106727.853955,6564.630738793844,96.080678,66.1360708136882,27.11750392932617,2.12694578293115,29,64,,False,True,,1466,21.16838264042747
45,2026-09-14T02:07:07.596+00:00,2026-09-14T02:08:57.191+00:00,2026-09-14T02:09:08.280+00:00,True,171,171.0,,171.0,109594.810617,120683.95877699999,120683.95868699999,705.7541443684211,0.0,109594.810617,8375.987712736138,94.76161,65.23028329411764,29.41936596292588,1.4169240198357602,29,64,,False,True,,427,21.16838264042747
46,2026-09-14T02:07:11.296+00:00,2026-09-14T02:09:03.251+00:00,2026-09-14T02:09:14.879+00:00,True,176,176.0,,176.0,111955.23840700001,123582.72615100001,123582.72617000001,702.1745805113637,33.0944,111955.23840700001,8433.965589616933,96.99060725,66.44278710857142,22.66746841520354,1.4241472532735178,29,64,,False,True,,749,21.16838264042747
47,2026-09-14T02:07:13.721+00:00,2026-09-14T02:09:07.311+00:00,2026-09-14T02:09:17.410+00:00,True,151,151.0,,151.0,113589.693264,123688.578128,123688.578035,819.1296558609272,41.178703,113589.693264,9238.345972042513,97.4295445,67.32589909333333,22.299803136772894,1.2208079540193,29,64,,False,True,,926,21.16838264042747
48,2026-09-14T02:07:17.390+00:00,2026-09-14T02:09:15.024+00:00,2026-09-14T02:09:24.060+00:00,True,135,135.0,,135.0,117633.650119,126669.674439,126669.674405,938.2938844814814,0.0,117633.650119,10118.709778368317,96.6018217,67.43301731343284,67.10721536326406,1.0657641665054696,29,64,,False,True,,518,21.16838264042747
49,2026-09-14T02:07:20.813+00:00,2026-09-14T02:09:20.444+00:00,2026-09-14T02:09:37.725+00:00,True,261,261.0,,261.0,119630.177878,136911.38159,136911.381631,524.5646805785441,0.0,119630.177878,7400.859750988898,95.30481900000001,66.46616812307693,27.74085101422786,1.9063426062093252,29,64,,False,True,,1188,21.16838264042747
50,2026-09-14T02:07:24.855+00:00,2026-09-14T02:09:27.612+00:00,2026-09-14T02:09:35.029+00:00,True,114,114.0,,114.0,122756.293282,130174.012066,130174.012076,1141.8772989122806,41.564602,122756.293282,11491.05308998374,95.58343380000001,65.64352906194691,22.02068481514865,0.875750836827557,29,64,,False,True,,590,21.16838264042747
51,2026-09-14T02:07:28.310+00:00,2026-09-14T02:09:33.126+00:00,2026-09-14T02:09:43.094+00:00,True,150,150.0,,150.0,124815.976438,134784.006134,134784.006256,898.5600417066667,39.464566,124815.976438,10185.740499117646,93.79248949999999,66.89952816107383,20.76402054220118,1.112891687244201,29,64,,False,True,,596,21.16838264042747
52,2026-09-14T02:07:31.432+00:00,2026-09-14T02:09:39.366+00:00,2026-09-14T02:09:46.898+00:00,True,118,118.0,,118.0,127934.765127,135466.18887100002,135466.18882100002,1148.0185493305084,0.0,127934.765127,11771.47543678581,92.7599755,64.37114311111111,34.97984991556205,0.8710660644064292,29,64,,False,True,,469,21.16838264042747
53,2026-09-14T02:07:35.623+00:00,2026-09-14T02:09:46.441+00:00,2026-09-14T02:09:56.394+00:00,True,149,149.0,,149.0,130818.191433,140771.771209,140771.771261,944.776988328859,36.083512999999996,130818.191433,10711.556938385169,95.791073,67.2539174054054,22.162903142954796,1.0584508436622835,29,64,,False,True,,688,21.16838264042747
54,2026-09-14T02:07:38.695+00:00,2026-09-14T02:09:51.892+00:00,2026-09-14T02:10:09.119+00:00,True,255,255.0,,255.0,133197.385114,150424.34473,150424.344711,589.8993910235295,37.146942,133197.385114,8336.925427687887,94.713332,67.82267565354331,21.97273601924475,1.695204326518458,29,64,,False,True,,1244,21.16838264042747
55,2026-09-14T02:07:42.180+00:00,2026-09-14T02:09:57.490+00:00,2026-09-14T02:10:04.334+00:00,True,103,103.0,,103.0,135309.671619,142154.116291,142154.116364,1380.13705207767,41.322652000000005,135309.671619,13325.862996617969,93.02094199999999,67.10239874509804,21.192292438955338,0.7245657226636433,29,64,,False,True,,341,21.16838264042747
56,2026-09-14T02:07:45.648+00:00,2026-09-14T02:10:03.226+00:00,2026-09-14T02:10:21.043+00:00,True,272,272.0,,272.0,137577.611405,155395.24186900002,155395.241755,571.3060358639706,0.0,137577.611405,8338.122594718488,95.99656650000001,65.7477138892989,63.53095074238308,1.750375344370577,29,64,,False,True,,1383,21.16838264042747
57,2026-09-14T02:07:49.684+00:00,2026-09-14T02:10:10.750+00:00,2026-09-14T02:10:29.834+00:00,True,292,292.0,,292.0,141066.082053,160149.904645,160149.90468799998,548.45857769863,0.0,141066.082053,8251.646093129904,96.79746665,65.58014636426117,59.78604344347579,1.8232917506087098,29,64,,False,True,,1158,21.16838264042747
58,2026-09-14T02:07:53.403+00:00,2026-09-14T02:10:17.284+00:00,2026-09-14T02:10:29.393+00:00,True,188,188.0,,188.0,143880.544143,155989.331343,155989.33133000002,829.7304857978723,0.01598,143880.544143,10489.060847468518,96.46506635,64.75287272727273,67.53603449396113,1.205210628069254,29,64,,False,True,,1004,21.16838264042747
59,2026-09-14T02:07:55.812+00:00,2026-09-14T02:10:21.992+00:00,2026-09-14T02:10:41.097+00:00,True,286,286.0,,286.0,146179.327486,165284.557566,165284.557546,577.9180333776224,0.0,146179.327486,8639.85280250337,95.2222715,67.03589501754387,29.99378050338856,1.7303491881617372,29,64,,False,True,,1267,21.16838264042747
60,2026-09-14T02:07:58.711+00:00,2026-09-14T02:10:27.539+00:00,2026-09-14T02:10:35.970+00:00,True,126,126.0,,126.0,148827.066841,157258.776025,157258.776133,1248.0855248650794,41.854442000000006,148827.066841,13252.577082468912,95.84452975,67.453673472,21.579507021232587,0.8012271441052633,29,64,,False,True,,588,21.16838264042747
61,2026-09-14T02:08:02.938+00:00,2026-09-14T02:10:34.699+00:00,2026-09-14T02:10:53.424+00:00,True,282,282.0,,282.0,151760.82571,170486.038126,170486.038123,604.5604188758865,0.0,151760.82571,9033.308859599289,96.19619105,66.6377666049822,30.534521560200464,1.6540943944722564,29,64,,False,True,,1121,21.16838264042747
62,2026-09-14T02:08:06.472+00:00,2026-09-14T02:10:40.216+00:00,2026-09-14T02:10:53.115+00:00,True,195,195.0,,195.0,153744.606264,166642.886712,166642.886724,854.5789062769231,5.614028,153744.606264,11005.142369268962,96.295239,66.48598169072164,22.847543499985655,1.1701669591034394,29,64,,False,True,,788,21.16838264042747
63,2026-09-14T02:08:10.201+00:00,2026-09-14T02:10:47.532+00:00,2026-09-14T02:11:00.523+00:00,True,199,199.0,,199.0,157331.661972,170322.397844,170322.397926,855.8914468643217,5.791747999999999,157331.661972,11148.316674958565,94.31539190000001,65.60977713131312,22.11104454866781,1.1683724660937789,29,64,,False,True,,987,21.16838264042747
64,2026-09-14T02:08:12.613+00:00,2026-09-14T02:10:52.615+00:00,2026-09-14T02:11:10.889+00:00,True,278,278.0,,278.0,160002.097,178275.57949600002,178275.579479,641.2790628741008,0.0,160002.097,9592.377664731968,93.84066800000001,65.96925088808663,29.814035127487486,1.5593835161603695,29,64,,False,True,,1310,21.16838264042747
65,2026-09-14T02:08:16.195+00:00,2026-09-14T02:10:57.699+00:00,2026-09-14T02:11:06.907+00:00,True,144,144.0,,144.0,161504.865285,170712.125189,170712.12524300002,1185.5008697430555,40.498343999999996,161504.865285,13453.38987370288,92.63639214999999,64.38643289510489,21.231451730409788,0.8435253198363837,29,64,,False,True,,707,21.16838264042747
66,2026-09-14T02:08:20.440+00:00,2026-09-14T02:11:05.811+00:00,2026-09-14T02:11:13.930+00:00,True,120,120.0,,120.0,165370.503697,173490.217233,173490.217164,1445.7518097,0.0,165370.503697,15090.011973427754,94.40410590000002,68.23288685714284,38.3088039194765,0.6916816516451655,29,64,,False,True,,587,21.16838264042747
67,2026-09-14T02:08:24.383+00:00,2026-09-14T02:11:12.300+00:00,2026-09-14T02:11:30.287+00:00,True,272,272.0,,272.0,167916.116457,185903.504361,185903.504448,683.4687663529412,0.01569,167916.116457,10177.589590221833,96.48637465,66.37412510701107,64.56605533370315,1.463124651334232,29,64,,False,True,,1200,21.16838264042747
68,2026-09-14T02:08:28.313+00:00,2026-09-14T02:11:20.072+00:00,2026-09-14T02:11:31.891+00:00,True,176,176.0,,176.0,171758.929972,183577.546804,183577.546804,1043.0542432045456,0.0158,171758.929972,12941.982755479827,96.088478,67.53495332571428,81.78088122284294,0.9587229106395548,29,64,,False,True,,721,21.16838264042747
69,2026-09-14T02:08:32.209+00:00,2026-09-14T02:11:26.732+00:00,2026-09-14T02:11:38.192+00:00,True,177,177.0,,177.0,174522.386503,185982.52909499998,185982.52904999998,1050.7487516949152,0.01593,174522.386503,13113.246655253364,96.10741780000001,65.11444654545454,78.74583793935992,0.9517022962387413,29,64,,False,True,,793,21.16838264042747
70,2026-09-14T02:08:35.929+00:00,2026-09-14T02:11:32.570+00:00,2026-09-14T02:11:44.339+00:00,True,181,181.0,,181.0,176640.54977200003,188409.46676400004,188409.46690800003,1040.9362812596687,0.0,176640.54977200003,13124.770969513824,93.71213300000001,65.38287217777777,33.36616287775319,0.9606735962302729,29,64,,False,True,,446,21.16838264042747
71,2026-09-14T02:08:38.445+00:00,2026-09-14T02:11:36.941+00:00,2026-09-14T02:11:53.236+00:00,True,245,245.0,,245.0,178496.575279,194791.00420700002,194791.00436800002,795.0653239510204,0.0,178496.575279,11399.503326764692,95.592829,66.7804464262295,30.965602746479682,1.2577582881581328,29,64,,False,True,,876,21.16838264042747
72,2026-09-14T02:08:40.912+00:00,2026-09-14T02:11:41.990+00:00,2026-09-14T02:11:54.470+00:00,True,184,184.0,,184.0,181077.131429,193557.676709,193557.676666,1051.9438949239131,40.128065,181077.131429,13344.174686121945,95.7445325,68.19970098360656,22.697744693419047,0.9506210403456677,29,64,,False,True,,939,21.16838264042747
73,2026-09-14T02:08:44.808+00:00,2026-09-14T02:11:48.496+00:00,2026-09-14T02:11:57.888+00:00,True,139,139.0,,139.0,183688.22207,193079.681142,193079.681338,1389.0624556690648,41.719872,183688.22207,15574.476550699244,95.7021939,68.05405124637682,23.212513799194735,0.7199100349548059,29,64,,False,True,,682,21.16838264042747
74,2026-09-14T02:08:48.855+00:00,2026-09-14T02:11:55.674+00:00,2026-09-14T02:12:07.296+00:00,True,169,169.0,,169.0,186818.406958,198440.967214,198440.967133,1174.2069061124262,39.880606,186818.406958,14365.344761828828,99.113673,69.18190628571428,23.896753461540374,0.8516386629871106,29,64,,False,True,,871,21.16838264042747
75,2026-09-14T02:08:52.947+00:00,2026-09-14T02:12:03.360+00:00,2026-09-14T02:12:15.712+00:00,True,179,179.0,,179.0,190412.978998,202764.94085400001,202764.940845,1132.7650326536314,0.0,190412.978998,14226.994808422036,98.71992599999997,69.39304413483146,36.76090109241367,0.8827956117368838,29,64,,False,True,,786,21.16838264042747
76,2026-09-14T02:08:55.886+00:00,2026-09-14T02:12:08.419+00:00,2026-09-14T02:12:23.119+00:00,True,220,220.0,,220.0,192532.879423,207233.610815,207233.61085,941.9709584090909,0.0,192532.879423,12976.08216030362,97.74589645,67.1266273607306,33.774499165624505,1.061603854388257,29,64,,False,True,,886,21.16838264042747
77,2026-09-14T02:08:58.534+00:00,2026-09-14T02:12:13.566+00:00,2026-09-14T02:12:25.387+00:00,True,176,176.0,,176.0,195032.214047,206852.90857499998,206852.908574,1175.3006168977272,0.0,195032.214047,14696.057864527387,95.43307400000002,67.54682587428572,35.70448504905109,0.8508461457586252,29,64,,False,True,,716,21.16838264042747
78,2026-09-14T02:09:00.999+00:00,2026-09-14T02:12:18.228+00:00,2026-09-14T02:12:27.475+00:00,True,135,135.0,,135.0,197228.574539,206475.719243,206475.71925,1529.4497722222222,41.120584,197228.574539,16968.80730083303,94.230628,69.00854256716418,21.580007153392494,0.653829905496633,29,64,,False,True,,491,21.16838264042747
79,2026-09-14T02:09:05.177+00:00,2026-09-14T02:12:24.470+00:00,2026-09-14T02:12:37.967+00:00,True,207,207.0,,207.0,199293.702195,212789.771059,212789.77106099998,1027.9699085072464,36.365353000000006,199293.702195,13847.332701078483,94.89229499999999,65.51489739805825,21.399554731778466,0.9727911213486166,29,64,,False,True,,844,21.16838264042747
80,2026-09-14T02:09:08.361+00:00,2026-09-14T02:12:31.344+00:00,2026-09-14T02:12:42.746+00:00,True,177,177.0,,177.0,202983.444803,214385.43059499998,214385.43060199998,1211.2171220451976,31.705023,202983.444803,15252.315878707548,96.0955798,64.78401018181818,21.693273291369852,0.8256158056485398,29,64,,False,True,,838,21.16838264042747
81,2026-09-14T02:09:12.421+00:00,2026-09-14T02:12:38.135+00:00,2026-09-14T02:12:52.403+00:00,True,213,213.0,,213.0,205713.935746,219982.198658,219982.198555,1032.7802749061034,0.0,205713.935746,14090.937329524775,93.82110660000001,67.30312694339622,86.1707667735852,0.9682601651379299,29,64,,False,True,,977,21.16838264042747
82,2026-09-14T02:09:14.782+00:00,2026-09-14T02:12:42.838+00:00,2026-09-14T02:12:59.678+00:00,True,255,255.0,,255.0,208055.206122,224895.57297,224895.573141,881.943424082353,0.0,208055.206122,13025.023029107053,94.6223227,66.30065688188976,81.26900200287616,1.1338595803929665,29,64,,False,True,,983,21.16838264042747
83,2026-09-14T02:09:18.326+00:00,2026-09-14T02:12:49.572+00:00,2026-09-14T02:13:07.964+00:00,True,277,277.0,,277.0,211245.320194,229637.54189,229637.541922,829.0163968303249,0.0,211245.320194,12688.719140046625,96.39948679999999,66.6384844057971,75.17583276279257,1.2062487593282434,29,64,,False,True,,661,21.16838264042747
84,2026-09-14T02:09:20.965+00:00,2026-09-14T02:12:53.147+00:00,2026-09-14T02:13:01.184+00:00,True,121,121.0,,121.0,212181.455054,220219.07271799998,220219.07289399998,1819.9923379669422,38.609517999999994,212181.455054,19283.14666942121,96.92891600000002,66.9801472,22.125048535568357,0.5494528630358267,29,64,,False,True,,564,21.16838264042747
85,2026-09-14T02:09:23.804+00:00,2026-09-14T02:12:58.290+00:00,2026-09-14T02:13:14.462+00:00,True,243,243.0,,243.0,214485.68501,230658.132754,230658.13276299997,949.2104228930041,33.867339,214485.68501,13754.993101910797,95.32642600000001,66.82829646280992,21.689913161399268,1.0535071844146193,29,64,,False,True,,1221,21.16838264042747
86,2026-09-14T02:09:26.325+00:00,2026-09-14T02:13:02.636+00:00,2026-09-14T02:13:20.251+00:00,True,267,267.0,,267.0,216311.033924,233925.89114,233925.891017,876.1269326479401,34.929646999999996,216311.033924,13233.985751125454,95.0496267,66.2212677293233,21.949769534315525,1.141387123498039,29,64,,False,True,,1252,21.16838264042747
87,2026-09-14T02:09:29.261+00:00,2026-09-14T02:13:07.517+00:00,2026-09-14T02:13:25.616+00:00,True,277,277.0,,277.0,218256.088107,236355.304235,236355.30428699998,853.2682465234657,39.195027,218256.088107,13109.814604454494,93.88959200000001,65.57687002898551,21.366429166710994,1.171964390207162,29,64,,False,True,,1355,21.16838264042747
88,2026-09-14T02:09:32.761+00:00,2026-09-14T02:13:14.695+00:00,2026-09-14T02:13:29.719+00:00,True,232,232.0,,232.0,221934.717614,236958.805678,236958.80571,1021.3741625431035,39.660745999999996,221934.717614,14566.473291476677,93.85680055,65.03934226839827,21.147662372649314,0.9790731318728098,29,64,,False,True,,1181,21.16838264042747
89,2026-09-14T02:09:35.388+00:00,2026-09-14T02:13:18.597+00:00,2026-09-14T02:13:28.445+00:00,True,155,155.0,,155.0,223208.873112,233057.00188,233057.001697,1503.5935593354839,39.768305999999995,223208.873112,17923.443190514932,92.59974900000002,63.9488881038961,20.424836797681465,0.6650733457894941,29,64,,False,True,,358,21.16838264042747
90,2026-09-14T02:09:38.654+00:00,2026-09-14T02:13:24.886+00:00,2026-09-14T02:13:36.989+00:00,True,184,184.0,,184.0,226231.74608799999,238334.993192,238334.99315,1295.2988758152173,0.0,226231.74608799999,16673.196125152608,92.09595585000001,66.13796231693989,39.39505222772886,0.7720225953214167,29,64,,False,True,,860,21.16838264042747
91,2026-09-14T02:09:41.069+00:00,2026-09-14T02:13:29.165+00:00,2026-09-14T02:13:44.822+00:00,True,233,233.0,,233.0,228096.904153,243753.445081,243753.44526500002,1046.1521256008584,0.0,228096.904153,14938.75048738998,94.6614866,67.48509020689656,37.3736587168647,0.9558839257536376,29,64,,False,True,,903,21.16838264042747
92,2026-09-14T02:09:44.359+00:00,2026-09-14T02:13:34.145+00:00,2026-09-14T02:13:50.540+00:00,True,244,244.0,,244.0,229785.628472,246180.711992,246180.711955,1008.9373440778689,40.213045,229785.628472,14706.214966020989,95.37943014999999,67.46947950617283,22.271796060953406,0.9911418243356496,29,64,,False,True,,1234,21.16838264042747
93,2026-09-14T02:09:48.520+00:00,2026-09-14T02:13:42.343+00:00,2026-09-14T02:13:58.658+00:00,True,243,243.0,,243.0,233822.162132,250138.100436,250138.100348,1029.3748985514403,41.146273,233822.162132,14995.391180782794,95.35512709999999,67.42123266115702,22.996453566399968,0.9714633619446297,29,64,,False,True,,1084,21.16838264042747
94,2026-09-14T02:09:51.387+00:00,2026-09-14T02:13:48.125+00:00,2026-09-14T02:14:08.020+00:00,True,299,299.0,,299.0,236737.92946,256632.482036,256632.482053,858.3026155618729,31.907482,236737.92946,13687.065267041375,94.3179709,66.76024354362416,22.33027409453002,1.1650902396605305,29,64,,False,True,,1611,21.16838264042747
95,2026-09-14T02:09:55.449+00:00,2026-09-14T02:13:54.958+00:00,2026-09-14T02:14:06.173+00:00,True,171,171.0,,171.0,239509.70321,250724.147242,250724.147266,1466.2230834269005,31.438803,239509.70321,18310.733584268444,94.95631399999998,65.96731783529412,22.262658757219008,0.6820244554863321,29,64,,False,True,,838,21.16838264042747
96,2026-09-14T02:09:58.398+00:00,2026-09-14T02:14:00.297+00:00,2026-09-14T02:14:08.601+00:00,True,123,123.0,,123.0,241899.278727,250202.899079,250202.899224,2034.1699123902438,38.812628,241899.278727,21805.19845563583,96.21167809999999,68.06246190163934,22.983681735533345,0.4916010184245048,29,64,,False,True,,205,21.16838264042747
97,2026-09-14T02:10:01.092+00:00,2026-09-14T02:14:05.536+00:00,2026-09-14T02:14:15.922+00:00,True,154,154.0,,154.0,244443.853887,254830.308159,254830.308314,1654.7422617792208,0.0,244443.853887,19692.431804503525,98.5735078,67.88532203921568,46.725483600166726,0.6043237208029137,29,64,,False,True,,745,21.16838264042747
98,2026-09-14T02:10:04.386+00:00,2026-09-14T02:14:12.005+00:00,2026-09-14T02:14:30.485+00:00,True,278,278.0,,278.0,247618.441898,266099.312042,266099.311992,957.1917697553956,0.0,247618.441898,14847.211698687332,95.71730835,66.71794275812275,37.001534176614065,1.0447227310235272,29,64,,False,True,,1172,21.16838264042747
99,2026-09-14T02:10:07.862+00:00,2026-09-14T02:14:17.815+00:00,2026-09-14T02:14:28.439+00:00,True,163,163.0,,163.0,249952.78474,260576.940388,260576.940191,1598.6315349141105,38.609138,249952.78474,19572.687888763157,95.2549249,65.5812077037037,21.320184758584485,0.6255350137939775,29,64,,False,True,,809,21.16838264042747
100,2026-09-14T02:10:11.490+00:00,2026-09-14T02:14:24.675+00:00,2026-09-14T02:14:40.003+00:00,True,232,232.0,,232.0,253185.129262,268513.697326,268513.69734,1157.3866264655173,0.01542,253185.129262,16618.338584036985,94.37301845000002,66.35743750649351,96.17178375205624,0.8640155132135808,29,64,,False,True,,907,21.16838264042747
101,2026-09-14T02:10:15.345+00:00,2026-09-14T02:14:31.918+00:00,2026-09-14T02:14:38.925+00:00,True,124,124.0,,124.0,256573.76576100002,263580.760705,263580.760741,2125.651296298387,0.01614,256573.76576100002,23035.909172918356,92.97175479999999,56.967438569105695,30.97372815124216,0.47044404784452754,29,64,,False,True,,508,21.16838264042747
102,2026-09-14T02:10:18.958+00:00,2026-09-14T02:14:36.760+00:00,2026-09-14T02:14:44.474+00:00,True,122,122.0,,122.0,257801.587715,265515.992835,265515.992861,2176.3605972213113,39.69744600000001,257801.587715,23334.496687508057,93.24295705,63.75541421487603,21.42743445586538,0.4594826801104017,29,64,,False,True,,592,21.16838264042747
103,2026-09-14T02:10:22.404+00:00,2026-09-14T02:14:43.354+00:00,2026-09-14T02:14:57.938+00:00,True,221,221.0,,221.0,260950.06973,275533.82269,275533.822837,1246.759379352941,34.804186,260950.06973,17548.956056499403,95.36573900000002,66.28978618181819,22.1699615219202,0.8020793884482363,29,64,,False,True,,781,21.16838264042747
104,2026-09-14T02:10:26.349+00:00,2026-09-14T02:14:49.840+00:00,2026-09-14T02:15:07.248+00:00,True,255,255.0,,255.0,263491.528375,280899.438519,280899.438562,1101.5664257333333,0.0,263491.528375,16496.234980076035,95.8892891,68.53507930708662,39.563635154045315,0.9077981833799637,29,64,,False,True,,1061,21.16838264042747
105,2026-09-14T02:10:30.104+00:00,2026-09-14T02:14:57.113+00:00,2026-09-14T02:15:12.165+00:00,True,220,220.0,,220.0,267009.11213100003,282060.69485100004,282060.694916,1282.0940678000002,0.0,267009.11213100003,17997.16443841111,95.40644694999999,68.72868821917808,41.42531052849725,0.7799739701989179,29,64,,False,True,,1073,21.16838264042747
106,2026-09-14T02:10:33.751+00:00,2026-09-14T02:15:02.847+00:00,2026-09-14T02:15:10.997+00:00,True,125,125.0,,125.0,269095.69507,277246.388702,277246.388699,2217.971109592,40.608724,269095.69507,24062.781232798516,94.83729519999999,65.73140025806451,21.7637297952912,0.4508625002663497,29,64,,False,True,,562,21.16838264042747
107,2026-09-14T02:10:36.617+00:00,2026-09-14T02:15:07.743+00:00,2026-09-14T02:15:26.586+00:00,True,281,281.0,,281.0,271126.55245599995,289968.97779999994,289968.97801399993,1031.9180712241991,40.378244,271126.55245599995,16170.055317041215,96.601054,67.29437622857142,22.536334263085436,0.9690691815791891,29,64,,False,True,,1408,21.16838264042747
108,2026-09-14T02:10:40.498+00:00,2026-09-14T02:15:15.362+00:00,2026-09-14T02:15:28.901+00:00,True,200,200.0,,200.0,274864.425992,288403.68487199995,288403.684668,1442.0184233399998,33.279129,274864.425992,19431.052255038296,96.30018034999999,68.0364767839196,22.712876522192087,0.693472415544082,29,64,,False,True,,1060,21.16838264042747
109,2026-09-14T02:10:44.362+00:00,2026-09-14T02:15:21.791+00:00,2026-09-14T02:15:31.818+00:00,True,144,144.0,,144.0,277429.48418,287456.27893200004,287456.278935,1996.2241592708335,41.020783,277429.48418,23113.291982955092,96.73066999999999,70.1174458181818,23.058793556409906,0.5009457456800389,29,64,,False,True,,525,21.16838264042747
110,2026-09-14T02:10:48.018+00:00,2026-09-14T02:15:28.575+00:00,2026-09-14T02:15:44.060+00:00,True,229,229.0,,229.0,280556.231943,296041.097223,296041.097126,1292.7558826462882,28.788528999999997,280556.231943,18535.20311759134,96.6044296,67.91607578947368,22.406699855422968,0.7735412486581222,29,64,,False,True,,1159,21.16838264042747
111,2026-09-14T02:10:51.940+00:00,2026-09-14T02:15:35.986+00:00,2026-09-14T02:15:50.615+00:00,True,222,222.0,,222.0,284046.462346,298675.47047400003,298675.470471,1345.3850021216217,0.0,284046.462346,19059.556044375175,95.69992255000001,66.19460691402715,43.058956355059735,0.7432816616901431,29,64,,False,True,,996,21.16838264042747
112,2026-09-14T02:10:55.883+00:00,2026-09-14T02:15:42.242+00:00,2026-09-14T02:15:51.351+00:00,True,143,143.0,,143.0,286359.628731,295468.958651,295468.95869,2066.2164943356643,0.0,286359.628731,23941.283280988442,96.92200499999998,64.15021070422536,50.38247935278636,0.4839763901185565,29,64,,False,True,,625,21.16838264042747
113,2026-09-14T02:10:59.416+00:00,2026-09-14T02:15:49.536+00:00,2026-09-14T02:15:59.424+00:00,False,149,148.0,,148.0,290120.568716,300007.89006,300007.890157,2013.475772865772,0.02238,290120.568716,23762.141222237165,95.27813640000001,66.8062252972973,23.07938379133704,0.49332035890922993,29,64,,False,False,Request timeout: 300.0s exceeded,658,21.16838264042747
114,2026-09-14T02:11:01.711+00:00,2026-09-14T02:15:53.507+00:00,2026-09-14T02:16:01.738+00:00,False,116,115.0,,115.0,291795.737597,300026.808061,300026.808105,2586.438000905173,0.023,291795.737597,27085.917436841417,94.1365785,71.57452577391304,22.027413640486376,0.38329908164945964,29,64,,False,False,Request timeout: 300.0s exceeded,466,21.16838264042747
115,2026-09-14T02:11:04.437+00:00,2026-09-14T02:15:56.971+00:00,2026-09-14T02:16:04.505+00:00,False,108,107.0,,107.0,292534.542319,300067.842543,300067.842483,2778.4059489166666,0.02309,292534.542319,28142.382423319526,91.1390445,70.4046749906542,20.85768045336862,0.35658602765695163,29,64,,False,False,Request timeout: 300.0s exceeded,502,21.16838264042747
116,2026-09-14T02:11:08.478+00:00,2026-09-14T02:16:01.827+00:00,2026-09-14T02:16:08.493+00:00,False,99,98.0,,98.0,293348.45387900004,300014.41407100006,300014.41403800005,3030.448626646465,0.0238,293348.45387900004,29475.799522387766,90.682603,68.02000195918367,20.22824246970976,0.3266509720989864,29,64,,False,False,Request timeout: 300.0s exceeded,404,21.16838264042747
117,2026-09-14T02:11:11.583+00:00,2026-09-14T02:16:05.156+00:00,2026-09-14T02:16:11.619+00:00,False,96,95.0,,95.0,293573.816273,300036.362705,300036.36259399995,3125.3787770208332,0.03246,293573.816273,29955.815789231594,88.85395175000002,68.02680454736843,19.977195086280876,0.3166282884631732,29,64,,False,False,Request timeout: 300.0s exceeded,500,21.16838264042747
118,2026-09-14T02:11:14.059+00:00,2026-09-14T02:16:07.728+00:00,2026-09-14T02:16:14.108+00:00,False,97,96.0,,96.0,293668.869259,300048.841355,300048.841315,3093.2870238659793,0.06207,293668.869259,29810.81492620582,87.28292499999999,66.45804266666667,20.085406945069785,0.3199479110349855,29,64,,False,False,Request timeout: 300.0s exceeded,466,21.16838264042747
119,2026-09-14T02:11:17.653+00:00,2026-09-14T02:16:11.246+00:00,2026-09-14T02:16:17.755+00:00,False,98,97.0,,97.0,293593.021408,300101.76995199994,300101.76987099997,3062.262957867347,0.03664,293593.021408,29650.602276506594,87.65116865,67.10050045360825,20.016572623690898,0.3232236851369279,29,64,,False,False,Request timeout: 300.0s exceeded,317,21.16838264042747
120,2026-09-14T02:11:20.132+00:00,2026-09-14T02:16:14.070+00:00,2026-09-14T02:16:20.204+00:00,False,92,91.0,,91.0,293938.03797500004,300071.96181500005,300071.96189000004,3261.6517596739136,0.03717,293938.03797500004,30638.13779152773,88.62564450000002,67.40575648351648,19.98872313898882,0.3032605893918979,29,64,,False,False,Request timeout: 300.0s exceeded,498,21.16838264042747
121,2026-09-14T02:11:23.479+00:00,2026-09-14T02:16:17.192+00:00,2026-09-14T02:16:23.508+00:00,False,93,92.0,,92.0,293712.40667,300029.064078,300029.064032,3226.1189680860216,0.022269999999999998,293712.40667,30449.44423695879,87.7611204,68.6593196521739,19.36474325567192,0.3066369595982951,29,64,,False,False,Request timeout: 300.0s exceeded,434,21.16838264042747
122,2026-09-14T02:11:27.786+00:00,2026-09-14T02:16:21.296+00:00,2026-09-14T02:16:27.883+00:00,False,99,98.0,,98.0,293509.68770099996,300096.65909299994,300096.659129,3031.2793851414135,0.02414,293509.68770099996,29492.085602782925,90.37632690000001,67.21399379591836,20.907042775630742,0.3265614495549243,29,64,,False,False,Request timeout: 300.0s exceeded,612,21.16838264042747
123,2026-09-14T02:11:30.837+00:00,2026-09-14T02:16:24.110+00:00,2026-09-14T02:16:30.871+00:00,False,107,106.0,,106.0,293272.706115,300033.390915,300033.390865,2804.050381915888,0.07993,293272.706115,28345.584303759064,89.2838327,63.780045283018865,20.758192666631754,0.35329401063240323,29,64,,False,False,Request timeout: 300.0s exceeded,426,21.16838264042747
124,2026-09-14T02:11:33.919+00:00,2026-09-14T02:16:27.261+00:00,2026-09-14T02:16:34.017+00:00,False,116,115.0,,115.0,293341.504761,300097.391609,300097.391662,2587.0464798448274,0.01569,293341.504761,27231.026364678262,91.66979074999999,58.74684215652174,149.33298380930242,0.38320892888610875,29,64,,False,False,Request timeout: 300.0s exceeded,465,21.16838264042747
125,2026-09-14T02:11:37.355+00:00,2026-09-14T02:16:30.961+00:00,2026-09-14T02:16:37.218+00:00,True,101,101.0,,101.0,293605.83464099996,299862.97281699994,299862.972868,2968.9403254257422,0.0154,293605.83464099996,29209.098787344552,88.75738199999999,62.57138176,163.3863875098001,0.33682051188640144,29,64,,False,True,,449,21.16838264042747
126,2026-09-14T02:11:40.675+00:00,2026-09-14T02:16:34.743+00:00,2026-09-14T02:16:40.723+00:00,False,84,83.0,,83.0,294067.760564,300048.07442,300048.074518,3572.0008871190475,0.038020000000000005,294067.760564,32077.56755779798,89.26289765,72.05197416867469,19.61428930661633,0.27662233847172973,29,64,,False,False,Request timeout: 300.0s exceeded,367,21.16838264042747
127,2026-09-14T02:11:43.152+00:00,2026-09-14T02:16:36.646+00:00,2026-09-14T02:16:43.200+00:00,False,100,99.0,,99.0,293493.940558,300048.88379,300048.883815,3000.48883815,0.0,293493.940558,29342.842156409013,89.790149,66.21154779797979,64.07627027615533,0.32994623659153055,29,64,,False,False,Request timeout: 300.0s exceeded,615,21.16838264042747
128,2026-09-14T02:11:46.461+00:00,2026-09-14T02:16:39.502+00:00,2026-09-14T02:16:46.486+00:00,False,110,109.0,,109.0,293040.10750800004,300024.541428,300024.541336,2727.4958303272733,0.0,293040.10750800004,27934.23380654179,88.43821845000001,64.07737541284403,60.71594866105544,0.3633036133684346,29,64,,False,False,Request timeout: 300.0s exceeded,524,21.16838264042747
129,2026-09-14T02:11:48.802+00:00,2026-09-14T02:16:42.800+00:00,2026-09-14T02:16:48.876+00:00,False,104,103.0,,103.0,293998.20596,300073.402632,300073.402662,2885.3211794423078,0.0,293998.20596,28823.125084976946,88.62449064999998,58.982491961165046,27.348778652299124,0.34324934864792317,29,64,,False,False,Request timeout: 300.0s exceeded,495,21.16838264042747
130,2026-09-14T02:11:51.189+00:00,2026-09-14T02:16:44.565+00:00,2026-09-14T02:16:51.225+00:00,False,99,98.0,,98.0,293375.41276700003,300035.84182300005,300035.84196000005,3030.6650703030305,0.026920000000000003,293375.41276700003,29478.514682958514,90.1695568,67.96356179591837,20.25580078231256,0.3266276435660413,29,64,,False,False,Request timeout: 300.0s exceeded,475,21.16838264042747
131,2026-09-14T02:11:55.428+00:00,2026-09-14T02:16:48.962+00:00,2026-09-14T02:16:55.499+00:00,False,96,95.0,,95.0,293534.374112,300071.412704,300071.412907,3125.7438844479166,0.14332,293534.374112,29951.71009741319,88.33689575,68.81093254736842,19.803824867586137,0.31659130452960216,29,64,,False,False,Request timeout: 300.0s exceeded,495,21.16838264042747
132,2026-09-14T02:11:58.252+00:00,2026-09-14T02:16:52.202+00:00,2026-09-14T02:16:58.288+00:00,False,88,87.0,,87.0,293950.184977,300036.400913,300036.40102499997,3409.504557102273,0.04229,293950.184977,31327.743988866474,89.16434635,69.95650501149424,20.097656319865056,0.2899648167197784,29,64,,False,False,Request timeout: 300.0s exceeded,471,21.16838264042747
133,2026-09-14T02:12:00.923+00:00,2026-09-14T02:16:54.817+00:00,2026-09-14T02:17:00.975+00:00,False,90,89.0,,89.0,293893.560643,300052.375107,300052.375248,3333.9152805333333,0.03742,293893.560643,30971.813404430206,90.676933,69.20016251685392,19.97017184098206,0.2966148825459629,29,64,,False,False,Request timeout: 300.0s exceeded,431,21.16838264042747
134,2026-09-14T02:12:03.325+00:00,2026-09-14T02:16:57.181+00:00,2026-09-14T02:17:03.355+00:00,False,92,91.0,,91.0,293855.24158200005,300029.57348600007,300029.573365,3261.191014836957,0.03361,293855.24158200005,30629.45981187372,89.72689110000002,67.84980114285715,20.64996648168909,0.3033034342004497,29,64,,False,False,Request timeout: 300.0s exceeded,381,21.16838264042747
135,2026-09-14T02:12:06.005+00:00,2026-09-14T02:16:59.491+00:00,2026-09-14T02:17:06.094+00:00,False,97,96.0,,96.0,293486.244159,300089.335103,300089.335154,3093.7044861237114,0.02619,293486.244159,29792.036198292284,89.08357,68.78219733333333,20.114773038016796,0.31990473759105703,29,64,,False,False,Request timeout: 300.0s exceeded,336,21.16838264042747
136,2026-09-14T02:12:09.651+00:00,2026-09-14T02:17:03.716+00:00,2026-09-14T02:17:09.665+00:00,False,83,82.0,,82.0,294064.953033,300014.355657,300014.3556,3614.6307903614456,0.032130000000000006,294064.953033,32269.8636859458,89.77852109999999,72.55369053658536,19.007240022427148,0.2733202543605909,29,64,,False,False,Request timeout: 300.0s exceeded,336,21.16838264042747
137,2026-09-14T02:12:12.270+00:00,2026-09-14T02:17:06.010+00:00,2026-09-14T02:17:12.300+00:00,False,91,90.0,,90.0,293740.04653600004,300030.06586400006,300030.06600200007,3297.033692329671,0.031239999999999997,293740.04653600004,30785.003521174858,87.664895,69.88910364444445,19.675879058214267,0.29996993714888526,29,64,,False,False,Request timeout: 300.0s exceeded,392,21.16838264042747
138,2026-09-14T02:12:14.573+00:00,2026-09-14T02:17:08.435+00:00,2026-09-14T02:17:14.655+00:00,False,87,86.0,,86.0,293862.29862699995,300082.01421099994,300082.01407199993,3449.2185525517234,0.038630000000000005,293862.29862699995,31497.597032849946,87.75815829999999,72.32227423255814,18.56385303528681,0.28658831895046494,29,64,,False,False,Request timeout: 300.0s exceeded,378,21.16838264042747
139,2026-09-14T02:12:17.367+00:00,2026-09-14T02:17:11.491+00:00,2026-09-14T02:17:17.382+00:00,False,87,86.0,,86.0,294123.76287800004,300014.42835000006,300014.42826,3448.4417041379315,0.020579999999999998,294123.76287800004,31526.040105271484,89.20703830000001,68.49611013953489,20.145034672026018,0.2866528802397179,29,64,,False,False,Request timeout: 300.0s exceeded,319,21.16838264042747
140,2026-09-14T02:12:21.199+00:00,2026-09-14T02:17:14.957+00:00,2026-09-14T02:17:21.225+00:00,False,95,94.0,,94.0,293758.269786,300026.29385,300026.29409000004,3158.1715167368425,0.02594,293758.269786,30132.128096284716,88.89446609999999,66.68110706382978,20.470092132000435,0.3133058732745467,29,64,,False,False,Request timeout: 300.0s exceeded,586,21.16838264042747
141,2026-09-14T02:12:25.117+00:00,2026-09-14T02:17:18.661+00:00,2026-09-14T02:17:25.202+00:00,False,96,95.0,,95.0,293543.53932499996,300084.76812499994,300084.76811199996,3125.8830011666664,0.04621,293543.53932499996,29952.64070189107,88.623668,68.85504,19.317095299276964,0.31657721447703696,29,64,,False,False,Request timeout: 300.0s exceeded,447,21.16838264042747
142,2026-09-14T02:12:28.468+00:00,2026-09-14T02:17:22.220+00:00,2026-09-14T02:17:28.480+00:00,False,91,90.0,,90.0,293751.85673400003,300012.021598,300012.021696,3296.8354032527477,0.02434,293751.85673400003,30786.276498749252,88.640923,69.55738737777779,19.92633644687209,0.29998797888371004,29,64,,False,False,Request timeout: 300.0s exceeded,339,21.16838264042747
143,2026-09-14T02:12:32.620+00:00,2026-09-14T02:17:26.528+00:00,2026-09-14T02:17:32.665+00:00,False,91,90.0,,90.0,293907.730728,300045.385256,300045.385275,3297.2020359890107,0.02205,293907.730728,30802.759126019653,88.18229299999999,68.19616142222223,19.770834884963467,0.29995462160903297,29,64,,False,False,Request timeout: 300.0s exceeded,339,21.16838264042747
144,2026-09-14T02:12:35.627+00:00,2026-09-14T02:17:29.428+00:00,2026-09-14T02:17:35.721+00:00,False,91,90.0,,90.0,293801.531057,300094.331825,300094.331982,3297.73991189011,0.02386,293801.531057,30791.445725086178,88.8162375,69.92000853333333,19.858325664984775,0.2999056978273202,29,64,,False,False,Request timeout: 300.0s exceeded,418,21.16838264042747
145,2026-09-14T02:12:38.000+00:00,2026-09-14T02:17:31.866+00:00,2026-09-14T02:17:38.066+00:00,False,93,92.0,,92.0,293865.39182599995,300065.70977799996,300065.71000699996,3226.5130108279564,0.0,293865.39182599995,30465.50559464183,88.64981060000002,67.3947603478261,66.8276653588445,0.3065995113805743,29,64,,False,False,Request timeout: 300.0s exceeded,384,21.16838264042747
146,2026-09-14T02:12:42.136+00:00,2026-09-14T02:17:36.045+00:00,2026-09-14T02:17:42.212+00:00,False,95,94.0,,94.0,293909.424375,300076.577783,300076.577636,3158.7008172210526,0.0,293909.424375,30147.8127115084,90.86497070000001,65.6080149787234,66.8203274160997,0.31325337250405455,29,64,,False,False,Request timeout: 300.0s exceeded,438,21.16838264042747
147,2026-09-14T02:12:45.767+00:00,2026-09-14T02:17:39.605+00:00,2026-09-14T02:17:45.793+00:00,False,88,87.0,,87.0,293838.01909200003,300026.18037200003,300026.18042900006,3409.3884139659094,0.02463,293838.01909200003,31315.661685697396,88.2900375,71.12829057471265,19.34358740755637,0.2899746945154233,29,64,,False,False,Request timeout: 300.0s exceeded,331,21.16838264042747
148,2026-09-14T02:12:48.071+00:00,2026-09-14T02:17:41.580+00:00,2026-09-14T02:17:48.085+00:00,False,93,92.0,,92.0,293509.420751,300014.139343,300014.13927,3225.9584867741937,0.02837,293509.420751,30428.18376188995,90.002336,70.70346295652173,19.597981267663304,0.3066522137972247,29,64,,False,False,Request timeout: 300.0s exceeded,443,21.16838264042747
149,2026-09-14T02:12:52.372+00:00,2026-09-14T02:17:44.826+00:00,2026-09-14T02:17:52.458+00:00,False,113,112.0,,112.0,292453.87035399996,300085.84987399995,300085.84967799997,2655.6269883008845,0.04324,292453.87035399996,27505.343166447954,91.0109092,68.14267428571428,20.541239963118276,0.3732265284985165,29,64,,False,False,Request timeout: 300.0s exceeded,469,21.16838264042747
150,2026-09-14T02:12:55.325+00:00,2026-09-14T02:17:49.202+00:00,2026-09-14T02:17:55.370+00:00,False,93,92.0,,92.0,293876.943167,300045.056575,300045.056746,3226.2909327526886,0.02487,293876.943167,30466.674413311186,91.12992399999999,67.04471095652174,21.060775257019966,0.30662061575076627,29,64,,False,False,Request timeout: 300.0s exceeded,409,21.16838264042747
151,2026-09-14T02:12:59.128+00:00,2026-09-14T02:17:53.686+00:00,2026-09-14T02:17:59.148+00:00,False,82,81.0,,81.0,294557.767931,300019.79314699996,300019.793243,3658.7779663780484,0.02514,294557.767931,32521.023569686015,90.5644216,67.43241007407407,20.53614909216786,0.2699821873429285,29,64,,False,False,Request timeout: 300.0s exceeded,382,21.16838264042747
152,2026-09-14T02:13:02.950+00:00,2026-09-14T02:17:56.812+00:00,2026-09-14T02:18:03.026+00:00,False,94,93.0,,93.0,293862.270227,300076.522003,300076.521928,3192.3034247659575,0.03509,293862.270227,30302.693293313503,87.16511525,66.81991156989247,19.711792886649594,0.30992094742777054,29,64,,False,False,Request timeout: 300.0s exceeded,353,21.16838264042747
153,2026-09-14T02:13:05.658+00:00,2026-09-14T02:17:59.356+00:00,2026-09-14T02:18:05.722+00:00,False,93,92.0,,92.0,293698.445735,300064.07235900004,300064.072216,3226.495400172043,0.02822,293698.445735,30447.94147861556,88.7859186,69.19159373913044,19.549884277910127,0.30660118446279755,29,64,,False,False,Request timeout: 300.0s exceeded,570,21.16838264042747
154,2026-09-14T02:13:09.651+00:00,2026-09-14T02:18:03.279+00:00,2026-09-14T02:18:09.718+00:00,False,91,90.0,,90.0,293627.642288,300066.366896,300066.367054,3297.4326049890105,0.0268,293627.642288,30773.047307744007,90.63549299999998,71.54138453333333,19.92287803674769,0.2999336477826357,29,64,,False,False,Request timeout: 300.0s exceeded,413,21.16838264042747
155,2026-09-14T02:13:12.268+00:00,2026-09-14T02:18:06.049+00:00,2026-09-14T02:18:12.314+00:00,False,90,89.0,,89.0,293780.66946,300045.89314,300045.893225,3333.8432580555555,0.03775,293780.66946,30959.78742494731,90.48437855,70.39577168539326,19.68875552336417,0.2966212903919769,29,64,,False,False,Request timeout: 300.0s exceeded,405,21.16838264042747
156,2026-09-14T02:13:15.566+00:00,2026-09-14T02:18:09.172+00:00,2026-09-14T02:18:15.577+00:00,False,97,96.0,,96.0,293605.707186,300010.590642,300010.590685,3092.892687474227,0.03773,293605.707186,29804.375785346736,88.895412,66.717536,20.59215511023981,0.3199887037139831,29,64,,False,False,Request timeout: 300.0s exceeded,446,21.16838264042747
157,2026-09-14T02:13:18.157+00:00,2026-09-14T02:18:11.846+00:00,2026-09-14T02:18:18.203+00:00,False,97,96.0,,96.0,293689.206137,300045.834361,300045.834258,3093.2560232783503,0.02547,293689.206137,29812.905049743666,88.76165879999999,66.21487733333333,20.875529836014174,0.31995111748326305,29,64,,False,False,Request timeout: 300.0s exceeded,431,21.16838264042747
158,2026-09-14T02:13:21.598+00:00,2026-09-14T02:18:15.237+00:00,2026-09-14T02:18:21.623+00:00,False,95,94.0,,94.0,293638.97559,300024.556134,300024.55629,3158.1532241052632,0.04246,293638.97559,30119.760152393083,88.18183,67.93170791489361,20.00126001914598,0.3133076879147744,29,64,,False,False,Request timeout: 300.0s exceeded,326,21.16838264042747
159,2026-09-14T02:13:24.020+00:00,2026-09-14T02:18:17.783+00:00,2026-09-14T02:18:24.097+00:00,False,95,94.0,,94.0,293762.485445,300076.657349,300076.657236,3158.7016551157894,0.02166,293762.485445,30132.5099795242,87.4236897,67.17204153191489,20.070804878703036,0.313253289444219,29,64,,False,False,Request timeout: 300.0s exceeded,418,21.16838264042747
160,2026-09-14T02:13:28.089+00:00,2026-09-14T02:18:21.789+00:00,2026-09-14T02:18:28.158+00:00,False,94,93.0,,93.0,293699.903781,300068.464421,300068.464497,3192.2177074148935,0.040299999999999996,293699.903781,30285.77520192174,87.78825984999999,68.47914666666667,19.49702104288337,0.30992926957335903,29,64,,False,False,Request timeout: 300.0s exceeded,370,21.16838264042747
161,2026-09-14T02:13:31.555+00:00,2026-09-14T02:18:25.285+00:00,2026-09-14T02:18:31.612+00:00,False,90,89.0,,89.0,293730.092685,300057.47623699997,300057.47635899996,3333.9719595444444,0.13798,293730.092685,30954.382696171673,90.73318645,71.09419721348314,19.927281187523004,0.29660983994180995,29,64,,False,False,Request timeout: 300.0s exceeded,445,21.16838264042747
162,2026-09-14T02:13:34.276+00:00,2026-09-14T02:18:27.981+00:00,2026-09-14T02:18:34.303+00:00,False,99,98.0,,98.0,293704.859148,300027.27502,300027.275182,3030.578537191919,0.0,293704.859148,29512.030794885086,93.8218059,64.51444767346939,62.61376983722264,0.32663696990037744,29,64,,False,False,Request timeout: 300.0s exceeded,418,21.16838264042747
163,2026-09-14T02:13:37.147+00:00,2026-09-14T02:18:30.813+00:00,2026-09-14T02:18:37.202+00:00,False,98,97.0,,97.0,293666.11878200003,300054.96563000005,300054.96561500005,3061.7853634183675,0.0,293666.11878200003,29658.169970510266,91.94185485000001,65.86440049484536,62.68687440477934,0.32327410345080376,29,64,,False,False,Request timeout: 300.0s exceeded,364,21.16838264042747
164,2026-09-14T02:13:40.882+00:00,2026-09-14T02:18:34.693+00:00,2026-09-14T02:18:40.941+00:00,False,91,90.0,,90.0,293810.780255,300058.052447,300058.052349,3297.3412346043956,0.01992,293810.780255,30792.469239528094,90.19434949999999,69.41413546666666,21.230119467002552,0.2999419587844486,29,64,,False,False,Request timeout: 300.0s exceeded,373,21.16838264042747
165,2026-09-14T02:13:43.917+00:00,2026-09-14T02:18:37.760+00:00,2026-09-14T02:18:43.941+00:00,False,93,92.0,,92.0,293843.09855,300023.801782,300023.801963,3226.0623866989245,0.03182,293843.09855,30463.15066948817,90.49644699999999,67.18155686956521,21.015258361582646,0.3066423378864055,29,64,,False,False,Request timeout: 300.0s exceeded,412,21.16838264042747
166,2026-09-14T02:13:47.755+00:00,2026-09-14T02:18:41.677+00:00,2026-09-14T02:18:47.782+00:00,False,96,95.0,,95.0,293921.703096,300026.960312,300026.96036800003,3125.280837166667,0.03723,293921.703096,29991.70629816821,88.1246245,64.26586543157894,20.893212693557523,0.3166382111167905,29,64,,False,False,Request timeout: 300.0s exceeded,461,21.16838264042747
167,2026-09-14T02:13:51.403+00:00,2026-09-14T02:18:45.110+00:00,2026-09-14T02:18:51.450+00:00,False,95,94.0,,94.0,293706.47726,300047.01204400003,300047.01211400004,3158.3896012,0.02495,293706.47726,30126.73531317028,90.8971657,67.45249770212766,20.706026713960277,0.3132842395584845,29,64,,False,False,Request timeout: 300.0s exceeded,394,21.16838264042747
168,2026-09-14T02:13:55.589+00:00,2026-09-14T02:18:48.984+00:00,2026-09-14T02:18:55.601+00:00,False,97,96.0,,96.0,293395.05501,300011.60797,300011.607841,3092.9031736185566,0.03132,293395.05501,29782.762956855207,88.9758282,68.92242666666667,19.88859041235713,0.319987618644408,29,64,,False,False,Request timeout: 300.0s exceeded,455,21.16838264042747
169,2026-09-14T02:13:59.021+00:00,2026-09-14T02:18:52.389+00:00,2026-09-14T02:18:59.333+00:00,False,78,77.0,,77.0,293367.658772,300312.112916,300312.11272,3850.155291282051,0.023059999999999997,293367.658772,33207.8545082894,88.11073535,90.18771615584416,220.10857293092496,0.25639991425033726,29,64,,False,False,Request timeout: 300.0s exceeded,365,21.16838264042747
170,2026-09-14T02:14:02.373+00:00,2026-09-14T02:18:56.379+00:00,2026-09-14T02:19:02.468+00:00,False,98,97.0,,97.0,294006.072696,300094.81484,300094.814963,3062.191989418367,0.01551,294006.072696,29693.391609900562,91.4802582,62.77053756701031,195.0688072407232,0.323231176292456,29,64,,False,False,Request timeout: 300.0s exceeded,388,21.16838264042747
171,2026-09-14T02:14:05.389+00:00,2026-09-14T02:19:00.227+00:00,2026-09-14T02:19:05.469+00:00,False,81,80.0,,80.0,294837.908499,300079.723795,300079.723657,3704.6879463827163,0.037340000000000005,294837.908499,32752.494632864134,88.83403200000001,65.5226912,22.036595370776766,0.26659581989835524,29,64,,False,False,Request timeout: 300.0s exceeded,441,21.16838264042747
172,2026-09-14T02:14:07.822+00:00,2026-09-14T02:19:01.433+00:00,2026-09-14T02:19:07.857+00:00,False,98,97.0,,97.0,293611.07203,300034.72054199997,300034.72051899997,3061.5787808061223,0.02606,293611.07203,29652.514646030802,88.23736285,66.22318053608248,20.54710541148895,0.3232959166351602,29,64,,False,False,Request timeout: 300.0s exceeded,509,21.16838264042747
173,2026-09-14T02:14:12.075+00:00,2026-09-14T02:19:05.766+00:00,2026-09-14T02:19:12.083+00:00,False,90,89.0,,89.0,293691.08184600004,300007.79762200004,300007.797451,3333.4199716777784,0.02984,293691.08184600004,30950.282307116442,87.942377,70.97433456179775,18.42316869662161,0.29665895588533026,29,64,,False,False,Request timeout: 300.0s exceeded,285,21.16838264042747
174,2026-09-14T02:14:14.533+00:00,2026-09-14T02:19:08.395+00:00,2026-09-14T02:19:14.539+00:00,False,89,88.0,,88.0,293862.439971,300006.452003,300006.45196100004,3370.859010797753,0.02784,293862.439971,31141.961488398625,88.76377639999998,69.81831854545455,19.24192415018852,0.2933270248438524,29,64,,False,False,Request timeout: 300.0s exceeded,343,21.16838264042747
175,2026-09-14T02:14:17.702+00:00,2026-09-14T02:19:12.083+00:00,2026-09-14T02:19:17.751+00:00,False,82,81.0,,81.0,294381.672359,300049.671591,300049.671546,3659.1423359268297,0.02393,294381.672359,32501.29582419727,90.305419,69.97529916049382,19.832295575211244,0.26995530296867554,29,64,,False,False,Request timeout: 300.0s exceeded,362,21.16838264042747
176,2026-09-14T02:14:21.063+00:00,2026-09-14T02:19:14.931+00:00,2026-09-14T02:19:21.132+00:00,False,88,87.0,,87.0,293868.02476099995,300069.201593,300069.20155099995,3409.877290352272,0.12212999999999999,293868.02476099995,31318.844613385794,90.1784792,71.27789462068966,19.76636273920212,0.2899331205539807,29,64,,False,False,Request timeout: 300.0s exceeded,219,21.16838264042747
177,2026-09-14T02:14:25.114+00:00,2026-09-14T02:19:18.636+00:00,2026-09-14T02:19:25.167+00:00,False,98,97.0,,97.0,293522.166328,300053.64178400004,300053.64170100004,3061.7718540918368,0.03791,293522.166328,29643.421370182707,88.748166,67.33479851546392,20.31904552643253,0.3232755297462029,29,64,,False,False,Request timeout: 300.0s exceeded,516,21.16838264042747
178,2026-09-14T02:14:28.368+00:00,2026-09-14T02:19:22.244+00:00,2026-09-14T02:19:28.378+00:00,False,100,99.0,,99.0,293876.05482599995,300009.75440999994,300009.75439899997,3000.0975439899994,0.0,293876.05482599995,29381.484433458507,91.20352199999999,61.95656145454545,66.54965819400148,0.32998927049786664,29,64,,False,False,Request timeout: 300.0s exceeded,411,21.16838264042747
179,2026-09-14T02:14:31.957+00:00,2026-09-14T02:19:25.515+00:00,2026-09-14T02:19:32.070+00:00,False,107,106.0,,106.0,293557.73431800003,300113.068206,300113.06833900005,2804.7950312056078,0.0,293557.73431800003,28373.391841981473,89.73354029999999,61.842772528301886,64.69815897088684,0.35320021428470666,29,64,,False,False,Request timeout: 300.0s exceeded,555,21.16838264042747
180,2026-09-14T02:14:35.045+00:00,2026-09-14T02:19:28.908+00:00,2026-09-14T02:19:35.092+00:00,False,102,101.0,,101.0,293862.506367,300046.370175,300046.370223,2941.631080617647,0.02402,293862.506367,29090.668054382644,87.42501805,61.22637433663366,19.549241711501434,0.33661463706790534,29,64,,False,False,Request timeout: 300.0s exceeded,302,21.16838264042747
181,2026-09-14T02:14:37.400+00:00,2026-09-14T02:19:31.119+00:00,2026-09-14T02:19:37.488+00:00,True,104,104.0,,104.0,293719.63168500003,300088.537925,300088.53776000004,2885.4667092307695,34.867926,293719.63168500003,28795.52220347376,88.0503853,61.834041165048546,18.741589445412146,0.3465643863611756,29,64,,False,True,,482,21.16838264042747
182,2026-09-14T02:14:40.436+00:00,2026-09-14T02:19:34.061+00:00,2026-09-14T02:19:40.444+00:00,False,96,95.0,,95.0,293625.15900700004,300007.681119,300007.681128,3125.0800117500003,0.024899,293625.15900700004,29961.141991330234,88.273081,67.18444328421053,20.10476690162947,0.31665855902641915,29,64,,False,False,Request timeout: 300.0s exceeded,434,21.16838264042747
183,2026-09-14T02:14:43.971+00:00,2026-09-14T02:19:37.872+00:00,2026-09-14T02:19:44.041+00:00,False,92,91.0,,91.0,293900.91401300003,300069.91625300003,300069.916243,3261.629524380435,0.020050000000000002,293900.91401300003,30634.22701992007,88.396855,67.7912334065934,19.765588112373198,0.30326265670456126,29,64,,False,False,Request timeout: 300.0s exceeded,423,21.16838264042747
184,2026-09-14T02:14:47.308+00:00,2026-09-14T02:19:41.205+00:00,2026-09-14T02:19:47.346+00:00,False,94,93.0,,93.0,293897.535974,300038.765798,300038.765783,3191.901763648936,0.023710000000000002,293897.535974,30306.411853813464,87.43245615,66.03472929032257,20.007810439686054,0.30995994718433123,29,64,,False,False,Request timeout: 300.0s exceeded,400,21.16838264042747
185,2026-09-14T02:14:50.838+00:00,2026-09-14T02:19:44.454+00:00,2026-09-14T02:19:50.919+00:00,False,101,100.0,,100.0,293615.946845,300080.81826900004,300080.81837000005,2971.0972115841587,0.03977,293615.946845,29209.452837496054,88.27846300000002,64.64871424,20.251450528224993,0.3332435594412352,29,64,,False,False,Request timeout: 300.0s exceeded,339,21.16838264042747
186,2026-09-14T02:14:54.278+00:00,2026-09-14T02:19:48.274+00:00,2026-09-14T02:19:54.324+00:00,False,89,88.0,,88.0,293995.643367,300045.976807,300045.97677,3371.3031097752805,0.03564,293995.643367,31156.194665603634,88.89801,68.7537890909091,20.5230644928914,0.2932883851217397,29,64,,False,False,Request timeout: 300.0s exceeded,394,21.16838264042747
187,2026-09-14T02:14:58.396+00:00,2026-09-14T02:19:51.885+00:00,2026-09-14T02:19:58.449+00:00,False,97,96.0,,96.0,293489.66118,300053.746684,300053.746588,3093.3375936907214,0.037340000000000005,293489.66118,29792.424049981317,89.19712959999998,68.37589066666668,19.586250644003826,0.31994268047284835,29,64,,False,False,Request timeout: 300.0s exceeded,428,21.16838264042747
188,2026-09-14T02:15:02.388+00:00,2026-09-14T02:19:56.034+00:00,2026-09-14T02:20:02.453+00:00,False,99,98.0,,98.0,293645.89951300004,300064.92005700007,300064.92002400005,3030.9587881212124,0.02265,293645.89951300004,29505.94704887036,89.14893889999999,65.50020963265305,20.041420831756966,0.32659599123211075,29,64,,False,False,Request timeout: 300.0s exceeded,498,21.16838264042747
189,2026-09-14T02:15:06.488+00:00,2026-09-14T02:20:00.223+00:00,2026-09-14T02:20:06.530+00:00,False,96,95.0,,95.0,293735.417596,300041.948924,300041.949064,3125.4369694166667,0.02072,293735.417596,29972.47695391813,90.260677,66.38454029473684,20.2628984085145,0.31662239343760323,29,64,,False,False,Request timeout: 300.0s exceeded,231,21.16838264042747
190,2026-09-14T02:15:10.496+00:00,2026-09-14T02:20:03.711+00:00,2026-09-14T02:20:10.503+00:00,False,103,102.0,,102.0,293215.012827,300006.800859,300006.800809,2912.687386495146,0.023289,293215.012827,28884.78015029423,89.5163462,66.58615717647058,20.75792923579199,0.3399922925345246,29,64,,False,False,Request timeout: 300.0s exceeded,493,21.16838264042747
191,2026-09-14T02:15:14.629+00:00,2026-09-14T02:20:08.295+00:00,2026-09-14T02:20:14.640+00:00,False,96,95.0,,95.0,293665.803756,300010.309868,300010.30994400004,3125.10739525,0.02259,293665.803756,29965.331780773977,91.5616015,66.7842748631579,21.077093836563897,0.3166557844022046,29,64,,False,False,Request timeout: 300.0s exceeded,436,21.16838264042747
192,2026-09-14T02:15:18.505+00:00,2026-09-14T02:20:12.233+00:00,2026-09-14T02:20:18.520+00:00,False,91,90.0,,90.0,293727.841674,300015.19809,300015.198003,3296.870307725275,0.02629,293727.841674,30783.727686928796,89.3314415,69.85951573333334,20.422319021320625,0.2999848026799008,29,64,,False,False,Request timeout: 300.0s exceeded,344,21.16838264042747
193,2026-09-14T02:15:21.565+00:00,2026-09-14T02:20:14.983+00:00,2026-09-14T02:20:21.581+00:00,False,96,95.0,,95.0,293418.29856,300015.82662400004,300015.826583,3125.1648602395835,0.02004,293418.29856,29939.79848065188,88.854905,69.44766383157894,20.223982337364696,0.3166499616670569,29,64,,False,False,Request timeout: 300.0s exceeded,453,21.16838264042747
194,2026-09-14T02:15:24.003+00:00,2026-09-14T02:20:17.432+00:00,2026-09-14T02:20:24.042+00:00,False,103,102.0,,102.0,293428.992939,300039.142315,300039.142444,2913.0013829514564,0.0,293428.992939,28906.105240383145,89.7952049,64.80538603921569,65.2507271246577,0.33995564449692356,29,64,,False,False,Request timeout: 300.0s exceeded,501,21.16838264042747
195,2026-09-14T02:15:27.249+00:00,2026-09-14T02:20:20.893+00:00,2026-09-14T02:20:27.285+00:00,False,98,97.0,,97.0,293644.173228,300036.117676,300036.117755,3061.5930383163263,0.0,293644.173228,29655.959424044373,89.43149600000001,65.89633451546392,67.07899012574529,0.32329441119068003,29,64,,False,False,Request timeout: 300.0s exceeded,386,21.16838264042747
196,2026-09-14T02:15:30.415+00:00,2026-09-14T02:20:23.903+00:00,2026-09-14T02:20:30.435+00:00,False,98,97.0,,97.0,293488.887779,300020.70960299997,300020.709651,3061.435812765306,0.02503,293488.887779,29640.05860292829,87.05152705,67.33836931958763,19.156597734454856,0.3233110145241457,29,64,,False,False,Request timeout: 300.0s exceeded,461,21.16838264042747
197,2026-09-14T02:15:32.881+00:00,2026-09-14T02:20:26.411+00:00,2026-09-14T02:20:32.946+00:00,False,98,97.0,,97.0,293529.414704,300065.076272,300065.076288,3061.8885335510204,0.03692,293529.414704,29644.1488375955,88.3243589,67.37795430927835,19.766885656005737,0.323263210784558,29,64,,False,False,Request timeout: 300.0s exceeded,401,21.16838264042747
198,2026-09-14T02:15:35.824+00:00,2026-09-14T02:20:29.623+00:00,2026-09-14T02:20:35.854+00:00,False,88,87.0,,87.0,293798.54427899997,300029.524887,300029.52507599996,3409.4264213181814,0.03461,293798.54427899997,31311.401204207617,89.78257465,71.6204667586207,19.365212855140364,0.2899714620844958,29,64,,False,False,Request timeout: 300.0s exceeded,409,21.16838264042747
199,2026-09-14T02:15:39.906+00:00,2026-09-14T02:20:33.290+00:00,2026-09-14T02:20:39.952+00:00,False,92,91.0,,91.0,293384.18667100003,300046.31582300004,300046.315858,3261.372998456522,0.02043,293384.18667100003,30579.789089509977,89.4704371,73.21021046153847,19.089668432111868,0.3032865101189301,29,64,,False,False,Request timeout: 300.0s exceeded,443,21.16838264042747
200,2026-09-14T02:15:43.968+00:00,2026-09-14T02:20:37.673+00:00,2026-09-14T02:20:44.044+00:00,False,92,91.0,,91.0,293705.01878,300075.93103599997,300075.93095199997,3261.694901652174,0.03911,293705.01878,30613.57247455915,88.67073155,70.01002479120879,20.17657814476823,0.30325657804618383,29,64,,False,False,Request timeout: 300.0s exceeded,498,21.16838264042747
201,2026-09-14T02:15:48.046+00:00,2026-09-14T02:20:41.506+00:00,2026-09-14T02:20:48.112+00:00,False,97,96.0,,96.0,293459.470347,300065.367819,300065.36777199997,3093.4573997113403,0.03547,293459.470347,29789.314930343,89.264572,68.811432,20.365211270710898,0.31993028951580776,29,64,,False,False,Request timeout: 300.0s exceeded,515,21.16838264042747
202,2026-09-14T02:15:51.639+00:00,2026-09-14T02:20:45.265+00:00,2026-09-14T02:20:51.652+00:00,False,95,94.0,,94.0,293625.74287,300012.94927000004,300012.94934700005,3158.031045757895,0.05304,293625.74287,30118.40233960325,91.9031704,67.94900425531915,22.317349276024153,0.3133198091239843,29,64,,False,False,Request timeout: 300.0s exceeded,497,21.16838264042747
203,2026-09-14T02:15:54.921+00:00,2026-09-14T02:20:48.683+00:00,2026-09-14T02:20:54.956+00:00,False,95,94.0,,94.0,293761.760917,300035.074453,300035.074443,3158.263941505263,0.021670000000000002,293761.760917,30132.48094060819,91.0373987,66.73737804255319,21.107261447951824,0.3132967042982335,29,64,,False,False,Request timeout: 300.0s exceeded,353,21.16838264042747
204,2026-09-14T02:15:58.457+00:00,2026-09-14T02:20:52.393+00:00,2026-09-14T02:20:58.477+00:00,False,90,89.0,,89.0,293936.417441,300020.835489,300020.835407,3333.5648378555557,0.03688,293936.417441,30976.419038588883,90.27965645,68.36424773033708,19.999225779384613,0.2966460641139808,29,64,,False,False,Request timeout: 300.0s exceeded,134,21.16838264042747
205,2026-09-14T02:16:00.947+00:00,2026-09-14T02:20:54.441+00:00,2026-09-14T02:21:00.975+00:00,False,96,95.0,,95.0,293494.00901499996,300028.46251899994,300028.462671,3125.2964861562496,0.02086,293494.00901499996,29947.59318964728,88.65631525,68.78372109473685,19.894496805374164,0.31663662574674534,29,64,,False,False,Request timeout: 300.0s exceeded,521,21.16838264042747
206,2026-09-14T02:16:04.229+00:00,2026-09-14T02:20:57.751+00:00,2026-09-14T02:21:04.307+00:00,False,96,95.0,,95.0,293521.074463,300077.793823,300077.793901,3125.810353135417,0.0251,293521.074463,29950.33164571529,88.41407125000002,69.0180985263158,19.92782961552461,0.31658457225273884,29,64,,False,False,Request timeout: 300.0s exceeded,395,21.16838264042747
207,2026-09-14T02:16:06.721+00:00,2026-09-14T02:21:00.115+00:00,2026-09-14T02:21:06.733+00:00,False,99,98.0,,98.0,293394.242041,300012.564473,300012.564569,3030.429945141414,0.037878999999999996,293394.242041,29480.450201217904,90.79305390000002,67.53390236734694,20.142309891227406,0.3266529859245933,29,64,,False,False,Request timeout: 300.0s exceeded,464,21.16838264042747
208,2026-09-14T02:16:10.693+00:00,2026-09-14T02:21:04.307+00:00,2026-09-14T02:21:10.753+00:00,False,96,95.0,,95.0,293613.679014,300059.408806,300059.408987,3125.618843614583,0.02427,293613.679014,29959.902759978766,89.7976025,67.84978728421054,20.620480990652048,0.3166039697872669,29,64,,False,False,Request timeout: 300.0s exceeded,271,21.16838264042747
209,2026-09-14T02:16:14.939+00:00,2026-09-14T02:21:08.623+00:00,2026-09-14T02:21:15.001+00:00,False,93,92.0,,92.0,293684.555721,300062.17184900003,300062.171778,3226.474965354839,0.02523,293684.555721,30446.488154576582,90.68033640000002,69.32191443478261,20.34721193001489,0.30660312638907733,29,64,,False,False,Request timeout: 300.0s exceeded,448,21.16838264042747
210,2026-09-14T02:16:18.141+00:00,2026-09-14T02:21:11.957+00:00,2026-09-14T02:21:18.154+00:00,False,96,95.0,,95.0,293815.395759,300012.74769499997,300012.74771799997,3125.1327887291664,0.0,293815.395759,29980.82694504773,89.71919550000001,65.2352835368421,68.19193318452643,0.316653211338137,29,64,,False,False,Request timeout: 300.0s exceeded,453,21.16838264042747
211,2026-09-14T02:16:20.806+00:00,2026-09-14T02:21:14.575+00:00,2026-09-14T02:21:20.814+00:00,False,99,98.0,,98.0,293769.086057,300007.90564099996,300007.905728,3030.382886141414,0.0,293769.086057,29518.58205460506,90.919781,63.661424326530614,67.4274485299051,0.3266580585288651,29,64,,False,False,Request timeout: 300.0s exceeded,513,21.16838264042747
212,2026-09-14T02:16:23.335+00:00,2026-09-14T02:21:17.397+00:00,2026-09-14T02:21:23.404+00:00,False,93,92.0,,92.0,294062.355918,300069.76660599996,300069.766578,3226.5566298709678,0.027579999999999997,294062.355918,30486.08146699269,89.1263532,65.29794226086956,20.346105145487336,0.3065953662729327,29,64,,False,False,Request timeout: 300.0s exceeded,421,21.16838264042747
213,2026-09-14T02:16:26.489+00:00,2026-09-14T02:21:20.507+00:00,2026-09-14T02:21:26.516+00:00,False,90,89.0,,89.0,294017.70414600003,300026.53947400005,300026.53945200006,3333.628216133334,0.022949999999999998,294017.70414600003,30985.07623083361,85.93845655,67.51500368539325,18.878628149116228,0.29664042439723115,29,64,,False,False,Request timeout: 300.0s exceeded,401,21.16838264042747
214,2026-09-14T02:16:30.337+00:00,2026-09-14T02:21:23.959+00:00,2026-09-14T02:21:30.358+00:00,False,94,93.0,,93.0,293622.111076,300021.65385999996,300021.65389599995,3191.719722297872,0.04114,293622.111076,30277.717272467293,89.82266,68.812288,19.70722047211393,0.3099776259596145,29,64,,False,False,Request timeout: 300.0s exceeded,492,21.16838264042747
215,2026-09-14T02:16:34.248+00:00,2026-09-14T02:21:27.806+00:00,2026-09-14T02:21:34.301+00:00,False,102,101.0,,101.0,293557.991087,300053.653423,300053.65339500003,2941.702484264706,0.037340000000000005,293557.991087,29060.212571921373,92.60997065000001,64.31348847524752,21.935176715555965,0.33660646636958447,29,64,,False,False,Request timeout: 300.0s exceeded,455,21.16838264042747
216,2026-09-14T02:16:37.136+00:00,2026-09-14T02:21:30.883+00:00,2026-09-14T02:21:37.154+00:00,False,96,95.0,,95.0,293747.111888,300018.193872,300018.193831,3125.1895190729165,0.04029,293747.111888,29973.7091223287,90.85555775,66.01138930526315,21.055089616389637,0.31664746318861875,29,64,,False,False,Request timeout: 300.0s exceeded,515,21.16838264042747
217,2026-09-14T02:16:40.484+00:00,2026-09-14T02:21:34.302+00:00,2026-09-14T02:21:40.507+00:00,False,92,91.0,,91.0,293817.589232,300022.911984,300022.912193,3261.118610793478,0.02215,293817.589232,30625.49818183997,88.12689245,68.19035991208791,19.736023028135246,0.3033101685409045,29,64,,False,False,Request timeout: 300.0s exceeded,267,21.16838264042747
218,2026-09-14T02:16:43.236+00:00,2026-09-14T02:21:36.736+00:00,2026-09-14T02:21:43.292+00:00,True,100,100.0,,100.0,293499.300964,300055.389028,300055.388825,3000.55388825,37.496651,293499.300964,29343.313950709075,87.22554394999999,66.22311175757575,19.118354707844084,0.33327180132954853,29,64,,False,True,,517,21.16838264042747
219,2026-09-14T02:16:47.095+00:00,2026-09-14T02:21:40.505+00:00,2026-09-14T02:21:47.112+00:00,False,113,112.0,,112.0,293410.27434899996,300016.61751699995,300016.617544,2655.0143145486722,0.01541,293410.27434899996,27596.8668805911,89.1377536,58.985206857142856,197.2912597506098,0.37331265490203625,29,64,,False,False,Request timeout: 300.0s exceeded,500,21.16838264042747
220,2026-09-14T02:16:50.871+00:00,2026-09-14T02:21:46.458+00:00,2026-09-14T02:21:50.916+00:00,False,67,66.0,,66.0,295587.634056,300045.42733599996,300045.427319,4478.289959985074,0.024460000000000003,295587.634056,36103.531358058885,88.4951112,67.54232242424243,20.894834322784572,0.21996669166396324,29,64,,False,False,Request timeout: 300.0s exceeded,301,21.16838264042747
221,2026-09-14T02:16:53.415+00:00,2026-09-14T02:21:47.623+00:00,2026-09-14T02:21:53.486+00:00,False,89,88.0,,88.0,294207.993622,300071.22690199997,300071.226844,3371.5868184719097,0.03694,294207.993622,31178.928488572903,86.13513,66.6276509090909,19.540043751020022,0.2932637057825602,29,64,,False,False,Request timeout: 300.0s exceeded,288,21.16838264042747
222,2026-09-14T02:16:56.491+00:00,2026-09-14T02:21:49.805+00:00,2026-09-14T02:21:56.499+00:00,False,101,100.0,,100.0,293314.64698900003,300007.83252500003,300007.83274000004,2970.374581584159,0.02847,293314.64698900003,29179.245312771796,87.60662499999998,66.93185536,20.40431924398961,0.3333246307549883,29,64,,False,False,Request timeout: 300.0s exceeded,478,21.16838264042747
223,2026-09-14T02:16:59.024+00:00,2026-09-14T02:21:53.235+00:00,2026-09-14T02:21:59.042+00:00,False,83,82.0,,82.0,294211.427385,300018.587705,300018.587788,3614.681780578313,0.03984,294211.427385,32286.132257551773,88.5506023,70.81902829268293,19.884317370696298,0.2733163989180175,29,64,,False,False,Request timeout: 300.0s exceeded,405,21.16838264042747
224,2026-09-14T02:17:01.496+00:00,2026-09-14T02:21:55.440+00:00,2026-09-14T02:22:01.510+00:00,False,91,90.0,,90.0,293944.091118,300014.249198,300014.249325,3296.8598826923076,0.05661,293944.091118,30806.64961168388,88.36800350000001,67.4462008888889,20.183797756517237,0.29998575147876666,29,64,,False,False,Request timeout: 300.0s exceeded,149,21.16838264042747
225,2026-09-14T02:17:05.060+00:00,2026-09-14T02:21:58.904+00:00,2026-09-14T02:22:05.098+00:00,False,96,95.0,,95.0,293843.758295,300038.312919,300038.312869,3125.3990923854167,0.02247,293843.758295,29983.654874512307,87.650445,65.20583814736842,20.479848948926318,0.3166262304162693,29,64,,False,False,Request timeout: 300.0s exceeded,384,21.16838264042747
226,2026-09-14T02:17:08.995+00:00,2026-09-14T02:22:02.622+00:00,2026-09-14T02:22:09.012+00:00,False,98,97.0,,97.0,293626.90682,300016.63405199995,300016.63412199996,3061.3942257346935,0.038270000000000005,293626.90682,29654.149726355896,88.99576285,65.8734766185567,20.836777113365805,0.3233154065157188,29,64,,False,False,Request timeout: 300.0s exceeded,515,21.16838264042747
227,2026-09-14T02:17:12.644+00:00,2026-09-14T02:22:06.037+00:00,2026-09-14T02:22:12.663+00:00,False,103,102.0,,102.0,293392.844929,300019.691137,300019.69121,2912.8125360194176,0.0,293392.844929,28902.529788608696,89.80497140000001,64.96908047058824,66.33222874253966,0.3399776848427694,29,64,,False,False,Request timeout: 300.0s exceeded,519,21.16838264042747
228,2026-09-14T02:17:15.438+00:00,2026-09-14T02:22:09.307+00:00,2026-09-14T02:22:15.510+00:00,False,100,99.0,,99.0,293869.719884,300072.59476400004,300072.594821,3000.7259482100003,0.0,293869.719884,29380.78175932616,87.32876075000001,62.65530181818182,66.85776714294062,0.32992016507825767,29,64,,False,False,Request timeout: 300.0s exceeded,411,21.16838264042747
229,2026-09-14T02:17:19.345+00:00,2026-09-14T02:22:13.496+00:00,2026-09-14T02:22:19.399+00:00,False,88,87.0,,87.0,294151.154495,300054.559551,300054.559605,3409.710904602273,0.019719999999999998,294151.154495,31349.39129228325,89.24068435,67.85523052873563,19.92096937218976,0.28994726869068854,29,64,,False,False,Request timeout: 300.0s exceeded,404,21.16838264042747
230,2026-09-14T02:17:23.115+00:00,2026-09-14T02:22:16.909+00:00,2026-09-14T02:22:23.160+00:00,False,91,90.0,,90.0,293793.961925,300045.029317,300045.02922900004,3297.1981233956044,0.042570000000000004,293793.961925,30790.701120358983,88.643368,69.45630435555555,20.24047313824326,0.29995497744078364,29,64,,False,False,Request timeout: 300.0s exceeded,363,21.16838264042747
231,2026-09-14T02:17:25.521+00:00,2026-09-14T02:22:19.099+00:00,2026-09-14T02:22:25.527+00:00,False,97,96.0,,96.0,293578.695169,300006.875649,300006.875629,3092.854387927835,0.03818,293578.695169,29801.608394452167,89.6516142,66.96021333333334,20.450266964460067,0.31999266614248345,29,64,,False,False,Request timeout: 300.0s exceeded,414,21.16838264042747
232,2026-09-14T02:17:29.031+00:00,2026-09-14T02:22:22.863+00:00,2026-09-14T02:22:29.060+00:00,False,94,93.0,,93.0,293832.280495,300028.34091100004,300028.340906,3191.7908607021277,0.03555,293832.280495,30299.6207509651,88.74957909999999,66.6243055483871,20.45382745900799,0.309970717158308,29,64,,False,False,Request timeout: 300.0s exceeded,517,21.16838264042747
233,2026-09-14T02:17:32.086+00:00,2026-09-14T02:22:26.217+00:00,2026-09-14T02:22:32.108+00:00,False,86,85.0,,85.0,294130.932983,300021.75871100003,300021.758718,3488.625101372093,0.03433,294130.932983,31709.487449066513,89.85451525,69.30383209411764,20.400218653753708,0.283312784929967,29,64,,False,False,Request timeout: 300.0s exceeded,441,21.16838264042747
234,2026-09-14T02:17:34.702+00:00,2026-09-14T02:22:28.200+00:00,2026-09-14T02:22:34.741+00:00,False,94,93.0,,93.0,293498.252543,300039.487743,300039.487684,3191.9094434468084,0.036479,293498.252543,30264.7854490191,91.11209465,70.3358623655914,20.24430012292137,0.30995920136905286,29,64,,False,False,Request timeout: 300.0s exceeded,413,21.16838264042747
235,2026-09-14T02:17:38.635+00:00,2026-09-14T02:22:32.402+00:00,2026-09-14T02:22:38.684+00:00,False,92,91.0,,91.0,293767.050202,300048.801242,300048.801182,3261.400012847826,0.02375,293767.050202,30620.143053070755,91.7554836,69.03023120879121,21.95012590235257,0.30328399788074895,29,64,,False,False,Request timeout: 300.0s exceeded,480,21.16838264042747
236,2026-09-14T02:17:41.929+00:00,2026-09-14T02:22:35.593+00:00,2026-09-14T02:22:41.982+00:00,False,92,91.0,,91.0,293663.883226,300052.063706,300052.06391100003,3261.4354772934785,0.043838999999999996,293663.883226,30609.26440253825,91.41911255,70.19978549450549,20.765103991846967,0.30328070027595116,29,64,,False,False,Request timeout: 300.0s exceeded,374,21.16838264042747
237,2026-09-14T02:17:45.560+00:00,2026-09-14T02:22:39.388+00:00,2026-09-14T02:22:45.613+00:00,False,89,88.0,,88.0,293828.50758499996,300053.269185,300053.26916599995,3371.385046808988,0.02361,293828.50758499996,31138.268190959217,91.07728800000001,70.73592727272727,20.50036100682951,0.293281257154852,29,64,,False,False,Request timeout: 300.0s exceeded,462,21.16838264042747
238,2026-09-14T02:17:49.511+00:00,2026-09-14T02:22:43.380+00:00,2026-09-14T02:22:49.522+00:00,False,90,89.0,,89.0,293868.530217,300010.464553,300010.464443,3333.449604922222,0.023719999999999998,293868.530217,30969.194867027167,88.31715085,69.01049815730337,19.825281574574504,0.29665631874743226,29,64,,False,False,Request timeout: 300.0s exceeded,468,21.16838264042747
239,2026-09-14T02:17:52.692+00:00,2026-09-14T02:22:46.627+00:00,2026-09-14T02:22:52.773+00:00,False,91,90.0,,90.0,293934.498134,300081.048406,300081.048451,3297.593939021978,0.022629999999999997,293934.498134,30805.554323746444,87.42485049999999,68.29500302222222,19.086433677221013,0.29991897348423313,29,64,,False,False,Request timeout: 300.0s exceeded,557,21.16838264042747
240,2026-09-14T02:17:56.491+00:00,2026-09-14T02:22:50.469+00:00,2026-09-14T02:22:56.507+00:00,False,92,91.0,,91.0,293977.53565,300016.29609799996,300016.29611399997,3261.0466968913042,0.06628,293977.53565,30642.36519264317,89.538907,66.36000492307691,20.685735024361293,0.3033168570625743,29,64,,False,False,Request timeout: 300.0s exceeded,498,21.16838264042747
241,2026-09-14T02:18:00.662+00:00,2026-09-14T02:22:54.120+00:00,2026-09-14T02:23:00.705+00:00,False,96,95.0,,95.0,293458.01158600004,300043.30617800006,300043.306166,3125.4511058958337,0.03468,293458.01158600004,29943.865496609647,90.70266625000001,69.31889044210526,21.217533290122496,0.31662096118765415,29,64,,False,False,Request timeout: 300.0s exceeded,318,21.16838264042747
242,2026-09-14T02:18:03.816+00:00,2026-09-14T02:22:57.732+00:00,2026-09-14T02:23:03.889+00:00,False,90,89.0,,89.0,293916.744513,300073.831489,300073.83151600003,3334.1536835111115,0.045759,293916.744513,30974.259401293504,89.24043545,69.18075253932585,20.21460551933754,0.29659367349152715,29,64,,False,False,Request timeout: 300.0s exceeded,427,21.16838264042747
243,2026-09-14T02:18:06.858+00:00,2026-09-14T02:23:00.182+00:00,2026-09-14T02:23:06.922+00:00,False,103,102.0,,102.0,293323.845981,300064.129885,300064.129683,2913.2439775048542,0.0,293323.845981,28895.6206975148,89.6942981,66.08121474509804,65.95318370387352,0.3399273349969943,29,64,,False,False,Request timeout: 300.0s exceeded,556,21.16838264042747
244,2026-09-14T02:18:09.773+00:00,2026-09-14T02:23:03.633+00:00,2026-09-14T02:23:09.797+00:00,False,97,96.0,,96.0,293860.600492,300024.059308,300024.059262,3093.0315387835053,0.0,293860.600492,29830.58040516511,90.02751599999999,64.202696,67.61090174952619,0.3199743387961027,29,64,,False,False,Request timeout: 300.0s exceeded,363,21.16838264042747
245,2026-09-14T02:18:13.347+00:00,2026-09-14T02:23:07.623+00:00,2026-09-14T02:23:13.372+00:00,False,86,85.0,,85.0,294276.05270999996,300024.63792599994,300024.63788699993,3488.658580081395,0.037270000000000005,294276.05270999996,31725.316539394382,88.28854825,67.63041430588235,20.3712829302284,0.28331006609185533,29,64,,False,False,Request timeout: 300.0s exceeded,439,21.16838264042747
246,2026-09-14T02:18:15.928+00:00,2026-09-14T02:23:09.493+00:00,2026-09-14T02:23:15.991+00:00,False,93,92.0,,92.0,293565.72608600004,300063.36320600007,300063.36327000003,3226.4877770967746,0.02426,293565.72608600004,30434.03043724738,90.52143459999999,70.62649043478261,19.760229948314457,0.30660190906691925,29,64,,False,False,Request timeout: 300.0s exceeded,380,21.16838264042747
247,2026-09-14T02:18:19.906+00:00,2026-09-14T02:23:13.458+00:00,2026-09-14T02:23:19.925+00:00,False,90,89.0,,89.0,293552.042101,300019.43998900003,300019.439849,3333.5493316555558,0.02527,293552.042101,30935.44862956198,91.34412144999999,72.667392,19.829605315679576,0.2966474439231775,29,64,,False,False,Request timeout: 300.0s exceeded,134,21.16838264042747
248,2026-09-14T02:18:24.103+00:00,2026-09-14T02:23:17.789+00:00,2026-09-14T02:23:24.161+00:00,False,96,95.0,,95.0,293686.549945,300058.358969,300058.358955,3125.60790578125,0.0219,293686.549945,29967.41978029338,90.45439624999999,67.0716739368421,20.981205623717944,0.3166050775136538,29,64,,False,False,Request timeout: 300.0s exceeded,447,21.16838264042747
249,2026-09-14T02:18:26.581+00:00,2026-09-14T02:23:20.230+00:00,2026-09-14T02:23:26.591+00:00,False,98,97.0,,97.0,293648.254288,300009.390416,300009.390431,3061.320310520408,0.03789,293648.254288,29656.335643362727,88.18832285,65.57872296907216,20.43447366338787,0.3233232128684291,29,64,,False,False,Request timeout: 300.0s exceeded,468,21.16838264042747
250,2026-09-14T02:18:29.583+00:00,2026-09-14T02:23:23.051+00:00,2026-09-14T02:23:29.636+00:00,False,97,96.0,,96.0,293467.226127,300052.176143,300052.176137,3093.321403474227,0.03275,293467.226127,29790.124462091415,88.57218160000001,68.59322933333333,20.211983750844524,0.3199443551252498,29,64,,False,False,Request timeout: 300.0s exceeded,444,21.16838264042747
251,2026-09-14T02:18:32.674+00:00,2026-09-14T02:23:26.149+00:00,2026-09-14T02:23:32.712+00:00,False,99,98.0,,98.0,293474.380767,300037.791199,300037.791212,3030.684759717172,0.04054,293474.380767,29488.561314032126,89.46297469999999,66.9735758367347,20.946652832901435,0.3266255214330701,29,64,,False,False,Request timeout: 300.0s exceeded,457,21.16838264042747
252,2026-09-14T02:18:36.423+00:00,2026-09-14T02:23:30.029+00:00,2026-09-14T02:23:36.431+00:00,False,96,95.0,,95.0,293605.806304,300007.565024,300007.565161,3125.078803760417,0.03821,293605.806304,29959.147068098155,91.57338374999999,67.38693389473684,21.445656502851055,0.31665868156491384,29,64,,False,False,Request timeout: 300.0s exceeded,460,21.16838264042747
253,2026-09-14T02:18:39.321+00:00,2026-09-14T02:23:32.712+00:00,2026-09-14T02:23:39.347+00:00,False,99,98.0,,98.0,293391.721651,300026.174131,300026.173988,3030.5674140202022,0.03593,293391.721651,29480.18078721297,89.4317278,67.69849469387755,20.777834418960918,0.3266381684326328,29,64,,False,False,Request timeout: 300.0s exceeded,369,21.16838264042747
254,2026-09-14T02:18:42.533+00:00,2026-09-14T02:23:35.889+00:00,2026-09-14T02:23:42.547+00:00,False,97,96.0,,96.0,293355.126004,300013.20114,300013.201031,3092.919598257732,0.0238,293355.126004,29778.664150785586,88.2493118,69.35494933333332,18.77624505276827,0.3199859194035997,29,64,,False,False,Request timeout: 300.0s exceeded,438,21.16838264042747
255,2026-09-14T02:18:45.821+00:00,2026-09-14T02:23:39.654+00:00,2026-09-14T02:23:45.828+00:00,False,91,90.0,,90.0,293832.987302,300007.578534,300007.57854899997,3296.7865774615384,0.038869999999999995,293832.987302,30794.88010693185,87.35737,68.60656924444444,18.538064587606915,0.2999924216574425,29,64,,False,False,Request timeout: 300.0s exceeded,359,21.16838264042747
256,2026-09-14T02:18:48.299+00:00,2026-09-14T02:23:42.127+00:00,2026-09-14T02:23:48.368+00:00,False,95,94.0,,94.0,293827.566387,300069.11390700005,300069.11382300005,3158.6222507684215,0.02126,293827.566387,30139.265754820113,87.3756414,66.39944170212766,19.052286668075954,0.31326116432340745,29,64,,False,False,Request timeout: 300.0s exceeded,423,21.16838264042747
257,2026-09-14T02:18:52.226+00:00,2026-09-14T02:23:46.090+00:00,2026-09-14T02:23:52.302+00:00,False,92,91.0,,91.0,293864.11399800004,300075.99086200004,300075.99092600006,3261.6955535434786,0.02188,293864.11399800004,30630.341468328315,90.05950005000001,68.26238312087911,20.130797163841127,0.3032565175860717,29,64,,False,False,Request timeout: 300.0s exceeded,443,21.16838264042747
258,2026-09-14T02:18:55.801+00:00,2026-09-14T02:23:49.126+00:00,2026-09-14T02:23:55.839+00:00,False,96,95.0,,95.0,293324.575804,300037.75878000003,300037.758683,3125.3933196145836,0.027030000000000002,293324.575804,29930.108886698148,89.28334650000001,70.66508395789474,20.513506375156936,0.31662681519247676,29,64,,False,False,Request timeout: 300.0s exceeded,438,21.16838264042747
259,2026-09-14T02:18:59.389+00:00,2026-09-14T02:23:52.826+00:00,2026-09-14T02:23:59.440+00:00,False,100,99.0,,99.0,293436.328145,300050.781905,300050.781935,3000.50781935,0.04302,293436.328145,29336.958841623065,89.41152695000001,66.81266424242425,20.792043415055346,0.3299441493585066,29,64,,False,False,Request timeout: 300.0s exceeded,524,21.16838264042747
260,2026-09-14T02:19:02.372+00:00,2026-09-14T02:23:55.932+00:00,2026-09-14T02:24:02.383+00:00,False,110,109.0,,109.0,293559.585539,300010.696963,300010.696965,2727.3699724090907,0.0,293559.585539,27984.238042071913,90.26854745,59.18450847706422,64.13147007667656,0.3633203785845105,29,64,,False,False,Request timeout: 300.0s exceeded,267,21.16838264042747
261,2026-09-14T02:19:04.918+00:00,2026-09-14T02:23:58.633+00:00,2026-09-14T02:24:04.955+00:00,False,106,105.0,,105.0,293714.51962800004,300036.888396,300036.88843600004,2830.536683358491,0.0,293714.51962800004,28522.301775702195,92.04473875,60.213035885714284,65.34237151915858,0.3499569688291695,29,64,,False,False,Request timeout: 300.0s exceeded,480,21.16838264042747
262,2026-09-14T02:19:07.996+00:00,2026-09-14T02:24:01.797+00:00,2026-09-14T02:24:08.065+00:00,False,96,95.0,,95.0,293800.19489499996,300068.66695899994,300068.666957,3125.715280802083,0.03102,293800.19489499996,29979.128941243296,88.12561174999999,65.9839164631579,19.953701610834276,0.3165942014631617,29,64,,False,False,Request timeout: 300.0s exceeded,219,21.16838264042747
263,2026-09-14T02:19:10.746+00:00,2026-09-14T02:24:04.616+00:00,2026-09-14T02:24:10.795+00:00,False,95,94.0,,94.0,293869.46238499996,300048.62603299995,300048.62588599994,3158.4065882736836,0.02238,293869.46238499996,30143.63282767942,87.5531085,65.73578348936171,19.90484850879956,0.313282554373909,29,64,,False,False,Request timeout: 300.0s exceeded,422,21.16838264042747
264,2026-09-14T02:19:13.070+00:00,2026-09-14T02:24:06.612+00:00,2026-09-14T02:24:13.091+00:00,False,98,97.0,,97.0,293542.27876200003,300021.01540200005,300021.01552,3061.4389338775513,0.02468,293542.27876200003,29645.507407741694,88.14645655,66.7910993814433,19.49706846781857,0.32331068498661364,29,64,,False,False,Request timeout: 300.0s exceeded,473,21.16838264042747
265,2026-09-14T02:19:15.495+00:00,2026-09-14T02:24:09.549+00:00,2026-09-14T02:24:15.547+00:00,False,89,88.0,,88.0,294054.36606699997,300052.12529899995,300052.125371,3371.3721951797747,0.022690000000000002,294054.36606699997,31162.48226051145,88.42847680000001,68.15635490909091,20.01726644180742,0.29328237522833267,29,64,,False,False,Request timeout: 300.0s exceeded,334,21.16838264042747
266,2026-09-14T02:19:18.184+00:00,2026-09-14T02:24:12.025+00:00,2026-09-14T02:24:18.238+00:00,False,92,91.0,,91.0,293840.220235,300053.45876300003,300053.458645,3261.4506374456523,0.03839,293840.220235,30627.84901907194,89.7105025,68.27734646153846,20.446815082529074,0.3032792902143387,29,64,,False,False,Request timeout: 300.0s exceeded,438,21.16838264042747
267,2026-09-14T02:19:20.524+00:00,2026-09-14T02:24:14.315+00:00,2026-09-14T02:24:20.559+00:00,False,91,90.0,,90.0,293790.435496,300035.029672,300035.029689,3297.0882383406592,0.02561,293790.435496,30790.338675231615,88.43839799999999,69.38437973333333,19.75053171218438,0.29996497441778225,29,64,,False,False,Request timeout: 300.0s exceeded,468,21.16838264042747
268,2026-09-14T02:19:23.697+00:00,2026-09-14T02:24:17.535+00:00,2026-09-14T02:24:23.765+00:00,False,91,90.0,,90.0,293838.674941,300068.60159700003,300068.601665,3297.4571611538463,0.038119999999999994,293838.674941,30795.4129966871,88.84694250000001,69.22140728888888,20.326339889644217,0.29993141408667723,29,64,,False,False,Request timeout: 300.0s exceeded,307,21.16838264042747
269,2026-09-14T02:19:27.919+00:00,2026-09-14T02:24:21.347+00:00,2026-09-14T02:24:27.926+00:00,False,100,99.0,,99.0,293428.138428,300006.837692,300006.83750599995,3000.0683750599997,0.04096,293428.138428,29336.17569336828,89.14887694999999,66.45150771717171,20.370688607946285,0.3299924787102276,29,64,,False,False,Request timeout: 300.0s exceeded,350,21.16838264042747
270,2026-09-14T02:19:31.070+00:00,2026-09-14T02:24:24.888+00:00,2026-09-14T02:24:31.078+00:00,False,93,92.0,,92.0,293818.180982,300008.17624600005,300008.176211,3225.8943678602154,0.026109999999999998,293818.180982,30460.555741056185,89.08944799999999,67.2825572173913,20.07913343476641,0.3066583089540934,29,64,,False,False,Request timeout: 300.0s exceeded,227,21.16838264042747
271,2026-09-14T02:19:34.862+00:00,2026-09-14T02:24:28.253+00:00,2026-09-14T02:24:34.941+00:00,False,101,100.0,,100.0,293391.331703,300079.155575,300079.155491,2971.0807474356434,0.09949,293391.331703,29186.880804856573,88.32131299999999,66.87823872,20.031522374701314,0.3332454058942678,29,64,,False,False,Request timeout: 300.0s exceeded,453,21.16838264042747
272,2026-09-14T02:19:38.132+00:00,2026-09-14T02:24:31.798+00:00,2026-09-14T02:24:38.205+00:00,False,95,94.0,,94.0,293666.429259,300073.484875,300073.484809,3158.6682611473684,0.08782999999999999,293666.429259,30122.553665673415,89.83869899999999,68.16016612765958,20.402110784773615,0.31325660125937843,29,64,,False,False,Request timeout: 300.0s exceeded,465,21.16838264042747
273,2026-09-14T02:19:40.456+00:00,2026-09-14T02:24:33.909+00:00,2026-09-14T02:24:40.493+00:00,False,97,96.0,,96.0,293453.38222100004,300036.97287700005,300036.97290800005,3093.1646691546393,0.08115,293453.38222100004,29788.720031420402,88.1454736,68.57906933333332,19.861920723791236,0.31996056712435617,29,64,,False,False,Request timeout: 300.0s exceeded,408,21.16838264042747
274,2026-09-14T02:19:43.660+00:00,2026-09-14T02:24:37.054+00:00,2026-09-14T02:24:43.677+00:00,False,94,93.0,,93.0,293393.932916,300017.75243600004,300017.752478,3191.678217851064,0.02721,293393.932916,30253.934029650885,90.3209955,71.22386580645161,20.11831264976674,0.30998165690158225,29,64,,False,False,Request timeout: 300.0s exceeded,466,21.16838264042747
275,2026-09-14T02:19:47.003+00:00,2026-09-14T02:24:41.143+00:00,2026-09-14T02:24:47.623+00:00,False,63,62.0,,62.0,294140.74689,300620.04161,300620.041547,4771.746691222223,0.02851,294140.74689,37046.08693575464,91.6669322,104.5047535483871,274.7618987146078,0.20624040788482678,29,64,,False,False,Request timeout: 300.0s exceeded,268,21.16838264042747
276,2026-09-14T02:19:49.842+00:00,2026-09-14T02:24:43.070+00:00,2026-09-14T02:24:49.441+00:00,True,107,107.0,,107.0,293228.102359,299599.417815,299599.417784,2799.994558728972,0.01558,293228.102359,28342.44898104757,90.9211895,60.106749584905664,217.8176904991207,0.35714355114692364,29,64,,False,True,,457,21.16838264042747
277,2026-09-14T02:19:53.777+00:00,2026-09-14T02:24:48.749+00:00,2026-09-14T02:24:53.853+00:00,False,73,72.0,,72.0,294972.575146,300075.767466,300075.767659,4110.626954232877,0.023219999999999998,294972.575146,34515.63943170698,91.16731180000001,70.8776711111111,21.24820535662802,0.23993940133189176,29,64,,False,False,Request timeout: 300.0s exceeded,339,21.16838264042747
278,2026-09-14T02:19:56.266+00:00,2026-09-14T02:24:50.145+00:00,2026-09-14T02:24:56.340+00:00,False,89,88.0,,88.0,293879.168594,300074.061138,300074.061072,3371.6186637303367,0.027420000000000003,293879.168594,31143.67386296109,90.94556840000001,70.39650618181818,19.936833022798076,0.2932609358711948,29,64,,False,False,Request timeout: 300.0s exceeded,395,21.16838264042747
279,2026-09-14T02:20:00.447+00:00,2026-09-14T02:24:54.323+00:00,2026-09-14T02:25:00.470+00:00,False,96,95.0,,95.0,293876.172462,300023.450798,300023.45062099997,3125.244277302083,0.0,293876.172462,29987.08544737964,87.36872475,64.70819301052632,68.95470193023414,0.3166419149813781,29,64,,False,False,Request timeout: 300.0s exceeded,453,21.16838264042747
280,2026-09-14T02:20:02.751+00:00,2026-09-14T02:24:57.006+00:00,2026-09-14T02:25:02.761+00:00,False,99,98.0,,98.0,294255.06810399995,300010.758856,300010.75878,3030.4117048484845,0.0,294255.06810399995,29567.857221424092,87.238668,58.73153828571429,27.746051300405554,0.3266549518880365,29,64,,False,False,Request timeout: 300.0s exceeded,484,21.16838264042747
281,2026-09-14T02:20:07.000+00:00,2026-09-14T02:25:00.801+00:00,2026-09-14T02:25:07.017+00:00,False,94,93.0,,93.0,293800.723286,300016.917846,300016.91764,3191.669336595745,0.03277,293800.723286,30296.3429235503,87.53117895,66.84080172043011,19.50196428316279,0.3099825192115909,29,64,,False,False,Request timeout: 300.0s exceeded,136,21.16838264042747
282,2026-09-14T02:20:09.584+00:00,2026-09-14T02:25:03.632+00:00,2026-09-14T02:25:09.596+00:00,False,88,87.0,,87.0,294047.366318,300011.60363,300011.603763,3409.222770034091,0.02915,294047.366318,31338.253085697215,88.361583,68.55445186206897,20.21383046110881,0.2899887835915035,29,64,,False,False,Request timeout: 300.0s exceeded,412,21.16838264042747
283,2026-09-14T02:20:13.487+00:00,2026-09-14T02:25:07.360+00:00,2026-09-14T02:25:13.506+00:00,False,87,86.0,,86.0,293873.026888,300018.393416,300018.393402,3448.4872804827587,0.02189,293873.026888,31498.84013580114,88.234395,71.4577503255814,18.948397675780036,0.28664909181336085,29,64,,False,False,Request timeout: 300.0s exceeded,422,21.16838264042747
284,2026-09-14T02:20:16.876+00:00,2026-09-14T02:25:10.452+00:00,2026-09-14T02:25:16.893+00:00,False,93,92.0,,92.0,293575.82848900004,300017.21319300006,300017.21313700004,3225.9915391075274,0.03111,293575.82848900004,30435.141598063277,89.7709806,70.01505113043478,20.049651099366674,0.30664907196780306,29,64,,False,False,Request timeout: 300.0s exceeded,376,21.16838264042747
285,2026-09-14T02:20:19.807+00:00,2026-09-14T02:25:13.678+00:00,2026-09-14T02:25:19.858+00:00,False,92,91.0,,91.0,293871.108887,300051.20130300004,300051.201396,3261.426102130435,0.0409,293871.108887,30631.10791859532,90.43230804999999,67.91310347252747,21.279507894067546,0.3032815719611323,29,64,,False,False,Request timeout: 300.0s exceeded,480,21.16838264042747
286,2026-09-14T02:20:22.463+00:00,2026-09-14T02:25:16.018+00:00,2026-09-14T02:25:22.597+00:00,False,98,97.0,,97.0,293554.28350900003,300133.52754100005,300133.52758500003,3062.5870161734697,0.030449999999999998,293554.28350900003,29646.616593288592,89.93827300000001,67.82725806185567,21.24823043455786,0.3231894843429287,29,64,,False,False,Request timeout: 300.0s exceeded,357,21.16838264042747
287,2026-09-14T02:20:25.252+00:00,2026-09-14T02:25:19.021+00:00,2026-09-14T02:25:25.302+00:00,False,97,96.0,,96.0,293769.023358,300049.517182,300049.517174,3093.293991484536,0.023,293769.023358,29821.089610528412,87.3924576,65.42181066666666,20.62607854692246,0.3199471903891437,29,64,,False,False,Request timeout: 300.0s exceeded,461,21.16838264042747
288,2026-09-14T02:20:27.907+00:00,2026-09-14T02:25:21.461+00:00,2026-09-14T02:25:27.946+00:00,False,99,98.0,,98.0,293553.548714,300038.14544999995,300038.14544,3030.6883377777776,0.03723,293553.548714,29496.59919561308,91.2161479,66.16935444897959,21.478003450439935,0.32662513579071323,29,64,,False,False,Request timeout: 300.0s exceeded,320,21.16838264042747
289,2026-09-14T02:20:31.208+00:00,2026-09-14T02:25:24.802+00:00,2026-09-14T02:25:31.267+00:00,False,92,91.0,,91.0,293593.552131,300058.81088299997,300058.81093,3261.5088144565216,0.04202,293593.552131,30601.84328338777,91.35059,71.04679947252747,20.328092540889706,0.3032738806509603,29,64,,False,False,Request timeout: 300.0s exceeded,416,21.16838264042747
290,2026-09-14T02:20:34.479+00:00,2026-09-14T02:25:28.106+00:00,2026-09-14T02:25:34.544+00:00,False,91,90.0,,90.0,293626.804204,300064.873196,300064.87335,3297.4161906593404,0.022629999999999997,293626.804204,30772.960785080606,92.33677,71.53409991111111,20.79225956125039,0.2999351408294056,29,64,,False,False,Request timeout: 300.0s exceeded,288,21.16838264042747
291,2026-09-14T02:20:36.961+00:00,2026-09-14T02:25:30.650+00:00,2026-09-14T02:25:36.989+00:00,False,92,91.0,,91.0,293689.222635,300027.925227,300027.925158,3261.173099543478,0.03489,293689.222635,30611.962618168833,90.199242,69.65607243956045,20.334194055293505,0.30330510045406517,29,64,,False,False,Request timeout: 300.0s exceeded,448,21.16838264042747
292,2026-09-14T02:20:39.512+00:00,2026-09-14T02:25:33.398+00:00,2026-09-14T02:25:39.552+00:00,False,90,89.0,,89.0,293886.40869999997,300040.805884,300040.805833,3333.7867314777773,0.02823,293886.40869999997,30971.064542554563,88.99247449999999,69.15053015730338,19.63330463972103,0.2966263196693608,29,64,,False,False,Request timeout: 300.0s exceeded,417,21.16838264042747
293,2026-09-14T02:20:42.173+00:00,2026-09-14T02:25:35.857+00:00,2026-09-14T02:25:42.199+00:00,False,93,92.0,,92.0,293684.270139,300025.824315,300025.824437,3226.0841337311826,0.08187,293684.270139,30446.498515616622,87.83617399999999,68.92993669565217,19.304693372784786,0.30664027075018824,29,64,,False,False,Request timeout: 300.0s exceeded,137,21.16838264042747
294,2026-09-14T02:20:45.155+00:00,2026-09-14T02:25:38.885+00:00,2026-09-14T02:25:45.203+00:00,False,95,94.0,,94.0,293729.563134,300047.769342,300047.769273,3158.3975712947367,0.02311,293729.563134,30129.128188123665,89.962605,67.21495965957446,20.623162358316474,0.3132834488526294,29,64,,False,False,Request timeout: 300.0s exceeded,479,21.16838264042747
295,2026-09-14T02:20:47.971+00:00,2026-09-14T02:25:41.562+00:00,2026-09-14T02:25:47.999+00:00,False,94,93.0,,93.0,293591.142778,300028.17983399995,300028.179618,3191.7891448723403,0.02081,293591.142778,30274.4819417725,90.00468144999999,69.21545221505377,20.300234941669338,0.309970883573187,29,64,,False,False,Request timeout: 300.0s exceeded,458,21.16838264042747
296,2026-09-14T02:20:51.514+00:00,2026-09-14T02:25:45.593+00:00,2026-09-14T02:25:51.605+00:00,False,75,74.0,,74.0,294078.90775300004,300091.18500100006,300091.18491700006,4001.2157988933336,0.039049999999999994,294078.90775300004,33948.00044139806,88.94508539999998,81.24698983783784,71.71472638062428,0.24659171511403574,29,64,,False,False,Request timeout: 300.0s exceeded,348,21.16838264042747
297,2026-09-14T02:20:55.447+00:00,2026-09-14T02:25:49.499+00:00,2026-09-14T02:25:55.464+00:00,False,95,94.0,,94.0,294051.593116,300016.19574,300016.195716,3158.0652180631578,0.0,294051.593116,30162.626206461373,88.7468417,63.453219404255314,69.61292573663975,0.3133164186958169,29,64,,False,False,Request timeout: 300.0s exceeded,514,21.16838264042747
298,2026-09-14T02:20:57.837+00:00,2026-09-14T02:25:51.631+00:00,2026-09-14T02:25:57.899+00:00,False,108,107.0,,107.0,293793.64769099996,300061.431115,300061.431222,2778.3465853888883,0.0,293793.64769099996,28264.683557313576,89.63605035,58.577415177570096,27.488301208183806,0.35659364684890715,29,64,,False,False,Request timeout: 300.0s exceeded,374,21.16838264042747
299,2026-09-14T02:21:00.400+00:00,2026-09-14T02:25:54.419+00:00,2026-09-14T02:26:00.463+00:00,False,91,90.0,,90.0,294018.558527,300063.02419100003,300063.0244,3297.395872527473,0.02133,294018.558527,30814.486129608147,88.98906699999999,67.1607296,20.62452791407942,0.2999369890463812,29,64,,False,False,Request timeout: 300.0s exceeded,387,21.16838264042747
300,2026-09-14T02:21:04.524+00:00,2026-09-14T02:25:58.117+00:00,2026-09-14T02:26:04.560+00:00,False,93,92.0,,92.0,293593.01361799997,300036.36133,300036.36133,3226.1974336559138,0.02361,293593.01361799997,30436.921387785693,88.86876799999999,70.03638817391305,20.030972797749314,0.3066295018116563,29,64,,False,False,Request timeout: 300.0s exceeded,446,21.16838264042747
301,2026-09-14T02:21:06.866+00:00,2026-09-14T02:26:00.628+00:00,2026-09-14T02:26:06.899+00:00,False,90,89.0,,89.0,293762.48388099996,300033.037225,300033.03717799997,3333.7004130888886,0.02572,293762.48388099996,30957.864689754686,89.80041295000001,70.4556555505618,20.475990530931348,0.29663400011931806,29,64,,False,False,Request timeout: 300.0s exceeded,470,21.16838264042747
302,2026-09-14T02:21:09.299+00:00,2026-09-14T02:26:03.360+00:00,2026-09-14T02:26:09.347+00:00,False,92,91.0,,91.0,294060.514483,300047.675059,300047.674948,3261.387771173913,0.04457,294060.514483,30651.07542804288,89.73166259999999,65.79297336263737,20.65382399651737,0.3032851362107911,29,64,,False,False,Request timeout: 300.0s exceeded,443,21.16838264042747
303,2026-09-14T02:21:12.471+00:00,2026-09-14T02:26:06.222+00:00,2026-09-14T02:26:12.528+00:00,False,94,93.0,,93.0,293751.365318,300056.57824600005,300056.57822,3192.0912576595747,0.02248,293751.365318,30291.15382530224,89.95599335000001,67.79798847311828,20.29121179664123,0.30994154683639147,29,64,,False,False,Request timeout: 300.0s exceeded,427,21.16838264042747
304,2026-09-14T02:21:15.638+00:00,2026-09-14T02:26:09.347+00:00,2026-09-14T02:26:15.730+00:00,False,91,90.0,,90.0,293708.69513,300091.603802,300091.603718,3297.709930967033,0.03959,293708.69513,30781.608918553073,89.600466,70.92120746666667,19.850131540648885,0.29990842416031693,29,64,,False,False,Request timeout: 300.0s exceeded,433,21.16838264042747
305,2026-09-14T02:21:18.399+00:00,2026-09-14T02:26:12.149+00:00,2026-09-14T02:26:18.470+00:00,False,94,93.0,,93.0,293749.530433,300070.721601,300070.721652,3192.2417197021277,0.04082,293749.530433,30290.94674273103,89.54761615,67.96979750537633,20.127832632353506,0.3099269382357831,29,64,,False,False,Request timeout: 300.0s exceeded,426,21.16838264042747
306,2026-09-14T02:21:21.889+00:00,2026-09-14T02:26:15.561+00:00,2026-09-14T02:26:21.905+00:00,False,97,96.0,,96.0,293671.803839,300015.766719,300015.76678,3092.9460492783505,0.02797,293671.803839,29811.15146404419,89.5268058,66.08294666666666,20.809295469191024,0.31998318305022705,29,64,,False,False,Request timeout: 300.0s exceeded,427,21.16838264042747
307,2026-09-14T02:21:25.193+00:00,2026-09-14T02:26:18.849+00:00,2026-09-14T02:26:25.235+00:00,False,93,92.0,,92.0,293656.283713,300042.456641,300042.456495,3226.2629730645162,0.02379,293656.283713,30443.547089163436,90.924978,69.41492313043479,20.720549996209645,0.3066232726859644,29,64,,False,False,Request timeout: 300.0s exceeded,436,21.16838264042747
308,2026-09-14T02:21:28.126+00:00,2026-09-14T02:26:22.208+00:00,2026-09-14T02:26:28.203+00:00,False,88,87.0,,87.0,294082.203685,300076.924453,300076.924553,3409.9650517386367,0.02343,294082.203685,31341.929411069,89.15176535,68.9048364137931,20.216068817578517,0.2899256587576313,29,64,,False,False,Request timeout: 300.0s exceeded,412,21.16838264042747
309,2026-09-14T02:21:32.358+00:00,2026-09-14T02:26:26.104+00:00,2026-09-14T02:26:32.391+00:00,False,95,94.0,,94.0,293745.561059,300032.75363500003,300032.75372900005,3158.2395129368424,0.038590000000000006,293745.561059,30130.80369637561,90.4311974,66.88502740425531,21.070190117351252,0.3132991277157499,29,64,,False,False,Request timeout: 300.0s exceeded,506,21.16838264042747
310,2026-09-14T02:21:35.893+00:00,2026-09-14T02:26:29.280+00:00,2026-09-14T02:26:35.918+00:00,False,99,98.0,,98.0,293387.449365,300025.178389,300025.178465,3030.557358232323,0.02513,293387.449365,29479.74731486577,88.3883071,67.73192881632653,19.70203203304411,0.32663925249945963,29,64,,False,False,Request timeout: 300.0s exceeded,440,21.16838264042747
311,2026-09-14T02:21:39.752+00:00,2026-09-14T02:26:33.496+00:00,2026-09-14T02:26:39.786+00:00,False,96,95.0,,95.0,293743.427954,300034.124402,300034.124548,3125.355464041667,0.02056,293743.427954,29973.31152114167,88.79441975,66.21785734736842,20.265404773130715,0.3166306505613158,29,64,,False,False,Request timeout: 300.0s exceeded,401,21.16838264042747
312,2026-09-14T02:21:42.449+00:00,2026-09-14T02:26:36.043+00:00,2026-09-14T02:26:42.459+00:00,False,96,95.0,,95.0,293593.86605199997,300010.39955599996,300010.399591,3125.108329072916,0.02757,293593.86605199997,29957.91154442457,89.14638175,67.5424579368421,19.977800086830467,0.31665568973807284,29,64,,False,False,Request timeout: 300.0s exceeded,336,21.16838264042747
313,2026-09-14T02:21:46.393+00:00,2026-09-14T02:26:40.180+00:00,2026-09-14T02:26:46.480+00:00,False,98,97.0,,97.0,293786.814086,300087.461254,300087.461169,3062.116950704082,0.0,293786.814086,29670.45663948422,88.724466,64.95512544329897,64.00189581343481,0.3232390970107787,29,64,,False,False,Request timeout: 300.0s exceeded,214,21.16838264042747
314,2026-09-14T02:21:48.278+00:00,2026-09-14T02:26:41.951+00:00,2026-09-14T02:26:48.335+00:00,False,103,102.0,,102.0,293672.64448799996,300057.04052,300057.04058499995,2913.175151310679,0.0,293672.64448799996,28930.326068332433,91.15752119999999,62.592117960784314,63.02254759374429,0.33993536636645355,29,64,,False,False,Request timeout: 300.0s exceeded,442,21.16838264042747
315,2026-09-14T02:21:52.332+00:00,2026-09-14T02:26:47.655+00:00,2026-09-14T02:26:52.369+00:00,False,74,73.0,,73.0,295322.86429500004,300036.75485500006,300036.75495900004,4054.5507426891895,0.02596,295322.86429500004,34323.085254513266,87.5171468,64.57384328767122,20.72289326901867,0.24330352471409375,29,64,,False,False,Request timeout: 300.0s exceeded,277,21.16838264042747
316,2026-09-14T02:21:56.112+00:00,2026-09-14T02:26:49.645+00:00,2026-09-14T02:26:56.193+00:00,False,99,98.0,,98.0,293532.866777,300081.43509700004,300081.434926,3031.1256053131315,0.03853,293532.866777,29494.454209023443,88.2389669,66.82212571428572,20.383980436144878,0.3265780169583697,29,64,,False,False,Request timeout: 300.0s exceeded,473,21.16838264042747
317,2026-09-14T02:22:00.211+00:00,2026-09-14T02:26:53.952+00:00,2026-09-14T02:27:00.225+00:00,False,92,91.0,,91.0,293741.40955000004,300014.48935800005,300014.48934000003,3261.0270580434785,0.035590000000000004,293741.40955000004,30617.478336831326,87.49990705,68.93494294505494,19.833192610750146,0.303318683690013,29,64,,False,False,Request timeout: 300.0s exceeded,389,21.16838264042747
318,2026-09-14T02:22:03.645+00:00,2026-09-14T02:26:57.667+00:00,2026-09-14T02:27:03.703+00:00,False,86,85.0,,85.0,294022.196747,300058.371083,300058.370977,3489.0508253139533,0.02327,294022.196747,31697.57727359749,90.00272975,71.01381571764706,19.670362831728983,0.28327821581250906,29,64,,False,False,Request timeout: 300.0s exceeded,411,21.16838264042747
319,2026-09-14T02:22:07.776+00:00,2026-09-14T02:27:01.742+00:00,2026-09-14T02:27:07.825+00:00,False,89,88.0,,88.0,293965.877938,300049.65445000003,300049.654338,3371.3444307640452,0.0375,293965.877938,31152.99854858497,88.26035540000001,69.133824,19.41041063815016,0.29328479035013927,29,64,,False,False,Request timeout: 300.0s exceeded,399,21.16838264042747
320,2026-09-14T02:22:10.099+00:00,2026-09-14T02:27:03.946+00:00,2026-09-14T02:27:10.165+00:00,False,95,94.0,,94.0,293846.925569,300065.379329,300065.379325,3158.582940263158,0.03774,293846.925569,30141.27813952784,88.5759604,66.15376340425532,20.543350139440545,0.3132650631345771,29,64,,False,False,Request timeout: 300.0s exceeded,447,21.16838264042747
321,2026-09-14T02:22:13.159+00:00,2026-09-14T02:27:07.061+00:00,2026-09-14T02:27:13.206+00:00,False,93,92.0,,92.0,293902.285763,300047.719363,300047.719394,3226.3195633763444,0.038329999999999996,293902.285763,30469.327499980438,88.94999019999999,66.79819130434782,20.496640072690102,0.3066178946312793,29,64,,False,False,Request timeout: 300.0s exceeded,443,21.16838264042747
322,2026-09-14T02:22:16.229+00:00,2026-09-14T02:27:10.330+00:00,2026-09-14T02:27:16.256+00:00,False,91,90.0,,90.0,294101.101244,300027.001276,300027.001268,3297.0000139340664,0.02576,294101.101244,30823.276980454633,90.08445999999999,65.84333368888889,20.509424651154045,0.29997300115401093,29,64,,False,False,Request timeout: 300.0s exceeded,255,21.16838264042747
323,2026-09-14T02:22:20.319+00:00,2026-09-14T02:27:13.996+00:00,2026-09-14T02:27:20.334+00:00,False,97,96.0,,96.0,293677.413481,300014.988649,300014.988856,3092.938029443299,0.023219999999999998,293677.413481,29811.727476124866,89.11294579999999,66.016408,20.345989117705713,0.3199840129064831,29,64,,False,False,Request timeout: 300.0s exceeded,450,21.16838264042747
324,2026-09-14T02:22:23.628+00:00,2026-09-14T02:27:17.205+00:00,2026-09-14T02:27:23.662+00:00,False,94,93.0,,93.0,293576.834445,300033.819277,300033.819347,3191.8491419893617,0.03918,293576.834445,30272.983713702695,89.9368541,69.42994443010754,19.822716588561356,0.3099650573528836,29,64,,False,False,Request timeout: 300.0s exceeded,389,21.16838264042747
325,2026-09-14T02:22:26.215+00:00,2026-09-14T02:27:20.019+00:00,2026-09-14T02:27:26.299+00:00,False,89,88.0,,88.0,293803.793467,300083.817531,300083.817604,3371.7282876853933,0.027829999999999997,293803.793467,31135.580725214688,88.613627,71.36390981818181,18.55041524599203,0.29325140130526767,29,64,,False,False,Request timeout: 300.0s exceeded,394,21.16838264042747
326,2026-09-14T02:22:28.746+00:00,2026-09-14T02:27:22.436+00:00,2026-09-14T02:27:28.802+00:00,False,92,91.0,,91.0,293690.896877,300056.079597,300056.079684,3261.479127,0.022609999999999998,293690.896877,30612.10613728214,87.94194449999999,69.94706285714285,19.24784151914291,0.3032766412272683,29,64,,False,False,Request timeout: 300.0s exceeded,418,21.16838264042747
327,2026-09-14T02:22:31.345+00:00,2026-09-14T02:27:25.421+00:00,2026-09-14T02:27:31.363+00:00,False,89,88.0,,88.0,294076.13413300004,300017.25720500003,300017.25727600005,3370.980418831461,0.03716,294076.13413300004,31164.85762884975,86.5040756,67.51276218181819,19.599929060297452,0.2933164605923656,29,64,,False,False,Request timeout: 300.0s exceeded,410,21.16838264042747
328,2026-09-14T02:22:34.695+00:00,2026-09-14T02:27:28.805+00:00,2026-09-14T02:27:34.730+00:00,False,93,92.0,,92.0,294109.784805,300035.725029,300035.724799,3226.1905892365594,0.04546,294109.784805,30491.091346653015,87.67968259999999,64.41239373913044,20.204625882149987,0.30663015209641353,29,64,,False,False,Request timeout: 300.0s exceeded,407,21.16838264042747
329,2026-09-14T02:22:38.837+00:00,2026-09-14T02:27:32.704+00:00,2026-09-14T02:27:38.891+00:00,False,94,93.0,,93.0,293867.225469,300054.103165,300054.103182,3192.064927468085,0.02336,293867.225469,30303.234976547505,88.14722345000001,66.52556662365592,20.065853738999905,0.30994410347676277,29,64,,False,False,Request timeout: 300.0s exceeded,383,21.16838264042747
330,2026-09-14T02:22:43.057+00:00,2026-09-14T02:27:36.865+00:00,2026-09-14T02:27:43.092+00:00,False,93,92.0,,92.0,293807.666726,300035.091238,300035.091314,3226.1837775698928,0.0,293807.666726,30459.495683626526,90.90914199999999,67.68939686956521,69.73248313910467,0.3066307998187514,29,64,,False,False,Request timeout: 300.0s exceeded,424,21.16838264042747
331,2026-09-14T02:22:45.369+00:00,2026-09-14T02:27:39.186+00:00,2026-09-14T02:27:45.433+00:00,False,97,96.0,,96.0,293817.607655,300063.932391,300063.932233,3093.4426003402064,0.0,293817.607655,29826.129178475185,92.0323616,65.06588266666667,68.3497133901445,0.3199318199793058,29,64,,False,False,Request timeout: 300.0s exceeded,362,21.16838264042747
332,2026-09-14T02:22:49.362+00:00,2026-09-14T02:27:42.907+00:00,2026-09-14T02:27:49.430+00:00,False,101,100.0,,100.0,293545.32331300003,300067.978033,300067.97818700003,2970.9700810594063,0.01943,293545.32331300003,29202.368602837898,89.29922200000001,65.2265472,21.057395136787452,0.33325781929654114,29,64,,False,False,Request timeout: 300.0s exceeded,425,21.16838264042747
333,2026-09-14T02:22:52.933+00:00,2026-09-14T02:27:46.655+00:00,2026-09-14T02:27:52.960+00:00,False,92,91.0,,91.0,293722.10352,300027.07888,300027.078935,3261.1639014673915,0.08316,293722.10352,30615.42880453467,87.50248655,69.28544351648351,19.522271051162047,0.303305956048043,29,64,,False,False,Request timeout: 300.0s exceeded,446,21.16838264042747
334,2026-09-14T02:22:56.135+00:00,2026-09-14T02:27:49.634+00:00,2026-09-14T02:27:56.200+00:00,False,96,95.0,,95.0,293499.080823,300065.803383,300065.803354,3125.6854516041667,0.0254,293499.080823,29948.07616179822,88.70186824999999,69.12339536842104,19.895553283967498,0.3165972227723106,29,64,,False,False,Request timeout: 300.0s exceeded,393,21.16838264042747
335,2026-09-14T02:22:58.960+00:00,2026-09-14T02:27:52.526+00:00,2026-09-14T02:27:58.982+00:00,False,96,95.0,,95.0,293566.133762,300022.787586,300022.78757600003,3125.2373705833334,0.03397,293566.133762,29955.03842660158,87.5741675,67.96477709473685,20.573920007658845,0.31664261493060336,29,64,,False,False,Request timeout: 300.0s exceeded,433,21.16838264042747
336,2026-09-14T02:23:02.623+00:00,2026-09-14T02:27:56.199+00:00,2026-09-14T02:28:02.637+00:00,False,98,97.0,,97.0,293575.785874,300013.46549,300013.46555799997,3061.3618934489796,0.03179,293575.785874,29648.93552430764,88.22111785000001,66.3678310927835,20.44398682343839,0.32331882117882205,29,64,,False,False,Request timeout: 300.0s exceeded,482,21.16838264042747
337,2026-09-14T02:23:06.785+00:00,2026-09-14T02:28:00.338+00:00,2026-09-14T02:28:06.829+00:00,False,98,97.0,,97.0,293553.302672,300043.504528,300043.504626,3061.6684145510208,0.04298,293553.302672,29646.60955230915,88.1083975,66.90929748453608,20.252951950671367,0.32328645191833494,29,64,,False,False,Request timeout: 300.0s exceeded,482,21.16838264042747
338,2026-09-14T02:23:10.002+00:00,2026-09-14T02:28:03.707+00:00,2026-09-14T02:28:10.043+00:00,False,93,92.0,,92.0,293705.157334,300041.26024599996,300041.260272,3226.2501104516127,0.04857,293705.157334,30448.671543822566,91.6114726,68.87068382608696,20.813359195529163,0.3066244953263107,29,64,,False,False,Request timeout: 300.0s exceeded,472,21.16838264042747
339,2026-09-14T02:23:13.726+00:00,2026-09-14T02:28:07.817+00:00,2026-09-14T02:28:14.700+00:00,False,62,61.0,,61.0,294091.02806,300974.308188,300974.30834299995,4854.424328112903,0.02648,294091.02806,37336.824509664584,92.32386580000001,112.84065783606557,343.84682269426776,0.20267510661374152,29,64,,False,False,Request timeout: 300.0s exceeded,282,21.16838264042747
340,2026-09-14T02:23:17.623+00:00,2026-09-14T02:28:11.473+00:00,2026-09-14T02:28:17.632+00:00,False,103,102.0,,102.0,293849.837342,300008.64386999997,300008.643857,2912.7052801650484,0.01533,293849.837342,28949.120453368407,90.5355493,60.38045615686274,263.23644190698457,0.33999020389625423,29,64,,False,False,Request timeout: 300.0s exceeded,413,21.16838264042747
341,2026-09-14T02:23:20.011+00:00,2026-09-14T02:28:14.915+00:00,2026-09-14T02:28:20.024+00:00,False,78,77.0,,77.0,294903.748437,300012.773205,300012.773361,3846.317607192307,0.038019,294903.748437,33383.76814881597,89.73382450000001,66.35097101298702,21.373633703489663,0.2566557389454401,29,64,,False,False,Request timeout: 300.0s exceeded,358,21.16838264042747
342,2026-09-14T02:23:24.110+00:00,2026-09-14T02:28:17.713+00:00,2026-09-14T02:28:24.136+00:00,False,92,91.0,,91.0,293603.22986699996,300026.20612299995,300026.20593899995,3261.154412380434,0.03091,293603.22986699996,30602.90009187753,89.37260354999998,70.58215665934067,19.38112506925954,0.3033068383456253,29,64,,False,False,Request timeout: 300.0s exceeded,382,21.16838264042747
343,2026-09-14T02:23:27.626+00:00,2026-09-14T02:28:21.233+00:00,2026-09-14T02:28:27.633+00:00,False,92,91.0,,91.0,293606.677435,300007.137979,300007.137964,3260.947151782609,0.01945,293606.677435,30603.285885271474,89.1632386,70.33473125274725,20.261568927352087,0.30332611621517436,29,64,,False,False,Request timeout: 300.0s exceeded,199,21.16838264042747
344,2026-09-14T02:23:31.702+00:00,2026-09-14T02:28:25.002+00:00,2026-09-14T02:28:31.735+00:00,False,102,101.0,,101.0,293300.20442799997,300032.88129199995,300032.88148499996,2941.498838088235,0.02147,293300.20442799997,29034.454574412353,88.63432550000002,66.66016697029703,20.603207411636834,0.3366297705940574,29,64,,False,False,Request timeout: 300.0s exceeded,532,21.16838264042747
345,2026-09-14T02:23:34.506+00:00,2026-09-14T02:28:28.499+00:00,2026-09-14T02:28:34.562+00:00,False,88,87.0,,87.0,293993.422818,300055.905762,300055.90581,3409.726202386364,0.03227,293993.422818,31332.382728688957,89.910947,69.683712,20.858426861180682,0.28994596783243165,29,64,,False,False,Request timeout: 300.0s exceeded,303,21.16838264042747
346,2026-09-14T02:23:38.650+00:00,2026-09-14T02:28:32.773+00:00,2026-09-14T02:28:38.660+00:00,False,89,88.0,,88.0,294122.38770099997,300009.74770099996,300009.747643,3370.896040932584,0.0,294122.38770099997,31169.894155000482,90.34611199999999,66.90181818181819,68.76515973477295,0.29332380255758833,29,64,,False,False,Request timeout: 300.0s exceeded,440,21.16838264042747
347,2026-09-14T02:23:42.788+00:00,2026-09-14T02:28:36.371+00:00,2026-09-14T02:28:42.856+00:00,False,101,100.0,,100.0,293582.893696,300068.046208,300068.046066,2970.9707531287127,0.0,293582.893696,29206.20756064331,87.951694,64.85152511999999,64.61647292427823,0.3332577435808756,29,64,,False,False,Request timeout: 300.0s exceeded,371,21.16838264042747
348,2026-09-14T02:23:45.636+00:00,2026-09-14T02:28:39.292+00:00,2026-09-14T02:28:45.665+00:00,False,92,91.0,,91.0,293656.262465,300028.774721,300028.774752,3261.1823342608695,0.056669,293656.262465,30608.48665854412,87.43720815,70.02760720879121,18.93152809938931,0.30330424168355813,29,64,,False,False,Request timeout: 300.0s exceeded,434,21.16838264042747
349,2026-09-14T02:23:48.589+00:00,2026-09-14T02:28:42.469+00:00,2026-09-14T02:28:48.655+00:00,False,89,88.0,,88.0,293879.882667,300065.42660299997,300065.426759,3371.521648977528,0.02354,293879.882667,31143.760381556152,89.32972679999999,70.290272,19.239674515154334,0.2932693746035192,29,64,,False,False,Request timeout: 300.0s exceeded,348,21.16838264042747
350,2026-09-14T02:23:52.586+00:00,2026-09-14T02:28:46.185+00:00,2026-09-14T02:28:52.645+00:00,False,97,96.0,,96.0,293599.320214,300059.228054,300059.228107,3093.3941041958765,0.01791,293599.320214,29803.668724103394,88.115488,67.29070666666667,20.04972469828845,0.31993683587935984,29,64,,False,False,Request timeout: 300.0s exceeded,468,21.16838264042747
351,2026-09-14T02:23:56.433+00:00,2026-09-14T02:28:50.282+00:00,2026-09-14T02:28:56.512+00:00,False,92,91.0,,91.0,293849.648361,300078.811369,300078.811412,3261.726211,0.03721,293849.648361,30628.81400269895,91.24235209999999,68.45234074725275,20.86415928122779,0.3032536672111094,29,64,,False,False,Request timeout: 300.0s exceeded,365,21.16838264042747
352,2026-09-14T02:23:59.334+00:00,2026-09-14T02:28:53.248+00:00,2026-09-14T02:28:59.385+00:00,False,90,89.0,,89.0,293914.717856,300051.24803200003,300051.248022,3333.9027558000003,0.03209,293914.717856,30974.0708911828,92.37454595,68.94977725842696,21.376453892336805,0.2966159967130291,29,64,,False,False,Request timeout: 300.0s exceeded,402,21.16838264042747
353,2026-09-14T02:24:02.385+00:00,2026-09-14T02:28:55.995+00:00,2026-09-14T02:29:02.403+00:00,False,96,95.0,,95.0,293609.876632,300017.72175200004,300017.721765,3125.1846017187504,0.01984,293609.876632,29959.555585988463,90.63844875000001,67.45100126315789,20.91760478610766,0.31664796147785124,29,64,,False,False,Request timeout: 300.0s exceeded,410,21.16838264042747
354,2026-09-14T02:24:05.800+00:00,2026-09-14T02:28:59.166+00:00,2026-09-14T02:29:05.867+00:00,False,99,98.0,,98.0,293366.01535,300067.718774,300067.718813,3030.9870587171717,0.0208,293366.01535,29477.528358218242,90.79408780000001,68.38472881632653,20.949284330364048,0.3265929450872055,29,64,,False,False,Request timeout: 300.0s exceeded,463,21.16838264042747
355,2026-09-14T02:24:08.476+00:00,2026-09-14T02:29:01.949+00:00,2026-09-14T02:29:08.508+00:00,False,97,96.0,,96.0,293473.50185500004,300032.53622300003,300032.536029,3093.118928134021,0.0308,293473.50185500004,29790.789706151023,91.00923979999999,68.32327466666668,21.130390100028094,0.31996529845899024,29,64,,False,False,Request timeout: 300.0s exceeded,226,21.16838264042747
356,2026-09-14T02:24:11.675+00:00,2026-09-14T02:29:05.394+00:00,2026-09-14T02:29:11.742+00:00,False,93,92.0,,92.0,293718.84433,300067.506602,300067.50673799997,3226.532330516129,0.01824,293718.84433,30450.075917404472,89.518141,69.00719860869566,19.679988170421193,0.3065976754424993,29,64,,False,False,Request timeout: 300.0s exceeded,425,21.16838264042747
357,2026-09-14T02:24:14.676+00:00,2026-09-14T02:29:08.638+00:00,2026-09-14T02:29:14.702+00:00,False,92,91.0,,91.0,293962.378238,300026.253822,300026.25381699996,3261.154932793478,0.03711,293962.378238,30640.756000108315,87.69782660000001,66.63599542857142,20.4606328413469,0.3033067901250689,29,64,,False,False,Request timeout: 300.0s exceeded,497,21.16838264042747
358,2026-09-14T02:24:18.210+00:00,2026-09-14T02:29:11.827+00:00,2026-09-14T02:29:18.232+00:00,False,100,99.0,,99.0,293617.531729,300022.678097,300022.677897,3000.22677897,0.019559999999999998,293617.531729,29355.28966943303,87.48695295000002,64.69844816161616,19.393062160436436,0.3299750559789098,29,64,,False,False,Request timeout: 300.0s exceeded,512,21.16838264042747
359,2026-09-14T02:24:21.979+00:00,2026-09-14T02:29:15.663+00:00,2026-09-14T02:29:21.996+00:00,False,95,94.0,,94.0,293683.790721,300017.130369,300017.13056099997,3158.075058536842,0.053829999999999996,293683.790721,30124.41550190131,89.98463469999999,67.37595370212766,20.595238758094002,0.3133154426361808,29,64,,False,False,Request timeout: 300.0s exceeded,447,21.16838264042747
360,2026-09-14T02:24:25.619+00:00,2026-09-14T02:29:19.524+00:00,2026-09-14T02:29:25.668+00:00,False,87,86.0,,86.0,293905.012666,300048.659898,300048.659907,3448.8351713448274,0.03154,293905.012666,31502.272085923578,91.22811,71.43775851162792,19.887437789936133,0.28662017697141273,29,64,,False,False,Request timeout: 300.0s exceeded,258,21.16838264042747
361,2026-09-14T02:24:29.780+00:00,2026-09-14T02:29:23.494+00:00,2026-09-14T02:29:29.801+00:00,False,91,90.0,,90.0,293714.40618,300021.2337,300021.233536,3296.936632263736,0.01758,293714.40618,30782.2964486224,90.3281195,70.07586133333332,20.212314167041193,0.2999787678027937,29,64,,False,False,Request timeout: 300.0s exceeded,427,21.16838264042747
362,2026-09-14T02:24:32.731+00:00,2026-09-14T02:29:26.468+00:00,2026-09-14T02:29:33.060+00:00,False,91,90.0,,90.0,293736.947507,300328.394547,300328.394732,3300.312030021978,0.02139,293736.947507,30784.383691126266,88.78770800000001,73.23830044444445,62.30308193735578,0.2996719645365247,29,64,,False,False,Request timeout: 300.0s exceeded,557,21.16838264042747
363,2026-09-14T02:24:35.103+00:00,2026-09-14T02:29:28.684+00:00,2026-09-14T02:29:35.135+00:00,False,107,106.0,,106.0,293580.914358,300031.73240599997,300031.73243,2804.034882523364,0.0,293580.914358,28375.721861452737,88.57582030000002,60.856774037735846,61.89506681106188,0.35329596356348686,29,64,,False,False,Request timeout: 300.0s exceeded,515,21.16838264042747
364,2026-09-14T02:24:38.175+00:00,2026-09-14T02:29:31.644+00:00,2026-09-14T02:29:38.259+00:00,False,107,106.0,,106.0,293469.41209600004,300084.03379200003,300084.03376300004,2804.5236800280377,0.0,293469.41209600004,28364.79290362459,89.72591260000002,62.402091471698114,61.77391877173038,0.3532343879163953,29,64,,False,False,Request timeout: 300.0s exceeded,273,21.16838264042747
365,2026-09-14T02:24:40.935+00:00,2026-09-14T02:29:34.708+00:00,2026-09-14T02:29:40.952+00:00,False,94,93.0,,93.0,293773.281676,300017.20846,300017.20832499996,3191.6724289893614,0.01891,293773.281676,30293.482842518235,89.5325065,67.13899767741935,21.10228828341326,0.30998221894461525,29,64,,False,False,Request timeout: 300.0s exceeded,448,21.16838264042747
366,2026-09-14T02:24:43.721+00:00,2026-09-14T02:29:37.428+00:00,2026-09-14T02:29:43.773+00:00,False,97,96.0,,96.0,293707.46785799996,300052.246098,300052.246114,3093.3221248865975,0.02154,293707.46785799996,29814.771542149807,89.15964980000001,66.09144,20.53058184690223,0.31994428053254925,29,64,,False,False,Request timeout: 300.0s exceeded,397,21.16838264042747
367,2026-09-14T02:24:47.543+00:00,2026-09-14T02:29:39.910+00:00,2026-09-14T02:29:47.687+00:00,False,121,120.0,,120.0,292367.11960000003,300143.48312000005,300143.48310400004,2480.5246537520666,0.05117,292367.11960000003,26572.94603559919,90.433729,64.80302933333334,20.919159283845246,0.399808780629173,29,64,,False,False,Request timeout: 300.0s exceeded,402,21.16838264042747
368,2026-09-14T02:24:50.527+00:00,2026-09-14T02:29:43.948+00:00,2026-09-14T02:29:50.568+00:00,False,103,102.0,,102.0,293421.15877700003,300041.278585,300041.27845200006,2913.0221208932044,0.020649999999999998,293421.15877700003,28905.258558269004,90.1131682,64.90313537254902,21.335009223484033,0.3399532240398181,29,64,,False,False,Request timeout: 300.0s exceeded,456,21.16838264042747
369,2026-09-14T02:24:54.190+00:00,2026-09-14T02:29:48.907+00:00,2026-09-14T02:29:54.223+00:00,False,76,75.0,,75.0,294717.015945,300032.56538499997,300032.565314,3947.7969120263156,0.01799,294717.015945,33798.23627409382,90.60733625,70.87399253333334,19.98517346064326,0.24997286512469225,29,64,,False,False,Request timeout: 300.0s exceeded,311,21.16838264042747
370,2026-09-14T02:24:57.653+00:00,2026-09-14T02:29:51.404+00:00,2026-09-14T02:29:57.703+00:00,False,91,90.0,,90.0,293751.100566,300049.586838,300049.58663,3297.2482047252747,0.0293,293751.100566,30786.152500765293,89.310886,69.9831808,19.777162011427105,0.2999504213568272,29,64,,False,False,Request timeout: 300.0s exceeded,442,21.16838264042747
371,2026-09-14T02:25:00.652+00:00,2026-09-14T02:29:54.607+00:00,2026-09-14T02:30:00.696+00:00,False,89,88.0,,88.0,293955.515117,300044.02660499996,300044.02679499995,3371.28119994382,0.02987,293955.515117,31151.89537965687,90.03816979999999,69.18763054545455,20.958317295009493,0.29329029141396534,29,64,,False,False,Request timeout: 300.0s exceeded,129,21.16838264042747
372,2026-09-14T02:25:04.168+00:00,2026-09-14T02:29:58.203+00:00,2026-09-14T02:30:04.195+00:00,False,85,84.0,,84.0,294035.021501,300027.644093,300027.644081,3529.736989188235,0.04079,294035.021501,31884.844191903496,90.6705004,71.34074514285714,20.112258403394716,0.27997420122381256,29,64,,False,False,Request timeout: 300.0s exceeded,366,21.16838264042747
373,2026-09-14T02:25:06.797+00:00,2026-09-14T02:30:00.358+00:00,2026-09-14T02:30:06.851+00:00,False,96,95.0,,95.0,293561.469003,300054.249803,300054.249787,3125.565101947917,0.03603,293561.469003,29954.52320977756,89.37811425,68.34506105263158,20.113516169877656,0.3166094133389947,29,64,,False,False,Request timeout: 300.0s exceeded,429,21.16838264042747
374,2026-09-14T02:25:09.257+00:00,2026-09-14T02:30:02.967+00:00,2026-09-14T02:30:09.347+00:00,False,94,93.0,,93.0,293710.515681,300090.270945,300090.27094300004,3192.4496908829788,0.03426,293710.515681,30286.857948068282,90.25881365,68.59951896774194,20.459148234015426,0.3099067480832955,29,64,,False,False,Request timeout: 300.0s exceeded,426,21.16838264042747
375,2026-09-14T02:25:12.837+00:00,2026-09-14T02:30:06.457+00:00,2026-09-14T02:30:12.872+00:00,False,94,93.0,,93.0,293620.140124,300035.20342000003,300035.203471,3191.863866712766,0.042489,293620.140124,30277.4972846285,91.65999515,68.97917522580644,20.48908963637169,0.3099636274007996,29,64,,False,False,Request timeout: 300.0s exceeded,136,21.16838264042747
376,2026-09-14T02:25:15.350+00:00,2026-09-14T02:30:09.128+00:00,2026-09-14T02:30:15.365+00:00,False,94,93.0,,93.0,293777.898252,300015.701516,300015.701534,3191.656399297872,0.040549999999999996,293777.898252,30293.96481924024,88.49833895,67.07315337634408,19.63218055637968,0.309983775949274,29,64,,False,False,Request timeout: 300.0s exceeded,385,21.16838264042747
377,2026-09-14T02:25:18.761+00:00,2026-09-14T02:30:12.406+00:00,2026-09-14T02:30:18.795+00:00,False,98,97.0,,97.0,293645.296545,300033.622177,300033.622139,3061.5675728469387,0.02683,293645.296545,29656.007884104944,86.64872385000001,65.85902713402062,19.431421793880226,0.3232971001589163,29,64,,False,False,Request timeout: 300.0s exceeded,468,21.16838264042747
378,2026-09-14T02:25:21.128+00:00,2026-09-14T02:30:15.159+00:00,2026-09-14T02:30:21.211+00:00,False,91,90.0,,90.0,294030.447744,300082.348672,300082.348669,3297.6082271318683,0.03318,294030.447744,30815.723030782152,86.725062,67.24334364444445,19.43098413487949,0.2999176739261429,29,64,,False,False,Request timeout: 300.0s exceeded,363,21.16838264042747
379,2026-09-14T02:25:25.160+00:00,2026-09-14T02:30:18.800+00:00,2026-09-14T02:30:25.193+00:00,False,94,93.0,,93.0,293640.175581,300033.852381,300033.852204,3191.8494915319147,0.01704,293640.175581,30279.587570815667,89.817891,68.74921290322581,20.590410907326998,0.3099650231531318,29,64,,False,False,Request timeout: 300.0s exceeded,451,21.16838264042747
380,2026-09-14T02:25:27.639+00:00,2026-09-14T02:30:21.508+00:00,2026-09-14T02:30:28.103+00:00,False,88,87.0,,87.0,293868.375031,300463.199991,300463.19998,3414.354545227273,0.03571,293868.375031,31318.45783353762,90.03244384999999,75.80258574712643,63.871041058577646,0.2895529302843276,29,64,,False,False,Request timeout: 300.0s exceeded,406,21.16838264042747
381,2026-09-14T02:25:31.120+00:00,2026-09-14T02:30:25.192+00:00,2026-09-14T02:30:31.150+00:00,False,95,94.0,,94.0,294072.201552,300030.912848,300030.912933,3158.220136136842,0.0,294072.201552,30164.74002407139,94.1999539,63.39054570212766,66.4820198396077,0.3133010499075532,29,64,,False,False,Request timeout: 300.0s exceeded,351,21.16838264042747
382,2026-09-14T02:25:34.914+00:00,2026-09-14T02:30:29.264+00:00,2026-09-14T02:30:34.956+00:00,False,86,85.0,,85.0,294349.767418,300041.43692199996,300041.436894,3488.853917372093,0.04261,294349.767418,31733.338142740024,90.425859,66.96081769411765,21.204091130620462,0.28329420386723775,29,64,,False,False,Request timeout: 300.0s exceeded,152,21.16838264042747
383,2026-09-14T02:25:38.968+00:00,2026-09-14T02:30:32.659+00:00,2026-09-14T02:30:39.052+00:00,False,93,92.0,,92.0,293690.240835,300083.523395,300083.523339,3226.704552032258,0.0335,293690.240835,30447.05988806361,89.531469,69.49220173913044,20.153767939000655,0.3065813109602168,29,64,,False,False,Request timeout: 300.0s exceeded,363,21.16838264042747
384,2026-09-14T02:25:41.594+00:00,2026-09-14T02:30:35.344+00:00,2026-09-14T02:30:41.605+00:00,False,95,94.0,,94.0,293750.18752,300011.176192,300011.17617399996,3158.0123807789473,0.03785,293750.18752,30131.306739131436,90.083259,66.6062624680851,20.745662063900674,0.313321660856535,29,64,,False,False,Request timeout: 300.0s exceeded,312,21.16838264042747
385,2026-09-14T02:25:45.800+00:00,2026-09-14T02:30:39.407+00:00,2026-09-14T02:30:45.890+00:00,False,98,97.0,,97.0,293607.374664,300090.0386,300090.038679,3062.1432518265306,0.027059999999999997,293607.374664,29652.079529868155,87.76187365,66.83158696907216,20.301445725447152,0.32323632084733916,29,64,,False,False,Request timeout: 300.0s exceeded,390,21.16838264042747
386,2026-09-14T02:25:49.334+00:00,2026-09-14T02:30:42.779+00:00,2026-09-14T02:30:49.355+00:00,False,97,96.0,,96.0,293445.34717699996,300021.79415299994,300021.79409499996,3093.0081865463912,0.04316,293445.34717699996,29787.912622201493,90.0674178,68.504656,21.139499938736087,0.31997675459218,29,64,,False,False,Request timeout: 300.0s exceeded,466,21.16838264042747
387,2026-09-14T02:25:51.731+00:00,2026-09-14T02:30:45.120+00:00,2026-09-14T02:30:51.795+00:00,False,99,98.0,,98.0,293388.613089,300064.041697,300064.041598,3030.949915131313,0.02525,293388.613089,29479.825824957592,89.28090879999999,68.11661844897958,20.022953128503094,0.326596947257542,29,64,,False,False,Request timeout: 300.0s exceeded,397,21.16838264042747
388,2026-09-14T02:25:54.637+00:00,2026-09-14T02:30:48.539+00:00,2026-09-14T02:30:54.713+00:00,False,94,93.0,,93.0,293901.86011,300076.68123,300076.681005,3192.3051170744684,0.0233,293901.86011,30306.821432900237,91.34289495000002,66.39592602150537,21.24500907286895,0.30992078297719583,29,64,,False,False,Request timeout: 300.0s exceeded,425,21.16838264042747
389,2026-09-14T02:25:57.845+00:00,2026-09-14T02:30:51.570+00:00,2026-09-14T02:30:57.857+00:00,False,95,94.0,,94.0,293724.485358,300012.207854,300012.20800499996,3158.0232421578944,0.02057,293724.485358,30128.64037957225,89.0765334,66.89066485106383,20.457779368902166,0.3133205834268744,29,64,,False,False,Request timeout: 300.0s exceeded,271,21.16838264042747
390,2026-09-14T02:26:00.239+00:00,2026-09-14T02:30:53.606+00:00,2026-09-14T02:31:00.319+00:00,False,97,96.0,,96.0,293367.069115,300079.464891,300079.464985,3093.602731804124,0.04072,293367.069115,29779.82017421436,89.08723379999999,69.92078933333333,20.072994357114982,0.3199152598958105,29,64,,False,False,Request timeout: 300.0s exceeded,466,21.16838264042747
391,2026-09-14T02:26:03.513+00:00,2026-09-14T02:30:57.273+00:00,2026-09-14T02:31:03.551+00:00,False,93,92.0,,92.0,293759.62256,300037.67286399996,300037.672717,3226.2115345913976,0.02076,293759.62256,30454.3841751814,88.55195359999999,68.2396772173913,19.935842926991842,0.3066281614632488,29,64,,False,False,Request timeout: 300.0s exceeded,399,21.16838264042747
392,2026-09-14T02:26:07.340+00:00,2026-09-14T02:31:00.572+00:00,2026-09-14T02:31:07.349+00:00,False,102,101.0,,101.0,293231.155668,300008.595668,300008.59548099997,2941.260740009804,0.03294,293231.155668,29027.573822866238,90.10390060000002,67.10336633663366,20.568503570396967,0.3366570206934008,29,64,,False,False,Request timeout: 300.0s exceeded,423,21.16838264042747
393,2026-09-14T02:26:10.759+00:00,2026-09-14T02:31:04.351+00:00,2026-09-14T02:31:10.787+00:00,False,97,96.0,,96.0,293591.98651200003,300028.01928,300028.019305,3093.0723639690723,0.03333,293591.98651200003,29802.95036949523,89.09267019999999,67.042008,21.525046511267405,0.319970115559135,29,64,,False,False,Request timeout: 300.0s exceeded,472,21.16838264042747
394,2026-09-14T02:26:13.150+00:00,2026-09-14T02:31:06.710+00:00,2026-09-14T02:31:13.196+00:00,False,98,97.0,,97.0,293559.728522,300045.094026,300045.09390100004,3061.6846316428573,0.02185,293559.728522,29647.263695277783,88.4440237,66.85943818556702,20.24919946258892,0.3232847392985356,29,64,,False,False,Request timeout: 300.0s exceeded,276,21.16838264042747
395,2026-09-14T02:26:15.490+00:00,2026-09-14T02:31:09.200+00:00,2026-09-14T02:31:15.572+00:00,False,97,96.0,,96.0,293710.11255699996,300082.24670099997,300082.24674599996,3093.631409752577,0.038979999999999994,293710.11255699996,29815.011022290728,87.972488,66.37639733333333,20.360774659405813,0.319912294230634,29,64,,False,False,Request timeout: 300.0s exceeded,441,21.16838264042747
396,2026-09-14T02:26:18.202+00:00,2026-09-14T02:31:11.717+00:00,2026-09-14T02:31:18.262+00:00,False,102,101.0,,101.0,293514.363404,300059.301132,300059.301058,2941.757853509804,0.020399999999999998,293514.363404,29055.84320814056,88.8304251,64.80136364356436,20.15891294944498,0.3366001307707132,29,64,,False,False,Request timeout: 300.0s exceeded,402,21.16838264042747
397,2026-09-14T02:26:21.599+00:00,2026-09-14T02:31:15.116+00:00,2026-09-14T02:31:21.707+00:00,False,92,91.0,,91.0,293516.841152,300107.38912,300107.388989,3262.036836836957,0.020629,293516.841152,30593.767163207045,87.8634085,72.42360404395605,66.63560850996146,0.30322478985551743,29,64,,False,False,Request timeout: 300.0s exceeded,320,21.16838264042747
398,2026-09-14T02:26:25.270+00:00,2026-09-14T02:31:19.009+00:00,2026-09-14T02:31:25.352+00:00,False,99,98.0,,98.0,293738.917658,300082.405914,300082.40572700003,3031.135411383839,0.0,293738.917658,29515.44434974582,89.0705787,64.729472,68.16104468153473,0.3265769604236165,29,64,,False,False,Request timeout: 300.0s exceeded,612,21.16838264042747
399,2026-09-14T02:26:28.006+00:00,2026-09-14T02:31:21.888+00:00,2026-09-14T02:31:28.094+00:00,False,91,90.0,,90.0,293881.885948,300087.493884,300087.493848,3297.6647675604395,0.030350000000000002,293881.885948,30799.971039703338,90.47355400000001,68.95119928888889,20.286530944519086,0.299912531625826,29,64,,False,False,Request timeout: 300.0s exceeded,468,21.16838264042747
400,2026-09-14T02:26:31.325+00:00,2026-09-14T02:31:24.853+00:00,2026-09-14T02:31:31.382+00:00,False,93,92.0,,92.0,293527.65145099995,300056.586875,300056.58696899994,3226.4149136451606,0.03778,293527.65145099995,30430.046649309556,88.1304822,70.96668939130434,19.197972448589,0.30660883321427,29,64,,False,False,Request timeout: 300.0s exceeded,535,21.16838264042747
401,2026-09-14T02:26:34.647+00:00,2026-09-14T02:31:28.176+00:00,2026-09-14T02:31:34.661+00:00,False,94,93.0,,93.0,293528.502004,300013.82066,300013.820823,3191.6363917340427,0.03215,293528.502004,30267.966837029337,88.21333915,69.73460920430108,19.285682423732958,0.3099857193092285,29,64,,False,False,Request timeout: 300.0s exceeded,328,21.16838264042747
402,2026-09-14T02:26:38.625+00:00,2026-09-14T02:31:32.350+00:00,2026-09-14T02:31:38.653+00:00,False,91,90.0,,90.0,293725.404801,300028.620929,300028.62085500004,3297.017811593407,0.02545,293725.404801,30783.45364572919,89.63267099999999,70.03573475555555,20.246617599345104,0.29997138180126476,29,64,,False,False,Request timeout: 300.0s exceeded,392,21.16838264042747
403,2026-09-14T02:26:41.348+00:00,2026-09-14T02:31:34.612+00:00,2026-09-14T02:31:41.383+00:00,False,103,102.0,,102.0,293264.36844700004,300034.71443100006,300034.71442400006,2912.9583924660196,0.032389,293264.36844700004,28889.663801322564,88.8028122,66.37594101960784,20.454039538456207,0.3399606615302419,29,64,,False,False,Request timeout: 300.0s exceeded,547,21.16838264042747
404,2026-09-14T02:26:44.470+00:00,2026-09-14T02:31:37.790+00:00,2026-09-14T02:31:44.506+00:00,False,102,101.0,,101.0,293319.407343,300036.209391,300036.209256,2941.5314632941177,0.080019,293319.407343,29036.371567684975,88.63664149999998,66.50299057425742,20.686642574495096,0.3366260365874014,29,64,,False,False,Request timeout: 300.0s exceeded,358,21.16838264042747
405,2026-09-14T02:26:48.632+00:00,2026-09-14T02:31:42.159+00:00,2026-09-14T02:31:48.688+00:00,False,102,101.0,,101.0,293526.92300999997,300056.35020999995,300056.35006799997,2941.728922235294,0.02053,293526.92300999997,29057.102649250573,87.93973945000002,64.64779405940594,21.083116411759523,0.3366034410846939,29,64,,False,False,Request timeout: 300.0s exceeded,461,21.16838264042747
406,2026-09-14T02:26:51.277+00:00,2026-09-14T02:31:44.464+00:00,2026-09-14T02:31:51.291+00:00,False,104,103.0,,103.0,293186.275204,300013.686916,300013.686981,2884.746990201923,0.01785,293186.275204,28742.786660591533,86.878301,66.28555060194175,20.027063168786754,0.3433176701329586,29,64,,False,False,Request timeout: 300.0s exceeded,429,21.16838264042747
407,2026-09-14T02:26:54.711+00:00,2026-09-14T02:31:48.306+00:00,2026-09-14T02:31:54.755+00:00,False,97,96.0,,96.0,293595.430594,300044.606658,300044.60660999996,3093.2433671134017,0.03023,293595.430594,29803.285219679095,89.08573580000001,67.17891733333333,20.163536629929556,0.31995242663842893,29,64,,False,False,Request timeout: 300.0s exceeded,439,21.16838264042747
408,2026-09-14T02:26:58.395+00:00,2026-09-14T02:31:52.074+00:00,2026-09-14T02:31:58.431+00:00,False,96,95.0,,95.0,293679.018101,300036.17035699997,300036.17028099997,3125.3767737604167,0.01945,293679.018101,29966.66644958961,89.12720949999999,66.91739216842105,20.452512063487806,0.31662849144809324,29,64,,False,False,Request timeout: 300.0s exceeded,422,21.16838264042747
409,2026-09-14T02:27:00.748+00:00,2026-09-14T02:31:54.410+00:00,2026-09-14T02:32:00.806+00:00,False,96,95.0,,95.0,293661.338391,300057.819671,300057.819518,3125.6022866458334,0.030928999999999998,293661.338391,29964.82028414685,90.82663099999999,67.33138189473684,21.200683390459304,0.31660564655226536,29,64,,False,False,Request timeout: 300.0s exceeded,491,21.16838264042747
410,2026-09-14T02:27:04.176+00:00,2026-09-14T02:31:58.215+00:00,2026-09-14T02:32:05.623+00:00,False,74,73.0,,73.0,294039.73957700003,301447.70040900004,301447.700429,4073.617573364865,0.05682,294039.73957700003,34170.978360127374,89.45981674999999,101.47891550684932,305.80223798274886,0.2421647267534455,29,64,,False,False,Request timeout: 300.0s exceeded,323,21.16838264042747
411,2026-09-14T02:27:07.284+00:00,2026-09-14T02:32:00.975+00:00,2026-09-14T02:32:07.290+00:00,False,107,106.0,,106.0,293690.55133700004,300006.02167300007,300006.02156500006,2803.794594065421,0.01548,293690.55133700004,28387.556266246283,89.4439443,59.57990883018868,259.93082784284144,0.35332624128304213,29,64,,False,False,Request timeout: 300.0s exceeded,439,21.16838264042747
412,2026-09-14T02:27:10.167+00:00,2026-09-14T02:32:05.684+00:00,2026-09-14T02:32:10.189+00:00,False,68,67.0,,67.0,295516.943765,300022.101653,300022.10172399995,4412.089731235294,0.02475,295516.943765,35828.54535978436,90.45136169999999,67.24116250746268,21.264569768422632,0.22331688109261683,29,64,,False,False,Request timeout: 300.0s exceeded,159,21.16838264042747
413,2026-09-14T02:27:14.174+00:00,2026-09-14T02:32:08.076+00:00,2026-09-14T02:32:14.183+00:00,False,92,91.0,,91.0,293901.64292799996,300009.09995199996,300009.100145,3260.9684798369562,0.033159,293901.64292799996,30634.373212639282,87.83346905,67.11491235164834,19.268841856093594,0.3033241325498445,29,64,,False,False,Request timeout: 300.0s exceeded,343,21.16838264042747
414,2026-09-14T02:27:18.360+00:00,2026-09-14T02:32:11.982+00:00,2026-09-14T02:32:18.396+00:00,False,100,99.0,,99.0,293621.937394,300035.55173,300035.55166500004,3000.35551665,0.0,293621.937394,29355.784321166408,89.6870665,64.78398319191919,63.96284578231837,0.32996089773084436,29,64,,False,False,Request timeout: 300.0s exceeded,288,21.16838264042747
415,2026-09-14T02:27:20.973+00:00,2026-09-14T02:32:14.785+00:00,2026-09-14T02:32:21.005+00:00,False,95,94.0,,94.0,293811.789986,300032.424098,300032.424054,3158.236042673684,0.0,293811.789986,30137.736269705063,88.01399669999999,66.17695863829788,66.35516461988635,0.31329947182407414,29,64,,False,False,Request timeout: 300.0s exceeded,451,21.16838264042747
416,2026-09-14T02:27:23.878+00:00,2026-09-14T02:32:17.763+00:00,2026-09-14T02:32:23.913+00:00,False,88,87.0,,87.0,293884.985754,300035.113626,300035.11359200004,3409.4899271818185,0.03041,293884.985754,31320.715194569966,88.84339385,70.69112496551723,19.7403511158623,0.28996606080062787,29,64,,False,False,Request timeout: 300.0s exceeded,543,21.16838264042747
417,2026-09-14T02:27:27.298+00:00,2026-09-14T02:32:21.085+00:00,2026-09-14T02:32:27.315+00:00,False,90,89.0,,89.0,293787.15230400005,300017.26840000006,300017.26851300005,3333.5252057000007,0.04574,293787.15230400005,30960.51300293418,93.73120150000003,70.0013044494382,20.690514825409405,0.29664959112066897,29,64,,False,False,Request timeout: 300.0s exceeded,292,21.16838264042747
418,2026-09-14T02:27:30.907+00:00,2026-09-14T02:32:24.796+00:00,2026-09-14T02:32:30.936+00:00,False,87,86.0,,86.0,293889.535991,300029.253111,300029.253041,3448.6121039195405,0.03406,293889.535991,31500.617788253796,89.016435,71.39205953488373,20.009146048883462,0.2866387164193723,29,64,,False,False,Request timeout: 300.0s exceeded,418,21.16838264042747
419,2026-09-14T02:27:34.253+00:00,2026-09-14T02:32:28.086+00:00,2026-09-14T02:32:34.308+00:00,False,91,90.0,,90.0,293832.507385,300055.020025,300055.020042,3297.3079125494505,0.038380000000000004,293832.507385,30794.775400075418,90.7273635,69.13902933333333,20.785644883560124,0.2999449900638269,29,64,,False,False,Request timeout: 300.0s exceeded,453,21.16838264042747
420,2026-09-14T02:27:38.231+00:00,2026-09-14T02:32:32.197+00:00,2026-09-14T02:32:38.261+00:00,False,87,86.0,,86.0,293966.475607,300030.904663,300030.904671,3448.631088172414,0.01883,293966.475607,31508.96046033646,89.112071,70.51661693023256,20.047140319759446,0.2866371385860957,29,64,,False,False,Request timeout: 300.0s exceeded,316,21.16838264042747
421,2026-09-14T02:27:41.830+00:00,2026-09-14T02:32:35.621+00:00,2026-09-14T02:32:42.443+00:00,False,102,101.0,,101.0,293790.803144,300612.84628,300612.84618,2947.1847664705883,0.022629999999999997,293790.803144,29082.943139901567,89.303542,67.54498154455446,20.135462307471943,0.33598031903774833,29,64,,False,False,Request timeout: 300.0s exceeded,429,21.16838264042747
422,2026-09-14T02:27:45.701+00:00,2026-09-14T02:32:39.430+00:00,2026-09-14T02:32:45.748+00:00,False,98,97.0,,97.0,293729.278482,300046.79605,300046.796192,3061.7020019591837,0.02076,293729.278482,29664.566090407832,91.10840669999999,65.12904709278351,20.934992810337175,0.32328290545664035,29,64,,False,False,Request timeout: 300.0s exceeded,231,21.16838264042747
423,2026-09-14T02:27:49.142+00:00,2026-09-14T02:32:42.605+00:00,2026-09-14T02:32:49.168+00:00,False,97,96.0,,96.0,293463.771459,300026.629443,300026.629311,3093.0580341340205,0.03403,293463.771459,29789.797187015563,89.6666292,68.363104,20.40087039329705,0.3199715977819175,29,64,,False,False,Request timeout: 300.0s exceeded,403,21.16838264042747
424,2026-09-14T02:27:52.101+00:00,2026-09-14T02:32:45.580+00:00,2026-09-14T02:32:52.166+00:00,False,94,93.0,,93.0,293478.93339200004,300064.87617600005,300064.876125,3192.1795332446814,0.03617,293478.93339200004,30262.742641976834,87.64546465,70.81658907526882,19.306798799283435,0.3099329757790505,29,64,,False,False,Request timeout: 300.0s exceeded,462,21.16838264042747
425,2026-09-14T02:27:55.531+00:00,2026-09-14T02:32:48.954+00:00,2026-09-14T02:32:55.551+00:00,False,97,96.0,,96.0,293422.966557,300019.024669,300019.024559,3092.9796346288663,0.0355,293422.966557,29785.61799658959,86.532991,68.70893866666667,18.92027645271964,0.3199797083065425,29,64,,False,False,Request timeout: 300.0s exceeded,428,21.16838264042747
426,2026-09-14T02:27:58.112+00:00,2026-09-14T02:32:51.444+00:00,2026-09-14T02:32:58.194+00:00,False,99,98.0,,98.0,293331.668665,300081.605049,300081.605032,3031.1273235555554,0.04309,293331.668665,29474.02585268115,86.977114,68.87690187755102,19.369533082280817,0.32657783200005774,29,64,,False,False,Request timeout: 300.0s exceeded,479,21.16838264042747
427,2026-09-14T02:28:02.125+00:00,2026-09-14T02:32:55.805+00:00,2026-09-14T02:33:02.200+00:00,False,95,94.0,,94.0,293679.867807,300074.671263,300074.671224,3158.6807497263158,0.04523,293679.867807,30123.945376779095,87.70282900000001,68.029824,19.75410797387944,0.31325536275473864,29,64,,False,False,Request timeout: 300.0s exceeded,295,21.16838264042747
428,2026-09-14T02:28:04.756+00:00,2026-09-14T02:32:58.402+00:00,2026-09-14T02:33:04.851+00:00,False,97,96.0,,96.0,293645.45878399996,300095.16656,300095.16662499995,3093.764604381443,0.04158,293645.45878399996,29808.364287193705,87.9896968,67.184456,20.220289270266953,0.31989852119396295,29,64,,False,False,Request timeout: 300.0s exceeded,213,21.16838264042747
429,2026-09-14T02:28:08.870+00:00,2026-09-14T02:33:02.668+00:00,2026-09-14T02:33:08.893+00:00,False,93,92.0,,92.0,293797.695181,300023.286221,300023.286355,3226.0568425268816,0.02088,293797.695181,30458.39212711518,89.478905,67.66946782608696,21.24915958553904,0.3066428648216056,29,64,,False,False,Request timeout: 300.0s exceeded,427,21.16838264042747
430,2026-09-14T02:28:14.620+00:00,2026-09-14T02:33:07.209+00:00,2026-09-14T02:33:14.754+00:00,False,126,125.0,,125.0,292589.273492,300134.341268,300134.341431,2382.0185827857144,0.0,292589.273492,26060.616866376193,90.7769735,60.360542208,60.649948274176666,0.41648016508841723,29,64,,False,False,Request timeout: 300.0s exceeded,594,21.16838264042747
431,2026-09-14T02:28:15.808+00:00,2026-09-14T02:33:09.313+00:00,2026-09-14T02:33:15.856+00:00,False,114,113.0,,113.0,293505.78181,300048.571698,300048.571674,2632.0050146842104,0.0,293505.78181,27483.985571020883,91.3541323,57.90079546902655,63.79799714127435,0.3766056920735318,29,64,,False,False,Request timeout: 300.0s exceeded,569,21.16838264042747
432,2026-09-14T02:28:18.611+00:00,2026-09-14T02:33:12.342+00:00,2026-09-14T02:33:18.653+00:00,False,104,103.0,,103.0,293731.122537,300041.557097,300041.557062,2885.01497175,0.04961,293731.122537,28796.706902324735,91.26699250000001,61.26635495145631,21.97305946598953,0.3432857801317878,29,64,,False,False,Request timeout: 300.0s exceeded,482,21.16838264042747
433,2026-09-14T02:28:22.459+00:00,2026-09-14T02:33:16.035+00:00,2026-09-14T02:33:22.525+00:00,False,97,96.0,,96.0,293576.324667,300065.718587,300065.71865399997,3093.461017051546,0.03232,293576.324667,29801.30288920609,89.110726,67.59785333333333,20.340004724820222,0.3199299155267085,29,64,,False,False,Request timeout: 300.0s exceeded,438,21.16838264042747
434,2026-09-14T02:28:25.983+00:00,2026-09-14T02:33:19.300+00:00,2026-09-14T02:33:26.022+00:00,False,98,97.0,,97.0,293317.741526,300039.778262,300039.778142,3061.630389204082,0.01952,293317.741526,29622.57259300796,89.317863,69.29934779381443,19.85828635250857,0.32329046689035307,29,64,,False,False,Request timeout: 300.0s exceeded,322,21.16838264042747
435,2026-09-14T02:28:28.321+00:00,2026-09-14T02:33:21.976+00:00,2026-09-14T02:33:28.373+00:00,False,92,91.0,,91.0,293655.086886,300051.646246,300051.646199,3261.4309369456523,0.02135,293655.086886,30608.336968172713,88.4649076,70.2918610989011,19.6100039941792,0.30328112222851406,29,64,,False,False,Request timeout: 300.0s exceeded,314,21.16838264042747
436,2026-09-14T02:28:31.765+00:00,2026-09-14T02:33:25.681+00:00,2026-09-14T02:33:31.840+00:00,False,94,93.0,,93.0,293915.543291,300074.164475,300074.164536,3192.2783461276595,0.04462,293915.543291,30308.24994946927,88.4251505,66.22173316129033,20.11652258511615,0.3099233823168675,29,64,,False,False,Request timeout: 300.0s exceeded,456,21.16838264042747
437,2026-09-14T02:28:34.277+00:00,2026-09-14T02:33:27.708+00:00,2026-09-14T02:33:34.295+00:00,False,103,102.0,,102.0,293431.07017400005,300018.7959980001,300018.79597400007,2912.8038444077674,0.016239999999999997,293431.07017400005,28906.26570661808,88.4938881,64.58554729411765,20.292742517509105,0.339978699203499,29,64,,False,False,Request timeout: 300.0s exceeded,397,21.16838264042747
438,2026-09-14T02:28:37.084+00:00,2026-09-14T02:33:30.530+00:00,2026-09-14T02:33:37.140+00:00,False,101,100.0,,100.0,293445.967616,300056.51379199995,300056.513697,2970.8565712574255,0.02831,293445.967616,29192.39376361586,86.599568,66.10546176,19.417571503081774,0.3332705520578043,29,64,,False,False,Request timeout: 300.0s exceeded,411,21.16838264042747
439,2026-09-14T02:28:39.939+00:00,2026-09-14T02:33:33.703+00:00,2026-09-14T02:33:40.034+00:00,False,99,98.0,,98.0,293764.154017,300094.892193,300094.892078,3031.261536141414,0.02142,293764.154017,29517.922663322603,88.48051600000001,64.59936914285714,20.12219186956071,0.3265633722848347,29,64,,False,False,Request timeout: 300.0s exceeded,377,21.16838264042747
440,2026-09-14T02:28:43.967+00:00,2026-09-14T02:33:37.700+00:00,2026-09-14T02:33:44.045+00:00,False,99,98.0,,98.0,293733.59005400003,300078.384678,300078.38461600005,3031.0947941010104,0.02917,293733.59005400003,29514.837620141447,91.9178988,64.74280228571429,21.78111008870546,0.32658133675692497,29,64,,False,False,Request timeout: 300.0s exceeded,341,21.16838264042747
441,2026-09-14T02:28:47.881+00:00,2026-09-14T02:33:41.813+00:00,2026-09-14T02:33:47.900+00:00,False,92,91.0,,91.0,293932.911397,300019.40765300003,300019.407763,3261.080519163044,0.08719,293932.911397,30637.657300026287,87.78568709999999,66.88457424175824,19.44533401960276,0.30331371130913587,29,64,,False,False,Request timeout: 300.0s exceeded,390,21.16838264042747
442,2026-09-14T02:28:50.273+00:00,2026-09-14T02:33:44.044+00:00,2026-09-14T02:33:50.362+00:00,False,98,97.0,,97.0,293771.54986,300089.348004,300089.348147,3062.136205581633,0.040189,293771.54986,29668.834780046716,86.02196620000001,65.13193962886598,19.340476430637658,0.3232370647114973,29,64,,False,False,Request timeout: 300.0s exceeded,462,21.16838264042747
443,2026-09-14T02:28:53.483+00:00,2026-09-14T02:33:46.863+00:00,2026-09-14T02:33:53.529+00:00,False,105,104.0,,104.0,293380.12505900004,300046.34637100005,300046.34633200004,2857.584250780953,0.03608,293380.12505900004,28624.71974782812,86.46788919999999,64.09828184615385,19.465565042941762,0.346613119132624,29,64,,False,False,Request timeout: 300.0s exceeded,480,21.16838264042747
444,2026-09-14T02:28:56.728+00:00,2026-09-14T02:33:50.700+00:00,2026-09-14T02:33:56.780+00:00,False,92,91.0,,91.0,293971.585762,300051.540194,300051.540123,3261.429783945652,0.04263,293971.585762,30641.696839324355,87.2051455,66.81268606593407,19.387500681434616,0.3032812294219968,29,64,,False,False,Request timeout: 300.0s exceeded,383,21.16838264042747
445,2026-09-14T02:28:59.290+00:00,2026-09-14T02:33:52.858+00:00,2026-09-14T02:33:59.360+00:00,False,97,96.0,,96.0,293567.95171600004,300070.692708,300070.692555,3093.5122943814436,0.02477,293567.95171600004,29800.438160196514,88.11958999999999,67.73688533333333,19.63408064460365,0.31992461220935686,29,64,,False,False,Request timeout: 300.0s exceeded,438,21.16838264042747
446,2026-09-14T02:29:03.201+00:00,2026-09-14T02:33:56.777+00:00,2026-09-14T02:34:03.254+00:00,False,97,96.0,,96.0,293575.518124,300053.28606,300053.286024,3093.332845608247,0.03668,293575.518124,29801.232703633166,88.9324808,67.47674933333333,19.44697773442968,0.31994317162986646,29,64,,False,False,Request timeout: 300.0s exceeded,128,21.16838264042747
447,2026-09-14T02:29:07.133+00:00,2026-09-14T02:34:00.694+00:00,2026-09-14T02:34:07.141+00:00,False,102,101.0,,101.0,293561.223127,300008.248279,300008.24844299996,2941.2573376764703,0.0,293561.223127,29060.64524645113,88.58395904999999,63.8319321980198,65.5384126269572,0.33665741051916875,29,64,,False,False,Request timeout: 300.0s exceeded,449,21.16838264042747
448,2026-09-14T02:29:09.750+00:00,2026-09-14T02:34:03.418+00:00,2026-09-14T02:34:09.798+00:00,False,98,97.0,,97.0,293668.604923,300048.19634699996,300048.196261,3061.716288377551,0.0,293668.604923,29658.440838028426,91.43987475,65.76898375257731,67.33842598567263,0.32328139672541595,29,64,,False,False,Request timeout: 300.0s exceeded,453,21.16838264042747
449,2026-09-14T02:29:12.090+00:00,2026-09-14T02:34:05.881+00:00,2026-09-14T02:34:12.100+00:00,False,99,98.0,,98.0,293791.690305,300009.801537,300009.801514,3030.4020354949494,0.0,293791.690305,29520.812454777268,90.36038789999999,63.450114612244896,28.455795856459353,0.3266559942306209,29,64,,False,False,Request timeout: 300.0s exceeded,365,21.16838264042747
450,2026-09-14T02:29:15.828+00:00,2026-09-14T02:34:09.358+00:00,2026-09-14T02:34:15.873+00:00,False,91,90.0,,90.0,293529.76656099997,300045.075105,300045.075273,3297.198629373626,0.041159999999999995,293529.76656099997,30762.698363665495,91.2646515,72.39231715555556,20.56793009396473,0.29995493166653286,29,64,,False,False,Request timeout: 300.0s exceeded,489,21.16838264042747
451,2026-09-14T02:29:19.057+00:00,2026-09-14T02:34:13.039+00:00,2026-09-14T02:34:19.078+00:00,False,89,88.0,,88.0,293981.40405,300020.419218,300020.419207,3371.0159461460676,0.03848,293981.40405,31154.69874683925,89.34073280000001,68.62517236363637,20.23261330931503,0.2933133692345709,29,64,,False,False,Request timeout: 300.0s exceeded,285,21.16838264042747
452,2026-09-14T02:29:21.967+00:00,2026-09-14T02:34:15.527+00:00,2026-09-14T02:34:22.007+00:00,False,96,95.0,,95.0,293560.683761,300039.908081,300039.908009,3125.4157084270832,0.019100000000000002,293560.683761,29954.457595673783,89.12408875,68.20236126315788,20.060755722657678,0.3166245470730961,29,64,,False,False,Request timeout: 300.0s exceeded,374,21.16838264042747
453,2026-09-14T02:29:24.506+00:00,2026-09-14T02:34:18.151+00:00,2026-09-14T02:34:24.546+00:00,False,94,93.0,,93.0,293644.502315,300039.447595,300039.447821,3191.9090193723405,0.027350000000000003,293644.502315,30280.03200874506,89.99954980000001,68.76285247311827,19.951321167600565,0.30995924284440596,29,64,,False,False,Request timeout: 300.0s exceeded,435,21.16838264042747
454,2026-09-14T02:29:28.038+00:00,2026-09-14T02:34:21.751+00:00,2026-09-14T02:34:28.095+00:00,False,91,90.0,,90.0,293712.89800499997,300056.800725,300056.80075799994,3297.3274808571423,0.108989,293712.89800499997,30782.094830914037,89.71186549999999,70.487808,19.69107933708061,0.2999432100273721,29,64,,False,False,Request timeout: 300.0s exceeded,438,21.16838264042747
455,2026-09-14T02:29:30.659+00:00,2026-09-14T02:34:24.243+00:00,2026-09-14T02:34:30.700+00:00,False,95,94.0,,94.0,293583.898989,300041.086061,300041.08590400004,3158.327220042105,0.039420000000000004,293583.898989,30114.031222038993,88.2385953,68.6934794893617,19.946736772385115,0.31329042710133803,29,64,,False,False,Request timeout: 300.0s exceeded,396,21.16838264042747
456,2026-09-14T02:29:34.570+00:00,2026-09-14T02:34:28.360+00:00,2026-09-14T02:34:34.618+00:00,False,96,95.0,,95.0,293790.083607,300047.732503,300047.732684,3125.4972154583334,0.036719999999999996,293790.083607,29978.10831579256,87.37258324999999,65.86998837894737,19.532927963027827,0.316616290373233,29,64,,False,False,Request timeout: 300.0s exceeded,461,21.16838264042747
457,2026-09-14T02:29:38.765+00:00,2026-09-14T02:34:32.597+00:00,2026-09-14T02:34:38.787+00:00,False,91,90.0,,90.0,293832.406542,300022.19419,300022.194221,3296.947189241758,0.022409,293832.406542,30794.80261456778,88.77714250000001,68.77541831111111,20.28360607129516,0.2999778074518188,29,64,,False,False,Request timeout: 300.0s exceeded,430,21.16838264042747
458,2026-09-14T02:29:41.560+00:00,2026-09-14T02:34:35.326+00:00,2026-09-14T02:34:41.575+00:00,False,89,88.0,,88.0,293765.941804,300015.139628,300015.139619,3370.9566249325844,0.03729,293765.941804,31131.605977154508,89.45959340000002,71.01361163636363,19.197525545159472,0.29331853088852283,29,64,,False,False,Request timeout: 300.0s exceeded,155,21.16838264042747
459,2026-09-14T02:29:44.145+00:00,2026-09-14T02:34:38.240+00:00,2026-09-14T02:34:44.210+00:00,False,87,86.0,,86.0,294094.095055,300064.991183,300064.991186,3449.0228871954023,0.022420000000000002,294094.095055,31522.758807412163,87.42944,69.42902474418604,19.2463768155276,0.2866045774315317,29,64,,False,False,Request timeout: 300.0s exceeded,425,21.16838264042747
460,2026-09-14T02:29:48.357+00:00,2026-09-14T02:34:42.435+00:00,2026-09-14T02:34:48.367+00:00,False,92,91.0,,91.0,294078.487992,300010.548664,300010.548735,3260.984225380435,0.020550000000000002,294078.487992,30653.01156046878,87.2136319,65.18747991208791,19.31729102751684,0.30332266783697803,29,64,,False,False,Request timeout: 300.0s exceeded,417,21.16838264042747
461,2026-09-14T02:29:50.885+00:00,2026-09-14T02:34:44.869+00:00,2026-09-14T02:34:50.951+00:00,False,94,93.0,,93.0,293983.518375,300065.10736699996,300065.107402,3192.1819936382976,0.02341,293983.518375,30315.34624970715,86.623778,65.39343002150538,19.769563078942525,0.3099327369851594,29,64,,False,False,Request timeout: 300.0s exceeded,467,21.16838264042747
462,2026-09-14T02:29:54.107+00:00,2026-09-14T02:34:48.495+00:00,2026-09-14T02:34:54.148+00:00,False,85,84.0,,84.0,294388.17712400004,300041.04598800006,300041.04598600004,3529.894658658824,0.036109999999999996,294388.17712400004,31923.587787527005,87.5940272,67.29605790476191,19.771782265915032,0.2799616956519993,29,64,,True,False,Request timeout: 300.0s exceeded,362,21.16838264042747
463,2026-09-14T02:29:57.954+00:00,2026-09-14T02:34:51.588+00:00,2026-09-14T02:34:57.983+00:00,False,94,93.0,,93.0,293634.38943800004,300029.26483000006,300029.264795,3191.800689308511,0.039799999999999995,293634.38943800004,30278.989011769976,88.9240968,68.7621009892473,19.933817493698438,0.3099697626253054,29,64,,True,False,Request timeout: 300.0s exceeded,391,21.16838264042747
464,2026-09-14T02:30:01.849+00:00,2026-09-14T02:34:55.247+00:00,2026-09-14T02:35:01.932+00:00,False,104,103.0,,103.0,293398.43536,300082.951712,300082.951746,2885.4129975576925,0.08411,293398.43536,28763.726694001518,87.76775365000002,64.89821700970874,20.004210995285696,0.3432384259498109,29,64,,True,False,Request timeout: 300.0s exceeded,229,21.16838264042747
465,2026-09-14T02:30:05.065+00:00,2026-09-14T02:34:58.905+00:00,2026-09-14T02:35:05.075+00:00,False,94,93.0,,93.0,293839.925352,300009.790568,300009.790734,3191.5935184468085,0.03434,293839.925352,30300.437949512372,88.480867,66.3426367311828,19.907735871523776,0.3099898834098906,29,64,,True,False,Request timeout: 300.0s exceeded,392,21.16838264042747
466,2026-09-14T02:30:08.633+00:00,2026-09-14T02:35:02.488+00:00,2026-09-14T02:35:08.675+00:00,False,93,92.0,,92.0,293854.944084,300041.418324,300041.418251,3226.2518091505376,0.022,293854.944084,30464.372065876865,88.1554976,67.2442852173913,20.384944361916766,0.3066243337799907,29,64,,True,False,Request timeout: 300.0s exceeded,378,21.16838264042747
467,2026-09-14T02:30:11.668+00:00,2026-09-14T02:35:05.322+00:00,2026-09-14T02:35:11.718+00:00,False,96,95.0,,95.0,293653.42463200004,300050.24972,300050.24991500005,3125.5234366145837,0.02144,293653.42463200004,29964.01152642628,89.0382475,67.33500092631579,20.18576711840327,0.31661363417844784,29,64,,True,False,Request timeout: 300.0s exceeded,361,21.16838264042747
468,2026-09-14T02:30:15.193+00:00,2026-09-14T02:35:08.631+00:00,2026-09-14T02:35:15.258+00:00,False,100,99.0,,99.0,293437.46207099996,300065.01637499995,300065.01650699996,3000.6501650699997,0.020919,293437.46207099996,29337.059040350778,90.37188995000001,66.94499296969697,20.84774275515348,0.32992849748361475,29,64,,True,False,Request timeout: 300.0s exceeded,531,21.16838264042747
469,2026-09-14T02:30:19.322+00:00,2026-09-14T02:35:12.757+00:00,2026-09-14T02:35:19.361+00:00,False,97,96.0,,96.0,293435.35416000005,300039.46244800003,300039.46242500003,3093.190334278351,0.0367,293435.35416000005,29786.868230423992,89.3344656,68.79279466666667,20.416887077452124,0.31995791225841763,29,64,,True,False,Request timeout: 300.0s exceeded,449,21.16838264042747
470,2026-09-14T02:30:21.663+00:00,2026-09-14T02:35:15.344+00:00,2026-09-14T02:35:21.742+00:00,False,92,91.0,,91.0,293681.613163,300079.567979,300079.567924,3261.7344339565216,0.02196,293681.613163,30611.101041625192,89.07377699999999,70.30719578021977,19.79408848123687,0.303252902598048,29,64,,True,False,Request timeout: 300.0s exceeded,224,21.16838264042747
471,2026-09-14T02:30:24.266+00:00,2026-09-14T02:35:17.653+00:00,2026-09-14T02:35:24.326+00:00,False,97,96.0,,96.0,293386.575908,300059.543588,300059.543469,3093.397355350515,0.02323,293386.575908,29781.84197193661,89.05497199999999,69.51008,19.28071723109624,0.31993649944297003,29,64,,True,False,Request timeout: 300.0s exceeded,413,21.16838264042747
472,2026-09-14T02:30:26.623+00:00,2026-09-14T02:35:20.561+00:00,2026-09-14T02:35:26.680+00:00,False,87,86.0,,86.0,293938.308417,300057.101889,300057.101808,3448.932204689655,0.03363,293938.308417,31505.87380037643,91.1459386,71.14876130232558,21.507760755043034,0.28661211302312034,29,64,,True,False,Request timeout: 300.0s exceeded,390,21.16838264042747
473,2026-09-14T02:30:29.514+00:00,2026-09-14T02:35:23.181+00:00,2026-09-14T02:35:29.565+00:00,False,95,94.0,,94.0,293666.786503,300051.160775,300051.16083300003,3158.4332719263157,0.04022,293666.786503,30122.615887084125,87.5249277,67.91887523404256,21.581524481209907,0.3132799078570737,29,64,,True,False,Request timeout: 300.0s exceeded,429,21.16838264042747
474,2026-09-14T02:30:31.851+00:00,2026-09-14T02:35:25.561+00:00,2026-09-14T02:35:31.908+00:00,False,91,90.0,,90.0,293709.587375,300056.315823,300056.315834,3297.322152021978,0.02879,293709.587375,30781.7454378424,88.56370850000002,70.51920497777778,21.134368576008765,0.299943694746589,29,64,,True,False,Request timeout: 300.0s exceeded,222,21.16838264042747
475,2026-09-14T02:30:35.619+00:00,2026-09-14T02:35:29.567+00:00,2026-09-14T02:35:35.669+00:00,False,88,87.0,,87.0,293947.878007,300050.273399,300050.27335100004,3409.662197170455,0.09259,293947.878007,31327.477432994725,88.42280199999999,70.14247577011494,18.78079068407801,0.2899514105234938,29,64,,True,False,Request timeout: 300.0s exceeded,342,21.16838264042747
476,2026-09-14T02:30:39.867+00:00,2026-09-14T02:35:33.459+00:00,2026-09-14T02:35:39.900+00:00,False,94,93.0,,93.0,293591.252764,300033.00149999995,300033.001483,3191.8404413085104,0.02282,293591.252764,30274.487385834174,87.87367035,69.26611544086022,19.256734491420957,0.30996590220092846,29,64,,True,False,Request timeout: 300.0s exceeded,448,21.16838264042747
477,2026-09-14T02:30:42.194+00:00,2026-09-14T02:35:35.670+00:00,2026-09-14T02:35:42.279+00:00,False,99,98.0,,98.0,293476.222759,300084.52355900005,300084.52346600004,3031.156802686869,0.038990000000000004,293476.222759,29488.700172967063,89.009292,67.43164081632654,20.6153987424016,0.32657465582603457,29,64,,True,False,Request timeout: 300.0s exceeded,367,21.16838264042747
478,2026-09-14T02:30:44.618+00:00,2026-09-14T02:35:38.258+00:00,2026-09-14T02:35:44.698+00:00,False,95,94.0,,94.0,293640.253366,300080.331702,300080.331507,3158.740331652632,0.02352,293640.253366,30119.832028264445,88.9427807,68.51147165957447,20.394602165626395,0.31324945379408714,29,64,,True,False,Request timeout: 300.0s exceeded,482,21.16838264042747
479,2026-09-14T02:30:47.318+00:00,2026-09-14T02:35:41.135+00:00,2026-09-14T02:35:47.355+00:00,False,90,89.0,,89.0,293816.801545,300037.278217,300037.27807,3333.7475341111112,0.0229,293816.801545,30963.649700150712,89.81130950000001,69.89299631460675,20.6549015668615,0.2966298072322578,29,64,,True,False,Request timeout: 300.0s exceeded,415,21.16838264042747
480,2026-09-14T02:30:50.791+00:00,2026-09-14T02:35:44.698+00:00,2026-09-14T02:35:50.859+00:00,False,91,90.0,,90.0,293907.025029,300067.863685,300067.863761,3297.4490523186814,0.019359,293907.025029,30802.658442920874,88.98091749999999,68.45376284444444,20.23529045142102,0.29993215166312726,29,64,,True,False,Request timeout: 300.0s exceeded,312,21.16838264042747
481,2026-09-14T02:30:53.493+00:00,2026-09-14T02:35:46.922+00:00,2026-09-14T02:35:53.519+00:00,False,98,97.0,,97.0,293429.14362,300026.16966799996,300026.16953199997,3061.4915258367346,0.02619,293429.14362,29633.956110112875,88.6145374,68.01057781443299,19.89341552732419,0.32330513070688904,29,64,,True,False,Request timeout: 300.0s exceeded,415,21.16838264042747
482,2026-09-14T02:30:55.897+00:00,2026-09-14T02:35:49.628+00:00,2026-09-14T02:35:55.958+00:00,False,91,90.0,,90.0,293730.434047,300060.445183,300060.44520200003,3297.367529692308,0.028730000000000002,293730.434047,30783.94854096871,86.274353,70.33345706666667,18.473021519229885,0.2999395669932805,29,64,,True,False,Request timeout: 300.0s exceeded,289,21.16838264042747
483,2026-09-14T02:31:00.049+00:00,2026-09-14T02:35:54.083+00:00,2026-09-14T02:36:00.134+00:00,False,89,88.0,,88.0,294034.73993,300085.288922,300085.288926,3371.7448193932582,0.02503,294034.73993,31160.338408932294,88.30354739999999,68.75623854545455,20.1769243008508,0.2932499634224772,29,64,,True,False,Request timeout: 300.0s exceeded,400,21.16838264042747
484,2026-09-14T02:31:03.993+00:00,2026-09-14T02:35:57.699+00:00,2026-09-14T02:36:04.050+00:00,False,95,94.0,,94.0,293705.46594,300056.333652,300056.333682,3158.487722968421,0.01902,293705.46594,30126.620479509096,90.719442,67.56242246808512,21.003241660470238,0.31327450700980547,29,64,,True,False,Request timeout: 300.0s exceeded,482,21.16838264042747
485,2026-09-14T02:31:07.158+00:00,2026-09-14T02:36:01.252+00:00,2026-09-14T02:36:07.190+00:00,False,86,85.0,,85.0,294094.014935,300032.03170299996,300032.031808,3488.7445559069765,0.038950000000000005,294094.014935,31705.44684332519,89.72513050000002,69.8590208,20.76896192015252,0.2833030843991385,29,64,,True,False,Request timeout: 300.0s exceeded,142,21.16838264042747
486,2026-09-14T02:31:11.326+00:00,2026-09-14T02:36:05.127+00:00,2026-09-14T02:36:11.402+00:00,False,91,90.0,,90.0,293800.65388999996,300076.01286599995,300076.01287,3297.5386029670326,0.03189,293800.65388999996,30791.373995289727,89.077097,69.72621084444444,19.711295544315046,0.299924006388974,29,64,,True,False,Request timeout: 300.0s exceeded,415,21.16838264042747
487,2026-09-14T02:31:14.863+00:00,2026-09-14T02:36:08.413+00:00,2026-09-14T02:36:14.940+00:00,False,97,96.0,,96.0,293549.364745,300076.603657,300076.60366300005,3093.5732336391757,0.02249,293549.364745,29798.524671657997,86.9382386,67.992072,19.07788282278195,0.31991831029163464,29,64,,True,False,Request timeout: 300.0s exceeded,307,21.16838264042747
488,2026-09-14T02:31:18.588+00:00,2026-09-14T02:36:12.198+00:00,2026-09-14T02:36:18.636+00:00,False,93,92.0,,92.0,293609.906791,300047.607399,300047.607288,3226.3183579354836,0.03435,293609.906791,30438.678533396756,87.16470020000001,69.97500660869565,18.49821922277361,0.3066180090470091,29,64,,True,False,Request timeout: 300.0s exceeded,238,21.16838264042747
489,2026-09-14T02:31:22.093+00:00,2026-09-14T02:36:16.027+00:00,2026-09-14T02:36:22.172+00:00,False,89,88.0,,88.0,293933.651562,300078.23370599997,300078.233607,3371.6655461460673,0.039200000000000006,293933.651562,31149.509245765985,88.886091,69.82479709090909,19.294091941763416,0.2932568580972705,29,64,,True,False,Request timeout: 300.0s exceeded,378,21.16838264042747
490,2026-09-14T02:31:26.016+00:00,2026-09-14T02:36:19.834+00:00,2026-09-14T02:36:26.024+00:00,False,94,93.0,,93.0,293818.83380900003,300008.16705700004,300008.167169,3191.5762464787235,0.03566,293818.83380900003,30298.241388592032,89.29899615000001,66.55197040860214,20.597670626495162,0.3099915609375076,29,64,,True,False,Request timeout: 300.0s exceeded,207,21.16838264042747
491,2026-09-14T02:31:29.317+00:00,2026-09-14T02:36:23.388+00:00,2026-09-14T02:36:29.333+00:00,False,86,85.0,,85.0,294070.67182,300015.277516,300015.277519,3488.549738593023,0.03513,294070.67182,31702.920736346816,88.26634075,69.9365376,19.827063995970448,0.2833189053029705,29,64,,True,False,Request timeout: 300.0s exceeded,411,21.16838264042747
492,2026-09-14T02:31:32.427+00:00,2026-09-14T02:36:26.276+00:00,2026-09-14T02:36:32.461+00:00,False,86,85.0,,85.0,293849.018321,300033.710033,300033.71014499996,3488.764071453488,0.0354,293849.018321,31678.713663157323,88.90503025,72.76107896470589,18.15936757148312,0.2833014996569921,29,64,,True,False,Request timeout: 300.0s exceeded,352,21.16838264042747
493,2026-09-14T02:31:34.958+00:00,2026-09-14T02:36:28.694+00:00,2026-09-14T02:36:35.016+00:00,False,90,89.0,,89.0,293735.976713,300057.965577,300057.965537,3333.9773948555553,0.022350000000000002,293735.976713,30955.009251021846,88.40621345,71.03358274157304,19.82400040004288,0.29660935622507606,29,64,,True,False,Request timeout: 300.0s exceeded,365,21.16838264042747
494,2026-09-14T02:31:38.609+00:00,2026-09-14T02:36:32.381+00:00,2026-09-14T02:36:38.619+00:00,False,91,90.0,,90.0,293771.558634,300009.457642,300009.457554,3296.8072258681323,0.041739,293771.558634,30788.36823107707,88.2281735,69.30998897777778,20.659467614398523,0.2999905426561473,29,64,,True,False,Request timeout: 300.0s exceeded,131,21.16838264042747
495,2026-09-14T02:31:41.165+00:00,2026-09-14T02:36:35.012+00:00,2026-09-14T02:36:41.215+00:00,False,91,90.0,,90.0,293847.09967799997,300049.42467,300049.42448199994,3297.2464228791205,0.039739,293847.09967799997,30796.32835227349,89.0785025,68.91472213333334,20.408528231038126,0.2999505834713188,29,64,,True,False,Request timeout: 300.0s exceeded,370,21.16838264042747
496,2026-09-14T02:31:44.651+00:00,2026-09-14T02:36:38.272+00:00,2026-09-14T02:36:44.668+00:00,False,94,93.0,,93.0,293621.78169599996,300017.80831999995,300017.80839099997,3191.678812670212,0.03624,293621.78169599996,30277.687892512815,88.91057565000001,68.774479827957,20.756210749459456,0.30998159916162676,29,64,,True,False,Request timeout: 300.0s exceeded,434,21.16838264042747
497,2026-09-14T02:31:47.203+00:00,2026-09-14T02:36:41.131+00:00,2026-09-14T02:36:47.216+00:00,False,89,88.0,,88.0,293928.031903,300013.40918300004,300013.409003,3370.937179808989,0.02197,293928.031903,31148.985898102877,91.25150939999999,69.15201454545455,20.893447377280687,0.29332022271818653,29,64,,True,False,Request timeout: 300.0s exceeded,304,21.16838264042747
498,2026-09-14T02:31:51.125+00:00,2026-09-14T02:36:44.973+00:00,2026-09-14T02:36:51.135+00:00,False,92,91.0,,91.0,293847.830396,300010.24089200003,300010.241025,3260.980880706522,0.036109999999999996,293847.830396,30628.70078260411,89.14189955,67.71879665934067,20.6233020646394,0.30332297900710287,29,64,,True,False,Request timeout: 300.0s exceeded,290,21.16838264042747
499,2026-09-14T02:31:54.715+00:00,2026-09-14T02:36:48.278+00:00,2026-09-14T02:36:54.757+00:00,False,95,94.0,,94.0,293563.72078,300042.06010799995,300042.060013,3158.3374738210523,0.03786,293563.72078,30111.937655454563,87.9393347,68.9185034893617,19.577954155427733,0.3132894100452609,29,64,,True,False,Request timeout: 300.0s exceeded,427,21.16838264042747
500,2026-09-14T02:31:58.477+00:00,2026-09-14T02:36:51.945+00:00,2026-09-14T02:36:58.509+00:00,False,92,91.0,,91.0,293468.465365,300032.509909,300032.509937,3261.222934097826,0.040420000000000005,293468.465365,30588.688236373186,89.12533364999999,72.13235762637363,19.2725139007105,0.3033004657648611,29,64,,True,False,Request timeout: 300.0s exceeded,365,21.16838264042747
501,2026-09-14T02:32:02.260+00:00,2026-09-14T02:36:55.914+00:00,2026-09-14T02:37:02.314+00:00,False,90,89.0,,89.0,293654.894567,300054.482663,300054.48247299995,3333.938694144444,0.03889,293654.894567,30946.370392995585,89.81176149999999,71.9054842247191,19.593989578243633,0.2966127991494082,29,64,,True,False,Request timeout: 300.0s exceeded,474,21.16838264042747
502,2026-09-14T02:32:05.582+00:00,2026-09-14T02:36:58.423+00:00,2026-09-14T02:37:05.727+00:00,False,112,111.0,,111.0,292841.650726,300145.62487,300145.624835,2679.8716503125,0.0215,292841.650726,27664.724775848594,89.44316549999999,65.80156886486486,20.314922483924146,0.3698204831340675,29,64,,True,False,Request timeout: 300.0s exceeded,546,21.16838264042747
503,2026-09-14T02:32:07.658+00:00,2026-09-14T02:37:01.532+00:00,2026-09-14T02:37:07.681+00:00,False,101,100.0,,100.0,293873.98076,300023.389784,300023.389765,2970.5286115346535,0.0,293873.98076,29235.44899627182,89.74503,61.494090240000006,28.629412943761015,0.3333073467105161,29,64,,True,False,Request timeout: 300.0s exceeded,432,21.16838264042747
504,2026-09-14T02:32:09.961+00:00,2026-09-14T02:37:03.620+00:00,2026-09-14T02:37:09.984+00:00,False,106,105.0,,105.0,293659.15602600004,300022.92025,300022.92014800006,2830.4049070566043,0.0,293659.15602600004,28516.825851248486,90.19150174999999,60.607278323809524,28.281433303651326,0.3499732617511578,29,64,,True,False,Request timeout: 300.0s exceeded,303,21.16838264042747
505,2026-09-14T02:32:13.795+00:00,2026-09-14T02:37:07.764+00:00,2026-09-14T02:37:13.824+00:00,False,90,89.0,,89.0,293968.944196,300028.722244,300028.722189,3333.6524687666665,0.02547,293968.944196,30979.877021959175,88.90963645,68.08739379775281,20.27944470430801,0.29663826627778744,29,64,,True,False,Request timeout: 300.0s exceeded,175,21.16838264042747
506,2026-09-14T02:32:17.995+00:00,2026-09-14T02:37:11.362+00:00,2026-09-14T02:37:18.069+00:00,False,105,104.0,,104.0,293366.88169,300073.997722,300073.997547,2857.847595685714,0.02298,293366.88169,28623.389417013586,88.12522419999999,64.4915003076923,20.141901191565847,0.3465811792741521,29,64,,True,False,Request timeout: 300.0s exceeded,502,21.16838264042747
507,2026-09-14T02:32:20.299+00:00,2026-09-14T02:37:13.819+00:00,2026-09-14T02:37:20.332+00:00,False,101,100.0,,100.0,293520.855787,300033.080043,300033.080126,2970.62455570297,0.041960000000000004,293520.855787,29199.94382355663,89.28025199999998,65.12224256,20.274050422771776,0.3332965817824763,29,64,,True,False,Request timeout: 300.0s exceeded,535,21.16838264042747
508,2026-09-14T02:32:22.861+00:00,2026-09-14T02:37:16.475+00:00,2026-09-14T02:37:22.908+00:00,False,98,97.0,,97.0,293613.26920499996,300046.31906099996,300046.318941,3061.69713205102,0.02887,293613.26920499996,29652.726773386872,89.50777615000001,66.32010160824743,20.502734856762377,0.3232834193852574,29,64,,True,False,Request timeout: 300.0s exceeded,428,21.16838264042747
509,2026-09-14T02:32:26.631+00:00,2026-09-14T02:37:20.206+00:00,2026-09-14T02:37:26.652+00:00,False,99,98.0,,98.0,293575.943586,300021.456802,300021.456696,3030.5197646060606,0.027420000000000003,293575.943586,29498.888926489934,87.801015,65.77054302040816,19.86316177630066,0.32664330426431926,29,64,,True,False,Request timeout: 300.0s exceeded,469,21.16838264042747
510,2026-09-14T02:32:30.432+00:00,2026-09-14T02:37:24.301+00:00,2026-09-14T02:37:30.504+00:00,False,90,89.0,,89.0,293869.36343,300071.79056600004,300071.79057500005,3334.131006388889,0.03757,293869.36343,30969.21116038582,89.11642844999999,69.69019253932585,20.00023668255596,0.29659569075829095,29,64,,True,False,Request timeout: 300.0s exceeded,434,21.16838264042747
511,2026-09-14T02:32:33.816+00:00,2026-09-14T02:37:27.688+00:00,2026-09-14T02:37:33.867+00:00,False,89,88.0,,88.0,293872.04567699996,300050.99454099993,300050.99445999996,3371.359488314606,0.025689,293872.04567699996,31142.937617325086,87.9388264,70.215328,19.256991680059876,0.29328348047843383,29,64,,True,False,Request timeout: 300.0s exceeded,336,21.16838264042747
512,2026-09-14T02:32:36.218+00:00,2026-09-14T02:37:30.146+00:00,2026-09-14T02:37:36.230+00:00,False,90,89.0,,89.0,293928.0408,300011.266656,300011.26651600003,3333.4585168444446,0.02566,293928.0408,30975.536802239294,87.14623845,68.35085231460674,18.915472148870496,0.2966555256141414,29,64,,True,False,Request timeout: 300.0s exceeded,441,21.16838264042747
513,2026-09-14T02:32:39.229+00:00,2026-09-14T02:37:33.033+00:00,2026-09-14T02:37:39.269+00:00,False,95,94.0,,94.0,293804.576091,300039.846747,300039.846709,3158.3141758842103,0.061149999999999996,293804.576091,30136.91415931027,87.42624400000001,66.33266655319149,19.538036551902444,0.31329172114683423,29,64,,True,False,Request timeout: 300.0s exceeded,413,21.16838264042747
514,2026-09-14T02:32:41.729+00:00,2026-09-14T02:37:35.626+00:00,2026-09-14T02:37:41.738+00:00,False,92,91.0,,91.0,293896.33516799996,300008.92729599995,300008.92727199994,3260.966600782608,0.038329999999999996,293896.33516799996,30633.81485692344,89.78596405,67.17134206593406,20.66402592637752,0.3033243071137547,29,64,,True,False,Request timeout: 300.0s exceeded,178,21.16838264042747
515,2026-09-14T02:32:44.386+00:00,2026-09-14T02:37:37.915+00:00,2026-09-14T02:37:44.399+00:00,False,95,94.0,,94.0,293529.006486,300012.486806,300012.486693,3158.0261757157896,0.02582,293529.006486,30108.370463806878,88.3936284,68.97319489361702,19.624895459039298,0.3133202921009889,29,64,,True,False,Request timeout: 300.0s exceeded,490,21.16838264042747
516,2026-09-14T02:32:48.361+00:00,2026-09-14T02:37:42.118+00:00,2026-09-14T02:37:48.383+00:00,False,91,90.0,,90.0,293756.80118400004,300021.25097600004,300021.25083200005,3296.9368223296706,0.020390000000000002,293756.80118400004,30786.78945800223,88.2891935,69.60499768888889,19.340917085498152,0.29997875052923995,29,64,,True,False,Request timeout: 300.0s exceeded,429,21.16838264042747
517,2026-09-14T02:32:51.176+00:00,2026-09-14T02:37:45.189+00:00,2026-09-14T02:37:51.193+00:00,False,90,89.0,,89.0,294012.286693,300016.982245,300016.982389,3333.5220265444445,0.036338999999999996,294012.286693,30984.510388254097,88.1298089,67.46848934831462,19.376932266210158,0.2966498740638647,29,64,,True,False,Request timeout: 300.0s exceeded,468,21.16838264042747
518,2026-09-14T02:32:53.897+00:00,2026-09-14T02:37:47.496+00:00,2026-09-14T02:37:53.913+00:00,False,97,96.0,,96.0,293599.556102,300015.876102,300015.876102,3092.9471763092783,0.02427,293599.556102,29803.73863482228,88.470289,66.83666666666666,19.836937679373552,0.31998306638733254,29,64,,True,False,Request timeout: 300.0s exceeded,507,21.16838264042747
519,2026-09-14T02:32:57.206+00:00,2026-09-14T02:37:50.589+00:00,2026-09-14T02:37:57.290+00:00,False,96,95.0,,95.0,293383.29122799996,300084.55714799993,300084.55726299994,3125.880804822916,0.02035,293383.29122799996,29936.113885947176,89.329342,70.53964126315789,19.88452209855149,0.31657743704933994,29,64,,True,False,Request timeout: 300.0s exceeded,527,21.16838264042747
520,2026-09-14T02:33:01.269+00:00,2026-09-14T02:37:54.979+00:00,2026-09-14T02:38:01.340+00:00,False,90,89.0,,89.0,293709.663216,300071.107824,300071.10802000004,3334.1234224444447,0.023010000000000003,293709.663216,30952.188789560187,90.57442895,71.47690570786516,19.75237733955465,0.29659636559278796,29,64,,True,False,Request timeout: 300.0s exceeded,460,21.16838264042747
521,2026-09-14T02:33:05.026+00:00,2026-09-14T02:37:58.620+00:00,2026-09-14T02:38:05.038+00:00,False,93,92.0,,92.0,293594.66282599996,300012.45354599995,300012.45345,3225.940359677419,0.02284,293594.66282599996,30437.121081320875,88.37776740000001,69.7585947826087,19.834528348585412,0.3066539369036357,29,64,,True,False,Request timeout: 300.0s exceeded,346,21.16838264042747
522,2026-09-14T02:33:09.087+00:00,2026-09-14T02:38:02.758+00:00,2026-09-14T02:38:09.192+00:00,False,94,93.0,,93.0,293671.020083,300105.540147,300105.53996100003,3192.612127244681,0.02384,293671.020083,30282.723399457114,89.989623,69.18838778494623,20.229423177157567,0.3098909802013186,29,64,,True,False,Request timeout: 300.0s exceeded,304,21.16838264042747
523,2026-09-14T02:33:11.609+00:00,2026-09-14T02:38:05.384+00:00,2026-09-14T02:38:12.781+00:00,False,65,64.0,,64.0,293775.37095099996,301172.03680699994,301172.03698999994,4633.415953692307,0.031170000000000003,293775.37095099996,36425.87887593085,89.62553439999999,115.572904,371.38971870357744,0.2125031283731468,29,64,,True,False,Request timeout: 300.0s exceeded,284,21.16838264042747
524,2026-09-14T02:33:15.402+00:00,2026-09-14T02:38:08.803+00:00,2026-09-14T02:38:15.439+00:00,False,109,108.0,,108.0,293400.79434799997,300036.740076,300036.74007299996,2752.6306428715593,0.01511,293400.79434799997,28098.36443785367,90.00873000000001,61.44394192592593,296.5462192087056,0.35995591730747156,29,64,,True,False,Request timeout: 300.0s exceeded,442,21.16838264042747
525,2026-09-14T02:33:18.944+00:00,2026-09-14T02:38:14.039+00:00,2026-09-14T02:38:18.990+00:00,False,76,75.0,,75.0,295095.096162,300045.19100999995,300045.19089499995,3947.963038092105,0.035,295095.096162,33842.16400281862,87.14118849999998,66.00126464,20.020759145765414,0.2499623464969995,29,64,,True,False,Request timeout: 300.0s exceeded,332,21.16838264042747
526,2026-09-14T02:33:22.868+00:00,2026-09-14T02:38:16.430+00:00,2026-09-14T02:38:22.888+00:00,False,96,95.0,,95.0,293561.35548699996,300020.035039,300020.03497499996,3125.2086976562496,0.120609,293561.35548699996,29954.547603167764,89.22877675,67.98610054736842,19.098701892688112,0.31664551998219326,29,64,,True,False,Request timeout: 300.0s exceeded,418,21.16838264042747
527,2026-09-14T02:33:25.868+00:00,2026-09-14T02:38:19.205+00:00,2026-09-14T02:38:25.902+00:00,False,100,99.0,,99.0,293336.60047,300033.323158,300033.323046,3000.33323046,0.040119999999999996,293336.60047,29326.902335276078,90.23410790000001,67.64366351515152,19.856861411242733,0.3299633485973349,29,64,,True,False,Request timeout: 300.0s exceeded,451,21.16838264042747
528,2026-09-14T02:33:28.814+00:00,2026-09-14T02:38:22.842+00:00,2026-09-14T02:38:28.871+00:00,False,91,90.0,,90.0,294027.978889,300056.777353,300056.777415,3297.3272243406595,0.02156,294027.978889,30815.491574206226,87.6551995,66.9866496,20.125699781621247,0.29994323339052603,29,64,,True,False,Request timeout: 300.0s exceeded,435,21.16838264042747
529,2026-09-14T02:33:32.603+00:00,2026-09-14T02:38:26.296+00:00,2026-09-14T02:38:32.655+00:00,False,98,97.0,,97.0,293693.116423,300051.698695,300051.698743,3061.752027989796,0.03868,293693.116423,29660.87019668981,90.63895400000001,65.55239455670103,20.631353312421542,0.3232776232291878,29,64,,True,False,Request timeout: 300.0s exceeded,410,21.16838264042747
530,2026-09-14T02:33:35.518+00:00,2026-09-14T02:38:29.345+00:00,2026-09-14T02:38:35.560+00:00,False,93,92.0,,92.0,293826.099252,300041.430068,300041.430173,3226.251937344086,0.03281,293826.099252,30461.348403703272,89.40190419999999,67.5579436521739,20.281903101235383,0.30662432177832755,29,64,,True,False,Request timeout: 300.0s exceeded,355,21.16838264042747
531,2026-09-14T02:33:39.230+00:00,2026-09-14T02:38:33.082+00:00,2026-09-14T02:38:39.268+00:00,False,88,87.0,,87.0,293852.13138599996,300038.14329,300038.14324899996,3409.5243551022722,0.04101,293852.13138599996,31317.168939190888,88.74270535,71.10358510344827,19.739854311300054,0.2899631328404492,29,64,,True,False,Request timeout: 300.0s exceeded,324,21.16838264042747
532,2026-09-14T02:33:42.502+00:00,2026-09-14T02:38:36.097+00:00,2026-09-14T02:38:42.578+00:00,False,96,95.0,,95.0,293595.096116,300076.18104399997,300076.181206,3125.793554229166,0.028728999999999998,293595.096116,29957.96773126959,88.37626900000001,68.2219466105263,19.968921181273537,0.31658627375716375,29,64,,True,False,Request timeout: 300.0s exceeded,465,21.16838264042747
533,2026-09-14T02:33:45.932+00:00,2026-09-14T02:38:39.773+00:00,2026-09-14T02:38:45.973+00:00,False,96,95.0,,95.0,293841.912054,300041.28511,300041.28513900004,3125.43005353125,0.045299,293841.912054,29983.461217702985,86.7600045,65.25655848421053,20.40727214483739,0.3166230939357944,29,64,,True,False,Request timeout: 300.0s exceeded,389,21.16838264042747
534,2026-09-14T02:33:48.898+00:00,2026-09-14T02:38:42.576+00:00,2026-09-14T02:38:48.942+00:00,False,99,98.0,,98.0,293678.29767799994,300044.31572599994,300044.31572199997,3030.750663858585,0.02156,293678.29767799994,29509.257634726197,86.0676971,64.9593678367347,20.1776810801034,0.3266184188921395,29,64,,True,False,Request timeout: 300.0s exceeded,450,21.16838264042747
535,2026-09-14T02:33:52.728+00:00,2026-09-14T02:38:46.500+00:00,2026-09-14T02:38:52.787+00:00,False,93,92.0,,92.0,293772.628208,300059.374576,300059.37458899996,3226.4448880537634,0.053649999999999996,293772.628208,30455.72285342173,88.7375326,68.33419965217391,19.71429012584504,0.30660598466553807,29,64,,True,False,Request timeout: 300.0s exceeded,363,21.16838264042747
536,2026-09-14T02:33:55.133+00:00,2026-09-14T02:38:49.064+00:00,2026-09-14T02:38:55.190+00:00,False,91,90.0,,90.0,293931.64394,300057.537572,300057.537701,3297.3355791318677,0.07084900000000001,293931.64394,30805.279821650533,90.2895745,68.0654848,20.101934440151336,0.29994247346112457,29,64,,True,False,Request timeout: 300.0s exceeded,398,21.16838264042747
537,2026-09-14T02:33:57.737+00:00,2026-09-14T02:38:51.403+00:00,2026-09-14T02:38:57.779+00:00,False,94,93.0,,93.0,293666.17214,300042.23793199996,300042.238073,3191.938702904255,0.023309999999999997,293666.17214,30282.287685555573,89.24253829999999,68.55984722580645,19.433702172378197,0.30995636028110496,29,64,,True,False,Request timeout: 300.0s exceeded,492,21.16838264042747
538,2026-09-14T02:34:01.085+00:00,2026-09-14T02:38:54.759+00:00,2026-09-14T02:39:01.162+00:00,False,96,95.0,,95.0,293673.835862,300077.577302,300077.577187,3125.8080956979165,0.03449,293673.835862,29966.087024335353,88.869977,67.40780463157895,19.755230223293342,0.31658480068436234,29,64,,True,False,Request timeout: 300.0s exceeded,458,21.16838264042747
539,2026-09-14T02:34:03.469+00:00,2026-09-14T02:38:57.387+00:00,2026-09-14T02:39:03.502+00:00,False,89,88.0,,88.0,293918.435335,300033.17632699996,300033.17637999996,3371.159285168539,0.02123,293918.435335,31147.93225103614,87.1391304,69.4856930909091,19.256568783837984,0.29330089784501234,29,64,,True,False,Request timeout: 300.0s exceeded,416,21.16838264042747
540,2026-09-14T02:34:07.200+00:00,2026-09-14T02:39:00.826+00:00,2026-09-14T02:39:07.246+00:00,False,99,98.0,,98.0,293626.16446,300046.250988,300046.25106,3030.770212727273,0.03882,293626.16446,29503.96268872061,88.435496,65.51108702040816,20.30766977302212,0.32661631224287285,29,64,,True,False,Request timeout: 300.0s exceeded,471,21.16838264042747
541,2026-09-14T02:34:10.294+00:00,2026-09-14T02:39:03.713+00:00,2026-09-14T02:39:10.325+00:00,False,104,103.0,,103.0,293418.638107,300030.860827,300030.860872,2884.9121237692307,0.04827,293418.638107,28765.777166560958,90.6206305,64.19633708737864,20.865265005554388,0.3432980184641425,29,64,,True,False,Request timeout: 300.0s exceeded,408,21.16838264042747
542,2026-09-14T02:34:12.766+00:00,2026-09-14T02:39:06.515+00:00,2026-09-14T02:39:12.806+00:00,False,96,95.0,,95.0,293748.96411799995,300039.1055579999,300039.10556399997,3125.4073496249994,0.023,293748.96411799995,29973.877189319097,89.79193275,66.21201515789474,20.32441520582463,0.31662539395764117,29,64,,True,False,Request timeout: 300.0s exceeded,455,21.16838264042747
543,2026-09-14T02:34:16.481+00:00,2026-09-14T02:39:10.280+00:00,2026-09-14T02:39:16.544+00:00,False,93,92.0,,92.0,293799.668761,300063.106329,300063.106253,3226.485013473118,0.04106,293799.668761,30458.552924205145,87.449589,68.08084313043479,19.438538964825934,0.30660217154163527,29,64,,True,False,Request timeout: 300.0s exceeded,345,21.16838264042747
544,2026-09-14T02:34:20.012+00:00,2026-09-14T02:39:13.391+00:00,2026-09-14T02:39:20.028+00:00,False,98,97.0,,97.0,293379.164797,300015.969661,300015.969701,3061.3874459285717,0.03565,293379.164797,29628.866337494575,88.61129965,68.42066870103092,20.303635214266297,0.3233161225037593,29,64,,True,False,Request timeout: 300.0s exceeded,351,21.16838264042747
545,2026-09-14T02:34:23.547+00:00,2026-09-14T02:39:17.074+00:00,2026-09-14T02:39:23.614+00:00,False,96,95.0,,95.0,293526.996245,300067.018261,300067.018343,3125.698107739583,0.0378,293526.996245,29950.95371806449,87.8204225,68.84233701052631,19.535955865595792,0.3165959409686554,29,64,,True,False,Request timeout: 300.0s exceeded,452,21.16838264042747
546,2026-09-14T02:34:26.303+00:00,2026-09-14T02:39:20.074+00:00,2026-09-14T02:39:26.338+00:00,False,93,92.0,,92.0,293770.925109,300034.776885,300034.77705,3226.180398387097,0.027100000000000003,293770.925109,30455.57215267021,88.8579126,68.08534539130434,19.866063163798568,0.306631121082549,29,64,,True,False,Request timeout: 300.0s exceeded,268,21.16838264042747
547,2026-09-14T02:34:28.992+00:00,2026-09-14T02:39:22.638+00:00,2026-09-14T02:39:29.070+00:00,False,96,95.0,,95.0,293645.333883,300077.67231500003,300077.672457,3125.8090880937502,0.02656,293645.333883,29963.147706146014,89.75635075,67.7088256,20.322413621405058,0.3165847004447429,29,64,,True,False,Request timeout: 300.0s exceeded,431,21.16838264042747
548,2026-09-14T02:34:33.130+00:00,2026-09-14T02:39:26.673+00:00,2026-09-14T02:39:33.153+00:00,False,98,97.0,,97.0,293543.818236,300022.940412,300022.94044100004,3061.4585759285715,0.03606,293543.818236,29645.662934553082,88.26690349999998,66.79507397938144,20.12886115856682,0.32330861055756893,29,64,,True,False,Request timeout: 300.0s exceeded,474,21.16838264042747
549,2026-09-14T02:34:36.043+00:00,2026-09-14T02:39:29.667+00:00,2026-09-14T02:39:36.069+00:00,False,111,110.0,,110.0,293624.636113,300026.825425,300026.825402,2702.944372990991,0.02459,293624.636113,27864.099808356903,87.8294645,58.201721018181814,19.783894226696123,0.36663388296756666,29,64,,True,False,Request timeout: 300.0s exceeded,557,21.16838264042747
550,2026-09-14T02:34:38.372+00:00,2026-09-14T02:39:31.939+00:00,2026-09-14T02:39:38.460+00:00,False,135,134.0,,134.0,293567.216954,300087.482938,300087.48306400003,2222.8702449185184,0.01968,293567.216954,25262.071534643714,91.60107249999999,48.65870137313433,28.75889490217186,0.44653645226410615,29,64,,True,False,Request timeout: 300.0s exceeded,554,21.16838264042747
0,2026-09-14T02:04:40.918+00:00,2026-09-14T02:04:41.143+00:00,2026-09-14T02:04:54.149+00:00,True,240,240.0,,240.0,225.328476,13230.87446,13230.874548,55.12864395,0.03761,225.328476,23.006793781504864,93.90196895000001,54.41651039330544,20.23148608691602,18.139390614397833,30,64,,False,True,,1159,21.16838264042747
1,2026-09-14T02:04:43.746+00:00,2026-09-14T02:04:43.910+00:00,2026-09-14T02:04:59.286+00:00,True,245,245.0,,245.0,164.720733,15540.465245,15540.465481,63.43047135102041,0.024489999999999998,164.720733,22.239069496349362,96.2682878,63.01534636065574,21.31238041736646,15.765293775797765,30,64,,False,True,,986,21.16838264042747
2,2026-09-14T02:04:47.504+00:00,2026-09-14T02:04:49.565+00:00,2026-09-14T02:05:03.868+00:00,True,219,219.0,,219.0,2060.657138,16363.979506,16363.979514999999,74.72136764840182,40.272165,2060.657138,136.56814452220888,96.554291,65.61157049541283,21.87676923511527,13.383052693246267,30,64,,False,True,,986,21.16838264042747
3,2026-09-14T02:04:51.236+00:00,2026-09-14T02:04:56.661+00:00,2026-09-14T02:05:04.454+00:00,True,118,118.0,,118.0,5425.583426,13217.600578000001,13217.600695000001,112.0135652118644,39.393796,5425.583426,493.79927752544813,95.16198404999999,66.5984371965812,21.510392815516745,8.927490228173847,30,64,,False,True,,546,21.16838264042747
4,2026-09-14T02:04:54.244+00:00,2026-09-14T02:05:02.584+00:00,2026-09-14T02:05:18.798+00:00,True,244,244.0,,244.0,8340.502154,24553.773194,24553.773127,100.63021773360656,18.001692,8340.502154,530.1470714141894,95.47523600000001,66.72128,22.42461708053249,9.937372886527445,30,64,,False,True,,1131,21.16838264042747
5,2026-09-14T02:04:58.713+00:00,2026-09-14T02:05:10.581+00:00,2026-09-14T02:05:20.421+00:00,True,146,146.0,,146.0,11868.577827,21708.817443,21708.817271,148.69052925342464,21.525655,11868.577827,976.9034048771488,95.90093300000001,67.86372148965516,23.01849872831853,6.725377850882322,30,64,,False,True,,278,21.16838264042747
6,2026-09-14T02:05:01.611+00:00,2026-09-14T02:05:14.843+00:00,2026-09-14T02:05:22.361+00:00,True,111,111.0,,111.0,13231.675465,20749.571913,20749.572073,186.93308173873874,18.682491000000002,13231.675465,1249.6257095544127,96.2936375,68.34451316363635,23.427492051357042,5.3495079544487565,30,64,,False,True,,452,21.16838264042747
7,2026-09-14T02:05:04.593+00:00,2026-09-14T02:05:19.474+00:00,2026-09-14T02:05:38.024+00:00,True,278,278.0,,278.0,14880.753422,33430.573582,33430.573521,120.25386158633094,39.023836,14880.753422,888.7416089674596,95.434655,66.9668597833935,21.9342208963592,8.315741257567995,30,64,,False,True,,1295,21.16838264042747
8,2026-09-14T02:05:09.157+00:00,2026-09-14T02:05:28.372+00:00,2026-09-14T02:05:47.359+00:00,True,286,286.0,,286.0,19215.170806000002,38201.922038000004,38201.921867000005,133.57315338111889,0.01742,19215.170806000002,1132.5728165221271,96.55140775,66.6201797614035,25.906044660450526,7.486534308810736,30,64,,False,True,,1382,21.16838264042747
9,2026-09-14T02:05:11.705+00:00,2026-09-14T02:05:33.053+00:00,2026-09-14T02:05:44.559+00:00,True,175,175.0,,175.0,21347.244174,32853.274766,32853.274729,187.73299845142856,0.01839,21347.244174,1608.9579489714133,96.96783169999999,66.12661259770115,28.821117826962254,5.326714041338376,30,64,,False,True,,785,21.16838264042747
10,2026-09-14T02:05:16.169+00:00,2026-09-14T02:05:41.062+00:00,2026-09-14T02:05:56.850+00:00,True,237,237.0,,237.0,24893.203812,40681.623908,40681.624051,171.65242215611815,39.193449,24893.203812,1612.790056315159,95.82121719999999,66.90008515254237,21.91990855494946,5.8257261444618536,30,64,,False,True,,1128,21.16838264042747
11,2026-09-14T02:05:19.481+00:00,2026-09-14T02:05:45.795+00:00,2026-09-14T02:06:03.463+00:00,True,268,268.0,,268.0,26314.284177,43982.848657,43982.848855000004,164.11510766791045,39.074006999999995,26314.284177,1603.5094933359962,95.52924535,66.17439880149813,22.04669865567867,6.093284272921849,30,64,,False,True,,1083,21.16838264042747
12,2026-09-14T02:05:22.961+00:00,2026-09-14T02:05:52.096+00:00,2026-09-14T02:06:03.325+00:00,True,169,169.0,,169.0,29134.694557,40363.933085,40363.933063,238.83984060946744,40.506165,29134.694557,2236.0961298844713,96.2491014,66.84070552380952,21.978437338863586,4.186906158131642,30,64,,False,True,,870,21.16838264042747
13,2026-09-14T02:05:25.564+00:00,2026-09-14T02:05:57.034+00:00,2026-09-14T02:06:04.840+00:00,True,119,119.0,,119.0,31470.819873,39276.026401,39276.026276,330.0506409747899,41.532683,31470.819873,2878.946237790514,94.9640179,66.14581803389831,22.149903829156887,3.02983806928519,30,64,,False,True,,590,21.16838264042747
14,2026-09-14T02:05:28.609+00:00,2026-09-14T02:06:02.091+00:00,2026-09-14T02:06:11.799+00:00,True,144,144.0,,144.0,33482.262525,43190.549501,43190.549478,299.934371375,39.007088,33482.262525,2784.6158012902088,95.0990482,67.89011871328671,21.803817719439376,3.334062698060045,30,64,,False,True,,758,21.16838264042747
15,2026-09-14T02:05:32.579+00:00,2026-09-14T02:06:08.767+00:00,2026-09-14T02:06:17.056+00:00,True,128,128.0,,128.0,36188.008074,44476.881034,44476.881166,347.475634109375,40.136464999999994,36188.008074,3192.8998420690987,93.592844,65.26671622047245,21.28988411024945,2.8778996418870157,30,64,,False,True,,414,21.16838264042747
16,2026-09-14T02:05:35.853+00:00,2026-09-14T02:06:14.228+00:00,2026-09-14T02:06:23.515+00:00,True,139,139.0,,139.0,38375.314135,47662.673111,47662.673294,342.8969301726619,2.237655,38375.314135,3249.330331785488,94.5366009,67.29970272463768,23.8581960062618,2.9163282486546143,30,64,,False,True,,614,21.16838264042747
17,2026-09-14T02:05:39.436+00:00,2026-09-14T02:06:21.037+00:00,2026-09-14T02:06:27.717+00:00,True,104,104.0,,104.0,41601.178058,48280.309962,48280.310033999995,464.23375032692303,12.000045,41601.178058,4073.040928514765,93.16188114999999,64.84594081553398,23.731882326434494,2.154087247614096,30,64,,False,True,,503,21.16838264042747
18,2026-09-14T02:05:43.587+00:00,2026-09-14T02:06:27.668+00:00,2026-09-14T02:06:34.918+00:00,True,110,110.0,,110.0,44080.506274,51330.177186,51330.177289,466.63797535454546,0.01607,44080.506274,4196.7426556280925,96.71231895000001,66.5107423119266,38.2641493730624,2.1429889010786787,30,64,,False,True,,554,21.16838264042747
19,2026-09-14T02:05:46.791+00:00,2026-09-14T02:06:33.992+00:00,2026-09-14T02:06:50.398+00:00,True,245,245.0,,245.0,47200.95905,63606.476106,63606.476131999996,259.6182699265306,7.564934,47200.95905,3011.350247661889,94.8319138,67.23572563934427,22.953501380511046,3.8518090452253357,30,64,,False,True,,1274,21.16838264042747
20,2026-09-14T02:05:50.991+00:00,2026-09-14T02:06:41.882+00:00,2026-09-14T02:06:53.138+00:00,True,171,171.0,,171.0,50891.129353,62146.666248999994,62146.666047,363.43079559649124,9.36423,50891.129353,3886.746284351934,93.852677,66.20904056470589,22.97188759558659,2.7515554786939447,30,64,,False,True,,932,21.16838264042747
21,2026-09-14T02:05:55.271+00:00,2026-09-14T02:06:48.957+00:00,2026-09-14T02:07:02.934+00:00,True,208,208.0,,208.0,53685.656836,67662.66598800001,67662.665949,325.30127860096155,39.191707,53685.656836,3717.8113849906044,94.83202485,67.52178334299516,21.63225642230428,3.0740733750705127,30,64,,False,True,,955,21.16838264042747
22,2026-09-14T02:05:57.855+00:00,2026-09-14T02:06:53.644+00:00,2026-09-14T02:07:10.523+00:00,True,251,251.0,,251.0,55788.781766,72668.227014,72668.226915,289.5148482669323,0.0,55788.781766,3517.1825435923756,95.665993,67.517780992,24.865773876486596,3.454054272600365,30,64,,False,True,,1242,21.16838264042747
23,2026-09-14T02:06:02.004+00:00,2026-09-14T02:07:00.647+00:00,2026-09-14T02:07:17.954+00:00,True,257,257.0,,257.0,58643.412512999996,75950.208801,75950.208841,295.5261044396887,0.0,58643.412512999996,3653.9497035950817,96.283552,67.604673,25.86675743948685,3.383795832258676,30,64,,False,True,,361,21.16838264042747
24,2026-09-14T02:06:06.338+00:00,2026-09-14T02:07:08.278+00:00,2026-09-14T02:07:23.510+00:00,True,224,224.0,,224.0,61940.213999,77172.406255,77172.406146,344.5196702946429,39.255095999999995,61940.213999,4134.063428949125,96.321272,68.30579486995515,24.56758411224116,2.9025918831640296,30,64,,False,True,,1034,21.16838264042747
25,2026-09-14T02:06:10.152+00:00,2026-09-14T02:07:14.988+00:00,2026-09-14T02:07:30.448+00:00,True,234,234.0,,234.0,64835.775422,80295.87372599999,80295.873628,343.1447590940171,0.01779,64835.775422,4234.270468075464,96.52605485,66.3523532360515,36.98381174595051,2.914221978560154,30,64,,False,True,,1125,21.16838264042747
26,2026-09-14T02:06:13.903+00:00,2026-09-14T02:07:21.619+00:00,2026-09-14T02:07:30.126+00:00,True,130,130.0,,130.0,67715.467139,76222.86502699999,76222.865221,586.3297324692307,0.01662,67715.467139,5933.431527470508,94.68874845,65.9488208372093,45.91429007484422,1.705524975398797,30,64,,False,True,,576,21.16838264042747
27,2026-09-14T02:06:17.700+00:00,2026-09-14T02:07:28.996+00:00,2026-09-14T02:07:44.259+00:00,True,235,235.0,,235.0,71295.914647,86559.270039,86559.269799,368.337318293617,5.958197,71295.914647,4646.638061403534,92.92464769999998,65.2280144957265,23.743948072109337,2.7149027469168674,30,64,,False,True,,1216,21.16838264042747
28,2026-09-14T02:06:22.180+00:00,2026-09-14T02:07:37.033+00:00,2026-09-14T02:07:53.171+00:00,True,250,250.0,,250.0,74853.68897300001,90991.87982100001,90991.88002800001,363.96752011200005,0.0,74853.68897300001,4730.123345262312,93.37488345000001,64.812011437751,23.762598760583924,2.747497914009493,30,64,,False,True,,1121,21.16838264042747
29,2026-09-14T02:06:25.486+00:00,2026-09-14T02:07:41.805+00:00,2026-09-14T02:07:56.779+00:00,True,232,232.0,,232.0,76318.30115700001,91293.161957,91293.161919,393.5050082715518,0.0,76318.30115700001,5006.344041775252,92.93802555,64.82623722943723,24.18179157036136,2.5412637159974185,30,64,,False,True,,846,21.16838264042747
30,2026-09-14T02:06:30.067+00:00,2026-09-14T02:07:49.724+00:00,2026-09-14T02:08:09.024+00:00,True,294,294.0,,294.0,79657.914423,98957.606711,98957.60665999999,336.5904988435374,0.0,79657.914423,4641.965364280657,95.26131635,65.8692569556314,24.230576752727956,2.9709691833858725,30,64,,False,True,,1185,21.16838264042747
31,2026-09-14T02:06:33.788+00:00,2026-09-14T02:07:56.327+00:00,2026-09-14T02:08:14.480+00:00,True,279,279.0,,279.0,82538.451759,100692.122159,100692.12208100001,360.90366337275987,40.591313,82538.451759,4937.585959699173,95.3519249,65.3009726618705,21.71401024388597,2.7708225233294734,30,64,,False,True,,1418,21.16838264042747
32,2026-09-14T02:06:38.115+00:00,2026-09-14T02:08:04.000+00:00,2026-09-14T02:08:15.634+00:00,True,181,181.0,,181.0,85884.631091,97519.166259,97519.16640300001,538.779924878453,0.0,85884.631091,6379.008481338079,96.677166,64.63630648888889,27.396833474633677,1.856045400544999,30,64,,False,True,,830,21.16838264042747
33,2026-09-14T02:06:41.245+00:00,2026-09-14T02:08:08.832+00:00,2026-09-14T02:08:27.289+00:00,True,281,281.0,,281.0,87587.17893899999,106043.75519499999,106043.755182,377.3799116797153,0.0,87587.17893899999,5221.270383294299,97.17683500000001,65.91634377142857,44.57344845231549,2.6498495784431566,30,64,,False,True,,1554,21.16838264042747
34,2026-09-14T02:06:44.345+00:00,2026-09-14T02:08:15.122+00:00,2026-09-14T02:08:27.612+00:00,True,186,186.0,,186.0,90777.162207,103266.833887,103266.83386700001,555.1980315430108,0.01601,90777.162207,6651.332749645184,97.71136999999999,67.5117388108108,48.857828691759835,1.8011591233980406,30,64,,False,True,,619,21.16838264042747
35,2026-09-14T02:06:46.934+00:00,2026-09-14T02:08:19.434+00:00,2026-09-14T02:08:34.378+00:00,True,225,225.0,,225.0,92499.05838,107443.588044,107443.588059,477.52705804,0.01644,92499.05838,6162.328451407829,95.1602628,66.71665028571428,46.18959701353869,2.0941221723520496,30,64,,False,True,,698,21.16838264042747
36,2026-09-14T02:06:50.024+00:00,2026-09-14T02:08:25.233+00:00,2026-09-14T02:08:36.392+00:00,True,166,166.0,,166.0,95209.178927,106368.053039,106368.053209,640.771404873494,40.335885000000005,95209.178927,7384.456311065307,97.00038024999999,67.62954007272728,24.36535077629812,1.560618957076669,30,64,,False,True,,702,21.16838264042747
37,2026-09-14T02:06:53.846+00:00,2026-09-14T02:08:32.111+00:00,2026-09-14T02:08:46.348+00:00,True,213,213.0,,213.0,98264.587186,112501.976754,112501.97674900001,528.1782945962442,0.0,98264.587186,6728.423189621604,95.626502,67.15749796226415,24.985966221148786,1.8933000658801917,30,64,,False,True,,939,21.16838264042747
38,2026-09-14T02:06:58.060+00:00,2026-09-14T02:08:38.880+00:00,2026-09-14T02:08:50.048+00:00,True,172,172.0,,172.0,100819.472409,111987.90658499999,111987.90651,651.0924797093023,38.157389,100819.472409,7682.465088865326,95.6972955,65.3124805614035,22.38326280101568,1.5358801253191585,30,64,,False,True,,809,21.16838264042747
39,2026-09-14T02:07:01.217+00:00,2026-09-14T02:08:45.241+00:00,2026-09-14T02:08:51.953+00:00,True,102,102.0,,102.0,104023.68526500001,110736.57051300001,110736.570533,1085.6526522843137,35.954685,104023.68526500001,10293.323121779402,96.23255649999999,66.46421037623762,22.534129971164106,0.921104920691269,30,64,,False,True,,136,21.16838264042747
40,2026-09-14T02:07:04.573+00:00,2026-09-14T02:08:51.772+00:00,2026-09-14T02:09:01.443+00:00,True,149,149.0,,149.0,107199.13353,116869.625946,116869.625977,784.3599058859061,0.0,107199.13353,8776.791783816434,93.946162,65.34116497297298,29.588139825042308,1.2749249327523813,30,64,,False,True,,735,21.16838264042747
41,2026-09-14T02:07:07.375+00:00,2026-09-14T02:08:56.283+00:00,2026-09-14T02:09:10.181+00:00,True,215,215.0,,215.0,108907.1807,122805.987228,122805.98716599999,571.1906379813953,0.0,108907.1807,7423.031850934837,95.9080357,64.94769405607477,28.16156385912226,1.7507289738311684,30,64,,False,True,,876,21.16838264042747
42,2026-09-14T02:07:09.890+00:00,2026-09-14T02:09:01.534+00:00,2026-09-14T02:09:15.126+00:00,True,204,204.0,,204.0,111644.29068600001,125236.396926,125236.3969,613.903906372549,34.447497000000006,111644.29068600001,7812.0092346210395,96.97823999999999,66.95618837438424,22.855128741755188,1.6289194276368397,30,64,,False,True,,1030,21.16838264042747
43,2026-09-14T02:07:13.858+00:00,2026-09-14T02:09:07.724+00:00,2026-09-14T02:09:27.029+00:00,True,289,289.0,,289.0,113866.151499,133171.627595,133171.627446,460.80147905190313,0.0,113866.151499,6694.24554138737,97.9219314,67.03290311111111,49.1408336732313,2.170131920884105,30,64,,False,True,,1222,21.16838264042747
44,2026-09-14T02:07:18.099+00:00,2026-09-14T02:09:15.994+00:00,2026-09-14T02:09:29.798+00:00,True,205,205.0,,205.0,117895.031126,131698.850646,131698.850703,642.4334180634146,0.0,117895.031126,8229.617172268438,96.6056422,67.66578196078432,57.08382294504002,1.55658154186197,30,64,,False,True,,452,21.16838264042747
45,2026-09-14T02:07:22.389+00:00,2026-09-14T02:09:23.654+00:00,2026-09-14T02:09:34.666+00:00,True,168,168.0,,168.0,121265.394033,132277.427825,132277.427796,787.3656416428572,39.025478,121265.394033,9350.765831978395,95.08433699999999,65.94032210778443,21.67523853970781,1.2700579589607697,30,64,,False,True,,775,21.16838264042747
46,2026-09-14T02:07:26.011+00:00,2026-09-14T02:09:29.087+00:00,2026-09-14T02:09:38.404+00:00,True,143,143.0,,143.0,123076.68695100001,132393.047655,132393.04787500002,925.8255096153847,39.094678,123076.68695100001,10286.725910759524,94.922257,65.608173971831,21.70326387424565,1.0801171400830685,30,64,,False,True,,316,21.16838264042747
47,2026-09-14T02:07:28.854+00:00,2026-09-14T02:09:34.566+00:00,2026-09-14T02:09:42.281+00:00,True,115,115.0,,115.0,125711.625875,133426.361235,133426.361162,1160.2292274956521,40.380545,125711.625875,11716.379156414852,95.9814897,67.67311719298245,21.824882708888058,0.8618986453318158,30,64,,False,True,,269,21.16838264042747
48,2026-09-14T02:07:31.733+00:00,2026-09-14T02:09:39.945+00:00,2026-09-14T02:09:55.584+00:00,True,238,238.0,,238.0,128211.649292,143850.424588,143850.424413,604.4135479537815,0.0,128211.649292,8306.50031678447,94.64075849999999,65.98639365400844,29.092594188046192,1.6544963331297249,30,64,,False,True,,848,21.16838264042747
49,2026-09-14T02:07:34.693+00:00,2026-09-14T02:09:43.439+00:00,2026-09-14T02:10:01.442+00:00,True,273,273.0,,273.0,128745.85537100001,146748.600459,146748.60049900002,537.5406611684982,0.0,128745.85537100001,7788.099023445385,95.609598,66.18656282352941,28.285908945415382,1.8603243856916596,30,64,,False,True,,679,21.16838264042747
50,2026-09-14T02:07:38.617+00:00,2026-09-14T02:09:51.615+00:00,2026-09-14T02:10:01.802+00:00,True,149,149.0,,149.0,132997.75502500002,143185.29089700003,143185.29091,960.9751067785236,34.755716,132997.75502500002,10889.985222328365,95.724982,68.83470183783784,22.82253178665249,1.0406096818086068,30,64,,False,True,,717,21.16838264042747
51,2026-09-14T02:07:41.706+00:00,2026-09-14T02:09:56.351+00:00,2026-09-14T02:10:06.084+00:00,True,147,147.0,,147.0,134645.32766299997,144378.62660699998,144378.62669599996,982.1675285442175,40.530874000000004,134645.32766299997,11099.880737804033,94.00441629999999,66.66643112328767,21.058641086745784,1.0181562427528517,30,64,,False,True,,672,21.16838264042747
52,2026-09-14T02:07:45.932+00:00,2026-09-14T02:10:04.428+00:00,2026-09-14T02:10:15.129+00:00,True,162,162.0,,162.0,138496.12750499998,149197.18068899997,149197.180634,920.9702508271604,0.0,138496.12750499998,10876.106597892713,95.60501949999998,66.4661688447205,31.466669861214655,1.085811402413075,30,64,,False,True,,542,21.16838264042747
53,2026-09-14T02:07:49.896+00:00,2026-09-14T02:10:11.197+00:00,2026-09-14T02:10:27.496+00:00,True,249,249.0,,249.0,141300.295557,157599.407749,157599.407714,632.929348248996,0.0,141300.295557,8950.593749859028,97.06019500000001,65.72222658064516,62.356355911610855,1.5799551759519856,30,64,,False,True,,1313,21.16838264042747
54,2026-09-14T02:07:53.162+00:00,2026-09-14T02:10:17.108+00:00,2026-09-14T02:10:32.715+00:00,True,238,238.0,,238.0,143945.488468,159552.942164,159552.942045,670.3905127941176,0.016149999999999998,143945.488468,9326.5367616328,94.43458249999999,65.85423500421942,62.012829341126896,1.4916678863581623,30,64,,False,True,,1075,21.16838264042747
55,2026-09-14T02:07:56.269+00:00,2026-09-14T02:10:23.207+00:00,2026-09-14T02:10:31.750+00:00,True,129,129.0,,129.0,146938.079903,155480.902303,155480.902391,1205.278313108527,41.315313,146938.079903,12931.318545720222,95.58802440000001,66.7408,21.77075168339942,0.8296838910067923,30,64,,False,True,,607,21.16838264042747
56,2026-09-14T02:08:00.430+00:00,2026-09-14T02:10:30.179+00:00,2026-09-14T02:10:45.080+00:00,True,223,223.0,,223.0,149749.042681,164649.985785,164649.985861,738.3407437713004,0.0,149749.042681,10023.494298995309,97.20906799999999,67.12136533333333,32.19461975912768,1.354388212891761,30,64,,False,True,,920,21.16838264042747
57,2026-09-14T02:08:03.145+00:00,2026-09-14T02:10:35.009+00:00,2026-09-14T02:10:43.114+00:00,True,124,124.0,,124.0,151864.69619,159969.118078,159969.118273,1290.0735344596774,0.0,151864.69619,13631.988433167431,95.24880695,65.88960884552846,38.23383524537974,0.7751496131868297,30,64,,False,True,,408,21.16838264042747
58,2026-09-14T02:08:07.109+00:00,2026-09-14T02:10:41.730+00:00,2026-09-14T02:10:49.759+00:00,True,123,123.0,,123.0,154620.33523300002,162649.294209,162649.29425700003,1322.3519858292684,3.949541,154620.33523300002,13935.731522089438,96.8711221,65.81113914754098,23.345685610506788,0.7562283045750465,30,64,,False,True,,503,21.16838264042747
59,2026-09-14T02:08:11.420+00:00,2026-09-14T02:10:49.984+00:00,2026-09-14T02:11:07.799+00:00,True,274,274.0,,274.0,158563.690989,176378.877677,176378.877511,643.7185310620438,38.829468,158563.690989,9575.263788204786,93.14852085000001,65.2570940952381,21.126381104282057,1.5534739964825723,30,64,,False,True,,1098,21.16838264042747
60,2026-09-14T02:08:15.925+00:00,2026-09-14T02:10:57.078+00:00,2026-09-14T02:11:07.491+00:00,True,162,162.0,,162.0,161152.71577799998,171565.86931399998,171565.86918299997,1059.0485752037036,38.982278,161152.71577799998,12656.288937182093,92.82916500000002,64.67797227329193,21.04763009928031,0.9442437510896033,30,64,,False,True,,723,21.16838264042747
61,2026-09-14T02:08:18.951+00:00,2026-09-14T02:11:03.036+00:00,2026-09-14T02:11:19.982+00:00,True,259,259.0,,259.0,164084.484672,181030.253632,181030.253708,698.9585085250965,0.0,164084.484672,10191.678535994186,95.16444,65.6812750387597,30.67609051445767,1.4307000890939345,30,64,,False,True,,1260,21.16838264042747
62,2026-09-14T02:08:22.166+00:00,2026-09-14T02:11:08.380+00:00,2026-09-14T02:11:22.665+00:00,True,215,215.0,,215.0,166214.199866,180498.371642,180498.371642,839.5273099627907,0.0,166214.199866,11331.20938167947,96.559417,66.74846624299066,32.79783681742322,1.1911464798498592,30,64,,False,True,,1035,21.16838264042747
63,2026-09-14T02:08:25.156+00:00,2026-09-14T02:11:13.516+00:00,2026-09-14T02:11:30.889+00:00,True,262,262.0,,262.0,168359.23729699999,185732.63710499997,185732.63727099999,708.9031956908397,0.0159,168359.23729699999,10397.363039974878,97.479337,66.56475022222223,65.7356813183072,1.4106298391266792,30,64,,False,True,,1382,21.16838264042747
64,2026-09-14T02:08:28.225+00:00,2026-09-14T02:11:19.931+00:00,2026-09-14T02:11:30.242+00:00,True,154,154.0,,154.0,171706.632223,182017.061919,182017.061963,1181.9289737857143,0.016980000000000002,171706.632223,13831.346495483462,97.44962364999999,67.38842938562092,85.42484234842516,0.8460745293676482,30,64,,False,True,,775,21.16838264042747
65,2026-09-14T02:08:32.571+00:00,2026-09-14T02:11:27.761+00:00,2026-09-14T02:11:34.722+00:00,True,119,119.0,,119.0,175190.240886,182151.340662,182151.34045500003,1530.6835332352941,0.015519999999999999,175190.240886,16054.2801507029,96.20304680000001,58.99237098305085,28.40796874684318,0.6533029049773308,30,64,,False,True,,559,21.16838264042747
66,2026-09-14T02:08:36.522+00:00,2026-09-14T02:11:33.625+00:00,2026-09-14T02:11:46.905+00:00,True,202,202.0,,202.0,177102.54892,190382.76396,190382.763971,942.488930549505,0.0,177102.54892,12456.284375739979,93.86967650000001,66.0707215920398,32.131801401692584,1.0610204190671422,30,64,,False,True,,931,21.16838264042747
67,2026-09-14T02:08:39.387+00:00,2026-09-14T02:11:38.890+00:00,2026-09-14T02:11:47.766+00:00,True,132,132.0,,132.0,179503.062941,188378.854813,188378.854885,1427.1125370075758,0.0,179503.062941,15617.883242739897,94.59565549999999,67.75413642748092,37.32740500954081,0.7007155879094488,30,64,,False,True,,558,21.16838264042747
68,2026-09-14T02:08:43.919+00:00,2026-09-14T02:11:46.996+00:00,2026-09-14T02:11:54.284+00:00,True,107,107.0,,107.0,183077.722473,190365.49821700001,190365.498244,1779.1168060186917,40.380523999999994,183077.722473,17692.160820486915,96.91879730000001,68.75260135849057,23.847640684861826,0.5620766420500702,30,64,,False,True,,497,21.16838264042747
69,2026-09-14T02:08:48.333+00:00,2026-09-14T02:11:54.647+00:00,2026-09-14T02:12:10.454+00:00,True,236,236.0,,236.0,186313.17283000002,202120.39151800002,202120.39142600002,856.4423365508476,38.312949,186313.17283000002,12123.598440841719,99.880204,67.26476037446808,23.390305410596383,1.1676209323935671,30,64,,False,True,,1115,21.16838264042747
70,2026-09-14T02:08:52.316+00:00,2026-09-14T02:12:01.878+00:00,2026-09-14T02:12:09.936+00:00,True,118,118.0,,118.0,189561.605429,197619.273269,197619.27316699998,1674.7396031101694,40.249775,189561.605429,17444.237258296977,99.74020390000001,68.86895589743591,24.39426562943332,0.5971077519315539,30,64,,False,True,,640,21.16838264042747
71,2026-09-14T02:08:55.966+00:00,2026-09-14T02:12:08.609+00:00,2026-09-14T02:12:18.547+00:00,True,152,152.0,,152.0,192643.154791,202581.762151,202581.762094,1332.7747506184212,0.0,192643.154791,15620.1312165987,99.42212504999999,65.81859178807947,38.29772587005688,0.7503143342523724,30,64,,False,True,,760,21.16838264042747
72,2026-09-14T02:09:00.246+00:00,2026-09-14T02:12:16.595+00:00,2026-09-14T02:12:26.095+00:00,True,140,140.0,,140.0,196348.7629,205849.279764,205849.279687,1470.3519977642857,41.079713000000005,196348.7629,16588.73638938729,94.986884,68.34904218705036,21.39697614028473,0.6801092535300866,30,64,,False,True,,600,21.16838264042747
73,2026-09-14T02:09:03.348+00:00,2026-09-14T02:12:21.585+00:00,2026-09-14T02:12:40.697+00:00,True,291,291.0,,291.0,198237.352683,217349.207787,217349.207964,746.9044947216495,36.909712,198237.352683,11617.035531142204,94.0271515,65.90294863448275,21.273317191576517,1.3388592623037165,30,64,,False,True,,1368,21.16838264042747
74,2026-09-14T02:09:07.236+00:00,2026-09-14T02:12:28.686+00:00,2026-09-14T02:12:44.646+00:00,True,244,244.0,,244.0,201450.746398,217410.742046,217410.742201,891.0276319713114,34.176308,201450.746398,12892.37536028234,93.94467415,65.678994436214,21.293749062107338,1.1222996513593344,30,64,,False,True,,925,21.16838264042747
75,2026-09-14T02:09:10.401+00:00,2026-09-14T02:12:34.693+00:00,2026-09-14T02:12:53.190+00:00,True,285,285.0,,285.0,204291.862874,222789.261658,222789.26184000002,781.7167082105263,0.0,204291.862874,12097.571490006854,93.865216,65.13168585915493,73.74621648371844,1.2792358028346027,30,64,,False,True,,1075,21.16838264042747
76,2026-09-14T02:09:14.461+00:00,2026-09-14T02:12:41.321+00:00,2026-09-14T02:12:59.219+00:00,True,275,275.0,,275.0,206860.66364800002,224758.39088000002,224758.390748,817.3032390836364,0.0,206860.66364800002,12470.45999872155,95.41313,65.32017237956204,76.13849368566723,1.2235360776667257,30,64,,False,True,,1302,21.16838264042747
77,2026-09-14T02:09:18.196+00:00,2026-09-14T02:12:47.923+00:00,2026-09-14T02:13:05.580+00:00,True,268,268.0,,268.0,209727.069723,227384.304155,227384.30405,848.4488957089552,0.0,209727.069723,12807.32527682459,96.4490492,66.131964164794,79.39003253887184,1.1786213696496557,30,64,,False,True,,938,21.16838264042747
78,2026-09-14T02:09:20.781+00:00,2026-09-14T02:12:52.405+00:00,2026-09-14T02:13:05.156+00:00,True,194,194.0,,194.0,211624.246047,224375.439647,224375.43965299998,1156.5744312010308,0.05784,211624.246047,15189.008507906357,95.08519150000001,66.06836062176166,22.472847482500356,0.864622261265367,30,64,,False,True,,758,21.16838264042747
79,2026-09-14T02:09:25.216+00:00,2026-09-14T02:13:00.496+00:00,2026-09-14T02:13:10.421+00:00,True,150,150.0,,150.0,215280.366631,225205.544999,225205.54484400002,1501.3702989600001,32.841791,215280.366631,17572.14286499244,95.53744745,66.6119353557047,21.755596862366907,0.6660582003017113,30,64,,False,True,,922,21.16838264042747
80,2026-09-14T02:09:28.197+00:00,2026-09-14T02:13:05.533+00:00,2026-09-14T02:13:12.595+00:00,True,109,109.0,,109.0,217335.536363,224397.876715,224397.876569,2058.6961153119264,31.206114000000003,217335.536363,20810.716614535733,95.52878700000001,65.3920402962963,21.58635831948281,0.4857443465850488,30,64,,False,True,,278,21.16838264042747
81,2026-09-14T02:09:30.698+00:00,2026-09-14T02:13:10.103+00:00,2026-09-14T02:13:23.569+00:00,True,206,206.0,,206.0,219405.834711,232870.919383,232870.919283,1130.4413557427185,38.732748,219405.834711,15282.167708432362,94.10821,65.68333986341464,21.625564823875877,0.8846102404963424,30,64,,False,True,,716,21.16838264042747
82,2026-09-14T02:09:34.639+00:00,2026-09-14T02:13:17.512+00:00,2026-09-14T02:13:34.956+00:00,True,265,265.0,,265.0,222873.624414,240317.237854,240317.237879,906.8575014301887,0.0,222873.624414,13687.003393357525,93.0484182,66.07429333333333,34.92494968791169,1.1027090789092522,30,64,,False,True,,590,21.16838264042747
83,2026-09-14T02:09:38.438+00:00,2026-09-14T02:13:24.189+00:00,2026-09-14T02:13:31.814+00:00,True,119,119.0,,119.0,225750.945932,233376.00014,233376.00028,1961.1428594957983,0.0,225750.945932,20688.685320737786,93.05498689999999,64.61910345762712,47.3212957429523,0.5099067596008717,30,64,,False,True,,552,21.16838264042747
84,2026-09-14T02:09:42.472+00:00,2026-09-14T02:13:31.257+00:00,2026-09-14T02:13:41.558+00:00,True,164,164.0,,164.0,228784.907833,239085.68735300002,239085.687175,1457.839555945122,0.0,228784.907833,17860.180877972056,94.82676215,63.1949663803681,23.76641160322613,0.6859465399861467,30,64,,False,True,,696,21.16838264042747
85,2026-09-14T02:09:46.894+00:00,2026-09-14T02:13:38.495+00:00,2026-09-14T02:13:45.673+00:00,True,108,108.0,,108.0,231601.59925099998,238779.73096299998,238779.730899,2210.92343425,38.867947,231601.59925099998,22279.430707590047,96.34233100000002,67.08534310280373,22.95886744283582,0.4522996971494833,30,64,,False,True,,512,21.16838264042747
86,2026-09-14T02:09:51.226+00:00,2026-09-14T02:13:47.853+00:00,2026-09-14T02:13:59.769+00:00,True,181,181.0,,181.0,236626.16077900003,248542.51354700004,248542.51367300004,1373.163058966851,32.99832,236626.16077900003,17583.377207356138,94.811949,66.20195982222222,22.20655269889669,0.7282456325757422,30,64,,False,True,,718,21.16838264042747
87,2026-09-14T02:09:54.607+00:00,2026-09-14T02:13:53.269+00:00,2026-09-14T02:14:10.041+00:00,True,252,252.0,,252.0,238662.172331,255433.95012300002,255433.950248,1013.6267866984127,39.383697,238662.172331,15030.111983078345,95.6882791,66.81983184063745,23.006722389848296,0.9865564067683781,30,64,,False,True,,1141,21.16838264042747
88,2026-09-14T02:09:57.867+00:00,2026-09-14T02:13:59.533+00:00,2026-09-14T02:14:15.190+00:00,True,234,234.0,,234.0,241666.459528,257323.02042400002,257323.02061,1099.6710282478632,0.0,241666.459528,15793.888047068913,95.99351050000001,67.19554032618026,39.85835840662439,0.9093628685627511,30,64,,False,True,,983,21.16838264042747
89,2026-09-14T02:10:00.658+00:00,2026-09-14T02:14:04.593+00:00,2026-09-14T02:14:17.680+00:00,True,193,193.0,,193.0,243935.814155,257022.616587,257022.61677,1331.723402953368,0.0,243935.814155,17554.029900892005,96.47605899999999,68.16042933333333,42.87023479143965,0.7509066811428678,30,64,,False,True,,651,21.16838264042747
90,2026-09-14T02:10:03.318+00:00,2026-09-14T02:14:08.551+00:00,2026-09-14T02:14:21.315+00:00,True,191,191.0,,191.0,245233.17513,257997.08476199998,257997.084744,1350.7700771937173,0.0,245233.17513,17739.640611557486,96.844459,67.17847174736842,42.93547541528502,0.7403184426529308,30,64,,False,True,,928,21.16838264042747
91,2026-09-14T02:10:06.828+00:00,2026-09-14T02:14:16.008+00:00,2026-09-14T02:14:26.076+00:00,True,151,151.0,,151.0,249180.340215,259248.24216700002,259248.24215900002,1716.8757758874171,41.162773,249180.340215,20272.55752849497,95.387343,67.11934634666666,21.306049035648012,0.5824533224905352,30,64,,False,True,,383,21.16838264042747
92,2026-09-14T02:10:09.870+00:00,2026-09-14T02:14:21.451+00:00,2026-09-14T02:14:37.889+00:00,True,249,249.0,,249.0,251580.967543,268019.064439,268019.064411,1076.3817847831326,0.01569,251580.967543,15939.371569134295,94.48440140000001,66.28264877419355,93.99848365955816,0.9290383895682591,30,64,,False,True,,1243,21.16838264042747
93,2026-09-14T02:10:13.390+00:00,2026-09-14T02:14:27.755+00:00,2026-09-14T02:14:46.303+00:00,True,279,279.0,,279.0,254365.75721799998,272913.737506,272913.73754299997,978.1854392222222,0.0155,254365.75721799998,15224.739543932015,93.65796299999998,66.71935355395684,88.16770275759126,1.0223010484910684,30,64,,False,True,,1263,21.16838264042747
94,2026-09-14T02:10:17.113+00:00,2026-09-14T02:14:34.340+00:00,2026-09-14T02:14:52.681+00:00,True,281,281.0,,281.0,257227.04273,275567.344554,275567.344645,980.6667069217082,33.135979,257227.04273,15340.986356267618,93.71149899999999,65.50107794285715,21.449823430548737,1.0197144384244536,30,64,,False,True,,997,21.16838264042747
95,2026-09-14T02:10:19.894+00:00,2026-09-14T02:14:39.181+00:00,2026-09-14T02:14:46.441+00:00,True,112,112.0,,112.0,259286.851357,266546.716445,266546.716389,2379.8813963303573,40.000625,259286.851357,24494.13418175318,94.85361675,65.40418998198199,21.969634514044078,0.4201890066168209,30,64,,False,True,,500,21.16838264042747
96,2026-09-14T02:10:24.370+00:00,2026-09-14T02:14:46.309+00:00,2026-09-14T02:15:02.980+00:00,True,248,248.0,,248.0,261938.982372,278610.290916,278610.290873,1123.4285922298386,0.0,261938.982372,16628.903453468676,95.0076505,67.49517629149797,39.77956863361815,0.890132231600774,30,64,,False,True,,1108,21.16838264042747
97,2026-09-14T02:10:28.187+00:00,2026-09-14T02:14:53.192+00:00,2026-09-14T02:15:11.470+00:00,True,270,270.0,,270.0,265004.922876,283283.279356,283283.279375,1049.1973310185185,0.0,265004.922876,16123.597717875993,95.47511405000002,67.94928059479554,38.98990824041761,0.9531095538494277,30,64,,False,True,,1079,21.16838264042747
98,2026-09-14T02:10:31.641+00:00,2026-09-14T02:14:59.635+00:00,2026-09-14T02:15:07.654+00:00,True,116,116.0,,116.0,267993.464469,276012.957845,276012.957907,2379.4220509224137,38.054059,267993.464469,24876.103440397703,95.6602925,69.73472500869565,21.99610605413042,0.42027012393071,30,64,,False,True,,604,21.16838264042747
99,2026-09-14T02:10:35.652+00:00,2026-09-14T02:15:06.147+00:00,2026-09-14T02:15:22.117+00:00,True,241,241.0,,241.0,270495.22867000004,286465.24211000005,286465.24200500007,1188.6524564522824,40.404194000000004,270495.22867000004,17419.856892985394,95.04356,66.54172266666666,21.993681992967907,0.8412888007804388,30,64,,False,True,,1120,21.16838264042747
100,2026-09-14T02:10:39.729+00:00,2026-09-14T02:15:13.556+00:00,2026-09-14T02:15:25.755+00:00,True,182,182.0,,182.0,273826.623648,286025.422496,286025.422525,1571.5682556318682,41.055853000000006,273826.623648,20292.396104687174,95.8189685,67.39667871823205,22.23330137439728,0.6363070751256218,30,64,,False,True,,401,21.16838264042747
101,2026-09-14T02:10:43.047+00:00,2026-09-14T02:15:19.636+00:00,2026-09-14T02:15:29.357+00:00,True,146,146.0,,146.0,276588.561285,286310.218373,286310.218297,1961.0288924452054,37.763160000000006,276588.561285,22885.09463344618,97.75532224999999,67.04591095172414,22.708075316671277,0.5099363928736687,30,64,,False,True,,348,21.16838264042747
102,2026-09-14T02:10:46.362+00:00,2026-09-14T02:15:26.305+00:00,2026-09-14T02:15:40.439+00:00,True,205,205.0,,205.0,279943.103582,294076.911198,294076.91121,1434.521518097561,30.998924,279943.103582,19547.248397225892,96.5870552,69.28337066666667,22.50739311630342,0.6970965492152319,30,64,,False,True,,1215,21.16838264042747
103,2026-09-14T02:10:50.378+00:00,2026-09-14T02:15:32.870+00:00,2026-09-14T02:15:40.255+00:00,True,110,110.0,,110.0,282492.49118300003,289877.20772700006,289877.20770200004,2635.2473427454547,31.876623,282492.49118300003,26928.15156616046,96.20884649999999,67.7496930642202,22.163580241762123,0.37947102106625635,30,64,,False,True,,542,21.16838264042747
104,2026-09-14T02:10:53.116+00:00,2026-09-14T02:15:38.006+00:00,2026-09-14T02:15:51.769+00:00,True,211,211.0,,211.0,284890.781713,298653.018385,298653.018383,1415.417148734597,0.0,284890.781713,19608.227479761314,96.82757549999998,65.53446034285714,43.85853645310121,0.7065054997301095,30,64,,False,True,,524,21.16838264042747
105,2026-09-14T02:10:57.420+00:00,2026-09-14T02:15:45.480+00:00,2026-09-14T02:15:57.426+00:00,False,182,181.0,,181.0,288059.416757,300005.921717,300005.921671,1648.3841850054946,0.0,288059.416757,21347.54296560473,95.28053949999999,66.00278983425414,46.71679573170958,0.6033214243375501,30,64,,False,False,Request timeout: 300.0s exceeded,954,21.16838264042747
106,2026-09-14T02:11:00.411+00:00,2026-09-14T02:15:51.072+00:00,2026-09-14T02:16:00.462+00:00,False,137,136.0,,136.0,290661.808454,300051.41997399996,300051.42004999996,2190.156350729927,0.03843,290661.808454,24827.024956395227,92.9263008,69.0412611764706,21.642206962487894,0.45325564535500174,30,64,,False,False,Request timeout: 300.0s exceeded,706,21.16838264042747
107,2026-09-14T02:11:04.664+00:00,2026-09-14T02:15:57.244+00:00,2026-09-14T02:16:04.726+00:00,False,107,106.0,,106.0,292580.368359,300062.23690300004,300062.23687200004,2804.3199707663553,0.081329,292580.368359,28277.995642055765,91.6580683,70.58366550943396,20.576216228338257,0.35326004729567556,30,64,,False,False,Request timeout: 300.0s exceeded,487,21.16838264042747
108,2026-09-14T02:11:08.221+00:00,2026-09-14T02:16:01.693+00:00,2026-09-14T02:16:08.274+00:00,False,97,96.0,,96.0,293472.619389,300053.299837,300053.299939,3093.3329890618556,0.02451,293472.619389,29790.67667546322,89.46898900000001,68.54875466666667,20.353129284637106,0.31994315693961944,30,64,,False,False,Request timeout: 300.0s exceeded,367,21.16838264042747
109,2026-09-14T02:11:11.758+00:00,2026-09-14T02:16:05.246+00:00,2026-09-14T02:16:11.796+00:00,False,98,97.0,,97.0,293487.985664,300037.857792,300037.85782,3061.6107940816323,0.0419,293487.985664,29639.949111056398,87.169245,67.52445492783505,19.821898955534998,0.3232925361946986,30,64,,False,False,Request timeout: 300.0s exceeded,511,21.16838264042747
110,2026-09-14T02:11:14.998+00:00,2026-09-14T02:16:08.795+00:00,2026-09-14T02:16:15.040+00:00,False,94,93.0,,93.0,293796.98702,300041.969036,300041.969001,3191.93584043617,0.03979,293796.98702,30295.925841505083,86.85437035,67.15034425806452,19.831060117909477,0.30995663806232904,30,64,,False,False,Request timeout: 300.0s exceeded,457,21.16838264042747
111,2026-09-14T02:11:18.936+00:00,2026-09-14T02:16:12.640+00:00,2026-09-14T02:16:19.016+00:00,False,96,95.0,,95.0,293704.016741,300079.969893,300079.970064,3125.8330215,0.039240000000000004,293704.016741,29969.197444270052,88.096276,67.1152963368421,20.12562250121547,0.31658227649740933,30,64,,False,False,Request timeout: 300.0s exceeded,429,21.16838264042747
112,2026-09-14T02:11:21.514+00:00,2026-09-14T02:16:14.818+00:00,2026-09-14T02:16:21.552+00:00,False,100,99.0,,99.0,293304.577413,300038.70989299996,300038.709908,3000.38709908,0.09977,293304.577413,29323.661952109353,88.05875235000002,68.0215402020202,19.41881893143508,0.32995742461132915,30,64,,False,False,Request timeout: 300.0s exceeded,502,21.16838264042747
113,2026-09-14T02:11:25.577+00:00,2026-09-14T02:16:19.747+00:00,2026-09-14T02:16:25.636+00:00,False,88,87.0,,87.0,294170.152493,300059.21438099997,300059.214428,3409.7638003181814,0.021969000000000002,294170.152493,31351.434499446143,89.58164655,67.69036652873564,20.60899750930674,0.2899427707276865,30,64,,False,False,Request timeout: 300.0s exceeded,410,21.16838264042747
114,2026-09-14T02:11:28.773+00:00,2026-09-14T02:16:22.994+00:00,2026-09-14T02:16:28.781+00:00,False,92,91.0,,91.0,294220.935237,300008.285765,300008.285679,3260.959626945652,0.05421,294220.935237,30668.029449824346,88.27841805,63.597258549450544,20.783672562958834,0.3033249557356605,30,64,,False,False,Request timeout: 300.0s exceeded,365,21.16838264042747
115,2026-09-14T02:11:33.079+00:00,2026-09-14T02:16:26.791+00:00,2026-09-14T02:16:33.096+00:00,False,106,105.0,,105.0,293711.91711599997,300017.22706799995,300017.22719999996,2830.3511999999996,0.015619999999999998,293711.91711599997,28522.42146078948,88.3671305,60.05057097142857,157.5184337494933,0.3499799029080466,30,64,,False,False,Request timeout: 300.0s exceeded,215,21.16838264042747
116,2026-09-14T02:11:36.223+00:00,2026-09-14T02:16:29.787+00:00,2026-09-14T02:16:36.235+00:00,False,106,105.0,,105.0,293564.29072000005,300012.208288,300012.20833200007,2830.3038521886797,0.01572,293564.29072000005,28507.95216583862,88.934157,61.408738742857146,157.72777348208376,0.3499857575769187,30,64,,False,False,Request timeout: 300.0s exceeded,428,21.16838264042747
117,2026-09-14T02:11:39.877+00:00,2026-09-14T02:16:34.021+00:00,2026-09-14T02:16:39.958+00:00,False,85,84.0,,84.0,294144.59805900004,300080.995371,300080.99524600006,3530.364649952942,0.023829999999999997,294144.59805900004,31896.801591873722,88.55113440000001,70.67139657142857,19.38434408328059,0.2799244247245582,30,64,,False,False,Request timeout: 300.0s exceeded,419,21.16838264042747
118,2026-09-14T02:11:43.876+00:00,2026-09-14T02:16:37.826+00:00,2026-09-14T02:16:43.919+00:00,False,94,93.0,,93.0,293950.272024,300042.945048,300042.945002,3191.946223425532,0.0,293950.272024,30311.968853029786,89.21116015,65.51261316129033,65.67043985355744,0.3099556298020009,30,64,,False,False,Request timeout: 300.0s exceeded,471,21.16838264042747
119,2026-09-14T02:11:47.071+00:00,2026-09-14T02:16:40.464+00:00,2026-09-14T02:16:47.088+00:00,False,106,105.0,,105.0,293393.16321499995,300016.84628699993,300016.846086,2830.347604584905,0.0,293393.16321499995,28490.803539289856,88.4601705,63.082695923809524,62.32386990788842,0.34998034710209464,30,64,,False,False,Request timeout: 300.0s exceeded,505,21.16838264042747
120,2026-09-14T02:11:50.616+00:00,2026-09-14T02:16:44.134+00:00,2026-09-14T02:16:50.631+00:00,False,98,97.0,,97.0,293517.99652100005,300015.29879300005,300015.298698,3061.380598959184,0.02172,293517.99652100005,29643.035895961697,89.19434755,66.98249764948454,20.541908453862217,0.3233168454750255,30,64,,False,False,Request timeout: 300.0s exceeded,509,21.16838264042747
121,2026-09-14T02:11:53.377+00:00,2026-09-14T02:16:46.960+00:00,2026-09-14T02:16:53.444+00:00,False,96,95.0,,95.0,293583.090148,300066.711524,300066.711306,3125.6949094375,0.022449999999999998,293583.090148,29956.739751607398,89.5046155,68.2486460631579,20.117927529001182,0.31659626460231893,30,64,,False,False,Request timeout: 300.0s exceeded,460,21.16838264042747
122,2026-09-14T02:11:56.220+00:00,2026-09-14T02:16:49.592+00:00,2026-09-14T02:16:56.262+00:00,False,97,96.0,,96.0,293371.953799,300042.175879,300042.17580100003,3093.2183072268044,0.02206,293371.953799,29780.36061415847,89.265397,69.48148,19.87755337125532,0.31995501871948345,30,64,,False,False,Request timeout: 300.0s exceeded,365,21.16838264042747
123,2026-09-14T02:12:00.228+00:00,2026-09-14T02:16:53.868+00:00,2026-09-14T02:17:00.238+00:00,False,92,91.0,,91.0,293640.601964,300010.345836,300010.34585299995,3260.982020141304,0.02187,293640.601964,30606.857743738754,88.64414245,69.99718540659342,19.939849348260406,0.3033228729043396,30,64,,False,False,Request timeout: 300.0s exceeded,429,21.16838264042747
124,2026-09-14T02:12:04.137+00:00,2026-09-14T02:16:57.995+00:00,2026-09-14T02:17:04.193+00:00,False,94,93.0,,93.0,293857.89218900003,300056.08841300005,300056.088302,3192.086045765958,0.04063,293857.89218900003,30302.26014625088,89.10112365,66.64727122580645,20.632669117715743,0.3099420528071202,30,64,,False,False,Request timeout: 300.0s exceeded,458,21.16838264042747
125,2026-09-14T02:12:06.627+00:00,2026-09-14T02:17:00.371+00:00,2026-09-14T02:17:06.672+00:00,False,91,90.0,,90.0,293744.271168,300045.967168,300045.967201,3297.2084307802197,0.09231,293744.271168,30785.43294556349,90.85973700000001,70.01884444444445,19.932274059435453,0.2999540398741894,30,64,,False,False,Request timeout: 300.0s exceeded,307,21.16838264042747
126,2026-09-14T02:12:11.096+00:00,2026-09-14T02:17:04.911+00:00,2026-09-14T02:17:11.155+00:00,False,89,88.0,,88.0,293815.397167,300059.019567,300059.019421,3371.4496564157303,0.025929999999999998,293815.397167,31136.854987815488,88.31546139999999,70.95025454545454,19.25920093896226,0.29327563666304163,30,64,,False,False,Request timeout: 300.0s exceeded,442,21.16838264042747
127,2026-09-14T02:12:14.594+00:00,2026-09-14T02:17:08.436+00:00,2026-09-14T02:17:14.655+00:00,False,87,86.0,,86.0,293841.979199,300061.157183,300061.157185,3448.9788182183906,0.02253,293841.979199,31495.41962852103,89.86636,72.31602306976744,19.232656181764593,0.2866082394914937,30,64,,False,False,Request timeout: 300.0s exceeded,395,21.16838264042747
128,2026-09-14T02:12:19.137+00:00,2026-09-14T02:17:12.672+00:00,2026-09-14T02:17:19.173+00:00,False,96,95.0,,95.0,293534.487899,300036.256859,300036.256748,3125.3776744583333,0.03797,293534.487899,29951.760220109034,88.9672095,68.43967326315789,20.726225504783002,0.3166284001624664,30,64,,False,False,Request timeout: 300.0s exceeded,431,21.16838264042747
129,2026-09-14T02:12:23.026+00:00,2026-09-14T02:17:16.744+00:00,2026-09-14T02:17:23.062+00:00,False,94,93.0,,93.0,293717.252367,300035.848207,300035.848334,3191.8707269574465,0.032479999999999995,293717.252367,30287.620274747867,86.94664800000001,67.94189075268817,19.946487108674507,0.30996296127867246,30,64,,False,False,Request timeout: 300.0s exceeded,492,21.16838264042747
130,2026-09-14T02:12:26.323+00:00,2026-09-14T02:17:20.256+00:00,2026-09-14T02:17:26.355+00:00,False,90,89.0,,89.0,293932.650052,300031.757124,300031.757104,3333.6861900444446,0.02763,293932.650052,30976.00465756648,88.8744316,68.52929294382022,20.207933106369218,0.2966352657236121,30,64,,False,False,Request timeout: 300.0s exceeded,349,21.16838264042747
131,2026-09-14T02:12:29.790+00:00,2026-09-14T02:17:23.442+00:00,2026-09-14T02:17:29.816+00:00,False,95,94.0,,94.0,293652.592043,300026.73450699996,300026.734535,3158.176153,0.03778,293652.592043,30121.16961407329,88.03797729999998,67.81002621276596,19.938722406037844,0.31330541311413324,30,64,,False,False,Request timeout: 300.0s exceeded,429,21.16838264042747
132,2026-09-14T02:12:32.903+00:00,2026-09-14T02:17:26.616+00:00,2026-09-14T02:17:32.915+00:00,False,93,92.0,,92.0,293712.944938,300011.894058,300011.893914,3225.93434316129,0.0201,293712.944938,30449.5200016574,87.8654962,68.46683826086957,19.347922638403876,0.30665450877828876,30,64,,False,False,Request timeout: 300.0s exceeded,413,21.16838264042747
133,2026-09-14T02:12:36.868+00:00,2026-09-14T02:17:30.550+00:00,2026-09-14T02:17:36.932+00:00,False,91,90.0,,90.0,293681.35320300004,300063.869171,300063.86916800006,3297.405155692308,0.03618,293681.35320300004,30778.742706765337,88.9657015,70.91684408888888,19.120261214799413,0.2999361444236757,30,64,,False,False,Request timeout: 300.0s exceeded,346,21.16838264042747
134,2026-09-14T02:12:39.940+00:00,2026-09-14T02:17:33.789+00:00,2026-09-14T02:17:40.025+00:00,False,97,96.0,,96.0,293848.886478,300084.64865399996,300084.64859399997,3093.656171072165,0.0,293848.886478,29829.310063837107,87.1742498,64.955856,65.5763254614338,0.31990973357217206,30,64,,False,False,Request timeout: 300.0s exceeded,423,21.16838264042747
135,2026-09-14T02:12:43.933+00:00,2026-09-14T02:17:37.818+00:00,2026-09-14T02:17:43.944+00:00,False,88,87.0,,87.0,293884.667595,300010.490827,300010.490754,3409.2101222045453,0.037700000000000004,293884.667595,31320.711090097888,89.47245885000001,70.41176128735631,19.790152966866206,0.2899898592218505,30,64,,False,False,Request timeout: 300.0s exceeded,383,21.16838264042747
136,2026-09-14T02:12:46.554+00:00,2026-09-14T02:17:40.192+00:00,2026-09-14T02:17:46.579+00:00,False,92,91.0,,91.0,293638.123029,300025.302293,300025.302426,3261.1445915869567,0.022170000000000002,293638.123029,30606.579128014273,90.141511,70.18878312087911,19.63745198455024,0.30330775206129396,30,64,,False,False,Request timeout: 300.0s exceeded,471,21.16838264042747
137,2026-09-14T02:12:49.378+00:00,2026-09-14T02:17:43.247+00:00,2026-09-14T02:17:49.462+00:00,False,92,91.0,,91.0,293869.699331,300084.687619,300084.68756299996,3261.7900822065217,0.039380000000000005,293869.699331,30630.92066360559,90.410816,68.29657459340659,20.809743211528687,0.3032477289062393,30,64,,False,False,Request timeout: 300.0s exceeded,464,21.16838264042747
138,2026-09-14T02:12:53.742+00:00,2026-09-14T02:17:47.221+00:00,2026-09-14T02:17:53.787+00:00,False,102,101.0,,101.0,293479.004498,300044.569426,300044.569266,2941.6134241764707,0.038378999999999996,293479.004498,29052.322770065177,90.76069555,65.00559334653465,21.341311274879974,0.3366166572960076,30,64,,False,False,Request timeout: 300.0s exceeded,325,21.16838264042747
139,2026-09-14T02:12:57.442+00:00,2026-09-14T02:17:50.787+00:00,2026-09-14T02:17:57.496+00:00,False,105,104.0,,104.0,293344.99970700004,300053.30178700003,300053.30177500006,2857.6504930952383,0.019399999999999997,293344.99970700004,28621.253116297445,89.17661120000001,64.50290461538462,20.532276406349784,0.34660508443205496,30,64,,False,False,Request timeout: 300.0s exceeded,516,21.16838264042747
140,2026-09-14T02:13:01.798+00:00,2026-09-14T02:17:55.070+00:00,2026-09-14T02:18:01.822+00:00,False,101,100.0,,100.0,293271.956452,300024.12362,300024.123666,2970.5358778811883,0.039240000000000004,293271.956452,29174.93811336744,87.806725,67.52167168000001,19.451227226742265,0.3333065314663046,30,64,,False,False,Request timeout: 300.0s exceeded,473,21.16838264042747
141,2026-09-14T02:13:05.762+00:00,2026-09-14T02:17:59.438+00:00,2026-09-14T02:18:05.802+00:00,False,93,92.0,,92.0,293676.071591,300039.774119,300039.773927,3226.234128247312,0.10327,293676.071591,30445.623769403486,87.9237032,69.1706796521739,19.88121122872618,0.3066260140680932,30,64,,False,False,Request timeout: 300.0s exceeded,425,21.16838264042747
142,2026-09-14T02:13:09.979+00:00,2026-09-14T02:18:03.699+00:00,2026-09-14T02:18:09.994+00:00,False,91,90.0,,90.0,293719.583751,300015.248135,300015.247981,3296.870856934066,0.03023,293719.583751,30782.852068265107,89.9922695,69.95182648888888,19.996278218727344,0.29998475263997937,30,64,,False,False,Request timeout: 300.0s exceeded,370,21.16838264042747
143,2026-09-14T02:13:13.013+00:00,2026-09-14T02:18:06.884+00:00,2026-09-14T02:18:13.063+00:00,False,90,89.0,,89.0,293871.757366,300050.05496599997,300050.054854,3333.8894983777777,0.02123,293871.757366,30969.49212013501,89.23562079999999,69.41907415730338,20.060069154280466,0.296617176124447,30,64,,False,False,Request timeout: 300.0s exceeded,474,21.16838264042747
144,2026-09-14T02:13:16.713+00:00,2026-09-14T02:18:10.478+00:00,2026-09-14T02:18:16.778+00:00,False,93,92.0,,92.0,293765.708229,300065.442757,300065.442661,3226.5101361397847,0.030109999999999998,293765.708229,30454.99095642284,88.77916859999999,68.47537530434782,20.193185307753083,0.30659978421608436,30,64,,False,False,Request timeout: 300.0s exceeded,452,21.16838264042747
145,2026-09-14T02:13:20.981+00:00,2026-09-14T02:18:14.399+00:00,2026-09-14T02:18:21.002+00:00,False,98,97.0,,97.0,293418.28207099997,300020.47496699996,300020.47475299996,3061.4334158469383,0.032170000000000004,293418.28207099997,29632.854089252432,90.36138820000001,68.0638442886598,20.692644551238395,0.32331126737489924,30,64,,False,False,Request timeout: 300.0s exceeded,465,21.16838264042747
146,2026-09-14T02:13:24.922+00:00,2026-09-14T02:18:18.582+00:00,2026-09-14T02:18:24.980+00:00,False,96,95.0,,95.0,293660.603499,300058.38551500003,300058.385674,3125.608184104167,0.03431,293660.603499,29964.74300311571,88.4470385,67.34507385263159,19.906022613500333,0.316605049503777,30,64,,False,False,Request timeout: 300.0s exceeded,406,21.16838264042747
147,2026-09-14T02:13:29.077+00:00,2026-09-14T02:18:22.744+00:00,2026-09-14T02:18:29.118+00:00,False,92,91.0,,91.0,293667.20395,300041.152878,300041.152696,3261.316877130435,0.022539999999999998,293667.20395,30609.62609853134,88.98479650000002,70.04339481318681,19.506835984256963,0.3032917289082728,30,64,,False,False,Request timeout: 300.0s exceeded,452,21.16838264042747
148,2026-09-14T02:13:32.037+00:00,2026-09-14T02:18:25.705+00:00,2026-09-14T02:18:32.620+00:00,False,91,90.0,,90.0,293668.10152100003,300582.609553,300582.609714,3303.1056012527474,0.02305,293668.10152100003,30776.785457745424,91.2120175,76.82786702222222,59.78462011229741,0.29941851970025835,30,64,,False,False,Request timeout: 300.0s exceeded,418,21.16838264042747
149,2026-09-14T02:13:35.957+00:00,2026-09-14T02:18:29.451+00:00,2026-09-14T02:18:35.994+00:00,False,102,101.0,,101.0,293494.86303899996,300037.001663,300037.00175999996,2941.539232941176,0.0,293494.86303899996,29053.97346807819,92.87732964999998,64.77364974257426,61.889099824440336,0.33662514769909174,30,64,,False,False,Request timeout: 300.0s exceeded,426,21.16838264042747
150,2026-09-14T02:13:38.738+00:00,2026-09-14T02:18:32.810+00:00,2026-09-14T02:18:38.752+00:00,False,89,88.0,,88.0,294072.07464999997,300014.49410599994,300014.49417799996,3370.9493727865165,0.022920000000000003,294072.07464999997,31164.426827535084,90.5150994,67.52749381818181,21.24307362753406,0.29331916200324704,30,64,,False,False,Request timeout: 300.0s exceeded,464,21.16838264042747
151,2026-09-14T02:13:41.467+00:00,2026-09-14T02:18:35.637+00:00,2026-09-14T02:18:41.539+00:00,False,87,86.0,,86.0,294169.378115,300071.61094700004,300071.61098700005,3449.0989768620693,0.02837,294169.378115,31530.916620412023,89.59062590000002,68.6306143255814,20.875944775611785,0.28659825475856066,30,64,,False,False,Request timeout: 300.0s exceeded,403,21.16838264042747
152,2026-09-14T02:13:44.809+00:00,2026-09-14T02:18:38.751+00:00,2026-09-14T02:18:44.850+00:00,False,94,93.0,,93.0,293942.17226099997,300041.635173,300041.635356,3191.9322910212763,0.02606,293942.17226099997,30311.06242461195,89.73308495,65.58562270967742,20.564769566319335,0.3099569829579733,30,64,,False,False,Request timeout: 300.0s exceeded,437,21.16838264042747
153,2026-09-14T02:13:47.887+00:00,2026-09-14T02:18:41.806+00:00,2026-09-14T02:18:47.918+00:00,False,97,96.0,,96.0,293919.36053299997,300031.23842099996,300031.238471,3093.105551247422,0.019059999999999997,293919.36053299997,29836.532350633926,88.5071628,63.665394666666664,20.595907266219015,0.31996668248688837,30,64,,False,False,Request timeout: 300.0s exceeded,398,21.16838264042747
154,2026-09-14T02:13:51.219+00:00,2026-09-14T02:18:44.979+00:00,2026-09-14T02:18:51.236+00:00,False,94,93.0,,93.0,293759.348565,300016.149845,300016.149837,3191.6611684787235,0.036969999999999996,293759.348565,30292.031278689872,90.3589103,67.27743311827957,20.81765085596344,0.30998331272515633,30,64,,False,False,Request timeout: 300.0s exceeded,484,21.16838264042747
155,2026-09-14T02:13:55.665+00:00,2026-09-14T02:18:49.065+00:00,2026-09-14T02:18:55.679+00:00,False,97,96.0,,96.0,293400.25905,300014.22922599997,300014.229137,3092.9301972886597,0.06093,293400.25905,29783.29376895471,88.44663080000001,68.89552266666666,19.414394231059067,0.3199848228787957,30,64,,False,False,Request timeout: 300.0s exceeded,469,21.16838264042747
156,2026-09-14T02:13:59.769+00:00,2026-09-14T02:18:53.373+00:00,2026-09-14T02:18:59.787+00:00,False,104,103.0,,103.0,293604.47675,300018.228814,300018.22874,2884.7906609615384,0.0152,293604.47675,28784.754008392916,87.63277065,62.26943751456311,182.41726841154068,0.3433124727359687,30,64,,False,False,Request timeout: 300.0s exceeded,432,21.16838264042747
157,2026-09-14T02:14:04.338+00:00,2026-09-14T02:18:59.263+00:00,2026-09-14T02:19:04.422+00:00,False,80,79.0,,79.0,294924.666945,300084.290625,300084.29039700003,3751.0536299625,0.02119,294924.666945,32966.28695680576,90.70615115000001,65.31169215189874,24.308950195843973,0.26325936567843283,30,64,,False,False,Request timeout: 300.0s exceeded,363,21.16838264042747
158,2026-09-14T02:14:07.931+00:00,2026-09-14T02:19:01.686+00:00,2026-09-14T02:19:07.944+00:00,False,96,95.0,,95.0,293755.587925,300013.789269,300013.789224,3125.14363775,0.03847,293755.587925,29974.587780187598,88.92743449999998,65.87580362105263,20.67469880803339,0.31665211199616083,30,64,,False,False,Request timeout: 300.0s exceeded,463,21.16838264042747
159,2026-09-14T02:14:11.689+00:00,2026-09-14T02:19:05.333+00:00,2026-09-14T02:19:11.696+00:00,False,92,91.0,,91.0,293644.184652,300007.704396,300007.704318,3260.9533078043482,0.02223,293644.184652,30607.237984337346,88.40815305,69.9287883956044,19.29084377898502,0.3033255435329857,30,64,,False,False,Request timeout: 300.0s exceeded,345,21.16838264042747
160,2026-09-14T02:14:14.917+00:00,2026-09-14T02:19:08.900+00:00,2026-09-14T02:19:14.932+00:00,False,87,86.0,,86.0,293983.851069,300015.274301,300015.274366,3448.4514294942533,0.03836,293983.851069,31510.86400488275,89.51218800000001,70.13282827906977,19.323993139631387,0.2866520719665684,30,64,,False,False,Request timeout: 300.0s exceeded,453,21.16838264042747
161,2026-09-14T02:14:19.375+00:00,2026-09-14T02:19:13.221+00:00,2026-09-14T02:19:19.406+00:00,False,89,88.0,,88.0,293845.927149,300031.139053,300031.139033,3371.136393629213,0.0269,293845.927149,31140.1621230336,90.70337179999999,70.28649890909091,20.226686905759628,0.2933028894192711,30,64,,False,False,Request timeout: 300.0s exceeded,157,21.16838264042747
162,2026-09-14T02:14:21.962+00:00,2026-09-14T02:19:15.957+00:00,2026-09-14T02:19:21.996+00:00,False,88,87.0,,87.0,293995.63175199996,300034.238088,300034.23819599993,3409.4799794999994,0.023260000000000003,293995.63175199996,31332.647470785763,89.819017,69.40926822988506,20.87858874673622,0.28996690695840827,30,64,,False,False,Request timeout: 300.0s exceeded,397,21.16838264042747
163,2026-09-14T02:14:25.142+00:00,2026-09-14T02:19:18.712+00:00,2026-09-14T02:19:25.170+00:00,False,97,96.0,,96.0,293569.780808,300027.322184,300027.32219700003,3093.06517728866,0.022690000000000002,293569.780808,29800.672474792093,88.34607259999999,67.266056,20.815153568362422,0.3199708589910533,30,64,,False,False,Request timeout: 300.0s exceeded,482,21.16838264042747
164,2026-09-14T02:14:27.761+00:00,2026-09-14T02:19:21.653+00:00,2026-09-14T02:19:27.767+00:00,False,98,97.0,,97.0,293891.44449699996,300005.479441,300005.47948199994,3061.280402877551,0.0,293891.44449699996,29681.227764173796,91.53533445,63.03128808247423,67.44482330890796,0.3233274278214519,30,64,,False,False,Request timeout: 300.0s exceeded,482,21.16838264042747
165,2026-09-14T02:14:31.936+00:00,2026-09-14T02:19:25.083+00:00,2026-09-14T02:19:32.069+00:00,False,113,112.0,,112.0,293146.820757,300133.051797,300133.051997,2656.0447079380533,0.0,293146.820757,27571.13778855037,91.0355796,62.37706285714286,63.53455258137358,0.37316783116493635,30,64,,False,False,Request timeout: 300.0s exceeded,535,21.16838264042747
166,2026-09-14T02:14:34.116+00:00,2026-09-14T02:19:27.764+00:00,2026-09-14T02:19:34.150+00:00,False,105,104.0,,104.0,293647.873801,300033.275401,300033.275561,2857.4597672476193,0.023039999999999998,293647.873801,28651.1134327247,89.85684359999999,61.3980923076923,20.306303608642104,0.34662821935667665,30,64,,False,False,Request timeout: 300.0s exceeded,493,21.16838264042747
167,2026-09-14T02:14:36.929+00:00,2026-09-14T02:19:30.708+00:00,2026-09-14T02:19:36.980+00:00,False,102,101.0,,101.0,293779.090334,300050.937502,300050.937494,2941.675857784314,0.02203,293779.090334,29082.322648540638,89.02904099999999,62.09749671287129,19.94227651098294,0.3366095131741649,30,64,,False,False,Request timeout: 300.0s exceeded,441,21.16838264042747
168,2026-09-14T02:14:39.988+00:00,2026-09-14T02:19:33.628+00:00,2026-09-14T02:19:40.022+00:00,False,97,96.0,,96.0,293639.79327100003,300033.155703,300033.155558,3093.125315030928,0.03865,293639.79327100003,29807.848725380132,90.0409482,66.59752533333334,20.353578506464185,0.3199646378249925,30,64,,False,False,Request timeout: 300.0s exceeded,226,21.16838264042747
169,2026-09-14T02:14:43.526+00:00,2026-09-14T02:19:37.490+00:00,2026-09-14T02:19:43.618+00:00,False,93,92.0,,92.0,293963.25637699995,300091.594809,300091.59478099993,3226.7913417311825,0.0395,293963.25637699995,30475.668810045438,88.5993966,66.61237426086956,20.017443641366565,0.3065730649955573,30,64,,False,False,Request timeout: 300.0s exceeded,441,21.16838264042747
170,2026-09-14T02:14:46.892+00:00,2026-09-14T02:19:40.183+00:00,2026-09-14T02:19:46.905+00:00,False,101,100.0,,100.0,293290.48706,300012.779796,300012.779721,2970.4235615940597,0.037579999999999995,293290.48706,29176.81210392761,88.072024,67.22292736,20.048518508088208,0.33331913416487496,30,64,,False,False,Request timeout: 300.0s exceeded,467,21.16838264042747
171,2026-09-14T02:14:50.391+00:00,2026-09-14T02:19:44.211+00:00,2026-09-14T02:19:50.398+00:00,False,97,96.0,,96.0,293820.431237,300007.199621,300007.199569,3092.857727515464,0.047249,293820.431237,29826.4081361575,89.5100928,64.445504,20.21074819984261,0.31999232058856286,30,64,,False,False,Request timeout: 300.0s exceeded,141,21.16838264042747
172,2026-09-14T02:14:54.914+00:00,2026-09-14T02:19:48.440+00:00,2026-09-14T02:19:54.955+00:00,False,96,95.0,,95.0,293525.90951599996,300040.86887599993,300040.86885699996,3125.425717260416,0.01991,293525.90951599996,29950.870385849157,89.07375925000001,68.57851957894736,20.526827119831577,0.3166235331736136,30,64,,False,False,Request timeout: 300.0s exceeded,397,21.16838264042747
173,2026-09-14T02:14:58.954+00:00,2026-09-14T02:19:52.671+00:00,2026-09-14T02:19:59.046+00:00,False,93,92.0,,92.0,293717.30067699996,300092.464069,300092.463933,3226.8006874516127,0.022670000000000003,293717.30067699996,30449.88575513902,88.305585,69.29525426086957,19.327568710851686,0.3065721769635859,30,64,,False,False,Request timeout: 300.0s exceeded,419,21.16838264042747
174,2026-09-14T02:15:02.681+00:00,2026-09-14T02:19:56.660+00:00,2026-09-14T02:20:02.711+00:00,False,93,92.0,,92.0,293979.84338200005,300030.389046,300030.38904000004,3226.1332154838715,0.03489,293979.84338200005,30477.47669924595,89.497769,65.76680069565217,20.346317286696355,0.3066356054549353,30,64,,False,False,Request timeout: 300.0s exceeded,233,21.16838264042747
175,2026-09-14T02:15:06.753+00:00,2026-09-14T02:20:00.724+00:00,2026-09-14T02:20:06.823+00:00,False,90,89.0,,89.0,293971.010273,300069.89155299996,300069.891499,3334.1099055444442,0.02841,293971.010273,30980.04831313749,90.08965145,68.52675595505617,20.0000727477041,0.29659756778457175,30,64,,False,False,Request timeout: 300.0s exceeded,279,21.16838264042747
176,2026-09-14T02:15:11.231+00:00,2026-09-14T02:20:04.873+00:00,2026-09-14T02:20:11.294+00:00,False,97,96.0,,96.0,293642.583093,300063.842357,300063.842338,3093.441673587629,0.02495,293642.583093,29808.10265644156,88.385979,66.88811733333334,20.607852225086734,0.3199319159746822,30,64,,False,False,Request timeout: 300.0s exceeded,472,21.16838264042747
177,2026-09-14T02:15:15.520+00:00,2026-09-14T02:20:09.040+00:00,2026-09-14T02:20:15.583+00:00,False,98,97.0,,97.0,293520.16721499996,300062.431535,300062.43149499997,3061.8615458673466,0.041100000000000005,293520.16721499996,29643.208482588005,91.33913899999999,67.44602391752576,20.7403083108008,0.32326606001220015,30,64,,False,False,Request timeout: 300.0s exceeded,214,21.16838264042747
178,2026-09-14T02:15:18.933+00:00,2026-09-14T02:20:12.578+00:00,2026-09-14T02:20:18.989+00:00,False,94,93.0,,93.0,293645.49387400004,300056.151154,300056.151162,3192.0867144893623,0.02393,293645.49387400004,30280.117198612235,90.76155915,68.93179870967741,20.471694403926193,0.30994198799900263,30,64,,False,False,Request timeout: 300.0s exceeded,416,21.16838264042747
179,2026-09-14T02:15:22.564+00:00,2026-09-14T02:20:16.300+00:00,2026-09-14T02:20:22.599+00:00,False,95,94.0,,94.0,293735.43597500003,300034.893255,300034.89336700004,3158.2620354421056,0.0,293735.43597500003,30129.81986277806,91.50315170000002,67.0155029787234,67.88121194756036,0.3132968935053474,30,64,,False,False,Request timeout: 300.0s exceeded,406,21.16838264042747
180,2026-09-14T02:15:25.436+00:00,2026-09-14T02:20:19.330+00:00,2026-09-14T02:20:25.458+00:00,False,94,93.0,,93.0,293893.838333,300022.55487700005,300022.55507500004,3191.729309308511,0.0,293893.838333,30306.114280833543,89.10563300000001,65.90017789247311,68.44781562689796,0.3099766950459012,30,64,,False,False,Request timeout: 300.0s exceeded,489,21.16838264042747
181,2026-09-14T02:15:28.866+00:00,2026-09-14T02:20:22.741+00:00,2026-09-14T02:20:28.926+00:00,False,94,93.0,,93.0,293875.301185,300060.675905,300060.675919,3192.1348502021274,0.024120000000000003,293875.301185,30304.068964607042,87.32576195000001,66.50940559139785,19.087634113828887,0.3099373142432167,30,64,,False,False,Request timeout: 300.0s exceeded,402,21.16838264042747
182,2026-09-14T02:15:32.477+00:00,2026-09-14T02:20:26.123+00:00,2026-09-14T02:20:32.516+00:00,False,96,95.0,,95.0,293645.524377,300038.782617,300038.782581,3125.4039852187498,0.030920000000000003,293645.524377,29963.208731409126,88.11221375000001,67.29745515789473,19.71363422059848,0.31662573475132266,30,64,,False,False,Request timeout: 300.0s exceeded,406,21.16838264042747
183,2026-09-14T02:15:35.507+00:00,2026-09-14T02:20:28.931+00:00,2026-09-14T02:20:35.561+00:00,False,96,95.0,,95.0,293423.958957,300054.319021,300054.319051,3125.5658234479165,0.037229,293423.958957,29940.340591674463,89.31557199999999,69.79326383157894,19.727175311288956,0.31660934030198445,30,64,,False,False,Request timeout: 300.0s exceeded,397,21.16838264042747
184,2026-09-14T02:15:39.925+00:00,2026-09-14T02:20:33.499+00:00,2026-09-14T02:20:39.950+00:00,False,89,88.0,,88.0,293574.96539800003,300025.64623,300025.64617100003,3371.074676078652,0.023779,293574.96539800003,31111.119826200145,89.1738738,73.30319127272726,19.19530368236201,0.293308259163082,30,64,,False,False,Request timeout: 300.0s exceeded,435,21.16838264042747
185,2026-09-14T02:15:43.481+00:00,2026-09-14T02:20:36.953+00:00,2026-09-14T02:20:43.525+00:00,False,94,93.0,,93.0,293471.581061,300044.100485,300044.100437,3191.958515287234,0.04101,293471.581061,30261.999379006847,89.59048115000002,70.67225187096774,19.59724089081368,0.3099544361967861,30,64,,False,False,Request timeout: 300.0s exceeded,374,21.16838264042747
186,2026-09-14T02:15:46.984+00:00,2026-09-14T02:20:40.909+00:00,2026-09-14T02:20:47.036+00:00,False,91,90.0,,90.0,293925.51994800003,300052.659532,300052.65972500003,3297.2819750000003,0.023420000000000003,293925.51994800003,30804.63642638662,89.075272,68.07932871111112,20.140165599091734,0.2999473497097988,30,64,,False,False,Request timeout: 300.0s exceeded,331,21.16838264042747
187,2026-09-14T02:15:50.999+00:00,2026-09-14T02:20:44.690+00:00,2026-09-14T02:20:51.011+00:00,False,93,92.0,,92.0,293690.566881,300012.211937,300012.211987,3225.9377633010754,0.02513,293690.566881,30447.17612270367,93.1385436,68.7135332173913,22.57600143027101,0.3066541838614197,30,64,,False,False,Request timeout: 300.0s exceeded,247,21.16838264042747
188,2026-09-14T02:15:54.394+00:00,2026-09-14T02:20:47.981+00:00,2026-09-14T02:20:54.439+00:00,False,98,97.0,,97.0,293587.104893,300045.093245,300045.09323,3061.6846247959184,0.026789999999999998,293587.104893,29650.058740354572,90.68199235,66.57719950515464,21.822024062176748,0.32328474014002706,30,64,,False,False,Request timeout: 300.0s exceeded,445,21.16838264042747
189,2026-09-14T02:15:57.009+00:00,2026-09-14T02:20:50.850+00:00,2026-09-14T02:20:57.061+00:00,False,92,91.0,,91.0,293840.445989,300051.980837,300051.98091600003,3261.4345751739133,0.03204,293840.445989,30627.874363411822,88.83693305000001,68.2586247032967,20.227851862195386,0.3032807840366658,30,64,,False,False,Request timeout: 300.0s exceeded,396,21.16838264042747
190,2026-09-14T02:16:00.767+00:00,2026-09-14T02:20:54.359+00:00,2026-09-14T02:21:00.802+00:00,False,94,93.0,,93.0,293592.835397,300035.834693,300035.834706,3191.8705819787237,0.02561,293592.835397,30274.649289222314,88.378651,69.27956232258065,19.342763873009293,0.30996297523980304,30,64,,False,False,Request timeout: 300.0s exceeded,139,21.16838264042747
191,2026-09-14T02:16:03.766+00:00,2026-09-14T02:20:57.436+00:00,2026-09-14T02:21:03.791+00:00,False,93,92.0,,92.0,293670.579476,300025.18376399996,300025.183671,3226.0772437741934,0.03666,293670.579476,30445.064610145742,88.23128779999999,69.07178573913043,20.022690235972536,0.30664092542433796,30,64,,False,False,Request timeout: 300.0s exceeded,416,21.16838264042747
192,2026-09-14T02:16:07.486+00:00,2026-09-14T02:21:01.382+00:00,2026-09-14T02:21:07.503+00:00,False,89,88.0,,88.0,293895.530786,300016.805922,300016.806074,3370.9753491460674,0.027589,293895.530786,31145.49680262162,89.55678400000001,69.55994472727274,19.740046727046554,0.29331690179675707,30,64,,False,False,Request timeout: 300.0s exceeded,379,21.16838264042747
193,2026-09-14T02:16:10.929+00:00,2026-09-14T02:21:04.436+00:00,2026-09-14T02:21:10.972+00:00,False,98,97.0,,97.0,293506.843441,300043.355697,300043.355902,3061.6668969591833,0.024,293506.843441,29641.86846233595,89.58559550000001,67.38672428865979,20.586597478313248,0.3232866122786463,30,64,,False,False,Request timeout: 300.0s exceeded,515,21.16838264042747
194,2026-09-14T02:16:15.305+00:00,2026-09-14T02:21:09.233+00:00,2026-09-14T02:21:15.383+00:00,False,89,88.0,,88.0,293928.321228,300078.33006,300078.330175,3371.6666311797753,0.02525,293928.321228,31148.938259331644,88.97378839999999,69.886464,20.19516295586984,0.29325676393361894,30,64,,False,False,Request timeout: 300.0s exceeded,430,21.16838264042747
195,2026-09-14T02:16:17.822+00:00,2026-09-14T02:21:11.786+00:00,2026-09-14T02:21:17.873+00:00,False,92,91.0,,91.0,293964.094474,300050.93018599995,300050.930205,3261.4231544021736,0.0,293964.094474,30640.979914565938,89.85657210000001,66.88830452747253,69.54091574622467,0.30328184599724317,30,64,,False,False,Request timeout: 300.0s exceeded,369,21.16838264042747
196,2026-09-14T02:16:20.817+00:00,2026-09-14T02:21:14.701+00:00,2026-09-14T02:21:20.860+00:00,False,98,97.0,,97.0,293883.61107499996,300042.835139,300042.83510499995,3061.6615827040814,0.0,293883.61107499996,29680.38945659197,90.32550035,63.497155298969076,67.46483199159906,0.32328717316333544,30,64,,False,False,Request timeout: 300.0s exceeded,414,21.16838264042747
197,2026-09-14T02:16:24.457+00:00,2026-09-14T02:21:18.431+00:00,2026-09-14T02:21:24.508+00:00,False,93,92.0,,92.0,293974.111869,300051.28870100004,300051.288811,3226.357944204301,0.02091,293974.111869,30476.85209270778,88.1533718,66.05626991304348,19.94904620654142,0.3066142471785137,30,64,,False,False,Request timeout: 300.0s exceeded,403,21.16838264042747
198,2026-09-14T02:16:29.052+00:00,2026-09-14T02:21:22.952+00:00,2026-09-14T02:21:29.071+00:00,False,91,90.0,,90.0,293899.674315,300018.805451,300018.805478,3296.9099503076923,0.04143,293899.674315,30801.93641852094,87.86269899999999,67.99034595555555,20.17411527174904,0.29998119572774273,30,64,,False,False,Request timeout: 300.0s exceeded,342,21.16838264042747
199,2026-09-14T02:16:33.487+00:00,2026-09-14T02:21:27.336+00:00,2026-09-14T02:21:33.555+00:00,False,98,97.0,,97.0,293848.61992900004,300067.97020100005,300067.97030100005,3061.9180642959186,0.02168,293848.61992900004,29676.723725114214,89.25127834999999,64.11701311340207,21.07796852591072,0.32326009315497656,30,64,,False,False,Request timeout: 300.0s exceeded,145,21.16838264042747
200,2026-09-14T02:16:36.132+00:00,2026-09-14T02:21:30.098+00:00,2026-09-14T02:21:36.197+00:00,False,94,93.0,,93.0,293966.178232,300065.24204,300065.24199799995,3192.1834255106382,0.039240000000000004,293966.178232,30313.539436217077,91.94759,65.5813312688172,21.357727399151656,0.3099325978835053,30,64,,False,False,Request timeout: 300.0s exceeded,435,21.16838264042747
201,2026-09-14T02:16:39.172+00:00,2026-09-14T02:21:34.075+00:00,2026-09-14T02:21:39.185+00:00,False,75,74.0,,74.0,294902.706176,300012.669952,300012.67,4000.1689333333334,0.02206,294902.706176,34044.46341411686,88.5554581,69.05356454054055,19.789465514963045,0.24665624959052396,30,64,,False,False,Request timeout: 300.0s exceeded,364,21.16838264042747
202,2026-09-14T02:16:42.003+00:00,2026-09-14T02:21:35.909+00:00,2026-09-14T02:21:42.073+00:00,False,92,91.0,,91.0,293905.60869300005,300069.2518290001,300069.25204200007,3261.6223048043485,0.02232,293905.60869300005,30634.72284980478,89.3723626,67.73234215384616,20.132321771011554,0.3032633281995118,30,64,,False,False,Request timeout: 300.0s exceeded,374,21.16838264042747
203,2026-09-14T02:16:46.293+00:00,2026-09-14T02:21:40.034+00:00,2026-09-14T02:21:46.328+00:00,False,68,67.0,,67.0,293740.599107,300034.96045099996,300034.960391,4412.278829279411,0.06669,293740.599107,35610.712375073635,91.49696305000002,93.94569170149254,244.23702122381385,0.22330731025240663,30,64,,False,False,Request timeout: 300.0s exceeded,419,21.16838264042747
204,2026-09-14T02:16:49.881+00:00,2026-09-14T02:21:43.374+00:00,2026-09-14T02:21:49.892+00:00,False,109,108.0,,108.0,293492.892215,300010.424631,300010.424536,2752.3892159266056,0.01517,293492.892215,28106.47037893621,91.21753319999999,60.34752237037037,203.5087914034586,0.35998749087747667,30,64,,False,False,Request timeout: 300.0s exceeded,476,21.16838264042747
205,2026-09-14T02:16:53.466+00:00,2026-09-14T02:21:47.624+00:00,2026-09-14T02:21:53.489+00:00,False,89,88.0,,88.0,294157.58218800003,300023.128428,300023.12825500005,3371.0463848876407,0.02579,294157.58218800003,31173.58203214289,86.29285,66.65393454545455,19.426362689632505,0.2933107206137222,30,64,,False,False,Request timeout: 300.0s exceeded,383,21.16838264042747
206,2026-09-14T02:16:57.951+00:00,2026-09-14T02:21:51.704+00:00,2026-09-14T02:21:58.023+00:00,False,93,92.0,,92.0,293752.642981,300071.78179700003,300071.78181200003,3226.5782990537637,0.037689999999999994,293752.642981,30453.613948874663,88.5766872,68.68629147826087,19.677953296711518,0.30659330727151957,30,64,,False,False,Request timeout: 300.0s exceeded,455,21.16838264042747
207,2026-09-14T02:17:01.609+00:00,2026-09-14T02:21:55.444+00:00,2026-09-14T02:22:01.681+00:00,False,93,92.0,,92.0,293834.802071,300072.433815,300072.433984,3226.5853116559138,0.041409999999999995,293834.802071,30462.225524469475,88.6949786,67.80034504347826,20.001497696557042,0.3065926410845177,30,64,,False,False,Request timeout: 300.0s exceeded,426,21.16838264042747
208,2026-09-14T02:17:04.414+00:00,2026-09-14T02:21:58.572+00:00,2026-09-14T02:22:04.434+00:00,False,89,88.0,,88.0,294158.19216900005,300019.79498500004,300019.79500600003,3371.008932651686,0.02232,294158.19216900005,31173.652450169004,89.3402794,66.6091229090909,21.00243327003752,0.2933139795139174,30,64,,False,False,Request timeout: 300.0s exceeded,359,21.16838264042747
209,2026-09-14T02:17:08.255+00:00,2026-09-14T02:22:02.283+00:00,2026-09-14T02:22:08.268+00:00,False,90,89.0,,89.0,294028.069549,300013.06154900003,300013.061516,3333.478461288889,0.02631,294028.069549,30986.198073331707,88.01707600000002,67.2471011235955,20.462034623499637,0.2966537508083259,30,64,,False,False,Request timeout: 300.0s exceeded,376,21.16838264042747
210,2026-09-14T02:17:12.808+00:00,2026-09-14T02:22:06.210+00:00,2026-09-14T02:22:12.823+00:00,False,103,102.0,,102.0,293401.35956099996,300014.76500099996,300014.76516099996,2912.7647103009704,0.0,293401.35956099996,28903.382143923678,90.1356574,64.83730823529412,66.50894416092233,0.33998326715573496,30,64,,False,False,Request timeout: 300.0s exceeded,368,21.16838264042747
211,2026-09-14T02:17:15.735+00:00,2026-09-14T02:22:09.551+00:00,2026-09-14T02:22:15.773+00:00,False,101,100.0,,100.0,293815.78222000005,300037.62106800004,300037.62114600005,2970.6695162970304,0.0,293815.78222000005,29229.64765310165,90.00634,62.218388479999994,66.80386713808802,0.33329153738802697,30,64,,False,False,Request timeout: 300.0s exceeded,406,21.16838264042747
212,2026-09-14T02:17:18.836+00:00,2026-09-14T02:22:12.496+00:00,2026-09-14T02:22:18.854+00:00,False,98,97.0,,97.0,293659.949111,300018.118199,300018.11834,3061.4093708163264,0.02492,293659.949111,29657.520073283926,88.68390670000001,65.54813492783505,20.41238761800842,0.3233138071203438,30,64,,False,False,Request timeout: 300.0s exceeded,411,21.16838264042747
213,2026-09-14T02:17:22.756+00:00,2026-09-14T02:22:16.358+00:00,2026-09-14T02:22:22.781+00:00,False,94,93.0,,93.0,293602.63501800003,300025.50452200003,300025.504659,3191.7606878617025,0.03481,293602.63501800003,30275.68287262919,89.30571335,69.06311294623657,20.125915687444042,0.30997364756762064,30,64,,False,False,Request timeout: 300.0s exceeded,478,21.16838264042747
214,2026-09-14T02:17:27.330+00:00,2026-09-14T02:22:20.800+00:00,2026-09-14T02:22:27.346+00:00,False,99,98.0,,98.0,293469.290497,300015.645441,300015.645659,3030.461067262626,0.034659999999999996,293469.290497,29488.066897583947,89.710792,66.79954024489795,20.491968684842764,0.3266496314082138,30,64,,False,False,Request timeout: 300.0s exceeded,529,21.16838264042747
215,2026-09-14T02:17:31.583+00:00,2026-09-14T02:22:25.744+00:00,2026-09-14T02:22:31.669+00:00,False,86,85.0,,85.0,294160.926938,300086.585306,300086.58528,3489.3788986046516,0.02273,294160.926938,31712.677280908603,88.38459649999999,69.71362785882353,19.90745320132714,0.28325158191701577,30,64,,False,False,Request timeout: 300.0s exceeded,413,21.16838264042747
216,2026-09-14T02:17:35.892+00:00,2026-09-14T02:22:29.736+00:00,2026-09-14T02:22:35.934+00:00,False,88,87.0,,87.0,293844.595394,300041.95373,300041.953712,3409.5676558181817,0.023989999999999997,293844.595394,31316.352575569766,91.69846484999998,71.23400386206896,21.102558520564475,0.2899594503983568,30,64,,False,False,Request timeout: 300.0s exceeded,476,21.16838264042747
217,2026-09-14T02:17:39.829+00:00,2026-09-14T02:22:33.294+00:00,2026-09-14T02:22:39.898+00:00,False,97,96.0,,96.0,293464.884712,300068.974056,300068.973941,3093.4945767113404,0.037149999999999996,293464.884712,29789.867680323954,91.62709860000001,68.79259733333333,21.920347231807643,0.31992644458498437,30,64,,False,False,Request timeout: 300.0s exceeded,274,21.16838264042747
218,2026-09-14T02:17:43.706+00:00,2026-09-14T02:22:37.670+00:00,2026-09-14T02:22:43.740+00:00,False,87,86.0,,86.0,293963.994704,300033.59624,300033.59629300004,3448.662026356322,0.03449,293963.994704,31508.688920343044,91.18425869999999,70.57676204651163,21.41416535389859,0.2866345671876282,30,64,,False,False,Request timeout: 300.0s exceeded,143,21.16838264042747
219,2026-09-14T02:17:48.125+00:00,2026-09-14T02:22:42.067+00:00,2026-09-14T02:22:48.149+00:00,False,91,90.0,,90.0,293941.136841,300024.053449,300024.053412,3296.9676199120877,0.039560000000000005,293941.136841,30806.325277122884,89.38783149999999,67.58796231111111,20.51777788611948,0.29997594847940673,30,64,,False,False,Request timeout: 300.0s exceeded,348,21.16838264042747
220,2026-09-14T02:17:52.316+00:00,2026-09-14T02:22:46.048+00:00,2026-09-14T02:22:52.349+00:00,False,92,91.0,,91.0,293732.27119,300033.12623,300033.12623,3261.229632934783,0.03886,293732.27119,30616.49293470977,88.02338265,69.24016527472527,18.474296461451253,0.303299842732169,30,64,,False,False,Request timeout: 300.0s exceeded,324,21.16838264042747
221,2026-09-14T02:17:56.600+00:00,2026-09-14T02:22:50.552+00:00,2026-09-14T02:22:56.644+00:00,False,93,92.0,,92.0,293952.153024,300044.56032,300044.560445,3226.285596182796,0.022359999999999998,293952.153024,30474.557809421924,88.73906699999999,66.2218184347826,19.807983283736164,0.30662112288215204,30,64,,False,False,Request timeout: 300.0s exceeded,446,21.16838264042747
222,2026-09-14T02:17:59.148+00:00,2026-09-14T02:22:53.382+00:00,2026-09-14T02:22:59.220+00:00,False,85,84.0,,84.0,294233.296965,300071.432517,300071.432393,3530.2521457999997,0.12938999999999998,294233.296965,31906.550610344617,91.1798954,69.50161371428571,21.579440467662224,0.2799333455217905,30,64,,False,False,Request timeout: 300.0s exceeded,341,21.16838264042747
223,2026-09-14T02:18:02.036+00:00,2026-09-14T02:22:55.888+00:00,2026-09-14T02:23:02.057+00:00,False,91,90.0,,90.0,293851.96061199997,300021.00816399994,300021.008171,3296.934155725274,0.04065,293851.96061199997,30796.87716015168,90.13327450000001,68.5449728,21.133643514976068,0.2999789933070402,30,64,,False,False,Request timeout: 300.0s exceeded,412,21.16838264042747
224,2026-09-14T02:18:06.082+00:00,2026-09-14T02:22:59.706+00:00,2026-09-14T02:23:06.433+00:00,False,92,91.0,,91.0,293624.06428500003,300350.63324500003,300350.633266,3264.6807963695655,0.024489999999999998,293624.06428500003,30604.787442082004,89.24299605,73.91834021978022,65.39695503077841,0.30297921804536393,30,64,,False,False,Request timeout: 300.0s exceeded,437,21.16838264042747
225,2026-09-14T02:18:09.159+00:00,2026-09-14T02:23:02.741+00:00,2026-09-14T02:23:09.247+00:00,False,101,100.0,,100.0,293581.894639,300087.939055,300087.93905600003,2971.1677134257425,0.0,293581.894639,29206.09190275635,89.65100000000001,65.06044416,66.65705303997859,0.333235651905597,30,64,,False,False,Request timeout: 300.0s exceeded,527,21.16838264042747
226,2026-09-14T02:18:13.750+00:00,2026-09-14T02:23:07.622+00:00,2026-09-14T02:23:13.792+00:00,False,91,90.0,,90.0,293871.429326,300042.03387,300042.034011,3297.1652089120876,0.02123,293871.429326,30798.915171687022,89.04032649999999,68.56227271111112,19.524889737298658,0.2999579720186623,30,64,,False,False,Request timeout: 300.0s exceeded,427,21.16838264042747
227,2026-09-14T02:18:17.972+00:00,2026-09-14T02:23:11.463+00:00,2026-09-14T02:23:18.051+00:00,False,96,95.0,,95.0,293491.234616,300078.44843999995,300078.448332,3125.817170125,0.02302,293491.234616,29947.253965270407,90.14894999999999,69.33909288421053,20.81429030405122,0.3165838816278572,30,64,,False,False,Request timeout: 300.0s exceeded,400,21.16838264042747
228,2026-09-14T02:18:21.454+00:00,2026-09-14T02:23:15.352+00:00,2026-09-14T02:23:21.490+00:00,False,90,89.0,,89.0,293897.160865,300035.89084899996,300035.890898,3333.7321210888886,0.020390000000000002,293897.160865,30972.2171550672,89.63240710000002,68.97449420224719,20.688781399027665,0.296631178850504,30,64,,False,False,Request timeout: 300.0s exceeded,467,21.16838264042747
229,2026-09-14T02:18:24.571+00:00,2026-09-14T02:23:18.401+00:00,2026-09-14T02:23:24.629+00:00,False,93,92.0,,92.0,293830.098822,300057.76448600006,300057.764396,3226.427574150538,0.023059999999999997,293830.098822,30461.749510645637,89.0343322,67.69201808695652,20.693193088400722,0.30660762989285184,30,64,,False,False,Request timeout: 300.0s exceeded,227,21.16838264042747
230,2026-09-14T02:18:28.170+00:00,2026-09-14T02:23:21.877+00:00,2026-09-14T02:23:28.194+00:00,False,94,93.0,,93.0,293707.314857,300023.646633,300023.646635,3191.7409216489364,0.03404,293707.314857,30286.598087727274,88.99600400000001,67.91754597849463,20.368038308670133,0.30997556707175494,30,64,,False,False,Request timeout: 300.0s exceeded,416,21.16838264042747
231,2026-09-14T02:18:31.069+00:00,2026-09-14T02:23:24.540+00:00,2026-09-14T02:23:31.096+00:00,False,99,98.0,,98.0,293470.898981,300026.949669,300026.949832,3030.575250828283,0.02629,293470.898981,29488.21865603876,89.867973,66.89847640816326,20.5546262031688,0.3266373241074409,30,64,,False,False,Request timeout: 300.0s exceeded,503,21.16838264042747
232,2026-09-14T02:18:33.783+00:00,2026-09-14T02:23:26.980+00:00,2026-09-14T02:23:33.864+00:00,False,105,104.0,,104.0,293196.97586400004,300080.370424,300080.37044300005,2857.908289933334,0.026439,293196.97586400004,28606.64349728886,90.4300468,66.18648615384615,20.98582373134581,0.3465738190507186,30,64,,False,False,Request timeout: 300.0s exceeded,364,21.16838264042747
233,2026-09-14T02:18:36.860+00:00,2026-09-14T02:23:30.292+00:00,2026-09-14T02:23:36.901+00:00,False,98,97.0,,97.0,293432.067092,300040.717332,300040.71719299996,3061.6399713571427,0.03843,293432.067092,29634.23979587581,89.98378985000001,68.13041484536083,20.597322619795968,0.32328945505308837,30,64,,False,False,Request timeout: 300.0s exceeded,357,21.16838264042747
234,2026-09-14T02:18:40.387+00:00,2026-09-14T02:23:33.863+00:00,2026-09-14T02:23:40.430+00:00,False,96,95.0,,95.0,293476.303534,300042.885038,300042.885213,3125.44672096875,0.029920000000000002,293476.303534,29945.751748693245,90.11193650000001,69.12191056842106,20.095927414755415,0.31662140559663127,30,64,,False,False,Request timeout: 300.0s exceeded,407,21.16838264042747
235,2026-09-14T02:18:44.281+00:00,2026-09-14T02:23:38.097+00:00,2026-09-14T02:23:44.337+00:00,False,93,92.0,,92.0,293816.38938300003,300055.836167,300055.836224,3226.4068411182798,0.02535,293816.38938300003,30460.313977743073,87.77178400000001,67.82007373913044,19.699446909913455,0.30660960031717627,30,64,,False,False,Request timeout: 300.0s exceeded,467,21.16838264042747
236,2026-09-14T02:18:47.031+00:00,2026-09-14T02:23:40.589+00:00,2026-09-14T02:23:47.107+00:00,False,99,98.0,,98.0,293557.875795,300075.503699,300075.503718,3031.0656941212123,0.05164,293557.875795,29496.99830851064,84.99133970000001,66.50640718367347,18.656539221745568,0.32658447221437287,30,64,,False,False,Request timeout: 300.0s exceeded,347,21.16838264042747
237,2026-09-14T02:18:50.446+00:00,2026-09-14T02:23:44.180+00:00,2026-09-14T02:23:50.537+00:00,False,94,93.0,,93.0,293733.38194,300090.516788,300090.516762,3192.4523059787234,0.02648,293733.38194,30289.241206129373,88.87101900000002,68.35628868817204,20.000165904965858,0.3099064941985494,30,64,,False,False,Request timeout: 300.0s exceeded,364,21.16838264042747
238,2026-09-14T02:18:54.092+00:00,2026-09-14T02:23:47.780+00:00,2026-09-14T02:23:54.166+00:00,False,94,93.0,,93.0,293688.06404400006,300073.6256440001,300073.62576500006,3192.2726145212773,0.02375,293688.06404400006,30284.535556544157,89.01129044999999,68.66195268817204,20.092514016914897,0.30992393883470754,30,64,,False,False,Request timeout: 300.0s exceeded,353,21.16838264042747
239,2026-09-14T02:18:59.258+00:00,2026-09-14T02:23:51.747+00:00,2026-09-14T02:23:59.005+00:00,True,107,107.0,,107.0,292489.301155,299746.82256299997,299746.822366,2801.37217164486,39.670415999999996,292489.301155,28269.39579809315,91.362893,68.46718309433962,19.64594882129023,0.3569679207442175,30,64,,False,True,,506,21.16838264042747
240,2026-09-14T02:19:01.392+00:00,2026-09-14T02:23:55.369+00:00,2026-09-14T02:24:01.407+00:00,False,101,100.0,,100.0,293976.89607599995,300014.98759599996,300014.98758399993,2970.445421623762,0.0,293976.89607599995,29245.862103463383,91.820286,60.380915200000004,66.90501808208037,0.33331668128080305,30,64,,False,False,Request timeout: 300.0s exceeded,576,21.16838264042747
241,2026-09-14T02:19:04.972+00:00,2026-09-14T02:23:59.137+00:00,2026-09-14T02:24:05.038+00:00,False,97,96.0,,96.0,294165.28818599996,300065.71186599997,300065.71176599996,3093.4609460412366,0.0,294165.28818599996,29861.795957182378,95.17923120000002,61.46274666666666,68.09270894898287,0.3199299226926355,30,64,,False,False,Request timeout: 300.0s exceeded,365,21.16838264042747
242,2026-09-14T02:19:07.808+00:00,2026-09-14T02:24:01.548+00:00,2026-09-14T02:24:07.853+00:00,False,96,95.0,,95.0,293740.27121,300044.819562,300044.81962599995,3125.4668711041663,0.037459000000000006,293740.27121,29972.97469418335,88.17316875,66.3636668631579,20.61858489409031,0.31661936419592007,30,64,,False,False,Request timeout: 300.0s exceeded,311,21.16838264042747
243,2026-09-14T02:19:12.389+00:00,2026-09-14T02:24:05.907+00:00,2026-09-14T02:24:12.407+00:00,False,98,97.0,,97.0,293517.847622,300017.778502,300017.778505,3061.4059031122447,0.027370000000000002,293517.847622,29643.017555088594,88.2668802,67.00959670103093,19.705002710922717,0.32331417319441746,30,64,,False,False,Request timeout: 300.0s exceeded,450,21.16838264042747
244,2026-09-14T02:19:16.671+00:00,2026-09-14T02:24:10.002+00:00,2026-09-14T02:24:16.760+00:00,False,100,99.0,,99.0,293330.584039,300088.66941499995,300088.669497,3000.88669497,0.044950000000000004,293330.584039,29326.238430274207,87.89010349999998,68.26348864646465,19.43562756061825,0.3299024924632875,30,64,,False,False,Request timeout: 300.0s exceeded,459,21.16838264042747
245,2026-09-14T02:19:19.510+00:00,2026-09-14T02:24:13.495+00:00,2026-09-14T02:24:19.534+00:00,False,88,87.0,,87.0,293985.356941,300024.149133,300024.149019,3409.3653297613632,0.025670000000000002,293985.356941,31331.551477409248,90.2666487,69.41140450574713,20.15620028697453,0.28997665771708636,30,64,,False,False,Request timeout: 300.0s exceeded,416,21.16838264042747
246,2026-09-14T02:19:22.994+00:00,2026-09-14T02:24:16.759+00:00,2026-09-14T02:24:23.010+00:00,False,92,91.0,,91.0,293764.967765,300016.61294900003,300016.613054,3261.0501418913045,0.03588,293764.967765,30619.959235430175,89.38128209999999,68.69939762637364,20.186343983326072,0.30331653672614833,30,64,,False,False,Request timeout: 300.0s exceeded,485,21.16838264042747
247,2026-09-14T02:19:27.318+00:00,2026-09-14T02:24:21.094+00:00,2026-09-14T02:24:27.345+00:00,False,93,92.0,,92.0,293776.075221,300026.286037,300026.285993,3226.089096698925,0.02086,293776.075221,30456.121755303586,87.9143906,67.93707408695651,20.151901829530374,0.3066397988496725,30,64,,False,False,Request timeout: 300.0s exceeded,427,21.16838264042747
248,2026-09-14T02:19:30.774+00:00,2026-09-14T02:24:24.495+00:00,2026-09-14T02:24:30.781+00:00,False,95,94.0,,94.0,293721.591385,300007.039321,300007.039262,3157.968834336842,0.124689,293721.591385,30128.345630693075,88.40014739999998,66.86646740425532,19.98124210901508,0.3133259813261327,30,64,,False,False,Request timeout: 300.0s exceeded,354,21.16838264042747
249,2026-09-14T02:19:35.217+00:00,2026-09-14T02:24:29.074+00:00,2026-09-14T02:24:35.238+00:00,False,91,90.0,,90.0,293857.30361,300021.26981800003,300021.269593,3296.9370284945057,0.07223,293857.30361,30797.44252750013,88.79641749999999,68.48851342222223,20.15344764472955,0.2999787316899103,30,64,,False,False,Request timeout: 300.0s exceeded,357,21.16838264042747
250,2026-09-14T02:19:37.911+00:00,2026-09-14T02:24:31.500+00:00,2026-09-14T02:24:37.962+00:00,False,96,95.0,,95.0,293589.007192,300051.597144,300051.59722399997,3125.537471083333,0.03903,293589.007192,29957.366387692873,88.77086049999998,68.02726265263158,20.321441094173885,0.3166122123802855,30,64,,False,False,Request timeout: 300.0s exceeded,359,21.16838264042747
251,2026-09-14T02:19:42.285+00:00,2026-09-14T02:24:36.130+00:00,2026-09-14T02:24:42.340+00:00,False,89,88.0,,88.0,293844.608454,300054.921414,300054.92156999995,3371.403613146067,0.06812,293844.608454,31139.99204011473,88.75813600000001,70.57173818181819,20.123590552986535,0.2932796422245054,30,64,,False,False,Request timeout: 300.0s exceeded,465,21.16838264042747
252,2026-09-14T02:19:46.453+00:00,2026-09-14T02:24:40.288+00:00,2026-09-14T02:24:47.551+00:00,False,74,73.0,,73.0,293834.749317,301098.084997,301098.085019,4068.893040797297,0.03352,293834.749317,34146.89507579099,92.14201680000001,99.4977490410959,244.82626489225692,0.24244591260262363,30,64,,False,False,Request timeout: 300.0s exceeded,290,21.16838264042747
253,2026-09-14T02:19:50.910+00:00,2026-09-14T02:24:44.843+00:00,2026-09-14T02:24:50.924+00:00,False,102,101.0,,101.0,293933.175921,300013.940337,300013.94034000003,2941.3131405882355,0.015359999999999999,293933.175921,29098.56512903631,92.73861379999998,60.20558827722772,217.54748778770187,0.3366510232376156,30,64,,False,False,Request timeout: 300.0s exceeded,422,21.16838264042747
254,2026-09-14T02:19:54.753+00:00,2026-09-14T02:24:48.868+00:00,2026-09-14T02:24:54.802+00:00,False,85,84.0,,84.0,294115.450735,300048.84542300005,300048.84544500004,3529.986417,0.026719999999999997,294115.450735,31893.644631671665,90.862283,70.63565104761905,20.41187777102706,0.27995441836004825,30,64,,False,False,Request timeout: 300.0s exceeded,434,21.16838264042747
255,2026-09-14T02:19:58.753+00:00,2026-09-14T02:24:52.498+00:00,2026-09-14T02:24:58.765+00:00,False,97,96.0,,96.0,293744.98291799997,300012.135302,300012.135393,3092.908612298969,0.0,293744.98291799997,29818.733718845793,89.7927572,65.28283733333333,68.55865911230602,0.31998705620145634,30,64,,False,False,Request timeout: 300.0s exceeded,471,21.16838264042747
256,2026-09-14T02:20:03.230+00:00,2026-09-14T02:24:57.328+00:00,2026-09-14T02:25:03.246+00:00,False,91,90.0,,90.0,294098.02690600004,300016.77865000005,300016.77866700006,3296.887677659341,0.020189,294098.02690600004,30822.96254816525,85.7764445,65.76390826666666,19.766184703389545,0.2999832222883578,30,64,,False,False,Request timeout: 300.0s exceeded,409,21.16838264042747
257,2026-09-14T02:20:06.063+00:00,2026-09-14T02:24:59.621+00:00,2026-09-14T02:25:06.095+00:00,False,98,97.0,,97.0,293557.45886,300031.582636,300031.582809,3061.546763357143,0.02181,293557.45886,29647.045556765643,86.243946,66.74354408247423,19.380133978848082,0.3232992978531895,30,64,,False,False,Request timeout: 300.0s exceeded,466,21.16838264042747
258,2026-09-14T02:20:09.107+00:00,2026-09-14T02:25:02.846+00:00,2026-09-14T02:25:09.169+00:00,False,94,93.0,,93.0,293738.217321,300061.74576900003,300061.745686,3192.146230702128,0.02475,293738.217321,30289.777141522245,88.23545,67.99492954838709,19.896747029408147,0.3099362091680799,30,64,,False,False,Request timeout: 300.0s exceeded,124,21.16838264042747
259,2026-09-14T02:20:12.657+00:00,2026-09-14T02:25:06.394+00:00,2026-09-14T02:25:12.689+00:00,False,92,91.0,,91.0,293736.490857,300032.042345,300032.042342,3261.2178515434784,0.020399999999999998,293736.490857,30616.93972553865,88.86697165000001,69.18188448351648,19.74440210917391,0.3033009384223075,30,64,,False,False,Request timeout: 300.0s exceeded,177,21.16838264042747
260,2026-09-14T02:20:16.503+00:00,2026-09-14T02:25:10.112+00:00,2026-09-14T02:25:16.574+00:00,False,93,92.0,,92.0,293609.65179699997,300071.72565299994,300071.725651,3226.5776951720427,0.02273,293609.65179699997,30438.625410489374,88.4210976,70.2399332173913,19.76952904696151,0.3065933646357202,30,64,,False,False,Request timeout: 300.0s exceeded,425,21.16838264042747
261,2026-09-14T02:20:19.363+00:00,2026-09-14T02:25:13.164+00:00,2026-09-14T02:25:19.378+00:00,False,90,89.0,,89.0,293801.28247399995,300015.5762339999,300015.576081,3333.5064008999993,0.023129999999999998,293801.28247399995,30962.021244812626,91.14675000000001,69.82352539325842,20.768502461052268,0.29665126430163624,30,64,,False,False,Request timeout: 300.0s exceeded,387,21.16838264042747
262,2026-09-14T02:20:22.111+00:00,2026-09-14T02:25:15.716+00:00,2026-09-14T02:25:22.602+00:00,False,102,101.0,,101.0,293604.797592,300490.329752,300490.32970999996,2945.983624607843,0.02207,293604.797592,29064.464207518628,90.33647305000001,68.17358574257426,20.989723865775787,0.33611730561631414,30,64,,False,False,Request timeout: 300.0s exceeded,476,21.16838264042747
263,2026-09-14T02:20:24.986+00:00,2026-09-14T02:25:18.676+00:00,2026-09-14T02:25:25.012+00:00,False,97,96.0,,96.0,293690.27894199995,300025.39702199993,300025.3971129999,3093.045331061855,0.02419,293690.27894199995,29813.036607888138,88.90827180000001,65.99081333333334,20.703506927053812,0.3199729121363703,30,64,,False,False,Request timeout: 300.0s exceeded,398,21.16838264042747
264,2026-09-14T02:20:28.682+00:00,2026-09-14T02:25:22.475+00:00,2026-09-14T02:25:28.723+00:00,False,93,92.0,,92.0,293793.250418,300041.10628999997,300041.106165,3226.2484533870966,0.03575,293793.250418,30457.90573926227,89.897806,67.91147686956522,20.672338256749807,0.3066246526603554,30,64,,False,False,Request timeout: 300.0s exceeded,304,21.16838264042747
265,2026-09-14T02:20:31.455+00:00,2026-09-14T02:25:25.013+00:00,2026-09-14T02:25:31.536+00:00,False,93,92.0,,92.0,293558.71349500003,300080.97346300003,300080.97356400004,3226.6771350967747,0.047920000000000004,293558.71349500003,30433.275971799943,90.806135,70.89413008695652,20.462737046881326,0.30658391612870317,30,64,,False,False,Request timeout: 300.0s exceeded,426,21.16838264042747
266,2026-09-14T02:20:34.923+00:00,2026-09-14T02:25:28.723+00:00,2026-09-14T02:25:34.969+00:00,False,88,87.0,,87.0,293799.498529,300045.43747299997,300045.43752,3409.6072445454543,0.02606,293799.498529,31311.485129555145,91.44918785,71.79240165517241,20.21374421796394,0.28995608376090976,30,64,,False,False,Request timeout: 300.0s exceeded,193,21.16838264042747
267,2026-09-14T02:20:37.624+00:00,2026-09-14T02:25:31.706+00:00,2026-09-14T02:25:37.681+00:00,False,88,87.0,,87.0,294081.47954699997,300056.55897099996,300056.55893799994,3409.7336242954543,0.03495,294081.47954699997,31341.876341600808,89.314403,68.67907383908046,20.305786345214102,0.2899453366337125,30,64,,False,False,Request timeout: 300.0s exceeded,168,21.16838264042747
268,2026-09-14T02:20:40.457+00:00,2026-09-14T02:25:34.545+00:00,2026-09-14T02:25:40.539+00:00,False,89,88.0,,88.0,294088.030806,300081.833814,300081.833736,3371.7059970337077,0.024189,294088.030806,31166.05528461463,87.6926908,68.11139781818181,19.70619913813933,0.2932533398691009,30,64,,False,False,Request timeout: 300.0s exceeded,424,21.16838264042747
269,2026-09-14T02:20:43.444+00:00,2026-09-14T02:25:37.516+00:00,2026-09-14T02:25:43.461+00:00,False,86,85.0,,85.0,294071.28593199997,300017.00164399995,300017.001695,3488.5697871511625,0.03372,294071.28593199997,31702.98557318246,88.610993,69.9495966117647,19.865361209682916,0.2833172771350504,30,64,,False,False,Request timeout: 300.0s exceeded,426,21.16838264042747
270,2026-09-14T02:20:46.193+00:00,2026-09-14T02:25:40.037+00:00,2026-09-14T02:25:46.265+00:00,False,92,91.0,,91.0,293843.988103,300072.026503,300072.02635299996,3261.6524603586954,0.04061,293843.988103,30628.22488797166,89.5064675,68.43998241758243,20.44305308182847,0.3032605240165238,30,64,,False,False,Request timeout: 300.0s exceeded,320,21.16838264042747
271,2026-09-14T02:20:49.998+00:00,2026-09-14T02:25:44.330+00:00,2026-09-14T02:25:50.041+00:00,False,80,79.0,,79.0,294331.499327,300042.739007,300042.738768,3750.5342345999998,0.03779,294331.499327,32899.184839170324,89.97096295,72.29417316455697,19.235961098836814,0.2632958233265459,30,64,,False,False,Request timeout: 300.0s exceeded,250,21.16838264042747
272,2026-09-14T02:20:54.013+00:00,2026-09-14T02:25:47.704+00:00,2026-09-14T02:25:54.020+00:00,False,99,98.0,,98.0,293690.767066,300006.635226,300006.635327,3030.3700538080807,0.0,293690.767066,29510.634592860566,89.0375518,64.44763428571429,68.69325333205677,0.3266594418025954,30,64,,False,False,Request timeout: 300.0s exceeded,406,21.16838264042747
273,2026-09-14T02:20:58.462+00:00,2026-09-14T02:25:52.076+00:00,2026-09-14T02:25:58.508+00:00,False,100,99.0,,99.0,293613.77627100004,300045.64391900005,300045.64393500006,3000.4564393500004,0.02158,293613.77627100004,29354.888142792715,90.03592995000001,64.96836008080808,20.881127063326975,0.32994979932695145,30,64,,False,False,Request timeout: 300.0s exceeded,420,21.16838264042747
274,2026-09-14T02:21:02.569+00:00,2026-09-14T02:25:56.283+00:00,2026-09-14T02:26:02.579+00:00,False,93,92.0,,92.0,293714.160141,300009.347085,300009.346955,3225.9069565053765,0.026600000000000002,293714.160141,30449.651087781738,89.44372500000001,68.42594504347827,20.63384250033695,0.30665711216635577,30,64,,False,False,Request timeout: 300.0s exceeded,469,21.16838264042747
275,2026-09-14T02:21:06.645+00:00,2026-09-14T02:26:00.549+00:00,2026-09-14T02:26:06.736+00:00,False,89,88.0,,88.0,293903.850942,300090.481342,300090.481286,3371.803160516854,0.021070000000000002,293903.850942,31146.300469728056,89.99492440000002,70.30261818181819,20.454063181597274,0.2932448893629193,30,64,,False,False,Request timeout: 300.0s exceeded,417,21.16838264042747
276,2026-09-14T02:21:09.698+00:00,2026-09-14T02:26:03.785+00:00,2026-09-14T02:26:09.778+00:00,False,92,91.0,,91.0,294086.237549,300079.134061,300079.13400200004,3261.7297174130435,0.03171,294086.237549,30653.750975085466,90.54406150000001,65.85600562637363,21.105463122592212,0.30325334110535507,30,64,,False,False,Request timeout: 300.0s exceeded,334,21.16838264042747
277,2026-09-14T02:21:12.343+00:00,2026-09-14T02:26:06.054+00:00,2026-09-14T02:26:12.367+00:00,False,94,93.0,,93.0,293711.47350300004,300024.28143900004,300024.28136900003,3191.7476741382984,0.022670000000000003,293711.47350300004,30287.030880884096,89.77590595000001,67.87965522580645,20.297921740068116,0.30997491121033965,30,64,,False,False,Request timeout: 300.0s exceeded,442,21.16838264042747
278,2026-09-14T02:21:16.718+00:00,2026-09-14T02:26:10.449+00:00,2026-09-14T02:26:17.235+00:00,False,97,96.0,,96.0,293731.122953,300516.87834500003,300516.87833000004,3098.112147731959,0.04117,293731.122953,29816.706742211638,89.69805079999998,70.684952,20.22000974617553,0.31944961137853256,30,64,,False,False,Request timeout: 300.0s exceeded,272,21.16838264042747
279,2026-09-14T02:21:20.862+00:00,2026-09-14T02:26:14.440+00:00,2026-09-14T02:26:20.902+00:00,False,98,97.0,,97.0,293578.220876,300040.540748,300040.540646,3061.638169857143,0.0512,293578.220876,29649.15607796995,89.38936285,66.62185435051546,20.79474535585917,0.32328964531986026,30,64,,False,False,Request timeout: 300.0s exceeded,439,21.16838264042747
280,2026-09-14T02:21:23.514+00:00,2026-09-14T02:26:17.193+00:00,2026-09-14T02:26:23.566+00:00,False,97,96.0,,96.0,293678.470065,300052.269745,300052.269583,3093.3223668350515,0.039310000000000005,293678.470065,29811.79676075159,89.5509448,66.39374666666666,20.810569217819538,0.31994425531786774,30,64,,False,False,Request timeout: 300.0s exceeded,472,21.16838264042747
281,2026-09-14T02:21:26.064+00:00,2026-09-14T02:26:19.685+00:00,2026-09-14T02:26:26.100+00:00,False,93,92.0,,92.0,293621.56287699996,300036.571901,300036.57178799994,3226.1996966451607,0.05048,293621.56287699996,30439.913749112897,89.71221259999999,69.72835895652173,20.031700024464534,0.3066292866136209,30,64,,False,False,Request timeout: 300.0s exceeded,579,21.16838264042747
282,2026-09-14T02:21:28.964+00:00,2026-09-14T02:26:22.501+00:00,2026-09-14T02:26:29.023+00:00,False,97,96.0,,96.0,293537.488265,300058.937481,300058.937461,3093.3911078453607,0.02228,293537.488265,29797.325672475963,88.3210218,67.93176266666667,20.228352763686768,0.31993714570184667,30,64,,False,False,Request timeout: 300.0s exceeded,363,21.16838264042747
283,2026-09-14T02:21:33.520+00:00,2026-09-14T02:26:27.303+00:00,2026-09-14T02:26:33.578+00:00,False,93,92.0,,92.0,293782.5539,300057.78206,300057.782025,3226.4277637096775,0.02222,293782.5539,30456.765415665046,88.07954799999999,68.20900173913044,20.228744133216708,0.30660761193523567,30,64,,False,False,Request timeout: 300.0s exceeded,416,21.16838264042747
284,2026-09-14T02:21:36.051+00:00,2026-09-14T02:26:29.445+00:00,2026-09-14T02:26:36.090+00:00,False,100,99.0,,99.0,293394.126981,300039.296133,300039.29604600003,3000.3929604600003,0.03675,293394.126981,29332.70696509135,88.54643795,67.12292072727273,19.715771185825833,0.329956779914974,30,64,,False,False,Request timeout: 300.0s exceeded,433,21.16838264042747
285,2026-09-14T02:21:38.639+00:00,2026-09-14T02:26:32.173+00:00,2026-09-14T02:26:38.679+00:00,False,99,98.0,,98.0,293533.672737,300039.715873,300039.715815,3030.704200151515,0.029109000000000003,293533.672737,29494.5786707943,89.1089038,66.38819526530612,20.160893490959722,0.326623426218285,30,64,,False,False,Request timeout: 300.0s exceeded,421,21.16838264042747
286,2026-09-14T02:21:42.197+00:00,2026-09-14T02:26:35.913+00:00,2026-09-14T02:26:42.250+00:00,False,95,94.0,,94.0,293716.279973,300052.624293,300052.624221,3158.4486760105265,0.02109,293716.279973,30127.74580689226,89.30489440000001,67.40791829787233,20.97330149516458,0.3132783798224989,30,64,,False,False,Request timeout: 300.0s exceeded,324,21.16838264042747
287,2026-09-14T02:21:46.392+00:00,2026-09-14T02:26:38.769+00:00,2026-09-14T02:26:46.462+00:00,False,109,108.0,,108.0,292376.440204,300070.00359599997,300070.00378599996,2752.9358145504584,0.04172,292376.440204,27997.81928449209,89.51514859999999,71.23669807407407,57.531464349740055,0.3599160152822409,30,64,,False,False,Request timeout: 300.0s exceeded,467,21.16838264042747
288,2026-09-14T02:21:48.131+00:00,2026-09-14T02:26:41.652+00:00,2026-09-14T02:26:48.174+00:00,False,105,104.0,,104.0,293521.006908,300043.41586799995,300043.415833,2857.5563412666665,0.0,293521.006908,28638.664355096622,90.5206766,62.71547076923077,62.50452217047615,0.34661650447864983,30,64,,False,False,Request timeout: 300.0s exceeded,412,21.16838264042747
289,2026-09-14T02:21:51.360+00:00,2026-09-14T02:26:45.095+00:00,2026-09-14T02:26:51.427+00:00,False,102,101.0,,101.0,293734.841878,300066.741014,300066.741115,2941.830795245098,0.0,293734.841878,29077.9446489879,91.85740955,62.69207065346534,63.61231881169436,0.3365917850765331,30,64,,False,False,Request timeout: 300.0s exceeded,523,21.16838264042747
290,2026-09-14T02:21:54.596+00:00,2026-09-14T02:26:48.548+00:00,2026-09-14T02:26:54.660+00:00,False,91,90.0,,90.0,293951.66859200003,300063.824496,300063.824574,3297.404665648352,0.03665,293951.66859200003,30807.3948146107,88.4660385,67.91284337777779,19.849671589596824,0.2999361890796661,30,64,,False,False,Request timeout: 300.0s exceeded,437,21.16838264042747
291,2026-09-14T02:21:57.139+00:00,2026-09-14T02:26:50.824+00:00,2026-09-14T02:26:57.151+00:00,False,95,94.0,,94.0,293685.153216,300012.29408,300012.294233,3158.0241498210526,0.03841,293685.153216,30124.561886388557,87.4938477,67.31000919148937,20.34184833457642,0.3133204933759626,30,64,,False,False,Request timeout: 300.0s exceeded,434,21.16838264042747
292,2026-09-14T02:22:00.212+00:00,2026-09-14T02:26:54.035+00:00,2026-09-14T02:27:00.222+00:00,False,91,90.0,,90.0,293823.340816,300009.730064,300009.73006000003,3296.8102204395605,0.04795,293823.340816,30793.855962968406,88.33730349999998,68.7376583111111,19.87438672486495,0.29999027025157027,30,64,,False,False,Request timeout: 300.0s exceeded,358,21.16838264042747
293,2026-09-14T02:22:03.996+00:00,2026-09-14T02:26:57.796+00:00,2026-09-14T02:27:04.081+00:00,False,89,88.0,,88.0,293799.478398,300084.791422,300084.791573,3371.7392311573035,0.039619999999999995,293799.478398,31135.117746239386,89.34542160000001,71.42401163636364,19.843527937369068,0.29325044959125673,30,64,,False,False,Request timeout: 300.0s exceeded,387,21.16838264042747
294,2026-09-14T02:22:07.494+00:00,2026-09-14T02:27:01.409+00:00,2026-09-14T02:27:07.520+00:00,False,89,88.0,,88.0,293915.603063,300026.37016700004,300026.370057,3371.082809629214,0.02527,293915.603063,31147.63711776125,88.76581680000001,69.44053527272726,19.74127531913222,0.2933075514362875,30,64,,False,False,Request timeout: 300.0s exceeded,482,21.16838264042747
295,2026-09-14T02:22:10.200+00:00,2026-09-14T02:27:03.948+00:00,2026-09-14T02:27:10.247+00:00,False,96,95.0,,95.0,293747.960098,300046.51088200003,300046.510725,3125.4844867187503,0.03854,293747.960098,29973.765601508316,89.16079425,66.30053456842106,20.20302744148358,0.3166175794570758,30,64,,False,False,Request timeout: 300.0s exceeded,363,21.16838264042747
296,2026-09-14T02:22:13.302+00:00,2026-09-14T02:27:07.143+00:00,2026-09-14T02:27:13.347+00:00,False,95,94.0,,94.0,293840.851904,300045.19008,300045.19003,3158.370421368421,0.02655,293840.851904,30140.6702253353,89.8743434,66.00359761702127,20.28040723218148,0.3132861419139467,30,64,,False,False,Request timeout: 300.0s exceeded,390,21.16838264042747
297,2026-09-14T02:22:16.950+00:00,2026-09-14T02:27:11.019+00:00,2026-09-14T02:27:16.982+00:00,False,92,91.0,,91.0,294069.405902,300031.885774,300031.885758,3261.2161495434784,0.0223,294069.405902,30652.03068318709,88.90576804999999,65.52175683516484,20.63081935141087,0.3033010966992556,30,64,,False,False,Request timeout: 300.0s exceeded,352,21.16838264042747
298,2026-09-14T02:22:19.760+00:00,2026-09-14T02:27:13.532+00:00,2026-09-14T02:27:19.807+00:00,False,94,93.0,,93.0,293772.42539,300047.02865399997,300047.028798,3191.98966806383,0.038869999999999995,293772.42539,30293.36010649672,89.067521,67.46885230107526,20.52157675381637,0.30995141134106413,30,64,,False,False,Request timeout: 300.0s exceeded,467,21.16838264042747
299,2026-09-14T02:22:23.726+00:00,2026-09-14T02:27:17.501+00:00,2026-09-14T02:27:23.750+00:00,False,91,90.0,,90.0,293774.94619700004,300023.95893300005,300023.95887000003,3296.9665809890116,0.024460000000000003,293774.94619700004,30788.71003770131,89.07276750000001,69.43347484444443,20.107270070985212,0.2999760429802821,30,64,,False,False,Request timeout: 300.0s exceeded,392,21.16838264042747
300,2026-09-14T02:22:28.215+00:00,2026-09-14T02:27:21.971+00:00,2026-09-14T02:27:28.239+00:00,False,89,88.0,,88.0,293755.504939,300023.32036300004,300023.320392,3371.0485437303373,0.03468,293755.504939,31130.477046351993,88.370615,71.22517527272727,18.866999246002383,0.2933105329729978,30,64,,False,False,Request timeout: 300.0s exceeded,216,21.16838264042747
301,2026-09-14T02:22:32.021+00:00,2026-09-14T02:27:25.843+00:00,2026-09-14T02:27:32.075+00:00,False,95,94.0,,94.0,293821.549282,300053.89360199997,300053.89363,3158.4620382105263,0.02181,293821.549282,30138.65908010787,86.60651399999999,66.30153531914894,20.02252715724317,0.3132770545703509,30,64,,False,False,Request timeout: 300.0s exceeded,369,21.16838264042747
302,2026-09-14T02:22:35.026+00:00,2026-09-14T02:27:29.051+00:00,2026-09-14T02:27:35.110+00:00,False,94,93.0,,93.0,294024.848894,300083.919102,300083.919167,3192.3821187978724,0.02286,294024.848894,30319.634058564105,87.37545184999999,65.15129255913979,19.64156443372782,0.30991330784502596,30,64,,False,False,Request timeout: 300.0s exceeded,505,21.16838264042747
303,2026-09-14T02:22:38.953+00:00,2026-09-14T02:27:32.877+00:00,2026-09-14T02:27:39.020+00:00,False,93,92.0,,92.0,293924.25636799994,300067.29944,300067.29950399994,3226.530102193548,0.026670000000000003,293924.25636799994,30471.60857937031,89.1811796,66.77220730434783,20.70583610978469,0.3065978871129737,30,64,,False,False,Request timeout: 300.0s exceeded,409,21.16838264042747
304,2026-09-14T02:22:42.094+00:00,2026-09-14T02:27:35.815+00:00,2026-09-14T02:27:42.392+00:00,False,86,85.0,,85.0,293721.338428,300298.43052399997,300298.430428,3491.8422142790696,0.02699,293721.338428,31664.513902065526,89.43523649999999,77.37755407058823,67.57929635284282,0.2830517623807786,30,64,,False,False,Request timeout: 300.0s exceeded,400,21.16838264042747
305,2026-09-14T02:22:46.432+00:00,2026-09-14T02:27:39.988+00:00,2026-09-14T02:27:46.478+00:00,False,103,102.0,,102.0,293556.087049,300045.799177,300045.799223,2913.0660118737865,0.0,293556.087049,28918.74862778571,90.43072310000001,63.62462870588236,67.06984902764633,0.33994810218899013,30,64,,False,False,Request timeout: 300.0s exceeded,444,21.16838264042747
306,2026-09-14T02:22:50.684+00:00,2026-09-14T02:27:44.790+00:00,2026-09-14T02:27:50.766+00:00,False,89,88.0,,88.0,294106.071998,300082.74707000004,300082.747045,3371.7162589325844,0.020638999999999998,294106.071998,31167.989267648987,90.80752860000001,67.91676218181819,21.230472124241984,0.29325244739735845,30,64,,False,False,Request timeout: 300.0s exceeded,412,21.16838264042747
307,2026-09-14T02:22:53.200+00:00,2026-09-14T02:27:46.912+00:00,2026-09-14T02:27:53.261+00:00,False,93,92.0,,92.0,293711.69205199997,300060.65998799994,300060.65984399995,3226.4587079999997,0.02311,293711.69205199997,30449.33409647707,88.6324294,69.01052104347826,19.959272866135812,0.3066046712144114,30,64,,False,False,Request timeout: 300.0s exceeded,491,21.16838264042747
308,2026-09-14T02:22:56.833+00:00,2026-09-14T02:27:50.603+00:00,2026-09-14T02:27:56.844+00:00,False,92,91.0,,91.0,293770.826269,300011.54127700004,300011.541159,3260.995012597826,0.019510000000000003,293770.826269,30620.582751426406,88.19184605000001,68.5792858021978,20.493977625229494,0.3033216642688419,30,64,,False,False,Request timeout: 300.0s exceeded,157,21.16838264042747
309,2026-09-14T02:22:59.866+00:00,2026-09-14T02:27:53.676+00:00,2026-09-14T02:27:59.920+00:00,False,93,92.0,,92.0,293809.76104799996,300053.69909599994,300053.69909099996,3226.383861193548,0.04253,293809.76104799996,30459.62193698457,88.47764299999999,67.86889182608695,20.23544474732036,0.3066117840812397,30,64,,False,False,Request timeout: 300.0s exceeded,227,21.16838264042747
310,2026-09-14T02:23:04.125+00:00,2026-09-14T02:27:57.878+00:00,2026-09-14T02:28:04.172+00:00,False,94,93.0,,93.0,293752.584681,300046.477033,300046.47687899997,3191.983796585106,0.01808,293752.584681,30291.292100536502,89.58699564999999,67.67626184946236,20.21910399242246,0.3099519811718089,30,64,,False,False,Request timeout: 300.0s exceeded,489,21.16838264042747
311,2026-09-14T02:23:08.277+00:00,2026-09-14T02:28:01.866+00:00,2026-09-14T02:28:08.325+00:00,False,96,95.0,,95.0,293588.893458,300047.476242,300047.476078,3125.4945424791663,0.03277,293588.893458,29957.35937173714,90.01471724999999,67.98508193684209,20.744115562259683,0.31661656078512984,30,64,,False,False,Request timeout: 300.0s exceeded,375,21.16838264042747
312,2026-09-14T02:23:12.288+00:00,2026-09-14T02:28:06.565+00:00,2026-09-14T02:28:14.634+00:00,False,82,81.0,,81.0,294276.645278,302345.92220599996,302345.92243599996,3687.1453955609754,0.03825,294276.645278,32487.702705260323,91.97945304999999,99.62070281481482,290.7435566278302,0.2679050519649859,30,64,,False,False,Request timeout: 300.0s exceeded,403,21.16838264042747
313,2026-09-14T02:23:15.223+00:00,2026-09-14T02:28:09.270+00:00,2026-09-14T02:28:15.280+00:00,False,99,98.0,,98.0,294047.693573,300057.127685,300057.127472,3030.8800754747476,0.01578,294047.693573,29547.973457319415,89.5443244,61.320756244897964,271.13057845171113,0.326604472808526,30,64,,False,False,Request timeout: 300.0s exceeded,378,21.16838264042747
314,2026-09-14T02:23:17.815+00:00,2026-09-14T02:28:11.956+00:00,2026-09-14T02:28:17.880+00:00,False,99,98.0,,98.0,294140.163529,300064.032969,300064.032971,3030.949827989899,0.01523,294140.163529,29557.334630876987,89.77995570000002,60.44764734693877,268.9446996755503,0.3265969567573082,30,64,,False,False,Request timeout: 300.0s exceeded,190,21.16838264042747
315,2026-09-14T02:23:22.183+00:00,2026-09-14T02:28:16.021+00:00,2026-09-14T02:28:22.251+00:00,False,90,89.0,,89.0,293837.791189,300068.26978100004,300068.269787,3334.0918865222225,0.017929999999999998,293837.791189,30965.849640626042,89.91734650000001,70.00537743820225,19.539802019633058,0.2965991707985493,30,64,,False,False,Request timeout: 300.0s exceeded,348,21.16838264042747
316,2026-09-14T02:23:25.493+00:00,2026-09-14T02:28:18.834+00:00,2026-09-14T02:28:25.514+00:00,False,97,96.0,,96.0,293341.22165200004,300021.10901200003,300021.10909100005,3093.001124649485,0.02106,293341.22165200004,29777.23056642758,90.8238448,69.58216,20.694887591180244,0.31997748530474324,30,64,,False,False,Request timeout: 300.0s exceeded,516,21.16838264042747
317,2026-09-14T02:23:28.254+00:00,2026-09-14T02:28:21.749+00:00,2026-09-14T02:28:28.288+00:00,False,96,95.0,,95.0,293495.120121,300033.30559299997,300033.305589,3125.3469332187497,0.033530000000000004,293495.120121,29947.70299593678,90.19154925000001,68.82300496842106,20.514332984642486,0.31663151466547196,30,64,,False,False,Request timeout: 300.0s exceeded,423,21.16838264042747
318,2026-09-14T02:23:30.835+00:00,2026-09-14T02:28:24.269+00:00,2026-09-14T02:28:30.884+00:00,False,100,99.0,,99.0,293433.83527499996,300048.511755,300048.511762,3000.4851176199995,0.036340000000000004,293433.83527499996,29336.70907522759,88.54094944999999,66.81491393939393,20.426059897544146,0.3299466456972029,30,64,,False,False,Request timeout: 300.0s exceeded,402,21.16838264042747
319,2026-09-14T02:23:34.028+00:00,2026-09-14T02:28:27.634+00:00,2026-09-14T02:28:34.094+00:00,False,96,95.0,,95.0,293605.873665,300065.915905,300065.915998,3125.686624979167,0.02171,293605.873665,29959.090695226147,88.21480650000001,68.00044463157896,20.534363827403364,0.31659710405122027,30,64,,False,False,Request timeout: 300.0s exceeded,447,21.16838264042747
320,2026-09-14T02:23:38.502+00:00,2026-09-14T02:28:32.600+00:00,2026-09-14T02:28:38.519+00:00,False,88,87.0,,87.0,294097.616403,300016.55093100003,300016.55100800004,3409.278988727273,0.0,294097.616403,31343.733531112917,92.77643505,68.03373020689656,68.82890123357676,0.2899840016493253,30,64,,False,False,Request timeout: 300.0s exceeded,346,21.16838264042747
321,2026-09-14T02:23:42.979+00:00,2026-09-14T02:28:36.670+00:00,2026-09-14T02:28:43.018+00:00,False,98,97.0,,97.0,293691.123757,300038.861357,300038.861457,3061.6210352755106,0.0,293691.123757,29660.744456378503,87.57512085,65.44059381443299,65.39956886355147,0.3232914548511932,30,64,,False,False,Request timeout: 300.0s exceeded,437,21.16838264042747
322,2026-09-14T02:23:45.975+00:00,2026-09-14T02:28:39.624+00:00,2026-09-14T02:28:46.010+00:00,False,94,93.0,,93.0,293648.709771,300034.260107,300034.260191,3191.853831819149,0.01925,293648.709771,30280.476071743793,88.306301,68.66183156989247,19.450201622133118,0.30996460193190534,30,64,,False,False,Request timeout: 300.0s exceeded,370,21.16838264042747
323,2026-09-14T02:23:50.224+00:00,2026-09-14T02:28:43.948+00:00,2026-09-14T02:28:50.278+00:00,False,95,94.0,,94.0,293723.520249,300054.328057,300054.327805,3158.466608473684,0.03711,293723.520249,30128.49398883061,88.86542770000001,67.34901923404256,19.93465789429739,0.3132766009698858,30,64,,False,False,Request timeout: 300.0s exceeded,494,21.16838264042747
324,2026-09-14T02:23:53.498+00:00,2026-09-14T02:28:47.178+00:00,2026-09-14T02:28:53.516+00:00,False,95,94.0,,94.0,293680.167325,300017.650333,300017.650317,3158.0805296526314,0.018260000000000002,293680.167325,30124.03919244404,89.40535009999999,67.420032,20.54365669499161,0.3133148996256258,30,64,,False,False,Request timeout: 300.0s exceeded,425,21.16838264042747
325,2026-09-14T02:23:56.339+00:00,2026-09-14T02:28:49.978+00:00,2026-09-14T02:28:56.426+00:00,False,96,95.0,,95.0,293638.423017,300086.66237700003,300086.662435,3125.902733697917,0.04306,293638.423017,29962.42542164743,89.36228424999999,67.87620378947368,20.523346186236378,0.31657521613090267,30,64,,False,False,Request timeout: 300.0s exceeded,400,21.16838264042747
326,2026-09-14T02:24:00.808+00:00,2026-09-14T02:28:54.685+00:00,2026-09-14T02:29:01.442+00:00,False,99,98.0,,98.0,293876.505068,300633.83806,300633.838063,3036.705434979798,0.01763,293876.505068,29528.77720907272,91.73888200000002,68.95237746938776,20.615338800795282,0.3259779425775795,30,64,,False,False,Request timeout: 300.0s exceeded,408,21.16838264042747
327,2026-09-14T02:24:05.051+00:00,2026-09-14T02:28:58.655+00:00,2026-09-14T02:29:05.137+00:00,False,96,95.0,,95.0,293604.555405,300085.897613,300085.897433,3125.894764927083,0.03194,293604.555405,29958.933603120295,91.2492975,68.22465482105262,21.02287171080277,0.3165760229176611,30,64,,False,False,Request timeout: 300.0s exceeded,440,21.16838264042747
328,2026-09-14T02:24:09.279+00:00,2026-09-14T02:29:03.125+00:00,2026-09-14T02:29:09.315+00:00,False,89,88.0,,88.0,293845.229301,300035.754741,300035.754753,3371.1882556516857,0.04316,293845.229301,31140.082284433203,90.58955099999999,70.34688,21.041139469331874,0.29329837730827873,30,64,,False,False,Request timeout: 300.0s exceeded,455,21.16838264042747
329,2026-09-14T02:24:12.729+00:00,2026-09-14T02:29:06.593+00:00,2026-09-14T02:29:12.768+00:00,False,94,93.0,,93.0,293863.351286,300038.887926,300038.888059,3191.903064457447,0.03551,293863.351286,30302.848057648444,88.52242365000001,66.40361978494623,20.209969124838945,0.30995982101805764,30,64,,False,False,Request timeout: 300.0s exceeded,456,21.16838264042747
330,2026-09-14T02:24:16.547+00:00,2026-09-14T02:29:10.465+00:00,2026-09-14T02:29:16.570+00:00,False,94,93.0,,93.0,293917.75923400006,300022.23949000007,300022.23967700003,3191.725954010639,0.016059999999999998,293917.75923400006,30308.53805190368,87.22087400000001,65.6395726451613,19.34045392665295,0.309977020897145,30,64,,False,False,Request timeout: 300.0s exceeded,489,21.16838264042747
331,2026-09-14T02:24:19.387+00:00,2026-09-14T02:29:13.134+00:00,2026-09-14T02:29:19.442+00:00,False,98,97.0,,97.0,293747.892724,300054.971636,300054.97157999995,3061.785424285714,0.01822,293747.892724,29666.456551685133,88.0612162,65.02143208247422,19.859857312725435,0.323274096980042,30,64,,False,False,Request timeout: 300.0s exceeded,197,21.16838264042747
332,2026-09-14T02:24:21.877+00:00,2026-09-14T02:29:15.579+00:00,2026-09-14T02:29:21.910+00:00,False,95,94.0,,94.0,293702.028093,300032.985917,300032.985939,3158.2419572526314,0.030969999999999998,293702.028093,30126.288889099116,88.32158100000001,67.35061514893617,20.105751748976957,0.31329888516325943,30,64,,False,False,Request timeout: 300.0s exceeded,240,21.16838264042747
333,2026-09-14T02:24:25.572+00:00,2026-09-14T02:29:19.524+00:00,2026-09-14T02:29:25.578+00:00,False,86,85.0,,85.0,293952.010548,300006.072628,300006.072437,3488.442702755814,0.024239999999999998,293952.010548,31689.986481858945,91.80918624999998,71.22425976470588,20.10882473775291,0.2833275981896469,30,64,,False,False,Request timeout: 300.0s exceeded,389,21.16838264042747
334,2026-09-14T02:24:29.986+00:00,2026-09-14T02:29:24.046+00:00,2026-09-14T02:29:30.012+00:00,False,86,85.0,,85.0,294059.955723,300026.068491,300026.068548,3488.6752156744187,0.04389,294059.955723,31701.738075618945,89.97651975000001,70.18956197647059,20.100059047681206,0.2833087152310226,30,64,,False,False,Request timeout: 300.0s exceeded,413,21.16838264042747
335,2026-09-14T02:24:34.457+00:00,2026-09-14T02:29:28.214+00:00,2026-09-14T02:29:34.499+00:00,False,103,102.0,,102.0,293756.953825,300042.07484899997,300042.07480799995,2913.0298525048543,0.0,293756.953825,28938.72875281732,90.3604581,61.61883356862745,62.817131699774286,0.3399523218579688,30,64,,False,False,Request timeout: 300.0s exceeded,537,21.16838264042747
336,2026-09-14T02:24:38.453+00:00,2026-09-14T02:29:31.984+00:00,2026-09-14T02:29:38.477+00:00,False,105,104.0,,104.0,293530.53730699996,300023.35625099996,300023.3561,2857.365296190476,0.0,293530.53730699996,28639.621365603747,90.2240336,62.43095138461538,62.121518370334144,0.34663967932214407,30,64,,False,False,Request timeout: 300.0s exceeded,489,21.16838264042747
337,2026-09-14T02:24:42.704+00:00,2026-09-14T02:29:36.319+00:00,2026-09-14T02:29:42.716+00:00,False,96,95.0,,95.0,293615.041352,300011.96320799994,300011.96331799997,3125.124617895833,0.043429999999999996,293615.041352,29960.09422029039,89.83248324999998,67.3360195368421,20.59260120927623,0.31665403933954456,30,64,,False,False,Request timeout: 300.0s exceeded,508,21.16838264042747
338,2026-09-14T02:24:45.280+00:00,2026-09-14T02:29:39.090+00:00,2026-09-14T02:29:45.373+00:00,False,93,92.0,,92.0,293809.749833,300093.035081,300093.035169,3226.806829774194,0.03712,293809.749833,30459.576741644363,91.42128919999999,68.2965787826087,20.711884172550423,0.30657159362318326,30,64,,False,False,Request timeout: 300.0s exceeded,388,21.16838264042747
339,2026-09-14T02:24:49.002+00:00,2026-09-14T02:29:42.942+00:00,2026-09-14T02:29:49.036+00:00,False,98,97.0,,97.0,293939.822842,300033.641978,300033.641898,3061.5677744693876,0.01795,293939.822842,29686.06791222782,92.03186300000002,62.82287769072165,21.88281841712217,0.32329707882262265,30,64,,False,False,Request timeout: 300.0s exceeded,372,21.16838264042747
340,2026-09-14T02:24:51.876+00:00,2026-09-14T02:29:45.503+00:00,2026-09-14T02:29:51.887+00:00,False,102,101.0,,101.0,293627.118494,300010.855326,300010.855547,2941.282897519608,0.022259,293627.118494,29067.166785037633,90.28031355000002,63.20531516831684,21.742365285159778,0.33665448501938583,30,64,,False,False,Request timeout: 300.0s exceeded,455,21.16838264042747
341,2026-09-14T02:24:54.700+00:00,2026-09-14T02:29:48.911+00:00,2026-09-14T02:29:54.735+00:00,False,84,83.0,,83.0,294211.08354400005,300035.531544,300035.53157800005,3571.8515664047627,0.022379000000000003,294211.08354400005,32093.410645712283,89.59206645,70.17407228915663,20.2269561465342,0.27663390256773,30,64,,False,False,Request timeout: 300.0s exceeded,300,21.16838264042747
342,2026-09-14T02:24:58.400+00:00,2026-09-14T02:29:52.350+00:00,2026-09-14T02:29:58.424+00:00,False,91,90.0,,90.0,293949.490468,300023.931428,300023.931265,3296.9662776373625,0.038189999999999995,293949.490468,30807.21082834452,90.88186250000001,67.49378844444445,20.48908071390407,0.2999760704808919,30,64,,False,False,Request timeout: 300.0s exceeded,451,21.16838264042747
343,2026-09-14T02:25:02.901+00:00,2026-09-14T02:29:56.258+00:00,2026-09-14T02:30:02.970+00:00,False,99,98.0,,98.0,293356.219323,300069.102779,300069.102912,3031.0010395151517,0.018449999999999998,293356.219323,29476.53206926489,88.02532579999999,68.49881077551021,20.539170136839925,0.32659143874661667,30,64,,False,False,Request timeout: 300.0s exceeded,354,21.16838264042747
344,2026-09-14T02:25:06.041+00:00,2026-09-14T02:29:59.424+00:00,2026-09-14T02:30:06.071+00:00,False,97,96.0,,96.0,293383.25296899996,300030.009065,300030.00905799994,3093.0928768865974,0.02221,293383.25296899996,29781.532490830727,88.4074518,69.23704266666667,19.574347186883855,0.31996799353228056,30,64,,False,False,Request timeout: 300.0s exceeded,438,21.16838264042747
345,2026-09-14T02:25:09.081+00:00,2026-09-14T02:30:02.797+00:00,2026-09-14T02:30:09.132+00:00,False,94,93.0,,93.0,293715.993699,300051.694947,300051.694725,3192.0393055851064,0.01798,293715.993699,30287.471728527766,88.89227865000001,68.12581987096775,20.320407695624514,0.3099465910913357,30,64,,False,False,Request timeout: 300.0s exceeded,424,21.16838264042747
346,2026-09-14T02:25:13.103+00:00,2026-09-14T02:30:06.850+00:00,2026-09-14T02:30:13.170+00:00,False,93,92.0,,92.0,293747.458155,300066.697579,300066.697675,3226.5236309139786,0.047619999999999996,293747.458155,30453.076621014596,91.4303552,68.68738504347827,20.334935897530084,0.3065985020739554,30,64,,False,False,Request timeout: 300.0s exceeded,395,21.16838264042747
347,2026-09-14T02:25:17.354+00:00,2026-09-14T02:30:11.049+00:00,2026-09-14T02:30:17.368+00:00,False,97,96.0,,96.0,293695.279997,300013.597053,300013.596939,3092.923679783505,0.0356,293695.279997,29813.561280546444,86.7855854,65.81580266666667,19.384926735557823,0.3199854971341208,30,64,,False,False,Request timeout: 300.0s exceeded,396,21.16838264042747
348,2026-09-14T02:25:20.018+00:00,2026-09-14T02:30:13.536+00:00,2026-09-14T02:30:20.075+00:00,False,99,98.0,,98.0,293518.74074299994,300057.06215099996,300057.06218999997,3030.8794160606053,0.04265,293518.74074299994,29493.044576086024,88.05721390000001,66.7175653877551,19.757590738081273,0.32660454414061657,30,64,,False,False,Request timeout: 300.0s exceeded,475,21.16838264042747
349,2026-09-14T02:25:23.086+00:00,2026-09-14T02:30:16.488+00:00,2026-09-14T02:30:23.092+00:00,False,97,96.0,,96.0,293402.056012,300006.25620400003,300006.256301,3092.848003103093,0.030420000000000003,293402.056012,29783.48676515792,89.44346159999999,68.793752,19.7362637079726,0.3199933268548952,30,64,,False,False,Request timeout: 300.0s exceeded,141,21.16838264042747
350,2026-09-14T02:25:27.322+00:00,2026-09-14T02:30:21.126+00:00,2026-09-14T02:30:27.344+00:00,False,90,89.0,,89.0,293803.853097,300022.068521,300022.06854999997,3333.5785394444442,0.01806,293803.853097,30962.287700626315,91.0509145,69.86758903370787,20.96863852451373,0.29664484495669846,30,64,,False,False,Request timeout: 300.0s exceeded,464,21.16838264042747
351,2026-09-14T02:25:30.739+00:00,2026-09-14T02:30:24.794+00:00,2026-09-14T02:30:30.757+00:00,False,96,95.0,,95.0,294055.02718800004,300017.88594000007,300017.88607,3125.186313229167,0.0,294055.02718800004,30005.53087475703,92.15182825,62.766934231578944,65.8333329948335,0.31664778818886435,30,64,,False,False,Request timeout: 300.0s exceeded,370,21.16838264042747
352,2026-09-14T02:25:34.563+00:00,2026-09-14T02:30:28.531+00:00,2026-09-14T02:30:34.581+00:00,False,94,93.0,,93.0,293967.890384,300018.068432,300018.06839200004,3191.681578638298,0.04221,293967.890384,30313.769964397456,89.59913544999999,65.05567793548387,20.94664727119423,0.30998133041136733,30,64,,False,False,Request timeout: 300.0s exceeded,485,21.16838264042747
353,2026-09-14T02:25:38.684+00:00,2026-09-14T02:30:32.399+00:00,2026-09-14T02:30:38.716+00:00,False,92,91.0,,91.0,293715.030002,300032.278002,300032.277986,3261.220412891304,0.03676,293715.030002,30614.6778107664,89.85841605,69.4203076923077,20.348001828564346,0.30330070019797467,30,64,,False,False,Request timeout: 300.0s exceeded,485,21.16838264042747
354,2026-09-14T02:25:42.666+00:00,2026-09-14T02:30:36.144+00:00,2026-09-14T02:30:42.705+00:00,False,100,99.0,,99.0,293477.992305,300038.06987300003,300038.06976700004,3000.3806976700002,0.04488,293477.992305,29341.18014541151,90.392096,66.26340977777778,20.739590004616232,0.3299581284531815,30,64,,False,False,Request timeout: 300.0s exceeded,322,21.16838264042747
355,2026-09-14T02:25:46.985+00:00,2026-09-14T02:30:40.257+00:00,2026-09-14T02:30:47.004+00:00,False,102,101.0,,101.0,293271.341853,300018.582557,300018.58239,2941.358650882353,0.01796,293271.341853,29031.582280028088,89.24771255000002,66.80436340594059,20.320748678648165,0.3366458141998961,30,64,,False,False,Request timeout: 300.0s exceeded,468,21.16838264042747
356,2026-09-14T02:25:51.525+00:00,2026-09-14T02:30:44.991+00:00,2026-09-14T02:30:51.700+00:00,False,99,98.0,,98.0,293465.436247,300174.925911,300174.926003,3032.0699596262625,0.024120000000000003,293465.436247,29487.51220747671,89.5641309,68.46418024489796,20.461360800644293,0.3264763027843851,30,64,,False,False,Request timeout: 300.0s exceeded,612,21.16838264042747
357,2026-09-14T02:25:55.884+00:00,2026-09-14T02:30:49.359+00:00,2026-09-14T02:30:55.909+00:00,False,100,99.0,,99.0,293474.792423,300024.32867899997,300024.328637,3000.2432863699996,0.02175,293474.792423,29340.870605343673,88.827879,66.15693187878787,20.45224674404586,0.3299732406231677,30,64,,False,False,Request timeout: 300.0s exceeded,615,21.16838264042747
358,2026-09-14T02:26:00.078+00:00,2026-09-14T02:30:53.523+00:00,2026-09-14T02:31:00.150+00:00,False,96,95.0,,95.0,293444.987661,300072.510989,300072.51098,3125.755322708333,0.03892,293444.987661,29942.48989556646,89.22177175,69.76340345263158,19.763311935191727,0.3165901457847384,30,64,,False,False,Request timeout: 300.0s exceeded,436,21.16838264042747
359,2026-09-14T02:26:02.720+00:00,2026-09-14T02:30:56.331+00:00,2026-09-14T02:31:02.747+00:00,False,96,95.0,,95.0,293611.07608200004,300027.15749000007,300027.157408,3125.282889666667,0.01948,293611.07608200004,29959.668664243884,87.60662024999999,67.53769903157894,20.193437647086,0.3166380030219976,30,64,,False,False,Request timeout: 300.0s exceeded,483,21.16838264042747
360,2026-09-14T02:26:06.936+00:00,2026-09-14T02:31:00.149+00:00,2026-09-14T02:31:06.962+00:00,False,101,100.0,,100.0,293212.90912699996,300026.52167099994,300026.52163299994,2970.5596201287126,0.028079999999999997,293212.90912699996,29169.002032089295,88.006135,68.13612544,20.17425033394572,0.3333038674149514,30,64,,False,False,Request timeout: 300.0s exceeded,430,21.16838264042747
361,2026-09-14T02:26:10.115+00:00,2026-09-14T02:31:03.892+00:00,2026-09-14T02:31:10.146+00:00,False,93,92.0,,92.0,293777.691368,300031.42756,300031.427506,3226.1443817849463,0.02156,293777.691368,30456.285583252906,88.6307286,67.97539339130434,20.477568329550074,0.3066345440815593,30,64,,False,False,Request timeout: 300.0s exceeded,481,21.16838264042747
362,2026-09-14T02:26:13.986+00:00,2026-09-14T02:31:07.827+00:00,2026-09-14T02:31:14.016+00:00,False,93,92.0,,92.0,293840.51509,300029.521682,300029.521485,3226.123886935484,0.02194,293840.51509,30462.873101812253,88.85842860000001,67.2718107826087,20.54551693994575,0.3066364919166535,30,64,,False,False,Request timeout: 300.0s exceeded,347,21.16838264042747
363,2026-09-14T02:26:18.463+00:00,2026-09-14T02:31:11.884+00:00,2026-09-14T02:31:18.552+00:00,False,104,103.0,,103.0,293420.591091,300088.710899,300088.71099500003,2885.468374951923,0.019620000000000002,293420.591091,28765.91518225253,88.7960245,64.73902726213592,20.4789470161437,0.3432318386500931,30,64,,False,False,Request timeout: 300.0s exceeded,440,21.16838264042747
364,2026-09-14T02:26:22.601+00:00,2026-09-14T02:31:16.238+00:00,2026-09-14T02:31:22.649+00:00,False,105,104.0,,104.0,293637.108919,300048.245943,300048.246165,2857.6023444285715,0.0,293637.108919,28650.108079055186,88.57154319999998,61.6455483076923,66.51413076090442,0.3466109247636022,30,64,,False,False,Request timeout: 300.0s exceeded,444,21.16838264042747
365,2026-09-14T02:26:25.472+00:00,2026-09-14T02:31:19.211+00:00,2026-09-14T02:31:25.526+00:00,False,98,97.0,,97.0,293738.787267,300054.376387,300054.376335,3061.779350357143,0.0,293738.787267,29665.600100229094,90.51592435,65.10916618556702,68.72260870035106,0.32327473829241093,30,64,,False,False,Request timeout: 300.0s exceeded,434,21.16838264042747
366,2026-09-14T02:26:29.125+00:00,2026-09-14T02:31:23.196+00:00,2026-09-14T02:31:29.205+00:00,False,85,84.0,,84.0,294070.58902200003,300079.835742,300079.835846,3530.3510099529417,0.02502,294070.58902200003,31888.680424235376,89.27630120000002,71.53865142857143,19.886146835554023,0.2799255064649555,30,64,,False,False,Request timeout: 300.0s exceeded,324,21.16838264042747
367,2026-09-14T02:26:32.178+00:00,2026-09-14T02:31:25.861+00:00,2026-09-14T02:31:32.222+00:00,False,93,92.0,,92.0,293682.56542500004,300043.76734500006,300043.76755700004,3226.2770705053767,0.02239,293682.56542500004,30446.29990385834,88.0557,69.14349913043478,19.783978450934296,0.306621933240211,30,64,,False,False,Request timeout: 300.0s exceeded,481,21.16838264042747
368,2026-09-14T02:26:35.077+00:00,2026-09-14T02:31:28.475+00:00,2026-09-14T02:31:35.121+00:00,False,95,94.0,,94.0,293398.604958,300044.34934200003,300044.349299,3158.3615715684214,0.045520000000000005,293398.604958,30094.81425270668,90.5044347,70.69940834042553,19.322433159677058,0.31328701975605555,30,64,,False,False,Request timeout: 300.0s exceeded,456,21.16838264042747
369,2026-09-14T02:26:38.716+00:00,2026-09-14T02:31:32.651+00:00,2026-09-14T02:31:38.781+00:00,False,89,88.0,,88.0,293934.48012,300064.77541600005,300064.77523900004,3371.51432852809,0.028769,293934.48012,31149.61445625695,89.58789440000001,69.66244654545454,19.57669683498058,0.29327001104344774,30,64,,False,False,Request timeout: 300.0s exceeded,395,21.16838264042747
370,2026-09-14T02:26:42.609+00:00,2026-09-14T02:31:36.462+00:00,2026-09-14T02:31:42.670+00:00,False,93,92.0,,92.0,293852.452977,300060.508529,300060.50857199996,3226.457081419355,0.01816,293852.452977,30464.089608571856,89.3157716,67.47886469565218,20.66000230031303,0.30660482597665284,30,64,,False,False,Request timeout: 300.0s exceeded,443,21.16838264042747
371,2026-09-14T02:26:46.688+00:00,2026-09-14T02:31:40.384+00:00,2026-09-14T02:31:46.768+00:00,False,99,98.0,,98.0,293695.59788099997,300080.122169,300080.121955,3031.1123429797976,0.02427,293695.59788099997,29510.977522935016,87.8989328,65.14820702040817,20.37125372709814,0.3265794458214999,30,64,,False,False,Request timeout: 300.0s exceeded,448,21.16838264042747
372,2026-09-14T02:26:50.447+00:00,2026-09-14T02:31:43.997+00:00,2026-09-14T02:31:50.507+00:00,False,100,99.0,,99.0,293550.112293,300060.123173,300060.123182,3000.6012318199996,0.05663,293550.112293,29348.442303679847,88.71246194999999,65.75768565656566,20.14343815979993,0.32993387776129596,30,64,,False,False,Request timeout: 300.0s exceeded,465,21.16838264042747
373,2026-09-14T02:26:53.257+00:00,2026-09-14T02:31:47.755+00:00,2026-09-14T02:31:53.312+00:00,False,84,83.0,,83.0,294497.674438,300055.09216600005,300055.092056,3572.0844292380953,0.01758,294497.674438,32125.03150380317,89.40586429999999,66.95684009638553,20.55412585266528,0.2766158687754639,30,64,,False,False,Request timeout: 300.0s exceeded,355,21.16838264042747
374,2026-09-14T02:26:56.643+00:00,2026-09-14T02:31:50.586+00:00,2026-09-14T02:31:56.693+00:00,False,95,94.0,,94.0,293942.89337199996,300050.72031599993,300050.72030899994,3158.4286348315786,0.03222,293942.89337199996,30151.24514082896,90.01755500000002,64.97688238297873,20.792991309764318,0.31328036773583956,30,64,,False,False,Request timeout: 300.0s exceeded,455,21.16838264042747
375,2026-09-14T02:27:01.163+00:00,2026-09-14T02:31:54.926+00:00,2026-09-14T02:32:01.199+00:00,False,93,92.0,,92.0,293762.98276700004,300036.121455,300036.12150500005,3226.1948548924734,0.02173,293762.98276700004,30454.738562653736,89.279657,68.18629008695652,20.5661298958522,0.3066297469579787,30,64,,False,False,Request timeout: 300.0s exceeded,443,21.16838264042747
376,2026-09-14T02:27:04.572+00:00,2026-09-14T02:31:58.393+00:00,2026-09-14T02:32:05.648+00:00,False,72,71.0,,71.0,293821.247648,301075.85603200004,301075.855904,4181.609109777778,0.03637,293821.247648,34616.515938669894,90.4601108,102.17758287323944,312.5972059306102,0.2358209686280979,30,64,,False,False,Request timeout: 300.0s exceeded,354,21.16838264042747
377,2026-09-14T02:27:07.810+00:00,2026-09-14T02:32:01.577+00:00,2026-09-14T02:32:07.865+00:00,False,106,105.0,,105.0,293766.603757,300054.427117,300054.427083,2830.7021422924527,0.015519999999999999,293766.603757,28528.478653152168,90.69157875,59.884032,258.51989409117715,0.3499365132148423,30,64,,False,False,Request timeout: 300.0s exceeded,503,21.16838264042747
378,2026-09-14T02:27:12.247+00:00,2026-09-14T02:32:06.866+00:00,2026-09-14T02:32:12.310+00:00,False,82,81.0,,81.0,294618.585883,300063.062811,300063.062739,3659.3056431585364,0.050369,294618.585883,32527.762760069265,87.31399614999998,67.21576454320989,18.947510187566195,0.26994325539834696,30,64,,False,False,Request timeout: 300.0s exceeded,334,21.16838264042747
379,2026-09-14T02:27:14.787+00:00,2026-09-14T02:32:09.079+00:00,2026-09-14T02:32:14.865+00:00,False,88,87.0,,87.0,294292.154015,300078.773151,300078.77327,3409.9860598863634,0.03582,294292.154015,31364.564836008973,87.1736385,66.51286363218391,19.681745466249737,0.2899238726100147,30,64,,False,False,Request timeout: 300.0s exceeded,416,21.16838264042747
380,2026-09-14T02:27:17.871+00:00,2026-09-14T02:32:11.736+00:00,2026-09-14T02:32:17.894+00:00,False,96,95.0,,95.0,293865.720589,300022.96090899996,300022.961051,3125.2391776145832,0.0,293865.720589,29985.99933158935,87.83287200000001,64.813056,65.03003180765334,0.31664243200644393,30,64,,False,False,Request timeout: 300.0s exceeded,218,21.16838264042747
381,2026-09-14T02:27:20.559+00:00,2026-09-14T02:32:14.316+00:00,2026-09-14T02:32:20.615+00:00,False,95,94.0,,94.0,293756.742362,300055.576282,300055.576205,3158.4797495263156,0.0,293756.742362,30132.00276490421,88.49944899999998,67.00887148936171,66.17173220316378,0.3132752977456962,30,64,,False,False,Request timeout: 300.0s exceeded,403,21.16838264042747
382,2026-09-14T02:27:23.632+00:00,2026-09-14T02:32:17.365+00:00,2026-09-14T02:32:23.654+00:00,False,92,91.0,,91.0,293733.01427499996,300021.99245099997,300021.992329,3261.108612271739,0.027559999999999998,293733.01427499996,30616.585070066096,91.08045,69.10965028571428,20.16654550537028,0.3033110981517872,30,64,,False,False,Request timeout: 300.0s exceeded,458,21.16838264042747
383,2026-09-14T02:27:27.107+00:00,2026-09-14T02:32:20.957+00:00,2026-09-14T02:32:27.139+00:00,False,89,88.0,,88.0,293850.090571,300032.591435,300032.59146,3371.152713033708,0.018170000000000002,293850.090571,31140.60673229928,89.72976039999999,70.25569163636364,20.260923758191083,0.29330146961405884,30,64,,False,False,Request timeout: 300.0s exceeded,287,21.16838264042747
384,2026-09-14T02:27:30.912+00:00,2026-09-14T02:32:24.794+00:00,2026-09-14T02:32:30.937+00:00,False,87,86.0,,86.0,293882.682116,300025.28537999996,300025.285539,3448.5665004482757,0.04431,293882.682116,31499.879109415804,90.07073800000002,71.42561934883722,19.57733686829244,0.2866425071176113,30,64,,False,False,Request timeout: 300.0s exceeded,270,21.16838264042747
385,2026-09-14T02:27:35.498+00:00,2026-09-14T02:32:29.261+00:00,2026-09-14T02:32:35.537+00:00,False,91,90.0,,90.0,293762.84352399997,300039.17632399994,300039.17647799995,3297.1338074505493,0.04149,293762.84352399997,30787.40941404354,89.012192,69.73703111111111,19.955763552747115,0.29996082879127994,30,64,,False,False,Request timeout: 300.0s exceeded,464,21.16838264042747
386,2026-09-14T02:27:39.325+00:00,2026-09-14T02:32:33.199+00:00,2026-09-14T02:32:39.340+00:00,False,89,88.0,,88.0,293874.465233,300015.262161,300015.262236,3370.9580026516855,0.02582,293874.465233,31143.2403706881,89.3954436,69.78178327272727,19.78233308189545,0.2933184110906189,30,64,,False,False,Request timeout: 300.0s exceeded,373,21.16838264042747
387,2026-09-14T02:27:42.759+00:00,2026-09-14T02:32:36.560+00:00,2026-09-14T02:32:42.769+00:00,False,93,92.0,,92.0,293801.277654,300010.21538199997,300010.21550299996,3225.9162957311823,0.03311,293801.277654,30458.781669325963,90.61106260000001,67.48845356521738,20.189233006483214,0.3066562246317424,30,64,,False,False,Request timeout: 300.0s exceeded,307,21.16838264042747
388,2026-09-14T02:27:45.324+00:00,2026-09-14T02:32:39.047+00:00,2026-09-14T02:32:45.401+00:00,False,97,96.0,,96.0,293723.123514,300076.934458,300076.93436699995,3093.5766429587625,0.04528,293723.123514,29816.351696514368,89.7943668,66.18553066666666,20.701675019906485,0.31991795761775405,30,64,,False,False,Request timeout: 300.0s exceeded,406,21.16838264042747
389,2026-09-14T02:27:49.425+00:00,2026-09-14T02:32:42.992+00:00,2026-09-14T02:32:49.477+00:00,False,97,96.0,,96.0,293567.27081099997,300051.74338699994,300051.743188,3093.316940082474,0.030569,293567.27081099997,29800.388709826064,89.40501540000001,67.54658933333333,20.183714414392572,0.3199448165717917,30,64,,False,False,Request timeout: 300.0s exceeded,323,21.16838264042747
390,2026-09-14T02:27:53.831+00:00,2026-09-14T02:32:47.508+00:00,2026-09-14T02:32:53.863+00:00,False,93,92.0,,92.0,293677.018588,300032.66838,300032.668187,3226.1577224408597,0.04951,293677.018588,30445.730900957977,88.23720000000002,69.08314991304348,19.657231680301372,0.30663327595873446,30,64,,False,False,Request timeout: 300.0s exceeded,420,21.16838264042747
391,2026-09-14T02:27:58.342+00:00,2026-09-14T02:32:51.877+00:00,2026-09-14T02:32:58.403+00:00,False,95,94.0,,94.0,293535.397315,300060.986563,300060.986606,3158.5367011157896,0.034,293535.397315,30108.979698701405,86.8532527,69.42116221276596,18.850463172450844,0.31326964920267636,30,64,,False,False,Request timeout: 300.0s exceeded,406,21.16838264042747
392,2026-09-14T02:28:01.921+00:00,2026-09-14T02:32:55.630+00:00,2026-09-14T02:33:01.987+00:00,False,95,94.0,,94.0,293708.883845,300065.991301,300065.991301,3158.5893821157897,0.02249,293708.883845,30126.96362515314,88.15455270000001,67.62880272340426,19.94200744398633,0.31326442424362383,30,64,,False,False,Request timeout: 300.0s exceeded,425,21.16838264042747
393,2026-09-14T02:28:06.338+00:00,2026-09-14T02:32:59.747+00:00,2026-09-14T02:33:06.388+00:00,False,99,98.0,,98.0,293409.458306,300050.29696199996,300050.296884,3030.8110796363635,0.01873,293409.458306,29481.956896732798,92.177231,67.76365975510204,20.861452698576514,0.32661190804424123,30,64,,False,False,Request timeout: 300.0s exceeded,462,21.16838264042747
394,2026-09-14T02:28:09.870+00:00,2026-09-14T02:33:03.501+00:00,2026-09-14T02:33:09.878+00:00,False,98,97.0,,97.0,293631.282324,300008.530068,300008.530098,3061.3115316122453,0.01871,293631.282324,29654.6051729801,89.15539384999998,65.74482210309279,21.48527126926158,0.323324140076997,30,64,,False,False,Request timeout: 300.0s exceeded,377,21.16838264042747
395,2026-09-14T02:28:14.620+00:00,2026-09-14T02:33:05.790+00:00,2026-09-14T02:33:14.750+00:00,False,147,146.0,,146.0,291170.437176,300130.503736,300130.50373,2041.7041070068026,0.0,291170.437176,24010.338159532435,89.4712836,61.37031890410959,56.91740821092771,0.4864550526607723,30,64,,False,False,Request timeout: 300.0s exceeded,707,21.16838264042747
396,2026-09-14T02:28:17.554+00:00,2026-09-14T02:33:11.351+00:00,2026-09-14T02:33:17.627+00:00,False,108,107.0,,107.0,293797.238456,300073.587128,300073.58710299997,2778.4591398425923,0.01629,293797.238456,28265.015675465023,91.25309685,58.65746422429907,20.74395934873405,0.35657920120226333,30,64,,False,False,Request timeout: 300.0s exceeded,549,21.16838264042747
397,2026-09-14T02:28:21.845+00:00,2026-09-14T02:33:16.038+00:00,2026-09-14T02:33:21.892+00:00,False,88,87.0,,87.0,294193.047636,300046.80789199995,300046.80782399996,3409.622816181818,0.03517,294193.047636,31353.918792158143,90.15903920000001,67.28460064367816,21.227464857064817,0.2899547594297858,30,64,,False,False,Request timeout: 300.0s exceeded,450,21.16838264042747
398,2026-09-14T02:28:24.653+00:00,2026-09-14T02:33:18.229+00:00,2026-09-14T02:33:24.680+00:00,False,91,90.0,,90.0,293575.67411100003,300026.55692700006,300026.55700900004,3296.995131967033,0.023149999999999997,293575.67411100003,30767.585171904502,89.700401,71.67647573333333,19.55965061858366,0.2999734454236931,30,64,,False,False,Request timeout: 300.0s exceeded,293,21.16838264042747
399,2026-09-14T02:28:28.743+00:00,2026-09-14T02:33:22.230+00:00,2026-09-14T02:33:28.762+00:00,False,95,94.0,,94.0,293487.191582,300019.337502,300019.337648,3158.098291031579,0.031559000000000004,293487.191582,30104.027236066246,89.22033000000002,69.49091404255319,19.635937730898753,0.31331313768857777,30,64,,False,False,Request timeout: 300.0s exceeded,387,21.16838264042747
400,2026-09-14T02:28:31.416+00:00,2026-09-14T02:33:25.103+00:00,2026-09-14T02:33:31.436+00:00,False,99,98.0,,98.0,293687.54414099996,300020.012365,300020.01234899997,3030.505175242424,0.019420000000000003,293687.54414099996,29510.22124916515,88.973698,64.61702269387754,20.034112714560354,0.3266448768783285,30,64,,False,False,Request timeout: 300.0s exceeded,412,21.16838264042747
401,2026-09-14T02:28:35.244+00:00,2026-09-14T02:33:28.456+00:00,2026-09-14T02:33:35.271+00:00,False,107,106.0,,106.0,293211.418389,300026.241557,300026.24158,2803.983566168224,0.02426,293211.418389,28339.60943648409,87.5672363,64.29078460377359,19.934705513623182,0.3533024293138764,30,64,,False,False,Request timeout: 300.0s exceeded,231,21.16838264042747
402,2026-09-14T02:28:39.470+00:00,2026-09-14T02:33:33.448+00:00,2026-09-14T02:33:39.496+00:00,False,96,95.0,,95.0,293978.017756,300025.344476,300025.344245,3125.264002552083,0.06470000000000001,293978.017756,29997.51560552726,88.5863305,63.6560707368421,20.12548976435618,0.31663991642412515,30,64,,False,False,Request timeout: 300.0s exceeded,475,21.16838264042747
403,2026-09-14T02:28:43.321+00:00,2026-09-14T02:33:37.055+00:00,2026-09-14T02:33:43.334+00:00,False,99,98.0,,98.0,293734.516583,300013.459303,300013.459303,3030.438982858586,0.01819,293734.516583,29514.998010560783,91.54913489999998,64.07084408163266,21.417395439350162,0.326652011638666,30,64,,False,False,Request timeout: 300.0s exceeded,423,21.16838264042747
404,2026-09-14T02:28:47.757+00:00,2026-09-14T02:33:41.555+00:00,2026-09-14T02:33:47.765+00:00,False,93,92.0,,92.0,293798.059432,300008.10308,300008.103127,3225.8935820107527,0.01984,293798.059432,30458.446641305014,88.5777066,67.5004744347826,20.085878780890212,0.30665838374194626,30,64,,False,False,Request timeout: 300.0s exceeded,445,21.16838264042747
405,2026-09-14T02:28:50.293+00:00,2026-09-14T02:33:44.124+00:00,2026-09-14T02:33:50.363+00:00,False,97,96.0,,96.0,293831.05116399995,300069.4821399999,300069.48192899994,3093.4998137010302,0.020859000000000003,293831.05116399995,29827.431385309064,86.989798,64.983656,19.605208833930764,0.3199259028787552,30,64,,False,False,Request timeout: 300.0s exceeded,455,21.16838264042747
406,2026-09-14T02:28:54.605+00:00,2026-09-14T02:33:48.373+00:00,2026-09-14T02:33:54.647+00:00,False,97,96.0,,96.0,293767.84042,300041.735844,300041.735851,3093.213771659794,0.021079999999999998,293767.84042,29820.976013531643,87.4599892,65.35307733333333,19.93262648138153,0.319955487958892,30,64,,False,False,Request timeout: 300.0s exceeded,431,21.16838264042747
407,2026-09-14T02:28:58.720+00:00,2026-09-14T02:33:52.190+00:00,2026-09-14T02:33:58.768+00:00,False,99,98.0,,98.0,293470.280432,300048.547312,300048.547401,3030.793408090909,0.02061,293470.280432,29488.133046218754,88.15849989999998,67.12517224489797,19.575250687566626,0.3266138125911221,30,64,,False,False,Request timeout: 300.0s exceeded,434,21.16838264042747
408,2026-09-14T02:29:01.465+00:00,2026-09-14T02:33:55.314+00:00,2026-09-14T02:34:01.537+00:00,False,93,92.0,,92.0,293849.659293,300072.115613,300072.115673,3226.581888956989,0.024550000000000002,293849.659293,30463.78342907543,88.5025896,67.6353947826087,20.273911022874305,0.30659296620100307,30,64,,False,False,Request timeout: 300.0s exceeded,341,21.16838264042747
409,2026-09-14T02:29:05.318+00:00,2026-09-14T02:33:58.943+00:00,2026-09-14T02:34:05.861+00:00,False,94,93.0,,93.0,293624.10018300003,300542.834007,300542.834083,3197.264192372341,0.02933,293624.10018300003,30277.408570345255,87.57111065000001,74.39498735483872,64.65624327606245,0.3094400846630531,30,64,,False,False,Request timeout: 300.0s exceeded,452,21.16838264042747
410,2026-09-14T02:29:09.831+00:00,2026-09-14T02:34:03.546+00:00,2026-09-14T02:34:09.887+00:00,False,97,96.0,,96.0,293715.135894,300056.328598,300056.328804,3093.364214474227,0.0,293715.135894,29815.622360742836,89.86850620000001,66.05409066666667,67.42822027430921,0.31993992744147665,30,64,,False,False,Request timeout: 300.0s exceeded,469,21.16838264042747
411,2026-09-14T02:29:13.954+00:00,2026-09-14T02:34:07.815+00:00,2026-09-14T02:34:14.006+00:00,False,84,83.0,,83.0,293860.92582099995,300051.79532499996,300051.79514799995,3572.0451803333326,0.055899000000000004,293860.92582099995,32054.722912172343,89.942204,74.58878920481928,19.042908469577554,0.2766189081125106,30,64,,False,False,Request timeout: 300.0s exceeded,322,21.16838264042747
412,2026-09-14T02:29:17.036+00:00,2026-09-14T02:34:10.944+00:00,2026-09-14T02:34:17.090+00:00,False,89,88.0,,88.0,293908.666282,300054.70481,300054.704883,3371.4011784606746,0.02739,293908.666282,31146.85963517162,89.92335080000001,69.8413469090909,20.215517548960854,0.29327985393771167,30,64,,False,False,Request timeout: 300.0s exceeded,401,21.16838264042747
413,2026-09-14T02:29:20.390+00:00,2026-09-14T02:34:14.224+00:00,2026-09-14T02:34:20.477+00:00,False,93,92.0,,92.0,293833.794053,300086.633989,300086.634049,3226.7380005268815,0.039920000000000004,293833.794053,30462.104106779825,90.0348586,67.96565147826088,20.383133160264045,0.3065781330446472,30,64,,False,False,Request timeout: 300.0s exceeded,386,21.16838264042747
414,2026-09-14T02:29:24.928+00:00,2026-09-14T02:34:18.704+00:00,2026-09-14T02:34:24.942+00:00,False,92,91.0,,91.0,293775.818679,300014.35743100004,300014.35742400005,3261.0256241739135,0.03561,293775.818679,30621.105534167076,88.84777445,68.55537090109891,20.18184269005376,0.303318817070043,30,64,,False,False,Request timeout: 300.0s exceeded,383,21.16838264042747
415,2026-09-14T02:29:29.073+00:00,2026-09-14T02:34:22.959+00:00,2026-09-14T02:34:29.109+00:00,False,88,87.0,,87.0,293885.439181,300035.771853,300035.771853,3409.4974074204547,0.04326,293885.439181,31320.763478394645,89.6021445,70.69347898850575,20.057719338875575,0.28996542466484604,30,64,,False,False,Request timeout: 300.0s exceeded,436,21.16838264042747
416,2026-09-14T02:29:32.457+00:00,2026-09-14T02:34:26.185+00:00,2026-09-14T02:34:32.465+00:00,False,92,91.0,,91.0,293728.168556,300008.73534,300008.73536399996,3260.964514826087,0.023219999999999998,293728.168556,30616.089103010825,88.72130904999999,69.01721740659342,19.53866599335667,0.30332450119117255,30,64,,False,False,Request timeout: 300.0s exceeded,385,21.16838264042747
417,2026-09-14T02:29:36.930+00:00,2026-09-14T02:34:30.696+00:00,2026-09-14T02:34:36.953+00:00,False,92,91.0,,91.0,293766.298209,300023.407457,300023.40766699996,3261.1239963804346,0.024640000000000002,293766.298209,30620.091627689944,88.8479131,68.75944228571429,20.100489390111203,0.30330966763999007,30,64,,False,False,Request timeout: 300.0s exceeded,424,21.16838264042747
418,2026-09-14T02:29:41.515+00:00,2026-09-14T02:34:35.248+00:00,2026-09-14T02:34:41.576+00:00,False,90,89.0,,89.0,293732.37723600003,300060.30299600004,300060.30304400006,3334.0033671555557,0.03382,293732.37723600003,30954.622710685944,87.89755294999999,71.10028943820225,19.6803772018887,0.2966070456883676,30,64,,False,False,Request timeout: 300.0s exceeded,485,21.16838264042747
419,2026-09-14T02:29:44.057+00:00,2026-09-14T02:34:38.156+00:00,2026-09-14T02:34:44.082+00:00,False,86,85.0,,85.0,294099.101245,300024.98591700004,300024.985831,3488.662625941861,0.01902,294099.101245,31706.009865483673,87.64799,69.71629025882353,19.428201659387362,0.28330973748804605,30,64,,False,False,Request timeout: 300.0s exceeded,447,21.16838264042747
420,2026-09-14T02:29:48.468+00:00,2026-09-14T02:34:42.598+00:00,2026-09-14T02:34:48.496+00:00,False,92,91.0,,91.0,294130.280173,300027.72350100003,300027.723519,3261.1709078152176,0.02102,294130.280173,30658.45129432741,88.06024659999999,64.80706953846153,19.896272104715745,0.30330530438363534,30,64,,False,False,Request timeout: 300.0s exceeded,429,21.16838264042747
421,2026-09-14T02:29:52.778+00:00,2026-09-14T02:34:46.628+00:00,2026-09-14T02:34:52.794+00:00,False,97,96.0,,96.0,293849.76216900005,300016.21797700005,300016.2178880001,3092.950699876289,0.020489999999999998,293849.76216900005,29829.407431936223,86.32388359999999,64.23391466666666,19.77021516309989,0.3199827017596748,30,64,,True,False,Request timeout: 300.0s exceeded,396,21.16838264042747
422,2026-09-14T02:29:55.489+00:00,2026-09-14T02:34:49.222+00:00,2026-09-14T02:34:55.506+00:00,False,93,92.0,,92.0,293732.645199,300016.221007,300016.22081,3225.9808689247316,0.02138,293732.645199,30451.580416561603,89.23163500000001,68.29973704347826,19.766281050308862,0.3066500860893566,30,64,,True,False,Request timeout: 300.0s exceeded,323,21.16838264042747
423,2026-09-14T02:29:58.894+00:00,2026-09-14T02:34:52.749+00:00,2026-09-14T02:34:58.902+00:00,False,91,90.0,,90.0,293855.792112,300008.8028,300008.80279,3296.800030659341,0.037880000000000004,293855.792112,30797.296883828054,89.450696,68.36678542222222,20.22139093611639,0.29999119745829006,30,64,,True,False,Request timeout: 300.0s exceeded,448,21.16838264042747
424,2026-09-14T02:30:01.588+00:00,2026-09-14T02:34:55.161+00:00,2026-09-14T02:35:01.600+00:00,False,100,99.0,,99.0,293572.776612,300011.75594,300011.756076,3000.1175607600003,0.02244,293572.776612,29350.780579704042,88.745556,65.04019523232323,20.283918412660178,0.3299870689727213,30,64,,True,False,Request timeout: 300.0s exceeded,538,21.16838264042747
425,2026-09-14T02:30:06.146+00:00,2026-09-14T02:34:59.516+00:00,2026-09-14T02:35:06.175+00:00,False,100,99.0,,99.0,293369.859484,300028.92815600004,300028.928154,3000.28928154,0.046340000000000006,293369.859484,29330.266550324133,89.69226644999999,67.26331991919191,20.270601653716334,0.32996818209651085,30,64,,True,False,Request timeout: 300.0s exceeded,221,21.16838264042747
426,2026-09-14T02:30:10.512+00:00,2026-09-14T02:35:04.247+00:00,2026-09-14T02:35:10.518+00:00,False,93,92.0,,92.0,293735.569007,300006.440559,300006.44048600004,3225.875704150538,0.02431,293735.569007,30451.898005049592,88.5714492,68.16164730434782,19.897755289579262,0.30666008312547227,30,64,,True,False,Request timeout: 300.0s exceeded,412,21.16838264042747
427,2026-09-14T02:30:14.442+00:00,2026-09-14T02:35:07.845+00:00,2026-09-14T02:35:14.472+00:00,False,102,101.0,,101.0,293402.76171399996,300029.968626,300029.96866099996,2941.4702809901955,0.03921,293402.76171399996,29044.712677397303,89.83678400000001,65.61591001980199,20.637441179870073,0.33663303856789306,30,64,,True,False,Request timeout: 300.0s exceeded,402,21.16838264042747
428,2026-09-14T02:30:17.453+00:00,2026-09-14T02:35:11.022+00:00,2026-09-14T02:35:17.484+00:00,False,96,95.0,,95.0,293569.518165,300031.11278900004,300031.11288100004,3125.324092510417,0.039020000000000006,293569.518165,29955.378451669363,90.52429099999999,68.01678551578948,20.447242650626407,0.3166338287949814,30,64,,True,False,Request timeout: 300.0s exceeded,452,21.16838264042747
429,2026-09-14T02:30:20.190+00:00,2026-09-14T02:35:13.892+00:00,2026-09-14T02:35:20.231+00:00,False,93,92.0,,92.0,293702.54262699996,300041.553187,300041.55305099994,3226.2532586129028,0.020219,293702.54262699996,30448.396808313075,90.25136719999999,68.90228869565217,20.32551458261419,0.30662419595815543,30,64,,True,False,Request timeout: 300.0s exceeded,357,21.16838264042747
430,2026-09-14T02:30:23.694+00:00,2026-09-14T02:35:17.237+00:00,2026-09-14T02:35:23.766+00:00,False,93,92.0,,92.0,293542.884937,300071.823945,300071.823902,3226.5787516344085,0.03602,293542.884937,30431.626115961728,88.004686,70.96672834782609,18.926705118592675,0.306593264207514,30,64,,True,False,Request timeout: 300.0s exceeded,341,21.16838264042747
431,2026-09-14T02:30:27.465+00:00,2026-09-14T02:35:20.938+00:00,2026-09-14T02:35:27.518+00:00,False,93,92.0,,92.0,293472.62131,300052.759294,300052.75924700004,3226.373755344086,0.03367,293472.62131,30424.283575700138,88.01412260000001,71.52323895652174,20.732974055112535,0.3066127444269088,30,64,,True,False,Request timeout: 300.0s exceeded,455,21.16838264042747
432,2026-09-14T02:30:30.721+00:00,2026-09-14T02:35:24.750+00:00,2026-09-14T02:35:30.771+00:00,False,87,86.0,,86.0,294028.78461000003,300049.76611400006,300049.766217,3448.8478875517244,0.02054,294028.78461000003,31515.695859802578,90.03022430000001,70.0114128372093,21.595505797282726,0.28661912026728725,30,64,,True,False,Request timeout: 300.0s exceeded,400,21.16838264042747
433,2026-09-14T02:30:34.000+00:00,2026-09-14T02:35:27.272+00:00,2026-09-14T02:35:34.044+00:00,False,101,100.0,,100.0,293271.63023199997,300044.27151199995,300044.27136199997,2970.7353600198016,0.0198,293271.63023199997,29174.885273783664,87.849555,67.72641279999999,19.440331346605277,0.3332841500225096,30,64,,True,False,Request timeout: 300.0s exceeded,486,21.16838264042747
434,2026-09-14T02:30:37.514+00:00,2026-09-14T02:35:30.977+00:00,2026-09-14T02:35:37.594+00:00,False,98,97.0,,97.0,293462.87580299994,300079.95253899996,300079.95271099993,3062.0403337857138,0.039689999999999996,293462.87580299994,29637.34260171644,88.50598749999999,68.21728593814433,19.75489326559761,0.32324718522272283,30,64,,True,False,Request timeout: 300.0s exceeded,482,21.16838264042747
435,2026-09-14T02:30:41.753+00:00,2026-09-14T02:35:35.333+00:00,2026-09-14T02:35:41.783+00:00,False,96,95.0,,95.0,293579.78633,300030.00840999995,300030.00844099995,3125.312587927083,0.02085,293579.78633,29956.438685587316,89.15762999999998,67.89707452631579,20.48563065988741,0.3166349942909033,30,64,,True,False,Request timeout: 300.0s exceeded,457,21.16838264042747
436,2026-09-14T02:30:46.124+00:00,2026-09-14T02:35:39.590+00:00,2026-09-14T02:35:46.186+00:00,False,99,98.0,,98.0,293466.022004,300062.231412,300062.23126800003,3030.931628969697,0.03437,293466.022004,29487.687656896378,91.1155969,67.30825926530612,21.04134652893812,0.3265989176273279,30,64,,True,False,Request timeout: 300.0s exceeded,449,21.16838264042747
437,2026-09-14T02:30:49.957+00:00,2026-09-14T02:35:43.567+00:00,2026-09-14T02:35:49.969+00:00,False,93,92.0,,92.0,293609.704685,300011.263725,300011.263639,3225.927566010753,0.03646,293609.704685,30438.69995921952,91.356279,69.58216347826088,21.061135225469958,0.3066551530689533,30,64,,True,False,Request timeout: 300.0s exceeded,436,21.16838264042747
438,2026-09-14T02:30:54.272+00:00,2026-09-14T02:35:47.713+00:00,2026-09-14T02:35:54.335+00:00,False,97,96.0,,96.0,293441.541794,300063.157666,300063.157564,3093.434614061856,0.02078,293441.541794,29787.477229809574,88.3463018,68.97516533333332,19.290925867125264,0.3199326460026709,30,64,,True,False,Request timeout: 300.0s exceeded,447,21.16838264042747
439,2026-09-14T02:30:58.555+00:00,2026-09-14T02:35:52.056+00:00,2026-09-14T02:35:58.573+00:00,False,98,97.0,,97.0,293500.392906,300017.713866,300017.713906,3061.4052439387756,0.03529,293500.392906,29641.235936385357,86.6471285,67.18887587628865,19.217865614239305,0.3233142428494209,30,64,,True,False,Request timeout: 300.0s exceeded,245,21.16838264042747
440,2026-09-14T02:31:01.488+00:00,2026-09-14T02:35:55.039+00:00,2026-09-14T02:36:01.555+00:00,False,95,94.0,,94.0,293551.210832,300067.370832,300067.370965,3158.603904894737,0.02171,293551.210832,30110.61317439615,90.504303,69.32085106382979,20.027504046589424,0.3132629840404346,30,64,,True,False,Request timeout: 300.0s exceeded,402,21.16838264042747
441,2026-09-14T02:31:05.169+00:00,2026-09-14T02:35:59.008+00:00,2026-09-14T02:36:05.258+00:00,False,91,90.0,,90.0,293839.26549900003,300089.11458700005,300089.114606,3297.6825780879126,0.02314,293839.26549900003,30795.451760826294,89.159562,69.44276764444444,20.420585820283243,0.2999109118765044,30,64,,True,False,Request timeout: 300.0s exceeded,120,21.16838264042747
442,2026-09-14T02:31:07.962+00:00,2026-09-14T02:36:01.637+00:00,2026-09-14T02:36:07.996+00:00,False,93,92.0,,92.0,293675.55365899997,300034.150011,300034.150095,3226.1736569354835,0.04176,293675.55365899997,30445.576384487176,90.62647500000001,69.11517773913043,20.740722268698697,0.30663176173987877,30,64,,True,False,Request timeout: 300.0s exceeded,227,21.16838264042747
443,2026-09-14T02:31:11.658+00:00,2026-09-14T02:36:05.428+00:00,2026-09-14T02:36:11.695+00:00,False,91,90.0,,90.0,293770.205235,300037.189171,300037.189132,3297.1119684835166,0.035289,293770.205235,30788.19148675255,87.21501049999999,69.63315484444443,19.105211390720715,0.2999628154385434,30,64,,True,False,Request timeout: 300.0s exceeded,381,21.16838264042747
444,2026-09-14T02:31:14.649+00:00,2026-09-14T02:36:08.244+00:00,2026-09-14T02:36:14.687+00:00,False,96,95.0,,95.0,293595.789086,300038.436894,300038.436754,3125.4003828541668,0.02314,293595.789086,29958.079368264993,88.60674775000001,67.81734534736842,19.378392039374575,0.3166260995872418,30,64,,True,False,Request timeout: 300.0s exceeded,404,21.16838264042747
445,2026-09-14T02:31:17.749+00:00,2026-09-14T02:36:11.614+00:00,2026-09-14T02:36:17.797+00:00,False,89,88.0,,88.0,293865.353501,300048.640029,300048.640005,3371.3330337640446,0.02662,293865.353501,31142.222918711304,87.4868274,70.26461963636363,19.085205114539733,0.29328578190354304,30,64,,True,False,Request timeout: 300.0s exceeded,394,21.16838264042747
446,2026-09-14T02:31:20.644+00:00,2026-09-14T02:36:14.167+00:00,2026-09-14T02:36:20.670+00:00,False,94,93.0,,93.0,293523.12806699995,300026.821379,300026.82145399996,3191.7746963191485,0.02157,293523.12806699995,30267.392068717698,88.23411185,69.93218615053765,19.109207017865312,0.30997228705269825,30,64,,True,False,Request timeout: 300.0s exceeded,452,21.16838264042747
447,2026-09-14T02:31:25.026+00:00,2026-09-14T02:36:18.891+00:00,2026-09-14T02:36:25.105+00:00,False,94,93.0,,93.0,293864.93908,300079.00730399997,300079.007269,3192.3298645638297,0.03411,293864.93908,30302.96903261166,87.9599373,66.81793789247311,20.11887050440476,0.3099183806142921,30,64,,True,False,Request timeout: 300.0s exceeded,270,21.16838264042747
448,2026-09-14T02:31:29.470+00:00,2026-09-14T02:36:23.388+00:00,2026-09-14T02:36:29.498+00:00,False,88,87.0,,87.0,293918.33668199996,300027.935914,300027.935953,3409.4083631022722,0.08698,293918.33668199996,31324.319981216628,88.64422685000001,70.22527852873564,19.590758395549788,0.28997299779757074,30,64,,True,False,Request timeout: 300.0s exceeded,427,21.16838264042747
449,2026-09-14T02:31:32.054+00:00,2026-09-14T02:36:25.627+00:00,2026-09-14T02:36:32.136+00:00,False,91,90.0,,90.0,293573.301122,300082.12620999996,300082.12633199996,3297.6057838681318,0.02219,293573.301122,30767.268316909034,88.83410749999999,72.32027875555555,18.565202166170575,0.29991789626622833,30,64,,True,False,Request timeout: 300.0s exceeded,401,21.16838264042747
450,2026-09-14T02:31:36.011+00:00,2026-09-14T02:36:29.837+00:00,2026-09-14T02:36:36.031+00:00,False,89,88.0,,88.0,293826.05504500004,300020.66061300004,300020.66059700004,3371.018658393259,0.02078,293826.05504500004,31138.0443255383,89.5922454,70.39324509090909,20.157984239144152,0.29331313323622127,30,64,,True,False,Request timeout: 300.0s exceeded,288,21.16838264042747
451,2026-09-14T02:31:39.089+00:00,2026-09-14T02:36:32.931+00:00,2026-09-14T02:36:39.149+00:00,False,92,91.0,,91.0,293841.934346,300060.321546,300060.32151800004,3261.5252338913047,0.039130000000000005,293841.934346,30628.022139359688,88.7578455,68.33392527472527,20.91217033394134,0.3032723538091972,30,64,,True,False,Request timeout: 300.0s exceeded,404,21.16838264042747
452,2026-09-14T02:31:43.626+00:00,2026-09-14T02:36:37.327+00:00,2026-09-14T02:36:43.702+00:00,False,95,94.0,,94.0,293700.54263,300075.86960599996,300075.869639,3158.6933646210523,0.02576,293700.54263,30126.088495330747,88.926695,67.82262740425531,20.759862908376437,0.3132541117798713,30,64,,True,False,Request timeout: 300.0s exceeded,401,21.16838264042747
453,2026-09-14T02:31:46.896+00:00,2026-09-14T02:36:40.521+00:00,2026-09-14T02:36:46.909+00:00,False,93,92.0,,92.0,293624.63425199996,300012.657548,300012.65763399994,3225.942555204301,0.02234,293624.63425199996,30440.26334116224,91.2413966,69.43503582608696,21.064219573088334,0.3066537283857119,30,64,,True,False,Request timeout: 300.0s exceeded,353,21.16838264042747
454,2026-09-14T02:31:49.962+00:00,2026-09-14T02:36:43.619+00:00,2026-09-14T02:36:49.988+00:00,False,94,93.0,,93.0,293656.401969,300026.064177,300026.06427,3191.7666411702126,0.02307,293656.401969,30281.288142766447,90.4651678,68.49099148387097,21.05348748354674,0.30997306935685015,30,64,,True,False,Request timeout: 300.0s exceeded,471,21.16838264042747
455,2026-09-14T02:31:52.531+00:00,2026-09-14T02:36:46.372+00:00,2026-09-14T02:36:52.576+00:00,False,94,93.0,,93.0,293840.784762,300045.057914,300045.058152,3191.968703744681,0.026539999999999998,293840.784762,30300.488874555303,88.88274615,66.71261453763441,20.579612220218745,0.3099534471474481,30,64,,True,False,Request timeout: 300.0s exceeded,437,21.16838264042747
456,2026-09-14T02:31:56.986+00:00,2026-09-14T02:36:50.787+00:00,2026-09-14T02:36:57.030+00:00,False,90,89.0,,89.0,293800.75537300005,300044.24286100006,300044.24285100005,3333.824920566667,0.02332,293800.75537300005,30961.93030145151,88.17401745,70.15154480898876,19.51611009782118,0.29662292184433137,30,64,,True,False,Request timeout: 300.0s exceeded,557,21.16838264042747
457,2026-09-14T02:32:01.067+00:00,2026-09-14T02:36:54.838+00:00,2026-09-14T02:37:01.099+00:00,False,89,88.0,,88.0,293771.33476999996,300032.74584199995,300032.745709,3371.154446168539,0.02118,293771.33476999996,31132.163479902647,89.9299944,71.15239854545455,20.096425841108996,0.2933013186712014,30,64,,True,False,Request timeout: 300.0s exceeded,348,21.16838264042747
458,2026-09-14T02:32:05.590+00:00,2026-09-14T02:36:57.818+00:00,2026-09-14T02:37:05.722+00:00,False,120,119.0,,119.0,292228.27899,300132.85499,300132.854902,2501.1071241833333,0.03463,292228.27899,26670.613644220743,89.26394055,66.42500840336135,19.860864336043708,0.3964910806048372,30,64,,True,False,Request timeout: 300.0s exceeded,558,21.16838264042747
459,2026-09-14T02:32:07.366+00:00,2026-09-14T02:37:01.105+00:00,2026-09-14T02:37:07.455+00:00,False,103,102.0,,102.0,293738.743006,300089.100766,300089.100686,2913.4864144271846,0.0,293738.743006,28936.81813458763,89.221933,62.2584094117647,28.886087479989925,0.3398990491145374,30,64,,True,False,Request timeout: 300.0s exceeded,467,21.16838264042747
460,2026-09-14T02:32:10.316+00:00,2026-09-14T02:37:04.047+00:00,2026-09-14T02:37:10.333+00:00,False,105,104.0,,104.0,293731.04900400003,300017.27236400003,300017.27236,2857.307355809524,0.0,293731.04900400003,28659.330601948357,89.22712,60.44445538461538,28.628897525500577,0.34664670863956326,30,64,,True,False,Request timeout: 300.0s exceeded,532,21.16838264042747
461,2026-09-14T02:32:13.128+00:00,2026-09-14T02:37:07.198+00:00,2026-09-14T02:37:13.173+00:00,False,91,90.0,,90.0,294070.100751,300045.37166299997,300045.371643,3297.201886186813,0.0,294070.100751,30819.970303304875,89.14085650000001,66.39189902222222,21.346457505540304,0.29995463519792176,30,64,,True,False,Request timeout: 300.0s exceeded,409,21.16838264042747
462,2026-09-14T02:32:15.900+00:00,2026-09-14T02:37:09.520+00:00,2026-09-14T02:37:15.959+00:00,False,97,96.0,,96.0,293620.165654,300059.802646,300059.802515,3093.400025927835,0.03607,293620.165654,29805.80729779538,89.129912,67.079552,20.932676420656566,0.3199362232243331,30,64,,True,False,Request timeout: 300.0s exceeded,458,21.16838264042747
463,2026-09-14T02:32:20.437+00:00,2026-09-14T02:37:14.208+00:00,2026-09-14T02:37:20.494+00:00,False,97,96.0,,96.0,293770.41465,300056.065594,300056.06553799997,3093.3615003917525,0.027260000000000003,293770.41465,29821.225489087723,89.5139386,65.47553066666667,20.72618402112264,0.31994020787400357,30,64,,True,False,Request timeout: 300.0s exceeded,482,21.16838264042747
464,2026-09-14T02:32:24.318+00:00,2026-09-14T02:37:18.193+00:00,2026-09-14T02:37:24.392+00:00,False,95,94.0,,94.0,293874.744084,300073.408788,300073.408694,3158.667459936842,0.0233,293874.744084,30144.153530582986,88.291508,65.9432415319149,20.052689425758505,0.3132566806891257,30,64,,True,False,Request timeout: 300.0s exceeded,351,21.16838264042747
465,2026-09-14T02:32:26.894+00:00,2026-09-14T02:37:20.416+00:00,2026-09-14T02:37:26.912+00:00,False,100,99.0,,99.0,293521.675071,300018.487103,300018.487012,3000.18487012,0.024629,293521.675071,29345.612132668084,89.2630719,65.62436395959595,20.462136276267774,0.3299796654397904,30,64,,True,False,Request timeout: 300.0s exceeded,512,21.16838264042747
466,2026-09-14T02:32:29.583+00:00,2026-09-14T02:37:22.818+00:00,2026-09-14T02:37:29.598+00:00,False,100,99.0,,99.0,293234.954189,300014.615757,300014.615685,3000.14615685,0.02054,293234.954189,29316.65408232506,87.7382799,68.48142997979798,20.078600863619226,0.32998392345053645,30,64,,True,False,Request timeout: 300.0s exceeded,516,21.16838264042747
467,2026-09-14T02:32:32.787+00:00,2026-09-14T02:37:26.570+00:00,2026-09-14T02:37:32.796+00:00,False,90,89.0,,89.0,293782.785145,300008.38616899995,300008.38636999996,3333.426515222222,0.019620000000000002,293782.785145,30960.057180171192,88.0338335,69.95057330337079,19.391720140972968,0.2966583739091372,30,64,,True,False,Request timeout: 300.0s exceeded,408,21.16838264042747
468,2026-09-14T02:32:36.625+00:00,2026-09-14T02:37:30.711+00:00,2026-09-14T02:37:36.697+00:00,False,88,87.0,,87.0,294085.630407,300071.760583,300071.760719,3409.9063718068182,0.03846,294085.630407,31342.30417303873,87.2771507,68.80609397701149,18.489743399415712,0.2899306480255604,30,64,,True,False,Request timeout: 300.0s exceeded,427,21.16838264042747
469,2026-09-14T02:32:40.494+00:00,2026-09-14T02:37:34.179+00:00,2026-09-14T02:37:40.552+00:00,False,97,96.0,,96.0,293684.77197299997,300057.500549,300057.50044,3093.376293195876,0.03686,293684.77197299997,29812.437195259146,88.228511,66.38258933333334,19.983530310802315,0.3199386778345939,30,64,,True,False,Request timeout: 300.0s exceeded,548,21.16838264042747
470,2026-09-14T02:32:44.901+00:00,2026-09-14T02:37:38.962+00:00,2026-09-14T02:37:44.948+00:00,False,87,86.0,,86.0,294060.252787,300046.071411,300046.071212,3448.805416229885,0.021559000000000002,294060.252787,31519.112107094246,88.28226129999999,69.60254213953489,19.532139225677625,0.28662264963368944,30,64,,True,False,Request timeout: 300.0s exceeded,357,21.16838264042747
471,2026-09-14T02:32:48.779+00:00,2026-09-14T02:37:42.659+00:00,2026-09-14T02:37:48.809+00:00,False,90,89.0,,89.0,293879.630275,300029.831107,300029.831134,3333.664790377778,0.02216,293879.630275,30970.354372029964,87.10180405,69.10338013483145,18.59787538305224,0.29663716994947686,30,64,,True,False,Request timeout: 300.0s exceeded,422,21.16838264042747
472,2026-09-14T02:32:51.760+00:00,2026-09-14T02:37:45.616+00:00,2026-09-14T02:37:51.796+00:00,False,93,92.0,,92.0,293856.03337300004,300036.27836500003,300036.27834900003,3226.196541387097,0.038939999999999995,293856.03337300004,30464.49143306286,87.0546026,67.176576,19.444873485352772,0.3066295865997917,30,64,,True,False,Request timeout: 300.0s exceeded,307,21.16838264042747
473,2026-09-14T02:32:56.317+00:00,2026-09-14T02:37:49.920+00:00,2026-09-14T02:37:56.350+00:00,False,91,90.0,,90.0,293602.92462400004,300032.47419200005,300032.47405400005,3297.060154439561,0.01834,293602.92462400004,30770.466498897353,89.32084800000001,71.43943964444445,19.318275406792278,0.2999675293228633,30,64,,True,False,Request timeout: 300.0s exceeded,341,21.16838264042747
474,2026-09-14T02:33:00.228+00:00,2026-09-14T02:37:54.084+00:00,2026-09-14T02:38:00.266+00:00,False,86,85.0,,85.0,293855.766919,300037.539207,300037.539101,3488.8085941976747,0.03603,293855.766919,31679.446256445244,90.45147150000001,72.7267328,20.118150018735022,0.28329788407362366,30,64,,True,False,Request timeout: 300.0s exceeded,386,21.16838264042747
475,2026-09-14T02:33:02.944+00:00,2026-09-14T02:37:56.519+00:00,2026-09-14T02:38:03.010+00:00,False,95,94.0,,94.0,293575.154759,300066.016327,300066.016339,3158.589645673684,0.03735,293575.154759,30113.097487161183,91.7758164,69.05171880851063,20.187519796029996,0.31326439811685486,30,64,,True,False,Request timeout: 300.0s exceeded,443,21.16838264042747
476,2026-09-14T02:33:06.825+00:00,2026-09-14T02:38:00.515+00:00,2026-09-14T02:38:06.868+00:00,False,94,93.0,,93.0,293689.815545,300043.404537,300043.40476500004,3191.951114521277,0.02096,293689.815545,30284.7517979903,90.58312695000001,68.31816120430108,20.28767115446591,0.30995515513333555,30,64,,True,False,Request timeout: 300.0s exceeded,435,21.16838264042747
477,2026-09-14T02:33:10.635+00:00,2026-09-14T02:38:04.191+00:00,2026-09-14T02:38:12.792+00:00,False,83,82.0,,82.0,293555.678136,302157.336248,302157.33636,3640.4498356626505,0.05298,293555.678136,32212.16723625081,90.18416010000001,104.89826965853658,338.753005705124,0.2713817940620754,30,64,,True,False,Request timeout: 300.0s exceeded,359,21.16838264042747
478,2026-09-14T02:33:14.115+00:00,2026-09-14T02:38:07.945+00:00,2026-09-14T02:38:14.153+00:00,False,102,101.0,,101.0,293829.881504,300037.597088,300037.596953,2941.5450681666666,0.01511,293829.881504,29089.01112179839,88.7181601,61.46253053465346,306.93125766715843,0.33662447966605014,30,64,,True,False,Request timeout: 300.0s exceeded,479,21.16838264042747
479,2026-09-14T02:33:18.477+00:00,2026-09-14T02:38:14.042+00:00,2026-09-14T02:38:18.486+00:00,False,69,68.0,,68.0,295564.439302,300009.02887,300009.029002,4347.956942057971,0.038299999999999994,295564.439302,35573.91409463104,87.8776524,65.36161129411765,20.002859517337402,0.22665984505908252,30,64,,True,False,Request timeout: 300.0s exceeded,282,21.16838264042747
480,2026-09-14T02:33:22.165+00:00,2026-09-14T02:38:15.615+00:00,2026-09-14T02:38:22.181+00:00,False,98,97.0,,97.0,293450.338851,300016.165155,300016.165174,3061.3894405510205,0.03524,293450.338851,29636.12941674668,88.6270647,67.68893096907216,19.55086334277254,0.3233159118272378,30,64,,True,False,Request timeout: 300.0s exceeded,496,21.16838264042747
481,2026-09-14T02:33:25.033+00:00,2026-09-14T02:38:18.364+00:00,2026-09-14T02:38:25.081+00:00,False,99,98.0,,98.0,293330.800253,300048.357245,300048.357084,3030.7914856969696,0.02851,293330.800253,29473.97189919176,88.40894200000001,68.54649991836735,19.550703215529346,0.3266140194861309,30,64,,True,False,Request timeout: 300.0s exceeded,383,21.16838264042747
482,2026-09-14T02:33:28.993+00:00,2026-09-14T02:38:23.056+00:00,2026-09-14T02:38:29.041+00:00,False,91,90.0,,90.0,294063.236704,300047.943008,300047.943094,3297.2301438901095,0.04262,294063.236704,30819.23917305779,90.50346900000001,66.49673671111111,20.462866518379972,0.2999520646525492,30,64,,True,False,Request timeout: 300.0s exceeded,443,21.16838264042747
483,2026-09-14T02:33:31.485+00:00,2026-09-14T02:38:24.837+00:00,2026-09-14T02:38:31.514+00:00,False,105,104.0,,104.0,293351.870574,300028.86155,300028.861612,2857.4177296380954,0.022109999999999998,293351.870574,28621.952720516212,88.05587820000001,64.2018363076923,20.098762264434693,0.34663331875046405,30,64,,True,False,Request timeout: 300.0s exceeded,399,21.16838264042747
484,2026-09-14T02:33:35.486+00:00,2026-09-14T02:38:29.256+00:00,2026-09-14T02:38:35.561+00:00,False,94,93.0,,93.0,293769.764772,300074.53149200004,300074.531443,3192.2822493936173,0.02518,293769.764772,30293.05224861869,88.8729425,67.7931905376344,20.54628919997742,0.3099230032538745,30,64,,True,False,Request timeout: 300.0s exceeded,373,21.16838264042747
485,2026-09-14T02:33:39.562+00:00,2026-09-14T02:38:33.857+00:00,2026-09-14T02:38:39.644+00:00,False,83,82.0,,82.0,294294.839751,300081.359815,300081.359808,3615.4380699759035,0.038689999999999995,294294.839751,32295.315581997762,88.1964158,70.56731785365854,19.885275546259905,0.27325922559986054,30,64,,True,False,Request timeout: 300.0s exceeded,322,21.16838264042747
486,2026-09-14T02:33:42.428+00:00,2026-09-14T02:38:35.969+00:00,2026-09-14T02:38:42.465+00:00,False,97,96.0,,96.0,293541.913639,300037.35274299997,300037.352638,3093.168583896907,0.02059,293541.913639,29797.802174057982,88.7156366,67.660824,19.72076849049023,0.3199601620343243,30,64,,True,False,Request timeout: 300.0s exceeded,516,21.16838264042747
487,2026-09-14T02:33:46.892+00:00,2026-09-14T02:38:40.489+00:00,2026-09-14T02:38:46.929+00:00,False,102,101.0,,101.0,293596.93186,300037.540628,300037.540707,2941.544516735294,0.02212,293596.93186,29064.120220401765,85.30684000000001,63.768403643564355,19.02117382020977,0.33662454301085054,30,64,,True,False,Request timeout: 300.0s exceeded,527,21.16838264042747
488,2026-09-14T02:33:50.633+00:00,2026-09-14T02:38:44.611+00:00,2026-09-14T02:38:50.660+00:00,False,93,92.0,,92.0,293977.90851499996,300027.13808299997,300027.13796699996,3226.098257709677,0.03444,293977.90851499996,30477.277424497086,88.2139156,65.75249530434783,20.160778128421228,0.30663892802440085,30,64,,True,False,Request timeout: 300.0s exceeded,457,21.16838264042747
489,2026-09-14T02:33:54.929+00:00,2026-09-14T02:38:48.778+00:00,2026-09-14T02:38:54.976+00:00,False,92,91.0,,91.0,293849.348625,300046.99624099996,300046.996205,3261.3803935326087,0.0428,293849.348625,30628.81865675537,89.657626,68.10601775824176,20.560518042058135,0.30328582235466917,30,64,,True,False,Request timeout: 300.0s exceeded,446,21.16838264042747
490,2026-09-14T02:33:59.192+00:00,2026-09-14T02:38:52.966+00:00,2026-09-14T02:38:59.216+00:00,False,94,93.0,,93.0,293774.5179,300024.179596,300024.17955,3191.7465909574466,0.03707,293774.5179,30293.602946957904,86.89371185,67.20066339784945,19.53193148436133,0.30997501643110864,30,64,,True,False,Request timeout: 300.0s exceeded,310,21.16838264042747
491,2026-09-14T02:34:01.715+00:00,2026-09-14T02:38:55.323+00:00,2026-09-14T02:39:01.762+00:00,False,96,95.0,,95.0,293607.891772,300047.10866800003,300047.108881,3125.4907175104167,0.03553,293607.891772,29959.31846825116,88.57621575000002,67.78123048421052,19.672196031560848,0.31661694865760837,30,64,,True,False,Request timeout: 300.0s exceeded,510,21.16838264042747
492,2026-09-14T02:34:04.542+00:00,2026-09-14T02:38:58.453+00:00,2026-09-14T02:39:04.637+00:00,False,90,89.0,,89.0,293911.241039,300094.957391,300094.957449,3334.3884160999996,0.027690000000000003,293911.241039,30973.647339492854,88.483341,69.47995901123595,19.575873559687654,0.2965727940707782,30,64,,True,False,Request timeout: 300.0s exceeded,326,21.16838264042747
493,2026-09-14T02:34:07.340+00:00,2026-09-14T02:39:00.992+00:00,2026-09-14T02:39:07.379+00:00,False,99,98.0,,98.0,293652.559344,300038.725616,300038.725676,3030.6941987474747,0.01943,293652.559344,29506.650318891086,88.99720380000001,65.16496195918367,20.393001264897553,0.32662450421624506,30,64,,True,False,Request timeout: 300.0s exceeded,413,21.16838264042747
494,2026-09-14T02:34:10.451+00:00,2026-09-14T02:39:03.968+00:00,2026-09-14T02:39:10.459+00:00,False,102,101.0,,101.0,293517.00182999996,300008.08407,300008.08414,2941.2557268627447,0.03409,293517.00182999996,29056.157476403747,89.59321205,64.26814099009901,20.48881067094214,0.3366575947881257,30,64,,True,False,Request timeout: 300.0s exceeded,475,21.16838264042747
495,2026-09-14T02:34:13.685+00:00,2026-09-14T02:39:07.553+00:00,2026-09-14T02:39:13.695+00:00,False,91,90.0,,90.0,293867.899945,300010.546473,300010.546502,3296.8191923296704,0.0365,293867.899945,30798.5782557009,87.41196,68.25162808888888,20.30538181498442,0.2999894538977472,30,64,,True,False,Request timeout: 300.0s exceeded,431,21.16838264042747
496,2026-09-14T02:34:17.251+00:00,2026-09-14T02:39:11.001+00:00,2026-09-14T02:39:17.333+00:00,False,94,93.0,,93.0,293750.710064,300082.101296,300082.10135199997,3192.362780340425,0.03563,293750.710064,30291.05662479807,87.75878735,68.07947561290322,19.391579840802873,0.30991518520548184,30,64,,True,False,Request timeout: 300.0s exceeded,323,21.16838264042747
497,2026-09-14T02:34:19.806+00:00,2026-09-14T02:39:13.178+00:00,2026-09-14T02:39:19.855+00:00,False,98,97.0,,97.0,293372.42596100003,300049.04189700005,300049.041671,3061.7249150102043,0.02147,293372.42596100003,29628.143759503946,87.64057135000002,68.83109212371134,19.713860207084664,0.3232804857057263,30,64,,True,False,Request timeout: 300.0s exceeded,502,21.16838264042747
498,2026-09-14T02:34:23.623+00:00,2026-09-14T02:39:17.198+00:00,2026-09-14T02:39:23.698+00:00,False,95,94.0,,94.0,293575.313422,300075.09659,300075.09670399997,3158.6852284631577,0.0263,293575.313422,30113.103424503144,87.50668300000001,69.14662944680852,19.256278289445802,0.31325491874600486,30,64,,True,False,Request timeout: 300.0s exceeded,465,21.16838264042747
499,2026-09-14T02:34:26.715+00:00,2026-09-14T02:39:20.632+00:00,2026-09-14T02:39:26.754+00:00,False,90,89.0,,89.0,293916.80692,300039.70228,300039.702329,3333.7744703222224,0.040670000000000005,293916.80692,30974.306007725245,88.66865194999998,68.79657707865168,19.47675523875424,0.2966274107182799,30,64,,True,False,Request timeout: 300.0s exceeded,420,21.16838264042747
500,2026-09-14T02:34:29.690+00:00,2026-09-14T02:39:23.398+00:00,2026-09-14T02:39:29.716+00:00,False,95,94.0,,94.0,293707.645961,300025.538313,300025.538357,3158.1635616526314,0.02291,293707.645961,30126.880010161032,90.1263617,67.21162076595745,20.819469287580898,0.31330666225464787,30,64,,True,False,Request timeout: 300.0s exceeded,398,21.16838264042747
501,2026-09-14T02:34:33.334+00:00,2026-09-14T02:39:26.755+00:00,2026-09-14T02:39:33.414+00:00,False,101,100.0,,100.0,293420.720425,300079.271465,300079.271302,2971.081894079208,0.03692,293420.720425,29189.834191923357,87.59837499999999,66.5855104,19.9917251031772,0.3332452771955746,30,64,,True,False,Request timeout: 300.0s exceeded,468,21.16838264042747
502,2026-09-14T02:34:37.887+00:00,2026-09-14T02:39:31.200+00:00,2026-09-14T02:39:37.932+00:00,False,134,133.0,,133.0,293312.926471,300044.11187900003,300044.111855,2239.135163097015,0.02296,293312.926471,25334.01905275271,88.53862950000001,50.61041660150376,26.279358445001662,0.44326815536255365,30,64,,True,False,Request timeout: 300.0s exceeded,646,21.16838264042747
0,2026-09-14T02:04:40.917+00:00,2026-09-14T02:04:41.144+00:00,2026-09-14T02:04:53.075+00:00,True,226,226.0,,226.0,227.51146,12157.539492,12157.539659,53.794423269911505,0.038060000000000004,227.51146,22.5005845624804,91.99539899999999,53.02234680888889,19.318803737369702,18.589287754213284,31,64,,False,True,,1003,21.16838264042747
1,2026-09-14T02:04:45.683+00:00,2026-09-14T02:04:45.861+00:00,2026-09-14T02:04:53.543+00:00,True,128,128.0,,128.0,177.95898499999998,7860.155977,7860.156146,61.407469890625,38.867158,177.95898499999998,22.416118890855714,95.19650250000001,60.48974009448819,19.945177121376357,16.284664117931918,31,64,,False,True,,423,21.16838264042747
2,2026-09-14T02:04:49.066+00:00,2026-09-14T02:04:53.260+00:00,2026-09-14T02:05:07.878+00:00,True,222,222.0,,222.0,4193.431343,18811.760175,18811.760267,84.73765886036036,39.344516000000006,4193.431343,277.85648807829983,95.53553254999999,66.1462843076923,21.782422594552944,11.801128545909712,31,64,,False,True,,893,21.16838264042747
3,2026-09-14T02:04:54.196+00:00,2026-09-14T02:05:02.498+00:00,2026-09-14T02:05:14.344+00:00,True,182,182.0,,182.0,8302.808353,20148.462881,20148.462799,110.70583955494506,37.202052,8302.808353,610.9786969663494,95.03789200000001,65.44560512707181,21.739514965287576,9.032947132241338,31,64,,False,True,,860,21.16838264042747
4,2026-09-14T02:04:59.125+00:00,2026-09-14T02:05:10.798+00:00,2026-09-14T02:05:23.000+00:00,True,181,181.0,,181.0,11673.722528999999,23874.898081,23874.898076999998,131.90551423756907,17.281864000000002,11673.722528999999,862.9504074921867,94.59889100000001,67.78430862222221,22.347925199625188,7.581184195464378,31,64,,False,True,,368,21.16838264042747
5,2026-09-14T02:05:04.050+00:00,2026-09-14T02:05:18.121+00:00,2026-09-14T02:05:32.337+00:00,True,213,213.0,,213.0,14071.391456,28287.557088,28287.557288,132.8054332769953,39.599307,14071.391456,959.8102056896291,94.75883160000001,67.05738505660378,21.915240747110474,7.529812466215322,31,64,,False,True,,979,21.16838264042747
6,2026-09-14T02:05:07.256+00:00,2026-09-14T02:05:24.769+00:00,2026-09-14T02:05:38.299+00:00,True,199,199.0,,199.0,17513.099163,31043.511195,31043.511111,155.9975432713568,0.02965,17513.099163,1236.9207560088375,95.9423668,68.33541430303029,27.046525521651724,6.410357344888609,31,64,,False,True,,1069,21.16838264042747
7,2026-09-14T02:05:10.668+00:00,2026-09-14T02:05:30.096+00:00,2026-09-14T02:05:43.739+00:00,True,211,211.0,,211.0,19428.121118,33071.163934,33071.163868999996,156.73537378672987,0.01875,19428.121118,1333.2930909454406,96.40136650000001,64.96687055238095,27.319067641280167,6.380180643810782,31,64,,False,True,,1188,21.16838264042747
8,2026-09-14T02:05:14.669+00:00,2026-09-14T02:05:37.464+00:00,2026-09-14T02:05:54.096+00:00,True,255,255.0,,255.0,22795.008693999996,39427.708086,39427.708163999996,154.61846338823528,0.01804,22795.008693999996,1423.6194560750628,96.0717976,65.48306847244095,26.264731862124915,6.467532919838815,31,64,,False,True,,1337,21.16838264042747
9,2026-09-14T02:05:18.537+00:00,2026-09-14T02:05:44.643+00:00,2026-09-14T02:05:58.699+00:00,True,216,216.0,,216.0,26105.165949000002,40161.283453000004,40161.28362,185.93186861111113,38.357108999999994,26105.165949000002,1771.913051288801,94.60771000000001,65.37729071627906,21.501211457788177,5.378314172971607,31,64,,False,True,,924,21.16838264042747
10,2026-09-14T02:05:23.351+00:00,2026-09-14T02:05:53.072+00:00,2026-09-14T02:06:06.225+00:00,True,197,197.0,,197.0,29720.81418,42874.14538,42874.145323000004,217.6352554467005,38.742129,29720.81418,2112.8547214860187,96.1369858,67.10883265306123,22.167190448061167,4.594843774819518,31,64,,False,True,,945,21.16838264042747
11,2026-09-14T02:05:26.295+00:00,2026-09-14T02:05:58.044+00:00,2026-09-14T02:06:14.093+00:00,True,240,240.0,,240.0,31748.746139,47797.692827,47797.692869,199.15705362083332,39.592567,31748.746139,2045.1521035183277,95.92257445000001,67.15040455230125,21.62868268189086,5.021162859652268,31,64,,False,True,,845,21.16838264042747
12,2026-09-14T02:05:30.562+00:00,2026-09-14T02:06:05.773+00:00,2026-09-14T02:06:12.706+00:00,True,106,106.0,,106.0,35211.215511,42144.454551,42144.454582000006,397.5891941698113,41.533823,35211.215511,3413.675016127936,94.95124600000001,66.030848,22.418948881082898,2.5151589011960493,31,64,,False,True,,565,21.16838264042747
13,2026-09-14T02:05:34.661+00:00,2026-09-14T02:06:12.104+00:00,2026-09-14T02:06:19.367+00:00,True,111,111.0,,111.0,37442.660148999996,44705.684020999994,44705.68395499999,402.75390950450446,39.445447,37442.660148999996,3547.6981087616186,94.1116965,66.02748974545455,21.59606505719354,2.4829057519365767,31,64,,False,True,,563,21.16838264042747
14,2026-09-14T02:05:38.307+00:00,2026-09-14T02:06:19.499+00:00,2026-09-14T02:06:33.620+00:00,True,215,215.0,,215.0,41191.92276,55312.713544,55312.713565,257.26843518604653,0.01709,41191.92276,2804.948685947708,94.56689,65.98500366355141,32.116297792770006,3.8869906432808152,31,64,,False,True,,1002,21.16838264042747
15,2026-09-14T02:05:41.148+00:00,2026-09-14T02:06:24.004+00:00,2026-09-14T02:06:40.762+00:00,True,256,256.0,,256.0,42855.851944,59613.529512,59613.529433,232.86534934765626,0.01613,42855.851944,2674.54861716756,95.07132725000001,65.71638261960784,29.77960689356228,4.29432717867289,31,64,,False,True,,1174,21.16838264042747
16,2026-09-14T02:05:44.226+00:00,2026-09-14T02:06:29.038+00:00,2026-09-14T02:06:43.690+00:00,True,220,220.0,,220.0,44812.074443000005,59464.740811,59464.74065400001,270.2942757,0.01686,44812.074443000005,3016.904558042948,94.58214244999999,66.90715236529681,33.57632618433706,3.6996713850857916,31,64,,False,True,,876,21.16838264042747
17,2026-09-14T02:05:49.143+00:00,2026-09-14T02:06:38.426+00:00,2026-09-14T02:06:53.785+00:00,True,233,233.0,,233.0,49282.254313,64641.347048999996,64641.347037,277.43067397854077,12.795183000000002,49282.254313,3224.329326602911,94.657562,66.20298593103448,22.56238949536924,3.604504092765569,31,64,,False,True,,350,21.16838264042747
18,2026-09-14T02:05:54.156+00:00,2026-09-14T02:06:46.299+00:00,2026-09-14T02:07:01.787+00:00,True,232,232.0,,232.0,52142.663535,67630.115439,67630.115382,291.50911802586205,5.607768,52142.663535,3419.0053628230376,95.45905794999999,67.04524633766233,22.470935506738495,3.4304244269589614,31,64,,False,True,,1031,21.16838264042747
19,2026-09-14T02:05:57.088+00:00,2026-09-14T02:06:51.711+00:00,2026-09-14T02:07:01.322+00:00,True,142,142.0,,142.0,54622.191159,64233.600055,64233.60003,452.3492959859155,40.701924,54622.191159,4578.1234227916275,94.18200904999999,68.16602053900709,21.756735287013235,2.210681012404918,31,64,,False,True,,673,21.16838264042747
20,2026-09-14T02:06:01.005+00:00,2026-09-14T02:06:58.831+00:00,2026-09-14T02:07:11.661+00:00,True,190,190.0,,190.0,57825.943913,70656.092009,70656.09201200001,371.87416848421054,0.0,57825.943913,4190.2936450731295,94.99251345,67.88438146031746,26.5394815406665,2.6890816431766176,31,64,,False,True,,844,21.16838264042747
21,2026-09-14T02:06:03.894+00:00,2026-09-14T02:07:04.068+00:00,2026-09-14T02:07:22.914+00:00,True,281,281.0,,281.0,60174.091803999996,79020.609052,79020.609082,281.2121319644128,0.0,60174.091803999996,3585.7617299051026,96.977695,67.30899017142858,25.68772989230058,3.55603434814184,31,64,,False,True,,1336,21.16838264042747
22,2026-09-14T02:06:08.532+00:00,2026-09-14T02:07:12.393+00:00,2026-09-14T02:07:26.059+00:00,True,207,207.0,,207.0,63860.770615999994,77527.229752,77527.22965899999,374.52767951207727,33.05503,63860.770615999994,4434.075517824574,96.39035,66.3420346407767,22.382786492991034,2.670029622652162,31,64,,False,True,,918,21.16838264042747
23,2026-09-14T02:06:11.806+00:00,2026-09-14T02:07:17.679+00:00,2026-09-14T02:07:28.290+00:00,True,160,160.0,,160.0,65872.549088,76483.13955200001,76483.139429,478.01962143125,0.018268999999999997,65872.549088,5202.563697353231,95.55434560000002,66.73327335849056,40.5666801787918,2.0919643327562127,31,64,,False,True,,728,21.16838264042747
24,2026-09-14T02:06:16.054+00:00,2026-09-14T02:07:26.099+00:00,2026-09-14T02:07:39.977+00:00,True,211,211.0,,211.0,70044.629145,83922.361497,83922.361372,397.7363098199052,0.01626,70044.629145,4817.684149804026,95.10443500000001,66.08443977142856,39.65855393532801,2.514228582659017,31,64,,False,True,,849,21.16838264042747
25,2026-09-14T02:06:19.096+00:00,2026-09-14T02:07:31.341+00:00,2026-09-14T02:07:44.168+00:00,True,198,198.0,,198.0,72245.476478,85071.711614,85071.711625,429.6551092171717,39.755525999999996,72245.476478,5129.67839108669,93.953168,65.10779256852793,21.045887172906568,2.3274481757037524,31,64,,False,True,,382,21.16838264042747
26,2026-09-14T02:06:22.675+00:00,2026-09-14T02:07:37.612+00:00,2026-09-14T02:07:48.953+00:00,True,178,178.0,,178.0,74937.447403,86278.399211,86278.399315,484.71010851123594,36.401093,74937.447403,5612.034575586279,92.9553055,64.07317405649717,20.6865102208408,2.0630888104992335,31,64,,False,True,,811,21.16838264042747
27,2026-09-14T02:06:26.691+00:00,2026-09-14T02:07:44.084+00:00,2026-09-14T02:07:57.222+00:00,True,201,201.0,,201.0,77393.137214,90531.383358,90531.383384,450.40489245771147,0.0,77393.137214,5454.313968874909,93.19879300000001,65.69123072,24.881311875111876,2.220224551359826,31,64,,False,True,,1131,21.16838264042747
28,2026-09-14T02:06:30.524+00:00,2026-09-14T02:07:50.379+00:00,2026-09-14T02:07:57.359+00:00,True,106,106.0,,106.0,79854.90841500001,86834.80243100002,86834.80256200001,819.1962505849058,0.0,79854.90841500001,7749.785947103302,91.58385625000001,66.4751811047619,27.47213669876252,1.2207087139310173,31,64,,False,True,,236,21.16838264042747
29,2026-09-14T02:06:33.997+00:00,2026-09-14T02:07:56.688+00:00,2026-09-14T02:08:10.084+00:00,True,204,204.0,,204.0,82691.47249500001,96086.97585500001,96086.976032,471.0145883921569,38.834497999999996,82691.47249500001,5784.983127985106,97.31140065,65.98770128078817,22.121755696192334,2.123076495901443,31,64,,False,True,,624,21.16838264042747
30,2026-09-14T02:06:38.213+00:00,2026-09-14T02:08:04.186+00:00,2026-09-14T02:08:14.258+00:00,True,157,157.0,,157.0,85972.490185,96044.641481,96044.641485,611.7493088216561,36.257414,85972.490185,6856.232642653272,96.26020679999999,64.5650724102564,21.60183331251423,1.634656526164018,31,64,,False,True,,635,21.16838264042747
31,2026-09-14T02:06:43.289+00:00,2026-09-14T02:08:12.930+00:00,2026-09-14T02:08:28.442+00:00,True,234,234.0,,234.0,89641.95205400001,105153.84223000001,105153.842153,449.37539381623935,0.0,89641.95205400001,5855.913483397098,96.17380365000001,66.57463594849786,47.00870086723511,2.2253109828186637,31,64,,False,True,,726,21.16838264042747
32,2026-09-14T02:06:48.079+00:00,2026-09-14T02:08:20.513+00:00,2026-09-14T02:08:39.562+00:00,True,287,287.0,,287.0,92433.488318,111482.58732600001,111482.587301,388.44107073519166,0.0,92433.488318,5452.415022423327,96.15927760000001,66.60524128671328,43.17008341342569,2.574393067867611,31,64,,False,True,,1146,21.16838264042747
33,2026-09-14T02:06:51.943+00:00,2026-09-14T02:08:29.189+00:00,2026-09-14T02:08:49.130+00:00,True,297,297.0,,297.0,97246.012676,117186.704132,117186.704058,394.5680271313131,0.0,97246.012676,5638.928696455702,95.8011758,67.36720086486487,24.201319800451216,2.534417212258627,31,64,,False,True,,1364,21.16838264042747
34,2026-09-14T02:06:56.411+00:00,2026-09-14T02:08:36.393+00:00,2026-09-14T02:08:44.823+00:00,True,130,130.0,,130.0,99981.99998899999,108412.28939699999,108412.28941199998,833.9406877846153,0.0,99981.99998899999,8763.302445140178,95.21861200000001,65.35108068217053,24.00619633213517,1.199126046715488,31,64,,False,True,,636,21.16838264042747
35,2026-09-14T02:07:00.362+00:00,2026-09-14T02:08:43.853+00:00,2026-09-14T02:08:54.794+00:00,True,165,165.0,,165.0,103490.426611,114432.316403,114432.316429,693.5291904787879,37.98296,103490.426611,8051.555514294024,96.5417948,66.71884019512196,22.332993917534754,1.4419003755802176,31,64,,False,True,,538,21.16838264042747
36,2026-09-14T02:07:04.017+00:00,2026-09-14T02:08:50.721+00:00,2026-09-14T02:08:58.762+00:00,True,119,119.0,,119.0,106704.179665,114745.254097,114745.254134,964.2458330588236,0.0,106704.179665,9775.35802883341,94.7890389,68.1446985762712,30.997719367173087,1.0370799292439863,31,64,,False,True,,597,21.16838264042747
37,2026-09-14T02:07:07.460+00:00,2026-09-14T02:08:56.550+00:00,2026-09-14T02:09:12.384+00:00,True,244,244.0,,244.0,109090.126833,124924.41291300001,124924.412991,511.98529914344266,0.0,109090.126833,6979.6633230565185,95.54913265,65.16167111111112,27.79998622736828,1.9531810821470639,31,64,,False,True,,601,21.16838264042747
38,2026-09-14T02:07:11.887+00:00,2026-09-14T02:09:04.152+00:00,2026-09-14T02:09:12.104+00:00,True,123,123.0,,123.0,112265.105433,120217.608729,120217.60880700001,977.3789333902439,37.45404,112265.105433,10116.749081303933,96.302527,65.18445324590164,21.616792799401377,1.0231446233244599,31,64,,False,True,,633,21.16838264042747
39,2026-09-14T02:07:16.115+00:00,2026-09-14T02:09:12.243+00:00,2026-09-14T02:09:23.836+00:00,True,172,172.0,,172.0,116127.73138099999,127721.366709,127721.36677499999,742.5660859011628,0.0,116127.73138099999,8849.699564507955,98.9930456,67.79903700584795,61.53477021708689,1.3466814866762609,31,64,,False,True,,421,21.16838264042747
40,2026-09-14T02:07:20.664+00:00,2026-09-14T02:09:19.930+00:00,2026-09-14T02:09:26.981+00:00,True,105,105.0,,105.0,119266.118518,126316.453494,126316.45338800001,1203.0138417904761,0.0,119266.118518,11632.617919302227,96.89711299999999,67.79168246153846,35.06246740322569,0.8312456302851114,31,64,,False,True,,346,21.16838264042747
41,2026-09-14T02:07:25.433+00:00,2026-09-14T02:09:28.315+00:00,2026-09-14T02:09:39.230+00:00,True,166,166.0,,166.0,122881.37857700001,133796.84942500002,133796.849534,806.0051176746989,41.113953,122881.37857700001,9532.333528835341,94.74931000000001,66.15436877575758,21.206261694050184,1.240686912385418,31,64,,False,True,,775,21.16838264042747
42,2026-09-14T02:07:29.322+00:00,2026-09-14T02:09:34.930+00:00,2026-09-14T02:09:50.875+00:00,True,243,243.0,,243.0,125608.247573,141553.358101,141553.35810800001,582.5241074403292,0.0,125608.247573,8053.596225814109,95.29320600000001,65.88888647933884,28.483408605267513,1.7166671512421248,31,64,,False,True,,849,21.16838264042747
43,2026-09-14T02:07:33.626+00:00,2026-09-14T02:09:42.870+00:00,2026-09-14T02:09:56.348+00:00,True,204,204.0,,204.0,129243.587351,142721.606167,142721.606216,699.615716745098,0.0,129243.587351,9044.262082079604,95.132427,66.39418135960591,30.00802063078539,1.4293561113745983,31,64,,False,True,,936,21.16838264042747
44,2026-09-14T02:07:37.317+00:00,2026-09-14T02:09:48.495+00:00,2026-09-14T02:09:58.440+00:00,True,148,148.0,,148.0,131177.49359,141122.336854,141122.336937,953.5293036283783,33.819959000000004,131177.49359,10777.185571161956,95.3417805,67.65199499319728,22.33147293804482,1.0487354681003858,31,64,,False,True,,737,21.16838264042747
45,2026-09-14T02:07:40.911+00:00,2026-09-14T02:09:55.583+00:00,2026-09-14T02:10:03.045+00:00,True,113,113.0,,113.0,134671.63604800001,142134.19272000002,142134.19270800002,1257.8247142300886,39.145267,134671.63604800001,12662.592235116184,93.9830516,66.62997028571428,21.69220039647391,0.7950233356065597,31,64,,False,True,,522,21.16838264042747
46,2026-09-14T02:07:44.600+00:00,2026-09-14T02:10:02.165+00:00,2026-09-14T02:10:12.782+00:00,True,161,161.0,,161.0,137564.16969299997,148181.39542099996,148181.39536899998,920.3813376956521,0.0,137564.16969299997,10836.389652722963,94.46261,66.35766079999999,30.97839879660025,1.08650616727276,31,64,,False,True,,796,21.16838264042747
47,2026-09-14T02:07:47.639+00:00,2026-09-14T02:10:07.890+00:00,2026-09-14T02:10:16.604+00:00,True,131,131.0,,131.0,140250.15637900002,148964.974683,148964.97454300002,1137.1372102519085,0.0,140250.15637900002,12247.90132984791,95.726543,67.03706387692307,33.45062180829425,0.8794013510811532,31,64,,False,True,,700,21.16838264042747
48,2026-09-14T02:07:51.105+00:00,2026-09-14T02:10:14.043+00:00,2026-09-14T02:10:32.983+00:00,True,285,285.0,,285.0,142938.254746,161878.69762599998,161878.69742399998,567.9954295578947,0.01773,142938.254746,8463.175934025663,95.5396,66.69170028169015,57.542016216451266,1.7605775446653025,31,64,,False,True,,997,21.16838264042747
49,2026-09-14T02:07:55.530+00:00,2026-09-14T02:10:21.815+00:00,2026-09-14T02:10:33.033+00:00,True,166,166.0,,166.0,146284.213444,157502.744772,157502.744831,948.8117158493975,40.995103,146284.213444,11348.600631741388,95.422554,67.99109895757576,21.81905044773582,1.0539498866530903,31,64,,False,True,,543,21.16838264042747
50,2026-09-14T02:07:58.457+00:00,2026-09-14T02:10:27.187+00:00,2026-09-14T02:10:38.311+00:00,True,166,166.0,,166.0,148729.935225,159853.40837699999,159853.408293,962.9723391144578,39.440937,148729.935225,11538.468953014271,95.9138355,67.4149888,21.348353482230447,1.0384514267503375,31,64,,False,True,,352,21.16838264042747
51,2026-09-14T02:08:02.301+00:00,2026-09-14T02:10:33.950+00:00,2026-09-14T02:10:43.999+00:00,True,151,151.0,,151.0,151648.68758700002,161698.10198700003,161698.10193300003,1070.8483571721856,0.0,151648.68758700002,12335.595490033398,96.98241549999999,66.996096,36.0687701277556,0.9338390379631041,31,64,,False,True,,647,21.16838264042747
52,2026-09-14T02:08:05.942+00:00,2026-09-14T02:10:39.544+00:00,2026-09-14T02:10:46.944+00:00,True,115,115.0,,115.0,153602.45332600002,161002.98119800002,161002.98113600002,1400.0259229217393,0.0,153602.45332600002,14317.501546237185,94.97801000000001,64.91691115789475,38.92587656044127,0.7142724882750714,31,64,,False,True,,333,21.16838264042747
53,2026-09-14T02:08:11.223+00:00,2026-09-14T02:10:49.240+00:00,2026-09-14T02:10:55.917+00:00,True,102,102.0,,102.0,158017.157963,164694.320715,164694.320841,1614.6502043235294,12.385104,158017.157963,15639.500971237954,94.92409099999999,66.1105222970297,23.05015031936015,0.6193291885061951,31,64,,False,True,,508,21.16838264042747
54,2026-09-14T02:08:16.525+00:00,2026-09-14T02:10:57.956+00:00,2026-09-14T02:11:06.539+00:00,True,136,136.0,,136.0,161430.133633,170013.743489,170013.743487,1250.1010550514704,38.262459,161430.133633,13837.083365890947,92.06748575,63.58229522962963,20.951223075564055,0.7999353299858332,31,64,,False,True,,507,21.16838264042747
55,2026-09-14T02:08:19.777+00:00,2026-09-14T02:11:04.925+00:00,2026-09-14T02:11:22.437+00:00,True,263,263.0,,263.0,165148.115443,182659.707123,182659.707167,694.5236013954373,0.0,165148.115443,10179.395687916976,96.6634421,66.8381361832061,31.33692059309985,1.4398358792007708,31,64,,False,True,,512,21.16838264042747
56,2026-09-14T02:08:24.669+00:00,2026-09-14T02:11:12.515+00:00,2026-09-14T02:11:30.975+00:00,True,279,279.0,,279.0,167845.42455700002,186306.00670100003,186306.00663100003,667.7634646272402,0.01574,167845.42455700002,10044.87790277134,96.81846800000001,66.40497174100719,65.18410935110438,1.4975362573669635,31,64,,False,True,,1267,21.16838264042747
57,2026-09-14T02:08:28.752+00:00,2026-09-14T02:11:20.533+00:00,2026-09-14T02:11:34.439+00:00,True,209,209.0,,209.0,171780.603278,185686.931086,185686.93112999998,888.4542159330143,0.01648,171780.603278,11877.907301170373,95.5283504,66.85734523076923,72.32374878357506,1.125550402377013,31,64,,False,True,,900,21.16838264042747
58,2026-09-14T02:08:33.128+00:00,2026-09-14T02:11:28.248+00:00,2026-09-14T02:11:42.130+00:00,True,212,212.0,,212.0,175120.535815,189002.025479,189002.02537000002,891.5189875943397,0.0,175120.535815,12022.850801290366,95.1353055,65.78905054028436,31.638855734111225,1.1216811008385479,31,64,,False,True,,977,21.16838264042747
59,2026-09-14T02:08:36.100+00:00,2026-09-14T02:11:32.898+00:00,2026-09-14T02:11:41.887+00:00,True,135,135.0,,135.0,176798.28939,185787.24068599998,185787.240735,1376.201783222222,0.0,176798.28939,15210.640479300235,95.1943724,67.08172608955223,34.99025604798719,0.7266376286203865,31,64,,False,True,,300,21.16838264042747
60,2026-09-14T02:08:39.993+00:00,2026-09-14T02:11:40.594+00:00,2026-09-14T02:11:48.085+00:00,True,112,112.0,,112.0,180601.599769,188092.579865,188092.579861,1679.3980344732142,0.0,180601.599769,17058.91190154369,94.80902205000001,67.48630717117118,37.86166839766393,0.5954514531109412,31,64,,False,True,,568,21.16838264042747
61,2026-09-14T02:08:43.153+00:00,2026-09-14T02:11:45.233+00:00,2026-09-14T02:11:57.243+00:00,True,179,179.0,,179.0,182079.605535,194089.882399,194089.882373,1084.3010188435755,42.373321000000004,182079.605535,13604.243915566665,96.34405699999999,67.47346552808987,22.45873011541466,0.9222531220459035,31,64,,False,True,,622,21.16838264042747
62,2026-09-14T02:08:47.601+00:00,2026-09-14T02:11:53.880+00:00,2026-09-14T02:12:05.050+00:00,True,166,166.0,,166.0,186279.01136,197448.294432,197448.294551,1189.4475575361446,39.891066,186279.01136,14452.818745661916,96.97823275,67.69262467878787,22.529118444321632,0.840726431583178,31,64,,False,True,,710,21.16838264042747
63,2026-09-14T02:08:51.477+00:00,2026-09-14T02:12:00.307+00:00,2026-09-14T02:12:11.729+00:00,True,170,170.0,,170.0,188829.82041800002,200252.26265800002,200252.262465,1177.9544850882353,40.773163999999994,188829.82041800002,14477.421684545103,99.607022,67.58841562130176,23.751648565138456,0.8489292342745398,31,64,,False,True,,860,21.16838264042747
64,2026-09-14T02:08:54.955+00:00,2026-09-14T02:12:07.061+00:00,2026-09-14T02:12:16.686+00:00,True,146,146.0,,146.0,192106.002498,201731.12480199998,201731.12473299998,1381.7200324178082,0.0,192106.002498,15893.36186590736,98.400718,66.38015382068966,39.85882774699885,0.7237356166198927,31,64,,False,True,,599,21.16838264042747
65,2026-09-14T02:08:59.158+00:00,2026-09-14T02:12:14.539+00:00,2026-09-14T02:12:25.244+00:00,True,160,160.0,,160.0,195380.531035,206085.551195,206085.551194,1288.0346949625,0.0,195380.531035,15440.908197046043,96.73515599999999,67.32717081761007,36.8369380238496,0.7763766022034537,31,64,,False,True,,520,21.16838264042747
66,2026-09-14T02:09:03.797+00:00,2026-09-14T02:12:21.945+00:00,2026-09-14T02:12:32.745+00:00,True,168,168.0,,168.0,198147.293805,208947.73617299998,208947.736243,1243.7365252559523,40.799374,198147.293805,15282.420602257187,94.731908,64.67330759281437,21.22164468150965,0.8040288115919237,31,64,,False,True,,734,21.16838264042747
67,2026-09-14T02:09:06.779+00:00,2026-09-14T02:12:27.872+00:00,2026-09-14T02:12:44.381+00:00,True,254,254.0,,254.0,201093.394949,217602.096645,217602.096656,856.7011679370079,38.923228,201093.394949,12613.64585481799,94.7213715,65.2517853596838,21.53614029073392,1.1672681647658028,31,64,,False,True,,1209,21.16838264042747
68,2026-09-14T02:09:09.750+00:00,2026-09-14T02:12:34.246+00:00,2026-09-14T02:12:46.970+00:00,True,195,195.0,,195.0,204495.842171,217220.637051,217220.637153,1113.9519854,39.818976,204495.842171,14639.569116297434,94.35822,65.59172618556701,20.87866747069491,0.8977047606863294,31,64,,False,True,,889,21.16838264042747
69,2026-09-14T02:09:12.674+00:00,2026-09-14T02:12:38.967+00:00,2026-09-14T02:12:50.079+00:00,True,171,171.0,,171.0,206292.556678,217405.306758,217405.306647,1271.3760622631578,39.249477,206292.556678,15770.601592546465,94.7016855,65.36911811764706,21.374608405423295,0.7865493375023497,31,64,,False,True,,800,21.16838264042747
70,2026-09-14T02:09:17.280+00:00,2026-09-14T02:12:46.366+00:00,2026-09-14T02:13:06.083+00:00,True,300,300.0,,300.0,209086.01281000001,228802.41293800002,228802.412887,762.6747096233333,0.0,209086.01281000001,12068.001305528605,95.17481054999999,65.94113755183946,73.29577915749248,1.3111749834617907,31,64,,False,True,,1543,21.16838264042747
71,2026-09-14T02:09:20.348+00:00,2026-09-14T02:12:52.376+00:00,2026-09-14T02:13:11.495+00:00,True,291,291.0,,291.0,212028.328313,231146.666361,231146.66646,794.318441443299,0.019969999999999998,212028.328313,12425.477003238764,95.03604,65.9253036137931,22.820975174659267,1.2589409338290967,31,64,,False,True,,1472,21.16838264042747
72,2026-09-14T02:09:24.497+00:00,2026-09-14T02:12:59.309+00:00,2026-09-14T02:13:06.729+00:00,True,112,112.0,,112.0,214812.610354,222232.346418,222232.34626700002,1984.2173773839286,36.645053,214812.610354,20291.580151475788,96.49377704999999,66.84446904504505,22.709181491846145,0.5039770393700366,31,64,,False,True,,581,21.16838264042747
73,2026-09-14T02:09:28.258+00:00,2026-09-14T02:13:05.716+00:00,2026-09-14T02:13:25.158+00:00,True,296,296.0,,296.0,217458.88372299998,236900.74842699998,236900.748561,800.3403667601351,33.968258,217458.88372299998,12635.72866286759,94.226376,65.90462611525423,21.608084656178626,1.2494684038164243,31,64,,False,True,,1407,21.16838264042747
74,2026-09-14T02:09:32.385+00:00,2026-09-14T02:13:14.002+00:00,2026-09-14T02:13:21.282+00:00,True,111,111.0,,111.0,221617.621852,228896.749916,228896.750065,2062.1328834684687,38.962407,221617.621852,21028.744840369276,94.488369,66.17389149090909,22.57777752252403,0.48493480156766977,31,64,,False,True,,456,21.16838264042747
75,2026-09-14T02:09:37.565+00:00,2026-09-14T02:13:22.498+00:00,2026-09-14T02:13:32.787+00:00,True,158,158.0,,158.0,224933.46677,235221.559954,235221.55981,1488.7440494303798,0.0,224933.46677,17889.583266313497,94.7230954,65.52925594904458,42.72719603522233,0.6717071344603723,31,64,,False,True,,649,21.16838264042747
76,2026-09-14T02:09:42.363+00:00,2026-09-14T02:13:30.619+00:00,2026-09-14T02:13:49.274+00:00,True,277,277.0,,277.0,228256.531817,246911.404393,246911.40446800002,891.3769114368231,0.0,228256.531817,13710.590073292644,95.8099168,67.5901180289855,35.32944547385915,1.1218598860630555,31,64,,False,True,,1268,21.16838264042747
77,2026-09-14T02:09:46.466+00:00,2026-09-14T02:13:38.270+00:00,2026-09-14T02:13:46.041+00:00,True,117,117.0,,117.0,231803.535837,239574.22818900002,239574.228146,2047.6429756068376,39.874584999999996,231803.535837,21424.06291209695,96.68869199999999,66.9887271724138,22.345663343408862,0.48836638600249915,31,64,,False,True,,584,21.16838264042747
78,2026-09-14T02:09:49.745+00:00,2026-09-14T02:13:44.636+00:00,2026-09-14T02:13:51.954+00:00,True,110,110.0,,110.0,234890.548615,242208.975239,242208.975266,2201.8997751454544,35.060926,234890.548615,22389.544199251806,97.23836739999999,67.14152866055046,22.11903400397568,0.45415327772828146,31,64,,False,True,,424,21.16838264042747
79,2026-09-14T02:09:54.205+00:00,2026-09-14T02:13:52.819+00:00,2026-09-14T02:14:09.165+00:00,True,245,245.0,,245.0,238614.104038,254959.229926,254959.230082,1040.6499187020408,32.132542,238614.104038,15240.232701646366,95.25233899999999,66.98822085245901,22.47710461132977,0.9609379510249909,31,64,,False,True,,1049,21.16838264042747
80,2026-09-14T02:09:59.436+00:00,2026-09-14T02:14:01.655+00:00,2026-09-14T02:14:14.629+00:00,True,195,195.0,,195.0,242218.928025,255193.272985,255193.272845,1308.6834504871795,0.0,242218.928025,17340.92200519214,97.82101770000001,66.87806680412372,43.198679834799385,0.7641267252819078,31,64,,False,True,,936,21.16838264042747
81,2026-09-14T02:10:02.929+00:00,2026-09-14T02:14:08.197+00:00,2026-09-14T02:14:27.209+00:00,True,286,286.0,,286.0,245268.60111000002,264280.04968600004,264280.049626,924.0561175734266,0.0,245268.60111000002,14499.138371949397,95.57088975,66.70683710877192,36.750406800723475,1.0821853573124651,31,64,,False,True,,1602,21.16838264042747
82,2026-09-14T02:10:07.385+00:00,2026-09-14T02:14:16.557+00:00,2026-09-14T02:14:25.004+00:00,True,129,129.0,,129.0,249171.68959599998,257619.17862,257619.17853399998,1997.047895612403,37.125792000000004,249171.68959599998,21932.543926026883,94.637987,65.996008,21.60386084002604,0.5007391169051154,31,64,,False,True,,306,21.16838264042747
83,2026-09-14T02:10:11.629+00:00,2026-09-14T02:14:25.225+00:00,2026-09-14T02:14:38.928+00:00,True,206,206.0,,206.0,253596.55127599998,267299.252332,267299.252408,1297.5691864466019,0.01532,253596.55127599998,17664.546374520043,93.55543624999999,66.84244417560976,102.25997664366118,0.7706718152138224,31,64,,False,True,,1083,21.16838264042747
84,2026-09-14T02:10:16.238+00:00,2026-09-14T02:14:32.332+00:00,2026-09-14T02:14:43.180+00:00,True,168,168.0,,168.0,256093.889109,266941.62773300003,266941.627678,1588.9382599880953,38.779477,256093.889109,19753.07214631229,92.65736515,64.95651870658682,21.05421355591792,0.6293510735914023,31,64,,False,True,,813,21.16838264042747
85,2026-09-14T02:10:19.363+00:00,2026-09-14T02:14:38.291+00:00,2026-09-14T02:14:56.159+00:00,True,274,274.0,,274.0,258928.113296,276796.51496,276796.514953,1010.2062589525548,34.215697,258928.113296,15638.480447370732,94.988103,65.45202074725275,21.819416816931042,0.9898968563227606,31,64,,False,True,,1447,21.16838264042747
86,2026-09-14T02:10:23.686+00:00,2026-09-14T02:14:45.326+00:00,2026-09-14T02:14:56.293+00:00,True,166,166.0,,166.0,261639.920517,272607.04346099996,272607.043581,1642.2111059096385,33.558808,261639.920517,20302.04927302512,94.56664175000002,66.46741178181819,22.103276526805118,0.6089351100121098,31,64,,False,True,,683,21.16838264042747
87,2026-09-14T02:10:27.435+00:00,2026-09-14T02:14:52.419+00:00,2026-09-14T02:14:59.551+00:00,True,106,106.0,,106.0,264984.60664,272116.53086400003,272116.53107200004,2567.137085584906,0.0,264984.60664,25731.042957061985,96.62454425,67.92308784761904,55.84009805650092,0.3895389951629851,31,64,,False,True,,433,21.16838264042747
88,2026-09-14T02:10:32.365+00:00,2026-09-14T02:15:00.943+00:00,2026-09-14T02:15:17.954+00:00,True,251,251.0,,251.0,268578.07848699996,285588.765463,285588.765509,1137.8038466494022,39.943615,268578.07848699996,16948.21825105399,96.4633195,68.042747904,22.652400419151448,0.8788861130201523,31,64,,False,True,,1197,21.16838264042747
89,2026-09-14T02:10:36.515+00:00,2026-09-14T02:15:07.609+00:00,2026-09-14T02:15:17.535+00:00,True,149,149.0,,149.0,271093.788687,281019.102991,281019.103085,1886.0342488926174,38.698657,271093.788687,22203.386145737477,96.67513699999999,67.06293448648648,22.813270857860413,0.5302130652832235,31,64,,False,True,,712,21.16838264042747
90,2026-09-14T02:10:41.162+00:00,2026-09-14T02:15:16.136+00:00,2026-09-14T02:15:35.616+00:00,True,287,287.0,,287.0,274973.904413,294453.999389,294453.999457,1025.9721235435538,39.828116,274973.904413,16227.191800625498,96.85742199999999,68.1122201958042,22.805239080133376,0.9746853518564284,31,64,,False,True,,1147,21.16838264042747
91,2026-09-14T02:10:45.164+00:00,2026-09-14T02:15:23.218+00:00,2026-09-14T02:15:40.710+00:00,True,254,254.0,,254.0,278054.48343300004,295546.28912900004,295546.28913700004,1163.568067468504,36.652222,278054.48343300004,17442.36646802456,96.66433869999999,69.13757192094862,22.587709133349982,0.8594254414378184,31,64,,False,True,,1310,21.16838264042747
92,2026-09-14T02:10:48.412+00:00,2026-09-14T02:15:29.493+00:00,2026-09-14T02:15:36.397+00:00,True,101,101.0,,101.0,281081.1649,287984.465508,287984.46536699997,2851.3313402673266,42.15074,281081.1649,27961.761551791846,97.711474,69.03300607999999,22.96734562918284,0.3507133616455236,31,64,,False,True,,382,21.16838264042747
93,2026-09-14T02:10:51.681+00:00,2026-09-14T02:15:35.619+00:00,2026-09-14T02:15:46.866+00:00,True,168,168.0,,168.0,283938.269197,295184.52199700003,295184.521892,1757.050725547619,34.920415999999996,283938.269197,21901.127933165288,95.036546,67.34283113772454,21.495559814577717,0.5691355321188127,31,64,,False,True,,763,21.16838264042747
94,2026-09-14T02:10:56.069+00:00,2026-09-14T02:15:42.640+00:00,2026-09-14T02:15:56.077+00:00,False,207,206.0,,206.0,286571.55581199995,300008.44592399994,300008.44574099994,1449.3161629999997,0.0,286571.55581199995,19913.61443974318,94.70124,65.22762190291263,43.855854671109334,0.6866473354293007,31,64,,False,False,Request timeout: 300.0s exceeded,947,21.16838264042747
95,2026-09-14T02:11:00.417+00:00,2026-09-14T02:15:51.070+00:00,2026-09-14T02:16:00.466+00:00,False,137,136.0,,136.0,290653.504421,300048.979621,300048.979715,2190.1385380656934,0.02423,290653.504421,24826.311669587045,93.5790426,69.08437647058824,21.47741565514714,0.45325933176571803,31,64,,False,False,Request timeout: 300.0s exceeded,571,21.16838264042747
96,2026-09-14T02:11:03.755+00:00,2026-09-14T02:15:56.033+00:00,2026-09-14T02:16:03.804+00:00,False,111,110.0,,110.0,292277.76672799996,300048.905032,300048.904909,2703.1432874684683,0.02179,292277.76672799996,27735.08037825738,91.3978465,70.64671185454546,21.082870470172644,0.36660690359216136,31,64,,False,False,Request timeout: 300.0s exceeded,514,21.16838264042747
97,2026-09-14T02:11:08.153+00:00,2026-09-14T02:16:01.690+00:00,2026-09-14T02:16:08.191+00:00,False,96,95.0,,95.0,293536.39305400004,300037.808222,300037.80835500004,3125.3938370312503,0.0376,293536.39305400004,29951.954638215437,89.688013,68.4359491368421,20.12489410311854,0.3166267630168424,31,64,,False,False,Request timeout: 300.0s exceeded,582,21.16838264042747
98,2026-09-14T02:11:12.920+00:00,2026-09-14T02:16:06.802+00:00,2026-09-14T02:16:12.931+00:00,False,90,89.0,,89.0,293881.57007899997,300010.444063,300010.44397699996,3333.4493775222218,0.03196,293881.57007899997,30970.58466110335,86.879411,68.86375262921348,19.51302542291846,0.29665633900835353,31,64,,False,False,Request timeout: 300.0s exceeded,458,21.16838264042747
99,2026-09-14T02:11:17.413+00:00,2026-09-14T02:16:11.245+00:00,2026-09-14T02:16:17.449+00:00,False,94,93.0,,93.0,293831.813835,300036.17914699996,300036.179051,3191.874245223404,0.08581,293831.813835,30299.562957264396,87.45201915,66.71360550537635,19.767041451035098,0.3099626193894287,31,64,,False,False,Request timeout: 300.0s exceeded,352,21.16838264042747
100,2026-09-14T02:11:21.963+00:00,2026-09-14T02:16:15.772+00:00,2026-09-14T02:16:22.023+00:00,False,91,90.0,,90.0,293808.653522,300059.79669,300059.79686,3297.360405054945,0.04099,293808.653522,30792.24057289668,88.58570800000001,69.4571463111111,19.365564068622124,0.2999402152264386,31,64,,False,False,Request timeout: 300.0s exceeded,548,21.16838264042747
101,2026-09-14T02:11:26.643+00:00,2026-09-14T02:16:20.452+00:00,2026-09-14T02:16:26.705+00:00,False,94,93.0,,93.0,293809.785636,300062.61481999996,300062.614922,3192.155477893617,0.02431,293809.785636,30297.237842683975,90.40626215,67.23472240860215,20.77845681452678,0.3099353115208583,31,64,,False,False,Request timeout: 300.0s exceeded,370,21.16838264042747
102,2026-09-14T02:11:29.518+00:00,2026-09-14T02:16:23.421+00:00,2026-09-14T02:16:29.576+00:00,False,97,96.0,,96.0,293903.135953,300058.481873,300058.48172499996,3093.3864095360823,0.02391,293903.135953,29834.83927738333,90.0570378,64.11818666666666,20.96833324174634,0.3199376314935569,31,64,,False,False,Request timeout: 300.0s exceeded,451,21.16838264042747
103,2026-09-14T02:11:33.648+00:00,2026-09-14T02:16:26.960+00:00,2026-09-14T02:16:33.737+00:00,False,116,115.0,,115.0,293311.714147,300088.940899,300088.940753,2586.9736271810343,0.01564,293311.714147,27228.266129265292,89.03048625000001,58.93240653913043,153.49459964541003,0.38321972031186985,31,64,,False,False,Request timeout: 300.0s exceeded,511,21.16838264042747
104,2026-09-14T02:11:38.127+00:00,2026-09-14T02:16:32.921+00:00,2026-09-14T02:16:38.163+00:00,False,81,80.0,,80.0,294793.08580199996,300035.90538599994,300035.905306,3704.1469790864194,0.02532,294793.08580199996,32747.512145602417,89.48786100000001,65.5352448,20.807816726707173,0.2666347545873851,31,64,,False,False,Request timeout: 300.0s exceeded,389,21.16838264042747
105,2026-09-14T02:11:42.685+00:00,2026-09-14T02:16:36.232+00:00,2026-09-14T02:16:42.778+00:00,False,87,86.0,,86.0,293547.37511699996,300092.932621,300092.93253499997,3449.3440521264365,0.02082,293547.37511699996,31463.485087902387,89.5211593,76.11113376744186,63.340114377611414,0.2865778918846217,31,64,,False,False,Request timeout: 300.0s exceeded,536,21.16838264042747
106,2026-09-14T02:11:46.706+00:00,2026-09-14T02:16:39.792+00:00,2026-09-14T02:16:46.755+00:00,False,110,109.0,,109.0,293085.88633,300048.95321,300048.953234,2727.7177566727273,0.0,293085.88633,27938.618139572984,88.69572345,63.881347522935776,61.09254914830703,0.3632740552296227,31,64,,False,False,Request timeout: 300.0s exceeded,491,21.16838264042747
107,2026-09-14T02:11:51.505+00:00,2026-09-14T02:16:44.693+00:00,2026-09-14T02:16:51.603+00:00,False,102,101.0,,101.0,293188.14108,300098.513176,300098.513184,2942.1422861176466,0.022420000000000002,293188.14108,29023.18435724548,89.65381154999999,68.41952570297029,20.470720526246648,0.3365561492827728,31,64,,False,False,Request timeout: 300.0s exceeded,496,21.16838264042747
108,2026-09-14T02:11:54.942+00:00,2026-09-14T02:16:48.478+00:00,2026-09-14T02:16:54.952+00:00,False,95,94.0,,94.0,293536.386972,300010.017948,300010.017851,3158.0001879052634,0.03725,293536.386972,30109.13901787513,90.29615170000001,68.86841463829786,20.507746318120518,0.31332287049258734,31,64,,False,False,Request timeout: 300.0s exceeded,230,21.16838264042747
109,2026-09-14T02:11:58.133+00:00,2026-09-14T02:16:51.849+00:00,2026-09-14T02:16:58.160+00:00,False,92,91.0,,91.0,293715.285476,300026.968036,300026.968046,3261.162696152174,0.01796,293715.285476,30614.710914874828,88.77971315,69.35914901098901,20.4888606172688,0.30330606810345456,31,64,,False,False,Request timeout: 300.0s exceeded,569,21.16838264042747
110,2026-09-14T02:12:03.413+00:00,2026-09-14T02:16:57.353+00:00,2026-09-14T02:17:03.444+00:00,False,91,90.0,,90.0,293940.578941,300031.57439699996,300031.57441,3297.050268241758,0.046090000000000006,293940.578941,30806.257092946445,90.27010399999999,67.67772728888889,20.07205150267692,0.2999684289257921,31,64,,False,False,Request timeout: 300.0s exceeded,348,21.16838264042747
111,2026-09-14T02:12:07.526+00:00,2026-09-14T02:17:01.580+00:00,2026-09-14T02:17:07.615+00:00,False,88,87.0,,87.0,294053.550965,300088.330357,300088.330423,3410.0946638977275,0.021138999999999998,294053.550965,31338.826097152385,89.28824985,69.36528036781608,20.464055322478227,0.2899146391214229,31,64,,False,False,Request timeout: 300.0s exceeded,434,21.16838264042747
112,2026-09-14T02:12:11.563+00:00,2026-09-14T02:17:05.631+00:00,2026-09-14T02:17:11.617+00:00,False,86,85.0,,85.0,294068.55249699997,300054.301489,300054.301437,3489.003505081395,0.037329999999999995,294068.55249699997,31702.639967384053,88.499655,70.42057637647059,19.760028976887792,0.28328205787483474,31,64,,False,False,Request timeout: 300.0s exceeded,265,21.16838264042747
113,2026-09-14T02:12:16.244+00:00,2026-09-14T02:17:10.520+00:00,2026-09-14T02:17:16.284+00:00,False,83,82.0,,82.0,294276.601174,300040.424022,300040.424025,3614.9448677710843,0.023440000000000003,294276.601174,32293.343949307135,88.83007309999999,70.29052253658536,19.767610748165577,0.27329650751989165,31,64,,False,False,Request timeout: 300.0s exceeded,394,21.16838264042747
114,2026-09-14T02:12:20.607+00:00,2026-09-14T02:17:14.155+00:00,2026-09-14T02:17:20.631+00:00,False,97,96.0,,96.0,293547.428888,300023.972376,300023.97227200004,3093.0306419793815,0.02206,293547.428888,29798.382630678876,89.31233839999999,67.46399466666666,20.44508308935628,0.31997443150872495,31,64,,False,False,Request timeout: 300.0s exceeded,464,21.16838264042747
115,2026-09-14T02:12:24.678+00:00,2026-09-14T02:17:18.200+00:00,2026-09-14T02:17:24.729+00:00,False,96,95.0,,95.0,293522.060805,300051.36640500004,300051.366487,3125.535067572917,0.03626,293522.060805,29950.461817947482,87.502324,68.72953263157895,20.007437195728393,0.31661245585454845,31,64,,False,False,Request timeout: 300.0s exceeded,365,21.16838264042747
116,2026-09-14T02:12:28.582+00:00,2026-09-14T02:17:22.431+00:00,2026-09-14T02:17:28.608+00:00,False,90,89.0,,89.0,293848.623539,300026.020019,300026.020035,3333.6224448333332,0.02175,293848.623539,30967.054506739125,89.1379028,69.40894921348314,19.806242142127623,0.2966409379905244,31,64,,False,False,Request timeout: 300.0s exceeded,382,21.16838264042747
117,2026-09-14T02:12:32.253+00:00,2026-09-14T02:17:25.921+00:00,2026-09-14T02:17:32.327+00:00,False,95,94.0,,94.0,293667.73375,300073.611766,300073.61184900004,3158.6695984105263,0.03744,293667.73375,30122.688612588026,89.0703494,68.1476384680851,20.137536938925205,0.31325646879373725,31,64,,False,False,Request timeout: 300.0s exceeded,443,21.16838264042747
118,2026-09-14T02:12:36.928+00:00,2026-09-14T02:17:30.632+00:00,2026-09-14T02:17:37.015+00:00,False,91,90.0,,90.0,293703.900525,300086.361197,300086.361241,3297.6523213296705,0.03897,293703.900525,30781.106515891104,89.54610000000001,70.91622968888889,19.352720125425982,0.2999136636566998,31,64,,False,False,Request timeout: 300.0s exceeded,381,21.16838264042747
119,2026-09-14T02:12:41.971+00:00,2026-09-14T02:17:35.803+00:00,2026-09-14T02:17:42.045+00:00,False,96,95.0,,95.0,293831.76611,300074.416734,300074.416701,3125.77517396875,0.0,293831.76611,29982.44495332348,90.991688,65.71211183157895,66.33891412115317,0.31658813514986334,31,64,,False,False,Request timeout: 300.0s exceeded,467,21.16838264042747
120,2026-09-14T02:12:45.773+00:00,2026-09-14T02:17:39.693+00:00,2026-09-14T02:17:45.790+00:00,False,87,86.0,,86.0,293920.218588,300017.15606,300017.156178,3448.4730595172414,0.02549,293920.218588,31503.96016667965,89.2892357,70.89462176744185,19.24375769080966,0.28665027403566545,31,64,,False,False,Request timeout: 300.0s exceeded,394,21.16838264042747
121,2026-09-14T02:12:49.560+00:00,2026-09-14T02:17:43.415+00:00,2026-09-14T02:17:49.631+00:00,False,92,91.0,,91.0,293854.830971,300070.626171,300070.626261,3261.6372419673917,0.03374,293854.830971,30629.369639771743,90.5326704,68.30544175824176,20.8604804936693,0.3032619392347394,31,64,,False,False,Request timeout: 300.0s exceeded,302,21.16838264042747
122,2026-09-14T02:12:53.698+00:00,2026-09-14T02:17:47.220+00:00,2026-09-14T02:17:53.787+00:00,False,102,101.0,,101.0,293522.22939600004,300088.89794000005,300088.89795300004,2942.048019147059,0.02287,293522.22939600004,29056.601167588975,90.71586055,65.01652023762377,20.75305027217751,0.3365669329766208,31,64,,False,False,Request timeout: 300.0s exceeded,384,21.16838264042747
123,2026-09-14T02:12:57.267+00:00,2026-09-14T02:17:50.572+00:00,2026-09-14T02:17:57.285+00:00,False,105,104.0,,104.0,293304.86201700004,300017.78643300006,300017.786419,2857.312251609524,0.035119,293304.86201700004,28617.33185847299,89.35862300000001,64.54735015384615,20.695005265870687,0.3466461146736887,31,64,,False,False,Request timeout: 300.0s exceeded,500,21.16838264042747
124,2026-09-14T02:13:02.519+00:00,2026-09-14T02:17:55.867+00:00,2026-09-14T02:18:02.553+00:00,False,102,101.0,,101.0,293347.78756699996,300033.69758299994,300033.69760099996,2941.50683922549,0.038380000000000004,293347.78756699996,29039.211403199908,88.9534693,66.19712887128713,19.9514019510937,0.3366288547374244,31,64,,False,False,Request timeout: 300.0s exceeded,482,21.16838264042747
125,2026-09-14T02:13:05.928+00:00,2026-09-14T02:17:59.654+00:00,2026-09-14T02:18:05.966+00:00,False,92,91.0,,91.0,293726.28005299997,300038.546293,300038.54615799995,3261.2885451956517,0.02443,293726.28005299997,30615.8559729027,87.81189814999999,69.36556307692307,19.66065974728037,0.30329436375529817,31,64,,False,False,Request timeout: 300.0s exceeded,453,21.16838264042747
126,2026-09-14T02:13:10.662+00:00,2026-09-14T02:18:04.376+00:00,2026-09-14T02:18:10.695+00:00,False,93,92.0,,92.0,293713.698378,300032.93601,300032.936218,3226.160604494624,0.020370000000000003,293713.698378,30449.575915680554,90.344511,68.68736556521739,20.361841786152013,0.30663300244121755,31,64,,False,False,Request timeout: 300.0s exceeded,445,21.16838264042747
127,2026-09-14T02:13:15.175+00:00,2026-09-14T02:18:09.000+00:00,2026-09-14T02:18:15.238+00:00,False,94,93.0,,93.0,293824.758899,300062.982515,300062.9824,3192.1593872340427,0.03996,293824.758899,30298.798302860618,88.9298593,67.07767329032258,20.612373644918375,0.309934931728378,31,64,,False,False,Request timeout: 300.0s exceeded,303,21.16838264042747
128,2026-09-14T02:13:18.816+00:00,2026-09-14T02:18:12.400+00:00,2026-09-14T02:18:18.875+00:00,False,99,98.0,,98.0,293583.748267,300059.193515,300059.193617,3030.900945626263,0.036359999999999996,293583.748267,29499.642981261244,88.43392580000001,66.07597191836734,20.384452902303302,0.32660222422113844,31,64,,False,False,Request timeout: 300.0s exceeded,430,21.16838264042747
129,2026-09-14T02:13:22.765+00:00,2026-09-14T02:18:16.180+00:00,2026-09-14T02:18:22.826+00:00,False,101,100.0,,100.0,293415.916334,300061.62462200003,300061.624634,2970.9071745940596,0.02829,293415.916334,29189.36912665799,88.07915499999999,66.45708288,20.256466423304055,0.3332648755933856,31,64,,False,False,Request timeout: 300.0s exceeded,514,21.16838264042747
130,2026-09-14T02:13:26.451+00:00,2026-09-14T02:18:19.808+00:00,2026-09-14T02:18:26.475+00:00,False,101,100.0,,100.0,293357.37577700004,300024.88144100003,300024.881272,2970.5433789306935,0.026109999999999998,293357.37577700004,29183.522101992872,88.334174,66.67505664,19.764592794418363,0.33330568958049905,31,64,,False,False,Request timeout: 300.0s exceeded,504,21.16838264042747
131,2026-09-14T02:13:30.941+00:00,2026-09-14T02:18:24.599+00:00,2026-09-14T02:18:31.347+00:00,False,97,96.0,,96.0,293657.609811,300406.26721900003,300406.267165,3096.971826443299,0.021920000000000002,293657.609811,29809.281902296414,90.2496074,70.29851466666668,20.294751537834387,0.3195672343613749,31,64,,False,False,Request timeout: 300.0s exceeded,274,21.16838264042747
132,2026-09-14T02:13:34.536+00:00,2026-09-14T02:18:28.639+00:00,2026-09-14T02:18:34.609+00:00,False,94,93.0,,93.0,294103.391558,300073.204038,300073.204158,3192.2681293404257,0.0,294103.391558,30327.894967352517,93.782528,64.19153204301075,64.16791981311441,0.3099243742810933,31,64,,False,False,Request timeout: 300.0s exceeded,437,21.16838264042747
133,2026-09-14T02:13:38.282+00:00,2026-09-14T02:18:32.813+00:00,2026-09-14T02:18:38.319+00:00,False,83,82.0,,82.0,294530.55809500004,300036.206223,300036.20628700004,3614.894051650603,0.02649,294530.55809500004,32321.56591618322,90.83292999999999,67.14205034146342,21.341902580695585,0.2733003494220095,31,64,,False,False,Request timeout: 300.0s exceeded,379,21.16838264042747
134,2026-09-14T02:13:43.160+00:00,2026-09-14T02:18:36.855+00:00,2026-09-14T02:18:43.216+00:00,False,92,91.0,,91.0,293694.660926,300055.79987,300055.799938,3261.4760862826083,0.040369999999999996,293694.660926,30612.504049552008,90.1312105,69.90262575824175,20.569675002826052,0.30327692395689737,31,64,,False,False,Request timeout: 300.0s exceeded,177,21.16838264042747
135,2026-09-14T02:13:46.405+00:00,2026-09-14T02:18:40.597+00:00,2026-09-14T02:18:46.428+00:00,False,90,89.0,,89.0,294192.57452799997,300023.587136,300023.58723099995,3333.5954136777773,0.023469999999999998,294192.57452799997,31003.72140793308,90.13794345000001,65.51699559550562,21.394061127760953,0.2966433434437157,31,64,,False,False,Request timeout: 300.0s exceeded,360,21.16838264042747
136,2026-09-14T02:13:49.598+00:00,2026-09-14T02:18:42.994+00:00,2026-09-14T02:18:49.665+00:00,False,105,104.0,,104.0,293396.154309,300067.095493,300067.095663,2857.781863457143,0.03345,293396.154309,28626.281042524657,91.04840339999998,64.14366523076923,21.48375387712661,0.3465891514333871,31,64,,False,False,Request timeout: 300.0s exceeded,405,21.16838264042747
137,2026-09-14T02:13:52.576+00:00,2026-09-14T02:18:46.066+00:00,2026-09-14T02:18:52.647+00:00,False,100,99.0,,99.0,293490.432007,300071.413767,300071.41375300003,3000.7141375300002,0.024,293490.432007,29342.402542726853,89.4043705,66.47456323232323,20.07560802075416,0.32992146355157875,31,64,,False,False,Request timeout: 300.0s exceeded,472,21.16838264042747
138,2026-09-14T02:13:56.268+00:00,2026-09-14T02:18:49.665+00:00,2026-09-14T02:18:56.329+00:00,False,100,99.0,,99.0,293397.148542,300061.05843,300061.05851299997,3000.61058513,0.02241,293397.148542,29332.990303286322,88.55755945000001,67.31222109090909,19.883931684809358,0.3299328493940352,31,64,,False,False,Request timeout: 300.0s exceeded,505,21.16838264042747
139,2026-09-14T02:14:00.143+00:00,2026-09-14T02:18:53.835+00:00,2026-09-14T02:19:00.229+00:00,False,105,104.0,,104.0,293691.663939,300085.191491,300085.191332,2857.954203161905,0.01598,293691.663939,28655.97917872681,90.3518906,61.47622646153847,187.42133621553046,0.34656825111318135,31,64,,False,False,Request timeout: 300.0s exceeded,433,21.16838264042747
140,2026-09-14T02:14:05.363+00:00,2026-09-14T02:18:59.966+00:00,2026-09-14T02:19:05.379+00:00,False,84,83.0,,83.0,294603.569965,300016.696365,300016.696229,3571.6273360595237,0.03961,294603.569965,32136.7765826064,90.18030064999999,65.21839036144578,22.447505638517303,0.276651269764741,31,64,,False,False,Request timeout: 300.0s exceeded,124,21.16838264042747
141,2026-09-14T02:14:09.568+00:00,2026-09-14T02:19:03.155+00:00,2026-09-14T02:19:09.635+00:00,False,97,96.0,,96.0,293587.128829,300067.71506899997,300067.715158,3093.48159956701,0.02494,293587.128829,29802.40864166823,87.6673728,67.50610666666667,19.49452000910701,0.31992778689278517,31,64,,False,False,Request timeout: 300.0s exceeded,472,21.16838264042747
142,2026-09-14T02:14:14.359+00:00,2026-09-14T02:19:08.236+00:00,2026-09-14T02:19:14.402+00:00,False,88,87.0,,87.0,293876.91395899997,300042.64861499995,300042.648643,3409.5755527613633,0.01887,293876.91395899997,31319.835219108507,89.11782290000001,70.87051328735632,19.093404234960833,0.289958778865581,31,64,,False,False,Request timeout: 300.0s exceeded,345,21.16838264042747
143,2026-09-14T02:14:17.793+00:00,2026-09-14T02:19:12.161+00:00,2026-09-14T02:19:17.879+00:00,False,83,82.0,,82.0,294368.865918,300086.179198,300086.17930099997,3615.4961361566266,0.03327,294368.865918,32303.533901655566,90.9141651,69.72333268292684,20.299511849068992,0.2732548370576425,31,64,,False,False,Request timeout: 300.0s exceeded,434,21.16838264042747
144,2026-09-14T02:14:22.420+00:00,2026-09-14T02:19:16.258+00:00,2026-09-14T02:19:22.493+00:00,False,90,89.0,,89.0,293837.405112,300073.129144,300073.129139,3334.1458793222223,0.02352,293837.405112,30965.80309791757,90.68583989999999,70.06431496629213,20.117751596479703,0.29659436769258474,31,64,,False,False,Request timeout: 300.0s exceeded,427,21.16838264042747
145,2026-09-14T02:14:26.079+00:00,2026-09-14T02:19:20.008+00:00,2026-09-14T02:19:26.578+00:00,False,90,89.0,,89.0,293928.331539,300498.940435,300498.94041,3338.877115666666,0.024079999999999997,293928.331539,30975.054074804088,88.7578695,73.82706624719101,66.02640530392226,0.29617408923693467,31,64,,False,False,Request timeout: 300.0s exceeded,305,21.16838264042747
146,2026-09-14T02:14:30.194+00:00,2026-09-14T02:19:23.688+00:00,2026-09-14T02:19:30.246+00:00,False,108,107.0,,107.0,293494.432723,300051.761875,300051.76183000003,2778.2570539814815,0.0,293494.432723,28235.69132836603,92.33931534999999,61.28345001869159,64.6734383711479,0.3566051381647132,31,64,,False,False,Request timeout: 300.0s exceeded,491,21.16838264042747
147,2026-09-14T02:14:34.122+00:00,2026-09-14T02:19:27.891+00:00,2026-09-14T02:19:34.153+00:00,False,103,102.0,,102.0,293769.574853,300031.454661,300031.454684,2912.9267445048545,0.03821,293769.574853,28939.9342602587,88.0900862,61.39097850980392,20.198294532689392,0.33996435512152523,31,64,,False,False,Request timeout: 300.0s exceeded,422,21.16838264042747
148,2026-09-14T02:14:37.103+00:00,2026-09-14T02:19:30.952+00:00,2026-09-14T02:19:37.141+00:00,False,101,100.0,,100.0,293848.618189,300037.670349,300037.670524,2970.670005188119,0.04466,293848.618189,29232.878542345094,86.96713700000001,61.8905216,19.65359993698371,0.3332914826451001,31,64,,False,False,Request timeout: 300.0s exceeded,372,21.16838264042747
149,2026-09-14T02:14:41.220+00:00,2026-09-14T02:19:35.009+00:00,2026-09-14T02:19:41.291+00:00,False,92,91.0,,91.0,293789.33084899996,300071.10544099996,300071.105605,3261.6424522282605,0.042570000000000004,293789.33084899996,30622.464637989735,88.88342254999999,69.03049002197803,20.0244312859568,0.30326145486837763,31,64,,False,False,Request timeout: 300.0s exceeded,438,21.16838264042747
150,2026-09-14T02:14:44.773+00:00,2026-09-14T02:19:38.592+00:00,2026-09-14T02:19:44.829+00:00,False,92,91.0,,91.0,293819.376926,300056.532254,300056.532212,3261.4840457826085,0.02298,293819.376926,30625.647935543453,88.29315655,68.54016843956045,19.488955671655372,0.30327618371250065,31,64,,False,False,Request timeout: 300.0s exceeded,443,21.16838264042747
151,2026-09-14T02:14:48.087+00:00,2026-09-14T02:19:41.633+00:00,2026-09-14T02:19:48.102+00:00,False,101,100.0,,100.0,293546.144306,300015.158834,300015.158803,2970.447116861386,0.03422,293546.144306,29202.503103543466,89.398601,64.69014528,20.250043566892682,0.33331649103547645,31,64,,False,False,Request timeout: 300.0s exceeded,457,21.16838264042747
152,2026-09-14T02:14:52.170+00:00,2026-09-14T02:19:45.670+00:00,2026-09-14T02:19:52.186+00:00,False,102,101.0,,101.0,293500.33481599996,300015.87119999994,300015.87118499994,2941.3320704411763,0.024519,293500.33481599996,29054.48284886334,88.1714195,64.51026122772276,19.945571748449765,0.33664885659555743,31,64,,False,False,Request timeout: 300.0s exceeded,466,21.16838264042747
153,2026-09-14T02:14:55.752+00:00,2026-09-14T02:19:49.477+00:00,2026-09-14T02:19:55.771+00:00,False,92,91.0,,91.0,293725.337348,300018.79961999995,300018.79972699995,3261.0739100760866,0.022510000000000002,293725.337348,30615.779324584393,88.56711749999998,69.15892606593407,19.805549278954693,0.30331432601976765,31,64,,False,False,Request timeout: 300.0s exceeded,431,21.16838264042747
154,2026-09-14T02:14:59.403+00:00,2026-09-14T02:19:53.019+00:00,2026-09-14T02:19:59.539+00:00,False,95,94.0,,94.0,293615.081559,300135.87720700004,300135.87720700004,3159.325023231579,0.06811,293615.081559,30117.160623246935,88.185889,69.37016646808512,19.27064672698544,0.3131914813875096,31,64,,False,False,Request timeout: 300.0s exceeded,379,21.16838264042747
155,2026-09-14T02:15:02.281+00:00,2026-09-14T02:19:55.600+00:00,2026-09-14T02:20:02.287+00:00,False,105,104.0,,104.0,293319.077031,300006.045095,300006.045208,2857.200430552381,0.04221,293319.077031,28618.74297404018,89.30874599999999,64.29776984615384,20.008038580395525,0.34665968136431163,31,64,,False,False,Request timeout: 300.0s exceeded,540,21.16838264042747
156,2026-09-14T02:15:06.510+00:00,2026-09-14T02:20:00.721+00:00,2026-09-14T02:20:06.527+00:00,False,86,85.0,,85.0,294210.97039200005,300016.66792800004,300016.66785800003,3488.5659053255818,0.023039999999999998,294210.97039200005,31718.225784649647,87.48924825000002,68.30232395294118,19.90023252022057,0.28331759227590264,31,64,,False,False,Request timeout: 300.0s exceeded,168,21.16838264042747
157,2026-09-14T02:15:11.424+00:00,2026-09-14T02:20:05.036+00:00,2026-09-14T02:20:11.434+00:00,False,98,97.0,,97.0,293612.076029,300009.878525,300009.878514,3061.3252909591833,0.02106,293612.076029,29652.643038344104,88.82808419999999,65.9567267628866,20.630419162832712,0.3233226868291836,31,64,,False,False,Request timeout: 300.0s exceeded,442,21.16838264042747
158,2026-09-14T02:15:15.728+00:00,2026-09-14T02:20:09.378+00:00,2026-09-14T02:20:15.756+00:00,False,96,95.0,,95.0,293649.831994,300027.933498,300027.933631,3125.290975322917,0.02811,293649.831994,29963.665427845783,90.01240475,67.13791056842105,20.861410757516065,0.31663718405284175,31,64,,False,False,Request timeout: 300.0s exceeded,410,21.16838264042747
159,2026-09-14T02:15:20.065+00:00,2026-09-14T02:20:13.356+00:00,2026-09-14T02:20:20.084+00:00,False,98,97.0,,97.0,293290.412546,300018.378754,300018.37869399996,3061.4120274897955,0.03744,293290.412546,29619.80604442188,89.74345020000001,69.36047637113403,20.26061557191897,0.3233135263341154,31,64,,False,False,Request timeout: 300.0s exceeded,384,21.16838264042747
160,2026-09-14T02:15:23.412+00:00,2026-09-14T02:20:17.074+00:00,2026-09-14T02:20:23.436+00:00,False,98,97.0,,97.0,293662.81638200005,300024.40204600006,300024.40209300007,3061.4734907448983,0.0,293662.81638200005,29657.87384905101,91.03206975,65.58335736082473,66.88726055963095,0.32330703548949286,31,64,,False,False,Request timeout: 300.0s exceeded,435,21.16838264042747
161,2026-09-14T02:15:26.311+00:00,2026-09-14T02:20:20.083+00:00,2026-09-14T02:20:26.331+00:00,False,96,95.0,,95.0,293772.356,300020.10204800003,300020.102122,3125.209397104167,0.0,293772.356,29976.378225607914,88.50376325,65.76574787368422,67.35898127059056,0.3166454492599333,31,64,,False,False,Request timeout: 300.0s exceeded,489,21.16838264042747
162,2026-09-14T02:15:29.456+00:00,2026-09-14T02:20:23.034+00:00,2026-09-14T02:20:29.496+00:00,False,100,99.0,,99.0,293577.126979,300039.75328299997,300039.753327,3000.3975332699997,0.03491,293577.126979,29351.191105936126,86.26757454999999,65.27905357575757,19.34931934842356,0.3299562771824518,31,64,,False,False,Request timeout: 300.0s exceeded,473,21.16838264042747
163,2026-09-14T02:15:33.175+00:00,2026-09-14T02:20:26.983+00:00,2026-09-14T02:20:33.209+00:00,False,94,93.0,,93.0,293808.189695,300033.775615,300033.775714,3191.8486778085107,0.038310000000000004,293808.189695,30297.102836365968,87.34622835,66.9417840860215,19.856102415700366,0.3099651024601196,31,64,,False,False,Request timeout: 300.0s exceeded,323,21.16838264042747
164,2026-09-14T02:15:36.081+00:00,2026-09-14T02:20:29.750+00:00,2026-09-14T02:20:36.116+00:00,False,90,89.0,,89.0,293669.308773,300035.093605,300035.093605,3333.723262277778,0.041729,293669.308773,30947.92967884908,88.41605995000002,71.52567226966292,19.369042088592497,0.2966319670497266,31,64,,False,False,Request timeout: 300.0s exceeded,405,21.16838264042747
165,2026-09-14T02:15:41.211+00:00,2026-09-14T02:20:34.426+00:00,2026-09-14T02:20:41.258+00:00,False,95,94.0,,94.0,293214.623495,300046.682631,300046.682823,3158.3861349789477,0.03694,293214.623495,30075.734877810126,89.615085,72.68148017021277,19.444104879294276,0.31328458350463423,31,64,,False,False,Request timeout: 300.0s exceeded,498,21.16838264042747
166,2026-09-14T02:15:44.944+00:00,2026-09-14T02:20:38.323+00:00,2026-09-14T02:20:45.012+00:00,False,97,96.0,,96.0,293379.60637199995,300068.704612,300068.70458099997,3093.4917998041233,0.02281,293379.60637199995,29781.117674647652,90.1419876,69.67810666666666,19.91392279370843,0.31992673186006376,31,64,,False,False,Request timeout: 300.0s exceeded,451,21.16838264042747
167,2026-09-14T02:15:50.050+00:00,2026-09-14T02:20:43.788+00:00,2026-09-14T02:20:50.115+00:00,False,92,91.0,,91.0,293738.11941600003,300065.661688,300065.66157000005,3261.583277934783,0.03493,293738.11941600003,30617.07417684587,90.38642100000001,69.53343156043955,21.706395936770452,0.30326695659905023,31,64,,False,False,Request timeout: 300.0s exceeded,344,21.16838264042747
168,2026-09-14T02:15:53.021+00:00,2026-09-14T02:20:46.956+00:00,2026-09-14T02:20:53.043+00:00,False,91,90.0,,90.0,293935.43115200003,300022.32856000005,300022.32871300005,3296.9486671758245,0.01808,293935.43115200003,30805.72369756764,91.13527250000001,67.63219342222223,22.231624329937468,0.2999776731017582,31,64,,False,False,Request timeout: 300.0s exceeded,468,21.16838264042747
169,2026-09-14T02:15:57.943+00:00,2026-09-14T02:20:51.737+00:00,2026-09-14T02:20:57.968+00:00,False,93,92.0,,92.0,293793.74953100004,300024.91650700005,300024.91654700006,3226.074371473119,0.040850000000000004,293793.74953100004,30457.975742569197,88.2606078,67.73007582608696,19.816757030092486,0.306641198574764,31,64,,False,False,Request timeout: 300.0s exceeded,466,21.16838264042747
170,2026-09-14T02:16:02.530+00:00,2026-09-14T02:20:56.378+00:00,2026-09-14T02:21:02.599+00:00,False,91,90.0,,90.0,293848.90924400004,300069.68415600003,300069.684262,3297.469057824176,0.02763,293848.90924400004,30796.496128465642,89.044527,69.11972124444445,19.74503691661583,0.29993033202651304,31,64,,False,False,Request timeout: 300.0s exceeded,440,21.16838264042747
171,2026-09-14T02:16:06.574+00:00,2026-09-14T02:21:00.029+00:00,2026-09-14T02:21:06.652+00:00,False,99,98.0,,98.0,293454.909163,300077.81450700003,300077.814471,3031.089035060606,0.04324,293454.909163,29486.54292672207,89.8478578,67.58066677551021,20.365279214842182,0.3265819572866621,31,64,,False,False,Request timeout: 300.0s exceeded,521,21.16838264042747
172,2026-09-14T02:16:09.812+00:00,2026-09-14T02:21:03.411+00:00,2026-09-14T02:21:09.838+00:00,False,96,95.0,,95.0,293599.57547000004,300026.765742,300026.76570200006,3125.278809395834,0.019159,293599.57547000004,29958.482941867333,89.17836199999999,67.65463444210526,20.175989191314468,0.31663841645945917,31,64,,False,False,Request timeout: 300.0s exceeded,509,21.16838264042747
173,2026-09-14T02:16:13.842+00:00,2026-09-14T02:21:07.844+00:00,2026-09-14T02:21:13.894+00:00,False,89,88.0,,88.0,294002.11341600004,300052.335496,300052.33546400006,3371.3745557752814,0.03602,294002.11341600004,31156.88074907647,89.31686300000001,68.75252363636363,20.715136961068115,0.2932821697739231,31,64,,False,False,Request timeout: 300.0s exceeded,354,21.16838264042747
174,2026-09-14T02:16:18.777+00:00,2026-09-14T02:21:12.517+00:00,2026-09-14T02:21:18.815+00:00,False,99,98.0,,98.0,293739.69070200005,300037.54849400005,300037.54832800006,3030.682306343435,0.0,293739.69070200005,29515.566998394872,89.9110823,64.26385502040816,67.35071763052228,0.32662578564549144,31,64,,False,False,Request timeout: 300.0s exceeded,490,21.16838264042747
175,2026-09-14T02:16:22.250+00:00,2026-09-14T02:21:16.445+00:00,2026-09-14T02:21:22.318+00:00,False,93,92.0,,92.0,294195.19636299997,300067.305931,300067.30591899995,3226.5301711720426,0.0,294195.19636299997,30500.079245127392,92.749004,63.827277913043474,68.94625003019466,0.3065978804807054,31,64,,False,False,Request timeout: 300.0s exceeded,466,21.16838264042747
176,2026-09-14T02:16:25.986+00:00,2026-09-14T02:21:20.136+00:00,2026-09-14T02:21:26.012+00:00,False,88,87.0,,87.0,294150.271614,300026.24371,300026.243741,3409.389133420455,0.0355,294150.271614,31349.33058672799,89.00450885000001,67.53990914942528,19.59428604056846,0.2899746332993878,31,64,,False,False,Request timeout: 300.0s exceeded,364,21.16838264042747
177,2026-09-14T02:16:29.684+00:00,2026-09-14T02:21:23.323+00:00,2026-09-14T02:21:29.719+00:00,False,96,95.0,,95.0,293639.165799,300035.066727,300035.066736,3125.3652785,0.029670000000000002,293639.165799,29962.556877439092,87.639392,67.32527292631579,19.643958555594136,0.31662965611429644,31,64,,False,False,Request timeout: 300.0s exceeded,466,21.16838264042747
178,2026-09-14T02:16:32.751+00:00,2026-09-14T02:21:26.594+00:00,2026-09-14T02:21:32.902+00:00,False,96,95.0,,95.0,293842.80254,300151.08926,300151.089214,3126.573845979167,0.04019,293842.80254,29983.43529800685,90.14512450000001,66.40301810526316,20.71006437116427,0.3165072638390731,31,64,,False,False,Request timeout: 300.0s exceeded,212,21.16838264042747
179,2026-09-14T02:16:36.078+00:00,2026-09-14T02:21:30.097+00:00,2026-09-14T02:21:36.116+00:00,False,93,92.0,,92.0,294019.557979,300037.79900299996,300037.799096,3226.212893505376,0.02129,294019.557979,30481.631879813085,90.3210952,65.41566330434783,21.175288419903044,0.3066280325535921,31,64,,False,False,Request timeout: 300.0s exceeded,421,21.16838264042747
180,2026-09-14T02:16:40.862+00:00,2026-09-14T02:21:34.717+00:00,2026-09-14T02:21:40.883+00:00,False,92,91.0,,91.0,293855.457083,300021.141307,300021.141398,3261.099363021739,0.036359999999999996,293855.457083,30629.491867299592,88.04781469999998,67.7547716923077,20.165272816150832,0.3033119586292195,31,64,,False,False,Request timeout: 300.0s exceeded,372,21.16838264042747
181,2026-09-14T02:16:44.294+00:00,2026-09-14T02:21:37.783+00:00,2026-09-14T02:21:46.308+00:00,False,103,102.0,,102.0,293488.088953,302013.19436100003,302013.194504,2932.166936932039,0.05579,293488.088953,28910.665488296338,88.4719151,83.57946478431373,196.33468401762158,0.33773358881161386,31,64,,False,False,Request timeout: 300.0s exceeded,458,21.16838264042747
182,2026-09-14T02:16:48.857+00:00,2026-09-14T02:21:42.157+00:00,2026-09-14T02:21:48.916+00:00,False,116,115.0,,115.0,293300.35691900004,300059.52952700004,300059.52938,2586.720080862069,0.015179999999999999,293300.35691900004,27227.509047684667,89.529795,58.7754139826087,197.7282539334949,0.38325728291742867,31,64,,False,False,Request timeout: 300.0s exceeded,431,21.16838264042747
183,2026-09-14T02:16:53.165+00:00,2026-09-14T02:21:47.622+00:00,2026-09-14T02:21:53.232+00:00,False,86,85.0,,85.0,294457.23823400005,300067.17973800004,300067.17986100004,3489.153254197675,0.04319,294457.23823400005,31745.029629170585,86.61334724999999,65.9993118117647,19.51791496998616,0.2832699000077806,31,64,,False,False,Request timeout: 300.0s exceeded,353,21.16838264042747
184,2026-09-14T02:16:57.082+00:00,2026-09-14T02:21:50.834+00:00,2026-09-14T02:21:57.095+00:00,False,94,93.0,,93.0,293752.282457,300013.385561,300013.385741,3191.631763202128,0.02417,293752.282457,30291.296897591023,88.9075803,67.32368929032259,19.610791634613367,0.30998616887075814,31,64,,False,False,Request timeout: 300.0s exceeded,230,21.16838264042747
185,2026-09-14T02:17:02.174+00:00,2026-09-14T02:21:55.911+00:00,2026-09-14T02:22:02.197+00:00,False,93,92.0,,92.0,293737.322689,300022.749121,300022.749161,3226.0510662473116,0.02576,293737.322689,30452.06334042662,88.7725886,68.31985252173912,19.73039617115545,0.30664341377292076,31,64,,False,False,Request timeout: 300.0s exceeded,425,21.16838264042747
186,2026-09-14T02:17:06.277+00:00,2026-09-14T02:21:59.953+00:00,2026-09-14T02:22:06.291+00:00,False,97,96.0,,96.0,293675.93503500003,300013.925179,300013.925187,3092.9270637835057,0.07476999999999999,293675.93503500003,29811.577181254233,87.9555838,66.02073066666667,20.723373837159983,0.31998514716516124,31,64,,False,False,Request timeout: 300.0s exceeded,435,21.16838264042747
187,2026-09-14T02:17:09.741+00:00,2026-09-14T02:22:03.269+00:00,2026-09-14T02:22:09.816+00:00,False,100,99.0,,99.0,293527.787473,300075.412177,300075.412091,3000.75412091,0.02309,293527.787473,29346.172350300465,88.44024245,66.13762327272727,20.897204583623797,0.3299170674523798,31,64,,False,False,Request timeout: 300.0s exceeded,505,21.16838264042747
188,2026-09-14T02:17:12.847+00:00,2026-09-14T02:22:06.295+00:00,2026-09-14T02:22:12.868+00:00,False,103,102.0,,102.0,293447.98317400005,300021.00563800003,300021.00555900007,2912.825296689321,0.0,293447.98317400005,28908.01287262054,88.708616,64.44139670588235,65.52240902552506,0.33997619527704465,31,64,,False,False,Request timeout: 300.0s exceeded,340,21.16838264042747
189,2026-09-14T02:17:17.790+00:00,2026-09-14T02:22:11.412+00:00,2026-09-14T02:22:17.831+00:00,False,101,100.0,,100.0,293621.981387,300041.204939,300041.205007,2970.705000069307,0.0,293621.981387,29210.16800353785,89.459381,64.19223552,67.07222568040551,0.3332875563552364,31,64,,False,False,Request timeout: 300.0s exceeded,476,21.16838264042747
190,2026-09-14T02:17:21.514+00:00,2026-09-14T02:22:14.759+00:00,2026-09-14T02:22:21.532+00:00,False,100,99.0,,99.0,293244.99186,300018.057332,300018.057351,3000.18057351,0.03204,293244.99186,29317.66426686937,87.99231745000002,68.41480274747474,19.71399894418701,0.3299801381303079,31,64,,False,False,Request timeout: 300.0s exceeded,387,21.16838264042747
191,2026-09-14T02:17:25.685+00:00,2026-09-14T02:22:19.177+00:00,2026-09-14T02:22:25.745+00:00,False,99,98.0,,98.0,293491.821123,300059.647811,300059.647808,3030.9055334141412,0.028079999999999997,293491.821123,29490.309465537346,88.80021,67.01863967346938,20.745525019961278,0.3266017297391742,31,64,,False,False,Request timeout: 300.0s exceeded,398,21.16838264042747
192,2026-09-14T02:17:30.921+00:00,2026-09-14T02:22:24.155+00:00,2026-09-14T02:22:30.940+00:00,False,101,100.0,,100.0,293233.98462400003,300019.13688,300019.13703100005,2970.486505257426,0.02373,293233.98462400003,29171.1273133392,89.85863,67.85152256,19.987256131881153,0.33331207148961783,31,64,,False,False,Request timeout: 300.0s exceeded,469,21.16838264042747
193,2026-09-14T02:17:35.288+00:00,2026-09-14T02:22:28.890+00:00,2026-09-14T02:22:35.300+00:00,False,92,91.0,,91.0,293602.15647399996,300011.577274,300011.57729399996,3260.9954053695647,0.019420000000000003,293602.15647399996,30602.804946768374,91.28319545000001,70.43319560439559,21.259880724354407,0.3033216278746799,31,64,,False,False,Request timeout: 300.0s exceeded,232,21.16838264042747
194,2026-09-14T02:17:38.282+00:00,2026-09-14T02:22:31.973+00:00,2026-09-14T02:22:38.362+00:00,False,92,91.0,,91.0,293691.22775099997,300079.69469499995,300079.694746,3261.735812456521,0.03914,293691.22775099997,30612.11572678186,92.12794964999999,70.20293345054945,21.9097961299655,0.30325277454208327,31,64,,False,False,Request timeout: 300.0s exceeded,350,21.16838264042747
195,2026-09-14T02:17:41.540+00:00,2026-09-14T02:22:35.429+00:00,2026-09-14T02:22:41.586+00:00,False,88,87.0,,87.0,293888.23071100004,300045.57599100005,300045.57611400005,3409.6088194772733,0.02501,293888.23071100004,31321.05330140903,91.74656084999998,70.77408367816092,21.33991966331512,0.2899559499007897,31,64,,False,False,Request timeout: 300.0s exceeded,463,21.16838264042747
196,2026-09-14T02:17:44.715+00:00,2026-09-14T02:22:38.775+00:00,2026-09-14T02:22:44.753+00:00,False,85,84.0,,84.0,294060.887852,300038.90462,300038.904584,3529.869465694118,0.02423,294060.887852,31887.669226898746,91.40805699999999,71.16686628571428,21.016224404101873,0.2799636937296055,31,64,,False,False,Request timeout: 300.0s exceeded,261,21.16838264042747
197,2026-09-14T02:17:47.979+00:00,2026-09-14T02:22:41.939+00:00,2026-09-14T02:22:48.023+00:00,False,91,90.0,,90.0,293960.03104000003,300043.151168,300043.150961,3297.1774830879126,0.04268,293960.03104000003,30808.30598599278,92.53868800000001,67.59022364444445,20.962296642153078,0.2999568550378517,31,64,,False,False,Request timeout: 300.0s exceeded,380,21.16838264042747
198,2026-09-14T02:17:52.273+00:00,2026-09-14T02:22:45.837+00:00,2026-09-14T02:22:52.344+00:00,False,95,94.0,,94.0,293563.36588700005,300070.812671,300070.81269100006,3158.6401335894743,0.02206,293563.36588700005,30111.868848857997,87.581322,69.22815727659574,18.580274657913357,0.31325939088605176,31,64,,False,False,Request timeout: 300.0s exceeded,368,21.16838264042747
199,2026-09-14T02:17:55.992+00:00,2026-09-14T02:22:49.525+00:00,2026-09-14T02:22:56.019+00:00,False,98,97.0,,97.0,293532.821698,300027.052482,300027.05232,3061.5005338775513,0.0217,293532.821698,29644.536171198488,87.63252689999999,66.95083282474226,19.81131405031679,0.32330417939835426,31,64,,False,False,Request timeout: 300.0s exceeded,411,21.16838264042747
200,2026-09-14T02:18:00.845+00:00,2026-09-14T02:22:54.386+00:00,2026-09-14T02:23:00.916+00:00,False,94,93.0,,93.0,293541.765559,300071.351479,300071.351447,3192.2484196489363,0.02566,293541.765559,30269.287001477012,91.01204415000001,70.21060129032259,21.1445629271756,0.30992628766997926,31,64,,False,False,Request timeout: 300.0s exceeded,267,21.16838264042747
201,2026-09-14T02:18:04.014+00:00,2026-09-14T02:22:57.869+00:00,2026-09-14T02:23:04.056+00:00,False,90,89.0,,89.0,293854.68295499997,300042.17505099997,300042.17515399994,3333.801946155555,0.03892,293854.68295499997,30967.68232483764,90.42365550000001,69.5223831011236,21.412231864346065,0.2966249660897577,31,64,,False,False,Request timeout: 300.0s exceeded,360,21.16838264042747
202,2026-09-14T02:18:08.105+00:00,2026-09-14T02:23:01.842+00:00,2026-09-14T02:23:08.145+00:00,False,99,98.0,,98.0,293737.574469,300039.95885299996,300039.95884599996,3030.706655010101,0.0,293737.574469,29515.34852932963,88.18966680000001,64.31004473469388,66.84507950953355,0.3266231617103161,31,64,,False,False,Request timeout: 300.0s exceeded,456,21.16838264042747
203,2026-09-14T02:18:12.071+00:00,2026-09-14T02:23:06.436+00:00,2026-09-14T02:23:12.089+00:00,False,97,96.0,,96.0,294365.353589,300018.165621,300018.165728,3092.970780701031,0.0,294365.353589,29882.30786439804,89.31011099999999,58.88345866666666,28.322701536463782,0.319980624510826,31,64,,False,False,Request timeout: 300.0s exceeded,431,21.16838264042747
204,2026-09-14T02:18:15.107+00:00,2026-09-14T02:23:08.684+00:00,2026-09-14T02:23:15.174+00:00,False,94,93.0,,93.0,293576.815941,300066.936133,300066.935921,3192.2014459680854,0.03567,293576.815941,30272.945014241763,89.41196865,69.78623862365592,19.757296704484162,0.30993084809177107,31,64,,False,False,Request timeout: 300.0s exceeded,452,21.16838264042747
205,2026-09-14T02:18:18.213+00:00,2026-09-14T02:23:12.217+00:00,2026-09-14T02:23:18.230+00:00,False,86,85.0,,85.0,294003.536654,300016.08884599997,300016.088694,3488.559170860465,0.02983,294003.536654,31695.595550758182,90.30907175,70.73590814117648,20.436065081987714,0.2833181391269686,31,64,,False,False,Request timeout: 300.0s exceeded,376,21.16838264042747
206,2026-09-14T02:18:22.867+00:00,2026-09-14T02:23:16.253+00:00,2026-09-14T02:23:22.915+00:00,False,101,100.0,,100.0,293386.60649599996,300048.72387199994,300048.723993,2970.779445475247,0.018349,293386.60649599996,29186.436854792475,89.514541,66.62117376,20.961829567958553,0.3332792044890008,31,64,,False,False,Request timeout: 300.0s exceeded,375,21.16838264042747
207,2026-09-14T02:18:26.780+00:00,2026-09-14T02:23:20.446+00:00,2026-09-14T02:23:26.814+00:00,False,97,96.0,,96.0,293666.182281,300034.331017,300034.33122,3093.1374352577322,0.020239999999999998,293666.182281,29810.554658934463,88.2878918,66.33488266666666,20.15907888978079,0.3199633844386982,31,64,,False,False,Request timeout: 300.0s exceeded,434,21.16838264042747
208,2026-09-14T02:18:31.017+00:00,2026-09-14T02:23:24.536+00:00,2026-09-14T02:23:31.097+00:00,False,99,98.0,,98.0,293518.533621,300079.338485,300079.338652,3031.104430828283,0.02481,293518.533621,29493.00130547746,90.44442699999999,66.94698840816326,20.648325303337064,0.32658029871289757,31,64,,False,False,Request timeout: 300.0s exceeded,369,21.16838264042747
209,2026-09-14T02:18:34.816+00:00,2026-09-14T02:23:28.466+00:00,2026-09-14T02:23:34.829+00:00,False,98,97.0,,97.0,293650.95132700005,300013.35183900007,300013.35161700007,3061.3607307857146,0.03743,293650.95132700005,29656.607709135067,91.249079,65.5917578556701,21.769617932901088,0.32331894365839536,31,64,,False,False,Request timeout: 300.0s exceeded,231,21.16838264042747
210,2026-09-14T02:18:38.690+00:00,2026-09-14T02:23:32.155+00:00,2026-09-14T02:23:38.736+00:00,False,96,95.0,,95.0,293465.33554299996,300046.24229499995,300046.242263,3125.481690239583,0.02598,293465.33554299996,29944.617168139634,90.52625124999999,69.27270265263158,20.431967046214602,0.3166178628779418,31,64,,False,False,Request timeout: 300.0s exceeded,432,21.16838264042747
211,2026-09-14T02:18:43.146+00:00,2026-09-14T02:23:36.432+00:00,2026-09-14T02:23:43.226+00:00,False,101,100.0,,100.0,293285.932131,300080.358243,300080.35826899996,2971.092656128713,0.02807,293285.932131,29176.28674479322,88.236083,67.94426112000001,19.52516656370227,0.3332440703067333,31,64,,False,False,Request timeout: 300.0s exceeded,619,21.16838264042747
212,2026-09-14T02:18:47.249+00:00,2026-09-14T02:23:40.835+00:00,2026-09-14T02:23:47.273+00:00,False,98,97.0,,97.0,293586.251236,300023.471332,300023.47119799996,3061.463991816326,0.027690000000000003,293586.251236,29649.99219417063,87.12110265,66.36309377319587,18.969624564399044,0.32330803843230566,31,64,,False,False,Request timeout: 300.0s exceeded,374,21.16838264042747
213,2026-09-14T02:18:50.392+00:00,2026-09-14T02:23:44.007+00:00,2026-09-14T02:23:50.452+00:00,False,96,95.0,,95.0,293614.22281199996,300059.25218799995,300059.252298,3125.6172114374995,0.021920000000000002,293614.22281199996,29959.958162338353,87.87388975,67.84241448421052,19.330024006221322,0.31660413504089663,31,64,,False,False,Request timeout: 300.0s exceeded,454,21.16838264042747
214,2026-09-14T02:18:55.513+00:00,2026-09-14T02:23:48.825+00:00,2026-09-14T02:23:55.536+00:00,False,97,96.0,,96.0,293311.86533,300022.947826,300022.947984,3093.020082309278,0.021,293311.86533,29774.216610169926,90.37449980000001,69.90710933333332,20.283113134074135,0.3199755241911553,31,64,,False,False,Request timeout: 300.0s exceeded,314,21.16838264042747
215,2026-09-14T02:18:59.257+00:00,2026-09-14T02:23:51.837+00:00,2026-09-14T02:23:59.376+00:00,False,114,113.0,,113.0,292580.109764,300119.643844,300119.643639,2632.628452973684,0.02525,292580.109764,27396.39674260595,90.95414015,66.72154053097346,20.80745839443248,0.37651650705921996,31,64,,False,False,Request timeout: 300.0s exceeded,527,21.16838264042747
216,2026-09-14T02:19:03.948+00:00,2026-09-14T02:23:57.937+00:00,2026-09-14T02:24:03.984+00:00,False,101,100.0,,100.0,293988.637957,300036.181765,300036.181885,2970.6552661881187,0.0,293988.637957,29247.020686580054,93.694632,60.475438079999996,66.74177819840138,0.3332931362202306,31,64,,False,False,Request timeout: 300.0s exceeded,376,21.16838264042747
217,2026-09-14T02:19:08.057+00:00,2026-09-14T02:24:01.800+00:00,2026-09-14T02:24:08.063+00:00,False,96,95.0,,95.0,293743.201475,300006.890947,300006.89073700004,3125.0717785104166,0.021929999999999998,293743.201475,29973.31745242614,89.06285700000001,65.93357338947368,20.3120069399937,0.3166593930563513,31,64,,False,False,Request timeout: 300.0s exceeded,439,21.16838264042747
218,2026-09-14T02:19:13.036+00:00,2026-09-14T02:24:06.536+00:00,2026-09-14T02:24:13.045+00:00,False,98,97.0,,97.0,293500.049922,300009.624578,300009.624534,3061.3226993265303,0.02091,293500.049922,29641.209578097893,87.67493085,67.10901707216495,19.55966629693597,0.3233229605098246,31,64,,False,False,Request timeout: 300.0s exceeded,462,21.16838264042747
219,2026-09-14T02:19:17.346+00:00,2026-09-14T02:24:11.130+00:00,2026-09-14T02:24:17.406+00:00,False,93,92.0,,92.0,293783.533722,300059.95228200004,300059.95225800003,3226.4510995483874,0.0248,293783.533722,30456.865596227333,90.1887096,68.22194086956522,20.105870769347597,0.30660539435644935,31,64,,False,False,Request timeout: 300.0s exceeded,506,21.16838264042747
220,2026-09-14T02:19:21.637+00:00,2026-09-14T02:24:14.905+00:00,2026-09-14T02:24:21.655+00:00,False,99,98.0,,98.0,293268.43811,300017.699934,300017.699928,3030.4818174545453,0.03886,293268.43811,29467.671855062108,88.476504,68.8700186122449,19.70343075254578,0.32664739454225117,31,64,,False,False,Request timeout: 300.0s exceeded,417,21.16838264042747
221,2026-09-14T02:19:26.779+00:00,2026-09-14T02:24:20.209+00:00,2026-09-14T02:24:26.814+00:00,False,98,97.0,,97.0,293430.20816000004,300035.01968,300035.01952300005,3061.5818318673473,0.02112,293430.20816000004,29634.05520853818,86.819106,68.09084041237112,19.39250840459502,0.3232955943058067,31,64,,False,False,Request timeout: 300.0s exceeded,467,21.16838264042747
222,2026-09-14T02:19:31.829+00:00,2026-09-14T02:24:25.475+00:00,2026-09-14T02:24:31.845+00:00,False,96,95.0,,95.0,293646.52006699995,300015.9147549999,300015.91463599994,3125.1657774583327,0.0364,293646.52006699995,29963.335789465873,87.49889499999999,67.0462598736842,19.40132203922303,0.31664986864973227,31,64,,False,False,Request timeout: 300.0s exceeded,241,21.16838264042747
223,2026-09-14T02:19:35.197+00:00,2026-09-14T02:24:29.033+00:00,2026-09-14T02:24:35.244+00:00,False,92,91.0,,91.0,293835.184727,300046.954839,300046.954989,3261.379945532609,0.03797,293835.184727,30627.32527231188,87.07460299999998,68.26121002197802,19.767774593068896,0.30328586420358444,31,64,,False,False,Request timeout: 300.0s exceeded,382,21.16838264042747
224,2026-09-14T02:19:38.568+00:00,2026-09-14T02:24:32.220+00:00,2026-09-14T02:24:38.632+00:00,False,95,94.0,,94.0,293652.40631,300064.21968599997,300064.21957899997,3158.570732410526,0.04231,293652.40631,30121.109514292384,88.341055,68.21078059574468,20.04895190933479,0.31326627379420857,31,64,,False,False,Request timeout: 300.0s exceeded,165,21.16838264042747
225,2026-09-14T02:19:41.446+00:00,2026-09-14T02:24:35.326+00:00,2026-09-14T02:24:41.483+00:00,False,89,88.0,,88.0,293879.43168800004,300036.99508,300036.99507500004,3371.202191853933,0.0217,293879.43168800004,31143.746895339358,91.0159584,69.97231127272727,20.21924671775242,0.2932971648264116,31,64,,False,False,Request timeout: 300.0s exceeded,366,21.16838264042747
226,2026-09-14T02:19:46.311+00:00,2026-09-14T02:24:39.937+00:00,2026-09-14T02:24:47.615+00:00,False,79,78.0,,78.0,293625.312419,301303.628963,301303.628794,3813.9699847341776,0.03778,293625.312419,33025.28269295129,91.85646380000001,98.43995569230769,249.36836091686155,0.2588750765082168,31,64,,False,False,Request timeout: 300.0s exceeded,306,21.16838264042747
227,2026-09-14T02:19:51.004+00:00,2026-09-14T02:24:44.843+00:00,2026-09-14T02:24:51.016+00:00,False,104,103.0,,103.0,293839.01212,300011.62344800006,300011.62345400004,2884.727148596154,0.015300000000000001,293839.01212,28808.259190919038,92.20901515,59.92826532038835,222.37292230772886,0.3433200314582232,31,64,,False,False,Request timeout: 300.0s exceeded,394,21.16838264042747
228,2026-09-14T02:19:54.509+00:00,2026-09-14T02:24:48.868+00:00,2026-09-14T02:24:54.542+00:00,False,81,80.0,,80.0,294359.528259,300032.764739,300032.76471899997,3704.108206407407,0.04034,294359.528259,32698.74116709711,91.58838599999999,70.915456,20.60538711196208,0.26663754563469894,31,64,,False,False,Request timeout: 300.0s exceeded,366,21.16838264042747
229,2026-09-14T02:19:59.796+00:00,2026-09-14T02:24:53.642+00:00,2026-09-14T02:24:59.867+00:00,False,94,93.0,,93.0,293846.15979500004,300070.757043,300070.756951,3192.2420952234047,0.0,293846.15979500004,30301.092569493925,87.13462949999999,66.93115320430107,69.4598976662801,0.3099269016296484,31,64,,False,False,Request timeout: 300.0s exceeded,426,21.16838264042747
230,2026-09-14T02:20:04.050+00:00,2026-09-14T02:24:58.182+00:00,2026-09-14T02:25:04.099+00:00,False,89,88.0,,88.0,294131.834305,300048.536513,300048.536551,3371.331871359551,0.023510000000000003,294131.834305,31170.791278776673,87.5621988,67.23525236363636,19.645949390832392,0.2932858830864095,31,64,,False,False,Request timeout: 300.0s exceeded,357,21.16838264042747
231,2026-09-14T02:20:07.174+00:00,2026-09-14T02:25:00.802+00:00,2026-09-14T02:25:07.196+00:00,False,97,96.0,,96.0,293627.309702,300022.08551,300022.085658,3093.0111923505156,0.036539999999999996,293627.309702,29806.579697466303,87.600363,66.612248,20.32596698372708,0.31997644385683144,31,64,,False,False,Request timeout: 300.0s exceeded,319,21.16838264042747
232,2026-09-14T02:20:11.180+00:00,2026-09-14T02:25:04.920+00:00,2026-09-14T02:25:11.211+00:00,False,92,91.0,,91.0,293739.492629,300030.246933,300030.247005,3261.1983370108696,0.02426,293739.492629,30617.258223382134,89.83779354999999,69.12916817582418,19.8157333111823,0.30330275340646334,31,64,,False,False,Request timeout: 300.0s exceeded,338,21.16838264042747
233,2026-09-14T02:20:15.125+00:00,2026-09-14T02:25:09.006+00:00,2026-09-14T02:25:15.158+00:00,False,90,89.0,,89.0,293881.112152,300033.501528,300033.501521,3333.7055724555557,0.02637,293881.112152,30970.508768809592,89.52865184999999,69.12797051685394,19.87649437776952,0.2966335410770596,31,64,,False,False,Request timeout: 300.0s exceeded,405,21.16838264042747
234,2026-09-14T02:20:18.929+00:00,2026-09-14T02:25:12.691+00:00,2026-09-14T02:25:19.021+00:00,False,91,90.0,,90.0,293761.171129,300091.59519300004,300091.595241,3297.7098378131873,0.03474,293761.171129,30787.171816450194,91.7518865,70.33804515555556,21.049482363805136,0.2999084327640621,31,64,,False,False,Request timeout: 300.0s exceeded,448,21.16838264042747
235,2026-09-14T02:20:23.808+00:00,2026-09-14T02:25:17.859+00:00,2026-09-14T02:25:23.876+00:00,False,92,91.0,,91.0,294050.77678200003,300068.53831800004,300068.53817300004,3261.614545358696,0.047729999999999995,294050.77678200003,30650.025305119834,89.65941345000002,66.12924764835165,20.894485975129577,0.3032640493071687,31,64,,False,False,Request timeout: 300.0s exceeded,441,21.16838264042747
236,2026-09-14T02:20:28.298+00:00,2026-09-14T02:25:22.124+00:00,2026-09-14T02:25:28.319+00:00,False,92,91.0,,91.0,293825.987249,300020.866481,300020.866717,3261.0963773586955,0.023969999999999998,293825.987249,30626.38642696993,91.61347965,68.07559595604395,20.844874641913584,0.30331223646993544,31,64,,False,False,Request timeout: 300.0s exceeded,418,21.16838264042747
237,2026-09-14T02:20:32.296+00:00,2026-09-14T02:25:26.154+00:00,2026-09-14T02:25:32.321+00:00,False,89,88.0,,88.0,293858.033604,300025.150916,300025.150992,3371.069112269663,0.023129999999999998,293858.033604,31141.467818792706,90.8613004,70.08087854545455,21.168384066768894,0.2933087433881099,31,64,,False,False,Request timeout: 300.0s exceeded,349,21.16838264042747
238,2026-09-14T02:20:36.137+00:00,2026-09-14T02:25:29.931+00:00,2026-09-14T02:25:36.164+00:00,False,89,88.0,,88.0,293794.13772299996,300027.27641099994,300027.27622999996,3371.092991348314,0.026350000000000002,293794.13772299996,31134.614788662926,91.1615292,70.83112145454545,20.323513577754838,0.2933066654894769,31,64,,False,False,Request timeout: 300.0s exceeded,426,21.16838264042747
239,2026-09-14T02:20:39.906+00:00,2026-09-14T02:25:33.607+00:00,2026-09-14T02:25:39.948+00:00,False,94,93.0,,93.0,293701.063982,300041.81150199997,300041.81147099996,3191.9341645851064,0.02809,293701.063982,30285.925668745822,87.67965265000001,68.18008086021506,19.425998530882303,0.3099568008020112,31,64,,False,False,Request timeout: 300.0s exceeded,356,21.16838264042747
240,2026-09-14T02:20:45.141+00:00,2026-09-14T02:25:38.882+00:00,2026-09-14T02:25:45.154+00:00,False,94,93.0,,93.0,293740.40375199995,300012.408616,300012.40847799997,3191.6213667872335,0.020829999999999998,293740.40375199995,30290.060276774882,90.47150549999998,67.44091251612903,20.621639615815035,0.3099871782937988,31,64,,False,False,Request timeout: 300.0s exceeded,456,21.16838264042747
241,2026-09-14T02:20:48.426+00:00,2026-09-14T02:25:42.333+00:00,2026-09-14T02:25:48.466+00:00,False,90,89.0,,89.0,293906.728943,300039.799279,300039.799384,3333.7755487111112,0.07914,293906.728943,30973.23229221971,91.60175045,68.91090265168539,20.49149399055823,0.2966273148224612,31,64,,False,False,Request timeout: 300.0s exceeded,368,21.16838264042747
242,2026-09-14T02:20:51.391+00:00,2026-09-14T02:25:45.511+00:00,2026-09-14T02:25:51.608+00:00,False,76,75.0,,75.0,294120.332475,300217.342395,300217.342431,3950.228189881579,0.02221,294120.332475,33728.665713770475,89.90715474999999,81.29346559999999,71.48984549541038,0.24981901245838586,31,64,,False,False,Request timeout: 300.0s exceeded,369,21.16838264042747
243,2026-09-14T02:20:55.740+00:00,2026-09-14T02:25:49.582+00:00,2026-09-14T02:25:55.762+00:00,False,98,97.0,,97.0,293842.40396799997,300022.56191999995,300022.56191399996,3061.454713408163,0.0,293842.40396799997,29676.207343022397,90.89100300000001,63.712968577319586,68.44555560140323,0.32330901842597004,31,64,,False,False,Request timeout: 300.0s exceeded,281,21.16838264042747
244,2026-09-14T02:20:59.025+00:00,2026-09-14T02:25:52.779+00:00,2026-09-14T02:25:59.035+00:00,False,95,94.0,,94.0,293753.677556,300010.076148,300010.075971,3158.000799694737,0.03517,293753.677556,30131.670175544128,90.406865,66.55743182978723,21.26223292972873,0.31332280970999193,31,64,,False,False,Request timeout: 300.0s exceeded,308,21.16838264042747
245,2026-09-14T02:21:02.825+00:00,2026-09-14T02:25:56.545+00:00,2026-09-14T02:26:02.844+00:00,False,93,92.0,,92.0,293719.944089,300018.696345,300018.696345,3226.007487580645,0.02622,293719.944089,30450.246711629585,90.17695400000001,68.4646984347826,20.446806742939845,0.30664755603832966,31,64,,False,False,Request timeout: 300.0s exceeded,415,21.16838264042747
246,2026-09-14T02:21:07.761+00:00,2026-09-14T02:26:01.270+00:00,2026-09-14T02:26:07.768+00:00,False,96,95.0,,95.0,293508.937606,300006.775686,300006.775623,3125.07057940625,0.02656,293508.937606,29949.156614560663,90.68030300000001,68.39829557894737,20.5600402053786,0.3166595147151979,31,64,,False,False,Request timeout: 300.0s exceeded,436,21.16838264042747
247,2026-09-14T02:21:12.842+00:00,2026-09-14T02:26:06.731+00:00,2026-09-14T02:26:12.863+00:00,False,91,90.0,,90.0,293889.755276,300021.56942,300021.569494,3296.9403241098903,0.02082,293889.755276,30800.88214137903,89.91041550000001,68.13126826666667,20.621794780626242,0.2999784321306881,31,64,,False,False,Request timeout: 300.0s exceeded,488,21.16838264042747
248,2026-09-14T02:21:15.737+00:00,2026-09-14T02:26:09.508+00:00,2026-09-14T02:26:15.775+00:00,False,90,89.0,,89.0,293770.54034899996,300037.540413,300037.540352,3333.750448355555,0.0364,293770.54034899996,30958.717479666368,88.7631185,70.41573105617978,19.465329507051155,0.2966295480141985,31,64,,False,False,Request timeout: 300.0s exceeded,219,21.16838264042747
249,2026-09-14T02:21:21.046+00:00,2026-09-14T02:26:14.653+00:00,2026-09-14T02:26:21.080+00:00,False,98,97.0,,97.0,293606.87389499997,300033.72061499994,300033.72064099996,3061.568577969387,0.03528,293606.87389499997,29652.08743344318,89.88164255,66.25615175257732,20.827545140583048,0.32329699408843904,31,64,,False,False,Request timeout: 300.0s exceeded,209,21.16838264042747
250,2026-09-14T02:21:26.313+00:00,2026-09-14T02:26:19.910+00:00,2026-09-14T02:26:26.362+00:00,False,94,93.0,,93.0,293596.635069,300048.61484500003,300048.614722,3192.006539595745,0.028210000000000002,293596.635069,30275.03206544892,89.82948250000001,69.37612662365592,20.6138298166259,0.3099497727994585,31,64,,False,False,Request timeout: 300.0s exceeded,443,21.16838264042747
251,2026-09-14T02:21:30.620+00:00,2026-09-14T02:26:24.125+00:00,2026-09-14T02:26:30.659+00:00,False,99,98.0,,98.0,293504.680756,300038.8053,300038.805155,3030.6950015656566,0.023440000000000003,293504.680756,29491.63631947894,89.47300890000001,66.67474024489796,20.52776699979016,0.3266244174716423,31,64,,False,False,Request timeout: 300.0s exceeded,423,21.16838264042747
252,2026-09-14T02:21:34.347+00:00,2026-09-14T02:26:27.721+00:00,2026-09-14T02:26:34.356+00:00,False,100,99.0,,99.0,293374.68538200005,300009.63168600004,300009.63166700007,3000.0963166700008,0.03304,293374.68538200005,29330.773374217843,87.55725894999999,67.01965963636363,20.076989993502245,0.3299894054855434,31,64,,False,False,Request timeout: 300.0s exceeded,288,21.16838264042747
253,2026-09-14T02:21:37.734+00:00,2026-09-14T02:26:31.170+00:00,2026-09-14T02:26:37.810+00:00,False,98,97.0,,97.0,293436.653152,300076.715872,300076.715888,3062.0073049795915,0.0213,293436.653152,29634.669925417642,88.36628,68.45425484536084,19.97827407794487,0.32325067180945855,31,64,,False,False,Request timeout: 300.0s exceeded,510,21.16838264042747
254,2026-09-14T02:21:42.526+00:00,2026-09-14T02:26:36.047+00:00,2026-09-14T02:26:42.550+00:00,False,98,97.0,,97.0,293521.234975,300024.371999,300024.37175100006,3061.4731811326533,0.01934,293521.234975,29643.356988683005,89.7243425,67.04264973195876,20.593809951185566,0.3233070678682174,31,64,,False,False,Request timeout: 300.0s exceeded,400,21.16838264042747
255,2026-09-14T02:21:47.136+00:00,2026-09-14T02:26:40.664+00:00,2026-09-14T02:26:47.169+00:00,False,104,103.0,,103.0,293527.293024,300033.258592,300033.25854400004,2884.9351783076922,0.0,293527.293024,28776.59275782084,89.49710080000001,63.16471425242718,62.60300541816959,0.3432952749417173,31,64,,False,False,Request timeout: 300.0s exceeded,632,21.16838264042747
256,2026-09-14T02:21:51.399+00:00,2026-09-14T02:26:45.179+00:00,2026-09-14T02:26:51.424+00:00,False,101,100.0,,100.0,293779.505304,300024.876696,300024.87678399996,2970.5433344950493,0.0,293779.505304,29226.007700760885,88.564371,62.45371392,63.701255157418565,0.333305694851847,31,64,,False,False,Request timeout: 300.0s exceeded,315,21.16838264042747
257,2026-09-14T02:21:56.488+00:00,2026-09-14T02:26:49.974+00:00,2026-09-14T02:26:56.583+00:00,False,100,99.0,,99.0,293486.640425,300094.848809,300094.848918,3000.94848918,0.02336,293486.640425,29341.995891262224,88.8663675,66.74957963636363,20.088016604831058,0.32989569928609497,31,64,,False,False,Request timeout: 300.0s exceeded,308,21.16838264042747
258,2026-09-14T02:22:01.109+00:00,2026-09-14T02:26:55.001+00:00,2026-09-14T02:27:01.148+00:00,False,90,89.0,,89.0,293891.614472,300038.725384,300038.725398,3333.763615533333,0.02509,293891.614472,30971.6222113898,87.4077819,69.06866193258428,20.110586115421754,0.29662837650738155,31,64,,False,False,Request timeout: 300.0s exceeded,305,21.16838264042747
259,2026-09-14T02:22:05.272+00:00,2026-09-14T02:26:58.763+00:00,2026-09-14T02:27:05.320+00:00,False,96,95.0,,95.0,293490.042712,300047.72591200005,300047.725851,3125.4971442812503,0.02241,293490.042712,29947.16317883548,87.4469475,69.02824421052632,19.51746091474681,0.31661629732818647,31,64,,False,False,Request timeout: 300.0s exceeded,379,21.16838264042747
260,2026-09-14T02:22:10.383+00:00,2026-09-14T02:27:04.415+00:00,2026-09-14T02:27:10.413+00:00,False,92,91.0,,91.0,294031.750849,300029.66547300003,300029.665611,3261.1920175108694,0.023329999999999997,294031.750849,30648.063969556842,89.24704765,65.91114971428571,20.164936533406653,0.30330334120973507,31,64,,False,False,Request timeout: 300.0s exceeded,411,21.16838264042747
261,2026-09-14T02:22:14.775+00:00,2026-09-14T02:27:08.956+00:00,2026-09-14T02:27:14.813+00:00,False,88,87.0,,87.0,294180.10918699997,300037.10861099995,300037.10853699996,3409.512597011363,0.036709000000000006,294180.10918699997,31352.535034275872,88.16410535000001,67.3218324597701,20.395353878526613,0.28996413277930916,31,64,,False,False,Request timeout: 300.0s exceeded,194,21.16838264042747
262,2026-09-14T02:22:18.018+00:00,2026-09-14T02:27:11.852+00:00,2026-09-14T02:27:18.066+00:00,False,96,95.0,,95.0,293834.174009,300048.162361,300048.162285,3125.50169046875,0.0193,293834.174009,29982.65598465096,89.83512300000001,65.41040370526316,20.744975837119682,0.3166158367792357,31,64,,False,False,Request timeout: 300.0s exceeded,438,21.16838264042747
263,2026-09-14T02:22:21.622+00:00,2026-09-14T02:27:15.773+00:00,2026-09-14T02:27:21.637+00:00,False,87,86.0,,86.0,294150.106504,300014.64231200004,300014.642287,3448.444164218391,0.036389000000000005,294150.106504,31528.897061722913,88.6460786,68.1922768372093,20.223405508871164,0.28665267580695064,31,64,,False,False,Request timeout: 300.0s exceeded,352,21.16838264042747
264,2026-09-14T02:22:26.596+00:00,2026-09-14T02:27:20.841+00:00,2026-09-14T02:27:26.634+00:00,False,81,80.0,,80.0,294244.87935500004,300038.455291,300038.45536900003,3704.1784613456794,0.11279,294244.87935500004,32685.833932626214,88.18236299999998,72.4196992,18.342032850979077,0.26663248856687366,31,64,,False,False,Request timeout: 300.0s exceeded,506,21.16838264042747
265,2026-09-14T02:22:30.947+00:00,2026-09-14T02:27:25.003+00:00,2026-09-14T02:27:30.997+00:00,False,90,89.0,,89.0,294056.004196,300049.831268,300049.831288,3333.887014311111,0.03389,294056.004196,30989.13146003906,87.92333905,67.34637159550563,19.32955995696957,0.2966173972632784,31,64,,False,False,Request timeout: 300.0s exceeded,341,21.16838264042747
266,2026-09-14T02:22:34.223+00:00,2026-09-14T02:27:28.236+00:00,2026-09-14T02:27:34.265+00:00,False,95,94.0,,94.0,294013.742797,300042.58350099996,300042.583534,3158.342984568421,0.023960000000000002,294013.742797,30158.59971989709,87.7441567,64.13660323404255,19.851599749975293,0.31328886354455326,31,64,,False,False,Request timeout: 300.0s exceeded,270,21.16838264042747
267,2026-09-14T02:22:37.381+00:00,2026-09-14T02:27:31.281+00:00,2026-09-14T02:27:37.390+00:00,False,94,93.0,,93.0,293900.133528,300009.36412,300009.364045,3191.5889792021276,0.055869999999999996,293900.133528,30306.71553895534,88.05366615000001,65.69065152688172,20.430534991865482,0.30999032404468935,31,64,,False,False,Request timeout: 300.0s exceeded,328,21.16838264042747
268,2026-09-14T02:22:41.927+00:00,2026-09-14T02:27:35.686+00:00,2026-09-14T02:27:42.390+00:00,False,88,87.0,,87.0,293758.43024,300463.03056000004,300463.030549,3414.352619875,0.038369,293758.43024,31306.60970743144,89.50937300000001,77.06437149425288,67.0215368232312,0.28955309356312575,31,64,,False,False,Request timeout: 300.0s exceeded,145,21.16838264042747
269,2026-09-14T02:22:45.763+00:00,2026-09-14T02:27:39.655+00:00,2026-09-14T02:27:45.785+00:00,False,96,95.0,,95.0,293891.667619,300021.97597100004,300021.975863,3125.2289152395833,0.0,293891.667619,29988.684258249,90.38593399999999,64.52956160000001,68.56496889987199,0.3166434715075094,31,64,,False,False,Request timeout: 300.0s exceeded,460,21.16838264042747
270,2026-09-14T02:22:48.683+00:00,2026-09-14T02:27:42.584+00:00,2026-09-14T02:27:48.731+00:00,False,94,93.0,,93.0,293900.46106199996,300047.98694999993,300047.98678899993,3191.9998594574463,0.02189,293900.46106199996,30306.707068536343,89.00748915,66.10242890322581,20.755638112182577,0.30995042141541695,31,64,,False,False,Request timeout: 300.0s exceeded,397,21.16838264042747
271,2026-09-14T02:22:53.964+00:00,2026-09-14T02:27:47.809+00:00,2026-09-14T02:27:53.975+00:00,False,89,88.0,,88.0,293844.58136199997,300010.20619399997,300010.206311,3370.9011945056177,0.020989999999999998,293844.58136199997,31140.042599815628,87.58403340000001,70.06391854545454,19.491692741437408,0.2933233542831382,31,64,,False,False,Request timeout: 300.0s exceeded,401,21.16838264042747
272,2026-09-14T02:22:57.415+00:00,2026-09-14T02:27:51.022+00:00,2026-09-14T02:27:57.443+00:00,False,96,95.0,,95.0,293607.552684,300028.558252,300028.558133,3125.2974805520835,0.03705,293607.552684,29959.30379274112,89.37319600000001,67.58953229473684,20.229246602309782,0.3166365247144493,31,64,,False,False,Request timeout: 300.0s exceeded,140,21.16838264042747
273,2026-09-14T02:23:01.617+00:00,2026-09-14T02:27:54.865+00:00,2026-09-14T02:28:01.647+00:00,False,104,103.0,,103.0,293247.698966,300029.93461399997,300029.934622,2884.9032175192306,0.04572,293247.698966,28748.85326217362,87.78206949999999,65.84694803883495,20.737845643309626,0.34329907824868694,31,64,,False,False,Request timeout: 300.0s exceeded,169,21.16838264042747
274,2026-09-14T02:23:05.015+00:00,2026-09-14T02:27:58.643+00:00,2026-09-14T02:28:05.032+00:00,False,97,96.0,,96.0,293627.76702499995,300017.00836899993,300017.00841099996,3092.958849597938,0.02734,293627.76702499995,29806.63231699334,90.51495019999999,66.55459733333333,20.811791702082697,0.3199818587682426,31,64,,False,False,Request timeout: 300.0s exceeded,458,21.16838264042747
275,2026-09-14T02:23:08.452+00:00,2026-09-14T02:28:01.942+00:00,2026-09-14T02:28:08.490+00:00,False,97,96.0,,96.0,293490.09873699996,300038.886961,300038.887076,3093.1844028453606,0.01771,293490.09873699996,29792.485618639716,91.944182,68.216544,21.01371008080656,0.31995852595093244,31,64,,False,False,Request timeout: 300.0s exceeded,428,21.16838264042747
276,2026-09-14T02:23:11.555+00:00,2026-09-14T02:28:05.304+00:00,2026-09-14T02:28:11.609+00:00,False,93,92.0,,92.0,293749.472481,300053.845217,300053.845357,3226.3854339462364,0.04494,293749.472481,30453.302932083105,91.7347418,68.52579060869566,21.33783275776458,0.30661163476663755,31,64,,False,False,Request timeout: 300.0s exceeded,400,21.16838264042747
277,2026-09-14T02:23:15.224+00:00,2026-09-14T02:28:09.272+00:00,2026-09-14T02:28:15.230+00:00,False,98,97.0,,97.0,294048.277072,300006.79124800005,300006.79110800003,3061.2937868163267,0.015179999999999999,294048.277072,29698.375103881433,88.94930335000001,61.427981195876285,270.4468937981928,0.3233260140428459,31,64,,False,False,Request timeout: 300.0s exceeded,371,21.16838264042747
278,2026-09-14T02:23:18.390+00:00,2026-09-14T02:28:14.709+00:00,2026-09-14T02:28:18.421+00:00,False,105,104.0,,104.0,296319.377616,300030.58401600004,300030.584012,2857.4341334476194,0.01514,296319.377616,28914.350176534434,88.4974854,35.68467692307692,36.18259014976521,0.34663132873965236,31,64,,False,False,Request timeout: 300.0s exceeded,480,21.16838264042747
279,2026-09-14T02:23:23.415+00:00,2026-09-14T02:28:17.081+00:00,2026-09-14T02:28:23.435+00:00,False,91,90.0,,90.0,293666.684792,300020.681848,300020.681729,3296.9305684505493,0.05011,293666.684792,30777.238627565635,87.558335,70.59996728888889,19.713230911543178,0.29997931957769786,31,64,,False,False,Request timeout: 300.0s exceeded,380,21.16838264042747
280,2026-09-14T02:23:26.594+00:00,2026-09-14T02:28:20.277+00:00,2026-09-14T02:28:26.671+00:00,False,93,92.0,,92.0,293683.604241,300077.088785,300077.088754,3226.635362946237,0.021619,293683.604241,30446.371801119494,89.1914776,69.4943972173913,20.64168849404191,0.3065878850414881,31,64,,False,False,Request timeout: 300.0s exceeded,361,21.16838264042747
281,2026-09-14T02:23:31.328+00:00,2026-09-14T02:28:24.785+00:00,2026-09-14T02:28:31.392+00:00,False,100,99.0,,99.0,293456.832287,300064.131103,300064.13095900003,3000.64130959,0.03701,293456.832287,29339.016329031718,89.09018344999998,66.74039208080808,20.571827752765664,0.32992947086373764,31,64,,False,False,Request timeout: 300.0s exceeded,425,21.16838264042747
282,2026-09-14T02:23:35.406+00:00,2026-09-14T02:28:29.325+00:00,2026-09-14T02:28:35.469+00:00,False,87,86.0,,86.0,293919.290716,300063.174236,300063.17432700004,3449.002003758621,0.04065,293919.290716,31503.80310517787,90.8948487,71.44050604651163,20.744976577474283,0.2866063128838359,31,64,,False,False,Request timeout: 300.0s exceeded,378,21.16838264042747
283,2026-09-14T02:23:39.765+00:00,2026-09-14T02:28:33.879+00:00,2026-09-14T02:28:39.791+00:00,False,90,89.0,,89.0,294114.34325,300026.449234,300026.44918899995,3333.6272132111108,0.0,294114.34325,30995.44561560968,90.15040485000002,66.42815712359551,68.04519177307827,0.2966405136188047,31,64,,False,False,Request timeout: 300.0s exceeded,408,21.16838264042747
284,2026-09-14T02:23:45.069+00:00,2026-09-14T02:28:38.997+00:00,2026-09-14T02:28:45.113+00:00,False,88,87.0,,87.0,293927.94080000004,300044.28896000003,300044.28890900005,3409.594192147728,0.02544,293927.94080000004,31325.33540984243,88.54147235,70.3028524137931,19.421304688931432,0.2899571936581612,31,64,,False,False,Request timeout: 300.0s exceeded,531,21.16838264042747
285,2026-09-14T02:23:49.567+00:00,2026-09-14T02:28:42.929+00:00,2026-09-14T02:28:49.579+00:00,False,97,96.0,,96.0,293361.195793,300011.137553,300011.137415,3092.8983238659794,0.0183,293361.195793,29779.289376874178,89.33846100000001,69.27022666666667,19.29820462374457,0.3199881203844995,31,64,,False,False,Request timeout: 300.0s exceeded,315,21.16838264042747
286,2026-09-14T02:23:53.910+00:00,2026-09-14T02:28:47.857+00:00,2026-09-14T02:28:53.983+00:00,False,91,90.0,,90.0,293946.999692,300072.996748,300072.99672999996,3297.5054585714283,0.01841,293946.999692,30806.889719757415,89.2812665,68.06663395555556,20.559388687565953,0.29992702100943,31,64,,False,False,Request timeout: 300.0s exceeded,377,21.16838264042747
287,2026-09-14T02:23:57.994+00:00,2026-09-14T02:28:51.650+00:00,2026-09-14T02:28:58.006+00:00,False,96,95.0,,95.0,293656.052501,300012.104469,300012.104474,3125.1260882708334,0.038759999999999996,293656.052501,29964.324363506646,90.346119,66.90581018947368,21.390629387365582,0.31665389024267276,31,64,,False,False,Request timeout: 300.0s exceeded,467,21.16838264042747
288,2026-09-14T02:24:01.725+00:00,2026-09-14T02:28:55.157+00:00,2026-09-14T02:29:01.740+00:00,False,97,96.0,,96.0,293431.791227,300014.355067,300014.355101,3092.931495886598,0.03915999999999999,293431.791227,29786.52990891849,90.99823379999998,68.56837333333333,21.35789096057735,0.31998468866118424,31,64,,False,False,Request timeout: 300.0s exceeded,520,21.16838264042747
289,2026-09-14T02:24:04.743+00:00,2026-09-14T02:28:58.264+00:00,2026-09-14T02:29:04.792+00:00,False,97,96.0,,96.0,293520.914252,300048.944716,300048.94478099997,3093.288090525773,0.020120000000000002,293520.914252,29795.636547359398,92.6800008,68.00031733333333,21.204066279934636,0.3199478008191803,31,64,,False,False,Request timeout: 300.0s exceeded,336,21.16838264042747
290,2026-09-14T02:24:09.661+00:00,2026-09-14T02:29:03.422+00:00,2026-09-14T02:29:09.698+00:00,False,90,89.0,,89.0,293761.44478799996,300037.14475599997,300037.14499999996,3333.7460555555554,0.04124,293761.44478799996,30957.74928623996,90.80329495,70.51348278651686,20.81319879458533,0.2966299391776232,31,64,,False,False,Request timeout: 300.0s exceeded,434,21.16838264042747
291,2026-09-14T02:24:14.090+00:00,2026-09-14T02:29:07.719+00:00,2026-09-14T02:29:14.139+00:00,False,98,97.0,,97.0,293628.15629400004,300049.09376600006,300049.09374900005,3061.725446418368,0.018920000000000003,293628.15629400004,29654.242994780776,88.76405650000001,66.1952316701031,20.186113147643916,0.3232804298207533,31,64,,False,False,Request timeout: 300.0s exceeded,439,21.16838264042747
292,2026-09-14T02:24:17.797+00:00,2026-09-14T02:29:11.493+00:00,2026-09-14T02:29:17.846+00:00,False,98,97.0,,97.0,293695.938933,300048.82674100006,300048.826742,3061.722721857143,0.01788,293695.938933,29661.160782671068,86.57820050000001,65.49368874226803,19.950794824739926,0.32328071752045107,31,64,,False,False,Request timeout: 300.0s exceeded,500,21.16838264042747
293,2026-09-14T02:24:22.818+00:00,2026-09-14T02:29:16.219+00:00,2026-09-14T02:29:22.858+00:00,False,98,97.0,,97.0,293401.540357,300040.484613,300040.484592,3061.6375978775513,0.03165,293401.540357,29631.12437111799,89.485074,68.44272428865979,20.287621670619487,0.3232897058045787,31,64,,False,False,Request timeout: 300.0s exceeded,480,21.16838264042747
294,2026-09-14T02:24:26.937+00:00,2026-09-14T02:29:20.644+00:00,2026-09-14T02:29:27.013+00:00,False,89,88.0,,88.0,293707.112776,300075.798088,300075.797951,3371.638179224719,0.0385,293707.112776,31125.226114913352,89.6391244,72.371424,19.0802862821199,0.29325923836814455,31,64,,False,False,Request timeout: 300.0s exceeded,425,21.16838264042747
295,2026-09-14T02:24:30.227+00:00,2026-09-14T02:29:24.171+00:00,2026-09-14T02:29:30.314+00:00,False,88,87.0,,87.0,293943.799918,300087.063662,300087.063579,3410.0802679431818,0.03193,293943.799918,31326.99351893429,90.35921135000001,70.61222694252874,20.222552489362347,0.2899158628776866,31,64,,False,False,Request timeout: 300.0s exceeded,297,21.16838264042747
296,2026-09-14T02:24:34.935+00:00,2026-09-14T02:29:28.469+00:00,2026-09-14T02:29:34.965+00:00,False,107,106.0,,106.0,293533.707797,300029.187861,300029.18782500003,2804.0111011682243,0.0,293533.707797,28371.115975614677,90.17685800000001,61.27811381132075,61.1812253362721,0.35329895986356014,31,64,,False,False,Request timeout: 300.0s exceeded,273,21.16838264042747
297,2026-09-14T02:24:39.867+00:00,2026-09-14T02:29:33.249+00:00,2026-09-14T02:29:39.912+00:00,False,103,102.0,,102.0,293382.503281,300044.827505,300044.827377,2913.0565764757284,0.04516,293382.503281,28901.40854130468,88.7976342,65.31690415686275,20.767999782425818,0.33994920308466325,31,64,,False,False,Request timeout: 300.0s exceeded,547,21.16838264042747
298,2026-09-14T02:24:43.365+00:00,2026-09-14T02:29:37.185+00:00,2026-09-14T02:29:43.412+00:00,False,94,93.0,,93.0,293819.930719,300047.158623,300047.158544,3191.9910483404256,0.04743,293819.930719,30298.313337837575,91.06128629999999,66.95943982795698,21.80912653499282,0.30995127708191905,31,64,,False,False,Request timeout: 300.0s exceeded,136,21.16838264042747
299,2026-09-14T02:24:47.536+00:00,2026-09-14T02:29:39.349+00:00,2026-09-14T02:29:47.500+00:00,True,125,125.0,,125.0,291813.315149,299964.371789,299964.371672,2399.7149733759998,40.493434,291813.315149,26094.704415387514,90.11154200000001,65.73432774193549,19.859047915958485,0.41671615617046387,31,64,,False,True,,622,21.16838264042747
300,2026-09-14T02:24:52.563+00:00,2026-09-14T02:29:46.102+00:00,2026-09-14T02:29:52.646+00:00,False,103,102.0,,102.0,293539.31414,300083.63388399995,300083.63384499995,2913.4333383009707,0.02249,293539.31414,28916.97412773514,90.54544700000001,64.15999749019608,21.54653044873046,0.339905241348247,31,64,,False,False,Request timeout: 300.0s exceeded,542,21.16838264042747
301,2026-09-14T02:24:57.630+00:00,2026-09-14T02:29:51.402+00:00,2026-09-14T02:29:57.652+00:00,False,90,89.0,,89.0,293772.106112,300022.022528,300022.022328,3333.578025866667,0.01858,293772.106112,30958.902883019167,88.86387,70.22377995505617,19.6635810309717,0.2966448904319814,31,64,,False,False,Request timeout: 300.0s exceeded,428,21.16838264042747
302,2026-09-14T02:25:00.941+00:00,2026-09-14T02:29:54.909+00:00,2026-09-14T02:30:00.997+00:00,False,89,88.0,,88.0,293967.84236199997,300055.78092199995,300055.78102999995,3371.4132699999996,0.04803,293967.84236199997,31153.202594370985,89.702539,69.18112,20.71550907999553,0.2932788021267144,31,64,,False,False,Request timeout: 300.0s exceeded,360,21.16838264042747
303,2026-09-14T02:25:03.998+00:00,2026-09-14T02:29:57.606+00:00,2026-09-14T02:30:04.066+00:00,False,95,94.0,,94.0,293608.389162,300067.88817,300067.888076,3158.6093481684206,0.03016,293608.389162,30116.541636697468,88.2631038,68.71807455319149,20.39932434651597,0.31326244395316766,31,64,,False,False,Request timeout: 300.0s exceeded,429,21.16838264042747
304,2026-09-14T02:25:07.737+00:00,2026-09-14T02:30:01.244+00:00,2026-09-14T02:30:07.827+00:00,False,96,95.0,,95.0,293507.399908,300089.65373200004,300089.653853,3125.9338943020834,0.04139,293507.399908,29948.908781102607,89.70703324999998,69.28688235789474,20.260998383190763,0.31657206044444736,31,64,,False,False,Request timeout: 300.0s exceeded,428,21.16838264042747
305,2026-09-14T02:25:11.058+00:00,2026-09-14T02:30:04.832+00:00,2026-09-14T02:30:11.090+00:00,False,93,92.0,,92.0,293773.728308,300032.38738000003,300032.38730600005,3226.154702215054,0.02126,293773.728308,30455.86919342256,90.811398,68.02890295652173,20.64071365920852,0.3066335631408993,31,64,,False,False,Request timeout: 300.0s exceeded,450,21.16838264042747
306,2026-09-14T02:25:16.034+00:00,2026-09-14T02:30:09.814+00:00,2026-09-14T02:30:16.043+00:00,False,95,94.0,,94.0,293780.057828,300009.005284,300009.005329,3157.989529778947,0.05155,293780.057828,30134.40607368199,88.23958699999999,66.26539846808511,20.352117351809273,0.31332392809681164,31,64,,False,False,Request timeout: 300.0s exceeded,403,21.16838264042747
307,2026-09-14T02:25:20.835+00:00,2026-09-14T02:30:14.776+00:00,2026-09-14T02:30:20.862+00:00,False,92,91.0,,91.0,293941.300932,300027.428548,300027.42864399997,3261.167702652174,0.020460000000000002,293941.300932,30638.532649778834,86.972803,66.88052325274725,19.85221278251391,0.3033056025590718,31,64,,False,False,Request timeout: 300.0s exceeded,345,21.16838264042747
308,2026-09-14T02:25:25.021+00:00,2026-09-14T02:30:18.713+00:00,2026-09-14T02:30:25.061+00:00,False,93,92.0,,92.0,293691.417103,300039.028239,300039.028123,3226.2261088494624,0.024309,293691.417103,30447.233395968266,89.59489300000001,68.9957732173913,20.241140104086636,0.3066267763229662,31,64,,False,False,Request timeout: 300.0s exceeded,449,21.16838264042747
309,2026-09-14T02:25:29.905+00:00,2026-09-14T02:30:24.096+00:00,2026-09-14T02:30:29.935+00:00,False,93,92.0,,92.0,294190.56386,300029.510932,300029.510735,3226.123771344086,0.0,294190.56386,30499.63201458369,94.8629976,63.466816,67.022341045263,0.30663650290338035,31,64,,False,False,Request timeout: 300.0s exceeded,283,21.16838264042747
310,2026-09-14T02:25:33.651+00:00,2026-09-14T02:30:27.473+00:00,2026-09-14T02:30:33.707+00:00,False,101,100.0,,100.0,293821.760092,300056.17007600004,300056.16986200004,2970.853166950495,0.0,293821.760092,29230.224093570505,90.877248,62.344099840000005,64.15703520215813,0.3332709338210622,31,64,,False,False,Request timeout: 300.0s exceeded,462,21.16838264042747
311,2026-09-14T02:25:36.826+00:00,2026-09-14T02:30:30.625+00:00,2026-09-14T02:30:36.890+00:00,False,92,91.0,,91.0,293798.96143300005,300063.949337,300063.94944800006,3261.564667913044,0.01716,293798.96143300005,30623.488302793918,89.94547954999999,68.84602092307692,20.59602358130484,0.3032686872283962,31,64,,False,False,Request timeout: 300.0s exceeded,420,21.16838264042747
312,2026-09-14T02:25:41.668+00:00,2026-09-14T02:30:35.469+00:00,2026-09-14T02:30:41.732+00:00,False,95,94.0,,94.0,293800.409014,300063.60466199997,300063.604733,3158.564260347368,0.04539,293800.409014,30136.4571974097,89.525438,66.62974093617021,21.11221153230829,0.31326691587899913,31,64,,False,False,Request timeout: 300.0s exceeded,306,21.16838264042747
313,2026-09-14T02:25:44.851+00:00,2026-09-14T02:30:38.367+00:00,2026-09-14T02:30:44.865+00:00,False,99,98.0,,98.0,293516.65488499997,300014.787877,300014.78775799996,3030.452401595959,0.02213,293516.65488499997,29492.876780615235,89.06868569999999,66.30747951020409,20.679775704605728,0.32665056510540413,31,64,,False,False,Request timeout: 300.0s exceeded,365,21.16838264042747
314,2026-09-14T02:25:49.649+00:00,2026-09-14T02:30:43.155+00:00,2026-09-14T02:30:49.664+00:00,False,97,96.0,,96.0,293506.23106900003,300015.115293,300015.11542900006,3092.939334319588,0.02208,293506.23106900003,29794.165488945673,88.886907,67.80087733333333,20.5443178323328,0.3199838778331042,31,64,,False,False,Request timeout: 300.0s exceeded,599,21.16838264042747
315,2026-09-14T02:25:54.427+00:00,2026-09-14T02:30:48.371+00:00,2026-09-14T02:30:54.493+00:00,False,93,92.0,,92.0,293943.43115200003,300065.236976,300065.23685900006,3226.5079232150542,0.04167,293943.43115200003,30473.62085981748,89.65866259999999,66.54136765217392,20.722599328224007,0.30659999447839537,31,64,,False,False,Request timeout: 300.0s exceeded,483,21.16838264042747
316,2026-09-14T02:25:58.511+00:00,2026-09-14T02:30:52.935+00:00,2026-09-14T02:30:58.580+00:00,False,81,80.0,,80.0,294423.88938300003,300068.853735,300068.85372600006,3704.553749703704,0.019850000000000003,294423.88938300003,32705.93115349138,88.073834,70.56205440000001,19.76025626545464,0.2666054773903674,31,64,,False,False,Request timeout: 300.0s exceeded,441,21.16838264042747
317,2026-09-14T02:26:03.287+00:00,2026-09-14T02:30:57.104+00:00,2026-09-14T02:31:03.300+00:00,False,92,91.0,,91.0,293817.420057,300013.66376900004,300013.663697,3261.0180836630434,0.06191,293817.420057,30625.49121990978,89.11685155,68.09059024175824,20.16095245900029,0.3033195183738924,31,64,,False,False,Request timeout: 300.0s exceeded,407,21.16838264042747
318,2026-09-14T02:26:07.988+00:00,2026-09-14T02:31:01.614+00:00,2026-09-14T02:31:08.037+00:00,False,96,95.0,,95.0,293626.432834,300049.085762,300049.08585599996,3125.5113109999998,0.0298,293626.432834,29961.22912170491,88.81866275,67.60687292631579,20.455815478518367,0.3166148623940629,31,64,,False,False,Request timeout: 300.0s exceeded,404,21.16838264042747
319,2026-09-14T02:26:12.988+00:00,2026-09-14T02:31:06.623+00:00,2026-09-14T02:31:13.022+00:00,False,96,95.0,,95.0,293635.172342,300034.11839,300034.118304,3125.355399,0.01814,293635.172342,29962.14664487522,88.17574125000002,67.35732682105262,20.57636822107784,0.31663065690587244,31,64,,False,False,Request timeout: 300.0s exceeded,143,21.16838264042747
320,2026-09-14T02:26:17.518+00:00,2026-09-14T02:31:11.341+00:00,2026-09-14T02:31:17.567+00:00,False,96,95.0,,95.0,293822.707852,300048.683916,300048.68405900005,3125.5071256145834,0.050140000000000004,293822.707852,29981.472294007097,87.183904,65.53659014736843,19.922273353216593,0.3166152864266376,31,64,,False,False,Request timeout: 300.0s exceeded,470,21.16838264042747
321,2026-09-14T02:26:22.221+00:00,2026-09-14T02:31:15.902+00:00,2026-09-14T02:31:22.241+00:00,False,102,101.0,,101.0,293680.90978600003,300019.27727400005,300019.277216,2941.365462901961,0.0,293680.90978600003,29072.606791569982,88.6574866,62.75611374257426,67.44092027956829,0.3366450346714196,31,64,,False,False,Request timeout: 300.0s exceeded,510,21.16838264042747
322,2026-09-14T02:26:26.443+00:00,2026-09-14T02:31:20.233+00:00,2026-09-14T02:31:26.497+00:00,False,94,93.0,,93.0,293789.611281,300053.663505,300053.663468,3192.0602496595748,0.0,293789.611281,30295.21694913024,90.5246285,67.35540025806452,69.74852769785687,0.3099445576289398,31,64,,False,False,Request timeout: 300.0s exceeded,407,21.16838264042747
323,2026-09-14T02:26:31.733+00:00,2026-09-14T02:31:25.526+00:00,2026-09-14T02:31:31.809+00:00,False,91,90.0,,90.0,293793.52677,300076.04453,300076.044437,3297.5389498571426,0.033079,293793.52677,30790.61834648889,89.06901699999999,69.80575288888889,19.415892561607254,0.29992397474101695,31,64,,False,False,Request timeout: 300.0s exceeded,330,21.16838264042747
324,2026-09-14T02:26:36.789+00:00,2026-09-14T02:31:30.183+00:00,2026-09-14T02:31:36.797+00:00,False,96,95.0,,95.0,293394.37713800004,300007.51070600003,300007.51074700005,3125.078236947917,0.034019,293394.37713800004,29937.339947966473,88.49981550000001,69.61193229473685,19.773651721591403,0.31665873889769935,31,64,,False,False,Request timeout: 300.0s exceeded,429,21.16838264042747
325,2026-09-14T02:26:41.876+00:00,2026-09-14T02:31:35.080+00:00,2026-09-14T02:31:41.937+00:00,False,104,103.0,,103.0,293204.467674,300061.456602,300061.456579,2885.2063132596154,0.01666,293204.467674,28744.54279837555,89.10834065,66.57270803883495,20.567291125962594,0.34326301407187626,31,64,,False,False,Request timeout: 300.0s exceeded,482,21.16838264042747
326,2026-09-14T02:26:45.785+00:00,2026-09-14T02:31:39.382+00:00,2026-09-14T02:31:45.872+00:00,False,102,101.0,,101.0,293597.410378,300087.04801,300087.04795,2942.0298818627452,0.041349,293597.410378,29064.120609775946,88.96346654999999,64.25383794059407,20.61216924349569,0.33656900779214666,31,64,,False,False,Request timeout: 300.0s exceeded,452,21.16838264042747
327,2026-09-14T02:26:50.334+00:00,2026-09-14T02:31:43.786+00:00,2026-09-14T02:31:50.415+00:00,False,102,101.0,,101.0,293451.86139,300080.45531,300080.455159,2941.9652466568623,0.04899,293451.86139,29049.57274216431,89.6810356,65.62964277227722,20.39889417980957,0.3365764021374245,31,64,,False,False,Request timeout: 300.0s exceeded,511,21.16838264042747
328,2026-09-14T02:26:53.366+00:00,2026-09-14T02:31:47.756+00:00,2026-09-14T02:31:53.439+00:00,False,86,85.0,,85.0,294389.471457,300072.183521,300072.183401,3489.2114348953487,0.08537,294389.471457,31737.63069865381,89.85614275,66.85543604705882,20.893617961557606,0.28326517640730076,31,64,,False,False,Request timeout: 300.0s exceeded,127,21.16838264042747
329,2026-09-14T02:26:57.965+00:00,2026-09-14T02:31:51.724+00:00,2026-09-14T02:31:58.008+00:00,False,96,95.0,,95.0,293759.359641,300043.485337,300043.48539499997,3125.452972864583,0.03228,293759.359641,29974.944940195182,90.83434799999999,66.14869153684211,20.76616961931092,0.3166207721300758,31,64,,False,False,Request timeout: 300.0s exceeded,406,21.16838264042747
330,2026-09-14T02:27:02.182+00:00,2026-09-14T02:31:56.078+00:00,2026-09-14T02:32:02.243+00:00,False,91,90.0,,90.0,293895.55264899996,300061.100169,300061.10035399994,3297.3747291648347,0.03593,293895.55264899996,30801.450480318057,89.603636,68.50608355555555,20.47122658857378,0.29993891227256825,31,64,,False,False,Request timeout: 300.0s exceeded,373,21.16838264042747
331,2026-09-14T02:27:07.342+00:00,2026-09-14T02:32:00.974+00:00,2026-09-14T02:32:07.377+00:00,False,109,108.0,,108.0,293631.690091,300035.623275,300035.623193,2752.620396266055,0.015210000000000001,293631.690091,28120.282166042118,87.6442828,59.29567762962963,255.11749188787556,0.35995725714546817,31,64,,False,False,Request timeout: 300.0s exceeded,565,21.16838264042747
332,2026-09-14T02:27:11.385+00:00,2026-09-14T02:32:06.864+00:00,2026-09-14T02:32:11.419+00:00,False,70,69.0,,69.0,295478.476617,300033.68148100004,300033.681551,4286.195450728572,0.01695,295478.476617,35308.548049121324,88.90029645,66.01746179710145,20.34345245660203,0.22997418043003784,31,64,,False,False,Request timeout: 300.0s exceeded,344,21.16838264042747
333,2026-09-14T02:27:14.630+00:00,2026-09-14T02:32:08.783+00:00,2026-09-14T02:32:14.701+00:00,False,90,89.0,,89.0,294152.4721,300070.21699600003,300070.216948,3334.1135216444445,0.04574,294152.4721,30999.390629930138,88.08925299999999,66.49151568539325,20.049480078156858,0.2965972461078547,31,64,,False,False,Request timeout: 300.0s exceeded,377,21.16838264042747
334,2026-09-14T02:27:18.943+00:00,2026-09-14T02:32:12.437+00:00,2026-09-14T02:32:18.987+00:00,False,101,100.0,,100.0,293493.96966500004,300043.93369700003,300043.93367800006,2970.7320166138616,0.0,293493.96966500004,29197.292369209215,87.526325,65.49964032,63.4878130239171,0.3332845252621744,31,64,,False,False,Request timeout: 300.0s exceeded,484,21.16838264042747
335,2026-09-14T02:27:23.655+00:00,2026-09-14T02:32:17.368+00:00,2026-09-14T02:32:23.737+00:00,False,93,92.0,,92.0,293713.525007,300081.741839,300081.741943,3226.6853972365593,0.020829,293713.525007,30449.502515051183,90.3682012,69.21974817391305,20.030301940008595,0.30658313110352403,31,64,,False,False,Request timeout: 300.0s exceeded,445,21.16838264042747
336,2026-09-14T02:27:28.037+00:00,2026-09-14T02:32:21.807+00:00,2026-09-14T02:32:28.084+00:00,False,88,87.0,,87.0,293770.722959,300047.611791,300047.61180899997,3409.631952375,0.04395,293770.722959,31308.379691092818,91.24268925,72.14814749425288,20.165988243853704,0.28995398257194055,31,64,,False,False,Request timeout: 300.0s exceeded,432,21.16838264042747
337,2026-09-14T02:27:30.998+00:00,2026-09-14T02:32:24.799+00:00,2026-09-14T02:32:31.020+00:00,False,88,87.0,,87.0,293800.952469,300022.01666100003,300022.016586,3409.341097568182,0.018920000000000003,293800.952469,31311.67026554493,89.0827965,71.50648496551723,19.68424960449301,0.289978718789504,31,64,,False,False,Request timeout: 300.0s exceeded,295,21.16838264042747
338,2026-09-14T02:27:33.952+00:00,2026-09-14T02:32:27.827+00:00,2026-09-14T02:32:34.021+00:00,False,90,89.0,,89.0,293875.194066,300069.16373,300069.163832,3334.1018203555554,0.04199,293875.194066,30969.836293630135,91.041607,69.59516476404494,20.789124028662457,0.29659828718715514,31,64,,False,False,Request timeout: 300.0s exceeded,416,21.16838264042747
339,2026-09-14T02:27:37.022+00:00,2026-09-14T02:32:30.712+00:00,2026-09-14T02:32:37.036+00:00,False,93,92.0,,92.0,293689.60154,300013.03066,300013.030667,3225.946566311828,0.01834,293689.60154,30447.072643612173,89.6526782,68.7329252173913,20.627946682063552,0.30665334701499064,31,64,,False,False,Request timeout: 300.0s exceeded,400,21.16838264042747
340,2026-09-14T02:27:41.140+00:00,2026-09-14T02:32:34.692+00:00,2026-09-14T02:32:41.215+00:00,False,97,96.0,,96.0,293551.74787699996,300075.15805299993,300075.15802299994,3093.5583301340203,0.02283,293551.74787699996,29798.771432744852,88.6403148,67.95218933333332,20.21403544912505,0.31991985148948676,31,64,,False,False,Request timeout: 300.0s exceeded,357,21.16838264042747
341,2026-09-14T02:27:45.232+00:00,2026-09-14T02:32:38.916+00:00,2026-09-14T02:32:45.319+00:00,False,98,97.0,,97.0,293683.773417,300086.70282500004,300086.70278700005,3062.109212112245,0.0217,293683.773417,29659.880227488582,89.26274299999999,66.0095815257732,20.630543928328837,0.32323991395435797,31,64,,False,False,Request timeout: 300.0s exceeded,489,21.16838264042747
342,2026-09-14T02:27:49.756+00:00,2026-09-14T02:32:43.676+00:00,2026-09-14T02:32:49.780+00:00,False,88,87.0,,87.0,293920.93954500003,300023.99516100006,300023.99510700005,3409.363580761364,0.05294,293920.93954500003,31324.605629299047,90.15050135,70.15006455172414,19.85435356189671,0.2899768065328032,31,64,,False,False,Request timeout: 300.0s exceeded,408,21.16838264042747
343,2026-09-14T02:27:53.567+00:00,2026-09-14T02:32:47.344+00:00,2026-09-14T02:32:53.620+00:00,False,92,91.0,,91.0,293776.41740700003,300052.74278300005,300052.74277300003,3261.442856228261,0.04746,293776.41740700003,30621.124368896362,88.60052549999999,68.97060852747252,19.723338462773768,0.3032800138934632,31,64,,False,False,Request timeout: 300.0s exceeded,455,21.16838264042747
344,2026-09-14T02:27:57.188+00:00,2026-09-14T02:32:50.751+00:00,2026-09-14T02:32:57.233+00:00,False,95,94.0,,94.0,293563.267064,300044.89164,300044.89151700004,3158.367279126316,0.03563,293563.267064,30111.88742089833,88.44963839999998,68.95345293617021,19.424141723397202,0.3132864535243717,31,64,,False,False,Request timeout: 300.0s exceeded,495,21.16838264042747
345,2026-09-14T02:28:00.160+00:00,2026-09-14T02:32:53.620+00:00,2026-09-14T02:33:00.211+00:00,False,96,95.0,,95.0,293460.079297,300051.51020900003,300051.510359,3125.5365662395834,0.037840000000000006,293460.079297,29944.068329767044,86.41735775000001,69.38348328421053,18.782889781994438,0.3166123041134771,31,64,,False,False,Request timeout: 300.0s exceeded,484,21.16838264042747
346,2026-09-14T02:28:04.563+00:00,2026-09-14T02:32:58.403+00:00,2026-09-14T02:33:04.581+00:00,False,92,91.0,,91.0,293839.453866,300018.014122,300018.014129,3261.065370967391,0.037329999999999995,293839.453866,30627.808426310185,88.75628455000002,67.89626654945054,19.795072674808708,0.30331512014807066,31,64,,False,False,Request timeout: 300.0s exceeded,409,21.16838264042747
347,2026-09-14T02:28:09.648+00:00,2026-09-14T02:33:03.335+00:00,2026-09-14T02:33:09.708+00:00,False,98,97.0,,97.0,293686.12679799995,300059.34382199997,300059.34395099996,3061.830040316326,0.01742,293686.12679799995,29660.14930724403,89.50485450000001,65.7032682886598,21.218199978206698,0.3232693865302257,31,64,,False,False,Request timeout: 300.0s exceeded,448,21.16838264042747
348,2026-09-14T02:28:14.633+00:00,2026-09-14T02:33:06.389+00:00,2026-09-14T02:33:14.753+00:00,False,138,137.0,,137.0,291756.803189,300120.720501,300120.720611,2174.7878305144927,0.0,291756.803189,24830.859690044756,89.58489035000001,61.05049132846715,58.428960170183785,0.4564829771543332,31,64,,False,False,Request timeout: 300.0s exceeded,728,21.16838264042747
349,2026-09-14T02:28:17.637+00:00,2026-09-14T02:33:11.357+00:00,2026-09-14T02:33:17.711+00:00,False,109,108.0,,108.0,293719.795059,300074.108275,300074.10817200004,2752.97346946789,0.02082,293719.795059,28127.626269912857,91.94547399999999,58.836233481481486,20.962805461275412,0.35991109203272026,31,64,,False,False,Request timeout: 300.0s exceeded,240,21.16838264042747
350,2026-09-14T02:28:21.710+00:00,2026-09-14T02:33:16.036+00:00,2026-09-14T02:33:21.729+00:00,False,86,85.0,,85.0,294325.812185,300019.476441,300019.476332,3488.5985619999997,0.044649999999999995,294325.812185,31730.75236485094,88.7508405,66.98428536470588,21.06924072909058,0.2833149401109484,31,64,,False,False,Request timeout: 300.0s exceeded,414,21.16838264042747
351,2026-09-14T02:28:25.584+00:00,2026-09-14T02:33:18.735+00:00,2026-09-14T02:33:25.599+00:00,False,99,98.0,,98.0,293151.840636,300015.51321199996,300015.51330299996,3030.459730333333,0.02367,293151.840636,29455.835880911927,88.257728,70.03747526530611,19.466719415584066,0.3266497753759495,31,64,,False,False,Request timeout: 300.0s exceeded,321,21.16838264042747
352,2026-09-14T02:28:30.633+00:00,2026-09-14T02:33:24.367+00:00,2026-09-14T02:33:30.660+00:00,False,97,96.0,,96.0,293733.955812,300026.44477199996,300026.444905,3093.056133041237,0.02244,293733.955812,29817.51603612369,89.20055379999998,65.54676,20.155291619038383,0.31997179472947324,31,64,,False,False,Request timeout: 300.0s exceeded,379,21.16838264042747
353,2026-09-14T02:28:35.510+00:00,2026-09-14T02:33:29.075+00:00,2026-09-14T02:33:35.598+00:00,False,100,99.0,,99.0,293564.681764,300087.653412,300087.65359999996,3000.8765359999998,0.01998,293564.681764,29349.88575548502,86.78672854999999,65.8886025050505,19.541136032247607,0.3299036094100136,31,64,,False,False,Request timeout: 300.0s exceeded,383,21.16838264042747
354,2026-09-14T02:28:39.359+00:00,2026-09-14T02:33:33.186+00:00,2026-09-14T02:33:39.417+00:00,False,99,98.0,,98.0,293826.807255,300057.685975,300057.68612699996,3030.8857184545454,0.02551,293826.807255,29524.32195318769,86.80408599999998,63.58039510204082,20.112597368772995,0.3266038651253383,31,64,,False,False,Request timeout: 300.0s exceeded,454,21.16838264042747
355,2026-09-14T02:28:42.813+00:00,2026-09-14T02:33:36.464+00:00,2026-09-14T02:33:42.844+00:00,False,102,101.0,,101.0,293650.802249,300030.550345,300030.550356,2941.475983882353,0.02527,293650.802249,29069.51563370912,89.29531855,63.16582273267326,21.603669990930033,0.3366323858815772,31,64,,False,False,Request timeout: 300.0s exceeded,435,21.16838264042747
356,2026-09-14T02:28:47.381+00:00,2026-09-14T02:33:40.890+00:00,2026-09-14T02:33:47.457+00:00,False,96,95.0,,95.0,293509.149681,300076.07243299996,300076.072603,3125.7924229479163,0.02377,293509.149681,29949.10322664588,87.90815225,69.12550265263158,19.32735691527702,0.31658638834394665,31,64,,False,False,Request timeout: 300.0s exceeded,421,21.16838264042747
357,2026-09-14T02:28:50.565+00:00,2026-09-14T02:33:44.252+00:00,2026-09-14T02:33:50.578+00:00,False,98,97.0,,97.0,293686.693339,300012.58236299996,300012.5823,3061.352880612245,0.037770000000000005,293686.693339,29660.25480522012,86.56822069999998,65.2153507628866,19.727118446693535,0.3233197729108406,31,64,,False,False,Request timeout: 300.0s exceeded,415,21.16838264042747
358,2026-09-14T02:28:54.922+00:00,2026-09-14T02:33:48.960+00:00,2026-09-14T02:33:54.975+00:00,False,94,93.0,,93.0,294037.806912,300052.800832,300052.800839,3192.051072755319,0.02503,294037.806912,30321.019299055297,86.1578025,64.67735397849462,19.39051685926764,0.3099454487414395,31,64,,False,False,Request timeout: 300.0s exceeded,267,21.16838264042747
359,2026-09-14T02:28:59.151+00:00,2026-09-14T02:33:52.698+00:00,2026-09-14T02:33:59.197+00:00,False,97,96.0,,96.0,293546.98296,300046.120752,300046.120696,3093.2589762474227,0.03836,293546.98296,29798.31286684221,88.1158208,67.699352,19.557210558788892,0.31995081209314413,31,64,,False,False,Request timeout: 300.0s exceeded,468,21.16838264042747
360,2026-09-14T02:29:03.133+00:00,2026-09-14T02:33:56.695+00:00,2026-09-14T02:34:03.162+00:00,False,96,95.0,,95.0,293562.25111199997,300028.95088799996,300028.950846,3125.3015713124996,0.022170000000000002,293562.25111199997,29954.63068238946,87.53428249999999,68.07052395789474,19.54731067362558,0.31663611034477557,31,64,,False,False,Request timeout: 300.0s exceeded,431,21.16838264042747
361,2026-09-14T02:29:08.137+00:00,2026-09-14T02:34:01.749+00:00,2026-09-14T02:34:08.143+00:00,False,99,98.0,,98.0,293612.48918000003,300005.54594800004,300005.54579000006,3030.359048383839,0.0,293612.48918000003,29502.683164406426,87.67495780000002,65.23527314285714,66.45882264070512,0.3266606278571475,31,64,,False,False,Request timeout: 300.0s exceeded,341,21.16838264042747
362,2026-09-14T02:29:13.408+00:00,2026-09-14T02:34:07.010+00:00,2026-09-14T02:34:13.452+00:00,False,87,86.0,,86.0,293602.259716,300044.090884,300044.090783,3448.782652678161,0.03835,293602.259716,31469.44112481846,90.73401129999998,74.90501358139534,18.706567547297677,0.2866245415686205,31,64,,False,False,Request timeout: 300.0s exceeded,328,21.16838264042747
363,2026-09-14T02:29:18.407+00:00,2026-09-14T02:34:12.317+00:00,2026-09-14T02:34:18.442+00:00,False,89,88.0,,88.0,293909.91392,300035.00704,300035.00717500004,3371.1798558988767,0.03762,293909.91392,31147.016977943094,87.60699939999999,69.6033309090909,20.00224772429393,0.29329910822128846,31,64,,False,False,Request timeout: 300.0s exceeded,413,21.16838264042747
364,2026-09-14T02:29:22.253+00:00,2026-09-14T02:34:15.959+00:00,2026-09-14T02:34:22.274+00:00,False,95,94.0,,94.0,293705.575865,300021.13887300005,300021.138739,3158.1172498842107,0.03486,293705.575865,30126.66937470839,88.408932,67.18684051063829,19.62890955513329,0.3133112565104638,31,64,,False,False,Request timeout: 300.0s exceeded,435,21.16838264042747
365,2026-09-14T02:29:26.584+00:00,2026-09-14T02:34:20.176+00:00,2026-09-14T02:34:26.651+00:00,False,95,94.0,,94.0,293591.80647899996,300066.750991,300066.75106599997,3158.597379642105,0.03613,293591.80647899996,30114.82334309203,88.8875364,68.88238842553191,20.26729430945404,0.31326363114059036,31,64,,False,False,Request timeout: 300.0s exceeded,355,21.16838264042747
366,2026-09-14T02:29:29.759+00:00,2026-09-14T02:34:23.386+00:00,2026-09-14T02:34:29.843+00:00,False,94,93.0,,93.0,293626.403438,300083.355502,300083.355693,3192.376124393617,0.02432,293626.403438,30278.096799444083,89.54763714999999,69.42959208602151,20.43006691141394,0.30991388990710006,31,64,,False,False,Request timeout: 300.0s exceeded,400,21.16838264042747
367,2026-09-14T02:29:34.432+00:00,2026-09-14T02:34:28.101+00:00,2026-09-14T02:34:34.487+00:00,False,98,97.0,,97.0,293669.330762,300054.863946,300054.863909,3061.784325602041,0.023719999999999998,293669.330762,29658.4389689195,87.67429834999999,65.83023901030928,19.971028157921406,0.3232742130034486,31,64,,False,False,Request timeout: 300.0s exceeded,472,21.16838264042747
368,2026-09-14T02:29:37.550+00:00,2026-09-14T02:34:31.198+00:00,2026-09-14T02:34:37.608+00:00,False,95,94.0,,94.0,293647.730061,300057.83898899995,300057.839026,3158.5035686947367,0.022109999999999998,293647.730061,30120.6316370685,88.13541300000001,68.19264817021276,20.102821533122317,0.3132729353671244,31,64,,False,False,Request timeout: 300.0s exceeded,430,21.16838264042747
369,2026-09-14T02:29:40.575+00:00,2026-09-14T02:34:34.701+00:00,2026-09-14T02:34:40.600+00:00,False,83,82.0,,82.0,294125.21177600004,300024.91456000006,300024.914608,3614.7580073253016,0.02535,294125.21177600004,32276.54433780716,89.0217953,71.94759492682927,18.780994398986973,0.27331063528592836,31,64,,False,False,Request timeout: 300.0s exceeded,388,21.16838264042747
370,2026-09-14T02:29:45.125+00:00,2026-09-14T02:34:39.086+00:00,2026-09-14T02:34:45.200+00:00,False,91,90.0,,90.0,293961.752327,300075.648775,300075.64876500005,3297.5346018131872,0.018940000000000002,293961.752327,30808.44949035466,86.92697649999998,67.93218275555556,19.277216406379306,0.29992437029598157,31,64,,False,False,Request timeout: 300.0s exceeded,400,21.16838264042747
371,2026-09-14T02:29:48.874+00:00,2026-09-14T02:34:42.846+00:00,2026-09-14T02:34:48.891+00:00,False,95,94.0,,94.0,293972.951195,300017.128347,300017.12841299997,3158.0750359263156,0.0249,293972.951195,30154.397815923465,87.05658,64.29975693617021,19.79692164416102,0.31331544474780637,31,64,,False,False,Request timeout: 300.0s exceeded,394,21.16838264042747
372,2026-09-14T02:29:53.848+00:00,2026-09-14T02:34:47.902+00:00,2026-09-14T02:34:53.929+00:00,False,92,91.0,,91.0,294053.988019,300081.162163,300081.162321,3261.7517643586953,0.04539,294053.988019,30650.34853622039,86.48101500000001,66.2326829010989,19.704923617197224,0.30325129156414704,31,64,,True,False,Request timeout: 300.0s exceeded,434,21.16838264042747
373,2026-09-14T02:29:57.299+00:00,2026-09-14T02:34:50.578+00:00,2026-09-14T02:34:57.347+00:00,False,99,98.0,,98.0,293278.914077,300047.732509,300047.732595,3030.7851777272726,0.09017,293278.914077,29468.704454445993,88.9075689,69.0695758367347,19.370744545661847,0.32661469953638284,31,64,,True,False,Request timeout: 300.0s exceeded,440,21.16838264042747
374,2026-09-14T02:30:00.554+00:00,2026-09-14T02:34:54.014+00:00,2026-09-14T02:35:00.619+00:00,False,101,100.0,,100.0,293460.438517,300065.348085,300065.348132,2970.944040910891,0.02511,293460.438517,29193.83983946546,88.579633,66.04909568,20.249023568613104,0.333260740162749,31,64,,True,False,Request timeout: 300.0s exceeded,375,21.16838264042747
375,2026-09-14T02:30:03.952+00:00,2026-09-14T02:34:57.433+00:00,2026-09-14T02:35:03.989+00:00,False,102,101.0,,101.0,293481.001538,300036.663618,300036.663666,2941.535918294118,0.020649999999999998,293481.001538,29052.529389656625,87.98647395,64.90754534653466,20.17545701878072,0.3366255269675674,31,64,,True,False,Request timeout: 300.0s exceeded,496,21.16838264042747
376,2026-09-14T02:30:07.887+00:00,2026-09-14T02:35:01.678+00:00,2026-09-14T02:35:07.974+00:00,False,93,92.0,,92.0,293791.024529,300086.984081,300086.984174,3226.7417653118277,0.02499,293791.024529,30457.620126877136,89.67626179999999,68.43434295652173,19.79021963815793,0.3065777753798452,31,64,,True,False,Request timeout: 300.0s exceeded,421,21.16838264042747
377,2026-09-14T02:30:11.088+00:00,2026-09-14T02:35:04.767+00:00,2026-09-14T02:35:11.153+00:00,False,95,94.0,,94.0,293679.27858700004,300064.447739,300064.44762500003,3158.5731328947372,0.03445,293679.27858700004,30123.89550795255,88.41983339999999,67.92733140425531,19.85904815216598,0.31326603570764383,31,64,,True,False,Request timeout: 300.0s exceeded,456,21.16838264042747
378,2026-09-14T02:30:15.992+00:00,2026-09-14T02:35:09.610+00:00,2026-09-14T02:35:16.039+00:00,False,97,96.0,,96.0,293617.592262,300047.271878,300047.271726,3093.2708425360825,0.0354,293617.592262,29805.556327537328,90.3569658,66.97582933333334,20.623346294892567,0.3199495846075676,31,64,,True,False,Request timeout: 300.0s exceeded,507,21.16838264042747
379,2026-09-14T02:30:21.141+00:00,2026-09-14T02:35:14.693+00:00,2026-09-14T02:35:21.194+00:00,False,93,92.0,,92.0,293551.292317,300052.686237,300052.68611999997,3226.372969032258,0.0399,293551.292317,30432.52949055789,89.506355,70.6673252173913,19.759138910339274,0.3066128190811555,31,64,,True,False,Request timeout: 300.0s exceeded,426,21.16838264042747
380,2026-09-14T02:30:26.010+00:00,2026-09-14T02:35:20.141+00:00,2026-09-14T02:35:26.055+00:00,False,83,82.0,,82.0,294130.803559,300044.79139900004,300044.791172,3614.9974840000004,0.037009,294130.803559,32277.14060597402,89.2900393,72.12180292682926,21.402301961641303,0.27329252948422716,31,64,,True,False,Request timeout: 300.0s exceeded,411,21.16838264042747
381,2026-09-14T02:30:28.931+00:00,2026-09-14T02:35:22.558+00:00,2026-09-14T02:35:29.001+00:00,False,94,93.0,,93.0,293627.341325,300070.073357,300070.073222,3192.234821510638,0.023190000000000002,293627.341325,30278.210104591995,88.3565435,69.27668851612903,21.59298844833228,0.3099276077736544,31,64,,True,False,Request timeout: 300.0s exceeded,428,21.16838264042747
382,2026-09-14T02:30:33.195+00:00,2026-09-14T02:35:26.976+00:00,2026-09-14T02:35:33.242+00:00,False,93,92.0,,92.0,293780.804177,300047.201617,300047.201735,3226.313997150538,0.03729,293780.804177,30456.593623442317,87.733683,68.1130156521739,19.755056797453516,0.3066184237153288,31,64,,True,False,Request timeout: 300.0s exceeded,323,21.16838264042747
383,2026-09-14T02:30:37.364+00:00,2026-09-14T02:35:30.852+00:00,2026-09-14T02:35:37.374+00:00,False,97,96.0,,96.0,293487.94368900004,300009.66196100006,300009.66195900005,3092.8831129793816,0.02125,293487.94368900004,29792.294564461205,87.6056254,67.93456533333332,19.723416398156804,0.3199896942401794,31,64,,True,False,Request timeout: 300.0s exceeded,411,21.16838264042747
384,2026-09-14T02:30:41.437+00:00,2026-09-14T02:35:35.008+00:00,2026-09-14T02:35:41.523+00:00,False,96,95.0,,95.0,293571.22766699997,300085.86549099995,300085.865412,3125.894431375,0.02612,293571.22766699997,29955.495774629224,89.737351,68.57513498947368,20.1996338990582,0.3165760568048121,31,64,,True,False,Request timeout: 300.0s exceeded,454,21.16838264042747
385,2026-09-14T02:30:45.177+00:00,2026-09-14T02:35:38.845+00:00,2026-09-14T02:35:45.218+00:00,False,93,92.0,,92.0,293667.425018,300040.975098,300040.975041,3226.247043451613,0.02339,293667.425018,30444.716788000493,91.7419584,69.27771826086956,20.97479275341115,0.30662478673104815,31,64,,True,False,Request timeout: 300.0s exceeded,411,21.16838264042747
386,2026-09-14T02:30:49.358+00:00,2026-09-14T02:35:42.962+00:00,2026-09-14T02:35:49.446+00:00,False,94,93.0,,93.0,293604.34433600004,300088.008976,300088.008916,3192.425626765958,0.039179000000000005,293604.34433600004,30275.79221443939,89.5327865,69.71682408602152,20.819671776130274,0.3099090840628617,31,64,,True,False,Request timeout: 300.0s exceeded,398,21.16838264042747
387,2026-09-14T02:30:53.878+00:00,2026-09-14T02:35:47.483+00:00,2026-09-14T02:35:53.912+00:00,False,95,94.0,,94.0,293604.76637900004,300033.508779,300033.50864600006,3158.2474594315795,0.040100000000000004,293604.76637900004,30116.203065302092,89.485379,68.39087659574469,19.713888954892443,0.31329833918397065,31,64,,True,False,Request timeout: 300.0s exceeded,393,21.16838264042747
388,2026-09-14T02:30:58.622+00:00,2026-09-14T02:35:52.137+00:00,2026-09-14T02:35:58.700+00:00,False,99,98.0,,98.0,293515.323614,300078.241246,300078.241088,3031.093344323232,0.04758,293515.323614,29492.676001510885,86.8201778,66.96854726530613,19.884101929420826,0.3265814928569278,31,64,,True,False,Request timeout: 300.0s exceeded,475,21.16838264042747
389,2026-09-14T02:31:01.781+00:00,2026-09-14T02:35:55.362+00:00,2026-09-14T02:36:01.855+00:00,False,95,94.0,,94.0,293581.04253,300074.05449799995,300074.054442,3158.6742572842104,0.03557,293581.04253,30113.69945067585,89.22006010000001,69.07459540425532,20.543362428760325,0.31325600661228287,31,64,,True,False,Request timeout: 300.0s exceeded,155,21.16838264042747
390,2026-09-14T02:31:06.114+00:00,2026-09-14T02:36:00.218+00:00,2026-09-14T02:36:06.169+00:00,False,86,85.0,,85.0,294104.570851,300055.60701100004,300055.60695700004,3489.0186855465117,0.02069,294104.570851,31706.56878747823,90.717713,70.01219011764705,21.056106938306158,0.2832808253334319,31,64,,True,False,Request timeout: 300.0s exceeded,399,21.16838264042747
391,2026-09-14T02:31:10.034+00:00,2026-09-14T02:36:03.750+00:00,2026-09-14T02:36:10.112+00:00,False,91,90.0,,90.0,293716.345436,300077.82076399995,300077.82079499995,3297.558470274725,0.03519,293716.345436,30782.43566441346,88.34342350000001,70.6830592,19.55225019308809,0.29992219941766923,31,64,,True,False,Request timeout: 300.0s exceeded,416,21.16838264042747
392,2026-09-14T02:31:15.308+00:00,2026-09-14T02:36:09.186+00:00,2026-09-14T02:36:15.351+00:00,False,91,90.0,,90.0,293877.50176300004,300042.34809900005,300042.348126,3297.168660725275,0.02219,293877.50176300004,30799.558404547737,87.091871,68.49829262222221,19.46348246639877,0.29995765787802786,31,64,,True,False,Request timeout: 300.0s exceeded,367,21.16838264042747
393,2026-09-14T02:31:20.112+00:00,2026-09-14T02:36:13.738+00:00,2026-09-14T02:36:20.158+00:00,False,93,92.0,,92.0,293625.85762900003,300045.97462100006,300045.974586,3226.300802,0.038310000000000004,293625.85762900003,30440.35258893576,87.78683699999999,69.7838803478261,18.84798612525536,0.306619677588439,31,64,,True,False,Request timeout: 300.0s exceeded,498,21.16838264042747
394,2026-09-14T02:31:22.986+00:00,2026-09-14T02:36:16.642+00:00,2026-09-14T02:36:23.057+00:00,False,97,96.0,,96.0,293656.83205699996,300071.702841,300071.702802,3093.5227092989685,0.03401,293656.83205699996,29809.555565786606,86.74979880000001,66.82157066666666,19.69566717390049,0.31992353524540046,31,64,,True,False,Request timeout: 300.0s exceeded,323,21.16838264042747
395,2026-09-14T02:31:26.861+00:00,2026-09-14T02:36:20.591+00:00,2026-09-14T02:36:26.951+00:00,False,95,94.0,,94.0,293729.74849699996,300089.716753,300089.71674799995,3158.8391236631574,0.02248,293729.74849699996,30129.101461173726,88.489002,67.65923676595744,20.3812533942354,0.3132396571834889,31,64,,True,False,Request timeout: 300.0s exceeded,447,21.16838264042747
396,2026-09-14T02:31:30.566+00:00,2026-09-14T02:36:24.539+00:00,2026-09-14T02:36:30.646+00:00,False,85,84.0,,84.0,293972.82907700003,300079.68398900004,300079.684155,3530.3492253529416,0.02102,293972.82907700003,31877.950118379988,88.6191766,72.70065371428572,18.688175737059353,0.2799256480258063,31,64,,True,False,Request timeout: 300.0s exceeded,381,21.16838264042747
397,2026-09-14T02:31:34.125+00:00,2026-09-14T02:36:27.968+00:00,2026-09-14T02:36:34.203+00:00,False,89,88.0,,88.0,293842.539817,300077.546537,300077.546514,3371.6578259999997,0.02583,293842.539817,31139.742308383935,88.198028,70.85234909090909,18.9760922141604,0.293257529647089,31,64,,True,False,Request timeout: 300.0s exceeded,380,21.16838264042747
398,2026-09-14T02:31:38.608+00:00,2026-09-14T02:36:32.376+00:00,2026-09-14T02:36:38.618+00:00,False,91,90.0,,90.0,293768.59269,300010.295346,300010.29544200003,3296.8164334285716,0.020539,293768.59269,30788.052771107185,89.85142049999999,69.35225173333333,20.48685386171623,0.2999897050073017,31,64,,True,False,Request timeout: 300.0s exceeded,406,21.16838264042747
399,2026-09-14T02:31:43.188+00:00,2026-09-14T02:36:37.003+00:00,2026-09-14T02:36:43.269+00:00,False,94,93.0,,93.0,293814.06075999996,300080.61768799997,300080.617658,3192.3469963617017,0.02478,293814.06075999996,30297.663155541966,89.22954465000001,67.38233255913978,20.168525606296054,0.3099167174358926,31,64,,True,False,Request timeout: 300.0s exceeded,444,21.16838264042747
400,2026-09-14T02:31:48.503+00:00,2026-09-14T02:36:42.402+00:00,2026-09-14T02:36:48.588+00:00,False,88,87.0,,87.0,293898.998885,300084.527461,300084.527635,3410.0514503977274,0.02176,293898.998885,31322.165923241548,90.57553,71.0980296091954,20.217095639823434,0.2899183131369771,31,64,,True,False,Request timeout: 300.0s exceeded,388,21.16838264042747
401,2026-09-14T02:31:52.654+00:00,2026-09-14T02:36:46.502+00:00,2026-09-14T02:36:52.742+00:00,False,94,93.0,,93.0,293848.575537,300088.277553,300088.27754200005,3192.428484489362,0.03637,293848.575537,30301.252731294735,88.70813215,67.09357006451613,19.96329053546768,0.30990880669630566,31,64,,True,False,Request timeout: 300.0s exceeded,396,21.16838264042747
402,2026-09-14T02:31:56.285+00:00,2026-09-14T02:36:50.072+00:00,2026-09-14T02:36:56.301+00:00,False,89,88.0,,88.0,293786.644942,300016.123086,300016.123109,3370.967675382022,0.03447,293786.644942,31133.824587259845,87.79513859999999,70.78952436363636,19.730040308386208,0.293317569385345,31,64,,True,False,Request timeout: 300.0s exceeded,394,21.16838264042747
403,2026-09-14T02:32:00.734+00:00,2026-09-14T02:36:54.503+00:00,2026-09-14T02:37:00.762+00:00,False,89,88.0,,88.0,293768.831265,300028.10422499996,300028.104358,3371.102296157303,0.03918,293768.831265,31131.90020079476,89.44839739999999,71.12810181818182,19.324315604629355,0.29330585622074323,31,64,,True,False,Request timeout: 300.0s exceeded,418,21.16838264042747
404,2026-09-14T02:32:05.574+00:00,2026-09-14T02:36:57.818+00:00,2026-09-14T02:37:05.727+00:00,False,120,119.0,,119.0,292243.664638,300152.895486,300152.89542,2501.2741285,0.03762,292243.664638,26672.01460640527,88.31226885000002,66.46412477310925,19.89108221460203,0.3964646078370099,31,64,,True,False,Request timeout: 300.0s exceeded,391,21.16838264042747
405,2026-09-14T02:32:06.833+00:00,2026-09-14T02:37:00.592+00:00,2026-09-14T02:37:06.937+00:00,False,102,101.0,,101.0,293758.325583,300103.645519,300103.64551500004,2942.1926030882355,0.03736,293758.325583,29080.1949836701,89.2452985,62.82494986138614,20.494246675321943,0.3365503935326422,31,64,,True,False,Request timeout: 300.0s exceeded,471,21.16838264042747
406,2026-09-14T02:32:11.825+00:00,2026-09-14T02:37:06.938+00:00,2026-09-14T02:37:11.882+00:00,False,74,73.0,,73.0,295113.87284799997,300056.894416,300056.894498,4054.8228986216213,0.0,295113.87284799997,34298.433718863234,88.81044315,67.71262421917808,31.506319210695043,0.24328719439051627,31,64,,True,False,Request timeout: 300.0s exceeded,358,21.16838264042747
407,2026-09-14T02:32:15.211+00:00,2026-09-14T02:37:08.875+00:00,2026-09-14T02:37:15.284+00:00,False,95,94.0,,94.0,293664.14961,300073.81617,300073.816104,3158.671748463158,0.024489999999999998,293664.14961,30122.31682736863,90.02787069999998,68.18794212765957,20.249977443621376,0.3132562554099903,31,64,,True,False,Request timeout: 300.0s exceeded,410,21.16838264042747
408,2026-09-14T02:32:19.560+00:00,2026-09-14T02:37:13.254+00:00,2026-09-14T02:37:19.569+00:00,False,99,98.0,,98.0,293694.22267,300009.120334,300009.120365,3030.3951552020203,0.024399999999999998,293694.22267,29510.910995098282,89.80221870000001,64.43773126530613,20.77815710460899,0.3266567359382163,31,64,,True,False,Request timeout: 300.0s exceeded,469,21.16838264042747
409,2026-09-14T02:32:23.894+00:00,2026-09-14T02:37:17.849+00:00,2026-09-14T02:37:23.964+00:00,False,94,93.0,,93.0,293954.583846,300070.40387800004,300070.40387100005,3192.238339053192,0.03535,293954.583846,30312.324324385292,89.75133514999999,65.76150572043011,20.390502539234173,0.30992726639515944,31,64,,True,False,Request timeout: 300.0s exceeded,318,21.16838264042747
410,2026-09-14T02:32:27.987+00:00,2026-09-14T02:37:21.716+00:00,2026-09-14T02:37:28.065+00:00,False,96,95.0,,95.0,293729.252595,300077.996019,300077.99600800005,3125.812458416667,0.02045,293729.252595,29971.802159757724,88.9160145,66.82887814736843,19.913613402534303,0.31658435893441816,31,64,,True,False,Request timeout: 300.0s exceeded,503,21.16838264042747
411,2026-09-14T02:32:33.229+00:00,2026-09-14T02:37:27.002+00:00,2026-09-14T02:37:33.244+00:00,False,90,89.0,,89.0,293773.012206,300014.611438,300014.611627,3333.495684744444,0.0213,293773.012206,30959.008150147216,87.566686,70.1303284494382,19.513782967382184,0.2966522182816834,31,64,,True,False,Request timeout: 300.0s exceeded,479,21.16838264042747
412,2026-09-14T02:32:37.504+00:00,2026-09-14T02:37:31.135+00:00,2026-09-14T02:37:37.541+00:00,False,94,93.0,,93.0,293630.70186699997,300036.411179,300036.411315,3191.876716117021,0.020149999999999998,293630.70186699997,30278.596212940345,87.93329560000001,68.87859475268817,19.247359479988575,0.3099623796810339,31,64,,True,False,Request timeout: 300.0s exceeded,452,21.16838264042747
413,2026-09-14T02:32:42.426+00:00,2026-09-14T02:37:36.357+00:00,2026-09-14T02:37:42.453+00:00,False,90,89.0,,89.0,293930.350647,300026.807607,300026.80767400004,3333.631196377778,0.02078,293930.350647,30975.765172344498,88.10355600000001,68.49951640449437,19.823969562255563,0.29664015929063103,31,64,,True,False,Request timeout: 300.0s exceeded,420,21.16838264042747
414,2026-09-14T02:32:46.146+00:00,2026-09-14T02:37:40.093+00:00,2026-09-14T02:37:46.160+00:00,False,86,85.0,,85.0,293946.861974,300013.713814,300013.713819,3488.5315560348836,0.01889,293946.861974,31689.414111286067,88.32057675,71.37472752941176,18.51461599853107,0.2833203819899299,31,64,,True,False,Request timeout: 300.0s exceeded,317,21.16838264042747
415,2026-09-14T02:32:50.919+00:00,2026-09-14T02:37:44.650+00:00,2026-09-14T02:37:50.933+00:00,False,94,93.0,,93.0,293731.81420599995,300014.23647799995,300014.236535,3191.6408142021273,0.019129999999999998,293731.81420599995,30289.161847141302,86.104815,67.55292765591398,19.18780984847137,0.309985289670811,31,64,,True,False,Request timeout: 300.0s exceeded,390,21.16838264042747
416,2026-09-14T02:32:55.239+00:00,2026-09-14T02:37:49.067+00:00,2026-09-14T02:37:55.321+00:00,False,91,90.0,,90.0,293828.08233999996,300082.32285199995,300082.32278899994,3297.6079427362633,0.03771,293828.08233999996,30794.274312280915,89.3320865,69.49156124444444,20.389566964609674,0.299917699731976,31,64,,True,False,Request timeout: 300.0s exceeded,403,21.16838264042747
417,2026-09-14T02:33:00.198+00:00,2026-09-14T02:37:53.997+00:00,2026-09-14T02:38:00.265+00:00,False,87,86.0,,86.0,293798.510409,300066.569545,300066.56954999996,3449.0410293103446,0.02519,293798.510409,31490.69853417558,90.55936159999999,72.88440855813953,19.537674033786356,0.2866030698801416,31,64,,True,False,Request timeout: 300.0s exceeded,389,21.16838264042747
418,2026-09-14T02:33:05.046+00:00,2026-09-14T02:37:58.699+00:00,2026-09-14T02:38:05.123+00:00,False,93,92.0,,92.0,293653.26487300004,300076.59108100005,300076.59109500004,3226.630011774194,0.02754,293653.26487300004,30443.19172980359,89.9224762,69.81876313043477,20.050376893344215,0.30658839354505435,31,64,,True,False,Request timeout: 300.0s exceeded,494,21.16838264042747
419,2026-09-14T02:33:07.965+00:00,2026-09-14T02:38:01.814+00:00,2026-09-14T02:38:08.032+00:00,False,91,90.0,,90.0,293848.949579,300066.975819,300066.975744,3297.43929389011,0.020649999999999998,293848.949579,30796.50365831452,88.4577775,69.08918044444445,19.90186949593665,0.299933039130197,31,64,,True,False,Request timeout: 300.0s exceeded,437,21.16838264042747
420,2026-09-14T02:33:13.212+00:00,2026-09-14T02:38:06.603+00:00,2026-09-14T02:38:13.235+00:00,False,109,108.0,,108.0,293390.813201,300023.283473,300023.28352299996,2752.5071882844036,0.01554,293390.813201,28097.348976993424,87.319037,61.41176177777778,290.5002510853858,0.3599720620007122,31,64,,True,False,Request timeout: 300.0s exceeded,268,21.16838264042747
421,2026-09-14T02:33:16.265+00:00,2026-09-14T02:38:09.664+00:00,2026-09-14T02:38:16.306+00:00,False,111,110.0,,110.0,293398.606393,300041.356345,300041.356444,2703.075283279279,0.01504,293398.606393,27843.901624773338,87.381516,60.38863592727273,287.4331155093758,0.3666161269898988,31,64,,True,False,Request timeout: 300.0s exceeded,496,21.16838264042747
422,2026-09-14T02:33:19.555+00:00,2026-09-14T02:38:14.043+00:00,2026-09-14T02:38:19.597+00:00,False,86,85.0,,85.0,294487.43611400004,300041.72347400006,300041.72331200005,3488.857247813954,0.0198,294487.43611400004,31748.356500935333,85.00480075,65.34455717647059,19.430273490920925,0.28329393330979724,31,64,,True,False,Request timeout: 300.0s exceeded,352,21.16838264042747
423,2026-09-14T02:33:24.545+00:00,2026-09-14T02:38:18.041+00:00,2026-09-14T02:38:24.590+00:00,False,96,95.0,,95.0,293495.804895,300044.457183,300044.45714300004,3125.4630952395833,0.02036,293495.804895,29947.761100137526,88.5063305,68.93318197894737,19.700922661472536,0.316619746593281,31,64,,True,False,Request timeout: 300.0s exceeded,472,21.16838264042747
424,2026-09-14T02:33:28.956+00:00,2026-09-14T02:38:23.058+00:00,2026-09-14T02:38:29.000+00:00,False,90,89.0,,89.0,294102.35255199997,300044.384424,300044.384431,3333.8264936777773,0.02038,294102.35255199997,30994.078918620264,89.07482490000001,66.76440305617977,20.23117627924612,0.296622781895601,31,64,,True,False,Request timeout: 300.0s exceeded,333,21.16838264042747
425,2026-09-14T02:33:31.940+00:00,2026-09-14T02:38:25.407+00:00,2026-09-14T02:38:31.951+00:00,False,103,102.0,,102.0,293466.982921,300010.805001,300010.80491999997,2912.7262613592234,0.06739,293466.982921,28909.846941951455,89.0570313,64.15511843137254,20.630393660672578,0.3399877547732323,31,64,,True,False,Request timeout: 300.0s exceeded,422,21.16838264042747
426,2026-09-14T02:33:36.267+00:00,2026-09-14T02:38:29.773+00:00,2026-09-14T02:38:36.311+00:00,False,97,96.0,,96.0,293506.240607,300044.196191,300044.196297,3093.2391370824744,0.055549999999999995,293506.240607,29794.135817566956,89.5004826,68.103704,20.70129301775649,0.3199528643403221,31,64,,True,False,Request timeout: 300.0s exceeded,438,21.16838264042747
427,2026-09-14T02:33:40.622+00:00,2026-09-14T02:38:34.764+00:00,2026-09-14T02:38:40.646+00:00,False,84,83.0,,83.0,294141.687654,300023.94941400003,300023.949588,3571.713685571429,0.02271,294141.687654,32085.762287824917,89.556482,70.87062361445783,19.160181393862292,0.2766445817479362,31,64,,True,False,Request timeout: 300.0s exceeded,402,21.16838264042747
428,2026-09-14T02:33:44.752+00:00,2026-09-14T02:38:38.614+00:00,2026-09-14T02:38:44.785+00:00,False,95,94.0,,94.0,293861.845763,300032.598275,300032.59834900004,3158.237877357895,0.02583,293861.845763,30142.861045669186,87.56413140000001,65.64630331914894,20.636097893655403,0.3132992899452969,31,64,,True,False,Request timeout: 300.0s exceeded,240,21.16838264042747
429,2026-09-14T02:33:48.130+00:00,2026-09-14T02:38:41.744+00:00,2026-09-14T02:38:48.214+00:00,False,101,100.0,,100.0,293613.652825,300083.572057,300083.57208,2971.124476039604,0.03593,293613.652825,29209.219187614184,86.501667,64.69919232,19.714412519501053,0.3332405013527541,31,64,,True,False,Request timeout: 300.0s exceeded,454,21.16838264042747
430,2026-09-14T02:33:52.393+00:00,2026-09-14T02:38:45.932+00:00,2026-09-14T02:38:52.480+00:00,False,99,98.0,,98.0,293538.760611,300086.799523,300086.799511,3031.179793040404,0.0222,293538.760611,29495.046438445912,85.752615,66.81672359183673,19.38622590121415,0.3265721789688014,31,64,,True,False,Request timeout: 300.0s exceeded,513,21.16838264042747
431,2026-09-14T02:33:55.372+00:00,2026-09-14T02:38:49.195+00:00,2026-09-14T02:38:55.416+00:00,False,93,92.0,,92.0,293823.059749,300044.384037,300044.384189,3226.2837009569894,0.020050000000000002,293823.059749,30461.026320073335,88.25171560000001,67.62309008695651,20.05822913032519,0.3066213030291379,31,64,,True,False,Request timeout: 300.0s exceeded,379,21.16838264042747
432,2026-09-14T02:33:58.670+00:00,2026-09-14T02:38:52.229+00:00,2026-09-14T02:38:58.711+00:00,False,97,96.0,,96.0,293559.335555,300041.219203,300041.219024,3093.2084435463917,0.03544,293559.335555,29799.5855232478,87.59596880000001,67.51962133333333,19.85012489572246,0.319956038890273,31,64,,True,False,Request timeout: 300.0s exceeded,453,21.16838264042747
433,2026-09-14T02:34:01.983+00:00,2026-09-14T02:38:55.708+00:00,2026-09-14T02:39:02.023+00:00,False,94,93.0,,93.0,293725.007194,300040.739162,300040.739214,3191.9227575957448,0.040929,293725.007194,30288.423103597368,87.58019515,67.91109643010753,19.64240435634631,0.3099579085818303,31,64,,True,False,Request timeout: 300.0s exceeded,416,21.16838264042747
434,2026-09-14T02:34:05.182+00:00,2026-09-14T02:38:58.869+00:00,2026-09-14T02:39:05.249+00:00,False,94,93.0,,93.0,293687.342412,300067.546444,300067.546407,3192.2079405,0.03616,293687.342412,30284.467022526536,87.91214314999999,68.60434443010753,20.023240260422547,0.309930217719683,31,64,,True,False,Request timeout: 300.0s exceeded,361,21.16838264042747
435,2026-09-14T02:34:09.908+00:00,2026-09-14T02:39:03.370+00:00,2026-09-14T02:39:09.932+00:00,False,103,102.0,,102.0,293461.17512699997,300023.753047,300023.75293699995,2912.8519702621356,0.02019,293461.17512699997,28909.25646656579,89.25239309999999,64.33899921568627,20.490804355072488,0.33997308201134757,31,64,,True,False,Request timeout: 300.0s exceeded,487,21.16838264042747
436,2026-09-14T02:34:15.006+00:00,2026-09-14T02:39:08.587+00:00,2026-09-14T02:39:15.047+00:00,False,97,96.0,,96.0,293580.834962,300040.58357,300040.58345000003,3093.2018912371136,0.02132,293580.834962,29801.791995072257,88.2513196,67.289048,20.04210667125836,0.3199567167139675,31,64,,True,False,Request timeout: 300.0s exceeded,477,21.16838264042747
437,2026-09-14T02:34:18.526+00:00,2026-09-14T02:39:12.111+00:00,2026-09-14T02:39:18.572+00:00,False,96,95.0,,95.0,293585.82784100005,300046.70540900005,300046.705376,3125.486514333334,0.020028999999999998,293585.82784100005,29957.04345876852,88.78267275,68.00923755789474,19.903485534639554,0.31661737418680697,31,64,,True,False,Request timeout: 300.0s exceeded,406,21.16838264042747
438,2026-09-14T02:34:22.044+00:00,2026-09-14T02:39:15.833+00:00,2026-09-14T02:39:22.094+00:00,False,91,90.0,,90.0,293789.470821,300050.351205,300050.35136699997,3297.2566084285713,0.02213,293789.470821,30790.218107869656,88.867868,69.56533759999999,18.991462422689292,0.29994965724439465,31,64,,True,False,Request timeout: 300.0s exceeded,403,21.16838264042747
439,2026-09-14T02:34:25.615+00:00,2026-09-14T02:39:19.486+00:00,2026-09-14T02:39:25.643+00:00,False,92,91.0,,91.0,293870.582669,300027.791501,300027.791405,3261.171645706522,0.023399999999999997,293870.582669,30631.077908543117,88.47092604999997,67.66163551648351,19.18928939022455,0.30330523564080125,31,64,,True,False,Request timeout: 300.0s exceeded,404,21.16838264042747
440,2026-09-14T02:34:30.877+00:00,2026-09-14T02:39:24.766+00:00,2026-09-14T02:39:30.949+00:00,False,93,92.0,,92.0,293889.000138,300072.819658,300072.819527,3226.58945727957,0.04353,293889.000138,30467.906422281332,88.22240559999999,67.21542956521739,20.258582285560724,0.3065922468581278,31,64,,True,False,Request timeout: 300.0s exceeded,347,21.16838264042747
441,2026-09-14T02:34:35.329+00:00,2026-09-14T02:39:28.457+00:00,2026-09-14T02:39:35.343+00:00,False,113,112.0,,112.0,293127.74980299996,300014.254507,300014.25444899994,2654.9934022035395,0.02082,293127.74980299996,27569.362020063065,87.13308,61.48664914285714,19.823343022356003,0.3733155952341151,31,64,,True,False,Request timeout: 300.0s exceeded,532,21.16838264042747
442,2026-09-14T02:34:38.850+00:00,2026-09-14T02:39:32.155+00:00,2026-09-14T02:39:38.938+00:00,False,143,142.0,,142.0,293305.32025499997,300087.66342299996,300087.66333199997,2098.515128195804,0.019370000000000002,293305.32025499997,24523.444825456074,87.67635619999999,47.76298005633803,28.034149376113536,0.4731950603375471,31,64,,True,False,Request timeout: 300.0s exceeded,693,21.16838264042747
0,2026-09-14T02:04:40.918+00:00,2026-09-14T02:04:41.145+00:00,2026-09-14T02:04:48.665+00:00,True,154,154.0,,154.0,226.678753,7747.092449,7747.092544,50.30579574025974,0.04858,226.678753,21.96539931296583,85.38511199999999,49.15303069281046,16.72308459656705,19.878425488504195,32,64,,False,True,,761,21.16838264042747
1,2026-09-14T02:04:44.306+00:00,2026-09-14T02:04:44.462+00:00,2026-09-14T02:05:00.071+00:00,True,247,247.0,,247.0,156.34897899999999,15765.087027,15765.087046,63.82626334412956,0.02461,156.34897899999999,22.650216758751178,96.4941,63.45015466666666,21.909894041527103,15.66753165250383,32,64,,False,True,,1219,21.16838264042747
2,2026-09-14T02:04:48.051+00:00,2026-09-14T02:04:50.812+00:00,2026-09-14T02:04:57.477+00:00,True,103,103.0,,103.0,2760.7449730000003,9426.154509,9426.154456,91.51606267961165,43.058099999999996,2760.7449730000003,266.498364397983,97.4466042,65.34715231372549,22.148627376417398,10.927043462066807,32,64,,False,True,,476,21.16838264042747
3,2026-09-14T02:04:51.243+00:00,2026-09-14T02:04:56.748+00:00,2026-09-14T02:05:03.553+00:00,True,104,104.0,,104.0,5504.866419,12309.629555,12309.629449,118.361821625,40.368444000000004,5504.866419,533.7698416988335,95.26289564999999,66.0656615145631,22.058267267015363,8.448670167962662,32,64,,False,True,,428,21.16838264042747
4,2026-09-14T02:04:55.046+00:00,2026-09-14T02:05:03.872+00:00,2026-09-14T02:05:14.620+00:00,True,165,165.0,,165.0,8825.893261,19574.243213,19574.24337,118.631778,37.86366,8825.893261,682.3318148255297,94.23484539999998,65.53871921951219,21.576230004326113,8.429444663812964,32,64,,False,True,,676,21.16838264042747
5,2026-09-14T02:04:57.418+00:00,2026-09-14T02:05:07.964+00:00,2026-09-14T02:05:17.500+00:00,True,142,142.0,,142.0,10546.108984999999,20082.197561,20082.197668999997,141.42392724647885,19.17523,10546.108984999999,879.6297301005116,96.6802225,67.63183387234042,22.87830817716725,7.070939301770769,32,64,,False,True,,567,21.16838264042747
6,2026-09-14T02:05:01.461+00:00,2026-09-14T02:05:14.432+00:00,2026-09-14T02:05:27.824+00:00,True,200,200.0,,200.0,12970.600757,26363.474996999998,26363.474874,131.81737437,16.435925,12970.600757,912.6789979086197,94.65393045,67.30087557788944,22.578218844394215,7.58625333051727,32,64,,False,True,,857,21.16838264042747
7,2026-09-14T02:05:05.265+00:00,2026-09-14T02:05:21.139+00:00,2026-09-14T02:05:28.464+00:00,True,111,111.0,,111.0,15874.829415999999,23199.449959999998,23199.45006,209.00405459459458,38.80876799999999,15874.829415999999,1500.6129348185523,94.901335,66.5874594909091,22.082439739367693,4.784596194797025,32,64,,False,True,,411,21.16838264042747
8,2026-09-14T02:05:08.274+00:00,2026-09-14T02:05:26.920+00:00,2026-09-14T02:05:43.921+00:00,True,257,257.0,,257.0,18646.257195000002,35646.343211,35646.343243,138.70172468093386,0.01714,18646.257195000002,1159.2915916732961,96.98015099999999,66.406586,26.962190775250832,7.209715691698023,32,64,,False,True,,1005,21.16838264042747
9,2026-09-14T02:05:10.753+00:00,2026-09-14T02:05:30.183+00:00,2026-09-14T02:05:40.667+00:00,True,164,164.0,,164.0,19430.636032000002,29914.161920000002,29914.161871000004,182.40342604268295,0.016980000000000002,19430.636032000002,1512.51622590454,94.51308065,64.31610974233129,28.16822950270263,5.48235315562536,32,64,,False,True,,768,21.16838264042747
10,2026-09-14T02:05:13.787+00:00,2026-09-14T02:05:35.812+00:00,2026-09-14T02:05:48.363+00:00,True,194,194.0,,194.0,22025.675324,34576.176955999996,34576.177057,178.2277167886598,0.019309999999999997,22025.675324,1576.9133047154075,95.61071084999999,65.02850586528497,27.045904139882857,5.610799604793647,32,64,,False,True,,573,21.16838264042747
11,2026-09-14T02:05:16.439+00:00,2026-09-14T02:05:41.438+00:00,2026-09-14T02:05:52.938+00:00,True,174,174.0,,174.0,24999.198829,36498.708845,36498.708936,209.76269503448276,40.000516000000005,24999.198829,1890.2725430347439,96.24161015,66.4711561618497,22.00413699272363,4.767291926378279,32,64,,False,True,,580,21.16838264042747
12,2026-09-14T02:05:18.803+00:00,2026-09-14T02:05:44.733+00:00,2026-09-14T02:06:02.732+00:00,True,273,273.0,,273.0,25929.443197,43928.166013,43928.16621,160.90903373626375,40.296165,25929.443197,1565.4698118516349,96.64054399999999,66.17177505882353,21.956506884476298,6.214691501557542,32,64,,False,True,,975,21.16838264042747
13,2026-09-14T02:05:21.427+00:00,2026-09-14T02:05:49.173+00:00,2026-09-14T02:06:07.414+00:00,True,275,275.0,,275.0,27746.071461,45987.019685,45987.019523,167.2255255381818,38.770388,27746.071461,1669.2749044255368,95.2953197,66.57280373722628,21.52914485792307,5.979948295925322,32,64,,False,True,,1435,21.16838264042747
14,2026-09-14T02:05:24.191+00:00,2026-09-14T02:05:54.878+00:00,2026-09-14T02:06:08.539+00:00,True,205,205.0,,205.0,30686.768482,44347.481442000004,44347.481347,216.32917730243904,38.131229,30686.768482,2138.6886279419164,94.75329400000001,66.96427921568628,21.61921309972562,4.622584943591665,32,64,,False,True,,908,21.16838264042747
15,2026-09-14T02:05:26.618+00:00,2026-09-14T02:05:59.014+00:00,2026-09-14T02:06:17.427+00:00,True,276,276.0,,276.0,32395.693164,50808.249196000004,50808.249166,184.08785929710146,36.753232000000004,32395.693164,1946.0858198011445,95.351119,66.95474920727273,22.047803775768042,5.432188756107123,32,64,,False,True,,963,21.16838264042747
16,2026-09-14T02:05:29.886+00:00,2026-09-14T02:06:04.658+00:00,2026-09-14T02:06:23.866+00:00,True,287,287.0,,287.0,34772.426496,53980.422655999995,53980.422732,188.0850966271777,10.297688,34772.426496,2048.7095031009485,93.6824163,67.16082573426573,22.437694476206385,5.316742364708024,32,64,,False,True,,1347,21.16838264042747
17,2026-09-14T02:05:32.770+00:00,2026-09-14T02:06:09.721+00:00,2026-09-14T02:06:25.996+00:00,True,246,246.0,,246.0,36951.627554,53226.485025999995,53226.484961,216.36782504471543,1.024378,36951.627554,2351.82408622886,94.1283995,66.42798968163265,22.757105102546536,4.621759259132634,32,64,,False,True,,1043,21.16838264042747
18,2026-09-14T02:05:37.007+00:00,2026-09-14T02:06:17.146+00:00,2026-09-14T02:06:32.044+00:00,True,225,225.0,,225.0,40139.446237000004,55037.788637000005,55037.78853400001,244.61239348444445,11.109667,40139.446237000004,2671.629257242235,95.4029422,66.51045714285713,23.190804985577824,4.088100295671041,32,64,,False,True,,1177,21.16838264042747
19,2026-09-14T02:05:40.082+00:00,2026-09-14T02:06:21.991+00:00,2026-09-14T02:06:38.977+00:00,True,259,259.0,,259.0,41908.98287,58894.275414,58894.275269,227.3910242046332,0.016280000000000003,41908.98287,2600.1864420262427,95.02593999999999,65.8344672248062,30.629348335030578,4.397710952029677,32,64,,False,True,,1161,21.16838264042747
20,2026-09-14T02:05:42.429+00:00,2026-09-14T02:06:26.128+00:00,2026-09-14T02:06:37.939+00:00,True,178,178.0,,178.0,43698.249779,55509.387571,55509.387391,311.85049096067416,0.01816,43698.249779,3270.4906550884725,94.83756335,66.72959204519773,33.43572649727446,3.206664814529377,32,64,,False,True,,287,21.16838264042747
21,2026-09-14T02:05:45.654+00:00,2026-09-14T02:06:32.835+00:00,2026-09-14T02:06:48.870+00:00,True,242,242.0,,242.0,47180.244252,63215.350812,63215.350910999994,261.2204583099173,0.01747,47180.244252,3028.7676018429283,94.5443944,66.53571186721992,33.42814604210482,3.828184086483972,32,64,,False,True,,987,21.16838264042747
22,2026-09-14T02:05:48.501+00:00,2026-09-14T02:06:36.950+00:00,2026-09-14T02:06:55.983+00:00,True,287,287.0,,287.0,48448.940269,67482.051821,67482.051884,235.12910064111497,6.2197070000000005,48448.940269,2856.0093629729636,93.7655723,66.5493410909091,22.347468950744375,4.252982715482391,32,64,,False,True,,1053,21.16838264042747
23,2026-09-14T02:05:52.652+00:00,2026-09-14T02:06:44.235+00:00,2026-09-14T02:07:04.161+00:00,True,298,298.0,,298.0,51582.871452,71509.15062,71509.1507,239.96359295302014,5.699998,51582.871452,2984.3139693380276,95.08882635,67.09184905050505,22.559620708476988,4.167298834013196,32,64,,False,True,,1093,21.16838264042747
24,2026-09-14T02:05:56.105+00:00,2026-09-14T02:06:50.032+00:00,2026-09-14T02:07:06.350+00:00,True,245,245.0,,245.0,53926.72365,70244.766018,70244.765916,286.71333026938777,39.477726000000004,53926.72365,3441.046958774595,94.9538154,66.87722281967213,21.611980363560587,3.4878043431338295,32,64,,False,True,,1063,21.16838264042747
25,2026-09-14T02:05:59.105+00:00,2026-09-14T02:06:55.615+00:00,2026-09-14T02:07:07.684+00:00,True,182,182.0,,182.0,56510.446675,68579.223891,68579.223811,376.80892203846156,39.851566,56510.446675,4183.95085648528,96.175133,66.678327160221,22.540999338807666,2.653864970669124,32,64,,False,True,,792,21.16838264042747
26,2026-09-14T02:06:03.329+00:00,2026-09-14T02:07:02.744+00:00,2026-09-14T02:07:14.813+00:00,True,182,182.0,,182.0,59414.87309,71484.20173,71484.201704,392.77033903296706,0.0,59414.87309,4399.263724487649,95.74405655000001,66.68137370165746,27.109752155482973,2.5460171002178162,32,64,,False,True,,737,21.16838264042747
27,2026-09-14T02:06:06.533+00:00,2026-09-14T02:07:08.715+00:00,2026-09-14T02:07:20.235+00:00,True,171,171.0,,171.0,62182.281267,73702.814515,73702.814589,431.0106116315789,39.923766,62182.281267,4750.069991210141,97.01468499999999,67.76784263529413,22.80694971880967,2.320128493399639,32,64,,False,True,,849,21.16838264042747
28,2026-09-14T02:06:10.088+00:00,2026-09-14T02:07:14.902+00:00,2026-09-14T02:07:27.754+00:00,True,194,194.0,,194.0,64814.176338,77665.860434,77665.86063,400.33948778350515,35.657464,64814.176338,4648.656555773501,95.21213050000001,66.58903676683937,21.76765781515323,2.4978800069415326,32,64,,False,True,,1085,21.16838264042747
29,2026-09-14T02:06:12.639+00:00,2026-09-14T02:07:20.060+00:00,2026-09-14T02:07:38.990+00:00,True,287,287.0,,287.0,67421.44436499999,86351.18209299998,86351.18203699999,300.8751987351916,0.015959,67421.44436499999,3976.019581392694,94.74200200000001,66.18789415384616,36.23117577897157,3.3236371876287905,32,64,,False,True,,1267,21.16838264042747
30,2026-09-14T02:06:15.674+00:00,2026-09-14T02:07:25.600+00:00,2026-09-14T02:07:35.494+00:00,True,149,149.0,,149.0,69925.828998,79819.824774,79819.824904,535.7035228456376,0.01719,69925.828998,5723.241582509768,93.99383740000002,66.85132281081081,44.40973045864868,1.866704173078244,32,64,,False,True,,595,21.16838264042747
31,2026-09-14T02:06:18.247+00:00,2026-09-14T02:07:30.261+00:00,2026-09-14T02:07:41.275+00:00,True,170,170.0,,170.0,72013.5485,83028.080084,83028.08013100001,488.40047135882355,4.3350100000000005,72013.5485,5518.244347471084,93.6982364,65.17474310059171,24.92982565382501,2.0475000726020642,32,64,,False,True,,683,21.16838264042747
32,2026-09-14T02:06:21.206+00:00,2026-09-14T02:07:34.688+00:00,2026-09-14T02:07:41.456+00:00,True,106,106.0,,106.0,73482.250899,80249.658259,80249.65818500001,757.072247028302,37.850319999999996,73482.250899,7130.997550088899,92.3246025,64.45149866666667,20.952926847937583,1.3208778990421695,32,64,,False,True,,478,21.16838264042747
33,2026-09-14T02:06:23.919+00:00,2026-09-14T02:07:38.706+00:00,2026-09-14T02:07:45.234+00:00,True,101,101.0,,101.0,74786.312058,81314.66661799999,81314.666639,805.0957092970297,40.185156,74786.312058,7435.048936033541,92.69248399999998,65.2835456,20.76613010823176,1.2420883488888637,32,64,,False,True,,510,21.16838264042747
34,2026-09-14T02:06:26.473+00:00,2026-09-14T02:07:42.751+00:00,2026-09-14T02:07:52.864+00:00,True,159,159.0,,159.0,76277.92943,86390.890966,86390.890973,543.338936937107,0.0,76277.92943,6044.211321249761,93.3194766,64.00608567088608,25.641323662644016,1.8404718162077531,32,64,,False,True,,779,21.16838264042747
35,2026-09-14T02:06:28.852+00:00,2026-09-14T02:07:47.744+00:00,2026-09-14T02:07:57.849+00:00,True,153,153.0,,153.0,78892.22453200001,88997.109012,88997.10912400001,581.6804517908497,0.0,78892.22453200001,6372.7362672725,94.475669,66.47950315789474,25.95006159263462,1.7191569669905808,32,64,,False,True,,705,21.16838264042747
36,2026-09-14T02:06:32.379+00:00,2026-09-14T02:07:53.334+00:00,2026-09-14T02:08:01.834+00:00,True,130,130.0,,130.0,80955.540176,89455.00232,89455.002446,688.1154034307692,39.762566,80955.540176,7094.524375813454,94.49271955,65.88730344186047,21.558899020544256,1.4532446104574646,32,64,,False,True,,510,21.16838264042747
37,2026-09-14T02:06:35.723+00:00,2026-09-14T02:07:58.991+00:00,2026-09-14T02:08:07.960+00:00,True,138,138.0,,138.0,83268.202172,92237.85465200001,92237.85456200001,668.3902504492754,40.720335,83268.202172,7082.719631182532,95.2381127,65.47191591240876,21.660760012860298,1.4961319354255789,32,64,,False,True,,642,21.16838264042747
38,2026-09-14T02:06:39.622+00:00,2026-09-14T02:08:06.437+00:00,2026-09-14T02:08:21.478+00:00,True,228,228.0,,228.0,86815.408032,101855.82761600001,101855.82759,446.7360859210527,0.0,86815.408032,5745.164293295936,94.83924370000001,66.25735499559471,26.629162358160972,2.2384580768374676,32,64,,False,True,,942,21.16838264042747
39,2026-09-14T02:06:43.501+00:00,2026-09-14T02:08:13.244+00:00,2026-09-14T02:08:29.283+00:00,True,244,244.0,,244.0,89742.623322,105782.192218,105782.192297,433.5335749877049,0.0,89742.623322,5741.152904533492,96.37275214999998,66.00645636213991,47.511980540901995,2.3066264262812353,32,64,,False,True,,990,21.16838264042747
40,2026-09-14T02:06:47.003+00:00,2026-09-14T02:08:19.608+00:00,2026-09-14T02:08:35.561+00:00,True,240,240.0,,240.0,92604.785448,108558.19421599999,108558.194105,452.3258087708333,0.01578,92604.785448,5973.48095022376,96.67023750000003,66.75066430125523,46.01466176969567,2.210795801581483,32,64,,False,True,,1252,21.16838264042747
41,2026-09-14T02:06:49.559+00:00,2026-09-14T02:08:24.232+00:00,2026-09-14T02:08:31.342+00:00,True,109,109.0,,109.0,94673.019808,101783.29871999999,101783.298757,933.7917317155963,41.779042000000004,94673.019808,9061.751057856454,95.2733528,65.83591585185185,21.937215109410534,1.0709026075078658,32,64,,False,True,,574,21.16838264042747
42,2026-09-14T02:06:52.235+00:00,2026-09-14T02:08:29.419+00:00,2026-09-14T02:08:38.341+00:00,True,131,131.0,,131.0,97184.71246600001,106105.99937800001,106105.99932200002,809.9694604732825,0.0,97184.71246600001,8485.111985532427,97.65970349999999,68.62528393846154,26.171614314397196,1.234614449398999,32,64,,False,True,,616,21.16838264042747
43,2026-09-14T02:06:55.536+00:00,2026-09-14T02:08:35.004+00:00,2026-09-14T02:08:44.184+00:00,True,140,140.0,,140.0,99467.82122499999,108647.979433,108647.979465,776.0569961785714,0.0,99467.82122499999,8401.02437339894,95.26855044999998,66.04430365467626,26.31068145130023,1.2885651507797609,32,64,,False,True,,342,21.16838264042747
44,2026-09-14T02:06:59.300+00:00,2026-09-14T02:08:42.199+00:00,2026-09-14T02:08:55.292+00:00,True,199,199.0,,199.0,102899.398389,115992.360949,115992.360875,582.8761853015075,37.120551,102899.398389,7289.691519416547,94.94880300000001,66.12607353535354,22.360063265977182,1.7156302222997009,32,64,,False,True,,957,21.16838264042747
45,2026-09-14T02:07:02.558+00:00,2026-09-14T02:08:47.692+00:00,2026-09-14T02:09:03.979+00:00,True,247,247.0,,247.0,105133.93255,121421.74567,121421.745645,491.586014757085,0.0,105133.93255,6685.35388064542,94.9931393,66.21062243902439,27.130344694201334,2.034231995571012,32,64,,False,True,,1130,21.16838264042747
46,2026-09-14T02:07:05.162+00:00,2026-09-14T02:08:52.505+00:00,2026-09-14T02:09:07.035+00:00,True,221,221.0,,221.0,107342.585117,121872.427037,121872.42717,551.4589464705882,0.0,107342.585117,7216.25522578428,95.330669,66.044736,28.035168783120927,1.8133716163124023,32,64,,False,True,,1202,21.16838264042747
47,2026-09-14T02:07:08.292+00:00,2026-09-14T02:08:58.270+00:00,2026-09-14T02:09:09.718+00:00,True,177,177.0,,177.0,109977.58241799999,121425.932626,121425.93262899999,686.0222182429378,0.0,109977.58241799999,8261.58281194087,95.6497596,65.04744436363637,29.04829294028162,1.4576787360997412,32,64,,False,True,,624,21.16838264042747
48,2026-09-14T02:07:11.862+00:00,2026-09-14T02:09:04.158+00:00,2026-09-14T02:09:14.168+00:00,True,153,153.0,,153.0,112295.810579,122306.685715,122306.685596,799.3901019346405,36.98934199999999,112295.810579,9073.28071971707,96.121225,65.86102063157894,22.23485630411339,1.2509536915792305,32,64,,False,True,,690,21.16838264042747
49,2026-09-14T02:07:14.799+00:00,2026-09-14T02:09:09.858+00:00,2026-09-14T02:09:28.630+00:00,True,278,278.0,,278.0,115058.911349,133830.828405,133830.828534,481.4058580359712,0.0,115058.911349,6896.920625506052,97.0669885,67.76865363176896,53.94329634282456,2.0772493401797827,32,64,,False,True,,1122,21.16838264042747
50,2026-09-14T02:07:17.343+00:00,2026-09-14T02:09:14.835+00:00,2026-09-14T02:09:30.205+00:00,True,228,228.0,,228.0,117492.428937,132861.855113,132861.855137,582.7274348114036,0.0,117492.428937,7776.852469862141,97.9941145,67.70672324229075,57.31344721084517,1.716068165735638,32,64,,False,True,,1170,21.16838264042747
51,2026-09-14T02:07:20.621+00:00,2026-09-14T02:09:19.703+00:00,2026-09-14T02:09:28.170+00:00,True,126,126.0,,126.0,119082.58021500001,127549.19039100001,127549.19037400001,1012.2951616984128,0.0,119082.58021500001,10602.73657341206,98.0937775,67.73288140800001,33.1060678226541,0.9878541730743176,32,64,,False,True,,465,21.16838264042747
52,2026-09-14T02:07:23.390+00:00,2026-09-14T02:09:24.835+00:00,2026-09-14T02:09:42.419+00:00,True,265,265.0,,265.0,121445.07050300001,139029.665191,139029.665165,524.6402459056604,39.428937,121445.07050300001,7456.251961651777,96.9777354,66.60831321212122,21.988887623485414,1.9060680296966908,32,64,,False,True,,903,21.16838264042747
53,2026-09-14T02:07:27.558+00:00,2026-09-14T02:09:32.311+00:00,2026-09-14T02:09:51.890+00:00,True,300,300.0,,300.0,124752.62545200001,144331.843884,144331.843862,481.10614620666666,0.0,124752.62545200001,7198.869546601671,94.91918899999999,65.4823358929766,27.925414831334777,2.07854338950392,32,64,,False,True,,1181,21.16838264042747
54,2026-09-14T02:07:30.264+00:00,2026-09-14T02:09:36.628+00:00,2026-09-14T02:09:54.061+00:00,True,262,262.0,,262.0,126364.718585,143797.323769,143797.323737,548.8447470877862,0.0,126364.718585,7802.763187746879,95.31016355000001,66.79159074329502,28.32090469718286,1.8220088742463945,32,64,,False,True,,1159,21.16838264042747
55,2026-09-14T02:07:33.387+00:00,2026-09-14T02:09:42.285+00:00,2026-09-14T02:09:48.957+00:00,True,104,104.0,,104.0,128897.233353,135569.899977,135569.90017,1303.5567324038461,0.0,128897.233353,12633.113677971236,94.158169,64.78317110679612,36.624357591103276,0.7671319372341798,32,64,,False,True,,435,21.16838264042747
56,2026-09-14T02:07:37.237+00:00,2026-09-14T02:09:48.262+00:00,2026-09-14T02:10:01.165+00:00,True,193,193.0,,193.0,131024.836373,143927.395349,143927.395314,745.7377995544041,34.300468,131024.836373,9426.562217386467,95.0156054,67.200828,21.915551700629248,1.340953885339251,32,64,,False,True,,755,21.16838264042747
57,2026-09-14T02:07:40.298+00:00,2026-09-14T02:09:54.615+00:00,2026-09-14T02:10:09.943+00:00,True,230,230.0,,230.0,134317.483957,149645.123509,149645.123555,650.6309719782608,38.655998,134317.483957,8852.245766389024,95.93649549999998,66.93292380786026,21.73925327390895,1.5369695624339357,32,64,,False,True,,667,21.16838264042747
58,2026-09-14T02:07:44.006+00:00,2026-09-14T02:10:00.806+00:00,2026-09-14T02:10:11.802+00:00,True,164,164.0,,164.0,136799.84282,147795.797764,147795.797777,901.1938888841463,0.0,136799.84282,10677.049854194336,94.71117999999998,67.45984628220859,30.9363768640819,1.1096391269654016,32,64,,False,True,,715,21.16838264042747
59,2026-09-14T02:07:48.268+00:00,2026-09-14T02:10:09.288+00:00,2026-09-14T02:10:26.209+00:00,True,258,258.0,,258.0,141019.465313,157940.709985,157940.709786,612.173293744186,0.0,141019.465313,8775.616379428555,95.33794455000002,65.84141895719844,63.25104990822327,1.6335243777522774,32,64,,False,True,,1067,21.16838264042747
60,2026-09-14T02:07:51.483+00:00,2026-09-14T02:10:14.602+00:00,2026-09-14T02:10:31.753+00:00,True,261,261.0,,261.0,143118.211275,160270.147787,160270.147781,614.0618688927203,0.01609,143118.211275,8854.90386831818,96.22685600000001,65.9689865846154,58.47966235837102,1.628500401377745,32,64,,False,True,,1059,21.16838264042747
61,2026-09-14T02:07:54.961+00:00,2026-09-14T02:10:19.737+00:00,2026-09-14T02:10:36.370+00:00,True,250,250.0,,250.0,144775.39652200002,161408.23953000002,161408.23942400003,645.6329576960001,37.874790000000004,144775.39652200002,9152.20106581422,94.96468995,66.79856629718876,21.74762143061554,1.5488676459638475,32,64,,False,True,,1122,21.16838264042747
62,2026-09-14T02:07:57.983+00:00,2026-09-14T02:10:26.439+00:00,2026-09-14T02:10:38.989+00:00,True,187,187.0,,187.0,148455.757075,161006.245139,161006.245349,860.9959644331551,42.332101,148455.757075,10851.247530818599,95.90874930000001,67.4757422795699,21.765161373788832,1.1614456311216936,32,64,,False,True,,716,21.16838264042747
63,2026-09-14T02:08:01.338+00:00,2026-09-14T02:10:32.185+00:00,2026-09-14T02:10:39.215+00:00,True,104,104.0,,104.0,150846.88647099998,157877.579591,157877.579683,1518.0536507980767,38.105279,150846.88647099998,14785.077591642183,96.28143764999999,68.25915650485436,22.375209720498294,0.6587382468709233,32,64,,False,True,,423,21.16838264042747
64,2026-09-14T02:08:04.468+00:00,2026-09-14T02:10:37.300+00:00,2026-09-14T02:10:51.423+00:00,True,216,216.0,,216.0,152832.521954,166955.21917,166955.219407,772.940830587963,0.0,152832.521954,10394.517789023786,96.67880575000001,65.68696379534884,32.71772162171327,1.2937600937174705,32,64,,False,True,,920,21.16838264042747
65,2026-09-14T02:08:07.697+00:00,2026-09-14T02:10:43.354+00:00,2026-09-14T02:10:58.490+00:00,True,230,230.0,,230.0,155656.591484,170792.779644,170792.779607,742.5773026391305,7.712253,155656.591484,10259.356908864384,95.45252755,66.09689152838428,22.01197271386927,1.3466611438692628,32,64,,False,True,,1178,21.16838264042747
66,2026-09-14T02:08:11.100+00:00,2026-09-14T02:10:48.688+00:00,2026-09-14T02:11:06.990+00:00,True,280,280.0,,280.0,157588.566119,175889.797479,175889.79743099998,628.1778479678571,10.667527,157588.566119,9413.82287886867,92.91468655,65.59581132616488,21.665552664454435,1.5919058638601822,32,64,,False,True,,1300,21.16838264042747
67,2026-09-14T02:08:14.747+00:00,2026-09-14T02:10:55.559+00:00,2026-09-14T02:11:14.069+00:00,True,281,281.0,,281.0,160812.463169,179321.958977,179321.95888299998,638.1564373060498,0.0,160812.463169,9589.36952944305,92.675885,66.10534217142857,29.68216089190555,1.5670138872174673,32,64,,False,True,,543,21.16838264042747
68,2026-09-14T02:08:17.457+00:00,2026-09-14T02:10:59.940+00:00,2026-09-14T02:11:14.064+00:00,True,214,214.0,,214.0,162482.173921,176606.946529,176606.946585,825.2661055373832,0.0,162482.173921,11102.566533809413,93.23174565,66.3134864225352,32.34080409299297,1.2117303662506833,32,64,,False,True,,900,21.16838264042747
69,2026-09-14T02:08:21.164+00:00,2026-09-14T02:11:06.631+00:00,2026-09-14T02:11:24.844+00:00,True,275,275.0,,275.0,165467.046986,183680.254538,183680.254461,667.92819804,0.0,165467.046986,9974.077103394413,96.38020700000001,66.47156040875913,30.71651742924723,1.4971669148199467,32,64,,False,True,,1103,21.16838264042747
70,2026-09-14T02:08:24.120+00:00,2026-09-14T02:11:11.376+00:00,2026-09-14T02:11:18.469+00:00,True,111,111.0,,111.0,167256.331257,174349.13381700002,174349.13375900002,1570.7129167477478,32.010013,167256.331257,15869.161823000959,95.0445045,64.48002327272728,20.856187522420853,0.6366535787697551,32,64,,False,True,,579,21.16838264042747
71,2026-09-14T02:08:27.018+00:00,2026-09-14T02:11:17.163+00:00,2026-09-14T02:11:35.045+00:00,True,269,269.0,,269.0,170145.45935800002,188027.41980600002,188027.41974100002,698.9866904869889,0.01604,170145.45935800002,10370.100017503659,96.2529714,66.72373301492537,67.13239203677571,1.430642404589419,32,64,,False,True,,1088,21.16838264042747
72,2026-09-14T02:08:30.743+00:00,2026-09-14T02:11:24.792+00:00,2026-09-14T02:11:32.167+00:00,True,109,109.0,,109.0,174048.656915,181423.356435,181423.356593,1664.4344641559633,0.01592,174048.656915,16664.58944961662,96.47221440000001,68.28425481481482,99.11865894698451,0.600804671139751,32,64,,False,True,,561,21.16838264042747
73,2026-09-14T02:08:34.455+00:00,2026-09-14T02:11:29.955+00:00,2026-09-14T02:11:43.757+00:00,True,211,211.0,,211.0,175500.10211,189301.368542,189301.368563,897.1628841848342,0.0,175500.10211,12077.443591453299,95.085195,65.72031634285715,32.183358808521255,1.1146247997313645,32,64,,False,True,,1048,21.16838264042747
74,2026-09-14T02:08:37.285+00:00,2026-09-14T02:11:35.500+00:00,2026-09-14T02:11:54.877+00:00,True,289,289.0,,289.0,178214.643539,197592.269907,197592.26983,683.7102762283737,0.0,178214.643539,10479.297648387786,95.064954,67.2834248888889,29.42605965389292,1.4626078243649032,32,64,,False,True,,1499,21.16838264042747
75,2026-09-14T02:08:39.724+00:00,2026-09-14T02:11:39.820+00:00,2026-09-14T02:11:51.710+00:00,True,177,177.0,,177.0,180096.617372,191986.484892,191986.485024,1084.6694069152543,0.0,180096.617372,13531.854586472391,94.007692,67.55606545454545,33.69018764948041,0.9219398964441142,32,64,,False,True,,878,21.16838264042747
76,2026-09-14T02:08:42.874+00:00,2026-09-14T02:11:44.791+00:00,2026-09-14T02:11:52.040+00:00,True,107,107.0,,107.0,181917.27447600002,189165.57758,189165.57766,1767.9025949532713,40.958484,181917.27447600002,17580.010939799857,94.2252893,68.38021796226415,22.906549447111626,0.5656420230829186,32,64,,False,True,,519,21.16838264042747
77,2026-09-14T02:08:46.912+00:00,2026-09-14T02:11:52.597+00:00,2026-09-14T02:12:00.040+00:00,True,109,109.0,,109.0,185685.307829,193128.238261,193128.238443,1771.8187013119266,40.465654,185685.307829,17778.840088832985,95.45813900000002,68.91602251851852,22.563198900495884,0.5643918309485833,32,64,,False,True,,514,21.16838264042747
78,2026-09-14T02:08:49.327+00:00,2026-09-14T02:11:56.550+00:00,2026-09-14T02:12:11.584+00:00,True,221,221.0,,221.0,187223.74095500002,202257.404699,202257.40491100002,915.1918774253394,37.082242,187223.74095500002,12589.456656855285,98.24257300000001,68.3348352,23.40775383069785,1.0926670414311543,32,64,,False,True,,813,21.16838264042747
79,2026-09-14T02:08:52.677+00:00,2026-09-14T02:12:02.547+00:00,2026-09-14T02:12:12.348+00:00,True,143,143.0,,143.0,189869.362842,199670.396314,199670.396226,1396.296477104895,42.68448,189869.362842,15871.919277681787,98.6619121,69.02136247887324,23.566008300816584,0.7161802782978373,32,64,,False,True,,752,21.16838264042747
80,2026-09-14T02:08:56.012+00:00,2026-09-14T02:12:08.794+00:00,2026-09-14T02:12:18.097+00:00,True,142,142.0,,142.0,192781.25702000002,202084.27372400003,202084.273833,1423.1286889647888,0.0,192781.25702000002,16172.352873870936,99.07305749999999,65.97884187234042,38.703222144190946,0.7026771424773947,32,64,,False,True,,585,21.16838264042747
81,2026-09-14T02:09:00.082+00:00,2026-09-14T02:12:16.593+00:00,2026-09-14T02:12:28.732+00:00,True,180,180.0,,180.0,196510.77091800002,208649.31453400003,208649.31441600004,1159.1628578666669,40.761474,196510.77091800002,14642.009517194561,94.54114495000002,67.81309282681565,21.66396051391511,0.8626915473075684,32,64,,False,True,,942,21.16838264042747
82,2026-09-14T02:09:03.409+00:00,2026-09-14T02:12:21.720+00:00,2026-09-14T02:12:30.157+00:00,True,129,129.0,,129.0,198310.363579,206747.128507,206747.128708,1602.6909202170543,40.618264,198310.363579,17454.4631277237,93.58517499999999,65.912226,20.92187259596053,0.6239506247634891,32,64,,False,True,,579,21.16838264042747
83,2026-09-14T02:09:05.829+00:00,2026-09-14T02:12:26.320+00:00,2026-09-14T02:12:33.512+00:00,True,114,114.0,,114.0,200490.98050499998,207682.77596099998,207682.776138,1821.7787380526315,41.497463,200490.98050499998,18771.750927943576,92.004113,63.64420757522124,20.398627311950236,0.5489140804888301,32,64,,False,True,,514,21.16838264042747
84,2026-09-14T02:09:08.589+00:00,2026-09-14T02:12:31.665+00:00,2026-09-14T02:12:47.430+00:00,True,242,242.0,,242.0,203076.620008,218841.195752,218841.195573,904.3024610454545,41.023883999999995,203076.620008,13050.071422579154,93.63748654999999,65.41317736099585,20.97451462123044,1.1058247016445868,32,64,,False,True,,1339,21.16838264042747
85,2026-09-14T02:09:12.648+00:00,2026-09-14T02:12:38.733+00:00,2026-09-14T02:12:57.698+00:00,True,291,291.0,,291.0,206085.494984,225050.240968,225050.240965,773.3685256529209,0.0,206085.494984,12077.3401258153,96.48801650000001,65.39567580689655,74.34201997417193,1.293044605277172,32,64,,False,True,,1340,21.16838264042747
86,2026-09-14T02:09:15.030+00:00,2026-09-14T02:12:43.348+00:00,2026-09-14T02:12:54.658+00:00,True,175,175.0,,175.0,208317.76796,219628.007448,219628.007453,1255.0171854457142,0.0,208317.76796,15742.70869882972,95.2067497,65.00137636781609,94.03983545508561,0.7968018379506253,32,64,,False,True,,801,21.16838264042747
87,2026-09-14T02:09:18.160+00:00,2026-09-14T02:12:47.516+00:00,2026-09-14T02:13:05.905+00:00,True,278,278.0,,278.0,209356.469675,227745.253803,227745.25376,819.2275315107913,0.0,209356.469675,12552.625559544433,95.39247184999998,66.38550226714801,77.83706541705337,1.2206621010002274,32,64,,False,True,,1411,21.16838264042747
88,2026-09-14T02:09:21.775+00:00,2026-09-14T02:12:55.012+00:00,2026-09-14T02:13:03.735+00:00,True,129,129.0,,129.0,213237.420461,221960.476077,221960.476157,1720.6238461782946,39.975516000000006,213237.420461,18768.52115206556,96.0689554,68.148872,22.444164160182186,0.5811845526734624,32,64,,False,True,,469,21.16838264042747
89,2026-09-14T02:09:24.551+00:00,2026-09-14T02:12:59.317+00:00,2026-09-14T02:13:07.238+00:00,True,118,118.0,,118.0,214766.254702,222687.007598,222687.00770800002,1887.178031423729,27.649151999999997,214766.254702,19764.616546038982,95.6899402,67.69874270085471,22.26580193286752,0.5298917133639717,32,64,,False,True,,748,21.16838264042747
90,2026-09-14T02:09:27.308+00:00,2026-09-14T02:13:03.733+00:00,2026-09-14T02:13:17.372+00:00,True,208,208.0,,208.0,216425.24781799997,230064.044106,230064.04421099997,1106.0771356298076,34.062988,216425.24781799997,15001.83809926411,95.44670970000001,65.88790477294685,21.738747760795235,0.9040960781518985,32,64,,False,True,,937,21.16838264042747
91,2026-09-14T02:09:30.922+00:00,2026-09-14T02:13:10.559+00:00,2026-09-14T02:13:25.341+00:00,True,226,226.0,,226.0,219637.20368399998,234419.14288399997,234419.14276999998,1037.2528441150441,38.950907,219637.20368399998,14605.695401661149,94.733259,65.69750755555555,21.715626182061637,0.9640850880161861,32,64,,False,True,,914,21.16838264042747
92,2026-09-14T02:09:34.019+00:00,2026-09-14T02:13:16.960+00:00,2026-09-14T02:13:23.609+00:00,True,101,101.0,,101.0,222940.92386,229590.55458,229590.55464000002,2273.1738083168316,37.29678,222940.92386,22176.845777028408,94.684069,66.4963072,22.56076297290937,0.43991356780667085,32,64,,False,True,,384,21.16838264042747
93,2026-09-14T02:09:36.657+00:00,2026-09-14T02:13:21.283+00:00,2026-09-14T02:13:30.490+00:00,True,143,143.0,,143.0,224626.587424,233832.898592,233832.898642,1635.1950953986013,37.62071,224626.587424,18778.808711588987,93.21407900000003,64.83317723943662,20.799250598452655,0.611547822659084,32,64,,False,True,,677,21.16838264042747
94,2026-09-14T02:09:39.593+00:00,2026-09-14T02:13:26.332+00:00,2026-09-14T02:13:35.937+00:00,True,146,146.0,,146.0,226739.383536,236344.374768,236344.374917,1618.7970884726028,0.0,226739.383536,18759.65272391568,92.63462825,66.24131884137931,43.46047724062168,0.617742648384656,32,64,,False,True,,667,21.16838264042747
95,2026-09-14T02:09:43.428+00:00,2026-09-14T02:13:32.693+00:00,2026-09-14T02:13:39.599+00:00,True,106,106.0,,106.0,229265.33140999998,236171.182802,236171.18264599997,2228.030024962264,38.884847,229265.33140999998,22261.83920718452,93.61295875,65.77001325714285,21.034447942434937,0.44882698533490323,32,64,,False,True,,541,21.16838264042747
96,2026-09-14T02:09:47.633+00:00,2026-09-14T02:13:40.541+00:00,2026-09-14T02:13:54.229+00:00,True,202,202.0,,202.0,232907.42674700002,246595.87193100003,246595.871963,1220.7716433811881,38.095559,232907.42674700002,16382.53295480824,96.24795355,68.10171733333333,22.38263258230133,0.819154020779884,32,64,,False,True,,616,21.16838264042747
97,2026-09-14T02:09:50.436+00:00,2026-09-14T02:13:46.498+00:00,2026-09-14T02:13:57.332+00:00,True,162,162.0,,162.0,236061.739488,246895.641056,246895.64129099998,1524.0471684629629,40.296275,236061.739488,18541.487988208602,97.0263807,67.29131408695652,22.050063143757,0.6561476715713087,32,64,,False,True,,658,21.16838264042747
98,2026-09-14T02:09:53.751+00:00,2026-09-14T02:13:52.089+00:00,2026-09-14T02:14:00.706+00:00,True,131,131.0,,131.0,238338.27934,246955.07114800002,246955.07119400002,1885.153215221374,32.853591,238338.27934,20817.932972692244,93.9542655,66.28301390769231,22.43405693513275,0.5304608623383634,32,64,,False,True,,603,21.16838264042747
99,2026-09-14T02:09:57.005+00:00,2026-09-14T02:13:57.424+00:00,2026-09-14T02:14:06.412+00:00,True,136,136.0,,136.0,240419.62332699998,249406.71094299998,249406.71101399997,1833.872875102941,30.659844,240419.62332699998,20610.116535160225,95.44392375000001,66.57101937777777,22.63052987136621,0.5452940680135979,32,64,,False,True,,668,21.16838264042747
100,2026-09-14T02:09:59.887+00:00,2026-09-14T02:14:03.054+00:00,2026-09-14T02:14:21.903+00:00,True,279,279.0,,279.0,243167.718535,262016.938887,262016.938856,939.1288131039427,0.0,243167.718535,14554.05907478756,96.638115,67.80295090647482,37.37649412902522,1.0648166534008867,32,64,,False,True,,1336,21.16838264042747
101,2026-09-14T02:10:03.915+00:00,2026-09-14T02:14:10.599+00:00,2026-09-14T02:14:29.165+00:00,True,281,281.0,,281.0,246684.201268,265250.816308,265250.81631100003,943.9530829572954,0.0,246684.201268,14712.036193112262,96.045476,66.30933942857142,36.93138696534016,1.0593746851045034,32,64,,False,True,,1293,21.16838264042747
102,2026-09-14T02:10:08.099+00:00,2026-09-14T02:14:18.587+00:00,2026-09-14T02:14:32.921+00:00,True,219,219.0,,219.0,250488.147039,264821.532767,264821.532759,1209.230743191781,0.016030000000000003,250488.147039,16922.26264439924,94.458008,65.74947581651377,98.47300839347749,0.8269720279607492,32,64,,False,True,,1170,21.16838264042747
103,2026-09-14T02:10:11.019+00:00,2026-09-14T02:14:23.458+00:00,2026-09-14T02:14:41.285+00:00,True,268,268.0,,268.0,252439.09587400002,270266.034498,270266.034311,1008.4553519067165,0.01549,252439.09587400002,15416.34284042154,93.608588,66.76756038951311,87.83394202109871,0.9916155409531612,32,64,,False,True,,1143,21.16838264042747
104,2026-09-14T02:10:13.643+00:00,2026-09-14T02:14:28.160+00:00,2026-09-14T02:14:45.544+00:00,True,265,265.0,,265.0,254517.303963,271900.757147,271900.757123,1026.0405929169813,0.01551,254517.303963,15631.091858024465,93.4151496,65.84641357575758,90.85955721055514,0.9746203091914556,32,64,,False,True,,1429,21.16838264042747
105,2026-09-14T02:10:18.429+00:00,2026-09-14T02:14:35.797+00:00,2026-09-14T02:14:44.303+00:00,True,134,134.0,,134.0,257367.93420500003,265873.689085,265873.688998,1984.1320074477615,40.564673,257367.93420500003,22227.687871782866,92.05721334999998,63.953044210526315,20.477459062815445,0.50399872383446,32,64,,False,True,,616,21.16838264042747
106,2026-09-14T02:10:21.045+00:00,2026-09-14T02:14:41.204+00:00,2026-09-14T02:14:58.826+00:00,True,269,269.0,,269.0,260159.570137,277780.616409,277780.616429,1032.641696762082,28.031661,260159.570137,15858.215170942793,94.01755140000002,65.75017265671642,21.914004675302373,0.9683901039514162,32,64,,False,True,,1140,21.16838264042747
107,2026-09-14T02:10:23.547+00:00,2026-09-14T02:14:45.237+00:00,2026-09-14T02:14:59.769+00:00,True,217,217.0,,217.0,261689.486033,276222.004433,276222.004219,1272.9124618387098,0.0,261689.486033,17760.12147437959,94.94404120000002,67.28017777777778,41.773157435758165,0.7855999758072685,32,64,,False,True,,938,21.16838264042747
108,2026-09-14T02:10:27.152+00:00,2026-09-14T02:14:51.411+00:00,2026-09-14T02:15:02.095+00:00,True,156,156.0,,156.0,264259.647973,274943.61418100004,274943.614178,1762.4590652435897,0.0,264259.647973,21152.238513747125,95.371513,68.92881424516129,47.261178087257875,0.5673890643530369,32,64,,False,True,,803,21.16838264042747
109,2026-09-14T02:10:30.717+00:00,2026-09-14T02:14:58.456+00:00,2026-09-14T02:15:11.846+00:00,True,195,195.0,,195.0,267738.517483,281129.124843,281129.124747,1441.6878192153847,0.0,267738.517483,19168.259870869937,96.2218196,69.02374927835052,43.58289176693704,0.6936314410998865,32,64,,False,True,,1256,21.16838264042747
110,2026-09-14T02:10:33.640+00:00,2026-09-14T02:15:02.671+00:00,2026-09-14T02:15:20.047+00:00,True,257,257.0,,257.0,269030.508761,286406.736601,286406.736636,1114.4230997509728,40.708192000000004,269030.508761,16777.443123418223,96.6209712,67.87589,22.51261627642259,0.8973252621429528,32,64,,False,True,,1161,21.16838264042747
111,2026-09-14T02:10:36.968+00:00,2026-09-14T02:15:08.386+00:00,2026-09-14T02:15:28.433+00:00,True,298,298.0,,298.0,271418.156732,291464.673212,291464.673177,978.0693730771812,35.937163999999996,271418.156732,15718.937970461267,95.9460649,67.49668848484849,22.663506136226857,1.0224223632867042,32,64,,False,True,,1611,21.16838264042747
112,2026-09-14T02:10:41.031+00:00,2026-09-14T02:15:15.675+00:00,2026-09-14T02:15:30.433+00:00,True,218,218.0,,218.0,274644.698782,289402.442142,289402.442171,1327.5341383990826,40.337055,274644.698782,18596.693437215778,95.712952,68.0080339170507,22.348522432448856,0.7532762971400039,32,64,,False,True,,909,21.16838264042747
113,2026-09-14T02:10:44.889+00:00,2026-09-14T02:15:22.666+00:00,2026-09-14T02:15:37.320+00:00,True,215,215.0,,215.0,277776.663112,292430.521928,292430.522093,1360.1419632232557,39.500796,277776.663112,18939.554967799675,97.8716114,68.47597577570095,22.919159215885177,0.7352173726001682,32,64,,False,True,,916,21.16838264042747
114,2026-09-14T02:10:48.720+00:00,2026-09-14T02:15:30.150+00:00,2026-09-14T02:15:47.511+00:00,True,256,256.0,,256.0,281429.674631,298790.986375,298790.986332,1167.152290359375,32.99375,281429.674631,17585.11334913944,95.76501199999998,68.08357546666667,22.16030507554565,0.8567862207151897,32,64,,False,True,,1284,21.16838264042747
115,2026-09-14T02:10:51.078+00:00,2026-09-14T02:15:34.875+00:00,2026-09-14T02:15:47.103+00:00,True,182,182.0,,182.0,283796.359851,296025.059755,296025.05968500004,1626.5113169505496,34.833026,283796.359851,21031.3890441833,94.53760254999999,67.56187792265193,21.845319639661728,0.6148128139915896,32,64,,False,True,,775,21.16838264042747
116,2026-09-14T02:10:54.915+00:00,2026-09-14T02:15:41.343+00:00,2026-09-14T02:15:54.149+00:00,True,198,198.0,,198.0,286428.10059,299234.04235,299234.042405,1511.2830424494948,0.0,286428.10059,20350.98706225374,95.0021255,65.00478050761421,44.31665534840637,0.6616894202445346,32,64,,False,True,,681,21.16838264042747
117,2026-09-14T02:10:57.729+00:00,2026-09-14T02:15:46.269+00:00,2026-09-14T02:15:57.755+00:00,False,176,175.0,,175.0,288540.414416,300026.414288,300026.414245,1704.6955354829547,0.0,288540.414416,21744.654646488114,94.5152755,65.63428498285714,46.73592114786183,0.5832819767396039,32,64,,False,False,Request timeout: 300.0s exceeded,917,21.16838264042747
118,2026-09-14T02:11:00.507+00:00,2026-09-14T02:15:51.308+00:00,2026-09-14T02:16:00.595+00:00,False,135,134.0,,134.0,290801.173888,300088.33728000004,300088.337131,2222.876571340741,0.02435,290801.173888,25022.224257467027,93.9894314,69.30718949253732,21.528453016164317,0.44653518098895706,32,64,,False,False,Request timeout: 300.0s exceeded,621,21.16838264042747
119,2026-09-14T02:11:03.533+00:00,2026-09-14T02:15:55.505+00:00,2026-09-14T02:16:03.544+00:00,False,114,113.0,,113.0,291972.046158,300010.70011000003,300010.700113,2631.672808008772,0.03572,291972.046158,27339.032952481866,92.59088865,71.13853054867258,21.145661267673322,0.3766532325632657,32,64,,False,False,Request timeout: 300.0s exceeded,577,21.16838264042747
120,2026-09-14T02:11:06.397+00:00,2026-09-14T02:15:59.766+00:00,2026-09-14T02:16:06.405+00:00,False,97,96.0,,96.0,293368.28393599996,300007.60656,300007.60660199996,3092.8619237319585,0.023989999999999997,293368.28393599996,29780.021137443946,91.37144140000001,69.15961066666667,20.56303929308272,0.31999188654171834,32,64,,False,False,Request timeout: 300.0s exceeded,336,21.16838264042747
121,2026-09-14T02:11:09.677+00:00,2026-09-14T02:16:03.119+00:00,2026-09-14T02:16:10.027+00:00,False,105,104.0,,104.0,293441.63942,300350.25638000004,300350.256447,2860.478632828572,0.028329999999999998,293441.63942,28630.495956061048,88.27112699999999,66.42900923076922,20.163557848754778,0.3462623979532093,32,64,,False,False,Request timeout: 300.0s exceeded,260,21.16838264042747
122,2026-09-14T02:11:13.791+00:00,2026-09-14T02:16:07.558+00:00,2026-09-14T02:16:13.851+00:00,False,95,94.0,,94.0,293767.257304,300059.84764000005,300059.847825,3158.5247139473686,0.02558,293767.257304,30133.022919905998,87.68330460000001,66.94245038297872,19.769372459681435,0.31327083826549657,32,64,,False,False,Request timeout: 300.0s exceeded,369,21.16838264042747
123,2026-09-14T02:11:17.038+00:00,2026-09-14T02:16:10.855+00:00,2026-09-14T02:16:17.065+00:00,False,94,93.0,,93.0,293817.246078,300026.533502,300026.533385,3191.771631755319,0.024739999999999998,293817.246078,30298.055016219798,87.6245505,66.7665314408602,19.87044642994717,0.3099725844726999,32,64,,False,False,Request timeout: 300.0s exceeded,361,21.16838264042747
124,2026-09-14T02:11:20.190+00:00,2026-09-14T02:16:14.114+00:00,2026-09-14T02:16:20.205+00:00,False,91,90.0,,90.0,293923.900994,300015.26893,300015.26883,3296.8710860439564,0.038520000000000006,293923.900994,30804.50814117361,88.5266475,67.68186595555555,19.767827720084327,0.29998473184709445,32,64,,False,False,Request timeout: 300.0s exceeded,447,21.16838264042747
125,2026-09-14T02:11:23.142+00:00,2026-09-14T02:16:16.938+00:00,2026-09-14T02:16:23.207+00:00,False,92,91.0,,91.0,293796.176546,300065.244578,300065.244618,3261.578745847826,0.0485,293796.176546,30623.19281662786,87.15598304999999,68.8908574945055,19.881202072639333,0.30326737815963606,32,64,,False,False,Request timeout: 300.0s exceeded,393,21.16838264042747
126,2026-09-14T02:11:27.768+00:00,2026-09-14T02:16:21.136+00:00,2026-09-14T02:16:27.879+00:00,False,101,100.0,,100.0,293367.786092,300110.841964,300110.84204,2971.3944756435644,0.04346,293367.786092,29184.483240313773,89.162881,67.43055872,20.423292101963465,0.3332102210822345,32,64,,False,False,Request timeout: 300.0s exceeded,433,21.16838264042747
127,2026-09-14T02:11:29.799+00:00,2026-09-14T02:16:23.815+00:00,2026-09-14T02:16:29.832+00:00,False,94,93.0,,93.0,294015.673842,300032.839922,300032.840087,3191.8387243297875,0.039270000000000006,294015.673842,30318.734970093,90.16262375000001,64.70071053763441,20.811060406100093,0.30996606912822394,32,64,,False,False,Request timeout: 300.0s exceeded,404,21.16838264042747
128,2026-09-14T02:11:33.391+00:00,2026-09-14T02:16:26.872+00:00,2026-09-14T02:16:33.426+00:00,False,112,111.0,,111.0,293481.089741,300034.70612499997,300034.70612,2678.881304642857,0.015380000000000001,293481.089741,27726.171829884373,87.5179065,59.04158904504505,148.55288307611414,0.3699572007304894,32,64,,False,False,Request timeout: 300.0s exceeded,602,21.16838264042747
129,2026-09-14T02:11:37.246+00:00,2026-09-14T02:16:30.780+00:00,2026-09-14T02:16:37.084+00:00,True,102,102.0,,102.0,293534.383044,299838.607044,299838.607032,2939.5941865882355,0.01614,293534.383044,29058.496775235995,88.3887061,62.41805940594059,161.12164056529977,0.3401830104721369,32,64,,False,True,,552,21.16838264042747
130,2026-09-14T02:11:41.306+00:00,2026-09-14T02:16:35.212+00:00,2026-09-14T02:16:41.331+00:00,False,87,86.0,,86.0,293906.57319,300025.37511,300025.374901,3448.5675275977014,0.042,293906.57319,31502.470222039272,89.2664683,71.14885953488373,19.656784515655286,0.2866424213900885,32,64,,False,False,Request timeout: 300.0s exceeded,416,21.16838264042747
131,2026-09-14T02:11:44.763+00:00,2026-09-14T02:16:38.664+00:00,2026-09-14T02:16:44.817+00:00,False,96,95.0,,95.0,293900.648231,300053.349159,300053.34907,3125.555719479167,0.0,293900.648231,29989.568411833592,89.078624,64.76527292631579,64.76100068921716,0.31661036367789036,32,64,,False,False,Request timeout: 300.0s exceeded,439,21.16838264042747
132,2026-09-14T02:11:47.219+00:00,2026-09-14T02:16:41.152+00:00,2026-09-14T02:16:47.270+00:00,False,99,98.0,,98.0,293933.054262,300051.11019800004,300051.110224,3030.8192951919195,0.0,293933.054262,29535.178036814526,89.5784169,62.429142204081636,64.13942866086698,0.32661102281984894,32,64,,False,False,Request timeout: 300.0s exceeded,455,21.16838264042747
133,2026-09-14T02:11:50.460+00:00,2026-09-14T02:16:44.007+00:00,2026-09-14T02:16:50.504+00:00,False,98,97.0,,97.0,293547.04888,300043.780784,300043.780779,3061.671232438776,0.03483,293547.04888,29645.97143399977,89.58598785,66.97661756701031,20.850788810408577,0.32328615426236684,32,64,,False,False,Request timeout: 300.0s exceeded,499,21.16838264042747
134,2026-09-14T02:11:54.304+00:00,2026-09-14T02:16:47.973+00:00,2026-09-14T02:16:54.382+00:00,False,94,93.0,,93.0,293669.545426,300078.706642,300078.706583,3192.326665776596,0.02345,293669.545426,30282.599388586837,88.53446285,68.915712,20.17507199568466,0.3099186911350924,32,64,,False,False,Request timeout: 300.0s exceeded,394,21.16838264042747
135,2026-09-14T02:11:57.142+00:00,2026-09-14T02:16:51.144+00:00,2026-09-14T02:16:57.180+00:00,False,89,88.0,,88.0,294002.595135,300038.33094300004,300038.33088100003,3371.2172009101123,0.037340000000000005,294002.595135,31156.949498189028,90.20581859999999,68.5879069090909,21.073576138798256,0.293295858977158,32,64,,False,False,Request timeout: 300.0s exceeded,433,21.16838264042747
136,2026-09-14T02:11:59.961+00:00,2026-09-14T02:16:53.788+00:00,2026-09-14T02:17:00.024+00:00,False,90,89.0,,89.0,293827.136602,300062.45256999996,300062.45277599996,3334.0272530666666,0.02572,293827.136602,30964.72104225813,90.45574095,70.0597299775281,19.894014296253737,0.2966049208680572,32,64,,False,False,Request timeout: 300.0s exceeded,172,21.16838264042747
137,2026-09-14T02:12:03.373+00:00,2026-09-14T02:16:57.267+00:00,2026-09-14T02:17:03.441+00:00,False,92,91.0,,91.0,293894.53867000004,300068.44254200003,300068.442433,3261.6135047065222,0.023350000000000003,293894.53867000004,30633.556952472125,88.70552000000002,67.8450974945055,20.11272167894967,0.3032641461031441,32,64,,False,False,Request timeout: 300.0s exceeded,424,21.16838264042747
138,2026-09-14T02:12:07.325+00:00,2026-09-14T02:17:01.230+00:00,2026-09-14T02:17:07.366+00:00,False,90,89.0,,89.0,293905.012292,300040.893252,300040.893325,3333.7877036111113,0.04442,293905.012292,30973.048054957446,89.29455345000001,68.94248269662921,20.556204882820563,0.2966262332956401,32,64,,False,False,Request timeout: 300.0s exceeded,403,21.16838264042747
139,2026-09-14T02:12:11.209+00:00,2026-09-14T02:17:05.001+00:00,2026-09-14T02:17:11.239+00:00,False,89,88.0,,88.0,293791.634597,300029.898661,300029.898743,3371.1224577865173,0.03325,293791.634597,31134.342554290306,90.47049279999999,70.88936436363636,19.159718735534014,0.2933041020002813,32,64,,False,False,Request timeout: 300.0s exceeded,379,21.16838264042747
140,2026-09-14T02:12:15.159+00:00,2026-09-14T02:17:09.155+00:00,2026-09-14T02:17:15.507+00:00,False,90,89.0,,89.0,293996.486167,300347.759895,300347.75987400004,3337.1973319333338,0.031239999999999997,293996.486167,30982.43435645489,87.96291,71.36262615730338,19.324029482002945,0.29632316895292954,32,64,,False,False,Request timeout: 300.0s exceeded,130,21.16838264042747
141,2026-09-14T02:12:18.182+00:00,2026-09-14T02:17:12.078+00:00,2026-09-14T02:17:18.198+00:00,False,91,90.0,,90.0,293896.686591,300016.098047,300016.098068,3296.8801985494506,0.02143,293896.686591,30801.623036019562,88.93355700000001,67.99346062222222,20.392964735204018,0.29998390281677734,32,64,,False,False,Request timeout: 300.0s exceeded,430,21.16838264042747
142,2026-09-14T02:12:21.618+00:00,2026-09-14T02:17:15.293+00:00,2026-09-14T02:17:21.662+00:00,False,96,95.0,,95.0,293675.00999,300043.92007,300043.920149,3125.457501552083,0.0368,293675.00999,29966.24493592962,89.50318525,67.0411587368421,20.738375514136024,0.3166203133789099,32,64,,False,False,Request timeout: 300.0s exceeded,271,21.16838264042747
143,2026-09-14T02:12:24.238+00:00,2026-09-14T02:17:17.724+00:00,2026-09-14T02:17:24.291+00:00,False,96,95.0,,95.0,293486.577154,300053.18861,300053.188589,3125.5540478020835,0.02284,293486.577154,29946.800105692328,88.79436625,69.12222585263159,19.856940461354796,0.31661053308611264,32,64,,False,False,Request timeout: 300.0s exceeded,444,21.16838264042747
144,2026-09-14T02:12:28.387+00:00,2026-09-14T02:17:22.046+00:00,2026-09-14T02:17:28.436+00:00,False,93,92.0,,92.0,293658.63175199996,300048.815432,300048.81556899997,3226.3313502043006,0.02429,293658.63175199996,30443.785564444184,90.07098160000001,69.45851826086957,19.98858412141057,0.30661677456563713,32,64,,False,False,Request timeout: 300.0s exceeded,446,21.16838264042747
145,2026-09-14T02:12:32.581+00:00,2026-09-14T02:17:26.449+00:00,2026-09-14T02:17:32.623+00:00,False,91,90.0,,90.0,293868.203402,300042.933898,300042.933941,3297.1750982527474,0.02136,293868.203402,30798.572604400477,89.32464100000001,68.60811662222221,20.163656121326326,0.29995707224551943,32,64,,False,False,Request timeout: 300.0s exceeded,409,21.16838264042747
146,2026-09-14T02:12:35.523+00:00,2026-09-14T02:17:29.341+00:00,2026-09-14T02:17:35.588+00:00,False,90,89.0,,89.0,293817.625633,300064.191009,300064.190926,3334.046565844444,0.122509,293817.625633,30963.705110875522,89.93246740000001,70.18612782022471,19.792597397978245,0.29660320247053595,32,64,,False,False,Request timeout: 300.0s exceeded,503,21.16838264042747
147,2026-09-14T02:12:38.228+00:00,2026-09-14T02:17:32.117+00:00,2026-09-14T02:17:38.273+00:00,False,93,92.0,,92.0,293888.41109500005,300044.42875900003,300044.42867100006,3226.284179258065,0.0,293888.41109500005,30467.94188009664,88.7556076,66.91323547826087,66.53761405969531,0.3066212573268465,32,64,,False,False,Request timeout: 300.0s exceeded,363,21.16838264042747
148,2026-09-14T02:12:41.169+00:00,2026-09-14T02:17:34.861+00:00,2026-09-14T02:17:41.240+00:00,False,99,98.0,,98.0,293691.73713200004,300071.113772,300071.11388400005,3031.0213523636367,0.0,293691.73713200004,29510.65753475629,89.22456199999999,65.09568,64.47415800358151,0.3265892500217877,32,64,,False,False,Request timeout: 300.0s exceeded,496,21.16838264042747
149,2026-09-14T02:12:45.121+00:00,2026-09-14T02:17:38.841+00:00,2026-09-14T02:17:45.146+00:00,False,90,89.0,,89.0,293720.225436,300025.1519,300025.151876,3333.612798622222,0.034140000000000004,293720.225436,30953.368642482965,87.99167195,70.84187038202246,19.039881399518784,0.29664179631734405,32,64,,False,False,Request timeout: 300.0s exceeded,410,21.16838264042747
150,2026-09-14T02:12:48.186+00:00,2026-09-14T02:17:41.710+00:00,2026-09-14T02:17:48.216+00:00,False,93,92.0,,92.0,293523.229651,300029.851347,300029.851365,3226.127434032258,0.041479999999999996,293523.229651,30429.61345711981,88.5087072,70.72414886956521,19.47898769800418,0.3066361549924486,32,64,,False,False,Request timeout: 300.0s exceeded,368,21.16838264042747
151,2026-09-14T02:12:52.378+00:00,2026-09-14T02:17:45.322+00:00,2026-09-14T02:17:52.505+00:00,False,106,105.0,,105.0,292944.15818800003,300127.419116,300127.41889100004,2831.3907442547174,0.02013,292944.15818800003,28446.614778099192,91.12698225,68.41200883809523,20.90575589813152,0.3498514074764267,32,64,,False,False,Request timeout: 300.0s exceeded,536,21.16838264042747
152,2026-09-14T02:12:54.636+00:00,2026-09-14T02:17:48.435+00:00,2026-09-14T02:17:54.644+00:00,False,96,95.0,,95.0,293798.40412699996,300007.57583899994,300007.575799,3125.0789145729163,0.02512,293798.40412699996,29979.010950595748,91.2544295,65.35970223157895,21.517418297965722,0.3166586701496567,32,64,,False,False,Request timeout: 300.0s exceeded,371,21.16838264042747
153,2026-09-14T02:12:58.447+00:00,2026-09-14T02:17:52.873+00:00,2026-09-14T02:17:58.496+00:00,False,86,85.0,,85.0,294425.108046,300048.679758,300048.679896,3488.9381383255813,0.02061,294425.108046,31741.54875922837,90.77915275,66.1596672,21.263670414164782,0.283287365465349,32,64,,False,False,Request timeout: 300.0s exceeded,433,21.16838264042747
154,2026-09-14T02:13:01.837+00:00,2026-09-14T02:17:55.238+00:00,2026-09-14T02:18:01.868+00:00,False,100,99.0,,99.0,293401.128528,300030.70036799996,300030.700342,3000.3070034199995,0.02059,293401.128528,29333.42324702327,89.84910184999998,66.96537212121213,20.268049985698816,0.329966233050726,32,64,,False,False,Request timeout: 300.0s exceeded,447,21.16838264042747
155,2026-09-14T02:13:05.245+00:00,2026-09-14T02:17:58.839+00:00,2026-09-14T02:18:05.285+00:00,False,95,94.0,,94.0,293594.037118,300039.30201399996,300039.30212099996,3158.3084433789472,0.039560000000000005,293594.037118,30115.084212407448,87.9022868,68.56664782978724,19.682717014060476,0.31329228994011565,32,64,,False,False,Request timeout: 300.0s exceeded,462,21.16838264042747
156,2026-09-14T02:13:08.515+00:00,2026-09-14T02:18:02.897+00:00,2026-09-14T02:18:08.529+00:00,False,80,79.0,,79.0,294382.1359,300013.798236,300013.79819299997,3750.1724774125,0.03542,294382.1359,32904.95943104875,89.50214895,71.28686501265823,20.300881884056952,0.26332122210544523,32,64,,False,False,Request timeout: 300.0s exceeded,377,21.16838264042747
157,2026-09-14T02:13:11.109+00:00,2026-09-14T02:18:05.024+00:00,2026-09-14T02:18:11.166+00:00,False,89,88.0,,88.0,293915.630591,300057.30841500004,300057.308444,3371.4304319550565,0.027260000000000003,293915.630591,31147.603099976965,90.4613666,69.79179345454546,20.21081224456031,0.29327730914085887,32,64,,False,False,Request timeout: 300.0s exceeded,432,21.16838264042747
158,2026-09-14T02:13:14.537+00:00,2026-09-14T02:18:08.394+00:00,2026-09-14T02:18:14.581+00:00,False,93,92.0,,92.0,293856.883764,300043.763508,300043.763394,3226.2770257419356,0.03807,293856.883764,30464.572937656823,88.74288940000001,67.24869286956522,20.675061264017003,0.30662193716133357,32,64,,False,False,Request timeout: 300.0s exceeded,466,21.16838264042747
159,2026-09-14T02:13:16.951+00:00,2026-09-14T02:18:10.780+00:00,2026-09-14T02:18:17.037+00:00,False,93,92.0,,92.0,293829.065548,300086.377292,300086.377329,3226.735240096774,0.039339,293829.065548,30461.608730109827,88.05515159999999,68.01425808695652,20.362870687572826,0.30657839529476244,32,64,,False,False,Request timeout: 300.0s exceeded,470,21.16838264042747
160,2026-09-14T02:13:20.916+00:00,2026-09-14T02:18:14.271+00:00,2026-09-14T02:18:20.957+00:00,False,99,98.0,,98.0,293355.617232,300041.4292,300041.42914799997,3030.7215065454543,0.02637,293355.617232,29476.498876302532,88.0124928,68.22257110204082,19.88519432796173,0.3266215611000695,32,64,,False,False,Request timeout: 300.0s exceeded,462,21.16838264042747
161,2026-09-14T02:13:25.117+00:00,2026-09-14T02:18:18.789+00:00,2026-09-14T02:18:25.158+00:00,False,96,95.0,,95.0,293672.470566,300041.45642199996,300041.456572,3125.4318392916666,0.02541,293672.470566,29965.98533829735,88.49010050000001,67.04195637894738,20.239744418394785,0.31662291315632446,32,64,,False,False,Request timeout: 300.0s exceeded,499,21.16838264042747
162,2026-09-14T02:13:28.407+00:00,2026-09-14T02:18:22.222+00:00,2026-09-14T02:18:28.417+00:00,False,91,90.0,,90.0,293815.41393,300009.855146,300009.855095,3296.8115944505494,0.02334,293815.41393,30793.01564613483,88.32884399999999,68.82712462222221,19.91351328194394,0.2999901451777357,32,64,,False,False,Request timeout: 300.0s exceeded,435,21.16838264042747
163,2026-09-14T02:13:31.205+00:00,2026-09-14T02:18:24.728+00:00,2026-09-14T02:18:31.350+00:00,False,95,94.0,,94.0,293523.854637,300145.055789,300145.05575,3159.4216394736845,0.03601,293523.854637,30107.692424479716,91.71713270000001,70.43831012765958,20.896795826982263,0.3131819038394601,32,64,,False,False,Request timeout: 300.0s exceeded,486,21.16838264042747
164,2026-09-14T02:13:34.164+00:00,2026-09-14T02:18:27.903+00:00,2026-09-14T02:18:34.171+00:00,False,98,97.0,,97.0,293739.010324,300007.38613199996,300007.386053,3061.299857683673,0.0,293739.010324,29665.658826191273,93.44068150000001,64.62243101030928,62.80947661405795,0.32332537292038893,32,64,,False,False,Request timeout: 300.0s exceeded,530,21.16838264042747
165,2026-09-14T02:13:37.255+00:00,2026-09-14T02:18:31.175+00:00,2026-09-14T02:18:37.288+00:00,False,94,93.0,,93.0,293919.862316,300033.01354799996,300033.013553,3191.840569712766,0.0,293919.862316,30308.806493118886,91.7272363,65.73280894623656,64.19169800432536,0.30996588975406747,32,64,,False,False,Request timeout: 300.0s exceeded,437,21.16838264042747
166,2026-09-14T02:13:40.397+00:00,2026-09-14T02:18:34.308+00:00,2026-09-14T02:18:40.467+00:00,False,89,88.0,,88.0,293910.71549900004,300069.999979,300070.00005900004,3371.573034370787,0.05811,293910.71549900004,31147.061087243463,90.2882912,69.99186909090909,20.510826334364722,0.2932649048760575,32,64,,False,False,Request timeout: 300.0s exceeded,303,21.16838264042747
167,2026-09-14T02:13:42.716+00:00,2026-09-14T02:18:36.292+00:00,2026-09-14T02:18:42.736+00:00,False,93,92.0,,92.0,293575.850332,300019.576668,300019.57651,3226.01695172043,0.023579999999999997,293575.850332,30435.141601295458,89.563331,70.04050365217391,20.620684383611525,0.3066466562673898,32,64,,False,False,Request timeout: 300.0s exceeded,487,21.16838264042747
168,2026-09-14T02:13:45.570+00:00,2026-09-14T02:18:39.242+00:00,2026-09-14T02:18:45.632+00:00,False,99,98.0,,98.0,293672.0983,300061.32428400003,300061.324182,3030.9224664848484,0.050759,293672.0983,29508.611496875325,90.2460558,65.19618351020408,21.220030923454672,0.3265999049822416,32,64,,False,False,Request timeout: 300.0s exceeded,384,21.16838264042747
169,2026-09-14T02:13:48.366+00:00,2026-09-14T02:18:42.321+00:00,2026-09-14T02:18:48.397+00:00,False,97,96.0,,96.0,293955.099602,300031.83637,300031.836395,3093.111715412371,0.0254,293955.099602,29840.198237609293,88.71798639999999,63.29934133333334,20.549102075992874,0.31996604480870017,32,64,,False,False,Request timeout: 300.0s exceeded,431,21.16838264042747
170,2026-09-14T02:13:52.340+00:00,2026-09-14T02:18:45.804+00:00,2026-09-14T02:18:52.385+00:00,False,100,99.0,,99.0,293463.795492,300044.849188,300044.849087,3000.44849087,0.038439999999999995,293463.795492,29339.738894880677,90.02507795000001,66.47528985858585,20.18691338183173,0.329950673267413,32,64,,False,False,Request timeout: 300.0s exceeded,472,21.16838264042747
171,2026-09-14T02:13:54.850+00:00,2026-09-14T02:18:48.274+00:00,2026-09-14T02:18:54.878+00:00,False,96,95.0,,95.0,293423.950592,300028.28287999996,300028.282769,3125.2946121770833,0.03625,293423.950592,29940.36737478668,89.05709175,69.51928724210526,19.220761742254552,0.3166368153298282,32,64,,False,False,Request timeout: 300.0s exceeded,456,21.16838264042747
172,2026-09-14T02:13:57.978+00:00,2026-09-14T02:18:51.534+00:00,2026-09-14T02:18:59.341+00:00,False,92,91.0,,91.0,293555.984484,301363.231332,301363.231448,3275.687298347826,0.05946,293555.984484,30596.99423024246,89.11003199999999,85.79392140659341,194.56383792291302,0.301961190148472,32,64,,False,False,Request timeout: 300.0s exceeded,381,21.16838264042747
173,2026-09-14T02:14:01.512+00:00,2026-09-14T02:18:55.213+00:00,2026-09-14T02:19:01.556+00:00,False,104,103.0,,103.0,293701.124233,300044.226697,300044.22693199996,2885.040643576923,0.01502,293701.124233,28794.32715033656,89.07516915000001,61.58351906796116,186.9836914336215,0.34328272579633623,32,64,,False,False,Request timeout: 300.0s exceeded,520,21.16838264042747
174,2026-09-14T02:14:04.000+00:00,2026-09-14T02:18:59.267+00:00,2026-09-14T02:19:04.046+00:00,False,105,104.0,,104.0,295266.662268,300046.116732,300046.11660400004,2857.5820628952383,0.01565,295266.662268,28810.61342538257,91.19284139999999,45.95629292307692,36.241695520379004,0.34661338441147826,32,64,,False,False,Request timeout: 300.0s exceeded,341,21.16838264042747
175,2026-09-14T02:14:07.412+00:00,2026-09-14T02:19:00.997+00:00,2026-09-14T02:19:07.478+00:00,False,99,98.0,,98.0,293585.09801,300065.440026,300065.439979,3030.964040191919,0.02875,293585.09801,29499.773911026405,89.49684189999999,66.1259389387755,20.814482290124147,0.32659542528959185,32,64,,False,False,Request timeout: 300.0s exceeded,232,21.16838264042747
176,2026-09-14T02:14:09.763+00:00,2026-09-14T02:19:03.400+00:00,2026-09-14T02:19:09.845+00:00,False,97,96.0,,96.0,293636.837527,300082.732439,300082.732318,3093.6364156494847,0.021670000000000002,293636.837527,29807.49225445558,87.178364,67.14473866666667,19.133775330006706,0.3199117763949134,32,64,,False,False,Request timeout: 300.0s exceeded,480,21.16838264042747
177,2026-09-14T02:14:13.492+00:00,2026-09-14T02:19:07.478+00:00,2026-09-14T02:19:13.555+00:00,False,86,85.0,,85.0,293985.99067900004,300062.85826300003,300062.85825000005,3489.103002906977,0.03761,293985.99067900004,31693.620913942603,88.149804,71.4925598117647,18.777395411969266,0.28327397963229073,32,64,,False,False,Request timeout: 300.0s exceeded,406,21.16838264042747
178,2026-09-14T02:14:16.949+00:00,2026-09-14T02:19:10.688+00:00,2026-09-14T02:19:16.968+00:00,False,91,90.0,,90.0,293738.71588,300018.695144,300018.695073,3296.9087370659336,0.037829999999999996,293738.71588,30784.875928031706,90.29782449999999,69.77754737777778,19.994414956997286,0.29998130602095546,32,64,,False,False,Request timeout: 300.0s exceeded,255,21.16838264042747
179,2026-09-14T02:14:20.961+00:00,2026-09-14T02:19:14.626+00:00,2026-09-14T02:19:21.002+00:00,False,90,89.0,,89.0,293664.514041,300041.252345,300041.25226,3333.7916917777775,0.02662,293664.514041,30947.411531518475,90.95823455,71.64874498876405,19.74449015205174,0.2966258782897762,32,64,,False,False,Request timeout: 300.0s exceeded,489,21.16838264042747
180,2026-09-14T02:14:23.426+00:00,2026-09-14T02:19:17.231+00:00,2026-09-14T02:19:23.439+00:00,False,90,89.0,,89.0,293805.109711,300012.660431,300012.660478,3333.474005311111,0.032799999999999996,293805.109711,30962.432299157692,88.23493195,69.7477608988764,20.22183702038413,0.2966541474354518,32,64,,False,False,Request timeout: 300.0s exceeded,457,21.16838264042747
181,2026-09-14T02:14:26.975+00:00,2026-09-14T02:19:21.007+00:00,2026-09-14T02:19:27.022+00:00,False,94,93.0,,93.0,294032.14191,300047.098454,300047.098405,3191.99040856383,0.0,294032.14191,30320.50604711596,89.0237615,64.6769520860215,68.76563080722194,0.30995133923702234,32,64,,False,False,Request timeout: 300.0s exceeded,359,21.16838264042747
182,2026-09-14T02:14:31.921+00:00,2026-09-14T02:19:24.790+00:00,2026-09-14T02:19:31.633+00:00,True,108,108.0,,108.0,292869.422603,299712.30490700004,299712.304976,2775.113934962963,0.0,292869.422603,28175.291911955683,91.25062685,63.95217106542056,64.16618048303769,0.3603455655032653,32,64,,False,True,,265,21.16838264042747
183,2026-09-14T02:14:35.324+00:00,2026-09-14T02:19:29.236+00:00,2026-09-14T02:19:35.331+00:00,False,101,100.0,,100.0,293912.136156,300006.728156,300006.72829,2970.3636464356437,0.03554,293912.136156,29239.293001329424,87.36897400000002,60.94592,19.944584873491493,0.3333258577721002,32,64,,False,False,Request timeout: 300.0s exceeded,460,21.16838264042747
184,2026-09-14T02:14:38.174+00:00,2026-09-14T02:19:33.202+00:00,2026-09-14T02:19:38.211+00:00,False,78,77.0,,77.0,295027.989914,300036.28047399997,300036.280486,3846.6189805897434,0.0515,295027.989914,33397.983091895585,86.6806574,65.04273454545455,20.13458821465651,0.2566356304589389,32,64,,False,False,Request timeout: 300.0s exceeded,294,21.16838264042747
185,2026-09-14T02:14:41.803+00:00,2026-09-14T02:19:35.575+00:00,2026-09-14T02:19:41.817+00:00,False,94,93.0,,93.0,293772.172452,300013.82442,300013.824253,3191.6364282234044,0.02427,293772.172452,30293.369941564673,86.388954,67.11453729032259,19.572167690118945,0.30998571542425324,32,64,,False,False,Request timeout: 300.0s exceeded,458,21.16838264042747
186,2026-09-14T02:14:44.847+00:00,2026-09-14T02:19:38.837+00:00,2026-09-14T02:19:44.912+00:00,False,90,89.0,,89.0,293989.162798,300064.70635,300064.706336,3334.052292622222,0.022420000000000002,293989.162798,30981.98942319238,88.36271949999998,68.26453429213484,20.040395655394047,0.2966026930744366,32,64,,False,False,Request timeout: 300.0s exceeded,387,21.16838264042747
187,2026-09-14T02:14:47.751+00:00,2026-09-14T02:19:41.375+00:00,2026-09-14T02:19:47.796+00:00,False,100,99.0,,99.0,293623.483648,300044.799744,300044.799645,3000.44799645,0.04242,293623.483648,29355.869192834536,87.948954,64.86177874747474,20.384320935858423,0.32995072763956373,32,64,,False,False,Request timeout: 300.0s exceeded,474,21.16838264042747
188,2026-09-14T02:14:51.907+00:00,2026-09-14T02:19:45.336+00:00,2026-09-14T02:19:51.970+00:00,False,103,102.0,,102.0,293428.67396399996,300062.74142,300062.741214,2913.2304972233005,0.023129999999999998,293428.67396399996,28905.984795247183,88.88428,65.03987701960784,20.23569835613525,0.33992890792539243,32,64,,False,False,Request timeout: 300.0s exceeded,335,21.16838264042747
189,2026-09-14T02:14:54.317+00:00,2026-09-14T02:19:48.357+00:00,2026-09-14T02:19:54.325+00:00,False,88,87.0,,87.0,294039.348345,300007.114617,300007.114572,3409.1717565,0.03864,294039.348345,31337.39416274281,88.94081299999999,68.59501462068965,20.400305676901827,0.2899931226999979,32,64,,False,False,Request timeout: 300.0s exceeded,379,21.16838264042747
190,2026-09-14T02:14:58.175+00:00,2026-09-14T02:19:51.589+00:00,2026-09-14T02:19:58.196+00:00,False,98,97.0,,97.0,293414.090116,300021.81721999997,300021.817413,3061.4471164591832,0.03557,293414.090116,29632.42423779189,88.79990384999999,68.12089797938144,19.750291648500486,0.3233098209283622,32,64,,False,False,Request timeout: 300.0s exceeded,483,21.16838264042747
191,2026-09-14T02:15:00.955+00:00,2026-09-14T02:19:54.707+00:00,2026-09-14T02:20:01.020+00:00,False,96,95.0,,95.0,293752.1128,300065.1816,300065.181546,3125.6789744375,0.03442,293752.1128,29974.173678841413,88.127166,66.45335578947368,19.963846164544133,0.31659787881234136,32,64,,False,False,Request timeout: 300.0s exceeded,165,21.16838264042747
192,2026-09-14T02:15:04.920+00:00,2026-09-14T02:19:58.749+00:00,2026-09-14T02:20:04.957+00:00,False,95,94.0,,94.0,293828.720288,300036.820384,300036.820494,3158.2823209894736,0.03721,293828.720288,30139.421677663562,88.91012570000001,66.04361804255319,20.63151031263697,0.31329488120722904,32,64,,False,False,Request timeout: 300.0s exceeded,575,21.16838264042747
193,2026-09-14T02:15:07.997+00:00,2026-09-14T02:20:01.985+00:00,2026-09-14T02:20:08.035+00:00,False,89,88.0,,88.0,293987.634512,300037.880912,300037.88082200004,3371.212144067416,0.04389,293987.634512,31155.34593133587,90.681652,68.7528,20.67236192744026,0.2932962988957053,32,64,,False,False,Request timeout: 300.0s exceeded,413,21.16838264042747
194,2026-09-14T02:15:11.749+00:00,2026-09-14T02:20:05.201+00:00,2026-09-14T02:20:11.792+00:00,False,101,100.0,,100.0,293452.022592,300042.27897600003,300042.27877000003,2970.7156313861387,0.03019,293452.022592,29193.01761879704,89.79564099999999,65.90256384,21.124619317410314,0.3332863633128145,32,64,,False,False,Request timeout: 300.0s exceeded,451,21.16838264042747
195,2026-09-14T02:15:15.895+00:00,2026-09-14T02:20:09.508+00:00,2026-09-14T02:20:15.926+00:00,False,96,95.0,,95.0,293612.929054,300031.182878,300031.182916,3125.3248220416667,0.01986,293612.929054,29959.855825688854,90.09968500000001,67.56056656842105,20.751550645378348,0.3166337548275084,32,64,,False,False,Request timeout: 300.0s exceeded,461,21.16838264042747
196,2026-09-14T02:15:19.134+00:00,2026-09-14T02:20:12.664+00:00,2026-09-14T02:20:19.198+00:00,False,96,95.0,,95.0,293530.336889,300064.358521,300064.35838700004,3125.6703998645835,0.03598,293530.336889,29951.30158609162,89.448961,68.77917507368421,20.24869050663528,0.31659874724292325,32,64,,False,False,Request timeout: 300.0s exceeded,423,21.16838264042747
197,2026-09-14T02:15:22.375+00:00,2026-09-14T02:20:16.004+00:00,2026-09-14T02:20:22.538+00:00,False,86,85.0,,85.0,293629.620277,300163.749173,300163.749264,3490.2761542325584,0.04063,293629.620277,31654.67552456987,90.24894675,76.87210465882353,66.29645634993295,0.2831787657043492,32,64,,False,False,Request timeout: 300.0s exceeded,406,21.16838264042747
198,2026-09-14T02:15:24.993+00:00,2026-09-14T02:20:18.605+00:00,2026-09-14T02:20:25.029+00:00,False,99,98.0,,98.0,293612.110446,300036.79243000003,300036.792274,3030.6746694343433,0.0,293612.110446,29502.613138084922,88.66566080000001,65.55797942857143,66.66968609159758,0.32662660871120947,32,64,,False,False,Request timeout: 300.0s exceeded,479,21.16838264042747
199,2026-09-14T02:15:27.707+00:00,2026-09-14T02:20:21.411+00:00,2026-09-14T02:20:27.739+00:00,False,98,97.0,,97.0,293704.048042,300032.271274,300032.271204,3061.553787795918,0.0,293704.048042,29662.07305537156,89.48030924999999,65.2394147628866,66.63885290502066,0.32329855581240524,32,64,,False,False,Request timeout: 300.0s exceeded,433,21.16838264042747
200,2026-09-14T02:15:30.410+00:00,2026-09-14T02:20:23.775+00:00,2026-09-14T02:20:30.434+00:00,False,100,99.0,,99.0,293365.527509,300024.422613,300024.42257299996,3000.24422573,0.022359999999999998,293365.527509,29329.832787860607,87.38412244999999,67.26156670707071,19.157805606784116,0.3299731373125568,32,64,,False,False,Request timeout: 300.0s exceeded,414,21.16838264042747
201,2026-09-14T02:15:32.763+00:00,2026-09-14T02:20:26.285+00:00,2026-09-14T02:20:32.783+00:00,False,98,97.0,,97.0,293522.437088,300020.798944,300020.798941,3061.4367238877553,0.022170000000000002,293522.437088,29643.48294249103,88.544004,66.99342119587628,19.927853955091635,0.3233109182477226,32,64,,False,False,Request timeout: 300.0s exceeded,320,21.16838264042747
202,2026-09-14T02:15:35.287+00:00,2026-09-14T02:20:28.543+00:00,2026-09-14T02:20:35.301+00:00,False,98,97.0,,97.0,293255.918781,300013.57305300003,300013.573056,3061.3629903673473,0.03474,293255.918781,29616.290494925575,89.88873050000001,69.66653888659793,19.90775140998039,0.3233187052602587,32,64,,False,False,Request timeout: 300.0s exceeded,423,21.16838264042747
203,2026-09-14T02:15:38.135+00:00,2026-09-14T02:20:31.374+00:00,2026-09-14T02:20:38.197+00:00,False,95,94.0,,94.0,293238.427351,300061.896407,300061.89641700004,3158.5462780736843,0.04246,293238.427351,30078.186187815703,89.817729,72.59009634042553,18.985944305997922,0.31326869931029044,32,64,,False,False,Request timeout: 300.0s exceeded,479,21.16838264042747
204,2026-09-14T02:15:42.295+00:00,2026-09-14T02:20:35.644+00:00,2026-09-14T02:20:42.365+00:00,False,93,92.0,,92.0,293349.023126,300069.759382,300069.759359,3226.556552247312,0.01749,293349.023126,30411.307306779705,89.024364,73.05148104347826,18.762069833724034,0.3065953736540328,32,64,,False,False,Request timeout: 300.0s exceeded,487,21.16838264042747
205,2026-09-14T02:15:44.751+00:00,2026-09-14T02:20:38.070+00:00,2026-09-14T02:20:44.768+00:00,False,98,97.0,,97.0,293319.87421700003,300017.05207300006,300017.05210000003,3061.398490816327,0.02453,293319.87421700003,29622.81416211956,89.3115297,69.04307068041237,20.227289020625665,0.32331495603255905,32,64,,False,False,Request timeout: 300.0s exceeded,439,21.16838264042747
206,2026-09-14T02:15:47.971+00:00,2026-09-14T02:20:41.502+00:00,2026-09-14T02:20:48.024+00:00,False,96,95.0,,95.0,293530.722065,300052.719121,300052.719238,3125.5491587291663,0.03492,293530.722065,29951.35393222828,89.18791925,68.65260058947368,20.42151479308632,0.3166110284829316,32,64,,False,False,Request timeout: 300.0s exceeded,498,21.16838264042747
207,2026-09-14T02:15:51.549+00:00,2026-09-14T02:20:45.097+00:00,2026-09-14T02:20:51.607+00:00,False,96,95.0,,95.0,293548.485423,300058.396975,300058.397101,3125.608303135417,0.03986,293548.485423,29953.18077558056,91.04088775,68.52538475789474,21.707354200354906,0.31660503741181795,32,64,,False,False,Request timeout: 300.0s exceeded,504,21.16838264042747
208,2026-09-14T02:15:54.191+00:00,2026-09-14T02:20:47.807+00:00,2026-09-14T02:20:54.235+00:00,False,97,96.0,,96.0,293615.941921,300043.300897,300043.30096200004,3093.2299068247426,0.03678,293615.941921,29805.392266387702,90.24886959999999,66.951656,22.105516314268684,0.319953819042123,32,64,,False,False,Request timeout: 300.0s exceeded,397,21.16838264042747
209,2026-09-14T02:15:57.643+00:00,2026-09-14T02:20:51.357+00:00,2026-09-14T02:20:57.663+00:00,False,94,93.0,,93.0,293713.923469,300020.38695699995,300020.38696599996,3191.7062443191485,0.0222,293713.923469,30287.290314417023,89.28550245000001,67.81143535483871,19.84437554636584,0.309978934909277,32,64,,False,False,Request timeout: 300.0s exceeded,375,21.16838264042747
210,2026-09-14T02:16:01.894+00:00,2026-09-14T02:20:55.460+00:00,2026-09-14T02:21:01.935+00:00,False,96,95.0,,95.0,293565.38041000004,300041.067066,300041.06721000007,3125.4277834375002,0.02422,293565.38041000004,29954.940674099267,89.56171575,68.16512269473684,19.952405755790977,0.316623324030183,32,64,,False,False,Request timeout: 300.0s exceeded,483,21.16838264042747
211,2026-09-14T02:16:04.407+00:00,2026-09-14T02:20:58.137+00:00,2026-09-14T02:21:04.430+00:00,False,93,92.0,,92.0,293729.703284,300022.26034,300022.26045999996,3226.0458113978493,0.03909000000000001,293729.703284,30451.26545076633,89.1424376,68.39735930434783,20.105745080093946,0.306643913340767,32,64,,False,False,Request timeout: 300.0s exceeded,361,21.16838264042747
212,2026-09-14T02:16:08.554+00:00,2026-09-14T02:21:02.143+00:00,2026-09-14T02:21:08.627+00:00,False,95,94.0,,94.0,293588.955927,300073.24367099995,300073.243729,3158.6657234631575,0.036770000000000004,293588.955927,30114.520385198557,89.12436600000001,68.98178451063829,19.81208934919215,0.31325685306038653,32,64,,False,False,Request timeout: 300.0s exceeded,402,21.16838264042747
213,2026-09-14T02:16:11.605+00:00,2026-09-14T02:21:05.526+00:00,2026-09-14T02:21:11.704+00:00,False,91,90.0,,90.0,293921.478328,300098.947,300098.947207,3297.7906286483517,0.019780000000000002,293921.478328,30804.154360354594,89.88636550000001,68.6385408,20.496062281901946,0.2999010856242691,32,64,,False,False,Request timeout: 300.0s exceeded,430,21.16838264042747
214,2026-09-14T02:16:15.743+00:00,2026-09-14T02:21:09.365+00:00,2026-09-14T02:21:15.774+00:00,False,94,93.0,,93.0,293622.166596,300031.39411600004,300031.393936,3191.823339744681,0.039450000000000006,293622.166596,30277.71255792631,88.96681265,68.91642494623656,20.16726372517307,0.3099675628079232,32,64,,False,False,Request timeout: 300.0s exceeded,397,21.16838264042747
215,2026-09-14T02:16:18.667+00:00,2026-09-14T02:21:12.434+00:00,2026-09-14T02:21:18.683+00:00,False,98,97.0,,97.0,293767.65901999996,300016.170764,300016.17082099995,3061.389498173469,0.0,293767.65901999996,29668.584558301867,89.2597119,64.41764684536082,67.89962655138257,0.3233159057826338,32,64,,False,False,Request timeout: 300.0s exceeded,437,21.16838264042747
216,2026-09-14T02:16:21.037+00:00,2026-09-14T02:21:14.835+00:00,2026-09-14T02:21:21.122+00:00,False,99,98.0,,98.0,293797.395578,300084.529274,300084.529168,3031.1568602828283,0.0,293797.395578,29521.377694496186,91.24282199999999,64.15442546938776,67.4192471869815,0.32657464960653987,32,64,,False,False,Request timeout: 300.0s exceeded,473,21.16838264042747
217,2026-09-14T02:16:24.142+00:00,2026-09-14T02:21:17.737+00:00,2026-09-14T02:21:24.163+00:00,False,100,99.0,,99.0,293595.82963700005,300021.73248500004,300021.73234200006,3000.2173234200004,0.036558999999999994,293595.82963700005,29353.099088460447,88.74598065,64.90810957575758,20.280919767422102,0.3299760959981445,32,64,,False,False,Request timeout: 300.0s exceeded,438,21.16838264042747
218,2026-09-14T02:16:27.937+00:00,2026-09-14T02:21:21.496+00:00,2026-09-14T02:21:27.982+00:00,False,96,95.0,,95.0,293559.62932999997,300045.396242,300045.396347,3125.472878614583,0.03921,293559.62932999997,29954.34238078326,86.713062,68.27123065263159,19.183926055843106,0.31661875566115427,32,64,,False,False,Request timeout: 300.0s exceeded,457,21.16838264042747
219,2026-09-14T02:16:32.775+00:00,2026-09-14T02:21:25.795+00:00,2026-09-14T02:21:32.860+00:00,False,106,105.0,,105.0,293020.099628,300085.109036,300085.108993,2830.9915942735847,0.02668,293020.099628,28454.09993685501,88.8518405,67.28580388571429,20.474670571786206,0.34990073428603075,32,64,,False,False,Request timeout: 300.0s exceeded,465,21.16838264042747
220,2026-09-14T02:16:34.675+00:00,2026-09-14T02:21:28.506+00:00,2026-09-14T02:21:34.716+00:00,False,97,96.0,,96.0,293831.04995300004,300041.451233,300041.45124300005,3093.2108375567013,0.037950000000000005,293831.04995300004,29827.462081441437,91.10768560000001,64.69168,21.333438475900447,0.31995579145979497,32,64,,False,False,Request timeout: 300.0s exceeded,439,21.16838264042747
221,2026-09-14T02:16:37.598+00:00,2026-09-14T02:21:31.455+00:00,2026-09-14T02:21:37.612+00:00,False,93,92.0,,92.0,293857.283948,300013.735276,300013.735392,3225.954144,0.039659,293857.283948,30464.6490814831,91.64052,66.91794921739131,21.190676437205397,0.30665262680511574,32,64,,False,False,Request timeout: 300.0s exceeded,436,21.16838264042747
222,2026-09-14T02:16:41.406+00:00,2026-09-14T02:21:35.612+00:00,2026-09-14T02:21:41.421+00:00,False,86,85.0,,85.0,294205.154257,300014.537681,300014.537695,3488.5411359883724,0.05036,294205.154257,31717.59376880708,87.52705549999999,68.34568734117647,19.62430843186772,0.2833196039665883,32,64,,False,False,Request timeout: 300.0s exceeded,444,21.16838264042747
223,2026-09-14T02:16:44.937+00:00,2026-09-14T02:21:38.807+00:00,2026-09-14T02:21:46.361+00:00,False,85,84.0,,84.0,293869.722111,301424.18713499996,301424.187062,3546.1669066117643,0.02587,293869.722111,31865.68960334828,87.26198400000001,89.93410742857144,226.81946487062652,0.27867703915339287,32,64,,False,False,Request timeout: 300.0s exceeded,395,21.16838264042747
224,2026-09-14T02:16:48.264+00:00,2026-09-14T02:21:41.682+00:00,2026-09-14T02:21:48.299+00:00,False,114,113.0,,113.0,293417.56616900006,300034.6429050001,300034.64288100007,2631.882832289474,0.01587,293417.56616900006,27476.314591451315,89.75931990000001,58.558201203539824,200.64591370991317,0.37662317559702324,32,64,,False,False,Request timeout: 300.0s exceeded,461,21.16838264042747
225,2026-09-14T02:16:52.334+00:00,2026-09-14T02:21:46.755+00:00,2026-09-14T02:21:52.371+00:00,False,85,84.0,,84.0,294421.221075,300037.053395,300037.053511,3529.847688364706,0.02323,294421.221075,31927.2199511435,88.50444500000002,66.85514666666667,20.130043506394134,0.27996542110221856,32,64,,False,False,Request timeout: 300.0s exceeded,329,21.16838264042747
226,2026-09-14T02:16:55.002+00:00,2026-09-14T02:21:48.705+00:00,2026-09-14T02:21:55.041+00:00,False,93,92.0,,92.0,293702.972763,300039.050331,300039.050458,3226.2263490107525,0.023719999999999998,293702.972763,30448.444051482536,87.3115732,68.8704083478261,19.291470680592933,0.3066267537459092,32,64,,False,False,Request timeout: 300.0s exceeded,470,21.16838264042747
227,2026-09-14T02:16:57.340+00:00,2026-09-14T02:21:51.037+00:00,2026-09-14T02:21:57.429+00:00,False,95,94.0,,94.0,293696.706616,300088.651064,300088.65096299996,3158.827904873684,0.02109,293696.706616,30125.676203843,87.020393,67.99940902127659,19.879342921198106,0.3132407695749634,32,64,,False,False,Request timeout: 300.0s exceeded,447,21.16838264042747
228,2026-09-14T02:17:00.801+00:00,2026-09-14T02:21:54.619+00:00,2026-09-14T02:22:00.815+00:00,False,92,91.0,,91.0,293818.700791,300014.65983099997,300014.659992,3261.0289129565217,0.02656,293818.700791,30625.625274759623,88.95869350000001,68.08746197802198,20.470759686195418,0.30331851133961535,32,64,,False,False,Request timeout: 300.0s exceeded,444,21.16838264042747
229,2026-09-14T02:17:03.485+00:00,2026-09-14T02:21:57.180+00:00,2026-09-14T02:22:03.571+00:00,False,94,93.0,,93.0,293694.643004,300086.050876,300086.05079300003,3192.404795670213,0.037079999999999995,293694.643004,30285.2077607483,87.57773499999999,68.72481582795699,20.274601329377653,0.30991110625941415,32,64,,False,False,Request timeout: 300.0s exceeded,323,21.16838264042747
230,2026-09-14T02:17:06.953+00:00,2026-09-14T02:22:00.733+00:00,2026-09-14T02:22:06.981+00:00,False,93,92.0,,92.0,293780.185718,300027.581046,300027.58091,3226.103020537634,0.02086,293780.185718,30456.55110099726,89.66409459999998,67.90647095652173,20.05019534068808,0.30663847530035787,32,64,,False,False,Request timeout: 300.0s exceeded,404,21.16838264042747
231,2026-09-14T02:17:10.272+00:00,2026-09-14T02:22:03.701+00:00,2026-09-14T02:22:10.322+00:00,False,100,99.0,,99.0,293428.229626,300049.06572199997,300049.065939,3000.49065939,0.02197,293428.229626,29336.14258163976,89.565858,66.87713228282828,20.847159034365013,0.32994603653165516,32,64,,False,False,Request timeout: 300.0s exceeded,461,21.16838264042747
232,2026-09-14T02:17:13.089+00:00,2026-09-14T02:22:06.936+00:00,2026-09-14T02:22:13.147+00:00,False,101,100.0,,100.0,293847.093182,300057.818046,300057.818102,2970.869486158416,0.0,293847.093182,29232.77418798637,88.70518399999999,62.10724864,66.77156526262577,0.3332691034388234,32,64,,False,False,Request timeout: 300.0s exceeded,463,21.16838264042747
233,2026-09-14T02:17:16.746+00:00,2026-09-14T02:22:10.405+00:00,2026-09-14T02:22:16.789+00:00,False,104,103.0,,103.0,293659.24085500004,300042.765719,300042.765719,2885.0265934519234,0.0,293659.24085500004,28789.653440573467,87.6516073,61.97596955339806,65.15081327041844,0.3432843973197571,32,64,,False,False,Request timeout: 300.0s exceeded,420,21.16838264042747
234,2026-09-14T02:17:20.553+00:00,2026-09-14T02:22:14.219+00:00,2026-09-14T02:22:20.578+00:00,False,92,91.0,,91.0,293665.805682,300025.02206600003,300025.021898,3261.1415423695653,0.04451,293665.805682,30609.496946078336,88.68084005,69.88149872527472,19.103170060594383,0.3033080353544034,32,64,,False,False,Request timeout: 300.0s exceeded,409,21.16838264042747
235,2026-09-14T02:17:23.287+00:00,2026-09-14T02:22:16.916+00:00,2026-09-14T02:22:23.331+00:00,False,93,92.0,,92.0,293629.245574,300043.915398,300043.915192,3226.2786579784947,0.02016,293629.245574,30440.710455638487,89.000352,69.724672,19.511334680283753,0.30662178194136863,32,64,,False,False,Request timeout: 300.0s exceeded,447,21.16838264042747
236,2026-09-14T02:17:25.763+00:00,2026-09-14T02:22:19.177+00:00,2026-09-14T02:22:25.792+00:00,False,100,99.0,,99.0,293414.039038,300029.46099,300029.460923,3000.29460923,0.037880000000000004,293414.039038,29334.72863431459,89.68585845,66.82244395959596,20.331876233933826,0.32996759609317056,32,64,,False,False,Request timeout: 300.0s exceeded,451,21.16838264042747
237,2026-09-14T02:17:29.426+00:00,2026-09-14T02:22:23.244+00:00,2026-09-14T02:22:29.487+00:00,False,95,94.0,,94.0,293817.726998,300060.792854,300060.79285,3158.534661578947,0.03401,293817.726998,30138.255577506367,87.99825500000001,66.41559421276595,20.559280126289394,0.31326985143886293,32,64,,False,False,Request timeout: 300.0s exceeded,473,21.16838264042747
238,2026-09-14T02:17:33.188+00:00,2026-09-14T02:22:26.786+00:00,2026-09-14T02:22:33.215+00:00,False,92,91.0,,91.0,293598.09974000003,300026.96476400003,300026.964669,3261.1626594456525,0.02584,293598.09974000003,30602.358887902905,89.27488100000001,70.6468683956044,20.00243280733464,0.3033060714112154,32,64,,False,False,Request timeout: 300.0s exceeded,434,21.16838264042747
239,2026-09-14T02:17:35.784+00:00,2026-09-14T02:22:29.488+00:00,2026-09-14T02:22:35.853+00:00,False,90,89.0,,89.0,293703.780821,300068.755669,300068.755665,3334.0972851666666,0.02402,293703.780821,30951.56495817448,89.39737895,71.51657132584269,20.38908777583877,0.2965986905286939,32,64,,False,False,Request timeout: 300.0s exceeded,341,21.16838264042747
240,2026-09-14T02:17:38.254+00:00,2026-09-14T02:22:31.975+00:00,2026-09-14T02:22:38.277+00:00,False,91,90.0,,90.0,293720.95202799997,300022.80393199995,300022.80389599997,3296.9538889670325,0.02025,293720.95202799997,30782.989524362132,93.4660025,70.02057671111112,21.82558850531179,0.299977197801266,32,64,,False,False,Request timeout: 300.0s exceeded,438,21.16838264042747
241,2026-09-14T02:17:41.321+00:00,2026-09-14T02:22:35.297+00:00,2026-09-14T02:22:41.366+00:00,False,87,86.0,,86.0,293975.205837,300044.52679699997,300044.526846,3448.7876648965516,0.02571,293975.205837,31509.89090605209,90.75777099999999,70.57349953488372,20.927146358301044,0.2866241251525468,32,64,,False,False,Request timeout: 300.0s exceeded,375,21.16838264042747
242,2026-09-14T02:17:43.843+00:00,2026-09-14T02:22:37.939+00:00,2026-09-14T02:22:43.876+00:00,False,85,84.0,,84.0,294096.152205,300032.665741,300032.66575499997,3529.7960677058823,0.02115,294096.152205,31891.548288302456,92.00394340000001,70.67278019047619,21.792840935441976,0.2799695152944184,32,64,,False,False,Request timeout: 300.0s exceeded,388,21.16838264042747
243,2026-09-14T02:17:47.654+00:00,2026-09-14T02:22:41.368+00:00,2026-09-14T02:22:47.683+00:00,False,94,93.0,,93.0,293713.66987,300028.17483,300028.17465199996,3191.789092042553,0.02594,293713.66987,30287.255885388095,90.73763,67.89790279569893,20.8170544896219,0.30997088874301576,32,64,,False,False,Request timeout: 300.0s exceeded,472,21.16838264042747
244,2026-09-14T02:17:51.119+00:00,2026-09-14T02:22:44.669+00:00,2026-09-14T02:22:51.134+00:00,False,96,95.0,,95.0,293550.07958099997,300014.76489299996,300014.764805,3125.153800052083,0.02156,293550.07958099997,29953.390325032502,88.18690375,68.04931907368422,19.12431145156724,0.3166510822688399,32,64,,False,False,Request timeout: 300.0s exceeded,274,21.16838264042747
245,2026-09-14T02:17:53.825+00:00,2026-09-14T02:22:47.520+00:00,2026-09-14T02:22:53.859+00:00,False,94,93.0,,93.0,293695.16962199996,300034.76693399996,300034.76680999994,3191.8592213829784,0.03575,293695.16962199996,30285.318907641966,86.71499345000001,68.16771303225806,19.29924234129111,0.30996407833115436,32,64,,False,False,Request timeout: 300.0s exceeded,466,21.16838264042747
246,2026-09-14T02:17:56.919+00:00,2026-09-14T02:22:50.682+00:00,2026-09-14T02:22:56.953+00:00,False,96,95.0,,95.0,293763.097273,300034.142905,300034.142917,3125.3556553854164,0.023190000000000002,293763.097273,29975.3403420209,88.76999725,66.01100665263158,20.58888948082483,0.3166306310348149,32,64,,False,False,Request timeout: 300.0s exceeded,455,21.16838264042747
247,2026-09-14T02:17:59.457+00:00,2026-09-14T02:22:53.468+00:00,2026-09-14T02:22:59.483+00:00,False,88,87.0,,87.0,294011.567635,300026.132243,300026.132251,3409.387866488636,0.04351,294011.567635,31334.375899125742,90.13589950000001,69.13292652873564,21.179523550041218,0.2899747410320117,32,64,,False,False,Request timeout: 300.0s exceeded,464,21.16838264042747
248,2026-09-14T02:18:02.433+00:00,2026-09-14T02:22:56.372+00:00,2026-09-14T02:23:02.443+00:00,False,89,88.0,,88.0,293938.017144,300009.709944,300009.709919,3370.8956170674155,0.04129,293938.017144,31150.060987284007,90.55450680000001,68.9965090909091,21.15221316692316,0.2933238394731495,32,64,,False,False,Request timeout: 300.0s exceeded,404,21.16838264042747
249,2026-09-14T02:18:06.560+00:00,2026-09-14T02:22:59.963+00:00,2026-09-14T02:23:06.574+00:00,False,101,100.0,,100.0,293402.565144,300014.06747999997,300014.067598,2970.436312851485,0.0,293402.565144,29188.141941523474,88.840572,66.11502336,66.15926751435136,0.33331770353290635,32,64,,False,False,Request timeout: 300.0s exceeded,405,21.16838264042747
250,2026-09-14T02:18:09.647+00:00,2026-09-14T02:23:03.545+00:00,2026-09-14T02:23:09.670+00:00,False,96,95.0,,95.0,293897.66079299996,300022.59340099996,300022.59348499996,3125.235348802083,0.0,293897.66079299996,29989.300375813058,89.488281,64.47297482105263,67.9737523860472,0.31664281987265624,32,64,,False,False,Request timeout: 300.0s exceeded,456,21.16838264042747
251,2026-09-14T02:18:12.851+00:00,2026-09-14T02:23:06.669+00:00,2026-09-14T02:23:12.909+00:00,False,95,94.0,,94.0,293817.748657,300057.836721,300057.836755,3158.503544789474,0.027268999999999998,293817.748657,30138.26094388455,89.458335,66.38391557446808,20.401737884147167,0.31327293773501125,32,64,,False,False,Request timeout: 300.0s exceeded,421,21.16838264042747
252,2026-09-14T02:18:16.910+00:00,2026-09-14T02:23:10.426+00:00,2026-09-14T02:23:16.950+00:00,False,91,90.0,,90.0,293516.426871,300040.663159,300040.66306,3297.1501435164832,0.02117,293516.426871,30761.288984854986,90.06327950000001,72.4915143111111,19.63752645811372,0.29995934235189475,32,64,,False,False,Request timeout: 300.0s exceeded,561,21.16838264042747
253,2026-09-14T02:18:19.268+00:00,2026-09-14T02:23:13.119+00:00,2026-09-14T02:23:19.281+00:00,False,86,85.0,,85.0,293850.839199,300012.684447,300012.68445299997,3488.5195866627905,0.0245,293850.839199,31678.939943605594,90.42951099999999,72.49229703529411,19.75971678159993,0.28332135408433384,32,64,,False,False,Request timeout: 300.0s exceeded,375,21.16838264042747
254,2026-09-14T02:18:22.936+00:00,2026-09-14T02:23:16.424+00:00,2026-09-14T02:23:22.963+00:00,False,100,99.0,,99.0,293487.782893,300027.19358099997,300027.193399,3000.27193399,0.027350000000000003,293487.782893,29342.179986404582,88.9276434,66.05465341414141,20.605885083768197,0.3299700897721207,32,64,,False,False,Request timeout: 300.0s exceeded,388,21.16838264042747
255,2026-09-14T02:18:25.626+00:00,2026-09-14T02:23:19.116+00:00,2026-09-14T02:23:25.638+00:00,False,98,97.0,,97.0,293490.015992,300011.464696,300011.464647,3061.341475989796,0.01645,293490.015992,29640.184260415805,90.33138299999999,67.23142993814433,20.498190204005855,0.32332097741094523,32,64,,False,False,Request timeout: 300.0s exceeded,416,21.16838264042747
256,2026-09-14T02:18:28.127+00:00,2026-09-14T02:23:21.797+00:00,2026-09-14T02:23:28.147+00:00,False,94,93.0,,93.0,293670.190046,300020.03452600003,300020.034613,3191.702495882979,0.02453,293670.190046,30282.732072730385,91.075738,68.2778976344086,20.789813718894198,0.30997929903891314,32,64,,False,False,Request timeout: 300.0s exceeded,518,21.16838264042747
257,2026-09-14T02:18:31.971+00:00,2026-09-14T02:23:25.514+00:00,2026-09-14T02:23:32.024+00:00,False,100,99.0,,99.0,293542.871211,300052.855211,300052.85529900005,3000.52855299,0.022359999999999998,293542.871211,29347.71880983553,89.9260125,65.75741414141415,20.98979692161549,0.32994186950956444,32,64,,False,False,Request timeout: 300.0s exceeded,453,21.16838264042747
258,2026-09-14T02:18:35.122+00:00,2026-09-14T02:23:28.849+00:00,2026-09-14T02:23:35.213+00:00,False,98,97.0,,97.0,293726.543298,300091.286722,300091.286673,3062.1559864591836,0.03546,293726.543298,29664.241137337667,91.54459915000001,65.61591158762886,21.67045286814863,0.3232349764618768,32,64,,False,False,Request timeout: 300.0s exceeded,509,21.16838264042747
259,2026-09-14T02:18:38.944+00:00,2026-09-14T02:23:32.328+00:00,2026-09-14T02:23:38.997+00:00,False,98,97.0,,97.0,293383.50349699997,300052.999561,300052.99963,3061.7653023469384,0.03531,293383.50349699997,29629.270630547282,89.9044195,68.7576913814433,20.39590754845438,0.3232762216738985,32,64,,False,False,Request timeout: 300.0s exceeded,495,21.16838264042747
260,2026-09-14T02:18:43.092+00:00,2026-09-14T02:23:36.264+00:00,2026-09-14T02:23:43.139+00:00,False,102,101.0,,101.0,293171.469953,300047.029633,300047.029569,2941.6375447941177,0.03929,293171.469953,29021.56707639861,89.03784704999998,68.07484831683168,19.409521733582466,0.3366138972398337,32,64,,False,False,Request timeout: 300.0s exceeded,217,21.16838264042747
261,2026-09-14T02:18:45.665+00:00,2026-09-14T02:23:39.205+00:00,2026-09-14T02:23:45.747+00:00,False,97,96.0,,96.0,293540.076649,300081.430377,300081.430462,3093.622994453608,0.04111,293540.076649,29797.566673884117,88.02700360000003,68.13910133333333,19.068345730286648,0.319913164501358,32,64,,False,False,Request timeout: 300.0s exceeded,434,21.16838264042747
262,2026-09-14T02:18:49.813+00:00,2026-09-14T02:23:43.471+00:00,2026-09-14T02:23:49.851+00:00,False,96,95.0,,95.0,293658.052998,300038.273158,300038.273171,3125.3986788645834,0.03025,293658.052998,29964.501473086017,88.04023125000002,67.16021221052631,19.77141970889027,0.31662627237550134,32,64,,False,False,Request timeout: 300.0s exceeded,391,21.16838264042747
263,2026-09-14T02:18:52.871+00:00,2026-09-14T02:23:46.600+00:00,2026-09-14T02:23:52.952+00:00,False,94,93.0,,93.0,293728.757235,300081.213171,300081.213126,3192.3533311276597,0.02247,293728.757235,30288.769491542436,88.12106465000001,68.30597780645162,20.149666711090966,0.3099161024352576,32,64,,False,False,Request timeout: 300.0s exceeded,352,21.16838264042747
264,2026-09-14T02:18:56.800+00:00,2026-09-14T02:23:50.319+00:00,2026-09-14T02:23:56.887+00:00,False,96,95.0,,95.0,293519.097195,300087.250539,300087.25058,3125.908860208333,0.02182,293519.097195,29950.118137790316,91.475027,69.13845625263157,20.79017447351778,0.3165745956529853,32,64,,False,False,Request timeout: 300.0s exceeded,387,21.16838264042747
265,2026-09-14T02:19:00.687+00:00,2026-09-14T02:23:54.898+00:00,2026-09-14T02:24:01.357+00:00,False,95,94.0,,94.0,294211.144741,300669.832485,300669.83236,3164.945603789474,0.02373,294211.144741,30178.44831932722,92.0198268,68.70944408510638,65.91292107170379,0.3126352890913641,32,64,,False,False,Request timeout: 300.0s exceeded,356,21.16838264042747
266,2026-09-14T02:19:04.693+00:00,2026-09-14T02:23:58.413+00:00,2026-09-14T02:24:04.742+00:00,False,106,105.0,,105.0,293719.812288,300048.67424,300048.674331,2830.64787104717,0.0,293719.812288,28522.809776880422,93.43941525,60.27487573333333,65.31609197627017,0.3499432225986562,32,64,,False,False,Request timeout: 300.0s exceeded,553,21.16838264042747
267,2026-09-14T02:19:07.010+00:00,2026-09-14T02:24:01.549+00:00,2026-09-14T02:24:07.043+00:00,False,83,82.0,,82.0,294539.66627100005,300033.88527900004,300033.88540800003,3614.866089253013,0.02117,294539.66627100005,32322.58020453952,89.22713100000001,67.0026708292683,20.13903913434854,0.2733024635659022,32,64,,False,False,Request timeout: 300.0s exceeded,351,21.16838264042747
268,2026-09-14T02:19:09.885+00:00,2026-09-14T02:24:03.987+00:00,2026-09-14T02:24:09.919+00:00,False,91,90.0,,90.0,294101.37830299995,300033.72031899996,300033.72043499997,3297.0738509340654,0.02564,294101.37830299995,30823.298061078018,87.71935000000002,65.91491128888889,19.79872983219709,0.2999662834707738,32,64,,False,False,Request timeout: 300.0s exceeded,282,21.16838264042747
269,2026-09-14T02:19:13.728+00:00,2026-09-14T02:24:07.810+00:00,2026-09-14T02:24:13.801+00:00,False,90,89.0,,89.0,294081.92171499995,300073.3434109999,300073.34336199996,3334.148259577777,0.027010000000000003,294081.92171499995,30991.86669990108,88.60277494999998,67.3193448988764,20.038249528649697,0.2965941559097431,32,64,,False,False,Request timeout: 300.0s exceeded,415,21.16838264042747
270,2026-09-14T02:19:17.212+00:00,2026-09-14T02:24:10.621+00:00,2026-09-14T02:24:17.224+00:00,False,98,97.0,,97.0,293409.05010299996,300011.50847099995,300011.50860099995,3061.3419244999995,0.02273,293409.05010299996,29631.920498004296,87.01348635000001,68.06658111340207,19.584948284376285,0.3233209302348357,32,64,,False,False,Request timeout: 300.0s exceeded,605,21.16838264042747
271,2026-09-14T02:19:20.545+00:00,2026-09-14T02:24:14.397+00:00,2026-09-14T02:24:20.560+00:00,False,90,89.0,,89.0,293851.70556599996,300014.29730999994,300014.29737299995,3333.492193033333,0.038270000000000005,293851.70556599996,30967.397442153768,89.81694345,69.24260386516855,20.622806844192215,0.29665252888944066,32,64,,False,False,Request timeout: 300.0s exceeded,397,21.16838264042747
272,2026-09-14T02:19:24.310+00:00,2026-09-14T02:24:18.316+00:00,2026-09-14T02:24:24.368+00:00,False,89,88.0,,88.0,294006.185488,300058.93351999996,300058.933657,3371.448692775281,0.022629999999999997,294006.185488,31157.308985699427,89.46374,68.78122763636364,20.16121737947708,0.293275720764816,32,64,,False,False,Request timeout: 300.0s exceeded,303,21.16838264042747
273,2026-09-14T02:19:27.783+00:00,2026-09-14T02:24:21.263+00:00,2026-09-14T02:24:27.852+00:00,False,100,99.0,,99.0,293479.63612800004,300069.37744000007,300069.377533,3000.6937753300003,0.01868,293479.63612800004,29341.314274034707,88.47065845000002,66.56304355555555,20.32082851389639,0.32992370246042646,32,64,,False,False,Request timeout: 300.0s exceeded,461,21.16838264042747
274,2026-09-14T02:19:31.948+00:00,2026-09-14T02:24:25.477+00:00,2026-09-14T02:24:32.009+00:00,False,98,97.0,,97.0,293528.96465499996,300060.88913499995,300060.88915199996,3061.845807673469,0.024489999999999998,293528.96465499996,29644.107574361555,88.49608070000001,67.33942762886598,20.226401315132854,0.3232677216935089,32,64,,False,False,Request timeout: 300.0s exceeded,515,21.16838264042747
275,2026-09-14T02:19:34.964+00:00,2026-09-14T02:24:28.340+00:00,2026-09-14T02:24:35.032+00:00,False,101,100.0,,100.0,293375.827355,300067.77205900004,300067.77197400003,2970.9680393465346,0.02332,293375.827355,29185.334117309412,89.073902,66.91944704,20.25509256578743,0.333258048053017,32,64,,False,False,Request timeout: 300.0s exceeded,478,21.16838264042747
276,2026-09-14T02:19:37.862+00:00,2026-09-14T02:24:31.291+00:00,2026-09-14T02:24:37.882+00:00,False,98,97.0,,97.0,293429.565989,300019.731749,300019.73175100004,3061.425834193878,0.02888,293429.565989,29634.00599107277,87.84898034999998,67.93985319587628,20.000242096586863,0.3233120682913993,32,64,,False,False,Request timeout: 300.0s exceeded,301,21.16838264042747
277,2026-09-14T02:19:40.818+00:00,2026-09-14T02:24:34.248+00:00,2026-09-14T02:24:40.859+00:00,False,96,95.0,,95.0,293429.889851,300040.350523,300040.35073999997,3125.420320208333,0.03535,293429.889851,29940.967489152554,88.51283800000002,69.58379654736842,20.031324098718816,0.31662408017590166,32,64,,False,False,Request timeout: 300.0s exceeded,389,21.16838264042747
278,2026-09-14T02:19:44.963+00:00,2026-09-14T02:24:38.632+00:00,2026-09-14T02:24:44.973+00:00,False,90,89.0,,89.0,293668.720907,300009.892363,300009.892356,3333.4432484,0.032670000000000005,293668.720907,30947.897712457307,91.2484639,71.24911748314607,20.695062030457116,0.29665688454137223,32,64,,False,False,Request timeout: 300.0s exceeded,329,21.16838264042747
279,2026-09-14T02:19:47.534+00:00,2026-09-14T02:24:41.140+00:00,2026-09-14T02:24:47.609+00:00,False,62,61.0,,61.0,293606.720799,300075.728927,300075.728908,4839.931111419355,0.02954,293606.720799,37275.65877424243,90.29190869999998,106.04931357377049,280.2464375852807,0.203282018902767,32,64,,False,False,Request timeout: 300.0s exceeded,283,21.16838264042747
280,2026-09-14T02:19:51.083+00:00,2026-09-14T02:24:44.971+00:00,2026-09-14T02:24:51.144+00:00,False,104,103.0,,103.0,293888.330616,300061.362808,300061.362809,2885.205411625,0.01512,293888.330616,28813.021652737727,93.14355614999998,59.93235137864078,212.59731284824917,0.3432631213699663,32,64,,False,False,Request timeout: 300.0s exceeded,154,21.16838264042747
281,2026-09-14T02:19:55.033+00:00,2026-09-14T02:24:48.955+00:00,2026-09-14T02:24:55.055+00:00,False,88,87.0,,87.0,293922.477823,300022.770175,300022.770351,3409.3496630795453,0.04305,293922.477823,31324.773300572862,90.80561349999999,70.11830289655173,20.335031102023734,0.28997799050136713,32,64,,False,False,Request timeout: 300.0s exceeded,129,21.16838264042747
282,2026-09-14T02:19:58.620+00:00,2026-09-14T02:24:52.330+00:00,2026-09-14T02:24:58.639+00:00,False,97,96.0,,96.0,293710.59019099997,300019.24350299995,300019.24348799995,3092.9818916288655,0.0,293710.59019099997,29815.19860311148,88.4032616,65.71513866666666,68.91843143880322,0.31997947491338197,32,64,,False,False,Request timeout: 300.0s exceeded,314,21.16838264042747
283,2026-09-14T02:20:02.527+00:00,2026-09-14T02:24:56.211+00:00,2026-09-14T02:25:02.594+00:00,False,100,99.0,,99.0,293684.14043900004,300066.94517500006,300066.945031,3000.6694503100002,0.0,293684.14043900004,29362.043071898403,86.77998149999999,64.47277511111112,67.2806219379371,0.3299263767365741,32,64,,False,False,Request timeout: 300.0s exceeded,464,21.16838264042747
284,2026-09-14T02:20:05.195+00:00,2026-09-14T02:24:59.007+00:00,2026-09-14T02:25:05.255+00:00,False,95,94.0,,94.0,293812.61305,300060.01401,300060.01393799996,3158.526462505263,0.024640000000000002,293812.61305,30137.725753087638,87.69439469999999,66.46171234042554,19.937963771385,0.3132706645706792,32,64,,False,False,Request timeout: 300.0s exceeded,323,21.16838264042747
285,2026-09-14T02:20:08.926+00:00,2026-09-14T02:25:02.764+00:00,2026-09-14T02:25:09.007+00:00,False,93,92.0,,92.0,293838.606719,300081.57964699995,300081.57968499995,3226.6836525268814,0.02895,293838.606719,30462.61376775246,88.1509612,67.85840139130434,19.596675163632447,0.3065832968095673,32,64,,False,False,Request timeout: 300.0s exceeded,134,21.16838264042747
286,2026-09-14T02:20:11.799+00:00,2026-09-14T02:25:05.512+00:00,2026-09-14T02:25:11.807+00:00,False,93,92.0,,92.0,293713.012586,300008.52977,300008.52974100003,3225.8981692580646,0.02088,293713.012586,30449.53115735442,89.25332979999999,68.42953460869566,19.77728956653403,0.30665794759412784,32,64,,False,False,Request timeout: 300.0s exceeded,353,21.16838264042747
287,2026-09-14T02:20:14.550+00:00,2026-09-14T02:25:08.459+00:00,2026-09-14T02:25:14.603+00:00,False,90,89.0,,89.0,293908.98874299997,300053.78183099994,300053.78170799994,3333.930907866666,0.02002,293908.98874299997,30973.456304921787,88.62915744999998,69.04261896629212,20.016312600543586,0.2966134919443465,32,64,,False,False,Request timeout: 300.0s exceeded,360,21.16838264042747
288,2026-09-14T02:20:18.453+00:00,2026-09-14T02:25:12.392+00:00,2026-09-14T02:25:18.460+00:00,False,88,87.0,,87.0,293939.443242,300007.275562,300007.275448,3409.1735846363636,0.02215,293939.443242,31326.62204890886,90.57836805000001,69.74519908045977,21.033101992157786,0.28999296712729367,32,64,,False,False,Request timeout: 300.0s exceeded,431,21.16838264042747
289,2026-09-14T02:20:21.902+00:00,2026-09-14T02:25:15.454+00:00,2026-09-14T02:25:21.910+00:00,False,95,94.0,,94.0,293552.333272,300007.966168,300007.966119,3157.978590726316,0.019030000000000002,293552.333272,30110.794766351315,89.935605,68.67694570212767,20.579991038381277,0.3133250133343506,32,64,,False,False,Request timeout: 300.0s exceeded,305,21.16838264042747
290,2026-09-14T02:20:25.548+00:00,2026-09-14T02:25:19.022+00:00,2026-09-14T02:25:25.602+00:00,False,101,100.0,,100.0,293473.58063200006,300053.71887200006,300053.71908500005,2970.8289018316837,0.038840000000000006,293473.58063200006,29195.172784227365,89.556441,65.8013824,21.115299302411678,0.33327365638370576,32,64,,False,False,Request timeout: 300.0s exceeded,505,21.16838264042747
291,2026-09-14T02:20:29.334+00:00,2026-09-14T02:25:23.796+00:00,2026-09-14T02:25:29.361+00:00,False,80,79.0,,79.0,294462.210226,300026.871474,300026.871346,3750.335891825,0.03621,294462.210226,32914.00689338642,90.7065275,70.43874997468353,20.39909492246695,0.263309748263152,32,64,,False,False,Request timeout: 300.0s exceeded,330,21.16838264042747
292,2026-09-14T02:20:31.897+00:00,2026-09-14T02:25:25.514+00:00,2026-09-14T02:25:31.917+00:00,False,91,90.0,,90.0,293616.618183,300020.112327,300020.112283,3296.924310802198,0.038090000000000006,293616.618183,30771.933287235723,92.53057949999999,71.14993493333334,20.815276154852878,0.29997988902126194,32,64,,False,False,Request timeout: 300.0s exceeded,419,21.16838264042747
293,2026-09-14T02:20:35.509+00:00,2026-09-14T02:25:29.278+00:00,2026-09-14T02:25:35.558+00:00,False,89,88.0,,88.0,293768.564526,300048.575022,300048.574824,3371.3323013932586,0.045200000000000004,293768.564526,31131.84765701175,93.5872668,71.36375563636363,20.44759289534594,0.29328584544535063,32,64,,False,False,Request timeout: 300.0s exceeded,336,21.16838264042747
294,2026-09-14T02:20:38.218+00:00,2026-09-14T02:25:32.407+00:00,2026-09-14T02:25:38.271+00:00,False,86,85.0,,85.0,294189.39489,300053.216458,300053.216296,3488.990887162791,0.01878,294189.39489,31715.82566579618,89.49892075,68.98613609411764,20.16320454613678,0.2832830822591695,32,64,,False,False,Request timeout: 300.0s exceeded,404,21.16838264042747
295,2026-09-14T02:20:41.048+00:00,2026-09-14T02:25:34.888+00:00,2026-09-14T02:25:41.055+00:00,False,92,91.0,,91.0,293840.37285900005,300006.849915,300006.84985600004,3260.9440201739135,0.039509999999999997,293840.37285900005,30627.918167339947,87.44997905,67.76348413186814,19.928840300047135,0.3033264074663053,32,64,,False,False,Request timeout: 300.0s exceeded,393,21.16838264042747
296,2026-09-14T02:20:44.925+00:00,2026-09-14T02:25:38.510+00:00,2026-09-14T02:25:44.973+00:00,False,96,95.0,,95.0,293584.924851,300048.26001900004,300048.260082,3125.5027091875004,0.01828,293584.924851,29956.948710978322,89.10671475,68.03510703157895,19.984872479815323,0.3166157337289151,32,64,,False,False,Request timeout: 300.0s exceeded,366,21.16838264042747
297,2026-09-14T02:20:48.382+00:00,2026-09-14T02:25:42.205+00:00,2026-09-14T02:25:48.388+00:00,False,91,90.0,,90.0,293822.212731,300005.18309899996,300005.18300699996,3296.7602528241755,0.039630000000000006,293822.212731,30793.74223982915,90.2689795,68.69967075555556,20.718228174984407,0.29999481699054686,32,64,,False,False,Request timeout: 300.0s exceeded,396,21.16838264042747
298,2026-09-14T02:20:52.215+00:00,2026-09-14T02:25:46.015+00:00,2026-09-14T02:25:52.263+00:00,False,93,92.0,,92.0,293799.838663,300048.426183,300048.426148,3226.32716288172,0.0,293799.838663,30458.66191843177,88.5326372,67.91942956521738,70.5307955470422,0.3066171723356718,32,64,,False,False,Request timeout: 300.0s exceeded,412,21.16838264042747
299,2026-09-14T02:20:55.646+00:00,2026-09-14T02:25:49.583+00:00,2026-09-14T02:25:55.722+00:00,False,97,96.0,,96.0,293936.879658,300075.667754,300075.66769100004,3093.563584443299,0.0,293936.879658,29838.356301562722,89.4664174,63.94570933333333,69.7391219659468,0.3199193080816541,32,64,,False,False,Request timeout: 300.0s exceeded,364,21.16838264042747
300,2026-09-14T02:20:58.779+00:00,2026-09-14T02:25:52.782+00:00,2026-09-14T02:25:58.822+00:00,False,92,91.0,,91.0,294002.58884,300042.94416799996,300042.94432099996,3261.336351315217,0.02252,294002.58884,30644.97574429522,90.04209005000001,66.37753107692308,21.28233511563734,0.3032899182226638,32,64,,False,False,Request timeout: 300.0s exceeded,419,21.16838264042747
301,2026-09-14T02:21:02.313+00:00,2026-09-14T02:25:56.115+00:00,2026-09-14T02:26:02.356+00:00,False,91,90.0,,90.0,293802.03673500003,300043.82822300005,300043.82839200005,3297.1849273846155,0.01992,293802.03673500003,30791.55813512741,89.407761,69.35323875555555,19.837946485702,0.2999561781791084,32,64,,False,False,Request timeout: 300.0s exceeded,489,21.16838264042747
302,2026-09-14T02:21:05.749+00:00,2026-09-14T02:25:59.818+00:00,2026-09-14T02:26:05.755+00:00,False,86,85.0,,85.0,294069.85563,300006.055054,300006.055144,3488.4425016744185,0.019530000000000002,294069.85563,31702.843933983702,90.794076,69.83764028235294,20.69069944875532,0.2833276147866426,32,64,,False,False,Request timeout: 300.0s exceeded,190,21.16838264042747
303,2026-09-14T02:21:09.338+00:00,2026-09-14T02:26:03.360+00:00,2026-09-14T02:26:09.347+00:00,False,92,91.0,,91.0,294021.350815,300008.822431,300008.82226,3260.9654593478263,0.027010000000000003,294021.350815,30646.992259944025,90.35535600000001,65.79639138461539,21.072532359468926,0.30332441313764824,32,64,,False,False,Request timeout: 300.0s exceeded,428,21.16838264042747
304,2026-09-14T02:21:12.994+00:00,2026-09-14T02:26:06.735+00:00,2026-09-14T02:26:13.080+00:00,False,94,93.0,,93.0,293741.24629000004,300085.78875400004,300085.78873800003,3192.4020078510644,0.03403,293741.24629000004,30290.06677292612,90.66534599999999,68.22088670967742,20.685854444248854,0.30991137696373283,32,64,,False,False,Request timeout: 300.0s exceeded,395,21.16838264042747
305,2026-09-14T02:21:16.041+00:00,2026-09-14T02:26:10.029+00:00,2026-09-14T02:26:16.126+00:00,False,88,87.0,,87.0,293987.71305,300085.168666,300085.16870100005,3410.0587352386365,0.02124,293987.71305,31331.730206759225,89.72912035000002,70.08569673563218,19.267457456759676,0.2899176936559384,32,64,,False,False,Request timeout: 300.0s exceeded,405,21.16838264042747
306,2026-09-14T02:21:20.184+00:00,2026-09-14T02:26:13.873+00:00,2026-09-14T02:26:20.248+00:00,False,97,96.0,,96.0,293689.628771,300064.08739500004,300064.08728700003,3093.444198835052,0.01982,293689.628771,29812.929105753858,88.7511124,66.40061066666667,20.87899584408887,0.3199316547122381,32,64,,False,False,Request timeout: 300.0s exceeded,395,21.16838264042747
307,2026-09-14T02:21:23.812+00:00,2026-09-14T02:26:17.451+00:00,2026-09-14T02:26:23.819+00:00,False,96,95.0,,95.0,293638.29676,300006.342328,300006.34210999997,3125.0660636458333,0.03606,293638.29676,29962.498514551182,88.23714125000001,67.03205861052632,20.261218901605428,0.31665997212864094,32,64,,False,False,Request timeout: 300.0s exceeded,466,21.16838264042747
308,2026-09-14T02:21:27.678+00:00,2026-09-14T02:26:21.686+00:00,2026-09-14T02:26:27.719+00:00,False,88,87.0,,87.0,294008.21085100004,300041.063075,300041.06297900004,3409.557533852273,0.04308,294008.21085100004,31333.99465354638,88.46706185,69.34312901149426,19.619805091951655,0.28996031112665727,32,64,,False,False,Request timeout: 300.0s exceeded,373,21.16838264042747
309,2026-09-14T02:21:30.887+00:00,2026-09-14T02:26:24.378+00:00,2026-09-14T02:26:30.955+00:00,False,100,99.0,,99.0,293491.598504,300068.28484,300068.284763,3000.6828476299997,0.01991,293491.598504,29342.523884243925,89.45469595,66.43117511111112,20.590163220002772,0.3299249037691137,32,64,,False,False,Request timeout: 300.0s exceeded,132,21.16838264042747
310,2026-09-14T02:21:33.733+00:00,2026-09-14T02:26:27.430+00:00,2026-09-14T02:26:33.748+00:00,False,94,93.0,,93.0,293697.657289,300015.504329,300015.504145,3191.6542994148936,0.03596,293697.657289,30285.60032363154,88.59896115,67.93383913978495,20.395157528919572,0.30998397968798064,32,64,,False,False,Request timeout: 300.0s exceeded,416,21.16838264042747
311,2026-09-14T02:21:36.411+00:00,2026-09-14T02:26:30.146+00:00,2026-09-14T02:26:36.479+00:00,False,94,93.0,,93.0,293734.221004,300067.74036399997,300067.740296,3192.2100031489363,0.03171,293734.221004,30289.35358710116,86.7450015,68.10235870967742,19.45258764408953,0.30993001742601684,32,64,,False,False,Request timeout: 300.0s exceeded,352,21.16838264042747
312,2026-09-14T02:21:39.020+00:00,2026-09-14T02:26:32.600+00:00,2026-09-14T02:26:39.106+00:00,False,98,97.0,,97.0,293580.058679,300085.596727,300085.596679,3062.0979252959182,0.11109000000000001,293580.058679,29649.29607807188,88.9441655,67.06740255670104,19.853176593992462,0.32324110539782025,32,64,,False,False,Request timeout: 300.0s exceeded,473,21.16838264042747
313,2026-09-14T02:21:42.431+00:00,2026-09-14T02:26:35.917+00:00,2026-09-14T02:26:42.455+00:00,False,98,97.0,,97.0,293485.950289,300024.228177,300024.228121,3061.471715520408,0.023260000000000003,293485.950289,29639.756060757933,89.52293384999999,67.40492668041237,20.5333277577121,0.3233072228512646,32,64,,False,False,Request timeout: 300.0s exceeded,473,21.16838264042747
314,2026-09-14T02:21:46.325+00:00,2026-09-14T02:26:39.235+00:00,2026-09-14T02:26:46.461+00:00,False,102,101.0,,101.0,292909.574948,300135.465508,300135.465357,2942.5045623235296,0.041919,292909.574948,28995.3457028063,88.18293150000001,71.54347089108911,59.26462984640158,0.3365147128782349,32,64,,False,False,Request timeout: 300.0s exceeded,525,21.16838264042747
315,2026-09-14T02:21:49.956+00:00,2026-09-14T02:26:43.746+00:00,2026-09-14T02:26:49.976+00:00,False,100,99.0,,99.0,293789.50293300004,300019.94466100005,300019.94472400006,3000.1994472400006,0.0,293789.50293300004,29372.726306779918,93.03655710000001,62.93375482828282,64.17069579653104,0.32997806233136445,32,64,,False,False,Request timeout: 300.0s exceeded,443,21.16838264042747
316,2026-09-14T02:21:53.987+00:00,2026-09-14T02:26:47.743+00:00,2026-09-14T02:26:54.035+00:00,False,95,94.0,,94.0,293755.995575,300047.399095,300047.399027,3158.3936739684214,0.02274,293755.995575,30131.868731762028,88.130277,66.92982468085107,19.6844528517245,0.3132838354324079,32,64,,False,False,Request timeout: 300.0s exceeded,436,21.16838264042747
317,2026-09-14T02:21:56.329+00:00,2026-09-14T02:26:49.978+00:00,2026-09-14T02:26:56.364+00:00,False,97,96.0,,96.0,293649.56763099995,300035.50247899996,300035.50259299995,3093.149511268041,0.02052,293649.56763099995,29808.8487642453,88.78133199999998,66.52015466666667,19.976650480666486,0.3199621351700512,32,64,,False,False,Request timeout: 300.0s exceeded,323,21.16838264042747
318,2026-09-14T02:21:59.164+00:00,2026-09-14T02:26:53.011+00:00,2026-09-14T02:26:59.190+00:00,False,89,88.0,,88.0,293847.205084,300025.956316,300025.956375,3371.078161516854,0.03619,293847.205084,31140.30496318165,88.16223399999998,70.2130821818182,19.58951533972585,0.2933079560200274,32,64,,False,False,Request timeout: 300.0s exceeded,426,21.16838264042747
319,2026-09-14T02:22:02.036+00:00,2026-09-14T02:26:55.471+00:00,2026-09-14T02:27:02.072+00:00,False,95,94.0,,94.0,293434.312878,300035.896238,300035.896474,3158.2725944631584,0.02298,293434.312878,30098.526153662213,87.833514,70.22961021276596,19.551678491231936,0.31329584619246886,32,64,,False,False,Request timeout: 300.0s exceeded,419,21.16838264042747
320,2026-09-14T02:22:05.472+00:00,2026-09-14T02:26:59.408+00:00,2026-09-14T02:27:05.523+00:00,False,90,89.0,,89.0,293935.778041,300050.688249,300050.688355,3333.896537277778,0.07617,293935.778041,30976.315295997047,88.75771694999999,68.70685626966292,19.63628359072002,0.296616550088172,32,64,,False,False,Request timeout: 300.0s exceeded,365,21.16838264042747
321,2026-09-14T02:22:08.250+00:00,2026-09-14T02:27:01.987+00:00,2026-09-14T02:27:08.299+00:00,False,94,93.0,,93.0,293736.10553299997,300048.22022099997,300048.22012099996,3192.0023417127654,0.02819,293736.10553299997,30289.57203898599,89.10848315000001,67.87220094623656,19.9784605527852,0.30995018044599976,32,64,,False,False,Request timeout: 300.0s exceeded,383,21.16838264042747
322,2026-09-14T02:22:10.823+00:00,2026-09-14T02:27:04.751+00:00,2026-09-14T02:27:10.889+00:00,False,94,93.0,,93.0,293927.50627899996,300065.38327099994,300065.383086,3192.1849264468083,0.0201,293927.50627899996,30309.506837423218,87.80087814999999,65.99867733333333,20.106596675768913,0.3099324520083289,32,64,,False,False,Request timeout: 300.0s exceeded,427,21.16838264042747
323,2026-09-14T02:22:14.159+00:00,2026-09-14T02:27:08.034+00:00,2026-09-14T02:27:14.164+00:00,False,93,92.0,,92.0,293875.80507999996,300005.519,300005.51900299994,3225.8657957311825,0.01948,293875.80507999996,30466.59930407943,88.9189742,66.6273252173913,20.50320714271078,0.3066610251260078,32,64,,False,False,Request timeout: 300.0s exceeded,487,21.16838264042747
324,2026-09-14T02:22:16.928+00:00,2026-09-14T02:27:10.890+00:00,2026-09-14T02:27:16.979+00:00,False,94,93.0,,93.0,293962.060908,300051.28970799997,300051.289727,3192.0349970957445,0.05198,293962.060908,30313.125252892267,90.40649035,65.47557849462365,20.744359933730824,0.309947009694591,32,64,,False,False,Request timeout: 300.0s exceeded,431,21.16838264042747
325,2026-09-14T02:22:21.161+00:00,2026-09-14T02:27:15.254+00:00,2026-09-14T02:27:21.170+00:00,False,89,88.0,,88.0,294092.258166,300009.027446,300009.027439,3370.8879487528093,0.02283,294092.258166,31166.596784672976,88.7080948,67.23601454545455,20.659839982522957,0.29332450676284905,32,64,,False,False,Request timeout: 300.0s exceeded,346,21.16838264042747
326,2026-09-14T02:22:25.404+00:00,2026-09-14T02:27:19.343+00:00,2026-09-14T02:27:25.421+00:00,False,88,87.0,,87.0,293939.04781099997,300017.44960299996,300017.44957299996,3409.2891996931817,0.02036,293939.04781099997,31326.565745073152,89.11094085,69.86668726436781,19.139876198840057,0.2899831330315064,32,64,,False,False,Request timeout: 300.0s exceeded,389,21.16838264042747
327,2026-09-14T02:22:28.267+00:00,2026-09-14T02:27:21.977+00:00,2026-09-14T02:27:28.319+00:00,False,90,89.0,,89.0,293710.045565,300052.872317,300052.872209,3333.920802322222,0.04278,293710.045565,30952.25064741793,87.613648,71.26771631460674,18.94981454499237,0.2966143910329685,32,64,,False,False,Request timeout: 300.0s exceeded,424,21.16838264042747
328,2026-09-14T02:22:30.989+00:00,2026-09-14T02:27:25.087+00:00,2026-09-14T02:27:30.995+00:00,False,89,88.0,,88.0,294098.599547,300006.66098700004,300006.661069,3370.8613603258427,0.02152,294098.599547,31167.2790945521,88.80518599999999,67.1370618181818,20.09692362454599,0.2933268205128727,32,64,,False,False,Request timeout: 300.0s exceeded,459,21.16838264042747
329,2026-09-14T02:22:34.475+00:00,2026-09-14T02:27:28.319+00:00,2026-09-14T02:27:34.519+00:00,False,98,97.0,,97.0,293844.512574,300044.583742,300044.58381,3061.679426632653,0.0183,293844.512574,29676.327634530346,85.967646,63.91825946391752,19.198317541472807,0.3232852891069269,32,64,,False,False,Request timeout: 300.0s exceeded,431,21.16838264042747
330,2026-09-14T02:22:37.833+00:00,2026-09-14T02:27:31.365+00:00,2026-09-14T02:27:37.905+00:00,False,101,100.0,,100.0,293531.866026,300071.871658,300071.871544,2971.008629148515,0.02009,293531.866026,29201.01150795678,87.915604,65.40005632,19.934004891889543,0.3332534950625852,32,64,,False,False,Request timeout: 300.0s exceeded,515,21.16838264042747
331,2026-09-14T02:22:40.438+00:00,2026-09-14T02:27:34.474+00:00,2026-09-14T02:27:40.459+00:00,False,87,86.0,,86.0,294035.99612300005,300020.6670990001,300020.6672830001,3448.5134170459773,0.03984,294035.99612300005,31516.513049595804,89.398465,69.58919739534883,19.69331333537289,0.2866469194657911,32,64,,False,False,Request timeout: 300.0s exceeded,536,21.16838264042747
332,2026-09-14T02:22:44.092+00:00,2026-09-14T02:27:37.779+00:00,2026-09-14T02:27:44.116+00:00,False,97,96.0,,96.0,293687.058011,300023.724123,300023.724148,3093.028084,0.0,293687.058011,29812.77932990881,90.52527500000001,66.00693866666667,68.77803385792426,0.3199746962698294,32,64,,False,False,Request timeout: 300.0s exceeded,428,21.16838264042747
333,2026-09-14T02:22:46.652+00:00,2026-09-14T02:27:40.244+00:00,2026-09-14T02:27:46.741+00:00,False,103,102.0,,102.0,293591.35410399997,300088.59544799995,300088.59544299997,2913.4815091553396,0.0,293591.35410399997,28922.214007844672,90.9060654,63.698444549019605,66.05899536626623,0.3398996214692031,32,64,,False,False,Request timeout: 300.0s exceeded,226,21.16838264042747
334,2026-09-14T02:22:49.839+00:00,2026-09-14T02:27:43.555+00:00,2026-09-14T02:27:49.891+00:00,False,95,94.0,,94.0,293716.10590100003,300051.971245,300051.97116,3158.441801684211,0.029969000000000003,293716.10590100003,30127.727973320747,89.85611899999999,67.40282280851063,20.238865153629423,0.31327906165711084,32,64,,False,False,Request timeout: 300.0s exceeded,161,21.16838264042747
335,2026-09-14T02:22:54.058+00:00,2026-09-14T02:27:47.930+00:00,2026-09-14T02:27:54.106+00:00,False,89,88.0,,88.0,293871.536665,300047.71637700003,300047.716261,3371.3226546179776,0.02535,293871.536665,31142.887441274397,88.4394298,70.18386036363636,19.969269051989205,0.2932866847399395,32,64,,False,False,Request timeout: 300.0s exceeded,433,21.16838264042747
336,2026-09-14T02:22:56.724+00:00,2026-09-14T02:27:50.218+00:00,2026-09-14T02:27:56.799+00:00,False,97,96.0,,96.0,293493.659584,300075.222208,300075.222434,3093.5589941649487,0.044899999999999995,293493.659584,29792.811456871274,88.1781484,68.557944,19.456097471576896,0.3199197830917765,32,64,,False,False,Request timeout: 300.0s exceeded,434,21.16838264042747
337,2026-09-14T02:22:59.655+00:00,2026-09-14T02:27:53.426+00:00,2026-09-14T02:27:59.706+00:00,False,93,92.0,,92.0,293771.177219,300050.908163,300050.908137,3226.353850935484,0.02569,293771.177219,30455.58149440738,90.8590538,68.25794504347826,21.498705783909415,0.3066146360404342,32,64,,False,False,Request timeout: 300.0s exceeded,442,21.16838264042747
338,2026-09-14T02:23:03.671+00:00,2026-09-14T02:27:57.661+00:00,2026-09-14T02:28:03.708+00:00,False,91,90.0,,90.0,293989.910409,300036.813193,300036.813088,3297.107836131868,0.02131,293989.910409,30811.479851589887,89.80812999999998,67.18780871111112,20.163697296201118,0.2999631913238163,32,64,,False,False,Request timeout: 300.0s exceeded,374,21.16838264042747
339,2026-09-14T02:23:06.758+00:00,2026-09-14T02:28:00.334+00:00,2026-09-14T02:28:06.782+00:00,False,97,96.0,,96.0,293576.316714,300023.810346,300023.81045700004,3093.0289737835055,0.03234,293576.316714,29801.3461440464,88.3799292,67.161392,19.961084844918943,0.3199746043132003,32,64,,False,False,Request timeout: 300.0s exceeded,188,21.16838264042747
340,2026-09-14T02:23:09.289+00:00,2026-09-14T02:28:03.167+00:00,2026-09-14T02:28:09.360+00:00,False,90,89.0,,89.0,293877.80722799996,300071.48479599995,300071.48471799993,3334.127607977777,0.03731,293877.80722799996,30970.112128943245,90.14840795,69.59188278651686,20.845926716324872,0.29659599298648986,32,64,,False,False,Request timeout: 300.0s exceeded,365,21.16838264042747
341,2026-09-14T02:23:13.222+00:00,2026-09-14T02:28:07.626+00:00,2026-09-14T02:28:14.717+00:00,False,64,63.0,,63.0,294404.156519,301495.171175,301495.171034,4710.86204740625,0.047450000000000006,294404.156519,36787.998150238804,98.8600979,112.55578819047619,340.1978828486459,0.20895857056175615,32,64,,False,False,Request timeout: 300.0s exceeded,255,21.16838264042747
342,2026-09-14T02:23:17.269+00:00,2026-09-14T02:28:10.994+00:00,2026-09-14T02:28:17.291+00:00,False,105,104.0,,104.0,293724.877135,300022.73415900004,300022.734137,2857.3593727333337,0.015349999999999999,293724.877135,28659.97375340017,89.7980084,60.556317538461535,271.1694436133709,0.3466403980735812,32,64,,False,False,Request timeout: 300.0s exceeded,446,21.16838264042747
343,2026-09-14T02:23:20.840+00:00,2026-09-14T02:28:15.915+00:00,2026-09-14T02:28:20.863+00:00,False,72,71.0,,71.0,295075.560575,300023.62099100003,300023.621,4166.994736111112,0.03462,295075.560575,34766.78095207674,89.414794,69.6909917746479,20.236893911265877,0.23664803379641172,32,64,,False,False,Request timeout: 300.0s exceeded,171,21.16838264042747
344,2026-09-14T02:23:23.988+00:00,2026-09-14T02:28:17.634+00:00,2026-09-14T02:28:24.002+00:00,False,91,90.0,,90.0,293646.140446,300014.20572599996,300014.205823,3296.8594046483513,0.061149,293646.140446,30775.06842867211,88.75924800000001,70.7562808888889,19.42649147021117,0.29998579494664374,32,64,,False,False,Request timeout: 300.0s exceeded,435,21.16838264042747
345,2026-09-14T02:23:27.140+00:00,2026-09-14T02:28:20.651+00:00,2026-09-14T02:28:27.170+00:00,False,94,93.0,,93.0,293510.41013800004,300030.34665,300030.34677400003,3191.812199723405,0.0211,293510.41013800004,30266.0630028623,90.27482414999999,70.10684421505377,20.203047211818532,0.30996864496673404,32,64,,False,False,Request timeout: 300.0s exceeded,442,21.16838264042747
346,2026-09-14T02:23:29.455+00:00,2026-09-14T02:28:22.934+00:00,2026-09-14T02:28:29.499+00:00,False,98,97.0,,97.0,293478.568988,300044.19894,300044.199058,3061.6755005918367,0.036090000000000004,293478.568988,29638.981909331207,88.86791620000002,67.68690672164948,20.47029937708513,0.3232857037152621,32,64,,False,False,Request timeout: 300.0s exceeded,520,21.16838264042747
347,2026-09-14T02:23:33.403+00:00,2026-09-14T02:28:26.925+00:00,2026-09-14T02:28:33.490+00:00,False,97,96.0,,96.0,293521.998022,300086.69306200003,300086.69305400003,3093.6772479793817,0.045880000000000004,293521.998022,29795.70724650866,89.86563880000001,68.38224,20.38939320438322,0.319907554115256,32,64,,False,False,Request timeout: 300.0s exceeded,443,21.16838264042747
348,2026-09-14T02:23:36.507+00:00,2026-09-14T02:28:30.265+00:00,2026-09-14T02:28:36.539+00:00,False,89,88.0,,88.0,293758.153697,300032.284385,300032.284393,3371.1492628426968,0.04177,293758.153697,31130.75072343555,89.566919,71.29693963636365,19.709896683566583,0.29330176977581124,32,64,,False,False,Request timeout: 300.0s exceeded,131,21.16838264042747
349,2026-09-14T02:23:38.831+00:00,2026-09-14T02:28:33.073+00:00,2026-09-14T02:28:38.914+00:00,False,89,88.0,,88.0,294242.43511799996,300083.59172599996,300083.59172799997,3371.7257497528085,0.0,294242.43511799996,31182.6735339032,90.7528344,66.37677963636364,68.19172049550359,0.29325162196922433,32,64,,False,False,Request timeout: 300.0s exceeded,464,21.16838264042747
350,2026-09-14T02:23:41.576+00:00,2026-09-14T02:28:35.384+00:00,2026-09-14T02:28:41.591+00:00,False,96,95.0,,95.0,293807.62981,300015.00773,300015.007666,3125.156329854167,0.0,293807.62981,29980.018750363586,88.5891805,65.34082021052632,66.01711313787892,0.31665082596633204,32,64,,False,False,Request timeout: 300.0s exceeded,315,21.16838264042747
351,2026-09-14T02:23:44.735+00:00,2026-09-14T02:28:38.915+00:00,2026-09-14T02:28:44.822+00:00,False,85,84.0,,84.0,294179.639218,300087.25957,300087.259577,3530.438347964706,0.01878,294179.639218,31900.63938962565,89.8685642,70.32881371428572,19.2052231874493,0.27991858141650194,32,64,,False,False,Request timeout: 300.0s exceeded,429,21.16838264042747
352,2026-09-14T02:23:48.101+00:00,2026-09-14T02:28:41.890+00:00,2026-09-14T02:28:48.152+00:00,False,93,92.0,,92.0,293788.383379,300050.747027,300050.74689,3226.3521170967742,0.046130000000000004,293788.383379,30457.38434975025,88.8742024,68.06917008695652,20.145499401560965,0.30661480070143404,32,64,,False,False,Request timeout: 300.0s exceeded,341,21.16838264042747
353,2026-09-14T02:23:50.418+00:00,2026-09-14T02:28:44.200+00:00,2026-09-14T02:28:50.450+00:00,False,93,92.0,,92.0,293781.614896,300032.08504000003,300032.085021,3226.15145183871,0.01728,293781.614896,30456.695399907323,87.6219752,67.93989286956521,19.37210586075476,0.30663387213315746,32,64,,False,False,Request timeout: 300.0s exceeded,570,21.16838264042747
354,2026-09-14T02:23:53.581+00:00,2026-09-14T02:28:47.297+00:00,2026-09-14T02:28:53.646+00:00,False,95,94.0,,94.0,293715.25526999997,300064.39088599995,300064.39097699994,3158.5725365999997,0.02175,293715.25526999997,30127.626695818137,91.034213,67.54399591489361,20.948095190915858,0.3132660950619507,32,64,,False,False,Request timeout: 300.0s exceeded,481,21.16838264042747
355,2026-09-14T02:23:57.461+00:00,2026-09-14T02:28:51.434+00:00,2026-09-14T02:28:57.528+00:00,False,92,91.0,,91.0,293972.956301,300067.827853,300067.82779500005,3261.606823858696,0.0458,293972.956301,30641.82402667134,90.37086449999998,66.97661046153847,21.49305229127476,0.3032647673398026,32,64,,False,False,Request timeout: 300.0s exceeded,502,21.16838264042747
356,2026-09-14T02:24:00.672+00:00,2026-09-14T02:28:54.556+00:00,2026-09-14T02:29:00.748+00:00,False,91,90.0,,90.0,293883.909652,300075.499284,300075.499252,3297.5329588131867,0.02194,293883.909652,30800.199938523343,90.149605,68.79544035555556,20.934945565777625,0.29992451971169237,32,64,,False,False,Request timeout: 300.0s exceeded,407,21.16838264042747
357,2026-09-14T02:24:03.104+00:00,2026-09-14T02:28:56.341+00:00,2026-09-14T02:29:03.126+00:00,False,102,101.0,,101.0,293236.89493,300021.758162,300021.75820700004,2941.3897863431375,0.018670000000000003,293236.89493,29028.13473696653,90.42723105,67.17686368316832,20.454425338853138,0.33664225094455974,32,64,,False,False,Request timeout: 300.0s exceeded,463,21.16838264042747
358,2026-09-14T02:24:07.146+00:00,2026-09-14T02:29:00.584+00:00,2026-09-14T02:29:07.156+00:00,False,95,94.0,,94.0,293438.020778,300009.432746,300009.432586,3157.994027221053,0.05068,293438.020778,30098.940380474938,90.7113767,69.90863795744681,20.865750844848286,0.31332348166393875,32,64,,False,False,Request timeout: 300.0s exceeded,443,21.16838264042747
359,2026-09-14T02:24:09.660+00:00,2026-09-14T02:29:03.425+00:00,2026-09-14T02:29:09.695+00:00,False,90,89.0,,89.0,293764.38724199997,300034.44957799994,300034.44969599997,3333.716107733333,0.038380000000000004,293764.38724199997,30958.06592943353,90.070926,70.45013860674158,20.516479344133728,0.2966326037732633,32,64,,False,False,Request timeout: 300.0s exceeded,474,21.16838264042747
360,2026-09-14T02:24:12.093+00:00,2026-09-14T02:29:06.259+00:00,2026-09-14T02:29:12.158+00:00,False,88,87.0,,87.0,294165.81904699997,300064.44688699994,300064.44680499996,3409.8232591477267,0.02518,294165.81904699997,31350.960721713218,88.70810850000002,67.80032,20.439001855657185,0.28993771472287416,32,64,,False,False,Request timeout: 300.0s exceeded,422,21.16838264042747
361,2026-09-14T02:24:16.151+00:00,2026-09-14T02:29:10.050+00:00,2026-09-14T02:29:16.174+00:00,False,93,92.0,,92.0,293898.064955,300022.543675,300022.543606,3226.048855978495,0.03259,293898.064955,30468.913220280556,86.599769,66.57042086956523,20.161455924767232,0.30664362375268434,32,64,,False,False,Request timeout: 300.0s exceeded,364,21.16838264042747
362,2026-09-14T02:24:18.451+00:00,2026-09-14T02:29:11.952+00:00,2026-09-14T02:29:18.495+00:00,False,102,101.0,,101.0,293501.183544,300044.42476,300044.42482200003,2941.612008058824,0.04283,293501.183544,29054.53969767941,86.52786305,64.7845664950495,19.90519044478371,0.33661681959525835,32,64,,False,False,Request timeout: 300.0s exceeded,510,21.16838264042747
363,2026-09-14T02:24:20.953+00:00,2026-09-14T02:29:15.002+00:00,2026-09-14T02:29:21.001+00:00,False,91,90.0,,90.0,294048.82532999996,300047.74500999996,300047.74482599995,3297.2279651208787,0.03311,294048.82532999996,30817.711763999447,89.073662,66.6546631111111,20.260741970097257,0.2999522625874108,32,64,,False,False,Request timeout: 300.0s exceeded,348,21.16838264042747
364,2026-09-14T02:24:24.506+00:00,2026-09-14T02:29:17.928+00:00,2026-09-14T02:29:24.545+00:00,False,95,94.0,,94.0,293422.603114,300039.601514,300039.601585,3158.3115956315787,0.01952,293422.603114,30097.308191902604,90.2600714,70.3936,19.95093897100981,0.3132919772112613,32,64,,False,False,Request timeout: 300.0s exceeded,494,21.16838264042747
365,2026-09-14T02:24:27.827+00:00,2026-09-14T02:29:21.662+00:00,2026-09-14T02:29:27.835+00:00,False,86,85.0,,85.0,293834.815017,300008.005161,300008.005115,3488.465175755814,0.016460000000000002,293834.815017,31677.197729418684,91.39401225,72.6257664,19.936959505813473,0.2833257731052361,32,64,,False,False,Request timeout: 300.0s exceeded,401,21.16838264042747
366,2026-09-14T02:24:31.874+00:00,2026-09-14T02:29:26.047+00:00,2026-09-14T02:29:31.905+00:00,False,86,85.0,,85.0,294173.029536,300031.661728,300031.66197799996,3488.7402555581393,0.018510000000000002,294173.029536,31714.067426410547,89.46282425,68.9250846117647,20.001712841792166,0.28330343374579764,32,64,,False,False,Request timeout: 300.0s exceeded,268,21.16838264042747
367,2026-09-14T02:24:35.603+00:00,2026-09-14T02:29:29.299+00:00,2026-09-14T02:29:35.615+00:00,False,103,102.0,,102.0,293695.440516,300011.69882,300011.698712,2912.734938951456,0.0,293695.440516,28932.63856037398,89.621136,61.92410101960784,63.261436287686,0.33998674185434885,32,64,,False,False,Request timeout: 300.0s exceeded,462,21.16838264042747
368,2026-09-14T02:24:38.881+00:00,2026-09-14T02:29:33.106+00:00,2026-09-14T02:29:38.959+00:00,False,102,101.0,,101.0,294224.968332,300077.992332,300077.992426,2941.9411022156864,0.0,294224.968332,29126.888697996383,88.50136205000001,57.950732673267325,28.420170151085827,0.33657916468681154,32,64,,False,False,Request timeout: 300.0s exceeded,473,21.16838264042747
369,2026-09-14T02:24:42.606+00:00,2026-09-14T02:29:35.996+00:00,2026-09-14T02:29:42.635+00:00,False,99,98.0,,98.0,293389.95318699995,300029.55305899994,300029.5530409999,3030.6015458686866,0.03617,293389.95318699995,29479.997786490374,91.06170600000002,67.75101910204081,20.80017112608082,0.3266344898388346,32,64,,False,False,Request timeout: 300.0s exceeded,277,21.16838264042747
370,2026-09-14T02:24:44.948+00:00,2026-09-14T02:29:38.826+00:00,2026-09-14T02:29:44.993+00:00,False,92,91.0,,91.0,293877.883598,300044.86394999997,300044.86399,3261.3572172826084,0.020730000000000002,293877.883598,30631.82920800324,91.16166865,67.76901485714285,21.213633210280065,0.30328797767777954,32,64,,False,False,Request timeout: 300.0s exceeded,345,21.16838264042747
371,2026-09-14T02:24:47.576+00:00,2026-09-14T02:29:40.167+00:00,2026-09-14T02:29:47.684+00:00,False,117,116.0,,116.0,292591.05775800004,300107.94684600004,300107.94685000007,2565.025186752137,0.02581,292591.05775800004,27044.06973810387,89.695577,64.800768,20.51302421851373,0.3865275852209446,32,64,,False,False,Request timeout: 300.0s exceeded,603,21.16838264042747
372,2026-09-14T02:24:51.776+00:00,2026-09-14T02:29:45.372+00:00,2026-09-14T02:29:51.799+00:00,False,103,102.0,,102.0,293595.983539,300023.125939,300023.12611099996,2912.8458845728155,0.04258,293595.983539,28922.670976344023,90.11877199999999,63.0112,21.347975409906095,0.33997379262270067,32,64,,False,False,Request timeout: 300.0s exceeded,503,21.16838264042747
373,2026-09-14T02:24:55.031+00:00,2026-09-14T02:29:48.907+00:00,2026-09-14T02:29:55.070+00:00,False,88,87.0,,87.0,293876.55891,300039.00447800005,300039.004321,3409.534140011364,0.0332,293876.55891,31319.801735234756,89.1421745,70.83270767816092,19.640068410793365,0.2899623005727549,32,64,,False,False,Request timeout: 300.0s exceeded,461,21.16838264042747
374,2026-09-14T02:24:58.261+00:00,2026-09-14T02:29:52.269+00:00,2026-09-14T02:29:58.333+00:00,False,91,90.0,,90.0,294007.962615,300072.637431,300072.63741200004,3297.5015100219784,0.01739,294007.962615,30813.351597812423,89.195657,67.38527573333333,20.258534605234363,0.29992738015206394,32,64,,False,False,Request timeout: 300.0s exceeded,174,21.16838264042747
375,2026-09-14T02:25:01.850+00:00,2026-09-14T02:29:55.844+00:00,2026-09-14T02:30:01.884+00:00,False,88,87.0,,87.0,293994.336555,300033.962027,300033.962146,3409.476842568182,0.01829,293994.336555,31332.50828933461,90.04818940000001,69.42098243678161,21.0836518634964,0.2899671737567192,32,64,,False,False,Request timeout: 300.0s exceeded,377,21.16838264042747
376,2026-09-14T02:25:04.604+00:00,2026-09-14T02:29:58.768+00:00,2026-09-14T02:30:04.661+00:00,False,84,83.0,,83.0,294164.14916900004,300057.404593,300057.40465800004,3572.1119602142862,0.03943,294164.14916900004,32088.198503567175,88.28944165000001,71.00307739759036,19.016776262178865,0.2766137370033637,32,64,,False,False,Request timeout: 300.0s exceeded,292,21.16838264042747
377,2026-09-14T02:25:07.949+00:00,2026-09-14T02:30:01.626+00:00,2026-09-14T02:30:07.989+00:00,False,94,93.0,,93.0,293677.27059,300039.70105399995,300039.70093899994,3191.911712117021,0.03392,293677.27059,30283.44789634581,89.11022750000001,68.41323079569892,20.009114362199153,0.3099589810058578,32,64,,False,False,Request timeout: 300.0s exceeded,485,21.16838264042747
378,2026-09-14T02:25:10.858+00:00,2026-09-14T02:30:04.743+00:00,2026-09-14T02:30:10.884+00:00,False,91,90.0,,90.0,293885.35917199997,300026.20985999994,300026.209989,3296.991318560439,0.02151,293885.35917199997,30800.411004987873,90.6741835,68.2316743111111,20.96018772585785,0.2999737924296559,32,64,,False,False,Request timeout: 300.0s exceeded,392,21.16838264042747
379,2026-09-14T02:25:13.871+00:00,2026-09-14T02:30:07.554+00:00,2026-09-14T02:30:13.886+00:00,False,95,94.0,,94.0,293682.452653,300015.204013,300015.20389400003,3158.054777831579,0.02852,293682.452653,30124.278739149548,88.8534597,67.36969531914895,20.413545181595342,0.3133174543911677,32,64,,False,False,Request timeout: 300.0s exceeded,516,21.16838264042747
380,2026-09-14T02:25:17.469+00:00,2026-09-14T02:30:11.049+00:00,2026-09-14T02:30:17.490+00:00,False,99,98.0,,98.0,293579.51639099995,300020.23984699993,300020.23990399996,3030.5074737777772,0.02203,293579.51639099995,29499.25286706051,87.9660059,65.72166791836734,19.78541873200525,0.3266446292089382,32,64,,False,False,Request timeout: 300.0s exceeded,451,21.16838264042747
381,2026-09-14T02:25:20.608+00:00,2026-09-14T02:30:14.389+00:00,2026-09-14T02:30:20.683+00:00,False,95,94.0,,94.0,293780.82375,300075.343046,300075.343023,3158.6878212947368,0.038329999999999996,293780.82375,30134.41296796215,88.309032,66.96297123404256,20.17431742587707,0.3132546614654383,32,64,,False,False,Request timeout: 300.0s exceeded,232,21.16838264042747
382,2026-09-14T02:25:24.141+00:00,2026-09-14T02:30:17.617+00:00,2026-09-14T02:30:24.225+00:00,False,97,96.0,,96.0,293476.672496,300083.941872,300083.941768,3093.648884206186,0.04839,293476.672496,29791.059797225356,88.552283,68.82572266666668,19.923823183058918,0.31991048704948216,32,64,,False,False,Request timeout: 300.0s exceeded,493,21.16838264042747
383,2026-09-14T02:25:26.885+00:00,2026-09-14T02:30:20.513+00:00,2026-09-14T02:30:26.989+00:00,False,94,93.0,,93.0,293628.112408,300103.724056,300103.72428799997,3192.5928115744678,0.04109,293628.112408,30278.25226177732,90.67851965000001,69.63023277419356,20.264795516157022,0.30989285552033335,32,64,,False,False,Request timeout: 300.0s exceeded,383,21.16838264042747
384,2026-09-14T02:25:30.349+00:00,2026-09-14T02:30:24.227+00:00,2026-09-14T02:30:30.405+00:00,False,98,97.0,,97.0,293877.922631,300056.22791099997,300056.227968,3061.7982445714283,0.0,293877.922631,29679.790577094882,93.43176725,63.69386886597938,65.48424428384492,0.32327274349649987,32,64,,False,False,Request timeout: 300.0s exceeded,386,21.16838264042747
385,2026-09-14T02:25:33.452+00:00,2026-09-14T02:30:27.340+00:00,2026-09-14T02:30:33.485+00:00,False,99,98.0,,98.0,293888.07493199996,300032.66168399993,300032.66181099997,3030.6329475858583,0.0,293888.07493199996,29530.632205961476,91.8242319,62.69986481632653,65.04475389644585,0.32663110559348185,32,64,,False,False,Request timeout: 300.0s exceeded,309,21.16838264042747
386,2026-09-14T02:25:36.717+00:00,2026-09-14T02:30:30.491+00:00,2026-09-14T02:30:36.758+00:00,False,92,91.0,,91.0,293774.617915,300041.689659,300041.689595,3261.3227129891307,0.020079999999999997,293774.617915,30620.947771323285,89.72260109999999,68.86892026373626,20.357716252848206,0.303291186312883,32,64,,False,False,Request timeout: 300.0s exceeded,327,21.16838264042747
387,2026-09-14T02:25:40.479+00:00,2026-09-14T02:30:34.240+00:00,2026-09-14T02:30:40.516+00:00,False,92,91.0,,91.0,293761.668666,300037.10495400004,300037.104768,3261.2728779130434,0.033659999999999995,293761.668666,30619.588102255,88.2004676,68.96083832967032,20.306164219155708,0.30329582074174327,32,64,,False,False,Request timeout: 300.0s exceeded,210,21.16838264042747
388,2026-09-14T02:25:42.915+00:00,2026-09-14T02:30:36.228+00:00,2026-09-14T02:30:42.943+00:00,False,102,101.0,,101.0,293313.650653,300028.149981,300028.149949,2941.452450480392,0.04246,293313.650653,29035.803558315303,89.60296905,66.48019136633664,20.3008212023869,0.33663507909639834,32,64,,False,False,Request timeout: 300.0s exceeded,245,21.16838264042747
389,2026-09-14T02:25:47.048+00:00,2026-09-14T02:30:40.259+00:00,2026-09-14T02:30:47.084+00:00,False,103,102.0,,102.0,293211.04746100004,300035.92426100007,300035.92418400006,2912.970137708738,0.02599,293211.04746100004,28884.35681694589,87.8384551,66.9105568627451,19.82303666923857,0.3399592907123702,32,64,,False,False,Request timeout: 300.0s exceeded,387,21.16838264042747
390,2026-09-14T02:25:50.725+00:00,2026-09-14T02:30:44.000+00:00,2026-09-14T02:30:50.735+00:00,False,100,99.0,,99.0,293275.183807,300010.684607,300010.684779,3000.10684779,0.03295,293275.183807,29320.722001536502,89.46163494999999,68.03536161616161,20.591013048074164,0.32998824735087484,32,64,,False,False,Request timeout: 300.0s exceeded,192,21.16838264042747
391,2026-09-14T02:25:54.682+00:00,2026-09-14T02:30:48.541+00:00,2026-09-14T02:30:54.714+00:00,False,94,93.0,,93.0,293858.634052,300031.711044,300031.71099,3191.8267126595747,0.03619,293858.634052,30302.364483657406,89.64201865,66.37717195698924,20.575536856933184,0.30996723538453386,32,64,,False,False,Request timeout: 300.0s exceeded,462,21.16838264042747
392,2026-09-14T02:25:58.465+00:00,2026-09-14T02:30:52.929+00:00,2026-09-14T02:30:58.497+00:00,False,80,79.0,,79.0,294463.91842799995,300031.87721199996,300031.87717399996,3750.398464674999,0.01843,294463.91842799995,32914.19285932704,89.19464150000002,70.48049093670886,19.81904237708575,0.26330535519790543,32,64,,False,False,Request timeout: 300.0s exceeded,380,21.16838264042747
393,2026-09-14T02:26:02.633+00:00,2026-09-14T02:30:56.246+00:00,2026-09-14T02:31:02.652+00:00,False,95,94.0,,94.0,293612.641389,300019.066733,300019.066525,3158.095437105263,0.03234,293612.641389,30117.03570187159,89.43302399999999,68.15346110638298,20.20099838252734,0.3133134204555562,32,64,,False,False,Request timeout: 300.0s exceeded,368,21.16838264042747
394,2026-09-14T02:26:06.016+00:00,2026-09-14T02:30:59.475+00:00,2026-09-14T02:31:06.030+00:00,False,97,96.0,,96.0,293458.888506,300013.773114,300013.77311899996,3092.9254960721646,0.02523,293458.888506,29789.309783171142,89.8067286,68.280048,20.329750706361658,0.3199853093528532,32,64,,False,False,Request timeout: 300.0s exceeded,489,21.16838264042747
395,2026-09-14T02:26:08.967+00:00,2026-09-14T02:31:02.924+00:00,2026-09-14T02:31:09.026+00:00,False,88,87.0,,87.0,293956.595319,300058.456183,300058.456148,3409.7551835000004,0.01829,293956.595319,31328.40808511787,89.73073134999999,70.13633177011495,19.972755645931866,0.28994350336502545,32,64,,False,False,Request timeout: 300.0s exceeded,391,21.16838264042747
396,2026-09-14T02:26:12.079+00:00,2026-09-14T02:31:05.946+00:00,2026-09-14T02:31:12.086+00:00,False,90,89.0,,89.0,293867.844281,300007.14232900005,300007.142241,3333.412691566667,0.020730000000000002,293867.844281,30969.126156892802,89.63165240000001,68.98087694382022,20.556728725772917,0.29665960386502727,32,64,,False,False,Request timeout: 300.0s exceeded,464,21.16838264042747
397,2026-09-14T02:26:14.725+00:00,2026-09-14T02:31:08.702+00:00,2026-09-14T02:31:14.737+00:00,False,92,91.0,,91.0,293977.118393,300012.447161,300012.447072,3261.0048594782606,0.032310000000000005,293977.118393,30642.325783086315,88.36427760000001,66.32229415384616,20.925122832899444,0.3033207483927004,32,64,,False,False,Request timeout: 300.0s exceeded,464,21.16838264042747
398,2026-09-14T02:26:17.199+00:00,2026-09-14T02:31:11.136+00:00,2026-09-14T02:31:17.217+00:00,False,93,92.0,,92.0,293937.09655,300017.84535,300017.845394,3225.9983375698926,0.040729999999999995,293937.09655,30473.00949392801,87.36284020000001,66.09509565217391,19.53734344627048,0.30664842583837987,32,64,,False,False,Request timeout: 300.0s exceeded,355,21.16838264042747
399,2026-09-14T02:26:21.212+00:00,2026-09-14T02:31:14.821+00:00,2026-09-14T02:31:21.705+00:00,False,96,95.0,,95.0,293608.854147,300493.013635,300493.013775,3130.13556015625,0.02132,293608.854147,29959.002223468182,87.74547475,72.46483671578947,65.07984161459166,0.3161471172018452,32,64,,False,False,Request timeout: 300.0s exceeded,424,21.16838264042747
400,2026-09-14T02:26:24.812+00:00,2026-09-14T02:31:18.631+00:00,2026-09-14T02:31:24.850+00:00,False,98,97.0,,97.0,293818.484749,300037.330189,300037.330141,3061.6054096020407,0.0,293818.484749,29673.75138789246,90.25824735,64.11180865979382,68.67877087394938,0.3232931046909983,32,64,,False,False,Request timeout: 300.0s exceeded,467,21.16838264042747
401,2026-09-14T02:26:28.187+00:00,2026-09-14T02:31:21.892+00:00,2026-09-14T02:31:28.259+00:00,False,93,92.0,,92.0,293704.60048400005,300072.1760360001,300072.17626200005,3226.5825404516136,0.05005,293704.60048400005,30448.57785939036,90.857652,69.21277773913043,20.10915764777591,0.30659290446496656,32,64,,False,False,Request timeout: 300.0s exceeded,413,21.16838264042747
402,2026-09-14T02:26:30.667+00:00,2026-09-14T02:31:24.426+00:00,2026-09-14T02:31:30.709+00:00,False,90,89.0,,89.0,293758.840162,300042.011234,300042.01114799996,3333.8001238666666,0.02987,293758.840162,30957.464844870916,89.47802635,70.59742777528089,19.182504021740268,0.2966251280411186,32,64,,False,False,Request timeout: 300.0s exceeded,365,21.16838264042747
403,2026-09-14T02:26:33.698+00:00,2026-09-14T02:31:27.667+00:00,2026-09-14T02:31:33.728+00:00,False,87,86.0,,86.0,293968.841913,300029.205433,300029.205629,3448.6115589540227,0.03232,293968.841913,31509.21873047879,89.5246599,70.46934325581395,19.24806262710608,0.28663876196947363,32,64,,False,False,Request timeout: 300.0s exceeded,412,21.16838264042747
404,2026-09-14T02:26:37.482+00:00,2026-09-14T02:31:31.166+00:00,2026-09-14T02:31:37.543+00:00,False,93,92.0,,92.0,293684.280446,300060.744574,300060.74447599996,3226.4596180215053,0.03618,293684.280446,30446.46044116197,88.566305,69.30939269565218,19.62768693409388,0.3066045847837029,32,64,,False,False,Request timeout: 300.0s exceeded,386,21.16838264042747
405,2026-09-14T02:26:41.119+00:00,2026-09-14T02:31:34.487+00:00,2026-09-14T02:31:41.160+00:00,False,101,100.0,,100.0,293367.98716799996,300040.568032,300040.567872,2970.6986918019797,0.04722,293367.98716799996,29184.57346862886,90.42877899999999,66.72580864,20.560007442838433,0.33328826383682486,32,64,,False,False,Request timeout: 300.0s exceeded,466,21.16838264042747
406,2026-09-14T02:26:43.769+00:00,2026-09-14T02:31:37.377+00:00,2026-09-14T02:31:43.782+00:00,False,96,95.0,,95.0,293608.589292,300012.84042799997,300012.840343,3125.1337535729167,0.035,293608.589292,29959.427514698178,88.30276875,67.41316985263158,20.11476184816581,0.31665311346165215,32,64,,False,False,Request timeout: 300.0s exceeded,434,21.16838264042747
407,2026-09-14T02:26:46.307+00:00,2026-09-14T02:31:39.946+00:00,2026-09-14T02:31:46.552+00:00,False,103,102.0,,102.0,293639.2026,300244.565032,300244.564969,2914.9957763980583,0.02043,293639.2026,28926.756834723557,88.38965990000001,64.75845521568628,20.68186550328165,0.3397230520696648,32,64,,False,False,Request timeout: 300.0s exceeded,250,21.16838264042747
408,2026-09-14T02:26:49.271+00:00,2026-09-14T02:31:42.929+00:00,2026-09-14T02:31:49.360+00:00,False,100,99.0,,99.0,293658.10343300004,300089.08250500006,300089.08261000004,3000.8908261000006,0.01941,293658.10343300004,29359.321983618305,89.02403945,64.95938456565656,21.20289320110278,0.3299020383334021,32,64,,False,False,Request timeout: 300.0s exceeded,427,21.16838264042747
409,2026-09-14T02:26:51.989+00:00,2026-09-14T02:31:45.208+00:00,2026-09-14T02:31:52.069+00:00,False,103,102.0,,102.0,293218.885196,300079.787852,300079.787963,2913.3959996407766,0.01797,293218.885196,28885.09439565144,89.616343,67.26375152941176,19.977523511826043,0.33990959781105495,32,64,,False,False,Request timeout: 300.0s exceeded,468,21.16838264042747
410,2026-09-14T02:26:54.526+00:00,2026-09-14T02:31:48.045+00:00,2026-09-14T02:31:54.534+00:00,False,97,96.0,,96.0,293518.398756,300007.26889999997,300007.26903799997,3092.8584436907213,0.03186,293518.398756,29795.421957932682,88.1136338,67.59239733333332,20.337966386872004,0.3199922466945267,32,64,,False,False,Request timeout: 300.0s exceeded,226,21.16838264042747
411,2026-09-14T02:26:57.063+00:00,2026-09-14T02:31:50.835+00:00,2026-09-14T02:31:57.079+00:00,False,97,96.0,,96.0,293772.532932,300016.125124,300016.125142,3092.9497437319587,0.047200000000000006,293772.532932,29821.485033546018,90.1733296,65.03741866666667,20.70016648898484,0.3199828007921978,32,64,,False,False,Request timeout: 300.0s exceeded,410,21.16838264042747
412,2026-09-14T02:27:00.359+00:00,2026-09-14T02:31:54.084+00:00,2026-09-14T02:32:00.371+00:00,False,94,93.0,,93.0,293725.029846,300012.487638,300012.487564,3191.6222081276596,0.02525,293725.029846,30288.457605686377,90.02923165,67.60707303225806,20.863856370027065,0.30998709664450813,32,64,,False,False,Request timeout: 300.0s exceeded,356,21.16838264042747
413,2026-09-14T02:27:04.194+00:00,2026-09-14T02:31:58.305+00:00,2026-09-14T02:32:05.582+00:00,False,73,72.0,,72.0,294110.738347,301388.36727499997,301388.367234,4128.6077703287665,0.03641,294110.738347,34412.54681835334,92.5389686,101.07817955555555,303.3983076111144,0.2388944226712773,32,64,,False,False,Request timeout: 300.0s exceeded,170,21.16838264042747
414,2026-09-14T02:27:07.603+00:00,2026-09-14T02:32:01.280+00:00,2026-09-14T02:32:07.623+00:00,False,107,106.0,,106.0,293677.462825,300020.213289,300020.21313499997,2803.9272255607475,0.015349999999999999,293677.462825,28386.286502490424,90.0883073,59.837268528301884,262.1676632049609,0.35330952817466854,32,64,,False,False,Request timeout: 300.0s exceeded,516,21.16838264042747
415,2026-09-14T02:27:10.538+00:00,2026-09-14T02:32:06.080+00:00,2026-09-14T02:32:10.601+00:00,False,68,67.0,,67.0,295541.526143,300062.163839,300062.16381,4412.678879558824,0.06142,295541.526143,35831.49814634921,90.2155917,67.47220441791045,20.838876774819003,0.22328706539605314,32,64,,False,False,Request timeout: 300.0s exceeded,273,21.16838264042747
416,2026-09-14T02:27:14.589+00:00,2026-09-14T02:32:08.497+00:00,2026-09-14T02:32:14.623+00:00,False,93,92.0,,92.0,293907.640866,300033.87651399995,300033.876374,3226.1707136989244,0.01801,293907.640866,30469.903674590765,88.9953626,66.58951791304348,19.317182745488342,0.30663204125120574,32,64,,False,False,Request timeout: 300.0s exceeded,450,21.16838264042747
417,2026-09-14T02:27:18.808+00:00,2026-09-14T02:32:12.311+00:00,2026-09-14T02:32:18.822+00:00,False,101,100.0,,100.0,293502.612396,300014.098348,300014.098421,2970.436618029703,0.0,293502.612396,29198.190338115157,89.03512200000002,65.11485952000001,63.348336272843476,0.33331766923834844,32,64,,False,False,Request timeout: 300.0s exceeded,420,21.16838264042747
418,2026-09-14T02:27:22.882+00:00,2026-09-14T02:32:15.897+00:00,2026-09-14T02:32:22.963+00:00,False,106,105.0,,105.0,293015.320279,300080.48098299996,300080.480855,2830.9479325943394,0.0,293015.320279,28453.697068460853,89.08763449999998,67.2872448,62.86234228290329,0.3499061307021446,32,64,,False,False,Request timeout: 300.0s exceeded,507,21.16838264042747
419,2026-09-14T02:27:26.454+00:00,2026-09-14T02:32:20.208+00:00,2026-09-14T02:32:26.531+00:00,False,91,90.0,,90.0,293754.007124,300077.186132,300077.186196,3297.5514966593405,0.02305,293754.007124,30786.428347217945,88.68097300000001,70.25754453333333,19.647466508590337,0.29992283372188844,32,64,,False,False,Request timeout: 300.0s exceeded,324,21.16838264042747
420,2026-09-14T02:27:29.966+00:00,2026-09-14T02:32:23.987+00:00,2026-09-14T02:32:29.980+00:00,False,84,83.0,,83.0,294021.719442,300014.24552199995,300014.245732,3571.59816347619,0.0225,294021.719442,32072.52824642965,90.48891465000001,72.19910939759035,20.007376369008767,0.2766535297535184,32,64,,False,False,Request timeout: 300.0s exceeded,324,21.16838264042747
421,2026-09-14T02:27:33.367+00:00,2026-09-14T02:32:27.404+00:00,2026-09-14T02:32:33.423+00:00,False,87,86.0,,86.0,294036.33660399995,300055.9080599999,300055.90824799996,3448.9184856091947,0.02078,294036.33660399995,31516.506770442364,90.23716560000001,69.99501693023255,20.835513786378147,0.2866132533634473,32,64,,False,False,Request timeout: 300.0s exceeded,357,21.16838264042747
422,2026-09-14T02:27:36.790+00:00,2026-09-14T02:32:30.488+00:00,2026-09-14T02:32:36.829+00:00,False,94,93.0,,93.0,293697.669483,300039.000939,300039.001101,3191.904267031915,0.045418999999999994,293697.669483,30285.575604431702,89.77229075000001,68.18635974193548,20.498448598009904,0.30995970426827124,32,64,,False,False,Request timeout: 300.0s exceeded,426,21.16838264042747
423,2026-09-14T02:27:39.975+00:00,2026-09-14T02:32:33.852+00:00,2026-09-14T02:32:40.032+00:00,False,89,88.0,,88.0,293877.356079,300057.510447,300057.510379,3371.4327008876403,0.02085,293877.356079,31143.499205839962,88.178052,70.2290269090909,19.48338040965249,0.2932771116740426,32,64,,False,False,Request timeout: 300.0s exceeded,450,21.16838264042747
424,2026-09-14T02:27:43.815+00:00,2026-09-14T02:32:37.283+00:00,2026-09-14T02:32:43.847+00:00,False,102,101.0,,101.0,293468.00013999996,300032.08820399997,300032.08826999995,2941.4910614705877,0.04801,293468.00013999996,29051.23405873578,89.64522405,64.99097093069307,20.54921576689818,0.33663066042231904,32,64,,False,False,Request timeout: 300.0s exceeded,457,21.16838264042747
425,2026-09-14T02:27:46.731+00:00,2026-09-14T02:32:40.597+00:00,2026-09-14T02:32:46.772+00:00,False,95,94.0,,94.0,293866.511854,300041.58436599997,300041.58433499996,3158.3324666842104,0.01712,293866.511854,30143.334959925065,89.6986857,65.69226076595744,20.485767196205963,0.31328990679283947,32,64,,False,False,Request timeout: 300.0s exceeded,494,21.16838264042747
426,2026-09-14T02:27:49.414+00:00,2026-09-14T02:32:42.991+00:00,2026-09-14T02:32:49.433+00:00,False,96,95.0,,95.0,293577.03169,300018.985482,300018.98538699996,3125.1977644479166,0.04529,293577.03169,29956.166262125367,90.00922075,67.81003991578947,20.24430172910723,0.31664662770383123,32,64,,False,False,Request timeout: 300.0s exceeded,409,21.16838264042747
427,2026-09-14T02:27:52.481+00:00,2026-09-14T02:32:46.260+00:00,2026-09-14T02:32:52.513+00:00,False,90,89.0,,89.0,293778.4841,300031.279236,300031.279146,3333.6808794,0.0345,293778.4841,30959.571739762694,89.12580145,70.25612512359551,19.611804744133032,0.2966357382024625,32,64,,False,False,Request timeout: 300.0s exceeded,419,21.16838264042747
428,2026-09-14T02:27:55.204+00:00,2026-09-14T02:32:48.438+00:00,2026-09-14T02:32:55.229+00:00,False,101,100.0,,100.0,293233.925465,300025.80386499997,300025.80377399997,2970.5525126138614,0.02878,293233.925465,29171.114413451738,89.37244199999999,67.918784,19.508546356499128,0.33330466483808224,32,64,,False,False,Request timeout: 300.0s exceeded,472,21.16838264042747
429,2026-09-14T02:27:58.306+00:00,2026-09-14T02:32:51.569+00:00,2026-09-14T02:32:58.318+00:00,False,99,98.0,,98.0,293262.78986,300011.720932,300011.721039,3030.421424636364,0.023509,293262.78986,29467.1039405082,87.60930699999999,68.86664359183673,18.80149043884864,0.3266539043726644,32,64,,False,False,Request timeout: 300.0s exceeded,465,21.16838264042747
430,2026-09-14T02:28:00.642+00:00,2026-09-14T02:32:54.021+00:00,2026-09-14T02:33:00.678+00:00,False,97,96.0,,96.0,293378.74127,300035.964182,300035.964143,3093.154269515464,0.02057,293378.74127,29781.062875174124,87.48223559999998,69.346072,18.866759523414736,0.3199616428041505,32,64,,False,False,Request timeout: 300.0s exceeded,505,21.16838264042747
431,2026-09-14T02:28:03.229+00:00,2026-09-14T02:32:56.981+00:00,2026-09-14T02:33:03.252+00:00,False,92,91.0,,91.0,293751.87961799995,300023.28467399994,300023.28474499995,3261.1226602717384,0.041159999999999995,293751.87961799995,30618.57162906014,88.61408304999999,68.91653907692307,19.508624461897842,0.30330979176792566,32,64,,False,False,Request timeout: 300.0s exceeded,396,21.16838264042747
432,2026-09-14T02:28:06.358+00:00,2026-09-14T02:32:59.834+00:00,2026-09-14T02:33:06.390+00:00,False,98,97.0,,97.0,293475.27950700006,300031.6253630001,300031.6255230001,3061.547199214286,0.019260000000000003,293475.27950700006,29638.659727990274,89.45903849999999,67.59119439175257,21.101341477326542,0.3232992518126792,32,64,,False,False,Request timeout: 300.0s exceeded,214,21.16838264042747
433,2026-09-14T02:28:09.012+00:00,2026-09-14T02:33:02.832+00:00,2026-09-14T02:33:09.021+00:00,False,93,92.0,,92.0,293819.952805,300009.114277,300009.114225,3225.904454032258,0.04507,293819.952805,30460.74122225871,89.77536059999998,67.27349426086957,21.28806369334016,0.30665735013322265,32,64,,False,False,Request timeout: 300.0s exceeded,363,21.16838264042747
434,2026-09-14T02:28:14.679+00:00,2026-09-14T02:33:07.803+00:00,2026-09-14T02:33:14.842+00:00,False,118,117.0,,117.0,293124.118504,300163.34052,300163.34058,2543.7571235593223,0.0,293124.118504,26978.795160821992,90.50491685000001,60.164290735042734,62.333366670080764,0.3897877728749632,32,64,,False,False,Request timeout: 300.0s exceeded,540,21.16838264042747
435,2026-09-14T02:28:16.727+00:00,2026-09-14T02:33:10.126+00:00,2026-09-14T02:33:16.509+00:00,True,111,111.0,,111.0,293399.098536,299781.999272,299781.999048,2700.738730162162,0.0,293399.098536,27842.775931232827,91.73146150000001,58.02637032727273,64.27638829872392,0.37026906308436086,32,64,,False,True,,609,21.16838264042747
436,2026-09-14T02:28:19.862+00:00,2026-09-14T02:33:15.019+00:00,2026-09-14T02:33:19.944+00:00,False,78,77.0,,77.0,295157.10502899997,300081.90605299996,300081.905918,3847.2039220256406,0.03663,295157.10502899997,33412.7269884546,88.99399,63.95845485714286,22.844918692539313,0.2565966106147046,32,64,,False,False,Request timeout: 300.0s exceeded,370,21.16838264042747
437,2026-09-14T02:28:23.051+00:00,2026-09-14T02:33:16.422+00:00,2026-09-14T02:33:23.113+00:00,False,97,96.0,,96.0,293371.316,300062.946336,300062.94641,3093.4324372164947,0.02016,293371.316,29780.27323360077,90.7264908,69.70448266666668,19.908934144571166,0.31993287132661347,32,64,,False,False,Request timeout: 300.0s exceeded,406,21.16838264042747
438,2026-09-14T02:28:25.985+00:00,2026-09-14T02:33:19.428+00:00,2026-09-14T02:33:26.023+00:00,False,96,95.0,,95.0,293442.879362,300037.492354,300037.49236699997,3125.390545489583,0.02063,293442.879362,29942.310026633753,89.19383175000002,69.4169788631579,19.689076081488455,0.31662709634939223,32,64,,False,False,Request timeout: 300.0s exceeded,438,21.16838264042747
439,2026-09-14T02:28:28.744+00:00,2026-09-14T02:33:22.232+00:00,2026-09-14T02:33:28.767+00:00,False,95,94.0,,94.0,293487.997089,300022.780065,300022.780271,3158.134529168421,0.04224,293487.997089,30104.10711800329,89.7550317,69.51896782978724,19.81642771853331,0.31330954262751276,32,64,,False,False,Request timeout: 300.0s exceeded,370,21.16838264042747
440,2026-09-14T02:28:31.913+00:00,2026-09-14T02:33:25.769+00:00,2026-09-14T02:33:31.995+00:00,False,94,93.0,,93.0,293856.728254,300082.507966,300082.507928,3192.3671056170215,0.01886,293856.728254,30302.10887211551,87.70723830000001,66.94386787096774,19.672434066116573,0.30991476521029715,32,64,,False,False,Request timeout: 300.0s exceeded,365,21.16838264042747
441,2026-09-14T02:28:35.201+00:00,2026-09-14T02:33:28.459+00:00,2026-09-14T02:33:35.274+00:00,False,107,106.0,,106.0,293257.263843,300072.35299499996,300072.352763,2804.414511803738,0.02101,293257.263843,28344.041005648007,87.46477329999999,64.29329388679245,19.59484756377205,0.3532481381307603,32,64,,False,False,Request timeout: 300.0s exceeded,435,21.16838264042747
442,2026-09-14T02:28:38.168+00:00,2026-09-14T02:33:31.757+00:00,2026-09-14T02:33:38.209+00:00,False,99,98.0,,98.0,293588.395496,300040.17789600004,300040.177892,3030.70886759596,0.03886,293588.395496,29500.1338911777,86.91074699999999,65.83451428571428,19.758447975987963,0.32662292326052667,32,64,,False,False,Request timeout: 300.0s exceeded,496,21.16838264042747
443,2026-09-14T02:28:41.159+00:00,2026-09-14T02:33:34.900+00:00,2026-09-14T02:33:41.177+00:00,False,99,98.0,,98.0,293741.195597,300018.841165,300018.841199,3030.4933454444445,0.03868,293741.195597,29515.670773808266,89.28702860000001,64.0576078367347,21.648650474118483,0.326646152019844,32,64,,False,False,Request timeout: 300.0s exceeded,277,21.16838264042747
444,2026-09-14T02:28:44.334+00:00,2026-09-14T02:33:38.089+00:00,2026-09-14T02:33:44.380+00:00,False,98,97.0,,97.0,293755.21581,300045.598146,300045.59796600003,3061.6897751632655,0.02115,293755.21581,29667.214457693786,89.87756705,64.84930243298969,20.996958947630826,0.32328419613341736,32,64,,False,False,Request timeout: 300.0s exceeded,557,21.16838264042747
445,2026-09-14T02:28:47.836+00:00,2026-09-14T02:33:41.689+00:00,2026-09-14T02:33:47.857+00:00,False,93,92.0,,92.0,293853.115696,300021.06424,300021.06424,3226.032948817204,0.0205,293853.115696,30464.20293542822,86.70989100000001,67.04291895652175,19.74625547154,0.3066451358442125,32,64,,False,False,Request timeout: 300.0s exceeded,570,21.16838264042747
446,2026-09-14T02:28:50.252+00:00,2026-09-14T02:33:43.962+00:00,2026-09-14T02:33:50.282+00:00,False,98,97.0,,97.0,293710.258549,300029.818485,300029.81851400004,3061.528760346939,0.02004,293710.258549,29662.642202122326,87.10593335000002,65.1501024329897,20.267832140975667,0.323301198826841,32,64,,False,False,Request timeout: 300.0s exceeded,386,21.16838264042747
447,2026-09-14T02:28:53.281+00:00,2026-09-14T02:33:46.686+00:00,2026-09-14T02:33:53.324+00:00,False,105,104.0,,104.0,293404.736305,300042.627121,300042.62720800005,2857.5488305523813,0.022789999999999998,293404.736305,28627.148188360636,86.48875340000001,63.82587323076923,19.532521409195457,0.3466174156582734,32,64,,False,False,Request timeout: 300.0s exceeded,493,21.16838264042747
448,2026-09-14T02:28:57.499+00:00,2026-09-14T02:33:51.240+00:00,2026-09-14T02:33:57.580+00:00,False,96,95.0,,95.0,293741.147839,300080.668863,300080.66897199996,3125.8403017916667,0.0235,293741.147839,29973.02589814593,86.45997024999998,66.73180025263159,19.572299355698842,0.31658153909064923,32,64,,False,False,Request timeout: 300.0s exceeded,410,21.16838264042747
449,2026-09-14T02:28:59.901+00:00,2026-09-14T02:33:53.529+00:00,2026-09-14T02:33:59.922+00:00,False,95,94.0,,94.0,293628.11085,300020.87245,300020.8726,3158.1144484210527,0.03921,293628.11085,30118.637563282322,88.80146699999999,68.00810212765957,19.920935793726457,0.3133115347355227,32,64,,False,False,Request timeout: 300.0s exceeded,273,21.16838264042747
450,2026-09-14T02:29:03.977+00:00,2026-09-14T02:33:57.579+00:00,2026-09-14T02:34:03.983+00:00,False,96,95.0,,95.0,293602.224058,300005.82162600005,300005.82172500005,3125.06064296875,0.03989,293602.224058,29958.77817912887,87.53440549999999,67.4062901894737,19.520913905212826,0.31666052173624487,32,64,,False,False,Request timeout: 300.0s exceeded,396,21.16838264042747
451,2026-09-14T02:29:07.854+00:00,2026-09-14T02:34:01.541+00:00,2026-09-14T02:34:07.894+00:00,False,99,98.0,,98.0,293687.143151,300040.174063,300040.17396600003,3030.7088279393943,0.0,293687.143151,29510.22752594214,88.39338959999999,64.82684604081633,66.60477499090112,0.3266229274331202,32,64,,False,False,Request timeout: 300.0s exceeded,420,21.16838264042747
452,2026-09-14T02:29:11.369+00:00,2026-09-14T02:34:05.070+00:00,2026-09-14T02:34:11.450+00:00,False,95,94.0,,94.0,293701.182686,300081.119198,300081.119213,3158.748623294737,0.0,293701.182686,30126.218887318424,90.3293627,67.8716650212766,68.40363073114042,0.31324863174072864,32,64,,False,False,Request timeout: 300.0s exceeded,586,21.16838264042747
453,2026-09-14T02:29:15.407+00:00,2026-09-14T02:34:08.925+00:00,2026-09-14T02:34:15.444+00:00,False,91,90.0,,90.0,293518.552514,300036.593858,300036.593789,3297.105426252747,0.02043,293518.552514,30761.51931977619,90.9248235,72.42268159999999,20.093872729967828,0.2999634106051571,32,64,,False,False,Request timeout: 300.0s exceeded,392,21.16838264042747
454,2026-09-14T02:29:17.929+00:00,2026-09-14T02:34:11.579+00:00,2026-09-14T02:34:17.982+00:00,False,93,92.0,,92.0,293650.456348,300052.867356,300052.867478,3226.374919118279,0.025589999999999998,293650.456348,30442.92404644126,89.3139056,69.591424,20.009203184755,0.3066126340024137,32,64,,False,False,Request timeout: 300.0s exceeded,411,21.16838264042747
455,2026-09-14T02:29:21.279+00:00,2026-09-14T02:34:14.887+00:00,2026-09-14T02:34:21.298+00:00,False,95,94.0,,94.0,293608.30654,300019.101036,300019.100913,3158.0957990842107,0.024120000000000003,293608.30654,30116.586163339496,88.5387394,68.19994144680852,20.165374234782107,0.31331338463253616,32,64,,False,False,Request timeout: 300.0s exceeded,358,21.16838264042747
456,2026-09-14T02:29:24.091+00:00,2026-09-14T02:34:17.760+00:00,2026-09-14T02:34:24.161+00:00,False,94,93.0,,93.0,293668.690665,300069.642985,300069.642888,3192.230243489362,0.03683,293668.690665,30282.520386448425,89.64832415,68.82744430107526,20.25919687391612,0.3099280522843456,32,64,,False,False,Request timeout: 300.0s exceeded,400,21.16838264042747
457,2026-09-14T02:29:27.883+00:00,2026-09-14T02:34:21.676+00:00,2026-09-14T02:34:27.922+00:00,False,89,88.0,,88.0,293792.394777,300038.536985,300038.536877,3371.21951547191,0.03643,293792.394777,31134.414082652016,90.61330079999999,70.97888872727273,19.8678679254669,0.29329565756547943,32,64,,False,False,Request timeout: 300.0s exceeded,395,21.16838264042747
458,2026-09-14T02:29:31.071+00:00,2026-09-14T02:34:24.764+00:00,2026-09-14T02:34:31.120+00:00,False,93,92.0,,92.0,293692.979749,300048.824357,300048.82439799997,3226.331445139785,0.04018,293692.979749,30447.386079792213,87.780993,69.08526747826087,20.12721380552335,0.3066167654452724,32,64,,False,False,Request timeout: 300.0s exceeded,373,21.16838264042747
459,2026-09-14T02:29:34.706+00:00,2026-09-14T02:34:28.645+00:00,2026-09-14T02:34:34.784+00:00,False,94,93.0,,93.0,293939.230633,300078.676393,300078.67639900005,3192.326344670213,0.02357,293939.230633,30310.714500634225,88.69828380000001,66.01554580645161,20.301879184803145,0.30991872237600093,32,64,,False,False,Request timeout: 300.0s exceeded,450,21.16838264042747
460,2026-09-14T02:29:38.519+00:00,2026-09-14T02:34:32.005+00:00,2026-09-14T02:34:38.534+00:00,False,97,96.0,,96.0,293486.32138200005,300014.839526,300014.83959700004,3092.936490690722,0.0213,293486.32138200005,29792.12290144724,87.155762,68.00539733333333,20.100277313644806,0.3199841719552023,32,64,,False,False,Request timeout: 300.0s exceeded,461,21.16838264042747
461,2026-09-14T02:29:41.141+00:00,2026-09-14T02:34:35.081+00:00,2026-09-14T02:34:41.155+00:00,False,87,86.0,,86.0,293939.96877700003,300013.98631300003,300013.98642100004,3448.436625528736,0.03829,293939.96877700003,31506.10626345258,87.73807359999999,70.62811088372094,19.378580048291607,0.28665330259062494,32,64,,False,False,Request timeout: 300.0s exceeded,352,21.16838264042747
462,2026-09-14T02:29:44.088+00:00,2026-09-14T02:34:38.157+00:00,2026-09-14T02:34:44.127+00:00,False,87,86.0,,86.0,294068.737139,300039.00222699996,300039.002352,3448.724164965517,0.023239999999999997,294068.737139,31520.041215102596,88.25765,69.42168706976744,19.696177775152076,0.28662940271656795,32,64,,False,False,Request timeout: 300.0s exceeded,424,21.16838264042747
463,2026-09-14T02:29:47.594+00:00,2026-09-14T02:34:41.113+00:00,2026-09-14T02:34:47.641+00:00,False,99,98.0,,98.0,293519.264092,300047.449948,300047.450147,3030.782324717172,0.03314,293519.264092,29493.10740863443,86.24279480000001,66.6141413877551,19.514274250757982,0.326615007116321,32,64,,False,False,Request timeout: 300.0s exceeded,371,21.16838264042747
464,2026-09-14T02:29:49.893+00:00,2026-09-14T02:34:43.913+00:00,2026-09-14T02:34:49.937+00:00,False,94,93.0,,93.0,294020.175487,300043.50348699995,300043.50357799995,3191.952165723404,0.030789999999999998,294020.175487,30319.191968521784,86.96585265,64.76696774193549,20.09651556350729,0.30995505291461656,32,64,,False,False,Request timeout: 300.0s exceeded,493,21.16838264042747
465,2026-09-14T02:29:53.654+00:00,2026-09-14T02:34:47.340+00:00,2026-09-14T02:34:53.687+00:00,False,98,97.0,,97.0,293685.685326,300032.682062,300032.682034,3061.557979938775,0.02517,293685.685326,29660.131432966045,87.65851505,65.43295604123712,20.37563745042267,0.3232981131700697,32,64,,True,False,Request timeout: 300.0s exceeded,443,21.16838264042747
466,2026-09-14T02:29:56.212+00:00,2026-09-14T02:34:49.676+00:00,2026-09-14T02:34:56.249+00:00,False,99,98.0,,98.0,293464.796945,300037.600017,300037.599996,3030.6828282424244,0.039799999999999995,293464.796945,29487.587975101174,89.4338018,67.06941910204083,20.228550406715627,0.3266257295567201,32,64,,True,False,Request timeout: 300.0s exceeded,519,21.16838264042747
467,2026-09-14T02:29:59.397+00:00,2026-09-14T02:34:52.961+00:00,2026-09-14T02:34:59.437+00:00,False,95,94.0,,94.0,293564.489037,300040.68462099996,300040.684682,3158.3229966526314,0.027719,293564.489037,30112.019222097304,88.7301737,68.89569770212766,20.198526846262435,0.31329084626885595,32,64,,True,False,Request timeout: 300.0s exceeded,363,21.16838264042747
468,2026-09-14T02:30:02.671+00:00,2026-09-14T02:34:56.119+00:00,2026-09-14T02:35:02.694+00:00,False,101,100.0,,100.0,293447.430077,300022.632637,300022.632454,2970.5211134059405,0.04356,293447.430077,29192.574460662072,88.181784,65.7520256,19.430446640226158,0.3333081878559171,32,64,,True,False,Request timeout: 300.0s exceeded,560,21.16838264042747
469,2026-09-14T02:30:05.125+00:00,2026-09-14T02:34:58.905+00:00,2026-09-14T02:35:05.158+00:00,False,95,94.0,,94.0,293779.50795,300033.363438,300033.363474,3158.245931305263,0.03445,293779.50795,30134.322523981347,89.24651030000001,66.5303775319149,20.43103681207638,0.3132984909507389,32,64,,True,False,Request timeout: 300.0s exceeded,435,21.16838264042747
470,2026-09-14T02:30:07.910+00:00,2026-09-14T02:35:01.808+00:00,2026-09-14T02:35:07.972+00:00,False,91,90.0,,90.0,293898.559061,300062.256213,300062.256126,3297.387429956044,0.0213,293898.559061,30801.767514415358,88.53574799999998,68.48552391111112,20.04222068479959,0.29993775670377304,32,64,,True,False,Request timeout: 300.0s exceeded,427,21.16838264042747
471,2026-09-14T02:30:11.740+00:00,2026-09-14T02:35:05.406+00:00,2026-09-14T02:35:11.762+00:00,False,96,95.0,,95.0,293665.916426,300021.428234,300021.428306,3125.2232115208335,0.01964,293665.916426,29965.331042147965,89.60281925000001,66.90012429473684,20.473408759780106,0.31664404959070225,32,64,,True,False,Request timeout: 300.0s exceeded,441,21.16838264042747
472,2026-09-14T02:30:15.404+00:00,2026-09-14T02:35:08.974+00:00,2026-09-14T02:35:15.480+00:00,False,98,97.0,,97.0,293570.252301,300076.547085,300076.547023,3062.005581867347,0.0342,293570.252301,29648.30541499071,90.67190204999999,67.07520395876288,20.909269594550775,0.3232508536314358,32,64,,True,False,Request timeout: 300.0s exceeded,462,21.16838264042747
473,2026-09-14T02:30:18.102+00:00,2026-09-14T02:35:11.718+00:00,2026-09-14T02:35:18.119+00:00,False,94,93.0,,93.0,293616.550767,300017.438063,300017.438051,3191.674872882979,0.0442,293616.550767,30277.142789943297,88.83082050000002,68.82674511827958,20.484742984543335,0.30998198171557995,32,64,,True,False,Request timeout: 300.0s exceeded,267,21.16838264042747
474,2026-09-14T02:30:21.550+00:00,2026-09-14T02:35:15.167+00:00,2026-09-14T02:35:21.563+00:00,False,91,90.0,,90.0,293616.965529,300012.246681,300012.246565,3296.8378743406593,0.033049999999999996,293616.965529,30771.97891019377,89.99075,71.05867946666667,20.277561057449535,0.29998775381891696,32,64,,True,False,Request timeout: 300.0s exceeded,415,21.16838264042747
475,2026-09-14T02:30:23.945+00:00,2026-09-14T02:35:17.321+00:00,2026-09-14T02:35:23.979+00:00,False,95,94.0,,94.0,293375.036672,300033.975296,300033.975103,3158.2523695052632,0.038189999999999995,293375.036672,30092.38147573862,87.38920710000001,70.83977259574469,18.80965271022756,0.31329785204246896,32,64,,True,False,Request timeout: 300.0s exceeded,478,21.16838264042747
476,2026-09-14T02:30:27.860+00:00,2026-09-14T02:35:21.188+00:00,2026-09-14T02:35:28.201+00:00,False,99,98.0,,98.0,293327.753746,300340.986642,300340.986659,3033.747339989899,0.024,293327.753746,29473.363438817207,89.11242969999999,71.56360097959183,20.955101395281776,0.3262957916456934,32,64,,True,False,Request timeout: 300.0s exceeded,522,21.16838264042747
477,2026-09-14T02:30:31.615+00:00,2026-09-14T02:35:25.484+00:00,2026-09-14T02:35:31.651+00:00,False,88,87.0,,87.0,293869.068929,300036.508033,300036.508076,3409.505773590909,0.0223,293869.068929,31318.998134262205,87.79673885,70.89010464367816,21.12053212185452,0.28996471319560607,32,64,,True,False,Request timeout: 300.0s exceeded,419,21.16838264042747
478,2026-09-14T02:30:35.149+00:00,2026-09-14T02:35:29.396+00:00,2026-09-14T02:35:35.175+00:00,False,83,82.0,,82.0,294246.474056,300025.827912,300025.827982,3614.7690118313253,0.033299999999999996,294246.474056,32290.015850743534,87.59284299999999,70.47992507317073,19.04557845998758,0.2733098032615087,32,64,,True,False,Request timeout: 300.0s exceeded,350,21.16838264042747
479,2026-09-14T02:30:38.083+00:00,2026-09-14T02:35:31.648+00:00,2026-09-14T02:35:38.130+00:00,False,96,95.0,,95.0,293565.655036,300047.219708,300047.219711,3125.4918719895836,0.02004,293565.655036,29954.96233167992,87.699463,68.22699654736842,19.8665218590186,0.3166168314855646,32,64,,True,False,Request timeout: 300.0s exceeded,370,21.16838264042747
480,2026-09-14T02:30:41.864+00:00,2026-09-14T02:35:35.418+00:00,2026-09-14T02:35:41.872+00:00,False,96,95.0,,95.0,293553.57947500004,300008.153043,300008.153217,3125.0849293437504,0.037590000000000005,293553.57947500004,29953.75904185695,89.11980450000001,67.9428796631579,20.12289534703774,0.31665806091071025,32,64,,True,False,Request timeout: 300.0s exceeded,337,21.16838264042747
481,2026-09-14T02:30:45.327+00:00,2026-09-14T02:35:39.093+00:00,2026-09-14T02:35:45.346+00:00,False,92,91.0,,91.0,293765.580331,300018.754347,300018.75436699996,3261.0734170326086,0.033170000000000005,293765.580331,30620.021416820462,89.3792806,68.71619797802198,20.291061303970732,0.30331437179007126,32,64,,True,False,Request timeout: 300.0s exceeded,441,21.16838264042747
482,2026-09-14T02:30:48.851+00:00,2026-09-14T02:35:42.576+00:00,2026-09-14T02:35:48.933+00:00,False,92,91.0,,91.0,293725.02890100004,300082.30813300004,300082.30807800003,3261.764218239131,0.037270000000000005,293725.02890100004,30615.67491092788,90.63773205,69.86021134065933,21.10400669831025,0.3032501334922675,32,64,,True,False,Request timeout: 300.0s exceeded,396,21.16838264042747
483,2026-09-14T02:30:51.748+00:00,2026-09-14T02:35:45.522+00:00,2026-09-14T02:35:51.816+00:00,False,92,91.0,,91.0,293774.12475,300067.99227000005,300067.992451,3261.608613597826,0.02472,293774.12475,30620.865959824972,89.8276616,69.16337934065933,20.815285114443455,0.3032646011711857,32,64,,True,False,Request timeout: 300.0s exceeded,309,21.16838264042747
484,2026-09-14T02:30:55.761+00:00,2026-09-14T02:35:49.278+00:00,2026-09-14T02:35:55.848+00:00,False,95,94.0,,94.0,293516.926698,300086.046442,300086.046269,3158.800487042105,0.02002,293516.926698,30107.036675752523,85.42532929999999,69.88425259574468,18.08224026868539,0.3132434883744857,32,64,,True,False,Request timeout: 300.0s exceeded,586,21.16838264042747
485,2026-09-14T02:30:58.292+00:00,2026-09-14T02:35:51.737+00:00,2026-09-14T02:35:58.301+00:00,False,97,96.0,,96.0,293445.365552,300009.503792,300009.503683,3092.881481268041,0.028730000000000002,293445.365552,29787.9261580079,88.4567922,68.37644,19.12345420618246,0.31998986294300164,32,64,,True,False,Request timeout: 300.0s exceeded,431,21.16838264042747
486,2026-09-14T02:31:01.885+00:00,2026-09-14T02:35:55.442+00:00,2026-09-14T02:36:01.904+00:00,False,95,94.0,,94.0,293556.92590100004,300018.65441300004,300018.654419,3158.091099147369,0.02513,293556.92590100004,30111.259234233235,90.8303074,68.74179268085106,20.47236104991547,0.31331385104674647,32,64,,True,False,Request timeout: 300.0s exceeded,363,21.16838264042747
487,2026-09-14T02:31:05.558+00:00,2026-09-14T02:35:59.620+00:00,2026-09-14T02:36:05.648+00:00,False,87,86.0,,86.0,294062.22548900003,300090.593361,300090.593423,3449.3171657816097,0.02123,294062.22548900003,31519.271247133875,89.38613729999999,70.0973008372093,20.625250962812416,0.28658012581069003,32,64,,True,False,Request timeout: 300.0s exceeded,374,21.16838264042747
488,2026-09-14T02:31:09.796+00:00,2026-09-14T02:36:03.527+00:00,2026-09-14T02:36:09.818+00:00,False,90,89.0,,89.0,293731.393204,300022.552244,300022.55213100003,3333.583912566667,0.03675,293731.393204,30954.562570495338,88.24037049999998,70.68718022471911,19.74413630084646,0.2966443666795381,32,64,,True,False,Request timeout: 300.0s exceeded,380,21.16838264042747
489,2026-09-14T02:31:12.229+00:00,2026-09-14T02:36:06.475+00:00,2026-09-14T02:36:12.279+00:00,False,85,84.0,,84.0,294245.39088300004,300049.701155,300049.701277,3529.9964856117654,0.03573,294245.39088300004,31907.904720430342,87.31121760000002,69.0989318095238,19.478105361575487,0.2799536199391419,32,64,,True,False,Request timeout: 300.0s exceeded,322,21.16838264042747
490,2026-09-14T02:31:15.348+00:00,2026-09-14T02:36:09.184+00:00,2026-09-14T02:36:15.433+00:00,False,92,91.0,,91.0,293836.05735,300085.507334,300085.507295,3261.798992336957,0.04265,293836.05735,30627.372782471066,86.57996955,68.67527454945055,19.29513885303223,0.3032469005532997,32,64,,True,False,Request timeout: 300.0s exceeded,433,21.16838264042747
491,2026-09-14T02:31:18.799+00:00,2026-09-14T02:36:12.705+00:00,2026-09-14T02:36:18.841+00:00,False,88,87.0,,87.0,293905.783337,300041.843497,300041.843361,3409.5664018295456,0.03245,293905.783337,31322.94888113839,87.69570535000001,70.52942712643679,18.786324963174284,0.2899595569271653,32,64,,True,False,Request timeout: 300.0s exceeded,400,21.16838264042747
492,2026-09-14T02:31:22.192+00:00,2026-09-14T02:36:16.351+00:00,2026-09-14T02:36:22.252+00:00,False,86,85.0,,85.0,294159.67147500004,300060.49937900004,300060.49946400005,3489.075575162791,0.04443,294159.67147500004,31712.573252965212,88.54255825,69.42150475294117,19.667077189788397,0.28327620655139385,32,64,,True,False,Request timeout: 300.0s exceeded,380,21.16838264042747
493,2026-09-14T02:31:25.022+00:00,2026-09-14T02:36:18.841+00:00,2026-09-14T02:36:25.105+00:00,False,95,94.0,,94.0,293819.03230699996,300083.03435499995,300083.03449999995,3158.768784210526,0.02684,293819.03230699996,30138.366155028907,87.1203514,66.63831965957448,19.81532288033761,0.31324663255969837,32,64,,True,False,Request timeout: 300.0s exceeded,316,21.16838264042747
494,2026-09-14T02:31:27.848+00:00,2026-09-14T02:36:21.837+00:00,2026-09-14T02:36:27.888+00:00,False,90,89.0,,89.0,293989.1548,300039.49848,300039.49857500003,3333.772206388889,0.028640000000000002,293989.1548,30982.01849787934,89.12912505,67.98138966292136,20.15239447083079,0.29662761220064016,32,64,,True,False,Request timeout: 300.0s exceeded,432,21.16838264042747
495,2026-09-14T02:31:30.674+00:00,2026-09-14T02:36:24.544+00:00,2026-09-14T02:36:30.729+00:00,False,86,85.0,,85.0,293869.724865,300054.928321,300054.928187,3489.010792872093,0.02646,293869.724865,31680.946170072068,88.23221075,72.76709948235295,18.702218191048416,0.2832814660823256,32,64,,True,False,Request timeout: 300.0s exceeded,304,21.16838264042747
496,2026-09-14T02:31:34.361+00:00,2026-09-14T02:36:28.395+00:00,2026-09-14T02:36:34.378+00:00,False,86,85.0,,85.0,294033.91923299996,300017.138177,300017.13838099997,3488.5713765232554,0.029,294033.91923299996,31698.907921755952,87.43672275,70.39081110588235,18.666872129938735,0.28331714820188997,32,64,,True,False,Request timeout: 300.0s exceeded,249,21.16838264042747
497,2026-09-14T02:31:37.413+00:00,2026-09-14T02:36:31.159+00:00,2026-09-14T02:36:37.462+00:00,False,91,90.0,,90.0,293746.35692500003,300048.90668500005,300048.90668,3297.240732747253,0.03706,293746.35692500003,30785.650769952634,87.62522499999999,70.02833066666668,20.19923765021406,0.2999511012865798,32,64,,True,False,Request timeout: 300.0s exceeded,411,21.16838264042747
498,2026-09-14T02:31:40.108+00:00,2026-09-14T02:36:33.771+00:00,2026-09-14T02:36:40.190+00:00,False,95,94.0,,94.0,293662.927565,300082.34490900004,300082.345061,3158.761526957895,0.03606,293662.927565,30122.18129772066,88.67383910000001,68.29167387234043,20.977235191059087,0.31324735225094796,32,64,,True,False,Request timeout: 300.0s exceeded,442,21.16838264042747
499,2026-09-14T02:31:44.304+00:00,2026-09-14T02:36:37.934+00:00,2026-09-14T02:36:44.318+00:00,False,94,93.0,,93.0,293630.292068,300013.38506,300013.384901,3191.6317542659576,0.03732,293630.292068,30278.580004273204,90.21502244999999,68.63540851612903,20.741117906545576,0.3099861693884119,32,64,,True,False,Request timeout: 300.0s exceeded,448,21.16838264042747
500,2026-09-14T02:31:46.945+00:00,2026-09-14T02:36:40.610+00:00,2026-09-14T02:36:46.990+00:00,False,93,92.0,,92.0,293665.370337,300045.131489,300045.131497,3226.291736526882,0.0213,293665.370337,30444.496539244366,91.2627376,69.34522991304348,20.69764274318015,0.3066205391950272,32,64,,True,False,Request timeout: 300.0s exceeded,227,21.16838264042747
501,2026-09-14T02:31:51.168+00:00,2026-09-14T02:36:45.110+00:00,2026-09-14T02:36:51.215+00:00,False,91,90.0,,90.0,293941.27178899996,300046.96574099996,300046.96554699994,3297.2194016153844,0.0245,293941.27178899996,30806.31303689164,88.704623,67.84104391111111,20.734297760002534,0.29995304161045194,32,64,,True,False,Request timeout: 300.0s exceeded,438,21.16838264042747
502,2026-09-14T02:31:54.990+00:00,2026-09-14T02:36:48.760+00:00,2026-09-14T02:36:55.004+00:00,False,91,90.0,,90.0,293770.229314,300014.135362,300014.135391,3296.8586306703296,0.096219,293770.229314,30788.221008994737,87.936109,69.37673386666665,19.29646813985502,0.29998586530399685,32,64,,True,False,Request timeout: 300.0s exceeded,432,21.16838264042747
503,2026-09-14T02:31:57.809+00:00,2026-09-14T02:36:51.727+00:00,2026-09-14T02:36:57.817+00:00,False,86,85.0,,85.0,293918.301116,300008.659132,300008.659006,3488.472779139535,0.026539999999999998,293918.301116,31686.304848151874,88.3338065,71.65127077647058,19.116396781213545,0.2833251555002653,32,64,,True,False,Request timeout: 300.0s exceeded,442,21.16838264042747
504,2026-09-14T02:32:01.451+00:00,2026-09-14T02:36:55.397+00:00,2026-09-14T02:37:01.531+00:00,False,87,86.0,,86.0,293946.56710000004,300079.97151600005,300079.97170000005,3449.195077011495,0.034210000000000004,293946.56710000004,31506.740016967047,90.526822,71.318656,19.983464537738055,0.2865902698055093,32,64,,True,False,Request timeout: 300.0s exceeded,392,21.16838264042747
505,2026-09-14T02:32:05.652+00:00,2026-09-14T02:36:58.843+00:00,2026-09-14T02:37:05.728+00:00,False,107,106.0,,106.0,293190.50479000004,300075.091542,300075.091444,2804.4401069532714,0.03608,293190.50479000004,28337.52437251554,88.91534530000001,64.94893162264151,20.43751621516536,0.3532449143156013,32,64,,True,False,Request timeout: 300.0s exceeded,372,21.16838264042747
506,2026-09-14T02:32:09.341+00:00,2026-09-14T02:37:03.070+00:00,2026-09-14T02:37:09.390+00:00,False,105,104.0,,104.0,293728.394988,300048.895468,300048.895493,2857.6085285047616,0.0,293728.394988,28659.03901752372,88.40309020000001,60.77404307692308,28.20668785498756,0.34661017444435666,32,64,,True,False,Request timeout: 300.0s exceeded,439,21.16838264042747
507,2026-09-14T02:32:12.292+00:00,2026-09-14T02:37:06.940+00:00,2026-09-14T02:37:12.357+00:00,False,81,80.0,,80.0,294647.839661,300064.702381,300064.702362,3704.5024982962964,0.0,294647.839661,32731.139138462036,90.557209,67.710784,30.14450709376371,0.266609165840579,32,64,,True,False,Request timeout: 300.0s exceeded,363,21.16838264042747
508,2026-09-14T02:32:15.665+00:00,2026-09-14T02:37:09.306+00:00,2026-09-14T02:37:15.697+00:00,False,96,95.0,,95.0,293641.56111799995,300032.28137399995,300032.281323,3125.3362637812497,0.025160000000000002,293641.56111799995,29962.807549587185,90.145828,67.27073953684211,20.599781142441817,0.3166325955492083,32,64,,True,False,Request timeout: 300.0s exceeded,477,21.16838264042747
509,2026-09-14T02:32:18.027+00:00,2026-09-14T02:37:11.495+00:00,2026-09-14T02:37:18.069+00:00,False,103,102.0,,102.0,293468.605415,300042.331879,300042.331873,2913.0323482815534,0.036929000000000003,293468.605415,28909.978090548353,89.88699510000001,64.44829866666666,20.866094909417296,0.3399520306392439,32,64,,True,False,Request timeout: 300.0s exceeded,428,21.16838264042747
510,2026-09-14T02:32:21.648+00:00,2026-09-14T02:37:15.957+00:00,2026-09-14T02:37:21.715+00:00,False,88,87.0,,87.0,294309.25929400005,300066.74563,300066.74568700005,3409.8493828068185,0.033710000000000004,294309.25929400005,31366.424632212027,89.1997595,66.17800386206896,20.73603780620455,0.289935493576073,32,64,,True,False,Request timeout: 300.0s exceeded,418,21.16838264042747
511,2026-09-14T02:32:25.712+00:00,2026-09-14T02:37:19.400+00:00,2026-09-14T02:37:25.783+00:00,False,95,94.0,,94.0,293688.421908,300070.587924,300070.58779200003,3158.637766231579,0.03369,293688.421908,30124.837060083562,89.42574640000001,67.89538314893616,20.147565724166963,0.3132596255112072,32,64,,True,False,Request timeout: 300.0s exceeded,360,21.16838264042747
512,2026-09-14T02:32:28.646+00:00,2026-09-14T02:37:22.191+00:00,2026-09-14T02:37:28.663+00:00,False,97,96.0,,96.0,293545.098854,300016.937062,300016.937009,3092.9581134948453,0.0335,293545.098854,29798.150856229924,88.7851114,67.41498133333333,20.190340860000514,0.31998193482043685,32,64,,True,False,Request timeout: 300.0s exceeded,435,21.16838264042747
513,2026-09-14T02:32:31.872+00:00,2026-09-14T02:37:25.438+00:00,2026-09-14T02:37:31.913+00:00,False,94,93.0,,93.0,293565.991483,300041.686587,300041.68652,3191.932835319149,0.0428,293565.991483,30271.844665346125,89.49726015,69.63113015053764,19.927591485076743,0.30995692984492595,32,64,,True,False,Request timeout: 300.0s exceeded,396,21.16838264042747
514,2026-09-14T02:32:35.326+00:00,2026-09-14T02:37:29.039+00:00,2026-09-14T02:37:35.370+00:00,False,92,91.0,,91.0,293712.588765,300044.004317,300044.004317,3261.3478730108695,0.01991,293712.588765,30614.405845208243,86.77101755,69.57599507692308,18.402874084174424,0.3032888466048381,32,64,,True,False,Request timeout: 300.0s exceeded,354,21.16838264042747
515,2026-09-14T02:32:37.747+00:00,2026-09-14T02:37:31.422+00:00,2026-09-14T02:37:37.837+00:00,False,94,93.0,,93.0,293674.21689499996,300089.94758299994,300089.94758199994,3192.44625087234,0.04082,293674.21689499996,30283.072932320738,86.64009215,68.98635148387096,18.603476131982678,0.3099070820233914,32,64,,True,False,Request timeout: 300.0s exceeded,352,21.16838264042747
516,2026-09-14T02:32:40.541+00:00,2026-09-14T02:37:34.174+00:00,2026-09-14T02:37:40.555+00:00,False,97,96.0,,96.0,293632.473764,300013.272484,300013.272504,3092.9203350927833,0.03725,293632.473764,29807.11848565762,87.75343279999998,66.46665333333334,19.837311668215374,0.3199858433100481,32,64,,True,False,Request timeout: 300.0s exceeded,477,21.16838264042747
517,2026-09-14T02:32:44.642+00:00,2026-09-14T02:37:38.399+00:00,2026-09-14T02:37:44.651+00:00,False,90,89.0,,89.0,293757.33595599997,300009.28142799996,300009.28140999994,3333.4364601111106,0.02135,293757.33595599997,30957.34383862858,88.7745264,70.24657833707865,20.08862600286988,0.29665748864959485,32,64,,True,False,Request timeout: 300.0s exceeded,439,21.16838264042747
518,2026-09-14T02:32:48.734+00:00,2026-09-14T02:37:42.579+00:00,2026-09-14T02:37:48.810+00:00,False,91,90.0,,90.0,293845.010908,300076.620764,300076.620745,3297.5452829120877,0.0193,293845.010908,30796.07419413928,87.88059000000001,69.24010951111111,18.678747080740905,0.2999233988001415,32,64,,True,False,Request timeout: 300.0s exceeded,224,21.16838264042747
519,2026-09-14T02:32:52.002+00:00,2026-09-14T02:37:45.781+00:00,2026-09-14T02:37:52.055+00:00,False,94,93.0,,93.0,293778.712366,300052.984366,300052.98436299997,3192.053025138298,0.053988999999999995,293778.712366,30294.007917027022,87.01486415,67.46529032258066,18.956296223085687,0.3099452591564963,32,64,,True,False,Request timeout: 300.0s exceeded,182,21.16838264042747
520,2026-09-14T02:32:54.544+00:00,2026-09-14T02:37:48.079+00:00,2026-09-14T02:37:54.558+00:00,False,96,95.0,,95.0,293534.954849,300013.279329,300013.279316,3125.138326208333,0.039810000000000005,293534.954849,29951.832806768114,89.89295750000001,68.1928892631579,20.345351508870458,0.3166526502175968,32,64,,True,False,Request timeout: 300.0s exceeded,480,21.16838264042747
521,2026-09-14T02:32:57.675+00:00,2026-09-14T02:37:51.360+00:00,2026-09-14T02:37:57.753+00:00,False,91,90.0,,90.0,293685.558829,300078.782253,300078.782175,3297.56903489011,0.01948,293685.558829,30779.17148524199,89.09734850000001,71.03581582222222,19.73025999111092,0.2999212384303797,32,64,,True,False,Request timeout: 300.0s exceeded,463,21.16838264042747
522,2026-09-14T02:33:00.953+00:00,2026-09-14T02:37:54.728+00:00,2026-09-14T02:38:01.026+00:00,False,88,87.0,,87.0,293774.58925,300072.46931400005,300072.469378,3409.9144247500003,0.02146,293774.58925,31308.765646224212,89.430893,72.38942602298852,19.409915789443147,0.2899299632481845,32,64,,True,False,Request timeout: 300.0s exceeded,332,21.16838264042747
523,2026-09-14T02:33:04.888+00:00,2026-09-14T02:37:58.618+00:00,2026-09-14T02:38:04.951+00:00,False,92,91.0,,91.0,293730.51103,300063.450806,300063.450663,3261.5592463369567,0.02257,293730.51103,30616.273605158924,89.22781305000001,69.59274479120879,19.985207937585557,0.30326919108463574,32,64,,True,False,Request timeout: 300.0s exceeded,374,21.16838264042747
524,2026-09-14T02:33:07.567+00:00,2026-09-14T02:38:01.471+00:00,2026-09-14T02:38:07.599+00:00,False,90,89.0,,89.0,293903.84506300004,300032.18016700004,300032.180188,3333.690890977778,0.03523,293903.84506300004,30972.933743918013,90.11246845,68.8576977977528,20.23133354052123,0.2966348474702346,32,64,,True,False,Request timeout: 300.0s exceeded,334,21.16838264042747
525,2026-09-14T02:33:11.807+00:00,2026-09-14T02:38:05.380+00:00,2026-09-14T02:38:12.767+00:00,False,65,64.0,,64.0,293572.840148,300960.57954,300960.579585,4630.162762846154,0.0363,293572.840148,36400.75729422101,89.81471699999999,115.433428,369.46178240952,0.21265243474019127,32,64,,True,False,Request timeout: 300.0s exceeded,334,21.16838264042747
526,2026-09-14T02:33:15.454+00:00,2026-09-14T02:38:08.802+00:00,2026-09-14T02:38:15.483+00:00,False,110,109.0,,109.0,293348.604429,300028.761613,300028.761421,2727.5341947363636,0.015189999999999999,293348.604429,27965.326816657176,89.05410040000001,61.285845724770645,288.8598080636549,0.36329850316349505,32,64,,True,False,Request timeout: 300.0s exceeded,466,21.16838264042747
527,2026-09-14T02:33:18.482+00:00,2026-09-14T02:38:14.042+00:00,2026-09-14T02:38:18.489+00:00,False,69,68.0,,68.0,295559.783511,300006.900823,300006.900885,4347.926099782609,0.018139,295559.783511,35573.349088409384,86.354568,65.398784,19.93055525742935,0.2266614528314436,32,64,,True,False,Request timeout: 300.0s exceeded,314,21.16838264042747
528,2026-09-14T02:33:22.432+00:00,2026-09-14T02:38:16.179+00:00,2026-09-14T02:38:22.483+00:00,False,92,91.0,,91.0,293747.50061299995,300051.73587699997,300051.735908,3261.431912043478,0.03576,293747.50061299995,30618.077332080225,88.7341105,69.27731059340658,19.283156792543053,0.30328103163283676,32,64,,True,False,Request timeout: 300.0s exceeded,452,21.16838264042747
529,2026-09-14T02:33:25.263+00:00,2026-09-14T02:38:18.570+00:00,2026-09-14T02:38:25.276+00:00,False,99,98.0,,98.0,293307.301732,300012.71946000005,300012.71947,3030.43150979798,0.02479,293307.301732,29471.622655604177,89.38355280000002,68.42262987755102,19.545948419135232,0.32665281717519346,32,64,,True,False,Request timeout: 300.0s exceeded,217,21.16838264042747
530,2026-09-14T02:33:27.905+00:00,2026-09-14T02:38:21.358+00:00,2026-09-14T02:38:27.943+00:00,False,102,101.0,,101.0,293453.506722,300038.005154,300038.005156,2941.549070156863,0.04039,293453.506722,29049.77876842892,88.61660744999999,65.19305378217821,20.23363768799818,0.33662402184069945,32,64,,True,False,Request timeout: 300.0s exceeded,486,21.16838264042747
531,2026-09-14T02:33:30.697+00:00,2026-09-14T02:38:24.591+00:00,2026-09-14T02:38:30.749+00:00,False,98,97.0,,97.0,293893.328812,300051.637932,300051.637957,3061.7514077244896,0.024829999999999998,293893.328812,29681.30287913964,87.869876,63.487722886597936,20.06919530206491,0.3232776886956467,32,64,,True,False,Request timeout: 300.0s exceeded,470,21.16838264042747
532,2026-09-14T02:33:34.684+00:00,2026-09-14T02:38:28.534+00:00,2026-09-14T02:38:34.765+00:00,False,94,93.0,,93.0,293850.09422100004,300081.36078100005,300081.360859,3192.3549027553195,0.03565,293850.09422100004,30301.419148302906,90.18925929999999,67.00286623655914,20.59985317706834,0.3099159499875488,32,64,,True,False,Request timeout: 300.0s exceeded,418,21.16838264042747
533,2026-09-14T02:33:37.932+00:00,2026-09-14T02:38:31.384+00:00,2026-09-14T02:38:37.984+00:00,False,96,95.0,,95.0,293451.979051,300051.86487499997,300051.864871,3125.5402590729163,0.038009999999999995,293451.979051,29943.233354654625,89.26077975,69.47248235789473,20.084544227835117,0.3166119298727788,32,64,,True,False,Request timeout: 300.0s exceeded,409,21.16838264042747
534,2026-09-14T02:33:40.511+00:00,2026-09-14T02:38:34.634+00:00,2026-09-14T02:38:40.567+00:00,False,85,84.0,,84.0,294122.47539499996,300056.16729899996,300056.16727999994,3530.0725562352936,0.03527,294122.47539499996,31894.405641112266,89.4951672,70.63918933333333,19.54251858397024,0.2799475870005887,32,64,,True,False,Request timeout: 300.0s exceeded,427,21.16838264042747
535,2026-09-14T02:33:44.541+00:00,2026-09-14T02:38:38.405+00:00,2026-09-14T02:38:44.613+00:00,False,95,94.0,,94.0,293863.686399,300072.012799,300072.012656,3158.6527648,0.037219999999999996,293863.686399,30143.00900318077,87.93850429999999,66.04602553191489,20.816422675704196,0.31325813801557323,32,64,,True,False,Request timeout: 300.0s exceeded,431,21.16838264042747
536,2026-09-14T02:33:48.080+00:00,2026-09-14T02:38:41.740+00:00,2026-09-14T02:38:48.133+00:00,False,100,99.0,,99.0,293660.13832599996,300052.45090199995,300052.45082499995,3000.5245082499996,0.02501,293660.13832599996,29359.563959886753,87.95797044999999,64.5688138989899,20.389642132552364,0.3299423140933928,32,64,,True,False,Request timeout: 300.0s exceeded,512,21.16838264042747
537,2026-09-14T02:33:50.389+00:00,2026-09-14T02:38:44.142+00:00,2026-09-14T02:38:50.400+00:00,False,97,96.0,,96.0,293752.574431,300011.123679,300011.123521,3092.8981806288657,0.01787,293752.574431,29819.441980912598,87.1560184,65.19322133333334,19.569928298725937,0.3199881351823347,32,64,,True,False,Request timeout: 300.0s exceeded,415,21.16838264042747
538,2026-09-14T02:33:54.331+00:00,2026-09-14T02:38:48.007+00:00,2026-09-14T02:38:54.414+00:00,False,96,95.0,,95.0,293676.020971,300082.896107,300082.895939,3125.8634993645837,0.02115,293676.020971,29966.306878403757,88.365036,67.44079090526316,20.065457461298855,0.3165791893921406,32,64,,True,False,Request timeout: 300.0s exceeded,400,21.16838264042747
539,2026-09-14T02:33:57.222+00:00,2026-09-14T02:38:50.837+00:00,2026-09-14T02:38:57.261+00:00,False,94,93.0,,93.0,293614.824548,300039.33962,300039.339759,3191.907869776596,0.02112,293614.824548,30276.93788563393,88.96299,69.08080722580644,19.483468945432183,0.3099593543892763,32,64,,True,False,Request timeout: 300.0s exceeded,424,21.16838264042747
540,2026-09-14T02:34:00.030+00:00,2026-09-14T02:38:53.724+00:00,2026-09-14T02:39:00.054+00:00,False,95,94.0,,94.0,293694.20478,300023.899244,300023.89922099997,3158.1463075894735,0.03671,293694.20478,30125.48736352324,86.90706229999999,67.33717514893617,19.723905688118535,0.313308373889084,32,64,,True,False,Request timeout: 300.0s exceeded,470,21.16838264042747
541,2026-09-14T02:34:03.145+00:00,2026-09-14T02:38:56.582+00:00,2026-09-14T02:39:03.197+00:00,False,97,96.0,,96.0,293436.66323299997,300051.573185,300051.57314199995,3093.3151870309275,0.02077,293436.66323299997,29786.988669741975,87.7263048,68.905312,18.80129795183073,0.3199449980580844,32,64,,True,False,Request timeout: 300.0s exceeded,422,21.16838264042747
542,2026-09-14T02:34:07.343+00:00,2026-09-14T02:39:00.989+00:00,2026-09-14T02:39:07.382+00:00,False,99,98.0,,98.0,293646.704327,300039.559367,300039.559274,3030.7026189292933,0.04158,293646.704327,29506.05521340959,90.5000179,65.23321469387754,20.690840033953357,0.32662359659090534,32,64,,True,False,Request timeout: 300.0s exceeded,232,21.16838264042747
543,2026-09-14T02:34:10.271+00:00,2026-09-14T02:39:03.586+00:00,2026-09-14T02:39:10.283+00:00,False,105,104.0,,104.0,293314.862176,300012.440672,300012.44059,2857.2613389523813,0.045018999999999997,293314.862176,28618.322105885432,90.13434720000001,64.39979323076923,20.599729676530355,0.3466522913751498,32,64,,True,False,Request timeout: 300.0s exceeded,152,21.16838264042747
544,2026-09-14T02:34:13.090+00:00,2026-09-14T02:39:07.118+00:00,2026-09-14T02:39:13.095+00:00,False,88,87.0,,87.0,294027.658131,300005.539475,300005.539495,3409.1538578977274,0.03748,294027.658131,31336.135464419658,88.635032,68.71127981609196,20.207347928059004,0.28999464527304125,32,64,,True,False,Request timeout: 300.0s exceeded,432,21.16838264042747
545,2026-09-14T02:34:16.697+00:00,2026-09-14T02:39:10.409+00:00,2026-09-14T02:39:16.750+00:00,False,94,93.0,,93.0,293712.031985,300053.346289,300053.346303,3192.05687556383,0.037649999999999996,293712.031985,30287.056335480218,87.4774685,68.18617531182795,19.477122765077173,0.3099448853019154,32,64,,True,False,Request timeout: 300.0s exceeded,263,21.16838264042747
546,2026-09-14T02:34:20.813+00:00,2026-09-14T02:39:14.583+00:00,2026-09-14T02:39:20.843+00:00,False,92,91.0,,91.0,293770.484081,300030.638193,300030.637969,3261.202586619565,0.027989999999999998,293770.484081,30620.52439844678,88.17196105,68.79290232967033,19.870391820412397,0.30330235787940646,32,64,,True,False,Request timeout: 300.0s exceeded,237,21.16838264042747
547,2026-09-14T02:34:23.684+00:00,2026-09-14T02:39:17.855+00:00,2026-09-14T02:39:23.699+00:00,False,84,83.0,,83.0,294170.14038700005,300014.05334700004,300014.05329400004,3571.59587254762,0.02168,294170.14038700005,32088.91710658688,87.15251599999999,70.40858987951808,19.091088966482637,0.27665370696485725,32,64,,True,False,Request timeout: 300.0s exceeded,418,21.16838264042747
548,2026-09-14T02:34:26.602+00:00,2026-09-14T02:39:20.466+00:00,2026-09-14T02:39:26.671+00:00,False,91,90.0,,90.0,293863.796482,300068.70067399996,300068.70056699996,3297.458247989011,0.02243,293863.796482,30798.07534897774,88.9817975,68.94337991111112,19.94652744813377,0.29993131505500675,32,64,,True,False,Request timeout: 300.0s exceeded,359,21.16838264042747
549,2026-09-14T02:34:29.124+00:00,2026-09-14T02:39:22.635+00:00,2026-09-14T02:39:29.196+00:00,False,98,97.0,,97.0,293511.186896,300072.33352,300072.333448,3061.9625862040816,0.021989,293511.186896,29642.28085087552,87.80931335000001,67.64068684536083,19.522068688910235,0.3232553926652985,32,64,,True,False,Request timeout: 300.0s exceeded,425,21.16838264042747
550,2026-09-14T02:34:32.146+00:00,2026-09-14T02:39:25.768+00:00,2026-09-14T02:39:32.154+00:00,False,94,93.0,,93.0,293621.602932,300007.811444,300007.811433,3191.5724620531914,0.02413,293621.602932,30277.679875648617,88.467456,68.6689087311828,20.054740352371304,0.30999192838470324,32,64,,True,False,Request timeout: 300.0s exceeded,391,21.16838264042747
551,2026-09-14T02:34:36.214+00:00,2026-09-14T02:39:29.796+00:00,2026-09-14T02:39:36.231+00:00,False,111,110.0,,110.0,293581.597264,300017.125968,300017.12607299996,2702.8569916486485,0.0799,293581.597264,27859.986518852213,88.6282375,58.5048064,20.54236324750087,0.3666457361228528,32,64,,True,False,Request timeout: 300.0s exceeded,568,21.16838264042747
552,2026-09-14T02:34:39.223+00:00,2026-09-14T02:39:32.279+00:00,2026-09-14T02:39:39.326+00:00,False,151,150.0,,150.0,293055.606483,300102.233555,300102.23368199996,1987.4320111390728,0.020370000000000003,293055.606483,23844.724321470007,105.272853,46.97751381333333,31.19077174247058,0.49982966878688484,32,64,,True,False,Request timeout: 300.0s exceeded,723,21.16838264042747
0,2026-09-14T02:04:40.921+00:00,2026-09-14T02:04:41.144+00:00,2026-09-14T02:04:54.559+00:00,True,246,246.0,,246.0,223.175291,13638.561403,13638.561279,55.44130601219512,0.03236,223.175291,23.00171543085676,93.44161575,54.75667800816326,20.38309376812347,18.03709296978263,33,64,,False,True,,614,21.16838264042747
1,2026-09-14T02:04:46.142+00:00,2026-09-14T02:04:46.378+00:00,2026-09-14T02:04:56.240+00:00,True,161,161.0,,161.0,235.361473,10097.367489,10097.367591,62.71656888819876,40.730314,235.361473,25.324614035317214,97.010165,61.6375376,21.371399585485555,15.944749973237307,33,64,,False,True,,767,21.16838264042747
2,2026-09-14T02:04:49.524+00:00,2026-09-14T02:04:54.057+00:00,2026-09-14T02:05:02.963+00:00,True,135,135.0,,135.0,4533.059897,13439.383097000002,13439.383198,99.55098665185186,41.683743,4533.059897,385.0534796075143,97.01894369999998,66.46509850746268,22.10374587918257,10.045103932645189,33,64,,False,True,,642,21.16838264042747
3,2026-09-14T02:04:54.151+00:00,2026-09-14T02:05:02.078+00:00,2026-09-14T02:05:20.107+00:00,True,272,272.0,,272.0,7927.284315000001,25956.076891,25956.076892,95.42675327941177,16.882133999999997,7927.284315000001,477.1329105509226,94.06886545000002,66.52690987453875,21.975851191080263,10.479241571915406,33,64,,False,True,,1165,21.16838264042747
4,2026-09-14T02:04:59.477+00:00,2026-09-14T02:05:11.389+00:00,2026-09-14T02:05:27.329+00:00,True,239,239.0,,239.0,11911.926877,27851.650653,27851.650795999998,116.53410374895398,24.135248999999998,11911.926877,766.5169306019255,95.3405181,66.97362931092437,22.55764282627598,8.58117901081229,33,64,,False,True,,987,21.16838264042747
5,2026-09-14T02:05:02.595+00:00,2026-09-14T02:05:16.137+00:00,2026-09-14T02:05:30.011+00:00,True,206,206.0,,206.0,13542.187172,27415.55242,27415.552386,133.08520575728156,39.409566,13542.187172,939.0768781792149,95.82397474999999,67.67495242926829,22.283287207266202,7.513983188962493,33,64,,False,True,,870,21.16838264042747
6,2026-09-14T02:05:05.923+00:00,2026-09-14T02:05:22.537+00:00,2026-09-14T02:05:34.808+00:00,True,184,184.0,,184.0,16614.153988,28885.263875999997,28885.264068999997,156.9851308097826,39.331587,16614.153988,1220.0675564122907,94.89377900000001,67.05524528961749,22.109619054220325,6.370030088348293,33,64,,False,True,,821,21.16838264042747
7,2026-09-14T02:05:11.045+00:00,2026-09-14T02:05:30.601+00:00,2026-09-14T02:05:38.625+00:00,True,123,123.0,,123.0,19556.141149,27580.306013,27580.306021,224.23013025203252,0.016460000000000002,19556.141149,1757.6528927686468,97.424495,65.77184314754099,30.673603514770114,4.459703962023621,33,64,,False,True,,517,21.16838264042747
8,2026-09-14T02:05:14.966+00:00,2026-09-14T02:05:38.759+00:00,2026-09-14T02:05:45.711+00:00,True,107,107.0,,107.0,23792.905572,30744.685156,30744.685271,287.3335072056075,39.90312599999999,23792.905572,2293.9166636136056,97.8009396,65.58282626415094,22.55009368231789,3.480276329293239,33,64,,False,True,,482,21.16838264042747
9,2026-09-14T02:05:19.688+00:00,2026-09-14T02:05:46.109+00:00,2026-09-14T02:06:01.134+00:00,True,231,231.0,,231.0,26421.021432999998,41445.517817,41445.517982,179.41782676190476,40.325415,26421.021432999998,1734.2150282982032,96.362852,65.32389732173912,21.880810870408403,5.573582190961289,33,64,,False,True,,1053,21.16838264042747
10,2026-09-14T02:05:23.662+00:00,2026-09-14T02:05:54.042+00:00,2026-09-14T02:06:08.809+00:00,True,221,221.0,,221.0,30380.457269000002,45146.804533,45146.804554,204.28418350226247,36.970382,30380.457269000002,2039.215558728188,95.360889,67.1197602909091,22.155673283741265,4.895141578369302,33,64,,False,True,,784,21.16838264042747
11,2026-09-14T02:05:26.881+00:00,2026-09-14T02:05:59.801+00:00,2026-09-14T02:06:11.801+00:00,True,178,178.0,,178.0,32920.300658,44920.236914,44920.236833,252.36088108426966,37.068431,32920.300658,2462.4949399186717,95.23940165,67.7962500338983,21.763155341847064,3.962579278929045,33,64,,False,True,,281,21.16838264042747
12,2026-09-14T02:05:31.608+00:00,2026-09-14T02:06:07.143+00:00,2026-09-14T02:06:17.378+00:00,True,155,155.0,,155.0,35534.861549,45770.576109,45770.575901000004,295.29403807096776,39.506097000000004,35534.861549,2848.972177846832,93.613251,66.46567896103896,21.694474294762188,3.386455080462094,33,64,,False,True,,618,21.16838264042747
13,2026-09-14T02:05:36.948+00:00,2026-09-14T02:06:16.921+00:00,2026-09-14T02:06:36.153+00:00,True,290,290.0,,290.0,39972.624708999996,59205.403204999995,59205.40328399999,204.15656304827584,0.016009,39972.624708999996,2343.584808964309,94.62453345,66.54940656055363,32.121479695941304,4.89820158805217,33,64,,False,True,,1370,21.16838264042747
14,2026-09-14T02:05:41.178+00:00,2026-09-14T02:06:24.094+00:00,2026-09-14T02:06:37.037+00:00,True,197,197.0,,197.0,42915.869957999996,55858.581509999996,55858.581705,283.54610002538067,0.01835,42915.869957999996,3053.1145130841037,95.98328660000001,66.0342426122449,34.1594873718978,3.526763384865625,33,64,,False,True,,945,21.16838264042747
15,2026-09-14T02:05:45.292+00:00,2026-09-14T02:06:32.048+00:00,2026-09-14T02:06:48.163+00:00,True,242,242.0,,242.0,46755.251797,62870.140501,62870.140650999994,259.7939696322314,0.016300000000000002,46755.251797,3001.4244235385922,93.78339549999998,66.86675810788383,33.06356403046334,3.849204058899006,33,64,,False,True,,1037,21.16838264042747
16,2026-09-14T02:05:48.954+00:00,2026-09-14T02:06:37.946+00:00,2026-09-14T02:06:45.276+00:00,True,110,110.0,,110.0,48992.098195,56321.554323,56321.554232,512.0141293818182,39.532967,48992.098195,4664.851209125623,95.42718549999998,67.2427167706422,21.539157933930735,1.9530710990175812,33,64,,False,True,,458,21.16838264042747
17,2026-09-14T02:05:52.775+00:00,2026-09-14T02:06:44.326+00:00,2026-09-14T02:07:02.338+00:00,True,270,270.0,,270.0,51550.598179,69562.336803,69562.336728,257.6382841777778,10.959496999999999,51550.598179,3133.273200738424,93.91914745,66.95813614869888,22.241185976877535,3.8814107232285475,33,64,,False,True,,1193,21.16838264042747
18,2026-09-14T02:05:56.876+00:00,2026-09-14T02:06:51.246+00:00,2026-09-14T02:06:58.557+00:00,True,113,113.0,,113.0,54370.769910999996,61681.71672699999,61681.716768,545.8559006017699,40.281785000000006,54370.769910999996,5108.677551729101,95.3954558,65.27631085714286,21.881205852602793,1.8319853271939885,33,64,,False,True,,243,21.16838264042747
19,2026-09-14T02:06:01.729+00:00,2026-09-14T02:07:00.200+00:00,2026-09-14T02:07:12.633+00:00,True,186,186.0,,186.0,58471.085678,70904.589422,70904.589534,381.20747061290325,0.0,58471.085678,4282.466509613231,95.57960375,67.20812834594594,27.28238246794687,2.623243453156343,33,64,,False,True,,918,21.16838264042747
20,2026-09-14T02:06:06.140+00:00,2026-09-14T02:07:07.360+00:00,2026-09-14T02:07:27.206+00:00,True,297,297.0,,297.0,61219.442541000004,81065.236845,81065.236838,272.9469253804714,0.0,61219.442541000004,3548.5124183440507,96.9071816,67.04660237837838,25.386665652642236,3.663715934955892,33,64,,False,True,,1565,21.16838264042747
21,2026-09-14T02:06:11.479+00:00,2026-09-14T02:07:17.040+00:00,2026-09-14T02:07:29.867+00:00,True,196,196.0,,196.0,65560.641949,78387.821469,78387.82157,399.9378651530612,0.018,65560.641949,4678.375073504838,95.94975525,65.78040779487179,40.064838563746505,2.5003884063484536,33,64,,False,True,,991,21.16838264042747
22,2026-09-14T02:06:16.272+00:00,2026-09-14T02:07:26.477+00:00,2026-09-14T02:07:38.309+00:00,True,180,180.0,,180.0,70205.082746,82036.433274,82036.433423,455.7579634611111,0.016640000000000002,70205.082746,5228.0188447122255,94.55055899999999,66.09693032402234,41.96738353580572,2.1941470736398756,33,64,,False,True,,1135,21.16838264042747
23,2026-09-14T02:06:21.612+00:00,2026-09-14T02:07:35.226+00:00,2026-09-14T02:07:43.400+00:00,True,128,128.0,,128.0,73613.165922,81787.78045,81787.780198,638.967032796875,38.306819000000004,73613.165922,6500.890937029605,93.49611420000001,64.36704352755906,21.149536709573212,1.565025964706932,33,64,,False,True,,582,21.16838264042747
24,2026-09-14T02:06:25.682+00:00,2026-09-14T02:07:41.892+00:00,2026-09-14T02:07:56.865+00:00,True,232,232.0,,232.0,76209.864905,91182.952649,91182.952561,393.0299679353448,0.0,76209.864905,4999.226522602193,93.37591005,64.81856166233766,24.405575547653292,2.544335243157366,33,64,,False,True,,1109,21.16838264042747
25,2026-09-14T02:06:30.871+00:00,2026-09-14T02:07:51.239+00:00,2026-09-14T02:08:00.316+00:00,True,137,137.0,,137.0,80368.14365099999,89445.155107,89445.15513099999,652.8843440218977,0.0,80368.14365099999,6860.662469792168,93.5404908,66.74273129411765,26.496437355495367,1.5316648491034741,33,64,,False,True,,615,21.16838264042747
26,2026-09-14T02:06:35.915+00:00,2026-09-14T02:07:59.172+00:00,2026-09-14T02:08:13.072+00:00,True,214,214.0,,214.0,83256.858195,97157.352531,97157.352596,454.006320542056,36.351653,83256.858195,5686.903018682235,96.1764623,65.2605367887324,22.032128752367353,2.2026125087313284,33,64,,False,True,,856,21.16838264042747
27,2026-09-14T02:06:39.238+00:00,2026-09-14T02:08:05.501+00:00,2026-09-14T02:08:16.073+00:00,True,163,163.0,,163.0,86263.428687,96835.09972700001,96835.09985200001,594.0803671901841,0.0,86263.428687,6751.619924747188,95.7794779,65.2572286419753,28.088748614678416,1.6832739415721547,33,64,,False,True,,594,21.16838264042747
28,2026-09-14T02:06:44.284+00:00,2026-09-14T02:08:14.751+00:00,2026-09-14T02:08:29.515+00:00,True,224,224.0,,224.0,90466.997842,105231.69697799999,105231.697139,469.78436222767857,0.0,90466.997842,6040.326048427681,95.76303450000002,66.20941316591929,45.32618479650586,2.1286362040405944,33,64,,False,True,,1044,21.16838264042747
29,2026-09-14T02:06:49.457+00:00,2026-09-14T02:08:24.002+00:00,2026-09-14T02:08:38.083+00:00,True,211,211.0,,211.0,94544.717249,108626.30393699999,108626.30394099999,514.8166063554502,0.0,94544.717249,6504.158002610811,96.96793050000001,67.05517470476191,24.92092554989209,1.9424392836045834,33,64,,False,True,,1093,21.16838264042747
30,2026-09-14T02:06:53.368+00:00,2026-09-14T02:08:30.966+00:00,2026-09-14T02:08:44.370+00:00,True,200,200.0,,200.0,97598.69865199999,111002.70966,111002.709664,555.0135483199999,0.0,97598.69865199999,6896.55152360723,95.43693445000001,67.3568392361809,24.755168329583622,1.8017578184586456,33,64,,False,True,,978,21.16838264042747
31,2026-09-14T02:06:58.258+00:00,2026-09-14T02:08:40.194+00:00,2026-09-14T02:08:55.606+00:00,True,233,233.0,,233.0,101935.813373,117347.105277,117347.105465,503.6356457725322,38.034839999999996,101935.813373,6673.721715640415,95.517946,66.42798234482758,22.085318844821316,1.985562400112037,33,64,,False,True,,1048,21.16838264042747
32,2026-09-14T02:07:02.163+00:00,2026-09-14T02:08:46.970+00:00,2026-09-14T02:08:55.775+00:00,True,133,133.0,,133.0,104806.690051,113611.977219,113611.977219,854.2253926240601,38.613288,104806.690051,9082.13453562994,95.42484219999999,66.70672096969697,21.881713560525593,1.1706512223057908,33,64,,False,True,,598,21.16838264042747
33,2026-09-14T02:07:06.494+00:00,2026-09-14T02:08:54.748+00:00,2026-09-14T02:09:12.527+00:00,True,271,271.0,,271.0,108253.458531,126032.85667499999,126032.856891,465.06589258671585,0.0,108253.458531,6571.983823959583,96.122832,65.84962275555556,26.841512879458218,2.1502329404373155,33,64,,False,True,,1047,21.16838264042747
34,2026-09-14T02:07:10.129+00:00,2026-09-14T02:09:01.622+00:00,2026-09-14T02:09:20.856+00:00,True,288,288.0,,288.0,111493.390664,130727.848776,130727.848761,453.91614153125005,0.0162,111493.390664,6566.036656702377,96.17911600000001,67.0190178118467,47.98643744768376,2.2030500975617153,33,64,,False,True,,1578,21.16838264042747
35,2026-09-14T02:07:15.468+00:00,2026-09-14T02:09:10.937+00:00,2026-09-14T02:09:30.704+00:00,True,292,292.0,,292.0,115469.031622,135236.439238,135236.439354,463.13849093835614,0.0,115469.031622,6753.505733718405,97.5144565,67.92923579381444,47.57945660847858,2.1591813689069026,33,64,,False,True,,1062,21.16838264042747
36,2026-09-14T02:07:20.820+00:00,2026-09-14T02:09:20.535+00:00,2026-09-14T02:09:28.447+00:00,True,118,118.0,,118.0,119715.021649,127626.68449700001,127626.68436,1081.5820708474575,0.0,119715.021649,11014.48831237651,98.61824035,67.62104998290599,34.08987279426134,0.9245715381940656,33,64,,False,True,,625,21.16838264042747
37,2026-09-14T02:07:24.329+00:00,2026-09-14T02:09:27.207+00:00,2026-09-14T02:09:41.295+00:00,True,215,215.0,,215.0,122878.329485,136965.79162899998,136965.791593,637.0501934558139,38.923567000000006,122878.329485,8375.770432020025,95.26143339999999,65.82926235514019,21.488110251844887,1.5697350224673012,33,64,,False,True,,1040,21.16838264042747
38,2026-09-14T02:07:29.659+00:00,2026-09-14T02:09:35.462+00:00,2026-09-14T02:09:47.822+00:00,True,190,190.0,,190.0,125803.50864,138162.983328,138162.983358,727.1735966210526,0.0,125803.50864,9122.053345098131,96.5044555,65.39404596825398,30.81067357888378,1.3751874447364714,33,64,,False,True,,926,21.16838264042747
39,2026-09-14T02:07:33.499+00:00,2026-09-14T02:09:42.560+00:00,2026-09-14T02:09:51.482+00:00,True,140,140.0,,140.0,129061.589106,137983.254386,137983.254263,985.5946733071429,0.0,129061.589106,10902.32156735848,94.91529794999998,64.18464230215828,33.48227160271446,1.0146158722156116,33,64,,False,True,,606,21.16838264042747
40,2026-09-14T02:07:38.545+00:00,2026-09-14T02:09:51.060+00:00,2026-09-14T02:10:10.578+00:00,True,291,291.0,,291.0,132514.829256,152032.346312,152032.346255,522.447925274914,33.343300000000006,132514.829256,7764.241742864211,94.2613405,67.30178295172414,21.68518558762562,1.914066361922819,33,64,,False,True,,1114,21.16838264042747
41,2026-09-14T02:07:43.131+00:00,2026-09-14T02:09:59.587+00:00,2026-09-14T02:10:14.467+00:00,True,224,224.0,,224.0,136456.015967,151336.17289500003,151336.17286000002,675.6079145535715,0.0,136456.015967,9112.93803009098,94.959103,66.72716111210762,28.81515116002022,1.480148438505945,33,64,,False,True,,916,21.16838264042747
42,2026-09-14T02:07:47.573+00:00,2026-09-14T02:10:07.482+00:00,2026-09-14T02:10:21.584+00:00,True,217,217.0,,217.0,139908.579769,154010.561721,154010.561826,709.7260913640553,0.0,139908.579769,9493.41588117673,96.6444138,65.28695348148149,66.89407129614395,1.4089942765945453,33,64,,False,True,,946,21.16838264042747
43,2026-09-14T02:07:50.887+00:00,2026-09-14T02:10:13.046+00:00,2026-09-14T02:10:24.225+00:00,True,171,171.0,,171.0,142159.129111,153337.77307899998,153337.77308299998,896.7121232923976,0.0159,142159.129111,10866.420869474416,96.7148355,65.75672922352942,76.69992248337552,1.1151851012724725,33,64,,False,True,,843,21.16838264042747
44,2026-09-14T02:07:53.882+00:00,2026-09-14T02:10:18.457+00:00,2026-09-14T02:10:27.908+00:00,True,155,155.0,,155.0,144575.39154699998,154026.39442699996,154026.39442599998,993.7186737161289,0.01746,144575.39154699998,11607.672556271187,95.3293797,61.37014857142857,25.130859384514476,1.0063210307338686,33,64,,False,True,,710,21.16838264042747
45,2026-09-14T02:07:57.006+00:00,2026-09-14T02:10:24.492+00:00,2026-09-14T02:10:43.489+00:00,True,286,286.0,,286.0,147485.831745,166483.699265,166483.699122,582.1108360909091,0.0,147485.831745,8717.128838194443,94.70906274999999,66.65918428070175,29.701816654232076,1.7178859027198825,33,64,,False,True,,1529,21.16838264042747
46,2026-09-14T02:08:01.969+00:00,2026-09-14T02:10:32.989+00:00,2026-09-14T02:10:47.271+00:00,True,218,218.0,,218.0,151020.43365400002,165302.316022,165302.31609100002,758.2675050045873,0.0,151020.43365400002,10223.986668754224,95.66727050000001,65.81512611981567,31.99162299386928,1.3187957993945256,33,64,,False,True,,952,21.16838264042747
47,2026-09-14T02:08:06.951+00:00,2026-09-14T02:10:41.637+00:00,2026-09-14T02:11:01.006+00:00,True,295,295.0,,295.0,154686.67498399998,174055.50800799998,174055.507968,590.018671077966,7.284945,154686.67498399998,9002.396707875378,95.78776300000001,65.88038443537415,21.672606570291634,1.6948616184352014,33,64,,False,True,,1357,21.16838264042747
48,2026-09-14T02:08:11.545+00:00,2026-09-14T02:10:50.400+00:00,2026-09-14T02:11:10.022+00:00,True,299,299.0,,299.0,158854.257335,178476.192951,178476.193021,596.9103445518394,0.0,158854.257335,9183.016695957012,93.07204899999999,65.84542153020135,29.03022828956259,1.6752934666310895,33,64,,False,True,,1307,21.16838264042747
49,2026-09-14T02:08:16.944+00:00,2026-09-14T02:10:58.399+00:00,2026-09-14T02:11:05.301+00:00,True,110,110.0,,110.0,161455.41690900002,168356.65287700001,168356.65278000003,1530.5150252727274,40.340125,161455.41690900002,15388.14765926395,93.5560794,63.31409144954129,21.175151345876056,0.6533748332497742,33,64,,False,True,,524,21.16838264042747
50,2026-09-14T02:08:21.410+00:00,2026-09-14T02:11:07.492+00:00,2026-09-14T02:11:20.162+00:00,True,191,191.0,,191.0,166082.470141,178751.765245,178751.76518,935.8731161256544,0.0,166082.470141,12012.526542583384,96.01622749999999,66.68050054736842,33.1850883747338,1.0685209163568952,33,64,,False,True,,454,21.16838264042747
51,2026-09-14T02:08:25.410+00:00,2026-09-14T02:11:14.158+00:00,2026-09-14T02:11:26.139+00:00,True,182,182.0,,182.0,168748.399537,180729.501105,180729.501296,993.0192378901098,38.015779,168748.399537,12503.576923203154,96.35502649999998,66.19393131491712,22.403182453306826,1.0070298367849855,33,64,,False,True,,638,21.16838264042747
52,2026-09-14T02:08:28.551+00:00,2026-09-14T02:11:20.248+00:00,2026-09-14T02:11:29.123+00:00,True,133,133.0,,133.0,171696.83686500002,180572.218881,180572.21866900002,1357.6858546541355,0.015609999999999999,171696.83686500002,14882.462354205898,96.0167496,67.23774254545455,93.05306041869167,0.736547409253741,33,64,,False,True,,526,21.16838264042747
53,2026-09-14T02:08:33.278+00:00,2026-09-14T02:11:28.801+00:00,2026-09-14T02:11:36.484+00:00,True,116,116.0,,116.0,175523.331337,183206.84237700002,183206.842374,1579.369330810345,40.980213000000006,175523.331337,16290.742831002213,95.21469724999999,66.81313947826087,21.519743075297168,0.6331641247399326,33,64,,False,True,,514,21.16838264042747
54,2026-09-14T02:08:38.466+00:00,2026-09-14T02:11:37.118+00:00,2026-09-14T02:11:53.564+00:00,True,248,248.0,,248.0,178651.700702,195097.418206,195097.418252,786.6831381129032,0.0,178651.700702,11340.20905431285,94.58176835,66.58185224291498,31.17115174504467,1.2711598250784695,33,64,,False,True,,965,21.16838264042747
55,2026-09-14T02:08:41.551+00:00,2026-09-14T02:11:42.929+00:00,2026-09-14T02:11:55.769+00:00,True,192,192.0,,192.0,181378.22710699998,194218.24297899997,194218.242966,1011.55334878125,41.460632,181378.22710699998,13085.013656406816,95.3250305,67.2252139895288,22.46739061274135,0.9885786064945515,33,64,,False,True,,936,21.16838264042747
56,2026-09-14T02:08:46.283+00:00,2026-09-14T02:11:50.547+00:00,2026-09-14T02:11:58.570+00:00,True,121,121.0,,121.0,184264.191871,192286.668159,192286.667914,1589.1460158181817,36.472173000000005,184264.191871,16745.226907764034,96.516726,66.85396906666666,22.030342972146382,0.6292687951717291,33,64,,False,True,,444,21.16838264042747
57,2026-09-14T02:08:51.129+00:00,2026-09-14T02:12:00.124+00:00,2026-09-14T02:12:11.969+00:00,True,175,175.0,,175.0,188994.778959,200839.80679899998,200839.80666499998,1147.6560380857143,40.331615,188994.778959,14281.535814510722,99.209811,68.07487264367816,23.598629464994,0.871341208643661,33,64,,False,True,,899,21.16838264042747
58,2026-09-14T02:08:55.442+00:00,2026-09-14T02:12:08.095+00:00,2026-09-14T02:12:27.739+00:00,True,292,292.0,,292.0,192653.356057,212296.878617,212296.878698,727.0441051301369,0.0,192653.356057,11270.27754887294,96.649115,67.50351395189004,31.183099397687595,1.375432375182447,33,64,,False,True,,1344,21.16838264042747
59,2026-09-14T02:08:59.900+00:00,2026-09-14T02:12:16.458+00:00,2026-09-14T02:12:23.838+00:00,True,109,109.0,,109.0,196558.260037,203938.457925,203938.458003,1870.9950275504586,41.374222,196558.260037,18820.333420637173,94.2174912,68.33516562962963,21.297175743459448,0.5344749642075142,33,64,,False,True,,156,21.16838264042747
60,2026-09-14T02:09:04.984+00:00,2026-09-14T02:12:24.066+00:00,2026-09-14T02:12:41.245+00:00,True,262,262.0,,262.0,199082.18202,216261.407364,216261.407424,825.4252191755726,34.139098,199082.18202,12295.29042883846,93.54168450000002,65.82078675862068,21.410639654809984,1.2114967861973411,33,64,,False,True,,1065,21.16838264042747
61,2026-09-14T02:09:09.627+00:00,2026-09-14T02:12:33.784+00:00,2026-09-14T02:12:41.139+00:00,True,112,112.0,,112.0,204157.53569400002,211512.17735800002,211512.17740400002,1888.5015839642858,40.667824,204157.53569400002,19284.825108644392,94.1487385,66.25803300900901,21.662402337586165,0.5295203396749669,33,64,,False,True,,525,21.16838264042747
62,2026-09-14T02:09:13.456+00:00,2026-09-14T02:12:39.978+00:00,2026-09-14T02:12:52.427+00:00,True,177,177.0,,177.0,206522.29374700002,218971.575027,218971.57513,1237.1275431073448,0.0,206522.29374700002,15518.117878288647,95.33301879999999,70.73455272727273,91.53531870688519,0.8083240940207662,33,64,,False,True,,773,21.16838264042747
63,2026-09-14T02:09:17.253+00:00,2026-09-14T02:12:46.141+00:00,2026-09-14T02:12:59.312+00:00,True,202,202.0,,202.0,208888.475027,222058.991763,222058.99167000002,1099.301938960396,0.0,208888.475027,14692.990990825838,96.08246555,65.52495888557215,87.54195698148972,0.9096681850000984,33,64,,False,True,,907,21.16838264042747
64,2026-09-14T02:09:20.785+00:00,2026-09-14T02:12:52.375+00:00,2026-09-14T02:13:00.724+00:00,True,127,127.0,,127.0,211589.57994999998,219938.928302,219938.92844299998,1731.8025861653541,18.473361,211589.57994999998,18769.67230446641,95.322118,66.26466946031746,22.37773539740634,0.577433021886945,33,64,,False,True,,593,21.16838264042747
65,2026-09-14T02:09:25.152+00:00,2026-09-14T02:13:00.498+00:00,2026-09-14T02:13:18.594+00:00,True,272,272.0,,272.0,215346.01030199998,233442.21894199998,233442.21903999997,858.2434523529411,34.756487,215346.01030199998,13053.239542258749,95.8104525,66.77567763837638,22.082913537573955,1.1651705558349748,33,64,,False,True,,1042,21.16838264042747
66,2026-09-14T02:09:29.699+00:00,2026-09-14T02:13:08.379+00:00,2026-09-14T02:13:20.609+00:00,True,187,187.0,,187.0,218679.59493700002,230909.545657,230909.545604,1234.8104042994653,39.246427000000004,218679.59493700002,15986.642084096075,93.94072100000001,65.75242322580645,21.684709467202786,0.8098409247999449,33,64,,False,True,,812,21.16838264042747
67,2026-09-14T02:09:34.192+00:00,2026-09-14T02:13:17.053+00:00,2026-09-14T02:13:33.131+00:00,True,245,245.0,,245.0,222860.209929,238938.058249,238938.058376,975.2573811265306,0.0,222860.209929,14233.852524006255,92.458444,65.89282098360655,36.152019417123014,1.02537034826274,33,64,,False,True,,987,21.16838264042747
68,2026-09-14T02:09:39.017+00:00,2026-09-14T02:13:25.430+00:00,2026-09-14T02:13:41.279+00:00,True,242,242.0,,242.0,226412.50566800003,242261.19072400001,242261.19095200003,1001.0793014545455,0.0,226412.50566800003,14550.164958128395,94.55786244999999,65.76217865560166,36.347347186953726,0.9989218631212888,33,64,,False,True,,849,21.16838264042747
69,2026-09-14T02:09:42.246+00:00,2026-09-14T02:13:30.303+00:00,2026-09-14T02:13:37.034+00:00,True,102,102.0,,102.0,228057.418822,234787.976774,234787.97678,2301.842909607843,0.0,228057.418822,22574.50725995618,93.30971210000001,66.63918764356436,50.63810171963701,0.434434511517522,33,64,,False,True,,476,21.16838264042747
70,2026-09-14T02:09:45.445+00:00,2026-09-14T02:13:36.304+00:00,2026-09-14T02:13:42.978+00:00,True,102,102.0,,102.0,230858.14824900002,237532.86773700002,237532.86775600002,2328.7536054509806,41.062032,230858.14824900002,22851.829481520323,93.72391599999999,66.08633156435644,21.674281828629823,0.42941425736894623,33,64,,False,True,,413,21.16838264042747
71,2026-09-14T02:09:48.676+00:00,2026-09-14T02:13:42.888+00:00,2026-09-14T02:13:53.593+00:00,True,159,159.0,,159.0,234211.534442,244916.493162,244916.493268,1540.355303572327,41.037142,234211.534442,18568.82335500258,96.4767772,67.75290329113925,22.571361868065512,0.6492008682111476,33,64,,False,True,,541,21.16838264042747
72,2026-09-14T02:09:51.818+00:00,2026-09-14T02:13:49.045+00:00,2026-09-14T02:13:59.396+00:00,True,158,158.0,,158.0,237227.349034,247577.850666,247577.850695,1566.9484221202533,36.989591,237227.349034,18867.563153289546,94.6552397,65.92676198726114,22.602267887326907,0.6381830990735643,33,64,,False,True,,621,21.16838264042747
73,2026-09-14T02:09:56.017+00:00,2026-09-14T02:13:55.957+00:00,2026-09-14T02:14:04.409+00:00,True,129,129.0,,129.0,239940.150778,248392.54962600002,248392.549532,1925.5236397829458,31.931702,239940.150778,21119.750194648757,95.29230899999999,66.034366,22.48398905461113,0.5193392482754932,33,64,,False,True,,695,21.16838264042747
74,2026-09-14T02:09:59.447+00:00,2026-09-14T02:14:01.883+00:00,2026-09-14T02:14:08.746+00:00,True,102,102.0,,102.0,242436.625012,249298.873716,249298.87363400002,2444.106604254902,40.489014000000005,242436.625012,23998.086451613137,96.4993815,67.94305647524753,23.048070796124627,0.40914745614213194,33,64,,False,True,,484,21.16838264042747
75,2026-09-14T02:10:02.730+00:00,2026-09-14T02:14:07.929+00:00,2026-09-14T02:14:15.599+00:00,True,116,116.0,,116.0,245198.918051,252869.118371,252869.118391,2179.9061930258617,0.0,245198.918051,22760.01441181525,96.4287175,66.69739408695652,52.0967746319027,0.458735336079312,33,64,,False,True,,379,21.16838264042747
76,2026-09-14T02:10:08.029+00:00,2026-09-14T02:14:18.445+00:00,2026-09-14T02:14:32.118+00:00,True,208,208.0,,208.0,250415.541015,264088.654615,264088.654528,1269.6569929230768,0.015349999999999999,250415.541015,17358.908459556937,94.53471865,66.05368888888889,101.40199937847044,0.7876142968096509,33,64,,False,True,,961,21.16838264042747
77,2026-09-14T02:10:12.018+00:00,2026-09-14T02:14:25.850+00:00,2026-09-14T02:14:36.014+00:00,True,152,152.0,,152.0,253832.01376,263995.854016,263995.853992,1736.8148288947368,0.016120000000000002,253832.01376,20583.377721968165,93.70587945,67.31020037086094,119.1016315154167,0.5757666178757024,33,64,,False,True,,763,21.16838264042747
78,2026-09-14T02:10:17.007+00:00,2026-09-14T02:14:34.162+00:00,2026-09-14T02:14:52.420+00:00,True,280,280.0,,280.0,257154.63615500001,275412.804475,275412.804526,983.6171590214286,30.655175,257154.63615500001,15364.032897911944,93.79846505000002,65.4414635125448,21.41108679756059,1.0166557089956083,33,64,,False,True,,1242,21.16838264042747
79,2026-09-14T02:10:21.252+00:00,2026-09-14T02:14:41.789+00:00,2026-09-14T02:14:51.318+00:00,True,148,148.0,,148.0,260537.29794100003,270066.23694900004,270066.23709,1824.77187222973,32.121711,260537.29794100003,21410.716523388444,94.0856672,64.82271434013605,21.727383168524078,0.5480137083109307,33,64,,False,True,,197,21.16838264042747
80,2026-09-14T02:10:24.953+00:00,2026-09-14T02:14:47.092+00:00,2026-09-14T02:15:07.072+00:00,True,297,297.0,,297.0,262139.367127,282118.753495,282118.753659,949.8947934646465,0.0,262139.367127,15206.997987433875,95.18771339999999,67.49792691891892,37.36925521148322,1.0527481648087733,33,64,,False,True,,1151,21.16838264042747
81,2026-09-14T02:10:29.628+00:00,2026-09-14T02:14:56.430+00:00,2026-09-14T02:15:04.415+00:00,True,115,115.0,,115.0,266802.04961700004,274787.48168100003,274787.48150700005,2389.456360930435,0.0,266802.04961700004,24872.946854204514,94.28152259999999,70.04764968421053,54.6079485021304,0.41850523647035404,33,64,,False,True,,539,21.16838264042747
82,2026-09-14T02:10:33.396+00:00,2026-09-14T02:15:02.358+00:00,2026-09-14T02:15:15.362+00:00,True,195,195.0,,195.0,268962.130917,281966.585317,281966.585133,1445.9824878615384,40.912053,268962.130917,19255.99093678376,95.2801984,67.03327010309278,22.466492639883413,0.6915713072198675,33,64,,False,True,,1025,21.16838264042747
83,2026-09-14T02:10:38.269+00:00,2026-09-14T02:15:11.476+00:00,2026-09-14T02:15:23.632+00:00,True,181,181.0,,181.0,273206.925875,285362.553139,285362.553066,1576.5886909723758,40.779703,273206.925875,20302.30342232115,96.672505,67.53126257777777,22.23647643878634,0.6342808403169667,33,64,,False,True,,882,21.16838264042747
84,2026-09-14T02:10:41.195+00:00,2026-09-14T02:15:16.226+00:00,2026-09-14T02:15:29.212+00:00,True,193,193.0,,193.0,275031.42641799996,288017.641586,288017.641631,1492.319386689119,35.367175,275031.42641799996,19792.339431236695,96.663583,67.63653733333332,22.521809501424755,0.6700978417058929,33,64,,False,True,,874,21.16838264042747
85,2026-09-14T02:10:46.607+00:00,2026-09-14T02:15:26.307+00:00,2026-09-14T02:15:45.264+00:00,True,281,281.0,,281.0,279699.398097,298656.735185,298656.735186,1062.835356533808,36.913551,279699.398097,16681.443111427212,97.616663,67.70477531428571,22.283444214868016,0.9408795010965927,33,64,,False,True,,1309,21.16838264042747
86,2026-09-14T02:10:49.642+00:00,2026-09-14T02:15:31.993+00:00,2026-09-14T02:15:42.873+00:00,True,162,162.0,,162.0,282351.004426,293230.468106,293230.468177,1810.0646183765432,31.760412,282351.004426,22178.291848444384,95.7760915,67.57430857142857,22.156053502199594,0.5524664645061322,33,64,,False,True,,216,21.16838264042747
87,2026-09-14T02:10:52.772+00:00,2026-09-14T02:15:37.405+00:00,2026-09-14T02:15:52.783+00:00,False,237,236.0,,236.0,284632.226233,300010.620601,300010.620752,1265.8675981097047,0.0,284632.226233,18484.66414956638,94.9060204,65.162688,41.78336284045987,0.7866388180766071,33,64,,False,False,Request timeout: 300.0s exceeded,1059,21.16838264042747
88,2026-09-14T02:10:57.982+00:00,2026-09-14T02:15:47.005+00:00,2026-09-14T02:15:55.856+00:00,True,135,135.0,,135.0,289023.081674,297874.29601,297874.29591000004,2206.476266,0.0,289023.081674,24869.51506962052,95.34364,66.05383832835821,51.92968824951046,0.45321131030207423,33,64,,False,True,,626,21.16838264042747
89,2026-09-14T02:11:01.471+00:00,2026-09-14T02:15:52.954+00:00,2026-09-14T02:16:01.514+00:00,False,121,120.0,,120.0,291482.985511,300042.223655,300042.223564,2479.6877980495865,0.04221,291482.985511,26491.97796316061,94.64672,71.32698453333333,21.93606078990077,0.39994370971593846,33,64,,False,False,Request timeout: 300.0s exceeded,577,21.16838264042747
90,2026-09-14T02:11:05.687+00:00,2026-09-14T02:15:58.595+00:00,2026-09-14T02:16:05.715+00:00,False,100,99.0,,99.0,292908.01218699996,300027.92898699996,300027.92882599996,3000.2792882599997,0.05508,292908.01218699996,29283.616053434533,90.22081399999999,71.91835151515151,19.864868109011145,0.32996928097413764,33,64,,False,False,Request timeout: 300.0s exceeded,425,21.16838264042747
91,2026-09-14T02:11:09.389+00:00,2026-09-14T02:16:02.951+00:00,2026-09-14T02:16:09.462+00:00,False,98,97.0,,97.0,293562.580008,300073.480232,300073.48020600004,3061.9742878163265,0.02119,293562.580008,29647.52485537718,87.6398272,67.12268272164948,19.813098026784704,0.32325415736507285,33,64,,False,False,Request timeout: 300.0s exceeded,469,21.16838264042747
92,2026-09-14T02:11:12.674+00:00,2026-09-14T02:16:06.360+00:00,2026-09-14T02:16:12.684+00:00,False,94,93.0,,93.0,293685.976537,300009.884889,300009.884844,3191.594519617021,0.0188,293685.976537,30284.388611565104,88.1635647,67.99901453763441,20.074021984448066,0.30998978595124915,33,64,,False,False,Request timeout: 300.0s exceeded,434,21.16838264042747
93,2026-09-14T02:11:16.659+00:00,2026-09-14T02:16:10.614+00:00,2026-09-14T02:16:16.695+00:00,False,92,91.0,,91.0,293954.815933,300035.814589,300035.814569,3261.2588540108695,0.02885,293954.815933,30639.947824220195,88.0043305,66.82416105494505,20.257235331239322,0.30329712512706225,33,64,,False,False,Request timeout: 300.0s exceeded,411,21.16838264042747
94,2026-09-14T02:11:20.462+00:00,2026-09-14T02:16:14.275+00:00,2026-09-14T02:16:20.534+00:00,False,93,92.0,,92.0,293813.499305,300072.480169,300072.479987,3226.585806311828,0.03667,293813.499305,30459.992347003863,88.44346100000001,68.03240069565217,19.81373503199689,0.3065925937233093,33,64,,False,False,Request timeout: 300.0s exceeded,434,21.16838264042747
95,2026-09-14T02:11:25.644+00:00,2026-09-14T02:16:19.828+00:00,2026-09-14T02:16:25.680+00:00,False,88,87.0,,87.0,294184.372023,300036.183607,300036.183607,3409.5020864431817,0.03535,294184.372023,31352.995961884422,88.14028470000001,67.26220211494254,20.62937687744115,0.28996502673143004,33,64,,False,False,Request timeout: 300.0s exceeded,302,21.16838264042747
96,2026-09-14T02:11:30.511+00:00,2026-09-14T02:16:23.810+00:00,2026-09-14T02:16:30.534+00:00,False,106,105.0,,105.0,293299.748361,300023.196169,300023.19613,2830.4075106603773,0.02442,293299.748361,28481.578094666274,90.2065395,64.03283626666666,20.92288624625506,0.3499729398951359,33,64,,False,False,Request timeout: 300.0s exceeded,524,21.16838264042747
97,2026-09-14T02:11:35.709+00:00,2026-09-14T02:16:29.784+00:00,2026-09-14T02:16:35.768+00:00,False,100,99.0,,99.0,294075.33978399995,300059.10247199994,300059.102538,3000.5910253799993,0.016030000000000003,294075.33978399995,29401.95248343611,89.7749582,60.44204735353535,165.79074764943877,0.32993500008631865,33,64,,False,False,Request timeout: 300.0s exceeded,324,21.16838264042747
98,2026-09-14T02:11:41.090+00:00,2026-09-14T02:16:35.134+00:00,2026-09-14T02:16:41.157+00:00,False,85,84.0,,84.0,294044.581959,300067.710791,300067.711013,3530.208364858823,0.02314,294044.581959,31885.841171886426,89.049943,71.70391466666668,19.116036429612517,0.2799368175221852,33,64,,False,False,Request timeout: 300.0s exceeded,366,21.16838264042747
99,2026-09-14T02:11:44.761+00:00,2026-09-14T02:16:38.575+00:00,2026-09-14T02:16:44.821+00:00,False,97,96.0,,96.0,293814.494264,300060.708152,300060.708205,3093.409362938144,0.0,293814.494264,29825.804726325765,88.77780920000001,65.064728,64.51465912658023,0.31993525773914344,33,64,,False,False,Request timeout: 300.0s exceeded,365,21.16838264042747
100,2026-09-14T02:11:47.697+00:00,2026-09-14T02:16:41.685+00:00,2026-09-14T02:16:47.760+00:00,False,97,96.0,,96.0,293988.022701,300062.996909,300062.996834,3093.432957051546,0.0,293988.022701,29843.60546889333,89.6034446,63.28098133333334,64.76111396603521,0.31993281740471946,33,64,,False,False,Request timeout: 300.0s exceeded,331,21.16838264042747
101,2026-09-14T02:11:52.428+00:00,2026-09-14T02:16:45.973+00:00,2026-09-14T02:16:52.457+00:00,False,95,94.0,,94.0,293545.716495,300029.668879,300029.668762,3158.2070396,0.03741,293545.716495,30110.0849131492,89.95043770000001,68.97821685106383,20.466297032472294,0.3133023489017334,33,64,,False,False,Request timeout: 300.0s exceeded,465,21.16838264042747
102,2026-09-14T02:11:55.398+00:00,2026-09-14T02:16:48.875+00:00,2026-09-14T02:16:55.421+00:00,False,96,95.0,,95.0,293476.98112400004,300022.32640400005,300022.32638100005,3125.2325664687505,0.03723,293476.98112400004,29945.84416655385,89.35458324999999,68.89837136842105,20.757563062065064,0.3166431016606283,33,64,,False,False,Request timeout: 300.0s exceeded,453,21.16838264042747
103,2026-09-14T02:11:59.635+00:00,2026-09-14T02:16:53.148+00:00,2026-09-14T02:16:59.672+00:00,False,93,92.0,,92.0,293512.69472,300036.21984000003,300036.219723,3226.1959110000003,0.03368,293512.69472,30428.502248241737,90.11250460000001,70.90788173913043,19.892185151079204,0.3066296464108924,33,64,,False,False,Request timeout: 300.0s exceeded,448,21.16838264042747
104,2026-09-14T02:12:03.242+00:00,2026-09-14T02:16:56.777+00:00,2026-09-14T02:17:03.261+00:00,False,97,96.0,,96.0,293534.346316,300019.037516,300019.037649,3092.9797695773195,0.020730000000000002,293534.346316,29797.04563253733,90.069061,67.54886666666667,20.376003790271156,0.31997969460481435,33,64,,False,False,Request timeout: 300.0s exceeded,396,21.16838264042747
105,2026-09-14T02:12:06.264+00:00,2026-09-14T02:17:00.023+00:00,2026-09-14T02:17:06.343+00:00,False,91,90.0,,90.0,293758.756061,300078.602717,300078.602634,3297.567061912088,0.04391,293758.756061,30786.930113732506,89.33550599999998,70.2205184,19.744180936315995,0.29992141787222915,33,64,,False,False,Request timeout: 300.0s exceeded,392,21.16838264042747
106,2026-09-14T02:12:10.675+00:00,2026-09-14T02:17:04.704+00:00,2026-09-14T02:17:10.734+00:00,False,86,85.0,,85.0,294029.086919,300059.080903,300059.080726,3489.0590782093027,0.03699,294029.086919,31698.327792435568,88.91128675,70.94110569411765,19.161553058141124,0.2832775456893368,33,64,,False,False,Request timeout: 300.0s exceeded,349,21.16838264042747
107,2026-09-14T02:12:15.424+00:00,2026-09-14T02:17:09.667+00:00,2026-09-14T02:17:15.506+00:00,False,83,82.0,,82.0,294242.97187300003,300081.774817,300081.774625,3615.4430677710848,0.0241,294242.97187300003,32289.552098000804,89.3381354,71.20491395121951,19.45183289547386,0.27325884769245434,33,64,,False,False,Request timeout: 300.0s exceeded,344,21.16838264042747
108,2026-09-14T02:12:19.531+00:00,2026-09-14T02:17:13.263+00:00,2026-09-14T02:17:19.558+00:00,False,94,93.0,,93.0,293732.118877,300027.862109,300027.862052,3191.7857665106385,0.02286,293732.118877,30289.179058455553,88.54311715,67.69616378494624,20.062192485395013,0.3099712118276974,33,64,,False,False,Request timeout: 300.0s exceeded,427,21.16838264042747
109,2026-09-14T02:12:24.892+00:00,2026-09-14T02:17:18.582+00:00,2026-09-14T02:17:24.902+00:00,False,93,92.0,,92.0,293689.95780800004,300010.09144000005,300010.091452,3225.9149618494625,0.043840000000000004,293689.95780800004,30447.11253126244,87.28913080000001,68.69710469565217,19.444993015813274,0.3066563513194334,33,64,,False,False,Request timeout: 300.0s exceeded,495,21.16838264042747
110,2026-09-14T02:12:29.293+00:00,2026-09-14T02:17:23.017+00:00,2026-09-14T02:17:29.343+00:00,False,94,93.0,,93.0,293723.86924699997,300050.55903899996,300050.559128,3192.0272247659573,0.02334,293723.86924699997,30288.293914078113,88.289275,68.02892249462366,20.155692279453312,0.3099477644629619,33,64,,False,False,Request timeout: 300.0s exceeded,422,21.16838264042747
111,2026-09-14T02:12:32.651+00:00,2026-09-14T02:17:26.532+00:00,2026-09-14T02:17:32.667+00:00,False,91,90.0,,90.0,293881.216754,300015.718386,300015.718288,3296.876025142857,0.02777,293881.216754,30799.983701028432,88.9326665,68.16112924444444,20.271183122869665,0.29998428243751574,33,64,,False,False,Request timeout: 300.0s exceeded,405,21.16838264042747
112,2026-09-14T02:12:36.457+00:00,2026-09-14T02:17:29.989+00:00,2026-09-14T02:17:36.505+00:00,False,93,92.0,,92.0,293532.441041,300048.005329,300048.005175,3226.322636290323,0.036359999999999996,293532.441041,30430.558246720717,88.6544006,70.82135095652174,18.98683728008572,0.30661760240373137,33,64,,False,False,Request timeout: 300.0s exceeded,466,21.16838264042747
113,2026-09-14T02:12:41.391+00:00,2026-09-14T02:17:34.990+00:00,2026-09-14T02:17:41.414+00:00,False,100,99.0,,99.0,293599.06740600005,300022.28123,300022.281276,3000.2228127600006,0.0,293599.06740600005,29353.48967076374,89.374706,64.88094771717171,64.90150525818876,0.3299754924671932,33,64,,False,False,Request timeout: 300.0s exceeded,148,21.16838264042747
114,2026-09-14T02:12:44.748+00:00,2026-09-14T02:17:38.147+00:00,2026-09-14T02:17:44.828+00:00,False,97,96.0,,96.0,293398.559708,300079.979484,300079.97959199996,3093.608037030928,0.02493,293398.559708,29783.050407099072,89.1518534,69.59812266666667,20.202290119829208,0.31991471128822385,33,64,,False,False,Request timeout: 300.0s exceeded,438,21.16838264042747
115,2026-09-14T02:12:49.840+00:00,2026-09-14T02:17:43.699+00:00,2026-09-14T02:17:49.885+00:00,False,91,90.0,,90.0,293859.092871,300044.867463,300044.867473,3297.1963458571427,0.02761,293859.092871,30797.60515870585,91.369817,68.7308288,20.8634699882182,0.299955139246294,33,64,,False,False,Request timeout: 300.0s exceeded,282,21.16838264042747
116,2026-09-14T02:12:54.476+00:00,2026-09-14T02:17:48.213+00:00,2026-09-14T02:17:54.513+00:00,False,97,96.0,,96.0,293737.015078,300036.505382,300036.50539,3093.1598493814436,0.02691,293737.015078,29817.81996373479,89.916482,65.61969066666667,21.19176931304162,0.31996106566357607,33,64,,False,False,Request timeout: 300.0s exceeded,448,21.16838264042747
117,2026-09-14T02:12:57.905+00:00,2026-09-14T02:17:51.171+00:00,2026-09-14T02:17:57.977+00:00,False,107,106.0,,106.0,293265.616172,300072.068396,300072.068511,2804.411855242991,0.02009,293265.616172,28344.85733400139,88.74786230000001,64.21181343396226,21.006839616135796,0.35324847316383207,33,64,,False,False,Request timeout: 300.0s exceeded,395,21.16838264042747
118,2026-09-14T02:13:02.722+00:00,2026-09-14T02:17:56.564+00:00,2026-09-14T02:18:02.770+00:00,False,93,92.0,,92.0,293842.42891,300048.633326,300048.633328,3226.3293906236563,0.02488,293842.42891,30463.05183814242,88.272903,67.45874365217391,20.039751463202787,0.30661696065798394,33,64,,False,False,Request timeout: 300.0s exceeded,422,21.16838264042747
119,2026-09-14T02:13:07.653+00:00,2026-09-14T02:18:01.199+00:00,2026-09-14T02:18:07.714+00:00,False,95,94.0,,94.0,293546.596841,300060.844777,300060.844769,3158.535208094737,0.02658,293546.596841,30110.14170779067,89.7134469,69.30050995744682,19.770058659554334,0.31326979723015563,33,64,,False,False,Request timeout: 300.0s exceeded,451,21.16838264042747
120,2026-09-14T02:13:12.207+00:00,2026-09-14T02:18:05.970+00:00,2026-09-14T02:18:12.229+00:00,False,90,89.0,,89.0,293763.07455699996,300022.10994899995,300022.10998499993,3333.578999833333,0.03486,293763.07455699996,30957.940260219024,89.25023105,70.32624035955057,19.959165257036283,0.2966448039950419,33,64,,False,False,Request timeout: 300.0s exceeded,474,21.16838264042747
121,2026-09-14T02:13:17.067+00:00,2026-09-14T02:18:11.079+00:00,2026-09-14T02:18:17.087+00:00,False,90,89.0,,89.0,294011.883413,300019.53653299995,300019.53647199995,3333.550405244444,0.02594,294011.883413,30984.465220582802,88.91154404999999,67.5017204494382,20.697473672196715,0.29664734846429125,33,64,,False,False,Request timeout: 300.0s exceeded,461,21.16838264042747
122,2026-09-14T02:13:22.054+00:00,2026-09-14T02:18:15.664+00:00,2026-09-14T02:18:22.062+00:00,False,96,95.0,,95.0,293610.59740499995,300008.4178209999,300008.41792899993,3125.087686760416,0.04362,293610.59740499995,29959.639564576242,87.67450225,67.3454780631579,20.397592845911152,0.31665778143825873,33,64,,False,False,Request timeout: 300.0s exceeded,396,21.16838264042747
123,2026-09-14T02:13:27.255+00:00,2026-09-14T02:18:20.698+00:00,2026-09-14T02:18:27.308+00:00,False,98,97.0,,97.0,293442.692956,300052.784476,300052.784481,3061.7631069489794,0.037270000000000005,293442.692956,29635.31093660738,88.9710345,68.14527340206185,19.503723224097943,0.32327645340601274,33,64,,False,False,Request timeout: 300.0s exceeded,236,21.16838264042747
124,2026-09-14T02:13:31.714+00:00,2026-09-14T02:18:25.446+00:00,2026-09-14T02:18:31.786+00:00,False,90,89.0,,89.0,293732.318352,300072.801168,300072.80112799996,3334.1422347555554,0.02788,293732.318352,30954.601995886856,91.28047295,71.24137995505617,20.251541897049883,0.2965946918666984,33,64,,False,False,Request timeout: 300.0s exceeded,423,21.16838264042747
125,2026-09-14T02:13:35.714+00:00,2026-09-14T02:18:29.366+00:00,2026-09-14T02:18:35.766+00:00,False,99,98.0,,98.0,293651.773405,300052.459997,300052.459997,3030.8329292626263,0.0,293651.773405,29506.615501269684,92.12594599999998,65.31312848979591,62.74814994454697,0.32660955354600274,33,64,,False,False,Request timeout: 300.0s exceeded,399,21.16838264042747
126,2026-09-14T02:13:39.686+00:00,2026-09-14T02:18:32.940+00:00,2026-09-14T02:18:39.716+00:00,False,101,100.0,,100.0,293254.79911799997,300029.943566,300029.94336699997,2970.593498683168,0.01788,293254.79911799997,29173.209113702844,88.805101,67.75144448,21.02592198010044,0.3333000660249173,33,64,,False,False,Request timeout: 300.0s exceeded,331,21.16838264042747
127,2026-09-14T02:13:43.057+00:00,2026-09-14T02:18:36.776+00:00,2026-09-14T02:18:43.086+00:00,False,91,90.0,,90.0,293719.305973,300029.633525,300029.633683,3297.0289415714287,0.03943,293719.305973,30782.806448903797,89.530931,70.11475057777777,20.878371882038152,0.29997036940186356,33,64,,False,False,Request timeout: 300.0s exceeded,317,21.16838264042747
128,2026-09-14T02:13:48.069+00:00,2026-09-14T02:18:42.149+00:00,2026-09-14T02:18:48.133+00:00,False,95,94.0,,94.0,294079.736845,300063.249677,300063.249774,3158.5605239368424,0.036459000000000005,294079.736845,30165.421064140628,90.4036927,63.65439182978723,21.368655759113846,0.313267286484384,33,64,,False,False,Request timeout: 300.0s exceeded,467,21.16838264042747
129,2026-09-14T02:13:51.211+00:00,2026-09-14T02:18:44.982+00:00,2026-09-14T02:18:51.235+00:00,False,94,93.0,,93.0,293771.02318,300024.381516,300024.38139,3191.7487381914893,0.02472,293771.02318,30293.23896998901,89.57463645,67.24041221505377,20.41426875001162,0.30997480781421227,33,64,,False,False,Request timeout: 300.0s exceeded,472,21.16838264042747
130,2026-09-14T02:13:56.230+00:00,2026-09-14T02:18:49.445+00:00,2026-09-14T02:18:56.247+00:00,False,102,101.0,,101.0,293215.357598,300017.21538999997,300017.215446,2941.345249470588,0.027339,293215.357598,29025.985458365445,89.46190104999998,67.34512665346534,20.303417021571832,0.33664734828202286,33,64,,False,False,Request timeout: 300.0s exceeded,318,21.16838264042747
131,2026-09-14T02:14:00.875+00:00,2026-09-14T02:18:54.416+00:00,2026-09-14T02:19:00.909+00:00,False,107,106.0,,106.0,293540.44084399997,300033.97582,300033.97584499995,2804.0558490186913,0.01599,293540.44084399997,28372.297773235834,89.6149896,61.2597639245283,184.53547563565124,0.3532933218989599,33,64,,False,False,Request timeout: 300.0s exceeded,560,21.16838264042747
132,2026-09-14T02:14:04.573+00:00,2026-09-14T02:18:59.480+00:00,2026-09-14T02:19:04.592+00:00,False,77,76.0,,76.0,294906.84983200004,300018.270504,300018.270436,3896.341174493507,0.03731,294906.84983200004,33600.09747073049,90.2368316,67.25553515789473,22.358988723824556,0.25331790584729313,33,64,,False,False,Request timeout: 300.0s exceeded,337,21.16838264042747
133,2026-09-14T02:14:07.808+00:00,2026-09-14T02:19:01.427+00:00,2026-09-14T02:19:07.854+00:00,False,98,97.0,,97.0,293619.221772,300046.353932,300046.353934,3061.697489122449,0.03638,293619.221772,29653.3340545034,88.896888,66.2590944329897,20.23601223358142,0.3232833818136756,33,64,,False,False,Request timeout: 300.0s exceeded,276,21.16838264042747
134,2026-09-14T02:14:12.208+00:00,2026-09-14T02:19:05.934+00:00,2026-09-14T02:19:12.247+00:00,False,90,89.0,,89.0,293725.558256,300038.931184,300038.931199,3333.765902211111,0.02574,293725.558256,30953.920504773658,87.388789,70.93677447191011,18.603464880581978,0.29662817304671846,33,64,,False,False,Request timeout: 300.0s exceeded,385,21.16838264042747
135,2026-09-14T02:14:16.728+00:00,2026-09-14T02:19:10.435+00:00,2026-09-14T02:19:16.743+00:00,False,89,88.0,,88.0,293707.075055,300014.98417500005,300014.984078,3370.954877280899,0.02577,293707.075055,31125.295504518774,90.946737,71.68078545454546,19.37590845025207,0.2933186828717502,33,64,,False,False,Request timeout: 300.0s exceeded,401,21.16838264042747
136,2026-09-14T02:14:21.879+00:00,2026-09-14T02:19:15.960+00:00,2026-09-14T02:19:21.914+00:00,False,87,86.0,,86.0,294080.364232,300035.076552,300035.076583,3448.6790411839083,0.038380000000000004,294080.364232,31521.307598342795,89.8608373,69.24084093023255,20.395238158436378,0.28663315299101394,33,64,,False,False,Request timeout: 300.0s exceeded,395,21.16838264042747
137,2026-09-14T02:14:24.960+00:00,2026-09-14T02:19:18.466+00:00,2026-09-14T02:19:24.999+00:00,False,98,97.0,,97.0,293505.421782,300039.212246,300039.21233999997,3061.6246157142855,0.02452,293505.421782,29641.72745324768,87.9817065,67.35866457731959,20.24264011107195,0.323291076769227,33,64,,False,False,Request timeout: 300.0s exceeded,396,21.16838264042747
138,2026-09-14T02:14:28.560+00:00,2026-09-14T02:19:22.326+00:00,2026-09-14T02:19:28.648+00:00,False,103,102.0,,102.0,293766.066129,300087.89857699996,300087.89868399996,2913.4747445048542,0.0,293766.066129,28939.597200880107,91.23399810000001,61.97874949019608,65.57233464639329,0.339900410791899,33,64,,False,False,Request timeout: 300.0s exceeded,459,21.16838264042747
139,2026-09-14T02:14:31.928+00:00,2026-09-14T02:19:24.876+00:00,2026-09-14T02:19:32.020+00:00,False,115,114.0,,114.0,292948.072097,300092.597153,300092.597352,2609.5008465391306,0.0,292948.072097,27311.775407619694,89.74411309999999,62.671272421052635,62.53065483704435,0.37988274646401204,33,64,,False,False,Request timeout: 300.0s exceeded,570,21.16838264042747
140,2026-09-14T02:14:36.549+00:00,2026-09-14T02:19:29.831+00:00,2026-09-14T02:19:36.598+00:00,False,111,110.0,,110.0,293281.968491,300048.354667,300048.354706,2703.1383306846847,0.03444,293281.968491,27831.26073958215,87.51246499999999,61.5126016,19.424687504825563,0.3666075760424693,33,64,,False,False,Request timeout: 300.0s exceeded,470,21.16838264042747
141,2026-09-14T02:14:41.713+00:00,2026-09-14T02:19:35.497+00:00,2026-09-14T02:19:41.723+00:00,False,93,92.0,,92.0,293784.092635,300010.159579,300010.15935000003,3225.915691935484,0.03384,293784.092635,30456.980189310707,88.18281179999998,67.67464069565217,19.927287406238612,0.30665628167093506,33,64,,False,False,Request timeout: 300.0s exceeded,478,21.16838264042747
142,2026-09-14T02:14:44.685+00:00,2026-09-14T02:19:38.427+00:00,2026-09-14T02:19:44.744+00:00,False,93,92.0,,92.0,293742.466328,300059.615256,300059.61536500003,3226.447477043011,0.08183,293742.466328,30452.561104171036,88.32123960000001,68.66466226086956,19.96082821213651,0.3066057387346475,33,64,,False,False,Request timeout: 300.0s exceeded,481,21.16838264042747
143,2026-09-14T02:14:50.035+00:00,2026-09-14T02:19:43.957+00:00,2026-09-14T02:19:50.044+00:00,False,94,93.0,,93.0,293921.777569,300008.67241700005,300008.672352,3191.5816207659577,0.03473,293921.777569,30308.972740038782,88.4997768,65.45048223655914,20.45698532615855,0.30999103876148526,33,64,,False,False,Request timeout: 300.0s exceeded,411,21.16838264042747
144,2026-09-14T02:14:55.074+00:00,2026-09-14T02:19:48.523+00:00,2026-09-14T02:19:55.120+00:00,False,97,96.0,,96.0,293448.876613,300046.469445,300046.469349,3093.2625706082476,0.0371,293448.876613,29788.247991617824,90.20255499999999,68.72492533333333,20.229197201650322,0.31995044026871067,33,64,,False,False,Request timeout: 300.0s exceeded,395,21.16838264042747
145,2026-09-14T02:14:58.852+00:00,2026-09-14T02:19:52.537+00:00,2026-09-14T02:19:58.880+00:00,False,93,92.0,,92.0,293685.552833,300028.367297,300028.367457,3226.111478032258,0.02147,293685.552833,30446.630169697666,88.8329886,68.94363547826087,19.408843334539092,0.3066376717269824,33,64,,False,False,Request timeout: 300.0s exceeded,419,21.16838264042747
146,2026-09-14T02:15:02.491+00:00,2026-09-14T02:19:56.452+00:00,2026-09-14T02:20:02.547+00:00,False,94,93.0,,93.0,293961.154518,300056.162518,300056.16240300005,3192.0868340744682,0.02795,293961.154518,30313.024762640853,89.19094709999999,65.53772043010753,19.847584050279462,0.30994197626059766,33,64,,False,False,Request timeout: 300.0s exceeded,318,21.16838264042747
147,2026-09-14T02:15:06.004+00:00,2026-09-14T02:19:59.623+00:00,2026-09-14T02:20:06.050+00:00,False,97,96.0,,96.0,293618.780227,300045.205827,300045.205722,3093.2495435257733,0.02117,293618.780227,29805.6800736706,90.48765359999999,66.94193333333334,20.15809132414975,0.31995178771612054,33,64,,False,False,Request timeout: 300.0s exceeded,428,21.16838264042747
148,2026-09-14T02:15:11.231+00:00,2026-09-14T02:20:04.876+00:00,2026-09-14T02:20:11.297+00:00,False,97,96.0,,96.0,293644.23292900005,300065.20700900006,300065.20704500005,3093.455742731959,0.02275,293644.23292900005,29808.27044916805,89.73923500000001,66.88514666666667,20.57233266190552,0.31993046097184,33,64,,False,False,Request timeout: 300.0s exceeded,507,21.16838264042747
149,2026-09-14T02:15:16.215+00:00,2026-09-14T02:20:09.762+00:00,2026-09-14T02:20:16.303+00:00,False,97,96.0,,96.0,293547.294416,300087.93928,300087.93945,3093.6900974226805,0.03562,293547.294416,29798.30118233597,90.28890380000001,68.13171733333333,20.448694402291604,0.3199062255895138,33,64,,False,False,Request timeout: 300.0s exceeded,247,21.16838264042747
150,2026-09-14T02:15:20.308+00:00,2026-09-14T02:20:13.438+00:00,2026-09-14T02:20:20.382+00:00,False,101,100.0,,100.0,293129.7459,300073.30302,300073.302883,2971.022800821782,0.03686,293129.7459,29160.59782198889,89.85714999999999,69.4355712,20.374555986064667,0.3332519054297042,33,64,,False,False,Request timeout: 300.0s exceeded,430,21.16838264042747
151,2026-09-14T02:15:25.242+00:00,2026-09-14T02:20:18.988+00:00,2026-09-14T02:20:25.297+00:00,False,97,96.0,,96.0,293745.88197399996,300054.27083799994,300054.270897,3093.342998938144,0.0,293745.88197399996,29818.778049050212,89.46892299999999,65.712384,67.07407850613622,0.3199421215765019,33,64,,False,False,Request timeout: 300.0s exceeded,493,21.16838264042747
152,2026-09-14T02:15:29.441+00:00,2026-09-14T02:20:22.951+00:00,2026-09-14T02:20:29.447+00:00,False,100,99.0,,99.0,293510.462499,300006.10819500004,300006.10805700003,3000.0610805700003,0.02259,293510.462499,29344.491529340277,86.65844790000001,65.6125827878788,19.687550335499935,0.3299932811223007,33,64,,False,False,Request timeout: 300.0s exceeded,452,21.16838264042747
153,2026-09-14T02:15:34.575+00:00,2026-09-14T02:20:27.996+00:00,2026-09-14T02:20:34.645+00:00,False,97,96.0,,96.0,293421.099971,300070.799043,300070.799163,3093.5133934329897,0.039949,293421.099971,29785.372142555178,89.326917,69.26769866666667,19.550468148539668,0.3199244988388332,33,64,,False,False,Request timeout: 300.0s exceeded,363,21.16838264042747
154,2026-09-14T02:15:39.706+00:00,2026-09-14T02:20:33.206+00:00,2026-09-14T02:20:39.732+00:00,False,90,89.0,,89.0,293499.642176,300025.745728,300025.74567,3333.619396333333,0.03321,293499.642176,30929.854823135996,89.46360184999999,73.32700620224719,18.45539672480389,0.29664120918704895,33,64,,False,False,Request timeout: 300.0s exceeded,371,21.16838264042747
155,2026-09-14T02:15:44.864+00:00,2026-09-14T02:20:38.197+00:00,2026-09-14T02:20:44.935+00:00,False,98,97.0,,97.0,293333.108069,300070.940773,300070.940716,3061.9483746530614,0.02832,293333.108069,29624.108225771248,88.40645485,69.46219282474227,19.596938774108622,0.3232568930204385,33,64,,False,False,Request timeout: 300.0s exceeded,481,21.16838264042747
156,2026-09-14T02:15:48.218+00:00,2026-09-14T02:20:41.940+00:00,2026-09-14T02:20:48.247+00:00,False,93,92.0,,92.0,293722.000443,300029.424699,300029.424559,3226.1228447204303,0.024,293722.000443,30450.44996418705,89.160628,68.55895930434782,20.13251214121916,0.3066365910353547,33,64,,False,False,Request timeout: 300.0s exceeded,381,21.16838264042747
157,2026-09-14T02:15:52.852+00:00,2026-09-14T02:20:46.562+00:00,2026-09-14T02:20:52.908+00:00,False,95,94.0,,94.0,293710.23607700004,300055.841965,300055.84199100005,3158.4825472736848,0.03513,293710.23607700004,30127.11627520787,90.3249184,67.50644561702127,21.921183955447532,0.3132750203575927,33,64,,False,False,Request timeout: 300.0s exceeded,450,21.16838264042747
158,2026-09-14T02:15:57.320+00:00,2026-09-14T02:20:51.012+00:00,2026-09-14T02:20:57.358+00:00,False,94,93.0,,93.0,293691.73052499996,300037.084253,300037.084169,3191.8838741382974,0.03544,293691.73052499996,30284.958319057965,89.3261705,68.22960997849462,20.09403776099452,0.30996168434159194,33,64,,False,False,Request timeout: 300.0s exceeded,450,21.16838264042747
159,2026-09-14T02:16:00.437+00:00,2026-09-14T02:20:54.151+00:00,2026-09-14T02:21:00.464+00:00,False,92,91.0,,91.0,293713.36358099995,300026.15692499996,300026.15691499994,3261.153879510869,0.023329999999999997,293713.36358099995,30614.508701477356,89.23669505,69.37135542857143,19.6096403991116,0.3033068880815883,33,64,,False,False,Request timeout: 300.0s exceeded,452,21.16838264042747
160,2026-09-14T02:16:04.393+00:00,2026-09-14T02:20:58.057+00:00,2026-09-14T02:21:04.437+00:00,False,94,93.0,,93.0,293663.96776200004,300043.194642,300043.19449500006,3191.9488776063836,0.04801,293663.96776200004,30282.057315386508,88.80034450000001,68.59383741935484,20.20521687142043,0.3099553719622404,33,64,,False,False,Request timeout: 300.0s exceeded,388,21.16838264042747
161,2026-09-14T02:16:08.598+00:00,2026-09-14T02:21:02.312+00:00,2026-09-14T02:21:08.628+00:00,False,93,92.0,,92.0,293714.316243,300029.89921899996,300029.89928099996,3226.1279492580643,0.02664,293714.316243,30449.64425294333,89.84009020000002,68.64764104347826,20.584805932644162,0.3066361060663714,33,64,,False,False,Request timeout: 300.0s exceeded,405,21.16838264042747
162,2026-09-14T02:16:13.071+00:00,2026-09-14T02:21:06.944+00:00,2026-09-14T02:21:13.111+00:00,False,89,88.0,,88.0,293872.87383600004,300039.90078,300039.90098800004,3371.2348425617984,0.028730000000000002,293872.87383600004,31143.040346997193,90.53250700000001,70.07985163636364,20.19109521301579,0.2932943244256194,33,64,,False,False,Request timeout: 300.0s exceeded,161,21.16838264042747
163,2026-09-14T02:16:16.445+00:00,2026-09-14T02:21:10.372+00:00,2026-09-14T02:21:16.530+00:00,False,89,88.0,,88.0,293926.644657,300085.260465,300085.260566,3371.744500741573,0.026600000000000002,293926.644657,31148.750045203455,90.1780278,69.98427054545455,19.990483977153144,0.2932499912312879,33,64,,False,False,Request timeout: 300.0s exceeded,218,21.16838264042747
164,2026-09-14T02:16:21.511+00:00,2026-09-14T02:21:15.293+00:00,2026-09-14T02:21:21.576+00:00,False,100,99.0,,99.0,293782.15915200004,300064.53867200005,300064.538721,3000.6453872100005,0.0,293782.15915200004,29371.945031365092,93.22552744999999,63.45837898989899,66.69348066536936,0.32992902273006247,33,64,,False,False,Request timeout: 300.0s exceeded,279,21.16838264042747
165,2026-09-14T02:16:26.177+00:00,2026-09-14T02:21:20.221+00:00,2026-09-14T02:21:26.220+00:00,False,90,89.0,,89.0,294043.52828100004,300042.390873,300042.39070700004,3333.8043411888893,0.038299,294043.52828100004,30987.81049170159,85.83789850000001,67.40295047191012,19.445996780932028,0.2966247527259284,33,64,,False,False,Request timeout: 300.0s exceeded,396,21.16838264042747
166,2026-09-14T02:16:31.192+00:00,2026-09-14T02:21:24.671+00:00,2026-09-14T02:21:32.855+00:00,False,122,121.0,,121.0,293479.150232,301663.741336,301663.741322,2472.6536173934423,0.02042,293479.150232,26564.23739668639,88.27449455,67.64124879338843,20.089147492058448,0.40110886202007096,33,64,,False,False,Request timeout: 300.0s exceeded,528,21.16838264042747
167,2026-09-14T02:16:36.350+00:00,2026-09-14T02:21:30.272+00:00,2026-09-14T02:21:36.411+00:00,False,95,94.0,,94.0,293921.875417,300060.99503299996,300060.995098,3158.536790505263,0.022,293921.875417,30149.054878871124,89.861529,65.30978314893616,21.21259586926117,0.31326964035982785,33,64,,False,False,Request timeout: 300.0s exceeded,498,21.16838264042747
168,2026-09-14T02:16:39.792+00:00,2026-09-14T02:21:34.171+00:00,2026-09-14T02:21:39.825+00:00,False,84,83.0,,83.0,294378.716985,300032.687929,300032.688061,3571.817715011905,0.03091,294378.716985,32111.924725918863,86.88279800000001,68.12013185542169,19.694105417044657,0.2766365244164369,33,64,,False,False,Request timeout: 300.0s exceeded,404,21.16838264042747
169,2026-09-14T02:16:44.327+00:00,2026-09-14T02:21:37.778+00:00,2026-09-14T02:21:46.316+00:00,False,102,101.0,,101.0,293450.289283,301988.609155,301988.609097,2960.6726382058823,0.04302,293450.289283,29048.23477030987,88.8570125,84.53782051485148,202.22736843956892,0.33444970087649994,33,64,,False,False,Request timeout: 300.0s exceeded,466,21.16838264042747
170,2026-09-14T02:16:49.601+00:00,2026-09-14T02:21:43.164+00:00,2026-09-14T02:21:49.641+00:00,False,108,107.0,,107.0,293563.471556,300040.385732,300040.385823,2778.1517205833334,0.015529999999999999,293563.471556,28243.04546962419,92.36901594999999,60.53190818691589,201.47764282622308,0.3566186589813739,33,64,,False,False,Request timeout: 300.0s exceeded,438,21.16838264042747
171,2026-09-14T02:16:52.582+00:00,2026-09-14T02:21:47.020+00:00,2026-09-14T02:21:52.631+00:00,False,86,85.0,,85.0,294437.486792,300048.460488,300048.460609,3488.935588476744,0.03885,294437.486792,31742.898896136703,87.51882725,66.01145524705882,20.21128212349308,0.2832875724866432,33,64,,False,False,Request timeout: 300.0s exceeded,386,21.16838264042747
172,2026-09-14T02:16:57.955+00:00,2026-09-14T02:21:51.707+00:00,2026-09-14T02:21:58.021+00:00,False,93,92.0,,92.0,293752.075221,300065.914837,300065.91498400003,3226.5152148817206,0.038090000000000006,293752.075221,30453.561107295944,88.6073432,68.62869147826088,19.771127369316424,0.30659930185664597,33,64,,False,False,Request timeout: 300.0s exceeded,345,21.16838264042747
173,2026-09-14T02:17:02.228+00:00,2026-09-14T02:21:56.079+00:00,2026-09-14T02:22:02.279+00:00,False,92,91.0,,91.0,293851.536668,300051.64802799997,300051.64804,3261.4309569565216,0.02213,293851.536668,30629.043713924933,87.84809849999999,68.13309186813186,20.196857594985694,0.30328112042733435,33,64,,False,False,Request timeout: 300.0s exceeded,409,21.16838264042747
174,2026-09-14T02:17:06.388+00:00,2026-09-14T02:22:00.211+00:00,2026-09-14T02:22:06.422+00:00,False,95,94.0,,94.0,293822.65102600004,300033.882258,300033.88211500004,3158.251390684211,0.023850000000000003,293822.65102600004,30138.795705179913,89.01893799999999,66.076928,20.833958646423312,0.31329794919351517,33,64,,False,False,Request timeout: 300.0s exceeded,312,21.16838264042747
175,2026-09-14T02:17:10.387+00:00,2026-09-14T02:22:03.832+00:00,2026-09-14T02:22:10.406+00:00,False,99,98.0,,98.0,293445.126,300018.79256,300018.79244399996,3030.4928529696967,0.020509,293445.126,29485.609661596183,88.2129989,67.07823020408163,19.593966251683828,0.32664620493864976,33,64,,False,False,Request timeout: 300.0s exceeded,427,21.16838264042747
176,2026-09-14T02:17:13.999+00:00,2026-09-14T02:22:07.778+00:00,2026-09-14T02:22:14.051+00:00,False,104,103.0,,103.0,293779.680078,300052.17467,300052.174577,2885.1170632403846,0.0,293779.680078,28801.570337733792,87.35907415,60.89800574757282,65.67847356228457,0.34327363270497974,33,64,,False,False,Request timeout: 300.0s exceeded,399,21.16838264042747
177,2026-09-14T02:17:17.847+00:00,2026-09-14T02:22:11.409+00:00,2026-09-14T02:22:17.877+00:00,False,102,101.0,,101.0,293561.630856,300029.81876,300029.818812,2941.468811882353,0.0,293561.630856,29060.66718566132,88.5288625,64.0414643960396,66.56698450418956,0.3366332067173362,33,64,,False,False,Request timeout: 300.0s exceeded,287,21.16838264042747
178,2026-09-14T02:17:22.911+00:00,2026-09-14T02:22:16.446+00:00,2026-09-14T02:22:22.991+00:00,False,96,95.0,,95.0,293534.858601,300079.96221699996,300079.96235399996,3125.8329411874997,0.0275,293534.858601,29951.751113578524,90.68673325,68.8958275368421,20.156363236167895,0.3165822845955361,33,64,,False,False,Request timeout: 300.0s exceeded,484,21.16838264042747
179,2026-09-14T02:17:27.567+00:00,2026-09-14T02:22:21.489+00:00,2026-09-14T02:22:27.642+00:00,False,92,91.0,,91.0,293921.957452,300075.595852,300075.595863,3261.691259380435,0.01941,293921.957452,30636.438893799466,89.22419914999999,67.6224,20.294622073057514,0.3032569167833362,33,64,,False,False,Request timeout: 300.0s exceeded,424,21.16838264042747
180,2026-09-14T02:17:31.152+00:00,2026-09-14T02:22:24.677+00:00,2026-09-14T02:22:31.188+00:00,False,97,96.0,,96.0,293525.092709,300035.966053,300035.96611599997,3093.15428985567,0.026420000000000003,293525.092709,29796.078228934242,89.96652879999999,67.82159733333333,20.151851857869968,0.3199616408088956,33,64,,False,False,Request timeout: 300.0s exceeded,276,21.16838264042747
181,2026-09-14T02:17:34.739+00:00,2026-09-14T02:22:28.468+00:00,2026-09-14T02:22:34.823+00:00,False,90,89.0,,89.0,293729.062775,300084.611959,300084.612159,3334.273468433333,0.024050000000000002,293729.062775,30954.24089300952,89.8420824,71.41066498876405,20.111114785420103,0.2965830184326809,33,64,,False,False,Request timeout: 300.0s exceeded,434,21.16838264042747
182,2026-09-14T02:17:39.764+00:00,2026-09-14T02:22:33.292+00:00,2026-09-14T02:22:39.813+00:00,False,96,95.0,,95.0,293528.325329,300048.555985,300048.55601500004,3125.5057918229168,0.034659999999999996,293528.325329,29951.1119168331,92.45622999999999,68.63400690526315,21.437658131033626,0.3166154214211557,33,64,,False,False,Request timeout: 300.0s exceeded,370,21.16838264042747
183,2026-09-14T02:17:42.784+00:00,2026-09-14T02:22:36.148+00:00,2026-09-14T02:22:42.803+00:00,False,96,95.0,,95.0,293363.883401,300019.089289,300019.089482,3125.198848770833,0.02277,293363.883401,29934.183407781933,90.53602175,70.05479882105263,21.124611408651663,0.316646518143681,33,64,,False,False,Request timeout: 300.0s exceeded,452,21.16838264042747
184,2026-09-14T02:17:47.685+00:00,2026-09-14T02:22:41.448+00:00,2026-09-14T02:22:47.726+00:00,False,94,93.0,,93.0,293762.774777,300040.820729,300040.82074500003,3191.9236249468086,0.038560000000000004,293762.774777,30292.361303519123,91.749729,67.5058704516129,21.109294122765505,0.30995782431884017,33,64,,False,False,Request timeout: 300.0s exceeded,375,21.16838264042747
185,2026-09-14T02:17:50.673+00:00,2026-09-14T02:22:44.428+00:00,2026-09-14T02:22:50.758+00:00,False,93,92.0,,92.0,293754.91075800004,300085.155878,300085.15592600004,3226.7221067311834,0.02059,293754.91075800004,30453.836104197177,87.4198756,68.80701217391305,18.905573669732327,0.3065796431377056,33,64,,False,False,Request timeout: 300.0s exceeded,446,21.16838264042747
186,2026-09-14T02:17:54.089+00:00,2026-09-14T02:22:47.814+00:00,2026-09-14T02:22:54.120+00:00,False,94,93.0,,93.0,293725.359089,300030.971377,300030.971349,3191.8188441382977,0.02475,293725.359089,30288.470338646464,87.0059525,67.80228266666667,19.19538306365107,0.309967999547427,33,64,,False,False,Request timeout: 300.0s exceeded,392,21.16838264042747
187,2026-09-14T02:17:58.884+00:00,2026-09-14T02:22:53.087+00:00,2026-09-14T02:22:58.959+00:00,False,85,84.0,,84.0,294203.196399,300074.615279,300074.615257,3530.2895912588237,0.03358,294203.196399,31903.24235932121,91.5585622,69.8978438095238,20.95753633851427,0.2799303763895504,33,64,,False,False,Request timeout: 300.0s exceeded,444,21.16838264042747
188,2026-09-14T02:18:03.128+00:00,2026-09-14T02:22:57.174+00:00,2026-09-14T02:23:03.212+00:00,False,88,87.0,,87.0,294046.170518,300083.742358,300083.74222400005,3410.0425252727277,0.03799,294046.170518,31338.036035685433,90.585674,69.39737747126436,20.64600996966848,0.2899190716443711,33,64,,False,False,Request timeout: 300.0s exceeded,369,21.16838264042747
189,2026-09-14T02:18:08.474+00:00,2026-09-14T02:23:02.270+00:00,2026-09-14T02:23:08.519+00:00,False,98,97.0,,97.0,293796.017676,300045.17966,300045.179535,3061.685505459184,0.0,293796.017676,29671.447290661505,87.77073270000001,64.42435035051547,67.34981628287053,0.3232846470318796,33,64,,False,False,Request timeout: 300.0s exceeded,142,21.16838264042747
190,2026-09-14T02:18:13.129+00:00,2026-09-14T02:23:07.368+00:00,2026-09-14T02:23:13.160+00:00,False,87,86.0,,86.0,294239.121968,300030.416432,300030.41628400004,3448.625474528736,0.02212,294239.121968,31538.53175828375,88.99650299999999,67.34063330232557,20.117618723892225,0.286637605022594,33,64,,False,False,Request timeout: 300.0s exceeded,445,21.16838264042747
191,2026-09-14T02:18:18.082+00:00,2026-09-14T02:23:11.993+00:00,2026-09-14T02:23:18.136+00:00,False,88,87.0,,87.0,293911.612829,300054.458781,300054.45879299997,3409.7097590113635,0.02456,293911.612829,31323.563175003652,91.20603485,70.60742473563218,20.685405012831648,0.28994736606629956,33,64,,False,False,Request timeout: 300.0s exceeded,273,21.16838264042747
192,2026-09-14T02:18:22.146+00:00,2026-09-14T02:23:15.652+00:00,2026-09-14T02:23:22.176+00:00,False,96,95.0,,95.0,293506.132602,300030.67199400003,300030.67207000003,3125.319500729167,0.026609,293506.132602,29948.84164978451,89.19978425,68.67936202105263,20.56893545316264,0.31663429398278253,33,64,,False,False,Request timeout: 300.0s exceeded,185,21.16838264042747
193,2026-09-14T02:18:26.584+00:00,2026-09-14T02:23:20.231+00:00,2026-09-14T02:23:26.590+00:00,False,98,97.0,,97.0,293647.10861,300006.530562,300006.530637,3061.2911289489793,0.02452,293647.10861,29656.221743317765,88.44420735,65.5610510515464,20.501523783350915,0.3233262949919477,33,64,,False,False,Request timeout: 300.0s exceeded,517,21.16838264042747
194,2026-09-14T02:18:30.291+00:00,2026-09-14T02:23:23.687+00:00,2026-09-14T02:23:30.340+00:00,False,99,98.0,,98.0,293396.497707,300048.775211,300048.775196,3030.795709050505,0.039450000000000006,293396.497707,29480.64234438542,90.34309289999999,67.88038269387755,20.527130175172086,0.32661356451491774,33,64,,False,False,Request timeout: 300.0s exceeded,490,21.16838264042747
195,2026-09-14T02:18:35.179+00:00,2026-09-14T02:23:29.030+00:00,2026-09-14T02:23:35.215+00:00,False,95,94.0,,94.0,293851.15612400003,300036.507036,300036.506888,3158.2790198736843,0.03742,293851.15612400003,30141.74884656565,90.49071970000001,65.80160544680851,21.31563721721816,0.31329520840182745,33,64,,False,False,Request timeout: 300.0s exceeded,462,21.16838264042747
196,2026-09-14T02:18:40.589+00:00,2026-09-14T02:23:34.528+00:00,2026-09-14T02:23:40.674+00:00,False,88,87.0,,87.0,293939.01271700003,300085.303405,300085.303605,3410.0602682386366,0.04183,293939.01271700003,31326.479065611184,89.1783537,70.64701940229885,19.542186744803722,0.28991756348221887,33,64,,False,False,Request timeout: 300.0s exceeded,383,21.16838264042747
197,2026-09-14T02:18:45.619+00:00,2026-09-14T02:23:39.205+00:00,2026-09-14T02:23:45.665+00:00,False,96,95.0,,95.0,293586.206141,300045.507773,300045.50774699997,3125.4740390312495,0.01924,293586.206141,29957.083129608083,87.013246,67.99264875789474,18.91721589268982,0.31661863796965234,33,64,,False,False,Request timeout: 300.0s exceeded,433,21.16838264042747
198,2026-09-14T02:18:49.857+00:00,2026-09-14T02:23:43.641+00:00,2026-09-14T02:23:49.928+00:00,False,94,93.0,,93.0,293783.707243,300070.425451,300070.42546399997,3192.238568765957,0.0396,293783.707243,30294.509173288865,86.29338865,67.59912051612903,18.757652683272095,0.3099272441135204,33,64,,False,False,Request timeout: 300.0s exceeded,474,21.16838264042747
199,2026-09-14T02:18:54.614+00:00,2026-09-14T02:23:48.364+00:00,2026-09-14T02:23:54.649+00:00,False,92,91.0,,91.0,293749.896624,300034.782128,300034.78227799997,3261.2476334565217,0.03696,293749.896624,30618.35007779581,89.54224105000002,69.06467586813186,20.490826763721934,0.30329816881423377,33,64,,False,False,Request timeout: 300.0s exceeded,569,21.16838264042747
200,2026-09-14T02:18:59.329+00:00,2026-09-14T02:23:52.559+00:00,2026-09-14T02:23:59.373+00:00,False,103,102.0,,102.0,293229.721071,300043.99563099997,300043.995429,2913.0484993106793,0.030510000000000002,293229.721071,28886.207574155178,89.28823400000002,66.80661333333333,20.616804539215018,0.3399501455961199,33,64,,False,False,Request timeout: 300.0s exceeded,470,21.16838264042747
201,2026-09-14T02:19:02.477+00:00,2026-09-14T02:23:56.059+00:00,2026-09-14T02:24:02.523+00:00,False,110,109.0,,109.0,293582.607051,300045.989579,300045.989621,2727.690814736364,0.0,293582.607051,27986.421769348904,93.22056850000001,59.29708741284404,63.88962183733412,0.36327764338040275,33,64,,False,False,Request timeout: 300.0s exceeded,542,21.16838264042747
202,2026-09-14T02:19:07.677+00:00,2026-09-14T02:24:01.550+00:00,2026-09-14T02:24:07.727+00:00,False,94,93.0,,93.0,293872.720421,300049.584421,300049.58464699995,3192.016857946808,0.02157,293872.720421,30303.813181560676,89.66658430000001,66.41789247311829,20.576296781865924,0.3099487712321293,33,64,,False,False,Request timeout: 300.0s exceeded,426,21.16838264042747
203,2026-09-14T02:19:10.659+00:00,2026-09-14T02:24:04.537+00:00,2026-09-14T02:24:10.667+00:00,False,94,93.0,,93.0,293878.109937,300008.576753,300008.57677,3191.58060393617,0.038619,293878.109937,30304.419650180796,87.17708764999999,65.91899802150537,19.230122277274983,0.3099911376086018,33,64,,False,False,Request timeout: 300.0s exceeded,457,21.16838264042747
204,2026-09-14T02:19:14.977+00:00,2026-09-14T02:24:08.919+00:00,2026-09-14T02:24:14.992+00:00,False,89,88.0,,88.0,293942.344412,300014.91349999997,300014.913328,3370.9540823370785,0.04155,293942.344412,31150.51760126052,87.292117,69.0064669090909,19.57378609585582,0.2933187519693084,33,64,,False,False,Request timeout: 300.0s exceeded,386,21.16838264042747
205,2026-09-14T02:19:18.591+00:00,2026-09-14T02:24:12.491+00:00,2026-09-14T02:24:18.649+00:00,False,91,90.0,,90.0,293900.213609,300058.614889,300058.61498500005,3297.3474174175826,0.05679,293900.213609,30801.947267660402,88.50136350000001,68.4266808888889,20.260662167415784,0.2999413965611135,33,64,,False,False,Request timeout: 300.0s exceeded,433,21.16838264042747
206,2026-09-14T02:19:21.882+00:00,2026-09-14T02:24:15.421+00:00,2026-09-14T02:24:21.910+00:00,False,95,94.0,,94.0,293539.201629,300028.707677,300028.70755500003,3158.1969216315792,0.03471,293539.201629,30109.41006354172,89.20010099999999,69.03729838297872,19.89780700007745,0.31330335262849907,33,64,,False,False,Request timeout: 300.0s exceeded,459,21.16838264042747
207,2026-09-14T02:19:25.095+00:00,2026-09-14T02:24:18.644+00:00,2026-09-14T02:24:25.135+00:00,False,96,95.0,,95.0,293548.407537,300040.343537,300040.343318,3125.4202428958333,0.08791,293548.407537,29953.19072621984,88.08259375,68.33616842105263,19.63925641089061,0.3166240875480297,33,64,,False,False,Request timeout: 300.0s exceeded,521,21.16838264042747
208,2026-09-14T02:19:30.375+00:00,2026-09-14T02:24:23.769+00:00,2026-09-14T02:24:30.400+00:00,False,100,99.0,,99.0,293393.783276,300025.107948,300025.107943,3000.25107943,0.026969999999999997,293393.783276,29332.686884964394,89.32954305,66.9830774949495,20.170596587350772,0.3299723835685064,33,64,,False,False,Request timeout: 300.0s exceeded,408,21.16838264042747
209,2026-09-14T02:19:35.629+00:00,2026-09-14T02:24:29.552+00:00,2026-09-14T02:24:35.711+00:00,False,90,89.0,,89.0,293923.26182200003,300082.51942200004,300082.519334,3334.2502148222225,0.02311,293923.26182200003,30974.9435895464,88.7130435,69.2051415730337,19.861901986181444,0.2965850865669422,33,64,,False,False,Request timeout: 300.0s exceeded,389,21.16838264042747
210,2026-09-14T02:19:39.861+00:00,2026-09-14T02:24:33.410+00:00,2026-09-14T02:24:39.931+00:00,False,95,94.0,,94.0,293548.746168,300070.012344,300070.01231699996,3158.6317086,0.0645,293548.746168,30110.35473953358,88.86245100000001,69.37517208510639,20.038581227727065,0.31326022639089474,33,64,,False,False,Request timeout: 300.0s exceeded,458,21.16838264042747
211,2026-09-14T02:19:44.086+00:00,2026-09-14T02:24:37.715+00:00,2026-09-14T02:24:44.150+00:00,False,90,89.0,,89.0,293629.10349,300063.909762,300063.909622,3334.0434402444444,0.04054,293629.10349,30943.610611285818,91.862245,72.30119406741574,20.449784084871155,0.29660348047384844,33,64,,False,False,Request timeout: 300.0s exceeded,401,21.16838264042747
212,2026-09-14T02:19:47.643+00:00,2026-09-14T02:24:41.439+00:00,2026-09-14T02:24:47.726+00:00,False,102,101.0,,101.0,293795.29320099996,300082.32552099996,300082.32553399995,2941.983583666666,0.015269,293795.29320099996,29084.7345944114,88.1332765,62.247844752475245,220.72707964076602,0.33657430448342734,33,64,,False,False,Request timeout: 300.0s exceeded,430,21.16838264042747
213,2026-09-14T02:19:51.284+00:00,2026-09-14T02:24:45.351+00:00,2026-09-14T02:24:51.360+00:00,False,101,100.0,,100.0,294066.530419,300076.077683,300076.077698,2971.050274237624,0.01557,294066.530419,29255.529585742563,91.96542600000001,60.095472640000004,216.88306864926443,0.3332488240053573,33,64,,False,False,Request timeout: 300.0s exceeded,397,21.16838264042747
214,2026-09-14T02:19:54.312+00:00,2026-09-14T02:24:48.866+00:00,2026-09-14T02:24:54.406+00:00,False,79,78.0,,78.0,294554.344039,300094.338663,300094.338849,3798.6625170759494,0.047989,294554.344039,33131.96839691797,90.7180639,71.0255721025641,20.942599117221867,0.2599182655278028,33,64,,False,False,Request timeout: 300.0s exceeded,230,21.16838264042747
215,2026-09-14T02:19:58.705+00:00,2026-09-14T02:24:52.495+00:00,2026-09-14T02:24:58.763+00:00,False,97,96.0,,96.0,293790.244352,300058.261504,300058.26161600003,3093.384140371134,0.0,293790.244352,29823.32832669813,87.0724396,65.29184533333334,68.5288435442022,0.3199378664623779,33,64,,False,False,Request timeout: 300.0s exceeded,504,21.16838264042747
216,2026-09-14T02:20:02.845+00:00,2026-09-14T02:24:57.037+00:00,2026-09-14T02:25:02.893+00:00,False,100,99.0,,99.0,294192.05518699996,300047.34043499996,300047.34060299996,3000.4734060299998,0.0,294192.05518699996,29413.304264194885,85.22517950000001,59.144295434343434,27.981436589668263,0.32994793373763176,33,64,,False,False,Request timeout: 300.0s exceeded,415,21.16838264042747
217,2026-09-14T02:20:05.974+00:00,2026-09-14T02:24:59.462+00:00,2026-09-14T02:25:06.012+00:00,False,99,98.0,,98.0,293488.10019599996,300038.47894799995,300038.479014,3030.691707212121,0.02825,293488.10019599996,29489.952707985733,86.5341875,66.84059951020409,19.73869397108827,0.3266247727411807,33,64,,False,False,Request timeout: 300.0s exceeded,508,21.16838264042747
218,2026-09-14T02:20:09.447+00:00,2026-09-14T02:25:03.630+00:00,2026-09-14T02:25:09.461+00:00,False,85,84.0,,84.0,294182.728731,300014.224667,300014.22460699995,3529.5791130235293,0.02089,294182.728731,31901.072911370975,89.4428852,69.42257066666667,19.40782247698965,0.27998672427360927,33,64,,False,False,Request timeout: 300.0s exceeded,314,21.16838264042747
219,2026-09-14T02:20:12.376+00:00,2026-09-14T02:25:06.097+00:00,2026-09-14T02:25:12.388+00:00,False,92,91.0,,91.0,293721.159049,300011.803529,300011.803414,3260.9978631956524,0.02659,293721.159049,30615.34697509908,87.78300650000001,69.12796131868132,19.867423249025705,0.3033213991235637,33,64,,False,False,Request timeout: 300.0s exceeded,221,21.16838264042747
220,2026-09-14T02:20:17.546+00:00,2026-09-14T02:25:11.378+00:00,2026-09-14T02:25:17.597+00:00,False,91,90.0,,90.0,293831.538429,300050.47782100004,300050.477967,3297.257999637363,0.03522,293831.538429,30794.677581316682,89.2001115,69.09932657777777,20.167570844035655,0.29994953067093916,33,64,,False,False,Request timeout: 300.0s exceeded,396,21.16838264042747
221,2026-09-14T02:20:22.745+00:00,2026-09-14T02:25:16.360+00:00,2026-09-14T02:25:22.816+00:00,False,96,95.0,,95.0,293615.38782999996,300070.789558,300070.78966699995,3125.737392364583,0.019690000000000003,293615.38782999996,29960.067093791364,88.96925999999999,67.9515971368421,21.084254955205303,0.31659196198314954,33,64,,False,False,Request timeout: 300.0s exceeded,370,21.16838264042747
222,2026-09-14T02:20:25.893+00:00,2026-09-14T02:25:19.632+00:00,2026-09-14T02:25:25.945+00:00,False,95,94.0,,94.0,293738.308802,300051.657154,300051.65724900004,3158.438497357895,0.036590000000000004,293738.308802,30130.030768443023,88.8830467,67.16328034042553,20.61122183679945,0.3132793895944223,33,64,,False,False,Request timeout: 300.0s exceeded,430,21.16838264042747
223,2026-09-14T02:20:29.056+00:00,2026-09-14T02:25:22.942+00:00,2026-09-14T02:25:29.116+00:00,False,92,91.0,,91.0,293885.597223,300059.348263,300059.348247,3261.514654858696,0.0247,293885.597223,30632.625472550208,90.42364655,67.84341802197802,20.9502597000125,0.3032733375140144,33,64,,False,False,Request timeout: 300.0s exceeded,361,21.16838264042747
224,2026-09-14T02:20:33.815+00:00,2026-09-14T02:25:27.772+00:00,2026-09-14T02:25:33.900+00:00,False,86,85.0,,85.0,293956.872736,300084.80335999996,300084.80340699997,3489.358179151163,0.019219999999999998,293956.872736,31690.41711807305,92.617185,72.09330145882353,20.179772668105876,0.28325326390496636,33,64,,False,False,Request timeout: 300.0s exceeded,388,21.16838264042747
225,2026-09-14T02:20:38.327+00:00,2026-09-14T02:25:32.500+00:00,2026-09-14T02:25:38.347+00:00,False,86,85.0,,85.0,294172.33346600004,300019.33097000007,300019.330918,3488.5968711395353,0.06470000000000001,294172.33346600004,31714.006810013063,88.20710350000002,68.78820592941177,19.485397742764683,0.28331507748245544,33,64,,False,False,Request timeout: 300.0s exceeded,369,21.16838264042747
226,2026-09-14T02:20:41.691+00:00,2026-09-14T02:25:35.560+00:00,2026-09-14T02:25:41.732+00:00,False,90,89.0,,89.0,293868.972268,300040.505068,300040.505155,3333.7833906111114,0.027370000000000002,293868.972268,30969.206391821528,88.20005245,69.34306516853933,19.80064596918458,0.29662661706235094,33,64,,False,False,Request timeout: 300.0s exceeded,423,21.16838264042747
227,2026-09-14T02:20:46.305+00:00,2026-09-14T02:25:40.166+00:00,2026-09-14T02:25:46.347+00:00,False,91,90.0,,90.0,293861.781906,300042.38017799996,300042.38031599997,3297.169014461538,0.0373,293861.781906,30797.892822311573,89.414686,68.67331413333334,20.48259665570703,0.299957625808086,33,64,,False,False,Request timeout: 300.0s exceeded,312,21.16838264042747
228,2026-09-14T02:20:50.691+00:00,2026-09-14T02:25:44.725+00:00,2026-09-14T02:25:50.724+00:00,False,84,83.0,,83.0,294034.05467599997,300033.097492,300033.09744,3571.8225885714282,0.02581,294034.05467599997,32073.865042245932,89.31703214999999,72.27762428915663,19.141672363336973,0.27663614679114895,33,64,,False,False,Request timeout: 300.0s exceeded,278,21.16838264042747
229,2026-09-14T02:20:54.019+00:00,2026-09-14T02:25:47.792+00:00,2026-09-14T02:25:54.107+00:00,False,99,98.0,,98.0,293772.730593,300087.885537,300087.885405,3031.1907616666667,0.0,293772.730593,29518.87239137549,88.59974899999999,64.44035657142858,68.45167307470038,0.3265709971085016,33,64,,False,False,Request timeout: 300.0s exceeded,365,21.16838264042747
230,2026-09-14T02:20:57.278+00:00,2026-09-14T02:25:50.934+00:00,2026-09-14T02:25:57.338+00:00,False,103,102.0,,102.0,293655.885402,300060.00009,300060.000274,2913.2038861553397,0.0,293655.885402,28928.66458097136,88.6132401,62.78543811764706,67.01226830243574,0.3399320134953214,33,64,,False,False,Request timeout: 300.0s exceeded,503,21.16838264042747
231,2026-09-14T02:21:01.946+00:00,2026-09-14T02:25:55.720+00:00,2026-09-14T02:26:01.974+00:00,False,92,91.0,,91.0,293774.22472299996,300027.92123499996,300027.921245,3261.1730570108693,0.024489999999999998,293774.22472299996,30620.92234043129,90.51830705,68.7219396923077,20.717267916362136,0.3033051044896695,33,64,,False,False,Request timeout: 300.0s exceeded,426,21.16838264042747
232,2026-09-14T02:21:05.454+00:00,2026-09-14T02:25:59.254+00:00,2026-09-14T02:26:05.539+00:00,False,91,90.0,,90.0,293800.283329,300085.485249,300085.485216,3297.6426946813185,0.03704,293800.283329,30791.324116993263,90.15050449999998,69.8355768888889,20.381814881469033,0.29991453910315347,33,64,,False,False,Request timeout: 300.0s exceeded,289,21.16838264042747
233,2026-09-14T02:21:08.628+00:00,2026-09-14T02:26:02.104+00:00,2026-09-14T02:26:08.643+00:00,False,100,99.0,,99.0,293475.465188,300014.346212,300014.346268,3000.14346268,0.06759,293475.465188,29340.949195494424,89.32434999999998,66.04930327272727,21.235642120888283,0.32998421992141447,33,64,,False,False,Request timeout: 300.0s exceeded,465,21.16838264042747
234,2026-09-14T02:21:11.638+00:00,2026-09-14T02:26:05.536+00:00,2026-09-14T02:26:11.667+00:00,False,92,91.0,,91.0,293898.42486699997,300029.39830699994,300029.39830699994,3261.189112032608,0.02982,293898.42486699997,30634.011522984383,88.8180535,67.37333450549451,20.45175619380918,0.30330361129107025,33,64,,False,False,Request timeout: 300.0s exceeded,426,21.16838264042747
235,2026-09-14T02:21:16.940+00:00,2026-09-14T02:26:10.536+00:00,2026-09-14T02:26:17.320+00:00,False,97,96.0,,96.0,293596.068636,300380.134172,300380.13400699996,3096.7024124432987,0.023690000000000003,293596.068636,29802.99550248371,88.9489918,70.66734933333333,19.704031694996964,0.3195950366845154,33,64,,False,False,Request timeout: 300.0s exceeded,449,21.16838264042747
236,2026-09-14T02:21:20.453+00:00,2026-09-14T02:26:14.087+00:00,2026-09-14T02:26:20.469+00:00,False,97,96.0,,96.0,293634.541476,300016.171172,300016.171038,3092.950216886598,0.020210000000000002,293634.541476,29807.327994044466,89.9783338,66.47530933333334,20.49867280562327,0.31998275167961854,33,64,,False,False,Request timeout: 300.0s exceeded,398,21.16838264042747
237,2026-09-14T02:21:24.227+00:00,2026-09-14T02:26:18.381+00:00,2026-09-14T02:26:24.293+00:00,False,86,85.0,,85.0,294154.42381,300066.246914,300066.24679400004,3489.1424045813956,0.039060000000000004,294154.42381,31711.99395327323,89.814935,69.55086004705882,20.496320867395667,0.28327078061652594,33,64,,False,False,Request timeout: 300.0s exceeded,455,21.16838264042747
238,2026-09-14T02:21:27.778+00:00,2026-09-14T02:26:21.777+00:00,2026-09-14T02:26:27.805+00:00,False,87,86.0,,86.0,293998.834211,300027.198499,300027.198388,3448.588487218391,0.02155,293998.834211,31512.474674690046,89.23227200000001,70.0972591627907,20.124200914230812,0.28664067934589815,33,64,,False,False,Request timeout: 300.0s exceeded,433,21.16838264042747
239,2026-09-14T02:21:31.544+00:00,2026-09-14T02:26:25.013+00:00,2026-09-14T02:26:31.592+00:00,False,100,99.0,,99.0,293468.199164,300047.694076,300047.694186,3000.47694186,0.023739999999999997,293468.199164,29340.18118046291,89.56210945000001,66.45954456565657,20.686110622319017,0.3299475448557321,33,64,,False,False,Request timeout: 300.0s exceeded,465,21.16838264042747
240,2026-09-14T02:21:35.910+00:00,2026-09-14T02:26:29.362+00:00,2026-09-14T02:26:35.961+00:00,False,99,98.0,,98.0,293451.93968999997,300051.12944999995,300051.1294,3030.8194888888884,0.036869,293451.93968999997,29486.268381866317,88.565957,67.33867102040817,19.736587699495672,0.32661100186370257,33,64,,False,False,Request timeout: 300.0s exceeded,325,21.16838264042747
241,2026-09-14T02:21:40.028+00:00,2026-09-14T02:26:33.834+00:00,2026-09-14T02:26:40.047+00:00,False,95,94.0,,94.0,293805.624034,300018.821602,300018.82165199996,3158.092859494737,0.02019,293805.624034,30137.046553682987,89.340035,66.09784646808511,20.726958038105554,0.3133136764489357,33,64,,False,False,Request timeout: 300.0s exceeded,489,21.16838264042747
242,2026-09-14T02:21:43.776+00:00,2026-09-14T02:26:37.264+00:00,2026-09-14T02:26:43.795+00:00,False,99,98.0,,98.0,293488.48402499995,300019.14488899993,300019.14481299993,3030.496412252525,0.0362,293488.48402499995,29490.012162798273,90.12123879999999,66.63939657142858,20.706308952091163,0.32664582134002723,33,64,,False,False,Request timeout: 300.0s exceeded,446,21.16838264042747
243,2026-09-14T02:21:47.796+00:00,2026-09-14T02:26:41.387+00:00,2026-09-14T02:26:47.823+00:00,False,103,102.0,,102.0,293590.65672100004,300027.15336100006,300027.15342800005,2912.884984737864,0.0,293590.65672100004,28922.197431029595,93.8644426,63.102908235294116,63.10037441302946,0.339969228975989,33,64,,False,False,Request timeout: 300.0s exceeded,339,21.16838264042747
244,2026-09-14T02:21:52.916+00:00,2026-09-14T02:26:47.659+00:00,2026-09-14T02:26:52.931+00:00,False,81,80.0,,80.0,294742.84862,300014.756972,300014.757015,3703.885889074074,0.02897,294742.84862,32741.889622876795,88.00883400000001,65.8988544,20.464800400567484,0.26665355000342966,33,64,,False,False,Request timeout: 300.0s exceeded,416,21.16838264042747
245,2026-09-14T02:21:56.530+00:00,2026-09-14T02:26:50.055+00:00,2026-09-14T02:26:56.568+00:00,False,99,98.0,,98.0,293524.80897500005,300037.77127900004,300037.77106900007,3030.684556252526,0.04345,293524.80897500005,29493.680637428344,88.5606649,66.45879902040816,20.018232021597093,0.32662554311827446,33,64,,False,False,Request timeout: 300.0s exceeded,488,21.16838264042747
246,2026-09-14T02:21:59.630+00:00,2026-09-14T02:26:53.605+00:00,2026-09-14T02:26:59.663+00:00,False,88,87.0,,87.0,293974.27446600003,300032.26205,300032.261972,3409.4575224090913,0.02305,293974.27446600003,31330.346173482696,88.4734562,69.6320411954023,19.535954829544206,0.28996881670512337,33,64,,False,False,Request timeout: 300.0s exceeded,380,21.16838264042747
247,2026-09-14T02:22:04.577+00:00,2026-09-14T02:26:58.348+00:00,2026-09-14T02:27:04.590+00:00,False,89,88.0,,88.0,293771.154648,300013.38031200005,300013.380423,3370.9368586853934,0.023899999999999998,293771.154648,31132.16708864042,89.17772140000001,70.93438254545455,19.44707904982505,0.29332025094508807,33,64,,False,False,Request timeout: 300.0s exceeded,336,21.16838264042747
248,2026-09-14T02:22:09.377+00:00,2026-09-14T02:27:03.536+00:00,2026-09-14T02:27:09.473+00:00,False,89,88.0,,88.0,294158.245162,300095.665194,300095.665271,3371.861407539326,0.040920000000000005,294158.245162,31173.566155961198,89.39265180000001,67.47068218181819,20.102954320498863,0.29323982385120917,33,64,,False,False,Request timeout: 300.0s exceeded,304,21.16838264042747
249,2026-09-14T02:22:13.631+00:00,2026-09-14T02:27:07.519+00:00,2026-09-14T02:27:13.696+00:00,False,95,94.0,,94.0,293888.642063,300065.729807,300065.72997600003,3158.586631326316,0.02149,293888.642063,30145.603704629506,91.37392340000001,65.71369940425532,21.120676467776804,0.3132646972397017,33,64,,False,False,Request timeout: 300.0s exceeded,393,21.16838264042747
250,2026-09-14T02:22:16.723+00:00,2026-09-14T02:27:10.630+00:00,2026-09-14T02:27:16.767+00:00,False,95,94.0,,94.0,293907.025455,300043.466031,300043.466203,3158.3522758210524,0.020980000000000002,293907.025455,30147.533955325507,89.25504339999999,65.28128272340426,20.815377367606498,0.31328794205532895,33,64,,False,False,Request timeout: 300.0s exceeded,456,21.16838264042747
251,2026-09-14T02:22:21.817+00:00,2026-09-14T02:27:15.856+00:00,2026-09-14T02:27:21.894+00:00,False,90,89.0,,89.0,294038.237161,300076.696041,300076.69613700005,3334.1855126333335,0.0222,294038.237161,30987.2064731082,87.7848415,67.84785258426966,20.407591791369686,0.2965908421886909,33,64,,False,False,Request timeout: 300.0s exceeded,429,21.16838264042747
252,2026-09-14T02:22:25.769+00:00,2026-09-14T02:27:19.555+00:00,2026-09-14T02:27:25.838+00:00,False,90,89.0,,89.0,293786.323694,300069.45995000005,300069.45999400003,3334.1051110444446,0.04033,293786.323694,30960.361954238208,88.38395249999999,70.59703658426966,19.264258708251116,0.29659799439379764,33,64,,False,False,Request timeout: 300.0s exceeded,368,21.16838264042747
253,2026-09-14T02:22:29.656+00:00,2026-09-14T02:27:23.324+00:00,2026-09-14T02:27:29.690+00:00,False,93,92.0,,92.0,293667.80059600004,300033.6455880001,300033.64573100006,3226.168233666667,0.0288,293667.80059600004,30444.763212273607,88.22594199999999,69.19396730434782,19.12383943679509,0.3066322772557731,33,64,,False,False,Request timeout: 300.0s exceeded,446,21.16838264042747
254,2026-09-14T02:22:33.461+00:00,2026-09-14T02:27:27.183+00:00,2026-09-14T02:27:33.533+00:00,False,99,98.0,,98.0,293722.14616299997,300072.42814699997,300072.428071,3031.034626979798,0.03957,293722.14616299997,29513.680187413152,86.45857980000001,64.79879575510203,19.38935474285557,0.3265878194980033,33,64,,False,False,Request timeout: 300.0s exceeded,450,21.16838264042747
255,2026-09-14T02:22:36.575+00:00,2026-09-14T02:27:30.358+00:00,2026-09-14T02:27:36.610+00:00,False,97,96.0,,96.0,293783.112595,300035.250067,300035.25005100004,3093.146907742268,0.03544,293783.112595,29822.549751688242,89.12269800000001,65.126432,20.040730871319543,0.31996240434603107,33,64,,False,False,Request timeout: 300.0s exceeded,336,21.16838264042747
256,2026-09-14T02:22:41.842+00:00,2026-09-14T02:27:35.690+00:00,2026-09-14T02:27:42.392+00:00,False,88,87.0,,87.0,293847.682001,300549.827793,300549.827567,3415.3389496249997,0.02404,293847.682001,31316.12698092746,89.53338349999999,77.03615852873564,67.02983540523438,0.289469472129993,33,64,,False,False,Request timeout: 300.0s exceeded,371,21.16838264042747
257,2026-09-14T02:22:47.145+00:00,2026-09-14T02:27:41.001+00:00,2026-09-14T02:27:47.210+00:00,False,98,97.0,,97.0,293855.653346,300064.823778,300064.823633,3061.8859554387755,0.0,293855.653346,29677.513709904182,90.58804170000002,64.01206630927835,67.64984243023791,0.32326348279918504,33,64,,False,False,Request timeout: 300.0s exceeded,336,21.16838264042747
258,2026-09-14T02:22:52.540+00:00,2026-09-14T02:27:46.349+00:00,2026-09-14T02:27:52.572+00:00,False,90,89.0,,89.0,293809.09433600004,300032.01094400004,300032.01095400006,3333.6890106000005,0.02061,293809.09433600004,30962.83372612593,88.89240149999999,69.9204113258427,19.60797240966839,0.2966350147771784,33,64,,False,False,Request timeout: 300.0s exceeded,382,21.16838264042747
259,2026-09-14T02:22:55.833+00:00,2026-09-14T02:27:49.430+00:00,2026-09-14T02:27:55.858+00:00,False,94,93.0,,93.0,293596.86619599996,300025.11016399995,300025.11026,3191.756492127659,0.0228,293596.86619599996,30275.081998718928,88.84807085,69.12090288172043,20.269937801610812,0.30997405500214387,33,64,,False,False,Request timeout: 300.0s exceeded,420,21.16838264042747
260,2026-09-14T02:23:01.173+00:00,2026-09-14T02:27:54.649+00:00,2026-09-14T02:28:01.270+00:00,False,101,100.0,,100.0,293475.814214,300096.99104600004,300096.99113000004,2971.257337920792,0.03661,293475.814214,29195.35370511418,88.722133,66.21176832,20.413700150181814,0.33322560033489845,33,64,,False,False,Request timeout: 300.0s exceeded,615,21.16838264042747
261,2026-09-14T02:23:05.696+00:00,2026-09-14T02:27:58.855+00:00,2026-09-14T02:28:05.730+00:00,False,104,103.0,,103.0,293158.975224,300034.16754399997,300034.167514,2884.943918403846,0.020030000000000003,293158.975224,28740.064125170564,88.2885905,66.74944,19.932944093547466,0.3432942349304103,33,64,,False,False,Request timeout: 300.0s exceeded,359,21.16838264042747
262,2026-09-14T02:23:09.078+00:00,2026-09-14T02:28:02.954+00:00,2026-09-14T02:28:09.142+00:00,False,90,89.0,,89.0,293876.51852100005,300064.32754500007,300064.32754300005,3334.0480838111116,0.04513,293876.51852100005,30969.982709603675,90.243462,69.52594408988763,20.036602454669715,0.2966030675094254,33,64,,False,False,Request timeout: 300.0s exceeded,370,21.16838264042747
263,2026-09-14T02:23:12.235+00:00,2026-09-14T02:28:06.271+00:00,2026-09-14T02:28:14.675+00:00,False,86,85.0,,85.0,294036.194645,302439.56667699997,302439.566718,3516.7391478837208,0.050140000000000004,294036.194645,31697.375007562598,91.30532224999999,98.8632003764706,288.4899157232692,0.2810478831652952,33,64,,False,False,Request timeout: 300.0s exceeded,438,21.16838264042747
264,2026-09-14T02:23:16.543+00:00,2026-09-14T02:28:10.426+00:00,2026-09-14T02:28:16.619+00:00,False,103,102.0,,102.0,293883.3625,300076.49402,300076.49400199996,2913.364019436893,0.015300000000000001,293883.3625,28952.403785891,95.3657619,60.71697568627451,264.7088093802147,0.33991332887674214,33,64,,False,False,Request timeout: 300.0s exceeded,428,21.16838264042747
265,2026-09-14T02:23:19.856+00:00,2026-09-14T02:28:14.826+00:00,2026-09-14T02:28:19.893+00:00,False,77,76.0,,76.0,294969.727537,300036.94699300005,300036.94698,3896.5837270129873,0.0867,294969.727537,33607.328584025614,90.75679260000001,66.67394021052631,21.19638156163403,0.25330213749233055,33,64,,False,False,Request timeout: 300.0s exceeded,151,21.16838264042747
266,2026-09-14T02:23:25.088+00:00,2026-09-14T02:28:18.424+00:00,2026-09-14T02:28:25.178+00:00,False,97,96.0,,96.0,293336.202513,300089.777169,300089.77728599997,3093.709044185567,0.018359999999999998,293336.202513,29776.64271023108,89.34693360000001,70.349736,20.247416605335108,0.31990426633539126,33,64,,False,False,Request timeout: 300.0s exceeded,500,21.16838264042747
267,2026-09-14T02:23:28.422+00:00,2026-09-14T02:28:21.909+00:00,2026-09-14T02:28:28.503+00:00,False,97,96.0,,96.0,293487.391458,300080.932834,300080.932919,3093.6178651443297,0.03086,293487.391458,29792.163127789816,89.3757588,68.68272266666668,20.61574530538228,0.3199136949267806,33,64,,False,False,Request timeout: 300.0s exceeded,434,21.16838264042747
268,2026-09-14T02:23:31.776+00:00,2026-09-14T02:28:25.172+00:00,2026-09-14T02:28:31.865+00:00,False,101,100.0,,100.0,293396.80821399996,300089.524758,300089.52473599993,2971.183413227722,0.08394,293396.80821399996,29187.42125968166,89.549581,66.92716544,20.597817495232658,0.333233891055153,33,64,,False,False,Request timeout: 300.0s exceeded,448,21.16838264042747
269,2026-09-14T02:23:35.023+00:00,2026-09-14T02:28:28.841+00:00,2026-09-14T02:28:35.046+00:00,False,91,90.0,,90.0,293818.31498799997,300023.39249199996,300023.39249899995,3296.9603571318676,0.035088999999999995,293818.31498799997,30793.30800395513,89.44287100000001,68.9453056,20.880152898000407,0.29997660933188675,33,64,,False,False,Request timeout: 300.0s exceeded,400,21.16838264042747
270,2026-09-14T02:23:38.703+00:00,2026-09-14T02:28:32.900+00:00,2026-09-14T02:28:38.784+00:00,False,89,88.0,,88.0,294196.71466500004,300080.86570500006,300080.86590300006,3371.695122505618,0.0,294196.71466500004,31177.776105136632,90.4138954,66.86535272727272,68.5178465906244,0.2932542859514075,33,64,,False,False,Request timeout: 300.0s exceeded,455,21.16838264042747
271,2026-09-14T02:23:43.655+00:00,2026-09-14T02:28:37.991+00:00,2026-09-14T02:28:43.699+00:00,False,86,85.0,,85.0,294335.255828,300044.065812,300044.065697,3488.8844848488375,0.02112,294335.255828,31731.750617264064,88.4469455,67.1624704,19.703010175687968,0.283291721734163,33,64,,False,False,Request timeout: 300.0s exceeded,399,21.16838264042747
272,2026-09-14T02:23:47.665+00:00,2026-09-14T02:28:41.423+00:00,2026-09-14T02:28:47.729+00:00,False,94,93.0,,93.0,293757.488654,300063.750926,300063.75095099997,3192.1675633085106,0.0688,293757.488654,30291.78420738814,88.31250114999999,67.80927174193548,20.2492180054493,0.3099341380390033,33,64,,False,False,Request timeout: 300.0s exceeded,166,21.16838264042747
273,2026-09-14T02:23:52.361+00:00,2026-09-14T02:28:45.842+00:00,2026-09-14T02:28:52.429+00:00,False,99,98.0,,98.0,293481.554802,300068.69029,300068.690187,3030.9968705757574,0.09794,293481.554802,29489.258019988654,89.8719489,67.21566824489796,20.974460700586437,0.32659188769507524,33,64,,False,False,Request timeout: 300.0s exceeded,496,21.16838264042747
274,2026-09-14T02:23:56.631+00:00,2026-09-14T02:28:50.364+00:00,2026-09-14T02:28:56.643+00:00,False,93,92.0,,92.0,293732.964638,300012.649758,300012.649792,3225.9424708817205,0.02168,293732.964638,30451.61832987623,90.2743494,68.25744695652173,20.38583201500787,0.30665373634815135,33,64,,False,False,Request timeout: 300.0s exceeded,310,21.16838264042747
275,2026-09-14T02:24:00.227+00:00,2026-09-14T02:28:53.982+00:00,2026-09-14T02:29:00.245+00:00,False,93,92.0,,92.0,293754.054376,300017.788648,300017.78862400004,3225.997727139785,0.02494,293754.054376,30453.82387463396,91.8112098,68.08406817391305,21.363262043133904,0.30664848379354026,33,64,,False,False,Request timeout: 300.0s exceeded,207,21.16838264042747
276,2026-09-14T02:24:05.178+00:00,2026-09-14T02:28:58.655+00:00,2026-09-14T02:29:05.265+00:00,False,98,97.0,,97.0,293477.40051300003,300087.581889,300087.58199900005,3062.1181836632654,0.01702,293477.40051300003,29638.817818717846,91.2638385,68.14619975257732,20.960049630787694,0.3232389670688856,33,64,,False,False,Request timeout: 300.0s exceeded,197,21.16838264042747
277,2026-09-14T02:24:08.395+00:00,2026-09-14T02:29:01.946+00:00,2026-09-14T02:29:08.418+00:00,False,95,94.0,,94.0,293550.59725199995,300022.61670799996,300022.61668,3158.132807157894,0.019710000000000002,293550.59725199995,30110.599742472354,91.5678847,68.85127080851063,21.97233228115441,0.31330971321900863,33,64,,False,False,Request timeout: 300.0s exceeded,391,21.16838264042747
278,2026-09-14T02:24:11.972+00:00,2026-09-14T02:29:05.996+00:00,2026-09-14T02:29:11.997+00:00,False,89,88.0,,88.0,294023.422847,300024.643711,300024.643728,3371.0634126741575,0.031369,294023.422847,31159.198247394546,89.388693,68.19569163636363,20.2218537779914,0.2933092392395818,33,64,,False,False,Request timeout: 300.0s exceeded,408,21.16838264042747
279,2026-09-14T02:24:15.737+00:00,2026-09-14T02:29:09.696+00:00,2026-09-14T02:29:15.793+00:00,False,93,92.0,,92.0,293958.207548,300055.188028,300055.188087,3226.3998719032256,0.01802,293958.207548,30475.18062359894,88.34688799999999,66.27152695652174,20.030525307342778,0.3066102626141392,33,64,,False,False,Request timeout: 300.0s exceeded,425,21.16838264042747
280,2026-09-14T02:24:20.352+00:00,2026-09-14T02:29:13.712+00:00,2026-09-14T02:29:20.427+00:00,False,103,102.0,,102.0,293360.080304,300074.820528,300074.820559,2913.347772417476,0.05844,293360.080304,28899.147729383076,87.9457772,65.83078650980391,19.64662132127031,0.3399152245447477,33,64,,False,False,Request timeout: 300.0s exceeded,413,21.16838264042747
281,2026-09-14T02:24:24.839+00:00,2026-09-14T02:29:18.314+00:00,2026-09-14T02:29:24.848+00:00,False,93,92.0,,92.0,293474.678734,300008.794574,300008.794491,3225.901016032258,0.01713,293474.678734,30424.54854423262,91.27095560000002,71.02299826086956,20.3603580654258,0.30665767692122553,33,64,,False,False,Request timeout: 300.0s exceeded,265,21.16838264042747
282,2026-09-14T02:24:29.440+00:00,2026-09-14T02:29:23.066+00:00,2026-09-14T02:29:29.503+00:00,False,92,91.0,,91.0,293626.292027,300063.296571,300063.296548,3261.557571173913,0.07715000000000001,293626.292027,30605.288322529308,89.53836654999999,70.73631367032968,19.231905366002245,0.3032693469674918,33,64,,False,False,Request timeout: 300.0s exceeded,445,21.16838264042747
283,2026-09-14T02:24:33.431+00:00,2026-09-14T02:29:27.097+00:00,2026-09-14T02:29:33.506+00:00,False,101,100.0,,100.0,293665.87619700003,300074.68643700005,300074.686448,2971.036499485149,0.0,293665.87619700003,29214.538519715206,88.81987199999999,64.0881024,63.67269137334572,0.33325036905768707,33,64,,False,False,Request timeout: 300.0s exceeded,417,21.16838264042747
284,2026-09-14T02:24:37.214+00:00,2026-09-14T02:29:30.914+00:00,2026-09-14T02:29:37.267+00:00,False,103,102.0,,102.0,293699.543089,300052.78801699996,300052.788028,2913.1338643495146,0.0,293699.543089,28933.005363109572,88.87032800000001,62.286714980392155,62.468799925740605,0.3399401841059415,33,64,,False,False,Request timeout: 300.0s exceeded,453,21.16838264042747
285,2026-09-14T02:24:40.249+00:00,2026-09-14T02:29:34.246+00:00,2026-09-14T02:29:40.299+00:00,False,91,90.0,,90.0,293996.721404,300049.562108,300049.561887,3297.247932824176,0.03228,293996.721404,30812.18719448308,89.7748005,67.2537856,20.581078975964076,0.299950446078656,33,64,,False,False,Request timeout: 300.0s exceeded,437,21.16838264042747
286,2026-09-14T02:24:44.912+00:00,2026-09-14T02:29:38.689+00:00,2026-09-14T02:29:44.943+00:00,False,93,92.0,,92.0,293777.346901,300031.927893,300031.928007,3226.149763516129,0.0327,293777.346901,30456.249224036063,89.833376,67.984576,20.942546613379346,0.30663403273804196,33,64,,False,False,Request timeout: 300.0s exceeded,393,21.16838264042747
287,2026-09-14T02:24:48.325+00:00,2026-09-14T02:29:42.203+00:00,2026-09-14T02:29:48.374+00:00,False,99,98.0,,98.0,293878.38044,300049.09685599996,300049.096714,3030.7989567070704,0.01843,293878.38044,29529.567547148323,91.75371799999999,62.96649404081633,20.97717471320619,0.3266132143934841,33,64,,False,False,Request timeout: 300.0s exceeded,146,21.16838264042747
288,2026-09-14T02:24:51.628+00:00,2026-09-14T02:29:45.158+00:00,2026-09-14T02:29:51.668+00:00,False,104,103.0,,103.0,293529.51382,300039.810652,300039.81070699997,2884.998179875,0.03511,293529.51382,28776.74701048822,91.39397745000001,63.2067653592233,21.62189237465318,0.34328777829907425,33,64,,False,False,Request timeout: 300.0s exceeded,293,21.16838264042747
289,2026-09-14T02:24:56.341+00:00,2026-09-14T02:29:50.006+00:00,2026-09-14T02:29:56.421+00:00,False,92,91.0,,91.0,293665.228907,300080.00497099996,300080.00492499996,3261.739183967391,0.019870000000000002,293665.228907,30609.3737501737,88.9890471,70.49204465934066,20.037780118840715,0.3032524609855107,33,64,,False,False,Request timeout: 300.0s exceeded,448,21.16838264042747
290,2026-09-14T02:24:59.342+00:00,2026-09-14T02:29:53.106+00:00,2026-09-14T02:29:59.428+00:00,False,93,92.0,,92.0,293764.928068,300086.88698,300086.887083,3226.7407213225806,0.04329,293764.928068,30454.88543939079,89.12976640000001,68.71694469565217,20.84101385600257,0.3065778745811427,33,64,,False,False,Request timeout: 300.0s exceeded,446,21.16838264042747
291,2026-09-14T02:25:04.305+00:00,2026-09-14T02:29:58.420+00:00,2026-09-14T02:30:04.327+00:00,False,84,83.0,,83.0,294115.025722,300021.97433,300021.974183,3571.690168845238,0.02445,294115.025722,32082.821366420383,89.48495465,71.1680555180723,20.12791498848515,0.2766464029354953,33,64,,False,False,Request timeout: 300.0s exceeded,339,21.16838264042747
292,2026-09-14T02:25:07.915+00:00,2026-09-14T02:30:01.624+00:00,2026-09-14T02:30:07.944+00:00,False,93,92.0,,92.0,293709.36314200005,300029.39258200006,300029.39265000005,3226.1225016129038,0.019629999999999998,293709.36314200005,30449.12534323426,90.07960800000001,68.69597217391305,20.153392712898075,0.3066366238596299,33,64,,False,False,Request timeout: 300.0s exceeded,307,21.16838264042747
293,2026-09-14T02:25:12.148+00:00,2026-09-14T02:30:05.862+00:00,2026-09-14T02:30:12.158+00:00,False,93,92.0,,92.0,293714.459034,300010.111386,300010.111594,3225.9151784301075,0.05086,293714.459034,30449.681892469984,91.11960200000001,68.43100382608695,21.129027025367517,0.306656330931562,33,64,,False,False,Request timeout: 300.0s exceeded,328,21.16838264042747
294,2026-09-14T02:25:16.334+00:00,2026-09-14T02:30:10.158+00:00,2026-09-14T02:30:16.412+00:00,False,95,94.0,,94.0,293823.943606,300077.54719,300077.547194,3158.711023094737,0.039039000000000004,293823.943606,30138.881155986244,86.90927900000001,66.52769770212765,19.447069505811225,0.3132523605322662,33,64,,False,False,Request timeout: 300.0s exceeded,329,21.16838264042747
295,2026-09-14T02:25:19.399+00:00,2026-09-14T02:30:12.954+00:00,2026-09-14T02:30:19.446+00:00,False,100,99.0,,99.0,293554.659497,300046.90064899996,300046.900562,3000.4690056199997,0.02916,293554.659497,29348.91468014722,87.41544,65.57819345454546,19.707250765358225,0.32994841735029923,33,64,,False,False,Request timeout: 300.0s exceeded,383,21.16838264042747
296,2026-09-14T02:25:24.708+00:00,2026-09-14T02:30:18.121+00:00,2026-09-14T02:30:24.791+00:00,False,97,96.0,,96.0,293412.89429,300083.314514,300083.31443900004,3093.6424168969074,0.030420000000000003,293412.89429,29784.517478334168,89.715989,69.483544,20.17453164520332,0.31991115585842156,33,64,,False,False,Request timeout: 300.0s exceeded,434,21.16838264042747
297,2026-09-14T02:25:28.197+00:00,2026-09-14T02:30:21.803+00:00,2026-09-14T02:30:28.214+00:00,False,98,97.0,,97.0,293606.515794,300017.79131400003,300017.7915,3061.4060357142857,0.0,293606.515794,29652.13126027542,91.00802440000001,66.09562391752577,65.23727770195966,0.32331415938756564,33,64,,False,False,Request timeout: 300.0s exceeded,491,21.16838264042747
298,2026-09-14T02:25:32.556+00:00,2026-09-14T02:30:26.401+00:00,2026-09-14T02:30:32.574+00:00,False,101,100.0,,100.0,293845.508822,300018.87535,300018.87527,2970.4839135643565,0.0,293845.508822,29232.648601637833,91.991705,61.733665280000004,64.47222802834548,0.33331236204169046,33,64,,False,False,Request timeout: 300.0s exceeded,503,21.16838264042747
299,2026-09-14T02:25:36.273+00:00,2026-09-14T02:30:30.099+00:00,2026-09-14T02:30:36.314+00:00,False,91,90.0,,90.0,293825.78514600004,300041.35685800004,300041.35687500006,3297.1577678571434,0.03307,293825.78514600004,30794.078464729835,89.3919615,69.06190791111112,20.27311597565421,0.2999586488425131,33,64,,False,False,Request timeout: 300.0s exceeded,410,21.16838264042747
300,2026-09-14T02:25:41.425+00:00,2026-09-14T02:30:35.345+00:00,2026-09-14T02:30:41.479+00:00,False,93,92.0,,92.0,293920.489231,300054.10740700003,300054.107643,3226.3882542258066,0.02995,293920.489231,30471.228738183298,90.78490260000001,66.6697627826087,20.95699049912422,0.3066113668466106,33,64,,False,False,Request timeout: 300.0s exceeded,433,21.16838264042747
301,2026-09-14T02:25:46.368+00:00,2026-09-14T02:30:39.862+00:00,2026-09-14T02:30:46.447+00:00,False,100,99.0,,99.0,293494.573022,300079.820766,300079.82073000004,3000.7982073000003,0.02224,293494.573022,29342.812029587356,87.61336295,66.51765397979798,19.61932339695693,0.32991222051281965,33,64,,False,False,Request timeout: 300.0s exceeded,444,21.16838264042747
302,2026-09-14T02:25:51.077+00:00,2026-09-14T02:30:44.298+00:00,2026-09-14T02:30:51.702+00:00,False,110,109.0,,109.0,293221.398442,300625.252522,300625.252422,2732.9568402,0.02844,293221.398442,27951.094121282287,88.93115300000001,67.92526678899083,20.103385537798115,0.3625776580163481,33,64,,False,False,Request timeout: 300.0s exceeded,189,21.16838264042747
303,2026-09-14T02:25:54.207+00:00,2026-09-14T02:30:48.153+00:00,2026-09-14T02:30:54.276+00:00,False,93,92.0,,92.0,293945.97695700004,300068.87154900003,300068.871301,3226.5470032365597,0.01975,293945.97695700004,30473.883536227684,89.4257236,66.55320208695652,20.597075817630873,0.30659628079741275,33,64,,False,False,Request timeout: 300.0s exceeded,304,21.16838264042747
304,2026-09-14T02:25:57.656+00:00,2026-09-14T02:30:51.189+00:00,2026-09-14T02:30:57.692+00:00,False,99,98.0,,98.0,293533.250262,300036.412374,300036.41219400003,3030.6708302424245,0.031100000000000003,293533.250262,29494.539460820168,89.0839769,66.3587970612245,20.59315080073305,0.32662702244900027,33,64,,False,False,Request timeout: 300.0s exceeded,372,21.16838264042747
305,2026-09-14T02:26:02.631+00:00,2026-09-14T02:30:56.246+00:00,2026-09-14T02:31:02.655+00:00,False,95,94.0,,94.0,293614.679985,300023.710897,300023.710706,3158.1443232210527,0.02757,293614.679985,30117.24212190871,89.4833297,68.18117991489362,20.363771869762225,0.3133085705758462,33,64,,False,False,Request timeout: 300.0s exceeded,398,21.16838264042747
306,2026-09-14T02:26:08.019+00:00,2026-09-14T02:31:01.696+00:00,2026-09-14T02:31:08.031+00:00,False,95,94.0,,94.0,293676.734498,300012.082978,300012.082954,3158.021925831579,0.039450000000000006,293676.734498,30123.688940270018,88.04743640000001,67.39732425531915,19.970363089536296,0.31332071384235904,33,64,,False,False,Request timeout: 300.0s exceeded,396,21.16838264042747
307,2026-09-14T02:26:11.227+00:00,2026-09-14T02:31:04.819+00:00,2026-09-14T02:31:11.261+00:00,False,97,96.0,,96.0,293591.122024,300033.817192,300033.817193,3093.1321360103093,0.0343,293591.122024,29802.85519405539,88.9474004,67.111408,21.024575989765818,0.31996393239421717,33,64,,False,False,Request timeout: 300.0s exceeded,363,21.16838264042747
308,2026-09-14T02:26:14.979+00:00,2026-09-14T02:31:08.945+00:00,2026-09-14T02:31:15.035+00:00,False,93,92.0,,92.0,293965.907527,300056.401223,300056.40125,3226.4129166666667,0.018920000000000003,293965.907527,30475.986977330856,89.64345480000001,66.20101843478261,20.921070023576156,0.3066090229204148,33,64,,False,False,Request timeout: 300.0s exceeded,388,21.16838264042747
309,2026-09-14T02:26:19.932+00:00,2026-09-14T02:31:13.757+00:00,2026-09-14T02:31:19.972+00:00,False,96,95.0,,95.0,293824.42281099997,300039.44258699997,300039.44254099997,3125.410859802083,0.05037,293824.42281099997,29981.65929469227,87.85356974999999,65.4212608,20.220431398699535,0.3166250382979352,33,64,,False,False,Request timeout: 300.0s exceeded,436,21.16838264042747
310,2026-09-14T02:26:23.300+00:00,2026-09-14T02:31:16.920+00:00,2026-09-14T02:31:23.323+00:00,False,105,104.0,,104.0,293620.56927499996,300022.68204299995,300022.68189999997,2857.3588752380947,0.0,293620.56927499996,28648.503421614612,89.9193362,61.558776615384616,66.93629104176381,0.34664045828739865,33,64,,False,False,Request timeout: 300.0s exceeded,642,21.16838264042747
311,2026-09-14T02:26:26.607+00:00,2026-09-14T02:31:20.478+00:00,2026-09-14T02:31:26.624+00:00,False,93,92.0,,92.0,293870.743371,300016.578379,300016.578237,3225.9847122258066,0.0,293870.743371,30466.1295246751,91.9791998,66.8025544347826,70.24004339702896,0.3066497208156936,33,64,,False,False,Request timeout: 300.0s exceeded,393,21.16838264042747
312,2026-09-14T02:26:30.039+00:00,2026-09-14T02:31:23.793+00:00,2026-09-14T02:31:30.100+00:00,False,88,87.0,,87.0,293754.237751,300061.62488699995,300061.624836,3409.7911913181815,0.05219,293754.237751,31306.584224125778,89.39558405,72.49870271264368,18.91972191911553,0.28994044151018405,33,64,,False,False,Request timeout: 300.0s exceeded,412,21.16838264042747
313,2026-09-14T02:26:33.205+00:00,2026-09-14T02:31:27.146+00:00,2026-09-14T02:31:33.271+00:00,False,90,89.0,,89.0,293940.55712199997,300065.88217799994,300065.88204099995,3334.065356011111,0.03275,293940.55712199997,30976.806908534556,87.7106629,68.82387703370787,19.934046646409897,0.29660153081717217,33,64,,False,False,Request timeout: 300.0s exceeded,408,21.16838264042747
314,2026-09-14T02:26:38.158+00:00,2026-09-14T02:31:31.725+00:00,2026-09-14T02:31:38.176+00:00,False,93,92.0,,92.0,293566.595176,300017.61111199996,300017.61099799996,3225.9958171827952,0.04156,293566.595176,30434.17284926354,89.2611738,70.1197384347826,19.35701553709927,0.306648665253372,33,64,,False,False,Request timeout: 300.0s exceeded,436,21.16838264042747
315,2026-09-14T02:26:42.819+00:00,2026-09-14T02:31:36.634+00:00,2026-09-14T02:31:42.843+00:00,False,94,93.0,,93.0,293814.340868,300023.35514,300023.355101,3191.7378202234045,0.05025,293814.340868,30297.756016540457,88.91751264999999,66.76359432258064,20.39818243018042,0.3099758682340026,33,64,,False,False,Request timeout: 300.0s exceeded,448,21.16838264042747
316,2026-09-14T02:26:45.894+00:00,2026-09-14T02:31:39.652+00:00,2026-09-14T02:31:46.555+00:00,False,107,106.0,,106.0,293757.77362,300660.499764,300660.49979,2809.9112129906543,0.0174,293757.77362,28392.34776387797,88.574429,65.12005796226416,20.43929935364515,0.35255712035070613,33,64,,False,False,Request timeout: 300.0s exceeded,553,21.16838264042747
317,2026-09-14T02:26:49.344+00:00,2026-09-14T02:31:43.056+00:00,2026-09-14T02:31:49.399+00:00,False,99,98.0,,98.0,293712.0145,300054.962084,300054.961972,3030.8582017373737,0.05838,293712.0145,29512.670170286776,88.9223805,64.7239549387755,20.483087004370567,0.32660683002657703,33,64,,False,False,Request timeout: 300.0s exceeded,440,21.16838264042747
318,2026-09-14T02:26:52.643+00:00,2026-09-14T02:31:46.299+00:00,2026-09-14T02:31:52.648+00:00,False,97,96.0,,96.0,293656.259123,300004.927283,300004.927341,3092.8343024845362,0.02556,293656.259123,29809.567798486474,89.2484916,66.13196,20.277573160880376,0.3199947443177874,33,64,,False,False,Request timeout: 300.0s exceeded,500,21.16838264042747
319,2026-09-14T02:26:56.085+00:00,2026-09-14T02:31:49.745+00:00,2026-09-14T02:31:56.126+00:00,False,97,96.0,,96.0,293659.13102100004,300040.64014100004,300040.640229,3093.2024765876295,1.215577,293659.13102100004,29809.82471182629,87.94959200000001,66.47405333333333,20.352727648662125,0.31995665638790166,33,64,,False,False,Request timeout: 300.0s exceeded,395,21.16838264042747
320,2026-09-14T02:27:00.424+00:00,2026-09-14T02:31:54.161+00:00,2026-09-14T02:32:00.464+00:00,False,94,93.0,,93.0,293736.60126200004,300039.56139000005,300039.56137700006,3191.910227414894,0.038810000000000004,293736.60126200004,30289.633892067875,91.47236530000002,67.7737648172043,20.833345516591045,0.30995912528720143,33,64,,False,False,Request timeout: 300.0s exceeded,182,21.16838264042747
321,2026-09-14T02:27:03.490+00:00,2026-09-14T02:31:57.243+00:00,2026-09-14T02:32:05.668+00:00,False,87,86.0,,86.0,293753.473931,302178.544267,302178.544405,3473.3166023563217,0.039189,293753.473931,31484.465205063116,89.931273,97.9659341395349,286.6884678100304,0.2845999546678993,33,64,,False,False,Request timeout: 300.0s exceeded,460,21.16838264042747
322,2026-09-14T02:27:07.198+00:00,2026-09-14T02:32:00.807+00:00,2026-09-14T02:32:07.245+00:00,False,108,107.0,,107.0,293609.55411699996,300047.429317,300047.42916699994,2778.216936731481,0.01516,293609.55411699996,28247.92421341117,89.00014504999999,60.16705794392523,252.87080221757117,0.35661028739211276,33,64,,False,False,Request timeout: 300.0s exceeded,466,21.16838264042747
323,2026-09-14T02:27:12.074+00:00,2026-09-14T02:32:06.862+00:00,2026-09-14T02:32:12.102+00:00,False,79,78.0,,78.0,294787.604816,300027.951696,300027.951724,3797.8221737215185,0.03381,294787.604816,33158.6438929661,88.4726089,67.18393435897435,19.949107657074308,0.25997577745367084,33,64,,False,False,Request timeout: 300.0s exceeded,331,21.16838264042747
324,2026-09-14T02:27:16.851+00:00,2026-09-14T02:32:10.605+00:00,2026-09-14T02:32:16.936+00:00,False,98,97.0,,97.0,293754.801522,300085.702258,300085.702197,3062.099002010204,0.0,293754.801522,29667.19336852067,87.74427035,65.26701789690722,64.92482840284153,0.3232409917237704,33,64,,False,False,Request timeout: 300.0s exceeded,509,21.16838264042747
325,2026-09-14T02:27:22.024+00:00,2026-09-14T02:32:15.455+00:00,2026-09-14T02:32:22.060+00:00,False,100,99.0,,99.0,293430.98083099996,300035.31900699995,300035.31918899994,3000.35319189,0.0,293430.98083099996,29336.497931148257,88.45853894999999,66.71048662626262,64.82419190239351,0.3299611536656799,33,64,,False,False,Request timeout: 300.0s exceeded,414,21.16838264042747
326,2026-09-14T02:27:25.304+00:00,2026-09-14T02:32:18.990+00:00,2026-09-14T02:32:25.336+00:00,False,91,90.0,,90.0,293685.265137,300031.094001,300031.09399100003,3297.0449889120882,0.01803,293685.265137,30779.19610501,90.02664,70.50920959999999,20.04920042548214,0.2999689092214557,33,64,,False,False,Request timeout: 300.0s exceeded,404,21.16838264042747
327,2026-09-14T02:27:29.130+00:00,2026-09-14T02:32:23.092+00:00,2026-09-14T02:32:29.176+00:00,False,86,85.0,,85.0,293961.505458,300045.417138,300045.416994,3488.900197604651,0.020809,293961.505458,31690.97251266453,90.95201000000002,71.57543152941176,20.166802083377075,0.28329044586242064,33,64,,False,False,Request timeout: 300.0s exceeded,344,21.16838264042747
328,2026-09-14T02:27:34.088+00:00,2026-09-14T02:32:27.997+00:00,2026-09-14T02:32:34.148+00:00,False,90,89.0,,89.0,293909.198963,300060.38027499994,300060.38029,3334.0042254444443,0.04226,293909.198963,30973.471317934327,90.28084295000001,69.11439676404494,20.663269523689078,0.29660696929875613,33,64,,False,False,Request timeout: 300.0s exceeded,402,21.16838264042747
329,2026-09-14T02:27:39.205+00:00,2026-09-14T02:32:32.933+00:00,2026-09-14T02:32:39.213+00:00,False,92,91.0,,91.0,293728.590631,300008.084775,300008.084791,3260.9574433804346,0.04389,293728.590631,30616.13428456834,87.592093,69.00543015384616,19.456554195140743,0.30332515894779355,33,64,,False,False,Request timeout: 300.0s exceeded,369,21.16838264042747
330,2026-09-14T02:27:43.978+00:00,2026-09-14T02:32:37.576+00:00,2026-09-14T02:32:44.016+00:00,False,101,100.0,,100.0,293598.291065,300038.563193,300038.563256,2970.678844118812,0.01871,293598.291065,29207.72051042714,89.79307,64.40272128,20.26752025409988,0.3332904908482546,33,64,,False,False,Request timeout: 300.0s exceeded,288,21.16838264042747
331,2026-09-14T02:27:47.275+00:00,2026-09-14T02:32:41.562+00:00,2026-09-14T02:32:47.346+00:00,False,86,85.0,,85.0,294287.649257,300070.965481,300070.965374,3489.197271790698,0.019190000000000002,294287.649257,31726.523015745344,91.17982499999998,68.0390144,20.448600896912733,0.28326632622969333,33,64,,False,False,Request timeout: 300.0s exceeded,438,21.16838264042747
332,2026-09-14T02:27:51.735+00:00,2026-09-14T02:32:45.191+00:00,2026-09-14T02:32:51.743+00:00,False,94,93.0,,93.0,293455.51702100004,300007.24591700005,300007.24595600006,3191.566446340426,0.01614,293455.51702100004,30260.36534907891,88.92857765000001,70.44869780645162,19.268558628933345,0.30999251273327366,33,64,,False,False,Request timeout: 300.0s exceeded,468,21.16838264042747
333,2026-09-14T02:27:56.989+00:00,2026-09-14T02:32:50.503+00:00,2026-09-14T02:32:57.061+00:00,False,95,94.0,,94.0,293514.020717,300072.82442900003,300072.824548,3158.661311031579,0.01811,293514.020717,30106.750212102997,87.37139229999998,69.77450757446809,18.782872086226977,0.3132572907222435,33,64,,False,False,Request timeout: 300.0s exceeded,424,21.16838264042747
334,2026-09-14T02:28:01.939+00:00,2026-09-14T02:32:55.715+00:00,2026-09-14T02:33:01.984+00:00,False,94,93.0,,93.0,293776.154434,300045.641026,300045.641055,3191.974904840426,0.02105,293776.154434,30293.749947976954,87.13070765,67.41383432258066,19.83136488597185,0.30995284478050866,33,64,,False,False,Request timeout: 300.0s exceeded,235,21.16838264042747
335,2026-09-14T02:28:05.948+00:00,2026-09-14T02:32:59.375+00:00,2026-09-14T02:33:06.007+00:00,False,98,97.0,,97.0,293427.026258,300059.016786,300059.016674,3061.826700755102,0.02264,293427.026258,29633.706353132016,90.210798,68.37103637113402,20.691194079196944,0.32326973886333743,33,64,,False,False,Request timeout: 300.0s exceeded,214,21.16838264042747
336,2026-09-14T02:28:09.425+00:00,2026-09-14T02:33:03.077+00:00,2026-09-14T02:33:09.437+00:00,False,96,95.0,,95.0,293652.152199,300012.055943,300012.05601,3125.1255834375,0.019,293652.152199,29963.922044058647,88.570533,66.9463552,21.236503548958716,0.31665394146043674,33,64,,False,False,Request timeout: 300.0s exceeded,379,21.16838264042747
337,2026-09-14T02:28:14.636+00:00,2026-09-14T02:33:06.776+00:00,2026-09-14T02:33:14.757+00:00,False,133,132.0,,132.0,292139.680911,300120.634255,300120.634221,2256.5461219624062,0.0,292139.680911,25326.549509519697,89.298804,60.46176775757576,59.44240998642159,0.4398231408768952,33,64,,False,False,Request timeout: 300.0s exceeded,710,21.16838264042747
338,2026-09-14T02:28:18.191+00:00,2026-09-14T02:33:11.650+00:00,2026-09-14T02:33:18.225+00:00,False,112,111.0,,111.0,293459.23251999996,300034.22823199996,300034.228296,2678.8770383571427,0.027600000000000003,293459.23251999996,27723.701687094028,90.28794669999999,59.2341956036036,20.823969308376356,0.369957789996446,33,64,,False,False,Request timeout: 300.0s exceeded,426,21.16838264042747
339,2026-09-14T02:28:22.339+00:00,2026-09-14T02:33:16.037+00:00,2026-09-14T02:33:22.359+00:00,False,95,94.0,,94.0,293698.30712,300019.87128,300019.871421,3158.103909694737,0.018879999999999997,293698.30712,30125.917772235083,88.44219799999999,67.25068255319148,20.693998502530672,0.3133125802599671,33,64,,False,False,Request timeout: 300.0s exceeded,436,21.16838264042747
340,2026-09-14T02:28:25.893+00:00,2026-09-14T02:33:19.211+00:00,2026-09-14T02:33:25.933+00:00,False,97,96.0,,96.0,293318.309255,300040.77325499995,300040.77335,3093.2038489690717,0.03095,293318.309255,29774.85845915184,88.89772199999999,70.02566666666667,19.688874197259768,0.3199565144381597,33,64,,False,False,Request timeout: 300.0s exceeded,380,21.16838264042747
341,2026-09-14T02:28:28.926+00:00,2026-09-14T02:33:22.779+00:00,2026-09-14T02:33:28.943+00:00,False,91,90.0,,90.0,293853.156279,300016.597431,300016.597334,3296.8856849890108,0.05007,293853.156279,30797.008211653432,87.99793949999999,68.48267946666667,19.890674656844556,0.29998340348719826,33,64,,False,False,Request timeout: 300.0s exceeded,409,21.16838264042747
342,2026-09-14T02:28:33.300+00:00,2026-09-14T02:33:27.078+00:00,2026-09-14T02:33:33.317+00:00,False,97,96.0,,96.0,293778.403751,300016.797351,300016.797298,3092.956673175258,0.03424,293778.403751,29822.086326196426,87.92781,64.98326666666667,20.26323783215928,0.3199820838287474,33,64,,False,False,Request timeout: 300.0s exceeded,435,21.16838264042747
343,2026-09-14T02:28:36.948+00:00,2026-09-14T02:33:30.401+00:00,2026-09-14T02:33:36.971+00:00,False,101,100.0,,100.0,293452.430602,300022.587402,300022.587379,2970.5206671188116,0.02093,293452.430602,29193.07731138759,87.680655,65.701568,19.820292874660794,0.33330823810945304,33,64,,False,False,Request timeout: 300.0s exceeded,285,21.16838264042747
344,2026-09-14T02:28:41.982+00:00,2026-09-14T02:33:35.719+00:00,2026-09-14T02:33:42.027+00:00,False,100,99.0,,99.0,293737.372066,300045.402018,300045.401986,3000.4540198600002,0.0241,293737.372066,29367.372874706718,88.12327504999999,63.71747426262626,20.975978139048184,0.32995006533731486,33,64,,False,False,Request timeout: 300.0s exceeded,430,21.16838264042747
345,2026-09-14T02:28:45.398+00:00,2026-09-14T02:33:38.980+00:00,2026-09-14T02:33:45.468+00:00,False,98,97.0,,97.0,293581.928896,300069.96780800004,300069.96771500004,3061.9384460714286,0.05089,293581.928896,29649.50408101924,88.70391235,66.8869990927835,21.10963747309858,0.3232579411681262,33,64,,False,False,Request timeout: 300.0s exceeded,388,21.16838264042747
346,2026-09-14T02:28:49.062+00:00,2026-09-14T02:33:42.673+00:00,2026-09-14T02:33:49.121+00:00,False,97,96.0,,96.0,293610.816497,300058.412273,300058.412271,3093.385693515464,0.040740000000000005,293610.816497,29804.84871185525,87.12775400000001,67.162456,19.58680324862016,0.319937705704638,33,64,,False,False,Request timeout: 300.0s exceeded,599,21.16838264042747
347,2026-09-14T02:28:53.430+00:00,2026-09-14T02:33:46.861+00:00,2026-09-14T02:33:53.451+00:00,False,104,103.0,,103.0,293430.317072,300021.002,300021.001844,2884.817325423077,0.018920000000000003,293430.317072,28766.94199813553,86.4922265,63.987232310679616,19.58781355326748,0.3433092993936472,33,64,,False,False,Request timeout: 300.0s exceeded,485,21.16838264042747
348,2026-09-14T02:28:57.634+00:00,2026-09-14T02:33:51.240+00:00,2026-09-14T02:33:57.664+00:00,False,97,96.0,,96.0,293606.29992400005,300030.05032400007,300030.05026900006,3093.0933017422685,0.03866,293606.29992400005,29804.415504844375,88.27866379999999,66.91406666666667,19.833160705369526,0.3199679495314898,33,64,,False,False,Request timeout: 300.0s exceeded,442,21.16838264042747
349,2026-09-14T02:29:02.660+00:00,2026-09-14T02:33:56.057+00:00,2026-09-14T02:34:02.717+00:00,False,100,99.0,,99.0,293397.59190899995,300057.86941299995,300057.86943399993,3000.5786943399994,0.02146,293397.59190899995,29333.03843531814,87.18844595,67.27553034343435,20.071148702000944,0.3299363559225181,33,64,,False,False,Request timeout: 300.0s exceeded,329,21.16838264042747
350,2026-09-14T02:29:07.169+00:00,2026-09-14T02:34:00.772+00:00,2026-09-14T02:34:07.224+00:00,False,102,101.0,,101.0,293603.415128,300054.836568,300054.836495,2941.714083284314,0.0,293603.415128,29064.818888996775,86.52640595000001,63.8754598019802,65.68697682689995,0.33660513909800227,33,64,,False,False,Request timeout: 300.0s exceeded,470,21.16838264042747
351,2026-09-14T02:29:11.672+00:00,2026-09-14T02:34:05.198+00:00,2026-09-14T02:34:11.756+00:00,False,97,96.0,,96.0,293525.354806,300083.381814,300083.38170800003,3093.6431103917525,0.0,293525.354806,29796.125667411045,92.1668354,68.31278133333333,68.29002578931927,0.3199110841116269,33,64,,False,False,Request timeout: 300.0s exceeded,413,21.16838264042747
352,2026-09-14T02:29:16.143+00:00,2026-09-14T02:34:09.889+00:00,2026-09-14T02:34:16.214+00:00,False,89,88.0,,88.0,293745.311796,300070.712884,300070.712839,3371.5810431348314,0.03714,293745.311796,31129.327778356415,90.13599599999999,71.87955781818181,19.790845620870037,0.29326420814022813,33,64,,False,False,Request timeout: 300.0s exceeded,331,21.16838264042747
353,2026-09-14T02:29:20.201+00:00,2026-09-14T02:34:13.921+00:00,2026-09-14T02:34:20.256+00:00,False,93,92.0,,92.0,293719.96881199995,300055.00906799996,300055.00904499996,3226.3979467204294,0.02142,293719.96881199995,30450.207972973258,88.2710974,68.8591332173913,19.83330423761557,0.30661044548384964,33,64,,False,False,Request timeout: 300.0s exceeded,431,21.16838264042747
354,2026-09-14T02:29:23.190+00:00,2026-09-14T02:34:17.255+00:00,2026-09-14T02:34:23.213+00:00,False,87,86.0,,86.0,294065.509847,300023.527895,300023.527794,3448.546296482759,0.03233,294065.509847,31519.71046488179,89.1153836,69.27927962790697,19.669864897837183,0.28664418621894755,33,64,,False,False,Request timeout: 300.0s exceeded,446,21.16838264042747
355,2026-09-14T02:29:27.605+00:00,2026-09-14T02:34:21.505+00:00,2026-09-14T02:34:27.621+00:00,False,87,86.0,,86.0,293899.42138,300015.482052,300015.48189500003,3448.4538148850575,0.02607,293899.42138,31501.70686413688,89.3820723,71.11698455813954,19.62299351678933,0.2866518734692969,33,64,,False,False,Request timeout: 300.0s exceeded,288,21.16838264042747
356,2026-09-14T02:29:31.844+00:00,2026-09-14T02:34:25.840+00:00,2026-09-14T02:34:31.928+00:00,False,89,88.0,,88.0,293996.00609,300084.314058,300084.314033,3371.7338655393255,0.04453,293996.00609,31156.18707288291,89.30508979999999,69.18531781818182,20.058182141194557,0.2932509160841758,33,64,,False,False,Request timeout: 300.0s exceeded,426,21.16838264042747
357,2026-09-14T02:29:36.145+00:00,2026-09-14T02:34:29.843+00:00,2026-09-14T02:34:36.208+00:00,False,94,93.0,,93.0,293698.41549299995,300063.43078899995,300063.43075299996,3192.164156946808,0.048670000000000005,293698.41549299995,30285.625422389203,87.65396894999999,68.44102468817204,19.170043094720455,0.3099344687070388,33,64,,False,False,Request timeout: 300.0s exceeded,429,21.16838264042747
358,2026-09-14T02:29:40.243+00:00,2026-09-14T02:34:34.488+00:00,2026-09-14T02:34:40.307+00:00,False,82,81.0,,81.0,294244.476904,300063.98436,300063.98428499995,3659.31688152439,0.042159999999999996,294244.476904,32485.9381564659,88.63577920000002,71.84577106172839,19.143553073750905,0.269942426355376,33,64,,False,False,Request timeout: 300.0s exceeded,120,21.16838264042747
359,2026-09-14T02:29:44.386+00:00,2026-09-14T02:34:38.406+00:00,2026-09-14T02:34:44.472+00:00,False,89,88.0,,88.0,294020.536881,300086.48043299996,300086.48037099995,3371.75820641573,0.03385,294020.536881,31158.813937517978,86.9662544,68.93117672727273,19.528873163102613,0.29324879905626966,33,64,,False,False,Request timeout: 300.0s exceeded,433,21.16838264042747
360,2026-09-14T02:29:48.874+00:00,2026-09-14T02:34:42.927+00:00,2026-09-14T02:34:48.890+00:00,False,94,93.0,,93.0,294052.98650700005,300015.92333900003,300015.92329600005,3191.6587584680856,0.03265,294052.98650700005,30322.6430110903,87.96146730000001,64.11760034408601,19.89372103144147,0.3099835467563352,33,64,,False,False,Request timeout: 300.0s exceeded,413,21.16838264042747
361,2026-09-14T02:29:53.892+00:00,2026-09-14T02:34:47.900+00:00,2026-09-14T02:34:53.933+00:00,False,92,91.0,,91.0,294007.758857,300041.01274499996,300041.012666,3261.3153550652173,0.021079999999999998,294007.758857,30645.5220532707,88.30004355000001,66.29949327472528,20.023994950923115,0.3032918705595073,33,64,,True,False,Request timeout: 300.0s exceeded,351,21.16838264042747
362,2026-09-14T02:29:57.955+00:00,2026-09-14T02:34:51.677+00:00,2026-09-14T02:34:57.983+00:00,False,93,92.0,,92.0,293722.033083,300028.162747,300028.162707,3226.1092764193545,0.03589,293722.033083,30450.454945227335,89.83481599999999,68.54488765217391,20.341526934367007,0.30663788078314297,33,64,,True,False,Request timeout: 300.0s exceeded,367,21.16838264042747
363,2026-09-14T02:30:01.874+00:00,2026-09-14T02:34:55.331+00:00,2026-09-14T02:35:01.933+00:00,False,103,102.0,,102.0,293456.452727,300059.288439,300059.288396,2913.1969747184467,0.03458,293456.452727,28908.75213770497,88.63193509999999,64.7336834509804,20.308125108011698,0.3399328197125146,33,64,,True,False,Request timeout: 300.0s exceeded,447,21.16838264042747
364,2026-09-14T02:30:07.222+00:00,2026-09-14T02:35:00.954+00:00,2026-09-14T02:35:07.284+00:00,False,93,92.0,,92.0,293731.657082,300062.458234,300062.458245,3226.4780456451613,0.03364,293731.657082,30451.425180831684,89.90865459999999,68.813056,20.46435937811651,0.3066028337615462,33,64,,True,False,Request timeout: 300.0s exceeded,433,21.16838264042747
365,2026-09-14T02:30:12.323+00:00,2026-09-14T02:35:05.826+00:00,2026-09-14T02:35:12.374+00:00,False,100,99.0,,99.0,293503.07661,300051.020802,300051.020844,3000.51020844,0.02204,293503.07661,29343.70025518096,88.24357545000001,66.14085042424242,19.899453921065064,0.3299438866609585,33,64,,True,False,Request timeout: 300.0s exceeded,453,21.16838264042747
366,2026-09-14T02:30:16.239+00:00,2026-09-14T02:35:09.872+00:00,2026-09-14T02:35:16.255+00:00,False,96,95.0,,95.0,293633.80228899996,300015.91044899996,300015.91047199996,3125.165734083333,0.025929999999999998,293633.80228899996,29962.024982284936,88.80752749999999,67.18008589473685,20.691376198868475,0.31664987319447235,33,64,,True,False,Request timeout: 300.0s exceeded,436,21.16838264042747
367,2026-09-14T02:30:19.240+00:00,2026-09-14T02:35:12.675+00:00,2026-09-14T02:35:19.269+00:00,False,96,95.0,,95.0,293434.166822,300028.766246,300028.766128,3125.2996471666665,0.02391,293434.166822,29941.42089827496,89.32267174999998,69.41683604210526,19.806473294077747,0.3166363052071729,33,64,,True,False,Request timeout: 300.0s exceeded,447,21.16838264042747
368,2026-09-14T02:30:24.462+00:00,2026-09-14T02:35:17.823+00:00,2026-09-14T02:35:24.492+00:00,False,97,96.0,,96.0,293360.526413,300030.124109,300030.12417100003,3093.094063618557,0.02029,293360.526413,29779.20068338405,87.9864768,69.474976,19.39324630762317,0.319967870843274,33,64,,True,False,Request timeout: 300.0s exceeded,449,21.16838264042747
369,2026-09-14T02:30:29.738+00:00,2026-09-14T02:35:23.596+00:00,2026-09-14T02:35:29.821+00:00,False,92,91.0,,91.0,293857.63567,300082.84015,300082.840026,3261.7700002826086,0.040729999999999995,293857.63567,30629.65212195408,89.7349546,68.40884043956045,22.089173872818225,0.30324959585997174,33,64,,True,False,Request timeout: 300.0s exceeded,461,21.16838264042747
370,2026-09-14T02:30:34.304+00:00,2026-09-14T02:35:27.956+00:00,2026-09-14T02:35:34.366+00:00,False,95,94.0,,94.0,293652.2442,300061.368296,300061.368467,3158.5407207052635,0.0215,293652.2442,30121.095218802835,87.7283524,68.18217123404256,19.118823847248546,0.3132692506663247,33,64,,True,False,Request timeout: 300.0s exceeded,493,21.16838264042747
371,2026-09-14T02:30:38.278+00:00,2026-09-14T02:35:32.079+00:00,2026-09-14T02:35:38.306+00:00,False,93,92.0,,92.0,293800.96355,300027.667678,300027.667642,3226.1039531397846,0.019689,293800.96355,30458.72906084862,88.731189,67.68156660869566,20.169838475403242,0.306638386759509,33,64,,True,False,Request timeout: 300.0s exceeded,430,21.16838264042747
372,2026-09-14T02:30:42.339+00:00,2026-09-14T02:35:35.966+00:00,2026-09-14T02:35:42.360+00:00,False,96,95.0,,95.0,293626.238972,300020.555772,300020.555791,3125.214122822917,0.02221,293626.238972,29961.240029553857,89.40701175,67.30859789473683,20.824249762028465,0.3166449703939455,33,64,,True,False,Request timeout: 300.0s exceeded,330,21.16838264042747
373,2026-09-14T02:30:45.391+00:00,2026-09-14T02:35:39.179+00:00,2026-09-14T02:35:45.397+00:00,False,92,91.0,,91.0,293787.87529500003,300005.57820700004,300005.57828600006,3260.93019876087,0.021,293787.87529500003,30622.38663929573,89.54417455,68.32640562637363,20.554469263954132,0.30332769325112735,33,64,,True,False,Request timeout: 300.0s exceeded,435,21.16838264042747
374,2026-09-14T02:30:49.942+00:00,2026-09-14T02:35:43.486+00:00,2026-09-14T02:35:49.968+00:00,False,94,93.0,,93.0,293543.837524,300025.649492,300025.649429,3191.762227968085,0.03594,293543.837524,30269.553070023077,89.3894973,69.69690288172042,20.224077299087195,0.30997349779082733,33,64,,True,False,Request timeout: 300.0s exceeded,471,21.16838264042747
375,2026-09-14T02:30:53.131+00:00,2026-09-14T02:35:46.525+00:00,2026-09-14T02:35:53.179+00:00,False,98,97.0,,97.0,293394.236093,300047.835837,300047.83602499997,3061.7126125,0.08748900000000001,293394.236093,29630.370978203886,90.07207335,68.59381179381444,19.857095851604456,0.3232817851507349,33,64,,True,False,Request timeout: 300.0s exceeded,483,21.16838264042747
376,2026-09-14T02:30:58.431+00:00,2026-09-14T02:35:51.817+00:00,2026-09-14T02:35:58.440+00:00,False,99,98.0,,98.0,293385.661648,300008.708048,300008.707905,3030.390988939394,0.03657,293385.661648,29479.582450012836,87.8891329,67.58210612244898,19.319581493548363,0.32665718484518275,33,64,,True,False,Request timeout: 300.0s exceeded,417,21.16838264042747
377,2026-09-14T02:31:03.147+00:00,2026-09-14T02:35:57.161+00:00,2026-09-14T02:36:03.227+00:00,False,91,90.0,,90.0,294014.867598,300080.278158,300080.278131,3297.5854739670326,0.019389,294014.867598,30814.074690182162,88.912233,67.39345066666667,20.4279143377322,0.29991974331819526,33,64,,True,False,Request timeout: 300.0s exceeded,417,21.16838264042747
378,2026-09-14T02:31:07.935+00:00,2026-09-14T02:36:01.638+00:00,2026-09-14T02:36:07.955+00:00,False,92,91.0,,91.0,293703.43463,300020.084614,300020.084485,3261.0878748369564,0.019870000000000002,293703.43463,30613.469453233534,88.75889649999999,69.41373608791208,20.13087720914139,0.3033130269164441,33,64,,True,False,Request timeout: 300.0s exceeded,267,21.16838264042747
379,2026-09-14T02:31:12.195+00:00,2026-09-14T02:36:06.170+00:00,2026-09-14T02:36:12.280+00:00,False,89,88.0,,88.0,293975.177223,300084.844551,300084.844452,3371.7398253033707,0.036469999999999995,293975.177223,31153.952767733168,87.59975839999998,69.4280378181818,18.889971980455865,0.2932503976722631,33,64,,True,False,Request timeout: 300.0s exceeded,447,21.16838264042747
380,2026-09-14T02:31:16.894+00:00,2026-09-14T02:36:11.022+00:00,2026-09-14T02:36:16.938+00:00,False,86,85.0,,85.0,294128.609315,300044.65667500003,300044.65655300004,3488.891355267442,0.03418,294128.609315,31709.20385019169,87.30886625,69.60055717647059,18.701848199223324,0.28329116386188347,33,64,,True,False,Request timeout: 300.0s exceeded,194,21.16838264042747
381,2026-09-14T02:31:21.526+00:00,2026-09-14T02:36:15.352+00:00,2026-09-14T02:36:21.753+00:00,False,94,93.0,,93.0,293825.663579,300226.668123,300226.66826299997,3193.9007262021273,0.02172,293825.663579,30298.710082407255,88.59927499999999,68.82800584946236,19.072212672929755,0.30976595310946453,33,64,,True,False,Request timeout: 300.0s exceeded,443,21.16838264042747
382,2026-09-14T02:31:25.071+00:00,2026-09-14T02:36:18.974+00:00,2026-09-14T02:36:25.108+00:00,False,93,92.0,,92.0,293902.42751,300036.829558,300036.829497,3226.2024677096774,0.02792,293902.42751,30469.35460816042,88.92506859999999,66.67828313043478,20.460071885879803,0.3066290232953402,33,64,,True,False,Request timeout: 300.0s exceeded,395,21.16838264042747
383,2026-09-14T02:31:28.567+00:00,2026-09-14T02:36:22.928+00:00,2026-09-14T02:36:28.612+00:00,False,82,81.0,,81.0,294361.428226,300044.918274,300044.918315,3659.084369695122,0.03438,294361.428226,32499.038996427305,89.75208409999999,70.16654380246914,19.635335906673152,0.26995957960544786,33,64,,True,False,Request timeout: 300.0s exceeded,366,21.16838264042747
384,2026-09-14T02:31:33.689+00:00,2026-09-14T02:36:27.625+00:00,2026-09-14T02:36:33.770+00:00,False,87,86.0,,86.0,293936.709189,300081.258309,300081.258517,3449.2098680114946,0.027030000000000002,293936.709189,31505.66834178565,88.0386999,71.44824558139534,18.487181388513058,0.28658904086387155,33,64,,True,False,Request timeout: 300.0s exceeded,306,21.16838264042747
385,2026-09-14T02:31:38.479+00:00,2026-09-14T02:36:32.220+00:00,2026-09-14T02:36:38.532+00:00,False,92,91.0,,91.0,293740.72129799996,300052.67368199996,300052.67347299994,3261.442102967391,0.019280000000000002,293740.72129799996,30617.36228359194,87.92112864999999,69.3621141098901,20.200389477325096,0.3032800837377076,33,64,,True,False,Request timeout: 300.0s exceeded,402,21.16838264042747
386,2026-09-14T02:31:42.847+00:00,2026-09-14T02:36:36.532+00:00,2026-09-14T02:36:42.880+00:00,False,95,94.0,,94.0,293684.73686299997,300032.92143899994,300032.92154899996,3158.2412794631578,0.02587,293684.73686299997,30124.496704655998,89.5336451,67.5338784680851,21.08223653062313,0.31329895249215595,33,64,,True,False,Request timeout: 300.0s exceeded,354,21.16838264042747
387,2026-09-14T02:31:46.687+00:00,2026-09-14T02:36:40.356+00:00,2026-09-14T02:36:46.774+00:00,False,93,92.0,,92.0,293668.4526,300086.700536,300086.70050800004,3226.738715139785,0.02117,293668.4526,30444.772901104152,90.40037499999998,69.76356452173913,20.883276918187505,0.306578065058112,33,64,,True,False,Request timeout: 300.0s exceeded,205,21.16838264042747
388,2026-09-14T02:31:49.917+00:00,2026-09-14T02:36:43.529+00:00,2026-09-14T02:36:49.941+00:00,False,94,93.0,,93.0,293612.541211,300024.714011,300024.714063,3191.7522772659577,0.05017,293612.541211,30276.717118846944,89.4353155,68.94809462365592,21.07282234249995,0.3099744642922659,33,64,,True,False,Request timeout: 300.0s exceeded,395,21.16838264042747
389,2026-09-14T02:31:54.147+00:00,2026-09-14T02:36:48.115+00:00,2026-09-14T02:36:54.176+00:00,False,90,89.0,,89.0,293967.764987,300029.415163,300029.415208,3333.6601689777776,0.0221,293967.764987,30979.750633866362,88.13990095000001,68.10842894382023,20.477532811609738,0.2966375811906578,33,64,,True,False,Request timeout: 300.0s exceeded,436,21.16838264042747
390,2026-09-14T02:31:57.416+00:00,2026-09-14T02:36:51.300+00:00,2026-09-14T02:36:57.428+00:00,False,88,87.0,,87.0,293884.501426,300012.244402,300012.244358,3409.230049522727,0.02442,293884.501426,31320.690889436268,88.3974085,70.43382731034482,19.573292096829803,0.28998816422780654,33,64,,True,False,Request timeout: 300.0s exceeded,391,21.16838264042747
391,2026-09-14T02:32:01.842+00:00,2026-09-14T02:36:55.526+00:00,2026-09-14T02:37:01.885+00:00,False,91,90.0,,90.0,293683.692215,300042.739383,300042.739298,3297.172959318681,0.03541,293683.692215,30779.016270615826,89.46857650000001,70.65607964444445,20.734049019599766,0.2999572667049822,33,64,,True,False,Request timeout: 300.0s exceeded,389,21.16838264042747
392,2026-09-14T02:32:06.686+00:00,2026-09-14T02:37:00.466+00:00,2026-09-14T02:37:06.733+00:00,False,102,101.0,,101.0,293779.20661,300046.61141,300046.611355,2941.6334446568626,0.04729,293779.20661,29082.338737395203,89.42161014999999,62.05351287128713,20.264762454954344,0.3366143664325144,33,64,,True,False,Request timeout: 300.0s exceeded,148,21.16838264042747
393,2026-09-14T02:32:11.379+00:00,2026-09-14T02:37:06.938+00:00,2026-09-14T02:37:11.409+00:00,False,67,66.0,,66.0,295559.424337,300029.925457,300029.925454,4478.0585888656715,0.0,295559.424337,36100.070061158876,89.26859769999999,67.73486545454546,32.656050231189646,0.21997805685372895,33,64,,True,False,Request timeout: 300.0s exceeded,322,21.16838264042747
394,2026-09-14T02:32:16.078+00:00,2026-09-14T02:37:09.903+00:00,2026-09-14T02:37:16.564+00:00,False,101,100.0,,100.0,293825.34158099996,300486.24730899994,300486.24728599994,2975.1113592673264,0.039130000000000005,293825.34158099996,29230.093289185752,88.572113,66.60905728,20.197299812491845,0.33279393281905073,33,64,,True,False,Request timeout: 300.0s exceeded,530,21.16838264042747
395,2026-09-14T02:32:19.477+00:00,2026-09-14T02:37:13.252+00:00,2026-09-14T02:37:19.487+00:00,False,98,97.0,,97.0,293774.68305,300010.167466,300010.167363,3061.328238397959,0.02077,293774.68305,29669.2382079392,89.21560565,64.28334449484537,21.128245411532994,0.32332237543580233,33,64,,True,False,Request timeout: 300.0s exceeded,447,21.16838264042747
396,2026-09-14T02:32:24.030+00:00,2026-09-14T02:37:17.937+00:00,2026-09-14T02:37:24.094+00:00,False,95,94.0,,94.0,293906.424167,300063.998823,300063.998754,3158.568407936842,0.01959,293906.424167,30147.448820753387,88.03462569999999,65.50611336170213,20.256163887604675,0.31326650437478226,33,64,,True,False,Request timeout: 300.0s exceeded,363,21.16838264042747
397,2026-09-14T02:32:29.358+00:00,2026-09-14T02:37:22.611+00:00,2026-09-14T02:37:29.377+00:00,False,100,99.0,,99.0,293253.85515899997,300019.83583099995,300019.835874,3000.1983587399995,0.03572,293253.85515899997,29318.557784659708,88.10820685,68.3432391111111,19.761635892833876,0.329978182028492,33,64,,True,False,Request timeout: 300.0s exceeded,453,21.16838264042747
398,2026-09-14T02:32:32.741+00:00,2026-09-14T02:37:26.485+00:00,2026-09-14T02:37:32.795+00:00,False,91,90.0,,90.0,293743.991107,300054.390595,300054.390723,3297.300996956044,0.03587,293743.991107,30785.3929631894,88.57374850000001,70.11554986666665,19.157487879774354,0.2999456192643352,33,64,,True,False,Request timeout: 300.0s exceeded,206,21.16838264042747
399,2026-09-14T02:32:35.857+00:00,2026-09-14T02:37:29.550+00:00,2026-09-14T02:37:35.883+00:00,False,94,93.0,,93.0,293692.797306,300026.477946,300026.477994,3191.771042489362,0.02377,293692.797306,30285.080790524924,86.817981,68.1040929032258,19.31010161399344,0.3099726418704236,33,64,,True,False,Request timeout: 300.0s exceeded,490,21.16838264042747
400,2026-09-14T02:32:38.790+00:00,2026-09-14T02:37:32.793+00:00,2026-09-14T02:37:38.875+00:00,False,91,90.0,,90.0,294002.431743,300084.29772699997,300084.297685,3297.62964489011,0.03562,294002.431743,30812.751260333866,88.4398935,67.57628871111112,19.44051566812901,0.29991572595336863,33,64,,True,False,Request timeout: 300.0s exceeded,174,21.16838264042747
401,2026-09-14T02:32:42.334+00:00,2026-09-14T02:37:36.355+00:00,2026-09-14T02:37:42.366+00:00,False,89,88.0,,88.0,294021.423235,300032.737411,300032.737633,3371.154355426966,0.03762,294021.423235,31158.974272443855,88.8428786,68.31038836363636,20.44122951653626,0.29330132691304667,33,64,,True,False,Request timeout: 300.0s exceeded,403,21.16838264042747
402,2026-09-14T02:32:46.028+00:00,2026-09-14T02:37:39.878+00:00,2026-09-14T02:37:46.035+00:00,False,87,86.0,,86.0,293850.835427,300007.316451,300007.316393,3448.35995854023,0.038149999999999996,293850.835427,31496.446986041155,89.04212670000001,71.58698865116278,18.745381101563066,0.2866596755617669,33,64,,True,False,Request timeout: 300.0s exceeded,166,21.16838264042747
403,2026-09-14T02:32:50.731+00:00,2026-09-14T02:37:44.320+00:00,2026-09-14T02:37:50.760+00:00,False,96,95.0,,95.0,293588.964728,300029.07813599997,300029.078165,3125.3028975520833,0.02656,293588.964728,29957.385461849466,87.67175475,67.79066745263158,19.188330053251203,0.3166359760534195,33,64,,True,False,Request timeout: 300.0s exceeded,434,21.16838264042747
404,2026-09-14T02:32:54.874+00:00,2026-09-14T02:37:48.592+00:00,2026-09-14T02:37:54.894+00:00,False,92,91.0,,91.0,293718.65869099996,300020.74406699993,300020.74410999997,3261.0950446739125,0.02072,293718.65869099996,30615.07319211069,89.62727175,69.25368545054945,19.87539620186715,0.30331236022692515,33,64,,True,False,Request timeout: 300.0s exceeded,320,21.16838264042747
405,2026-09-14T02:32:58.722+00:00,2026-09-14T02:37:52.259+00:00,2026-09-14T02:37:58.791+00:00,False,93,92.0,,92.0,293537.729061,300069.80893299996,300069.808934,3226.557085311828,0.022109999999999998,293537.729061,30431.08850434463,88.6411384,71.00086817391305,19.82836394923322,0.306595323025456,33,64,,True,False,Request timeout: 300.0s exceeded,395,21.16838264042747
406,2026-09-14T02:33:03.968+00:00,2026-09-14T02:37:57.590+00:00,2026-09-14T02:38:04.028+00:00,False,92,91.0,,91.0,293621.52112,300059.55785599997,300059.557882,3261.5169335,0.023870000000000002,293621.52112,30604.790223136795,90.32575209999999,70.74765643956044,19.996398848348807,0.30327312567617437,33,64,,True,False,Request timeout: 300.0s exceeded,444,21.16838264042747
407,2026-09-14T02:33:07.416+00:00,2026-09-14T02:38:01.025+00:00,2026-09-14T02:38:07.467+00:00,False,95,94.0,,94.0,293608.826866,300050.340594,300050.340589,3158.4246377789477,0.08073999999999999,293608.826866,30116.606184545228,89.86591100000001,68.52674178723404,20.414453980301296,0.3132807642008045,33,64,,True,False,Request timeout: 300.0s exceeded,447,21.16838264042747
408,2026-09-14T02:33:12.584+00:00,2026-09-14T02:38:06.339+00:00,2026-09-14T02:38:12.770+00:00,False,52,51.0,,51.0,293754.688573,300185.60108500003,300185.60109,5772.800020961539,0.053969,293754.688573,40721.029735995246,89.29554365,126.09632376470589,414.7016172843922,0.16989489107959888,33,64,,True,False,Request timeout: 300.0s exceeded,249,21.16838264042747
409,2026-09-14T02:33:16.662+00:00,2026-09-14T02:38:12.738+00:00,2026-09-14T02:38:16.681+00:00,False,109,108.0,,108.0,296076.020452,300018.901732,300018.90173100005,2752.4669883577985,0.01489,296076.020452,28355.467712618993,87.5780148,36.50816,37.88850693233184,0.35997731935061184,33,64,,True,False,Request timeout: 300.0s exceeded,458,21.16838264042747
410,2026-09-14T02:33:21.691+00:00,2026-09-14T02:38:14.733+00:00,2026-09-14T02:38:21.700+00:00,False,105,104.0,,104.0,293042.330773,300009.698709,300009.698868,2857.235227314286,0.01873,293042.330773,28591.471842491574,88.5311332,66.99392246153846,19.49468883185234,0.3466554596319125,33,64,,True,False,Request timeout: 300.0s exceeded,434,21.16838264042747
411,2026-09-14T02:33:26.329+00:00,2026-09-14T02:38:20.519+00:00,2026-09-14T02:38:26.386+00:00,False,88,87.0,,87.0,294189.797389,300057.310733,300057.310835,3409.7421685795457,0.02048,294189.797389,31353.554776013258,88.49771985,67.44268211494254,20.17486851201794,0.28994461020619894,33,64,,True,False,Request timeout: 300.0s exceeded,428,21.16838264042747
412,2026-09-14T02:33:31.717+00:00,2026-09-14T02:38:25.278+00:00,2026-09-14T02:38:31.727+00:00,False,101,100.0,,100.0,293561.346862,300010.42052600003,300010.420582,2970.4002037821783,0.02441,293561.346862,29204.035403921767,87.48153599999999,64.49073664,19.87964225200045,0.3333217553732725,33,64,,True,False,Request timeout: 300.0s exceeded,449,21.16838264042747
413,2026-09-14T02:33:35.279+00:00,2026-09-14T02:38:28.952+00:00,2026-09-14T02:38:35.355+00:00,False,96,95.0,,95.0,293673.109544,300075.408936,300075.408821,3125.7855085520832,0.02225,293673.109544,29966.015266008628,89.67399075000002,67.39262517894737,20.977455812143877,0.31658708834838767,33,64,,True,False,Request timeout: 300.0s exceeded,456,21.16838264042747
414,2026-09-14T02:33:39.258+00:00,2026-09-14T02:38:33.168+00:00,2026-09-14T02:38:39.264+00:00,False,87,86.0,,86.0,293910.106223,300005.680239,300005.68021699996,3448.34115191954,0.03368,293910.106223,31502.878009016666,89.65840100000001,70.87876762790698,19.736867451576483,0.2866612389855017,33,64,,True,False,Request timeout: 300.0s exceeded,357,21.16838264042747
415,2026-09-14T02:33:42.583+00:00,2026-09-14T02:38:36.222+00:00,2026-09-14T02:38:42.597+00:00,False,95,94.0,,94.0,293638.987654,300014.32871,300014.328777,3158.0455660736843,0.01964,293638.987654,30119.772932657954,88.2754364,67.82277719148937,20.55137453768411,0.31331836850653333,33,64,,True,False,Request timeout: 300.0s exceeded,425,21.16838264042747
416,2026-09-14T02:33:47.816+00:00,2026-09-14T02:38:41.451+00:00,2026-09-14T02:38:47.881+00:00,False,100,99.0,,99.0,293634.67518099997,300064.62974099995,300064.62961999996,3000.6462961999996,0.02511,293634.67518099997,29356.97967509545,86.89542845,64.94903595959596,20.464080338289666,0.32992892259728046,33,64,,True,False,Request timeout: 300.0s exceeded,132,21.16838264042747
417,2026-09-14T02:33:52.455+00:00,2026-09-14T02:38:45.929+00:00,2026-09-14T02:38:52.475+00:00,False,99,98.0,,98.0,293474.102148,300020.34112399997,300020.341141,3030.508496373737,0.018789999999999998,293474.102148,29488.550137474518,87.8364269,66.79835689795918,19.799482787972774,0.3266445189444541,33,64,,True,False,Request timeout: 300.0s exceeded,418,21.16838264042747
418,2026-09-14T02:33:56.739+00:00,2026-09-14T02:38:50.223+00:00,2026-09-14T02:38:56.770+00:00,False,98,97.0,,97.0,293484.41680400004,300031.248932,300031.24892700004,3061.5433563979595,0.02076,293484.41680400004,29639.59185291249,89.18894219999999,67.49311472164948,19.950217625770364,0.3232996574366304,33,64,,True,False,Request timeout: 300.0s exceeded,390,21.16838264042747
419,2026-09-14T02:34:01.048+00:00,2026-09-14T02:38:54.670+00:00,2026-09-14T02:39:01.075+00:00,False,96,95.0,,95.0,293622.110473,300026.55847299995,300026.55830499995,3125.2766490104163,0.03493,293622.110473,29960.806912899814,87.40613825,67.41524210526316,19.519099205771543,0.31663863520452057,33,64,,True,False,Request timeout: 300.0s exceeded,217,21.16838264042747
420,2026-09-14T02:34:04.114+00:00,2026-09-14T02:38:58.035+00:00,2026-09-14T02:39:04.151+00:00,False,89,88.0,,88.0,293920.269471,300036.400031,300036.400133,3371.19550711236,0.05104,293920.269471,31148.125271489553,88.3370334,69.50148363636364,19.703468548440654,0.2932977465097827,33,64,,True,False,Request timeout: 300.0s exceeded,357,21.16838264042747
421,2026-09-14T02:34:09.314+00:00,2026-09-14T02:39:02.903+00:00,2026-09-14T02:39:09.323+00:00,False,99,98.0,,98.0,293589.57692799997,300009.166048,300009.16614899994,3030.395617666666,0.03644,293589.57692799997,29500.28615961576,89.8555258,65.50601142857143,20.519752146851282,0.3266566861637837,33,64,,True,False,Request timeout: 300.0s exceeded,454,21.16838264042747
422,2026-09-14T02:34:14.710+00:00,2026-09-14T02:39:08.413+00:00,2026-09-14T02:39:14.747+00:00,False,94,93.0,,93.0,293703.151365,300036.254213,300036.254219,3191.8750448829787,0.02469,293703.151365,30286.1499173794,90.94615750000001,68.09788008602152,20.158020846088842,0.3099625418399537,33,64,,True,False,Request timeout: 300.0s exceeded,467,21.16838264042747
423,2026-09-14T02:34:18.233+00:00,2026-09-14T02:39:11.865+00:00,2026-09-14T02:39:18.278+00:00,False,95,94.0,,94.0,293632.021384,300044.75764,300044.75763,3158.365869789474,0.02631,293632.021384,30119.017023603134,87.35040670000001,68.22059846808511,19.996545528591696,0.31328659343811355,33,64,,True,False,Request timeout: 300.0s exceeded,442,21.16838264042747
424,2026-09-14T02:34:22.550+00:00,2026-09-14T02:39:16.374+00:00,2026-09-14T02:39:22.558+00:00,False,90,89.0,,89.0,293824.592957,300008.32082900003,300008.320857,3333.4257873,0.04126,293824.592957,30964.513864097906,88.19391595,69.4800884494382,19.649655967597205,0.2966584385195389,33,64,,True,False,Request timeout: 300.0s exceeded,399,21.16838264042747
425,2026-09-14T02:34:26.114+00:00,2026-09-14T02:39:19.855+00:00,2026-09-14T02:39:26.164+00:00,False,95,94.0,,94.0,293741.013652,300049.595284,300049.595238,3158.4167919789475,0.09292,293741.013652,30130.313103385226,88.3347401,67.11257055319149,20.042453302654213,0.3132815423764463,33,64,,True,False,Request timeout: 300.0s exceeded,426,21.16838264042747
426,2026-09-14T02:34:30.897+00:00,2026-09-14T02:39:24.769+00:00,2026-09-14T02:39:30.952+00:00,False,93,92.0,,92.0,293871.573834,300055.421002,300055.42094399995,3226.4023757419354,0.02459,293871.573834,30466.098839183007,87.4190248,67.21573008695651,19.438140093006915,0.3066100245507205,33,64,,True,False,Request timeout: 300.0s exceeded,490,21.16838264042747
427,2026-09-14T02:34:35.968+00:00,2026-09-14T02:39:29.451+00:00,2026-09-14T02:39:35.988+00:00,False,112,111.0,,111.0,293483.70013099996,300020.440739,300020.440686,2678.753934696428,0.02375,293483.70013099996,27726.045729223435,88.16233905000001,58.88955502702703,20.148333049043444,0.36997479147283646,33,64,,True,False,Request timeout: 300.0s exceeded,540,21.16838264042747
428,2026-09-14T02:34:40.473+00:00,2026-09-14T02:39:34.060+00:00,2026-09-14T02:39:40.735+00:00,False,154,153.0,,153.0,293586.583312,300262.161936,300262.16209399997,1949.754299311688,0.01815,293586.583312,23654.41642574302,169.6867857,43.631232836601306,49.40386456187757,0.5095547138324126,33,64,,True,False,Request timeout: 300.0s exceeded,560,21.16838264042747
0,2026-09-14T02:04:40.921+00:00,2026-09-14T02:04:41.144+00:00,2026-09-14T02:04:50.574+00:00,True,185,185.0,,185.0,223.61324900000002,9653.470273,9653.470467,52.18092144324324,0.02461,223.61324900000002,22.110724193783838,88.0055122,51.24922295652174,18.16829587620711,19.164092784066526,34,64,,False,True,,944,21.16838264042747
1,2026-09-14T02:04:45.886+00:00,2026-09-14T02:04:46.082+00:00,2026-09-14T02:05:02.404+00:00,True,257,257.0,,257.0,195.694028,16518.129100000002,16518.129221,64.2728763463035,40.445294000000004,195.694028,22.980375952352677,95.38028200000001,63.759512,21.49820353855146,15.558662754367258,34,64,,False,True,,1325,21.16838264042747
2,2026-09-14T02:04:50.042+00:00,2026-09-14T02:04:54.736+00:00,2026-09-14T02:05:03.188+00:00,True,129,129.0,,129.0,4693.26778,13145.129796,13145.129719,101.90023037984496,41.537543,4693.26778,407.9745352237948,96.1694954,66.030172,21.623796322741256,9.81352044460254,34,64,,False,True,,593,21.16838264042747
3,2026-09-14T02:04:54.406+00:00,2026-09-14T02:05:03.051+00:00,2026-09-14T02:05:10.850+00:00,True,120,120.0,,120.0,8645.390831,16443.551471,16443.551537,137.02959614166667,40.347055,8645.390831,783.5206526069833,94.5462045,65.53076168067227,21.41204654470757,7.297693579859139,34,64,,False,True,,639,21.16838264042747
4,2026-09-14T02:04:59.415+00:00,2026-09-14T02:05:11.304+00:00,2026-09-14T02:05:18.439+00:00,True,105,105.0,,105.0,11889.768263,19024.770375,19024.770328,181.18828883809525,21.403285,11889.768263,1153.851008880847,96.11946,68.60578953846154,22.828507403256047,5.519120490304473,34,64,,False,True,,429,21.16838264042747
5,2026-09-14T02:05:04.314+00:00,2026-09-14T02:05:18.930+00:00,2026-09-14T02:05:26.743+00:00,True,121,121.0,,121.0,14616.069398,22428.569622,22428.569573,185.3600791157025,39.364736,14616.069398,1322.9932858792338,95.217399,65.10416853333334,21.808675184078222,5.394904893146289,34,64,,False,True,,487,21.16838264042747
6,2026-09-14T02:05:10.114+00:00,2026-09-14T02:05:29.689+00:00,2026-09-14T02:05:39.035+00:00,True,142,142.0,,142.0,19574.952222,28921.324062,28921.324073,203.6712962887324,0.01667,19574.952222,1637.408177252877,97.25229250000001,66.28632510638298,30.241095594346,4.909872027144675,34,64,,False,True,,715,21.16838264042747
7,2026-09-14T02:05:14.119+00:00,2026-09-14T02:05:36.443+00:00,2026-09-14T02:05:50.899+00:00,True,226,226.0,,226.0,22324.151704999997,36779.531161,36779.531186,162.7412884336283,0.01858,22324.151704999997,1480.9561756081619,96.23108925000001,64.24613091555555,27.232077261264443,6.144722155665871,34,64,,False,True,,1129,21.16838264042747
8,2026-09-14T02:05:19.304+00:00,2026-09-14T02:05:45.333+00:00,2026-09-14T02:05:54.233+00:00,True,137,137.0,,137.0,26028.593449,34929.375785,34929.375954,254.95894856934308,37.611129999999996,26028.593449,2218.2881241497903,96.2967306,65.44692894117648,21.849761368913345,3.9222000657347276,34,64,,False,True,,604,21.16838264042747
9,2026-09-14T02:05:23.444+00:00,2026-09-14T02:05:53.588+00:00,2026-09-14T02:06:07.240+00:00,True,205,205.0,,205.0,30144.300567000002,43796.103959,43796.10409,213.63953214634148,40.458775,30144.300567000002,2100.806776449489,94.37641520000001,66.9206048627451,21.691351594414797,4.680781655644805,34,64,,False,True,,953,21.16838264042747
10,2026-09-14T02:05:29.417+00:00,2026-09-14T02:06:03.602+00:00,2026-09-14T02:06:14.787+00:00,True,170,170.0,,170.0,34184.725674,45369.786282,45369.786316,266.8810959764706,37.764500999999996,34184.725674,2616.8621122533555,95.23953145,66.18379057988166,21.69531508653619,3.746987013413501,34,64,,False,True,,426,21.16838264042747
11,2026-09-14T02:05:34.133+00:00,2026-09-14T02:06:11.313+00:00,2026-09-14T02:06:25.502+00:00,True,216,216.0,,216.0,37179.716154,51368.710202,51368.710195,237.81810275462965,9.895149,37179.716154,2525.3728413183544,94.007687,65.99532115348838,22.971547870542516,4.204894363720859,34,64,,False,True,,736,21.16838264042747
12,2026-09-14T02:05:38.773+00:00,2026-09-14T02:06:20.087+00:00,2026-09-14T02:06:32.510+00:00,True,190,190.0,,190.0,41313.857194,53737.179818,53737.179724999995,282.8272617105263,3.167734,41313.857194,2992.5413916750945,93.94598894999999,65.73186573544974,22.99253280297065,3.535727044915687,34,64,,False,True,,841,21.16838264042747
13,2026-09-14T02:05:43.687+00:00,2026-09-14T02:06:27.806+00:00,2026-09-14T02:06:41.474+00:00,True,206,206.0,,206.0,44118.935563,57786.513418999995,57786.513193,280.51705433495147,0.01671,44118.935563,3069.4323515898986,95.337307,66.67111149268293,31.966723159343033,3.5648456328612474,34,64,,False,True,,835,21.16838264042747
14,2026-09-14T02:05:49.324+00:00,2026-09-14T02:06:38.559+00:00,2026-09-14T02:06:46.792+00:00,True,123,123.0,,123.0,49234.972594,57468.272818,57468.272629,467.2217286910569,11.436485000000001,49234.972594,4433.344224996426,94.1330622,67.48606740983607,23.402763813456513,2.1403114095587434,34,64,,False,True,,343,21.16838264042747
15,2026-09-14T02:05:53.681+00:00,2026-09-14T02:06:45.413+00:00,2026-09-14T02:07:01.232+00:00,True,236,236.0,,236.0,51731.904733,67551.650013,67551.649819,286.23580431779664,11.997095,51731.904733,3363.155054280038,94.96279975000002,67.3180650212766,22.79413823184527,3.4936230270405373,34,64,,False,True,,858,21.16838264042747
16,2026-09-14T02:05:59.236+00:00,2026-09-14T02:06:55.793+00:00,2026-09-14T02:07:09.074+00:00,True,200,200.0,,200.0,56556.55889,69838.097706,69838.097763,349.190488815,0.0,56556.55889,3994.5166433588975,95.34526090000001,66.74140108542713,25.86845829661812,2.8637664336441024,34,64,,False,True,,955,21.16838264042747
17,2026-09-14T02:06:03.728+00:00,2026-09-14T02:07:03.661+00:00,2026-09-14T02:07:10.392+00:00,True,101,101.0,,101.0,59932.248915,66663.980115,66663.980117,660.0394070990098,0.0,59932.248915,5956.854678910168,97.024935,67.317312,29.301354150217094,1.5150610543470098,34,64,,False,True,,455,21.16838264042747
18,2026-09-14T02:06:09.160+00:00,2026-09-14T02:07:13.929+00:00,2026-09-14T02:07:31.520+00:00,True,265,265.0,,265.0,64768.404958,82360.055518,82360.055664,310.79266288301886,0.01787,64768.404958,3974.7619040547893,96.0961572,66.63504,36.150250203582154,3.2175791812340826,34,64,,False,True,,1408,21.16838264042747
19,2026-09-14T02:06:14.469+00:00,2026-09-14T02:07:22.085+00:00,2026-09-14T02:07:35.051+00:00,True,198,198.0,,198.0,67615.851258,80581.73593,80581.736049,406.97846489393936,0.02126,67615.851258,4800.744621938003,95.3668995,65.81667346192893,40.824206629152975,2.4571324719536856,34,64,,False,True,,274,21.16838264042747
20,2026-09-14T02:06:18.106+00:00,2026-09-14T02:07:29.958+00:00,2026-09-14T02:07:41.007+00:00,True,170,170.0,,170.0,71851.073184,82901.04540799999,82901.04553999999,487.6532090588235,6.940265,71851.073184,5505.766605835943,93.31176599999999,65.3844510295858,24.81922672958487,2.0506375904349565,34,64,,False,True,,815,21.16838264042747
21,2026-09-14T02:06:21.917+00:00,2026-09-14T02:07:35.674+00:00,2026-09-14T02:07:52.680+00:00,True,266,266.0,,266.0,73756.447519,90762.50806299999,90762.508013,341.21243613909775,0.0,73756.447519,4518.424970419728,92.09626850000001,64.1738133735849,23.67061709906994,2.9307255349903327,34,64,,False,True,,919,21.16838264042747
22,2026-09-14T02:06:26.541+00:00,2026-09-14T02:07:43.306+00:00,2026-09-14T02:07:50.378+00:00,True,111,111.0,,111.0,76765.857059,83837.346339,83837.346124,755.2914065225225,40.364835,76765.857059,7280.219626486025,93.34449250000002,64.28626618181818,20.537833221025178,1.3239922880092916,34,64,,False,True,,597,21.16838264042747
23,2026-09-14T02:06:29.965+00:00,2026-09-14T02:07:49.447+00:00,2026-09-14T02:08:06.248+00:00,True,257,257.0,,257.0,79481.62229500001,96282.144535,96282.144534,374.63869468482494,0.0,79481.62229500001,4953.8925585524985,94.2828578,65.62704,24.200567199778952,2.669238426721755,34,64,,False,True,,988,21.16838264042747
24,2026-09-14T02:06:35.477+00:00,2026-09-14T02:07:58.903+00:00,2026-09-14T02:08:10.960+00:00,True,185,185.0,,185.0,83426.120059,95482.83506699999,95482.835123,516.1234330972973,40.591245,83426.120059,6128.83134393512,95.405848,65.52562504347826,21.797249552976627,1.9375210200889625,34,64,,False,True,,947,21.16838264042747
25,2026-09-14T02:06:39.914+00:00,2026-09-14T02:08:06.715+00:00,2026-09-14T02:08:24.685+00:00,True,272,272.0,,272.0,86800.850012,104770.80021999999,104770.800334,385.1867659338235,0.0,86800.850012,5259.246396857043,95.20535649999998,66.30977936531366,45.07078735142093,2.5961431947532,34,64,,False,True,,926,21.16838264042747
26,2026-09-14T02:06:45.793+00:00,2026-09-14T02:08:17.505+00:00,2026-09-14T02:08:30.640+00:00,True,198,198.0,,198.0,91712.02895200001,104846.55720800001,104846.55729200001,529.5280671313132,0.015519999999999999,91712.02895200001,6513.135968337046,95.66511034999999,66.67273226395939,49.095568005563855,1.8884740259729977,34,64,,False,True,,869,21.16838264042747
27,2026-09-14T02:06:51.329+00:00,2026-09-14T02:08:27.701+00:00,2026-09-14T02:08:42.035+00:00,True,214,214.0,,214.0,96372.58594,110706.62472400001,110706.624639,517.3206758831776,0.0,96372.58594,6583.339838490506,95.09002015,67.29595673239437,24.59988265937112,1.9330369843134338,34,64,,False,True,,1225,21.16838264042747
28,2026-09-14T02:06:54.799+00:00,2026-09-14T02:08:33.841+00:00,2026-09-14T02:08:53.789+00:00,True,298,298.0,,298.0,99041.539125,118990.487861,118990.487729,399.29693868791946,0.0,99041.539125,5733.481423370291,95.15478185,67.16817756228957,23.998361860717857,2.5044018673838186,34,64,,False,True,,1218,21.16838264042747
29,2026-09-14T02:06:58.141+00:00,2026-09-14T02:08:39.103+00:00,2026-09-14T02:08:46.875+00:00,True,118,118.0,,118.0,100961.749631,108733.55046299999,108733.550563,921.4707674830508,40.959384,100961.749631,9288.193608688453,95.633022,66.42564813675213,22.146220015905907,1.0852216220066613,34,64,,False,True,,534,21.16838264042747
30,2026-09-14T02:07:03.748+00:00,2026-09-14T02:08:50.219+00:00,2026-09-14T02:09:01.944+00:00,True,177,177.0,,177.0,106470.759228,118196.083004,118196.082986,667.7744801468926,0.0,106470.759228,7997.87641301818,96.1325028,66.62115781818181,28.822154575621166,1.4975115545411937,34,64,,False,True,,921,21.16838264042747
31,2026-09-14T02:07:08.705+00:00,2026-09-14T02:08:58.777+00:00,2026-09-14T02:09:13.609+00:00,True,226,226.0,,226.0,110071.64171899999,124903.375479,124903.375575,552.6698034292035,38.294819000000004,110071.64171899999,7317.505235920803,95.4355135,65.91881671111112,22.157159427035264,1.8093986582291957,34,64,,False,True,,1109,21.16838264042747
32,2026-09-14T02:07:13.223+00:00,2026-09-14T02:09:06.450+00:00,2026-09-14T02:09:14.124+00:00,True,115,115.0,,115.0,113226.95365000001,120901.21848200001,120901.21860200001,1051.3149443652176,40.885213,113226.95365000001,10552.213648778037,97.021589,67.31811256140351,22.237131598831528,0.9511897517982535,34,64,,False,True,,626,21.16838264042747
33,2026-09-14T02:07:17.595+00:00,2026-09-14T02:09:15.405+00:00,2026-09-14T02:09:31.026+00:00,True,234,234.0,,234.0,117810.549885,133431.243645,133431.243744,570.2189903589743,0.0,117810.549885,7697.311865688718,96.46363065000001,67.04160412017167,52.45066471393371,1.7537122011885595,34,64,,False,True,,974,21.16838264042747
34,2026-09-14T02:07:21.883+00:00,2026-09-14T02:09:22.699+00:00,2026-09-14T02:09:40.507+00:00,True,269,269.0,,269.0,120816.881871,138624.378831,138624.378852,515.3322633903346,36.834302,120816.881871,7362.3169832255835,95.951069,66.44588417910448,22.072393325641684,1.9404956203839423,34,64,,False,True,,1177,21.16838264042747
35,2026-09-14T02:07:27.475+00:00,2026-09-14T02:09:31.839+00:00,2026-09-14T02:09:41.560+00:00,True,149,149.0,,149.0,124363.63300399999,134085.03537199998,134085.035403,899.8995664630871,40.438725,124363.63300399999,10182.908177697029,95.7885554,65.68515113513514,21.962373831675464,1.1112351172270682,34,64,,False,True,,442,21.16838264042747
36,2026-09-14T02:07:32.715+00:00,2026-09-14T02:09:41.244+00:00,2026-09-14T02:10:00.141+00:00,True,285,285.0,,285.0,128529.117719,147426.000919,147426.000889,517.284213645614,0.0,128529.117719,7609.51790349325,94.92672119999999,66.53832112676056,28.026236572383866,1.9331732409711568,34,64,,False,True,,1358,21.16838264042747
37,2026-09-14T02:07:37.747+00:00,2026-09-14T02:09:49.534+00:00,2026-09-14T02:10:07.392+00:00,True,267,267.0,,267.0,131787.410043,149645.56197900002,149645.56219700002,560.4702704007491,32.770891000000006,131787.410043,8061.180645107514,95.86791729999999,67.13590953383459,22.31863447887547,1.7842159598255811,34,64,,False,True,,1370,21.16838264042747
38,2026-09-14T02:07:42.324+00:00,2026-09-14T02:09:57.979+00:00,2026-09-14T02:10:16.928+00:00,True,284,284.0,,284.0,135654.98494,154603.754988,154603.75504,544.3794191549296,0.0,135654.98494,8045.716767805929,96.479839,66.95678462190813,27.702549287667804,1.8369540896470689,34,64,,False,True,,1186,21.16838264042747
39,2026-09-14T02:07:47.161+00:00,2026-09-14T02:10:07.061+00:00,2026-09-14T02:10:21.722+00:00,True,224,224.0,,224.0,139900.422697,154561.002281,154561.002134,690.0044738125,0.0,139900.422697,9343.338216325697,97.225234,65.74250934529148,67.20888258923634,1.4492659642097576,34,64,,False,True,,1003,21.16838264042747
40,2026-09-14T02:07:51.898+00:00,2026-09-14T02:10:15.540+00:00,2026-09-14T02:10:31.060+00:00,True,237,237.0,,237.0,143642.707918,159162.431182,159162.4314,671.5714405063292,0.01523,143642.707918,9326.526278592835,96.445468,65.76153925423729,61.42343327426034,1.4890448596440062,34,64,,False,True,,827,21.16838264042747
41,2026-09-14T02:07:56.206+00:00,2026-09-14T02:10:23.119+00:00,2026-09-14T02:10:40.587+00:00,True,260,260.0,,260.0,146912.606346,164380.56333799998,164380.56315499998,632.2329352115385,0.0,146912.606346,9107.002165289441,96.00201395,67.44384938996139,30.771837991209516,1.581695516308622,34,64,,False,True,,1293,21.16838264042747
42,2026-09-14T02:08:01.177+00:00,2026-09-14T02:10:32.095+00:00,2026-09-14T02:10:38.847+00:00,True,100,100.0,,100.0,150918.568949,157669.995765,157669.99587100002,1576.6999587100001,42.026481,150918.568949,15085.053773292988,94.6562138,68.19623046464646,22.426162583638497,0.6342360796980389,34,64,,False,True,,481,21.16838264042747
43,2026-09-14T02:08:05.386+00:00,2026-09-14T02:10:38.986+00:00,2026-09-14T02:10:57.615+00:00,True,284,284.0,,284.0,153600.20475099998,172229.201871,172229.20204799998,606.4408522816901,0.0,153600.20475099998,9110.638702504779,96.24164165,65.82684494699646,30.092524603006048,1.6489654304542185,34,64,,False,True,,1818,21.16838264042747
44,2026-09-14T02:08:11.187+00:00,2026-09-14T02:10:49.155+00:00,2026-09-14T02:10:59.621+00:00,True,159,159.0,,159.0,157968.11720699997,168434.02952699998,168434.02954299998,1059.3335191383646,2.765384,157968.11720699997,12522.452689350952,93.29249890000001,66.23995139240506,22.04110502416355,0.9439897652897528,34,64,,False,True,,749,21.16838264042747
45,2026-09-14T02:08:17.027+00:00,2026-09-14T02:10:58.744+00:00,2026-09-14T02:11:18.324+00:00,True,300,300.0,,300.0,161717.632653,181297.596813,181297.59679500002,604.32532265,0.0,161717.632653,9333.036863339896,93.62796245,65.48482996655518,29.274095631093857,1.6547378744873047,34,64,,False,True,,1607,21.16838264042747
46,2026-09-14T02:08:21.484+00:00,2026-09-14T02:11:07.620+00:00,2026-09-14T02:11:23.772+00:00,True,243,243.0,,243.0,166135.455919,182287.655087,182287.655238,750.1549598271605,0.0,166135.455919,10653.360075033504,96.69840109999997,66.74462466115703,31.804490543380805,1.3330579072072872,34,64,,False,True,,1148,21.16838264042747
47,2026-09-14T02:08:24.784+00:00,2026-09-14T02:11:13.017+00:00,2026-09-14T02:11:25.165+00:00,True,186,186.0,,186.0,168232.92567199998,180380.541672,180380.54158999998,969.7878580107526,31.016004000000002,168232.92567199998,12330.642069642567,95.554904,65.66278918918918,22.32355081589907,1.0311533509984592,34,64,,False,True,,922,21.16838264042747
48,2026-09-14T02:08:28.199+00:00,2026-09-14T02:11:19.315+00:00,2026-09-14T02:11:35.183+00:00,True,239,239.0,,239.0,171115.945758,186984.186654,186984.18664499998,782.3606135774058,0.01663,171115.945758,11064.465192341728,95.6773969,66.67328107563026,67.91036740053413,1.2781829537395657,34,64,,False,True,,947,21.16838264042747
49,2026-09-14T02:08:31.733+00:00,2026-09-14T02:11:25.911+00:00,2026-09-14T02:11:38.802+00:00,True,197,197.0,,197.0,174178.371766,187068.644534,187068.644499,949.5870279137056,0.01587,174178.371766,12405.245965095028,95.67108019999999,65.76669779591836,76.79468888289148,1.0530893645524597,34,64,,False,True,,862,21.16838264042747
50,2026-09-14T02:08:36.230+00:00,2026-09-14T02:11:33.621+00:00,2026-09-14T02:11:41.885+00:00,True,124,124.0,,124.0,177391.236901,185655.09251699998,185655.092634,1497.2184889838709,0.0,177391.236901,15924.211629715417,95.57996715000002,67.18581801626016,36.61557749090753,0.6679051908508549,34,64,,False,True,,595,21.16838264042747
51,2026-09-14T02:08:41.183+00:00,2026-09-14T02:11:42.448+00:00,2026-09-14T02:11:52.825+00:00,True,155,155.0,,155.0,181264.695545,191641.950457,191641.95052399999,1236.3996808,38.451269,181264.695545,14554.135907086062,96.083644,67.38477215584415,22.753975893184766,0.8087999502738227,34,64,,False,True,,696,21.16838264042747
52,2026-09-14T02:08:46.973+00:00,2026-09-14T02:11:52.686+00:00,2026-09-14T02:12:08.657+00:00,True,233,233.0,,233.0,185713.056771,201683.775491,201683.775612,865.5956034849786,40.809064,185713.056771,12161.979240333418,97.98754000000001,68.8393048275862,23.278730559996724,1.155273890687342,34,64,,False,True,,1150,21.16838264042747
53,2026-09-14T02:08:50.687+00:00,2026-09-14T02:11:59.163+00:00,2026-09-14T02:12:08.471+00:00,True,135,135.0,,135.0,188475.776122,197783.557754,197783.55772500002,1465.0633905555555,39.022877,188475.776122,16215.451026568588,98.9012227,69.46105695522387,23.73156963739409,0.6825643219944036,34,64,,False,True,,626,21.16838264042747
54,2026-09-14T02:08:56.437+00:00,2026-09-14T02:12:09.363+00:00,2026-09-14T02:12:20.788+00:00,True,170,170.0,,170.0,192926.204506,204350.688346,204350.68827800002,1202.0628722235294,0.0,192926.204506,14791.624842704268,97.77745490000001,67.60049609467455,36.649633821129555,0.8319032413150549,34,64,,False,True,,686,21.16838264042747
55,2026-09-14T02:09:00.271+00:00,2026-09-14T02:12:16.825+00:00,2026-09-14T02:12:36.485+00:00,True,293,293.0,,293.0,196553.979567,216214.334895,216214.334692,737.9328829078498,38.971958,196553.979567,11478.892653794735,94.07275739999999,67.329984,21.475389956091117,1.3551367911951322,34,64,,False,True,,1054,21.16838264042747
56,2026-09-14T02:09:03.929+00:00,2026-09-14T02:12:22.588+00:00,2026-09-14T02:12:36.178+00:00,True,205,205.0,,205.0,198659.52291600002,212249.44368400003,212249.44369400002,1035.3631399707317,38.681278,198659.52291600002,13870.34617589643,94.872302,66.61725866666666,21.11452131991672,0.9658446987743671,34,64,,False,True,,902,21.16838264042747
57,2026-09-14T02:09:07.940+00:00,2026-09-14T02:12:30.062+00:00,2026-09-14T02:12:39.978+00:00,True,153,153.0,,153.0,202122.252696,212038.199448,212038.199418,1385.8705844313727,41.468073,202122.252696,16335.35542778253,94.5195686,65.23649178947369,21.346015708918642,0.7215680966840201,34,64,,False,True,,701,21.16838264042747
58,2026-09-14T02:09:13.493+00:00,2026-09-14T02:12:40.117+00:00,2026-09-14T02:12:59.224+00:00,True,292,292.0,,292.0,206623.360254,225731.002878,225731.002784,773.0513793972602,0.0,206623.360254,12088.09122421938,94.56725595,65.6620021443299,72.42839235589499,1.2935750795286909,34,64,,False,True,,1395,21.16838264042747
59,2026-09-14T02:09:17.258+00:00,2026-09-14T02:12:46.274+00:00,2026-09-14T02:12:57.879+00:00,True,179,179.0,,179.0,209015.55621900002,220620.920187,220620.92013,1232.5191068715085,0.0,209015.55621900002,15617.961280072463,95.403082,65.19867397752809,93.49741571489646,0.8113464482347286,34,64,,False,True,,851,21.16838264042747
60,2026-09-14T02:09:22.704+00:00,2026-09-14T02:12:57.043+00:00,2026-09-14T02:13:15.285+00:00,True,274,274.0,,274.0,214339.54348300002,232581.33778700003,232581.337781,848.83699920073,37.238412,214339.54348300002,12944.70698971217,95.16997864999999,66.81975935531136,21.83599636173198,1.1780824833458114,34,64,,False,True,,1324,21.16838264042747
61,2026-09-14T02:09:26.424+00:00,2026-09-14T02:13:03.006+00:00,2026-09-14T02:13:17.277+00:00,True,218,218.0,,218.0,216581.118025,230852.957513,230852.957665,1058.9585213990827,29.929087,216581.118025,14664.28520605773,94.66622664999998,65.76884556682027,21.2927720722284,0.9443240508960071,34,64,,False,True,,931,21.16838264042747
62,2026-09-14T02:09:31.372+00:00,2026-09-14T02:13:11.112+00:00,2026-09-14T02:13:20.113+00:00,True,137,137.0,,137.0,219739.75359,228741.256054,228741.256139,1669.6442053941607,40.578354,219739.75359,18767.99203773473,94.08046999999999,66.18751811764706,21.91488078844537,0.5989299978647393,34,64,,False,True,,715,21.16838264042747
63,2026-09-14T02:09:35.766+00:00,2026-09-14T02:13:19.385+00:00,2026-09-14T02:13:33.225+00:00,True,213,213.0,,213.0,223618.454028,237458.32321200002,237458.32321,1114.8278084976525,0.0,223618.454028,15317.657274687626,93.67021860000001,65.28240181132075,37.77145790629305,0.8969995118252229,34,64,,False,True,,777,21.16838264042747
64,2026-09-14T02:09:40.372+00:00,2026-09-14T02:13:27.627+00:00,2026-09-14T02:13:43.495+00:00,True,241,241.0,,241.0,227255.47965999998,243123.338092,243123.33792299998,1008.8105308008298,0.0,227255.47965999998,14634.598795322223,94.84040799999998,66.1160768,36.5272566946491,0.9912664160147534,34,64,,False,True,,971,21.16838264042747
65,2026-09-14T02:09:44.744+00:00,2026-09-14T02:13:35.044+00:00,2026-09-14T02:13:46.361+00:00,True,173,173.0,,173.0,230299.960184,241617.505912,241617.505886,1396.632982,40.692204,230299.960184,17504.392933918814,95.7346946,65.79968446511627,22.085369092461825,0.7160077219860415,34,64,,False,True,,702,21.16838264042747
66,2026-09-14T02:09:49.517+00:00,2026-09-14T02:13:44.278+00:00,2026-09-14T02:14:02.914+00:00,True,280,280.0,,280.0,234761.411373,253397.181741,253397.181633,904.9899344035715,32.126401,234761.411373,14025.703663120208,94.9987925,66.79487587096774,22.296277942700222,1.1049846650867294,34,64,,False,True,,1362,21.16838264042747
67,2026-09-14T02:09:53.520+00:00,2026-09-14T02:13:51.355+00:00,2026-09-14T02:14:01.982+00:00,True,162,162.0,,162.0,237835.19374000002,248462.655372,248462.655475,1533.7200955246915,34.903206,237835.19374000002,18680.924344418545,93.2157655,66.00907845962733,22.038269705463204,0.6520094529194035,34,64,,False,True,,357,21.16838264042747
68,2026-09-14T02:09:58.350+00:00,2026-09-14T02:14:00.078+00:00,2026-09-14T02:14:12.004+00:00,True,176,176.0,,176.0,241727.61395199999,253653.27436799998,253653.27452299997,1441.2117870625,40.343924,241727.61395199999,18215.781561084492,95.79724850000001,68.14663094857143,22.511519930547642,0.6938605481775068,34,64,,False,True,,307,21.16838264042747
69,2026-09-14T02:10:03.749+00:00,2026-09-14T02:14:10.273+00:00,2026-09-14T02:14:19.140+00:00,True,133,133.0,,133.0,246524.579942,255391.07901400002,255391.079047,1920.233677045113,0.0,246524.579942,21370.624353387677,95.8914364,67.17044751515152,49.402699454923294,0.5207699521591715,34,64,,False,True,,670,21.16838264042747
70,2026-09-14T02:10:07.108+00:00,2026-09-14T02:14:16.245+00:00,2026-09-14T02:14:23.320+00:00,True,108,108.0,,108.0,249137.623912,256212.50340000002,256212.50344600002,2372.3379948703705,40.286274,249137.623912,23966.92652462789,95.4564927,66.12036904672897,21.91050283561597,0.42152509564059004,34,64,,False,True,,436,21.16838264042747
71,2026-09-14T02:10:10.705+00:00,2026-09-14T02:14:22.392+00:00,2026-09-14T02:14:30.532+00:00,True,124,124.0,,124.0,251686.736116,259826.69438799997,259826.694418,2095.376567887097,37.729980000000005,251686.736116,22596.203353786896,95.23002715000001,66.17852253658536,21.592125962495118,0.4772411868305973,34,64,,False,True,,583,21.16838264042747
72,2026-09-14T02:10:15.730+00:00,2026-09-14T02:14:32.032+00:00,2026-09-14T02:14:38.836+00:00,True,103,103.0,,103.0,256301.927084,263105.909676,263105.909786,2554.426308601942,40.641224,256301.927084,25247.615278549853,92.484284,66.70571168627451,21.071848354955243,0.39147733369744014,34,64,,False,True,,489,21.16838264042747
73,2026-09-14T02:10:19.809+00:00,2026-09-14T02:14:39.098+00:00,2026-09-14T02:14:45.955+00:00,True,107,107.0,,107.0,259289.163433,266145.748137,266145.748031,2487.3434395420563,39.596376,259289.163433,25060.18545917428,92.939064,64.68476135849056,21.599450035151087,0.40203535374505084,34,64,,False,True,,438,21.16838264042747
74,2026-09-14T02:10:24.297+00:00,2026-09-14T02:14:46.134+00:00,2026-09-14T02:15:00.539+00:00,True,217,217.0,,217.0,261837.632178,276242.132914,276242.132987,1273.0052211382488,0.0,261837.632178,17770.217377066932,95.52209479999999,66.6875034074074,41.29240733093247,0.7855427327863728,34,64,,False,True,,981,21.16838264042747
75,2026-09-14T02:10:30.033+00:00,2026-09-14T02:14:56.976+00:00,2026-09-14T02:15:08.882+00:00,True,173,173.0,,173.0,266943.667571,278849.849459,278849.849471,1611.8488408728324,0.0,266943.667571,20290.13956681226,96.20395620000001,69.22198772093023,45.712488688049966,0.6204055707243142,34,64,,False,True,,839,21.16838264042747
76,2026-09-14T02:10:35.060+00:00,2026-09-14T02:15:05.132+00:00,2026-09-14T02:15:22.528+00:00,True,261,261.0,,261.0,270071.869928,287468.58979999996,287468.589964,1101.412222084291,41.432942000000004,270071.869928,16712.90249359576,96.71411599999999,66.91046104615384,22.4904329510294,0.9079252803987562,34,64,,False,True,,1128,21.16838264042747
77,2026-09-14T02:10:40.512+00:00,2026-09-14T02:15:15.359+00:00,2026-09-14T02:15:29.405+00:00,True,207,207.0,,207.0,274846.91315,288893.23686199996,288893.23689199996,1395.6195018937196,39.840586,274846.91315,19098.455288304962,97.49765729999999,68.18603743689322,22.78750100857302,0.716527677312435,34,64,,False,True,,1033,21.16838264042747
78,2026-09-14T02:10:44.746+00:00,2026-09-14T02:15:22.388+00:00,2026-09-14T02:15:32.737+00:00,True,149,149.0,,149.0,277641.68046899996,287990.43080499995,287990.43085299997,1932.821683577181,36.143053,277641.68046899996,22739.576300966357,98.415576,69.92398875675676,23.42759039042833,0.5173783017147844,34,64,,False,True,,772,21.16838264042747
79,2026-09-14T02:10:50.704+00:00,2026-09-14T02:15:32.967+00:00,2026-09-14T02:15:44.663+00:00,True,178,178.0,,178.0,282262.769237,293959.352149,293959.352179,1651.457034713483,37.160281000000005,282262.769237,21151.546994436765,95.16934450000001,66.08238933333334,21.69392937692769,0.605525895667972,34,64,,False,True,,246,21.16838264042747
80,2026-09-14T02:10:56.027+00:00,2026-09-14T02:15:42.511+00:00,2026-09-14T02:15:51.905+00:00,True,148,148.0,,148.0,286484.24551700003,295878.187533,295878.18735400005,1999.1769415810813,0.0,286484.24551700003,23543.65920596514,95.26269570000001,63.904367455782314,49.74322818252907,0.5002058490151228,34,64,,False,True,,653,21.16838264042747
81,2026-09-14T02:11:01.234+00:00,2026-09-14T02:15:52.641+00:00,2026-09-14T02:16:01.297+00:00,False,123,122.0,,122.0,291406.87926300004,300063.14268700004,300063.14286200004,2439.5377468455285,0.04059,291406.87926300004,26268.88487081702,94.08305219999998,70.9529788852459,21.89408087717617,0.40658109125804853,34,64,,False,False,Request timeout: 300.0s exceeded,580,21.16838264042747
82,2026-09-14T02:11:05.899+00:00,2026-09-14T02:15:58.861+00:00,2026-09-14T02:16:05.937+00:00,False,101,100.0,,100.0,292962.04694,300037.77148399997,300037.77151299996,2970.6710050792076,0.034159999999999996,292962.04694,29143.779582828356,91.567156,70.75724543999999,20.285702284332594,0.33329137030113115,34,64,,False,False,Request timeout: 300.0s exceeded,448,21.16838264042747
83,2026-09-14T02:11:09.369+00:00,2026-09-14T02:16:02.869+00:00,2026-09-14T02:16:09.381+00:00,False,98,97.0,,97.0,293499.486551,300012.260695,300012.26069599995,3061.349598938775,0.02284,293499.486551,29641.149905574424,88.57344455,67.14200148453608,20.411608814279138,0.32332011956875534,34,64,,False,False,Request timeout: 300.0s exceeded,336,21.16838264042747
84,2026-09-14T02:11:12.727+00:00,2026-09-14T02:16:06.488+00:00,2026-09-14T02:16:12.765+00:00,False,93,92.0,,92.0,293761.193376,300038.339232,300038.339321,3226.218702376344,0.02409,293761.193376,30454.548005249057,87.99143300000001,68.22984626086956,19.819531606818668,0.3066274804596303,34,64,,False,False,Request timeout: 300.0s exceeded,436,21.16838264042747
85,2026-09-14T02:11:16.786+00:00,2026-09-14T02:16:10.695+00:00,2026-09-14T02:16:16.858+00:00,False,93,92.0,,92.0,293908.546708,300071.893652,300071.893642,3226.579501526882,0.05662,293908.546708,30469.95616115439,87.62713220000002,66.9929015652174,19.920470520724955,0.3065931929855931,34,64,,False,False,Request timeout: 300.0s exceeded,467,21.16838264042747
86,2026-09-14T02:11:21.777+00:00,2026-09-14T02:16:15.421+00:00,2026-09-14T02:16:21.814+00:00,False,94,93.0,,93.0,293643.90314300003,300037.405863,300037.405879,3191.887296585107,0.041890000000000004,293643.90314300003,30279.97174133017,88.47001035000001,68.74734107526882,19.847246360521865,0.30996135209376097,34,64,,False,False,Request timeout: 300.0s exceeded,240,21.16838264042747
87,2026-09-14T02:11:25.684+00:00,2026-09-14T02:16:19.825+00:00,2026-09-14T02:16:25.764+00:00,False,89,88.0,,88.0,294140.520685,300079.447277,300079.447375,3371.679183988764,0.022269999999999998,294140.520685,31171.686274414744,91.169939,67.48780218181818,21.207543587699583,0.29325567211795145,34,64,,False,False,Request timeout: 300.0s exceeded,401,21.16838264042747
88,2026-09-14T02:11:31.261+00:00,2026-09-14T02:16:24.962+00:00,2026-09-14T02:16:32.769+00:00,False,100,99.0,,99.0,293700.197837,301507.450573,301507.45068300003,3015.0745068300002,0.0255,293700.197837,29362.54097506596,89.17644250000001,78.86113874747474,155.44435107752378,0.32835009487113964,34,64,,False,False,Request timeout: 300.0s exceeded,395,21.16838264042747
89,2026-09-14T02:11:36.848+00:00,2026-09-14T02:16:30.439+00:00,2026-09-14T02:16:36.949+00:00,False,105,104.0,,104.0,293590.46967799996,300100.930862,300100.93069999997,2858.1041019047616,0.01597,293590.46967799996,28645.79863836522,90.355019,62.600588307692306,154.33344236213233,0.3465500746741233,34,64,,False,False,Request timeout: 300.0s exceeded,499,21.16838264042747
90,2026-09-14T02:11:41.751+00:00,2026-09-14T02:16:35.553+00:00,2026-09-14T02:16:41.934+00:00,False,92,91.0,,91.0,293801.745378,300183.334626,300183.334672,3262.8623333913047,0.02155,293801.745378,30623.644907025366,89.37855254999998,70.12735437362636,20.51485734637975,0.30314807487023676,34,64,,False,False,Request timeout: 300.0s exceeded,411,21.16838264042747
91,2026-09-14T02:11:46.925+00:00,2026-09-14T02:16:40.248+00:00,2026-09-14T02:16:46.962+00:00,False,107,106.0,,106.0,293322.875026,300037.07969800005,300037.079725,2804.084857242991,0.0,293322.875026,28350.536388295634,90.5198503,63.341553509433965,62.02623034816324,0.35328966708612636,34,64,,False,False,Request timeout: 300.0s exceeded,365,21.16838264042747
92,2026-09-14T02:11:50.399+00:00,2026-09-14T02:16:44.002+00:00,2026-09-14T02:16:50.414+00:00,False,96,95.0,,95.0,293603.553701,300015.548837,300015.54877,3125.1619663541665,0.0375,293603.553701,29958.90603943835,88.194707,67.49468564210527,21.26667602551084,0.3166502548560041,34,64,,False,False,Request timeout: 300.0s exceeded,407,21.16838264042747
93,2026-09-14T02:11:53.863+00:00,2026-09-14T02:16:47.759+00:00,2026-09-14T02:16:53.913+00:00,False,91,90.0,,90.0,293896.203661,300050.219661,300050.219676,3297.255161274725,0.03359,293896.203661,30801.531977968767,89.9990495,68.37795555555556,20.19765560902643,0.29994978874430744,34,64,,False,False,Request timeout: 300.0s exceeded,380,21.16838264042747
94,2026-09-14T02:11:59.186+00:00,2026-09-14T02:16:53.019+00:00,2026-09-14T02:16:59.227+00:00,False,88,87.0,,87.0,293832.42573799996,300040.72474599996,300040.72453799995,3409.553687931818,0.02956,293832.42573799996,31315.041259527476,90.03917580000001,71.35975871264368,20.14816576392937,0.28996063808887945,34,64,,False,False,Request timeout: 300.0s exceeded,293,21.16838264042747
95,2026-09-14T02:12:02.540+00:00,2026-09-14T02:16:56.136+00:00,2026-09-14T02:17:02.576+00:00,False,96,95.0,,95.0,293596.204998,300036.713158,300036.712997,3125.382427052083,0.03665,293596.204998,29958.124339227208,88.86914125000001,67.79482273684211,19.72437907370547,0.3166279186306536,34,64,,False,False,Request timeout: 300.0s exceeded,493,21.16838264042747
96,2026-09-14T02:12:08.063+00:00,2026-09-14T02:17:01.710+00:00,2026-09-14T02:17:08.094+00:00,False,94,93.0,,93.0,293647.110801,300031.566993,300031.56696699996,3191.8251804999995,0.02502,293647.110801,30280.312827279166,89.12400885000001,68.65006658064516,20.16578973414779,0.3099673842058418,34,64,,False,False,Request timeout: 300.0s exceeded,382,21.16838264042747
97,2026-09-14T02:12:11.595+00:00,2026-09-14T02:17:05.628+00:00,2026-09-14T02:17:11.616+00:00,False,86,85.0,,85.0,294032.88595200004,300020.57568000007,300020.57556900004,3488.611343825582,0.02312,294032.88595200004,31698.7912954111,88.35246825,70.44340856470588,19.45198689095624,0.2833139020793708,34,64,,False,False,Request timeout: 300.0s exceeded,370,21.16838264042747
98,2026-09-14T02:12:15.083+00:00,2026-09-14T02:17:08.686+00:00,2026-09-14T02:17:15.506+00:00,False,96,95.0,,95.0,293602.918031,300423.073935,300423.07408500003,3129.40702171875,0.02199,293602.918031,29958.401466081556,87.970404,71.79111477894737,19.494395206947964,0.3162207175223643,34,64,,False,False,Request timeout: 300.0s exceeded,404,21.16838264042747
99,2026-09-14T02:12:19.224+00:00,2026-09-14T02:17:12.838+00:00,2026-09-14T02:17:19.267+00:00,False,96,95.0,,95.0,293614.09602999996,300043.31177399994,300043.311801,3125.4511645937496,0.026850000000000002,293614.09602999996,29959.962937876997,89.58903349999999,67.6759552,20.435459633352433,0.31662095528247053,34,64,,False,False,Request timeout: 300.0s exceeded,369,21.16838264042747
100,2026-09-14T02:12:24.366+00:00,2026-09-14T02:17:17.725+00:00,2026-09-14T02:17:24.419+00:00,False,98,97.0,,97.0,293358.816943,300052.738991,300052.738976,3061.762642612245,0.020550000000000002,293358.816943,29626.751169634685,87.76740919999999,69.00950564948452,19.941768236751926,0.323276502411496,34,64,,False,False,Request timeout: 300.0s exceeded,353,21.16838264042747
101,2026-09-14T02:12:28.728+00:00,2026-09-14T02:17:22.434+00:00,2026-09-14T02:17:28.818+00:00,False,93,92.0,,92.0,293706.36153899995,300090.1523869999,300090.15246799996,3226.7758329892467,0.03158,293706.36153899995,30448.74191424535,89.13767080000001,69.38903095652174,19.673387013994827,0.30657453857851247,34,64,,False,False,Request timeout: 300.0s exceeded,439,21.16838264042747
102,2026-09-14T02:12:33.854+00:00,2026-09-14T02:17:27.629+00:00,2026-09-14T02:17:33.873+00:00,False,92,91.0,,91.0,293774.78919,300018.490182,300018.490375,3261.0705475543477,0.03805,293774.78919,30620.992176610587,88.0177146,68.6120988131868,20.010194282631073,0.3033146388570809,34,64,,False,False,Request timeout: 300.0s exceeded,401,21.16838264042747
103,2026-09-14T02:12:37.561+00:00,2026-09-14T02:17:31.092+00:00,2026-09-14T02:17:37.649+00:00,False,86,85.0,,85.0,293530.712147,300088.10990700003,300088.109742,3489.3966249069767,0.03068,293530.712147,31643.97678021782,88.67687225,77.145856,64.4793600436744,0.28325014285418454,34,64,,False,False,Request timeout: 300.0s exceeded,158,21.16838264042747
104,2026-09-14T02:12:42.354+00:00,2026-09-14T02:17:36.171+00:00,2026-09-14T02:17:42.425+00:00,False,96,95.0,,95.0,293816.77091900003,300070.64509500004,300070.64492700004,3125.73588465625,0.0,293816.77091900003,29980.90146702266,91.297632,65.83025448421053,65.88425759787111,0.3165921144000065,34,64,,False,False,Request timeout: 300.0s exceeded,483,21.16838264042747
105,2026-09-14T02:12:45.771+00:00,2026-09-14T02:17:39.693+00:00,2026-09-14T02:17:45.793+00:00,False,87,86.0,,86.0,293922.073264,300021.41176,300021.411648,3448.5219729655173,0.027649,293922.073264,31504.15604825389,89.0803277,70.92254065116279,19.297334803819158,0.2866462080006313,34,64,,False,False,Request timeout: 300.0s exceeded,299,21.16838264042747
106,2026-09-14T02:12:49.871+00:00,2026-09-14T02:17:43.783+00:00,2026-09-14T02:17:49.885+00:00,False,90,89.0,,89.0,293911.94678899995,300014.46454899997,300014.4645969999,3333.4940510777774,0.041459,293911.94678899995,30973.818647471322,88.71848485000001,68.56761528089886,20.73521463057836,0.29665236352450614,34,64,,False,False,Request timeout: 300.0s exceeded,340,21.16838264042747
107,2026-09-14T02:12:53.933+00:00,2026-09-14T02:17:47.607+00:00,2026-09-14T02:17:53.951+00:00,False,98,97.0,,97.0,293674.403444,300017.94034,300017.940482,3061.4075559387757,0.0351,293674.403444,29658.995790740566,90.62979084999999,65.39728758762887,20.951118376371493,0.3233139987897832,34,64,,False,False,Request timeout: 300.0s exceeded,465,21.16838264042747
108,2026-09-14T02:12:58.110+00:00,2026-09-14T02:17:51.602+00:00,2026-09-14T02:17:58.149+00:00,False,104,103.0,,103.0,293492.63532999996,300039.661506,300039.661477,2884.9967449711535,0.02262,293492.63532999996,28773.094844724816,89.10032545,63.56336093203883,20.28184472416172,0.3432879489431776,34,64,,False,False,Request timeout: 300.0s exceeded,491,21.16838264042747
109,2026-09-14T02:13:02.582+00:00,2026-09-14T02:17:56.433+00:00,2026-09-14T02:18:02.635+00:00,False,93,92.0,,92.0,293851.294701,300053.413357,300053.413449,3226.380789774193,0.02467,293851.294701,30463.975965265396,87.932076,67.4143332173913,20.318398947183614,0.30661207606573526,34,64,,False,False,Request timeout: 300.0s exceeded,388,21.16838264042747
110,2026-09-14T02:13:06.969+00:00,2026-09-14T02:18:00.650+00:00,2026-09-14T02:18:07.015+00:00,False,93,92.0,,92.0,293681.83064,300046.300912,300046.300935,3226.304311129032,0.040100000000000004,293681.83064,30446.220154782593,89.5723108,69.17902469565217,19.982384470300325,0.30661934414909686,34,64,,False,False,Request timeout: 300.0s exceeded,385,21.16838264042747
111,2026-09-14T02:13:12.054+00:00,2026-09-14T02:18:05.966+00:00,2026-09-14T02:18:12.060+00:00,False,88,87.0,,87.0,293912.866939,300006.824571,300006.824525,3409.168460511364,0.03917,293912.866939,31323.75671149814,90.789658,70.04549002298852,20.601666762589293,0.28999340306477084,34,64,,False,False,Request timeout: 300.0s exceeded,408,21.16838264042747
112,2026-09-14T02:13:17.338+00:00,2026-09-14T02:18:11.164+00:00,2026-09-14T02:18:17.391+00:00,False,94,93.0,,93.0,293825.835249,300053.092337,300053.092444,3192.05417493617,0.03696,293825.835249,30298.921547726473,90.54650915,66.9597536344086,20.70966342266007,0.3099451476259024,34,64,,False,False,Request timeout: 300.0s exceeded,536,21.16838264042747
113,2026-09-14T02:13:23.313+00:00,2026-09-14T02:18:16.860+00:00,2026-09-14T02:18:23.331+00:00,False,99,98.0,,98.0,293546.160044,300018.10372400004,300018.103681,3030.485895767677,0.06899899999999999,293546.160044,29495.868911308833,89.87900500000002,66.04024163265306,20.52508651117543,0.326646954912276,34,64,,False,False,Request timeout: 300.0s exceeded,384,21.16838264042747
114,2026-09-14T02:13:26.634+00:00,2026-09-14T02:18:19.937+00:00,2026-09-14T02:18:26.687+00:00,False,102,101.0,,101.0,293302.387695,300052.369135,300052.369196,2941.6898940784313,0.0257,293302.387695,29034.65344188403,89.16391014999999,66.83149940594059,20.107885735868205,0.3366079071169004,34,64,,False,False,Request timeout: 300.0s exceeded,439,21.16838264042747
115,2026-09-14T02:13:30.217+00:00,2026-09-14T02:18:23.708+00:00,2026-09-14T02:18:30.287+00:00,False,96,95.0,,95.0,293491.088506,300070.007162,300070.007147,3125.729241114583,0.03682,293491.088506,29947.24779391944,90.01096100000001,69.2517753263158,20.564478686845433,0.3165927874581347,34,64,,False,False,Request timeout: 300.0s exceeded,396,21.16838264042747
116,2026-09-14T02:13:35.492+00:00,2026-09-14T02:18:29.203+00:00,2026-09-14T02:18:35.555+00:00,False,98,97.0,,97.0,293710.960477,300063.797341,300063.797438,3061.875484061224,0.0,293710.960477,29662.737416636355,92.20832885,65.49316354639176,62.81132323929902,0.323264588596027,34,64,,False,False,Request timeout: 300.0s exceeded,422,21.16838264042747
117,2026-09-14T02:13:41.429+00:00,2026-09-14T02:18:35.553+00:00,2026-09-14T02:18:41.453+00:00,False,87,86.0,,86.0,294124.392919,300024.038359,300024.038357,3448.5521650229884,0.03456,294124.392919,31526.097066378556,90.21337930000001,68.60052837209302,21.086603637716628,0.28664369851956634,34,64,,False,False,Request timeout: 300.0s exceeded,353,21.16838264042747
118,2026-09-14T02:13:45.011+00:00,2026-09-14T02:18:38.914+00:00,2026-09-14T02:18:45.023+00:00,False,95,94.0,,94.0,293902.959026,300012.07237,300012.072362,3158.021814336842,0.02221,293902.959026,30147.146453805402,90.24582369999999,64.99056748936171,20.63638287950542,0.3133207249209336,34,64,,False,False,Request timeout: 300.0s exceeded,379,21.16838264042747
119,2026-09-14T02:13:50.267+00:00,2026-09-14T02:18:44.277+00:00,2026-09-14T02:18:50.307+00:00,False,92,91.0,,91.0,294010.269445,300039.47366899997,300039.47356799996,3261.2986257391303,0.03726,294010.269445,30645.78903621069,90.51133860000002,66.25499147252748,20.92662897877018,0.3032934263189321,34,64,,False,False,Request timeout: 300.0s exceeded,447,21.16838264042747
120,2026-09-14T02:13:55.423+00:00,2026-09-14T02:18:48.821+00:00,2026-09-14T02:18:55.433+00:00,False,97,96.0,,96.0,293398.474291,300010.29969899997,300010.299773,3092.889688381443,0.10294,293398.474291,29783.11488241412,88.51662879999999,68.87318133333333,19.50718417367042,0.3199890140315739,34,64,,False,False,Request timeout: 300.0s exceeded,468,21.16838264042747
121,2026-09-14T02:13:59.898+00:00,2026-09-14T02:18:53.588+00:00,2026-09-14T02:18:59.964+00:00,False,104,103.0,,103.0,293689.386412,300065.96958,300065.96960199997,2885.2497077115386,0.01528,293689.386412,28793.132804376204,87.9169698,61.90857444660194,185.18549142496295,0.34325785141236875,34,64,,False,False,Request timeout: 300.0s exceeded,482,21.16838264042747
122,2026-09-14T02:14:03.569+00:00,2026-09-14T02:18:57.257+00:00,2026-09-14T02:19:03.627+00:00,False,103,102.0,,102.0,293687.782421,300057.268757,300057.26895500004,2913.177368495146,0.01595,293687.782421,28932.362610860942,90.633294,62.44594447058824,187.01909166134513,0.33993510779638614,34,64,,False,False,Request timeout: 300.0s exceeded,511,21.16838264042747
123,2026-09-14T02:14:08.116+00:00,2026-09-14T02:19:01.767+00:00,2026-09-14T02:19:08.160+00:00,False,98,97.0,,97.0,293651.23450900003,300044.04372500005,300044.043673,3061.6739150306125,0.04381,293651.23450900003,29656.603885045177,89.0905609,65.90524964948453,20.69393001431798,0.32328587095334443,34,64,,False,False,Request timeout: 300.0s exceeded,491,21.16838264042747
124,2026-09-14T02:14:13.706+00:00,2026-09-14T02:19:07.562+00:00,2026-09-14T02:19:13.715+00:00,False,87,86.0,,86.0,293855.319688,300008.11738400004,300008.11729900003,3448.369164356322,0.034140000000000004,293855.319688,31496.932370141276,87.74984230000001,71.54415925581395,18.794793402521666,0.2866589102651611,34,64,,False,False,Request timeout: 300.0s exceeded,299,21.16838264042747
125,2026-09-14T02:14:17.109+00:00,2026-09-14T02:19:10.846+00:00,2026-09-14T02:19:17.149+00:00,False,92,91.0,,91.0,293737.53931300004,300040.58468900004,300040.584717,3261.3107034456525,0.036770000000000004,293737.53931300004,30617.04032508888,89.0558251,69.2642349010989,19.549240096833255,0.3032923032539878,34,64,,False,False,Request timeout: 300.0s exceeded,464,21.16838264042747
126,2026-09-14T02:14:22.077+00:00,2026-09-14T02:19:16.038+00:00,2026-09-14T02:19:22.162+00:00,False,89,88.0,,88.0,293960.357098,300084.451818,300084.451681,3371.7354121460676,0.02491,293960.357098,31152.36523698461,90.0674454,69.59198545454545,20.1451113604542,0.2932507814612523,34,64,,False,False,Request timeout: 300.0s exceeded,231,21.16838264042747
127,2026-09-14T02:14:26.116+00:00,2026-09-14T02:19:20.093+00:00,2026-09-14T02:19:26.578+00:00,False,89,88.0,,88.0,293976.75761699997,300461.13393699995,300461.13398999994,3375.967797640449,0.04014,293976.75761699997,31153.7339724515,90.8976024,73.68609454545455,66.75077904404101,0.29288313881705463,34,64,,False,False,Request timeout: 300.0s exceeded,461,21.16838264042747
128,2026-09-14T02:14:31.931+00:00,2026-09-14T02:19:24.656+00:00,2026-09-14T02:19:32.021+00:00,False,118,117.0,,117.0,292725.110358,300089.69557399995,300089.69536799996,2543.13301159322,0.0,292725.110358,26941.807232143106,89.16805655,62.94517278632478,62.18109584550359,0.38988343060632896,34,64,,False,False,Request timeout: 300.0s exceeded,590,21.16838264042747
129,2026-09-14T02:14:36.005+00:00,2026-09-14T02:19:29.576+00:00,2026-09-14T02:19:36.042+00:00,False,106,105.0,,105.0,293570.86458399997,300036.82247199997,300036.82262299996,2830.536062481132,0.020550000000000002,293570.86458399997,28508.14859168764,87.98673199999999,61.58055131428572,19.76541000405323,0.3499570457216091,34,64,,False,False,Request timeout: 300.0s exceeded,452,21.16838264042747
130,2026-09-14T02:14:39.807+00:00,2026-09-14T02:19:33.375+00:00,2026-09-14T02:19:39.858+00:00,False,99,98.0,,98.0,293568.42228,300051.283848,300051.283848,3030.821048969697,0.02114,293568.42228,29498.094487581806,86.40996399999999,66.15164865306123,19.535321160551863,0.3266108337988144,34,64,,False,False,Request timeout: 300.0s exceeded,463,21.16838264042747
131,2026-09-14T02:14:45.440+00:00,2026-09-14T02:19:39.091+00:00,2026-09-14T02:19:45.460+00:00,False,94,93.0,,93.0,293651.826358,300020.51423,300020.51417599997,3191.7075976170213,0.027420000000000003,293651.826358,30280.81641639819,87.80007065,68.48051475268817,19.74967254118581,0.30997880341177236,34,64,,False,False,Request timeout: 300.0s exceeded,350,21.16838264042747
132,2026-09-14T02:14:48.873+00:00,2026-09-14T02:19:42.592+00:00,2026-09-14T02:19:48.885+00:00,False,96,95.0,,95.0,293718.83503200003,300012.44424800004,300012.44430900004,3125.1296282187504,0.02376,293718.83503200003,29970.798334353534,88.69964025000002,66.24851806315789,20.185189161719496,0.31665353161640825,34,64,,False,False,Request timeout: 300.0s exceeded,461,21.16838264042747
133,2026-09-14T02:14:53.981+00:00,2026-09-14T02:19:47.881+00:00,2026-09-14T02:19:53.989+00:00,False,90,89.0,,89.0,293899.25252499996,300007.33418899996,300007.33431599993,3333.4148257333327,0.03767,293899.25252499996,30972.473865458174,89.95146045,68.63013105617978,20.584256623236826,0.29665941414596014,34,64,,False,False,Request timeout: 300.0s exceeded,364,21.16838264042747
134,2026-09-14T02:14:59.783+00:00,2026-09-14T02:19:53.405+00:00,2026-09-14T02:19:59.837+00:00,False,94,93.0,,93.0,293621.76280900004,300054.222329,300054.22211400006,3192.066192702128,0.01916,293621.76280900004,30277.64452098019,88.20217715000001,69.16623139784946,19.196946071074834,0.3099439803850799,34,64,,False,False,Request timeout: 300.0s exceeded,290,21.16838264042747
135,2026-09-14T02:15:03.071+00:00,2026-09-14T02:19:56.823+00:00,2026-09-14T02:20:03.092+00:00,False,96,95.0,,95.0,293751.21739,300020.715502,300020.715655,3125.215788072917,0.036369,293751.21739,29974.129213284476,88.77244750000001,65.99471696842105,20.133713658628693,0.3166448018132491,34,64,,False,False,Request timeout: 300.0s exceeded,428,21.16838264042747
136,2026-09-14T02:15:08.324+00:00,2026-09-14T02:20:02.236+00:00,2026-09-14T02:20:08.343+00:00,False,90,89.0,,89.0,293912.625625,300019.010777,300019.010746,3333.5445638444444,0.03603,293912.625625,30973.885685280704,90.93244095,68.61106912359551,20.82956690006519,0.29664786831176,34,64,,False,False,Request timeout: 300.0s exceeded,426,21.16838264042747
137,2026-09-14T02:15:11.965+00:00,2026-09-14T02:20:05.590+00:00,2026-09-14T02:20:12.057+00:00,False,100,99.0,,99.0,293624.664239,300091.225519,300091.225539,3000.91225539,0.04199,293624.664239,29355.941745137625,89.0878954,65.31880080808081,20.666843068692607,0.32989968243417334,34,64,,False,False,Request timeout: 300.0s exceeded,457,21.16838264042747
138,2026-09-14T02:15:16.568+00:00,2026-09-14T02:20:10.110+00:00,2026-09-14T02:20:16.642+00:00,False,96,95.0,,95.0,293541.746413,300074.097389,300074.097283,3125.7718466979163,0.04348,293541.746413,29952.467976886535,90.866983,68.76158922105263,20.42221237448773,0.31658847206944046,34,64,,False,False,Request timeout: 300.0s exceeded,375,21.16838264042747
139,2026-09-14T02:15:20.290+00:00,2026-09-14T02:20:13.438+00:00,2026-09-14T02:20:20.300+00:00,False,100,99.0,,99.0,293147.510633,300010.042217,300010.042316,3000.10042316,0.02262,293147.510633,29307.82589786375,89.3599605,69.31850084848485,19.895455587631822,0.32998895393105676,34,64,,False,False,Request timeout: 300.0s exceeded,411,21.16838264042747
140,2026-09-14T02:15:25.334+00:00,2026-09-14T02:20:19.123+00:00,2026-09-14T02:20:25.374+00:00,False,96,95.0,,95.0,293789.042853,300040.29277299996,300040.292967,3125.41971840625,0.0,293789.042853,29978.077939034258,89.61548025,65.8026307368421,67.53295289082138,0.3166241411178521,34,64,,False,False,Request timeout: 300.0s exceeded,459,21.16838264042747
141,2026-09-14T02:15:30.535+00:00,2026-09-14T02:20:24.212+00:00,2026-09-14T02:20:30.563+00:00,False,95,94.0,,94.0,293677.116332,300028.093868,300028.09371600003,3158.190460168421,0.040619999999999996,293677.116332,30123.71122124634,88.795228,67.56359080851063,20.218996605159024,0.3133039935965334,34,64,,False,False,Request timeout: 300.0s exceeded,402,21.16838264042747
142,2026-09-14T02:15:35.421+00:00,2026-09-14T02:20:28.804+00:00,2026-09-14T02:20:35.515+00:00,False,97,96.0,,96.0,293383.375464,300094.60183199996,300094.60184699995,3093.7587819278347,0.020239999999999998,293383.375464,29781.477176797074,90.36948059999999,69.908608,20.233011379635027,0.3198991231896369,34,64,,False,False,Request timeout: 300.0s exceeded,477,21.16838264042747
143,2026-09-14T02:15:38.644+00:00,2026-09-14T02:20:32.103+00:00,2026-09-14T02:20:38.666+00:00,False,90,89.0,,89.0,293459.559267,300022.543971,300022.544093,3333.5838232555557,0.020399999999999998,293459.559267,30925.586005635232,89.26110095,73.74140116853933,18.408910700374232,0.29664437485938616,34,64,,False,False,Request timeout: 300.0s exceeded,385,21.16838264042747
144,2026-09-14T02:15:43.444+00:00,2026-09-14T02:20:36.953+00:00,2026-09-14T02:20:43.526+00:00,False,94,93.0,,93.0,293508.867692,300081.978988,300081.978997,3192.3614786914895,0.0221,293508.867692,30265.84501764247,90.21705450000002,70.6786160860215,20.32313741408731,0.30991531152131924,34,64,,False,False,Request timeout: 300.0s exceeded,416,21.16838264042747
145,2026-09-14T02:15:48.995+00:00,2026-09-14T02:20:42.962+00:00,2026-09-14T02:20:49.636+00:00,False,98,97.0,,97.0,293967.33911799995,300641.41527799994,300641.415259,3067.7695434591833,0.03563,293967.33911799995,29688.242399126026,91.04470735,68.80490886597939,20.757665428606515,0.32264350508829637,34,64,,False,False,Request timeout: 300.0s exceeded,491,21.16838264042747
146,2026-09-14T02:15:54.792+00:00,2026-09-14T02:20:48.679+00:00,2026-09-14T02:20:54.828+00:00,False,93,92.0,,92.0,293887.033712,300035.927152,300035.927091,3226.1927644193547,0.046310000000000004,293887.033712,30467.743005116543,91.75347599999999,66.83579826086957,21.90358134221128,0.3066299455311305,34,64,,False,False,Request timeout: 300.0s exceeded,436,21.16838264042747
147,2026-09-14T02:15:59.446+00:00,2026-09-14T02:20:53.821+00:00,2026-09-14T02:20:59.524+00:00,False,82,81.0,,81.0,294374.861689,300077.712249,300077.712292,3659.484296243902,0.02149,294374.861689,32500.496137763897,89.07504004999998,70.4055624691358,19.73392874586267,0.26993007708878897,34,64,,False,False,Request timeout: 300.0s exceeded,108,21.16838264042747
148,2026-09-14T02:16:05.366+00:00,2026-09-14T02:20:58.930+00:00,2026-09-14T02:21:05.395+00:00,False,97,96.0,,96.0,293564.305717,300028.924725,300028.92472,3093.0816981443295,0.037,293564.305717,29800.10872209054,89.96974039999999,67.33978133333333,20.2937063365544,0.31996914993443226,34,64,,False,False,Request timeout: 300.0s exceeded,188,21.16838264042747
149,2026-09-14T02:16:11.141+00:00,2026-09-14T02:21:04.607+00:00,2026-09-14T02:21:11.231+00:00,False,99,98.0,,98.0,293465.907908,300089.33882,300089.338965,3031.205444090909,0.022289,293465.907908,29487.6480745622,89.84633690000001,67.58602971428571,20.75911926842462,0.32656941557921354,34,64,,False,False,Request timeout: 300.0s exceeded,469,21.16838264042747
150,2026-09-14T02:16:15.854+00:00,2026-09-14T02:21:09.541+00:00,2026-09-14T02:21:15.903+00:00,False,93,92.0,,92.0,293686.485031,300048.405031,300048.404993,3226.326935408602,0.03867,293686.485031,30446.706203885853,91.15880840000001,69.1513043478261,20.79289370431261,0.306617193950739,34,64,,False,False,Request timeout: 300.0s exceeded,436,21.16838264042747
151,2026-09-14T02:16:21.756+00:00,2026-09-14T02:21:15.777+00:00,2026-09-14T02:21:21.788+00:00,False,95,94.0,,94.0,294021.800017,300032.251985,300032.252031,3158.234231905263,0.0,294021.800017,30159.518163602082,90.819416,63.94097838297872,69.041097379091,0.3132996515477926,34,64,,False,False,Request timeout: 300.0s exceeded,394,21.16838264042747
152,2026-09-14T02:16:25.907+00:00,2026-09-14T02:21:19.885+00:00,2026-09-14T02:21:25.966+00:00,False,91,90.0,,90.0,293978.183288,300058.842488,300058.842442,3297.349916945055,0.04944,293978.183288,30810.2106063057,86.633142,67.56288,19.22881221602234,0.299941169051198,34,64,,False,False,Request timeout: 300.0s exceeded,459,21.16838264042747
153,2026-09-14T02:16:30.877+00:00,2026-09-14T02:21:24.509+00:00,2026-09-14T02:21:30.925+00:00,False,94,93.0,,93.0,293632.14874800004,300048.361228,300048.36115300003,3192.003842053192,0.03334,293632.14874800004,30278.734241287646,88.09612150000001,68.99153204301075,19.938378202508844,0.3099500347856637,34,64,,False,False,Request timeout: 300.0s exceeded,432,21.16838264042747
154,2026-09-14T02:16:35.961+00:00,2026-09-14T02:21:29.719+00:00,2026-09-14T02:21:35.988+00:00,False,96,95.0,,95.0,293758.045111,300027.446199,300027.446297,3125.2858989270835,0.023559999999999998,293758.045111,29974.827045491133,91.93402524999999,65.9936956631579,21.412236924000663,0.3166376983290692,34,64,,False,False,Request timeout: 300.0s exceeded,379,21.16838264042747
155,2026-09-14T02:16:39.345+00:00,2026-09-14T02:21:34.078+00:00,2026-09-14T02:21:39.432+00:00,False,78,77.0,,77.0,294732.50132599997,300087.204942,300087.205064,3847.2718597948715,0.02985,294732.50132599997,33364.015713118366,86.5899277,69.5416054025974,19.287933055387434,0.25659207967524755,34,64,,False,False,Request timeout: 300.0s exceeded,397,21.16838264042747
156,2026-09-14T02:16:44.773+00:00,2026-09-14T02:21:38.727+00:00,2026-09-14T02:21:46.366+00:00,False,86,85.0,,85.0,293954.11332099995,301592.37738499994,301592.377366,3506.8881089069764,0.04095,293954.11332099995,31688.992181706908,88.7778845,89.86193016470588,225.79915405449898,0.2818373618624075,34,64,,False,False,Request timeout: 300.0s exceeded,127,21.16838264042747
157,2026-09-14T02:16:50.080+00:00,2026-09-14T02:21:43.459+00:00,2026-09-14T02:21:50.111+00:00,False,112,111.0,,111.0,293378.651029,300030.976661,300030.976496,2678.8480044285716,0.015130000000000001,293378.651029,27716.749500561862,88.75236699999999,59.93086154954955,202.85109586700287,0.3699617993958572,34,64,,False,False,Request timeout: 300.0s exceeded,519,21.16838264042747
158,2026-09-14T02:16:53.590+00:00,2026-09-14T02:21:47.620+00:00,2026-09-14T02:21:53.653+00:00,False,91,90.0,,90.0,294029.67304900003,300062.48149700003,300062.481663,3297.389908384616,0.023,294029.67304900003,30815.66396963247,86.1476185,67.03120497777778,19.28764954214561,0.2999375315134152,34,64,,False,False,Request timeout: 300.0s exceeded,493,21.16838264042747
159,2026-09-14T02:16:59.561+00:00,2026-09-14T02:21:53.570+00:00,2026-09-14T02:21:59.605+00:00,False,87,86.0,,86.0,294008.853475,300043.911907,300043.911876,3448.780596275862,0.0385,294008.853475,31513.54016040464,87.932853,70.17509804651164,19.567330250244634,0.28662471254093,34,64,,False,False,Request timeout: 300.0s exceeded,404,21.16838264042747
160,2026-09-14T02:17:05.012+00:00,2026-09-14T02:21:58.900+00:00,2026-09-14T02:22:05.051+00:00,False,95,94.0,,94.0,293888.15193,300038.95897,300038.958957,3158.3048311263155,0.03771,293888.15193,30145.581926567807,89.1882187,65.43411744680851,20.86492581028958,0.31329264813706675,34,64,,False,False,Request timeout: 300.0s exceeded,232,21.16838264042747
161,2026-09-14T02:17:10.511+00:00,2026-09-14T02:22:03.991+00:00,2026-09-14T02:22:10.533+00:00,False,99,98.0,,98.0,293479.55378799996,300021.96709999995,300021.967028,3030.524919474747,0.02575,293479.55378799996,29489.102536475053,88.4458708,66.75931951020408,20.632441454927882,0.32664274868691784,34,64,,False,False,Request timeout: 300.0s exceeded,442,21.16838264042747
162,2026-09-14T02:17:15.707+00:00,2026-09-14T02:22:09.468+00:00,2026-09-14T02:22:15.773+00:00,False,102,101.0,,101.0,293761.087404,300065.757868,300065.757996,2941.8211568235292,0.0,293761.087404,29080.575656754347,88.68465849999998,62.42247984158416,66.15910360574563,0.336592887897693,34,64,,False,False,Request timeout: 300.0s exceeded,481,21.16838264042747
163,2026-09-14T02:17:19.194+00:00,2026-09-14T02:22:12.743+00:00,2026-09-14T02:22:19.224+00:00,False,99,98.0,,98.0,293548.564689,300030.248145,300030.24824600003,3030.6085681414143,0.02284,293548.564689,29496.099971809428,86.276125,66.13962710204082,19.594229953707284,0.32663373311826244,34,64,,False,False,Request timeout: 300.0s exceeded,491,21.16838264042747
164,2026-09-14T02:17:23.184+00:00,2026-09-14T02:22:16.910+00:00,2026-09-14T02:22:23.241+00:00,False,92,91.0,,91.0,293725.657509,300057.34365299996,300057.343823,3261.492867641304,0.02736,293725.657509,30615.768834667037,90.08640665000001,69.57896861538461,19.6856310889626,0.3032753636092858,34,64,,False,False,Request timeout: 300.0s exceeded,433,21.16838264042747
165,2026-09-14T02:17:27.015+00:00,2026-09-14T02:22:20.574+00:00,2026-09-14T02:22:27.043+00:00,False,98,97.0,,97.0,293558.958766,300027.180974,300027.181132,3061.5018482857145,0.04021,293558.958766,29647.20420287083,89.5458445,66.68270317525773,20.849845021179718,0.32330404093756393,34,64,,False,False,Request timeout: 300.0s exceeded,423,21.16838264042747
166,2026-09-14T02:17:31.922+00:00,2026-09-14T02:22:26.003+00:00,2026-09-14T02:22:31.972+00:00,False,87,86.0,,86.0,294080.54364999995,300050.204322,300050.204268,3448.8529226206892,0.03062,294080.54364999995,31521.308052958626,89.92585,69.41465897674419,20.16586713839607,0.2866187016746997,34,64,,False,False,Request timeout: 300.0s exceeded,454,21.16838264042747
167,2026-09-14T02:17:36.452+00:00,2026-09-14T02:22:29.904+00:00,2026-09-14T02:22:36.497+00:00,False,94,93.0,,93.0,293451.94116399996,300044.20894,300044.208948,3191.959669659574,0.02219,293451.94116399996,30259.953379043156,93.231809,70.88459974193547,21.956388848371247,0.30995432415960167,34,64,,False,False,Request timeout: 300.0s exceeded,431,21.16838264042747
168,2026-09-14T02:17:41.390+00:00,2026-09-14T02:22:35.300+00:00,2026-09-14T02:22:41.452+00:00,False,88,87.0,,87.0,293910.101985,300062.884577,300062.884648,3409.8055073636365,0.03325,293910.101985,31323.390228010117,91.83595519999999,70.72163898850575,21.117246098181656,0.28993922431507746,34,64,,False,False,Request timeout: 300.0s exceeded,371,21.16838264042747
169,2026-09-14T02:17:46.720+00:00,2026-09-14T02:22:40.244+00:00,2026-09-14T02:22:46.751+00:00,False,95,94.0,,94.0,293524.154649,300031.56482499995,300031.56490299996,3158.226998978947,0.02275,293524.154649,30107.847511343123,91.2111907,69.22776782978724,21.052645033330712,0.3133003690955902,34,64,,False,False,Request timeout: 300.0s exceeded,476,21.16838264042747
170,2026-09-14T02:17:52.054+00:00,2026-09-14T02:22:45.443+00:00,2026-09-14T02:22:52.098+00:00,False,98,97.0,,97.0,293388.866825,300044.234249,300044.234207,3061.675859255102,0.02203,293388.866825,29629.82615309703,87.84353655000001,68.61203529896908,18.920380093391632,0.3232856656712219,34,64,,False,False,Request timeout: 300.0s exceeded,411,21.16838264042747
171,2026-09-14T02:17:55.569+00:00,2026-09-14T02:22:49.134+00:00,2026-09-14T02:22:55.636+00:00,False,98,97.0,,97.0,293565.47765899997,300066.917147,300066.917095,3061.907317295918,0.0208,293565.47765899997,29647.827271423732,89.86202585,67.02514936082474,19.595377910081915,0.32326122760304365,34,64,,False,False,Request timeout: 300.0s exceeded,509,21.16838264042747
172,2026-09-14T02:18:01.385+00:00,2026-09-14T02:22:55.196+00:00,2026-09-14T02:23:01.417+00:00,False,92,91.0,,91.0,293810.830471,300031.516551,300031.516751,3261.212138597826,0.03546,293810.830471,30624.777443774467,91.5564005,68.3591876923077,21.981832601919137,0.30330146994584695,34,64,,False,False,Request timeout: 300.0s exceeded,485,21.16838264042747
173,2026-09-14T02:18:06.692+00:00,2026-09-14T02:23:00.178+00:00,2026-09-14T02:23:06.714+00:00,False,100,99.0,,99.0,293485.666988,300021.255852,300021.255643,3000.21255643,0.0,293485.666988,29342.0414799334,90.9362263,66.01604913131312,67.29316984110007,0.3299766202193239,34,64,,False,False,Request timeout: 300.0s exceeded,145,21.16838264042747
174,2026-09-14T02:18:12.018+00:00,2026-09-14T02:23:05.322+00:00,2026-09-14T02:23:12.039+00:00,False,105,104.0,,104.0,293303.944842,300021.002378,300021.002393,2857.3428799333337,0.0,293303.944842,28617.30441207429,90.62950640000001,64.5870916923077,65.10697088598886,0.34664239895102134,34,64,,False,False,Request timeout: 300.0s exceeded,508,21.16838264042747
175,2026-09-14T02:18:16.403+00:00,2026-09-14T02:23:10.007+00:00,2026-09-14T02:23:16.423+00:00,False,90,89.0,,89.0,293604.213806,300019.820334,300019.82020300004,3333.553557811111,0.02553,293604.213806,30941.009088197217,89.58422095,72.08546660674158,19.41316390876327,0.29664706785345013,34,64,,False,False,Request timeout: 300.0s exceeded,427,21.16838264042747
176,2026-09-14T02:18:21.105+00:00,2026-09-14T02:23:14.646+00:00,2026-09-14T02:23:21.148+00:00,False,95,94.0,,94.0,293540.901547,300043.262123,300043.262032,3158.3501266526314,0.03915999999999999,293540.901547,30109.570764940196,89.2901333,69.17404868085106,20.38713495324336,0.31328815496435164,34,64,,False,False,Request timeout: 300.0s exceeded,511,21.16838264042747
177,2026-09-14T02:18:26.467+00:00,2026-09-14T02:23:19.924+00:00,2026-09-14T02:23:26.502+00:00,False,101,100.0,,100.0,293457.112593,300034.512913,300034.512849,2970.638741079208,0.032659,293457.112593,29193.536506410608,88.473593,65.77400320000001,20.589611630980304,0.3332949900633487,34,64,,False,False,Request timeout: 300.0s exceeded,459,21.16838264042747
178,2026-09-14T02:18:32.159+00:00,2026-09-14T02:23:25.599+00:00,2026-09-14T02:23:32.711+00:00,False,108,107.0,,107.0,293439.539529,300551.839049,300551.83917500003,2782.8873997685187,0.022010000000000002,293439.539529,28229.844501659507,89.7381697,66.47008897196261,20.993021310600323,0.3560117959636088,34,64,,False,False,Request timeout: 300.0s exceeded,461,21.16838264042747
179,2026-09-14T02:18:37.561+00:00,2026-09-14T02:23:31.363+00:00,2026-09-14T02:23:37.629+00:00,False,92,91.0,,91.0,293802.039571,300067.906835,300067.90672599996,3261.6076818043475,0.03739,293802.039571,30623.808283810962,90.10673355,68.85568421978022,20.70134364320847,0.30326468751634506,34,64,,False,False,Request timeout: 300.0s exceeded,320,21.16838264042747
180,2026-09-14T02:18:41.328+00:00,2026-09-14T02:23:35.214+00:00,2026-09-14T02:23:41.348+00:00,False,89,88.0,,88.0,293886.96319800004,300020.95308600005,300020.95306200004,3371.0219445168545,0.02258,293886.96319800004,31144.572867945615,87.47444139999999,69.70443054545454,18.996599607351296,0.2933128473022852,34,64,,False,False,Request timeout: 300.0s exceeded,348,21.16838264042747
181,2026-09-14T02:18:47.027+00:00,2026-09-14T02:23:40.592+00:00,2026-09-14T02:23:47.110+00:00,False,99,98.0,,98.0,293564.62391,300082.408998,300082.408782,3031.1354422424247,0.03939,293564.62391,29497.67641844807,86.37838479999999,66.50801110204083,18.75208129671444,0.3265769570673273,34,64,,False,False,Request timeout: 300.0s exceeded,347,21.16838264042747
182,2026-09-14T02:18:51.000+00:00,2026-09-14T02:23:44.936+00:00,2026-09-14T02:23:51.027+00:00,False,90,89.0,,89.0,293935.62714399997,300026.57242399995,300026.57234799996,3333.6285816444442,0.026,293935.62714399997,30976.327469419637,88.76991945,68.43758741573035,19.14463260335134,0.2966403918191102,34,64,,False,False,Request timeout: 300.0s exceeded,464,21.16838264042747
183,2026-09-14T02:18:56.391+00:00,2026-09-14T02:23:49.801+00:00,2026-09-14T02:23:56.410+00:00,False,96,95.0,,95.0,293410.135765,300019.167957,300019.16810400004,3125.19966775,0.03369,293410.135765,29938.953120252336,89.8789575,69.56875991578947,20.388944151904756,0.31664643511582496,34,64,,False,False,Request timeout: 300.0s exceeded,483,21.16838264042747
184,2026-09-14T02:19:01.659+00:00,2026-09-14T02:23:55.533+00:00,2026-09-14T02:24:01.715+00:00,False,103,102.0,,102.0,293873.98887400003,300056.58471400006,300056.58462700003,2913.170724533981,0.0,293873.98887400003,28950.366363535333,89.95534789999999,60.613684705882356,65.90232338124692,0.33993588275098724,34,64,,False,False,Request timeout: 300.0s exceeded,473,21.16838264042747
185,2026-09-14T02:19:06.085+00:00,2026-09-14T02:24:00.571+00:00,2026-09-14T02:24:06.116+00:00,False,87,86.0,,86.0,294485.86596200004,300030.99697000004,300030.99676300003,3448.63214670115,0.0,294485.86596200004,31565.36579741313,92.0255082,64.47826753488373,71.38050624859636,0.2866370503998262,34,64,,False,False,Request timeout: 300.0s exceeded,407,21.16838264042747
186,2026-09-14T02:19:11.664+00:00,2026-09-14T02:24:05.389+00:00,2026-09-14T02:24:11.692+00:00,False,97,96.0,,96.0,293725.065233,300028.154129,300028.15407199995,3093.0737533195875,0.047060000000000005,293725.065233,29816.60163994923,87.31725180000001,65.657176,19.418298688384475,0.31996997174713104,34,64,,False,False,Request timeout: 300.0s exceeded,531,21.16838264042747
187,2026-09-14T02:19:15.573+00:00,2026-09-14T02:24:09.635+00:00,2026-09-14T02:24:15.590+00:00,False,89,88.0,,88.0,294061.519811,300017.080003,300017.08001399995,3370.9784271235953,0.0381,294061.519811,31163.29128874868,88.00408999999999,67.67682036363637,19.863017900103515,0.29331663383671375,34,64,,False,False,Request timeout: 300.0s exceeded,458,21.16838264042747
188,2026-09-14T02:19:21.211+00:00,2026-09-14T02:24:14.692+00:00,2026-09-14T02:24:21.265+00:00,False,96,95.0,,95.0,293480.810311,300053.942087,300053.941971,3125.56189553125,0.025160000000000002,293480.810311,29946.20439793451,88.66099774999999,69.1908608,19.66235899895571,0.3166097380332199,34,64,,False,False,Request timeout: 300.0s exceeded,404,21.16838264042747
189,2026-09-14T02:19:26.738+00:00,2026-09-14T02:24:20.214+00:00,2026-09-14T02:24:26.818+00:00,False,98,97.0,,97.0,293475.674564,300080.15456399997,300080.154557,3062.0423934387754,0.022629999999999997,293475.674564,29638.648505636495,88.5474097,68.08742268041237,19.6267855082474,0.3232469676008255,34,64,,False,False,Request timeout: 300.0s exceeded,414,21.16838264042747
190,2026-09-14T02:19:30.037+00:00,2026-09-14T02:24:23.601+00:00,2026-09-14T02:24:30.096+00:00,False,98,97.0,,97.0,293563.63455699995,300058.8619489999,300058.86198099994,3061.8251222551016,0.02431,293563.63455699995,29647.647749782634,89.86226500000001,66.96110713402062,19.8845911425147,0.3232699056776626,34,64,,False,False,Request timeout: 300.0s exceeded,395,21.16838264042747
191,2026-09-14T02:19:34.200+00:00,2026-09-14T02:24:27.853+00:00,2026-09-14T02:24:34.250+00:00,False,95,94.0,,94.0,293652.09534,300049.977708,300049.9776,3158.420816842105,0.03726,293652.09534,30121.09260073305,88.581686,68.06257838297873,19.721413452133294,0.3132811430883628,34,64,,False,False,Request timeout: 300.0s exceeded,269,21.16838264042747
192,2026-09-14T02:19:39.125+00:00,2026-09-14T02:24:32.826+00:00,2026-09-14T02:24:39.144+00:00,False,92,91.0,,91.0,293701.379856,300018.839056,300018.838895,3261.0743358152176,0.03562,293701.379856,30613.254123119706,88.75455255000001,69.42262857142856,19.8551646261046,0.303314286150592,34,64,,False,False,Request timeout: 300.0s exceeded,369,21.16838264042747
193,2026-09-14T02:19:43.648+00:00,2026-09-14T02:24:36.923+00:00,2026-09-14T02:24:43.678+00:00,False,96,95.0,,95.0,293274.63335799996,300029.34926199995,300029.34935399995,3125.3057224374998,0.03635,293274.63335799996,29924.966865294053,89.74257575,71.10227267368421,20.257635484079707,0.3166356899205933,34,64,,False,False,Request timeout: 300.0s exceeded,379,21.16838264042747
194,2026-09-14T02:19:47.573+00:00,2026-09-14T02:24:41.141+00:00,2026-09-14T02:24:47.619+00:00,False,62,61.0,,61.0,293567.344062,300046.19539,300046.19539,4839.4547643548385,0.06251,293567.344062,37270.64820244559,91.93469515000001,106.21067750819672,281.68039580102214,0.2033020279451043,34,64,,False,False,Request timeout: 300.0s exceeded,261,21.16838264042747
195,2026-09-14T02:19:51.689+00:00,2026-09-14T02:24:47.575+00:00,2026-09-14T02:24:51.700+00:00,False,63,62.0,,62.0,295885.47393800004,300010.498962,300010.49882700003,4762.071409952381,0.037579999999999995,295885.47393800004,37269.690425418084,95.23816630000002,66.53266167741936,23.04517309159336,0.20665943430150777,34,64,,False,False,Request timeout: 300.0s exceeded,286,21.16838264042747
196,2026-09-14T02:19:56.667+00:00,2026-09-14T02:24:50.541+00:00,2026-09-14T02:24:57.009+00:00,False,85,84.0,,84.0,293874.174973,300342.064381,300342.06435500004,3533.436051235294,0.0232,293874.174973,31866.850409288465,88.32741180000001,76.99868342857144,68.35094495718597,0.2796811035214884,34,64,,False,False,Request timeout: 300.0s exceeded,458,21.16838264042747
197,2026-09-14T02:20:02.341+00:00,2026-09-14T02:24:55.763+00:00,2026-09-14T02:25:02.380+00:00,False,103,102.0,,102.0,293422.067472,300039.20232000004,300039.20231900003,2913.001964262136,0.0,293422.067472,28905.418194437174,85.31631900000001,64.87387105882353,66.1777142177725,0.33995557650901304,34,64,,False,False,Request timeout: 300.0s exceeded,396,21.16838264042747
198,2026-09-14T02:20:06.799+00:00,2026-09-14T02:25:00.547+00:00,2026-09-14T02:25:06.840+00:00,False,95,94.0,,94.0,293748.281647,300041.229359,300041.229388,3158.3287304,0.02077,293748.281647,30131.07563752542,87.15715700000001,66.94625225531915,19.720702170005065,0.31329027747559585,34,64,,False,False,Request timeout: 300.0s exceeded,368,21.16838264042747
199,2026-09-14T02:20:12.644+00:00,2026-09-14T02:25:06.398+00:00,2026-09-14T02:25:12.686+00:00,False,92,91.0,,91.0,293753.774269,300042.121149,300042.12101999996,3261.327402391304,0.028908999999999997,293753.774269,30618.750184659042,89.38343555,69.10271296703297,20.1861599146964,0.30329075015040863,34,64,,False,False,Request timeout: 300.0s exceeded,407,21.16838264042747
200,2026-09-14T02:20:16.477+00:00,2026-09-14T02:25:10.113+00:00,2026-09-14T02:25:16.495+00:00,False,92,91.0,,91.0,293635.974942,300017.789982,300017.789926,3261.062933978261,0.02583,293635.974942,30606.361534417745,90.02425255,70.1298356043956,19.971808048969873,0.30331534675146987,34,64,,False,False,Request timeout: 300.0s exceeded,424,21.16838264042747
201,2026-09-14T02:20:20.153+00:00,2026-09-14T02:25:13.895+00:00,2026-09-14T02:25:20.199+00:00,False,94,93.0,,93.0,293742.224499,300046.247283,300046.247437,3191.981355712766,0.02233,293742.224499,30290.212818515727,91.66228795,67.78519122580644,20.998339320929585,0.30995221850678084,34,64,,False,False,Request timeout: 300.0s exceeded,464,21.16838264042747
202,2026-09-14T02:20:24.588+00:00,2026-09-14T02:25:18.417+00:00,2026-09-14T02:25:24.640+00:00,False,96,95.0,,95.0,293828.935991,300051.987767,300051.987608,3125.541537583333,0.019379999999999998,293828.935991,29982.111637397833,89.115522,65.50580816842105,20.73429553321535,0.3166118001983395,34,64,,False,False,Request timeout: 300.0s exceeded,461,21.16838264042747
203,2026-09-14T02:20:28.889+00:00,2026-09-14T02:25:22.556+00:00,2026-09-14T02:25:28.939+00:00,False,95,94.0,,94.0,293667.69810399995,300050.1981999999,300050.19809599995,3158.423137852631,0.023260000000000003,293667.69810399995,30122.710994646208,90.2921738,67.89893719148937,20.913101563905318,0.313280912873598,34,64,,False,False,Request timeout: 300.0s exceeded,506,21.16838264042747
204,2026-09-14T02:20:34.648+00:00,2026-09-14T02:25:28.323+00:00,2026-09-14T02:25:34.671+00:00,False,90,89.0,,89.0,293674.86106300005,300022.9319750001,300022.93197800004,3333.588133088889,0.02454,293674.86106300005,30948.53633940486,89.38522800000001,71.32663946067416,20.033168255861415,0.2966439912246977,34,64,,False,False,Request timeout: 300.0s exceeded,469,21.16838264042747
205,2026-09-14T02:20:38.887+00:00,2026-09-14T02:25:32.802+00:00,2026-09-14T02:25:38.964+00:00,False,89,88.0,,88.0,293915.270149,300077.84986099997,300077.849714,3371.661232741573,0.029068999999999998,293915.270149,31147.539530455797,90.06593600000001,70.0293149090909,19.919144221262655,0.2932572332171894,34,64,,False,False,Request timeout: 300.0s exceeded,425,21.16838264042747
206,2026-09-14T02:20:44.679+00:00,2026-09-14T02:25:38.348+00:00,2026-09-14T02:25:44.724+00:00,False,95,94.0,,94.0,293669.397751,300045.649655,300045.649706,3158.375260063158,0.02422,293669.397751,30122.89197310614,88.68980810000001,67.8324670638298,20.58864700623764,0.3132856620587019,34,64,,False,False,Request timeout: 300.0s exceeded,391,21.16838264042747
207,2026-09-14T02:20:48.339+00:00,2026-09-14T02:25:42.074+00:00,2026-09-14T02:25:48.390+00:00,False,93,92.0,,92.0,293734.876816,300050.960784,300050.96084099996,3226.354417645161,0.03617,293734.876816,30451.775806583573,89.54420699999999,68.65308660869566,20.714046070629173,0.30661458226833926,34,64,,False,False,Request timeout: 300.0s exceeded,341,21.16838264042747
208,2026-09-14T02:20:52.010+00:00,2026-09-14T02:25:45.934+00:00,2026-09-14T02:25:52.081+00:00,False,90,89.0,,89.0,293924.22736900003,300070.81271300005,300070.81275000004,3334.1201416666668,0.0,293924.22736900003,30975.1367365104,88.45638600000001,69.06275667415731,71.96401733154167,0.29659665728676926,34,64,,False,False,Request timeout: 300.0s exceeded,258,21.16838264042747
209,2026-09-14T02:20:57.000+00:00,2026-09-14T02:25:50.810+00:00,2026-09-14T02:25:57.070+00:00,False,100,99.0,,99.0,293810.053947,300070.847291,300070.847321,3000.70847321,0.0,293810.053947,29374.759314064657,90.2119763,63.240336808080805,68.01786169423198,0.3299220863797964,34,64,,False,False,Request timeout: 300.0s exceeded,538,21.16838264042747
210,2026-09-14T02:21:00.759+00:00,2026-09-14T02:25:54.773+00:00,2026-09-14T02:26:00.801+00:00,False,90,89.0,,89.0,294013.176368,300042.02296,300042.022914,3333.8002546,0.022850000000000002,294013.176368,30984.57634885131,90.08353195,67.7398493483146,20.60623356077385,0.29662511644865497,34,64,,False,False,Request timeout: 300.0s exceeded,400,21.16838264042747
211,2026-09-14T02:21:04.488+00:00,2026-09-14T02:25:58.033+00:00,2026-09-14T02:26:04.559+00:00,False,94,93.0,,93.0,293544.55567900004,300070.629535,300070.62960700004,3192.2407405000004,0.02391,293544.55567900004,30269.57808387337,89.63679715,70.17283716129032,20.270686681346437,0.3099270333258409,34,64,,False,False,Request timeout: 300.0s exceeded,445,21.16838264042747
212,2026-09-14T02:21:10.073+00:00,2026-09-14T02:26:03.999+00:00,2026-09-14T02:26:10.109+00:00,False,93,92.0,,92.0,293925.97291799996,300036.03909399995,300036.03912299994,3226.193969064516,0.038859000000000005,293925.97291799996,30471.823894569443,91.01442579999998,66.4137627826087,20.925327190504436,0.30662983112897585,34,64,,False,False,Request timeout: 300.0s exceeded,385,21.16838264042747
213,2026-09-14T02:21:14.869+00:00,2026-09-14T02:26:08.994+00:00,2026-09-14T02:26:14.918+00:00,False,85,84.0,,84.0,294124.73826,300049.32603600004,300049.326007,3529.9920706705884,0.021929999999999998,294124.73826,31894.663147700812,89.447641,70.53080685714285,20.045974158203787,0.27995396993466887,34,64,,False,False,Request timeout: 300.0s exceeded,385,21.16838264042747
214,2026-09-14T02:21:19.014+00:00,2026-09-14T02:26:12.951+00:00,2026-09-14T02:26:19.074+00:00,False,93,92.0,,92.0,293937.119217,300060.04222500004,300060.04222500004,3226.4520669354843,0.039740000000000004,293937.119217,30472.965109343804,89.7601166,66.55351095652175,20.76107238296848,0.30660530245148004,34,64,,False,False,Request timeout: 300.0s exceeded,425,21.16838264042747
215,2026-09-14T02:21:22.455+00:00,2026-09-14T02:26:16.343+00:00,2026-09-14T02:26:22.501+00:00,False,94,93.0,,93.0,293887.21742400003,300045.814032,300045.813907,3191.97674369149,0.03621,293887.21742400003,30305.32861654474,89.04152764999999,66.22146890322581,20.462388450006873,0.30995266606212846,34,64,,False,False,Request timeout: 300.0s exceeded,442,21.16838264042747
216,2026-09-14T02:21:25.838+00:00,2026-09-14T02:26:19.555+00:00,2026-09-14T02:26:25.891+00:00,False,92,91.0,,91.0,293716.620996,300052.97786,300052.977883,3261.445411771739,0.023969999999999998,293716.620996,30614.82192863223,90.02169900000001,69.63029520879121,20.55695100378249,0.30327977628823655,34,64,,False,False,Request timeout: 300.0s exceeded,317,21.16838264042747
217,2026-09-14T02:21:31.805+00:00,2026-09-14T02:26:25.677+00:00,2026-09-14T02:26:31.882+00:00,False,93,92.0,,92.0,293871.50038200006,300076.7138220001,300076.71383500006,3226.6313315591406,0.027499,293871.50038200006,30466.067631016605,88.168702,67.44797217391304,20.201059038784418,0.3065882681405685,34,64,,False,False,Request timeout: 300.0s exceeded,482,21.16838264042747
218,2026-09-14T02:21:36.868+00:00,2026-09-14T02:26:30.661+00:00,2026-09-14T02:26:36.931+00:00,False,94,93.0,,93.0,293792.324341,300062.789877,300062.789997,3192.1573403936172,0.041159999999999995,293792.324341,30295.41672454135,87.64859965,67.42436060215054,19.930225202843896,0.309935130704217,34,64,,False,False,Request timeout: 300.0s exceeded,447,21.16838264042747
219,2026-09-14T02:21:40.865+00:00,2026-09-14T02:26:34.783+00:00,2026-09-14T02:26:40.915+00:00,False,93,92.0,,92.0,293918.07838599995,300049.94168199995,300049.941556,3226.3434575913975,0.035590000000000004,293918.07838599995,30470.9805669323,89.752643,66.650688,20.725387533555395,0.30661562366675543,34,64,,False,False,Request timeout: 300.0s exceeded,207,21.16838264042747
220,2026-09-14T02:21:46.403+00:00,2026-09-14T02:26:40.313+00:00,2026-09-14T02:26:46.478+00:00,False,96,95.0,,95.0,293909.419237,300075.198693,300075.198605,3125.783318802083,0.0,293909.419237,29990.448314181987,88.83952975,64.90294164210526,64.1818231103938,0.3165873101601852,34,64,,False,False,Request timeout: 300.0s exceeded,370,21.16838264042747
221,2026-09-14T02:21:50.002+00:00,2026-09-14T02:26:43.748+00:00,2026-09-14T02:26:50.061+00:00,False,101,100.0,,100.0,293745.98579400004,300059.15417800006,300059.153981,2970.882712683169,0.0,293745.98579400004,29222.605311311367,90.93263800000001,63.13168384,63.876496827788756,0.33326761942639604,34,64,,False,False,Request timeout: 300.0s exceeded,332,21.16838264042747
222,2026-09-14T02:21:53.479+00:00,2026-09-14T02:26:47.658+00:00,2026-09-14T02:26:53.525+00:00,False,89,88.0,,88.0,294179.390091,300046.289035,300046.28895,3371.30661741573,0.02278,294179.390091,31175.89242416448,87.32303540000001,66.66930618181819,20.047659625680335,0.2932880799260107,34,64,,False,False,Request timeout: 300.0s exceeded,425,21.16838264042747
223,2026-09-14T02:21:58.966+00:00,2026-09-14T02:26:52.845+00:00,2026-09-14T02:26:59.020+00:00,False,89,88.0,,88.0,293878.882018,300054.745314,300054.745474,3371.401634539326,0.023190000000000002,293878.882018,31143.666217049333,87.877649,70.18026472727273,19.63404113533297,0.29327981434824546,34,64,,False,False,Request timeout: 300.0s exceeded,370,21.16838264042747
224,2026-09-14T02:22:04.490+00:00,2026-09-14T02:26:58.352+00:00,2026-09-14T02:27:04.544+00:00,False,88,87.0,,87.0,293862.24908499996,300054.39551699994,300054.39545599994,3409.709039272727,0.03505,293862.24908499996,31318.23969703074,88.8138875,71.17409691954023,19.292254244633426,0.28994742719931565,34,64,,False,False,Request timeout: 300.0s exceeded,371,21.16838264042747
225,2026-09-14T02:22:08.953+00:00,2026-09-14T02:27:02.546+00:00,2026-09-14T02:27:08.960+00:00,False,96,95.0,,95.0,293593.21210500004,300007.257801,300007.257808,3125.075602166667,0.02402,293593.21210500004,29957.847536211317,89.49520075000001,67.51627048421052,20.071830817766322,0.3166590058398358,34,64,,False,False,Request timeout: 300.0s exceeded,450,21.16838264042747
226,2026-09-14T02:22:12.279+00:00,2026-09-14T02:27:06.303+00:00,2026-09-14T02:27:12.372+00:00,False,89,88.0,,88.0,294024.213785,300092.80872900004,300092.808678,3371.8293109887645,0.02169,294024.213785,31159.201089160095,89.43356100000001,68.96130618181819,20.465712607283823,0.293242615085351,34,64,,False,False,Request timeout: 300.0s exceeded,364,21.16838264042747
227,2026-09-14T02:22:16.880+00:00,2026-09-14T02:27:10.757+00:00,2026-09-14T02:27:16.899+00:00,False,95,94.0,,94.0,293877.110768,300019.81028800004,300019.81030300003,3158.1032663473684,0.02281,293877.110768,30144.457994578912,89.7185047,65.34786723404255,20.89121605382007,0.31331264395429737,34,64,,False,False,Request timeout: 300.0s exceeded,451,21.16838264042747
228,2026-09-14T02:22:22.479+00:00,2026-09-14T02:27:16.335+00:00,2026-09-14T02:27:22.484+00:00,False,90,89.0,,89.0,293856.74870399997,300005.21820799995,300005.218068,3333.3913118666665,0.036770000000000004,293856.74870399997,30967.94543485495,87.96636749999999,69.08392701123596,20.1203126335209,0.29666150652851114,34,64,,False,False,Request timeout: 300.0s exceeded,333,21.16838264042747
229,2026-09-14T02:22:28.120+00:00,2026-09-14T02:27:21.973+00:00,2026-09-14T02:27:28.156+00:00,False,88,87.0,,87.0,293853.814132,300036.23768400005,300036.23777500005,3409.5027019886365,0.0254,293853.814132,31317.35231383325,86.87256615,71.06233967816092,19.081675174816557,0.2899649744696136,34,64,,False,False,Request timeout: 300.0s exceeded,340,21.16838264042747
230,2026-09-14T02:22:33.981+00:00,2026-09-14T02:27:27.730+00:00,2026-09-14T02:27:34.015+00:00,False,100,99.0,,99.0,293748.84056599997,300033.595766,300033.59569299995,3000.3359569299996,0.02417,293748.84056599997,29368.54243896865,87.64663145,63.48237575757576,19.81914732252651,0.32996304879541344,34,64,,False,False,Request timeout: 300.0s exceeded,394,21.16838264042747
231,2026-09-14T02:22:38.588+00:00,2026-09-14T02:27:32.237+00:00,2026-09-14T02:27:38.621+00:00,False,97,96.0,,96.0,293649.203529,300032.49952899996,300032.49956699996,3093.1185522371134,0.04981,293649.203529,29808.8143891232,87.29308759999999,66.49266666666666,19.67698577019145,0.3199653375907733,34,64,,False,False,Request timeout: 300.0s exceeded,367,21.16838264042747
232,2026-09-14T02:22:44.298+00:00,2026-09-14T02:27:37.909+00:00,2026-09-14T02:27:44.367+00:00,False,98,97.0,,97.0,293611.10200099996,300069.432881,300069.432911,3061.9329888877546,0.0,293611.10200099996,29652.551970403107,92.3547492,66.58073072164949,68.12961200523299,0.3232585174327562,34,64,,False,False,Request timeout: 300.0s exceeded,442,21.16838264042747
233,2026-09-14T02:22:49.125+00:00,2026-09-14T02:27:42.825+00:00,2026-09-14T02:27:49.166+00:00,False,98,97.0,,97.0,293700.87928399997,300040.984244,300040.98409399996,3061.6426948367343,0.044840000000000005,293700.87928399997,29661.673668550473,88.90430549999999,65.36190680412372,20.721634050428747,0.32328916745959424,34,64,,False,False,Request timeout: 300.0s exceeded,460,21.16838264042747
234,2026-09-14T02:22:54.950+00:00,2026-09-14T02:27:48.521+00:00,2026-09-14T02:27:55.039+00:00,False,94,93.0,,93.0,293570.96273,300088.242218,300088.242166,3192.4281081489366,0.03442,293570.96273,30272.311035668412,88.956738,70.07827406451612,19.531817248508883,0.3099088431876644,34,64,,False,False,Request timeout: 300.0s exceeded,437,21.16838264042747
235,2026-09-14T02:22:59.016+00:00,2026-09-14T02:27:52.657+00:00,2026-09-14T02:27:59.063+00:00,False,95,94.0,,94.0,293641.323583,300047.895615,300047.895453,3158.398899505263,0.10439,293641.323583,30119.978493510895,89.3797544,68.15502161702128,20.532008859859864,0.313283317009542,34,64,,False,False,Request timeout: 300.0s exceeded,435,21.16838264042747
236,2026-09-14T02:23:04.143+00:00,2026-09-14T02:27:57.876+00:00,2026-09-14T02:28:04.174+00:00,False,94,93.0,,93.0,293732.670813,300031.036509,300031.036541,3191.819537670213,0.041280000000000004,293732.670813,30289.23305691675,89.20213795,67.72436232258065,20.030398335127494,0.3099679322582692,34,64,,False,False,Request timeout: 300.0s exceeded,489,21.16838264042747
237,2026-09-14T02:23:09.209+00:00,2026-09-14T02:28:03.163+00:00,2026-09-14T02:28:09.275+00:00,False,89,88.0,,88.0,293954.12066799996,300066.51977199997,300066.51987899997,3371.533931224719,0.03968,293954.12066799996,31151.718765162615,91.8813118,69.45908072727273,20.91366654282491,0.29326830619712313,34,64,,False,False,Request timeout: 300.0s exceeded,307,21.16838264042747
238,2026-09-14T02:23:13.720+00:00,2026-09-14T02:28:07.810+00:00,2026-09-14T02:28:14.688+00:00,False,62,61.0,,61.0,294090.651911,300968.543751,300968.543735,4854.3313505645165,0.05717,294090.651911,37336.77233461324,92.6418867,112.75232524590164,342.1176470593471,0.20267898844095503,34,64,,False,False,Request timeout: 300.0s exceeded,269,21.16838264042747
239,2026-09-14T02:23:19.176+00:00,2026-09-14T02:28:14.828+00:00,2026-09-14T02:28:19.211+00:00,False,67,66.0,,66.0,295652.431575,300035.249623,300035.249663,4478.138054671642,0.04513,295652.431575,36111.5866950806,91.4878399,66.40633406060606,21.377977447256196,0.21997415331341988,34,64,,False,False,Request timeout: 300.0s exceeded,214,21.16838264042747
240,2026-09-14T02:23:24.649+00:00,2026-09-14T02:28:17.961+00:00,2026-09-14T02:28:24.657+00:00,False,96,95.0,,95.0,293312.458083,300008.351843,300008.351968,3125.0869996666665,0.03208,293312.458083,29928.89035124585,89.64996325,70.48309221052632,19.99040883189574,0.3166578510778103,34,64,,False,False,Request timeout: 300.0s exceeded,361,21.16838264042747
241,2026-09-14T02:23:30.244+00:00,2026-09-14T02:28:23.441+00:00,2026-09-14T02:28:30.265+00:00,False,102,101.0,,101.0,293196.978313,300020.518025,300020.517989,2941.377627343137,0.04192,293196.978313,29024.144464275523,88.25887105,67.55979912871288,20.420773134466252,0.33664364245775985,34,64,,False,False,Request timeout: 300.0s exceeded,480,21.16838264042747
242,2026-09-14T02:23:35.871+00:00,2026-09-14T02:28:29.715+00:00,2026-09-14T02:28:35.890+00:00,False,86,85.0,,85.0,293843.600376,300018.65240799997,300018.652251,3488.5889796627907,0.0466,293843.600376,31678.142460229916,90.72487825,72.64767096470588,19.519826930180837,0.28331571826543367,34,64,,False,False,Request timeout: 300.0s exceeded,349,21.16838264042747
243,2026-09-14T02:23:41.665+00:00,2026-09-14T02:28:35.555+00:00,2026-09-14T02:28:41.676+00:00,False,95,94.0,,94.0,293889.55577700003,300011.11251300003,300011.112634,3158.0117119368424,0.0,293889.55577700003,30145.821745111894,87.23144869999999,65.122944,65.78030967144477,0.3133217273607717,34,64,,False,False,Request timeout: 300.0s exceeded,351,21.16838264042747
244,2026-09-14T02:23:45.160+00:00,2026-09-14T02:28:39.086+00:00,2026-09-14T02:28:45.193+00:00,False,88,87.0,,87.0,293925.637615,300033.107695,300033.10771300003,3409.467133102273,0.01752,293925.637615,31325.10047308543,88.5790625,70.20080551724138,18.934516925638842,0.28996799942638407,34,64,,False,False,Request timeout: 300.0s exceeded,410,21.16838264042747
245,2026-09-14T02:23:49.134+00:00,2026-09-14T02:28:42.853+00:00,2026-09-14T02:28:49.163+00:00,False,92,91.0,,91.0,293719.089787,300029.60191499995,300029.602036,3261.1913264782606,0.018510000000000002,293719.089787,30615.10853247122,88.30288045000002,69.34628712087911,19.95310515400848,0.3033034054612411,34,64,,False,False,Request timeout: 300.0s exceeded,438,21.16838264042747
246,2026-09-14T02:23:53.048+00:00,2026-09-14T02:28:46.881+00:00,2026-09-14T02:28:53.070+00:00,False,92,91.0,,91.0,293833.343291,300021.999163,300021.99911699997,3261.108686054348,0.02624,293833.343291,30627.16002386701,89.79181355,68.0072073846154,20.15967313257417,0.30331109136620443,34,64,,False,False,Request timeout: 300.0s exceeded,393,21.16838264042747
247,2026-09-14T02:23:57.257+00:00,2026-09-14T02:28:51.057+00:00,2026-09-14T02:28:57.265+00:00,False,93,92.0,,92.0,293800.00784700003,300007.761063,300007.76102200005,3225.889903462366,0.03264,293800.00784700003,30458.651831492498,90.327569,67.4755784347826,20.937544924139623,0.30665873334083676,34,64,,False,False,Request timeout: 300.0s exceeded,422,21.16838264042747
248,2026-09-14T02:24:03.197+00:00,2026-09-14T02:28:56.510+00:00,2026-09-14T02:29:03.207+00:00,False,101,100.0,,100.0,293312.293241,300009.769081,300009.769063,2970.3937530990097,0.01744,293312.293241,29179.006926343893,89.23672200000001,66.9747584,20.53242524236445,0.33332247915234015,34,64,,False,False,Request timeout: 300.0s exceeded,477,21.16838264042747
249,2026-09-14T02:24:08.742+00:00,2026-09-14T02:29:02.641+00:00,2026-09-14T02:29:08.762+00:00,False,88,87.0,,87.0,293898.69180699997,300020.44796699996,300020.44803399994,3409.323273113636,0.016609000000000002,293898.69180699997,31322.21172070416,92.4181692,70.36501333333332,20.822671773439605,0.2899802349790817,34,64,,False,False,Request timeout: 300.0s exceeded,392,21.16838264042747
250,2026-09-14T02:24:13.247+00:00,2026-09-14T02:29:06.845+00:00,2026-09-14T02:29:13.297+00:00,False,98,97.0,,97.0,293598.132746,300049.39828200004,300049.39819800004,3061.7285530408167,0.03626,293598.132746,29651.178359667745,88.57142505,66.50789212371134,19.862851630572052,0.3232801017278995,34,64,,False,False,Request timeout: 300.0s exceeded,417,21.16838264042747
251,2026-09-14T02:24:18.236+00:00,2026-09-14T02:29:11.823+00:00,2026-09-14T02:29:18.314+00:00,False,101,100.0,,100.0,293587.033533,300077.957565,300077.957681,2971.0688879306927,0.03181,293587.033533,29206.549469085716,86.71022699999999,64.90924032,19.564320550789763,0.33324673631964113,34,64,,False,False,Request timeout: 300.0s exceeded,447,21.16838264042747
252,2026-09-14T02:24:23.072+00:00,2026-09-14T02:29:16.779+00:00,2026-09-14T02:29:23.156+00:00,False,93,92.0,,92.0,293707.499991,300084.81096699997,300084.811009,3226.7183979462366,0.01805,293707.499991,30448.867689962826,90.6623146,69.31859756521739,20.32015454275061,0.30657999551372545,34,64,,False,False,Request timeout: 300.0s exceeded,123,21.16838264042747
253,2026-09-14T02:24:28.454+00:00,2026-09-14T02:29:22.253+00:00,2026-09-14T02:29:28.558+00:00,False,88,87.0,,87.0,293798.85417299997,300104.18050899997,300104.18072199996,3410.274780931818,0.027989999999999998,293798.85417299997,31311.34296331467,89.10781185,72.47501535632185,19.067698237296366,0.2898993271351344,34,64,,False,False,Request timeout: 300.0s exceeded,273,21.16838264042747
254,2026-09-14T02:24:31.704+00:00,2026-09-14T02:29:25.799+00:00,2026-09-14T02:29:31.774+00:00,False,87,86.0,,86.0,294095.51137900003,300070.179667,300070.17970700003,3449.0825253678163,0.01671,294095.51137900003,31522.906515158316,88.67474399999999,69.47288706976745,20.160090788293292,0.2865996217799372,34,64,,False,False,Request timeout: 300.0s exceeded,390,21.16838264042747
255,2026-09-14T02:24:36.847+00:00,2026-09-14T02:29:30.780+00:00,2026-09-14T02:29:36.918+00:00,False,100,99.0,,99.0,293932.573947,300071.184635,300071.184629,3000.7118462900003,0.0,293932.573947,29387.125021024938,89.18475640000003,62.006168565656566,63.65424777485705,0.3299217154770173,34,64,,False,False,Request timeout: 300.0s exceeded,474,21.16838264042747
256,2026-09-14T02:24:42.689+00:00,2026-09-14T02:29:36.158+00:00,2026-09-14T02:29:42.717+00:00,False,98,97.0,,97.0,293468.93205,300028.58133,300028.581443,3061.5161371734694,0.03754,293468.93205,29638.014977996514,88.8393547,67.62525030927836,20.930266508921733,0.3233025319454821,34,64,,False,False,Request timeout: 300.0s exceeded,509,21.16838264042747
257,2026-09-14T02:24:47.549+00:00,2026-09-14T02:29:41.085+00:00,2026-09-14T02:29:47.681+00:00,False,103,102.0,,102.0,293536.01542199997,300132.31263799994,300132.31264799996,2913.9059480388346,0.03321,293536.01542199997,28916.598598444136,90.3989751,64.6695805490196,21.154985216017387,0.33985011178395097,34,64,,False,False,Request timeout: 300.0s exceeded,436,21.16838264042747
258,2026-09-14T02:24:50.548+00:00,2026-09-14T02:29:43.945+00:00,2026-09-14T02:29:50.568+00:00,False,103,102.0,,102.0,293396.14083,300019.13423799997,300019.134449,2912.8071305728154,0.04072,293396.14083,28902.790680929233,91.35571800000001,64.93130792156863,21.32108005693683,0.3399783159132949,34,64,,False,False,Request timeout: 300.0s exceeded,478,21.16838264042747
259,2026-09-14T02:24:55.146+00:00,2026-09-14T02:29:49.032+00:00,2026-09-14T02:29:55.193+00:00,False,88,87.0,,87.0,293886.209729,300047.148993,300047.148974,3409.626692886364,0.02332,293886.209729,31320.83246240265,90.89135970000001,70.81539383908046,19.802516916966965,0.28995442980206315,34,64,,False,False,Request timeout: 300.0s exceeded,350,21.16838264042747
260,2026-09-14T02:24:59.036+00:00,2026-09-14T02:29:52.775+00:00,2026-09-14T02:29:59.095+00:00,False,93,92.0,,92.0,293738.865684,300058.715412,300058.715373,3226.4377997096776,0.02057,293738.865684,30452.185351798857,89.57040699999999,68.69401878260871,20.95537912952099,0.30660665821247035,34,64,,False,False,Request timeout: 300.0s exceeded,431,21.16838264042747
261,2026-09-14T02:25:03.218+00:00,2026-09-14T02:29:56.590+00:00,2026-09-14T02:30:03.271+00:00,False,100,99.0,,99.0,293371.757851,300052.756507,300052.756727,3000.52756727,0.019,293371.757851,29330.434595280854,88.82606975,67.4848349090909,20.790187102557578,0.3299419780457521,34,64,,False,False,Request timeout: 300.0s exceeded,374,21.16838264042747
262,2026-09-14T02:25:08.789+00:00,2026-09-14T02:30:02.412+00:00,2026-09-14T02:30:08.823+00:00,False,95,94.0,,94.0,293623.166874,300034.194074,300034.193911,3158.254672747368,0.041460000000000004,293623.166874,30118.111306320123,90.10333440000001,68.20241702127659,21.280576339713765,0.31329762359291613,34,64,,False,False,Request timeout: 300.0s exceeded,461,21.16838264042747
263,2026-09-14T02:25:13.278+00:00,2026-09-14T02:30:07.292+00:00,2026-09-14T02:30:13.298+00:00,False,89,88.0,,88.0,294014.775931,300020.160891,300020.160884,3371.0130436404497,0.04299,294014.775931,31158.276723138795,89.70805840000001,68.24301090909091,20.319187878870363,0.2933136217868078,34,64,,False,False,Request timeout: 300.0s exceeded,384,21.16838264042747
264,2026-09-14T02:25:16.835+00:00,2026-09-14T02:30:10.716+00:00,2026-09-14T02:30:16.916+00:00,False,95,94.0,,94.0,293881.166274,300081.268418,300081.268256,3158.750192168421,0.040909999999999995,293881.166274,30144.810552149385,85.72354139999999,65.95853344680852,19.572512128358735,0.31324847597305583,34,64,,False,False,Request timeout: 300.0s exceeded,452,21.16838264042747
265,2026-09-14T02:25:20.958+00:00,2026-09-14T02:30:15.040+00:00,2026-09-14T02:30:20.991+00:00,False,90,89.0,,89.0,294081.522136,300032.96124,300032.96113199997,3333.6995681333333,0.02941,294081.522136,30991.871935317555,89.27386245,66.87010229213483,20.038813395892806,0.29663407524351243,34,64,,False,False,Request timeout: 300.0s exceeded,302,21.16838264042747
266,2026-09-14T02:25:26.313+00:00,2026-09-14T02:30:19.910+00:00,2026-09-14T02:30:26.320+00:00,False,92,91.0,,91.0,293596.753213,300006.896189,300006.89634100004,3260.9445254456523,0.01866,293596.753213,30602.240040716784,89.95657655000001,70.4411316043956,20.139149145933136,0.30332636068029356,34,64,,False,False,Request timeout: 300.0s exceeded,267,21.16838264042747
267,2026-09-14T02:25:30.081+00:00,2026-09-14T02:30:24.096+00:00,2026-09-14T02:30:30.099+00:00,False,95,94.0,,94.0,294014.908922,300018.37516199995,300018.375389,3158.0881619894735,0.0,294014.908922,30158.812880034617,95.16625970000001,63.86666212765957,66.38573467326881,0.3133141426729051,34,64,,False,False,Request timeout: 300.0s exceeded,389,21.16838264042747
268,2026-09-14T02:25:35.963+00:00,2026-09-14T02:30:29.614+00:00,2026-09-14T02:30:35.980+00:00,False,94,93.0,,93.0,293650.819625,300017.164329,300017.164276,3191.671960382979,0.02345,293650.819625,30280.715918722886,88.86169130000002,68.45531939784945,20.865373546900045,0.3099822645414242,34,64,,False,False,Request timeout: 300.0s exceeded,317,21.16838264042747
269,2026-09-14T02:25:40.324+00:00,2026-09-14T02:30:33.792+00:00,2026-09-14T02:30:40.386+00:00,False,97,96.0,,96.0,293467.839245,300062.22055699996,300062.220574,3093.424954371134,0.02662,293467.839245,29790.176992613742,91.4598948,68.691472,20.585189448938344,0.31993364516798206,34,64,,False,False,Request timeout: 300.0s exceeded,460,21.16838264042747
270,2026-09-14T02:25:45.896+00:00,2026-09-14T02:30:39.490+00:00,2026-09-14T02:30:45.973+00:00,False,98,97.0,,97.0,293593.10161400004,300076.992046,300076.99222700007,3062.0101247653065,0.0212,293593.10161400004,29650.636374527516,88.182652,66.84423125773196,20.179302954780972,0.3232503743077059,34,64,,False,False,Request timeout: 300.0s exceeded,442,21.16838264042747
271,2026-09-14T02:25:51.783+00:00,2026-09-14T02:30:45.504+00:00,2026-09-14T02:30:51.794+00:00,False,93,92.0,,92.0,293720.858098,300011.110386,300011.110289,3225.9259170860214,0.03394,293720.858098,30450.35062474772,88.85282660000001,68.37230747826088,19.764240896097892,0.30665530980379707,34,64,,False,False,Request timeout: 300.0s exceeded,268,21.16838264042747
272,2026-09-14T02:25:56.183+00:00,2026-09-14T02:30:49.921+00:00,2026-09-14T02:30:56.245+00:00,False,95,94.0,,94.0,293737.385579,300061.583723,300061.583669,3158.5429859894734,0.04332,293737.385579,30129.924179778754,90.52856039999999,67.27870365957446,20.572802688066695,0.3132690257569777,34,64,,False,False,Request timeout: 300.0s exceeded,482,21.16838264042747
273,2026-09-14T02:26:01.809+00:00,2026-09-14T02:30:54.967+00:00,2026-09-14T02:31:01.869+00:00,False,101,100.0,,100.0,293158.621728,300060.629536,300060.629647,2970.897323237624,0.01759,293158.621728,29163.512066881412,88.513974,69.02007808,19.86276108007861,0.3332659807940662,34,64,,False,False,Request timeout: 300.0s exceeded,491,21.16838264042747
274,2026-09-14T02:26:06.934+00:00,2026-09-14T02:31:00.026+00:00,2026-09-14T02:31:06.959+00:00,False,103,102.0,,102.0,293091.895992,300024.403896,300024.403897,2912.858290262136,0.142089,293091.895992,28872.51293100188,89.3681682,67.96576376470588,20.441594313834333,0.33997234450087305,34,64,,False,False,Request timeout: 300.0s exceeded,455,21.16838264042747
275,2026-09-14T02:26:10.201+00:00,2026-09-14T02:31:03.891+00:00,2026-09-14T02:31:10.230+00:00,False,94,93.0,,93.0,293690.41861299996,300029.79960499995,300029.799631,3191.806379053191,0.01802,293690.41861299996,30284.82984957399,89.6697218,68.1653870107527,20.426318952939766,0.30996921013325296,34,64,,False,False,Request timeout: 300.0s exceeded,402,21.16838264042747
276,2026-09-14T02:26:14.492+00:00,2026-09-14T02:31:08.325+00:00,2026-09-14T02:31:14.567+00:00,False,94,93.0,,93.0,293833.195067,300075.325755,300075.32574,3192.290699361702,0.03829,293833.195067,30299.66410664376,87.88641145,67.1196848172043,20.631600024877503,0.30992218292526635,34,64,,False,False,Request timeout: 300.0s exceeded,402,21.16838264042747
277,2026-09-14T02:26:18.659+00:00,2026-09-14T02:31:12.089+00:00,2026-09-14T02:31:18.717+00:00,False,103,102.0,,102.0,293430.277582,300057.80756600003,300057.807571,2913.182597776699,0.0272,293430.277582,28906.149074670782,86.931407,64.97578415686274,20.17103735663968,0.3399344973803567,34,64,,False,False,Request timeout: 300.0s exceeded,515,21.16838264042747
278,2026-09-14T02:26:23.202+00:00,2026-09-14T02:31:16.744+00:00,2026-09-14T02:31:23.241+00:00,False,107,106.0,,106.0,293542.783639,300039.487639,300039.487584,2804.1073605981305,0.0,293542.783639,28372.00257597569,87.67765599999998,61.28966037735849,65.837188784063,0.3532868317904093,34,64,,False,False,Request timeout: 300.0s exceeded,549,21.16838264042747
279,2026-09-14T02:26:27.999+00:00,2026-09-14T02:31:21.891+00:00,2026-09-14T02:31:28.009+00:00,False,90,89.0,,89.0,293891.688368,300010.08811199997,300010.088192,3333.445424355555,0.02206,293891.688368,30971.664372681546,90.36988835,68.74606453932584,20.674796227588086,0.2966566909802529,34,64,,False,False,Request timeout: 300.0s exceeded,172,21.16838264042747
280,2026-09-14T02:26:33.391+00:00,2026-09-14T02:31:27.312+00:00,2026-09-14T02:31:33.400+00:00,False,89,88.0,,88.0,293920.859603,300008.862419,300008.862401,3370.886094393258,0.03326,293920.859603,31148.22172625125,88.1061964,69.18185018181819,19.734940329805013,0.2933246681129605,34,64,,False,False,Request timeout: 300.0s exceeded,423,21.16838264042747
281,2026-09-14T02:26:38.765+00:00,2026-09-14T02:31:32.647+00:00,2026-09-14T02:31:38.781+00:00,False,89,88.0,,88.0,293882.353991,300015.694407,300015.69444299996,3370.962858910112,0.04243,293882.353991,31144.08570006791,89.1731178,69.69705018181818,20.005802462103283,0.2933179884936939,34,64,,False,False,Request timeout: 300.0s exceeded,417,21.16838264042747
282,2026-09-14T02:26:42.842+00:00,2026-09-14T02:31:36.633+00:00,2026-09-14T02:31:42.928+00:00,False,95,94.0,,94.0,293791.71148500004,300086.126845,300086.126838,3158.8013351368427,0.02034,293791.71148500004,30135.530454453146,89.0505451,66.9618655319149,20.644839813504124,0.31324340444619325,34,64,,False,False,Request timeout: 300.0s exceeded,447,21.16838264042747
283,2026-09-14T02:26:47.702+00:00,2026-09-14T02:31:41.251+00:00,2026-09-14T02:31:47.755+00:00,False,102,101.0,,101.0,293548.500683,300052.890059,300052.890175,2941.6950017156864,0.03418,293548.500683,29059.263316872537,89.46515649999999,64.39989481188118,20.539835661379616,0.33660732272947,34,64,,False,False,Request timeout: 300.0s exceeded,425,21.16838264042747
284,2026-09-14T02:26:53.374+00:00,2026-09-14T02:31:47.757+00:00,2026-09-14T02:31:53.440+00:00,False,86,85.0,,85.0,294382.60518,300066.014076,300066.014163,3489.139699569768,0.016390000000000002,294382.60518,31736.889001929147,88.416803,66.86363407058823,20.264866436215613,0.2832710004221651,34,64,,False,False,Request timeout: 300.0s exceeded,383,21.16838264042747
285,2026-09-14T02:26:58.235+00:00,2026-09-14T02:31:52.073+00:00,2026-09-14T02:31:58.301+00:00,False,94,93.0,,93.0,293838.575854,300066.100718,300066.100648,3192.1925600851064,0.04259,293838.575854,30300.23511918389,89.47663549999999,66.96263294623655,20.374908559820312,0.3099317109712461,34,64,,False,False,Request timeout: 300.0s exceeded,310,21.16838264042747
286,2026-09-14T02:27:02.045+00:00,2026-09-14T02:31:55.862+00:00,2026-09-14T02:32:02.120+00:00,False,92,91.0,,91.0,293817.168024,300075.037848,300075.037784,3261.685193304348,0.030780000000000002,293817.168024,30625.39466303187,89.80734999999999,68.76780026373626,20.651695077644902,0.3032574807041935,34,64,,False,False,Request timeout: 300.0s exceeded,498,21.16838264042747
287,2026-09-14T02:27:07.267+00:00,2026-09-14T02:32:00.893+00:00,2026-09-14T02:32:07.285+00:00,False,108,107.0,,107.0,293625.835974,300018.512582,300018.51266899996,2777.9491913796296,0.01541,293625.835974,28249.580214157777,88.40432150000001,59.74464119626168,258.3037752532823,0.356644658621708,34,64,,False,False,Request timeout: 300.0s exceeded,530,21.16838264042747
288,2026-09-14T02:27:11.485+00:00,2026-09-14T02:32:06.866+00:00,2026-09-14T02:32:11.497+00:00,False,71,70.0,,70.0,295381.34862199996,300011.91783799994,300011.91788699996,4225.519970239436,0.0215,295381.34862199996,35047.471666510006,88.4015635,66.1509888,20.08492801153587,0.23332406427200172,34,64,,False,False,Request timeout: 300.0s exceeded,356,21.16838264042747
289,2026-09-14T02:27:16.895+00:00,2026-09-14T02:32:10.688+00:00,2026-09-14T02:32:16.937+00:00,False,97,96.0,,96.0,293792.97324099997,300042.359481,300042.359489,3093.2202009175253,0.0,293792.97324099997,29823.617325305906,87.728691,65.09777333333334,65.01623707816111,0.31995482293252375,34,64,,False,False,Request timeout: 300.0s exceeded,492,21.16838264042747
290,2026-09-14T02:27:22.630+00:00,2026-09-14T02:32:15.813+00:00,2026-09-14T02:32:22.704+00:00,False,104,103.0,,103.0,293183.07807499997,300073.819835,300073.819838,2885.32519075,0.0,293183.07807499997,28742.473579357033,88.57056265000001,66.90040543689321,62.65348837145908,0.3432488714164937,34,64,,False,False,Request timeout: 300.0s exceeded,437,21.16838264042747
291,2026-09-14T02:27:26.661+00:00,2026-09-14T02:32:20.365+00:00,2026-09-14T02:32:26.743+00:00,False,92,91.0,,91.0,293704.078099,300081.22523499996,300081.225117,3261.752446923913,0.01773,293704.078099,30613.46730280965,89.80331754999999,70.07853995604395,20.24420386674807,0.30325122782585273,34,64,,False,False,Request timeout: 300.0s exceeded,494,21.16838264042747
292,2026-09-14T02:27:32.606+00:00,2026-09-14T02:32:26.117+00:00,2026-09-14T02:32:32.677+00:00,False,92,91.0,,91.0,293511.632821,300070.89579700003,300070.895745,3261.6401711413046,0.03428,293511.632821,30593.194833354468,90.47825255000002,72.07981292307693,20.214457613757897,0.303261666741456,34,64,,False,False,Request timeout: 300.0s exceeded,404,21.16838264042747
293,2026-09-14T02:27:37.143+00:00,2026-09-14T02:32:31.017+00:00,2026-09-14T02:32:37.198+00:00,False,90,89.0,,89.0,293874.26639999996,300055.7128,300055.712716,3333.952363511111,0.01752,293874.26639999996,30969.752773505086,88.219934,69.45445393258427,19.914967455999758,0.2966115831273052,34,64,,False,False,Request timeout: 300.0s exceeded,423,21.16838264042747
294,2026-09-14T02:27:41.884+00:00,2026-09-14T02:32:35.838+00:00,2026-09-14T02:32:42.445+00:00,False,99,98.0,,98.0,293953.291412,300560.85851600004,300560.85843,3035.968266969697,0.04927,293953.291412,29536.647925018602,89.2410398,67.42415412244898,20.334904514887445,0.32605709367436836,34,64,,False,False,Request timeout: 300.0s exceeded,538,21.16838264042747
295,2026-09-14T02:27:47.648+00:00,2026-09-14T02:32:41.641+00:00,2026-09-14T02:32:47.670+00:00,False,89,88.0,,88.0,293992.34984,300021.411728,300021.411669,3371.0270974044943,0.018,293992.34984,31155.870871028197,89.7912346,68.5120669090909,20.050817221689133,0.2933123989156513,34,64,,False,False,Request timeout: 300.0s exceeded,381,21.16838264042747
296,2026-09-14T02:27:52.237+00:00,2026-09-14T02:32:46.010+00:00,2026-09-14T02:32:52.296+00:00,False,89,88.0,,88.0,293772.773852,300058.905564,300058.90565800003,3371.4483781797753,0.01714,293772.773852,31132.285828009295,89.9284444,71.43331490909091,19.432193426585105,0.29327574808883766,34,64,,False,False,Request timeout: 300.0s exceeded,346,21.16838264042747
297,2026-09-14T02:27:57.646+00:00,2026-09-14T02:32:50.991+00:00,2026-09-14T02:32:57.705+00:00,False,99,98.0,,98.0,293344.932126,300059.638046,300059.637887,3030.90543320202,0.02158,293344.932126,29475.39490341044,86.73934190000001,68.51740734693877,19.203285559369387,0.32660174036794754,34,64,,False,False,Request timeout: 300.0s exceeded,217,21.16838264042747
298,2026-09-14T02:28:02.707+00:00,2026-09-14T02:32:56.516+00:00,2026-09-14T02:33:02.747+00:00,False,92,91.0,,91.0,293808.755497,300040.00695300003,300040.006908,3261.3044229130437,0.084979,293808.755497,30624.547311146776,88.39822405000001,68.47529072527473,19.444298556623444,0.30329288725238146,34,64,,False,False,Request timeout: 300.0s exceeded,393,21.16838264042747
299,2026-09-14T02:28:07.545+00:00,2026-09-14T02:33:00.847+00:00,2026-09-14T02:33:07.598+00:00,False,102,101.0,,101.0,293302.657184,300053.204128,300053.20403,2941.69807872549,0.0173,293302.657184,29034.68021851038,88.9470375,66.83709845544554,21.030977023727072,0.33660697039887066,34,64,,False,False,Request timeout: 300.0s exceeded,510,21.16838264042747
300,2026-09-14T02:28:11.860+00:00,2026-09-14T02:33:05.323+00:00,2026-09-14T02:33:11.887+00:00,False,103,102.0,,102.0,293463.643122,300027.668722,300027.668642,2912.8899868155336,0.0,293463.643122,28909.567287065533,89.50456399999999,64.35319215686275,66.71761745527678,0.33996864500690865,34,64,,False,False,Request timeout: 300.0s exceeded,237,21.16838264042747
301,2026-09-14T02:28:16.425+00:00,2026-09-14T02:33:09.966+00:00,2026-09-14T02:33:16.510+00:00,False,114,113.0,,113.0,293540.856416,300084.91375999997,300084.913598,2632.323803491228,0.0,293540.856416,27487.27005318374,92.16762910000001,57.91201189380531,64.01650600872406,0.3765600828916526,34,64,,False,False,Request timeout: 300.0s exceeded,524,21.16838264042747
302,2026-09-14T02:28:20.138+00:00,2026-09-14T02:33:15.205+00:00,2026-09-14T02:33:20.183+00:00,False,78,77.0,,77.0,295066.75301,300045.49221,300045.49214499997,3846.737078782051,0.0201,295066.75301,33402.417246105535,90.65369885,64.65895064935066,22.72981437702669,0.2566277514547966,34,64,,False,False,Request timeout: 300.0s exceeded,363,21.16838264042747
303,2026-09-14T02:28:25.643+00:00,2026-09-14T02:33:18.906+00:00,2026-09-14T02:33:25.681+00:00,False,98,97.0,,97.0,293263.37387999997,300037.91468,300037.91461599997,3061.611373632653,0.02946,293263.37387999997,29617.025766219922,89.08635335,69.84062680412372,19.571526092434727,0.3232924748975595,34,64,,False,False,Request timeout: 300.0s exceeded,462,21.16838264042747
304,2026-09-14T02:28:29.719+00:00,2026-09-14T02:33:23.538+00:00,2026-09-14T02:33:29.771+00:00,False,94,93.0,,93.0,293819.88477999996,300052.900844,300052.90074799996,3192.0521356170207,0.035459000000000004,293819.88477999996,30298.30106224179,89.30557895000001,67.02167810752688,20.17810505549413,0.3099453454321093,34,64,,False,False,Request timeout: 300.0s exceeded,488,21.16838264042747
305,2026-09-14T02:28:34.618+00:00,2026-09-14T02:33:28.131+00:00,2026-09-14T02:33:34.642+00:00,False,102,101.0,,101.0,293513.595661,300024.602381,300024.602552,2941.417672078431,0.02456,293513.595661,29055.800665471947,87.92225409999999,64.46541306930693,20.464312135860876,0.3366390595919881,34,64,,False,False,Request timeout: 300.0s exceeded,506,21.16838264042747
306,2026-09-14T02:28:38.305+00:00,2026-09-14T02:33:31.995+00:00,2026-09-14T02:33:38.335+00:00,False,98,97.0,,97.0,293689.459304,300030.08420000004,300030.084244,3061.531471877551,0.02953,293689.459304,29660.51871928162,87.2569225,65.36726696907216,19.506248339931876,0.32330091250229365,34,64,,False,False,Request timeout: 300.0s exceeded,317,21.16838264042747
307,2026-09-14T02:28:43.044+00:00,2026-09-14T02:33:36.754+00:00,2026-09-14T02:33:43.088+00:00,False,101,100.0,,100.0,293710.387353,300044.259481,300044.259637,2970.735243930693,0.030809999999999997,293710.387353,29218.981401527348,89.00465200000001,63.33872128,21.708034131572315,0.3332841633863433,34,64,,False,False,Request timeout: 300.0s exceeded,505,21.16838264042747
308,2026-09-14T02:28:47.651+00:00,2026-09-14T02:33:41.177+00:00,2026-09-14T02:33:47.673+00:00,False,96,95.0,,95.0,293526.04964499996,300022.249325,300022.24929699994,3125.2317635104164,0.022350000000000002,293526.04964499996,29950.90415043948,87.35135849999999,68.38104926315789,19.480452452835223,0.31664318300970734,34,64,,False,False,Request timeout: 300.0s exceeded,433,21.16838264042747
309,2026-09-14T02:28:50.877+00:00,2026-09-14T02:33:44.699+00:00,2026-09-14T02:33:50.917+00:00,False,98,97.0,,97.0,293822.007934,300040.03187,300040.031962,3061.6329792040815,0.029769999999999998,293822.007934,29674.036018580307,86.47979600000001,64.10333954639175,19.800247115989603,0.32329019362998773,34,64,,False,False,Request timeout: 300.0s exceeded,442,21.16838264042747
310,2026-09-14T02:28:54.429+00:00,2026-09-14T02:33:48.296+00:00,2026-09-14T02:33:54.513+00:00,False,96,95.0,,95.0,293867.54254,300084.263436,300084.263361,3125.87774334375,0.01909,293867.54254,29986.057688943543,87.07325100000001,65.4391673263158,19.19614879973454,0.3165777469042824,34,64,,False,False,Request timeout: 300.0s exceeded,452,21.16838264042747
311,2026-09-14T02:28:58.847+00:00,2026-09-14T02:33:52.319+00:00,2026-09-14T02:33:58.896+00:00,False,99,98.0,,98.0,293471.782788,300048.301444,300048.301361,3030.790922838384,0.02155,293471.782788,29488.286038887334,87.33425390000001,67.10733322448979,19.888071878922254,0.3266140802276476,34,64,,False,False,Request timeout: 300.0s exceeded,368,21.16838264042747
312,2026-09-14T02:29:03.984+00:00,2026-09-14T02:33:57.662+00:00,2026-09-14T02:34:04.069+00:00,False,96,95.0,,95.0,293677.892568,300085.14044,300085.140487,3125.886880072917,0.0412,293677.892568,29966.497188611178,87.45838499999999,67.44471444210527,19.59486612076178,0.31657682170035545,34,64,,False,False,Request timeout: 300.0s exceeded,436,21.16838264042747
313,2026-09-14T02:29:09.747+00:00,2026-09-14T02:34:03.332+00:00,2026-09-14T02:34:09.802+00:00,False,99,98.0,,98.0,293585.358277,300054.48800500005,300054.487967,3030.853413808081,0.0,293585.358277,29499.878790742972,88.9684201,66.0115278367347,66.63540934491736,0.32660734605764985,34,64,,False,False,Request timeout: 300.0s exceeded,320,21.16838264042747
314,2026-09-14T02:29:13.954+00:00,2026-09-14T02:34:07.812+00:00,2026-09-14T02:34:14.008+00:00,False,84,83.0,,83.0,293857.989817,300053.839545,300053.839533,3572.06951825,0.021,293857.989817,32054.39616885722,92.12050065,74.64879190361447,19.293401205641217,0.2766170235510425,34,64,,False,False,Request timeout: 300.0s exceeded,364,21.16838264042747
315,2026-09-14T02:29:18.484+00:00,2026-09-14T02:34:12.396+00:00,2026-09-14T02:34:18.570+00:00,False,90,89.0,,89.0,293912.684634,300086.28873000003,300086.288637,3334.2920959666667,0.020579999999999998,293912.684634,30973.81192412676,90.80162895000001,69.36633815730337,20.267010262531223,0.29658136123665735,34,64,,False,False,Request timeout: 300.0s exceeded,400,21.16838264042747
316,2026-09-14T02:29:22.878+00:00,2026-09-14T02:34:16.838+00:00,2026-09-14T02:34:22.959+00:00,False,89,88.0,,88.0,293959.69158,300081.065788,300081.065923,3371.697369921348,0.02886,293959.69158,31152.298006768488,89.05674800000001,69.56107054545454,20.20429824496564,0.29325409042025286,34,64,,False,False,Request timeout: 300.0s exceeded,365,21.16838264042747
317,2026-09-14T02:29:27.584+00:00,2026-09-14T02:34:21.509+00:00,2026-09-14T02:34:27.624+00:00,False,87,86.0,,86.0,293924.641488,300039.47464,300039.47488399997,3448.729596367816,0.03521,293924.641488,31504.412368969057,90.07449859999998,71.10271106976745,19.778618003456632,0.28662895141776407,34,64,,False,False,Request timeout: 300.0s exceeded,409,21.16838264042747
318,2026-09-14T02:29:31.481+00:00,2026-09-14T02:34:25.372+00:00,2026-09-14T02:34:31.496+00:00,False,89,88.0,,88.0,293890.852772,300014.940068,300014.94026,3370.9543849438205,0.03404,293890.852772,31144.998035761717,88.54570299999999,69.59190109090909,20.505508044565232,0.29331872599429326,34,64,,False,False,Request timeout: 300.0s exceeded,387,21.16838264042747
319,2026-09-14T02:29:35.910+00:00,2026-09-14T02:34:29.756+00:00,2026-09-14T02:34:35.961+00:00,False,92,91.0,,91.0,293846.233481,300051.147913,300051.147908,3261.4255207391307,0.03712,293846.233481,30628.485057193317,87.2668265,68.1858728791209,19.796366702978144,0.3032816259259421,34,64,,False,False,Request timeout: 300.0s exceeded,411,21.16838264042747
320,2026-09-14T02:29:40.230+00:00,2026-09-14T02:34:34.319+00:00,2026-09-14T02:34:40.302+00:00,False,84,83.0,,83.0,294088.91782200005,300072.36051,300072.360617,3572.290007345239,0.016980000000000002,294088.91782200005,32079.87151228149,89.73621814999998,72.08967093975903,18.978014360793694,0.27659995028843715,34,64,,False,False,Request timeout: 300.0s exceeded,452,21.16838264042747
321,2026-09-14T02:29:43.586+00:00,2026-09-14T02:34:37.035+00:00,2026-09-14T02:34:43.655+00:00,False,96,95.0,,95.0,293449.24645499996,300068.743927,300068.74391799996,3125.7160824791663,0.04217,293449.24645499996,29942.93300947263,88.30487325,69.67892075789474,19.50156816536993,0.3165941202563616,34,64,,False,False,Request timeout: 300.0s exceeded,165,21.16838264042747
322,2026-09-14T02:29:47.289+00:00,2026-09-14T02:34:40.472+00:00,2026-09-14T02:34:47.345+00:00,False,104,103.0,,103.0,293183.42068,300055.95674399997,300055.95672799996,2885.153430076923,0.02684,293183.42068,28742.46354664109,87.98859499999999,66.72365110679611,19.66773744420697,0.34326930589109067,34,64,,False,False,Request timeout: 300.0s exceeded,465,21.16838264042747
323,2026-09-14T02:29:50.874+00:00,2026-09-14T02:34:44.867+00:00,2026-09-14T02:34:50.950+00:00,False,94,93.0,,93.0,293992.836725,300076.156021,300076.156039,3192.2995323297873,0.01933,293992.836725,30316.30561789175,86.780688,65.41203544086021,20.035901592402094,0.3099213254167774,34,64,,False,False,Request timeout: 300.0s exceeded,431,21.16838264042747
324,2026-09-14T02:29:56.456+00:00,2026-09-14T02:34:50.019+00:00,2026-09-14T02:34:56.502+00:00,False,97,96.0,,96.0,293562.75754799997,300046.10500399995,300046.10512799997,3093.258815752577,0.02629,293562.75754799997,29799.931405785122,88.44338179999998,67.53486933333333,19.820358149008843,0.3199508288858481,34,64,,True,False,Request timeout: 300.0s exceeded,438,21.16838264042747
325,2026-09-14T02:30:01.008+00:00,2026-09-14T02:34:54.741+00:00,2026-09-14T02:35:01.045+00:00,False,97,96.0,,96.0,293732.769264,300037.55416,300037.554261,3093.170662484536,0.018670000000000003,293732.769264,29817.382516347847,88.0709698,65.67484266666666,20.096426045255274,0.3199599472431588,34,64,,True,False,Request timeout: 300.0s exceeded,319,21.16838264042747
326,2026-09-14T02:30:04.378+00:00,2026-09-14T02:34:58.067+00:00,2026-09-14T02:35:04.467+00:00,False,99,98.0,,98.0,293689.72124800005,300089.604768,300089.60488400003,3031.2081301414146,0.020030000000000003,293689.72124800005,29510.37108530527,88.1546168,65.30493387755102,20.280371261091982,0.326569126164047,34,64,,True,False,Request timeout: 300.0s exceeded,454,21.16838264042747
327,2026-09-14T02:30:09.957+00:00,2026-09-14T02:35:03.812+00:00,2026-09-14T02:35:10.042+00:00,False,93,92.0,,92.0,293855.306764,300085.27642799995,300085.276349,3226.7234016021503,0.02085,293855.306764,30464.360441436,89.14647919999999,67.71706156521739,20.068226703956693,0.30657951997879423,34,64,,True,False,Request timeout: 300.0s exceeded,341,21.16838264042747
328,2026-09-14T02:30:15.366+00:00,2026-09-14T02:35:08.758+00:00,2026-09-14T02:35:15.392+00:00,False,100,99.0,,99.0,293391.730798,300025.52075,300025.520661,3000.25520661,0.02131,293391.730798,29332.47950848916,90.10122094999998,67.00797931313132,20.694686235057763,0.3299719295629287,34,64,,True,False,Request timeout: 300.0s exceeded,480,21.16838264042747
329,2026-09-14T02:30:21.082+00:00,2026-09-14T02:35:14.381+00:00,2026-09-14T02:35:21.112+00:00,False,97,96.0,,96.0,293298.83468,300029.829624,300029.829648,3093.0910272989695,0.03589,293298.83468,29772.872259562053,88.6354968,70.11453066666667,19.941209954481135,0.3199681848978418,34,64,,True,False,Request timeout: 300.0s exceeded,370,21.16838264042747
330,2026-09-14T02:30:24.487+00:00,2026-09-14T02:35:17.825+00:00,2026-09-14T02:35:24.537+00:00,False,98,97.0,,97.0,293337.427112,300049.386664,300049.38668,3061.7284355102042,0.01908,293337.427112,29624.57178254693,88.47370849999999,69.19545929896907,20.08509981274702,0.3232801142453996,34,64,,True,False,Request timeout: 300.0s exceeded,487,21.16838264042747
331,2026-09-14T02:30:29.194+00:00,2026-09-14T02:35:22.805+00:00,2026-09-14T02:35:29.229+00:00,False,96,95.0,,95.0,293610.539671,300034.59701499995,300034.59697699995,3125.360385177083,0.042478999999999996,293610.539671,29959.606488887617,88.649368,67.62165625263158,21.83700603736513,0.31663015180629506,34,64,,True,False,Request timeout: 300.0s exceeded,476,21.16838264042747
332,2026-09-14T02:30:34.641+00:00,2026-09-14T02:35:28.122+00:00,2026-09-14T02:35:34.671+00:00,False,98,97.0,,97.0,293480.92596100003,300030.79066500004,300030.790661,3061.538680214286,0.03598,293480.92596100003,29639.235748735882,86.85140799999999,67.52437839175258,19.467392624528504,0.32330015124449524,34,64,,True,False,Request timeout: 300.0s exceeded,433,21.16838264042747
333,2026-09-14T02:30:38.936+00:00,2026-09-14T02:35:32.593+00:00,2026-09-14T02:35:39.014+00:00,False,95,94.0,,94.0,293657.008574,300077.888446,300077.88845699996,3158.7146153368417,0.03582,293657.008574,30121.57169842081,88.08955999999998,68.30723268085106,19.89314859076312,0.3132520042939306,34,64,,True,False,Request timeout: 300.0s exceeded,454,21.16838264042747
334,2026-09-14T02:30:44.346+00:00,2026-09-14T02:35:38.048+00:00,2026-09-14T02:35:44.354+00:00,False,93,92.0,,92.0,293701.960245,300007.54334900004,300007.54344000004,3225.887563870968,0.038079999999999996,293701.960245,30448.374273208843,91.04387200000001,68.5389467826087,20.594135343940064,0.30665895588157266,34,64,,True,False,Request timeout: 300.0s exceeded,494,21.16838264042747
335,2026-09-14T02:30:49.437+00:00,2026-09-14T02:35:42.965+00:00,2026-09-14T02:35:49.450+00:00,False,94,93.0,,93.0,293527.29547899996,300012.35941499996,300012.35963699996,3191.620847202127,0.02004,293527.29547899996,30267.84409595225,89.8842513,69.73187027956989,21.420409005768626,0.309987229130635,34,64,,True,False,Request timeout: 300.0s exceeded,473,21.16838264042747
336,2026-09-14T02:30:55.272+00:00,2026-09-14T02:35:49.064+00:00,2026-09-14T02:35:55.361+00:00,False,92,91.0,,91.0,293791.345238,300088.413014,300088.413083,3261.8305769891303,0.02583,293791.345238,30622.656624905052,86.4890621,69.19854698901099,19.22518922759397,0.30324396429046596,34,64,,True,False,Request timeout: 300.0s exceeded,390,21.16838264042747
337,2026-09-14T02:30:58.830+00:00,2026-09-14T02:35:52.293+00:00,2026-09-14T02:35:58.920+00:00,False,100,99.0,,99.0,293462.434656,300090.16688,300090.166963,3000.90166963,0.03333,293462.434656,29339.55500045087,86.42414395,66.94679014141414,19.19242804462905,0.32990084623328597,34,64,,True,False,Request timeout: 300.0s exceeded,442,21.16838264042747
338,2026-09-14T02:31:02.490+00:00,2026-09-14T02:35:56.358+00:00,2026-09-14T02:36:02.525+00:00,False,93,92.0,,92.0,293868.139576,300034.418488,300034.41860699997,3226.17654416129,0.04145,293868.139576,30465.763171487983,88.9891086,67.0247707826087,20.437428582869302,0.3066314873594397,34,64,,True,False,Request timeout: 300.0s exceeded,395,21.16838264042747
339,2026-09-14T02:31:06.710+00:00,2026-09-14T02:36:00.648+00:00,2026-09-14T02:36:06.776+00:00,False,89,88.0,,88.0,293938.399323,300066.60335499997,300066.603215,3371.5348675842697,0.02767,293938.399323,31150.033392168767,90.82367460000002,69.63868218181818,21.09859115715166,0.2932682245077763,34,64,,True,False,Request timeout: 300.0s exceeded,415,21.16838264042747
340,2026-09-14T02:31:10.135+00:00,2026-09-14T02:36:03.920+00:00,2026-09-14T02:36:10.188+00:00,False,90,89.0,,89.0,293784.477173,300053.055989,300053.055888,3333.9228432,0.024489999999999998,293784.477173,30960.184911893473,90.18112949999998,70.43346984269662,19.835081681220977,0.2966142094658844,34,64,,True,False,Request timeout: 300.0s exceeded,382,21.16838264042747
341,2026-09-14T02:31:13.949+00:00,2026-09-14T02:36:07.358+00:00,2026-09-14T02:36:14.030+00:00,False,98,97.0,,97.0,293409.11179,300080.452334,300080.452484,3062.045433510204,0.027739999999999997,293409.11179,29631.854753971016,87.95286485000001,68.77670663917525,19.21168833163182,0.32324664684267945,34,64,,True,False,Request timeout: 300.0s exceeded,377,21.16838264042747
342,2026-09-14T02:31:17.524+00:00,2026-09-14T02:36:11.400+00:00,2026-09-14T02:36:17.537+00:00,False,89,88.0,,88.0,293876.189687,300013.224951,300013.225009,3370.935112460674,0.02052,293876.189687,31143.427306825393,88.25644399999999,69.7390370909091,19.156658579692454,0.2933204028401505,34,64,,True,False,Request timeout: 300.0s exceeded,383,21.16838264042747
343,2026-09-14T02:31:20.916+00:00,2026-09-14T02:36:15.018+00:00,2026-09-14T02:36:20.972+00:00,False,86,85.0,,85.0,294101.92340499995,300055.79578899994,300055.79597299994,3489.0208834069763,0.023579999999999997,294101.92340499995,31706.27852032599,87.66759024999999,70.04555745882354,19.161654063608808,0.2832806471092871,34,64,,True,False,Request timeout: 300.0s exceeded,394,21.16838264042747
344,2026-09-14T02:31:24.165+00:00,2026-09-14T02:36:17.956+00:00,2026-09-14T02:36:24.195+00:00,False,95,94.0,,94.0,293790.943125,300030.263957,300030.26389,3158.213304105263,0.036520000000000004,293790.943125,30135.511294917153,88.21954769999998,66.3757535319149,19.952557583682722,0.3133017274999697,34,64,,True,False,Request timeout: 300.0s exceeded,332,21.16838264042747
345,2026-09-14T02:31:28.070+00:00,2026-09-14T02:36:21.922+00:00,2026-09-14T02:36:28.098+00:00,False,92,91.0,,91.0,293852.43077,300028.219314,300028.21927999996,3261.176296521739,0.04001,293852.43077,30629.16474200723,89.19826185,67.86580817582418,20.112682909154888,0.3033048031550735,34,64,,True,False,Request timeout: 300.0s exceeded,344,21.16838264042747
346,2026-09-14T02:31:32.161+00:00,2026-09-14T02:36:25.625+00:00,2026-09-14T02:36:32.219+00:00,False,92,91.0,,91.0,293464.043043,300058.213155,300058.213002,3261.5023152391304,0.03746,293464.043043,30588.192365910378,89.22462595,72.46340782417582,18.789094157642,0.30327448478469893,34,64,,True,False,Request timeout: 300.0s exceeded,210,21.16838264042747
347,2026-09-14T02:31:36.077+00:00,2026-09-14T02:36:30.000+00:00,2026-09-14T02:36:36.113+00:00,False,88,87.0,,87.0,293922.214592,300035.130816,300035.130637,3409.4901208750002,0.02352,293922.214592,31324.729706801336,86.8890035,70.26340487356322,20.232281336578012,0.28996604418751804,34,64,,True,False,Request timeout: 300.0s exceeded,384,21.16838264042747
348,2026-09-14T02:31:40.734+00:00,2026-09-14T02:36:34.332+00:00,2026-09-14T02:36:40.741+00:00,False,93,92.0,,92.0,293598.37439099996,300006.838007,300006.837832,3225.8799766881716,0.03566,293598.37439099996,30437.517132314424,87.961504,69.6572132173913,20.843432950153968,0.30665967686327666,34,64,,True,False,Request timeout: 300.0s exceeded,181,21.16838264042747
349,2026-09-14T02:31:46.633+00:00,2026-09-14T02:36:40.273+00:00,2026-09-14T02:36:46.646+00:00,False,92,91.0,,91.0,293639.78145,300012.705098,300012.705034,3261.0076634130437,0.03432,293639.78145,30606.7694125055,91.94252155,70.032128,21.22708984796096,0.30332048761159824,34,64,,True,False,Request timeout: 300.0s exceeded,360,21.16838264042747
350,2026-09-14T02:31:50.499+00:00,2026-09-14T02:36:44.314+00:00,2026-09-14T02:36:50.575+00:00,False,93,92.0,,92.0,293815.396146,300076.463154,300076.463225,3226.628636827957,0.03382,293815.396146,30460.18746430125,90.5458022,68.05507617391305,20.98476339561892,0.30658852424818595,34,64,,True,False,Request timeout: 300.0s exceeded,431,21.16838264042747
351,2026-09-14T02:31:55.325+00:00,2026-09-14T02:36:49.146+00:00,2026-09-14T02:36:55.396+00:00,False,91,90.0,,90.0,293820.70530800003,300070.49782000005,300070.497702,3297.4779967252753,0.02121,293820.70530800003,30793.505589521377,88.27490900000001,69.44213902222222,19.482422781846953,0.2999295187425833,34,64,,True,False,Request timeout: 300.0s exceeded,410,21.16838264042747
352,2026-09-14T02:31:58.694+00:00,2026-09-14T02:36:52.155+00:00,2026-09-14T02:36:58.757+00:00,False,92,91.0,,91.0,293460.840571,300063.459195,300063.459171,3261.5593388152174,0.08526,293460.840571,30587.848860124588,88.72747955000001,72.5562486153846,18.878445715298803,0.3032691826060117,34,64,,True,False,Request timeout: 300.0s exceeded,461,21.16838264042747
353,2026-09-14T02:32:02.530+00:00,2026-09-14T02:36:56.130+00:00,2026-09-14T02:37:02.567+00:00,False,91,90.0,,90.0,293599.99705299997,300037.083773,300037.08375,3297.1108104395603,0.032600000000000004,293599.99705299997,30770.151064327998,88.30453849999998,71.52318577777777,19.69681501640209,0.29996292081045417,34,64,,True,False,Request timeout: 300.0s exceeded,158,21.16838264042747
354,2026-09-14T02:32:07.092+00:00,2026-09-14T02:37:00.931+00:00,2026-09-14T02:37:07.187+00:00,False,99,98.0,,98.0,293839.512722,300095.098002,300095.098023,3031.2636163939396,0.02561,293839.512722,29525.579922598215,89.33720060000002,63.832502857142856,27.9990347851897,0.3265631483235587,34,64,,True,False,Request timeout: 300.0s exceeded,377,21.16838264042747
355,2026-09-14T02:32:12.460+00:00,2026-09-14T02:37:07.188+00:00,2026-09-14T02:37:12.489+00:00,False,82,81.0,,81.0,294728.09216299996,300029.61357099994,300029.61378599994,3658.8977290975604,0.0,294728.09216299996,32540.052707219395,88.9655191,65.45088158024691,22.309896109609703,0.26997335041673115,34,64,,True,False,Request timeout: 300.0s exceeded,371,21.16838264042747
356,2026-09-14T02:32:17.254+00:00,2026-09-14T02:37:10.759+00:00,2026-09-14T02:37:17.261+00:00,False,101,100.0,,100.0,293505.086537,300007.19700100005,300007.19684700004,2970.3682856138616,0.034859,293505.086537,29198.384998548798,87.45336599999999,65.02110464,20.576962348295528,0.33332533685739096,34,64,,True,False,Request timeout: 300.0s exceeded,398,21.16838264042747
357,2026-09-14T02:32:21.010+00:00,2026-09-14T02:37:14.770+00:00,2026-09-14T02:37:21.032+00:00,False,98,97.0,,97.0,293760.496921,300021.650969,300021.650981,3061.4454181734695,0.01924,293760.496921,29667.777779973043,88.09136070000001,64.54797987628866,20.13951100295619,0.323310000084036,34,64,,True,False,Request timeout: 300.0s exceeded,414,21.16838264042747
358,2026-09-14T02:32:26.205+00:00,2026-09-14T02:37:19.736+00:00,2026-09-14T02:37:26.236+00:00,False,100,99.0,,99.0,293530.94235100003,300030.60366300005,300030.60367700004,3000.3060367700004,0.02035,293530.94235100003,29346.535957559958,87.01377195,65.65314456565656,20.426306394911073,0.3299663394044917,34,64,,True,False,Request timeout: 300.0s exceeded,489,21.16838264042747
359,2026-09-14T02:32:30.461+00:00,2026-09-14T02:37:24.477+00:00,2026-09-14T02:37:30.505+00:00,False,88,87.0,,87.0,294015.24281300005,300043.3603170001,300043.3604240001,3409.5836411818186,0.02205,294015.24281300005,31334.750410141496,89.35681849999999,69.28870694252873,20.17093803720971,0.2899580910841795,34,64,,True,False,Request timeout: 300.0s exceeded,386,21.16838264042747
360,2026-09-14T02:32:34.510+00:00,2026-09-14T02:37:28.063+00:00,2026-09-14T02:37:34.550+00:00,False,94,93.0,,93.0,293552.953721,300040.763769,300040.763593,3191.9230169468083,0.024460000000000003,293552.953721,30270.485654982833,87.65002679999999,69.76139836559139,18.605931759321752,0.3099578831615036,34,64,,True,False,Request timeout: 300.0s exceeded,455,21.16838264042747
361,2026-09-14T02:32:38.209+00:00,2026-09-14T02:37:31.588+00:00,2026-09-14T02:37:38.264+00:00,False,99,98.0,,98.0,293379.23539700004,300055.41766900005,300055.417436,3030.8628023838387,0.02734,293379.23539700004,29478.882059289233,87.69480279999999,68.12430889795918,19.265514522213255,0.32660633412760665,34,64,,True,False,Request timeout: 300.0s exceeded,469,21.16838264042747
362,2026-09-14T02:32:42.244+00:00,2026-09-14T02:37:36.359+00:00,2026-09-14T02:37:42.285+00:00,False,88,87.0,,87.0,294114.61979799997,300040.975766,300040.975774,3409.5565428863633,0.019789,294114.61979799997,31345.468726164345,87.9827575,68.11903411494254,20.18409399553357,0.28996039550228214,34,64,,True,False,Request timeout: 300.0s exceeded,412,21.16838264042747
363,2026-09-14T02:32:45.788+00:00,2026-09-14T02:37:39.618+00:00,2026-09-14T02:37:45.826+00:00,False,88,87.0,,87.0,293830.584431,300038.370671,300038.370679,3409.526939534091,0.02386,293830.584431,31314.84472742616,88.2493897,71.35386482758621,18.719935163425586,0.28996291309486477,34,64,,True,False,Request timeout: 300.0s exceeded,408,21.16838264042747
364,2026-09-14T02:32:51.073+00:00,2026-09-14T02:37:45.111+00:00,2026-09-14T02:37:51.147+00:00,False,90,89.0,,89.0,294037.76523,300073.90091,300073.90097,3334.1544552222226,0.02093,294037.76523,30987.15877125682,86.97569185,67.82174921348314,19.29045564690002,0.296593604875665,34,64,,True,False,Request timeout: 300.0s exceeded,457,21.16838264042747
365,2026-09-14T02:32:56.326+00:00,2026-09-14T02:37:49.919+00:00,2026-09-14T02:37:56.349+00:00,False,91,90.0,,90.0,293593.06470499997,300022.525185,300022.52516499994,3296.950825989011,0.02104,293593.06470499997,30769.43320402128,88.681423,71.43844977777778,19.64038580720725,0.2999774765061529,34,64,,True,False,Request timeout: 300.0s exceeded,427,21.16838264042747
366,2026-09-14T02:32:59.759+00:00,2026-09-14T02:37:53.556+00:00,2026-09-14T02:37:59.843+00:00,False,89,88.0,,88.0,293796.801563,300084.128539,300084.12858300004,3371.731781831461,0.03786,293796.801563,31134.83192236366,89.490726,71.44689745454545,20.384878246154152,0.2932510973787246,34,64,,True,False,Request timeout: 300.0s exceeded,429,21.16838264042747
367,2026-09-14T02:33:05.727+00:00,2026-09-14T02:37:59.673+00:00,2026-09-14T02:38:05.820+00:00,False,89,88.0,,88.0,293946.38811400003,300093.250194,300093.25000000006,3371.8342696629215,0.037840000000000006,293946.38811400003,31150.856825996652,89.6400256,69.85070545454545,19.70588262259429,0.2932421836982705,34,64,,True,False,Request timeout: 300.0s exceeded,403,21.16838264042747
368,2026-09-14T02:33:11.288+00:00,2026-09-14T02:38:05.118+00:00,2026-09-14T02:38:12.749+00:00,False,69,68.0,,68.0,293829.265938,301460.738066,301460.738001,4368.996202913044,0.03145,293829.265938,35361.15091313241,90.4065512,112.22753129411764,356.9025414330516,0.2255683457694995,34,64,,True,False,Request timeout: 300.0s exceeded,319,21.16838264042747
369,2026-09-14T02:33:16.559+00:00,2026-09-14T02:38:12.741+00:00,2026-09-14T02:38:16.600+00:00,False,114,113.0,,113.0,296181.27952,300040.998432,300040.99847399996,2631.938583105263,0.015130000000000001,296181.27952,27736.744448411602,87.3390735,34.156804530973446,37.49643936787144,0.37661519789139697,34,64,,True,False,Request timeout: 300.0s exceeded,466,21.16838264042747
370,2026-09-14T02:33:21.883+00:00,2026-09-14T02:38:15.097+00:00,2026-09-14T02:38:21.964+00:00,False,103,102.0,,102.0,293213.85268999997,300080.35329799994,300080.35343799996,2913.40148968932,0.019759,293213.85268999997,28884.593098061017,88.679862,67.31863341176471,19.944721130216333,0.3399089573142003,34,64,,True,False,Request timeout: 300.0s exceeded,399,21.16838264042747
371,2026-09-14T02:33:27.032+00:00,2026-09-14T02:38:20.942+00:00,2026-09-14T02:38:27.079+00:00,False,93,92.0,,92.0,293910.535198,300046.97372600005,300046.97384700004,3226.3115467419357,0.02114,293910.535198,30470.192804761537,88.76468059999999,66.7004187826087,20.102030696166928,0.3066186565974616,34,64,,True,False,Request timeout: 300.0s exceeded,181,21.16838264042747
372,2026-09-14T02:33:30.491+00:00,2026-09-14T02:38:24.591+00:00,2026-09-14T02:38:30.516+00:00,False,93,92.0,,92.0,294099.660187,300024.763035,300024.762912,3226.072719483871,0.026539999999999998,294099.660187,30490.042133250972,87.539513,64.40329182608696,19.76760743169531,0.30664135543127663,34,64,,True,False,Request timeout: 300.0s exceeded,419,21.16838264042747
373,2026-09-14T02:33:33.841+00:00,2026-09-14T02:38:27.336+00:00,2026-09-14T02:38:33.858+00:00,False,99,98.0,,98.0,293495.852709,300017.678501,300017.678504,3030.481601050505,0.025929999999999998,293495.852709,29490.761396404632,88.045581,66.54924277551021,20.111362853271416,0.3266474178776547,34,64,,True,False,Request timeout: 300.0s exceeded,397,21.16838264042747
374,2026-09-14T02:33:38.538+00:00,2026-09-14T02:38:31.729+00:00,2026-09-14T02:38:38.614+00:00,False,99,98.0,,98.0,293191.101481,300075.70640900003,300075.70636,3031.067741010101,0.022109999999999998,293191.101481,29459.760717341327,90.40152100000002,70.25107069387755,20.129526031290464,0.3265842515969188,34,64,,True,False,Request timeout: 300.0s exceeded,423,21.16838264042747
375,2026-09-14T02:33:42.554+00:00,2026-09-14T02:38:36.093+00:00,2026-09-14T02:38:42.575+00:00,False,96,95.0,,95.0,293539.506184,300021.461256,300021.461372,3125.2235559583332,0.01975,293539.506184,29952.29326428775,87.553452,68.23110602105263,20.105222903306913,0.31664401473912945,34,64,,True,False,Request timeout: 300.0s exceeded,491,21.16838264042747
376,2026-09-14T02:33:46.670+00:00,2026-09-14T02:38:40.409+00:00,2026-09-14T02:38:46.715+00:00,False,100,99.0,,99.0,293738.941361,300045.572529,300045.572431,3000.45572431,0.02133,293738.941361,29367.53062613901,85.7937483,63.70334513131313,20.12273096555704,0.32994987783207985,34,64,,True,False,Request timeout: 300.0s exceeded,416,21.16838264042747
377,2026-09-14T02:33:51.134+00:00,2026-09-14T02:38:44.951+00:00,2026-09-14T02:38:51.192+00:00,False,97,96.0,,96.0,293817.244115,300058.200787,300058.200792,3093.3835133195876,0.0327,293817.244115,29826.02707355567,87.1182228,65.00996533333334,19.990260134778758,0.31993793120204295,34,64,,True,False,Request timeout: 300.0s exceeded,449,21.16838264042747
378,2026-09-14T02:33:56.288+00:00,2026-09-14T02:38:50.094+00:00,2026-09-14T02:38:56.296+00:00,False,92,91.0,,91.0,293806.585814,300008.016598,300008.016746,3260.9567037608695,0.03817,293806.585814,30624.355555827173,89.18932795,68.14759103296703,19.89281533410617,0.3033252278786161,34,64,,True,False,Request timeout: 300.0s exceeded,415,21.16838264042747
379,2026-09-14T02:34:02.109+00:00,2026-09-14T02:38:55.959+00:00,2026-09-14T02:39:02.182+00:00,False,93,92.0,,92.0,293850.013311,300073.038719,300073.03887700004,3226.591815881721,0.06359000000000001,293850.013311,30463.81881836406,86.179132,67.64158052173913,19.214541770089074,0.306592023037939,34,64,,True,False,Request timeout: 300.0s exceeded,294,21.16838264042747
380,2026-09-14T02:34:05.866+00:00,2026-09-14T02:38:59.515+00:00,2026-09-14T02:39:05.949+00:00,False,95,94.0,,94.0,293649.25770200003,300083.22455000004,300083.22450300003,3158.7707842421055,0.03757,293649.25770200003,30120.762231530756,88.0878167,68.44645582978724,19.953610027138676,0.31324643402163144,34,64,,True,False,Request timeout: 300.0s exceeded,360,21.16838264042747
381,2026-09-14T02:34:11.145+00:00,2026-09-14T02:39:04.548+00:00,2026-09-14T02:39:11.221+00:00,False,102,101.0,,101.0,293402.660301,300075.831501,300075.831507,2941.919916735294,0.02035,293402.660301,29044.65761334082,89.79217349999999,66.07100198019802,20.691525835355247,0.3365815883764815,34,64,,True,False,Request timeout: 300.0s exceeded,422,21.16838264042747
382,2026-09-14T02:34:15.534+00:00,2026-09-14T02:39:09.061+00:00,2026-09-14T02:39:15.615+00:00,False,99,98.0,,98.0,293526.405908,300080.99842,300080.998406,3031.121196020202,0.02195,293526.405908,29493.798509599797,89.7993438,66.88359706122449,20.119793425777814,0.3265784921937544,34,64,,True,False,Request timeout: 300.0s exceeded,405,21.16838264042747
383,2026-09-14T02:34:19.877+00:00,2026-09-14T02:39:13.299+00:00,2026-09-14T02:39:19.902+00:00,False,97,96.0,,96.0,293421.95083600003,300025.00517200003,300025.005131,3093.0412900103097,0.03505,293421.95083600003,29785.50806981106,87.7651468,68.781816,19.857442302470048,0.3199733300394898,34,64,,True,False,Request timeout: 300.0s exceeded,144,21.16838264042747
384,2026-09-14T02:34:25.192+00:00,2026-09-14T02:39:18.653+00:00,2026-09-14T02:39:25.206+00:00,False,97,96.0,,96.0,293460.617644,300014.07735599997,300014.077284,3092.9286317938145,0.02113,293460.617644,29789.486294908824,87.3376382,68.26520533333333,19.47871265861298,0.31998498485817833,34,64,,True,False,Request timeout: 300.0s exceeded,458,21.16838264042747
385,2026-09-14T02:34:31.067+00:00,2026-09-14T02:39:24.898+00:00,2026-09-14T02:39:31.119+00:00,False,93,92.0,,92.0,293830.36528100003,300051.705697,300051.70559100003,3226.3624257096776,0.03939,293830.36528100003,30461.7838722564,87.95257000000001,67.62326539130434,20.091746587123183,0.30661382106224044,34,64,,True,False,Request timeout: 300.0s exceeded,323,21.16838264042747
386,2026-09-14T02:34:36.490+00:00,2026-09-14T02:39:30.231+00:00,2026-09-14T02:39:36.505+00:00,False,112,111.0,,111.0,293740.501908,300015.050388,300015.05041599995,2678.705807285714,0.02377,293740.501908,27750.53498476432,87.69826905,56.52746378378379,20.9366337629762,0.3699814387859783,34,64,,True,False,Request timeout: 300.0s exceeded,499,21.16838264042747
0,2026-09-14T02:04:40.921+00:00,2026-09-14T02:04:41.143+00:00,2026-09-14T02:04:57.573+00:00,True,291,291.0,,291.0,221.673574,16651.601766,16651.601649,57.221998793814436,0.02517,221.673574,23.20019845397671,94.30458649999998,56.654924799999996,21.123679846887082,17.47579626809098,35,64,,False,True,,1388,21.16838264042747
1,2026-09-14T02:04:43.656+00:00,2026-09-14T02:04:43.801+00:00,2026-09-14T02:04:58.741+00:00,True,239,239.0,,239.0,145.73548300000002,15085.669691000001,15085.66962,63.119956569037655,0.023099,145.73548300000002,21.761929408584464,95.2602197,62.77283280672268,21.134336249617732,15.842849863177477,35,64,,False,True,,1230,21.16838264042747
2,2026-09-14T02:04:47.759+00:00,2026-09-14T02:04:49.869+00:00,2026-09-14T02:05:08.285+00:00,True,283,283.0,,283.0,2109.956234,20526.07169,20526.071505,72.53028800353357,39.867446,2109.956234,123.44283960643817,95.6879898,65.3053739574468,21.61859847301575,13.787343446621275,35,64,,False,True,,1343,21.16838264042747
3,2026-09-14T02:04:51.991+00:00,2026-09-14T02:04:57.839+00:00,2026-09-14T02:05:07.831+00:00,True,155,155.0,,155.0,5848.259196000001,15840.006268000001,15840.006259000002,102.19358876774194,38.772009,5848.259196000001,465.0286466189956,96.1490264,64.88147449350649,21.55476440483641,9.785349663221483,35,64,,False,True,,251,21.16838264042747
4,2026-09-14T02:04:56.447+00:00,2026-09-14T02:05:05.170+00:00,2026-09-14T02:05:24.307+00:00,True,289,289.0,,289.0,8723.440626,27860.304626,27860.304538,96.40243784775086,20.497057,8723.440626,509.69721959017505,94.158236,66.44744444444444,21.742144378779066,10.373181624521695,35,64,,False,True,,1065,21.16838264042747
5,2026-09-14T02:04:59.606+00:00,2026-09-14T02:05:11.391+00:00,2026-09-14T02:05:26.743+00:00,True,231,231.0,,231.0,11785.177843,27137.039858999997,27137.039872,117.47636308225108,16.744865,11785.177843,771.3416428757611,95.332069,66.74722615652173,22.45553594622929,8.512350691167551,35,64,,False,True,,1185,21.16838264042747
6,2026-09-14T02:05:04.545+00:00,2026-09-14T02:05:19.205+00:00,2026-09-14T02:05:28.740+00:00,True,145,145.0,,145.0,14660.341446,24195.058886,24195.058782,166.8624743586207,38.805298,14660.341446,1212.1759925586016,95.44883100000001,66.21331555555555,22.074661350835502,5.992959169192245,35,64,,False,True,,601,21.16838264042747
7,2026-09-14T02:05:09.471+00:00,2026-09-14T02:05:28.831+00:00,2026-09-14T02:05:48.408+00:00,True,297,297.0,,297.0,19360.077932,38936.921451999995,38936.921358,131.1007453131313,0.02131,19360.077932,1119.8467509420968,96.02602760000002,66.13798486486486,25.91156336162399,7.627721682263214,35,64,,False,True,,625,21.16838264042747
8,2026-09-14T02:05:12.650+00:00,2026-09-14T02:05:34.270+00:00,2026-09-14T02:05:40.616+00:00,True,101,101.0,,101.0,21620.648178,27966.213618,27966.213686,276.89320481188116,0.0185,21620.648178,2145.255663911192,94.67760000000003,63.4556544,31.90123649251622,3.6115006979347744,35,64,,False,True,,245,21.16838264042747
9,2026-09-14T02:05:15.480+00:00,2026-09-14T02:05:39.173+00:00,2026-09-14T02:05:56.297+00:00,True,260,260.0,,260.0,23692.901420000002,40817.552428,40817.552463,156.99058639615384,35.33144600000001,23692.901420000002,1465.4411529282816,97.32597245000001,66.11834366023166,22.381754024551967,6.369808686070194,35,64,,False,True,,1217,21.16838264042747
10,2026-09-14T02:05:19.906+00:00,2026-09-14T02:05:46.337+00:00,2026-09-14T02:05:58.236+00:00,True,185,185.0,,185.0,26431.556421999998,38330.293829999995,38330.294007,207.1907784162162,40.32671499999999,26431.556421999998,1938.6520364969529,95.44598919999999,64.66705113043479,21.608598589325577,4.826469654015695,35,64,,False,True,,780,21.16838264042747
11,2026-09-14T02:05:23.797+00:00,2026-09-14T02:05:54.373+00:00,2026-09-14T02:06:06.975+00:00,True,190,190.0,,190.0,30576.12573,43178.07517,43178.075243,227.25302759473684,40.751763,30576.12573,2213.4923113940285,94.18055394999999,66.67698116402116,21.541143322821227,4.400381426266343,35,64,,False,True,,824,21.16838264042747
12,2026-09-14T02:05:27.621+00:00,2026-09-14T02:06:00.956+00:00,2026-09-14T02:06:12.196+00:00,True,167,167.0,,167.0,33335.038614,44574.356885999994,44574.356931999995,266.9123169580838,39.960816,33335.038614,2574.3933015934736,94.4258944,67.70673657831324,21.57615895463577,3.7465487259211967,35,64,,False,True,,780,21.16838264042747
13,2026-09-14T02:05:30.692+00:00,2026-09-14T02:06:05.909+00:00,2026-09-14T02:06:15.343+00:00,True,144,144.0,,144.0,35216.138663000005,44650.729895000004,44650.729761,310.0745122291667,39.126027,35216.138663000005,2929.2569026616297,94.50356644999998,65.97616246153846,21.271410692092385,3.225031266871298,35,64,,False,True,,834,21.16838264042747
14,2026-09-14T02:05:35.263+00:00,2026-09-14T02:06:13.153+00:00,2026-09-14T02:06:21.087+00:00,True,119,119.0,,119.0,37889.272209,45823.667857,45823.66795,385.0728399159664,35.745195,37889.272209,3467.2070745443216,94.238335,67.24064108474576,21.66675324314397,2.5969112811169612,35,64,,False,True,,547,21.16838264042747
15,2026-09-14T02:05:38.032+00:00,2026-09-14T02:06:19.050+00:00,2026-09-14T02:06:35.378+00:00,True,247,247.0,,247.0,41017.760817,57345.255985,57345.255853,232.16702774493928,0.01583,41017.760817,2605.8899212427277,95.24036,66.37193157723577,33.57654388763609,4.307243829630975,35,64,,False,True,,897,21.16838264042747
16,2026-09-14T02:05:40.886+00:00,2026-09-14T02:06:22.970+00:00,2026-09-14T02:06:39.387+00:00,True,251,251.0,,251.0,42083.127201999996,58500.426402,58500.42623899999,233.06942724701193,0.01806,42083.127201999996,2652.3123573750554,93.8895075,65.6691968,32.13707186019044,4.290567016985348,35,64,,False,True,,1045,21.16838264042747
17,2026-09-14T02:05:45.440+00:00,2026-09-14T02:06:32.268+00:00,2026-09-14T02:06:45.681+00:00,True,200,200.0,,200.0,46827.920485,60240.640869,60240.640852000004,301.20320426,0.01661,46827.920485,3306.652770102841,96.04974745,67.40060494472363,35.03732269849812,3.3200178005231105,35,64,,False,True,,786,21.16838264042747
18,2026-09-14T02:05:48.384+00:00,2026-09-14T02:06:36.864+00:00,2026-09-14T02:06:50.126+00:00,True,200,200.0,,200.0,48480.468794,61741.955386,61741.955402,308.70977701,10.545128,48480.468794,3423.4488697163483,92.91405300000001,66.64063614070352,22.604121984482287,3.239288402021521,35,64,,False,True,,1116,21.16838264042747
19,2026-09-14T02:05:52.499+00:00,2026-09-14T02:06:43.870+00:00,2026-09-14T02:06:58.240+00:00,True,219,219.0,,219.0,51370.59386,65740.6009,65740.601026,300.1853928127854,3.800272,51370.59386,3466.921256132568,94.46889200000001,65.91746348623853,22.473068849566825,3.331274691771185,35,64,,False,True,,1041,21.16838264042747
20,2026-09-14T02:05:56.410+00:00,2026-09-14T02:06:50.401+00:00,2026-09-14T02:06:57.869+00:00,True,116,116.0,,116.0,53990.578234,61459.193402000004,61459.193229000004,529.8206312844827,40.998954,53990.578234,5006.914933313213,94.86815474999999,64.94447972173913,21.447073244127527,1.8874312137689906,35,64,,False,True,,282,21.16838264042747
21,2026-09-14T02:05:59.481+00:00,2026-09-14T02:06:56.117+00:00,2026-09-14T02:07:10.247+00:00,True,210,210.0,,210.0,56635.84306,70765.982452,70765.982474,336.9808689238095,0.0,56635.84306,3903.664545444882,95.64138945,67.60832244976076,25.897054775262173,2.9675275142607016,35,64,,False,True,,967,21.16838264042747
22,2026-09-14T02:06:03.827+00:00,2026-09-14T02:07:03.986+00:00,2026-09-14T02:07:21.058+00:00,True,256,256.0,,256.0,60159.069957,77231.825669,77231.825619,301.68681882421873,0.0,60159.069957,3755.845847560998,97.20941075,66.95198318431372,25.83020287212744,3.314695694196901,35,64,,False,True,,1363,21.16838264042747
23,2026-09-14T02:06:08.051+00:00,2026-09-14T02:07:10.891+00:00,2026-09-14T02:07:24.495+00:00,True,208,208.0,,208.0,62839.676985,76443.487801,76443.487828,367.51676840384613,36.797433,62839.676985,4352.648011683484,96.83412735,65.71889283091787,22.359411636775942,2.720964283334009,35,64,,False,True,,981,21.16838264042747
24,2026-09-14T02:06:10.994+00:00,2026-09-14T02:07:15.974+00:00,2026-09-14T02:07:33.383+00:00,True,264,264.0,,264.0,64979.514847000006,82389.096415,82389.096416,312.0799106666667,0.019100000000000002,64979.514847000006,3995.3059405323884,94.64953185,66.196127634981,36.637222365150976,3.2043075053307097,35,64,,False,True,,1097,21.16838264042747
25,2026-09-14T02:06:14.741+00:00,2026-09-14T02:07:22.730+00:00,2026-09-14T02:07:36.897+00:00,True,216,216.0,,216.0,67988.47370999999,82156.07178999999,82156.072034,380.3521853425926,0.02121,67988.47370999999,4621.705110017089,94.70710625,65.89580502325582,38.432820834014215,2.6291422568513245,35,64,,False,True,,1001,21.16838264042747
26,2026-09-14T02:06:19.390+00:00,2026-09-14T02:07:31.693+00:00,2026-09-14T02:07:49.631+00:00,True,278,278.0,,278.0,72303.759624,90241.322504,90241.322482,324.609073676259,39.479856,72303.759624,4332.657031804262,93.70171099999999,64.7565446931408,20.75725116363186,3.0806286109966696,35,64,,False,True,,1157,21.16838264042747
27,2026-09-14T02:06:24.235+00:00,2026-09-14T02:07:39.803+00:00,2026-09-14T02:07:48.375+00:00,True,135,135.0,,135.0,75567.31835799999,84139.94479,84139.94474299999,623.258849948148,35.769445,75567.31835799999,6498.325455097777,92.961417,63.97482411940298,20.564896082287536,1.6044697953741076,35,64,,False,True,,295,21.16838264042747
28,2026-09-14T02:06:29.171+00:00,2026-09-14T02:07:48.548+00:00,2026-09-14T02:07:59.450+00:00,True,165,165.0,,165.0,79376.33334,90278.161436,90278.161508,547.1403727757576,0.0,79376.33334,6174.31611271092,92.15898320000001,66.47456156097562,25.41310394044062,1.8276845404851518,35,64,,False,True,,659,21.16838264042747
29,2026-09-14T02:06:32.163+00:00,2026-09-14T02:07:53.034+00:00,2026-09-14T02:08:05.972+00:00,True,199,199.0,,199.0,80871.50554299999,93809.25504699998,93809.255196,471.403292442211,40.323024,80871.50554299999,5728.23741730986,95.34785919999999,65.3421692121212,21.560482926270005,2.1213258745131034,35,64,,False,True,,1048,21.16838264042747
30,2026-09-14T02:06:35.440+00:00,2026-09-14T02:07:58.579+00:00,2026-09-14T02:08:12.978+00:00,True,223,223.0,,223.0,83139.065025,97538.799041,97538.799022,437.393717587444,40.054436,83139.065025,5563.102688480593,95.31342799999999,64.86366673873874,21.84510070359622,2.286269691574354,35,64,,False,True,,991,21.16838264042747
31,2026-09-14T02:06:38.369+00:00,2026-09-14T02:08:04.367+00:00,2026-09-14T02:08:20.697+00:00,True,247,247.0,,247.0,85998.12683,102327.902446,102327.902458,414.28300590283396,0.0,85998.12683,5467.768705900188,96.29460230000001,66.3812016910569,26.231264910521364,2.413808883948791,35,64,,False,True,,830,21.16838264042747
32,2026-09-14T02:06:41.472+00:00,2026-09-14T02:08:09.162+00:00,2026-09-14T02:08:22.959+00:00,True,205,205.0,,205.0,87690.048001,101487.444225,101487.44416900001,495.06070326341467,0.0,87690.048001,6120.01575343469,96.5873482,67.63429521568628,49.71276257378836,2.01995430632296,35,64,,False,True,,827,21.16838264042747
33,2026-09-14T02:06:44.215+00:00,2026-09-14T02:08:14.744+00:00,2026-09-14T02:08:26.306+00:00,True,175,175.0,,175.0,90528.39695200001,102090.23016800001,102090.23012100002,583.3727435485715,0.0,90528.39695200001,6838.483960522362,94.8677537,66.44731733333333,52.88721802595688,1.714169903545319,35,64,,False,True,,827,21.16838264042747
34,2026-09-14T02:06:47.392+00:00,2026-09-14T02:08:19.974+00:00,2026-09-14T02:08:34.687+00:00,True,222,222.0,,222.0,92582.05803300001,107294.37291300001,107294.37269300001,483.30798510360364,0.01614,92582.05803300001,6209.405264446125,95.3635694,66.57156054298642,46.37161205041052,2.0690740247860844,35,64,,False,True,,1034,21.16838264042747
35,2026-09-14T02:06:50.733+00:00,2026-09-14T02:08:26.302+00:00,2026-09-14T02:08:36.000+00:00,True,145,145.0,,145.0,95568.730706,105266.620242,105266.620423,725.9766925724138,41.307021999999996,95568.730706,7930.987984736135,94.8712852,67.3464551111111,21.781694747947615,1.3774546923484003,35,64,,False,True,,623,21.16838264042747
36,2026-09-14T02:06:54.263+00:00,2026-09-14T02:08:32.384+00:00,2026-09-14T02:08:46.487+00:00,True,211,211.0,,211.0,98120.69076000001,112224.06714400002,112224.06695600001,531.8676159052134,0.0,98120.69076000001,6750.3282175222,95.90875249999999,67.15893516190476,24.625752302180665,1.8801671100482922,35,64,,False,True,,964,21.16838264042747
37,2026-09-14T02:06:58.195+00:00,2026-09-14T02:08:39.563+00:00,2026-09-14T02:08:59.276+00:00,True,297,297.0,,297.0,101368.579981,121081.360525,121081.36034900001,407.68134797643097,0.0,101368.579981,5878.197095214467,95.31296280000001,66.59723156756756,26.57325516982335,2.4528961246572516,35,64,,False,True,,1667,21.16838264042747
38,2026-09-14T02:07:02.559+00:00,2026-09-14T02:08:48.025+00:00,2026-09-14T02:09:06.584+00:00,True,282,282.0,,282.0,105466.15367900001,124024.42542300001,124024.42540800001,439.80292697872346,0.0,105466.15367900001,6276.541908120426,96.07837055,66.04367168683274,26.72520267786176,2.2737456677441203,35,64,,False,True,,1890,21.16838264042747
39,2026-09-14T02:07:06.717+00:00,2026-09-14T02:08:54.929+00:00,2026-09-14T02:09:07.772+00:00,True,196,196.0,,196.0,108212.050038,121054.847094,121054.847014,617.6267704795919,0.0,108212.050038,7724.780647208941,94.52256325,65.86049772307692,28.64077978798867,1.619100801868797,35,64,,False,True,,870,21.16838264042747
40,2026-09-14T02:07:09.549+00:00,2026-09-14T02:09:00.171+00:00,2026-09-14T02:09:16.516+00:00,True,247,247.0,,247.0,110621.172897,126966.213793,126966.213897,514.0332546437247,34.744516000000004,110621.172897,7034.4648715150415,96.845862,66.44325567479675,22.51242499088662,1.9453994304555515,35,64,,False,True,,1262,21.16838264042747
41,2026-09-14T02:07:13.591+00:00,2026-09-14T02:09:06.942+00:00,2026-09-14T02:09:16.230+00:00,True,139,139.0,,139.0,113350.795236,122638.922724,122638.92268,882.2944077697842,39.204646999999994,113350.795236,9608.60726093449,98.56150590000001,67.3052716521739,22.882963497516627,1.1334085208235296,35,64,,False,True,,589,21.16838264042747
42,2026-09-14T02:07:18.454+00:00,2026-09-14T02:09:16.943+00:00,2026-09-14T02:09:23.881+00:00,True,106,106.0,,106.0,118488.538302,125426.910654,125426.910608,1183.2727415849056,0.0,118488.538302,11502.45865114433,95.5478405,66.07973668571428,76.60631022259535,0.8451136956757974,35,64,,False,True,,443,21.16838264042747
43,2026-09-14T02:07:21.415+00:00,2026-09-14T02:09:21.636+00:00,2026-09-14T02:09:29.219+00:00,True,113,113.0,,113.0,120221.07028,127803.4498,127803.449796,1131.0039804955752,8.282041999999999,120221.07028,11303.1040467687,98.22319500000002,67.69981714285714,24.233795023733393,0.8841701861478234,35,64,,False,True,,538,21.16838264042747
44,2026-09-14T02:07:26.352+00:00,2026-09-14T02:09:29.621+00:00,2026-09-14T02:09:37.947+00:00,True,130,130.0,,130.0,123268.665598,131595.04563,131595.045563,1012.2695812538462,40.139445,123268.665598,10805.737055186135,93.4544405,64.54558164341086,21.339669205595396,0.9878791361607584,35,64,,False,True,,315,21.16838264042747
45,2026-09-14T02:07:31.264+00:00,2026-09-14T02:09:38.716+00:00,2026-09-14T02:09:45.606+00:00,True,105,105.0,,105.0,127452.298437,134342.163653,134342.163605,1279.4491771904763,0.0,127452.298437,12431.656345229414,92.80431399999999,66.248704,35.71946044910431,0.7815863400206242,35,64,,False,True,,411,21.16838264042747
46,2026-09-14T02:07:34.539+00:00,2026-09-14T02:09:43.348+00:00,2026-09-14T02:09:51.293+00:00,True,126,126.0,,126.0,128808.445778,136754.03477,136754.03470699998,1085.3494818015872,0.0,128808.445778,11469.556474048826,94.13831675,63.564711935999995,34.29847113786582,0.9213622121783339,35,64,,False,True,,569,21.16838264042747
47,2026-09-14T02:07:37.365+00:00,2026-09-14T02:09:48.583+00:00,2026-09-14T02:09:58.257+00:00,True,144,144.0,,144.0,131217.471538,140891.540274,140891.54025700002,978.4134740069445,34.866046000000004,131217.471538,10929.173830624923,95.07530150000001,67.65083032167833,22.05856782292287,1.0220627847488557,35,64,,False,True,,696,21.16838264042747
48,2026-09-14T02:07:40.193+00:00,2026-09-14T02:09:54.333+00:00,2026-09-14T02:10:12.964+00:00,True,280,280.0,,280.0,134140.75336,152771.597008,152771.597052,545.6128466142857,0.0,134140.75336,8012.500438883717,96.40124295000001,66.77721737634408,27.73681778974181,1.832801420445566,35,64,,False,True,,615,21.16838264042747
49,2026-09-14T02:07:43.595+00:00,2026-09-14T02:10:00.411+00:00,2026-09-14T02:10:13.896+00:00,True,202,202.0,,202.0,136815.853156,150300.706916,150300.706916,744.0629055247524,0.0,136815.853156,9621.653968812363,95.305627,67.08882467661691,29.331481837588942,1.343972388053329,35,64,,False,True,,1056,21.16838264042747
50,2026-09-14T02:07:48.458+00:00,2026-09-14T02:10:09.665+00:00,2026-09-14T02:10:18.466+00:00,True,121,121.0,,121.0,141207.193696,150008.70998400002,150008.709748,1239.7414028760331,0.0,141207.193696,12830.649193235813,98.15121300000001,73.34596906666667,88.0196290737247,0.8066198290279671,35,64,,False,True,,576,21.16838264042747
51,2026-09-14T02:07:51.553+00:00,2026-09-14T02:10:14.980+00:00,2026-09-14T02:10:27.495+00:00,True,191,191.0,,191.0,143427.187173,155941.910501,155941.91054200003,816.4497934136126,0.016829999999999998,143427.187173,10373.497317747611,95.648378,65.86696488421053,70.19502191628749,1.2248150570065972,35,64,,False,True,,861,21.16838264042747
52,2026-09-14T02:07:55.268+00:00,2026-09-14T02:10:21.178+00:00,2026-09-14T02:10:36.975+00:00,True,234,234.0,,234.0,145910.465975,161707.158711,161707.158803,691.0562342008546,37.042562,145910.465975,9534.058140813628,95.95102565,67.79696453218885,21.7103476026263,1.4470602406551487,35,64,,False,True,,838,21.16838264042747
53,2026-09-14T02:07:59.416+00:00,2026-09-14T02:10:28.403+00:00,2026-09-14T02:10:42.890+00:00,True,219,219.0,,219.0,148986.885872,163473.60408000002,163473.604097,746.4548132283105,0.0,148986.885872,10063.161749068968,95.624923,66.45283581651377,32.25258248836492,1.339665820867488,35,64,,False,True,,905,21.16838264042747
54,2026-09-14T02:08:03.182+00:00,2026-09-14T02:10:35.008+00:00,2026-09-14T02:10:47.363+00:00,True,188,188.0,,188.0,151825.937421,164180.751373,164180.751408,873.3018691914895,0.0,151825.937421,11068.276589584852,95.59825335,66.06852380748663,33.556653359479604,1.1450794226960588,35,64,,False,True,,908,21.16838264042747
55,2026-09-14T02:08:07.305+00:00,2026-09-14T02:10:42.328+00:00,2026-09-14T02:11:00.788+00:00,True,282,282.0,,282.0,155022.744064,173483.374592,173483.374515,615.1892713297872,11.544366,155022.744064,9227.583961311717,94.86836905,65.69619404982207,21.962619965903247,1.6255159934674461,35,64,,False,True,,1319,21.16838264042747
56,2026-09-14T02:08:11.376+00:00,2026-09-14T02:10:49.890+00:00,2026-09-14T02:11:06.271+00:00,True,254,254.0,,254.0,158513.369265,174894.348465,174894.34842899998,688.5604268858267,40.442045,158513.369265,9941.973379745044,93.85839265,64.7469533596838,21.23637314927836,1.4523053616614188,35,64,,False,True,,1259,21.16838264042747
57,2026-09-14T02:08:14.414+00:00,2026-09-14T02:10:54.334+00:00,2026-09-14T02:11:06.635+00:00,True,193,193.0,,193.0,159919.980143,172220.799343,172220.79950599998,892.3357487357513,40.062655,159919.980143,11506.699162883417,91.77025859999999,64.06676666666667,20.817502997904853,1.1206544200019393,35,64,,False,True,,888,21.16838264042747
58,2026-09-14T02:08:18.495+00:00,2026-09-14T02:11:02.360+00:00,2026-09-14T02:11:21.243+00:00,True,286,286.0,,286.0,163865.03062200002,182748.203742,182748.20378500002,638.979733513986,0.0,163865.03062200002,9685.672701498506,95.31903925,66.25674778947368,30.596713901060806,1.5649948625693124,35,64,,False,True,,1418,21.16838264042747
59,2026-09-14T02:08:21.308+00:00,2026-09-14T02:11:07.078+00:00,2026-09-14T02:11:22.074+00:00,True,224,224.0,,224.0,165770.355287,180765.75368700002,180765.75366400002,806.9899717142857,0.0,165770.355287,11071.552446680143,96.40797415000002,67.24393901345292,32.54360536112928,1.239172771563031,35,64,,False,True,,1215,21.16838264042747
60,2026-09-14T02:08:24.317+00:00,2026-09-14T02:11:11.698+00:00,2026-09-14T02:11:24.126+00:00,True,190,190.0,,190.0,167380.658026,179809.55761,179809.55763199998,946.3660927999999,36.190093999999995,167380.658026,12138.319110233419,96.4166259,65.76137346031746,22.49244634139694,1.0566735301807633,35,64,,False,True,,771,21.16838264042747
61,2026-09-14T02:08:28.212+00:00,2026-09-14T02:11:19.650+00:00,2026-09-14T02:11:29.598+00:00,True,150,150.0,,150.0,171438.406598,181386.306758,181386.306832,1209.2420455466668,0.03149,171438.406598,13992.686722970046,96.83955750000001,66.76443060402684,84.04885504573406,0.8269642989099798,35,64,,False,True,,651,21.16838264042747
62,2026-09-14T02:08:33.072+00:00,2026-09-14T02:11:27.758+00:00,2026-09-14T02:11:42.133+00:00,True,224,224.0,,224.0,174686.49256,189061.005968,189061.00609500002,844.0223486383929,0.0,174686.49256,11667.470559628553,95.13813615,64.45970138116593,32.55622384487664,1.1848027511178783,35,64,,False,True,,555,21.16838264042747
63,2026-09-14T02:08:35.958+00:00,2026-09-14T02:11:32.667+00:00,2026-09-14T02:11:51.196+00:00,True,279,279.0,,279.0,176708.667808,195237.616032,195237.615968,699.7764013189964,0.0,176708.667808,10575.324168833173,95.328692,66.65089289208633,30.29468209473748,1.4290278977503554,35,64,,False,True,,1293,21.16838264042747
64,2026-09-14T02:08:40.840+00:00,2026-09-14T02:11:41.988+00:00,2026-09-14T02:11:54.376+00:00,True,183,183.0,,183.0,181148.202079,193536.065119,193536.06523100002,1057.5741269453551,39.583417000000004,181148.202079,13385.847865461537,95.864259,68.06518153846153,22.59866297122815,0.9455601977206591,35,64,,False,True,,408,21.16838264042747
65,2026-09-14T02:08:45.318+00:00,2026-09-14T02:11:48.955+00:00,2026-09-14T02:12:07.955+00:00,True,277,277.0,,277.0,183636.80028999998,202637.039394,202637.03934599998,731.5416582888087,39.216817000000006,183636.80028999998,11029.555410511888,98.39676600000001,68.8414460289855,23.859885118844,1.3669761502062385,35,64,,False,True,,1299,21.16838264042747
66,2026-09-14T02:08:48.455+00:00,2026-09-14T02:11:54.970+00:00,2026-09-14T02:12:09.510+00:00,True,215,215.0,,215.0,186514.534897,201054.344177,201054.344084,935.136484111628,41.385813,186514.534897,12715.573555645768,98.4320207,67.94303401869159,23.453828438840873,1.069362618749102,35,64,,False,True,,985,21.16838264042747
67,2026-09-14T02:08:51.775+00:00,2026-09-14T02:12:00.538+00:00,2026-09-14T02:12:15.666+00:00,True,225,225.0,,225.0,188763.495919,203891.206895,203891.206707,906.18314092,0.0,188763.495919,12579.776985983828,98.0028212,67.534424,34.177135575174105,1.103529688339481,35,64,,False,True,,378,21.16838264042747
68,2026-09-14T02:08:56.041+00:00,2026-09-14T02:12:08.800+00:00,2026-09-14T02:12:20.095+00:00,True,170,170.0,,170.0,192758.822667,204053.842699,204053.842522,1200.316720717647,0.0,192758.822667,14778.846138112232,97.40614545,66.83443805917159,36.691535640016916,0.833113445703481,35,64,,False,True,,416,21.16838264042747
69,2026-09-14T02:08:59.364+00:00,2026-09-14T02:12:15.661+00:00,2026-09-14T02:12:34.154+00:00,True,279,279.0,,279.0,196296.512306,214789.523506,214789.523502,769.8549229462366,37.78907,196296.512306,11748.0025789011,94.67976800000001,66.52162302158273,21.895765985502678,1.2989460353833613,35,64,,False,True,,1316,21.16838264042747
70,2026-09-14T02:09:03.187+00:00,2026-09-14T02:12:21.590+00:00,2026-09-14T02:12:31.490+00:00,True,152,152.0,,152.0,198402.975573,208302.780757,208302.780959,1370.413032625,39.579237,198402.975573,16087.302000517817,93.89221649999999,65.56162373509933,20.851271756050043,0.7297070132602733,35,64,,False,True,,690,21.16838264042747
71,2026-09-14T02:09:08.047+00:00,2026-09-14T02:12:30.296+00:00,2026-09-14T02:12:48.582+00:00,True,281,281.0,,281.0,202249.191939,220535.001603,220535.001541,784.8220695409253,38.967538,202249.191939,12061.298236958475,94.48057,65.30646308571428,21.348772036740524,1.2741741581041504,35,64,,False,True,,694,21.16838264042747
72,2026-09-14T02:09:11.233+00:00,2026-09-14T02:12:36.037+00:00,2026-09-14T02:12:53.006+00:00,True,262,262.0,,262.0,204803.92102900002,221773.610117,221773.610114,846.464160740458,0.0,204803.92102900002,12649.054254908277,94.430021,65.01796585440613,78.4882322154654,1.1813849261044989,35,64,,False,True,,942,21.16838264042747
73,2026-09-14T02:09:15.300+00:00,2026-09-14T02:12:43.836+00:00,2026-09-14T02:12:56.093+00:00,True,191,191.0,,191.0,208536.70305,220793.40346600002,220793.403408,1155.986405277487,0.0,208536.70305,15084.78042864066,95.37162400000001,64.50894955789474,89.11965754805406,0.8650620761385749,35,64,,False,True,,908,21.16838264042747
74,2026-09-14T02:09:19.056+00:00,2026-09-14T02:12:50.397+00:00,2026-09-14T02:13:01.231+00:00,True,165,165.0,,165.0,211341.459845,222175.131013,222175.131043,1346.5159457151515,0.0,211341.459845,16448.068953849826,95.9673876,66.05897053658536,99.8620258318568,0.7426573768526121,35,64,,False,True,,649,21.16838264042747
75,2026-09-14T02:09:23.791+00:00,2026-09-14T02:12:58.107+00:00,2026-09-14T02:13:17.741+00:00,True,294,294.0,,294.0,214315.879797,233949.705845,233949.705839,795.7472987721088,37.640301,214315.879797,12495.267595409885,96.319191,67.00964521501706,22.249817806912183,1.2566803575926933,35,64,,False,True,,1069,21.16838264042747
76,2026-09-14T02:09:28.581+00:00,2026-09-14T02:13:06.408+00:00,2026-09-14T02:13:26.028+00:00,True,298,298.0,,298.0,217827.058599,237446.42167100002,237446.421738,796.8000729463088,38.600928,217827.058599,12614.574476806762,93.94717284999999,66.05846152188552,21.603373922897134,1.2550199657794867,35,64,,False,True,,1085,21.16838264042747
77,2026-09-14T02:09:31.504+00:00,2026-09-14T02:13:11.325+00:00,2026-09-14T02:13:24.932+00:00,True,209,209.0,,209.0,219821.624658,233428.685906,233428.68590699998,1116.8836646267941,38.923088,219821.624658,15200.869806209901,93.80182239999998,65.4185636923077,21.533069900930812,0.8953483981148862,35,64,,False,True,,978,21.16838264042747
78,2026-09-14T02:09:35.188+00:00,2026-09-14T02:13:18.326+00:00,2026-09-14T02:13:34.285+00:00,True,244,244.0,,244.0,223137.904376,239096.672504,239096.67257599998,979.9043958032787,0.0,223137.904376,14280.781849198673,93.3683355,65.67394291358025,36.18595094117195,1.0205077195121484,35,64,,False,True,,1092,21.16838264042747
79,2026-09-14T02:09:38.673+00:00,2026-09-14T02:13:24.888+00:00,2026-09-14T02:13:32.696+00:00,True,120,120.0,,120.0,226215.295562,234022.94458600003,234022.944702,1950.1912058500002,0.0,226215.295562,20644.601656043917,93.46252289999998,65.610496,47.56845801148486,0.5127702337575782,35,64,,False,True,,546,21.16838264042747
80,2026-09-14T02:09:42.871+00:00,2026-09-14T02:13:31.351+00:00,2026-09-14T02:13:44.048+00:00,True,193,193.0,,193.0,228479.69621700002,241176.22229700003,241176.222329,1249.6177322746114,36.580521999999995,228479.69621700002,16441.581981211475,95.142916,66.12774,21.166590955477915,0.8002447262911652,35,64,,False,True,,956,21.16838264042747
81,2026-09-14T02:09:46.416+00:00,2026-09-14T02:13:38.182+00:00,2026-09-14T02:13:58.213+00:00,True,298,298.0,,298.0,231766.524327,251797.12144699998,251797.121629,844.9567839899329,39.082567000000004,231766.524327,13421.987036349792,96.27012035,67.44308794612795,22.997895761284166,1.1834924811192693,35,64,,False,True,,1284,21.16838264042747
82,2026-09-14T02:09:49.277+00:00,2026-09-14T02:13:44.000+00:00,2026-09-14T02:14:02.306+00:00,True,273,273.0,,273.0,234723.479227,253029.108667,253029.108477,926.8465511978022,32.972889,234723.479227,14202.055814738675,94.90084579999998,67.30010823529412,22.516298371577868,1.0789272484822399,35,64,,False,True,,1285,21.16838264042747
83,2026-09-14T02:09:52.903+00:00,2026-09-14T02:13:50.313+00:00,2026-09-14T02:14:09.862+00:00,True,294,294.0,,294.0,237410.215941,256959.609093,256959.609177,874.0122761122449,39.402757,237410.215941,13842.171568899432,94.4146137,66.72147833447099,22.2825809968022,1.144148689507051,35,64,,False,True,,962,21.16838264042747
84,2026-09-14T02:09:57.718+00:00,2026-09-14T02:13:58.565+00:00,2026-09-14T02:14:05.440+00:00,True,107,107.0,,107.0,240846.823911,247721.74000700001,247721.73995500003,2315.1564481775704,36.728062,240846.823911,23277.280917187178,93.7359,64.85769901886792,21.29956907268721,0.43193625233286526,35,64,,False,True,,458,21.16838264042747
85,2026-09-14T02:10:00.951+00:00,2026-09-14T02:14:05.392+00:00,2026-09-14T02:14:21.908+00:00,True,244,244.0,,244.0,244441.017336,260957.34450399998,260957.344555,1069.4973137499999,0.0,244441.017336,15644.430886710586,96.83313364999998,67.96842455967078,39.44617265888769,0.935018711444084,35,64,,False,True,,967,21.16838264042747
86,2026-09-14T02:10:04.017+00:00,2026-09-14T02:14:10.924+00:00,2026-09-14T02:14:23.680+00:00,True,195,195.0,,195.0,246907.155474,259663.270162,259663.270225,1331.606513974359,0.0,246907.155474,17676.730026113804,94.7527997,65.75316849484535,42.1752731855048,0.7509725956941944,35,64,,False,True,,912,21.16838264042747
87,2026-09-14T02:10:07.744+00:00,2026-09-14T02:14:17.501+00:00,2026-09-14T02:14:35.390+00:00,True,270,270.0,,270.0,249756.882498,267646.176322,267646.176212,991.2821341185185,0.0173,249756.882498,15195.952094095379,94.49992545,66.50295101858735,92.33859083917561,1.0087945350475256,35,64,,False,True,,379,21.16838264042747
88,2026-09-14T02:10:11.310+00:00,2026-09-14T02:14:24.358+00:00,2026-09-14T02:14:38.426+00:00,True,211,211.0,,211.0,253047.463838,267115.987358,267115.987431,1265.9525470663507,0.01566,253047.463838,17416.187607231957,94.28045399999999,66.99296914285715,101.39646157606443,0.7899190238928266,35,64,,False,True,,967,21.16838264042747
89,2026-09-14T02:10:14.250+00:00,2026-09-14T02:14:29.026+00:00,2026-09-14T02:14:43.725+00:00,True,226,226.0,,226.0,254775.68248699998,269474.773687,269474.77365,1192.3662550884956,0.01565,254775.68248699998,16943.379256601376,93.59447850000001,65.32929422222223,100.81367964526564,0.838668484280845,35,64,,False,True,,864,21.16838264042747
90,2026-09-14T02:10:18.817+00:00,2026-09-14T02:14:36.582+00:00,2026-09-14T02:14:48.185+00:00,True,181,181.0,,181.0,257765.154454,269368.47759,269368.477596,1488.223633127072,38.927847,257765.154454,19154.753544047053,92.766683,64.46290631111111,21.494404516483797,0.6719420238751775,35,64,,False,True,,635,21.16838264042747
91,2026-09-14T02:10:23.452+00:00,2026-09-14T02:14:45.012+00:00,2026-09-14T02:14:53.787+00:00,True,131,131.0,,131.0,261560.160998,270335.26935,270335.26945900003,2063.6280111374044,34.820806,261560.160998,22846.730473131873,93.8133015,67.50083347692308,22.17207793742516,0.4845834593280382,35,64,,False,True,,697,21.16838264042747
92,2026-09-14T02:10:27.156+00:00,2026-09-14T02:14:51.500+00:00,2026-09-14T02:15:02.013+00:00,True,154,154.0,,154.0,264344.622003,274856.852403,274856.852333,1784.7847554090908,0.0,264344.622003,21296.01260277256,94.94726614999999,68.70738823529412,47.451154799364,0.5602916523769342,35,64,,False,True,,789,21.16838264042747
93,2026-09-14T02:10:30.897+00:00,2026-09-14T02:14:58.729+00:00,2026-09-14T02:15:08.928+00:00,True,148,148.0,,148.0,267831.711212,278030.49854,278030.49854,1878.5844495945946,0.0,267831.711212,22009.981465188477,96.15815235,69.37950563265306,48.640152429383534,0.532315701972197,35,64,,False,True,,700,21.16838264042747
94,2026-09-14T02:10:34.029+00:00,2026-09-14T02:15:03.581+00:00,2026-09-14T02:15:23.360+00:00,True,295,295.0,,295.0,269551.340388,289331.069284,289331.069296,980.7832857491526,38.229199,269551.340388,15689.984703609864,96.70374439999999,67.27798944217686,22.437733540372086,1.0195932318296432,35,64,,False,True,,574,21.16838264042747
95,2026-09-14T02:10:37.540+00:00,2026-09-14T02:15:09.015+00:00,2026-09-14T02:15:27.101+00:00,True,270,270.0,,270.0,271474.574885,289560.745253,289560.74514300004,1072.4472042333334,41.003172,271474.574885,16517.34015908066,96.646319,67.23483408178438,22.63082289563755,0.9324468334410831,35,64,,False,True,,946,21.16838264042747
96,2026-09-14T02:10:41.511+00:00,2026-09-14T02:15:16.561+00:00,2026-09-14T02:15:26.305+00:00,True,144,144.0,,144.0,275049.56772600004,284794.36260600004,284794.36263700004,1977.7386294236114,41.168123,275049.56772600004,22915.129455730108,95.47010350000001,68.14541874125874,22.460162742802286,0.5056279860399393,35,64,,False,True,,705,21.16838264042747
97,2026-09-14T02:10:46.314+00:00,2026-09-14T02:15:25.935+00:00,2026-09-14T02:15:34.929+00:00,True,133,133.0,,133.0,279620.662932,288614.455188,288614.455064,2170.0334967218046,37.84299,279620.662932,24240.28841449228,95.2064238,68.13478981818182,22.100666691115986,0.46082237950751775,35,64,,False,True,,633,21.16838264042747
98,2026-09-14T02:10:50.205+00:00,2026-09-14T02:15:32.652+00:00,2026-09-14T02:15:45.811+00:00,True,199,199.0,,199.0,282447.22897000005,295606.48682600004,295606.48677600006,1485.459732542714,34.70644600000001,282447.22897000005,20017.45382978433,95.76220880000001,66.46089826262626,21.896589493069044,0.6731922635958102,35,64,,False,True,,941,21.16838264042747
99,2026-09-14T02:10:53.488+00:00,2026-09-14T02:15:38.996+00:00,2026-09-14T02:15:53.506+00:00,False,226,225.0,,225.0,285507.847715,300018.23312299995,300018.23316199996,1327.5143060265486,0.0,285507.847715,18987.456964888745,94.26654350000001,64.49060181333333,42.471341454683845,0.7499544199627215,35,64,,False,False,Request timeout: 300.0s exceeded,1136,21.16838264042747
100,2026-09-14T02:10:56.637+00:00,2026-09-14T02:15:43.742+00:00,2026-09-14T02:15:56.667+00:00,False,198,197.0,,197.0,287105.15155,300030.254398,300030.254183,1515.3043140555556,0.0,287105.15155,20399.060672892898,94.64432920000002,65.60965912690355,44.68247234689355,0.6566004498288797,35,64,,False,False,Request timeout: 300.0s exceeded,988,21.16838264042747
101,2026-09-14T02:11:00.047+00:00,2026-09-14T02:15:50.342+00:00,2026-09-14T02:16:00.066+00:00,False,143,142.0,,142.0,290294.97505199997,300018.718028,300018.717961,2098.0329927342655,0.02594,290294.97505199997,24269.968873224745,94.1600181,68.4770632112676,21.96517294926492,0.4733038022872543,35,64,,False,False,Request timeout: 300.0s exceeded,227,21.16838264042747
102,2026-09-14T02:11:04.981+00:00,2026-09-14T02:15:57.836+00:00,2026-09-14T02:16:04.989+00:00,False,100,99.0,,99.0,292854.912846,300008.765262,300008.76509299997,3000.08765093,0.03807,292854.912846,29278.272360876534,91.75264195,72.26113551515152,20.622737427364193,0.3299903584935011,35,64,,False,False,Request timeout: 300.0s exceeded,445,21.16838264042747
103,2026-09-14T02:11:09.601+00:00,2026-09-14T02:16:03.125+00:00,2026-09-14T02:16:09.638+00:00,False,99,98.0,,98.0,293523.780487,300037.144455,300037.14438,3030.678226060606,0.04622,293523.780487,29493.57699219847,88.81107180000001,66.46289763265305,20.21633443539815,0.3266262254895516,35,64,,False,False,Request timeout: 300.0s exceeded,253,21.16838264042747
104,2026-09-14T02:11:12.488+00:00,2026-09-14T02:16:06.144+00:00,2026-09-14T02:16:12.512+00:00,False,94,93.0,,93.0,293656.48299,300023.84759799996,300023.847572,3191.7430592765954,0.022219000000000003,293656.48299,30281.29848225234,88.4204168,68.46628610752688,20.214617850133884,0.30997535944079385,35,64,,False,False,Request timeout: 300.0s exceeded,392,21.16838264042747
105,2026-09-14T02:11:15.172+00:00,2026-09-14T02:16:09.049+00:00,2026-09-14T02:16:15.212+00:00,False,93,92.0,,92.0,293877.277708,300040.208396,300040.208154,3226.2387973548384,0.04382,293877.277708,30466.7143595803,88.73097519999999,66.98837704347825,20.185512395404164,0.30662557025882436,35,64,,False,False,Request timeout: 300.0s exceeded,446,21.16838264042747
106,2026-09-14T02:11:17.955+00:00,2026-09-14T02:16:11.492+00:00,2026-09-14T02:16:17.999+00:00,False,98,97.0,,97.0,293537.104083,300044.151251,300044.151319,3061.6750134591834,0.03908,293537.104083,29644.955524123383,88.00155585,67.08296049484537,19.982877515477956,0.32328575509827306,35,64,,False,False,Request timeout: 300.0s exceeded,512,21.16838264042747
107,2026-09-14T02:11:21.696+00:00,2026-09-14T02:16:15.164+00:00,2026-09-14T02:16:21.738+00:00,False,97,96.0,,96.0,293467.99084600003,300042.13843000005,300042.13843000005,3093.2179219587633,0.04474,293467.99084600003,29790.21342425661,88.0785022,68.480704,20.049754212133237,0.3199550586538592,35,64,,False,False,Request timeout: 300.0s exceeded,314,21.16838264042747
108,2026-09-14T02:11:26.259+00:00,2026-09-14T02:16:20.282+00:00,2026-09-14T02:16:26.277+00:00,False,90,89.0,,89.0,294023.079918,300018.86795,300018.868188,3333.5429798666664,0.042409999999999996,294023.079918,30985.65921587968,87.11123579999999,67.36840485393259,20.281416454984672,0.29664800953396175,35,64,,False,False,Request timeout: 300.0s exceeded,413,21.16838264042747
109,2026-09-14T02:11:30.675+00:00,2026-09-14T02:16:23.941+00:00,2026-09-14T02:16:30.697+00:00,False,106,105.0,,105.0,293265.429392,300021.7028,300021.70270200004,2830.3934217169813,0.02252,293265.429392,28478.214083286013,88.43488799999999,64.34546102857142,20.514032646658517,0.34997468189824565,35,64,,False,False,Request timeout: 300.0s exceeded,503,21.16838264042747
110,2026-09-14T02:11:34.685+00:00,2026-09-14T02:16:29.107+00:00,2026-09-14T02:16:34.747+00:00,False,95,94.0,,94.0,294421.91447899997,300061.35921499995,300061.359243,3158.540623610526,0.01557,294421.91447899997,30201.368788582884,91.5582065,59.99409293617021,169.93180620882228,0.3132692601470459,35,64,,False,False,Request timeout: 300.0s exceeded,451,21.16838264042747
111,2026-09-14T02:11:38.524+00:00,2026-09-14T02:16:33.741+00:00,2026-09-14T02:16:38.578+00:00,False,71,70.0,,70.0,295217.76178899995,300054.788861,300054.78880199994,4226.1237859436615,0.03545,295217.76178899995,35027.70768012562,88.429848,69.10038674285714,20.478544780962114,0.2332907275558512,35,64,,False,False,Request timeout: 300.0s exceeded,324,21.16838264042747
112,2026-09-14T02:11:43.215+00:00,2026-09-14T02:16:36.646+00:00,2026-09-14T02:16:43.247+00:00,False,101,100.0,,100.0,293430.872991,300032.105631,300032.10561,2970.614907029703,0.0,293430.872991,29190.962145504483,89.58437899999998,66.01232639999999,63.08215966061688,0.3332976642272638,35,64,,False,False,Request timeout: 300.0s exceeded,164,21.16838264042747
113,2026-09-14T02:11:46.809+00:00,2026-09-14T02:16:40.039+00:00,2026-09-14T02:16:46.880+00:00,False,109,108.0,,108.0,293230.715652,300071.29779599997,300071.297774,2752.947686,0.0,293230.715652,28080.408758577618,89.34862820000001,63.33872355555555,61.535093489414606,0.3599144629734716,35,64,,False,False,Request timeout: 300.0s exceeded,345,21.16838264042747
114,2026-09-14T02:11:51.006+00:00,2026-09-14T02:16:44.305+00:00,2026-09-14T02:16:51.056+00:00,False,100,99.0,,99.0,293299.171409,300050.274129,300050.274111,3000.50274111,0.04438,293299.171409,29323.104911692757,90.56429245000001,68.19295676767678,20.460921125820477,0.32994470772400336,35,64,,False,False,Request timeout: 300.0s exceeded,324,21.16838264042747
115,2026-09-14T02:11:55.285+00:00,2026-09-14T02:16:48.744+00:00,2026-09-14T02:16:55.336+00:00,False,97,96.0,,96.0,293458.693824,300051.14950400003,300051.149511,3093.310819701031,0.03624,293458.693824,29789.25011249066,90.66267739999999,68.67141333333333,20.081538412583186,0.31994544982978046,35,64,,False,False,Request timeout: 300.0s exceeded,428,21.16838264042747
116,2026-09-14T02:11:59.757+00:00,2026-09-14T02:16:53.314+00:00,2026-09-14T02:16:59.813+00:00,False,94,93.0,,93.0,293557.602757,300056.307909,300056.30786,3192.088381489362,0.027129,293557.602757,30270.95409391279,90.05065,69.87855002150538,20.20031479190784,0.3099418260795394,35,64,,False,False,Request timeout: 300.0s exceeded,372,21.16838264042747
117,2026-09-14T02:12:02.448+00:00,2026-09-14T02:16:56.005+00:00,2026-09-14T02:17:02.528+00:00,False,97,96.0,,96.0,293556.880482,300080.129634,300080.129666,3093.609584185567,0.01936,293556.880482,29799.29321970823,90.6814094,67.950512,20.916507659772936,0.3199145512136666,35,64,,False,False,Request timeout: 300.0s exceeded,448,21.16838264042747
118,2026-09-14T02:12:06.952+00:00,2026-09-14T02:17:00.817+00:00,2026-09-14T02:17:07.017+00:00,False,89,88.0,,88.0,293865.146289,300065.262513,300065.262356,3371.519801752809,0.021929999999999998,293865.146289,31142.181315229467,90.34162420000001,70.45586618181818,20.102642389768658,0.2932695349772035,35,64,,False,False,Request timeout: 300.0s exceeded,394,21.16838264042747
119,2026-09-14T02:12:09.668+00:00,2026-09-14T02:17:03.715+00:00,2026-09-14T02:17:09.712+00:00,False,84,83.0,,83.0,294046.9503,300043.69756400003,300043.69755700004,3571.9487804404766,0.02352,294046.9503,32075.274887733343,88.00264814999998,72.24996703614458,18.79976732547967,0.27662637367110804,35,64,,False,False,Request timeout: 300.0s exceeded,410,21.16838264042747
120,2026-09-14T02:12:12.973+00:00,2026-09-14T02:17:07.020+00:00,2026-09-14T02:17:13.008+00:00,False,87,86.0,,86.0,294046.353931,300034.504203,300034.504187,3448.67246191954,0.023239999999999997,294046.353931,31517.61917568412,89.3158518,69.6296543255814,19.677002739856153,0.2866336997754544,35,64,,False,False,Request timeout: 300.0s exceeded,272,21.16838264042747
121,2026-09-14T02:12:16.100+00:00,2026-09-14T02:17:10.263+00:00,2026-09-14T02:17:16.154+00:00,False,85,84.0,,84.0,294162.832076,300053.797836,300053.79781799996,3530.0446802117644,0.023030000000000002,294162.832076,31898.838004884983,88.89526219999999,70.13054476190476,19.372795939591267,0.27994979768898565,35,64,,False,False,Request timeout: 300.0s exceeded,395,21.16838264042747
122,2026-09-14T02:12:19.802+00:00,2026-09-14T02:17:13.695+00:00,2026-09-14T02:17:19.859+00:00,False,92,91.0,,91.0,293892.321176,300056.038296,300056.038269,3261.4786768369563,0.019039999999999998,293892.321176,30633.33801113496,89.49161605,67.73315516483517,20.98346116693492,0.3032766829715658,35,64,,False,False,Request timeout: 300.0s exceeded,444,21.16838264042747
123,2026-09-14T02:12:24.073+00:00,2026-09-14T02:17:17.588+00:00,2026-09-14T02:17:24.120+00:00,False,96,95.0,,95.0,293515.320725,300047.266709,300047.2667,3125.492361458333,0.04034,293515.320725,29949.770672687915,89.46653624999999,68.75732614736842,19.38925108454042,0.3166167818890198,35,64,,False,False,Request timeout: 300.0s exceeded,447,21.16838264042747
124,2026-09-14T02:12:28.772+00:00,2026-09-14T02:17:22.515+00:00,2026-09-14T02:17:28.817+00:00,False,92,91.0,,91.0,293743.35197,300045.508258,300045.50848300004,3261.3642226413044,0.02169,293743.35197,30617.647651018182,88.1685611,69.2544647032967,20.012929383929972,0.30328732640700573,35,64,,False,False,Request timeout: 300.0s exceeded,506,21.16838264042747
125,2026-09-14T02:12:31.580+00:00,2026-09-14T02:17:25.333+00:00,2026-09-14T02:17:31.617+00:00,False,94,93.0,,93.0,293753.333966,300037.304782,300037.30484,3191.886221702128,0.02486,293753.333966,30291.380425452895,89.14210500000002,67.56957866666667,20.277748218096693,0.30996145651812057,35,64,,False,False,Request timeout: 300.0s exceeded,303,21.16838264042747
126,2026-09-14T02:12:35.078+00:00,2026-09-14T02:17:29.083+00:00,2026-09-14T02:17:35.117+00:00,False,87,86.0,,86.0,294004.87940100004,300038.76919300004,300038.76912300003,3448.7214841724144,0.021,294004.87940100004,31513.115230726034,88.10883460000001,70.16150920930232,19.036696637722724,0.28662962533578606,35,64,,False,False,Request timeout: 300.0s exceeded,378,21.16838264042747
127,2026-09-14T02:12:38.478+00:00,2026-09-14T02:17:32.329+00:00,2026-09-14T02:17:38.507+00:00,False,95,94.0,,94.0,293851.754892,300029.131404,300029.131302,3158.201382126316,0.0,293851.754892,30141.8832725869,88.97320099999999,65.71677140425531,66.11861639844268,0.31330291015449974,35,64,,False,False,Request timeout: 300.0s exceeded,324,21.16838264042747
128,2026-09-14T02:12:41.219+00:00,2026-09-14T02:17:34.863+00:00,2026-09-14T02:17:41.281+00:00,False,100,99.0,,99.0,293644.613932,300062.79582,300062.796012,3000.62796012,0.0,293644.613932,29358.048711590094,89.06494545,64.83012008080809,64.58847290746175,0.3299309390537958,35,64,,False,False,Request timeout: 300.0s exceeded,366,21.16838264042747
129,2026-09-14T02:12:45.082+00:00,2026-09-14T02:17:38.838+00:00,2026-09-14T02:17:45.098+00:00,False,89,88.0,,88.0,293756.25879,300016.206054,300016.206205,3370.9686090449436,0.03917,293756.25879,31130.56706118729,90.85637500000001,71.13576436363635,19.889732266754848,0.29331748826981985,35,64,,False,False,Request timeout: 300.0s exceeded,449,21.16838264042747
130,2026-09-14T02:12:49.552+00:00,2026-09-14T02:17:43.332+00:00,2026-09-14T02:17:49.630+00:00,False,93,92.0,,92.0,293780.484888,300078.04444,300078.044465,3226.645639408602,0.021,293780.484888,30456.525888075026,90.37541540000001,68.45173426086956,20.51466406737999,0.3065869086546757,35,64,,False,False,Request timeout: 300.0s exceeded,482,21.16838264042747
131,2026-09-14T02:12:52.844+00:00,2026-09-14T02:17:46.672+00:00,2026-09-14T02:17:52.872+00:00,False,94,93.0,,93.0,293828.50685500004,300028.148967,300028.148937,3191.788818478724,0.02092,293828.50685500004,30299.228025864337,90.2017448,66.66281840860215,21.143502413458183,0.3099709154630989,35,64,,False,False,Request timeout: 300.0s exceeded,466,21.16838264042747
132,2026-09-14T02:12:57.074+00:00,2026-09-14T02:17:50.493+00:00,2026-09-14T02:17:57.154+00:00,False,104,103.0,,103.0,293419.633282,300080.521858,300080.52196900005,2885.389634317308,0.02089,293419.633282,28765.828435450025,88.73628315,64.6688211262136,20.885977706475266,0.3432412052680322,35,64,,False,False,Request timeout: 300.0s exceeded,454,21.16838264042747
133,2026-09-14T02:12:59.963+00:00,2026-09-14T02:17:53.786+00:00,2026-09-14T02:18:00.022+00:00,False,93,92.0,,92.0,293823.203438,300058.815854,300058.816036,3226.4388821075268,0.03424,293823.203438,30461.025566458513,89.84887780000001,67.77839582608695,20.73912970676614,0.3066065555786388,35,64,,False,False,Request timeout: 300.0s exceeded,367,21.16838264042747
134,2026-09-14T02:13:04.838+00:00,2026-09-14T02:17:58.709+00:00,2026-09-14T02:18:04.847+00:00,False,90,89.0,,89.0,293871.102074,300008.655226,300008.655239,3333.4295026555556,0.02273,293871.102074,30969.471209126583,87.76059944999999,68.96127137078652,19.913262540966528,0.29665810785677255,35,64,,False,False,Request timeout: 300.0s exceeded,427,21.16838264042747
135,2026-09-14T02:13:08.149+00:00,2026-09-14T02:18:02.042+00:00,2026-09-14T02:18:08.226+00:00,False,88,87.0,,87.0,293892.36934100004,300076.975549,300076.97561200004,3409.965631954546,0.03511,293892.36934100004,31321.46003453909,89.162634,71.08742767816092,19.729470063421896,0.2899256093901601,35,64,,False,False,Request timeout: 300.0s exceeded,389,21.16838264042747
136,2026-09-14T02:13:11.047+00:00,2026-09-14T02:18:04.801+00:00,2026-09-14T02:18:11.082+00:00,False,92,91.0,,91.0,293753.572821,300035.099349,300035.099231,3261.251078597826,0.04317,293753.572821,30618.737359029463,90.37205014999999,69.02776404395604,20.735117390998248,0.3032978481432569,35,64,,False,False,Request timeout: 300.0s exceeded,487,21.16838264042747
137,2026-09-14T02:13:14.450+00:00,2026-09-14T02:18:08.140+00:00,2026-09-14T02:18:14.491+00:00,False,94,93.0,,93.0,293689.25570700003,300040.673307,300040.67314900004,3191.9220547765963,0.046060000000000004,293689.25570700003,30284.696640883187,90.91470345000002,68.2948129032258,20.5532177375805,0.30995797661353364,35,64,,False,False,Request timeout: 300.0s exceeded,446,21.16838264042747
138,2026-09-14T02:13:17.711+00:00,2026-09-14T02:18:11.549+00:00,2026-09-14T02:18:17.782+00:00,False,95,94.0,,94.0,293838.11558700004,300070.898179,300070.89815,3158.641033157895,0.023399999999999997,293838.11558700004,30140.358540179895,89.4403031,66.30619778723404,20.43173083755068,0.3132593016198678,35,64,,False,False,Request timeout: 300.0s exceeded,490,21.16838264042747
139,2026-09-14T02:13:20.982+00:00,2026-09-14T02:18:14.493+00:00,2026-09-14T02:18:21.003+00:00,False,97,96.0,,96.0,293510.540615,300020.877895,300020.877712,3092.998739298969,0.03513,293510.540615,29794.601157617242,88.45979480000001,67.81601333333333,20.005469691908118,0.3199777317950442,35,64,,False,False,Request timeout: 300.0s exceeded,234,21.16838264042747
140,2026-09-14T02:13:25.287+00:00,2026-09-14T02:18:18.879+00:00,2026-09-14T02:18:25.364+00:00,False,98,97.0,,97.0,293591.23752100003,300076.167825,300076.168061,3062.0017149081636,0.04219,293591.23752100003,29650.446811776546,87.73916965000001,66.85495158762886,19.913283822280658,0.32325126218143707,35,64,,False,False,Request timeout: 300.0s exceeded,409,21.16838264042747
141,2026-09-14T02:13:28.512+00:00,2026-09-14T02:18:22.428+00:00,2026-09-14T02:18:28.549+00:00,False,90,89.0,,89.0,293915.75101999997,300037.09399599995,300037.094108,3333.7454900888883,0.02519,293915.75101999997,30974.196653188785,87.50607095,68.77913456179775,19.65056006875261,0.2966299893612039,35,64,,False,False,Request timeout: 300.0s exceeded,258,21.16838264042747
142,2026-09-14T02:13:31.834+00:00,2026-09-14T02:18:25.533+00:00,2026-09-14T02:18:31.877+00:00,False,90,89.0,,89.0,293699.24793300004,300043.095869,300043.096022,3333.8121780222227,0.03896,293699.24793300004,30951.112395269443,92.7596815,71.27919029213484,20.729207395861398,0.2966240557618354,35,64,,False,False,Request timeout: 300.0s exceeded,411,21.16838264042747
143,2026-09-14T02:13:36.755+00:00,2026-09-14T02:18:30.457+00:00,2026-09-14T02:18:36.772+00:00,False,98,97.0,,97.0,293702.058171,300017.109435,300017.109551,3061.3990770510204,0.0,293702.058171,29661.87729782065,93.22563385000001,65.10362127835052,62.71500523445715,0.3233148942161096,35,64,,False,False,Request timeout: 300.0s exceeded,410,21.16838264042747
144,2026-09-14T02:13:41.268+00:00,2026-09-14T02:18:35.466+00:00,2026-09-14T02:18:41.364+00:00,False,87,86.0,,86.0,294198.112532,300096.21122,300096.211213,3449.38173808046,0.023850000000000003,294198.112532,31534.002303830763,89.0815143,68.58254288372093,20.68765548151031,0.28657476097541784,35,64,,False,False,Request timeout: 300.0s exceeded,411,21.16838264042747
145,2026-09-14T02:13:44.255+00:00,2026-09-14T02:18:38.143+00:00,2026-09-14T02:18:44.279+00:00,False,93,92.0,,92.0,293888.00811,300023.920302,300023.920387,3226.0636600752687,0.02253,293888.00811,30467.858123456852,91.67559000000001,66.69469773913043,21.111205778139432,0.3066422167518978,35,64,,False,False,Request timeout: 300.0s exceeded,316,21.16838264042747
146,2026-09-14T02:13:48.397+00:00,2026-09-14T02:18:42.319+00:00,2026-09-14T02:18:48.440+00:00,False,98,97.0,,97.0,293922.39133099996,300042.95248299994,300042.95263099996,3061.662781948979,0.03781,293922.39133099996,29684.27839795571,89.32154564999999,63.09856857731958,20.732765111565293,0.3232870467287376,35,64,,False,False,Request timeout: 300.0s exceeded,317,21.16838264042747
147,2026-09-14T02:13:51.757+00:00,2026-09-14T02:18:45.462+00:00,2026-09-14T02:18:51.785+00:00,False,94,93.0,,93.0,293704.996666,300027.650874,300027.650748,3191.7835185957447,0.04089,293704.996666,30286.352170933173,91.91149814999999,67.98552911827957,20.66362346302591,0.3099714300634791,35,64,,False,False,Request timeout: 300.0s exceeded,437,21.16838264042747
148,2026-09-14T02:13:56.451+00:00,2026-09-14T02:18:49.966+00:00,2026-09-14T02:18:56.471+00:00,False,99,98.0,,98.0,293514.85019599996,300019.72315599996,300019.72322299995,3030.502254777777,0.045020000000000004,293514.85019599996,29492.68766146075,87.71952689999998,66.37625469387754,19.449025960317492,0.3266451917530881,35,64,,False,False,Request timeout: 300.0s exceeded,320,21.16838264042747
149,2026-09-14T02:14:01.090+00:00,2026-09-14T02:18:54.800+00:00,2026-09-14T02:19:01.124+00:00,False,104,103.0,,103.0,293710.411077,300033.96512500005,300033.96514700004,2884.941972567308,0.01543,293710.411077,28795.225171803424,91.463084,61.39372862135922,182.0640142933898,0.3432944665351077,35,64,,False,False,Request timeout: 300.0s exceeded,427,21.16838264042747
150,2026-09-14T02:14:04.736+00:00,2026-09-14T02:18:59.481+00:00,2026-09-14T02:19:04.806+00:00,False,81,80.0,,80.0,294745.045469,300069.892317,300069.892101,3704.566569148148,0.041209,294745.045469,32742.061559862104,90.024009,66.5605856,22.5726504084597,0.2666045546331797,35,64,,False,False,Request timeout: 300.0s exceeded,415,21.16838264042747
151,2026-09-14T02:14:09.584+00:00,2026-09-14T02:19:03.235+00:00,2026-09-14T02:19:09.631+00:00,False,96,95.0,,95.0,293651.549054,300047.183742,300047.183732,3125.4914972083334,0.13052,293651.549054,29963.82102810499,88.35192974999998,67.3224704,19.65044721680051,0.316616869437732,35,64,,False,False,Request timeout: 300.0s exceeded,391,21.16838264042747
152,2026-09-14T02:14:12.872+00:00,2026-09-14T02:19:06.676+00:00,2026-09-14T02:19:12.899+00:00,False,90,89.0,,89.0,293804.496296,300027.66148,300027.661458,3333.640682866667,0.023579999999999997,293804.496296,30962.34863624566,89.75692984999999,69.92320431460674,19.41597791808592,0.29663931505839763,35,64,,False,False,Request timeout: 300.0s exceeded,399,21.16838264042747
153,2026-09-14T02:14:17.214+00:00,2026-09-14T02:19:10.980+00:00,2026-09-14T02:19:17.234+00:00,False,91,90.0,,90.0,293765.558597,300020.113733,300020.11382300005,3296.924327725275,0.03476,293765.558597,30787.719485417947,89.34200150000001,69.49505706666666,20.093530609718215,0.2999798876154504,35,64,,False,False,Request timeout: 300.0s exceeded,376,21.16838264042747
154,2026-09-14T02:14:21.097+00:00,2026-09-14T02:19:15.111+00:00,2026-09-14T02:19:21.138+00:00,False,85,84.0,,84.0,294013.949463,300040.876567,300040.876491,3529.8926646,0.03449,294013.949463,31882.514396532784,89.59313780000001,71.74913219047619,20.245474034976088,0.2799618537350945,35,64,,False,False,Request timeout: 300.0s exceeded,226,21.16838264042747
155,2026-09-14T02:14:25.366+00:00,2026-09-14T02:19:18.924+00:00,2026-09-14T02:19:25.384+00:00,False,97,96.0,,96.0,293557.427885,300017.594285,300017.594208,3092.964888742268,0.03704,293557.427885,29799.414841118607,88.0681764,67.2934,19.91553483328602,0.3199812338632559,35,64,,False,False,Request timeout: 300.0s exceeded,385,21.16838264042747
156,2026-09-14T02:14:28.487+00:00,2026-09-14T02:19:22.329+00:00,2026-09-14T02:19:28.511+00:00,False,101,100.0,,100.0,293842.481778,300023.868786,300023.86876000004,2970.533354059406,0.0,293842.481778,29232.34334160188,91.183778,61.81387008,66.24413670526309,0.3333068145699023,35,64,,False,False,Request timeout: 300.0s exceeded,433,21.16838264042747
157,2026-09-14T02:14:32.241+00:00,2026-09-14T02:19:26.800+00:00,2026-09-14T02:19:32.296+00:00,False,91,90.0,,90.0,294559.54010399996,300055.34708,300055.34705499996,3297.3115060989007,0.037770000000000005,294559.54010399996,30871.835317401303,87.907779,61.064521955555556,20.42004441773086,0.29994466312911405,35,64,,False,False,Request timeout: 300.0s exceeded,416,21.16838264042747
158,2026-09-14T02:14:35.483+00:00,2026-09-14T02:19:29.365+00:00,2026-09-14T02:19:35.496+00:00,False,101,100.0,,100.0,293881.473032,300012.71552800003,300012.715388,2970.4229246336636,0.03705,293881.473032,29236.205313462822,87.66180400000002,61.31242496,19.75806059647623,0.3333192055676955,35,64,,False,False,Request timeout: 300.0s exceeded,504,21.16838264042747
159,2026-09-14T02:14:39.982+00:00,2026-09-14T02:19:33.504+00:00,2026-09-14T02:19:40.023+00:00,False,99,98.0,,98.0,293521.81376,300041.388032,300041.388071,3030.7210916262625,0.03696,293521.81376,29493.372947367825,88.6867389,66.52626808163265,20.19824306081022,0.326621605915075,35,64,,False,False,Request timeout: 300.0s exceeded,475,21.16838264042747
160,2026-09-14T02:14:44.061+00:00,2026-09-14T02:19:38.003+00:00,2026-09-14T02:19:44.121+00:00,False,91,90.0,,90.0,293942.507126,300060.45247,300060.452254,3297.3676071868135,0.0215,293942.507126,30806.427591621767,87.3897105,67.97717048888889,19.69587651374828,0.2999395597092162,35,64,,False,False,Request timeout: 300.0s exceeded,415,21.16838264042747
161,2026-09-14T02:14:48.122+00:00,2026-09-14T02:19:41.900+00:00,2026-09-14T02:19:48.190+00:00,False,97,96.0,,96.0,293778.056027,300067.513947,300067.51383300003,3093.4795240515464,0.02221,293778.056027,29821.99675986108,88.7313548,65.51518666666666,19.884777421427074,0.3199280013262488,35,64,,False,False,Request timeout: 300.0s exceeded,465,21.16838264042747
162,2026-09-14T02:14:51.567+00:00,2026-09-14T02:19:44.830+00:00,2026-09-14T02:19:51.590+00:00,False,105,104.0,,104.0,293263.088268,300023.069836,300023.069971,2857.362571152381,0.03853,293263.088268,28613.21092115374,89.22095719999999,64.99982276923078,20.581642468848056,0.3466400102393758,35,64,,False,False,Request timeout: 300.0s exceeded,419,21.16838264042747
163,2026-09-14T02:14:55.579+00:00,2026-09-14T02:19:49.180+00:00,2026-09-14T02:19:55.603+00:00,False,93,92.0,,92.0,293600.535607,300024.215863,300024.216021,3226.0668389354837,0.04839,293600.535607,30437.723551977066,89.50881460000001,69.82261147826088,20.035620788186517,0.30664191467134755,35,64,,False,False,Request timeout: 300.0s exceeded,412,21.16838264042747
164,2026-09-14T02:15:00.075+00:00,2026-09-14T02:19:53.659+00:00,2026-09-14T02:20:00.092+00:00,False,95,94.0,,94.0,293583.36146399996,300016.50194399996,300016.50214799994,3158.0684436631573,0.02831,293583.36146399996,30114.001667763732,87.08400739999999,68.43766468085106,18.927236362197732,0.3133160989176046,35,64,,False,False,Request timeout: 300.0s exceeded,398,21.16838264042747
165,2026-09-14T02:15:04.641+00:00,2026-09-14T02:19:58.364+00:00,2026-09-14T02:20:04.661+00:00,False,96,95.0,,95.0,293723.420668,300020.555004,300020.554946,3125.214114020833,0.04222,293723.420668,29971.262996954327,89.41416600000001,66.28562458947368,20.820802357961618,0.316644971204501,35,64,,False,False,Request timeout: 300.0s exceeded,401,21.16838264042747
166,2026-09-14T02:15:08.300+00:00,2026-09-14T02:20:02.113+00:00,2026-09-14T02:20:08.343+00:00,False,92,91.0,,91.0,293813.146645,300043.433493,300043.43328399997,3261.3416661304345,0.038149999999999996,293813.146645,30625.006840503913,89.84472405000001,68.46469063736265,20.40064232292903,0.3032894236031432,35,64,,False,False,Request timeout: 300.0s exceeded,443,21.16838264042747
167,2026-09-14T02:15:12.081+00:00,2026-09-14T02:20:05.842+00:00,2026-09-14T02:20:12.143+00:00,False,98,97.0,,97.0,293761.109162,300061.649066,300061.649143,3061.8535626836738,0.02229,293761.109162,29667.799159418002,89.68395749999999,64.95401962886598,20.942235698174283,0.32326690299120625,35,64,,False,False,Request timeout: 300.0s exceeded,470,21.16838264042747
168,2026-09-14T02:15:16.121+00:00,2026-09-14T02:20:09.504+00:00,2026-09-14T02:20:16.141+00:00,False,99,98.0,,98.0,293383.42399,300020.21375,300020.21379,3030.5072099999998,0.023719999999999998,293383.42399,29479.344380940867,90.17508190000001,67.72234448979593,20.687327410579865,0.32664465762184003,35,64,,False,False,Request timeout: 300.0s exceeded,443,21.16838264042747
169,2026-09-14T02:15:20.072+00:00,2026-09-14T02:20:13.358+00:00,2026-09-14T02:20:20.087+00:00,False,98,97.0,,97.0,293286.21887599997,300015.86777199997,300015.86799999996,3061.386408163265,0.04245,293286.21887599997,29619.380390686943,88.2469802,69.37782367010308,19.847888448254302,0.32331623230580625,35,64,,False,False,Request timeout: 300.0s exceeded,442,21.16838264042747
170,2026-09-14T02:15:23.446+00:00,2026-09-14T02:20:17.081+00:00,2026-09-14T02:20:23.483+00:00,False,99,98.0,,98.0,293634.207203,300036.65225900005,300036.65222700004,3030.673254818182,0.0,293634.207203,29504.855809798595,89.8288408,65.331072,66.25023146607037,0.3266267613044944,35,64,,False,False,Request timeout: 300.0s exceeded,527,21.16838264042747
171,2026-09-14T02:15:26.147+00:00,2026-09-14T02:20:19.874+00:00,2026-09-14T02:20:26.202+00:00,False,97,96.0,,96.0,293727.776677,300054.81821299996,300054.818131,3093.348640525773,0.0,293727.776677,29816.919032663372,90.612686,65.90668266666667,66.63296831812083,0.31994153792208885,35,64,,False,False,Request timeout: 300.0s exceeded,482,21.16838264042747
172,2026-09-14T02:15:30.161+00:00,2026-09-14T02:20:23.775+00:00,2026-09-14T02:20:30.176+00:00,False,97,96.0,,96.0,293613.367936,300014.654592,300014.654453,3092.9345819896907,0.01881,293613.367936,29805.156434128996,86.44275539999998,66.68006933333334,19.094483600772932,0.3199843691987434,35,64,,False,False,Request timeout: 300.0s exceeded,438,21.16838264042747
173,2026-09-14T02:15:33.751+00:00,2026-09-14T02:20:27.364+00:00,2026-09-14T02:20:33.842+00:00,False,97,96.0,,96.0,293613.24563,300091.606974,300091.60715500003,3093.7279088144332,0.03387,293613.24563,29805.06337508181,88.1348298,67.48293066666668,20.432205929823045,0.31990231572293676,35,64,,False,False,Request timeout: 300.0s exceeded,458,21.16838264042747
174,2026-09-14T02:15:38.577+00:00,2026-09-14T02:20:32.024+00:00,2026-09-14T02:20:38.667+00:00,False,91,90.0,,90.0,293446.47809399996,300090.44122999994,300090.44132899994,3297.697157461538,0.023010000000000003,293446.47809399996,30753.816454018543,91.6272965,73.82181262222221,18.90365648181338,0.29990958602716977,35,64,,False,False,Request timeout: 300.0s exceeded,410,21.16838264042747
175,2026-09-14T02:15:41.897+00:00,2026-09-14T02:20:35.169+00:00,2026-09-14T02:20:41.938+00:00,False,94,93.0,,93.0,293272.39972600003,300041.70199800003,300041.70200700004,3191.9330000744685,0.01955,293272.39972600003,30241.236716049214,89.32528030000002,72.78819647311828,18.901480125774494,0.3099569139246514,35,64,,False,False,Request timeout: 300.0s exceeded,471,21.16838264042747
176,2026-09-14T02:15:45.593+00:00,2026-09-14T02:20:39.434+00:00,2026-09-14T02:20:45.662+00:00,False,90,89.0,,89.0,293840.66046100005,300069.1581250001,300069.158203,3334.101757811112,0.04519,293840.66046100005,30966.154835916477,89.72548640000001,69.98311982022472,20.173010302067805,0.2965982927273225,35,64,,False,False,Request timeout: 300.0s exceeded,464,21.16838264042747
177,2026-09-14T02:15:49.543+00:00,2026-09-14T02:20:43.527+00:00,2026-09-14T02:20:49.636+00:00,False,89,88.0,,88.0,293984.24469300004,300093.230549,300093.230579,3371.834051449439,0.0222,293984.24469300004,31154.915659216207,89.02087599999999,69.42029381818182,20.368629720524925,0.2932422028947804,35,64,,False,False,Request timeout: 300.0s exceeded,280,21.16838264042747
178,2026-09-14T02:15:53.946+00:00,2026-09-14T02:20:47.642+00:00,2026-09-14T02:20:53.987+00:00,False,96,95.0,,95.0,293695.355232,300040.617568,300040.617508,3125.423099041667,0.02247,293695.355232,29968.34783875064,91.29221450000001,66.79223511578947,22.17795507956625,0.31662379837113086,35,64,,False,False,Request timeout: 300.0s exceeded,366,21.16838264042747
179,2026-09-14T02:15:57.270+00:00,2026-09-14T02:20:50.926+00:00,2026-09-14T02:20:57.276+00:00,False,94,93.0,,93.0,293656.07735000004,300006.47197400004,300006.471963,3191.5582123723407,0.034619,293656.07735000004,30281.275607352956,89.6699473,68.28381316129031,20.43005717404101,0.30999331243780576,35,64,,False,False,Request timeout: 300.0s exceeded,452,21.16838264042747
180,2026-09-14T02:16:02.142+00:00,2026-09-14T02:20:55.836+00:00,2026-09-14T02:21:02.226+00:00,False,94,93.0,,93.0,293694.31886799994,300084.04942799994,300084.04951999994,3192.383505531914,0.0264,293694.31886799994,30285.175850068397,87.86189949999999,68.70678021505377,19.756648376633066,0.3099131732501956,35,64,,False,False,Request timeout: 300.0s exceeded,488,21.16838264042747
181,2026-09-14T02:16:06.749+00:00,2026-09-14T02:21:00.111+00:00,2026-09-14T02:21:06.812+00:00,False,100,99.0,,99.0,293361.34977100004,300062.362763,300062.362825,3000.6236282500004,0.039520000000000007,293361.34977100004,29329.37329869711,90.2624449,67.6869999191919,20.398149924612927,0.3299314152178217,35,64,,False,False,Request timeout: 300.0s exceeded,448,21.16838264042747
182,2026-09-14T02:16:10.005+00:00,2026-09-14T02:21:03.494+00:00,2026-09-14T02:21:10.017+00:00,False,98,97.0,,97.0,293488.104546,300011.284834,300011.284606,3061.339638836735,0.023059999999999997,293488.104546,29639.989205267048,89.48030235,67.24928131958764,20.252843374679376,0.32332117124751264,35,64,,False,False,Request timeout: 300.0s exceeded,214,21.16838264042747
183,2026-09-14T02:16:13.140+00:00,2026-09-14T02:21:07.027+00:00,2026-09-14T02:21:13.192+00:00,False,89,88.0,,88.0,293886.57900599996,300051.58738999994,300051.587432,3371.366150921348,0.03645,293886.57900599996,31144.495517042797,89.44761340000001,70.05691345454545,20.18111402788432,0.293282901002019,35,64,,False,False,Request timeout: 300.0s exceeded,308,21.16838264042747
184,2026-09-14T02:16:16.364+00:00,2026-09-14T02:21:10.280+00:00,2026-09-14T02:21:16.445+00:00,False,89,88.0,,88.0,293915.46491900005,300080.3872870001,300080.3871950001,3371.6897437640455,0.037950000000000005,293915.46491900005,31147.557513218595,89.3865654,70.055936,20.16920862007264,0.29325475348655783,35,64,,False,False,Request timeout: 300.0s exceeded,403,21.16838264042747
185,2026-09-14T02:16:19.407+00:00,2026-09-14T02:21:13.189+00:00,2026-09-14T02:21:19.494+00:00,False,100,99.0,,99.0,293781.244995,300086.547779,300086.547955,3000.86547955,0.0,293781.244995,29371.83185859569,88.97426895000001,63.68992711111111,67.31237534897478,0.3299048249004116,35,64,,False,False,Request timeout: 300.0s exceeded,450,21.16838264042747
186,2026-09-14T02:16:22.329+00:00,2026-09-14T02:21:16.448+00:00,2026-09-14T02:21:22.371+00:00,False,94,93.0,,93.0,294118.177226,300041.812682,300041.812613,3191.9341767340425,0.0,294118.177226,30329.48166690339,91.76588565,63.69500490322581,68.98694812165162,0.30995679958301764,35,64,,False,False,Request timeout: 300.0s exceeded,416,21.16838264042747
187,2026-09-14T02:16:25.102+00:00,2026-09-14T02:21:18.683+00:00,2026-09-14T02:21:25.129+00:00,False,98,97.0,,97.0,293581.39006199996,300027.334382,300027.334224,3061.503410448979,0.03764,293581.39006199996,29649.49235934375,88.88889855,66.45303422680412,19.44244947076099,0.3233038756278717,35,64,,False,False,Request timeout: 300.0s exceeded,470,21.16838264042747
188,2026-09-14T02:16:28.930+00:00,2026-09-14T02:21:22.525+00:00,2026-09-14T02:21:28.943+00:00,False,96,95.0,,95.0,293595.51090600004,300012.86924200004,300012.869238,3125.1340545625003,0.03452,293595.51090600004,29958.07863639949,89.73032825,67.55114037894737,20.13013830153186,0.3166530830494806,35,64,,False,False,Request timeout: 300.0s exceeded,212,21.16838264042747
189,2026-09-14T02:16:32.756+00:00,2026-09-14T02:21:26.223+00:00,2026-09-14T02:21:32.857+00:00,False,100,99.0,,99.0,293467.347573,300101.150069,300101.150289,3001.01150289,0.03319,293467.347573,29340.041019877404,90.3230155,67.00810602020202,20.476891147288246,0.3298887724263558,35,64,,False,False,Request timeout: 300.0s exceeded,331,21.16838264042747
190,2026-09-14T02:16:35.517+00:00,2026-09-14T02:21:29.331+00:00,2026-09-14T02:21:35.528+00:00,False,96,95.0,,95.0,293813.68427100003,300010.726703,300010.72687,3125.111738229167,0.02156,293813.68427100003,29980.583361312212,90.84340775000001,65.2320256,21.315418132260593,0.31665534444055604,35,64,,False,False,Request timeout: 300.0s exceeded,431,21.16838264042747
191,2026-09-14T02:16:40.470+00:00,2026-09-14T02:21:34.301+00:00,2026-09-14T02:21:40.506+00:00,False,92,91.0,,91.0,293831.185544,300036.257928,300036.257925,3261.263673097826,0.019510000000000003,293831.185544,30626.91620288071,88.55009609999999,68.1876086153846,20.079370063855634,0.303296676969746,35,64,,False,False,Request timeout: 300.0s exceeded,422,21.16838264042747
192,2026-09-14T02:16:44.511+00:00,2026-09-14T02:21:38.212+00:00,2026-09-14T02:21:46.385+00:00,False,94,93.0,,93.0,293700.98547500005,301874.08653100004,301874.08657000004,3211.426452872341,0.06346,293700.98547500005,30284.652869568825,89.12517265000001,87.88280705376343,217.64125730517037,0.30807546639300437,35,64,,False,False,Request timeout: 300.0s exceeded,385,21.16838264042747
193,2026-09-14T02:16:48.077+00:00,2026-09-14T02:21:41.425+00:00,2026-09-14T02:21:48.083+00:00,False,115,114.0,,114.0,293348.19474400004,300005.94373600004,300005.94357000006,2608.7473353913047,0.01537,293348.19474400004,27350.07325988244,89.6404257,58.40130694736842,190.69874567798206,0.37999247141689296,35,64,,False,False,Request timeout: 300.0s exceeded,437,21.16838264042747
194,2026-09-14T02:16:51.309+00:00,2026-09-14T02:21:46.559+00:00,2026-09-14T02:21:51.369+00:00,False,73,72.0,,72.0,295250.42286,300060.66926,300060.669418,4110.420129013699,0.03618,295250.42286,34548.63509434488,89.629843,66.80897777777777,20.997763625346998,0.23995147440537307,35,64,,False,False,Request timeout: 300.0s exceeded,355,21.16838264042747
195,2026-09-14T02:16:55.506+00:00,2026-09-14T02:21:49.320+00:00,2026-09-14T02:21:55.568+00:00,False,94,93.0,,93.0,293813.677571,300062.336771,300062.336791,3192.1525190531916,0.04357,293813.677571,30297.642996552036,87.26131215,67.18988387096775,19.417150498667677,0.30993559871852644,35,64,,False,False,Request timeout: 300.0s exceeded,457,21.16838264042747
196,2026-09-14T02:16:58.518+00:00,2026-09-14T02:21:52.370+00:00,2026-09-14T02:21:58.571+00:00,False,90,89.0,,89.0,293852.580781,300053.16010900005,300053.16002300003,3333.9240002555557,0.02906,293852.580781,30967.444102478974,89.624489,69.66943065168539,19.683991196419868,0.2966141065392181,35,64,,False,False,Request timeout: 300.0s exceeded,356,21.16838264042747
197,2026-09-14T02:17:02.860+00:00,2026-09-14T02:21:56.715+00:00,2026-09-14T02:22:02.875+00:00,False,90,89.0,,89.0,293855.180613,300014.784325,300014.78438,3333.4976042222224,0.01927,293855.180613,30967.76684104104,88.15503949999999,69.20903047191013,19.94009175312319,0.2966520473324011,35,64,,False,False,Request timeout: 300.0s exceeded,420,21.16838264042747
198,2026-09-14T02:17:06.250+00:00,2026-09-14T02:21:59.868+00:00,2026-09-14T02:22:06.295+00:00,False,98,97.0,,97.0,293618.588907,300045.505515,300045.505369,3061.6888302959187,0.026420000000000003,293618.588907,29653.27045208137,88.896421,66.25687224742268,20.3863919757696,0.32328429593873964,35,64,,False,False,Request timeout: 300.0s exceeded,281,21.16838264042747
199,2026-09-14T02:17:10.749+00:00,2026-09-14T02:22:04.613+00:00,2026-09-14T02:22:10.803+00:00,False,94,93.0,,93.0,293864.279646,300053.68227,300053.682101,3192.0604478829787,0.03822,293864.279646,30302.9284635036,88.49765729999999,66.55271638709678,20.25640271269385,0.3099445382453763,35,64,,False,False,Request timeout: 300.0s exceeded,401,21.16838264042747
200,2026-09-14T02:17:15.690+00:00,2026-09-14T02:22:09.387+00:00,2026-09-14T02:22:15.726+00:00,False,102,101.0,,101.0,293696.448631,300035.615095,300035.61515,2941.5256387254904,0.0,293696.448631,29074.141100136843,89.40080760000001,62.7640243960396,65.90874309775569,0.3366267033599343,35,64,,False,False,Request timeout: 300.0s exceeded,476,21.16838264042747
201,2026-09-14T02:17:19.336+00:00,2026-09-14T02:22:13.498+00:00,2026-09-14T02:22:19.352+00:00,False,87,86.0,,86.0,294161.898743,300016.366839,300016.366895,3448.4639872988505,0.02582,294161.898743,31530.173525919112,87.32304400000001,68.07521041860466,19.668433036803272,0.28665102809591325,35,64,,False,False,Request timeout: 300.0s exceeded,317,21.16838264042747
202,2026-09-14T02:17:22.487+00:00,2026-09-14T02:22:15.900+00:00,2026-09-14T02:22:22.521+00:00,False,97,96.0,,96.0,293413.142657,300033.585025,300033.58504,3093.129742680412,0.039109000000000005,293413.142657,29784.595423503957,89.46783079999999,68.96294133333333,19.976993968486823,0.3199641799833872,35,64,,False,False,Request timeout: 300.0s exceeded,272,21.16838264042747
203,2026-09-14T02:17:25.853+00:00,2026-09-14T02:22:19.486+00:00,2026-09-14T02:22:25.873+00:00,False,96,95.0,,95.0,293633.426365,300020.075965,300020.07601300004,3125.209125135417,0.02321,293633.426365,29961.981516363965,88.802328,67.22789052631579,20.36793768894994,0.3166454767883019,35,64,,False,False,Request timeout: 300.0s exceeded,456,21.16838264042747
204,2026-09-14T02:17:30.566+00:00,2026-09-14T02:22:24.023+00:00,2026-09-14T02:22:30.641+00:00,False,99,98.0,,98.0,293457.264151,300075.211799,300075.211901,3031.0627464747477,0.036988999999999994,293457.264151,29486.784675179704,89.17364590000001,67.53007804081632,20.334691481014215,0.32658478990141826,35,64,,False,False,Request timeout: 300.0s exceeded,450,21.16838264042747
205,2026-09-14T02:17:33.847+00:00,2026-09-14T02:22:27.345+00:00,2026-09-14T02:22:33.880+00:00,False,96,95.0,,95.0,293498.67226099997,300033.726853,300033.726766,3125.351320479166,0.02615,293498.67226099997,29948.069123735655,89.321054,68.7900483368421,20.84420632501367,0.3166310701014782,35,64,,False,False,Request timeout: 300.0s exceeded,436,21.16838264042747
206,2026-09-14T02:17:37.161+00:00,2026-09-14T02:22:31.025+00:00,2026-09-14T02:22:37.716+00:00,False,98,97.0,,97.0,293863.379516,300554.55673199997,300554.556682,3066.8832314489796,0.02142,293863.379516,29677.72390977975,91.1960397,68.98120841237113,21.91391297466035,0.32273674721389584,35,64,,False,False,Request timeout: 300.0s exceeded,508,21.16838264042747
207,2026-09-14T02:17:41.732+00:00,2026-09-14T02:22:35.596+00:00,2026-09-14T02:22:41.754+00:00,False,88,87.0,,87.0,293863.49530400004,300021.335688,300021.33590600005,3409.333362568182,0.02277,293863.49530400004,31318.415553638526,90.15771035,70.77977452873564,20.831506411588826,0.28997937696828857,35,64,,False,False,Request timeout: 300.0s exceeded,502,21.16838264042747
208,2026-09-14T02:17:45.356+00:00,2026-09-14T02:22:39.217+00:00,2026-09-14T02:22:45.363+00:00,False,88,87.0,,87.0,293860.775786,300006.782314,300006.782413,3409.1679819659093,0.02118,293860.775786,31318.140254598868,92.3923667,70.6437531954023,20.986720901493268,0.2899934439113515,35,64,,False,False,Request timeout: 300.0s exceeded,377,21.16838264042747
209,2026-09-14T02:17:49.650+00:00,2026-09-14T02:22:43.742+00:00,2026-09-14T02:22:49.707+00:00,False,89,88.0,,88.0,294092.010964,300057.013204,300057.013124,3371.427113752809,0.022260000000000002,294092.010964,31166.51219989688,88.5706724,67.78411636363636,20.22363916268242,0.2932775976816491,35,64,,False,False,Request timeout: 300.0s exceeded,445,21.16838264042747
210,2026-09-14T02:17:52.679+00:00,2026-09-14T02:22:46.543+00:00,2026-09-14T02:22:52.694+00:00,False,91,90.0,,90.0,293863.546653,300014.323741,300014.323591,3296.860698802198,0.0222,293863.546653,30798.111560284528,87.2896705,68.34196764444445,18.913170085011362,0.2999856769428659,35,64,,False,False,Request timeout: 300.0s exceeded,431,21.16838264042747
211,2026-09-14T02:17:55.954+00:00,2026-09-14T02:22:49.443+00:00,2026-09-14T02:22:55.970+00:00,False,98,97.0,,97.0,293489.325578,300016.559882,300016.55981,3061.3934674489797,0.039880000000000006,293489.325578,29640.10797878102,88.14334170000001,67.29107529896908,19.73256583789575,0.32331548644565233,35,64,,False,False,Request timeout: 300.0s exceeded,311,21.16838264042747
212,2026-09-14T02:18:00.345+00:00,2026-09-14T02:22:53.858+00:00,2026-09-14T02:23:00.401+00:00,False,95,94.0,,94.0,293513.87810699997,300056.77474699996,300056.77473699994,3158.492365652631,0.02213,293513.87810699997,30106.754344075558,89.5625497,69.60528340425532,20.930352240329093,0.3132740464842307,35,64,,False,False,Request timeout: 300.0s exceeded,472,21.16838264042747
213,2026-09-14T02:18:03.830+00:00,2026-09-14T02:22:57.731+00:00,2026-09-14T02:23:03.888+00:00,False,90,89.0,,89.0,293900.425597,300058.133373,300058.1334,3333.97926,0.03637,293900.425597,30972.538870475106,89.40170995,69.18772782022472,20.7783326570881,0.29660919035767236,35,64,,False,False,Request timeout: 300.0s exceeded,302,21.16838264042747
214,2026-09-14T02:18:08.595+00:00,2026-09-14T02:23:02.397+00:00,2026-09-14T02:23:08.605+00:00,False,97,96.0,,96.0,293802.49069199996,300010.887236,300010.88727799995,3092.89574513402,0.0,293802.49069199996,29824.6322731113,90.408513,64.67079733333334,67.40448837322934,0.3199883873696982,35,64,,False,False,Request timeout: 300.0s exceeded,461,21.16838264042747
215,2026-09-14T02:18:11.359+00:00,2026-09-14T02:23:04.843+00:00,2026-09-14T02:23:11.379+00:00,False,102,101.0,,101.0,293483.64540100005,300019.330009,300019.32996400003,2941.365980039216,0.0,293483.64540100005,29052.878366233545,89.26933110000002,64.7097485940594,66.14288429296585,0.33664497549864597,35,64,,False,False,Request timeout: 300.0s exceeded,476,21.16838264042747
216,2026-09-14T02:18:14.978+00:00,2026-09-14T02:23:08.601+00:00,2026-09-14T02:23:15.004+00:00,False,93,92.0,,92.0,293622.20810399996,300025.47927199997,300025.47915699997,3226.08042104301,0.02208,293622.20810399996,30439.99351069575,87.46825720000001,69.6007735652174,19.44653557339674,0.30664062340050047,35,64,,False,False,Request timeout: 300.0s exceeded,239,21.16838264042747
217,2026-09-14T02:18:17.846+00:00,2026-09-14T02:23:11.302+00:00,2026-09-14T02:23:17.919+00:00,False,96,95.0,,95.0,293456.57795999997,300072.966568,300072.966364,3125.760066291666,0.02562,293456.57795999997,29943.685308679676,89.51479575000002,69.6461958736842,20.54526876312572,0.3165896651289043,35,64,,False,False,Request timeout: 300.0s exceeded,434,21.16838264042747
218,2026-09-14T02:18:21.090+00:00,2026-09-14T02:23:14.558+00:00,2026-09-14T02:23:21.149+00:00,False,96,95.0,,95.0,293468.515159,300058.753111,300058.753288,3125.6120134166667,0.022789999999999998,293468.515159,29944.931927389414,90.45288625,69.37092581052632,20.822541599035997,0.31660466163723905,35,64,,False,False,Request timeout: 300.0s exceeded,450,21.16838264042747
219,2026-09-14T02:18:26.007+00:00,2026-09-14T02:23:19.531+00:00,2026-09-14T02:23:26.070+00:00,False,100,99.0,,99.0,293524.152101,300062.864933,300062.86492900003,3000.6286492900003,0.02139,293524.152101,29345.817626026124,89.82640890000002,66.04760436363637,20.62742764859288,0.32993086306133,35,64,,False,False,Request timeout: 300.0s exceeded,480,21.16838264042747
220,2026-09-14T02:18:30.338+00:00,2026-09-14T02:23:24.084+00:00,2026-09-14T02:23:30.428+00:00,False,94,93.0,,93.0,293746.233688,300089.57628,300089.576179,3192.442299776596,0.02837,293746.233688,30290.58241855241,89.67636264999999,68.20798486021505,20.54340028048914,0.30990746547366216,35,64,,False,False,Request timeout: 300.0s exceeded,398,21.16838264042747
221,2026-09-14T02:18:34.503+00:00,2026-09-14T02:23:27.799+00:00,2026-09-14T02:23:34.525+00:00,False,105,104.0,,104.0,293295.854607,300022.23054300004,300022.230508,2857.3545762666668,0.02491,293295.854607,28616.44050630595,90.0786592,64.6766916923077,21.114125356689772,0.3466409799426327,35,64,,False,False,Request timeout: 300.0s exceeded,430,21.16838264042747
222,2026-09-14T02:18:37.453+00:00,2026-09-14T02:23:31.232+00:00,2026-09-14T02:23:37.500+00:00,False,92,91.0,,91.0,293779.01985000004,300047.27329000004,300047.27313000005,3261.383403586957,0.0358,293779.01985000004,30621.405634246374,89.918556,68.88190593406594,20.784132057518345,0.30328554231535104,35,64,,False,False,Request timeout: 300.0s exceeded,133,21.16838264042747
223,2026-09-14T02:18:41.664+00:00,2026-09-14T02:23:35.463+00:00,2026-09-14T02:23:41.730+00:00,False,92,91.0,,91.0,293798.911705,300066.136793,300066.13696699997,3261.588445293478,0.03397,293798.911705,30623.479798283068,88.95386214999999,68.87060536263735,19.42493720244248,0.30326647642608257,35,64,,False,False,Request timeout: 300.0s exceeded,350,21.16838264042747
224,2026-09-14T02:18:45.231+00:00,2026-09-14T02:23:38.737+00:00,2026-09-14T02:23:45.257+00:00,False,98,97.0,,97.0,293505.255523,300025.03459500003,300025.03452000004,3061.4799440816328,0.021869,293505.255523,29641.72436055625,88.0306725,67.2142172371134,18.880638928128935,0.32330635385456774,35,64,,False,False,Request timeout: 300.0s exceeded,375,21.16838264042747
225,2026-09-14T02:18:48.202+00:00,2026-09-14T02:23:42.052+00:00,2026-09-14T02:23:48.286+00:00,False,95,94.0,,94.0,293849.96785,300083.924714,300083.924612,3158.7781538105264,0.038729999999999994,293849.96785,30141.572503409257,86.2661897,66.3186900425532,19.24712077021766,0.3132457031465056,35,64,,False,False,Request timeout: 300.0s exceeded,394,21.16838264042747
226,2026-09-14T02:18:52.057+00:00,2026-09-14T02:23:45.828+00:00,2026-09-14T02:23:52.091+00:00,False,94,93.0,,93.0,293771.495133,300034.204381,300034.20448400005,3191.8532391914896,0.03527,293771.495133,30293.277174906343,89.75207165,67.34095965591398,20.26013759232629,0.3099646595022995,35,64,,False,False,Request timeout: 300.0s exceeded,215,21.16838264042747
227,2026-09-14T02:18:56.915+00:00,2026-09-14T02:23:50.536+00:00,2026-09-14T02:23:56.932+00:00,False,94,93.0,,93.0,293620.84189,300016.936098,300016.93608899997,3191.669532861702,0.02495,293620.84189,30277.590813451654,89.28886815,68.7752065376344,20.65180597027013,0.30998250035331915,35,64,,False,False,Request timeout: 300.0s exceeded,401,21.16838264042747
228,2026-09-14T02:19:01.356+00:00,2026-09-14T02:23:55.371+00:00,2026-09-14T02:24:01.377+00:00,False,100,99.0,,99.0,294015.19528600003,300021.500566,300021.500551,3000.2150055100005,0.0,294015.19528600003,29395.52862972293,91.77543895000001,60.669750303030305,67.21778018399822,0.32997635107228446,35,64,,False,False,Request timeout: 300.0s exceeded,458,21.16838264042747
229,2026-09-14T02:19:05.459+00:00,2026-09-14T02:24:00.571+00:00,2026-09-14T02:24:05.522+00:00,False,78,77.0,,77.0,295111.566779,300062.923451,300062.923343,3846.960555679487,0.0,295111.566779,33407.607234656076,91.97228075,64.3033334025974,75.04586671757335,0.25661284344773116,35,64,,False,False,Request timeout: 300.0s exceeded,392,21.16838264042747
230,2026-09-14T02:19:09.009+00:00,2026-09-14T02:24:02.992+00:00,2026-09-14T02:24:09.051+00:00,False,92,91.0,,91.0,293983.65567,300041.922038,300041.92198600003,3261.325238978261,0.023329999999999997,293983.65567,30642.980961952177,89.14637675,66.57435569230769,20.776587045659163,0.3032909514173654,35,64,,False,False,Request timeout: 300.0s exceeded,428,21.16838264042747
231,2026-09-14T02:19:12.216+00:00,2026-09-14T02:24:05.698+00:00,2026-09-14T02:24:12.241+00:00,False,99,98.0,,98.0,293481.461059,300024.754499,300024.75449,3030.5530756565654,0.0238,293481.461059,29489.292131303504,86.9967898,66.76830040816327,18.835238147361917,0.32663971399175545,35,64,,False,False,Request timeout: 300.0s exceeded,449,21.16838264042747
232,2026-09-14T02:19:17.073+00:00,2026-09-14T02:24:10.620+00:00,2026-09-14T02:24:17.134+00:00,False,96,95.0,,95.0,293547.65604000003,300061.69354400004,300061.69351500005,3125.6426407812505,0.0375,293547.65604000003,29953.0902129437,88.300388,68.56881583157895,19.532193650752003,0.3166015590926121,35,64,,False,False,Request timeout: 300.0s exceeded,455,21.16838264042747
233,2026-09-14T02:19:20.958+00:00,2026-09-14T02:24:14.610+00:00,2026-09-14T02:24:21.015+00:00,False,94,93.0,,93.0,293651.897199,300057.631343,300057.631392,3192.102461617021,0.03306,293651.897199,30280.782732330503,89.76911115000001,68.87886176344087,19.897445434011317,0.30994045905031636,35,64,,False,False,Request timeout: 300.0s exceeded,208,21.16838264042747
234,2026-09-14T02:19:25.718+00:00,2026-09-14T02:24:19.235+00:00,2026-09-14T02:24:25.772+00:00,False,97,96.0,,96.0,293516.914035,300054.21707500005,300054.217071,3093.342444030928,0.020550000000000002,293516.914035,29795.21939640747,89.41497699999998,68.09690666666667,19.451141912007113,0.3199421789029691,35,64,,False,False,Request timeout: 300.0s exceeded,317,21.16838264042747
235,2026-09-14T02:19:29.014+00:00,2026-09-14T02:24:22.851+00:00,2026-09-14T02:24:29.030+00:00,False,94,93.0,,93.0,293836.27293800004,300015.73533800006,300015.735319,3191.6567587127665,0.019969999999999998,293836.27293800004,30300.050875887126,88.7924353,66.44583225806451,20.345466698425085,0.30998374100353593,35,64,,False,False,Request timeout: 300.0s exceeded,304,21.16838264042747
236,2026-09-14T02:19:32.723+00:00,2026-09-14T02:24:26.515+00:00,2026-09-14T02:24:32.738+00:00,False,96,95.0,,95.0,293791.56312199996,300015.12382599997,300015.12373,3125.1575388541664,0.0405,293791.56312199996,29978.29644348406,88.9323675,65.51116530526315,20.297890666026134,0.3166507034328617,35,64,,False,False,Request timeout: 300.0s exceeded,495,21.16838264042747
237,2026-09-14T02:19:37.399+00:00,2026-09-14T02:24:30.944+00:00,2026-09-14T02:24:37.412+00:00,False,97,96.0,,96.0,293544.565056,300012.095296,300012.095327,3092.908199247423,0.03691,293544.565056,29798.100943289577,87.65534579999999,67.37010666666667,19.783218245280707,0.3199870988710765,35,64,,False,False,Request timeout: 300.0s exceeded,427,21.16838264042747
238,2026-09-14T02:19:41.046+00:00,2026-09-14T02:24:34.501+00:00,2026-09-14T02:24:41.057+00:00,False,95,94.0,,94.0,293455.345646,300011.59243,300011.592441,3158.016762536842,0.02416,293455.345646,30100.73387550991,88.65946539999999,69.74730621276596,20.04682901725574,0.31332122615206104,35,64,,False,False,Request timeout: 300.0s exceeded,452,21.16838264042747
239,2026-09-14T02:19:44.754+00:00,2026-09-14T02:24:38.043+00:00,2026-09-14T02:24:44.844+00:00,False,96,95.0,,95.0,293288.71667,300090.36479799997,300090.364727,3125.9412992395833,0.0256,293288.71667,29926.353870239105,90.12730725000002,71.59629608421054,20.338290310205203,0.3165713103249664,35,64,,False,False,Request timeout: 300.0s exceeded,503,21.16838264042747
240,2026-09-14T02:19:48.012+00:00,2026-09-14T02:24:41.912+00:00,2026-09-14T02:24:48.044+00:00,False,101,100.0,,100.0,293899.84236,300032.16568800004,300032.16559,2970.615500891089,0.01543,293899.84236,29238.833920879908,91.36108700000001,61.323233280000004,218.52847392949155,0.33329759751155763,35,64,,False,False,Request timeout: 300.0s exceeded,503,21.16838264042747
241,2026-09-14T02:19:51.416+00:00,2026-09-14T02:24:47.572+00:00,2026-09-14T02:24:51.441+00:00,False,79,78.0,,78.0,296156.209016,300024.23717599997,300024.237338,3797.7751561772147,0.016030000000000003,296156.209016,33314.61619011094,91.29195659999999,49.59010461538462,35.58197713794054,0.25997899614438047,35,64,,False,False,Request timeout: 300.0s exceeded,327,21.16838264042747
242,2026-09-14T02:19:54.455+00:00,2026-09-14T02:24:48.871+00:00,2026-09-14T02:24:54.498+00:00,False,80,79.0,,79.0,294416.29441000003,300043.56353000004,300043.563517,3750.5445439625005,0.04501,294416.29441000003,32908.78481664714,91.34414199999999,71.23125468354431,20.515517464223567,0.2632950997867386,35,64,,False,False,Request timeout: 300.0s exceeded,357,21.16838264042747
243,2026-09-14T02:19:58.176+00:00,2026-09-14T02:24:52.001+00:00,2026-09-14T02:24:58.260+00:00,False,95,94.0,,94.0,293825.18943800003,300084.283454,300084.28347,3158.781931263158,0.0,293825.18943800003,30139.076253783496,87.36715539999999,66.58610655319148,69.5866378347074,0.3132453286725004,35,64,,False,False,Request timeout: 300.0s exceeded,386,21.16838264042747
244,2026-09-14T02:20:01.080+00:00,2026-09-14T02:24:54.880+00:00,2026-09-14T02:25:01.101+00:00,False,98,97.0,,97.0,293800.212523,300021.44106700004,300021.441055,3061.443276071429,0.0,293800.212523,29671.901608163567,85.47339085,64.13637674226804,68.00789536686575,0.3233102262792552,35,64,,False,False,Request timeout: 300.0s exceeded,447,21.16838264042747
245,2026-09-14T02:20:03.815+00:00,2026-09-14T02:24:58.179+00:00,2026-09-14T02:25:03.882+00:00,False,86,85.0,,85.0,294364.049755,300067.027547,300067.027342,3489.15148072093,0.037869,294364.049755,31734.86294016187,86.98390375,67.09385637647058,19.69574921226217,0.2832700436794453,35,64,,False,False,Request timeout: 300.0s exceeded,401,21.16838264042747
246,2026-09-14T02:20:06.775+00:00,2026-09-14T02:25:00.330+00:00,2026-09-14T02:25:06.794+00:00,False,98,97.0,,97.0,293554.942635,300019.12618699996,300019.12626499997,3061.419655765306,0.02718,293554.942635,29646.801790729904,88.00545085,66.64106754639175,19.47149841411831,0.32331272086813734,35,64,,False,False,Request timeout: 300.0s exceeded,321,21.16838264042747
247,2026-09-14T02:20:11.611+00:00,2026-09-14T02:25:05.256+00:00,2026-09-14T02:25:11.635+00:00,False,93,92.0,,92.0,293644.906749,300023.957245,300023.957238,3226.0640563225807,0.022690000000000002,293644.906749,30442.37463877978,88.2599416,69.33750539130435,19.58720133221575,0.30664217899396834,35,64,,False,False,Request timeout: 300.0s exceeded,227,21.16838264042747
248,2026-09-14T02:20:15.045+00:00,2026-09-14T02:25:09.005+00:00,2026-09-14T02:25:15.077+00:00,False,89,88.0,,88.0,293959.890656,300031.31312,300031.312975,3371.138348033708,0.028239,293959.890656,31152.37949615692,89.59091140000001,68.9934370909091,20.541531257442536,0.29330271925585205,35,64,,False,False,Request timeout: 300.0s exceeded,157,21.16838264042747
249,2026-09-14T02:20:19.945+00:00,2026-09-14T02:25:13.895+00:00,2026-09-14T02:25:19.986+00:00,False,91,90.0,,90.0,293950.02702,300041.16020399996,300041.160087,3297.1556053516483,0.03257,293950.02702,30807.248130807628,90.50608400000002,67.6792576,21.234304537573088,0.29995884544243334,35,64,,False,False,Request timeout: 300.0s exceeded,472,21.16838264042747
250,2026-09-14T02:20:24.482+00:00,2026-09-14T02:25:18.284+00:00,2026-09-14T02:25:24.558+00:00,False,97,96.0,,96.0,293802.590106,300076.204442,300076.20433700003,3093.5691168762887,0.03393,293802.590106,29824.505001092082,90.2291058,65.35014933333333,20.521017372567485,0.31991873590415026,35,64,,False,False,Request timeout: 300.0s exceeded,465,21.16838264042747
251,2026-09-14T02:20:28.150+00:00,2026-09-14T02:25:22.058+00:00,2026-09-14T02:25:28.195+00:00,False,91,90.0,,90.0,293907.595526,300044.91264600004,300044.912526,3297.196840945055,0.03648,293907.595526,30802.745745448505,91.232457,68.19241244444444,20.390209924524513,0.2999550940768127,35,64,,False,False,Request timeout: 300.0s exceeded,462,21.16838264042747
252,2026-09-14T02:20:31.439+00:00,2026-09-14T02:25:24.882+00:00,2026-09-14T02:25:31.448+00:00,False,94,93.0,,93.0,293442.70996,300008.90260000003,300008.902796,3191.5840722978724,0.02043,293442.70996,30259.029339250024,91.46381085000002,70.60422193548388,20.76410292518666,0.30999080091965237,35,64,,False,False,Request timeout: 300.0s exceeded,466,21.16838264042747
253,2026-09-14T02:20:34.677+00:00,2026-09-14T02:25:28.548+00:00,2026-09-14T02:25:34.716+00:00,False,87,86.0,,86.0,293870.649789,300038.828477,300038.828514,3448.722166827586,0.02846,293870.649789,31498.557705642288,91.6448676,71.723008,20.343865480252425,0.28662956870128053,35,64,,False,False,Request timeout: 300.0s exceeded,308,21.16838264042747
254,2026-09-14T02:20:38.529+00:00,2026-09-14T02:25:32.497+00:00,2026-09-14T02:25:38.589+00:00,False,89,88.0,,88.0,293968.04278799996,300060.43446799996,300060.43433099997,3371.4655542808982,0.09331,293968.04278799996,31153.21766613196,89.25188980000001,69.23172363636364,19.44490058449052,0.2932742537549874,35,64,,False,False,Request timeout: 300.0s exceeded,343,21.16838264042747
255,2026-09-14T02:20:42.421+00:00,2026-09-14T02:25:35.982+00:00,2026-09-14T02:25:42.496+00:00,False,95,94.0,,94.0,293561.328229,300074.57162099995,300074.571474,3158.6796997263154,0.10542,293561.328229,30111.653852592142,87.83902970000001,69.28982331914894,19.207902620741784,0.3132554667735187,35,64,,False,False,Request timeout: 300.0s exceeded,427,21.16838264042747
256,2026-09-14T02:20:46.361+00:00,2026-09-14T02:25:40.325+00:00,2026-09-14T02:25:46.430+00:00,False,90,89.0,,89.0,293964.210751,300068.883263,300068.88308999996,3334.098701,0.02511,293964.210751,30979.325048111958,90.3792376,68.59182597752809,20.504753579536917,0.2965985644102744,35,64,,False,False,Request timeout: 300.0s exceeded,422,21.16838264042747
257,2026-09-14T02:20:49.423+00:00,2026-09-14T02:25:43.368+00:00,2026-09-14T02:25:49.494+00:00,False,88,87.0,,87.0,293945.12264200003,300071.002962,300071.00304900005,3409.8977619204547,0.08109999999999999,293945.12264200003,31327.15558755591,90.13234834999999,70.41241747126436,19.852855911616892,0.2899313800441337,35,64,,False,False,Request timeout: 300.0s exceeded,402,21.16838264042747
258,2026-09-14T02:20:53.664+00:00,2026-09-14T02:25:47.367+00:00,2026-09-14T02:25:53.684+00:00,False,99,98.0,,98.0,293703.04348,300020.117912,300020.117989,3030.506242313131,0.0,293703.04348,29511.86677376075,89.7186648,64.45994318367347,68.51736161716191,0.3266447619647451,35,64,,False,False,Request timeout: 300.0s exceeded,441,21.16838264042747
259,2026-09-14T02:20:58.223+00:00,2026-09-14T02:25:51.907+00:00,2026-09-14T02:25:58.247+00:00,False,99,98.0,,98.0,293683.853614,300024.297518,300024.29765100003,3030.5484611212123,0.022269999999999998,293683.853614,29509.843089129252,89.97801989999999,64.69840718367347,21.375287359135136,0.3266402115119375,35,64,,False,False,Request timeout: 300.0s exceeded,498,21.16838264042747
260,2026-09-14T02:21:01.302+00:00,2026-09-14T02:25:55.199+00:00,2026-09-14T02:26:01.351+00:00,False,91,90.0,,90.0,293897.126563,300048.814755,300048.81479000003,3297.2397229670332,0.027260000000000003,293897.126563,30801.631541272545,89.306126,68.35209102222223,20.359858066754533,0.2999511931866421,35,64,,False,False,Request timeout: 300.0s exceeded,199,21.16838264042747
261,2026-09-14T02:21:04.029+00:00,2026-09-14T02:25:57.468+00:00,2026-09-14T02:26:04.046+00:00,False,95,94.0,,94.0,293438.531843,300016.15027499996,300016.150211,3158.0647390631575,0.02048,293438.531843,30098.985814472948,89.5550377,69.97466417021276,20.53370397074903,0.3133164661763641,35,64,,False,False,Request timeout: 300.0s exceeded,465,21.16838264042747
262,2026-09-14T02:21:07.699+00:00,2026-09-14T02:26:01.189+00:00,2026-09-14T02:26:07.768+00:00,False,97,96.0,,96.0,293489.552048,300069.29323199997,300069.29326199996,3093.497868680412,0.02089,293489.552048,29792.39709226154,88.6150996,68.53897066666667,20.606973170451774,0.31992610428744256,35,64,,False,False,Request timeout: 300.0s exceeded,508,21.16838264042747
263,2026-09-14T02:21:11.169+00:00,2026-09-14T02:26:04.559+00:00,2026-09-14T02:26:11.225+00:00,False,101,100.0,,100.0,293389.99954000005,300055.67531600007,300055.67546100006,2970.8482718910896,0.040348999999999996,293389.99954000005,29186.770989578545,88.95986199999999,66.65675776,21.039219841259964,0.33327148334950235,35,64,,False,False,Request timeout: 300.0s exceeded,509,21.16838264042747
264,2026-09-14T02:21:16.042+00:00,2026-09-14T02:26:10.029+00:00,2026-09-14T02:26:16.125+00:00,False,88,87.0,,87.0,293986.717223,300083.009831,300083.00999600004,3410.0342045,0.05001,293986.717223,31331.62597908009,89.26768835000001,70.0723288275862,20.07781981745359,0.28991977936037244,35,64,,False,False,Request timeout: 300.0s exceeded,369,21.16838264042747
265,2026-09-14T02:21:20.660+00:00,2026-09-14T02:26:14.266+00:00,2026-09-14T02:26:20.684+00:00,False,98,97.0,,97.0,293606.15150700003,300024.29576300003,300024.295921,3061.4724073571433,0.03546,293606.15150700003,29652.023560711114,90.47730384999998,66.16643562886598,20.880554131103132,0.32330715002035626,35,64,,False,False,Request timeout: 300.0s exceeded,402,21.16838264042747
266,2026-09-14T02:21:25.056+00:00,2026-09-14T02:26:18.720+00:00,2026-09-14T02:26:25.142+00:00,False,93,92.0,,92.0,293663.590897,300085.866993,300085.867003,3226.72975272043,0.02018,293663.590897,30444.263740643448,90.7305406,69.80734886956522,20.155473575246084,0.3065789166343714,35,64,,False,False,Request timeout: 300.0s exceeded,415,21.16838264042747
267,2026-09-14T02:21:29.126+00:00,2026-09-14T02:26:22.632+00:00,2026-09-14T02:26:29.198+00:00,False,97,96.0,,96.0,293506.22143300006,300072.43199300003,300072.43194400007,3093.5302262268046,0.03984,293506.22143300006,29794.10381212685,89.0511204,68.39802666666667,20.44542981234404,0.3199227578568079,35,64,,False,False,Request timeout: 300.0s exceeded,398,21.16838264042747
268,2026-09-14T02:21:33.169+00:00,2026-09-14T02:26:26.695+00:00,2026-09-14T02:26:33.191+00:00,False,97,96.0,,96.0,293525.763102,300022.371358,300022.37131,3093.014137216495,0.02629,293525.763102,29796.16175040678,89.0565878,67.67300266666668,20.691141623304716,0.3199761389974768,35,64,,False,False,Request timeout: 300.0s exceeded,347,21.16838264042747
269,2026-09-14T02:21:37.590+00:00,2026-09-14T02:26:31.086+00:00,2026-09-14T02:26:37.602+00:00,False,96,95.0,,95.0,293496.168787,300012.304211,300012.304184,3125.1281685833333,0.03449,293496.168787,29947.833209420758,87.56272025,68.59089920000001,19.75560791044678,0.31665367942104833,35,64,,False,False,Request timeout: 300.0s exceeded,374,21.16838264042747
270,2026-09-14T02:21:42.096+00:00,2026-09-14T02:26:35.781+00:00,2026-09-14T02:26:42.116+00:00,False,95,94.0,,94.0,293684.6546,300020.014088,300020.013989,3158.1054104105265,0.02896,293684.6546,30124.50157606414,88.74686200000001,67.39744136170214,20.06555111926732,0.31331243112477325,35,64,,False,False,Request timeout: 300.0s exceeded,459,21.16838264042747
271,2026-09-14T02:21:46.372+00:00,2026-09-14T02:26:38.769+00:00,2026-09-14T02:26:46.457+00:00,False,109,108.0,,108.0,292396.88021100004,300085.44110700005,300085.44098300004,2753.0774402110096,0.02534,292396.88021100004,27999.781432014395,90.28941139999999,71.19037866666667,57.490763957004106,0.35989749986401687,35,64,,False,False,Request timeout: 300.0s exceeded,458,21.16838264042747
272,2026-09-14T02:21:51.015+00:00,2026-09-14T02:26:44.832+00:00,2026-09-14T02:26:51.044+00:00,False,101,100.0,,100.0,293817.322965,300029.097685,300029.097545,2970.5851242079207,0.0,293817.322965,29229.80384316801,91.148437,62.117747200000004,63.57282724808315,0.33330100570775245,35,64,,False,False,Request timeout: 300.0s exceeded,487,21.16838264042747
273,2026-09-14T02:21:54.586+00:00,2026-09-14T02:26:48.419+00:00,2026-09-14T02:26:54.661+00:00,False,93,92.0,,92.0,293833.662992,300075.118352,300075.11845,3226.6141768817206,0.020869,293833.662992,30462.102974189325,87.51805100000001,67.84190608695651,19.81005902145467,0.30658989824034777,35,64,,False,False,Request timeout: 300.0s exceeded,393,21.16838264042747
274,2026-09-14T02:21:58.103+00:00,2026-09-14T02:26:51.930+00:00,2026-09-14T02:26:58.184+00:00,False,92,91.0,,91.0,293827.051236,300080.308452,300080.30850900005,3261.7424837934786,0.025070000000000002,293827.051236,30626.430171140124,90.6266881,68.71711226373627,20.391838599213525,0.3032521542964092,35,64,,False,False,Request timeout: 300.0s exceeded,314,21.16838264042747
275,2026-09-14T02:22:02.069+00:00,2026-09-14T02:26:55.600+00:00,2026-09-14T02:27:02.149+00:00,False,94,93.0,,93.0,293531.025314,300080.09309000004,300080.093101,3192.3414159680856,0.0216,293531.025314,30268.156466326116,88.32853360000001,70.42008361290323,19.397864224826925,0.309917259230213,35,64,,False,False,Request timeout: 300.0s exceeded,485,21.16838264042747
276,2026-09-14T02:22:06.834+00:00,2026-09-14T02:27:00.938+00:00,2026-09-14T02:27:06.851+00:00,False,87,86.0,,86.0,294103.367167,300016.451583,300016.451598,3448.464960896552,0.03644,294103.367167,31523.825168664876,88.17594000000001,68.75679553488372,19.601332456697197,0.28665094712717104,35,64,,False,False,Request timeout: 300.0s exceeded,330,21.16838264042747
277,2026-09-14T02:22:10.309+00:00,2026-09-14T02:27:04.083+00:00,2026-09-14T02:27:10.335+00:00,False,95,94.0,,94.0,293774.222933,300025.951061,300025.951039,3158.1679056736843,0.02165,293774.222933,30133.782416527352,88.4060167,66.5077460425532,20.133301361882022,0.3133062312362717,35,64,,False,False,Request timeout: 300.0s exceeded,458,21.16838264042747
278,2026-09-14T02:22:13.830+00:00,2026-09-14T02:27:07.650+00:00,2026-09-14T02:27:13.912+00:00,False,96,95.0,,95.0,293820.476326,300082.784678,300082.78488,3125.8623425,0.03839,293820.476326,29981.206123817792,90.09852,65.91903528421052,20.839747707906778,0.31657930694670977,35,64,,False,False,Request timeout: 300.0s exceeded,379,21.16838264042747
279,2026-09-14T02:22:18.043+00:00,2026-09-14T02:27:11.939+00:00,2026-09-14T02:27:18.069+00:00,False,95,94.0,,94.0,293896.892047,300026.340495,300026.34062,3158.1720065263157,0.024118999999999998,293896.892047,30146.502153529545,88.9582354,65.20689838297872,21.152193531270605,0.3133058245649819,35,64,,False,False,Request timeout: 300.0s exceeded,422,21.16838264042747
280,2026-09-14T02:22:20.876+00:00,2026-09-14T02:27:14.679+00:00,2026-09-14T02:27:20.921+00:00,False,95,94.0,,94.0,293802.454858,300044.969034,300044.968963,3158.3680943473682,0.03675,293802.454858,30136.689668524534,89.7943647,66.40972527659574,21.110368095159807,0.3132863727148455,35,64,,False,False,Request timeout: 300.0s exceeded,183,21.16838264042747
281,2026-09-14T02:22:25.699+00:00,2026-09-14T02:27:19.427+00:00,2026-09-14T02:27:25.755+00:00,False,91,90.0,,90.0,293727.61262800003,300055.641812,300055.64180200006,3297.3147450769234,0.03225,293727.61262800003,30783.655428409285,88.72601399999999,70.31143537777778,19.043793575142637,0.2999443685061237,35,64,,False,False,Request timeout: 300.0s exceeded,159,21.16838264042747
282,2026-09-14T02:22:28.806+00:00,2026-09-14T02:27:22.566+00:00,2026-09-14T02:27:28.845+00:00,False,91,90.0,,90.0,293759.704241,300039.224497,300039.224299,3297.134332956044,0.020579999999999998,293759.704241,30787.075893883484,87.13512600000001,69.77244728888888,18.796074947808755,0.2999607806308668,35,64,,False,False,Request timeout: 300.0s exceeded,445,21.16838264042747
283,2026-09-14T02:22:32.782+00:00,2026-09-14T02:27:26.210+00:00,2026-09-14T02:27:32.795+00:00,False,101,100.0,,100.0,293427.69684399996,300012.56954799994,300012.56975699996,2970.421482742574,0.05155,293427.69684399996,29190.601402662916,86.839346,65.84872704,19.57284633798991,0.3333193677540257,35,64,,False,False,Request timeout: 300.0s exceeded,479,21.16838264042747
284,2026-09-14T02:22:35.781+00:00,2026-09-14T02:27:29.640+00:00,2026-09-14T02:27:35.813+00:00,False,95,94.0,,94.0,293859.051346,300031.997778,300031.997788,3158.231555663158,0.02638,293859.051346,30142.571214373336,87.38669599999999,65.66964289361702,19.51975356570241,0.3132999169960285,35,64,,False,False,Request timeout: 300.0s exceeded,459,21.16838264042747
285,2026-09-14T02:22:39.800+00:00,2026-09-14T02:27:34.016+00:00,2026-09-14T02:27:39.823+00:00,False,84,83.0,,83.0,294215.852213,300022.542517,300022.542519,3571.69693475,0.03696,294215.852213,32093.954192000587,90.06187750000001,69.9601241445783,20.062885927220186,0.2766458790185642,35,64,,False,False,Request timeout: 300.0s exceeded,410,21.16838264042747
286,2026-09-14T02:22:43.027+00:00,2026-09-14T02:27:36.690+00:00,2026-09-14T02:27:43.043+00:00,False,95,94.0,,94.0,293663.020931,300015.866243,300015.866274,3158.0617502526316,0.0,293663.020931,30122.334270819283,90.42188839999999,67.58346076595744,68.89940011745563,0.3133167628003514,35,64,,False,False,Request timeout: 300.0s exceeded,465,21.16838264042747
287,2026-09-14T02:22:46.453+00:00,2026-09-14T02:27:39.992+00:00,2026-09-14T02:27:46.479+00:00,False,103,102.0,,102.0,293538.299147,300025.74900300003,300025.74889600003,2912.8713485048543,0.0,293538.299147,28916.996801308913,90.0408172,63.602449568627456,66.4914804818259,0.3399708203010938,35,64,,False,False,Request timeout: 300.0s exceeded,136,21.16838264042747
288,2026-09-14T02:22:49.370+00:00,2026-09-14T02:27:42.910+00:00,2026-09-14T02:27:49.426+00:00,False,101,100.0,,100.0,293540.038323,300055.614643,300055.614572,2970.847669029703,0.023629,293540.038323,29201.849608911827,90.00569999999999,65.15576320000001,20.83006366492223,0.3332715507389453,35,64,,False,False,Request timeout: 300.0s exceeded,330,21.16838264042747
289,2026-09-14T02:22:53.356+00:00,2026-09-14T02:27:47.079+00:00,2026-09-14T02:27:53.426+00:00,False,93,92.0,,92.0,293722.720719,300070.314959,300070.315084,3226.562527784946,0.02946,293722.720719,30450.47939937179,89.20860199999998,68.99558956521739,20.16734971895,0.30659480599595595,35,64,,False,False,Request timeout: 300.0s exceeded,384,21.16838264042747
290,2026-09-14T02:22:56.579+00:00,2026-09-14T02:27:50.054+00:00,2026-09-14T02:27:56.669+00:00,False,97,96.0,,96.0,293474.78228399996,300089.25549999997,300089.255554,3093.7036655051543,0.01924,293474.78228399996,29790.86023489844,88.33803280000001,68.90076266666667,19.891924716068953,0.3199048224503993,35,64,,False,False,Request timeout: 300.0s exceeded,410,21.16838264042747
291,2026-09-14T02:22:59.667+00:00,2026-09-14T02:27:53.509+00:00,2026-09-14T02:27:59.708+00:00,False,92,91.0,,91.0,293842.52741900005,300041.28069900005,300041.28093700006,3261.3182710543483,0.022600000000000002,293842.52741900005,30628.10623953679,89.16873365,68.11816791208791,20.574958208048333,0.3032915997025448,35,64,,False,False,Request timeout: 300.0s exceeded,411,21.16838264042747
292,2026-09-14T02:23:02.455+00:00,2026-09-14T02:27:56.071+00:00,2026-09-14T02:28:02.508+00:00,False,98,97.0,,97.0,293615.477189,300053.069509,300053.069404,3061.7660143265307,0.03638,293615.477189,29652.945459568746,90.51903385,66.36693113402062,21.04603682954649,0.323276146312146,35,64,,False,False,Request timeout: 300.0s exceeded,375,21.16838264042747
293,2026-09-14T02:23:05.999+00:00,2026-09-14T02:27:59.279+00:00,2026-09-14T02:28:06.565+00:00,False,109,108.0,,108.0,293280.205579,300566.232843,300566.232801,2757.4883743211008,0.04338,293280.205579,28084.694419778836,87.75048699999999,67.4632154074074,20.259969583661828,0.35932180065088526,35,64,,False,False,Request timeout: 300.0s exceeded,581,21.16838264042747
294,2026-09-14T02:23:08.994+00:00,2026-09-14T02:28:02.817+00:00,2026-09-14T02:28:09.013+00:00,False,90,89.0,,89.0,293823.11917400005,300018.36448600003,300018.36467000004,3333.537385222223,0.02923,293823.11917400005,30964.345261340284,90.81143484999998,69.60949788764044,20.25970507566605,0.29664850734213327,35,64,,False,False,Request timeout: 300.0s exceeded,382,21.16838264042747
295,2026-09-14T02:23:12.815+00:00,2026-09-14T02:28:06.910+00:00,2026-09-14T02:28:14.657+00:00,False,77,76.0,,76.0,294094.731782,301842.083078,301842.08305099997,3920.0270526103895,0.02718,294094.731782,33504.94220724554,93.0292518,101.93883284210527,303.2202438595247,0.2517872896482781,35,64,,False,False,Request timeout: 300.0s exceeded,297,21.16838264042747
296,2026-09-14T02:23:17.370+00:00,2026-09-14T02:28:11.207+00:00,2026-09-14T02:28:17.419+00:00,False,104,103.0,,103.0,293837.065708,300048.75287599995,300048.752752,2885.084161076923,0.01515,293837.065708,28808.39035983645,91.41354565,60.30764240776699,265.2354858188824,0.34327754744098676,35,64,,False,False,Request timeout: 300.0s exceeded,442,21.16838264042747
297,2026-09-14T02:23:20.401+00:00,2026-09-14T02:28:15.795+00:00,2026-09-14T02:28:20.440+00:00,False,67,66.0,,66.0,295394.226471,300039.616551,300039.616385,4478.203229626865,0.01812,295394.226471,36079.555769307015,90.8604106,70.38469818181818,21.166044847572245,0.2199709516985784,35,64,,False,False,Request timeout: 300.0s exceeded,317,21.16838264042747
298,2026-09-14T02:23:23.380+00:00,2026-09-14T02:28:16.828+00:00,2026-09-14T02:28:23.439+00:00,False,95,94.0,,94.0,293448.314593,300059.329505,300059.32962699997,3158.519259231579,0.03289,293448.314593,30099.951938685004,87.3653068,70.32994587234043,18.812212831093778,0.31327137921380194,35,64,,False,False,Request timeout: 300.0s exceeded,452,21.16838264042747
299,2026-09-14T02:23:27.000+00:00,2026-09-14T02:28:20.440+00:00,2026-09-14T02:28:27.007+00:00,False,95,94.0,,94.0,293440.15083600004,300006.91768400004,300006.91759300005,3157.967553610527,0.01804,293440.15083600004,30099.163255496707,89.1534597,69.85922178723403,19.766309646907555,0.31332610836331126,35,64,,False,False,Request timeout: 300.0s exceeded,329,21.16838264042747
300,2026-09-14T02:23:31.719+00:00,2026-09-14T02:28:25.172+00:00,2026-09-14T02:28:31.738+00:00,False,99,98.0,,98.0,293452.757046,300018.33554199996,300018.335476,3030.488237131313,0.01803,293452.757046,29486.385486726227,88.4716977,66.9956989387755,20.459222001800686,0.32664670251888944,35,64,,False,False,Request timeout: 300.0s exceeded,441,21.16838264042747
301,2026-09-14T02:23:34.618+00:00,2026-09-14T02:28:28.754+00:00,2026-09-14T02:28:34.695+00:00,False,87,86.0,,86.0,294135.62593800004,300076.71009800007,300076.71024700004,3449.1575890459776,0.032,294135.62593800004,31527.249291748845,88.87807130000002,69.08237395348837,20.43988065817013,0.28659338464459244,35,64,,False,False,Request timeout: 300.0s exceeded,348,21.16838264042747
302,2026-09-14T02:23:38.149+00:00,2026-09-14T02:28:31.996+00:00,2026-09-14T02:28:38.159+00:00,False,89,88.0,,88.0,293846.625602,300009.46080199996,300009.460843,3370.892818460674,0.0,293846.625602,31140.331762076483,92.84878020000001,70.03221818181818,68.80260303719592,0.2933240830630944,35,64,,False,False,Request timeout: 300.0s exceeded,424,21.16838264042747
303,2026-09-14T02:23:41.975+00:00,2026-09-14T02:28:35.644+00:00,2026-09-14T02:28:42.025+00:00,False,100,99.0,,99.0,293669.113692,300050.8207,300050.82072099997,3000.50820721,0.0,293669.113692,29360.53612609502,88.60247845000002,64.46168694949495,64.86385566651529,0.32994410669845575,35,64,,False,False,Request timeout: 300.0s exceeded,456,21.16838264042747
304,2026-09-14T02:23:46.439+00:00,2026-09-14T02:28:39.709+00:00,2026-09-14T02:28:46.446+00:00,False,99,98.0,,98.0,293269.999861,300006.715637,300006.71564899996,3030.370865141414,0.036628999999999995,293269.999861,29467.841525047686,88.64950509999998,68.74199771428572,19.4625985083776,0.32665935424784737,35,64,,False,False,Request timeout: 300.0s exceeded,473,21.16838264042747
305,2026-09-14T02:23:49.191+00:00,2026-09-14T02:28:42.853+00:00,2026-09-14T02:28:49.251+00:00,False,93,92.0,,92.0,293661.87855699996,300059.70844499994,300059.70866199996,3226.4484802365587,0.04499,293661.87855699996,30444.11349658681,88.57887299999999,69.5416292173913,19.791333346301293,0.30660564351265884,35,64,,False,False,Request timeout: 300.0s exceeded,268,21.16838264042747
306,2026-09-14T02:23:53.802+00:00,2026-09-14T02:28:47.857+00:00,2026-09-14T02:28:53.810+00:00,False,89,88.0,,88.0,294055.730513,300008.184401,300008.184457,3370.878477044944,0.02174,294055.730513,31162.681321594322,88.39536100000001,67.64152145454545,19.792205144237297,0.29332533102622477,35,64,,False,False,Request timeout: 300.0s exceeded,242,21.16838264042747
307,2026-09-14T02:23:57.396+00:00,2026-09-14T02:28:51.305+00:00,2026-09-14T02:28:57.442+00:00,False,93,92.0,,92.0,293909.07468699996,300046.059263,300046.05941199994,3226.3017141075265,0.041979999999999996,293909.07468699996,30470.04134151614,89.65308499999999,66.70635408695652,21.001600930545912,0.3066195910920432,35,64,,False,False,Request timeout: 300.0s exceeded,420,21.16838264042747
308,2026-09-14T02:24:01.387+00:00,2026-09-14T02:28:54.947+00:00,2026-09-14T02:29:01.443+00:00,False,96,95.0,,95.0,293560.226856,300056.397352,300056.397222,3125.5874710625003,0.044979,293560.226856,29954.39303795058,89.91840475000001,68.3807420631579,20.48014490881303,0.31660714731755674,35,64,,False,False,Request timeout: 300.0s exceeded,433,21.16838264042747
309,2026-09-14T02:24:05.561+00:00,2026-09-14T02:28:59.165+00:00,2026-09-14T02:29:05.646+00:00,False,96,95.0,,95.0,293603.067069,300084.505533,300084.505717,3125.8802678854163,0.0935,293603.067069,29958.781607557718,90.1762345,68.22566804210526,21.03851923819744,0.31657749150114967,35,64,,False,False,Request timeout: 300.0s exceeded,481,21.16838264042747
310,2026-09-14T02:24:09.951+00:00,2026-09-14T02:29:03.680+00:00,2026-09-14T02:29:09.964+00:00,False,92,91.0,,91.0,293729.746785,300013.552993,300013.55308900005,3261.016881402174,0.023899999999999998,293729.746785,30616.250830274348,90.56214449999999,69.05281547252747,20.911575488032625,0.3033196303705761,35,64,,False,False,Request timeout: 300.0s exceeded,420,21.16838264042747
311,2026-09-14T02:24:14.564+00:00,2026-09-14T02:29:08.366+00:00,2026-09-14T02:29:14.570+00:00,False,95,94.0,,94.0,293801.869747,300006.33925099997,300006.33917,3157.9614649473683,0.02384,293801.869747,30136.670543188342,87.775421,66.00499472340425,20.197896909775192,0.3133267124777487,35,64,,False,False,Request timeout: 300.0s exceeded,445,21.16838264042747
312,2026-09-14T02:24:18.392+00:00,2026-09-14T02:29:11.948+00:00,2026-09-14T02:29:18.404+00:00,False,100,99.0,,99.0,293556.287348,300012.31755599997,300012.317539,3000.1231753899997,0.056409999999999995,293556.287348,29349.114185535393,87.16911194999999,65.21242634343434,19.92227409732085,0.3299864512446919,35,64,,False,False,Request timeout: 300.0s exceeded,307,21.16838264042747
313,2026-09-14T02:24:21.977+00:00,2026-09-14T02:29:15.661+00:00,2026-09-14T02:29:22.000+00:00,False,95,94.0,,94.0,293684.597449,300023.160777,300023.160688,3158.138533557895,0.047170000000000004,293684.597449,30124.492714862292,88.956986,67.43152476595745,20.809348267530375,0.3133091450558643,35,64,,False,False,Request timeout: 300.0s exceeded,354,21.16838264042747
314,2026-09-14T02:24:25.990+00:00,2026-09-14T02:29:20.045+00:00,2026-09-14T02:29:26.046+00:00,False,85,84.0,,84.0,294054.97561,300055.29356200004,300055.293603,3530.0622776823534,0.019259000000000002,294054.97561,31886.998301542382,89.7921782,71.43235657142857,19.657505789150033,0.2799484021855565,35,64,,False,False,Request timeout: 300.0s exceeded,430,21.16838264042747
315,2026-09-14T02:24:30.548+00:00,2026-09-14T02:29:24.418+00:00,2026-09-14T02:29:30.569+00:00,False,89,88.0,,88.0,293869.981343,300021.396383,300021.396338,3371.0269251460677,0.016489999999999998,293869.981343,31142.752552702717,89.33063339999998,69.90244363636364,20.196965384310236,0.2933124139175105,35,64,,False,False,Request timeout: 300.0s exceeded,480,21.16838264042747
316,2026-09-14T02:24:34.116+00:00,2026-09-14T02:29:27.663+00:00,2026-09-14T02:29:34.143+00:00,False,105,104.0,,104.0,293546.16748,300026.280888,300026.280901,2857.393151438095,0.0,293546.16748,28641.158939286466,89.9670782,62.30878276923077,62.26391545631039,0.3466363003007169,35,64,,False,False,Request timeout: 300.0s exceeded,485,21.16838264042747
317,2026-09-14T02:24:38.296+00:00,2026-09-14T02:29:31.772+00:00,2026-09-14T02:29:38.305+00:00,False,106,105.0,,105.0,293476.171422,300009.088414,300009.08821099997,2830.2744170849055,0.0,293476.171422,28498.949636099558,92.12941350000001,62.21825706666667,62.1780745333979,0.349989397171543,35,64,,False,False,Request timeout: 300.0s exceeded,500,21.16838264042747
318,2026-09-14T02:24:42.014+00:00,2026-09-14T02:29:35.612+00:00,2026-09-14T02:29:42.040+00:00,False,96,95.0,,95.0,293598.445436,300026.393724,300026.393777,3125.2749351770835,0.03423,293598.445436,29958.36696591301,90.2884475,67.66261355789473,20.43262197569514,0.3166388090755519,35,64,,False,False,Request timeout: 300.0s exceeded,140,21.16838264042747
319,2026-09-14T02:24:47.554+00:00,2026-09-14T02:29:39.613+00:00,2026-09-14T02:29:47.640+00:00,False,124,123.0,,123.0,292058.8259,300086.31902,300086.319045,2420.0509600403225,0.018940000000000002,292058.8259,26221.80354609075,89.02038315,65.26417170731708,20.07762775467467,0.40988206460622534,35,64,,False,False,Request timeout: 300.0s exceeded,651,21.16838264042747
320,2026-09-14T02:24:49.384+00:00,2026-09-14T02:29:43.067+00:00,2026-09-14T02:29:49.419+00:00,False,101,100.0,,100.0,293683.175004,300035.90486,300035.904804,2970.652522811881,0.0456,293683.175004,29216.25463156304,91.13404700000001,63.527298560000006,21.328366774814587,0.33329344381853593,35,64,,False,False,Request timeout: 300.0s exceeded,495,21.16838264042747
321,2026-09-14T02:24:54.330+00:00,2026-09-14T02:29:48.909+00:00,2026-09-14T02:29:54.350+00:00,False,78,77.0,,77.0,294579.51934600004,300020.494194,300020.49427,3846.4165932051287,0.02686,294579.51934600004,33346.56805966456,91.17566869999999,70.66201101298702,20.971067823768735,0.2566491339428634,35,64,,False,False,Request timeout: 300.0s exceeded,316,21.16838264042747
322,2026-09-14T02:24:57.841+00:00,2026-09-14T02:29:51.756+00:00,2026-09-14T02:29:57.888+00:00,False,90,89.0,,89.0,293915.289629,300046.962205,300046.962396,3333.8551377333333,0.026109999999999998,293915.289629,30974.136143709457,90.42558845000002,68.89519748314608,20.21565048656887,0.29662023353261896,35,64,,False,False,Request timeout: 300.0s exceeded,366,21.16838264042747
323,2026-09-14T02:25:01.560+00:00,2026-09-14T02:29:55.448+00:00,2026-09-14T02:30:01.623+00:00,False,90,89.0,,89.0,293888.570909,300063.321373,300063.321284,3334.0369031555556,0.020460000000000002,293888.570909,30971.26894359973,89.30176885,69.37921869662921,20.553188754652634,0.29660406207850604,35,64,,False,False,Request timeout: 300.0s exceeded,360,21.16838264042747
324,2026-09-14T02:25:05.761+00:00,2026-09-14T02:29:59.427+00:00,2026-09-14T02:30:05.774+00:00,False,93,92.0,,92.0,293666.049761,300013.11766499997,300013.117543,3225.9475004623655,0.03135,293666.049761,30444.603197580098,89.1322862,68.98986852173913,19.71664620017876,0.30665325808429766,35,64,,False,False,Request timeout: 300.0s exceeded,323,21.16838264042747
325,2026-09-14T02:25:09.739+00:00,2026-09-14T02:30:03.435+00:00,2026-09-14T02:30:09.812+00:00,False,94,93.0,,93.0,293695.113023,300072.52383900003,300072.52391,3192.2608926595744,0.02522,293695.113023,30285.27177769086,89.89201729999999,68.57430984946237,20.297036075790945,0.3099250768120907,35,64,,False,False,Request timeout: 300.0s exceeded,439,21.16838264042747
326,2026-09-14T02:25:13.036+00:00,2026-09-14T02:30:06.765+00:00,2026-09-14T02:30:13.042+00:00,False,92,91.0,,91.0,293729.54011299997,300006.579729,300006.57979199995,3260.9410846956516,0.02016,293729.54011299997,30616.23664337118,89.33011710000001,68.97845731868131,20.322594879736897,0.303326680642143,35,64,,False,False,Request timeout: 300.0s exceeded,230,21.16838264042747
327,2026-09-14T02:25:15.869+00:00,2026-09-14T02:30:09.509+00:00,2026-09-14T02:30:15.916+00:00,False,98,97.0,,97.0,293640.674212,300047.278756,300047.278618,3061.706924673469,0.03878,293640.674212,29655.52223704555,87.11959869999998,66.0474695257732,19.91040289739175,0.32328238536994336,35,64,,False,False,Request timeout: 300.0s exceeded,454,21.16838264042747
328,2026-09-14T02:25:20.323+00:00,2026-09-14T02:30:14.099+00:00,2026-09-14T02:30:20.340+00:00,False,95,94.0,,94.0,293775.18651200004,300016.05281600007,300016.05280800007,3158.0637137684216,0.03204,293775.18651200004,30133.89343788951,88.44050139999999,66.39219472340426,20.58947938917068,0.3133165679559494,35,64,,False,False,Request timeout: 300.0s exceeded,163,21.16838264042747
329,2026-09-14T02:25:23.230+00:00,2026-09-14T02:30:16.568+00:00,2026-09-14T02:30:23.312+00:00,False,99,98.0,,98.0,293338.194487,300081.607735,300081.607682,3031.1273503232323,0.019440000000000002,293338.194487,29474.68892659945,89.89942799999999,68.81033926530611,20.144918216440796,0.3265778290768927,35,64,,False,False,Request timeout: 300.0s exceeded,367,21.16838264042747
330,2026-09-14T02:25:27.027+00:00,2026-09-14T02:30:20.990+00:00,2026-09-14T02:30:27.037+00:00,False,88,87.0,,87.0,293963.83063,300010.440038,300010.440175,3409.2095474431817,0.023010000000000003,293963.83063,31329.24741398366,90.5174282,69.50125756321839,20.510399901679733,0.2899899083144586,35,64,,False,False,Request timeout: 300.0s exceeded,260,21.16838264042747
331,2026-09-14T02:25:31.281+00:00,2026-09-14T02:30:25.417+00:00,2026-09-14T02:30:31.327+00:00,False,95,94.0,,94.0,294135.949226,300045.874346,300045.87421,3158.377623263158,0.0,294135.949226,30171.333490355417,94.5698725,62.871543829787235,66.41777118919934,0.3132854274530142,35,64,,False,False,Request timeout: 300.0s exceeded,401,21.16838264042747
332,2026-09-14T02:25:34.596+00:00,2026-09-14T02:30:28.621+00:00,2026-09-14T02:30:34.662+00:00,False,94,93.0,,93.0,294024.914374,300066.11910999997,300066.119061,3192.192755968085,0.02062,294024.914374,30319.661466897156,89.99427145,64.95919070967742,20.912232949753562,0.30993169197455284,35,64,,False,False,Request timeout: 300.0s exceeded,240,21.16838264042747
333,2026-09-14T02:25:37.496+00:00,2026-09-14T02:30:31.503+00:00,2026-09-14T02:30:37.503+00:00,False,87,86.0,,86.0,294006.367516,300006.95606,300006.955939,3448.3558153908048,0.02995,294006.367516,31513.317164834007,89.22894769999999,69.77428539534883,20.45234672529521,0.28666001991900614,35,64,,False,False,Request timeout: 300.0s exceeded,403,21.16838264042747
334,2026-09-14T02:25:41.143+00:00,2026-09-14T02:30:35.125+00:00,2026-09-14T02:30:41.169+00:00,False,92,91.0,,91.0,293981.542172,300025.349916,300025.35001399997,3261.145108847826,0.05274,293981.542172,30642.777196153846,88.65147800000001,66.41546971428572,20.801507395458625,0.3033077039172785,35,64,,False,False,Request timeout: 300.0s exceeded,202,21.16838264042747
335,2026-09-14T02:25:45.871+00:00,2026-09-14T02:30:39.487+00:00,2026-09-14T02:30:45.890+00:00,False,97,96.0,,96.0,293616.504534,300019.592406,300019.592438,3092.9854890515467,0.04975,293616.504534,29805.473540376497,87.377701,66.698832,19.925460082336922,0.31997910279835484,35,64,,False,False,Request timeout: 300.0s exceeded,493,21.16838264042747
336,2026-09-14T02:25:49.330+00:00,2026-09-14T02:30:42.652+00:00,2026-09-14T02:30:49.358+00:00,False,99,98.0,,98.0,293321.962687,300027.509183,300027.509122,3030.580900222222,0.047689999999999996,293321.962687,29473.096785386737,89.2659668,68.4239438367347,20.70112406234671,0.32663671496944463,35,64,,False,False,Request timeout: 300.0s exceeded,415,21.16838264042747
337,2026-09-14T02:25:52.295+00:00,2026-09-14T02:30:46.053+00:00,2026-09-14T02:30:52.327+00:00,False,96,95.0,,95.0,293758.11413,300031.830354,300031.830507,3125.33156778125,0.02187,293758.11413,29974.82897626327,89.9479305,66.03911814736843,20.725722309715078,0.316633071524151,35,64,,False,False,Request timeout: 300.0s exceeded,452,21.16838264042747
338,2026-09-14T02:25:55.468+00:00,2026-09-14T02:30:49.093+00:00,2026-09-14T02:30:55.477+00:00,False,97,96.0,,96.0,293625.074515,300009.249875,300009.249808,3092.878864,0.023039999999999998,293625.074515,29806.364194431102,89.62319080000002,66.50182666666666,20.669739615242985,0.3199901337708713,35,64,,False,False,Request timeout: 300.0s exceeded,385,21.16838264042747
339,2026-09-14T02:25:58.653+00:00,2026-09-14T02:30:52.935+00:00,2026-09-14T02:30:58.709+00:00,False,83,82.0,,82.0,294282.047923,300056.21649900003,300056.21645300003,3615.135137987952,0.03857,294282.047923,32293.92783568976,87.1796,70.41668995121951,19.562684888160568,0.27328212345260067,35,64,,False,False,Request timeout: 300.0s exceeded,388,21.16838264042747
340,2026-09-14T02:26:02.922+00:00,2026-09-14T02:30:56.635+00:00,2026-09-14T02:31:03.005+00:00,False,95,94.0,,94.0,293713.076067,300082.97814699996,300082.97807,3158.768190210526,0.01911,293713.076067,30127.380168161235,89.6195287,67.76491574468085,20.536327789290393,0.31324669123335863,35,64,,False,False,Request timeout: 300.0s exceeded,403,21.16838264042747
341,2026-09-14T02:26:07.322+00:00,2026-09-14T02:31:00.490+00:00,2026-09-14T02:31:07.351+00:00,False,103,102.0,,102.0,293168.90820999997,300029.41278599994,300029.41278699995,2912.9069202621354,0.03477,293168.90820999997,28880.17052856578,88.2472941,67.25984878431372,20.16042285090592,0.3399666687770805,35,64,,False,False,Request timeout: 300.0s exceeded,396,21.16838264042747
342,2026-09-14T02:26:11.292+00:00,2026-09-14T02:31:04.987+00:00,2026-09-14T02:31:11.340+00:00,False,96,95.0,,95.0,293694.425926,300047.440198,300047.440185,3125.49416859375,0.07942,293694.425926,29968.243660698063,89.1759795,66.87383444210526,20.763188982534334,0.3166165988195397,35,64,,False,False,Request timeout: 300.0s exceeded,398,21.16838264042747
343,2026-09-14T02:26:14.122+00:00,2026-09-14T02:31:07.828+00:00,2026-09-14T02:31:14.150+00:00,False,95,94.0,,94.0,293705.510115,300028.042979,300028.042808,3158.189924294737,0.019190000000000002,293705.510115,30126.655537402872,87.69914,67.26098791489362,20.413409234506904,0.31330404673732243,35,64,,False,False,Request timeout: 300.0s exceeded,230,21.16838264042747
344,2026-09-14T02:26:17.144+00:00,2026-09-14T02:31:11.004+00:00,2026-09-14T02:31:17.174+00:00,False,94,93.0,,93.0,293859.79200300004,300029.44883500005,300029.44875900005,3191.802646372341,0.01868,293859.79200300004,30302.487318999327,88.100812,66.34039604301076,19.984458023001064,0.30996957252401236,35,64,,False,False,Request timeout: 300.0s exceeded,433,21.16838264042747
345,2026-09-14T02:26:20.166+00:00,2026-09-14T02:31:14.305+00:00,2026-09-14T02:31:20.231+00:00,False,92,91.0,,91.0,294139.51186699996,300065.00255499996,300065.00261799997,3261.576115413043,0.02416,294139.51186699996,30659.38138863818,86.161525,65.11528228571429,19.514493529164945,0.30326762276557157,35,64,,False,False,Request timeout: 300.0s exceeded,460,21.16838264042747
346,2026-09-14T02:26:24.130+00:00,2026-09-14T02:31:17.829+00:00,2026-09-14T02:31:24.210+00:00,False,101,100.0,,100.0,293699.46482,300080.449652,300080.44966,2971.093560990099,0.0,293699.46482,29217.918270844955,89.325261,63.80984832,68.09787641642461,0.3332439687955977,35,64,,False,False,Request timeout: 300.0s exceeded,423,21.16838264042747
347,2026-09-14T02:26:27.353+00:00,2026-09-14T02:31:21.729+00:00,2026-09-14T02:31:27.408+00:00,False,95,94.0,,94.0,294376.341814,300055.055158,300055.055307,3158.4742663894735,0.0,294376.341814,30196.19212816158,89.15864730000001,60.41184408510638,30.103607773121126,0.3132758418301016,35,64,,False,False,Request timeout: 300.0s exceeded,465,21.16838264042747
348,2026-09-14T02:26:31.686+00:00,2026-09-14T02:31:25.358+00:00,2026-09-14T02:31:31.725+00:00,False,92,91.0,,91.0,293671.530698,300038.936522,300038.936376,3261.292786695652,0.03579,293671.530698,30610.084754850133,88.80879105,69.97149257142857,19.61042164930476,0.30329396929230723,35,64,,False,False,Request timeout: 300.0s exceeded,353,21.16838264042747
349,2026-09-14T02:26:36.231+00:00,2026-09-14T02:31:29.777+00:00,2026-09-14T02:31:36.244+00:00,False,94,93.0,,93.0,293546.081987,300012.626371,300012.626256,3191.623683574468,0.03244,293546.081987,30269.800963085898,88.6389878,69.53273531182796,19.392677619560498,0.30998695329907494,35,64,,False,False,Request timeout: 300.0s exceeded,500,21.16838264042747
350,2026-09-14T02:26:40.313+00:00,2026-09-14T02:31:33.644+00:00,2026-09-14T02:31:40.380+00:00,False,100,99.0,,99.0,293331.289475,300067.046275,300067.046166,3000.67046166,0.11292,293331.289475,29326.332112000622,89.47379595000001,68.03794747474748,20.306073591904745,0.3299262655762282,35,64,,False,False,Request timeout: 300.0s exceeded,428,21.16838264042747
351,2026-09-14T02:26:45.240+00:00,2026-09-14T02:31:38.257+00:00,2026-09-14T02:31:45.257+00:00,False,109,108.0,,108.0,293016.626774,300016.900182,300016.900258,2752.4486262201835,0.032479999999999995,293016.626774,28059.70167102604,89.955412,64.81734637037037,20.381729507706638,0.3599797209240002,35,64,,False,False,Request timeout: 300.0s exceeded,510,21.16838264042747
352,2026-09-14T02:26:49.578+00:00,2026-09-14T02:31:43.316+00:00,2026-09-14T02:31:49.614+00:00,False,98,97.0,,97.0,293738.001816,300035.27004,300035.26995399996,3061.584387285714,0.02979,293738.001816,29665.46845179561,88.52196835000001,64.92029096907217,21.054967374488626,0.3232953245365726,35,64,,False,False,Request timeout: 300.0s exceeded,402,21.16838264042747
353,2026-09-14T02:26:52.600+00:00,2026-09-14T02:31:46.081+00:00,2026-09-14T02:31:52.647+00:00,False,100,99.0,,99.0,293480.757143,300046.809239,300046.809062,3000.46809062,0.01752,293480.757143,29341.45025396739,88.91189145,66.32375854545455,20.247306882287546,0.32994851786989776,35,64,,False,False,Request timeout: 300.0s exceeded,447,21.16838264042747
354,2026-09-14T02:26:56.476+00:00,2026-09-14T02:31:50.122+00:00,2026-09-14T02:31:56.563+00:00,False,99,98.0,,98.0,293645.885489,300087.780657,300087.78075000003,3031.189704545455,0.05056,293645.885489,29505.922574994318,91.339336,65.7336241632653,20.62025863754735,0.3265711112443258,35,64,,False,False,Request timeout: 300.0s exceeded,400,21.16838264042747
355,2026-09-14T02:26:59.398+00:00,2026-09-14T02:31:53.315+00:00,2026-09-14T02:31:59.420+00:00,False,90,89.0,,89.0,293916.80611,300022.67414200003,300022.674061,3333.5852673444447,0.05356,293916.80611,30974.32654016502,89.87621374999999,68.60525878651686,20.18900705251594,0.2966442461541307,35,64,,False,False,Request timeout: 300.0s exceeded,130,21.16838264042747
356,2026-09-14T02:27:03.594+00:00,2026-09-14T02:31:57.325+00:00,2026-09-14T02:32:05.632+00:00,False,86,85.0,,85.0,293731.162628,302038.05901200004,302038.05901200004,3512.070453627907,0.039240000000000004,293731.162628,31664.56781663113,92.93844349999999,97.72819275294118,284.18432940632147,0.28142148800069905,35,64,,False,False,Request timeout: 300.0s exceeded,428,21.16838264042747
357,2026-09-14T02:27:06.673+00:00,2026-09-14T02:32:00.284+00:00,2026-09-14T02:32:06.751+00:00,False,109,108.0,,108.0,293610.325715,300077.048787,300077.04867399996,2753.0004465504585,0.01503,293610.325715,28118.143165488007,88.580705,59.87706548148149,250.96043894066403,0.35990756519556516,35,64,,False,False,Request timeout: 300.0s exceeded,357,21.16838264042747
358,2026-09-14T02:27:10.038+00:00,2026-09-14T02:32:05.552+00:00,2026-09-14T02:32:10.105+00:00,False,71,70.0,,70.0,295513.356862,300066.233918,300066.233851,4226.284983816901,0.01806,295513.356862,35063.272740172026,90.74679850000001,65.0411008,24.63587134186656,0.2332818294347944,35,64,,False,False,Request timeout: 300.0s exceeded,323,21.16838264042747
359,2026-09-14T02:27:14.305+00:00,2026-09-14T02:32:08.286+00:00,2026-09-14T02:32:14.313+00:00,False,91,90.0,,90.0,293981.397431,300008.141751,300008.14186800004,3296.79276778022,0.022609999999999998,293981.397431,30810.610366581284,86.10603800000001,66.96382577777777,19.275526436605272,0.29999185846995435,35,64,,False,False,Request timeout: 300.0s exceeded,411,21.16838264042747
360,2026-09-14T02:27:18.666+00:00,2026-09-14T02:32:12.104+00:00,2026-09-14T02:32:18.730+00:00,False,103,102.0,,102.0,293437.75156400003,300064.62849200005,300064.62845500006,2913.2488199514564,0.0,293437.75156400003,28906.94788833755,87.891322,64.96938164705882,63.34192709448287,0.3399267701515155,35,64,,False,False,Request timeout: 300.0s exceeded,515,21.16838264042747
361,2026-09-14T02:27:22.239+00:00,2026-09-14T02:32:15.531+00:00,2026-09-14T02:32:22.270+00:00,False,102,101.0,,101.0,293291.494726,300030.784838,300030.784999,2941.4782843039216,0.0,293291.494726,29033.64773803227,87.2020715,66.72564467326733,63.73972120123003,0.33663212278211513,35,64,,False,False,Request timeout: 300.0s exceeded,302,21.16838264042747
362,2026-09-14T02:27:26.852+00:00,2026-09-14T02:32:20.617+00:00,2026-09-14T02:32:26.874+00:00,False,91,90.0,,90.0,293765.33762,300022.32962000003,300022.329791,3296.948679021978,0.03506,293765.33762,30787.6937523682,90.93425299999998,69.52213333333333,20.507741831629204,0.299977672041916,35,64,,False,False,Request timeout: 300.0s exceeded,283,21.16838264042747
363,2026-09-14T02:27:30.865+00:00,2026-09-14T02:32:24.501+00:00,2026-09-14T02:32:30.890+00:00,False,90,89.0,,89.0,293635.933107,300025.758387,300025.758488,3333.619538755556,0.01711,293635.933107,30944.383178284137,90.21760350000001,71.79578966292135,19.49119978459658,0.29664119667085337,35,64,,False,False,Request timeout: 300.0s exceeded,427,21.16838264042747
364,2026-09-14T02:27:35.358+00:00,2026-09-14T02:32:29.133+00:00,2026-09-14T02:32:35.370+00:00,False,91,90.0,,90.0,293774.29102999996,300011.94555799995,300011.945356,3296.834564351648,0.02102,293774.29102999996,30788.654559136994,88.61582800000001,69.30727253333333,20.06358808179182,0.29998805491763564,35,64,,False,False,Request timeout: 300.0s exceeded,409,21.16838264042747
365,2026-09-14T02:27:39.946+00:00,2026-09-14T02:32:33.596+00:00,2026-09-14T02:32:40.035+00:00,False,93,92.0,,92.0,293649.409759,300088.468959,300088.468782,3226.7577288387097,0.042529000000000004,293649.409759,30442.774003115766,90.16839959999999,69.98977391304348,19.68273604184144,0.3065762583918865,35,64,,False,False,Request timeout: 300.0s exceeded,207,21.16838264042747
366,2026-09-14T02:27:43.287+00:00,2026-09-14T02:32:37.035+00:00,2026-09-14T02:32:43.316+00:00,False,97,96.0,,96.0,293748.209158,300029.11463,300029.114765,3093.083657371134,0.03744,293748.209158,29818.97526975861,87.742501,65.42609866666666,19.815542494892064,0.31996894740828236,35,64,,False,False,Request timeout: 300.0s exceeded,449,21.16838264042747
367,2026-09-14T02:27:46.425+00:00,2026-09-14T02:32:40.123+00:00,2026-09-14T02:32:46.434+00:00,False,98,97.0,,97.0,293697.77880000003,300008.54104000004,300008.54115400004,3061.3116444285715,0.02656,293697.77880000003,29661.391065202617,90.75066484999999,65.05940453608248,20.773216218025652,0.323324128252292,35,64,,False,False,Request timeout: 300.0s exceeded,372,21.16838264042747
368,2026-09-14T02:27:49.593+00:00,2026-09-14T02:32:43.595+00:00,2026-09-14T02:32:49.610+00:00,False,87,86.0,,86.0,294002.456733,300017.289117,300017.289181,3448.4745882873563,0.032139,294002.456733,31512.879722696303,89.77201059999999,69.93991144186047,19.810785154875674,0.2866501469069068,35,64,,False,False,Request timeout: 300.0s exceeded,454,21.16838264042747
369,2026-09-14T02:27:52.418+00:00,2026-09-14T02:32:46.175+00:00,2026-09-14T02:32:52.464+00:00,False,90,89.0,,89.0,293757.558605,300045.89012500003,300045.890107,3333.8432234111115,0.022940000000000002,293757.558605,30957.323918164908,89.5527779,70.65541033707865,19.623350088572234,0.2966212933725649,35,64,,False,False,Request timeout: 300.0s exceeded,489,21.16838264042747
370,2026-09-14T02:27:56.634+00:00,2026-09-14T02:32:50.290+00:00,2026-09-14T02:32:56.646+00:00,False,93,92.0,,92.0,293656.321666,300011.638402,300011.638486,3225.931596623656,0.031339,293656.321666,30443.584728632704,88.1118326,69.07952973913044,19.0577865270596,0.3066547700950347,35,64,,False,False,Request timeout: 300.0s exceeded,401,21.16838264042747
371,2026-09-14T02:28:00.575+00:00,2026-09-14T02:32:53.944+00:00,2026-09-14T02:33:00.595+00:00,False,97,96.0,,96.0,293368.473351,300019.734535,300019.734596,3092.986954597938,0.019949,293368.473351,29780.026371218035,86.95245999999999,69.28397066666668,18.44693530499618,0.31997895121396003,35,64,,False,False,Request timeout: 300.0s exceeded,471,21.16838264042747
372,2026-09-14T02:28:03.354+00:00,2026-09-14T02:32:57.141+00:00,2026-09-14T02:33:03.421+00:00,False,92,91.0,,91.0,293786.932194,300066.85565,300066.855843,3261.596259163043,0.026949999999999998,293786.932194,30622.216298155745,87.6438615,69.01014786813187,19.422231247078894,0.3032657499038915,35,64,,False,False,Request timeout: 300.0s exceeded,417,21.16838264042747
373,2026-09-14T02:28:07.948+00:00,2026-09-14T02:33:01.689+00:00,2026-09-14T02:33:08.026+00:00,False,93,92.0,,92.0,293741.13968900003,300077.400809,300077.40078900004,3226.638718161291,0.03501,293741.13968900003,30452.40270393408,89.1857576,68.87240347826088,21.023593953800543,0.3065875662478102,35,64,,False,False,Request timeout: 300.0s exceeded,441,21.16838264042747
374,2026-09-14T02:28:11.908+00:00,2026-09-14T02:33:05.328+00:00,2026-09-14T02:33:11.929+00:00,False,104,103.0,,103.0,293419.932134,300021.142758,300021.142575,2884.818678605769,0.0,293419.932134,28765.983864950358,90.43032844999999,64.08942353398058,66.80451292236229,0.3433091383265639,35,64,,False,False,Request timeout: 300.0s exceeded,293,21.16838264042747
375,2026-09-14T02:28:15.205+00:00,2026-09-14T02:33:09.235+00:00,2026-09-14T02:33:15.246+00:00,False,104,103.0,,103.0,294029.83573299996,300040.90850099997,300040.90849999996,2885.008735576923,0.0,294029.83573299996,28826.350015855427,89.1321693,58.35992978640777,66.15670674412668,0.3432865222098763,35,64,,False,False,Request timeout: 300.0s exceeded,444,21.16838264042747
376,2026-09-14T02:28:18.645+00:00,2026-09-14T02:33:12.474+00:00,2026-09-14T02:33:18.608+00:00,True,100,100.0,,100.0,293829.629419,299963.41732300003,299963.417337,2999.63417337,26.492184,293829.629419,29376.774604863625,90.8154364,61.957453575757576,20.96919782412583,0.33337398570946464,35,64,,False,True,,482,21.16838264042747
377,2026-09-14T02:28:22.271+00:00,2026-09-14T02:33:16.038+00:00,2026-09-14T02:33:22.358+00:00,False,95,94.0,,94.0,293767.337474,300086.538242,300086.53818,3158.8056650526314,0.02209,293767.337474,30133.00272239252,88.572228,67.22554008510639,20.704504255390876,0.3132429750120787,35,64,,False,False,Request timeout: 300.0s exceeded,394,21.16838264042747
378,2026-09-14T02:28:25.896+00:00,2026-09-14T02:33:19.215+00:00,2026-09-14T02:33:25.935+00:00,False,97,96.0,,96.0,293318.976793,300038.788889,300038.788874,3093.1833904536084,0.05006,293318.976793,29774.929110790526,90.150082,69.99804266666668,19.79332193294681,0.3199586305339854,35,64,,False,False,Request timeout: 300.0s exceeded,456,21.16838264042747
379,2026-09-14T02:28:30.711+00:00,2026-09-14T02:33:24.454+00:00,2026-09-14T02:33:30.786+00:00,False,98,97.0,,97.0,293743.58717199997,300075.538532,300075.53859199997,3061.995291755102,0.018789999999999998,293743.58717199997,29665.996225187333,88.17504885,65.27784907216494,20.603551874818855,0.3232519400766015,35,64,,False,False,Request timeout: 300.0s exceeded,496,21.16838264042747
380,2026-09-14T02:28:35.566+00:00,2026-09-14T02:33:29.332+00:00,2026-09-14T02:33:35.595+00:00,False,96,95.0,,95.0,293765.87011,300028.93673400005,300028.936684,3125.301423791667,0.020079,293765.87011,29975.631184451453,87.12329324999999,65.92701709473684,19.483279562463377,0.31663612528222634,35,64,,False,False,Request timeout: 300.0s exceeded,491,21.16838264042747
381,2026-09-14T02:28:38.276+00:00,2026-09-14T02:33:31.841+00:00,2026-09-14T02:33:38.291+00:00,False,99,98.0,,98.0,293565.542205,300015.09919700003,300015.099336,3030.455548848485,0.02147,293565.542205,29497.83914714571,87.48851489999998,65.81180604081634,19.478186862951382,0.32665022614628436,35,64,,False,False,Request timeout: 300.0s exceeded,450,21.16838264042747
382,2026-09-14T02:28:43.183+00:00,2026-09-14T02:33:36.931+00:00,2026-09-14T02:33:43.252+00:00,False,100,99.0,,99.0,293748.754253,300069.012813,300069.012685,3000.69012685,0.03545,293748.754253,29368.498788731868,89.08956795000002,63.84099555555555,21.04324218891689,0.32992410336516753,35,64,,False,False,Request timeout: 300.0s exceeded,442,21.16838264042747
383,2026-09-14T02:28:46.903+00:00,2026-09-14T02:33:40.164+00:00,2026-09-14T02:33:46.948+00:00,False,101,100.0,,100.0,293261.00671499997,300044.90226699994,300044.90220899996,2970.741606029703,0.02495,293261.00671499997,29173.817917567543,89.95938000000002,67.83895552,20.790322220039933,0.3332834493918958,35,64,,False,False,Request timeout: 300.0s exceeded,133,21.16838264042747
384,2026-09-14T02:28:50.108+00:00,2026-09-14T02:33:43.889+00:00,2026-09-14T02:33:50.152+00:00,False,97,96.0,,96.0,293781.22604900005,300044.28550500004,300044.28545200004,3093.240056206186,0.02502,293781.22604900005,29822.34662578838,88.0913998,65.24020266666666,20.003686881973852,0.3199527691001474,35,64,,False,False,Request timeout: 300.0s exceeded,371,21.16838264042747
385,2026-09-14T02:28:53.614+00:00,2026-09-14T02:33:47.372+00:00,2026-09-14T02:33:53.659+00:00,False,100,99.0,,99.0,293757.57023199997,300044.84703199996,300044.84711499995,3000.4484711499995,0.02093,293757.57023199997,29369.412565603092,86.44621294999999,63.50784646464647,19.376285608908603,0.32995067563830416,35,64,,False,False,Request timeout: 300.0s exceeded,524,21.16838264042747
386,2026-09-14T02:28:58.067+00:00,2026-09-14T02:33:51.782+00:00,2026-09-14T02:33:58.120+00:00,False,95,94.0,,94.0,293714.617736,300052.867464,300052.867391,3158.4512356947366,0.03807,293714.617736,30127.57233678254,87.400977,67.42818859574469,19.702796437159808,0.3132781259331841,35,64,,False,False,Request timeout: 300.0s exceeded,494,21.16838264042747
387,2026-09-14T02:29:02.080+00:00,2026-09-14T02:33:55.894+00:00,2026-09-14T02:34:02.156+00:00,False,93,92.0,,92.0,293814.231778,300076.245986,300076.245985,3226.626300913979,0.02203,293814.231778,30460.06456536386,88.603927,68.06537182608696,19.315753090767377,0.3065887461291829,35,64,,False,False,Request timeout: 300.0s exceeded,450,21.16838264042747
388,2026-09-14T02:29:06.030+00:00,2026-09-14T02:33:59.446+00:00,2026-09-14T02:34:06.039+00:00,False,102,101.0,,101.0,293415.77765299997,300009.41707699996,300009.41715999995,2941.268795686274,0.0,293415.77765299997,29046.101197887918,88.96575469999999,65.28355865346535,65.93784199176848,0.3366560989453124,35,64,,False,False,Request timeout: 300.0s exceeded,384,21.16838264042747
389,2026-09-14T02:29:09.082+00:00,2026-09-14T02:34:02.716+00:00,2026-09-14T02:34:09.093+00:00,False,98,97.0,,97.0,293633.302506,300011.013866,300011.013858,3061.3368761020406,0.0,293633.302506,29654.875439234256,89.75487550000001,65.74960164948453,66.76507703253816,0.32332146326909544,35,64,,False,False,Request timeout: 300.0s exceeded,455,21.16838264042747
390,2026-09-14T02:29:13.716+00:00,2026-09-14T02:34:07.599+00:00,2026-09-14T02:34:13.793+00:00,False,84,83.0,,83.0,293883.00240600004,300077.15869400004,300077.15886300005,3572.3471293214293,0.03836,293883.00240600004,32057.12774160959,90.72623865,74.6283890120482,19.70960820234728,0.2765955275011059,35,64,,False,False,Request timeout: 300.0s exceeded,339,21.16838264042747
391,2026-09-14T02:29:17.232+00:00,2026-09-14T02:34:11.023+00:00,2026-09-14T02:34:17.256+00:00,False,90,89.0,,89.0,293790.79463200003,300023.91284,300023.912858,3333.599031755556,0.034179,293790.79463200003,30960.892975215593,89.4221005,70.03503604494382,20.06477719008128,0.2966430214096397,35,64,,False,False,Request timeout: 300.0s exceeded,198,21.16838264042747
392,2026-09-14T02:29:20.272+00:00,2026-09-14T02:34:14.010+00:00,2026-09-14T02:34:20.302+00:00,False,93,92.0,,92.0,293737.372117,300029.682133,300029.68232799997,3226.1256164301076,0.042369,293737.372117,30452.06098606736,90.61772660000001,68.39467408695651,20.16107485629581,0.30663632793243895,35,64,,False,False,Request timeout: 300.0s exceeded,378,21.16838264042747
393,2026-09-14T02:29:25.068+00:00,2026-09-14T02:34:18.785+00:00,2026-09-14T02:34:25.074+00:00,False,93,92.0,,92.0,293717.174403,300006.016899,300006.017033,3225.871150892473,0.02647,293717.174403,30449.970512408054,88.52216700000001,68.35698365217391,20.195977012839265,0.3066605161821562,35,64,,False,False,Request timeout: 300.0s exceeded,522,21.16838264042747
394,2026-09-14T02:29:27.995+00:00,2026-09-14T02:34:21.756+00:00,2026-09-14T02:34:28.015+00:00,False,90,89.0,,89.0,293761.682952,300020.130824,300020.130926,3333.5570102888887,0.0212,293761.682952,30957.794216669277,90.21666845,70.31963901123595,19.878563289304743,0.2966467608542236,35,64,,False,False,Request timeout: 300.0s exceeded,399,21.16838264042747
395,2026-09-14T02:29:31.724+00:00,2026-09-14T02:34:25.759+00:00,2026-09-14T02:34:31.760+00:00,False,88,87.0,,87.0,294034.96772799996,300036.490672,300036.490465,3409.5055734659086,0.0237,294034.96772799996,31336.88564613733,88.30464984999999,68.98302234482759,20.118940843410392,0.28996472997382317,35,64,,False,False,Request timeout: 300.0s exceeded,424,21.16838264042747
396,2026-09-14T02:29:35.263+00:00,2026-09-14T02:34:28.807+00:00,2026-09-14T02:34:35.328+00:00,False,99,98.0,,98.0,293544.52201599994,300065.61155199993,300065.61153699993,3030.9657731010097,0.03575,293544.52201599994,29495.653726547083,88.174123,66.54172995918367,20.298342186265085,0.32659523859839923,35,64,,False,False,Request timeout: 300.0s exceeded,479,21.16838264042747
397,2026-09-14T02:29:38.201+00:00,2026-09-14T02:34:31.924+00:00,2026-09-14T02:34:38.243+00:00,False,94,93.0,,93.0,293722.56548299995,300042.074475,300042.07428899995,3191.936960521276,0.027960000000000002,293722.56548299995,30288.167298420576,88.03039829999997,67.95170959139786,19.99265036754418,0.3099565291392122,35,64,,False,False,Request timeout: 300.0s exceeded,318,21.16838264042747
398,2026-09-14T02:29:41.299+00:00,2026-09-14T02:34:35.162+00:00,2026-09-14T02:34:41.325+00:00,False,88,87.0,,87.0,293863.03833,300025.191546,300025.191538,3409.3771765681818,0.02042,293863.03833,31318.36084104307,89.47034085,70.82934731034483,19.714389604921024,0.2899756502168956,35,64,,False,False,Request timeout: 300.0s exceeded,416,21.16838264042747
399,2026-09-14T02:29:45.060+00:00,2026-09-14T02:34:38.869+00:00,2026-09-14T02:34:45.118+00:00,False,93,92.0,,92.0,293808.87335799995,300057.79239799996,300057.7926229999,3226.427877666666,0.03442,293808.87335799995,30459.523963997028,87.73607299999999,67.92303304347827,19.759008261333303,0.3066076013715724,35,64,,False,False,Request timeout: 300.0s exceeded,316,21.16838264042747
400,2026-09-14T02:29:48.895+00:00,2026-09-14T02:34:43.150+00:00,2026-09-14T02:34:48.973+00:00,False,91,90.0,,90.0,294254.279222,300077.208886,300077.208925,3297.5517464285713,0.02188,294254.279222,30839.453974157608,87.839815,64.69921848888889,19.964308600007268,0.2999228109795943,35,64,,False,False,Request timeout: 300.0s exceeded,476,21.16838264042747
401,2026-09-14T02:29:52.611+00:00,2026-09-14T02:34:46.415+00:00,2026-09-14T02:34:52.620+00:00,False,97,96.0,,96.0,293803.677576,300008.63296799996,300008.632893,3092.8725040515465,0.02257,293803.677576,29824.687615649378,86.22693959999998,64.634952,19.89685231999818,0.3199907917657813,35,64,,True,False,Request timeout: 300.0s exceeded,469,21.16838264042747
402,2026-09-14T02:29:55.384+00:00,2026-09-14T02:34:49.222+00:00,2026-09-14T02:34:55.461+00:00,False,92,91.0,,91.0,293838.028736,300076.851648,300076.851682,3261.7049095869565,0.037899999999999996,293838.028736,30627.590494071963,88.04854005000001,68.55849353846153,19.303610364372616,0.3032556476790352,35,64,,True,False,Request timeout: 300.0s exceeded,444,21.16838264042747
403,2026-09-14T02:29:59.567+00:00,2026-09-14T02:34:53.269+00:00,2026-09-14T02:34:59.613+00:00,False,93,92.0,,92.0,293702.13976700004,300046.10469500005,300046.104731,3226.3022014086027,0.035489,293702.13976700004,30448.348902394766,88.23548779999999,68.95614052173913,19.47958337900229,0.30661954466470726,35,64,,True,False,Request timeout: 300.0s exceeded,441,21.16838264042747
404,2026-09-14T02:30:04.071+00:00,2026-09-14T02:34:57.687+00:00,2026-09-14T02:35:04.123+00:00,False,100,99.0,,99.0,293615.21068699996,300051.57036699995,300051.57038499997,3000.5157038499997,0.033350000000000005,293615.21068699996,29355.026614835482,88.49306155000002,65.01373414141415,20.258155525828734,0.3299432823461341,35,64,,True,False,Request timeout: 300.0s exceeded,476,21.16838264042747
405,2026-09-14T02:30:07.835+00:00,2026-09-14T02:35:01.600+00:00,2026-09-14T02:35:07.846+00:00,False,92,91.0,,91.0,293765.160422,300011.168998,300011.16900299996,3260.990967423913,0.019289999999999998,293765.160422,30619.98554578622,88.43390555,68.63745687912089,19.825158964880504,0.3033220406557819,35,64,,True,False,Request timeout: 300.0s exceeded,297,21.16838264042747
406,2026-09-14T02:30:11.515+00:00,2026-09-14T02:35:05.322+00:00,2026-09-14T02:35:11.549+00:00,False,94,93.0,,93.0,293807.481318,300034.142694,300034.14275,3191.8525824468084,0.0207,293807.481318,30297.028979712304,88.58965529999999,66.95334812903226,20.463064388694992,0.30996472323101315,35,64,,True,False,Request timeout: 300.0s exceeded,448,21.16838264042747
407,2026-09-14T02:30:16.432+00:00,2026-09-14T02:35:10.044+00:00,2026-09-14T02:35:16.466+00:00,False,97,96.0,,96.0,293611.920404,300033.81531599996,300033.815364,3093.1321171546388,0.01924,293611.920404,29804.98872955087,89.97444580000001,66.89473866666667,20.70862345986951,0.31996393439483284,35,64,,True,False,Request timeout: 300.0s exceeded,226,21.16838264042747
408,2026-09-14T02:30:19.418+00:00,2026-09-14T02:35:12.845+00:00,2026-09-14T02:35:19.451+00:00,False,98,97.0,,97.0,293427.659297,300033.60694499995,300033.60703799996,3061.5674187551017,0.02061,293427.659297,29633.797482420556,90.36240520000001,68.10255307216495,20.780763593575657,0.32329711657194904,35,64,,True,False,Request timeout: 300.0s exceeded,409,21.16838264042747
409,2026-09-14T02:30:23.870+00:00,2026-09-14T02:35:17.240+00:00,2026-09-14T02:35:23.895+00:00,False,95,94.0,,94.0,293369.837263,300025.056975,300025.05691100005,3158.1584938,0.03896,293369.837263,30091.85227304299,88.33445499999999,70.80020970212766,19.108670301736687,0.3133071649006725,35,64,,True,False,Request timeout: 300.0s exceeded,438,21.16838264042747
410,2026-09-14T02:30:26.712+00:00,2026-09-14T02:35:20.565+00:00,2026-09-14T02:35:26.761+00:00,False,88,87.0,,87.0,293853.306796,300049.446572,300049.446703,3409.6528034431817,0.03712,293853.306796,31317.282789635905,89.75692935,71.21999742528735,21.226473853818224,0.2899522095239841,35,64,,True,False,Request timeout: 300.0s exceeded,442,21.16838264042747
411,2026-09-14T02:30:29.518+00:00,2026-09-14T02:35:23.180+00:00,2026-09-14T02:35:29.568+00:00,False,95,94.0,,94.0,293662.279232,300049.601344,300049.601206,3158.4168548,0.0258,293662.279232,30122.150440141104,88.61149970000001,67.95023523404255,21.8708034155348,0.3132815360492052,35,64,,True,False,Request timeout: 300.0s exceeded,461,21.16838264042747
412,2026-09-14T02:30:32.338+00:00,2026-09-14T02:35:26.056+00:00,2026-09-14T02:35:32.382+00:00,False,93,92.0,,92.0,293717.824069,300043.97626100003,300043.976021,3226.2793120537635,0.0367,293717.824069,30449.99534863349,87.737595,68.76252382608695,19.452361405638218,0.30662171974408087,35,64,,True,False,Request timeout: 300.0s exceeded,372,21.16838264042747
413,2026-09-14T02:30:37.212+00:00,2026-09-14T02:35:30.766+00:00,2026-09-14T02:35:37.248+00:00,False,96,95.0,,95.0,293553.85125999997,300035.427452,300035.42745499994,3125.369035989583,0.0195,293553.85125999997,29953.75732399831,87.5651375,68.22711781052631,19.438709626483046,0.3166292754384754,35,64,,True,False,Request timeout: 300.0s exceeded,467,21.16838264042747
414,2026-09-14T02:30:41.078+00:00,2026-09-14T02:35:34.450+00:00,2026-09-14T02:35:41.133+00:00,False,100,99.0,,99.0,293372.455496,300054.73876000004,300054.738578,3000.5473857800002,0.02113,293372.455496,29330.502429004842,87.71293895000001,67.49781074747474,19.866700829211705,0.3299397983485458,35,64,,True,False,Request timeout: 300.0s exceeded,423,21.16838264042747
415,2026-09-14T02:30:44.566+00:00,2026-09-14T02:35:38.263+00:00,2026-09-14T02:35:44.613+00:00,False,94,93.0,,93.0,293697.324085,300047.30910899997,300047.30914699996,3191.9926505,0.01941,293697.324085,30285.5305398968,89.28707115000002,68.27940886021506,20.732626453478257,0.309951121628674,35,64,,True,False,Request timeout: 300.0s exceeded,409,21.16838264042747
416,2026-09-14T02:30:48.786+00:00,2026-09-14T02:35:42.359+00:00,2026-09-14T02:35:48.844+00:00,False,94,93.0,,93.0,293572.14191299997,300057.127001,300057.127091,3192.0970967127655,0.023100000000000002,293572.14191299997,30272.46911764397,89.77350929999999,69.7310224516129,20.513708117339235,0.30994098000441783,35,64,,True,False,Request timeout: 300.0s exceeded,388,21.16838264042747
417,2026-09-14T02:30:53.585+00:00,2026-09-14T02:35:47.006+00:00,2026-09-14T02:35:53.651+00:00,False,99,98.0,,98.0,293420.821918,300065.659806,300065.659809,3030.9662606969696,0.0359,293420.821918,29483.094161557434,89.1102168,67.80446824489796,19.807680913772355,0.3265951860781386,35,64,,True,False,Request timeout: 300.0s exceeded,146,21.16838264042747
418,2026-09-14T02:30:56.652+00:00,2026-09-14T02:35:50.610+00:00,2026-09-14T02:35:56.695+00:00,False,88,87.0,,87.0,293957.80796899996,300043.45251299994,300043.45251,3409.584687613636,0.02091,293957.80796899996,31328.556667410183,87.73758255000001,69.94993728735632,19.069630537384633,0.2899580019871641,35,64,,True,False,Request timeout: 300.0s exceeded,384,21.16838264042747
419,2026-09-14T02:31:00.147+00:00,2026-09-14T02:35:54.251+00:00,2026-09-14T02:36:00.220+00:00,False,88,87.0,,87.0,294103.880916,300072.95074,300072.950882,3409.9198963863637,0.036109999999999996,294103.880916,31344.271838930756,91.35614885000001,68.60999797701149,20.524128777702593,0.2899294980952204,35,64,,True,False,Request timeout: 300.0s exceeded,420,21.16838264042747
420,2026-09-14T02:31:03.168+00:00,2026-09-14T02:35:57.164+00:00,2026-09-14T02:36:03.228+00:00,False,91,90.0,,90.0,293995.790217,300059.357577,300059.357525,3297.355577197802,0.02479,293995.790217,30812.077152478483,89.45875649999998,67.37297066666667,20.682378065815588,0.2999406541650832,35,64,,True,False,Request timeout: 300.0s exceeded,229,21.16838264042747
421,2026-09-14T02:31:05.909+00:00,2026-09-14T02:35:59.921+00:00,2026-09-14T02:36:05.998+00:00,False,88,87.0,,87.0,294011.255008,300088.364512,300088.364638,3410.0950527045457,0.03721,294011.255008,31334.26579634031,89.693783,69.85183337931034,20.96774558191639,0.2899146061243605,35,64,,True,False,Request timeout: 300.0s exceeded,274,21.16838264042747
422,2026-09-14T02:31:10.192+00:00,2026-09-14T02:36:04.227+00:00,2026-09-14T02:36:10.236+00:00,False,86,85.0,,85.0,294034.063906,300043.301154,300043.301138,3488.875594627907,0.03288,294034.063906,31698.891437034876,90.436274,70.6969088,20.188924042681947,0.28329244370089424,35,64,,True,False,Request timeout: 300.0s exceeded,392,21.16838264042747
423,2026-09-14T02:31:13.994+00:00,2026-09-14T02:36:07.564+00:00,2026-09-14T02:36:14.033+00:00,False,95,94.0,,94.0,293569.91079,300038.666502,300038.666472,3158.301752336842,0.02438,293569.91079,30112.582951113487,88.0597964,68.81655012765957,19.191803491988182,0.31329295352461983,35,64,,True,False,Request timeout: 300.0s exceeded,439,21.16838264042747
424,2026-09-14T02:31:17.402+00:00,2026-09-14T02:36:11.270+00:00,2026-09-14T02:36:17.458+00:00,False,90,89.0,,89.0,293868.94441299996,300056.898589,300056.89869799995,3333.9655410888886,0.03571,293868.94441299996,30969.183491308264,87.57292635,69.52757501123595,18.968080590363815,0.29661041095378005,35,64,,True,False,Request timeout: 300.0s exceeded,299,21.16838264042747
425,2026-09-14T02:31:22.113+00:00,2026-09-14T02:36:16.103+00:00,2026-09-14T02:36:22.174+00:00,False,88,87.0,,87.0,293990.345682,300061.04981,300061.049893,3409.784657875,0.028759,293990.345682,31332.043864850104,89.1112055,69.77820836781609,19.658840428694806,0.289940997190701,35,64,,True,False,Request timeout: 300.0s exceeded,460,21.16838264042747
426,2026-09-14T02:31:25.013+00:00,2026-09-14T02:36:18.718+00:00,2026-09-14T02:36:25.105+00:00,False,97,96.0,,96.0,293705.176407,300091.536215,300091.536362,3093.727178989691,0.03459,293705.176407,29814.494642798898,87.7996768,66.52458133333333,20.147192008510775,0.319902391153148,35,64,,True,False,Request timeout: 300.0s exceeded,365,21.16838264042747
427,2026-09-14T02:31:28.354+00:00,2026-09-14T02:36:22.172+00:00,2026-09-14T02:36:28.395+00:00,False,93,92.0,,92.0,293817.309994,300040.92753,300040.927633,3226.2465336881723,0.03608,293817.309994,30460.42759051181,88.34614419999998,67.64801669565217,20.17587033982294,0.30662483534284257,35,64,,True,False,Request timeout: 300.0s exceeded,484,21.16838264042747
428,2026-09-14T02:31:33.094+00:00,2026-09-14T02:36:26.869+00:00,2026-09-14T02:36:33.136+00:00,False,88,87.0,,87.0,293774.935848,300041.095208,300041.095119,3409.557899079545,0.02075,293774.935848,31308.84081437198,88.46665285,72.02482022988505,18.324464576728673,0.2899602800732622,35,64,,True,False,Request timeout: 300.0s exceeded,461,21.16838264042747
429,2026-09-14T02:31:35.833+00:00,2026-09-14T02:36:29.583+00:00,2026-09-14T02:36:35.858+00:00,False,90,89.0,,89.0,293749.856416,300025.53206399997,300025.53195699997,3333.617021744444,0.03704,293749.856416,30956.52737277101,87.9813659,70.51320952808987,20.169499558260966,0.2966414204408942,35,64,,True,False,Request timeout: 300.0s exceeded,470,21.16838264042747
430,2026-09-14T02:31:38.524+00:00,2026-09-14T02:36:32.296+00:00,2026-09-14T02:36:38.619+00:00,False,92,91.0,,91.0,293772.125683,300094.625779,300094.62575500004,3261.898106032609,0.021670000000000002,293772.125683,30620.6244443046,88.7865195,69.47802303296703,20.37209838840924,0.3032376863256976,35,64,,True,False,Request timeout: 300.0s exceeded,443,21.16838264042747
431,2026-09-14T02:31:42.360+00:00,2026-09-14T02:36:36.114+00:00,2026-09-14T02:36:42.407+00:00,False,94,93.0,,93.0,293753.336397,300046.415693,300046.41572,3191.983145957447,0.043609999999999996,293753.336397,30291.370845903806,89.70544415,67.66751931182796,20.6836495310075,0.3099520445368535,35,64,,True,False,Request timeout: 300.0s exceeded,450,21.16838264042747
432,2026-09-14T02:31:46.292+00:00,2026-09-14T02:36:39.927+00:00,2026-09-14T02:36:46.377+00:00,False,92,91.0,,91.0,293634.533652,300084.787988,300084.78817200003,3261.7911757826087,0.022719999999999997,293634.533652,30606.1337356525,91.42262460000002,70.88191578021979,21.28614201082717,0.30324762747933415,35,64,,True,False,Request timeout: 300.0s exceeded,458,21.16838264042747
433,2026-09-14T02:31:50.440+00:00,2026-09-14T02:36:44.230+00:00,2026-09-14T02:36:50.449+00:00,False,92,91.0,,91.0,293790.089027,300008.351043,300008.350918,3260.9603360652177,0.02382,293790.089027,30622.617002035335,89.70782905,68.33254962637363,20.861846652774037,0.30332488973600946,35,64,,True,False,Request timeout: 300.0s exceeded,178,21.16838264042747
434,2026-09-14T02:31:55.277+00:00,2026-09-14T02:36:49.021+00:00,2026-09-14T02:36:55.311+00:00,False,92,91.0,,91.0,293743.239122,300033.27637,300033.276421,3261.2312654456523,0.0364,293743.239122,30617.649659280356,88.57271955,69.12128843956044,19.839988325605646,0.3032996909575428,35,64,,True,False,Request timeout: 300.0s exceeded,396,21.16838264042747
435,2026-09-14T02:31:59.428+00:00,2026-09-14T02:36:52.985+00:00,2026-09-14T02:36:59.439+00:00,False,91,90.0,,90.0,293556.75137,300010.962186,300010.962262,3296.823761120879,0.038939999999999995,293556.75137,30765.597575985736,90.97184800000001,71.71345351111111,19.435563699469572,0.2999890382145504,35,64,,True,False,Request timeout: 300.0s exceeded,440,21.16838264042747
436,2026-09-14T02:32:02.880+00:00,2026-09-14T02:36:56.546+00:00,2026-09-14T02:37:02.907+00:00,False,91,90.0,,90.0,293665.89366500004,300026.34985700005,300026.349754,3296.9928544395607,0.03463,293665.89366500004,30777.14851144705,89.00631749999998,70.67173546666668,20.242728321048318,0.2999736524571799,35,64,,True,False,Request timeout: 300.0s exceeded,149,21.16838264042747
437,2026-09-14T02:32:05.715+00:00,2026-09-14T02:36:59.391+00:00,2026-09-14T02:37:05.725+00:00,False,99,98.0,,98.0,293675.792037,300010.194853,300010.194721,3030.4060072828283,0.02133,293675.792037,29509.038327433835,89.11111190000001,64.63676342857143,20.318967027571905,0.326655565981744,35,64,,True,False,Request timeout: 300.0s exceeded,457,21.16838264042747
438,2026-09-14T02:32:09.482+00:00,2026-09-14T02:37:03.239+00:00,2026-09-14T02:37:09.519+00:00,False,105,104.0,,104.0,293757.25668800005,300036.609264,300036.60946800007,2857.491518742858,0.0,293757.25668800005,28661.894778141377,89.5579134,60.378390153846155,28.752259130637352,0.34662436779003575,35,64,,True,False,Request timeout: 300.0s exceeded,531,21.16838264042747
439,2026-09-14T02:32:13.036+00:00,2026-09-14T02:37:07.187+00:00,2026-09-14T02:37:13.088+00:00,False,91,90.0,,90.0,294151.35931,300052.03694200004,300052.03701900004,3297.2751320769235,0.0,294151.35931,30828.575887613144,87.46963050000001,65.5630848,22.05270637939564,0.29994797208257906,35,64,,True,False,Request timeout: 300.0s exceeded,475,21.16838264042747
440,2026-09-14T02:32:17.225+00:00,2026-09-14T02:37:10.672+00:00,2026-09-14T02:37:17.258+00:00,False,102,101.0,,101.0,293446.47288200003,300033.015986,300033.015903,2941.500155911765,0.04168,293446.47288200003,29049.080168956854,87.61824849999999,65.21329805940594,20.027715806245403,0.33662961947065456,35,64,,True,False,Request timeout: 300.0s exceeded,532,21.16838264042747
441,2026-09-14T02:32:21.594+00:00,2026-09-14T02:37:15.600+00:00,2026-09-14T02:37:21.636+00:00,False,93,92.0,,92.0,294006.417973,300042.341173,300042.341058,3226.2617318064513,0.02161,294006.417973,30480.248905242323,88.70344139999999,65.60786086956522,20.449737148190696,0.30662339068656363,35,64,,True,False,Request timeout: 300.0s exceeded,441,21.16838264042747
442,2026-09-14T02:32:26.347+00:00,2026-09-14T02:37:19.871+00:00,2026-09-14T02:37:26.402+00:00,False,100,99.0,,99.0,293523.071498,300054.455306,300054.455457,3000.54455457,0.03848,293523.071498,29345.716674542597,88.96732699999998,65.97357381818182,20.200319682209336,0.329940110034488,35,64,,True,False,Request timeout: 300.0s exceeded,512,21.16838264042747
443,2026-09-14T02:32:31.251+00:00,2026-09-14T02:37:24.803+00:00,2026-09-14T02:37:31.260+00:00,False,95,94.0,,94.0,293552.473371,300009.088795,300009.088758,3157.990407978947,0.03663,293552.473371,30110.80734565646,87.8724897,68.68739812765958,19.48282199190534,0.3133238408794721,35,64,,True,False,Request timeout: 300.0s exceeded,439,21.16838264042747
444,2026-09-14T02:32:33.951+00:00,2026-09-14T02:37:27.769+00:00,2026-09-14T02:37:34.021+00:00,False,90,89.0,,89.0,293818.00744099997,300070.34126499994,300070.34134999994,3334.1149038888884,0.0252,293818.00744099997,30963.738032919944,88.81693395,70.25094184269662,18.998457468047157,0.29659712327717785,35,64,,True,False,Request timeout: 300.0s exceeded,443,21.16838264042747
445,2026-09-14T02:32:38.341+00:00,2026-09-14T02:37:31.746+00:00,2026-09-14T02:37:38.398+00:00,False,99,98.0,,98.0,293404.85832400003,300057.65755600005,300057.657651,3030.885430818182,0.036338999999999996,293404.85832400003,29481.4811544921,88.0571818,67.88570644897959,19.133016225371275,0.32660389605857726,35,64,,True,False,Request timeout: 300.0s exceeded,523,21.16838264042747
446,2026-09-14T02:32:41.352+00:00,2026-09-14T02:37:34.961+00:00,2026-09-14T02:37:41.401+00:00,False,97,96.0,,96.0,293609.879833,300049.047833,300049.047917,3093.2891537835053,0.028169,293609.879833,29804.76291580661,88.44522339999999,67.07466666666666,20.183843769227888,0.31994769086363256,35,64,,True,False,Request timeout: 300.0s exceeded,457,21.16838264042747
447,2026-09-14T02:32:44.756+00:00,2026-09-14T02:37:38.608+00:00,2026-09-14T02:37:44.811+00:00,False,89,88.0,,88.0,293852.463704,300054.960984,300054.961053,3371.404056775281,0.037509999999999995,293852.463704,31140.833518801723,88.02251480000001,70.48292363636364,19.177157259780675,0.29327960354800625,35,64,,True,False,Request timeout: 300.0s exceeded,488,21.16838264042747
448,2026-09-14T02:32:49.071+00:00,2026-09-14T02:37:42.908+00:00,2026-09-14T02:37:49.111+00:00,False,91,90.0,,90.0,293837.116334,300039.99147,300039.99158200005,3297.1427646373627,0.03533,293837.116334,30795.27997433687,87.2630255,68.92083484444444,18.490000217136036,0.2999600138603483,35,64,,True,False,Request timeout: 300.0s exceeded,244,21.16838264042747
449,2026-09-14T02:32:53.486+00:00,2026-09-14T02:37:46.964+00:00,2026-09-14T02:37:53.555+00:00,False,98,97.0,,97.0,293477.80825999996,300069.14726799994,300069.147249,3061.930073969387,0.04022,293477.80825999996,29638.877934056512,88.8334855,67.95194853608248,19.941105959322012,0.32325882511795406,35,64,,True,False,Request timeout: 300.0s exceeded,449,21.16838264042747
450,2026-09-14T02:32:57.684+00:00,2026-09-14T02:37:51.364+00:00,2026-09-14T02:37:57.756+00:00,False,91,90.0,,90.0,293679.949151,300071.252063,300071.251981,3297.4862855054944,0.0217,293679.949151,30778.586056482745,91.01776799999999,71.0144768,20.33343849752018,0.29992876485583664,35,64,,True,False,Request timeout: 300.0s exceeded,423,21.16838264042747
451,2026-09-14T02:33:02.387+00:00,2026-09-14T02:37:56.096+00:00,2026-09-14T02:38:02.419+00:00,False,92,91.0,,91.0,293709.23026700004,300031.81765900005,300031.817502,3261.215407630435,0.04134,293709.23026700004,30614.067104164595,91.21852855000002,69.47898232967033,20.461071637643414,0.3033011655564667,35,64,,True,False,Request timeout: 300.0s exceeded,474,21.16838264042747
452,2026-09-14T02:33:06.711+00:00,2026-09-14T02:38:00.435+00:00,2026-09-14T02:38:06.735+00:00,False,93,92.0,,92.0,293724.451522,300024.516802,300024.51688400004,3226.0700740215057,0.019579999999999997,293724.451522,30450.7126852429,89.4318232,68.47897043478261,20.529041092145913,0.30664160709477967,35,64,,True,False,Request timeout: 300.0s exceeded,447,21.16838264042747
453,2026-09-14T02:33:10.828+00:00,2026-09-14T02:38:04.272+00:00,2026-09-14T02:38:12.792+00:00,False,83,82.0,,82.0,293443.825052,301963.70038,301963.700359,3638.116871795181,0.02935,293443.825052,32199.908160360384,90.4498262,103.90091863414635,329.80657280535473,0.27155581911603544,35,64,,True,False,Request timeout: 300.0s exceeded,264,21.16838264042747
454,2026-09-14T02:33:15.473+00:00,2026-09-14T02:38:08.889+00:00,2026-09-14T02:38:15.532+00:00,False,110,109.0,,109.0,293416.169717,300058.766581,300058.766547,2727.8069686090907,0.015189999999999999,293416.169717,27971.883458358745,88.22564595,60.941255633027524,296.76860837571854,0.3632621744133437,35,64,,True,False,Request timeout: 300.0s exceeded,550,21.16838264042747
455,2026-09-14T02:33:19.562+00:00,2026-09-14T02:38:14.039+00:00,2026-09-14T02:38:19.598+00:00,False,86,85.0,,85.0,294476.82308600005,300036.29649400007,300036.296703,3488.7941477093027,0.03367,294476.82308600005,31747.20557881502,86.25351575,65.40556950588235,19.57769633344185,0.2832990574582025,35,64,,True,False,Request timeout: 300.0s exceeded,382,21.16838264042747
456,2026-09-14T02:33:23.374+00:00,2026-09-14T02:38:16.845+00:00,2026-09-14T02:38:23.400+00:00,False,97,96.0,,96.0,293471.617576,300025.92285599996,300025.922792,3093.0507504329894,0.023789,293471.617576,29790.60239784907,88.808652,68.27401333333333,19.66884467031324,0.31997235134270724,35,64,,True,False,Request timeout: 300.0s exceeded,505,21.16838264042747
457,2026-09-14T02:33:27.686+00:00,2026-09-14T02:38:21.273+00:00,2026-09-14T02:38:27.723+00:00,False,99,98.0,,98.0,293587.736599,300037.526551,300037.526657,3030.6820874444443,0.02367,293587.736599,29500.069954356703,87.91230800000001,65.81418318367348,20.119523792454856,0.3266258095330021,35,64,,True,False,Request timeout: 300.0s exceeded,161,21.16838264042747
458,2026-09-14T02:33:31.156+00:00,2026-09-14T02:38:24.753+00:00,2026-09-14T02:38:31.168+00:00,False,101,100.0,,100.0,293596.550588,300011.53554799996,300011.535759,2970.4112451386136,0.02032,293596.550588,29207.57227176456,88.88102199999999,64.1498496,19.95017600956176,0.3333205165506065,35,64,,True,False,Request timeout: 300.0s exceeded,506,21.16838264042747
459,2026-09-14T02:33:35.218+00:00,2026-09-14T02:38:28.950+00:00,2026-09-14T02:38:35.269+00:00,False,95,94.0,,94.0,293731.80823100003,300051.02026300004,300051.020223,3158.431791821053,0.03732,293731.80823100003,30129.35727030575,90.1516247,67.22565991489361,20.38252380390039,0.3132800545640782,35,64,,True,False,Request timeout: 300.0s exceeded,357,21.16838264042747
460,2026-09-14T02:33:39.129+00:00,2026-09-14T02:38:32.737+00:00,2026-09-14T02:38:39.136+00:00,False,91,90.0,,90.0,293607.793781,300007.004021,300007.004055,3296.7802643406594,0.03478,293607.793781,30771.012721984534,89.676506,71.102336,20.043951228140088,0.29999299614251723,35,64,,True,False,Request timeout: 300.0s exceeded,493,21.16838264042747
461,2026-09-14T02:33:42.595+00:00,2026-09-14T02:38:36.220+00:00,2026-09-14T02:38:42.642+00:00,False,96,95.0,,95.0,293625.628572,300047.125916,300047.126038,3125.490896229167,0.040350000000000004,293625.628572,29961.148573112594,88.62427550000001,67.59470888421053,20.887303610972484,0.3166169304571037,35,64,,True,False,Request timeout: 300.0s exceeded,374,21.16838264042747
462,2026-09-14T02:33:47.536+00:00,2026-09-14T02:38:40.853+00:00,2026-09-14T02:38:47.592+00:00,False,105,104.0,,104.0,293316.22631199996,300055.20999199996,300055.20991,2857.668665809523,0.02191,293316.22631199996,28618.41590491829,85.6857832,64.79792,19.92403357108394,0.3466028801925247,35,64,,True,False,Request timeout: 300.0s exceeded,486,21.16838264042747
463,2026-09-14T02:33:51.087+00:00,2026-09-14T02:38:44.866+00:00,2026-09-14T02:38:51.102+00:00,False,97,96.0,,96.0,293779.193455,300015.345519,300015.345472,3092.941705896907,0.03496,293779.193455,29822.16873727889,87.71841339999999,64.95991733333334,20.051023421176314,0.31998363228363697,35,64,,True,False,Request timeout: 300.0s exceeded,422,21.16838264042747
464,2026-09-14T02:33:54.036+00:00,2026-09-14T02:38:47.508+00:00,2026-09-14T02:38:54.116+00:00,False,99,98.0,,98.0,293472.002922,300079.401578,300079.401686,3031.1050675353536,0.03805,293472.002922,29488.276489584605,88.59459570000001,67.42243526530612,19.881382780196326,0.32658023004796866,35,64,,True,False,Request timeout: 300.0s exceeded,384,21.16838264042747
465,2026-09-14T02:33:58.666+00:00,2026-09-14T02:38:52.103+00:00,2026-09-14T02:38:58.711+00:00,False,99,98.0,,98.0,293436.719074,300044.19197000004,300044.192048,3030.749414626263,0.036270000000000004,293436.719074,29484.730021026266,87.59859990000001,67.42319281632653,19.529002860693733,0.32661855360892483,35,64,,True,False,Request timeout: 300.0s exceeded,369,21.16838264042747
466,2026-09-14T02:34:01.837+00:00,2026-09-14T02:38:55.625+00:00,2026-09-14T02:39:01.886+00:00,False,93,92.0,,92.0,293787.48226200003,300048.605334,300048.605288,3226.32908911828,0.023309999999999997,293787.48226200003,30457.291900657332,86.83417320000001,68.05568556521739,19.515384912211523,0.30661698926275605,35,64,,True,False,Request timeout: 300.0s exceeded,487,21.16838264042747
467,2026-09-14T02:34:05.164+00:00,2026-09-14T02:38:58.792+00:00,2026-09-14T02:39:05.170+00:00,False,94,93.0,,93.0,293628.04042699997,300005.774315,300005.77429699997,3191.550790393617,0.03961,293628.04042699997,30278.353633056136,88.45313915000001,68.57778374193548,20.629219216986478,0.3099940333226783,35,64,,True,False,Request timeout: 300.0s exceeded,407,21.16838264042747
468,2026-09-14T02:34:08.053+00:00,2026-09-14T02:39:02.022+00:00,2026-09-14T02:39:08.076+00:00,False,94,93.0,,93.0,293969.044897,300022.817697,300022.81775,3191.7321037234046,0.03487,293969.044897,30313.884646799506,88.58374329999998,65.0943311827957,20.338602876615738,0.3099764235063043,35,64,,True,False,Request timeout: 300.0s exceeded,420,21.16838264042747
469,2026-09-14T02:34:11.164+00:00,2026-09-14T02:39:04.632+00:00,2026-09-14T02:39:11.225+00:00,False,101,100.0,,100.0,293468.772661,300061.782581,300061.78245600004,2970.908737188119,0.0368,293468.772661,29194.68130295585,90.162,65.9300992,20.74479509821159,0.3332647001555607,35,64,,True,False,Request timeout: 300.0s exceeded,455,21.16838264042747
470,2026-09-14T02:34:15.638+00:00,2026-09-14T02:39:09.147+00:00,2026-09-14T02:39:15.702+00:00,False,99,98.0,,98.0,293508.553296,300063.057744,300063.057704,3030.9399768080807,0.037469999999999996,293508.553296,29492.004385853612,88.3048629,66.8826984489796,20.179720491370368,0.3265980182192541,35,64,,True,False,Request timeout: 300.0s exceeded,450,21.16838264042747
471,2026-09-14T02:34:19.960+00:00,2026-09-14T02:39:13.389+00:00,2026-09-14T02:39:19.983+00:00,False,97,96.0,,96.0,293428.653352,300022.848552,300022.848546,3093.019057175258,0.0241,293428.653352,29786.197790268645,87.61349700000001,68.68953333333333,19.572511777478915,0.3199756300672589,35,64,,True,False,Request timeout: 300.0s exceeded,422,21.16838264042747
472,2026-09-14T02:34:24.108+00:00,2026-09-14T02:39:18.021+00:00,2026-09-14T02:39:24.122+00:00,False,88,87.0,,87.0,293912.91439999995,300013.090528,300013.09039599996,3409.2396635909085,0.02308,293912.91439999995,31323.753499000242,87.97507465000001,70.11696698850575,19.572349747880274,0.28998734637507545,35,64,,True,False,Request timeout: 300.0s exceeded,364,21.16838264042747
473,2026-09-14T02:34:28.028+00:00,2026-09-14T02:39:21.547+00:00,2026-09-14T02:39:28.046+00:00,False,96,95.0,,95.0,293519.747578,300018.577658,300018.577795,3125.1935186979167,0.05043,293519.747578,29950.258418391237,88.72894249999999,68.40873768421052,19.93500070273306,0.3166470581308245,35,64,,True,False,Request timeout: 300.0s exceeded,469,21.16838264042747
474,2026-09-14T02:34:32.393+00:00,2026-09-14T02:39:26.256+00:00,2026-09-14T02:39:32.422+00:00,False,92,91.0,,91.0,293862.446093,300028.488973,300028.489141,3261.1792297934785,0.036,293862.446093,30630.220213612265,87.24287349999999,67.75871296703296,20.322576588901462,0.30330453055139445,35,64,,True,False,Request timeout: 300.0s exceeded,388,21.16838264042747
475,2026-09-14T02:34:35.311+00:00,2026-09-14T02:39:28.378+00:00,2026-09-14T02:39:35.366+00:00,False,114,113.0,,113.0,293066.950441,300055.764777,300055.764751,2632.0681118508774,0.03571,293066.950441,27442.44936163914,88.4750435,61.8479144778761,19.94925145910825,0.37659666390339497,35,64,,True,False,Request timeout: 300.0s exceeded,503,21.16838264042747
476,2026-09-14T02:34:39.426+00:00,2026-09-14T02:39:32.983+00:00,2026-09-14T02:39:39.529+00:00,False,146,145.0,,145.0,293556.530485,300102.778933,300102.77902,2055.498486438356,0.01907,293556.530485,24291.201126110114,101.87611475,45.14654102068966,35.769196570597956,0.48316780176291624,35,64,,True,False,Request timeout: 300.0s exceeded,719,21.16838264042747
0,2026-09-14T02:04:40.924+00:00,2026-09-14T02:04:41.144+00:00,2026-09-14T02:04:53.917+00:00,True,237,237.0,,237.0,219.73360699999998,12993.180007,12993.179939,54.8235440464135,0.02204,219.73360699999998,22.71523937667796,93.52667339999999,54.12477288135593,20.04900115509571,18.240338383083866,36,64,,False,True,,327,21.16838264042747
1,2026-09-14T02:04:43.517+00:00,2026-09-14T02:04:43.612+00:00,2026-09-14T02:04:53.258+00:00,True,164,164.0,,164.0,95.188539,9740.919611000001,9740.919782,59.395852329268294,0.0245,125.69094500000001,19.921560580590384,94.99092195000001,59.17626424539878,19.782867774887062,16.83619273634102,36,64,,False,True,,762,21.16838264042747
2,2026-09-14T02:04:46.457+00:00,2026-09-14T02:04:46.678+00:00,2026-09-14T02:04:54.560+00:00,True,131,131.0,,131.0,220.81376500000002,8103.523781,8103.523703,61.858959564885495,40.497655,220.81376500000002,25.269447147047526,96.0553225,60.636230892307694,21.121611677727078,16.16580681939261,36,64,,False,True,,472,21.16838264042747
3,2026-09-14T02:04:50.815+00:00,2026-09-14T02:04:55.870+00:00,2026-09-14T02:05:10.581+00:00,True,224,224.0,,224.0,5055.835083999999,19766.348492,19766.348503999998,88.24262725,39.288767,5055.835083999999,334.09486794528385,94.39736585,65.96642783856502,21.590800175567146,11.332391518375744,36,64,,False,True,,789,21.16838264042747
4,2026-09-14T02:04:54.440+00:00,2026-09-14T02:05:03.147+00:00,2026-09-14T02:05:17.812+00:00,True,221,221.0,,221.0,8706.287632,23371.299088,23371.299017999998,105.75248424434389,18.472021,8706.287632,581.5947661055231,95.69324699999999,66.65914298181818,22.423420538300388,9.456042608836944,36,64,,False,True,,860,21.16838264042747
5,2026-09-14T02:04:58.484+00:00,2026-09-14T02:05:10.075+00:00,2026-09-14T02:05:25.977+00:00,True,241,241.0,,241.0,11591.251563,27492.736363,27492.736402,114.077744406639,21.387144,11591.251563,742.7192532898933,94.460799,66.25618666666666,22.15182983687562,8.765951734231162,36,64,,False,True,,878,21.16838264042747
6,2026-09-14T02:05:02.053+00:00,2026-09-14T02:05:15.420+00:00,2026-09-14T02:05:33.801+00:00,True,274,274.0,,274.0,13366.263342,31747.63499,31747.635216,115.86728181021898,20.894686,13366.263342,803.7349444199473,95.03924480000002,67.33103167765569,22.615042994602085,8.630564137653266,36,64,,False,True,,984,21.16838264042747
7,2026-09-14T02:05:06.108+00:00,2026-09-14T02:05:22.861+00:00,2026-09-14T02:05:31.193+00:00,True,124,124.0,,124.0,16753.341564,25085.807227999998,25085.807315,202.3048977016129,39.791036,16753.341564,1498.5682517054138,95.17193195,67.74362328455284,21.80271413369005,4.943034077914585,36,64,,False,True,,409,21.16838264042747
8,2026-09-14T02:05:09.896+00:00,2026-09-14T02:05:29.238+00:00,2026-09-14T02:05:48.409+00:00,True,292,292.0,,292.0,19342.458919,38513.260071,38513.259951,131.89472585958904,0.01846,19342.458919,1128.3672021036473,95.87345255,65.87904175945017,25.655194687718687,7.58180427888192,36,64,,False,True,,1191,21.16838264042747
9,2026-09-14T02:05:13.523+00:00,2026-09-14T02:05:35.725+00:00,2026-09-14T02:05:51.720+00:00,True,247,247.0,,247.0,22202.252553,38197.600265,38197.600426,154.6461555708502,0.01654,22202.252553,1408.811176468615,96.38394829999999,65.02173866666666,26.747901966357954,6.466374805914787,36,64,,False,True,,1262,21.16838264042747
10,2026-09-14T02:05:16.390+00:00,2026-09-14T02:05:41.207+00:00,2026-09-14T02:05:49.000+00:00,True,118,118.0,,118.0,24817.618910999998,32610.611423,32610.611329,276.3611129576271,41.421663,24817.618910999998,2278.6178035646844,95.94515985,66.6067736068376,21.70023663388932,3.6184540813845505,36,64,,False,True,,469,21.16838264042747
11,2026-09-14T02:05:19.149+00:00,2026-09-14T02:05:45.243+00:00,2026-09-14T02:06:03.508+00:00,True,277,277.0,,277.0,26093.869532,44359.694044,44359.694111,160.1433000397112,40.297805,26093.869532,1564.0043825660857,96.10143899999998,66.1805235942029,21.8522534311793,6.244407360547755,36,64,,False,True,,1285,21.16838264042747
12,2026-09-14T02:05:22.851+00:00,2026-09-14T02:05:51.541+00:00,2026-09-14T02:06:11.445+00:00,True,296,296.0,,296.0,28690.103842,48593.795106000005,48593.795251,164.16822719932432,39.967475,28690.103842,1663.797537444018,94.58855275,67.4701398779661,21.67761434570227,6.091312673857246,36,64,,False,True,,1318,21.16838264042747
13,2026-09-14T02:05:25.516+00:00,2026-09-14T02:05:56.943+00:00,2026-09-14T02:06:04.843+00:00,True,120,120.0,,120.0,31427.162405000003,39326.883365,39326.883278,327.7240273166667,38.732018,31427.162405000003,2862.920710185559,96.8944415,66.38420974789916,22.340799023571748,3.0513478244959824,36,64,,False,True,,594,21.16838264042747
14,2026-09-14T02:05:28.037+00:00,2026-09-14T02:06:01.317+00:00,2026-09-14T02:06:10.178+00:00,True,132,132.0,,132.0,33280.0983,42141.214972,42141.214907999994,319.2516280909091,40.604304,33280.0983,2890.8514437111894,93.39477605,67.642112,21.34245905678589,3.1323254464235335,36,64,,False,True,,691,21.16838264042747
15,2026-09-14T02:05:31.829+00:00,2026-09-14T02:06:07.547+00:00,2026-09-14T02:06:21.857+00:00,True,213,213.0,,213.0,35718.056844,50028.813452,50028.813489,234.87705863380282,38.381809000000004,35718.056844,2442.829880449103,94.3824556,67.50356890566037,21.505820410803107,4.257546507761217,36,64,,False,True,,1042,21.16838264042747
16,2026-09-14T02:05:36.208+00:00,2026-09-14T02:06:15.887+00:00,2026-09-14T02:06:26.486+00:00,True,160,160.0,,160.0,39678.058638999995,50277.873295,50277.87332399999,314.23670827499996,7.326975,39678.058638999995,3131.639973648199,93.13212745000001,66.66550098113207,23.061993378926328,3.1823143962597076,36,64,,False,True,,799,21.16838264042747
17,2026-09-14T02:05:39.478+00:00,2026-09-14T02:06:21.220+00:00,2026-09-14T02:06:36.692+00:00,True,235,235.0,,235.0,41741.203412,57214.00418,57214.004159000004,243.46384748510638,0.01666,41741.203412,2718.789407854014,95.2713004,66.1230802051282,33.6146780804014,4.107386003969771,36,64,,False,True,,1034,21.16838264042747
18,2026-09-14T02:05:43.537+00:00,2026-09-14T02:06:27.480+00:00,2026-09-14T02:06:44.922+00:00,True,261,261.0,,261.0,43943.462643,61385.087475,61385.087673,235.19190679310344,0.01758,43943.462643,2716.0753331380733,95.02123999999999,67.08317243076922,32.66084665106009,4.251846999587582,36,64,,False,True,,1050,21.16838264042747
19,2026-09-14T02:05:47.742+00:00,2026-09-14T02:06:36.285+00:00,2026-09-14T02:06:50.755+00:00,True,215,215.0,,215.0,48542.699241999995,63013.059305999996,63013.05936099999,293.08399702790695,7.8174030000000005,48542.699241999995,3306.0515970937076,94.6371163,67.61850497196262,22.8403656708047,3.4119911391054787,36,64,,False,True,,775,21.16838264042747
20,2026-09-14T02:05:50.467+00:00,2026-09-14T02:06:40.714+00:00,2026-09-14T02:06:56.392+00:00,True,235,235.0,,235.0,50247.329829999995,65925.15075799999,65925.150773,280.53255648085104,3.547313,50247.329829999995,3273.479928226261,94.6079177,66.99923473504273,22.367455829692016,3.564648655300691,36,64,,False,True,,1034,21.16838264042747
21,2026-09-14T02:05:53.423+00:00,2026-09-14T02:06:45.052+00:00,2026-09-14T02:06:52.128+00:00,True,109,109.0,,109.0,51628.893332,58704.3117,58704.311806,538.5716679449541,4.063821,51628.893332,4938.93510897877,95.7229824,65.51313303703704,24.257326627013178,1.8567631038249615,36,64,,False,True,,483,21.16838264042747
22,2026-09-14T02:05:56.561+00:00,2026-09-14T02:06:50.571+00:00,2026-09-14T02:07:09.300+00:00,True,283,283.0,,283.0,54009.780373999994,72738.874774,72738.8746,257.0278254416961,0.0,54009.780373999994,3206.6941303101667,95.40149889999999,66.41522836879433,24.585168144060443,3.890629335129011,36,64,,False,True,,1141,21.16838264042747
23,2026-09-14T02:05:59.546+00:00,2026-09-14T02:06:56.393+00:00,2026-09-14T02:07:09.302+00:00,True,194,194.0,,194.0,56847.508022,69756.42475800001,69756.424574,359.56919883505157,0.0,56847.508022,4076.6942729545995,95.6076548,66.88557894300519,26.106611834366397,2.7811058361007976,36,64,,False,True,,647,21.16838264042747
24,2026-09-14T02:06:02.427+00:00,2026-09-14T02:07:01.011+00:00,2026-09-14T02:07:15.359+00:00,True,215,215.0,,215.0,58583.744306,72931.860786,72931.860841,339.2179574,0.0,58583.744306,3990.8925780693557,95.6260887,67.04727327102803,26.407932776706478,2.9479571435982255,36,64,,False,True,,871,21.16838264042747
25,2026-09-14T02:06:05.166+00:00,2026-09-14T02:07:06.165+00:00,2026-09-14T02:07:23.096+00:00,True,251,251.0,,251.0,60999.04763,77929.87899,77929.878831,310.4776049043825,0.0,60999.04763,3846.037264850487,97.07809150000001,67.72332544,25.798011792074256,3.2208442160189734,36,64,,False,True,,1391,21.16838264042747
26,2026-09-14T02:06:08.663+00:00,2026-09-14T02:07:12.862+00:00,2026-09-14T02:07:21.710+00:00,True,132,132.0,,132.0,64199.026819,73047.017859,73047.017783,553.3864983560605,40.447075,64199.026819,5581.9729253412415,96.91863850000001,67.54191633587787,22.157895166429903,1.8070552894410392,36,64,,False,True,,637,21.16838264042747
27,2026-09-14T02:06:11.371+00:00,2026-09-14T02:07:16.810+00:00,2026-09-14T02:07:35.947+00:00,True,290,290.0,,290.0,65439.040405,84576.381845,84576.381979,291.64269647931036,0.01785,65439.040405,3838.9832735144882,94.96994445,66.21917453287197,35.00346719111468,3.4288532291612124,36,64,,False,True,,1787,21.16838264042747
28,2026-09-14T02:06:14.300+00:00,2026-09-14T02:07:21.848+00:00,2026-09-14T02:07:36.627+00:00,True,226,226.0,,226.0,67547.695082,82326.758122,82326.75808700001,364.2776906504425,0.017070000000000002,67547.695082,4488.997834134142,95.31589425,65.68472462222222,38.13637042830432,2.745158501991426,36,64,,False,True,,902,21.16838264042747
29,2026-09-14T02:06:17.361+00:00,2026-09-14T02:07:28.287+00:00,2026-09-14T02:07:37.435+00:00,True,141,141.0,,141.0,70925.253882,80073.779194,80073.77915100001,567.8991429148937,4.85825,70925.253882,5967.536926757149,95.34666899999998,65.34660937142857,25.997144359371607,1.7608760498038947,36,64,,False,True,,551,21.16838264042747
30,2026-09-14T02:06:21.558+00:00,2026-09-14T02:07:35.227+00:00,2026-09-14T02:07:48.727+00:00,True,211,211.0,,211.0,73668.290844,87168.55094,87168.55102900001,413.1210949241706,38.676339,73668.290844,5067.150713434025,93.407643,64.28695283809525,20.70926922573529,2.4205977697763483,36,64,,False,True,,941,21.16838264042747
31,2026-09-14T02:06:25.706+00:00,2026-09-14T02:07:42.072+00:00,2026-09-14T02:07:52.237+00:00,True,159,159.0,,159.0,76365.421508,86531.332548,86531.33247,544.2222167924529,0.0,76365.421508,6051.123526383663,93.28780389999999,64.34120911392405,25.705550454681486,1.8374847043040823,36,64,,False,True,,726,21.16838264042747
32,2026-09-14T02:06:29.332+00:00,2026-09-14T02:07:48.637+00:00,2026-09-14T02:08:01.184+00:00,True,190,190.0,,190.0,79304.399064,91852.05627999999,91852.056247,483.43187498421054,0.0,79304.399064,5748.584279841159,94.437981,66.38972071957672,25.188267289497436,2.068543783285676,36,64,,False,True,,831,21.16838264042747
33,2026-09-14T02:06:33.323+00:00,2026-09-14T02:07:55.336+00:00,2026-09-14T02:08:04.462+00:00,True,138,138.0,,138.0,82012.89106000001,91138.875828,91138.875868,660.4266367246378,39.609777,82012.89106000001,6975.763782489727,94.13633705000001,66.61302750364963,21.648860592102942,1.5141727253739414,36,64,,False,True,,722,21.16838264042747
34,2026-09-14T02:06:37.256+00:00,2026-09-14T02:08:01.267+00:00,2026-09-14T02:08:17.146+00:00,True,245,245.0,,245.0,84010.788839,99890.645735,99890.645839,407.71692179183674,0.0,84010.788839,5363.157341444819,95.5782942,65.08138072131148,26.011195691633286,2.4526821124969076,36,64,,False,True,,896,21.16838264042747
35,2026-09-14T02:06:40.027+00:00,2026-09-14T02:08:07.039+00:00,2026-09-14T02:08:13.745+00:00,True,105,105.0,,105.0,87011.020037,93717.38445299999,93717.38445099999,892.5465185809524,38.30103,87011.020037,8485.139216895255,94.0616218,64.48427323076923,21.170914413232545,1.1203897826732279,36,64,,False,True,,259,21.16838264042747
36,2026-09-14T02:06:43.737+00:00,2026-09-14T02:08:13.332+00:00,2026-09-14T02:08:22.966+00:00,True,142,142.0,,142.0,89594.45722400001,99228.69056800002,99228.69059200001,698.7935957183099,0.0,89594.45722400001,7513.091859642646,95.9324821,68.32789605673759,58.479022955778305,1.431037728979094,36,64,,False,True,,574,21.16838264042747
37,2026-09-14T02:06:46.671+00:00,2026-09-14T02:08:18.977+00:00,2026-09-14T02:08:30.686+00:00,True,179,179.0,,179.0,92306.271368,104015.57236,104015.57232600001,581.0925828268156,0.01557,92306.271368,6894.555311681997,96.2453479,65.78258984269662,49.60977414767673,1.7208961690897338,36,64,,False,True,,830,21.16838264042747
38,2026-09-14T02:06:50.368+00:00,2026-09-14T02:08:25.659+00:00,2026-09-14T02:08:41.808+00:00,True,243,243.0,,243.0,95290.432084,111440.179284,111440.17936,458.6015611522634,0.0,95290.432084,6108.650464425669,96.20487899999998,66.73449256198347,24.11834541922654,2.1805420770252537,36,64,,False,True,,923,21.16838264042747
39,2026-09-14T02:06:53.531+00:00,2026-09-14T02:08:31.346+00:00,2026-09-14T02:08:40.106+00:00,True,129,129.0,,129.0,97815.08378399999,106575.553288,106575.55334999999,826.1670802325581,0.0,97815.08378399999,8606.151766855128,95.22079140000001,68.441168,26.26261006496819,1.2104089166809413,36,64,,False,True,,623,21.16838264042747
40,2026-09-14T02:06:57.133+00:00,2026-09-14T02:08:37.084+00:00,2026-09-14T02:08:43.675+00:00,True,101,101.0,,101.0,99951.396573,106541.929437,106541.92955900001,1054.8705896930694,38.340319,99951.396573,9939.00022101991,92.918703,65.90532864000001,21.191585398963724,0.947983582930352,36,64,,False,True,,395,21.16838264042747
41,2026-09-14T02:06:59.743+00:00,2026-09-14T02:08:42.479+00:00,2026-09-14T02:08:58.778+00:00,True,247,247.0,,247.0,102736.445453,119035.464461,119035.46445799999,481.92495731983803,0.0,102736.445453,6532.805120576956,95.26428,66.25617482926829,27.445017211075736,2.075011855655215,36,64,,False,True,,537,21.16838264042747
42,2026-09-14T02:07:02.642+00:00,2026-09-14T02:08:48.395+00:00,2026-09-14T02:09:01.444+00:00,True,199,199.0,,199.0,105752.83141500001,118802.26501500001,118802.264968,596.9963063718593,0.0,105752.83141500001,7491.999953867152,94.804506,65.9062303030303,28.10938877276189,1.675052238901962,36,64,,False,True,,718,21.16838264042747
43,2026-09-14T02:07:06.919+00:00,2026-09-14T02:08:55.519+00:00,2026-09-14T02:09:11.739+00:00,True,248,248.0,,248.0,108600.03373899999,124819.54580299999,124819.545703,503.30461977016125,0.0,108600.03373899999,6891.992103257383,95.244185,65.66604074493927,27.048374544264927,1.9868683098031223,36,64,,False,True,,914,21.16838264042747
44,2026-09-14T02:07:09.499+00:00,2026-09-14T02:08:59.799+00:00,2026-09-14T02:09:08.836+00:00,True,141,141.0,,141.0,110299.798566,119336.436774,119336.436671,846.3577068865249,31.269954000000002,110299.798566,9283.50918166623,94.98818999999999,64.54741577142858,22.189373967516957,1.1815335182751145,36,64,,False,True,,501,21.16838264042747
45,2026-09-14T02:07:13.147+00:00,2026-09-14T02:09:06.210+00:00,2026-09-14T02:09:21.644+00:00,True,231,231.0,,231.0,113063.269885,128497.069053,128497.06894900001,556.2643677445888,0.0,113063.269885,7434.791452854453,98.79336149999999,67.10347464347826,53.20268395781606,1.7977063734015721,36,64,,False,True,,1132,21.16838264042747
46,2026-09-14T02:07:16.101+00:00,2026-09-14T02:09:12.241+00:00,2026-09-14T02:09:31.520+00:00,True,286,286.0,,286.0,116139.290256,135418.756752,135418.756699,473.4921562902098,0.0,116139.290256,6863.636398995341,97.804864,67.6472508631579,49.27613674564548,2.111967402889158,36,64,,False,True,,1478,21.16838264042747
47,2026-09-14T02:07:19.333+00:00,2026-09-14T02:09:18.206+00:00,2026-09-14T02:09:37.117+00:00,True,293,293.0,,293.0,118872.72471,137783.782118,137783.78211,470.2518160750853,0.0,118872.72471,6940.893896881522,94.74177,64.7638952328767,28.598519996119897,2.1265202297108567,36,64,,False,True,,1268,21.16838264042747
48,2026-09-14T02:07:22.653+00:00,2026-09-14T02:09:23.969+00:00,2026-09-14T02:09:31.749+00:00,True,117,117.0,,117.0,121316.239965,129096.080221,129096.080334,1103.385302,39.681737,121316.239965,11209.511595880964,94.9324498,67.0675884137931,22.123848175263515,0.9063017234892595,36,64,,False,True,,600,21.16838264042747
49,2026-09-14T02:07:26.904+00:00,2026-09-14T02:09:30.475+00:00,2026-09-14T02:09:43.091+00:00,True,193,193.0,,193.0,123570.956919,136186.353015,136186.353106,705.6287725699482,40.524434,123570.956919,8890.128903808758,96.26538860000001,65.705188,21.703406510329003,1.4171757722210414,36,64,,False,True,,877,21.16838264042747
50,2026-09-14T02:07:31.242+00:00,2026-09-14T02:09:38.622+00:00,2026-09-14T02:09:58.023+00:00,True,293,293.0,,293.0,127379.81984,146781.103936,146781.103875,500.959398890785,0.0,127379.81984,7437.779965808981,95.125571,66.44275375342465,28.1427188762343,1.9961697530749931,36,64,,False,True,,1262,21.16838264042747
51,2026-09-14T02:07:35.308+00:00,2026-09-14T02:09:45.662+00:00,2026-09-14T02:09:58.675+00:00,True,196,196.0,,196.0,130354.335053,143366.545997,143366.546011,731.4619694438776,32.386931,130354.335053,9306.284360757068,96.18861125,66.7292868923077,22.394192955944863,1.3671250753582456,36,64,,False,True,,687,21.16838264042747
52,2026-09-14T02:07:38.772+00:00,2026-09-14T02:09:51.888+00:00,2026-09-14T02:09:59.462+00:00,True,111,111.0,,111.0,133116.208475,140690.185819,140690.18591899998,1267.4791524234233,30.326974999999997,133116.208475,12628.316908963334,95.4246285,68.85433949090908,23.085881138017786,0.7889676124445748,36,64,,False,True,,414,21.16838264042747
53,2026-09-14T02:07:41.888+00:00,2026-09-14T02:09:57.045+00:00,2026-09-14T02:10:08.847+00:00,True,177,177.0,,177.0,135157.31916999997,146959.56940999997,146959.56940399998,830.2800531299433,39.175117,135157.31916999997,10154.02892621901,94.73877199999998,67.05824,21.73084453918052,1.2044128919988242,36,64,,False,True,,886,21.16838264042747
54,2026-09-14T02:07:45.824+00:00,2026-09-14T02:10:03.782+00:00,2026-09-14T02:10:16.423+00:00,True,188,188.0,,188.0,137957.636722,150599.194482,150599.194433,801.0595448563829,0.0,137957.636722,10056.710419634213,96.48129449999999,67.60191315508021,30.51295329738264,1.2483466505026375,36,64,,False,True,,836,21.16838264042747
55,2026-09-14T02:07:49.463+00:00,2026-09-14T02:10:10.347+00:00,2026-09-14T02:10:29.392+00:00,True,291,291.0,,291.0,140884.525716,159929.44168400002,159929.44165300002,549.5857101477663,0.0,140884.525716,8255.16518249702,96.442986,65.67212402758621,60.068148348731874,1.8195524034591364,36,64,,False,True,,1343,21.16838264042747
56,2026-09-14T02:07:52.574+00:00,2026-09-14T02:10:16.230+00:00,2026-09-14T02:10:33.307+00:00,True,259,259.0,,259.0,143655.860129,160732.681377,160732.681603,620.5895042586873,0.016640000000000002,143655.860129,8922.435571527496,95.6689719,66.18922964341085,60.976103375180244,1.6113711149539842,36,64,,False,True,,1217,21.16838264042747
57,2026-09-14T02:07:55.007+00:00,2026-09-14T02:10:20.536+00:00,2026-09-14T02:10:31.563+00:00,True,166,166.0,,166.0,145529.18087,156556.44871000003,156556.448611,943.1111362108435,41.287341999999995,145529.18087,11290.088908889817,95.68182325,66.8319263030303,21.86726074816895,1.0603204235137762,36,64,,False,True,,669,21.16838264042747
58,2026-09-14T02:07:58.398+00:00,2026-09-14T02:10:26.815+00:00,2026-09-14T02:10:38.530+00:00,True,175,175.0,,175.0,148417.312136,160132.65396,160132.653754,915.0437357371428,38.187779,148417.312136,11214.22566243455,95.42740470000001,67.32955071264368,21.798540629276733,1.0928439370255723,36,64,,False,True,,1042,21.16838264042747
59,2026-09-14T02:08:02.555+00:00,2026-09-14T02:10:33.954+00:00,2026-09-14T02:10:50.395+00:00,True,248,248.0,,248.0,151398.641395,167840.28568300002,167840.285731,676.7753456895161,0.0,151398.641395,9609.648047300894,95.44469785000001,66.56536148987854,31.558348923575554,1.4775951970696573,36,64,,False,True,,1093,21.16838264042747
60,2026-09-14T02:08:06.641+00:00,2026-09-14T02:10:40.771+00:00,2026-09-14T02:10:58.444+00:00,True,269,269.0,,269.0,154129.252481,171802.90649700002,171802.906725,638.6725157063197,10.978457,154129.252481,9393.431769465878,96.26168299999999,65.94647020895522,22.234552941286836,1.5657476668166683,36,64,,False,True,,912,21.16838264042747
61,2026-09-14T02:08:09.299+00:00,2026-09-14T02:10:46.525+00:00,2026-09-14T02:11:04.795+00:00,True,280,280.0,,280.0,157225.682196,175496.045076,175496.045244,626.7715901571429,8.470883,157225.682196,9392.14386000861,95.0383555,65.48517161290322,21.999788287695754,1.5954775498145484,36,64,,False,True,,1408,21.16838264042747
62,2026-09-14T02:08:12.660+00:00,2026-09-14T02:10:52.796+00:00,2026-09-14T02:11:09.049+00:00,True,248,248.0,,248.0,160136.006778,176389.39967400001,176389.399634,711.2475791693549,39.963294999999995,160136.006778,10164.48882170693,94.173169,65.80321010526316,20.57050829297787,1.4059801805457104,36,64,,False,True,,331,21.16838264042747
63,2026-09-14T02:08:16.392+00:00,2026-09-14T02:10:57.786+00:00,2026-09-14T02:11:17.337+00:00,True,297,297.0,,297.0,161394.659187,180945.494899,180945.49481600002,609.2440902895623,0.0,161394.659187,9361.28074483008,95.360567,66.05012064864864,29.196624063511905,1.6413782513114195,36,64,,False,True,,1287,21.16838264042747
64,2026-09-14T02:08:19.092+00:00,2026-09-14T02:11:03.257+00:00,2026-09-14T02:11:21.795+00:00,True,281,281.0,,281.0,164165.179662,182702.854414,182702.854293,650.188093569395,0.0,164165.179662,9789.370727543148,95.73417799999999,66.20598125714285,30.28476663493582,1.5380164743527278,36,64,,False,True,,1024,21.16838264042747
65,2026-09-14T02:08:23.378+00:00,2026-09-14T02:11:10.979+00:00,2026-09-14T02:11:24.983+00:00,True,215,215.0,,215.0,167600.861729,181604.491809,181604.491745,844.672054627907,33.43477,167600.861729,11425.842618592736,95.6837747,65.43752373831776,22.228717140830806,1.1838914217282868,36,64,,False,True,,1012,21.16838264042747
66,2026-09-14T02:08:26.375+00:00,2026-09-14T02:11:15.518+00:00,2026-09-14T02:11:33.540+00:00,True,273,273.0,,273.0,169143.40866800002,187165.66863600002,187165.66862600003,685.5885297655678,0.01542,169143.40866800002,10233.219251470451,95.7631382,66.25830870588236,64.8289061285216,1.4586008320304227,36,64,,False,True,,1372,21.16838264042747
67,2026-09-14T02:08:29.980+00:00,2026-09-14T02:11:22.207+00:00,2026-09-14T02:11:29.224+00:00,True,107,107.0,,107.0,172226.523323,179243.913915,179243.914074,1675.176767046729,0.01587,172226.523323,16643.661548707118,95.54220230000001,66.20179803773586,99.57690804731179,0.5969519280344487,36,64,,False,True,,351,21.16838264042747
68,2026-09-14T02:08:34.257+00:00,2026-09-14T02:11:29.771+00:00,2026-09-14T02:11:39.304+00:00,True,147,147.0,,147.0,175514.13696,185047.777664,185047.777718,1258.8284198503402,37.90079,175514.13696,14470.79165547909,94.97597019999999,65.29890893150684,21.17550037305849,0.7943894374506613,36,64,,False,True,,755,21.16838264042747
69,2026-09-14T02:08:37.966+00:00,2026-09-14T02:11:36.354+00:00,2026-09-14T02:11:49.762+00:00,True,203,203.0,,203.0,178388.318506,191796.756266,191796.756097,944.8116063891626,0.0,178388.318506,12515.790282383834,95.1461281,66.37840475247525,33.14993332525593,1.058412060517136,36,64,,False,True,,935,21.16838264042747
70,2026-09-14T02:08:42.192+00:00,2026-09-14T02:11:43.618+00:00,2026-09-14T02:11:59.760+00:00,True,237,237.0,,237.0,181426.515528,197568.15956,197568.159559,833.6209264092827,37.099682,181426.515528,11780.497673506909,96.589794,68.3967967457627,22.783114843686736,1.1995860088377492,36,64,,False,True,,1173,21.16838264042747
71,2026-09-14T02:08:46.650+00:00,2026-09-14T02:11:51.467+00:00,2026-09-14T02:12:08.654+00:00,True,252,252.0,,252.0,184817.287567,202004.531855,202004.53192399998,801.6052854126984,40.100925000000004,184817.287567,11638.104588316368,99.91409949999999,68.47507684462151,23.34948201718552,1.2474967649779611,36,64,,False,True,,859,21.16838264042747
72,2026-09-14T02:08:50.797+00:00,2026-09-14T02:11:59.485+00:00,2026-09-14T02:12:18.736+00:00,True,287,287.0,,287.0,188688.62677399997,207939.46171799998,207939.46180199998,724.5277414703831,0.0,188688.62677399997,11134.010444510694,98.422914,67.3106116923077,32.12817573084665,1.3802094014709871,36,64,,False,True,,1218,21.16838264042747
73,2026-09-14T02:08:53.950+00:00,2026-09-14T02:12:05.055+00:00,2026-09-14T02:12:20.375+00:00,True,225,225.0,,225.0,191105.649863,206425.722567,206425.722635,917.4476561555556,0.0,191105.649863,12735.862181778755,97.1722792,68.39318171428572,33.958059882496464,1.0899804404316489,36,64,,False,True,,1054,21.16838264042747
74,2026-09-14T02:08:57.282+00:00,2026-09-14T02:12:10.972+00:00,2026-09-14T02:12:23.662+00:00,True,188,188.0,,188.0,193689.92507,206379.699662,206379.699736,1097.7643602978724,0.0,193689.92507,14121.384776981993,96.57901035,67.8597571764706,35.47527698642773,0.9109423083176228,36,64,,False,True,,882,21.16838264042747
75,2026-09-14T02:09:00.944+00:00,2026-09-14T02:12:18.001+00:00,2026-09-14T02:12:37.917+00:00,True,299,299.0,,299.0,197056.94853,216972.810034,216972.81003599998,725.6615720267558,34.751686,197056.94853,11392.252399599533,94.03150600000001,66.83175001342282,21.27628098988908,1.3780528535033778,36,64,,False,True,,1539,21.16838264042747
76,2026-09-14T02:09:05.406+00:00,2026-09-14T02:12:25.058+00:00,2026-09-14T02:12:33.335+00:00,True,130,130.0,,130.0,199651.457292,207928.873996,207928.874017,1599.4528770538461,40.982774,199651.457292,17504.9755629318,92.69201745000001,64.1660209612403,20.685203515596342,0.6252137930708981,36,64,,False,True,,590,21.16838264042747
77,2026-09-14T02:09:08.103+00:00,2026-09-14T02:12:30.611+00:00,2026-09-14T02:12:43.158+00:00,True,193,193.0,,193.0,202508.111354,215055.109114,215055.10929999998,1114.2751777202072,37.226851,202508.111354,14572.164833161652,94.2760356,65.34894666666666,21.60502187005006,0.8974443843493685,36,64,,False,True,,756,21.16838264042747
78,2026-09-14T02:09:11.100+00:00,2026-09-14T02:12:35.770+00:00,2026-09-14T02:12:54.706+00:00,True,293,293.0,,293.0,204670.20380000002,223606.35868,223606.358512,763.1616331467577,0.0,204670.20380000002,11953.398762821193,94.69155420000001,64.84984547945206,73.68836319200167,1.3103384077700058,36,64,,False,True,,621,21.16838264042747
79,2026-09-14T02:09:14.682+00:00,2026-09-14T02:12:41.814+00:00,2026-09-14T02:12:52.377+00:00,True,160,160.0,,160.0,207131.68092800002,217695.00048000002,217695.00038500002,1360.5937524062501,0.0,207131.68092800002,16370.224756504456,94.18648894999998,66.43597202515724,96.01366906615822,0.7349732407598376,36,64,,False,True,,713,21.16838264042747
80,2026-09-14T02:09:18.317+00:00,2026-09-14T02:12:49.572+00:00,2026-09-14T02:12:58.153+00:00,True,132,132.0,,132.0,211254.41925600002,219835.40920800003,219835.40917100004,1665.4197664469698,0.0,211254.41925600002,18381.948888146235,95.41697244999999,65.50374009160305,107.71683456070049,0.6004492200576593,36,64,,False,True,,607,21.16838264042747
81,2026-09-14T02:09:20.889+00:00,2026-09-14T02:12:52.955+00:00,2026-09-14T02:13:09.287+00:00,True,245,245.0,,245.0,212065.958366,228398.464222,228398.464335,932.2386299387755,31.779973000000002,212065.958366,13544.138826889233,95.87577800000001,66.93649940983607,22.212408649796327,1.072686722454769,36,64,,False,True,,989,21.16838264042747
82,2026-09-14T02:09:25.108+00:00,2026-09-14T02:13:00.273+00:00,2026-09-14T02:13:18.646+00:00,True,276,276.0,,276.0,215164.93530399998,233538.17075999998,233538.170876,846.1527930289855,34.390927000000005,215164.93530399998,12947.403778519212,94.67470525,66.81176529454545,21.76592855497642,1.1818196533004308,36,64,,False,True,,1414,21.16838264042747
83,2026-09-14T02:09:28.936+00:00,2026-09-14T02:13:07.241+00:00,2026-09-14T02:13:19.299+00:00,True,183,183.0,,183.0,218304.95938299998,230362.90728699998,230362.90724499998,1258.8137007923497,39.365747000000006,218304.95938299998,16132.684402441868,94.8204279,66.25246101098901,22.039771983646187,0.7943987257115469,36,64,,False,True,,955,21.16838264042747
84,2026-09-14T02:09:32.852+00:00,2026-09-14T02:13:14.781+00:00,2026-09-14T02:13:29.215+00:00,True,224,224.0,,224.0,221929.04164500002,236363.246829,236363.24691400002,1055.1930665803573,38.917277,221929.04164500002,14823.94846480522,93.51360365000001,64.72737750672646,21.43175952809355,0.947693869521329,36,64,,False,True,,982,21.16838264042747
85,2026-09-14T02:09:36.407+00:00,2026-09-14T02:13:20.786+00:00,2026-09-14T02:13:32.561+00:00,True,182,182.0,,182.0,224378.613384,236153.805704,236153.805834,1297.5483837032966,0.0,224378.613384,16627.275545935103,94.02192594999998,65.056311160221,40.253424344240024,0.7706841710953518,36,64,,False,True,,354,21.16838264042747
86,2026-09-14T02:09:40.700+00:00,2026-09-14T02:13:28.579+00:00,2026-09-14T02:13:47.345+00:00,True,281,281.0,,281.0,227879.56517,246645.554546,246645.554645,877.7421873487544,0.0,227879.56517,13590.202277063769,95.27584800000001,67.02139062857142,35.148675502943064,1.1392867003714549,36,64,,False,True,,1285,21.16838264042747
87,2026-09-14T02:09:44.804+00:00,2026-09-14T02:13:35.130+00:00,2026-09-14T02:13:46.875+00:00,True,180,180.0,,180.0,230326.161028,242070.80102800002,242070.800953,1344.8377830722222,39.336107000000005,230326.161028,17162.622338970283,95.87432895,65.61251396648045,22.273007225627932,0.7435841052931437,36,64,,False,True,,845,21.16838264042747
88,2026-09-14T02:09:47.246+00:00,2026-09-14T02:13:40.051+00:00,2026-09-14T02:13:47.297+00:00,True,107,107.0,,107.0,232804.79372,240051.23058399998,240051.230522,2243.469444130841,41.264432,232804.79372,22499.491926252293,97.4886313,68.3626119245283,23.24854695764382,0.44573818571847734,36,64,,False,True,,317,21.16838264042747
89,2026-09-14T02:09:50.003+00:00,2026-09-14T02:13:45.008+00:00,2026-09-14T02:13:54.050+00:00,True,135,135.0,,135.0,235004.44990099999,244046.59722899998,244046.59727899998,1807.7525724370369,38.452678999999996,235004.44990099999,20220.166989159698,95.94235340000002,67.47871140298508,22.064449253845485,0.5531730478230081,36,64,,False,True,,602,21.16838264042747
90,2026-09-14T02:09:53.549+00:00,2026-09-14T02:13:51.727+00:00,2026-09-14T02:14:06.457+00:00,True,223,223.0,,223.0,238178.62046099998,252908.61700499998,252908.61705799997,1134.1193590044843,31.852812,238178.62046099998,15945.19229072573,94.34251909999999,66.35133578378378,22.193599895580093,0.8817414077891673,36,64,,False,True,,789,21.16838264042747
91,2026-09-14T02:09:56.627+00:00,2026-09-14T02:13:56.889+00:00,2026-09-14T02:14:16.645+00:00,True,294,294.0,,294.0,240261.49728799998,260017.30119199998,260017.301029,884.4125885340136,0.0,240261.49728799998,14008.451226693305,96.26620465,67.42595189078497,36.92977968192355,1.1306939909468054,36,64,,False,True,,1059,21.16838264042747
92,2026-09-14T02:10:00.350+00:00,2026-09-14T02:14:04.408+00:00,2026-09-14T02:14:15.739+00:00,True,169,169.0,,169.0,244058.899535,255389.871695,255389.871655,1511.182672514793,0.0,244058.899535,18768.628426402895,99.01217199999999,67.44626285714286,45.61359247118008,0.661733368196483,36,64,,False,True,,786,21.16838264042747
93,2026-09-14T02:10:03.369+00:00,2026-09-14T02:14:08.881+00:00,2026-09-14T02:14:24.500+00:00,True,235,235.0,,235.0,245512.02474700002,261130.85943500002,261130.85952400003,1111.1951469106384,0.0,245512.02474700002,16011.13379499844,96.84056570000001,66.74715678632478,39.81714913639225,0.8999319364569224,36,64,,False,True,,1034,21.16838264042747
94,2026-09-14T02:10:07.669+00:00,2026-09-14T02:14:17.420+00:00,2026-09-14T02:14:24.222+00:00,True,104,104.0,,104.0,249751.46732,256553.110584,256553.110655,2466.856833221154,34.685006,249751.46732,24483.68074728894,94.48196250000001,66.03537149514564,22.002425420123114,0.4053741533800213,36,64,,False,True,,485,21.16838264042747
95,2026-09-14T02:10:10.417+00:00,2026-09-14T02:14:22.126+00:00,2026-09-14T02:14:38.561+00:00,True,248,248.0,,248.0,251709.798631,268144.086503,268144.086418,1081.2261549112905,0.01542,251709.798631,15979.65132187608,93.8147632,66.5355784291498,96.15643042908238,0.9248758875658643,36,64,,False,True,,1009,21.16838264042747
96,2026-09-14T02:10:14.590+00:00,2026-09-14T02:14:29.444+00:00,2026-09-14T02:14:46.046+00:00,True,252,252.0,,252.0,254853.264888,271455.134712,271455.13469700003,1077.2029154642858,0.015719,254853.264888,16050.356157228962,92.20278350000001,66.14290766533864,94.33279196640216,0.9283302018484899,36,64,,False,True,,1004,21.16838264042747
97,2026-09-14T02:10:17.494+00:00,2026-09-14T02:14:35.069+00:00,2026-09-14T02:14:51.871+00:00,True,259,259.0,,259.0,257574.445366,274376.852278,274376.85223,1059.3700858301158,38.415988,257574.445366,16000.864996147933,93.9053009,65.1256081860465,21.523509335467573,0.9439571809708638,36,64,,False,True,,980,21.16838264042747
98,2026-09-14T02:10:20.488+00:00,2026-09-14T02:14:40.264+00:00,2026-09-14T02:14:48.277+00:00,True,125,125.0,,125.0,259775.193942,267788.53999,267788.540171,2142.308321368,39.818036,259775.193942,23229.2298385307,92.9074114,64.6237584516129,21.92379582440169,0.4667862187256701,36,64,,False,True,,572,21.16838264042747
99,2026-09-14T02:10:24.512+00:00,2026-09-14T02:14:46.436+00:00,2026-09-14T02:14:54.623+00:00,True,125,125.0,,125.0,261923.781662,270111.593502,270111.593551,2160.892748408,32.309062000000004,261923.781662,23421.27902539452,95.5784024,66.03074064516129,21.47476499909032,0.4627716951330135,36,64,,False,True,,720,21.16838264042747
100,2026-09-14T02:10:28.886+00:00,2026-09-14T02:14:54.943+00:00,2026-09-14T02:15:04.272+00:00,True,138,138.0,,138.0,266056.614993,275385.60494499997,275385.604867,1995.5478613550724,0.0,266056.614993,22642.50117653216,95.62656000000001,68.09481716788322,49.946508413851255,0.5011155177394307,36,64,,False,True,,630,21.16838264042747
101,2026-09-14T02:10:33.183+00:00,2026-09-14T02:15:02.182+00:00,2026-09-14T02:15:15.721+00:00,True,202,202.0,,202.0,268999.451411,282538.811411,282538.81139,1398.706987079208,39.477406,268999.451411,18922.00863821119,96.25497949999999,67.36,21.992135662629135,0.7149460245522063,36,64,,False,True,,848,21.16838264042747
102,2026-09-14T02:10:36.438+00:00,2026-09-14T02:15:07.337+00:00,2026-09-14T02:15:13.931+00:00,True,102,102.0,,102.0,270899.26743199996,277493.159016,277493.15898099996,2720.521166480392,41.324842,270899.26743199996,26816.569799767905,94.27885194999999,65.2860552871287,22.896873193558427,0.36757662913815753,36,64,,False,True,,201,21.16838264042747
103,2026-09-14T02:10:38.932+00:00,2026-09-14T02:15:12.301+00:00,2026-09-14T02:15:21.841+00:00,True,144,144.0,,144.0,273368.88588099997,282908.63602499996,282908.635998,1964.6433055416665,41.164203,273368.88588099997,22775.191417114744,95.00673015000001,66.71153946853147,21.65395164540527,0.5089982477144143,36,64,,False,True,,317,21.16838264042747
104,2026-09-14T02:10:42.814+00:00,2026-09-14T02:15:19.186+00:00,2026-09-14T02:15:36.770+00:00,True,260,260.0,,260.0,276372.01984799997,293955.19732,293955.19734599994,1130.5969128692307,38.402708,276372.01984799997,17135.669761102603,96.6875186,67.8887161081081,22.698579638817744,0.8844885287636663,36,64,,False,True,,1085,21.16838264042747
105,2026-09-14T02:10:46.204+00:00,2026-09-14T02:15:25.570+00:00,2026-09-14T02:15:39.130+00:00,True,196,196.0,,196.0,279366.07983999996,292926.27952,292926.27938699996,1494.5218336071428,41.952871,279366.07983999996,19949.765104913302,96.26270874999999,69.53948553846153,22.140052899593304,0.6691103315181314,36,64,,False,True,,722,21.16838264042747
106,2026-09-14T02:10:49.129+00:00,2026-09-14T02:15:30.987+00:00,2026-09-14T02:15:47.288+00:00,True,243,243.0,,243.0,281858.012251,298158.51733899995,298158.517168,1226.989782584362,35.749814,281858.012251,18076.89201007752,95.3885134,67.35745904132231,21.788446243464154,0.8150027112045037,36,64,,False,True,,1084,21.16838264042747
107,2026-09-14T02:10:53.245+00:00,2026-09-14T02:15:38.271+00:00,2026-09-14T02:15:49.831+00:00,True,177,177.0,,177.0,285025.371268,296585.976964,296585.976998,1675.6269886892655,0.0,285025.371268,21418.931630013412,94.906363,65.68525963636364,46.420553158230916,0.5967915334765962,36,64,,False,True,,726,21.16838264042747
108,2026-09-14T02:10:55.975+00:00,2026-09-14T02:15:42.380+00:00,2026-09-14T02:15:55.048+00:00,True,196,196.0,,196.0,286405.559685,299073.698693,299073.69859,1525.8862172959182,0.0,286405.559685,20452.94864141179,95.83350275000001,64.96481542564102,44.88919466773391,0.6553568597190305,36,64,,False,True,,917,21.16838264042747
109,2026-09-14T02:10:59.566+00:00,2026-09-14T02:15:49.971+00:00,2026-09-14T02:15:59.594+00:00,False,143,142.0,,142.0,290405.652731,300028.10725899995,300028.107134,2098.098651286713,0.0385,290405.652731,24279.28383074038,93.6256261,67.76376428169013,21.94261464951908,0.47328899047920925,36,64,,False,False,Request timeout: 300.0s exceeded,755,21.16838264042747
110,2026-09-14T02:11:03.131+00:00,2026-09-14T02:15:55.190+00:00,2026-09-14T02:16:03.207+00:00,False,113,112.0,,112.0,292059.215537,300075.81432099995,300075.814419,2655.538180699115,0.02557,292059.215537,27467.89455506639,93.58151600000001,71.57677485714285,21.118323133618425,0.3732390104595044,36,64,,False,False,Request timeout: 300.0s exceeded,534,21.16838264042747
111,2026-09-14T02:11:06.255+00:00,2026-09-14T02:15:59.590+00:00,2026-09-14T02:16:06.276+00:00,False,97,96.0,,96.0,293335.337407,300021.066431,300021.066345,3093.0006839690723,0.019,293335.337407,29776.626943193176,90.1899494,69.64301066666667,20.70864444955398,0.31997753071809193,36,64,,False,False,Request timeout: 300.0s exceeded,506,21.16838264042747
112,2026-09-14T02:11:09.203+00:00,2026-09-14T02:16:02.524+00:00,2026-09-14T02:16:09.222+00:00,False,101,100.0,,100.0,293321.567759,300019.790863,300019.790871,2970.492978920792,0.02143,293321.567759,29179.928825042727,89.297771,66.98223104,20.23380338858171,0.33331134493612014,36,64,,False,False,Request timeout: 300.0s exceeded,315,21.16838264042747
113,2026-09-14T02:11:11.973+00:00,2026-09-14T02:16:05.587+00:00,2026-09-14T02:16:12.041+00:00,False,96,95.0,,95.0,293613.720485,300068.003493,300068.003374,3125.7083684791664,0.02287,293613.720485,29959.897266335163,88.07053375,67.9398211368421,19.815433557676002,0.31659490146944697,36,64,,False,False,Request timeout: 300.0s exceeded,433,21.16838264042747
114,2026-09-14T02:11:14.931+00:00,2026-09-14T02:16:08.403+00:00,2026-09-14T02:16:14.991+00:00,False,100,99.0,,99.0,293472.27657700004,300060.17827300006,300060.17830300005,3000.60178303,0.02229,293472.27657700004,29340.580241128995,87.76629599999998,66.54446157575758,20.413587354108035,0.3299338171755935,36,64,,False,False,Request timeout: 300.0s exceeded,453,21.16838264042747
115,2026-09-14T02:11:19.150+00:00,2026-09-14T02:16:12.932+00:00,2026-09-14T02:16:19.179+00:00,False,94,93.0,,93.0,293781.998224,300028.60891199997,300028.60900199995,3191.7937127872337,0.02162,293781.998224,30294.37784315927,87.89290665,67.16785686021505,19.494708848828456,0.3099704402765051,36,64,,False,False,Request timeout: 300.0s exceeded,354,21.16838264042747
116,2026-09-14T02:11:22.570+00:00,2026-09-14T02:16:16.359+00:00,2026-09-14T02:16:22.653+00:00,False,91,90.0,,90.0,293789.020138,300082.775274,300082.775326,3297.61291567033,0.03698,293789.020138,30790.132819825332,88.137604,69.93061262222221,19.392917478011295,0.2999172475588533,36,64,,False,False,Request timeout: 300.0s exceeded,440,21.16838264042747
117,2026-09-14T02:11:25.391+00:00,2026-09-14T02:16:19.180+00:00,2026-09-14T02:16:25.454+00:00,False,95,94.0,,94.0,293788.804512,300063.172256,300063.172272,3158.559708126316,0.022109999999999998,293788.804512,30135.253935755238,89.40752629999999,66.74859302127659,20.421013549576067,0.31326736731225235,36,64,,False,False,Request timeout: 300.0s exceeded,368,21.16838264042747
118,2026-09-14T02:11:28.047+00:00,2026-09-14T02:16:21.685+00:00,2026-09-14T02:16:28.057+00:00,False,96,95.0,,95.0,293638.690317,300010.111245,300010.111191,3125.1053249062497,0.03454,293638.690317,29962.535125834307,88.70366025,67.06758871578947,20.366305597283297,0.316655994045545,36,64,,False,False,Request timeout: 300.0s exceeded,356,21.16838264042747
119,2026-09-14T02:11:30.946+00:00,2026-09-14T02:16:24.414+00:00,2026-09-14T02:16:30.964+00:00,False,103,102.0,,102.0,293468.25593,300018.155706,300018.15584699996,2912.797629582524,0.03019,293468.25593,28909.96679988669,91.20094530000001,64.2147036862745,21.045104862783383,0.3399794247783922,36,64,,False,False,Request timeout: 300.0s exceeded,388,21.16838264042747
120,2026-09-14T02:11:34.150+00:00,2026-09-14T02:16:27.665+00:00,2026-09-14T02:16:34.222+00:00,False,112,111.0,,111.0,293514.85125300003,300071.065269,300071.065376,2679.205940857143,0.016149999999999998,293514.85125300003,27729.395782613774,90.73321505,59.06499113513514,155.1941339878307,0.36991237359221407,36,64,,False,False,Request timeout: 300.0s exceeded,512,21.16838264042747
121,2026-09-14T02:11:37.143+00:00,2026-09-14T02:16:30.702+00:00,2026-09-14T02:16:37.217+00:00,False,106,105.0,,105.0,293559.338101,300074.570357,300074.570322,2830.892172849057,0.01568,293559.338101,28507.419889726836,88.47071299999999,62.04983100952381,159.7268784457899,0.3499130228698855,36,64,,False,False,Request timeout: 300.0s exceeded,502,21.16838264042747
122,2026-09-14T02:11:40.351+00:00,2026-09-14T02:16:34.095+00:00,2026-09-14T02:16:40.382+00:00,False,90,89.0,,89.0,293743.667443,300030.281459,300030.28133900004,3333.6697926555557,0.03651,293743.667443,30955.86171430903,89.32931939999999,70.63611253932585,19.65302248339284,0.29663672469061125,36,64,,False,False,Request timeout: 300.0s exceeded,406,21.16838264042747
123,2026-09-14T02:11:43.459+00:00,2026-09-14T02:16:37.354+00:00,2026-09-14T02:16:43.474+00:00,False,93,92.0,,92.0,293895.080745,300015.641641,300015.64165199996,3225.9746414193546,0.0,293895.080745,30468.671347888572,88.38524079999999,66.52783582608696,65.55588732736086,0.30665067826726045,36,64,,False,False,Request timeout: 300.0s exceeded,430,21.16838264042747
124,2026-09-14T02:11:47.553+00:00,2026-09-14T02:16:41.553+00:00,2026-09-14T02:16:47.582+00:00,False,97,96.0,,96.0,293999.84143800003,300028.722078,300028.72205800004,3093.0796088453612,0.0,293999.84143800003,29844.853161254032,89.395651,62.80084,64.26250590385646,0.31996936604970233,36,64,,False,False,Request timeout: 300.0s exceeded,363,21.16838264042747
125,2026-09-14T02:11:50.202+00:00,2026-09-14T02:16:43.920+00:00,2026-09-14T02:16:50.242+00:00,False,95,94.0,,94.0,293718.460561,300040.450961,300040.450778,3158.320534505263,0.068149,293718.460561,30127.985047458318,90.66734069999998,67.2552170212766,20.754456455796916,0.3132910902477558,36,64,,False,False,Request timeout: 300.0s exceeded,431,21.16838264042747
126,2026-09-14T02:11:54.535+00:00,2026-09-14T02:16:48.185+00:00,2026-09-14T02:16:54.551+00:00,False,93,92.0,,92.0,293650.15345499996,300015.756015,300015.755913,3225.9758700322577,0.04273,293650.15345499996,30442.934356947622,89.628089,69.19133217391305,20.36172543303784,0.3066505613638513,36,64,,False,False,Request timeout: 300.0s exceeded,450,21.16838264042747
127,2026-09-14T02:11:57.307+00:00,2026-09-14T02:16:51.353+00:00,2026-09-14T02:16:57.355+00:00,False,88,87.0,,87.0,294046.17758200003,300047.50622200005,300047.50624,3409.630752727273,0.024,294046.17758200003,31338.081332266625,89.7759608,68.98078896551723,20.852668281522945,0.28995408458962557,36,64,,False,False,Request timeout: 300.0s exceeded,419,21.16838264042747
128,2026-09-14T02:12:01.708+00:00,2026-09-14T02:16:55.759+00:00,2026-09-14T02:17:01.756+00:00,False,88,87.0,,87.0,294051.65909100004,300048.670547,300048.67068800004,3409.6439850909096,0.021138999999999998,294051.65909100004,31338.670474850314,88.83109834999999,68.93116616091955,20.113199247309062,0.28995295943619986,36,64,,False,False,Request timeout: 300.0s exceeded,410,21.16838264042747
129,2026-09-14T02:12:04.570+00:00,2026-09-14T02:16:58.373+00:00,2026-09-14T02:17:04.617+00:00,False,94,93.0,,93.0,293802.27463400003,300046.68679400004,300046.686828,3191.986030085107,0.022269999999999998,293802.27463400003,30296.472295591087,90.88839699999998,67.14421677419355,20.509098678729067,0.30995176448607165,36,64,,False,False,Request timeout: 300.0s exceeded,350,21.16838264042747
130,2026-09-14T02:12:07.639+00:00,2026-09-14T02:17:01.581+00:00,2026-09-14T02:17:07.696+00:00,False,89,88.0,,88.0,293941.77882099996,300056.896133,300056.896218,3371.4258002022466,0.039869999999999996,293941.77882099996,31150.40689593047,90.12499100000001,69.48996945454546,20.36067385575709,0.29327771210762,36,64,,False,False,Request timeout: 300.0s exceeded,437,21.16838264042747
131,2026-09-14T02:12:11.115+00:00,2026-09-14T02:17:04.911+00:00,2026-09-14T02:17:11.157+00:00,False,89,88.0,,88.0,293795.750329,300041.728441,300041.728338,3371.2553745842697,0.04486,293795.750329,31134.76971585646,89.80608860000001,70.977024,19.464000368769113,0.29329253786545983,36,64,,False,False,Request timeout: 300.0s exceeded,421,21.16838264042747
132,2026-09-14T02:12:15.362+00:00,2026-09-14T02:17:09.451+00:00,2026-09-14T02:17:15.507+00:00,False,86,85.0,,85.0,294089.166059,300145.466603,300145.46655,3490.063564534884,0.02761,294089.166059,31704.773119489884,88.27685325,71.25059463529412,19.4954418732225,0.28319601479248335,36,64,,False,False,Request timeout: 300.0s exceeded,127,21.16838264042747
133,2026-09-14T02:12:19.211+00:00,2026-09-14T02:17:12.755+00:00,2026-09-14T02:17:19.220+00:00,False,96,95.0,,95.0,293544.161328,300008.866096,300008.866185,3125.0923560937504,0.03329,293544.161328,29952.787138104697,89.60402,68.04952387368421,20.44503803565598,0.3166573082863521,36,64,,False,False,Request timeout: 300.0s exceeded,140,21.16838264042747
134,2026-09-14T02:12:21.643+00:00,2026-09-14T02:17:15.465+00:00,2026-09-14T02:17:21.660+00:00,False,94,93.0,,93.0,293822.939326,300017.090494,300017.090555,3191.6711761170213,0.023969999999999998,293822.939326,30298.65959561862,89.5941523,66.603776,20.743858116171058,0.3099823408288799,36,64,,False,False,Request timeout: 300.0s exceeded,414,21.16838264042747
135,2026-09-14T02:12:25.348+00:00,2026-09-14T02:17:18.917+00:00,2026-09-14T02:17:25.422+00:00,False,96,95.0,,95.0,293568.43996,300073.443224,300073.44318299997,3125.76503315625,0.046119999999999994,293568.43996,29955.22142925321,88.84358649999999,68.47371856842105,19.93259924384763,0.31658916223747274,36,64,,False,False,Request timeout: 300.0s exceeded,432,21.16838264042747
136,2026-09-14T02:12:27.953+00:00,2026-09-14T02:17:21.572+00:00,2026-09-14T02:17:28.007+00:00,False,93,92.0,,92.0,293619.471541,300053.902261,300053.902462,3226.386047978495,0.05827,293619.471541,30439.674537055882,87.991352,69.93946434782609,19.312560499879993,0.30661157647593057,36,64,,False,False,Request timeout: 300.0s exceeded,460,21.16838264042747
137,2026-09-14T02:12:30.633+00:00,2026-09-14T02:17:24.419+00:00,2026-09-14T02:17:30.711+00:00,False,95,94.0,,94.0,293785.963674,300077.299098,300077.299003,3158.7084105578947,0.05932,293785.963674,30134.94375723202,88.84898580000001,66.92910025531914,20.127695351036557,0.31325261951688405,36,64,,False,False,Request timeout: 300.0s exceeded,415,21.16838264042747
138,2026-09-14T02:12:33.339+00:00,2026-09-14T02:17:27.171+00:00,2026-09-14T02:17:33.408+00:00,False,92,91.0,,91.0,293831.869513,300069.086025,300069.08587300003,3261.6204986195653,0.04826,293831.869513,30626.950508662165,88.8116365,68.5408407912088,19.80596732651604,0.30326349576849915,36,64,,False,False,Request timeout: 300.0s exceeded,407,21.16838264042747
139,2026-09-14T02:12:37.616+00:00,2026-09-14T02:17:31.443+00:00,2026-09-14T02:17:37.646+00:00,False,80,79.0,,79.0,293826.95769999997,300029.985924,300029.986015,3750.3748251874995,0.031059,293826.95769999997,32842.13991541393,87.61457235,78.51934460759493,66.30941626400852,0.2633070149861999,36,64,,False,False,Request timeout: 300.0s exceeded,118,21.16838264042747
140,2026-09-14T02:12:40.728+00:00,2026-09-14T02:17:34.600+00:00,2026-09-14T02:17:40.767+00:00,False,97,96.0,,96.0,293872.608573,300039.589437,300039.589334,3093.1916426185567,0.0,293872.608573,29831.7921517477,89.85081179999999,64.239384,65.91257001621028,0.3199577768391706,36,64,,False,False,Request timeout: 300.0s exceeded,406,21.16838264042747
141,2026-09-14T02:12:43.574+00:00,2026-09-14T02:17:37.815+00:00,2026-09-14T02:17:43.619+00:00,False,84,83.0,,83.0,294241.392954,300045.57881,300045.57870199997,3571.9711750238093,0.038769,294241.392954,32096.74419855354,90.05397700000002,69.92995007228916,20.048910489138404,0.2766246392604194,36,64,,False,False,Request timeout: 300.0s exceeded,422,21.16838264042747
142,2026-09-14T02:12:47.977+00:00,2026-09-14T02:17:41.368+00:00,2026-09-14T02:17:48.000+00:00,False,95,94.0,,94.0,293390.334394,300022.919866,300022.919771,3158.135997589474,0.039719000000000004,293390.334394,30093.980195254513,89.6813574,70.55941991489361,19.51317746408086,0.31330939663537527,36,64,,False,False,Request timeout: 300.0s exceeded,444,21.16838264042747
143,2026-09-14T02:12:50.538+00:00,2026-09-14T02:17:44.268+00:00,2026-09-14T02:17:50.576+00:00,False,92,91.0,,91.0,293729.312201,300038.182601,300038.182456,3261.284591913043,0.022699999999999998,293729.312201,30616.17672230946,91.0921505,69.32824615384617,20.786693278371096,0.30329473139428587,36,64,,False,False,Request timeout: 300.0s exceeded,408,21.16838264042747
144,2026-09-14T02:12:53.303+00:00,2026-09-14T02:17:46.919+00:00,2026-09-14T02:17:53.325+00:00,False,99,98.0,,98.0,293616.035351,300022.17243900005,300022.17234700004,3030.5269934040407,0.0365,293616.035351,29502.95950586314,89.4984389,65.36874579591837,21.06365982088274,0.32664252512845593,36,64,,False,False,Request timeout: 300.0s exceeded,442,21.16838264042747
145,2026-09-14T02:12:56.727+00:00,2026-09-14T02:17:50.141+00:00,2026-09-14T02:17:56.814+00:00,False,103,102.0,,102.0,293414.06115499994,300086.8977629999,300086.89788799995,2913.4650280388346,0.03917,293414.06115499994,28904.507638936575,88.8865951,65.41996674509804,20.43360105902602,0.3399015443871751,36,64,,False,False,Request timeout: 300.0s exceeded,456,21.16838264042747
146,2026-09-14T02:13:00.445+00:00,2026-09-14T02:17:54.339+00:00,2026-09-14T02:18:00.491+00:00,False,93,92.0,,92.0,293893.551327,300045.642463,300045.642249,3226.297228483871,0.02597,293893.551327,30468.41443062712,89.043572,66.87055582608696,20.72503619697632,0.3066200170240597,36,64,,False,False,Request timeout: 300.0s exceeded,463,21.16838264042747
147,2026-09-14T02:13:04.600+00:00,2026-09-14T02:17:58.454+00:00,2026-09-14T02:18:04.635+00:00,False,91,90.0,,90.0,293854.038003,300035.40683500003,300035.406884,3297.0923833406596,0.03853,293854.038003,30797.07965601945,87.14992600000001,68.68187591111112,19.72754186504212,0.2999645973433201,36,64,,False,False,Request timeout: 300.0s exceeded,401,21.16838264042747
148,2026-09-14T02:13:07.148+00:00,2026-09-14T02:18:00.777+00:00,2026-09-14T02:18:07.190+00:00,False,93,92.0,,92.0,293628.64752,300041.779296,300041.779052,3226.255688731183,0.0217,293628.64752,30440.650617959524,90.33250579999999,69.70795408695652,20.199527543140434,0.3066239648887007,36,64,,False,False,Request timeout: 300.0s exceeded,463,21.16838264042747
149,2026-09-14T02:13:09.693+00:00,2026-09-14T02:18:03.275+00:00,2026-09-14T02:18:09.714+00:00,False,91,90.0,,90.0,293581.367105,300020.63315300003,300020.633251,3296.930035725275,0.04114,293581.367105,30768.19565999897,89.06763699999999,71.54740053333333,19.8274886045702,0.2999793682659924,36,64,,False,False,Request timeout: 300.0s exceeded,307,21.16838264042747
150,2026-09-14T02:13:12.835+00:00,2026-09-14T02:18:06.670+00:00,2026-09-14T02:18:12.851+00:00,False,90,89.0,,89.0,293835.42279000004,300016.35488600004,300016.35470400006,3333.515052266667,0.022600000000000002,293835.42279000004,30965.659303955283,89.62041789999999,69.44867523595506,20.528823960501715,0.296650494383275,36,64,,False,False,Request timeout: 300.0s exceeded,400,21.16838264042747
151,2026-09-14T02:13:16.635+00:00,2026-09-14T02:18:10.344+00:00,2026-09-14T02:18:16.694+00:00,False,94,93.0,,93.0,293709.377439,300059.188127,300059.188194,3192.1190233404254,0.0251,293709.377439,30286.773780350923,89.9060198,68.27753427956989,20.493308921786678,0.30993885099974927,36,64,,False,False,Request timeout: 300.0s exceeded,438,21.16838264042747
152,2026-09-14T02:13:20.917+00:00,2026-09-14T02:18:14.275+00:00,2026-09-14T02:18:20.956+00:00,False,99,98.0,,98.0,293357.95050700003,300038.851115,300038.85119400005,3030.695466606061,0.02445,293357.95050700003,29476.738252409352,87.80284,68.17245518367348,19.63879362104964,0.32662436759710894,36,64,,False,False,Request timeout: 300.0s exceeded,473,21.16838264042747
153,2026-09-14T02:13:24.884+00:00,2026-09-14T02:18:18.493+00:00,2026-09-14T02:18:24.904+00:00,False,96,95.0,,95.0,293609.011518,300019.839038,300019.839155,3125.206657864583,0.02127,293609.011518,29959.4637274293,89.47790850000001,67.48239494736843,20.391276192555978,0.316645726844642,36,64,,False,False,Request timeout: 300.0s exceeded,212,21.16838264042747
154,2026-09-14T02:13:27.447+00:00,2026-09-14T02:18:20.790+00:00,2026-09-14T02:18:27.481+00:00,False,100,99.0,,99.0,293342.84543,300034.274806,300034.274933,3000.34274933,0.03835,293342.84543,29327.53217636927,88.5560849,67.59019571717171,19.85491795336133,0.3299623020203698,36,64,,False,False,Request timeout: 300.0s exceeded,243,21.16838264042747
155,2026-09-14T02:13:31.343+00:00,2026-09-14T02:18:24.902+00:00,2026-09-14T02:18:31.441+00:00,False,94,93.0,,93.0,293558.382906,300097.60697,300097.606862,3192.5277325744682,0.04072,293558.382906,30270.990001232105,91.15449015,70.31423724731184,20.766129663112345,0.3098991722692976,36,64,,False,False,Request timeout: 300.0s exceeded,442,21.16838264042747
156,2026-09-14T02:13:34.470+00:00,2026-09-14T02:18:28.244+00:00,2026-09-14T02:18:34.528+00:00,False,99,98.0,,98.0,293773.58109399996,300057.94435799995,300057.94437,3030.8883269696967,0.0,293773.58109399996,29518.97660800146,92.38492279999998,64.12615575510203,62.608135613925235,0.32660358388337135,36,64,,False,False,Request timeout: 300.0s exceeded,477,21.16838264042747
157,2026-09-14T02:13:37.193+00:00,2026-09-14T02:18:30.995+00:00,2026-09-14T02:18:37.201+00:00,False,95,94.0,,94.0,293802.816462,300008.46766200004,300008.467643,3157.983869926316,0.0,293802.816462,30136.827050332122,92.9074864,66.0175659574468,64.061181076075,0.31332448958041964,36,64,,False,False,Request timeout: 300.0s exceeded,518,21.16838264042747
158,2026-09-14T02:13:40.116+00:00,2026-09-14T02:18:33.808+00:00,2026-09-14T02:18:40.168+00:00,False,93,92.0,,92.0,293692.111778,300051.632546,300051.63253500004,3226.3616401612903,0.03933,293692.111778,30447.29220535849,90.5059274,69.12522573913044,20.541068933421528,0.3066138958130673,36,64,,False,False,Request timeout: 300.0s exceeded,487,21.16838264042747
159,2026-09-14T02:13:43.765+00:00,2026-09-14T02:18:37.502+00:00,2026-09-14T02:18:43.806+00:00,False,95,94.0,,94.0,293737.484732,300041.785276,300041.785234,3158.334581410526,0.05382,293737.484732,30129.95626252705,90.36228569999999,67.06702706382978,20.855548870226034,0.31328969701180803,36,64,,False,False,Request timeout: 300.0s exceeded,462,21.16838264042747
160,2026-09-14T02:13:46.464+00:00,2026-09-14T02:18:40.773+00:00,2026-09-14T02:18:46.474+00:00,False,88,87.0,,87.0,294308.797013,300009.896277,300009.8963,3409.203367045455,0.026079,294308.797013,31366.44456553426,89.67685249999998,65.52987659770115,20.92190914538334,0.2899904339144621,36,64,,False,False,Request timeout: 300.0s exceeded,422,21.16838264042747
161,2026-09-14T02:13:49.790+00:00,2026-09-14T02:18:43.348+00:00,2026-09-14T02:18:49.831+00:00,False,101,100.0,,100.0,293557.772877,300041.214797,300041.21471,2970.7050961386135,0.02056,293557.772877,29203.646279822246,89.700761,64.8344192,20.889957393983725,0.3332875454049117,36,64,,False,False,Request timeout: 300.0s exceeded,250,21.16838264042747
162,2026-09-14T02:13:53.683+00:00,2026-09-14T02:18:47.429+00:00,2026-09-14T02:18:53.751+00:00,False,93,92.0,,92.0,293745.43749,300067.77220999997,300067.772273,3226.5351857311825,0.022219000000000003,293745.43749,30452.86377054567,89.98578760000001,68.72102956521739,20.592840343512417,0.3065974040544899,36,64,,False,False,Request timeout: 300.0s exceeded,418,21.16838264042747
163,2026-09-14T02:13:57.503+00:00,2026-09-14T02:18:51.234+00:00,2026-09-14T02:18:59.328+00:00,False,95,94.0,,94.0,293731.820138,301825.738346,301825.738435,3177.113036157895,0.02842,293731.820138,30128.063244624755,88.96987720000001,86.10551285106384,198.75184461719383,0.31143798575667675,36,64,,False,False,Request timeout: 300.0s exceeded,493,21.16838264042747
164,2026-09-14T02:14:01.392+00:00,2026-09-14T02:18:54.956+00:00,2026-09-14T02:19:01.045+00:00,True,100,100.0,,100.0,293563.796162,299652.46252999996,299652.46250799997,2996.5246250799996,0.015429,293563.796162,29350.862113121762,90.4535448,61.501680484848485,193.693268196735,0.3337199339384318,36,64,,False,True,,330,21.16838264042747
165,2026-09-14T02:14:05.046+00:00,2026-09-14T02:18:59.699+00:00,2026-09-14T02:19:05.071+00:00,False,83,82.0,,82.0,294652.427908,300025.049988,300025.050019,3614.7596387831327,0.054598999999999995,294652.427908,32335.121460482776,91.0045651,65.51978146341463,22.140181248692066,0.27331051191652067,36,64,,False,False,Request timeout: 300.0s exceeded,349,21.16838264042747
166,2026-09-14T02:14:08.852+00:00,2026-09-14T02:19:02.636+00:00,2026-09-14T02:19:08.896+00:00,False,95,94.0,,94.0,293783.988775,300044.78877499996,300044.788688,3158.366196715789,0.02419,293783.988775,30134.774103576263,87.4130494,66.60425531914893,19.572660597211748,0.3132865609290401,36,64,,False,False,Request timeout: 300.0s exceeded,431,21.16838264042747
167,2026-09-14T02:14:11.528+00:00,2026-09-14T02:19:05.153+00:00,2026-09-14T02:19:11.568+00:00,False,93,92.0,,92.0,293625.56432,300040.45328,300040.453257,3226.241432870968,0.02106,293625.56432,30440.328259215887,87.58163060000001,69.72705391304348,19.159522304386368,0.3066253200002498,36,64,,False,False,Request timeout: 300.0s exceeded,409,21.16838264042747
168,2026-09-14T02:14:13.937+00:00,2026-09-14T02:19:07.648+00:00,2026-09-14T02:19:13.963+00:00,False,89,88.0,,88.0,293710.378667,300025.896107,300025.89612399996,3371.0774845393257,0.046359000000000004,293710.378667,31125.63594895913,87.36214799999999,71.76724363636365,18.42138696970281,0.29330801488087566,36,64,,False,False,Request timeout: 300.0s exceeded,129,21.16838264042747
169,2026-09-14T02:14:16.808+00:00,2026-09-14T02:19:10.522+00:00,2026-09-14T02:19:16.834+00:00,False,90,89.0,,89.0,293713.93216,300026.00204800005,300026.00218400004,3333.6222464888892,0.03822,293713.93216,30952.697338115897,91.12053535000001,70.9221335730337,19.885453428863528,0.29664095575876526,36,64,,False,False,Request timeout: 300.0s exceeded,333,21.16838264042747
170,2026-09-14T02:14:20.569+00:00,2026-09-14T02:19:14.087+00:00,2026-09-14T02:19:20.610+00:00,False,95,94.0,,94.0,293517.979046,300040.46967,300040.469627,3158.3207329157894,0.02123,293517.979046,30107.197240742826,89.83445069999999,69.38819812765958,20.75042417585305,0.3132910707125144,36,64,,False,False,Request timeout: 300.0s exceeded,494,21.16838264042747
171,2026-09-14T02:14:23.960+00:00,2026-09-14T02:19:17.748+00:00,2026-09-14T02:19:24.039+00:00,False,91,90.0,,90.0,293787.989863,300078.989415,300078.989404,3297.571312131868,0.0232,293787.989863,30790.028688211554,89.5669105,69.89999502222221,20.426404523890728,0.2999210313772844,36,64,,False,False,Request timeout: 300.0s exceeded,326,21.16838264042747
172,2026-09-14T02:14:27.341+00:00,2026-09-14T02:19:21.136+00:00,2026-09-14T02:19:27.431+00:00,False,100,99.0,,99.0,293794.356737,300090.097921,300090.097978,3000.90097978,0.0,293794.356737,29373.152794278183,92.1137039,63.59334529292929,67.35934472718898,0.3299009220426266,36,64,,False,False,Request timeout: 300.0s exceeded,490,21.16838264042747
173,2026-09-14T02:14:29.811+00:00,2026-09-14T02:19:23.443+00:00,2026-09-14T02:19:29.830+00:00,False,102,101.0,,101.0,293631.998848,300019.43411200005,300019.43397400004,2941.3669997450984,0.0,293631.998848,29067.71302150029,89.48238154999999,63.24193330693069,66.22171172078842,0.3366448586870401,36,64,,False,False,Request timeout: 300.0s exceeded,429,21.16838264042747
174,2026-09-14T02:14:33.766+00:00,2026-09-14T02:19:27.764+00:00,2026-09-14T02:19:33.806+00:00,False,99,98.0,,98.0,293997.88525700005,300039.82394500007,300039.82394300005,3030.7052923535357,0.02537,293997.88525700005,29541.709750154216,88.64669699999999,61.652435591836735,20.182878228286512,0.3266233085710791,36,64,,False,False,Request timeout: 300.0s exceeded,338,21.16838264042747
175,2026-09-14T02:14:37.718+00:00,2026-09-14T02:19:31.792+00:00,2026-09-14T02:19:37.748+00:00,False,99,98.0,,98.0,294074.395819,300030.30852300004,300030.308617,3030.609177949495,0.04169,294074.395819,29549.487194948822,87.4890928,60.77461942857143,19.615833427173754,0.3266336673865981,36,64,,False,False,Request timeout: 300.0s exceeded,455,21.16838264042747
176,2026-09-14T02:14:40.128+00:00,2026-09-14T02:19:33.760+00:00,2026-09-14T02:19:40.185+00:00,False,97,96.0,,96.0,293632.188798,300057.301886,300057.301849,3093.3742458659794,0.024059999999999998,293632.188798,29807.042520588395,88.91007679999998,66.92826133333334,19.589733044798983,0.3199388896607257,36,64,,False,False,Request timeout: 300.0s exceeded,396,21.16838264042747
177,2026-09-14T02:14:43.435+00:00,2026-09-14T02:19:37.223+00:00,2026-09-14T02:19:43.456+00:00,False,96,95.0,,95.0,293788.139355,300020.897115,300020.897059,3125.2176776979168,0.02318,293788.139355,29977.93729555691,88.8369645,65.60797642105264,20.54937418437387,0.31664461013722606,36,64,,False,False,Request timeout: 300.0s exceeded,397,21.16838264042747
178,2026-09-14T02:14:47.063+00:00,2026-09-14T02:19:40.652+00:00,2026-09-14T02:19:47.128+00:00,False,98,97.0,,97.0,293588.564603,300064.444027,300064.443945,3061.8820810714287,0.02153,293588.564603,29650.186101895913,87.44089550000001,66.76164354639175,19.71625821936387,0.3232638919100721,36,64,,False,False,Request timeout: 300.0s exceeded,241,21.16838264042747
179,2026-09-14T02:14:49.569+00:00,2026-09-14T02:19:43.328+00:00,2026-09-14T02:19:49.601+00:00,False,94,93.0,,93.0,293759.450166,300032.310582,300032.310506,3191.8330904893614,0.035840000000000004,293759.450166,30292.023175473147,88.53642765000001,67.450112,19.64904831828248,0.30996661599412223,36,64,,False,False,Request timeout: 300.0s exceeded,388,21.16838264042747
180,2026-09-14T02:14:52.532+00:00,2026-09-14T02:19:46.098+00:00,2026-09-14T02:19:52.580+00:00,False,101,100.0,,100.0,293565.648603,300048.422875,300048.422652,2970.77646190099,0.040310000000000006,293565.648603,29204.430485975827,88.68285300000001,64.82774272,20.71673633557346,0.3332795388218386,36,64,,False,False,Request timeout: 300.0s exceeded,375,21.16838264042747
181,2026-09-14T02:14:55.289+00:00,2026-09-14T02:19:48.613+00:00,2026-09-14T02:19:55.362+00:00,False,99,98.0,,98.0,293323.992838,300073.072902,300073.07269400003,3031.041138323232,0.04007,293323.992838,29473.255742498743,89.1830328,68.86816391836734,20.06557198522729,0.3265871177718287,36,64,,False,False,Request timeout: 300.0s exceeded,447,21.16838264042747
182,2026-09-14T02:14:58.260+00:00,2026-09-14T02:19:51.719+00:00,2026-09-14T02:19:58.278+00:00,False,97,96.0,,96.0,293459.306232,300018.45452,300018.454661,3092.9737593917525,0.0428,293459.306232,29789.347116196976,88.3615878,68.32446133333333,19.465933267416805,0.31998031638950525,36,64,,False,False,Request timeout: 300.0s exceeded,489,21.16838264042747
183,2026-09-14T02:15:00.880+00:00,2026-09-14T02:19:54.410+00:00,2026-09-14T02:20:00.890+00:00,False,99,98.0,,98.0,293530.370397,300010.948957,300010.94899999996,3030.413626262626,0.03424,293530.370397,29494.272469333493,88.67485700000002,66.12835265306123,19.53191192716262,0.32665474490414736,36,64,,False,False,Request timeout: 300.0s exceeded,461,21.16838264042747
184,2026-09-14T02:15:04.247+00:00,2026-09-14T02:19:58.113+00:00,2026-09-14T02:20:04.260+00:00,False,92,91.0,,91.0,293866.129733,300012.802629,300012.802508,3261.0087229130436,0.038340000000000006,293866.129733,30630.62687739158,90.73120555000001,67.545856,20.961219864925955,0.3033203890053048,36,64,,False,False,Request timeout: 300.0s exceeded,345,21.16838264042747
185,2026-09-14T02:15:08.229+00:00,2026-09-14T02:20:02.111+00:00,2026-09-14T02:20:08.295+00:00,False,91,90.0,,90.0,293881.945709,300065.776237,300065.776306,3297.426113252747,0.02354,293881.945709,30800.002827457218,89.44789100000001,68.70922808888888,20.52730287731014,0.29993423818154985,36,64,,False,False,Request timeout: 300.0s exceeded,198,21.16838264042747
186,2026-09-14T02:15:10.843+00:00,2026-09-14T02:20:03.922+00:00,2026-09-14T02:20:10.868+00:00,False,106,105.0,,105.0,293079.524875,300025.30074700003,300025.300702,2830.4273651132075,0.033909999999999996,293079.524875,28459.982108557997,89.0550095,66.1502464,20.457648927782472,0.3499704849510093,36,64,,False,False,Request timeout: 300.0s exceeded,429,21.16838264042747
187,2026-09-14T02:15:15.196+00:00,2026-09-14T02:20:08.688+00:00,2026-09-14T02:20:15.241+00:00,False,98,97.0,,97.0,293492.489619,300045.067155,300045.067117,3061.6843583367345,0.02244,293492.489619,29640.402002050436,89.54664999999999,67.55234573195877,20.910492562238897,0.3232847682508004,36,64,,False,False,Request timeout: 300.0s exceeded,370,21.16838264042747
188,2026-09-14T02:15:17.930+00:00,2026-09-14T02:20:11.706+00:00,2026-09-14T02:20:17.995+00:00,False,91,90.0,,90.0,293775.781616,300064.872432,300064.872391,3297.416180120879,0.039700000000000006,293775.781616,30788.75111599388,89.875815,69.87878684444443,20.39017764959628,0.29993514159307527,36,64,,False,False,Request timeout: 300.0s exceeded,263,21.16838264042747
189,2026-09-14T02:15:20.828+00:00,2026-09-14T02:20:13.994+00:00,2026-09-14T02:20:20.899+00:00,False,101,100.0,,100.0,293165.83279,300070.104662,300070.104545,2970.991134108911,0.047920000000000004,293165.83279,29164.227840653497,89.38024100000001,69.04271872,20.589601010833075,0.33325545746264973,36,64,,False,False,Request timeout: 300.0s exceeded,482,21.16838264042747
190,2026-09-14T02:15:24.974+00:00,2026-09-14T02:20:18.475+00:00,2026-09-14T02:20:25.032+00:00,False,101,100.0,,100.0,293500.84198,300057.78303600004,300057.78309900005,2970.8691395940596,0.0,293500.84198,29197.974339764965,89.9728,65.56941056000001,65.81153178886565,0.333269142323838,36,64,,False,False,Request timeout: 300.0s exceeded,484,21.16838264042747
191,2026-09-14T02:15:28.376+00:00,2026-09-14T02:20:21.884+00:00,2026-09-14T02:20:28.460+00:00,False,103,102.0,,102.0,293507.533568,300083.334656,300083.334637,2913.430433368932,0.0,293507.533568,28913.87676000923,86.31815399999999,64.46863811764706,65.03568299480561,0.3399055802846483,36,64,,False,False,Request timeout: 300.0s exceeded,480,21.16838264042747
192,2026-09-14T02:15:32.027+00:00,2026-09-14T02:20:25.801+00:00,2026-09-14T02:20:32.101+00:00,False,95,94.0,,94.0,293774.44631300005,300073.949161,300073.948955,3158.6731468947373,0.02262,293774.44631300005,30133.752869502812,87.13351590000002,67.01598774468086,19.64161400349395,0.3132561165766701,36,64,,False,False,Request timeout: 300.0s exceeded,431,21.16838264042747
193,2026-09-14T02:15:35.823+00:00,2026-09-14T02:20:29.450+00:00,2026-09-14T02:20:35.854+00:00,False,91,90.0,,90.0,293627.14922,300031.32842000003,300031.328592,3297.047566945055,0.02286,293627.14922,30773.0360632041,89.22232149999999,71.15754666666668,20.241931459132807,0.2999686748512247,36,64,,False,False,Request timeout: 300.0s exceeded,451,21.16838264042747
194,2026-09-14T02:15:38.318+00:00,2026-09-14T02:20:31.674+00:00,2026-09-14T02:20:38.407+00:00,False,93,92.0,,92.0,293355.750325,300088.93662899995,300088.936472,3226.7627577634407,0.045689999999999995,293355.750325,30411.990734370593,88.086646,73.18680765217391,18.568083155137863,0.30657578061179785,36,64,,False,False,Request timeout: 300.0s exceeded,372,21.16838264042747
195,2026-09-14T02:15:42.125+00:00,2026-09-14T02:20:35.382+00:00,2026-09-14T02:20:42.150+00:00,False,94,93.0,,93.0,293256.79318,300025.171804,300025.17186299997,3191.7571474787233,0.02214,293256.79318,30239.628341886153,89.60385415,72.77826477419356,19.370373094331924,0.3099739913181515,36,64,,False,False,Request timeout: 300.0s exceeded,328,21.16838264042747
196,2026-09-14T02:15:45.310+00:00,2026-09-14T02:20:38.665+00:00,2026-09-14T02:20:45.348+00:00,False,97,96.0,,96.0,293355.559304,300038.661256,300038.661227,3093.1820745051546,0.027350000000000003,293355.559304,29778.6825243081,89.721402,69.61564533333333,20.089921995632395,0.31995876664071154,36,64,,False,False,Request timeout: 300.0s exceeded,389,21.16838264042747
197,2026-09-14T02:15:48.988+00:00,2026-09-14T02:20:42.835+00:00,2026-09-14T02:20:49.636+00:00,False,100,99.0,,99.0,293846.857282,300648.31469,300648.314824,3006.48314824,0.022819,293846.857282,29377.822867743682,89.65667195,68.70158997979797,20.813798279537917,0.3292883916614647,36,64,,False,False,Request timeout: 300.0s exceeded,511,21.16838264042747
198,2026-09-14T02:15:52.597+00:00,2026-09-14T02:20:46.220+00:00,2026-09-14T02:20:52.608+00:00,False,95,94.0,,94.0,293622.99604,300011.287368,300011.287335,3158.013550894737,0.030350000000000002,293622.99604,30118.119191415186,90.34610640000001,67.96054604255319,22.118115239835014,0.31332154474807367,36,64,,False,False,Request timeout: 300.0s exceeded,465,21.16838264042747
199,2026-09-14T02:15:56.115+00:00,2026-09-14T02:20:49.900+00:00,2026-09-14T02:20:56.172+00:00,False,96,95.0,,95.0,293785.234041,300057.066873,300057.066921,3125.59444709375,0.02477,293785.234041,29977.598426769662,89.59142300000002,66.01929296842106,20.00163086740899,0.31660644086816,36,64,,False,False,Request timeout: 300.0s exceeded,491,21.16838264042747
200,2026-09-14T02:15:58.865+00:00,2026-09-14T02:20:52.786+00:00,2026-09-14T02:20:58.929+00:00,False,90,89.0,,89.0,293921.105096,300063.65434400004,300063.65418,3334.040602,0.02709,293921.105096,30974.735806047884,89.30893830000001,69.01740728089887,19.4898660429436,0.29660373294650444,36,64,,False,False,Request timeout: 300.0s exceeded,369,21.16838264042747
201,2026-09-14T02:16:01.422+00:00,2026-09-14T02:20:55.032+00:00,2026-09-14T02:21:01.467+00:00,False,96,95.0,,95.0,293609.831793,300044.950129,300044.950149,3125.46823071875,0.02718,293609.831793,29959.52144833019,89.12790150000001,67.73808774736843,20.536857160566484,0.316619226416429,36,64,,False,False,Request timeout: 300.0s exceeded,441,21.16838264042747
202,2026-09-14T02:16:05.765+00:00,2026-09-14T02:20:59.438+00:00,2026-09-14T02:21:05.828+00:00,False,96,95.0,,95.0,293673.30072899995,300063.6620729999,300063.6619889999,3125.6631457187495,0.02247,293673.30072899995,29966.046967440823,88.58136474999999,67.26696151578948,20.037104896553554,0.3165994820688693,36,64,,False,False,Request timeout: 300.0s exceeded,422,21.16838264042747
203,2026-09-14T02:16:08.340+00:00,2026-09-14T02:21:01.932+00:00,2026-09-14T02:21:08.365+00:00,False,94,93.0,,93.0,293591.665051,300024.95657100005,300024.95654000004,3191.754856808511,0.05773,293591.665051,30274.53973601502,89.80058215,69.17517763440861,19.95371311640878,0.30997421368842637,36,64,,False,False,Request timeout: 300.0s exceeded,464,21.16838264042747
204,2026-09-14T02:16:11.561+00:00,2026-09-14T02:21:05.525+00:00,2026-09-14T02:21:11.615+00:00,False,90,89.0,,89.0,293964.144826,300054.34821799997,300054.34823999996,3333.9372026666665,0.03775,293964.144826,30979.33531306605,89.1118115,68.42925159550562,20.622748236733884,0.29661293205235734,36,64,,False,False,Request timeout: 300.0s exceeded,400,21.16838264042747
205,2026-09-14T02:16:15.837+00:00,2026-09-14T02:21:09.364+00:00,2026-09-14T02:21:15.901+00:00,False,96,95.0,,95.0,293526.813359,300063.90366300003,300063.90372,3125.66566375,0.02614,293526.813359,29950.93842790962,87.743534,68.81147688421052,19.88288504748521,0.3165992271656038,36,64,,False,False,Request timeout: 300.0s exceeded,409,21.16838264042747
206,2026-09-14T02:16:19.671+00:00,2026-09-14T02:21:13.497+00:00,2026-09-14T02:21:19.755+00:00,False,100,99.0,,99.0,293826.497942,300084.29967,300084.299903,3000.8429990299996,0.0,293826.497942,29376.404015298773,90.45494815,63.21011846464646,66.82260456177865,0.32990729641260613,36,64,,False,False,Request timeout: 300.0s exceeded,512,21.16838264042747
207,2026-09-14T02:16:22.785+00:00,2026-09-14T02:21:17.399+00:00,2026-09-14T02:21:22.826+00:00,False,85,84.0,,84.0,294614.18373000005,300041.66174600006,300041.66175500007,3529.9019030000004,0.02504,294614.18373000005,31948.393089335532,90.5022328,64.61283352380953,20.433967666457857,0.2799611211029424,36,64,,False,False,Request timeout: 300.0s exceeded,390,21.16838264042747
208,2026-09-14T02:16:25.761+00:00,2026-09-14T02:21:19.622+00:00,2026-09-14T02:21:25.797+00:00,False,93,92.0,,92.0,293861.10018400004,300035.92002400005,300035.92004900007,3226.192688698925,0.03587,293861.10018400004,30465.02336201697,87.18585379999999,67.11760695652174,20.084540465422748,0.30662995281578576,36,64,,False,False,Request timeout: 300.0s exceeded,439,21.16838264042747
209,2026-09-14T02:16:28.967+00:00,2026-09-14T02:21:22.616+00:00,2026-09-14T02:21:28.985+00:00,False,95,94.0,,94.0,293648.559015,300017.519783,300017.51995,3158.079157368421,0.02543,293648.559015,30120.761422925116,87.9086337,67.75490178723403,19.83648634235891,0.3133150359618644,36,64,,False,False,Request timeout: 300.0s exceeded,369,21.16838264042747
210,2026-09-14T02:16:32.855+00:00,2026-09-14T02:21:26.755+00:00,2026-09-14T02:21:32.905+00:00,False,94,93.0,,93.0,293900.167409,300049.89412899996,300049.894217,3192.0201512446806,0.022889,293900.167409,30306.674446811186,89.54775649999999,66.12609376344086,20.91353791009994,0.3099484513066239,36,64,,False,False,Request timeout: 300.0s exceeded,383,21.16838264042747
211,2026-09-14T02:16:36.541+00:00,2026-09-14T02:21:30.488+00:00,2026-09-14T02:21:36.569+00:00,False,94,93.0,,93.0,293947.433203,300028.436979,300028.436937,3191.7918823085106,0.03452,293947.433203,30311.625925365654,91.14005115,65.38713737634409,21.157709004612883,0.30997061790682656,36,64,,False,False,Request timeout: 300.0s exceeded,356,21.16838264042747
212,2026-09-14T02:16:39.963+00:00,2026-09-14T02:21:34.168+00:00,2026-09-14T02:21:40.034+00:00,False,87,86.0,,86.0,294205.609261,300071.636525,300071.636429,3449.0992692988507,0.039939999999999996,294205.609261,31534.84540325496,87.25260929999999,68.20961934883721,19.71505651028889,0.286598230329027,36,64,,False,False,Request timeout: 300.0s exceeded,364,21.16838264042747
213,2026-09-14T02:16:43.982+00:00,2026-09-14T02:21:37.405+00:00,2026-09-14T02:21:44.055+00:00,False,104,103.0,,103.0,293422.498301,300072.341501,300072.341534,2885.3109762884615,0.027329999999999997,293422.498301,28766.119296121822,86.7912255,64.56158446601941,20.044331579628796,0.343250562463641,36,64,,False,False,Request timeout: 300.0s exceeded,203,21.16838264042747
214,2026-09-14T02:16:47.950+00:00,2026-09-14T02:21:41.420+00:00,2026-09-14T02:21:48.000+00:00,False,114,113.0,,113.0,293470.099637,300049.560245,300049.560118,2632.013685245614,0.01531,293470.099637,27481.244499387318,91.4402508,58.22531511504425,197.67374674497412,0.376604451303751,36,64,,False,False,Request timeout: 300.0s exceeded,519,21.16838264042747
215,2026-09-14T02:16:52.113+00:00,2026-09-14T02:21:46.627+00:00,2026-09-14T02:21:52.163+00:00,False,84,83.0,,83.0,294513.686376,300050.109288,300050.109261,3572.02511025,0.02494,294513.686376,32126.806034120735,87.72442000000001,66.7038905060241,20.373065987574673,0.2766204624852621,36,64,,False,False,Request timeout: 300.0s exceeded,421,21.16838264042747
216,2026-09-14T02:16:56.159+00:00,2026-09-14T02:21:49.724+00:00,2026-09-14T02:21:56.208+00:00,False,98,97.0,,97.0,293565.17694800004,300049.36331600003,300049.36324100004,3061.728196336735,0.03302,293565.17694800004,29647.814763777435,88.98225035,66.8472821443299,19.444076521006888,0.32328013940107403,36,64,,False,False,Request timeout: 300.0s exceeded,231,21.16838264042747
217,2026-09-14T02:16:58.600+00:00,2026-09-14T02:21:52.538+00:00,2026-09-14T02:21:58.656+00:00,False,88,87.0,,87.0,293937.535732,300055.606772,300055.606787,3409.7228043977275,0.04101,293937.535732,31326.356013537566,88.47579400000001,70.32265563218391,19.243967047167697,0.28994625674869573,36,64,,False,False,Request timeout: 300.0s exceeded,428,21.16838264042747
218,2026-09-14T02:17:01.120+00:00,2026-09-14T02:21:54.792+00:00,2026-09-14T02:22:01.164+00:00,False,96,95.0,,95.0,293671.525423,300043.426607,300043.426383,3125.45235815625,0.02388,293671.525423,29965.8855298012,88.12952125,67.07264404210527,19.917547806056007,0.3166208341048977,36,64,,False,False,Request timeout: 300.0s exceeded,432,21.16838264042747
219,2026-09-14T02:17:04.897+00:00,2026-09-14T02:21:58.817+00:00,2026-09-14T02:22:04.921+00:00,False,94,93.0,,93.0,293919.714764,300024.16916399996,300024.169328,3191.746482212766,0.038299,293919.714764,30308.740413965108,88.1998935,65.63929462365591,20.32286399595177,0.30997502720910497,36,64,,False,False,Request timeout: 300.0s exceeded,475,21.16838264042747
220,2026-09-14T02:17:07.655+00:00,2026-09-14T02:22:01.596+00:00,2026-09-14T02:22:07.699+00:00,False,90,89.0,,89.0,293940.98127,300043.876374,300043.87618799997,3333.820846533333,0.02307,293940.98127,30976.878556436994,89.22345749999998,68.5718551011236,20.512289325843824,0.2966232841528247,36,64,,False,False,Request timeout: 300.0s exceeded,348,21.16838264042747
221,2026-09-14T02:17:11.536+00:00,2026-09-14T02:22:05.479+00:00,2026-09-14T02:22:11.543+00:00,False,93,92.0,,92.0,293943.06081199995,300006.88391599996,300006.88378299994,3225.880470784946,0.02148,293943.06081199995,30473.64762744901,87.8379386,65.91112069565217,20.447991715209096,0.30665962993622314,36,64,,False,False,Request timeout: 300.0s exceeded,427,21.16838264042747
222,2026-09-14T02:17:15.795+00:00,2026-09-14T02:22:09.552+00:00,2026-09-14T02:22:15.816+00:00,False,102,101.0,,101.0,293756.926753,300020.902177,300020.90211100003,2941.381393245098,0.0,293756.926753,29080.20420087207,88.1234235,62.019558653465346,66.43098838354115,0.3366432114133639,36,64,,False,False,Request timeout: 300.0s exceeded,532,21.16838264042747
223,2026-09-14T02:17:18.781+00:00,2026-09-14T02:22:12.497+00:00,2026-09-14T02:22:18.855+00:00,False,98,97.0,,97.0,293715.857523,300073.198707,300073.198624,3061.971414530612,0.03897,293715.857523,29663.168136126835,88.01719005,65.53959983505155,19.81530904032987,0.3232544606381643,36,64,,False,False,Request timeout: 300.0s exceeded,428,21.16838264042747
224,2026-09-14T02:17:23.101+00:00,2026-09-14T02:22:16.787+00:00,2026-09-14T02:22:23.157+00:00,False,93,92.0,,92.0,293685.566594,300056.092802,300056.092726,3226.409599204301,0.03818,293685.566594,30446.600441892115,88.426015,69.24485008695652,19.53444008419653,0.3066093380770263,36,64,,False,False,Request timeout: 300.0s exceeded,152,21.16838264042747
225,2026-09-14T02:17:26.333+00:00,2026-09-14T02:22:20.075+00:00,2026-09-14T02:22:26.349+00:00,False,96,95.0,,95.0,293741.672558,300015.532398,300015.532345,3125.161795260417,0.02486,293741.672558,29973.150686750174,90.82762849999999,66.04062989473684,20.615906467283633,0.3166502722064843,36,64,,False,False,Request timeout: 300.0s exceeded,310,21.16838264042747
226,2026-09-14T02:17:28.801+00:00,2026-09-14T02:22:22.735+00:00,2026-09-14T02:22:28.888+00:00,False,93,92.0,,92.0,293933.926191,300087.044143,300087.044123,3226.742409924731,0.02392,293933.926191,30472.599955262733,89.05078959999999,66.88171686956522,20.732166496817037,0.3065777140187345,36,64,,False,False,Request timeout: 300.0s exceeded,448,21.16838264042747
227,2026-09-14T02:17:31.533+00:00,2026-09-14T02:22:25.614+00:00,2026-09-14T02:22:31.588+00:00,False,87,86.0,,86.0,294080.370778,300054.62332199997,300054.623477,3448.9037181264366,0.032409999999999994,294080.370778,31521.283891552303,90.94297490000001,69.4680528372093,20.318837234166914,0.2866144805497969,36,64,,False,False,Request timeout: 300.0s exceeded,384,21.16838264042747
228,2026-09-14T02:17:34.272+00:00,2026-09-14T02:22:27.772+00:00,2026-09-14T02:22:34.317+00:00,False,96,95.0,,95.0,293499.39485900005,300044.8612270001,300044.8612420001,3125.467304604167,0.01941,293499.39485900005,29948.1315421321,90.6739805,68.89964597894738,20.631785716845698,0.31661932022934197,36,64,,False,False,Request timeout: 300.0s exceeded,458,21.16838264042747
229,2026-09-14T02:17:36.705+00:00,2026-09-14T02:22:30.258+00:00,2026-09-14T02:22:36.795+00:00,False,93,92.0,,92.0,293552.577649,300090.354801,300090.355018,3226.7780109462365,0.03577,293552.577649,30432.622353108432,90.1973316,71.06279513043478,20.655277632104216,0.30657433179086446,36,64,,False,False,Request timeout: 300.0s exceeded,400,21.16838264042747
230,2026-09-14T02:17:40.243+00:00,2026-09-14T02:22:33.971+00:00,2026-09-14T02:22:40.326+00:00,False,91,90.0,,90.0,293727.29935900006,300082.52905500005,300082.5290740001,3297.610209604396,0.03958,293727.29935900006,30783.592453635545,91.7855115,70.61366328888889,21.423619278466298,0.2999174936422391,36,64,,False,False,Request timeout: 300.0s exceeded,174,21.16838264042747
231,2026-09-14T02:17:42.772+00:00,2026-09-14T02:22:36.148+00:00,2026-09-14T02:22:42.802+00:00,False,96,95.0,,95.0,293376.868703,300030.299743,300030.299859,3125.3156235312504,0.02068,293376.868703,29935.51072932335,91.50947775,70.03611621052632,21.278958455529672,0.31663468683454676,36,64,,False,False,Request timeout: 300.0s exceeded,392,21.16838264042747
232,2026-09-14T02:17:45.585+00:00,2026-09-14T02:22:39.553+00:00,2026-09-14T02:22:45.614+00:00,False,87,86.0,,86.0,293967.636221,300029.281277,300029.281256,3448.612428229885,0.027739999999999997,293967.636221,31509.089007888353,90.9910573,70.4842448372093,21.049397516636848,0.2866386895104451,36,64,,False,False,Request timeout: 300.0s exceeded,382,21.16838264042747
233,2026-09-14T02:17:49.276+00:00,2026-09-14T02:22:42.936+00:00,2026-09-14T02:22:49.291+00:00,False,94,93.0,,93.0,293659.471218,300014.57188999996,300014.572054,3191.6443835531913,0.03337,293659.471218,30281.62000769003,90.1990273,68.33441582795699,19.77392225731151,0.3099849431116911,36,64,,False,False,Request timeout: 300.0s exceeded,384,21.16838264042747
234,2026-09-14T02:17:52.709+00:00,2026-09-14T02:22:46.623+00:00,2026-09-14T02:22:52.775+00:00,False,91,90.0,,90.0,293914.413136,300065.66305599996,300065.663013,3297.424868274725,0.02432,293914.413136,30803.44318661884,86.35244800000001,68.34722133333332,18.784114431019326,0.2999343513129781,36,64,,False,False,Request timeout: 300.0s exceeded,493,21.16838264042747
235,2026-09-14T02:17:56.029+00:00,2026-09-14T02:22:49.865+00:00,2026-09-14T02:22:56.102+00:00,False,93,92.0,,92.0,293835.30848,300072.527808,300072.527825,3226.5863206989247,0.02137,293835.30848,30462.278287676592,88.3027874,67.79586226086957,19.66926921829447,0.30659254504919486,36,64,,False,False,Request timeout: 300.0s exceeded,487,21.16838264042747
236,2026-09-14T02:17:58.712+00:00,2026-09-14T02:22:52.903+00:00,2026-09-14T02:22:58.791+00:00,False,87,86.0,,86.0,294190.51272500004,300078.316629,300078.31661800004,3449.1760530804604,0.02346,294190.51272500004,31533.200632721524,89.4907893,68.46283609302326,21.114498137679007,0.28659185030795,36,64,,False,False,Request timeout: 300.0s exceeded,231,21.16838264042747
237,2026-09-14T02:18:02.486+00:00,2026-09-14T02:22:56.642+00:00,2026-09-14T02:23:02.530+00:00,False,86,85.0,,85.0,294156.837763,300044.105347,300044.105267,3488.884944965116,0.038270000000000005,294156.837763,31712.285469753067,91.11841974999999,69.26197157647059,20.59270656132366,0.2832916844065234,36,64,,False,False,Request timeout: 300.0s exceeded,127,21.16838264042747
238,2026-09-14T02:18:06.861+00:00,2026-09-14T02:23:00.266+00:00,2026-09-14T02:23:06.921+00:00,False,102,101.0,,101.0,293405.07666,300060.34629200003,300060.346351,2941.7681014803925,0.0,293405.07666,29044.98158806718,88.25456955000001,65.89375873267326,66.09881996002288,0.3365989583365777,36,64,,False,False,Request timeout: 300.0s exceeded,383,21.16838264042747
239,2026-09-14T02:18:09.315+00:00,2026-09-14T02:23:03.131+00:00,2026-09-14T02:23:09.332+00:00,False,96,95.0,,95.0,293816.219645,300016.530941,300016.530877,3125.1721966354166,0.0,293816.219645,29980.90702769029,89.95341475000001,65.26643469473684,67.82419837735081,0.3166492183015152,36,64,,False,False,Request timeout: 300.0s exceeded,163,21.16838264042747
240,2026-09-14T02:18:12.907+00:00,2026-09-14T02:23:06.796+00:00,2026-09-14T02:23:12.990+00:00,False,94,93.0,,93.0,293888.314169,300083.013433,300083.013442,3192.372483425532,0.04352,293888.314169,30305.401687068486,88.30271429999999,66.60966950537635,20.44729773132476,0.3099142431824594,36,64,,False,False,Request timeout: 300.0s exceeded,124,21.16838264042747
241,2026-09-14T02:18:15.927+00:00,2026-09-14T02:23:09.496+00:00,2026-09-14T02:23:15.990+00:00,False,93,92.0,,92.0,293569.478227,300063.296339,300063.29637,3226.487057741935,0.023780000000000003,293569.478227,30434.42390286937,89.310596,70.58497947826088,19.88793850732061,0.3066019773910033,36,64,,False,False,Request timeout: 300.0s exceeded,398,21.16838264042747
242,2026-09-14T02:18:18.419+00:00,2026-09-14T02:23:12.564+00:00,2026-09-14T02:23:18.484+00:00,False,84,83.0,,83.0,294145.391755,300065.89837899996,300065.89821899997,3572.2130740357143,0.03736,294145.391755,32086.116645653048,90.21093549999999,71.33140510843374,19.960938948553807,0.2766059070636756,36,64,,False,False,Request timeout: 300.0s exceeded,526,21.16838264042747
243,2026-09-14T02:18:21.241+00:00,2026-09-14T02:23:14.732+00:00,2026-09-14T02:23:21.275+00:00,False,96,95.0,,95.0,293490.827822,300033.995822,300033.995821,3125.354123135417,0.02586,293490.827822,29947.259620389144,89.17381400000001,68.87545263157895,20.60000092830615,0.31663078625383595,36,64,,False,False,Request timeout: 300.0s exceeded,318,21.16838264042747
244,2026-09-14T02:18:23.917+00:00,2026-09-14T02:23:17.611+00:00,2026-09-14T02:23:23.948+00:00,False,96,95.0,,95.0,293694.235918,300031.406606,300031.406671,3125.3271528229166,0.023809999999999998,293694.235918,29968.241465405543,88.931907,66.70705987368422,21.01841784868313,0.31663351871943735,36,64,,False,False,Request timeout: 300.0s exceeded,369,21.16838264042747
245,2026-09-14T02:18:27.282+00:00,2026-09-14T02:23:20.836+00:00,2026-09-14T02:23:27.321+00:00,False,97,96.0,,96.0,293554.366448,300039.72248,300039.72227900004,3093.193013185567,0.04249,293554.366448,29799.077709536545,89.6795548,67.555792,20.44069749166056,0.3199576349641476,36,64,,False,False,Request timeout: 300.0s exceeded,128,21.16838264042747
246,2026-09-14T02:18:30.739+00:00,2026-09-14T02:23:24.244+00:00,2026-09-14T02:23:30.825+00:00,False,98,97.0,,97.0,293504.65551,300085.934742,300085.934617,3062.101373642857,0.03824,293504.65551,29641.601009172748,90.4129065,67.84823950515464,20.848146947094868,0.3232407413009747,36,64,,False,False,Request timeout: 300.0s exceeded,378,21.16838264042747
247,2026-09-14T02:18:34.002+00:00,2026-09-14T02:23:27.236+00:00,2026-09-14T02:23:34.031+00:00,False,105,104.0,,104.0,293234.372455,300029.666407,300029.66642,2857.4253944761904,0.02427,293234.372455,28610.37604361697,89.93418019999999,65.33936492307691,21.45301792282797,0.34663238887490755,36,64,,False,False,Request timeout: 300.0s exceeded,433,21.16838264042747
248,2026-09-14T02:18:37.770+00:00,2026-09-14T02:23:31.492+00:00,2026-09-14T02:23:37.803+00:00,False,93,92.0,,92.0,293721.80690100003,300033.57701300003,300033.57696900005,3226.167494290323,0.027649999999999997,293721.80690100003,30450.425411557375,90.74065480000002,68.60619686956522,20.757631227371963,0.3066323473389573,36,64,,False,False,Request timeout: 300.0s exceeded,437,21.16838264042747
249,2026-09-14T02:18:40.530+00:00,2026-09-14T02:23:34.265+00:00,2026-09-14T02:23:40.591+00:00,False,91,90.0,,90.0,293734.14108,300060.73282399995,300060.732906,3297.370691274725,0.038729999999999994,293734.14108,30784.3416952638,89.71979499999999,70.29546382222222,19.408263618382744,0.29993927946843124,36,64,,False,False,Request timeout: 300.0s exceeded,433,21.16838264042747
250,2026-09-14T02:18:43.133+00:00,2026-09-14T02:23:36.432+00:00,2026-09-14T02:23:43.143+00:00,False,100,99.0,,99.0,293298.901074,300010.268498,300010.26871699997,3000.10268717,0.02447,293298.901074,29323.117298163277,87.58361135000001,67.79159014141413,19.395975225980795,0.3299887050388076,36,64,,False,False,Request timeout: 300.0s exceeded,450,21.16838264042747
251,2026-09-14T02:18:46.994+00:00,2026-09-14T02:23:40.514+00:00,2026-09-14T02:23:47.027+00:00,False,99,98.0,,98.0,293520.810523,300033.00917900004,300033.009238,3030.6364569494954,0.026600000000000002,293520.810523,29493.278830827454,86.338081,66.45100669387755,18.900374138357485,0.3266307272928529,36,64,,False,False,Request timeout: 300.0s exceeded,367,21.16838264042747
252,2026-09-14T02:18:49.982+00:00,2026-09-14T02:23:43.882+00:00,2026-09-14T02:23:50.066+00:00,False,93,92.0,,92.0,293900.007657,300083.622377,300083.622405,3226.705617258064,0.02461,293900.007657,30469.04794013082,89.21225899999999,67.21320347826088,20.045967377069438,0.3065812098349669,36,64,,False,False,Request timeout: 300.0s exceeded,439,21.16838264042747
253,2026-09-14T02:18:54.354+00:00,2026-09-14T02:23:48.288+00:00,2026-09-14T02:23:54.378+00:00,False,89,88.0,,88.0,293934.120534,300024.216662,300024.216549,3371.058612910112,0.06380899999999999,293934.120534,31149.625313017234,89.55896499999999,69.20563781818181,20.44466356606498,0.2933096567306054,36,64,,False,False,Request timeout: 300.0s exceeded,420,21.16838264042747
254,2026-09-14T02:18:59.265+00:00,2026-09-14T02:23:51.836+00:00,2026-09-14T02:23:59.371+00:00,False,114,113.0,,113.0,292570.760123,300106.067131,300106.067097,2632.5093605,0.03577,292570.760123,27395.52453316651,89.92448015,66.68413281415928,20.755586894517947,0.3765335405587589,36,64,,False,False,Request timeout: 300.0s exceeded,571,21.16838264042747
255,2026-09-14T02:19:01.546+00:00,2026-09-14T02:23:55.453+00:00,2026-09-14T02:24:01.629+00:00,False,103,102.0,,102.0,293907.020694,300083.08495,300083.085181,2913.4280114660196,0.0,293907.020694,28953.62661361479,92.47536699999999,60.54964956862745,65.55856612824132,0.3399058631278577,36,64,,False,False,Request timeout: 300.0s exceeded,516,21.16838264042747
256,2026-09-14T02:19:04.077+00:00,2026-09-14T02:23:58.070+00:00,2026-09-14T02:24:04.121+00:00,False,101,100.0,,100.0,293992.526249,300043.85424899997,300043.85414,2970.7312291089106,0.0,293992.526249,29247.404328217857,92.259015,60.51328,66.96641947625477,0.3332846135119039,36,64,,False,False,Request timeout: 300.0s exceeded,492,21.16838264042747
257,2026-09-14T02:19:06.874+00:00,2026-09-14T02:24:01.380+00:00,2026-09-14T02:24:06.917+00:00,False,94,93.0,,93.0,294505.567622,300042.701958,300042.701869,3191.9436369042555,0.0,294505.567622,30369.802837444917,89.88352599999999,59.53907888172043,29.177978884536905,0.3099558809233032,36,64,,False,False,Request timeout: 300.0s exceeded,401,21.16838264042747
258,2026-09-14T02:19:10.137+00:00,2026-09-14T02:24:04.327+00:00,2026-09-14T02:24:10.162+00:00,False,89,88.0,,88.0,294189.229109,300024.890677,300024.890525,3371.066185674157,0.02052,294189.229109,31176.972570541755,88.0580194,66.314336,19.38538021483481,0.29330899780158176,36,64,,False,False,Request timeout: 300.0s exceeded,313,21.16838264042747
259,2026-09-14T02:19:13.166+00:00,2026-09-14T02:24:06.741+00:00,2026-09-14T02:24:13.182+00:00,False,98,97.0,,97.0,293574.811484,300016.071004,300016.070831,3061.388477867347,0.02222,293574.811484,29648.832849583385,88.323711,66.40473731958762,19.669312549488613,0.3233160132901905,36,64,,False,False,Request timeout: 300.0s exceeded,441,21.16838264042747
260,2026-09-14T02:19:16.788+00:00,2026-09-14T02:24:10.165+00:00,2026-09-14T02:24:16.843+00:00,False,99,98.0,,98.0,293376.74073,300054.953082,300054.953067,3030.858111787879,0.039039000000000004,293376.74073,29478.629816792225,87.50516180000001,68.145024,20.11718255899851,0.3266068398251644,36,64,,False,False,Request timeout: 300.0s exceeded,498,21.16838264042747
261,2026-09-14T02:19:19.997+00:00,2026-09-14T02:24:14.101+00:00,2026-09-14T02:24:20.046+00:00,False,86,85.0,,85.0,294104.489451,300049.062635,300049.062818,3488.942590906977,0.039700000000000006,294104.489451,31706.567274875873,87.88838675000001,69.93615510588235,19.58165687974666,0.2832870039770788,36,64,,False,False,Request timeout: 300.0s exceeded,359,21.16838264042747
262,2026-09-14T02:19:24.289+00:00,2026-09-14T02:24:18.316+00:00,2026-09-14T02:24:24.363+00:00,False,89,88.0,,88.0,294027.175433,300074.209801,300074.209844,3371.620335325843,0.028640000000000002,294027.175433,31159.540516939465,88.601725,68.71629963636364,19.717838894493372,0.2932607905836323,36,64,,False,False,Request timeout: 300.0s exceeded,267,21.16838264042747
263,2026-09-14T02:19:26.834+00:00,2026-09-14T02:24:20.340+00:00,2026-09-14T02:24:26.900+00:00,False,97,96.0,,96.0,293505.367931,300065.512315,300065.51225800003,3093.458889257732,0.05216,293505.367931,29794.023099084512,88.370937,68.33483733333333,19.7427450312981,0.31993013545396054,36,64,,False,False,Request timeout: 300.0s exceeded,459,21.16838264042747
264,2026-09-14T02:19:30.383+00:00,2026-09-14T02:24:23.850+00:00,2026-09-14T02:24:30.398+00:00,False,99,98.0,,98.0,293467.068162,300014.71027399995,300014.710326,3030.4516194545454,0.02444,293467.068162,29487.842129548975,89.184072,66.81267461224489,20.353180569455684,0.32665064959814044,36,64,,False,False,Request timeout: 300.0s exceeded,440,21.16838264042747
265,2026-09-14T02:19:33.711+00:00,2026-09-14T02:24:27.852+00:00,2026-09-14T02:24:33.782+00:00,False,88,87.0,,87.0,294140.887277,300071.606509,300071.606343,3409.904617534091,0.037509999999999995,294140.887277,31348.263122281518,87.41019635,68.16918657471265,19.578062832394178,0.28993079689260975,36,64,,False,False,Request timeout: 300.0s exceeded,393,21.16838264042747
266,2026-09-14T02:19:36.459+00:00,2026-09-14T02:24:30.185+00:00,2026-09-14T02:24:36.507+00:00,False,93,92.0,,92.0,293725.36521200003,300047.73679600004,300047.73692000005,3226.319751827957,0.039269,293725.36521200003,30450.781703855537,88.8031262,68.72143026086957,19.632736518725913,0.3066178768165481,36,64,,False,False,Request timeout: 300.0s exceeded,482,21.16838264042747
267,2026-09-14T02:19:39.904+00:00,2026-09-14T02:24:33.534+00:00,2026-09-14T02:24:39.936+00:00,False,93,92.0,,92.0,293630.425897,300031.942697,300031.942688,3226.149921376344,0.04156,293630.425897,30440.84772111007,87.6266208,69.58170434782609,19.585132593455363,0.3066340176082855,36,64,,False,False,Request timeout: 300.0s exceeded,294,21.16838264042747
268,2026-09-14T02:19:43.181+00:00,2026-09-14T02:24:36.712+00:00,2026-09-14T02:24:43.196+00:00,False,92,91.0,,91.0,293530.983337,300014.83485700004,300014.834775,3261.0308127717394,0.03418,293530.983337,30595.298413378154,91.2152637,71.2511156043956,19.831342445033503,0.30331833438627964,36,64,,False,False,Request timeout: 300.0s exceeded,307,21.16838264042747
269,2026-09-14T02:19:46.748+00:00,2026-09-14T02:24:40.922+00:00,2026-09-14T02:24:47.619+00:00,False,65,64.0,,64.0,294173.69683200005,300871.39411200007,300871.393968,4628.79067643077,0.03514,294173.69683200005,36475.79913597215,89.9734258,104.65152,275.3617770376779,0.21271546997311366,36,64,,False,False,Request timeout: 300.0s exceeded,225,21.16838264042747
270,2026-09-14T02:19:50.343+00:00,2026-09-14T02:24:43.889+00:00,2026-09-14T02:24:49.750+00:00,True,100,100.0,,100.0,293545.816009,299407.085257,299407.085341,2994.07085341,0.01551,293545.816009,29349.46456487794,94.02456245000002,59.204739878787876,218.26940245634478,0.33399343209985727,36,64,,False,True,,494,21.16838264042747
271,2026-09-14T02:19:52.981+00:00,2026-09-14T02:24:47.827+00:00,2026-09-14T02:24:53.031+00:00,False,77,76.0,,76.0,294845.952773,300050.171909,300050.171752,3896.7554772987014,0.02155,294845.952773,33593.01818466301,90.8909102,68.47656757894737,21.93747877942821,0.2532909730278357,36,64,,False,False,Request timeout: 300.0s exceeded,381,21.16838264042747
272,2026-09-14T02:19:56.507+00:00,2026-09-14T02:24:50.140+00:00,2026-09-14T02:24:57.008+00:00,False,90,89.0,,89.0,293633.124763,300500.796059,300500.79594,3338.897732666667,0.037469999999999996,293633.124763,30943.585384601734,92.1279325,77.1648460224719,66.30936744982503,0.296172260330804,36,64,,False,False,Request timeout: 300.0s exceeded,335,21.16838264042747
273,2026-09-14T02:19:59.153+00:00,2026-09-14T02:24:52.655+00:00,2026-09-14T02:24:59.166+00:00,False,100,99.0,,99.0,293501.63952200004,300013.51305800007,300013.51293100003,3000.1351293100006,0.0,293501.63952200004,29343.662109951485,88.27025454999999,65.77650036363637,67.03983622203769,0.32998513630571313,36,64,,False,False,Request timeout: 300.0s exceeded,368,21.16838264042747
274,2026-09-14T02:20:02.407+00:00,2026-09-14T02:24:56.008+00:00,2026-09-14T02:25:02.422+00:00,False,101,100.0,,100.0,293601.410304,300015.481344,300015.48130000004,2970.4503099009903,0.0,293601.410304,29208.124900697414,84.09644199999998,64.1407104,66.48196926921206,0.3333161327276283,36,64,,False,False,Request timeout: 300.0s exceeded,478,21.16838264042747
275,2026-09-14T02:20:04.885+00:00,2026-09-14T02:24:58.764+00:00,2026-09-14T02:25:04.917+00:00,False,93,92.0,,92.0,293878.90446,300032.30913199997,300032.30921599997,3226.1538625376343,0.036109999999999996,293878.90446,30466.893350319304,86.5877392,66.88483339130435,19.51491641620774,0.30663364311049707,36,64,,False,False,Request timeout: 300.0s exceeded,360,21.16838264042747
276,2026-09-14T02:20:07.718+00:00,2026-09-14T02:25:01.554+00:00,2026-09-14T02:25:07.751+00:00,False,94,93.0,,93.0,293835.285485,300032.62257300003,300032.622347,3191.8364079468083,0.03822,293835.285485,30299.928978538217,88.44561585,66.63803320430108,20.002954825821423,0.30996629367319034,36,64,,False,False,Request timeout: 300.0s exceeded,450,21.16838264042747
277,2026-09-14T02:20:10.179+00:00,2026-09-14T02:25:03.800+00:00,2026-09-14T02:25:10.191+00:00,False,94,93.0,,93.0,293621.295218,300012.646514,300012.646361,3191.623897457447,0.023149999999999997,293621.295218,30277.642314961744,89.41036614999999,68.72420748387097,19.872365412069385,0.3099869324863949,36,64,,False,False,Request timeout: 300.0s exceeded,466,21.16838264042747
278,2026-09-14T02:20:13.585+00:00,2026-09-14T02:25:07.363+00:00,2026-09-14T02:25:13.596+00:00,False,88,87.0,,87.0,293777.65412,300010.61770400003,300010.617588,3409.2115635000005,0.04082,293777.65412,31309.1716313926,90.33623455000001,71.6432595862069,18.959487773032308,0.28998973658271304,36,64,,False,False,Request timeout: 300.0s exceeded,129,21.16838264042747
279,2026-09-14T02:20:16.922+00:00,2026-09-14T02:25:10.575+00:00,2026-09-14T02:25:16.932+00:00,False,92,91.0,,91.0,293652.529836,300010.06046,300010.060322,3260.978916543478,0.059179999999999996,293652.529836,30608.115507620852,90.38749305000002,69.8629738901099,20.255243762093265,0.3033231614315578,36,64,,False,False,Request timeout: 300.0s exceeded,454,21.16838264042747
280,2026-09-14T02:20:20.315+00:00,2026-09-14T02:25:14.116+00:00,2026-09-14T02:25:20.363+00:00,False,92,91.0,,91.0,293801.060205,300047.855213,300047.855133,3261.3897297065214,0.018039000000000003,293801.060205,30623.728565056805,89.55867450000001,68.646098989011,21.488763050659774,0.30328495411307077,36,64,,False,False,Request timeout: 300.0s exceeded,526,21.16838264042747
281,2026-09-14T02:20:22.777+00:00,2026-09-14T02:25:16.575+00:00,2026-09-14T02:25:22.810+00:00,False,93,92.0,,92.0,293797.140546,300032.611906,300032.611798,3226.1571161075267,0.24231,293797.140546,30458.322961806993,89.79525659999999,67.77686260869565,20.487298548800577,0.3066333336751524,36,64,,False,False,Request timeout: 300.0s exceeded,418,21.16838264042747
282,2026-09-14T02:20:25.829+00:00,2026-09-14T02:25:19.634+00:00,2026-09-14T02:25:25.854+00:00,False,94,93.0,,93.0,293804.63500199997,300025.086074,300025.08605499996,3191.756234627659,0.03932,293804.63500199997,30296.742175846284,88.07414165,66.88657066666667,20.287972081596664,0.30997407989097925,36,64,,False,False,Request timeout: 300.0s exceeded,182,21.16838264042747
283,2026-09-14T02:20:29.460+00:00,2026-09-14T02:25:23.797+00:00,2026-09-14T02:25:29.531+00:00,False,82,81.0,,81.0,294336.749701,300071.587973,300071.587972,3659.409609414634,0.02176,294336.749701,32496.244276005647,90.36325600000002,70.80047249382716,20.571355591168466,0.26993558619514574,36,64,,False,False,Request timeout: 300.0s exceeded,347,21.16838264042747
284,2026-09-14T02:20:31.978+00:00,2026-09-14T02:25:25.683+00:00,2026-09-14T02:25:32.004+00:00,False,90,89.0,,89.0,293705.057776,300025.90744,300025.90748,3333.621194222222,0.023649,293705.057776,30951.75198425279,90.3411223,71.02078274157303,20.637203973811175,0.2966410492993792,36,64,,False,False,Request timeout: 300.0s exceeded,305,21.16838264042747
285,2026-09-14T02:20:36.402+00:00,2026-09-14T02:25:30.227+00:00,2026-09-14T02:25:36.462+00:00,False,89,88.0,,88.0,293824.523529,300060.450313,300060.450329,3371.465734033708,0.02727,293824.523529,31137.832394628695,91.21339599999999,70.86280436363636,20.44137388416282,0.2932742382683395,36,64,,False,False,Request timeout: 300.0s exceeded,380,21.16838264042747
286,2026-09-14T02:20:39.272+00:00,2026-09-14T02:25:33.222+00:00,2026-09-14T02:25:39.342+00:00,False,89,88.0,,88.0,293949.76855599997,300069.68996399996,300069.689821,3371.569548550561,0.039299999999999995,293949.76855599997,31151.247425376507,89.90877619999999,69.54456145454546,19.419476032908822,0.2932652078607391,36,64,,False,False,Request timeout: 300.0s exceeded,425,21.16838264042747
287,2026-09-14T02:20:43.310+00:00,2026-09-14T02:25:36.894+00:00,2026-09-14T02:25:43.369+00:00,False,96,95.0,,95.0,293584.77341900003,300059.704619,300059.70468500006,3125.6219238020835,0.03798,293584.77341900003,29956.920740985584,88.08719900000001,68.1571705263158,19.899133987319274,0.3166036576641505,36,64,,False,False,Request timeout: 300.0s exceeded,467,21.16838264042747
288,2026-09-14T02:20:46.352+00:00,2026-09-14T02:25:40.243+00:00,2026-09-14T02:25:46.428+00:00,False,91,90.0,,90.0,293890.661325,300075.726541,300075.726756,3297.5354588571427,0.02469,293890.661325,30800.915183637873,89.2976965,68.72294684444444,20.753465583555904,0.2999242925692062,36,64,,False,False,Request timeout: 300.0s exceeded,371,21.16838264042747
289,2026-09-14T02:20:49.782+00:00,2026-09-14T02:25:43.850+00:00,2026-09-14T02:25:49.822+00:00,False,85,84.0,,84.0,294067.467894,300039.607158,300039.607205,3529.8777318235293,0.02475,294067.467894,31888.38984314161,89.7730622,71.096896,19.946960380141434,0.2799630381990396,36,64,,False,False,Request timeout: 300.0s exceeded,334,21.16838264042747
290,2026-09-14T02:20:53.377+00:00,2026-09-14T02:25:47.066+00:00,2026-09-14T02:25:53.383+00:00,False,99,98.0,,98.0,293689.302148,300006.502532,300006.502497,3030.368712090909,0.0,293689.302148,29510.48577732494,87.2536629,64.46122840816327,68.59769752596537,0.32665958628529024,36,64,,False,False,Request timeout: 300.0s exceeded,423,21.16838264042747
291,2026-09-14T02:20:56.642+00:00,2026-09-14T02:25:50.682+00:00,2026-09-14T02:25:56.679+00:00,False,96,95.0,,95.0,294040.11549,300037.115426,300037.115483,3125.386619614583,0.0,294040.11549,30003.98040548551,90.35251099999999,63.126315115789474,69.4749739215286,0.3166274941189083,36,64,,False,False,Request timeout: 300.0s exceeded,354,21.16838264042747
292,2026-09-14T02:21:00.879+00:00,2026-09-14T02:25:54.902+00:00,2026-09-14T02:26:00.884+00:00,False,89,88.0,,88.0,294023.858765,300005.593933,300005.59369300003,3370.849367337079,0.03736,294023.858765,31159.268446084745,89.9501454,67.97426327272727,21.016408574406828,0.2933278638119427,36,64,,False,False,Request timeout: 300.0s exceeded,480,21.16838264042747
293,2026-09-14T02:21:04.960+00:00,2026-09-14T02:25:58.637+00:00,2026-09-14T02:26:04.997+00:00,False,92,91.0,,91.0,293677.722198,300037.620822,300037.620847,3261.278487467391,0.081439,293677.722198,30610.739298623947,89.4561716,69.88899586813186,20.284957865224957,0.3032952992717755,36,64,,False,False,Request timeout: 300.0s exceeded,480,21.16838264042747
294,2026-09-14T02:21:07.404+00:00,2026-09-14T02:26:00.887+00:00,2026-09-14T02:26:07.460+00:00,False,96,95.0,,95.0,293482.87835199997,300055.706768,300055.70689,3125.5802801041664,0.03052,293482.87835199997,29946.41640789775,90.24470225,69.18766753684211,20.588418383965006,0.3166078759950166,36,64,,False,False,Request timeout: 300.0s exceeded,466,21.16838264042747
295,2026-09-14T02:21:10.879+00:00,2026-09-14T02:26:04.561+00:00,2026-09-14T02:26:10.929+00:00,False,97,96.0,,96.0,293682.131623,300049.946023,300049.94591400004,3093.2984114845362,0.02471,293682.131623,29812.174837682203,90.613599,66.3314,20.76977356866717,0.3199467331103643,36,64,,False,False,Request timeout: 300.0s exceeded,441,21.16838264042747
296,2026-09-14T02:21:13.910+00:00,2026-09-14T02:26:07.639+00:00,2026-09-14T02:26:13.921+00:00,False,92,91.0,,91.0,293729.681835,300011.108267,300011.108097,3260.990305402174,0.02422,293729.681835,30616.24625608961,89.2208015,69.02666408791208,20.11252586010116,0.30332210205701116,36,64,,False,False,Request timeout: 300.0s exceeded,121,21.16838264042747
297,2026-09-14T02:21:16.660+00:00,2026-09-14T02:26:10.321+00:00,2026-09-14T02:26:17.240+00:00,False,99,98.0,,98.0,293661.27643,300579.61243000004,300579.61240700004,3036.1577010808082,0.026600000000000002,293661.27643,29506.980317540434,90.52960589999999,70.59526530612246,19.89659856907879,0.32603675015657474,36,64,,False,False,Request timeout: 300.0s exceeded,488,21.16838264042747
298,2026-09-14T02:21:21.000+00:00,2026-09-14T02:26:14.567+00:00,2026-09-14T02:26:21.031+00:00,False,98,97.0,,97.0,293567.213659,300031.771227,300031.771245,3061.5486861734694,0.08125,293567.213659,29648.041511381838,89.17812935,66.6449233814433,20.299661521082754,0.323299094636918,36,64,,False,False,Request timeout: 300.0s exceeded,446,21.16838264042747
299,2026-09-14T02:21:24.510+00:00,2026-09-14T02:26:18.387+00:00,2026-09-14T02:26:24.598+00:00,False,90,89.0,,89.0,293877.169707,300087.810859,300087.810859,3334.3090095444445,0.02355,293877.169707,30970.024631751352,89.11545849999999,69.78248485393259,20.535162048222137,0.296579856893347,36,64,,False,False,Request timeout: 300.0s exceeded,445,21.16838264042747
300,2026-09-14T02:21:28.137+00:00,2026-09-14T02:26:22.205+00:00,2026-09-14T02:26:28.204+00:00,False,88,87.0,,87.0,294067.88537599996,300066.357056,300066.35724599997,3409.844968704545,0.03555,294067.88537599996,31340.39873253175,88.39802964999998,68.94795034482759,20.61070240230578,0.2899358690310077,36,64,,False,False,Request timeout: 300.0s exceeded,402,21.16838264042747
301,2026-09-14T02:21:32.024+00:00,2026-09-14T02:26:25.891+00:00,2026-09-14T02:26:32.088+00:00,False,93,92.0,,92.0,293866.708222,300063.51282999996,300063.512783,3226.4893847634407,0.020919,293866.708222,30465.58055882176,89.44690299999998,67.35657182608695,20.763007555629223,0.30660175618260627,36,64,,False,False,Request timeout: 300.0s exceeded,467,21.16838264042747
302,2026-09-14T02:21:34.668+00:00,2026-09-14T02:26:28.521+00:00,2026-09-14T02:26:34.701+00:00,False,92,91.0,,91.0,293852.687352,300032.423928,300032.42378899996,3261.2219977065215,0.03452,293852.687352,30629.18726150686,89.16518704999999,67.90919314285715,20.55747019449939,0.3033005526823916,36,64,,False,False,Request timeout: 300.0s exceeded,389,21.16838264042747
303,2026-09-14T02:21:38.115+00:00,2026-09-14T02:26:31.592+00:00,2026-09-14T02:26:38.156+00:00,False,98,97.0,,97.0,293476.382168,300040.247768,300040.24756399996,3061.6351792244895,0.02621,293476.382168,29638.76227263657,89.22385985000001,67.6687175257732,19.61518681610163,0.32328996100217616,36,64,,False,False,Request timeout: 300.0s exceeded,428,21.16838264042747
304,2026-09-14T02:21:41.647+00:00,2026-09-14T02:26:35.167+00:00,2026-09-14T02:26:41.698+00:00,False,100,99.0,,99.0,293519.704469,300051.059093,300051.05902499997,3000.51059025,0.03403,293519.704469,29345.380298913118,89.32769540000001,65.97327903030303,20.632256911937365,0.32994384455518694,36,64,,False,False,Request timeout: 300.0s exceeded,447,21.16838264042747
305,2026-09-14T02:21:46.322+00:00,2026-09-14T02:26:39.235+00:00,2026-09-14T02:26:46.462+00:00,False,102,101.0,,101.0,292912.500392,300139.36272800004,300139.36256000004,2942.5427701960784,0.03746,292912.500392,28995.634605186922,91.23034299999999,71.55309243564356,59.36016495028243,0.33651034333517527,36,64,,False,False,Request timeout: 300.0s exceeded,441,21.16838264042747
306,2026-09-14T02:21:49.081+00:00,2026-09-14T02:26:43.152+00:00,2026-09-14T02:26:49.092+00:00,False,96,95.0,,95.0,294071.348537,300011.004985,300011.004982,3125.1146352291667,0.0,294071.348537,30007.219616655326,91.21911449999999,62.52269945263158,64.91855851508599,0.31665505071972216,36,64,,False,False,Request timeout: 300.0s exceeded,313,21.16838264042747
307,2026-09-14T02:21:52.990+00:00,2026-09-14T02:26:47.657+00:00,2026-09-14T02:26:53.013+00:00,False,82,81.0,,81.0,294666.636091,300023.00293899997,300023.003028,3658.817110097561,0.02389,294666.636091,32533.189931054363,88.07358964999999,66.12798577777778,20.273185443552578,0.2699792989421839,36,64,,False,False,Request timeout: 300.0s exceeded,304,21.16838264042747
308,2026-09-14T02:21:55.587+00:00,2026-09-14T02:26:49.265+00:00,2026-09-14T02:26:55.602+00:00,False,95,94.0,,94.0,293677.872401,300014.102033,300014.102089,3158.0431798842105,0.022359999999999998,293677.872401,30123.804732097175,88.30909670000001,67.40669821276596,19.981505194749854,0.31331860523563154,36,64,,False,False,Request timeout: 300.0s exceeded,451,21.16838264042747
309,2026-09-14T02:21:59.452+00:00,2026-09-14T02:26:53.354+00:00,2026-09-14T02:26:59.488+00:00,False,88,87.0,,87.0,293902.186929,300036.149937,300036.149824,3409.501702545455,0.02419,293902.186929,31322.568605875113,88.61821534999999,70.50532193103447,19.665531260319508,0.2899650592712505,36,64,,False,False,Request timeout: 300.0s exceeded,428,21.16838264042747
310,2026-09-14T02:22:02.434+00:00,2026-09-14T02:26:56.065+00:00,2026-09-14T02:27:02.458+00:00,False,92,91.0,,91.0,293630.683994,300023.431258,300023.431331,3261.1242535978263,0.040130000000000006,293630.683994,30605.79728835858,89.05930355000001,70.24996993406594,19.813622312501394,0.30330964357829143,36,64,,False,False,Request timeout: 300.0s exceeded,436,21.16838264042747
311,2026-09-14T02:22:06.053+00:00,2026-09-14T02:27:00.094+00:00,2026-09-14T02:27:06.086+00:00,False,88,87.0,,87.0,294040.36485,300032.06405,300032.064245,3409.4552755113637,0.02291,294040.36485,31337.47267195655,89.22913614999999,68.87010574712643,19.56672705378237,0.28996900806409,36,64,,False,False,Request timeout: 300.0s exceeded,432,21.16838264042747
312,2026-09-14T02:22:09.991+00:00,2026-09-14T02:27:03.868+00:00,2026-09-14T02:27:10.035+00:00,False,94,93.0,,93.0,293877.167455,300043.915615,300043.915751,3191.956550542553,0.032490000000000005,293877.167455,30304.28252606923,87.40321035000001,66.30912,19.738884669859576,0.3099546271730853,36,64,,False,False,Request timeout: 300.0s exceeded,171,21.16838264042747
313,2026-09-14T02:22:12.883+00:00,2026-09-14T02:27:06.845+00:00,2026-09-14T02:27:12.924+00:00,False,90,89.0,,89.0,293961.600608,300041.311328,300041.311147,3333.792346077778,0.03935,293961.600608,30979.079359798463,88.61184250000001,68.31135640449438,20.32172861087628,0.29662581997819204,36,64,,False,False,Request timeout: 300.0s exceeded,457,21.16838264042747
314,2026-09-14T02:22:15.406+00:00,2026-09-14T02:27:09.384+00:00,2026-09-14T02:27:15.429+00:00,False,92,91.0,,91.0,293978.02911400003,300023.81599400006,300023.816025,3261.1284350543483,0.03959,293978.02911400003,30642.40834836346,88.81063750000001,66.43721846153846,20.32102846884964,0.30330925462870534,36,64,,False,False,Request timeout: 300.0s exceeded,258,21.16838264042747
315,2026-09-14T02:22:19.071+00:00,2026-09-14T02:27:12.796+00:00,2026-09-14T02:27:19.088+00:00,False,97,96.0,,96.0,293725.21109,300016.440786,300016.44072199997,3092.9529971340207,0.055119999999999995,293725.21109,29816.62989090883,89.012204,65.53364266666667,20.765710143939096,0.31998246412261205,36,64,,False,False,Request timeout: 300.0s exceeded,456,21.16838264042747
316,2026-09-14T02:22:22.759+00:00,2026-09-14T02:27:16.596+00:00,2026-09-14T02:27:22.809+00:00,False,90,89.0,,89.0,293836.90150599997,300050.125954,300050.12587399996,3333.8902874888886,0.18029,293836.90150599997,30965.77656375541,88.62943750000001,69.81151065168538,19.965513039289988,0.29661710594863866,36,64,,False,False,Request timeout: 300.0s exceeded,447,21.16838264042747
317,2026-09-14T02:22:26.239+00:00,2026-09-14T02:27:20.240+00:00,2026-09-14T02:27:26.301+00:00,False,85,84.0,,84.0,294001.018821,300062.456005,300062.456138,3530.1465428,0.036669,294001.018821,31881.066158831876,88.493767,72.15996647619048,18.318763413573983,0.2799417198618153,36,64,,False,False,Request timeout: 300.0s exceeded,379,21.16838264042747
318,2026-09-14T02:22:30.174+00:00,2026-09-14T02:27:24.464+00:00,2026-09-14T02:27:30.182+00:00,False,83,82.0,,82.0,294290.39312,300008.26934400003,300008.26928400004,3614.557461253012,0.0476,294290.39312,32294.91911539953,89.0548901,69.73019785365854,19.43387915170421,0.2733257992498064,36,64,,False,False,Request timeout: 300.0s exceeded,357,21.16838264042747
319,2026-09-14T02:22:34.485+00:00,2026-09-14T02:27:28.449+00:00,2026-09-14T02:27:34.519+00:00,False,96,95.0,,95.0,293964.01794199995,300034.22159,300034.221422,3125.3564731458328,0.04323,293964.01794199995,29996.061828057365,87.32718325,63.896880505263155,19.590958479074807,0.3166305479973499,36,64,,False,False,Request timeout: 300.0s exceeded,394,21.16838264042747
320,2026-09-14T02:22:37.018+00:00,2026-09-14T02:27:31.120+00:00,2026-09-14T02:27:37.046+00:00,False,91,90.0,,90.0,294101.841362,300028.40596999996,300028.405905,3297.0154495054944,0.03728,294101.841362,30823.353110843862,87.71290499999999,65.85071786666667,19.446866829831663,0.2999715967194092,36,64,,False,False,Request timeout: 300.0s exceeded,406,21.16838264042747
321,2026-09-14T02:22:41.256+00:00,2026-09-14T02:27:35.241+00:00,2026-09-14T02:27:41.264+00:00,False,87,86.0,,86.0,293984.877211,300007.430299,300007.430402,3448.361268988506,0.03405,293984.877211,31510.985464505517,89.02936229999999,70.02968706976745,19.953565909317284,0.2866595667790254,36,64,,False,False,Request timeout: 300.0s exceeded,456,21.16838264042747
322,2026-09-14T02:22:44.348+00:00,2026-09-14T02:27:37.992+00:00,2026-09-14T02:27:44.365+00:00,False,97,96.0,,96.0,293644.191322,300017.432922,300017.432901,3092.963225783505,0.0,293644.191322,29808.387642370242,90.402233,66.38793333333334,68.5313527095663,0.3199814059636946,36,64,,False,False,Request timeout: 300.0s exceeded,464,21.16838264042747
323,2026-09-14T02:22:48.204+00:00,2026-09-14T02:27:42.426+00:00,2026-09-14T02:27:48.276+00:00,False,102,101.0,,101.0,294222.123423,300072.752543,300072.752546,2941.889730843137,0.0,294222.123423,29126.60958444327,90.05720305000001,57.92702099009901,28.65352573527516,0.33658504194087685,36,64,,False,False,Request timeout: 300.0s exceeded,510,21.16838264042747
324,2026-09-14T02:22:52.221+00:00,2026-09-14T02:27:45.960+00:00,2026-09-14T02:27:52.229+00:00,False,91,90.0,,90.0,293739.459843,300007.604739,300007.604816,3296.78686610989,0.019530000000000002,293739.459843,30784.967459407762,88.01332400000001,69.64605440000001,19.615331311424093,0.29999239545376866,36,64,,False,False,Request timeout: 300.0s exceeded,301,21.16838264042747
325,2026-09-14T02:22:55.750+00:00,2026-09-14T02:27:49.267+00:00,2026-09-14T02:27:55.776+00:00,False,96,95.0,,95.0,293517.53343300003,300026.067449,300026.06730800006,3125.2715344583335,0.02109,293517.53343300003,29950.02184564937,87.4349325,68.51088437894737,19.67892705288171,0.316639153416723,36,64,,False,False,Request timeout: 300.0s exceeded,498,21.16838264042747
326,2026-09-14T02:22:59.674+00:00,2026-09-14T02:27:53.591+00:00,2026-09-14T02:27:59.706+00:00,False,91,90.0,,90.0,293917.034272,300032.76009600004,300032.760055,3297.0632973076927,0.03547,293917.034272,30803.760904344123,89.9582105,67.95250915555556,21.2300563584338,0.29996724348102227,36,64,,False,False,Request timeout: 300.0s exceeded,424,21.16838264042747
327,2026-09-14T02:23:02.624+00:00,2026-09-14T02:27:56.198+00:00,2026-09-14T02:28:02.637+00:00,False,98,97.0,,97.0,293573.871477,300013.409397,300013.40945700003,3061.361320989796,0.05077,293573.871477,29648.74022347862,88.21389300000001,66.38698886597938,20.469838186777817,0.3233188816291955,36,64,,False,False,Request timeout: 300.0s exceeded,394,21.16838264042747
328,2026-09-14T02:23:06.164+00:00,2026-09-14T02:27:59.916+00:00,2026-09-14T02:28:06.567+00:00,False,100,99.0,,99.0,293752.043123,300403.293811,300403.293736,3004.0329373600002,0.02019,293752.043123,29368.492389797535,89.23611000000001,67.18435038383839,19.657690708989836,0.3295569723755634,36,64,,False,False,Request timeout: 300.0s exceeded,432,21.16838264042747
329,2026-09-14T02:23:10.577+00:00,2026-09-14T02:28:04.007+00:00,2026-09-14T02:28:10.645+00:00,False,98,97.0,,97.0,293430.497464,300068.766392,300068.766414,3061.926187897959,0.020210000000000002,293430.497464,29634.0501196062,89.17490305000001,68.43576214432989,20.193546475815765,0.3232592354289962,36,64,,False,False,Request timeout: 300.0s exceeded,509,21.16838264042747
330,2026-09-14T02:23:14.563+00:00,2026-09-14T02:28:08.232+00:00,2026-09-14T02:28:14.678+00:00,False,58,57.0,,57.0,293668.70694199996,300115.30354999995,300115.30348799995,5174.401784275861,0.04305,293668.70694199996,38547.274734616214,91.24375034999998,113.09818610526315,347.04944005429184,0.18992700247457944,36,64,,False,False,Request timeout: 300.0s exceeded,251,21.16838264042747
331,2026-09-14T02:23:18.083+00:00,2026-09-14T02:28:14.633+00:00,2026-09-14T02:28:18.133+00:00,False,101,100.0,,100.0,296550.05362900003,300050.242557,300050.24258,2970.794480990099,0.01533,296550.05362900003,29504.372394189493,88.122654,35.00188928,36.21227504822539,0.33327751761774754,36,64,,False,False,Request timeout: 300.0s exceeded,440,21.16838264042747
332,2026-09-14T02:23:21.987+00:00,2026-09-14T02:28:16.024+00:00,2026-09-14T02:28:22.047+00:00,False,87,86.0,,86.0,294037.173279,300059.556383,300059.556505,3448.960419597701,0.0224,294037.173279,31516.592019327913,87.452683,70.02771051162792,19.331919994270756,0.2866097685295131,36,64,,False,False,Request timeout: 300.0s exceeded,208,21.16838264042747
333,2026-09-14T02:23:25.618+00:00,2026-09-14T02:28:19.004+00:00,2026-09-14T02:28:25.650+00:00,False,98,97.0,,97.0,293385.915538,300032.128914,300032.129088,3061.5523376326532,0.04654,293385.915538,29629.538680157675,90.7562227,68.51766367010309,20.615453703671523,0.32329870921191806,36,64,,False,False,Request timeout: 300.0s exceeded,442,21.16838264042747
334,2026-09-14T02:23:28.667+00:00,2026-09-14T02:28:22.332+00:00,2026-09-14T02:28:28.754+00:00,False,94,93.0,,93.0,293664.57536400005,300087.122564,300087.1225560001,3192.416197404256,0.01918,293664.57536400005,30282.0721766445,90.02394650000001,69.05964731182796,20.560643947574512,0.30990999948745135,36,64,,False,False,Request timeout: 300.0s exceeded,445,21.16838264042747
335,2026-09-14T02:23:31.979+00:00,2026-09-14T02:28:25.739+00:00,2026-09-14T02:28:31.998+00:00,False,94,93.0,,93.0,293759.755169,300018.785185,300018.785136,3191.689203574468,0.038130000000000004,293759.755169,30292.070365351632,89.68944615000001,67.30139802150538,20.251630936962844,0.30998058985757704,36,64,,False,False,Request timeout: 300.0s exceeded,446,21.16838264042747
336,2026-09-14T02:23:35.132+00:00,2026-09-14T02:28:28.967+00:00,2026-09-14T02:28:35.219+00:00,False,91,90.0,,90.0,293835.635862,300086.775702,300086.775836,3297.6568773186814,0.0223,293835.635862,30795.069721031625,89.8076355,69.45710933333334,20.348831880583205,0.2999132493908167,36,64,,False,False,Request timeout: 300.0s exceeded,468,21.16838264042747
337,2026-09-14T02:23:38.556+00:00,2026-09-14T02:28:32.684+00:00,2026-09-14T02:28:38.561+00:00,False,88,87.0,,87.0,294127.938419,300005.261171,300005.261192,3409.1506953636367,0.0,294127.938419,31347.016898557133,88.98964915,67.55543393103447,68.85232435463078,0.2899949142905559,36,64,,False,False,Request timeout: 300.0s exceeded,379,21.16838264042747
338,2026-09-14T02:23:41.663+00:00,2026-09-14T02:28:35.553+00:00,2026-09-14T02:28:41.677+00:00,False,95,94.0,,94.0,293890.092276,300013.963252,300013.96312800003,3158.041717136842,0.0,293890.092276,30145.87440717703,89.1382473,65.14756357446808,65.84706242806539,0.31331875017111677,36,64,,False,False,Request timeout: 300.0s exceeded,408,21.16838264042747
339,2026-09-14T02:23:44.580+00:00,2026-09-14T02:28:38.781+00:00,2026-09-14T02:28:44.655+00:00,False,85,84.0,,84.0,294200.791414,300075.037814,300075.03770299995,3530.2945612117646,0.01693,294200.791414,31902.976955575366,89.18192800000001,69.93150476190476,19.52904005626506,0.2799299822202038,36,64,,False,False,Request timeout: 300.0s exceeded,370,21.16838264042747
340,2026-09-14T02:23:47.857+00:00,2026-09-14T02:28:41.676+00:00,2026-09-14T02:28:47.902+00:00,False,93,92.0,,92.0,293819.170124,300045.476428,300045.47628,3226.2954438709676,0.04079,293819.170124,30460.617710494887,88.67371500000002,67.67724243478261,20.574595910683644,0.3066201866971877,36,64,,False,False,Request timeout: 300.0s exceeded,205,21.16838264042747
341,2026-09-14T02:23:50.934+00:00,2026-09-14T02:28:44.406+00:00,2026-09-14T02:28:50.972+00:00,False,98,97.0,,97.0,293472.527229,300037.804413,300037.80422,3061.610247142857,0.02618,293472.527229,29638.371747307327,88.53134035,67.68326993814432,20.145833249888582,0.3232925937108917,36,64,,False,False,Request timeout: 300.0s exceeded,388,21.16838264042747
342,2026-09-14T02:23:54.614+00:00,2026-09-14T02:28:48.489+00:00,2026-09-14T02:28:54.687+00:00,False,94,93.0,,93.0,293874.63840600004,300072.88711000007,300072.88728100003,3192.264758308511,0.0176,293874.63840600004,30303.9875383712,90.44580049999999,66.64783552688172,20.943088531666202,0.3099247016139391,36,64,,False,False,Request timeout: 300.0s exceeded,139,21.16838264042747
343,2026-09-14T02:23:57.043+00:00,2026-09-14T02:28:50.977+00:00,2026-09-14T02:28:57.087+00:00,False,91,90.0,,90.0,293933.81673400005,300044.61507000006,300044.6148740001,3297.1935700439567,0.01758,293933.81673400005,30805.525376227102,89.21010150000001,67.89775928888889,20.411244492088617,0.29995539156402823,36,64,,False,False,Request timeout: 300.0s exceeded,351,21.16838264042747
344,2026-09-14T02:24:00.089+00:00,2026-09-14T02:28:53.978+00:00,2026-09-14T02:29:00.163+00:00,False,92,91.0,,91.0,293888.44717299996,300073.46963699994,300073.46980599995,3261.668150065217,0.02546,293888.44717299996,30632.90980286039,90.60144255000002,67.96727982417582,21.12141988235083,0.3032590655551224,36,64,,False,False,Request timeout: 300.0s exceeded,445,21.16838264042747
345,2026-09-14T02:24:03.773+00:00,2026-09-14T02:28:57.349+00:00,2026-09-14T02:29:03.861+00:00,False,96,95.0,,95.0,293576.700123,300088.71753100003,300088.717566,3125.9241413125,0.017189,293576.700123,29956.05738007721,90.75360874999998,68.54755166315789,20.586060951495007,0.3165730480693138,36,64,,False,False,Request timeout: 300.0s exceeded,470,21.16838264042747
346,2026-09-14T02:24:07.754+00:00,2026-09-14T02:29:01.275+00:00,2026-09-14T02:29:07.763+00:00,False,94,93.0,,93.0,293521.63080299995,300009.01230699994,300009.012258,3191.5852367872335,0.019949,293521.63080299995,30267.25705873891,91.69472,69.75679036559139,21.13188890457239,0.3099906875625219,36,64,,False,False,Request timeout: 300.0s exceeded,445,21.16838264042747
347,2026-09-14T02:24:10.452+00:00,2026-09-14T02:29:04.350+00:00,2026-09-14T02:29:10.463+00:00,False,89,88.0,,88.0,293898.38931,300010.812734,300010.812917,3370.9080103033707,0.03356,293898.38931,31145.81164981779,91.78872159999999,69.4593570909091,21.544162016127462,0.29332276126335444,36,64,,False,False,Request timeout: 300.0s exceeded,423,21.16838264042747
348,2026-09-14T02:24:14.305+00:00,2026-09-14T02:29:08.286+00:00,2026-09-14T02:29:14.358+00:00,False,93,92.0,,92.0,293980.61891900003,300052.90973500005,300052.909831,3226.375374526882,0.038119999999999994,293980.61891900003,30477.532364809245,87.22632820000001,66.00316104347826,19.972881899670025,0.3066125906969285,36,64,,False,False,Request timeout: 300.0s exceeded,457,21.16838264042747
349,2026-09-14T02:24:17.427+00:00,2026-09-14T02:29:11.197+00:00,2026-09-14T02:29:17.503+00:00,False,97,96.0,,96.0,293770.297185,300075.99984099995,300075.999784,3093.567008082474,0.020329999999999997,293770.297185,29821.19170946509,86.88146480000002,65.68440266666667,19.76593654328927,0.319918954034535,36,64,,False,False,Request timeout: 300.0s exceeded,356,21.16838264042747
350,2026-09-14T02:24:21.210+00:00,2026-09-14T02:29:15.256+00:00,2026-09-14T02:29:21.231+00:00,False,91,90.0,,90.0,294045.745877,300020.661973,300020.661774,3296.9303491648348,0.019940000000000003,294045.745877,30817.416965605185,90.21657499999999,66.38795662222222,20.34900534805583,0.29997933944995914,36,64,,False,False,Request timeout: 300.0s exceeded,341,21.16838264042747
351,2026-09-14T02:24:25.351+00:00,2026-09-14T02:29:19.139+00:00,2026-09-14T02:29:25.370+00:00,False,89,88.0,,88.0,293788.102703,300019.002927,300019.00303,3371.0000340449437,0.027829999999999997,293788.102703,31133.97743740864,90.10065800000001,70.80568436363636,19.795191330132923,0.2933147538704806,36,64,,False,False,Request timeout: 300.0s exceeded,129,21.16838264042747
352,2026-09-14T02:24:27.784+00:00,2026-09-14T02:29:21.580+00:00,2026-09-14T02:29:27.833+00:00,False,87,86.0,,86.0,293795.48465,300048.452074,300048.45216,3448.8327834482757,0.03528,293795.48465,31490.392788740275,91.75687029999999,72.70892353488372,19.268470839521427,0.28662037549452213,36,64,,False,False,Request timeout: 300.0s exceeded,395,21.16838264042747
353,2026-09-14T02:24:31.307+00:00,2026-09-14T02:29:24.850+00:00,2026-09-14T02:29:31.388+00:00,False,95,94.0,,94.0,293542.719935,300080.301247,300080.301404,3158.740014778947,0.01821,293542.719935,30109.718501007348,89.255041,69.54873736170212,19.80552478681934,0.3132494855856179,36,64,,False,False,Request timeout: 300.0s exceeded,414,21.16838264042747
354,2026-09-14T02:24:34.171+00:00,2026-09-14T02:29:27.746+00:00,2026-09-14T02:29:34.244+00:00,False,105,104.0,,104.0,293575.62485799997,300073.62549799995,300073.62545099994,2857.8440519142855,0.0,293575.62485799997,28644.016631075356,88.5999712,62.480775384615384,62.141872588826075,0.34658160918808634,36,64,,False,False,Request timeout: 300.0s exceeded,501,21.16838264042747
355,2026-09-14T02:24:37.654+00:00,2026-09-14T02:29:31.130+00:00,2026-09-14T02:29:37.679+00:00,False,105,104.0,,104.0,293476.382691,300024.686563,300024.686477,2857.377966447619,0.0,293476.382691,28634.28533207787,90.23377180000001,62.964460307692306,62.5706981924874,0.3466381423188714,36,64,,False,False,Request timeout: 300.0s exceeded,545,21.16838264042747
356,2026-09-14T02:24:41.512+00:00,2026-09-14T02:29:35.049+00:00,2026-09-14T02:29:41.559+00:00,False,98,97.0,,97.0,293536.607136,300047.156128,300047.156073,3061.705674214286,0.023149999999999997,293536.607136,29644.902486286785,91.29445285000001,67.11906177319588,21.1594451063745,0.323282517494083,36,64,,False,False,Request timeout: 300.0s exceeded,474,21.16838264042747
357,2026-09-14T02:24:45.160+00:00,2026-09-14T02:29:38.961+00:00,2026-09-14T02:29:45.238+00:00,False,93,92.0,,92.0,293801.21976999997,300078.41887399997,300078.41878899996,3226.649664397849,0.02933,293801.21976999997,30458.698985396706,91.75509819999999,68.23042504347826,20.577433076378764,0.30658652609946574,36,64,,False,False,Request timeout: 300.0s exceeded,416,21.16838264042747
358,2026-09-14T02:24:47.595+00:00,2026-09-14T02:29:41.383+00:00,2026-09-14T02:29:47.683+00:00,False,99,98.0,,98.0,293788.05793,300087.48449,300087.484482,3031.186711939394,0.03406,293788.05793,29520.357529036814,90.2185089,64.27986285714286,20.592707496706375,0.326571433548958,36,64,,False,False,Request timeout: 300.0s exceeded,131,21.16838264042747
359,2026-09-14T02:24:50.664+00:00,2026-09-14T02:29:44.035+00:00,2026-09-14T02:29:50.746+00:00,False,105,104.0,,104.0,293371.218073,300081.910425,300081.91046700004,2857.922956828572,0.02475,293371.218073,28623.810115040855,91.27211299999999,64.525888,21.34915621332426,0.34657204045624374,36,64,,False,False,Request timeout: 300.0s exceeded,397,21.16838264042747
360,2026-09-14T02:24:53.679+00:00,2026-09-14T02:29:48.789+00:00,2026-09-14T02:29:53.709+00:00,False,70,69.0,,69.0,295109.98459500005,300029.88629100006,300029.88618900004,4286.141231271429,0.017678999999999997,295109.98459500005,35263.87374454528,92.27051645,71.30292313043478,21.442915622667503,0.22997708945927023,36,64,,False,False,Request timeout: 300.0s exceeded,239,21.16838264042747
361,2026-09-14T02:24:57.828+00:00,2026-09-14T02:29:51.669+00:00,2026-09-14T02:29:57.881+00:00,False,91,90.0,,90.0,293840.34024800005,300052.91727200005,300052.917124,3297.28480356044,0.04449,293840.34024800005,30795.607744664805,89.12369699999999,69.02863359999999,20.27725985601562,0.29994709206047937,36,64,,False,False,Request timeout: 300.0s exceeded,418,21.16838264042747
362,2026-09-14T02:25:02.181+00:00,2026-09-14T02:29:56.010+00:00,2026-09-14T02:30:02.204+00:00,False,90,89.0,,89.0,293828.13086699997,300022.685235,300022.68533999997,3333.5853926666664,0.05379,293828.13086699997,30964.874524534098,89.33437045000001,69.60173447191012,20.514766076400285,0.2966442351860447,36,64,,False,False,Request timeout: 300.0s exceeded,457,21.16838264042747
363,2026-09-14T02:25:04.972+00:00,2026-09-14T02:29:58.929+00:00,2026-09-14T02:30:05.002+00:00,False,87,86.0,,86.0,293957.367005,300030.52028500004,300030.520385,3448.626671091954,0.02314,293957.367005,31507.972571863833,89.505352,70.61806139534883,19.288714287048315,0.28663750580543707,36,64,,False,False,Request timeout: 300.0s exceeded,446,21.16838264042747
364,2026-09-14T02:25:08.467+00:00,2026-09-14T02:30:02.045+00:00,2026-09-14T02:30:08.519+00:00,False,96,95.0,,95.0,293578.262149,300052.271749,300052.271963,3125.5444996145834,0.01739,293578.262149,29956.25761001132,89.5062385,68.14746947368421,20.54682990650169,0.31661150054371023,36,64,,False,False,Request timeout: 300.0s exceeded,429,21.16838264042747
365,2026-09-14T02:25:10.911+00:00,2026-09-14T02:30:04.744+00:00,2026-09-14T02:30:10.965+00:00,False,92,91.0,,91.0,293832.23347399995,300053.76358599996,300053.76375099993,3261.4539538152167,0.03563,293832.23347399995,30627.007156968477,90.29199805,68.36846276923077,20.91836513006503,0.3032789821145437,36,64,,False,False,Request timeout: 300.0s exceeded,382,21.16838264042747
366,2026-09-14T02:25:15.211+00:00,2026-09-14T02:30:09.133+00:00,2026-09-14T02:30:15.285+00:00,False,93,92.0,,92.0,293921.834748,300073.968636,300073.968531,3226.6018121612906,0.038509999999999996,293921.834748,30471.346765141174,87.62113100000002,66.87102052173913,20.01324976987098,0.30659107292175397,36,64,,False,False,Request timeout: 300.0s exceeded,301,21.16838264042747
367,2026-09-14T02:25:19.252+00:00,2026-09-14T02:30:12.696+00:00,2026-09-14T02:30:19.274+00:00,False,101,100.0,,100.0,293444.09108,300021.20672799996,300021.206666,2970.506996693069,0.0329,293444.09108,29192.240628924992,87.52660499999998,65.77115648,19.902021157150642,0.3333097719677538,36,64,,False,False,Request timeout: 300.0s exceeded,463,21.16838264042747
368,2026-09-14T02:25:22.061+00:00,2026-09-14T02:30:15.663+00:00,2026-09-14T02:30:22.142+00:00,False,95,94.0,,94.0,293601.64617900003,300080.603491,300080.603332,3158.743192968421,0.02689,293601.64617900003,30115.82800050903,90.61955470000001,68.92507778723404,19.51020331051411,0.31324917007779624,36,64,,False,False,Request timeout: 300.0s exceeded,500,21.16838264042747
369,2026-09-14T02:25:26.062+00:00,2026-09-14T02:30:19.267+00:00,2026-09-14T02:30:26.149+00:00,False,99,98.0,,98.0,293204.95731,300086.39859000006,300086.398553,3031.1757429595964,0.020509,293204.95731,29461.156492487476,89.0541238,70.21878857142856,20.081839332198893,0.32657261528835485,36,64,,False,False,Request timeout: 300.0s exceeded,497,21.16838264042747
370,2026-09-14T02:25:29.374+00:00,2026-09-14T02:30:23.223+00:00,2026-09-14T02:30:29.396+00:00,False,97,96.0,,96.0,293849.50001099997,300021.858923,300021.85881099995,3093.0088537216493,0.0,293849.50001099997,29829.440039723875,93.8242174,64.29540533333333,65.86191915005979,0.31997668551423186,36,64,,False,False,Request timeout: 300.0s exceeded,444,21.16838264042747
371,2026-09-14T02:25:32.508+00:00,2026-09-14T02:30:26.321+00:00,2026-09-14T02:30:32.529+00:00,False,101,100.0,,100.0,293813.445449,300021.067081,300021.066995,2970.505613811881,0.0,293813.445449,29229.423885506974,91.736967,62.07621632,64.37418022925262,0.3333099271092249,36,64,,False,False,Request timeout: 300.0s exceeded,447,21.16838264042747
372,2026-09-14T02:25:35.210+00:00,2026-09-14T02:30:29.396+00:00,2026-09-14T02:30:35.259+00:00,False,88,87.0,,87.0,294185.75671600003,300048.923436,300048.92341900006,3409.646857034091,0.019600000000000003,294185.75671600003,31353.129920532578,91.37350804999998,67.39272091954022,21.030190538586798,0.28995271505633974,36,64,,False,False,Request timeout: 300.0s exceeded,397,21.16838264042747
373,2026-09-14T02:25:38.254+00:00,2026-09-14T02:30:31.928+00:00,2026-09-14T02:30:38.284+00:00,False,93,92.0,,92.0,293673.76692900003,300030.06235300004,300030.06222100003,3226.129701301076,0.02518,293673.76692900003,30445.39365924697,90.31449900000001,69.0901676521739,20.67578499730745,0.3066359393404968,36,64,,False,False,Request timeout: 300.0s exceeded,448,21.16838264042747
374,2026-09-14T02:25:41.901+00:00,2026-09-14T02:30:35.601+00:00,2026-09-14T02:30:41.939+00:00,False,96,95.0,,95.0,293700.913855,300038.062015,300038.061957,3125.39647871875,0.02346,293700.913855,29968.922782022782,89.149587,66.7068227368421,20.623264174142932,0.3166264951919687,36,64,,False,False,Request timeout: 300.0s exceeded,274,21.16838264042747
375,2026-09-14T02:25:45.169+00:00,2026-09-14T02:30:38.633+00:00,2026-09-14T02:30:45.253+00:00,False,101,100.0,,100.0,293464.185906,300084.375346,300084.37551100005,2971.1324308019803,0.02336,293464.185906,29194.197178752365,87.733455,66.2018944,19.754217191245495,0.33323960930887886,36,64,,False,False,Request timeout: 300.0s exceeded,517,21.16838264042747
376,2026-09-14T02:25:47.736+00:00,2026-09-14T02:30:41.337+00:00,2026-09-14T02:30:47.767+00:00,False,96,95.0,,95.0,293600.699798,300030.251926,300030.251825,3125.315123177083,0.02949,293600.699798,29958.59476002165,87.283406,67.67949608421053,19.573188983930052,0.3166347372978608,36,64,,False,False,Request timeout: 300.0s exceeded,391,21.16838264042747
377,2026-09-14T02:25:51.800+00:00,2026-09-14T02:30:45.636+00:00,2026-09-14T02:30:51.836+00:00,False,92,91.0,,91.0,293835.97802499996,300036.26960899995,300036.26958599995,3261.263799847826,0.019379999999999998,293835.97802499996,30627.421424369288,89.8294726,68.13507235164835,20.223195853902794,0.303296665161812,36,64,,False,False,Request timeout: 300.0s exceeded,438,21.16838264042747
378,2026-09-14T02:25:55.470+00:00,2026-09-14T02:30:49.092+00:00,2026-09-14T02:30:55.554+00:00,False,98,97.0,,97.0,293622.444981,300084.257973,300084.25795,3062.084264795918,0.11982899999999999,293622.444981,29653.623776928987,89.60013200000002,66.61662878350516,20.596456623869674,0.3232425474605454,36,64,,False,False,Request timeout: 300.0s exceeded,448,21.16838264042747
379,2026-09-14T02:25:59.232+00:00,2026-09-14T02:30:53.015+00:00,2026-09-14T02:30:59.265+00:00,False,90,89.0,,89.0,293783.069746,300033.228082,300033.22823199996,3333.702535911111,0.018678999999999998,293783.069746,30960.05803962752,89.18668505,70.22649815730338,19.30243024979653,0.29663381142463335,36,64,,False,False,Request timeout: 300.0s exceeded,450,21.16838264042747
380,2026-09-14T02:26:02.678+00:00,2026-09-14T02:30:56.246+00:00,2026-09-14T02:31:02.698+00:00,False,96,95.0,,95.0,293568.433183,300020.219935,300020.219953,3125.210624510417,0.02586,293568.433183,29955.277861616087,88.744113,67.91354475789474,19.85895910948007,0.31664532484037894,36,64,,False,False,Request timeout: 300.0s exceeded,238,21.16838264042747
381,2026-09-14T02:26:05.941+00:00,2026-09-14T02:30:59.393+00:00,2026-09-14T02:31:06.026+00:00,False,98,97.0,,97.0,293452.51129,300085.857338,300085.857417,3062.100585887755,0.03786,293452.51129,29636.278918186686,88.58156299999999,68.38501080412371,20.104740155530553,0.32324082467753423,36,64,,False,False,Request timeout: 300.0s exceeded,464,21.16838264042747
382,2026-09-14T02:26:10.349+00:00,2026-09-14T02:31:03.972+00:00,2026-09-14T02:31:10.358+00:00,False,95,94.0,,94.0,293623.151615,300009.02451099997,300009.024505,3157.9897316315787,0.01558,293623.151615,30118.136388292336,89.1827003,67.93481804255319,20.09245076056188,0.3133239080164852,36,64,,False,False,Request timeout: 300.0s exceeded,355,21.16838264042747
383,2026-09-14T02:26:12.910+00:00,2026-09-14T02:31:06.543+00:00,2026-09-14T02:31:12.940+00:00,False,96,95.0,,95.0,293632.79587800003,300030.25021400006,300030.25028300006,3125.3151071145835,0.03031,293632.79587800003,29961.90535955495,88.388566,67.34162458947368,20.068332969136467,0.3166347391046075,36,64,,False,False,Request timeout: 300.0s exceeded,481,21.16838264042747
384,2026-09-14T02:26:15.784+00:00,2026-09-14T02:31:09.727+00:00,2026-09-14T02:31:15.826+00:00,False,91,90.0,,90.0,293943.24356599996,300041.57137399993,300041.57136199996,3297.1601248571424,0.03804,293943.24356599996,30806.528329249613,88.778778,67.75919786666665,20.755946712951467,0.29995843438579906,36,64,,False,False,Request timeout: 300.0s exceeded,449,21.16838264042747
385,2026-09-14T02:26:19.994+00:00,2026-09-14T02:31:13.892+00:00,2026-09-14T02:31:20.018+00:00,False,95,94.0,,94.0,293897.396828,300023.59894000005,300023.59907500003,3158.143148157895,0.02072,293897.396828,30146.55672852863,86.934192,65.17236289361702,20.031013749803055,0.31330868749027474,36,64,,False,False,Request timeout: 300.0s exceeded,394,21.16838264042747
386,2026-09-14T02:26:22.781+00:00,2026-09-14T02:31:16.363+00:00,2026-09-14T02:31:22.790+00:00,False,106,105.0,,105.0,293581.41964700003,300008.858239,300008.858299,2830.272248103774,0.0,293581.41964700003,28509.27866248537,88.33968375,61.21370087619048,66.15624514832025,0.3499896656929792,36,64,,False,False,Request timeout: 300.0s exceeded,648,21.16838264042747
387,2026-09-14T02:26:25.283+00:00,2026-09-14T02:31:19.085+00:00,2026-09-14T02:31:25.353+00:00,False,98,97.0,,97.0,293801.878575,300069.852975,300069.853103,3061.9372765612243,0.0,293801.878575,29672.022605706803,91.45507875,64.61829278350515,68.61453751863532,0.32325806487491915,36,64,,False,False,Request timeout: 300.0s exceeded,383,21.16838264042747
388,2026-09-14T02:26:28.948+00:00,2026-09-14T02:31:23.061+00:00,2026-09-14T02:31:28.993+00:00,False,84,83.0,,83.0,294112.339154,300044.85627399996,300044.85617,3571.9625734523806,0.02284,294112.339154,32082.49426302085,88.51215129999999,71.47610987951808,19.53300383511084,0.2766253053983524,36,64,,False,False,Request timeout: 300.0s exceeded,322,21.16838264042747
389,2026-09-14T02:26:32.820+00:00,2026-09-14T02:31:26.582+00:00,2026-09-14T02:31:32.865+00:00,False,93,92.0,,92.0,293761.36204900005,300044.64217700006,300044.6422550001,3226.2864758602154,0.03678,293761.36204900005,30454.55852974972,87.56359700000002,68.29652313043478,19.738563472992464,0.30662103923098233,36,64,,False,False,Request timeout: 300.0s exceeded,511,21.16838264042747
390,2026-09-14T02:26:35.818+00:00,2026-09-14T02:31:29.620+00:00,2026-09-14T02:31:35.858+00:00,False,90,89.0,,89.0,293802.09284600004,300040.323886,300040.32391700003,3333.781376855556,0.02302,293802.09284600004,30962.077570056834,89.38597084999999,70.09248359550563,19.613821054060313,0.2966267961829539,36,64,,False,False,Request timeout: 300.0s exceeded,384,21.16838264042747
391,2026-09-14T02:26:38.533+00:00,2026-09-14T02:31:32.091+00:00,2026-09-14T02:31:38.606+00:00,False,94,93.0,,93.0,293557.13590600004,300072.382754,300072.38274200005,3192.2593908723406,0.040979999999999996,293557.13590600004,30270.88719889816,89.8962625,70.0564177204301,19.58919588920865,0.3099252225295308,36,64,,False,False,Request timeout: 300.0s exceeded,450,21.16838264042747
392,2026-09-14T02:26:42.899+00:00,2026-09-14T02:31:36.715+00:00,2026-09-14T02:31:42.930+00:00,False,94,93.0,,93.0,293815.773754,300031.22207400005,300031.222124,3191.821511957447,0.022019999999999998,293815.773754,30297.896839618134,88.99631665000001,66.8327776344086,20.648916947884587,0.30996774054755666,36,64,,False,False,Request timeout: 300.0s exceeded,212,21.16838264042747
393,2026-09-14T02:26:47.361+00:00,2026-09-14T02:31:40.851+00:00,2026-09-14T02:31:47.377+00:00,False,102,101.0,,101.0,293490.630065,300016.068017,300016.067962,2941.333999627451,0.0189,293490.630065,29053.512499284414,88.53578660000001,64.60829655445545,20.339844685803378,0.3366486357466593,36,64,,False,False,Request timeout: 300.0s exceeded,477,21.16838264042747
394,2026-09-14T02:26:50.323+00:00,2026-09-14T02:31:43.780+00:00,2026-09-14T02:31:50.332+00:00,False,101,100.0,,100.0,293457.149589,300008.757397,300008.757231,2970.383734960396,0.01732,293457.149589,29193.565822658784,90.373859,65.51607808,20.547183609331043,0.3333236031762584,36,64,,False,False,Request timeout: 300.0s exceeded,554,21.16838264042747
395,2026-09-14T02:26:53.101+00:00,2026-09-14T02:31:47.104+00:00,2026-09-14T02:31:53.139+00:00,False,95,94.0,,94.0,294002.506412,300037.565356,300037.565482,3158.290162968421,0.02578,294002.506412,30157.440595204884,88.4877997,64.20275472340425,20.591649485553592,0.31329410331825386,36,64,,False,False,Request timeout: 300.0s exceeded,394,21.16838264042747
396,2026-09-14T02:26:57.442+00:00,2026-09-14T02:31:51.072+00:00,2026-09-14T02:31:57.487+00:00,False,99,98.0,,98.0,293629.759974,300044.05322199996,300044.053073,3030.748010838384,0.01964,293629.759974,29504.330226384227,88.56694389999998,65.45197191836735,20.647516027699403,0.3266187046456497,36,64,,False,False,Request timeout: 300.0s exceeded,462,21.16838264042747
397,2026-09-14T02:27:00.636+00:00,2026-09-14T02:31:54.331+00:00,2026-09-14T02:32:00.718+00:00,False,96,95.0,,95.0,293695.302529,300081.86073699995,300081.86074699997,3125.852716114583,0.02844,293695.302529,29968.296828431194,89.283836,67.22692850526316,20.376499839188238,0.31658028168273933,36,64,,False,False,Request timeout: 300.0s exceeded,246,21.16838264042747
398,2026-09-14T02:27:03.731+00:00,2026-09-14T02:31:57.490+00:00,2026-09-14T02:32:05.651+00:00,False,84,83.0,,83.0,293759.485018,301920.044378,301920.04444100003,3594.2862433452383,0.044969999999999996,293759.485018,32042.350676239585,89.624154,98.31999228915663,289.35034239389574,0.27490721979387717,36,64,,False,False,Request timeout: 300.0s exceeded,394,21.16838264042747
399,2026-09-14T02:27:07.881+00:00,2026-09-14T02:32:01.655+00:00,2026-09-14T02:32:07.942+00:00,False,106,105.0,,105.0,293774.144431,300061.158319,300061.15827899997,2830.7656441415093,0.015220000000000001,293774.144431,28529.203890976154,89.22383125,59.87632274285714,257.63862522420953,0.34992866317063526,36,64,,False,False,Request timeout: 300.0s exceeded,481,21.16838264042747
400,2026-09-14T02:27:12.306+00:00,2026-09-14T02:32:06.956+00:00,2026-09-14T02:32:12.353+00:00,False,82,81.0,,81.0,294649.772657,300047.451249,300047.451452,3659.115261609756,0.03468,294649.772657,32531.271118833083,86.97705749999999,66.63800730864197,19.88738077188528,0.26995730062969486,36,64,,False,False,Request timeout: 300.0s exceeded,402,21.16838264042747
401,2026-09-14T02:27:16.282+00:00,2026-09-14T02:32:09.605+00:00,2026-09-14T02:32:16.539+00:00,False,106,105.0,,105.0,293323.15606199997,300256.724574,300256.724755,2832.6106108962263,0.0,293323.15606199997,28483.717407553417,87.91208175,66.03398582857143,62.41712776934341,0.3497007440848245,36,64,,False,False,Request timeout: 300.0s exceeded,428,21.16838264042747
402,2026-09-14T02:27:19.006+00:00,2026-09-14T02:32:12.561+00:00,2026-09-14T02:32:19.075+00:00,False,100,99.0,,99.0,293555.331335,300068.889351,300068.889395,3000.68889395,0.0,293555.331335,29349.024224875604,88.45800835000001,65.79351531313131,64.63011139951635,0.3299242391109616,36,64,,False,False,Request timeout: 300.0s exceeded,472,21.16838264042747
403,2026-09-14T02:27:22.948+00:00,2026-09-14T02:32:15.901+00:00,2026-09-14T02:32:22.962+00:00,False,106,105.0,,105.0,292952.650021,300013.937701,300013.937785,2830.320167783019,0.0,292952.650021,28447.613075799713,88.88904699999999,67.25035885714286,62.62600986287778,0.3499837401042519,36,64,,False,False,Request timeout: 300.0s exceeded,480,21.16838264042747
404,2026-09-14T02:27:26.664+00:00,2026-09-14T02:32:20.451+00:00,2026-09-14T02:32:26.746+00:00,False,91,90.0,,90.0,293787.060704,300082.530016,300082.529874,3297.6102183956045,0.037340000000000005,293787.060704,30789.92609679203,90.02306499999999,69.94965902222222,20.452201744417206,0.2999174926817677,36,64,,False,False,Request timeout: 300.0s exceeded,412,21.16838264042747
405,2026-09-14T02:27:30.212+00:00,2026-09-14T02:32:24.162+00:00,2026-09-14T02:32:30.239+00:00,False,85,84.0,,84.0,293949.69577399996,300026.40873399994,300026.408747,3529.7224558470584,0.02148,293949.69577399996,31875.48029926914,91.1587854,72.34182095238096,19.39698750638071,0.2799753540178307,36,64,,False,False,Request timeout: 300.0s exceeded,150,21.16838264042747
406,2026-09-14T02:27:34.523+00:00,2026-09-14T02:32:28.083+00:00,2026-09-14T02:32:34.607+00:00,False,95,94.0,,94.0,293559.676071,300083.808935,300083.808822,3158.776934968421,0.03554,293559.676071,30111.473163223676,89.724179,69.40566876595744,20.2926926137127,0.31324582400365686,36,64,,False,False,Request timeout: 300.0s exceeded,450,21.16838264042747
407,2026-09-14T02:27:37.724+00:00,2026-09-14T02:32:31.190+00:00,2026-09-14T02:32:37.761+00:00,False,96,95.0,,95.0,293466.56439099996,300037.158695,300037.158756,3125.3870703749994,0.035908999999999996,293466.56439099996,29944.75325827008,88.38585625,69.16415056842105,19.81911257561957,0.31662744845738044,36,64,,False,False,Request timeout: 300.0s exceeded,402,21.16838264042747
408,2026-09-14T02:27:41.542+00:00,2026-09-14T02:32:35.372+00:00,2026-09-14T02:32:41.562+00:00,False,93,92.0,,92.0,293829.780272,300019.891504,300019.891391,3226.0203375376345,0.04535,293829.780272,30461.75859785343,87.8886524,67.28381773913044,20.379573229413868,0.30664633447737055,36,64,,False,False,Request timeout: 300.0s exceeded,457,21.16838264042747
409,2026-09-14T02:27:44.130+00:00,2026-09-14T02:32:37.927+00:00,2026-09-14T02:32:44.193+00:00,False,98,97.0,,97.0,293797.17039600003,300063.115484,300063.11560400005,3061.868526571429,0.01927,293797.17039600003,29671.47767811711,91.32995999999999,64.59737204123712,20.59299310925876,0.32326532317555784,36,64,,False,False,Request timeout: 300.0s exceeded,330,21.16838264042747
410,2026-09-14T02:27:47.461+00:00,2026-09-14T02:32:41.561+00:00,2026-09-14T02:32:47.507+00:00,False,88,87.0,,87.0,294099.83844300004,300046.28631500003,300046.28647600004,3409.6168917727277,0.01893,294099.83844300004,31343.868324455547,89.74612020000001,68.34997554022989,20.049069974413424,0.28995526346446454,36,64,,False,False,Request timeout: 300.0s exceeded,463,21.16838264042747
411,2026-09-14T02:27:51.624+00:00,2026-09-14T02:32:45.191+00:00,2026-09-14T02:32:51.657+00:00,False,93,92.0,,92.0,293566.70237699995,300033.10698499996,300033.10692199995,3226.162440021505,0.01878,293566.70237699995,30434.166629418345,87.714945,70.28700660869566,19.371109217572595,0.30663282770524225,36,64,,False,False,Request timeout: 300.0s exceeded,227,21.16838264042747
412,2026-09-14T02:27:55.681+00:00,2026-09-14T02:32:49.080+00:00,2026-09-14T02:32:55.713+00:00,False,97,96.0,,96.0,293399.482996,300032.57816399995,300032.57797,3093.1193605154635,0.02142,293399.482996,29783.19481183285,88.58982780000001,69.09474133333333,19.517496940076366,0.31996525373163215,36,64,,False,False,Request timeout: 300.0s exceeded,238,21.16838264042747
413,2026-09-14T02:27:59.644+00:00,2026-09-14T02:32:53.493+00:00,2026-09-14T02:32:59.671+00:00,False,90,89.0,,89.0,293848.621927,300026.528615,300026.528441,3333.6280937888887,0.02965,293848.621927,30967.053038645645,86.49506145,69.41468188764044,18.676440016876022,0.29664043513367633,36,64,,False,False,Request timeout: 300.0s exceeded,557,21.16838264042747
414,2026-09-14T02:28:03.612+00:00,2026-09-14T02:32:57.574+00:00,2026-09-14T02:33:03.669+00:00,False,89,88.0,,88.0,293961.98085500003,300056.16043900006,300056.16034600005,3371.4175319775286,0.02859,293961.98085500003,31152.573184811426,90.03347,69.25204072727273,19.823369612205596,0.29327843118185193,36,64,,False,False,Request timeout: 300.0s exceeded,282,21.16838264042747
415,2026-09-14T02:28:06.306+00:00,2026-09-14T02:32:59.748+00:00,2026-09-14T02:33:06.391+00:00,False,99,98.0,,98.0,293441.767047,300084.951431,300084.95145,3031.161125757576,0.03814,293441.767047,29485.201325283164,89.73236579999998,67.78759575510203,20.40591738225099,0.326574190184054,36,64,,False,False,Request timeout: 300.0s exceeded,496,21.16838264042747
416,2026-09-14T02:28:08.884+00:00,2026-09-14T02:33:02.670+00:00,2026-09-14T02:33:08.896+00:00,False,93,92.0,,92.0,293785.771697,300011.65073700005,300011.65067,3225.9317276344086,0.02,293785.771697,30457.155309014357,89.8835862,67.67259826086956,21.12369371600044,0.30665475748690235,36,64,,False,False,Request timeout: 300.0s exceeded,379,21.16838264042747
417,2026-09-14T02:28:14.685+00:00,2026-09-14T02:33:08.197+00:00,2026-09-14T02:33:14.839+00:00,False,113,112.0,,112.0,293512.15022500005,300153.81320100004,300153.81313100003,2656.228434787611,0.0,293512.15022500005,27605.79433816848,90.5270896,59.300562285714285,63.500427725722886,0.3731420194385418,36,64,,False,False,Request timeout: 300.0s exceeded,415,21.16838264042747
418,2026-09-14T02:28:15.232+00:00,2026-09-14T02:33:09.235+00:00,2026-09-14T02:33:15.249+00:00,False,104,103.0,,103.0,294002.433662,300016.32499,300016.324952,2884.772355307692,0.0,294002.433662,28823.660920742306,91.21126250000002,58.38729444660194,66.40933918337562,0.34331465130583527,36,64,,False,False,Request timeout: 300.0s exceeded,553,21.16838264042747
419,2026-09-14T02:28:19.616+00:00,2026-09-14T02:33:14.754+00:00,2026-09-14T02:33:19.685+00:00,False,78,77.0,,77.0,295138.904777,300069.862089,300069.862052,3847.04951348718,0.02872,295138.904777,33410.65732227632,91.3306245,64.03840664935065,23.079255991457224,0.2566069096841254,36,64,,False,False,Request timeout: 300.0s exceeded,305,21.16838264042747
420,2026-09-14T02:28:22.457+00:00,2026-09-14T02:33:16.035+00:00,2026-09-14T02:33:22.524+00:00,False,97,96.0,,96.0,293578.56488200004,300067.35080200003,300067.35092100006,3093.477844546392,0.03172,293578.56488200004,29801.531045172742,88.384046,67.59152,20.41926018898497,0.31992817526937734,36,64,,False,False,Request timeout: 300.0s exceeded,385,21.16838264042747
421,2026-09-14T02:28:25.119+00:00,2026-09-14T02:33:18.525+00:00,2026-09-14T02:33:25.153+00:00,False,94,93.0,,93.0,293406.877257,300034.236745,300034.236583,3191.853580670213,0.03415,293406.877257,30255.26473122549,88.725523,71.26192997849463,19.37621010129179,0.30996462606712777,36,64,,False,False,Request timeout: 300.0s exceeded,388,21.16838264042747
422,2026-09-14T02:28:27.873+00:00,2026-09-14T02:33:21.685+00:00,2026-09-14T02:33:27.920+00:00,False,90,89.0,,89.0,293812.260344,300047.673848,300047.673817,3333.863042411111,0.017149,293812.260344,30963.15293737147,90.4331885,70.06082588764045,20.059089232289978,0.2966195300187069,36,64,,False,False,Request timeout: 300.0s exceeded,429,21.16838264042747
423,2026-09-14T02:28:31.873+00:00,2026-09-14T02:33:25.679+00:00,2026-09-14T02:33:31.915+00:00,False,95,94.0,,94.0,293805.699832,300042.38796,300042.387952,3158.3409258105266,0.02094,293805.699832,30137.0278857451,87.704642,66.3477460425532,19.50718916317866,0.31328906771843035,36,64,,False,False,Request timeout: 300.0s exceeded,351,21.16838264042747
424,2026-09-14T02:28:35.817+00:00,2026-09-14T02:33:29.595+00:00,2026-09-14T02:33:35.844+00:00,False,96,95.0,,95.0,293778.08937400003,300027.39446200005,300027.394488,3125.2853592500005,0.0216,293778.08937400003,29976.89301511947,86.241381,65.78215882105263,19.36331267708117,0.3166377529303652,36,64,,False,False,Request timeout: 300.0s exceeded,499,21.16838264042747
425,2026-09-14T02:28:38.312+00:00,2026-09-14T02:33:31.993+00:00,2026-09-14T02:33:38.336+00:00,False,98,97.0,,97.0,293681.01916100003,300024.261913,300024.26198600006,3061.472061081633,0.02162,293681.01916100003,29659.66347409762,86.48733855,65.39425517525774,19.604436360754452,0.3233071864972297,36,64,,False,False,Request timeout: 300.0s exceeded,392,21.16838264042747
426,2026-09-14T02:28:41.229+00:00,2026-09-14T02:33:34.899+00:00,2026-09-14T02:33:41.259+00:00,False,100,99.0,,99.0,293669.16797899996,300029.935723,300029.93576599995,3000.2993576599997,0.0229,293669.16797899996,29360.49911019081,87.5841519,64.25017923232323,20.852624372526765,0.3299670739902464,36,64,,False,False,Request timeout: 300.0s exceeded,620,21.16838264042747
427,2026-09-14T02:28:43.886+00:00,2026-09-14T02:33:37.345+00:00,2026-09-14T02:33:43.965+00:00,False,104,103.0,,103.0,293459.947873,300079.603297,300079.603324,2885.3808011923074,0.04137,293459.947873,28769.82101618405,88.22932949999999,64.26849926213592,21.101885671726475,0.34324225594918906,36,64,,False,False,Request timeout: 300.0s exceeded,465,21.16838264042747
428,2026-09-14T02:28:48.068+00:00,2026-09-14T02:33:41.902+00:00,2026-09-14T02:33:48.163+00:00,False,95,94.0,,94.0,293834.344055,300095.400567,300095.40054299997,3158.8989530842105,0.030350000000000002,293834.344055,30139.940307973746,87.611981,66.60698417021277,19.7936917791431,0.31323372441695707,36,64,,False,False,Request timeout: 300.0s exceeded,453,21.16838264042747
429,2026-09-14T02:28:52.169+00:00,2026-09-14T02:33:46.188+00:00,2026-09-14T02:33:52.193+00:00,False,93,92.0,,92.0,294019.248299,300023.974571,300023.974677,3226.06424383871,0.03583,294019.248299,30481.613980004684,87.29617180000001,65.26876382608695,19.63446555126729,0.3066421612857755,36,64,,False,False,Request timeout: 300.0s exceeded,307,21.16838264042747
430,2026-09-14T02:28:54.638+00:00,2026-09-14T02:33:48.457+00:00,2026-09-14T02:33:54.645+00:00,False,96,95.0,,95.0,293818.976293,300007.25994099997,300007.259754,3125.0756224375,0.04129,293818.976293,29981.131777996812,87.52201325,65.13982787368421,19.677172642679892,0.3166590035810563,36,64,,False,False,Request timeout: 300.0s exceeded,379,21.16838264042747
431,2026-09-14T02:28:58.026+00:00,2026-09-14T02:33:51.582+00:00,2026-09-14T02:33:58.040+00:00,False,97,96.0,,96.0,293556.05620999995,300014.074002,300014.074093,3092.928598896907,0.03308,293556.05620999995,29799.2776257892,87.73181779999999,67.27101866666668,19.58751481376377,0.31998498843544265,36,64,,False,False,Request timeout: 300.0s exceeded,487,21.16838264042747
432,2026-09-14T02:29:00.643+00:00,2026-09-14T02:33:54.643+00:00,2026-09-14T02:34:00.691+00:00,False,90,89.0,,89.0,294000.24771499995,300047.94614699995,300047.94625299994,3333.8660694777773,0.023969999999999998,294000.24771499995,30983.190462178056,88.80276545000001,67.9516677752809,19.416974220536314,0.2966192608310573,36,64,,False,False,Request timeout: 300.0s exceeded,408,21.16838264042747
433,2026-09-14T02:29:03.743+00:00,2026-09-14T02:33:57.156+00:00,2026-09-14T02:34:03.764+00:00,False,99,98.0,,98.0,293412.994317,300021.03502099996,300021.035032,3030.515505373737,0.023420000000000003,293412.994317,29482.345082277992,87.3743299,67.42898677551021,19.6366376102646,0.3266437634719196,36,64,,False,False,Request timeout: 300.0s exceeded,372,21.16838264042747
434,2026-09-14T02:29:07.587+00:00,2026-09-14T02:34:01.158+00:00,2026-09-14T02:34:07.604+00:00,False,101,100.0,,100.0,293570.953246,300016.39042999997,300016.390478,2970.4593116633664,0.0,293570.953246,29205.0613169383,87.561965,64.45437184000001,65.68267637282582,0.3333151227393761,36,64,,False,False,Request timeout: 300.0s exceeded,486,21.16838264042747
435,2026-09-14T02:29:11.236+00:00,2026-09-14T02:34:05.069+00:00,2026-09-14T02:34:11.278+00:00,False,93,92.0,,92.0,293833.101288,300041.595624,300041.595716,3226.253717376344,0.0,293833.101288,30462.152978502258,90.89310400000001,67.48363408695651,69.07755196556565,0.30662415259013176,36,64,,False,False,Request timeout: 300.0s exceeded,395,21.16838264042747
436,2026-09-14T02:29:14.772+00:00,2026-09-14T02:34:08.442+00:00,2026-09-14T02:34:14.799+00:00,False,89,88.0,,88.0,293670.268103,300027.773383,300027.773528,3371.0985789662923,0.02132,293670.268103,31121.334714758013,90.70425500000002,72.24437818181819,20.140021869515675,0.2933061796504543,36,64,,False,False,Request timeout: 300.0s exceeded,326,21.16838264042747
437,2026-09-14T02:29:19.068+00:00,2026-09-14T02:34:13.122+00:00,2026-09-14T02:34:19.077+00:00,False,88,87.0,,87.0,294054.602706,300009.344466,300009.344361,3409.197095011363,0.019649999999999997,294054.602706,31339.036266017458,88.408169,68.4453075862069,20.438144980687497,0.28999096729755264,36,64,,False,False,Request timeout: 300.0s exceeded,395,21.16838264042747
438,2026-09-14T02:29:21.694+00:00,2026-09-14T02:34:15.227+00:00,2026-09-14T02:34:21.751+00:00,False,96,95.0,,95.0,293533.088179,300057.188019,300057.188042,3125.5957087708334,0.05339,293533.088179,29951.593041988002,88.82695525,68.67473515789473,20.240344962776664,0.31660631304051445,36,64,,False,False,Request timeout: 300.0s exceeded,397,21.16838264042747
439,2026-09-14T02:29:25.164+00:00,2026-09-14T02:34:18.866+00:00,2026-09-14T02:34:25.246+00:00,False,94,93.0,,93.0,293702.20340399997,300081.61614,300081.616022,3192.357617255319,0.035639000000000004,293702.20340399997,30286.000841629502,88.235075,68.59583587096775,20.247429597306706,0.3099156862598734,36,64,,False,False,Request timeout: 300.0s exceeded,393,21.16838264042747
440,2026-09-14T02:29:28.455+00:00,2026-09-14T02:34:21.964+00:00,2026-09-14T02:34:28.483+00:00,False,94,93.0,,93.0,293509.133506,300027.56448199996,300027.56442999997,3191.782600319149,0.020989999999999998,293509.133506,30265.933077890997,90.0291625,70.09065565591398,20.32327287974856,0.30997151931878414,36,64,,False,False,Request timeout: 300.0s exceeded,370,21.16838264042747
441,2026-09-14T02:29:32.709+00:00,2026-09-14T02:34:26.263+00:00,2026-09-14T02:34:33.138+00:00,False,100,99.0,,99.0,293554.36469300004,300429.531413,300429.53136600007,3004.2953136600004,0.02109,293554.36469300004,29348.49828998171,88.65474395,69.44612848484849,19.53151024092242,0.3295281909683667,36,64,,False,False,Request timeout: 300.0s exceeded,453,21.16838264042747
442,2026-09-14T02:29:36.440+00:00,2026-09-14T02:34:30.057+00:00,2026-09-14T02:34:36.523+00:00,False,96,95.0,,95.0,293617.13068400003,300082.52998000005,300082.52984200005,3125.859685854167,0.02162,293617.13068400003,29960.23351392716,87.4385975,68.05683469473684,20.02569053395155,0.31657957564651157,36,64,,False,False,Request timeout: 300.0s exceeded,527,21.16838264042747
443,2026-09-14T02:29:40.196+00:00,2026-09-14T02:34:34.316+00:00,2026-09-14T02:34:40.216+00:00,False,83,82.0,,82.0,294120.619475,300020.287443,300020.287307,3614.7022567108434,0.051549,294120.619475,32276.040728958436,88.45524999999999,71.94717034146342,19.489191112227,0.2733148504685002,36,64,,False,False,Request timeout: 300.0s exceeded,244,21.16838264042747
444,2026-09-14T02:29:43.574+00:00,2026-09-14T02:34:36.909+00:00,2026-09-14T02:34:43.649+00:00,False,98,97.0,,97.0,293334.64563700004,300074.51379700005,300074.51388600003,3061.984835571429,0.09398999999999999,293334.64563700004,29624.261010633785,87.69558835,69.48317690721649,18.95552457858046,0.3232530439610088,36,64,,False,False,Request timeout: 300.0s exceeded,448,21.16838264042747
445,2026-09-14T02:29:47.051+00:00,2026-09-14T02:34:40.385+00:00,2026-09-14T02:34:47.058+00:00,False,101,100.0,,100.0,293334.137312,300006.37539199996,300006.375372,2970.3601521980195,0.038639,293334.137312,29181.204970579358,87.945324,66.7223808,19.601112670370945,0.33332624971498065,36,64,,False,False,Request timeout: 300.0s exceeded,376,21.16838264042747
446,2026-09-14T02:29:49.662+00:00,2026-09-14T02:34:43.653+00:00,2026-09-14T02:34:49.717+00:00,False,94,93.0,,93.0,293991.29944800003,300055.17503200006,300055.174973,3192.0763295,0.0224,293991.29944800003,30316.168594818177,87.79880015,65.2029632688172,19.991002475164045,0.3099429962842061,36,64,,False,False,Request timeout: 300.0s exceeded,485,21.16838264042747
447,2026-09-14T02:29:52.955+00:00,2026-09-14T02:34:46.752+00:00,2026-09-14T02:34:52.963+00:00,False,97,96.0,,96.0,293797.37728899997,300008.25856899994,300008.25853399996,3092.868644680412,0.023149999999999997,293797.37728899997,29824.04156251281,85.82145080000001,64.69668,19.762394637629765,0.3199911911022297,36,64,,True,False,Request timeout: 300.0s exceeded,504,21.16838264042747
448,2026-09-14T02:29:56.494+00:00,2026-09-14T02:34:50.016+00:00,2026-09-14T02:34:56.505+00:00,False,97,96.0,,96.0,293521.704625,300010.607793,300010.607703,3092.8928629175257,0.0179,293521.704625,29795.7573316324,88.5038068,67.59274133333332,19.961889028434154,0.31998868542087566,36,64,,True,False,Request timeout: 300.0s exceeded,504,21.16838264042747
449,2026-09-14T02:29:59.732+00:00,2026-09-14T02:34:53.358+00:00,2026-09-14T02:34:59.749+00:00,False,95,94.0,,94.0,293625.711228,300016.81062,300016.810613,3158.071690663158,0.02129,293625.711228,30118.393097053595,88.7944917,67.99041906382979,19.791112980549723,0.31331577655846754,36,64,,True,False,Request timeout: 300.0s exceeded,311,21.16838264042747
450,2026-09-14T02:30:02.471+00:00,2026-09-14T02:34:56.038+00:00,2026-09-14T02:35:02.487+00:00,False,99,98.0,,98.0,293566.748165,300015.763973,300015.763958,3030.46226220202,0.02196,293566.748165,29497.961253531917,87.83855890000001,65.80628375510204,20.003094517078516,0.3266495023535481,36,64,,True,False,Request timeout: 300.0s exceeded,146,21.16838264042747
451,2026-09-14T02:30:06.658+00:00,2026-09-14T02:35:00.091+00:00,2026-09-14T02:35:06.683+00:00,False,97,96.0,,96.0,293433.39890100004,300025.081461,300025.08170300006,3093.0420794123715,0.0361,293433.39890100004,29786.68234607038,88.27162779999999,68.66336,19.666349821614553,0.31997324867814075,36,64,,True,False,Request timeout: 300.0s exceeded,504,21.16838264042747
452,2026-09-14T02:30:10.659+00:00,2026-09-14T02:35:04.601+00:00,2026-09-14T02:35:10.729+00:00,False,91,90.0,,90.0,293941.668133,300069.85142900003,300069.85138300003,3297.4708943186815,0.0212,293941.668133,30806.32806140709,88.7655475,68.09092551111111,20.234349258444144,0.2999301648312877,36,64,,True,False,Request timeout: 300.0s exceeded,400,21.16838264042747
453,2026-09-14T02:30:13.378+00:00,2026-09-14T02:35:06.893+00:00,2026-09-14T02:35:13.417+00:00,False,100,99.0,,99.0,293514.965356,300038.35454,300038.354672,3000.38354672,0.022,293514.965356,29344.914175328653,88.92699700000001,65.89282004040405,20.258056704456468,0.3299578153992366,36,64,,True,False,Request timeout: 300.0s exceeded,233,21.16838264042747
454,2026-09-14T02:30:16.502+00:00,2026-09-14T02:35:10.174+00:00,2026-09-14T02:35:16.555+00:00,False,96,95.0,,95.0,293672.49825700006,300052.98056100006,300052.98063400004,3125.551881604167,0.02777,293672.49825700006,29965.976449736496,90.9884705,67.16297162105263,21.170350163676844,0.31661075261569255,36,64,,True,False,Request timeout: 300.0s exceeded,470,21.16838264042747
455,2026-09-14T02:30:19.622+00:00,2026-09-14T02:35:13.017+00:00,2026-09-14T02:35:19.636+00:00,False,99,98.0,,98.0,293394.892635,300014.345307,300014.345278,3030.44793210101,0.02281,293394.892635,29480.514520523793,89.7069817,67.54543542857144,20.27666316419158,0.3266510469681646,36,64,,True,False,Request timeout: 300.0s exceeded,413,21.16838264042747
456,2026-09-14T02:30:22.467+00:00,2026-09-14T02:35:16.045+00:00,2026-09-14T02:35:22.557+00:00,False,93,92.0,,92.0,293577.275764,300090.06296400004,300090.062952,3226.774870451613,0.021408999999999997,293577.275764,30435.210848406277,89.0869382,70.7911652173913,19.5118465925862,0.3065746299338032,36,64,,True,False,Request timeout: 300.0s exceeded,470,21.16838264042747
457,2026-09-14T02:30:25.095+00:00,2026-09-14T02:35:18.462+00:00,2026-09-14T02:35:25.177+00:00,False,98,97.0,,97.0,293366.93988,300081.322728,300081.322544,3062.05431167347,0.036340000000000004,293366.93988,29627.5499933971,87.92293539999999,69.22044173195876,19.317995507321086,0.3232457092570298,36,64,,True,False,Request timeout: 300.0s exceeded,398,21.16838264042747
458,2026-09-14T02:30:27.891+00:00,2026-09-14T02:35:21.354+00:00,2026-09-14T02:35:28.201+00:00,False,97,96.0,,96.0,293462.878791,300309.835847,300309.83589499997,3095.9776896391754,0.036988999999999994,293462.878791,29789.406355954867,88.11754979999999,71.32246933333333,20.815384856636786,0.319669849404831,36,64,,True,False,Request timeout: 300.0s exceeded,440,21.16838264042747
459,2026-09-14T02:30:31.128+00:00,2026-09-14T02:35:24.750+00:00,2026-09-14T02:35:31.184+00:00,False,93,92.0,,92.0,293622.054369,300056.230113,300056.229964,3226.4110748817207,0.01943,293622.054369,30439.944034446795,88.57553920000001,69.93669286956522,21.403036887360443,0.306609197767209,36,64,,True,False,Request timeout: 300.0s exceeded,422,21.16838264042747
460,2026-09-14T02:30:34.039+00:00,2026-09-14T02:35:27.433+00:00,2026-09-14T02:35:34.120+00:00,False,100,99.0,,99.0,293393.72816500004,300080.331941,300080.331866,3000.8033186600005,0.038439,293393.72816500004,29332.625052285683,87.00561345,67.54145228282829,19.446306238562144,0.3299116585203751,36,64,,True,False,Request timeout: 300.0s exceeded,380,21.16838264042747
461,2026-09-14T02:30:37.369+00:00,2026-09-14T02:35:30.978+00:00,2026-09-14T02:35:37.375+00:00,False,95,94.0,,94.0,293609.167553,300005.616833,300005.61689799995,3157.9538620842104,0.02228,293609.167553,30116.689805609498,87.7450147,68.04733276595745,19.62545296311248,0.3133274669731457,36,64,,True,False,Request timeout: 300.0s exceeded,309,21.16838264042747
462,2026-09-14T02:30:41.486+00:00,2026-09-14T02:35:35.092+00:00,2026-09-14T02:35:41.523+00:00,False,95,94.0,,94.0,293606.213714,300037.162066,300037.161956,3158.2859153263157,0.02139,293606.213714,30116.349355910756,88.1283874,68.41434417021276,20.027845205060835,0.3132945244273526,36,64,,True,False,Request timeout: 300.0s exceeded,270,21.16838264042747
463,2026-09-14T02:30:44.291+00:00,2026-09-14T02:35:38.048+00:00,2026-09-14T02:35:44.305+00:00,False,92,91.0,,91.0,293756.709869,300013.736685,300013.736507,3261.018875076087,0.08062000000000001,293756.709869,30619.092386654956,91.32972805,68.75853643956044,20.583589053333803,0.303319444654448,36,64,,True,False,Request timeout: 300.0s exceeded,438,21.16838264042747
464,2026-09-14T02:30:47.860+00:00,2026-09-14T02:35:41.605+00:00,2026-09-14T02:35:47.884+00:00,False,92,91.0,,91.0,293744.26804,300023.30164,300023.301741,3261.1228450108697,0.04396,293744.26804,30617.77016610939,89.36080749999999,69.00036923076924,20.796978037683665,0.30330977461607805,36,64,,True,False,Request timeout: 300.0s exceeded,474,21.16838264042747
465,2026-09-14T02:30:50.513+00:00,2026-09-14T02:35:44.308+00:00,2026-09-14T02:35:50.528+00:00,False,93,92.0,,92.0,293795.34385500004,300015.603951,300015.604042,3225.9742370107533,0.036,293795.34385500004,30458.15410200854,89.41210600000001,67.6115227826087,20.93870012638657,0.3066507167908036,36,64,,True,False,Request timeout: 300.0s exceeded,198,21.16838264042747
466,2026-09-14T02:30:54.657+00:00,2026-09-14T02:35:48.331+00:00,2026-09-14T02:35:54.708+00:00,False,93,92.0,,92.0,293674.675854,300051.241614,300051.24170099996,3226.357437645161,0.038,293674.675854,30445.464320855015,87.19953819999999,69.31049739130434,19.53975767892208,0.3066142952954453,36,64,,True,False,Request timeout: 300.0s exceeded,481,21.16838264042747
467,2026-09-14T02:30:57.298+00:00,2026-09-14T02:35:50.943+00:00,2026-09-14T02:35:57.371+00:00,False,94,93.0,,93.0,293644.61676999996,300072.63340999995,300072.63324899995,3192.262055840425,0.024640000000000002,293644.61676999996,30280.00696151426,87.30279230000001,69.11845849462367,19.681251425178676,0.30992496364348826,36,64,,True,False,Request timeout: 300.0s exceeded,400,21.16838264042747
468,2026-09-14T02:31:01.641+00:00,2026-09-14T02:35:55.038+00:00,2026-09-14T02:36:01.682+00:00,False,97,96.0,,96.0,293397.633807,300041.604367,300041.60434,3093.2124158762886,0.020579999999999998,293397.633807,29782.99559007343,88.78243280000001,69.20802666666667,19.575142816194987,0.3199556281620741,36,64,,True,False,Request timeout: 300.0s exceeded,477,21.16838264042747
469,2026-09-14T02:31:05.431+00:00,2026-09-14T02:35:59.446+00:00,2026-09-14T02:36:05.516+00:00,False,87,86.0,,86.0,294015.195349,300085.423317,300085.423524,3449.257741655172,0.022109999999999998,294015.195349,31514.176853222256,89.08807259999999,70.58404613953489,20.547846545631025,0.286585063177669,36,64,,True,False,Request timeout: 300.0s exceeded,274,21.16838264042747
470,2026-09-14T02:31:07.967+00:00,2026-09-14T02:36:01.765+00:00,2026-09-14T02:36:07.996+00:00,False,91,90.0,,90.0,293798.48554,300029.0737,300029.073676,3297.022787648352,0.03719,293798.48554,30791.199408923436,89.94065549999999,69.22875733333333,20.59371414955464,0.29997092911732703,36,64,,True,False,Request timeout: 300.0s exceeded,201,21.16838264042747
471,2026-09-14T02:31:11.887+00:00,2026-09-14T02:36:05.645+00:00,2026-09-14T02:36:11.953+00:00,False,92,91.0,,91.0,293758.73422000004,300066.80513200007,300066.80507000006,3261.595707282609,0.03527,293758.73422000004,30619.24403360703,88.25800575000001,69.31946057142856,19.140706106244863,0.3032658009604524,36,64,,True,False,Request timeout: 300.0s exceeded,302,21.16838264042747
472,2026-09-14T02:31:15.221+00:00,2026-09-14T02:36:08.621+00:00,2026-09-14T02:36:15.273+00:00,False,98,97.0,,97.0,293399.81627999997,300051.82498399995,300051.824996,3061.753316285714,0.03989,293399.81627999997,29630.93590211156,87.20220450000001,68.57740931958763,19.217986025165168,0.32327748716466714,36,64,,True,False,Request timeout: 300.0s exceeded,471,21.16838264042747
473,2026-09-14T02:31:19.547+00:00,2026-09-14T02:36:13.498+00:00,2026-09-14T02:36:19.589+00:00,False,89,88.0,,88.0,293951.429491,300042.150259,300042.15028,3371.260115505618,0.020309999999999998,293951.429491,31151.458619044555,87.7496428,69.212736,19.357262811084457,0.29329212553648654,36,64,,True,False,Request timeout: 300.0s exceeded,197,21.16838264042747
474,2026-09-14T02:31:23.134+00:00,2026-09-14T02:36:16.940+00:00,2026-09-14T02:36:23.217+00:00,False,95,94.0,,94.0,293806.33027100004,300083.04399900005,300083.04386800004,3158.768882821053,0.04145,293806.33027100004,30137.04918015229,88.5469094,66.77355029787235,19.96890816916715,0.31324662249264984,36,64,,True,False,Request timeout: 300.0s exceeded,355,21.16838264042747
475,2026-09-14T02:31:26.421+00:00,2026-09-14T02:36:19.998+00:00,2026-09-14T02:36:26.454+00:00,False,98,97.0,,97.0,293576.85358999996,300032.56712599995,300032.567068,3061.556806816326,0.036109999999999996,293576.85358999996,29649.02462093617,88.28342285000001,66.55374779381444,20.475239125193763,0.32329823701859817,36,64,,True,False,Request timeout: 300.0s exceeded,401,21.16838264042747
476,2026-09-14T02:31:29.790+00:00,2026-09-14T02:36:23.551+00:00,2026-09-14T02:36:29.837+00:00,False,90,89.0,,89.0,293760.33203600004,300046.842628,300046.84249300003,3333.853805477778,0.0217,293760.33203600004,30957.618599335085,90.0470499,70.63495047191012,19.907130489534023,0.29662035174402007,36,64,,True,False,Request timeout: 300.0s exceeded,302,21.16838264042747
477,2026-09-14T02:31:32.580+00:00,2026-09-14T02:36:26.535+00:00,2026-09-14T02:36:32.585+00:00,False,84,83.0,,83.0,293954.526129,300004.861105,300004.861045,3571.486441011905,0.02176,293954.526129,32065.119821818673,88.93536765,72.89560212048193,18.240119105807576,0.2766621837202513,36,64,,True,False,Request timeout: 300.0s exceeded,340,21.16838264042747
478,2026-09-14T02:31:35.888+00:00,2026-09-14T02:36:29.757+00:00,2026-09-14T02:36:35.947+00:00,False,89,88.0,,88.0,293868.86383499997,300059.037019,300059.03704599995,3371.4498544494377,0.02257,293868.86383499997,31142.58697731176,87.827653,70.3428770909091,19.508538032529962,0.2932756196055771,36,64,,True,False,Request timeout: 300.0s exceeded,172,21.16838264042747
479,2026-09-14T02:31:39.353+00:00,2026-09-14T02:36:33.088+00:00,2026-09-14T02:36:39.409+00:00,False,94,93.0,,93.0,293734.770282,300056.405866,300056.40592600004,3192.089424744681,0.02282,293734.770282,30289.42426120544,89.23718434999999,67.97457617204302,20.733830045541,0.30994172489532584,36,64,,True,False,Request timeout: 300.0s exceeded,425,21.16838264042747
480,2026-09-14T02:31:42.731+00:00,2026-09-14T02:36:36.531+00:00,2026-09-14T02:36:42.749+00:00,False,93,92.0,,92.0,293799.634751,300017.42009499995,300017.420312,3225.993766795699,0.03707,293799.634751,30458.602282433425,90.4146352,67.58462330434783,21.58480688533748,0.3066488604923953,36,64,,True,False,Request timeout: 300.0s exceeded,304,21.16838264042747
481,2026-09-14T02:31:47.035+00:00,2026-09-14T02:36:41.051+00:00,2026-09-14T02:36:47.084+00:00,False,88,87.0,,87.0,294015.986157,300048.822765,300048.822749,3409.6457130568183,0.02053,294015.986157,31334.82449899143,91.44951835,69.34294951724138,21.13821646498754,0.28995281233994014,36,64,,True,False,Request timeout: 300.0s exceeded,487,21.16838264042747
482,2026-09-14T02:31:51.296+00:00,2026-09-14T02:36:45.195+00:00,2026-09-14T02:36:51.378+00:00,False,92,91.0,,91.0,293899.588357,300082.169861,300082.169763,3261.762714815217,0.02743,293899.588357,30634.073692574104,89.5692845,67.94045608791208,20.442354749086377,0.3032502732240033,36,64,,True,False,Request timeout: 300.0s exceeded,420,21.16838264042747
483,2026-09-14T02:31:54.272+00:00,2026-09-14T02:36:48.195+00:00,2026-09-14T02:36:54.335+00:00,False,91,90.0,,90.0,293923.294101,300063.21371700004,300063.213807,3297.397953923077,0.04327,293923.294101,30804.38814996963,88.198839,68.22132906666667,20.04911973678966,0.2999367996001073,36,64,,True,False,Request timeout: 300.0s exceeded,363,21.16838264042747
484,2026-09-14T02:31:58.649+00:00,2026-09-14T02:36:52.072+00:00,2026-09-14T02:36:58.677+00:00,False,92,91.0,,91.0,293422.778481,300028.31832099997,300028.31807499996,3261.1773703804347,0.03744,293422.778481,30583.877338791473,89.8138775,72.5883498901099,18.995446887369383,0.3033047030668592,36,64,,True,False,Request timeout: 300.0s exceeded,388,21.16838264042747
485,2026-09-14T02:32:02.089+00:00,2026-09-14T02:36:55.607+00:00,2026-09-14T02:37:02.142+00:00,False,93,92.0,,92.0,293518.809514,300053.13041000004,300053.130316,3226.3777453333337,0.035319,293518.809514,30429.12403032787,89.92747899999999,71.02522713043479,19.699177966411675,0.3066123651977532,36,64,,True,False,Request timeout: 300.0s exceeded,346,21.16838264042747
486,2026-09-14T02:32:06.258+00:00,2026-09-14T02:37:00.210+00:00,2026-09-14T02:37:06.271+00:00,False,97,96.0,,96.0,293951.508835,300012.96854699997,300012.968385,3092.9171998453608,0.039168999999999995,293951.508835,29839.849901850946,90.5572388,63.140205333333334,20.68557334879481,0.31998616748115893,36,64,,True,False,Request timeout: 300.0s exceeded,433,21.16838264042747
487,2026-09-14T02:32:09.258+00:00,2026-09-14T02:37:03.068+00:00,2026-09-14T02:37:09.309+00:00,False,104,103.0,,103.0,293810.008437,300051.16709299997,300051.166968,2885.1073746923075,0.0,293810.008437,28804.513652939168,88.8437465,60.5937733592233,28.232261506694925,0.3432747854237656,36,64,,True,False,Request timeout: 300.0s exceeded,495,21.16838264042747
488,2026-09-14T02:32:12.008+00:00,2026-09-14T02:37:06.940+00:00,2026-09-14T02:37:12.057+00:00,False,77,76.0,,76.0,294931.518843,300048.452987,300048.453016,3896.733156051948,0.0,294931.518843,33602.90754193812,89.76642479999998,67.32808084210527,31.29974897504101,0.2532924240848954,36,64,,True,False,Request timeout: 300.0s exceeded,376,21.16838264042747
489,2026-09-14T02:32:15.134+00:00,2026-09-14T02:37:08.798+00:00,2026-09-14T02:37:15.154+00:00,False,94,93.0,,93.0,293663.720101,300019.977381,300019.977278,3191.70188593617,0.0212,293663.720101,30282.05712164596,90.04916180000001,68.34685247311828,20.016496370450398,0.3099793580808716,36,64,,True,False,Request timeout: 300.0s exceeded,438,21.16838264042747
490,2026-09-14T02:32:19.580+00:00,2026-09-14T02:37:13.339+00:00,2026-09-14T02:37:19.653+00:00,False,99,98.0,,98.0,293759.073824,300073.71344,300073.713399,3031.0476100909095,0.04385,293759.073824,29517.428958318793,89.9360427,64.43509812244898,20.654213889746583,0.3265864206382582,36,64,,True,False,Request timeout: 300.0s exceeded,399,21.16838264042747
491,2026-09-14T02:32:22.846+00:00,2026-09-14T02:37:16.348+00:00,2026-09-14T02:37:22.904+00:00,False,100,99.0,,99.0,293501.796249,300058.188953,300058.188825,3000.5818882500002,0.036959000000000006,293501.796249,29343.563942281035,89.23792139999999,66.22618892929293,20.278471733762743,0.32993600456445793,36,64,,True,False,Request timeout: 300.0s exceeded,437,21.16838264042747
492,2026-09-14T02:32:27.147+00:00,2026-09-14T02:37:20.721+00:00,2026-09-14T02:37:27.176+00:00,False,99,98.0,,98.0,293574.255162,300028.94469800004,300028.944641,3030.5954004141417,0.033780000000000004,293574.255162,29498.710146722715,88.8219418,65.86417893877551,20.3435114236694,0.32663515214721633,36,64,,True,False,Request timeout: 300.0s exceeded,449,21.16838264042747
493,2026-09-14T02:32:30.698+00:00,2026-09-14T02:37:24.641+00:00,2026-09-14T02:37:30.797+00:00,False,90,89.0,,89.0,293943.115165,300098.935453,300098.93529700005,3334.4326144111114,0.024059999999999998,293943.115165,30977.040750912907,88.91062595,69.16652008988764,20.428844685300458,0.29656886275072686,36,64,,True,False,Request timeout: 300.0s exceeded,422,21.16838264042747
494,2026-09-14T02:32:33.991+00:00,2026-09-14T02:37:27.767+00:00,2026-09-14T02:37:34.021+00:00,False,90,89.0,,89.0,293776.08352999995,300029.58241,300029.58241599996,3333.662026844444,0.02562,293776.08352999995,30959.317372867103,86.64052395,70.26403235955057,18.811508662363625,0.29663741583447817,36,64,,True,False,Request timeout: 300.0s exceeded,406,21.16838264042747
495,2026-09-14T02:32:38.244+00:00,2026-09-14T02:37:31.670+00:00,2026-09-14T02:37:38.266+00:00,False,98,97.0,,97.0,293425.669019,300021.026459,300021.026458,3061.439045489796,0.019679,293425.669019,29633.606330801555,85.96614935,67.99337567010309,19.080250101783044,0.32331067307129463,36,64,,True,False,Request timeout: 300.0s exceeded,482,21.16838264042747
496,2026-09-14T02:32:41.578+00:00,2026-09-14T02:37:35.373+00:00,2026-09-14T02:37:41.656+00:00,False,95,94.0,,94.0,293795.664731,300078.41391500004,300078.413926,3158.720146589474,0.02677,293795.664731,30135.948249133387,88.6816004,66.83775727659574,19.84300697631815,0.3132514557565822,36,64,,True,False,Request timeout: 300.0s exceeded,465,21.16838264042747
497,2026-09-14T02:32:44.150+00:00,2026-09-14T02:37:37.748+00:00,2026-09-14T02:37:44.193+00:00,False,94,93.0,,93.0,293597.393671,300043.22765500005,300043.22743900004,3191.9492280744685,0.04491,293597.393671,30275.11664082657,88.48161814999999,69.31004283870968,19.881455288348025,0.30995533785863205,36,64,,True,False,Request timeout: 300.0s exceeded,136,21.16838264042747
498,2026-09-14T02:32:46.595+00:00,2026-09-14T02:37:40.265+00:00,2026-09-14T02:37:46.642+00:00,False,92,91.0,,91.0,293670.283618,300047.436642,300047.436637,3261.3851808369564,0.02203,293670.283618,30609.94290112601,86.73883555,70.07860465934067,18.523991310635935,0.3032853772004597,36,64,,True,False,Request timeout: 300.0s exceeded,485,21.16838264042747
499,2026-09-14T02:32:49.689+00:00,2026-09-14T02:37:43.353+00:00,2026-09-14T02:37:49.712+00:00,False,94,93.0,,93.0,293664.19438999996,300022.990678,300022.99070799997,3191.7339437021274,0.03111,293664.19438999996,30282.102430639192,88.9732625,68.37415363440861,18.76280498082814,0.30997624478656155,36,64,,True,False,Request timeout: 300.0s exceeded,457,21.16838264042747
500,2026-09-14T02:32:53.915+00:00,2026-09-14T02:37:47.665+00:00,2026-09-14T02:37:54.001+00:00,False,95,94.0,,94.0,293750.228555,300086.524491,300086.52444199997,3158.8055204421053,0.03543,293750.228555,30131.228324547952,88.26591570000001,67.40740357446809,20.10541759304268,0.3132429893659527,36,64,,True,False,Request timeout: 300.0s exceeded,482,21.16838264042747
501,2026-09-14T02:32:57.476+00:00,2026-09-14T02:37:51.146+00:00,2026-09-14T02:37:57.548+00:00,False,91,90.0,,90.0,293669.463513,300071.194841,300071.194771,3297.4856568241757,0.02423,293669.463513,30777.47466350331,89.94855,71.13034808888888,20.252082632396906,0.29992882205067595,36,64,,True,False,Request timeout: 300.0s exceeded,436,21.16838264042747
502,2026-09-14T02:33:00.513+00:00,2026-09-14T02:37:54.256+00:00,2026-09-14T02:38:00.601+00:00,False,88,87.0,,87.0,293742.787947,300088.307051,300088.306864,3410.0943961818184,0.02548,293742.787947,31305.317352029364,89.69102085,72.93700119540229,19.58346781767622,0.2899146616372971,36,64,,True,False,Request timeout: 300.0s exceeded,350,21.16838264042747
503,2026-09-14T02:33:03.617+00:00,2026-09-14T02:37:57.201+00:00,2026-09-14T02:38:03.682+00:00,False,92,91.0,,91.0,293583.529021,300065.083965,300065.08393100003,3261.5769992500004,0.03331,293583.529021,30600.77935542794,90.1365965,71.2258785054945,19.902736522015136,0.3032675404866978,36,64,,True,False,Request timeout: 300.0s exceeded,133,21.16838264042747
504,2026-09-14T02:33:07.455+00:00,2026-09-14T02:38:01.342+00:00,2026-09-14T02:38:07.553+00:00,False,91,90.0,,90.0,293886.71387,300097.86753399996,300097.86770899995,3297.778766032967,0.019440000000000002,293886.71387,30800.47055968744,89.84346000000001,69.01281848888888,20.095310923681065,0.29990216438243544,36,64,,True,False,Request timeout: 300.0s exceeded,424,21.16838264042747
505,2026-09-14T02:33:11.824+00:00,2026-09-14T02:38:05.383+00:00,2026-09-14T02:38:12.762+00:00,False,65,64.0,,64.0,293559.54970599996,300938.26842599997,300938.268412,4629.819514030769,0.02827,293559.54970599996,36399.12301985886,89.6628672,115.29248,369.1250377256457,0.2126682004742692,36,64,,True,False,Request timeout: 300.0s exceeded,269,21.16838264042747
506,2026-09-14T02:33:15.029+00:00,2026-09-14T02:38:08.202+00:00,2026-09-14T02:38:15.101+00:00,False,112,111.0,,111.0,293172.49488099996,300071.41020899994,300071.41043099994,2679.209021705357,0.015449999999999998,293172.49488099996,27697.75771327649,88.97213959999999,62.152390342342336,283.08898368173925,0.3699119483681848,36,64,,True,False,Request timeout: 300.0s exceeded,617,21.16838264042747
507,2026-09-14T02:33:18.873+00:00,2026-09-14T02:38:14.039+00:00,2026-09-14T02:38:18.944+00:00,False,75,74.0,,74.0,295165.88792199997,300071.08651399997,300071.08657999994,4000.947821066666,0.02208,295165.88792199997,34075.17258635333,86.3688564,66.28646745945946,19.876799309953757,0.24660823160163917,36,64,,True,False,Request timeout: 300.0s exceeded,369,21.16838264042747
508,2026-09-14T02:33:23.338+00:00,2026-09-14T02:38:16.845+00:00,2026-09-14T02:38:23.358+00:00,False,96,95.0,,95.0,293507.041811,300019.42760299996,300019.42781599995,3125.202373083333,0.02475,293507.041811,29948.946730553773,87.684412,68.5514293894737,19.399866474380286,0.3166461610803036,36,64,,True,False,Request timeout: 300.0s exceeded,458,21.16838264042747
509,2026-09-14T02:33:26.376+00:00,2026-09-14T02:38:20.687+00:00,2026-09-14T02:38:26.386+00:00,False,86,85.0,,85.0,294311.050953,300009.788361,300009.78826600005,3488.4859100697677,0.03526,294311.050953,31729.15364716891,88.299583,67.04396950588236,20.233563429931273,0.28332408907178724,36,64,,True,False,Request timeout: 300.0s exceeded,401,21.16838264042747
510,2026-09-14T02:33:30.110+00:00,2026-09-14T02:38:23.953+00:00,2026-09-14T02:38:30.158+00:00,False,95,94.0,,94.0,293843.35804900003,300048.564833,300048.564942,3158.405946757895,0.0362,293843.35804900003,30140.92634717675,87.318321,66.01283812765958,20.197723657543314,0.31328261827320586,36,64,,True,False,Request timeout: 300.0s exceeded,269,21.16838264042747
511,2026-09-14T02:33:32.894+00:00,2026-09-14T02:38:26.548+00:00,2026-09-14T02:38:32.952+00:00,False,99,98.0,,98.0,293654.012346,300057.439674,300057.439821,3030.8832305151514,0.023469999999999998,293654.012346,29506.778516179154,87.07802259999998,65.34109518367347,20.198026910065852,0.3266041332168699,36,64,,True,False,Request timeout: 300.0s exceeded,449,21.16838264042747
512,2026-09-14T02:33:36.398+00:00,2026-09-14T02:38:30.025+00:00,2026-09-14T02:38:36.445+00:00,False,95,94.0,,94.0,293627.693021,300047.489245,300047.48923,3158.3946234736845,0.04022,293627.693021,30118.565459984657,88.4857047,68.2957045106383,20.33269989303893,0.3132837413055154,36,64,,True,False,Request timeout: 300.0s exceeded,404,21.16838264042747
513,2026-09-14T02:33:39.306+00:00,2026-09-14T02:38:33.430+00:00,2026-09-14T02:38:39.346+00:00,False,85,84.0,,84.0,294124.78235000005,300040.27163000003,300040.2715140001,3529.88554722353,0.04058,294124.78235000005,31894.6794466939,88.2526832,70.42249142857143,19.669138351332716,0.2799624181902691,36,64,,True,False,Request timeout: 300.0s exceeded,409,21.16838264042747
514,2026-09-14T02:33:43.710+00:00,2026-09-14T02:38:37.643+00:00,2026-09-14T02:38:43.730+00:00,False,91,90.0,,90.0,293932.339004,300019.622972,300019.623005,3296.9189341208794,0.03928,293932.339004,30805.39815482235,88.835163,67.63648853333333,20.861684350540894,0.29998037831145286,36,64,,True,False,Request timeout: 300.0s exceeded,265,21.16838264042747
515,2026-09-14T02:33:46.560+00:00,2026-09-14T02:38:40.323+00:00,2026-09-14T02:38:46.636+00:00,False,100,99.0,,99.0,293762.88968,300075.71502400003,300075.715137,3000.7571513700004,0.02266,293762.88968,29369.918731920476,85.64701595000001,63.76591256565656,19.419542237193752,0.329916734488434,36,64,,True,False,Request timeout: 300.0s exceeded,457,21.16838264042747
516,2026-09-14T02:33:49.728+00:00,2026-09-14T02:38:43.569+00:00,2026-09-14T02:38:49.788+00:00,False,95,94.0,,94.0,293841.042674,300060.161778,300060.16172800004,3158.528018189474,0.0375,293841.042674,30140.673321673195,85.84872999999999,66.1608415319149,19.757860266777737,0.3132705102970185,36,64,,True,False,Request timeout: 300.0s exceeded,429,21.16838264042747
517,2026-09-14T02:33:53.468+00:00,2026-09-14T02:38:47.180+00:00,2026-09-14T02:38:53.474+00:00,False,94,93.0,,93.0,293712.032815,300006.31505499996,300006.315181,3191.556544478723,0.020829999999999998,293712.032815,30287.10897547152,89.40810464999998,67.68045419354839,20.08593219954793,0.309993474580528,36,64,,True,False,Request timeout: 300.0s exceeded,416,21.16838264042747
518,2026-09-14T02:33:56.514+00:00,2026-09-14T02:38:50.095+00:00,2026-09-14T02:38:56.584+00:00,False,96,95.0,,95.0,293580.5331,300069.785964,300069.785855,3125.726935989583,0.023399999999999997,293580.5331,29956.472775910745,90.59490875000002,68.30792488421052,20.196131986133484,0.31659302083615093,36,64,,True,False,Request timeout: 300.0s exceeded,461,21.16838264042747
519,2026-09-14T02:34:00.011+00:00,2026-09-14T02:38:53.724+00:00,2026-09-14T02:39:00.054+00:00,False,95,94.0,,94.0,293713.112679,300043.24669500004,300043.24661900004,3158.3499644105264,0.02842,293713.112679,30127.42665095256,88.1654587,67.34185123404255,19.50351327135753,0.3132881710733949,36,64,,True,False,Request timeout: 300.0s exceeded,375,21.16838264042747
520,2026-09-14T02:34:03.343+00:00,2026-09-14T02:38:57.385+00:00,2026-09-14T02:39:03.369+00:00,False,87,86.0,,86.0,294042.641083,300026.419131,300026.418974,3448.5795284367814,0.0391,294042.641083,31517.22651152299,88.01875,69.57881451162791,19.58613542293752,0.28664142394223613,36,64,,True,False,Request timeout: 300.0s exceeded,353,21.16838264042747
521,2026-09-14T02:34:06.687+00:00,2026-09-14T02:39:00.102+00:00,2026-09-14T02:39:06.702+00:00,False,99,98.0,,98.0,293415.403165,300015.552925,300015.552976,3030.460131070707,0.028480000000000002,293415.403165,29482.595555457883,87.529819,67.34846693877552,20.060449177372817,0.32664973213738263,36,64,,True,False,Request timeout: 300.0s exceeded,449,21.16838264042747
522,2026-09-14T02:34:10.278+00:00,2026-09-14T02:39:03.713+00:00,2026-09-14T02:39:10.326+00:00,False,104,103.0,,103.0,293434.981233,300048.577649,300048.577715,2885.0824780288463,0.02622,293434.981233,28767.378269980938,90.4144493,64.20967394174758,20.63607713392686,0.34327774791350785,36,64,,True,False,Request timeout: 300.0s exceeded,476,21.16838264042747
523,2026-09-14T02:34:13.244+00:00,2026-09-14T02:39:07.113+00:00,2026-09-14T02:39:13.303+00:00,False,91,90.0,,90.0,293868.578646,300058.93999,300058.940202,3297.3509912307695,0.0219,293868.578646,30798.59384663826,89.65912550000002,68.78179271111111,20.336506487279678,0.2999410715874668,36,64,,True,False,Request timeout: 300.0s exceeded,467,21.16838264042747
524,2026-09-14T02:34:17.663+00:00,2026-09-14T02:39:11.350+00:00,2026-09-14T02:39:17.682+00:00,False,95,94.0,,94.0,293686.869528,300019.72636000003,300019.726334,3158.102382463158,0.023989999999999997,293686.869528,30124.73129040693,88.544894,67.37081736170212,19.661007919400095,0.31331273160087947,36,64,,True,False,Request timeout: 300.0s exceeded,558,21.16838264042747
525,2026-09-14T02:34:21.461+00:00,2026-09-14T02:39:15.404+00:00,2026-09-14T02:39:21.466+00:00,False,88,87.0,,87.0,293942.84887800005,300005.18052600004,300005.180432,3409.149777636364,0.019870000000000002,293942.84887800005,31326.99067389032,89.16616534999999,69.68197296551723,19.211118289165714,0.28999499224467595,36,64,,True,False,Request timeout: 300.0s exceeded,213,21.16838264042747
526,2026-09-14T02:34:25.409+00:00,2026-09-14T02:39:19.074+00:00,2026-09-14T02:39:25.418+00:00,False,94,93.0,,93.0,293664.598843,300008.649531,300008.64957400004,3191.5813784468087,0.04376,293664.598843,30282.16088884299,86.298901,68.21559879569892,19.386114927088883,0.30999106240898655,36,64,,True,False,Request timeout: 300.0s exceeded,450,21.16838264042747
527,2026-09-14T02:34:28.294+00:00,2026-09-14T02:39:22.015+00:00,2026-09-14T02:39:28.381+00:00,False,93,92.0,,92.0,293720.99637300003,300086.723605,300086.72364800004,3226.7389639569897,0.0216,293720.99637300003,30450.28000453619,88.7892706,69.19268730434783,19.936228581119984,0.30657804149009377,36,64,,True,False,Request timeout: 300.0s exceeded,425,21.16838264042747
528,2026-09-14T02:34:31.631+00:00,2026-09-14T02:39:25.292+00:00,2026-09-14T02:39:31.638+00:00,False,95,94.0,,94.0,293661.983547,300006.999611,300006.999615,3157.9684169999996,0.01991,293661.983547,30122.164965624826,88.9847737,67.50017089361702,19.958968503070196,0.31332602279908073,36,64,,True,False,Request timeout: 300.0s exceeded,423,21.16838264042747
529,2026-09-14T02:34:34.520+00:00,2026-09-14T02:39:28.132+00:00,2026-09-14T02:39:34.539+00:00,False,99,98.0,,98.0,293611.993911,300019.11327100004,300019.113229,3030.4960932222225,0.02244,293611.993911,29502.55180621143,89.63599699999999,65.37876897959184,20.325750160125203,0.3266458557641258,36,64,,True,False,Request timeout: 300.0s exceeded,248,21.16838264042747
530,2026-09-14T02:34:38.345+00:00,2026-09-14T02:39:31.769+00:00,2026-09-14T02:39:38.375+00:00,False,136,135.0,,135.0,293423.712176,300029.791408,300029.791335,2206.101406875,0.02132,293423.712176,25156.69073074242,88.1792455,48.93392023703704,23.652762166828364,0.44995531732519933,36,64,,True,False,Request timeout: 300.0s exceeded,681,21.16838264042747
0,2026-09-14T02:04:40.924+00:00,2026-09-14T02:04:41.145+00:00,2026-09-14T02:04:56.881+00:00,True,281,281.0,,281.0,220.29503599999998,15956.563068,15956.563034,56.78492182918149,0.0232,220.29503599999998,22.97133212297785,94.52585,56.20095725714285,20.81837782873415,17.610308611102468,37,64,,False,True,,1022,21.16838264042747
1,2026-09-14T02:04:44.265+00:00,2026-09-14T02:04:44.405+00:00,2026-09-14T02:04:55.729+00:00,True,185,185.0,,185.0,139.788125,11464.088668999999,11464.088501,61.96804595135135,0.11377,139.788125,22.15845722730281,95.96777979999999,61.545111652173915,21.457122418873528,16.13734901582346,37,64,,False,True,,847,21.16838264042747
2,2026-09-14T02:04:46.691+00:00,2026-09-14T02:04:46.846+00:00,2026-09-14T02:04:53.069+00:00,True,108,108.0,,108.0,155.014623,6377.631711,6377.6319,59.052147222222224,39.700786,155.014623,21.448775878147288,93.90877435,58.15529988785047,19.408831925336724,16.93418574385911,37,64,,False,True,,437,21.16838264042747
3,2026-09-14T02:04:49.504+00:00,2026-09-14T02:04:54.056+00:00,2026-09-14T02:05:03.737+00:00,True,146,146.0,,146.0,4551.5733279999995,14232.653903999999,14232.654026999999,97.48393169178082,40.259025,4551.5733279999995,371.8288929005277,96.0675545,66.76607293793103,22.28177390178247,10.258100912505686,37,64,,False,True,,511,21.16838264042747
4,2026-09-14T02:04:51.743+00:00,2026-09-14T02:04:57.661+00:00,2026-09-14T02:05:09.934+00:00,True,188,188.0,,188.0,5917.987377,18190.409265000002,18190.409255,96.75749603723405,35.382525,5917.987377,427.3598210882179,95.05674685,65.62792453475936,21.387387464200717,10.335116558467382,37,64,,False,True,,931,21.16838264042747
5,2026-09-14T02:04:55.319+00:00,2026-09-14T02:05:04.036+00:00,2026-09-14T02:05:17.093+00:00,True,199,199.0,,199.0,8717.315739,21773.992091,21773.992055,109.41704550251256,19.642279,8717.315739,613.6881878569404,95.38485589999999,65.94280985858586,22.447932676899583,9.1393438175379,37,64,,False,True,,890,21.16838264042747
6,2026-09-14T02:04:58.894+00:00,2026-09-14T02:05:10.711+00:00,2026-09-14T02:05:23.451+00:00,True,189,189.0,,189.0,11817.037377,24556.619841,24556.61984,129.92920550264552,22.617742,11817.037377,854.9246899175079,94.9363812,67.7637365106383,22.355688931912198,7.6964989979786855,37,64,,False,True,,998,21.16838264042747
7,2026-09-14T02:05:01.385+00:00,2026-09-14T02:05:14.342+00:00,2026-09-14T02:05:21.678+00:00,True,107,107.0,,107.0,12957.095885,20293.512397,20293.512384,189.65899424299067,20.415277,12957.095885,1246.1289405170594,95.23231600000001,69.21147652830187,22.992084732020533,5.2726210183219875,37,64,,False,True,,184,21.16838264042747
8,2026-09-14T02:05:04.997+00:00,2026-09-14T02:05:20.245+00:00,2026-09-14T02:05:39.032+00:00,True,282,282.0,,282.0,15247.800506,34034.717882,34034.717806,120.69048867375886,0.01843,15247.800506,904.3823972806514,94.44845099999999,66.8573572099644,25.926819957270485,8.285657045188609,37,64,,False,True,,1472,21.16838264042747
9,2026-09-14T02:05:08.377+00:00,2026-09-14T02:05:27.006+00:00,2026-09-14T02:05:34.949+00:00,True,117,117.0,,117.0,18629.112051,26572.840691,26572.840712,227.1182966837607,40.069735,18629.112051,1716.0734777128766,96.47910099999999,68.48041931034483,22.208852664682038,4.402991812600108,37,64,,False,True,,497,21.16838264042747
10,2026-09-14T02:05:10.947+00:00,2026-09-14T02:05:30.467+00:00,2026-09-14T02:05:47.725+00:00,True,264,264.0,,264.0,19519.345756000002,36777.672284,36777.672499,139.30936552651517,0.02087,19519.345756000002,1197.5899040784732,96.84659215000002,65.62101341444867,26.6717232307853,7.178268324361906,37,64,,False,True,,1243,21.16838264042747
11,2026-09-14T02:05:14.635+00:00,2026-09-14T02:05:37.237+00:00,2026-09-14T02:05:50.662+00:00,True,209,209.0,,209.0,22601.797019999998,36027.051675999995,36027.051699999996,172.37823779904306,0.01863,22601.797019999998,1559.171931976535,95.60064200000001,64.54449353846154,27.283132326669044,5.801196331012253,37,64,,False,True,,1102,21.16838264042747
12,2026-09-14T02:05:17.562+00:00,2026-09-14T02:05:43.644+00:00,2026-09-14T02:05:53.864+00:00,True,154,154.0,,154.0,26082.226125999998,36302.176461999996,36302.176359,235.7284179155844,40.584264000000005,26082.226125999998,2096.4975065023023,95.87635045,66.79706101960784,21.981887089854816,4.24216989196784,37,64,,False,True,,740,21.16838264042747
13,2026-09-14T02:05:20.748+00:00,2026-09-14T02:05:47.896+00:00,2026-09-14T02:06:00.089+00:00,True,188,188.0,,188.0,27147.713111,39340.765783,39340.765847,209.2593928031915,40.758354,27147.713111,1975.3149707582347,95.80335579999999,65.20349022459892,21.827130433055796,4.778758020039327,37,64,,False,True,,975,21.16838264042747
14,2026-09-14T02:05:23.542+00:00,2026-09-14T02:05:53.584+00:00,2026-09-14T02:06:06.790+00:00,True,198,198.0,,198.0,30041.938553,43247.765881,43247.766035,218.4230607828283,39.848956,30041.938553,2130.3373762439787,95.73715265000001,67.03465648730965,22.06722060840424,4.578271176939273,37,64,,False,True,,946,21.16838264042747
15,2026-09-14T02:05:27.362+00:00,2026-09-14T02:06:00.715+00:00,2026-09-14T02:06:15.883+00:00,True,228,228.0,,228.0,33353.360336,48521.37364799999,48521.373634999996,212.81304225877193,35.69830399999999,33353.360336,2204.561858215353,94.6217112,66.8194419030837,21.751342272849524,4.698960125367307,37,64,,False,True,,1084,21.16838264042747
16,2026-09-14T02:05:31.398+00:00,2026-09-14T02:06:06.550+00:00,2026-09-14T02:06:25.372+00:00,True,284,284.0,,284.0,35152.032026,53974.21417,53974.214165,190.05004987676057,4.895849,35152.032026,2082.0635388304277,93.38543399999999,66.50947754063604,22.46835601364235,5.261771836186421,37,64,,False,True,,1603,21.16838264042747
17,2026-09-14T02:05:34.740+00:00,2026-09-14T02:06:12.333+00:00,2026-09-14T02:06:27.808+00:00,True,235,235.0,,235.0,37592.131493,53067.260581,53067.260425,225.81812946808512,5.529848,37592.131493,2448.0328038765747,94.4615157,66.13303029059828,22.89185462117961,4.428342398441771,37,64,,False,True,,525,21.16838264042747
18,2026-09-14T02:05:38.314+00:00,2026-09-14T02:06:19.632+00:00,2026-09-14T02:06:29.853+00:00,True,156,156.0,,156.0,41318.602853,51539.801956999996,51539.802104999995,330.38334682692306,12.769624,41318.602853,3302.935550964867,93.80464625,65.94322002580645,22.981659951727753,3.0267869506008553,37,64,,False,True,,674,21.16838264042747
19,2026-09-14T02:05:41.841+00:00,2026-09-14T02:06:25.504+00:00,2026-09-14T02:06:42.106+00:00,True,249,249.0,,249.0,43663.616902,60264.854918,60264.854721,242.02752900000002,0.01677,43663.616902,2762.996077629499,94.18819340000002,66.94047587096775,30.618111668971444,4.131761377983975,37,64,,False,True,,996,21.16838264042747
20,2026-09-14T02:05:45.875+00:00,2026-09-14T02:06:32.918+00:00,2026-09-14T02:06:46.785+00:00,True,206,206.0,,206.0,47042.686093000004,60909.219213000004,60909.219409000005,295.67582237378645,0.015880000000000002,47042.686093000004,3273.0888976675005,94.86814225000002,67.64162497560974,34.64489299522296,3.3820824279427457,37,64,,False,True,,942,21.16838264042747
21,2026-09-14T02:05:49.968+00:00,2026-09-14T02:06:39.797+00:00,2026-09-14T02:06:52.129+00:00,True,187,187.0,,187.0,49829.61428,62160.92052,62160.920701,332.4113406470588,7.091875,49829.61428,3639.124450785071,94.3792957,66.29734537634408,22.6825071677747,3.0083209585005033,37,64,,False,True,,796,21.16838264042747
22,2026-09-14T02:05:53.104+00:00,2026-09-14T02:06:44.781+00:00,2026-09-14T02:07:02.240+00:00,True,262,262.0,,262.0,51677.534870999996,69136.363415,69136.363567,263.8792502557252,5.852517,51677.534870999996,3188.5969636466198,94.99191259999999,66.89206338697318,22.74355841160318,3.78961210943814,37,64,,False,True,,1214,21.16838264042747
23,2026-09-14T02:05:56.147+00:00,2026-09-14T02:06:50.216+00:00,2026-09-14T02:07:08.468+00:00,True,277,277.0,,277.0,54068.763622,72320.948454,72320.948364,261.0864561877256,0.0,54068.763622,3244.791723837415,96.61597,66.13110446376811,23.941042763629046,3.8301488838491498,37,64,,False,True,,1290,21.16838264042747
24,2026-09-14T02:05:58.417+00:00,2026-09-14T02:06:54.511+00:00,2026-09-14T02:07:09.837+00:00,True,229,229.0,,229.0,56093.909488,71419.953392,71419.953388,311.8775257117904,0.0,56093.909488,3702.433195529282,95.70500240000001,67.21949080701755,25.188740731340555,3.2063868586289375,37,64,,False,True,,1172,21.16838264042747
25,2026-09-14T02:06:01.873+00:00,2026-09-14T02:07:00.515+00:00,2026-09-14T02:07:14.305+00:00,True,207,207.0,,207.0,58642.717205,72432.758037,72432.757946,349.9167050531401,0.0,58642.717205,4071.384617690943,96.234542,66.94194578640777,26.650025334016266,2.857822974161228,37,64,,False,True,,962,21.16838264042747
26,2026-09-14T02:06:05.065+00:00,2026-09-14T02:07:05.852+00:00,2026-09-14T02:07:15.972+00:00,True,151,151.0,,151.0,60787.014659,70907.07840299999,70907.078297,469.58329998013244,0.0,60787.014659,4941.367488162774,98.70291749999998,67.46709162666666,28.350072809682665,2.1295476192347444,37,64,,False,True,,494,21.16838264042747
27,2026-09-14T02:06:07.623+00:00,2026-09-14T02:07:10.250+00:00,2026-09-14T02:07:17.726+00:00,True,111,111.0,,111.0,62627.238374,70102.502886,70102.502845,631.5540796846847,40.643184,62627.238374,5937.911709902647,97.20325099999998,67.95695010909091,23.857646294678208,1.5833956767635973,37,64,,False,True,,478,21.16838264042747
28,2026-09-14T02:06:10.968+00:00,2026-09-14T02:07:15.542+00:00,2026-09-14T02:07:34.518+00:00,True,289,289.0,,289.0,64574.463200000006,83549.764064,83549.76412600001,289.0995298477509,0.01797,64574.463200000006,3794.7848460446075,96.827209,65.88646133333333,35.19920709034432,3.45901635076579,37,64,,False,True,,1327,21.16838264042747
29,2026-09-14T02:06:15.050+00:00,2026-09-14T02:07:23.690+00:00,2026-09-14T02:07:32.756+00:00,True,141,141.0,,141.0,68640.191433,77706.095305,77706.095107,551.1070574964539,0.019,68640.191433,5775.2751781699535,96.544417,64.75645622857142,45.9821105216813,1.8145294709066069,37,64,,False,True,,748,21.16838264042747
30,2026-09-14T02:06:18.178+00:00,2026-09-14T02:07:30.128+00:00,2026-09-14T02:07:37.990+00:00,True,121,121.0,,121.0,71950.481073,79812.516017,79812.515958,659.6075699008264,0.02829,71950.481073,6535.0486764119605,93.589242,65.51695786666667,26.163798721136292,1.516052945558402,37,64,,False,True,,290,21.16838264042747
31,2026-09-14T02:06:21.025+00:00,2026-09-14T02:07:34.379+00:00,2026-09-14T02:07:44.253+00:00,True,153,153.0,,153.0,73354.18704,83228.59420800001,83228.59405700001,543.9777389346406,37.492221,73354.18704,5925.119182596604,93.5041002,64.96320505263158,20.89818023943497,1.8383105164269795,37,64,,False,True,,787,21.16838264042747
32,2026-09-14T02:06:24.012+00:00,2026-09-14T02:07:39.121+00:00,2026-09-14T02:07:49.634+00:00,True,164,164.0,,164.0,75109.900584,85622.79146400001,85622.791444,522.0901917317074,38.944646999999996,75109.900584,5860.097784392499,93.41680805,64.49626306748466,20.67034792410161,1.9153778707267866,37,64,,False,True,,708,21.16838264042747
33,2026-09-14T02:06:26.520+00:00,2026-09-14T02:07:42.978+00:00,2026-09-14T02:07:54.708+00:00,True,185,185.0,,185.0,76457.73805,88187.473218,88187.473251,476.6890446,0.0,76457.73805,5616.6520002544075,92.3638952,63.74856069565217,24.739543264935733,2.0978036137023546,37,64,,False,True,,872,21.16838264042747
34,2026-09-14T02:06:30.019+00:00,2026-09-14T02:07:49.447+00:00,2026-09-14T02:07:55.886+00:00,True,100,100.0,,100.0,79427.968218,85867.443674,85867.443606,858.67443606,0.0,79427.968218,7936.3425321238365,93.5797034,65.04520662626263,28.380147716972697,1.1645857349574182,37,64,,False,True,,530,21.16838264042747
35,2026-09-14T02:06:32.480+00:00,2026-09-14T02:07:53.926+00:00,2026-09-14T02:08:04.737+00:00,True,164,164.0,,164.0,81445.786419,92256.85509099999,92256.855081,562.5417992743902,40.173925000000004,81445.786419,6354.7047730749055,94.32302530000001,66.32557467484662,21.60536061534241,1.777645681052473,37,64,,False,True,,663,21.16838264042747
36,2026-09-14T02:06:35.387+00:00,2026-09-14T02:07:58.439+00:00,2026-09-14T02:08:15.981+00:00,True,272,272.0,,272.0,83051.89904999999,100594.17924199998,100594.179381,369.83154184191176,0.0,83051.89904999999,5031.899181666246,95.540978,64.73166122509225,25.2369685327563,2.7039337867218745,37,64,,False,True,,1461,21.16838264042747
37,2026-09-14T02:06:39.378+00:00,2026-09-14T02:08:05.968+00:00,2026-09-14T02:08:23.089+00:00,True,259,259.0,,259.0,86589.694858,103711.36833,103711.368332,400.42999355984557,0.0,86589.694858,5376.488906055236,95.47102989999999,66.36307547286822,45.36676363685546,2.4973154261728174,37,64,,False,True,,983,21.16838264042747
38,2026-09-14T02:06:42.961+00:00,2026-09-14T02:08:11.900+00:00,2026-09-14T02:08:29.833+00:00,True,271,271.0,,271.0,88939.36829799999,106871.83472999999,106871.83476599999,394.3610138966789,0.0,88939.36829799999,5398.832868092612,95.48642800000002,66.41654234074075,44.83967869885257,2.5357476147448192,37,64,,False,True,,1091,21.16838264042747
39,2026-09-14T02:06:46.024+00:00,2026-09-14T02:08:17.900+00:00,2026-09-14T02:08:27.565+00:00,True,145,145.0,,145.0,91875.358677,101541.251797,101541.251699,700.2844944758621,0.01625,91875.358677,7624.442397612201,95.93544739999999,67.12425777777777,53.084327359066634,1.4279910620944696,37,64,,False,True,,493,21.16838264042747
40,2026-09-14T02:06:49.602+00:00,2026-09-14T02:08:24.315+00:00,2026-09-14T02:08:34.872+00:00,True,158,158.0,,158.0,94712.899005,105270.379709,105270.379696,666.2682259240506,41.211012000000004,94712.899005,7529.636789661054,95.22345585000001,67.24510002547771,22.313516209203886,1.500897027604166,37,64,,False,True,,877,21.16838264042747
41,2026-09-14T02:06:52.329+00:00,2026-09-14T02:08:29.605+00:00,2026-09-14T02:08:47.882+00:00,True,273,273.0,,273.0,97275.753303,115552.89173500001,115552.89170800001,423.27066559706964,0.0,97275.753303,5883.378159157222,94.8241896,67.19536188235296,23.95561508090901,2.362554462298329,37,64,,False,True,,1137,21.16838264042747
42,2026-09-14T02:06:55.876+00:00,2026-09-14T02:08:35.511+00:00,2026-09-14T02:08:53.277+00:00,True,267,267.0,,267.0,99634.651062,117400.969654,117400.96955400001,439.7040058202247,0.0,99634.651062,6093.500488071325,95.426615,66.79067139849624,23.821723491941675,2.2742571955486652,37,64,,False,True,,1056,21.16838264042747
43,2026-09-14T02:06:59.473+00:00,2026-09-14T02:08:42.200+00:00,2026-09-14T02:08:53.743+00:00,True,175,175.0,,175.0,102727.83401100001,114270.53557900002,114270.53554100002,652.9744888057144,39.172777,102727.83401100001,7760.512095142881,96.8713617,66.33736533333334,22.489524368196744,1.5314533979672753,37,64,,False,True,,742,21.16838264042747
44,2026-09-14T02:07:01.865+00:00,2026-09-14T02:08:46.696+00:00,2026-09-14T02:08:59.402+00:00,True,191,191.0,,191.0,104830.696202,117537.09338600001,117537.093341,615.3774520471204,0.0,104830.696202,7580.496338769149,94.78430499999999,66.87577465263158,28.243237865867396,1.6250189152861105,37,64,,False,True,,886,21.16838264042747
45,2026-09-14T02:07:05.377+00:00,2026-09-14T02:08:53.014+00:00,2026-09-14T02:09:07.314+00:00,True,218,218.0,,218.0,107636.51448499999,121936.80837299999,121936.80826399999,559.3431571743118,0.0,107636.51448499999,7285.654810316672,93.99754335,65.89997183410138,27.98024661764741,1.7878112680557163,37,64,,False,True,,790,21.16838264042747
46,2026-09-14T02:07:09.453+00:00,2026-09-14T02:08:59.716+00:00,2026-09-14T02:09:18.200+00:00,True,280,280.0,,280.0,110262.722625,128746.81683299999,128746.816887,459.8100603107143,0.01623,110262.722625,6585.670790447942,96.69400739999999,66.25123372043011,47.68603255762994,2.174811050771014,37,64,,False,True,,1360,21.16838264042747
47,2026-09-14T02:07:11.729+00:00,2026-09-14T02:09:03.979+00:00,2026-09-14T02:09:20.534+00:00,True,249,249.0,,249.0,112249.340787,128804.66136299999,128804.66129199999,517.2877963534137,0.01575,112249.340787,7109.447239400386,96.651548,66.75532490322581,48.49762200532461,1.9331598512437607,37,64,,False,True,,1251,21.16838264042747
48,2026-09-14T02:07:14.269+00:00,2026-09-14T02:09:08.647+00:00,2026-09-14T02:09:19.933+00:00,True,170,170.0,,170.0,114378.462186,125663.82001000001,125663.82000200001,739.1989411882353,0.016190000000000003,114378.462186,8767.519868555635,97.73243145,66.77726523076923,61.41829040101064,1.3528157904675493,37,64,,False,True,,825,21.16838264042747
49,2026-09-14T02:07:18.264+00:00,2026-09-14T02:09:16.328+00:00,2026-09-14T02:09:34.616+00:00,True,278,278.0,,278.0,118064.114168,136351.554296,136351.554326,490.473217,0.0,118064.114168,7077.224928021073,96.15912649999999,66.01963945126354,49.07158954201533,2.038847312268265,37,64,,False,True,,1190,21.16838264042747
50,2026-09-14T02:07:21.912+00:00,2026-09-14T02:09:22.787+00:00,2026-09-14T02:09:41.248+00:00,True,279,279.0,,279.0,120874.719887,139335.599503,139335.599578,499.41075117562724,38.234089,120874.719887,7232.638805761236,95.4911979,66.40604178417266,22.295436572359215,2.002359777366106,37,64,,False,True,,927,21.16838264042747
51,2026-09-14T02:07:24.177+00:00,2026-09-14T02:09:26.512+00:00,2026-09-14T02:09:43.624+00:00,True,259,259.0,,259.0,122335.39628100001,139447.40959300002,139447.40947100002,538.4069863745174,38.846128,122335.39628100001,7597.460274742933,94.670779,66.32563299224806,21.3538594151227,1.8573310236162413,37,64,,False,True,,951,21.16838264042747
52,2026-09-14T02:07:26.856+00:00,2026-09-14T02:09:30.472+00:00,2026-09-14T02:09:47.602+00:00,True,265,265.0,,265.0,123616.396141,140746.695533,140746.695602,531.119606045283,0.0,123616.396141,7589.760277354194,93.9757172,64.88749769696969,27.994712211612132,1.8828150742471048,37,64,,False,True,,1314,21.16838264042747
53,2026-09-14T02:07:29.149+00:00,2026-09-14T02:09:34.567+00:00,2026-09-14T02:09:53.839+00:00,True,290,290.0,,290.0,125417.374097,144689.411729,144689.411705,498.92900587931035,0.0,125417.374097,7360.898270008425,94.71803899999999,66.68525132179931,27.814104463769244,2.0042931720751165,37,64,,False,True,,1538,21.16838264042747
54,2026-09-14T02:07:31.702+00:00,2026-09-14T02:09:39.849+00:00,2026-09-14T02:09:59.319+00:00,True,295,295.0,,295.0,128147.43834800001,147616.99713200002,147616.996969,500.3965998949153,0.0,128147.43834800001,7457.2281423066215,94.548961,66.2229890612245,27.755419589247108,1.998414855548167,37,64,,False,True,,987,21.16838264042747
55,2026-09-14T02:07:35.726+00:00,2026-09-14T02:09:46.672+00:00,2026-09-14T02:10:03.048+00:00,True,245,245.0,,245.0,130945.457164,147322.002188,147322.002347,601.3142952938775,34.576707,130945.457164,8361.539406635879,95.464946,67.11698780327869,22.054417356097755,1.6630238278146092,37,64,,False,True,,1172,21.16838264042747
56,2026-09-14T02:07:39.553+00:00,2026-09-14T02:09:52.919+00:00,2026-09-14T02:10:07.571+00:00,True,219,219.0,,219.0,133366.181936,148018.04907200002,148018.049082,675.8815026575343,32.349531,133366.181936,9007.537164568997,95.610657,67.21039970642201,22.271627495250897,1.4795492939747665,37,64,,False,True,,1012,21.16838264042747
57,2026-09-14T02:07:42.281+00:00,2026-09-14T02:09:57.715+00:00,2026-09-14T02:10:07.298+00:00,True,144,144.0,,144.0,135434.772325,145017.255269,145017.255427,1007.0642737986111,40.317935,135434.772325,11280.66746263813,94.809835,67.01037023776223,21.651553822029946,0.9929852811852423,37,64,,False,True,,479,21.16838264042747
58,2026-09-14T02:07:45.824+00:00,2026-09-14T02:10:03.961+00:00,2026-09-14T02:10:15.902+00:00,True,177,177.0,,177.0,138137.13653299998,150077.94498099998,150077.94491499997,847.8979938700564,0.0,138137.13653299998,10377.97037185613,97.49203460000001,67.84550254545455,31.306742411221848,1.179387151272683,37,64,,False,True,,623,21.16838264042747
59,2026-09-14T02:07:48.151+00:00,2026-09-14T02:10:08.979+00:00,2026-09-14T02:10:21.050+00:00,True,186,186.0,,186.0,140828.375056,152898.69518399998,152898.695174,822.0359955591397,0.0,140828.375056,10321.502130919378,96.77836275,65.24497366486487,71.84056821929215,1.216491741647406,37,64,,False,True,,803,21.16838264042747
60,2026-09-14T02:07:51.641+00:00,2026-09-14T02:10:15.312+00:00,2026-09-14T02:10:33.954+00:00,True,282,282.0,,282.0,143671.027477,162313.55829299998,162313.558215,575.5799936702127,0.01614,143671.027477,8551.724895027666,95.99132600000002,66.34352603558719,57.16887092151631,1.7373779674705196,37,64,,False,True,,1101,21.16838264042747
61,2026-09-14T02:07:54.170+00:00,2026-09-14T02:10:18.439+00:00,2026-09-14T02:10:26.350+00:00,True,131,131.0,,131.0,144268.849993,152179.586121,152179.586095,1161.6762297328246,0.01719,144268.849993,12599.536021268668,95.7633725,60.85181636923077,25.055056030723282,0.8608250511066587,37,64,,False,True,,556,21.16838264042747
62,2026-09-14T02:07:57.583+00:00,2026-09-14T02:10:25.837+00:00,2026-09-14T02:10:41.967+00:00,True,242,242.0,,242.0,148253.34182300002,164383.491967,164383.492147,679.2706287066117,0.0,148253.34182300002,9525.835249167634,97.46237205,66.93008358506225,31.51639358845813,1.472167290670413,37,64,,False,True,,1042,21.16838264042747
63,2026-09-14T02:08:00.744+00:00,2026-09-14T02:10:31.287+00:00,2026-09-14T02:10:40.957+00:00,True,145,145.0,,145.0,150543.246063,160213.645807,160213.64592,1104.9216959999999,0.0,150543.246063,12496.412117804024,96.0945564,67.15555377777778,36.513711130253164,0.9050415104757868,37,64,,False,True,,758,21.16838264042747
64,2026-09-14T02:08:03.447+00:00,2026-09-14T02:10:35.601+00:00,2026-09-14T02:10:48.602+00:00,True,199,199.0,,199.0,152154.252378,165155.16553,165155.16537,829.925454120603,0.0,152154.252378,10781.324117386554,97.387432,65.66117753535353,32.83159683555379,1.2049274956758902,37,64,,False,True,,1114,21.16838264042747
65,2026-09-14T02:08:07.503+00:00,2026-09-14T02:10:42.888+00:00,2026-09-14T02:10:57.216+00:00,True,217,217.0,,217.0,155384.754328,169712.24258400002,169712.242429,782.0840664930876,5.346178,155384.754328,10543.724911092295,95.0494058,66.33096414814815,22.221645804182995,1.2786349216533075,37,64,,False,True,,974,21.16838264042747
66,2026-09-14T02:08:11.112+00:00,2026-09-14T02:10:48.775+00:00,2026-09-14T02:11:05.812+00:00,True,262,262.0,,262.0,157662.709632,174700.026496,174700.026648,666.7939948396947,5.949767,157662.709632,9736.427289661986,93.96450144999999,65.2770761072797,22.27845163529596,1.4997135676221485,37,64,,False,True,,1228,21.16838264042747
67,2026-09-14T02:08:13.431+00:00,2026-09-14T02:10:53.591+00:00,2026-09-14T02:11:10.886+00:00,True,265,265.0,,265.0,160159.63702700002,177454.70877100003,177454.70871200002,669.6404102339624,0.0,160159.63702700002,9834.548898989678,92.71049799999999,65.51163539393939,29.79162977367437,1.493338789572355,37,64,,False,True,,1122,21.16838264042747
68,2026-09-14T02:08:16.817+00:00,2026-09-14T02:10:58.132+00:00,2026-09-14T02:11:04.797+00:00,True,105,105.0,,105.0,161314.82172600002,167980.14780600002,167980.14784400002,1599.8109318476193,38.881298,161314.82172600002,15736.473434363448,92.2462334,64.08967384615384,20.57179837898113,0.6250738636166955,37,64,,False,True,,492,21.16838264042747
69,2026-09-14T02:08:19.677+00:00,2026-09-14T02:11:04.192+00:00,2026-09-14T02:11:21.100+00:00,True,256,256.0,,256.0,164514.96774599998,181423.64844999998,181423.64867999998,708.6861276562499,0.0,164514.96774599998,10278.088360802783,96.4973795,66.30855178039215,31.197252924804427,1.4110619105455435,37,64,,False,True,,1210,21.16838264042747
70,2026-09-14T02:08:22.929+00:00,2026-09-14T02:11:08.862+00:00,2026-09-14T02:11:17.999+00:00,True,140,140.0,,140.0,165932.74039300001,175070.01450500003,175070.01453500002,1250.5001038214286,0.0,165932.74039300001,14018.368455096885,97.63119540000001,65.73578497841727,36.812980352577505,0.7996800616932696,37,64,,False,True,,613,21.16838264042747
71,2026-09-14T02:08:25.624+00:00,2026-09-14T02:11:14.244+00:00,2026-09-14T02:11:31.751+00:00,True,264,264.0,,264.0,168619.47843000002,186126.97795000003,186126.978062,705.0264320530304,0.01541,168619.47843000002,10373.92411940176,95.96132099999998,66.56843923954372,66.07352736871876,1.418386538629125,37,64,,False,True,,1169,21.16838264042747
72,2026-09-14T02:08:28.604+00:00,2026-09-14T02:11:20.248+00:00,2026-09-14T02:11:31.436+00:00,True,167,167.0,,167.0,171643.437758,182831.630782,182831.63075799998,1094.8001841796406,0.0173,171643.437758,13277.201445183437,97.6420943,67.39875315662651,81.54906879297225,0.9134086880137448,37,64,,False,True,,772,21.16838264042747
73,2026-09-14T02:08:32.131+00:00,2026-09-14T02:11:26.639+00:00,2026-09-14T02:11:38.981+00:00,True,190,190.0,,190.0,174507.93916299997,186850.41801099997,186850.41802999997,983.4232527894735,0.01537,174507.93916299997,12655.629975974083,96.90091145000002,65.30412088888889,76.684871329667,1.01685616774384,37,64,,False,True,,426,21.16838264042747
74,2026-09-14T02:08:35.382+00:00,2026-09-14T02:11:32.123+00:00,2026-09-14T02:11:48.270+00:00,True,244,244.0,,244.0,176740.82081900002,192888.211283,192888.211237,790.5254558893444,0.0,176740.82081900002,11310.458423170423,94.1172395,66.45016651851851,30.45440250869869,1.2649814023212143,37,64,,False,True,,1198,21.16838264042747
75,2026-09-14T02:08:38.383+00:00,2026-09-14T02:11:36.855+00:00,2026-09-14T02:11:46.541+00:00,True,147,147.0,,147.0,178472.57762,188158.62562,188158.625596,1279.9906503129253,0.0,178472.57762,14714.740769036689,94.37550859999999,66.34279452054795,35.498534892581084,0.7812557065381481,37,64,,False,True,,654,21.16838264042747
76,2026-09-14T02:08:40.622+00:00,2026-09-14T02:11:41.885+00:00,2026-09-14T02:11:51.332+00:00,True,141,141.0,,141.0,181262.497238,190709.565654,190709.565497,1352.5501099078015,10.439917,181262.497238,15259.390567777786,95.307249,67.4790601142857,23.06224905680947,0.7393441410055596,37,64,,False,True,,598,21.16838264042747
77,2026-09-14T02:08:44.707+00:00,2026-09-14T02:11:48.359+00:00,2026-09-14T02:12:02.735+00:00,True,215,215.0,,215.0,183651.67358700003,198028.49125100003,198028.491207,921.0627498000001,36.791243,183651.67358700003,12520.378546980011,95.3991784,67.18139095327103,22.486098069955837,1.0857023584928933,37,64,,False,True,,865,21.16838264042747
78,2026-09-14T02:08:46.986+00:00,2026-09-14T02:11:52.826+00:00,2026-09-14T02:12:01.412+00:00,True,126,126.0,,126.0,185840.607682,194426.409922,194426.40975700002,1543.0667441031746,40.046696000000004,185840.607682,16549.89235785755,94.83519274999999,68.68641792,21.78849778292008,0.6480601069090803,37,64,,False,True,,544,21.16838264042747
79,2026-09-14T02:08:50.780+00:00,2026-09-14T02:11:59.391+00:00,2026-09-14T02:12:06.171+00:00,True,100,100.0,,100.0,188610.356818,195390.305362,195390.305279,1953.90305279,39.897686,188610.356818,18854.203407625835,99.46603745,68.48432872727274,24.809919349215487,0.5117961191305259,37,64,,False,True,,432,21.16838264042747
80,2026-09-14T02:08:54.616+00:00,2026-09-14T02:12:06.261+00:00,2026-09-14T02:12:17.199+00:00,True,165,165.0,,165.0,191645.056109,202582.954605,202582.954716,1227.7754831272728,0.0,191645.056109,14914.401777812323,98.7071334,66.69450302439024,37.37886603342051,0.8144811606767216,37,64,,False,True,,744,21.16838264042747
81,2026-09-14T02:08:58.321+00:00,2026-09-14T02:12:12.761+00:00,2026-09-14T02:12:20.830+00:00,True,121,121.0,,121.0,194440.15050400002,202509.124072,202509.12401800003,1673.6291241157026,0.0,194440.15050400002,17670.314641090456,96.941016,67.2414464,42.28875731321273,0.5975039423753554,37,64,,False,True,,617,21.16838264042747
82,2026-09-14T02:09:01.987+00:00,2026-09-14T02:12:19.184+00:00,2026-09-14T02:12:29.883+00:00,True,160,160.0,,160.0,197196.829171,207896.309235,207896.309381,1299.35193363125,39.050667999999995,197196.829171,15584.47333840781,94.75557690000001,67.29232744654088,21.745364040781514,0.7696144322559407,37,64,,False,True,,666,21.16838264042747
83,2026-09-14T02:09:05.496+00:00,2026-09-14T02:12:25.468+00:00,2026-09-14T02:12:40.023+00:00,True,224,224.0,,224.0,199972.065636,214527.83190800002,214527.83175900002,957.713534638393,40.987834,199972.065636,13356.851226731578,94.88758449999999,65.27249449327354,21.217308042601346,1.0441535627697114,37,64,,False,True,,1208,21.16838264042747
84,2026-09-14T02:09:09.118+00:00,2026-09-14T02:12:33.051+00:00,2026-09-14T02:12:40.877+00:00,True,118,118.0,,118.0,203932.741905,211758.706449,211758.706491,1794.5653092457628,38.852807999999996,203932.741905,18767.38597573823,95.06651685000001,66.88858584615384,22.162102642983363,0.5572380091414052,37,64,,False,True,,374,21.16838264042747
85,2026-09-14T02:09:12.456+00:00,2026-09-14T02:12:38.230+00:00,2026-09-14T02:12:55.521+00:00,True,267,267.0,,267.0,205774.30149900002,223065.26572300002,223065.26587700003,835.4504339962548,0.0,205774.30149900002,12589.431813878393,94.6932173,65.00362490225564,75.78230033136693,1.1969591013401326,37,64,,False,True,,1175,21.16838264042747
86,2026-09-14T02:09:14.887+00:00,2026-09-14T02:12:43.158+00:00,2026-09-14T02:12:54.882+00:00,True,180,180.0,,180.0,208271.27451699998,219995.50978099997,219995.509738,1222.197276322222,0.0,208271.27451699998,15519.029929056931,94.8517865,65.49852102793297,94.75287563600533,0.8181985176842268,37,64,,False,True,,590,21.16838264042747
87,2026-09-14T02:09:18.276+00:00,2026-09-14T02:12:49.257+00:00,2026-09-14T02:12:59.130+00:00,True,151,151.0,,151.0,210980.76358199999,220853.74995,220853.750034,1462.6076161192052,0.0,210980.76358199999,17164.31778218325,96.4648165,65.81990911999999,102.34417941860049,0.6837103741013477,37,64,,False,True,,710,21.16838264042747
88,2026-09-14T02:09:22.111+00:00,2026-09-14T02:12:56.451+00:00,2026-09-14T02:13:06.779+00:00,True,155,155.0,,155.0,214340.315359,224667.477471,224667.477564,1449.4675971870968,34.294508,214340.315359,17210.856109490505,94.85146069999999,67.05949423376623,22.04892445373459,0.6899084894029994,37,64,,False,True,,777,21.16838264042747
89,2026-09-14T02:09:25.328+00:00,2026-09-14T02:13:00.728+00:00,2026-09-14T02:13:08.925+00:00,True,123,123.0,,123.0,215399.282961,223596.32232099999,223596.322345,1817.8562792276423,32.81096,215399.282961,19415.854054532556,96.35721909999998,67.18884721311476,22.553184902942018,0.5500984932275335,37,64,,False,True,,592,21.16838264042747
90,2026-09-14T02:09:28.370+00:00,2026-09-14T02:13:05.809+00:00,2026-09-14T02:13:15.744+00:00,True,151,151.0,,151.0,217439.333675,227374.028331,227374.02852300002,1505.7882683642383,32.097462,217439.333675,17689.585301899286,94.6270695,66.23129770666667,21.605209790074948,0.6641039924761397,37,64,,False,True,,654,21.16838264042747
91,2026-09-14T02:09:31.792+00:00,2026-09-14T02:13:12.001+00:00,2026-09-14T02:13:23.433+00:00,True,175,175.0,,175.0,220208.998443,231641.719339,231641.71943,1323.6669681714286,35.248515,220208.998443,16641.282601408413,92.7742117,65.70529250574712,21.52814183924895,0.7554770379850846,37,64,,False,True,,619,21.16838264042747
92,2026-09-14T02:09:35.476+00:00,2026-09-14T02:13:18.726+00:00,2026-09-14T02:13:27.139+00:00,True,131,131.0,,131.0,223250.15667300002,231663.083905,231663.08389700003,1768.420487763359,40.209324,223250.15667300002,19499.813799436,93.6308815,64.71482486153846,20.986485994185262,0.5654763710808591,37,64,,False,True,,681,21.16838264042747
93,2026-09-14T02:09:38.225+00:00,2026-09-14T02:13:23.701+00:00,2026-09-14T02:13:33.978+00:00,True,157,157.0,,157.0,225475.899519,235752.923263,235752.923352,1501.610976764331,0.0,225475.899519,17989.728646457435,92.9944362,65.87835733333334,42.76091899721385,0.6659514453818872,37,64,,False,True,,736,21.16838264042747
94,2026-09-14T02:09:41.004+00:00,2026-09-14T02:13:28.930+00:00,2026-09-14T02:13:43.997+00:00,True,227,227.0,,227.0,227926.629295,242992.784047,242992.784052,1070.4527931806167,0.0,227926.629295,15123.64261341752,94.09707770000001,66.66440155752213,37.20689298288817,0.9341841194596683,37,64,,False,True,,1189,21.16838264042747
95,2026-09-14T02:09:44.355+00:00,2026-09-14T02:13:34.146+00:00,2026-09-14T02:13:40.868+00:00,True,105,105.0,,105.0,229790.802522,236513.447514,236513.44762700002,2252.509025019048,38.797798,229790.802522,22418.98764665761,93.39459719999999,64.64081723076923,21.117524359822376,0.4439493868262383,37,64,,False,True,,303,21.16838264042747
96,2026-09-14T02:09:48.337+00:00,2026-09-14T02:13:42.020+00:00,2026-09-14T02:13:53.823+00:00,True,174,174.0,,174.0,233683.367329,245486.125217,245486.125302,1410.8398005862068,39.354266,233683.367329,17710.33210116021,97.03824365,68.22403403468208,22.167463816991813,0.7087976961882914,37,64,,False,True,,627,21.16838264042747
97,2026-09-14T02:09:52.426+00:00,2026-09-14T02:13:49.910+00:00,2026-09-14T02:14:05.258+00:00,True,234,234.0,,234.0,237483.87699000002,252831.85062200003,252831.85043500003,1080.477993311966,34.399837,237483.87699000002,15520.516458959559,95.98812915,65.87113146781115,22.25349508916455,0.9255163043118533,37,64,,False,True,,803,21.16838264042747
98,2026-09-14T02:09:55.407+00:00,2026-09-14T02:13:54.822+00:00,2026-09-14T02:14:10.277+00:00,True,231,231.0,,231.0,239415.676,254870.175328,254870.175316,1103.3340922770562,36.254273,239415.676,15747.99029277515,95.4786375,67.19347533913043,22.718866425231877,0.9063437873918329,37,64,,False,True,,1236,21.16838264042747
99,2026-09-14T02:09:57.789+00:00,2026-09-14T02:13:58.800+00:00,2026-09-14T02:14:08.377+00:00,True,144,144.0,,144.0,241010.886052,250587.888292,250587.888273,1740.1936685624999,38.489388,241010.886052,20078.67211790276,95.05568914999999,66.97204363636364,22.5885220835347,0.5746486830688424,37,64,,False,True,,659,21.16838264042747
100,2026-09-14T02:10:00.018+00:00,2026-09-14T02:14:03.320+00:00,2026-09-14T02:14:21.954+00:00,True,277,277.0,,277.0,243302.673897,261936.114665,261936.114667,945.6177424801444,0.0,243302.673897,14614.632595030444,96.72043260000001,67.51246655072464,37.58275662761688,1.057509768571874,37,64,,False,True,,1057,21.16838264042747
101,2026-09-14T02:10:02.252+00:00,2026-09-14T02:14:07.190+00:00,2026-09-14T02:14:19.317+00:00,True,179,179.0,,179.0,244938.43188100003,257064.926345,257064.92641100002,1436.1169073240226,0.0,244938.43188100003,18302.518386681702,97.2871599,68.12637339325842,43.934666941900836,0.6963221414335181,37,64,,False,True,,882,21.16838264042747
102,2026-09-14T02:10:04.896+00:00,2026-09-14T02:14:12.599+00:00,2026-09-14T02:14:26.800+00:00,True,216,216.0,,216.0,247703.37172,261903.870408,261903.870371,1212.5179183842592,0.0,247703.37172,16849.634395507608,94.991282,66.04883110697675,40.6368409311479,0.8247300800232931,37,64,,False,True,,855,21.16838264042747
103,2026-09-14T02:10:07.859+00:00,2026-09-14T02:14:17.678+00:00,2026-09-14T02:14:25.717+00:00,True,123,123.0,,123.0,249818.901474,257857.371106,257857.37113100002,2096.4013913089434,34.624907,249818.901474,22519.481243508613,95.14889409999999,65.8890953442623,21.836849815243493,0.47700788801355287,37,64,,False,True,,238,21.16838264042747
104,2026-09-14T02:10:10.494+00:00,2026-09-14T02:14:22.121+00:00,2026-09-14T02:14:34.342+00:00,True,184,184.0,,184.0,251626.63035800002,263847.72911,263847.729127,1433.955049603261,0.01568,251626.63035800002,18545.553375277977,93.53670815,66.78196039344262,108.43995771636722,0.6973719297136307,37,64,,False,True,,877,21.16838264042747
105,2026-09-14T02:10:13.269+00:00,2026-09-14T02:14:27.578+00:00,2026-09-14T02:14:40.705+00:00,True,197,197.0,,197.0,254309.44214,267436.303196,267436.303116,1357.5446858680202,0.01564,254309.44214,18114.343167028906,92.594909,66.97378089795917,107.49300794147648,0.7366240022231451,37,64,,False,True,,833,21.16838264042747
106,2026-09-14T02:10:16.195+00:00,2026-09-14T02:14:32.332+00:00,2026-09-14T02:14:48.143+00:00,True,242,242.0,,242.0,256137.285977,271947.375705,271947.375489,1123.7494854917354,38.794677,256137.285977,16460.92521233736,93.95522209999999,65.60203206639005,21.45379686912237,0.8898780485475764,37,64,,False,True,,1079,21.16838264042747
107,2026-09-14T02:10:19.747+00:00,2026-09-14T02:14:39.099+00:00,2026-09-14T02:14:54.533+00:00,True,236,236.0,,236.0,259352.654709,274786.163573,274786.163399,1164.3481499957627,36.645992,259352.654709,16878.158768686288,93.9236145,65.67450580425532,21.767259995687695,0.8588496485097,37,64,,False,True,,1065,21.16838264042747
108,2026-09-14T02:10:22.369+00:00,2026-09-14T02:14:43.269+00:00,2026-09-14T02:14:52.682+00:00,True,142,142.0,,142.0,260899.897408,270313.300032,270313.300092,1903.6147893802815,34.717966,260899.897408,21888.641428503895,95.35218545000002,66.76172073758865,21.94129100217148,0.5253163643194393,37,64,,False,True,,483,21.16838264042747
109,2026-09-14T02:10:26.223+00:00,2026-09-14T02:14:49.607+00:00,2026-09-14T02:14:58.458+00:00,True,135,135.0,,135.0,263384.226375,272235.59123900003,272235.591305,2016.5599355925929,41.720841,263384.226375,22662.830509533185,96.3046463,66.05496167164179,22.077283454854815,0.49589401365775615,37,64,,False,True,,634,21.16838264042747
110,2026-09-14T02:10:28.962+00:00,2026-09-14T02:14:54.941+00:00,2026-09-14T02:15:04.906+00:00,True,146,146.0,,146.0,265978.631997,275944.060733,275944.06076,1890.0278134246576,0.0,265978.631997,22006.914022845664,95.69941625,68.72709473103448,48.78902228594449,0.5290927429718002,37,64,,False,True,,638,21.16838264042747
111,2026-09-14T02:10:32.202+00:00,2026-09-14T02:15:00.216+00:00,2026-09-14T02:15:15.222+00:00,True,223,223.0,,223.0,268013.832519,283019.728455,283019.72830099997,1269.1467636816144,39.512476,268013.832519,17943.020680928712,94.1588682,67.59412583783785,21.99105149346498,0.7879309375970125,37,64,,False,True,,1183,21.16838264042747
112,2026-09-14T02:10:35.714+00:00,2026-09-14T02:15:06.236+00:00,2026-09-14T02:15:17.862+00:00,True,176,176.0,,176.0,270521.517415,282147.734631,282147.734627,1603.1121285625,39.928285,270521.517415,20386.331306852033,95.96717425000001,66.43552694857142,22.604014926351127,0.6237866847670326,37,64,,False,True,,867,21.16838264042747
113,2026-09-14T02:10:38.716+00:00,2026-09-14T02:15:11.796+00:00,2026-09-14T02:15:28.114+00:00,True,242,242.0,,242.0,273080.62645700003,289398.187801,289398.187762,1195.8602800082647,38.38251,273080.62645700003,17549.949591497207,95.23512450000003,67.70772341908715,22.59396077567871,0.8362180905099772,37,64,,False,True,,1098,21.16838264042747
114,2026-09-14T02:10:41.133+00:00,2026-09-14T02:15:15.903+00:00,2026-09-14T02:15:25.291+00:00,True,141,141.0,,141.0,274769.823255,284157.717527,284157.71762199997,2015.302961858156,40.116785,274769.823255,23134.157218236003,95.88673799999998,67.05638765714285,22.57325729287045,0.49620331000372186,37,64,,False,True,,226,21.16838264042747
115,2026-09-14T02:10:44.292+00:00,2026-09-14T02:15:21.558+00:00,2026-09-14T02:15:39.768+00:00,True,264,264.0,,264.0,277266.03896499996,295476.740533,295476.74063799996,1119.2300781742422,37.936989000000004,277266.03896499996,17060.29851026629,96.6433431,69.24221128517111,22.671410611954187,0.8934713423594012,37,64,,False,True,,1186,21.16838264042747
116,2026-09-14T02:10:46.985+00:00,2026-09-14T02:15:26.486+00:00,2026-09-14T02:15:46.505+00:00,True,297,297.0,,297.0,279500.335444,299519.492692,299519.49275800004,1008.4831405993267,30.924934,279500.335444,16214.345321625271,97.182618,67.632288,22.337149289837367,0.9915882179508404,37,64,,False,True,,1506,21.16838264042747
117,2026-09-14T02:10:49.633+00:00,2026-09-14T02:15:31.995+00:00,2026-09-14T02:15:45.044+00:00,True,198,198.0,,198.0,282361.65911400004,295410.69079400005,295410.690653,1491.9731851161619,36.368002999999995,282361.65911400004,20061.873665767096,95.17815730000001,66.23873949238579,21.737212622040595,0.6702533326326776,37,64,,False,True,,1154,21.16838264042747
118,2026-09-14T02:10:51.955+00:00,2026-09-14T02:15:36.168+00:00,2026-09-14T02:15:50.479+00:00,True,217,217.0,,217.0,284213.055353,298523.945081,298523.945081,1375.686382861751,0.0,284213.055353,19289.189621211117,96.0031292,66.25411911111111,43.07733875886918,0.726909862929489,37,64,,False,True,,750,21.16838264042747
119,2026-09-14T02:10:54.236+00:00,2026-09-14T02:15:39.896+00:00,2026-09-14T02:15:50.894+00:00,True,171,171.0,,171.0,285659.400771,296658.129219,296658.129021,1734.8428597719299,0.0,285659.400771,21840.023762672376,95.09168399999999,64.69840263529412,47.346155699038,0.5764210825780668,37,64,,False,True,,787,21.16838264042747
120,2026-09-14T02:10:57.310+00:00,2026-09-14T02:15:45.347+00:00,2026-09-14T02:15:57.382+00:00,False,183,182.0,,182.0,288036.670495,300071.58684700006,300071.586872,1639.7354473879782,0.0,288036.670495,21287.445761903142,94.51047899999999,66.12591402197802,46.52653366295314,0.6065219366897201,37,64,,False,False,Request timeout: 300.0s exceeded,449,21.16838264042747
121,2026-09-14T02:11:00.174+00:00,2026-09-14T02:15:50.616+00:00,2026-09-14T02:16:00.247+00:00,False,140,139.0,,139.0,290441.474381,300073.16206099995,300073.16192499996,2143.379728035714,0.02558,290441.474381,24540.93833341661,93.99172694999999,69.29271712230216,22.072234415935053,0.4632203661443858,37,64,,False,False,Request timeout: 300.0s exceeded,682,21.16838264042747
122,2026-09-14T02:11:03.576+00:00,2026-09-14T02:15:55.676+00:00,2026-09-14T02:16:03.586+00:00,False,113,112.0,,112.0,292100.712625,300010.26756899996,300010.267622,2654.9581205486725,0.02199,292100.712625,27471.88790664373,91.8825156,70.62102628571428,20.755271048556253,0.3733205563514285,37,64,,False,False,Request timeout: 300.0s exceeded,548,21.16838264042747
123,2026-09-14T02:11:07.641+00:00,2026-09-14T02:16:01.163+00:00,2026-09-14T02:16:07.729+00:00,False,96,95.0,,95.0,293521.174372,300087.14992399997,300087.149872,3125.9078111666663,0.03164,293521.174372,29950.332292072515,90.15916349999999,69.11553212631578,20.51692295907453,0.3165747017959939,37,64,,False,False,Request timeout: 300.0s exceeded,408,21.16838264042747
124,2026-09-14T02:11:11.233+00:00,2026-09-14T02:16:04.727+00:00,2026-09-14T02:16:11.247+00:00,False,96,95.0,,95.0,293493.736616,300013.833896,300013.833966,3125.1441038125,0.023829999999999997,293493.736616,29947.58060372489,88.33327825,68.63260294736843,19.575773892792824,0.3166520648942202,37,64,,False,False,Request timeout: 300.0s exceeded,374,21.16838264042747
125,2026-09-14T02:11:15.020+00:00,2026-09-14T02:16:08.794+00:00,2026-09-14T02:16:15.033+00:00,False,94,93.0,,93.0,293773.15518,300012.893292,300012.893373,3191.626525244681,0.0711,293773.15518,30293.47375169787,88.15929715,67.09395819354839,20.07761086401137,0.3099866775041694,37,64,,False,False,Request timeout: 300.0s exceeded,457,21.16838264042747
126,2026-09-14T02:11:18.987+00:00,2026-09-14T02:16:12.763+00:00,2026-09-14T02:16:19.017+00:00,False,94,93.0,,93.0,293776.11592799996,300029.46325599996,300029.46322,3191.8028002127653,0.03798,293776.11592799996,30293.76438331068,89.51460515000001,67.24029384946236,20.600185461524323,0.3099695576252383,37,64,,False,False,Request timeout: 300.0s exceeded,423,21.16838264042747
127,2026-09-14T02:11:22.579+00:00,2026-09-14T02:16:16.438+00:00,2026-09-14T02:16:22.656+00:00,False,90,89.0,,89.0,293859.439129,300077.060889,300077.060908,3334.1895656444444,0.03406,293859.439129,30968.146641650586,87.95921900000002,69.86091865168538,19.34808627446005,0.2965904815794019,37,64,,False,False,Request timeout: 300.0s exceeded,341,21.16838264042747
128,2026-09-14T02:11:25.301+00:00,2026-09-14T02:16:19.016+00:00,2026-09-14T02:16:25.324+00:00,False,95,94.0,,94.0,293714.914639,300022.59233500005,300022.59241900005,3158.132551778948,0.02188,293714.914639,30127.6364127031,87.8683327,67.10295421276595,20.079671592729184,0.31330973867141715,37,64,,False,False,Request timeout: 300.0s exceeded,439,21.16838264042747
129,2026-09-14T02:11:28.214+00:00,2026-09-14T02:16:22.108+00:00,2026-09-14T02:16:28.242+00:00,False,94,93.0,,93.0,293893.758255,300028.032303,300028.032452,3191.787579276596,0.024329999999999997,293893.758255,30306.030277249425,88.62467314999999,65.959936,20.538464803013067,0.30997103599332604,37,64,,False,False,Request timeout: 300.0s exceeded,499,21.16838264042747
130,2026-09-14T02:11:31.490+00:00,2026-09-14T02:16:25.849+00:00,2026-09-14T02:16:32.825+00:00,False,85,84.0,,84.0,294359.508529,301335.19672099996,301335.196825,3545.119962647059,0.03707,294359.508529,31919.236413429087,90.2439344,83.04390704761904,174.685346572854,0.2787593381525022,37,64,,False,False,Request timeout: 300.0s exceeded,294,21.16838264042747
131,2026-09-14T02:11:34.707+00:00,2026-09-14T02:16:29.106+00:00,2026-09-14T02:16:34.743+00:00,False,95,94.0,,94.0,294399.576516,300036.61101199995,300036.610955,3158.2801153157893,0.01554,294399.576516,30199.07982040751,91.5083557,59.96845208510638,169.96626154288015,0.31329509983113524,37,64,,False,False,Request timeout: 300.0s exceeded,447,21.16838264042747
132,2026-09-14T02:11:37.838+00:00,2026-09-14T02:16:32.923+00:00,2026-09-14T02:16:37.904+00:00,False,77,76.0,,76.0,295085.07495599997,300065.72877999995,300065.728685,3896.95751538961,0.03771,295085.07495599997,33620.6034630784,90.0067554,65.5349187368421,21.227922734259888,0.2532778411883255,37,64,,False,False,Request timeout: 300.0s exceeded,232,21.16838264042747
133,2026-09-14T02:11:40.539+00:00,2026-09-14T02:16:34.224+00:00,2026-09-14T02:16:40.551+00:00,False,90,89.0,,89.0,293684.91318599996,300011.76835399994,300011.76827799994,3333.4640919777776,0.04109,293684.91318599996,30949.6209106538,88.9740036,71.08826031460674,19.808810596421125,0.29665502952865547,37,64,,False,False,Request timeout: 300.0s exceeded,161,21.16838264042747
134,2026-09-14T02:11:43.931+00:00,2026-09-14T02:16:37.905+00:00,2026-09-14T02:16:44.008+00:00,False,94,93.0,,93.0,293973.92978299997,300077.645623,300077.64575599995,3192.315380382978,0.0,293973.92978299997,30314.395257260527,89.06791744999998,65.63135311827956,64.98823005025183,0.30991978695020744,37,64,,False,False,Request timeout: 300.0s exceeded,453,21.16838264042747
135,2026-09-14T02:11:47.330+00:00,2026-09-14T02:16:41.237+00:00,2026-09-14T02:16:47.403+00:00,False,100,99.0,,99.0,293906.965716,300072.618964,300072.618857,3000.72618857,0.0,293906.965716,29384.536640787177,90.40785695000001,62.27932573737374,63.5387288623486,0.32992013847113827,37,64,,False,False,Request timeout: 300.0s exceeded,411,21.16838264042747
136,2026-09-14T02:11:51.132+00:00,2026-09-14T02:16:44.567+00:00,2026-09-14T02:16:51.146+00:00,False,98,97.0,,97.0,293435.439101,300013.98732500005,300013.98728600005,3061.367217204082,0.03857,293435.439101,29634.611901710407,89.15386085,67.82008478350515,20.790652372521926,0.32331825880811865,37,64,,False,False,Request timeout: 300.0s exceeded,446,21.16838264042747
137,2026-09-14T02:11:54.799+00:00,2026-09-14T02:16:48.402+00:00,2026-09-14T02:16:54.819+00:00,False,94,93.0,,93.0,293602.878532,300019.55642,300019.556231,3191.6974067127658,0.021519,293602.878532,30275.71482836053,89.25885829999999,68.99653643010754,20.08327127950296,0.30997979301658757,37,64,,False,False,Request timeout: 300.0s exceeded,398,21.16838264042747
138,2026-09-14T02:11:57.147+00:00,2026-09-14T02:16:51.146+00:00,2026-09-14T02:16:57.177+00:00,False,89,88.0,,88.0,293999.959922,300030.164338,300030.164209,3371.125440550562,0.02171,293999.959922,31156.67642168448,88.19526139999999,68.52505018181819,20.455208019223605,0.29330384227921596,37,64,,False,False,Request timeout: 300.0s exceeded,384,21.16838264042747
139,2026-09-14T02:12:00.330+00:00,2026-09-14T02:16:54.081+00:00,2026-09-14T02:17:00.372+00:00,False,91,90.0,,90.0,293750.645201,300041.665489,300041.665307,3297.16115721978,0.02768,293750.645201,30786.11384921969,90.005769,69.90022542222222,20.378155268963404,0.2999583402969064,37,64,,False,False,Request timeout: 300.0s exceeded,436,21.16838264042747
140,2026-09-14T02:12:03.823+00:00,2026-09-14T02:16:57.827+00:00,2026-09-14T02:17:03.890+00:00,False,92,91.0,,91.0,294004.463292,300067.13286,300067.132941,3261.599271097826,0.02134,294004.463292,30645.144981860318,88.43883999999998,66.6227425054945,20.355760875055225,0.30326546973892393,37,64,,False,False,Request timeout: 300.0s exceeded,486,21.16838264042747
141,2026-09-14T02:12:07.100+00:00,2026-09-14T02:17:00.896+00:00,2026-09-14T02:17:07.153+00:00,False,91,90.0,,90.0,293796.366514,300053.170354,300053.170211,3297.287584736264,0.038380000000000004,293796.366514,30790.946106415297,89.80981449999999,69.52004266666667,19.612657732635046,0.29994683906795194,37,64,,False,False,Request timeout: 300.0s exceeded,393,21.16838264042747
142,2026-09-14T02:12:09.499+00:00,2026-09-14T02:17:03.447+00:00,2026-09-14T02:17:09.535+00:00,False,86,85.0,,85.0,293947.906491,300036.379067,300036.379155,3488.795106453488,0.02711,293947.906491,31689.49980963544,89.44358125,71.62908912941177,19.351041664348607,0.2832989794914802,37,64,,False,False,Request timeout: 300.0s exceeded,304,21.16838264042747
143,2026-09-14T02:12:12.279+00:00,2026-09-14T02:17:06.177+00:00,2026-09-14T02:17:12.298+00:00,False,89,88.0,,88.0,293898.250651,300019.01276300004,300019.01268600003,3371.000142539326,0.04107,293898.250651,31145.785958514913,89.5776104,69.55411490909091,20.107821254074786,0.29331474425427695,37,64,,False,False,Request timeout: 300.0s exceeded,276,21.16838264042747
144,2026-09-14T02:12:15.897+00:00,2026-09-14T02:17:10.048+00:00,2026-09-14T02:17:15.942+00:00,False,85,84.0,,84.0,294151.293393,300045.66702500003,300045.667207,3529.9490259647064,0.02011,294151.293393,31897.58237713662,89.23352799999999,70.17111466666667,19.896621670201434,0.27995738393049696,37,64,,False,False,Request timeout: 300.0s exceeded,358,21.16838264042747
145,2026-09-14T02:12:19.925+00:00,2026-09-14T02:17:13.864+00:00,2026-09-14T02:17:19.995+00:00,False,92,91.0,,91.0,293938.623676,300069.36134,300069.36142,3261.623493695652,0.03731,293938.623676,30638.203031727542,89.77076005,67.37074356043955,20.7884121728392,0.30326321752286634,37,64,,False,False,Request timeout: 300.0s exceeded,403,21.16838264042747
146,2026-09-14T02:12:22.201+00:00,2026-09-14T02:17:16.286+00:00,2026-09-14T02:17:22.224+00:00,False,90,89.0,,89.0,294084.43491799996,300022.75734999997,300022.75718899997,3333.5861909888886,0.04087,294084.43491799996,30992.194504182986,89.96332899999999,66.72272395505618,20.038234200281426,0.2966441638831236,37,64,,False,False,Request timeout: 300.0s exceeded,376,21.16838264042747
147,2026-09-14T02:12:26.023+00:00,2026-09-14T02:17:19.778+00:00,2026-09-14T02:17:26.051+00:00,False,92,91.0,,91.0,293754.88089,300028.093306,300028.093383,3261.174928076087,0.050849,293754.88089,30618.882609198743,89.22509415,68.93640017582418,19.739934458720686,0.3033049305392502,37,64,,False,False,Request timeout: 300.0s exceeded,383,21.16838264042747
148,2026-09-14T02:12:29.401+00:00,2026-09-14T02:17:23.191+00:00,2026-09-14T02:17:29.429+00:00,False,92,91.0,,91.0,293789.95601599995,300027.74980799994,300027.74999499996,3261.1711955978258,0.036090000000000004,293789.95601599995,30622.580139489193,87.41711305000001,68.54718452747252,19.92416004739829,0.30330527778925326,37,64,,False,False,Request timeout: 300.0s exceeded,438,21.16838264042747
149,2026-09-14T02:12:33.393+00:00,2026-09-14T02:17:27.258+00:00,2026-09-14T02:17:33.409+00:00,False,91,90.0,,90.0,293864.629954,300015.64998600003,300015.650185,3296.875276758242,0.03507,293864.629954,30798.225459413068,87.66629949999998,68.34466702222223,19.91066337871106,0.29998435083036423,37,64,,False,False,Request timeout: 300.0s exceeded,255,21.16838264042747
150,2026-09-14T02:12:37.165+00:00,2026-09-14T02:17:30.795+00:00,2026-09-14T02:17:37.649+00:00,False,90,89.0,,89.0,293630.749658,300484.19785,300484.197698,3338.713307755556,0.02517,293630.749658,30943.344359760365,89.4351079,77.00503586516854,62.66337879600162,0.29618862035609705,37,64,,False,False,Request timeout: 300.0s exceeded,436,21.16838264042747
151,2026-09-14T02:12:39.878+00:00,2026-09-14T02:17:33.619+00:00,2026-09-14T02:17:39.942+00:00,False,98,97.0,,97.0,293741.413406,300064.543006,300064.543067,3061.8830925204084,0.0,293741.413406,29665.85055734255,89.73490899999999,65.18690309278351,65.61228509029209,0.32326378527855726,37,64,,False,False,Request timeout: 300.0s exceeded,557,21.16838264042747
152,2026-09-14T02:12:42.467+00:00,2026-09-14T02:17:36.297+00:00,2026-09-14T02:17:42.510+00:00,False,95,94.0,,94.0,293830.55966,300043.023532,300043.023425,3158.347615,0.0,293830.55966,30139.67039792625,89.5357863,66.09004119148936,66.11936897010479,0.31328840408773834,37,64,,False,False,Request timeout: 300.0s exceeded,340,21.16838264042747
153,2026-09-14T02:12:45.237+00:00,2026-09-14T02:17:38.837+00:00,2026-09-14T02:17:45.319+00:00,False,92,91.0,,91.0,293600.955117,300082.792173,300082.79225199996,3261.769481,0.02856,293600.955117,30602.5955578109,88.94802800000001,71.22897863736264,19.47844636082733,0.30324964434327784,37,64,,False,False,Request timeout: 300.0s exceeded,418,21.16838264042747
154,2026-09-14T02:12:49.215+00:00,2026-09-14T02:17:42.998+00:00,2026-09-14T02:17:49.287+00:00,False,94,93.0,,93.0,293782.932685,300071.736781,300071.73678000004,3192.2525189361704,0.039719000000000004,293782.932685,30294.42831508596,90.16177164999999,67.62154941935484,20.83767128121964,0.3099258897144111,37,64,,False,False,Request timeout: 300.0s exceeded,499,21.16838264042747
155,2026-09-14T02:12:52.428+00:00,2026-09-14T02:17:46.315+00:00,2026-09-14T02:17:52.505+00:00,False,92,91.0,,91.0,293886.983834,300076.71849,300076.718427,3261.703461163044,0.03698,293886.983834,30632.75166565814,91.21786715,68.01906215384616,20.862950843436558,0.30325578224767397,37,64,,False,False,Request timeout: 300.0s exceeded,398,21.16838264042747
156,2026-09-14T02:12:54.250+00:00,2026-09-14T02:17:47.868+00:00,2026-09-14T02:17:54.337+00:00,False,99,98.0,,98.0,293618.123351,300087.021143,300087.021274,3031.1820330707073,0.03059,293618.123351,29503.104580480394,89.07571109999999,66.00916114285714,20.471122190168533,0.32657193778900623,37,64,,False,False,Request timeout: 300.0s exceeded,450,21.16838264042747
157,2026-09-14T02:12:57.642+00:00,2026-09-14T02:17:51.087+00:00,2026-09-14T02:17:57.717+00:00,False,104,103.0,,103.0,293444.54114499997,300074.74197699997,300074.74204599997,2885.334058134615,0.04628,293444.54114499997,28768.299764119412,89.6716158,64.37088186407767,20.46021329164215,0.34324781659862164,37,64,,False,False,Request timeout: 300.0s exceeded,424,21.16838264042747
158,2026-09-14T02:13:01.064+00:00,2026-09-14T02:17:54.600+00:00,2026-09-14T02:18:01.116+00:00,False,98,97.0,,97.0,293535.475921,300052.084689,300052.084501,3061.7559642959186,0.04157,293535.475921,29644.781354220362,88.2295934,67.18153369072165,20.363532366920758,0.3232772073573134,37,64,,False,False,Request timeout: 300.0s exceeded,462,21.16838264042747
159,2026-09-14T02:13:04.425+00:00,2026-09-14T02:17:58.319+00:00,2026-09-14T02:18:04.469+00:00,False,91,90.0,,90.0,293893.78882899997,300043.65711699997,300043.657227,3297.183046450549,0.02019,293893.78882899997,30801.28353729057,88.043315,68.33186986666666,19.998463081355865,0.29995634923522185,37,64,,False,False,Request timeout: 300.0s exceeded,408,21.16838264042747
160,2026-09-14T02:13:07.764+00:00,2026-09-14T02:18:01.279+00:00,2026-09-14T02:18:07.803+00:00,False,95,94.0,,94.0,293515.01131699997,300039.133429,300039.13333399995,3158.306666673684,0.032420000000000004,293515.01131699997,30106.890787309727,90.234807,69.40555438297872,20.469477572128714,0.31329246597175553,37,64,,False,False,Request timeout: 300.0s exceeded,336,21.16838264042747
161,2026-09-14T02:13:10.950+00:00,2026-09-14T02:18:04.714+00:00,2026-09-14T02:18:10.990+00:00,False,92,91.0,,91.0,293763.82120099996,300039.68398499995,300039.68389199994,3261.3009118695645,0.05287,293763.82120099996,30619.812216051,90.8317872,68.9655250989011,20.586730683300104,0.30329321372218687,37,64,,False,False,Request timeout: 300.0s exceeded,393,21.16838264042747
162,2026-09-14T02:13:14.705+00:00,2026-09-14T02:18:08.660+00:00,2026-09-14T02:18:14.712+00:00,False,91,90.0,,90.0,293954.478819,300007.203299,300007.203493,3296.782455967033,0.02981,293954.478819,30807.75901446816,89.76988949999999,67.25249422222223,20.4447791187689,0.29999279687395425,37,64,,False,False,Request timeout: 300.0s exceeded,304,21.16838264042747
163,2026-09-14T02:13:18.736+00:00,2026-09-14T02:18:12.395+00:00,2026-09-14T02:18:18.789+00:00,False,98,97.0,,97.0,293659.353796,300053.125316,300053.12534800003,3061.7665851836737,0.061269,293659.353796,29657.422737974717,88.38946715,65.91517030927835,20.230476936608028,0.32327608618588705,37,64,,False,False,Request timeout: 300.0s exceeded,503,21.16838264042747
164,2026-09-14T02:13:21.679+00:00,2026-09-14T02:18:15.408+00:00,2026-09-14T02:18:21.705+00:00,False,94,93.0,,93.0,293728.83790100005,300026.02343700005,300026.0234170001,3191.76620656383,0.02535,293728.83790100005,30288.83887899073,87.27987465,67.71167243010754,19.796328906339212,0.3099731114475418,37,64,,False,False,Request timeout: 300.0s exceeded,416,21.16838264042747
165,2026-09-14T02:13:24.134+00:00,2026-09-14T02:18:17.907+00:00,2026-09-14T02:18:24.178+00:00,False,94,93.0,,93.0,293773.049903,300043.705135,300043.705116,3191.954309744681,0.039270000000000006,293773.049903,30293.42899426878,87.81300650000001,67.42640034408602,20.663470505981532,0.3099548446055754,37,64,,False,False,Request timeout: 300.0s exceeded,443,21.16838264042747
166,2026-09-14T02:13:27.404+00:00,2026-09-14T02:18:20.702+00:00,2026-09-14T02:18:27.434+00:00,False,100,99.0,,99.0,293297.999723,300030.024299,300030.024211,3000.30024211,0.02147,293297.999723,29323.006704591804,89.23381590000001,68.00024824242425,20.007899096456967,0.3299669765761172,37,64,,False,False,Request timeout: 300.0s exceeded,483,21.16838264042747
167,2026-09-14T02:13:31.529+00:00,2026-09-14T02:18:25.154+00:00,2026-09-14T02:18:31.618+00:00,False,92,91.0,,91.0,293625.044116,300089.147796,300089.147711,3261.838562076087,0.02479,293625.044116,30605.12791641715,91.78592455000002,71.03410637362637,20.394735002984312,0.30324322178375346,37,64,,False,False,Request timeout: 300.0s exceeded,566,21.16838264042747
168,2026-09-14T02:13:34.898+00:00,2026-09-14T02:18:28.635+00:00,2026-09-14T02:18:34.914+00:00,False,98,97.0,,97.0,293737.528444,300015.826044,300015.825863,3061.3859781938777,0.0,293737.528444,29665.49890204952,94.7431857,64.7247175257732,62.857353021140106,0.32331627727456647,37,64,,False,False,Request timeout: 300.0s exceeded,276,21.16838264042747
169,2026-09-14T02:13:37.535+00:00,2026-09-14T02:18:31.436+00:00,2026-09-14T02:18:37.545+00:00,False,95,94.0,,94.0,293900.35536,300009.977632,300009.977594,3157.9997641473683,0.0,293900.35536,30146.93934395107,93.7299847,64.99598161702127,64.16768270477502,0.3133229125976031,37,64,,False,False,Request timeout: 300.0s exceeded,487,21.16838264042747
170,2026-09-14T02:13:40.032+00:00,2026-09-14T02:18:33.811+00:00,2026-09-14T02:18:40.082+00:00,False,92,91.0,,91.0,293779.067213,300049.66279699997,300049.66271799995,3261.409377369565,0.036770000000000004,293779.067213,30621.40791871844,91.89999674999999,68.90764378021977,20.82873234677787,0.30328312703876115,37,64,,False,False,Request timeout: 300.0s exceeded,466,21.16838264042747
171,2026-09-14T02:13:43.577+00:00,2026-09-14T02:18:37.503+00:00,2026-09-14T02:18:43.628+00:00,False,92,91.0,,91.0,293925.15624299995,300050.65230699995,300050.65244299994,3261.4201352499995,0.03668,293925.15624299995,30636.804808154666,88.85911155,67.31314356043956,20.560524047008233,0.3032821268686742,37,64,,False,False,Request timeout: 300.0s exceeded,486,21.16838264042747
172,2026-09-14T02:13:46.926+00:00,2026-09-14T02:18:41.021+00:00,2026-09-14T02:18:46.959+00:00,False,93,92.0,,92.0,294094.738161,300033.005553,300033.005457,3226.161349,0.03971,294094.738161,30489.51776133913,89.7578866,64.54638469565216,21.060695963092307,0.30663293136844055,37,64,,False,False,Request timeout: 300.0s exceeded,466,21.16838264042747
173,2026-09-14T02:13:49.558+00:00,2026-09-14T02:18:42.991+00:00,2026-09-14T02:18:49.576+00:00,False,104,103.0,,103.0,293433.440009,300018.65498500003,300018.655025,2884.7947598557694,0.03893,293433.440009,28767.254136898962,88.8179385,63.93412598058253,20.603088639467924,0.3433119850668942,37,64,,False,False,Request timeout: 300.0s exceeded,515,21.16838264042747
174,2026-09-14T02:13:53.188+00:00,2026-09-14T02:18:46.783+00:00,2026-09-14T02:18:53.201+00:00,False,95,94.0,,94.0,293594.573405,300012.587357,300012.587235,3158.0272340526312,0.02224,293594.573405,30115.169344651247,89.3012154,68.27674417021277,20.24176752652229,0.31332018708983267,37,64,,False,False,Request timeout: 300.0s exceeded,458,21.16838264042747
175,2026-09-14T02:13:57.241+00:00,2026-09-14T02:18:50.779+00:00,2026-09-14T02:18:57.257+00:00,False,98,97.0,,97.0,293538.625653,300015.931509,300015.93145800004,3061.3870556938778,0.02125,293538.625653,29645.140064686995,88.66616604999999,66.77634903092783,19.781397781126298,0.3233161636187648,37,64,,False,False,Request timeout: 300.0s exceeded,477,21.16838264042747
176,2026-09-14T02:14:00.653+00:00,2026-09-14T02:18:54.291+00:00,2026-09-14T02:19:00.700+00:00,False,106,105.0,,105.0,293638.390256,300047.384048,300047.383966,2830.635697792453,0.015439999999999999,293638.390256,28515.409119644166,88.37259325000001,61.03803611428572,194.341194678984,0.34994472734080784,37,64,,False,False,Request timeout: 300.0s exceeded,360,21.16838264042747
177,2026-09-14T02:14:03.497+00:00,2026-09-14T02:18:57.131+00:00,2026-09-14T02:19:03.536+00:00,False,104,103.0,,103.0,293634.248553,300039.15632899996,300039.156562,2884.9918900192306,0.015210000000000001,293634.248553,28787.68665525145,91.7961305,62.1835706407767,183.19963835987716,0.3432885269383243,37,64,,False,False,Request timeout: 300.0s exceeded,154,21.16838264042747
178,2026-09-14T02:14:07.133+00:00,2026-09-14T02:19:00.615+00:00,2026-09-14T02:19:07.141+00:00,False,99,98.0,,98.0,293482.44516299997,300008.08305099997,300008.083246,3030.384679252525,0.022109,293482.44516299997,29489.410167894748,89.2863578,66.58814171428571,20.3908177712407,0.3266578653593825,37,64,,False,False,Request timeout: 300.0s exceeded,372,21.16838264042747
179,2026-09-14T02:14:10.078+00:00,2026-09-14T02:19:03.880+00:00,2026-09-14T02:19:10.137+00:00,False,93,92.0,,92.0,293801.924262,300059.066278,300059.066322,3226.441573354839,0.02569,293801.924262,30458.79356955898,88.3973848,68.0124132173913,18.90063593893495,0.30660629969021985,37,64,,False,False,Request timeout: 300.0s exceeded,353,21.16838264042747
180,2026-09-14T02:14:12.436+00:00,2026-09-14T02:19:06.301+00:00,2026-09-14T02:19:12.467+00:00,False,89,88.0,,88.0,293864.75078299997,300030.41734299995,300030.41713699995,3371.128282438202,0.03674,293864.75078299997,31142.18009443169,87.56729080000001,70.06439272727273,18.818350314115957,0.293303594946498,37,64,,False,False,Request timeout: 300.0s exceeded,338,21.16838264042747
181,2026-09-14T02:14:15.437+00:00,2026-09-14T02:19:09.395+00:00,2026-09-14T02:19:15.444+00:00,False,87,86.0,,86.0,293958.10278899997,300007.69024499995,300007.690119,3448.364254241379,0.02305,293958.10278899997,31508.08087427371,89.0194133,70.34404018604651,19.354155175778303,0.2866593183987,37,64,,False,False,Request timeout: 300.0s exceeded,378,21.16838264042747
182,2026-09-14T02:14:18.910+00:00,2026-09-14T02:19:12.763+00:00,2026-09-14T02:19:18.928+00:00,False,87,86.0,,86.0,293852.69992000004,300017.34683200007,300017.34693700005,3448.4752521494256,0.02513,293852.69992000004,31496.63727253553,90.576004,71.6819408372093,19.693842998783317,0.28665009176338463,37,64,,False,False,Request timeout: 300.0s exceeded,337,21.16838264042747
183,2026-09-14T02:14:21.332+00:00,2026-09-14T02:19:15.440+00:00,2026-09-14T02:19:21.395+00:00,False,85,84.0,,84.0,294107.219609,300062.057625,300062.05784,3530.1418569411767,0.0371,294107.219609,31892.72420136552,90.0424412,70.89092876190476,20.489940667150293,0.27994209152887395,37,64,,False,False,Request timeout: 300.0s exceeded,429,21.16838264042747
184,2026-09-14T02:14:24.589+00:00,2026-09-14T02:19:18.218+00:00,2026-09-14T02:19:24.661+00:00,False,96,95.0,,95.0,293628.40605800005,300071.26250600006,300071.26246800006,3125.7423173750003,0.04095,293628.40605800005,29961.40852898866,87.6217625,67.81954155789474,20.0389182886898,0.31659146299656216,37,64,,False,False,Request timeout: 300.0s exceeded,349,21.16838264042747
185,2026-09-14T02:14:27.656+00:00,2026-09-14T02:19:21.391+00:00,2026-09-14T02:19:27.761+00:00,False,102,101.0,,101.0,293734.853807,300104.24337499996,300104.243232,2942.198463058823,0.0,293734.853807,29077.914688415087,89.68482555,63.063263049504954,66.15232072671736,0.3365497230700396,37,64,,False,False,Request timeout: 300.0s exceeded,491,21.16838264042747
186,2026-09-14T02:14:31.961+00:00,2026-09-14T02:19:25.382+00:00,2026-09-14T02:19:32.068+00:00,False,109,108.0,,108.0,293420.728778,300106.29217,300106.292084,2753.268734715596,0.0,293420.728778,28098.751307794835,90.7023524,61.90336474074074,63.86622700289481,0.35987249457209547,37,64,,False,False,Request timeout: 300.0s exceeded,448,21.16838264042747
187,2026-09-14T02:14:34.083+00:00,2026-09-14T02:19:27.764+00:00,2026-09-14T02:19:34.104+00:00,False,104,103.0,,103.0,293681.15410000004,300021.14514000004,300021.145046,2884.818702365385,0.01848,293681.15410000004,28791.777903868213,89.21298364999998,61.55331106796116,20.53226956786471,0.34330913560088144,37,64,,False,False,Request timeout: 300.0s exceeded,433,21.16838264042747
188,2026-09-14T02:14:36.772+00:00,2026-09-14T02:19:30.537+00:00,2026-09-14T02:19:36.813+00:00,False,101,100.0,,100.0,293764.744633,300041.07794499997,300041.077984,2970.7037424158416,0.03698,293764.744633,29224.446458154755,88.56356299999999,62.76333312,20.379944866794023,0.33328769742098724,37,64,,False,False,Request timeout: 300.0s exceeded,453,21.16838264042747
189,2026-09-14T02:14:39.682+00:00,2026-09-14T02:19:33.302+00:00,2026-09-14T02:19:39.697+00:00,False,98,97.0,,97.0,293620.454587,300015.300027,300015.29992200003,3061.38061144898,0.02541,293620.454587,29653.49209977075,87.8859035,65.92624164948454,20.070802068470773,0.3233168441451834,37,64,,False,False,Request timeout: 300.0s exceeded,448,21.16838264042747
190,2026-09-14T02:14:43.142+00:00,2026-09-14T02:19:36.679+00:00,2026-09-14T02:19:43.150+00:00,False,99,98.0,,98.0,293537.345232,300008.780752,300008.780761,3030.391724858586,0.02493,293537.345232,29494.982970310073,88.529314,66.03505632653061,19.72496709837622,0.3266571056832199,37,64,,False,False,Request timeout: 300.0s exceeded,444,21.16838264042747
191,2026-09-14T02:14:47.085+00:00,2026-09-14T02:19:40.733+00:00,2026-09-14T02:19:47.125+00:00,False,97,96.0,,96.0,293647.13896899996,300039.889049,300039.88899699994,3093.1947319278347,0.022850000000000002,293647.13896899996,29808.595180547905,87.8822986,66.59114666666666,20.30193276626116,0.31995745733768777,37,64,,False,False,Request timeout: 300.0s exceeded,505,21.16838264042747
192,2026-09-14T02:14:49.524+00:00,2026-09-14T02:19:43.014+00:00,2026-09-14T02:19:49.562+00:00,False,99,98.0,,98.0,293490.613722,300038.09301799996,300038.09284299996,3030.687806494949,0.02633,293490.613722,29490.20869302783,88.0359369,66.8110132244898,20.322433959624547,0.32662519286882935,37,64,,False,False,Request timeout: 300.0s exceeded,453,21.16838264042747
193,2026-09-14T02:14:53.567+00:00,2026-09-14T02:19:46.812+00:00,2026-09-14T02:19:53.660+00:00,False,105,104.0,,104.0,293244.704774,300092.938246,300092.938181,2858.0279826761903,0.044469999999999996,293244.704774,28611.33412061499,88.9367022,65.84839876923077,20.66100787755793,0.3465593046203121,37,64,,False,False,Request timeout: 300.0s exceeded,473,21.16838264042747
194,2026-09-14T02:14:56.396+00:00,2026-09-14T02:19:49.556+00:00,2026-09-14T02:19:56.452+00:00,False,102,101.0,,101.0,293160.454569,300056.273577,300056.273627,2941.7281728137255,0.02469,293160.454569,29020.45690142298,89.24813955000002,68.27543572277227,19.962708400035858,0.3366035270516733,37,64,,False,False,Request timeout: 300.0s exceeded,479,21.16838264042747
195,2026-09-14T02:14:59.536+00:00,2026-09-14T02:19:53.189+00:00,2026-09-14T02:19:59.624+00:00,False,94,93.0,,93.0,293653.224869,300087.391909,300087.39200000005,3192.4190638297873,0.03666,293653.224869,30280.88753816546,87.183413,69.184591827957,18.953329036807386,0.3099097213261188,37,64,,False,False,Request timeout: 300.0s exceeded,419,21.16838264042747
196,2026-09-14T02:15:01.787+00:00,2026-09-14T02:19:55.443+00:00,2026-09-14T02:20:01.807+00:00,False,99,98.0,,98.0,293656.64295099996,300020.426375,300020.42641099996,3030.509357686868,0.050159999999999996,293656.64295099996,29507.083428953796,89.1787837,64.93656555102041,20.005543439247287,0.3266444261282008,37,64,,False,False,Request timeout: 300.0s exceeded,405,21.16838264042747
197,2026-09-14T02:15:05.025+00:00,2026-09-14T02:19:58.958+00:00,2026-09-14T02:20:05.041+00:00,False,93,92.0,,92.0,293933.32598100003,300015.939741,300015.93978200003,3225.97784711828,0.02578,293933.32598100003,30472.617087110357,89.1918358,66.11536695652174,20.58903382885147,0.3066503735748922,37,64,,False,False,Request timeout: 300.0s exceeded,487,21.16838264042747
198,2026-09-14T02:15:07.730+00:00,2026-09-14T02:20:01.673+00:00,2026-09-14T02:20:07.819+00:00,False,91,90.0,,90.0,293942.392205,300088.58919699996,300088.589262,3297.676805076923,0.01998,293942.392205,30806.383175541185,90.30648400000001,68.29107768888889,20.528684974878303,0.29991143695543004,37,64,,False,False,Request timeout: 300.0s exceeded,370,21.16838264042747
199,2026-09-14T02:15:11.214+00:00,2026-09-14T02:20:04.261+00:00,2026-09-14T02:20:11.297+00:00,False,107,106.0,,106.0,293047.11055,300083.17967,300083.17963599996,2804.51569753271,0.03003,293047.11055,28323.523979219055,89.420048,66.37801056603773,20.71797991770898,0.35323539332183723,37,64,,False,False,Request timeout: 300.0s exceeded,489,21.16838264042747
200,2026-09-14T02:15:15.055+00:00,2026-09-14T02:20:08.555+00:00,2026-09-14T02:20:15.064+00:00,False,97,96.0,,96.0,293500.539211,300009.346635,300009.346451,3092.879860319588,0.02918,293500.539211,29793.58773849066,90.2755868,67.80007733333333,20.673544939331713,0.31999003056660213,37,64,,False,False,Request timeout: 300.0s exceeded,410,21.16838264042747
201,2026-09-14T02:15:18.853+00:00,2026-09-14T02:20:12.495+00:00,2026-09-14T02:20:18.907+00:00,False,94,93.0,,93.0,293641.85288,300053.410256,300053.41020600003,3192.057555382979,0.02485,293641.85288,30279.740293845723,90.11254815000001,68.94147716129032,19.9157138431951,0.3099448192261975,37,64,,False,False,Request timeout: 300.0s exceeded,332,21.16838264042747
202,2026-09-14T02:15:22.983+00:00,2026-09-14T02:20:16.645+00:00,2026-09-14T02:20:23.032+00:00,False,97,96.0,,96.0,293661.307653,300048.553221,300048.55316,3093.2840531958764,0.0,293661.307653,29810.107461122287,90.5660648,66.533808,67.08059542829808,0.3199482182781646,37,64,,False,False,Request timeout: 300.0s exceeded,398,21.16838264042747
203,2026-09-14T02:15:25.741+00:00,2026-09-14T02:20:19.581+00:00,2026-09-14T02:20:25.798+00:00,False,96,95.0,,95.0,293840.32008700003,300057.210711,300057.210564,3125.5959433750004,0.0,293840.32008700003,29983.347217735172,88.91611175,65.4409539368421,67.04539574578482,0.3166062890969789,37,64,,False,False,Request timeout: 300.0s exceeded,357,21.16838264042747
204,2026-09-14T02:15:28.885+00:00,2026-09-14T02:20:22.742+00:00,2026-09-14T02:20:28.925+00:00,False,94,93.0,,93.0,293856.849126,300039.345382,300039.34544500004,3191.9079302659575,0.02416,293856.849126,30302.169288754212,87.41748,66.4784543655914,19.58822241440262,0.3099593484367709,37,64,,False,False,Request timeout: 300.0s exceeded,431,21.16838264042747
205,2026-09-14T02:15:32.030+00:00,2026-09-14T02:20:25.798+00:00,2026-09-14T02:20:32.103+00:00,False,95,94.0,,94.0,293767.993977,300072.73304900003,300072.732928,3158.660346610526,0.04022,293767.993977,30133.08505521806,87.47319569999999,67.07169225531915,19.480531923716555,0.3132573861172864,37,64,,False,False,Request timeout: 300.0s exceeded,309,21.16838264042747
206,2026-09-14T02:15:35.890+00:00,2026-09-14T02:20:29.620+00:00,2026-09-14T02:20:35.939+00:00,False,89,88.0,,88.0,293730.858821,300049.739845,300049.739793,3371.345390932584,0.02022,293730.858821,31127.803073447205,88.23389139999999,71.80546618181819,18.9011801614467,0.293284706880463,37,64,,False,False,Request timeout: 300.0s exceeded,394,21.16838264042747
207,2026-09-14T02:15:38.278+00:00,2026-09-14T02:20:31.596+00:00,2026-09-14T02:20:38.325+00:00,False,93,92.0,,92.0,293318.06623299996,300047.393337,300047.39337799995,3226.3160578279567,0.02425,293318.06623299996,30408.087574633355,89.850978,73.14485982608696,18.811993724820418,0.3066182277966657,37,64,,False,False,Request timeout: 300.0s exceeded,438,21.16838264042747
208,2026-09-14T02:15:42.116+00:00,2026-09-14T02:20:35.379+00:00,2026-09-14T02:20:42.151+00:00,False,94,93.0,,93.0,293263.619406,300035.36724600004,300035.367271,3191.8656092659576,0.02653,293263.619406,30240.32823237224,88.34616914999998,72.81449290322581,18.656154469215718,0.3099634581537482,37,64,,False,False,Request timeout: 300.0s exceeded,374,21.16838264042747
209,2026-09-14T02:15:45.813+00:00,2026-09-14T02:20:39.687+00:00,2026-09-14T02:20:45.834+00:00,False,91,90.0,,90.0,293874.17275,300020.92884600005,300020.928696,3296.9332823736268,0.03052,293874.17275,30799.231327393616,89.03011699999999,68.29728995555556,20.744895742750753,0.2999790726139534,37,64,,False,False,Request timeout: 300.0s exceeded,395,21.16838264042747
210,2026-09-14T02:15:48.208+00:00,2026-09-14T02:20:41.849+00:00,2026-09-14T02:20:48.243+00:00,False,94,93.0,,93.0,293640.917555,300035.442483,300035.44239599997,3191.866408468085,0.023209,293640.917555,30279.663205652167,89.916269,68.75833255913979,20.659848035899195,0.3099633804271953,37,64,,False,False,Request timeout: 300.0s exceeded,451,21.16838264042747
211,2026-09-14T02:15:50.472+00:00,2026-09-14T02:20:44.174+00:00,2026-09-14T02:20:50.524+00:00,False,94,93.0,,93.0,293701.839015,300052.24797499995,300052.248111,3192.0451926702126,0.02262,293701.839015,30285.996835434587,91.31505679999998,68.28396731182795,22.27926210406854,0.3099460198270158,37,64,,False,False,Request timeout: 300.0s exceeded,415,21.16838264042747
212,2026-09-14T02:15:53.271+00:00,2026-09-14T02:20:47.171+00:00,2026-09-14T02:20:53.302+00:00,False,92,91.0,,91.0,293900.032007,300030.502151,300030.502136,3261.201110173913,0.02299,293900.032007,30634.18100243068,91.03673965000002,67.36780378021977,22.3990040623229,0.3033024954049549,37,64,,False,False,Request timeout: 300.0s exceeded,224,21.16838264042747
213,2026-09-14T02:15:56.830+00:00,2026-09-14T02:20:50.848+00:00,2026-09-14T02:20:56.849+00:00,False,89,88.0,,88.0,294018.423522,300019.35101000004,300019.35090400005,3371.003942741573,0.019760000000000003,294018.423522,31158.668283406227,88.98244000000001,68.19235781818182,19.60421713184569,0.29331441356616644,37,64,,False,False,Request timeout: 300.0s exceeded,441,21.16838264042747
214,2026-09-14T02:15:59.395+00:00,2026-09-14T02:20:53.820+00:00,2026-09-14T02:20:59.438+00:00,False,81,80.0,,80.0,294425.724892,300042.955228,300042.955266,3704.23401562963,0.02437,294425.724892,32706.173257087677,88.722552,70.2153792,19.14524991604076,0.266628489708111,37,64,,False,False,Request timeout: 300.0s exceeded,247,21.16838264042747
215,2026-09-14T02:16:03.076+00:00,2026-09-14T02:20:56.766+00:00,2026-09-14T02:21:03.106+00:00,False,93,92.0,,92.0,293689.590542,300029.60923,300029.60922800004,3226.1248304086025,0.036969999999999996,293689.590542,30447.052461275412,89.9127526,68.91324660869566,20.108919132565262,0.30663640244077917,37,64,,False,False,Request timeout: 300.0s exceeded,476,21.16838264042747
216,2026-09-14T02:16:05.747+00:00,2026-09-14T02:20:59.358+00:00,2026-09-14T02:21:05.830+00:00,False,97,96.0,,96.0,293611.13418,300082.510052,300082.50997899997,3093.6341234948454,0.03075,293611.13418,29804.85621839188,89.12071759999999,67.41016533333332,20.195060755402057,0.3199120134771086,37,64,,False,False,Request timeout: 300.0s exceeded,317,21.16838264042747
217,2026-09-14T02:16:09.736+00:00,2026-09-14T02:21:03.325+00:00,2026-09-14T02:21:09.757+00:00,False,96,95.0,,95.0,293589.480271,300021.06683100003,300021.066934,3125.2194472291667,0.02546,293589.480271,29957.448140500805,89.06198975,67.70091115789474,20.560381594336157,0.31664443101761547,37,64,,False,False,Request timeout: 300.0s exceeded,397,21.16838264042747
218,2026-09-14T02:16:13.677+00:00,2026-09-14T02:21:07.585+00:00,2026-09-14T02:21:13.716+00:00,False,89,88.0,,88.0,293908.809794,300038.944834,300038.944973,3371.2241008202245,0.040549999999999996,293908.809794,31146.89376329072,88.88392019999999,69.66062545454545,19.8372246567462,0.2932952588827661,37,64,,False,False,Request timeout: 300.0s exceeded,397,21.16838264042747
219,2026-09-14T02:16:16.911+00:00,2026-09-14T02:21:10.752+00:00,2026-09-14T02:21:17.195+00:00,False,85,84.0,,84.0,293840.763211,300284.681547,300284.681508,3532.7609589176473,0.026,293840.763211,31863.256489773823,89.71328019999999,76.71331352380952,67.94110967386862,0.27973454911935786,37,64,,False,False,Request timeout: 300.0s exceeded,412,21.16838264042747
220,2026-09-14T02:16:20.457+00:00,2026-09-14T02:21:14.368+00:00,2026-09-14T02:21:20.511+00:00,False,97,96.0,,96.0,293911.109086,300054.01801400003,300054.01795,3093.3403912371136,0.0,293911.109086,29835.731771370414,89.436353,63.98863466666666,68.17660571437617,0.3199423911581174,37,64,,False,False,Request timeout: 300.0s exceeded,434,21.16838264042747
221,2026-09-14T02:16:24.202+00:00,2026-09-14T02:21:17.735+00:00,2026-09-14T02:21:24.210+00:00,False,101,100.0,,100.0,293533.09593,300007.77113,300007.771212,2970.37397239604,0.040619999999999996,293533.09593,29201.198592519253,88.23434400000001,64.746752,19.482864672958954,0.33332469896810707,37,64,,False,False,Request timeout: 300.0s exceeded,481,21.16838264042747
222,2026-09-14T02:16:26.963+00:00,2026-09-14T02:21:20.951+00:00,2026-09-14T02:21:26.969+00:00,False,89,88.0,,88.0,293988.562499,300006.396739,300006.396696,3370.8583898426964,0.02092,293988.562499,31155.48255172287,86.5912974,68.38448,19.434332945247153,0.29332707887744935,37,64,,False,False,Request timeout: 300.0s exceeded,394,21.16838264042747
223,2026-09-14T02:16:31.027+00:00,2026-09-14T02:21:24.586+00:00,2026-09-14T02:21:31.066+00:00,False,96,95.0,,95.0,293559.30711299996,300039.48912899994,300039.48922199995,3125.4113460624994,0.023100000000000002,293559.30711299996,29954.31637375612,89.40785075,68.2124422736842,20.524244384144108,0.3166249891831918,37,64,,False,False,Request timeout: 300.0s exceeded,370,21.16838264042747
224,2026-09-14T02:16:34.755+00:00,2026-09-14T02:21:28.501+00:00,2026-09-14T02:21:34.798+00:00,False,98,97.0,,97.0,293745.648732,300042.964828,300042.96482,3061.6629063265304,0.023,293745.648732,29666.241089272327,91.18479434999999,64.92078449484536,21.38330397122845,0.3232870334273806,37,64,,False,False,Request timeout: 300.0s exceeded,142,21.16838264042747
225,2026-09-14T02:16:37.853+00:00,2026-09-14T02:21:31.797+00:00,2026-09-14T02:21:37.866+00:00,False,93,92.0,,92.0,293943.854865,300013.270545,300013.270493,3225.9491450860214,0.08290900000000001,293943.854865,30473.724016419324,91.7474304,65.97190956521739,20.973325057486065,0.3066531018207097,37,64,,False,False,Request timeout: 300.0s exceeded,294,21.16838264042747
226,2026-09-14T02:16:41.290+00:00,2026-09-14T02:21:35.485+00:00,2026-09-14T02:21:41.344+00:00,False,87,86.0,,86.0,294194.593329,300053.544497,300053.544582,3448.8913170344827,0.041229999999999996,294194.593329,31533.673047752614,86.788351,68.1273391627907,19.479002964301927,0.2866155110554271,37,64,,False,False,Request timeout: 300.0s exceeded,536,21.16838264042747
227,2026-09-14T02:16:44.756+00:00,2026-09-14T02:21:38.728+00:00,2026-09-14T02:21:46.358+00:00,False,86,85.0,,85.0,293971.766804,301602.22978,301602.229715,3507.002671104651,0.048780000000000004,293971.766804,31690.900676982274,89.51196274999998,89.77015265882353,225.09112724325573,0.2818281551233961,37,64,,False,False,Request timeout: 300.0s exceeded,416,21.16838264042747
228,2026-09-14T02:16:47.641+00:00,2026-09-14T02:21:41.257+00:00,2026-09-14T02:21:47.701+00:00,False,111,110.0,,110.0,293615.71725700004,300059.841673,300059.84164400003,2703.241816612613,0.01517,293615.71725700004,27863.938404291403,88.9409425,58.58294923636363,202.37919620555928,0.366593541430566,37,64,,False,False,Request timeout: 300.0s exceeded,601,21.16838264042747
229,2026-09-14T02:16:50.656+00:00,2026-09-14T02:21:44.139+00:00,2026-09-14T02:21:50.666+00:00,False,109,108.0,,108.0,293483.046851,300010.816963,300010.816961,2752.3928161559634,0.015210000000000001,293483.046851,28105.537152823206,87.9171864,60.44231585185185,206.11875500593564,0.3599870201124099,37,64,,False,False,Request timeout: 300.0s exceeded,463,21.16838264042747
230,2026-09-14T02:16:53.008+00:00,2026-09-14T02:21:47.622+00:00,2026-09-14T02:21:53.104+00:00,False,84,83.0,,83.0,294614.330621,300096.33919699996,300096.339169,3572.5754662976187,0.02162,294614.330621,32137.858171161748,84.875965,66.04829609638554,19.425948441763513,0.2765778490403849,37,64,,False,False,Request timeout: 300.0s exceeded,311,21.16838264042747
231,2026-09-14T02:16:56.713+00:00,2026-09-14T02:21:50.234+00:00,2026-09-14T02:21:56.799+00:00,False,98,97.0,,97.0,293520.61698500003,300085.56495300005,300085.565077,3062.097602826531,0.02547,293520.61698500003,29643.22959731809,88.57755934999999,67.67987595876288,19.70945461509138,0.3232411396236014,37,64,,False,False,Request timeout: 300.0s exceeded,470,21.16838264042747
232,2026-09-14T02:17:00.405+00:00,2026-09-14T02:21:54.152+00:00,2026-09-14T02:22:00.430+00:00,False,93,92.0,,92.0,293746.57283200003,300025.277728,300025.27763900004,3226.078254182796,0.04636,293746.57283200003,30453.03057927219,89.1637572,68.24679234782609,20.447325724124838,0.3066408293884034,37,64,,False,False,Request timeout: 300.0s exceeded,401,21.16838264042747
233,2026-09-14T02:17:02.715+00:00,2026-09-14T02:21:56.718+00:00,2026-09-14T02:22:02.788+00:00,False,89,88.0,,88.0,294003.0165,300072.928564,300072.92857700004,3371.605939067416,0.03854,294003.0165,31156.952460341185,89.98375200000001,68.97627345454545,20.256775527819034,0.29326204273449225,37,64,,False,False,Request timeout: 300.0s exceeded,383,21.16838264042747
234,2026-09-14T02:17:06.015+00:00,2026-09-14T02:21:59.561+00:00,2026-09-14T02:22:06.040+00:00,False,100,99.0,,99.0,293546.04841900006,300025.4637150001,300025.46354100003,3000.2546354100004,0.04348,293546.04841900006,29348.06725299729,89.73826695,65.44863935353536,20.769283178912904,0.3299719922907677,37,64,,False,False,Request timeout: 300.0s exceeded,468,21.16838264042747
235,2026-09-14T02:17:08.294+00:00,2026-09-14T02:22:02.362+00:00,2026-09-14T02:22:08.315+00:00,False,90,89.0,,89.0,294067.997926,300021.023718,300021.02361,3333.5669289999996,0.02652,294067.997926,30990.444932239876,89.71747299999998,66.88793024719101,20.734856792943738,0.2966458780023834,37,64,,False,False,Request timeout: 300.0s exceeded,283,21.16838264042747
236,2026-09-14T02:17:11.572+00:00,2026-09-14T02:22:05.479+00:00,2026-09-14T02:22:11.625+00:00,False,94,93.0,,93.0,293906.949639,300052.664071,300052.663987,3192.0496168829786,0.040130000000000006,293906.949639,30307.37802276464,87.938027,66.08295088172044,20.30775739595065,0.3099455900114717,37,64,,False,False,Request timeout: 300.0s exceeded,444,21.16838264042747
237,2026-09-14T02:17:15.164+00:00,2026-09-14T02:22:09.097+00:00,2026-09-14T02:22:15.178+00:00,False,98,97.0,,97.0,293932.55386,300014.26598799997,300014.265913,3061.3700603367347,0.0,293932.55386,29685.41394820943,88.93844270000001,62.69806317525774,67.38298148411353,0.32331795849961287,37,64,,False,False,Request timeout: 300.0s exceeded,383,21.16838264042747
238,2026-09-14T02:17:17.769+00:00,2026-09-14T02:22:11.412+00:00,2026-09-14T02:22:17.829+00:00,False,101,100.0,,100.0,293643.568542,300060.43382200005,300060.433917,2970.895385316832,0.0,293643.568542,29212.317766642016,87.185116,64.1686528,66.81654870472293,0.33326619816633796,37,64,,False,False,Request timeout: 300.0s exceeded,468,21.16838264042747
239,2026-09-14T02:17:20.757+00:00,2026-09-14T02:22:14.221+00:00,2026-09-14T02:22:20.798+00:00,False,96,95.0,,95.0,293463.89412300003,300040.972651,300040.972849,3125.4268005104173,0.025199000000000003,293463.89412300003,29944.47333306073,87.34691075,69.23240555789474,19.15791626270771,0.3166234236632127,37,64,,False,False,Request timeout: 300.0s exceeded,391,21.16838264042747
240,2026-09-14T02:17:23.444+00:00,2026-09-14T02:22:17.073+00:00,2026-09-14T02:22:23.503+00:00,False,94,93.0,,93.0,293628.88308600005,300059.26465400006,300059.26473100006,3192.11983756383,0.0364,293628.88308600005,30278.38162971601,90.0180725,69.14388782795699,19.830841450275,0.30993877195306335,37,64,,False,False,Request timeout: 300.0s exceeded,139,21.16838264042747
241,2026-09-14T02:17:27.333+00:00,2026-09-14T02:22:20.924+00:00,2026-09-14T02:22:27.350+00:00,False,97,96.0,,96.0,293590.122681,300016.32325699995,300016.32332599995,3092.951786865979,0.024269,293590.122681,29802.770732783843,88.6033726,66.93958933333333,20.386264949135946,0.3199825894731884,37,64,,False,False,Request timeout: 300.0s exceeded,408,21.16838264042747
242,2026-09-14T02:17:30.606+00:00,2026-09-14T02:22:24.065+00:00,2026-09-14T02:22:30.640+00:00,False,98,97.0,,97.0,293459.266866,300033.963058,300033.963268,3061.571053755102,0.03581,293459.266866,29637.022701486454,90.50716135,67.78037311340206,20.531787886169166,0.32329673284770355,37,64,,False,False,Request timeout: 300.0s exceeded,603,21.16838264042747
243,2026-09-14T02:17:33.647+00:00,2026-09-14T02:22:27.207+00:00,2026-09-14T02:22:33.662+00:00,False,95,94.0,,94.0,293559.53700199997,300014.99812199996,300014.99808399996,3158.052611410526,0.047329,293559.53700199997,30111.534055079588,88.9992477,68.67511829787233,20.601152682698828,0.31331766941123146,37,64,,False,False,Request timeout: 300.0s exceeded,494,21.16838264042747
244,2026-09-14T02:17:36.948+00:00,2026-09-14T02:22:30.726+00:00,2026-09-14T02:22:37.013+00:00,False,90,89.0,,89.0,293777.810666,300064.560362,300064.560426,3334.0506714,0.02125,293777.810666,30959.46162721349,91.9720809,70.63763703370788,21.279061318944734,0.2966028373781621,37,64,,False,False,Request timeout: 300.0s exceeded,370,21.16838264042747
245,2026-09-14T02:17:40.990+00:00,2026-09-14T02:22:35.041+00:00,2026-09-14T02:22:41.034+00:00,False,87,86.0,,86.0,294051.590755,300044.556643,300044.556785,3448.7880090229887,0.038579999999999996,294051.590755,31518.175985059555,92.125931,69.6856498604651,21.779356775924075,0.2866240966415025,37,64,,False,False,Request timeout: 300.0s exceeded,451,21.16838264042747
246,2026-09-14T02:17:44.966+00:00,2026-09-14T02:22:38.906+00:00,2026-09-14T02:22:45.010+00:00,False,87,86.0,,86.0,293939.28034,300043.559892,300043.560025,3448.776552011494,0.02089,293939.28034,31505.995978290335,92.93431559999999,70.97999479069767,21.334343784654365,0.2866250488127641,37,64,,False,False,Request timeout: 300.0s exceeded,427,21.16838264042747
247,2026-09-14T02:17:47.812+00:00,2026-09-14T02:22:41.587+00:00,2026-09-14T02:22:47.854+00:00,False,94,93.0,,93.0,293775.28907,300041.979118,300041.979303,3191.9359500319147,0.02176,293775.28907,30293.664476950908,90.98351214999998,67.38376395698924,20.859540526465132,0.309956627647177,37,64,,False,False,Request timeout: 300.0s exceeded,448,21.16838264042747
248,2026-09-14T02:17:51.719+00:00,2026-09-14T02:22:45.009+00:00,2026-09-14T02:22:51.756+00:00,False,100,99.0,,99.0,293290.845801,300037.863017,300037.86302,3000.3786302000003,0.08054,293290.845801,29322.27542096725,88.19988205,68.15168905050506,18.868925037544116,0.3299583559371995,37,64,,False,False,Request timeout: 300.0s exceeded,404,21.16838264042747
249,2026-09-14T02:17:55.349+00:00,2026-09-14T02:22:48.887+00:00,2026-09-14T02:22:55.419+00:00,False,98,97.0,,97.0,293538.247275,300070.41265099996,300070.412807,3061.9429878265305,0.02244,293538.247275,29645.044310491234,87.823025,67.3419110927835,19.163538093102115,0.32325746195049515,37,64,,False,False,Request timeout: 300.0s exceeded,364,21.16838264042747
250,2026-09-14T02:17:58.468+00:00,2026-09-14T02:22:52.348+00:00,2026-09-14T02:22:58.482+00:00,False,92,91.0,,91.0,293879.87713,300013.419274,300013.419204,3261.0154261304347,0.04281,293879.87713,30632.07520666318,90.76597399999999,67.40156202197802,20.99189886249453,0.3033197655631876,37,64,,False,False,Request timeout: 300.0s exceeded,457,21.16838264042747
251,2026-09-14T02:18:01.029+00:00,2026-09-14T02:22:54.767+00:00,2026-09-14T02:23:01.052+00:00,False,91,90.0,,90.0,293737.953455,300023.564463,300023.56456800003,3296.9622480000003,0.02141,293737.953455,30784.78983713796,90.2361745,69.8401223111111,20.59689110281348,0.299976437387801,37,64,,False,False,Request timeout: 300.0s exceeded,406,21.16838264042747
252,2026-09-14T02:18:03.267+00:00,2026-09-14T02:22:57.342+00:00,2026-09-14T02:23:03.292+00:00,False,87,86.0,,86.0,294075.157496,300025.19756,300025.197597,3448.5654896206897,0.02016,294075.157496,31520.755726862804,90.3129293,69.18651237209302,21.19948688640248,0.2866425910203807,37,64,,False,False,Request timeout: 300.0s exceeded,190,21.16838264042747
253,2026-09-14T02:18:05.544+00:00,2026-09-14T02:22:59.222+00:00,2026-09-14T02:23:05.589+00:00,False,94,93.0,,93.0,293678.065459,300044.385331,300044.38536200003,3191.9615464042554,0.03606,293678.065459,30283.52593533528,89.2852058,68.45505238709677,20.564805122290437,0.3099541419427168,37,64,,False,False,Request timeout: 300.0s exceeded,443,21.16838264042747
254,2026-09-14T02:18:09.417+00:00,2026-09-14T02:23:03.293+00:00,2026-09-14T02:23:09.491+00:00,False,96,95.0,,95.0,293875.71354799997,300073.54394799995,300073.543806,3125.7660813125,0.0,293875.71354799997,29986.982869832456,89.11530675,65.24032,68.32328338883227,0.316589055969768,37,64,,False,False,Request timeout: 300.0s exceeded,488,21.16838264042747
255,2026-09-14T02:18:11.872+00:00,2026-09-14T02:23:05.065+00:00,2026-09-14T02:23:11.904+00:00,False,106,105.0,,105.0,293193.094846,300031.424958,300031.42496000003,2830.4851411320756,0.0,293193.094846,28471.17953807899,88.573995,65.12695344761904,65.41403410382084,0.3499633413889844,37,64,,False,False,Request timeout: 300.0s exceeded,536,21.16838264042747
256,2026-09-14T02:18:15.404+00:00,2026-09-14T02:23:08.984+00:00,2026-09-14T02:23:15.437+00:00,False,93,92.0,,92.0,293579.914594,300032.734306,300032.73436299997,3226.1584340107524,0.02948,293579.914594,30435.552000361946,88.9873106,70.13934469565217,19.397248788056675,0.3066332085824017,37,64,,False,False,Request timeout: 300.0s exceeded,350,21.16838264042747
257,2026-09-14T02:18:17.931+00:00,2026-09-14T02:23:11.464+00:00,2026-09-14T02:23:17.962+00:00,False,95,94.0,,94.0,293533.099268,300030.957828,300030.957842,3158.220608863158,0.020390000000000002,293533.099268,30108.775629115793,90.3716574,69.12615489361701,21.044162062781314,0.3133010029381294,37,64,,False,False,Request timeout: 300.0s exceeded,416,21.16838264042747
258,2026-09-14T02:18:21.865+00:00,2026-09-14T02:23:15.564+00:00,2026-09-14T02:23:21.877+00:00,False,93,92.0,,92.0,293698.96572399995,300011.42114799994,300011.42133999994,3225.9292617204296,0.022109999999999998,293698.96572399995,30448.0560304022,89.5763206,68.61364591304348,20.62480983714365,0.30665499215983205,37,64,,False,False,Request timeout: 300.0s exceeded,397,21.16838264042747
259,2026-09-14T02:18:25.936+00:00,2026-09-14T02:23:19.363+00:00,2026-09-14T02:23:25.984+00:00,False,101,100.0,,100.0,293426.429236,300048.078132,300048.077979,2970.7730492970295,0.04478,293426.429236,29190.439181323392,89.04167100000001,66.21648896,20.317419216392334,0.33327992174643106,37,64,,False,False,Request timeout: 300.0s exceeded,448,21.16838264042747
260,2026-09-14T02:18:29.026+00:00,2026-09-14T02:23:22.562+00:00,2026-09-14T02:23:29.071+00:00,False,97,96.0,,96.0,293535.81321,300045.562202,300045.562179,3093.2532183402063,0.0208,293535.81321,29797.168263568212,90.00167819999999,67.80988533333333,20.658971002034903,0.3199514076977743,37,64,,False,False,Request timeout: 300.0s exceeded,472,21.16838264042747
261,2026-09-14T02:18:31.390+00:00,2026-09-14T02:23:25.021+00:00,2026-09-14T02:23:31.408+00:00,False,97,96.0,,96.0,293630.99792299996,300018.03971499996,300018.039672,3092.9694811546387,0.04757,293630.99792299996,29806.962498133547,90.6243198,66.53168533333334,20.530252402968458,0.3199807587943529,37,64,,False,False,Request timeout: 300.0s exceeded,432,21.16838264042747
262,2026-09-14T02:18:34.335+00:00,2026-09-14T02:23:27.492+00:00,2026-09-14T02:23:34.352+00:00,False,108,107.0,,107.0,293156.64282,300016.546052,300016.545879,2777.9309803611113,0.07143000000000001,293156.64282,28202.84998539275,90.5005092,64.1112451588785,21.322322171889294,0.3566469963341767,37,64,,False,False,Request timeout: 300.0s exceeded,534,21.16838264042747
263,2026-09-14T02:18:38.352+00:00,2026-09-14T02:23:31.624+00:00,2026-09-14T02:23:38.361+00:00,False,99,98.0,,98.0,293271.369823,300008.787551,300008.78771199996,3030.391795070707,0.04224,293271.369823,29467.97936580462,90.78773890000001,68.74916048979593,20.757205370238275,0.3266570982802978,37,64,,False,False,Request timeout: 300.0s exceeded,397,21.16838264042747
264,2026-09-14T02:18:41.590+00:00,2026-09-14T02:23:35.379+00:00,2026-09-14T02:23:41.646+00:00,False,92,91.0,,91.0,293788.452906,300055.97393000004,300055.973828,3261.4779763913048,0.037689999999999994,293788.452906,30622.389404920472,89.01737359999998,68.87385740659342,19.975525551660546,0.3032767480284507,37,64,,False,False,Request timeout: 300.0s exceeded,428,21.16838264042747
265,2026-09-14T02:18:45.412+00:00,2026-09-14T02:23:38.995+00:00,2026-09-14T02:23:45.421+00:00,False,96,95.0,,95.0,293582.523589,300008.92947699997,300008.92931599997,3125.0930137083333,0.02875,293582.523589,29956.74244797293,86.46207450000001,67.64637776842105,18.636514339849008,0.3166572413881538,37,64,,False,False,Request timeout: 300.0s exceeded,330,21.16838264042747
266,2026-09-14T02:18:47.921+00:00,2026-09-14T02:23:41.808+00:00,2026-09-14T02:23:47.951+00:00,False,93,92.0,,92.0,293886.864902,300029.333254,300029.333257,3226.121862978495,0.0366,293886.864902,30467.73094434635,86.5802248,66.76596034782608,19.209763574699082,0.30663668449416004,37,64,,False,False,Request timeout: 300.0s exceeded,482,21.16838264042747
267,2026-09-14T02:18:51.962+00:00,2026-09-14T02:23:45.666+00:00,2026-09-14T02:23:52.007+00:00,False,95,94.0,,94.0,293704.335425,300044.772161,300044.772222,3158.366023389474,0.03682,293704.335425,30126.515096193154,88.2541927,67.45145463829788,19.840226597854045,0.3132865782762609,37,64,,False,False,Request timeout: 300.0s exceeded,431,21.16838264042747
268,2026-09-14T02:18:54.720+00:00,2026-09-14T02:23:48.449+00:00,2026-09-14T02:23:54.738+00:00,False,92,91.0,,91.0,293728.35954900004,300017.88658900006,300017.886393,3261.0639825326093,0.040059,293728.35954900004,30616.09895420861,88.12876410000001,69.11568175824176,19.859508493314237,0.30331524908267404,37,64,,False,False,Request timeout: 300.0s exceeded,486,21.16838264042747
269,2026-09-14T02:18:57.033+00:00,2026-09-14T02:23:50.895+00:00,2026-09-14T02:23:57.063+00:00,False,90,89.0,,89.0,293862.234541,300030.154925,300030.15473199997,3333.668385911111,0.04187,293862.234541,30968.500725959326,89.51027750000002,69.3024762247191,20.229392719072084,0.29663684979347416,37,64,,False,False,Request timeout: 300.0s exceeded,464,21.16838264042747
270,2026-09-14T02:18:59.609+00:00,2026-09-14T02:23:53.034+00:00,2026-09-14T02:23:59.657+00:00,False,102,101.0,,101.0,293424.912519,300047.78381500003,300047.78360100003,2941.6449372647057,0.04244,293424.912519,29046.910448386872,89.63539915,65.57298312871286,21.009924859026178,0.3366130511474579,37,64,,False,False,Request timeout: 300.0s exceeded,473,21.16838264042747
271,2026-09-14T02:19:02.396+00:00,2026-09-14T02:23:55.977+00:00,2026-09-14T02:24:02.524+00:00,False,111,110.0,,110.0,293580.321265,300128.05988899997,300128.05998699996,2703.856396279279,0.0,293580.321265,27859.83309046806,93.64563700000001,59.524896581818176,63.633735605927534,0.3665102158081542,37,64,,False,False,Request timeout: 300.0s exceeded,681,21.16838264042747
272,2026-09-14T02:19:05.832+00:00,2026-09-14T02:24:00.569+00:00,2026-09-14T02:24:05.902+00:00,False,84,83.0,,83.0,294737.46236,300070.759768,300070.759617,3572.2709478214288,0.0,294737.46236,32151.564342579146,91.15637565000002,64.25659527710843,72.92513634030925,0.27660142582426733,37,64,,False,False,Request timeout: 300.0s exceeded,334,21.16838264042747
273,2026-09-14T02:19:08.845+00:00,2026-09-14T02:24:02.777+00:00,2026-09-14T02:24:08.916+00:00,False,93,92.0,,92.0,293931.909508,300070.753668,300070.753774,3226.5672448817204,0.07023,293931.909508,30472.406500106405,89.2814508,66.72656695652174,20.093679672568875,0.3065943577486706,37,64,,False,False,Request timeout: 300.0s exceeded,454,21.16838264042747
274,2026-09-14T02:19:12.489+00:00,2026-09-14T02:24:06.036+00:00,2026-09-14T02:24:12.577+00:00,False,98,97.0,,97.0,293546.26774299995,300087.95631899993,300087.95636699995,3062.1220037448975,0.02377,293546.26774299995,29645.845257777168,90.03629584999999,67.44008841237113,20.191256477935603,0.3232385637525783,37,64,,False,False,Request timeout: 300.0s exceeded,580,21.16838264042747
275,2026-09-14T02:19:16.422+00:00,2026-09-14T02:24:09.919+00:00,2026-09-14T02:24:16.467+00:00,False,97,96.0,,96.0,293497.869014,300045.83215,300045.832086,3093.256000886598,0.038579999999999996,293497.869014,29793.274646132963,87.49000180000002,68.20794933333333,19.838616234977856,0.31995111984094265,37,64,,False,False,Request timeout: 300.0s exceeded,428,21.16838264042747
276,2026-09-14T02:19:18.914+00:00,2026-09-14T02:24:12.829+00:00,2026-09-14T02:24:18.986+00:00,False,92,91.0,,91.0,293915.44348799996,300072.62774399994,300072.62778599997,3261.658997673913,0.02052,293915.44348799996,30635.75572368045,88.45757250000001,67.66136545054945,20.324965197808403,0.3032599163880904,37,64,,False,False,Request timeout: 300.0s exceeded,464,21.16838264042747
277,2026-09-14T02:19:22.005+00:00,2026-09-14T02:24:15.550+00:00,2026-09-14T02:24:22.038+00:00,False,95,94.0,,94.0,293544.55538800004,300032.74406000006,300032.74389700004,3158.2394094421056,0.03653,293544.55538800004,30109.960611403807,88.45415870000001,69.02328374468085,19.629828392873254,0.31329913771412243,37,64,,False,False,Request timeout: 300.0s exceeded,413,21.16838264042747
278,2026-09-14T02:19:26.008+00:00,2026-09-14T02:24:19.531+00:00,2026-09-14T02:24:26.679+00:00,False,105,104.0,,104.0,293523.044292,300670.586564,300670.586759,2863.529397704762,0.06914000000000001,293523.044292,28638.215198410584,87.289578,68.726368,18.892420839637833,0.34589349489915205,37,64,,False,False,Request timeout: 300.0s exceeded,486,21.16838264042747
279,2026-09-14T02:19:29.158+00:00,2026-09-14T02:24:22.930+00:00,2026-09-14T02:24:29.255+00:00,False,97,96.0,,96.0,293772.057515,300097.729195,300097.729207,3093.791022752577,0.023039999999999998,293772.057515,29821.349661523047,90.741134,65.89241333333334,20.27472783093782,0.3198957894733696,37,64,,False,False,Request timeout: 300.0s exceeded,299,21.16838264042747
280,2026-09-14T02:19:32.029+00:00,2026-09-14T02:24:25.558+00:00,2026-09-14T02:24:32.090+00:00,False,98,97.0,,97.0,293529.593404,300061.607228,300061.60741,3061.8531368367344,0.039130000000000005,293529.593404,29644.17098369254,87.76402835,67.34034870103092,20.210598497201733,0.32326694806475237,37,64,,False,False,Request timeout: 300.0s exceeded,360,21.16838264042747
281,2026-09-14T02:19:35.722+00:00,2026-09-14T02:24:29.682+00:00,2026-09-14T02:24:35.757+00:00,False,89,88.0,,88.0,293959.262886,300034.39479,300034.394876,3371.172976134831,0.03552,293959.262886,31152.307948269037,88.222356,69.03558981818182,19.702213418453567,0.2932997067272669,37,64,,False,False,Request timeout: 300.0s exceeded,324,21.16838264042747
282,2026-09-14T02:19:39.761+00:00,2026-09-14T02:24:33.404+00:00,2026-09-14T02:24:39.848+00:00,False,94,93.0,,93.0,293643.421458,300086.67905800004,300086.67898100003,3192.411478521277,0.02539,293643.421458,30279.866917316725,89.6962278,69.28233978494623,19.90692743066132,0.3099104575115951,37,64,,False,False,Request timeout: 300.0s exceeded,447,21.16838264042747
283,2026-09-14T02:19:42.697+00:00,2026-09-14T02:24:36.299+00:00,2026-09-14T02:24:42.736+00:00,False,92,91.0,,91.0,293601.531419,300038.474011,300038.474035,3261.28776125,0.02896,293601.531419,30602.7074146418,89.70006275,70.73563287912089,20.008645762329095,0.3032944368216716,37,64,,False,False,Request timeout: 300.0s exceeded,461,21.16838264042747
284,2026-09-14T02:19:45.284+00:00,2026-09-14T02:24:38.970+00:00,2026-09-14T02:24:45.355+00:00,False,91,90.0,,90.0,293685.89350999997,300070.81510999997,300070.81517699995,3297.481485461538,0.02159,293685.89350999997,30779.216628141116,88.5798475,70.94357333333333,20.33518343708127,0.2999292016019878,37,64,,False,False,Request timeout: 300.0s exceeded,282,21.16838264042747
285,2026-09-14T02:19:48.803+00:00,2026-09-14T02:24:42.345+00:00,2026-09-14T02:24:48.871+00:00,False,109,108.0,,108.0,293542.01077600004,300067.07368800003,300067.07353600004,2752.908931522936,0.015099999999999999,293542.01077600004,28111.24345580671,93.1934114,60.417249185185185,213.73277008376346,0.3599195295658959,37,64,,False,False,Request timeout: 300.0s exceeded,446,21.16838264042747
286,2026-09-14T02:19:51.369+00:00,2026-09-14T02:24:47.614+00:00,2026-09-14T02:24:51.443+00:00,False,83,82.0,,82.0,296245.670707,300073.930547,300073.930492,3615.3485601445786,0.01623,296245.670707,32512.082499210985,94.08904430000001,46.686095609756094,36.414133055462855,0.273265990986033,37,64,,False,False,Request timeout: 300.0s exceeded,401,21.16838264042747
287,2026-09-14T02:19:55.487+00:00,2026-09-14T02:24:49.172+00:00,2026-09-14T02:24:55.519+00:00,False,92,91.0,,91.0,293685.440054,300032.329526,300032.329621,3261.2209741413044,0.02595,293685.440054,30611.559244770477,90.71513854999999,69.74603815384616,20.886277166079303,0.3033006481127034,37,64,,False,False,Request timeout: 300.0s exceeded,343,21.16838264042747
288,2026-09-14T02:19:59.262+00:00,2026-09-14T02:24:52.786+00:00,2026-09-14T02:24:59.330+00:00,False,100,99.0,,99.0,293524.559363,300068.364291,300068.364175,3000.68364175,0.0,293524.559363,29345.922358305193,87.50063734999999,66.09903967676767,67.27118388520417,0.32992481641280874,37,64,,False,False,Request timeout: 300.0s exceeded,440,21.16838264042747
289,2026-09-14T02:20:03.145+00:00,2026-09-14T02:24:57.162+00:00,2026-09-14T02:25:03.152+00:00,False,91,90.0,,90.0,294017.09467699996,300007.25966899993,300007.25981799996,3296.7830749230766,0.023600000000000003,294017.09467699996,30814.3950729139,85.9456885,66.5573888,19.296118878224107,0.2999927405066718,37,64,,False,False,Request timeout: 300.0s exceeded,491,21.16838264042747
290,2026-09-14T02:20:06.170+00:00,2026-09-14T02:24:59.787+00:00,2026-09-14T02:25:06.179+00:00,False,97,96.0,,96.0,293616.500604,300008.509308,300008.509447,3092.8712314123713,0.038079999999999996,293616.500604,29805.485262382284,87.636131,66.583424,20.525953294379907,0.3199909236622445,37,64,,False,False,Request timeout: 300.0s exceeded,226,21.16838264042747
291,2026-09-14T02:20:10.264+00:00,2026-09-14T02:25:03.969+00:00,2026-09-14T02:25:10.320+00:00,False,94,93.0,,93.0,293705.77457,300056.085738,300056.08569000004,3192.0860179787237,0.03046,293705.77457,30286.40105136435,88.43193450000001,68.28291578494623,19.628650285521868,0.3099420555702537,37,64,,False,False,Request timeout: 300.0s exceeded,317,21.16838264042747
292,2026-09-14T02:20:14.317+00:00,2026-09-14T02:25:08.085+00:00,2026-09-14T02:25:14.337+00:00,False,90,89.0,,89.0,293767.69290100003,300019.95888500003,300019.95887900004,3333.555098655556,0.03505,293767.69290100003,30958.434767472776,87.66127145,70.25017959550563,19.440427931671536,0.29664693086007116,37,64,,False,False,Request timeout: 300.0s exceeded,376,21.16838264042747
293,2026-09-14T02:20:16.753+00:00,2026-09-14T02:25:10.452+00:00,2026-09-14T02:25:16.798+00:00,False,92,91.0,,91.0,293698.33521,300045.064938,300045.064828,3261.3594003043477,0.022949999999999998,293698.33521,30612.90320260097,88.93446110000001,69.74428272527473,19.918210160989794,0.30328777451748407,37,64,,False,False,Request timeout: 300.0s exceeded,354,21.16838264042747
294,2026-09-14T02:20:19.486+00:00,2026-09-14T02:25:13.250+00:00,2026-09-14T02:25:19.504+00:00,False,91,90.0,,90.0,293763.779424,300017.44624,300017.446118,3296.8950122857145,0.02289,293763.779424,30787.53429659286,89.99623449999999,69.48518684444444,20.529167345107364,0.29998255477451197,37,64,,False,False,Request timeout: 300.0s exceeded,473,21.16838264042747
295,2026-09-14T02:20:22.776+00:00,2026-09-14T02:25:16.447+00:00,2026-09-14T02:25:22.813+00:00,False,95,94.0,,94.0,293670.61072399997,300037.38473999995,300037.38474799995,3158.2882605052628,0.02158,293670.61072399997,30123.026881738824,89.7046987,67.73163846808511,20.75862868730399,0.313294291914511,37,64,,False,False,Request timeout: 300.0s exceeded,437,21.16838264042747
296,2026-09-14T02:20:25.200+00:00,2026-09-14T02:25:18.849+00:00,2026-09-14T02:25:25.218+00:00,False,98,97.0,,97.0,293648.74713,300018.453626,300018.453698,3061.4127928367343,0.02253,293648.74713,29656.37648928909,89.3584102,65.66707727835052,20.41476031954484,0.3233134456486441,37,64,,False,False,Request timeout: 300.0s exceeded,317,21.16838264042747
297,2026-09-14T02:20:27.795+00:00,2026-09-14T02:25:21.380+00:00,2026-09-14T02:25:27.859+00:00,False,99,98.0,,98.0,293585.297007,300064.86359900003,300064.86365400004,3030.958218727273,0.03008,293585.297007,29499.794297037413,90.7107669,66.11802644897959,20.22028960468062,0.3265960526820128,37,64,,False,False,Request timeout: 300.0s exceeded,524,21.16838264042747
298,2026-09-14T02:20:31.121+00:00,2026-09-14T02:25:24.723+00:00,2026-09-14T02:25:31.181+00:00,False,92,91.0,,91.0,293601.993493,300060.424213,300060.424267,3261.5263507282607,0.03723,293601.993493,30602.731203156247,90.64013005000001,70.97176615384616,20.365182252855938,0.30327225004322134,37,64,,False,False,Request timeout: 300.0s exceeded,354,21.16838264042747
299,2026-09-14T02:20:33.917+00:00,2026-09-14T02:25:27.859+00:00,2026-09-14T02:25:33.945+00:00,False,86,85.0,,85.0,293941.57902899996,300027.254293,300027.254309,3488.689003593023,0.039630000000000006,293941.57902899996,31688.821210533024,91.34845225000001,71.59617957647059,19.61393474794658,0.2833075955059432,37,64,,False,False,Request timeout: 300.0s exceeded,364,21.16838264042747
300,2026-09-14T02:20:37.915+00:00,2026-09-14T02:25:32.003+00:00,2026-09-14T02:25:37.967+00:00,False,88,87.0,,87.0,294087.875524,300051.92416399997,300051.92429899995,3409.6809579431815,0.05425,294087.875524,31342.571315640555,89.51887535,68.55228321839081,19.74374174733188,0.2899498153274573,37,64,,False,False,Request timeout: 300.0s exceeded,454,21.16838264042747
301,2026-09-14T02:20:41.205+00:00,2026-09-14T02:25:35.052+00:00,2026-09-14T02:25:41.233+00:00,False,92,91.0,,91.0,293846.752185,300028.383673,300028.38376,3261.178084347826,0.0464,293846.752185,30628.56579997166,88.11442914999999,67.93001635164835,19.77975151748481,0.3033046370012133,37,64,,False,False,Request timeout: 300.0s exceeded,121,21.16838264042747
302,2026-09-14T02:20:44.346+00:00,2026-09-14T02:25:37.973+00:00,2026-09-14T02:25:44.379+00:00,False,95,94.0,,94.0,293627.12737,300032.718154,300032.718253,3158.239139505263,0.028109000000000002,293627.12737,30118.522941679337,87.9197504,68.14458280851063,20.35008049676093,0.3132991647655971,37,64,,False,False,Request timeout: 300.0s exceeded,390,21.16838264042747
303,2026-09-14T02:20:46.633+00:00,2026-09-14T02:25:40.541+00:00,2026-09-14T02:25:46.642+00:00,False,90,89.0,,89.0,293908.119478,300009.35134999995,300009.351356,3333.437237288889,0.02122,293908.119478,30973.41645369034,89.00541494999999,68.5531671011236,20.30335245025942,0.29665741950880026,37,64,,False,False,Request timeout: 300.0s exceeded,457,21.16838264042747
304,2026-09-14T02:20:48.913+00:00,2026-09-14T02:25:42.632+00:00,2026-09-14T02:25:48.991+00:00,False,94,93.0,,93.0,293718.86588,300077.67164,300077.671685,3192.3156562234044,0.03716,293718.86588,30287.742638694006,90.31984565,68.37425548387097,20.75548133137496,0.3099197600798873,37,64,,False,False,Request timeout: 300.0s exceeded,331,21.16838264042747
305,2026-09-14T02:20:52.073+00:00,2026-09-14T02:25:45.936+00:00,2026-09-14T02:25:52.081+00:00,False,90,89.0,,89.0,293862.980779,300007.977387,300007.977373,3333.421970811111,0.0,293862.980779,30968.68150464929,89.60402884999999,69.04490570786517,71.4515309544692,0.2966587781270665,37,64,,False,False,Request timeout: 300.0s exceeded,339,21.16838264042747
306,2026-09-14T02:20:55.159+00:00,2026-09-14T02:25:49.244+00:00,2026-09-14T02:25:55.204+00:00,False,94,93.0,,93.0,294084.449526,300044.491766,300044.491766,3191.9626783617023,0.0,294084.449526,30325.965637487265,88.3427968,64.08647569892473,70.34466391768579,0.30995403199245947,37,64,,False,False,Request timeout: 300.0s exceeded,318,21.16838264042747
307,2026-09-14T02:20:58.288+00:00,2026-09-14T02:25:51.907+00:00,2026-09-14T02:25:58.378+00:00,False,101,100.0,,100.0,293619.12964999996,300090.28689799993,300090.28683099995,2971.190958722772,0.02659,293619.12964999996,29209.763802359153,90.0111,64.71157248,20.99321286821248,0.33323304474026444,37,64,,False,False,Request timeout: 300.0s exceeded,290,21.16838264042747
308,2026-09-14T02:21:02.369+00:00,2026-09-14T02:25:56.199+00:00,2026-09-14T02:26:02.407+00:00,False,91,90.0,,90.0,293829.561956,300037.665636,300037.665614,3297.1172045494504,0.039549999999999995,293829.561956,30794.483062143532,89.3966415,68.97892977777778,20.244977671162083,0.2999623390924068,37,64,,False,False,Request timeout: 300.0s exceeded,398,21.16838264042747
309,2026-09-14T02:21:04.660+00:00,2026-09-14T02:25:58.248+00:00,2026-09-14T02:26:04.695+00:00,False,93,92.0,,92.0,293588.773136,300035.053584,300035.05371199996,3226.1833732473115,0.04219,293588.773136,30436.478472744486,90.14382880000001,70.06826573913044,20.196328716749868,0.30663083830050886,37,64,,False,False,Request timeout: 300.0s exceeded,227,21.16838264042747
310,2026-09-14T02:21:08.668+00:00,2026-09-14T02:26:02.276+00:00,2026-09-14T02:26:08.696+00:00,False,99,98.0,,98.0,293608.55907599995,300028.0363239999,300028.03638899996,3030.5862261515144,0.03555,293608.55907599995,29502.194226905045,89.6669139,65.50486987755102,20.772878752684566,0.32663614107772887,37,64,,False,False,Request timeout: 300.0s exceeded,431,21.16838264042747
311,2026-09-14T02:21:12.185+00:00,2026-09-14T02:26:05.968+00:00,2026-09-14T02:26:12.230+00:00,False,93,92.0,,92.0,293783.44224,300045.399104,300045.399223,3226.2946153010753,0.023170000000000003,293783.44224,30456.872596720386,89.24746200000001,68.06474852173912,20.389949098923772,0.3066202657155609,37,64,,False,False,Request timeout: 300.0s exceeded,494,21.16838264042747
312,2026-09-14T02:21:15.965+00:00,2026-09-14T02:26:09.860+00:00,2026-09-14T02:26:15.994+00:00,False,88,87.0,,87.0,293895.18552600004,300029.02923800005,300029.02908000007,3409.4207850000007,0.03583,293895.18552600004,31321.82256289244,90.17905405000002,70.50395071264369,19.92597099642167,0.28997194111835983,37,64,,False,False,Request timeout: 300.0s exceeded,359,21.16838264042747
313,2026-09-14T02:21:19.114+00:00,2026-09-14T02:26:13.163+00:00,2026-09-14T02:26:19.161+00:00,False,91,90.0,,90.0,294048.588732,300046.12908399996,300046.129004,3297.2102088351644,0.02239,294048.588732,30817.688543318,88.60256799999999,66.63933724444445,20.222364224910624,0.2999538780078842,37,64,,False,False,Request timeout: 300.0s exceeded,359,21.16838264042747
314,2026-09-14T02:21:22.509+00:00,2026-09-14T02:26:16.423+00:00,2026-09-14T02:26:22.549+00:00,False,94,93.0,,93.0,293913.936387,300039.464707,300039.46491000004,3191.9092011702132,0.02131,293913.936387,30308.121626360637,90.21849630000001,65.86589591397849,21.17705287503146,0.3099592251666562,37,64,,False,False,Request timeout: 300.0s exceeded,138,21.16838264042747
315,2026-09-14T02:21:25.077+00:00,2026-09-14T02:26:18.848+00:00,2026-09-14T02:26:25.146+00:00,False,91,90.0,,90.0,293770.834661,300069.206757,300069.206738,3297.4638103076923,0.03606,293770.834661,30788.221808022172,89.93415,69.98191217777779,20.518355214455564,0.29993080920456855,37,64,,False,False,Request timeout: 300.0s exceeded,416,21.16838264042747
316,2026-09-14T02:21:29.017+00:00,2026-09-14T02:26:22.631+00:00,2026-09-14T02:26:29.023+00:00,False,95,94.0,,94.0,293613.465246,300005.58147,300005.58151499997,3157.9534896315786,0.04107,293613.465246,30117.135887376975,89.1093607,68.00123642553191,20.264126756770192,0.3133275039064559,37,64,,False,False,Request timeout: 300.0s exceeded,449,21.16838264042747
317,2026-09-14T02:21:31.494+00:00,2026-09-14T02:26:24.930+00:00,2026-09-14T02:26:31.505+00:00,False,100,99.0,,99.0,293436.073592,300010.695288,300010.695115,3000.10695115,0.02239,293436.073592,29336.97399212373,90.89727095,66.41032016161616,21.31456189896474,0.3299882356026121,37,64,,False,False,Request timeout: 300.0s exceeded,465,21.16838264042747
318,2026-09-14T02:21:34.629+00:00,2026-09-14T02:26:28.377+00:00,2026-09-14T02:26:34.699+00:00,False,94,93.0,,93.0,293748.273182,300070.792478,300070.792648,3192.2424749787233,0.02545,293748.273182,30290.815717661284,88.63033515000001,67.9840784516129,20.314897320798416,0.30992686503075234,37,64,,False,False,Request timeout: 300.0s exceeded,413,21.16838264042747
319,2026-09-14T02:21:38.208+00:00,2026-09-14T02:26:31.801+00:00,2026-09-14T02:26:38.280+00:00,False,97,96.0,,96.0,293592.856432,300072.137328,300072.137437,3093.527190072165,0.030588999999999998,293592.856432,29802.99223968148,90.4750986,67.49250933333333,20.499910677699372,0.319923072014731,37,64,,False,False,Request timeout: 300.0s exceeded,336,21.16838264042747
320,2026-09-14T02:21:41.476+00:00,2026-09-14T02:26:34.950+00:00,2026-09-14T02:26:41.524+00:00,False,100,99.0,,99.0,293474.623213,300048.115949,300048.11586,3000.4811586,0.03807,293474.623213,29340.82948262296,88.989292,66.39891652525253,20.447444400284454,0.32994708094360203,37,64,,False,False,Request timeout: 300.0s exceeded,409,21.16838264042747
321,2026-09-14T02:21:46.363+00:00,2026-09-14T02:26:39.625+00:00,2026-09-14T02:26:46.456+00:00,False,96,95.0,,95.0,293262.695992,300092.855608,300092.855437,3125.9672441354164,0.115569,293262.695992,29923.72228702535,93.15540574999999,71.89641701052632,61.04455899234532,0.3165686827416342,37,64,,False,False,Request timeout: 300.0s exceeded,483,21.16838264042747
322,2026-09-14T02:21:47.626+00:00,2026-09-14T02:26:41.001+00:00,2026-09-14T02:26:47.657+00:00,False,107,106.0,,106.0,293374.456366,300030.68650999997,300030.686579,2804.0251082149534,0.0,293374.456366,28355.57659827296,90.497258,62.794624,62.390646115367424,0.35329719514029456,37,64,,False,False,Request timeout: 300.0s exceeded,526,21.16838264042747
323,2026-09-14T02:21:51.450+00:00,2026-09-14T02:26:45.391+00:00,2026-09-14T02:26:51.471+00:00,False,99,98.0,,98.0,293940.59187400003,300021.09209800005,300021.09208200005,3030.516081636364,0.0,293940.59187400003,29535.973829042392,92.9378869,62.04592065306122,64.00916775814167,0.3266437013301348,37,64,,False,False,Request timeout: 300.0s exceeded,443,21.16838264042747
324,2026-09-14T02:21:54.291+00:00,2026-09-14T02:26:48.093+00:00,2026-09-14T02:26:54.328+00:00,False,93,92.0,,92.0,293801.51566900004,300037.07586100005,300037.07592900004,3226.2051175161296,0.023010000000000003,293801.51566900004,30458.77642316766,87.65491700000001,67.77782817391305,20.310166685265898,0.30662877158095414,37,64,,False,False,Request timeout: 300.0s exceeded,438,21.16838264042747
325,2026-09-14T02:21:57.670+00:00,2026-09-14T02:26:51.424+00:00,2026-09-14T02:26:57.710+00:00,False,94,93.0,,93.0,293754.207291,300039.916091,300039.91585499997,3191.9139984574467,0.02865,293754.207291,30291.468243840663,88.38750734999999,67.58826666666667,19.771632316293207,0.30995875885991697,37,64,,False,False,Request timeout: 300.0s exceeded,424,21.16838264042747
326,2026-09-14T02:22:00.554+00:00,2026-09-14T02:26:54.410+00:00,2026-09-14T02:27:00.604+00:00,False,91,90.0,,90.0,293855.643718,300049.89703,300049.896975,3297.25161510989,0.05137,293855.643718,30797.232853726655,87.59028500000001,68.82503679999999,19.537614180564656,0.29995011126766524,37,64,,False,False,Request timeout: 300.0s exceeded,348,21.16838264042747
327,2026-09-14T02:22:03.300+00:00,2026-09-14T02:26:57.233+00:00,2026-09-14T02:27:03.369+00:00,False,88,87.0,,87.0,293933.259564,300069.29489200003,300069.294794,3409.8783499318183,0.02186,293933.259564,31325.87839539006,89.24895350000001,70.52914170114941,19.625783060188937,0.28993303040656915,37,64,,False,False,Request timeout: 300.0s exceeded,428,21.16838264042747
328,2026-09-14T02:22:06.260+00:00,2026-09-14T02:27:00.223+00:00,2026-09-14T02:27:06.302+00:00,False,89,88.0,,88.0,293963.28005299997,300042.235573,300042.23545399995,3371.2610725168533,0.022920000000000003,293963.28005299997,31152.729229107324,87.3982494,69.07904,19.809921691847006,0.2932920421418127,37,64,,False,False,Request timeout: 300.0s exceeded,191,21.16838264042747
329,2026-09-14T02:22:09.643+00:00,2026-09-14T02:27:03.701+00:00,2026-09-14T02:27:09.688+00:00,False,91,90.0,,90.0,294058.292502,300044.77263,300044.772729,3297.1953047142856,0.036969999999999996,294058.292502,30818.718753634377,89.2125915,66.51644586666667,20.37091095653645,0.29995523405096425,37,64,,False,False,Request timeout: 300.0s exceeded,451,21.16838264042747
330,2026-09-14T02:22:13.377+00:00,2026-09-14T02:27:07.312+00:00,2026-09-14T02:27:13.393+00:00,False,94,93.0,,93.0,293934.704716,300015.978316,300015.978462,3191.6593453404257,0.036340000000000004,293934.704716,30310.312319518154,88.91533565,65.39003870967743,20.475465273374226,0.30998348995280917,37,64,,False,False,Request timeout: 300.0s exceeded,311,21.16838264042747
331,2026-09-14T02:22:17.493+00:00,2026-09-14T02:27:11.606+00:00,2026-09-14T02:27:17.504+00:00,False,91,90.0,,90.0,294113.85142799997,300011.26608399994,300011.266082,3296.8270998021976,0.02175,294113.85142799997,30824.646931331376,88.06511450000002,65.52682951111112,20.79629172658927,0.2999887343390663,37,64,,False,False,Request timeout: 300.0s exceeded,289,21.16838264042747
332,2026-09-14T02:22:21.323+00:00,2026-09-14T02:27:15.383+00:00,2026-09-14T02:27:21.378+00:00,False,90,89.0,,89.0,294060.20094300003,300054.69668700005,300054.69676200004,3333.9410751333335,0.05129,294060.20094300003,30989.57366813759,89.53890344999999,67.35388476404493,20.316517630482704,0.2966125875804561,37,64,,False,False,Request timeout: 300.0s exceeded,429,21.16838264042747
333,2026-09-14T02:22:23.828+00:00,2026-09-14T02:27:17.762+00:00,2026-09-14T02:27:23.878+00:00,False,89,88.0,,88.0,293933.830431,300049.63971099997,300049.63963399996,3371.3442655505614,0.03885,293933.830431,31149.56306391943,88.2425678,69.49783272727274,19.617908564971223,0.2932848047568373,37,64,,False,False,Request timeout: 300.0s exceeded,471,21.16838264042747
334,2026-09-14T02:22:26.719+00:00,2026-09-14T02:27:20.923+00:00,2026-09-14T02:27:26.768+00:00,False,82,81.0,,81.0,294203.627143,300048.31117500004,300048.311209,3659.1257464512196,0.027149999999999997,294203.627143,32481.3923499334,89.38932210000002,72.15659298765434,18.47715128184885,0.2699565269432815,37,64,,False,False,Request timeout: 300.0s exceeded,303,21.16838264042747
335,2026-09-14T02:22:29.364+00:00,2026-09-14T02:27:22.901+00:00,2026-09-14T02:27:29.436+00:00,False,96,95.0,,95.0,293537.048022,300072.13743,300072.13747,3125.7514319791667,0.02106,293537.048022,29951.98504301473,87.40422999999998,68.79041482105262,19.722012175373663,0.3165905399069627,37,64,,False,False,Request timeout: 300.0s exceeded,593,21.16838264042747
336,2026-09-14T02:22:31.993+00:00,2026-09-14T02:27:25.841+00:00,2026-09-14T02:27:32.071+00:00,False,95,94.0,,94.0,293847.76333700004,300077.17312900006,300077.17311100004,3158.707085378948,0.02723,293847.76333700004,30141.3515205448,86.07549099999999,66.27031693617022,19.61162966345077,0.3132527510167872,37,64,,False,False,Request timeout: 300.0s exceeded,413,21.16838264042747
337,2026-09-14T02:22:35.481+00:00,2026-09-14T02:27:29.436+00:00,2026-09-14T02:27:35.559+00:00,False,94,93.0,,93.0,293954.675163,300077.30556300003,300077.305652,3192.311762255319,0.036899999999999995,293954.675163,30312.325613269266,87.23492185,65.83473548387097,19.504849999006247,0.3099201381641139,37,64,,False,False,Request timeout: 300.0s exceeded,495,21.16838264042747
338,2026-09-14T02:22:37.823+00:00,2026-09-14T02:27:31.364+00:00,2026-09-14T02:27:37.907+00:00,False,101,100.0,,100.0,293541.514326,300084.496726,300084.496697,2971.1336306633666,0.02184,293541.514326,29201.968672359846,87.11782600000001,65.429824,20.05933610980409,0.33323947451809754,37,64,,False,False,Request timeout: 300.0s exceeded,331,21.16838264042747
339,2026-09-14T02:22:41.142+00:00,2026-09-14T02:27:35.022+00:00,2026-09-14T02:27:41.180+00:00,False,89,88.0,,88.0,293879.661573,300038.36006900005,300038.359986,3371.2175279325843,0.040240000000000005,293879.661573,31143.769589517164,90.15066399999999,69.98521018181819,19.736109797567586,0.29329583050568125,37,64,,False,False,Request timeout: 300.0s exceeded,458,21.16838264042747
340,2026-09-14T02:22:44.421+00:00,2026-09-14T02:27:38.119+00:00,2026-09-14T02:27:44.498+00:00,False,97,96.0,,96.0,293698.74281699996,300077.488417,300077.48853499995,3093.5823560309273,0.0,293698.74281699996,29813.91989834025,90.02893919999998,66.44526666666667,68.19058740215648,0.3199173670321929,37,64,,False,False,Request timeout: 300.0s exceeded,376,21.16838264042747
341,2026-09-14T02:22:48.421+00:00,2026-09-14T02:27:42.584+00:00,2026-09-14T02:27:48.443+00:00,False,90,89.0,,89.0,294163.340607,300022.322239,300022.322053,3333.5813561444443,0.02428,294163.340607,31000.606191038645,91.1767834,65.83125429213483,20.54731367722453,0.2966445940949085,37,64,,False,False,Request timeout: 300.0s exceeded,461,21.16838264042747
342,2026-09-14T02:22:51.414+00:00,2026-09-14T02:27:45.128+00:00,2026-09-14T02:27:51.472+00:00,False,93,92.0,,92.0,293714.394236,300057.48774,300057.48749900004,3226.424596763441,0.041459,293714.394236,30449.62101237779,88.73981260000001,68.94666852173913,20.099432077707938,0.306607912680113,37,64,,False,False,Request timeout: 300.0s exceeded,352,21.16838264042747
343,2026-09-14T02:22:54.801+00:00,2026-09-14T02:27:48.443+00:00,2026-09-14T02:27:54.863+00:00,False,92,91.0,,91.0,293642.02408,300062.60008,300062.600181,3261.5500019673914,0.02224,293642.02408,30606.94771243822,89.53936405,70.55578021978022,19.847305473656363,0.30327005090183984,37,64,,False,False,Request timeout: 300.0s exceeded,354,21.16838264042747
344,2026-09-14T02:22:57.231+00:00,2026-09-14T02:27:50.850+00:00,2026-09-14T02:27:57.271+00:00,False,95,94.0,,94.0,293619.354089,300040.69450499996,300040.694477,3158.3230997578944,0.028,293619.354089,30117.70821312575,87.96563,68.31213208510638,20.324838295012263,0.3132908359483668,37,64,,False,False,Request timeout: 300.0s exceeded,479,21.16838264042747
345,2026-09-14T02:23:00.747+00:00,2026-09-14T02:27:54.485+00:00,2026-09-14T02:28:00.758+00:00,False,95,94.0,,94.0,293738.645388,300010.894476,300010.894662,3158.0094174947367,0.02938,293738.645388,30130.109881468,88.13337670000001,66.72605412765958,20.195796641458248,0.3133219550716007,37,64,,False,False,Request timeout: 300.0s exceeded,311,21.16838264042747
346,2026-09-14T02:23:03.382+00:00,2026-09-14T02:27:57.185+00:00,2026-09-14T02:28:03.413+00:00,False,94,93.0,,93.0,293803.471093,300031.55147699994,300031.55163899995,3191.82501743617,0.0258,293803.471093,30296.613549857313,88.8489136,66.9686062795699,20.111399173143447,0.3099674002356691,37,64,,False,False,Request timeout: 300.0s exceeded,446,21.16838264042747
347,2026-09-14T02:23:06.647+00:00,2026-09-14T02:28:00.250+00:00,2026-09-14T02:28:06.700+00:00,False,97,96.0,,96.0,293603.72271600005,300053.75458800007,300053.754704,3093.337677360825,0.03565,293603.72271600005,29804.126453948153,90.2277798,67.187832,20.463557969694065,0.31994267204493526,37,64,,False,False,Request timeout: 300.0s exceeded,226,21.16838264042747
348,2026-09-14T02:23:09.117+00:00,2026-09-14T02:28:03.087+00:00,2026-09-14T02:28:09.140+00:00,False,88,87.0,,87.0,293970.28898400004,300022.783064,300022.78302100004,3409.3498070568185,0.02402,293970.28898400004,31329.928648270485,91.01589135,69.56889747126436,20.48224427233919,0.2899779780438921,37,64,,False,False,Request timeout: 300.0s exceeded,324,21.16838264042747
349,2026-09-14T02:23:11.758+00:00,2026-09-14T02:28:05.593+00:00,2026-09-14T02:28:11.785+00:00,False,92,91.0,,91.0,293835.01756,300026.65788,300026.657994,3261.159326021739,0.01847,293835.01756,30627.332254160963,91.7079556,68.04000351648351,21.777092510006323,0.3033063816495825,37,64,,False,False,Request timeout: 300.0s exceeded,526,21.16838264042747
350,2026-09-14T02:23:13.991+00:00,2026-09-14T02:28:07.816+00:00,2026-09-14T02:28:14.654+00:00,False,62,61.0,,61.0,293825.380562,300663.21300999995,300663.213021,4849.406661629032,0.038509999999999996,293825.380562,37303.129933270786,93.19606660000001,112.09561390163934,337.9128570346784,0.20288481383976684,37,64,,False,False,Request timeout: 300.0s exceeded,245,21.16838264042747
351,2026-09-14T02:23:17.442+00:00,2026-09-14T02:28:11.315+00:00,2026-09-14T02:28:17.501+00:00,False,104,103.0,,103.0,293872.508374,300058.136278,300058.13612200005,2885.1743857884617,0.01524,293872.508374,28811.869545509824,90.65668380000001,60.054639844660194,262.9311738712255,0.34326681248387086,37,64,,False,False,Request timeout: 300.0s exceeded,449,21.16838264042747
352,2026-09-14T02:23:21.293+00:00,2026-09-14T02:28:15.913+00:00,2026-09-14T02:28:21.360+00:00,False,79,78.0,,78.0,294619.626308,300067.01498,300067.015228,3798.3166484556964,0.052589,294619.626308,33139.44636279071,88.4558195,69.83831630769231,20.227717624197393,0.259941933321791,37,64,,False,False,Request timeout: 300.0s exceeded,386,21.16838264042747
353,2026-09-14T02:23:24.977+00:00,2026-09-14T02:28:18.342+00:00,2026-09-14T02:28:25.002+00:00,False,95,94.0,,94.0,293364.261314,300024.683714,300024.683754,3158.154565831579,0.02894,293364.261314,30091.27477588104,90.6415127,70.85555744680852,19.52074746889225,0.3133075546864203,37,64,,False,False,Request timeout: 300.0s exceeded,401,21.16838264042747
354,2026-09-14T02:23:28.221+00:00,2026-09-14T02:28:21.663+00:00,2026-09-14T02:28:28.294+00:00,False,97,96.0,,96.0,293441.14852499997,300072.13527699996,300072.13539699995,3093.527169041237,0.021219000000000002,293441.14852499997,29787.4281007995,89.29610720000001,69.07277866666666,20.372773030745932,0.31992307420141264,37,64,,False,False,Request timeout: 300.0s exceeded,369,21.16838264042747
355,2026-09-14T02:23:31.926+00:00,2026-09-14T02:28:25.345+00:00,2026-09-14T02:28:31.998+00:00,False,101,100.0,,100.0,293418.719218,300071.594738,300071.59463400004,2971.005887465347,0.01795,293418.719218,29189.64116178906,89.335432,66.5287552,20.644837051740005,0.3332538026043835,37,64,,False,False,Request timeout: 300.0s exceeded,469,21.16838264042747
356,2026-09-14T02:23:34.444+00:00,2026-09-14T02:28:28.374+00:00,2026-09-14T02:28:34.479+00:00,False,89,88.0,,88.0,293929.751383,300035.290455,300035.290574,3371.1830401573034,0.02969,293929.751383,31149.143918648777,89.19530800000001,69.38112581818181,20.956956120606296,0.29329883116932354,37,64,,False,False,Request timeout: 300.0s exceeded,399,21.16838264042747
357,2026-09-14T02:23:36.985+00:00,2026-09-14T02:28:30.789+00:00,2026-09-14T02:28:37.061+00:00,False,89,88.0,,88.0,293804.62581,300076.19317,300076.193121,3371.6426193370785,0.02603,293804.62581,31135.679997802843,91.2982554,71.26781090909091,19.953674324799714,0.2932588522613855,37,64,,False,False,Request timeout: 300.0s exceeded,313,21.16838264042747
358,2026-09-14T02:23:40.316+00:00,2026-09-14T02:28:34.348+00:00,2026-09-14T02:28:40.342+00:00,False,92,91.0,,91.0,294031.17970700003,300025.865659,300025.865522,3261.1507121956524,0.0,294031.17970700003,30648.07490748078,90.05289199999999,65.8756698021978,67.42195382063217,0.3033071825328145,37,64,,False,False,Request timeout: 300.0s exceeded,393,21.16838264042747
359,2026-09-14T02:23:42.984+00:00,2026-09-14T02:28:36.797+00:00,2026-09-14T02:28:43.016+00:00,False,96,95.0,,95.0,293813.21664,300032.22848,300032.228492,3125.3357134583334,0.0,293813.21664,29980.577604497088,89.6748285,65.46328252631578,66.5432206180324,0.31663265136975993,37,64,,False,False,Request timeout: 300.0s exceeded,510,21.16838264042747
360,2026-09-14T02:23:46.833+00:00,2026-09-14T02:28:40.121+00:00,2026-09-14T02:28:46.881+00:00,False,101,100.0,,100.0,293287.883304,300048.08068,300048.080503,2970.773074287129,0.0455,293287.883304,29176.515388638738,88.393163,67.60197376,20.17230554241314,0.3332799189162272,37,64,,False,False,Request timeout: 300.0s exceeded,373,21.16838264042747
361,2026-09-14T02:23:50.415+00:00,2026-09-14T02:28:44.201+00:00,2026-09-14T02:28:50.451+00:00,False,93,92.0,,92.0,293785.358358,300035.636502,300035.636334,3226.189638,0.04108,293785.358358,30457.084143438544,88.44529159999998,67.93780591304349,19.917712236051187,0.3066302425691581,37,64,,False,False,Request timeout: 300.0s exceeded,355,21.16838264042747
362,2026-09-14T02:23:53.706+00:00,2026-09-14T02:28:47.728+00:00,2026-09-14T02:28:53.726+00:00,False,90,89.0,,89.0,294021.740903,300020.597607,300020.59781,3333.562197888889,0.039369999999999995,294021.740903,30985.51466881809,89.7075864,67.40288431460674,20.636598677156222,0.296646299320362,37,64,,False,False,Request timeout: 300.0s exceeded,461,21.16838264042747
363,2026-09-14T02:23:57.593+00:00,2026-09-14T02:28:51.438+00:00,2026-09-14T02:28:57.608+00:00,False,93,92.0,,92.0,293845.179801,300015.016601,300015.01667599997,3225.9679212473116,0.049479999999999996,293845.179801,30463.37872388183,90.18455559999998,67.06344347826087,21.00187409678364,0.3066513171317484,37,64,,False,False,Request timeout: 300.0s exceeded,428,21.16838264042747
364,2026-09-14T02:24:00.479+00:00,2026-09-14T02:28:54.297+00:00,2026-09-14T02:29:00.501+00:00,False,92,91.0,,91.0,293818.400541,300022.440989,300022.44107400003,3261.1134899347826,0.04249,293818.400541,30625.585204779363,90.21964055000001,68.17626865934066,21.201776162298792,0.3033106446971959,37,64,,False,False,Request timeout: 300.0s exceeded,352,21.16838264042747
365,2026-09-14T02:24:03.843+00:00,2026-09-14T02:28:57.611+00:00,2026-09-14T02:29:03.863+00:00,False,92,91.0,,91.0,293767.964059,300020.30095500004,300020.301021,3261.090228489131,0.01841,293767.964059,30620.271423913055,91.33946805,68.70699885714285,21.080276250961564,0.30331280820109924,37,64,,False,False,Request timeout: 300.0s exceeded,480,21.16838264042747
366,2026-09-14T02:24:07.377+00:00,2026-09-14T02:29:00.586+00:00,2026-09-14T02:29:07.460+00:00,False,99,98.0,,98.0,293209.045072,300082.340688,300082.340683,3031.1347543737375,0.04303,293209.045072,29461.576443065027,91.53290290000001,70.13566955102041,21.180331368296795,0.32657703140849603,37,64,,False,False,Request timeout: 300.0s exceeded,525,21.16838264042747
367,2026-09-14T02:24:09.797+00:00,2026-09-14T02:29:03.595+00:00,2026-09-14T02:29:09.834+00:00,False,91,90.0,,90.0,293798.79791,300037.368406,300037.36832,3297.1139375824177,0.0211,293798.79791,30791.222946311926,90.08833499999999,69.31744995555556,20.728687750371968,0.29996263624807945,37,64,,False,False,Request timeout: 300.0s exceeded,459,21.16838264042747
368,2026-09-14T02:24:13.502+00:00,2026-09-14T02:29:07.159+00:00,2026-09-14T02:29:13.537+00:00,False,96,95.0,,95.0,293657.068012,300035.178988,300035.179128,3125.36644925,0.02017,293657.068012,29964.40333488465,88.060329,67.1380102736842,19.962951539977556,0.31662953764431584,37,64,,False,False,Request timeout: 300.0s exceeded,361,21.16838264042747
369,2026-09-14T02:24:17.504+00:00,2026-09-14T02:29:11.282+00:00,2026-09-14T02:29:17.584+00:00,False,97,96.0,,96.0,293777.307771,300080.035195,300080.03514600004,3093.6086097525776,0.03701,293777.307771,29821.906817081017,86.4258316,65.65341066666666,19.98407633082744,0.3199146518948408,37,64,,False,False,Request timeout: 300.0s exceeded,604,21.16838264042747
370,2026-09-14T02:24:20.869+00:00,2026-09-14T02:29:14.871+00:00,2026-09-14T02:29:20.907+00:00,False,91,90.0,,90.0,294002.159618,300038.08845,300038.08825699997,3297.1218489780217,0.15052000000000001,294002.159618,30812.776721449012,88.4696035,67.0658759111111,20.19765729867672,0.2999619163851529,37,64,,False,False,Request timeout: 300.0s exceeded,385,21.16838264042747
371,2026-09-14T02:24:23.212+00:00,2026-09-14T02:29:16.949+00:00,2026-09-14T02:29:23.244+00:00,False,91,90.0,,90.0,293736.8041,300031.206404,300031.206513,3297.0462254175827,0.01724,293736.8041,30784.658779508703,90.7784685,69.93780337777778,20.087647683694094,0.29996879684179456,37,64,,False,False,Request timeout: 300.0s exceeded,447,21.16838264042747
372,2026-09-14T02:24:25.535+00:00,2026-09-14T02:29:19.442+00:00,2026-09-14T02:29:25.581+00:00,False,87,86.0,,86.0,293906.783083,300045.678699,300045.678844,3448.8009062528736,0.03588,293906.783083,31502.467770260188,89.56677899999998,71.3825071627907,19.810908843102496,0.28662302477708246,37,64,,False,False,Request timeout: 300.0s exceeded,187,21.16838264042747
373,2026-09-14T02:24:28.992+00:00,2026-09-14T02:29:22.728+00:00,2026-09-14T02:29:28.998+00:00,False,89,88.0,,88.0,293736.28065499995,300006.0534549999,300006.053599,3370.854534820224,0.03473,293736.28065499995,31128.43746369291,89.607605,71.24741818181819,19.755417710760728,0.2933274145189866,37,64,,False,False,Request timeout: 300.0s exceeded,337,21.16838264042747
374,2026-09-14T02:24:32.786+00:00,2026-09-14T02:29:26.551+00:00,2026-09-14T02:29:33.063+00:00,False,90,89.0,,89.0,293765.091747,300276.458915,300276.459071,3336.405100788889,0.027559999999999998,293765.091747,30957.911286192564,89.16316985000002,73.16142885393259,63.1139879031373,0.2963935312198198,37,64,,False,False,Request timeout: 300.0s exceeded,343,21.16838264042747
375,2026-09-14T02:24:36.326+00:00,2026-09-14T02:29:29.970+00:00,2026-09-14T02:29:36.408+00:00,False,104,103.0,,103.0,293643.713836,300081.798444,300081.798325,2885.401906971154,0.0,293643.713836,28788.073541185655,89.82534725,62.50567580582524,62.68947698198501,0.34323974507644595,37,64,,False,False,Request timeout: 300.0s exceeded,408,21.16838264042747
376,2026-09-14T02:24:40.075+00:00,2026-09-14T02:29:33.592+00:00,2026-09-14T02:29:40.084+00:00,False,101,100.0,,100.0,293516.696817,300008.62385699997,300008.62377299997,2970.3824135940595,0.01695,293516.696817,29199.550395447706,89.521231,64.9192704,20.574599096534783,0.3333237515454399,37,64,,False,False,Request timeout: 300.0s exceeded,438,21.16838264042747
377,2026-09-14T02:24:43.226+00:00,2026-09-14T02:29:36.786+00:00,2026-09-14T02:29:43.241+00:00,False,97,96.0,,96.0,293560.17155800003,300014.865958,300014.865952,3092.936762391753,0.02247,293560.17155800003,29799.7000817425,90.490893,67.2364,21.19803565591388,0.3199841437638604,37,64,,False,False,Request timeout: 300.0s exceeded,415,21.16838264042747
378,2026-09-14T02:24:47.542+00:00,2026-09-14T02:29:39.908+00:00,2026-09-14T02:29:47.686+00:00,False,121,120.0,,120.0,292365.28642400005,300143.73967200005,300143.73985400004,2480.526775652893,0.036719999999999996,292365.28642400005,26572.7774758298,89.602171,64.82044373333333,20.499710738338234,0.39980843888710504,37,64,,False,False,Request timeout: 300.0s exceeded,407,21.16838264042747
379,2026-09-14T02:24:49.888+00:00,2026-09-14T02:29:43.320+00:00,2026-09-14T02:29:49.931+00:00,False,104,103.0,,103.0,293431.869475,300042.839843,300042.83984900004,2885.027306240385,0.02558,293431.869475,28767.076271831,90.71526615,64.18417833009708,21.51088777814665,0.3432843125131586,37,64,,False,False,Request timeout: 300.0s exceeded,540,21.16838264042747
380,2026-09-14T02:24:52.602+00:00,2026-09-14T02:29:46.186+00:00,2026-09-14T02:29:52.647+00:00,False,102,101.0,,101.0,293584.24376499996,300045.000501,300045.00053599995,2941.617652313725,0.02115,293584.24376499996,29062.84566976859,89.065318,63.96788847524753,21.223332914656716,0.33661617367846597,37,64,,False,False,Request timeout: 300.0s exceeded,515,21.16838264042747
381,2026-09-14T02:24:56.253+00:00,2026-09-14T02:29:49.757+00:00,2026-09-14T02:29:56.341+00:00,False,94,93.0,,93.0,293503.633018,300087.836282,300087.836319,3192.4237906276594,0.045700000000000005,293503.633018,30265.29273744401,89.65543980000001,70.79788455913979,20.227644070521002,0.3099092624087755,37,64,,False,False,Request timeout: 300.0s exceeded,311,21.16838264042747
382,2026-09-14T02:24:59.141+00:00,2026-09-14T02:29:52.858+00:00,2026-09-14T02:29:59.180+00:00,False,93,92.0,,92.0,293716.340801,300038.954561,300038.954524,3226.2253174623656,0.04228,293716.340801,30449.846229438983,89.60723060000001,68.72406260869566,20.53100747405274,0.3066268516186813,37,64,,False,False,Request timeout: 300.0s exceeded,158,21.16838264042747
383,2026-09-14T02:25:02.061+00:00,2026-09-14T02:29:55.846+00:00,2026-09-14T02:30:02.127+00:00,False,91,90.0,,90.0,293785.22029699996,300066.623177,300066.62309699995,3297.435418648351,0.02432,293785.22029699996,30789.749602972377,89.20687649999999,69.79336533333333,20.527033334794577,0.2999333916152074,37,64,,False,False,Request timeout: 300.0s exceeded,476,21.16838264042747
384,2026-09-14T02:25:05.269+00:00,2026-09-14T02:29:59.257+00:00,2026-09-14T02:30:05.305+00:00,False,88,87.0,,87.0,293987.468923,300035.785339,300035.78549499996,3409.497562443182,0.03796,293987.468923,31331.764513189537,88.4157935,69.5208783448276,19.46513325900417,0.2899654116314883,37,64,,False,False,Request timeout: 300.0s exceeded,391,21.16838264042747
385,2026-09-14T02:25:08.465+00:00,2026-09-14T02:30:02.045+00:00,2026-09-14T02:30:08.518+00:00,False,96,95.0,,95.0,293580.164575,300053.184991,300053.18492,3125.5540095833335,0.04586,293580.164575,29956.45301563827,89.00344424999999,68.13705701052632,20.80613391039964,0.31661053690481405,37,64,,False,False,Request timeout: 300.0s exceeded,423,21.16838264042747
386,2026-09-14T02:25:10.958+00:00,2026-09-14T02:30:04.747+00:00,2026-09-14T02:30:10.965+00:00,False,92,91.0,,91.0,293789.16140499996,300007.056061,300007.05605899997,3260.946261510869,0.038259999999999995,293789.16140499996,30622.520810844122,90.85728149999998,68.32851270329671,21.008734902382358,0.3033261990394556,37,64,,False,False,Request timeout: 300.0s exceeded,411,21.16838264042747
387,2026-09-14T02:25:14.791+00:00,2026-09-14T02:30:08.686+00:00,2026-09-14T02:30:14.821+00:00,False,93,92.0,,92.0,293895.34228399995,300030.66286,300030.66290199995,3226.1361602365587,0.02463,293895.34228399995,30468.618445739707,87.21944359999999,66.68826713043478,19.812273182809257,0.3066353256131322,37,64,,False,False,Request timeout: 300.0s exceeded,310,21.16838264042747
388,2026-09-14T02:25:17.663+00:00,2026-09-14T02:30:11.174+00:00,2026-09-14T02:30:17.699+00:00,False,100,99.0,,99.0,293510.993527,300036.496247,300036.496242,3000.36496242,0.01957,293510.993527,29344.514578813832,87.41246439999999,65.9141688888889,19.845643998542965,0.32995985901161806,37,64,,False,False,Request timeout: 300.0s exceeded,454,21.16838264042747
389,2026-09-14T02:25:19.972+00:00,2026-09-14T02:30:13.539+00:00,2026-09-14T02:30:19.989+00:00,False,98,97.0,,97.0,293566.128313,300016.52037700004,300016.520387,3061.3930651734695,0.0442,293566.128313,29647.9463268258,88.48293935,66.49888725773197,19.85205460617408,0.3233155290185688,37,64,,False,False,Request timeout: 300.0s exceeded,325,21.16838264042747
390,2026-09-14T02:25:23.497+00:00,2026-09-14T02:30:17.160+00:00,2026-09-14T02:30:23.570+00:00,False,94,93.0,,93.0,293663.012071,300073.464039,300073.463889,3192.2708924361705,0.03718,293663.012071,30281.924010772465,89.34330115,68.92959105376343,20.04961130811261,0.30992410574469514,37,64,,False,False,Request timeout: 300.0s exceeded,471,21.16838264042747
391,2026-09-14T02:25:26.361+00:00,2026-09-14T02:30:19.906+00:00,2026-09-14T02:30:26.404+00:00,False,93,92.0,,92.0,293544.52190399996,300042.210224,300042.210177,3226.2603244838706,0.01685,293544.52190399996,30431.832113968798,91.1753552,70.62704695652174,20.531604159908913,0.3066235245078229,37,64,,False,False,Request timeout: 300.0s exceeded,447,21.16838264042747
392,2026-09-14T02:25:30.405+00:00,2026-09-14T02:30:24.314+00:00,2026-09-14T02:30:30.492+00:00,False,98,97.0,,97.0,293909.46121499996,300087.25756699994,300087.25753299997,3062.114872785714,0.0,293909.46121499996,29682.977553587963,92.8829294,63.68862218556701,65.74752568423229,0.3232393164123038,37,64,,False,False,Request timeout: 300.0s exceeded,439,21.16838264042747
393,2026-09-14T02:25:34.232+00:00,2026-09-14T02:30:28.313+00:00,2026-09-14T02:30:34.325+00:00,False,94,93.0,,93.0,294081.092365,300092.727565,300092.727505,3192.4758245212765,0.02816,294081.092365,30325.488869587465,92.34075209999999,64.64123870967742,21.336638864484797,0.30990421112373084,37,64,,False,False,Request timeout: 300.0s exceeded,471,21.16838264042747
394,2026-09-14T02:25:38.312+00:00,2026-09-14T02:30:31.931+00:00,2026-09-14T02:30:38.368+00:00,False,94,93.0,,93.0,293618.594235,300055.84223500005,300055.84222600004,3192.0834279361707,0.027059999999999997,293618.594235,30277.31336747261,90.02192814999998,69.21772043010753,20.68690494916437,0.30994230709616893,37,64,,False,False,Request timeout: 300.0s exceeded,182,21.16838264042747
395,2026-09-14T02:25:42.377+00:00,2026-09-14T02:30:35.934+00:00,2026-09-14T02:30:42.442+00:00,False,99,98.0,,98.0,293556.767029,300065.34072499996,300065.34057,3030.9630360606056,0.02163,293556.767029,29496.897228284448,89.4748769,66.41401730612245,20.292707735963855,0.3265955333702262,37,64,,False,False,Request timeout: 300.0s exceeded,479,21.16838264042747
396,2026-09-14T02:25:46.045+00:00,2026-09-14T02:30:39.655+00:00,2026-09-14T02:30:46.096+00:00,False,98,97.0,,97.0,293609.76186900004,300051.07566100004,300051.07561100007,3061.7456695000005,0.01803,293609.76186900004,29652.363467940624,87.8655494,66.40529682474227,19.902113428735202,0.3232782944914063,37,64,,False,False,Request timeout: 300.0s exceeded,474,21.16838264042747
397,2026-09-14T02:25:49.371+00:00,2026-09-14T02:30:42.941+00:00,2026-09-14T02:30:49.399+00:00,False,96,95.0,,95.0,293569.633005,300028.215277,300028.215311,3125.2939094895833,0.026940000000000002,293569.633005,29955.393568656673,88.79782275000001,67.98507654736842,20.682522186776357,0.3166368866751135,37,64,,False,False,Request timeout: 300.0s exceeded,441,21.16838264042747
398,2026-09-14T02:25:51.796+00:00,2026-09-14T02:30:45.509+00:00,2026-09-14T02:30:51.835+00:00,False,94,93.0,,93.0,293712.84560500004,300039.10582900007,300039.10574100004,3191.905380223405,0.033,293712.84560500004,30287.157685196416,89.3097558,68.02430348387097,20.600576133848712,0.3099595959101514,37,64,,False,False,Request timeout: 300.0s exceeded,375,21.16838264042747
399,2026-09-14T02:25:55.512+00:00,2026-09-14T02:30:49.099+00:00,2026-09-14T02:30:55.555+00:00,False,98,97.0,,97.0,293587.09107599995,300042.9175079999,300042.91744799993,3061.662422938775,0.03592,293587.09107599995,29650.058601910165,88.51866619999998,66.5549116701031,20.411539754453013,0.3232870844132281,37,64,,False,False,Request timeout: 300.0s exceeded,417,21.16838264042747
400,2026-09-14T02:25:58.204+00:00,2026-09-14T02:30:52.144+00:00,2026-09-14T02:30:58.280+00:00,False,91,90.0,,90.0,293940.45853299997,300075.79549299995,300075.795421,3297.536213417582,0.022969999999999997,293940.45853299997,30806.193160735293,89.49359150000001,68.17041066666667,20.588595091917647,0.29992422365201893,37,64,,False,False,Request timeout: 300.0s exceeded,401,21.16838264042747
401,2026-09-14T02:26:00.695+00:00,2026-09-14T02:30:53.944+00:00,2026-09-14T02:31:00.704+00:00,False,97,96.0,,96.0,293249.23462400003,300008.73004800006,300008.73002500006,3092.8735054123713,0.01774,293249.23462400003,29767.805599384665,88.4265378,70.41141066666667,19.336033146363967,0.3199906882197742,37,64,,False,False,Request timeout: 300.0s exceeded,431,21.16838264042747
402,2026-09-14T02:26:04.678+00:00,2026-09-14T02:30:58.282+00:00,2026-09-14T02:31:04.743+00:00,False,95,94.0,,94.0,293603.85672000004,300064.27784000005,300064.27774200006,3158.571344652632,0.02076,293603.85672000004,30116.075500907533,87.89291000000001,68.72788425531915,20.233432888097813,0.31326621308159375,37,64,,False,False,Request timeout: 300.0s exceeded,487,21.16838264042747
403,2026-09-14T02:26:07.695+00:00,2026-09-14T02:31:01.137+00:00,2026-09-14T02:31:07.744+00:00,False,99,98.0,,98.0,293441.459995,300048.745499,300048.745687,3030.795410979798,0.01723,293441.459995,29485.207082757206,89.0470529,67.42128065306123,20.114028951944224,0.32661359685747,37,64,,False,False,Request timeout: 300.0s exceeded,457,21.16838264042747
404,2026-09-14T02:26:10.745+00:00,2026-09-14T02:31:04.351+00:00,2026-09-14T02:31:10.787+00:00,False,97,96.0,,96.0,293605.704412,300041.900764,300041.900846,3093.2154726391755,0.032350000000000004,293605.704412,29804.342297931795,87.83579259999999,67.043712,20.463658262684433,0.31995531209325806,37,64,,False,False,Request timeout: 300.0s exceeded,461,21.16838264042747
405,2026-09-14T02:26:14.652+00:00,2026-09-14T02:31:08.536+00:00,2026-09-14T02:31:14.692+00:00,False,93,92.0,,92.0,293884.919688,300040.714632,300040.714743,3226.244244548387,0.0208,293884.919688,30467.515332972984,89.1596116,66.91081460869565,20.926805446239882,0.3066250529126956,37,64,,False,False,Request timeout: 300.0s exceeded,448,21.16838264042747
406,2026-09-14T02:26:16.896+00:00,2026-09-14T02:31:10.649+00:00,2026-09-14T02:31:16.921+00:00,False,96,95.0,,95.0,293753.263208,300025.400936,300025.401018,3125.2645939374997,0.04419,293753.263208,29974.33502047859,87.71565975,66.0225024,19.895439229235095,0.3166398568375381,37,64,,False,False,Request timeout: 300.0s exceeded,475,21.16838264042747
407,2026-09-14T02:26:19.833+00:00,2026-09-14T02:31:13.625+00:00,2026-09-14T02:31:19.893+00:00,False,97,96.0,,96.0,293792.519149,300060.576493,300060.576497,3093.4080051237115,0.028390000000000002,293792.519149,29823.487886739906,87.67712680000001,65.292264,19.86265206166936,0.3199353981186514,37,64,,False,False,Request timeout: 300.0s exceeded,141,21.16838264042747
408,2026-09-14T02:26:22.864+00:00,2026-09-14T02:31:16.360+00:00,2026-09-14T02:31:22.889+00:00,False,107,106.0,,106.0,293495.873997,300024.315597,300024.315626,2803.965566598131,0.0,293495.873997,28367.439416718957,89.61622589999999,61.58907169811321,66.1410353349305,0.35330469728454206,37,64,,False,False,Request timeout: 300.0s exceeded,481,21.16838264042747
409,2026-09-14T02:26:26.108+00:00,2026-09-14T02:31:19.890+00:00,2026-09-14T02:31:26.157+00:00,False,95,94.0,,94.0,293782.400036,300049.107492,300049.107417,3158.4116570210526,0.0,293782.400036,30134.678314914272,91.2040061,66.66710059574469,69.78739944425823,0.3132820516805112,37,64,,False,False,Request timeout: 300.0s exceeded,429,21.16838264042747
410,2026-09-14T02:26:28.419+00:00,2026-09-14T02:31:22.889+00:00,2026-09-14T02:31:28.478+00:00,False,79,78.0,,78.0,294470.78824699996,300059.88239099993,300059.88249799993,3798.2263607341765,0.019870000000000002,294470.78824699996,33122.495834677735,90.024597,71.65505312820514,19.30705290006529,0.25994811228500153,37,64,,False,False,Request timeout: 300.0s exceeded,381,21.16838264042747
411,2026-09-14T02:26:31.240+00:00,2026-09-14T02:31:24.853+00:00,2026-09-14T02:31:31.298+00:00,False,92,91.0,,91.0,293613.13217,300058.277514,300058.277445,3261.5030157065216,0.03716,293613.13217,30603.90719194201,88.9472466,70.82577301098901,19.560257943095316,0.30327441973586,37,64,,False,False,Request timeout: 300.0s exceeded,178,21.16838264042747
412,2026-09-14T02:26:34.009+00:00,2026-09-14T02:31:27.664+00:00,2026-09-14T02:31:34.063+00:00,False,92,91.0,,91.0,293655.397795,300054.331555,300054.331567,3261.4601257282607,0.018789999999999998,293655.397795,30608.36646609971,88.9598221,70.31795340659342,19.297863382185543,0.3032784080416439,37,64,,False,False,Request timeout: 300.0s exceeded,275,21.16838264042747
413,2026-09-14T02:26:36.573+00:00,2026-09-14T02:31:30.103+00:00,2026-09-14T02:31:36.631+00:00,False,95,94.0,,94.0,293529.851092,300057.77480400004,300057.77468200005,3158.502891389474,0.03475,293529.851092,30108.40845397793,87.53376200000001,69.4459969361702,19.381307902271022,0.31327300237896355,37,64,,False,False,Request timeout: 300.0s exceeded,465,21.16838264042747
414,2026-09-14T02:26:38.991+00:00,2026-09-14T02:31:32.733+00:00,2026-09-14T02:31:39.082+00:00,False,92,91.0,,91.0,293742.050906,300091.085658,300091.085643,3261.859626554348,0.044819000000000005,293742.050906,30617.458199843295,89.02866600000002,69.76961265934067,19.860271484234875,0.30324126356658426,37,64,,False,False,Request timeout: 300.0s exceeded,353,21.16838264042747
415,2026-09-14T02:26:42.561+00:00,2026-09-14T02:31:36.331+00:00,2026-09-14T02:31:42.589+00:00,False,94,93.0,,93.0,293769.654192,300027.983792,300027.98367,3191.7870603191486,0.019690000000000003,293769.654192,30293.09243267925,89.61348679999999,67.29386666666667,20.677193774219248,0.30997108611200075,37,64,,False,False,Request timeout: 300.0s exceeded,365,21.16838264042747
416,2026-09-14T02:26:46.185+00:00,2026-09-14T02:31:39.955+00:00,2026-09-14T02:31:46.557+00:00,False,103,102.0,,102.0,293769.845355,300372.171883,300372.171849,2916.234678145631,0.032990000000000005,293769.845355,28939.63244899222,88.5106162,64.72869145098039,20.78290497069832,0.33957872781813725,37,64,,False,False,Request timeout: 300.0s exceeded,491,21.16838264042747
417,2026-09-14T02:26:49.618+00:00,2026-09-14T02:31:43.314+00:00,2026-09-14T02:31:49.658+00:00,False,99,98.0,,98.0,293696.471233,300040.34169699997,300040.341653,3030.7105217474746,0.0273,293696.471233,29511.107420290908,89.69706390000002,64.73337208163265,20.991014154952648,0.32662274494730015,37,64,,False,False,Request timeout: 300.0s exceeded,449,21.16838264042747
418,2026-09-14T02:26:52.916+00:00,2026-09-14T02:31:46.770+00:00,2026-09-14T02:31:52.954+00:00,False,95,94.0,,94.0,293853.607617,300037.862337,300037.862492,3158.2932893894736,0.01844,293853.607617,30142.001115499414,90.37635900000001,65.78994382978723,20.669846505431778,0.31329379321607076,37,64,,False,False,Request timeout: 300.0s exceeded,500,21.16838264042747
419,2026-09-14T02:26:55.877+00:00,2026-09-14T02:31:49.227+00:00,2026-09-14T02:31:55.950+00:00,False,102,101.0,,101.0,293349.834144,300073.605792,300073.60578000004,2941.898095882353,0.01862,293349.834144,29039.377041834086,89.20061655,66.57199651485149,20.119401664488166,0.3365840848728611,37,64,,False,False,Request timeout: 300.0s exceeded,422,21.16838264042747
420,2026-09-14T02:26:58.708+00:00,2026-09-14T02:31:52.459+00:00,2026-09-14T02:31:58.776+00:00,False,95,94.0,,94.0,293751.41743800003,300068.90505400003,300068.90500200004,3158.620052652632,0.05057,293751.41743800003,30131.371389890483,90.1263687,67.2073150638298,20.9363760759305,0.3132613823584416,37,64,,False,False,Request timeout: 300.0s exceeded,427,21.16838264042747
421,2026-09-14T02:27:01.620+00:00,2026-09-14T02:31:55.174+00:00,2026-09-14T02:32:01.658+00:00,False,96,95.0,,95.0,293553.978839,300038.39330299996,300038.39337999996,3125.3999310416666,0.046189999999999995,293553.978839,29953.768078407153,89.287269,68.25699435789474,20.62174613149521,0.3166261455881824,37,64,,False,False,Request timeout: 300.0s exceeded,381,21.16838264042747
422,2026-09-14T02:27:03.957+00:00,2026-09-14T02:31:57.921+00:00,2026-09-14T02:32:05.595+00:00,False,78,77.0,,77.0,293963.748227,301637.95136300003,301637.95138600003,3867.153222897436,0.048729,293963.748227,33274.837811964884,90.0937912,99.6649757922078,294.06571848438966,0.255272917920517,37,64,,False,False,Request timeout: 300.0s exceeded,363,21.16838264042747
423,2026-09-14T02:27:06.558+00:00,2026-09-14T02:32:00.067+00:00,2026-09-14T02:32:06.571+00:00,False,110,109.0,,109.0,293508.848489,300012.944489,300012.944559,2727.3904050818182,0.01524,293508.848489,27980.424606567143,87.92203244999999,59.67060550458716,254.10971259512692,0.3633176567952937,37,64,,False,False,Request timeout: 300.0s exceeded,533,21.16838264042747
424,2026-09-14T02:27:10.083+00:00,2026-09-14T02:32:05.551+00:00,2026-09-14T02:32:10.106+00:00,False,68,67.0,,67.0,295468.587107,300022.989667,300022.989563,4412.102787691177,0.017929999999999998,295468.587107,35822.59161942445,89.78258584999999,67.9761576119403,20.383879110593288,0.22331622011487953,37,64,,False,False,Request timeout: 300.0s exceeded,235,21.16838264042747
425,2026-09-14T02:27:14.185+00:00,2026-09-14T02:32:08.160+00:00,2026-09-14T02:32:14.230+00:00,False,92,91.0,,91.0,293975.102443,300045.226219,300045.22608,3261.361153043478,0.0386,293975.102443,30642.075054442575,87.65162250000002,66.70465687912088,19.88132577412646,0.303287611493542,37,64,,False,False,Request timeout: 300.0s exceeded,476,21.16838264042747
426,2026-09-14T02:27:17.519+00:00,2026-09-14T02:32:11.497+00:00,2026-09-14T02:32:17.551+00:00,False,94,93.0,,93.0,293977.503263,300031.837471,300031.83733199997,3191.828056723404,0.0,293977.503263,30314.82020511248,87.72914215,65.10036782795699,65.74079634795578,0.3099671047709697,37,64,,False,False,Request timeout: 300.0s exceeded,268,21.16838264042747
427,2026-09-14T02:27:20.192+00:00,2026-09-14T02:32:13.746+00:00,2026-09-14T02:32:20.209+00:00,False,99,98.0,,98.0,293554.264199,300017.682823,300017.682725,3030.481643686869,0.0,293554.264199,29496.75490011372,88.70595800000001,65.95325126530612,64.50699559763581,0.32664741317203155,37,64,,False,False,Request timeout: 300.0s exceeded,442,21.16838264042747
428,2026-09-14T02:27:22.571+00:00,2026-09-14T02:32:15.816+00:00,2026-09-14T02:32:22.623+00:00,False,103,102.0,,102.0,293245.05524400005,300052.63489200006,300052.63484300004,2913.1323771165053,0.0,293245.05524400005,28887.786084215808,88.8034881,66.74097694117647,63.177420496130395,0.3399403575866399,37,64,,False,False,Request timeout: 300.0s exceeded,440,21.16838264042747
429,2026-09-14T02:27:26.203+00:00,2026-09-14T02:32:19.472+00:00,2026-09-14T02:32:26.284+00:00,False,99,98.0,,98.0,293268.415579,300080.889435,300080.889478,3031.120095737374,0.047200000000000006,293268.415579,29467.605172202584,89.82120159999998,69.51503934693878,20.311532731146357,0.32657861080229705,37,64,,False,False,Request timeout: 300.0s exceeded,450,21.16838264042747
430,2026-09-14T02:27:29.972+00:00,2026-09-14T02:32:24.079+00:00,2026-09-14T02:32:29.979+00:00,False,83,82.0,,82.0,294106.571533,300006.839821,300006.839767,3614.5402381566264,0.03566,294106.571533,32274.4982182236,92.907305,71.95449131707316,19.911470640088094,0.2733271016385011,37,64,,False,False,Request timeout: 300.0s exceeded,392,21.16838264042747
431,2026-09-14T02:27:33.281+00:00,2026-09-14T02:32:27.224+00:00,2026-09-14T02:32:33.294+00:00,False,88,87.0,,87.0,293943.55426,300013.12866,300013.12852800003,3409.240096909091,0.04888,293943.55426,31327.057671881415,91.07561170000001,69.76522298850576,20.299476629827353,0.28998730951736346,37,64,,False,False,Request timeout: 300.0s exceeded,230,21.16838264042747
432,2026-09-14T02:27:35.904+00:00,2026-09-14T02:32:29.817+00:00,2026-09-14T02:32:35.968+00:00,False,90,89.0,,89.0,293912.999047,300063.788167,300063.788137,3334.0420904111115,0.01945,293912.999047,30973.872271907458,89.583529,69.10999011235955,20.550028943419957,0.2966036006666263,37,64,,False,False,Request timeout: 300.0s exceeded,557,21.16838264042747
433,2026-09-14T02:27:39.349+00:00,2026-09-14T02:32:33.508+00:00,2026-09-14T02:32:39.427+00:00,False,85,84.0,,84.0,294159.15645300003,300078.67850100005,300078.678473,3530.3373938000004,0.020829999999999998,294159.15645300003,31898.40235834337,87.9522968,70.47050057142857,19.212211016433475,0.27992658598608183,37,64,,False,False,Request timeout: 300.0s exceeded,444,21.16838264042747
434,2026-09-14T02:27:43.162+00:00,2026-09-14T02:32:36.955+00:00,2026-09-14T02:32:43.172+00:00,False,95,94.0,,94.0,293792.76107300003,300010.555889,300010.555874,3158.0058513052636,0.083,293792.76107300003,30135.721440336984,88.0417947,66.14675336170212,20.154690970331053,0.3133223086816278,37,64,,False,False,Request timeout: 300.0s exceeded,452,21.16838264042747
435,2026-09-14T02:27:47.070+00:00,2026-09-14T02:32:41.388+00:00,2026-09-14T02:32:47.096+00:00,False,85,84.0,,84.0,294318.267962,300026.648634,300026.64867699996,3529.725278552941,0.03744,294318.267962,31915.93382799587,91.75875819999999,67.95691276190476,20.465518626975026,0.2799751301507584,37,64,,False,False,Request timeout: 300.0s exceeded,379,21.16838264042747
436,2026-09-14T02:27:49.831+00:00,2026-09-14T02:32:43.845+00:00,2026-09-14T02:32:49.859+00:00,False,87,86.0,,86.0,294014.334609,300028.148881,300028.148859,3448.599412172414,0.07904000000000001,294014.334609,31514.15428402208,90.0775453,69.92807293023256,19.568328524223265,0.2866397713706194,37,64,,False,False,Request timeout: 300.0s exceeded,308,21.16838264042747
437,2026-09-14T02:27:52.761+00:00,2026-09-14T02:32:46.685+00:00,2026-09-14T02:32:52.775+00:00,False,88,87.0,,87.0,293923.88367400004,300013.76245800004,300013.76225400006,3409.2472983409098,0.028509,293923.88367400004,31324.93550747847,89.4055425,69.99860671264368,19.673798306923143,0.2899866969008778,37,64,,False,False,Request timeout: 300.0s exceeded,267,21.16838264042747
438,2026-09-14T02:27:55.709+00:00,2026-09-14T02:32:49.163+00:00,2026-09-14T02:32:55.755+00:00,False,97,96.0,,96.0,293454.449551,300046.288271,300046.288122,3093.26070228866,0.04462,293454.449551,29788.819358736386,88.56096299999999,68.66498666666668,19.3705544462232,0.31995063346123903,37,64,,False,False,Request timeout: 300.0s exceeded,459,21.16838264042747
439,2026-09-14T02:27:58.936+00:00,2026-09-14T02:32:52.939+00:00,2026-09-14T02:32:59.004+00:00,False,89,88.0,,88.0,294002.86975,300068.10879,300068.108792,3371.5517841797755,0.04519,294002.86975,31156.94191688619,87.15457040000001,68.92317090909091,19.273200596613837,0.29326675318764384,37,64,,False,False,Request timeout: 300.0s exceeded,462,21.16838264042747
440,2026-09-14T02:28:01.454+00:00,2026-09-14T02:32:54.761+00:00,2026-09-14T02:33:01.462+00:00,False,100,99.0,,99.0,293307.030903,300008.002935,300008.00281399995,3000.0800281399997,0.0183,293307.030903,29323.940853165404,86.9303714,67.68658618181819,19.504908371253364,0.32999119700633267,37,64,,False,False,Request timeout: 300.0s exceeded,482,21.16838264042747
441,2026-09-14T02:28:04.478+00:00,2026-09-14T02:32:58.192+00:00,2026-09-14T02:33:04.494+00:00,False,94,93.0,,93.0,293714.60285799997,300016.20336999994,300016.20340199996,3191.6617383191488,0.04939,293714.60285799997,30287.36591638879,88.78549699999999,67.75914529032259,20.05168124798107,0.309983257421954,37,64,,False,False,Request timeout: 300.0s exceeded,444,21.16838264042747
442,2026-09-14T02:28:08.586+00:00,2026-09-14T02:33:02.370+00:00,2026-09-14T02:33:08.673+00:00,False,93,92.0,,92.0,293783.91937,300086.57588200003,300086.576071,3226.737377107527,0.02367,293783.91937,30456.876301886838,89.30356499999999,68.507136,20.544313387286763,0.30657819240863415,37,64,,False,False,Request timeout: 300.0s exceeded,417,21.16838264042747
444,2026-09-14T02:28:14.668+00:00,2026-09-14T02:33:06.137+00:00,2026-09-14T02:33:14.755+00:00,False,142,141.0,,141.0,291468.92514600005,300087.2575620001,300087.25736100005,2113.290544795775,0.0,291468.92514600005,24454.46743835483,89.28051605,61.122924936170214,57.83690966354939,0.4698633362360228,37,64,,False,False,Request timeout: 300.0s exceeded,716,21.16838264042747
443,2026-09-14T02:28:14.658+00:00,2026-09-14T02:33:08.541+00:00,2026-09-14T02:33:14.839+00:00,False,108,107.0,,107.0,293882.62176300003,300180.85664300004,300180.856573,2779.4523756759263,0.0,293882.62176300003,28273.27792467099,92.15071584999998,58.86200822429907,64.75402710714025,0.35645177776027626,37,64,,False,False,Request timeout: 300.0s exceeded,534,21.16838264042747
445,2026-09-14T02:28:17.256+00:00,2026-09-14T02:33:11.189+00:00,2026-09-14T02:33:17.328+00:00,False,118,117.0,,117.0,293932.981739,300071.80951500003,300071.809566,2542.981437,0.0,293932.981739,27053.906700011656,92.13680885,52.46861347008547,26.214711984320186,0.38990666997044715,37,64,,False,False,Request timeout: 300.0s exceeded,428,21.16838264042747
446,2026-09-14T02:28:21.031+00:00,2026-09-14T02:33:16.040+00:00,2026-09-14T02:33:21.047+00:00,False,76,75.0,,75.0,295008.550353,300016.294353,300016.294387,3947.5828208815788,0.04894,295008.550353,33832.14865840129,87.83805975,66.76992,20.544949225036166,0.24998642210997646,37,64,,False,False,Request timeout: 300.0s exceeded,327,21.16838264042747
447,2026-09-14T02:28:23.324+00:00,2026-09-14T02:33:16.641+00:00,2026-09-14T02:33:23.408+00:00,False,98,97.0,,97.0,293316.344496,300084.054448,300084.05421599996,3062.0821858775507,0.03761,293316.344496,29622.38361297509,89.0314045,69.77020569072165,19.4085474927604,0.3232427666922523,37,64,,False,False,Request timeout: 300.0s exceeded,474,21.16838264042747
448,2026-09-14T02:28:25.610+00:00,2026-09-14T02:33:18.910+00:00,2026-09-14T02:33:25.676+00:00,False,98,97.0,,97.0,293300.035363,300066.369059,300066.369046,3061.901724959184,0.05076,293300.035363,29620.737695752392,89.17017619999999,69.75601748453609,19.593713214135338,0.32326181805774956,37,64,,False,False,Request timeout: 300.0s exceeded,145,21.16838264042747
449,2026-09-14T02:28:28.052+00:00,2026-09-14T02:33:21.805+00:00,2026-09-14T02:33:28.129+00:00,False,91,90.0,,90.0,293752.581301,300077.024181,300077.02424600004,3297.5497169890114,0.0322,293752.581301,30786.277374060068,89.4280615,70.27158755555556,19.593172783406487,0.2999229955896721,37,64,,False,False,Request timeout: 300.0s exceeded,433,21.16838264042747
450,2026-09-14T02:28:32.103+00:00,2026-09-14T02:33:25.848+00:00,2026-09-14T02:33:32.118+00:00,False,95,94.0,,94.0,293744.597711,300014.922447,300014.92261,3158.0518169473685,0.017929999999999998,293744.597711,30130.722355023674,87.90365609999999,66.70558229787234,19.70403097038625,0.3133177484416824,37,64,,False,False,Request timeout: 300.0s exceeded,394,21.16838264042747
451,2026-09-14T02:28:35.894+00:00,2026-09-14T02:33:29.986+00:00,2026-09-14T02:33:35.935+00:00,False,92,91.0,,91.0,294091.95407200005,300041.17007200007,300041.16990900005,3261.3170642282616,0.03688,294091.95407200005,30654.39633384329,87.40313115000001,65.376,20.091323633330557,0.3032917115279979,37,64,,False,False,Request timeout: 300.0s exceeded,390,21.16838264042747
452,2026-09-14T02:28:38.292+00:00,2026-09-14T02:33:31.914+00:00,2026-09-14T02:33:38.336+00:00,False,99,98.0,,98.0,293622.068685,300044.228557,300044.22852400003,3030.749783070707,0.02571,293622.068685,29503.548454717653,87.40729389999998,65.53224359183673,19.610158499785193,0.32661851378148654,37,64,,False,False,Request timeout: 300.0s exceeded,414,21.16838264042747
453,2026-09-14T02:28:41.736+00:00,2026-09-14T02:33:35.514+00:00,2026-09-14T02:33:41.770+00:00,False,99,98.0,,98.0,293777.92907,300034.12619000004,300034.126298,3030.6477403838385,0.02503,293777.92907,29519.38398907486,87.45502649999999,63.83874612244898,20.75821355429471,0.3266295112641299,37,64,,False,False,Request timeout: 300.0s exceeded,451,21.16838264042747
454,2026-09-14T02:28:45.091+00:00,2026-09-14T02:33:38.983+00:00,2026-09-14T02:33:45.124+00:00,False,92,91.0,,91.0,293892.46538,300032.815332,300032.815483,3261.22625525,0.02115,293892.46538,30633.379560495338,88.57112554999999,67.47637309890109,20.60193978861314,0.3033001570155062,37,64,,False,False,Request timeout: 300.0s exceeded,344,21.16838264042747
455,2026-09-14T02:28:47.778+00:00,2026-09-14T02:33:41.554+00:00,2026-09-14T02:33:47.812+00:00,False,94,93.0,,93.0,293775.469189,300033.69536500005,300033.69534200005,3191.8478227872342,0.022969999999999997,293775.469189,30293.691559792933,87.72634749999999,67.29275458064515,19.521576157311003,0.3099651853664726,37,64,,False,False,Request timeout: 300.0s exceeded,392,21.16838264042747
456,2026-09-14T02:28:50.716+00:00,2026-09-14T02:33:44.461+00:00,2026-09-14T02:33:50.745+00:00,False,98,97.0,,97.0,293744.496977,300028.642129,300028.64229499997,3061.5167581122446,0.04295,293744.496977,29666.137284975284,86.40823535,64.78500156701031,19.66663118497979,0.3233024664301683,37,64,,False,False,Request timeout: 300.0s exceeded,337,21.16838264042747
457,2026-09-14T02:28:54.129+00:00,2026-09-14T02:33:48.167+00:00,2026-09-14T02:33:54.219+00:00,False,94,93.0,,93.0,294038.0772,300089.905936,300089.90597,3192.4458081914895,0.02605,294038.0772,30321.006292168437,86.23883495,65.0734272688172,19.33814721702549,0.3099071250328362,37,64,,False,False,Request timeout: 300.0s exceeded,458,21.16838264042747
458,2026-09-14T02:28:56.610+00:00,2026-09-14T02:33:50.490+00:00,2026-09-14T02:33:56.616+00:00,False,93,92.0,,92.0,293879.65876599995,300005.27745399997,300005.2775099999,3225.8631990322574,0.037359,293879.65876599995,30467.002826252792,86.83225100000001,66.58281182608695,19.419776488333845,0.30666127203081095,37,64,,False,False,Request timeout: 300.0s exceeded,386,21.16838264042747
459,2026-09-14T02:29:00.723+00:00,2026-09-14T02:33:54.723+00:00,2026-09-14T02:34:00.776+00:00,False,90,89.0,,89.0,294000.524245,300053.84776499995,300053.84772099997,3333.9316413444444,0.0345,294000.524245,30983.213157775674,89.33308844999999,68.01487101123595,19.75111349554624,0.2966134267663322,37,64,,False,False,Request timeout: 300.0s exceeded,426,21.16838264042747
460,2026-09-14T02:29:03.047+00:00,2026-09-14T02:33:56.437+00:00,2026-09-14T02:34:03.115+00:00,False,99,98.0,,98.0,293389.633926,300068.347526,300068.34765199997,3030.9934106262626,0.037219999999999996,293389.633926,29479.924526079667,88.15838190000002,68.1501387755102,19.222016481650694,0.3265922607565551,37,64,,False,False,Request timeout: 300.0s exceeded,446,21.16838264042747
461,2026-09-14T02:29:06.515+00:00,2026-09-14T02:33:59.921+00:00,2026-09-14T02:34:06.600+00:00,False,103,102.0,,102.0,293406.584543,300085.500639,300085.500519,2913.4514613495144,0.0,293406.584543,28903.83151721699,88.25570829999998,65.47956956862745,65.54754274051365,0.3399031268848442,37,64,,False,False,Request timeout: 300.0s exceeded,518,21.16838264042747
462,2026-09-14T02:29:10.288+00:00,2026-09-14T02:34:04.149+00:00,2026-09-14T02:34:10.361+00:00,False,94,93.0,,93.0,293861.102136,300072.602424,300072.60238,3192.2617274468084,0.0,293861.102136,30302.646280737783,90.10199779999999,66.79032567741936,68.57457379409755,0.30992499564685955,37,64,,False,False,Request timeout: 300.0s exceeded,387,21.16838264042747
463,2026-09-14T02:29:12.967+00:00,2026-09-14T02:34:07.008+00:00,2026-09-14T02:34:13.041+00:00,False,82,81.0,,81.0,294040.86710000003,300074.65014000004,300074.650038,3659.446951682927,0.05226,294040.86710000003,32463.161245250147,90.71657950000002,74.49114864197531,19.41515743829044,0.26993283158777126,37,64,,False,False,Request timeout: 300.0s exceeded,267,21.16838264042747
464,2026-09-14T02:29:16.343+00:00,2026-09-14T02:34:10.147+00:00,2026-09-14T02:34:16.397+00:00,False,89,88.0,,88.0,293804.385082,300054.589242,300054.589303,3371.3998798089888,0.03575,293804.385082,31135.680273933758,89.8363048,71.02504727272726,20.048922063193366,0.2932799668963778,37,64,,False,False,Request timeout: 300.0s exceeded,336,21.16838264042747
465,2026-09-14T02:29:20.303+00:00,2026-09-14T02:34:14.221+00:00,2026-09-14T02:34:20.350+00:00,False,91,90.0,,90.0,293917.13381699997,300046.66674499994,300046.66667299997,3297.216117285714,0.03767,293917.13381699997,30803.75473725535,89.4815865,68.10592142222222,20.452413775215682,0.29995334051315464,37,64,,False,False,Request timeout: 300.0s exceeded,405,21.16838264042747
466,2026-09-14T02:29:23.197+00:00,2026-09-14T02:34:17.337+00:00,2026-09-14T02:34:23.210+00:00,False,86,85.0,,85.0,294139.59508999996,300012.87227399996,300012.872207,3488.521769848837,0.14253,294139.59508999996,31710.443352035294,89.09083199999999,69.09737863529412,19.73113887069116,0.28332117670727813,37,64,,False,False,Request timeout: 300.0s exceeded,417,21.16838264042747
467,2026-09-14T02:29:26.679+00:00,2026-09-14T02:34:20.255+00:00,2026-09-14T02:34:26.730+00:00,False,95,94.0,,94.0,293575.960423,300050.579047,300050.57918,3158.427149263158,0.0261,293575.960423,30113.197987631076,88.9472481,68.87892153191488,20.356581344851964,0.31328051523365275,37,64,,False,False,Request timeout: 300.0s exceeded,370,21.16838264042747
468,2026-09-14T02:29:29.074+00:00,2026-09-14T02:34:22.869+00:00,2026-09-14T02:34:29.110+00:00,False,89,88.0,,88.0,293794.854312,300035.78103199997,300035.78099299996,3371.1885504831457,0.0352,293794.854312,31134.68137459416,90.39002939999999,70.91962181818181,20.337242965009118,0.29329835160765194,37,64,,False,False,Request timeout: 300.0s exceeded,458,21.16838264042747
469,2026-09-14T02:29:32.196+00:00,2026-09-14T02:34:26.096+00:00,2026-09-14T02:34:32.259+00:00,False,90,89.0,,89.0,293900.11244199995,300063.22386599996,300063.22388799995,3334.0358209777773,0.041460000000000004,293900.11244199995,30972.49923337496,89.63202245000001,69.24844296629213,20.432101596219198,0.29660415846143473,37,64,,False,False,Request timeout: 300.0s exceeded,458,21.16838264042747
470,2026-09-14T02:29:35.189+00:00,2026-09-14T02:34:28.803+00:00,2026-09-14T02:34:35.245+00:00,False,98,97.0,,97.0,293613.51935,300055.81925400003,300055.81911700004,3061.794072622449,0.02637,293613.51935,29652.742121779105,87.19786235,66.41546292783505,20.07878123298084,0.3232731837734785,37,64,,False,False,Request timeout: 300.0s exceeded,449,21.16838264042747
471,2026-09-14T02:29:39.112+00:00,2026-09-14T02:34:32.971+00:00,2026-09-14T02:34:39.132+00:00,False,91,90.0,,90.0,293859.116396,300020.52414000005,300020.524105,3296.9288363186815,0.023309999999999997,293859.116396,30797.635510897675,88.9365025,68.46008604444444,20.11020501326587,0.2999794772640383,37,64,,False,False,Request timeout: 300.0s exceeded,265,21.16838264042747
472,2026-09-14T02:29:42.907+00:00,2026-09-14T02:34:36.211+00:00,2026-09-14T02:34:42.932+00:00,False,97,96.0,,96.0,293303.497223,300024.45056699996,300024.450501,3093.0355721752576,0.0344,293303.497223,29773.355982086625,87.64812900000001,70.00993066666668,19.4717195855354,0.3199739215206454,37,64,,False,False,Request timeout: 300.0s exceeded,389,21.16838264042747
473,2026-09-14T02:29:45.765+00:00,2026-09-14T02:34:39.845+00:00,2026-09-14T02:34:45.814+00:00,False,88,87.0,,87.0,294080.228796,300048.881596,300048.881651,3409.6463823977274,0.040459,294080.228796,31341.75021771851,86.930187,68.60520459770115,19.234855490202257,0.2899527554884904,37,64,,False,False,Request timeout: 300.0s exceeded,308,21.16838264042747
474,2026-09-14T02:29:49.639+00:00,2026-09-14T02:34:43.655+00:00,2026-09-14T02:34:49.672+00:00,False,93,92.0,,92.0,294016.020315,300033.000027,300033.000029,3226.1612906344085,0.032600000000000004,294016.020315,30481.265343845484,87.1495106,65.40195339130435,19.47866625816293,0.306632937015998,37,64,,False,False,Request timeout: 300.0s exceeded,425,21.16838264042747
475,2026-09-14T02:29:53.449+00:00,2026-09-14T02:34:47.140+00:00,2026-09-14T02:34:53.528+00:00,False,99,98.0,,98.0,293691.166633,300078.869673,300078.869675,3031.0996936868687,0.04239,293691.166633,29510.528512729343,87.26558790000001,65.18064326530612,19.787783822122584,0.3265808089279726,37,64,,True,False,Request timeout: 300.0s exceeded,320,21.16838264042747
476,2026-09-14T02:29:56.627+00:00,2026-09-14T02:34:50.100+00:00,2026-09-14T02:34:56.720+00:00,False,99,98.0,,98.0,293473.263777,300092.879521,300092.879659,3031.2412086767677,0.02187,293473.263777,29488.39060218351,88.915141,67.54709942857143,19.76291801999146,0.32656556248993607,37,64,,True,False,Request timeout: 300.0s exceeded,447,21.16838264042747
477,2026-09-14T02:30:00.074+00:00,2026-09-14T02:34:53.524+00:00,2026-09-14T02:35:00.087+00:00,False,98,97.0,,97.0,293449.904559,300012.812463,300012.812263,3061.3552271734693,0.02223,293449.904559,29636.088864095636,88.23935535000001,67.65884437113402,19.97215957612883,0.3233195249351653,37,64,,True,False,Request timeout: 300.0s exceeded,437,21.16838264042747
478,2026-09-14T02:30:03.686+00:00,2026-09-14T02:34:57.267+00:00,2026-09-14T02:35:03.734+00:00,False,100,99.0,,99.0,293581.627375,300048.228847,300048.22904099996,3000.4822904099997,0.02935,293581.627375,29351.63754003336,89.69761295,65.31920678787878,19.967813892134945,0.32994695679567526,37,64,,True,False,Request timeout: 300.0s exceeded,490,21.16838264042747
479,2026-09-14T02:30:06.070+00:00,2026-09-14T02:34:59.516+00:00,2026-09-14T02:35:06.078+00:00,False,98,97.0,,97.0,293445.84877499996,300007.87475899997,300007.87488899997,3061.304845806122,0.02553,293445.84877499996,29635.680254994833,89.96535585000001,67.64975241237113,20.223639573339852,0.32332484631585523,37,64,,True,False,Request timeout: 300.0s exceeded,495,21.16838264042747
480,2026-09-14T02:30:08.992+00:00,2026-09-14T02:35:02.784+00:00,2026-09-14T02:35:09.055+00:00,False,94,93.0,,93.0,293792.07175700006,300063.0042370001,300063.00439600006,3192.1596212340432,0.022170000000000002,293792.07175700006,30295.390200420272,87.32052865,67.42938150537634,20.00052758978926,0.3099349092917346,37,64,,True,False,Request timeout: 300.0s exceeded,397,21.16838264042747
481,2026-09-14T02:30:13.113+00:00,2026-09-14T02:35:06.508+00:00,2026-09-14T02:35:13.185+00:00,False,101,100.0,,100.0,293394.52017000003,300071.739498,300071.73967200005,2971.007323485149,0.02138,293394.52017000003,29187.20873038757,88.146895,66.77219328,20.192222999894618,0.3332536418367599,37,64,,True,False,Request timeout: 300.0s exceeded,330,21.16838264042747
482,2026-09-14T02:30:15.488+00:00,2026-09-14T02:35:09.057+00:00,2026-09-14T02:35:15.528+00:00,False,98,97.0,,97.0,293568.725815,300039.95781500003,300039.95783100004,3061.6322227653063,0.02062,293568.725815,29648.187657401086,88.0531492,66.71373195876288,20.80391659638028,0.3232902734235441,37,64,,True,False,Request timeout: 300.0s exceeded,330,21.16838264042747
483,2026-09-14T02:30:19.592+00:00,2026-09-14T02:35:12.935+00:00,2026-09-14T02:35:19.633+00:00,False,100,99.0,,99.0,293342.10518699995,300040.402019,300040.40195299994,3000.4040195299995,0.03194,293342.10518699995,29327.451542183597,89.78436745,67.65956395959596,20.336591706954284,0.3299555637634789,37,64,,True,False,Request timeout: 300.0s exceeded,511,21.16838264042747
484,2026-09-14T02:30:22.057+00:00,2026-09-14T02:35:15.912+00:00,2026-09-14T02:35:22.120+00:00,False,89,88.0,,88.0,293854.68531800003,300062.38861400005,300062.38855000003,3371.487511797753,0.022149000000000002,293854.68531800003,31141.063007298577,89.5872008,70.54208290909091,19.61347153582475,0.2932723438164825,37,64,,True,False,Request timeout: 300.0s exceeded,364,21.16838264042747
485,2026-09-14T02:30:25.963+00:00,2026-09-14T02:35:19.976+00:00,2026-09-14T02:35:25.970+00:00,False,84,83.0,,83.0,294013.313458,300007.56779400003,300007.56794100004,3571.518665964286,0.03367,294013.313458,32071.609465783644,89.72982265,72.21993175903614,21.04954288771243,0.27665968765491905,37,64,,True,False,Request timeout: 300.0s exceeded,297,21.16838264042747
486,2026-09-14T02:30:28.780+00:00,2026-09-14T02:35:22.388+00:00,2026-09-14T02:35:28.822+00:00,False,93,92.0,,92.0,293608.374055,300042.518823,300042.51885,3226.2636435483873,0.0351,293608.374055,30438.52547451896,88.01013799999998,69.93635617391304,21.38500395803897,0.3066232091401429,37,64,,True,False,Request timeout: 300.0s exceeded,450,21.16838264042747
487,2026-09-14T02:30:31.138+00:00,2026-09-14T02:35:24.923+00:00,2026-09-14T02:35:31.185+00:00,False,90,89.0,,89.0,293785.415365,300046.851013,300046.851204,3333.853902266667,0.039549999999999995,293785.415365,30960.293258186073,87.92378344999999,70.35320952808988,21.34426206562091,0.2966203434547758,37,64,,True,False,Request timeout: 300.0s exceeded,423,21.16838264042747
488,2026-09-14T02:30:34.495+00:00,2026-09-14T02:35:27.956+00:00,2026-09-14T02:35:34.533+00:00,False,97,96.0,,96.0,293461.09457300004,300037.895085,300037.89492600004,3093.174174494846,0.02102,293461.09457300004,29789.510248702598,87.81665240000001,68.50833866666667,19.80872045015966,0.3199595836812661,37,64,,True,False,Request timeout: 300.0s exceeded,461,21.16838264042747
489,2026-09-14T02:30:37.334+00:00,2026-09-14T02:35:30.848+00:00,2026-09-14T02:35:37.371+00:00,False,97,96.0,,96.0,293514.055814,300037.29984600004,300037.299951,3093.168040731959,0.05756,293514.055814,29794.9442796245,88.59046960000002,67.95045866666668,19.791953046609212,0.319960218443753,37,64,,True,False,Request timeout: 300.0s exceeded,487,21.16838264042747
490,2026-09-14T02:30:41.114+00:00,2026-09-14T02:35:34.535+00:00,2026-09-14T02:35:41.133+00:00,False,99,98.0,,98.0,293420.310755,300018.347747,300018.347585,3030.488359444444,0.022350000000000002,293420.310755,29483.09113122404,88.79454380000001,67.32690808163265,20.32238229574368,0.32664668923062534,37,64,,True,False,Request timeout: 300.0s exceeded,348,21.16838264042747
491,2026-09-14T02:30:43.824+00:00,2026-09-14T02:35:37.672+00:00,2026-09-14T02:35:43.833+00:00,False,91,90.0,,90.0,293848.19913599995,300009.72924799996,300009.72935499996,3296.8102126923072,0.03772,293848.19913599995,30796.49126364729,89.32844150000001,68.46144568888889,20.622472122662856,0.29999027106751736,37,64,,True,False,Request timeout: 300.0s exceeded,348,21.16838264042747
492,2026-09-14T02:30:46.211+00:00,2026-09-14T02:35:40.076+00:00,2026-09-14T02:35:46.270+00:00,False,91,90.0,,90.0,293865.22671200003,300059.14440800005,300059.144473,3297.3532359670335,0.02117,293865.22671200003,30798.23870139453,91.921551,68.82130773333333,20.90286200640294,0.29994086724990493,37,64,,True,False,Request timeout: 300.0s exceeded,401,21.16838264042747
493,2026-09-14T02:30:48.622+00:00,2026-09-14T02:35:42.278+00:00,2026-09-14T02:35:48.681+00:00,False,93,92.0,,92.0,293655.877256,300058.77210400003,300058.772047,3226.438409107527,0.03456,293655.877256,30443.485966866363,90.2497056,69.59668313043478,20.531102650418646,0.30660660028333686,37,64,,True,False,Request timeout: 300.0s exceeded,401,21.16838264042747
494,2026-09-14T02:30:51.227+00:00,2026-09-14T02:35:45.136+00:00,2026-09-14T02:35:51.313+00:00,False,91,90.0,,90.0,293908.19906699995,300085.44885899994,300085.44903399993,3297.6422970769227,0.02595,293908.19906699995,30802.762686651575,89.17196199999998,68.6361088,20.671315713424914,0.2999145754724281,37,64,,True,False,Request timeout: 300.0s exceeded,459,21.16838264042747
495,2026-09-14T02:30:54.688+00:00,2026-09-14T02:35:48.461+00:00,2026-09-14T02:35:54.703+00:00,False,91,90.0,,90.0,293773.14988599997,300015.156158,300015.156148,3296.8698477802195,0.06627,293773.14988599997,30788.52946072003,87.902919,69.35562524444444,19.424831015093524,0.2999848446076584,37,64,,True,False,Request timeout: 300.0s exceeded,444,21.16838264042747
496,2026-09-14T02:30:58.439+00:00,2026-09-14T02:35:51.892+00:00,2026-09-14T02:35:58.526+00:00,False,99,98.0,,98.0,293453.742024,300087.085256,300087.08524,3031.182679191919,0.04532,293453.742024,29486.41429158799,88.0457739,67.6871758367347,19.42386792005397,0.326571868017571,37,64,,True,False,Request timeout: 300.0s exceeded,352,21.16838264042747
497,2026-09-14T02:31:02.279+00:00,2026-09-14T02:35:55.931+00:00,2026-09-14T02:36:02.341+00:00,False,96,95.0,,95.0,293651.63670200005,300061.80655800004,300061.806609,3125.6438188437505,0.03228,293651.63670200005,29963.815077447456,89.34579725000002,67.47547216842106,20.729690078171988,0.3166014398491502,37,64,,True,False,Request timeout: 300.0s exceeded,434,21.16838264042747
498,2026-09-14T02:31:05.828+00:00,2026-09-14T02:35:59.785+00:00,2026-09-14T02:36:05.865+00:00,False,88,87.0,,87.0,293957.052491,300036.56685899996,300036.566727,3409.5064400795454,0.0228,293957.052491,31328.48484326942,89.7884655,69.87947549425287,20.96733486914332,0.2899646563443216,37,64,,True,False,Request timeout: 300.0s exceeded,395,21.16838264042747
499,2026-09-14T02:31:08.825+00:00,2026-09-14T02:36:02.834+00:00,2026-09-14T02:36:08.843+00:00,False,85,84.0,,84.0,294009.167996,300017.934716,300017.93478999997,3529.622762235294,0.03551,294009.167996,31882.018820876146,89.97375,71.53293714285715,19.593841854443337,0.27998326193237494,37,64,,True,False,Request timeout: 300.0s exceeded,429,21.16838264042747
500,2026-09-14T02:31:12.437+00:00,2026-09-14T02:36:06.697+00:00,2026-09-14T02:36:12.464+00:00,False,85,84.0,,84.0,294260.586501,300027.066117,300027.06616499997,3529.7301901764704,0.02173,294260.586501,31909.60154029806,88.03678599999999,68.64856685714285,19.10134756435601,0.27997474056971566,37,64,,True,False,Request timeout: 300.0s exceeded,386,21.16838264042747
501,2026-09-14T02:31:16.515+00:00,2026-09-14T02:36:10.399+00:00,2026-09-14T02:36:16.563+00:00,False,90,89.0,,89.0,293884.02076,300048.174616,300048.174375,3333.8686041666665,0.03512,293884.02076,30970.800760317932,86.89188695000001,69.26015568539326,18.79205984120458,0.296619034972973,37,64,,True,False,Request timeout: 300.0s exceeded,377,21.16838264042747
502,2026-09-14T02:31:19.132+00:00,2026-09-14T02:36:13.041+00:00,2026-09-14T02:36:19.157+00:00,False,88,87.0,,87.0,293909.694079,300025.66463899997,300025.664765,3409.382554147727,0.042409999999999996,293909.694079,31323.390373499595,87.33202835000002,70.29851218390804,18.770552247855864,0.2899751929711782,37,64,,True,False,Request timeout: 300.0s exceeded,193,21.16838264042747
503,2026-09-14T02:31:21.507+00:00,2026-09-14T02:36:15.270+00:00,2026-09-14T02:36:21.753+00:00,False,95,94.0,,94.0,293763.17670099996,300246.36902099993,300246.36902199994,3160.4880949684207,0.022670000000000003,293763.17670099996,30132.395990005116,89.6614517,68.9701310638298,19.406251358502843,0.31307622572256794,37,64,,True,False,Request timeout: 300.0s exceeded,451,21.16838264042747
504,2026-09-14T02:31:24.395+00:00,2026-09-14T02:36:18.084+00:00,2026-09-14T02:36:24.415+00:00,False,96,95.0,,95.0,293688.67267,300020.020126,300020.020121,3125.2085429270833,0.036839,293688.67267,29967.679086948294,89.604221,66.64576269473685,19.773790590992483,0.31664553572159176,37,64,,True,False,Request timeout: 300.0s exceeded,400,21.16838264042747
505,2026-09-14T02:31:27.225+00:00,2026-09-14T02:36:20.798+00:00,2026-09-14T02:36:27.281+00:00,False,96,95.0,,95.0,293572.83133899997,300055.33578699996,300055.33580099995,3125.5764145937496,0.04058,293572.83133899997,29955.69401533895,89.36324975000001,68.23688892631579,20.26648507995196,0.3166082674411682,37,64,,True,False,Request timeout: 300.0s exceeded,439,21.16838264042747
506,2026-09-14T02:31:29.828+00:00,2026-09-14T02:36:23.676+00:00,2026-09-14T02:36:29.838+00:00,False,88,87.0,,87.0,293848.44778,300010.25667599996,300010.25654,3409.2074606818182,0.02533,293848.44778,31316.80614117663,89.93591984999999,70.8253896091954,20.089511932844232,0.28999008555216427,37,64,,True,False,Request timeout: 300.0s exceeded,364,21.16838264042747
507,2026-09-14T02:31:32.502+00:00,2026-09-14T02:36:26.357+00:00,2026-09-14T02:36:32.586+00:00,False,87,86.0,,86.0,293855.62963700003,300084.33926900005,300084.33923800004,3449.2452785977016,0.018600000000000002,293855.62963700003,31496.870830996635,89.34309089999999,72.4268561860465,18.566089274844767,0.2865860984598344,37,64,,True,False,Request timeout: 300.0s exceeded,454,21.16838264042747
508,2026-09-14T02:31:36.361+00:00,2026-09-14T02:36:30.241+00:00,2026-09-14T02:36:36.404+00:00,False,89,88.0,,88.0,293880.175932,300043.298876,300043.29866,3371.273018651685,0.024118999999999998,293880.175932,31143.818896365017,87.5171558,70.035488,19.917525896916892,0.29329100276413134,37,64,,True,False,Request timeout: 300.0s exceeded,552,21.16838264042747
509,2026-09-14T02:31:39.946+00:00,2026-09-14T02:36:33.691+00:00,2026-09-14T02:36:39.974+00:00,False,93,92.0,,92.0,293745.462041,300027.780633,300027.780447,3226.1051660967746,0.0296,293745.462041,30452.91176327388,89.3853692,68.2860716521739,21.1002839382276,0.30663827131573607,37,64,,True,False,Request timeout: 300.0s exceeded,158,21.16838264042747
510,2026-09-14T02:31:42.893+00:00,2026-09-14T02:36:36.750+00:00,2026-09-14T02:36:42.927+00:00,False,92,91.0,,91.0,293857.300859,300033.483131,300033.483078,3261.2335117173916,0.0221,293857.300859,30629.672056718882,88.15923205000001,67.87013485714284,20.149625239495883,0.30329948194571255,37,64,,True,False,Request timeout: 300.0s exceeded,449,21.16838264042747
511,2026-09-14T02:31:47.032+00:00,2026-09-14T02:36:40.919+00:00,2026-09-14T02:36:47.085+00:00,False,90,89.0,,89.0,293887.10303899995,300052.93779099995,300052.93757999997,3333.9215286666663,0.02126,293887.10303899995,30971.125179973144,91.59239535,69.27904215730338,21.159541586037573,0.2966143263092875,37,64,,True,False,Request timeout: 300.0s exceeded,368,21.16838264042747
512,2026-09-14T02:31:49.946+00:00,2026-09-14T02:36:43.614+00:00,2026-09-14T02:36:49.985+00:00,False,94,93.0,,93.0,293667.893484,300039.239404,300039.239412,3191.9068022553192,0.01955,293667.893484,30282.47140276345,90.63396800000001,68.50909591397848,20.86104559375745,0.30995945791869034,37,64,,True,False,Request timeout: 300.0s exceeded,415,21.16838264042747
513,2026-09-14T02:31:52.473+00:00,2026-09-14T02:36:46.119+00:00,2026-09-14T02:36:52.533+00:00,False,96,95.0,,95.0,293645.773454,300059.379854,300059.379992,3125.6185415833334,0.02133,293645.773454,29963.213021115127,88.62563075,67.51164631578948,20.803849795541492,0.3166040003356142,37,64,,True,False,Request timeout: 300.0s exceeded,388,21.16838264042747
514,2026-09-14T02:31:54.877+00:00,2026-09-14T02:36:48.590+00:00,2026-09-14T02:36:54.920+00:00,False,93,92.0,,92.0,293712.460556,300042.827532,300042.82766,3226.2669640860217,0.03553,293712.460556,30449.43466256698,87.3685934,68.80833669565217,19.821076982123966,0.30662289366069934,37,64,,True,False,Request timeout: 300.0s exceeded,482,21.16838264042747
515,2026-09-14T02:31:57.607+00:00,2026-09-14T02:36:51.599+00:00,2026-09-14T02:36:57.644+00:00,False,86,85.0,,85.0,293991.92081,300036.48657,300036.48642699997,3488.7963538023255,0.04114,293991.92081,31694.301481462022,89.2806545,71.11253835294117,18.991769465510238,0.28329887798552483,37,64,,True,False,Request timeout: 300.0s exceeded,370,21.16838264042747
516,2026-09-14T02:32:01.421+00:00,2026-09-14T02:36:55.397+00:00,2026-09-14T02:37:01.444+00:00,False,86,85.0,,85.0,293975.846518,300022.307702,300022.307541,3488.631483034884,0.02971,293975.846518,31692.566369257795,89.05828974999999,71.13483745882353,20.02338620370796,0.28331226651461877,37,64,,True,False,Request timeout: 300.0s exceeded,369,21.16838264042747
517,2026-09-14T02:32:05.547+00:00,2026-09-14T02:36:57.734+00:00,2026-09-14T02:37:05.369+00:00,True,115,115.0,,115.0,292187.081227,299821.930763,299821.930688,2607.1472233739128,40.766704,292187.081227,27240.34727308843,88.94401040000001,66.9723643508772,19.1371208073293,0.3835610013828641,37,64,,True,True,,511,21.16838264042747
518,2026-09-14T02:32:08.663+00:00,2026-09-14T02:37:02.309+00:00,2026-09-14T02:37:08.669+00:00,False,105,104.0,,104.0,293646.401611,300005.599051,300005.599253,2857.196183361905,0.0,293646.401611,28651.00104067327,90.47506100000001,61.14612923076923,28.27389804658759,0.3466601967729286,37,64,,True,False,Request timeout: 300.0s exceeded,483,21.16838264042747
519,2026-09-14T02:32:11.800+00:00,2026-09-14T02:37:06.937+00:00,2026-09-14T02:37:11.884+00:00,False,74,73.0,,73.0,295137.438318,300083.857774,300083.857591,4055.1872647432433,0.0,295137.438318,34301.1671151853,88.04674279999999,67.75917063013698,30.811792415015823,0.24326533436856165,37,64,,True,False,Request timeout: 300.0s exceeded,386,21.16838264042747
520,2026-09-14T02:32:15.107+00:00,2026-09-14T02:37:08.668+00:00,2026-09-14T02:37:15.154+00:00,False,96,95.0,,95.0,293560.681968,300046.823664,300046.823471,3125.4877444895837,0.02141,293560.681968,29954.449950407507,88.85564275,68.27517574736842,20.014264624535965,0.31661724940099145,37,64,,True,False,Request timeout: 300.0s exceeded,485,21.16838264042747
521,2026-09-14T02:32:17.903+00:00,2026-09-14T02:37:11.277+00:00,2026-09-14T02:37:17.935+00:00,False,104,103.0,,103.0,293373.750755,300032.430307,300032.430354,2884.9272149423077,0.02196,293373.750755,28761.331428386384,88.80904064999999,64.64737429126214,20.942355416534934,0.34329622266035725,37,64,,True,False,Request timeout: 300.0s exceeded,408,21.16838264042747
522,2026-09-14T02:32:21.519+00:00,2026-09-14T02:37:15.155+00:00,2026-09-14T02:37:21.592+00:00,False,100,99.0,,99.0,293635.649415,300072.462215,300072.462144,3000.7246214399997,0.045909,293635.649415,29357.070420046948,88.88412649999998,65.01831111111112,20.8220085524079,0.3299203108116836,37,64,,True,False,Request timeout: 300.0s exceeded,476,21.16838264042747
523,2026-09-14T02:32:25.395+00:00,2026-09-14T02:37:19.233+00:00,2026-09-14T02:37:25.439+00:00,False,93,92.0,,92.0,293838.109222,300043.636006,300043.635909,3226.275654935484,0.01898,293838.109222,30462.604906143686,89.308408,67.45137808695651,20.397382203921026,0.3066220674587488,37,64,,True,False,Request timeout: 300.0s exceeded,388,21.16838264042747
524,2026-09-14T02:32:28.739+00:00,2026-09-14T02:37:22.191+00:00,2026-09-14T02:37:28.793+00:00,False,99,98.0,,98.0,293452.521259,300054.182955,300054.18299,3030.8503332323235,0.0352,293452.521259,29486.324328044393,88.992284,67.36389485714285,19.784074238423198,0.3266076781029156,37,64,,True,False,Request timeout: 300.0s exceeded,519,21.16838264042747
525,2026-09-14T02:32:32.629+00:00,2026-09-14T02:37:26.397+00:00,2026-09-14T02:37:32.716+00:00,False,91,90.0,,90.0,293768.487745,300087.229505,300087.229694,3297.6618647692308,0.02346,293768.487745,30787.951195026617,87.53327999999999,70.20824177777777,19.163576726429667,0.2999127958509159,37,64,,True,False,Request timeout: 300.0s exceeded,420,21.16838264042747
526,2026-09-14T02:32:36.438+00:00,2026-09-14T02:37:30.505+00:00,2026-09-14T02:37:36.486+00:00,False,88,87.0,,87.0,294067.44714600005,300048.53053800005,300048.530588,3409.6423930454553,0.0251,294067.44714600005,31340.372243232436,87.21863235000001,68.74808496551724,18.876865922728935,0.28995309473439257,37,64,,True,False,Request timeout: 300.0s exceeded,145,21.16838264042747
527,2026-09-14T02:32:38.792+00:00,2026-09-14T02:37:32.792+00:00,2026-09-14T02:37:38.871+00:00,False,91,90.0,,90.0,294000.290528,300078.920672,300078.920637,3297.5705564505492,0.03665,294000.290528,30812.53057449385,88.32958350000001,67.54033493333334,19.449252388116502,0.2999211000841146,37,64,,True,False,Request timeout: 300.0s exceeded,380,21.16838264042747
528,2026-09-14T02:32:42.720+00:00,2026-09-14T02:37:36.485+00:00,2026-09-14T02:37:42.740+00:00,False,92,91.0,,91.0,293764.882136,300020.231384,300020.231398,3261.089471717391,0.02536,293764.882136,30619.945832676367,87.69720245,68.74010162637363,19.827751897137517,0.30331287853560734,37,64,,True,False,Request timeout: 300.0s exceeded,445,21.16838264042747
529,2026-09-14T02:32:45.800+00:00,2026-09-14T02:37:39.747+00:00,2026-09-14T02:37:45.825+00:00,False,86,85.0,,85.0,293947.763893,300025.514421,300025.514326,3488.6687712325584,0.02555,293947.763893,31689.497418334762,88.81894774999999,71.5029473882353,18.30005883944903,0.2833092384293917,37,64,,True,False,Request timeout: 300.0s exceeded,337,21.16838264042747
530,2026-09-14T02:32:48.355+00:00,2026-09-14T02:37:41.991+00:00,2026-09-14T02:37:48.380+00:00,False,93,92.0,,92.0,293635.84452999994,300025.0147059999,300025.0147439999,3226.075427354838,0.0378,293635.84452999994,30441.42314974763,87.13473400000001,69.44750191304348,18.989311818574315,0.30664109821026925,37,64,,True,False,Request timeout: 300.0s exceeded,570,21.16838264042747
531,2026-09-14T02:32:51.038+00:00,2026-09-14T02:37:44.810+00:00,2026-09-14T02:37:51.064+00:00,False,94,93.0,,93.0,293771.743582,300026.15356600005,300026.15357,3191.767591170213,0.043,293771.743582,30293.311259926868,87.22623750000001,67.25172025806452,19.100977393914512,0.30997297700429227,37,64,,True,False,Request timeout: 300.0s exceeded,388,21.16838264042747
532,2026-09-14T02:32:54.994+00:00,2026-09-14T02:37:48.808+00:00,2026-09-14T02:37:55.069+00:00,False,91,90.0,,90.0,293813.93225,300074.046682,300074.046616,3297.51699578022,0.020139,293813.93225,30792.783531768626,88.22389500000001,69.55682702222222,19.441033832424505,0.2999259715898605,37,64,,True,False,Request timeout: 300.0s exceeded,359,21.16838264042747
533,2026-09-14T02:32:58.130+00:00,2026-09-14T02:37:51.524+00:00,2026-09-14T02:37:58.147+00:00,False,96,95.0,,95.0,293394.066364,300017.12582,300017.12601500005,3125.178395989584,0.02119,293394.066364,29937.297976387963,89.96562250000001,69.7164153263158,20.392211240064643,0.3166485904441227,37,64,,True,False,Request timeout: 300.0s exceeded,481,21.16838264042747
534,2026-09-14T02:33:00.514+00:00,2026-09-14T02:37:54.340+00:00,2026-09-14T02:38:00.600+00:00,False,87,86.0,,86.0,293826.42657099996,300085.60865099996,300085.60884999996,3449.25987183908,0.03558,293826.42657099996,31493.70260131641,89.84489290000002,72.7811869767442,19.659157752735652,0.2865848861816567,37,64,,True,False,Request timeout: 300.0s exceeded,410,21.16838264042747
535,2026-09-14T02:33:03.681+00:00,2026-09-14T02:37:57.289+00:00,2026-09-14T02:38:03.765+00:00,False,92,91.0,,91.0,293607.23542000004,300083.47170800006,300083.47157200007,3261.776864913044,0.027579999999999997,293607.23542000004,30603.256879994075,89.909591,71.16743173626374,19.697278340322086,0.3032489576385223,37,64,,True,False,Request timeout: 300.0s exceeded,482,21.16838264042747
536,2026-09-14T02:33:06.947+00:00,2026-09-14T02:38:00.686+00:00,2026-09-14T02:38:06.960+00:00,False,93,92.0,,92.0,293739.26491,300012.920974,300012.92088800005,3225.9453858924735,0.02502,293739.26491,30452.278547694852,89.50128659999999,68.19191373913044,20.558161116123557,0.30665345912875863,37,64,,True,False,Request timeout: 300.0s exceeded,450,21.16838264042747
537,2026-09-14T02:33:09.671+00:00,2026-09-14T02:38:03.259+00:00,2026-09-14T02:38:09.743+00:00,False,96,95.0,,95.0,293588.40587699995,300072.46014899993,300072.46000099997,3125.7547916770827,0.040130000000000006,293588.40587699995,29957.282451282066,89.97191675,68.2532028631579,21.045551630227042,0.31659019942325956,37,64,,True,False,Request timeout: 300.0s exceeded,393,21.16838264042747
538,2026-09-14T02:33:13.199+00:00,2026-09-14T02:38:06.605+00:00,2026-09-14T02:38:13.235+00:00,False,109,108.0,,108.0,293406.028449,300035.612065,300035.612087,2752.6202943761464,0.015300000000000001,293406.028449,28098.808735315266,87.8690568,61.385033481481486,290.49235354955175,0.35995727059427457,37,64,,True,False,Request timeout: 300.0s exceeded,406,21.16838264042747
539,2026-09-14T02:33:16.994+00:00,2026-09-14T02:38:12.874+00:00,2026-09-14T02:38:17.054+00:00,False,65,64.0,,64.0,295880.48916399997,300060.19425199996,300060.19411299995,4616.310678661538,0.04122,295880.48916399997,36691.36649081822,88.7256322,65.307892,25.893659070311752,0.21329053711886486,37,64,,True,False,Request timeout: 300.0s exceeded,296,21.16838264042747
540,2026-09-14T02:33:19.803+00:00,2026-09-14T02:38:14.043+00:00,2026-09-14T02:38:19.862+00:00,False,90,89.0,,89.0,294240.228026,300059.723194,300059.723224,3333.996924711111,0.03641,294240.228026,31008.757444877534,87.6821084,65.38758615730337,20.307128294368315,0.296607618818798,37,64,,True,False,Request timeout: 300.0s exceeded,434,21.16838264042747
541,2026-09-14T02:33:23.891+00:00,2026-09-14T02:38:17.757+00:00,2026-09-14T02:38:23.955+00:00,False,92,91.0,,91.0,293865.87583499996,300064.40076299995,300064.40067199996,3261.569572521739,0.03735,293865.87583499996,30630.540036806313,87.6008325,68.11565854945054,19.485106677085138,0.3032682309817704,37,64,,True,False,Request timeout: 300.0s exceeded,258,21.16838264042747
542,2026-09-14T02:33:26.961+00:00,2026-09-14T02:38:20.943+00:00,2026-09-14T02:38:26.993+00:00,False,92,91.0,,91.0,293982.588115,300032.932307,300032.932266,3261.227524630435,0.036520000000000004,293982.588115,30642.878575375213,88.22612975,66.48729881318681,20.532688234105724,0.3033000387667008,37,64,,True,False,Request timeout: 300.0s exceeded,297,21.16838264042747
543,2026-09-14T02:33:30.482+00:00,2026-09-14T02:38:24.506+00:00,2026-09-14T02:38:30.515+00:00,False,94,93.0,,93.0,294024.808125,300033.895869,300033.895792,3191.849955234042,0.0205,294024.808125,30319.685800307518,88.85577415,64.61384670967742,20.42679694541015,0.30996497822567826,37,64,,True,False,Request timeout: 300.0s exceeded,458,21.16838264042747
544,2026-09-14T02:33:34.520+00:00,2026-09-14T02:38:28.409+00:00,2026-09-14T02:38:34.556+00:00,False,93,92.0,,92.0,293889.26229900005,300036.4817550001,300036.48164400004,3226.1987273548393,0.038319000000000006,293889.26229900005,30467.974995653734,90.2590574,66.8176027826087,20.464122135722288,0.3066293787404299,37,64,,True,False,Request timeout: 300.0s exceeded,361,21.16838264042747
545,2026-09-14T02:33:38.005+00:00,2026-09-14T02:38:31.429+00:00,2026-09-14T02:38:38.068+00:00,False,96,95.0,,95.0,293424.428129,300063.558753,300063.558776,3125.6620705833334,0.03643,293424.428129,29940.379061129683,88.8011495,69.88558551578947,19.73841539016016,0.3165995910826349,37,64,,True,False,Request timeout: 300.0s exceeded,485,21.16838264042747
546,2026-09-14T02:33:40.904+00:00,2026-09-14T02:38:34.843+00:00,2026-09-14T02:38:40.947+00:00,False,88,87.0,,87.0,293938.628832,300042.509792,300042.509869,3409.573975784091,0.02553,293938.628832,31326.48981182134,89.0717475,70.15955126436782,19.05623210863096,0.2899589130230628,37,64,,True,False,Request timeout: 300.0s exceeded,427,21.16838264042747
547,2026-09-14T02:33:44.306+00:00,2026-09-14T02:38:38.155+00:00,2026-09-14T02:38:44.315+00:00,False,93,92.0,,92.0,293849.12004,300008.690472,300008.690689,3225.8998998817206,0.019629999999999998,293849.12004,30463.79859675445,86.35854859999999,66.95185252173913,20.584091415900406,0.3066577833304013,37,64,,True,False,Request timeout: 300.0s exceeded,367,21.16838264042747
548,2026-09-14T02:33:47.700+00:00,2026-09-14T02:38:41.288+00:00,2026-09-14T02:38:47.753+00:00,False,100,99.0,,99.0,293587.76817,300053.019754,300053.019765,3000.53019765,0.02502,293587.76817,29352.253401337115,87.14755599999998,65.30557155555555,20.579497953563347,0.3299416885761245,37,64,,True,False,Request timeout: 300.0s exceeded,374,21.16838264042747
549,2026-09-14T02:33:50.876+00:00,2026-09-14T02:38:44.743+00:00,2026-09-14T02:38:50.921+00:00,False,95,94.0,,94.0,293867.145549,300045.252173,300045.252169,3158.371075463158,0.02123,293867.145549,30143.39680078671,88.0714374,65.7245385531915,20.68823075854592,0.31328607708080486,37,64,,True,False,Request timeout: 300.0s exceeded,379,21.16838264042747
550,2026-09-14T02:33:54.939+00:00,2026-09-14T02:38:48.778+00:00,2026-09-14T02:38:54.976+00:00,False,92,91.0,,91.0,293838.92084700003,300037.041295,300037.041176,3261.2721866956526,0.038060000000000004,293838.92084700003,30627.730443810182,89.64826755,68.11121371428571,19.79224875418241,0.30329588509216004,37,64,,True,False,Request timeout: 300.0s exceeded,384,21.16838264042747
551,2026-09-14T02:33:57.342+00:00,2026-09-14T02:38:50.961+00:00,2026-09-14T02:38:57.384+00:00,False,94,93.0,,93.0,293619.66009799996,300042.55315399996,300042.553073,3191.9420539680846,0.022940000000000002,293619.66009799996,30277.438333562073,88.77260015,69.06336619354838,19.32570556126423,0.3099560346437486,37,64,,True,False,Request timeout: 300.0s exceeded,365,21.16838264042747
552,2026-09-14T02:34:00.553+00:00,2026-09-14T02:38:54.111+00:00,2026-09-14T02:39:00.578+00:00,False,97,96.0,,96.0,293557.990897,300025.259761,300025.259687,3093.043914298969,0.038829999999999996,293557.990897,29799.46435617495,88.8912668,67.367384,19.70545941901862,0.31997305852338426,37,64,,True,False,Request timeout: 300.0s exceeded,395,21.16838264042747
553,2026-09-14T02:34:03.107+00:00,2026-09-14T02:38:56.379+00:00,2026-09-14T02:39:03.199+00:00,False,100,99.0,,99.0,293271.87608099997,300091.92113699997,300091.921077,3000.9192107699996,0.024390000000000002,293271.87608099997,29320.30497284668,87.50409595,68.889344,19.317133554788015,0.3298989177212933,37,64,,True,False,Request timeout: 300.0s exceeded,404,21.16838264042747
554,2026-09-14T02:34:05.475+00:00,2026-09-14T02:38:59.427+00:00,2026-09-14T02:39:05.952+00:00,False,96,95.0,,95.0,293952.448102,300476.698982,300476.698973,3129.9656143020834,0.02491,293952.448102,29994.393369445916,88.60003049999999,68.67632505263157,19.87222126049614,0.3161642826943162,37,64,,True,False,Request timeout: 300.0s exceeded,401,21.16838264042747
555,2026-09-14T02:34:09.300+00:00,2026-09-14T02:39:02.906+00:00,2026-09-14T02:39:09.318+00:00,False,99,98.0,,98.0,293605.97005299997,300017.42323699995,300017.423271,3030.4790229393934,0.028579999999999998,293605.97005299997,29501.942033206193,88.88433380000001,65.42299167346938,20.460207492219126,0.32664769579926867,37,64,,True,False,Request timeout: 300.0s exceeded,486,21.16838264042747
556,2026-09-14T02:34:13.186+00:00,2026-09-14T02:39:07.116+00:00,2026-09-14T02:39:13.220+00:00,False,90,89.0,,89.0,293929.71277700004,300033.26784900005,300033.26769600005,3333.7029744000006,0.03835,293929.71277700004,30975.689790219254,90.076587,68.57927047191012,20.233473689712678,0.29663377210820396,37,64,,True,False,Request timeout: 300.0s exceeded,365,21.16838264042747
557,2026-09-14T02:34:17.236+00:00,2026-09-14T02:39:11.006+00:00,2026-09-14T02:39:17.247+00:00,False,93,92.0,,92.0,293770.629642,300011.93421800004,300011.93414100003,3225.9347757096775,0.038310000000000004,293770.629642,30455.5668193596,87.9932964,67.84026713043478,19.697147578683968,0.3066544677291048,37,64,,True,False,Request timeout: 300.0s exceeded,479,21.16838264042747
558,2026-09-14T02:34:19.655+00:00,2026-09-14T02:39:12.963+00:00,2026-09-14T02:39:19.729+00:00,False,99,98.0,,98.0,293307.825738,300074.30176999996,300074.301588,3031.0535513939394,0.02876,293307.825738,29471.61276260327,89.17715499999998,69.04567379591836,19.63789241090679,0.32658578032821595,37,64,,True,False,Request timeout: 300.0s exceeded,283,21.16838264042747
559,2026-09-14T02:34:22.426+00:00,2026-09-14T02:39:16.214+00:00,2026-09-14T02:39:22.511+00:00,False,91,90.0,,90.0,293787.439255,300084.92840699997,300084.928365,3297.63657543956,0.02757,293787.439255,30789.962952558817,88.40919849999999,69.9721016888889,19.71673460240699,0.29991509562897667,37,64,,True,False,Request timeout: 300.0s exceeded,414,21.16838264042747
560,2026-09-14T02:34:25.781+00:00,2026-09-14T02:39:19.563+00:00,2026-09-14T02:39:25.858+00:00,False,94,93.0,,93.0,293782.510955,300076.989291,300076.98927,3192.3083964893617,0.0257,293782.510955,30294.37801277796,89.02025915,67.68256275268817,20.072391723906495,0.3099204648104928,37,64,,True,False,Request timeout: 300.0s exceeded,432,21.16838264042747
561,2026-09-14T02:34:28.077+00:00,2026-09-14T02:39:21.852+00:00,2026-09-14T02:39:28.135+00:00,False,92,91.0,,91.0,293775.191349,300058.24491699995,300058.244769,3261.5026605326084,0.02151,293775.191349,30620.989164849354,88.25092045000001,69.04454470329671,20.234022237014205,0.30327445268225106,37,64,,True,False,Request timeout: 300.0s exceeded,344,21.16838264042747
562,2026-09-14T02:34:30.748+00:00,2026-09-14T02:39:24.331+00:00,2026-09-14T02:39:30.782+00:00,False,98,97.0,,97.0,293582.858304,300034.063168,300034.063119,3061.572072642857,0.04279,293582.858304,29649.6355207101,87.34556355000001,66.50726663917526,19.936904554365796,0.323296624975832,37,64,,True,False,Request timeout: 300.0s exceeded,488,21.16838264042747
563,2026-09-14T02:34:33.151+00:00,2026-09-14T02:39:26.669+00:00,2026-09-14T02:39:33.199+00:00,False,99,98.0,,98.0,293517.228782,300047.718382,300047.71838900005,3030.7850342323236,0.0471,293517.228782,29492.90092798657,88.80963679999999,66.63764897959184,20.172079387808523,0.32661471491422306,37,64,,True,False,Request timeout: 300.0s exceeded,482,21.16838264042747
564,2026-09-14T02:34:36.596+00:00,2026-09-14T02:39:30.360+00:00,2026-09-14T02:39:36.623+00:00,False,113,112.0,,112.0,293763.840468,300026.86792399996,300026.867891,2655.1050255840705,0.02505,293763.840468,27629.725316587886,88.0059484,55.919888,21.52106140010166,0.373299900688797,37,64,,True,False,Request timeout: 300.0s exceeded,277,21.16838264042747
565,2026-09-14T02:34:40.446+00:00,2026-09-14T02:39:33.934+00:00,2026-09-14T02:39:39.386+00:00,True,119,119.0,,119.0,293487.309771,298939.942347,298939.942404,2512.1003563361346,0.01914,293487.309771,26899.741859181882,110.33184930000002,46.20875064406779,46.72217450337162,0.3980732687165256,37,64,,True,True,,568,21.16838264042747
0,2026-09-14T02:04:40.925+00:00,2026-09-14T02:04:41.144+00:00,2026-09-14T02:04:48.986+00:00,True,160,160.0,,160.0,218.82793900000001,8060.981922999999,8060.981892,50.381136825,0.03387,218.82793900000001,21.577140902144404,84.77666090000001,49.32172316981132,16.964833562236734,19.848698524367105,38,64,,False,True,,656,21.16838264042747
1,2026-09-14T02:04:45.792+00:00,2026-09-14T02:04:46.007+00:00,2026-09-14T02:04:57.930+00:00,True,189,189.0,,189.0,214.926517,12138.889653,12138.889629,64.22692925396825,40.056886,214.926517,24.02726303922662,96.52339760000001,63.42533582978723,21.40804481590459,15.56979307026575,38,64,,False,True,,840,21.16838264042747
2,2026-09-14T02:04:49.973+00:00,2026-09-14T02:04:54.651+00:00,2026-09-14T02:05:05.531+00:00,True,165,165.0,,165.0,4678.070962000001,15558.208178,15558.207973,94.29216953333334,40.445665,4678.070962000001,359.6810491764615,94.98158800000002,66.34230009756097,21.82064698437751,10.605334374771855,38,64,,False,True,,759,21.16838264042747
3,2026-09-14T02:04:53.049+00:00,2026-09-14T02:04:58.917+00:00,2026-09-14T02:05:11.627+00:00,True,197,197.0,,197.0,5868.939291000001,18578.562331,18578.562427,94.30742348730965,39.585687,5868.939291000001,414.0919650632447,95.84977420000001,64.84501551020408,21.724942535766814,10.603619187007157,38,64,,False,True,,1049,21.16838264042747
4,2026-09-14T02:04:56.463+00:00,2026-09-14T02:05:05.257+00:00,2026-09-14T02:05:21.189+00:00,True,241,241.0,,241.0,8793.880198,24725.919366000002,24725.919373,102.59717582157677,15.435087,8793.880198,562.6262892072331,94.241421,66.38349653333333,22.262984536231976,9.746856989730102,38,64,,False,True,,594,21.16838264042747
5,2026-09-14T02:05:00.839+00:00,2026-09-14T02:05:13.156+00:00,2026-09-14T02:05:29.823+00:00,True,246,246.0,,246.0,12316.372335,28983.825519,28983.82532,117.8204281300813,18.982269,12316.372335,781.2527254777328,95.35735475,68.03042115918366,22.646742840532816,8.48749244086974,38,64,,False,True,,1056,21.16838264042747
6,2026-09-14T02:05:05.014+00:00,2026-09-14T02:05:20.332+00:00,2026-09-14T02:05:33.242+00:00,True,195,195.0,,195.0,15317.823359,28228.280959,28228.280882,144.76041477948718,40.628755,15317.823359,1092.3877948360848,95.192898,66.54875051546392,22.04595470783202,6.907965819216076,38,64,,False,True,,292,21.16838264042747
7,2026-09-14T02:05:07.844+00:00,2026-09-14T02:05:25.884+00:00,2026-09-14T02:05:40.663+00:00,True,223,223.0,,223.0,18039.582465,32819.280897,32819.28095,147.1716634529148,0.02044,18039.582465,1203.862594337561,95.39492810000002,66.57521816216216,26.980249441558104,6.794786293455454,38,64,,False,True,,1102,21.16838264042747
8,2026-09-14T02:05:11.894+00:00,2026-09-14T02:05:33.380+00:00,2026-09-14T02:05:45.154+00:00,True,179,179.0,,179.0,21485.209263999997,33259.135151999995,33259.135322999995,185.80522526815642,0.0174,21485.209263999997,1601.175502381214,96.94716400000001,66.14565105617977,27.772493956761053,5.3819799938254285,38,64,,False,True,,660,21.16838264042747
9,2026-09-14T02:05:14.683+00:00,2026-09-14T02:05:37.692+00:00,2026-09-14T02:05:48.954+00:00,True,174,174.0,,174.0,23009.068951999998,34271.673751999995,34271.673629,196.963641545977,0.01776,23009.068951999998,1739.6037613931544,95.3042295,65.10176184971098,28.127609568889685,5.0770791429422335,38,64,,False,True,,337,21.16838264042747
10,2026-09-14T02:05:18.980+00:00,2026-09-14T02:05:44.733+00:00,2026-09-14T02:05:54.876+00:00,True,155,155.0,,155.0,25752.617691,35896.376539,35896.376384999996,231.58952506451612,41.235613,25752.617691,2063.3215381156397,95.079474,65.86856394805194,21.587436224062532,4.317984569601298,38,64,,False,True,,532,21.16838264042747
11,2026-09-14T02:05:24.030+00:00,2026-09-14T02:05:54.793+00:00,2026-09-14T02:06:11.970+00:00,True,257,257.0,,257.0,30762.954063999998,47940.040272,47940.040288,186.53712174319065,39.788956,30762.954063999998,1914.8778006207601,94.2745312,67.097993,21.737840557760716,5.360863247962355,38,64,,False,True,,1191,21.16838264042747
12,2026-09-14T02:05:28.080+00:00,2026-09-14T02:06:01.313+00:00,2026-09-14T02:06:12.474+00:00,True,167,167.0,,167.0,33233.028539,44393.474491,44393.474603,265.82918923952093,40.143876,33233.028539,2566.53685958852,94.4726183,67.23160212048192,21.611131851927187,3.7618141385589525,38,64,,False,True,,806,21.16838264042747
13,2026-09-14T02:05:32.702+00:00,2026-09-14T02:06:09.410+00:00,2026-09-14T02:06:20.454+00:00,True,165,165.0,,165.0,36707.343569,47751.533777,47751.533798,289.4032351393939,35.621065,36707.343569,2852.5044777315256,95.21167919999999,67.34262321951219,21.99360833851575,3.4553863917869356,38,64,,False,True,,791,21.16838264042747
14,2026-09-14T02:05:35.952+00:00,2026-09-14T02:06:14.649+00:00,2026-09-14T02:06:23.430+00:00,True,130,130.0,,130.0,38696.775548,47477.723516,47477.723535,365.21325796153843,11.685094999999999,38696.775548,3388.0478138632557,95.66765800000002,68.06936409302325,24.25663737416646,2.738126227896963,38,64,,False,True,,315,21.16838264042747
15,2026-09-14T02:05:39.678+00:00,2026-09-14T02:06:21.586+00:00,2026-09-14T02:06:29.309+00:00,True,120,120.0,,120.0,41907.887130999996,49630.977306999994,49630.977538,413.5914794833333,8.359442,41907.887130999996,3819.797813781532,93.99559050000002,64.89991744537815,23.739922469248782,2.4178447919274624,38,64,,False,True,,612,21.16838264042747
16,2026-09-14T02:05:43.924+00:00,2026-09-14T02:06:28.214+00:00,2026-09-14T02:06:36.150+00:00,True,121,121.0,,121.0,44290.151201,52226.307873,52226.307758,431.62237816528926,0.01776,44290.151201,4020.5397673417156,95.71195900000001,66.13463893333333,37.6290305695007,2.3168400166107603,38,64,,False,True,,425,21.16838264042747
17,2026-09-14T02:05:48.090+00:00,2026-09-14T02:06:36.696+00:00,2026-09-14T02:06:46.300+00:00,True,143,143.0,,143.0,48606.014268,58209.800508,58209.800438,407.0615415244755,40.046375999999995,48606.014268,4059.040179993748,93.15663409999999,67.63229746478873,21.543603466565713,2.4566309925825456,38,64,,False,True,,467,21.16838264042747
18,2026-09-14T02:05:52.751+00:00,2026-09-14T02:06:44.321+00:00,2026-09-14T02:06:52.584+00:00,True,126,126.0,,126.0,51569.699469,59833.293709,59833.293825,474.8674113095238,7.663054,51569.699469,4588.3668007927345,95.85202475,66.10875392,23.999238111175735,2.105850976762246,38,64,,False,True,,785,21.16838264042747
19,2026-09-14T02:05:55.714+00:00,2026-09-14T02:06:49.355+00:00,2026-09-14T02:07:08.807+00:00,True,294,294.0,,294.0,53640.660575999995,73092.659552,73092.65935599999,248.61448760544215,0.0,53640.660575999995,3124.6103565890953,95.0182848,66.38907500341297,24.45725519131214,4.022291729456647,38,64,,False,True,,1384,21.16838264042747
20,2026-09-14T02:05:59.230+00:00,2026-09-14T02:06:55.799+00:00,2026-09-14T02:07:06.806+00:00,True,165,165.0,,165.0,56568.870112000004,67575.474144,67575.47390900001,409.54832672121216,40.718124,56568.870112000004,4398.707245244894,93.89859,67.11343921951219,21.340925097553107,2.441714277111739,38,64,,False,True,,971,21.16838264042747
21,2026-09-14T02:06:04.094+00:00,2026-09-14T02:07:04.162+00:00,2026-09-14T02:07:13.191+00:00,True,136,136.0,,136.0,60068.392826999996,69097.676411,69097.676249,508.07114888970585,0.0,60068.392826999996,5145.1654214031405,95.5277205,66.8835821037037,28.518386422501056,1.968228268502955,38,64,,False,True,,728,21.16838264042747
22,2026-09-14T02:06:08.189+00:00,2026-09-14T02:07:11.343+00:00,2026-09-14T02:07:22.267+00:00,True,164,164.0,,164.0,63154.025889,74078.666657,74078.66679,451.6991877439024,41.264173,63154.025889,4926.3177246534615,95.620008,67.022336,22.350114668695294,2.2138627407989797,38,64,,False,True,,936,21.16838264042747
23,2026-09-14T02:06:11.983+00:00,2026-09-14T02:07:18.353+00:00,2026-09-14T02:07:34.239+00:00,True,243,243.0,,243.0,66370.16380699999,82255.814751,82255.81478399999,338.5012954074074,0.01625,66370.16380699999,4253.607287973741,95.0369851,65.64318571900827,38.142111038992596,2.954198444639998,38,64,,False,True,,1067,21.16838264042747
24,2026-09-14T02:06:15.512+00:00,2026-09-14T02:07:25.136+00:00,2026-09-14T02:07:37.435+00:00,True,186,186.0,,186.0,69624.599594,81923.663146,81923.663033,440.4498012526882,0.01914,69624.599594,5100.417888883093,94.93613425,66.48142460540541,41.65868550719871,2.27040628869977,38,64,,False,True,,931,21.16838264042747
25,2026-09-14T02:06:20.392+00:00,2026-09-14T02:07:32.885+00:00,2026-09-14T02:07:44.612+00:00,True,179,179.0,,179.0,72492.89487,84219.77999000001,84219.779999,470.5015642402235,36.217213,72492.89487,5413.490224378735,93.7442051,65.8813770786517,21.146388221955128,2.125391446299835,38,64,,False,True,,542,21.16838264042747
26,2026-09-14T02:06:25.444+00:00,2026-09-14T02:07:41.534+00:00,2026-09-14T02:07:54.257+00:00,True,198,198.0,,198.0,76090.588289,88812.96780900001,88812.96773500001,448.55034209595965,0.0,76090.588289,5402.988151925781,92.5553017,64.58060670050762,24.452470259012216,2.229404161178536,38,64,,False,True,,912,21.16838264042747
27,2026-09-14T02:06:28.199+00:00,2026-09-14T02:07:47.291+00:00,2026-09-14T02:08:06.670+00:00,True,295,295.0,,295.0,79091.891905,98470.55097699999,98470.551012,333.79847800677965,0.0,79091.891905,4601.133629712778,95.1928104,65.91380636734694,24.176069123062764,2.9958195325717623,38,64,,False,True,,1865,21.16838264042747
28,2026-09-14T02:06:32.500+00:00,2026-09-14T02:07:53.926+00:00,2026-09-14T02:08:00.824+00:00,True,105,105.0,,105.0,81426.475991,88323.842007,88323.842123,841.1794487904762,40.216654999999996,81426.475991,7939.966821802501,94.84588179999999,66.32082707692308,21.446509527331216,1.1888069813774447,38,64,,False,True,,534,21.16838264042747
29,2026-09-14T02:06:36.730+00:00,2026-09-14T02:08:00.270+00:00,2026-09-14T02:08:10.964+00:00,True,163,163.0,,163.0,83540.100213,94234.21784499999,94234.217844,578.1240358527607,39.431398,83540.100213,6538.233267106825,97.3223629,66.01307180246913,22.407926719184985,1.72973261441092,38,64,,False,True,,731,21.16838264042747
30,2026-09-14T02:06:41.720+00:00,2026-09-14T02:08:09.841+00:00,2026-09-14T02:08:25.512+00:00,True,236,236.0,,236.0,88120.84878100001,103791.109773,103791.109605,439.79283730932207,0.0,88120.84878100001,5732.025336976188,95.4059055,66.68196166808511,46.43587684358175,2.27379782831258,38,64,,False,True,,1223,21.16838264042747
31,2026-09-14T02:06:44.859+00:00,2026-09-14T02:08:15.767+00:00,2026-09-14T02:08:35.238+00:00,True,289,289.0,,289.0,90907.850931,110379.42801899998,110379.427961,381.93573688927336,0.01803,90907.850931,5343.703673840185,96.40515299999998,67.60964266666667,41.4325104375065,2.618241507378109,38,64,,False,True,,396,21.16838264042747
32,2026-09-14T02:06:48.090+00:00,2026-09-14T02:08:20.602+00:00,2026-09-14T02:08:37.400+00:00,True,253,253.0,,253.0,92511.92080200001,109309.11299400001,109309.11312000001,432.05183051383403,0.0,92511.92080200001,5812.1632547047275,96.19251100000001,66.65552457142857,45.734136261966036,2.3145371238524937,38,64,,False,True,,1007,21.16838264042747
33,2026-09-14T02:06:52.334+00:00,2026-09-14T02:08:29.607+00:00,2026-09-14T02:08:38.525+00:00,True,131,131.0,,131.0,97272.49561,106190.481914,106190.481693,810.6143640687022,0.0,97272.49561,8492.783778673765,95.13693950000001,68.59989464615386,26.15920587140321,1.2336322205043986,38,64,,False,True,,503,21.16838264042747
34,2026-09-14T02:06:56.069+00:00,2026-09-14T02:08:35.784+00:00,2026-09-14T02:08:54.616+00:00,True,283,283.0,,283.0,99715.255563,118547.617035,118547.616923,418.8961728727915,0.0,99715.255563,5923.535579098157,95.55494910000002,66.78142365957447,24.0475984706033,2.3872263912014957,38,64,,False,True,,1292,21.16838264042747
35,2026-09-14T02:06:58.898+00:00,2026-09-14T02:08:41.395+00:00,2026-09-14T02:08:54.153+00:00,True,192,192.0,,192.0,102497.381757,115255.300221,115255.300282,600.2880223020833,40.947024,102497.381757,7392.3235938003045,95.32609205,66.79538462827225,22.06798874826972,1.6658669894733118,38,64,,False,True,,995,21.16838264042747
36,2026-09-14T02:07:02.867+00:00,2026-09-14T02:08:48.943+00:00,2026-09-14T02:08:59.990+00:00,True,166,166.0,,166.0,106076.300131,117123.376227,117123.37628299999,705.5625077289156,0.0,106076.300131,8227.97169076043,93.11632300000001,66.95197633939394,28.9326085465162,1.4173088699071559,38,64,,False,True,,792,21.16838264042747
37,2026-09-14T02:07:07.153+00:00,2026-09-14T02:08:55.690+00:00,2026-09-14T02:09:07.583+00:00,True,182,182.0,,182.0,108536.775232,120429.22758400001,120429.227645,661.6990529945055,0.0,108536.775232,8040.462689637013,94.88738255,65.70415664088398,28.985836414370432,1.5112610422835608,38,64,,False,True,,765,21.16838264042747
38,2026-09-14T02:07:11.922+00:00,2026-09-14T02:09:04.379+00:00,2026-09-14T02:09:18.900+00:00,True,221,221.0,,221.0,112457.154957,126978.65178900001,126978.651778,574.5640351945701,0.01706,112457.154957,7560.437596109555,96.458367,66.00680378181818,53.83935621509404,1.7404500432658156,38,64,,False,True,,687,21.16838264042747
39,2026-09-14T02:07:16.208+00:00,2026-09-14T02:09:12.431+00:00,2026-09-14T02:09:27.982+00:00,True,230,230.0,,230.0,116223.042309,131773.928965,131773.92906599998,572.930126373913,0.0,116223.042309,7659.225612202616,98.04913404999999,67.90780199126637,53.04051844323868,1.7454135412558691,38,64,,False,True,,1073,21.16838264042747
40,2026-09-14T02:07:19.610+00:00,2026-09-14T02:09:18.333+00:00,2026-09-14T02:09:27.482+00:00,True,137,137.0,,137.0,118723.353595,127872.062715,127872.062593,933.3727196569342,0.0,118723.353595,10137.523770847227,96.003913,67.26992,32.084251462338216,1.0713833584224277,38,64,,False,True,,674,21.16838264042747
41,2026-09-14T02:07:22.709+00:00,2026-09-14T02:09:24.063+00:00,2026-09-14T02:09:38.175+00:00,True,214,214.0,,214.0,121353.721196,135466.175596,135466.175581,633.0195120607476,36.766591999999996,121353.721196,8291.06836315962,94.63431899999999,66.2556544600939,21.56217078810797,1.5797301360172076,38,64,,False,True,,947,21.16838264042747
42,2026-09-14T02:07:27.067+00:00,2026-09-14T02:09:31.302+00:00,2026-09-14T02:09:42.425+00:00,True,169,169.0,,169.0,124235.300426,135357.746506,135357.746475,800.9334110946745,40.028026,124235.300426,9551.492083399819,93.96969399999998,66.20503619047619,21.118278564746383,1.248543244567896,38,64,,False,True,,935,21.16838264042747
43,2026-09-14T02:07:30.652+00:00,2026-09-14T02:09:37.254+00:00,2026-09-14T02:09:53.147+00:00,True,240,240.0,,240.0,126602.17593299999,142495.15897299998,142495.159008,593.7298291999999,0.0,126602.17593299999,8167.893544451589,93.9340955,66.4978369874477,28.823591358822423,1.6842677444605347,38,64,,False,True,,1004,21.16838264042747
44,2026-09-14T02:07:35.196+00:00,2026-09-14T02:09:45.599+00:00,2026-09-14T02:10:03.314+00:00,True,270,270.0,,270.0,130402.92263,148118.219398,148118.219325,548.5859975,0.0,130402.92263,7932.095986532215,95.52057645000001,65.8561218141264,23.512682890007614,1.822868254137585,38,64,,False,True,,1313,21.16838264042747
45,2026-09-14T02:07:39.932+00:00,2026-09-14T02:09:53.701+00:00,2026-09-14T02:10:04.334+00:00,True,160,160.0,,160.0,133769.328733,144401.895773,144401.895777,902.51184860625,37.481581,133769.328733,10570.129650603942,94.433413,66.87149081761007,21.785581252205528,1.108018694238753,38,64,,False,True,,628,21.16838264042747
46,2026-09-14T02:07:44.935+00:00,2026-09-14T02:10:02.674+00:00,2026-09-14T02:10:12.314+00:00,True,144,144.0,,144.0,137739.22343399998,147378.80896999998,147378.809185,1023.4639526736111,0.0,137739.22343399998,11472.69734057429,94.56654200000001,67.40968906293706,32.67157641940651,0.9770739837456023,38,64,,False,True,,659,21.16838264042747
47,2026-09-14T02:07:49.207+00:00,2026-09-14T02:10:10.078+00:00,2026-09-14T02:10:20.535+00:00,True,161,161.0,,161.0,140871.649273,151328.190969,151328.19097899998,939.9266520434782,0.0,140871.649273,11097.385217612087,97.36215399999999,65.3533856,81.10275277600677,1.0639128041448755,38,64,,False,True,,345,21.16838264042747
48,2026-09-14T02:07:52.519+00:00,2026-09-14T02:10:15.901+00:00,2026-09-14T02:10:35.603+00:00,True,299,299.0,,299.0,143382.277467,163084.724315,163084.724196,545.433860187291,0.01559,143382.277467,8288.367794442058,95.175376,66.11559344966443,54.73927839002992,1.8334028601138517,38,64,,False,True,,1612,21.16838264042747
49,2026-09-14T02:07:57.121+00:00,2026-09-14T02:10:25.196+00:00,2026-09-14T02:10:41.179+00:00,True,238,238.0,,238.0,148074.53850099997,164058.29427699998,164058.29432299998,689.3205643823528,0.0,148074.53850099997,9593.926832402827,96.1683119,67.44200749367089,31.570933631280994,1.450703855290334,38,64,,False,True,,1197,21.16838264042747
50,2026-09-14T02:08:02.086+00:00,2026-09-14T02:10:33.215+00:00,2026-09-14T02:10:42.374+00:00,True,140,140.0,,140.0,151128.756665,160287.49279299998,160287.49268199998,1144.9106620142857,0.0,151128.756665,12767.194446871175,95.84194695000001,65.89018797122301,36.57527761303197,0.8734305937444549,38,64,,False,True,,687,21.16838264042747
51,2026-09-14T02:08:06.520+00:00,2026-09-14T02:10:40.675+00:00,2026-09-14T02:10:54.508+00:00,True,209,209.0,,209.0,154154.882798,167987.92830200001,167987.928453,803.7699925980861,6.193347,154154.882798,10658.540094358941,95.9202714,66.50502646153846,22.73590054195772,1.2441370169424948,38,64,,False,True,,1335,21.16838264042747
52,2026-09-14T02:08:11.013+00:00,2026-09-14T02:10:48.511+00:00,2026-09-14T02:11:02.188+00:00,True,208,208.0,,208.0,157498.536899,171175.205059,171175.205168,822.9577171538461,7.572374,157498.536899,10916.000085980491,93.622035,66.07086067632851,22.271718811974726,1.2151292585179458,38,64,,False,True,,955,21.16838264042747
53,2026-09-14T02:08:15.872+00:00,2026-09-14T02:10:56.992+00:00,2026-09-14T02:11:05.252+00:00,True,130,130.0,,130.0,161120.839516,169380.298588,169380.298389,1302.925372223077,41.947631,161120.839516,14125.631835588534,91.52546840000001,64.0268145116279,20.611467803241517,0.7675036653242152,38,64,,False,True,,576,21.16838264042747
54,2026-09-14T02:08:19.167+00:00,2026-09-14T02:11:03.476+00:00,2026-09-14T02:11:10.066+00:00,True,102,102.0,,102.0,164308.977,170898.731624,170898.73161100002,1675.477760892157,0.0,164308.977,16262.603130307894,93.02798954999999,65.2450952871287,40.67803783712812,0.5968446870888052,38,64,,False,True,,505,21.16838264042747
55,2026-09-14T02:08:22.274+00:00,2026-09-14T02:11:08.462+00:00,2026-09-14T02:11:21.148+00:00,True,192,192.0,,192.0,166187.677313,178874.094977,178874.094985,931.6359113802083,0.0,166187.677313,11988.815568707429,95.432242,66.42103489005235,33.50211081829473,1.0733806928537515,38,64,,False,True,,879,21.16838264042747
56,2026-09-14T02:08:26.887+00:00,2026-09-14T02:11:16.973+00:00,2026-09-14T02:11:24.653+00:00,True,119,119.0,,119.0,170085.421865,177765.58084100002,177765.58076900002,1493.8284098235295,39.472106,170085.421865,15585.754657602665,96.349312,65.08609301694915,22.449454378479608,0.669420927476607,38,64,,False,True,,601,21.16838264042747
57,2026-09-14T02:08:31.831+00:00,2026-09-14T02:11:26.056+00:00,2026-09-14T02:11:39.573+00:00,True,206,206.0,,206.0,174225.105517,187742.510189,187742.51006899998,911.3714081019417,0.01796,174225.105517,12134.472505219715,93.959992,65.93855937560976,74.62836744766658,1.0972475002737538,38,64,,False,True,,702,21.16838264042747
58,2026-09-14T02:08:35.065+00:00,2026-09-14T02:11:31.154+00:00,2026-09-14T02:11:44.475+00:00,True,204,204.0,,204.0,176089.27043,189410.732446,189410.73240500002,928.483982377451,0.0,176089.27043,12324.163010353363,95.61488299999999,65.62296559605912,32.49064650129066,1.0770245031292476,38,64,,False,True,,821,21.16838264042747
59,2026-09-14T02:08:39.533+00:00,2026-09-14T02:11:39.436+00:00,2026-09-14T02:11:54.054+00:00,True,215,215.0,,215.0,179903.02719800003,194520.69427000004,194520.69424100002,904.7474150744188,0.0,179903.02719800003,12264.66927752102,95.11326570000001,68.30685547663552,32.60848341691247,1.1052808587119998,38,64,,False,True,,898,21.16838264042747
60,2026-09-14T02:08:43.435+00:00,2026-09-14T02:11:45.631+00:00,2026-09-14T02:11:57.062+00:00,True,171,171.0,,171.0,182195.81153099998,193627.05556299997,193627.05559899998,1132.3219625672514,41.517602,182195.81153099998,13927.738996885446,95.61056850000001,67.24261195294117,23.213382475802,0.8831410440177981,38,64,,False,True,,835,21.16838264042747
61,2026-09-14T02:08:46.403+00:00,2026-09-14T02:11:50.778+00:00,2026-09-14T02:11:57.656+00:00,True,104,104.0,,104.0,184374.734319,191252.951279,191252.95147300002,1838.9706872403847,39.757796,184374.734319,18072.895109935573,96.90985315,66.77880543689321,21.912398926531644,0.5437824582810473,38,64,,False,True,,475,21.16838264042747
62,2026-09-14T02:08:49.988+00:00,2026-09-14T02:11:57.058+00:00,2026-09-14T02:12:16.271+00:00,True,285,285.0,,285.0,187069.592083,206283.156755,206283.156679,723.8005497508772,0.0,187069.592083,11077.086635745756,99.1399492,67.65339673239437,32.593692022710584,1.3815960763994466,38,64,,False,True,,1388,21.16838264042747
63,2026-09-14T02:08:53.452+00:00,2026-09-14T02:12:04.364+00:00,2026-09-14T02:12:18.601+00:00,True,209,209.0,,209.0,190912.473917,205149.293885,205149.294042,981.5755695789474,0.0,190912.473917,13201.003599279135,98.9084736,68.44624984615385,34.99863075161744,1.0187702625833,38,64,,False,True,,1020,21.16838264042747
64,2026-09-14T02:08:57.492+00:00,2026-09-14T02:12:11.206+00:00,2026-09-14T02:12:18.826+00:00,True,115,115.0,,115.0,193714.41066,201333.740452,201333.740562,1750.7281788,0.0,193714.41066,18057.778216341314,97.5578537,66.83622624561404,42.16243965260066,0.5711908979678305,38,64,,False,True,,534,21.16838264042747
65,2026-09-14T02:09:01.619+00:00,2026-09-14T02:12:18.695+00:00,2026-09-14T02:12:33.692+00:00,True,226,226.0,,226.0,197075.96035299997,212073.07702499998,212073.077076,938.3764472389379,40.896404000000004,197075.96035299997,13104.881099892544,94.44955849999998,66.65385187555555,21.13523458197549,1.0656703961217966,38,64,,False,True,,767,21.16838264042747
66,2026-09-14T02:09:05.025+00:00,2026-09-14T02:12:24.388+00:00,2026-09-14T02:12:31.210+00:00,True,105,105.0,,105.0,199362.883528,206184.589768,206184.589761,1963.6627596285714,40.190864999999995,199362.883528,19449.435283070026,94.0819794,65.59332923076923,21.04729411581368,0.509252413665573,38,64,,False,True,,534,21.16838264042747
67,2026-09-14T02:09:08.301+00:00,2026-09-14T02:12:31.205+00:00,2026-09-14T02:12:45.971+00:00,True,226,226.0,,226.0,202904.14134,217669.988892,217669.98891000001,963.1415438495575,31.885253000000002,202904.14134,13492.6343181784,94.0403745,65.62598912,21.454164606992038,1.0382689922042172,38,64,,False,True,,1052,21.16838264042747
68,2026-09-14T02:09:13.088+00:00,2026-09-14T02:12:39.754+00:00,2026-09-14T02:12:54.429+00:00,True,225,225.0,,225.0,206665.905813,221341.294485,221341.294664,983.7390873955555,0.0,206665.905813,13773.616755363586,93.92109540000001,65.515128,84.39037618860908,1.016529701443704,38,64,,False,True,,1157,21.16838264042747
69,2026-09-14T02:09:16.015+00:00,2026-09-14T02:12:44.650+00:00,2026-09-14T02:12:53.924+00:00,True,145,145.0,,145.0,208634.647776,217909.028832,217909.02888,1502.8208888275863,0.0,208634.647776,17321.115425699874,94.43766099999999,64.405424,102.22585480606578,0.6654152917720071,38,64,,False,True,,582,21.16838264042747
70,2026-09-14T02:09:19.677+00:00,2026-09-14T02:12:52.385+00:00,2026-09-14T02:13:03.778+00:00,True,183,183.0,,183.0,212707.87126800002,224101.394468,224101.394326,1224.5977832021858,0.016030000000000003,212707.87126800002,15719.213876460564,95.786081,62.601775824175824,27.10398076076433,0.8165946509812148,38,64,,False,True,,859,21.16838264042747
71,2026-09-14T02:09:22.884+00:00,2026-09-14T02:12:57.880+00:00,2026-09-14T02:13:12.864+00:00,True,226,226.0,,226.0,214995.107172,229979.840356,229979.84030699998,1017.6099128628318,37.8317,214995.107172,14296.848178553537,95.6523085,66.59881415111111,21.748977173423043,0.9826948294692293,38,64,,False,True,,924,21.16838264042747
72,2026-09-14T02:09:25.861+00:00,2026-09-14T02:13:01.834+00:00,2026-09-14T02:13:15.512+00:00,True,206,206.0,,206.0,215973.05310299998,229651.40907099997,229651.409046,1114.8126652718445,32.960761,215973.05310299998,15042.922262940287,94.32752849999999,66.72368764878048,21.642722647868915,0.897011696263149,38,64,,False,True,,868,21.16838264042747
73,2026-09-14T02:09:29.843+00:00,2026-09-14T02:13:08.873+00:00,2026-09-14T02:13:18.941+00:00,True,153,153.0,,153.0,219030.07821900002,229097.36013900003,229097.360182,1497.3683672026145,40.906993,219030.07821900002,17702.191348931436,95.32365300000001,66.23211789473685,22.008179510880414,0.6678383369724141,38,64,,False,True,,556,21.16838264042747
74,2026-09-14T02:09:34.508+00:00,2026-09-14T02:13:17.373+00:00,2026-09-14T02:13:36.171+00:00,True,286,286.0,,286.0,222864.64605500002,241662.79568700003,241662.795562,844.9748096573427,0.0,222864.64605500002,13174.407423268822,92.66460325,65.9584197614035,34.43401849574275,1.1834672324590054,38,64,,False,True,,1144,21.16838264042747
75,2026-09-14T02:09:37.651+00:00,2026-09-14T02:13:22.581+00:00,2026-09-14T02:13:37.390+00:00,True,225,225.0,,225.0,224929.49599700002,239739.14079700003,239739.14096900003,1065.5072931955556,0.0,224929.49599700002,14990.937535202082,93.54699919999999,66.11448571428572,36.99078668816454,0.9385200900111657,38,64,,False,True,,760,21.16838264042747
76,2026-09-14T02:09:42.304+00:00,2026-09-14T02:13:30.396+00:00,2026-09-14T02:13:40.052+00:00,True,148,148.0,,148.0,228092.10899799998,237748.37651799998,237748.376379,1606.4079485067566,0.0,228092.10899799998,18743.70594777234,92.10890314999999,65.68889469387754,43.300900351032936,0.6225068796160418,38,64,,False,True,,590,21.16838264042747
77,2026-09-14T02:09:45.256+00:00,2026-09-14T02:13:35.798+00:00,2026-09-14T02:13:51.592+00:00,True,237,237.0,,237.0,230542.595193,246336.35980099998,246336.35962399998,1039.393922464135,39.529205999999995,230542.595193,14971.020481410544,96.647406,66.9227313898305,22.46122249949916,0.9620991403439498,38,64,,False,True,,933,21.16838264042747
78,2026-09-14T02:09:50.161+00:00,2026-09-14T02:13:45.894+00:00,2026-09-14T02:13:56.358+00:00,True,157,157.0,,157.0,235732.87111100001,246196.966599,246196.966419,1568.1335440700639,38.948687,235732.87111100001,18808.19088346111,96.3636806,67.07753517948717,22.173170283076253,0.6377007896109379,38,64,,False,True,,739,21.16838264042747
79,2026-09-14T02:09:55.245+00:00,2026-09-14T02:13:54.180+00:00,2026-09-14T02:14:13.448+00:00,True,284,284.0,,284.0,238934.966593,258202.691649,258202.691605,909.1644070598592,0.0,238934.966593,14174.18910628588,96.23871100000001,68.08383412014135,36.70061570416355,1.0999110744595522,38,64,,False,True,,1304,21.16838264042747
80,2026-09-14T02:09:58.289+00:00,2026-09-14T02:13:59.907+00:00,2026-09-14T02:14:13.817+00:00,True,206,206.0,,206.0,241617.796396,255527.383852,255527.38366,1240.4241925242718,0.0,241617.796396,16829.63411918398,96.30949325,67.85164612682927,41.94213675016711,0.8061758270076996,38,64,,False,True,,891,21.16838264042747
81,2026-09-14T02:10:01.169+00:00,2026-09-14T02:14:05.627+00:00,2026-09-14T02:14:18.450+00:00,True,188,188.0,,188.0,244458.338375,257280.899399,257280.899415,1368.5154224202126,0.0,244458.338375,17824.007683450236,96.07357815000002,68.56984504812834,43.140678451659134,0.7307188385891142,38,64,,False,True,,831,21.16838264042747
82,2026-09-14T02:10:04.290+00:00,2026-09-14T02:14:11.396+00:00,2026-09-14T02:14:20.257+00:00,True,132,132.0,,132.0,247106.26100799997,255967.63137599998,255967.63147499997,1939.1487232954544,0.0,247106.26100799997,21502.007999305148,96.45968845000002,67.64404861068702,49.39992865884407,0.5156902038371426,38,64,,False,True,,543,21.16838264042747
83,2026-09-14T02:10:08.904+00:00,2026-09-14T02:14:20.252+00:00,2026-09-14T02:14:36.856+00:00,True,252,252.0,,252.0,251348.334711,267952.673911,267952.67396600003,1063.3042617698413,0.015,251348.334711,15829.550721412332,93.603987,66.15274581673307,91.10702109955241,0.940464583994789,38,64,,False,True,,1311,21.16838264042747
84,2026-09-14T02:10:13.442+00:00,2026-09-14T02:14:27.849+00:00,2026-09-14T02:14:35.705+00:00,True,117,117.0,,117.0,254407.20158899997,262263.342389,262263.342226,2241.5670275726493,0.015550000000000001,254407.20158899997,23514.068502282156,93.7761186,67.72535172413794,133.48225158312343,0.446116483280613,38,64,,False,True,,544,21.16838264042747
85,2026-09-14T02:10:16.561+00:00,2026-09-14T02:14:33.366+00:00,2026-09-14T02:14:49.475+00:00,True,246,246.0,,246.0,256804.292686,272913.736526,272913.736511,1109.4054329715448,35.498535000000004,256804.292686,16369.065079205286,92.96030224999998,65.752832,21.17767135201808,0.9013837234116795,38,64,,False,True,,1153,21.16838264042747
86,2026-09-14T02:10:21.510+00:00,2026-09-14T02:14:41.868+00:00,2026-09-14T02:14:59.727+00:00,True,269,269.0,,269.0,260358.58060800002,278217.852544,278217.852624,1034.267110126394,0.0,260358.58060800002,15870.326845507108,95.9695132,66.6390743880597,38.726640398757766,0.9668682204980278,38,64,,False,True,,1265,21.16838264042747
87,2026-09-14T02:10:24.320+00:00,2026-09-14T02:14:46.213+00:00,2026-09-14T02:14:59.536+00:00,True,198,198.0,,198.0,261893.283329,275215.500033,275215.500098,1389.9772732222223,0.0,261893.283329,18607.188238698483,94.71333465,67.62546550253808,42.796633978896374,0.7194362235275942,38,64,,False,True,,1135,21.16838264042747
88,2026-09-14T02:10:28.426+00:00,2026-09-14T02:14:53.698+00:00,2026-09-14T02:15:11.930+00:00,True,270,270.0,,270.0,265271.65676600003,283503.56153400004,283503.56158200005,1050.0131910444445,0.0,265271.65676600003,16139.840755000436,96.13518390000002,67.77659765055762,38.85155463802003,0.9523689880263442,38,64,,False,True,,877,21.16838264042747
89,2026-09-14T02:10:31.729+00:00,2026-09-14T02:14:59.728+00:00,2026-09-14T02:15:07.471+00:00,True,112,112.0,,112.0,267999.54673500004,275742.72907100007,275742.72888000007,2461.988650714286,40.522524,267999.54673500004,25316.994334119423,94.48085195,69.75839942342343,21.469103157714635,0.40617571450510126,38,64,,False,True,,531,21.16838264042747
90,2026-09-14T02:10:35.775+00:00,2026-09-14T02:15:06.282+00:00,2026-09-14T02:15:17.814+00:00,True,174,174.0,,174.0,270507.36764300003,282038.670555,282038.67072800006,1620.9119007356323,39.743695,270507.36764300003,20502.070072265054,96.76888015,66.65493012716763,22.751745137333735,0.6169366762990343,38,64,,False,True,,710,21.16838264042747
91,2026-09-14T02:10:39.692+00:00,2026-09-14T02:15:13.465+00:00,2026-09-14T02:15:33.757+00:00,True,298,298.0,,298.0,273773.205011,294065.294099,294065.294117,986.7962889832214,39.917956,273773.205011,15855.31436224844,95.9586825,68.32353228282828,22.76561372536512,1.0133803817722038,38,64,,False,True,,1178,21.16838264042747
92,2026-09-14T02:10:44.143+00:00,2026-09-14T02:15:21.051+00:00,2026-09-14T02:15:38.095+00:00,True,249,249.0,,249.0,276907.943165,293951.907325,293951.907466,1180.5297488594379,36.459162,276907.943165,17543.987191019467,96.06366899999999,68.72566193548387,22.701413135381404,0.8470773408682117,38,64,,False,True,,977,21.16838264042747
93,2026-09-14T02:10:49.103+00:00,2026-09-14T02:15:30.898+00:00,2026-09-14T02:15:49.519+00:00,False,271,270.0,,270.0,281794.802468,300415.45833999995,300415.458312,1108.544126612546,0.03434,281794.802468,17113.668154331226,95.4986225,68.96539211851852,38.12965139365478,0.8987553486492804,38,64,,False,False,Request timeout: 300.0s exceeded,1239,21.16838264042747
94,2026-09-14T02:10:52.434+00:00,2026-09-14T02:15:36.532+00:00,2026-09-14T02:15:51.166+00:00,True,222,222.0,,222.0,284098.37769700005,298732.39011300006,298732.39001900004,1345.6413964819822,0.0,284098.37769700005,19063.038188721068,96.10544094999999,66.21725075113122,42.76564370485948,0.7431400388689862,38,64,,False,True,,1110,21.16838264042747
95,2026-09-14T02:10:55.786+00:00,2026-09-14T02:15:42.107+00:00,2026-09-14T02:15:52.095+00:00,True,157,157.0,,157.0,286321.52695200004,296308.76458400005,296308.764673,1887.3169724394907,0.0,286321.52695200004,22845.887057445627,95.28755379999998,64.02075405128205,48.39508439682038,0.5298527035486739,38,64,,False,True,,735,21.16838264042747
96,2026-09-14T02:10:59.257+00:00,2026-09-14T02:15:49.536+00:00,2026-09-14T02:15:59.291+00:00,False,150,149.0,,149.0,290278.53225199995,300034.08527599997,300034.08533199993,2000.2272355466664,0.0,290278.53225199995,23695.809095921017,94.507042,65.47351022818792,24.003130172431735,0.49661024300934203,38,64,,False,False,Request timeout: 300.0s exceeded,287,21.16838264042747
97,2026-09-14T02:11:04.340+00:00,2026-09-14T02:15:56.663+00:00,2026-09-14T02:16:04.371+00:00,False,110,109.0,,109.0,292322.691378,300030.67064200004,300030.670732,2727.551552109091,0.02244,292322.691378,27865.140407860712,91.04448244999999,70.71540609174312,20.993562294625672,0.3632961915752274,38,64,,False,False,Request timeout: 300.0s exceeded,483,21.16838264042747
98,2026-09-14T02:11:08.495+00:00,2026-09-14T02:16:02.000+00:00,2026-09-14T02:16:08.541+00:00,False,98,97.0,,97.0,293505.673346,300046.58675400005,300046.58689200005,3061.699866244898,0.03662,293505.673346,29641.74536953385,88.57451950000001,67.43209698969072,20.12738679642744,0.3232831309610185,38,64,,False,False,Request timeout: 300.0s exceeded,439,21.16838264042747
99,2026-09-14T02:11:13.254+00:00,2026-09-14T02:16:07.228+00:00,2026-09-14T02:16:13.284+00:00,False,90,89.0,,89.0,293973.683571,300030.273395,300030.273442,3333.6697049111112,0.0359,293973.683571,30980.380242858213,87.82365954999999,68.05157105617978,20.07930429399409,0.29663673266340185,38,64,,False,False,Request timeout: 300.0s exceeded,427,21.16838264042747
100,2026-09-14T02:11:16.444+00:00,2026-09-14T02:16:10.446+00:00,2026-09-14T02:16:16.530+00:00,False,92,91.0,,91.0,294002.387741,300086.184221,300086.18425399996,3261.8063505869563,0.02273,294002.387741,30644.904305043347,87.95525945000001,66.85490637362638,20.232047117519844,0.30324621653685524,38,64,,False,False,Request timeout: 300.0s exceeded,500,21.16838264042747
101,2026-09-14T02:11:20.856+00:00,2026-09-14T02:16:14.487+00:00,2026-09-14T02:16:20.874+00:00,False,95,94.0,,94.0,293631.493137,300018.539537,300018.539398,3158.0898884000003,0.03699,293631.493137,30118.99083859013,86.2326937,67.94730212765957,19.95421090665743,0.31331397101347264,38,64,,False,False,Request timeout: 300.0s exceeded,418,21.16838264042747
102,2026-09-14T02:11:24.823+00:00,2026-09-14T02:16:18.208+00:00,2026-09-14T02:16:24.879+00:00,False,99,98.0,,98.0,293384.260994,300055.652482,300055.652473,3030.8651764949495,0.023149999999999997,293384.260994,29479.392470018007,87.99409390000001,68.07542334693878,19.883845672358746,0.3266060785369771,38,64,,False,False,Request timeout: 300.0s exceeded,503,21.16838264042747
103,2026-09-14T02:11:28.343+00:00,2026-09-14T02:16:22.188+00:00,2026-09-14T02:16:28.381+00:00,False,96,95.0,,95.0,293845.098518,300038.486294,300038.486338,3125.4008993541665,0.036039,293845.098518,29983.79310240484,88.6789205,65.19355553684211,20.75690157773823,0.3166260474561651,38,64,,False,False,Request timeout: 300.0s exceeded,423,21.16838264042747
104,2026-09-14T02:11:32.934+00:00,2026-09-14T02:16:26.791+00:00,2026-09-14T02:16:33.007+00:00,False,104,103.0,,103.0,293856.98463,300072.85023000004,300072.850144,2885.315866769231,0.0158,293856.98463,28809.56410680556,91.279834,60.34820970873786,158.84935628882332,0.3432499805332355,38,64,,False,False,Request timeout: 300.0s exceeded,413,21.16838264042747
105,2026-09-14T02:11:36.887+00:00,2026-09-14T02:16:30.630+00:00,2026-09-14T02:16:36.947+00:00,False,102,101.0,,101.0,293742.662326,300059.61055,300059.610607,2941.7608883039215,0.016309999999999998,293742.662326,29079.088614687465,90.7071585,62.54404182178218,157.7887732217354,0.33659978367255133,38,64,,False,False,Request timeout: 300.0s exceeded,448,21.16838264042747
106,2026-09-14T02:11:40.595+00:00,2026-09-14T02:16:34.656+00:00,2026-09-14T02:16:40.633+00:00,False,84,83.0,,83.0,294060.62785000005,300037.70919400005,300037.70903,3571.8774884523814,0.025329,294060.62785000005,32076.793368404655,89.4711931,72.01302824096386,19.286590010360342,0.2766318947807104,38,64,,False,False,Request timeout: 300.0s exceeded,391,21.16838264042747
107,2026-09-14T02:11:43.425+00:00,2026-09-14T02:16:36.946+00:00,2026-09-14T02:16:43.476+00:00,False,100,99.0,,99.0,293520.982337,300050.75334500003,300050.75327700004,3000.50753277,0.0,293520.982337,29345.570358564903,89.1194498,65.9572829090909,63.42719069297131,0.32994418076387644,38,64,,False,False,Request timeout: 300.0s exceeded,256,21.16838264042747
108,2026-09-14T02:11:46.738+00:00,2026-09-14T02:16:39.792+00:00,2026-09-14T02:16:46.753+00:00,False,110,109.0,,109.0,293054.358075,300015.462715,300015.462704,2727.413297309091,0.0,293054.358075,27935.614045371396,87.52330045000002,63.86334532110092,61.22320065983086,0.3633146072325768,38,64,,False,False,Request timeout: 300.0s exceeded,575,21.16838264042747
109,2026-09-14T02:11:49.927+00:00,2026-09-14T02:16:43.160+00:00,2026-09-14T02:16:49.947+00:00,False,105,104.0,,104.0,293233.22418900003,300020.24934100005,300020.24926400004,2857.3357072761905,0.10608,293233.22418900003,28610.271195983492,88.91786220000002,65.25985723076923,20.70247121537748,0.3466432690074683,38,64,,False,False,Request timeout: 300.0s exceeded,473,21.16838264042747
110,2026-09-14T02:11:53.212+00:00,2026-09-14T02:16:46.883+00:00,2026-09-14T02:16:53.226+00:00,False,94,93.0,,93.0,293670.69567299995,300013.91999299993,300013.91998799995,3191.6374466808506,0.04254,293670.69567299995,30282.791385435572,89.58168495,68.20671311827958,20.521676204271476,0.3099856166746194,38,64,,False,False,Request timeout: 300.0s exceeded,457,21.16838264042747
111,2026-09-14T02:11:57.029+00:00,2026-09-14T02:16:51.143+00:00,2026-09-14T02:16:57.046+00:00,False,87,86.0,,86.0,294113.33526200004,300016.29411,300016.29426900006,3448.4631525172417,0.02576,294113.33526200004,31524.906634021845,88.27700410000001,68.63905637209302,19.84526031258886,0.2866510975849478,38,64,,False,False,Request timeout: 300.0s exceeded,375,21.16838264042747
112,2026-09-14T02:11:59.887+00:00,2026-09-14T02:16:53.655+00:00,2026-09-14T02:16:59.937+00:00,False,91,90.0,,90.0,293768.24532700004,300049.75879900006,300049.75875300006,3297.2500961868136,0.023379999999999998,293768.24532700004,30787.969699549885,90.160341,69.79459413333333,20.04420619027217,0.29995024945275817,38,64,,False,False,Request timeout: 300.0s exceeded,368,21.16838264042747
113,2026-09-14T02:12:04.706+00:00,2026-09-14T02:16:58.538+00:00,2026-09-14T02:17:04.787+00:00,False,94,93.0,,93.0,293831.789789,300080.198365,300080.198467,3192.342536882979,0.02518,293831.789789,30299.512154713073,89.83216165,67.1871889892473,20.56329627848284,0.30991715050414703,38,64,,False,False,Request timeout: 300.0s exceeded,437,21.16838264042747
114,2026-09-14T02:12:09.042+00:00,2026-09-14T02:17:02.526+00:00,2026-09-14T02:17:09.064+00:00,False,94,93.0,,93.0,293484.259747,300021.83926700003,300021.839139,3191.7216929680853,0.03018,293484.259747,30263.34610326073,89.89310195,70.29655397849463,20.01053492539396,0.30997743440015385,38,64,,False,False,Request timeout: 300.0s exceeded,457,21.16838264042747
115,2026-09-14T02:12:13.388+00:00,2026-09-14T02:17:07.452+00:00,2026-09-14T02:17:13.440+00:00,False,86,85.0,,85.0,294064.34035,300052.027262,300052.027376,3488.977062511628,0.02618,294064.34035,31702.183000949273,88.85296699999999,70.44337543529412,19.26626097832355,0.2832842049948209,38,64,,False,False,Request timeout: 300.0s exceeded,284,21.16838264042747
116,2026-09-14T02:12:18.121+00:00,2026-09-14T02:17:11.996+00:00,2026-09-14T02:17:18.196+00:00,False,92,91.0,,91.0,293874.299489,300074.476897,300074.476925,3261.6790970108696,0.02266,293874.299489,30631.416673365035,88.14057255,68.13381767032968,19.96161761738368,0.3032580476054136,38,64,,False,False,Request timeout: 300.0s exceeded,413,21.16838264042747
117,2026-09-14T02:12:22.863+00:00,2026-09-14T02:17:16.743+00:00,2026-09-14T02:17:22.940+00:00,False,92,91.0,,91.0,293880.035134,300077.15385400003,300077.153948,3261.7081950869565,0.04244,293880.035134,30632.018194244352,89.46084730000001,68.10020571428572,20.015041966651907,0.3032553422719921,38,64,,False,False,Request timeout: 300.0s exceeded,366,21.16838264042747
118,2026-09-14T02:12:27.854+00:00,2026-09-14T02:17:21.182+00:00,2026-09-14T02:17:27.928+00:00,False,98,97.0,,97.0,293328.264056,300074.229368,300074.22936999996,3061.9819323469387,0.03732,293328.264056,29623.61048125329,88.23844265,69.5460341443299,19.663868134271667,0.3232533503603296,38,64,,False,False,Request timeout: 300.0s exceeded,495,21.16838264042747
119,2026-09-14T02:12:31.172+00:00,2026-09-14T02:17:25.074+00:00,2026-09-14T02:17:31.221+00:00,False,92,91.0,,91.0,293902.301472,300049.706528,300049.706687,3261.4098552934784,0.038439999999999995,293902.301472,30634.397025091996,90.14628809999998,67.55390171428571,20.698363349712686,0.3032830828365035,38,64,,False,False,Request timeout: 300.0s exceeded,366,21.16838264042747
120,2026-09-14T02:12:34.504+00:00,2026-09-14T02:17:28.214+00:00,2026-09-14T02:17:34.597+00:00,False,94,93.0,,93.0,293709.893361,300093.648881,300093.649041,3192.4856280957447,0.05273,293709.893361,30286.788783732205,88.981747,68.64253247311828,19.63402710688484,0.3099032596883731,38,64,,False,False,Request timeout: 300.0s exceeded,463,21.16838264042747
121,2026-09-14T02:12:38.534+00:00,2026-09-14T02:17:32.330+00:00,2026-09-14T02:17:38.556+00:00,False,96,95.0,,95.0,293795.882949,300022.494917,300022.494735,3125.23432015625,0.0,293795.882949,29978.798379656073,87.65979650000001,65.54328387368422,65.64852216726769,0.3166429238123673,38,64,,False,False,Request timeout: 300.0s exceeded,400,21.16838264042747
122,2026-09-14T02:12:43.335+00:00,2026-09-14T02:17:36.930+00:00,2026-09-14T02:17:43.409+00:00,False,98,97.0,,97.0,293595.290341,300073.838309,300073.838314,3061.977941979592,0.0,293595.290341,29650.927212626604,91.3718922,66.78915430927836,65.21357957158264,0.32325377162708396,38,64,,False,False,Request timeout: 300.0s exceeded,410,21.16838264042747
123,2026-09-14T02:12:47.203+00:00,2026-09-14T02:17:41.152+00:00,2026-09-14T02:17:47.220+00:00,False,86,85.0,,85.0,293948.810758,300016.60467800003,300016.60465,3488.5651703488375,0.022920000000000003,293948.810758,31689.62351697346,87.886119,71.38581082352941,19.29167939905572,0.2833176520053891,38,64,,False,False,Request timeout: 300.0s exceeded,417,21.16838264042747
124,2026-09-14T02:12:52.378+00:00,2026-09-14T02:17:45.011+00:00,2026-09-14T02:17:52.458+00:00,False,109,108.0,,108.0,292633.05390600004,300080.35809800006,300080.35807,2753.030807981652,0.03756,292633.05390600004,28022.565815191178,91.644234,68.9565202962963,20.67498364723232,0.3599035961051787,38,64,,False,False,Request timeout: 300.0s exceeded,319,21.16838264042747
125,2026-09-14T02:12:55.858+00:00,2026-09-14T02:17:49.719+00:00,2026-09-14T02:17:55.869+00:00,False,93,92.0,,92.0,293860.990597,300010.645893,300010.645925,3225.920923924731,0.02168,293860.990597,30465.040876857496,90.01276539999999,66.84407930434783,20.859344321740025,0.3066557845844316,38,64,,False,False,Request timeout: 300.0s exceeded,535,21.16838264042747
126,2026-09-14T02:13:00.607+00:00,2026-09-14T02:17:54.469+00:00,2026-09-14T02:18:00.652+00:00,False,93,92.0,,92.0,293861.600073,300045.148745,300045.148619,3226.2919206344086,0.018449999999999998,293861.600073,30465.06560733432,89.3370132,67.21248556521739,20.460611365481252,0.3066205215608676,38,64,,False,False,Request timeout: 300.0s exceeded,388,21.16838264042747
127,2026-09-14T02:13:03.529+00:00,2026-09-14T02:17:57.364+00:00,2026-09-14T02:18:03.611+00:00,False,94,93.0,,93.0,293835.140379,300082.244123,300082.24410199997,3192.364298957447,0.04519,293835.140379,30299.858967689393,89.15309565,67.17315853763441,20.231152532725776,0.30991503769839995,38,64,,False,False,Request timeout: 300.0s exceeded,395,21.16838264042747
128,2026-09-14T02:13:06.516+00:00,2026-09-14T02:18:00.108+00:00,2026-09-14T02:18:06.580+00:00,False,95,94.0,,94.0,293591.93010299996,300064.42367099994,300064.42370899994,3158.572881147368,0.04543,293591.93010299996,30114.838284051868,88.32311570000002,68.85631455319148,19.629873336898036,0.31326606083453784,38,64,,False,False,Request timeout: 300.0s exceeded,518,21.16838264042747
129,2026-09-14T02:13:10.105+00:00,2026-09-14T02:18:03.865+00:00,2026-09-14T02:18:10.120+00:00,False,91,90.0,,90.0,293759.202566,300014.238214,300014.238242,3296.859760901099,0.02341,293759.202566,30787.053037506146,90.480924,69.50039608888888,20.711007671790902,0.29998576246172376,38,64,,False,False,Request timeout: 300.0s exceeded,358,21.16838264042747
130,2026-09-14T02:13:13.209+00:00,2026-09-14T02:18:07.100+00:00,2026-09-14T02:18:13.234+00:00,False,90,89.0,,89.0,293891.329506,300025.76048199995,300025.76046699996,3333.6195607444442,0.03548,293891.329506,30971.607542685782,89.9811734,68.92619074157304,20.650839565978643,0.2966411945994869,38,64,,False,False,Request timeout: 300.0s exceeded,334,21.16838264042747
131,2026-09-14T02:13:17.663+00:00,2026-09-14T02:18:11.332+00:00,2026-09-14T02:18:17.696+00:00,False,97,96.0,,96.0,293669.364724,300033.333236,300033.333389,3093.127148340206,0.03628,293669.364724,29810.88251035934,89.367446,66.29133866666666,20.605573941977212,0.319964448498422,38,64,,False,False,Request timeout: 300.0s exceeded,363,21.16838264042747
132,2026-09-14T02:13:22.125+00:00,2026-09-14T02:18:15.748+00:00,2026-09-14T02:18:22.143+00:00,False,96,95.0,,95.0,293622.335371,300017.703307,300017.70331,3125.184409479167,0.02265,293622.335371,29960.840047658465,87.2409025,67.31966248421053,20.169632579991045,0.3166479809452747,38,64,,False,False,Request timeout: 300.0s exceeded,336,21.16838264042747
133,2026-09-14T02:13:26.183+00:00,2026-09-14T02:18:19.593+00:00,2026-09-14T02:18:26.262+00:00,False,101,100.0,,100.0,293410.062893,300079.794989,300079.79509300005,2971.0870801287133,0.049049999999999996,293410.062893,29188.763133070963,88.610075,66.69732096,20.759805046018197,0.333244695810545,38,64,,False,False,Request timeout: 300.0s exceeded,223,21.16838264042747
134,2026-09-14T02:13:30.039+00:00,2026-09-14T02:18:23.627+00:00,2026-09-14T02:18:30.065+00:00,False,93,92.0,,92.0,293588.135278,300026.38603,300026.38610999996,3226.090173225806,0.02131,293588.135278,30436.420990455474,90.23471260000001,69.98098643478261,19.593094135809526,0.3066396966525498,38,64,,False,False,Request timeout: 300.0s exceeded,570,21.16838264042747
135,2026-09-14T02:13:33.462+00:00,2026-09-14T02:18:27.011+00:00,2026-09-14T02:18:33.488+00:00,False,99,98.0,,98.0,293549.396617,300025.734025,300025.733946,3030.562969151515,0.0,293549.396617,29496.247710241474,92.68437960000001,66.08507559183674,62.282686735007815,0.32663864757625766,38,64,,False,False,Request timeout: 300.0s exceeded,514,21.16838264042747
136,2026-09-14T02:13:38.164+00:00,2026-09-14T02:18:32.809+00:00,2026-09-14T02:18:38.237+00:00,False,82,81.0,,81.0,294645.340411,300073.606907,300073.606976,3659.4342314146343,0.02302,294645.340411,32530.740957921873,90.53789909999999,67.01563575308641,21.480698039019163,0.26993377003364327,38,64,,False,False,Request timeout: 300.0s exceeded,353,21.16838264042747
137,2026-09-14T02:13:42.131+00:00,2026-09-14T02:18:35.945+00:00,2026-09-14T02:18:42.150+00:00,False,91,90.0,,90.0,293813.75976499997,300018.705685,300018.70568599994,3296.9088536923073,0.04157,293813.75976499997,30792.830468763306,89.78306549999999,68.94384355555555,20.62287952486087,0.29998129548126945,38,64,,False,False,Request timeout: 300.0s exceeded,477,21.16838264042747
138,2026-09-14T02:13:47.014+00:00,2026-09-14T02:18:41.104+00:00,2026-09-14T02:18:47.087+00:00,False,94,93.0,,93.0,294090.242881,300073.632833,300073.632931,3192.2726907553188,0.039409,294090.242881,30326.463784047737,88.74974015,64.3375263655914,21.026467779723067,0.30992393140971936,38,64,,False,False,Request timeout: 300.0s exceeded,512,21.16838264042747
139,2026-09-14T02:13:51.016+00:00,2026-09-14T02:18:44.845+00:00,2026-09-14T02:18:51.028+00:00,False,93,92.0,,92.0,293828.834197,300011.678357,300011.67851500004,3225.9320270430107,0.02361,293828.834197,30461.668812002295,89.4111452,67.20482782608696,20.570536631258353,0.30665472925532006,38,64,,False,False,Request timeout: 300.0s exceeded,426,21.16838264042747
140,2026-09-14T02:13:55.414+00:00,2026-09-14T02:18:48.819+00:00,2026-09-14T02:18:55.434+00:00,False,97,96.0,,96.0,293404.390138,300020.06885800004,300020.06897100003,3092.990401762887,0.02194,293404.390138,29783.711844152727,90.068852,68.91332,20.07607637204365,0.3199785946500697,38,64,,False,False,Request timeout: 300.0s exceeded,428,21.16838264042747
141,2026-09-14T02:14:00.009+00:00,2026-09-14T02:18:53.669+00:00,2026-09-14T02:19:00.059+00:00,False,105,104.0,,104.0,293659.969915,300049.29957900004,300049.29949600005,2857.6123761523813,0.015529999999999999,293659.969915,28652.855736285663,87.05082200000001,61.43586215384615,182.02954281037066,0.346609707624456,38,64,,False,False,Request timeout: 300.0s exceeded,433,21.16838264042747
142,2026-09-14T02:14:04.486+00:00,2026-09-14T02:18:59.484+00:00,2026-09-14T02:19:04.504+00:00,False,76,75.0,,75.0,294998.18088,300018.207248,300018.207039,3947.607987355263,0.02594,294998.18088,33830.94192338262,92.607529,66.93368490666667,22.926408142331866,0.24998482821412155,38,64,,False,False,Request timeout: 300.0s exceeded,405,21.16838264042747
143,2026-09-14T02:14:07.670+00:00,2026-09-14T02:19:01.210+00:00,2026-09-14T02:19:07.688+00:00,False,99,98.0,,98.0,293539.557939,300017.98353900004,300017.983512,3030.4846819393942,0.042449,293539.557939,29495.198455393864,87.25098799999999,66.10638367346938,20.1262689841927,0.32664708576464635,38,64,,False,False,Request timeout: 300.0s exceeded,413,21.16838264042747
144,2026-09-14T02:14:11.462+00:00,2026-09-14T02:19:05.154+00:00,2026-09-14T02:19:11.524+00:00,False,92,91.0,,91.0,293692.657697,300062.800417,300062.800309,3261.5521772717393,0.03719,293692.657697,30612.28393263426,88.2423007,70.00156835164834,19.08566878846761,0.30326984842351823,38,64,,False,False,Request timeout: 300.0s exceeded,458,21.16838264042747
145,2026-09-14T02:14:14.467+00:00,2026-09-14T02:19:08.318+00:00,2026-09-14T02:19:14.493+00:00,False,89,88.0,,88.0,293851.10859500006,300026.41253100004,300026.41243900004,3371.083285831461,0.03811,293851.10859500006,31140.722721857965,89.01879200000002,70.17390836363636,19.322086491039162,0.29330751002099675,38,64,,False,False,Request timeout: 300.0s exceeded,403,21.16838264042747
146,2026-09-14T02:14:18.805+00:00,2026-09-14T02:19:12.763+00:00,2026-09-14T02:19:18.842+00:00,False,86,85.0,,85.0,293957.482457,300036.960985,300036.960994,3488.801872023256,0.04219,293957.482457,31690.54383196628,89.481708,71.52327679999999,19.366625739626166,0.28329843003658967,38,64,,False,False,Request timeout: 300.0s exceeded,279,21.16838264042747
147,2026-09-14T02:14:23.853+00:00,2026-09-14T02:19:17.620+00:00,2026-09-14T02:19:23.908+00:00,False,91,90.0,,90.0,293767.35010399995,300054.47970399994,300054.47971299995,3297.3019748681313,0.03767,293767.35010399995,30787.869291941923,89.15143650000002,69.85699555555556,20.011182038584803,0.29994553018766423,38,64,,False,False,Request timeout: 300.0s exceeded,375,21.16838264042747
148,2026-09-14T02:14:27.589+00:00,2026-09-14T02:19:21.268+00:00,2026-09-14T02:19:27.616+00:00,False,102,101.0,,101.0,293678.562575,300026.446863,300026.446826,2941.435753196078,0.0,293678.562575,29072.361637174705,90.93337000000001,62.85033948514851,65.93650720917343,0.3366369900254802,38,64,,False,False,Request timeout: 300.0s exceeded,420,21.16838264042747
149,2026-09-14T02:14:32.007+00:00,2026-09-14T02:19:26.580+00:00,2026-09-14T02:19:32.071+00:00,False,100,99.0,,99.0,294573.06172299996,300063.68444299995,300063.684525,3000.6368452499996,0.0,294573.06172299996,29451.773379182545,88.3646557,55.460835555555555,28.12200341781882,0.32992996198047425,38,64,,False,False,Request timeout: 300.0s exceeded,374,21.16838264042747
150,2026-09-14T02:14:36.046+00:00,2026-09-14T02:19:29.662+00:00,2026-09-14T02:19:36.127+00:00,False,106,105.0,,105.0,293615.799229,300080.876733,300080.876872,2830.9516686037737,0.03662,293615.799229,28512.514116864626,89.245864,61.572166704761905,20.159492956850894,0.34990566924204514,38,64,,False,False,Request timeout: 300.0s exceeded,468,21.16838264042747
151,2026-09-14T02:14:38.826+00:00,2026-09-14T02:19:33.301+00:00,2026-09-14T02:19:38.883+00:00,False,86,85.0,,85.0,294474.555414,300056.140822,300056.140595,3489.024890639535,0.0361,294474.555414,31746.93319066192,87.74599924999998,65.66571068235294,19.890829109431547,0.28328032136634024,38,64,,False,False,Request timeout: 300.0s exceeded,353,21.16838264042747
152,2026-09-14T02:14:42.350+00:00,2026-09-14T02:19:36.129+00:00,2026-09-14T02:19:42.380+00:00,False,95,94.0,,94.0,293779.457282,300030.068738,300030.068895,3158.2112515263157,0.038889,293779.457282,30134.320997940533,89.4971177,66.49586655319149,20.626528196228378,0.3133019313543707,38,64,,False,False,Request timeout: 300.0s exceeded,419,21.16838264042747
153,2026-09-14T02:14:47.166+00:00,2026-09-14T02:19:41.082+00:00,2026-09-14T02:19:47.217+00:00,False,94,93.0,,93.0,293916.092831,300051.219103,300051.21891299996,3192.034243755319,0.022699999999999998,293916.092831,30308.332645606843,88.17852015,65.96909969892472,20.052438698824457,0.3099470826281677,38,64,,False,False,Request timeout: 300.0s exceeded,396,21.16838264042747
154,2026-09-14T02:14:51.659+00:00,2026-09-14T02:19:44.995+00:00,2026-09-14T02:19:51.718+00:00,False,105,104.0,,104.0,293336.476846,300059.921582,300059.921375,2857.713536904762,0.02427,293336.476846,28620.406925606905,88.35325420000001,64.64850707692308,20.197858068297453,0.34659743777737084,38,64,,False,False,Request timeout: 300.0s exceeded,492,21.16838264042747
155,2026-09-14T02:14:54.841+00:00,2026-09-14T02:19:48.355+00:00,2026-09-14T02:19:54.875+00:00,False,96,95.0,,95.0,293514.06549199997,300033.80104399996,300033.801023,3125.352093989583,0.04986,293514.06549199997,29949.65639980134,90.02767725000001,68.62879528421054,20.483342919355792,0.31663099180638066,38,64,,False,False,Request timeout: 300.0s exceeded,587,21.16838264042747
156,2026-09-14T02:14:58.995+00:00,2026-09-14T02:19:52.798+00:00,2026-09-14T02:19:59.540+00:00,False,98,97.0,,97.0,293802.543738,300544.26098599995,300544.26074999996,3066.7781709183673,0.03929,293802.543738,29671.524432886974,88.13115985,69.5022396701031,19.747757297528242,0.322747803207989,38,64,,False,False,Request timeout: 300.0s exceeded,397,21.16838264042747
157,2026-09-14T02:15:02.510+00:00,2026-09-14T02:19:56.578+00:00,2026-09-14T02:20:02.541+00:00,False,92,91.0,,91.0,294068.283223,300030.792791,300030.792897,3261.2042706195652,0.07376,294068.283223,30651.91364439088,88.56463055,65.52208316483517,20.69489313805774,0.30330220159565474,38,64,,False,False,Request timeout: 300.0s exceeded,418,21.16838264042747
158,2026-09-14T02:15:07.204+00:00,2026-09-14T02:20:01.191+00:00,2026-09-14T02:20:07.254+00:00,False,90,89.0,,89.0,293986.59708499996,300050.20028499997,300050.20019599993,3333.8911132888884,0.026010000000000002,293986.59708499996,30981.733559552104,89.725515,68.13037303370787,20.723383418601454,0.2966170324681142,38,64,,False,False,Request timeout: 300.0s exceeded,368,21.16838264042747
159,2026-09-14T02:15:11.056+00:00,2026-09-14T02:20:04.001+00:00,2026-09-14T02:20:11.121+00:00,False,108,107.0,,107.0,292945.67765100003,300065.39016300003,300065.38999100006,2778.383240657408,0.043559,292945.67765100003,28182.315917248583,88.91902285,66.53936927102804,20.92535646427736,0.3565889419698686,38,64,,False,False,Request timeout: 300.0s exceeded,532,21.16838264042747
160,2026-09-14T02:15:13.886+00:00,2026-09-14T02:20:07.688+00:00,2026-09-14T02:20:13.907+00:00,False,94,93.0,,93.0,293801.781598,300021.419358,300021.41933899996,3191.717227010638,0.02511,293801.781598,30296.449226127686,89.75884029999999,66.87782537634409,20.962632066149297,0.30997786824356005,38,64,,False,False,Request timeout: 300.0s exceeded,432,21.16838264042747
161,2026-09-14T02:15:16.712+00:00,2026-09-14T02:20:10.111+00:00,2026-09-14T02:20:16.775+00:00,False,98,97.0,,97.0,293399.213975,300062.99791100004,300062.997839,3061.8673248877553,0.036789999999999996,293399.213975,29630.863742111113,91.4442385,68.69880346391753,20.637093817854907,0.32326544983987204,38,64,,False,False,Request timeout: 300.0s exceeded,469,21.16838264042747
162,2026-09-14T02:15:20.407+00:00,2026-09-14T02:20:13.520+00:00,2026-09-14T02:20:20.427+00:00,False,101,100.0,,100.0,293112.635068,300020.472764,300020.472796,2970.4997306534656,0.02307,293112.635068,29158.93058815275,88.561523,69.07837696,20.10562605031581,0.33331058737002023,38,64,,False,False,Request timeout: 300.0s exceeded,285,21.16838264042747
163,2026-09-14T02:15:24.241+00:00,2026-09-14T02:20:17.513+00:00,2026-09-14T02:20:24.295+00:00,False,105,104.0,,104.0,293272.47252999997,300053.946578,300053.94641399995,2857.6566325142853,0.0,293272.47252999997,28614.171899535773,88.4293432,65.20648123076923,64.79943612098997,0.34660433960652764,38,64,,False,False,Request timeout: 300.0s exceeded,495,21.16838264042747
164,2026-09-14T02:15:27.867+00:00,2026-09-14T02:20:21.667+00:00,2026-09-14T02:20:27.910+00:00,False,98,97.0,,97.0,293799.961491,300043.670163,300043.670272,3061.670104816327,0.0,293799.961491,29671.849159235087,90.07930465,64.36813063917526,66.36566293025865,0.32328627345247557,38,64,,False,False,Request timeout: 300.0s exceeded,461,21.16838264042747
165,2026-09-14T02:15:32.651+00:00,2026-09-14T02:20:26.204+00:00,2026-09-14T02:20:32.733+00:00,False,98,97.0,,97.0,293552.401105,300081.853649,300081.853611,3062.05973072449,0.029989000000000002,293552.401105,29646.47702095458,87.05925235000001,67.31394375257732,19.369845156021817,0.32324513735328714,38,64,,False,False,Request timeout: 300.0s exceeded,449,21.16838264042747
166,2026-09-14T02:15:37.082+00:00,2026-09-14T02:20:30.860+00:00,2026-09-14T02:20:37.121+00:00,False,87,86.0,,86.0,293778.036326,300039.447654,300039.44785,3448.7292856321837,0.045939999999999995,293778.036326,31488.511274857472,90.32723460000001,72.80710846511627,18.713392010974637,0.2866289771976038,38,64,,False,False,Request timeout: 300.0s exceeded,319,21.16838264042747
167,2026-09-14T02:15:41.110+00:00,2026-09-14T02:20:34.256+00:00,2026-09-14T02:20:41.176+00:00,False,96,95.0,,95.0,293146.018699,300065.181323,300065.181223,3125.6789710729167,0.02023,293146.018699,29911.662725109694,88.80267274999999,72.83329077894737,19.03681546377207,0.31659787910460324,38,64,,False,False,Request timeout: 300.0s exceeded,411,21.16838264042747
168,2026-09-14T02:15:44.267+00:00,2026-09-14T02:20:37.762+00:00,2026-09-14T02:20:44.340+00:00,False,95,94.0,,94.0,293494.386507,300072.972619,300072.97246,3158.6628680000003,0.0489,293494.386507,30104.71527483802,89.5476517,69.98495863829787,20.459725372581513,0.31325713602121363,38,64,,False,False,Request timeout: 300.0s exceeded,447,21.16838264042747
169,2026-09-14T02:15:48.243+00:00,2026-09-14T02:20:42.027+00:00,2026-09-14T02:20:48.288+00:00,False,93,92.0,,92.0,293783.514573,300045.195213,300045.195186,3226.292421354839,0.02879,293783.514573,30456.880788629784,90.12992600000001,68.06174608695652,20.95568824619172,0.3066204740745468,38,64,,False,False,Request timeout: 300.0s exceeded,384,21.16838264042747
170,2026-09-14T02:15:52.890+00:00,2026-09-14T02:20:46.740+00:00,2026-09-14T02:20:52.923+00:00,False,92,91.0,,91.0,293850.51792,300033.180576,300033.18047900003,3261.230222597826,0.02079,293850.51792,30628.958836341753,92.66569304999999,67.94134786813186,22.16125607764663,0.30329978779446765,38,64,,False,False,Request timeout: 300.0s exceeded,423,21.16838264042747
171,2026-09-14T02:15:56.974+00:00,2026-09-14T02:20:50.846+00:00,2026-09-14T02:20:57.016+00:00,False,91,90.0,,90.0,293872.502921,300042.211977,300042.212076,3297.1671656703297,0.024229,293872.502921,30799.02892322056,88.0270995,68.55232284444443,19.786554935362012,0.2999577939616677,38,64,,False,False,Request timeout: 300.0s exceeded,476,21.16838264042747
172,2026-09-14T02:16:00.901+00:00,2026-09-14T02:20:54.444+00:00,2026-09-14T02:21:00.974+00:00,False,96,95.0,,95.0,293543.081792,300073.390144,300073.390217,3125.764481427083,0.023370000000000002,293543.081792,29952.606328523998,89.459249,68.74008791578947,20.222397305254425,0.31658921823894864,38,64,,False,False,Request timeout: 300.0s exceeded,401,21.16838264042747
173,2026-09-14T02:16:04.690+00:00,2026-09-14T02:20:58.217+00:00,2026-09-14T02:21:04.731+00:00,False,96,95.0,,95.0,293526.759743,300041.341247,300041.34119099996,3125.43063740625,0.037770000000000005,293526.759743,29950.957116187234,89.48779325,68.57454214736842,19.84977405311623,0.3166230346963891,38,64,,False,False,Request timeout: 300.0s exceeded,433,21.16838264042747
174,2026-09-14T02:16:09.134+00:00,2026-09-14T02:21:02.768+00:00,2026-09-14T02:21:09.148+00:00,False,95,94.0,,94.0,293634.426964,300014.22728399996,300014.227266,3158.044497536842,0.02411,293634.426964,30119.299942961166,88.6772801,67.87021617021276,20.24416045376894,0.31331847443027283,38,64,,False,False,Request timeout: 300.0s exceeded,458,21.16838264042747
175,2026-09-14T02:16:13.520+00:00,2026-09-14T02:21:07.410+00:00,2026-09-14T02:21:13.542+00:00,False,89,88.0,,88.0,293890.095112,300021.531656,300021.531649,3371.028445494382,0.03582,293890.095112,31144.90904954267,91.00504059999999,69.67541527272726,20.776918772239608,0.29331228166950174,38,64,,False,False,Request timeout: 300.0s exceeded,303,21.16838264042747
176,2026-09-14T02:16:16.970+00:00,2026-09-14T02:21:11.059+00:00,2026-09-14T02:21:17.193+00:00,False,80,79.0,,79.0,294088.748127,300223.071839,300223.071918,3752.788398975,0.05509,294088.748127,32871.51309144882,90.15650955000001,77.64966724050633,69.70808660449399,0.2631376713191622,38,64,,False,False,Request timeout: 300.0s exceeded,373,21.16838264042747
177,2026-09-14T02:16:20.452+00:00,2026-09-14T02:21:14.367+00:00,2026-09-14T02:21:20.511+00:00,False,97,96.0,,96.0,293914.994878,300058.808766,300058.80881,3093.3897815463915,0.0,293914.994878,29836.124068415455,91.0533554,63.99806133333333,67.60501534470919,0.3199372829439756,38,64,,False,False,Request timeout: 300.0s exceeded,473,21.16838264042747
178,2026-09-14T02:16:23.251+00:00,2026-09-14T02:21:17.395+00:00,2026-09-14T02:21:23.321+00:00,False,92,91.0,,91.0,294143.56834600004,300070.252762,300070.25267600006,3261.63318126087,0.0435,294143.56834600004,30659.803479092403,90.54541055,65.12840017582417,20.355548336590612,0.3032623166154908,38,64,,False,False,Request timeout: 300.0s exceeded,309,21.16838264042747
179,2026-09-14T02:16:27.524+00:00,2026-09-14T02:21:21.118+00:00,2026-09-14T02:21:27.547+00:00,False,95,94.0,,94.0,293593.145186,300022.26493,300022.264944,3158.129104673684,0.023530000000000002,293593.145186,30115.009916683488,85.46880800000001,68.39489089361702,19.042218666574083,0.31331008057662557,38,64,,False,False,Request timeout: 300.0s exceeded,394,21.16838264042747
180,2026-09-14T02:16:30.774+00:00,2026-09-14T02:21:24.286+00:00,2026-09-14T02:21:30.795+00:00,False,96,95.0,,95.0,293512.39483999996,300020.82978399994,300020.82970999996,3125.216976145833,0.03041,293512.39483999996,29949.49772462305,89.09361925000002,68.50984151578947,20.026451266051303,0.316644681198953,38,64,,False,False,Request timeout: 300.0s exceeded,238,21.16838264042747
181,2026-09-14T02:16:33.551+00:00,2026-09-14T02:21:27.421+00:00,2026-09-14T02:21:33.597+00:00,False,98,97.0,,97.0,293869.67120599997,300046.27690199995,300046.27674799995,3061.6967015102036,0.02238,293869.67120599997,29678.894590950873,90.48828900000001,63.6763473814433,20.866410424835536,0.3232834648092694,38,64,,False,False,Request timeout: 300.0s exceeded,422,21.16838264042747
182,2026-09-14T02:16:36.477+00:00,2026-09-14T02:21:30.272+00:00,2026-09-14T02:21:36.491+00:00,False,96,95.0,,95.0,293794.923054,300014.70750200003,300014.707674,3125.1532049375,0.03593,293794.923054,29978.64406252808,90.661539,65.47141524210527,21.23286300963822,0.3166511428422778,38,64,,False,False,Request timeout: 300.0s exceeded,509,21.16838264042747
183,2026-09-14T02:16:41.258+00:00,2026-09-14T02:21:35.092+00:00,2026-09-14T02:21:41.345+00:00,False,93,92.0,,92.0,293834.174181,300086.70922099997,300086.70931199996,3226.7388098064516,0.02411,293834.174181,30462.143556392108,88.05269400000002,67.96233739130435,19.907020154581833,0.30657805618524164,38,64,,False,False,Request timeout: 300.0s exceeded,441,21.16838264042747
184,2026-09-14T02:16:45.814+00:00,2026-09-14T02:21:39.349+00:00,2026-09-14T02:21:46.328+00:00,False,78,77.0,,77.0,293534.09363300004,300513.63360100007,300513.63378900004,3852.73889473077,0.048299999999999996,293534.09363300004,33226.7350190624,90.7072537,90.6433762077922,233.10358336713492,0.25622797567392547,38,64,,False,False,Request timeout: 300.0s exceeded,214,21.16838264042747
185,2026-09-14T02:16:50.316+00:00,2026-09-14T02:21:44.053+00:00,2026-09-14T02:21:50.367+00:00,False,105,104.0,,104.0,293736.616644,300050.734532,300050.734505,2857.626042904762,0.01511,293736.616644,28660.614629828353,89.35676299999999,60.712672,212.60995269825307,0.3466080500093178,38,64,,False,False,Request timeout: 300.0s exceeded,502,21.16838264042747
186,2026-09-14T02:16:54.986+00:00,2026-09-14T02:21:48.628+00:00,2026-09-14T02:21:55.039+00:00,False,94,93.0,,93.0,293642.134141,300053.247101,300053.247207,3192.0558213510635,0.02596,293642.134141,30279.769452994966,87.90442714999999,68.93669849462366,19.3807451273329,0.30994498775977436,38,64,,False,False,Request timeout: 300.0s exceeded,497,21.16838264042747
187,2026-09-14T02:16:59.359+00:00,2026-09-14T02:21:53.398+00:00,2026-09-14T02:21:59.428+00:00,False,86,85.0,,85.0,294038.533801,300068.795817,300068.795783,3489.172043988372,0.03546,294038.533801,31699.34637536788,89.25667675000001,70.9442590117647,19.55895212952888,0.28326837440250907,38,64,,False,False,Request timeout: 300.0s exceeded,387,21.16838264042747
188,2026-09-14T02:17:03.406+00:00,2026-09-14T02:21:56.878+00:00,2026-09-14T02:22:03.438+00:00,False,97,96.0,,96.0,293471.54154500004,300031.99466500006,300031.99459600006,3093.1133463505157,0.081819,293471.54154500004,29790.588389776865,89.67553880000001,68.33805333333333,19.993661724662815,0.31996587599662013,38,64,,False,False,Request timeout: 300.0s exceeded,385,21.16838264042747
189,2026-09-14T02:17:07.284+00:00,2026-09-14T02:22:01.253+00:00,2026-09-14T02:22:07.322+00:00,False,90,89.0,,89.0,293968.625381,300037.976037,300037.97609999997,3333.75529,0.03296,293968.625381,30979.83235603005,89.71727895,68.19495119101124,20.704201452822222,0.2966291173388822,38,64,,False,False,Request timeout: 300.0s exceeded,415,21.16838264042747
190,2026-09-14T02:17:11.494+00:00,2026-09-14T02:22:05.480+00:00,2026-09-14T02:22:11.541+00:00,False,93,92.0,,92.0,293986.368571,300047.371579,300047.371578,3226.3158234193547,0.10699,293986.368571,30478.141631572154,89.15424580000001,65.88046747826087,20.48003999557356,0.3066182500311527,38,64,,False,False,Request timeout: 300.0s exceeded,393,21.16838264042747
191,2026-09-14T02:17:14.904+00:00,2026-09-14T02:22:08.487+00:00,2026-09-14T02:22:14.923+00:00,False,104,103.0,,103.0,293583.072017,300018.760465,300018.760312,2884.795772230769,0.0,293583.072017,28782.13529064185,89.69740225000001,62.482412116504854,65.35601762306398,0.34331186436594824,38,64,,False,False,Request timeout: 300.0s exceeded,432,21.16838264042747
192,2026-09-14T02:17:18.880+00:00,2026-09-14T02:22:12.619+00:00,2026-09-14T02:22:18.935+00:00,False,97,96.0,,96.0,293739.800852,300055.345684,300055.34568100004,3093.354079185567,0.038,293739.800852,29818.084932530925,87.934912,65.78692533333333,19.865551740399148,0.31994097549290573,38,64,,False,False,Request timeout: 300.0s exceeded,408,21.16838264042747
193,2026-09-14T02:17:23.848+00:00,2026-09-14T02:22:17.330+00:00,2026-09-14T02:22:23.857+00:00,False,96,95.0,,95.0,293482.729866,300009.163658,300009.163698,3125.0954551875,0.025,293482.729866,29946.450615360016,89.41762649999998,68.69930307368422,19.86830786671252,0.3166569942120058,38,64,,False,False,Request timeout: 300.0s exceeded,477,21.16838264042747
194,2026-09-14T02:17:26.970+00:00,2026-09-14T02:22:20.492+00:00,2026-09-14T02:22:27.041+00:00,False,99,98.0,,98.0,293521.631405,300070.29726099997,300070.297301,3031.013104050505,0.08084000000000001,293521.631405,29493.324922809803,89.9259759,66.82312097959183,20.400242867698076,0.32659013869260106,38,64,,False,False,Request timeout: 300.0s exceeded,286,21.16838264042747
195,2026-09-14T02:17:31.135+00:00,2026-09-14T02:22:24.541+00:00,2026-09-14T02:22:31.192+00:00,False,99,98.0,,98.0,293406.414979,300057.020803,300057.020881,3030.87899879798,0.022539999999999998,293406.414979,29481.64093924502,89.55176390000001,67.86332473469389,20.754354575775622,0.32660458914687784,38,64,,False,False,Request timeout: 300.0s exceeded,494,21.16838264042747
196,2026-09-14T02:17:34.233+00:00,2026-09-14T02:22:27.771+00:00,2026-09-14T02:22:34.317+00:00,False,96,95.0,,95.0,293538.11966799997,300084.05938,300084.05935899995,3125.8756183229166,0.036139000000000004,293538.11966799997,29952.083599798032,92.23455825,68.90462854736842,20.970574556044788,0.3165779621759261,38,64,,False,False,Request timeout: 300.0s exceeded,490,21.16838264042747
197,2026-09-14T02:17:37.529+00:00,2026-09-14T02:22:31.190+00:00,2026-09-14T02:22:37.715+00:00,False,96,95.0,,95.0,293660.833964,300185.503404,300185.50345099997,3126.9323276145833,0.024050000000000002,293660.833964,29964.631375894787,92.11867075,68.68073094736843,21.613952981944912,0.316470978520724,38,64,,False,False,Request timeout: 300.0s exceeded,495,21.16838264042747
198,2026-09-14T02:17:40.904+00:00,2026-09-14T02:22:34.820+00:00,2026-09-14T02:22:40.946+00:00,False,89,88.0,,88.0,293915.840872,300041.33719199995,300041.337242,3371.250980247191,0.022690000000000002,293915.840872,31147.6461570419,91.60192880000001,69.60791272727273,22.110656138879364,0.29329292031413584,38,64,,False,False,Request timeout: 300.0s exceeded,169,21.16838264042747
199,2026-09-14T02:17:45.478+00:00,2026-09-14T02:22:39.386+00:00,2026-09-14T02:22:45.523+00:00,False,88,87.0,,87.0,293908.38051499997,300045.31235499994,300045.312222,3409.6058207045453,0.08534,293908.38051499997,31323.22595210308,91.7021525,70.53944643678162,20.832183903849053,0.28995620467173155,38,64,,False,False,Request timeout: 300.0s exceeded,213,21.16838264042747
200,2026-09-14T02:17:50.151+00:00,2026-09-14T02:22:44.132+00:00,2026-09-14T02:22:50.157+00:00,False,89,88.0,,88.0,293981.301769,300006.81677700003,300006.816661,3370.8631085505617,0.03561,293981.301769,31154.703691135477,87.42160740000001,68.47176145454546,19.47780316805131,0.29332666819171593,38,64,,False,False,Request timeout: 300.0s exceeded,431,21.16838264042747
201,2026-09-14T02:17:54.440+00:00,2026-09-14T02:22:48.148+00:00,2026-09-14T02:22:54.517+00:00,False,96,95.0,,95.0,293707.546036,300076.14482,300076.144973,3125.7931768020835,0.0218,293707.546036,29969.565001967752,87.88163375,67.03788193684211,19.279367682719418,0.3165863119742009,38,64,,False,False,Request timeout: 300.0s exceeded,368,21.16838264042747
202,2026-09-14T02:17:58.929+00:00,2026-09-14T02:22:53.169+00:00,2026-09-14T02:22:58.956+00:00,False,84,83.0,,83.0,294239.66112199996,300026.896194,300026.89629699994,3571.748765440476,0.0214,294239.66112199996,32096.578114151907,90.5987303,69.72572375903614,20.985197026321778,0.2766418646224687,38,64,,False,False,Request timeout: 300.0s exceeded,452,21.16838264042747
203,2026-09-14T02:18:02.453+00:00,2026-09-14T02:22:56.512+00:00,2026-09-14T02:23:02.525+00:00,False,88,87.0,,87.0,294059.603398,300072.63047000003,300072.630376,3409.916254272727,0.04775,294059.603398,31339.498233556194,90.6652235,69.11525370114941,20.911374638346395,0.2899298075393713,38,64,,False,False,Request timeout: 300.0s exceeded,394,21.16838264042747
204,2026-09-14T02:18:06.570+00:00,2026-09-14T02:23:00.095+00:00,2026-09-14T02:23:06.669+00:00,False,100,99.0,,99.0,293525.33609399997,300098.71362999995,300098.71350899996,3000.98713509,0.0,293525.33609399997,29345.968466767543,88.47689485,66.39775288888889,66.52080969218821,0.3298914507246434,38,64,,False,False,Request timeout: 300.0s exceeded,411,21.16838264042747
205,2026-09-14T02:18:10.164+00:00,2026-09-14T02:23:03.976+00:00,2026-09-14T02:23:10.188+00:00,False,98,97.0,,97.0,293812.66228399996,300024.31463599997,300024.314653,3061.4725984999995,0.0,293812.66228399996,29673.16739910206,89.80487935000001,64.03765311340206,67.21227930660669,0.3233071296827519,38,64,,False,False,Request timeout: 300.0s exceeded,468,21.16838264042747
206,2026-09-14T02:18:14.405+00:00,2026-09-14T02:23:08.355+00:00,2026-09-14T02:23:14.425+00:00,False,87,86.0,,86.0,293949.613372,300020.315452,300020.315417,3448.5093726091955,0.044649,293949.613372,31507.14450890146,88.28921330000001,70.58955906976745,19.54753093784412,0.28664725543813735,38,64,,False,False,Request timeout: 300.0s exceeded,366,21.16838264042747
207,2026-09-14T02:18:18.268+00:00,2026-09-14T02:23:12.347+00:00,2026-09-14T02:23:18.314+00:00,False,85,84.0,,84.0,294079.121805,300045.909133,300045.909141,3529.951872247059,0.04553,294079.121805,31889.661128679618,90.007716,71.03318247619048,20.475387166517862,0.279957158031992,38,64,,False,False,Request timeout: 300.0s exceeded,265,21.16838264042747
208,2026-09-14T02:18:21.051+00:00,2026-09-14T02:23:14.558+00:00,2026-09-14T02:23:21.103+00:00,False,95,94.0,,94.0,293507.081338,300052.335482,300052.33539200004,3158.445635705263,0.04122,293507.081338,30106.054309456744,89.34974700000001,69.63036323404255,20.743478226881166,0.3132786813640349,38,64,,False,False,Request timeout: 300.0s exceeded,482,21.16838264042747
209,2026-09-14T02:18:25.488+00:00,2026-09-14T02:23:18.860+00:00,2026-09-14T02:23:25.511+00:00,False,99,98.0,,98.0,293372.097431,300022.90549499996,300022.905592,3030.534399919192,0.08238,293372.097431,29478.19127553359,89.5862449,67.86538840816327,20.151831852843195,0.32664172703184896,38,64,,False,False,Request timeout: 300.0s exceeded,322,21.16838264042747
210,2026-09-14T02:18:30.316+00:00,2026-09-14T02:23:23.775+00:00,2026-09-14T02:23:30.337+00:00,False,98,97.0,,97.0,293458.928255,300020.839551,300020.83959499997,3061.4371387244896,0.05278,293458.928255,29637.001873443787,89.46942499999999,67.64857006185568,20.6227962205464,0.3233108744884742,38,64,,False,False,Request timeout: 300.0s exceeded,481,21.16838264042747
211,2026-09-14T02:18:33.894+00:00,2026-09-14T02:23:27.066+00:00,2026-09-14T02:23:33.904+00:00,False,105,104.0,,104.0,293172.527256,300010.60162399994,300010.60163199995,2857.2438250666664,0.02105,293172.527256,28604.30030677303,90.21503000000001,65.75071507692309,21.288843860926605,0.346654416334067,38,64,,False,False,Request timeout: 300.0s exceeded,504,21.16838264042747
212,2026-09-14T02:18:38.687+00:00,2026-09-14T02:23:32.153+00:00,2026-09-14T02:23:38.740+00:00,False,96,95.0,,95.0,293465.195674,300052.248218,300052.24819,3125.544251979167,0.03821,293465.195674,29944.5962210294,90.58136375,69.3373952,20.329326993076396,0.31661152537333664,38,64,,False,False,Request timeout: 300.0s exceeded,432,21.16838264042747
213,2026-09-14T02:18:42.740+00:00,2026-09-14T02:23:36.139+00:00,2026-09-14T02:23:42.795+00:00,False,98,97.0,,97.0,293398.94305199996,300054.59693999996,300054.596943,3061.781601459183,0.0259,293398.94305199996,29630.844039610216,88.45215435,68.61498853608248,19.439315383620446,0.32327450067161106,38,64,,False,False,Request timeout: 300.0s exceeded,474,21.16838264042747
214,2026-09-14T02:18:47.540+00:00,2026-09-14T02:23:41.523+00:00,2026-09-14T02:23:47.614+00:00,False,92,91.0,,91.0,293982.54317799996,300073.50561,300073.50558199995,3261.668538934782,0.022920000000000003,293982.54317799996,30642.826472556328,86.95914839999999,66.9336530989011,19.155331533466633,0.30325902920023545,38,64,,False,False,Request timeout: 300.0s exceeded,314,21.16838264042747
215,2026-09-14T02:18:52.634+00:00,2026-09-14T02:23:46.601+00:00,2026-09-14T02:23:52.691+00:00,False,90,89.0,,89.0,293966.643472,300056.26907200005,300056.26907800004,3333.9585453111113,0.03918,293966.643472,30979.59895450548,88.52947945,68.4227595505618,19.969355893124877,0.29661103324138177,38,64,,False,False,Request timeout: 300.0s exceeded,447,21.16838264042747
216,2026-09-14T02:18:55.857+00:00,2026-09-14T02:23:49.253+00:00,2026-09-14T02:23:55.932+00:00,False,95,94.0,,94.0,293396.299902,300075.350398,300075.350494,3158.6878999368423,0.03432,293396.299902,30094.54176413241,90.1163377,71.05372868085105,19.87766766531867,0.31325465379053846,38,64,,False,False,Request timeout: 300.0s exceeded,495,21.16838264042747
217,2026-09-14T02:18:59.259+00:00,2026-09-14T02:23:51.917+00:00,2026-09-14T02:23:59.376+00:00,False,113,112.0,,112.0,292658.432107,300117.20100299997,300117.20093299996,2655.904433035398,0.02647,292658.432107,27524.731951843896,89.0491996,66.59615085714286,20.207514449586938,0.3731875401532898,38,64,,False,False,Request timeout: 300.0s exceeded,458,21.16838264042747
218,2026-09-14T02:19:02.665+00:00,2026-09-14T02:23:56.545+00:00,2026-09-14T02:24:02.698+00:00,False,105,104.0,,104.0,293880.437732,300033.24003600003,300033.239979,2857.4594283714287,0.0,293880.437732,28674.09412724624,95.6394744,59.161560615384616,65.301209062925,0.3466282602138395,38,64,,False,False,Request timeout: 300.0s exceeded,482,21.16838264042747
219,2026-09-14T02:19:05.421+00:00,2026-09-14T02:24:00.568+00:00,2026-09-14T02:24:05.437+00:00,False,77,76.0,,76.0,295147.339333,300016.244037,300016.244232,3896.314860155844,0.0,295147.339333,33627.94387679833,92.14096760000001,64.06453557894737,75.56224692576743,0.25331961688923477,38,64,,False,False,Request timeout: 300.0s exceeded,388,21.16838264042747
220,2026-09-14T02:19:09.519+00:00,2026-09-14T02:24:03.742+00:00,2026-09-14T02:24:09.549+00:00,False,89,88.0,,88.0,294222.437447,300029.144647,300029.144664,3371.113984988764,0.02418,294222.437447,31180.527671901218,86.67495040000001,65.9853090909091,19.625773619752568,0.2933048391133355,38,64,,False,False,Request timeout: 300.0s exceeded,480,21.16838264042747
221,2026-09-14T02:19:13.092+00:00,2026-09-14T02:24:06.615+00:00,2026-09-14T02:24:13.139+00:00,False,99,98.0,,98.0,293523.078423,300047.019031,300047.019145,3030.7779711616163,0.0268,293523.078423,29493.495438115744,88.33452000000001,66.57082253061225,19.998563136083806,0.32661547618933323,38,64,,False,False,Request timeout: 300.0s exceeded,440,21.16838264042747
222,2026-09-14T02:19:17.372+00:00,2026-09-14T02:24:11.135+00:00,2026-09-14T02:24:17.405+00:00,False,93,92.0,,92.0,293763.415845,300033.15715700004,300033.157405,3226.1629828494624,0.04167,293763.415845,30454.786725775197,89.14166359999999,68.14936208695651,19.688071632198287,0.3066327764296352,38,64,,False,False,Request timeout: 300.0s exceeded,210,21.16838264042747
223,2026-09-14T02:19:22.337+00:00,2026-09-14T02:24:16.092+00:00,2026-09-14T02:24:22.409+00:00,False,92,91.0,,91.0,293755.660983,300071.925175,300071.925045,3261.651359184783,0.021359000000000003,293755.660983,30618.91460490518,88.83103114999999,69.40949661538461,19.72249515368991,0.3032606264212468,38,64,,False,False,Request timeout: 300.0s exceeded,232,21.16838264042747
224,2026-09-14T02:19:27.043+00:00,2026-09-14T02:24:20.891+00:00,2026-09-14T02:24:27.081+00:00,False,91,90.0,,90.0,293847.78301899997,300037.75293899997,300037.75295799994,3297.118164373626,0.03602,293847.78301899997,30796.41387365755,88.7651425,68.77744355555555,19.62649915364619,0.2999622518113502,38,64,,False,False,Request timeout: 300.0s exceeded,475,21.16838264042747
225,2026-09-14T02:19:31.651+00:00,2026-09-14T02:24:25.216+00:00,2026-09-14T02:24:31.718+00:00,False,98,97.0,,97.0,293565.438587,300066.90495500003,300066.904858,3061.9071924285718,0.04008,293565.438587,29647.823667211775,89.02666635,67.0254264742268,20.153956312404283,0.32326124073745066,38,64,,False,False,Request timeout: 300.0s exceeded,500,21.16838264042747
226,2026-09-14T02:19:35.650+00:00,2026-09-14T02:24:29.553+00:00,2026-09-14T02:24:35.709+00:00,False,90,89.0,,89.0,293902.992975,300058.592079,300058.592115,3333.9843568333335,0.04019,293902.992975,30972.811063498448,87.4094119,69.1640348764045,19.325882700587954,0.2966087369248466,38,64,,False,False,Request timeout: 300.0s exceeded,302,21.16838264042747
227,2026-09-14T02:19:38.635+00:00,2026-09-14T02:24:32.349+00:00,2026-09-14T02:24:38.716+00:00,False,94,93.0,,93.0,293714.28220899997,300080.460769,300080.46059399995,3192.345325468085,0.03728,293714.28220899997,30287.26144996963,88.946289,68.4535329032258,20.39436960719069,0.3099168794984982,38,64,,False,False,Request timeout: 300.0s exceeded,353,21.16838264042747
228,2026-09-14T02:19:43.709+00:00,2026-09-14T02:24:37.368+00:00,2026-09-14T02:24:43.762+00:00,False,89,88.0,,88.0,293659.141317,300053.331909,300053.332074,3371.385753640449,0.03871,293659.141317,31120.11066919787,91.10532599999999,72.66125672727273,19.472847034816937,0.2932811958465057,38,64,,False,False,Request timeout: 300.0s exceeded,383,21.16838264042747
229,2026-09-14T02:19:48.220+00:00,2026-09-14T02:24:42.045+00:00,2026-09-14T02:24:48.229+00:00,False,102,101.0,,101.0,293825.129158,300009.115334,300009.115348,2941.265836745098,0.015550000000000001,293825.129158,29087.82809690827,90.38610899999999,61.2275859009901,225.77618574644436,0.336656437547095,38,64,,False,False,Request timeout: 300.0s exceeded,483,21.16838264042747
230,2026-09-14T02:19:51.539+00:00,2026-09-14T02:24:47.557+00:00,2026-09-14T02:24:51.606+00:00,False,70,69.0,,69.0,296018.516476,300066.66598,300066.66611700004,4286.666658814286,0.01799,296018.516476,35373.98138311447,94.2076457,58.668833391304354,31.328383273567958,0.2299489007706007,38,64,,False,False,Request timeout: 300.0s exceeded,301,21.16838264042747
231,2026-09-14T02:19:56.202+00:00,2026-09-14T02:24:49.973+00:00,2026-09-14T02:24:56.212+00:00,False,89,88.0,,88.0,293770.54300400004,300009.355164,300009.35510900005,3370.891630438203,0.039229999999999994,293770.54300400004,31132.106544915856,90.1886274,70.89559272727273,19.733956682249357,0.29332418634710516,38,64,,False,False,Request timeout: 300.0s exceeded,459,21.16838264042747
232,2026-09-14T02:19:58.975+00:00,2026-09-14T02:24:52.579+00:00,2026-09-14T02:24:59.006+00:00,False,99,98.0,,98.0,293604.000786,300031.763474,300031.763313,3030.6238718484847,0.0,293604.000786,29501.796350220637,89.0140029,65.58941518367347,67.30194799673457,0.32663208343436756,38,64,,False,False,Request timeout: 300.0s exceeded,602,21.16838264042747
233,2026-09-14T02:20:02.483+00:00,2026-09-14T02:24:56.013+00:00,2026-09-14T02:25:02.507+00:00,False,102,101.0,,101.0,293529.712726,300024.030038,300024.029892,2941.412057764706,0.0,293529.712726,29057.482172836684,87.34974254999999,64.30017140594059,66.98904229158508,0.3366397017839127,38,64,,False,False,Request timeout: 300.0s exceeded,510,21.16838264042747
234,2026-09-14T02:20:06.138+00:00,2026-09-14T02:24:59.704+00:00,2026-09-14T02:25:06.181+00:00,False,98,97.0,,97.0,293566.352291,300042.533027,300042.533045,3061.658500459184,0.04397,293566.352291,29647.94209762408,88.82654699999999,66.7647498556701,19.854761157950286,0.3232874986802995,38,64,,False,False,Request timeout: 300.0s exceeded,450,21.16838264042747
235,2026-09-14T02:20:09.253+00:00,2026-09-14T02:25:03.549+00:00,2026-09-14T02:25:09.293+00:00,False,84,83.0,,83.0,294295.56159399997,300039.58770599996,300039.587763,3571.8998543214284,0.02115,294295.56159399997,32102.733326663933,89.23845895000001,69.20513387951807,19.660040531032735,0.27663016282147834,38,64,,False,False,Request timeout: 300.0s exceeded,388,21.16838264042747
236,2026-09-14T02:20:14.184+00:00,2026-09-14T02:25:07.837+00:00,2026-09-14T02:25:14.204+00:00,False,91,90.0,,90.0,293653.27431300003,300020.16864900006,300020.168828,3296.9249321758243,0.020368999999999998,293653.27431300003,30775.817589269474,90.5088725,70.7432704,19.36955839021673,0.29997983270682343,38,64,,False,False,Request timeout: 300.0s exceeded,406,21.16838264042747
237,2026-09-14T02:20:17.988+00:00,2026-09-14T02:25:11.886+00:00,2026-09-14T02:25:18.022+00:00,False,88,87.0,,87.0,293897.65120200004,300034.53773000004,300034.537811,3409.4833842159096,0.0263,293897.65120200004,31322.081821764903,89.30014435000001,70.5389256091954,20.15621190573531,0.2899666173708674,38,64,,False,False,Request timeout: 300.0s exceeded,461,21.16838264042747
238,2026-09-14T02:20:20.980+00:00,2026-09-14T02:25:14.689+00:00,2026-09-14T02:25:20.992+00:00,False,90,89.0,,89.0,293709.34352999995,300011.80343399994,300011.8034699999,3333.4644829999993,0.020050000000000002,293709.34352999995,30952.22502774511,92.46880495,70.81415622471911,19.87231034105057,0.2966549948411588,38,64,,False,False,Request timeout: 300.0s exceeded,439,21.16838264042747
239,2026-09-14T02:20:24.184+00:00,2026-09-14T02:25:17.940+00:00,2026-09-14T02:25:24.214+00:00,False,96,95.0,,95.0,293756.35241399996,300030.194078,300030.194164,3125.3145225416665,0.03787,293756.35241399996,29974.64905927959,88.43888299999999,66.04043856842105,20.757897316413388,0.3166347983473373,38,64,,False,False,Request timeout: 300.0s exceeded,488,21.16838264042747
240,2026-09-14T02:20:28.606+00:00,2026-09-14T02:25:22.207+00:00,2026-09-14T02:25:28.634+00:00,False,96,95.0,,95.0,293601.554323,300028.038291,300028.038513,3125.2920678437504,0.041460000000000004,293601.554323,29958.686138134468,90.68372875000001,67.64719966315789,20.872223839082093,0.3166370734586432,38,64,,False,False,Request timeout: 300.0s exceeded,427,21.16838264042747
241,2026-09-14T02:20:33.338+00:00,2026-09-14T02:25:26.897+00:00,2026-09-14T02:25:33.394+00:00,False,91,90.0,,90.0,293558.965116,300056.78143599996,300056.78149599995,3297.327269186813,0.03719,293558.965116,30765.779512881938,91.65002150000001,72.1979591111111,20.469773471649248,0.29994322930907125,38,64,,False,False,Request timeout: 300.0s exceeded,430,21.16838264042747
242,2026-09-14T02:20:37.850+00:00,2026-09-14T02:25:32.010+00:00,2026-09-14T02:25:37.888+00:00,False,87,86.0,,86.0,294159.260874,300037.93530600006,300037.935438,3448.711901586207,0.03232,294159.260874,31529.86092950371,90.29283869999999,68.35667944186046,20.290365354506374,0.28663042195744703,38,64,,False,False,Request timeout: 300.0s exceeded,446,21.16838264042747
243,2026-09-14T02:20:42.118+00:00,2026-09-14T02:25:35.729+00:00,2026-09-14T02:25:42.202+00:00,False,95,94.0,,94.0,293610.370695,300083.262855,300083.262956,3158.771189010526,0.02581,293610.370695,30116.73013935716,88.8152667,68.86055489361702,20.129050658692528,0.31324639403638027,38,64,,False,False,Request timeout: 300.0s exceeded,390,21.16838264042747
244,2026-09-14T02:20:46.946+00:00,2026-09-14T02:25:40.719+00:00,2026-09-14T02:25:46.983+00:00,False,92,91.0,,91.0,293772.687524,300036.976548,300036.976447,3261.2714831195653,0.02179,293772.687524,30620.749888297716,90.00866975000001,68.83834092307693,20.638555762884067,0.30329595054242187,38,64,,False,False,Request timeout: 300.0s exceeded,429,21.16838264042747
245,2026-09-14T02:20:49.704+00:00,2026-09-14T02:25:43.850+00:00,2026-09-14T02:25:49.741+00:00,False,84,83.0,,83.0,294146.157028,300036.318436,300036.318392,3571.860933238095,0.02505,294146.157028,32086.240179515284,90.3501323,70.96580009638554,20.19569788686699,0.2766331770522125,38,64,,False,False,Request timeout: 300.0s exceeded,362,21.16838264042747
246,2026-09-14T02:20:53.708+00:00,2026-09-14T02:25:47.455+00:00,2026-09-14T02:25:53.770+00:00,False,99,98.0,,98.0,293747.791815,300062.13319100003,300062.133179,3030.9306381717174,0.0,293747.791815,29516.367209708435,88.882343,64.43205485714286,68.63394816449174,0.32659902453476053,38,64,,False,False,Request timeout: 300.0s exceeded,409,21.16838264042747
247,2026-09-14T02:20:57.133+00:00,2026-09-14T02:25:50.933+00:00,2026-09-14T02:25:57.164+00:00,False,100,99.0,,99.0,293799.322749,300030.993533,300030.99359599996,3000.3099359599996,0.0,293799.322749,29373.716544469033,92.05525349999999,62.94616953535353,68.42270567992298,0.32996591063553277,38,64,,False,False,Request timeout: 300.0s exceeded,478,21.16838264042747
248,2026-09-14T02:21:00.392+00:00,2026-09-14T02:25:54.198+00:00,2026-09-14T02:26:00.463+00:00,False,95,94.0,,94.0,293806.16628500004,300071.676173,300071.67623100005,3158.649223484211,0.0224,293806.16628500004,30137.045341658526,88.65333770000001,66.6543605106383,21.093082132933116,0.31325848943439194,38,64,,False,False,Request timeout: 300.0s exceeded,442,21.16838264042747
249,2026-09-14T02:21:03.227+00:00,2026-09-14T02:25:56.939+00:00,2026-09-14T02:26:03.235+00:00,False,92,91.0,,91.0,293712.387184,300008.39256,300008.392627,3260.960789423913,0.03462,293712.387184,30614.426610810497,89.71667904999998,69.18687226373626,20.34129229291848,0.30332484776005225,38,64,,False,False,Request timeout: 300.0s exceeded,438,21.16838264042747
250,2026-09-14T02:21:08.270+00:00,2026-09-14T02:26:01.763+00:00,2026-09-14T02:26:08.288+00:00,False,99,98.0,,98.0,293493.350229,300018.751573,300018.751368,3030.4924380606058,0.03989,293493.350229,29490.506620035972,89.72273179999998,66.585728,20.693972134038916,0.3266462495633538,38,64,,False,False,Request timeout: 300.0s exceeded,309,21.16838264042747
251,2026-09-14T02:21:11.895+00:00,2026-09-14T02:26:05.750+00:00,2026-09-14T02:26:11.976+00:00,False,93,92.0,,92.0,293855.026579,300081.013139,300081.013208,3226.677561376344,0.02536,293855.026579,30464.33655757325,89.33113359999999,67.67376695652173,21.08706317565149,0.3065838755929048,38,64,,False,False,Request timeout: 300.0s exceeded,398,21.16838264042747
252,2026-09-14T02:21:16.899+00:00,2026-09-14T02:26:10.537+00:00,2026-09-14T02:26:17.320+00:00,False,97,96.0,,96.0,293638.530768,300421.206224,300421.206122,3097.1258363092784,0.02327,293638.530768,29807.30844315555,89.1918458,70.65286933333333,19.84896372633671,0.3195513432844035,38,64,,False,False,Request timeout: 300.0s exceeded,363,21.16838264042747
253,2026-09-14T02:21:20.789+00:00,2026-09-14T02:26:14.265+00:00,2026-09-14T02:26:20.815+00:00,False,100,99.0,,99.0,293475.135523,300025.037347,300025.03738899995,3000.2503738899995,0.020739999999999998,293475.135523,29340.904511150617,89.79478300000001,66.16062448484848,20.401710266216202,0.32997246121662693,38,64,,False,False,Request timeout: 300.0s exceeded,472,21.16838264042747
254,2026-09-14T02:21:25.031+00:00,2026-09-14T02:26:18.634+00:00,2026-09-14T02:26:25.062+00:00,False,93,92.0,,92.0,293603.657614,300031.54318200005,300031.543198,3226.1456257849463,0.02189,293603.657614,30438.04283062629,90.415035,69.86832139130435,20.463277649732486,0.30663442591498624,38,64,,False,False,Request timeout: 300.0s exceeded,424,21.16838264042747
255,2026-09-14T02:21:28.749+00:00,2026-09-14T02:26:22.290+00:00,2026-09-14T02:26:28.777+00:00,False,97,96.0,,96.0,293541.409408,300028.121216,300028.121287,3093.0734153298968,0.03302,293541.409408,29797.761090291944,89.8322258,67.56991466666668,21.025677333633794,0.3199700068477464,38,64,,False,False,Request timeout: 300.0s exceeded,461,21.16838264042747
256,2026-09-14T02:21:33.716+00:00,2026-09-14T02:26:27.433+00:00,2026-09-14T02:26:33.750+00:00,False,94,93.0,,93.0,293717.48866699997,300034.430235,300034.43029499997,3191.8556414361697,0.02561,293717.48866699997,30287.64704774545,88.49932064999999,67.92410288172043,20.796774865654235,0.3099644261732174,38,64,,False,False,Request timeout: 300.0s exceeded,434,21.16838264042747
257,2026-09-14T02:21:37.835+00:00,2026-09-14T02:26:31.340+00:00,2026-09-14T02:26:37.893+00:00,False,97,96.0,,96.0,293504.563709,300057.310717,300057.31063900003,3093.3743364845363,0.0368,293504.563709,29793.9490990966,88.0029944,68.25778133333333,19.485648142762944,0.31993888024459,38,64,,False,False,Request timeout: 300.0s exceeded,537,21.16838264042747
258,2026-09-14T02:21:41.671+00:00,2026-09-14T02:26:35.166+00:00,2026-09-14T02:26:41.697+00:00,False,100,99.0,,99.0,293494.596002,300025.91452999995,300025.914727,3000.2591472699996,0.034809,293494.596002,29342.86959864674,89.118595,65.97291442424242,20.789161970520116,0.3299714964791845,38,64,,False,False,Request timeout: 300.0s exceeded,475,21.16838264042747
259,2026-09-14T02:21:46.342+00:00,2026-09-14T02:26:39.024+00:00,2026-09-14T02:26:46.458+00:00,False,105,104.0,,104.0,292682.741547,300116.404011,300116.403948,2858.2514661714285,0.029949,292682.741547,28555.993612588456,88.303878,71.4775236923077,57.943498975268874,0.3465322075370067,38,64,,False,False,Request timeout: 300.0s exceeded,432,21.16838264042747
260,2026-09-14T02:21:49.091+00:00,2026-09-14T02:26:43.151+00:00,2026-09-14T02:26:49.140+00:00,False,97,96.0,,96.0,294060.588249,300049.65653700003,300049.65667,3093.2954295876293,0.0,294060.588249,29851.065348260287,91.49926819999999,62.386128,65.28225728356927,0.3199470417929372,38,64,,False,False,Request timeout: 300.0s exceeded,415,21.16838264042747
261,2026-09-14T02:21:53.518+00:00,2026-09-14T02:26:47.660+00:00,2026-09-14T02:26:53.526+00:00,False,89,88.0,,88.0,294142.27157,300008.774482,300008.7746,3370.8851078651683,0.02052,294142.27157,31171.95816732493,87.6510396,66.66480581818182,19.764019709550894,0.29332475409075026,38,64,,False,False,Request timeout: 300.0s exceeded,430,21.16838264042747
262,2026-09-14T02:21:57.089+00:00,2026-09-14T02:26:50.610+00:00,2026-09-14T02:26:57.155+00:00,False,98,97.0,,97.0,293520.970743,300065.967351,300065.96755999996,3061.897628163265,0.04286,293520.970743,29643.286075045522,89.60727885,67.47419183505156,19.657168366426262,0.32326225081878396,38,64,,False,False,Request timeout: 300.0s exceeded,332,21.16838264042747
263,2026-09-14T02:22:00.350+00:00,2026-09-14T02:26:54.117+00:00,2026-09-14T02:27:00.391+00:00,False,92,91.0,,91.0,293767.099575,300040.712119,300040.712054,3261.3120875434784,0.04187,293767.099575,30620.156352774993,88.20612410000001,68.94079718681319,20.229683710765293,0.3032921744430077,38,64,,False,False,Request timeout: 300.0s exceeded,332,21.16838264042747
264,2026-09-14T02:22:03.118+00:00,2026-09-14T02:26:57.071+00:00,2026-09-14T02:27:03.155+00:00,False,87,86.0,,86.0,293953.187292,300037.277916,300037.277732,3448.7043417471264,0.02467,293953.187292,31507.51105210065,89.152405,70.74523981395349,19.66032111167275,0.28663104997265376,38,64,,False,False,Request timeout: 300.0s exceeded,329,21.16838264042747
265,2026-09-14T02:22:08.092+00:00,2026-09-14T02:27:01.826+00:00,2026-09-14T02:27:08.163+00:00,False,93,92.0,,92.0,293733.945617,300070.823441,300070.823573,3226.567995408602,0.02445,293733.945617,30451.655132828124,88.886286,68.8791067826087,19.684244003597687,0.3065942864588068,38,64,,False,False,Request timeout: 300.0s exceeded,437,21.16838264042747
266,2026-09-14T02:22:11.643+00:00,2026-09-14T02:27:05.529+00:00,2026-09-14T02:27:11.688+00:00,False,92,91.0,,91.0,293886.200056,300045.468152,300045.468197,3261.36378475,0.05035,293886.200056,30632.704783126443,89.4123086,67.68426479120879,20.754359620081928,0.30328736694633335,38,64,,False,False,Request timeout: 300.0s exceeded,368,21.16838264042747
267,2026-09-14T02:22:16.355+00:00,2026-09-14T02:27:10.416+00:00,2026-09-14T02:27:16.383+00:00,False,92,91.0,,91.0,294061.28741900006,300027.97209100006,300027.97194600006,3261.1736081086965,0.035269,294061.28741900006,30651.1795486481,90.87533104999999,65.56796342857143,20.769845595178413,0.30330505307818173,38,64,,False,False,Request timeout: 300.0s exceeded,344,21.16838264042747
268,2026-09-14T02:22:19.511+00:00,2026-09-14T02:27:13.532+00:00,2026-09-14T02:27:19.554+00:00,False,90,89.0,,89.0,294021.30690499995,300043.5755769999,300043.5754549999,3333.817505055555,0.03422,294021.30690499995,30985.44135445495,90.2701909,67.66594013483146,20.87991213630744,0.2966235815209448,38,64,,False,False,Request timeout: 300.0s exceeded,411,21.16838264042747
269,2026-09-14T02:22:22.582+00:00,2026-09-14T02:27:16.463+00:00,2026-09-14T02:27:22.646+00:00,False,90,89.0,,89.0,293881.45860199997,300064.05981799995,300064.05973399995,3334.045108155555,0.03694,293881.45860199997,30970.509617712407,88.12107100000001,69.46742939325843,20.052033692413374,0.2966033321484146,38,64,,False,False,Request timeout: 300.0s exceeded,339,21.16838264042747
270,2026-09-14T02:22:25.945+00:00,2026-09-14T02:27:19.633+00:00,2026-09-14T02:27:26.004+00:00,False,91,90.0,,90.0,293688.123071,300059.218879,300059.21884499997,3297.354053241758,0.0375,293688.123071,30779.46554687335,87.91353450000001,70.78995342222223,18.896695280858147,0.2999407928082784,38,64,,False,False,Request timeout: 300.0s exceeded,407,21.16838264042747
271,2026-09-14T02:22:30.628+00:00,2026-09-14T02:27:24.717+00:00,2026-09-14T02:27:30.702+00:00,False,89,88.0,,88.0,294088.827586,300074.578882,300074.579075,3371.6244839887645,0.03624,294088.827586,31166.149109608505,87.55990519999999,68.01990109090909,19.16806373583256,0.29326042988334816,38,64,,False,False,Request timeout: 300.0s exceeded,459,21.16838264042747
272,2026-09-14T02:22:35.182+00:00,2026-09-14T02:27:29.179+00:00,2026-09-14T02:27:35.238+00:00,False,94,93.0,,93.0,293996.65438300004,300055.93553500006,300055.935446,3192.084419638298,0.02203,293996.65438300004,30316.725948779844,87.17647965,65.15356077419355,19.89754294196086,0.30994221072208056,38,64,,False,False,Request timeout: 300.0s exceeded,471,21.16838264042747
273,2026-09-14T02:22:39.324+00:00,2026-09-14T02:27:33.275+00:00,2026-09-14T02:27:39.404+00:00,False,91,90.0,,90.0,293950.663933,300079.395581,300079.395619,3297.575776032967,0.023559999999999998,293950.663933,30807.27066072478,88.02298449999998,68.09701831111111,20.57366852657059,0.2999206254256348,38,64,,False,False,Request timeout: 300.0s exceeded,222,21.16838264042747
274,2026-09-14T02:22:43.829+00:00,2026-09-14T02:27:37.779+00:00,2026-09-14T02:27:43.859+00:00,False,93,92.0,,92.0,293950.166075,300029.473851,300029.473926,3226.1233755483872,0.0,293950.166075,30474.439356410297,89.163888,66.07943234782608,69.85247530438028,0.3066365408009509,38,64,,False,False,Request timeout: 300.0s exceeded,441,21.16838264042747
275,2026-09-14T02:22:46.886+00:00,2026-09-14T02:27:40.623+00:00,2026-09-14T02:27:46.912+00:00,False,99,98.0,,98.0,293736.806277,300025.273989,300025.273876,3030.558321979798,0.0,293736.806277,29515.288382328315,90.36306379999998,64.16803787755101,68.07688449019949,0.32663914841918623,38,64,,False,False,Request timeout: 300.0s exceeded,455,21.16838264042747
276,2026-09-14T02:22:51.504+00:00,2026-09-14T02:27:45.434+00:00,2026-09-14T02:27:51.553+00:00,False,89,88.0,,88.0,293930.33733,300049.480754,300049.480577,3371.3424783932587,0.01952,293930.33733,31149.18896557931,89.87733,69.53572072727273,19.913673474840508,0.2932849601301197,38,64,,False,False,Request timeout: 300.0s exceeded,370,21.16838264042747
277,2026-09-14T02:22:55.421+00:00,2026-09-14T02:27:49.125+00:00,2026-09-14T02:27:55.468+00:00,False,92,91.0,,91.0,293704.563249,300046.858545,300046.858694,3261.378898847826,0.022670000000000003,293704.563249,30613.557419156536,89.08365260000001,69.69555270329671,19.63428917958987,0.30328596153707815,38,64,,False,False,Request timeout: 300.0s exceeded,390,21.16838264042747
278,2026-09-14T02:22:59.147+00:00,2026-09-14T02:27:53.181+00:00,2026-09-14T02:27:59.155+00:00,False,88,87.0,,87.0,294033.197726,300007.84297399997,300007.842967,3409.180033715909,0.03048,294033.197726,31336.730479972262,89.92525904999998,68.67408331034483,21.01884955032572,0.28999241865666764,38,64,,False,False,Request timeout: 300.0s exceeded,269,21.16838264042747
279,2026-09-14T02:23:02.665+00:00,2026-09-14T02:27:56.324+00:00,2026-09-14T02:28:02.684+00:00,False,97,96.0,,96.0,293659.14785799995,300018.667858,300018.66800699994,3092.975958835051,0.01908,293659.14785799995,29809.849737934634,88.488381,66.245,20.441055710985946,0.31998008885712803,38,64,,False,False,Request timeout: 300.0s exceeded,412,21.16838264042747
280,2026-09-14T02:23:07.450+00:00,2026-09-14T02:28:00.914+00:00,2026-09-14T02:28:07.495+00:00,False,101,100.0,,100.0,293464.184291,300044.921315,300044.921303,2970.7417950792083,0.04357,293464.184291,29194.23708958755,89.232002,65.80737024,20.935176579166075,0.33328342823378676,38,64,,False,False,Request timeout: 300.0s exceeded,435,21.16838264042747
281,2026-09-14T02:23:11.786+00:00,2026-09-14T02:28:05.727+00:00,2026-09-14T02:28:11.872+00:00,False,91,90.0,,90.0,293940.94093599997,300085.91271199996,300085.91265799996,3297.6473918461534,0.018179999999999998,293940.94093599997,30806.232747128168,90.54010849999999,68.27746417777779,20.947248939048865,0.29991411188426986,38,64,,False,False,Request timeout: 300.0s exceeded,244,21.16838264042747
282,2026-09-14T02:23:15.552+00:00,2026-09-14T02:28:09.443+00:00,2026-09-14T02:28:15.608+00:00,False,104,103.0,,103.0,293891.368363,300056.550315,300056.55033299996,2885.1591378173075,0.01592,293891.368363,28813.75512571484,88.71072899999999,59.85613545631068,264.78578896954156,0.3432686268367426,38,64,,False,False,Request timeout: 300.0s exceeded,522,21.16838264042747
283,2026-09-14T02:23:19.623+00:00,2026-09-14T02:28:14.828+00:00,2026-09-14T02:28:19.637+00:00,False,73,72.0,,72.0,295205.828379,300014.721051,300014.721177,4109.790701054795,0.01757,295205.828379,34543.418192286685,89.4791388,66.790176,21.468866003432996,0.23998822373706324,38,64,,False,False,Request timeout: 300.0s exceeded,312,21.16838264042747
284,2026-09-14T02:23:22.882+00:00,2026-09-14T02:28:16.490+00:00,2026-09-14T02:28:22.937+00:00,False,93,92.0,,92.0,293608.175835,300054.850523,300054.850556,3226.3962425376344,0.024390000000000002,293608.175835,30438.48959060486,89.20108379999999,70.07255095652174,19.57166160473424,0.3066106074927389,38,64,,False,False,Request timeout: 300.0s exceeded,416,21.16838264042747
285,2026-09-14T02:23:27.327+00:00,2026-09-14T02:28:20.940+00:00,2026-09-14T02:28:27.385+00:00,False,93,92.0,,92.0,293612.752952,300057.99941600004,300057.999426,3226.430101354839,0.034820000000000004,293612.752952,30438.96638392001,89.7244724,70.0570267826087,20.431207830555135,0.3066073898348276,38,64,,False,False,Request timeout: 300.0s exceeded,444,21.16838264042747
286,2026-09-14T02:23:30.643+00:00,2026-09-14T02:28:23.874+00:00,2026-09-14T02:28:30.660+00:00,False,102,101.0,,101.0,293230.270164,300016.911572,300016.91159699997,2941.342270558823,0.01777,293230.270164,29027.47699991041,88.992657,67.19446938613862,20.390623783271717,0.3366476891945518,38,64,,False,False,Request timeout: 300.0s exceeded,624,21.16838264042747
287,2026-09-14T02:23:35.206+00:00,2026-09-14T02:28:28.964+00:00,2026-09-14T02:28:35.221+00:00,False,91,90.0,,90.0,293758.032717,300014.75719699997,300014.757089,3296.8654625164836,0.01932,293758.032717,30786.928427080944,90.14953,69.51916088888889,20.695907045249708,0.2999852435288805,38,64,,False,False,Request timeout: 300.0s exceeded,427,21.16838264042747
288,2026-09-14T02:23:39.308+00:00,2026-09-14T02:28:33.241+00:00,2026-09-14T02:28:39.377+00:00,False,93,92.0,,92.0,293933.155261,300068.858557,300068.858779,3226.5468685913975,0.0,293933.155261,30472.606005771995,90.0020162,66.69242713043478,67.22228677231767,0.3065962940720288,38,64,,False,False,Request timeout: 300.0s exceeded,418,21.16838264042747
289,2026-09-14T02:23:43.077+00:00,2026-09-14T02:28:37.061+00:00,2026-09-14T02:28:43.143+00:00,False,94,93.0,,93.0,293983.76524000004,300065.73951200006,300065.73947100004,3192.188717776596,0.0,293983.76524000004,30315.437869974758,90.20958465,65.3975728172043,66.87182294387978,0.30993208405347056,38,64,,False,False,Request timeout: 300.0s exceeded,385,21.16838264042747
290,2026-09-14T02:23:47.786+00:00,2026-09-14T02:28:41.549+00:00,2026-09-14T02:28:47.858+00:00,False,94,93.0,,93.0,293763.129162,300072.189258,300072.189243,3192.257332372341,0.04828,293763.129162,30292.362626498194,87.70155915000001,67.83935587096775,19.864693888814813,0.30992542237907705,38,64,,False,False,Request timeout: 300.0s exceeded,492,21.16838264042747
291,2026-09-14T02:23:52.574+00:00,2026-09-14T02:28:46.099+00:00,2026-09-14T02:28:52.643+00:00,False,98,97.0,,97.0,293524.628282,300068.65669800004,300068.65659800003,3061.925067326531,0.01805,293524.628282,29643.657001183572,88.36293399999998,67.4642104742268,20.33187225516212,0.32325935360061386,38,64,,False,False,Request timeout: 300.0s exceeded,433,21.16838264042747
292,2026-09-14T02:23:55.589+00:00,2026-09-14T02:28:49.067+00:00,2026-09-14T02:28:55.640+00:00,False,100,99.0,,99.0,293478.607493,300051.508357,300051.508188,3000.51508188,0.043590000000000004,293478.607493,29341.22836386648,89.10662645000001,66.39293802020202,20.236765529078102,0.3299433505337031,38,64,,False,False,Request timeout: 300.0s exceeded,368,21.16838264042747
293,2026-09-14T02:23:59.367+00:00,2026-09-14T02:28:53.517+00:00,2026-09-14T02:28:59.383+00:00,False,86,85.0,,85.0,294150.462109,300016.00911700004,300016.00927700003,3488.558247406977,0.04554,294150.462109,31711.625639704573,90.48934125,69.0064353882353,20.777934483381944,0.2833182144185238,38,64,,False,False,Request timeout: 300.0s exceeded,381,21.16838264042747
294,2026-09-14T02:24:04.238+00:00,2026-09-14T02:28:57.959+00:00,2026-09-14T02:29:04.264+00:00,False,94,93.0,,93.0,293721.211218,300025.72526599996,300025.72512899997,3191.763033287234,0.09448000000000001,293721.211218,30288.045681543517,93.5641551,67.79047363440861,22.08071859445551,0.30997341950443447,38,64,,False,False,Request timeout: 300.0s exceeded,472,21.16838264042747
295,2026-09-14T02:24:08.293+00:00,2026-09-14T02:29:01.819+00:00,2026-09-14T02:29:08.371+00:00,False,96,95.0,,95.0,293525.468436,300077.48482,300077.484834,3125.8071336875,0.03412,293525.468436,29950.7862917995,91.97719075,68.96859351578948,21.58384175426217,0.31658489825381364,38,64,,False,False,Request timeout: 300.0s exceeded,427,21.16838264042747
296,2026-09-14T02:24:12.837+00:00,2026-09-14T02:29:06.676+00:00,2026-09-14T02:29:12.848+00:00,False,94,93.0,,93.0,293839.515106,300011.156706,300011.156628,3191.6080492340425,0.02028,293839.515106,30300.393878272902,88.9863435,66.3617376344086,20.23163702322883,0.3099884718325213,38,64,,False,False,Request timeout: 300.0s exceeded,490,21.16838264042747
297,2026-09-14T02:24:16.771+00:00,2026-09-14T02:29:10.589+00:00,2026-09-14T02:29:16.825+00:00,False,96,95.0,,95.0,293817.55006599997,300053.275378,300053.275302,3125.5549510624996,0.03471,293817.55006599997,29980.935699243088,88.24365625,65.63921381052631,20.363333294982603,0.3166104415301625,38,64,,False,False,Request timeout: 300.0s exceeded,366,21.16838264042747
298,2026-09-14T02:24:20.817+00:00,2026-09-14T02:29:14.702+00:00,2026-09-14T02:29:20.825+00:00,False,93,92.0,,92.0,293884.642727,300007.755431,300007.755431,3225.889843344086,0.046299999999999994,293884.642727,30467.523104943077,89.26451000000002,66.55557286956522,20.41195288425898,0.3066587390976946,38,64,,False,False,Request timeout: 300.0s exceeded,421,21.16838264042747
299,2026-09-14T02:24:25.273+00:00,2026-09-14T02:29:19.006+00:00,2026-09-14T02:29:25.323+00:00,False,90,89.0,,89.0,293733.083999,300049.84867100004,300049.848614,3333.8872068222227,0.032100000000000004,293733.083999,30954.71056461085,90.24357749999999,70.97488395505617,19.894851997244643,0.2966173800593617,38,64,,False,False,Request timeout: 300.0s exceeded,380,21.16838264042747
300,2026-09-14T02:24:28.355+00:00,2026-09-14T02:29:22.254+00:00,2026-09-14T02:29:28.382+00:00,False,86,85.0,,85.0,293898.827651,300026.819459,300026.819505,3488.683947732558,0.02767,293898.827651,31684.15721645357,88.41492075000001,72.09402127058823,19.09773815589045,0.283308006108486,38,64,,False,False,Request timeout: 300.0s exceeded,466,21.16838264042747
301,2026-09-14T02:24:32.924+00:00,2026-09-14T02:29:26.716+00:00,2026-09-14T02:29:33.061+00:00,False,88,87.0,,87.0,293791.282132,300136.74594000005,300136.746027,3410.6448412159093,0.04398,293791.282132,31310.54421772118,89.1520692,72.93636560919539,63.35245148186751,0.28986787248433776,38,64,,False,False,Request timeout: 300.0s exceeded,393,21.16838264042747
302,2026-09-14T02:24:36.216+00:00,2026-09-14T02:29:29.753+00:00,2026-09-14T02:29:36.241+00:00,False,105,104.0,,104.0,293536.64013099996,300024.95475499996,300024.95494399994,2857.38052327619,0.0,293536.64013099996,28640.22134787349,91.1986934,62.38764061538462,62.20647519570045,0.3466378324593909,38,64,,False,False,Request timeout: 300.0s exceeded,501,21.16838264042747
303,2026-09-14T02:24:40.328+00:00,2026-09-14T02:29:34.243+00:00,2026-09-14T02:29:40.345+00:00,False,92,91.0,,91.0,293914.692777,300016.380329,300016.38035600004,3261.0476125652176,0.01718,293914.692777,30635.74084806057,89.9539045,67.05151156043955,20.032891265790653,0.30331677190494993,38,64,,False,False,Request timeout: 300.0s exceeded,488,21.16838264042747
304,2026-09-14T02:24:43.313+00:00,2026-09-14T02:29:37.006+00:00,2026-09-14T02:29:43.366+00:00,False,96,95.0,,95.0,293692.638888,300052.990376,300052.990441,3125.5519837604165,0.02106,293692.638888,29968.053440981286,89.876085,66.95106829473684,20.838597050691973,0.3166107422590735,38,64,,False,False,Request timeout: 300.0s exceeded,388,21.16838264042747
305,2026-09-14T02:24:47.569+00:00,2026-09-14T02:29:41.083+00:00,2026-09-14T02:29:47.682+00:00,False,103,102.0,,102.0,293514.151558,300113.733766,300113.73383700004,2913.7255712330098,0.021929999999999998,293514.151558,28914.440553498134,89.7605111,64.70178635294118,20.36503271403558,0.33987115058029915,38,64,,False,False,Request timeout: 300.0s exceeded,136,21.16838264042747
306,2026-09-14T02:24:51.860+00:00,2026-09-14T02:29:45.504+00:00,2026-09-14T02:29:51.887+00:00,False,102,101.0,,101.0,293644.145668,300027.758852,300027.758952,2941.4486171764706,0.03195,293644.145668,29068.85255778473,90.4775585,63.20409093069307,21.347774905476356,0.33663551794826446,38,64,,False,False,Request timeout: 300.0s exceeded,333,21.16838264042747
307,2026-09-14T02:24:56.634+00:00,2026-09-14T02:29:50.217+00:00,2026-09-14T02:29:57.053+00:00,False,98,97.0,,97.0,293582.603001,300418.877945,300418.87806,3065.498755714286,0.026850000000000002,293582.603001,29649.208863168675,90.15439185,70.47706127835052,20.148907035992295,0.3228825054654473,38,64,,False,False,Request timeout: 300.0s exceeded,445,21.16838264042747
308,2026-09-14T02:25:00.864+00:00,2026-09-14T02:29:54.824+00:00,2026-09-14T02:30:00.906+00:00,False,89,88.0,,88.0,293960.372837,300042.675301,300042.675288,3371.2660144719102,0.040100000000000004,293960.372837,31152.41787393907,90.2627858,69.11707345454545,21.104882411713213,0.29329161230721335,38,64,,False,False,Request timeout: 300.0s exceeded,133,21.16838264042747
309,2026-09-14T02:25:03.932+00:00,2026-09-14T02:29:57.610+00:00,2026-09-14T02:30:03.982+00:00,False,94,93.0,,93.0,293677.701315,300049.94707500003,300049.94698300003,3192.0207125851066,0.01846,293677.701315,30283.481737458722,89.93330399999999,68.51877161290322,20.464387857393632,0.3099483966139606,38,64,,False,False,Request timeout: 300.0s exceeded,361,21.16838264042747
310,2026-09-14T02:25:08.488+00:00,2026-09-14T02:30:02.129+00:00,2026-09-14T02:30:08.519+00:00,False,95,94.0,,94.0,293640.908967,300031.202471,300031.202537,3158.2231846000004,0.027690000000000003,293640.908967,30119.95388086992,90.6158394,67.98184578723404,20.766207269483264,0.31330074747504205,38,64,,False,False,Request timeout: 300.0s exceeded,464,21.16838264042747
311,2026-09-14T02:25:11.959+00:00,2026-09-14T02:30:05.521+00:00,2026-09-14T02:30:12.000+00:00,False,96,95.0,,95.0,293561.97276599996,300040.443422,300040.44346,3125.4212860416665,0.01871,293561.97276599996,29954.5910462104,92.75354449999999,68.19442795789475,21.632733305448298,0.3166239821422497,38,64,,False,False,Request timeout: 300.0s exceeded,375,21.16838264042747
312,2026-09-14T02:25:16.876+00:00,2026-09-14T02:30:10.888+00:00,2026-09-14T02:30:16.911+00:00,False,93,92.0,,92.0,294011.40187,300034.33819,300034.338266,3226.17568027957,0.07578,294011.40187,30480.78018987356,87.97840199999999,65.46669913043478,20.20891856136142,0.30663156942303055,38,64,,False,False,Request timeout: 300.0s exceeded,405,21.16838264042747
313,2026-09-14T02:25:19.904+00:00,2026-09-14T02:30:13.374+00:00,2026-09-14T02:30:19.990+00:00,False,100,99.0,,99.0,293470.01184600004,300085.458118,300085.45816100005,3000.8545816100004,0.019510000000000003,293470.01184600004,29340.32541602152,87.7127659,66.82268961616161,19.630090360595446,0.3299060228405706,38,64,,False,False,Request timeout: 300.0s exceeded,531,21.16838264042747
314,2026-09-14T02:25:23.293+00:00,2026-09-14T02:30:16.915+00:00,2026-09-14T02:30:23.310+00:00,False,93,92.0,,92.0,293622.687467,300017.186283,300017.186168,3225.9912491182795,0.01824,293622.687467,30440.053290953376,88.31474000000001,69.50542191304348,19.737372641214602,0.30664909947264923,38,64,,False,False,Request timeout: 300.0s exceeded,370,21.16838264042747
315,2026-09-14T02:25:28.311+00:00,2026-09-14T02:30:21.968+00:00,2026-09-14T02:30:28.358+00:00,False,98,97.0,,97.0,293656.641258,300046.416618,300046.416639,3061.6981289693877,0.0,293656.641258,29657.217446384617,92.12546130000001,65.87397278350515,65.40767696111162,0.32328331427298534,38,64,,False,False,Request timeout: 300.0s exceeded,603,21.16838264042747
316,2026-09-14T02:25:32.832+00:00,2026-09-14T02:30:26.402+00:00,2026-09-14T02:30:32.840+00:00,False,105,104.0,,104.0,293570.738931,300008.173299,300008.173372,2857.2206987809523,0.0,293570.738931,28643.599786088864,94.7428456,61.89840738461538,63.5857908267044,0.3466572222229075,38,64,,False,False,Request timeout: 300.0s exceeded,487,21.16838264042747
317,2026-09-14T02:25:36.803+00:00,2026-09-14T02:30:30.493+00:00,2026-09-14T02:30:36.892+00:00,False,94,93.0,,93.0,293690.248213,300088.933653,300088.933616,3192.435464,0.02572,293690.248213,30284.746669457054,89.23199065,68.80306924731183,20.67526845900291,0.3099081291266079,38,64,,False,False,Request timeout: 300.0s exceeded,404,21.16838264042747
318,2026-09-14T02:25:40.480+00:00,2026-09-14T02:30:34.323+00:00,2026-09-14T02:30:40.512+00:00,False,91,90.0,,90.0,293842.974774,300031.794486,300031.794279,3297.0526843846155,0.019579999999999997,293842.974774,30795.91169880562,89.76660550000001,68.76466346666668,20.444228697235733,0.299968208883274,38,64,,False,False,Request timeout: 300.0s exceeded,406,21.16838264042747
319,2026-09-14T02:25:45.134+00:00,2026-09-14T02:30:38.500+00:00,2026-09-14T02:30:45.169+00:00,False,102,101.0,,101.0,293365.442505,300035.194569,300035.194425,2941.521513970588,0.02973,293365.442505,29040.975528819792,88.90896204999999,66.03714914851486,20.223232991210327,0.3366271751721871,38,64,,False,False,Request timeout: 300.0s exceeded,380,21.16838264042747
320,2026-09-14T02:25:49.213+00:00,2026-09-14T02:30:42.443+00:00,2026-09-14T02:30:49.228+00:00,False,100,99.0,,99.0,293230.081031,300015.299591,300015.299488,3000.1529948800003,0.03497,293230.081031,29316.161340151935,89.1221104,68.53756121212122,20.351986997304163,0.3299831713081403,38,64,,False,False,Request timeout: 300.0s exceeded,312,21.16838264042747
321,2026-09-14T02:25:53.524+00:00,2026-09-14T02:30:47.332+00:00,2026-09-14T02:30:53.605+00:00,False,96,95.0,,95.0,293807.460797,300080.75026899995,300080.750115,3125.84114703125,0.02766,293807.460797,29979.8658146967,91.0531055,66.03462602105263,20.663785326772125,0.3165814532083101,38,64,,False,False,Request timeout: 300.0s exceeded,521,21.16838264042747
322,2026-09-14T02:25:57.948+00:00,2026-09-14T02:30:51.571+00:00,2026-09-14T02:30:57.984+00:00,False,97,96.0,,96.0,293622.340554,300036.024266,300036.024345,3093.154890154639,0.02171,293622.340554,29806.055273586593,88.9114166,66.80920533333334,20.494846752396406,0.3199615787299268,38,64,,False,False,Request timeout: 300.0s exceeded,489,21.16838264042747
323,2026-09-14T02:26:01.938+00:00,2026-09-14T02:30:55.143+00:00,2026-09-14T02:31:01.962+00:00,False,100,99.0,,99.0,293204.181401,300023.32866500004,300023.328606,3000.23328606,0.043859999999999996,293204.181401,29313.53667200654,89.73344695000002,68.88027539393939,19.709939664172126,0.32997434046384233,38,64,,False,False,Request timeout: 300.0s exceeded,418,21.16838264042747
324,2026-09-14T02:26:06.976+00:00,2026-09-14T02:31:00.232+00:00,2026-09-14T02:31:07.045+00:00,False,101,100.0,,100.0,293255.352847,300068.460815,300068.461025,2970.9748616336633,0.0315,293255.352847,29173.226156530138,89.081232,68.13107968000001,20.630129815085777,0.33325728311597735,38,64,,False,False,Request timeout: 300.0s exceeded,425,21.16838264042747
325,2026-09-14T02:26:11.184+00:00,2026-09-14T02:31:04.821+00:00,2026-09-14T02:31:11.262+00:00,False,97,96.0,,96.0,293636.878846,300077.57491,300077.57494,3093.583246804124,0.01839,293636.878846,29807.503372657586,89.27027960000001,67.090584,21.25830791805244,0.3199172748206611,38,64,,False,False,Request timeout: 300.0s exceeded,313,21.16838264042747
326,2026-09-14T02:26:14.624+00:00,2026-09-14T02:31:08.407+00:00,2026-09-14T02:31:14.692+00:00,False,95,94.0,,94.0,293782.725453,300068.633933,300068.63399299997,3158.6171999263156,0.054560000000000004,293782.725453,30134.618140537055,89.8367627,66.87136680851064,21.15263304117315,0.313261665399485,38,64,,False,False,Request timeout: 300.0s exceeded,434,21.16838264042747
327,2026-09-14T02:26:19.473+00:00,2026-09-14T02:31:12.724+00:00,2026-09-14T02:31:19.506+00:00,False,105,104.0,,104.0,293250.64851200004,300033.374912,300033.374834,2857.4607127047625,0.01975,293250.64851200004,28611.975039688456,87.51060939999999,65.21852307692308,19.804623061018802,0.3466281043917306,38,64,,False,False,Request timeout: 300.0s exceeded,337,21.16838264042747
328,2026-09-14T02:26:22.932+00:00,2026-09-14T02:31:16.361+00:00,2026-09-14T02:31:22.977+00:00,False,109,108.0,,108.0,293429.340199,300045.07549500006,300045.07562300004,2752.7071158073395,0.0,293429.340199,28099.64098808448,88.6256454,61.2568082962963,65.15412870110924,0.35994591753198,38,64,,False,False,Request timeout: 300.0s exceeded,434,21.16838264042747
329,2026-09-14T02:26:26.887+00:00,2026-09-14T02:31:20.948+00:00,2026-09-14T02:31:26.965+00:00,False,90,89.0,,89.0,294061.436758,300078.124118,300078.124257,3334.2013806333334,0.0,294061.436758,30989.752534807372,92.96230865,67.60322876404494,71.46147310399168,0.29658943070772614,38,64,,False,False,Request timeout: 300.0s exceeded,262,21.16838264042747
330,2026-09-14T02:26:31.417+00:00,2026-09-14T02:31:25.104+00:00,2026-09-14T02:31:31.510+00:00,False,92,91.0,,91.0,293687.45019400003,300093.60776200006,300093.60766100005,3261.887039793479,0.01863,293687.45019400003,30611.699717956337,88.06070955,70.39733591208791,19.031345341658696,0.3032387150084543,38,64,,False,False,Request timeout: 300.0s exceeded,443,21.16838264042747
331,2026-09-14T02:26:35.633+00:00,2026-09-14T02:31:29.447+00:00,2026-09-14T02:31:35.641+00:00,False,89,88.0,,88.0,293813.463751,300007.670727,300007.670856,3370.872706247191,0.0159,293813.463751,31136.709461873987,88.2924854,70.38871563636364,19.083511411292598,0.29332583325870343,38,64,,False,False,Request timeout: 300.0s exceeded,357,21.16838264042747
332,2026-09-14T02:26:39.039+00:00,2026-09-14T02:31:32.733+00:00,2026-09-14T02:31:39.080+00:00,False,92,91.0,,91.0,293693.762159,300041.00388699997,300041.00377999997,3261.3152584782606,0.04393,293693.762159,30612.425665593004,89.67233264999999,69.7499090989011,19.641253126902967,0.3032918795134814,38,64,,False,False,Request timeout: 300.0s exceeded,414,21.16838264042747
333,2026-09-14T02:26:42.261+00:00,2026-09-14T02:31:35.641+00:00,2026-09-14T02:31:42.331+00:00,False,100,99.0,,99.0,293379.758035,300069.784531,300069.784582,3000.69784582,0.04883,293379.758035,29331.225612186077,89.99291645,67.57602521212122,20.95706614583801,0.3299232548679768,38,64,,False,False,Request timeout: 300.0s exceeded,345,21.16838264042747
334,2026-09-14T02:26:45.901+00:00,2026-09-14T02:31:39.650+00:00,2026-09-14T02:31:46.554+00:00,False,107,106.0,,106.0,293749.005878,300652.64159,300652.641557,2809.8377715607476,0.0384,293749.005878,28391.499579077547,89.99443600000001,65.12863879245283,20.792555182885824,0.3525663351548136,38,64,,False,False,Request timeout: 300.0s exceeded,349,21.16838264042747
335,2026-09-14T02:26:49.740+00:00,2026-09-14T02:31:43.445+00:00,2026-09-14T02:31:49.786+00:00,False,99,98.0,,98.0,293704.90968599997,300045.81643799995,300045.81655199995,3030.7658237575756,0.04904,293704.90968599997,29511.95837073184,90.93761890000002,64.70313012244898,20.726506002001134,0.3266167852743591,38,64,,False,False,Request timeout: 300.0s exceeded,433,21.16838264042747
336,2026-09-14T02:26:53.001+00:00,2026-09-14T02:31:47.020+00:00,2026-09-14T02:31:53.043+00:00,False,94,93.0,,93.0,294018.661579,300041.824971,300041.824864,3191.9343070638297,0.01927,294018.661579,30319.036118110766,88.37705409999998,64.76519776344087,20.27031011071128,0.30995678688792383,38,64,,False,False,Request timeout: 300.0s exceeded,449,21.16838264042747
337,2026-09-14T02:26:57.745+00:00,2026-09-14T02:31:51.639+00:00,2026-09-14T02:31:57.753+00:00,False,94,93.0,,93.0,293894.56770599994,300008.64719399996,300008.6472189999,3191.5813533936166,0.03976,293894.56770599994,30306.136256720994,90.20614665000001,65.74279019354839,20.678157603240788,0.3099910648237474,38,64,,False,False,Request timeout: 300.0s exceeded,391,21.16838264042747
338,2026-09-14T02:27:01.065+00:00,2026-09-14T02:31:54.618+00:00,2026-09-14T02:32:01.150+00:00,False,98,97.0,,97.0,293552.98694,300084.889148,300084.88921199995,3062.090706244898,0.01886,293552.98694,29646.534737509457,90.98306785000001,67.33919802061855,20.987166165611118,0.3232418675775447,38,64,,False,False,Request timeout: 300.0s exceeded,404,21.16838264042747
339,2026-09-14T02:27:05.869+00:00,2026-09-14T02:31:59.732+00:00,2026-09-14T02:32:05.899+00:00,False,103,102.0,,102.0,293862.883432,300029.89476,300029.894833,2912.9116003203885,0.01533,293862.883432,28950.37353233548,91.14639839999998,60.46089537254902,260.5109229995227,0.33996612264785103,38,64,,False,False,Request timeout: 300.0s exceeded,473,21.16838264042747
340,2026-09-14T02:27:09.547+00:00,2026-09-14T02:32:05.615+00:00,2026-09-14T02:32:09.606+00:00,False,89,88.0,,88.0,296067.781221,300058.137445,300058.137447,3371.4397465955058,0.01524,296067.781221,31378.335968917178,89.163336,45.34495709090909,36.05724469561337,0.29327649884559526,38,64,,False,False,Request timeout: 300.0s exceeded,406,21.16838264042747
341,2026-09-14T02:27:12.503+00:00,2026-09-14T02:32:06.952+00:00,2026-09-14T02:32:12.558+00:00,False,85,84.0,,84.0,294448.441293,300054.730189,300054.730058,3530.0556477411765,0.05287,294448.441293,31930.184422461934,86.9108142,66.74153447619048,19.644879794012756,0.27994892780756914,38,64,,False,False,Request timeout: 300.0s exceeded,348,21.16838264042747
342,2026-09-14T02:27:16.762+00:00,2026-09-14T02:32:10.108+00:00,2026-09-14T02:32:16.804+00:00,False,104,103.0,,103.0,293346.18720499997,300042.09427699994,300042.09427999996,2885.020137307692,0.0,293346.18720499997,28758.651656395632,87.70860715,65.00880652427185,61.93670032802301,0.3432851655305073,38,64,,False,False,Request timeout: 300.0s exceeded,479,21.16838264042747
343,2026-09-14T02:27:20.814+00:00,2026-09-14T02:32:14.620+00:00,2026-09-14T02:32:20.832+00:00,False,94,93.0,,93.0,293806.291117,300017.949869,300017.949954,3191.6803186595744,0.0,293806.291117,30296.98781444336,87.84555015,66.79202959139785,66.3132706673714,0.3099814529117593,38,64,,False,False,Request timeout: 300.0s exceeded,473,21.16838264042747
344,2026-09-14T02:27:24.431+00:00,2026-09-14T02:32:18.149+00:00,2026-09-14T02:32:24.502+00:00,False,90,89.0,,89.0,293718.786236,300071.66610800003,300071.666175,3334.129624166667,0.0212,293718.786236,30953.16086182135,91.4158958,71.38067271910113,20.18769765226336,0.2965958137745922,38,64,,False,False,Request timeout: 300.0s exceeded,429,21.16838264042747
345,2026-09-14T02:27:28.241+00:00,2026-09-14T02:32:21.888+00:00,2026-09-14T02:32:28.257+00:00,False,89,88.0,,88.0,293646.901081,300016.278873,300016.278865,3370.969425449438,0.01923,293646.901081,31118.843089356786,91.35188679999999,72.37929309090909,19.463205476041782,0.2933174170767291,38,64,,False,False,Request timeout: 300.0s exceeded,397,21.16838264042747
346,2026-09-14T02:27:32.330+00:00,2026-09-14T02:32:25.987+00:00,2026-09-14T02:32:32.373+00:00,False,90,89.0,,89.0,293657.305614,300042.825742,300042.825634,3333.8091737111113,0.02877,293657.305614,30946.64140526325,90.47704884999999,71.74741716853933,19.91723763266242,0.2966243228109346,38,64,,False,False,Request timeout: 300.0s exceeded,369,21.16838264042747
347,2026-09-14T02:27:36.034+00:00,2026-09-14T02:32:29.902+00:00,2026-09-14T02:32:36.095+00:00,False,91,90.0,,90.0,293867.874772,300060.861652,300060.861683,3297.3721064065935,0.01881,293867.874772,30798.517035702313,88.7461975,68.81096533333333,20.386996651613032,0.2999391506926313,38,64,,False,False,Request timeout: 300.0s exceeded,504,21.16838264042747
348,2026-09-14T02:27:40.747+00:00,2026-09-14T02:32:34.313+00:00,2026-09-14T02:32:40.766+00:00,False,94,93.0,,93.0,293566.050417,300018.73598500004,300018.736011,3191.6886809680855,0.045329,293566.050417,30271.87666827335,89.69793999999997,69.38371578494623,20.541018782992133,0.309980640691219,38,64,,False,False,Request timeout: 300.0s exceeded,136,21.16838264042747
349,2026-09-14T02:27:44.387+00:00,2026-09-14T02:32:38.006+00:00,2026-09-14T02:32:44.411+00:00,False,100,99.0,,99.0,293618.91775300005,300023.71314500005,300023.71330800006,3000.2371330800006,0.03132,293618.91775300005,29355.429643758584,89.78549290000001,64.69490294949495,20.89155761917557,0.3299739176021522,38,64,,False,False,Request timeout: 300.0s exceeded,327,21.16838264042747
350,2026-09-14T02:27:49.046+00:00,2026-09-14T02:32:42.445+00:00,2026-09-14T02:32:49.082+00:00,False,98,97.0,,97.0,293399.137425,300036.034193,300036.033941,3061.5921830714287,0.01831,293399.137425,29630.883723368297,89.93877869999999,68.42161616494845,20.217416630957047,0.32329450114516634,38,64,,False,False,Request timeout: 300.0s exceeded,448,21.16838264042747
351,2026-09-14T02:27:51.849+00:00,2026-09-14T02:32:45.319+00:00,2026-09-14T02:32:51.873+00:00,False,94,93.0,,93.0,293470.59813,300024.391922,300024.391941,3191.7488504361704,0.03004,293470.59813,30261.918813252858,88.34329064999999,70.47090098924731,19.672232961600386,0.30997479706309355,38,64,,False,False,Request timeout: 300.0s exceeded,434,21.16838264042747
352,2026-09-14T02:27:56.898+00:00,2026-09-14T02:32:50.377+00:00,2026-09-14T02:32:56.980+00:00,False,96,95.0,,95.0,293479.87792,300082.77968,300082.779827,3125.8622898645835,0.03308,293479.87792,29946.07673625468,87.71528674999999,69.50422905263157,18.85037573872968,0.31657931221946617,38,64,,False,False,Request timeout: 300.0s exceeded,396,21.16838264042747
353,2026-09-14T02:28:01.878+00:00,2026-09-14T02:32:55.634+00:00,2026-09-14T02:33:01.902+00:00,False,94,93.0,,93.0,293755.78256699996,300024.11127099994,300024.11123999994,3191.745864255319,0.036789999999999996,293755.78256699996,30291.65001180757,87.93762650000001,67.40138391397849,19.795543606512286,0.3099750870222453,38,64,,False,False,Request timeout: 300.0s exceeded,457,21.16838264042747
354,2026-09-14T02:28:06.208+00:00,2026-09-14T02:32:59.590+00:00,2026-09-14T02:33:06.263+00:00,False,99,98.0,,98.0,293381.948084,300054.41502799996,300054.41522499995,3030.852679040404,0.01805,293381.948084,29479.159414071135,89.36353059999999,68.0863973877551,20.62402296993117,0.3266074254926561,38,64,,False,False,Request timeout: 300.0s exceeded,239,21.16838264042747
355,2026-09-14T02:28:10.161+00:00,2026-09-14T02:33:03.892+00:00,2026-09-14T02:33:10.204+00:00,False,95,94.0,,94.0,293730.33420599997,300042.92479799996,300042.92489599995,3158.346577852631,0.01966,293730.33420599997,30129.2137393501,89.2725677,67.15521906382979,21.07864446837065,0.3132885071803786,38,64,,False,False,Request timeout: 300.0s exceeded,401,21.16838264042747
356,2026-09-14T02:28:14.620+00:00,2026-09-14T02:33:05.788+00:00,2026-09-14T02:33:14.756+00:00,False,147,146.0,,146.0,291167.398783,300135.867519,300135.867649,2041.7405962517007,0.0,291167.398783,24010.082401037467,89.45430130000001,61.42786805479452,56.74294805290627,0.4864463591335264,38,64,,False,False,Request timeout: 300.0s exceeded,689,21.16838264042747
357,2026-09-14T02:28:18.068+00:00,2026-09-14T02:33:11.435+00:00,2026-09-14T02:33:18.093+00:00,False,114,113.0,,113.0,293367.840032,300025.19708799996,300025.196995,2631.799973640351,0.06979,293367.840032,27470.905818593274,89.83691415,58.91466421238938,21.094675853387365,0.37663503297976714,38,64,,False,False,Request timeout: 300.0s exceeded,377,21.16838264042747
358,2026-09-14T02:28:22.526+00:00,2026-09-14T02:33:16.034+00:00,2026-09-14T02:33:22.608+00:00,False,98,97.0,,97.0,293507.177133,300081.905837,300081.90582,3062.060263469388,0.04532,293507.177133,29641.86227333001,88.7291292,67.7807082886598,20.442312071840863,0.32324508113691114,38,64,,False,False,Request timeout: 300.0s exceeded,391,21.16838264042747
359,2026-09-14T02:28:25.719+00:00,2026-09-14T02:33:19.042+00:00,2026-09-14T02:33:25.768+00:00,False,98,97.0,,97.0,293322.828825,300049.06396099995,300049.06402199995,3061.7251430816323,0.03825,293322.828825,29623.08201328386,89.30805749999999,69.34263026804123,19.703903417467792,0.3232804619334122,38,64,,False,False,Request timeout: 300.0s exceeded,434,21.16838264042747
360,2026-09-14T02:28:29.485+00:00,2026-09-14T02:33:23.322+00:00,2026-09-14T02:33:29.509+00:00,False,93,92.0,,92.0,293837.069894,300024.229958,300024.229898,3226.066988150538,0.024210000000000002,293837.069894,30462.517722758257,89.4583194,67.25173982608695,20.22819433813017,0.30664190026545174,38,64,,False,False,Request timeout: 300.0s exceeded,386,21.16838264042747
361,2026-09-14T02:28:33.193+00:00,2026-09-14T02:33:26.952+00:00,2026-09-14T02:33:33.232+00:00,False,98,97.0,,97.0,293759.023991,300039.477879,300039.47801900003,3061.62732672449,0.04579,293759.023991,29667.608801941802,89.20584885,64.74694729896908,20.003917298605813,0.3232907905509627,38,64,,False,False,Request timeout: 300.0s exceeded,456,21.16838264042747
362,2026-09-14T02:28:37.653+00:00,2026-09-14T02:33:31.354+00:00,2026-09-14T02:33:37.824+00:00,False,98,97.0,,97.0,293701.60127700004,300171.54124500003,300171.54144500004,3062.974912704082,0.055619999999999996,293701.60127700004,29661.61068616325,87.56250399999999,66.70041204123712,19.675717030632185,0.3231485556481472,38,64,,False,False,Request timeout: 300.0s exceeded,435,21.16838264042747
363,2026-09-14T02:28:42.135+00:00,2026-09-14T02:33:35.843+00:00,2026-09-14T02:33:42.152+00:00,False,100,99.0,,99.0,293708.11573799996,300017.02837799996,300017.02828399994,3000.17028284,0.03448,293708.11573799996,29364.446162555796,90.73597535,63.72639030303031,20.707611557916284,0.3299812698473471,38,64,,False,False,Request timeout: 300.0s exceeded,463,21.16838264042747
364,2026-09-14T02:28:45.173+00:00,2026-09-14T02:33:38.985+00:00,2026-09-14T02:33:45.248+00:00,False,94,93.0,,93.0,293812.682009,300075.61525699997,300075.61530299997,3192.2937798191488,0.08727,293812.682009,30297.525364165504,89.03234015000002,67.34336825806453,20.76281865665488,0.3099218839236573,38,64,,False,False,Request timeout: 300.0s exceeded,419,21.16838264042747
365,2026-09-14T02:28:49.324+00:00,2026-09-14T02:33:43.171+00:00,2026-09-14T02:33:49.378+00:00,False,93,92.0,,92.0,293847.73171799997,300054.71411799995,300054.71423,3226.3947766666665,0.04047,293847.73171799997,30463.600506260314,86.94288479999999,67.4672,19.525465964605026,0.3066107468780509,38,64,,False,False,Request timeout: 300.0s exceeded,494,21.16838264042747
366,2026-09-14T02:28:53.920+00:00,2026-09-14T02:33:47.584+00:00,2026-09-14T02:33:53.960+00:00,False,102,101.0,,101.0,293664.024789,300039.477717,300039.477716,2941.5635070196076,0.03432,293664.024789,29070.82756450965,85.87886505,63.123296316831684,19.44922189660174,0.33662236972450715,38,64,,False,False,Request timeout: 300.0s exceeded,429,21.16838264042747
367,2026-09-14T02:28:56.672+00:00,2026-09-14T02:33:50.493+00:00,2026-09-14T02:33:56.695+00:00,False,94,93.0,,93.0,293820.176222,300022.692958,300022.692873,3191.7307752446804,0.03588,293820.176222,30298.364871292582,86.5265948,66.69372834408603,20.061936278697274,0.30997655238371924,38,64,,False,False,Request timeout: 300.0s exceeded,458,21.16838264042747
368,2026-09-14T02:29:01.263+00:00,2026-09-14T02:33:54.850+00:00,2026-09-14T02:34:01.284+00:00,False,96,95.0,,95.0,293587.076547,300021.360579,300021.36059,3125.222506145833,0.02132,293587.076547,29957.199078984097,86.54007475,67.72930559999999,19.292251368818285,0.31664412099412875,38,64,,False,False,Request timeout: 300.0s exceeded,445,21.16838264042747
369,2026-09-14T02:29:04.142+00:00,2026-09-14T02:33:57.787+00:00,2026-09-14T02:34:04.153+00:00,False,95,94.0,,94.0,293644.937237,300011.41915699997,300011.419043,3158.0149372947367,0.04686,293644.937237,30120.392488646008,87.34177469999999,67.72853106382979,19.753965903164186,0.31332140711220247,38,64,,False,False,Request timeout: 300.0s exceeded,396,21.16838264042747
370,2026-09-14T02:29:08.451+00:00,2026-09-14T02:34:01.914+00:00,2026-09-14T02:34:08.490+00:00,False,102,101.0,,101.0,293462.684306,300038.919314,300038.919359,2941.5580329313725,0.0,293462.684306,29050.76160003515,88.74438615000001,65.1112377029703,65.44694431726212,0.3366229962130359,38,64,,False,False,Request timeout: 300.0s exceeded,250,21.16838264042747
371,2026-09-14T02:29:12.985+00:00,2026-09-14T02:34:07.006+00:00,2026-09-14T02:34:13.035+00:00,False,82,81.0,,81.0,294021.062802,300050.334354,300050.334199,3659.150417060975,0.07353,294021.062802,32460.980435904617,90.78138455,74.43545125925925,19.51357603561081,0.2699547066807666,38,64,,False,False,Request timeout: 300.0s exceeded,201,21.16838264042747
372,2026-09-14T02:29:17.652+00:00,2026-09-14T02:34:11.362+00:00,2026-09-14T02:34:17.676+00:00,False,91,90.0,,90.0,293710.78176,300024.59859199997,300024.598687,3296.973611945055,0.022269999999999998,293710.78176,30781.90839670676,89.8476455,70.15352035555554,20.260970346399603,0.2999754034248038,38,64,,False,False,Request timeout: 300.0s exceeded,430,21.16838264042747
373,2026-09-14T02:29:22.074+00:00,2026-09-14T02:34:15.658+00:00,2026-09-14T02:34:22.089+00:00,False,95,94.0,,94.0,293584.181581,300014.560077,300014.560192,3158.0480020210525,0.03603,293584.181581,30114.089299920157,88.95169270000001,68.40828187234042,19.67664891023799,0.3133181268798238,38,64,,False,False,Request timeout: 300.0s exceeded,465,21.16838264042747
374,2026-09-14T02:29:26.246+00:00,2026-09-14T02:34:19.842+00:00,2026-09-14T02:34:26.265+00:00,False,94,93.0,,93.0,293596.51235900004,300019.17347900005,300019.17342600005,3191.6933343191495,0.02175,293596.51235900004,30275.051699761214,89.8292638,69.06087225806452,20.27700625891748,0.3099801886712069,38,64,,False,False,Request timeout: 300.0s exceeded,310,21.16838264042747
375,2026-09-14T02:29:29.590+00:00,2026-09-14T02:34:23.210+00:00,2026-09-14T02:34:29.627+00:00,False,93,92.0,,92.0,293620.80632,300037.661616,300037.66163999995,3226.2114154838705,0.04202,293620.80632,30439.83345791372,89.43900760000001,69.74842713043478,20.39890620170774,0.30662817295831757,38,64,,False,False,Request timeout: 300.0s exceeded,388,21.16838264042747
376,2026-09-14T02:29:32.948+00:00,2026-09-14T02:34:26.563+00:00,2026-09-14T02:34:33.135+00:00,False,96,95.0,,95.0,293615.26272500004,300187.05382900004,300187.05380800006,3126.948477166667,0.03787,293615.26272500004,29959.928533340542,88.78364275,69.17674846315789,19.977147221410725,0.3164693439914842,38,64,,False,False,Request timeout: 300.0s exceeded,432,21.16838264042747
377,2026-09-14T02:29:36.667+00:00,2026-09-14T02:34:30.309+00:00,2026-09-14T02:34:36.693+00:00,False,94,93.0,,93.0,293642.49089099996,300025.630219,300025.630173,3191.762023117021,0.0695,293642.49089099996,30279.837586016034,89.60265380000001,68.63590675268817,19.868329352747732,0.3099735177028569,38,64,,False,False,Request timeout: 300.0s exceeded,477,21.16838264042747
378,2026-09-14T02:29:39.886+00:00,2026-09-14T02:34:33.648+00:00,2026-09-14T02:34:39.927+00:00,False,92,91.0,,91.0,293761.936422,300041.364006,300041.363984,3261.3191737391303,0.024300000000000002,293761.936422,30619.61137358037,89.49647550000002,69.00469872527472,20.19730945003134,0.30329151549311134,38,64,,False,False,Request timeout: 300.0s exceeded,258,21.16838264042747
379,2026-09-14T02:29:43.666+00:00,2026-09-14T02:34:37.391+00:00,2026-09-14T02:34:43.700+00:00,False,91,90.0,,90.0,293725.079984,300033.954992,300033.955062,3297.0764292527474,0.04026,293725.079984,30783.41232201534,88.3655385,70.09861120000001,19.168997724549943,0.2999660488507033,38,64,,False,False,Request timeout: 300.0s exceeded,489,21.16838264042747
380,2026-09-14T02:29:48.450+00:00,2026-09-14T02:34:42.517+00:00,2026-09-14T02:34:48.496+00:00,False,93,92.0,,92.0,294067.275326,300046.451006,300046.45098,3226.305924516129,0.02036,294067.275326,30486.62290187076,86.066265,64.99104,19.561200878424728,0.30661919076709987,38,64,,False,False,Request timeout: 300.0s exceeded,435,21.16838264042747
381,2026-09-14T02:29:53.188+00:00,2026-09-14T02:34:46.750+00:00,2026-09-14T02:34:53.271+00:00,False,102,101.0,,101.0,293561.52023799997,300082.114158,300082.114089,2941.9815106764704,0.018879999999999997,293561.52023799997,29060.535988109066,87.35560699999998,64.56033584158416,19.70751973058065,0.3365745415497214,38,64,,True,False,Request timeout: 300.0s exceeded,471,21.16838264042747
382,2026-09-14T02:29:57.809+00:00,2026-09-14T02:34:51.334+00:00,2026-09-14T02:34:57.857+00:00,False,96,95.0,,95.0,293525.415148,300048.38782,300048.387805,3125.5040396354166,0.0423,293525.415148,29950.81087330806,88.719483,68.66287023157895,19.85624815539128,0.31661559887130875,38,64,,True,False,Request timeout: 300.0s exceeded,479,21.16838264042747
383,2026-09-14T02:30:01.889+00:00,2026-09-14T02:34:55.331+00:00,2026-09-14T02:35:01.933+00:00,False,103,102.0,,102.0,293441.366579,300043.115315,300043.11526000005,2913.0399539805826,0.02501,293441.366579,28907.26658087619,89.2141901,64.72302682352941,20.127780311533286,0.3399511429979501,38,64,,True,False,Request timeout: 300.0s exceeded,474,21.16838264042747
384,2026-09-14T02:30:06.948+00:00,2026-09-14T02:35:00.620+00:00,2026-09-14T02:35:06.986+00:00,False,93,92.0,,92.0,293671.94873799995,300038.38508999994,300038.38508499996,3226.219194462365,0.02189,293671.94873799995,30445.19327362389,88.41352359999999,69.20039513043479,20.044083109859578,0.30662743359455,38,64,,True,False,Request timeout: 300.0s exceeded,472,21.16838264042747
385,2026-09-14T02:30:11.826+00:00,2026-09-14T02:35:05.655+00:00,2026-09-14T02:35:11.843+00:00,False,94,93.0,,93.0,293828.089224,300016.894344,300016.894306,3191.669088361702,0.04276,293828.089224,30299.196230250032,88.94777715000001,66.54629161290322,20.04426037054794,0.3099825434942541,38,64,,True,False,Request timeout: 300.0s exceeded,406,21.16838264042747
386,2026-09-14T02:30:15.398+00:00,2026-09-14T02:35:08.845+00:00,2026-09-14T02:35:15.477+00:00,False,100,99.0,,99.0,293447.118951,300079.83191099996,300079.831826,3000.7983182599996,0.033100000000000004,293447.118951,29338.01930431819,89.76894445000002,66.99710060606061,20.542352754965535,0.3299122082598413,38,64,,True,False,Request timeout: 300.0s exceeded,355,21.16838264042747
387,2026-09-14T02:30:19.967+00:00,2026-09-14T02:35:13.578+00:00,2026-09-14T02:35:19.978+00:00,False,95,94.0,,94.0,293611.23977999995,300010.825828,300010.82578699995,3158.0086924947364,0.038130000000000004,293611.23977999995,30116.899303732996,88.305145,68.08070263829786,20.109178258049003,0.31332202676543214,38,64,,True,False,Request timeout: 300.0s exceeded,184,21.16838264042747
388,2026-09-14T02:30:23.559+00:00,2026-09-14T02:35:17.025+00:00,2026-09-14T02:35:23.598+00:00,False,94,93.0,,93.0,293466.055209,300039.407145,300039.40709,3191.9085860638297,0.033979999999999996,293466.055209,30261.42825129947,88.5312543,70.68120361290322,19.192830266326038,0.30995928463175476,38,64,,True,False,Request timeout: 300.0s exceeded,166,21.16838264042747
389,2026-09-14T02:30:27.876+00:00,2026-09-14T02:35:21.279+00:00,2026-09-14T02:35:28.201+00:00,False,98,97.0,,97.0,293402.252439,300324.421783,300324.421775,3064.5349160714286,0.02224,293402.252439,29630.901835178647,88.3496977,71.36257055670103,20.98671711710127,0.32298405645508094,38,64,,True,False,Request timeout: 300.0s exceeded,496,21.16838264042747
390,2026-09-14T02:30:31.903+00:00,2026-09-14T02:35:25.642+00:00,2026-09-14T02:35:31.909+00:00,False,90,89.0,,89.0,293739.176403,300006.549459,300006.549459,3333.4061051000003,0.0208,293739.176403,30955.412168754792,89.4353209,70.41992197752809,21.279406564042002,0.29666019012082623,38,64,,True,False,Request timeout: 300.0s exceeded,365,21.16838264042747
391,2026-09-14T02:30:34.821+00:00,2026-09-14T02:35:28.460+00:00,2026-09-14T02:35:34.886+00:00,False,96,95.0,,95.0,293639.392207,300065.219279,300065.219179,3125.6793664479164,0.036520000000000004,293639.392207,29962.547690942865,87.78355975000001,67.64028496842106,19.421487907359367,0.31659783905734573,38,64,,True,False,Request timeout: 300.0s exceeded,451,21.16838264042747
392,2026-09-14T02:30:38.859+00:00,2026-09-14T02:35:32.509+00:00,2026-09-14T02:35:38.932+00:00,False,95,94.0,,94.0,293650.53392799996,300073.819944,300073.81979499996,3158.671787315789,0.02168,293650.53392799996,30120.904589960654,87.6188007,68.33282995744682,19.58795791479634,0.3132562514701961,38,64,,True,False,Request timeout: 300.0s exceeded,445,21.16838264042747
393,2026-09-14T02:30:42.231+00:00,2026-09-14T02:35:35.755+00:00,2026-09-14T02:35:42.275+00:00,False,98,97.0,,97.0,293523.497269,300043.785781,300043.785652,3061.671282163265,0.01909,293523.497269,29643.56747800995,89.26116170000002,67.21946919587629,20.337365359349118,0.32328614887828294,38,64,,True,False,Request timeout: 300.0s exceeded,453,21.16838264042747
394,2026-09-14T02:30:46.685+00:00,2026-09-14T02:35:40.419+00:00,2026-09-14T02:35:46.696+00:00,False,91,90.0,,90.0,293734.368029,300011.621405,300011.62143400003,3296.8310047692307,0.03502,293734.368029,30784.423924399885,90.48408899999998,69.74725973333334,20.90773683483571,0.2999883790451728,38,64,,True,False,Request timeout: 300.0s exceeded,312,21.16838264042747
395,2026-09-14T02:30:49.776+00:00,2026-09-14T02:35:43.483+00:00,2026-09-14T02:35:49.804+00:00,False,92,91.0,,91.0,293706.87812999997,300027.93310599995,300027.933194,3261.173186891304,0.04796,293706.87812999997,30613.82372903734,89.67372805000001,69.46214259340658,20.606791631300453,0.3033050924890039,38,64,,True,False,Request timeout: 300.0s exceeded,494,21.16838264042747
396,2026-09-14T02:30:53.618+00:00,2026-09-14T02:35:47.130+00:00,2026-09-14T02:35:53.648+00:00,False,97,96.0,,96.0,293512.110505,300029.944233,300029.94435299997,3093.092209824742,0.03597,293512.110505,29794.75258077814,88.52195500000002,67.89410133333332,19.93611479639902,0.3199680626725959,38,64,,True,False,Request timeout: 300.0s exceeded,368,21.16838264042747
397,2026-09-14T02:30:56.454+00:00,2026-09-14T02:35:50.437+00:00,2026-09-14T02:35:56.482+00:00,False,88,87.0,,87.0,293982.66890600004,300027.704426,300027.70432200003,3409.4057309318187,0.02541,293982.66890600004,31331.256371182146,87.28474455,69.48316689655172,18.668961625967736,0.2899732215278073,38,64,,True,False,Request timeout: 300.0s exceeded,402,21.16838264042747
398,2026-09-14T02:31:00.193+00:00,2026-09-14T02:35:54.253+00:00,2026-09-14T02:36:00.221+00:00,False,88,87.0,,87.0,294059.704639,300027.438143,300027.437998,3409.402704522727,0.03401,294059.704639,31339.563833627035,88.57285435,68.59463797701149,19.837486115350757,0.28997347888740027,38,64,,True,False,Request timeout: 300.0s exceeded,230,21.16838264042747
399,2026-09-14T02:31:03.337+00:00,2026-09-14T02:35:57.163+00:00,2026-09-14T02:36:03.399+00:00,False,93,92.0,,92.0,293825.979596,300061.6235,300061.62348999997,3226.469069784946,0.022019999999999998,293825.979596,30461.313379447092,90.4783904,67.77873808695652,20.700704956332356,0.30660368669237703,38,64,,True,False,Request timeout: 300.0s exceeded,434,21.16838264042747
400,2026-09-14T02:31:07.093+00:00,2026-09-14T02:36:01.116+00:00,2026-09-14T02:36:07.108+00:00,False,87,86.0,,86.0,294022.57715499995,300015.3597469999,300015.3597629999,3448.452411068965,0.05298,294022.57715499995,31515.064857939447,89.944206,69.68351851162791,20.61799782520794,0.2866519903265052,38,64,,True,False,Request timeout: 300.0s exceeded,353,21.16838264042747
401,2026-09-14T02:31:10.062+00:00,2026-09-14T02:36:03.753+00:00,2026-09-14T02:36:10.110+00:00,False,91,90.0,,90.0,293690.46546,300047.51352399995,300047.51335799997,3297.2254215164835,0.020419,293690.46546,30779.728121479304,88.767933,70.63386737777779,19.959130865607086,0.29995249399992496,38,64,,True,False,Request timeout: 300.0s exceeded,222,21.16838264042747
402,2026-09-14T02:31:13.075+00:00,2026-09-14T02:36:06.942+00:00,2026-09-14T02:36:13.087+00:00,False,91,90.0,,90.0,293867.74415100005,300012.792215,300012.79235500004,3296.8438720329677,0.051679,293867.74415100005,30798.558302179696,86.4195335,68.27831182222222,18.998662001203027,0.2999872083304459,38,64,,True,False,Request timeout: 300.0s exceeded,392,21.16838264042747
403,2026-09-14T02:31:17.424+00:00,2026-09-14T02:36:11.397+00:00,2026-09-14T02:36:17.456+00:00,False,88,87.0,,87.0,293973.291832,300032.399416,300032.399508,3409.459085318182,0.02204,293973.291832,31330.239687267473,87.96909985,69.6449147586207,18.935243898886643,0.2899686839466062,38,64,,True,False,Request timeout: 300.0s exceeded,194,21.16838264042747
404,2026-09-14T02:31:21.901+00:00,2026-09-14T02:36:15.725+00:00,2026-09-14T02:36:21.921+00:00,False,91,90.0,,90.0,293823.474674,300019.175154,300019.175041,3296.9140114395605,0.03648,293823.474674,30793.859178781946,89.587911,68.84111644444445,19.919631125458274,0.29998082607154347,38,64,,True,False,Request timeout: 300.0s exceeded,427,21.16838264042747
405,2026-09-14T02:31:24.781+00:00,2026-09-14T02:36:18.548+00:00,2026-09-14T02:36:24.842+00:00,False,95,94.0,,94.0,293766.32619700005,300060.297397,300060.29722700006,3158.529444494737,0.026789999999999998,293766.32619700005,30132.926138400486,88.560393,66.95714042553192,20.15813939780584,0.31327036870736574,38,64,,True,False,Request timeout: 300.0s exceeded,374,21.16838264042747
406,2026-09-14T02:31:28.326+00:00,2026-09-14T02:36:22.169+00:00,2026-09-14T02:36:28.393+00:00,False,93,92.0,,92.0,293843.701518,300066.82369399996,300066.823838,3226.5249875053764,0.02709,293843.701518,30463.164864585742,88.47700560000001,67.6426323478261,20.24112219375911,0.30659837321375827,38,64,,True,False,Request timeout: 300.0s exceeded,421,21.16838264042747
407,2026-09-14T02:31:32.326+00:00,2026-09-14T02:36:25.944+00:00,2026-09-14T02:36:32.379+00:00,False,89,88.0,,88.0,293617.22057999996,300052.18147599994,300052.18142499996,3371.3728249999995,0.0193,293617.22057999996,31115.617285895394,88.91024639999999,73.12455563636364,18.33125437856706,0.2932823203188036,38,64,,True,False,Request timeout: 300.0s exceeded,366,21.16838264042747
408,2026-09-14T02:31:35.641+00:00,2026-09-14T02:36:29.412+00:00,2026-09-14T02:36:35.653+00:00,False,89,88.0,,88.0,293770.79264099995,300011.79795299994,300011.797965,3370.9190782584265,0.035989,293770.79264099995,31132.130191367807,88.5891884,70.92051490909091,19.455665615691334,0.29332179801071073,38,64,,True,False,Request timeout: 300.0s exceeded,394,21.16838264042747
409,2026-09-14T02:31:38.413+00:00,2026-09-14T02:36:32.135+00:00,2026-09-14T02:36:38.438+00:00,False,91,90.0,,90.0,293722.401027,300025.450755,300025.45055,3296.982973076923,0.02826,293722.401027,30783.13887669768,88.498228,70.03388586666667,20.120150792033723,0.2999745514039533,38,64,,True,False,Request timeout: 300.0s exceeded,387,21.16838264042747
410,2026-09-14T02:31:43.001+00:00,2026-09-14T02:36:36.838+00:00,2026-09-14T02:36:43.011+00:00,False,92,91.0,,91.0,293837.123452,300010.87551600003,300010.87558600004,3260.987778108696,0.04131,293837.123452,30627.57135029667,88.28845195000002,67.84342927472527,20.377531660352332,0.30332233737688896,38,64,,True,False,Request timeout: 300.0s exceeded,210,21.16838264042747
411,2026-09-14T02:31:47.766+00:00,2026-09-14T02:36:41.556+00:00,2026-09-14T02:36:47.818+00:00,False,91,90.0,,90.0,293790.864943,300052.892207,300052.89206100005,3297.284528142857,0.02132,293790.864943,30790.364392339106,90.471179,69.57808071111111,21.274531889563733,0.29994711711664135,38,64,,True,False,Request timeout: 300.0s exceeded,301,21.16838264042747
412,2026-09-14T02:31:51.676+00:00,2026-09-14T02:36:45.678+00:00,2026-09-14T02:36:51.729+00:00,False,91,90.0,,90.0,294002.64602,300053.508612,300053.508584,3297.291303120879,0.02176,294002.64602,30812.810664015717,89.13341700000001,67.23180657777777,20.727941352874662,0.29994650093020325,38,64,,True,False,Request timeout: 300.0s exceeded,233,21.16838264042747
413,2026-09-14T02:31:54.757+00:00,2026-09-14T02:36:48.414+00:00,2026-09-14T02:36:54.840+00:00,False,94,93.0,,93.0,293657.258153,300083.829161,300083.82927399996,3192.3811624893615,0.02741,293657.258153,30281.31254687339,87.85468565000001,69.10291406451613,19.87247561032962,0.30991340073211326,38,64,,True,False,Request timeout: 300.0s exceeded,490,21.16838264042747
414,2026-09-14T02:31:57.622+00:00,2026-09-14T02:36:51.599+00:00,2026-09-14T02:36:57.645+00:00,False,86,85.0,,85.0,293976.960162,300022.72477,300022.72486599995,3488.6363356511624,0.04301,293976.960162,31692.68691773218,89.0322815,71.12664244705883,19.335398075973853,0.2833118726761839,38,64,,True,False,Request timeout: 300.0s exceeded,279,21.16838264042747
415,2026-09-14T02:32:01.662+00:00,2026-09-14T02:36:55.395+00:00,2026-09-14T02:37:01.670+00:00,False,90,89.0,,89.0,293733.5013,300008.56894800003,300008.56902,3333.4285446666668,0.02298,293733.5013,30954.80406614254,89.82736695,70.50637806741572,20.097555988365933,0.2966581931712298,38,64,,True,False,Request timeout: 300.0s exceeded,382,21.16838264042747
416,2026-09-14T02:32:06.554+00:00,2026-09-14T02:37:00.337+00:00,2026-09-14T02:37:06.592+00:00,False,101,100.0,,100.0,293782.681542,300037.55335,300037.553354,2970.668845089109,0.02136,293782.681542,29226.25264018287,90.01171000000001,62.54871808,20.43533400770156,0.33329161261139845,38,64,,True,False,Request timeout: 300.0s exceeded,329,21.16838264042747
417,2026-09-14T02:32:10.498+00:00,2026-09-14T02:37:04.050+00:00,2026-09-14T02:37:10.506+00:00,False,107,106.0,,106.0,293552.172212,300008.547252,300008.547169,2803.8181978411217,0.0,293552.172212,28372.885119988496,89.21246,60.90919849056604,28.1195378520451,0.353323266856669,38,64,,True,False,Request timeout: 300.0s exceeded,488,21.16838264042747
418,2026-09-14T02:32:13.858+00:00,2026-09-14T02:37:07.764+00:00,2026-09-14T02:37:13.868+00:00,False,91,90.0,,90.0,293906.250678,300010.174902,300010.174938,3296.815109208791,0.02843,293906.250678,30802.643512877497,87.48914049999999,67.82138026666667,20.16164889475463,0.2999898254430837,38,64,,True,False,Request timeout: 300.0s exceeded,391,21.16838264042747
419,2026-09-14T02:32:16.969+00:00,2026-09-14T02:37:10.594+00:00,2026-09-14T02:37:16.994+00:00,False,98,97.0,,97.0,293624.751555,300024.29613100004,300024.296121,3061.4724093979594,0.03495,293624.751555,29653.921570530834,89.76907585000001,65.97468635051547,20.521492660433644,0.3233071496237983,38,64,,True,False,Request timeout: 300.0s exceeded,415,21.16838264042747
420,2026-09-14T02:32:21.376+00:00,2026-09-14T02:37:15.027+00:00,2026-09-14T02:37:21.427+00:00,False,100,99.0,,99.0,293651.267603,300050.982419,300050.98256,3000.5098255999997,0.022719999999999997,293651.267603,29358.669192207075,88.477632,64.643584,20.06954573075754,0.3299439288679065,38,64,,True,False,Request timeout: 300.0s exceeded,458,21.16838264042747
421,2026-09-14T02:32:25.400+00:00,2026-09-14T02:37:19.237+00:00,2026-09-14T02:37:25.443+00:00,False,93,92.0,,92.0,293837.69750300003,300042.940895,300042.94088,3226.2681815053766,0.02168,293837.69750300003,30462.562436019613,88.7740968,67.44829773913044,20.251661809199646,0.3066227778116446,38,64,,True,False,Request timeout: 300.0s exceeded,304,21.16838264042747
422,2026-09-14T02:32:29.481+00:00,2026-09-14T02:37:22.739+00:00,2026-09-14T02:37:29.551+00:00,False,100,99.0,,99.0,293258.16070099996,300070.25132499996,300070.25139799993,3000.7025139799994,0.03768,293258.16070099996,29318.942010368653,88.47942345,68.8089962020202,20.128924234781927,0.3299227416341753,38,64,,True,False,Request timeout: 300.0s exceeded,527,21.16838264042747
423,2026-09-14T02:32:33.314+00:00,2026-09-14T02:37:27.257+00:00,2026-09-14T02:37:33.373+00:00,False,88,87.0,,87.0,293943.311517,300059.16815700004,300059.168123,3409.7632741250004,0.026699999999999998,293943.311517,31326.974201591824,87.67671184999999,70.2972027586207,18.86823792946292,0.2899428153932593,38,64,,True,False,Request timeout: 300.0s exceeded,504,21.16838264042747
424,2026-09-14T02:32:36.079+00:00,2026-09-14T02:37:30.063+00:00,2026-09-14T02:37:36.098+00:00,False,89,88.0,,88.0,293983.90005299996,300018.88731699996,300018.88749999995,3370.998735955056,0.02224,293983.90005299996,31154.967162500576,86.38198400000002,68.57940072727273,18.5903555341759,0.29331486689709374,38,64,,True,False,Request timeout: 300.0s exceeded,436,21.16838264042747
425,2026-09-14T02:32:41.043+00:00,2026-09-14T02:37:34.760+00:00,2026-09-14T02:37:41.053+00:00,False,95,94.0,,94.0,293717.047936,300009.65184,300009.651921,3157.996336010526,0.019399999999999997,293717.047936,30127.871920103673,88.6934074,66.94259472340426,20.355688799684383,0.31332325284698415,38,64,,True,False,Request timeout: 300.0s exceeded,312,21.16838264042747
426,2026-09-14T02:32:44.133+00:00,2026-09-14T02:37:37.666+00:00,2026-09-14T02:37:44.193+00:00,False,95,94.0,,94.0,293533.423267,300060.098467,300060.098284,3158.5273503578946,0.022,293533.423267,30108.776251696887,88.567798,69.43271489361702,19.28306616342239,0.31327057639534145,38,64,,True,False,Request timeout: 300.0s exceeded,294,21.16838264042747
427,2026-09-14T02:32:48.079+00:00,2026-09-14T02:37:41.737+00:00,2026-09-14T02:37:48.165+00:00,False,92,91.0,,91.0,293658.491222,300086.337878,300086.337985,3261.808021576087,0.03961,293658.491222,30608.65530283261,87.48457015,70.63567753846154,18.39444115328924,0.30324606126186265,38,64,,True,False,Request timeout: 300.0s exceeded,409,21.16838264042747
428,2026-09-14T02:32:52.909+00:00,2026-09-14T02:37:46.425+00:00,2026-09-14T02:37:52.990+00:00,False,97,96.0,,96.0,293516.25435,300081.221006,300081.221133,3093.6208364226804,0.0348,293516.25435,29795.123148194478,88.62024560000002,68.38506933333333,19.43759003548023,0.3199133877093912,38,64,,True,False,Request timeout: 300.0s exceeded,363,21.16838264042747
429,2026-09-14T02:32:58.017+00:00,2026-09-14T02:37:51.443+00:00,2026-09-14T02:37:58.102+00:00,False,96,95.0,,95.0,293426.622645,300085.843125,300085.84311899997,3125.89419915625,0.043389000000000004,293426.622645,29940.58169034199,88.99508449999999,70.09705768421053,20.09644840604237,0.31657608039986074,38,64,,True,False,Request timeout: 300.0s exceeded,212,21.16838264042747
430,2026-09-14T02:33:02.839+00:00,2026-09-14T02:37:56.350+00:00,2026-09-14T02:38:02.848+00:00,False,95,94.0,,94.0,293511.132234,300009.02049,300009.020329,3157.9896876736843,0.03638,293511.132234,30106.521471459255,91.00175970000001,69.12647080851063,20.523131260211596,0.31332391221594363,38,64,,True,False,Request timeout: 300.0s exceeded,449,21.16838264042747
431,2026-09-14T02:33:05.735+00:00,2026-09-14T02:37:59.760+00:00,2026-09-14T02:38:05.817+00:00,False,88,87.0,,87.0,294024.82896899997,300082.11972099997,300082.119533,3410.0240856022724,0.039850000000000003,294024.82896899997,31335.73654705768,90.35320385000001,69.62403163218391,20.162826799394338,0.2899206393266212,38,64,,True,False,Request timeout: 300.0s exceeded,398,21.16838264042747
432,2026-09-14T02:33:08.537+00:00,2026-09-14T02:38:02.204+00:00,2026-09-14T02:38:08.553+00:00,False,93,92.0,,92.0,293667.057742,300015.59278199996,300015.592852,3225.9741166881718,0.02126,293667.057742,30444.706401251675,88.75296340000001,69.00581565217391,20.232542608609677,0.3066507282068165,38,64,,True,False,Request timeout: 300.0s exceeded,441,21.16838264042747
433,2026-09-14T02:33:13.195+00:00,2026-09-14T02:38:06.475+00:00,2026-09-14T02:38:13.235+00:00,False,111,110.0,,110.0,293279.661326,300040.234254,300040.234247,2703.0651733963964,0.01497,293279.661326,27832.51728246834,87.7976195,61.45975389090909,288.0664395502257,0.36661749806154054,38,64,,True,False,Request timeout: 300.0s exceeded,692,21.16838264042747
434,2026-09-14T02:33:17.449+00:00,2026-09-14T02:38:13.365+00:00,2026-09-14T02:38:17.466+00:00,False,63,62.0,,62.0,295915.76999,300017.296518,300017.296423,4762.179308301587,0.043389000000000004,295915.76999,37273.55716539509,88.8161821,66.15365367741936,26.19428066742094,0.20665475197454228,38,64,,True,False,Request timeout: 300.0s exceeded,280,21.16838264042747
435,2026-09-14T02:33:22.443+00:00,2026-09-14T02:38:16.305+00:00,2026-09-14T02:38:22.483+00:00,False,90,89.0,,89.0,293861.868842,300040.17181800003,300040.17200300004,3333.7796889222227,0.03624,293861.868842,30968.449211015264,88.07399950000001,69.41913456179775,19.16470395668881,0.29662694652096816,38,64,,True,False,Request timeout: 300.0s exceeded,384,21.16838264042747
436,2026-09-14T02:33:26.859+00:00,2026-09-14T02:38:20.853+00:00,2026-09-14T02:38:26.898+00:00,False,91,90.0,,90.0,293994.18186199997,300039.40887,300039.40891299996,3297.1363616813182,0.023510000000000003,293994.18186199997,30811.929692896985,89.47740600000002,67.16918897777778,20.347909627136907,0.2999605963061835,38,64,,True,False,Request timeout: 300.0s exceeded,451,21.16838264042747
437,2026-09-14T02:33:29.918+00:00,2026-09-14T02:38:23.659+00:00,2026-09-14T02:38:29.945+00:00,False,96,95.0,,95.0,293740.92653399997,300027.341638,300027.34155699995,3125.2848078854163,0.02259,293740.92653399997,29973.06073190215,87.94012725,66.17279056842105,20.131880227723208,0.31663780867886,38,64,,True,False,Request timeout: 300.0s exceeded,403,21.16838264042747
438,2026-09-14T02:33:34.308+00:00,2026-09-14T02:38:28.108+00:00,2026-09-14T02:38:34.378+00:00,False,94,93.0,,93.0,293800.028147,300070.806515,300070.806592,3192.242623319149,0.03721,293800.028147,30296.211278744846,90.055857,67.42772438709677,20.407525255443797,0.30992685053269614,38,64,,True,False,Request timeout: 300.0s exceeded,412,21.16838264042747
439,2026-09-14T02:33:38.996+00:00,2026-09-14T02:38:32.652+00:00,2026-09-14T02:38:39.005+00:00,False,90,89.0,,89.0,293656.588948,300009.833108,300009.833119,3333.442590211111,0.04157,293656.588948,30946.603748137713,89.92531494999999,71.38476584269662,19.37466027336001,0.2966569431341307,38,64,,True,False,Request timeout: 300.0s exceeded,198,21.16838264042747
440,2026-09-14T02:33:42.478+00:00,2026-09-14T02:38:36.099+00:00,2026-09-14T02:38:42.575+00:00,False,96,95.0,,95.0,293620.168273,300097.073745,300097.073642,3126.011183770833,0.02161,293620.168273,29960.531309770464,87.5283905,68.17795233684211,20.228545630204888,0.31656423308120585,38,64,,True,False,Request timeout: 300.0s exceeded,309,21.16838264042747
441,2026-09-14T02:33:45.480+00:00,2026-09-14T02:38:39.346+00:00,2026-09-14T02:38:45.513+00:00,False,95,94.0,,94.0,293866.67462199996,300032.86751799996,300032.86729799997,3158.2407083999997,0.03519,293866.67462199996,30143.36149810596,88.4474097,65.59779676595744,20.702546979608883,0.31329900879729666,38,64,,True,False,Request timeout: 300.0s exceeded,444,21.16838264042747
442,2026-09-14T02:33:49.246+00:00,2026-09-14T02:38:43.072+00:00,2026-09-14T02:38:49.329+00:00,False,96,95.0,,95.0,293826.525775,300082.945615,300082.94541,3125.8640146875,0.034390000000000004,293826.525775,29981.829464268027,88.86117499999999,65.85705094736842,20.241717229963847,0.31657913716257297,38,64,,True,False,Request timeout: 300.0s exceeded,391,21.16838264042747
443,2026-09-14T02:33:53.374+00:00,2026-09-14T02:38:47.008+00:00,2026-09-14T02:38:53.394+00:00,False,95,94.0,,94.0,293633.60368,300019.915872,300019.915751,3158.104376326316,0.037198999999999996,293633.60368,30119.208097099345,88.9648447,67.93949140425532,19.831889189809697,0.3133125336922767,38,64,,True,False,Request timeout: 300.0s exceeded,449,21.16838264042747
444,2026-09-14T02:33:57.402+00:00,2026-09-14T02:38:51.188+00:00,2026-09-14T02:38:57.429+00:00,False,91,90.0,,90.0,293786.145717,300027.485109,300027.484934,3297.005328945055,0.03339,293786.145717,30789.89278747579,88.5703585,69.34821546666667,19.769290506313133,0.2999725174088734,38,64,,True,False,Request timeout: 300.0s exceeded,450,21.16838264042747
445,2026-09-14T02:34:00.434+00:00,2026-09-14T02:38:53.985+00:00,2026-09-14T02:39:00.495+00:00,False,98,97.0,,97.0,293551.21431199997,300061.162984,300061.16291199997,3061.8486011428568,0.02118,293551.21431199997,29646.377692466434,87.06283485,67.11287290721648,19.744228729657685,0.3232674266651838,38,64,,True,False,Request timeout: 300.0s exceeded,366,21.16838264042747
446,2026-09-14T02:34:04.101+00:00,2026-09-14T02:38:58.032+00:00,2026-09-14T02:39:04.108+00:00,False,88,87.0,,87.0,293931.34915799997,300006.89194199996,300006.891876,3409.169225863636,0.03474,293931.34915799997,31325.748647413395,88.3329902,69.83382510344828,19.268911792851828,0.2899933379424484,38,64,,True,False,Request timeout: 300.0s exceeded,353,21.16838264042747
447,2026-09-14T02:34:07.693+00:00,2026-09-14T02:39:01.239+00:00,2026-09-14T02:39:07.722+00:00,False,100,99.0,,99.0,293546.344259,300028.96057899995,300028.960637,3000.2896063699995,0.037090000000000005,293546.344259,29348.09353396025,89.09597300000001,65.48097292929293,20.669931041606905,0.329968146438092,38,64,,True,False,Request timeout: 300.0s exceeded,402,21.16838264042747
448,2026-09-14T02:34:11.218+00:00,2026-09-14T02:39:04.900+00:00,2026-09-14T02:39:11.268+00:00,False,98,97.0,,97.0,293682.45231,300050.845526,300050.84558900003,3061.7433223367348,0.024609000000000002,293682.45231,29659.78283688175,89.78862365,65.65353830927836,20.76901152372197,0.3232785424415501,38,64,,True,False,Request timeout: 300.0s exceeded,129,21.16838264042747
449,2026-09-14T02:34:15.776+00:00,2026-09-14T02:39:09.764+00:00,2026-09-14T02:39:15.833+00:00,False,91,90.0,,90.0,293987.75035399996,300056.58747399994,300056.58742699993,3297.325136560439,0.024079999999999997,293987.75035399996,30811.227764067626,88.2746135,67.43152355555556,20.00242202768282,0.29994342319779443,38,64,,True,False,Request timeout: 300.0s exceeded,410,21.16838264042747
450,2026-09-14T02:34:20.708+00:00,2026-09-14T02:39:14.414+00:00,2026-09-14T02:39:20.763+00:00,False,93,92.0,,92.0,293706.203627,300054.506987,300054.50707,3226.392549139785,0.02016,293706.203627,30448.765662902682,88.99969080000001,69.00329739130434,19.86752427145592,0.3066109585348969,38,64,,True,False,Request timeout: 300.0s exceeded,438,21.16838264042747
451,2026-09-14T02:34:23.648+00:00,2026-09-14T02:39:17.681+00:00,2026-09-14T02:39:23.696+00:00,False,87,86.0,,86.0,294032.978256,300048.09479999996,300048.094811,3448.8286759885054,0.066609,294032.978256,31516.151346790062,88.677713,69.94321562790698,19.368345424266817,0.2866207167798354,38,64,,True,False,Request timeout: 300.0s exceeded,456,21.16838264042747
452,2026-09-14T02:34:28.110+00:00,2026-09-14T02:39:21.852+00:00,2026-09-14T02:39:28.135+00:00,False,92,91.0,,91.0,293742.750747,300025.056283,300025.05621899996,3261.141915423913,0.03637,293742.750747,30617.60759403482,88.2825915,69.03632457142857,19.829283377220957,0.3033080007629891,38,64,,True,False,Request timeout: 300.0s exceeded,404,21.16838264042747
453,2026-09-14T02:34:30.915+00:00,2026-09-14T02:39:24.897+00:00,2026-09-14T02:39:30.949+00:00,False,91,90.0,,90.0,293982.310232,300033.869656,300033.86959,3297.07549,0.02552,293982.310232,30810.677814331448,88.55822349999998,67.23954915555557,20.319959406825394,0.2999661341674137,38,64,,True,False,Request timeout: 300.0s exceeded,374,21.16838264042747
454,2026-09-14T02:34:34.087+00:00,2026-09-14T02:39:27.488+00:00,2026-09-14T02:39:34.152+00:00,False,102,101.0,,101.0,293400.824837,300065.035781,300065.035782,2941.8140762941175,0.048989,293400.824837,29044.48425072571,87.98155805,65.98228657425743,20.103658926548242,0.3365936978865942,38,64,,True,False,Request timeout: 300.0s exceeded,422,21.16838264042747
455,2026-09-14T02:34:38.001+00:00,2026-09-14T02:39:31.202+00:00,2026-09-14T02:39:38.097+00:00,False,136,135.0,,135.0,293200.299298,300096.19741,300096.197615,2206.589688345588,0.02043,293200.299298,25137.35220466493,88.44475050000001,51.08072675555555,26.71860090222466,0.44985575013987644,38,64,,True,False,Request timeout: 300.0s exceeded,625,21.16838264042747
456,2026-09-14T02:34:40.794+00:00,2026-09-14T02:39:34.443+00:00,2026-09-14T02:39:40.961+00:00,False,158,157.0,,157.0,293648.96069,300167.00740999996,300167.007565,1899.791187120253,0.01732,293648.96069,23358.2508927827,142.0921756,41.51622114649682,67.45489542174248,0.5230421602783039,38,64,,True,False,Request timeout: 300.0s exceeded,706,21.16838264042747
0,2026-09-14T02:04:40.926+00:00,2026-09-14T02:04:41.143+00:00,2026-09-14T02:04:49.255+00:00,True,164,164.0,,164.0,216.535804,8328.907772,8328.907897,50.78602376219512,0.02532,216.535804,21.727229995522634,86.16773115,49.76915317791411,17.445905249909366,19.690456958994403,39,64,,False,True,,733,21.16838264042747
1,2026-09-14T02:04:45.315+00:00,2026-09-14T02:04:45.515+00:00,2026-09-14T02:05:03.140+00:00,True,276,276.0,,276.0,199.762959,17825.373967,17825.374056,64.58468860869566,39.306937,199.762959,22.73761653864159,96.32276024999999,64.09313093818182,21.259185967162473,15.483546124247212,39,64,,False,True,,1227,21.16838264042747
2,2026-09-14T02:04:49.223+00:00,2026-09-14T02:04:53.496+00:00,2026-09-14T02:05:10.577+00:00,True,259,259.0,,259.0,4273.091075,21353.332995,21353.332981,82.44530108494209,39.276308,4273.091075,262.3304137789238,96.2775668,66.2024880620155,22.07781761909898,12.12925401672171,39,64,,False,True,,1205,21.16838264042747
3,2026-09-14T02:04:52.303+00:00,2026-09-14T02:04:58.475+00:00,2026-09-14T02:05:16.317+00:00,True,272,272.0,,272.0,6171.776885,24013.584245,24013.584395,88.28523674632353,13.218202,6171.776885,370.8788501540678,95.72970004999999,65.83692752767527,22.020128585821066,11.326922179750598,39,64,,False,True,,930,21.16838264042747
4,2026-09-14T02:04:56.924+00:00,2026-09-14T02:05:06.039+00:00,2026-09-14T02:05:22.632+00:00,True,248,248.0,,248.0,9114.289143,25707.408375,25707.408305,103.65890445564516,20.272567,9114.289143,574.9137282726088,95.02122035000001,67.17862037246964,22.059021855542426,9.647024561261322,39,64,,False,True,,1258,21.16838264042747
5,2026-09-14T02:05:01.587+00:00,2026-09-14T02:05:14.759+00:00,2026-09-14T02:05:23.952+00:00,True,136,136.0,,136.0,13171.919431,22364.987462999998,22364.987388,164.44843667647058,22.146253,13171.919431,1123.870482941669,94.2929035,68.09680023703703,22.6695382009052,6.080933433340597,39,64,,False,True,,732,21.16838264042747
6,2026-09-14T02:05:05.081+00:00,2026-09-14T02:05:20.503+00:00,2026-09-14T02:05:35.277+00:00,True,221,221.0,,221.0,15422.32517,30196.418482,30196.418456,136.63537762895928,39.286547,15422.32517,1033.133574434033,95.603279,67.15496959999999,21.99292443073734,7.318748749350439,39,64,,False,True,,1012,21.16838264042747
7,2026-09-14T02:05:08.203+00:00,2026-09-14T02:05:26.697+00:00,2026-09-14T02:05:38.309+00:00,True,172,172.0,,172.0,18493.562276999997,30105.182372999996,30105.182498,175.03013080232557,0.020089,18493.562276999997,1405.220876674078,95.30817799999998,67.90421108771929,28.013365040200974,5.713302044443324,39,64,,False,True,,780,21.16838264042747
8,2026-09-14T02:05:12.680+00:00,2026-09-14T02:05:34.398+00:00,2026-09-14T02:05:43.647+00:00,True,145,145.0,,145.0,21717.463815000003,30966.395143,30966.395124000002,213.56134568275863,0.01839,21717.463815000003,1798.4321806357636,96.71470019999998,64.22868977777777,28.791519398736714,4.682495309202222,39,64,,False,True,,784,21.16838264042747
9,2026-09-14T02:05:15.493+00:00,2026-09-14T02:05:39.167+00:00,2026-09-14T02:05:50.295+00:00,True,173,173.0,,173.0,23674.26985,34801.864346,34801.864361,201.16684601734104,40.960034,23674.26985,1795.1350841301185,96.194645,64.6953168372093,21.86348972526941,4.970998055737321,39,64,,False,True,,723,21.16838264042747
10,2026-09-14T02:05:19.938+00:00,2026-09-14T02:05:46.613+00:00,2026-09-14T02:06:00.950+00:00,True,220,220.0,,220.0,26675.616116,41012.571508,41012.571544,186.42077974545455,39.797836000000004,26675.616116,1794.1894662126142,96.6518865,65.46554973515981,21.935351255095696,5.3642088732984305,39,64,,False,True,,986,21.16838264042747
11,2026-09-14T02:05:22.860+00:00,2026-09-14T02:05:51.629+00:00,2026-09-14T02:06:00.403+00:00,True,133,133.0,,133.0,28768.626717,37542.831389,37542.831547,282.276928924812,41.805072,28768.626717,2488.8881477542664,95.8553198,66.47124751515152,21.9011814468348,3.5426203906125426,39,64,,False,True,,545,21.16838264042747
12,2026-09-14T02:05:25.849+00:00,2026-09-14T02:05:57.302+00:00,2026-09-14T02:06:13.243+00:00,True,241,241.0,,241.0,31453.361978,47393.739834,47393.739628,196.6545212780083,36.327563000000005,31453.361978,2021.928280419055,95.315209,66.41824106666667,21.84337200870942,5.085059774647874,39,64,,False,True,,939,21.16838264042747
13,2026-09-14T02:05:29.638+00:00,2026-09-14T02:06:04.289+00:00,2026-09-14T02:06:10.945+00:00,True,100,100.0,,100.0,34651.918301,41307.927517,41307.927494999996,413.07927494999996,37.071682,34651.918301,3458.5366857411173,94.6549739,67.23241632323233,21.813683822948736,2.4208428263278443,39,64,,False,True,,454,21.16838264042747
14,2026-09-14T02:05:33.413+00:00,2026-09-14T02:06:10.757+00:00,2026-09-14T02:06:30.526+00:00,True,299,299.0,,299.0,37343.976148,57112.390612,57112.390632,191.01133990635452,6.782116,37343.976148,2155.939104491283,94.19616189999999,66.3369612885906,22.552830119969347,5.2352912703531,39,64,,False,True,,1336,21.16838264042747
15,2026-09-14T02:05:37.473+00:00,2026-09-14T02:06:18.240+00:00,2026-09-14T02:06:37.803+00:00,True,294,294.0,,294.0,40767.634585,60330.465689000004,60330.465663,205.20566552040816,0.01643,40767.634585,2373.9051959488206,94.227128,66.76734165187713,29.478824083570043,4.873159798161557,39,64,,False,True,,1317,21.16838264042747
16,2026-09-14T02:05:40.676+00:00,2026-09-14T02:06:22.785+00:00,2026-09-14T02:06:29.670+00:00,True,110,110.0,,110.0,42109.176447,48994.094207,48994.093979,445.40085435454546,12.394564,42109.176447,4008.9831628710685,91.21816145000001,63.164383119266056,20.750444201355567,2.245168561240261,39,64,,False,True,,557,21.16838264042747
17,2026-09-14T02:05:44.833+00:00,2026-09-14T02:06:30.611+00:00,2026-09-14T02:06:41.744+00:00,True,168,168.0,,168.0,45778.116277,56911.037109,56911.037168,338.7561736190476,0.01803,45778.116277,3526.8780843405298,94.86425885,66.66419659880239,34.008733394795264,2.951975724466849,39,64,,False,True,,887,21.16838264042747
18,2026-09-14T02:05:47.902+00:00,2026-09-14T02:06:36.290+00:00,2026-09-14T02:06:43.692+00:00,True,110,110.0,,110.0,48388.077818000005,55789.58053800001,55789.580568000005,507.1780051636364,40.323654000000005,48388.077818000005,4607.194554783188,93.87731510000002,67.90369467889909,20.84454687657388,1.9716943368139432,39,64,,False,True,,514,21.16838264042747
19,2026-09-14T02:05:51.094+00:00,2026-09-14T02:06:41.968+00:00,2026-09-14T02:06:58.192+00:00,True,246,246.0,,246.0,50873.609241,67097.367065,67097.366997,272.7535243780488,11.263575999999999,50873.609241,3239.4385729296087,93.7027175,66.21941968979591,22.484402589688788,3.6663137580598297,39,64,,False,True,,1358,21.16838264042747
20,2026-09-14T02:05:53.966+00:00,2026-09-14T02:06:45.552+00:00,2026-09-14T02:06:56.530+00:00,True,167,167.0,,167.0,51585.80416,62564.131712,62564.131715999996,374.63551925748504,5.09551,51585.80416,3986.778810222092,95.4294036,66.13450332530121,23.196872149440686,2.669261051503874,39,64,,False,True,,497,21.16838264042747
21,2026-09-14T02:05:56.992+00:00,2026-09-14T02:06:51.248+00:00,2026-09-14T02:07:00.516+00:00,True,140,140.0,,140.0,54256.605450999996,63523.762955,63523.76283099999,453.7411630785714,40.503144999999996,54256.605450999996,4579.937854773507,95.44727735000001,66.6701978705036,21.99184501232024,2.2038996666361768,39,64,,False,True,,698,21.16838264042747
22,2026-09-14T02:06:00.334+00:00,2026-09-14T02:06:58.014+00:00,2026-09-14T02:07:09.483+00:00,True,171,171.0,,171.0,57680.252391999995,69149.30941599999,69149.30948299999,404.3819268011696,0.0,57680.252391999995,4405.839258186834,96.58652099999999,67.46504131764705,26.51129636536118,2.4729097288776893,39,64,,False,True,,586,21.16838264042747
23,2026-09-14T02:06:02.993+00:00,2026-09-14T02:07:02.419+00:00,2026-09-14T02:07:10.108+00:00,True,116,116.0,,116.0,59425.976738,67115.17200199999,67115.171988,578.579068862069,0.0,59425.976738,5511.428491409982,95.10519175000002,66.86256751304347,28.51053467046574,1.728372237450919,39,64,,False,True,,554,21.16838264042747
24,2026-09-14T02:06:06.522+00:00,2026-09-14T02:07:08.278+00:00,2026-09-14T02:07:21.251+00:00,True,192,192.0,,192.0,61755.696127999996,74729.250304,74729.250193,389.21484475520833,41.496911999999995,61755.696127999996,4451.999103573375,97.02932349999999,67.92436741361256,24.607264445812433,2.56927507259795,39,64,,False,True,,857,21.16838264042747
25,2026-09-14T02:06:09.951+00:00,2026-09-14T02:07:14.579+00:00,2026-09-14T02:07:30.678+00:00,True,243,243.0,,243.0,64628.160351000006,80726.388575,80726.388479,332.2073599958848,0.016239999999999997,64628.160351000006,4141.793155147138,95.36733209999998,66.52160423140496,36.719231517617615,3.0101681035097636,39,64,,False,True,,1003,21.16838264042747
26,2026-09-14T02:06:13.366+00:00,2026-09-14T02:07:21.012+00:00,2026-09-14T02:07:35.002+00:00,True,212,212.0,,212.0,67645.67915899999,81635.534391,81635.53439799999,385.0732754622641,0.016579999999999998,67645.67915899999,4641.541771222678,96.66834155000001,66.30263143127962,39.95250770612968,2.5969083387708207,39,64,,False,True,,1015,21.16838264042747
27,2026-09-14T02:06:16.402+00:00,2026-09-14T02:07:26.663+00:00,2026-09-14T02:07:39.715+00:00,True,200,200.0,,200.0,70261.056048,83313.21144,83313.211558,416.56605779,0.01821,70261.056048,4963.73377527591,95.10892949999999,65.58872056281407,40.53495436040687,2.4005796504919843,39,64,,False,True,,739,21.16838264042747
28,2026-09-14T02:06:19.900+00:00,2026-09-14T02:07:32.105+00:00,2026-09-14T02:07:43.906+00:00,True,184,184.0,,184.0,72204.937861,84005.548421,84005.548282,456.55189283695654,34.544407,72204.937861,5318.306521657772,94.33426465000001,64.48421071038251,21.123245787310392,2.1903315133170778,39,64,,False,True,,837,21.16838264042747
29,2026-09-14T02:06:23.386+00:00,2026-09-14T02:07:38.216+00:00,2026-09-14T02:07:51.380+00:00,True,206,206.0,,206.0,74830.27039599999,87993.4663,87993.466353,427.15274928640775,34.884426,74830.27039599999,5209.239106366114,92.813534,64.21071172682927,20.69134901548268,2.3410829083340703,39,64,,False,True,,1061,21.16838264042747
30,2026-09-14T02:06:26.930+00:00,2026-09-14T02:07:44.608+00:00,2026-09-14T02:07:56.067+00:00,True,179,179.0,,179.0,77677.572676,89136.430916,89136.43093799999,497.9688879217877,0.0,77677.572676,5801.137185721382,94.2227969,64.37560808988763,25.210184345488734,2.0081575867524384,39,64,,False,True,,958,21.16838264042747
31,2026-09-14T02:06:30.228+00:00,2026-09-14T02:07:49.808+00:00,2026-09-14T02:08:07.962+00:00,True,276,276.0,,276.0,79579.578998,97733.66155799999,97733.661532,354.1074693188406,0.0,79579.578998,4786.215853789381,95.8191055,66.01484567272728,24.352317427670872,2.8240014300109686,39,64,,False,True,,968,21.16838264042747
32,2026-09-14T02:06:33.505+00:00,2026-09-14T02:07:55.976+00:00,2026-09-14T02:08:10.128+00:00,True,215,215.0,,215.0,82470.851763,96623.568051,96623.568003,449.4119442,37.873711,82470.851763,5619.998784920332,97.4010643,66.13418826168224,22.21258390231982,2.2251300002347087,39,64,,False,True,,898,21.16838264042747
33,2026-09-14T02:06:37.144+00:00,2026-09-14T02:08:00.911+00:00,2026-09-14T02:08:11.731+00:00,True,167,167.0,,167.0,83767.014584,94587.488952,94587.489037,566.3921499221557,40.707884,83767.014584,6477.077607315031,94.8793516,65.18358053012048,21.498484771532933,1.7655611947236165,39,64,,False,True,,698,21.16838264042747
34,2026-09-14T02:06:40.402+00:00,2026-09-14T02:08:08.092+00:00,2026-09-14T02:08:24.919+00:00,True,255,255.0,,255.0,87690.21147499999,104517.41480299999,104517.414658,409.872214345098,0.0,87690.21147499999,5487.424335916129,94.9016177,66.248832,46.81884525584842,2.439784800271205,39,64,,False,True,,1147,21.16838264042747
35,2026-09-14T02:06:44.926+00:00,2026-09-14T02:08:15.899+00:00,2026-09-14T02:08:23.766+00:00,True,116,116.0,,116.0,90973.127892,98839.77134800001,98839.771303,852.0669939913794,0.015880000000000002,90973.127892,8440.49585483508,96.07544750000001,68.40559526956523,58.980179573402175,1.1736166364810923,39,64,,False,True,,503,21.16838264042747
36,2026-09-14T02:06:49.609+00:00,2026-09-14T02:08:24.404+00:00,2026-09-14T02:08:36.861+00:00,True,187,187.0,,187.0,94794.946631,107251.217991,107251.218004,573.5359251550802,0.0,94794.946631,6927.241903231757,96.69487430000001,66.96920086021505,25.349965660114098,1.7435699426340512,39,64,,False,True,,639,21.16838264042747
37,2026-09-14T02:06:53.930+00:00,2026-09-14T02:08:32.112+00:00,2026-09-14T02:08:45.614+00:00,True,201,201.0,,201.0,98181.532831,111683.812255,111683.812256,555.6408569950249,0.0,98181.532831,6920.473699780222,95.77665799999998,67.51139712,24.799529731110773,1.7997236657813085,39,64,,False,True,,895,21.16838264042747
38,2026-09-14T02:06:57.820+00:00,2026-09-14T02:08:38.658+00:00,2026-09-14T02:08:49.997+00:00,True,174,174.0,,174.0,100838.68778000001,112177.028644,112177.028573,644.6955665114943,41.249573,100838.68778000001,7639.625209287807,95.57814350000001,65.539542566474,22.36818622701091,1.5511197087613955,39,64,,False,True,,756,21.16838264042747
39,2026-09-14T02:07:02.416+00:00,2026-09-14T02:08:47.057+00:00,2026-09-14T02:08:55.427+00:00,True,128,128.0,,128.0,104641.46218999999,113011.45130999999,113011.45140699999,882.9019641171874,41.136693,104641.46218999999,9243.284954392799,95.0908145,65.90542614173228,21.27344265927397,1.1326285833537804,39,64,,False,True,,604,21.16838264042747
40,2026-09-14T02:07:06.309+00:00,2026-09-14T02:08:54.244+00:00,2026-09-14T02:09:08.236+00:00,True,214,214.0,,214.0,107935.099233,121927.488865,121927.488862,569.7546208504673,0.0,107935.099233,7373.853665949244,94.76137149999998,65.69197010328638,27.967813373436407,1.7551415352853212,39,64,,False,True,,868,21.16838264042747
41,2026-09-14T02:07:10.668+00:00,2026-09-14T02:09:02.316+00:00,2026-09-14T02:09:12.904+00:00,True,163,163.0,,163.0,111647.565969,122236.35291300001,122236.352935,749.9162756748466,37.239381,111647.565969,8739.819994083262,95.512907,65.36288237037037,21.926177760446365,1.3334821934356382,39,64,,False,True,,984,21.16838264042747
42,2026-09-14T02:07:13.760+00:00,2026-09-14T02:09:07.440+00:00,2026-09-14T02:09:20.356+00:00,True,194,194.0,,194.0,113679.780953,126595.89308099999,126595.893134,652.5561501752577,0.016489999999999998,113679.780953,8157.104302681053,98.72968449999999,66.92286076683938,53.79431015853074,1.5324351784135113,39,64,,False,True,,918,21.16838264042747
43,2026-09-14T02:07:16.695+00:00,2026-09-14T02:09:13.515+00:00,2026-09-14T02:09:25.685+00:00,True,181,181.0,,181.0,116819.43418899999,128989.33038099999,128989.330376,712.6482341215469,0.0,116819.43418899999,8678.298062183654,97.33257499999999,67.6105344,59.57517801427954,1.4032168355737207,39,64,,False,True,,844,21.16838264042747
44,2026-09-14T02:07:21.311+00:00,2026-09-14T02:09:20.996+00:00,2026-09-14T02:09:30.209+00:00,True,136,136.0,,136.0,119684.97274099999,128898.308293,128898.308253,947.7816783308823,0.0,119684.97274099999,10257.09869107491,95.7825155,68.24693001481481,31.84658533119241,1.055095305757288,39,64,,False,True,,847,21.16838264042747
45,2026-09-14T02:07:25.742+00:00,2026-09-14T02:09:28.808+00:00,2026-09-14T02:09:40.467+00:00,True,180,180.0,,180.0,123066.869645,134725.502861,134725.502752,748.4750152888889,39.342517,123066.869645,9168.032726385321,95.15775289999999,65.13202913966481,21.256457177641426,1.3360499398967614,39,64,,False,True,,872,21.16838264042747
46,2026-09-14T02:07:28.551+00:00,2026-09-14T02:09:33.682+00:00,2026-09-14T02:09:48.912+00:00,True,232,232.0,,232.0,125130.282924,140360.781228,140360.781088,605.0033667586207,0.0,125130.282924,8210.929095525744,95.10828205,65.93289309090909,29.35738797757638,1.652883362220267,39,64,,False,True,,495,21.16838264042747
47,2026-09-14T02:07:33.231+00:00,2026-09-14T02:09:42.284+00:00,2026-09-14T02:09:54.532+00:00,True,186,186.0,,186.0,129053.10754299999,141301.348439,141301.34834499998,759.6846685215053,0.0,129053.10754299999,9457.828131631286,94.66873275,66.20670754594595,30.741263513582158,1.3163356334160994,39,64,,False,True,,607,21.16838264042747
48,2026-09-14T02:07:36.031+00:00,2026-09-14T02:09:46.810+00:00,2026-09-14T02:09:59.180+00:00,True,185,185.0,,185.0,130779.373474,143148.617122,143148.61704100002,773.7763083297298,36.620523,130779.373474,9610.173547166576,95.15572739999999,67.22415026086956,22.06820504046377,1.2923631657742924,39,64,,False,True,,637,21.16838264042747
49,2026-09-14T02:07:39.057+00:00,2026-09-14T02:09:52.380+00:00,2026-09-14T02:10:05.266+00:00,True,193,193.0,,193.0,133323.147278,146208.98356599998,146208.983454,757.559499761658,36.274944000000005,133323.147278,9592.003844885934,94.9575256,67.11373066666667,21.80803674415876,1.3200283272120428,39,64,,False,True,,819,21.16838264042747
50,2026-09-14T02:07:41.805+00:00,2026-09-14T02:09:56.489+00:00,2026-09-14T02:10:07.209+00:00,True,162,162.0,,162.0,134683.55102200003,145403.73329400003,145403.73344200003,897.5539101358027,37.51319,134683.55102200003,10576.53006119218,95.61771555000001,66.58498305590062,21.803141108056433,1.1141392062640032,39,64,,False,True,,775,21.16838264042747
51,2026-09-14T02:07:45.591+00:00,2026-09-14T02:10:03.223+00:00,2026-09-14T02:10:21.324+00:00,True,276,276.0,,276.0,137632.03466,155733.51766800001,155733.517791,564.2518760543478,0.0,137632.03466,8280.74911786794,95.975893,65.82357457454546,62.66867793945568,1.7722581762288943,39,64,,False,True,,986,21.16838264042747
52,2026-09-14T02:07:49.662+00:00,2026-09-14T02:10:10.659+00:00,2026-09-14T02:10:22.554+00:00,True,184,184.0,,184.0,140997.140288,152892.35027199998,152892.35040599998,830.9366869891304,0.0,140997.140288,10389.933682926418,97.91220215,65.00114745355191,76.28768264918696,1.2034611259010577,39,64,,False,True,,849,21.16838264042747
53,2026-09-14T02:07:53.638+00:00,2026-09-14T02:10:17.472+00:00,2026-09-14T02:10:35.200+00:00,True,270,270.0,,270.0,143834.652841,161561.965737,161561.965901,598.3776514851852,0.01599,143834.652841,8749.676768374025,96.08728045,65.90079143494424,57.63961853735864,1.6711854103058006,39,64,,False,True,,1128,21.16838264042747
54,2026-09-14T02:07:57.683+00:00,2026-09-14T02:10:25.924+00:00,2026-09-14T02:10:39.448+00:00,True,202,202.0,,202.0,148241.53846799998,161765.132964,161765.132796,800.8174890891088,40.906203999999995,148241.53846799998,10425.527436550892,95.188367,67.28156465671643,22.002261898023143,1.2487239759197928,39,64,,False,True,,936,21.16838264042747
55,2026-09-14T02:08:00.805+00:00,2026-09-14T02:10:31.705+00:00,2026-09-14T02:10:40.543+00:00,True,131,131.0,,131.0,150900.46886899997,159738.355077,159738.35506399997,1219.3767562137402,0.0,150900.46886899997,13178.348023308185,95.7634675,67.98374006153846,37.38140465386375,0.8200910791703908,39,64,,False,True,,675,21.16838264042747
56,2026-09-14T02:08:04.617+00:00,2026-09-14T02:10:37.656+00:00,2026-09-14T02:10:51.094+00:00,True,205,205.0,,205.0,153039.24190599998,166477.382066,166477.381955,812.0847900243901,0.0,153039.24190599998,10684.174508138407,96.55022419999999,65.87323607843138,33.09164589745781,1.231398508649828,39,64,,False,True,,567,21.16838264042747
57,2026-09-14T02:08:07.913+00:00,2026-09-14T02:10:43.858+00:00,2026-09-14T02:10:54.782+00:00,True,166,166.0,,166.0,155944.884824,166868.520536,166868.520583,1005.2320517048194,3.2755929999999998,155944.884824,12098.553554635093,96.05387525,66.20385279999999,22.89754095991183,0.9947951804617778,39,64,,False,True,,554,21.16838264042747
58,2026-09-14T02:08:12.281+00:00,2026-09-14T02:10:51.693+00:00,2026-09-14T02:11:08.727+00:00,True,260,260.0,,260.0,159412.135187,176446.74817900002,176446.748102,678.6413388538462,40.619144999999996,159412.135187,9882.265247054293,93.6716735,65.77070653281854,21.470640491181385,1.4735323982068385,39,64,,False,True,,1183,21.16838264042747
59,2026-09-14T02:08:15.241+00:00,2026-09-14T02:10:56.444+00:00,2026-09-14T02:11:10.428+00:00,True,213,213.0,,213.0,161202.839363,175186.90413100002,175186.904178,822.4737285352113,0.0,161202.839363,11040.963490233074,93.3451432,65.96256966037735,32.160636343760196,1.2158443067224043,39,64,,False,True,,1097,21.16838264042747
60,2026-09-14T02:08:19.500+00:00,2026-09-14T02:11:03.927+00:00,2026-09-14T02:11:19.937+00:00,True,244,244.0,,244.0,164427.176352,180436.801696,180436.801471,739.4950879959017,0.0,164427.176352,10522.200159216794,95.60061065,65.88323186831275,31.37442479113261,1.3522740245146403,39,64,,False,True,,1201,21.16838264042747
61,2026-09-14T02:08:24.179+00:00,2026-09-14T02:11:11.700+00:00,2026-09-14T02:11:20.253+00:00,True,132,132.0,,132.0,167520.68972,176073.690936,176073.690964,1333.8915982121212,36.092864,167520.68972,14575.137169031272,94.35228,65.29008561832062,21.300891324958467,0.7496861075512975,39,64,,False,True,,572,21.16838264042747
62,2026-09-14T02:08:27.978+00:00,2026-09-14T02:11:18.799+00:00,2026-09-14T02:11:33.493+00:00,True,220,220.0,,220.0,170820.27137,185514.816522,185514.81655,843.2491661363637,0.01577,170820.27137,11512.397482953045,96.73270395,67.09837968949772,71.4818523357425,1.1858891064580301,39,64,,False,True,,870,21.16838264042747
63,2026-09-14T02:08:32.146+00:00,2026-09-14T02:11:26.636+00:00,2026-09-14T02:11:43.804+00:00,True,262,262.0,,262.0,174490.53771,191658.065134,191658.065159,731.5193326679389,0.0,174490.53771,10776.22792618903,95.5392265,65.77596714176245,70.56557516465983,1.3670178701679974,39,64,,False,True,,1211,21.16838264042747
64,2026-09-14T02:08:36.713+00:00,2026-09-14T02:11:33.713+00:00,2026-09-14T02:11:50.637+00:00,True,254,254.0,,254.0,177000.342616,193924.146776,193924.146828,763.4808930236221,0.0,177000.342616,11101.835543876445,95.667172,66.89250656126482,31.141462354195752,1.3097904733513823,39,64,,False,True,,1034,21.16838264042747
65,2026-09-14T02:08:40.357+00:00,2026-09-14T02:11:41.132+00:00,2026-09-14T02:12:01.227+00:00,True,297,297.0,,297.0,180775.157493,200870.466805,200870.466772,676.3315379528619,0.0,180775.157493,10485.74108712122,96.3949528,67.88955848648648,29.686657576968273,1.4785647921469716,39,64,,False,True,,1032,21.16838264042747
66,2026-09-14T02:08:43.352+00:00,2026-09-14T02:11:45.407+00:00,2026-09-14T02:12:00.405+00:00,True,222,222.0,,222.0,182054.758088,197052.97556,197052.975538,887.6260159369369,40.213885999999995,182054.758088,12214.181967129642,95.79549805000002,67.86523742986425,22.946218864950975,1.126600597474378,39,64,,False,True,,1066,21.16838264042747
67,2026-09-14T02:08:46.767+00:00,2026-09-14T02:11:51.612+00:00,2026-09-14T02:12:02.117+00:00,True,158,158.0,,158.0,184844.63852,195350.10898400002,195350.10886900002,1236.393094107595,41.532192,184844.63852,14700.14257464599,95.1612277,66.91382461146497,21.820052137087135,0.8088042582711886,39,64,,False,True,,387,21.16838264042747
68,2026-09-14T02:08:51.157+00:00,2026-09-14T02:12:00.125+00:00,2026-09-14T02:12:18.142+00:00,True,269,269.0,,269.0,188968.25029499998,206984.88927099996,206984.88907399998,769.4605541784385,0.0,188968.25029499998,11517.544273336667,98.37877839999999,67.2262648358209,32.45787841925724,1.299611778170943,39,64,,False,True,,1281,21.16838264042747
69,2026-09-14T02:08:54.807+00:00,2026-09-14T02:12:06.733+00:00,2026-09-14T02:12:25.601+00:00,True,280,280.0,,280.0,191926.261496,210794.701048,210794.70087,752.8382173928571,0.0,191926.261496,11465.789644650607,97.39158954999999,67.6288155985663,31.570505696972926,1.3283066348818764,39,64,,False,True,,540,21.16838264042747
70,2026-09-14T02:08:58.424+00:00,2026-09-14T02:12:13.188+00:00,2026-09-14T02:12:20.600+00:00,True,111,111.0,,111.0,194763.668822,202176.111958,202176.1121,1821.4064153153154,0.0,194763.668822,18479.80115755302,96.55058199999999,67.38584669090909,42.21735326387362,0.5490262866616957,39,64,,False,True,,426,21.16838264042747
71,2026-09-14T02:09:02.009+00:00,2026-09-14T02:12:19.273+00:00,2026-09-14T02:12:29.051+00:00,True,146,146.0,,146.0,197264.90589700002,207042.65335300003,207042.65345,1418.1003660958906,38.12297,197264.90589700002,16320.19325777619,94.815995,67.43274107586207,21.64737351325089,0.7051687062330844,39,64,,False,True,,626,21.16838264042747
72,2026-09-14T02:09:05.021+00:00,2026-09-14T02:12:24.159+00:00,2026-09-14T02:12:34.109+00:00,True,154,154.0,,154.0,199138.062902,209088.033846,209088.033932,1357.714506051948,41.047703,199138.062902,16041.775256770678,93.8047898,65.03248983006536,20.736040486478114,0.7365318673063133,39,64,,False,True,,675,21.16838264042747
73,2026-09-14T02:09:08.134+00:00,2026-09-14T02:12:30.797+00:00,2026-09-14T02:12:49.804+00:00,True,291,291.0,,291.0,202663.26452700002,221669.872399,221669.87246900002,761.7521390687286,38.351288999999994,202663.26452700002,11876.50801087881,93.766852,65.54002714482759,21.31910254379334,1.3127629697742937,39,64,,False,True,,1338,21.16838264042747
74,2026-09-14T02:09:11.297+00:00,2026-09-14T02:12:36.260+00:00,2026-09-14T02:12:49.850+00:00,True,211,211.0,,211.0,204963.508282,218552.70713,218552.707162,1035.7948206729857,40.793014,204963.508282,14105.830808944002,94.423956,64.7104707047619,21.191946866965193,0.9654421707734443,39,64,,False,True,,965,21.16838264042747
75,2026-09-14T02:09:14.482+00:00,2026-09-14T02:12:41.317+00:00,2026-09-14T02:12:56.179+00:00,True,231,231.0,,231.0,206835.75113100003,221697.14735500002,221697.14725000004,959.7279101731602,0.0,206835.75113100003,13604.793444302768,94.07566650000001,64.61476619130435,82.90048739306913,1.0419619862320713,39,64,,False,True,,1065,21.16838264042747
76,2026-09-14T02:09:19.155+00:00,2026-09-14T02:12:51.228+00:00,2026-09-14T02:13:10.926+00:00,True,297,297.0,,297.0,212072.534524,231770.653692,231770.65383999998,780.3725718518518,0.014960000000000001,212072.534524,12302.020431460029,96.09845,66.5476998918919,67.64511843594289,1.2814391954672713,39,64,,False,True,,1535,21.16838264042747
77,2026-09-14T02:09:22.237+00:00,2026-09-14T02:12:56.538+00:00,2026-09-14T02:13:07.560+00:00,True,164,164.0,,164.0,214301.08606200002,225322.829166,225322.82923300003,1373.9196904451221,29.317909,214301.08606200002,16728.8381432728,95.30229750000001,67.61805585276073,22.345809344738655,0.7278445801831194,39,64,,False,True,,775,21.16838264042747
78,2026-09-14T02:09:24.877+00:00,2026-09-14T02:13:00.045+00:00,2026-09-14T02:13:08.603+00:00,True,127,127.0,,127.0,215167.337818,223725.904986,223725.90502,1761.6212993700788,30.112356,215167.337818,19086.999124795533,96.51620449999999,67.92513625396825,22.1265968524481,0.5676588949676937,39,64,,False,True,,489,21.16838264042747
79,2026-09-14T02:09:29.296+00:00,2026-09-14T02:13:07.514+00:00,2026-09-14T02:13:18.510+00:00,True,167,167.0,,167.0,218217.962538,229213.76209,229213.762261,1372.5374985688622,40.562644,218217.962538,16881.10156308557,93.7099633,66.2397563373494,22.141122548572106,0.7285775447218915,39,64,,False,True,,741,21.16838264042747
80,2026-09-14T02:09:33.645+00:00,2026-09-14T02:13:15.914+00:00,2026-09-14T02:13:29.262+00:00,True,208,208.0,,208.0,222269.24117199998,235616.62139599997,235616.62138099998,1132.7722181778845,40.368834,222269.24117199998,15407.142963000484,93.43594185,64.48009770048309,21.47336590331008,0.8827900118744814,39,64,,False,True,,704,21.16838264042747
81,2026-09-14T02:09:37.634+00:00,2026-09-14T02:13:22.582+00:00,2026-09-14T02:13:36.616+00:00,True,214,214.0,,214.0,224948.004988,238981.71558,238981.71541900001,1116.7369879392522,0.0,224948.004988,15372.671059720571,92.67129445,65.88596522065727,37.64607254076649,0.8954659961354354,39,64,,False,True,,720,21.16838264042747
82,2026-09-14T02:09:40.526+00:00,2026-09-14T02:13:28.127+00:00,2026-09-14T02:13:44.460+00:00,True,245,245.0,,245.0,227600.992594,243934.70830600001,243934.708298,995.6518706040816,0.0,227600.992594,14536.663124277427,95.55252520000002,66.94145783606558,36.57477232637956,1.0043671181579608,39,64,,False,True,,1167,21.16838264042747
83,2026-09-14T02:09:45.120+00:00,2026-09-14T02:13:35.350+00:00,2026-09-14T02:13:50.453+00:00,True,227,227.0,,227.0,230230.25690799998,245333.284876,245333.28498799997,1080.7633699911894,41.340542,230230.25690799998,15276.499619331822,96.411058,66.82755738053098,22.34213770351612,0.9252719218867254,39,64,,False,True,,1085,21.16838264042747
84,2026-09-14T02:09:48.126+00:00,2026-09-14T02:13:41.413+00:00,2026-09-14T02:13:56.623+00:00,True,225,225.0,,225.0,233287.072264,248497.09363999998,248497.093838,1104.431528168889,40.597924,233287.072264,15547.9605555045,96.18196319999998,67.90188114285715,22.259787048084174,0.905443185287147,39,64,,False,True,,977,21.16838264042747
85,2026-09-14T02:09:51.233+00:00,2026-09-14T02:13:47.987+00:00,2026-09-14T02:13:55.316+00:00,True,110,110.0,,110.0,236753.421368,244083.20492000002,244083.205106,2218.9382282363636,42.427811,236753.421368,22567.151471050085,95.7070714,67.24572066055046,21.432495399048534,0.4506659933281902,39,64,,False,True,,535,21.16838264042747
86,2026-09-14T02:09:54.134+00:00,2026-09-14T02:13:52.536+00:00,2026-09-14T02:14:00.124+00:00,True,116,116.0,,116.0,238401.28031099998,245989.94079099997,245989.94095899997,2120.602939301724,38.499798000000006,238401.28031099998,22128.887187886972,91.97613700000002,65.988352,22.027629848420936,0.4715639982146948,39,64,,False,True,,383,21.16838264042747
87,2026-09-14T02:09:58.452+00:00,2026-09-14T02:14:00.389+00:00,2026-09-14T02:14:08.924+00:00,True,127,127.0,,127.0,241937.91887400002,250472.64706600003,250472.64725900002,1972.2255689685041,39.883205000000004,241937.91887400002,21462.52002549107,96.43383399999999,67.73593803174603,22.690755292434066,0.5070413934921015,39,64,,False,True,,520,21.16838264042747
88,2026-09-14T02:10:03.051+00:00,2026-09-14T02:14:08.282+00:00,2026-09-14T02:14:27.351+00:00,True,287,287.0,,287.0,245230.600079,264300.050319,264300.050442,920.9060991010452,0.0,245230.600079,14471.615397254074,96.185298,66.67639944055944,36.77155319193251,1.0858870426002645,39,64,,False,True,,1313,21.16838264042747
89,2026-09-14T02:10:07.595+00:00,2026-09-14T02:14:16.870+00:00,2026-09-14T02:14:34.029+00:00,True,259,259.0,,259.0,249275.114744,266433.800184,266433.8002,1028.7019312741313,0.0152,249275.114744,15485.3333135339,95.2589369,66.50653271317829,90.57339665471555,0.9720988846802988,39,64,,False,True,,918,21.16838264042747
90,2026-09-14T02:10:10.291+00:00,2026-09-14T02:14:21.854+00:00,2026-09-14T02:14:35.792+00:00,True,210,210.0,,210.0,251562.592367,265500.572783,265500.572889,1264.2884423285714,0.01566,251562.592367,17355.157809194036,93.93350195,66.68890151196172,100.86067787368704,0.7909587455829636,39,64,,False,True,,280,21.16838264042747
91,2026-09-14T02:10:13.088+00:00,2026-09-14T02:14:27.346+00:00,2026-09-14T02:14:34.158+00:00,True,101,101.0,,101.0,254257.635562,261069.742826,261069.742907,2584.8489396732675,0.01549,254257.635562,25293.202378858357,96.469637,68.12107264,143.02702476850206,0.3868698030905686,39,64,,False,True,,488,21.16838264042747
92,2026-09-14T02:10:17.323+00:00,2026-09-14T02:14:34.751+00:00,2026-09-14T02:14:52.419+00:00,True,271,271.0,,271.0,257428.33505000002,275095.85684200004,275095.856856,1015.1138629372695,31.898373,257428.33505000002,15633.697717196419,93.63285599999999,65.4352658962963,21.644014235442846,0.9851111649262225,39,64,,False,True,,994,21.16838264042747
93,2026-09-14T02:10:21.275+00:00,2026-09-14T02:14:41.788+00:00,2026-09-14T02:14:51.918+00:00,True,157,157.0,,157.0,260513.09725299999,270642.767909,270642.767866,1723.8392857707006,36.807742,260513.09725299999,20786.037456159796,94.07117279999999,64.93378625641026,21.571410436112483,0.5801004815794271,39,64,,False,True,,467,21.16838264042747
94,2026-09-14T02:10:24.312+00:00,2026-09-14T02:14:46.217+00:00,2026-09-14T02:15:05.182+00:00,True,281,281.0,,281.0,261904.277057,280869.586241,280869.586253,999.53589413879,0.0,261904.277057,15619.904490839499,94.06676999999999,67.73324708571428,37.905515978492836,1.000464321398217,39,64,,False,True,,1373,21.16838264042747
95,2026-09-14T02:10:28.270+00:00,2026-09-14T02:14:53.371+00:00,2026-09-14T02:15:04.411+00:00,True,162,162.0,,162.0,265100.442061,276141.134285,276141.134279,1704.57490295679,0.0,265100.442061,20822.92256987017,94.84714604999999,68.57572809937888,46.94034591945457,0.5866565313402491,39,64,,False,True,,835,21.16838264042747
96,2026-09-14T02:10:30.880+00:00,2026-09-14T02:14:58.632+00:00,2026-09-14T02:15:05.972+00:00,True,104,104.0,,104.0,267751.775863,275091.71263100003,275091.712606,2645.1126212115387,0.0,267751.775863,26248.293038403306,96.8471587,71.26152201941748,55.961592096645425,0.3780557364136322,39,64,,False,True,,474,21.16838264042747
97,2026-09-14T02:10:33.980+00:00,2026-09-14T02:15:03.395+00:00,2026-09-14T02:15:18.136+00:00,True,219,219.0,,219.0,269414.35758899996,284155.71950899996,284155.71948299994,1297.5147008356162,39.729445,269414.35758899996,18200.77950997364,95.7148932,67.6209262385321,22.41458103488333,0.7707041771969813,39,64,,False,True,,742,21.16838264042747
98,2026-09-14T02:10:37.922+00:00,2026-09-14T02:15:10.165+00:00,2026-09-14T02:15:19.097+00:00,True,132,132.0,,132.0,272242.494148,281175.143876,281175.14395600004,2130.114726939394,40.825334000000005,272242.494148,23689.743600674155,95.94953455,68.18816586259543,22.91934285220167,0.469458282052886,39,64,,False,True,,594,21.16838264042747
99,2026-09-14T02:10:41.555+00:00,2026-09-14T02:15:16.653+00:00,2026-09-14T02:15:32.785+00:00,True,235,235.0,,235.0,275098.230982,291229.908934,291229.908961,1239.276208344681,40.593294,275098.230982,17940.94706249168,96.5504077,68.93879466666667,22.65437130599819,0.8069226160876798,39,64,,False,True,,559,21.16838264042747
100,2026-09-14T02:10:45.862+00:00,2026-09-14T02:15:24.921+00:00,2026-09-14T02:15:43.601+00:00,True,274,274.0,,274.0,279058.386864,297738.945712,297738.945822,1086.6384884014599,34.372317,279058.386864,16854.414544852116,96.02342735,68.42695548717948,22.289830628605046,0.9202692625406067,39,64,,False,True,,1350,21.16838264042747
101,2026-09-14T02:10:49.793+00:00,2026-09-14T02:15:32.271+00:00,2026-09-14T02:15:49.829+00:00,False,267,266.0,,266.0,282477.90294700005,300036.09840300004,300036.09837200004,1123.730705513109,0.0,282477.90294700005,17283.37315061516,95.1203787,66.00825359398496,39.89622528787958,0.8865599886674845,39,64,,False,False,Request timeout: 300.0s exceeded,1221,21.16838264042747
102,2026-09-14T02:10:53.256+00:00,2026-09-14T02:15:38.402+00:00,2026-09-14T02:15:52.466+00:00,True,218,218.0,,218.0,285146.210665,299210.616425,299210.616442,1372.525763495413,0.0,285146.210665,19308.19623628006,94.91459534999998,64.81292976958525,42.98794246172254,0.7285837735461629,39,64,,False,True,,1155,21.16838264042747
103,2026-09-14T02:10:57.625+00:00,2026-09-14T02:15:45.986+00:00,2026-09-14T02:15:57.657+00:00,False,179,178.0,,178.0,288361.039787,300032.193707,300032.193604,1676.1575061675976,0.0,288361.039787,21548.265663158665,96.252246,65.5682804494382,46.743607318933236,0.5932696681671035,39,64,,False,False,Request timeout: 300.0s exceeded,651,21.16838264042747
104,2026-09-14T02:11:01.996+00:00,2026-09-14T02:15:54.332+00:00,2026-09-14T02:16:02.047+00:00,False,109,108.0,,108.0,292335.691152,300051.404944,300051.40512,2752.765184587156,0.03429,292335.691152,27993.845801143692,93.45654640000001,71.44179437037037,20.960938535877865,0.3599383246352622,39,64,,False,False,Request timeout: 300.0s exceeded,500,21.16838264042747
105,2026-09-14T02:11:04.670+00:00,2026-09-14T02:15:57.380+00:00,2026-09-14T02:16:04.728+00:00,False,105,104.0,,104.0,292710.617224,300058.387848,300058.388041,2857.698933723809,0.039939999999999996,292710.617224,28558.743620315658,91.51839840000001,70.65164061538461,20.440209197617364,0.3465992093934834,39,64,,False,False,Request timeout: 300.0s exceeded,420,21.16838264042747
106,2026-09-14T02:11:09.357+00:00,2026-09-14T02:16:02.741+00:00,2026-09-14T02:16:09.386+00:00,False,100,99.0,,99.0,293383.348277,300028.108597,300028.10856200004,3000.2810856200003,0.04147,293383.348277,29331.629744130732,88.80532245,67.11879111111111,20.06775596413413,0.32996908344003706,39,64,,False,False,Request timeout: 300.0s exceeded,338,21.16838264042747
107,2026-09-14T02:11:12.413+00:00,2026-09-14T02:16:05.889+00:00,2026-09-14T02:16:12.430+00:00,False,97,96.0,,96.0,293476.257143,300016.733047,300016.733198,3092.9560123505157,0.02532,293476.257143,29791.08833815648,88.38804680000001,68.12995733333332,20.028774474496217,0.3199821524120151,39,64,,False,False,Request timeout: 300.0s exceeded,312,21.16838264042747
108,2026-09-14T02:11:16.975+00:00,2026-09-14T02:16:10.776+00:00,2026-09-14T02:16:17.023+00:00,False,94,93.0,,93.0,293800.869804,300047.966124,300047.96635,3191.999642021277,0.03651,293800.869804,30296.324062366428,88.39524515,67.17307870967741,19.965800123449892,0.3099504429287354,39,64,,False,False,Request timeout: 300.0s exceeded,400,21.16838264042747
109,2026-09-14T02:11:20.294+00:00,2026-09-14T02:16:14.192+00:00,2026-09-14T02:16:20.367+00:00,False,92,91.0,,91.0,293898.498847,300073.739039,300073.739095,3261.6710771195653,0.041,293898.498847,30633.968075352226,88.12162104999999,67.85978232967032,19.76658654173066,0.3032587932933808,39,64,,False,False,Request timeout: 300.0s exceeded,394,21.16838264042747
110,2026-09-14T02:11:24.851+00:00,2026-09-14T02:16:18.210+00:00,2026-09-14T02:16:24.875+00:00,False,99,98.0,,98.0,293358.813437,300024.115965,300024.11608899996,3030.546627161616,0.0503,293358.813437,29476.841113882154,87.3438947,68.01329110204081,19.845783501252317,0.3266404091710828,39,64,,False,False,Request timeout: 300.0s exceeded,450,21.16838264042747
111,2026-09-14T02:11:28.158+00:00,2026-09-14T02:16:22.022+00:00,2026-09-14T02:16:28.198+00:00,False,94,93.0,,93.0,293864.057118,300040.423966,300040.423925,3191.9194034574466,0.039259999999999996,293864.057118,30302.920500766344,89.29707715,66.41254675268817,21.04558765016066,0.3099582341962648,39,64,,False,False,Request timeout: 300.0s exceeded,425,21.16838264042747
112,2026-09-14T02:11:30.737+00:00,2026-09-14T02:16:23.938+00:00,2026-09-14T02:16:30.786+00:00,False,107,106.0,,106.0,293201.342828,300048.993388,300048.993474,2804.196200691589,0.039920000000000004,293201.342828,28338.60587860119,89.82512529999998,64.60047698113208,20.531741539580082,0.3532756394317546,39,64,,False,False,Request timeout: 300.0s exceeded,506,21.16838264042747
113,2026-09-14T02:11:34.118+00:00,2026-09-14T02:16:27.663+00:00,2026-09-14T02:16:34.144+00:00,False,111,110.0,,110.0,293544.62002100004,300025.327349,300025.32728400006,2702.930876432433,0.01557,293544.62002100004,27856.83734146506,90.9192875,58.91552116363636,151.27885120537132,0.3666357136310833,39,64,,False,False,Request timeout: 300.0s exceeded,498,21.16838264042747
114,2026-09-14T02:11:38.154+00:00,2026-09-14T02:16:32.924+00:00,2026-09-14T02:16:38.163+00:00,False,81,80.0,,80.0,294769.585632,300008.30896,300008.309014,3703.806284123457,0.02238,294769.585632,32744.90631683174,87.219845,65.4840416,20.17946415505379,0.2666592811289982,39,64,,False,False,Request timeout: 300.0s exceeded,377,21.16838264042747
115,2026-09-14T02:11:40.934+00:00,2026-09-14T02:16:35.048+00:00,2026-09-14T02:16:40.940+00:00,False,83,82.0,,82.0,294114.309864,300006.19236,300006.192364,3614.532438120482,0.04344,294114.309864,32275.358596114624,89.45970990000002,71.85222556097561,19.515102221068336,0.2733276915217871,39,64,,False,False,Request timeout: 300.0s exceeded,373,21.16838264042747
116,2026-09-14T02:11:44.990+00:00,2026-09-14T02:16:39.042+00:00,2026-09-14T02:16:45.024+00:00,False,94,93.0,,93.0,294051.83633099997,300034.21610699996,300034.216079,3191.853362542553,0.0,294051.83633099997,30322.567381586683,88.24682650000001,64.32666425806451,65.98405251788792,0.30996464738819585,39,64,,False,False,Request timeout: 300.0s exceeded,488,21.16838264042747
117,2026-09-14T02:11:49.479+00:00,2026-09-14T02:16:43.074+00:00,2026-09-14T02:16:49.511+00:00,False,99,98.0,,98.0,293594.545188,300031.06538000004,300031.065255,3030.616820757576,0.02248,293594.545188,29500.768406044415,89.0357299,65.67877746938775,20.923951130597267,0.32663284342199533,39,64,,False,False,Request timeout: 300.0s exceeded,453,21.16838264042747
118,2026-09-14T02:11:52.985+00:00,2026-09-14T02:16:46.623+00:00,2026-09-14T02:16:53.017+00:00,False,95,94.0,,94.0,293637.343986,300031.973874,300031.973831,3158.2313034842105,0.033729,293637.343986,30119.583220862365,90.5851317,68.02797753191489,20.518635826871055,0.3132999419571055,39,64,,False,False,Request timeout: 300.0s exceeded,429,21.16838264042747
119,2026-09-14T02:11:56.573+00:00,2026-09-14T02:16:50.162+00:00,2026-09-14T02:16:56.606+00:00,False,93,92.0,,92.0,293588.730367,300032.791807,300032.79170899995,3226.1590506344082,0.05063,293588.730367,30436.476306773748,88.267643,70.04414608695652,19.839093374201042,0.306633149816438,39,64,,False,False,Request timeout: 300.0s exceeded,379,21.16838264042747
120,2026-09-14T02:11:59.269+00:00,2026-09-14T02:16:53.147+00:00,2026-09-14T02:16:59.276+00:00,False,87,86.0,,86.0,293878.617449,300007.564137,300007.56405700004,3448.362805252874,0.03731,293878.617449,31499.46076552348,89.7301173,71.26682195348836,20.232040312460505,0.2866594388957728,39,64,,False,False,Request timeout: 300.0s exceeded,374,21.16838264042747
121,2026-09-14T02:12:02.911+00:00,2026-09-14T02:16:56.391+00:00,2026-09-14T02:17:02.957+00:00,False,97,96.0,,96.0,293479.726121,300045.232681,300045.232565,3093.249820257732,0.03384,293479.726121,29791.4144421597,91.346134,68.39069333333333,20.557156133033445,0.31995175908048706,39,64,,False,False,Request timeout: 300.0s exceeded,463,21.16838264042747
122,2026-09-14T02:12:06.086+00:00,2026-09-14T02:16:59.489+00:00,2026-09-14T02:17:06.095+00:00,False,97,96.0,,96.0,293403.08952499996,300008.88357299997,300008.88355399994,3092.8750881855667,0.02022,293403.08952499996,29783.590190579445,90.14912700000001,68.81035466666667,19.999423778159457,0.3199905244693886,39,64,,False,False,Request timeout: 300.0s exceeded,219,21.16838264042747
123,2026-09-14T02:12:10.830+00:00,2026-09-14T02:17:04.784+00:00,2026-09-14T02:17:10.892+00:00,False,87,86.0,,86.0,293954.08159899997,300062.118975,300062.118968,3448.9898731954017,0.09473000000000001,293954.08159899997,31507.576964637647,89.2704579,71.02369041860466,19.474668496123247,0.2866073208233432,39,64,,False,False,Request timeout: 300.0s exceeded,306,21.16838264042747
124,2026-09-14T02:12:13.832+00:00,2026-09-14T02:17:07.823+00:00,2026-09-14T02:17:13.860+00:00,False,86,85.0,,85.0,293990.535553,300027.702401,300027.702323,3488.6942130581397,0.022850000000000002,293990.535553,31694.161806742537,88.9191195,71.02549232941176,19.51650914985606,0.2833071723703494,39,64,,False,False,Request timeout: 300.0s exceeded,388,21.16838264042747
125,2026-09-14T02:12:17.290+00:00,2026-09-14T02:17:11.406+00:00,2026-09-14T02:17:17.301+00:00,False,87,86.0,,86.0,294116.115994,300011.413274,300011.413266,3448.4070490344825,0.03762,294116.115994,31525.21453588439,87.846956,68.54996837209302,20.20319162042232,0.28665576106418433,39,64,,False,False,Request timeout: 300.0s exceeded,400,21.16838264042747
126,2026-09-14T02:12:20.416+00:00,2026-09-14T02:17:14.074+00:00,2026-09-14T02:17:20.465+00:00,False,96,95.0,,95.0,293657.75658700004,300048.50218700006,300048.50221000006,3125.505231354167,0.038380000000000004,293657.75658700004,29964.46048026114,88.90819024999999,67.27100631578948,20.62214386793331,0.3166154781895658,39,64,,False,False,Request timeout: 300.0s exceeded,393,21.16838264042747
127,2026-09-14T02:12:24.113+00:00,2026-09-14T02:17:17.591+00:00,2026-09-14T02:17:24.124+00:00,False,96,95.0,,95.0,293477.845823,300011.04774300003,300011.047627,3125.1150794479167,0.04124,293477.845823,29945.94482316115,89.04257275,68.7705465263158,19.798599461620082,0.31665500558959525,39,64,,False,False,Request timeout: 300.0s exceeded,441,21.16838264042747
128,2026-09-14T02:12:28.727+00:00,2026-09-14T02:17:22.514+00:00,2026-09-14T02:17:28.816+00:00,False,92,91.0,,91.0,293786.65470899997,300089.09054899996,300089.09059999994,3261.8379413043476,0.04914,293786.65470899997,30622.161851062447,89.2081922,69.25753670329671,19.855174660349793,0.3032432796324567,39,64,,False,False,Request timeout: 300.0s exceeded,301,21.16838264042747
129,2026-09-14T02:12:33.386+00:00,2026-09-14T02:17:27.257+00:00,2026-09-14T02:17:33.412+00:00,False,91,90.0,,90.0,293870.847711,300025.790943,300025.790953,3296.986713769231,0.02813,293870.847711,30798.872723233468,88.46613300000001,68.38825813333334,19.965787614253998,0.2999742112740519,39,64,,False,False,Request timeout: 300.0s exceeded,373,21.16838264042747
130,2026-09-14T02:12:37.884+00:00,2026-09-14T02:17:31.781+00:00,2026-09-14T02:17:37.898+00:00,False,92,91.0,,91.0,293897.14102,300013.56341999996,300013.563418,3261.016993673913,0.0,293897.14102,30633.960372491536,88.83629359999999,67.21343296703297,67.14663838795414,0.30331961982867345,39,64,,False,False,Request timeout: 300.0s exceeded,404,21.16838264042747
131,2026-09-14T02:12:40.596+00:00,2026-09-14T02:17:34.437+00:00,2026-09-14T02:17:40.630+00:00,False,97,96.0,,96.0,293841.448769,300034.029121,300034.029176,3093.134321402062,0.0,293841.448769,29828.600500875098,89.27744040000002,64.50604533333333,65.55291180839875,0.3199637063877324,39,64,,False,False,Request timeout: 300.0s exceeded,396,21.16838264042747
132,2026-09-14T02:12:43.569+00:00,2026-09-14T02:17:37.646+00:00,2026-09-14T02:17:43.622+00:00,False,99,98.0,,98.0,294076.339612,300053.17238,300053.172506,3030.840126323232,0.0,294076.339612,29549.66927654594,89.6131747,60.98808946938775,29.54756955720288,0.3266087781131295,39,64,,False,False,Request timeout: 300.0s exceeded,418,21.16838264042747
133,2026-09-14T02:12:46.927+00:00,2026-09-14T02:17:40.769+00:00,2026-09-14T02:17:47.010+00:00,False,88,87.0,,87.0,293841.418107,300082.310011,300082.30978300003,3410.026247534091,0.0265,293841.418107,31315.959629010656,89.36126825000001,71.73438970114942,19.696047438307595,0.28992045548040096,39,64,,False,False,Request timeout: 300.0s exceeded,358,21.16838264042747
134,2026-09-14T02:12:50.340+00:00,2026-09-14T02:17:44.020+00:00,2026-09-14T02:17:50.405+00:00,False,93,92.0,,92.0,293679.515237,300064.586853,300064.586848,3226.5009338494624,0.023809999999999998,293679.515237,30445.95761878563,91.5906264,69.40295234782609,21.150136263693813,0.30660065876107634,39,64,,False,False,Request timeout: 300.0s exceeded,393,21.16838264042747
135,2026-09-14T02:12:53.688+00:00,2026-09-14T02:17:47.136+00:00,2026-09-14T02:17:53.788+00:00,False,103,102.0,,102.0,293448.355733,300100.28482099995,300100.28476899996,2913.5949977572814,0.03964,293448.355733,28907.90740705286,91.2551701,65.21499105882353,21.03449157812414,0.3398863818501195,39,64,,False,False,Request timeout: 300.0s exceeded,471,21.16838264042747
136,2026-09-14T02:12:57.384+00:00,2026-09-14T02:17:50.653+00:00,2026-09-14T02:17:57.410+00:00,False,106,105.0,,105.0,293269.100719,300025.45655899995,300025.456573,2830.4288355943395,0.04356,293269.100719,28478.57040503965,90.53515125,64.3462460952381,20.242305551206563,0.3499703032010944,39,64,,False,False,Request timeout: 300.0s exceeded,470,21.16838264042747
137,2026-09-14T02:13:00.103+00:00,2026-09-14T02:17:53.952+00:00,2026-09-14T02:18:00.154+00:00,False,93,92.0,,92.0,293848.745644,300050.946476,300050.94653,3226.354263763441,0.02218,293848.745644,30463.711418397528,89.2883664,67.41522643478261,20.121226871229112,0.30661459688932774,39,64,,False,False,Request timeout: 300.0s exceeded,391,21.16838264042747
138,2026-09-14T02:13:03.885+00:00,2026-09-14T02:17:57.848+00:00,2026-09-14T02:18:03.908+00:00,False,91,90.0,,90.0,293963.038847,300022.484863,300022.484786,3296.950382263736,0.038689999999999995,293963.038847,30808.64840707859,88.87013700000001,67.32717795555556,20.27139522825056,0.29997751682210394,39,64,,False,False,Request timeout: 300.0s exceeded,423,21.16838264042747
139,2026-09-14T02:13:07.890+00:00,2026-09-14T02:18:01.568+00:00,2026-09-14T02:18:07.969+00:00,False,93,92.0,,92.0,293678.29994199995,300078.95222999994,300078.95213299996,3226.6553992795693,0.02289,293678.29994199995,30445.81346387331,89.17179340000001,69.57230747826087,20.29832387776813,0.30658598117699787,39,64,,False,False,Request timeout: 300.0s exceeded,379,21.16838264042747
140,2026-09-14T02:13:10.617+00:00,2026-09-14T02:18:04.207+00:00,2026-09-14T02:18:10.693+00:00,False,95,94.0,,94.0,293590.084043,300075.716811,300075.716809,3158.6917558842106,0.01923,293590.084043,30114.63522271105,90.7182548,68.99609327659574,20.65936881698552,0.3132542712851539,39,64,,False,False,Request timeout: 300.0s exceeded,454,21.16838264042747
141,2026-09-14T02:13:14.627+00:00,2026-09-14T02:18:08.484+00:00,2026-09-14T02:18:14.669+00:00,False,93,92.0,,92.0,293857.056804,300042.444836,300042.44475799997,3226.262846860215,0.038560000000000004,293857.056804,30464.592398442663,88.84151960000001,67.23247860869566,20.429425674372506,0.30662328474988343,39,64,,False,False,Request timeout: 300.0s exceeded,346,21.16838264042747
142,2026-09-14T02:13:17.866+00:00,2026-09-14T02:18:11.719+00:00,2026-09-14T02:18:17.908+00:00,False,95,94.0,,94.0,293852.11866900005,300041.64519700006,300041.645283,3158.333108242106,0.023940000000000003,293852.11866900005,30141.842187952305,89.193616,65.84602689361702,20.05517548720958,0.31328984327586223,39,64,,False,False,Request timeout: 300.0s exceeded,358,21.16838264042747
143,2026-09-14T02:13:20.923+00:00,2026-09-14T02:18:14.271+00:00,2026-09-14T02:18:20.956+00:00,False,99,98.0,,98.0,293347.865728,300033.326976,300033.326985,3030.6396665151515,0.0208,293347.865728,29475.720550568843,88.3087441,68.21899232653061,20.43169674785517,0.3266303813237359,39,64,,False,False,Request timeout: 300.0s exceeded,483,21.16838264042747
144,2026-09-14T02:13:24.775+00:00,2026-09-14T02:18:18.283+00:00,2026-09-14T02:18:24.813+00:00,False,98,97.0,,97.0,293508.32023,300038.426086,300038.425965,3061.616591479592,0.05952,293508.32023,29642.02379114134,87.8408122,67.32067892783505,19.813663729392523,0.3232919238557694,39,64,,False,False,Request timeout: 300.0s exceeded,453,21.16838264042747
145,2026-09-14T02:13:29.122+00:00,2026-09-14T02:18:22.745+00:00,2026-09-14T02:18:29.204+00:00,False,93,92.0,,92.0,293622.539205,300081.284549,300081.28456199996,3226.68047916129,0.03483,293622.539205,30439.965390230085,89.23932579999999,70.20375373913043,19.56050454557527,0.3065835983016042,39,64,,False,False,Request timeout: 300.0s exceeded,365,21.16838264042747
146,2026-09-14T02:13:33.479+00:00,2026-09-14T02:18:27.016+00:00,2026-09-14T02:18:33.532+00:00,False,100,99.0,,99.0,293537.305393,300053.564465,300053.56437800004,3000.53564378,0.0,293537.305393,29347.214104065315,94.67184695,65.82079870707071,62.38814543456474,0.3299410896068456,39,64,,False,False,Request timeout: 300.0s exceeded,527,21.16838264042747
147,2026-09-14T02:13:36.958+00:00,2026-09-14T02:18:30.815+00:00,2026-09-14T02:18:37.027+00:00,False,96,95.0,,95.0,293856.628786,300068.94341,300068.943473,3125.7181611770834,0.0,293856.628786,29985.008552991236,93.374162,65.39278551578947,63.28984479200786,0.31659390978758,39,64,,False,False,Request timeout: 300.0s exceeded,481,21.16838264042747
148,2026-09-14T02:13:40.889+00:00,2026-09-14T02:18:34.693+00:00,2026-09-14T02:18:40.942+00:00,False,91,90.0,,90.0,293803.588601,300052.714233,300052.71403000003,3297.282571758242,0.02208,293803.588601,30791.712968060874,90.16615449999999,69.43472924444444,20.900796046644036,0.2999472950280072,39,64,,False,False,Request timeout: 300.0s exceeded,294,21.16838264042747
149,2026-09-14T02:13:44.761+00:00,2026-09-14T02:18:38.493+00:00,2026-09-14T02:18:44.849+00:00,False,98,97.0,,97.0,293732.204935,300087.56800699997,300087.568158,3062.1180424285712,0.02231,293732.204935,29664.822130066175,89.64001024999999,65.51920692783506,20.698074251013903,0.3232389820218655,39,64,,False,False,Request timeout: 300.0s exceeded,330,21.16838264042747
150,2026-09-14T02:13:49.342+00:00,2026-09-14T02:18:42.653+00:00,2026-09-14T02:18:49.361+00:00,False,106,105.0,,105.0,293311.290523,300019.546267,300019.54628,2830.3730781132076,0.036849,293311.290523,28482.71305759245,89.59619275000001,63.88814994285715,20.69657221787605,0.349977197507512,39,64,,False,False,Request timeout: 300.0s exceeded,450,21.16838264042747
151,2026-09-14T02:13:53.457+00:00,2026-09-14T02:18:47.088+00:00,2026-09-14T02:18:53.503+00:00,False,95,94.0,,94.0,293631.213208,300045.665432,300045.665416,3158.375425431579,0.02643,293631.213208,30118.93272715953,90.7600384,68.23885344680852,20.734326415637877,0.3132856455855164,39,64,,False,False,Request timeout: 300.0s exceeded,401,21.16838264042747
152,2026-09-14T02:13:56.785+00:00,2026-09-14T02:18:50.483+00:00,2026-09-14T02:18:56.791+00:00,False,95,94.0,,94.0,293698.352171,300005.753387,300005.753355,3157.955298473684,0.04122,293698.352171,30125.93746336306,89.5034267,67.10001293617022,20.112622127296998,0.3133273243554843,39,64,,False,False,Request timeout: 300.0s exceeded,433,21.16838264042747
153,2026-09-14T02:14:00.459+00:00,2026-09-14T02:18:54.051+00:00,2026-09-14T02:19:00.492+00:00,False,106,105.0,,105.0,293591.572264,300032.63492000004,300032.634807,2830.496554783019,0.01572,293591.572264,28510.736173845584,89.35607900000001,61.343453866666664,179.5566297939529,0.3499619300680306,39,64,,False,False,Request timeout: 300.0s exceeded,464,21.16838264042747
154,2026-09-14T02:14:05.044+00:00,2026-09-14T02:18:59.568+00:00,2026-09-14T02:19:05.076+00:00,False,85,84.0,,84.0,294524.054579,300032.023347,300032.023255,3529.7885088823527,0.022609999999999998,294524.054579,31938.51476967271,90.4175592,65.57105676190476,22.670288788766783,0.2799701147328876,39,64,,False,False,Request timeout: 300.0s exceeded,402,21.16838264042747
155,2026-09-14T02:14:07.996+00:00,2026-09-14T02:19:01.688+00:00,2026-09-14T02:19:08.027+00:00,False,97,96.0,,96.0,293691.566782,300030.55327800004,300030.55334,3093.098488041237,0.040060000000000005,293691.566782,29813.163260456968,89.53929680000002,66.03110933333333,20.67973010229537,0.319967413155583,39,64,,False,False,Request timeout: 300.0s exceeded,454,21.16838264042747
156,2026-09-14T02:14:12.128+00:00,2026-09-14T02:19:05.847+00:00,2026-09-14T02:19:12.162+00:00,False,90,89.0,,89.0,293718.996889,300033.763737,300033.763758,3333.7084862,0.04027,293718.996889,30953.227065037438,87.73410595,70.95243649438203,18.332062418037786,0.29663328183962173,39,64,,False,False,Request timeout: 300.0s exceeded,444,21.16838264042747
157,2026-09-14T02:14:15.065+00:00,2026-09-14T02:19:09.025+00:00,2026-09-14T02:19:15.108+00:00,False,88,87.0,,87.0,293959.77600099996,300042.89664099994,300042.89661899995,3409.578370670454,0.023059999999999997,293959.77600099996,31328.769617600705,87.5011848,69.92092689655173,19.176990227310963,0.2899585391754671,39,64,,False,False,Request timeout: 300.0s exceeded,424,21.16838264042747
158,2026-09-14T02:14:19.759+00:00,2026-09-14T02:19:13.554+00:00,2026-09-14T02:19:19.839+00:00,False,91,90.0,,90.0,293794.829612,300079.73585199995,300079.735895,3297.57951532967,0.02504,293794.829612,30790.75271169362,89.78563000000003,69.83229155555556,20.313175150711093,0.2999202853350558,39,64,,False,False,Request timeout: 300.0s exceeded,358,21.16838264042747
159,2026-09-14T02:14:22.515+00:00,2026-09-14T02:19:16.477+00:00,2026-09-14T02:19:22.576+00:00,False,88,87.0,,87.0,293962.303578,300060.624986,300060.625016,3409.7798297272725,0.01964,293962.303578,31329.02079337649,89.83154784999999,70.0956483678161,19.76401773129532,0.2899414076873938,39,64,,False,False,Request timeout: 300.0s exceeded,393,21.16838264042747
160,2026-09-14T02:14:26.073+00:00,2026-09-14T02:19:19.928+00:00,2026-09-14T02:19:26.580+00:00,False,91,90.0,,90.0,293854.875305,300506.809001,300506.809164,3302.272628175824,0.039,293854.875305,30796.683394875236,90.5580235,73.91037440000001,66.17600179192543,0.29949404573957755,39,64,,False,False,Request timeout: 300.0s exceeded,493,21.16838264042747
161,2026-09-14T02:14:29.346+00:00,2026-09-14T02:19:22.659+00:00,2026-09-14T02:19:29.366+00:00,False,109,108.0,,108.0,293313.498706,300020.522322,300020.522337,2752.481856302752,0.0,293313.498706,28088.462453255204,90.38984280000001,62.10207051851852,64.27770704655258,0.35997537489814757,39,64,,False,False,Request timeout: 300.0s exceeded,499,21.16838264042747
162,2026-09-14T02:14:32.118+00:00,2026-09-14T02:19:26.598+00:00,2026-09-14T02:19:32.161+00:00,False,100,99.0,,99.0,294480.10737,300042.664298,300042.66439,3000.4266439,0.0,294480.10737,29442.40481625742,90.54151245000001,56.18744371717171,27.619319743902008,0.32995307594547285,39,64,,False,False,Request timeout: 300.0s exceeded,453,21.16838264042747
163,2026-09-14T02:14:35.889+00:00,2026-09-14T02:19:29.495+00:00,2026-09-14T02:19:35.914+00:00,False,105,104.0,,104.0,293605.76159899996,300025.00076699996,300025.00081799994,2857.3809601714283,0.03607,293605.76159899996,28646.97151104094,87.3602332,61.723453538461534,19.668541258030512,0.3466377792988212,39,64,,False,False,Request timeout: 300.0s exceeded,470,21.16838264042747
164,2026-09-14T02:14:40.245+00:00,2026-09-14T02:19:33.765+00:00,2026-09-14T02:19:40.316+00:00,False,99,98.0,,98.0,293519.649108,300070.747476,300070.747623,3031.0176527575754,0.03445,293519.649108,29493.123182053285,89.1478079,66.84794253061224,20.374425666426404,0.3265896486888918,39,64,,False,False,Request timeout: 300.0s exceeded,538,21.16838264042747
165,2026-09-14T02:14:43.730+00:00,2026-09-14T02:19:37.875+00:00,2026-09-14T02:19:43.792+00:00,False,89,88.0,,88.0,294145.686163,300062.269843,300062.269766,3371.4861771460673,0.02513,294145.686163,31172.25987417995,87.1058798,67.23390545454545,19.89914274377904,0.29327245989988604,39,64,,False,False,Request timeout: 300.0s exceeded,427,21.16838264042747
166,2026-09-14T02:14:48.278+00:00,2026-09-14T02:19:42.289+00:00,2026-09-14T02:19:48.355+00:00,False,93,92.0,,92.0,294011.108507,300077.064091,300077.063854,3226.6350952043013,0.036319000000000004,294011.108507,30480.70119894424,88.0020538,65.93429982608696,20.08191076656546,0.30658791027127785,39,64,,False,False,Request timeout: 300.0s exceeded,400,21.16838264042747
167,2026-09-14T02:14:52.438+00:00,2026-09-14T02:19:46.021+00:00,2026-09-14T02:19:52.452+00:00,False,100,99.0,,99.0,293583.126913,300014.506881,300014.50678,3000.1450678,0.04154,293583.126913,29351.823026422175,88.11449045,64.96343402020202,19.90095471492286,0.32998404320251123,39,64,,False,False,Request timeout: 300.0s exceeded,476,21.16838264042747
168,2026-09-14T02:14:57.087+00:00,2026-09-14T02:19:50.744+00:00,2026-09-14T02:19:57.120+00:00,False,92,91.0,,91.0,293656.813249,300033.22822499997,300033.228326,3261.230742673913,0.023530000000000002,293656.813249,30608.540125927797,90.42480649999999,70.07049424175824,19.756369952663476,0.30329973962669754,39,64,,False,False,Request timeout: 300.0s exceeded,486,21.16838264042747
169,2026-09-14T02:14:59.958+00:00,2026-09-14T02:19:53.574+00:00,2026-09-14T02:20:00.011+00:00,False,95,94.0,,94.0,293615.633595,300053.153979,300053.153919,3158.4542517789478,0.040350000000000004,293615.633595,30117.30792650248,87.78724469999999,68.48425940425531,18.90925162602516,0.3132778267899121,39,64,,False,False,Request timeout: 300.0s exceeded,447,21.16838264042747
170,2026-09-14T02:15:04.638+00:00,2026-09-14T02:19:58.362+00:00,2026-09-14T02:20:04.661+00:00,False,96,95.0,,95.0,293723.88719700003,300023.050845,300023.05075000005,3125.240111979167,0.019079000000000002,293723.88719700003,29971.308303595233,89.69170050000001,66.30698576842106,20.633540265846207,0.31664233708855777,39,64,,False,False,Request timeout: 300.0s exceeded,421,21.16838264042747
171,2026-09-14T02:15:08.616+00:00,2026-09-14T02:20:02.631+00:00,2026-09-14T02:20:08.687+00:00,False,90,89.0,,89.0,294015.338481,300070.827505,300070.82746,3334.120305111111,0.01635,294015.338481,30984.77275727238,89.43501400000001,68.03920251685393,20.691740095226006,0.29659664266602864,39,64,,False,False,Request timeout: 300.0s exceeded,365,21.16838264042747
172,2026-09-14T02:15:12.301+00:00,2026-09-14T02:20:06.213+00:00,2026-09-14T02:20:12.321+00:00,False,95,94.0,,94.0,293912.392696,300020.112888,300020.112854,3158.1064510947367,0.02589,293912.392696,30148.116026494594,89.82874799999999,64.97574672340426,20.8978281774827,0.3133123279474633,39,64,,False,False,Request timeout: 300.0s exceeded,430,21.16838264042747
173,2026-09-14T02:15:16.826+00:00,2026-09-14T02:20:10.115+00:00,2026-09-14T02:20:16.902+00:00,False,100,99.0,,99.0,293289.286797,300076.043661,300076.043631,3000.76043631,0.023489999999999997,293289.286797,29322.080492582518,90.86584144999999,68.55309963636364,20.542004239306134,0.32991637317053424,39,64,,False,False,Request timeout: 300.0s exceeded,329,21.16838264042747
174,2026-09-14T02:15:20.836+00:00,2026-09-14T02:20:14.077+00:00,2026-09-14T02:20:20.895+00:00,False,100,99.0,,99.0,293241.4302,300059.699896,300059.699977,3000.59699977,0.02071,293241.4302,29317.262456323624,89.88581845,68.87141107070707,19.738403338044318,0.3299343431800844,39,64,,False,False,Request timeout: 300.0s exceeded,409,21.16838264042747
175,2026-09-14T02:15:25.055+00:00,2026-09-14T02:20:18.826+00:00,2026-09-14T02:20:25.078+00:00,False,96,95.0,,95.0,293771.01058999996,300022.96860599995,300022.968693,3125.2392572187496,0.0,293771.01058999996,29976.237464733407,89.09517875,65.81008437894737,67.84263316308817,0.31664242388307656,39,64,,False,False,Request timeout: 300.0s exceeded,357,21.16838264042747
176,2026-09-14T02:15:28.227+00:00,2026-09-14T02:20:21.883+00:00,2026-09-14T02:20:28.257+00:00,False,100,99.0,,99.0,293655.985247,300029.320543,300029.320334,3000.29320334,0.0,293655.985247,29359.234813279796,88.4885139,64.37712420202021,66.25366796622889,0.3299677505546042,39,64,,False,False,Request timeout: 300.0s exceeded,411,21.16838264042747
177,2026-09-14T02:15:32.829+00:00,2026-09-14T02:20:26.282+00:00,2026-09-14T02:20:32.862+00:00,False,99,98.0,,98.0,293452.435796,300032.066132,300032.066217,3030.6269314848487,0.0324,293452.435796,29486.338377584223,87.9072479,67.13908506122449,19.851285297598306,0.32663175394354216,39,64,,False,False,Request timeout: 300.0s exceeded,457,21.16838264042747
178,2026-09-14T02:15:36.397+00:00,2026-09-14T02:20:30.180+00:00,2026-09-14T02:20:36.451+00:00,False,88,87.0,,87.0,293783.259892,300053.497076,300053.497157,3409.6988313295456,0.03928,293783.259892,31309.723540330946,88.38692805000001,72.07169177011494,18.964507025021,0.2899482953800199,39,64,,False,False,Request timeout: 300.0s exceeded,446,21.16838264042747
179,2026-09-14T02:15:39.790+00:00,2026-09-14T02:20:33.288+00:00,2026-09-14T02:20:39.823+00:00,False,90,89.0,,89.0,293498.608719,300032.875087,300032.875116,3333.6986124,0.03748,293498.608719,30929.736680681483,89.531586,73.41872323595506,19.22150879340657,0.2966341604205633,39,64,,False,False,Request timeout: 300.0s exceeded,457,21.16838264042747
180,2026-09-14T02:15:42.525+00:00,2026-09-14T02:20:36.197+00:00,2026-09-14T02:20:42.577+00:00,False,88,87.0,,87.0,293672.091074,300052.092098,300052.09208699997,3409.682864625,0.039049999999999994,293672.091074,31297.73847760915,89.53816935,73.33334510344827,19.070235279479167,0.28994965304752796,39,64,,False,False,Request timeout: 300.0s exceeded,282,21.16838264042747
181,2026-09-14T02:15:46.368+00:00,2026-09-14T02:20:40.199+00:00,2026-09-14T02:20:46.431+00:00,False,92,91.0,,91.0,293830.053477,300062.337893,300062.33785199997,3261.547150565217,0.03333,293830.053477,30626.76713345975,88.37820355,68.48664193406594,20.283487071770107,0.30327031589165954,39,64,,False,False,Request timeout: 300.0s exceeded,428,21.16838264042747
182,2026-09-14T02:15:50.297+00:00,2026-09-14T02:20:44.041+00:00,2026-09-14T02:20:50.339+00:00,False,92,91.0,,91.0,293743.974856,300041.777096,300041.777192,3261.3236651304346,0.02072,293743.974856,30617.71864725687,92.23184300000001,69.20661802197802,21.60105309390078,0.3032910979289529,39,64,,False,False,Request timeout: 300.0s exceeded,443,21.16838264042747
183,2026-09-14T02:15:54.161+00:00,2026-09-14T02:20:47.723+00:00,2026-09-14T02:20:54.233+00:00,False,98,97.0,,97.0,293561.952655,300071.505807,300071.50570299994,3061.9541398265305,0.02649,293561.952655,29647.464456711954,90.37716805,67.1087953814433,22.060374994703597,0.32325628432840425,39,64,,False,False,Request timeout: 300.0s exceeded,472,21.16838264042747
184,2026-09-14T02:15:57.802+00:00,2026-09-14T02:20:51.524+00:00,2026-09-14T02:20:57.885+00:00,False,95,94.0,,94.0,293722.087162,300082.221562,300082.221366,3158.7602249052634,0.027649999999999997,293722.087162,30128.314911859063,89.28383409999998,67.66100425531914,19.87907542516089,0.31324748100939614,39,64,,False,False,Request timeout: 300.0s exceeded,435,21.16838264042747
185,2026-09-14T02:16:01.036+00:00,2026-09-14T02:20:54.523+00:00,2026-09-14T02:21:01.066+00:00,False,97,96.0,,96.0,293487.131311,300030.58039899997,300030.58033799997,3093.098766371134,0.03614,293487.131311,29792.18950425783,89.1616038,68.160928,20.336411218141766,0.31996738423241067,39,64,,False,False,Request timeout: 300.0s exceeded,299,21.16838264042747
186,2026-09-14T02:16:05.072+00:00,2026-09-14T02:20:58.558+00:00,2026-09-14T02:21:05.129+00:00,False,98,97.0,,97.0,293486.15794999996,300057.49619,300057.496238,3061.8111861020407,0.04426,293486.15794999996,29639.742425103563,90.44124469999998,67.7457550515464,20.26377114151241,0.3232713770916039,39,64,,False,False,Request timeout: 300.0s exceeded,474,21.16838264042747
187,2026-09-14T02:16:07.968+00:00,2026-09-14T02:21:01.638+00:00,2026-09-14T02:21:08.018+00:00,False,92,91.0,,91.0,293669.936714,300050.015306,300050.015076,3261.4132073478263,0.02596,293669.936714,30609.903933502323,88.54650549999998,70.11075375824176,19.422990255104022,0.3032827707313911,39,64,,False,False,Request timeout: 300.0s exceeded,407,21.16838264042747
188,2026-09-14T02:16:10.616+00:00,2026-09-14T02:21:04.176+00:00,2026-09-14T02:21:10.664+00:00,False,97,96.0,,96.0,293560.508623,300048.622543,300048.622437,3093.2847673917527,0.03444,293560.508623,29799.698348475926,91.057896,67.58452,20.31165741696268,0.3199481443586439,39,64,,False,False,Request timeout: 300.0s exceeded,373,21.16838264042747
189,2026-09-14T02:16:14.222+00:00,2026-09-14T02:21:08.017+00:00,2026-09-14T02:21:14.281+00:00,False,93,92.0,,92.0,293794.225858,300059.17741,300059.177282,3226.4427664731184,0.03839,293794.225858,30457.987687023124,89.4382856,68.09729947826088,20.77377641158262,0.30660618613338214,39,64,,False,False,Request timeout: 300.0s exceeded,206,21.16838264042747
190,2026-09-14T02:16:17.814+00:00,2026-09-14T02:21:11.790+00:00,2026-09-14T02:21:17.829+00:00,False,91,90.0,,90.0,293975.61628899997,300014.538785,300014.53884199995,3296.863064197802,0.0,293975.61628899997,30810.063447524615,87.67236949999999,67.09913884444444,70.27556815162383,0.29998546191955344,39,64,,False,False,Request timeout: 300.0s exceeded,343,21.16838264042747
191,2026-09-14T02:16:20.741+00:00,2026-09-14T02:21:14.444+00:00,2026-09-14T02:21:20.814+00:00,False,101,100.0,,100.0,293702.222908,300072.675388,300072.675442,2971.0165885346532,0.0,293702.222908,29218.200626006004,90.07269000000001,63.704524799999994,66.97738963962244,0.3332526024593809,39,64,,False,False,Request timeout: 300.0s exceeded,495,21.16838264042747
192,2026-09-14T02:16:25.071+00:00,2026-09-14T02:21:18.680+00:00,2026-09-14T02:21:25.131+00:00,False,98,97.0,,97.0,293609.166783,300060.259775,300060.259665,3061.839384336735,0.03718,293609.166783,29652.292830777416,87.57448905000001,66.50611331958763,19.38277955911665,0.32326839972989224,39,64,,False,False,Request timeout: 300.0s exceeded,452,21.16838264042747
193,2026-09-14T02:16:29.633+00:00,2026-09-14T02:21:23.238+00:00,2026-09-14T02:21:29.717+00:00,False,97,96.0,,96.0,293605.250389,300084.526421,300084.526421,3093.654911556701,0.02411,293605.250389,29804.250357974146,88.871998,67.49245866666668,20.050812377742677,0.31990986388054526,39,64,,False,False,Request timeout: 300.0s exceeded,454,21.16838264042747
194,2026-09-14T02:16:34.395+00:00,2026-09-14T02:21:28.110+00:00,2026-09-14T02:21:34.466+00:00,False,99,98.0,,98.0,293714.22419700003,300070.628933,300070.629029,3031.016454838384,0.02102,293714.22419700003,29512.87924193531,91.7803259,64.86127281632653,21.6024627998996,0.32658977770823916,39,64,,False,False,Request timeout: 300.0s exceeded,382,21.16838264042747
195,2026-09-14T02:16:37.952+00:00,2026-09-14T02:21:31.962+00:00,2026-09-14T02:21:37.962+00:00,False,93,92.0,,92.0,294009.888126,300010.32665400003,300010.326722,3225.9174916344086,0.02047,294009.888126,30480.648968858986,91.6547282,65.22215791304347,20.793863790044277,0.3066561108948193,39,64,,False,False,Request timeout: 300.0s exceeded,388,21.16838264042747
196,2026-09-14T02:16:41.914+00:00,2026-09-14T02:21:35.741+00:00,2026-09-14T02:21:41.988+00:00,False,93,92.0,,92.0,293827.614017,300074.136385,300074.136332,3226.6036164731186,0.022920000000000003,293827.614017,30461.469992312555,87.709658,67.89698226086956,19.776505880088784,0.3065909015296223,39,64,,False,False,Request timeout: 300.0s exceeded,416,21.16838264042747
197,2026-09-14T02:16:45.191+00:00,2026-09-14T02:21:39.185+00:00,2026-09-14T02:21:46.363+00:00,False,81,80.0,,80.0,293993.765059,301171.446723,301171.446557,3718.166006876543,0.07423,293993.765059,32656.787171978744,90.634258,89.72102079999999,227.46330582597156,0.26562943091208563,39,64,,False,False,Request timeout: 300.0s exceeded,317,21.16838264042747
198,2026-09-14T02:16:49.032+00:00,2026-09-14T02:21:42.422+00:00,2026-09-14T02:21:49.079+00:00,False,113,112.0,,112.0,293389.659577,300046.951353,300046.951304,2655.282754902655,0.0159,293389.659577,27594.914343669094,91.05742900000001,59.44010514285714,201.40884691409838,0.37327491412580277,39,64,,False,False,Request timeout: 300.0s exceeded,354,21.16838264042747
199,2026-09-14T02:16:53.366+00:00,2026-09-14T02:21:47.622+00:00,2026-09-14T02:21:53.400+00:00,False,88,87.0,,87.0,294255.70362,300033.556292,300033.556312,3409.4722308181817,0.019739999999999997,294255.70362,31360.690090521828,86.80233335000001,66.41209967816091,19.901861994598264,0.2899675658789628,39,64,,False,False,Request timeout: 300.0s exceeded,410,21.16838264042747
200,2026-09-14T02:16:56.920+00:00,2026-09-14T02:21:50.623+00:00,2026-09-14T02:21:56.925+00:00,False,94,93.0,,93.0,293703.242,300005.485072,300005.48497700004,3191.547712521277,0.04363,293703.242,30286.193135654667,87.60931915,67.7660545376344,19.610977659966636,0.3099943321958944,39,64,,False,False,Request timeout: 300.0s exceeded,424,21.16838264042747
201,2026-09-14T02:17:00.112+00:00,2026-09-14T02:21:53.982+00:00,2026-09-14T02:22:00.123+00:00,False,90,89.0,,89.0,293869.363711,300011.057663,300011.05775700003,3333.4561973,0.02059,293869.363711,30969.283339811594,89.70042480000001,69.00779721348314,20.340510512432388,0.29665573226961844,39,64,,False,False,Request timeout: 300.0s exceeded,172,21.16838264042747
202,2026-09-14T02:17:04.207+00:00,2026-09-14T02:21:58.271+00:00,2026-09-14T02:22:04.253+00:00,False,90,89.0,,89.0,294063.75923699996,300046.475909,300046.475909,3333.849732322222,0.1372,294063.75923699996,30989.96291099016,87.75109100000002,67.22153564044943,20.64537218436797,0.29662071427558606,39,64,,False,False,Request timeout: 300.0s exceeded,410,21.16838264042747
203,2026-09-14T02:17:06.894+00:00,2026-09-14T02:22:00.648+00:00,2026-09-14T02:22:06.936+00:00,False,93,92.0,,92.0,293754.821541,300042.187685,300042.187559,3226.26008127957,0.038450000000000005,293754.821541,30453.876240958143,89.501051,68.34093634782609,20.556677206930544,0.3066235475412092,39,64,,False,False,Request timeout: 300.0s exceeded,268,21.16838264042747
204,2026-09-14T02:17:11.493+00:00,2026-09-14T02:22:05.477+00:00,2026-09-14T02:22:11.541+00:00,False,93,92.0,,92.0,293984.342386,300047.634034,300047.63416799996,3226.3186469677416,0.02638,293984.342386,30477.929165448473,89.0806796,65.905344,20.807135279176922,0.3066179818287619,39,64,,False,False,Request timeout: 300.0s exceeded,352,21.16838264042747
205,2026-09-14T02:17:14.316+00:00,2026-09-14T02:22:08.133+00:00,2026-09-14T02:22:14.379+00:00,False,102,101.0,,101.0,293816.85764099995,300063.382825,300063.382756,2941.7978701568622,0.0,293816.85764099995,29086.15418044893,90.78296074999999,61.846784,65.91848599309598,0.3365955520767565,39,64,,False,False,Request timeout: 300.0s exceeded,532,21.16838264042747
206,2026-09-14T02:17:17.810+00:00,2026-09-14T02:22:11.411+00:00,2026-09-14T02:22:17.827+00:00,False,101,100.0,,100.0,293601.057002,300017.88337,300017.88316699996,2970.474090762376,0.0,293601.057002,29208.086970584343,89.721041,64.16826368,66.46693695771965,0.33331346410665136,39,64,,False,False,Request timeout: 300.0s exceeded,468,21.16838264042747
207,2026-09-14T02:17:22.303+00:00,2026-09-14T02:22:15.510+00:00,2026-09-14T02:22:22.334+00:00,False,100,99.0,,99.0,293207.114933,300031.393973,300031.393975,3000.31393975,0.022889,293207.114933,29313.825223942516,88.872962,68.93211151515152,20.276412912302227,0.3299654702431209,39,64,,False,False,Request timeout: 300.0s exceeded,525,21.16838264042747
208,2026-09-14T02:17:25.479+00:00,2026-09-14T02:22:19.015+00:00,2026-09-14T02:22:25.526+00:00,False,98,97.0,,97.0,293536.85496799997,300046.919352,300046.919405,3061.7032592346936,0.03532,293536.85496799997,29644.927685574803,89.26745085,67.11406581443299,20.672421500018086,0.3232827726059886,39,64,,False,False,Request timeout: 300.0s exceeded,353,21.16838264042747
209,2026-09-14T02:17:28.494+00:00,2026-09-14T02:22:22.126+00:00,2026-09-14T02:22:28.552+00:00,False,98,97.0,,97.0,293632.295987,300058.471219,300058.471362,3061.8211363469386,0.03904,293632.295987,29654.655945990493,89.8475452,66.24922919587628,20.530379004578364,0.32327032663311744,39,64,,False,False,Request timeout: 300.0s exceeded,318,21.16838264042747
210,2026-09-14T02:17:32.275+00:00,2026-09-14T02:22:26.529+00:00,2026-09-14T02:22:32.318+00:00,False,84,83.0,,83.0,294254.200253,300043.113405,300043.113284,3571.941824809524,0.02198,294254.200253,32098.161786160872,89.40063100000002,69.74594159036144,20.24244478440061,0.2766269122396624,39,64,,False,False,Request timeout: 300.0s exceeded,392,21.16838264042747
211,2026-09-14T02:17:35.337+00:00,2026-09-14T02:22:29.060+00:00,2026-09-14T02:22:35.428+00:00,False,91,90.0,,90.0,293723.51281800005,300091.13163400005,300091.131607,3297.7047429340664,0.02161,293723.51281800005,30783.18096296695,92.3073605,70.75132017777779,21.244004776905125,0.2999088960408422,39,64,,False,False,Request timeout: 300.0s exceeded,481,21.16838264042747
212,2026-09-14T02:17:39.494+00:00,2026-09-14T02:22:32.831+00:00,2026-09-14T02:22:39.555+00:00,False,99,98.0,,98.0,293336.79768300004,300060.98251500004,300060.98264800006,3030.919016646465,0.0249,293336.79768300004,29474.56960837668,91.19255869999999,68.6141309387755,22.04544301524174,0.3266002769790337,39,64,,False,False,Request timeout: 300.0s exceeded,388,21.16838264042747
213,2026-09-14T02:17:42.827+00:00,2026-09-14T02:22:36.234+00:00,2026-09-14T02:22:42.848+00:00,False,96,95.0,,95.0,293407.161,300020.540584,300020.54078000004,3125.2139664583337,0.03592,293407.161,29938.645457681345,91.308042,69.6145219368421,21.287229654786998,0.3166449864235273,39,64,,False,False,Request timeout: 300.0s exceeded,400,21.16838264042747
214,2026-09-14T02:17:46.286+00:00,2026-09-14T02:22:39.810+00:00,2026-09-14T02:22:46.301+00:00,False,95,94.0,,94.0,293523.705079,300015.04255099996,300015.042637,3158.0530803894735,0.03412,293523.705079,30107.818958128813,91.60402239999999,69.05678161702127,21.094369389930545,0.3133176230122555,39,64,,False,False,Request timeout: 300.0s exceeded,293,21.16838264042747
215,2026-09-14T02:17:51.031+00:00,2026-09-14T02:22:44.594+00:00,2026-09-14T02:22:51.044+00:00,False,95,94.0,,94.0,293562.222987,300012.462475,300012.462482,3158.0259208631583,0.02231,293562.222987,30111.814198781278,87.3496217,68.61956902127659,18.855277425802953,0.3133203175112534,39,64,,False,False,Request timeout: 300.0s exceeded,419,21.16838264042747
216,2026-09-14T02:17:53.890+00:00,2026-09-14T02:22:47.600+00:00,2026-09-14T02:22:53.901+00:00,False,94,93.0,,93.0,293709.68545999995,300011.30030799995,300011.30042899994,3191.6095790319146,0.02323,293709.68545999995,30286.858333989774,86.55612729999999,67.75929944086022,19.469683695134897,0.30998832345489524,39,64,,False,False,Request timeout: 300.0s exceeded,447,21.16838264042747
217,2026-09-14T02:17:58.010+00:00,2026-09-14T02:22:51.762+00:00,2026-09-14T02:22:58.044+00:00,False,95,94.0,,94.0,293752.01953,300034.196298,300034.19629,3158.2546977894735,0.02327,293752.01953,30131.471241240877,88.55371070000001,66.83166774468086,20.25240546855212,0.3132976212706011,39,64,,False,False,Request timeout: 300.0s exceeded,351,21.16838264042747
218,2026-09-14T02:18:02.757+00:00,2026-09-14T02:22:56.823+00:00,2026-09-14T02:23:02.786+00:00,False,87,86.0,,86.0,294066.238144,300029.228736,300029.228538,3448.6118222758623,0.02071,294066.238144,31519.782922606046,90.23379930000002,69.33709990697675,20.580941063176542,0.28663873970649917,39,64,,False,False,Request timeout: 300.0s exceeded,337,21.16838264042747
219,2026-09-14T02:18:06.084+00:00,2026-09-14T02:22:59.705+00:00,2026-09-14T02:23:06.433+00:00,False,92,91.0,,91.0,293620.563372,300348.908716,300348.908849,3264.662052706522,0.0312,293620.563372,30604.420200109555,90.48347409999998,73.93786092307693,65.29652486788656,0.3029809576769483,39,64,,False,False,Request timeout: 300.0s exceeded,325,21.16838264042747
220,2026-09-14T02:18:08.847+00:00,2026-09-14T02:23:02.608+00:00,2026-09-14T02:23:08.854+00:00,False,97,96.0,,96.0,293761.25267,300006.71443,300006.71436800004,3092.8527254432993,0.0,293761.25267,29820.407145214525,88.109488,65.05689333333333,67.9167464756693,0.3199928381016269,39,64,,False,False,Request timeout: 300.0s exceeded,464,21.16838264042747
221,2026-09-14T02:18:13.515+00:00,2026-09-14T02:23:07.619+00:00,2026-09-14T02:23:13.536+00:00,False,88,87.0,,87.0,294103.836685,300021.305357,300021.305314,3409.333014931818,0.03667,294103.836685,31344.329826299076,87.70331935,68.01688128735631,19.697548658769744,0.28997940628408825,39,64,,False,False,Request timeout: 300.0s exceeded,403,21.16838264042747
222,2026-09-14T02:18:17.596+00:00,2026-09-14T02:23:11.060+00:00,2026-09-14T02:23:17.608+00:00,False,94,93.0,,93.0,293464.472602,300012.27241,300012.272321,3191.6199183085105,0.03548,293464.472602,30261.293694297834,88.58435680000001,70.4064495483871,19.72364682458189,0.3099873190284203,39,64,,False,False,Request timeout: 300.0s exceeded,353,21.16838264042747
223,2026-09-14T02:18:22.068+00:00,2026-09-14T02:23:15.647+00:00,2026-09-14T02:23:22.095+00:00,False,95,94.0,,94.0,293579.569197,300027.261229,300027.26128700003,3158.1816977578947,0.02944,293579.569197,30113.59791202555,90.222296,68.5924684255319,20.77473913589044,0.3133048630812691,39,64,,False,False,Request timeout: 300.0s exceeded,360,21.16838264042747
224,2026-09-14T02:18:24.819+00:00,2026-09-14T02:23:18.693+00:00,2026-09-14T02:23:24.850+00:00,False,93,92.0,,92.0,293874.069809,300031.121713,300031.121553,3226.141091967742,0.01954,293874.069809,30466.38839974962,89.07041060000002,66.9244772173913,20.273395959571413,0.3066348566599841,39,64,,False,False,Request timeout: 300.0s exceeded,436,21.16838264042747
225,2026-09-14T02:18:27.582+00:00,2026-09-14T02:23:21.364+00:00,2026-09-14T02:23:27.667+00:00,False,93,92.0,,92.0,293781.29963,300084.88670200005,300084.88658500003,3226.719210591398,0.023399999999999997,293781.29963,30456.603303523258,89.496003,68.5172507826087,20.096500970309847,0.306579918139499,39,64,,False,False,Request timeout: 300.0s exceeded,397,21.16838264042747
226,2026-09-14T02:18:30.310+00:00,2026-09-14T02:23:23.772+00:00,2026-09-14T02:23:30.335+00:00,False,98,97.0,,97.0,293461.234301,300024.88895700005,300024.889007,3061.4784592551023,0.075429,293461.234301,29637.233374909105,90.15765434999999,67.66654284536084,21.154994355409535,0.3233065107938501,39,64,,False,False,Request timeout: 300.0s exceeded,487,21.16838264042747
227,2026-09-14T02:18:33.694+00:00,2026-09-14T02:23:26.895+00:00,2026-09-14T02:23:33.725+00:00,False,104,103.0,,103.0,293200.884965,300031.297509,300031.297507,2884.916322182692,0.03133,293200.884965,28744.21708688728,90.20719515,66.31468489320389,20.987416768646472,0.3432975188093846,39,64,,False,False,Request timeout: 300.0s exceeded,419,21.16838264042747
228,2026-09-14T02:18:37.326+00:00,2026-09-14T02:23:30.823+00:00,2026-09-14T02:23:37.372+00:00,False,97,96.0,,96.0,293496.219597,300045.859533,300045.859582,3093.256284350515,0.036899999999999995,293496.219597,29793.106068775378,89.7487066,68.225416,20.829320177061522,0.3199510906413345,39,64,,False,False,Request timeout: 300.0s exceeded,401,21.16838264042747
229,2026-09-14T02:18:40.336+00:00,2026-09-14T02:23:33.858+00:00,2026-09-14T02:23:40.352+00:00,False,95,94.0,,94.0,293522.29703799996,300016.11847799993,300016.118301,3158.0644031684205,0.04226,293522.29703799996,30107.670944532878,89.338393,69.08320680851062,19.844368470984612,0.3133164993829922,39,64,,False,False,Request timeout: 300.0s exceeded,323,21.16838264042747
230,2026-09-14T02:18:44.589+00:00,2026-09-14T02:23:38.573+00:00,2026-09-14T02:23:44.632+00:00,False,91,90.0,,90.0,293984.26136799995,300043.54507999995,300043.54498899996,3297.1818130659335,0.02088,293984.26136799995,30810.872680518438,87.593925,67.32537457777778,19.262895639619966,0.29995646123966274,39,64,,False,False,Request timeout: 300.0s exceeded,434,21.16838264042747
231,2026-09-14T02:18:47.456+00:00,2026-09-14T02:23:41.042+00:00,2026-09-14T02:23:47.486+00:00,False,98,97.0,,97.0,293585.991796,300029.4437,300029.443556,3061.524934244898,0.02444,293585.991796,29649.959544980942,85.9559417,66.42733921649484,19.045195942118482,0.3233016026820037,39,64,,False,False,Request timeout: 300.0s exceeded,428,21.16838264042747
232,2026-09-14T02:18:51.964+00:00,2026-09-14T02:23:45.663+00:00,2026-09-14T02:23:52.005+00:00,False,95,94.0,,94.0,293698.73776700004,300041.42141500005,300041.421449,3158.3307520947374,0.02492,293698.73776700004,30125.93836289815,88.173991,67.47535795744682,19.880972881346743,0.3132900769390257,39,64,,False,False,Request timeout: 300.0s exceeded,357,21.16838264042747
233,2026-09-14T02:18:54.807+00:00,2026-09-14T02:23:48.451+00:00,2026-09-14T02:23:54.818+00:00,False,93,92.0,,92.0,293644.013107,300011.265075,300011.26500699995,3225.92758072043,0.023009,293644.013107,30442.295715913828,91.182905,69.20926052173913,20.27442652400926,0.306655151689057,39,64,,False,False,Request timeout: 300.0s exceeded,370,21.16838264042747
234,2026-09-14T02:18:59.265+00:00,2026-09-14T02:23:51.834+00:00,2026-09-14T02:23:59.376+00:00,False,114,113.0,,113.0,292569.269616,300111.18936,300111.189336,2632.5542924210527,0.02441,292569.269616,27395.37904683659,88.44089899999999,66.7426526017699,20.20671986497295,0.3765271139705832,39,64,,False,False,Request timeout: 300.0s exceeded,458,21.16838264042747
235,2026-09-14T02:19:01.014+00:00,2026-09-14T02:23:55.154+00:00,2026-09-14T02:24:01.359+00:00,False,92,91.0,,91.0,294139.844781,300344.97194899997,300344.971977,3264.619260619565,0.02212,294139.844781,30659.1616250616,90.8911606,68.18821063736264,66.83370477221254,0.30298492899508983,39,64,,False,False,Request timeout: 300.0s exceeded,383,21.16838264042747
236,2026-09-14T02:19:03.612+00:00,2026-09-14T02:23:57.629+00:00,2026-09-14T02:24:03.657+00:00,False,102,101.0,,101.0,294017.20567500003,300045.629099,300045.629114,2941.6238148431376,0.0,294017.20567500003,29106.20681864613,90.13388700000002,59.68736063366337,66.56778380655953,0.3366154684648816,39,64,,False,False,Request timeout: 300.0s exceeded,456,21.16838264042747
237,2026-09-14T02:19:07.867+00:00,2026-09-14T02:24:01.546+00:00,2026-09-14T02:24:07.938+00:00,False,97,96.0,,96.0,293679.505279,300071.14687899995,300071.14688099996,3093.5169781546388,0.027579999999999997,293679.505279,29811.882995147687,89.26935559999998,66.5796,20.8034540279108,0.3199241279892559,39,64,,False,False,Request timeout: 300.0s exceeded,500,21.16838264042747
238,2026-09-14T02:19:10.997+00:00,2026-09-14T02:24:04.696+00:00,2026-09-14T02:24:11.055+00:00,False,98,97.0,,97.0,293699.019846,300057.489222,300057.489048,3061.811112734694,0.037829999999999996,293699.019846,29661.466036049747,86.7362945,65.55123068041237,19.719111304418114,0.3232713845986818,39,64,,False,False,Request timeout: 300.0s exceeded,372,21.16838264042747
239,2026-09-14T02:19:14.332+00:00,2026-09-14T02:24:08.190+00:00,2026-09-14T02:24:14.400+00:00,False,93,92.0,,92.0,293858.116269,300067.593645,300067.593495,3226.5332633870967,0.02156,293858.116269,30464.674583013322,87.29992560000001,67.49431930434783,19.621526663326364,0.30659758650526636,39,64,,False,False,Request timeout: 300.0s exceeded,433,21.16838264042747
240,2026-09-14T02:19:17.639+00:00,2026-09-14T02:24:11.554+00:00,2026-09-14T02:24:17.669+00:00,False,91,90.0,,90.0,293914.85688599997,300030.550198,300030.550291,3297.039014186813,0.03428,293914.85688599997,30803.532311057996,88.70642800000002,67.95214791111111,20.666515886106186,0.2999694529127319,39,64,,False,False,Request timeout: 300.0s exceeded,161,21.16838264042747
241,2026-09-14T02:19:21.740+00:00,2026-09-14T02:24:15.074+00:00,2026-09-14T02:24:21.779+00:00,False,99,98.0,,98.0,293333.34186299995,300038.49847099994,300038.49866399996,3030.691905696969,0.020759,293333.34186299995,29474.240015963493,88.4213539,68.4199653877551,19.48750740478254,0.32662475148825654,39,64,,False,False,Request timeout: 300.0s exceeded,399,21.16838264042747
242,2026-09-14T02:19:26.343+00:00,2026-09-14T02:24:19.834+00:00,2026-09-14T02:24:26.680+00:00,False,101,100.0,,100.0,293490.677961,300337.072329,300337.07243400003,2973.6343805346537,0.04011,293490.677961,29196.60803883804,86.85463599999999,68.46394368000001,19.58163342735475,0.3329592288575565,39,64,,False,False,Request timeout: 300.0s exceeded,425,21.16838264042747
243,2026-09-14T02:19:31.020+00:00,2026-09-14T02:24:24.806+00:00,2026-09-14T02:24:31.074+00:00,False,94,93.0,,93.0,293786.866718,300054.78530999995,300054.785512,3192.072186297872,0.03591,293786.866718,30294.856525468043,89.87283565000001,67.39697410752689,19.755841887669252,0.309943398849372,39,64,,False,False,Request timeout: 300.0s exceeded,383,21.16838264042747
244,2026-09-14T02:19:35.414+00:00,2026-09-14T02:24:29.076+00:00,2026-09-14T02:24:35.456+00:00,False,94,93.0,,93.0,293662.308043,300042.244299,300042.244299,3191.9387691382976,0.022449,293662.308043,30281.885383433782,87.96637650000001,68.60146511827958,20.268511566932162,0.309956353703724,39,64,,False,False,Request timeout: 300.0s exceeded,396,21.16838264042747
245,2026-09-14T02:19:39.553+00:00,2026-09-14T02:24:33.070+00:00,2026-09-14T02:24:39.596+00:00,False,95,94.0,,94.0,293517.652233,300043.290377,300043.29044199997,3158.3504257052628,0.02282,293517.652233,30107.15984764683,89.4600507,69.42168238297872,20.114089444799827,0.31328812546313023,39,64,,False,False,Request timeout: 300.0s exceeded,467,21.16838264042747
246,2026-09-14T02:19:42.657+00:00,2026-09-14T02:24:36.217+00:00,2026-09-14T02:24:42.737+00:00,False,93,92.0,,92.0,293560.058117,300079.667461,300079.667418,3226.6630905161287,0.035679999999999996,293560.058117,30433.417970908013,89.20984359999999,70.86531895652173,19.822087464169606,0.30658525043839174,39,64,,False,False,Request timeout: 300.0s exceeded,452,21.16838264042747
247,2026-09-14T02:19:46.689+00:00,2026-09-14T02:24:40.673+00:00,2026-09-14T02:24:47.559+00:00,False,68,67.0,,67.0,293984.07950199995,300869.71124599996,300869.71122099995,4424.554576779411,0.03372,293984.07950199995,35639.28963158174,94.8529076,102.77062304477613,261.6527087559363,0.22268775318901685,39,64,,False,False,Request timeout: 300.0s exceeded,213,21.16838264042747
248,2026-09-14T02:19:50.547+00:00,2026-09-14T02:24:44.154+00:00,2026-09-14T02:24:50.632+00:00,False,108,107.0,,107.0,293607.18828899995,300085.38220899994,300085.38233799994,2778.568354981481,0.01549,293607.18828899995,28247.376946883996,93.44559575,60.54386841121495,218.59510468133553,0.3565651855893397,39,64,,False,False,Request timeout: 300.0s exceeded,501,21.16838264042747
249,2026-09-14T02:19:54.686+00:00,2026-09-14T02:24:48.866+00:00,2026-09-14T02:24:54.717+00:00,False,84,83.0,,83.0,294179.998338,300031.42925,300031.42930099997,3571.8027297738095,0.039450000000000006,294179.998338,32089.983518618803,90.10413815,70.49916761445783,20.25440684392155,0.2766376849501343,39,64,,False,False,Request timeout: 300.0s exceeded,340,21.16838264042747
250,2026-09-14T02:19:58.924+00:00,2026-09-14T02:24:52.574+00:00,2026-09-14T02:24:59.003+00:00,False,99,98.0,,98.0,293650.245589,300078.771413,300078.771303,3031.098700030303,0.0,293650.245589,29506.443642569342,87.21601779999999,65.59720228571429,67.43887070578921,0.32658091586599464,39,64,,False,False,Request timeout: 300.0s exceeded,475,21.16838264042747
251,2026-09-14T02:20:02.665+00:00,2026-09-14T02:24:56.215+00:00,2026-09-14T02:25:02.677+00:00,False,101,100.0,,100.0,293550.04442299996,300012.16563899996,300012.16569699993,2970.4174821485144,0.0,293550.04442299996,29202.966639485483,86.70304700000001,64.62121216,66.76247025581749,0.3333198165048029,39,64,,False,False,Request timeout: 300.0s exceeded,330,21.16838264042747
252,2026-09-14T02:20:06.002+00:00,2026-09-14T02:24:59.543+00:00,2026-09-14T02:25:06.010+00:00,False,98,97.0,,97.0,293541.72455299995,300008.71924099996,300008.719427,3061.313463540816,0.02435,293541.72455299995,29645.463643897154,86.52508590000001,66.6700483298969,19.484426502316424,0.323323936202264,39,64,,False,False,Request timeout: 300.0s exceeded,471,21.16838264042747
253,2026-09-14T02:20:10.359+00:00,2026-09-14T02:25:03.969+00:00,2026-09-14T02:25:10.449+00:00,False,96,95.0,,95.0,293610.076342,300089.80907799996,300089.80894799996,3125.9355098749998,0.01807,293610.076342,29959.49782985143,87.73561724999999,68.20771301052632,19.559858341876154,0.3165718965661623,39,64,,False,False,Request timeout: 300.0s exceeded,427,21.16838264042747
254,2026-09-14T02:20:13.290+00:00,2026-09-14T02:25:07.194+00:00,2026-09-14T02:25:13.340+00:00,False,87,86.0,,86.0,293903.783003,300049.70018700004,300049.700235,3448.8471291379315,0.02911,293903.783003,31502.137157541638,89.30193960000001,71.46415330232557,19.458355300617118,0.2866191832433167,39,64,,False,False,Request timeout: 300.0s exceeded,400,21.16838264042747
255,2026-09-14T02:20:16.885+00:00,2026-09-14T02:25:10.576+00:00,2026-09-14T02:25:16.893+00:00,False,91,90.0,,90.0,293690.218277,300007.478309,300007.478117,3296.785473813187,0.03892,293690.218277,30779.74858419227,90.58467850000001,70.19177813333334,20.00735831848518,0.2999925218774124,39,64,,False,False,Request timeout: 300.0s exceeded,442,21.16838264042747
256,2026-09-14T02:20:19.669+00:00,2026-09-14T02:25:13.509+00:00,2026-09-14T02:25:19.677+00:00,False,91,90.0,,90.0,293840.341692,300008.727228,300008.727156,3296.7991995164834,0.026420000000000003,293840.341692,30795.65962816955,89.60227050000002,68.53761706666667,20.67226767322061,0.2999912730258743,39,64,,False,False,Request timeout: 300.0s exceeded,412,21.16838264042747
257,2026-09-14T02:20:23.659+00:00,2026-09-14T02:25:17.454+00:00,2026-09-14T02:25:23.695+00:00,False,96,95.0,,95.0,293795.493752,300035.932792,300035.932751,3125.3742994895833,0.049210000000000004,293795.493752,29978.67976670358,89.88721249999999,65.688832,20.723530394546515,0.31662874215089026,39,64,,False,False,Request timeout: 300.0s exceeded,451,21.16838264042747
258,2026-09-14T02:20:27.401+00:00,2026-09-14T02:25:20.866+00:00,2026-09-14T02:25:27.414+00:00,False,100,99.0,,99.0,293465.06243,300012.88630199997,300012.886313,3000.12886313,0.036270000000000004,293465.06243,29339.89973542935,89.50046535,66.13963507070707,21.023281958873774,0.32998582567664875,39,64,,False,False,Request timeout: 300.0s exceeded,417,21.16838264042747
259,2026-09-14T02:20:30.750+00:00,2026-09-14T02:25:24.122+00:00,2026-09-14T02:25:30.785+00:00,False,95,94.0,,94.0,293372.68619700003,300035.41643700004,300035.41645,3158.2675415789477,0.02282,293372.68619700003,30092.13701204356,91.4842061,70.8801089361702,20.104826046740342,0.31329634719885696,39,64,,False,False,Request timeout: 300.0s exceeded,396,21.16838264042747
260,2026-09-14T02:20:33.717+00:00,2026-09-14T02:25:27.325+00:00,2026-09-14T02:25:33.735+00:00,False,91,90.0,,90.0,293608.172603,300018.345275,300018.345388,3296.9048943736266,0.02596,293608.172603,30771.040140925543,92.35416449999998,71.2241408,20.77025664380183,0.2999816558467618,39,64,,False,False,Request timeout: 300.0s exceeded,198,21.16838264042747
261,2026-09-14T02:20:38.120+00:00,2026-09-14T02:25:32.142+00:00,2026-09-14T02:25:38.186+00:00,False,89,88.0,,88.0,294022.01393300004,300065.62174100004,300065.62156000006,3371.5238377528094,0.022670000000000003,294022.01393300004,31158.997416649803,89.2940498,68.67736145454545,19.54090265382488,0.2932691838852393,39,64,,False,False,Request timeout: 300.0s exceeded,391,21.16838264042747
262,2026-09-14T02:20:42.562+00:00,2026-09-14T02:25:36.297+00:00,2026-09-14T02:25:42.631+00:00,False,92,91.0,,91.0,293735.019852,300069.701196,300069.70116399997,3261.6271865652175,0.02188,293735.019852,30616.741382180942,87.71427345000001,69.61188290109891,19.507619018079016,0.3032628740499211,39,64,,False,False,Request timeout: 300.0s exceeded,434,21.16838264042747
263,2026-09-14T02:20:46.934+00:00,2026-09-14T02:25:40.719+00:00,2026-09-14T02:25:46.985+00:00,False,92,91.0,,91.0,293784.451229,300050.720925,300050.720839,3261.4208786847826,0.03736,293784.451229,30621.974074398528,89.26372504999999,68.86010654945055,20.64543169188401,0.3032820575116904,39,64,,False,False,Request timeout: 300.0s exceeded,297,21.16838264042747
264,2026-09-14T02:20:51.209+00:00,2026-09-14T02:25:45.331+00:00,2026-09-14T02:25:51.611+00:00,False,79,78.0,,78.0,294122.40226,300402.348756,300402.34868,3802.5613756962025,0.036109999999999996,294122.40226,33082.37143114016,90.1027699,80.51213456410257,70.49056797964072,0.2596517647848188,39,64,,False,False,Request timeout: 300.0s exceeded,347,21.16838264042747
265,2026-09-14T02:20:54.484+00:00,2026-09-14T02:25:48.128+00:00,2026-09-14T02:25:54.504+00:00,False,100,99.0,,99.0,293644.656374,300020.128502,300020.128698,3000.20128698,0.0,293644.656374,29358.10421372555,89.23521185000001,64.39870836363637,68.21383809326723,0.32997786013327446,39,64,,False,False,Request timeout: 300.0s exceeded,453,21.16838264042747
266,2026-09-14T02:20:57.844+00:00,2026-09-14T02:25:51.739+00:00,2026-09-14T02:25:57.901+00:00,False,96,95.0,,95.0,293894.52906800003,300056.98564400006,300056.985661,3125.593600635417,0.03939,293894.52906800003,29988.871611438903,90.75257549999998,64.86796395789473,21.18364190389898,0.31660652657729454,39,64,,False,False,Request timeout: 300.0s exceeded,472,21.16838264042747
267,2026-09-14T02:21:01.071+00:00,2026-09-14T02:25:55.202+00:00,2026-09-14T02:26:01.102+00:00,False,88,87.0,,87.0,294130.62552999996,300030.95064999996,300030.95077799994,3409.4426224772724,0.02426,294130.62552999996,31347.207544809873,89.7746365,67.81982896551723,21.265866027232008,0.2899700841247193,39,64,,False,False,Request timeout: 300.0s exceeded,428,21.16838264042747
268,2026-09-14T02:21:05.460+00:00,2026-09-14T02:25:59.423+00:00,2026-09-14T02:26:05.537+00:00,False,88,87.0,,87.0,293962.284467,300076.501683,300076.501655,3409.9602460795454,0.038579999999999996,293962.284467,31328.9997763666,90.093133,70.2783588045977,20.545803849478904,0.28992606722637204,39,64,,False,False,Request timeout: 300.0s exceeded,420,21.16838264042747
269,2026-09-14T02:21:09.686+00:00,2026-09-14T02:26:03.659+00:00,2026-09-14T02:26:09.775+00:00,False,94,93.0,,93.0,293972.245139,300088.754835,300088.754801,3192.433561712766,0.038630000000000005,293972.245139,30314.145478302704,90.58148785000002,65.7689214623656,20.830426332581965,0.3099083137958131,39,64,,False,False,Request timeout: 300.0s exceeded,375,21.16838264042747
270,2026-09-14T02:21:13.270+00:00,2026-09-14T02:26:06.902+00:00,2026-09-14T02:26:13.293+00:00,False,95,94.0,,94.0,293632.30710000003,300022.50127600005,300022.50127300003,3158.131592347369,0.02203,293632.30710000003,30119.071444348057,89.7615624,67.98078910638299,20.74820834146785,0.3133098337631899,39,64,,False,False,Request timeout: 300.0s exceeded,406,21.16838264042747
271,2026-09-14T02:21:16.251+00:00,2026-09-14T02:26:10.191+00:00,2026-09-14T02:26:16.258+00:00,False,88,87.0,,87.0,293939.60112199996,300006.89788999996,300006.89799699996,3409.169295420454,0.039979999999999995,293939.60112199996,31326.63907242912,90.1844342,69.73904331034483,20.324348675990183,0.2899933321929794,39,64,,False,False,Request timeout: 300.0s exceeded,396,21.16838264042747
272,2026-09-14T02:21:20.070+00:00,2026-09-14T02:26:13.789+00:00,2026-09-14T02:26:20.115+00:00,False,96,95.0,,95.0,293718.996318,300044.834654,300044.834687,3125.4670279895836,0.023899999999999998,293718.996318,29970.780437554407,90.32190625000001,66.58777195789473,20.58186287977857,0.31661934827023536,39,64,,False,False,Request timeout: 300.0s exceeded,377,21.16838264042747
273,2026-09-14T02:21:22.895+00:00,2026-09-14T02:26:16.860+00:00,2026-09-14T02:26:22.971+00:00,False,94,93.0,,93.0,293964.91253100004,300076.34753900004,300076.347643,3192.301570670213,0.018879999999999997,293964.91253100004,30313.39482407161,88.52517715,65.71435492473118,20.857466301526074,0.30992112761540813,39,64,,False,False,Request timeout: 300.0s exceeded,207,21.16838264042747
274,2026-09-14T02:21:26.192+00:00,2026-09-14T02:26:19.767+00:00,2026-09-14T02:26:26.234+00:00,False,94,93.0,,93.0,293575.624114,300042.101682,300042.101626,3191.9372513404255,0.040729999999999995,293575.624114,30272.849075218346,92.53809535,69.53201686021505,20.91265847538481,0.30995650103319894,39,64,,False,False,Request timeout: 300.0s exceeded,352,21.16838264042747
275,2026-09-14T02:21:29.512+00:00,2026-09-14T02:26:23.137+00:00,2026-09-14T02:26:29.535+00:00,False,95,94.0,,94.0,293624.563183,300022.93323100003,300022.93317900004,3158.136138726316,0.03477,293624.563183,30118.26773613901,89.575497,68.06776646808511,20.339750789217703,0.31330938267850855,39,64,,False,False,Request timeout: 300.0s exceeded,449,21.16838264042747
276,2026-09-14T02:21:32.439+00:00,2026-09-14T02:26:26.230+00:00,2026-09-14T02:26:32.525+00:00,False,95,94.0,,94.0,293790.812613,300085.446085,300085.44608699996,3158.794169336842,0.02109,293790.812613,30135.437954773966,87.7012487,66.96418587234042,20.586775253178143,0.3132441150557307,39,64,,False,False,Request timeout: 300.0s exceeded,418,21.16838264042747
277,2026-09-14T02:21:35.895+00:00,2026-09-14T02:26:29.281+00:00,2026-09-14T02:26:35.915+00:00,False,99,98.0,,98.0,293386.51401700004,300019.883617,300019.883647,3030.5038752222226,0.0258,293386.51401700004,29479.657681505836,88.86950289999999,67.68744489795918,19.552984287805348,0.32664501705195326,39,64,,False,False,Request timeout: 300.0s exceeded,441,21.16838264042747
278,2026-09-14T02:21:38.995+00:00,2026-09-14T02:26:32.520+00:00,2026-09-14T02:26:39.027+00:00,False,98,97.0,,97.0,293524.65589600004,300031.225624,300031.225494,3061.5431172857147,0.02281,293524.65589600004,29643.698453171233,88.71239035,67.0780384329897,19.81449137077133,0.32329968255224434,39,64,,False,False,Request timeout: 300.0s exceeded,276,21.16838264042747
279,2026-09-14T02:21:42.091+00:00,2026-09-14T02:26:35.783+00:00,2026-09-14T02:26:42.119+00:00,False,95,94.0,,94.0,293691.723875,300027.482467,300027.48226400005,3158.184023831579,0.036359999999999996,293691.723875,30125.22655821541,91.0900384,67.40168714893616,20.25513020077328,0.3133046320526289,39,64,,False,False,Request timeout: 300.0s exceeded,398,21.16838264042747
280,2026-09-14T02:21:46.352+00:00,2026-09-14T02:26:39.790+00:00,2026-09-14T02:26:46.482+00:00,False,104,103.0,,103.0,293437.914583,300130.442711,300130.442639,2885.8696407596153,0.0,293437.914583,28767.64935667736,88.67386015,64.97600124271844,61.887281722194054,0.3431841137794216,39,64,,False,False,Request timeout: 300.0s exceeded,220,21.16838264042747
281,2026-09-14T02:21:49.988+00:00,2026-09-14T02:26:43.745+00:00,2026-09-14T02:26:50.059+00:00,False,101,100.0,,100.0,293756.635482,300071.064154,300071.064106,2971.0006347128715,0.0,293756.635482,29223.663959670706,91.176227,63.14428672,63.97875567508538,0.3332543918619185,39,64,,False,False,Request timeout: 300.0s exceeded,510,21.16838264042747
282,2026-09-14T02:21:54.303+00:00,2026-09-14T02:26:48.173+00:00,2026-09-14T02:26:54.330+00:00,False,92,91.0,,91.0,293869.867935,300027.417759,300027.41787,3261.1675855434783,0.02709,293869.867935,30631.00357863768,87.78319749999999,67.66538268131869,20.099248286057243,0.30330561346595547,39,64,,False,False,Request timeout: 300.0s exceeded,421,21.16838264042747
283,2026-09-14T02:21:58.301+00:00,2026-09-14T02:26:52.012+00:00,2026-09-14T02:26:58.351+00:00,False,93,92.0,,92.0,293710.808273,300049.318865,300049.318986,3226.336763290323,0.03498,293710.808273,30449.254259288886,88.9352432,68.89685426086956,19.99008833912298,0.30661626011353554,39,64,,False,False,Request timeout: 300.0s exceeded,401,21.16838264042747
284,2026-09-14T02:22:02.991+00:00,2026-09-14T02:26:56.903+00:00,2026-09-14T02:27:03.028+00:00,False,87,86.0,,86.0,293911.65658999997,300036.821902,300036.82190299995,3448.699102333333,0.0249,293911.65658999997,31503.007214813882,89.0858483,71.22285246511628,19.540223743206482,0.28663148561175567,39,64,,False,False,Request timeout: 300.0s exceeded,419,21.16838264042747
285,2026-09-14T02:22:05.742+00:00,2026-09-14T02:26:59.568+00:00,2026-09-14T02:27:05.776+00:00,False,91,90.0,,90.0,293826.375712,300034.073376,300034.07357,3297.0777315384616,0.02404,293826.375712,30794.148942935502,88.1642285,68.97441848888889,19.327752779027584,0.2999659304935437,39,64,,False,False,Request timeout: 300.0s exceeded,272,21.16838264042747
286,2026-09-14T02:22:08.865+00:00,2026-09-14T02:27:02.410+00:00,2026-09-14T02:27:08.961+00:00,False,98,97.0,,97.0,293545.094826,300096.170154,300096.1701,3062.2058173469386,0.02861,293545.094826,29645.71716723329,88.81610015,67.5368590515464,20.43772020164354,0.32322971649462445,39,64,,False,False,Request timeout: 300.0s exceeded,396,21.16838264042747
287,2026-09-14T02:22:12.119+00:00,2026-09-14T02:27:06.169+00:00,2026-09-14T02:27:12.376+00:00,False,91,90.0,,90.0,294049.909991,300256.467687,300256.46782200004,3299.5216244175826,0.020120000000000002,294049.909991,30817.583710832438,89.404076,68.96175217777778,20.40250031072661,0.2997437513779713,39,64,,False,False,Request timeout: 300.0s exceeded,415,21.16838264042747
288,2026-09-14T02:22:16.134+00:00,2026-09-14T02:27:10.247+00:00,2026-09-14T02:27:16.161+00:00,False,90,89.0,,89.0,294112.78920999996,300026.60911399993,300026.60887899995,3333.628987544444,0.02366,294112.78920999996,30995.212642271796,89.89464145,66.44741465168539,20.52306619485256,0.2966403555432079,39,64,,False,False,Request timeout: 300.0s exceeded,278,21.16838264042747
289,2026-09-14T02:22:19.825+00:00,2026-09-14T02:27:13.614+00:00,2026-09-14T02:27:19.889+00:00,False,94,93.0,,93.0,293788.604836,300063.869092,300063.868952,3192.168818638298,0.028399999999999998,293788.604836,30295.02828768094,89.19019264999999,67.47595974193548,20.71745795316765,0.3099340159860635,39,64,,False,False,Request timeout: 300.0s exceeded,399,21.16838264042747
290,2026-09-14T02:22:24.182+00:00,2026-09-14T02:27:18.063+00:00,2026-09-14T02:27:24.220+00:00,False,90,89.0,,89.0,293880.38136500004,300038.07762100006,300038.07747,3333.7564163333336,0.04374,293880.38136500004,30970.42575422871,87.95971595,69.18759838202247,20.34722647451208,0.296629016909055,39,64,,False,False,Request timeout: 300.0s exceeded,337,21.16838264042747
291,2026-09-14T02:22:27.656+00:00,2026-09-14T02:27:21.633+00:00,2026-09-14T02:27:27.730+00:00,False,86,85.0,,85.0,293976.95695200004,300073.96047200006,300073.96054500004,3489.2320993604653,0.02286,293976.95695200004,31692.620913418185,87.225263,71.7294531764706,18.215822175260723,0.2832634989930469,39,64,,False,False,Request timeout: 300.0s exceeded,414,21.16838264042747
292,2026-09-14T02:22:30.526+00:00,2026-09-14T02:27:24.628+00:00,2026-09-14T02:27:30.580+00:00,False,88,87.0,,87.0,294101.10479,300053.468054,300053.468119,3409.698501352273,0.03857,294101.10479,31343.99611158637,88.5393924,68.41796855172413,20.11547538899627,0.28994832342461974,39,64,,False,False,Request timeout: 300.0s exceeded,442,21.16838264042747
293,2026-09-14T02:22:33.713+00:00,2026-09-14T02:27:27.517+00:00,2026-09-14T02:27:33.720+00:00,False,99,98.0,,98.0,293804.219949,300007.037741,300007.037668,3030.3741178585856,0.03564,293804.219949,29522.080376087255,87.4643189,63.29405910204082,19.74437798131822,0.32665900352845945,39,64,,False,False,Request timeout: 300.0s exceeded,503,21.16838264042747
294,2026-09-14T02:22:38.084+00:00,2026-09-14T02:27:31.915+00:00,2026-09-14T02:27:38.113+00:00,False,95,94.0,,94.0,293830.480216,300028.874072,300028.87402499997,3158.198673947368,0.02755,293830.480216,30139.61246621456,88.1789288,65.94036017021277,20.077126877671308,0.31330317887151815,39,64,,False,False,Request timeout: 300.0s exceeded,308,21.16838264042747
295,2026-09-14T02:22:41.598+00:00,2026-09-14T02:27:35.320+00:00,2026-09-14T02:27:41.645+00:00,False,91,90.0,,90.0,293721.854537,300046.633289,300046.633269,3297.215750208791,0.02087,293721.854537,30783.055810409445,88.65549299999999,70.27531946666667,19.3805675678421,0.2999533739587522,39,64,,False,False,Request timeout: 300.0s exceeded,233,21.16838264042747
296,2026-09-14T02:22:45.734+00:00,2026-09-14T02:27:39.564+00:00,2026-09-14T02:27:45.780+00:00,False,97,96.0,,96.0,293829.437982,300046.350366,300046.350342,3093.2613437319587,0.0,293829.437982,29827.361183914367,90.139639,64.759504,68.22305572882051,0.31995056724702065,39,64,,False,False,Request timeout: 300.0s exceeded,468,21.16838264042747
297,2026-09-14T02:22:48.966+00:00,2026-09-14T02:27:42.746+00:00,2026-09-14T02:27:49.037+00:00,False,97,96.0,,96.0,293780.01598699996,300070.958451,300070.95832,3093.515034226804,0.02112,293780.01598699996,29822.194775035412,88.3876216,65.53065066666666,20.747421067393823,0.3199243288839506,39,64,,False,False,Request timeout: 300.0s exceeded,461,21.16838264042747
298,2026-09-14T02:22:52.853+00:00,2026-09-14T02:27:46.567+00:00,2026-09-14T02:27:52.880+00:00,False,92,91.0,,91.0,293713.538109,300027.270717,300027.270615,3261.1659849456523,0.019530000000000002,293713.538109,30614.525915898994,88.3999295,69.38167701098901,19.758444757625828,0.3033057621146563,39,64,,False,False,Request timeout: 300.0s exceeded,382,21.16838264042747
299,2026-09-14T02:22:57.633+00:00,2026-09-14T02:27:51.344+00:00,2026-09-14T02:27:57.664+00:00,False,95,94.0,,94.0,293710.799436,300031.546444,300031.546527,3158.2268055473683,0.03376,293710.799436,30127.20029454132,87.70301169999999,67.24198944680852,20.614520520300072,0.31330038828948553,39,64,,False,False,Request timeout: 300.0s exceeded,373,21.16838264042747
300,2026-09-14T02:23:02.199+00:00,2026-09-14T02:27:55.992+00:00,2026-09-14T02:28:02.210+00:00,False,95,94.0,,94.0,293793.321814,300011.086422,300011.08655300003,3158.0114374000004,0.022789999999999998,293793.321814,30135.77914810833,87.914772,66.146432,20.371393123163774,0.3133217546093554,39,64,,False,False,Request timeout: 300.0s exceeded,454,21.16838264042747
301,2026-09-14T02:23:05.464+00:00,2026-09-14T02:27:58.727+00:00,2026-09-14T02:28:05.513+00:00,False,103,102.0,,102.0,293263.651383,300049.431607,300049.431592,2913.101277592233,0.045380000000000004,293263.651383,28889.578006396685,87.40741510000002,66.52725709803921,20.12198304345694,0.33994398674148457,39,64,,False,False,Request timeout: 300.0s exceeded,502,21.16838264042747
302,2026-09-14T02:23:08.472+00:00,2026-09-14T02:28:02.167+00:00,2026-09-14T02:28:08.493+00:00,False,93,92.0,,92.0,293694.97430400003,300020.402016,300020.402085,3226.025828870968,0.0338,293694.97430400003,30447.62754324745,90.44023499999999,68.75464904347827,20.66195865914309,0.30664581269074387,39,64,,False,False,Request timeout: 300.0s exceeded,465,21.16838264042747
303,2026-09-14T02:23:11.717+00:00,2026-09-14T02:28:05.512+00:00,2026-09-14T02:28:11.740+00:00,False,92,91.0,,91.0,293795.14367400005,300022.748666,300022.74860200007,3261.1168326304355,0.03904,293795.14367400005,30623.133114091033,90.559432,68.4352196923077,20.61246179551151,0.30331033364841825,39,64,,False,False,Request timeout: 300.0s exceeded,461,21.16838264042747
304,2026-09-14T02:23:15.952+00:00,2026-09-14T02:28:09.654+00:00,2026-09-14T02:28:16.025+00:00,False,106,105.0,,105.0,293702.043853,300073.62682899996,300073.62686799996,2830.8832723396226,0.01526,293702.043853,28522.154950385135,98.20944775,60.68174262857143,261.1941133876311,0.34991412310897724,39,64,,False,False,Request timeout: 300.0s exceeded,500,21.16838264042747
305,2026-09-14T02:23:19.352+00:00,2026-09-14T02:28:14.830+00:00,2026-09-14T02:28:19.427+00:00,False,70,69.0,,69.0,295478.409632,300074.974112,300074.97428900003,4286.785346985715,0.047259999999999996,295478.409632,35308.469121629474,89.23552885000001,66.61687652173913,21.578694211024374,0.2299425342089555,39,64,,False,False,Request timeout: 300.0s exceeded,344,21.16838264042747
306,2026-09-14T02:23:22.244+00:00,2026-09-14T02:28:16.026+00:00,2026-09-14T02:28:22.250+00:00,False,90,89.0,,89.0,293781.580638,300006.367838,300006.36784699996,3333.4040871888888,0.01946,293781.580638,30959.930900300224,87.3394199,69.94142921348313,18.937822935692886,0.29666036971608206,39,64,,False,False,Request timeout: 300.0s exceeded,264,21.16838264042747
307,2026-09-14T02:23:26.127+00:00,2026-09-14T02:28:19.772+00:00,2026-09-14T02:28:26.164+00:00,False,94,93.0,,93.0,293645.153351,300036.981319,300036.981388,3191.8827807234043,0.030289999999999997,293645.153351,30280.102544421246,88.2111415,68.72933298924731,19.84209613137181,0.3099617906804701,39,64,,False,False,Request timeout: 300.0s exceeded,424,21.16838264042747
308,2026-09-14T02:23:29.088+00:00,2026-09-14T02:28:22.542+00:00,2026-09-14T02:28:29.105+00:00,False,97,96.0,,96.0,293454.037559,300016.549687,300016.549596,3092.954119546392,0.04789,293454.037559,29788.809726286352,90.2699258,68.35950133333333,21.127303045763195,0.31998234797431835,39,64,,False,False,Request timeout: 300.0s exceeded,418,21.16838264042747
309,2026-09-14T02:23:31.948+00:00,2026-09-14T02:28:25.514+00:00,2026-09-14T02:28:31.993+00:00,False,98,97.0,,97.0,293565.69604799995,300044.94673599995,300044.94693,3061.683131938775,0.02709,293565.69604799995,29647.87290141731,89.52571534999998,66.79639884536083,20.289882592104043,0.3232848979967899,39,64,,False,False,Request timeout: 300.0s exceeded,492,21.16838264042747
310,2026-09-14T02:23:35.626+00:00,2026-09-14T02:28:29.587+00:00,2026-09-14T02:28:35.638+00:00,False,85,84.0,,84.0,293961.009858,300012.181698,300012.18185399997,3529.555080635294,0.05023,293961.009858,31876.741066352366,91.658174,72.03776,20.37482506556449,0.2799886308768507,39,64,,False,False,Request timeout: 300.0s exceeded,371,21.16838264042747
311,2026-09-14T02:23:39.782+00:00,2026-09-14T02:28:33.962+00:00,2026-09-14T02:28:39.794+00:00,False,89,88.0,,88.0,294180.205801,300011.616489,300011.616391,3370.9170381011236,0.0,294180.205801,31176.090368887373,91.8133324,66.26603054545454,68.82431248133541,0.29332197542832994,39,64,,False,False,Request timeout: 300.0s exceeded,399,21.16838264042747
312,2026-09-14T02:23:43.706+00:00,2026-09-14T02:28:37.992+00:00,2026-09-14T02:28:43.781+00:00,False,87,86.0,,86.0,294286.563682,300075.41129799996,300075.411522,3449.1426611724137,0.03726,294286.563682,31543.62079551371,88.8891153,67.31218158139534,19.640397699768677,0.2865946250910736,39,64,,False,False,Request timeout: 300.0s exceeded,375,21.16838264042747
313,2026-09-14T02:23:46.829+00:00,2026-09-14T02:28:40.034+00:00,2026-09-14T02:28:46.881+00:00,False,102,101.0,,101.0,293204.088571,300051.85228299996,300051.852255,2941.6848260294114,0.0415,293204.088571,29024.82401134301,88.278636,67.79964071287128,19.351449859125022,0.3366084869382503,39,64,,False,False,Request timeout: 300.0s exceeded,451,21.16838264042747
314,2026-09-14T02:23:51.110+00:00,2026-09-14T02:28:44.567+00:00,2026-09-14T02:28:51.143+00:00,False,98,97.0,,97.0,293457.176162,300032.98621,300032.98601,3061.5610817346937,0.02051,293457.176162,29636.809762813784,88.73700600000001,67.79185616494844,19.658243198638953,0.3232977854378567,39,64,,False,False,Request timeout: 300.0s exceeded,439,21.16838264042747
315,2026-09-14T02:23:54.461+00:00,2026-09-14T02:28:48.154+00:00,2026-09-14T02:28:54.471+00:00,False,95,94.0,,94.0,293692.06889099994,300009.03401099995,300009.034136,3157.9898330105257,0.04083,293692.06889099994,30125.282293581287,89.303261,67.20175659574468,19.990896474330576,0.3133238980948602,39,64,,False,False,Request timeout: 300.0s exceeded,390,21.16838264042747
316,2026-09-14T02:23:59.007+00:00,2026-09-14T02:28:52.517+00:00,2026-09-14T02:28:59.038+00:00,False,96,95.0,,95.0,293510.225459,300030.907699,300030.907734,3125.3219555624996,0.026019999999999998,293510.225459,29949.26382085042,90.6492365,68.63876042105264,21.008322633058246,0.31663404523412253,39,64,,False,False,Request timeout: 300.0s exceeded,458,21.16838264042747
317,2026-09-14T02:24:01.886+00:00,2026-09-14T02:28:55.415+00:00,2026-09-14T02:29:01.946+00:00,False,96,95.0,,95.0,293528.416624,300059.210352,300059.210448,3125.6167755,0.02564,293528.416624,29951.109298275947,89.37466125,68.74519713684211,20.59076436041754,0.31660417918368616,39,64,,False,False,Request timeout: 300.0s exceeded,467,21.16838264042747
318,2026-09-14T02:24:05.235+00:00,2026-09-14T02:28:58.655+00:00,2026-09-14T02:29:05.269+00:00,False,98,97.0,,97.0,293419.200977,300033.703377,300033.703594,3061.5684040204083,0.04635,293419.200977,29632.93473586094,92.6205377,68.19074639175257,21.602462524367297,0.3232970126629975,39,64,,False,False,Request timeout: 300.0s exceeded,444,21.16838264042747
319,2026-09-14T02:24:08.479+00:00,2026-09-14T02:29:02.029+00:00,2026-09-14T02:29:08.509+00:00,False,96,95.0,,95.0,293549.640254,300029.77491000004,300029.77486500004,3125.3101548437503,0.03259,293549.640254,29953.33082335738,93.3706705,68.21194374736842,21.974500568377035,0.31663524071401633,39,64,,False,False,Request timeout: 300.0s exceeded,400,21.16838264042747
320,2026-09-14T02:24:11.228+00:00,2026-09-14T02:29:05.050+00:00,2026-09-14T02:29:11.281+00:00,False,92,91.0,,91.0,293821.953871,300052.651087,300052.651098,3261.441859760869,0.018549,293821.953871,30625.92459318161,89.32874755,68.46920017582418,20.410527803219914,0.3032801065757444,39,64,,False,False,Request timeout: 300.0s exceeded,370,21.16838264042747
321,2026-09-14T02:24:15.308+00:00,2026-09-14T02:29:09.402+00:00,2026-09-14T02:29:15.337+00:00,False,91,90.0,,90.0,294093.97508099995,300029.330217,300029.3302709999,3297.025607373626,0.01761,294093.97508099995,30822.518270033892,86.261813,65.9483904,19.460245717801037,0.29997067265025845,39,64,,False,False,Request timeout: 300.0s exceeded,406,21.16838264042747
322,2026-09-14T02:24:20.058+00:00,2026-09-14T02:29:13.378+00:00,2026-09-14T02:29:20.133+00:00,False,104,103.0,,103.0,293319.921158,300075.54227800004,300075.542317,2885.341753048077,0.032350000000000004,293319.921158,28755.96036592605,89.7652218,65.5885545631068,20.455153923778912,0.3432469011572337,39,64,,False,False,Request timeout: 300.0s exceeded,494,21.16838264042747
323,2026-09-14T02:24:23.786+00:00,2026-09-14T02:29:17.504+00:00,2026-09-14T02:29:23.829+00:00,False,91,90.0,,90.0,293718.67551800003,300043.63091,300043.630926,3297.1827574285717,0.02076,293718.67551800003,30782.72322428671,90.51241849999998,70.27728213333334,20.73290929844155,0.2999563754345983,39,64,,False,False,Request timeout: 300.0s exceeded,418,21.16838264042747
324,2026-09-14T02:24:27.208+00:00,2026-09-14T02:29:20.911+00:00,2026-09-14T02:29:27.259+00:00,False,88,87.0,,87.0,293702.580195,300050.880995,300050.88090399996,3409.669101181818,0.03462,293702.580195,31301.027216958082,89.126983,72.96897471264369,18.644779355609096,0.2899508233786847,39,64,,False,False,Request timeout: 300.0s exceeded,434,21.16838264042747
325,2026-09-14T02:24:31.544+00:00,2026-09-14T02:29:25.188+00:00,2026-09-14T02:29:31.562+00:00,False,93,92.0,,92.0,293644.29035100003,300017.54756700003,300017.54764700006,3225.9951359892475,0.032049999999999995,293644.29035100003,30442.317348277567,88.4017436,69.27453495652173,19.73960326504848,0.306648730202871,39,64,,False,False,Request timeout: 300.0s exceeded,247,21.16838264042747
326,2026-09-14T02:24:35.066+00:00,2026-09-14T02:29:28.685+00:00,2026-09-14T02:29:35.093+00:00,False,106,105.0,,105.0,293619.182477,300026.958989,300026.95896099997,2830.4430090660376,0.0,293619.182477,28512.955852338204,88.55392075,61.02644297142857,62.19132736725774,0.349968550672307,39,64,,False,False,Request timeout: 300.0s exceeded,557,21.16838264042747
327,2026-09-14T02:24:39.421+00:00,2026-09-14T02:29:33.250+00:00,2026-09-14T02:29:39.477+00:00,False,97,96.0,,96.0,293829.067987,300056.414675,300056.414701,3093.365100010309,0.0359,293829.067987,29827.242502224846,90.00291220000001,64.86819466666667,20.73337326755355,0.31993983566050554,39,64,,False,False,Request timeout: 300.0s exceeded,213,21.16838264042747
328,2026-09-14T02:24:42.441+00:00,2026-09-14T02:29:35.913+00:00,2026-09-14T02:29:42.459+00:00,False,97,96.0,,96.0,293471.851734,300017.792726,300017.792695,3092.9669350000004,0.01874,293471.851734,29790.635477408938,89.30381100000001,68.18688533333332,20.35770177337425,0.31998102221782154,39,64,,False,False,Request timeout: 300.0s exceeded,445,21.16838264042747
329,2026-09-14T02:24:47.556+00:00,2026-09-14T02:29:39.694+00:00,2026-09-14T02:29:47.684+00:00,False,124,123.0,,123.0,292138.138704,300127.730256,300127.730298,2420.3849217580646,0.0195,292138.138704,26228.954119080547,89.48047844999999,64.95602887804878,20.601558805452594,0.409825509609141,39,64,,False,False,Request timeout: 300.0s exceeded,404,21.16838264042747
330,2026-09-14T02:24:49.079+00:00,2026-09-14T02:29:42.941+00:00,2026-09-14T02:29:49.114+00:00,False,99,98.0,,98.0,293861.90897600004,300035.33336000005,300035.33344400005,3030.659933777778,0.03258,293861.90897600004,29527.909973299014,92.43159680000001,62.994126367346944,21.87867717844309,0.32662819709441965,39,64,,False,False,Request timeout: 300.0s exceeded,232,21.16838264042747
331,2026-09-14T02:24:53.092+00:00,2026-09-14T02:29:48.009+00:00,2026-09-14T02:29:53.107+00:00,False,74,73.0,,73.0,294917.228711,300014.322087,300014.322171,4054.2475969054053,0.039619999999999995,294917.228711,34275.32137021957,90.49016915,69.82319693150684,21.562627743120718,0.24332171708399647,39,64,,False,False,Request timeout: 300.0s exceeded,159,21.16838264042747
332,2026-09-14T02:24:56.216+00:00,2026-09-14T02:29:49.675+00:00,2026-09-14T02:29:56.259+00:00,False,94,93.0,,93.0,293458.733652,300042.92539600004,300042.92557300004,3191.9460167340426,0.038259999999999995,293458.733652,30260.661478598497,90.0355453,70.79776068817205,19.835969186270766,0.3099556501032562,39,64,,False,False,Request timeout: 300.0s exceeded,437,21.16838264042747
333,2026-09-14T02:25:00.678+00:00,2026-09-14T02:29:54.610+00:00,2026-09-14T02:30:00.697+00:00,False,89,88.0,,88.0,293931.34597799997,300019.219514,300019.219437,3371.0024655842694,0.0275,293931.34597799997,31149.334222639834,90.7359804,69.1803810909091,20.954195368432504,0.2933145421235042,39,64,,False,False,Request timeout: 300.0s exceeded,403,21.16838264042747
334,2026-09-14T02:25:04.856+00:00,2026-09-14T02:29:58.849+00:00,2026-09-14T02:30:04.871+00:00,False,86,85.0,,85.0,293993.757789,300014.944861,300014.944788,3488.545869627907,0.05875,293993.757789,31694.529416818765,87.84042675,70.83749496470588,19.310373716787062,0.2833192194454892,39,64,,False,False,Request timeout: 300.0s exceeded,376,21.16838264042747
335,2026-09-14T02:25:07.913+00:00,2026-09-14T02:30:01.494+00:00,2026-09-14T02:30:07.939+00:00,False,95,94.0,,94.0,293581.428902,300025.817766,300025.817788,3158.166503031579,0.07633,293581.428902,30113.792810013634,91.2966487,68.55732834042554,21.482069153886155,0.31330637043147297,39,64,,False,False,Request timeout: 300.0s exceeded,360,21.16838264042747
336,2026-09-14T02:25:11.307+00:00,2026-09-14T02:30:05.131+00:00,2026-09-14T02:30:11.361+00:00,False,93,92.0,,92.0,293823.748632,300053.969176,300053.96916,3226.3867651612904,0.01883,293823.748632,30461.088057988567,89.72664300000001,67.71978852173912,20.56022294602609,0.30661150809851934,39,64,,False,False,Request timeout: 300.0s exceeded,334,21.16838264042747
337,2026-09-14T02:25:15.100+00:00,2026-09-14T02:30:08.997+00:00,2026-09-14T02:30:15.161+00:00,False,93,92.0,,92.0,293896.99971,300060.215582,300060.215489,3226.453929989247,0.03703,293896.99971,30468.759142257793,89.2919974,66.99147686956522,20.228778596728286,0.306605125313117,39,64,,False,False,Request timeout: 300.0s exceeded,454,21.16838264042747
338,2026-09-14T02:25:18.723+00:00,2026-09-14T02:30:12.328+00:00,2026-09-14T02:30:18.795+00:00,False,99,98.0,,98.0,293604.754061,300071.793037,300071.792909,3031.0282112020204,0.039439999999999996,293604.754061,29501.76209277798,86.58845079999999,65.99019363265306,19.378505680644576,0.32658851072988465,39,64,,False,False,Request timeout: 300.0s exceeded,477,21.16838264042747
339,2026-09-14T02:25:22.094+00:00,2026-09-14T02:30:15.870+00:00,2026-09-14T02:30:22.140+00:00,False,92,91.0,,91.0,293775.619123,300046.21445100004,300046.214446,3261.371896152174,0.02114,293775.619123,30621.047535022997,88.6151182,68.90764096703298,19.451706374769824,0.30328661258567896,39,64,,False,False,Request timeout: 300.0s exceeded,365,21.16838264042747
340,2026-09-14T02:25:24.953+00:00,2026-09-14T02:30:18.629+00:00,2026-09-14T02:30:24.969+00:00,False,92,91.0,,91.0,293676.432364,300015.629292,300015.62913200003,3261.0394470869564,0.05225,293676.432364,30610.62876585682,88.80914855,69.6615047032967,20.62372685954516,0.30331753120578686,39,64,,False,False,Request timeout: 300.0s exceeded,402,21.16838264042747
341,2026-09-14T02:25:28.800+00:00,2026-09-14T02:30:22.388+00:00,2026-09-14T02:30:28.839+00:00,False,100,99.0,,99.0,293588.250972,300039.659356,300039.659383,3000.3965938300003,0.0,293588.250972,29352.37868202108,92.234535,65.16574125252525,64.50339440109197,0.3299563804748076,39,64,,False,False,Request timeout: 300.0s exceeded,494,21.16838264042747
342,2026-09-14T02:25:32.008+00:00,2026-09-14T02:30:26.062+00:00,2026-09-14T02:30:32.093+00:00,False,97,96.0,,96.0,294054.08968000003,300084.89672,300084.896819,3093.658730092784,0.0,294054.08968000003,29850.36314222878,92.2170534,62.820906666666666,66.09370325425488,0.31990946911791646,39,64,,False,False,Request timeout: 300.0s exceeded,434,21.16838264042747
343,2026-09-14T02:25:36.219+00:00,2026-09-14T02:30:30.019+00:00,2026-09-14T02:30:36.229+00:00,False,91,90.0,,90.0,293800.437009,300010.00040099997,300010.000311,3296.813190230769,0.037219999999999996,293800.437009,30791.428114766262,89.75632099999999,68.9951488,20.053595423233546,0.299989999932349,39,64,,False,False,Request timeout: 300.0s exceeded,397,21.16838264042747
344,2026-09-14T02:25:40.276+00:00,2026-09-14T02:30:33.711+00:00,2026-09-14T02:30:40.304+00:00,False,97,96.0,,96.0,293434.98108399997,300027.62338799995,300027.62351699994,3093.068283680412,0.016379,293434.98108399997,29786.842701411402,90.32366139999998,68.67335733333333,20.74488254758244,0.3199705377656225,39,64,,False,False,Request timeout: 300.0s exceeded,331,21.16838264042747
345,2026-09-14T02:25:42.960+00:00,2026-09-14T02:30:36.312+00:00,2026-09-14T02:30:42.989+00:00,False,102,101.0,,101.0,293351.607083,300028.375339,300028.375368,2941.4546604705884,0.022269999999999998,293351.607083,29039.59892863096,89.28604555,66.1066163960396,20.49530141116839,0.3366348262422872,39,64,,False,False,Request timeout: 300.0s exceeded,492,21.16838264042747
346,2026-09-14T02:25:47.349+00:00,2026-09-14T02:30:40.470+00:00,2026-09-14T02:30:47.377+00:00,False,104,103.0,,103.0,293120.866752,300027.769536,300027.769521,2884.8823992403845,0.02555,293120.866752,28736.296824209294,87.1983258,67.05730858252427,19.536332814332336,0.34330155558364456,39,64,,False,False,Request timeout: 300.0s exceeded,535,21.16838264042747
347,2026-09-14T02:25:50.929+00:00,2026-09-14T02:30:44.084+00:00,2026-09-14T02:30:50.979+00:00,False,102,101.0,,101.0,293154.945431,300049.40994299995,300049.409857,2941.6608809509803,0.02327,293154.945431,29019.91300132248,90.40077955000001,68.26202487128712,20.337547880562777,0.33661122686155875,39,64,,False,False,Request timeout: 300.0s exceeded,474,21.16838264042747
348,2026-09-14T02:25:53.538+00:00,2026-09-14T02:30:47.331+00:00,2026-09-14T02:30:53.605+00:00,False,96,95.0,,95.0,293793.501356,300066.77342000004,300066.773334,3125.6955555625004,0.018600000000000002,293793.501356,29978.441278030303,91.0460405,66.03444277894737,20.917131243896492,0.3165961992967131,39,64,,False,False,Request timeout: 300.0s exceeded,452,21.16838264042747
349,2026-09-14T02:25:58.221+00:00,2026-09-14T02:30:52.785+00:00,2026-09-14T02:30:58.281+00:00,False,78,77.0,,77.0,294563.961407,300059.60121500003,300059.601166,3846.9179636666668,0.02271,294563.961407,33344.7253133417,89.09889170000001,71.37194555844157,19.68657166286327,0.25661568464469037,39,64,,False,False,Request timeout: 300.0s exceeded,294,21.16838264042747
350,2026-09-14T02:26:01.810+00:00,2026-09-14T02:30:55.049+00:00,2026-09-14T02:31:01.871+00:00,False,100,99.0,,99.0,293238.867607,300061.245591,300061.245415,3000.61245415,0.017839999999999998,293238.867607,29317.001874185953,88.56984179999999,68.91290892929293,19.47653421672314,0.32993264360084157,39,64,,False,False,Request timeout: 300.0s exceeded,437,21.16838264042747
351,2026-09-14T02:26:05.828+00:00,2026-09-14T02:30:59.394+00:00,2026-09-14T02:31:05.857+00:00,False,96,95.0,,95.0,293565.57316100004,300028.441897,300028.44191800006,3125.296269979167,0.052770000000000004,293565.57316100004,29954.974284062253,88.566243,68.03019722105263,20.203463478685652,0.31663664751028364,39,64,,False,False,Request timeout: 300.0s exceeded,423,21.16838264042747
352,2026-09-14T02:26:09.411+00:00,2026-09-14T02:31:03.174+00:00,2026-09-14T02:31:09.462+00:00,False,93,92.0,,92.0,293762.95373799995,300050.82292199996,300050.82306399994,3226.3529361720425,0.03573,293762.95373799995,30454.71891792753,90.36416519999999,68.34640417391304,20.519052190111292,0.30661472314613836,39,64,,False,False,Request timeout: 300.0s exceeded,386,21.16838264042747
353,2026-09-14T02:26:13.920+00:00,2026-09-14T02:31:07.747+00:00,2026-09-14T02:31:13.931+00:00,False,93,92.0,,92.0,293826.609399,300010.745335,300010.74526500003,3225.9219920967744,0.03429,293826.609399,30461.4366388229,89.88361819999999,67.21886886956521,20.54552287559523,0.30665568293985723,39,64,,False,False,Request timeout: 300.0s exceeded,425,21.16838264042747
354,2026-09-14T02:26:17.388+00:00,2026-09-14T02:31:11.263+00:00,2026-09-14T02:31:17.439+00:00,False,95,94.0,,94.0,293874.83068199997,300051.51625,300051.51642299996,3158.437014978947,0.02865,293874.83068199997,30144.186279676604,86.341518,65.70942093617022,19.86205092889107,0.31327953671022324,39,64,,False,False,Request timeout: 300.0s exceeded,355,21.16838264042747
355,2026-09-14T02:26:20.283+00:00,2026-09-14T02:31:14.394+00:00,2026-09-14T02:31:20.310+00:00,False,92,91.0,,91.0,294110.807347,300027.164723,300027.164677,3261.164833445652,0.01789,294110.807347,30656.399395837812,88.49375805,65.01491621978022,19.822876847485144,0.30330586926692366,39,64,,False,False,Request timeout: 300.0s exceeded,348,21.16838264042747
356,2026-09-14T02:26:23.474+00:00,2026-09-14T02:31:16.960+00:00,2026-09-14T02:31:23.536+00:00,False,107,106.0,,106.0,293486.040639,300062.436927,300062.436856,2804.321839775701,0.0,293486.040639,28366.44415269016,89.5662086,62.041474415094335,65.74811755758257,0.35325981180972665,39,64,,False,False,Request timeout: 300.0s exceeded,315,21.16838264042747
357,2026-09-14T02:26:26.773+00:00,2026-09-14T02:31:20.775+00:00,2026-09-14T02:31:26.794+00:00,False,91,90.0,,90.0,294001.934823,300021.836775,300021.836655,3296.9432599450547,0.0,294001.934823,30812.84583951087,89.851905,66.88779946666666,70.85514881663936,0.2999781648143668,39,64,,False,False,Request timeout: 300.0s exceeded,392,21.16838264042747
358,2026-09-14T02:26:30.750+00:00,2026-09-14T02:31:24.513+00:00,2026-09-14T02:31:30.794+00:00,False,90,89.0,,89.0,293763.04139200004,300043.658096,300043.65814400004,3333.8184238222225,0.04793,293763.04139200004,30957.910714847214,87.25291495000002,70.56872701123595,19.17657877146401,0.2966234999425455,39,64,,False,False,Request timeout: 300.0s exceeded,315,21.16838264042747
359,2026-09-14T02:26:34.728+00:00,2026-09-14T02:31:28.173+00:00,2026-09-14T02:31:34.742+00:00,False,95,94.0,,94.0,293445.942057,300014.78429700003,300014.78417,3158.0503596842104,0.033100000000000004,293445.942057,30099.75464576041,89.05542810000001,69.8813004255319,18.96324401769544,0.31331789271739546,39,64,,False,False,Request timeout: 300.0s exceeded,230,21.16838264042747
360,2026-09-14T02:26:39.230+00:00,2026-09-14T02:31:32.864+00:00,2026-09-14T02:31:39.249+00:00,False,92,91.0,,91.0,293633.659176,300018.849064,300018.849007,3261.074445728261,0.04376,293633.659176,30606.11590678584,88.82016554999998,70.16692184615384,19.460327218264162,0.30331427603266314,39,64,,False,False,Request timeout: 300.0s exceeded,320,21.16838264042747
361,2026-09-14T02:26:42.453+00:00,2026-09-14T02:31:35.863+00:00,2026-09-14T02:31:42.540+00:00,False,100,99.0,,99.0,293410.19133999996,300086.94525999995,300086.94517499994,3000.86945175,0.030940000000000002,293410.19133999996,29334.2820387927,90.31111349999999,67.44195878787878,20.51419639286908,0.3299043879240561,39,64,,False,False,Request timeout: 300.0s exceeded,496,21.16838264042747
362,2026-09-14T02:26:46.610+00:00,2026-09-14T02:31:40.249+00:00,2026-09-14T02:31:46.682+00:00,False,100,99.0,,99.0,293639.14756099996,300072.56605699996,300072.566242,3000.7256624199995,0.024239999999999998,293639.14756099996,29357.423468257002,88.6603545,64.98402521212121,20.542906101817263,0.3299201966406838,39,64,,False,False,Request timeout: 300.0s exceeded,429,21.16838264042747
363,2026-09-14T02:26:49.343+00:00,2026-09-14T02:31:43.057+00:00,2026-09-14T02:31:49.404+00:00,False,99,98.0,,98.0,293714.22897500003,300060.451055,300060.45128000004,3030.9136492929297,0.04275,293714.22897500003,29512.8893689039,88.26965700000001,64.7573681632653,20.47444542459957,0.326600855445748,39,64,,False,False,Request timeout: 300.0s exceeded,496,21.16838264042747
364,2026-09-14T02:26:52.581+00:00,2026-09-14T02:31:45.997+00:00,2026-09-14T02:31:52.599+00:00,False,100,99.0,,99.0,293416.05663,300017.24549400003,300017.24542500003,3000.17245425,0.01693,293416.05663,29334.944626437835,88.90021200000001,66.67867539393939,20.121117962593875,0.32998103104702986,39,64,,False,False,Request timeout: 300.0s exceeded,369,21.16838264042747
365,2026-09-14T02:26:56.583+00:00,2026-09-14T02:31:50.418+00:00,2026-09-14T02:31:56.649+00:00,False,96,95.0,,95.0,293835.22649000003,300066.239354,300066.239416,3125.689993916667,0.023280000000000002,293835.22649000003,29982.74492127965,89.1558035,65.58960909473684,20.463328369049716,0.3165967627831825,39,64,,False,False,Request timeout: 300.0s exceeded,582,21.16838264042747
366,2026-09-14T02:26:59.616+00:00,2026-09-14T02:31:53.442+00:00,2026-09-14T02:31:59.645+00:00,False,92,91.0,,91.0,293825.208993,300028.356001,300028.35602799995,3261.1777829130433,0.02788,293825.208993,30626.295579306032,89.274613,68.16645063736264,20.48997667344487,0.3033046649753889,39,64,,False,False,Request timeout: 300.0s exceeded,488,21.16838264042747
367,2026-09-14T02:27:02.309+00:00,2026-09-14T02:31:56.208+00:00,2026-09-14T02:32:02.327+00:00,False,90,89.0,,89.0,293898.326353,300017.412945,300017.412846,3333.5268094000003,0.11255,293898.326353,30972.36350835632,90.45593994999999,68.75378193258427,21.041277547152518,0.2966494481982475,39,64,,False,False,Request timeout: 300.0s exceeded,429,21.16838264042747
368,2026-09-14T02:27:05.766+00:00,2026-09-14T02:31:59.198+00:00,2026-09-14T02:32:05.853+00:00,False,111,110.0,,110.0,293431.842571,300087.169803,300087.169762,2703.488015873874,0.01533,293431.842571,27846.690856421777,88.52902299999998,60.502974836363634,250.39871080504918,0.36656015674449643,39,64,,False,False,Request timeout: 300.0s exceeded,355,21.16838264042747
369,2026-09-14T02:27:10.349+00:00,2026-09-14T02:32:05.856+00:00,2026-09-14T02:32:10.359+00:00,False,69,68.0,,68.0,295506.66286599997,300010.05486599996,300010.05467,4347.9718068115935,0.03362,295506.66286599997,35566.85511475514,91.04249420000001,66.22635294117647,21.034901315714382,0.22665906991141455,39,64,,False,False,Request timeout: 300.0s exceeded,264,21.16838264042747
370,2026-09-14T02:27:14.012+00:00,2026-09-14T02:32:07.702+00:00,2026-09-14T02:32:14.055+00:00,False,95,94.0,,94.0,293690.496264,300043.16084,300043.160884,3158.349061936842,0.01933,293690.496264,30125.08159426077,87.5774567,67.58153804255319,19.39316428444938,0.3132882607183508,39,64,,False,False,Request timeout: 300.0s exceeded,432,21.16838264042747
371,2026-09-14T02:27:16.790+00:00,2026-09-14T02:32:10.314+00:00,2026-09-14T02:32:16.802+00:00,False,100,99.0,,99.0,293524.664818,300012.666354,300012.666372,3000.12666372,0.0,293524.664818,29345.982788589714,87.00664480000002,65.53536905050505,64.35128597779836,0.32998606759884247,39,64,,False,False,Request timeout: 300.0s exceeded,483,21.16838264042747
372,2026-09-14T02:27:20.333+00:00,2026-09-14T02:32:13.879+00:00,2026-09-14T02:32:20.367+00:00,False,99,98.0,,98.0,293546.20834500005,300034.30716100003,300034.3071890001,3030.649567565657,0.0,293546.20834500005,29495.919503870973,87.0678059,66.20508995918367,64.30176610370975,0.3266293142517621,39,64,,False,False,Request timeout: 300.0s exceeded,514,21.16838264042747
373,2026-09-14T02:27:23.588+00:00,2026-09-14T02:32:17.062+00:00,2026-09-14T02:32:23.606+00:00,False,96,95.0,,95.0,293473.728182,300017.498806,300017.498648,3125.1822775833334,0.04752,293473.728182,29945.51330626707,89.30791149999999,68.88179604210525,19.939202014317736,0.3166481967821142,39,64,,False,False,Request timeout: 300.0s exceeded,480,21.16838264042747
374,2026-09-14T02:27:26.557+00:00,2026-09-14T02:32:20.288+00:00,2026-09-14T02:32:26.581+00:00,False,91,90.0,,90.0,293730.37163300003,300023.80907300004,300023.80915800005,3296.964935802198,0.03133,293730.37163300003,30783.9856061892,90.67567349999999,69.92708266666668,20.100734066810897,0.2999761928164232,39,64,,False,False,Request timeout: 300.0s exceeded,406,21.16838264042747
375,2026-09-14T02:27:30.375+00:00,2026-09-14T02:32:24.160+00:00,2026-09-14T02:32:30.404+00:00,False,87,86.0,,86.0,293785.17129100004,300029.24271500006,300029.24257000006,3448.611983563219,0.04982,293785.17129100004,31489.298262744767,88.7470903,72.6054816744186,19.419188827417425,0.2866387263513911,39,64,,False,False,Request timeout: 300.0s exceeded,409,21.16838264042747
376,2026-09-14T02:27:33.038+00:00,2026-09-14T02:32:26.830+00:00,2026-09-14T02:32:33.068+00:00,False,90,89.0,,89.0,293791.572971,300029.729259,300029.729413,3333.6636601444443,0.03713,293791.572971,30960.969419202578,91.74991695,70.09164368539327,20.629600467852473,0.2966372706458398,39,64,,False,False,Request timeout: 300.0s exceeded,440,21.16838264042747
377,2026-09-14T02:27:35.970+00:00,2026-09-14T02:32:29.897+00:00,2026-09-14T02:32:36.012+00:00,False,90,89.0,,89.0,293927.261817,300042.708601,300042.708651,3333.8078739,0.01893,293927.261817,30975.417791785872,89.76430855000001,68.71288521348313,20.903396214775302,0.29662443861734744,39,64,,False,False,Request timeout: 300.0s exceeded,341,21.16838264042747
378,2026-09-14T02:27:38.818+00:00,2026-09-14T02:32:32.801+00:00,2026-09-14T02:32:38.836+00:00,False,89,88.0,,88.0,293983.23724299995,300017.521531,300017.52164099994,3370.9833892247184,0.046009999999999995,293983.23724299995,31154.898438991215,89.5019918,68.57141236363636,19.721075897694853,0.29331620217023624,39,64,,False,False,Request timeout: 300.0s exceeded,362,21.16838264042747
379,2026-09-14T02:27:42.887+00:00,2026-09-14T02:32:36.560+00:00,2026-09-14T02:32:42.912+00:00,False,96,95.0,,95.0,293673.64927399997,300025.404282,300025.40404199995,3125.2646254374995,0.026879999999999998,293673.64927399997,29966.12389030013,88.72884275,66.86057903157895,19.84459252887433,0.3166398533062473,39,64,,False,False,Request timeout: 300.0s exceeded,238,21.16838264042747
380,2026-09-14T02:27:46.621+00:00,2026-09-14T02:32:40.430+00:00,2026-09-14T02:32:46.690+00:00,False,96,95.0,,95.0,293809.810375,300069.052359,300069.052487,3125.7192967395836,0.03077,293809.810375,29980.12071701891,89.75186599999999,65.88675772631579,20.675719620156112,0.31659379483873873,39,64,,False,False,Request timeout: 300.0s exceeded,461,21.16838264042747
381,2026-09-14T02:27:49.934+00:00,2026-09-14T02:32:43.971+00:00,2026-09-14T02:32:49.948+00:00,False,86,85.0,,85.0,294037.18757099996,300014.20107499993,300014.20099899994,3488.5372209186044,0.01866,294037.18757099996,31699.268880924243,88.752303,70.31780592941178,19.756443774243262,0.28331992184180316,39,64,,False,False,Request timeout: 300.0s exceeded,414,21.16838264042747
382,2026-09-14T02:27:54.682+00:00,2026-09-14T02:32:48.222+00:00,2026-09-14T02:32:54.757+00:00,False,96,95.0,,95.0,293540.227937,300075.590753,300075.590847,3125.7874046562497,0.032990000000000005,293540.227937,29952.308856878066,87.4962075,68.7932928,19.03310056347273,0.31658689652700533,39,64,,False,False,Request timeout: 300.0s exceeded,458,21.16838264042747
383,2026-09-14T02:27:58.095+00:00,2026-09-14T02:32:51.317+00:00,2026-09-14T02:32:58.115+00:00,False,100,99.0,,99.0,293222.913914,300020.15193,300020.151912,3000.20151912,0.03178,293222.913914,29315.431445816652,87.23881745,68.65896985858586,18.774855626910192,0.32997783436593436,39,64,,False,False,Request timeout: 300.0s exceeded,413,21.16838264042747
384,2026-09-14T02:28:02.073+00:00,2026-09-14T02:32:55.709+00:00,2026-09-14T02:33:02.115+00:00,False,96,95.0,,95.0,293635.89652,300041.654472,300041.654294,3125.4338988958334,0.018170000000000002,293635.89652,29962.21251055697,87.02993425000001,67.42903107368421,19.476783244685596,0.31662270416144983,39,64,,False,False,Request timeout: 300.0s exceeded,582,21.16838264042747
385,2026-09-14T02:28:06.634+00:00,2026-09-14T02:33:00.212+00:00,2026-09-14T02:33:06.688+00:00,False,96,95.0,,95.0,293578.44312999997,300054.23679399997,300054.23700599995,3125.5649688124995,0.03186,293578.44312999997,29956.274249372305,90.208615,68.16624909473684,20.671316985994423,0.3166094270657526,39,64,,False,False,Request timeout: 300.0s exceeded,212,21.16838264042747
386,2026-09-14T02:28:10.126+00:00,2026-09-14T02:33:03.579+00:00,2026-09-14T02:33:10.202+00:00,False,101,100.0,,100.0,293452.79907099996,300076.038495,300076.03853599995,2971.049886495049,0.03337,293452.79907099996,29193.06212691439,91.682536,66.23239424,21.21541096677295,0.3332488675255097,39,64,,False,False,Request timeout: 300.0s exceeded,417,21.16838264042747
387,2026-09-14T02:28:14.662+00:00,2026-09-14T02:33:07.595+00:00,2026-09-14T02:33:14.842+00:00,False,121,120.0,,120.0,292932.975767,300179.513239,300179.513216,2480.822423272727,0.0,292932.975767,26624.85216519248,91.297917,60.387812266666664,61.93730014840443,0.3997607921512524,39,64,,False,False,Request timeout: 300.0s exceeded,490,21.16838264042747
388,2026-09-14T02:28:16.039+00:00,2026-09-14T02:33:09.710+00:00,2026-09-14T02:33:16.071+00:00,False,110,109.0,,109.0,293670.892182,300032.22466199996,300032.224519,2727.565677445454,0.0,293670.892182,27994.93098280307,92.966528,58.36084844036698,64.90377590132289,0.3632943098788588,39,64,,False,False,Request timeout: 300.0s exceeded,462,21.16838264042747
389,2026-09-14T02:28:19.704+00:00,2026-09-14T02:33:14.841+00:00,2026-09-14T02:33:19.729+00:00,False,78,77.0,,77.0,295137.383071,300025.637535,300025.637667,3846.4825341923074,0.02637,295137.383071,33410.548088162395,90.77761410000001,63.48382420779221,23.473803291561648,0.25664473420548084,39,64,,False,False,Request timeout: 300.0s exceeded,154,21.16838264042747
390,2026-09-14T02:28:23.929+00:00,2026-09-14T02:33:17.415+00:00,2026-09-14T02:33:23.957+00:00,False,93,92.0,,92.0,293486.10553899995,300028.61382699996,300028.6139439999,3226.114128430107,0.02146,293486.10553899995,30425.723652979737,89.5913676,71.11422052173913,19.846345043688427,0.30663741976639697,39,64,,False,False,Request timeout: 300.0s exceeded,447,21.16838264042747
391,2026-09-14T02:28:27.133+00:00,2026-09-14T02:33:21.337+00:00,2026-09-14T02:33:27.206+00:00,False,85,84.0,,84.0,294203.91642799997,300072.58868399996,300072.588635,3530.2657486470584,0.03797,294203.91642799997,31903.323211817406,89.41968920000001,69.86514590476192,19.69924142873367,0.2799322669504431,39,64,,False,False,Request timeout: 300.0s exceeded,249,21.16838264042747
392,2026-09-14T02:28:31.807+00:00,2026-09-14T02:33:25.680+00:00,2026-09-14T02:33:31.841+00:00,False,94,93.0,,93.0,293873.1533,300033.89314,300033.8933,3191.8499287234044,0.02209,293873.1533,30303.875454249657,86.80008115000001,66.24451440860214,20.188553435645286,0.30996498104500786,39,64,,False,False,Request timeout: 300.0s exceeded,457,21.16838264042747
393,2026-09-14T02:28:36.092+00:00,2026-09-14T02:33:29.984+00:00,2026-09-14T02:33:36.137+00:00,False,95,94.0,,94.0,293892.22612400004,300044.76705200004,300044.767072,3158.3659691789476,0.03442,293892.22612400004,30145.997379682074,88.57365539999999,65.45256306382979,19.881206561076393,0.31328658361073525,39,64,,False,False,Request timeout: 300.0s exceeded,323,21.16838264042747
394,2026-09-14T02:28:40.074+00:00,2026-09-14T02:33:33.920+00:00,2026-09-14T02:33:40.082+00:00,False,96,95.0,,95.0,293846.03477499995,300007.69954299997,300007.69951199996,3125.0802032499996,0.03597,293846.03477499995,29983.922237550592,88.23796325,64.8596291368421,20.009911708483976,0.3166585395798607,39,64,,False,False,Request timeout: 300.0s exceeded,331,21.16838264042747
395,2026-09-14T02:28:43.461+00:00,2026-09-14T02:33:37.181+00:00,2026-09-14T02:33:43.516+00:00,False,100,99.0,,99.0,293720.176103,300055.182567,300055.182504,3000.55182504,0.021989,293720.176103,29365.62662562816,90.86863925,63.98996428282829,21.80227237092394,0.32993931033967083,39,64,,False,False,Request timeout: 300.0s exceeded,501,21.16838264042747
396,2026-09-14T02:28:47.162+00:00,2026-09-14T02:33:40.587+00:00,2026-09-14T02:33:47.200+00:00,False,98,97.0,,97.0,293425.14975800004,300037.953342,300037.953274,3061.6117681020414,0.046130000000000004,293425.14975800004,29633.536727570256,88.45899985,68.17323282474227,20.61637631402769,0.3232924332390508,39,64,,False,False,Request timeout: 300.0s exceeded,495,21.16838264042747
397,2026-09-14T02:28:51.408+00:00,2026-09-14T02:33:45.253+00:00,2026-09-14T02:33:51.496+00:00,False,97,96.0,,96.0,293845.852754,300088.717394,300088.71735,3093.698117010309,0.02502,293845.852754,29828.929829481345,87.6077194,65.02984,20.001238577071902,0.31990539608977464,39,64,,False,False,Request timeout: 300.0s exceeded,442,21.16838264042747
398,2026-09-14T02:28:55.193+00:00,2026-09-14T02:33:49.043+00:00,2026-09-14T02:33:55.236+00:00,False,97,96.0,,96.0,293850.029217,300043.322529,300043.322608,3093.2301299793817,0.03663,293850.029217,29829.40633951511,87.23881979999999,64.513472,20.039591152869768,0.31995379597465073,39,64,,False,False,Request timeout: 300.0s exceeded,438,21.16838264042747
399,2026-09-14T02:28:58.768+00:00,2026-09-14T02:33:52.194+00:00,2026-09-14T02:33:58.853+00:00,False,100,99.0,,99.0,293426.545904,300084.936176,300084.936144,3000.84936144,0.02218,293426.545904,29335.93549355828,88.85409094999999,67.25646739393939,19.703141586861772,0.329906596650811,39,64,,False,False,Request timeout: 300.0s exceeded,439,21.16838264042747
400,2026-09-14T02:29:02.723+00:00,2026-09-14T02:33:56.057+00:00,2026-09-14T02:34:02.794+00:00,False,101,100.0,,100.0,293333.755273,300071.149193,300071.149226,2971.0014774851484,0.03841,293333.755273,29181.102358248416,88.041955,67.37393920000001,19.950613833238172,0.3332542974189162,39,64,,False,False,Request timeout: 300.0s exceeded,458,21.16838264042747
401,2026-09-14T02:29:06.125+00:00,2026-09-14T02:33:59.445+00:00,2026-09-14T02:34:06.170+00:00,False,104,103.0,,103.0,293319.701146,300044.728474,300044.728445,2885.0454658173076,0.0,293319.701146,28756.03377257828,86.9700588,65.29152745631069,65.13813137021963,0.34328215171067517,39,64,,False,False,Request timeout: 300.0s exceeded,531,21.16838264042747
402,2026-09-14T02:29:09.125+00:00,2026-09-14T02:34:02.793+00:00,2026-09-14T02:34:09.139+00:00,False,98,97.0,,97.0,293668.15780299995,300014.152043,300014.15213199996,3061.368899306122,0.0,293668.15780299995,29658.43044909699,88.21313070000001,65.42262103092784,67.24458268396344,0.3233180812953695,39,64,,False,False,Request timeout: 300.0s exceeded,443,21.16838264042747
403,2026-09-14T02:29:13.019+00:00,2026-09-14T02:34:07.007+00:00,2026-09-14T02:34:13.037+00:00,False,82,81.0,,81.0,293987.76238200004,300017.569742,300017.56963800004,3658.750849243903,0.03561,293987.76238200004,32457.302089157612,90.56552900000001,74.4420661728395,19.17274600181927,0.2699841881582332,39,64,,False,False,Request timeout: 300.0s exceeded,373,21.16838264042747
404,2026-09-14T02:29:15.650+00:00,2026-09-14T02:34:09.226+00:00,2026-09-14T02:34:15.743+00:00,False,91,90.0,,90.0,293575.744643,300093.150083,300093.150021,3297.7269233076922,0.03132,293575.744643,30767.51532922841,90.90565750000002,72.415616,19.947635799760782,0.2999068788311487,39,64,,False,False,Request timeout: 300.0s exceeded,326,21.16838264042747
405,2026-09-14T02:29:18.238+00:00,2026-09-14T02:34:11.972+00:00,2026-09-14T02:34:18.314+00:00,False,92,91.0,,91.0,293733.712962,300076.201282,300076.201328,3261.697840521739,0.018690000000000002,293733.712962,30616.596577588945,89.11772505,69.69767384615385,20.12081921001367,0.30325630493596434,39,64,,False,False,Request timeout: 300.0s exceeded,390,21.16838264042747
406,2026-09-14T02:29:21.888+00:00,2026-09-14T02:34:15.528+00:00,2026-09-14T02:34:21.963+00:00,False,95,94.0,,94.0,293639.854073,300075.003641,300075.00380500004,3158.6842505789477,0.03567,293639.854073,30119.796016561664,87.9971547,68.45903795744681,19.751066330785218,0.31325501577751724,39,64,,False,False,Request timeout: 300.0s exceeded,492,21.16838264042747
407,2026-09-14T02:29:25.655+00:00,2026-09-14T02:34:19.295+00:00,2026-09-14T02:34:25.678+00:00,False,93,92.0,,92.0,293640.307176,300022.907624,300022.907678,3226.0527707311826,0.040310000000000006,293640.307176,30441.893873558573,87.8039384,69.37609182608695,19.882729781693406,0.3066432517722876,39,64,,False,False,Request timeout: 300.0s exceeded,393,21.16838264042747
408,2026-09-14T02:29:30.195+00:00,2026-09-14T02:34:23.724+00:00,2026-09-14T02:34:30.226+00:00,False,96,95.0,,95.0,293529.246874,300031.382938,300031.382883,3125.32690503125,0.04082,293529.246874,29951.2247116201,88.9490825,68.44353751578947,20.42569648973834,0.31663354369709806,39,64,,False,False,Request timeout: 300.0s exceeded,499,21.16838264042747
409,2026-09-14T02:29:33.874+00:00,2026-09-14T02:34:27.362+00:00,2026-09-14T02:34:33.963+00:00,False,99,98.0,,98.0,293488.022864,300088.797264,300088.797097,3031.199970676768,0.03127,293488.022864,29489.89365315977,88.96860699999999,67.35484081632653,20.333878275844874,0.3265700049235278,39,64,,False,False,Request timeout: 300.0s exceeded,371,21.16838264042747
410,2026-09-14T02:29:37.507+00:00,2026-09-14T02:34:31.122+00:00,2026-09-14T02:34:37.522+00:00,False,95,94.0,,94.0,293615.227729,300014.376017,300014.37595699995,3158.046062705263,0.02376,293615.227729,30117.308990346333,88.36922200000001,68.07604561702128,20.19069984203271,0.31331831910172725,39,64,,False,False,Request timeout: 300.0s exceeded,393,21.16838264042747
411,2026-09-14T02:29:40.888+00:00,2026-09-14T02:34:34.869+00:00,2026-09-14T02:34:40.907+00:00,False,86,85.0,,85.0,293980.95416100003,300018.72568100004,300018.72561100003,3488.589832686047,0.02283,293980.95416100003,31693.12792795978,89.48467125,71.03260611764705,19.641331371682178,0.2833156490717772,39,64,,False,False,Request timeout: 300.0s exceeded,346,21.16838264042747
412,2026-09-14T02:29:45.597+00:00,2026-09-14T02:34:39.762+00:00,2026-09-14T02:34:45.609+00:00,False,86,85.0,,85.0,294164.446159,300011.364047,300011.363851,3488.504230825581,0.03773,294164.446159,31713.15648218414,87.95347950000001,68.78726927058824,19.618354259815824,0.2833226010288191,39,64,,False,False,Request timeout: 300.0s exceeded,287,21.16838264042747
413,2026-09-14T02:29:48.280+00:00,2026-09-14T02:34:42.348+00:00,2026-09-14T02:34:48.321+00:00,False,92,91.0,,91.0,294067.769445,300040.632933,300040.632742,3261.3112254565217,0.02142,294067.769445,30651.847178990305,85.85807260000001,65.6358625054945,19.076547394115117,0.3032922544871467,39,64,,False,False,Request timeout: 300.0s exceeded,438,21.16838264042747
414,2026-09-14T02:29:51.673+00:00,2026-09-14T02:34:45.359+00:00,2026-09-14T02:34:51.723+00:00,False,99,98.0,,98.0,293685.980894,300049.751262,300049.75125599996,3030.805568242424,0.01946,293685.980894,29510.031645392453,86.5316372,64.9364323265306,19.445532306177814,0.32661250205279296,39,64,,False,False,Request timeout: 300.0s exceeded,519,21.16838264042747
415,2026-09-14T02:29:56.099+00:00,2026-09-14T02:34:49.675+00:00,2026-09-14T02:34:56.119+00:00,False,97,96.0,,96.0,293576.348619,300019.996619,300019.996792,3092.9896576494843,0.02089,293576.348619,29801.35323934165,87.0638738,67.12133333333333,19.639508004593715,0.31997867169471333,39,64,,True,False,Request timeout: 300.0s exceeded,398,21.16838264042747
416,2026-09-14T02:29:59.670+00:00,2026-09-14T02:34:53.270+00:00,2026-09-14T02:34:59.703+00:00,False,95,94.0,,94.0,293599.59668300004,300032.64679500007,300032.646759,3158.2383869368427,0.02441,293599.59668300004,30115.66814947581,87.750493,68.43670331914895,19.9982842985308,0.31329923927987186,39,64,,True,False,Request timeout: 300.0s exceeded,270,21.16838264042747
417,2026-09-14T02:30:03.090+00:00,2026-09-14T02:34:56.636+00:00,2026-09-14T02:35:03.131+00:00,False,100,99.0,,99.0,293545.381981,300040.420957,300040.421007,3000.4042100700003,0.030359999999999998,293545.381981,29347.984371918326,87.29070745000001,65.6064543030303,20.108430157203465,0.32995554293729007,39,64,,True,False,Request timeout: 300.0s exceeded,447,21.16838264042747
418,2026-09-14T02:30:07.042+00:00,2026-09-14T02:35:00.872+00:00,2026-09-14T02:35:07.069+00:00,False,91,90.0,,90.0,293829.57152600004,300026.489286,300026.48939100007,3296.994388912088,0.020030000000000003,293829.57152600004,30794.496760000337,87.4815455,68.85464177777777,19.724349437023402,0.2999735130527344,39,64,,True,False,Request timeout: 300.0s exceeded,385,21.16838264042747
419,2026-09-14T02:30:11.509+00:00,2026-09-14T02:35:05.237+00:00,2026-09-14T02:35:11.550+00:00,False,95,94.0,,94.0,293728.027695,300040.302383,300040.302326,3158.3189718526314,0.03456,293728.027695,30128.977016798715,89.03582339999998,67.15185838297872,20.45608194102065,0.3132912453874595,39,64,,True,False,Request timeout: 300.0s exceeded,490,21.16838264042747
420,2026-09-14T02:30:15.505+00:00,2026-09-14T02:35:09.054+00:00,2026-09-14T02:35:15.529+00:00,False,98,97.0,,97.0,293548.812797,300024.097533,300024.09761399997,3061.4703838163264,0.02163,293548.812797,29646.171999122966,90.491972,66.75551274226804,20.919307719602582,0.32330736363378565,39,64,,True,False,Request timeout: 300.0s exceeded,417,21.16838264042747
421,2026-09-14T02:30:20.123+00:00,2026-09-14T02:35:13.757+00:00,2026-09-14T02:35:20.143+00:00,False,94,93.0,,93.0,293634.10119099997,300019.32538299996,300019.325348,3191.694950510638,0.023849,293634.10119099997,30278.9702620018,90.04921635,68.65832464516129,20.354609194485754,0.309980031723882,39,64,,True,False,Request timeout: 300.0s exceeded,154,21.16838264042747
422,2026-09-14T02:30:23.137+00:00,2026-09-14T02:35:16.642+00:00,2026-09-14T02:35:23.179+00:00,False,93,92.0,,92.0,293504.794428,300041.164604,300041.164567,3226.2490813655913,0.04126,293504.794428,30427.667977314344,88.53350699999999,71.04750191304349,18.988735747585856,0.3066245930668325,39,64,,True,False,Request timeout: 300.0s exceeded,446,21.16838264042747
423,2026-09-14T02:30:26.919+00:00,2026-09-14T02:35:20.855+00:00,2026-09-14T02:35:26.975+00:00,False,87,86.0,,86.0,293935.967172,300055.864004,300055.864021,3448.9179772528732,0.02493,293935.967172,31505.62118648434,87.8907946,71.16159106976744,21.163329311972614,0.28661329544572256,39,64,,True,False,Request timeout: 300.0s exceeded,406,21.16838264042747
424,2026-09-14T02:30:30.337+00:00,2026-09-14T02:35:24.323+00:00,2026-09-14T02:35:30.364+00:00,False,88,87.0,,87.0,293986.22685900005,300026.730923,300026.73083500005,3409.394668579546,0.0351,293986.22685900005,31331.643016102684,88.1552447,69.4310811954023,21.52898499366816,0.2899741624099754,39,64,,True,False,Request timeout: 300.0s exceeded,255,21.16838264042747
425,2026-09-14T02:30:33.592+00:00,2026-09-14T02:35:27.268+00:00,2026-09-14T02:35:33.633+00:00,False,96,95.0,,95.0,293675.574659,300040.41869099997,300040.41876,3125.4210287499996,0.02246,293675.574659,29966.306324324552,88.2528965,66.99835823157895,19.825718010135084,0.31662400824015924,39,64,,True,False,Request timeout: 300.0s exceeded,481,21.16838264042747
426,2026-09-14T02:30:37.708+00:00,2026-09-14T02:35:31.315+00:00,2026-09-14T02:35:37.756+00:00,False,95,94.0,,94.0,293606.829719,300048.26024699997,300048.26026899996,3158.4027396736838,0.037149999999999996,293606.829719,30116.400915395956,87.72550939999999,68.52585668085106,19.721220162057005,0.31328293629371196,39,64,,True,False,Request timeout: 300.0s exceeded,418,21.16838264042747
427,2026-09-14T02:30:42.266+00:00,2026-09-14T02:35:35.880+00:00,2026-09-14T02:35:42.279+00:00,False,96,95.0,,95.0,293613.933738,300013.003946,300013.003817,3125.135456427083,0.02018,293613.933738,29959.97884671919,88.3411415,67.35863376842106,20.562562157222242,0.31665294087418705,39,64,,True,False,Request timeout: 300.0s exceeded,432,21.16838264042747
428,2026-09-14T02:30:45.741+00:00,2026-09-14T02:35:39.340+00:00,2026-09-14T02:35:45.790+00:00,False,96,95.0,,95.0,293598.881104,300049.522512,300049.522463,3125.515858989583,0.03678,293598.881104,29958.38750404354,90.20807725,67.90148850526316,21.09306777318582,0.31661440153166925,39,64,,True,False,Request timeout: 300.0s exceeded,310,21.16838264042747
429,2026-09-14T02:30:50.325+00:00,2026-09-14T02:35:44.002+00:00,2026-09-14T02:35:50.352+00:00,False,94,93.0,,93.0,293677.220343,300027.09451900003,300027.09440600005,3191.77760006383,0.019719999999999998,293677.220343,30283.45717997369,90.16398565000001,68.27821694623657,20.819792262363787,0.30997200485874954,39,64,,True,False,Request timeout: 300.0s exceeded,478,21.16838264042747
430,2026-09-14T02:30:54.551+00:00,2026-09-14T02:35:48.244+00:00,2026-09-14T02:35:54.577+00:00,False,92,91.0,,91.0,293692.595186,300026.120434,300026.120494,3261.1534836304345,0.06406,293692.595186,30612.319414590937,87.00287544999999,69.59917854945054,19.162290821190147,0.3033069249716151,39,64,,True,False,Request timeout: 300.0s exceeded,420,21.16838264042747
431,2026-09-14T02:30:58.129+00:00,2026-09-14T02:35:51.648+00:00,2026-09-14T02:35:58.177+00:00,False,96,95.0,,95.0,293519.475235,300048.489251,300048.489421,3125.505098135417,0.02194,293519.475235,29950.19734247544,85.115461,68.7264633263158,18.595963520443394,0.316615491839819,39,64,,True,False,Request timeout: 300.0s exceeded,396,21.16838264042747
432,2026-09-14T02:31:01.914+00:00,2026-09-14T02:35:55.524+00:00,2026-09-14T02:36:01.984+00:00,False,95,94.0,,94.0,293609.108861,300069.851773,300069.851732,3158.630018231579,0.03791,293609.108861,30116.61396472871,88.2926227,68.73130757446809,20.16854961007226,0.3132603940202234,39,64,,True,False,Request timeout: 300.0s exceeded,401,21.16838264042747
433,2026-09-14T02:31:05.793+00:00,2026-09-14T02:35:59.788+00:00,2026-09-14T02:36:05.864+00:00,False,88,87.0,,87.0,293995.048642,300071.444162,300071.44396400003,3409.902772318182,0.04095,293995.048642,31332.538842558435,89.6532545,69.84362666666667,20.62484938835381,0.2899309537532374,39,64,,True,False,Request timeout: 300.0s exceeded,355,21.16838264042747
434,2026-09-14T02:31:10.176+00:00,2026-09-14T02:36:04.048+00:00,2026-09-14T02:36:10.191+00:00,False,88,87.0,,87.0,293871.35858999996,300014.60031799995,300014.60020899994,3409.2568205568177,0.03564,293871.35858999996,31319.270894681304,89.78720005,70.61197388505747,19.615955536850112,0.28998588704611206,39,64,,True,False,Request timeout: 300.0s exceeded,433,21.16838264042747
435,2026-09-14T02:31:14.103+00:00,2026-09-14T02:36:07.872+00:00,2026-09-14T02:36:14.122+00:00,False,92,91.0,,91.0,293768.602901,300018.858005,300018.857853,3261.074541880435,0.01975,293768.602901,30620.33924304004,87.26039005000001,68.68412202197803,19.285411194382004,0.30331426699345493,39,64,,True,False,Request timeout: 300.0s exceeded,350,21.16838264042747
436,2026-09-14T02:31:18.594+00:00,2026-09-14T02:36:12.197+00:00,2026-09-14T02:36:18.635+00:00,False,93,92.0,,92.0,293603.293135,300040.747471,300040.747363,3226.244595301075,0.019579999999999997,293603.293135,30437.99302904764,87.32579379999999,69.97232973913044,18.534986681529904,0.3066250193530534,39,64,,True,False,Request timeout: 300.0s exceeded,417,21.16838264042747
437,2026-09-14T02:31:22.866+00:00,2026-09-14T02:36:16.561+00:00,2026-09-14T02:36:22.930+00:00,False,96,95.0,,95.0,293695.521285,300064.660997,300064.66098600003,3125.6735519375,0.03861,293695.521285,29968.337547545834,88.0660195,67.04357591578948,19.893727440396408,0.3165984280999681,39,64,,True,False,Request timeout: 300.0s exceeded,456,21.16838264042747
438,2026-09-14T02:31:26.626+00:00,2026-09-14T02:36:20.464+00:00,2026-09-14T02:36:26.703+00:00,False,94,93.0,,93.0,293838.02795899997,300077.233847,300077.233844,3192.310998340425,0.02299,293838.02795899997,30300.165861763355,89.1328318,67.0882353548387,20.6860821731008,0.30992021223248745,39,64,,True,False,Request timeout: 300.0s exceeded,304,21.16838264042747
439,2026-09-14T02:31:31.044+00:00,2026-09-14T02:36:24.760+00:00,2026-09-14T02:36:31.074+00:00,False,89,88.0,,88.0,293716.11087000003,300030.39490200003,300030.39504000003,3371.128034157304,0.023350000000000003,293716.11087000003,31126.24548053032,89.56878160000001,71.75322763636365,19.148476480666282,0.29330361688436185,39,64,,True,False,Request timeout: 300.0s exceeded,435,21.16838264042747
440,2026-09-14T02:31:34.721+00:00,2026-09-14T02:36:28.698+00:00,2026-09-14T02:36:34.763+00:00,False,87,86.0,,86.0,293977.20440399996,300042.08453199995,300042.08462999994,3448.7595934482756,0.02,293977.20440399996,31510.10950288579,87.54328130000002,70.52186195348837,18.99782037659311,0.2866264581988264,39,64,,True,False,Request timeout: 300.0s exceeded,433,21.16838264042747
441,2026-09-14T02:31:39.152+00:00,2026-09-14T02:36:32.930+00:00,2026-09-14T02:36:39.194+00:00,False,93,92.0,,92.0,293778.788589,300042.065389,300042.065356,3226.2587672688173,0.03616,293778.788589,30456.389243918908,88.5734556,68.0790956521739,21.414885369155922,0.30662367251979616,39,64,,True,False,Request timeout: 300.0s exceeded,443,21.16838264042747
442,2026-09-14T02:31:42.699+00:00,2026-09-14T02:36:36.357+00:00,2026-09-14T02:36:42.749+00:00,False,96,95.0,,95.0,293658.081969,300050.31160099996,300050.311683,3125.52408003125,0.02077,293658.081969,29964.49223688248,89.61961624999999,67.28662770526316,20.829468537980016,0.31661356888150416,39,64,,True,False,Request timeout: 300.0s exceeded,461,21.16838264042747
443,2026-09-14T02:31:46.278+00:00,2026-09-14T02:36:39.845+00:00,2026-09-14T02:36:46.290+00:00,False,92,91.0,,91.0,293567.247753,300012.185481,300012.185397,3261.0020151847825,0.01878,293567.247753,30599.124413351376,91.9375605,70.82349151648351,20.733097409240457,0.3033210129585323,39,64,,True,False,Request timeout: 300.0s exceeded,353,21.16838264042747
444,2026-09-14T02:31:50.043+00:00,2026-09-14T02:36:43.702+00:00,2026-09-14T02:36:50.074+00:00,False,94,93.0,,93.0,293658.824994,300030.39005000005,300030.39011100004,3191.8126607553195,0.01966,293658.824994,30281.535818309945,90.72468525000001,68.51145221505377,20.86357811376383,0.30996860012914546,39,64,,True,False,Request timeout: 300.0s exceeded,489,21.16838264042747
445,2026-09-14T02:31:53.070+00:00,2026-09-14T02:36:47.174+00:00,2026-09-14T02:36:53.114+00:00,False,88,87.0,,87.0,294103.640028,300043.890908,300043.890915,3409.5896694886364,0.023960000000000002,294103.640028,31344.281115651418,87.9792992,68.27874574712644,19.966072478599067,0.2899575783286856,39,64,,True,False,Request timeout: 300.0s exceeded,273,21.16838264042747
446,2026-09-14T02:31:55.717+00:00,2026-09-14T02:36:49.727+00:00,2026-09-14T02:36:55.735+00:00,False,86,85.0,,85.0,294010.276539,300018.35436299996,300018.354253,3488.5855145697674,0.035319,294010.276539,31696.32738480871,87.7724665,70.68326851764706,19.43453691939366,0.2833159997176583,39,64,,True,False,Request timeout: 300.0s exceeded,329,21.16838264042747
447,2026-09-14T02:31:58.725+00:00,2026-09-14T02:36:52.155+00:00,2026-09-14T02:36:58.762+00:00,False,92,91.0,,91.0,293429.85486699996,300036.80449899996,300036.80439699994,3261.2696130108693,0.02547,293429.85486699996,30584.61354223952,88.83673944999998,72.60384210989011,19.084262613745345,0.303296124460302,39,64,,True,False,Request timeout: 300.0s exceeded,421,21.16838264042747
448,2026-09-14T02:32:02.342+00:00,2026-09-14T02:36:56.048+00:00,2026-09-14T02:37:02.362+00:00,False,89,88.0,,88.0,293706.475778,300019.86713800003,300019.86717700004,3371.009743561798,1.235627,293706.475778,31125.225581042174,89.6510164,71.74308363636364,19.703799348758764,0.2933139089736436,39,64,,True,False,Request timeout: 300.0s exceeded,456,21.16838264042747
449,2026-09-14T02:32:05.667+00:00,2026-09-14T02:36:58.762+00:00,2026-09-14T02:37:05.725+00:00,False,108,107.0,,107.0,293095.021052,300058.281724,300058.2818,2778.317424074074,0.023739999999999997,293095.021052,28196.826716239782,89.21526420000001,65.07720254205607,20.276917502153676,0.3565973896311947,39,64,,True,False,Request timeout: 300.0s exceeded,405,21.16838264042747
450,2026-09-14T02:32:09.408+00:00,2026-09-14T02:37:03.153+00:00,2026-09-14T02:37:09.439+00:00,False,105,104.0,,104.0,293745.72219199996,300031.179088,300031.17931999994,2857.4398030476186,0.0,293745.72219199996,28660.763252708788,92.65440319999999,60.43708553846154,28.60456065261436,0.346630641242444,39,64,,True,False,Request timeout: 300.0s exceeded,488,21.16838264042747
451,2026-09-14T02:32:13.676+00:00,2026-09-14T02:37:07.591+00:00,2026-09-14T02:37:13.691+00:00,False,91,90.0,,90.0,293914.946169,300014.910329,300014.910287,3296.867146010989,0.027989999999999998,293914.946169,30803.55982822778,89.49359650000001,67.77737955555556,20.41924976553515,0.2999850904120229,39,64,,True,False,Request timeout: 300.0s exceeded,435,21.16838264042747
452,2026-09-14T02:32:18.048+00:00,2026-09-14T02:37:11.669+00:00,2026-09-14T02:37:18.068+00:00,False,100,99.0,,99.0,293621.07043300004,300020.00265700003,300020.002541,3000.2000254100003,0.020550000000000002,293621.07043300004,29355.650607459018,89.0854989,64.63567903030304,20.56692893885234,0.3299779985442586,39,64,,True,False,Request timeout: 300.0s exceeded,489,21.16838264042747
453,2026-09-14T02:32:21.462+00:00,2026-09-14T02:37:15.154+00:00,2026-09-14T02:37:21.505+00:00,False,99,98.0,,98.0,293692.233106,300043.08853,300043.088647,3030.7382691616162,0.01878,293692.233106,29510.674325237924,89.34256679999999,64.80464718367347,21.01403718291391,0.32661975478299143,39,64,,True,False,Request timeout: 300.0s exceeded,464,21.16838264042747
454,2026-09-14T02:32:25.695+00:00,2026-09-14T02:37:19.400+00:00,2026-09-14T02:37:25.701+00:00,False,94,93.0,,93.0,293705.265633,300006.045665,300006.045589,3191.5536764787234,0.022940000000000002,293705.265633,30286.40366335657,87.606283,67.75032292473118,19.89518789841568,0.3099937529387255,39,64,,True,False,Request timeout: 300.0s exceeded,446,21.16838264042747
455,2026-09-14T02:32:29.499+00:00,2026-09-14T02:37:22.819+00:00,2026-09-14T02:37:29.551+00:00,False,99,98.0,,98.0,293320.34373900003,300052.07724300004,300052.07729600003,3030.8290635959597,0.03792,293320.34373900003,29472.906794695224,89.28241090000002,68.69115820408165,20.08171257614449,0.32660997017738946,39,64,,True,False,Request timeout: 300.0s exceeded,450,21.16838264042747
456,2026-09-14T02:32:33.704+00:00,2026-09-14T02:37:27.557+00:00,2026-09-14T02:37:33.787+00:00,False,90,89.0,,89.0,293852.735028,300082.12818,300082.128266,3334.2458696222225,0.03578,293852.735028,30967.42591321551,87.79512340000001,69.99318148314607,19.16514842990311,0.2965854732495586,39,64,,True,False,Request timeout: 300.0s exceeded,443,21.16838264042747
457,2026-09-14T02:32:38.382+00:00,2026-09-14T02:37:31.830+00:00,2026-09-14T02:37:38.399+00:00,False,98,97.0,,97.0,293448.168982,300017.24879,300017.248837,3061.4004983367345,0.04286,293448.168982,29635.90642967959,87.55931199999999,67.72247224742269,18.91400004397577,0.3233147440395872,39,64,,True,False,Request timeout: 300.0s exceeded,231,21.16838264042747
458,2026-09-14T02:32:41.564+00:00,2026-09-14T02:37:35.372+00:00,2026-09-14T02:37:41.573+00:00,False,94,93.0,,93.0,293808.020345,300009.777017,300009.776941,3191.5933717127664,0.03605,293808.020345,30297.11218507189,88.29695785,66.68555561290323,20.445351278072742,0.3099898974116772,39,64,,True,False,Request timeout: 300.0s exceeded,418,21.16838264042747
459,2026-09-14T02:32:45.439+00:00,2026-09-14T02:37:39.489+00:00,2026-09-14T02:37:45.531+00:00,False,86,85.0,,85.0,294049.901549,300092.061421,300092.061425,3489.4425747093023,0.0233,294049.901549,31700.556646775465,87.61821750000001,71.0842337882353,18.80603812069116,0.28324641310905346,39,64,,True,False,Request timeout: 300.0s exceeded,272,21.16838264042747
460,2026-09-14T02:32:49.670+00:00,2026-09-14T02:37:43.353+00:00,2026-09-14T02:37:49.711+00:00,False,94,93.0,,93.0,293683.312819,300041.739443,300041.73940799996,3191.9333979574467,0.03676,293683.312819,30284.074933516447,87.78688050000001,68.37017875268818,19.05071027183564,0.3099568752422446,39,64,,True,False,Request timeout: 300.0s exceeded,290,21.16838264042747
461,2026-09-14T02:32:53.795+00:00,2026-09-14T02:37:47.210+00:00,2026-09-14T02:37:53.826+00:00,False,100,99.0,,99.0,293415.355472,300031.22900800005,300031.22889800003,3000.31228898,0.022760000000000002,293415.355472,29334.85953984395,89.44857295,66.82700541414141,19.9170107696941,0.3299656516667479,39,64,,True,False,Request timeout: 300.0s exceeded,288,21.16838264042747
462,2026-09-14T02:32:58.415+00:00,2026-09-14T02:37:51.967+00:00,2026-09-14T02:37:58.447+00:00,False,93,92.0,,92.0,293552.077431,300031.97400700004,300031.974183,3226.1502600322583,0.02218,293552.077431,30432.63542849239,90.3512544,70.43365843478261,20.214255235074056,0.3066339856093256,39,64,,True,False,Request timeout: 300.0s exceeded,424,21.16838264042747
463,2026-09-14T02:33:01.276+00:00,2026-09-14T02:37:55.066+00:00,2026-09-14T02:38:01.340+00:00,False,89,88.0,,88.0,293790.543315,300064.33633900003,300064.33632400003,3371.5093968988767,0.03425,293790.543315,31134.184611904573,89.7952364,71.29310254545454,20.010782031035877,0.2932704401784733,39,64,,True,False,Request timeout: 300.0s exceeded,370,21.16838264042747
464,2026-09-14T02:33:05.283+00:00,2026-09-14T02:37:59.280+00:00,2026-09-14T02:38:05.296+00:00,False,87,86.0,,86.0,293996.652838,300012.565542,300012.56564,3448.420294712643,0.02822,293996.652838,31512.256256196266,91.5701333,69.95247330232557,20.00787037657438,0.28665466009609686,39,64,,True,False,Request timeout: 300.0s exceeded,406,21.16838264042747
465,2026-09-14T02:33:08.008+00:00,2026-09-14T02:38:01.812+00:00,2026-09-14T02:38:08.029+00:00,False,91,90.0,,90.0,293804.514633,300021.846857,300021.846899,3296.9433725164836,0.03598,293804.514633,30791.846676054538,89.18516650000001,69.08146915555557,20.2992997883853,0.29997815473383466,39,64,,True,False,Request timeout: 300.0s exceeded,398,21.16838264042747
466,2026-09-14T02:33:11.161+00:00,2026-09-14T02:38:05.032+00:00,2026-09-14T02:38:12.770+00:00,False,70,69.0,,69.0,293871.306079,301608.483935,301608.484179,4308.6926311285715,0.04603,293871.306079,35112.719749403055,91.5345057,112.13301240579709,356.43682412009116,0.22877340550828226,39,64,,True,False,Request timeout: 300.0s exceeded,306,21.16838264042747
467,2026-09-14T02:33:15.097+00:00,2026-09-14T02:38:08.639+00:00,2026-09-14T02:38:15.142+00:00,False,106,105.0,,105.0,293542.30205,300044.92605,300044.926036,2830.612509773585,0.01623,293542.30205,28506.7971300281,89.00130425000002,61.92975238095238,290.23858636776316,0.3499475941229635,39,64,,True,False,Request timeout: 300.0s exceeded,507,21.16838264042747
468,2026-09-14T02:33:19.655+00:00,2026-09-14T02:38:14.038+00:00,2026-09-14T02:38:19.682+00:00,False,87,86.0,,86.0,294383.000114,300026.806578,300026.806563,3448.5839834827584,0.02173,294383.000114,31554.14080667711,86.53328429999999,65.62565655813954,19.84682792287911,0.2866410537807794,39,64,,True,False,Request timeout: 300.0s exceeded,351,21.16838264042747
469,2026-09-14T02:33:23.263+00:00,2026-09-14T02:38:16.682+00:00,2026-09-14T02:38:23.310+00:00,False,97,96.0,,96.0,293418.449107,300046.14933100005,300046.14926900005,3093.2592708144334,0.0172,293418.449107,29785.12623686848,88.389731,69.038544,19.521787353809522,0.31995078161825125,39,64,,True,False,Request timeout: 300.0s exceeded,406,21.16838264042747
470,2026-09-14T02:33:26.769+00:00,2026-09-14T02:38:20.771+00:00,2026-09-14T02:38:26.854+00:00,False,91,90.0,,90.0,294002.467474,300085.272722,300085.272676,3297.6403590769232,0.022789999999999998,294002.467474,30812.754529263788,89.168897,67.58672497777778,20.405961635150504,0.2999147515092362,39,64,,True,False,Request timeout: 300.0s exceeded,488,21.16838264042747
471,2026-09-14T02:33:29.624+00:00,2026-09-14T02:38:23.356+00:00,2026-09-14T02:38:29.647+00:00,False,96,95.0,,95.0,293731.796693,300022.749397,300022.749306,3125.2369719375,0.037329999999999995,293731.796693,29972.123889852573,87.72614,66.22055477894737,19.89444076045509,0.31664265523509644,39,64,,True,False,Request timeout: 300.0s exceeded,477,21.16838264042747
472,2026-09-14T02:33:32.671+00:00,2026-09-14T02:38:26.300+00:00,2026-09-14T02:38:32.740+00:00,False,99,98.0,,98.0,293629.170329,300069.104281,300069.104327,3031.0010538080805,0.03669,293629.170329,29504.244174395662,87.5822317,65.71361175510204,19.92088762383061,0.3265914371118588,39,64,,True,False,Request timeout: 300.0s exceeded,469,21.16838264042747
473,2026-09-14T02:33:35.973+00:00,2026-09-14T02:38:29.601+00:00,2026-09-14T02:38:36.013+00:00,False,95,94.0,,94.0,293627.48231,300039.477446,300039.477446,3158.310288905263,0.01853,293627.48231,30118.552285079077,89.49791969999998,68.21271421276596,20.226068357878223,0.31329210675924396,39,64,,True,False,Request timeout: 300.0s exceeded,353,21.16838264042747
474,2026-09-14T02:33:39.814+00:00,2026-09-14T02:38:33.946+00:00,2026-09-14T02:38:39.865+00:00,False,86,85.0,,85.0,294132.346564,300051.502276,300051.50226,3488.970956511628,0.02618,294132.346564,31709.603625336254,88.3174165,69.6371260235294,19.90005506624084,0.2832847006438695,39,64,,True,False,Request timeout: 300.0s exceeded,320,21.16838264042747
475,2026-09-14T02:33:42.673+00:00,2026-09-14T02:38:36.534+00:00,2026-09-14T02:38:42.684+00:00,False,92,91.0,,91.0,293861.10601499997,300011.87747099996,300011.87750199996,3260.9986684999994,0.02207,293861.10601499997,30630.0982733315,88.099079,67.59089512087911,20.73908140419222,0.30332132436588727,39,64,,True,False,Request timeout: 300.0s exceeded,366,21.16838264042747
476,2026-09-14T02:33:45.397+00:00,2026-09-14T02:38:39.349+00:00,2026-09-14T02:38:45.467+00:00,False,94,93.0,,93.0,293952.183561,300069.96634499996,300069.966339,3192.2336844574465,0.02238,293952.183561,30312.074789447222,87.88565900000002,65.78261058064516,20.70708506381724,0.309927718301121,39,64,,True,False,Request timeout: 300.0s exceeded,471,21.16838264042747
477,2026-09-14T02:33:49.112+00:00,2026-09-14T02:38:43.069+00:00,2026-09-14T02:38:49.197+00:00,False,94,93.0,,93.0,293957.00255000003,300084.71711,300084.71706700005,3192.390607095745,0.02112,293957.00255000003,30312.560278945377,86.49436265,65.88940387096774,19.897644227215434,0.30991248370009333,39,64,,True,False,Request timeout: 300.0s exceeded,270,21.16838264042747
478,2026-09-14T02:33:52.140+00:00,2026-09-14T02:38:45.676+00:00,2026-09-14T02:38:52.149+00:00,False,99,98.0,,98.0,293535.755088,300008.628048,300008.627936,3030.390181171717,0.022969999999999997,293535.755088,29494.821707855554,87.2292289,66.04972408163265,19.76575300136644,0.3266572719512602,39,64,,True,False,Request timeout: 300.0s exceeded,466,21.16838264042747
479,2026-09-14T02:33:56.156+00:00,2026-09-14T02:38:49.655+00:00,2026-09-14T02:38:56.170+00:00,False,97,96.0,,96.0,293499.041103,300013.510735,300013.510814,3092.9227918969073,0.03615,293499.041103,29793.429205136847,88.58130279999999,67.85905866666667,20.030560799272997,0.3199855891983351,39,64,,True,False,Request timeout: 300.0s exceeded,428,21.16838264042747
480,2026-09-14T02:33:59.239+00:00,2026-09-14T02:38:53.092+00:00,2026-09-14T02:38:59.300+00:00,False,93,92.0,,92.0,293853.191574,300061.311894,300061.311922,3226.465719591398,0.026019999999999998,293853.191574,30464.165501244566,86.7746092,67.47956869565218,19.7089755423834,0.306604005092466,39,64,,True,False,Request timeout: 300.0s exceeded,412,21.16838264042747
481,2026-09-14T02:34:02.089+00:00,2026-09-14T02:38:55.872+00:00,2026-09-14T02:39:02.105+00:00,False,93,92.0,,92.0,293783.00299199997,300015.77636799996,300015.77635699994,3225.976089860215,0.038840000000000006,293783.00299199997,30456.859143585,86.537596,67.74753669565217,19.145809084552752,0.3066505405607491,39,64,,True,False,Request timeout: 300.0s exceeded,491,21.16838264042747
482,2026-09-14T02:34:05.890+00:00,2026-09-14T02:38:59.598+00:00,2026-09-14T02:39:05.953+00:00,False,94,93.0,,93.0,293707.806889,300063.596969,300063.597065,3192.1659262234043,0.03591,293707.806889,30286.60497803715,87.8003585,68.3418288172043,20.221147589293054,0.3099342970603927,39,64,,True,False,Request timeout: 300.0s exceeded,332,21.16838264042747
483,2026-09-14T02:34:09.439+00:00,2026-09-14T02:39:02.983+00:00,2026-09-14T02:39:09.450+00:00,False,100,99.0,,99.0,293543.986723,300011.56227500003,300011.562323,3000.11562323,0.02467,293543.986723,29347.873015529258,88.49080595,65.32904597979798,20.730652585931473,0.32998728198766386,39,64,,True,False,Request timeout: 300.0s exceeded,489,21.16838264042747
484,2026-09-14T02:34:13.404+00:00,2026-09-14T02:39:07.198+00:00,2026-09-14T02:39:13.434+00:00,False,92,91.0,,91.0,293793.985324,300029.690412,300029.690284,3261.192285695652,0.03861,293793.985324,30623.00323318516,90.25276755,68.52423173626374,20.85951325165163,0.3033033159986235,39,64,,True,False,Request timeout: 300.0s exceeded,314,21.16838264042747
485,2026-09-14T02:34:17.508+00:00,2026-09-14T02:39:11.354+00:00,2026-09-14T02:39:17.588+00:00,False,93,92.0,,92.0,293846.506551,300079.910967,300079.911187,3226.665711688172,0.02402,293846.506551,30463.443798219363,88.1977196,67.75439582608695,19.708793798567136,0.3065850016535006,39,64,,True,False,Request timeout: 300.0s exceeded,427,21.16838264042747
486,2026-09-14T02:34:22.190+00:00,2026-09-14T02:39:16.044+00:00,2026-09-14T02:39:22.264+00:00,False,90,89.0,,89.0,293853.984745,300073.63658500003,300073.63658800005,3334.1515176444445,0.0223,293853.984745,30967.569471954776,87.65637299999999,69.88372853932584,19.632680683743875,0.2965938661352195,39,64,,True,False,Request timeout: 300.0s exceeded,384,21.16838264042747
487,2026-09-14T02:34:25.391+00:00,2026-09-14T02:39:19.073+00:00,2026-09-14T02:39:25.420+00:00,False,94,93.0,,93.0,293681.142778,300029.03781799995,300029.03784099995,3191.7982749042553,0.02494,293681.142778,30283.863401717495,88.21935895,68.25693591397848,20.00810931859037,0.3099699971587902,39,64,,True,False,Request timeout: 300.0s exceeded,422,21.16838264042747
488,2026-09-14T02:34:29.030+00:00,2026-09-14T02:39:22.639+00:00,2026-09-14T02:39:29.069+00:00,False,96,95.0,,95.0,293608.946769,300039.03854499996,300039.03830899997,3125.406649052083,0.038119999999999994,293608.946769,29959.43618463317,89.32778350000001,67.68517658947368,20.03408196235067,0.3166254646751638,39,64,,True,False,Request timeout: 300.0s exceeded,458,21.16838264042747
489,2026-09-14T02:34:33.225+00:00,2026-09-14T02:39:26.669+00:00,2026-09-14T02:39:33.247+00:00,False,100,99.0,,99.0,293443.761216,300022.376512,300022.376452,3000.2237645200003,0.037840000000000006,293443.761216,29337.73772852163,87.42578195,66.45065955555555,19.88783222942152,0.3299753876725935,39,64,,True,False,Request timeout: 300.0s exceeded,221,21.16838264042747
490,2026-09-14T02:34:36.976+00:00,2026-09-14T02:39:30.654+00:00,2026-09-14T02:39:36.991+00:00,False,118,117.0,,117.0,293678.12278,300015.620892,300015.621045,2542.50526309322,0.04275,293678.12278,27030.28432128165,88.69451450000001,54.16665052991453,21.14443079475004,0.3899796938977315,39,64,,True,False,Request timeout: 300.0s exceeded,260,21.16838264042747
0,2026-09-14T02:04:40.928+00:00,2026-09-14T02:04:41.143+00:00,2026-09-14T02:04:55.781+00:00,True,265,265.0,,265.0,214.55014799999998,14852.513412,14852.513421,56.047220456603775,0.03705,214.55014799999998,23.035311405396097,95.3049452,55.446830545454546,20.89870628038342,17.842098010555898,40,64,,False,True,,1198,21.16838264042747
1,2026-09-14T02:04:45.496+00:00,2026-09-14T02:04:45.661+00:00,2026-09-14T02:05:04.365+00:00,True,293,293.0,,293.0,165.416122,18868.47481,18868.474808,64.39752494197953,40.575124,165.416122,21.921575349214486,95.6023686,64.05157084931507,21.142819719739858,15.528547111010507,40,64,,False,True,,1089,21.16838264042747
2,2026-09-14T02:04:49.274+00:00,2026-09-14T02:04:53.636+00:00,2026-09-14T02:05:01.618+00:00,True,119,119.0,,119.0,4362.043687,12343.995431,12343.995327,103.73105316806723,39.259617,4362.043687,394.283554788063,96.2095786,67.64365884745763,22.13510521096231,9.640314650566886,40,64,,False,True,,493,21.16838264042747
3,2026-09-14T02:04:53.230+00:00,2026-09-14T02:04:59.053+00:00,2026-09-14T02:05:17.988+00:00,True,287,287.0,,287.0,5823.178599000001,24758.541671,24758.541745000002,86.26669597560976,18.583591000000002,5823.178599000001,340.557684777571,95.90999189999998,66.20756318881119,22.392962462511264,11.591959002018557,40,64,,False,True,,1236,21.16838264042747
4,2026-09-14T02:04:56.193+00:00,2026-09-14T02:05:04.799+00:00,2026-09-14T02:05:23.454+00:00,True,281,281.0,,281.0,8606.023954,27261.040658,27261.040441,97.0143787935943,24.795778,8606.023954,509.9041374210184,95.03321000000001,66.62505965714286,22.304283887879965,10.307750299236577,40,64,,False,True,,1439,21.16838264042747
5,2026-09-14T02:05:00.323+00:00,2026-09-14T02:05:12.064+00:00,2026-09-14T02:05:24.814+00:00,True,192,192.0,,192.0,11741.408405999999,24491.547542,24491.547787,127.56014472395833,16.719095000000003,11741.408405999999,842.8371396902342,94.47002309999999,66.75465516230366,22.226303686916122,7.8394392869925245,40,64,,False,True,,474,21.16838264042747
6,2026-09-14T02:05:03.595+00:00,2026-09-14T02:05:17.809+00:00,2026-09-14T02:05:33.194+00:00,True,231,231.0,,231.0,14213.717036,29598.956076000002,29598.955934,128.13400837229437,38.294188000000005,14213.717036,931.0596873117496,96.02172350000001,66.89234365217392,22.34297674251318,7.804329294819417,40,64,,False,True,,976,21.16838264042747
7,2026-09-14T02:05:08.338+00:00,2026-09-14T02:05:26.925+00:00,2026-09-14T02:05:43.825+00:00,True,256,256.0,,256.0,18586.71372,35487.192696,35487.192837,138.62184701953126,0.01732,18586.71372,1157.8313480180282,96.3284975,66.27638814117647,26.58335218456592,7.2138701472673965,40,64,,False,True,,1140,21.16838264042747
8,2026-09-14T02:05:12.404+00:00,2026-09-14T02:05:33.938+00:00,2026-09-14T02:05:44.377+00:00,True,160,160.0,,160.0,21534.103681,31973.119104999998,31973.119104,199.8319944,0.01936,21534.103681,1697.4723315738356,96.0617709,65.65418505660378,28.775016627927155,5.0042036710449995,40,64,,False,True,,648,21.16838264042747
9,2026-09-14T02:05:16.601+00:00,2026-09-14T02:05:42.102+00:00,2026-09-14T02:05:59.995+00:00,True,271,271.0,,271.0,25500.985871,43393.202703,43393.202657,160.1225190295203,37.057142,25500.985871,1545.2058934007905,96.264897,66.26746974814814,22.052234442706542,6.245217755758423,40,64,,False,True,,1279,21.16838264042747
10,2026-09-14T02:05:19.550+00:00,2026-09-14T02:05:45.793+00:00,2026-09-14T02:05:59.301+00:00,True,208,208.0,,208.0,26243.009978000002,39751.040698000004,39751.040794,191.11077304807694,36.222444,26243.009978000002,1815.2362776760697,96.37587669999999,65.2561870531401,22.24365719444944,5.2325674082405875,40,64,,False,True,,995,21.16838264042747
11,2026-09-14T02:05:24.053+00:00,2026-09-14T02:05:54.786+00:00,2026-09-14T02:06:04.153+00:00,True,141,141.0,,141.0,30732.794256999998,40099.626896999995,40099.62671,284.39451567375886,38.314059,30732.794256999998,2582.6283481702703,94.400201,66.90594742857142,22.1927790892923,3.516242192531441,40,64,,False,True,,693,21.16838264042747
12,2026-09-14T02:05:28.709+00:00,2026-09-14T02:06:02.315+00:00,2026-09-14T02:06:16.326+00:00,True,210,210.0,,210.0,33606.424972,47616.744332,47616.74443,226.74640204761906,34.138228000000005,33606.424972,2314.539587807804,94.306027,67.03502086124402,21.759844040792938,4.410213317731451,40,64,,False,True,,855,21.16838264042747
13,2026-09-14T02:05:32.023+00:00,2026-09-14T02:06:07.770+00:00,2026-09-14T02:06:18.967+00:00,True,170,170.0,,170.0,35746.811653,46944.416261,46944.416138,276.14362434117646,35.104386,35746.811653,2736.6603469553015,94.71738999999998,66.25801543195266,21.86159976684227,3.6213039492245396,40,64,,False,True,,825,21.16838264042747
14,2026-09-14T02:05:36.077+00:00,2026-09-14T02:06:15.066+00:00,2026-09-14T02:06:24.187+00:00,True,136,136.0,,136.0,38989.319051,48110.150538999995,48110.150561999995,353.7511070735294,6.415596,38989.319051,3337.594477304416,94.32668100000001,67.56171472592592,23.38527445112631,2.826846278307797,40,64,,False,True,,562,21.16838264042747
15,2026-09-14T02:05:39.946+00:00,2026-09-14T02:06:21.860+00:00,2026-09-14T02:06:36.776+00:00,True,228,228.0,,228.0,41914.385508,56830.217059999995,56830.217268,249.25533889473684,0.0159,41914.385508,2771.6976247890443,94.5554173,65.70850903964758,33.47688759125155,4.011950187684186,40,64,,False,True,,1055,21.16838264042747
16,2026-09-14T02:05:44.033+00:00,2026-09-14T02:06:28.302+00:00,2026-09-14T02:06:38.704+00:00,True,157,157.0,,157.0,44269.490256,54671.059792,54671.059687999994,348.2233101146497,0.016109000000000002,44269.490256,3527.9327793190064,95.2032676,66.6767277948718,34.147669398292585,2.8717204421739373,40,64,,False,True,,789,21.16838264042747
17,2026-09-14T02:05:47.373+00:00,2026-09-14T02:06:35.142+00:00,2026-09-14T02:06:54.016+00:00,True,284,284.0,,284.0,47769.385842,66642.867058,66642.86704900001,234.6579825669014,10.312768,47769.385842,2830.7238965549022,95.4372333,66.69074634628976,22.57704541316516,4.261521338102572,40,64,,False,True,,1159,21.16838264042747
18,2026-09-14T02:05:50.757+00:00,2026-09-14T02:06:41.430+00:00,2026-09-14T02:06:53.467+00:00,True,182,182.0,,182.0,50673.302162,62709.907858,62709.907689,344.5599323571429,7.847933,50673.302162,3751.29638632322,94.7374781,66.5005839558011,23.091231725273328,2.902252709605632,40,64,,False,True,,775,21.16838264042747
19,2026-09-14T02:05:55.574+00:00,2026-09-14T02:06:49.356+00:00,2026-09-14T02:07:03.710+00:00,True,215,215.0,,215.0,53781.968389,68135.245317,68135.24523100001,316.90811735348836,39.141448,53781.968389,3663.390140148543,95.03293730000001,67.0713875140187,21.801547741514074,3.155488748880408,40,64,,False,True,,1114,21.16838264042747
20,2026-09-14T02:06:00.161+00:00,2026-09-14T02:06:57.121+00:00,2026-09-14T02:07:05.262+00:00,True,121,121.0,,121.0,56959.816034,65101.258594000006,65101.25850900001,538.0269298264463,41.847342,56959.816034,5172.041654765355,95.45863899999999,67.84535466666667,21.501208788367197,1.8586430218593633,40,64,,False,True,,500,21.16838264042747
21,2026-09-14T02:06:03.280+00:00,2026-09-14T02:07:02.605+00:00,2026-09-14T02:07:11.390+00:00,True,132,132.0,,132.0,59325.464267999996,68110.036172,68110.036006,515.9851212575758,0.0,59325.464267999996,5157.859048683076,97.32079325000001,67.05780079389312,28.255159554318936,1.9380403743533048,40,64,,False,True,,820,21.16838264042747
22,2026-09-14T02:06:07.073+00:00,2026-09-14T02:07:09.434+00:00,2026-09-14T02:07:18.992+00:00,True,141,141.0,,141.0,62361.867925,71919.523733,71919.523621,510.0675434113475,41.115214,62361.867925,5246.12032774401,97.019745,68.26897005714285,23.64933772894033,1.9605246625861998,40,64,,False,True,,491,21.16838264042747
23,2026-09-14T02:06:10.398+00:00,2026-09-14T02:07:15.169+00:00,2026-09-14T02:07:25.327+00:00,True,155,155.0,,155.0,64771.427258,74928.836538,74928.83657700001,483.411848883871,35.226715,64771.427258,5197.3140902029745,96.3990237,65.95720311688311,21.858416287058294,2.068629477803143,40,64,,False,True,,699,21.16838264042747
24,2026-09-14T02:06:13.686+00:00,2026-09-14T02:07:21.342+00:00,2026-09-14T02:07:33.919+00:00,True,191,191.0,,191.0,67656.63816500001,80232.94971700001,80232.94957800001,420.0677988376964,0.01724,67656.63816500001,4890.8464037506155,96.0070175,66.19111343157896,41.28070735876182,2.3805680917092134,40,64,,False,True,,847,21.16838264042747
25,2026-09-14T02:06:17.130+00:00,2026-09-14T02:07:28.306+00:00,2026-09-14T02:07:35.002+00:00,True,107,107.0,,107.0,71176.361772,77872.224556,77872.224539,727.7777994299066,0.01967,71176.361772,6874.8322945240325,93.9794762,63.16851683018868,28.959019808057665,1.3740457603474963,40,64,,False,True,,496,21.16838264042747
26,2026-09-14T02:06:20.861+00:00,2026-09-14T02:07:33.516+00:00,2026-09-14T02:07:52.593+00:00,True,296,296.0,,296.0,72654.953616,91732.16424,91732.164229,309.9059602331081,0.0,72654.953616,4219.28938943901,93.79097175000001,64.6685105898305,23.4183776085402,3.22678530973685,40,64,,False,True,,1356,21.16838264042747
27,2026-09-14T02:06:25.638+00:00,2026-09-14T02:07:41.798+00:00,2026-09-14T02:07:57.716+00:00,True,244,244.0,,244.0,76159.998971,92077.851643,92077.85164299999,377.3682444385246,0.0,76159.998971,4871.509908362074,93.59474965,65.50556655144032,24.055838721106696,2.6499315052008985,40,64,,False,True,,1012,21.16838264042747
28,2026-09-14T02:06:30.455+00:00,2026-09-14T02:07:50.060+00:00,2026-09-14T02:08:04.599+00:00,True,222,222.0,,222.0,79605.120703,94143.76108699999,94143.76122599999,424.0709965135135,0.0,79605.120703,5338.389732995403,95.135998,65.78570309502263,25.17699517218475,2.358095719108202,40,64,,False,True,,1139,21.16838264042747
29,2026-09-14T02:06:33.493+00:00,2026-09-14T02:07:55.887+00:00,2026-09-14T02:08:12.222+00:00,True,249,249.0,,249.0,82394.177255,98728.265959,98728.26587,396.4990597188755,40.353105000000006,82394.177255,5217.390790359753,95.9178834,65.86326090322581,21.924990480844716,2.5220740745452273,40,64,,False,True,,886,21.16838264042747
30,2026-09-14T02:06:37.284+00:00,2026-09-14T02:08:01.268+00:00,2026-09-14T02:08:15.259+00:00,True,217,217.0,,217.0,83984.506904,97974.89692,97974.89699299999,451.49722116589857,0.0,83984.506904,5696.905835416656,95.90256399999998,64.77032414814815,26.835316456855764,2.2148530574845946,40,64,,False,True,,842,21.16838264042747
31,2026-09-14T02:06:40.385+00:00,2026-09-14T02:08:08.094+00:00,2026-09-14T02:08:23.267+00:00,True,231,231.0,,231.0,87708.306437,102881.39341300001,102881.393462,445.3739976709957,0.0,87708.306437,5766.640180048292,95.762613,65.96994337391304,47.865977093575474,2.245303959606082,40,64,,False,True,,1043,21.16838264042747
32,2026-09-14T02:06:43.168+00:00,2026-09-14T02:08:12.571+00:00,2026-09-14T02:08:26.173+00:00,True,205,205.0,,205.0,89403.780268,103005.484716,103005.484519,502.46577814146343,0.0,89403.780268,6239.76923839052,95.08957719999998,66.67502180392157,49.47113156069006,1.9901852854264275,40,64,,False,True,,452,21.16838264042747
33,2026-09-14T02:06:47.918+00:00,2026-09-14T02:08:20.425+00:00,2026-09-14T02:08:38.976+00:00,True,279,279.0,,279.0,92507.358741,111057.898261,111057.898358,398.0569833620072,0.0,92507.358741,5534.4374401425985,96.147845,66.72855942446043,42.378837962039604,2.512203133399076,40,64,,False,True,,737,21.16838264042747
34,2026-09-14T02:06:52.882+00:00,2026-09-14T02:08:30.590+00:00,2026-09-14T02:08:46.395+00:00,True,237,237.0,,237.0,97707.594112,113513.11808,113513.11808500001,478.9583041561182,0.0,97707.594112,6342.487396883828,95.38254500000001,66.97255918644068,24.59134675004315,2.087864416101854,40,64,,False,True,,1204,21.16838264042747
35,2026-09-14T02:06:56.833+00:00,2026-09-14T02:08:36.863+00:00,2026-09-14T02:08:54.613+00:00,True,267,267.0,,267.0,100030.433047,117780.448535,117780.44848199999,441.1252752134831,38.373489,100030.433047,6117.71777454648,95.32304199999999,66.72938153383458,21.733743437821794,2.2669297266316444,40,64,,False,True,,1183,21.16838264042747
36,2026-09-14T02:07:00.832+00:00,2026-09-14T02:08:44.921+00:00,2026-09-14T02:09:00.741+00:00,True,241,241.0,,241.0,104088.746138,119909.091994,119909.091992,497.5480995518672,0.0,104088.746138,6700.754311592968,94.09530199999999,65.91810773333333,27.184751383508768,2.0098559332936916,40,64,,False,True,,1091,21.16838264042747
37,2026-09-14T02:07:04.232+00:00,2026-09-14T02:08:50.940+00:00,2026-09-14T02:09:09.395+00:00,True,281,281.0,,281.0,106708.89782500001,125163.04464100001,125163.04450100001,445.42008719217085,0.0,106708.89782500001,6361.843152067832,94.65648000000002,65.9076672,26.6741334977909,2.245071624823291,40,64,,False,True,,1314,21.16838264042747
38,2026-09-14T02:07:08.381+00:00,2026-09-14T02:08:58.778+00:00,2026-09-14T02:09:13.371+00:00,True,223,223.0,,223.0,110396.376882,124989.113138,124989.113103,560.489296426009,37.105452,110396.376882,7388.3201474751195,97.13476299999998,65.7330461981982,22.38776907542135,1.784155390828212,40,64,,False,True,,723,21.16838264042747
39,2026-09-14T02:07:11.886+00:00,2026-09-14T02:09:04.152+00:00,2026-09-14T02:09:19.846+00:00,True,238,238.0,,238.0,112265.558392,127959.41644,127959.41640700001,537.6446067521009,0.01577,112265.558392,7272.994562646939,96.91960149999998,66.21881032911392,52.90255736366235,1.8599647186699846,40,64,,False,True,,1189,21.16838264042747
40,2026-09-14T02:07:16.723+00:00,2026-09-14T02:09:13.514+00:00,2026-09-14T02:09:24.149+00:00,True,157,157.0,,157.0,116791.503068,127425.895388,127425.89557800001,811.6299081401274,0.0,116791.503068,9315.749308552098,98.49838000000001,68.16918153846153,63.216437717232886,1.2320886545230827,40,64,,False,True,,747,21.16838264042747
41,2026-09-14T02:07:20.515+00:00,2026-09-14T02:09:19.612+00:00,2026-09-14T02:09:33.543+00:00,True,209,209.0,,209.0,119097.41039399999,133027.973978,133027.974013,636.4974833157894,0.0,119097.41039399999,8233.558377018511,96.066005,66.97386338461538,29.026243503710457,1.5710981213211903,40,64,,False,True,,821,21.16838264042747
42,2026-09-14T02:07:24.064+00:00,2026-09-14T02:09:26.275+00:00,2026-09-14T02:09:38.626+00:00,True,188,188.0,,188.0,122210.989723,134561.74018700002,134561.740079,715.7539365904256,35.833273999999996,122210.989723,8908.360695801086,94.8224107,66.04679392513368,21.2312234551286,1.397128186204615,40,64,,False,True,,671,21.16838264042747
43,2026-09-14T02:07:28.765+00:00,2026-09-14T02:09:34.199+00:00,2026-09-14T02:09:53.056+00:00,True,286,286.0,,286.0,125433.34442299999,144290.663591,144290.66351699998,504.51280949999995,0.0,125433.34442299999,7413.1688346372575,94.35794775000001,66.16603216842105,27.8609176031858,1.9821102272471565,40,64,,False,True,,1136,21.16838264042747
44,2026-09-14T02:07:33.389+00:00,2026-09-14T02:09:42.420+00:00,2026-09-14T02:10:00.276+00:00,True,271,271.0,,271.0,129031.787269,146887.731205,146887.731098,542.0211479630996,0.0,129031.787269,7834.1564250153715,94.5654955,66.1331256888889,28.279158314905047,1.844946462014489,40,64,,False,True,,1251,21.16838264042747
45,2026-09-14T02:07:37.759+00:00,2026-09-14T02:09:49.726+00:00,2026-09-14T02:10:07.978+00:00,True,271,271.0,,271.0,131967.538542,150219.108974,150219.109066,554.314055594096,36.544073,131967.538542,8012.380162618393,95.23135900000001,67.59840900740741,21.749034677238743,1.8040314701034794,40,64,,False,True,,1314,21.16838264042747
46,2026-09-14T02:07:41.871+00:00,2026-09-14T02:09:56.574+00:00,2026-09-14T02:10:03.312+00:00,True,102,102.0,,102.0,134703.207921,141441.808369,141441.808269,1386.6843947941177,40.542345000000005,134703.207921,13331.016131888138,94.4479115,66.71881631683169,21.5486878231038,0.721144626021025,40,64,,False,True,,467,21.16838264042747
47,2026-09-14T02:07:44.597+00:00,2026-09-14T02:10:02.028+00:00,2026-09-14T02:10:14.795+00:00,True,194,194.0,,194.0,137430.572065,150198.073377,150198.07334099998,774.2168728917525,0.0,137430.572065,9862.235405006337,96.2394688,66.1528565388601,29.822774784518266,1.2916277528610927,40,64,,False,True,,762,21.16838264042747
48,2026-09-14T02:07:48.202+00:00,2026-09-14T02:10:09.073+00:00,2026-09-14T02:10:25.286+00:00,True,248,248.0,,248.0,140871.466965,157083.816661,157083.816755,633.4024869153226,0.0,140871.466965,8941.398949153298,96.48638635000002,65.63704330364372,62.82286541932742,1.5787749831365807,40,64,,False,True,,1020,21.16838264042747
49,2026-09-14T02:07:51.949+00:00,2026-09-14T02:10:15.638+00:00,2026-09-14T02:10:32.497+00:00,True,256,256.0,,256.0,143689.07226,160548.03827599998,160548.03826399997,627.1407744687499,0.015349999999999999,143689.07226,8976.631469353992,97.030605,66.11359221960784,59.51987706532149,1.5945383247841838,40,64,,False,True,,1203,21.16838264042747
50,2026-09-14T02:07:55.356+00:00,2026-09-14T02:10:21.727+00:00,2026-09-14T02:10:30.918+00:00,True,138,138.0,,138.0,146370.910702,155562.314478,155562.31433999998,1127.2631473913043,39.700177000000004,146370.910702,12454.227212039314,94.58208200000001,67.0905385109489,21.818876143409916,0.887104312269128,40,64,,False,True,,651,21.16838264042747
51,2026-09-14T02:07:59.794+00:00,2026-09-14T02:10:29.108+00:00,2026-09-14T02:10:47.953+00:00,True,284,284.0,,284.0,149313.379853,168158.441229,168158.44129299998,592.1071876514084,0.0,149313.379853,8856.217641143037,95.08803814999999,66.59032288339223,29.818996000444645,1.6888834002287505,40,64,,False,True,,1289,21.16838264042747
52,2026-09-14T02:08:03.775+00:00,2026-09-14T02:10:36.147+00:00,2026-09-14T02:10:52.613+00:00,True,250,250.0,,250.0,152372.35736700002,168838.76171900003,168838.76193,675.3550477200001,0.0,152372.35736700002,9632.742274129567,97.19850894999999,66.13013795983936,31.30888395094382,1.480702638746412,40,64,,False,True,,1116,21.16838264042747
53,2026-09-14T02:08:07.341+00:00,2026-09-14T02:10:42.559+00:00,2026-09-14T02:10:59.891+00:00,True,264,264.0,,264.0,155217.75179100002,172550.53412700002,172550.53431500003,653.6005087689394,10.232458000000001,155217.75179100002,9548.96112460858,95.25302400000001,65.90411534600761,21.890203401011718,1.5299865708076665,40,64,,False,True,,1215,21.16838264042747
54,2026-09-14T02:08:11.452+00:00,2026-09-14T02:10:50.115+00:00,2026-09-14T02:11:01.280+00:00,True,170,170.0,,170.0,158662.45763999998,169827.49776799997,169827.49765999996,998.985280352941,39.311437,158662.45763999998,12163.806393151148,93.743038,66.06532620118342,21.200972847865668,1.001015749712309,40,64,,False,True,,887,21.16838264042747
55,2026-09-14T02:08:16.039+00:00,2026-09-14T02:10:57.351+00:00,2026-09-14T02:11:08.466+00:00,True,170,170.0,,170.0,161312.22221200002,172427.085828,172427.086008,1014.2769765176472,38.003629999999994,161312.22221200002,12367.056454745636,93.41009695000001,65.7684237633136,21.157892312258873,0.9859239874272359,40,64,,False,True,,763,21.16838264042747
56,2026-09-14T02:08:19.822+00:00,2026-09-14T02:11:05.063+00:00,2026-09-14T02:11:13.797+00:00,True,131,131.0,,131.0,165241.40400799998,173974.762344,173974.76231199998,1328.05162070229,0.0,165241.40400799998,14431.386936697514,94.84827000000001,67.17967950769231,37.34621548377281,0.7529827788525667,40,64,,False,True,,319,21.16838264042747
57,2026-09-14T02:08:23.171+00:00,2026-09-14T02:11:10.560+00:00,2026-09-14T02:11:22.395+00:00,True,180,180.0,,180.0,167388.683754,179223.72401,179223.723882,995.6873549,33.547209,167388.683754,12471.508917311881,96.637412,66.11754332960894,23.04730729996967,1.00433132384838,40,64,,False,True,,882,21.16838264042747
58,2026-09-14T02:08:26.865+00:00,2026-09-14T02:11:16.837+00:00,2026-09-14T02:11:27.776+00:00,True,150,150.0,,150.0,169971.742104,180910.835864,180910.83589000002,1206.0722392666667,0.02931,169971.742104,13872.387823894818,96.14487099999998,73.4167366442953,83.17014936088377,0.8291377312123124,40,64,,False,True,,487,21.16838264042747
59,2026-09-14T02:08:31.272+00:00,2026-09-14T02:11:25.354+00:00,2026-09-14T02:11:40.956+00:00,True,236,236.0,,236.0,174082.597296,189684.361392,189684.361445,803.7472942584745,0.01591,174082.597296,11327.695802466857,94.95644250000001,66.39048551489361,68.39014239818859,1.244172151399896,40,64,,False,True,,983,21.16838264042747
60,2026-09-14T02:08:36.192+00:00,2026-09-14T02:11:33.118+00:00,2026-09-14T02:11:52.731+00:00,True,296,296.0,,296.0,176926.076701,196539.253021,196539.25305600002,663.983963027027,0.0,176926.076701,10279.796604846002,95.85436549999999,66.48534345762712,29.316849440804795,1.506060471128242,40,64,,False,True,,405,21.16838264042747
61,2026-09-14T02:08:40.930+00:00,2026-09-14T02:11:42.223+00:00,2026-09-14T02:11:50.046+00:00,True,117,117.0,,117.0,181293.14060400001,189115.539068,189115.53890800002,1616.3721274188035,39.996655,181293.14060400001,16754.337959074877,95.2182228,67.43446951724137,22.88885023720205,0.6186694154092249,40,64,,False,True,,505,21.16838264042747
62,2026-09-14T02:08:44.147+00:00,2026-09-14T02:11:47.082+00:00,2026-09-14T02:12:00.127+00:00,True,192,192.0,,192.0,182935.627004,195979.76038000002,195979.760183,1020.7279176197917,38.774468999999996,182935.627004,13197.3328756529,96.48359405,68.29389202094241,22.964679502114944,0.9796930031331635,40,64,,False,True,,899,21.16838264042747
63,2026-09-14T02:08:47.478+00:00,2026-09-14T02:11:53.789+00:00,2026-09-14T02:12:13.045+00:00,True,282,282.0,,282.0,186310.822082,205566.932418,205566.932489,728.9607535070922,39.568906999999996,186310.822082,11090.591452016222,98.1781196,68.52708304626336,23.199933347548118,1.3718159661330203,40,64,,False,True,,673,21.16838264042747
64,2026-09-14T02:08:50.884+00:00,2026-09-14T02:11:59.898+00:00,2026-09-14T02:12:18.691+00:00,True,280,280.0,,280.0,189013.212249,207806.755929,207806.75596100002,742.166985575,0.0,189013.212249,11291.723323589447,99.6785339,67.36037161290322,33.30294258393408,1.3474056642107717,40,64,,False,True,,1355,21.16838264042747
65,2026-09-14T02:08:54.785+00:00,2026-09-14T02:12:06.735+00:00,2026-09-14T02:12:23.257+00:00,True,245,245.0,,245.0,191949.96440599998,208471.83166999999,208471.83148599998,850.9054346367346,0.0,191949.96440599998,12258.951329015197,97.7373762,67.71257075409835,32.88817055077669,1.1752187239752476,40,64,,False,True,,531,21.16838264042747
66,2026-09-14T02:08:59.596+00:00,2026-09-14T02:12:15.896+00:00,2026-09-14T02:12:28.052+00:00,True,180,180.0,,180.0,196299.92341999998,208455.80565999998,208455.80568099997,1158.0878093388887,39.833726000000006,196299.92341999998,14626.28656528239,94.89147849999999,67.90995664804468,21.592854464117863,0.8634923811792866,40,64,,False,True,,609,21.16838264042747
67,2026-09-14T02:09:02.788+00:00,2026-09-14T02:12:20.599+00:00,2026-09-14T02:12:34.970+00:00,True,219,219.0,,219.0,197811.384318,212181.934334,212181.934322,968.8672800091324,40.077776,197811.384318,13362.416765048858,93.84155290000001,65.91995420183487,21.10920412226076,1.03213311108413,40,64,,False,True,,536,21.16838264042747
68,2026-09-14T02:09:06.836+00:00,2026-09-14T02:12:28.003+00:00,2026-09-14T02:12:35.503+00:00,True,116,116.0,,116.0,201167.357883,208667.064763,208667.064647,1798.8540055775861,39.448887,201167.357883,18671.877473979028,95.57770124999999,65.21484243478261,21.476548101109806,0.5559094825613737,40,64,,False,True,,430,21.16838264042747
69,2026-09-14T02:09:10.880+00:00,2026-09-14T02:12:35.321+00:00,2026-09-14T02:12:44.468+00:00,True,140,140.0,,140.0,204441.79099,213588.74932600002,213588.749232,1525.6339230857143,41.421853000000006,204441.79099,17272.93616662842,93.5493555,65.80545565467627,21.098275446701503,0.6554652360753249,40,64,,False,True,,473,21.16838264042747
70,2026-09-14T02:09:15.462+00:00,2026-09-14T02:12:44.019+00:00,2026-09-14T02:12:52.366+00:00,True,117,117.0,,117.0,208556.769309,216904.396317,216904.396306,1853.883729111111,0.0,208556.769309,19274.735746402534,96.8790098,71.96230179310344,109.52907166111596,0.5394081539454259,40,64,,False,True,,650,21.16838264042747
71,2026-09-14T02:09:18.799+00:00,2026-09-14T02:12:50.079+00:00,2026-09-14T02:13:00.046+00:00,True,152,152.0,,152.0,211280.386822,221247.387654,221247.387547,1455.5749180723685,0.0,211280.386822,17132.041980694754,95.02486649999999,66.00662802649008,100.61911880243774,0.6870137614357136,40,64,,False,True,,612,21.16838264042747
72,2026-09-14T02:09:22.009+00:00,2026-09-14T02:12:56.182+00:00,2026-09-14T02:13:06.411+00:00,True,152,152.0,,152.0,214172.696242,224401.492402,224401.49248400002,1476.3256084473685,40.399865,214172.696242,17366.21967708554,96.67116655,67.7403719205298,22.57117100163649,0.6773573489774406,40,64,,False,True,,735,21.16838264042747
73,2026-09-14T02:09:27.036+00:00,2026-09-14T02:13:03.730+00:00,2026-09-14T02:13:11.195+00:00,True,114,114.0,,114.0,216694.33793900002,224158.78696300002,224158.787008,1966.3051491929825,34.858067000000005,216694.33793900002,20289.108614389275,94.473845,66.05707100884956,21.403457064716278,0.5085680625975952,40,64,,False,True,,477,21.16838264042747
74,2026-09-14T02:09:31.854+00:00,2026-09-14T02:13:12.081+00:00,2026-09-14T02:13:21.111+00:00,True,139,139.0,,139.0,220227.013294,229257.095598,229257.095616,1649.3316231366907,38.351039,220227.013294,18673.87435700322,95.2889299,65.43537901449275,22.152337958657892,0.6063062067388967,40,64,,False,True,,573,21.16838264042747
75,2026-09-14T02:09:35.529+00:00,2026-09-14T02:13:18.728+00:00,2026-09-14T02:13:26.890+00:00,True,128,128.0,,128.0,223199.347561,231361.234537,231361.234538,1807.509644828125,39.003607,223199.347561,19722.55199098592,93.94232099999999,64.26682658267717,20.819772297406985,0.5532473936532779,40,64,,False,True,,590,21.16838264042747
76,2026-09-14T02:09:38.854+00:00,2026-09-14T02:13:25.160+00:00,2026-09-14T02:13:39.152+00:00,True,215,215.0,,215.0,226306.119806,240298.087038,240298.087065,1117.6655212325581,0.0,226306.119806,15429.536955010226,93.112448,65.38302444859814,38.079876568975095,0.8947220622942393,40,64,,False,True,,863,21.16838264042747
77,2026-09-14T02:09:42.365+00:00,2026-09-14T02:13:30.624+00:00,2026-09-14T02:13:50.310+00:00,True,292,292.0,,292.0,228259.010742,247945.430966,247945.430981,849.128188291096,0.0,228259.010742,13353.933989392435,95.91450795,67.650928604811,34.620406258562134,1.177678487005639,40,64,,False,True,,1611,21.16838264042747
78,2026-09-14T02:09:45.280+00:00,2026-09-14T02:13:35.945+00:00,2026-09-14T02:13:54.825+00:00,True,282,282.0,,282.0,230664.816202,249544.45037799998,249544.450308,884.909398255319,35.067406000000005,230664.816202,13731.90661171005,95.45749049999999,67.18731023487544,22.051658127054687,1.1300591921512886,40,64,,False,True,,1320,21.16838264042747
79,2026-09-14T02:09:49.890+00:00,2026-09-14T02:13:44.635+00:00,2026-09-14T02:14:03.416+00:00,True,283,283.0,,283.0,234744.395295,253526.008095,253526.008144,895.8516188833922,33.981216999999994,234744.395295,13950.164576026598,95.242678,66.60146382978724,22.28403705971242,1.1162562852090332,40,64,,False,True,,1336,21.16838264042747
80,2026-09-14T02:09:52.919+00:00,2026-09-14T02:13:50.449+00:00,2026-09-14T02:14:07.617+00:00,True,260,260.0,,260.0,237529.3731,254697.2835,254697.283605,979.6049369423076,33.722058,237529.3731,14726.852300893424,94.54686155000002,66.28536833976834,22.26785382986544,1.0208196822012827,40,64,,False,True,,1202,21.16838264042747
81,2026-09-14T02:09:57.126+00:00,2026-09-14T02:13:57.509+00:00,2026-09-14T02:14:15.142+00:00,True,265,265.0,,265.0,240383.217303,258016.142999,258016.14295600003,973.6458224754717,0.0,240383.217303,14762.570485346947,96.05760140000001,66.79138521212121,38.41477518632559,1.0270675195738705,40,64,,False,True,,1351,21.16838264042747
82,2026-09-14T02:10:00.368+00:00,2026-09-14T02:14:04.501+00:00,2026-09-14T02:14:22.174+00:00,True,262,262.0,,262.0,244133.471866,261806.49689,261806.497008,999.2614389618321,0.0,244133.471866,15078.481607300597,97.18142405,67.71273955555556,38.37774296045845,1.000739107364785,40,64,,False,True,,1062,21.16838264042747
83,2026-09-14T02:10:03.585+00:00,2026-09-14T02:14:09.811+00:00,2026-09-14T02:14:17.995+00:00,True,122,122.0,,122.0,246226.165637,254410.048901,254410.048874,2085.328269459016,0.0,246226.165637,22286.204823182903,97.44241565,67.63539887603305,51.33860761352097,0.4795408063754374,40,64,,False,True,,562,21.16838264042747
84,2026-09-14T02:10:07.648+00:00,2026-09-14T02:14:17.239+00:00,2026-09-14T02:14:35.620+00:00,True,277,277.0,,277.0,249591.41761,267971.765514,267971.765431,967.4070954187725,0.01523,249591.41761,14992.744897454248,93.87262000000001,66.59546342028985,86.97488471865948,1.0336909915441383,40,64,,False,True,,1109,21.16838264042747
85,2026-09-14T02:10:11.987+00:00,2026-09-14T02:14:25.569+00:00,2026-09-14T02:14:35.160+00:00,True,145,145.0,,145.0,253582.498811,263173.546235,263173.54604,1814.9899726896551,0.01542,253582.498811,21053.68685034724,94.12373799999999,66.604496,119.67192671274232,0.5509672308421254,40,64,,False,True,,592,21.16838264042747
86,2026-09-14T02:10:15.585+00:00,2026-09-14T02:14:31.931+00:00,2026-09-14T02:14:42.541+00:00,True,170,170.0,,170.0,256346.206601,266956.313993,266956.314105,1570.3312594411766,0.016730000000000002,256346.206601,19656.056137134565,92.47639340000002,62.7817005443787,24.131341540639653,0.6368083131551541,40,64,,False,True,,793,21.16838264042747
87,2026-09-14T02:10:18.831+00:00,2026-09-14T02:14:36.765+00:00,2026-09-14T02:14:44.784+00:00,True,127,127.0,,127.0,257933.21865599998,265953.01846399996,265953.01846399996,2094.118255622047,41.137492,257933.21865599998,22882.233017933326,91.6340837,63.64920482539683,20.279012321630624,0.47752795111513663,40,64,,False,True,,630,21.16838264042747
88,2026-09-14T02:10:22.914+00:00,2026-09-14T02:14:44.135+00:00,2026-09-14T02:15:00.805+00:00,True,248,248.0,,248.0,261221.595615,277891.591647,277891.591429,1120.5306106008065,0.0,261221.595615,16583.3511295727,94.98494134999999,67.4898624777328,40.32544632338338,0.8924343429398517,40,64,,False,True,,1338,21.16838264042747
89,2026-09-14T02:10:25.968+00:00,2026-09-14T02:14:48.681+00:00,2026-09-14T02:14:59.527+00:00,True,161,161.0,,161.0,262712.977905,273558.78116899997,273558.781028,1699.1228635279501,0.0,262712.977905,20699.39131791746,95.803135,67.7862704,45.84444646469523,0.5885389579234048,40,64,,False,True,,649,21.16838264042747
90,2026-09-14T02:10:29.370+00:00,2026-09-14T02:14:56.293+00:00,2026-09-14T02:15:11.843+00:00,True,228,228.0,,228.0,266922.956215,282472.058807,282472.058951,1238.912539258772,0.0,266922.956215,17672.915641738477,95.80756335,68.49824930396477,41.03567646377466,0.8071594796417786,40,64,,False,True,,1237,21.16838264042747
91,2026-09-14T02:10:33.934+00:00,2026-09-14T02:15:03.307+00:00,2026-09-14T02:15:21.194+00:00,True,268,268.0,,268.0,269373.102227,287259.932819,287259.932971,1071.865421533582,38.767298000000004,269373.102227,16450.503608234667,96.25031580000001,66.9918748764045,22.015622062291808,0.9329529439417662,40,64,,False,True,,928,21.16838264042747
92,2026-09-14T02:10:38.933+00:00,2026-09-14T02:15:12.298+00:00,2026-09-14T02:15:23.589+00:00,True,169,169.0,,169.0,273364.98318,284656.097164,284656.097298,1684.3556053136094,41.514233,273364.98318,21022.91698303828,96.06485799999999,67.2090118095238,21.84091467358556,0.5936988586709717,40,64,,False,True,,782,21.16838264042747
93,2026-09-14T02:10:41.763+00:00,2026-09-14T02:15:17.024+00:00,2026-09-14T02:15:36.170+00:00,True,282,282.0,,282.0,275261.02437400003,294406.933878,294406.933955,1043.9962196985816,40.762694,275261.02437400003,16387.513302992742,95.69605150000001,68.13490926690392,22.369116183167446,0.9578578747634342,40,64,,False,True,,491,21.16838264042747
94,2026-09-14T02:10:46.212+00:00,2026-09-14T02:15:25.759+00:00,2026-09-14T02:15:41.842+00:00,True,233,233.0,,233.0,279547.075218,295629.34337799996,295629.343506,1268.7954656909872,32.342062,279547.075218,18309.209665512077,96.599401,69.32012137931034,22.00672636181748,0.7881490968982725,40,64,,False,True,,960,21.16838264042747
95,2026-09-14T02:10:49.335+00:00,2026-09-14T02:15:31.587+00:00,2026-09-14T02:15:45.546+00:00,True,210,210.0,,210.0,282251.812607,296211.386879,296211.386879,1410.5304137095238,32.557881,282251.812607,19472.628569695225,95.19692654999999,66.79222139712918,21.828936581006708,0.7089531642002114,40,64,,False,True,,753,21.16838264042747
96,2026-09-14T02:10:53.431+00:00,2026-09-14T02:15:38.586+00:00,2026-09-14T02:15:53.185+00:00,True,226,226.0,,226.0,285155.002952,299754.178632,299754.178712,1326.3459235044247,0.0,285155.002952,18963.96007642764,96.19015599999999,64.88522524444444,42.55532645795391,0.7539511243226205,40,64,,False,True,,1109,21.16838264042747
97,2026-09-14T02:10:57.427+00:00,2026-09-14T02:15:45.668+00:00,2026-09-14T02:15:56.209+00:00,True,159,159.0,,159.0,288241.138273,298781.995361,298781.995171,1879.132045100629,0.0,288241.138273,22853.769857345203,96.2024669,66.7142853670886,48.655835629039295,0.5321605801845256,40,64,,False,True,,776,21.16838264042747
98,2026-09-14T02:11:01.628+00:00,2026-09-14T02:15:53.140+00:00,2026-09-14T02:16:01.692+00:00,False,121,120.0,,120.0,291512.717987,300064.509859,300064.509916,2479.8719827768596,0.03578,291512.717987,26494.686387661463,95.436658,71.26493226666666,21.730546946919695,0.3999140053463433,40,64,,False,False,Request timeout: 300.0s exceeded,470,21.16838264042747
99,2026-09-14T02:11:05.640+00:00,2026-09-14T02:15:58.505+00:00,2026-09-14T02:16:05.718+00:00,False,101,100.0,,100.0,292864.789509,300077.70394100004,300077.703981,2971.0663760495054,0.02579,292864.789509,29133.96561866296,93.01518300000002,72.12914432,20.31268736487533,0.333247017977922,40,64,,False,False,Request timeout: 300.0s exceeded,429,21.16838264042747
100,2026-09-14T02:11:09.540+00:00,2026-09-14T02:16:03.033+00:00,2026-09-14T02:16:09.555+00:00,False,99,98.0,,98.0,293493.350142,300014.775294,300014.775199,3030.452274737374,0.03814,293493.350142,29490.510549529863,90.98602890000002,66.5451546122449,20.492261772766803,0.32665057880554293,40,64,,False,False,Request timeout: 300.0s exceeded,529,21.16838264042747
101,2026-09-14T02:11:14.250+00:00,2026-09-14T02:16:07.730+00:00,2026-09-14T02:16:14.276+00:00,False,99,98.0,,98.0,293480.097358,300026.59771,300026.597891,3030.5716958686867,0.02146,293480.097358,29489.152696576894,86.85986410000001,66.801024,20.22555112176273,0.3266377072832887,40,64,,False,False,Request timeout: 300.0s exceeded,399,21.16838264042747
102,2026-09-14T02:11:18.343+00:00,2026-09-14T02:16:11.957+00:00,2026-09-14T02:16:18.384+00:00,False,97,96.0,,96.0,293614.339656,300041.54605600005,300041.546051,3093.211814958763,0.02782,293614.339656,29805.228465961554,88.2173578,66.95006666666666,20.291805100964677,0.3199556903432382,40,64,,False,False,Request timeout: 300.0s exceeded,234,21.16838264042747
103,2026-09-14T02:11:22.699+00:00,2026-09-14T02:16:16.612+00:00,2026-09-14T02:16:22.736+00:00,False,89,88.0,,88.0,293912.87679400004,300037.18553,300037.185501,3371.2043314719103,0.02151,293912.87679400004,31147.331748290264,88.0891162,69.59441745454545,19.622769863464544,0.293296978654671,40,64,,False,False,Request timeout: 300.0s exceeded,462,21.16838264042747
104,2026-09-14T02:11:25.806+00:00,2026-09-14T02:16:19.912+00:00,2026-09-14T02:16:25.848+00:00,False,89,88.0,,88.0,294105.34490799997,300041.721996,300041.72199399996,3371.2553033033705,0.03867,294105.34490799997,31167.96033891299,89.05931720000001,67.45883054545455,20.630999460076815,0.293292544165485,40,64,,False,False,Request timeout: 300.0s exceeded,326,21.16838264042747
105,2026-09-14T02:11:29.064+00:00,2026-09-14T02:16:23.125+00:00,2026-09-14T02:16:29.109+00:00,False,95,94.0,,94.0,294060.605124,300044.222916,300044.222849,3158.3602405157894,0.02298,294060.605124,30163.45782226378,89.3874667,63.65550842553191,21.001927842284104,0.3132871517620125,40,64,,False,False,Request timeout: 300.0s exceeded,487,21.16838264042747
106,2026-09-14T02:11:32.809+00:00,2026-09-14T02:16:26.705+00:00,2026-09-14T02:16:32.832+00:00,False,103,102.0,,102.0,293896.037779,300023.568531,300023.56847,2912.850179320388,0.015179999999999999,293896.037779,28952.94410257287,88.29805199999998,60.07383090196078,157.88653481597404,0.3399732910964987,40,64,,False,False,Request timeout: 300.0s exceeded,464,21.16838264042747
107,2026-09-14T02:11:37.060+00:00,2026-09-14T02:16:30.613+00:00,2026-09-14T02:16:37.084+00:00,False,105,104.0,,104.0,293552.999436,300024.14798,300024.14778,2857.372836,0.01582,293552.999436,28642.204864061427,91.5600402,62.222582153846155,159.13194438143987,0.3466387645801523,40,64,,False,False,Request timeout: 300.0s exceeded,502,21.16838264042747
108,2026-09-14T02:11:39.986+00:00,2026-09-14T02:16:34.022+00:00,2026-09-14T02:16:40.040+00:00,False,86,85.0,,85.0,294036.26401700004,300054.447441,300054.4475,3489.0052034883724,0.02923,294036.26401700004,31699.11690823986,87.50535899999998,70.80215792941176,19.504577276778658,0.2832819200812333,40,64,,False,False,Request timeout: 300.0s exceeded,412,21.16838264042747
109,2026-09-14T02:11:43.829+00:00,2026-09-14T02:16:37.824+00:00,2026-09-14T02:16:43.836+00:00,False,93,92.0,,92.0,293995.00619,300007.548142,300007.548176,3225.887614795699,0.0,293995.00619,30479.15624704198,88.49396580000001,65.35371686956522,66.20451423043089,0.3066589509823081,40,64,,False,False,Request timeout: 300.0s exceeded,409,21.16838264042747
110,2026-09-14T02:11:48.157+00:00,2026-09-14T02:16:42.064+00:00,2026-09-14T02:16:48.189+00:00,False,98,97.0,,97.0,293907.502238,300032.564894,300032.564954,3061.556785244898,0.0,293907.502238,29682.831020505884,89.09155575000001,63.14497583505155,64.10141048315941,0.3232982394236759,40,64,,False,False,Request timeout: 300.0s exceeded,252,21.16838264042747
111,2026-09-14T02:11:51.898+00:00,2026-09-14T02:16:45.107+00:00,2026-09-14T02:16:51.933+00:00,False,100,99.0,,99.0,293208.71282300004,300034.930807,300034.93073500006,3000.3493073500003,0.02066,293208.71282300004,29313.9833191649,89.8087235,68.95169680808081,20.659422954972406,0.3299615805857038,40,64,,False,False,Request timeout: 300.0s exceeded,413,21.16838264042747
112,2026-09-14T02:11:56.649+00:00,2026-09-14T02:16:50.243+00:00,2026-09-14T02:16:56.693+00:00,False,93,92.0,,92.0,293594.37111400004,300044.743978,300044.744132,3226.2875713118283,0.0399,293594.37111400004,30437.05426742903,88.3228562,70.11274852173912,20.080525910720922,0.3066209351987371,40,64,,False,False,Request timeout: 300.0s exceeded,413,21.16838264042747
113,2026-09-14T02:11:59.677+00:00,2026-09-14T02:16:53.146+00:00,2026-09-14T02:16:59.717+00:00,False,94,93.0,,93.0,293469.210362,300040.242938,300040.24308499997,3191.9174796276593,0.036590000000000004,293469.210362,30261.75671247907,89.05277665,70.65626425806452,19.912489746830012,0.30995842120824246,40,64,,False,False,Request timeout: 300.0s exceeded,328,21.16838264042747
114,2026-09-14T02:12:03.086+00:00,2026-09-14T02:16:56.609+00:00,2026-09-14T02:17:03.129+00:00,False,97,96.0,,96.0,293523.768247,300043.247287,300043.247158,3093.22935214433,0.02105,293523.768247,29795.93474133629,90.3401978,67.91124,20.2899492351861,0.31995387620962934,40,64,,False,False,Request timeout: 300.0s exceeded,427,21.16838264042747
115,2026-09-14T02:12:07.167+00:00,2026-09-14T02:17:01.062+00:00,2026-09-14T02:17:07.237+00:00,False,90,89.0,,89.0,293895.462703,300069.87115099997,300069.87117399997,3334.109679711111,0.023440000000000003,293895.462703,30971.995677748433,89.751269,69.37537582022472,20.354843685717693,0.29659758795048696,40,64,,False,False,Request timeout: 300.0s exceeded,401,21.16838264042747
116,2026-09-14T02:12:11.220+00:00,2026-09-14T02:17:05.083+00:00,2026-09-14T02:17:11.243+00:00,False,88,87.0,,87.0,293863.39798400004,300023.322976,300023.32309600007,3409.355944272728,0.0356,293863.39798400004,31318.402229198033,89.65167415,70.80373554022988,20.22033350089751,0.28997745620916093,40,64,,False,False,Request timeout: 300.0s exceeded,190,21.16838264042747
117,2026-09-14T02:12:15.068+00:00,2026-09-14T02:17:08.598+00:00,2026-09-14T02:17:15.083+00:00,False,91,90.0,,90.0,293530.013195,300015.97441100003,300015.97419700003,3296.87883732967,0.03775,293530.013195,30762.757309381403,89.32029050000001,72.06623573333333,18.84471636745942,0.2999840264395607,40,64,,False,False,Request timeout: 300.0s exceeded,380,21.16838264042747
118,2026-09-14T02:12:18.585+00:00,2026-09-14T02:17:12.424+00:00,2026-09-14T02:17:18.667+00:00,False,92,91.0,,91.0,293839.050401,300081.488801,300081.488926,3261.755314413044,0.023440000000000003,293839.050401,30627.69357991228,89.6766156,68.59822417582419,20.414259307798908,0.30325096147582414,40,64,,False,False,Request timeout: 300.0s exceeded,465,21.16838264042747
119,2026-09-14T02:12:21.556+00:00,2026-09-14T02:17:15.212+00:00,2026-09-14T02:17:21.573+00:00,False,96,95.0,,95.0,293655.90034,300017.244852,300017.244777,3125.17963309375,0.025,293655.90034,29964.302837940246,89.81945025,66.96152117894736,20.947404854006113,0.3166484648136276,40,64,,False,False,Request timeout: 300.0s exceeded,408,21.16838264042747
120,2026-09-14T02:12:24.780+00:00,2026-09-14T02:17:18.374+00:00,2026-09-14T02:17:24.858+00:00,False,95,94.0,,94.0,293594.172361,300078.67028099997,300078.670467,3158.7228470210525,0.038799999999999994,293594.172361,30115.055587218973,90.06306769999999,68.98402042553191,20.172703684281203,0.31325118813668573,40,64,,False,False,Request timeout: 300.0s exceeded,293,21.16838264042747
121,2026-09-14T02:12:28.122+00:00,2026-09-14T02:17:21.918+00:00,2026-09-14T02:17:28.133+00:00,False,90,89.0,,89.0,293795.280936,300011.016744,300011.01678,3333.455742,0.023579,293795.280936,30961.386454771557,90.2005413,69.83972817977528,20.056160397267668,0.29665577273098565,40,64,,False,False,Request timeout: 300.0s exceeded,382,21.16838264042747
122,2026-09-14T02:12:31.798+00:00,2026-09-14T02:17:25.626+00:00,2026-09-14T02:17:31.867+00:00,False,93,92.0,,92.0,293827.897185,300068.750177,300068.750072,3226.5456996989246,0.03524,293827.897185,30461.506169808887,87.7879514,67.83535860869566,20.42643519376438,0.30659640480967254,40,64,,False,False,Request timeout: 300.0s exceeded,462,21.16838264042747
123,2026-09-14T02:12:35.475+00:00,2026-09-14T02:17:29.346+00:00,2026-09-14T02:17:35.503+00:00,False,89,88.0,,88.0,293870.038053,300027.999269,300027.999393,3371.101116775281,0.0385,293870.038053,31142.750514949,88.58687100000002,69.976832,19.94013145018458,0.2933059588251985,40,64,,False,False,Request timeout: 300.0s exceeded,435,21.16838264042747
124,2026-09-14T02:12:39.236+00:00,2026-09-14T02:17:32.998+00:00,2026-09-14T02:17:39.270+00:00,False,99,98.0,,98.0,293762.92685399996,300034.21619799995,300034.21624599997,3030.6486489494946,0.0,293762.92685399996,29517.924162000283,87.8763889,63.992748408163266,64.91634015603029,0.32662941327774225,40,64,,False,False,Request timeout: 300.0s exceeded,338,21.16838264042747
125,2026-09-14T02:12:43.396+00:00,2026-09-14T02:17:37.013+00:00,2026-09-14T02:17:43.413+00:00,False,97,96.0,,96.0,293616.80172600003,300016.86009400006,300016.860194,3092.9573215876294,0.0,293616.80172600003,29805.572568978525,88.9830598,66.66727466666667,65.96695171181396,0.3199820169103886,40,64,,False,False,Request timeout: 300.0s exceeded,460,21.16838264042747
126,2026-09-14T02:12:46.945+00:00,2026-09-14T02:17:40.766+00:00,2026-09-14T02:17:47.010+00:00,False,88,87.0,,87.0,293820.960391,300064.50624699995,300064.50625,3409.823934659091,0.023309999999999997,293820.960391,31313.775380853363,91.42776735,71.76489489655172,19.377310612648696,0.28993765736619787,40,64,,False,False,Request timeout: 300.0s exceeded,170,21.16838264042747
127,2026-09-14T02:12:50.548+00:00,2026-09-14T02:17:44.489+00:00,2026-09-14T02:17:50.577+00:00,False,88,87.0,,87.0,293941.37344199995,300029.47046599997,300029.47065399995,3409.4258028863633,0.027919,293941.37344199995,31326.802862192835,90.89967569999999,69.97812671264369,20.857373320962832,0.28997151468111876,40,64,,False,False,Request timeout: 300.0s exceeded,255,21.16838264042747
128,2026-09-14T02:12:55.595+00:00,2026-09-14T02:17:49.462+00:00,2026-09-14T02:17:55.625+00:00,False,93,92.0,,92.0,293867.09299699997,300029.71110899997,300029.71111599996,3226.1259259784943,0.046189999999999995,293867.09299699997,30465.65921552195,90.11687099999999,66.98497947826087,21.094354110701687,0.30663629831839107,40,64,,False,False,Request timeout: 300.0s exceeded,134,21.16838264042747
129,2026-09-14T02:12:59.052+00:00,2026-09-14T02:17:53.688+00:00,2026-09-14T02:17:59.062+00:00,False,81,80.0,,80.0,294635.415997,300009.436093,300009.436205,3703.8202000617284,0.02208,294635.415997,32729.811403533677,89.611861,67.1752512,21.350011804125074,0.26665827929225794,40,64,,False,False,Request timeout: 300.0s exceeded,367,21.16838264042747
130,2026-09-14T02:13:02.014+00:00,2026-09-14T02:17:55.536+00:00,2026-09-14T02:18:02.042+00:00,False,99,98.0,,98.0,293521.195344,300027.861072,300027.861091,3030.5844554646465,0.03555,293521.195344,29493.323963174356,89.4283461,66.39454824489796,20.095523399715237,0.326636331872133,40,64,,False,False,Request timeout: 300.0s exceeded,465,21.16838264042747
131,2026-09-14T02:13:05.522+00:00,2026-09-14T02:17:59.271+00:00,2026-09-14T02:18:05.545+00:00,False,92,91.0,,91.0,293748.892389,300022.90608499997,300022.905994,3261.1185434130434,0.036619,293748.892389,30618.257821853855,88.22920105000001,68.94520545054945,20.470971248117348,0.3033101745045381,40,64,,False,False,Request timeout: 300.0s exceeded,427,21.16838264042747
132,2026-09-14T02:13:08.483+00:00,2026-09-14T02:18:02.774+00:00,2026-09-14T02:18:08.533+00:00,False,82,81.0,,81.0,294291.118382,300049.85835,300049.858328,3659.144613756098,0.02014,294291.118382,32491.17222253148,89.37404250000002,71.09555516049382,20.03357753107508,0.26995513494132595,40,64,,False,False,Request timeout: 300.0s exceeded,431,21.16838264042747
133,2026-09-14T02:13:11.758+00:00,2026-09-14T02:18:05.722+00:00,2026-09-14T02:18:11.847+00:00,False,88,87.0,,87.0,293963.966127,300089.270703,300089.270687,3410.105348715909,0.03726,293963.966127,31329.165520056213,91.749501,70.40579972413794,20.643391063292317,0.2899137306581826,40,64,,False,False,Request timeout: 300.0s exceeded,213,21.16838264042747
134,2026-09-14T02:13:15.406+00:00,2026-09-14T02:18:09.090+00:00,2026-09-14T02:18:15.484+00:00,False,96,95.0,,95.0,293683.91493900004,300077.432763,300077.43278300005,3125.8065914895838,0.05905,293683.91493900004,29967.127332272867,90.04359975000001,67.30018762105264,20.70323924696142,0.31658495317450486,40,64,,False,False,Request timeout: 300.0s exceeded,593,21.16838264042747
135,2026-09-14T02:13:18.148+00:00,2026-09-14T02:18:11.847+00:00,2026-09-14T02:18:18.206+00:00,False,97,96.0,,96.0,293698.983606,300058.237878,300058.237871,3093.38389557732,0.03541,293698.983606,29813.89468421797,88.456441,66.242232,20.37996898459807,0.319937891653661,40,64,,False,False,Request timeout: 300.0s exceeded,370,21.16838264042747
136,2026-09-14T02:13:21.623+00:00,2026-09-14T02:18:15.321+00:00,2026-09-14T02:18:21.708+00:00,False,95,94.0,,94.0,293697.466547,300084.409779,300084.409894,3158.783262042105,0.02175,293697.466547,30125.75986902175,88.910915,67.94620459574469,20.242863930591945,0.31324519680721563,40,64,,False,False,Request timeout: 300.0s exceeded,437,21.16838264042747
137,2026-09-14T02:13:25.028+00:00,2026-09-14T02:18:18.663+00:00,2026-09-14T02:18:25.063+00:00,False,96,95.0,,95.0,293635.384575,300035.582207,300035.58216399996,3125.3706475416666,0.0185,293635.384575,29962.16650671808,87.51104800000002,67.37050138947369,19.89640582023226,0.31662911212463385,40,64,,False,False,Request timeout: 300.0s exceeded,465,21.16838264042747
138,2026-09-14T02:13:29.928+00:00,2026-09-14T02:18:23.545+00:00,2026-09-14T02:18:29.944+00:00,False,92,91.0,,91.0,293616.901296,300016.146608,300016.146608,3261.0450718260868,0.039009999999999996,293616.901296,30604.352795059196,89.51369945,70.32137705494505,19.651516159558124,0.3033170081972297,40,64,,False,False,Request timeout: 300.0s exceeded,395,21.16838264042747
139,2026-09-14T02:13:33.990+00:00,2026-09-14T02:18:27.772+00:00,2026-09-14T02:18:34.079+00:00,False,98,97.0,,97.0,293782.17345099995,300088.9379949999,300088.93801899994,3062.1320206020405,0.0,293782.17345099995,29669.978621137358,92.82915815,65.01819117525774,62.641307497639495,0.3232375063475889,40,64,,False,False,Request timeout: 300.0s exceeded,469,21.16838264042747
140,2026-09-14T02:13:39.047+00:00,2026-09-14T02:18:32.812+00:00,2026-09-14T02:18:39.081+00:00,False,93,92.0,,92.0,293765.73227100004,300034.62494300003,300034.62498,3226.178763225807,0.03087,293765.73227100004,30455.0289113694,90.8622146,68.14013773913044,21.233068692141742,0.3066312763651128,40,64,,False,False,Request timeout: 300.0s exceeded,346,21.16838264042747
141,2026-09-14T02:13:41.816+00:00,2026-09-14T02:18:35.724+00:00,2026-09-14T02:18:41.850+00:00,False,91,90.0,,90.0,293908.017131,300034.038251,300034.03819,3297.0773427472527,0.019489999999999997,293908.017131,30802.803717792736,90.14829399999999,68.06690133333333,21.31496673743744,0.2999659656105703,40,64,,False,False,Request timeout: 300.0s exceeded,403,21.16838264042747
142,2026-09-14T02:13:44.808+00:00,2026-09-14T02:18:38.752+00:00,2026-09-14T02:18:44.846+00:00,False,94,93.0,,93.0,293943.82206800004,300037.91512400005,300037.91509400005,3191.892713765958,0.02207,293943.82206800004,30311.23869565724,88.63408815000001,65.52788232258064,20.788223486530512,0.3099608259894915,40,64,,False,False,Request timeout: 300.0s exceeded,448,21.16838264042747
143,2026-09-14T02:13:48.225+00:00,2026-09-14T02:18:42.153+00:00,2026-09-14T02:18:48.269+00:00,False,97,96.0,,96.0,293927.79162800004,300044.16513200005,300044.16514700005,3093.238815948454,0.023,293927.79162800004,29837.3837132795,89.03290099999998,63.712224,20.69757989416203,0.31995289746016625,40,64,,False,False,Request timeout: 300.0s exceeded,438,21.16838264042747
144,2026-09-14T02:13:52.747+00:00,2026-09-14T02:18:46.066+00:00,2026-09-14T02:18:52.816+00:00,False,102,101.0,,101.0,293319.445841,300069.23374500003,300069.23376000003,2941.8552329411764,0.02434,293319.445841,29036.34284524537,89.437101,66.82958320792079,20.40591244904669,0.33658898894589834,40,64,,False,False,Request timeout: 300.0s exceeded,152,21.16838264042747
145,2026-09-14T02:13:57.807+00:00,2026-09-14T02:18:51.451+00:00,2026-09-14T02:18:59.313+00:00,False,92,91.0,,91.0,293644.36374400003,301506.455008,301506.45501200005,3277.2440762173915,0.02856,293644.36374400003,30606.17995842982,89.2066315,86.3966072967033,199.98685639137156,0.3018177504610488,40,64,,False,False,Request timeout: 300.0s exceeded,365,21.16838264042747
146,2026-09-14T02:14:02.121+00:00,2026-09-14T02:18:55.844+00:00,2026-09-14T02:19:02.192+00:00,False,104,103.0,,103.0,293722.754893,300070.208589,300070.20850300003,2885.290466375,0.015390000000000001,293722.754893,28796.460379188688,90.1996318,61.62576403883495,189.50997781147296,0.34325300230346084,40,64,,False,False,Request timeout: 300.0s exceeded,489,21.16838264042747
147,2026-09-14T02:14:06.364+00:00,2026-09-14T02:19:00.489+00:00,2026-09-14T02:19:06.379+00:00,False,90,89.0,,89.0,294125.478426,300014.954778,300014.954594,3333.499495488889,0.020649999999999998,294125.478426,30996.57922884754,89.31058800000001,66.17389159550562,20.817683701061007,0.29665187879003135,40,64,,False,False,Request timeout: 300.0s exceeded,477,21.16838264042747
148,2026-09-14T02:14:09.400+00:00,2026-09-14T02:19:03.153+00:00,2026-09-14T02:19:09.475+00:00,False,95,94.0,,94.0,293752.637638,300075.137734,300075.137791,3158.685660957895,0.02786,293752.637638,30131.49039005837,87.22763210000001,67.26063931914894,19.8635600022151,0.3132548757948944,40,64,,False,False,Request timeout: 300.0s exceeded,167,21.16838264042747
149,2026-09-14T02:14:12.988+00:00,2026-09-14T02:19:06.758+00:00,2026-09-14T02:19:13.467+00:00,False,96,95.0,,95.0,293769.95437,300478.855746,300478.855735,3129.9880805729167,0.027809999999999998,293769.95437,29975.568316382487,87.57741949999999,70.62001448421051,18.298136426022705,0.31616201334414407,40,64,,False,False,Request timeout: 300.0s exceeded,481,21.16838264042747
150,2026-09-14T02:14:16.933+00:00,2026-09-14T02:19:10.601+00:00,2026-09-14T02:19:16.971+00:00,False,92,91.0,,91.0,293668.678668,300038.43943599996,300038.43922099995,3261.287382836956,0.0337,293668.678668,30609.78484074953,89.82424605,69.99737107692307,19.81213069509376,0.30329447177187724,40,64,,False,False,Request timeout: 300.0s exceeded,361,21.16838264042747
151,2026-09-14T02:14:20.834+00:00,2026-09-14T02:19:14.626+00:00,2026-09-14T02:19:20.869+00:00,False,88,87.0,,87.0,293792.011089,300035.554129,300035.55416899995,3409.494933738636,0.02249,293792.011089,31310.689783821435,89.77357335,71.76486252873563,20.028294390821625,0.2899656350813492,40,64,,False,False,Request timeout: 300.0s exceeded,450,21.16838264042747
152,2026-09-14T02:14:24.818+00:00,2026-09-14T02:19:18.382+00:00,2026-09-14T02:19:24.874+00:00,False,97,96.0,,96.0,293564.829595,300056.23029900005,300056.230432,3093.363200329897,0.03616,293564.829595,29800.133584471238,88.91578020000001,67.61875733333333,20.288510319392923,0.31994003225441414,40,64,,False,False,Request timeout: 300.0s exceeded,430,21.16838264042747
153,2026-09-14T02:14:28.910+00:00,2026-09-14T02:19:22.496+00:00,2026-09-14T02:19:28.776+00:00,True,102,102.0,,102.0,293585.583436,299865.731148,299865.73108,2939.8601086274507,0.0,293585.583436,29063.221830013747,90.81638154999999,62.179680316831686,65.96807570062664,0.340152239502344,40,64,,False,True,,387,21.16838264042747
154,2026-09-14T02:14:32.453+00:00,2026-09-14T02:19:26.801+00:00,2026-09-14T02:19:32.471+00:00,False,94,93.0,,93.0,294348.11066299997,300018.34631099994,300018.346315,3191.684535265957,0.024050000000000002,294348.11066299997,30353.40784073038,88.8165863,60.97027578494623,20.623776941878916,0.3099810433045848,40,64,,False,False,Request timeout: 300.0s exceeded,426,21.16838264042747
155,2026-09-14T02:14:36.635+00:00,2026-09-14T02:19:30.331+00:00,2026-09-14T02:19:36.677+00:00,False,102,101.0,,101.0,293695.306588,300041.55017199996,300041.550092,2941.5838244313722,0.04461,293695.306588,29073.95387345013,86.84724655,62.83409489108911,19.918699864748138,0.33662004459749445,40,64,,False,False,Request timeout: 300.0s exceeded,392,21.16838264042747
156,2026-09-14T02:14:41.396+00:00,2026-09-14T02:19:35.169+00:00,2026-09-14T02:19:41.421+00:00,False,92,91.0,,91.0,293772.957615,300025.128367,300025.12848400004,3261.142700913044,0.03796,293772.957615,30620.79102091198,87.82926900000001,68.7051730989011,19.225398973502777,0.3033079278902465,40,64,,False,False,Request timeout: 300.0s exceeded,178,21.16838264042747
157,2026-09-14T02:14:45.594+00:00,2026-09-14T02:19:39.348+00:00,2026-09-14T02:19:45.673+00:00,False,93,92.0,,92.0,293754.590713,300079.296761,300079.296654,3226.6591038064516,0.0417,293754.590713,30453.80972443228,88.205134,68.74680486956522,19.802706495349078,0.30658562917545745,40,64,,False,False,Request timeout: 300.0s exceeded,483,21.16838264042747
158,2026-09-14T02:14:50.304+00:00,2026-09-14T02:19:44.122+00:00,2026-09-14T02:19:50.314+00:00,False,97,96.0,,96.0,293817.98095099995,300009.12027899997,300009.1201739999,3092.8775275670096,0.03417,293817.98095099995,29826.15475844676,87.9754198,64.49103466666666,20.261314408812332,0.31999027199814034,40,64,,False,False,Request timeout: 300.0s exceeded,437,21.16838264042747
159,2026-09-14T02:14:53.140+00:00,2026-09-14T02:19:46.599+00:00,2026-09-14T02:19:53.190+00:00,False,102,101.0,,101.0,293458.210107,300049.988667,300049.988575,2941.666554656863,0.038450000000000005,293458.210107,29050.237648932685,88.77829054999998,65.26513425742574,20.682613127241705,0.3366105776197556,40,64,,False,False,Request timeout: 300.0s exceeded,333,21.16838264042747
160,2026-09-14T02:14:57.447+00:00,2026-09-14T02:19:50.914+00:00,2026-09-14T02:19:57.524+00:00,False,97,96.0,,96.0,293466.69851599995,300076.35176399996,300076.35187899997,3093.5706379278345,0.039729999999999994,293466.69851599995,29790.044496595936,88.92738800000001,68.85055466666667,19.810048150175056,0.31991857884056385,40,64,,False,False,Request timeout: 300.0s exceeded,472,21.16838264042747
161,2026-09-14T02:15:02.490+00:00,2026-09-14T02:19:56.326+00:00,2026-09-14T02:20:02.548+00:00,False,96,95.0,,95.0,293836.864629,300058.64203700004,300058.642017,3125.6108543437504,0.06827,293836.864629,29982.921989971677,88.37651375000002,65.49239376842105,20.396263600015995,0.31660477883615035,40,64,,False,False,Request timeout: 300.0s exceeded,143,21.16838264042747
162,2026-09-14T02:15:06.379+00:00,2026-09-14T02:20:00.096+00:00,2026-09-14T02:20:06.389+00:00,False,95,94.0,,94.0,293716.366645,300009.447221,300009.447241,3157.9941814842105,0.036109999999999996,293716.366645,30127.80151305826,88.69900369999999,66.94766570212765,20.37380645722676,0.31332346654655685,40,64,,False,False,Request timeout: 300.0s exceeded,312,21.16838264042747
163,2026-09-14T02:15:09.245+00:00,2026-09-14T02:20:03.180+00:00,2026-09-14T02:20:09.306+00:00,False,92,91.0,,91.0,293934.86127999995,300060.70140799996,300060.70138999994,3261.529362934782,0.01868,293934.86127999995,30637.816076042185,88.7008886,67.31692448351649,20.32121217951755,0.30327196988140426,40,64,,False,False,Request timeout: 300.0s exceeded,419,21.16838264042747
164,2026-09-14T02:15:13.505+00:00,2026-09-14T02:20:07.429+00:00,2026-09-14T02:20:13.517+00:00,False,92,91.0,,91.0,293924.052807,300012.209223,300012.209106,3261.0022728913045,0.04265,293924.052807,30636.732692587197,90.23593199999999,66.90281775824175,20.779113314412886,0.3033209889546843,40,64,,False,False,Request timeout: 300.0s exceeded,295,21.16838264042747
165,2026-09-14T02:15:18.232+00:00,2026-09-14T02:20:11.926+00:00,2026-09-14T02:20:18.305+00:00,False,92,91.0,,91.0,293694.229161,300073.677481,300073.677465,3261.670407228261,0.03644,293694.229161,30612.437983491513,89.422813,70.10382769230769,20.45680069654558,0.3032588555047849,40,64,,False,False,Request timeout: 300.0s exceeded,487,21.16838264042747
166,2026-09-14T02:15:22.278+00:00,2026-09-14T02:20:15.843+00:00,2026-09-14T02:20:22.538+00:00,False,88,87.0,,87.0,293565.02129299997,300259.689837,300259.689761,3412.041929102272,0.024460000000000003,293565.02129299997,31286.00172263315,90.2130415,76.95021314942528,65.71588834299604,0.2897491836057951,40,64,,False,False,Request timeout: 300.0s exceeded,358,21.16838264042747
167,2026-09-14T02:15:26.914+00:00,2026-09-14T02:20:20.383+00:00,2026-09-14T02:20:26.982+00:00,False,101,100.0,,100.0,293468.528467,300067.754067,300067.754136,2970.9678627326734,0.0,293468.528467,29194.71606866722,89.98192999999999,65.992256,65.41159534943789,0.33325806803510016,40,64,,False,False,Request timeout: 300.0s exceeded,416,21.16838264042747
168,2026-09-14T02:15:30.122+00:00,2026-09-14T02:20:23.777+00:00,2026-09-14T02:20:30.180+00:00,False,97,96.0,,96.0,293654.483328,300057.779584,300057.779491,3093.3791700103093,0.02689,293654.483328,29809.329277926496,87.264942,66.70100266666667,19.615259314970444,0.3199383803115999,40,64,,False,False,Request timeout: 300.0s exceeded,413,21.16838264042747
169,2026-09-14T02:15:35.078+00:00,2026-09-14T02:20:28.462+00:00,2026-09-14T02:20:35.164+00:00,False,97,96.0,,96.0,293384.105991,300086.44736700004,300086.44728300004,3093.6747142577324,0.022629999999999997,293384.105991,29781.56025168369,89.42362279999999,69.816056,19.480961771416574,0.3199078160387357,40,64,,False,False,Request timeout: 300.0s exceeded,430,21.16838264042747
170,2026-09-14T02:15:38.912+00:00,2026-09-14T02:20:32.353+00:00,2026-09-14T02:20:38.933+00:00,False,92,91.0,,91.0,293440.865908,300020.716404,300020.716638,3261.0947460652174,0.01768,293440.865908,30585.792744937862,89.4772586,72.30604940659342,19.36719163904632,0.3033123881934266,40,64,,False,False,Request timeout: 300.0s exceeded,402,21.16838264042747
171,2026-09-14T02:15:42.841+00:00,2026-09-14T02:20:36.616+00:00,2026-09-14T02:20:42.878+00:00,False,88,87.0,,87.0,293775.696686,300037.838894,300037.838888,3409.5208964545454,0.03549,293775.696686,31308.927678493437,90.04854585000001,71.97864606896553,19.71731435069911,0.2899634270154043,40,64,,False,False,Request timeout: 300.0s exceeded,386,21.16838264042747
172,2026-09-14T02:15:47.213+00:00,2026-09-14T02:20:40.907+00:00,2026-09-14T02:20:47.253+00:00,False,94,93.0,,93.0,293693.892088,300039.69919200003,300039.699283,3191.9116945,0.12670900000000002,293693.892088,30285.181294555423,89.60261915,68.2344849892473,20.886421369141946,0.30995898292941515,40,64,,False,False,Request timeout: 300.0s exceeded,423,21.16838264042747
173,2026-09-14T02:15:50.123+00:00,2026-09-14T02:20:43.791+00:00,2026-09-14T02:20:50.162+00:00,False,93,92.0,,92.0,293667.861325,300038.357837,300038.357847,3226.2189015806453,0.026109999999999998,293667.861325,30444.766186060573,91.91829240000001,69.24452730434783,21.99685984874687,0.30662746144604713,40,64,,False,False,Request timeout: 300.0s exceeded,470,21.16838264042747
174,2026-09-14T02:15:52.874+00:00,2026-09-14T02:20:46.652+00:00,2026-09-14T02:20:52.924+00:00,False,93,92.0,,92.0,293778.288313,300049.688249,300049.68831399997,3226.34073455914,0.04179,293778.288313,30456.328923602166,91.26464339999998,68.16739060869565,22.414898106439388,0.30661588264558587,40,64,,False,False,Request timeout: 300.0s exceeded,363,21.16838264042747
175,2026-09-14T02:15:57.385+00:00,2026-09-14T02:20:51.278+00:00,2026-09-14T02:20:57.441+00:00,False,91,90.0,,90.0,293892.03508099995,300055.2960089999,300055.29589999997,3297.3109439560435,0.024999,293892.03508099995,30801.083911951137,87.51718550000001,68.48067697777778,19.710294627349196,0.2999447141812839,40,64,,False,False,Request timeout: 300.0s exceeded,404,21.16838264042747
176,2026-09-14T02:16:02.443+00:00,2026-09-14T02:20:56.256+00:00,2026-09-14T02:21:02.522+00:00,False,92,91.0,,91.0,293812.857439,300078.450527,300078.45035199996,3261.7222864347823,0.02434,293812.857439,30624.935957902464,89.8936896,68.85267129670329,19.969592799418965,0.3032540318712827,40,64,,False,False,Request timeout: 300.0s exceeded,461,21.16838264042747
177,2026-09-14T02:16:06.474+00:00,2026-09-14T02:20:59.907+00:00,2026-09-14T02:21:06.563+00:00,False,100,99.0,,99.0,293433.10604900005,300089.52384100005,300089.52358700003,3000.8952358700003,0.01887,293433.10604900005,29336.59393413545,88.97654829999999,67.23654335353535,20.344887228247263,0.3299015531526996,40,64,,False,False,Request timeout: 300.0s exceeded,480,21.16838264042747
178,2026-09-14T02:16:11.334+00:00,2026-09-14T02:21:05.216+00:00,2026-09-14T02:21:11.358+00:00,False,91,90.0,,90.0,293882.09425,300023.81405800005,300023.81406500004,3296.964989725275,0.04174,293882.09425,30800.067772024526,90.71837799999999,68.2413312,21.01355245341482,0.29997618783221447,40,64,,False,False,Request timeout: 300.0s exceeded,410,21.16838264042747
179,2026-09-14T02:16:14.448+00:00,2026-09-14T02:21:08.145+00:00,2026-09-14T02:21:14.494+00:00,False,94,93.0,,93.0,293696.514385,300045.602129,300045.601952,3191.9744888510636,0.02543,293696.514385,30285.448112341564,90.38261490000001,68.26976068817204,20.866902589937535,0.30995288496185347,40,64,,False,False,Request timeout: 300.0s exceeded,448,21.16838264042747
180,2026-09-14T02:16:18.542+00:00,2026-09-14T02:21:12.433+00:00,2026-09-14T02:21:18.557+00:00,False,96,95.0,,95.0,293890.687032,300015.243576,300015.243623,3125.158787739583,0.0,293890.687032,29988.588871462656,88.99835724999998,64.46901625263158,67.90517747511629,0.316650577042878,40,64,,False,False,Request timeout: 300.0s exceeded,459,21.16838264042747
181,2026-09-14T02:16:22.110+00:00,2026-09-14T02:21:16.274+00:00,2026-09-14T02:21:22.151+00:00,False,93,92.0,,92.0,294163.485269,300041.216853,300041.216793,3226.2496429354837,0.0,294163.485269,30496.786003930905,91.2014712,63.8883867826087,69.55814427716658,0.30662453967140724,40,64,,False,False,Request timeout: 300.0s exceeded,385,21.16838264042747
182,2026-09-14T02:16:25.445+00:00,2026-09-14T02:21:19.368+00:00,2026-09-14T02:21:25.474+00:00,False,93,92.0,,92.0,293923.659301,300029.173797,300029.173822,3226.120148623656,0.02195,293923.659301,30471.588228305973,87.658007,66.364288,19.57800709143349,0.3066368474628647,40,64,,False,False,Request timeout: 300.0s exceeded,444,21.16838264042747
183,2026-09-14T02:16:29.028+00:00,2026-09-14T02:21:22.823+00:00,2026-09-14T02:21:29.068+00:00,False,93,92.0,,92.0,293795.193226,300040.560778,300040.560772,3226.2425889462365,0.02174,293795.193226,30458.109451748373,88.0762856,67.88442991304349,19.83340291653411,0.306625210143074,40,64,,False,False,Request timeout: 300.0s exceeded,452,21.16838264042747
184,2026-09-14T02:16:33.370+00:00,2026-09-14T02:21:27.179+00:00,2026-09-14T02:21:33.463+00:00,False,99,98.0,,98.0,293809.73713200004,300093.50314800005,300093.50323800003,3031.247507454546,0.02257,293809.73713200004,29522.55244773787,89.4661077,64.1200613877551,20.617169245473953,0.3265648838511122,40,64,,False,False,Request timeout: 300.0s exceeded,522,21.16838264042747
185,2026-09-14T02:16:37.474+00:00,2026-09-14T02:21:30.879+00:00,2026-09-14T02:21:37.535+00:00,False,102,101.0,,101.0,293405.55027,300061.098174,300061.098171,2941.775472264706,0.02095,293405.55027,29044.96096615172,90.78700865,65.8965139009901,20.58695769582246,0.33659811489935937,40,64,,False,False,Request timeout: 300.0s exceeded,525,21.16838264042747
186,2026-09-14T02:16:40.734+00:00,2026-09-14T02:21:34.469+00:00,2026-09-14T02:21:40.795+00:00,False,94,93.0,,93.0,293734.870049,300061.185313,300061.185294,3192.1402690851064,0.025070000000000002,293734.870049,30289.428810210356,87.60408115,68.02489531182796,19.903144421474913,0.309936788068706,40,64,,False,False,Request timeout: 300.0s exceeded,384,21.16838264042747
187,2026-09-14T02:16:45.091+00:00,2026-09-14T02:21:39.100+00:00,2026-09-14T02:21:46.387+00:00,False,82,81.0,,81.0,294009.061796,301296.544932,301296.544912,3674.348108682927,0.05486,294009.061796,32458.73033664433,90.27485405000002,89.96892760493827,228.7876824722974,0.2688381309459788,40,64,,False,False,Request timeout: 300.0s exceeded,313,21.16838264042747
188,2026-09-14T02:16:49.236+00:00,2026-09-14T02:21:42.548+00:00,2026-09-14T02:21:49.319+00:00,False,114,113.0,,113.0,293312.075526,300083.06791,300083.068063,2632.3076145877194,0.01514,293312.075526,27466.303688675456,91.23992665,59.920286584070794,200.16300698300745,0.37656239916172346,40,64,,False,False,Request timeout: 300.0s exceeded,501,21.16838264042747
189,2026-09-14T02:16:54.256+00:00,2026-09-14T02:21:48.208+00:00,2026-09-14T02:21:54.279+00:00,False,90,89.0,,89.0,293952.239504,300022.427536,300022.42757,3333.5825285555557,0.03593,293952.239504,30978.10333710795,87.1453585,68.20435991011236,19.448810205431467,0.2966444899834057,40,64,,False,False,Request timeout: 300.0s exceeded,557,21.16838264042747
190,2026-09-14T02:16:58.546+00:00,2026-09-14T02:21:52.374+00:00,2026-09-14T02:21:58.570+00:00,False,90,89.0,,89.0,293827.71852399997,300024.199804,300024.199974,3333.602221933333,0.039990000000000005,293827.71852399997,30964.828059531268,87.05691649999999,69.62338516853933,19.387766994451827,0.2966427376796338,40,64,,False,False,Request timeout: 300.0s exceeded,219,21.16838264042747
191,2026-09-14T02:17:02.614+00:00,2026-09-14T02:21:56.416+00:00,2026-09-14T02:22:02.623+00:00,False,92,91.0,,91.0,293802.46210299997,300008.830103,300008.830272,3260.9655464347825,0.035840000000000004,293802.46210299997,30623.919910729113,88.62911104999999,68.20184615384616,19.795962058230533,0.30332440538086025,40,64,,False,False,Request timeout: 300.0s exceeded,450,21.16838264042747
192,2026-09-14T02:17:06.065+00:00,2026-09-14T02:21:59.736+00:00,2026-09-14T02:22:06.118+00:00,False,98,97.0,,97.0,293670.687125,300053.094549,300053.094492,3061.7662703265305,0.02844,293670.687125,29658.579340234042,87.8790535,65.79801468041238,20.12473430323719,0.3232761193341383,40,64,,False,False,Request timeout: 300.0s exceeded,465,21.16838264042747
193,2026-09-14T02:17:09.031+00:00,2026-09-14T02:22:02.623+00:00,2026-09-14T02:22:09.095+00:00,False,99,98.0,,98.0,293591.828964,300063.702244,300063.702243,3030.94648730303,0.02791,293591.828964,29500.458724615368,88.16316479999999,66.03952326530612,20.29595982314849,0.3265973167268004,40,64,,False,False,Request timeout: 300.0s exceeded,450,21.16838264042747
194,2026-09-14T02:17:13.639+00:00,2026-09-14T02:22:07.570+00:00,2026-09-14T02:22:13.680+00:00,False,102,101.0,,101.0,293930.824047,300041.211503,300041.21139899996,2941.5805039117645,0.0,293930.824047,29097.572716732444,88.0855151,60.4988857029703,66.2510383201245,0.3366204245545454,40,64,,False,False,Request timeout: 300.0s exceeded,382,21.16838264042747
195,2026-09-14T02:17:16.577+00:00,2026-09-14T02:22:10.235+00:00,2026-09-14T02:22:16.616+00:00,False,104,103.0,,103.0,293658.24437599996,300038.51343199995,300038.51338799996,2884.985705653846,0.0,293658.24437599996,28789.560838384532,88.334604,61.94435976699029,66.04194691350963,0.34328926250777364,40,64,,False,False,Request timeout: 300.0s exceeded,457,21.16838264042747
196,2026-09-14T02:17:21.615+00:00,2026-09-14T02:22:14.924+00:00,2026-09-14T02:22:21.662+00:00,False,100,99.0,,99.0,293309.84840200003,300047.02677000005,300047.02685900003,3000.47026859,0.02677,293309.84840200003,29324.1861911961,87.3328444,68.05230674747474,19.747093349294612,0.32994827866062504,40,64,,False,False,Request timeout: 300.0s exceeded,411,21.16838264042747
197,2026-09-14T02:17:25.166+00:00,2026-09-14T02:22:18.692+00:00,2026-09-14T02:22:25.203+00:00,False,96,95.0,,95.0,293526.418157,300037.763053,300037.76292099996,3125.3933637604164,0.03903,293526.418157,29950.925766929755,90.1392165,68.54047258947368,19.905224676102364,0.3166268106832232,40,64,,False,False,Request timeout: 300.0s exceeded,406,21.16838264042747
198,2026-09-14T02:17:29.364+00:00,2026-09-14T02:22:23.157+00:00,2026-09-14T02:22:29.407+00:00,False,95,94.0,,94.0,293792.679,300042.496344,300042.496328,3158.342066610526,0.03725,293792.679,30135.6780220194,89.73762869999999,66.48741855319149,20.084559594519124,0.31328895454938693,40,64,,False,False,Request timeout: 300.0s exceeded,500,21.16838264042747
199,2026-09-14T02:17:32.255+00:00,2026-09-14T02:22:26.526+00:00,2026-09-14T02:22:32.322+00:00,False,84,83.0,,83.0,294271.127056,300067.257104,300067.257042,3572.2292505,0.02268,294271.127056,32099.99910384678,89.94698215,69.83289214457831,20.145245873150753,0.27660465457326827,40,64,,False,False,Request timeout: 300.0s exceeded,385,21.16838264042747
200,2026-09-14T02:17:35.489+00:00,2026-09-14T02:22:29.277+00:00,2026-09-14T02:22:35.514+00:00,False,89,88.0,,88.0,293787.208484,300024.277028,300024.277058,3371.059292786517,0.027899999999999998,293787.208484,31133.87596401681,90.3723848,70.87577890909091,20.94467206389968,0.293309597715612,40,64,,False,False,Request timeout: 300.0s exceeded,379,21.16838264042747
201,2026-09-14T02:17:39.784+00:00,2026-09-14T02:22:33.296+00:00,2026-09-14T02:22:39.812+00:00,False,96,95.0,,95.0,293512.081223,300028.285767,300028.28568800003,3125.2946425833334,0.02343,293512.081223,29949.45878985437,91.42306425000001,68.59162677894737,22.069624050593085,0.3166368122830138,40,64,,False,False,Request timeout: 300.0s exceeded,364,21.16838264042747
202,2026-09-14T02:17:44.232+00:00,2026-09-14T02:22:38.195+00:00,2026-09-14T02:22:44.262+00:00,False,88,87.0,,87.0,293962.1725,300029.405268,300029.405284,3409.4250600454543,0.019510000000000003,293962.1725,31329.04623836188,91.27460685,69.73830767816092,21.785805619941524,0.2899715776934852,40,64,,False,False,Request timeout: 300.0s exceeded,280,21.16838264042747
203,2026-09-14T02:17:47.951+00:00,2026-09-14T02:22:41.753+00:00,2026-09-14T02:22:48.026+00:00,False,94,93.0,,93.0,293801.91082499997,300074.945577,300074.94548399997,3192.286654085106,0.023420000000000003,293801.91082499997,30296.40306091284,91.05448815,67.45198658064515,20.558628997992397,0.30992257557915964,40,64,,False,False,Request timeout: 300.0s exceeded,452,21.16838264042747
204,2026-09-14T02:17:50.813+00:00,2026-09-14T02:22:44.509+00:00,2026-09-14T02:22:50.889+00:00,False,94,93.0,,93.0,293696.021344,300075.627872,300075.627948,3192.2939143404255,0.0233,293696.021344,30285.362076984802,88.0012165,68.59791965591398,18.806914790635133,0.3099218708947266,40,64,,False,False,Request timeout: 300.0s exceeded,424,21.16838264042747
205,2026-09-14T02:17:54.505+00:00,2026-09-14T02:22:48.235+00:00,2026-09-14T02:22:54.599+00:00,False,96,95.0,,95.0,293729.702039,300093.845911,300093.846055,3125.977563072917,0.02531,293729.702039,29971.830978934657,86.31635775,66.99098812631578,19.127550864550248,0.3165676380720401,40,64,,False,False,Request timeout: 300.0s exceeded,582,21.16838264042747
206,2026-09-14T02:17:58.567+00:00,2026-09-14T02:22:52.430+00:00,2026-09-14T02:22:58.616+00:00,False,93,92.0,,92.0,293863.936184,300049.251512,300049.251669,3226.336039451613,0.02296,293863.936184,30465.306207684593,89.616787,67.2316883478261,20.978728576230175,0.3066163289406526,40,64,,False,False,Request timeout: 300.0s exceeded,429,21.16838264042747
207,2026-09-14T02:18:02.825+00:00,2026-09-14T02:22:56.822+00:00,2026-09-14T02:23:02.916+00:00,False,89,88.0,,88.0,293996.258742,300090.169014,300090.16894999996,3371.799651123595,0.04047,293996.258742,31156.20785855077,89.7931104,69.24898036363636,21.207956944174434,0.2932451945664857,40,64,,False,False,Request timeout: 300.0s exceeded,417,21.16838264042747
208,2026-09-14T02:18:07.458+00:00,2026-09-14T02:23:01.587+00:00,2026-09-14T02:23:07.537+00:00,False,92,91.0,,91.0,294129.544219,300078.933019,300078.93289299996,3261.727531445652,0.0,294129.544219,30658.38574782904,87.74501865,65.3778989010989,69.12888473805697,0.30325354427409335,40,64,,False,False,Request timeout: 300.0s exceeded,447,21.16838264042747
209,2026-09-14T02:18:11.431+00:00,2026-09-14T02:23:04.846+00:00,2026-09-14T02:23:11.462+00:00,False,103,102.0,,102.0,293414.350208,300030.08243199997,300030.082412,2912.9134214757282,0.0,293414.350208,28904.65904003969,88.6896643,64.86011984313726,66.13063231149656,0.3399659099954342,40,64,,False,False,Request timeout: 300.0s exceeded,480,21.16838264042747
210,2026-09-14T02:18:16.359+00:00,2026-09-14T02:23:09.796+00:00,2026-09-14T02:23:16.426+00:00,False,93,92.0,,92.0,293436.93930800003,300066.292268,300066.29252400005,3226.519274451613,0.02683,293436.93930800003,30420.527129972957,90.000996,72.0581843478261,19.314182937261133,0.3065989162082607,40,64,,False,False,Request timeout: 300.0s exceeded,481,21.16838264042747
211,2026-09-14T02:18:19.245+00:00,2026-09-14T02:23:12.990+00:00,2026-09-14T02:23:19.279+00:00,False,88,87.0,,87.0,293744.409574,300033.969894,300033.969729,3409.476928738636,0.08962,293744.409574,31305.559096940313,90.42313050000001,72.29379678160919,20.08349770897934,0.2899671661536743,40,64,,False,False,Request timeout: 300.0s exceeded,419,21.16838264042747
212,2026-09-14T02:18:22.986+00:00,2026-09-14T02:23:16.512+00:00,2026-09-14T02:23:23.049+00:00,False,100,99.0,,99.0,293525.800422,300063.174118,300063.174193,3000.63174193,0.037149999999999996,293525.800422,29345.983361220817,89.6502121,66.03407773737374,19.971015567457894,0.3299305231006728,40,64,,False,False,Request timeout: 300.0s exceeded,383,21.16838264042747
213,2026-09-14T02:18:27.358+00:00,2026-09-14T02:23:21.102+00:00,2026-09-14T02:23:27.403+00:00,False,93,92.0,,92.0,293743.896589,300045.026573,300045.026409,3226.290606548387,0.037340000000000005,293743.896589,30452.72767368607,89.395419,68.49054330434782,20.271186249662428,0.3066206464102703,40,64,,False,False,Request timeout: 300.0s exceeded,134,21.16838264042747
214,2026-09-14T02:18:32.035+00:00,2026-09-14T02:23:25.593+00:00,2026-09-14T02:23:32.071+00:00,False,100,99.0,,99.0,293557.923699,300036.671347,300036.671523,3000.36671523,0.038880000000000005,293557.923699,29349.255418968005,90.1872795,65.44189543434344,20.718138559615255,0.32995966644858554,40,64,,False,False,Request timeout: 300.0s exceeded,461,21.16838264042747
215,2026-09-14T02:18:36.021+00:00,2026-09-14T02:23:29.510+00:00,2026-09-14T02:23:36.057+00:00,False,99,98.0,,98.0,293488.955101,300035.74294100003,300035.743091,3030.6640716262627,0.0215,293488.955101,29490.043543312444,91.7239309,66.8039575510204,21.517543469670045,0.3266277512118649,40,64,,False,False,Request timeout: 300.0s exceeded,423,21.16838264042747
216,2026-09-14T02:18:39.467+00:00,2026-09-14T02:23:32.812+00:00,2026-09-14T02:23:39.477+00:00,False,100,99.0,,99.0,293344.510421,300009.820885,300009.820862,3000.09820862,0.03392,293344.510421,29327.72530597923,89.90662200000001,67.32636832323232,20.22110709261066,0.3299891973801376,40,64,,False,False,Request timeout: 300.0s exceeded,438,21.16838264042747
217,2026-09-14T02:18:44.366+00:00,2026-09-14T02:23:38.268+00:00,2026-09-14T02:23:44.417+00:00,False,92,91.0,,91.0,293902.595512,300050.71762400004,300050.71775500005,3261.420845163044,0.02432,293902.595512,30634.425846166872,86.9292655,67.56178145054945,19.12206750583924,0.30328206084823983,40,64,,False,False,Request timeout: 300.0s exceeded,370,21.16838264042747
218,2026-09-14T02:18:47.564+00:00,2026-09-14T02:23:41.521+00:00,2026-09-14T02:23:47.612+00:00,False,92,91.0,,91.0,293956.867163,300047.416155,300047.416067,3261.38495725,0.035899,293956.867163,30640.149969842034,85.34820805000001,66.9291098021978,19.046069070989397,0.3032853979085451,40,64,,False,False,Request timeout: 300.0s exceeded,465,21.16838264042747
219,2026-09-14T02:18:52.381+00:00,2026-09-14T02:23:46.299+00:00,2026-09-14T02:23:52.431+00:00,False,91,90.0,,90.0,293918.086614,300049.72847000003,300049.72844100004,3297.2497630879125,0.03705,293918.086614,30803.85206154949,89.23319149999999,68.12935395555556,20.30030092851762,0.2999502797717029,40,64,,False,False,Request timeout: 300.0s exceeded,481,21.16838264042747
220,2026-09-14T02:18:56.534+00:00,2026-09-14T02:23:50.067+00:00,2026-09-14T02:23:56.590+00:00,False,95,94.0,,94.0,293533.595424,300056.379424,300056.379316,3158.4882033263157,0.02253,293533.595424,30108.79891848912,89.462348,69.39131914893616,20.44264023105363,0.3132744592214506,40,64,,False,False,Request timeout: 300.0s exceeded,517,21.16838264042747
221,2026-09-14T02:19:00.280+00:00,2026-09-14T02:23:53.855+00:00,2026-09-14T02:24:00.315+00:00,False,103,102.0,,102.0,293575.269493,300035.196277,300035.196239,2912.9630702815534,0.02445,293575.269493,28920.597823189222,89.7052281,63.33261552941176,20.697373558634773,0.33996011556534533,40,64,,False,False,Request timeout: 300.0s exceeded,469,21.16838264042747
222,2026-09-14T02:19:04.657+00:00,2026-09-14T02:23:58.407+00:00,2026-09-14T02:24:04.696+00:00,False,105,104.0,,104.0,293749.922435,300038.837635,300038.837482,2857.5127379238097,0.0,293749.922435,28661.23022338046,93.8785082,60.47033846153846,65.6439513223792,0.3466217934310123,40,64,,False,False,Request timeout: 300.0s exceeded,471,21.16838264042747
223,2026-09-14T02:19:09.125+00:00,2026-09-14T02:24:03.169+00:00,2026-09-14T02:24:09.214+00:00,False,92,91.0,,91.0,294043.591494,300088.31750999996,300088.317358,3261.8295365,0.03597,294043.591494,30649.244916942433,87.7085455,66.42556061538461,20.326835358371017,0.30324406079875993,40,64,,False,False,Request timeout: 300.0s exceeded,468,21.16838264042747
224,2026-09-14T02:19:12.156+00:00,2026-09-14T02:24:05.650+00:00,2026-09-14T02:24:12.240+00:00,False,100,99.0,,99.0,293494.332321,300083.814817,300083.814825,3000.83814825,0.04226,293494.332321,29342.78376548342,87.31415195,66.56042925252525,19.745193223080395,0.32990782945215863,40,64,,False,False,Request timeout: 300.0s exceeded,132,21.16838264042747
225,2026-09-14T02:19:16.897+00:00,2026-09-14T02:24:10.245+00:00,2026-09-14T02:24:16.921+00:00,False,99,98.0,,98.0,293348.581171,300024.26501100004,300024.26507300005,3030.5481320505055,0.02206,293348.581171,29475.80211879718,87.7457948,68.11922285714284,19.89462628829416,0.32664024690271953,40,64,,False,False,Request timeout: 300.0s exceeded,478,21.16838264042747
226,2026-09-14T02:19:20.886+00:00,2026-09-14T02:24:14.479+00:00,2026-09-14T02:24:20.937+00:00,False,95,94.0,,94.0,293592.63720399997,300051.53922,300051.539345,3158.4372562631575,0.0368,293592.63720399997,30114.926018976093,88.9806657,68.7117235744681,20.170264743630774,0.3132795127275735,40,64,,False,False,Request timeout: 300.0s exceeded,482,21.16838264042747
227,2026-09-14T02:19:24.331+00:00,2026-09-14T02:24:18.396+00:00,2026-09-14T02:24:24.369+00:00,False,88,87.0,,87.0,294065.038724,300037.929092,300037.929151,3409.521922170454,0.02563,294065.038724,31340.125934684947,87.72463400000001,68.65391227586207,19.52286894678602,0.2899633398460212,40,64,,False,False,Request timeout: 300.0s exceeded,391,21.16838264042747
228,2026-09-14T02:19:28.414+00:00,2026-09-14T02:24:21.862+00:00,2026-09-14T02:24:28.465+00:00,False,99,98.0,,98.0,293448.404246,300051.31727,300051.317223,3030.821386090909,0.02196,293448.404246,29485.909753759162,88.7075679,67.37666351020408,20.500202707912575,0.3266107974184132,40,64,,False,False,Request timeout: 300.0s exceeded,380,21.16838264042747
229,2026-09-14T02:19:32.242+00:00,2026-09-14T02:24:25.560+00:00,2026-09-14T02:24:32.265+00:00,False,101,100.0,,100.0,293318.09927999997,300022.29179199995,300022.29163299996,2970.5177389405935,0.020370000000000003,293318.09927999997,29179.57771799535,88.813513,67.04192512,20.17403782717922,0.33330856651587815,40,64,,False,False,Request timeout: 300.0s exceeded,408,21.16838264042747
230,2026-09-14T02:19:37.080+00:00,2026-09-14T02:24:30.734+00:00,2026-09-14T02:24:37.094+00:00,False,94,93.0,,93.0,293654.25574299996,300014.00127899996,300014.00113199995,3191.638309914893,0.03608,293654.25574299996,30281.07726237242,89.44062265000001,68.38436060215055,20.294634468616145,0.309985532686903,40,64,,False,False,Request timeout: 300.0s exceeded,359,21.16838264042747
231,2026-09-14T02:19:40.123+00:00,2026-09-14T02:24:33.697+00:00,2026-09-14T02:24:40.150+00:00,False,95,94.0,,94.0,293574.07005599997,300026.70339999994,300026.703329,3158.175824515789,0.041979999999999996,293574.07005599997,30113.02791992008,89.1553237,68.6450355744681,20.181518338226706,0.31330544559788015,40,64,,False,False,Request timeout: 300.0s exceeded,397,21.16838264042747
232,2026-09-14T02:19:43.789+00:00,2026-09-14T02:24:37.368+00:00,2026-09-14T02:24:43.807+00:00,False,90,89.0,,89.0,293578.342667,300017.036811,300017.03666000004,3333.522629555556,0.02225,293578.342667,30938.254818634254,90.30742295,72.3448780224719,19.624370479984144,0.29664982011027197,40,64,,False,False,Request timeout: 300.0s exceeded,416,21.16838264042747
233,2026-09-14T02:19:46.982+00:00,2026-09-14T02:24:41.140+00:00,2026-09-14T02:24:47.548+00:00,False,62,61.0,,61.0,294157.62009399995,300565.70329399995,300565.70349099993,4847.833927274193,39.782336,294157.62009399995,37345.65297279641,90.04257705,105.05054426229508,267.06852307282975,0.20295063385968734,40,64,,False,False,Request timeout: 300.0s exceeded,198,21.16838264042747
234,2026-09-14T02:19:51.257+00:00,2026-09-14T02:24:45.226+00:00,2026-09-14T02:24:51.281+00:00,False,102,101.0,,101.0,293969.633713,300024.143537,300024.143547,2941.4131720294117,0.01551,293969.633713,29102.24839091647,94.25666615,59.94564182178218,223.9080829860693,0.33663957443326337,40,64,,False,False,Request timeout: 300.0s exceeded,375,21.16838264042747
235,2026-09-14T02:19:54.306+00:00,2026-09-14T02:24:48.870+00:00,2026-09-14T02:24:54.320+00:00,False,78,77.0,,77.0,294564.216007,300013.676231,300013.676269,3846.3291829358977,0.03606,294564.216007,33344.822498524394,89.54719300000001,70.7722107012987,20.445814265327524,0.25665496642463964,40,64,,False,False,Request timeout: 300.0s exceeded,366,21.16838264042747
236,2026-09-14T02:19:59.332+00:00,2026-09-14T02:24:52.869+00:00,2026-09-14T02:24:59.373+00:00,False,100,99.0,,99.0,293536.989727,300040.721439,300040.72151400003,3000.40721514,0.0,293536.989727,29347.20613964394,89.34085845,65.69425971717172,67.39026571646346,0.329955212496472,40,64,,False,False,Request timeout: 300.0s exceeded,453,21.16838264042747
237,2026-09-14T02:20:02.394+00:00,2026-09-14T02:24:55.931+00:00,2026-09-14T02:25:02.427+00:00,False,102,101.0,,101.0,293537.258849,300033.410401,300033.410482,2941.5040243333333,0.0,293537.258849,29058.227855864898,85.400231,64.3183321980198,67.12290467809805,0.33662917694736627,40,64,,False,False,Request timeout: 300.0s exceeded,222,21.16838264042747
238,2026-09-14T02:20:05.141+00:00,2026-09-14T02:24:58.928+00:00,2026-09-14T02:25:05.171+00:00,False,95,94.0,,94.0,293786.52939499996,300029.266547,300029.266663,3158.202806978947,0.036090000000000004,293786.52939499996,30135.05451370885,86.3975607,66.41209736170212,19.62443512586718,0.3133027690326163,40,64,,False,False,Request timeout: 300.0s exceeded,230,21.16838264042747
239,2026-09-14T02:20:08.811+00:00,2026-09-14T02:25:02.505+00:00,2026-09-14T02:25:08.842+00:00,False,94,93.0,,93.0,293694.685682,300030.947314,300030.947241,3191.8185876702128,0.03721,293694.685682,30285.273308346255,89.2686115,68.13184550537633,20.252705093712724,0.3099680244073957,40,64,,False,False,Request timeout: 300.0s exceeded,416,21.16838264042747
240,2026-09-14T02:20:13.647+00:00,2026-09-14T02:25:07.360+00:00,2026-09-14T02:25:13.680+00:00,False,89,88.0,,88.0,293712.34526800003,300032.93330000003,300032.93336100003,3371.1565546179777,0.026260000000000002,293712.34526800003,31125.83869208704,89.20027060000001,71.824864,19.079037748431386,0.29330113541905634,40,64,,False,False,Request timeout: 300.0s exceeded,402,21.16838264042747
241,2026-09-14T02:20:17.323+00:00,2026-09-14T02:25:10.789+00:00,2026-09-14T02:25:17.374+00:00,False,95,94.0,,94.0,293466.208361,300050.709865,300050.709897,3158.428525231579,0.039380000000000005,293466.208361,30101.81792469546,90.02686320000001,70.04788834042553,20.64127906793555,0.3132803786476388,40,64,,False,False,Request timeout: 300.0s exceeded,497,21.16838264042747
242,2026-09-14T02:20:21.605+00:00,2026-09-14T02:25:15.245+00:00,2026-09-14T02:25:21.631+00:00,False,92,91.0,,91.0,293639.331389,300025.708349,300025.708402,3261.1490043695653,0.02148,293639.331389,30606.70683152297,90.26513849999999,70.17996659340659,20.866087122743316,0.30330734156336275,40,64,,False,False,Request timeout: 300.0s exceeded,418,21.16838264042747
243,2026-09-14T02:20:26.335+00:00,2026-09-14T02:25:20.115+00:00,2026-09-14T02:25:26.375+00:00,False,94,93.0,,93.0,293779.787595,300040.149323,300040.149254,3191.916481425532,0.0248,293779.787595,30294.13522565515,89.76624654999999,67.31571750537634,20.47821627866979,0.3099585179178251,40,64,,False,False,Request timeout: 300.0s exceeded,349,21.16838264042747
244,2026-09-14T02:20:29.477+00:00,2026-09-14T02:25:23.797+00:00,2026-09-14T02:25:29.536+00:00,False,82,81.0,,81.0,294320.130115,300059.505475,300059.505397,3659.2622609390246,0.0348,294320.130115,32494.402459241803,90.46390215,70.85648592592592,20.077053396337213,0.269946455693098,40,64,,False,False,Request timeout: 300.0s exceeded,410,21.16838264042747
245,2026-09-14T02:20:32.602+00:00,2026-09-14T02:25:26.597+00:00,2026-09-14T02:25:32.628+00:00,False,85,84.0,,84.0,293995.443004,300026.167356,300026.167131,3529.7196133058824,0.03003,293995.443004,31880.502055458506,91.1369392,71.79433752380952,20.035386545308995,0.27997557926448696,40,64,,False,False,Request timeout: 300.0s exceeded,286,21.16838264042747
246,2026-09-14T02:20:35.391+00:00,2026-09-14T02:25:29.207+00:00,2026-09-14T02:25:35.431+00:00,False,88,87.0,,87.0,293815.990355,300039.23387500003,300039.233994,3409.5367499318186,0.027129999999999998,293815.990355,31313.27045689419,89.98579799999999,71.53153471264368,19.389428960904002,0.2899620788801415,40,64,,False,False,Request timeout: 300.0s exceeded,434,21.16838264042747
247,2026-09-14T02:20:38.873+00:00,2026-09-14T02:25:32.722+00:00,2026-09-14T02:25:38.963+00:00,False,90,89.0,,89.0,293848.80477999995,300089.61706799996,300089.61711999995,3334.3290791111103,0.04704,293848.80477999995,30966.998156467736,89.19279095,70.12148638202247,19.250210631728162,0.29657807180923795,40,64,,False,False,Request timeout: 300.0s exceeded,264,21.16838264042747
248,2026-09-14T02:20:42.581+00:00,2026-09-14T02:25:36.381+00:00,2026-09-14T02:25:42.629+00:00,False,91,90.0,,90.0,293799.435865,300047.634521,300047.63442,3297.226751868132,0.0768,293799.435865,30791.27785215856,88.604673,69.42442951111111,19.560928612366556,0.2999523730412912,40,64,,False,False,Request timeout: 300.0s exceeded,388,21.16838264042747
249,2026-09-14T02:20:46.351+00:00,2026-09-14T02:25:40.248+00:00,2026-09-14T02:25:46.431+00:00,False,91,90.0,,90.0,293896.419213,300079.914381,300079.914437,3297.58147732967,0.037509999999999995,293896.419213,30801.520311940934,89.10248250000001,68.70550186666667,20.311789594008253,0.29992010690102516,40,64,,False,False,Request timeout: 300.0s exceeded,430,21.16838264042747
250,2026-09-14T02:20:49.613+00:00,2026-09-14T02:25:43.716+00:00,2026-09-14T02:25:49.663+00:00,False,85,84.0,,84.0,294103.390679,300049.943767,300049.943774,3529.999338517647,0.028739999999999998,294103.390679,31892.31931037602,89.64720060000002,70.79229866666667,20.038380676679576,0.27995339357646787,40,64,,False,False,Request timeout: 300.0s exceeded,380,21.16838264042747
251,2026-09-14T02:20:54.483+00:00,2026-09-14T02:25:48.124+00:00,2026-09-14T02:25:54.506+00:00,False,100,99.0,,99.0,293640.565963,300022.641355,300022.641283,3000.22641283,0.0,293640.565963,29357.689263549753,88.51432994999999,64.465408,68.54325109457513,0.32997509638900496,40,64,,False,False,Request timeout: 300.0s exceeded,450,21.16838264042747
252,2026-09-14T02:20:57.399+00:00,2026-09-14T02:25:51.608+00:00,2026-09-14T02:25:57.470+00:00,False,104,103.0,,103.0,294208.763124,300070.773748,300070.77399099997,2885.295903759615,0.0,294208.763124,28843.975680845553,90.675697,56.91272450485437,28.207901417955874,0.3432523558142307,40,64,,False,False,Request timeout: 300.0s exceeded,478,21.16838264042747
253,2026-09-14T02:21:01.797+00:00,2026-09-14T02:25:55.719+00:00,2026-09-14T02:26:01.850+00:00,False,90,89.0,,89.0,293922.280901,300053.075909,300053.075902,3333.923065577778,0.037649999999999996,293922.280901,30974.874409673204,89.99626680000001,68.88533716853934,20.64765027365744,0.29661418977418474,40,64,,False,False,Request timeout: 300.0s exceeded,134,21.16838264042747
254,2026-09-14T02:21:05.112+00:00,2026-09-14T02:25:59.033+00:00,2026-09-14T02:26:05.140+00:00,False,88,87.0,,87.0,293920.122257,300027.538577,300027.538619,3409.403847943182,0.03022,293920.122257,31324.513687204126,90.71917184999998,70.2001875862069,20.6742918169362,0.2899733818189894,40,64,,False,False,Request timeout: 300.0s exceeded,163,21.16838264042747
255,2026-09-14T02:21:08.065+00:00,2026-09-14T02:26:01.681+00:00,2026-09-14T02:26:08.116+00:00,False,97,96.0,,96.0,293616.19410900003,300050.61074900004,300050.61078100005,3093.3052657835055,0.041659999999999996,293616.19410900003,29805.40932615338,88.9647628,67.02517333333334,20.57921763233875,0.3199460243069008,40,64,,False,False,Request timeout: 300.0s exceeded,475,21.16838264042747
256,2026-09-14T02:21:10.928+00:00,2026-09-14T02:26:04.555+00:00,2026-09-14T02:26:11.012+00:00,False,98,97.0,,97.0,293627.14963999996,300084.01005599997,300084.01021199994,3062.0817368571425,0.02316,293627.14963999996,29654.104053043873,89.18465285,66.56557129896908,20.416024807233352,0.3232428145101714,40,64,,False,False,Request timeout: 300.0s exceeded,413,21.16838264042747
257,2026-09-14T02:21:14.101+00:00,2026-09-14T02:26:07.767+00:00,2026-09-14T02:26:14.137+00:00,False,93,92.0,,92.0,293666.11999000004,300035.924278,300035.92433500005,3226.1927347849464,0.02305,293666.11999000004,30444.585145407316,89.5878706,69.23700313043479,20.16780002162336,0.3066299484682936,40,64,,False,False,Request timeout: 300.0s exceeded,405,21.16838264042747
258,2026-09-14T02:21:18.515+00:00,2026-09-14T02:26:12.451+00:00,2026-09-14T02:26:18.554+00:00,False,91,90.0,,90.0,293935.449571,300039.152355,300039.152349,3297.133542296703,0.038990000000000004,293935.449571,30805.704692070904,88.3632035,67.81891982222221,20.23290868953942,0.29996085275402284,40,64,,False,False,Request timeout: 300.0s exceeded,312,21.16838264042747
259,2026-09-14T02:21:22.329+00:00,2026-09-14T02:26:16.125+00:00,2026-09-14T02:26:22.417+00:00,False,96,95.0,,95.0,293795.361898,300087.982186,300087.98214700003,3125.9164806979165,0.023,293795.361898,29978.610167351395,89.68500075000001,66.23810829473685,20.60360320301856,0.3165738238098361,40,64,,False,False,Request timeout: 300.0s exceeded,468,21.16838264042747
260,2026-09-14T02:21:27.190+00:00,2026-09-14T02:26:20.545+00:00,2026-09-14T02:26:27.221+00:00,False,98,97.0,,97.0,293355.09508999996,300031.20542599994,300031.20540999994,3061.5429123469385,0.039409999999999994,293355.09508999996,29626.394187324167,90.98224920000001,68.82587975257732,20.580804026584012,0.3232997043166705,40,64,,False,False,Request timeout: 300.0s exceeded,451,21.16838264042747
261,2026-09-14T02:21:30.062+00:00,2026-09-14T02:26:23.736+00:00,2026-09-14T02:26:30.148+00:00,False,97,96.0,,96.0,293674.267428,300085.878052,300085.878155,3093.668846958763,0.03225,293674.267428,29811.329956620462,89.60998880000001,66.78761066666667,20.66530048599899,0.31990842295939287,40,64,,False,False,Request timeout: 300.0s exceeded,393,21.16838264042747
262,2026-09-14T02:21:34.200+00:00,2026-09-14T02:26:27.718+00:00,2026-09-14T02:26:34.226+00:00,False,98,97.0,,97.0,293518.459298,300026.09424199996,300026.09440199996,3061.4907592040813,0.033039,293518.459298,29643.07207398498,88.06059985,67.08902004123712,20.81875607349194,0.3233052119851954,40,64,,False,False,Request timeout: 300.0s exceeded,500,21.16838264042747
263,2026-09-14T02:21:38.961+00:00,2026-09-14T02:26:32.520+00:00,2026-09-14T02:26:39.023+00:00,False,98,97.0,,97.0,293559.16040399997,300061.46261199994,300061.46248,3061.8516579591833,0.08490900000000001,293559.16040399997,29647.188301278766,87.82292855,67.0340433814433,19.697799175924732,0.3232671038647427,40,64,,False,False,Request timeout: 300.0s exceeded,386,21.16838264042747
264,2026-09-14T02:21:43.964+00:00,2026-09-14T02:26:37.519+00:00,2026-09-14T02:26:44.010+00:00,False,99,98.0,,98.0,293554.262316,300045.71038,300045.710406,3030.7647515757576,0.0257,293554.262316,29496.663407943182,89.954352,66.23926595918367,20.79998940752165,0.32661690072451155,40,64,,False,False,Request timeout: 300.0s exceeded,466,21.16838264042747
265,2026-09-14T02:21:48.707+00:00,2026-09-14T02:26:42.457+00:00,2026-09-14T02:26:48.721+00:00,False,102,101.0,,101.0,293749.694936,300014.43938399997,300014.439275,2941.318032107843,0.0,293749.694936,29079.481617420053,91.64249265000001,62.027172752475245,63.82678337475375,0.336650463248958,40,64,,False,False,Request timeout: 300.0s exceeded,495,21.16838264042747
266,2026-09-14T02:21:52.264+00:00,2026-09-14T02:26:47.660+00:00,2026-09-14T02:26:52.280+00:00,False,72,71.0,,71.0,295396.211971,300016.10905900004,300016.109093,4166.890404069444,0.02258,295396.211971,34805.11482015346,86.1018706,65.06897307042254,20.29778846055943,0.23665395909136802,40,64,,False,False,Request timeout: 300.0s exceeded,307,21.16838264042747
267,2026-09-14T02:21:55.972+00:00,2026-09-14T02:26:49.642+00:00,2026-09-14T02:26:55.978+00:00,False,96,95.0,,95.0,293669.69328899996,300006.08701699995,300006.08694499993,3125.0634056770828,0.08596899999999999,293669.69328899996,29965.7370616,88.06053725,66.69888134736841,20.481757917604867,0.3166602416124203,40,64,,False,False,Request timeout: 300.0s exceeded,361,21.16838264042747
268,2026-09-14T02:21:59.829+00:00,2026-09-14T02:26:53.691+00:00,2026-09-14T02:26:59.838+00:00,False,90,89.0,,89.0,293862.719032,300009.742648,300009.742579,3333.441584211111,0.03666,293862.719032,30968.576892041117,88.68917289999999,69.06768107865169,20.75941582629587,0.29665703258318266,40,64,,False,False,Request timeout: 300.0s exceeded,299,21.16838264042747
269,2026-09-14T02:22:03.727+00:00,2026-09-14T02:26:57.797+00:00,2026-09-14T02:27:03.785+00:00,False,85,84.0,,84.0,294069.812696,300057.939416,300057.939328,3530.0934038588234,0.02438,294069.812696,31888.62342286709,88.918616,71.28722285714285,19.774662633161547,0.27994593365364184,40,64,,False,False,Request timeout: 300.0s exceeded,414,21.16838264042747
270,2026-09-14T02:22:08.581+00:00,2026-09-14T02:27:02.072+00:00,2026-09-14T02:27:08.611+00:00,False,98,97.0,,97.0,293491.06208999996,300030.28128999996,300030.28128899995,3061.533482540816,0.04313,293491.06208999996,29640.27092220131,88.0732925,67.41463092783505,19.748234888374324,0.3233007001258077,40,64,,False,False,Request timeout: 300.0s exceeded,603,21.16838264042747
271,2026-09-14T02:22:12.809+00:00,2026-09-14T02:27:06.768+00:00,2026-09-14T02:27:12.881+00:00,False,90,89.0,,89.0,293959.288292,300072.756964,300072.75692,3334.141743555556,0.0223,293959.288292,30978.795720152037,88.77379845,68.69065923595505,20.447732992457915,0.2965947355583413,40,64,,False,False,Request timeout: 300.0s exceeded,172,21.16838264042747
272,2026-09-14T02:22:16.283+00:00,2026-09-14T02:27:10.414+00:00,2026-09-14T02:27:16.337+00:00,False,91,90.0,,90.0,294130.699552,300053.985056,300053.985062,3297.296539142857,0.02305,294130.699552,30826.3828310008,89.660106,65.81428337777778,20.600697237439046,0.2999460246568731,40,64,,False,False,Request timeout: 300.0s exceeded,403,21.16838264042747
273,2026-09-14T02:22:20.824+00:00,2026-09-14T02:27:14.554+00:00,2026-09-14T02:27:20.835+00:00,False,96,95.0,,95.0,293729.785592,300011.247096,300011.247065,3125.117156927083,0.09195,293729.785592,29971.929475932502,90.40065200000001,66.12064741052632,20.855555922828298,0.3166547951770659,40,64,,False,False,Request timeout: 300.0s exceeded,458,21.16838264042747
274,2026-09-14T02:22:24.590+00:00,2026-09-14T02:27:18.405+00:00,2026-09-14T02:27:24.629+00:00,False,91,90.0,,90.0,293815.255912,300039.11076,300039.11072700005,3297.133084912088,0.02868,293815.255912,30792.964819120305,88.1598335,69.15394275555556,19.909799349728242,0.2999608943381738,40,64,,False,False,Request timeout: 300.0s exceeded,390,21.16838264042747
275,2026-09-14T02:22:29.384+00:00,2026-09-14T02:27:23.029+00:00,2026-09-14T02:27:29.435+00:00,False,94,93.0,,93.0,293644.825983,300051.29203099996,300051.292203,3192.03502343617,0.022699999999999998,293644.825983,30280.052184321004,88.36962199999999,68.88673169892473,19.278579343871023,0.30994700729497826,40,64,,False,False,Request timeout: 300.0s exceeded,449,21.16838264042747
276,2026-09-14T02:22:33.977+00:00,2026-09-14T02:27:27.646+00:00,2026-09-14T02:27:34.014+00:00,False,101,100.0,,100.0,293669.211535,300037.28142300004,300037.281405,2970.6661525247528,0.02117,293669.211535,29214.849226422564,89.044393,63.68069888,20.301251384636565,0.3332919146771548,40,64,,False,False,Request timeout: 300.0s exceeded,490,21.16838264042747
277,2026-09-14T02:22:37.905+00:00,2026-09-14T02:27:31.535+00:00,2026-09-14T02:27:37.990+00:00,False,99,98.0,,98.0,293629.57346,300084.924756,300084.924926,3031.160857838384,0.03748,293629.57346,29504.26887613526,88.71308380000002,65.87093159183674,19.916259264856155,0.3265742192137246,40,64,,False,False,Request timeout: 300.0s exceeded,473,21.16838264042747
278,2026-09-14T02:22:41.644+00:00,2026-09-14T02:27:35.478+00:00,2026-09-14T02:27:41.724+00:00,False,90,89.0,,89.0,293834.02698,300080.093668,300080.093768,3334.223264088889,0.026850000000000002,293834.02698,30965.43464101814,88.5480329,70.18052458426966,19.92864932306594,0.2965874840683935,40,64,,False,False,Request timeout: 300.0s exceeded,219,21.16838264042747
279,2026-09-14T02:22:46.665+00:00,2026-09-14T02:27:40.242+00:00,2026-09-14T02:27:46.742+00:00,False,103,102.0,,102.0,293577.414054,300076.59485399997,300076.594638,2913.3649964854367,0.0,293577.414054,28920.840156525264,92.35487420000001,63.71745882352941,66.75061111011796,0.3399132146565024,40,64,,False,False,Request timeout: 300.0s exceeded,425,21.16838264042747
280,2026-09-14T02:22:50.621+00:00,2026-09-14T02:27:44.707+00:00,2026-09-14T02:27:50.682+00:00,False,89,88.0,,88.0,294086.2683,300061.278092,300061.278191,3371.4750358539327,0.02088,294086.2683,31165.89162228684,88.16358399999999,67.89783854545455,20.5302242497972,0.29327342921274513,40,64,,False,False,Request timeout: 300.0s exceeded,131,21.16838264042747
281,2026-09-14T02:22:54.950+00:00,2026-09-14T02:27:48.526+00:00,2026-09-14T02:27:55.036+00:00,False,94,93.0,,93.0,293575.455481,300085.481721,300085.481562,3192.398740021277,0.019449,293575.455481,30272.78275985189,88.71379865,70.00028215053764,19.977986987567835,0.3099116940501152,40,64,,False,False,Request timeout: 300.0s exceeded,398,21.16838264042747
282,2026-09-14T02:22:59.027+00:00,2026-09-14T02:27:52.743+00:00,2026-09-14T02:27:59.068+00:00,False,94,93.0,,93.0,293715.653657,300041.405721,300041.405537,3191.9298461382978,0.03375,293715.653657,30287.447976206695,89.62408315,68.01883939784946,20.74711452050062,0.3099572199927568,40,64,,False,False,Request timeout: 300.0s exceeded,397,21.16838264042747
283,2026-09-14T02:23:03.915+00:00,2026-09-14T02:27:57.663+00:00,2026-09-14T02:28:03.938+00:00,False,94,93.0,,93.0,293747.693041,300022.775793,300022.77581799997,3191.7316576382977,0.03506,293747.693041,30290.808409109384,89.58354895000001,67.47400808602151,20.191723160393487,0.30997646680052426,40,64,,False,False,Request timeout: 300.0s exceeded,228,21.16838264042747
284,2026-09-14T02:23:07.726+00:00,2026-09-14T02:28:01.269+00:00,2026-09-14T02:28:07.817+00:00,False,99,98.0,,98.0,293542.393176,300090.643544,300090.643566,3031.218621878788,0.018359999999999998,293542.393176,29495.41206797135,88.6996999,66.81888130612245,20.52118869245777,0.3265679957316997,40,64,,False,False,Request timeout: 300.0s exceeded,406,21.16838264042747
285,2026-09-14T02:23:10.882+00:00,2026-09-14T02:28:04.390+00:00,2026-09-14T02:28:10.907+00:00,False,97,96.0,,96.0,293507.766441,300024.691881,300024.692017,3093.038062030928,0.018699999999999998,293507.766441,29794.31304852065,89.3185656,67.88464,20.79340694685429,0.31997366416120465,40,64,,False,False,Request timeout: 300.0s exceeded,465,21.16838264042747
286,2026-09-14T02:23:14.532+00:00,2026-09-14T02:28:08.152+00:00,2026-09-14T02:28:14.675+00:00,False,58,57.0,,57.0,293619.833666,300142.734914,300142.73496,5174.874740689655,0.04629,293619.833666,38540.726175020485,94.21146949999998,114.436864,352.02473113727945,0.189909644210886,40,64,,False,False,Request timeout: 300.0s exceeded,272,21.16838264042747
287,2026-09-14T02:23:18.335+00:00,2026-09-14T02:28:14.708+00:00,2026-09-14T02:28:18.343+00:00,False,104,103.0,,103.0,296373.33078200003,300008.210526,300008.21049900004,2884.694331721154,0.01574,296373.33078200003,29058.35809135283,87.558033,35.290094601941746,36.317179840722325,0.3433239370996267,40,64,,False,False,Request timeout: 300.0s exceeded,465,21.16838264042747
288,2026-09-14T02:23:22.393+00:00,2026-09-14T02:28:16.024+00:00,2026-09-14T02:28:22.413+00:00,False,92,91.0,,91.0,293631.591576,300020.51624799997,300020.51626899996,3261.092568141304,0.041659999999999996,293631.591576,30605.895828289045,88.47767110000001,70.20796342857143,19.079129008216306,0.3033125905455695,40,64,,False,False,Request timeout: 300.0s exceeded,464,21.16838264042747
289,2026-09-14T02:23:26.653+00:00,2026-09-14T02:28:20.362+00:00,2026-09-14T02:28:26.672+00:00,False,92,91.0,,91.0,293709.688096,300019.482144,300019.482106,3261.0813272391306,0.034529000000000004,293709.688096,30614.129412731334,90.22953450000001,69.33839613186814,20.339102234059602,0.30331363600022093,40,64,,False,False,Request timeout: 300.0s exceeded,224,21.16838264042747
290,2026-09-14T02:23:30.712+00:00,2026-09-14T02:28:24.007+00:00,2026-09-14T02:28:30.790+00:00,False,102,101.0,,101.0,293294.908948,300077.80994,300077.81007,2941.939314411765,0.01873,293294.908948,29033.880789242674,89.79467599999998,67.15743556435643,20.290849128554747,0.3365793692649075,40,64,,False,False,Request timeout: 300.0s exceeded,489,21.16838264042747
291,2026-09-14T02:23:33.944+00:00,2026-09-14T02:28:27.386+00:00,2026-09-14T02:28:33.968+00:00,False,97,96.0,,96.0,293441.683292,300024.27196399996,300024.272136,3093.0337333608245,0.05132,293441.683292,29787.533770880644,87.66562479999999,68.568632,20.64351385881732,0.31997411199957543,40,64,,False,False,Request timeout: 300.0s exceeded,429,21.16838264042747
292,2026-09-14T02:23:38.628+00:00,2026-09-14T02:28:32.768+00:00,2026-09-14T02:28:38.655+00:00,False,89,88.0,,88.0,294139.912464,300026.277136,300026.277298,3371.0817673932584,0.0,294139.912464,31171.75251953943,89.9853704,66.89050763636364,68.55816284778741,0.29330764238397083,40,64,,False,False,Request timeout: 300.0s exceeded,384,21.16838264042747
293,2026-09-14T02:23:43.030+00:00,2026-09-14T02:28:36.932+00:00,2026-09-14T02:28:43.061+00:00,False,95,94.0,,94.0,293902.376472,300031.311896,300031.311764,3158.2243343578943,0.0,293902.376472,30147.130137511027,88.8550187,65.20144068085106,66.27559269508622,0.3133006332105206,40,64,,False,False,Request timeout: 300.0s exceeded,486,21.16838264042747
294,2026-09-14T02:23:46.681+00:00,2026-09-14T02:28:40.035+00:00,2026-09-14T02:28:46.713+00:00,False,100,99.0,,99.0,293354.096233,300032.453225,300032.453095,3000.32453095,0.02492,293354.096233,29328.670494411264,89.10695399999999,67.45815143434342,19.90457469525437,0.32996430531385895,40,64,,False,False,Request timeout: 300.0s exceeded,471,21.16838264042747
295,2026-09-14T02:23:50.355+00:00,2026-09-14T02:28:44.197+00:00,2026-09-14T02:28:50.449+00:00,False,93,92.0,,92.0,293842.588098,300094.188738,300094.188781,3226.8192342043008,0.046049999999999994,293842.588098,30463.017315349487,89.06866620000001,67.95218086956523,20.249647077027525,0.3065704150649896,40,64,,False,False,Request timeout: 300.0s exceeded,206,21.16838264042747
296,2026-09-14T02:23:53.162+00:00,2026-09-14T02:28:46.960+00:00,2026-09-14T02:28:53.251+00:00,False,94,93.0,,93.0,293798.569304,300089.315928,300089.316045,3192.439532393617,0.04169,293798.569304,30296.03840469595,89.14521979999999,67.6424368172043,20.013592969291338,0.30990773434370905,40,64,,False,False,Request timeout: 300.0s exceeded,303,21.16838264042747
297,2026-09-14T02:23:55.898+00:00,2026-09-14T02:28:49.372+00:00,2026-09-14T02:28:55.909+00:00,False,99,98.0,,98.0,293474.202912,300011.71433600003,300011.714342,3030.421356989899,0.03022,293474.202912,29488.56979366627,88.99896489999999,66.70930024489796,20.65163402510857,0.3266539115544144,40,64,,False,False,Request timeout: 300.0s exceeded,469,21.16838264042747
298,2026-09-14T02:24:00.463+00:00,2026-09-14T02:28:54.157+00:00,2026-09-14T02:29:00.502+00:00,False,94,93.0,,93.0,293694.189573,300038.763781,300038.76385,3191.9017430851063,0.019370000000000002,293694.189573,30285.213346098986,91.10633665000002,68.22122804301075,20.88782854714463,0.309959949268026,40,64,,False,False,Request timeout: 300.0s exceeded,406,21.16838264042747
299,2026-09-14T02:24:03.651+00:00,2026-09-14T02:28:57.086+00:00,2026-09-14T02:29:03.685+00:00,False,98,97.0,,97.0,293434.961622,300034.38485399995,300034.384921,3061.5753563367343,0.02943,293434.961622,29634.542068624534,89.5610725,68.0352910515464,20.989571951221283,0.32329627834890085,40,64,,False,False,Request timeout: 300.0s exceeded,496,21.16838264042747
300,2026-09-14T02:24:07.730+00:00,2026-09-14T02:29:00.834+00:00,2026-09-14T02:29:07.766+00:00,False,101,100.0,,100.0,293103.849515,300036.609067,300036.60921,2970.659497128713,0.01946,293103.849515,29158.032164266857,91.460997,69.32759552,20.923106616948395,0.3332926615554084,40,64,,False,False,Request timeout: 300.0s exceeded,621,21.16838264042747
301,2026-09-14T02:24:10.628+00:00,2026-09-14T02:29:04.520+00:00,2026-09-14T02:29:10.638+00:00,False,90,89.0,,89.0,293892.492382,300010.083678,300010.083508,3333.4453723111114,0.01871,293892.492382,30971.750051801562,89.87371144999999,68.7369808539326,20.63052849975357,0.2966566953646913,40,64,,False,False,Request timeout: 300.0s exceeded,302,21.16838264042747
302,2026-09-14T02:24:15.483+00:00,2026-09-14T02:29:09.396+00:00,2026-09-14T02:29:15.503+00:00,False,93,92.0,,92.0,293913.890671,300020.786287,300020.786189,3226.0299590215054,0.02927,293913.890671,30470.574264974974,88.6201006,66.37930017391305,20.429232843286478,0.3066454199343133,40,64,,False,False,Request timeout: 300.0s exceeded,446,21.16838264042747
303,2026-09-14T02:24:18.454+00:00,2026-09-14T02:29:12.077+00:00,2026-09-14T02:29:18.493+00:00,False,100,99.0,,99.0,293622.90205800004,300038.43306600006,300038.43302500003,3000.3843302500004,0.04207,293622.90205800004,29355.816482924274,87.04882490000001,64.80334351515151,19.802259437691767,0.32995772904274157,40,64,,False,False,Request timeout: 300.0s exceeded,475,21.16838264042747
304,2026-09-14T02:24:22.732+00:00,2026-09-14T02:29:16.177+00:00,2026-09-14T02:29:22.775+00:00,False,98,97.0,,97.0,293444.587606,300042.378838,300042.378678,3061.6569252857144,0.047079,293444.587606,29635.51564973039,90.06912200000001,68.01846630927835,20.278971762224103,0.3232876648147514,40,64,,False,False,Request timeout: 300.0s exceeded,448,21.16838264042747
305,2026-09-14T02:24:25.548+00:00,2026-09-14T02:29:19.523+00:00,2026-09-14T02:29:25.577+00:00,False,86,85.0,,85.0,293974.709979,300028.21986699995,300028.21966999996,3488.7002287209298,0.052479,293974.709979,31692.434732677466,90.98957324999999,71.2177633882353,19.80055022347988,0.2833066837435485,40,64,,False,False,Request timeout: 300.0s exceeded,349,21.16838264042747
306,2026-09-14T02:24:29.088+00:00,2026-09-14T02:29:22.858+00:00,2026-09-14T02:29:29.122+00:00,False,89,88.0,,88.0,293770.192503,300033.660791,300033.660761,3371.1647276516856,0.023030000000000002,293770.192503,31132.039764981564,88.61442900000002,71.175776,19.849284491295535,0.2933004242523968,40,64,,False,False,Request timeout: 300.0s exceeded,231,21.16838264042747
307,2026-09-14T02:24:33.434+00:00,2026-09-14T02:29:27.092+00:00,2026-09-14T02:29:33.502+00:00,False,101,100.0,,100.0,293658.548032,300068.60832,300068.608381,2970.9763206039606,0.0,293658.548032,29213.807238021855,88.960272,64.10060288,63.27293481188452,0.3332571192963901,40,64,,False,False,Request timeout: 300.0s exceeded,467,21.16838264042747
308,2026-09-14T02:24:36.495+00:00,2026-09-14T02:29:30.568+00:00,2026-09-14T02:29:36.533+00:00,False,97,96.0,,96.0,294072.390182,300037.91287,300037.912778,3093.1743585360823,0.0,294072.390182,29852.28758242002,90.4906228,62.14086133333333,64.83201978104923,0.3199595647153923,40,64,,False,False,Request timeout: 300.0s exceeded,390,21.16838264042747
309,2026-09-14T02:24:39.317+00:00,2026-09-14T02:29:33.250+00:00,2026-09-14T02:29:39.350+00:00,False,95,94.0,,94.0,293933.281178,300032.65064999997,300032.650652,3158.238427915789,0.01864,293933.281178,30150.26808104523,90.0793577,64.88690927659574,20.644809549949265,0.31329923525441483,40,64,,False,False,Request timeout: 300.0s exceeded,401,21.16838264042747
310,2026-09-14T02:24:44.191+00:00,2026-09-14T02:29:37.677+00:00,2026-09-14T02:29:44.205+00:00,False,99,98.0,,98.0,293485.99899500003,300013.866899,300013.86711500003,3030.4431021717173,0.01874,293485.99899500003,29489.765773246843,90.45739500000002,66.61089697959184,21.415439255002592,0.3266515678523347,40,64,,False,False,Request timeout: 300.0s exceeded,458,21.16838264042747
311,2026-09-14T02:24:48.061+00:00,2026-09-14T02:29:41.912+00:00,2026-09-14T02:29:48.101+00:00,False,98,97.0,,97.0,293850.80683899997,300040.091959,300040.091883,3061.6335906428567,0.032420000000000004,293850.80683899997,29676.976266425412,90.61378885,63.8070630927835,21.52873474484493,0.32329012888469216,40,64,,False,False,Request timeout: 300.0s exceeded,370,21.16838264042747
312,2026-09-14T02:24:51.958+00:00,2026-09-14T02:29:45.586+00:00,2026-09-14T02:29:51.968+00:00,False,102,101.0,,101.0,293628.169012,300010.57566800003,300010.575759,2941.2801545,0.044700000000000004,293628.169012,29067.27184010028,89.30185954999999,63.192145108910886,21.380405320068846,0.3366547988353896,40,64,,False,False,Request timeout: 300.0s exceeded,456,21.16838264042747
313,2026-09-14T02:24:55.493+00:00,2026-09-14T02:29:49.416+00:00,2026-09-14T02:29:55.539+00:00,False,87,86.0,,86.0,293923.503771,300046.41423500003,300046.414276,3448.809359494253,0.02552,293923.503771,31504.280621233764,90.925698,71.19663330232558,20.25247939413933,0.2866223221472787,40,64,,False,False,Request timeout: 300.0s exceeded,395,21.16838264042747
314,2026-09-14T02:24:58.511+00:00,2026-09-14T02:29:52.352+00:00,2026-09-14T02:29:58.556+00:00,False,93,92.0,,92.0,293841.271786,300044.784874,300044.784801,3226.288008612903,0.03126,293841.271786,30462.93521470313,89.26940400000001,67.42949008695652,20.542402914320938,0.3066208934064101,40,64,,False,False,Request timeout: 300.0s exceeded,380,21.16838264042747
315,2026-09-14T02:25:01.314+00:00,2026-09-14T02:29:55.282+00:00,2026-09-14T02:30:01.332+00:00,False,88,87.0,,87.0,293967.856181,300017.302325,300017.30226100003,3409.287525693182,0.01797,293967.856181,31329.673063023878,89.0468595,69.53386372413793,20.509676109420617,0.28998327538374913,40,64,,False,False,Request timeout: 300.0s exceeded,356,21.16838264042747
316,2026-09-14T02:25:06.161+00:00,2026-09-14T02:29:59.632+00:00,2026-09-14T02:30:06.196+00:00,False,96,95.0,,95.0,293471.185343,300035.383743,300035.383716,3125.368580375,0.02417,293471.185343,29945.231434474772,87.16395375,69.0968252631579,19.325720024747717,0.31662932156486495,40,64,,False,False,Request timeout: 300.0s exceeded,228,21.16838264042747
317,2026-09-14T02:25:09.735+00:00,2026-09-14T02:30:03.340+00:00,2026-09-14T02:30:09.814+00:00,False,95,94.0,,94.0,293605.050203,300078.343515,300078.34361800004,3158.7194065052636,0.0175,293605.050203,30116.184337372335,91.1816617,68.86482246808511,20.881261866427746,0.3132515292470655,40,64,,False,False,Request timeout: 300.0s exceeded,465,21.16838264042747
318,2026-09-14T02:25:14.013+00:00,2026-09-14T02:30:07.725+00:00,2026-09-14T02:30:14.097+00:00,False,96,95.0,,95.0,293711.14512199996,300083.21270599996,300083.212571,3125.866797614583,0.02009,293711.14512199996,29969.92927433858,88.73580025000001,67.07439562105263,20.30264632848601,0.31657885538926894,40,64,,False,False,Request timeout: 300.0s exceeded,143,21.16838264042747
319,2026-09-14T02:25:17.393+00:00,2026-09-14T02:30:11.051+00:00,2026-09-14T02:30:17.410+00:00,False,98,97.0,,97.0,293657.859617,300016.856865,300016.856723,3061.396497173469,0.02106,293657.859617,29657.307621590528,86.99270404999999,65.55667265979382,19.635955100231946,0.3233151663996252,40,64,,False,False,Request timeout: 300.0s exceeded,388,21.16838264042747
320,2026-09-14T02:25:20.335+00:00,2026-09-14T02:30:14.094+00:00,2026-09-14T02:30:20.343+00:00,False,95,94.0,,94.0,293759.297725,300008.201405,300008.20149400004,3157.981068357895,0.02302,293759.297725,30132.25393593043,86.8844573,66.47769872340426,19.721289782837157,0.31332476765561307,40,64,,False,False,Request timeout: 300.0s exceeded,211,21.16838264042747
321,2026-09-14T02:25:24.341+00:00,2026-09-14T02:30:17.697+00:00,2026-09-14T02:30:24.360+00:00,False,98,97.0,,97.0,293356.66677899996,300019.538075,300019.53809399996,3061.4238581020404,0.023969999999999998,293356.66677899996,29626.566607795397,88.71762970000002,68.68939480412371,20.389264499418772,0.32331227700161175,40,64,,False,False,Request timeout: 300.0s exceeded,307,21.16838264042747
322,2026-09-14T02:25:27.911+00:00,2026-09-14T02:30:21.509+00:00,2026-09-14T02:30:28.105+00:00,False,88,87.0,,87.0,293598.299381,300194.78347699996,300194.783446,3411.304357340909,0.01946,293598.299381,31289.66619019086,90.2539415,75.82165627586207,64.11403493960141,0.28981183147929573,40,64,,False,False,Request timeout: 300.0s exceeded,400,21.16838264042747
323,2026-09-14T02:25:30.821+00:00,2026-09-14T02:30:24.967+00:00,2026-09-14T02:30:30.891+00:00,False,95,94.0,,94.0,294146.270494,300069.502238,300069.50222,3158.6263391578946,0.0,294146.270494,30172.377580100238,93.60251540000002,63.01310365957447,66.26900398587381,0.31326075892059146,40,64,,False,False,Request timeout: 300.0s exceeded,438,21.16838264042747
324,2026-09-14T02:25:33.564+00:00,2026-09-14T02:30:27.343+00:00,2026-09-14T02:30:33.580+00:00,False,101,100.0,,100.0,293779.118553,300016.53525699995,300016.535206,2970.460744613861,0.0,293779.118553,29225.978622357296,90.803438,62.374167039999996,64.38775175489329,0.33331496183814696,40,64,,False,False,Request timeout: 300.0s exceeded,416,21.16838264042747
325,2026-09-14T02:25:37.963+00:00,2026-09-14T02:30:31.757+00:00,2026-09-14T02:30:37.988+00:00,False,91,90.0,,90.0,293794.514163,300025.066995,300025.066881,3296.9787569340656,0.02138,293794.514163,30790.783194842137,89.7652105,69.2283648,20.6812258872669,0.29997493509933915,40,64,,False,False,Request timeout: 300.0s exceeded,481,21.16838264042747
326,2026-09-14T02:25:41.267+00:00,2026-09-14T02:30:35.257+00:00,2026-09-14T02:30:41.341+00:00,False,92,91.0,,91.0,293990.067064,300073.602424,300073.602521,3261.6695926195653,0.01952,293990.067064,30643.620326183103,88.7699711,66.85203692307692,20.598031124469063,0.3032589313585079,40,64,,False,False,Request timeout: 300.0s exceeded,434,21.16838264042747
327,2026-09-14T02:25:45.607+00:00,2026-09-14T02:30:39.181+00:00,2026-09-14T02:30:45.636+00:00,False,99,98.0,,98.0,293573.966343,300028.950023,300028.949867,3030.59545320202,0.02503,293573.966343,29498.68082061274,89.2607806,65.86718040816326,20.34767735369455,0.32663514635000185,40,64,,False,False,Request timeout: 300.0s exceeded,464,21.16838264042747
328,2026-09-14T02:25:50.246+00:00,2026-09-14T02:30:43.624+00:00,2026-09-14T02:30:50.266+00:00,False,99,98.0,,98.0,293377.180042,300019.08365800005,300019.08367100003,3030.495794656566,0.02574,293377.180042,29478.71173405491,89.466664,67.77452669387755,20.884821389089144,0.32664588800528727,40,64,,False,False,Request timeout: 300.0s exceeded,447,21.16838264042747
329,2026-09-14T02:25:53.756+00:00,2026-09-14T02:30:47.506+00:00,2026-09-14T02:30:53.778+00:00,False,96,95.0,,95.0,293749.88293,300022.00299400004,300022.00294000003,3125.229197291667,0.03817,293749.88293,29973.990785271337,89.00863975,66.02231646315789,20.997385809161937,0.31664344298741265,40,64,,False,False,Request timeout: 300.0s exceeded,469,21.16838264042747
330,2026-09-14T02:25:57.780+00:00,2026-09-14T02:30:51.449+00:00,2026-09-14T02:30:57.860+00:00,False,97,96.0,,96.0,293669.555475,300080.131347,300080.131132,3093.609599298969,0.03544,293669.555475,29810.8528230751,89.78985079999998,66.776832,20.95186759377538,0.3199145493874423,40,64,,False,False,Request timeout: 300.0s exceeded,438,21.16838264042747
331,2026-09-14T02:26:02.737+00:00,2026-09-14T02:30:56.415+00:00,2026-09-14T02:31:02.747+00:00,False,95,94.0,,94.0,293677.971852,300009.874316,300009.874295,3157.9986767894734,0.02773,293677.971852,30123.819987575313,87.26916370000001,67.3606645106383,20.476659109705803,0.3133230204982851,40,64,,False,False,Request timeout: 300.0s exceeded,458,21.16838264042747
332,2026-09-14T02:26:07.665+00:00,2026-09-14T02:31:01.139+00:00,2026-09-14T02:31:07.744+00:00,False,99,98.0,,98.0,293473.697427,300078.713747,300078.71387399995,3031.0981199393937,0.0209,293473.697427,29488.449730250584,90.898814,67.39812571428571,20.607441574431082,0.3265809786249117,40,64,,False,False,Request timeout: 300.0s exceeded,338,21.16838264042747
333,2026-09-14T02:26:11.293+00:00,2026-09-14T02:31:04.907+00:00,2026-09-14T02:31:11.343+00:00,False,97,96.0,,96.0,293614.05410500005,300050.74325700005,300050.74315700005,3093.3066304845365,0.01807,293614.05410500005,29805.190115787344,89.23411,67.04884533333333,21.26652409597672,0.3199458830127739,40,64,,False,False,Request timeout: 300.0s exceeded,427,21.16838264042747
334,2026-09-14T02:26:15.423+00:00,2026-09-14T02:31:09.198+00:00,2026-09-14T02:31:15.450+00:00,False,95,94.0,,94.0,293775.19957999996,300026.28182,300026.28201399994,3158.171389621052,0.01889,293775.19957999996,30133.883491503184,88.23413500000001,66.50087489361702,20.386472258084478,0.3133058858370117,40,64,,False,False,Request timeout: 300.0s exceeded,482,21.16838264042747
335,2026-09-14T02:26:18.596+00:00,2026-09-14T02:31:11.962+00:00,2026-09-14T02:31:18.632+00:00,False,104,103.0,,103.0,293365.277139,300035.430355,300035.43022800004,2884.9560598846156,0.01934,293365.277139,28760.488887888227,88.00760464999999,64.75876908737864,19.931509945085335,0.34329279004859875,40,64,,False,False,Request timeout: 300.0s exceeded,411,21.16838264042747
336,2026-09-14T02:26:21.603+00:00,2026-09-14T02:31:15.198+00:00,2026-09-14T02:31:21.708+00:00,False,91,90.0,,90.0,293594.932158,300104.791998,300104.791876,3297.85485578022,0.01653,293594.932158,30769.60076216448,88.81548749999997,72.331776,66.76995085461989,0.2998952445937611,40,64,,False,False,Request timeout: 300.0s exceeded,330,21.16838264042747
337,2026-09-14T02:26:24.561+00:00,2026-09-14T02:31:18.385+00:00,2026-09-14T02:31:24.637+00:00,False,98,97.0,,97.0,293823.995837,300075.94361300004,300075.943699,3061.9994255,0.0,293823.995837,29674.272860673893,89.35436435,64.45306985567011,68.34744441489565,0.32325150370966865,40,64,,False,False,Request timeout: 300.0s exceeded,395,21.16838264042747
338,2026-09-14T02:26:27.917+00:00,2026-09-14T02:31:21.890+00:00,2026-09-14T02:31:27.924+00:00,False,89,88.0,,88.0,293972.042868,300006.9093,300006.90950899996,3370.8641517865167,0.0327,293972.042868,31153.711411334047,88.5326534,68.57802763636364,20.155433307228595,0.2933265777289216,40,64,,False,False,Request timeout: 300.0s exceeded,424,21.16838264042747
339,2026-09-14T02:26:31.587+00:00,2026-09-14T02:31:25.184+00:00,2026-09-14T02:31:31.641+00:00,False,93,92.0,,92.0,293596.747895,300053.368951,300053.36889499996,3226.3803106989244,0.032,293596.747895,30437.293361892764,88.4238416,70.1806636521739,19.577759072857976,0.3066121214423825,40,64,,False,False,Request timeout: 300.0s exceeded,436,21.16838264042747
340,2026-09-14T02:26:34.861+00:00,2026-09-14T02:31:28.257+00:00,2026-09-14T02:31:34.907+00:00,False,96,95.0,,95.0,293396.481652,300046.138484,300046.138364,3125.480607958333,0.019829999999999997,293396.481652,29937.51493973467,86.7150445,69.99638770526315,18.895574822437545,0.31661797242248424,40,64,,False,False,Request timeout: 300.0s exceeded,438,21.16838264042747
341,2026-09-14T02:26:39.753+00:00,2026-09-14T02:31:33.404+00:00,2026-09-14T02:31:39.778+00:00,False,94,93.0,,93.0,293650.563069,300024.44978900003,300024.44990400004,3191.7494670638303,0.02102,293650.563069,30280.680567838168,88.5068145,68.53641634408602,20.08122220382664,0.3099747372769275,40,64,,False,False,Request timeout: 300.0s exceeded,456,21.16838264042747
342,2026-09-14T02:26:43.762+00:00,2026-09-14T02:31:37.014+00:00,2026-09-14T02:31:43.781+00:00,False,103,102.0,,102.0,293252.252275,300019.289459,300019.28932,2912.808634174757,0.03658,293252.252275,28888.472976391287,88.28370600000002,66.34350180392157,20.19597853119764,0.3399781400186907,40,64,,False,False,Request timeout: 300.0s exceeded,423,21.16838264042747
343,2026-09-14T02:26:46.929+00:00,2026-09-14T02:31:40.509+00:00,2026-09-14T02:31:47.018+00:00,False,100,99.0,,99.0,293579.860307,300089.581651,300089.581567,3000.89581567,0.034210000000000004,293579.860307,29351.41804487947,88.73369495000001,65.75476105050505,21.0756253171965,0.32990148959964766,40,64,,False,False,Request timeout: 300.0s exceeded,457,21.16838264042747
344,2026-09-14T02:26:50.433+00:00,2026-09-14T02:31:43.864+00:00,2026-09-14T02:31:50.506+00:00,False,102,101.0,,101.0,293430.887185,300072.682513,300072.682486,2941.889043980392,0.04614,293430.887185,29047.483211975505,89.69473355000002,65.76034978217821,20.63784572623183,0.33658512049201417,40,64,,False,False,Request timeout: 300.0s exceeded,471,21.16838264042747
345,2026-09-14T02:26:54.694+00:00,2026-09-14T02:31:48.172+00:00,2026-09-14T02:31:54.754+00:00,False,99,98.0,,98.0,293477.802783,300060.386079,300060.386067,3030.9129905757577,0.03454,293477.802783,29488.885046219217,89.877106,67.16921730612245,20.17784266846955,0.32660092616890296,40,64,,False,False,Request timeout: 300.0s exceeded,368,21.16838264042747
346,2026-09-14T02:26:58.635+00:00,2026-09-14T02:31:52.463+00:00,2026-09-14T02:31:58.647+00:00,False,93,92.0,,92.0,293827.867097,300011.526361,300011.526364,3225.930391010753,0.034159999999999996,293827.867097,30461.567724530305,89.398743,67.2136876521739,20.74145451554261,0.3066548846169916,40,64,,False,False,Request timeout: 300.0s exceeded,409,21.16838264042747
347,2026-09-14T02:27:03.614+00:00,2026-09-14T02:31:57.323+00:00,2026-09-14T02:32:05.592+00:00,False,86,85.0,,85.0,293709.06248400005,301978.71854800003,301978.71856700006,3511.380448453489,0.030780000000000002,293709.06248400005,31662.193600431372,90.7897335,97.29007134117647,279.81781699803463,0.2814767888568582,40,64,,False,False,Request timeout: 300.0s exceeded,444,21.16838264042747
348,2026-09-14T02:27:06.636+00:00,2026-09-14T02:32:00.202+00:00,2026-09-14T02:32:06.664+00:00,False,109,108.0,,108.0,293566.799897,300028.021529,300028.021487,2752.550655844037,0.015460000000000002,293566.799897,28113.995238113235,91.0731654,59.82612622222222,252.76835315746948,0.359966377305731,40,64,,False,False,Request timeout: 300.0s exceeded,524,21.16838264042747
349,2026-09-14T02:27:10.158+00:00,2026-09-14T02:32:05.551+00:00,2026-09-14T02:32:10.186+00:00,False,70,69.0,,69.0,295393.42896499997,300027.74960499996,300027.749592,4286.110708457142,0.03197,295393.42896499997,35298.24644978771,91.94073245,67.16406724637682,21.345365582906716,0.22997872727053284,40,64,,False,False,Request timeout: 300.0s exceeded,257,21.16838264042747
350,2026-09-14T02:27:13.301+00:00,2026-09-14T02:32:06.957+00:00,2026-09-14T02:32:13.366+00:00,False,97,96.0,,96.0,293656.034986,300064.778666,300064.77873699996,3093.4513271855667,0.04248,293656.034986,29809.48084175907,86.64196179999999,66.75774666666666,19.272119670505422,0.3199309176731366,40,64,,False,False,Request timeout: 300.0s exceeded,438,21.16838264042747
351,2026-09-14T02:27:16.535+00:00,2026-09-14T02:32:09.766+00:00,2026-09-14T02:32:16.546+00:00,False,105,104.0,,104.0,293230.885227,300010.978155,300010.978025,2857.2474097619047,0.0,293230.885227,28610.109456262984,88.32632539999999,65.19320123076923,62.41772331575806,0.3466539812628744,40,64,,False,False,Request timeout: 300.0s exceeded,458,21.16838264042747
352,2026-09-14T02:27:19.899+00:00,2026-09-14T02:32:13.661+00:00,2026-09-14T02:32:19.916+00:00,False,96,95.0,,95.0,293761.97736,300017.33864000003,300017.33869400003,3125.1806113958337,0.0,293761.97736,29975.3059546354,88.76476775,65.84590821052632,65.1520075734024,0.31664836582659445,40,64,,False,False,Request timeout: 300.0s exceeded,397,21.16838264042747
353,2026-09-14T02:27:23.350+00:00,2026-09-14T02:32:16.678+00:00,2026-09-14T02:32:23.389+00:00,False,99,98.0,,98.0,293328.08319,300038.692086,300038.692054,3030.693859131313,0.042,293328.08319,29473.7062780609,88.40432190000001,68.47560097959183,20.044706298689608,0.32662454071726954,40,64,,False,False,Request timeout: 300.0s exceeded,399,21.16838264042747
354,2026-09-14T02:27:26.762+00:00,2026-09-14T02:32:20.617+00:00,2026-09-14T02:32:26.830+00:00,False,90,89.0,,89.0,293854.30075199995,300067.44993599993,300067.44988599996,3334.0827765111108,0.03246,293854.30075199995,30967.610951848146,89.45402050000001,69.81066498876405,20.365891950699346,0.2965999811675089,40,64,,False,False,Request timeout: 300.0s exceeded,410,21.16838264042747
355,2026-09-14T02:27:31.413+00:00,2026-09-14T02:32:25.096+00:00,2026-09-14T02:32:31.447+00:00,False,89,88.0,,88.0,293682.568019,300033.642323,300033.642362,3371.1645209213484,0.053020000000000005,293682.568019,31122.645993637165,90.1647114,72.17129890909091,19.736043801495235,0.2933004423059464,40,64,,False,False,Request timeout: 300.0s exceeded,435,21.16838264042747
356,2026-09-14T02:27:34.586+00:00,2026-09-14T02:32:28.344+00:00,2026-09-14T02:32:34.609+00:00,False,92,91.0,,91.0,293757.858974,300023.69782199996,300023.697589,3261.1271477065216,0.01989,293757.858974,30619.20213994381,90.40014705,68.85537195604395,20.653495890309152,0.3033093740948059,40,64,,False,False,Request timeout: 300.0s exceeded,447,21.16838264042747
357,2026-09-14T02:27:38.938+00:00,2026-09-14T02:32:32.804+00:00,2026-09-14T02:32:38.960+00:00,False,91,90.0,,90.0,293865.904551,300022.03843899997,300022.038451,3296.9454774835162,0.022,293865.904551,30798.353262516957,90.894708,68.40148764444444,20.13660821118179,0.2999779631798571,40,64,,False,False,Request timeout: 300.0s exceeded,430,21.16838264042747
358,2026-09-14T02:27:43.959+00:00,2026-09-14T02:32:37.452+00:00,2026-09-14T02:32:43.976+00:00,False,102,101.0,,101.0,293493.213567,300017.178239,300017.178431,2941.344886578431,0.033819,293493.213567,29053.76970922415,88.8805305,64.59370962376238,20.283644671169235,0.3366473899689213,40,64,,False,False,Request timeout: 300.0s exceeded,515,21.16838264042747
359,2026-09-14T02:27:47.796+00:00,2026-09-14T02:32:41.805+00:00,2026-09-14T02:32:47.885+00:00,False,90,89.0,,89.0,294009.08404600003,300089.27118200005,300089.27106600004,3334.3252340666672,0.02171,294009.08404600003,30984.084100122007,89.62639595,68.31670939325842,20.493526670304696,0.2965784136481931,40,64,,False,False,Request timeout: 300.0s exceeded,460,21.16838264042747
360,2026-09-14T02:27:52.163+00:00,2026-09-14T02:32:45.750+00:00,2026-09-14T02:32:52.211+00:00,False,92,91.0,,91.0,293587.840033,300048.84892899997,300048.84901,3261.4005327173913,0.03696,293587.840033,30601.251872641442,88.57480804999999,71.00009775824176,19.14859848496543,0.3032839496795842,40,64,,False,False,Request timeout: 300.0s exceeded,344,21.16838264042747
361,2026-09-14T02:27:56.679+00:00,2026-09-14T02:32:50.292+00:00,2026-09-14T02:32:56.727+00:00,False,94,93.0,,93.0,293613.43287699996,300047.87486099993,300047.87470999995,3191.9986671276592,0.046,293613.43287699996,30276.782899754107,87.136459,69.18754821505377,18.784739490984347,0.30995053720371507,40,64,,False,False,Request timeout: 300.0s exceeded,356,21.16838264042747
362,2026-09-14T02:28:00.981+00:00,2026-09-14T02:32:54.263+00:00,2026-09-14T02:33:01.022+00:00,False,99,98.0,,98.0,293281.673055,300040.47036700003,300040.470194,3030.711820141414,0.07246,293281.673055,29468.991964326444,87.5194749,68.96731951020408,19.285704943377716,0.32662260487770034,40,64,,False,False,Request timeout: 300.0s exceeded,483,21.16838264042747
363,2026-09-14T02:28:04.071+00:00,2026-09-14T02:32:58.032+00:00,2026-09-14T02:33:04.109+00:00,False,90,89.0,,89.0,293961.778956,300038.20442799997,300038.204335,3333.7578259444444,0.04029,293961.778956,30979.101535422385,88.34092945,68.27444350561798,19.51196411592764,0.2966288915429011,40,64,,False,False,Request timeout: 300.0s exceeded,405,21.16838264042747
364,2026-09-14T02:28:08.486+00:00,2026-09-14T02:33:02.203+00:00,2026-09-14T02:33:08.542+00:00,False,93,92.0,,92.0,293717.05022100004,300055.53854100005,300055.53872700006,3226.403642225807,0.04109,293717.05022100004,30449.902261913343,90.8301184,68.89661217391304,21.0666158725214,0.30660990444417,40,64,,False,False,Request timeout: 300.0s exceeded,435,21.16838264042747
365,2026-09-14T02:28:14.617+00:00,2026-09-14T02:33:05.710+00:00,2026-09-14T02:33:14.755+00:00,False,148,147.0,,147.0,291093.185399,300137.819255,300137.819344,2027.9582388108108,0.0,291093.185399,23922.721377545324,90.63980650000002,61.528121469387756,56.60485635702925,0.48977499858192614,40,64,,False,False,Request timeout: 300.0s exceeded,782,21.16838264042747
366,2026-09-14T02:28:17.481+00:00,2026-09-14T02:33:11.354+00:00,2026-09-14T02:33:17.545+00:00,False,107,106.0,,106.0,293873.357916,300064.44809200004,300064.447952,2804.3406350654204,0.047009999999999996,293873.357916,28404.171121108786,88.51666499999999,58.40651109433962,20.967540662164033,0.3532574441058086,40,64,,False,False,Request timeout: 300.0s exceeded,456,21.16838264042747
367,2026-09-14T02:28:22.016+00:00,2026-09-14T02:33:16.040+00:00,2026-09-14T02:33:22.100+00:00,False,91,90.0,,90.0,294023.40310299996,300083.20444699994,300083.20444699994,3297.6176312857137,0.018269999999999998,294023.40310299996,30814.97607517434,89.3119065,67.33112604444445,20.561353808919673,0.2999168186232016,40,64,,False,False,Request timeout: 300.0s exceeded,475,21.16838264042747
368,2026-09-14T02:28:26.684+00:00,2026-09-14T02:33:20.348+00:00,2026-09-14T02:33:26.700+00:00,False,92,91.0,,91.0,293663.812247,300016.440215,300016.440043,3261.0482613369563,0.05486,293663.812247,30609.297238650593,90.416332,69.80909854945055,20.01192694996907,0.30331671136017385,40,64,,False,False,Request timeout: 300.0s exceeded,418,21.16838264042747
369,2026-09-14T02:28:30.831+00:00,2026-09-14T02:33:24.809+00:00,2026-09-14T02:33:30.914+00:00,False,94,93.0,,93.0,293977.77847799996,300083.27658999996,300083.276555,3192.3752824999997,0.04393,293977.77847799996,30314.72773574093,89.83263015,65.65051733333334,19.812209129841747,0.30991397140422705,40,64,,False,False,Request timeout: 300.0s exceeded,367,21.16838264042747
370,2026-09-14T02:28:35.430+00:00,2026-09-14T02:33:28.896+00:00,2026-09-14T02:33:35.435+00:00,False,101,100.0,,100.0,293466.026612,300005.86610000004,300005.86609200004,2970.355109821782,0.01629,293466.026612,29194.460322835217,88.300134,65.39839488,19.807436368952267,0.33332681557189053,40,64,,False,False,Request timeout: 300.0s exceeded,477,21.16838264042747
371,2026-09-14T02:28:40.469+00:00,2026-09-14T02:33:34.215+00:00,2026-09-14T02:33:40.500+00:00,False,99,98.0,,98.0,293745.97201599996,300031.09687999997,300031.09693299996,3030.617140737373,0.062340000000000007,293745.97201599996,29516.142337491943,89.4452059,64.13392718367348,20.496786928270296,0.32663280912910153,40,64,,False,False,Request timeout: 300.0s exceeded,442,21.16838264042747
372,2026-09-14T02:28:43.412+00:00,2026-09-14T02:33:37.055+00:00,2026-09-14T02:33:43.426+00:00,False,101,100.0,,100.0,293642.977296,300013.963792,300013.963772,2970.435284871287,0.02471,293642.977296,29212.236600995362,87.680676,63.709864960000004,21.267254820091523,0.3333178187310311,40,64,,False,False,Request timeout: 300.0s exceeded,494,21.16838264042747
373,2026-09-14T02:28:47.098+00:00,2026-09-14T02:33:40.291+00:00,2026-09-14T02:33:47.156+00:00,False,102,101.0,,101.0,293192.57796799997,300057.134768,300057.13460299995,2941.7366137549016,0.03997,293192.57796799997,29023.66820139658,89.151529,67.96590891089109,19.9073028564297,0.3366025609692361,40,64,,False,False,Request timeout: 300.0s exceeded,424,21.16838264042747
374,2026-09-14T02:28:51.588+00:00,2026-09-14T02:33:45.639+00:00,2026-09-14T02:33:51.654+00:00,False,93,92.0,,92.0,294051.588269,300066.456493,300066.456456,3226.52103716129,0.023489999999999997,294051.588269,30484.95630575094,87.02686599999998,65.3790024347826,20.03658019889973,0.3065987484080754,40,64,,False,False,Request timeout: 300.0s exceeded,379,21.16838264042747
375,2026-09-14T02:28:55.761+00:00,2026-09-14T02:33:49.506+00:00,2026-09-14T02:33:55.815+00:00,False,98,97.0,,97.0,293744.636361,300054.486729,300054.486526,3061.780474755102,0.02286,293744.636361,29666.12459838553,86.54139835,65.05000379381444,19.670255536356585,0.3232746194113985,40,64,,False,False,Request timeout: 300.0s exceeded,603,21.16838264042747
376,2026-09-14T02:28:59.467+00:00,2026-09-14T02:33:53.024+00:00,2026-09-14T02:33:59.488+00:00,False,96,95.0,,95.0,293556.75576,300020.395568,300020.395621,3125.2124543854165,0.03995,293556.75576,29954.072990511242,88.12426899999998,68.03831376842105,19.37258301245894,0.3166451394750866,40,64,,False,False,Request timeout: 300.0s exceeded,596,21.16838264042747
377,2026-09-14T02:29:04.484+00:00,2026-09-14T02:33:58.119+00:00,2026-09-14T02:34:04.554+00:00,False,96,95.0,,95.0,293634.9547,300070.26222,300070.26216,3125.7318975,0.047479999999999994,293634.9547,29962.0849402025,87.28568075,67.74007915789473,19.937821004582617,0.3165925183560831,40,64,,False,False,Request timeout: 300.0s exceeded,374,21.16838264042747
378,2026-09-14T02:29:07.711+00:00,2026-09-14T02:34:01.155+00:00,2026-09-14T02:34:07.731+00:00,False,103,102.0,,102.0,293444.334454,300020.566134,300020.566197,2912.821031038835,0.0,293444.334454,28907.650645528967,86.7582971,64.47285960784313,65.69652669846796,0.3399766933125615,40,64,,False,False,Request timeout: 300.0s exceeded,352,21.16838264042747
379,2026-09-14T02:29:11.849+00:00,2026-09-14T02:34:05.861+00:00,2026-09-14T02:34:11.883+00:00,False,98,97.0,,97.0,294011.80802,300034.659604,300034.659561,3061.578158785714,0.0,294011.80802,29693.419751230143,90.43068135,62.09125344329897,29.30829448931988,0.3232959822975959,40,64,,False,False,Request timeout: 300.0s exceeded,609,21.16838264042747
380,2026-09-14T02:29:16.490+00:00,2026-09-14T02:34:10.278+00:00,2026-09-14T02:34:16.535+00:00,False,90,89.0,,89.0,293787.839797,300045.72933299997,300045.729361,3333.8414373444443,0.02271,293787.839797,30960.552522393733,90.21858945,70.3133655730337,20.607705403393926,0.2966214523294383,40,64,,False,False,Request timeout: 300.0s exceeded,248,21.16838264042747
381,2026-09-14T02:29:20.058+00:00,2026-09-14T02:34:13.919+00:00,2026-09-14T02:34:20.099+00:00,False,91,90.0,,90.0,293860.963896,300040.215352,300040.215507,3297.145225351648,0.02241,293860.963896,30797.808275180334,87.901785,68.65834951111111,19.919721318294854,0.29995979003819256,40,64,,False,False,Request timeout: 300.0s exceeded,374,21.16838264042747
382,2026-09-14T02:29:24.590+00:00,2026-09-14T02:34:18.313+00:00,2026-09-14T02:34:24.634+00:00,False,93,92.0,,92.0,293723.04456999997,300044.11081,300044.110671,3226.2807599032253,0.02087,293723.04456999997,30450.542812325137,87.71011060000001,68.70724173913044,20.06113902863889,0.3066215822454789,40,64,,False,False,Request timeout: 300.0s exceeded,441,21.16838264042747
383,2026-09-14T02:29:28.476+00:00,2026-09-14T02:34:21.965+00:00,2026-09-14T02:34:28.485+00:00,False,94,93.0,,93.0,293488.82767900004,300008.510751,300008.510851,3191.579902670213,0.038310000000000004,293488.82767900004,30263.837026958376,89.35086565,70.10411905376344,19.90277073274375,0.30999120580678396,40,64,,False,False,Request timeout: 300.0s exceeded,399,21.16838264042747
384,2026-09-14T02:29:31.673+00:00,2026-09-14T02:34:25.677+00:00,2026-09-14T02:34:31.759+00:00,False,89,88.0,,88.0,294003.36378500005,300085.34189700003,300085.34196200006,3371.7454153033714,0.03846,294003.36378500005,31156.97444932681,87.778593,69.11338763636364,19.802042107790076,0.2932499116541478,40,64,,False,False,Request timeout: 300.0s exceeded,488,21.16838264042747
385,2026-09-14T02:29:35.585+00:00,2026-09-14T02:34:29.277+00:00,2026-09-14T02:34:35.628+00:00,False,96,95.0,,95.0,293692.29355400003,300043.39909,300043.399213,3125.452075135417,0.026690000000000002,293692.29355400003,29968.027803033954,87.791612,66.85374248421053,20.359751167967822,0.3166208631422153,40,64,,False,False,Request timeout: 300.0s exceeded,396,21.16838264042747
386,2026-09-14T02:29:39.066+00:00,2026-09-14T02:34:32.846+00:00,2026-09-14T02:34:39.086+00:00,False,92,91.0,,91.0,293779.791974,300020.541286,300020.541207,3261.0928392065216,0.02009,293779.791974,30621.517381154328,87.646206,68.57966276923077,20.387809524622742,0.3033125652328339,40,64,,False,False,Request timeout: 300.0s exceeded,353,21.16838264042747
387,2026-09-14T02:29:41.982+00:00,2026-09-14T02:34:35.794+00:00,2026-09-14T02:34:42.009+00:00,False,90,89.0,,89.0,293812.622597,300027.396869,300027.397074,3333.6377452666666,0.02124,293812.622597,30963.21550086928,89.10425295,69.82892440449437,19.956425613603617,0.2966395766812582,40,64,,False,False,Request timeout: 300.0s exceeded,365,21.16838264042747
388,2026-09-14T02:29:45.164+00:00,2026-09-14T02:34:39.087+00:00,2026-09-14T02:34:45.200+00:00,False,91,90.0,,90.0,293922.35173,300035.64581,300035.645969,3297.0950106483515,0.038299,293922.35173,30804.319924458818,87.29526100000001,67.92548977777777,19.336487728327405,0.29996435842490937,40,64,,False,False,Request timeout: 300.0s exceeded,434,21.16838264042747
389,2026-09-14T02:29:48.005+00:00,2026-09-14T02:34:41.749+00:00,2026-09-14T02:34:48.023+00:00,False,96,95.0,,95.0,293744.568707,300018.432643,300018.432568,3125.192005916667,0.02748,293744.568707,29973.445882521726,88.59698425,66.04067301052632,20.039578746064258,0.31664721118333106,40,64,,False,False,Request timeout: 300.0s exceeded,431,21.16838264042747
390,2026-09-14T02:29:51.125+00:00,2026-09-14T02:34:44.990+00:00,2026-09-14T02:34:51.157+00:00,False,95,94.0,,94.0,293865.035995,300032.071899,300032.07204199996,3158.23233728421,0.01907,293865.035995,30143.191802364978,87.4932317,65.60676493617021,19.71403456089082,0.31329983959729246,40,64,,False,False,Request timeout: 300.0s exceeded,360,21.16838264042747
391,2026-09-14T02:29:54.111+00:00,2026-09-14T02:34:48.495+00:00,2026-09-14T02:34:54.149+00:00,False,85,84.0,,84.0,294384.03064300003,300038.29035500006,300038.290312,3529.862238964706,0.03749,294384.03064300003,31923.136603247054,88.4499392,67.3126156190476,20.352366407040787,0.2799642668961107,40,64,,True,False,Request timeout: 300.0s exceeded,352,21.16838264042747
392,2026-09-14T02:29:58.551+00:00,2026-09-14T02:34:52.356+00:00,2026-09-14T02:34:58.646+00:00,False,94,93.0,,93.0,293804.31402,300095.070372,300095.070337,3192.5007482659576,0.0222,293804.31402,30296.631165526425,90.00083245,67.64254141935484,20.391620865913183,0.30990179173792004,40,64,,True,False,Request timeout: 300.0s exceeded,365,21.16838264042747
393,2026-09-14T02:30:03.404+00:00,2026-09-14T02:34:56.891+00:00,2026-09-14T02:35:03.479+00:00,False,102,101.0,,101.0,293486.472546,300074.50428999995,300074.50433499995,2941.9069052450977,0.02243,293486.472546,29053.03912326571,86.22585505,65.22803706930694,19.818342792884476,0.33658307705605983,40,64,,True,False,Request timeout: 300.0s exceeded,481,21.16838264042747
394,2026-09-14T02:30:07.731+00:00,2026-09-14T02:35:01.514+00:00,2026-09-14T02:35:07.760+00:00,False,92,91.0,,91.0,293783.140314,300029.24540200003,300029.245305,3261.1874489673914,0.02209,293783.140314,30621.860032444267,88.14561610000001,68.63851745054946,19.92514435727605,0.30330376586479724,40,64,,True,False,Request timeout: 300.0s exceeded,485,21.16838264042747
395,2026-09-14T02:30:10.589+00:00,2026-09-14T02:35:04.330+00:00,2026-09-14T02:35:10.648+00:00,False,94,93.0,,93.0,293741.372445,300058.70492499997,300058.704926,3192.113882191489,0.03598,293741.372445,30290.10943189074,87.70330150000001,67.92830623655914,19.88546209012205,0.3099393501123237,40,64,,True,False,Request timeout: 300.0s exceeded,342,21.16838264042747
396,2026-09-14T02:30:15.083+00:00,2026-09-14T02:35:08.452+00:00,2026-09-14T02:35:15.168+00:00,False,102,101.0,,101.0,293368.70274599997,300085.18658599997,300085.18646399997,2942.0116319999997,0.01948,293368.70274599997,29041.25257481571,89.9484665,66.49984,20.291811962869673,0.3365710955247533,40,64,,True,False,Request timeout: 300.0s exceeded,532,21.16838264042747
397,2026-09-14T02:30:18.385+00:00,2026-09-14T02:35:11.715+00:00,2026-09-14T02:35:18.463+00:00,False,99,98.0,,98.0,293330.18650099996,300077.79174899997,300077.79175399995,3031.088805595959,0.020149999999999998,293330.18650099996,29473.879892510915,90.859249,68.8531147755102,20.288901778725368,0.3265819820547469,40,64,,True,False,Request timeout: 300.0s exceeded,187,21.16838264042747
398,2026-09-14T02:30:23.390+00:00,2026-09-14T02:35:16.857+00:00,2026-09-14T02:35:23.434+00:00,False,94,93.0,,93.0,293467.327627,300043.518859,300043.518692,3191.952326510638,0.02494,293467.327627,30261.55612832246,87.3826485,70.71173367741935,18.84857364887434,0.30995503703482313,40,64,,True,False,Request timeout: 300.0s exceeded,310,21.16838264042747
399,2026-09-14T02:30:27.164+00:00,2026-09-14T02:35:20.854+00:00,2026-09-14T02:35:27.188+00:00,False,90,89.0,,89.0,293690.077351,300024.42359099997,300024.423647,3333.604707188889,0.03953,293690.077351,30950.157167939935,88.88125749999999,71.17242966292136,21.003744651403792,0.2966425164150196,40,64,,True,False,Request timeout: 300.0s exceeded,440,21.16838264042747
400,2026-09-14T02:30:30.371+00:00,2026-09-14T02:35:24.407+00:00,2026-09-14T02:35:30.443+00:00,False,88,87.0,,87.0,294035.63757599995,300071.71770399995,300071.7177009999,3409.9058829659084,0.02212,294035.63757599995,31336.916007010754,88.76512084999999,69.38023135632184,22.069242716797735,0.28993068945544376,40,64,,True,False,Request timeout: 300.0s exceeded,283,21.16838264042747
401,2026-09-14T02:30:33.263+00:00,2026-09-14T02:35:27.103+00:00,2026-09-14T02:35:33.286+00:00,False,92,91.0,,91.0,293839.315384,300022.851256,300022.851367,3261.1179496413047,0.020079999999999997,293839.315384,30627.788035022124,87.87665199999999,67.95094364835165,19.395311207271273,0.3033102299342945,40,64,,True,False,Request timeout: 300.0s exceeded,436,21.16838264042747
402,2026-09-14T02:30:37.527+00:00,2026-09-14T02:35:31.059+00:00,2026-09-14T02:35:37.594+00:00,False,97,96.0,,96.0,293531.928186,300066.060666,300066.06075999996,3093.4645439175256,0.02109,293531.928186,29796.747600610448,87.2593306,68.06388,20.053613866623532,0.31992955080266966,40,64,,True,False,Request timeout: 300.0s exceeded,403,21.16838264042747
403,2026-09-14T02:30:40.392+00:00,2026-09-14T02:35:33.961+00:00,2026-09-14T02:35:40.417+00:00,False,95,94.0,,94.0,293569.15659100004,300025.057007,300025.05705000006,3158.1584952631583,0.035679999999999996,293569.15659100004,30112.52005051143,88.00123169999999,68.67979165957446,19.888889526111832,0.31330716486725585,40,64,,True,False,Request timeout: 300.0s exceeded,419,21.16838264042747
404,2026-09-14T02:30:44.229+00:00,2026-09-14T02:35:37.924+00:00,2026-09-14T02:35:44.307+00:00,False,94,93.0,,93.0,293694.53428100003,300077.955977,300077.95591200003,3192.318679914894,0.02143,293694.53428100003,30285.20559718615,89.80901300000001,68.63894296774194,20.56437099240019,0.3099194664173471,40,64,,True,False,Request timeout: 300.0s exceeded,409,21.16838264042747
405,2026-09-14T02:30:47.027+00:00,2026-09-14T02:35:40.689+00:00,2026-09-14T02:35:47.045+00:00,False,91,90.0,,90.0,293662.191052,300018.07252399996,300018.072582,3296.9018965054943,0.05818,293662.191052,30776.76598956301,90.734519,70.62090524444444,20.682400119466937,0.2999819285646549,40,64,,True,False,Request timeout: 300.0s exceeded,493,21.16838264042747
406,2026-09-14T02:30:50.746+00:00,2026-09-14T02:35:44.700+00:00,2026-09-14T02:35:50.776+00:00,False,90,89.0,,89.0,293953.828101,300029.468421,300029.468462,3333.660760688889,0.024480000000000002,293953.828101,30978.265157424226,89.34185800000002,68.26562157303371,20.735349772029597,0.2966375285347491,40,64,,True,False,Request timeout: 300.0s exceeded,408,21.16838264042747
407,2026-09-14T02:30:54.448+00:00,2026-09-14T02:35:47.886+00:00,2026-09-14T02:35:54.500+00:00,False,97,96.0,,96.0,293438.138852,300051.885028,300051.885009,3093.318402154639,0.03498,293438.138852,29787.140108926273,88.4220436,68.89318933333332,19.403177102523262,0.3199446655402333,40,64,,True,False,Request timeout: 300.0s exceeded,485,21.16838264042747
408,2026-09-14T02:30:58.117+00:00,2026-09-14T02:35:51.522+00:00,2026-09-14T02:35:58.177+00:00,False,98,97.0,,97.0,293404.86496700003,300060.27437500004,300060.274195,3061.8395326020413,0.023809999999999998,293404.86496700003,29631.441934405262,86.09556269999999,68.61246812371135,18.550953208031586,0.32326838400065694,40,64,,True,False,Request timeout: 300.0s exceeded,465,21.16838264042747
409,2026-09-14T02:31:02.451+00:00,2026-09-14T02:35:56.140+00:00,2026-09-14T02:36:02.482+00:00,False,96,95.0,,95.0,293688.425215,300030.345215,300030.345376,3125.316097666667,0.02513,293688.425215,29967.643102594982,88.67976850000001,66.75705263157894,20.716370842646832,0.31663463884602594,40,64,,True,False,Request timeout: 300.0s exceeded,212,21.16838264042747
410,2026-09-14T02:31:06.180+00:00,2026-09-14T02:36:00.303+00:00,2026-09-14T02:36:06.256+00:00,False,86,85.0,,85.0,294122.24941399996,300075.21658199996,300075.216546,3489.2467040232555,0.02246,294122.24941399996,31708.472684578417,89.33544625,70.03490785882352,21.084706813442676,0.2832623132566248,40,64,,True,False,Request timeout: 300.0s exceeded,376,21.16838264042747
411,2026-09-14T02:31:10.248+00:00,2026-09-14T02:36:04.225+00:00,2026-09-14T02:36:10.316+00:00,False,87,86.0,,86.0,293977.575645,300068.46281299996,300068.46287499997,3449.0627916666663,0.02194,293977.575645,31510.117201376877,88.4976426,70.82426939534884,19.525336914131767,0.28660126157141164,40,64,,True,False,Request timeout: 300.0s exceeded,435,21.16838264042747
412,2026-09-14T02:31:15.289+00:00,2026-09-14T02:36:09.099+00:00,2026-09-14T02:36:15.350+00:00,False,92,91.0,,91.0,293810.461734,300060.92343,300060.923536,3261.5317775652175,0.02056,293810.461734,30624.703204528854,87.2903595,68.68639226373627,19.46806911841057,0.30327174548347685,40,64,,True,False,Request timeout: 300.0s exceeded,476,21.16838264042747
413,2026-09-14T02:31:19.403+00:00,2026-09-14T02:36:13.335+00:00,2026-09-14T02:36:19.463+00:00,False,89,88.0,,88.0,293932.43150199996,300060.364174,300060.36420199997,3371.4647663146065,0.03835,293932.43150199996,31149.40013726574,89.47987940000002,69.63559854545454,19.558052205584904,0.2932743224592312,40,64,,True,False,Request timeout: 300.0s exceeded,408,21.16838264042747
414,2026-09-14T02:31:22.665+00:00,2026-09-14T02:36:16.481+00:00,2026-09-14T02:36:22.705+00:00,False,93,92.0,,92.0,293815.881651,300039.962035,300039.962009,3226.2361506344087,0.04215,293815.881651,30460.278826539085,88.4340976,67.65304765217391,19.976154648389322,0.3066258220272275,40,64,,True,False,Request timeout: 300.0s exceeded,348,21.16838264042747
415,2026-09-14T02:31:27.528+00:00,2026-09-14T02:36:21.482+00:00,2026-09-14T02:36:27.546+00:00,False,91,90.0,,90.0,293953.511825,300017.322385,300017.322511,3296.893653967033,0.02687,293953.511825,30807.644567145668,88.80384749999999,67.3756728888889,20.189802362633106,0.299982678615159,40,64,,True,False,Request timeout: 300.0s exceeded,408,21.16838264042747
416,2026-09-14T02:31:32.379+00:00,2026-09-14T02:36:26.022+00:00,2026-09-14T02:36:32.461+00:00,False,89,88.0,,88.0,293642.890426,300082.334906,300082.334791,3371.7116268651685,0.0272,293642.890426,31118.33278154547,88.7684046,73.17550545454546,18.156087910596366,0.2932528501804872,40,64,,True,False,Request timeout: 300.0s exceeded,438,21.16838264042747
417,2026-09-14T02:31:37.182+00:00,2026-09-14T02:36:31.031+00:00,2026-09-14T02:36:37.245+00:00,False,90,89.0,,89.0,293849.168068,300062.955972,300062.955969,3334.0328441,0.0225,293849.168068,30967.069372085796,88.0590305,69.81784161797754,20.684894940353118,0.2966044232674457,40,64,,True,False,Request timeout: 300.0s exceeded,410,21.16838264042747
418,2026-09-14T02:31:40.832+00:00,2026-09-14T02:36:34.331+00:00,2026-09-14T02:36:40.923+00:00,False,96,95.0,,95.0,293498.988622,300090.82503799995,300090.825075,3125.94609453125,0.039119999999999995,293498.988622,29948.040337590515,89.90085049999999,69.38775174736843,20.739957635605474,0.3165708248093567,40,64,,True,False,Request timeout: 300.0s exceeded,371,21.16838264042747
419,2026-09-14T02:31:44.861+00:00,2026-09-14T02:36:38.618+00:00,2026-09-14T02:36:44.929+00:00,False,92,91.0,,91.0,293757.32853,300068.181906,300068.181775,3261.6106714673915,0.03664,293757.32853,30619.095318415933,90.94496355,69.3500370989011,20.733672754256904,0.3032644095151243,40,64,,True,False,Request timeout: 300.0s exceeded,426,21.16838264042747
420,2026-09-14T02:31:49.451+00:00,2026-09-14T02:36:43.268+00:00,2026-09-14T02:36:49.465+00:00,False,90,89.0,,89.0,293816.39823,300013.979798,300013.979905,3333.488665611111,0.03787,293816.39823,30963.63423310708,90.33343194999999,69.63574795505617,20.548569492753877,0.29665284284393634,40,64,,True,False,Request timeout: 300.0s exceeded,425,21.16838264042747
421,2026-09-14T02:31:52.904+00:00,2026-09-14T02:36:46.994+00:00,2026-09-14T02:36:52.989+00:00,False,89,88.0,,88.0,294089.71024800005,300084.7738,300084.773739,3371.739030775281,0.04185,294089.71024800005,31166.232237635755,88.43999,68.12572218181819,20.414887064859983,0.2932504668119219,40,64,,True,False,Request timeout: 300.0s exceeded,438,21.16838264042747
422,2026-09-14T02:31:56.073+00:00,2026-09-14T02:36:49.895+00:00,2026-09-14T02:36:56.133+00:00,False,90,89.0,,89.0,293822.708965,300059.960805,300059.960646,3333.9995627333333,0.03525,293822.708965,30964.251876873073,87.7149395,70.08148134831461,19.641787623788375,0.29660738394163305,40,64,,True,False,Request timeout: 300.0s exceeded,382,21.16838264042747
423,2026-09-14T02:32:00.577+00:00,2026-09-14T02:36:54.255+00:00,2026-09-14T02:37:00.672+00:00,False,91,90.0,,90.0,293677.814196,300095.073716,300095.07365599996,3297.748062153846,0.03805,293677.814196,30778.33152434751,88.663828,71.30288355555555,19.56135774978646,0.29990495640449266,40,64,,True,False,Request timeout: 300.0s exceeded,206,21.16838264042747
424,2026-09-14T02:32:05.559+00:00,2026-09-14T02:36:57.512+00:00,2026-09-14T02:37:05.412+00:00,True,119,119.0,,119.0,291952.84233099996,299852.48930699995,299852.489303,2519.7688176722686,39.776246,291952.84233099996,26757.142920685044,89.27013989999999,66.94616081355932,18.99956048638917,0.39686180453270625,40,64,,True,True,,511,21.16838264042747
425,2026-09-14T02:32:08.025+00:00,2026-09-14T02:37:01.883+00:00,2026-09-14T02:37:08.103+00:00,False,101,100.0,,100.0,293857.695074,300077.930082,300077.93026,2971.0686164356434,0.0,293857.695074,29233.758418711695,89.493341,62.202350079999995,29.02140879216698,0.33324676684044635,40,64,,True,False,Request timeout: 300.0s exceeded,527,21.16838264042747
426,2026-09-14T02:32:10.958+00:00,2026-09-14T02:37:06.270+00:00,2026-09-14T02:37:10.969+00:00,False,71,70.0,,70.0,295312.513608,300011.109704,300011.109684,4225.508587098591,0.0,295312.513608,35039.196302838725,89.643531,67.12280137142857,32.49800128158028,0.2333246927724247,40,64,,True,False,Request timeout: 300.0s exceeded,360,21.16838264042747
427,2026-09-14T02:32:15.404+00:00,2026-09-14T02:37:09.227+00:00,2026-09-14T02:37:15.426+00:00,False,92,91.0,,91.0,293822.229157,300021.26531700004,300021.26515600004,3261.1007082173915,0.02176,293822.229157,30625.98945954841,89.90342209999999,68.12127648351648,20.24612299234217,0.303311833259053,40,64,,True,False,Request timeout: 300.0s exceeded,457,21.16838264042747
428,2026-09-14T02:32:19.270+00:00,2026-09-14T02:37:13.173+00:00,2026-09-14T02:37:19.316+00:00,False,97,96.0,,96.0,293903.04251,300045.584846,300045.584788,3093.2534514226804,0.021929999999999998,293903.04251,29834.843274991752,89.84499839999998,63.984816,20.887173976057117,0.31995138355151104,40,64,,True,False,Request timeout: 300.0s exceeded,463,21.16838264042747
429,2026-09-14T02:32:23.690+00:00,2026-09-14T02:37:17.763+00:00,2026-09-14T02:37:23.740+00:00,False,91,90.0,,90.0,294072.941605,300049.957925,300049.957884,3297.2522844395603,0.04099,294072.941605,30820.265221857757,88.8556725,66.41129244444444,20.06576971841957,0.2999500503929291,40,64,,True,False,Request timeout: 300.0s exceeded,318,21.16838264042747
430,2026-09-14T02:32:26.554+00:00,2026-09-14T02:37:20.118+00:00,2026-09-14T02:37:26.572+00:00,False,99,98.0,,98.0,293564.58370099997,300018.568981,300018.56912299996,3030.4905972020197,0.023899999999999998,293564.58370099997,29497.738797803602,87.9289222,65.85699265306123,20.266030695427894,0.32664644836102225,40,64,,True,False,Request timeout: 300.0s exceeded,220,21.16838264042747
431,2026-09-14T02:32:30.330+00:00,2026-09-14T02:37:24.173+00:00,2026-09-14T02:37:30.373+00:00,False,90,89.0,,89.0,293843.246117,300043.072805,300043.072747,3333.811919411111,0.04149,293843.246117,30966.461360331792,89.92362845,69.6609740224719,20.196420404398012,0.29662407856301914,40,64,,True,False,Request timeout: 300.0s exceeded,399,21.16838264042747
432,2026-09-14T02:32:35.308+00:00,2026-09-14T02:37:28.960+00:00,2026-09-14T02:37:35.371+00:00,False,93,92.0,,92.0,293652.873041,300063.514705,300063.51466499997,3226.489405,0.03619,293652.873041,30443.164300769382,87.36685,69.68088765217391,18.29240003480604,0.3066017542667509,40,64,,True,False,Request timeout: 300.0s exceeded,498,21.16838264042747
433,2026-09-14T02:32:38.621+00:00,2026-09-14T02:37:32.452+00:00,2026-09-14T02:37:38.655+00:00,False,93,92.0,,92.0,293831.533324,300033.871884,300033.871892,3226.1706655053767,0.020370000000000003,293831.533324,30461.9259062156,86.96681459999999,67.41672347826088,19.304250868390813,0.3066320459830259,40,64,,True,False,Request timeout: 300.0s exceeded,426,21.16838264042747
434,2026-09-14T02:32:43.026+00:00,2026-09-14T02:37:36.692+00:00,2026-09-14T02:37:43.115+00:00,False,94,93.0,,93.0,293665.713206,300089.484086,300089.483952,3192.4413186382976,0.01946,293665.713206,30282.18787210753,89.8471238,69.07280516129032,20.0984456058422,0.30990756068395897,40,64,,True,False,Request timeout: 300.0s exceeded,392,21.16838264042747
435,2026-09-14T02:32:46.815+00:00,2026-09-14T02:37:40.470+00:00,2026-09-14T02:37:46.883+00:00,False,92,91.0,,91.0,293655.37627,300068.244366,300068.244514,3261.6113534130436,0.04182,293655.37627,30608.348072275036,87.590831,70.47107797802198,18.99854008567022,0.30326434638983407,40,64,,True,False,Request timeout: 300.0s exceeded,391,21.16838264042747
436,2026-09-14T02:32:51.132+00:00,2026-09-14T02:37:45.187+00:00,2026-09-14T02:37:51.147+00:00,False,89,88.0,,88.0,294055.709311,300015.915391,300015.91558100004,3370.9653436067415,0.03478,294055.709311,31162.669589817073,87.8081796,67.72961454545455,19.557742092538707,0.29331777244321444,40,64,,True,False,Request timeout: 300.0s exceeded,362,21.16838264042747
437,2026-09-14T02:32:54.732+00:00,2026-09-14T02:37:48.460+00:00,2026-09-14T02:37:54.813+00:00,False,93,92.0,,92.0,293728.9106,300081.40596,300081.405882,3226.6817836774194,0.024640000000000002,293728.9106,30451.115660138996,88.7463342,69.04886260869566,20.051102190054163,0.30658347425985916,40,64,,True,False,Request timeout: 300.0s exceeded,438,21.16838264042747
438,2026-09-14T02:32:59.366+00:00,2026-09-14T02:37:52.987+00:00,2026-09-14T02:37:59.410+00:00,False,92,91.0,,91.0,293620.575296,300043.896384,300043.896419,3261.3467002065217,0.0371,293620.575296,30604.708671282253,90.13657855000001,70.58594602197802,20.299925671778016,0.30328895570512465,40,64,,True,False,Request timeout: 300.0s exceeded,435,21.16838264042747
439,2026-09-14T02:33:04.409+00:00,2026-09-14T02:37:58.235+00:00,2026-09-14T02:38:04.417+00:00,False,88,87.0,,87.0,293825.45056,300007.72128000006,300007.721351,3409.1786517159094,0.022760000000000002,293825.45056,31314.32917775504,88.72245084999999,71.06058298850576,19.48094947268339,0.28999253628809796,40,64,,True,False,Request timeout: 300.0s exceeded,353,21.16838264042747
440,2026-09-14T02:33:07.851+00:00,2026-09-14T02:38:01.816+00:00,2026-09-14T02:38:07.859+00:00,False,89,88.0,,88.0,293965.053944,300008.09547999996,300008.095538,3370.877477955056,0.02062,293965.053944,31152.960969001728,89.03506999999999,68.67092654545455,20.510414837221724,0.2933254179664846,40,64,,True,False,Request timeout: 300.0s exceeded,435,21.16838264042747
441,2026-09-14T02:33:12.870+00:00,2026-09-14T02:38:06.340+00:00,2026-09-14T02:38:12.962+00:00,False,108,107.0,,107.0,293470.28667299997,300092.08097699995,300092.08104699996,2778.6303800648143,0.01681,293470.28667299997,28234.687053696754,87.90755435000001,61.885928074766355,287.5431074476782,0.35655722620751473,40,64,,True,False,Request timeout: 300.0s exceeded,505,21.16838264042747
442,2026-09-14T02:33:17.352+00:00,2026-09-14T02:38:12.962+00:00,2026-09-14T02:38:17.383+00:00,False,69,68.0,,68.0,295610.706164,300031.43115599995,300031.431244,4348.281612231884,0.04622,295610.706164,35579.529629805154,87.67586080000001,65.01066164705882,25.42551328042824,0.2266429211699614,40,64,,True,False,Request timeout: 300.0s exceeded,193,21.16838264042747
443,2026-09-14T02:33:21.732+00:00,2026-09-14T02:38:14.817+00:00,2026-09-14T02:38:21.784+00:00,False,105,104.0,,104.0,293084.492553,300051.527177,300051.527289,2857.6335932285715,0.02596,293084.492553,28595.586513932893,86.94055200000001,66.99071753846154,19.18289075394123,0.3466071343761251,40,64,,True,False,Request timeout: 300.0s exceeded,521,21.16838264042747
444,2026-09-14T02:33:25.303+00:00,2026-09-14T02:38:18.566+00:00,2026-09-14T02:38:25.323+00:00,False,100,99.0,,99.0,293263.458804,300020.743412,300020.743462,3000.2074346199997,0.01973,293263.458804,29319.527217874234,90.21307044999999,68.25540008080809,20.184327292356766,0.32997718382441776,40,64,,True,False,Request timeout: 300.0s exceeded,525,21.16838264042747
445,2026-09-14T02:33:28.589+00:00,2026-09-14T02:38:22.397+00:00,2026-09-14T02:38:28.626+00:00,False,96,95.0,,95.0,293807.43928500003,300037.09509300004,300037.09498700005,3125.3864061145837,0.02161,293807.43928500003,29979.910146255963,88.34602625,65.57532429473684,20.143883351383817,0.31662751557621105,40,64,,True,False,Request timeout: 300.0s exceeded,451,21.16838264042747
446,2026-09-14T02:33:32.961+00:00,2026-09-14T02:38:26.635+00:00,2026-09-14T02:38:32.998+00:00,False,99,98.0,,98.0,293674.236913,300036.787441,300036.787494,3030.674621151515,0.03664,293674.236913,29508.853312215866,89.724937,64.92398497959184,20.534424793655816,0.326626614142344,40,64,,True,False,Request timeout: 300.0s exceeded,400,21.16838264042747
447,2026-09-14T02:33:36.992+00:00,2026-09-14T02:38:30.829+00:00,2026-09-14T02:38:37.008+00:00,False,89,88.0,,88.0,293836.694829,300016.246573,300016.246536,3370.969062202247,0.023559999999999998,293836.694829,31139.190238156425,88.7988264,70.2221789090909,20.10325008140441,0.2933174486555275,40,64,,True,False,Request timeout: 300.0s exceeded,276,21.16838264042747
448,2026-09-14T02:33:39.901+00:00,2026-09-14T02:38:34.078+00:00,2026-09-14T02:38:39.998+00:00,False,86,85.0,,85.0,294177.01342000003,300097.42890800006,300097.428924,3489.5049874883725,0.01933,294177.01342000003,31714.41863663881,89.32035375,69.65194691764707,19.99577232595867,0.2832413470161992,40,64,,True,False,Request timeout: 300.0s exceeded,376,21.16838264042747
449,2026-09-14T02:33:44.628+00:00,2026-09-14T02:38:38.527+00:00,2026-09-14T02:38:44.658+00:00,False,94,93.0,,93.0,293898.624645,300029.58886899997,300029.58868399996,3191.80413493617,0.021908999999999998,293898.624645,30306.53557971125,86.94877964999999,65.92434649462365,20.088465338065355,0.30996942785068443,40,64,,True,False,Request timeout: 300.0s exceeded,448,21.16838264042747
450,2026-09-14T02:33:49.321+00:00,2026-09-14T02:38:43.197+00:00,2026-09-14T02:38:49.408+00:00,False,95,94.0,,94.0,293876.29488999996,300087.29776999995,300087.297791,3158.813660957894,0.023469999999999998,293876.29488999996,30144.29898022209,87.320193,66.07449872340426,19.757527289746005,0.3132421821867506,40,64,,True,False,Request timeout: 300.0s exceeded,442,21.16838264042747
451,2026-09-14T02:33:53.091+00:00,2026-09-14T02:38:46.716+00:00,2026-09-14T02:38:53.140+00:00,False,96,95.0,,95.0,293624.59023000003,300048.79784600006,300048.79796000005,3125.5083120833337,0.023549,293624.59023000003,29961.03850373975,87.618775,67.6232380631579,19.096556700512835,0.3166151662062606,40,64,,True,False,Request timeout: 300.0s exceeded,313,21.16838264042747
452,2026-09-14T02:33:57.133+00:00,2026-09-14T02:38:50.615+00:00,2026-09-14T02:38:57.173+00:00,False,97,96.0,,96.0,293482.042838,300039.188438,300039.188369,3093.187508958763,0.02066,293482.042838,29791.6580108405,88.10902379999999,68.3036,19.80962132068178,0.31995820445913986,40,64,,True,False,Request timeout: 300.0s exceeded,489,21.16838264042747
453,2026-09-14T02:34:02.107+00:00,2026-09-14T02:38:55.877+00:00,2026-09-14T02:39:02.185+00:00,False,94,93.0,,93.0,293770.086599,300078.273735,300078.27351499995,3192.3220586702123,0.01821,293770.086599,30293.08114169731,86.67459515,67.82996920430108,19.77528500032497,0.3099191382383404,40,64,,True,False,Request timeout: 300.0s exceeded,472,21.16838264042747
454,2026-09-14T02:34:04.973+00:00,2026-09-14T02:38:58.586+00:00,2026-09-14T02:39:05.025+00:00,False,94,93.0,,93.0,293612.539879,300051.964647,300051.964729,3192.042177968085,0.0237,293612.539879,30276.68592036661,88.40135115000001,69.2411265376344,19.819730042783405,0.309946312497607,40,64,,True,False,Request timeout: 300.0s exceeded,413,21.16838264042747
455,2026-09-14T02:34:09.265+00:00,2026-09-14T02:39:02.774+00:00,2026-09-14T02:39:09.319+00:00,False,101,100.0,,100.0,293509.20099599997,300053.57194,300053.57183499995,2970.827443910891,0.03494,293509.20099599997,29198.752098452274,88.413393,65.44370943999999,20.21083146867197,0.3332738195831124,40,64,,True,False,Request timeout: 300.0s exceeded,478,21.16838264042747
456,2026-09-14T02:34:12.724+00:00,2026-09-14T02:39:06.432+00:00,2026-09-14T02:39:12.803+00:00,False,97,96.0,,96.0,293708.14823500003,300078.878731,300078.87869000004,3093.5966875257736,0.03588,293708.14823500003,29814.813150612412,88.7044796,66.361776,20.493980313169974,0.31991588480326655,40,64,,True,False,Request timeout: 300.0s exceeded,371,21.16838264042747
457,2026-09-14T02:34:16.914+00:00,2026-09-14T02:39:10.538+00:00,2026-09-14T02:39:16.997+00:00,False,95,94.0,,94.0,293624.50921,300083.04284199997,300083.04276,3158.7688711578944,0.039240000000000004,293624.50921,30118.196176009464,88.31123229999999,68.70780459574469,19.79954908557138,0.31324662370040346,40,64,,True,False,Request timeout: 300.0s exceeded,434,21.16838264042747
458,2026-09-14T02:34:20.613+00:00,2026-09-14T02:39:14.170+00:00,2026-09-14T02:39:20.628+00:00,False,94,93.0,,93.0,293557.541171,300015.239987,300015.239892,3191.651488212766,0.08709,293557.541171,30270.99283828495,86.66255699999999,69.43762167741934,19.613370640938772,0.3099842528133897,40,64,,True,False,Request timeout: 300.0s exceeded,353,21.16838264042747
459,2026-09-14T02:34:23.824+00:00,2026-09-14T02:39:17.854+00:00,2026-09-14T02:39:23.869+00:00,False,86,85.0,,85.0,294030.056683,300045.063403,300045.063428,3488.896086372093,0.04423,294030.056683,31698.451341358515,88.39949075,70.76478494117647,19.10069834414107,0.2832907798447389,40,64,,True,False,Request timeout: 300.0s exceeded,127,21.16838264042747
460,2026-09-14T02:34:26.643+00:00,2026-09-14T02:39:20.551+00:00,2026-09-14T02:39:26.670+00:00,False,90,89.0,,89.0,293907.56368,300026.805408,300026.805486,3333.6311720666667,0.02609,293907.56368,30973.336145112833,87.73850340000001,68.75552503370787,19.689496413161255,0.29664016146480915,40,64,,True,False,Request timeout: 300.0s exceeded,423,21.16838264042747
461,2026-09-14T02:34:30.017+00:00,2026-09-14T02:39:23.699+00:00,2026-09-14T02:39:30.102+00:00,False,97,96.0,,96.0,293682.02783499996,300084.11961099994,300084.119433,3093.650715804123,0.021119,293682.02783499996,29812.12796364353,89.12445579999999,66.688456,20.64975561572083,0.31991029756737915,40,64,,True,False,Request timeout: 300.0s exceeded,406,21.16838264042747
462,2026-09-14T02:34:33.584+00:00,2026-09-14T02:39:26.834+00:00,2026-09-14T02:39:33.623+00:00,False,103,102.0,,102.0,293250.302125,300039.310253,300039.310457,2913.003014145631,0.03666,293250.302125,28888.25980089093,88.8918442,66.55890321568627,20.48698786668623,0.33995545421695333,40,64,,True,False,Request timeout: 300.0s exceeded,542,21.16838264042747
463,2026-09-14T02:34:38.463+00:00,2026-09-14T02:39:32.023+00:00,2026-09-14T02:39:38.491+00:00,False,137,136.0,,136.0,293560.62479699997,300028.48015699995,300028.480068,2189.988905605839,0.02122,293560.62479699997,25076.52552944674,87.0500164,47.55776,24.50283080210275,0.4532903007368949,40,64,,True,False,Request timeout: 300.0s exceeded,654,21.16838264042747
0,2026-09-14T02:04:40.930+00:00,2026-09-14T02:04:41.145+00:00,2026-09-14T02:04:50.254+00:00,True,180,180.0,,180.0,215.201487,9324.004303,9324.004182,51.800023233333334,0.05647,215.201487,21.787828856314757,86.39870590000001,50.8871665698324,18.070357210872853,19.305010395810843,41,64,,False,True,,717,21.16838264042747
1,2026-09-14T02:04:44.233+00:00,2026-09-14T02:04:44.404+00:00,2026-09-14T02:05:00.332+00:00,True,251,251.0,,251.0,171.16022,16098.62134,16098.621495,64.13793424302789,0.02598,171.16022,22.585722729267722,95.8124825,63.709844479999994,21.58657032327589,15.591397219608123,41,64,,False,True,,1157,21.16838264042747
2,2026-09-14T02:04:49.459+00:00,2026-09-14T02:04:53.729+00:00,2026-09-14T02:05:12.476+00:00,True,284,284.0,,284.0,4270.504571,23017.354619,23017.354614,81.04702328873239,38.046099999999996,4270.504571,250.4446809925651,95.62617150000001,66.24328638869258,22.033509089093272,12.338516076281337,41,64,,False,True,,1292,21.16838264042747
3,2026-09-14T02:04:54.045+00:00,2026-09-14T02:05:01.289+00:00,2026-09-14T02:05:13.208+00:00,True,186,186.0,,186.0,7244.511453,19163.380957,19163.380785,103.0289289516129,40.640085,7244.511453,526.901762886215,95.2592965,64.42632164324324,21.399283883711398,9.706011711469834,41,64,,False,True,,826,21.16838264042747
4,2026-09-14T02:04:57.407+00:00,2026-09-14T02:05:07.733+00:00,2026-09-14T02:05:20.637+00:00,True,192,192.0,,192.0,10325.233591,23229.432759,23229.432717,120.986628734375,24.339588,10325.233591,740.6008498192988,94.28458149999999,67.56125218848167,21.727423239090175,8.265376171340716,41,64,,False,True,,947,21.16838264042747
5,2026-09-14T02:05:01.528+00:00,2026-09-14T02:05:14.431+00:00,2026-09-14T02:05:29.462+00:00,True,222,222.0,,222.0,12903.742938,27934.739673999997,27934.739891999998,125.83216167567568,21.183825000000002,12903.742938,861.7715485072436,95.08545190000001,68.01355989140272,22.55193657903289,7.947093926442582,41,64,,False,True,,1119,21.16838264042747
6,2026-09-14T02:05:05.227+00:00,2026-09-14T02:05:20.778+00:00,2026-09-14T02:05:31.110+00:00,True,153,153.0,,153.0,15550.982078,25882.954174,25882.954037,169.16963422875816,39.641446,15550.982078,1251.917905267086,94.51652539999999,67.97350063157896,21.93143167296779,5.911226321827355,41,64,,False,True,,769,21.16838264042747
7,2026-09-14T02:05:09.138+00:00,2026-09-14T02:05:28.235+00:00,2026-09-14T02:05:45.665+00:00,True,262,262.0,,262.0,19097.760344000002,36527.175,36527.174896000004,139.41669807633588,0.0172,19097.760344000002,1176.0472550698719,96.44573305000002,66.77936649808429,27.023344425076854,7.172741938022855,41,64,,False,True,,1450,21.16838264042747
8,2026-09-14T02:05:13.107+00:00,2026-09-14T02:05:34.944+00:00,2026-09-14T02:05:49.827+00:00,True,229,229.0,,229.0,21837.048502,36719.647926000005,36719.64784,160.34780716157206,0.044189,21837.048502,1438.965567285635,95.8980344,65.27455887719299,26.67860492643518,6.236443237731929,41,64,,False,True,,1143,21.16838264042747
9,2026-09-14T02:05:16.603+00:00,2026-09-14T02:05:42.234+00:00,2026-09-14T02:05:59.663+00:00,True,263,263.0,,263.0,25630.986598,43059.823206,43059.823019999996,163.7255628136882,40.632715,25630.986598,1576.5258559651354,97.64095319999998,66.522277129771,22.03817292447432,6.107781695753764,41,64,,False,True,,1113,21.16838264042747
10,2026-09-14T02:05:20.451+00:00,2026-09-14T02:05:47.637+00:00,2026-09-14T02:05:54.516+00:00,True,105,105.0,,105.0,27185.872362,34064.825833999996,34064.825884,324.42691318095234,41.144053,27185.872362,2646.7026745945777,94.94533819999998,66.14378338461539,21.707505622339124,3.0823583397041716,41,64,,False,True,,429,21.16838264042747
11,2026-09-14T02:05:23.616+00:00,2026-09-14T02:05:53.728+00:00,2026-09-14T02:06:11.311+00:00,True,262,262.0,,262.0,30111.415466,47694.695850000004,47694.695975999995,182.04082433587786,40.103645,30111.415466,1856.2505560584068,94.85810255,67.36889036015326,21.423690745818835,5.493273315422558,41,64,,False,True,,965,21.16838264042747
12,2026-09-14T02:05:27.345+00:00,2026-09-14T02:06:00.579+00:00,2026-09-14T02:06:09.320+00:00,True,131,131.0,,131.0,33234.313266,41975.134514,41975.134409,320.420873351145,39.716516000000006,33234.313266,2897.900323485515,94.445926,67.23708652307693,21.537906354702542,3.1208952994851624,41,64,,False,True,,633,21.16838264042747
13,2026-09-14T02:05:31.426+00:00,2026-09-14T02:06:06.788+00:00,2026-09-14T02:06:20.903+00:00,True,211,211.0,,211.0,35361.558804,49476.88066,49476.880531,234.4875854549763,40.039324,35361.558804,2429.860170862904,94.02777699999999,67.21581836190475,21.807630876273873,4.264618083948545,41,64,,False,True,,815,21.16838264042747
14,2026-09-14T02:05:34.826+00:00,2026-09-14T02:06:12.626+00:00,2026-09-14T02:06:25.996+00:00,True,202,202.0,,202.0,37799.922137,51169.432793,51169.432936000005,253.31402443564357,8.183692,37799.922137,2655.012025029293,93.92212359999999,66.5149783880597,22.95735429486652,3.9476693208065754,41,64,,False,True,,965,21.16838264042747
15,2026-09-14T02:05:39.672+00:00,2026-09-14T02:06:21.403+00:00,2026-09-14T02:06:32.649+00:00,True,173,173.0,,173.0,41730.446225,52976.928657,52976.928857,306.22502229479767,3.023584,41730.446225,3167.8178326371576,93.99000399999998,65.38652576744187,22.859842452130522,3.265572474389585,41,64,,False,True,,789,21.16838264042747
16,2026-09-14T02:05:44.861+00:00,2026-09-14T02:06:30.701+00:00,2026-09-14T02:06:38.295+00:00,True,115,115.0,,115.0,45839.32812699999,53434.04121499999,53434.041235,464.6438368260869,0.01666,45839.32812699999,4268.538405909021,95.7176894,66.62029024561404,42.6683819900879,2.1521860855943875,41,64,,False,True,,526,21.16838264042747
17,2026-09-14T02:05:48.026+00:00,2026-09-14T02:06:36.469+00:00,2026-09-14T02:06:49.354+00:00,True,193,193.0,,193.0,48443.262372000005,61327.739044,61327.739107,317.76030625388603,12.840772999999999,48443.262372000005,3482.2652563351685,95.5935706,67.10664933333334,22.664223186986696,3.1470261745917427,41,64,,False,True,,920,21.16838264042747
18,2026-09-14T02:05:52.313+00:00,2026-09-14T02:06:43.781+00:00,2026-09-14T02:07:02.196+00:00,True,276,276.0,,276.0,51467.574856,69882.437448,69882.437514,253.19723736956522,7.178274999999999,51467.574856,3094.0381666519966,94.41413875,66.96313669818181,22.965398315649736,3.9494901734841967,41,64,,False,True,,1258,21.16838264042747
19,2026-09-14T02:05:55.366+00:00,2026-09-14T02:06:49.044+00:00,2026-09-14T02:07:04.165+00:00,True,225,225.0,,225.0,53677.71561,68798.61417,68798.61410199999,305.7716182311111,40.294756,53677.71561,3574.080639188619,96.19717499999999,67.50401142857143,21.85667359744901,3.2704147127735665,41,64,,False,True,,1153,21.16838264042747
20,2026-09-14T02:05:58.497+00:00,2026-09-14T02:06:54.791+00:00,2026-09-14T02:07:13.469+00:00,True,278,278.0,,278.0,56294.156235,74971.88193100001,74971.88203000001,269.6830288848921,0.0,56294.156235,3372.351667149538,96.6843435,67.42861262093862,25.576848736606248,3.708056845309764,41,64,,False,True,,984,21.16838264042747
21,2026-09-14T02:06:03.663+00:00,2026-09-14T02:07:03.107+00:00,2026-09-14T02:07:18.355+00:00,True,227,227.0,,227.0,59443.758136,74691.081784,74691.081612,329.03560181497795,0.0,59443.758136,3941.030583638769,97.92587470000001,67.46603384070795,26.34412682301274,3.039184793928463,41,64,,False,True,,826,21.16838264042747
22,2026-09-14T02:06:08.308+00:00,2026-09-14T02:07:11.570+00:00,2026-09-14T02:07:29.410+00:00,True,270,270.0,,270.0,63262.000851000004,81102.734803,81102.734721,300.38049896666666,0.018009,63262.000851000004,3846.1267024685453,95.22646550000002,66.32243104832715,35.16814344377757,3.329110919081025,41,64,,False,True,,1011,21.16838264042747
23,2026-09-14T02:06:12.775+00:00,2026-09-14T02:07:20.241+00:00,2026-09-14T02:07:36.441+00:00,True,245,245.0,,245.0,67466.140199,83666.646567,83666.646653,341.4965169510204,0.01757,67466.140199,4306.1753028372195,95.9722052,66.39551790163934,37.60932901525951,2.9282875560669774,41,64,,False,True,,1171,21.16838264042747
24,2026-09-14T02:06:16.115+00:00,2026-09-14T02:07:26.339+00:00,2026-09-14T02:07:46.046+00:00,True,300,300.0,,300.0,70224.391376,89931.35304,89931.353059,299.7711768633333,0.01783,70224.391376,4050.7464633760533,93.60918595,65.9095707826087,34.28719829393834,3.3358777540749873,41,64,,False,True,,1280,21.16838264042747
25,2026-09-14T02:06:20.992+00:00,2026-09-14T02:07:34.054+00:00,2026-09-14T02:07:42.072+00:00,True,124,124.0,,124.0,73062.19953700001,81080.05272100001,81080.05277400001,653.8713933387097,38.382259,73062.19953700001,6555.359695779681,95.02726109999999,65.18579824390244,21.307040603110536,1.5293527302786716,41,64,,False,True,,531,21.16838264042747
26,2026-09-14T02:06:25.945+00:00,2026-09-14T02:07:42.479+00:00,2026-09-14T02:07:58.254+00:00,True,241,241.0,,241.0,76533.986581,92308.807445,92308.807495,383.02409748962657,0.0,76533.986581,4925.812947382029,93.38764299999998,65.72842026666666,24.246637631512325,2.610801793139773,41,64,,False,True,,951,21.16838264042747
27,2026-09-14T02:06:28.928+00:00,2026-09-14T02:07:47.743+00:00,2026-09-14T02:07:59.854+00:00,True,185,185.0,,185.0,78814.296077,90925.32686100001,90925.32686300001,491.48825331351355,0.0,78814.296077,5789.7564653532145,92.1091096,65.82081947826087,24.938486431845607,2.034636623113981,41,64,,False,True,,855,21.16838264042747
28,2026-09-14T02:06:32.510+00:00,2026-09-14T02:07:54.110+00:00,2026-09-14T02:08:02.851+00:00,True,134,134.0,,134.0,81599.313536,90340.409984,90340.40988600001,674.1821633283582,36.911573,81599.313536,7043.461183251365,94.57070775,65.72252968421053,21.209627505093746,1.4832786349290694,41,64,,False,True,,593,21.16838264042747
29,2026-09-14T02:06:37.480+00:00,2026-09-14T02:08:01.964+00:00,2026-09-14T02:08:09.070+00:00,True,110,110.0,,110.0,84483.94504,91589.612624,91589.61261400001,832.6328419454546,42.804731,84483.94504,8049.042064541773,95.75317245000001,65.18961086238532,21.91170836629195,1.201009556089942,41,64,,False,True,,525,21.16838264042747
30,2026-09-14T02:06:40.720+00:00,2026-09-14T02:08:08.325+00:00,2026-09-14T02:08:19.700+00:00,True,173,173.0,,173.0,87604.643644,98979.545916,98979.54576899999,572.1361027109826,0.0,87604.643644,6655.485686675144,94.4010426,66.13315274418605,27.376330817352514,1.7478358624398842,41,64,,False,True,,852,21.16838264042747
31,2026-09-14T02:06:44.901+00:00,2026-09-14T02:08:15.901+00:00,2026-09-14T02:08:31.346+00:00,True,231,231.0,,231.0,90999.55105699999,106444.94574499999,106444.94557699999,460.8006302034632,0.015470000000000001,90999.55105699999,5983.08444221115,96.201567,67.15388994782609,45.46023582704807,2.170135917522892,41,64,,False,True,,1031,21.16838264042747
32,2026-09-14T02:06:50.238+00:00,2026-09-14T02:08:25.471+00:00,2026-09-14T02:08:33.667+00:00,True,127,127.0,,127.0,95233.92687299999,103429.11048899998,103429.11043199999,814.4024443464566,40.229245000000006,95233.92687299999,8444.902626461713,94.95373369999999,65.04113980952381,22.44910864140423,1.2278941528121028,41,64,,False,True,,675,21.16838264042747
33,2026-09-14T02:06:54.910+00:00,2026-09-14T02:08:33.837+00:00,2026-09-14T02:08:44.921+00:00,True,165,165.0,,165.0,98927.324786,110011.646578,110011.64674499999,666.737253,0.0,98927.324786,7696.2631134071935,95.76112020000001,67.587328,25.802859988961988,1.499841199840713,41,64,,False,True,,814,21.16838264042747
34,2026-09-14T02:06:59.531+00:00,2026-09-14T02:08:42.381+00:00,2026-09-14T02:08:56.920+00:00,True,219,219.0,,219.0,102849.49205500001,117389.096023,117389.096126,536.0232699817352,39.827856,102849.49205500001,6945.453932518916,95.8732259,66.69543104587156,22.469417106002055,1.8655906504049695,41,64,,False,True,,988,21.16838264042747
35,2026-09-14T02:07:04.333+00:00,2026-09-14T02:08:50.944+00:00,2026-09-14T02:09:09.309+00:00,True,280,280.0,,280.0,106611.179851,124976.078923,124976.079006,446.34313930714285,0.0,106611.179851,6367.3595433283635,94.37619445,65.82401101075268,26.91196760570202,2.2404287477487035,41,64,,False,True,,1246,21.16838264042747
36,2026-09-14T02:07:07.330+00:00,2026-09-14T02:08:56.004+00:00,2026-09-14T02:09:14.454+00:00,True,280,280.0,,280.0,108674.676441,127124.357849,127124.35778600001,454.0155635214286,0.0,108674.676441,6490.657902448957,96.00947295,66.12789035125448,26.933216632206836,2.20256766474752,41,64,,False,True,,1385,21.16838264042747
37,2026-09-14T02:07:11.794+00:00,2026-09-14T02:09:04.065+00:00,2026-09-14T02:09:16.946+00:00,True,193,193.0,,193.0,112271.15073000001,125151.83015400001,125151.83038700001,648.4550797253886,36.459203,112271.15073000001,8076.656782099301,97.93546500000001,67.086872,22.629068302050616,1.542126869119792,41,64,,False,True,,792,21.16838264042747
38,2026-09-14T02:07:15.791+00:00,2026-09-14T02:09:11.640+00:00,2026-09-14T02:09:28.402+00:00,True,247,247.0,,247.0,115848.76518999999,132610.418438,132610.41833,536.8842847368421,0.0,115848.76518999999,7367.132882402245,98.29647859999999,68.13680182113822,52.72597821938985,1.8625987528685852,41,64,,False,True,,970,21.16838264042747
39,2026-09-14T02:07:19.915+00:00,2026-09-14T02:09:19.223+00:00,2026-09-14T02:09:31.211+00:00,True,178,178.0,,178.0,119307.329082,131296.127034,131296.12714199998,737.6186918089887,0.0,119307.329082,8937.43689813922,97.01971850000001,67.73332176271187,30.3786899143069,1.3557140185399812,41,64,,False,True,,832,21.16838264042747
40,2026-09-14T02:07:23.795+00:00,2026-09-14T02:09:25.829+00:00,2026-09-14T02:09:43.004+00:00,True,259,259.0,,259.0,122034.299488,139209.929824,139209.929723,537.4900761505792,39.029537,122034.299488,7578.736983223889,95.7736479,66.57221060465116,21.777426773804972,1.860499465285615,41,64,,False,True,,1173,21.16838264042747
41,2026-09-14T02:07:27.020+00:00,2026-09-14T02:09:31.164+00:00,2026-09-14T02:09:43.095+00:00,True,181,181.0,,181.0,124144.563138,136075.068866,136075.068821,751.7959603370166,39.889676,124144.563138,9222.690582103696,94.465311,66.28058737777778,21.305522755804702,1.3301481418189829,41,64,,False,True,,886,21.16838264042747
42,2026-09-14T02:07:30.773+00:00,2026-09-14T02:09:37.438+00:00,2026-09-14T02:09:55.402+00:00,True,271,271.0,,271.0,126665.181,144629.33588,144629.3359,533.6875863468634,0.0,126665.181,7690.370678289217,93.682502,66.53390696296296,27.933392022282725,1.8737554061981636,41,64,,False,True,,949,21.16838264042747
43,2026-09-14T02:07:34.690+00:00,2026-09-14T02:09:43.351+00:00,2026-09-14T02:09:52.557+00:00,True,143,143.0,,143.0,128661.084419,137867.557123,137867.557005,964.1087902447553,0.0,128661.084419,10753.809788196653,94.05865109999999,64.83431481690141,33.276065388727964,1.0372273432858539,41,64,,False,True,,543,21.16838264042747
44,2026-09-14T02:07:38.034+00:00,2026-09-14T02:09:50.792+00:00,2026-09-14T02:10:10.485+00:00,True,293,293.0,,293.0,132758.335631,152451.052687,152451.052821,520.3107604812286,36.791171999999996,132758.335631,7751.91569629182,94.7861176,67.44081183561644,21.907641206258518,1.9219283490391084,41,64,,False,True,,1484,21.16838264042747
45,2026-09-14T02:07:43.107+00:00,2026-09-14T02:09:59.587+00:00,2026-09-14T02:10:07.798+00:00,True,123,123.0,,123.0,136480.220996,144691.387716,144691.38763399998,1176.35274499187,40.167945,136480.220996,12299.956898669809,96.10483199999999,67.30464524590164,21.3941422067657,0.8500851497908374,41,64,,False,True,,404,21.16838264042747
46,2026-09-14T02:07:46.646+00:00,2026-09-14T02:10:06.083+00:00,2026-09-14T02:10:15.124+00:00,True,137,137.0,,137.0,139437.147297,148478.911905,148478.91206099998,1083.7876792773723,0.0,139437.147297,11907.283715866879,96.8103198,66.48356329411764,32.61300641359739,0.9226899513356857,41,64,,False,True,,604,21.16838264042747
47,2026-09-14T02:07:50.586+00:00,2026-09-14T02:10:12.919+00:00,2026-09-14T02:10:22.037+00:00,True,141,141.0,,141.0,142332.26593599998,151451.03713599997,151451.037078,1074.1208303404253,0.015460000000000002,142332.26593599998,11981.303691220979,98.18605299999999,65.13408,77.65374854044747,0.9309939546560176,41,64,,False,True,,635,21.16838264042747
48,2026-09-14T02:07:54.415+00:00,2026-09-14T02:10:18.426+00:00,2026-09-14T02:10:36.654+00:00,True,282,282.0,,282.0,144011.251147,162238.712523,162238.712452,575.3145831631206,0.01709,144011.251147,8571.912603414425,94.3780775,64.86641059074734,22.769549332614332,1.7381794740267176,41,64,,False,True,,1320,21.16838264042747
49,2026-09-14T02:07:59.768+00:00,2026-09-14T02:10:29.015+00:00,2026-09-14T02:10:45.700+00:00,True,250,250.0,,250.0,149247.795471,165932.86171099998,165932.861732,663.731446928,0.0,149247.795471,9435.071763487353,94.9889345,67.00829815261045,30.88635475910433,1.5066334505543397,41,64,,False,True,,555,21.16838264042747
50,2026-09-14T02:08:05.047+00:00,2026-09-14T02:10:38.118+00:00,2026-09-14T02:10:57.397+00:00,True,294,294.0,,294.0,153070.55565,172349.862146,172349.862343,586.2240215748299,0.0,153070.55565,8923.468510549896,94.3133555,65.79968087372013,29.902583643911136,1.7058325219369683,41,64,,False,True,,1180,21.16838264042747
51,2026-09-14T02:08:08.453+00:00,2026-09-14T02:10:44.939+00:00,2026-09-14T02:10:55.873+00:00,True,167,167.0,,167.0,156486.09374900002,167419.965621,167419.96554700003,1002.5147637544911,6.781456,156486.09374900002,12104.180979358916,94.29055899999999,65.86669802409638,22.293413766640327,0.997491543977791,41,64,,False,True,,617,21.16838264042747
52,2026-09-14T02:08:11.892+00:00,2026-09-14T02:10:51.098+00:00,2026-09-14T02:11:08.117+00:00,True,261,261.0,,261.0,159206.091352,176224.68923999998,176224.689128,675.1903798007662,38.263788999999996,159206.091352,9850.580611404299,93.34517299999999,65.45614572307693,21.135596653374165,1.4810637551730605,41,64,,False,True,,1173,21.16838264042747
53,2026-09-14T02:08:16.741+00:00,2026-09-14T02:10:57.952+00:00,2026-09-14T02:11:13.385+00:00,True,236,236.0,,236.0,161211.147624,176644.636264,176644.63631200002,748.4942216610169,0.0,161211.147624,10489.72315917544,94.85428750000001,65.67441974468085,31.241793079243614,1.3360156582806841,41,64,,False,True,,1121,21.16838264042747
54,2026-09-14T02:08:21.103+00:00,2026-09-14T02:11:06.452+00:00,2026-09-14T02:11:20.871+00:00,True,215,215.0,,215.0,165349.00505500002,179767.80646300002,179767.806417,836.1293321720931,0.0,165349.00505500002,11272.159224984303,95.5906437,67.37757667289719,32.20447621770243,1.195987225022137,41,64,,False,True,,1009,21.16838264042747
55,2026-09-14T02:08:26.138+00:00,2026-09-14T02:11:15.063+00:00,2026-09-14T02:11:25.775+00:00,True,164,164.0,,164.0,168924.734398,179637.458622,179637.458701,1095.3503579329267,35.866805,168924.734398,13185.692661703686,96.41779515,65.72223450306748,22.501983230832437,0.9129499006390146,41,64,,False,True,,607,21.16838264042747
56,2026-09-14T02:08:30.427+00:00,2026-09-14T02:11:23.410+00:00,2026-09-14T02:11:32.167+00:00,True,131,131.0,,131.0,172982.627051,181739.419115,181739.418996,1387.323809129771,0.01541,172982.627051,15107.956747944478,95.71266800000001,67.35993895384615,92.28905450477934,0.7208122521680703,41,64,,False,True,,815,21.16838264042747
57,2026-09-14T02:08:35.488+00:00,2026-09-14T02:11:32.124+00:00,2026-09-14T02:11:42.449+00:00,True,157,157.0,,157.0,176636.400318,186961.31091,186961.310728,1190.8363740636942,0.0,176636.400318,14091.881123236928,96.65232,66.1853243076923,35.26624761219752,0.8397459305127419,41,64,,False,True,,755,21.16838264042747
58,2026-09-14T02:08:39.387+00:00,2026-09-14T02:11:38.895+00:00,2026-09-14T02:11:53.049+00:00,True,209,209.0,,209.0,179507.52609099998,193661.14529099996,193661.14518199998,926.60835015311,0.0,179507.52609099998,12412.130358385924,95.098069,68.04624615384616,32.36695689537325,1.0792046059933782,41,64,,False,True,,834,21.16838264042747
59,2026-09-14T02:08:43.031+00:00,2026-09-14T02:11:45.139+00:00,2026-09-14T02:11:55.534+00:00,True,155,155.0,,155.0,182108.642003,192502.900179,192502.900077,1241.954194045161,39.443067,182108.642003,14621.914078223886,95.10397499999999,67.49518296103896,22.566032308959702,0.8051826744213844,41,64,,False,True,,792,21.16838264042747
60,2026-09-14T02:08:46.851+00:00,2026-09-14T02:11:52.135+00:00,2026-09-14T02:12:02.740+00:00,True,159,159.0,,159.0,185284.490883,195889.390467,195889.39065299998,1232.008746245283,40.683925,185284.490883,14688.708917789221,95.42801890000001,67.11961762025317,21.69446339803048,0.8116825501419156,41,64,,False,True,,676,21.16838264042747
61,2026-09-14T02:08:52.185+00:00,2026-09-14T02:12:01.551+00:00,2026-09-14T02:12:14.587+00:00,True,193,193.0,,193.0,189366.42555,202402.15419,202402.154267,1048.7158252176166,40.146265,189366.42555,13626.02673546886,98.134537,67.89442,23.5851734033293,0.9535471634300198,41,64,,False,True,,819,21.16838264042747
62,2026-09-14T02:08:56.209+00:00,2026-09-14T02:12:08.886+00:00,2026-09-14T02:12:18.227+00:00,True,143,143.0,,143.0,192677.406919,202018.119111,202018.11896300002,1412.7141186223776,0.0,192677.406919,16107.038181669363,97.0341771,65.77966332394367,38.10204372200327,0.7078572982922776,41,64,,False,True,,579,21.16838264042747
63,2026-09-14T02:09:00.930+00:00,2026-09-14T02:12:18.001+00:00,2026-09-14T02:12:28.550+00:00,True,155,155.0,,155.0,197070.92237000001,207620.652674,207620.652666,1339.488081716129,40.267005,197070.92237000001,15823.62923779757,93.4989104,68.50474223376622,21.320280962844038,0.7465538615918742,41,64,,False,True,,800,21.16838264042747
64,2026-09-14T02:09:03.922+00:00,2026-09-14T02:12:22.357+00:00,2026-09-14T02:12:36.036+00:00,True,207,207.0,,207.0,198434.284411,212114.129531,212114.12945,1024.7059393719808,38.519698,198434.284411,13787.536852603995,92.85272800000001,66.40701514563106,21.238264260527593,0.9758897271845693,41,64,,False,True,,1077,21.16838264042747
65,2026-09-14T02:09:07.298+00:00,2026-09-14T02:12:29.145+00:00,2026-09-14T02:12:46.193+00:00,True,261,261.0,,261.0,201846.478274,218894.500546,218894.500555,838.6762473371647,40.680585,201846.478274,12489.942826397002,94.55467999999999,65.56931643076923,21.31481167900208,1.192355218376771,41,64,,False,True,,845,21.16838264042747
66,2026-09-14T02:09:11.104+00:00,2026-09-14T02:12:35.906+00:00,2026-09-14T02:12:51.227+00:00,True,236,236.0,,236.0,204802.564031,220123.331007,220123.33111199999,932.7259792881356,0.0,204802.564031,13327.309942614755,94.85797725,65.19475308936171,33.67797428451445,1.0721262435943018,41,64,,False,True,,383,21.16838264042747
67,2026-09-14T02:09:15.745+00:00,2026-09-14T02:12:44.471+00:00,2026-09-14T02:12:53.693+00:00,True,144,144.0,,144.0,208725.85766299997,217948.388479,217948.38865699997,1513.530476784722,0.0,208725.85766299997,17388.75506747442,94.86720865,64.49322248951049,103.86476820806521,0.6607068811333507,41,64,,False,True,,733,21.16838264042747
68,2026-09-14T02:09:20.003+00:00,2026-09-14T02:12:52.366+00:00,2026-09-14T02:13:00.547+00:00,True,134,134.0,,134.0,212362.242428,220543.646332,220543.64629499998,1645.8481066791044,0.01541,212362.242428,18340.008987626214,95.41739065,61.51431506766917,26.78558803407517,0.6075894827560813,41,64,,False,True,,688,21.16838264042747
69,2026-09-14T02:09:24.832+00:00,2026-09-14T02:12:59.581+00:00,2026-09-14T02:13:18.416+00:00,True,284,284.0,,284.0,214748.67641,233584.02181799998,233584.02186299997,822.4789502218309,30.366436,214748.67641,12739.059057243003,95.30568785,66.5559908409894,21.991215509389423,1.2158365875782475,41,64,,False,True,,1081,21.16838264042747
70,2026-09-14T02:09:30.102+00:00,2026-09-14T02:13:09.061+00:00,2026-09-14T02:13:17.651+00:00,True,131,131.0,,131.0,218959.465509,227549.444901,227549.444908,1737.0186634198474,40.425985,218959.465509,19124.816741359424,94.332875,66.07676455384615,22.011167348154654,0.5756990532628818,41,64,,False,True,,615,21.16838264042747
71,2026-09-14T02:09:35.052+00:00,2026-09-14T02:13:17.914+00:00,2026-09-14T02:13:29.587+00:00,True,183,183.0,,183.0,222861.150395,234534.175931,234534.175972,1281.6075189726776,37.906209000000004,222861.150395,16469.642037734353,92.1325449,64.13750294505495,20.697795095536172,0.7802700790772541,41,64,,False,True,,752,21.16838264042747
72,2026-09-14T02:09:38.967+00:00,2026-09-14T02:13:25.338+00:00,2026-09-14T02:13:38.827+00:00,True,206,206.0,,206.0,226371.028067,239860.391011,239860.391114,1164.3708306504855,0.0,226371.028067,15767.479268916342,92.95660225,65.80177045853658,38.60194825102058,0.8588329199819942,41,64,,False,True,,874,21.16838264042747
73,2026-09-14T02:09:44.312+00:00,2026-09-14T02:13:34.065+00:00,2026-09-14T02:13:50.719+00:00,True,247,247.0,,247.0,229752.454764,246407.27614,246407.275945,997.6003074696356,40.021615,229752.454764,14614.506933685638,94.7289703,67.7025259186992,21.750691283260448,1.0024054641132563,41,64,,False,True,,1007,21.16838264042747
74,2026-09-14T02:09:47.306+00:00,2026-09-14T02:13:40.134+00:00,2026-09-14T02:13:49.140+00:00,True,131,131.0,,131.0,232828.2906,241834.44023200002,241834.440263,1846.0644294885496,41.095803,232828.2906,20336.26252021913,96.8949145,69.27807409230769,23.236800602767214,0.5416929031048152,41,64,,False,True,,546,21.16838264042747
75,2026-09-14T02:09:52.043+00:00,2026-09-14T02:13:49.367+00:00,2026-09-14T02:14:01.339+00:00,True,181,181.0,,181.0,237323.937356,249296.00314800002,249296.003223,1377.3259846574585,32.181342,237323.937356,17635.21964800936,94.45644899999999,66.51147662222222,22.336583398433426,0.7260445322604928,41,64,,False,True,,777,21.16838264042747
76,2026-09-14T02:09:55.651+00:00,2026-09-14T02:13:55.314+00:00,2026-09-14T02:14:14.858+00:00,True,294,294.0,,294.0,239663.12981,259206.59374600003,259206.59377600002,881.6550808707483,0.0,239663.12981,13973.596519130251,95.95926800000001,66.70124210238907,37.08343182373953,1.1342304057592552,41,64,,False,True,,1297,21.16838264042747
77,2026-09-14T02:09:59.664+00:00,2026-09-14T02:14:02.208+00:00,2026-09-14T02:14:17.108+00:00,True,221,221.0,,221.0,242544.074942,257443.325118,257443.325071,1164.90192339819,0.0,242544.074942,16310.775723017445,97.177094,67.72386443636364,40.9884454691771,0.8584413672356971,41,64,,False,True,,1029,21.16838264042747
78,2026-09-14T02:10:04.952+00:00,2026-09-14T02:14:12.832+00:00,2026-09-14T02:14:21.452+00:00,True,130,130.0,,130.0,247880.011274,256499.52077799998,256499.520925,1973.0732378846153,0.0,247880.011274,21734.710236025072,95.25514145,66.81790313178296,49.256987315556536,0.5068235589902519,41,64,,False,True,,684,21.16838264042747
79,2026-09-14T02:10:09.807+00:00,2026-09-14T02:14:20.982+00:00,2026-09-14T02:14:27.673+00:00,True,105,105.0,,105.0,251174.92505700001,257865.143553,257865.143508,2455.8585096,40.244253,251174.92505700001,24505.894165315003,96.1469244,64.329024,21.41452510344692,0.4071895819390532,41,64,,False,True,,235,21.16838264042747
80,2026-09-14T02:10:14.814+00:00,2026-09-14T02:14:29.989+00:00,2026-09-14T02:14:42.096+00:00,True,184,184.0,,184.0,255174.85503099998,267281.684343,267281.684204,1452.6178489347826,0.0155,255174.85503099998,18807.16264074894,92.15735264999999,66.15753722404372,106.5088843142847,0.6884123034927997,41,64,,False,True,,699,21.16838264042747
81,2026-09-14T02:10:20.083+00:00,2026-09-14T02:14:40.001+00:00,2026-09-14T02:14:51.915+00:00,True,185,185.0,,185.0,259917.96242300002,271831.643831,271831.64395500004,1469.3602375945948,32.552281,259917.96242300002,19104.800273491455,93.41390019999999,64.74826852173913,21.479504470410966,0.6805683009996292,41,64,,False,True,,860,21.16838264042747
82,2026-09-14T02:10:23.065+00:00,2026-09-14T02:14:44.296+00:00,2026-09-14T02:14:59.768+00:00,True,231,231.0,,231.0,261230.790174,276703.167262,276703.16735299997,1197.8492093203463,0.0,261230.790174,17183.346271587725,95.889156,67.27120473043477,40.82021748098572,0.834829620079031,41,64,,False,True,,1053,21.16838264042747
83,2026-09-14T02:10:26.501+00:00,2026-09-14T02:14:50.029+00:00,2026-09-14T02:14:59.534+00:00,True,140,140.0,,140.0,263528.063566,273033.169998,273033.170018,1950.2369287000001,0.0,263528.063566,22266.461660083605,96.38324340000001,68.38206066187051,49.48069597397271,0.5127582117624225,41,64,,False,True,,583,21.16838264042747
84,2026-09-14T02:10:31.904+00:00,2026-09-14T02:15:00.124+00:00,2026-09-14T02:15:18.642+00:00,True,272,272.0,,272.0,268219.602315,286737.247883,286737.24793400004,1054.1810585808823,38.666298000000005,268219.602315,16259.074574315433,95.87123355,68.33079545387454,22.502145262983216,0.9486036502344705,41,64,,False,True,,1269,21.16838264042747
85,2026-09-14T02:10:35.372+00:00,2026-09-14T02:15:05.879+00:00,2026-09-14T02:15:20.222+00:00,True,212,212.0,,212.0,270506.99183899997,284850.54563099996,284850.545549,1343.6346488160375,38.797967,270506.99183899997,18573.840898174032,96.00856195,67.97892792417062,22.22551993720472,0.744249934752199,41,64,,False,True,,802,21.16838264042747
86,2026-09-14T02:10:40.637+00:00,2026-09-14T02:15:15.499+00:00,2026-09-14T02:15:24.472+00:00,True,133,133.0,,133.0,274862.272755,283835.281395,283835.281447,2134.0998605037594,40.062035,274862.272755,23827.698486667847,96.87096880000001,67.97733818181818,23.16418236775909,0.4685816342011065,41,64,,False,True,,663,21.16838264042747
87,2026-09-14T02:10:45.846+00:00,2026-09-14T02:15:24.824+00:00,2026-09-14T02:15:36.171+00:00,True,166,166.0,,166.0,278977.551425,290325.031489,290325.031325,1748.9459718373494,40.205105,278977.551425,21647.53106715482,96.85313450000001,68.77260644848485,22.41709602450553,0.5717729509874848,41,64,,False,True,,868,21.16838264042747
88,2026-09-14T02:10:50.266+00:00,2026-09-14T02:15:32.873+00:00,2026-09-14T02:15:49.687+00:00,True,255,255.0,,255.0,282606.97807099996,299420.83099899994,299420.83097199997,1174.1993371450978,0.0,282606.97807099996,17693.43605715111,95.45617600000001,66.19627137007875,40.41619951592565,0.8516441529776254,41,64,,False,True,,1072,21.16838264042747
89,2026-09-14T02:10:54.238+00:00,2026-09-14T02:15:39.996+00:00,2026-09-14T02:15:54.286+00:00,False,222,221.0,,221.0,285758.149851,300047.786971,300047.786936,1351.5666078198199,0.0,285758.149851,19174.53955382675,95.6316501,64.65899149321267,42.96611300789577,0.7365493417932121,41,64,,False,False,Request timeout: 300.0s exceeded,1022,21.16838264042747
90,2026-09-14T02:10:58.820+00:00,2026-09-14T02:15:48.150+00:00,2026-09-14T02:15:58.861+00:00,False,164,163.0,,163.0,289329.592102,300040.37789400003,300040.37775100005,1829.5144984817075,0.0,289329.592102,22587.765478825335,94.22275415,65.71034228220859,48.23337327292171,0.5432602143221722,41,64,,False,False,Request timeout: 300.0s exceeded,281,21.16838264042747
91,2026-09-14T02:11:01.892+00:00,2026-09-14T02:15:54.151+00:00,2026-09-14T02:16:01.914+00:00,False,110,109.0,,109.0,292258.385246,300021.75267,300021.752754,2727.4704795818184,0.04044,292258.385246,27858.961124244583,93.4671104,71.22355434862385,21.670757383982103,0.3633069903431012,41,64,,False,False,Request timeout: 300.0s exceeded,518,21.16838264042747
92,2026-09-14T02:11:06.433+00:00,2026-09-14T02:15:59.852+00:00,2026-09-14T02:16:06.491+00:00,False,97,96.0,,96.0,293418.59732999996,300057.78708999994,300057.78721599997,3093.3792496494843,0.03372,293418.59732999996,29785.129849373996,91.7789418,69.15822666666668,20.594554299327168,0.3199383723082833,41,64,,False,False,Request timeout: 300.0s exceeded,427,21.16838264042747
93,2026-09-14T02:11:11.282+00:00,2026-09-14T02:16:04.817+00:00,2026-09-14T02:16:11.324+00:00,False,96,95.0,,95.0,293534.438519,300041.73759100004,300041.737696,3125.4347676666666,0.02517,293534.438519,29951.748669918998,88.77441425,68.49788496842106,19.87795191479474,0.316622616449111,41,64,,False,False,Request timeout: 300.0s exceeded,271,21.16838264042747
94,2026-09-14T02:11:15.588+00:00,2026-09-14T02:16:09.640+00:00,2026-09-14T02:16:15.640+00:00,False,91,90.0,,90.0,294052.57543300005,300052.06266500003,300052.06277400005,3297.2754150989017,0.026699999999999998,294052.57543300005,30818.104155783953,86.755531,66.66096924444444,20.161578654601627,0.2999479463685025,41,64,,False,False,Request timeout: 300.0s exceeded,376,21.16838264042747
95,2026-09-14T02:11:19.035+00:00,2026-09-14T02:16:12.763+00:00,2026-09-14T02:16:19.095+00:00,False,95,94.0,,94.0,293728.45109,300059.683346,300059.683477,3158.5229839684207,0.04015,293728.45109,30128.99938729727,88.2613068,67.35353463829787,19.886701376901453,0.3132710097931025,41,64,,False,False,Request timeout: 300.0s exceeded,418,21.16838264042747
96,2026-09-14T02:11:22.706+00:00,2026-09-14T02:16:16.610+00:00,2026-09-14T02:16:22.736+00:00,False,89,88.0,,88.0,293904.32737199997,300029.91969199997,300029.91966599994,3371.122692876404,0.052339,293904.32737199997,31146.42387566698,88.6377978,69.60900363636364,19.478197726550373,0.29330408144073655,41,64,,False,False,Request timeout: 300.0s exceeded,430,21.16838264042747
97,2026-09-14T02:11:25.984+00:00,2026-09-14T02:16:20.123+00:00,2026-09-14T02:16:26.066+00:00,False,89,88.0,,88.0,294138.97579500003,300081.96049900004,300081.96050900006,3371.7074214494387,0.02568,294138.97579500003,31171.517142484772,89.583476,67.5339170909091,20.4723997961748,0.29325321606692595,41,64,,False,False,Request timeout: 300.0s exceeded,439,21.16838264042747
98,2026-09-14T02:11:30.946+00:00,2026-09-14T02:16:24.411+00:00,2026-09-14T02:16:30.961+00:00,False,103,102.0,,102.0,293464.50211799995,300014.59491799993,300014.59500399994,2912.7630582912616,0.019170000000000003,293464.50211799995,28909.5965255368,89.23847900000001,64.21659607843138,20.746146830842527,0.33998345989760487,41,64,,False,False,Request timeout: 300.0s exceeded,492,21.16838264042747
99,2026-09-14T02:11:34.524+00:00,2026-09-14T02:16:29.105+00:00,2026-09-14T02:16:34.577+00:00,False,93,92.0,,92.0,294580.78756300005,300053.06839500007,300053.06853100006,3226.377080978495,0.01572,294580.78756300005,30540.90654861207,90.2795904,59.481313391304354,170.32425383792932,0.3066124285684293,41,64,,False,False,Request timeout: 300.0s exceeded,474,21.16838264042747
100,2026-09-14T02:11:38.851+00:00,2026-09-14T02:16:33.924+00:00,2026-09-14T02:16:38.877+00:00,False,72,71.0,,71.0,295072.44717400003,300025.64653400006,300025.64660100004,4167.022869458334,0.02291,295072.44717400003,34766.40548654831,89.8378016,69.76337126760563,20.20606177122133,0.23664643613043265,41,64,,False,False,Request timeout: 300.0s exceeded,370,21.16838264042747
101,2026-09-14T02:11:42.583+00:00,2026-09-14T02:16:35.982+00:00,2026-09-14T02:16:42.778+00:00,False,90,89.0,,89.0,293399.69100199995,300195.15647399996,300195.15658999997,3335.501739888888,0.02466,293399.69100199995,30919.057331316424,89.07506399999998,76.35354462921349,62.64856993291343,0.29647380405922147,41,64,,False,False,Request timeout: 300.0s exceeded,461,21.16838264042747
102,2026-09-14T02:11:46.687+00:00,2026-09-14T02:16:39.793+00:00,2026-09-14T02:16:46.755+00:00,False,110,109.0,,109.0,293106.007866,300068.300858,300068.300643,2727.893642209091,0.0,293106.007866,27940.53677163631,87.3912694,63.87424763302752,60.83641902616323,0.3632506322338313,41,64,,False,False,Request timeout: 300.0s exceeded,443,21.16838264042747
103,2026-09-14T02:11:50.334+00:00,2026-09-14T02:16:44.007+00:00,2026-09-14T02:16:50.417+00:00,False,96,95.0,,95.0,293672.401236,300082.445652,300082.445848,3125.8588109166667,0.038299999999999994,293672.401236,29965.93452411102,89.10624600000001,67.47415174736842,20.78976642879156,0.31657966461047077,41,64,,False,False,Request timeout: 300.0s exceeded,387,21.16838264042747
104,2026-09-14T02:11:55.036+00:00,2026-09-14T02:16:48.612+00:00,2026-09-14T02:16:55.076+00:00,False,95,94.0,,94.0,293576.313837,300040.464365,300040.464275,3158.3206765789473,0.03603,293576.313837,30113.245615111806,90.45750679999999,68.76755880851063,20.269938529113215,0.31329107625179764,41,64,,False,False,Request timeout: 300.0s exceeded,452,21.16838264042747
105,2026-09-14T02:11:59.784+00:00,2026-09-14T02:16:53.441+00:00,2026-09-14T02:16:59.809+00:00,False,92,91.0,,91.0,293657.098125,300024.796045,300024.796036,3261.1390873478263,0.02043,293657.098125,30608.58011273366,89.80616655,69.97470241758242,20.219835251611332,0.30330826384880244,41,64,,False,False,Request timeout: 300.0s exceeded,421,21.16838264042747
106,2026-09-14T02:12:04.473+00:00,2026-09-14T02:16:58.242+00:00,2026-09-14T02:17:04.527+00:00,False,95,94.0,,94.0,293769.412524,300053.95806,300053.958093,3158.4627167684207,0.039810000000000005,293769.412524,30133.253101588554,88.4267127,66.85686740425531,20.19620649202913,0.3132769872717473,41,64,,False,False,Request timeout: 300.0s exceeded,309,21.16838264042747
107,2026-09-14T02:12:07.522+00:00,2026-09-14T02:17:01.580+00:00,2026-09-14T02:17:07.532+00:00,False,87,86.0,,86.0,294057.417887,300009.202079,300009.20216000004,3448.3816340229887,0.02111,294057.417887,31518.851052456404,89.33805860000001,69.20679293023255,20.25364661734724,0.2866578738386632,41,64,,False,False,Request timeout: 300.0s exceeded,357,21.16838264042747
108,2026-09-14T02:12:12.272+00:00,2026-09-14T02:17:06.094+00:00,2026-09-14T02:17:12.301+00:00,False,90,89.0,,89.0,293821.84512300004,300028.36339500005,300028.363346,3333.648481622223,0.023190000000000002,293821.84512300004,30964.19719998462,87.88611105,69.73616035955057,19.61011744436961,0.2966386210720609,41,64,,False,False,Request timeout: 300.0s exceeded,432,21.16838264042747
109,2026-09-14T02:12:16.521+00:00,2026-09-14T02:17:10.732+00:00,2026-09-14T02:17:16.560+00:00,False,86,85.0,,85.0,294211.49815,300039.22935,300039.229185,3488.8282463372093,0.02813,294211.49815,31718.254707806835,88.06638275000002,68.56154352941176,19.844989369134687,0.28329628823585035,41,64,,False,False,Request timeout: 300.0s exceeded,453,21.16838264042747
110,2026-09-14T02:12:20.583+00:00,2026-09-14T02:17:14.158+00:00,2026-09-14T02:17:20.631+00:00,False,97,96.0,,96.0,293574.84721,300047.368682,300047.368752,3093.2718428041235,0.03351,293574.84721,29801.170614139228,89.20953300000001,67.42209866666667,20.18059350890671,0.3199494813825345,41,64,,False,False,Request timeout: 300.0s exceeded,489,21.16838264042747
111,2026-09-14T02:12:25.592+00:00,2026-09-14T02:17:19.122+00:00,2026-09-14T02:17:25.630+00:00,False,96,95.0,,95.0,293529.95766,300038.134044,300038.134016,3125.3972293333336,0.02256,293529.95766,29951.290463380825,89.967661,68.50711983157893,19.971407319312085,0.3166264191806647,41,64,,False,False,Request timeout: 300.0s exceeded,452,21.16838264042747
112,2026-09-14T02:12:29.820+00:00,2026-09-14T02:17:23.612+00:00,2026-09-14T02:17:29.862+00:00,False,94,93.0,,93.0,293792.303587,300042.394083,300042.394151,3191.9403633085108,0.03653,293792.303587,30295.43729734094,87.3279998,67.20527415053763,20.108145816622127,0.3099561989705816,41,64,,False,False,Request timeout: 300.0s exceeded,401,21.16838264042747
113,2026-09-14T02:12:33.699+00:00,2026-09-14T02:17:27.467+00:00,2026-09-14T02:17:33.707+00:00,False,92,91.0,,91.0,293767.48280500004,300007.547061,300007.546938,3260.951597152174,0.02062,293767.48280500004,30620.234520602953,88.41022955,68.57213468131869,19.88634487504312,0.30332570260806513,41,64,,False,False,Request timeout: 300.0s exceeded,297,21.16838264042747
114,2026-09-14T02:12:38.325+00:00,2026-09-14T02:17:32.203+00:00,2026-09-14T02:17:38.368+00:00,False,94,93.0,,93.0,293877.17228899995,300042.19244899997,300042.192336,3191.938216340425,0.0,293877.17228899995,30304.350568924456,88.39386285,66.2905393548387,66.41123477579988,0.3099564072669806,41,64,,False,False,Request timeout: 300.0s exceeded,462,21.16838264042747
115,2026-09-14T02:12:43.427+00:00,2026-09-14T02:17:37.650+00:00,2026-09-14T02:17:43.455+00:00,False,97,96.0,,96.0,294222.762614,300028.653174,300028.653079,3093.0788977216494,0.0,294222.762614,29867.669370980144,89.9971658,60.478026666666665,29.6997852259226,0.3199694395332479,41,64,,False,False,Request timeout: 300.0s exceeded,504,21.16838264042747
116,2026-09-14T02:12:48.498+00:00,2026-09-14T02:17:41.960+00:00,2026-09-14T02:17:48.529+00:00,False,95,94.0,,94.0,293461.891958,300030.75339800003,300030.753351,3158.218456326316,0.03847,293461.891958,30101.391765941877,90.8999277,69.88150468085105,20.079533387002492,0.31330121640999287,41,64,,False,False,Request timeout: 300.0s exceeded,420,21.16838264042747
117,2026-09-14T02:12:53.368+00:00,2026-09-14T02:17:47.007+00:00,2026-09-14T02:17:53.422+00:00,False,100,99.0,,99.0,293638.76007300004,300053.64954500005,300053.64974,3000.5364974000004,0.02425,293638.76007300004,29357.403459859408,89.68234700000001,64.79686335353536,20.57784415202908,0.3299409960522831,41,64,,False,False,Request timeout: 300.0s exceeded,480,21.16838264042747
118,2026-09-14T02:12:57.993+00:00,2026-09-14T02:17:51.254+00:00,2026-09-14T02:17:58.023+00:00,False,107,106.0,,106.0,293261.501701,300029.869829,300029.86997899995,2804.0174764392523,0.031670000000000004,293261.501701,28344.49419773252,90.0639193,63.852529509433964,20.858257571625142,0.3532981568148998,41,64,,False,False,Request timeout: 300.0s exceeded,566,21.16838264042747
119,2026-09-14T02:13:02.083+00:00,2026-09-14T02:17:55.625+00:00,2026-09-14T02:18:02.089+00:00,False,99,98.0,,98.0,293542.37748799997,300006.166544,300006.16639399994,3030.365317111111,0.03729,293542.37748799997,29495.49650985938,89.0668338,65.95703118367346,19.629407558294965,0.3266599521234406,41,64,,False,False,Request timeout: 300.0s exceeded,474,21.16838264042747
120,2026-09-14T02:13:05.697+00:00,2026-09-14T02:17:59.437+00:00,2026-09-14T02:18:05.717+00:00,False,92,91.0,,91.0,293739.959526,300020.704998,300020.705047,3261.0946200760873,0.09458899999999999,293739.959526,30617.3185784089,89.57787675,69.01918101098902,20.14219655357905,0.30331239972456775,41,64,,False,False,Request timeout: 300.0s exceeded,365,21.16838264042747
121,2026-09-14T02:13:09.491+00:00,2026-09-14T02:18:03.194+00:00,2026-09-14T02:18:09.506+00:00,False,89,88.0,,88.0,293702.988169,300015.500681,300015.500553,3370.9606803707866,0.045918999999999995,293702.988169,31124.85692224092,88.7782348,71.73309672727274,19.65281555146228,0.2933181778949765,41,64,,False,False,Request timeout: 300.0s exceeded,383,21.16838264042747
122,2026-09-14T02:13:14.086+00:00,2026-09-14T02:18:07.886+00:00,2026-09-14T02:18:14.139+00:00,False,92,91.0,,91.0,293799.49524,300053.24269600003,300053.24281900004,3261.4482915108697,0.05932,293799.49524,30623.55659297621,89.63987499999999,68.72249951648351,20.230443916224935,0.3032795086044011,41,64,,False,False,Request timeout: 300.0s exceeded,424,21.16838264042747
123,2026-09-14T02:13:18.905+00:00,2026-09-14T02:18:12.803+00:00,2026-09-14T02:18:18.922+00:00,False,93,92.0,,92.0,293897.416295,300016.207463,300016.20744800003,3225.980725247312,0.033979,293897.416295,30468.85249293845,88.78070039999999,66.50859965217391,20.351623840460956,0.306650099932838,41,64,,False,False,Request timeout: 300.0s exceeded,388,21.16838264042747
124,2026-09-14T02:13:23.992+00:00,2026-09-14T02:18:17.783+00:00,2026-09-14T02:18:24.010+00:00,False,94,93.0,,93.0,293790.716695,300017.702423,300017.70248000004,3191.677685957447,0.02529,293790.716695,30295.29936534358,87.5525423,66.95683578494624,20.288439469242594,0.3099817085755751,41,64,,False,False,Request timeout: 300.0s exceeded,450,21.16838264042747
125,2026-09-14T02:13:27.641+00:00,2026-09-14T02:18:21.226+00:00,2026-09-14T02:18:27.689+00:00,False,96,95.0,,95.0,293585.776458,300048.862282,300048.86241400003,3125.5089834791665,0.02026,293585.776458,29957.035847970936,88.89803624999999,68.03248235789474,19.912695551957285,0.3166150982126189,41,64,,False,False,Request timeout: 300.0s exceeded,394,21.16838264042747
126,2026-09-14T02:13:30.768+00:00,2026-09-14T02:18:24.261+00:00,2026-09-14T02:18:30.816+00:00,False,95,94.0,,94.0,293493.363357,300048.508061,300048.50795,3158.4053468421052,0.02757,293493.363357,30104.635670052085,90.56413280000001,69.73558195744681,20.133977315170775,0.31328267754922406,41,64,,False,False,Request timeout: 300.0s exceeded,379,21.16838264042747
127,2026-09-14T02:13:35.289+00:00,2026-09-14T02:18:29.121+00:00,2026-09-14T02:18:35.298+00:00,False,96,95.0,,95.0,293831.939059,300009.670131,300009.67006,3125.1007297916667,0.0,293831.939059,29982.526168471617,93.38901525,65.02874812631579,63.45251940652708,0.31665645963517774,41,64,,False,False,Request timeout: 300.0s exceeded,484,21.16838264042747
128,2026-09-14T02:13:38.307+00:00,2026-09-14T02:18:32.811+00:00,2026-09-14T02:18:38.320+00:00,False,83,82.0,,82.0,294503.89338200004,300012.88640600006,300012.88629700005,3614.613087915663,0.037899999999999996,294503.89338200004,32318.634511549717,89.970261,67.18284175609756,21.194886961458693,0.27332159288995145,41,64,,False,False,Request timeout: 300.0s exceeded,430,21.16838264042747
129,2026-09-14T02:13:42.951+00:00,2026-09-14T02:18:36.642+00:00,2026-09-14T02:18:42.989+00:00,False,91,90.0,,90.0,293690.213925,300037.985061,300037.984935,3297.1207135714285,0.05198,293690.213925,30779.7127728513,90.0028205,70.5307904,20.290159808640837,0.2999620197479407,41,64,,False,False,Request timeout: 300.0s exceeded,349,21.16838264042747
130,2026-09-14T02:13:46.180+00:00,2026-09-14T02:18:39.893+00:00,2026-09-14T02:18:46.194+00:00,False,96,95.0,,95.0,293713.788439,300014.172183,300014.172259,3125.147627697917,0.038119999999999994,293713.788439,29970.27642657641,90.55469175,66.31982888421052,20.829149787035327,0.3166517078468304,41,64,,False,False,Request timeout: 300.0s exceeded,185,21.16838264042747
131,2026-09-14T02:13:50.342+00:00,2026-09-14T02:18:44.407+00:00,2026-09-14T02:18:50.398+00:00,False,92,91.0,,91.0,294064.766491,300055.55663500004,300055.556685,3261.473442228261,0.023239999999999997,294064.766491,30651.515098587035,90.51012904999999,65.83285872527473,21.429583601681387,0.30327716980324465,41,64,,False,False,Request timeout: 300.0s exceeded,413,21.16838264042747
132,2026-09-14T02:13:54.492+00:00,2026-09-14T02:18:48.132+00:00,2026-09-14T02:18:54.542+00:00,False,93,92.0,,92.0,293639.89013200003,300050.314964,300050.31506800005,3226.347473849463,0.02624,293639.89013200003,30441.81928669086,89.3438412,69.6785307826087,19.913759352873985,0.30661524221708664,41,64,,False,False,Request timeout: 300.0s exceeded,476,21.16838264042747
133,2026-09-14T02:13:59.181+00:00,2026-09-14T02:18:52.647+00:00,2026-09-14T02:18:59.299+00:00,False,75,74.0,,74.0,293465.636566,300117.651414,300117.651282,4001.56868376,0.027219,293465.636566,33876.75870413224,88.52008609999999,89.89209254054055,210.5871618109181,0.24656996898166456,41,64,,False,False,Request timeout: 300.0s exceeded,348,21.16838264042747
134,2026-09-14T02:14:02.736+00:00,2026-09-14T02:18:56.626+00:00,2026-09-14T02:19:02.762+00:00,False,99,98.0,,98.0,293889.923145,300026.777673,300026.777481,3030.573509909091,0.015519999999999999,293889.923145,29531.365363692526,92.0284165,62.62096457142857,190.8452723054758,0.32663751135843766,41,64,,False,False,Request timeout: 300.0s exceeded,496,21.16838264042747
135,2026-09-14T02:14:05.975+00:00,2026-09-14T02:19:00.491+00:00,2026-09-14T02:19:06.010+00:00,False,85,84.0,,84.0,294516.448445,300034.79980499996,300034.799719,3529.8211731647057,0.02059,294516.448445,31937.675485020663,90.60595520000001,65.69465904761904,21.383039520155496,0.2799675239492008,41,64,,False,False,Request timeout: 300.0s exceeded,409,21.16838264042747
136,2026-09-14T02:14:09.226+00:00,2026-09-14T02:19:02.634+00:00,2026-09-14T02:19:09.234+00:00,False,100,99.0,,99.0,293408.388764,300008.56668399996,300008.566701,3000.0856670099997,0.03478,293408.388764,29334.178733331402,88.35479699999998,66.66846383838384,19.932048856877742,0.329990576916682,41,64,,False,False,Request timeout: 300.0s exceeded,524,21.16838264042747
137,2026-09-14T02:14:13.169+00:00,2026-09-14T02:19:06.835+00:00,2026-09-14T02:19:13.468+00:00,False,95,94.0,,94.0,293665.87812,300298.516072,300298.516227,3161.0370129157895,0.038259999999999995,293665.87812,30122.249929338665,87.2936247,70.55997821276596,18.89121908572723,0.31302185981319475,41,64,,False,False,Request timeout: 300.0s exceeded,404,21.16838264042747
138,2026-09-14T02:14:17.688+00:00,2026-09-14T02:19:11.913+00:00,2026-09-14T02:19:17.749+00:00,False,84,83.0,,83.0,294225.58241900004,300061.14312300005,300061.14313100005,3572.1564658452385,0.03799,294225.58241900004,32094.97775324779,89.86851800000001,70.30796028915663,19.836470965433016,0.2766102906099272,41,64,,False,False,Request timeout: 300.0s exceeded,411,21.16838264042747
139,2026-09-14T02:14:20.826+00:00,2026-09-14T02:19:14.625+00:00,2026-09-14T02:19:20.872+00:00,False,88,87.0,,87.0,293799.79471100005,300045.94434300007,300045.944246,3409.613002795455,0.02199,293799.79471100005,31311.516280471234,90.64652085,71.79482335632184,19.954774251302485,0.2899555939357914,41,64,,False,False,Request timeout: 300.0s exceeded,437,21.16838264042747
140,2026-09-14T02:14:25.429+00:00,2026-09-14T02:19:18.925+00:00,2026-09-14T02:19:25.514+00:00,False,99,98.0,,98.0,293495.669308,300085.159484,300085.159408,3031.1632263434344,0.02631,293495.669308,29490.673623020826,87.26596380000001,67.2396956734694,20.18842295130004,0.3265739637658595,41,64,,False,False,Request timeout: 300.0s exceeded,451,21.16838264042747
141,2026-09-14T02:14:29.832+00:00,2026-09-14T02:19:23.610+00:00,2026-09-14T02:19:29.876+00:00,False,101,100.0,,100.0,293778.18403899996,300043.77943099994,300043.77936299995,2970.730488742574,0.0,293778.18403899996,29225.862081109517,91.44068700000001,62.65595392,66.41222443174307,0.3332846966187368,41,64,,False,False,Request timeout: 300.0s exceeded,468,21.16838264042747
142,2026-09-14T02:14:33.967+00:00,2026-09-14T02:19:27.768+00:00,2026-09-14T02:19:33.982+00:00,False,102,101.0,,101.0,293800.927686,300015.741638,300015.741837,2941.3308023235295,0.020989999999999998,293800.927686,29084.54111244449,88.4760491,61.53281140594059,20.426058599549236,0.3366490019775927,41,64,,False,False,Request timeout: 300.0s exceeded,487,21.16838264042747
143,2026-09-14T02:14:37.746+00:00,2026-09-14T02:19:32.382+00:00,2026-09-14T02:19:37.791+00:00,False,88,87.0,,87.0,294635.821372,300044.65593199997,300044.65603699995,3409.598364056818,0.02425,294635.821372,31401.66300476516,87.6139815,62.170512183908045,20.027964989934592,0.2899568390237121,41,64,,False,False,Request timeout: 300.0s exceeded,434,21.16838264042747
144,2026-09-14T02:14:41.053+00:00,2026-09-14T02:19:34.802+00:00,2026-09-14T02:19:41.081+00:00,False,92,91.0,,91.0,293749.251391,300028.426559,300028.426433,3261.178548184783,0.022760000000000002,293749.251391,30618.288952045834,88.890789,69.00192492307693,19.880248350339098,0.3033045936469124,41,64,,False,False,Request timeout: 300.0s exceeded,369,21.16838264042747
145,2026-09-14T02:14:45.059+00:00,2026-09-14T02:19:38.967+00:00,2026-09-14T02:19:45.127+00:00,False,91,90.0,,90.0,293907.797913,300068.265625,300068.265481,3297.453466824176,0.040350000000000004,293907.797913,30802.73983184915,87.948719,68.44964124444445,20.13712486044854,0.29993174990545124,41,64,,False,False,Request timeout: 300.0s exceeded,434,21.16838264042747
146,2026-09-14T02:14:49.657+00:00,2026-09-14T02:19:43.329+00:00,2026-09-14T02:19:49.694+00:00,False,96,95.0,,95.0,293671.88673100004,300037.04359500005,300037.04344700003,3125.385869239584,0.05781,293671.88673100004,29965.929761299434,87.49797225,67.0016512,20.084201211049578,0.3166275699217799,41,64,,False,False,Request timeout: 300.0s exceeded,461,21.16838264042747
147,2026-09-14T02:14:54.210+00:00,2026-09-14T02:19:48.275+00:00,2026-09-14T02:19:54.238+00:00,False,88,87.0,,87.0,294065.19430000003,300027.37004400004,300027.369958,3409.4019313409094,0.039009999999999996,294065.19430000003,31340.156189310073,89.337487,68.53075567816092,20.38321471999902,0.2899735447044086,41,64,,False,False,Request timeout: 300.0s exceeded,323,21.16838264042747
148,2026-09-14T02:14:57.835+00:00,2026-09-14T02:19:51.255+00:00,2026-09-14T02:19:57.861+00:00,False,98,97.0,,97.0,293420.043499,300026.60477900004,300026.604949,3061.495968867347,0.05246,293420.043499,29633.026600356534,88.12455334999999,68.10887917525773,19.392436118919406,0.3233046618364072,41,64,,False,False,Request timeout: 300.0s exceeded,451,21.16838264042747
149,2026-09-14T02:15:02.068+00:00,2026-09-14T02:19:55.524+00:00,2026-09-14T02:20:02.113+00:00,False,103,102.0,,102.0,293456.152218,300045.206426,300045.206282,2913.060255165048,0.02075,293456.152218,28908.735688829875,88.5116433,64.59857066666666,20.088436630869587,0.339948773769716,41,64,,False,False,Request timeout: 300.0s exceeded,484,21.16838264042747
150,2026-09-14T02:15:06.302+00:00,2026-09-14T02:19:59.961+00:00,2026-09-14T02:20:06.340+00:00,False,96,95.0,,95.0,293659.681195,300038.489515,300038.48954000004,3125.4009327083336,0.02546,293659.681195,29964.669880567715,88.86904925,67.1453507368421,20.835752816578452,0.3166260440570929,41,64,,False,False,Request timeout: 300.0s exceeded,419,21.16838264042747
151,2026-09-14T02:15:11.095+00:00,2026-09-14T02:20:04.132+00:00,2026-09-14T02:20:11.120+00:00,False,106,105.0,,105.0,293037.10816,300024.716992,300024.717029,2830.421858764151,0.04894,293037.10816,28455.82347223594,88.2203565,66.54865554285713,20.366407071997475,0.34997116588497534,41,64,,False,False,Request timeout: 300.0s exceeded,494,21.16838264042747
152,2026-09-14T02:15:15.885+00:00,2026-09-14T02:20:09.504+00:00,2026-09-14T02:20:15.925+00:00,False,96,95.0,,95.0,293619.059611,300039.700635,300039.700577,3125.4135476770834,0.02011,293619.059611,29960.478865579378,89.95270975,67.58569498947368,20.61575809006796,0.31662476598577877,41,64,,False,False,Request timeout: 300.0s exceeded,484,21.16838264042747
153,2026-09-14T02:15:21.238+00:00,2026-09-14T02:20:14.642+00:00,2026-09-14T02:20:21.276+00:00,False,96,95.0,,95.0,293403.681989,300037.397701,300037.397835,3125.38956078125,0.04182,293403.681989,29938.26773297001,89.18897150000001,69.82858644210526,20.115134130271684,0.3166271962359557,41,64,,False,False,Request timeout: 300.0s exceeded,368,21.16838264042747
154,2026-09-14T02:15:25.144+00:00,2026-09-14T02:20:18.904+00:00,2026-09-14T02:20:25.213+00:00,False,97,96.0,,96.0,293759.56821399997,300068.70587799995,300068.705927,3093.491813680412,0.0,293759.56821399997,29820.166396745615,90.11443419999999,65.720184,66.8562905775015,0.31992673051028214,41,64,,False,False,Request timeout: 300.0s exceeded,331,21.16838264042747
155,2026-09-14T02:15:28.437+00:00,2026-09-14T02:20:22.559+00:00,2026-09-14T02:20:28.460+00:00,False,100,99.0,,99.0,294121.643213,300022.83898899995,300022.83903699997,3000.22839037,0.0,294121.643213,29406.216001156885,88.45118494999998,59.60803814141414,27.23397090082685,0.32997487902455896,41,64,,False,False,Request timeout: 300.0s exceeded,429,21.16838264042747
156,2026-09-14T02:15:31.466+00:00,2026-09-14T02:20:24.944+00:00,2026-09-14T02:20:31.511+00:00,False,99,98.0,,98.0,293477.97499699995,300044.93435699993,300044.934325,3030.756912373737,0.01902,293477.97499699995,29488.918318747605,87.9193339,67.0097893877551,20.09092422750771,0.32661774547207484,41,64,,False,False,Request timeout: 300.0s exceeded,475,21.16838264042747
157,2026-09-14T02:15:36.410+00:00,2026-09-14T02:20:30.181+00:00,2026-09-14T02:20:36.449+00:00,False,88,87.0,,87.0,293770.47041,300038.998026,300038.997978,3409.5340679318183,0.02281,293770.47041,31308.362517128426,90.910502,72.05204156321838,19.36944628801798,0.28996230680806695,41,64,,False,False,Request timeout: 300.0s exceeded,409,21.16838264042747
158,2026-09-14T02:15:41.590+00:00,2026-09-14T02:20:34.819+00:00,2026-09-14T02:20:41.636+00:00,False,95,94.0,,94.0,293228.659497,300045.492777,300045.492927,3158.3736097578944,0.040479999999999995,293228.659497,30077.19148419592,89.06336499999999,72.51950297872341,19.32602806158595,0.31328582585928977,41,64,,False,False,Request timeout: 300.0s exceeded,479,21.16838264042747
159,2026-09-14T02:15:45.563+00:00,2026-09-14T02:20:39.350+00:00,2026-09-14T02:20:45.662+00:00,False,91,90.0,,90.0,293786.70330500003,300098.33492100006,300098.33491200005,3297.7839001318684,0.03691,293786.70330500003,30789.86941280932,89.44667150000001,70.12924017777779,19.844839639866485,0.29990169730096045,41,64,,False,False,Request timeout: 300.0s exceeded,261,21.16838264042747
160,2026-09-14T02:15:49.648+00:00,2026-09-14T02:20:43.658+00:00,2026-09-14T02:20:49.683+00:00,False,88,87.0,,87.0,294009.79115899996,300034.393527,300034.39358299994,3409.4817452613634,0.03433,294009.79115899996,31334.1740948009,91.42391785,69.24830308045978,20.980810860737815,0.28996675673507716,41,64,,False,False,Request timeout: 300.0s exceeded,235,21.16838264042747
161,2026-09-14T02:15:52.981+00:00,2026-09-14T02:20:46.866+00:00,2026-09-14T02:20:52.995+00:00,False,91,90.0,,90.0,293885.131858,300014.69141,300014.69131900003,3296.8647397692307,0.03639,293885.131858,30800.401285321503,93.10776300000002,68.10621724444445,22.337864146654493,0.2999853093094232,41,64,,False,False,Request timeout: 300.0s exceeded,464,21.16838264042747
162,2026-09-14T02:15:58.088+00:00,2026-09-14T02:20:51.869+00:00,2026-09-14T02:20:58.141+00:00,False,93,92.0,,92.0,293780.611199,300052.999295,300052.999278,3226.3763363225803,0.01745,293780.611199,30456.567014081116,88.62334859999999,68.17813147826088,19.992958168136436,0.30661249917901773,41,64,,False,False,Request timeout: 300.0s exceeded,268,21.16838264042747
163,2026-09-14T02:16:01.238+00:00,2026-09-14T02:20:54.655+00:00,2026-09-14T02:21:01.251+00:00,False,99,98.0,,98.0,293417.453599,300013.193759,300013.193726,3030.4363002626264,0.03655,293417.453599,29482.80621412893,89.0116829,67.30347102040817,20.149338119289173,0.3266523007608899,41,64,,False,False,Request timeout: 300.0s exceeded,441,21.16838264042747
164,2026-09-14T02:16:05.832+00:00,2026-09-14T02:20:59.646+00:00,2026-09-14T02:21:05.911+00:00,False,94,93.0,,93.0,293813.863642,300078.888666,300078.888866,3192.3286049574467,0.02517,293813.863642,30297.644693914757,89.33291945,67.36586047311827,20.42631079571508,0.3099185031423946,41,64,,False,False,Request timeout: 300.0s exceeded,416,21.16838264042747
165,2026-09-14T02:16:10.685+00:00,2026-09-14T02:21:04.178+00:00,2026-09-14T02:21:10.751+00:00,False,98,97.0,,97.0,293492.723159,300065.814999,300065.81493399997,3061.896070755102,0.023600000000000003,293492.723159,29640.404102478624,90.0815235,67.76383340206185,20.727466640145774,0.3232624149482781,41,64,,False,False,Request timeout: 300.0s exceeded,181,21.16838264042747
166,2026-09-14T02:16:15.047+00:00,2026-09-14T02:21:08.709+00:00,2026-09-14T02:21:15.088+00:00,False,93,92.0,,92.0,293662.16978899995,300040.79430099996,300040.794303,3226.2451000322576,0.04115,293662.16978899995,30444.165499334616,89.58897660000001,69.33287513043479,20.033039786266787,0.30662497149539575,41,64,,False,False,Request timeout: 300.0s exceeded,385,21.16838264042747
167,2026-09-14T02:16:19.665+00:00,2026-09-14T02:21:13.360+00:00,2026-09-14T02:21:19.757+00:00,False,102,101.0,,101.0,293694.84354000003,300091.931028,300091.930937,2942.077754284314,0.0,293694.84354000003,29073.926395459148,89.91077949999999,63.337499881188116,66.35492472650952,0.33656353122862276,41,64,,False,False,Request timeout: 300.0s exceeded,425,21.16838264042747
168,2026-09-14T02:16:22.950+00:00,2026-09-14T02:21:17.398+00:00,2026-09-14T02:21:22.993+00:00,False,88,87.0,,87.0,294448.513101,300043.340365,300043.34038199997,3409.583413431818,0.015460000000000002,294448.513101,31381.46843934008,88.7359215,64.30835935632184,20.73581502351357,0.28995811036554014,41,64,,False,False,Request timeout: 300.0s exceeded,487,21.16838264042747
169,2026-09-14T02:16:27.041+00:00,2026-09-14T02:21:20.954+00:00,2026-09-14T02:21:27.099+00:00,False,91,90.0,,90.0,293912.813939,300057.66923500004,300057.669368,3297.337026021978,0.02607,293912.813939,30803.283471321825,87.3851555,68.27616995555556,19.56085482802031,0.2999423418486715,41,64,,False,False,Request timeout: 300.0s exceeded,341,21.16838264042747
170,2026-09-14T02:16:31.094+00:00,2026-09-14T02:21:24.587+00:00,2026-09-14T02:21:31.152+00:00,False,97,96.0,,96.0,293492.897463,300058.174647,300058.174703,3093.3832443608244,0.0248,293492.897463,29792.751555974144,89.59469279999999,68.388304,19.848645030424244,0.3199379590738966,41,64,,False,False,Request timeout: 300.0s exceeded,234,21.16838264042747
171,2026-09-14T02:16:34.559+00:00,2026-09-14T02:21:28.369+00:00,2026-09-14T02:21:34.635+00:00,False,98,97.0,,97.0,293809.388988,300075.949244,300075.94904,3061.99948,0.024,293809.388988,29672.712292990836,92.34259685,64.60371397938144,21.98890000991388,0.3232514976437736,41,64,,False,False,Request timeout: 300.0s exceeded,433,21.16838264042747
172,2026-09-14T02:16:39.609+00:00,2026-09-14T02:21:34.075+00:00,2026-09-14T02:21:39.641+00:00,False,81,80.0,,80.0,294466.207079,300032.532839,300032.53297,3704.105345308642,0.03468,294466.207079,32710.74226411383,89.05488199999999,69.579072,19.63445978509233,0.2666377517231729,41,64,,False,False,Request timeout: 300.0s exceeded,405,21.16838264042747
173,2026-09-14T02:16:43.929+00:00,2026-09-14T02:21:37.283+00:00,2026-09-14T02:21:43.968+00:00,False,105,104.0,,104.0,293354.319293,300038.979773,300038.97979199997,2857.5140932571426,0.02646,293354.319293,28622.184538742582,88.19390600000001,64.27558153846154,20.16268130381873,0.346621629225253,41,64,,False,False,Request timeout: 300.0s exceeded,349,21.16838264042747
174,2026-09-14T02:16:47.711+00:00,2026-09-14T02:21:41.260+00:00,2026-09-14T02:21:47.744+00:00,False,112,111.0,,111.0,293549.125539,300033.36003499996,300033.35994099994,2678.8692851875,0.01663,293549.125539,27732.979260330056,88.48578849999998,58.41652699099099,199.9011507557734,0.36995886053154703,41,64,,False,False,Request timeout: 300.0s exceeded,158,21.16838264042747
175,2026-09-14T02:16:52.006+00:00,2026-09-14T02:21:46.558+00:00,2026-09-14T02:21:52.038+00:00,False,83,82.0,,82.0,294552.077207,300032.566935,300032.56684,3614.8502028915664,0.037,294552.077207,32323.96095560382,88.0333641,66.83524058536585,20.29437668580682,0.2733036644577478,41,64,,False,False,Request timeout: 300.0s exceeded,332,21.16838264042747
176,2026-09-14T02:16:57.351+00:00,2026-09-14T02:21:51.039+00:00,2026-09-14T02:21:57.427+00:00,False,95,94.0,,94.0,293688.845232,300076.818096,300076.818188,3158.703349347368,0.03418,293688.845232,30124.873637107277,87.96372,67.95715812765957,19.35068622497878,0.3132531216387655,41,64,,False,False,Request timeout: 300.0s exceeded,490,21.16838264042747
177,2026-09-14T02:17:00.495+00:00,2026-09-14T02:21:54.408+00:00,2026-09-14T02:22:00.524+00:00,False,91,90.0,,90.0,293913.00725,300029.57915400004,300029.579089,3297.0283416373627,0.022,293913.00725,30803.336912491053,87.83351449999998,67.96191004444444,19.928507506918024,0.2999704237621336,41,64,,False,False,Request timeout: 300.0s exceeded,359,21.16838264042747
178,2026-09-14T02:17:04.646+00:00,2026-09-14T02:21:58.736+00:00,2026-09-14T02:22:04.662+00:00,False,91,90.0,,90.0,294090.06406199996,300016.00710199995,300016.00702399993,3296.8791980659335,0.023489999999999997,294090.06406199996,30822.119942071175,89.7122205,65.84381155555555,20.54347710163621,0.29998399375204554,41,64,,False,False,Request timeout: 300.0s exceeded,382,21.16838264042747
179,2026-09-14T02:17:08.052+00:00,2026-09-14T02:22:01.896+00:00,2026-09-14T02:22:08.134+00:00,False,93,92.0,,92.0,293843.892597,300081.861237,300081.86109,3226.686678387097,0.026510000000000002,293843.892597,30463.167975361288,88.23302760000003,67.80400695652173,20.287071056071795,0.30658300911876785,41,64,,False,False,Request timeout: 300.0s exceeded,433,21.16838264042747
180,2026-09-14T02:17:12.869+00:00,2026-09-14T02:22:06.295+00:00,2026-09-14T02:22:12.913+00:00,False,104,103.0,,103.0,293426.4695,300044.094076,300044.094111,2885.0393664519233,0.0,293426.4695,28766.607086060423,90.9383518,64.24878229126213,65.84439691656345,0.34328287752902914,41,64,,False,False,Request timeout: 300.0s exceeded,341,21.16838264042747
181,2026-09-14T02:17:17.356+00:00,2026-09-14T02:22:10.974+00:00,2026-09-14T02:22:17.407+00:00,False,102,101.0,,101.0,293617.522704,300050.968848,300050.968874,2941.6761654313727,0.0,293617.522704,29066.234440083757,88.16206904999999,63.697486574257425,66.16551297728577,0.33660947800893337,41,64,,False,False,Request timeout: 300.0s exceeded,476,21.16838264042747
182,2026-09-14T02:17:22.579+00:00,2026-09-14T02:22:16.068+00:00,2026-09-14T02:22:22.601+00:00,False,95,94.0,,94.0,293489.075337,300022.470793,300022.470844,3158.1312720421056,0.055709,293489.075337,30104.219340489224,89.857775,69.5042069787234,19.9419330073541,0.31330986559621776,41,64,,False,False,Request timeout: 300.0s exceeded,498,21.16838264042747
183,2026-09-14T02:17:26.388+00:00,2026-09-14T02:22:20.079+00:00,2026-09-14T02:22:26.442+00:00,False,98,97.0,,97.0,293690.108757,300053.299797,300053.29997500003,3061.768367091837,0.037329999999999995,293690.108757,29660.561571304217,89.19569750000001,65.59990762886598,20.623178181958732,0.3232758982008363,41,64,,False,False,Request timeout: 300.0s exceeded,428,21.16838264042747
184,2026-09-14T02:17:29.799+00:00,2026-09-14T02:22:23.505+00:00,2026-09-14T02:22:29.824+00:00,False,95,94.0,,94.0,293706.385104,300025.040592,300025.040436,3158.1583203789473,0.023399999999999997,293706.385104,30126.749361241185,89.72210640000002,67.21973923404255,20.142927066887054,0.31330718200894886,41,64,,False,False,Request timeout: 300.0s exceeded,415,21.16838264042747
185,2026-09-14T02:17:34.814+00:00,2026-09-14T02:22:28.547+00:00,2026-09-14T02:22:34.821+00:00,False,89,88.0,,88.0,293733.190976,300007.057728,300007.057683,3370.865816662921,0.027899999999999998,293733.190976,31128.10555907206,92.66621799999999,71.29394036363637,20.585449908843852,0.29332643260607816,41,64,,False,False,Request timeout: 300.0s exceeded,446,21.16838264042747
186,2026-09-14T02:17:38.622+00:00,2026-09-14T02:22:32.403+00:00,2026-09-14T02:22:38.684+00:00,False,92,91.0,,91.0,293780.470073,300062.230585,300062.230643,3261.54598525,0.02411,293780.470073,30621.54191253259,91.25530255,69.0303352967033,21.598215850257745,0.3032704243469323,41,64,,False,False,Request timeout: 300.0s exceeded,417,21.16838264042747
187,2026-09-14T02:17:41.726+00:00,2026-09-14T02:22:35.516+00:00,2026-09-14T02:22:41.751+00:00,False,89,88.0,,88.0,293790.062579,300025.68574700004,300025.685756,3371.0751208539327,0.105019,293790.062579,31134.180281018456,91.5653524,70.85935418181819,21.00856805181463,0.2933082205308481,41,64,,False,False,Request timeout: 300.0s exceeded,197,21.16838264042747
188,2026-09-14T02:17:44.833+00:00,2026-09-14T02:22:38.903+00:00,2026-09-14T02:22:44.846+00:00,False,85,84.0,,84.0,294070.086723,300012.617027,300012.61688,3529.560198588235,0.022010000000000002,294070.086723,31888.712807995398,91.217357,70.7444083809524,21.01860753379647,0.27998822460336836,41,64,,False,False,Request timeout: 300.0s exceeded,371,21.16838264042747
189,2026-09-14T02:17:49.205+00:00,2026-09-14T02:22:42.806+00:00,2026-09-14T02:22:49.285+00:00,False,96,95.0,,95.0,293600.819792,300080.105296,300080.105455,3125.8344318229165,0.116029,293600.819792,29958.55405769508,90.16599975000001,68.20300530526316,20.304403895719354,0.31658213364825266,41,64,,False,False,Request timeout: 300.0s exceeded,401,21.16838264042747
190,2026-09-14T02:17:52.326+00:00,2026-09-14T02:22:46.207+00:00,2026-09-14T02:22:52.347+00:00,False,90,89.0,,89.0,293880.65799599997,300020.87559599994,300020.87560599996,3333.565284511111,0.02271,293880.65799599997,30970.47463723876,86.9817675,68.99120898876404,18.782300562599026,0.2966460244581281,41,64,,False,False,Request timeout: 300.0s exceeded,423,21.16838264042747
191,2026-09-14T02:17:57.019+00:00,2026-09-14T02:22:50.758+00:00,2026-09-14T02:22:57.092+00:00,False,97,96.0,,96.0,293738.516265,300072.848937,300072.848946,3093.534525216495,0.02163,293738.516265,29817.934925810827,88.2054858,65.982632,20.30708826849167,0.31992231333183735,41,64,,False,False,Request timeout: 300.0s exceeded,427,21.16838264042747
192,2026-09-14T02:18:01.830+00:00,2026-09-14T02:22:55.553+00:00,2026-09-14T02:23:01.839+00:00,False,92,91.0,,91.0,293722.570949,300008.408261,300008.408161,3260.9609582717394,0.14588900000000002,293722.570949,30615.500244271003,90.28866905,69.0751352967033,20.723058418167085,0.30332483188548576,41,64,,False,False,Request timeout: 300.0s exceeded,444,21.16838264042747
193,2026-09-14T02:18:06.287+00:00,2026-09-14T02:22:59.833+00:00,2026-09-14T02:23:06.433+00:00,False,90,89.0,,89.0,293546.18619,300146.613198,300146.613157,3334.9623684111107,0.02437,293546.18619,30934.73810368438,90.07410944999998,74.16210121348314,66.45649490279622,0.2965217533248949,41,64,,False,False,Request timeout: 300.0s exceeded,175,21.16838264042747
194,2026-09-14T02:18:09.563+00:00,2026-09-14T02:23:03.467+00:00,2026-09-14T02:23:09.583+00:00,False,96,95.0,,95.0,293903.955149,300020.040909,300020.04092,3125.208759583333,0.0,293903.955149,29989.953299994235,92.06603025,64.37985010526316,68.42094198847875,0.3166455137869098,41,64,,False,False,Request timeout: 300.0s exceeded,503,21.16838264042747
195,2026-09-14T02:18:14.736+00:00,2026-09-14T02:23:08.605+00:00,2026-09-14T02:23:14.776+00:00,False,89,88.0,,88.0,293869.601841,300040.34948900004,300040.349356,3371.2398804044947,0.03979,293869.601841,31142.688770962985,89.916196,70.12213236363635,19.77493518558885,0.2932938858052697,41,64,,False,False,Request timeout: 300.0s exceeded,284,21.16838264042747
196,2026-09-14T02:18:19.358+00:00,2026-09-14T02:23:13.247+00:00,2026-09-14T02:23:19.450+00:00,False,86,85.0,,85.0,293888.60734,300091.34884399996,300091.348838,3489.4342888139536,0.024329999999999997,293888.60734,31682.96060652403,88.88426725000001,72.97342945882353,19.600291539530417,0.28324708568718704,41,64,,False,False,Request timeout: 300.0s exceeded,277,21.16838264042747
197,2026-09-14T02:18:23.367+00:00,2026-09-14T02:23:17.170+00:00,2026-09-14T02:23:23.435+00:00,False,95,94.0,,94.0,293803.418556,300068.102844,300068.10290299996,3158.611609505263,0.02082,293803.418556,30136.764155983063,90.2210147,66.6455775319149,20.837666781066222,0.3132622198397039,41,64,,False,False,Request timeout: 300.0s exceeded,435,21.16838264042747
198,2026-09-14T02:18:28.048+00:00,2026-09-14T02:23:21.667+00:00,2026-09-14T02:23:28.103+00:00,False,95,94.0,,94.0,293618.196914,300054.998706,300054.998828,3158.473671873684,0.02112,293618.196914,30117.57239168211,90.72511499999999,68.47661480851063,19.989424471645734,0.31327590076945566,41,64,,False,False,Request timeout: 300.0s exceeded,363,21.16838264042747
199,2026-09-14T02:18:33.273+00:00,2026-09-14T02:23:26.817+00:00,2026-09-14T02:23:33.309+00:00,False,97,96.0,,96.0,293544.562899,300036.266963,300036.267026,3093.1573920206188,0.06068,293544.562899,29798.07602190648,89.27327880000001,67.62191733333333,21.05894358082618,0.3199613199154973,41,64,,False,False,Request timeout: 300.0s exceeded,441,21.16838264042747
200,2026-09-14T02:18:36.316+00:00,2026-09-14T02:23:29.767+00:00,2026-09-14T02:23:36.351+00:00,False,99,98.0,,98.0,293451.82021,300035.321778,300035.32175299997,3030.6598156868686,0.02629,293451.82021,29486.27323123319,90.05010789999999,67.17858742857143,20.864462505941656,0.32662820970296114,41,64,,False,False,Request timeout: 300.0s exceeded,458,21.16838264042747
201,2026-09-14T02:18:39.747+00:00,2026-09-14T02:23:33.269+00:00,2026-09-14T02:23:39.804+00:00,False,98,97.0,,97.0,293522.126216,300057.609608,300057.609461,3061.8123414387755,0.025359000000000003,293522.126216,29643.413248277066,90.06563335000001,67.37611744329897,20.47146703717385,0.323271254899092,41,64,,False,False,Request timeout: 300.0s exceeded,511,21.16838264042747
202,2026-09-14T02:18:42.723+00:00,2026-09-14T02:23:36.135+00:00,2026-09-14T02:23:42.798+00:00,False,98,97.0,,97.0,293411.60154500004,300074.812809,300074.81278100004,3061.987885520409,0.024,293411.60154500004,29632.11481738739,88.0028654,68.69289962886597,19.35802105983901,0.3232527218528709,41,64,,False,False,Request timeout: 300.0s exceeded,453,21.16838264042747
203,2026-09-14T02:18:47.494+00:00,2026-09-14T02:23:41.206+00:00,2026-09-14T02:23:47.526+00:00,False,97,96.0,,96.0,293711.86841000005,300032.40857,300032.4085990001,3093.117614422681,0.026019999999999998,293711.86841000005,29815.243422241587,87.638827,65.83896,19.686128159126216,0.31996543459271803,41,64,,False,False,Request timeout: 300.0s exceeded,412,21.16838264042747
204,2026-09-14T02:18:50.450+00:00,2026-09-14T02:23:44.260+00:00,2026-09-14T02:23:50.534+00:00,False,93,92.0,,92.0,293809.859458,300084.29453,300084.294725,3226.712846505376,0.05357,293809.859458,30459.597350885168,88.14444979999999,68.2003812173913,19.591114561724307,0.30658052312965206,41,64,,False,False,Request timeout: 300.0s exceeded,470,21.16838264042747
205,2026-09-14T02:18:54.182+00:00,2026-09-14T02:23:47.903+00:00,2026-09-14T02:23:54.250+00:00,False,93,92.0,,92.0,293720.89448400005,300068.121364,300068.12123600004,3226.538938021506,0.022350000000000002,293720.89448400005,30450.290375685054,89.17820959999999,68.99159652173913,20.065824538585144,0.3065970473031311,41,64,,False,False,Request timeout: 300.0s exceeded,579,21.16838264042747
206,2026-09-14T02:18:59.258+00:00,2026-09-14T02:23:51.748+00:00,2026-09-14T02:23:59.375+00:00,False,115,114.0,,114.0,292489.20177499996,300116.684143,300116.68395499996,2609.7102952608693,0.02341,292489.20177499996,27268.527319413013,90.83855039999999,66.90774007017544,20.71179936278024,0.3798522575495374,41,64,,False,False,Request timeout: 300.0s exceeded,510,21.16838264042747
207,2026-09-14T02:19:03.105+00:00,2026-09-14T02:23:56.885+00:00,2026-09-14T02:24:03.170+00:00,False,106,105.0,,105.0,293779.871236,300065.101316,300065.10124299995,2830.802841915094,0.0,293779.871236,28528.683550958845,95.22845675,59.8593340952381,65.3105640702299,0.3499240649429072,41,64,,False,False,Request timeout: 300.0s exceeded,529,21.16838264042747
208,2026-09-14T02:19:08.054+00:00,2026-09-14T02:24:01.800+00:00,2026-09-14T02:24:08.108+00:00,False,97,96.0,,96.0,293746.751818,300054.24545,300054.245427,3093.342736360825,0.037558999999999995,293746.751818,29818.799427863032,86.77908299999999,65.70305866666666,20.19119806183089,0.31994214864724224,41,64,,False,False,Request timeout: 300.0s exceeded,486,21.16838264042747
209,2026-09-14T02:19:13.066+00:00,2026-09-14T02:24:06.612+00:00,2026-09-14T02:24:13.091+00:00,False,98,97.0,,97.0,293546.242554,300024.780282,300024.780312,3061.477350122449,0.019719999999999998,293546.242554,29645.9083180317,87.743127,66.78904874226804,19.952186077250186,0.3233066279019604,41,64,,False,False,Request timeout: 300.0s exceeded,368,21.16838264042747
210,2026-09-14T02:19:17.521+00:00,2026-09-14T02:24:11.297+00:00,2026-09-14T02:24:17.538+00:00,False,93,92.0,,92.0,293775.68772000005,300017.01200800005,300017.01201000006,3225.989376451613,0.04751,293775.68772000005,30456.09153508827,87.90758199999999,67.84048139130434,20.068657842229705,0.30664927760012084,41,64,,False,False,Request timeout: 300.0s exceeded,451,21.16838264042747
211,2026-09-14T02:19:22.363+00:00,2026-09-14T02:24:16.095+00:00,2026-09-14T02:24:22.406+00:00,False,92,91.0,,91.0,293732.268803,300043.01824299997,300043.018147,3261.337153771739,0.02187,293732.268803,30616.48185016319,87.25681405000002,69.34889494505495,19.294013685922803,0.30328984334606507,41,64,,False,False,Request timeout: 300.0s exceeded,385,21.16838264042747
212,2026-09-14T02:19:27.141+00:00,2026-09-14T02:24:21.016+00:00,2026-09-14T02:24:27.162+00:00,False,90,89.0,,89.0,293874.99912199995,300020.70715399995,300020.70705399994,3333.5634117111103,0.03435,293874.99912199995,30969.872166694102,88.67771794999999,69.05289923595505,19.645662622604355,0.2966461910054645,41,64,,False,False,Request timeout: 300.0s exceeded,426,21.16838264042747
213,2026-09-14T02:19:31.831+00:00,2026-09-14T02:24:25.477+00:00,2026-09-14T02:24:31.843+00:00,False,96,95.0,,95.0,293646.27696600003,300012.35261400003,300012.35255300003,3125.1286724270835,0.02467,293646.27696600003,29963.314957712755,88.93553449999999,67.01132261052632,20.036955061788845,0.31665362833319166,41,64,,False,False,Request timeout: 300.0s exceeded,446,21.16838264042747
214,2026-09-14T02:19:36.485+00:00,2026-09-14T02:24:30.268+00:00,2026-09-14T02:24:36.507+00:00,False,92,91.0,,91.0,293782.07019199996,300022.012848,300022.012855,3261.1088353804344,0.037509999999999995,293782.07019199996,30621.755551301198,89.056806,68.57079841758242,19.96656543627236,0.30331107753117864,41,64,,False,False,Request timeout: 300.0s exceeded,498,21.16838264042747
215,2026-09-14T02:19:41.092+00:00,2026-09-14T02:24:34.506+00:00,2026-09-14T02:24:41.139+00:00,False,96,95.0,,95.0,293414.191993,300046.918521,300046.918666,3125.4887361041665,0.04248,293414.191993,29939.341488611433,88.86774450000001,69.81817397894737,20.14579613138339,0.31661714930543783,41,64,,False,False,Request timeout: 300.0s exceeded,212,21.16838264042747
216,2026-09-14T02:19:46.044+00:00,2026-09-14T02:24:39.725+00:00,2026-09-14T02:24:47.648+00:00,False,82,81.0,,81.0,293681.057631,301604.65468700003,301604.654728,3678.1055454634147,0.05575,293681.057631,32421.782066376643,91.1435606,97.82218587654322,248.07204313599775,0.26856349443300326,41,64,,False,False,Request timeout: 300.0s exceeded,300,21.16838264042747
217,2026-09-14T02:19:51.015+00:00,2026-09-14T02:24:44.968+00:00,2026-09-14T02:24:51.065+00:00,False,103,102.0,,102.0,293953.00828899996,300049.854113,300049.854143,2913.1053800291256,0.01511,293953.00828899996,28958.994150588853,93.28825619999999,59.7729982745098,220.76019437428172,0.33994350805978524,41,64,,False,False,Request timeout: 300.0s exceeded,423,21.16838264042747
218,2026-09-14T02:19:54.788+00:00,2026-09-14T02:24:48.865+00:00,2026-09-14T02:24:54.798+00:00,False,85,84.0,,84.0,294077.303666,300009.482098,300009.482058,3529.523318329412,0.03896,294077.303666,31889.50847771282,90.68717219999999,70.6211718095238,20.261429226237734,0.27999115032157834,41,64,,False,False,Request timeout: 300.0s exceeded,308,21.16838264042747
219,2026-09-14T02:19:57.758+00:00,2026-09-14T02:24:51.528+00:00,2026-09-14T02:24:57.795+00:00,False,95,94.0,,94.0,293769.936285,300036.836509,300036.83643100003,3158.2824887473685,0.0,293769.936285,30133.398278094013,89.00731809999999,66.66915131914894,69.31620654165138,0.3132948643696966,41,64,,False,False,Request timeout: 300.0s exceeded,458,21.16838264042747
220,2026-09-14T02:20:00.801+00:00,2026-09-14T02:24:54.799+00:00,2026-09-14T02:25:00.884+00:00,False,95,94.0,,94.0,293998.14839499997,300083.398955,300083.398825,3158.772619210526,0.0,293998.14839499997,30157.009460180652,87.0656288,64.73670808510639,68.83559564223668,0.31324625196642775,41,64,,False,False,Request timeout: 300.0s exceeded,518,21.16838264042747
221,2026-09-14T02:20:04.471+00:00,2026-09-14T02:24:58.345+00:00,2026-09-14T02:25:04.526+00:00,False,94,93.0,,93.0,293873.9708,300054.726512,300054.726439,3192.0715578617023,0.03022,293873.9708,30303.93704735439,86.8757555,66.45973883870967,19.372178864959732,0.3099434595851323,41,64,,False,False,Request timeout: 300.0s exceeded,317,21.16838264042747
222,2026-09-14T02:20:09.289+00:00,2026-09-14T02:25:03.634+00:00,2026-09-14T02:25:09.376+00:00,False,84,83.0,,83.0,294344.84534899995,300086.7694449999,300086.76944299997,3572.461540988095,0.037619,294344.84534899995,32108.113477494735,89.18774665,69.17980838554217,19.808222023603005,0.27658666909409446,41,64,,False,False,Request timeout: 300.0s exceeded,394,21.16838264042747
223,2026-09-14T02:20:13.160+00:00,2026-09-14T02:25:07.022+00:00,2026-09-14T02:25:13.166+00:00,False,88,87.0,,87.0,293861.82471200003,300006.22381600004,300006.223837,3409.161634511364,0.03504,293861.82471200003,31318.2530675271,89.0277677,70.62527705747127,19.463155168394948,0.2899939837693463,41,64,,False,False,Request timeout: 300.0s exceeded,386,21.16838264042747
224,2026-09-14T02:20:17.710+00:00,2026-09-14T02:25:11.636+00:00,2026-09-14T02:25:17.767+00:00,False,89,88.0,,88.0,293926.37108899996,300057.44846499996,300057.448512,3371.4320057528084,0.04026,293926.37108899996,31148.75458064746,90.772018,69.67133381818181,20.55356154059264,0.29327717225544797,41,64,,False,False,Request timeout: 300.0s exceeded,374,21.16838264042747
225,2026-09-14T02:20:22.090+00:00,2026-09-14T02:25:15.630+00:00,2026-09-14T02:25:22.604+00:00,False,103,102.0,,102.0,293540.505338,300513.815546,300513.815771,2917.6098618543692,0.03555,293540.505338,28916.676414091628,90.3634042,68.36578635294117,20.608565644503262,0.3394186713668301,41,64,,False,False,Request timeout: 300.0s exceeded,488,21.16838264042747
226,2026-09-14T02:20:27.458+00:00,2026-09-14T02:25:21.167+00:00,2026-09-14T02:25:27.464+00:00,False,97,96.0,,96.0,293708.306307,300005.589123,300005.589059,3092.8411243195874,0.02343,293708.306307,29814.90698828549,88.6469344,65.596696,20.648905651539007,0.31999403837986745,41,64,,False,False,Request timeout: 300.0s exceeded,492,21.16838264042747
227,2026-09-14T02:20:31.917+00:00,2026-09-14T02:25:25.601+00:00,2026-09-14T02:25:32.008+00:00,False,91,90.0,,90.0,293684.43087,300091.66670999996,300091.666662,3297.7106226593405,0.02503,293684.43087,30779.037315003425,91.23986199999999,71.19150933333333,20.34095010780263,0.29990836129073,41,64,,False,False,Request timeout: 300.0s exceeded,228,21.16838264042747
228,2026-09-14T02:20:37.043+00:00,2026-09-14T02:25:30.651+00:00,2026-09-14T02:25:37.080+00:00,False,94,93.0,,93.0,293607.77969700005,300036.596337,300036.59641000006,3191.8786852127664,0.022178999999999997,293607.77969700005,30276.207019179365,91.01338030000001,69.12706064516128,20.2912649753694,0.30996218839765377,41,64,,False,False,Request timeout: 300.0s exceeded,416,21.16838264042747
229,2026-09-14T02:20:40.014+00:00,2026-09-14T02:25:33.691+00:00,2026-09-14T02:25:40.038+00:00,False,94,93.0,,93.0,293676.796973,300023.141677,300023.14171,3191.735550106383,0.02321,293676.796973,30283.416697744244,89.55999365,68.2402656344086,19.71850672004525,0.3099760887782526,41,64,,False,False,Request timeout: 300.0s exceeded,436,21.16838264042747
230,2026-09-14T02:20:43.584+00:00,2026-09-14T02:25:37.600+00:00,2026-09-14T02:25:43.632+00:00,False,88,87.0,,87.0,294016.17359799996,300048.25244599994,300048.25250999996,3409.6392330681815,0.021,294016.17359799996,31334.84435611799,88.60238205,69.33423963218391,19.496056320695203,0.28995336346995554,41,64,,False,False,Request timeout: 300.0s exceeded,360,21.16838264042747
231,2026-09-14T02:20:47.779+00:00,2026-09-14T02:25:41.398+00:00,2026-09-14T02:25:47.789+00:00,False,93,92.0,,92.0,293619.62255900004,300010.672543,300010.67268500006,3225.921211666667,0.03622,293619.62255900004,30439.739702650404,89.933518,69.46793460869566,20.261792249620292,0.3066557573441452,41,64,,False,False,Request timeout: 300.0s exceeded,570,21.16838264042747
232,2026-09-14T02:20:51.194+00:00,2026-09-14T02:25:45.332+00:00,2026-09-14T02:25:51.610+00:00,False,79,78.0,,78.0,294138.88443599996,300416.01800399995,300416.017831,3802.7344029240503,0.045109,294138.88443599996,33084.22997899136,89.36068900000001,80.4760713846154,70.54034721413123,0.25963995035365073,41,64,,False,False,Request timeout: 300.0s exceeded,359,21.16838264042747
233,2026-09-14T02:20:54.290+00:00,2026-09-14T02:25:47.869+00:00,2026-09-14T02:25:54.333+00:00,False,102,101.0,,101.0,293579.465351,300043.393927,300043.393739,2941.601899401961,0.0,293579.465351,29062.439038750257,88.62755804999999,63.999292831683164,67.3576612635082,0.3366179760803969,41,64,,False,False,Request timeout: 300.0s exceeded,465,21.16838264042747
234,2026-09-14T02:20:57.856+00:00,2026-09-14T02:25:51.822+00:00,2026-09-14T02:25:57.900+00:00,False,95,94.0,,94.0,293965.773238,300044.19167,300044.191598,3158.3599115578945,0.03712,293965.773238,30153.6246125432,88.88826700000001,64.66402587234043,20.718251285371533,0.3132871843871078,41,64,,False,False,Request timeout: 300.0s exceeded,459,21.16838264042747
235,2026-09-14T02:21:01.700+00:00,2026-09-14T02:25:55.640+00:00,2026-09-14T02:26:01.767+00:00,False,90,89.0,,89.0,293940.235222,300067.026134,300067.026072,3334.0780674666667,0.020730000000000002,293940.235222,30976.77188267524,89.90918894999999,68.8403473258427,20.918074000046175,0.29660040007280086,41,64,,False,False,Request timeout: 300.0s exceeded,461,21.16838264042747
236,2026-09-14T02:21:06.260+00:00,2026-09-14T02:26:00.201+00:00,2026-09-14T02:26:06.304+00:00,False,88,87.0,,87.0,293941.114143,300043.989023,300043.989065,3409.590784829545,0.02571,293941.114143,31326.756891234687,89.75095034999998,70.14798712643679,20.516366699136583,0.2899574835119626,41,64,,False,False,Request timeout: 300.0s exceeded,275,21.16838264042747
237,2026-09-14T02:21:09.697+00:00,2026-09-14T02:26:03.661+00:00,2026-09-14T02:26:09.777+00:00,False,94,93.0,,93.0,293964.057526,300079.73855,300079.73857000005,3192.337644361702,0.04822,293964.057526,30313.301981059256,90.51397080000001,65.76001101075269,20.93515743664315,0.3099176253931057,41,64,,False,False,Request timeout: 300.0s exceeded,473,21.16838264042747
238,2026-09-14T02:21:15.060+00:00,2026-09-14T02:26:08.996+00:00,2026-09-14T02:26:15.129+00:00,False,88,87.0,,87.0,293936.080149,300068.798485,300068.79854499997,3409.872710738636,0.043809,293936.080149,31326.18332508189,89.16873650000001,70.49101535632184,19.930673540389936,0.2899335100458604,41,64,,False,False,Request timeout: 300.0s exceeded,545,21.16838264042747
239,2026-09-14T02:21:18.020+00:00,2026-09-14T02:26:11.580+00:00,2026-09-14T02:26:18.025+00:00,False,94,93.0,,93.0,293560.43693300005,300005.19290100003,300005.19290100003,3191.544605329788,0.0258,293560.43693300005,30271.30628417974,88.55693615,69.2984512688172,20.25305019102804,0.309994634095182,41,64,,False,False,Request timeout: 300.0s exceeded,397,21.16838264042747
240,2026-09-14T02:21:21.791+00:00,2026-09-14T02:26:15.471+00:00,2026-09-14T02:26:21.861+00:00,False,97,96.0,,96.0,293679.659312,300070.094896,300070.094864,3093.5061326185564,0.047559,293679.659312,29811.900024046,90.1606236,66.56703733333333,20.967358502236593,0.3199252495763439,41,64,,False,False,Request timeout: 300.0s exceeded,395,21.16838264042747
241,2026-09-14T02:21:26.582+00:00,2026-09-14T02:26:20.248+00:00,2026-09-14T02:26:26.618+00:00,False,93,92.0,,92.0,293666.60989200004,300036.00637200003,300036.006279,3226.193615903226,0.044520000000000004,293666.60989200004,30444.6364648992,89.469029,69.23257043478262,20.25794145702303,0.3066298645700999,41,64,,False,False,Request timeout: 300.0s exceeded,313,21.16838264042747
242,2026-09-14T02:21:30.185+00:00,2026-09-14T02:26:23.735+00:00,2026-09-14T02:26:30.224+00:00,False,98,97.0,,97.0,293550.18082999997,300039.76111799997,300039.760923,3061.6302134999996,0.03615,293550.18082999997,29646.294974371645,88.77947454999999,66.9028895670103,20.441465221338273,0.3232904853628774,41,64,,False,False,Request timeout: 300.0s exceeded,433,21.16838264042747
243,2026-09-14T02:21:35.088+00:00,2026-09-14T02:26:28.863+00:00,2026-09-14T02:26:35.162+00:00,False,92,91.0,,91.0,293775.36884500005,300074.6668930001,300074.66688100004,3261.6811617500007,0.03175,293775.36884500005,30620.98873253871,88.84854055,69.22305547252748,19.72831928306937,0.30325785559381646,41,64,,False,False,Request timeout: 300.0s exceeded,438,21.16838264042747
244,2026-09-14T02:21:40.442+00:00,2026-09-14T02:26:34.360+00:00,2026-09-14T02:26:40.481+00:00,False,93,92.0,,92.0,293917.57962699997,300039.26180299994,300039.261808,3226.2286215913973,0.0228,293917.57962699997,30470.939927503277,89.87045819999999,66.54002365217391,20.128525697011515,0.30662653763094994,41,64,,False,False,Request timeout: 300.0s exceeded,304,21.16838264042747
245,2026-09-14T02:21:46.325+00:00,2026-09-14T02:26:38.280+00:00,2026-09-14T02:26:46.462+00:00,False,117,116.0,,116.0,291954.690175,300136.610687,300136.610745,2565.2701773076924,0.037090000000000005,291954.690175,26984.75688933713,89.53393100000001,70.53379751724137,55.74688874567609,0.38649067081313715,41,64,,False,False,Request timeout: 300.0s exceeded,541,21.16838264042747
246,2026-09-14T02:21:48.447+00:00,2026-09-14T02:26:42.033+00:00,2026-09-14T02:26:48.463+00:00,False,104,103.0,,103.0,293586.16477100004,300015.81520300003,300015.815162,2884.7674534807697,0.0,293586.16477100004,28782.43882465953,92.50734754999999,62.42379060194175,62.870452218222766,0.3433152346662358,41,64,,False,False,Request timeout: 300.0s exceeded,484,21.16838264042747
247,2026-09-14T02:21:53.679+00:00,2026-09-14T02:26:47.744+00:00,2026-09-14T02:26:53.691+00:00,False,90,89.0,,89.0,294064.86729400005,300011.83945400006,300011.83936300006,3333.464881811112,0.02027,294064.86729400005,30990.12186254375,87.7521305,66.81991191011235,20.365918639066447,0.29665495922418794,41,64,,False,False,Request timeout: 300.0s exceeded,475,21.16838264042747
248,2026-09-14T02:21:56.713+00:00,2026-09-14T02:26:50.218+00:00,2026-09-14T02:26:56.776+00:00,False,100,99.0,,99.0,293504.61129699997,300062.60886499996,300062.60901599994,3000.62609016,0.03908,293504.61129699997,29343.843694417134,88.64233395,66.24239967676768,20.085686687562262,0.3299311446183577,41,64,,False,False,Request timeout: 300.0s exceeded,192,21.16838264042747
249,2026-09-14T02:22:00.095+00:00,2026-09-14T02:26:53.690+00:00,2026-09-14T02:27:00.144+00:00,False,95,94.0,,94.0,293595.170427,300049.456251,300049.45614599995,3158.4153278526314,0.02616,293595.170427,30115.190690827796,89.00689999999999,68.66261514893617,19.75865769607957,0.31328168754075764,41,64,,False,False,Request timeout: 300.0s exceeded,425,21.16838264042747
250,2026-09-14T02:22:04.040+00:00,2026-09-14T02:26:58.053+00:00,2026-09-14T02:27:04.084+00:00,False,86,85.0,,85.0,294013.075467,300043.80852300004,300043.808329,3488.8814921976746,0.02161,294013.075467,31696.600345614082,88.361484,70.94980065882353,19.244602222455555,0.28329196465816847,41,64,,False,False,Request timeout: 300.0s exceeded,300,21.16838264042747
251,2026-09-14T02:22:07.754+00:00,2026-09-14T02:27:01.662+00:00,2026-09-14T02:27:07.776+00:00,False,89,88.0,,88.0,293908.341098,300021.796714,300021.796897,3371.031425808989,0.023649999999999997,293908.341098,31146.864019364617,89.13891300000002,69.47108654545454,19.59224295451778,0.2933120225391065,41,64,,False,False,Request timeout: 300.0s exceeded,263,21.16838264042747
252,2026-09-14T02:22:11.259+00:00,2026-09-14T02:27:04.962+00:00,2026-09-14T02:27:11.275+00:00,False,97,96.0,,96.0,293703.08852399996,300015.85242799995,300015.852501,3092.9469329999997,0.04079,293703.08852399996,29814.36051058674,89.3933856,65.75795733333334,20.178882993231035,0.31998309163692873,41,64,,False,False,Request timeout: 300.0s exceeded,234,21.16838264042747
253,2026-09-14T02:22:16.128+00:00,2026-09-14T02:27:10.244+00:00,2026-09-14T02:27:16.160+00:00,False,90,89.0,,89.0,294115.573134,300031.346062,300031.345969,3333.6816218777776,0.03614,294115.573134,30995.503988525208,89.11462995,66.46935874157303,20.838725934955512,0.29663567213276637,41,64,,False,False,Request timeout: 300.0s exceeded,438,21.16838264042747
254,2026-09-14T02:22:21.534+00:00,2026-09-14T02:27:15.648+00:00,2026-09-14T02:27:21.553+00:00,False,88,87.0,,87.0,294114.629899,300018.99674699997,300018.996769,3409.306781465909,0.04021,294114.629899,31345.49702133402,88.5272925,67.8662856091954,20.612145232770633,0.2899816376406504,41,64,,False,False,Request timeout: 300.0s exceeded,379,21.16838264042747
255,2026-09-14T02:22:24.768+00:00,2026-09-14T02:27:18.660+00:00,2026-09-14T02:27:24.795+00:00,False,89,88.0,,88.0,293892.08956,300026.37077599997,300026.370704,3371.0828168988764,0.0421,293892.08956,31145.11609721685,88.77253639999999,69.7077410909091,19.304116806168302,0.2933075508409256,41,64,,False,False,Request timeout: 300.0s exceeded,427,21.16838264042747
256,2026-09-14T02:22:28.621+00:00,2026-09-14T02:27:22.274+00:00,2026-09-14T02:27:28.675+00:00,False,92,91.0,,91.0,293652.99949699995,300054.479433,300054.47950699995,3261.4617337717386,0.03728,293652.99949699995,30608.11338336304,88.5264166,70.34593336263735,19.095142434969805,0.3032782585747721,41,64,,False,False,Request timeout: 300.0s exceeded,353,21.16838264042747
257,2026-09-14T02:22:32.588+00:00,2026-09-14T02:27:26.005+00:00,2026-09-14T02:27:32.622+00:00,False,101,100.0,,100.0,293416.774497,300033.37072099996,300033.37065299996,2970.6274322079207,0.039139,293416.774497,29189.483059673992,87.695425,66.16596224,19.628078144540115,0.33329625887844877,41,64,,False,False,Request timeout: 300.0s exceeded,490,21.16838264042747
258,2026-09-14T02:22:35.870+00:00,2026-09-14T02:27:29.847+00:00,2026-09-14T02:27:35.939+00:00,False,94,93.0,,93.0,293977.512994,300068.775458,300068.77537,3192.221014574468,0.02556,293977.512994,30314.716241046684,87.70055535,65.49744584946237,19.965842818564138,0.3099289483154405,41,64,,False,False,Request timeout: 300.0s exceeded,429,21.16838264042747
259,2026-09-14T02:22:40.060+00:00,2026-09-14T02:27:34.184+00:00,2026-09-14T02:27:40.072+00:00,False,85,84.0,,84.0,294124.336357,300012.62358899997,300012.62363,3529.560278,0.027870000000000002,294124.336357,31894.666166076564,89.65795320000001,70.09865752380952,19.61919764992817,0.27998821847935024,41,64,,False,False,Request timeout: 300.0s exceeded,332,21.16838264042747
260,2026-09-14T02:22:43.593+00:00,2026-09-14T02:27:37.388+00:00,2026-09-14T02:27:43.683+00:00,False,96,95.0,,95.0,293795.132602,300089.57919400005,300089.57923800003,3125.9331170625,0.0,293795.132602,29978.656494361574,90.93520025000002,66.25733254736842,69.05552448853584,0.3165721390764622,41,64,,False,False,Request timeout: 300.0s exceeded,420,21.16838264042747
261,2026-09-14T02:22:47.438+00:00,2026-09-14T02:27:41.348+00:00,2026-09-14T02:27:47.504+00:00,False,97,96.0,,96.0,293909.490993,300065.954609,300065.95456,3093.4634490721646,0.0,293909.490993,29835.554369322384,90.48612139999999,64.12982933333333,68.71668841305261,0.31992966388037086,41,64,,False,False,Request timeout: 300.0s exceeded,463,21.16838264042747
262,2026-09-14T02:22:52.266+00:00,2026-09-14T02:27:46.090+00:00,2026-09-14T02:27:52.316+00:00,False,90,89.0,,89.0,293824.683103,300050.57315099996,300050.573145,3333.8952571666664,0.03374,293824.683103,30964.47381557096,88.92127445,69.95382076404493,20.253913109782783,0.29661666386889685,41,64,,False,False,Request timeout: 300.0s exceeded,356,21.16838264042747
263,2026-09-14T02:22:57.671+00:00,2026-09-14T02:27:51.475+00:00,2026-09-14T02:27:57.708+00:00,False,94,93.0,,93.0,293804.075249,300037.224177,300037.224185,3191.8853636702124,0.02779,293804.075249,30296.670733466322,88.6719485,67.02310675268816,20.84544248535594,0.30996153978926566,41,64,,False,False,Request timeout: 300.0s exceeded,474,21.16838264042747
264,2026-09-14T02:23:00.696+00:00,2026-09-14T02:27:54.404+00:00,2026-09-14T02:28:00.710+00:00,False,95,94.0,,94.0,293707.93561299995,300013.736573,300013.736635,3158.0393329999993,0.018919000000000002,293707.93561299995,30126.922520981345,87.83117969999999,67.08298893617021,20.219717986904705,0.31331898690288046,41,64,,False,False,Request timeout: 300.0s exceeded,456,21.16838264042747
265,2026-09-14T02:23:04.917+00:00,2026-09-14T02:27:58.480+00:00,2026-09-14T02:28:04.939+00:00,False,97,96.0,,96.0,293563.191361,300022.732865,300022.732889,3093.0178648350516,0.02743,293563.191361,29800.000681169444,88.09765639999999,67.28689066666666,19.895920835107813,0.31997575344797863,41,64,,False,False,Request timeout: 300.0s exceeded,431,21.16838264042747
266,2026-09-14T02:23:09.840+00:00,2026-09-14T02:28:03.711+00:00,2026-09-14T02:28:09.869+00:00,False,90,89.0,,89.0,293871.273082,300029.24377,300029.24379700003,3333.6582644111113,0.01728,293871.273082,30969.46562792016,90.7842795,69.19068188764045,20.797993015307014,0.29663775064615594,41,64,,False,False,Request timeout: 300.0s exceeded,320,21.16838264042747
267,2026-09-14T02:23:15.234+00:00,2026-09-14T02:28:09.274+00:00,2026-09-14T02:28:15.278+00:00,False,99,98.0,,98.0,294040.643797,300044.649429,300044.649548,3030.754035838384,0.015189999999999999,294040.643797,29547.329717646044,92.00479390000001,61.26536359183674,277.57134844682923,0.3266180556343828,41,64,,False,False,Request timeout: 300.0s exceeded,436,21.16838264042747
268,2026-09-14T02:23:20.613+00:00,2026-09-14T02:28:15.914+00:00,2026-09-14T02:28:20.650+00:00,False,69,68.0,,68.0,295300.920119,300037.569335,300037.56933,4348.37057,0.024480000000000002,295300.920119,35541.67318482811,87.8698448,69.65660611764706,20.22383903047361,0.22663828450121917,41,64,,False,False,Request timeout: 300.0s exceeded,301,21.16838264042747
269,2026-09-14T02:23:25.747+00:00,2026-09-14T02:28:19.084+00:00,2026-09-14T02:28:25.782+00:00,False,99,98.0,,98.0,293337.10583099996,300035.65687099996,300035.65703099995,3030.663202333333,0.02309,293337.10583099996,29474.625804265026,89.68287999999998,68.35256163265306,20.559748014505303,0.3266278449102301,41,64,,False,False,Request timeout: 300.0s exceeded,450,21.16838264042747
270,2026-09-14T02:23:30.350+00:00,2026-09-14T02:28:23.525+00:00,2026-09-14T02:28:30.400+00:00,False,103,102.0,,102.0,293175.330959,300050.422927,300050.422876,2913.110901708738,0.02182,293175.330959,28880.789518134767,89.3820552,67.40286243137255,20.48898009116097,0.33994286361934517,41,64,,False,False,Request timeout: 300.0s exceeded,626,21.16838264042747
271,2026-09-14T02:23:34.089+00:00,2026-09-14T02:28:27.766+00:00,2026-09-14T02:28:34.180+00:00,False,95,94.0,,94.0,293676.462107,300090.574619,300090.574617,3158.8481538631577,0.032170000000000004,293676.462107,30123.57538676355,88.88859599999999,68.2352394893617,20.514135100964495,0.31323876172833476,41,64,,False,False,Request timeout: 300.0s exceeded,211,21.16838264042747
272,2026-09-14T02:23:38.452+00:00,2026-09-14T02:28:32.469+00:00,2026-09-14T02:28:38.473+00:00,False,89,88.0,,88.0,294017.450372,300021.47674,300021.476748,3371.027828629213,0.0,294017.450372,31158.629240869588,91.02822339999999,68.22757236363636,68.26982724252481,0.2933123353574491,41,64,,False,False,Request timeout: 300.0s exceeded,417,21.16838264042747
273,2026-09-14T02:23:42.437+00:00,2026-09-14T02:28:35.807+00:00,2026-09-14T02:28:42.471+00:00,False,105,104.0,,104.0,293369.729075,300033.27237099997,300033.27221799997,2857.4597354095235,0.0,293369.729075,28623.769961072834,88.639867,64.07253169230769,63.06204221944322,0.3466282228572335,41,64,,False,False,Request timeout: 300.0s exceeded,642,21.16838264042747
274,2026-09-14T02:23:47.141+00:00,2026-09-14T02:28:40.762+00:00,2026-09-14T02:28:47.175+00:00,False,95,94.0,,94.0,293620.638802,300033.71732999996,300033.71741399996,3158.2496569894734,0.02453,293620.638802,30117.84836007364,87.9218127,68.22423965957447,19.2806627451004,0.31329812141283986,41,64,,False,False,Request timeout: 300.0s exceeded,477,21.16838264042747
275,2026-09-14T02:23:51.841+00:00,2026-09-14T02:28:45.375+00:00,2026-09-14T02:28:51.869+00:00,False,98,97.0,,97.0,293533.295742,300027.636606,300027.636633,3061.506496255102,0.03336,293533.295742,29644.58437905316,88.88984499999998,66.9519676701031,20.461393168247103,0.3233035499572381,41,64,,False,False,Request timeout: 300.0s exceeded,526,21.16838264042747
276,2026-09-14T02:23:55.183+00:00,2026-09-14T02:28:48.941+00:00,2026-09-14T02:28:55.199+00:00,False,95,94.0,,94.0,293758.67727100005,300016.25346300006,300016.25340100005,3158.065825273685,0.071789,293758.67727100005,30132.181646684527,90.0862897,66.56995948936171,20.969113225472114,0.3133163584138707,41,64,,False,False,Request timeout: 300.0s exceeded,416,21.16838264042747
277,2026-09-14T02:23:58.193+00:00,2026-09-14T02:28:51.733+00:00,2026-09-14T02:28:58.268+00:00,False,98,97.0,,97.0,293539.816987,300075.001371,300075.001291,3061.989809091837,0.03321,293539.816987,29645.201171392535,91.073591,67.37303488659794,21.295482642484536,0.32325251872638766,41,64,,False,False,Request timeout: 300.0s exceeded,390,21.16838264042747
278,2026-09-14T02:24:01.293+00:00,2026-09-14T02:28:54.945+00:00,2026-09-14T02:29:01.443+00:00,False,96,95.0,,95.0,293651.934453,300150.10354100005,300150.10362500005,3126.5635794270834,0.04894,293651.934453,29963.751165011075,90.40866175,68.40177987368422,21.07649452519595,0.31650830327640767,41,64,,False,False,Request timeout: 300.0s exceeded,431,21.16838264042747
279,2026-09-14T02:24:04.842+00:00,2026-09-14T02:28:58.487+00:00,2026-09-14T02:29:04.880+00:00,False,95,94.0,,94.0,293644.89519,300037.858006,300037.857884,3158.2932408842107,0.03269,293644.89519,30120.360406837168,92.02293440000001,68.01024272340426,21.432073635672143,0.31329379773841814,41,64,,False,False,Request timeout: 300.0s exceeded,396,21.16838264042747
280,2026-09-14T02:24:08.988+00:00,2026-09-14T02:29:02.642+00:00,2026-09-14T02:29:09.065+00:00,False,92,91.0,,91.0,293653.82279500004,300076.21281100006,300076.21277700004,3261.6979649673917,0.03958,293653.82279500004,30608.176190192276,93.32083300000001,70.57571446153847,20.544659401493305,0.3032562932847844,41,64,,False,False,Request timeout: 300.0s exceeded,267,21.16838264042747
281,2026-09-14T02:24:13.525+00:00,2026-09-14T02:29:07.291+00:00,2026-09-14T02:29:13.537+00:00,False,94,93.0,,93.0,293766.274221,300012.250285,300012.25029600004,3191.6196840000002,0.03363,293766.274221,30292.757130718674,88.26377550000001,67.16103294623656,20.09856336329676,0.3099873418890516,41,64,,False,False,Request timeout: 300.0s exceeded,453,21.16838264042747
282,2026-09-14T02:24:18.907+00:00,2026-09-14T02:29:12.498+00:00,2026-09-14T02:29:18.922+00:00,False,100,99.0,,99.0,293591.762833,300015.221393,300015.22125299997,3000.15221253,0.02407,293591.762833,29352.69456818938,87.7771889,64.8834197979798,19.82407355652254,0.32998325731718986,41,64,,False,False,Request timeout: 300.0s exceeded,432,21.16838264042747
283,2026-09-14T02:24:23.389+00:00,2026-09-14T02:29:17.257+00:00,2026-09-14T02:29:23.412+00:00,False,88,87.0,,87.0,293867.344014,300023.074958,300023.075059,3409.353125670454,0.02072,293867.344014,31318.828072849064,91.6937715,70.75552809195402,20.308787501928972,0.2899776959228188,41,64,,False,False,Request timeout: 300.0s exceeded,194,21.16838264042747
284,2026-09-14T02:24:26.887+00:00,2026-09-14T02:29:20.646+00:00,2026-09-14T02:29:26.934+00:00,False,88,87.0,,87.0,293758.933006,300047.004942,300047.004922,3409.625055931818,0.018539999999999997,293758.933006,31307.108652608506,89.86519935,72.27668891954022,19.327142905002855,0.2899545690076705,41,64,,False,False,Request timeout: 300.0s exceeded,363,21.16838264042747
285,2026-09-14T02:24:30.459+00:00,2026-09-14T02:29:24.337+00:00,2026-09-14T02:29:30.487+00:00,False,89,88.0,,88.0,293877.582097,300027.498769,300027.49873399996,3371.0954913932583,0.192229,293877.582097,31143.559818329333,88.669465,69.88541672727274,19.855097313859734,0.29330644811245715,41,64,,False,False,Request timeout: 300.0s exceeded,334,21.16838264042747
286,2026-09-14T02:24:35.039+00:00,2026-09-14T02:29:28.687+00:00,2026-09-14T02:29:35.046+00:00,False,105,104.0,,104.0,293648.52283499995,300007.74689899996,300007.746931,2857.216637438095,0.0,293648.52283499995,28651.260978793416,90.3400296,61.14638523076923,62.15461687449382,0.3466577149256497,41,64,,False,False,Request timeout: 300.0s exceeded,295,21.16838264042747
287,2026-09-14T02:24:39.231+00:00,2026-09-14T02:29:33.251+00:00,2026-09-14T02:29:39.266+00:00,False,94,93.0,,93.0,294019.863625,300034.703945,300034.704027,3191.8585534787235,0.02111,294019.863625,30319.16979769236,89.7650935,64.6757023655914,20.965257987021797,0.30996414340471773,41,64,,False,False,Request timeout: 300.0s exceeded,352,21.16838264042747
288,2026-09-14T02:24:43.092+00:00,2026-09-14T02:29:36.709+00:00,2026-09-14T02:29:43.147+00:00,False,97,96.0,,96.0,293616.827078,300055.039942,300055.040007,3093.3509279072164,0.09614,293616.827078,29805.469231082738,88.179868,67.06471733333333,20.063143425438053,0.3199413014977405,41,64,,False,False,Request timeout: 300.0s exceeded,422,21.16838264042747
289,2026-09-14T02:24:48.191+00:00,2026-09-14T02:29:42.038+00:00,2026-09-14T02:29:48.240+00:00,False,99,98.0,,98.0,293846.681407,300048.368703,300048.368475,3030.791600757576,0.02542,293846.681407,29526.349748447188,89.84683000000001,63.28252342857142,20.741543990352696,0.3266140070136637,41,64,,False,False,Request timeout: 300.0s exceeded,423,21.16838264042747
290,2026-09-14T02:24:52.811+00:00,2026-09-14T02:29:46.274+00:00,2026-09-14T02:29:52.862+00:00,False,104,103.0,,103.0,293462.270533,300050.467653,300050.467695,2885.100650913462,0.02223,293462.270533,28770.079237587623,91.47273799999999,63.96307883495145,21.80205585387663,0.3432755856228713,41,64,,False,False,Request timeout: 300.0s exceeded,467,21.16838264042747
291,2026-09-14T02:24:57.517+00:00,2026-09-14T02:29:50.961+00:00,2026-09-14T02:29:57.525+00:00,False,95,94.0,,94.0,293444.057545,300007.849673,300007.84973799996,3157.977365663158,0.048129,293444.057545,30099.567167902842,89.884752,69.82757582978724,19.527804435451614,0.31332513500049186,41,64,,False,False,Request timeout: 300.0s exceeded,465,21.16838264042747
292,2026-09-14T02:25:01.049+00:00,2026-09-14T02:29:54.990+00:00,2026-09-14T02:30:01.078+00:00,False,89,88.0,,88.0,293940.709869,300028.457965,300028.457817,3371.1062676067418,0.023129999999999998,293940.709869,31150.327083110064,89.6535424,69.17895563636364,21.162236460623664,0.2933055104068351,41,64,,False,False,Request timeout: 300.0s exceeded,424,21.16838264042747
293,2026-09-14T02:25:06.195+00:00,2026-09-14T02:29:59.896+00:00,2026-09-14T02:30:06.244+00:00,False,93,92.0,,92.0,293700.93693900004,300049.369835,300049.36987700005,3226.3373105053765,0.0176,293700.93693900004,30448.21930762626,90.10073560000001,69.00470539130434,19.74422464277648,0.30661620802800443,41,64,,False,False,Request timeout: 300.0s exceeded,386,21.16838264042747
294,2026-09-14T02:25:09.629+00:00,2026-09-14T02:30:03.272+00:00,2026-09-14T02:30:09.689+00:00,False,94,93.0,,93.0,293643.250442,300060.62337,300060.62321499997,3192.1342895212765,0.03417,293643.250442,30279.878551125385,90.520675,69.00400997849464,20.757753251238732,0.3099373685074405,41,64,,False,False,Request timeout: 300.0s exceeded,291,21.16838264042747
295,2026-09-14T02:25:12.931+00:00,2026-09-14T02:30:06.454+00:00,2026-09-14T02:30:12.954+00:00,False,95,94.0,,94.0,293522.018821,300022.744069,300022.744138,3158.134148821053,0.03462,293522.018821,30107.635037770604,89.61791170000001,69.15665157446809,20.108281525064296,0.31330958021763056,41,64,,False,False,Request timeout: 300.0s exceeded,449,21.16838264042747
296,2026-09-14T02:25:15.849+00:00,2026-09-14T02:30:09.431+00:00,2026-09-14T02:30:15.875+00:00,False,98,97.0,,97.0,293582.255275,300025.912491,300025.912643,3061.488904520408,0.02818,293582.255275,29649.582504752114,87.73807285,66.42945583505154,19.9958580904555,0.3233054078384304,41,64,,False,False,Request timeout: 300.0s exceeded,448,21.16838264042747
297,2026-09-14T02:25:19.275+00:00,2026-09-14T02:30:12.825+00:00,2026-09-14T02:30:19.313+00:00,False,100,99.0,,99.0,293549.413138,300037.773586,300037.77367100003,3000.37773671,0.03642,293549.413138,29348.39394204988,87.30370950000001,65.53899442424242,19.67409080421929,0.32995845428650195,41,64,,False,False,Request timeout: 300.0s exceeded,374,21.16838264042747
298,2026-09-14T02:25:23.550+00:00,2026-09-14T02:30:17.242+00:00,2026-09-14T02:30:23.569+00:00,False,93,92.0,,92.0,293692.021951,300019.22758299997,300019.22766399995,3226.0132006881718,0.02835,293692.021951,30447.31866940731,87.8952802,68.77397426086957,19.551741854777422,0.3066470130636821,41,64,,False,False,Request timeout: 300.0s exceeded,437,21.16838264042747
299,2026-09-14T02:25:28.821+00:00,2026-09-14T02:30:22.617+00:00,2026-09-14T02:30:28.840+00:00,False,96,95.0,,95.0,293796.818792,300018.985576,300018.985797,3125.19776871875,0.0,293796.818792,29978.89833537079,91.527744,65.49649246315789,65.49451304020646,0.31664662760462153,41,64,,False,False,Request timeout: 300.0s exceeded,336,21.16838264042747
300,2026-09-14T02:25:31.985+00:00,2026-09-14T02:30:25.978+00:00,2026-09-14T02:30:32.015+00:00,False,97,96.0,,96.0,293992.29082999995,300029.44692599995,300029.447076,3093.0870832577316,0.0,293992.29082999995,29844.080325288433,92.5317806,62.887042666666666,65.45429458575451,0.319968593028396,41,64,,False,False,Request timeout: 300.0s exceeded,599,21.16838264042747
301,2026-09-14T02:25:36.151+00:00,2026-09-14T02:30:29.936+00:00,2026-09-14T02:30:36.231+00:00,False,92,91.0,,91.0,293785.751391,300080.239455,300080.239393,3261.7417325326087,0.01933,293785.751391,30622.077196578666,89.02902054999998,69.17019850549451,20.49534258626706,0.30325222402272295,41,64,,False,False,Request timeout: 300.0s exceeded,450,21.16838264042747
302,2026-09-14T02:25:40.817+00:00,2026-09-14T02:30:34.829+00:00,2026-09-14T02:30:40.829+00:00,False,91,90.0,,90.0,294011.61882800004,300011.651084,300011.651122,3296.8313310109893,0.020300000000000002,294011.61882800004,30813.810768038373,89.479891,66.66702506666667,21.164235979934812,0.29998834936847496,41,64,,False,False,Request timeout: 300.0s exceeded,427,21.16838264042747
303,2026-09-14T02:25:45.539+00:00,2026-09-14T02:30:39.053+00:00,2026-09-14T02:30:45.554+00:00,False,100,99.0,,99.0,293514.770869,300015.454389,300015.454306,3000.15454306,0.045759999999999995,293514.770869,29344.917778079936,89.0620194,65.6634698989899,20.427391293466794,0.3299830010477947,41,64,,False,False,Request timeout: 300.0s exceeded,466,21.16838264042747
304,2026-09-14T02:25:49.196+00:00,2026-09-14T02:30:42.367+00:00,2026-09-14T02:30:49.227+00:00,False,101,100.0,,100.0,293171.634425,300031.942905,300031.942673,2970.6132937920793,0.02126,293171.634425,29164.848794630852,90.798988,68.60308479999999,20.481362933331575,0.3332978449953354,41,64,,False,False,Request timeout: 300.0s exceeded,234,21.16838264042747
305,2026-09-14T02:25:53.633+00:00,2026-09-14T02:30:47.505+00:00,2026-09-14T02:30:53.648+00:00,False,94,93.0,,93.0,293872.21882099996,300015.42752499995,300015.42766199994,3191.653485765957,0.046939999999999996,293872.21882099996,30303.79887451775,89.84420329999999,66.05600756989247,20.729617009983436,0.3099840590439317,41,64,,False,False,Request timeout: 300.0s exceeded,419,21.16838264042747
306,2026-09-14T02:25:58.261+00:00,2026-09-14T02:30:52.930+00:00,2026-09-14T02:30:58.283+00:00,False,76,75.0,,75.0,294669.060695,300022.03963899997,300022.039665,3947.658416644737,0.020489999999999998,294669.060695,33792.6780613592,88.83640774999999,71.37305258666667,19.77325206694991,0.24998163498336115,41,64,,False,False,Request timeout: 300.0s exceeded,329,21.16838264042747
307,2026-09-14T02:26:01.401+00:00,2026-09-14T02:30:54.494+00:00,2026-09-14T02:31:01.439+00:00,False,101,100.0,,100.0,293093.053475,300037.98403500003,300037.98384500004,2970.673107376238,0.02413,293093.053475,29156.94493615767,90.53894899999999,69.44930559999999,19.65737573029946,0.33329113419297873,41,64,,False,False,Request timeout: 300.0s exceeded,531,21.16838264042747
308,2026-09-14T02:26:05.089+00:00,2026-09-14T02:30:58.583+00:00,2026-09-14T02:31:05.161+00:00,False,96,95.0,,95.0,293493.897182,300072.00227,300072.002206,3125.7500229791667,0.04072,293493.897182,29947.53483508599,88.81311450000001,69.24321145263158,19.826901537925252,0.31659068250732875,41,64,,False,False,Request timeout: 300.0s exceeded,210,21.16838264042747
309,2026-09-14T02:26:08.647+00:00,2026-09-14T02:31:02.360+00:00,2026-09-14T02:31:08.701+00:00,False,93,92.0,,92.0,293712.980453,300053.308133,300053.308119,3226.379657193548,0.04466,293712.980453,30449.477702027394,89.5149926,68.9166052173913,20.365593029542577,0.3066121835897926,41,64,,False,False,Request timeout: 300.0s exceeded,440,21.16838264042747
310,2026-09-14T02:26:13.864+00:00,2026-09-14T02:31:07.616+00:00,2026-09-14T02:31:13.888+00:00,False,94,93.0,,93.0,293752.318736,300024.032528,300024.032366,3191.7450251702126,0.02168,293752.318736,30291.289602398552,88.819006,67.4377827096774,20.719833860010944,0.30997516837695555,41,64,,False,False,Request timeout: 300.0s exceeded,388,21.16838264042747
311,2026-09-14T02:26:17.219+00:00,2026-09-14T02:31:11.261+00:00,2026-09-14T02:31:17.262+00:00,False,92,91.0,,91.0,294041.484619,300042.278987,300042.27905199997,3261.3291201304346,0.039560000000000005,294041.484619,30649.075463298424,87.86325199999999,65.94279525274725,20.130286912993554,0.3032905906035422,41,64,,False,False,Request timeout: 300.0s exceeded,426,21.16838264042747
312,2026-09-14T02:26:22.124+00:00,2026-09-14T02:31:15.825+00:00,2026-09-14T02:31:22.152+00:00,False,102,101.0,,101.0,293700.99516399996,300027.800924,300027.801068,2941.449030078431,0.0,293700.99516399996,29074.606226606622,88.0737906,62.64164118811882,67.16047641756066,0.336635470742874,41,64,,False,False,Request timeout: 300.0s exceeded,531,21.16838264042747
313,2026-09-14T02:26:25.125+00:00,2026-09-14T02:31:18.926+00:00,2026-09-14T02:31:25.184+00:00,False,98,97.0,,97.0,293800.706067,300059.198739,300059.198795,3061.828559132653,0.0,293800.706067,29671.914549063113,90.02524384999998,64.52054301030928,68.83701448368238,0.32326954283569004,41,64,,False,False,Request timeout: 300.0s exceeded,473,21.16838264042747
314,2026-09-14T02:26:28.734+00:00,2026-09-14T02:31:22.889+00:00,2026-09-14T02:31:28.777+00:00,False,84,83.0,,83.0,294154.699034,300042.41871399997,300042.418705,3571.933556011905,0.01991,294154.699034,32087.174909412613,90.10010115000001,70.93638168674698,19.39343984124871,0.27662755271652273,41,64,,False,False,Request timeout: 300.0s exceeded,384,21.16838264042747
315,2026-09-14T02:26:33.151+00:00,2026-09-14T02:31:26.966+00:00,2026-09-14T02:31:33.190+00:00,False,92,91.0,,91.0,293815.250346,300039.594666,300039.59449600003,3261.299940173913,0.04776,293815.250346,30625.23235832401,87.25176510000001,68.39938813186814,19.44263622347865,0.303293304009759,41,64,,False,False,Request timeout: 300.0s exceeded,476,21.16838264042747
316,2026-09-14T02:26:36.493+00:00,2026-09-14T02:31:30.024+00:00,2026-09-14T02:31:36.551+00:00,False,95,94.0,,94.0,293530.73981,300058.000994,300058.001011,3158.5052738,0.02431,293530.73981,30108.500502825846,89.32799570000002,69.43894876595745,19.608186457744374,0.313272766227219,41,64,,False,False,Request timeout: 300.0s exceeded,336,21.16838264042747
317,2026-09-14T02:26:40.799+00:00,2026-09-14T02:31:34.062+00:00,2026-09-14T02:31:40.855+00:00,False,101,100.0,,100.0,293263.12952899997,300056.15250499995,300056.152519,2970.8529952376234,0.02739,293263.12952899997,29174.019805099113,88.57425299999998,67.93022976,20.421208905379125,0.333270953337088,41,64,,False,False,Request timeout: 300.0s exceeded,405,21.16838264042747
318,2026-09-14T02:26:45.011+00:00,2026-09-14T02:31:38.129+00:00,2026-09-14T02:31:45.083+00:00,False,108,107.0,,107.0,293117.84066900006,300071.96495700005,300071.9648010001,2778.4441185277783,0.04255,293117.84066900006,28199.03098688697,89.26066214999999,64.99181577570093,20.60552910883099,0.35658112884798476,41,64,,False,False,Request timeout: 300.0s exceeded,315,21.16838264042747
319,2026-09-14T02:26:49.363+00:00,2026-09-14T02:31:43.139+00:00,2026-09-14T02:31:49.405+00:00,False,98,97.0,,97.0,293775.921265,300041.886065,300041.88609,3061.651898877551,0.01916,293775.921265,29669.330996647648,87.24931205000001,64.59757525773196,20.33638971043504,0.32328819576539475,41,64,,False,False,Request timeout: 300.0s exceeded,415,21.16838264042747
320,2026-09-14T02:26:52.957+00:00,2026-09-14T02:31:46.768+00:00,2026-09-14T02:31:52.998+00:00,False,96,95.0,,95.0,293811.207966,300041.178398,300041.178365,3125.4289413020833,0.03369,293811.207966,29980.294626535146,89.00873425,65.57863612631579,20.411441454182643,0.3166232065452828,41,64,,False,False,Request timeout: 300.0s exceeded,431,21.16838264042747
321,2026-09-14T02:26:56.329+00:00,2026-09-14T02:31:50.039+00:00,2026-09-14T02:31:56.341+00:00,False,97,96.0,,96.0,293709.194846,300011.759198,300011.759201,3092.904734030928,0.02776,293709.194846,29814.99119617517,88.35229379999998,65.651712,20.021519305078836,0.31998745734710515,41,64,,False,False,Request timeout: 300.0s exceeded,319,21.16838264042747
322,2026-09-14T02:27:00.111+00:00,2026-09-14T02:31:53.835+00:00,2026-09-14T02:32:00.197+00:00,False,94,93.0,,93.0,293723.859248,300086.325552,300086.32554700004,3192.4077185851065,0.02162,293723.859248,30288.253458507712,90.80618765,68.413616172043,20.537567169075132,0.30991082259056363,41,64,,False,False,Request timeout: 300.0s exceeded,385,21.16838264042747
323,2026-09-14T02:27:03.217+00:00,2026-09-14T02:31:57.082+00:00,2026-09-14T02:32:05.546+00:00,False,89,88.0,,88.0,293864.695685,302329.069189,302329.069197,3396.955833674157,0.09764,293864.695685,31140.556477726477,88.82756300000001,96.18606254545455,269.94363377804723,0.2910735650927007,41,64,,False,False,Request timeout: 300.0s exceeded,320,21.16838264042747
324,2026-09-14T02:27:07.024+00:00,2026-09-14T02:32:00.595+00:00,2026-09-14T02:32:07.076+00:00,False,108,107.0,,107.0,293571.199418,300052.218298,300052.218457,2778.2612820092595,0.015009999999999999,293571.199418,28244.262038126864,88.69621699999999,60.57026990654205,260.3327006114592,0.356604595716509,41,64,,False,False,Request timeout: 300.0s exceeded,515,21.16838264042747
325,2026-09-14T02:27:10.662+00:00,2026-09-14T02:32:06.663+00:00,2026-09-14T02:32:10.688+00:00,False,59,58.0,,58.0,296000.80302399996,300026.16443199996,300026.16431599995,5085.189225694915,0.03406,296000.80302399996,38526.99288405049,89.27606100000001,69.40278289655173,21.979254660295396,0.19331647328093454,41,64,,False,False,Request timeout: 300.0s exceeded,176,21.16838264042747
326,2026-09-14T02:27:15.812+00:00,2026-09-14T02:32:09.400+00:00,2026-09-14T02:32:15.819+00:00,False,98,97.0,,97.0,293588.787631,300007.74494299997,300007.744861,3061.303518989796,0.03402,293588.787631,29650.26784377381,87.06811105000001,66.17481764948454,19.616184899006974,0.32332498622137085,41,64,,False,False,Request timeout: 300.0s exceeded,236,21.16838264042747
327,2026-09-14T02:27:19.598+00:00,2026-09-14T02:32:13.366+00:00,2026-09-14T02:32:19.606+00:00,False,95,94.0,,94.0,293767.99740600004,300008.39087800006,300008.39086300007,3157.98306171579,0.0,293767.99740600004,30133.220130077898,87.5943477,66.38716459574468,65.63527819895113,0.3133245697725354,41,64,,False,False,Request timeout: 300.0s exceeded,443,21.16838264042747
328,2026-09-14T02:27:23.878+00:00,2026-09-14T02:32:17.768+00:00,2026-09-14T02:32:23.914+00:00,False,88,87.0,,87.0,293889.179605,300035.642325,300035.64243,3409.495936704546,0.02813,293889.179605,31321.1672278773,90.78850184999999,70.6489967816092,20.491172980573847,0.2899655498454453,41,64,,False,False,Request timeout: 300.0s exceeded,276,21.16838264042747
329,2026-09-14T02:27:28.158+00:00,2026-09-14T02:32:21.886+00:00,2026-09-14T02:32:28.173+00:00,False,88,87.0,,87.0,293727.90544,300015.184544,300015.184528,3409.2634605454546,0.02909,293727.90544,31303.802363394767,90.38594934999999,72.26757590804598,19.793972845624918,0.28998532235037805,41,64,,False,False,Request timeout: 300.0s exceeded,306,21.16838264042747
330,2026-09-14T02:27:33.429+00:00,2026-09-14T02:32:27.491+00:00,2026-09-14T02:32:33.508+00:00,False,87,86.0,,86.0,294062.47583899996,300079.05388699996,300079.05394899996,3449.1845281494248,0.0206,294062.47583899996,31519.31300870647,91.9130823,69.96020986046511,20.968020656568523,0.2865911461863806,41,64,,False,False,Request timeout: 300.0s exceeded,376,21.16838264042747
331,2026-09-14T02:27:36.697+00:00,2026-09-14T02:32:30.487+00:00,2026-09-14T02:32:36.737+00:00,False,93,92.0,,92.0,293790.550357,300040.45525299996,300040.45512799994,3226.241452989247,0.04505,293790.550357,30457.623283624147,91.0102418,67.93374886956522,20.428212838811085,0.3066253179839492,41,64,,False,False,Request timeout: 300.0s exceeded,397,21.16838264042747
332,2026-09-14T02:27:41.717+00:00,2026-09-14T02:32:35.454+00:00,2026-09-14T02:32:41.806+00:00,False,95,94.0,,94.0,293737.132618,300088.795466,300088.795526,3158.8294265894733,0.032159999999999994,293737.132618,30129.868100833817,89.76347770000001,67.57088136170213,20.3513449921111,0.31324061884426535,41,64,,False,False,Request timeout: 300.0s exceeded,398,21.16838264042747
333,2026-09-14T02:27:45.448+00:00,2026-09-14T02:32:39.129+00:00,2026-09-14T02:32:45.490+00:00,False,98,97.0,,97.0,293681.321962,300041.93329,300041.933251,3061.652380112245,0.019170000000000003,293681.321962,29659.67665200956,89.45836835,65.57331265979381,20.614581553087504,0.32328814488155705,41,64,,False,False,Request timeout: 300.0s exceeded,433,21.16838264042747
334,2026-09-14T02:27:50.260+00:00,2026-09-14T02:32:44.195+00:00,2026-09-14T02:32:50.293+00:00,False,88,87.0,,87.0,293935.60784500005,300033.45974900003,300033.4597780001,3409.4711338409097,0.02247,293935.60784500005,31326.175448920054,89.8813102,70.09025177011495,19.529165039135506,0.2899676591830187,41,64,,False,False,Request timeout: 300.0s exceeded,418,21.16838264042747
335,2026-09-14T02:27:53.235+00:00,2026-09-14T02:32:47.097+00:00,2026-09-14T02:32:53.277+00:00,False,90,89.0,,89.0,293861.88103600004,300042.29754800006,300042.29748500005,3333.8033053888894,0.02208,293861.88103600004,30968.448304602774,87.79996745,69.44288215730337,19.666654305385,0.296624844987937,41,64,,False,False,Request timeout: 300.0s exceeded,382,21.16838264042747
336,2026-09-14T02:27:57.020+00:00,2026-09-14T02:32:50.500+00:00,2026-09-14T02:32:57.066+00:00,False,95,94.0,,94.0,293480.21848900005,300046.177145,300046.177054,3158.3808110947375,0.05113,293480.21848900005,30103.274256516506,86.96381299999999,69.850624,18.60105406123097,0.3132851112932982,41,64,,False,False,Request timeout: 300.0s exceeded,473,21.16838264042747
337,2026-09-14T02:28:01.423+00:00,2026-09-14T02:32:54.632+00:00,2026-09-14T02:33:01.465+00:00,False,102,101.0,,101.0,293208.81879000005,300041.6955900001,300041.69561200007,2941.58525109804,0.03226,293208.81879000005,29025.30691496893,87.3469485,67.65224554455446,19.272547727092434,0.3366198814514571,41,64,,False,False,Request timeout: 300.0s exceeded,487,21.16838264042747
338,2026-09-14T02:28:06.525+00:00,2026-09-14T02:33:00.046+00:00,2026-09-14T02:33:06.600+00:00,False,97,96.0,,96.0,293521.520659,300075.223571,300075.22372099996,3093.5590074329893,0.03136,293521.520659,29795.670433311137,89.15372599999999,68.26773866666667,20.433604889654735,0.3199197816386387,41,64,,False,False,Request timeout: 300.0s exceeded,428,21.16838264042747
339,2026-09-14T02:28:09.451+00:00,2026-09-14T02:33:03.166+00:00,2026-09-14T02:33:09.483+00:00,False,96,95.0,,95.0,293715.686465,300032.641089,300032.64127599995,3125.3400132916663,0.04075,293715.686465,29970.45289225923,89.6651035,66.4942592,21.6170972593697,0.3166322159321983,41,64,,False,False,Request timeout: 300.0s exceeded,499,21.16838264042747
340,2026-09-14T02:28:14.666+00:00,2026-09-14T02:33:07.082+00:00,2026-09-14T02:33:14.757+00:00,False,128,127.0,,127.0,292415.609168,300090.851664,300090.851583,2344.4597779921874,0.0,292415.609168,25840.86057521594,91.83026485,60.43498028346457,60.30030921823566,0.4232051703535332,41,64,,False,False,Request timeout: 300.0s exceeded,619,21.16838264042747
341,2026-09-14T02:28:17.756+00:00,2026-09-14T02:33:11.352+00:00,2026-09-14T02:33:17.838+00:00,False,111,110.0,,110.0,293596.81481999997,300082.85309199995,300082.853134,2703.449127333333,0.02511,293596.81481999997,27861.387522608748,89.512571,58.96398429090909,20.815413015033037,0.3665654297357537,41,64,,False,False,Request timeout: 300.0s exceeded,343,21.16838264042747
342,2026-09-14T02:28:21.775+00:00,2026-09-14T02:33:16.040+00:00,2026-09-14T02:33:21.805+00:00,False,87,86.0,,86.0,294265.099383,300030.272375,300030.272418,3448.6238208965515,0.05668,294265.099383,31541.349879281395,88.4560353,67.03689525581396,20.874995149212577,0.28663774264921793,41,64,,False,False,Request timeout: 300.0s exceeded,419,21.16838264042747
343,2026-09-14T02:28:25.052+00:00,2026-09-14T02:33:18.531+00:00,2026-09-14T02:33:25.105+00:00,False,93,92.0,,92.0,293478.933605,300053.21840500005,300053.218493,3226.378693473119,0.034409999999999996,293478.933605,30424.943573560395,89.174208,71.45961739130435,18.944405996299253,0.30661227527918733,41,64,,False,False,Request timeout: 300.0s exceeded,203,21.16838264042747
344,2026-09-14T02:28:29.011+00:00,2026-09-14T02:33:22.866+00:00,2026-09-14T02:33:29.074+00:00,False,92,91.0,,91.0,293855.30272399995,300062.90285199997,300062.90288599994,3261.55329223913,0.020120000000000002,293855.30272399995,30629.427633431926,88.59150055,68.21538602197802,19.98242637126679,0.30326974489373626,41,64,,False,False,Request timeout: 300.0s exceeded,209,21.16838264042747
345,2026-09-14T02:28:34.063+00:00,2026-09-14T02:33:27.541+00:00,2026-09-14T02:33:34.131+00:00,False,103,102.0,,102.0,293477.985716,300068.271284,300068.27125000005,2913.284186893204,0.04071,293477.985716,28910.88593447784,88.8920461,64.61064282352942,20.25818310233702,0.33992264348222934,41,64,,False,False,Request timeout: 300.0s exceeded,493,21.16838264042747
346,2026-09-14T02:28:39.133+00:00,2026-09-14T02:33:33.100+00:00,2026-09-14T02:33:39.201+00:00,False,97,96.0,,96.0,293966.80884899996,300067.91937699995,300067.91932499997,3093.4837043814427,0.04395,293966.80884899996,29841.36108765039,88.19896399999999,63.55323466666666,20.156891015115136,0.31992756906274716,41,64,,False,False,Request timeout: 300.0s exceeded,414,21.16838264042747
347,2026-09-14T02:28:42.433+00:00,2026-09-14T02:33:36.012+00:00,2026-09-14T02:33:42.449+00:00,False,101,100.0,,100.0,293579.38867,300015.719166,300015.719197,2970.452665316832,0.023620000000000002,293579.38867,29205.843878001855,88.349833,64.36330496000001,20.704730952013634,0.3333158685084416,41,64,,False,False,Request timeout: 300.0s exceeded,412,21.16838264042747
348,2026-09-14T02:28:47.615+00:00,2026-09-14T02:33:41.177+00:00,2026-09-14T02:33:47.628+00:00,False,95,94.0,,94.0,293562.230799,300013.04603100003,300013.046156,3158.0320648,0.02163,293562.230799,30111.8146930246,87.9277217,68.62569395744681,19.366956617528484,0.3133197080712519,41,64,,False,False,Request timeout: 300.0s exceeded,503,21.16838264042747
349,2026-09-14T02:28:52.448+00:00,2026-09-14T02:33:46.440+00:00,2026-09-14T02:33:52.488+00:00,False,95,94.0,,94.0,293991.70780699997,300039.69935899996,300039.69934399996,3158.312624673684,0.02035,293991.70780699997,30156.318299979986,86.7635307,64.34033565957448,20.193101744387462,0.3132918750446028,41,64,,False,False,Request timeout: 300.0s exceeded,235,21.16838264042747
350,2026-09-14T02:28:57.153+00:00,2026-09-14T02:33:51.161+00:00,2026-09-14T02:33:57.234+00:00,False,92,91.0,,91.0,294008.321245,300081.717213,300081.7172,3261.757795652174,0.03885,294008.321245,30645.534320329003,86.45416305,66.74061503296703,19.43387873134033,0.30325073065150315,41,64,,False,False,Request timeout: 300.0s exceeded,385,21.16838264042747
351,2026-09-14T02:29:01.762+00:00,2026-09-14T02:33:55.647+00:00,2026-09-14T02:34:01.831+00:00,False,92,91.0,,91.0,293885.53772799997,300069.19980799995,300069.19982,3261.6217371739126,0.02076,293885.53772799997,30632.60703380968,87.5587231,67.95233054945055,19.604512521337497,0.3032633807742567,41,64,,False,False,Request timeout: 300.0s exceeded,444,21.16838264042747
352,2026-09-14T02:29:05.090+00:00,2026-09-14T02:33:58.848+00:00,2026-09-14T02:34:05.120+00:00,False,94,93.0,,93.0,293758.151629,300030.17262100003,300030.172474,3191.8103454680854,0.02231,293758.151629,30291.89010092325,87.83321015000001,67.44108593548387,19.536882600219304,0.3099688247604289,41,64,,False,False,Request timeout: 300.0s exceeded,228,21.16838264042747
353,2026-09-14T02:29:09.006+00:00,2026-09-14T02:34:02.629+00:00,2026-09-14T02:34:09.094+00:00,False,99,98.0,,98.0,293623.182128,300088.169264,300088.16919600003,3031.1936282424244,0.0,293623.182128,29503.68484691629,88.9231596,65.96925648979591,66.80394569763224,0.3265706883425495,41,64,,False,False,Request timeout: 300.0s exceeded,443,21.16838264042747
354,2026-09-14T02:29:14.118+00:00,2026-09-14T02:34:07.977+00:00,2026-09-14T02:34:14.140+00:00,False,84,83.0,,83.0,293858.70629500004,300021.80363900005,300021.80348000006,3571.688136666667,0.02127,293858.70629500004,32054.517451409287,90.22470085,74.25418486746987,19.3824130670922,0.2766465603275601,41,64,,False,False,Request timeout: 300.0s exceeded,322,21.16838264042747
355,2026-09-14T02:29:17.730+00:00,2026-09-14T02:34:11.358+00:00,2026-09-14T02:34:17.759+00:00,False,92,91.0,,91.0,293628.78823400004,300029.68218600005,300029.682007,3261.192195728261,0.04138,293628.78823400004,30605.590522089216,89.04839805,70.33949397802198,20.144415456857264,0.30330332431437756,41,64,,False,False,Request timeout: 300.0s exceeded,121,21.16838264042747
356,2026-09-14T02:29:21.210+00:00,2026-09-14T02:34:14.889+00:00,2026-09-14T02:34:21.255+00:00,False,94,93.0,,93.0,293679.33546,300045.75593999994,300045.75579799997,3191.976125510638,0.04535,293679.33546,30283.65673657739,88.60101200000001,68.45613419354838,20.448464822545247,0.3099527260722101,41,64,,False,False,Request timeout: 300.0s exceeded,154,21.16838264042747
357,2026-09-14T02:29:24.232+00:00,2026-09-14T02:34:17.844+00:00,2026-09-14T02:34:24.247+00:00,False,94,93.0,,93.0,293611.937604,300015.131716,300015.131572,3191.6503358723403,0.03392,293611.937604,30276.66421854613,89.74787180000001,68.85154959139786,20.180946305215077,0.30998436468209734,41,64,,False,False,Request timeout: 300.0s exceeded,424,21.16838264042747
358,2026-09-14T02:29:27.306+00:00,2026-09-14T02:34:20.907+00:00,2026-09-14T02:34:27.366+00:00,False,94,93.0,,93.0,293601.03143000003,300060.042758,300060.04267000005,3192.1281135106387,0.02152,293601.03143000003,30275.47731870314,89.5078355,69.45173470967741,20.013858171087936,0.3099379682319281,41,64,,False,False,Request timeout: 300.0s exceeded,457,21.16838264042747
359,2026-09-14T02:29:31.775+00:00,2026-09-14T02:34:25.754+00:00,2026-09-14T02:34:31.846+00:00,False,89,88.0,,88.0,293978.98977600003,300070.54280000005,300070.54279300006,3371.5791325056184,0.02489,293978.98977600003,31154.379276156804,88.9225394,69.22219345454545,19.80108257814461,0.2932643743663065,41,64,,False,False,Request timeout: 300.0s exceeded,366,21.16838264042747
360,2026-09-14T02:29:35.673+00:00,2026-09-14T02:34:29.496+00:00,2026-09-14T02:34:35.705+00:00,False,93,92.0,,92.0,293823.366668,300032.539404,300032.539417,3226.1563378172045,0.03247,293823.366668,30461.071795129992,88.1024316,67.491008,19.985342726796468,0.30663340777221537,41,64,,False,False,Request timeout: 300.0s exceeded,152,21.16838264042747
361,2026-09-14T02:29:38.968+00:00,2026-09-14T02:34:32.840+00:00,2026-09-14T02:34:39.003+00:00,False,91,90.0,,90.0,293871.889249,300035.106657,300035.106774,3297.0890854285713,0.037149999999999996,293871.889249,30798.972502942903,88.9104125,68.48019342222223,20.328203795867125,0.29996489745077715,41,64,,False,False,Request timeout: 300.0s exceeded,522,21.16838264042747
362,2026-09-14T02:29:43.163+00:00,2026-09-14T02:34:36.699+00:00,2026-09-14T02:34:43.191+00:00,False,95,94.0,,94.0,293535.798233,300027.860185,300027.860354,3158.1880037263154,0.02084,293535.798233,30109.057949523984,87.58993470000001,69.06448885106383,19.67785235373235,0.31330423761992876,41,64,,False,False,Request timeout: 300.0s exceeded,243,21.16838264042747
363,2026-09-14T02:29:46.901+00:00,2026-09-14T02:34:40.300+00:00,2026-09-14T02:34:46.926+00:00,False,100,99.0,,99.0,293399.773423,300024.981999,300024.982103,3000.24982103,0.027559999999999998,293399.773423,29333.291671678067,87.273915,66.92129874747475,19.565679650415813,0.3299725220892771,41,64,,False,False,Request timeout: 300.0s exceeded,417,21.16838264042747
364,2026-09-14T02:29:50.626+00:00,2026-09-14T02:34:44.473+00:00,2026-09-14T02:34:50.707+00:00,False,97,96.0,,96.0,293846.622223,300081.226767,300081.226798,3093.620894824742,0.022699999999999998,293846.622223,29829.016807647196,87.67589260000001,64.94379733333334,20.172632103651114,0.31991338156765076,41,64,,False,False,Request timeout: 300.0s exceeded,313,21.16838264042747
365,2026-09-14T02:29:53.986+00:00,2026-09-14T02:34:48.022+00:00,2026-09-14T02:34:54.017+00:00,False,91,90.0,,90.0,294036.05054699996,300031.12357099995,300031.12354699994,3297.0453137032964,0.022,294036.05054699996,30816.376706876712,88.1767985,66.6119224888889,19.67312899529317,0.29996887965758734,41,64,,True,False,Request timeout: 300.0s exceeded,448,21.16838264042747
366,2026-09-14T02:29:58.760+00:00,2026-09-14T02:34:52.357+00:00,2026-09-14T02:34:58.772+00:00,False,96,95.0,,95.0,293597.302227,300012.730579,300012.730441,3125.1326087604166,0.03485,293597.302227,29958.263677464223,88.392406,67.53082475789473,20.34197874849605,0.31665322940349155,41,64,,True,False,Request timeout: 300.0s exceeded,411,21.16838264042747
367,2026-09-14T02:30:03.930+00:00,2026-09-14T02:34:57.352+00:00,2026-09-14T02:35:03.944+00:00,False,102,101.0,,101.0,293422.221502,300014.412222,300014.412162,2941.3177662941175,0.038229,293422.221502,29046.673431415697,87.67027310000002,65.26921504950495,20.090508338634923,0.33665049372782657,41,64,,True,False,Request timeout: 300.0s exceeded,483,21.16838264042747
368,2026-09-14T02:30:08.198+00:00,2026-09-14T02:35:01.935+00:00,2026-09-14T02:35:08.277+00:00,False,94,93.0,,93.0,293736.644893,300079.071773,300079.071751,3192.3305505425533,0.02004,293736.644893,30289.594198935316,87.87795764999998,68.19813849462366,20.20279828161475,0.30991831403141457,41,64,,True,False,Request timeout: 300.0s exceeded,451,21.16838264042747
369,2026-09-14T02:30:12.286+00:00,2026-09-14T02:35:05.738+00:00,2026-09-14T02:35:12.328+00:00,False,100,99.0,,99.0,293451.570088,300041.94372,300041.943623,3000.41943623,0.040170000000000004,293451.570088,29338.507026729458,88.10627449999998,66.56943062626263,20.31286470673714,0.3299538683577756,41,64,,True,False,Request timeout: 300.0s exceeded,517,21.16838264042747
370,2026-09-14T02:30:15.246+00:00,2026-09-14T02:35:08.628+00:00,2026-09-14T02:35:15.257+00:00,False,100,99.0,,99.0,293381.905688,300011.039768,300011.03983100003,3000.11039831,0.04025,293381.905688,29331.50145911441,88.22106400000001,66.9609503030303,20.346172753568716,0.329987856702064,41,64,,True,False,Request timeout: 300.0s exceeded,414,21.16838264042747
371,2026-09-14T02:30:20.008+00:00,2026-09-14T02:35:13.583+00:00,2026-09-14T02:35:20.057+00:00,False,96,95.0,,95.0,293575.79921499995,300049.84875099995,300049.84877399995,3125.5192580624994,0.02199,293575.79921499995,29956.006235496927,90.08561449999999,68.14788985263158,20.606089665780374,0.3166140572823182,41,64,,True,False,Request timeout: 300.0s exceeded,360,21.16838264042747
372,2026-09-14T02:30:24.178+00:00,2026-09-14T02:35:17.402+00:00,2026-09-14T02:35:24.197+00:00,False,98,97.0,,97.0,293223.665722,300019.417658,300019.417744,3061.4226300408163,0.02158,293223.665722,29612.992443061405,88.29992399999999,70.05929830927835,19.41026355523366,0.3233124067675274,41,64,,True,False,Request timeout: 300.0s exceeded,401,21.16838264042747
373,2026-09-14T02:30:28.420+00:00,2026-09-14T02:35:21.906+00:00,2026-09-14T02:35:28.461+00:00,False,93,92.0,,92.0,293486.530801,300040.91774500004,300040.91768300004,3226.246426698925,0.02085,293486.530801,30425.755107917426,88.69855079999999,71.24333634782609,20.97045600681148,0.3066248453425586,41,64,,True,False,Request timeout: 300.0s exceeded,384,21.16838264042747
374,2026-09-14T02:30:31.907+00:00,2026-09-14T02:35:25.646+00:00,2026-09-14T02:35:31.992+00:00,False,91,90.0,,90.0,293738.680824,300084.689144,300084.689044,3297.6339455384614,0.02955,293738.680824,30784.79600409463,87.69454449999999,70.51120355555555,20.99530348256618,0.29991533475675664,41,64,,True,False,Request timeout: 300.0s exceeded,166,21.16838264042747
375,2026-09-14T02:30:37.026+00:00,2026-09-14T02:35:30.528+00:00,2026-09-14T02:35:37.114+00:00,False,97,96.0,,96.0,293502.325559,300088.60984700004,300088.609842,3093.6970086804126,0.039549999999999995,293502.325559,29793.686508468203,87.905046,68.607128,19.685250540234176,0.31990551073879653,41,64,,True,False,Request timeout: 300.0s exceeded,276,21.16838264042747
376,2026-09-14T02:30:40.344+00:00,2026-09-14T02:35:33.879+00:00,2026-09-14T02:35:40.417+00:00,False,96,95.0,,95.0,293534.893153,300073.491297,300073.491217,3125.7655335104164,0.0238,293534.893153,29951.76132933591,87.92901225,68.82734888421052,19.700661086658076,0.31658911151859476,41,64,,True,False,Request timeout: 300.0s exceeded,458,21.16838264042747
377,2026-09-14T02:30:45.678+00:00,2026-09-14T02:35:39.336+00:00,2026-09-14T02:35:45.705+00:00,False,95,94.0,,94.0,293657.30299,300027.051726,300027.05166,3158.1794911578945,0.040240000000000005,293657.30299,30121.65851745245,90.37061170000001,67.76328442553191,21.088653984154625,0.3133050818559041,41,64,,True,False,Request timeout: 300.0s exceeded,437,21.16838264042747
378,2026-09-14T02:30:50.135+00:00,2026-09-14T02:35:44.004+00:00,2026-09-14T02:35:50.180+00:00,False,91,90.0,,90.0,293868.385429,300044.88258100004,300044.882628,3297.1965123956047,0.04081,293868.385429,30798.589909850973,90.403854,68.62774613333335,20.594001676949997,0.2999551241328158,41,64,,True,False,Request timeout: 300.0s exceeded,367,21.16838264042747
379,2026-09-14T02:30:55.106+00:00,2026-09-14T02:35:48.843+00:00,2026-09-14T02:35:55.121+00:00,False,92,91.0,,91.0,293737.278672,300015.328208,300015.328217,3261.036176271739,0.03657,293737.278672,30617.0417065411,87.94692055,68.98955534065934,19.41865338550545,0.30331783560375253,41,64,,True,False,Request timeout: 300.0s exceeded,302,21.16838264042747
380,2026-09-14T02:30:59.347+00:00,2026-09-14T02:35:53.019+00:00,2026-09-14T02:35:59.362+00:00,False,95,94.0,,94.0,293672.459474,300015.22043399996,300015.22040299996,3158.054951610526,0.03792,293672.459474,30123.241960905554,88.48111109999999,67.47618042553191,19.537578060392786,0.3133174372420847,41,64,,True,False,Request timeout: 300.0s exceeded,451,21.16838264042747
381,2026-09-14T02:31:04.227+00:00,2026-09-14T02:35:57.697+00:00,2026-09-14T02:36:04.272+00:00,False,99,98.0,,98.0,293470.21824699995,300044.67559099995,300044.67569799995,3030.7542999797975,0.02239,293470.21824699995,29488.13138945802,89.0933949,67.08629942857142,20.593176112504427,0.326618027155352,41,64,,True,False,Request timeout: 300.0s exceeded,366,21.16838264042747
382,2026-09-14T02:31:07.831+00:00,2026-09-14T02:36:01.638+00:00,2026-09-14T02:36:07.868+00:00,False,91,90.0,,90.0,293806.608092,300036.290012,300036.2898,3297.1020857142857,0.0258,293806.608092,30792.051770446684,89.61350550000002,69.218688,20.336766675686352,0.29996371437735225,41,64,,True,False,Request timeout: 300.0s exceeded,496,21.16838264042747
383,2026-09-14T02:31:12.217+00:00,2026-09-14T02:36:06.340+00:00,2026-09-14T02:36:12.279+00:00,False,87,86.0,,86.0,294122.727732,300061.781044,300061.781171,3448.9859904712644,0.021179,294122.727732,31525.868465044718,87.202861,69.05875944186047,19.60199607215942,0.28660764360186636,41,64,,True,False,Request timeout: 300.0s exceeded,127,21.16838264042747
384,2026-09-14T02:31:17.562+00:00,2026-09-14T02:36:11.399+00:00,2026-09-14T02:36:17.626+00:00,False,90,89.0,,89.0,293836.788431,300063.891407,300063.891362,3334.043237355556,0.03921,293836.788431,30965.74759397117,86.64026245000001,69.96744916853933,18.97921632418082,0.29660349861717406,41,64,,True,False,Request timeout: 300.0s exceeded,467,21.16838264042747
385,2026-09-14T02:31:22.920+00:00,2026-09-14T02:36:16.643+00:00,2026-09-14T02:36:22.971+00:00,False,96,95.0,,95.0,293722.65548799996,300050.681344,300050.68131599994,3125.5279303749994,0.02001,293722.65548799996,29971.150945561083,88.10584650000001,66.61079848421053,19.672421663915,0.31661317872857975,41,64,,True,False,Request timeout: 300.0s exceeded,452,21.16838264042747
386,2026-09-14T02:31:28.234+00:00,2026-09-14T02:36:22.001+00:00,2026-09-14T02:36:28.311+00:00,False,94,93.0,,93.0,293767.329509,300077.534693,300077.534727,3192.314199223404,0.03711,293767.329509,30292.79485186511,89.24441315,67.85166864516128,20.265713350070218,0.3099199015186039,41,64,,True,False,Request timeout: 300.0s exceeded,356,21.16838264042747
387,2026-09-14T02:31:32.437+00:00,2026-09-14T02:36:26.360+00:00,2026-09-14T02:36:32.459+00:00,False,85,84.0,,84.0,293922.859125,300021.949557,300021.949589,3529.669995164706,0.025838999999999997,293922.859125,31872.539933696316,88.2635144,72.60821942857143,18.323210433552628,0.2799795152455709,41,64,,True,False,Request timeout: 300.0s exceeded,345,21.16838264042747
388,2026-09-14T02:31:36.935+00:00,2026-09-14T02:36:30.644+00:00,2026-09-14T02:36:37.001+00:00,False,93,92.0,,92.0,293708.35302499996,300065.713665,300065.71352399996,3226.513048645161,0.02382,293708.35302499996,30448.978911996182,88.31396959999998,69.10174608695651,20.73983652567108,0.30659950740893654,41,64,,True,False,Request timeout: 300.0s exceeded,401,21.16838264042747
389,2026-09-14T02:31:40.971+00:00,2026-09-14T02:36:34.546+00:00,2026-09-14T02:36:41.049+00:00,False,95,94.0,,94.0,293574.803992,300078.078232,300078.078272,3158.716613389474,0.02095,293574.803992,30113.04877261324,91.077987,69.1837685106383,21.390144264871125,0.3132518061760099,41,64,,True,False,Request timeout: 300.0s exceeded,389,21.16838264042747
390,2026-09-14T02:31:45.682+00:00,2026-09-14T02:36:39.276+00:00,2026-09-14T02:36:45.727+00:00,False,93,92.0,,92.0,293594.938083,300045.183203,300045.183164,3226.2922920860215,0.035840000000000004,293594.938083,30437.113573068706,90.54770140000001,70.11136,20.638984453620978,0.30662048634773803,41,64,,True,False,Request timeout: 300.0s exceeded,442,21.16838264042747
391,2026-09-14T02:31:48.641+00:00,2026-09-14T02:36:42.489+00:00,2026-09-14T02:36:48.679+00:00,False,89,88.0,,88.0,293848.554712,300038.21640800004,300038.216253,3371.2159129550564,0.02575,293848.554712,31140.435884036124,91.92150399999998,70.33706472727273,21.14001681082491,0.2932959709383662,41,64,,True,False,Request timeout: 300.0s exceeded,334,21.16838264042747
392,2026-09-14T02:31:52.876+00:00,2026-09-14T02:36:46.905+00:00,2026-09-14T02:36:52.907+00:00,False,89,88.0,,88.0,294029.544505,300031.318585,300031.318592,3371.1384111460675,0.02655,294029.544505,31159.84661654486,88.8651362,68.20197818181819,20.440722322342367,0.2933027139134119,41,64,,True,False,Request timeout: 300.0s exceeded,413,21.16838264042747
393,2026-09-14T02:31:57.329+00:00,2026-09-14T02:36:51.218+00:00,2026-09-14T02:36:57.339+00:00,False,88,87.0,,87.0,293889.72478600004,300010.30283400003,300010.30295300006,3409.2079881022732,0.02081,293889.72478600004,31321.256407018114,88.4128904,70.35147181609196,19.454294768325187,0.2899900409358219,41,64,,True,False,Request timeout: 300.0s exceeded,427,21.16838264042747
394,2026-09-14T02:32:01.001+00:00,2026-09-14T02:36:54.756+00:00,2026-09-14T02:37:01.014+00:00,False,89,88.0,,88.0,293755.123904,300013.176768,300013.17663,3370.9345688764042,0.024489999999999998,293755.123904,31130.44906827419,88.54428539999999,71.1142370909091,19.925327842277596,0.2933204499482713,41,64,,True,False,Request timeout: 300.0s exceeded,447,21.16838264042747
395,2026-09-14T02:32:05.653+00:00,2026-09-14T02:36:58.763+00:00,2026-09-14T02:37:05.726+00:00,False,108,107.0,,107.0,293110.404909,300073.121581,300073.121688,2778.4548304444443,0.03498,293110.404909,28198.30744897634,88.440545,65.07211842990654,20.180634044959902,0.3565797544153485,41,64,,True,False,Request timeout: 300.0s exceeded,380,21.16838264042747
396,2026-09-14T02:32:09.207+00:00,2026-09-14T02:37:02.986+00:00,2026-09-14T02:37:09.226+00:00,False,104,103.0,,103.0,293778.883752,300019.007912,300019.007975,2884.798153605769,0.0,293778.883752,28801.462652834496,87.32036365,60.58372970873786,28.273661759212008,0.34331158121225247,41,64,,True,False,Request timeout: 300.0s exceeded,587,21.16838264042747
397,2026-09-14T02:32:13.588+00:00,2026-09-14T02:37:07.376+00:00,2026-09-14T02:37:13.607+00:00,False,93,92.0,,92.0,293787.589758,300018.647934,300018.64797,3226.0069674193546,0.037579999999999995,293787.589758,30457.337466862664,88.566459,67.7288932173913,20.338536472121056,0.3066476055189701,41,64,,True,False,Request timeout: 300.0s exceeded,442,21.16838264042747
398,2026-09-14T02:32:18.865+00:00,2026-09-14T02:37:12.874+00:00,2026-09-14T02:37:18.925+00:00,False,95,94.0,,94.0,294009.375805,300060.032061,300060.032107,3158.526653757895,0.02599,294009.375805,30158.128184384273,88.5387447,64.36868357446808,20.335929204116038,0.31327064572495444,41,64,,True,False,Request timeout: 300.0s exceeded,390,21.16838264042747
399,2026-09-14T02:32:22.901+00:00,2026-09-14T02:37:16.562+00:00,2026-09-14T02:37:22.909+00:00,False,97,96.0,,96.0,293660.460504,300007.352024,300007.35223200003,3092.8593013608247,0.040348999999999996,293660.460504,29809.99627650881,89.82548860000001,66.11345333333334,20.297791132068454,0.31999215803324776,41,64,,True,False,Request timeout: 300.0s exceeded,141,21.16838264042747
400,2026-09-14T02:32:28.098+00:00,2026-09-14T02:37:21.797+00:00,2026-09-14T02:37:28.112+00:00,False,96,95.0,,95.0,293698.869159,300013.595815,300013.595775,3125.14162265625,0.023969999999999998,293698.869159,29968.737878797703,88.37051299999999,66.47080690526316,20.16946945138177,0.31665231617896633,41,64,,True,False,Request timeout: 300.0s exceeded,438,21.16838264042747
401,2026-09-14T02:32:33.279+00:00,2026-09-14T02:37:27.130+00:00,2026-09-14T02:37:33.373+00:00,False,90,89.0,,89.0,293851.11199199996,300093.57343199995,300093.57337099995,3334.3730374555553,0.03257,293851.11199199996,30967.239346013237,87.68028745,70.14001617977529,19.15428331090221,0.2965741617927951,41,64,,True,False,Request timeout: 300.0s exceeded,340,21.16838264042747
402,2026-09-14T02:32:36.715+00:00,2026-09-14T02:37:30.717+00:00,2026-09-14T02:37:36.739+00:00,False,89,88.0,,88.0,294001.42816500005,300023.24243700004,300023.24240200006,3371.047667438203,0.023239999999999997,294001.42816500005,31156.841173029512,87.2360914,68.42970763636364,18.871301502128325,0.29331060915548424,41,64,,True,False,Request timeout: 300.0s exceeded,334,21.16838264042747
403,2026-09-14T02:32:41.539+00:00,2026-09-14T02:37:35.290+00:00,2026-09-14T02:37:41.574+00:00,False,95,94.0,,94.0,293751.201535,300034.503167,300034.503198,3158.2579284,0.02062,293751.201535,30131.385960707565,89.13434740000001,66.84363438297872,20.058620861757017,0.313297300836362,41,64,,True,False,Request timeout: 300.0s exceeded,452,21.16838264042747
404,2026-09-14T02:32:45.216+00:00,2026-09-14T02:37:39.040+00:00,2026-09-14T02:37:45.276+00:00,False,90,89.0,,89.0,293823.52365600003,300059.73332000006,300059.73326300003,3333.997036255556,0.03671,293823.52365600003,30964.338831190144,89.4237198,70.06977150561798,19.391756166029126,0.2966076088092951,41,64,,True,False,Request timeout: 300.0s exceeded,382,21.16838264042747
405,2026-09-14T02:32:48.429+00:00,2026-09-14T02:37:42.205+00:00,2026-09-14T02:37:48.463+00:00,False,91,90.0,,90.0,293775.732815,300033.61134299997,300033.61123599997,3297.072650945055,0.01808,293775.732815,30788.781083595208,86.43244200000001,69.53198364444445,18.346090175625665,0.29996639242231943,41,64,,True,False,Request timeout: 300.0s exceeded,367,21.16838264042747
406,2026-09-14T02:32:51.833+00:00,2026-09-14T02:37:45.702+00:00,2026-09-14T02:37:51.878+00:00,False,93,92.0,,92.0,293868.268867,300044.33977900003,300044.339851,3226.283224204301,0.02599,293868.268867,30465.7648214766,86.9585158,67.13120556521739,19.321642150777333,0.30662134825727194,41,64,,True,False,Request timeout: 300.0s exceeded,123,21.16838264042747
407,2026-09-14T02:32:55.691+00:00,2026-09-14T02:37:49.416+00:00,2026-09-14T02:37:55.708+00:00,False,90,89.0,,89.0,293725.235147,300017.499083,300017.499146,3333.527768288889,0.02095,293725.235147,30953.912118005817,89.40957745,70.69959478651685,19.700355574709963,0.29664936302724826,41,64,,True,False,Request timeout: 300.0s exceeded,334,21.16838264042747
408,2026-09-14T02:32:59.416+00:00,2026-09-14T02:37:53.077+00:00,2026-09-14T02:37:59.498+00:00,False,92,91.0,,91.0,293661.09154,300082.550484,300082.550297,3261.7668510543476,0.020550000000000002,293661.09154,30608.934864135983,89.5806935,70.5654829010989,20.223008703129395,0.3032498885830817,41,64,,True,False,Request timeout: 300.0s exceeded,385,21.16838264042747
409,2026-09-14T02:33:03.885+00:00,2026-09-14T02:37:57.548+00:00,2026-09-14T02:38:03.894+00:00,False,91,90.0,,90.0,293663.234753,300009.265857,300009.265849,3296.8051192197804,0.044539999999999996,293663.234753,30776.88654974869,90.93293849999998,70.51145671111111,20.190820894789805,0.2999907344291782,41,64,,True,False,Request timeout: 300.0s exceeded,321,21.16838264042747
410,2026-09-14T02:33:08.576+00:00,2026-09-14T02:38:02.287+00:00,2026-09-14T02:38:08.637+00:00,False,93,92.0,,92.0,293710.904249,300060.66015300003,300060.660266,3226.4587125376347,0.03327,293710.904249,30449.251689198674,89.6411306,69.01908591304348,20.223552005302277,0.3066046710458128,41,64,,True,False,Request timeout: 300.0s exceeded,137,21.16838264042747
411,2026-09-14T02:33:13.255+00:00,2026-09-14T02:38:06.955+00:00,2026-09-14T02:38:13.283+00:00,False,105,104.0,,104.0,293700.677387,300028.410891,300028.410982,2857.4134379238094,0.016239999999999997,293700.677387,28657.770207662426,87.19016620000001,60.84359138461539,290.34320216494024,0.34663383941257175,41,64,,True,False,Request timeout: 300.0s exceeded,548,21.16838264042747
412,2026-09-14T02:33:17.056+00:00,2026-09-14T02:38:12.965+00:00,2026-09-14T02:38:17.132+00:00,False,65,64.0,,64.0,295908.386566,300075.583238,300075.583131,4616.547432784615,0.02271,295908.386566,36694.8507593895,87.971081,65.112448,25.576124018647715,0.2132795987910801,41,64,,True,False,Request timeout: 300.0s exceeded,321,21.16838264042747
413,2026-09-14T02:33:21.960+00:00,2026-09-14T02:38:15.226+00:00,2026-09-14T02:38:22.008+00:00,False,102,101.0,,101.0,293266.13187,300048.319134,300048.319106,2941.6501873137254,0.040530000000000004,293266.13187,29031.0317043446,88.66198745000001,67.15036895049505,19.659455535019486,0.3366124505929791,41,64,,True,False,Request timeout: 300.0s exceeded,511,21.16838264042747
414,2026-09-14T02:33:27.079+00:00,2026-09-14T02:38:20.941+00:00,2026-09-14T02:38:27.122+00:00,False,94,93.0,,93.0,293861.83369999996,300043.2289,300043.22879399994,3191.949242489361,0.023279,293861.83369999996,30302.685152686714,88.74151515,66.46661505376345,20.389937101478058,0.30995533657250285,41,64,,True,False,Request timeout: 300.0s exceeded,311,21.16838264042747
415,2026-09-14T02:33:31.916+00:00,2026-09-14T02:38:25.408+00:00,2026-09-14T02:38:31.954+00:00,False,103,102.0,,102.0,293491.950878,300037.895454,300037.895323,2912.9892749805826,0.04165,293491.950878,28912.30465932954,88.109329,64.17592721568627,20.059760717416854,0.3399570572432509,41,64,,True,False,Request timeout: 300.0s exceeded,352,21.16838264042747
416,2026-09-14T02:33:35.929+00:00,2026-09-14T02:38:29.472+00:00,2026-09-14T02:38:35.970+00:00,False,96,95.0,,95.0,293542.832659,300041.403155,300041.403092,3125.4312822083334,0.02036,293542.832659,29952.615159404977,89.08516275,68.40600522105264,20.46135042079028,0.3166229693670758,41,64,,True,False,Request timeout: 300.0s exceeded,417,21.16838264042747
417,2026-09-14T02:33:40.158+00:00,2026-09-14T02:38:34.158+00:00,2026-09-14T02:38:40.244+00:00,False,88,87.0,,87.0,294000.402733,300085.882157,300085.882208,3410.066843272727,0.020489999999999998,294000.402733,31333.097880988502,89.69641185,69.94803935632184,19.715385203199034,0.28991700434105405,41,64,,True,False,Request timeout: 300.0s exceeded,425,21.16838264042747
418,2026-09-14T02:33:44.766+00:00,2026-09-14T02:38:38.740+00:00,2026-09-14T02:38:44.785+00:00,False,93,92.0,,92.0,293973.94539600005,300019.43198800005,300019.43188600003,3226.0153966236567,0.04154,293973.94539600005,30476.870997250022,87.776263,65.7118107826087,20.62939353270217,0.3066468041432721,41,64,,True,False,Request timeout: 300.0s exceeded,361,21.16838264042747
419,2026-09-14T02:33:49.365+00:00,2026-09-14T02:38:43.325+00:00,2026-09-14T02:38:49.411+00:00,False,93,92.0,,92.0,293960.115453,300045.839613,300045.839678,3226.299351376344,0.020909,293960.115453,30475.391081544072,86.80510720000001,66.14917565217391,19.922914491766253,0.3066198155543895,41,64,,True,False,Request timeout: 300.0s exceeded,386,21.16838264042747
420,2026-09-14T02:33:54.470+00:00,2026-09-14T02:38:48.004+00:00,2026-09-14T02:38:54.501+00:00,False,97,96.0,,96.0,293533.95126099995,300030.609693,300030.60988899996,3093.099071020618,0.023329999999999997,293533.95126099995,29796.99262985034,88.996982,67.67352533333333,20.027655588387454,0.3199673529918497,41,64,,True,False,Request timeout: 300.0s exceeded,434,21.16838264042747
421,2026-09-14T02:33:58.079+00:00,2026-09-14T02:38:51.488+00:00,2026-09-14T02:38:58.124+00:00,False,99,98.0,,98.0,293408.345153,300044.83974499995,300044.839817,3030.7559577474744,0.03779,293408.345153,29481.848602528793,88.14123980000001,67.71933257142857,19.57529647030133,0.3266178484632083,41,64,,True,False,Request timeout: 300.0s exceeded,475,21.16838264042747
422,2026-09-14T02:34:02.323+00:00,2026-09-14T02:38:56.172+00:00,2026-09-14T02:39:02.352+00:00,False,92,91.0,,91.0,293848.748883,300029.593427,300029.593548,3261.1912342173914,0.023280000000000002,293848.748883,30628.774596576783,86.6558611,67.92136861538461,19.34430177691786,0.303303414041859,41,64,,True,False,Request timeout: 300.0s exceeded,480,21.16838264042747
423,2026-09-14T02:34:07.666+00:00,2026-09-14T02:39:01.157+00:00,2026-09-14T02:39:07.722+00:00,False,101,100.0,,100.0,293491.708834,300055.901602,300055.90164,2970.8505112871285,0.023420000000000003,293491.708834,29196.99197016736,89.11878200000001,65.64192768,20.399751545890847,0.33327123201409964,41,64,,True,False,Request timeout: 300.0s exceeded,411,21.16838264042747
424,2026-09-14T02:34:10.689+00:00,2026-09-14T02:39:04.378+00:00,2026-09-14T02:39:10.757+00:00,False,98,97.0,,97.0,293689.087086,300068.740206,300068.740272,3061.925921142857,0.02246,293689.087086,29660.44119707432,90.15399485000002,65.76961979381444,20.584590603884877,0.32325926363875357,41,64,,True,False,Request timeout: 300.0s exceeded,415,21.16838264042747
425,2026-09-14T02:34:13.908+00:00,2026-09-14T02:39:07.636+00:00,2026-09-14T02:39:13.961+00:00,False,95,94.0,,94.0,293728.065353,300053.147465,300053.147554,3158.4541847789474,0.023759,293728.065353,30128.966810013815,88.129485,67.28810757446809,20.319575437869396,0.31327783359101313,41,64,,True,False,Request timeout: 300.0s exceeded,273,21.16838264042747
426,2026-09-14T02:34:18.277+00:00,2026-09-14T02:39:11.951+00:00,2026-09-14T02:39:18.362+00:00,False,95,94.0,,94.0,293673.335917,300084.741997,300084.742027,3158.7867581789474,0.023440000000000003,293673.335917,30123.25724765528,88.07476969999999,68.20644765957447,19.983638001959463,0.3132448500195313,41,64,,True,False,Request timeout: 300.0s exceeded,426,21.16838264042747
427,2026-09-14T02:34:21.601+00:00,2026-09-14T02:39:15.618+00:00,2026-09-14T02:39:21.642+00:00,False,88,87.0,,87.0,294016.48538200004,300040.747526,300040.747488,3409.553948727273,0.02915,294016.48538200004,31334.88726681929,89.3104285,69.24439245977011,19.652412582474327,0.28996061607419177,41,64,,True,False,Request timeout: 300.0s exceeded,358,21.16838264042747
428,2026-09-14T02:34:25.907+00:00,2026-09-14T02:39:19.643+00:00,2026-09-14T02:39:25.994+00:00,False,95,94.0,,94.0,293736.236072,300087.342376,300087.342319,3158.8141296736844,0.02579,293736.236072,30129.77646958384,88.110023,67.56496068085106,19.96588127832017,0.3132421356253705,41,64,,True,False,Request timeout: 300.0s exceeded,443,21.16838264042747
429,2026-09-14T02:34:30.368+00:00,2026-09-14T02:39:23.869+00:00,2026-09-14T02:39:30.442+00:00,False,100,99.0,,99.0,293501.104086,300073.932758,300073.932745,3000.73932745,0.03972,293501.104086,29343.47782302496,88.15379495,66.39220880808081,19.833773264336127,0.32991869400345525,41,64,,True,False,Request timeout: 300.0s exceeded,412,21.16838264042747
430,2026-09-14T02:34:33.891+00:00,2026-09-14T02:39:27.182+00:00,2026-09-14T02:39:33.932+00:00,False,103,102.0,,102.0,293290.795739,300041.052891,300041.05281300005,2913.0199302233013,0.041479999999999996,293290.795739,28892.286834690793,87.950607,66.1789916862745,19.97702883050934,0.33995347975616835,41,64,,True,False,Request timeout: 300.0s exceeded,266,21.16838264042747
431,2026-09-14T02:34:37.696+00:00,2026-09-14T02:39:30.952+00:00,2026-09-14T02:39:37.740+00:00,False,127,126.0,,126.0,293256.21149,300043.96573,300043.96596500004,2362.5509131102363,0.027,293256.21149,26017.516222986924,89.2515053,53.871065396825394,28.68543473692039,0.41993845699727683,41,64,,True,False,Request timeout: 300.0s exceeded,486,21.16838264042747
0,2026-09-14T02:04:40.931+00:00,2026-09-14T02:04:41.144+00:00,2026-09-14T02:04:46.548+00:00,True,114,114.0,,114.0,213.63311,5617.195862,5617.1957919999995,49.27364729824561,0.02561,213.63311,23.621266772367303,82.5611056,47.81913939823009,17.877778309536268,20.294823752043843,42,64,,False,True,,461,21.16838264042747
1,2026-09-14T02:04:45.428+00:00,2026-09-14T02:04:45.665+00:00,2026-09-14T02:04:58.474+00:00,True,202,202.0,,202.0,236.716311,13046.316567,13046.316447,64.58572498514852,39.879065000000004,236.716311,24.605501791903443,95.587929,63.72935450746269,21.437723366581725,15.483297447415067,42,64,,False,True,,702,21.16838264042747
2,2026-09-14T02:04:49.248+00:00,2026-09-14T02:04:53.494+00:00,2026-09-14T02:05:05.900+00:00,True,187,187.0,,187.0,4246.140281999999,16652.365434,16652.365517,89.05008297860962,39.615055999999996,4246.140281999999,306.4148080549867,95.894765,66.70013522580645,21.962724616612526,11.229635858110127,42,64,,False,True,,885,21.16838264042747
3,2026-09-14T02:04:52.802+00:00,2026-09-14T02:04:58.826+00:00,2026-09-14T02:05:15.162+00:00,True,251,251.0,,251.0,6024.0014249999995,22360.457361,22360.457308,89.08548728286853,38.317819,6024.0014249999995,376.72114817966354,95.1458795,65.345823744,21.545303319054614,11.225172899986461,42,64,,False,True,,945,21.16838264042747
4,2026-09-14T02:04:57.112+00:00,2026-09-14T02:05:06.855+00:00,2026-09-14T02:05:13.388+00:00,True,101,101.0,,101.0,9743.124597999999,16276.538741999999,16276.538838999999,161.1538498910891,35.496515,9743.124597999999,963.2234158476377,94.765511,65.33414144,21.934209472527964,6.205250489735848,42,64,,False,True,,498,21.16838264042747
5,2026-09-14T02:05:01.582+00:00,2026-09-14T02:05:14.523+00:00,2026-09-14T02:05:30.007+00:00,True,229,229.0,,229.0,12941.955746,28425.278114,28425.278158,124.1278522183406,22.915461,12941.955746,851.033803008721,95.085157,67.90930863157895,22.373892438998855,8.056209655419803,42,64,,False,True,,1012,21.16838264042747
6,2026-09-14T02:05:04.776+00:00,2026-09-14T02:05:20.020+00:00,2026-09-14T02:05:37.379+00:00,True,260,260.0,,260.0,15243.721986999999,32602.925571,32602.925645,125.39586786538462,39.455006999999995,15243.721986999999,941.4689097386173,96.02152800000002,67.02395206177606,21.73930292094282,7.9747444576344275,42,64,,False,True,,910,21.16838264042747
7,2026-09-14T02:05:08.260+00:00,2026-09-14T02:05:26.831+00:00,2026-09-14T02:05:39.407+00:00,True,188,188.0,,188.0,18570.384274999997,31146.906002999996,31146.905893999996,165.6750313510638,0.01704,18570.384274999997,1349.7646337160816,95.9532145,67.25412688770052,27.81886987947202,6.035912523121631,42,64,,False,True,,689,21.16838264042747
8,2026-09-14T02:05:11.714+00:00,2026-09-14T02:05:33.141+00:00,2026-09-14T02:05:50.663+00:00,True,269,269.0,,269.0,21427.020726,38948.771254,38948.771293,144.79097134944237,0.01732,21427.020726,1302.7055762145712,96.1605416,65.37966614925374,26.24105562209883,6.906507993429291,42,64,,False,True,,990,21.16838264042747
9,2026-09-14T02:05:14.588+00:00,2026-09-14T02:05:37.094+00:00,2026-09-14T02:05:56.069+00:00,True,289,289.0,,289.0,22505.505923999997,41481.05792399999,41481.058087,143.5330729653979,0.019039999999999998,22505.505923999997,1320.235433748604,96.336503,65.88733333333333,26.13816748774714,6.9670354244458945,42,64,,False,True,,685,21.16838264042747
10,2026-09-14T02:05:17.566+00:00,2026-09-14T02:05:43.737+00:00,2026-09-14T02:05:57.536+00:00,True,207,207.0,,207.0,26170.918559,39969.502623,39969.502692,193.08938498550725,40.193385,26170.918559,1814.4851433899958,97.28906599999999,66.98341778640777,22.288279720825642,5.178948608704583,42,64,,False,True,,736,21.16838264042747
11,2026-09-14T02:05:21.548+00:00,2026-09-14T02:05:49.824+00:00,2026-09-14T02:06:05.140+00:00,True,230,230.0,,230.0,28276.177773,43592.164205,43592.164289,189.5311490826087,41.161933,28276.177773,1860.1929897016005,95.19446345,66.8820368209607,21.793657786002633,5.276177592798182,42,64,,False,True,,1060,21.16838264042747
12,2026-09-14T02:05:26.349+00:00,2026-09-14T02:05:58.285+00:00,2026-09-14T02:06:06.415+00:00,True,120,120.0,,120.0,31935.462124,40065.491436000004,40065.491502000004,333.87909585,41.594013,31935.462124,2909.1409529819857,95.79834255000002,68.31957405042016,21.954849678692952,2.995096171269636,42,64,,False,True,,594,21.16838264042747
13,2026-09-14T02:05:30.180+00:00,2026-09-14T02:06:05.014+00:00,2026-09-14T02:06:20.457+00:00,True,231,231.0,,231.0,34833.974186,50277.420458,50277.420415,217.65117062770562,36.741932999999996,34833.974186,2287.5938264077363,93.870922,67.14541857391303,21.906251010538003,4.5945077908873495,42,64,,False,True,,1189,21.16838264042747
14,2026-09-14T02:05:35.176+00:00,2026-09-14T02:06:13.064+00:00,2026-09-14T02:06:20.317+00:00,True,108,108.0,,108.0,37888.74161,45141.575145999996,45141.574898,417.9775453518518,37.117222,37888.74161,3639.3856510255528,95.1174762,67.7834909906542,21.38786472674824,2.392473006329508,42,64,,False,True,,484,21.16838264042747
15,2026-09-14T02:05:37.977+00:00,2026-09-14T02:06:18.973+00:00,2026-09-14T02:06:31.076+00:00,True,183,183.0,,183.0,40995.530834,53098.714194,53098.714199999995,290.1569081967213,9.69735,40995.530834,3025.6473577715687,93.7939971,66.50100747252748,22.93015371654829,3.446411137780027,42,64,,False,True,,754,21.16838264042747
16,2026-09-14T02:05:41.312+00:00,2026-09-14T02:06:24.676+00:00,2026-09-14T02:06:42.769+00:00,True,274,274.0,,274.0,43364.498471,61457.151014999996,61457.151108,224.2961719270073,0.01587,43364.498471,2615.9059478751797,94.60610609999999,66.27345254212455,29.391251063773833,4.458390854029732,42,64,,False,True,,1245,21.16838264042747
17,2026-09-14T02:05:44.486+00:00,2026-09-14T02:06:29.946+00:00,2026-09-14T02:06:47.555+00:00,True,263,263.0,,263.0,45459.689368,63068.767128,63068.766995,239.80519769961978,0.016190000000000003,45459.689368,2799.2039514874527,94.520568,67.21022045801526,32.136806348781654,4.170051389560754,42,64,,False,True,,1105,21.16838264042747
18,2026-09-14T02:05:47.682+00:00,2026-09-14T02:06:35.835+00:00,2026-09-14T02:06:42.638+00:00,True,101,101.0,,101.0,48153.454172,54956.683099999995,54956.682986,544.1255741188119,40.926784,48153.454172,4784.72599315724,94.19806200000001,68.03228928,21.46920204684746,1.8378110595979549,42,64,,False,True,,504,21.16838264042747
19,2026-09-14T02:05:51.452+00:00,2026-09-14T02:06:42.501+00:00,2026-09-14T02:06:56.028+00:00,True,205,205.0,,205.0,51049.075810999995,64575.492707,64575.49253899999,315.00240262926826,8.640002,51049.075810999995,3560.864007257009,95.2783122,66.30596517647058,22.842093161241323,3.174578952578057,42,64,,False,True,,820,21.16838264042747
20,2026-09-14T02:05:55.563+00:00,2026-09-14T02:06:49.218+00:00,2026-09-14T02:06:58.652+00:00,True,143,143.0,,143.0,53654.229118,63088.83289400001,63088.832962,441.1806500839161,41.482383,53654.229118,4481.288667879665,95.562674,66.44087166197183,21.808383392324203,2.266645195993154,42,64,,False,True,,721,21.16838264042747
21,2026-09-14T02:06:00.550+00:00,2026-09-14T02:06:58.420+00:00,2026-09-14T02:07:11.572+00:00,True,194,194.0,,194.0,57869.954420999995,71022.03890099999,71022.03873,366.0929831443299,0.0,57869.954420999995,4150.014209996253,95.57888365000001,68.1455154404145,26.81465001442014,2.7315464748966605,42,64,,False,True,,898,21.16838264042747
22,2026-09-14T02:06:05.498+00:00,2026-09-14T02:07:06.527+00:00,2026-09-14T02:07:18.680+00:00,True,181,181.0,,181.0,61029.185045,73182.724373,73182.724389,404.3244441381215,0.0,61029.185045,4531.328939084202,97.371844,67.51966293333334,27.673875657100652,2.4732612997225076,42,64,,False,True,,858,21.16838264042747
23,2026-09-14T02:06:09.540+00:00,2026-09-14T02:07:13.932+00:00,2026-09-14T02:07:30.766+00:00,True,253,253.0,,253.0,64391.648332000004,81225.70682800001,81225.706667,321.05022398023715,0.01645,64391.648332000004,4044.225790246733,95.80786619999999,66.80181942857142,35.744543232333754,3.114777450145699,42,64,,False,True,,1095,21.16838264042747
24,2026-09-14T02:06:14.590+00:00,2026-09-14T02:07:22.217+00:00,2026-09-14T02:07:31.344+00:00,True,140,140.0,,140.0,67627.314803,76754.006387,76754.006317,548.2429022642857,0.01613,67627.314803,5710.192552681698,96.09552450000001,65.65965168345323,46.8141273274681,1.8240090203774966,42,64,,False,True,,577,21.16838264042747
25,2026-09-14T02:06:18.056+00:00,2026-09-14T02:07:29.595+00:00,2026-09-14T02:07:40.283+00:00,True,164,164.0,,164.0,71539.421422,82227.801326,82227.801392,501.3890328780488,0.04175,71539.421422,5581.225486163609,94.8313668,65.57288284662577,24.985758336329848,1.994459262625864,42,64,,False,True,,228,21.16838264042747
26,2026-09-14T02:06:20.861+00:00,2026-09-14T02:07:33.288+00:00,2026-09-14T02:07:45.504+00:00,True,187,187.0,,187.0,72427.640576,84643.26528,84643.26527300001,452.6377822085562,39.992545,72427.640576,5291.673049873191,94.20097659999999,65.6754016344086,21.160438396616012,2.209272047591782,42,64,,False,True,,834,21.16838264042747
27,2026-09-14T02:06:24.555+00:00,2026-09-14T02:07:40.284+00:00,2026-09-14T02:07:50.606+00:00,True,162,162.0,,162.0,75728.789936,86050.551216,86050.550989,531.1762406728395,37.275631000000004,75728.789936,5944.813936245714,93.4676965,64.11031850931677,20.539942135101807,1.8826143204284107,42,64,,False,True,,849,21.16838264042747
28,2026-09-14T02:06:29.251+00:00,2026-09-14T02:07:48.547+00:00,2026-09-14T02:08:04.047+00:00,True,235,235.0,,235.0,79295.7575,94795.673276,94795.673444,403.3858444425532,0.0,79295.7575,5168.420995798562,94.0887717,66.2389563076923,24.34241939545384,2.4790160972409736,42,64,,False,True,,993,21.16838264042747
29,2026-09-14T02:06:33.742+00:00,2026-09-14T02:07:56.239+00:00,2026-09-14T02:08:10.784+00:00,True,222,222.0,,222.0,82496.966217,97042.493257,97042.49329799999,437.1283481891892,40.788325,82496.966217,5532.457963107495,95.92078790000001,65.81686443438913,21.467188882434407,2.287657628623288,42,64,,False,True,,1447,21.16838264042747
30,2026-09-14T02:06:36.681+00:00,2026-09-14T02:08:00.129+00:00,2026-09-14T02:08:08.466+00:00,True,127,127.0,,127.0,83448.102468,91785.797188,91785.797053,722.7228114409448,40.869523,83448.102468,7398.984664754234,97.095378,66.17218031746032,22.784741250947828,1.3836563378086983,42,64,,False,True,,519,21.16838264042747
31,2026-09-14T02:06:41.489+00:00,2026-09-14T02:08:09.249+00:00,2026-09-14T02:08:16.341+00:00,True,111,111.0,,111.0,87760.001523,94851.908595,94851.90844,854.5216976576577,0.0,87760.001523,8323.745279812043,93.98280650000001,64.47188247272727,30.110050864404595,1.1702452975822484,42,64,,False,True,,364,21.16838264042747
32,2026-09-14T02:06:45.036+00:00,2026-09-14T02:08:15.981+00:00,2026-09-14T02:08:32.615+00:00,True,250,250.0,,250.0,90944.436984,107578.764536,107578.764664,430.315058656,0.015519999999999999,90944.436984,5747.767106541645,96.39489045,66.80452832128515,43.102774519315965,2.3238787048566665,42,64,,False,True,,886,21.16838264042747
33,2026-09-14T02:06:49.385+00:00,2026-09-14T02:08:23.857+00:00,2026-09-14T02:08:37.086+00:00,True,198,198.0,,198.0,94472.627081,107701.506953,107701.506843,543.9470042575757,0.0,94472.627081,6709.151654842805,97.1330585,67.15167447715736,25.085650699597082,1.838414388077276,42,64,,False,True,,953,21.16838264042747
34,2026-09-14T02:06:53.549+00:00,2026-09-14T02:08:31.344+00:00,2026-09-14T02:08:50.854+00:00,True,292,292.0,,292.0,97795.146477,117305.26538900001,117305.265428,401.7303610547945,0.0,97795.146477,5719.155212588013,95.5341601,67.0450821718213,24.114041316091914,2.4892318263096613,42,64,,False,True,,1349,21.16838264042747
35,2026-09-14T02:06:57.220+00:00,2026-09-14T02:08:37.173+00:00,2026-09-14T02:08:43.673+00:00,True,100,100.0,,100.0,99952.39438099999,106453.09326099999,106453.09307799999,1064.5309307799998,32.172582999999996,99952.39438099999,9988.695121785278,95.3388414,65.66362505050505,21.09302673348259,0.9393808759959806,42,64,,False,True,,482,21.16838264042747
36,2026-09-14T02:07:01.693+00:00,2026-09-14T02:08:46.107+00:00,2026-09-14T02:08:59.581+00:00,True,202,202.0,,202.0,104413.765802,117887.79281,117887.79293,583.6029352970297,0.0,104413.765802,7341.8640461647765,96.3140495,67.03496023880597,28.146428803319257,1.7134937823932612,42,64,,False,True,,1050,21.16838264042747
37,2026-09-14T02:07:04.553+00:00,2026-09-14T02:08:51.536+00:00,2026-09-14T02:09:03.978+00:00,True,189,189.0,,189.0,106983.571515,119425.193019,119425.193069,631.8793284074075,0.0,106983.571515,7777.150311468078,94.468869,66.17883778723404,29.155167496085877,1.5825806533963982,42,64,,False,True,,451,21.16838264042747
38,2026-09-14T02:07:07.376+00:00,2026-09-14T02:08:56.373+00:00,2026-09-14T02:09:08.979+00:00,True,195,195.0,,195.0,108996.72951,121602.914214,121602.91423600001,623.6046883897436,0.0,108996.72951,7800.816170164307,94.78668069999999,64.9803335257732,28.442858350384142,1.6035799903350496,42,64,,False,True,,761,21.16838264042747
39,2026-09-14T02:07:11.648+00:00,2026-09-14T02:09:03.748+00:00,2026-09-14T02:09:16.805+00:00,True,195,195.0,,195.0,112100.16154,125157.552388,125157.552343,641.8336017589744,38.655438000000004,112100.16154,8022.870653755889,97.34886200000001,67.30613839175257,22.44706609275621,1.5580362213818464,42,64,,False,True,,908,21.16838264042747
40,2026-09-14T02:07:16.059+00:00,2026-09-14T02:09:12.061+00:00,2026-09-14T02:09:28.402+00:00,True,242,242.0,,242.0,116001.773806,132343.36382199998,132343.364043,546.8734051363637,0.0,116001.773806,7452.728008118557,97.97890799999999,67.80742745228216,56.11582725381185,1.8285767643437467,42,64,,False,True,,830,21.16838264042747
41,2026-09-14T02:07:20.613+00:00,2026-09-14T02:09:19.704+00:00,2026-09-14T02:09:27.207+00:00,True,112,112.0,,112.0,119091.66607600001,126594.77238000001,126594.77243000001,1130.3104681250002,0.0,119091.66607600001,11246.76892937585,97.14207460000002,67.59555228828829,34.15886140135645,0.8847126772645016,42,64,,False,True,,356,21.16838264042747
42,2026-09-14T02:07:23.559+00:00,2026-09-14T02:09:25.024+00:00,2026-09-14T02:09:33.272+00:00,True,127,127.0,,127.0,121465.15604999999,129713.50395399999,129713.50391999999,1021.3661725984251,37.129791,121465.15604999999,10772.503375868764,95.77946630000001,65.46307860317461,22.15229037090434,0.9790807905785796,42,64,,False,True,,565,21.16838264042747
43,2026-09-14T02:07:28.525+00:00,2026-09-14T02:09:33.549+00:00,2026-09-14T02:09:44.214+00:00,True,161,161.0,,161.0,125024.627427,135689.273571,135689.273564,842.7905190310559,38.098709,125024.627427,9848.091119774746,95.81835700000002,66.6540384,21.444809039994542,1.186534467779843,42,64,,False,True,,225,21.16838264042747
44,2026-09-14T02:07:32.789+00:00,2026-09-14T02:09:41.385+00:00,2026-09-14T02:09:49.679+00:00,True,127,127.0,,127.0,128596.115359,136889.929375,136889.929402,1077.8734598582678,0.0,128596.115359,11405.270246250875,95.54079129999998,65.82392076190476,34.300824480732636,0.9277526884544789,42,64,,False,True,,634,21.16838264042747
45,2026-09-14T02:07:37.456+00:00,2026-09-14T02:09:49.094+00:00,2026-09-14T02:10:01.390+00:00,True,183,183.0,,183.0,131637.34814,143933.687852,143933.687851,786.5228844316939,37.554071,131637.34814,9725.94401910754,95.550777,67.5623061098901,22.37184199931222,1.2714188230080645,42,64,,False,True,,618,21.16838264042747
46,2026-09-14T02:07:42.334+00:00,2026-09-14T02:09:58.164+00:00,2026-09-14T02:10:13.241+00:00,True,227,227.0,,227.0,135830.02958,150906.265356,150906.265249,664.7853094669604,0.0,135830.02958,9010.973582488137,94.89560929999999,66.70900785840708,28.70231568815969,1.5042450322687981,42,64,,False,True,,1082,21.16838264042747
47,2026-09-14T02:07:47.012+00:00,2026-09-14T02:10:06.551+00:00,2026-09-14T02:10:25.559+00:00,True,289,289.0,,289.0,139539.31777000002,158547.68564200003,158547.68564500002,548.6079088062285,0.0,139539.31777000002,8204.52368217545,95.74210839999999,66.00127733333333,58.93607291332553,1.8227954500235388,42,64,,False,True,,1521,21.16838264042747
48,2026-09-14T02:07:50.036+00:00,2026-09-14T02:10:11.800+00:00,2026-09-14T02:10:19.975+00:00,True,126,126.0,,126.0,141764.324047,149939.011535,149939.011462,1189.9921544603176,0.016550000000000002,141764.324047,12623.807823369216,97.85875125000001,65.397499904,81.98967735581554,0.8403416743252843,42,64,,False,True,,548,21.16838264042747
49,2026-09-14T02:07:53.811+00:00,2026-09-14T02:10:18.444+00:00,2026-09-14T02:10:24.311+00:00,True,102,102.0,,102.0,144632.825295,150500.686543,150500.68657199998,1475.4969271764705,0.016019,144632.825295,14315.056575159992,94.55073550000002,58.097636118811884,27.121684064736844,0.6777377721187822,42,64,,False,True,,422,21.16838264042747
50,2026-09-14T02:07:56.591+00:00,2026-09-14T02:10:23.990+00:00,2026-09-14T02:10:34.693+00:00,True,161,161.0,,161.0,147398.61162900002,158102.27678100002,158102.27684300003,982.0017195217392,40.154775,147398.61162900002,11611.3851903698,94.278451,66.8979072,21.35518833550468,1.018328156165732,42,64,,False,True,,745,21.16838264042747
51,2026-09-14T02:07:59.881+00:00,2026-09-14T02:10:29.345+00:00,2026-09-14T02:10:47.444+00:00,True,271,271.0,,271.0,149464.184814,167563.797742,167563.797708,618.3165967084872,0.0,149464.184814,9075.280760377853,95.8831025,67.03560343703704,30.256284028463572,1.6172944493491488,42,64,,False,True,,1048,21.16838264042747
52,2026-09-14T02:08:03.223+00:00,2026-09-14T02:10:35.284+00:00,2026-09-14T02:10:49.667+00:00,True,217,217.0,,217.0,152060.390616,166443.511256,166443.51129,767.0207893548387,0.0,152060.390616,10318.062211234515,95.46582599999999,66.58852148148148,32.39092191518585,1.3037456273452506,42,64,,False,True,,775,21.16838264042747
53,2026-09-14T02:08:06.505+00:00,2026-09-14T02:10:40.441+00:00,2026-09-14T02:10:50.917+00:00,True,161,161.0,,161.0,153935.93696000002,164412.679872,164412.67985400002,1021.1967692795032,4.351741,153935.93696000002,12126.712435916634,96.711795,65.4796432,22.9460464081576,0.9792432075515289,42,64,,False,True,,809,21.16838264042747
54,2026-09-14T02:08:11.570+00:00,2026-09-14T02:10:50.488+00:00,2026-09-14T02:10:57.702+00:00,True,111,111.0,,111.0,158917.969991,166131.904839,166131.90476499998,1496.6838267117116,39.806236,158917.969991,15077.616048628848,93.20130300000001,65.5812258909091,21.04567749047044,0.6681437867552964,42,64,,False,True,,524,21.16838264042747
55,2026-09-14T02:08:14.930+00:00,2026-09-14T02:10:56.010+00:00,2026-09-14T02:11:11.156+00:00,True,230,230.0,,230.0,161079.362874,176225.60185,176225.60181800002,766.1982687739131,0.0,161079.362874,10616.943527907642,93.37512849999999,66.14078155458515,31.344465282561533,1.305145209240209,42,64,,False,True,,933,21.16838264042747
56,2026-09-14T02:08:18.407+00:00,2026-09-14T02:11:02.141+00:00,2026-09-14T02:11:20.819+00:00,True,283,283.0,,283.0,163734.269038,182412.093806,182412.093843,644.5657026254416,0.0,163734.269038,9729.101759141036,96.1417379,66.23342116312057,30.263317308942632,1.5514322219281023,42,64,,False,True,,1385,21.16838264042747
57,2026-09-14T02:08:21.258+00:00,2026-09-14T02:11:06.989+00:00,2026-09-14T02:11:13.795+00:00,True,101,101.0,,101.0,165731.090991,172536.720687,172536.720687,1708.284363237624,0.0,165731.090991,16484.13777533012,95.06074000000001,68.05629696,40.690325433707336,0.5853826338986978,42,64,,False,True,,474,21.16838264042747
58,2026-09-14T02:08:25.213+00:00,2026-09-14T02:11:13.936+00:00,2026-09-14T02:11:26.230+00:00,True,186,186.0,,186.0,168723.22733899998,181016.73927499997,181016.73936999997,973.2082761827955,37.206531999999996,168723.22733899998,12366.534999183054,96.0326825,66.45141587027027,22.407146476136063,1.027529281241938,42,64,,False,True,,758,21.16838264042747
59,2026-09-14T02:08:28.636+00:00,2026-09-14T02:11:20.345+00:00,2026-09-14T02:11:36.721+00:00,True,246,246.0,,246.0,171708.57914,188084.713028,188084.713206,764.572004902439,0.015649,171708.57914,10943.696108020324,95.85713299999999,66.84136280816327,69.31327840488139,1.3079212873795767,42,64,,False,True,,992,21.16838264042747
60,2026-09-14T02:08:33.013+00:00,2026-09-14T02:11:27.763+00:00,2026-09-14T02:11:44.790+00:00,True,271,271.0,,271.0,174750.360765,191777.028797,191777.02883999998,707.6643130627306,0.0,174750.360765,10611.547004280746,94.72008,63.06173345185185,32.40618120368735,1.41309937743826,42,64,,False,True,,1466,21.16838264042747
61,2026-09-14T02:08:36.837+00:00,2026-09-14T02:11:33.849+00:00,2026-09-14T02:11:52.504+00:00,True,282,282.0,,282.0,177012.42397099998,195667.01878699998,195667.01899599997,693.85467729078,0.0,177012.42397099998,10537.02623930419,94.4878615,66.38645841992883,30.171935351367537,1.441223982192833,42,64,,False,True,,913,21.16838264042747
62,2026-09-14T02:08:41.405+00:00,2026-09-14T02:11:42.665+00:00,2026-09-14T02:11:59.076+00:00,True,244,244.0,,244.0,181260.353715,197671.583923,197671.583967,810.129442487705,41.512522,181260.353715,11599.702058961127,95.61477265000002,67.535926781893,21.86951729692669,1.2343706422418639,42,64,,False,True,,1339,21.16838264042747
63,2026-09-14T02:08:45.893+00:00,2026-09-14T02:11:49.998+00:00,2026-09-14T02:12:01.414+00:00,True,168,168.0,,168.0,184104.52909599998,195520.10592799998,195520.10596699998,1163.810154565476,38.642048,184104.52909599998,14198.716650028424,96.446281,68.35674749700598,22.484565014625844,0.8592466703238478,42,64,,False,True,,773,21.16838264042747
64,2026-09-14T02:08:50.155+00:00,2026-09-14T02:11:57.750+00:00,2026-09-14T02:12:14.170+00:00,True,243,243.0,,243.0,187594.645426,204014.900914,204014.90101,839.5674938683128,39.905656,187594.645426,12029.871620687834,97.47540809999998,67.85229540495868,23.175982566235575,1.1910894690110585,42,64,,False,True,,1115,21.16838264042747
65,2026-09-14T02:08:54.897+00:00,2026-09-14T02:12:06.914+00:00,2026-09-14T02:12:26.146+00:00,True,286,286.0,,286.0,192016.09895699998,211248.33524499997,211248.33527399998,738.6305429160839,0.0,192016.09895699998,11350.203226434629,96.422912,67.48153083508771,31.493256859437594,1.3538568229108416,42,64,,False,True,,1272,21.16838264042747
66,2026-09-14T02:08:58.103+00:00,2026-09-14T02:12:12.442+00:00,2026-09-14T02:12:19.101+00:00,True,102,102.0,,102.0,194339.11778600002,200997.72898600003,200997.728922,1970.5659698235295,0.0,194339.11778600002,19235.961633327817,97.1486366,65.92684356435645,43.796957131989025,0.5074684202382433,42,64,,False,True,,432,21.16838264042747
67,2026-09-14T02:09:02.267+00:00,2026-09-14T02:12:20.007+00:00,2026-09-14T02:12:32.369+00:00,True,189,189.0,,189.0,197740.27228600002,210102.00975800003,210102.00988400003,1111.6508459470901,39.950146000000004,197740.27228600002,14378.721146046364,94.7957958,65.75392272340426,21.30226755327132,0.8995630275869051,42,64,,False,True,,641,21.16838264042747
68,2026-09-14T02:09:06.243+00:00,2026-09-14T02:12:26.763+00:00,2026-09-14T02:12:42.574+00:00,True,247,247.0,,247.0,200519.526836,216330.813108,216330.813113,875.8332514696357,38.081999,200519.526836,12754.679808007802,94.08115400000001,64.2735214308943,21.15570410757914,1.1417698498488464,42,64,,False,True,,880,21.16838264042747
69,2026-09-14T02:09:10.535+00:00,2026-09-14T02:12:34.693+00:00,2026-09-14T02:12:52.408+00:00,True,260,260.0,,260.0,204158.02336700002,221873.095623,221873.095692,853.3580603538462,0.0,204158.02336700002,12657.342796190092,94.55321445000001,68.39796237837838,78.34577301539314,1.1718410439532698,42,64,,False,True,,1206,21.16838264042747
70,2026-09-14T02:09:14.241+00:00,2026-09-14T02:12:40.829+00:00,2026-09-14T02:12:52.544+00:00,True,181,181.0,,181.0,206588.073792,218303.26124800002,218303.261242,1206.0953659779007,0.0,206588.073792,15351.003174801894,96.429177,65.08437475555556,91.34525989539993,0.8291218324694553,42,64,,False,True,,545,21.16838264042747
71,2026-09-14T02:09:18.989+00:00,2026-09-14T02:12:50.398+00:00,2026-09-14T02:13:09.238+00:00,True,284,284.0,,284.0,211408.813993,230248.72413699998,230248.724147,810.7349441795774,0.0,211408.813993,12541.08594834064,96.2005155,66.57212065017669,76.27507255628343,1.2334487457616379,42,64,,False,True,,1142,21.16838264042747
72,2026-09-14T02:09:22.021+00:00,2026-09-14T02:12:56.176+00:00,2026-09-14T02:13:13.420+00:00,True,258,258.0,,258.0,214154.88046900003,231398.72584500004,231398.72599300003,896.8942867945738,33.929159,214154.88046900003,13328.541421680266,96.06734485000001,67.096674614786,22.060314722639774,1.1149586025500355,42,64,,False,True,,959,21.16838264042747
73,2026-09-14T02:09:26.863+00:00,2026-09-14T02:13:03.416+00:00,2026-09-14T02:13:10.375+00:00,True,106,106.0,,106.0,216552.86181600002,223511.170168,223511.17007100003,2108.595944066038,31.689383000000003,216552.86181600002,21027.047831311836,96.466662,66.26960335238095,21.79761025966492,0.4742492284404673,42,64,,False,True,,490,21.16838264042747
74,2026-09-14T02:09:31.190+00:00,2026-09-14T02:13:10.931+00:00,2026-09-14T02:13:24.750+00:00,True,211,211.0,,211.0,219740.844827,233559.193627,233559.19372399998,1106.9156100663506,39.030727,219740.844827,15123.068838332028,93.73296599999999,65.80166095238096,21.486669691592912,0.9034112368831534,42,64,,False,True,,976,21.16838264042747
75,2026-09-14T02:09:35.270+00:00,2026-09-14T02:13:18.592+00:00,2026-09-14T02:13:32.334+00:00,True,212,212.0,,212.0,223322.517853,237064.270429,237064.270563,1118.2276913349056,0.0,223322.517853,15333.427013542449,93.82309105,65.12678945971564,37.82888471315621,0.8942722562803631,42,64,,False,True,,1065,21.16838264042747
76,2026-09-14T02:09:38.606+00:00,2026-09-14T02:13:24.656+00:00,2026-09-14T02:13:40.273+00:00,True,239,239.0,,239.0,226049.872115,241666.566899,241666.56693200002,1011.1571838158997,0.0,226049.872115,14617.7528532944,94.408727,65.61636463865545,36.958728278350016,0.9889659255178874,42,64,,False,True,,852,21.16838264042747
77,2026-09-14T02:09:42.692+00:00,2026-09-14T02:13:31.271+00:00,2026-09-14T02:13:44.280+00:00,True,198,198.0,,198.0,228579.10925799998,241587.82298599998,241587.82278599998,1220.140519121212,0.0,228579.10925799998,16239.732450802709,95.86960499999999,66.03407983756345,22.379890918625918,0.819577731827461,42,64,,False,True,,871,21.16838264042747
78,2026-09-14T02:09:47.115+00:00,2026-09-14T02:13:39.734+00:00,2026-09-14T02:13:56.410+00:00,True,247,247.0,,247.0,232618.83545699998,249294.981889,249294.98195599997,1009.2914249230769,37.029082,232618.83545699998,14796.885405019102,95.02050600000001,67.78921313821138,22.257017733129597,0.9907941111705897,42,64,,False,True,,963,21.16838264042747
79,2026-09-14T02:09:51.984+00:00,2026-09-14T02:13:49.275+00:00,2026-09-14T02:14:06.462+00:00,True,260,260.0,,260.0,237290.55708700002,254478.12700700003,254478.12679200002,978.762026123077,34.898516,237290.55708700002,14712.036878371917,94.81946390000002,66.36127382239383,22.273395665998308,1.0216988118308812,42,64,,False,True,,1254,21.16838264042747
80,2026-09-14T02:09:56.265+00:00,2026-09-14T02:13:56.488+00:00,2026-09-14T02:14:10.784+00:00,True,212,212.0,,212.0,240223.769153,254519.517761,254519.517768,1200.5637630566039,32.78367,240223.769153,16493.999550340934,95.4064381,67.75236307109004,23.456065632372777,0.8329420150759249,42,64,,False,True,,958,21.16838264042747
81,2026-09-14T02:09:59.411+00:00,2026-09-14T02:14:01.469+00:00,2026-09-14T02:14:13.677+00:00,True,183,183.0,,183.0,242057.70506900002,254266.055021,254266.055056,1389.4319948415302,0.0,242057.70506900002,17888.514804192095,96.9881392,67.07884589010989,43.655644653546375,0.7197185640249381,42,64,,False,True,,993,21.16838264042747
82,2026-09-14T02:10:03.551+00:00,2026-09-14T02:14:09.622+00:00,2026-09-14T02:14:22.808+00:00,True,198,198.0,,198.0,246071.396236,259257.060236,259257.060323,1309.3790925404041,0.0,246071.396236,17482.826721224785,96.78557385,66.93230456852793,42.228986160033095,0.7637207635532159,42,64,,False,True,,844,21.16838264042747
83,2026-09-14T02:10:08.623+00:00,2026-09-14T02:14:19.816+00:00,2026-09-14T02:14:34.748+00:00,True,227,227.0,,227.0,251192.785837,266125.505453,266125.505631,1172.3590556431718,0.015550000000000001,251192.785837,16668.154013699983,93.64078300000001,66.0739806017699,98.32562384389549,0.8529810008762579,42,64,,False,True,,1048,21.16838264042747
84,2026-09-14T02:10:12.108+00:00,2026-09-14T02:14:26.080+00:00,2026-09-14T02:14:43.177+00:00,True,262,262.0,,262.0,253971.671072,271068.83408,271068.834071,1034.6138705,0.01578,253971.671072,15686.631646912114,92.59658905,65.50637167816092,89.86182801308333,0.9665441653933424,42,64,,False,True,,1057,21.16838264042747
85,2026-09-14T02:10:16.416+00:00,2026-09-14T02:14:33.053+00:00,2026-09-14T02:14:41.701+00:00,True,132,132.0,,132.0,256637.088785,265285.164049,265285.164096,2009.7360916363637,39.255857000000006,256637.088785,22331.655083219594,92.9923971,66.01584170992366,20.78753851663331,0.49757776871238335,42,64,,False,True,,471,21.16838264042747
86,2026-09-14T02:10:20.352+00:00,2026-09-14T02:14:40.169+00:00,2026-09-14T02:14:56.291+00:00,True,247,247.0,,247.0,259816.646656,275938.825728,275938.825674,1117.1612375465586,33.06937,259816.646656,16527.581596493754,94.92171130000001,65.53731330081301,21.779950733249272,0.8951259372375319,42,64,,False,True,,888,21.16838264042747
87,2026-09-14T02:10:23.981+00:00,2026-09-14T02:14:45.544+00:00,2026-09-14T02:15:01.213+00:00,True,234,234.0,,234.0,261562.071748,277231.658436,277231.65834799997,1184.7506767008547,0.0,261562.071748,17094.499010979936,94.9091045,67.25144501287554,40.529106228876564,0.84405944588042,42,64,,False,True,,1097,21.16838264042747
88,2026-09-14T02:10:28.458+00:00,2026-09-14T02:14:53.786+00:00,2026-09-14T02:15:02.765+00:00,True,132,132.0,,132.0,265327.45475699997,274306.93405299995,274306.934065,2078.0828338257575,0.0,265327.45475699997,23087.88032555904,95.32191205,68.54564348091603,50.93942593233961,0.48121277158271086,42,64,,False,True,,637,21.16838264042747
89,2026-09-14T02:10:32.502+00:00,2026-09-14T02:15:01.296+00:00,2026-09-14T02:15:16.048+00:00,True,218,218.0,,218.0,268794.287626,283546.087434,283546.087427,1300.6701258119267,39.051606,268794.287626,18200.455754906747,96.163159,67.98064427649769,22.359635363308648,0.7688344493582302,42,64,,False,True,,925,21.16838264042747
90,2026-09-14T02:10:35.859+00:00,2026-09-14T02:15:06.981+00:00,2026-09-14T02:15:20.867+00:00,True,208,208.0,,208.0,271122.207096,285008.385144,285008.385108,1370.2326207115386,40.757364,271122.207096,18794.304165476722,95.97859735000002,67.08298573913044,22.029990530418456,0.7298030894596605,42,64,,False,True,,887,21.16838264042747
91,2026-09-14T02:10:39.776+00:00,2026-09-14T02:15:13.788+00:00,2026-09-14T02:15:22.210+00:00,True,126,126.0,,126.0,274012.386963,282434.109331,282434.109438,2241.5405510952382,38.437109,274012.386963,24404.971306866173,95.31792300000001,67.37377894400001,21.98937357221927,0.4461217531354674,42,64,,False,True,,559,21.16838264042747
92,2026-09-14T02:10:43.568+00:00,2026-09-14T02:15:20.226+00:00,2026-09-14T02:15:28.714+00:00,True,129,129.0,,129.0,276657.336233,285145.581481,285145.58132999996,2210.430863023256,39.777425,276657.336233,24352.491917696076,95.96248380000002,66.314416,22.5224000273341,0.4524004872528442,42,64,,False,True,,619,21.16838264042747
93,2026-09-14T02:10:47.863+00:00,2026-09-14T02:15:28.063+00:00,2026-09-14T02:15:47.787+00:00,True,291,291.0,,291.0,280200.03792000003,299923.89558400004,299923.89539900003,1030.6663072130584,33.437129,280200.03792000003,16421.645113970862,95.84240699999998,68.01330228965517,22.23739846670801,0.9702461333845248,42,64,,False,True,,919,21.16838264042747
94,2026-09-14T02:10:52.671+00:00,2026-09-14T02:15:37.273+00:00,2026-09-14T02:15:47.054+00:00,True,147,147.0,,147.0,284602.377706,294383.236074,294383.236002,2002.6070476326531,31.193044,284602.377706,23468.09326042993,95.12050869999999,66.99218060273972,21.954982585329144,0.4993490864508608,42,64,,False,True,,700,21.16838264042747
95,2026-09-14T02:10:56.100+00:00,2026-09-14T02:15:42.873+00:00,2026-09-14T02:15:56.166+00:00,False,204,203.0,,203.0,286772.77933600004,300065.870408,300065.87043,1470.9111295588236,0.0,286772.77933600004,20073.57442467891,96.92823995,65.48320725123153,44.275967326731156,0.6765181249169744,42,64,,False,False,Request timeout: 300.0s exceeded,946,21.16838264042747
96,2026-09-14T02:11:00.392+00:00,2026-09-14T02:15:50.987+00:00,2026-09-14T02:16:00.462+00:00,False,138,137.0,,137.0,290594.37444700004,300069.969455,300069.96923100005,2174.4200668913045,0.03915999999999999,290594.37444700004,24731.158076631633,93.52935,69.16492706569343,22.18864862953439,0.45656018244286584,42,64,,False,False,Request timeout: 300.0s exceeded,606,21.16838264042747
97,2026-09-14T02:11:05.384+00:00,2026-09-14T02:15:58.282+00:00,2026-09-14T02:16:05.461+00:00,False,100,99.0,,99.0,292898.5215,300076.74997999996,300076.74999599997,3000.76749996,0.03678,292898.5215,29282.608012935678,91.00355755000001,72.50735838383838,19.75860297420918,0.32991559661519365,42,64,,False,False,Request timeout: 300.0s exceeded,453,21.16838264042747
98,2026-09-14T02:11:10.242+00:00,2026-09-14T02:16:03.669+00:00,2026-09-14T02:16:10.277+00:00,False,100,99.0,,99.0,293427.046396,300034.76274800004,300034.76269,3000.3476269000003,0.02491,293427.046396,29336.03704284126,89.8927819,66.74460961616161,20.170349553442275,0.3299617654076649,42,64,,False,False,Request timeout: 300.0s exceeded,404,21.16838264042747
99,2026-09-14T02:11:15.203+00:00,2026-09-14T02:16:09.051+00:00,2026-09-14T02:16:15.211+00:00,False,93,92.0,,92.0,293847.67291,300008.19924600003,300008.199211,3225.8946151720434,0.03576,293847.67291,30463.647106600984,87.95933919999999,66.9622427826087,20.049468346565575,0.3066582854442656,42,64,,False,False,Request timeout: 300.0s exceeded,509,21.16838264042747
100,2026-09-14T02:11:19.323+00:00,2026-09-14T02:16:13.457+00:00,2026-09-14T02:16:19.350+00:00,False,88,87.0,,87.0,294134.598206,300027.200062,300027.200125,3409.4000014204544,0.0255,294134.598206,31347.639740749422,88.86515720000001,67.73105581609195,20.10699141392691,0.28997370899045694,42,64,,False,False,Request timeout: 300.0s exceeded,426,21.16838264042747
101,2026-09-14T02:11:22.811+00:00,2026-09-14T02:16:16.777+00:00,2026-09-14T02:16:22.826+00:00,False,89,88.0,,88.0,293965.93227100006,300015.31262300006,300015.3126170001,3370.958568730338,0.023850000000000003,293965.93227100006,31153.045570125625,87.35302159999999,68.74295854545454,19.13365141040928,0.29331836175502485,42,64,,False,False,Request timeout: 300.0s exceeded,216,21.16838264042747
102,2026-09-14T02:11:26.457+00:00,2026-09-14T02:16:20.370+00:00,2026-09-14T02:16:26.491+00:00,False,92,91.0,,91.0,293912.622191,300034.17764699995,300034.17773399997,3261.2410623260866,0.03983,293912.622191,30635.50250304239,89.43420750000001,67.26984017582419,20.477668682025385,0.30329877987122017,42,64,,False,False,Request timeout: 300.0s exceeded,385,21.16838264042747
103,2026-09-14T02:11:31.424+00:00,2026-09-14T02:16:25.765+00:00,2026-09-14T02:16:32.774+00:00,False,86,85.0,,85.0,294341.55914800003,301350.18609200005,301350.18595400004,3504.071929697675,0.036,294341.55914800003,31731.21409734188,90.6195875,82.45443463529412,167.8640709864343,0.28206387094796787,42,64,,False,False,Request timeout: 300.0s exceeded,417,21.16838264042747
104,2026-09-14T02:11:35.644+00:00,2026-09-14T02:16:29.707+00:00,2026-09-14T02:16:35.682+00:00,False,100,99.0,,99.0,294062.15164099995,300037.691097,300037.69129499997,3000.3769129499997,0.01514,294062.15164099995,29400.618207412936,88.23889389999998,60.358984404040406,161.47293149584752,0.3299585450015812,42,64,,False,False,Request timeout: 300.0s exceeded,447,21.16838264042747
105,2026-09-14T02:11:38.740+00:00,2026-09-14T02:16:33.923+00:00,2026-09-14T02:16:38.835+00:00,False,71,70.0,,70.0,295182.865581,300094.680237,300094.68038599996,4226.685639239437,0.02206,295182.865581,35023.43923057249,89.2021455,70.1687808,20.06330922322412,0.23325971638256784,42,64,,False,False,Request timeout: 300.0s exceeded,285,21.16838264042747
106,2026-09-14T02:11:43.514+00:00,2026-09-14T02:16:37.438+00:00,2026-09-14T02:16:43.520+00:00,False,93,92.0,,92.0,293924.307045,300005.47901300003,300005.478933,3225.865364870968,0.0,293924.307045,30471.746998566494,89.38511940000001,66.09969530434783,65.85379554852652,0.3066610660001093,42,64,,False,False,Request timeout: 300.0s exceeded,413,21.16838264042747
107,2026-09-14T02:11:47.957+00:00,2026-09-14T02:16:41.769+00:00,2026-09-14T02:16:47.973+00:00,False,99,98.0,,98.0,293811.630793,300015.554761,300015.554842,3030.4601499191917,0.0,293811.630793,29522.885347975032,89.233116,63.3053466122449,63.60807711480704,0.32664973013839,42,64,,False,False,Request timeout: 300.0s exceeded,277,21.16838264042747
108,2026-09-14T02:11:52.638+00:00,2026-09-14T02:16:46.226+00:00,2026-09-14T02:16:52.678+00:00,False,96,95.0,,95.0,293587.994264,300039.82658399997,300039.826678,3125.4148612291665,0.03917,293587.994264,29957.275015903982,89.144834,67.91402442105263,20.984631330318273,0.31662463307484795,42,64,,False,False,Request timeout: 300.0s exceeded,432,21.16838264042747
109,2026-09-14T02:11:57.456+00:00,2026-09-14T02:16:51.353+00:00,2026-09-14T02:16:57.522+00:00,False,90,89.0,,89.0,293897.384775,300065.946695,300065.94687,3334.066076333333,0.12539,293897.384775,30972.205332438283,89.34253345,69.30968449438203,20.54823788776477,0.29660146704505413,42,64,,False,False,Request timeout: 300.0s exceeded,360,21.16838264042747
110,2026-09-14T02:12:01.431+00:00,2026-09-14T02:16:55.290+00:00,2026-09-14T02:17:01.449+00:00,False,89,88.0,,88.0,293859.10924099997,300018.653817,300018.65393499995,3370.996111629213,0.02491,293859.10924099997,31141.59036256967,90.061897,69.99482472727273,20.26347101676018,0.2933150951796373,42,64,,False,False,Request timeout: 300.0s exceeded,280,21.16838264042747
111,2026-09-14T02:12:06.086+00:00,2026-09-14T02:16:59.488+00:00,2026-09-14T02:17:06.097+00:00,False,97,96.0,,96.0,293402.045707,300011.809035,300011.809207,3092.905249556701,0.02548,293402.045707,29783.480199006146,90.30212080000001,68.85170133333332,20.28390084398442,0.3199874041918145,42,64,,False,False,Request timeout: 300.0s exceeded,500,21.16838264042747
112,2026-09-14T02:12:10.512+00:00,2026-09-14T02:17:04.440+00:00,2026-09-14T02:17:10.522+00:00,False,86,85.0,,85.0,293927.734615,300009.76751100004,300009.76732100005,3488.485666523256,0.026850000000000002,293927.734615,31687.332524829508,89.94521149999998,71.5533281882353,18.905560422652982,0.2833241087621703,42,64,,False,False,Request timeout: 300.0s exceeded,349,21.16838264042747
113,2026-09-14T02:12:15.384+00:00,2026-09-14T02:17:09.538+00:00,2026-09-14T02:17:15.507+00:00,False,85,84.0,,84.0,294153.488103,300122.898407,300122.89847799996,3530.857629152941,0.040799999999999996,294153.488103,31897.723175776646,89.5711522,71.06440838095239,19.303853530203234,0.27988534179117075,42,64,,False,False,Request timeout: 300.0s exceeded,452,21.16838264042747
114,2026-09-14T02:12:19.519+00:00,2026-09-14T02:17:13.178+00:00,2026-09-14T02:17:19.558+00:00,False,95,94.0,,94.0,293659.331441,300038.855025,300038.855179,3158.3037387263157,0.059590000000000004,293659.331441,30121.855438695737,90.6435914,67.86727217021276,20.317749795261598,0.31329275667369044,42,64,,False,False,Request timeout: 300.0s exceeded,417,21.16838264042747
115,2026-09-14T02:12:22.368+00:00,2026-09-14T02:17:16.744+00:00,2026-09-14T02:17:22.434+00:00,False,85,84.0,,84.0,294375.77721,300065.795002,300065.79493699997,3530.185822788235,0.03613,294375.77721,31922.195406631512,88.940304,67.73830704761905,20.64607822319044,0.27993860479645843,42,64,,False,False,Request timeout: 300.0s exceeded,408,21.16838264042747
116,2026-09-14T02:12:26.417+00:00,2026-09-14T02:17:20.467+00:00,2026-09-14T02:17:26.447+00:00,False,88,87.0,,87.0,294049.627162,300029.643546,300029.643596,3409.4277681363637,0.03671,294049.627162,31338.47498572877,89.16098035,68.73582050574713,20.567027549214007,0.28997134740341524,42,64,,False,False,Request timeout: 300.0s exceeded,424,21.16838264042747
117,2026-09-14T02:12:30.580+00:00,2026-09-14T02:17:24.203+00:00,2026-09-14T02:17:30.631+00:00,False,97,96.0,,96.0,293622.66222000006,300050.29818800004,300050.29825000005,3093.3020438144335,0.03797,293622.66222000006,29806.07304073006,89.08947919999999,66.95454133333334,20.293307761405103,0.3199463575931861,42,64,,False,False,Request timeout: 300.0s exceeded,406,21.16838264042747
118,2026-09-14T02:12:33.432+00:00,2026-09-14T02:17:27.382+00:00,2026-09-14T02:17:33.454+00:00,False,90,89.0,,89.0,293949.875462,300021.58695,300021.58702100004,3333.5731891222226,0.01834,293949.875462,30977.852719772065,88.327965,68.22147739325843,20.049859145995516,0.2966453211076184,42,64,,False,False,Request timeout: 300.0s exceeded,315,21.16838264042747
119,2026-09-14T02:12:37.050+00:00,2026-09-14T02:17:30.714+00:00,2026-09-14T02:17:37.646+00:00,False,91,90.0,,90.0,293663.908579,300595.865827,300595.86572299997,3303.2512716813185,0.03603,293663.908579,30776.330722460145,88.12969349999999,77.02174720000001,62.39677417163862,0.2994053153472081,42,64,,False,False,Request timeout: 300.0s exceeded,459,21.16838264042747
120,2026-09-14T02:12:41.637+00:00,2026-09-14T02:17:35.334+00:00,2026-09-14T02:17:41.704+00:00,False,99,98.0,,98.0,293697.139948,300066.812908,300066.812931,3030.9779083939397,0.0,293697.139948,29511.211400966797,90.85493929999998,64.99666285714285,64.89472273123843,0.3265939310324419,42,64,,False,False,Request timeout: 300.0s exceeded,503,21.16838264042747
121,2026-09-14T02:12:45.484+00:00,2026-09-14T02:17:39.225+00:00,2026-09-14T02:17:45.534+00:00,False,89,88.0,,88.0,293741.13641900005,300050.23593900003,300050.23584000004,3371.3509644943824,0.03603,293741.13641900005,31128.90460964174,90.8602104,71.69431272727273,19.444588688705363,0.2932842219723844,42,64,,False,False,Request timeout: 300.0s exceeded,432,21.16838264042747
122,2026-09-14T02:12:48.708+00:00,2026-09-14T02:17:42.338+00:00,2026-09-14T02:17:48.716+00:00,False,94,93.0,,93.0,293630.031582,300007.21097400005,300007.21096,3191.5660740425533,0.02068,293630.031582,30278.559386436536,89.9191578,68.57182141935485,20.279834379658478,0.3099925488393004,42,64,,False,False,Request timeout: 300.0s exceeded,353,21.16838264042747
123,2026-09-14T02:12:53.129+00:00,2026-09-14T02:17:46.757+00:00,2026-09-14T02:17:53.136+00:00,False,97,96.0,,96.0,293628.084367,300007.274383,300007.2744,3092.858498969072,0.03728,293628.084367,29806.675197115444,90.485255,66.449896,20.852416465765604,0.31999224084627687,42,64,,False,False,Request timeout: 300.0s exceeded,470,21.16838264042747
124,2026-09-14T02:12:58.205+00:00,2026-09-14T02:17:51.733+00:00,2026-09-14T02:17:58.241+00:00,False,104,103.0,,103.0,293528.082144,300035.909856,300035.909795,2884.960671105769,0.02002,293528.082144,28776.60821314911,90.48429435,63.18279332038835,20.574065539736257,0.343292241416816,42,64,,False,False,Request timeout: 300.0s exceeded,429,21.16838264042747
125,2026-09-14T02:13:01.733+00:00,2026-09-14T02:17:54.988+00:00,2026-09-14T02:18:01.744+00:00,False,101,100.0,,100.0,293255.081528,300010.683192,300010.683076,2970.4028027326735,0.03932,293255.081528,29173.25572608163,88.038145,67.55601664,19.673144915177115,0.33332146354269077,42,64,,False,False,Request timeout: 300.0s exceeded,411,21.16838264042747
126,2026-09-14T02:13:05.138+00:00,2026-09-14T02:17:58.711+00:00,2026-09-14T02:18:05.153+00:00,False,95,94.0,,94.0,293572.180424,300014.14164000005,300014.14162500005,3158.043596052632,0.023649999999999997,293572.180424,30112.845513430522,88.06171669999999,68.53150229787234,19.90423853636527,0.31331856387221463,42,64,,False,False,Request timeout: 300.0s exceeded,445,21.16838264042747
127,2026-09-14T02:13:08.088+00:00,2026-09-14T02:18:01.820+00:00,2026-09-14T02:18:08.141+00:00,False,91,90.0,,90.0,293731.789617,300052.827441,300052.827643,3297.283820252747,0.03633,293731.789617,30784.102100800712,90.11264449999999,70.2337536,20.09686149255777,0.299947181859824,42,64,,False,False,Request timeout: 300.0s exceeded,412,21.16838264042747
128,2026-09-14T02:13:12.832+00:00,2026-09-14T02:18:06.585+00:00,2026-09-14T02:18:12.847+00:00,False,91,90.0,,90.0,293753.28410399996,300015.02080799994,300015.020867,3296.868361175824,0.02061,293753.28410399996,30786.424643487844,89.52128049999999,69.57485226666667,20.460574698121782,0.29998497994404466,42,64,,False,False,Request timeout: 300.0s exceeded,409,21.16838264042747
129,2026-09-14T02:13:16.564+00:00,2026-09-14T02:18:09.718+00:00,2026-09-14T02:18:16.613+00:00,False,105,104.0,,104.0,293153.311733,300049.024245,300049.024064,2857.609752990476,0.03553,293153.311733,28602.37031033186,89.9337282,66.304928,20.361823456145522,0.34661002568393806,42,64,,False,False,Request timeout: 300.0s exceeded,485,21.16838264042747
130,2026-09-14T02:13:19.699+00:00,2026-09-14T02:18:13.413+00:00,2026-09-14T02:18:19.717+00:00,False,93,92.0,,92.0,293714.77855,300018.36254999996,300018.362623,3226.003899172043,0.026940000000000002,293714.77855,30449.705711393468,89.35330460000002,68.51721739130434,20.577553725275656,0.3066478972088504,42,64,,False,False,Request timeout: 300.0s exceeded,450,21.16838264042747
131,2026-09-14T02:13:23.764+00:00,2026-09-14T02:18:17.516+00:00,2026-09-14T02:18:23.791+00:00,False,94,93.0,,93.0,293751.900774,300027.409254,300027.409327,3191.7809502872337,0.02013,293751.900774,30291.24186586167,89.05323865,67.47858580645162,20.09219197549813,0.30997167969166173,42,64,,False,False,Request timeout: 300.0s exceeded,298,21.16838264042747
132,2026-09-14T02:13:28.091+00:00,2026-09-14T02:18:21.791+00:00,2026-09-14T02:18:28.157+00:00,False,94,93.0,,93.0,293700.43162,300066.194692,300066.194502,3192.1935585319147,0.05033,293700.43162,30285.83278892446,88.356728,68.4490652903226,19.562256904601444,0.3099316139075877,42,64,,False,False,Request timeout: 300.0s exceeded,446,21.16838264042747
133,2026-09-14T02:13:33.117+00:00,2026-09-14T02:18:26.559+00:00,2026-09-14T02:18:33.160+00:00,False,99,98.0,,98.0,293442.267442,300043.359282,300043.359116,3030.741001171717,0.0,293442.267442,29485.35371161253,92.6087928,67.35808,62.66711982362472,0.3266194600490835,42,64,,False,False,Request timeout: 300.0s exceeded,372,21.16838264042747
134,2026-09-14T02:13:37.610+00:00,2026-09-14T02:18:31.613+00:00,2026-09-14T02:18:37.633+00:00,False,94,93.0,,93.0,294003.205693,300023.524669,300023.524757,3191.739625074468,0.0,294003.205693,30317.504122089915,92.05943005,64.73461264516129,63.46153304776068,0.3099756930814074,42,64,,False,False,Request timeout: 300.0s exceeded,476,21.16838264042747
135,2026-09-14T02:13:41.217+00:00,2026-09-14T02:18:35.301+00:00,2026-09-14T02:18:41.237+00:00,False,87,86.0,,86.0,294084.66065,300020.41232999996,300020.412242,3448.5104855402296,0.0394,294084.66065,31521.791630552543,89.35061830000001,69.02036837209302,20.03343404154166,0.2866471628783926,42,64,,False,False,Request timeout: 300.0s exceeded,367,21.16838264042747
136,2026-09-14T02:13:44.790+00:00,2026-09-14T02:18:38.669+00:00,2026-09-14T02:18:44.850+00:00,False,95,94.0,,94.0,293878.517016,300060.111896,300060.111736,3158.5274919578947,0.04021,293878.517016,30144.55969953139,89.79117740000001,65.76164765957446,20.715108874681135,0.3132705623751155,42,64,,False,False,Request timeout: 300.0s exceeded,360,21.16838264042747
137,2026-09-14T02:13:47.650+00:00,2026-09-14T02:18:41.451+00:00,2026-09-14T02:18:47.692+00:00,False,98,97.0,,97.0,293800.31592100003,300041.659921,300041.66004600003,3061.649592306123,0.04486,293800.31592100003,29671.821158277482,89.256664,64.34375257731959,20.759444810529985,0.32328843943051033,42,64,,False,False,Request timeout: 300.0s exceeded,414,21.16838264042747
138,2026-09-14T02:13:52.326+00:00,2026-09-14T02:18:45.806+00:00,2026-09-14T02:18:52.384+00:00,False,100,99.0,,99.0,293479.88882700005,300058.22252300003,300058.22263900004,3000.5822263900004,0.05355,293479.88882700005,29341.351148797312,88.7788625,66.44781511111111,20.44017651089309,0.32993596765178285,42,64,,False,False,Request timeout: 300.0s exceeded,519,21.16838264042747
139,2026-09-14T02:13:56.190+00:00,2026-09-14T02:18:49.445+00:00,2026-09-14T02:18:56.250+00:00,False,102,101.0,,101.0,293254.413955,300059.942531,300059.942535,2941.7641425,0.05124,293254.413955,29029.848574805397,88.88747055,67.38147104950495,19.658289009442466,0.336599411264519,42,64,,False,False,Request timeout: 300.0s exceeded,510,21.16838264042747
140,2026-09-14T02:13:59.068+00:00,2026-09-14T02:18:52.386+00:00,2026-09-14T02:18:59.283+00:00,False,79,78.0,,78.0,293317.918738,300215.859474,300215.85945399996,3800.2007525822783,0.02407,293317.918738,32991.51506339423,86.6886437,88.43513764102565,203.67480019268143,0.259813056301095,42,64,,False,False,Request timeout: 300.0s exceeded,314,21.16838264042747
141,2026-09-14T02:14:01.939+00:00,2026-09-14T02:18:55.604+00:00,2026-09-14T02:19:01.977+00:00,False,104,103.0,,103.0,293665.426802,300038.088818,300038.088849,2884.9816235480766,0.015609999999999999,293665.426802,28790.795884351173,91.02805414999999,61.87050500970874,186.55132670336127,0.3432897483308485,42,64,,False,False,Request timeout: 300.0s exceeded,137,21.16838264042747
142,2026-09-14T02:14:05.894+00:00,2026-09-14T02:19:00.490+00:00,2026-09-14T02:19:05.934+00:00,False,84,83.0,,83.0,294596.060825,300039.135129,300039.135237,3571.8944671071426,0.023710000000000002,294596.060825,32135.917395654313,89.5277765,65.57920848192771,21.704872557575005,0.27663058008854297,42,64,,False,False,Request timeout: 300.0s exceeded,394,21.16838264042747
143,2026-09-14T02:14:10.281+00:00,2026-09-14T02:19:03.955+00:00,2026-09-14T02:19:10.355+00:00,False,95,94.0,,94.0,293674.13920200005,300074.009154,300074.009131,3158.6737803263163,0.038579999999999996,293674.13920200005,30123.351812136832,88.346844,68.08372289361702,19.298218129766973,0.3132560539482064,42,64,,False,False,Request timeout: 300.0s exceeded,431,21.16838264042747
144,2026-09-14T02:14:15.280+00:00,2026-09-14T02:19:09.317+00:00,2026-09-14T02:19:15.358+00:00,False,87,86.0,,86.0,294037.04688,300078.17199999996,300078.172208,3449.174393195402,0.02555,294037.04688,31516.554836022973,88.33877700000001,70.24564093023255,18.885990565835286,0.28659198843693307,42,64,,False,False,Request timeout: 300.0s exceeded,406,21.16838264042747
145,2026-09-14T02:14:19.549+00:00,2026-09-14T02:19:13.385+00:00,2026-09-14T02:19:19.583+00:00,False,90,89.0,,89.0,293835.82838300004,300034.01615900005,300034.01603900007,3333.711289322223,0.038090000000000006,293835.82838300004,30965.681448161526,88.9919204,69.64255928089887,20.265039555773132,0.2966330322786978,42,64,,False,False,Request timeout: 300.0s exceeded,415,21.16838264042747
146,2026-09-14T02:14:23.917+00:00,2026-09-14T02:19:17.752+00:00,2026-09-14T02:19:23.947+00:00,False,90,89.0,,89.0,293835.49779299996,300029.97920099995,300029.97907699994,3333.6664341888886,0.03538,293835.49779299996,30965.650822134758,88.9056889,69.60091469662922,20.002923092051628,0.29663702353015853,42,64,,False,False,Request timeout: 300.0s exceeded,360,21.16838264042747
147,2026-09-14T02:14:27.766+00:00,2026-09-14T02:19:21.779+00:00,2026-09-14T02:19:27.802+00:00,False,97,96.0,,96.0,294013.20542,300035.994284,300035.994467,3093.1545821340205,0.0,294013.20542,29846.223271127365,89.2724576,62.737384,67.36206624095081,0.31996161070305085,42,64,,False,False,Request timeout: 300.0s exceeded,482,21.16838264042747
148,2026-09-14T02:14:31.925+00:00,2026-09-14T02:19:26.577+00:00,2026-09-14T02:19:32.066+00:00,False,100,99.0,,99.0,294651.34150599997,300140.27411399997,300140.27418099996,3001.4027418099995,0.0,294651.34150599997,29459.602968277515,90.2182469,55.44376371717171,28.023547497851737,0.3298457705892465,42,64,,False,False,Request timeout: 300.0s exceeded,517,21.16838264042747
149,2026-09-14T02:14:34.672+00:00,2026-09-14T02:19:28.648+00:00,2026-09-14T02:19:34.718+00:00,False,101,100.0,,100.0,293975.792714,300046.17146599997,300046.1714,2970.7541722772276,0.02391,293975.792714,29245.651130019804,87.400116,60.703787520000006,19.903972228493156,0.33328203959880087,42,64,,False,False,Request timeout: 300.0s exceeded,374,21.16838264042747
150,2026-09-14T02:14:37.674+00:00,2026-09-14T02:19:31.588+00:00,2026-09-14T02:19:37.748+00:00,False,102,101.0,,101.0,293913.287729,300073.537585,300073.53754499997,2941.8974269117643,0.03574,293913.287729,29095.71954988752,87.94361955000001,60.99257283168317,19.91067180836726,0.3365841613787432,42,64,,False,False,Request timeout: 300.0s exceeded,401,21.16838264042747
151,2026-09-14T02:14:41.235+00:00,2026-09-14T02:19:35.090+00:00,2026-09-14T02:19:41.295+00:00,False,91,90.0,,90.0,293854.472991,300059.871519,300059.871369,3297.3612238351648,0.02583,293854.472991,30797.097346158836,89.292281,68.94887253333333,19.852853553319957,0.2999401404272785,42,64,,False,False,Request timeout: 300.0s exceeded,404,21.16838264042747
152,2026-09-14T02:14:44.912+00:00,2026-09-14T02:19:38.968+00:00,2026-09-14T02:19:45.000+00:00,False,89,88.0,,88.0,294055.73784899997,300087.701753,300087.70156799996,3371.7719277303368,0.042029000000000004,294055.73784899997,31162.586481299895,89.016646,68.54504436363636,20.037567370361145,0.2932476055697616,42,64,,False,False,Request timeout: 300.0s exceeded,403,21.16838264042747
153,2026-09-14T02:14:48.293+00:00,2026-09-14T02:19:42.291+00:00,2026-09-14T02:19:48.357+00:00,False,93,92.0,,92.0,293997.561215,300063.706495,300063.706623,3226.491469064516,0.0221,293997.561215,30479.295948021703,87.85663799999999,65.93636173913043,19.697293344110516,0.30660155829786434,42,64,,False,False,Request timeout: 300.0s exceeded,450,21.16838264042747
154,2026-09-14T02:14:52.698+00:00,2026-09-14T02:19:46.307+00:00,2026-09-14T02:19:52.714+00:00,False,100,99.0,,99.0,293609.080282,300015.77775400004,300015.777742,3000.15777742,0.01787,293609.080282,29354.443576858932,90.05971635,64.71411587878788,20.317434940850166,0.32998264538332284,42,64,,False,False,Request timeout: 300.0s exceeded,463,21.16838264042747
155,2026-09-14T02:14:57.541+00:00,2026-09-14T02:19:50.916+00:00,2026-09-14T02:19:57.567+00:00,False,98,97.0,,97.0,293375.01897000003,300025.38338600006,300025.38333700004,3061.4835034387756,0.02112,293375.01897000003,29628.432973654573,88.982179,68.56045789690721,19.626728937963545,0.3233059779985478,42,64,,False,False,Request timeout: 300.0s exceeded,337,21.16838264042747
156,2026-09-14T02:15:00.725+00:00,2026-09-14T02:19:53.984+00:00,2026-09-14T02:20:00.808+00:00,False,104,103.0,,103.0,293259.38624699996,300083.24109499995,300083.241145,2885.4157802403843,0.02036,293259.38624699996,28749.958650112676,86.7303035,66.25101794174758,19.25461310953507,0.34323809495043545,42,64,,False,False,Request timeout: 300.0s exceeded,555,21.16838264042747
157,2026-09-14T02:15:04.853+00:00,2026-09-14T02:19:58.531+00:00,2026-09-14T02:20:04.878+00:00,False,97,96.0,,96.0,293678.408536,300025.17436,300025.174499,3093.043036072165,0.037590000000000005,293678.408536,29811.819115055656,89.70617259999999,66.112144,20.824375476533017,0.3199731496024719,42,64,,False,False,Request timeout: 300.0s exceeded,444,21.16838264042747
158,2026-09-14T02:15:08.498+00:00,2026-09-14T02:20:02.546+00:00,2026-09-14T02:20:08.559+00:00,False,89,88.0,,88.0,294047.836442,300060.937242,300060.93707,3371.4712030337078,0.03649,294047.836442,31161.771775963036,89.74269260000001,68.3306909090909,20.226320130495004,0.29327376235257085,42,64,,False,False,Request timeout: 300.0s exceeded,348,21.16838264042747
159,2026-09-14T02:15:13.316+00:00,2026-09-14T02:20:07.081+00:00,2026-09-14T02:20:13.357+00:00,False,95,94.0,,94.0,293765.652389,300041.193893,300041.193912,3158.328356968421,0.04399,293765.652389,30132.87774225719,91.35768069999999,66.76107982978723,21.07393716750136,0.3132903145076874,42,64,,False,False,Request timeout: 300.0s exceeded,418,21.16838264042747
160,2026-09-14T02:15:17.095+00:00,2026-09-14T02:20:10.425+00:00,2026-09-14T02:20:17.120+00:00,False,98,97.0,,97.0,293330.094936,300025.108056,300025.108063,3061.480694520408,0.04296,293330.094936,29623.849276971778,91.24805685,69.020753814433,20.828340334668226,0.32330627469316614,42,64,,False,False,Request timeout: 300.0s exceeded,396,21.16838264042747
161,2026-09-14T02:15:21.653+00:00,2026-09-14T02:20:15.407+00:00,2026-09-14T02:20:21.665+00:00,False,91,90.0,,90.0,293753.430173,300011.898781,300011.898902,3296.8340538681314,0.0435,293753.430173,30786.44347556239,90.13362450000001,69.53854008888888,20.019754690598955,0.2999881016909179,42,64,,False,False,Request timeout: 300.0s exceeded,432,21.16838264042747
162,2026-09-14T02:15:26.548+00:00,2026-09-14T02:20:20.380+00:00,2026-09-14T02:20:26.575+00:00,False,95,94.0,,94.0,293831.860827,300026.359131,300026.359131,3158.172201378947,0.0,293831.860827,30139.82685733918,90.0982187,65.89891812765957,67.64711761631412,0.313305805104134,42,64,,False,False,Request timeout: 300.0s exceeded,479,21.16838264042747
163,2026-09-14T02:15:31.270+00:00,2026-09-14T02:20:24.616+00:00,2026-09-14T02:20:31.289+00:00,False,100,99.0,,99.0,293345.913435,300019.821659,300019.821537,3000.19821537,0.03031,293345.913435,29327.85642836716,87.10157495,67.41321438383838,19.48315033225064,0.3299781976156314,42,64,,False,False,Request timeout: 300.0s exceeded,427,21.16838264042747
164,2026-09-14T02:15:36.155+00:00,2026-09-14T02:20:29.752+00:00,2026-09-14T02:20:36.201+00:00,False,91,90.0,,90.0,293597.374285,300046.561101,300046.561172,3297.214957934066,0.038740000000000004,293597.374285,30769.86196809648,90.57834849999999,71.6576312888889,19.599165399508816,0.29995344612433233,42,64,,False,False,Request timeout: 300.0s exceeded,481,21.16838264042747
165,2026-09-14T02:15:41.189+00:00,2026-09-14T02:20:34.337+00:00,2026-09-14T02:20:41.256+00:00,False,96,95.0,,95.0,293148.295765,300067.29224499996,300067.292119,3125.7009595729164,0.04142,293148.295765,29911.89502187693,89.8695955,72.83154189473684,18.580704188133645,0.31659565189275635,42,64,,False,False,Request timeout: 300.0s exceeded,407,21.16838264042747
166,2026-09-14T02:15:44.794+00:00,2026-09-14T02:20:38.199+00:00,2026-09-14T02:20:44.849+00:00,False,97,96.0,,96.0,293405.354237,300055.602429,300055.602438,3093.356726164948,0.039279,293405.354237,29783.773196523445,88.8280848,69.27341866666667,20.114029302986932,0.3199407017328256,42,64,,False,False,Request timeout: 300.0s exceeded,188,21.16838264042747
167,2026-09-14T02:15:48.703+00:00,2026-09-14T02:20:42.444+00:00,2026-09-14T02:20:48.772+00:00,False,94,93.0,,93.0,293740.870355,300069.613779,300069.613826,3192.2299343191494,0.02283,293740.870355,30290.04513714017,89.64260665000002,68.05100455913978,20.110980528303354,0.3099280824498748,42,64,,False,False,Request timeout: 300.0s exceeded,270,21.16838264042747
168,2026-09-14T02:15:52.527+00:00,2026-09-14T02:20:46.137+00:00,2026-09-14T02:20:52.613+00:00,False,96,95.0,,95.0,293610.939865,300086.880985,300086.88087500003,3125.9050091145837,0.02518,293610.939865,29959.59171294933,91.255807,68.16780126315788,22.002823769491414,0.31657498551144136,42,64,,False,False,Request timeout: 300.0s exceeded,432,21.16838264042747
169,2026-09-14T02:15:56.069+00:00,2026-09-14T02:20:49.794+00:00,2026-09-14T02:20:56.094+00:00,False,97,96.0,,96.0,293725.48706699995,300025.35829899996,300025.35830799997,3093.0449310103086,0.02523,293725.48706699995,29816.64899027355,89.70843079999999,65.62365866666667,21.079596118396253,0.3199729534339164,42,64,,False,False,Request timeout: 300.0s exceeded,506,21.16838264042747
170,2026-09-14T02:16:00.707+00:00,2026-09-14T02:20:54.363+00:00,2026-09-14T02:21:00.755+00:00,False,93,92.0,,92.0,293655.376865,300047.798241,300047.798441,3226.320413344086,0.02413,293655.376865,30443.44518679778,89.1543536,69.48284104347826,19.45891806680782,0.30661781402610094,42,64,,False,False,Request timeout: 300.0s exceeded,288,21.16838264042747
171,2026-09-14T02:16:03.687+00:00,2026-09-14T02:20:57.361+00:00,2026-09-14T02:21:03.704+00:00,False,93,92.0,,92.0,293673.34835000004,300017.02271800005,300017.02283900004,3225.9894928924737,0.04087,293673.34835000004,30445.36399683843,88.6610806,68.95298226086956,19.94379936729399,0.3066492666533628,42,64,,False,False,Request timeout: 300.0s exceeded,416,21.16838264042747
172,2026-09-14T02:16:06.587+00:00,2026-09-14T02:21:00.111+00:00,2026-09-14T02:21:06.648+00:00,False,98,97.0,,97.0,293523.535257,300060.305817,300060.305818,3061.8398552857143,0.02902,293523.535257,29643.554180797073,89.58429835000001,67.38938721649484,20.381318576922762,0.32326835012678456,42,64,,False,False,Request timeout: 300.0s exceeded,453,21.16838264042747
173,2026-09-14T02:16:11.097+00:00,2026-09-14T02:21:04.514+00:00,2026-09-14T02:21:11.144+00:00,False,99,98.0,,98.0,293417.215961,300047.195609,300047.19561500003,3030.779753686869,0.02158,293417.215961,29482.747731886924,91.65384090000002,67.65285355102041,20.89759694498659,0.3266152839758802,42,64,,False,False,Request timeout: 300.0s exceeded,440,21.16838264042747
174,2026-09-14T02:16:16.155+00:00,2026-09-14T02:21:09.835+00:00,2026-09-14T02:21:16.196+00:00,False,93,92.0,,92.0,293679.879736,300040.25195999997,300040.25201,3226.239268924731,0.03782,293679.879736,30446.02298955291,90.27523359999999,69.13448069565217,20.76067636975407,0.30662552573867663,42,64,,False,False,Request timeout: 300.0s exceeded,390,21.16838264042747
175,2026-09-14T02:16:20.902+00:00,2026-09-14T02:21:14.707+00:00,2026-09-14T02:21:20.953+00:00,False,99,98.0,,98.0,293805.91738999996,300051.351758,300051.35183799994,3030.8217357373733,0.0,293805.91738999996,29522.277368793944,91.4415087,63.72892212244898,67.6126658395441,0.3266107598776619,42,64,,False,False,Request timeout: 300.0s exceeded,398,21.16838264042747
176,2026-09-14T02:16:24.675+00:00,2026-09-14T02:21:18.427+00:00,2026-09-14T02:21:24.751+00:00,False,96,95.0,,95.0,293752.904248,300076.700216,300076.700039,3125.798958739583,0.038740000000000004,293752.904248,29974.24277140994,88.78050725000001,66.56627334736842,19.71989905647009,0.3165857260214388,42,64,,False,False,Request timeout: 300.0s exceeded,423,21.16838264042747
177,2026-09-14T02:16:29.551+00:00,2026-09-14T02:21:23.079+00:00,2026-09-14T02:21:29.589+00:00,False,97,96.0,,96.0,293527.701193,300037.497033,300037.49718,3093.170074020619,0.03864,293527.701193,29796.34398643701,87.9366936,67.81037333333333,19.80005131983059,0.3199600081633841,42,64,,False,False,Request timeout: 300.0s exceeded,216,21.16838264042747
178,2026-09-14T02:16:32.748+00:00,2026-09-14T02:21:25.388+00:00,2026-09-14T02:21:32.856+00:00,False,111,110.0,,110.0,292639.838762,300107.28964200005,300107.28968600003,2703.6692764504505,0.020989999999999998,292639.838762,27769.708404376863,89.77186099999999,67.88591709090909,20.59400725053376,0.3665355817621748,42,64,,False,False,Request timeout: 300.0s exceeded,515,21.16838264042747
179,2026-09-14T02:16:36.166+00:00,2026-09-14T02:21:30.185+00:00,2026-09-14T02:21:36.202+00:00,False,93,92.0,,92.0,294018.795231,300035.916511,300035.91666,3226.1926522580643,0.023559999999999998,294018.795231,30481.554355799035,90.6515482,65.40349217391305,21.61778519532735,0.30662995640599267,42,64,,False,False,Request timeout: 300.0s exceeded,443,21.16838264042747
180,2026-09-14T02:16:40.855+00:00,2026-09-14T02:21:34.719+00:00,2026-09-14T02:21:40.877+00:00,False,92,91.0,,91.0,293863.776365,300022.307181,300022.307265,3261.1120354891304,0.02096,293863.776365,30630.36706714828,87.872062,67.6761628131868,19.635213644298116,0.303310779971773,42,64,,False,False,Request timeout: 300.0s exceeded,314,21.16838264042747
181,2026-09-14T02:16:45.403+00:00,2026-09-14T02:21:39.266+00:00,2026-09-14T02:21:46.415+00:00,False,79,78.0,,78.0,293862.838297,301011.298073,301011.298286,3810.2695985569617,0.07851999999999999,293862.838297,33052.71316495797,89.7302046,91.64692020512821,241.62443223103,0.2591264862792086,42,64,,False,False,Request timeout: 300.0s exceeded,279,21.16838264042747
182,2026-09-14T02:16:49.309+00:00,2026-09-14T02:21:42.551+00:00,2026-09-14T02:21:49.324+00:00,False,114,113.0,,113.0,293241.775215,300014.925679,300014.925687,2631.7098744473683,0.01517,293241.775215,27459.70712450253,89.55226474999999,59.93938463716814,198.67346468135705,0.37664792757978977,42,64,,False,False,Request timeout: 300.0s exceeded,588,21.16838264042747
183,2026-09-14T02:16:53.742+00:00,2026-09-14T02:21:47.703+00:00,2026-09-14T02:21:53.816+00:00,False,92,91.0,,91.0,293961.115083,300074.084555,300074.084749,3261.674834228261,0.09684000000000001,293961.115083,30640.56716180516,86.5353066,67.17548870329671,19.05075084037364,0.3032584441103936,42,64,,False,False,Request timeout: 300.0s exceeded,418,21.16838264042747
184,2026-09-14T02:16:56.769+00:00,2026-09-14T02:21:50.369+00:00,2026-09-14T02:21:56.800+00:00,False,96,95.0,,95.0,293599.98498400004,300030.55036000005,300030.550219,3125.3182314479172,0.03504,293599.98498400004,29958.520985983276,87.65595525,67.69016185263159,19.98628599424114,0.3166344223480295,42,64,,False,False,Request timeout: 300.0s exceeded,368,21.16838264042747
185,2026-09-14T02:16:59.669+00:00,2026-09-14T02:21:53.818+00:00,2026-09-14T02:21:59.734+00:00,False,86,85.0,,85.0,294149.040128,300065.33555200003,300065.33550000004,3489.131808139535,0.039329,294149.040128,31711.407207887878,88.1021415,69.60347557647059,19.641912317174416,0.28327164096990426,42,64,,False,False,Request timeout: 300.0s exceeded,393,21.16838264042747
186,2026-09-14T02:17:03.968+00:00,2026-09-14T02:21:57.775+00:00,2026-09-14T02:22:03.992+00:00,False,92,91.0,,91.0,293807.39619700005,300023.90998900007,300023.9099750001,3261.1294562500007,0.04512,293807.39619700005,30624.42307438428,88.92152904999999,68.31333837362637,20.370362827140937,0.3033091596044341,42,64,,False,False,Request timeout: 300.0s exceeded,434,21.16838264042747
187,2026-09-14T02:17:08.114+00:00,2026-09-14T02:22:02.027+00:00,2026-09-14T02:22:08.132+00:00,False,91,90.0,,90.0,293913.82625,300018.525898,300018.525944,3296.906878505494,0.03376,293913.82625,30803.43716846574,89.14984700000001,67.82999608888889,20.805241659316426,0.29998147524595903,42,64,,False,False,Request timeout: 300.0s exceeded,439,21.16838264042747
188,2026-09-14T02:17:12.935+00:00,2026-09-14T02:22:06.380+00:00,2026-09-14T02:22:12.959+00:00,False,104,103.0,,103.0,293444.645471,300023.819359,300023.819283,2884.8444161826924,0.0,293444.645471,28768.426195967608,89.75576634999999,63.8754746407767,65.93617193460277,0.34330607556446413,42,64,,False,False,Request timeout: 300.0s exceeded,494,21.16838264042747
189,2026-09-14T02:17:17.599+00:00,2026-09-14T02:22:11.239+00:00,2026-09-14T02:22:17.669+00:00,False,102,101.0,,101.0,293640.157298,300070.000754,300070.000705,2941.862752009804,0.0,293640.157298,29068.479561022865,87.58463,63.661816396039605,66.35867820785647,0.336588128590704,42,64,,False,False,Request timeout: 300.0s exceeded,558,21.16838264042747
190,2026-09-14T02:17:22.473+00:00,2026-09-14T02:22:15.677+00:00,2026-09-14T02:22:22.521+00:00,False,101,100.0,,100.0,293203.386131,300047.527187,300047.527162,2970.7675956633666,0.023829999999999997,293203.386131,29168.02385157699,87.657775,68.44141056000001,19.835221012062952,0.3332805337125026,42,64,,False,False,Request timeout: 300.0s exceeded,430,21.16838264042747
191,2026-09-14T02:17:26.549+00:00,2026-09-14T02:22:20.079+00:00,2026-09-14T02:22:26.613+00:00,False,100,99.0,,99.0,293530.285035,300063.685611,300063.685753,3000.6368575300003,0.02244,293530.285035,29346.436174192815,89.28346694999999,65.9939452121212,20.467494622064123,0.32992996069621955,42,64,,False,False,Request timeout: 300.0s exceeded,383,21.16838264042747
192,2026-09-14T02:17:30.553+00:00,2026-09-14T02:22:24.019+00:00,2026-09-14T02:22:30.560+00:00,False,98,97.0,,97.0,293465.878903,300006.67403899995,300006.67398699996,3061.2925917040816,0.037939999999999995,293465.878903,29637.72604133704,89.83399,67.43087769072164,20.704285497040463,0.32332614036243174,42,64,,False,False,Request timeout: 300.0s exceeded,452,21.16838264042747
193,2026-09-14T02:17:34.013+00:00,2026-09-14T02:22:27.560+00:00,2026-09-14T02:22:34.101+00:00,False,96,95.0,,95.0,293546.792489,300087.199273,300087.199443,3125.90832753125,0.022670000000000003,293546.792489,29952.97424044293,89.64875775,68.84638720000001,20.28189079690625,0.31657464973564275,42,64,,False,False,Request timeout: 300.0s exceeded,453,21.16838264042747
194,2026-09-14T02:17:38.428+00:00,2026-09-14T02:22:32.237+00:00,2026-09-14T02:22:38.452+00:00,False,90,89.0,,89.0,293808.735454,300024.488158,300024.488113,3333.605423477778,0.034379,293808.735454,30962.805727882336,92.507735,69.8399180224719,21.651765347068174,0.2966424525758394,42,64,,False,False,Request timeout: 300.0s exceeded,359,21.16838264042747
195,2026-09-14T02:17:42.938+00:00,2026-09-14T02:22:36.234+00:00,2026-09-14T02:22:42.978+00:00,False,98,97.0,,97.0,293296.192635,300040.114043,300040.11417899997,3061.633818153061,0.02146,293296.192635,29620.373972730744,91.61870685,69.52496296907216,21.223254344423914,0.3232901050894099,42,64,,False,False,Request timeout: 300.0s exceeded,472,21.16838264042747
196,2026-09-14T02:17:47.955+00:00,2026-09-14T02:22:41.848+00:00,2026-09-14T02:22:48.023+00:00,False,92,91.0,,91.0,293892.803472,300068.375952,300068.375718,3261.612779543478,0.022359999999999998,293892.803472,30633.37472100365,90.66107910000001,67.86343384615384,20.997177088023232,0.30326421340233695,42,64,,False,False,Request timeout: 300.0s exceeded,566,21.16838264042747
197,2026-09-14T02:17:52.185+00:00,2026-09-14T02:22:45.836+00:00,2026-09-14T02:22:52.261+00:00,False,94,93.0,,93.0,293650.378483,300075.372019,300075.371851,3192.291189904255,0.02181,293650.378483,30280.60416171354,87.83387435,69.085952,19.004252393741684,0.30992213514313827,42,64,,False,False,Request timeout: 300.0s exceeded,415,21.16838264042747
198,2026-09-14T02:17:55.395+00:00,2026-09-14T02:22:48.890+00:00,2026-09-14T02:22:55.419+00:00,False,98,97.0,,97.0,293494.888987,300024.063515,300024.063345,3061.470034132653,0.03778,293494.888987,29640.667643407185,88.10456464999999,67.31107760824743,19.265645155868242,0.32330740029174493,42,64,,False,False,Request timeout: 300.0s exceeded,430,21.16838264042747
199,2026-09-14T02:17:58.996+00:00,2026-09-14T02:22:53.387+00:00,2026-09-14T02:22:59.005+00:00,False,82,81.0,,81.0,294391.73059,300009.89455799997,300009.894723,3658.657252719512,0.03603,294391.73059,32502.475284489836,92.9155211,69.36004898765432,21.074393042062756,0.26999109519149717,42,64,,False,False,Request timeout: 300.0s exceeded,152,21.16838264042747
200,2026-09-14T02:18:04.067+00:00,2026-09-14T02:22:58.129+00:00,2026-09-14T02:23:04.141+00:00,False,87,86.0,,86.0,294061.60966799996,300073.149636,300073.14966899995,3449.1166628620686,0.027460000000000002,294061.60966799996,31519.226409273488,90.90394629999999,69.90162753488373,20.942333085748526,0.28659678516495474,42,64,,False,False,Request timeout: 300.0s exceeded,347,21.16838264042747
201,2026-09-14T02:18:07.564+00:00,2026-09-14T02:23:01.585+00:00,2026-09-14T02:23:07.620+00:00,False,93,92.0,,92.0,294020.72276,300055.58893599996,300055.589092,3226.404183784946,0.0,294020.72276,30481.804508446035,89.23173599999998,65.59637147826086,69.27334784367466,0.30660985294835835,42,64,,False,False,Request timeout: 300.0s exceeded,348,21.16838264042747
202,2026-09-14T02:18:10.509+00:00,2026-09-14T02:23:04.304+00:00,2026-09-14T02:23:10.592+00:00,False,99,98.0,,98.0,293795.581109,300083.63256500004,300083.63258700003,3031.147803909091,0.0,293795.581109,29521.19243091768,89.4245245,64.16379036734695,66.54575002124227,0.32657562547591656,42,64,,False,False,Request timeout: 300.0s exceeded,497,21.16838264042747
203,2026-09-14T02:18:14.259+00:00,2026-09-14T02:23:08.099+00:00,2026-09-14T02:23:14.340+00:00,False,90,89.0,,89.0,293839.468534,300081.184502,300081.184489,3334.2353832111107,0.03976,293839.468534,30966.01324897387,88.92195235,70.13164008988764,19.715224169322088,0.29658640593444746,42,64,,False,False,Request timeout: 300.0s exceeded,232,21.16838264042747
204,2026-09-14T02:18:18.014+00:00,2026-09-14T02:23:11.639+00:00,2026-09-14T02:23:18.049+00:00,False,94,93.0,,93.0,293625.44007300003,300035.51546500006,300035.51563200005,3191.8671875744685,0.04201,293625.44007300003,30278.04963639444,89.89079550000001,68.92554184946236,20.744657040536868,0.3099633050302963,42,64,,False,False,Request timeout: 300.0s exceeded,431,21.16838264042747
205,2026-09-14T02:18:22.829+00:00,2026-09-14T02:23:16.160+00:00,2026-09-14T02:23:22.865+00:00,False,101,100.0,,100.0,293330.804194,300035.79184200004,300035.791891,2970.6514048613863,0.028579999999999998,293330.804194,29180.84126986433,88.370604,67.04987648,20.402682349291798,0.33329356936408566,42,64,,False,False,Request timeout: 300.0s exceeded,494,21.16838264042747
206,2026-09-14T02:18:25.655+00:00,2026-09-14T02:23:19.281+00:00,2026-09-14T02:23:25.684+00:00,False,97,96.0,,96.0,293625.585535,300028.980095,300028.980059,3093.082268649485,0.03893,293625.585535,29806.395471748674,88.48280360000001,66.70202666666667,20.255199256646396,0.319969090884497,42,64,,False,False,Request timeout: 300.0s exceeded,578,21.16838264042747
207,2026-09-14T02:18:30.340+00:00,2026-09-14T02:23:23.901+00:00,2026-09-14T02:23:30.430+00:00,False,97,96.0,,96.0,293560.50432,300089.547264,300089.547489,3093.70667514433,0.026699999999999998,293560.50432,29799.654879066667,89.7613588,68.010864,20.6884751511823,0.31990451142087006,42,64,,False,False,Request timeout: 300.0s exceeded,394,21.16838264042747
208,2026-09-14T02:18:34.878+00:00,2026-09-14T02:23:28.464+00:00,2026-09-14T02:23:34.912+00:00,False,99,98.0,,98.0,293585.77022500004,300033.74001700006,300033.73982400005,3030.643836606061,0.02466,293585.77022500004,29499.87466075263,89.6342289,65.79561012244898,20.800387448643473,0.32662993166850923,42,64,,False,False,Request timeout: 300.0s exceeded,416,21.16838264042747
209,2026-09-14T02:18:39.637+00:00,2026-09-14T02:23:33.185+00:00,2026-09-14T02:23:39.653+00:00,False,97,96.0,,96.0,293548.15408099996,300016.43056099996,300016.43056799995,3092.952892453608,0.019370000000000002,293548.15408099996,29798.465032562093,88.52012700000002,67.37788,20.483640169540145,0.3199824750280838,42,64,,False,False,Request timeout: 300.0s exceeded,427,21.16838264042747
210,2026-09-14T02:18:43.383+00:00,2026-09-14T02:23:36.647+00:00,2026-09-14T02:23:43.466+00:00,False,101,100.0,,100.0,293263.497279,300083.224383,300083.22440300003,2971.1210336930694,0.024369,293263.497279,29174.02919546477,88.56246300000001,68.19727104,19.49010790137813,0.3332408874425074,42,64,,False,False,Request timeout: 300.0s exceeded,420,21.16838264042747
211,2026-09-14T02:18:46.280+00:00,2026-09-14T02:23:40.018+00:00,2026-09-14T02:23:46.298+00:00,False,94,93.0,,93.0,293737.725973,300018.028821,300018.028697,3191.6811563510637,0.02138,293737.725973,30289.77388891235,86.00408049999999,67.53013815053764,19.090086756832953,0.30998137133780934,42,64,,False,False,Request timeout: 300.0s exceeded,447,21.16838264042747
212,2026-09-14T02:18:51.412+00:00,2026-09-14T02:23:45.339+00:00,2026-09-14T02:23:51.453+00:00,False,91,90.0,,90.0,293926.41667400004,300040.50921800005,300040.50908900006,3297.148451527473,0.038,293926.41667400004,30804.745541119202,88.6127175,67.93436159999999,20.008687511915934,0.29995949625125057,42,64,,False,False,Request timeout: 300.0s exceeded,561,21.16838264042747
213,2026-09-14T02:18:55.492+00:00,2026-09-14T02:23:48.659+00:00,2026-09-14T02:23:55.534+00:00,False,99,98.0,,98.0,293167.596456,300042.044584,300042.044664,3030.727723878788,0.0287,293167.596456,29457.408647857468,90.425743,70.14742987755102,19.918009242102993,0.32662089120167903,42,64,,False,False,Request timeout: 300.0s exceeded,426,21.16838264042747
214,2026-09-14T02:19:00.049+00:00,2026-09-14T02:23:53.465+00:00,2026-09-14T02:24:00.076+00:00,False,105,104.0,,104.0,293415.674519,300027.369111,300027.369124,2857.4035154666667,0.0268,293415.674519,28628.241181549885,89.86141400000001,63.57398646153846,20.893056349500377,0.3466350430234367,42,64,,False,False,Request timeout: 300.0s exceeded,499,21.16838264042747
215,2026-09-14T02:19:03.384+00:00,2026-09-14T02:23:57.145+00:00,2026-09-14T02:24:03.084+00:00,True,100,100.0,,100.0,293761.258235,299700.590587,299700.590543,2997.00590543,0.0,293761.258235,29370.20146336145,91.65116195,59.99325608080808,66.69653248263302,0.3336663428127981,42,64,,False,True,,480,21.16838264042747
216,2026-09-14T02:19:08.407+00:00,2026-09-14T02:24:01.963+00:00,2026-09-14T02:24:08.454+00:00,False,101,100.0,,100.0,293555.430163,300046.824979,300046.825134,2970.760644891089,0.035109,293555.430163,29203.404634177492,89.00549200000002,64.91394815999999,19.990458829881646,0.3332813136982833,42,64,,False,False,Request timeout: 300.0s exceeded,420,21.16838264042747
217,2026-09-14T02:19:13.251+00:00,2026-09-14T02:24:07.043+00:00,2026-09-14T02:24:13.277+00:00,False,95,94.0,,94.0,293791.88321600005,300025.44686400006,300025.44677100005,3158.162597589474,0.019600000000000003,293791.88321600005,30135.613411482824,87.29752570000001,66.31450689361702,18.984871350536295,0.3133067577518173,42,64,,False,False,Request timeout: 300.0s exceeded,418,21.16838264042747
218,2026-09-14T02:19:16.863+00:00,2026-09-14T02:24:10.162+00:00,2026-09-14T02:24:16.924+00:00,False,100,99.0,,99.0,293298.471916,300060.093932,300060.094047,3000.6009404700003,0.02804,293298.471916,29323.02391610911,87.5284045,68.2992122828283,19.842633660989666,0.32993390991351057,42,64,,False,False,Request timeout: 300.0s exceeded,331,21.16838264042747
219,2026-09-14T02:19:21.218+00:00,2026-09-14T02:24:14.695+00:00,2026-09-14T02:24:21.265+00:00,False,96,95.0,,95.0,293477.209118,300046.67395,300046.673956,3125.4861870416667,0.03909000000000001,293477.209118,29945.84047139847,87.27936324999999,69.1522613894737,19.162254407585486,0.31661740738319555,42,64,,False,False,Request timeout: 300.0s exceeded,406,21.16838264042747
220,2026-09-14T02:19:25.214+00:00,2026-09-14T02:24:18.730+00:00,2026-09-14T02:24:25.264+00:00,False,97,96.0,,96.0,293515.232907,300049.214859,300049.21481,3093.2908743298967,0.038189999999999995,293515.232907,29795.05254959292,89.1654878,68.062312,19.96026854344042,0.3199475127609069,42,64,,False,False,Request timeout: 300.0s exceeded,461,21.16838264042747
221,2026-09-14T02:19:29.285+00:00,2026-09-14T02:24:23.007+00:00,2026-09-14T02:24:29.297+00:00,False,97,96.0,,96.0,293721.962761,300011.76500099996,300011.76522899995,3092.9047961752576,0.020210000000000002,293721.962761,29816.301384991904,88.4935828,65.51877333333334,20.477005698207694,0.31998745115772387,42,64,,False,False,Request timeout: 300.0s exceeded,510,21.16838264042747
222,2026-09-14T02:19:33.446+00:00,2026-09-14T02:24:27.164+00:00,2026-09-14T02:24:33.453+00:00,False,97,96.0,,96.0,293717.98394,300006.463172,300006.46327,3092.850136804124,0.02278,293717.98394,29815.898664254168,89.8404,65.504992,20.281562328844988,0.31999310609838827,42,64,,False,False,Request timeout: 300.0s exceeded,247,21.16838264042747
223,2026-09-14T02:19:37.999+00:00,2026-09-14T02:24:31.587+00:00,2026-09-14T02:24:38.043+00:00,False,96,95.0,,95.0,293588.413514,300044.23303400003,300044.23284,3125.46075875,0.04574,293588.413514,29957.312846075252,89.12317425,67.95599494736842,19.985442027889036,0.3166199831250711,42,64,,False,False,Request timeout: 300.0s exceeded,409,21.16838264042747
224,2026-09-14T02:19:42.431+00:00,2026-09-14T02:24:36.133+00:00,2026-09-14T02:24:42.473+00:00,False,91,90.0,,90.0,293702.725454,300042.261582,300042.261627,3297.167710186813,0.02462,293702.725454,30781.033772551542,89.96257000000001,70.43929031111111,20.04904694893599,0.2999577443706325,42,64,,False,False,Request timeout: 300.0s exceeded,434,21.16838264042747
225,2026-09-14T02:19:46.657+00:00,2026-09-14T02:24:40.583+00:00,2026-09-14T02:24:47.614+00:00,False,69,68.0,,68.0,293926.436254,300957.820574,300957.820435,4361.707542536232,0.026809999999999997,293926.436254,35373.12391993896,95.48403460000002,103.4027105882353,266.2598930084799,0.2259452831971849,42,64,,False,False,Request timeout: 300.0s exceeded,283,21.16838264042747
226,2026-09-14T02:19:50.818+00:00,2026-09-14T02:24:44.715+00:00,2026-09-14T02:24:50.842+00:00,False,103,102.0,,102.0,293897.32352700003,300024.169223,300024.16903800005,2912.8560100776704,0.01537,293897.32352700003,28953.507695340842,93.05807829999999,60.06711466666666,224.58778769482822,0.3399726104205495,42,64,,False,False,Request timeout: 300.0s exceeded,153,21.16838264042747
227,2026-09-14T02:19:54.618+00:00,2026-09-14T02:24:48.871+00:00,2026-09-14T02:24:54.667+00:00,False,83,82.0,,82.0,294253.603654,300049.49383,300049.493824,3615.054142457831,0.02976,294253.603654,32290.777204547318,90.8342122,70.68158751219512,20.55475426605578,0.2732882463933067,42,64,,False,False,Request timeout: 300.0s exceeded,437,21.16838264042747
228,2026-09-14T02:19:58.451+00:00,2026-09-14T02:24:52.166+00:00,2026-09-14T02:24:58.465+00:00,False,96,95.0,,95.0,293714.835871,300014.30031900003,300014.300268,3125.1489611250004,0.0,293714.835871,29970.455868582398,88.59863525,66.31015208421053,69.05300915545104,0.3166515726049996,42,64,,False,False,Request timeout: 300.0s exceeded,436,21.16838264042747
229,2026-09-14T02:20:02.687+00:00,2026-09-14T02:24:56.213+00:00,2026-09-14T02:25:02.762+00:00,False,102,101.0,,101.0,293526.15752300003,300075.77518700005,300075.77526300005,2941.9193653235297,0.0,293526.15752300003,29057.075829675574,86.55635254999999,64.84769964356435,66.93945996917958,0.3365816515413789,42,64,,False,False,Request timeout: 300.0s exceeded,325,21.16838264042747
230,2026-09-14T02:20:07.700+00:00,2026-09-14T02:25:01.470+00:00,2026-09-14T02:25:07.752+00:00,False,95,94.0,,94.0,293769.984422,300052.437158,300052.437255,3158.4467079473684,0.02177,293769.984422,30133.31386013138,87.59151600000001,66.83460357446809,19.89064198948879,0.31327857520617963,42,64,,False,False,Request timeout: 300.0s exceeded,478,21.16838264042747
231,2026-09-14T02:20:12.658+00:00,2026-09-14T02:25:06.396+00:00,2026-09-14T02:25:12.687+00:00,False,92,91.0,,91.0,293737.181115,300028.773307,300028.77324899996,3261.1823179239127,0.027899999999999998,293737.181115,30617.016195439373,88.37891904999998,69.13837573626374,19.696329011772075,0.30330424311299503,42,64,,False,False,Request timeout: 300.0s exceeded,480,21.16838264042747
232,2026-09-14T02:20:16.034+00:00,2026-09-14T02:25:09.775+00:00,2026-09-14T02:25:16.061+00:00,False,90,89.0,,89.0,293741.585648,300026.998512,300026.99857500003,3333.6333175,0.03648,293741.585648,30955.643912656906,88.974168,70.6226164494382,19.99475036678361,0.2966399705406522,42,64,,False,False,Request timeout: 300.0s exceeded,349,21.16838264042747
233,2026-09-14T02:20:20.268+00:00,2026-09-14T02:25:14.115+00:00,2026-09-14T02:25:20.279+00:00,False,91,90.0,,90.0,293847.347608,300011.34427999996,300011.344291,3296.827959241758,0.02117,293847.347608,30796.39907888226,90.5785585,68.48885191111111,20.55055284801826,0.2999886561489595,42,64,,False,False,Request timeout: 300.0s exceeded,222,21.16838264042747
234,2026-09-14T02:20:23.601+00:00,2026-09-14T02:25:17.373+00:00,2026-09-14T02:25:23.649+00:00,False,96,95.0,,95.0,293772.595199,300048.61081499996,300048.610774,3125.5063622291664,0.03767,293772.595199,29976.304675341522,90.009067,66.06332227368421,21.018354527199044,0.3166153635637855,42,64,,False,False,Request timeout: 300.0s exceeded,394,21.16838264042747
235,2026-09-14T02:20:26.670+00:00,2026-09-14T02:25:20.531+00:00,2026-09-14T02:25:26.682+00:00,False,94,93.0,,93.0,293861.337833,300011.900137,300011.90018399997,3191.615959404255,0.039520000000000007,293861.337833,30302.668340807555,89.22974929999998,66.13507853763441,20.595746888621612,0.3099877036795263,42,64,,False,False,Request timeout: 300.0s exceeded,434,21.16838264042747
236,2026-09-14T02:20:30.382+00:00,2026-09-14T02:25:23.882+00:00,2026-09-14T02:25:30.399+00:00,False,93,92.0,,92.0,293500.442598,300017.515238,300017.515137,3225.9947864193546,0.02619,293500.442598,30427.23922763041,90.6982726,70.83774608695651,20.187332114241542,0.3066487632464311,42,64,,False,False,Request timeout: 300.0s exceeded,384,21.16838264042747
237,2026-09-14T02:20:33.572+00:00,2026-09-14T02:25:27.155+00:00,2026-09-14T02:25:33.604+00:00,False,91,90.0,,90.0,293582.99865499994,300031.75692699995,300031.75684899994,3297.0522730659336,0.024829999999999998,293582.99865499994,30768.35580719424,91.51754700000001,71.6528696888889,20.09294971968524,0.29996824643431896,42,64,,False,False,Request timeout: 300.0s exceeded,449,21.16838264042747
238,2026-09-14T02:20:37.311+00:00,2026-09-14T02:25:31.622+00:00,2026-09-14T02:25:37.386+00:00,False,85,84.0,,84.0,294310.830143,300075.785791,300075.785738,3530.3033616235293,0.03342,294310.830143,31915.054210475755,89.2216422,68.63042438095239,20.746895107671747,0.27992928445917736,42,64,,False,False,Request timeout: 300.0s exceeded,326,21.16838264042747
239,2026-09-14T02:20:41.295+00:00,2026-09-14T02:25:35.134+00:00,2026-09-14T02:25:41.319+00:00,False,92,91.0,,91.0,293839.17388099997,300023.52306499996,300023.52303999994,3261.125250434782,0.020550000000000002,293839.17388099997,30627.772589657783,87.86714115,67.95988114285714,19.773198882710982,0.3033095507657408,42,64,,False,False,Request timeout: 300.0s exceeded,415,21.16838264042747
240,2026-09-14T02:20:44.589+00:00,2026-09-14T02:25:38.348+00:00,2026-09-14T02:25:44.639+00:00,False,94,93.0,,93.0,293759.046822,300050.584742,300050.584576,3192.0274954893616,0.03896,293759.046822,30291.961992308436,90.0197628,67.65094537634408,21.341604474308472,0.30994773791214747,42,64,,False,False,Request timeout: 300.0s exceeded,323,21.16838264042747
241,2026-09-14T02:20:48.170+00:00,2026-09-14T02:25:41.733+00:00,2026-09-14T02:25:48.257+00:00,False,96,95.0,,95.0,293563.072958,300086.723262,300086.723154,3125.9033661875,0.0214,293563.072958,29954.653873989915,89.44082600000002,68.6700032,20.30143963751533,0.3165751519005301,42,64,,False,False,Request timeout: 300.0s exceeded,434,21.16838264042747
242,2026-09-14T02:20:51.144+00:00,2026-09-14T02:25:44.973+00:00,2026-09-14T02:25:51.605+00:00,False,85,84.0,,84.0,293828.93041000003,300461.01642600005,300461.01648600004,3534.835488070589,0.04188,293828.93041000003,31861.730406279636,88.7387692,78.95340495238095,68.09884012108604,0.27957037821140496,42,64,,False,False,Request timeout: 300.0s exceeded,397,21.16838264042747
243,2026-09-14T02:20:54.999+00:00,2026-09-14T02:25:48.906+00:00,2026-09-14T02:25:55.070+00:00,False,96,95.0,,95.0,293906.990051,300070.499043,300070.49916199996,3125.734366270833,0.0,293906.990051,29990.214398805656,88.34220375,64.87904202105263,69.43222277383484,0.31659226849350003,42,64,,False,False,Request timeout: 300.0s exceeded,436,21.16838264042747
244,2026-09-14T02:20:58.626+00:00,2026-09-14T02:25:52.780+00:00,2026-09-14T02:25:58.684+00:00,False,89,88.0,,88.0,294153.99714,300058.415188,300058.415129,3371.4428666179774,0.039130000000000005,294153.99714,31173.156268217557,90.03228800000001,67.09565963636364,21.096528591551916,0.2932762273801388,42,64,,False,False,Request timeout: 300.0s exceeded,324,21.16838264042747
245,2026-09-14T02:21:02.151+00:00,2026-09-14T02:25:55.852+00:00,2026-09-14T02:26:02.194+00:00,False,93,92.0,,92.0,293700.795929,300042.578713,300042.578884,3226.264289075269,0.023510000000000003,293700.795929,30448.212696672374,89.53657459999998,68.9324215652174,20.5325992755687,0.30662314793661616,42,64,,False,False,Request timeout: 300.0s exceeded,206,21.16838264042747
246,2026-09-14T02:21:06.402+00:00,2026-09-14T02:26:00.332+00:00,2026-09-14T02:26:06.470+00:00,False,88,87.0,,87.0,293929.269128,300067.689864,300067.68971400004,3409.860110386364,0.020550000000000002,293929.269128,31325.450719437293,90.33660335,70.55656018390805,20.615833398627554,0.28993458122542654,42,64,,False,False,Request timeout: 300.0s exceeded,404,21.16838264042747
247,2026-09-14T02:21:09.544+00:00,2026-09-14T02:26:03.574+00:00,2026-09-14T02:26:09.555+00:00,False,92,91.0,,91.0,294029.64815799997,300010.398238,300010.39834699995,3260.9825907282607,0.022609999999999998,294029.64815799997,30647.86459542232,89.91059894999998,65.72252835164835,20.44170881581696,0.3033228199237587,42,64,,False,False,Request timeout: 300.0s exceeded,290,21.16838264042747
248,2026-09-14T02:21:12.308+00:00,2026-09-14T02:26:06.054+00:00,2026-09-14T02:26:12.363+00:00,False,94,93.0,,93.0,293745.937079,300054.925239,300054.925183,3192.0736721595745,0.030259,293745.937079,30290.589883355162,90.56674615,67.83858236559139,20.478889124778384,0.3099432543089355,42,64,,False,False,Request timeout: 300.0s exceeded,307,21.16838264042747
249,2026-09-14T02:21:15.272+00:00,2026-09-14T02:26:09.344+00:00,2026-09-14T02:26:15.300+00:00,False,86,85.0,,85.0,294072.636401,300028.77796900005,300028.777911,3488.706719895349,0.06735,294072.636401,31703.11808580539,89.365881,70.07225374117647,20.048875110130076,0.28330615674734533,42,64,,False,False,Request timeout: 300.0s exceeded,370,21.16838264042747
250,2026-09-14T02:21:18.531+00:00,2026-09-14T02:26:12.453+00:00,2026-09-14T02:26:18.557+00:00,False,91,90.0,,90.0,293921.354681,300025.350073,300025.350288,3296.981871296703,0.032130000000000006,293921.354681,30804.226734609787,88.26554349999998,67.82217102222222,20.12367309374152,0.29997465206890633,42,64,,False,False,Request timeout: 300.0s exceeded,167,21.16838264042747
251,2026-09-14T02:21:22.446+00:00,2026-09-14T02:26:16.338+00:00,2026-09-14T02:26:22.496+00:00,False,94,93.0,,93.0,293892.11847399996,300050.28679399996,300050.286867,3192.02432837234,0.05164,293892.11847399996,30305.835100481716,91.28481495,66.21686365591398,21.204346178705485,0.3099480456882526,42,64,,False,False,Request timeout: 300.0s exceeded,182,21.16838264042747
252,2026-09-14T02:21:26.302+00:00,2026-09-14T02:26:19.771+00:00,2026-09-14T02:26:26.363+00:00,False,96,95.0,,95.0,293468.451131,300060.427323,300060.427188,3125.6294498750003,0.04325,293468.451131,29944.923202832215,89.50464325000002,69.38922307368422,20.348280777138818,0.31660289511531375,42,64,,False,False,Request timeout: 300.0s exceeded,472,21.16838264042747
253,2026-09-14T02:21:29.153+00:00,2026-09-14T02:26:22.892+00:00,2026-09-14T02:26:29.197+00:00,False,93,92.0,,92.0,293738.88543,300044.094262,300044.094423,3226.2805851935486,0.02499,293738.88543,30452.204010460002,89.8223542,68.53487860869565,21.115295183945253,0.3066215991562398,42,64,,False,False,Request timeout: 300.0s exceeded,427,21.16838264042747
254,2026-09-14T02:21:33.606+00:00,2026-09-14T02:26:27.303+00:00,2026-09-14T02:26:33.623+00:00,False,94,93.0,,93.0,293696.85939099995,300016.38502299995,300016.38512299996,3191.6636715212762,0.03742,293696.85939099995,30285.51616234037,89.29882880000001,67.95188851612903,20.39149556339732,0.3099830697342427,42,64,,False,False,Request timeout: 300.0s exceeded,270,21.16838264042747
255,2026-09-14T02:21:37.582+00:00,2026-09-14T02:26:31.086+00:00,2026-09-14T02:26:37.604+00:00,False,96,95.0,,95.0,293504.27705000003,300021.48613800004,300021.486165,3125.2238142187502,0.022609999999999998,293504.27705000003,29948.659771691495,89.1712485,68.60220092631579,20.014156956532037,0.3166439884785555,42,64,,False,False,Request timeout: 300.0s exceeded,458,21.16838264042747
256,2026-09-14T02:21:41.607+00:00,2026-09-14T02:26:35.162+00:00,2026-09-14T02:26:41.650+00:00,False,99,98.0,,98.0,293554.837474,300042.402018,300042.402172,3030.7313350707072,0.01893,293554.837474,29496.724797550178,89.5932289,66.19963820408164,20.220938764153615,0.32662050210530186,42,64,,False,False,Request timeout: 300.0s exceeded,241,21.16838264042747
257,2026-09-14T02:21:46.325+00:00,2026-09-14T02:26:39.703+00:00,2026-09-14T02:26:46.478+00:00,False,105,104.0,,104.0,293377.52076,300152.581496,300152.581662,2858.596015828571,0.0,293377.52076,28624.42125281677,89.5235572,65.14481476923076,60.98709222400898,0.3464904399011007,42,64,,False,False,Request timeout: 300.0s exceeded,204,21.16838264042747
258,2026-09-14T02:21:48.536+00:00,2026-09-14T02:26:42.248+00:00,2026-09-14T02:26:48.592+00:00,False,103,102.0,,102.0,293712.369365,300056.871893,300056.872005,2913.1735146116503,0.0,293712.369365,28934.277649943167,88.8907122,62.20100517647059,62.484748435831904,0.339935557404508,42,64,,False,False,Request timeout: 300.0s exceeded,451,21.16838264042747
259,2026-09-14T02:21:51.583+00:00,2026-09-14T02:26:45.392+00:00,2026-09-14T02:26:51.637+00:00,False,101,100.0,,100.0,293808.823152,300053.30648,300053.306394,2970.8248157821786,0.0,293808.823152,29228.925454590033,91.540285,62.444833280000005,63.5350865095651,0.33327411443361477,42,64,,False,False,Request timeout: 300.0s exceeded,411,21.16838264042747
260,2026-09-14T02:21:55.753+00:00,2026-09-14T02:26:49.359+00:00,2026-09-14T02:26:55.773+00:00,False,97,96.0,,96.0,293606.261222,300019.746022,300019.745856,3092.987070680412,0.02105,293606.261222,29804.42270895743,88.75717479999999,66.80713333333334,20.24820018433143,0.31997893896277235,42,64,,False,False,Request timeout: 300.0s exceeded,319,21.16838264042747
261,2026-09-14T02:22:00.387+00:00,2026-09-14T02:26:54.201+00:00,2026-09-14T02:27:00.393+00:00,False,91,90.0,,90.0,293813.933825,300006.598657,300006.59881600004,3296.7758111648354,0.023420000000000003,293813.933825,30792.862689153037,86.8522065,68.80738702222222,20.11783440933952,0.29999340148813775,42,64,,False,False,Request timeout: 300.0s exceeded,439,21.16838264042747
262,2026-09-14T02:22:03.359+00:00,2026-09-14T02:26:57.367+00:00,2026-09-14T02:27:03.452+00:00,False,87,86.0,,86.0,294007.226238,300092.615038,300092.61506499996,3449.340403045977,0.023530000000000002,294007.226238,31513.302965580035,89.7995432,70.76033488372093,19.579203041611812,0.28657819516521604,42,64,,False,False,Request timeout: 300.0s exceeded,258,21.16838264042747
263,2026-09-14T02:22:07.441+00:00,2026-09-14T02:27:01.324+00:00,2026-09-14T02:27:07.519+00:00,False,90,89.0,,89.0,293883.570891,300078.91041099996,300078.91036599997,3334.2101151777774,0.02013,293883.570891,30970.716766612695,88.49113299999999,69.61055640449437,19.38659737432338,0.296588653558166,42,64,,False,False,Request timeout: 300.0s exceeded,422,21.16838264042747
264,2026-09-14T02:22:11.102+00:00,2026-09-14T02:27:04.877+00:00,2026-09-14T02:27:11.110+00:00,False,96,95.0,,95.0,293775.87845899997,300008.659259,300008.65916499996,3125.0901996354164,0.133199,293775.87845899997,29976.68580883015,89.47651324999998,65.60821894736841,20.41647120139769,0.3166575266015429,42,64,,False,False,Request timeout: 300.0s exceeded,481,21.16838264042747
265,2026-09-14T02:22:15.996+00:00,2026-09-14T02:27:10.165+00:00,2026-09-14T02:27:16.027+00:00,False,89,88.0,,88.0,294169.015802,300030.321658,300030.321622,3371.127209235955,0.05684,294169.015802,31174.799709149866,88.66989439999999,66.60574836363637,20.390973573209628,0.2933036884862253,42,64,,False,False,Request timeout: 300.0s exceeded,402,21.16838264042747
266,2026-09-14T02:22:19.604+00:00,2026-09-14T02:27:13.532+00:00,2026-09-14T02:27:19.635+00:00,False,91,90.0,,90.0,293927.85227100004,300031.136239,300031.13603100006,3297.0454508901103,0.02976,293927.85227100004,30804.90889588563,90.1612545,67.81426631111111,20.430566533556807,0.29996886699221587,42,64,,False,False,Request timeout: 300.0s exceeded,439,21.16838264042747
267,2026-09-14T02:22:23.802+00:00,2026-09-14T02:27:17.586+00:00,2026-09-14T02:27:23.827+00:00,False,91,90.0,,90.0,293783.80359799997,300025.220558,300025.22075599997,3296.9804478681317,0.19734000000000002,293783.80359799997,30789.64723193519,90.07602500000002,69.34907733333333,19.857265208343726,0.29997478156207696,42,64,,False,False,Request timeout: 300.0s exceeded,557,21.16838264042747
268,2026-09-14T02:22:26.807+00:00,2026-09-14T02:27:21.002+00:00,2026-09-14T02:27:26.814+00:00,False,82,81.0,,81.0,294194.691641,300006.472761,300006.472806,3658.61552202439,0.026510000000000002,294194.691641,32480.450722687245,89.88857465,71.75038419753086,18.961098919869894,0.2699941746407872,42,64,,False,False,Request timeout: 300.0s exceeded,287,21.16838264042747
269,2026-09-14T02:22:29.951+00:00,2026-09-14T02:27:23.833+00:00,2026-09-14T02:27:30.023+00:00,False,90,89.0,,89.0,293881.927524,300071.176548,300071.176442,3334.124182688889,0.01891,293881.927524,30970.550899644426,88.39480994999998,69.54212386516855,19.62043361175346,0.2965962976646088,42,64,,False,False,Request timeout: 300.0s exceeded,397,21.16838264042747
270,2026-09-14T02:22:33.391+00:00,2026-09-14T02:27:27.103+00:00,2026-09-14T02:27:33.402+00:00,False,98,97.0,,97.0,293711.977144,300011.029432,300011.029291,3061.3370335816326,0.05422,293711.977144,29662.836878218193,87.67983819999999,64.9386833814433,19.842052911372512,0.3233214464936392,42,64,,False,False,Request timeout: 300.0s exceeded,454,21.16838264042747
271,2026-09-14T02:22:38.278+00:00,2026-09-14T02:27:31.993+00:00,2026-09-14T02:27:38.362+00:00,False,97,96.0,,96.0,293714.83524,300083.63933599996,300083.639239,3093.6457653505154,0.038840000000000006,293714.83524,29815.494272165703,87.6259528,66.34170933333334,20.672109371791446,0.31991080957435997,42,64,,False,False,Request timeout: 300.0s exceeded,462,21.16838264042747
272,2026-09-14T02:22:42.014+00:00,2026-09-14T02:27:35.685+00:00,2026-09-14T02:27:42.389+00:00,False,88,87.0,,87.0,293670.220686,300375.03988600004,300375.039925,3413.352726420455,0.027679,293670.220686,31297.205317920852,89.64720785,77.06688735632184,66.56052919140859,0.28963791409905004,42,64,,False,False,Request timeout: 300.0s exceeded,277,21.16838264042747
273,2026-09-14T02:22:45.044+00:00,2026-09-14T02:27:38.624+00:00,2026-09-14T02:27:45.129+00:00,False,100,99.0,,99.0,293580.946066,300085.173394,300085.173419,3000.8517341899997,0.0,293580.946066,29351.60200506163,92.924219,65.69926593939394,67.71664342248593,0.3299063358589093,42,64,,False,False,Request timeout: 300.0s exceeded,218,21.16838264042747
274,2026-09-14T02:22:49.857+00:00,2026-09-14T02:27:43.555+00:00,2026-09-14T02:27:49.889+00:00,False,95,94.0,,94.0,293697.097412,300031.40602,300031.405844,3158.225324673684,0.02978,293697.097412,30125.779627256947,87.4676354,67.38626178723403,20.514006889841053,0.31330053492378057,42,64,,False,False,Request timeout: 300.0s exceeded,474,21.16838264042747
275,2026-09-14T02:22:53.232+00:00,2026-09-14T02:27:46.911+00:00,2026-09-14T02:27:53.261+00:00,False,93,92.0,,92.0,293678.573982,300028.661918,300028.661851,3226.11464355914,0.02029,293678.573982,30445.898429814322,87.930088,69.02269495652173,19.615384396358127,0.3066373706160922,42,64,,False,False,Request timeout: 300.0s exceeded,472,21.16838264042747
276,2026-09-14T02:22:57.698+00:00,2026-09-14T02:27:51.470+00:00,2026-09-14T02:27:57.710+00:00,False,94,93.0,,93.0,293771.988117,300012.80475699995,300012.804776,3191.625582723404,0.026879,293771.988117,30293.35222872665,88.571853,67.1055552688172,20.148299923108816,0.30998676898249994,42,64,,False,False,Request timeout: 300.0s exceeded,427,21.16838264042747
277,2026-09-14T02:23:01.125+00:00,2026-09-14T02:27:54.572+00:00,2026-09-14T02:28:01.140+00:00,False,100,99.0,,99.0,293447.654534,300014.98842199997,300014.988433,3000.1498843299996,0.049449,293447.654534,29338.138702240118,89.8895145,66.33670593939394,20.25215312052892,0.3299835135594858,42,64,,False,False,Request timeout: 300.0s exceeded,332,21.16838264042747
278,2026-09-14T02:23:04.331+00:00,2026-09-14T02:27:57.959+00:00,2026-09-14T02:28:04.386+00:00,False,96,95.0,,95.0,293627.791364,300054.796036,300054.796091,3125.5707926145833,0.02271,293627.791364,29961.362672178835,88.28051149999999,67.65268075789474,19.81110145863666,0.31660883696923836,42,64,,False,False,Request timeout: 300.0s exceeded,406,21.16838264042747
279,2026-09-14T02:23:08.103+00:00,2026-09-14T02:28:01.644+00:00,2026-09-14T02:28:08.150+00:00,False,97,96.0,,96.0,293541.073808,300047.570064,300047.57021700003,3093.2739197628866,0.018690000000000002,293541.073808,29797.706057204967,90.136205,67.77600266666667,20.978440463754605,0.31994926664303014,42,64,,False,False,Request timeout: 300.0s exceeded,374,21.16838264042747
280,2026-09-14T02:23:12.122+00:00,2026-09-14T02:28:06.184+00:00,2026-09-14T02:28:14.670+00:00,False,87,86.0,,86.0,294062.648389,302548.150853,302548.150998,3477.564954,0.032869,294062.648389,31517.53178677389,90.6499833,98.66863330232557,286.2756762725209,0.2842522744149413,42,64,,False,False,Request timeout: 300.0s exceeded,412,21.16838264042747
281,2026-09-14T02:23:16.704+00:00,2026-09-14T02:28:10.561+00:00,2026-09-14T02:28:16.745+00:00,False,103,102.0,,102.0,293856.34338700003,300040.941659,300040.94159700006,2913.018850456311,0.01502,293856.34338700003,28949.78148506759,91.6371902,60.633316392156864,268.17824110197904,0.33995360578465383,42,64,,False,False,Request timeout: 300.0s exceeded,402,21.16838264042747
282,2026-09-14T02:23:20.667+00:00,2026-09-14T02:28:15.917+00:00,2026-09-14T02:28:20.697+00:00,False,70,69.0,,69.0,295250.323746,300030.065442,300030.065396,4286.143791371429,0.0433,295250.323746,35280.88967323027,88.69658949999999,69.2716187826087,20.43020781343593,0.22997695213761393,42,64,,False,False,Request timeout: 300.0s exceeded,367,21.16838264042747
283,2026-09-14T02:23:24.692+00:00,2026-09-14T02:28:17.959+00:00,2026-09-14T02:28:24.705+00:00,False,97,96.0,,96.0,293266.84801899997,300012.68225899996,300012.68215799995,3092.914249051546,0.02316,293266.84801899997,29769.608688023483,89.6345226,70.26910666666667,19.75288815321613,0.319986472828917,42,64,,False,False,Request timeout: 300.0s exceeded,486,21.16838264042747
284,2026-09-14T02:23:28.532+00:00,2026-09-14T02:28:22.124+00:00,2026-09-14T02:28:28.579+00:00,False,95,94.0,,94.0,293591.907477,300046.754965,300046.75487099995,3158.386893378947,0.0361,293591.907477,30114.85571297592,90.43852499999998,68.66859029787233,20.375634292773842,0.3132845079793146,42,64,,False,False,Request timeout: 300.0s exceeded,209,21.16838264042747
285,2026-09-14T02:23:32.596+00:00,2026-09-14T02:28:26.247+00:00,2026-09-14T02:28:32.685+00:00,False,96,95.0,,95.0,293651.234049,300089.163009,300089.16295800003,3125.9287808125,0.01724,293651.234049,29963.744241798686,89.72734025,67.76767326315789,20.849805152405157,0.3165725781212261,42,64,,False,False,Request timeout: 300.0s exceeded,358,21.16838264042747
286,2026-09-14T02:23:36.983+00:00,2026-09-14T02:28:30.964+00:00,2026-09-14T02:28:37.057+00:00,False,86,85.0,,85.0,293981.081487,300074.519951,300074.519774,3489.2386020232557,0.033299999999999996,293981.081487,31693.071466495527,89.97590775,71.68751134117646,20.329285090142605,0.2832629708576386,42,64,,False,False,Request timeout: 300.0s exceeded,390,21.16838264042747
287,2026-09-14T02:23:40.074+00:00,2026-09-14T02:28:34.096+00:00,2026-09-14T02:28:40.121+00:00,False,91,90.0,,90.0,294022.588944,300047.12526400003,300047.125406,3297.2211583076923,0.0,294022.588944,30814.999493086158,89.2987565,66.93929244444445,68.12753681470562,0.29995288213747234,42,64,,False,False,Request timeout: 300.0s exceeded,472,21.16838264042747
288,2026-09-14T02:23:43.114+00:00,2026-09-14T02:28:37.059+00:00,2026-09-14T02:28:43.141+00:00,False,94,93.0,,93.0,293945.119112,300027.18093599996,300027.18095199997,3191.778520765957,0.0,293945.119112,30311.45126138681,88.940705,65.39851423655914,66.65277097059568,0.30997191557733633,42,64,,False,False,Request timeout: 300.0s exceeded,468,21.16838264042747
289,2026-09-14T02:23:47.313+00:00,2026-09-14T02:28:41.007+00:00,2026-09-14T02:28:47.382+00:00,False,95,94.0,,94.0,293693.919287,300068.36895100004,300068.36905000004,3158.614411052632,0.051959000000000005,293693.919287,30125.40916449173,88.2995997,67.81329429787233,19.632379232919995,0.31326194203211677,42,64,,False,False,Request timeout: 300.0s exceeded,355,21.16838264042747
290,2026-09-14T02:23:52.279+00:00,2026-09-14T02:28:45.584+00:00,2026-09-14T02:28:52.351+00:00,False,102,101.0,,101.0,293305.18521499995,300071.72601499996,300071.7259109999,2941.879665794117,0.019600000000000003,293305.18521499995,29034.91398821395,88.62599000000002,66.99545346534654,19.790849516750438,0.33658619337881646,42,64,,False,False,Request timeout: 300.0s exceeded,526,21.16838264042747
291,2026-09-14T02:23:57.329+00:00,2026-09-14T02:28:51.140+00:00,2026-09-14T02:28:57.352+00:00,False,93,92.0,,92.0,293811.02355299995,300022.9767049999,300022.97660999995,3226.053511935483,0.02974,293811.02355299995,30459.78952526346,89.85530620000002,67.52122991304348,21.160383243961668,0.30664318116695366,42,64,,False,False,Request timeout: 300.0s exceeded,341,21.16838264042747
292,2026-09-14T02:24:01.824+00:00,2026-09-14T02:28:55.286+00:00,2026-09-14T02:29:01.866+00:00,False,97,96.0,,96.0,293462.034593,300041.77347300004,300041.77350300003,3093.2141598247426,0.035449,293462.034593,29789.60328049493,89.98980200000001,68.53894666666667,20.838497269948938,0.31995544783246255,42,64,,False,False,Request timeout: 300.0s exceeded,428,21.16838264042747
293,2026-09-14T02:24:05.017+00:00,2026-09-14T02:28:58.568+00:00,2026-09-14T02:29:05.051+00:00,False,96,95.0,,95.0,293550.991319,300033.705175,300033.70525400003,3125.351096395834,0.01865,293550.991319,29953.46563449867,91.30743924999999,68.23909322105263,21.542846226247157,0.31663109297866904,42,64,,False,False,Request timeout: 300.0s exceeded,396,21.16838264042747
294,2026-09-14T02:24:09.536+00:00,2026-09-14T02:29:03.296+00:00,2026-09-14T02:29:09.617+00:00,False,91,90.0,,90.0,293759.567822,300080.97505400004,300080.975188,3297.593133934066,0.045,293759.567822,30787.01434961555,91.21989699999999,70.23785813333335,21.20128127689276,0.29991904679663334,42,64,,False,False,Request timeout: 300.0s exceeded,462,21.16838264042747
295,2026-09-14T02:24:14.294+00:00,2026-09-14T02:29:08.158+00:00,2026-09-14T02:29:14.313+00:00,False,94,93.0,,93.0,293863.892305,300019.46478499996,300019.464891,3191.696435010638,0.04519,293863.892305,30302.925727750866,87.76911065,66.18895139784946,19.791697619489373,0.30997988769377244,42,64,,False,False,Request timeout: 300.0s exceeded,335,21.16838264042747
296,2026-09-14T02:24:18.942+00:00,2026-09-14T02:29:12.499+00:00,2026-09-14T02:29:19.005+00:00,False,101,100.0,,100.0,293557.30557599996,300063.534824,300063.534871,2970.9260878316827,0.037219999999999996,293557.30557599996,29203.576167425195,87.35089599999999,65.06229248,19.517731967983494,0.3332627540319228,42,64,,False,False,Request timeout: 300.0s exceeded,449,21.16838264042747
297,2026-09-14T02:24:22.093+00:00,2026-09-14T02:29:15.921+00:00,2026-09-14T02:29:22.167+00:00,False,93,92.0,,92.0,293828.119526,300073.777382,300073.777542,3226.599758516129,0.051179999999999996,293828.119526,30461.523846876196,90.5313146,67.88758539130434,20.482676862697158,0.30659126832959527,42,64,,False,False,Request timeout: 300.0s exceeded,198,21.16838264042747
298,2026-09-14T02:24:26.433+00:00,2026-09-14T02:29:20.130+00:00,2026-09-14T02:29:26.467+00:00,False,89,88.0,,88.0,293697.68834500003,300034.150681,300034.150648,3371.1702320000004,0.04506,293697.68834500003,31124.26616294383,89.11440999999999,72.00525381818181,19.44268083011205,0.29329994535709597,42,64,,False,False,Request timeout: 300.0s exceeded,456,21.16838264042747
299,2026-09-14T02:24:29.945+00:00,2026-09-14T02:29:23.737+00:00,2026-09-14T02:29:29.966+00:00,False,90,89.0,,89.0,293792.235217,300020.59310500004,300020.59305900004,3333.5621451,0.018920000000000003,293792.235217,30961.050484492604,89.24872545,69.98154930337078,20.09635506418976,0.2966463037717285,42,64,,False,False,Request timeout: 300.0s exceeded,400,21.16838264042747
300,2026-09-14T02:24:34.327+00:00,2026-09-14T02:29:27.915+00:00,2026-09-14T02:29:34.413+00:00,False,106,105.0,,105.0,293587.53754299995,300085.61779899994,300085.61787599995,2830.9963950566034,0.0,293587.53754299995,28509.79803613471,89.902868,61.88647862857143,61.88427409296194,0.3499001410668403,42,64,,False,False,Request timeout: 300.0s exceeded,344,21.16838264042747
301,2026-09-14T02:24:38.781+00:00,2026-09-14T02:29:33.082+00:00,2026-09-14T02:29:38.828+00:00,False,100,99.0,,99.0,294300.319242,300046.626826,300046.626972,3000.46626972,0.0,294300.319242,29424.24094383003,88.6645035,58.04351094949495,28.193687973184762,0.3299487184617179,42,64,,False,False,Request timeout: 300.0s exceeded,496,21.16838264042747
302,2026-09-14T02:24:43.024+00:00,2026-09-14T02:29:36.536+00:00,2026-09-14T02:29:43.070+00:00,False,99,98.0,,98.0,293511.938869,300045.867317,300045.867346,3030.766336828283,0.03006,293511.938869,29492.36595495847,89.81694999999999,66.67273926530612,20.479727101773808,0.32661672988970886,42,64,,False,False,Request timeout: 300.0s exceeded,515,21.16838264042747
303,2026-09-14T02:24:47.559+00:00,2026-09-14T02:29:40.690+00:00,2026-09-14T02:29:47.685+00:00,False,109,108.0,,108.0,293131.484287,300126.17075100006,300126.17090100003,2753.4511091834866,0.02316,293131.484287,28070.708050023157,89.96081819999999,64.76561540740741,20.482264283073324,0.35984865874826455,42,64,,False,False,Request timeout: 300.0s exceeded,507,21.16838264042747
304,2026-09-14T02:24:51.721+00:00,2026-09-14T02:29:45.374+00:00,2026-09-14T02:29:51.753+00:00,False,102,101.0,,101.0,293652.94247899996,300032.08052699995,300032.08051299996,2941.4909854215684,0.03135,293652.94247899996,29069.728012173196,91.2755315,63.15978265346534,21.42089429432933,0.3366306690357766,42,64,,False,False,Request timeout: 300.0s exceeded,498,21.16838264042747
305,2026-09-14T02:24:55.027+00:00,2026-09-14T02:29:48.910+00:00,2026-09-14T02:29:55.070+00:00,False,88,87.0,,87.0,293883.057646,300042.559726,300042.559653,3409.574541511364,0.03234,293883.057646,31320.49838298239,91.2986887,70.79887448275862,20.076888511875946,0.28995886476721416,42,64,,False,False,Request timeout: 300.0s exceeded,255,21.16838264042747
306,2026-09-14T02:24:58.813+00:00,2026-09-14T02:29:52.437+00:00,2026-09-14T02:29:58.848+00:00,False,95,94.0,,94.0,293623.42262699996,300035.089315,300035.089152,3158.2640963368417,0.06798,293623.42262699996,30118.13694212975,91.206725,68.20922008510638,21.414765242479312,0.31329668877932987,42,64,,False,False,Request timeout: 300.0s exceeded,236,21.16838264042747
307,2026-09-14T02:25:03.308+00:00,2026-09-14T02:29:56.713+00:00,2026-09-14T02:30:03.342+00:00,False,99,98.0,,98.0,293405.30466,300034.629972,300034.629925,3030.6528275252526,0.035259,293405.30466,29481.551328856316,89.55818090000001,67.64617665306123,20.9777709803461,0.32662896282720966,42,64,,False,False,Request timeout: 300.0s exceeded,450,21.16838264042747
308,2026-09-14T02:25:06.466+00:00,2026-09-14T02:30:00.275+00:00,2026-09-14T02:30:06.498+00:00,False,92,91.0,,91.0,293808.83313,300031.35268199997,300031.352905,3261.2103576630434,0.023,293808.83313,30624.565728201298,88.64363064999999,68.37933573626374,19.9467447538261,0.30330163560089646,42,64,,False,False,Request timeout: 300.0s exceeded,267,21.16838264042747
309,2026-09-14T02:25:10.404+00:00,2026-09-14T02:30:04.411+00:00,2026-09-14T02:30:10.458+00:00,False,89,88.0,,88.0,294007.211625,300053.965929,300053.96586,3371.3928748314606,0.04586,294007.211625,31157.425731620435,91.4090828,68.7131170909091,21.30978207471915,0.2932805761375036,42,64,,False,False,Request timeout: 300.0s exceeded,337,21.16838264042747
310,2026-09-14T02:25:13.906+00:00,2026-09-14T02:30:07.548+00:00,2026-09-14T02:30:13.971+00:00,False,96,95.0,,95.0,293642.819136,300065.37632,300065.376458,3125.681004770833,0.02556,293642.819136,29962.901304801944,89.91781474999999,67.60586509473684,19.947237096809722,0.31659767336398303,42,64,,False,False,Request timeout: 300.0s exceeded,582,21.16838264042747
311,2026-09-14T02:25:18.019+00:00,2026-09-14T02:30:11.620+00:00,2026-09-14T02:30:18.035+00:00,False,97,96.0,,96.0,293600.64046799997,300015.759316,300015.75936599995,3092.9459728453603,0.02019,293600.64046799997,29803.849700527673,87.68727279999999,66.82415466666666,19.367865301424626,0.3199831909459307,42,64,,False,False,Request timeout: 300.0s exceeded,372,21.16838264042747
312,2026-09-14T02:25:22.861+00:00,2026-09-14T02:30:16.409+00:00,2026-09-14T02:30:22.870+00:00,False,94,93.0,,93.0,293547.85787400004,300009.06952200003,300009.06951500004,3191.5858459042556,0.04052,293547.85787400004,30269.990294106898,88.41241515000002,69.47539406451612,19.780297497783444,0.3099906284439184,42,64,,False,False,Request timeout: 300.0s exceeded,409,21.16838264042747
313,2026-09-14T02:25:27.569+00:00,2026-09-14T02:30:21.379+00:00,2026-09-14T02:30:28.107+00:00,False,90,89.0,,89.0,293809.721644,300537.638444,300537.638522,3339.307094688889,0.04776,293809.721644,30962.359831650527,91.14670545000001,75.59457078651685,63.423783190505304,0.2961359530898943,42,64,,False,False,Request timeout: 300.0s exceeded,232,21.16838264042747
314,2026-09-14T02:25:30.635+00:00,2026-09-14T02:30:24.622+00:00,2026-09-14T02:30:30.669+00:00,False,97,96.0,,96.0,293987.368701,300034.132733,300034.132626,3093.135387896907,0.0,293987.368701,29843.569917942004,93.6256488,62.98712533333334,65.23253539869971,0.3199635958933722,42,64,,False,False,Request timeout: 300.0s exceeded,226,21.16838264042747
315,2026-09-14T02:25:34.677+00:00,2026-09-14T02:30:28.703+00:00,2026-09-14T02:30:34.751+00:00,False,94,93.0,,93.0,294025.410814,300073.126142,300073.126027,3192.2672981595747,0.02262,294025.410814,30319.705285844935,92.1438255,65.02919707526883,20.669928812366432,0.30992445473437935,42,64,,False,False,Request timeout: 300.0s exceeded,239,21.16838264042747
316,2026-09-14T02:25:39.152+00:00,2026-09-14T02:30:32.839+00:00,2026-09-14T02:30:39.183+00:00,False,92,91.0,,91.0,293686.592243,300030.632691,300030.632601,3261.202528271739,0.04133,293686.592243,30611.682352122385,89.1605905,69.7147301978022,20.465738159520104,0.30330236344140377,42,64,,False,False,Request timeout: 300.0s exceeded,355,21.16838264042747
317,2026-09-14T02:25:43.434+00:00,2026-09-14T02:30:36.762+00:00,2026-09-14T02:30:43.458+00:00,False,102,101.0,,101.0,293327.17808499996,300023.52880499995,300023.52868899994,2941.4071440098037,0.03343,293327.17808499996,29037.16071693955,89.95438409999998,66.30050217821783,20.230796580599176,0.3366402641895625,42,64,,False,False,Request timeout: 300.0s exceeded,317,21.16838264042747
318,2026-09-14T02:25:46.795+00:00,2026-09-14T02:30:39.865+00:00,2026-09-14T02:30:46.832+00:00,False,106,105.0,,105.0,293070.112648,300037.557128,300037.55703,2830.542990849057,0.02537,293070.112648,28459.047405556274,87.70290274999999,66.3566140952381,19.796989668302217,0.349956188835405,42,64,,False,False,Request timeout: 300.0s exceeded,387,21.16838264042747
319,2026-09-14T02:25:49.989+00:00,2026-09-14T02:30:43.363+00:00,2026-09-14T02:30:50.002+00:00,False,99,98.0,,98.0,293374.757038,300012.99959799997,300012.99944399996,3030.4343378181816,0.01811,293374.757038,29478.47183038856,88.714455,67.73716897959183,20.687906422038008,0.3266525121621874,42,64,,False,False,Request timeout: 300.0s exceeded,514,21.16838264042747
320,2026-09-14T02:25:54.134+00:00,2026-09-14T02:30:48.156+00:00,2026-09-14T02:30:54.197+00:00,False,92,91.0,,91.0,294021.489857,300062.870209,300062.870284,3261.552937869565,0.020489999999999998,294021.489857,30646.944906371184,88.71672055,66.38879507692307,20.944119815873858,0.3032697778856031,42,64,,False,False,Request timeout: 300.0s exceeded,388,21.16838264042747
321,2026-09-14T02:25:57.580+00:00,2026-09-14T02:30:50.978+00:00,2026-09-14T02:30:57.646+00:00,False,101,100.0,,100.0,293397.773648,300066.337616,300066.33759999997,2970.953837623762,0.039719000000000004,293397.773648,29187.54126988822,89.330941,66.68563968,20.473281569613516,0.33325964116632006,42,64,,False,False,Request timeout: 300.0s exceeded,530,21.16838264042747
322,2026-09-14T02:26:02.504+00:00,2026-09-14T02:30:56.080+00:00,2026-09-14T02:31:02.571+00:00,False,96,95.0,,95.0,293576.002797,300067.395565,300067.395494,3125.702036395833,0.04104,293576.002797,29956.008065463775,89.31943925,68.3304501894737,20.136986616324574,0.31659554288170333,42,64,,False,False,Request timeout: 300.0s exceeded,524,21.16838264042747
323,2026-09-14T02:26:05.506+00:00,2026-09-14T02:30:59.056+00:00,2026-09-14T02:31:05.551+00:00,False,96,95.0,,95.0,293549.907543,300044.797015,300044.797103,3125.4666364895834,0.01734,293549.907543,29953.341186243913,88.441718,68.36725759999999,20.45424267652522,0.31661938798842326,42,64,,False,False,Request timeout: 300.0s exceeded,274,21.16838264042747
324,2026-09-14T02:26:10.336+00:00,2026-09-14T02:31:03.893+00:00,2026-09-14T02:31:10.359+00:00,False,96,95.0,,95.0,293557.21416399995,300023.62235599995,300023.62243299995,3125.246067010416,0.02498,293557.21416399995,29954.117269440176,89.55158350000002,68.06745465263158,20.08980953458969,0.3166417339207896,42,64,,False,False,Request timeout: 300.0s exceeded,510,21.16838264042747
325,2026-09-14T02:26:14.971+00:00,2026-09-14T02:31:08.863+00:00,2026-09-14T02:31:15.033+00:00,False,94,93.0,,93.0,293891.816053,300062.244725,300062.24476699997,3192.151540074468,0.017658999999999998,293891.816053,30305.789873949605,89.61835430000001,66.34869539784947,20.563569266239437,0.30993569379324054,42,64,,False,False,Request timeout: 300.0s exceeded,416,21.16838264042747
326,2026-09-14T02:26:19.278+00:00,2026-09-14T02:31:12.721+00:00,2026-09-14T02:31:19.340+00:00,False,102,101.0,,101.0,293442.55869700003,300061.892073,300061.89201300003,2941.783255029412,0.04314,293442.55869700003,29048.660476252448,89.24830014999999,65.53795421782178,20.04969536608701,0.33659722433339984,42,64,,False,False,Request timeout: 300.0s exceeded,481,21.16838264042747
327,2026-09-14T02:26:23.482+00:00,2026-09-14T02:31:17.044+00:00,2026-09-14T02:31:23.536+00:00,False,106,105.0,,105.0,293562.53393800004,300054.65656200005,300054.656773,2830.7043091792457,0.0,293562.53393800004,28507.38463927067,88.62991249999999,61.82973927619047,66.221024338538,0.3499362456263162,42,64,,False,False,Request timeout: 300.0s exceeded,343,21.16838264042747
328,2026-09-14T02:26:26.490+00:00,2026-09-14T02:31:20.313+00:00,2026-09-14T02:31:26.500+00:00,False,93,92.0,,92.0,293823.158611,300009.522003,300009.521961,3225.9088382903224,0.0,293823.158611,30461.14991185014,90.5669872,67.2430803478261,70.39962842214777,0.3066569333725348,42,64,,False,False,Request timeout: 300.0s exceeded,388,21.16838264042747
329,2026-09-14T02:26:30.321+00:00,2026-09-14T02:31:24.045+00:00,2026-09-14T02:31:30.360+00:00,False,89,88.0,,88.0,293723.448176,300038.35198399995,300038.35204499995,3371.217438707865,0.0208,293723.448176,31127.022585393173,88.831132,71.76027054545455,19.30990458208111,0.2932958384089936,42,64,,False,False,Request timeout: 300.0s exceeded,403,21.16838264042747
330,2026-09-14T02:26:35.418+00:00,2026-09-14T02:31:29.126+00:00,2026-09-14T02:31:35.429+00:00,False,90,89.0,,89.0,293708.22897399997,300011.03908599995,300011.039289,3333.4559920999995,0.018969999999999997,293708.22897399997,30952.106423861605,87.69590394999999,70.81809114606742,18.729869098041142,0.2966557506388544,42,64,,False,False,Request timeout: 300.0s exceeded,443,21.16838264042747
331,2026-09-14T02:26:38.477+00:00,2026-09-14T02:31:31.969+00:00,2026-09-14T02:31:38.518+00:00,False,95,94.0,,94.0,293491.868544,300041.000064,300041.000019,3158.326315989474,0.03522,293491.868544,30104.488614425016,89.11367,69.67161191489362,19.746075866845814,0.3132905168958556,42,64,,False,False,Request timeout: 300.0s exceeded,289,21.16838264042747
332,2026-09-14T02:26:43.301+00:00,2026-09-14T02:31:37.015+00:00,2026-09-14T02:31:43.314+00:00,False,96,95.0,,95.0,293713.288232,300012.70916,300012.70902400004,3125.132385666667,0.023620000000000002,293713.288232,29970.226060927474,88.33580400000001,66.30969397894737,20.316616793688134,0.31665325201051886,42,64,,False,False,Request timeout: 300.0s exceeded,468,21.16838264042747
333,2026-09-14T02:26:47.466+00:00,2026-09-14T02:31:40.940+00:00,2026-09-14T02:31:47.517+00:00,False,103,102.0,,102.0,293474.697669,300051.60851700004,300051.608637,2913.1224139514566,0.03325,293474.697669,28910.57462570353,89.5657352,64.47951811764706,19.897676317912207,0.3399415204075501,42,64,,False,False,Request timeout: 300.0s exceeded,413,21.16838264042747
334,2026-09-14T02:26:50.359+00:00,2026-09-14T02:31:43.863+00:00,2026-09-14T02:31:50.417+00:00,False,101,100.0,,100.0,293504.360339,300058.063507,300058.063656,2970.8719173861386,0.048409999999999995,293504.360339,29198.261648897525,90.92238800000001,65.53703168,20.927582963706243,0.333268830809698,42,64,,False,False,Request timeout: 300.0s exceeded,447,21.16838264042747
335,2026-09-14T02:26:54.989+00:00,2026-09-14T02:31:48.520+00:00,2026-09-14T02:31:55.012+00:00,False,98,97.0,,97.0,293531.09674,300022.758052,300022.757956,3061.4567138367347,0.02019,293531.09674,29644.36486313305,89.87011254999999,66.92434342268041,20.205312706956267,0.3233088070711887,42,64,,False,False,Request timeout: 300.0s exceeded,402,21.16838264042747
336,2026-09-14T02:26:58.735+00:00,2026-09-14T02:31:52.828+00:00,2026-09-14T02:31:58.777+00:00,False,88,87.0,,87.0,294093.578776,300042.632728,300042.632808,3409.575372818182,0.046950000000000006,294093.578776,31343.198247907214,89.7872855,68.37993048275862,20.670707867290524,0.28995879421864956,42,64,,False,False,Request timeout: 300.0s exceeded,400,21.16838264042747
337,2026-09-14T02:27:03.684+00:00,2026-09-14T02:31:57.493+00:00,2026-09-14T02:32:05.558+00:00,False,84,83.0,,83.0,293808.666634,301873.046282,301873.046381,3593.7267426309527,0.02551,293808.666634,32047.753742960096,90.5108665,97.16120057831324,279.1595041988262,0.27495001962667476,42,64,,False,False,Request timeout: 300.0s exceeded,407,21.16838264042747
338,2026-09-14T02:27:08.624+00:00,2026-09-14T02:32:02.420+00:00,2026-09-14T02:32:08.657+00:00,False,106,105.0,,105.0,293795.61701700004,300033.43768900004,300033.43771900004,2830.504129424529,0.015050000000000001,293795.61701700004,28531.318202304305,90.19272700000002,59.40781592380952,255.7635265607379,0.3499609937104339,42,64,,False,False,Request timeout: 300.0s exceeded,534,21.16838264042747
339,2026-09-14T02:27:11.466+00:00,2026-09-14T02:32:06.862+00:00,2026-09-14T02:32:11.499+00:00,False,71,70.0,,70.0,295396.068402,300033.01381000003,300033.01386300003,4225.817096661972,0.030379999999999997,295396.068402,35049.20791376553,88.4532085,66.24207725714285,20.333463306199803,0.23330765875094145,42,64,,False,False,Request timeout: 300.0s exceeded,356,21.16838264042747
340,2026-09-14T02:27:15.410+00:00,2026-09-14T02:32:09.251+00:00,2026-09-14T02:32:15.454+00:00,False,95,94.0,,94.0,293840.696319,300044.332543,300044.332643,3158.361396242105,0.05658,293840.696319,30140.65472254623,87.5365817,65.99613004255319,19.815261788856986,0.3132870372964924,42,64,,False,False,Request timeout: 300.0s exceeded,427,21.16838264042747
341,2026-09-14T02:27:19.032+00:00,2026-09-14T02:32:12.563+00:00,2026-09-14T02:32:19.074+00:00,False,100,99.0,,99.0,293530.914437,300041.748869,300041.748902,3000.41748902,0.0,293530.914437,29346.583863502547,89.843205,65.76600436363637,63.971490666724044,0.32995408263409365,42,64,,False,False,Request timeout: 300.0s exceeded,414,21.16838264042747
342,2026-09-14T02:27:22.317+00:00,2026-09-14T02:32:15.611+00:00,2026-09-14T02:32:22.401+00:00,False,103,102.0,,102.0,293293.97997000004,300084.28192200005,300084.28184600006,2913.439629572816,0.0,293293.97997000004,28892.62256734676,87.55935399999998,66.57158776470588,62.7639680260811,0.33990450731608973,42,64,,False,False,Request timeout: 300.0s exceeded,467,21.16838264042747
343,2026-09-14T02:27:25.502+00:00,2026-09-14T02:32:19.152+00:00,2026-09-14T02:32:25.521+00:00,False,93,92.0,,92.0,293649.24124400003,300018.538652,300018.53870800004,3226.00579255914,0.03018,293649.24124400003,30442.835670510314,89.6213726,69.23149356521739,20.467482419469615,0.3066477172156131,42,64,,False,False,Request timeout: 300.0s exceeded,436,21.16838264042747
344,2026-09-14T02:27:28.618+00:00,2026-09-14T02:32:22.536+00:00,2026-09-14T02:32:28.642+00:00,False,85,84.0,,84.0,293917.67936,300023.72275200003,300023.722611,3529.6908542470587,0.01886,293917.67936,31871.970084838325,91.0119282,72.69099276190477,19.93074931941994,0.27997786051549833,42,64,,False,False,Request timeout: 300.0s exceeded,366,21.16838264042747
345,2026-09-14T02:27:31.584+00:00,2026-09-14T02:32:25.260+00:00,2026-09-14T02:32:31.625+00:00,False,90,89.0,,89.0,293675.45373400004,300041.13002200006,300041.13003600005,3333.7903337333337,0.019690000000000003,293675.45373400004,30948.578147770073,90.17908145000001,71.5244526741573,20.322802259101923,0.29662599922042093,42,64,,False,False,Request timeout: 300.0s exceeded,489,21.16838264042747
346,2026-09-14T02:27:35.058+00:00,2026-09-14T02:32:28.595+00:00,2026-09-14T02:32:35.077+00:00,False,95,94.0,,94.0,293537.80392900005,300018.96796100005,300018.96790000005,3158.094398947369,0.01648,293537.80392900005,30109.27627312398,91.38360800000001,68.9485535319149,20.656617111281882,0.31331352360434495,42,64,,False,False,Request timeout: 300.0s exceeded,358,21.16838264042747
347,2026-09-14T02:27:38.318+00:00,2026-09-14T02:32:32.369+00:00,2026-09-14T02:32:38.348+00:00,False,86,85.0,,85.0,294050.15890100005,300029.25496500003,300029.25478500006,3488.712264941861,0.03065,294050.15890100005,31700.665014353675,89.53512624999999,70.34230663529412,19.822974134292235,0.2833057063382559,42,64,,False,False,Request timeout: 300.0s exceeded,446,21.16838264042747
348,2026-09-14T02:27:42.191+00:00,2026-09-14T02:32:36.262+00:00,2026-09-14T02:32:42.443+00:00,False,93,92.0,,92.0,294070.26840600005,300251.41298200004,300251.4129330001,3228.5098164838714,0.02666,294070.26840600005,30486.70602392824,89.006192,67.18635408695651,20.177935898844257,0.3064098819262355,42,64,,False,False,Request timeout: 300.0s exceeded,433,21.16838264042747
349,2026-09-14T02:27:45.850+00:00,2026-09-14T02:32:39.430+00:00,2026-09-14T02:32:45.875+00:00,False,100,99.0,,99.0,293580.154297,300025.15679299994,300025.15668799996,3000.2515668799997,0.05127,293580.154297,29351.512748804053,90.05773595000001,65.1010353131313,20.98024734551699,0.3299723298480077,42,64,,False,False,Request timeout: 300.0s exceeded,428,21.16838264042747
350,2026-09-14T02:27:50.005+00:00,2026-09-14T02:32:44.108+00:00,2026-09-14T02:32:50.077+00:00,False,86,85.0,,85.0,294103.34132099996,300072.023817,300072.02377699997,3489.2095788023253,0.01874,294103.34132099996,31706.413007336323,89.30945700000001,70.21979407058824,19.78337217458589,0.2832653271663791,42,64,,False,False,Request timeout: 300.0s exceeded,401,21.16838264042747
351,2026-09-14T02:27:54.460+00:00,2026-09-14T02:32:47.889+00:00,2026-09-14T02:32:54.506+00:00,False,96,95.0,,95.0,293428.752473,300045.99279299995,300045.99275,3125.479091145833,0.04808,293428.752473,29940.843743745347,89.33825424999999,69.6551612631579,19.450477041349686,0.31661812616021157,42,64,,False,False,Request timeout: 300.0s exceeded,419,21.16838264042747
352,2026-09-14T02:27:58.402+00:00,2026-09-14T02:32:52.083+00:00,2026-09-14T02:32:58.444+00:00,False,93,92.0,,92.0,293680.886528,300042.376192,300042.376095,3226.262108548387,0.02581,293680.886528,30446.12479602478,87.4496056,69.1466267826087,18.67897044836141,0.3066233548994703,42,64,,False,False,Request timeout: 300.0s exceeded,388,21.16838264042747
353,2026-09-14T02:28:01.596+00:00,2026-09-14T02:32:55.055+00:00,2026-09-14T02:33:01.602+00:00,False,98,97.0,,97.0,293458.74994199997,300006.153718,300006.153657,3061.2872822142854,0.03423,293458.74994199997,29636.998471536186,88.75555585000001,67.499008,19.886915616017284,0.3233267011288646,42,64,,False,False,Request timeout: 300.0s exceeded,477,21.16838264042747
354,2026-09-14T02:28:06.144+00:00,2026-09-14T02:32:59.586+00:00,2026-09-14T02:33:06.182+00:00,False,98,97.0,,97.0,293442.019457,300038.038145,300038.038049,3061.6126331530613,0.035679999999999996,293442.019457,29635.258128380374,90.06130499999999,68.00019265979381,20.35998216737188,0.3232923418634094,42,64,,False,False,Request timeout: 300.0s exceeded,386,21.16838264042747
355,2026-09-14T02:28:10.155+00:00,2026-09-14T02:33:03.892+00:00,2026-09-14T02:33:10.205+00:00,False,95,94.0,,94.0,293736.55537300004,300050.14999700006,300050.14989100007,3158.4226304315794,0.02137,293736.55537300004,30129.850683508215,89.05882570000001,67.16590025531914,20.73145592036439,0.31328096320211746,42,64,,False,False,Request timeout: 300.0s exceeded,309,21.16838264042747
356,2026-09-14T02:28:14.623+00:00,2026-09-14T02:33:06.004+00:00,2026-09-14T02:33:14.757+00:00,False,144,143.0,,143.0,291380.942742,300134.56399,300134.564111,2084.267806326389,0.0,291380.942742,24276.711906792116,89.03961699999999,61.214134601398605,57.60077247617925,0.4764529552976262,42,64,,False,False,Request timeout: 300.0s exceeded,699,21.16838264042747
357,2026-09-14T02:28:17.019+00:00,2026-09-14T02:33:10.206+00:00,2026-09-14T02:33:17.076+00:00,False,120,119.0,,119.0,293186.667524,300056.626436,300056.626458,2500.47188715,0.0,293186.667524,26758.960569008894,92.1545551,57.73074715966386,62.37221908182688,0.3965918080645417,42,64,,False,False,Request timeout: 300.0s exceeded,374,21.16838264042747
358,2026-09-14T02:28:20.330+00:00,2026-09-14T02:33:16.041+00:00,2026-09-14T02:33:20.353+00:00,False,66,65.0,,65.0,295710.308602,300022.764794,300022.764813,4545.799466863637,0.03694,295710.308602,36391.26243344874,88.642788,66.34547987692308,21.431712627894974,0.2166502266740657,42,64,,False,False,Request timeout: 300.0s exceeded,233,21.16838264042747
359,2026-09-14T02:28:23.897+00:00,2026-09-14T02:33:17.331+00:00,2026-09-14T02:33:23.958+00:00,False,94,93.0,,93.0,293433.63917900005,300060.483851,300060.4839260001,3192.1328077234048,0.023059999999999997,293433.63917900005,30258.0255959509,89.7047855,71.25639432258065,19.396862648655254,0.30993751261889146,42,64,,False,False,Request timeout: 300.0s exceeded,235,21.16838264042747
360,2026-09-14T02:28:28.207+00:00,2026-09-14T02:33:21.810+00:00,2026-09-14T02:33:28.293+00:00,False,93,92.0,,92.0,293602.817037,300085.178637,300085.178669,3226.7223512795695,0.019710000000000002,293602.817037,30437.893736592545,88.88813599999999,70.46045217391304,19.651391959540632,0.3065796198861538,42,64,,False,False,Request timeout: 300.0s exceeded,412,21.16838264042747
361,2026-09-14T02:28:32.879+00:00,2026-09-14T02:33:26.577+00:00,2026-09-14T02:33:32.890+00:00,False,98,97.0,,97.0,293697.774451,300011.043443,300011.04351999995,3061.33717877551,0.01843,293697.774451,29661.387317434645,87.7801685,65.08524734020618,19.740532118086232,0.3233214313940057,42,64,,False,False,Request timeout: 300.0s exceeded,441,21.16838264042747
362,2026-09-14T02:28:37.071+00:00,2026-09-14T02:33:30.401+00:00,2026-09-14T02:33:37.138+00:00,False,103,102.0,,102.0,293329.173222,300066.35261400003,300066.352666,2913.2655598640777,0.01918,293329.173222,28896.08097341452,87.5612611,66.05077835294118,20.065559158652924,0.33992481699942867,42,64,,False,False,Request timeout: 300.0s exceeded,475,21.16838264042747
363,2026-09-14T02:28:40.776+00:00,2026-09-14T02:33:34.512+00:00,2026-09-14T02:33:40.802+00:00,False,100,99.0,,99.0,293735.679918,300026.01643,300026.016434,3000.2601643400003,0.03173,293735.679918,29367.22133312266,87.6219325,63.538752646464644,20.692667266679567,0.3299713844085851,42,64,,False,False,Request timeout: 300.0s exceeded,494,21.16838264042747
364,2026-09-14T02:28:45.665+00:00,2026-09-14T02:33:39.498+00:00,2026-09-14T02:33:45.720+00:00,False,93,92.0,,92.0,293832.883796,300054.85038799996,300054.85019699996,3226.396238677419,0.02435,293832.883796,30462.044559978185,90.39062519999999,67.63007165217391,20.449711103566816,0.3066106076306885,42,64,,False,False,Request timeout: 300.0s exceeded,457,21.16838264042747
365,2026-09-14T02:28:48.629+00:00,2026-09-14T02:33:42.615+00:00,2026-09-14T02:33:48.672+00:00,False,92,91.0,,91.0,293985.896616,300043.01508,300043.01525399997,3261.337122326087,0.036899999999999995,293985.896616,30643.21546048792,87.76467210000001,66.56174136263736,20.0926756401949,0.30328984654329255,42,64,,False,False,Request timeout: 300.0s exceeded,361,21.16838264042747
366,2026-09-14T02:28:51.456+00:00,2026-09-14T02:33:45.472+00:00,2026-09-14T02:33:51.497+00:00,False,93,92.0,,92.0,294015.954685,300041.752317,300041.752249,3226.2554005268817,0.02163,294015.954685,30481.248813515598,87.2888356,65.49780034782609,19.81426498473969,0.30662399245955674,42,64,,False,False,Request timeout: 300.0s exceeded,417,21.16838264042747
367,2026-09-14T02:28:55.601+00:00,2026-09-14T02:33:49.425+00:00,2026-09-14T02:33:55.652+00:00,False,97,96.0,,96.0,293823.984482,300051.005538,300051.005692,3093.309337030928,0.023489,293823.984482,29826.72577677811,86.32480800000002,64.86480266666666,19.352717227657536,0.3199456033412361,42,64,,False,False,Request timeout: 300.0s exceeded,441,21.16838264042747
368,2026-09-14T02:29:00.521+00:00,2026-09-14T02:33:54.303+00:00,2026-09-14T02:34:00.530+00:00,False,93,92.0,,92.0,293781.888206,300008.365518,300008.36534699996,3225.896401580645,0.02596,293781.888206,30456.750873397912,88.0911762,67.67910121739129,19.513963803832187,0.30665811548671684,42,64,,False,False,Request timeout: 300.0s exceeded,382,21.16838264042747
369,2026-09-14T02:29:03.900+00:00,2026-09-14T02:33:57.493+00:00,2026-09-14T02:34:03.981+00:00,False,97,96.0,,96.0,293593.37619700003,300081.15117300005,300081.151276,3093.620116247423,0.022920000000000003,293593.37619700003,29803.03551429714,86.79863499999999,67.58098933333333,19.72768019339567,0.3199134621576247,42,64,,False,False,Request timeout: 300.0s exceeded,367,21.16838264042747
370,2026-09-14T02:29:08.062+00:00,2026-09-14T02:34:01.747+00:00,2026-09-14T02:34:08.144+00:00,False,99,98.0,,98.0,293685.495056,300082.050576,300082.050688,3031.1318251313132,0.0,293685.495056,29510.018165345835,88.8726859,65.27097469387755,67.01329738677585,0.32657734713519665,42,64,,False,False,Request timeout: 300.0s exceeded,457,21.16838264042747
371,2026-09-14T02:29:12.304+00:00,2026-09-14T02:34:06.038+00:00,2026-09-14T02:34:12.316+00:00,False,90,89.0,,89.0,293734.314546,300012.52561799996,300012.52578799997,3333.4725087555553,0.0355,293734.314546,30954.886413554188,91.88876834999999,70.54169743820225,20.63081391814665,0.29665428073933797,42,64,,False,False,Request timeout: 300.0s exceeded,405,21.16838264042747
372,2026-09-14T02:29:15.766+00:00,2026-09-14T02:34:09.224+00:00,2026-09-14T02:34:15.827+00:00,False,92,91.0,,91.0,293458.195871,300061.328287,300061.328508,3261.5361794347828,0.0358,293458.195871,30587.573224380612,90.38023395,72.56189468131869,19.964725635654432,0.30327133629482944,42,64,,False,False,Request timeout: 300.0s exceeded,412,21.16838264042747
373,2026-09-14T02:29:18.861+00:00,2026-09-14T02:34:12.785+00:00,2026-09-14T02:34:18.950+00:00,False,90,89.0,,89.0,293924.05009100004,300088.82244300004,300088.82265300007,3334.3202517000004,0.02612,293924.05009100004,30975.02036031453,90.4515431,69.26710507865168,20.193229102291824,0.2965788571378895,42,64,,False,False,Request timeout: 300.0s exceeded,470,21.16838264042747
374,2026-09-14T02:29:23.744+00:00,2026-09-14T02:34:17.589+00:00,2026-09-14T02:34:23.809+00:00,False,90,89.0,,89.0,293845.241021,300065.340349,300065.340526,3334.059339177778,0.04365,293845.241021,30966.647248667723,89.23854505000001,69.88875649438202,19.594626297160257,0.2966020663915595,42,64,,False,False,Request timeout: 300.0s exceeded,450,21.16838264042747
375,2026-09-14T02:29:26.561+00:00,2026-09-14T02:34:20.176+00:00,2026-09-14T02:34:26.649+00:00,False,95,94.0,,94.0,293615.429759,300088.121983,300088.121881,3158.822335589474,0.036840000000000005,293615.429759,30117.24956160954,89.91690569999999,68.85842791489361,20.361980334072204,0.31324132184520487,42,64,,False,False,Request timeout: 300.0s exceeded,424,21.16838264042747
376,2026-09-14T02:29:30.607+00:00,2026-09-14T02:34:24.158+00:00,2026-09-14T02:34:30.701+00:00,False,96,95.0,,95.0,293550.32467,300093.740222,300093.740142,3125.9764598125,0.021259,293550.32467,29953.331588686495,89.3850485,68.87805844210526,20.399126662668,0.31656774956292644,42,64,,False,False,Request timeout: 300.0s exceeded,363,21.16838264042747
377,2026-09-14T02:29:33.887+00:00,2026-09-14T02:34:27.537+00:00,2026-09-14T02:34:33.959+00:00,False,97,96.0,,96.0,293649.921602,300071.395394,300071.395413,3093.5195403402063,0.0282,293649.921602,29808.847017469474,89.195627,66.890352,19.826295871857177,0.319923863032496,42,64,,False,False,Request timeout: 300.0s exceeded,472,21.16838264042747
378,2026-09-14T02:29:36.965+00:00,2026-09-14T02:34:30.703+00:00,2026-09-14T02:34:37.036+00:00,False,93,92.0,,92.0,293737.92345999996,300070.811268,300070.81123799994,3226.567862774193,0.02145,293737.92345999996,30452.0724336538,88.6292672,68.83573704347826,20.179129011120004,0.30659429889644524,42,64,,False,False,Request timeout: 300.0s exceeded,482,21.16838264042747
379,2026-09-14T02:29:41.366+00:00,2026-09-14T02:34:35.161+00:00,2026-09-14T02:34:41.405+00:00,False,89,88.0,,88.0,293795.130763,300039.719307,300039.719247,3371.2328005280897,0.02111,293795.130763,31134.7057689087,88.98403239999999,70.96123345454545,19.549844933191757,0.29329450181880284,42,64,,False,False,Request timeout: 300.0s exceeded,387,21.16838264042747
380,2026-09-14T02:29:46.078+00:00,2026-09-14T02:34:39.931+00:00,2026-09-14T02:34:46.163+00:00,False,93,92.0,,92.0,293852.876328,300084.652328,300084.652137,3226.7166896451613,0.019960000000000002,293852.876328,30464.1060302042,87.7603326,67.7366956521739,19.522150265829314,0.30658015758647233,42,64,,False,False,Request timeout: 300.0s exceeded,468,21.16838264042747
381,2026-09-14T02:29:50.772+00:00,2026-09-14T02:34:44.865+00:00,2026-09-14T02:34:50.784+00:00,False,92,91.0,,91.0,294092.640804,300012.09834,300012.09820400004,3261.0010674347827,0.03743,294092.640804,30654.50192201985,87.42964005,65.0489839120879,19.93283276332362,0.303321101060634,42,64,,False,False,Request timeout: 300.0s exceeded,373,21.16838264042747
382,2026-09-14T02:29:53.695+00:00,2026-09-14T02:34:47.513+00:00,2026-09-14T02:34:53.772+00:00,False,96,95.0,,95.0,293817.324718,300076.321198,300076.32121200004,3125.7950126250003,0.02087,293817.324718,29980.88726445249,87.326456,65.88417347368421,19.70675198456156,0.3165861258920058,42,64,,True,False,Request timeout: 300.0s exceeded,461,21.16838264042747
383,2026-09-14T02:29:58.165+00:00,2026-09-14T02:34:52.055+00:00,2026-09-14T02:34:58.209+00:00,False,91,90.0,,90.0,293890.648337,300044.013841,300044.013844,3297.1869653186814,0.037909,293890.648337,30800.95035096258,88.173884,68.37072782222222,20.15347569799914,0.29995599261544675,42,64,,True,False,Request timeout: 300.0s exceeded,412,21.16838264042747
384,2026-09-14T02:30:01.260+00:00,2026-09-14T02:34:54.914+00:00,2026-09-14T02:35:01.307+00:00,False,99,98.0,,98.0,293654.06131900003,300046.735623,300046.735392,3030.775104969697,0.036090000000000004,293654.06131900003,29506.794693591215,88.08886279999999,65.23137044897959,20.53077554399654,0.32661578469273583,42,64,,True,False,Request timeout: 300.0s exceeded,443,21.16838264042747
385,2026-09-14T02:30:04.656+00:00,2026-09-14T02:34:58.773+00:00,2026-09-14T02:35:04.687+00:00,False,90,89.0,,89.0,294117.206497,300031.09910500003,300031.098978,3333.6788775333334,0.036698999999999996,294117.206497,30995.67823074289,88.52625695,66.4482315505618,20.602154193964804,0.29663591629497454,42,64,,True,False,Request timeout: 300.0s exceeded,392,21.16838264042747
386,2026-09-14T02:30:08.920+00:00,2026-09-14T02:35:02.572+00:00,2026-09-14T02:35:08.973+00:00,False,96,95.0,,95.0,293652.389771,300053.561995,300053.562095,3125.5579384895836,0.02521,293652.389771,29963.901453448972,89.094654,67.38076025263157,20.509100284810657,0.316610139097709,42,64,,True,False,Request timeout: 300.0s exceeded,444,21.16838264042747
387,2026-09-14T02:30:13.044+00:00,2026-09-14T02:35:06.423+00:00,2026-09-14T02:35:13.101+00:00,False,101,100.0,,100.0,293378.698223,300057.250799,300057.250792,2970.8638692277227,0.022609999999999998,293378.698223,29185.63285536811,87.589075,66.78552576,19.888634679764834,0.3332697334715875,42,64,,True,False,Request timeout: 300.0s exceeded,411,21.16838264042747
388,2026-09-14T02:30:16.762+00:00,2026-09-14T02:35:10.338+00:00,2026-09-14T02:35:16.768+00:00,False,97,96.0,,96.0,293575.659652,300006.08858,300006.088554,3092.8462737525774,0.03012,293575.659652,29801.29833213638,91.59451800000001,66.98363466666666,21.21035049100071,0.31999350564647133,42,64,,True,False,Request timeout: 300.0s exceeded,442,21.16838264042747
389,2026-09-14T02:30:19.637+00:00,2026-09-14T02:35:13.102+00:00,2026-09-14T02:35:19.681+00:00,False,99,98.0,,98.0,293465.30931800004,300043.91847000003,300043.91852700006,3030.7466517878793,0.02624,293465.30931800004,29487.63365660049,91.7042168,67.12866481632653,20.434539210902052,0.32661885133258767,42,64,,True,False,Request timeout: 300.0s exceeded,409,21.16838264042747
390,2026-09-14T02:30:22.838+00:00,2026-09-14T02:35:16.464+00:00,2026-09-14T02:35:22.890+00:00,False,91,90.0,,90.0,293626.12699099997,300052.45966299996,300052.459842,3297.279778483516,0.04636,293626.12699099997,30772.90244825727,88.68586800000001,71.40369635555555,19.21221410179788,0.29994754950878366,42,64,,True,False,Request timeout: 300.0s exceeded,296,21.16838264042747
391,2026-09-14T02:30:26.182+00:00,2026-09-14T02:35:20.398+00:00,2026-09-14T02:35:26.215+00:00,False,82,81.0,,81.0,294215.229522,300032.235346,300032.235319,3658.929699012195,0.0208,294215.229522,32482.71316245106,88.77690354999999,71.81488671604939,21.45694758690391,0.2699709913056177,42,64,,True,False,Request timeout: 300.0s exceeded,322,21.16838264042747
392,2026-09-14T02:30:29.630+00:00,2026-09-14T02:35:23.514+00:00,2026-09-14T02:35:29.651+00:00,False,91,90.0,,90.0,293884.120634,300021.20325799996,300021.203456,3296.9363017142855,0.03049,293884.120634,30800.28624734257,87.92068950000001,68.18980693333334,21.95814789502203,0.29997879824048795,42,64,,True,False,Request timeout: 300.0s exceeded,439,21.16838264042747
393,2026-09-14T02:30:33.097+00:00,2026-09-14T02:35:26.974+00:00,2026-09-14T02:35:33.114+00:00,False,91,90.0,,90.0,293876.924954,300016.540186,300016.540141,3296.8850564945055,0.01989,293876.924954,30799.527513473276,88.0659985,68.21794702222222,19.759880160033365,0.29998346072587556,42,64,,True,False,Request timeout: 300.0s exceeded,372,21.16838264042747
394,2026-09-14T02:30:36.801+00:00,2026-09-14T02:35:30.525+00:00,2026-09-14T02:35:36.851+00:00,False,93,92.0,,92.0,293723.91889,300050.062122,300050.062023,3226.3447529354835,0.022019999999999998,293723.91889,30450.627491340565,87.975764,68.76242643478261,19.656063910591218,0.306615500591341,42,64,,True,False,Request timeout: 300.0s exceeded,487,21.16838264042747
395,2026-09-14T02:30:41.300+00:00,2026-09-14T02:35:34.530+00:00,2026-09-14T02:35:41.308+00:00,False,101,100.0,,100.0,293229.660338,300007.97381,300007.973807,2970.3759782871284,0.03563,293229.660338,29170.704177009826,88.824593,67.78313471999999,20.483961045621946,0.33332447377992575,42,64,,True,False,Request timeout: 300.0s exceeded,619,21.16838264042747
396,2026-09-14T02:30:45.342+00:00,2026-09-14T02:35:39.179+00:00,2026-09-14T02:35:45.347+00:00,False,91,90.0,,90.0,293836.67814200005,300005.05215800006,300005.05219700007,3296.758815351649,0.03508,293836.67814200005,30795.275516166505,90.35564450000001,68.53748906666667,20.549920149914417,0.2999949479270795,42,64,,True,False,Request timeout: 300.0s exceeded,391,21.16838264042747
397,2026-09-14T02:30:50.369+00:00,2026-09-14T02:35:44.000+00:00,2026-09-14T02:35:50.438+00:00,False,95,94.0,,94.0,293630.684482,300068.658498,300068.65850900003,3158.6174579894737,0.02157,293630.684482,30118.85298410627,90.59256399999998,68.48908527659574,20.991650460837953,0.3132616397544448,42,64,,True,False,Request timeout: 300.0s exceeded,490,21.16838264042747
398,2026-09-14T02:30:53.965+00:00,2026-09-14T02:35:47.484+00:00,2026-09-14T02:35:53.999+00:00,False,97,96.0,,96.0,293518.118513,300033.35102500004,300033.35118700005,3093.1273318247427,0.06279,293518.118513,29795.36534722522,89.3202752,67.86700533333332,19.92804413764282,0.31996442952770565,42,64,,True,False,Request timeout: 300.0s exceeded,408,21.16838264042747
399,2026-09-14T02:30:58.360+00:00,2026-09-14T02:35:51.811+00:00,2026-09-14T02:35:58.396+00:00,False,98,97.0,,97.0,293451.04715,300036.28363,300036.283687,3061.5947315,0.021,293451.04715,29636.180638097398,87.6279882,67.88903587628866,19.375542382617702,0.32329423237230487,42,64,,True,False,Request timeout: 300.0s exceeded,437,21.16838264042747
400,2026-09-14T02:31:01.707+00:00,2026-09-14T02:35:55.200+00:00,2026-09-14T02:36:01.769+00:00,False,96,95.0,,95.0,293492.691176,300061.158376,300061.158249,3125.63706509375,0.03492,293492.691176,29947.42191706885,88.45291400000002,69.14176,19.54247132076579,0.3166021237609088,42,64,,True,False,Request timeout: 300.0s exceeded,459,21.16838264042747
401,2026-09-14T02:31:06.122+00:00,2026-09-14T02:36:00.220+00:00,2026-09-14T02:36:06.169+00:00,False,86,85.0,,85.0,294097.543966,300047.10351800005,300047.103345,3488.9198063372096,0.02386,294097.543966,31705.81259876952,90.98433075000001,69.99481825882353,20.541238644036248,0.28328885366127454,42,64,,True,False,Request timeout: 300.0s exceeded,535,21.16838264042747
402,2026-09-14T02:31:09.125+00:00,2026-09-14T02:36:03.140+00:00,2026-09-14T02:36:09.181+00:00,False,85,84.0,,84.0,294015.789483,300056.154283,300056.15411,3530.0724012941178,0.06012,294015.789483,31882.69611973068,88.47141999999998,71.90910476190476,19.426234534706374,0.27994759914430833,42,64,,True,False,Request timeout: 300.0s exceeded,434,21.16838264042747
403,2026-09-14T02:31:13.806+00:00,2026-09-14T02:36:07.271+00:00,2026-09-14T02:36:13.819+00:00,False,96,95.0,,95.0,293464.768972,300012.81377199996,300012.813806,3125.1334771458332,0.03471,293464.768972,29944.593813378306,87.074431,68.92678736842105,19.15672630779266,0.31665314159613506,42,64,,True,False,Request timeout: 300.0s exceeded,441,21.16838264042747
404,2026-09-14T02:31:18.436+00:00,2026-09-14T02:36:12.116+00:00,2026-09-14T02:36:18.469+00:00,False,92,91.0,,91.0,293679.604713,300032.37834500003,300032.37841,3261.221504456522,0.02451,293679.604713,30610.942869780825,87.89275805,69.81069925274726,18.931402923075833,0.30330059876191523,42,64,,True,False,Request timeout: 300.0s exceeded,284,21.16838264042747
405,2026-09-14T02:31:22.435+00:00,2026-09-14T02:36:16.478+00:00,2026-09-14T02:36:22.474+00:00,False,88,87.0,,87.0,294043.69814999995,300038.95830999996,300038.9583209999,3409.5336172840903,0.020739999999999998,294043.69814999995,31337.823689284316,88.24287485,68.91103632183908,19.646586838777665,0.2899623451902259,42,64,,True,False,Request timeout: 300.0s exceeded,426,21.16838264042747
406,2026-09-14T02:31:27.468+00:00,2026-09-14T02:36:21.275+00:00,2026-09-14T02:36:27.501+00:00,False,93,92.0,,92.0,293806.536915,300032.553939,300032.553999,3226.1564946129033,0.0365,293806.536915,30459.30780264215,88.74465699999999,67.67409808695652,20.22556041553712,0.30663339291743863,42,64,,True,False,Request timeout: 300.0s exceeded,451,21.16838264042747
407,2026-09-14T02:31:31.745+00:00,2026-09-14T02:36:25.362+00:00,2026-09-14T02:36:31.831+00:00,False,90,89.0,,89.0,293616.83271,300085.398982,300085.398944,3334.2822104888887,0.02767,293616.83271,30942.2759009124,88.111254,72.68051991011237,18.40007524611794,0.2965822405952463,42,64,,True,False,Request timeout: 300.0s exceeded,386,21.16838264042747
408,2026-09-14T02:31:36.018+00:00,2026-09-14T02:36:29.837+00:00,2026-09-14T02:36:36.033+00:00,False,89,88.0,,88.0,293818.336791,300014.093335,300014.09314199997,3370.9448667640445,0.03383,293818.336791,31137.224895725532,89.526343,70.40632436363636,20.297341970804414,0.29331955383088604,42,64,,True,False,Request timeout: 300.0s exceeded,338,21.16838264042747
409,2026-09-14T02:31:40.314+00:00,2026-09-14T02:36:33.951+00:00,2026-09-14T02:36:40.356+00:00,False,94,93.0,,93.0,293636.66489,300041.88601,300041.885927,3191.934956670213,0.02051,293636.66489,30279.213403479425,89.73245695000001,68.87334537634409,21.657024802858174,0.30995672383188666,42,64,,True,False,Request timeout: 300.0s exceeded,263,21.16838264042747
410,2026-09-14T02:31:43.201+00:00,2026-09-14T02:36:37.084+00:00,2026-09-14T02:36:43.272+00:00,False,93,92.0,,92.0,293882.94973500003,300071.27715900005,300071.27709800005,3226.5728720215056,0.0363,293882.94973500003,30467.273750966717,88.16840619999999,67.26442852173912,19.963207787618014,0.30659382287779435,42,64,,True,False,Request timeout: 300.0s exceeded,179,21.16838264042747
411,2026-09-14T02:31:46.069+00:00,2026-09-14T02:36:39.626+00:00,2026-09-14T02:36:46.118+00:00,False,93,92.0,,92.0,293556.826885,300049.480965,300049.48107599997,3226.3385061935483,0.02578,293556.826885,30433.113594817158,89.0714342,70.57232695652174,20.290445003402475,0.306616094465871,42,64,,True,False,Request timeout: 300.0s exceeded,442,21.16838264042747
412,2026-09-14T02:31:51.199+00:00,2026-09-14T02:36:45.199+00:00,2026-09-14T02:36:51.220+00:00,False,90,89.0,,89.0,293999.148647,300020.339815,300020.339714,3333.559330155556,0.03771,293999.148647,30983.107158272822,90.41365904999999,67.6538333483146,21.19658418955477,0.29664655421322306,42,64,,True,False,Request timeout: 300.0s exceeded,175,21.16838264042747
413,2026-09-14T02:31:56.132+00:00,2026-09-14T02:36:50.069+00:00,2026-09-14T02:36:56.209+00:00,False,88,87.0,,87.0,293937.246194,300077.160946,300077.16102,3409.9677388636364,0.03614,293937.246194,31326.298387404568,88.30279435,70.5737327816092,19.250042748867717,0.2899254302651043,42,64,,True,False,Request timeout: 300.0s exceeded,383,21.16838264042747
414,2026-09-14T02:32:00.548+00:00,2026-09-14T02:36:54.173+00:00,2026-09-14T02:37:00.590+00:00,False,91,90.0,,90.0,293625.331917,300042.045901,300042.045898,3297.1653395384615,0.02754,293625.331917,30772.830452299186,89.13062749999999,71.29682204444444,19.44845573974998,0.29995795999103353,42,64,,True,False,Request timeout: 300.0s exceeded,409,21.16838264042747
415,2026-09-14T02:32:05.551+00:00,2026-09-14T02:36:57.427+00:00,2026-09-14T02:37:05.724+00:00,False,125,124.0,,124.0,291875.698224,300172.911408,300172.911258,2401.383290064,0.04106,291875.698224,26100.179027199436,89.59784499999999,66.9130095483871,20.286410006248587,0.41309523706973394,42,64,,True,False,Request timeout: 300.0s exceeded,400,21.16838264042747
416,2026-09-14T02:32:10.030+00:00,2026-09-14T02:37:03.744+00:00,2026-09-14T02:37:10.067+00:00,False,105,104.0,,104.0,293713.691451,300037.37964299996,300037.379508,2857.4988524571427,0.0,293713.691451,28657.601145149598,89.5358172,60.80469415384615,28.24391631606681,0.3466234777938155,42,64,,True,False,Request timeout: 300.0s exceeded,512,21.16838264042747
417,2026-09-14T02:32:13.872+00:00,2026-09-14T02:37:07.761+00:00,2026-09-14T02:37:13.950+00:00,False,92,91.0,,91.0,293888.951184,300078.77672,300078.776823,3261.7258350326088,0.037899999999999996,293888.951184,30632.956083710942,88.31667505,68.02006083516483,19.970922927777767,0.3032537022267024,42,64,,True,False,Request timeout: 300.0s exceeded,443,21.16838264042747
418,2026-09-14T02:32:18.175+00:00,2026-09-14T02:37:12.009+00:00,2026-09-14T02:37:18.197+00:00,False,97,96.0,,96.0,293834.043685,300021.970981,300021.97087799996,3093.010009051546,0.02128,293834.043685,29827.789476672857,90.05971179999999,64.457576,20.8448010590995,0.31997656600315966,42,64,,True,False,Request timeout: 300.0s exceeded,506,21.16838264042747
419,2026-09-14T02:32:21.225+00:00,2026-09-14T02:37:15.024+00:00,2026-09-14T02:37:21.260+00:00,False,98,97.0,,97.0,293798.10158200003,300034.27643,300034.27642500005,3061.574249234694,0.02066,293798.10158200003,29671.602738145364,88.9226747,64.29046235051547,20.583361931400482,0.32329639517913794,42,64,,True,False,Request timeout: 300.0s exceeded,428,21.16838264042747
420,2026-09-14T02:32:25.638+00:00,2026-09-14T02:37:19.316+00:00,2026-09-14T02:37:25.700+00:00,False,95,94.0,,94.0,293678.02463999996,300061.81369599997,300061.81371099997,3158.54540748421,0.01973,293678.02463999996,30123.76837722175,89.12410200000001,67.9126495319149,19.882488806024075,0.3132687856617228,42,64,,True,False,Request timeout: 300.0s exceeded,476,21.16838264042747
421,2026-09-14T02:32:29.149+00:00,2026-09-14T02:37:22.478+00:00,2026-09-14T02:37:29.211+00:00,False,100,99.0,,99.0,293328.967481,300061.900601,300061.900545,3000.61900545,0.03499,293328.967481,29326.1024488309,88.66638749999998,68.00942545454545,19.839734396700766,0.3299319233855112,42,64,,True,False,Request timeout: 300.0s exceeded,411,21.16838264042747
422,2026-09-14T02:32:33.480+00:00,2026-09-14T02:37:27.257+00:00,2026-09-14T02:37:33.494+00:00,False,90,89.0,,89.0,293777.004928,300014.10854399996,300014.10852799995,3333.490094755555,0.040659999999999995,293777.004928,30959.43438419911,88.31118305,70.07981591011237,19.577116787892855,0.296652715540367,42,64,,True,False,Request timeout: 300.0s exceeded,333,21.16838264042747
423,2026-09-14T02:32:38.346+00:00,2026-09-14T02:37:31.750+00:00,2026-09-14T02:37:38.397+00:00,False,99,98.0,,98.0,293403.785166,300050.727374,300050.727357,3030.815427848485,0.02432,293403.785166,29481.37898409469,85.1325378,67.82594089795919,18.626986578210786,0.3266114395311807,42,64,,True,False,Request timeout: 300.0s exceeded,503,21.16838264042747
424,2026-09-14T02:32:42.095+00:00,2026-09-14T02:37:36.227+00:00,2026-09-14T02:37:42.120+00:00,False,88,87.0,,87.0,294132.30116000003,300024.81981600006,300024.81976900005,3409.372951920455,0.02115,294132.30116000003,31347.394889394076,88.0702707,67.73009949425287,19.96841547574398,0.2899760094959996,42,64,,True,False,Request timeout: 300.0s exceeded,434,21.16838264042747
425,2026-09-14T02:32:44.859+00:00,2026-09-14T02:37:38.738+00:00,2026-09-14T02:37:44.900+00:00,False,89,88.0,,88.0,293879.053628,300041.27135600004,300041.271222,3371.2502384494383,0.02523,293879.053628,31143.700472483062,87.9287908,70.02520145454545,19.027458295452487,0.2932929846693913,42,64,,True,False,Request timeout: 300.0s exceeded,323,21.16838264042747
426,2026-09-14T02:32:48.532+00:00,2026-09-14T02:37:42.369+00:00,2026-09-14T02:37:48.597+00:00,False,91,90.0,,90.0,293837.052976,300064.777008,300064.777231,3297.4151344065936,0.0367,293837.052976,30795.244758239423,86.321848,69.19693368888889,19.101005010395877,0.2999352369758498,42,64,,True,False,Request timeout: 300.0s exceeded,358,21.16838264042747
427,2026-09-14T02:32:53.660+00:00,2026-09-14T02:37:47.129+00:00,2026-09-14T02:37:53.692+00:00,False,99,98.0,,98.0,293469.039528,300032.131496,300032.131607,3030.627591989899,0.03498,293469.039528,29488.023881005873,88.939328,66.97032620408163,19.556544466681302,0.3266316827846371,42,64,,True,False,Request timeout: 300.0s exceeded,514,21.16838264042747
428,2026-09-14T02:32:56.634+00:00,2026-09-14T02:37:50.161+00:00,2026-09-14T02:37:56.660+00:00,False,93,92.0,,92.0,293526.947624,300026.03088800004,300026.030937,3226.0863541612907,0.021809000000000002,293526.947624,30430.00782708685,90.30294359999999,70.64220939130435,20.004958767538128,0.3066400596231721,42,64,,True,False,Request timeout: 300.0s exceeded,480,21.16838264042747
429,2026-09-14T02:33:00.773+00:00,2026-09-14T02:37:54.554+00:00,2026-09-14T02:38:00.813+00:00,False,87,86.0,,86.0,293781.06200599996,300039.81630999997,300039.81631599995,3448.7335208735626,0.038259999999999995,293781.06200599996,31488.839475782865,91.06074930000001,72.7762128372093,19.548452198952425,0.2866286250193712,42,64,,True,False,Request timeout: 300.0s exceeded,352,21.16838264042747
430,2026-09-14T02:33:03.754+00:00,2026-09-14T02:37:57.461+00:00,2026-09-14T02:38:03.848+00:00,False,91,90.0,,90.0,293707.281509,300094.457957,300094.457839,3297.741294934066,0.02122,293707.281509,30781.455664933852,90.02035,70.9686272,19.700628793807372,0.2999055717746575,42,64,,True,False,Request timeout: 300.0s exceeded,437,21.16838264042747
431,2026-09-14T02:33:08.265+00:00,2026-09-14T02:38:01.993+00:00,2026-09-14T02:38:08.294+00:00,False,92,91.0,,91.0,293728.195323,300028.633595,300028.633695,3261.180801032609,0.03493,293728.195323,30616.06957301366,89.41496554999999,69.23558540659342,20.232733880586235,0.3033043843503226,42,64,,True,False,Request timeout: 300.0s exceeded,382,21.16838264042747
432,2026-09-14T02:33:11.868+00:00,2026-09-14T02:38:05.561+00:00,2026-09-14T02:38:12.760+00:00,False,62,61.0,,61.0,293692.988444,300891.41404400003,300891.413841,4853.0873200161295,0.04692,293692.988444,37285.939431588595,91.11319105000001,118.00697704918034,377.47883839726825,0.20273094263527183,42,64,,True,False,Request timeout: 300.0s exceeded,208,21.16838264042747
433,2026-09-14T02:33:15.186+00:00,2026-09-14T02:38:08.722+00:00,2026-09-14T02:38:15.224+00:00,False,106,105.0,,105.0,293536.368352,300037.835488,300037.835581,2830.5456186886795,0.01494,293536.368352,28506.243482312515,88.52849300000001,61.91873462857143,292.3710664534289,0.3499558641636697,42,64,,True,False,Request timeout: 300.0s exceeded,502,21.16838264042747
434,2026-09-14T02:33:17.992+00:00,2026-09-14T02:38:13.808+00:00,2026-09-14T02:38:18.037+00:00,False,65,64.0,,64.0,295816.048781,300045.75553300005,300045.755674,4616.0885488307695,0.02116,295816.048781,36683.27653640533,88.07408160000001,66.089168,25.597376559413522,0.2133008010271989,42,64,,True,False,Request timeout: 300.0s exceeded,357,21.16838264042747
435,2026-09-14T02:33:21.666+00:00,2026-09-14T02:38:14.652+00:00,2026-09-14T02:38:21.701+00:00,False,106,105.0,,105.0,292986.23164099996,300034.833497,300034.83332499996,2830.5172955188677,0.03473,292986.23164099996,28450.824874282043,87.864969,67.12954148571428,19.48056208077581,0.3499593656382898,42,64,,True,False,Request timeout: 300.0s exceeded,476,21.16838264042747
436,2026-09-14T02:33:24.947+00:00,2026-09-14T02:38:18.284+00:00,2026-09-14T02:38:25.021+00:00,False,99,98.0,,98.0,293337.12944,300074.28272,300074.28277,3031.053361313131,0.01874,293337.12944,29474.587984971346,88.085314,68.74646204081633,19.665883453354102,0.32658580106127927,42,64,,True,False,Request timeout: 300.0s exceeded,433,21.16838264042747
437,2026-09-14T02:33:28.324+00:00,2026-09-14T02:38:22.310+00:00,2026-09-14T02:38:28.408+00:00,False,94,93.0,,93.0,293986.651907,300084.29798699997,300084.297988,3192.3861488085104,0.02361,293986.651907,30315.65183905484,88.4777898,65.56608688172044,20.074805986254603,0.30991291654996517,42,64,,True,False,Request timeout: 300.0s exceeded,370,21.16838264042747
438,2026-09-14T02:33:33.415+00:00,2026-09-14T02:38:27.204+00:00,2026-09-14T02:38:33.428+00:00,False,95,94.0,,94.0,293789.5453,300013.56834,300013.568244,3158.0375604631577,0.03879,293789.5453,30135.38485327459,88.24926200000002,66.21301106382978,20.36819283758197,0.3133191625969112,42,64,,True,False,Request timeout: 300.0s exceeded,396,21.16838264042747
439,2026-09-14T02:33:37.601+00:00,2026-09-14T02:38:31.293+00:00,2026-09-14T02:38:37.645+00:00,False,92,91.0,,91.0,293691.98574800004,300043.481428,300043.481558,3261.3421908478263,0.02047,293691.98574800004,30612.235946122648,88.97483055000001,69.79665582417582,20.19768532584194,0.3032893751495709,42,64,,True,False,Request timeout: 300.0s exceeded,469,21.16838264042747
440,2026-09-14T02:33:42.708+00:00,2026-09-14T02:38:36.618+00:00,2026-09-14T02:38:42.734+00:00,False,92,91.0,,91.0,293909.524413,300025.79398099997,300025.794053,3261.1499353586955,0.020739999999999998,293909.524413,30635.185832967745,88.9557661,67.2117534945055,20.836894625916884,0.30330725499475836,42,64,,True,False,Request timeout: 300.0s exceeded,454,21.16838264042747
441,2026-09-14T02:33:46.021+00:00,2026-09-14T02:38:39.770+00:00,2026-09-14T02:38:46.058+00:00,False,97,96.0,,96.0,293749.430009,300037.290489,300037.290518,3093.167943484536,0.025670000000000002,293749.430009,29819.09235578524,87.3086794,65.49854666666667,20.537309146053847,0.319960228422072,42,64,,True,False,Request timeout: 300.0s exceeded,370,21.16838264042747
442,2026-09-14T02:33:50.323+00:00,2026-09-14T02:38:43.889+00:00,2026-09-14T02:38:50.356+00:00,False,100,99.0,,99.0,293565.534666,300032.851914,300032.851926,3000.32851926,0.02265,293565.534666,29350.027470247467,87.51597190000001,65.32643684848485,19.85400554156146,0.3299638668514103,42,64,,True,False,Request timeout: 300.0s exceeded,467,21.16838264042747
443,2026-09-14T02:33:53.633+00:00,2026-09-14T02:38:47.346+00:00,2026-09-14T02:38:53.645+00:00,False,94,93.0,,93.0,293712.358464,300011.466048,300011.46605,3191.611340957447,0.02216,293712.358464,30287.137061044712,89.11997899999999,67.73233961290322,19.854267568163184,0.3099881522032247,42,64,,True,False,Request timeout: 300.0s exceeded,290,21.16838264042747
444,2026-09-14T02:33:56.839+00:00,2026-09-14T02:38:50.353+00:00,2026-09-14T02:38:56.849+00:00,False,97,96.0,,96.0,293514.52645999996,300010.33957999997,300010.33954099996,3092.8900983608246,0.02927,293514.52645999996,29795.021122508602,88.45440779999998,67.66472,19.858050035106704,0.31998897149476707,42,64,,True,False,Request timeout: 300.0s exceeded,483,21.16838264042747
445,2026-09-14T02:34:00.432+00:00,2026-09-14T02:38:53.857+00:00,2026-09-14T02:39:00.494+00:00,False,100,99.0,,99.0,293425.453648,300061.796944,300061.79684100003,3000.6179684100002,0.02157,293425.453648,29335.84856400989,87.06231895,67.03377066666667,19.742664249900113,0.3299320373612113,42,64,,True,False,Request timeout: 300.0s exceeded,218,21.16838264042747
446,2026-09-14T02:34:05.491+00:00,2026-09-14T02:38:59.428+00:00,2026-09-14T02:39:05.954+00:00,False,96,95.0,,95.0,293936.37859700003,300463.084005,300463.083952,3129.823791166667,0.03027,293936.37859700003,29992.750482919284,87.55853725000001,68.70216218947368,19.622080317488432,0.31617860914460666,42,64,,True,False,Request timeout: 300.0s exceeded,394,21.16838264042747
447,2026-09-14T02:34:09.670+00:00,2026-09-14T02:39:03.199+00:00,2026-09-14T02:39:09.679+00:00,False,102,101.0,,101.0,293528.829855,300009.22844700003,300009.22850800003,2941.266946156863,0.038509999999999996,293528.829855,29057.338899729748,88.77149960000001,64.1623622970297,20.201709849171777,0.33665631061693413,42,64,,True,False,Request timeout: 300.0s exceeded,558,21.16838264042747
448,2026-09-14T02:34:13.372+00:00,2026-09-14T02:39:07.117+00:00,2026-09-14T02:39:13.387+00:00,False,92,91.0,,91.0,293745.313487,300014.91604700004,300014.916155,3261.0316973369568,0.019280000000000002,293745.313487,30617.88953625331,89.53727405000001,68.89673142857143,20.146424356702006,0.30331825230230897,42,64,,True,False,Request timeout: 300.0s exceeded,423,21.16838264042747
449,2026-09-14T02:34:18.496+00:00,2026-09-14T02:39:12.116+00:00,2026-09-14T02:39:18.526+00:00,False,95,94.0,,94.0,293620.269538,300029.74384199997,300029.743962,3158.2078311789473,0.022719999999999997,293620.269538,30117.814730605052,86.79761699999999,68.18589685106383,19.78307862781278,0.3133022706225479,42,64,,True,False,Request timeout: 300.0s exceeded,401,21.16838264042747
450,2026-09-14T02:34:22.357+00:00,2026-09-14T02:39:16.046+00:00,2026-09-14T02:39:22.429+00:00,False,92,91.0,,91.0,293688.347695,300071.121967,300071.121904,3261.6426293913046,0.038729999999999994,293688.347695,30611.820204733835,89.30383705,70.14037661538461,19.235222754394023,0.30326143816667445,42,64,,True,False,Request timeout: 300.0s exceeded,370,21.16838264042747
451,2026-09-14T02:34:26.893+00:00,2026-09-14T02:39:20.760+00:00,2026-09-14T02:39:26.918+00:00,False,90,89.0,,89.0,293867.773435,300025.266939,300025.26700999995,3333.6140778888885,0.03655,293867.773435,30969.09648338453,88.35590645,69.18532026966291,19.532814302843285,0.2966416825756717,42,64,,True,False,Request timeout: 300.0s exceeded,386,21.16838264042747
452,2026-09-14T02:34:31.776+00:00,2026-09-14T02:39:25.643+00:00,2026-09-14T02:39:31.860+00:00,False,92,91.0,,91.0,293866.822645,300083.579381,300083.579454,3261.778037543478,0.038450000000000005,293866.822645,30630.61851116305,89.26408149999999,68.31600808791208,20.49328852084721,0.30324884882975284,42,64,,True,False,Request timeout: 300.0s exceeded,461,21.16838264042747
453,2026-09-14T02:34:35.624+00:00,2026-09-14T02:39:29.326+00:00,2026-09-14T02:39:35.649+00:00,False,106,105.0,,105.0,293701.97053,300025.479778,300025.479635,2830.4290531603774,0.027690000000000003,293701.97053,28521.014591978117,86.053138,60.2238976,19.907716436767124,0.3499702761168598,42,64,,True,False,Request timeout: 300.0s exceeded,271,21.16838264042747
454,2026-09-14T02:34:38.695+00:00,2026-09-14T02:39:32.157+00:00,2026-09-14T02:39:38.944+00:00,False,140,139.0,,139.0,293461.149947,300248.23730700003,300248.237204,2144.6302657428573,0.02069,293461.149947,24797.88866092009,88.4397786,48.827966618705034,32.71886036240855,0.462950261579302,42,64,,True,False,Request timeout: 300.0s exceeded,644,21.16838264042747
0,2026-09-14T02:04:40.933+00:00,2026-09-14T02:04:41.210+00:00,2026-09-14T02:04:47.025+00:00,True,121,121.0,,121.0,276.392907,6091.480011000001,6091.480022,50.342810099173555,0.02291,276.392907,27.366349870108372,84.42088199999998,48.459059200000006,17.95081181145245,19.863809744347527,43,64,,False,True,,634,21.16838264042747
1,2026-09-14T02:04:44.430+00:00,2026-09-14T02:04:44.592+00:00,2026-09-14T02:05:00.069+00:00,True,245,245.0,,245.0,161.538709,15638.673301,15638.673252999999,63.8313194,0.02573,161.538709,22.64487509711925,96.30554000000001,63.43087947540984,21.804870287612417,15.666290565986419,43,64,,False,True,,1215,21.16838264042747
2,2026-09-14T02:04:49.690+00:00,2026-09-14T02:04:54.277+00:00,2026-09-14T02:05:11.220+00:00,True,258,258.0,,258.0,4586.934872999999,21529.553753,21529.553588,83.44788212403101,36.810472000000004,4586.934872999999,282.2934910594614,95.65358185,65.92458708171206,21.6434205896072,11.983527524998022,43,64,,False,True,,736,21.16838264042747
3,2026-09-14T02:04:54.235+00:00,2026-09-14T02:05:02.590+00:00,2026-09-14T02:05:17.544+00:00,True,227,227.0,,227.0,8355.058733,23309.732397,23309.732528,102.68604637885463,21.763444,8355.058733,550.5922436808195,93.58154059999998,66.17112240707965,22.042510985723602,9.738421537143655,43,64,,False,True,,709,21.16838264042747
4,2026-09-14T02:04:59.291+00:00,2026-09-14T02:05:10.985+00:00,2026-09-14T02:05:30.788+00:00,True,293,293.0,,293.0,11694.089406,31496.487613999998,31496.487635999998,107.4965448327645,20.122628,11694.089406,679.5741859715458,94.49035900000001,67.81643221917808,22.157063822051136,9.302624584392174,43,64,,False,True,,1355,21.16838264042747
5,2026-09-14T02:05:02.419+00:00,2026-09-14T02:05:15.962+00:00,2026-09-14T02:05:35.812+00:00,True,294,294.0,,294.0,13543.212719000001,33393.023663,33393.023789,113.58171356802721,37.321940999999995,13543.212719000001,786.2188848002669,95.41027050000001,67.74679503071671,22.2473996948768,8.804234170796478,43,64,,False,True,,1351,21.16838264042747
6,2026-09-14T02:05:08.061+00:00,2026-09-14T02:05:26.333+00:00,2026-09-14T02:05:35.638+00:00,True,136,136.0,,136.0,18271.844414,27577.605693999998,27577.605774,202.77651304411765,41.493750999999996,18271.844414,1561.0427103079292,95.863456,68.93156503703703,22.137302811151343,4.93153762183166,43,64,,False,True,,671,21.16838264042747
7,2026-09-14T02:05:12.891+00:00,2026-09-14T02:05:34.623+00:00,2026-09-14T02:05:45.016+00:00,True,160,160.0,,160.0,21731.350305,32124.354080999998,32124.353954,200.7772122125,0.01737,21731.350305,1713.088057657108,96.53653405000001,65.36480362264152,28.855363137569732,4.980644890059665,43,64,,False,True,,1028,21.16838264042747
8,2026-09-14T02:05:18.255+00:00,2026-09-14T02:05:44.382+00:00,2026-09-14T02:06:02.915+00:00,True,280,280.0,,280.0,26127.501632,44660.582464,44660.582437,159.50208013214285,40.137215,26127.501632,1557.6022079981863,95.75733749999999,66.42681301792115,22.019848031973012,6.2695107083679975,43,64,,False,True,,1306,21.16838264042747
9,2026-09-14T02:05:23.682+00:00,2026-09-14T02:05:54.239+00:00,2026-09-14T02:06:05.771+00:00,True,173,173.0,,173.0,30557.779897,42089.228985,42089.229126,243.29034176878613,39.865126,30557.779897,2318.2710849330415,95.6524646,67.04330865116279,21.949674257448695,4.110315255754738,43,64,,False,True,,894,21.16838264042747
10,2026-09-14T02:05:27.922+00:00,2026-09-14T02:06:01.225+00:00,2026-09-14T02:06:11.171+00:00,True,147,147.0,,147.0,33303.256903,43248.869447000005,43248.869545,294.2099969047619,39.155087,33303.256903,2741.2740862838637,95.1071796,68.1206338630137,21.81993054115055,3.398932778581494,43,64,,False,True,,635,21.16838264042747
11,2026-09-14T02:05:31.637+00:00,2026-09-14T02:06:07.143+00:00,2026-09-14T02:06:24.680+00:00,True,262,262.0,,262.0,35505.678871,53042.764823,53042.764856999995,202.45330098091603,4.51661,35505.678871,2189.5144269953753,94.091397,67.19190019923371,22.71604601576227,4.939410697656423,43,64,,False,True,,1047,21.16838264042747
12,2026-09-14T02:05:35.438+00:00,2026-09-14T02:06:13.507+00:00,2026-09-14T02:06:30.297+00:00,True,254,254.0,,254.0,38069.890068,54859.961108,54859.961088000004,215.98409877165355,8.612262000000001,38069.890068,2384.6587362877603,94.52857650000001,66.3639171541502,22.467677599210262,4.629970471542318,43,64,,False,True,,1179,21.16838264042747
13,2026-09-14T02:05:40.233+00:00,2026-09-14T02:06:22.076+00:00,2026-09-14T02:06:33.330+00:00,True,174,174.0,,174.0,41843.334317,53097.669037,53097.668923,305.1590167988506,0.01648,41843.334317,3167.388389982859,94.352965,65.05395791907515,34.34440617007057,3.2769800097769215,43,64,,False,True,,634,21.16838264042747
14,2026-09-14T02:05:45.663+00:00,2026-09-14T02:06:32.925+00:00,2026-09-14T02:06:43.642+00:00,True,161,161.0,,161.0,47262.36099,57978.589086,57978.589016,360.1154597267081,0.01759,47262.36099,3719.6907499787485,94.20321000000001,66.9764256,36.02664705841698,2.776887167109012,43,64,,False,True,,721,21.16838264042747
15,2026-09-14T02:05:49.040+00:00,2026-09-14T02:06:38.025+00:00,2026-09-14T02:06:55.348+00:00,True,262,262.0,,262.0,48984.949861,66307.433829,66307.433842,253.08180855725192,7.850634,48984.949861,3022.2869359985807,95.49626054999999,66.36967037547893,22.970491734480127,3.951291504896281,43,64,,False,True,,1177,21.16838264042747
16,2026-09-14T02:05:54.678+00:00,2026-09-14T02:06:47.189+00:00,2026-09-14T02:07:03.475+00:00,True,246,246.0,,246.0,52511.812691,68797.111635,68797.111735,279.6630558333333,40.286125,52511.812691,3343.8622460079073,95.41607575,66.47060793469387,21.582003492232097,3.575731511885877,43,64,,False,True,,1294,21.16838264042747
17,2026-09-14T02:06:00.081+00:00,2026-09-14T02:06:56.942+00:00,2026-09-14T02:07:08.145+00:00,True,170,170.0,,170.0,56860.782303,68064.616671,68064.616734,400.38009843529414,0.0,56860.782303,4356.00735972668,95.7948745,66.29487791715977,24.5939546896116,2.4976266423671962,43,64,,False,True,,701,21.16838264042747
18,2026-09-14T02:06:04.856+00:00,2026-09-14T02:07:05.214+00:00,2026-09-14T02:07:20.149+00:00,True,225,225.0,,225.0,60358.118594,75293.720514,75293.720429,334.6387574622222,0.0,60358.118594,4019.5143708448572,96.63266800000001,66.67679428571428,26.186032561206655,2.988297011543796,43,64,,False,True,,937,21.16838264042747
19,2026-09-14T02:06:10.343+00:00,2026-09-14T02:07:15.170+00:00,2026-09-14T02:07:27.387+00:00,True,185,185.0,,185.0,64827.029591,77043.554903,77043.554862,416.4516479027027,32.685921,64827.029591,4761.349173474023,96.6232028,66.39415930434782,22.433753049918483,2.401239146258505,43,64,,False,True,,885,21.16838264042747
20,2026-09-14T02:06:14.522+00:00,2026-09-14T02:07:22.220+00:00,2026-09-14T02:07:31.344+00:00,True,140,140.0,,140.0,67698.236273,76822.21681700001,76822.216964,548.7301211714286,0.0165,67698.236273,5716.175369399784,95.80218704999999,65.64014779856115,45.239231973584275,1.8223894831555987,43,64,,False,True,,646,21.16838264042747
21,2026-09-14T02:06:18.443+00:00,2026-09-14T02:07:30.622+00:00,2026-09-14T02:07:39.805+00:00,True,142,142.0,,142.0,72178.19303200001,81361.28192800001,81361.28187900002,572.9667737957748,1.049108,72178.19303200001,6051.648226079671,94.44437655,65.12829004255319,25.71889089925063,1.745301900794308,43,64,,False,True,,270,21.16838264042747
22,2026-09-14T02:06:22.640+00:00,2026-09-14T02:07:37.613+00:00,2026-09-14T02:07:45.103+00:00,True,116,116.0,,116.0,74973.36040800001,82463.35516,82463.35507800001,710.8909920517242,39.252576999999995,74973.36040800001,6955.0850415940495,92.05839775,65.1303891478261,20.683880931188185,1.4066854274232514,43,64,,False,True,,498,21.16838264042747
23,2026-09-14T02:06:26.807+00:00,2026-09-14T02:07:44.339+00:00,2026-09-14T02:07:59.037+00:00,True,225,225.0,,225.0,77532.083731,92229.59720300001,92229.597219,409.90932097333337,0.0,77532.083731,5164.4883434415415,93.492919,65.61389942857143,24.323037326478808,2.4395639450183055,43,64,,False,True,,1042,21.16838264042747
24,2026-09-14T02:06:31.781+00:00,2026-09-14T02:07:52.772+00:00,2026-09-14T02:08:09.941+00:00,True,261,261.0,,261.0,80991.056222,98159.673438,98159.673536,376.0907032030651,39.688576999999995,80991.056222,5009.181232120862,95.095489,66.03314313846154,21.98411955849994,2.6589330512071627,43,64,,False,True,,1129,21.16838264042747
25,2026-09-14T02:06:37.043+00:00,2026-09-14T02:08:00.827+00:00,2026-09-14T02:08:20.110+00:00,True,292,292.0,,292.0,83784.03201800001,103067.233042,103067.23322200001,352.96997678767127,0.0,83784.03201800001,4899.279438469335,96.42598044999998,66.26529561512028,25.801919335884183,2.8331021546004798,43,64,,False,True,,1291,21.16838264042747
26,2026-09-14T02:06:41.520+00:00,2026-09-14T02:08:09.390+00:00,2026-09-14T02:08:15.986+00:00,True,104,104.0,,104.0,87870.269831,94465.985927,94465.985974,908.3267882115384,0.0,87870.269831,8610.163041908461,96.6507968,64.03607860194175,30.48387660873884,1.1009253646107875,43,64,,False,True,,538,21.16838264042747
27,2026-09-14T02:06:45.694+00:00,2026-09-14T02:08:17.505+00:00,2026-09-14T02:08:35.693+00:00,True,271,271.0,,271.0,91810.618634,109998.19265,109998.192656,405.89738987453876,0.0158,91810.618634,5573.168173902683,96.37249100000001,67.36138524444445,42.59643138644605,2.463676842966747,43,64,,False,True,,1337,21.16838264042747
28,2026-09-14T02:06:49.872+00:00,2026-09-14T02:08:25.057+00:00,2026-09-14T02:08:33.089+00:00,True,124,124.0,,124.0,95185.38238699999,103217.904627,103217.90459899999,832.4024564435483,39.782406,95185.38238699999,8542.064607453047,96.72844300000001,65.30505886178861,22.540867088534604,1.2013419614368317,43,64,,False,True,,542,21.16838264042747
29,2026-09-14T02:06:54.955+00:00,2026-09-14T02:08:34.201+00:00,2026-09-14T02:08:51.865+00:00,True,264,264.0,,264.0,99245.815844,116909.92208399999,116909.922173,442.84061429166667,0.0,99245.815844,6104.072781689346,95.3873395,67.16390205323194,24.432396537568483,2.258148797758291,43,64,,False,True,,1466,21.16838264042747
30,2026-09-14T02:07:00.699+00:00,2026-09-14T02:08:44.506+00:00,2026-09-14T02:08:52.687+00:00,True,123,123.0,,123.0,103807.348782,111987.619886,111987.619732,910.4684531056911,40.786084,103807.348782,9353.974220138733,95.19794429999997,67.05140249180329,22.406450132161325,1.098335692152492,43,64,,False,True,,275,21.16838264042747
31,2026-09-14T02:07:05.651+00:00,2026-09-14T02:08:53.011+00:00,2026-09-14T02:09:10.981+00:00,True,275,275.0,,275.0,107360.047249,125330.346129,125330.34600599999,455.7467127490909,0.0,107360.047249,6470.154489784557,95.28869399999999,65.58503240875912,26.720963290964875,2.1942012329316323,43,64,,False,True,,1350,21.16838264042747
32,2026-09-14T02:07:09.107+00:00,2026-09-14T02:08:59.492+00:00,2026-09-14T02:09:16.138+00:00,True,252,252.0,,252.0,110384.713037,127030.528845,127030.529082,504.0894011190476,31.930632000000003,110384.713037,6949.442797759265,97.0310685,66.31799126693227,22.760395005582076,1.9837750995076557,43,64,,False,True,,1321,21.16838264042747
33,2026-09-14T02:07:14.778+00:00,2026-09-14T02:09:09.715+00:00,2026-09-14T02:09:29.798+00:00,True,296,296.0,,296.0,114937.14775599999,135020.880492,135020.88045,456.1516231418919,0.0,114937.14775599999,6676.798173738885,97.42550899999998,68.08044995254238,47.62153807879641,2.192253516059229,43,64,,False,True,,1310,21.16838264042747
34,2026-09-14T02:07:17.945+00:00,2026-09-14T02:09:15.717+00:00,2026-09-14T02:09:27.707+00:00,True,181,181.0,,181.0,117772.645455,129762.73006300001,129762.729882,716.9211595690608,0.0,117772.645455,8749.221961715224,96.93026600000002,66.61158115555556,59.52508623368848,1.3948535138874174,43,64,,False,True,,957,21.16838264042747
35,2026-09-14T02:07:21.217+00:00,2026-09-14T02:09:20.757+00:00,2026-09-14T02:09:34.842+00:00,True,214,214.0,,214.0,119540.124477,133625.45721300002,133625.45722,624.4180243925234,0.0,119540.124477,8167.125525000441,95.97250264999998,66.12832270422535,29.01075390328957,1.6014912462292448,43,64,,False,True,,824,21.16838264042747
36,2026-09-14T02:07:25.945+00:00,2026-09-14T02:09:28.997+00:00,2026-09-14T02:09:47.277+00:00,True,281,281.0,,281.0,123051.364556,141331.58574,141331.585609,502.9593793914591,0.0,123051.364556,7336.787213613175,95.003849,65.28650422857143,27.909784178339972,1.988232131753905,43,64,,False,True,,1100,21.16838264042747
37,2026-09-14T02:07:29.281+00:00,2026-09-14T02:09:34.753+00:00,2026-09-14T02:09:42.783+00:00,True,120,120.0,,120.0,125472.222501,133501.988645,133501.988592,1112.5165716,40.291325,125472.222501,11447.854565008996,95.05163595,67.47702642016807,21.442371085148395,0.8988630148356543,43,64,,False,True,,646,21.16838264042747
38,2026-09-14T02:07:34.836+00:00,2026-09-14T02:09:44.118+00:00,2026-09-14T02:09:51.890+00:00,True,123,123.0,,123.0,129282.21727699999,137053.720637,137053.720694,1114.2578918211382,0.0,129282.21727699999,11651.290796304907,93.80096399999998,63.700847213114756,34.118835858953226,0.8974583063365158,43,64,,False,True,,517,21.16838264042747
39,2026-09-14T02:07:39.713+00:00,2026-09-14T02:09:53.235+00:00,2026-09-14T02:10:05.038+00:00,True,179,179.0,,179.0,133522.392126,145325.341758,145325.34171799998,811.8734174189943,34.146277999999995,133522.392126,9975.000884847525,95.2276989,66.30870579775281,22.340035814466262,1.2317191057983268,43,64,,False,True,,981,21.16838264042747
40,2026-09-14T02:07:43.997+00:00,2026-09-14T02:10:00.725+00:00,2026-09-14T02:10:15.540+00:00,True,222,222.0,,222.0,136728.145301,151543.131029,151543.131102,682.6267166756758,0.0,136728.145301,9172.138862249452,96.278776,67.0361345158371,29.04169848461975,1.4649294791033254,43,64,,False,True,,484,21.16838264042747
41,2026-09-14T02:07:47.614+00:00,2026-09-14T02:10:07.574+00:00,2026-09-14T02:10:21.632+00:00,True,217,217.0,,217.0,139959.95778099998,154018.499861,154018.49988999998,709.7626723041474,0.0,139959.95778099998,9496.928098347029,94.942369,65.08584296296296,68.42894506791788,1.4089216567869454,43,64,,False,True,,950,21.16838264042747
42,2026-09-14T02:07:51.582+00:00,2026-09-14T02:10:15.219+00:00,2026-09-14T02:10:26.814+00:00,True,177,177.0,,177.0,143636.108961,155231.079585,155231.079543,877.0117488305084,0.015519999999999999,143636.108961,10791.637049737645,95.9423618,65.8805149090909,71.85374017773748,1.1402355795836618,43,64,,False,True,,633,21.16838264042747
43,2026-09-14T02:07:54.871+00:00,2026-09-14T02:10:18.906+00:00,2026-09-14T02:10:32.805+00:00,True,212,212.0,,212.0,144035.13988600002,157934.50628600002,157934.506441,744.9740869858491,41.295792,144035.13988600002,9887.873343961339,95.46757805000001,65.87377440758294,21.63266587470395,1.3423285701485272,43,64,,False,True,,1159,21.16838264042747
44,2026-09-14T02:07:58.009+00:00,2026-09-14T02:10:26.539+00:00,2026-09-14T02:10:39.542+00:00,True,195,195.0,,195.0,148529.26308,161533.127912,161533.127866,828.375014697436,39.357656999999996,148529.26308,10631.624657017981,95.41963770000001,67.03023109278351,22.334770132745618,1.2071827155246575,43,64,,False,True,,797,21.16838264042747
45,2026-09-14T02:08:03.408+00:00,2026-09-14T02:10:35.374+00:00,2026-09-14T02:10:49.147+00:00,True,209,209.0,,209.0,151966.068625,165739.336849,165739.33674700002,793.0111806076555,0.0,151966.068625,10507.183338376019,96.25007099999999,66.2176356923077,32.79679479576303,1.2610162679148007,43,64,,False,True,,842,21.16838264042747
46,2026-09-14T02:08:07.731+00:00,2026-09-14T02:10:43.490+00:00,2026-09-14T02:10:58.576+00:00,True,229,229.0,,229.0,155759.29846599998,170844.75305799997,170844.752976,746.0469562270741,2.148676,155759.29846599998,10288.515958332337,95.436359,66.16427452631578,22.29691557293909,1.3403982030531363,43,64,,False,True,,1275,21.16838264042747
47,2026-09-14T02:08:12.451+00:00,2026-09-14T02:10:52.341+00:00,2026-09-14T02:11:10.018+00:00,True,269,269.0,,269.0,159889.528478,177566.429342,177566.429332,660.0982503048327,0.0,159889.528478,9744.661804078754,93.8782408,65.95858531343283,30.245814004344492,1.5149259969737596,43,64,,False,True,,1293,21.16838264042747
48,2026-09-14T02:08:16.843+00:00,2026-09-14T02:10:58.224+00:00,2026-09-14T02:11:07.313+00:00,True,143,143.0,,143.0,161380.341668,170469.992612,170469.992636,1192.0978506013987,41.618522,161380.341668,13489.965878429719,93.66811710000002,64.01162636619718,21.28273453666168,0.8388573132954645,43,64,,False,True,,670,21.16838264042747
49,2026-09-14T02:08:21.667+00:00,2026-09-14T02:11:07.709+00:00,2026-09-14T02:11:24.885+00:00,True,261,261.0,,261.0,166042.540426,183218.594698,183218.594827,701.9869533601533,0.0,166042.540426,10273.732731420892,95.82190799999998,66.0617472,31.00961245444899,1.424527900294222,43,64,,False,True,,1381,21.16838264042747
50,2026-09-14T02:08:26.744+00:00,2026-09-14T02:11:16.551+00:00,2026-09-14T02:11:29.600+00:00,True,198,198.0,,198.0,169807.919189,182856.487765,182856.487639,923.5176143383839,0.01629,169807.919189,12063.248607289775,96.81752835000002,66.2363887106599,75.08393886106938,1.0828163792277463,43,64,,False,True,,1036,21.16838264042747
51,2026-09-14T02:08:30.736+00:00,2026-09-14T02:11:24.272+00:00,2026-09-14T02:11:40.328+00:00,True,244,244.0,,244.0,173535.834556,189591.57292399998,189591.573018,777.0146435163933,0.015710000000000002,173535.834556,11105.465918318321,95.709112,66.07299739917696,67.18685055021278,1.286977032981367,43,64,,False,True,,818,21.16838264042747
52,2026-09-14T02:08:35.379+00:00,2026-09-14T02:11:31.984+00:00,2026-09-14T02:11:41.048+00:00,True,139,139.0,,139.0,176604.879975,185668.673127,185668.673243,1335.7458506690646,40.870884,176604.879975,14973.876613317092,94.7202118,65.67966052173914,22.697115179105477,0.7486454104453154,43,64,,False,True,,682,21.16838264042747
53,2026-09-14T02:08:40.546+00:00,2026-09-14T02:11:41.883+00:00,2026-09-14T02:11:53.792+00:00,True,180,180.0,,180.0,181337.394769,193246.634065,193246.63408000002,1073.5924115555556,0.0,181337.394769,13511.152542862277,94.38110895000001,66.53206310614524,23.408386075711814,0.931452187361026,43,64,,False,True,,650,21.16838264042747
54,2026-09-14T02:08:44.430+00:00,2026-09-14T02:11:47.164+00:00,2026-09-14T02:12:00.451+00:00,True,196,196.0,,196.0,182733.757011,196020.801107,196020.801198,1000.1061285612245,41.191173,182733.757011,13047.56483985526,96.547981,68.13868767179487,23.286692446187157,0.9998938831650389,43,64,,False,True,,713,21.16838264042747
55,2026-09-14T02:08:48.310+00:00,2026-09-14T02:11:54.644+00:00,2026-09-14T02:12:02.359+00:00,True,119,119.0,,119.0,186333.87050699999,194048.679339,194048.67939699997,1630.6611714033613,41.609972,186333.87050699999,17075.21826839316,95.30901379999999,65.37973586440678,21.73428294648523,0.6132481829062535,43,64,,False,True,,529,21.16838264042747
56,2026-09-14T02:08:53.618+00:00,2026-09-14T02:12:04.454+00:00,2026-09-14T02:12:18.097+00:00,True,200,200.0,,200.0,190836.015709,204478.921565,204478.921776,1022.39460888,0.0,190836.015709,13489.343009938537,100.02165695,68.55731585929648,35.57094796770199,0.9780959253368507,43,64,,False,True,,478,21.16838264042747
57,2026-09-14T02:08:58.016+00:00,2026-09-14T02:12:11.964+00:00,2026-09-14T02:12:22.497+00:00,True,158,158.0,,158.0,193948.295189,204481.532181,204481.53216,1294.1869124050634,0.0,193948.295189,15424.406241520586,98.296116,67.09068147770701,37.70456038994919,0.7726859160080229,43,64,,False,True,,660,21.16838264042747
58,2026-09-14T02:09:01.601+00:00,2026-09-14T02:12:18.404+00:00,2026-09-14T02:12:29.465+00:00,True,166,166.0,,166.0,196802.490039,207863.931831,207863.931777,1252.1923601024096,39.185707,196802.490039,15269.647457934712,94.35317875000001,67.03904116363637,21.5297705259364,0.7985993459171324,43,64,,False,True,,757,21.16838264042747
59,2026-09-14T02:09:04.772+00:00,2026-09-14T02:12:23.256+00:00,2026-09-14T02:12:35.906+00:00,True,192,192.0,,192.0,198483.66264,211133.146928,211133.14702099998,1099.6518074010417,41.098774,198483.66264,14319.560607534482,95.11759894999999,66.22766642931937,21.24055012445622,0.9093787630867609,43,64,,False,True,,814,21.16838264042747
60,2026-09-14T02:09:08.162+00:00,2026-09-14T02:12:30.884+00:00,2026-09-14T02:12:38.323+00:00,True,114,114.0,,114.0,202721.401354,210160.448778,210160.448726,1843.512708122807,40.532805,202721.401354,18980.44492307138,94.05419065,65.83227808849557,21.31243748870875,0.5424426939648491,43,64,,False,True,,559,21.16838264042747
61,2026-09-14T02:09:12.209+00:00,2026-09-14T02:12:37.826+00:00,2026-09-14T02:12:52.683+00:00,True,228,228.0,,228.0,205617.030259,220474.090355,220474.09058699998,966.991625381579,0.0,205617.030259,13613.23468002067,94.61125120000001,65.44960394713657,82.46873037289649,1.0341351205163476,43,64,,False,True,,871,21.16838264042747
62,2026-09-14T02:09:17.413+00:00,2026-09-14T02:12:46.550+00:00,2026-09-14T02:12:58.291+00:00,True,181,181.0,,181.0,209136.738255,220878.34772700001,220878.347749,1220.3223632541437,0.0,209136.738255,15540.438037229696,95.849588,65.23116373333333,92.759397161563,0.8194556046920062,43,64,,False,True,,839,21.16838264042747
63,2026-09-14T02:09:21.325+00:00,2026-09-14T02:12:54.060+00:00,2026-09-14T02:13:01.736+00:00,True,116,116.0,,116.0,212734.921789,220411.10201300003,220411.10203100002,1900.0957071637931,40.904504,212734.921789,19745.756433855113,96.49829600000001,66.74939325217392,22.169903287097416,0.5262892791723269,43,64,,False,True,,382,21.16838264042747
64,2026-09-14T02:09:26.351+00:00,2026-09-14T02:13:02.868+00:00,2026-09-14T02:13:11.018+00:00,True,125,125.0,,125.0,216516.64811,224667.198638,224667.198542,1797.3375883360002,32.309302,216516.64811,19359.971659154333,95.661741,65.73024619354838,22.53849703395641,0.5563785045515657,43,64,,False,True,,513,21.16838264042747
65,2026-09-14T02:09:31.986+00:00,2026-09-14T02:13:12.871+00:00,2026-09-14T02:13:24.515+00:00,True,177,177.0,,177.0,220884.740125,232528.52892500002,232528.52894400002,1313.7205025084747,40.173915,220884.740125,16597.755246474626,93.80267220000002,66.15789090909091,21.789942955803767,0.7611969198716677,43,64,,False,True,,833,21.16838264042747
66,2026-09-14T02:09:37.470+00:00,2026-09-14T02:13:22.318+00:00,2026-09-14T02:13:38.830+00:00,True,252,252.0,,252.0,224848.115153,241360.615889,241360.615716,957.7802210952381,0.0,224848.115153,14160.001400976134,93.87225604999999,65.78685552191236,36.0438103598605,1.0440808624547635,43,64,,False,True,,1129,21.16838264042747
67,2026-09-14T02:09:41.780+00:00,2026-09-14T02:13:29.719+00:00,2026-09-14T02:13:49.185+00:00,True,289,289.0,,289.0,227939.368589,247404.73127699998,247404.73118799998,856.0717342145329,0.0,227939.368589,13404.267291629825,95.01589200000001,67.5880648888889,34.757822345583314,1.1681264077218838,43,64,,False,True,,1354,21.16838264042747
68,2026-09-14T02:09:46.221+00:00,2026-09-14T02:13:37.533+00:00,2026-09-14T02:13:52.724+00:00,True,228,228.0,,228.0,231311.985525,246503.070325,246503.07012699998,1081.153816346491,40.690903,231311.985525,15314.594731261857,95.69236049999999,66.92107841409691,22.336762660816525,0.9249377693324274,43,64,,False,True,,1109,21.16838264042747
69,2026-09-14T02:09:50.356+00:00,2026-09-14T02:13:46.040+00:00,2026-09-14T02:14:00.886+00:00,True,222,222.0,,222.0,235683.743193,250529.614553,250529.614555,1128.5117772747749,35.625614,235683.743193,15813.564510009808,96.25852555,67.17588850678733,22.492997608315445,0.8861227859073543,43,64,,False,True,,1279,21.16838264042747
70,2026-09-14T02:09:53.526+00:00,2026-09-14T02:13:51.728+00:00,2026-09-14T02:14:02.586+00:00,True,166,166.0,,166.0,238201.92653099998,249060.76198699998,249060.76211499996,1500.3660368373492,36.082563,238201.92653099998,18482.96003894723,93.09764475,65.81112397575758,21.922902254072138,0.6665040236593534,43,64,,False,True,,850,21.16838264042747
71,2026-09-14T02:09:57.813+00:00,2026-09-14T02:13:59.122+00:00,2026-09-14T02:14:06.463+00:00,True,110,110.0,,110.0,241308.937539,248650.31635500002,248650.316151,2260.4574195545456,41.121313,241308.937539,23001.49297325686,95.6613205,67.35209922935779,21.872834737972546,0.44238833721390536,43,64,,False,True,,355,21.16838264042747
72,2026-09-14T02:10:01.641+00:00,2026-09-14T02:14:06.640+00:00,2026-09-14T02:14:24.591+00:00,True,268,268.0,,268.0,244998.08870199998,262949.725438,262949.725451,981.1556919813432,0.0,244998.08870199998,14961.581543179935,95.35529435000001,67.23459451685393,38.114792897565906,1.0192062363008279,43,64,,False,True,,1193,21.16838264042747
73,2026-09-14T02:10:05.193+00:00,2026-09-14T02:14:13.440+00:00,2026-09-14T02:14:30.168+00:00,True,255,255.0,,255.0,248246.792372,264975.028148,264975.0281,1039.117757254902,0.0,248246.792372,15541.708529339401,95.552038,65.85919596850394,22.08898400516879,0.9623548369153166,43,64,,False,True,,1033,21.16838264042747
74,2026-09-14T02:10:09.151+00:00,2026-09-14T02:14:20.386+00:00,2026-09-14T02:14:28.934+00:00,True,133,133.0,,133.0,251235.154268,259782.846044,259782.84612200002,1953.2544821203007,40.229465,251235.154268,21779.246089048364,94.911039,64.75524072727272,21.34915220185616,0.5119660594428683,43,64,,False,True,,298,21.16838264042747
75,2026-09-14T02:10:12.359+00:00,2026-09-14T02:14:26.244+00:00,2026-09-14T02:14:40.526+00:00,True,216,216.0,,216.0,253885.219192,268167.443832,268167.44373299996,1241.5159432083333,0.01497,253885.219192,17270.462736919006,93.03595024999998,66.42895181395349,98.84275453251102,0.8054669012518851,43,64,,False,True,,724,21.16838264042747
76,2026-09-14T02:10:15.918+00:00,2026-09-14T02:14:32.115+00:00,2026-09-14T02:14:40.266+00:00,True,123,123.0,,123.0,256197.323754,264347.727082,264347.72690400004,2149.1685114146344,39.608125,256197.323754,23094.52085424862,92.34007100000001,66.80658465573771,21.439306487341685,0.4652962268968014,43,64,,False,True,,555,21.16838264042747
77,2026-09-14T02:10:19.446+00:00,2026-09-14T02:14:38.698+00:00,2026-09-14T02:14:48.140+00:00,True,147,147.0,,147.0,259251.629328,268693.495824,268693.495732,1827.8469097414966,39.015207000000004,259251.629328,21377.39071078783,92.37901,64.67031846575343,21.39351344059067,0.547091769189263,43,64,,False,True,,630,21.16838264042747
78,2026-09-14T02:10:23.437+00:00,2026-09-14T02:14:44.789+00:00,2026-09-14T02:14:58.964+00:00,True,214,214.0,,214.0,261352.844409,275527.748217,275527.74831500003,1287.512842593458,33.09989,261352.844409,17861.177258619995,95.346929,66.54884416901407,22.25632196173476,0.7766912820390707,43,64,,False,True,,1007,21.16838264042747
79,2026-09-14T02:10:27.498+00:00,2026-09-14T02:14:52.585+00:00,2026-09-14T02:15:02.008+00:00,True,139,139.0,,139.0,265086.862691,274509.514339,274509.514287,1974.8885919928057,0.0,265086.862691,22478.637103357356,95.75706609999999,68.2800844057971,49.593134918703015,0.5063576770178712,43,64,,False,True,,553,21.16838264042747
80,2026-09-14T02:10:30.986+00:00,2026-09-14T02:14:58.960+00:00,2026-09-14T02:15:10.034+00:00,True,161,161.0,,161.0,267973.70976,279047.6656,279047.665537,1733.21531389441,0.0,267973.70976,21113.882711711834,94.72765799999999,69.212224,46.31162503241309,0.5769623610855965,43,64,,False,True,,711,21.16838264042747
81,2026-09-14T02:10:35.402+00:00,2026-09-14T02:15:06.057+00:00,2026-09-14T02:15:17.210+00:00,True,168,168.0,,168.0,270654.38807499997,281808.20797899994,281808.207863,1677.4298087083332,41.409222,270654.38807499997,20876.298390965614,96.63259435,66.78934074251497,22.375577087417096,0.5961501306325301,43,64,,False,True,,691,21.16838264042747
82,2026-09-14T02:10:39.991+00:00,2026-09-14T02:15:14.294+00:00,2026-09-14T02:15:21.649+00:00,True,110,110.0,,110.0,274303.019522,281657.80941,281657.80936,2560.5255396363636,40.470465,274303.019522,26147.342447907904,94.49004145,67.47513658715597,22.06736938824822,0.39054482540505964,43,64,,False,True,,550,21.16838264042747
83,2026-09-14T02:10:45.484+00:00,2026-09-14T02:15:24.282+00:00,2026-09-14T02:15:40.707+00:00,True,238,238.0,,238.0,278797.356598,295223.07999,295223.080049,1240.4331094495797,34.806186000000004,278797.356598,18067.269767508624,97.04994234999998,69.30684975527427,22.375452452744447,0.8061700325328959,43,64,,False,True,,840,21.16838264042747
84,2026-09-14T02:10:51.225+00:00,2026-09-14T02:15:35.013+00:00,2026-09-14T02:15:44.436+00:00,True,140,140.0,,140.0,283787.749127,293210.352135,293210.352012,2094.3596572285715,31.627762999999998,283787.749127,23978.72333798559,95.09285619999999,67.78851084892086,22.144025569871612,0.47747290974072143,43,64,,False,True,,683,21.16838264042747
85,2026-09-14T02:10:56.590+00:00,2026-09-14T02:15:43.737+00:00,2026-09-14T02:15:56.669+00:00,False,198,197.0,,197.0,287147.034362,300078.62809,300078.627991,1515.5486262171717,0.0,287147.034362,20402.03609841368,96.57736034999999,65.64260775634517,45.27169539868365,0.6564946036107426,43,64,,False,False,Request timeout: 300.0s exceeded,1087,21.16838264042747
86,2026-09-14T02:11:01.852+00:00,2026-09-14T02:15:53.967+00:00,2026-09-14T02:16:01.919+00:00,False,112,111.0,,111.0,292115.24188,300066.761624,300066.761739,2679.167515526786,0.02422,292115.24188,27595.535716239745,93.262692,71.63531300900901,22.07940223898305,0.3699176789833492,43,64,,False,False,Request timeout: 300.0s exceeded,505,21.16838264042747
87,2026-09-14T02:11:06.230+00:00,2026-09-14T02:15:59.427+00:00,2026-09-14T02:16:06.276+00:00,False,99,98.0,,98.0,293197.38586000004,300045.55738,300045.55732400005,3030.76320529293,0.0177,293197.38586000004,29460.43018285927,91.48245190000002,69.8793012244898,20.852255957213885,0.3266170672738391,43,64,,False,False,Request timeout: 300.0s exceeded,333,21.16838264042747
88,2026-09-14T02:11:10.397+00:00,2026-09-14T02:16:03.672+00:00,2026-09-14T02:16:10.445+00:00,False,102,101.0,,101.0,293275.040377,300048.012921,300048.012771,2941.6471840294116,0.04089,293275.040377,29031.92327640766,88.14085355000002,67.0591340990099,20.34107750732739,0.33661279412169415,43,64,,False,False,Request timeout: 300.0s exceeded,482,21.16838264042747
89,2026-09-14T02:11:15.235+00:00,2026-09-14T02:16:09.175+00:00,2026-09-14T02:16:15.296+00:00,False,92,91.0,,91.0,293940.42180400004,300061.95550000004,300061.95570700004,3261.542996815218,0.02164,293940.42180400004,30638.400658482442,88.329272,67.26960105494506,20.205479754811833,0.3032707023733303,43,64,,False,False,Request timeout: 300.0s exceeded,388,21.16838264042747
90,2026-09-14T02:11:20.150+00:00,2026-09-14T02:16:14.113+00:00,2026-09-14T02:16:20.201+00:00,False,91,90.0,,90.0,293962.754953,300051.005833,300051.00577499997,3297.2637997252746,0.023239999999999997,293962.754953,30808.58476366451,87.07205000000002,67.647232,19.75385619122507,0.2999490028375092,43,64,,False,False,Request timeout: 300.0s exceeded,265,21.16838264042747
91,2026-09-14T02:11:23.321+00:00,2026-09-14T02:16:17.020+00:00,2026-09-14T02:16:23.334+00:00,False,93,92.0,,92.0,293699.46191,300012.873494,300012.873447,3225.944875774194,0.02185,293699.46191,30448.105844161513,88.1539308,68.62403895652173,19.769983689747118,0.30665350765969684,43,64,,False,False,Request timeout: 300.0s exceeded,386,21.16838264042747
92,2026-09-14T02:11:27.857+00:00,2026-09-14T02:16:21.463+00:00,2026-09-14T02:16:27.879+00:00,False,97,96.0,,96.0,293606.203968,300021.493824,300021.49363800004,3093.0050890515467,0.02496,293606.203968,29804.415133806982,87.957706,66.825936,20.465992861274096,0.31997707489689375,43,64,,False,False,Request timeout: 300.0s exceeded,389,21.16838264042747
93,2026-09-14T02:11:32.408+00:00,2026-09-14T02:16:26.497+00:00,2026-09-14T02:16:32.819+00:00,False,76,75.0,,75.0,294089.244383,300411.054559,300411.054672,3952.7770351578947,0.022539999999999998,294089.244383,33725.174853260694,91.04089249999998,84.29080234666667,183.72284347640738,0.24965792324153696,43,64,,False,False,Request timeout: 300.0s exceeded,321,21.16838264042747
94,2026-09-14T02:11:36.601+00:00,2026-09-14T02:16:30.266+00:00,2026-09-14T02:16:36.640+00:00,False,103,102.0,,102.0,293665.165473,300038.93980899994,300038.939824,2912.99941576699,0.01579,293665.165473,28929.978964711965,90.4998781,62.487983686274504,161.7116320336607,0.33995587394400073,43,64,,False,False,Request timeout: 300.0s exceeded,376,21.16838264042747
95,2026-09-14T02:11:41.917+00:00,2026-09-14T02:16:35.768+00:00,2026-09-14T02:16:41.935+00:00,False,89,88.0,,88.0,293851.126732,300017.390028,300017.389982,3370.981909910112,0.02491,293851.126732,31140.735996490646,89.73264039999998,70.07117381818182,20.06161061830935,0.29331633073598545,43,64,,False,False,Request timeout: 300.0s exceeded,463,21.16838264042747
96,2026-09-14T02:11:47.193+00:00,2026-09-14T02:16:41.030+00:00,2026-09-14T02:16:47.224+00:00,False,100,99.0,,99.0,293836.851486,300030.690846,300030.690837,3000.30690837,0.0,293836.851486,29377.496666507595,88.35679495000001,62.56403393939394,63.49356368812025,0.32996624352278286,43,64,,False,False,Request timeout: 300.0s exceeded,418,21.16838264042747
97,2026-09-14T02:11:51.904+00:00,2026-09-14T02:16:45.108+00:00,2026-09-14T02:16:51.935+00:00,False,100,99.0,,99.0,293204.05168300006,300031.3192670001,300031.31932300003,3000.3131932300007,0.02492,293204.05168300006,29313.515552152054,89.4351624,68.96229882828284,19.791501710517036,0.32996555240254494,43,64,,False,False,Request timeout: 300.0s exceeded,500,21.16838264042747
98,2026-09-14T02:11:56.741+00:00,2026-09-14T02:16:50.326+00:00,2026-09-14T02:16:56.779+00:00,False,93,92.0,,92.0,293585.81770099996,300038.88470899995,300038.88481699995,3226.2245679247308,0.019350000000000003,293585.81770099996,30436.16438038694,88.9434294,70.14203269565218,20.228544560004078,0.30662692300442473,43,64,,False,False,Request timeout: 300.0s exceeded,423,21.16838264042747
99,2026-09-14T02:12:02.229+00:00,2026-09-14T02:16:55.924+00:00,2026-09-14T02:17:02.270+00:00,False,94,93.0,,93.0,293695.17138099996,300041.437237,300041.43711899995,3191.930182117021,0.03701,293695.17138099996,30285.31234462007,88.68552765,68.23941780645161,20.30620823184254,0.30995718743521466,43,64,,False,False,Request timeout: 300.0s exceeded,411,21.16838264042747
100,2026-09-14T02:12:07.313+00:00,2026-09-14T02:17:01.229+00:00,2026-09-14T02:17:07.368+00:00,False,90,89.0,,89.0,293916.242938,300055.40377000003,300055.403914,3333.948932377778,0.0342,293916.242938,30974.227784465947,89.98529640000001,68.97933519101123,20.249753484565865,0.2966118886104805,43,64,,False,False,Request timeout: 300.0s exceeded,366,21.16838264042747
101,2026-09-14T02:12:12.242+00:00,2026-09-14T02:17:06.007+00:00,2026-09-14T02:17:12.297+00:00,False,91,90.0,,90.0,293765.47995300003,300055.123473,300055.12357000005,3297.3090502197806,0.02822,293765.47995300003,30787.66989399628,88.111263,69.884928,19.3391705856599,0.2999448866537968,43,64,,False,False,Request timeout: 300.0s exceeded,157,21.16838264042747
102,2026-09-14T02:12:16.475+00:00,2026-09-14T02:17:10.648+00:00,2026-09-14T02:17:16.517+00:00,False,86,85.0,,85.0,294172.675312,300041.929968,300041.93007999996,3488.859652093023,0.02402,294172.675312,31714.015569612166,89.4447615,69.05005477647059,19.704019562155885,0.28329373834205573,43,64,,False,False,Request timeout: 300.0s exceeded,413,21.16838264042747
103,2026-09-14T02:12:22.216+00:00,2026-09-14T02:17:16.648+00:00,2026-09-14T02:17:22.269+00:00,False,84,83.0,,83.0,294432.003343,300052.786447,300052.78641500004,3572.0569811309524,0.03683,294432.003343,32117.78246368923,87.73218695000001,67.72027836144578,19.846597438714454,0.27661799439633183,43,64,,False,False,Request timeout: 300.0s exceeded,319,21.16838264042747
104,2026-09-14T02:12:26.402+00:00,2026-09-14T02:17:20.385+00:00,2026-09-14T02:17:26.448+00:00,False,89,88.0,,88.0,293983.088464,300046.215248,300046.21534199995,3371.3057903595504,0.02045,293983.088464,31154.84837219385,90.054215,68.899168,20.420945293878177,0.2932881520510583,43,64,,False,False,Request timeout: 300.0s exceeded,462,21.16838264042747
105,2026-09-14T02:12:31.163+00:00,2026-09-14T02:17:24.992+00:00,2026-09-14T02:17:31.174+00:00,False,92,91.0,,91.0,293828.476659,300010.507763,300010.50771,3260.9837794565215,0.03492,293828.476659,30626.660469904997,89.84802555,67.93440773626374,20.52126968175475,0.3033227091895311,43,64,,False,False,Request timeout: 300.0s exceeded,344,21.16838264042747
106,2026-09-14T02:12:35.571+00:00,2026-09-14T02:17:29.424+00:00,2026-09-14T02:17:35.594+00:00,False,89,88.0,,88.0,293853.977147,300023.02777100005,300023.027634,3371.045254314607,0.021079999999999998,293853.977147,31141.034542479763,88.305487,70.102848,19.681204958379553,0.29331081901875933,43,64,,False,False,Request timeout: 300.0s exceeded,436,21.16838264042747
107,2026-09-14T02:12:40.478+00:00,2026-09-14T02:17:34.220+00:00,2026-09-14T02:17:40.498+00:00,False,98,97.0,,97.0,293741.981801,300019.491689,300019.491628,3061.423383959184,0.0,293741.981801,29665.955178836673,89.04371335,64.71659678350515,65.47367358291574,0.3233123269889082,43,64,,False,False,Request timeout: 300.0s exceeded,485,21.16838264042747
108,2026-09-14T02:12:45.356+00:00,2026-09-14T02:17:38.840+00:00,2026-09-14T02:17:45.404+00:00,False,93,92.0,,92.0,293484.186073,300047.41858500004,300047.41842600005,3226.3163271612907,0.02247,293484.186073,30425.500662510734,89.07107,71.33948382608695,18.9053045267404,0.3066182019957537,43,64,,False,False,Request timeout: 300.0s exceeded,424,21.16838264042747
109,2026-09-14T02:12:50.679+00:00,2026-09-14T02:17:44.617+00:00,2026-09-14T02:17:50.700+00:00,False,88,87.0,,87.0,293938.3043,300021.810988,300021.810826,3409.338759386364,0.04087,293938.3043,31326.48135271344,91.4195012,69.92536422988506,20.91375972840754,0.28997891757769484,43,64,,False,False,Request timeout: 300.0s exceeded,415,21.16838264042747
110,2026-09-14T02:12:53.948+00:00,2026-09-14T02:17:47.744+00:00,2026-09-14T02:17:53.998+00:00,False,97,96.0,,96.0,293796.683255,300050.342647,300050.34245299996,3093.3024995154638,0.035179,293796.683255,29823.926713925244,89.8485038,65.14228533333333,21.03885249189004,0.3199463101861578,43,64,,False,False,Request timeout: 300.0s exceeded,445,21.16838264042747
111,2026-09-14T02:12:59.426+00:00,2026-09-14T02:17:53.784+00:00,2026-09-14T02:17:59.438+00:00,False,85,84.0,,84.0,294358.134091,300011.995979,300011.996017,3529.5528943176473,0.02075,294358.134091,31920.328165173258,88.8508248,67.30787961904761,20.230098458633623,0.2799888042006152,43,64,,False,False,Request timeout: 300.0s exceeded,375,21.16838264042747
112,2026-09-14T02:13:04.685+00:00,2026-09-14T02:17:58.581+00:00,2026-09-14T02:18:04.715+00:00,False,90,89.0,,89.0,293895.414824,300029.64586399996,300029.64592499996,3333.6627325,0.0384,293895.414824,30972.03773069923,88.7482625,68.92394426966291,19.59400443199818,0.2966373530979092,43,64,,False,False,Request timeout: 300.0s exceeded,382,21.16838264042747
113,2026-09-14T02:13:07.812+00:00,2026-09-14T02:18:01.362+00:00,2026-09-14T02:18:07.886+00:00,False,95,94.0,,94.0,293550.07244300004,300074.88217100006,300074.882219,3158.6829707263164,0.03535,293550.07244300004,30110.4869385029,89.36360060000001,69.41286944680851,20.029194651230913,0.31325514258282156,43,64,,False,False,Request timeout: 300.0s exceeded,351,21.16838264042747
114,2026-09-14T02:13:13.068+00:00,2026-09-14T02:18:07.013+00:00,2026-09-14T02:18:13.105+00:00,False,89,88.0,,88.0,293944.745511,300037.176871,300037.17680099997,3371.204233719101,0.061168999999999994,293944.745511,31150.748854362755,89.87616300000002,69.23217454545454,20.612309474045865,0.29329698711915064,43,64,,False,False,Request timeout: 300.0s exceeded,463,21.16838264042747
115,2026-09-14T02:13:18.255+00:00,2026-09-14T02:18:11.976+00:00,2026-09-14T02:18:18.286+00:00,False,96,95.0,,95.0,293720.99932,300031.88444,300031.884618,3125.3321314375,0.02791,293720.99932,29971.00067829332,88.42707549999999,66.43036968421052,20.204009353275723,0.3166330144454963,43,64,,False,False,Request timeout: 300.0s exceeded,420,21.16838264042747
116,2026-09-14T02:13:23.113+00:00,2026-09-14T02:18:16.697+00:00,2026-09-14T02:18:23.206+00:00,False,99,98.0,,98.0,293583.381323,300092.413259,300092.413332,3031.23649830303,0.03774,293583.381323,29499.571677513715,89.2180741,66.4186932244898,20.41402741364267,0.32656606988401066,43,64,,False,False,Request timeout: 300.0s exceeded,450,21.16838264042747
117,2026-09-14T02:13:27.945+00:00,2026-09-14T02:18:21.574+00:00,2026-09-14T02:18:27.981+00:00,False,95,94.0,,94.0,293629.06050900003,300035.982749,300035.982635,3158.273501421053,0.02252,293629.06050900003,30118.719642270597,88.7868901,68.15874723404255,20.07563145704099,0.3132957558581806,43,64,,False,False,Request timeout: 300.0s exceeded,458,21.16838264042747
118,2026-09-14T02:13:32.214+00:00,2026-09-14T02:18:26.100+00:00,2026-09-14T02:18:32.619+00:00,False,85,84.0,,84.0,293886.123172,300405.347492,300405.34733,3534.1805568235295,0.02721,293886.123172,31868.065765801457,93.8466536,77.60981333333334,61.222850930295515,0.27962218616044104,43,64,,False,False,Request timeout: 300.0s exceeded,429,21.16838264042747
119,2026-09-14T02:13:36.382+00:00,2026-09-14T02:18:29.712+00:00,2026-09-14T02:18:36.469+00:00,False,105,104.0,,104.0,293329.490854,300086.58781399997,300086.58768,2857.9675017142854,0.0,293329.490854,28619.7514231166,92.0108154,64.97208615384615,61.24327652072074,0.3465666385078876,43,64,,False,False,Request timeout: 300.0s exceeded,473,21.16838264042747
120,2026-09-14T02:13:39.758+00:00,2026-09-14T02:18:33.069+00:00,2026-09-14T02:18:39.767+00:00,False,100,99.0,,99.0,293310.523401,300008.187913,300008.188112,3000.08188112,0.02115,293310.523401,29324.29404699168,89.48167744999999,67.6531768888889,20.40091286800468,0.3299909935415136,43,64,,False,False,Request timeout: 300.0s exceeded,489,21.16838264042747
121,2026-09-14T02:13:43.795+00:00,2026-09-14T02:18:37.630+00:00,2026-09-14T02:18:43.804+00:00,False,93,92.0,,92.0,293835.934585,300009.366905,300009.366913,3225.9071711075267,0.02223,293835.934585,30462.416029244116,90.6024872,67.1025252173913,21.063219672930348,0.3066570919071751,43,64,,False,False,Request timeout: 300.0s exceeded,363,21.16838264042747
122,2026-09-14T02:13:47.771+00:00,2026-09-14T02:18:41.805+00:00,2026-09-14T02:18:47.778+00:00,False,94,93.0,,93.0,294034.973887,300007.779519,300007.779468,3191.572122,0.027629,294034.973887,30320.77492416376,89.44263199999999,64.22371647311829,20.97022130970221,0.3099919613721555,43,64,,False,False,Request timeout: 300.0s exceeded,441,21.16838264042747
123,2026-09-14T02:13:53.253+00:00,2026-09-14T02:18:46.911+00:00,2026-09-14T02:18:53.292+00:00,False,95,94.0,,94.0,293658.55088,300039.481184,300039.48109899997,3158.3103273578945,0.02562,293658.55088,30121.773679962163,88.9927451,67.88223727659575,20.107224865398706,0.313292102856138,43,64,,False,False,Request timeout: 300.0s exceeded,425,21.16838264042747
124,2026-09-14T02:13:57.489+00:00,2026-09-14T02:18:51.239+00:00,2026-09-14T02:18:59.311+00:00,False,96,95.0,,95.0,293750.905797,301822.197957,301822.197942,3143.9812285625,0.02486,293750.905797,29972.73375039043,89.99406525,84.96097010526316,187.25134251191275,0.31475484786421987,43,64,,False,False,Request timeout: 300.0s exceeded,439,21.16838264042747
125,2026-09-14T02:14:02.621+00:00,2026-09-14T02:18:56.546+00:00,2026-09-14T02:19:02.633+00:00,False,98,97.0,,97.0,293924.57481099997,300011.411035,300011.411202,3061.3409306326525,0.01563,293924.57481099997,29685.165267473403,91.09299485,62.7508889072165,195.68694966296738,0.3233210352411688,43,64,,False,False,Request timeout: 300.0s exceeded,609,21.16838264042747
126,2026-09-14T02:14:06.543+00:00,2026-09-14T02:19:00.492+00:00,2026-09-14T02:19:06.592+00:00,False,93,92.0,,92.0,293948.640402,300048.49934599997,300048.499166,3226.327948021505,0.03678,293948.640402,30474.18602911191,89.7977346,66.30281460869566,21.103420146937573,0.30661709757098465,43,64,,False,False,Request timeout: 300.0s exceeded,386,21.16838264042747
127,2026-09-14T02:14:12.293+00:00,2026-09-14T02:19:06.008+00:00,2026-09-14T02:19:12.326+00:00,False,90,89.0,,89.0,293714.73929,300032.964442,300032.964611,3333.699606788889,0.04038,293714.73929,30952.774306018364,87.873745,70.99129384269662,18.548259470507766,0.29663407207778586,43,64,,False,False,Request timeout: 300.0s exceeded,242,21.16838264042747
128,2026-09-14T02:14:16.080+00:00,2026-09-14T02:19:09.634+00:00,2026-09-14T02:19:16.126+00:00,False,92,91.0,,91.0,293554.46946,300046.5309,300046.530774,3261.3753345,0.02054,293554.46946,30597.737166229643,89.12875005,71.3413345054945,19.135346480779493,0.30328629271947366,43,64,,False,False,Request timeout: 300.0s exceeded,434,21.16838264042747
129,2026-09-14T02:14:19.472+00:00,2026-09-14T02:19:13.300+00:00,2026-09-14T02:19:19.539+00:00,False,90,89.0,,89.0,293828.778728,300066.940904,300066.940838,3334.0771204222224,0.02316,293828.778728,30964.891053392825,91.48604545,70.09170984269662,20.34007468824034,0.2966004843181763,43,64,,False,False,Request timeout: 300.0s exceeded,413,21.16838264042747
130,2026-09-14T02:14:24.996+00:00,2026-09-14T02:19:18.551+00:00,2026-09-14T02:19:25.085+00:00,False,98,97.0,,97.0,293554.85276700003,300089.07766300003,300089.077554,3062.1334444285717,0.024050000000000002,293554.85276700003,29646.720618008894,88.942986,67.36314325773196,20.731850324924498,0.3232373559058054,43,64,,False,False,Request timeout: 300.0s exceeded,464,21.16838264042747
131,2026-09-14T02:14:28.296+00:00,2026-09-14T02:19:22.248+00:00,2026-09-14T02:19:28.330+00:00,False,99,98.0,,98.0,293952.226535,300034.147047,300034.14703700005,3030.647949868687,0.0,293952.226535,29537.148305947565,89.380447,62.060413387755105,67.01945100948409,0.326629488558342,43,64,,False,False,Request timeout: 300.0s exceeded,497,21.16838264042747
132,2026-09-14T02:14:31.926+00:00,2026-09-14T02:19:25.383+00:00,2026-09-14T02:19:32.066+00:00,False,109,108.0,,108.0,293457.23826,300140.472308,300140.472331,2753.582314963303,0.0,293457.23826,28102.251378652298,91.22526760000001,61.88179674074074,64.32642673766162,0.3598315121233363,43,64,,False,False,Request timeout: 300.0s exceeded,528,21.16838264042747
133,2026-09-14T02:14:36.799+00:00,2026-09-14T02:19:30.622+00:00,2026-09-14T02:19:36.856+00:00,False,101,100.0,,100.0,293822.68185000005,300056.70348200004,300056.70355100004,2970.8584510000005,0.023440000000000003,293822.68185000005,29230.253074555767,86.929707,62.34021632,19.71360515514018,0.3332703413706565,43,64,,False,False,Request timeout: 300.0s exceeded,489,21.16838264042747
134,2026-09-14T02:14:40.284+00:00,2026-09-14T02:19:34.060+00:00,2026-09-14T02:19:40.311+00:00,False,94,93.0,,93.0,293776.366745,300027.61768900004,300027.617824,3191.7831683404256,0.02316,293776.366745,30293.7921227953,88.28980385000001,67.21775208602152,19.9121257525562,0.3099714643483292,43,64,,False,False,Request timeout: 300.0s exceeded,582,21.16838264042747
135,2026-09-14T02:14:43.641+00:00,2026-09-14T02:19:37.744+00:00,2026-09-14T02:19:43.704+00:00,False,90,89.0,,89.0,294102.558984,300062.447368,300062.447475,3334.0271941666665,0.054079999999999996,294102.558984,30994.079554587403,88.8966815,66.96503802247192,20.26992191052037,0.2966049260101161,43,64,,False,False,Request timeout: 300.0s exceeded,343,21.16838264042747
136,2026-09-14T02:14:48.791+00:00,2026-09-14T02:19:42.593+00:00,2026-09-14T02:19:48.838+00:00,False,95,94.0,,94.0,293801.61470499996,300047.09950499993,300047.09954399994,3158.390521515789,0.023629999999999998,293801.61470499996,30136.599313281837,87.86734440000001,66.44132765957447,19.746110796223462,0.3132841482389787,43,64,,False,False,Request timeout: 300.0s exceeded,360,21.16838264042747
137,2026-09-14T02:14:53.883+00:00,2026-09-14T02:19:47.748+00:00,2026-09-14T02:19:53.910+00:00,False,91,90.0,,90.0,293864.457209,300027.18079300004,300027.180704,3297.001985758242,0.037,293864.457209,30798.19450700162,89.49454599999999,68.47470648888888,21.10681953616476,0.29997282166942857,43,64,,False,False,Request timeout: 300.0s exceeded,382,21.16838264042747
138,2026-09-14T02:14:59.492+00:00,2026-09-14T02:19:53.192+00:00,2026-09-14T02:19:59.542+00:00,False,93,92.0,,92.0,293699.769411,300049.749059,300049.74902,3226.341387311828,0.0291,293699.769411,30448.09619464006,88.1401362,69.02151791304348,19.266494840739444,0.3066158205048512,43,64,,False,False,Request timeout: 300.0s exceeded,313,21.16838264042747
139,2026-09-14T02:15:03.798+00:00,2026-09-14T02:19:57.780+00:00,2026-09-14T02:20:03.838+00:00,False,91,90.0,,90.0,293981.874703,300040.074511,300040.074564,3297.1436765274725,0.038869999999999995,293981.874703,30810.624287814528,88.6152535,67.31333120000001,20.110221399012893,0.29995993084150646,43,64,,False,False,Request timeout: 300.0s exceeded,418,21.16838264042747
140,2026-09-14T02:15:08.711+00:00,2026-09-14T02:20:02.713+00:00,2026-09-14T02:20:08.781+00:00,False,90,89.0,,89.0,294002.015241,300069.467145,300069.46709399996,3334.1051899333333,0.03253,294002.015241,30983.354316393325,88.93630595,68.1736168988764,20.872855574199328,0.2965979872820359,43,64,,False,False,Request timeout: 300.0s exceeded,420,21.16838264042747
141,2026-09-14T02:15:13.545+00:00,2026-09-14T02:20:07.561+00:00,2026-09-14T02:20:13.605+00:00,False,91,90.0,,90.0,294015.941573,300059.808709,300059.808586,3297.3605339120877,0.04134,294015.941573,30814.212690947334,90.21847000000001,67.15407928888888,20.917154065390168,0.299940203212229,43,64,,False,False,Request timeout: 300.0s exceeded,448,21.16838264042747
142,2026-09-14T02:15:18.647+00:00,2026-09-14T02:20:12.497+00:00,2026-09-14T02:20:18.696+00:00,False,91,90.0,,90.0,293849.47117900004,300048.93153100007,300048.93161300005,3297.2410067362644,0.01705,293849.47117900004,30796.580469615143,89.972685,68.8828928,20.681732530696188,0.29995107644868085,43,64,,False,False,Request timeout: 300.0s exceeded,382,21.16838264042747
143,2026-09-14T02:15:24.314+00:00,2026-09-14T02:20:17.508+00:00,2026-09-14T02:20:24.293+00:00,True,104,104.0,,104.0,293194.191415,299978.731831,299978.731693,2884.4108816634616,0.0,293194.191415,28743.668728038687,90.2236893,65.86932442718447,64.61164316337671,0.34669124495996206,43,64,,False,True,,509,21.16838264042747
144,2026-09-14T02:15:29.904+00:00,2026-09-14T02:20:23.693+00:00,2026-09-14T02:20:29.926+00:00,False,95,94.0,,94.0,293788.891343,300021.827279,300021.827376,3158.1244986947368,0.02264,293788.891343,30135.30777928606,87.4986227,66.30782910638298,19.989152599468675,0.3133105376116063,43,64,,False,False,Request timeout: 300.0s exceeded,413,21.16838264042747
145,2026-09-14T02:15:34.670+00:00,2026-09-14T02:20:28.127+00:00,2026-09-14T02:20:34.730+00:00,False,96,95.0,,95.0,293456.858145,300059.94832100003,300059.948126,3125.624459645833,0.025160000000000002,293456.858145,29943.72760221212,89.5337285,69.50621237894737,19.657469635589553,0.3166034005257186,43,64,,False,False,Request timeout: 300.0s exceeded,453,21.16838264042747
146,2026-09-14T02:15:38.965+00:00,2026-09-14T02:20:32.518+00:00,2026-09-14T02:20:39.021+00:00,False,91,90.0,,90.0,293553.10667,300055.649518,300055.64947400003,3297.3148293846157,0.02468,293553.10667,30765.159372125534,90.5588585,72.25047608888889,19.689288507784415,0.29994436080298165,43,64,,False,False,Request timeout: 300.0s exceeded,359,21.16838264042747
147,2026-09-14T02:15:43.652+00:00,2026-09-14T02:20:37.422+00:00,2026-09-14T02:20:43.703+00:00,False,90,89.0,,89.0,293769.782863,300050.721615,300050.721685,3333.896907611111,0.02103,293769.782863,30958.621409331914,89.1627524,70.57234552808988,19.917605859714797,0.296616517104056,43,64,,False,False,Request timeout: 300.0s exceeded,401,21.16838264042747
148,2026-09-14T02:15:47.980+00:00,2026-09-14T02:20:41.502+00:00,2026-09-14T02:20:48.023+00:00,False,96,95.0,,95.0,293521.901704,300043.185544,300043.185328,3125.449847166667,0.04248,293521.901704,29950.45460350646,89.24893374999999,68.64509305263157,20.611540924120582,0.31662108848683945,43,64,,False,False,Request timeout: 300.0s exceeded,211,21.16838264042747
149,2026-09-14T02:15:52.707+00:00,2026-09-14T02:20:46.301+00:00,2026-09-14T02:20:52.786+00:00,False,97,96.0,,96.0,293594.260251,300079.754523,300079.75461,3093.605717628866,0.0251,293594.260251,29803.129478996336,91.98330179999999,67.557232,22.294082640743508,0.31991495111890983,43,64,,False,False,Request timeout: 300.0s exceeded,485,21.16838264042747
150,2026-09-14T02:15:55.822+00:00,2026-09-14T02:20:49.635+00:00,2026-09-14T02:20:55.835+00:00,False,95,94.0,,94.0,293812.011334,300012.700486,300012.700694,3158.0284283578944,0.07028,293812.011334,30137.7158340893,90.6378957,65.96477821276595,21.170555258210438,0.31332006894283626,43,64,,False,False,Request timeout: 300.0s exceeded,482,21.16838264042747
151,2026-09-14T02:16:00.469+00:00,2026-09-14T02:20:54.230+00:00,2026-09-14T02:21:00.541+00:00,False,92,91.0,,91.0,293761.23274,300072.051556,300072.05142800004,3261.6527329130436,0.02068,293761.23274,30619.501523569084,88.85148754999999,69.34965731868131,19.380928919674624,0.3032604986973184,43,64,,False,False,Request timeout: 300.0s exceeded,424,21.16838264042747
152,2026-09-14T02:16:04.600+00:00,2026-09-14T02:20:58.137+00:00,2026-09-14T02:21:04.688+00:00,False,96,95.0,,95.0,293537.64955000003,300088.51495800004,300088.51501100004,3125.9220313645837,0.05729,293537.64955000003,29952.029822553715,89.016417,68.95647797894738,20.2298156351536,0.31657326177010164,43,64,,False,False,Request timeout: 300.0s exceeded,140,21.16838264042747
153,2026-09-14T02:16:08.011+00:00,2026-09-14T02:21:01.717+00:00,2026-09-14T02:21:08.063+00:00,False,92,91.0,,91.0,293706.192618,300052.252138,300052.252262,3261.4375245869564,0.023379999999999998,293706.192618,30613.72315791092,90.22979005,69.7369178021978,19.91277031819603,0.30328050981649457,43,64,,False,False,Request timeout: 300.0s exceeded,461,21.16838264042747
154,2026-09-14T02:16:11.565+00:00,2026-09-14T02:21:05.524+00:00,2026-09-14T02:21:11.619+00:00,False,90,89.0,,89.0,293959.07570700004,300053.64978700003,300053.64982200006,3333.9294424666673,0.0232,293959.07570700004,30978.79574062443,90.70731685000001,68.4783604494382,20.525361749277266,0.2966136224744431,43,64,,False,False,Request timeout: 300.0s exceeded,402,21.16838264042747
155,2026-09-14T02:16:15.171+00:00,2026-09-14T02:21:08.792+00:00,2026-09-14T02:21:15.212+00:00,False,94,93.0,,93.0,293620.722867,300040.68805099995,300040.68811499997,3191.9222139893614,0.03676,293620.722867,30277.552115401348,89.33330685000001,69.03188369892473,20.729521193676415,0.3099579613821981,43,64,,False,False,Request timeout: 300.0s exceeded,485,21.16838264042747
156,2026-09-14T02:16:20.694+00:00,2026-09-14T02:21:14.366+00:00,2026-09-14T02:21:20.729+00:00,False,101,100.0,,100.0,293672.386841,300035.558937,300035.55886,2970.6490976237624,0.0,293672.386841,29215.23811842291,89.290951,63.63172096,66.55301949556133,0.333293828085882,43,64,,False,False,Request timeout: 300.0s exceeded,358,21.16838264042747
157,2026-09-14T02:16:25.122+00:00,2026-09-14T02:21:18.813+00:00,2026-09-14T02:21:25.134+00:00,False,96,95.0,,95.0,293690.984121,300012.028345,300012.028347,3125.1252952812497,0.038740000000000004,293690.984121,29967.92585586979,88.59041275,66.53730762105263,19.446944723743137,0.3166539705893205,43,64,,False,False,Request timeout: 300.0s exceeded,408,21.16838264042747
158,2026-09-14T02:16:30.619+00:00,2026-09-14T02:21:24.163+00:00,2026-09-14T02:21:30.663+00:00,False,96,95.0,,95.0,293543.734404,300043.709828,300043.709882,3125.455311270833,0.03655,293543.734404,29952.70519740997,88.42716850000001,68.4207939368421,19.728586311330996,0.31662053523621186,43,64,,False,False,Request timeout: 300.0s exceeded,483,21.16838264042747
159,2026-09-14T02:16:35.559+00:00,2026-09-14T02:21:29.460+00:00,2026-09-14T02:21:35.611+00:00,False,95,94.0,,94.0,293900.838988,300051.841868,300051.841754,3158.4404395157894,0.02999,293900.838988,30146.883464260485,90.04118779999999,65.43620085106383,20.99155819105773,0.31327919673745197,43,64,,False,False,Request timeout: 300.0s exceeded,437,21.16838264042747
160,2026-09-14T02:16:39.131+00:00,2026-09-14T02:21:34.075+00:00,2026-09-14T02:21:39.183+00:00,False,75,74.0,,74.0,294943.910739,300051.760467,300051.760548,4000.69014064,0.02042,294943.910739,34049.22458621974,87.12482299999999,69.02499632432432,19.756437319703927,0.24662411540204443,43,64,,False,False,Request timeout: 300.0s exceeded,341,21.16838264042747
161,2026-09-14T02:16:44.875+00:00,2026-09-14T02:21:38.806+00:00,2026-09-14T02:21:46.323+00:00,False,85,84.0,,84.0,293930.367112,301448.059272,301448.05927100003,3546.447756129412,38.981678,293930.367112,31872.250583453566,90.1422984,89.49633523809524,217.49633845257293,0.27865497028861563,43,64,,False,False,Request timeout: 300.0s exceeded,150,21.16838264042747
162,2026-09-14T02:16:50.219+00:00,2026-09-14T02:21:43.968+00:00,2026-09-14T02:21:50.237+00:00,False,104,103.0,,103.0,293749.164616,300017.353032,300017.352965,2884.7822400480773,0.015609999999999999,293749.164616,28799.273974278178,86.27305129999999,60.85619821359223,211.07216571586451,0.3433134749009467,43,64,,False,False,Request timeout: 300.0s exceeded,424,21.16838264042747
163,2026-09-14T02:16:54.821+00:00,2026-09-14T02:21:48.551+00:00,2026-09-14T02:21:54.874+00:00,False,93,92.0,,92.0,293729.865555,300052.504915,300052.50476900005,3226.3710190215056,0.0258,293729.865555,30451.24785208111,86.0579622,68.72434086956522,19.294233570406412,0.3066130043675593,43,64,,False,False,Request timeout: 300.0s exceeded,438,21.16838264042747
164,2026-09-14T02:17:00.380+00:00,2026-09-14T02:21:54.070+00:00,2026-09-14T02:22:00.430+00:00,False,94,93.0,,93.0,293689.435182,300050.010158,300050.010156,3192.0213846382976,0.01943,293689.435182,30284.70451024549,88.70056964999999,68.39327931182795,19.816311148642466,0.3099483314499079,43,64,,False,False,Request timeout: 300.0s exceeded,352,21.16838264042747
165,2026-09-14T02:17:03.483+00:00,2026-09-14T02:21:57.004+00:00,2026-09-14T02:22:03.571+00:00,False,97,96.0,,96.0,293520.594932,300088.025332,300088.025409,3093.6909835979377,0.03904,293520.594932,29795.561549818918,89.495275,68.41073333333333,19.878879778197195,0.31990613385452876,43,64,,False,False,Request timeout: 300.0s exceeded,421,21.16838264042747
166,2026-09-14T02:17:07.636+00:00,2026-09-14T02:22:01.594+00:00,2026-09-14T02:22:07.697+00:00,False,90,89.0,,89.0,293957.970144,300060.11824000004,300060.118253,3334.0013139222224,0.0208,293957.970144,30978.670199892014,90.19930695,68.56346175280899,20.473780894202456,0.29660722831820735,43,64,,False,False,Request timeout: 300.0s exceeded,382,21.16838264042747
167,2026-09-14T02:17:12.994+00:00,2026-09-14T02:22:06.681+00:00,2026-09-14T02:22:13.006+00:00,False,101,100.0,,100.0,293686.83775,300012.018678,300012.018718,2970.416026910891,0.0,293686.83775,29216.713711890246,89.68199,63.25180928,66.49781898325948,0.33331997978164013,43,64,,False,False,Request timeout: 300.0s exceeded,455,21.16838264042747
168,2026-09-14T02:17:18.163+00:00,2026-09-14T02:22:12.319+00:00,2026-09-14T02:22:18.180+00:00,False,102,101.0,,101.0,294155.625102,300017.137806,300017.13779,2941.344488137255,0.0,294155.625102,29120.013529755262,86.46992595,58.03477924752475,27.52982521211551,0.3366474353385426,43,64,,False,False,Request timeout: 300.0s exceeded,483,21.16838264042747
169,2026-09-14T02:17:23.430+00:00,2026-09-14T02:22:16.999+00:00,2026-09-14T02:22:23.508+00:00,False,95,94.0,,94.0,293568.219833,300077.61452099995,300077.61456099997,3158.7117322210524,0.03621,293568.219833,30112.36556850583,88.71069769999998,69.24887965957447,19.911062156298183,0.31325229024513496,43,64,,False,False,Request timeout: 300.0s exceeded,329,21.16838264042747
170,2026-09-14T02:17:27.927+00:00,2026-09-14T02:22:21.662+00:00,2026-09-14T02:22:27.981+00:00,False,94,93.0,,93.0,293735.128088,300053.424152,300053.42409,3192.0577030851064,0.02928,293735.128088,30289.464717154486,88.81633834999998,67.93866735483871,20.507021142310364,0.3099448048721097,43,64,,False,False,Request timeout: 300.0s exceeded,366,21.16838264042747
171,2026-09-14T02:17:32.600+00:00,2026-09-14T02:22:26.616+00:00,2026-09-14T02:22:32.664+00:00,False,87,86.0,,86.0,294015.64562699996,300063.664571,300063.664611,3449.0076392068963,0.03641,294015.64562699996,31514.25235415754,89.75081129999998,70.3258016744186,19.819840117615417,0.2866058445395377,43,64,,False,False,Request timeout: 300.0s exceeded,270,21.16838264042747
172,2026-09-14T02:17:38.156+00:00,2026-09-14T02:22:31.753+00:00,2026-09-14T02:22:38.194+00:00,False,94,93.0,,93.0,293597.34995999996,300038.63917599997,300038.63920299994,3191.900417053191,0.02466,293597.34995999996,30275.118485771643,92.10246185,69.26117436559139,21.809531577863744,0.30996007799331154,43,64,,False,False,Request timeout: 300.0s exceeded,456,21.16838264042747
173,2026-09-14T02:17:43.581+00:00,2026-09-14T02:22:37.141+00:00,2026-09-14T02:22:43.603+00:00,False,94,93.0,,93.0,293560.801976,300022.15596,300022.15598700003,3191.7250636914896,0.06469,293560.801976,30271.32665049574,92.35555115,69.47692455913979,21.88431612937252,0.30997710719870664,43,64,,False,False,Request timeout: 300.0s exceeded,488,21.16838264042747
174,2026-09-14T02:17:47.564+00:00,2026-09-14T02:22:41.367+00:00,2026-09-14T02:22:47.602+00:00,False,93,92.0,,92.0,293803.11302,300038.094396,300038.094399,3226.2160688064514,0.02222,293803.11302,30458.942960168337,89.1927956,67.77153669565217,20.681237643144385,0.3066277306726773,43,64,,False,False,Request timeout: 300.0s exceeded,452,21.16838264042747
175,2026-09-14T02:17:51.256+00:00,2026-09-14T02:22:44.928+00:00,2026-09-14T02:22:51.308+00:00,False,95,94.0,,94.0,293671.90379400004,300052.40043400007,300052.40035600006,3158.4463195368426,0.061189999999999994,293671.90379400004,30123.143500355032,87.7946523,67.87762382978724,19.125173969886525,0.31327861354895703,43,64,,False,False,Request timeout: 300.0s exceeded,439,21.16838264042747
176,2026-09-14T02:17:54.860+00:00,2026-09-14T02:22:48.607+00:00,2026-09-14T02:22:54.900+00:00,False,95,94.0,,94.0,293746.508265,300039.88196100004,300039.882141,3158.3145488526316,0.03741,293746.508265,30130.892649981382,87.79459470000002,66.950784,18.808033996549856,0.31329168437754007,43,64,,False,False,Request timeout: 300.0s exceeded,451,21.16838264042747
177,2026-09-14T02:17:58.429+00:00,2026-09-14T02:22:52.179+00:00,2026-09-14T02:22:58.483+00:00,False,94,93.0,,93.0,293750.374372,300054.60349199997,300054.603525,3192.0702502659574,0.02476,293750.374372,30291.053185882756,90.0403235,67.78740989247312,20.99988775133944,0.3099435866594847,43,64,,False,False,Request timeout: 300.0s exceeded,446,21.16838264042747
178,2026-09-14T02:18:01.941+00:00,2026-09-14T02:22:55.807+00:00,2026-09-14T02:23:02.011+00:00,False,91,90.0,,90.0,293866.252015,300069.90206299996,300069.90197099996,3297.471450230769,0.01986,293866.252015,30798.334929295826,91.16195250000001,68.92944497777778,21.025653008542772,0.29993011422086713,43,64,,False,False,Request timeout: 300.0s exceeded,480,21.16838264042747
179,2026-09-14T02:18:07.325+00:00,2026-09-14T02:23:00.791+00:00,2026-09-14T02:23:07.367+00:00,False,102,101.0,,101.0,293465.65782200004,300041.66012600006,300041.66011100006,2941.58490304902,0.0,293465.65782200004,29051.05723584202,89.15652949999999,65.10893370297029,65.88769892819215,0.3366199212388902,43,64,,False,False,Request timeout: 300.0s exceeded,461,21.16838264042747
180,2026-09-14T02:18:12.598+00:00,2026-09-14T02:23:06.668+00:00,2026-09-14T02:23:12.645+00:00,False,91,90.0,,90.0,294070.440484,300046.846244,300046.846389,3297.2180921868135,0.0219,294070.440484,30820.003890949993,88.139219,66.40450844444445,20.292575013261885,0.2999531610700931,43,64,,False,False,Request timeout: 300.0s exceeded,317,21.16838264042747
181,2026-09-14T02:18:18.292+00:00,2026-09-14T02:23:12.431+00:00,2026-09-14T02:23:18.315+00:00,False,84,83.0,,83.0,294139.498928,300022.884272,300022.88425999996,3571.701003095238,0.04009,294139.498928,32085.52282305879,90.34354265,70.88416077108434,20.50549441599441,0.27664556389222766,43,64,,False,False,Request timeout: 300.0s exceeded,392,21.16838264042747
182,2026-09-14T02:18:22.928+00:00,2026-09-14T02:23:16.424+00:00,2026-09-14T02:23:22.960+00:00,False,100,99.0,,99.0,293495.93252499995,300031.92100499995,300031.92107899993,3000.3192107899995,0.019030000000000002,293495.93252499995,29342.99815433545,89.51177500000001,66.02008565656566,20.240702699625707,0.3299648906302546,43,64,,False,False,Request timeout: 300.0s exceeded,453,21.16838264042747
183,2026-09-14T02:18:26.127+00:00,2026-09-14T02:23:19.534+00:00,2026-09-14T02:23:26.151+00:00,False,101,100.0,,100.0,293406.35354000004,300023.36602,300023.365982,2970.528376059406,0.036840000000000005,293406.35354000004,29188.446433279714,87.935595,66.1701248,20.669303920949837,0.3333073731108458,43,64,,False,False,Request timeout: 300.0s exceeded,468,21.16838264042747
184,2026-09-14T02:18:31.520+00:00,2026-09-14T02:23:25.271+00:00,2026-09-14T02:23:31.539+00:00,False,96,95.0,,95.0,293750.458021,300018.718117,300018.71813000005,3125.1949805208337,0.041710000000000004,293750.458021,29974.05368117644,89.7080805,65.98168522105263,21.075303808104618,0.31664690988697686,43,64,,False,False,Request timeout: 300.0s exceeded,392,21.16838264042747
185,2026-09-14T02:18:37.269+00:00,2026-09-14T02:23:30.690+00:00,2026-09-14T02:23:37.328+00:00,False,98,97.0,,97.0,293420.997776,300059.160208,300059.160184,3061.828165142857,0.0209,293420.997776,29633.090999607433,91.15451385,68.43466424742267,20.75253917192825,0.3232695843471665,43,64,,False,False,Request timeout: 300.0s exceeded,526,21.16838264042747
186,2026-09-14T02:18:42.251+00:00,2026-09-14T02:23:35.803+00:00,2026-09-14T02:23:42.293+00:00,False,94,93.0,,93.0,293551.675869,300042.12143700005,300042.12139900005,3191.9374616914897,0.03603,293551.675869,30270.35121022636,88.0990608,69.78973729032259,19.058750617387126,0.3099564806254286,43,64,,False,False,Request timeout: 300.0s exceeded,392,21.16838264042747
187,2026-09-14T02:18:46.926+00:00,2026-09-14T02:23:40.427+00:00,2026-09-14T02:23:46.945+00:00,False,99,98.0,,98.0,293501.539253,300019.297461,300019.297476,3030.4979543030304,0.05366,293501.539253,29491.336074465078,86.67472400000001,66.50773681632653,18.550805426473143,0.3266456552273581,43,64,,False,False,Request timeout: 300.0s exceeded,515,21.16838264042747
188,2026-09-14T02:18:50.571+00:00,2026-09-14T02:23:44.418+00:00,2026-09-14T02:23:50.621+00:00,False,92,91.0,,91.0,293846.87502100004,300049.787789,300049.78777800006,3261.410736717392,0.02463,293846.87502100004,30628.55421496582,87.58383895000001,68.16387657142857,19.763986080470797,0.3032830006998462,43,64,,False,False,Request timeout: 300.0s exceeded,341,21.16838264042747
189,2026-09-14T02:18:55.771+00:00,2026-09-14T02:23:48.902+00:00,2026-09-14T02:23:55.844+00:00,False,100,99.0,,99.0,293131.06813200004,300072.7137,300072.71359900007,3000.7271359900005,0.037329999999999995,293131.06813200004,29306.101975354188,90.209349,70.117632,20.24960693734188,0.3299200343120035,43,64,,False,False,Request timeout: 300.0s exceeded,501,21.16838264042747
190,2026-09-14T02:19:00.602+00:00,2026-09-14T02:23:54.737+00:00,2026-09-14T02:24:00.692+00:00,False,96,95.0,,95.0,294135.45852999995,300090.41532999993,300090.41517299996,3125.9418247187496,0.11653,294135.45852999995,30013.684510241437,90.400244,62.683755789473686,21.49588488023288,0.31657125701776084,43,64,,False,False,Request timeout: 300.0s exceeded,371,21.16838264042747
191,2026-09-14T02:19:04.345+00:00,2026-09-14T02:23:58.245+00:00,2026-09-14T02:24:04.375+00:00,False,103,102.0,,102.0,293899.738655,300030.241567,300030.241619,2912.9149671747573,0.0,293899.738655,28952.954649121235,93.82160679999998,60.1029697254902,66.24253797226407,0.3399657296786941,43,64,,False,False,Request timeout: 300.0s exceeded,406,21.16838264042747
192,2026-09-14T02:19:07.906+00:00,2026-09-14T02:24:01.628+00:00,2026-09-14T02:24:07.939+00:00,False,96,95.0,,95.0,293721.99900999997,300032.808354,300032.808263,3125.341752739583,0.023170000000000003,293721.99900999997,29971.102713081138,89.10484425,66.42957204210526,20.087774051573994,0.3166320394132106,43,64,,False,False,Request timeout: 300.0s exceeded,433,21.16838264042747
193,2026-09-14T02:19:13.567+00:00,2026-09-14T02:24:07.508+00:00,2026-09-14T02:24:13.581+00:00,False,92,91.0,,91.0,293941.76626,300014.616692,300014.616625,3261.028441576087,0.027510000000000003,293941.76626,30638.596102767082,86.922726,66.73462013186813,19.422445411822807,0.3033185549536812,43,64,,False,False,Request timeout: 300.0s exceeded,359,21.16838264042747
194,2026-09-14T02:19:18.404+00:00,2026-09-14T02:24:12.410+00:00,2026-09-14T02:24:18.483+00:00,False,90,89.0,,89.0,294006.059995,300079.16873100004,300079.16869,3334.2129854444447,0.03558,294006.059995,30983.773698269895,89.54476045,68.23717680898876,20.459333347809604,0.29658839824293926,43,64,,False,False,Request timeout: 300.0s exceeded,335,21.16838264042747
195,2026-09-14T02:19:23.134+00:00,2026-09-14T02:24:16.842+00:00,2026-09-14T02:24:23.139+00:00,False,93,92.0,,92.0,293707.78720599995,300005.136838,300005.1370379999,3225.8616885806446,0.0264,293707.78720599995,30448.98720655998,90.61915259999999,68.44945252173912,19.717137671827828,0.3066614157666212,43,64,,False,False,Request timeout: 300.0s exceeded,238,21.16838264042747
196,2026-09-14T02:19:28.759+00:00,2026-09-14T02:24:22.495+00:00,2026-09-14T02:24:28.781+00:00,False,96,95.0,,95.0,293735.425591,300021.654327,300021.654426,3125.2255669375,0.02366,293735.425591,29972.499274645357,88.597168,66.1708288,19.798451260638217,0.316643810971249,43,64,,False,False,Request timeout: 300.0s exceeded,461,21.16838264042747
197,2026-09-14T02:19:32.073+00:00,2026-09-14T02:24:25.556+00:00,2026-09-14T02:24:32.089+00:00,False,98,97.0,,97.0,293482.197264,300016.026896,300016.026747,3061.3880280306125,0.018940000000000002,293482.197264,29639.381187163723,89.84128785000001,67.35906837113403,19.951309416353336,0.3233160608237268,43,64,,False,False,Request timeout: 300.0s exceeded,485,21.16838264042747
198,2026-09-14T02:19:37.147+00:00,2026-09-14T02:24:30.861+00:00,2026-09-14T02:24:37.189+00:00,False,94,93.0,,93.0,293713.89550700004,300041.94261100003,300041.94248300005,3191.9355583297875,0.019190000000000002,293713.89550700004,30287.26405989115,89.14706525,68.04351724731183,20.700380640955782,0.3099566653605264,43,64,,False,False,Request timeout: 300.0s exceeded,489,21.16838264042747
199,2026-09-14T02:19:41.268+00:00,2026-09-14T02:24:34.770+00:00,2026-09-14T02:24:41.349+00:00,False,95,94.0,,94.0,293501.649049,300081.009817,300081.009894,3158.747472568421,0.03582,293501.649049,30105.459413213055,89.15109069999998,69.99319965957446,20.255303441905,0.31324874592139146,43,64,,False,False,Request timeout: 300.0s exceeded,435,21.16838264042747
200,2026-09-14T02:19:45.638+00:00,2026-09-14T02:24:39.308+00:00,2026-09-14T02:24:47.588+00:00,False,88,87.0,,87.0,293670.516593,301950.33790499996,301950.33808799996,3431.2538419090906,0.06017,293670.516593,31296.09517718035,90.92772269999999,95.17035990804598,233.09914570667,0.2881268509372295,43,64,,False,False,Request timeout: 300.0s exceeded,442,21.16838264042747
201,2026-09-14T02:19:50.822+00:00,2026-09-14T02:24:44.715+00:00,2026-09-14T02:24:50.841+00:00,False,103,102.0,,102.0,293892.930906,300019.45353,300019.45343700005,2912.8102275436895,0.0152,293892.930906,28953.06116276347,91.99091320000001,60.063947294117646,222.75244026230408,0.33997795409556886,43,64,,False,False,Request timeout: 300.0s exceeded,482,21.16838264042747
202,2026-09-14T02:19:54.716+00:00,2026-09-14T02:24:48.870+00:00,2026-09-14T02:24:54.801+00:00,False,85,84.0,,84.0,294153.594915,300084.901923,300084.90172900003,3530.410608576471,0.018690000000000002,294153.594915,31897.784556420407,90.59305639999998,70.61079771428571,20.27282156688169,0.279920780624791,43,64,,False,False,Request timeout: 300.0s exceeded,348,21.16838264042747
203,2026-09-14T02:19:59.079+00:00,2026-09-14T02:24:52.654+00:00,2026-09-14T02:24:59.170+00:00,False,100,99.0,,99.0,293574.778948,300090.255172,300090.255309,3000.90255309,0.0,293574.778948,29350.974274455333,89.7001584,65.81289115151515,67.86628628517278,0.329900749170469,43,64,,False,False,Request timeout: 300.0s exceeded,512,21.16838264042747
204,2026-09-14T02:20:02.336+00:00,2026-09-14T02:24:55.763+00:00,2026-09-14T02:25:02.382+00:00,False,103,102.0,,102.0,293427.19141100004,300045.541747,300045.54163600004,2913.0635110291264,0.0,293427.19141100004,28905.92209120243,86.11369009999999,64.88578760784314,66.26386076428787,0.33994839385418013,43,64,,False,False,Request timeout: 300.0s exceeded,492,21.16838264042747
205,2026-09-14T02:20:06.622+00:00,2026-09-14T02:25:00.166+00:00,2026-09-14T02:25:06.652+00:00,False,98,97.0,,97.0,293543.358509,300029.810221,300029.810272,3061.5286762448977,0.02411,293543.358509,29645.608639892733,88.68926169999999,66.87063620618557,19.795335190652406,0.3233012077318265,43,64,,False,False,Request timeout: 300.0s exceeded,452,21.16838264042747
206,2026-09-14T02:20:10.234+00:00,2026-09-14T02:25:03.799+00:00,2026-09-14T02:25:10.319+00:00,False,96,95.0,,95.0,293564.497258,300084.44247400004,300084.4426,3125.8796104166668,0.02284,293564.497258,29954.802722322405,88.60530524999999,68.6310022736842,19.5433051633436,0.316577558025958,43,64,,False,False,Request timeout: 300.0s exceeded,446,21.16838264042747
207,2026-09-14T02:20:14.519+00:00,2026-09-14T02:25:08.245+00:00,2026-09-14T02:25:14.559+00:00,False,92,91.0,,91.0,293726.56886799994,300040.03549199994,300040.0357269999,3261.304736163043,0.03086,293726.56886799994,30615.88483249656,90.43680909999999,69.37875410989011,19.8553172117617,0.30329285840397907,43,64,,False,False,Request timeout: 300.0s exceeded,422,21.16838264042747
208,2026-09-14T02:20:20.255+00:00,2026-09-14T02:25:14.116+00:00,2026-09-14T02:25:20.283+00:00,False,91,90.0,,90.0,293861.860047,300028.465871,300028.465945,3297.0161092857143,0.02468,293861.860047,30797.917759825305,91.906541,68.51784248888889,21.153084510514702,0.2999715368297631,43,64,,False,False,Request timeout: 300.0s exceeded,351,21.16838264042747
209,2026-09-14T02:20:25.213+00:00,2026-09-14T02:25:18.931+00:00,2026-09-14T02:25:25.300+00:00,False,98,97.0,,97.0,293717.932745,300086.259657,300086.259655,3062.1046903571428,0.03569,293717.932745,29663.36668807942,87.858243,65.6528547628866,20.35766007482993,0.32324039131572185,43,64,,False,False,Request timeout: 300.0s exceeded,465,21.16838264042747
210,2026-09-14T02:20:29.739+00:00,2026-09-14T02:25:23.799+00:00,2026-09-14T02:25:29.760+00:00,False,86,85.0,,85.0,294059.649416,300021.435784,300021.435798,3488.621346488372,0.027469999999999998,294059.649416,31701.710602207186,89.71635024999999,70.13866315294118,20.208129104008282,0.28331308987267045,43,64,,False,False,Request timeout: 300.0s exceeded,395,21.16838264042747
211,2026-09-14T02:20:35.140+00:00,2026-09-14T02:25:28.939+00:00,2026-09-14T02:25:35.177+00:00,False,88,87.0,,87.0,293798.971971,300037.139779,300037.139688,3409.512951,0.03832,293798.971971,31311.438401799678,89.58343199999999,71.70307825287357,20.027072581429504,0.28996410265769784,43,64,,False,False,Request timeout: 300.0s exceeded,129,21.16838264042747
212,2026-09-14T02:20:38.798+00:00,2026-09-14T02:25:32.626+00:00,2026-09-14T02:25:38.885+00:00,False,91,90.0,,90.0,293827.998333,300087.689853,300087.689903,3297.666922010989,0.02059,293827.998333,30794.258693548407,88.72376700000001,69.552128,19.669509488880124,0.2999123357712111,43,64,,False,False,Request timeout: 300.0s exceeded,561,21.16838264042747
213,2026-09-14T02:20:43.399+00:00,2026-09-14T02:25:37.388+00:00,2026-09-14T02:25:43.460+00:00,False,88,87.0,,87.0,293988.734497,300061.379617,300061.379472,3409.788403090909,0.022690000000000002,293988.734497,31331.869826680148,88.39128984999999,69.80051862068966,19.807728280338004,0.289940678507335,43,64,,False,False,Request timeout: 300.0s exceeded,213,21.16838264042747
214,2026-09-14T02:20:47.667+00:00,2026-09-14T02:25:41.314+00:00,2026-09-14T02:25:47.706+00:00,False,93,92.0,,92.0,293646.631181,300038.620941,300038.620926,3226.2217303870966,0.030899999999999997,293646.631181,30442.53940268714,90.542181,69.4781495652174,20.407223761923365,0.30662719256428994,43,64,,False,False,Request timeout: 300.0s exceeded,134,21.16838264042747
215,2026-09-14T02:20:52.736+00:00,2026-09-14T02:25:46.428+00:00,2026-09-14T02:25:52.781+00:00,False,98,97.0,,97.0,293691.909272,300045.02952800004,300045.029465,3061.6839741326535,0.0,293691.909272,29660.825876413408,89.4737402,65.49608511340206,68.82755013670815,0.32328480879216837,43,64,,False,False,Request timeout: 300.0s exceeded,453,21.16838264042747
216,2026-09-14T02:20:56.484+00:00,2026-09-14T02:25:50.338+00:00,2026-09-14T02:25:56.544+00:00,False,99,98.0,,98.0,293853.608164,300059.49667599995,300059.496736,3030.9040074343434,0.0,293853.608164,29527.114329693388,91.59273300000001,63.32539297959184,69.05939477213825,0.3266018942430575,43,64,,False,False,Request timeout: 300.0s exceeded,462,21.16838264042747
217,2026-09-14T02:20:59.831+00:00,2026-09-14T02:25:53.599+00:00,2026-09-14T02:25:59.901+00:00,False,94,93.0,,93.0,293768.291066,300069.658106,300069.658286,3192.2304072978723,0.04,293768.291066,30292.904398447936,90.79116065,67.75663483870969,21.106171399972123,0.30992803666656504,43,64,,False,False,Request timeout: 300.0s exceeded,436,21.16838264042747
218,2026-09-14T02:21:05.086+00:00,2026-09-14T02:25:58.952+00:00,2026-09-14T02:26:05.094+00:00,False,88,87.0,,87.0,293866.028211,300007.72651500005,300007.72636100004,3409.1787086477275,0.03446,293866.028211,31318.704851665938,88.56004649999998,70.59423337931034,20.072605418106097,0.28999253122785856,43,64,,False,False,Request timeout: 300.0s exceeded,433,21.16838264042747
219,2026-09-14T02:21:10.683+00:00,2026-09-14T02:26:04.256+00:00,2026-09-14T02:26:10.750+00:00,False,98,97.0,,97.0,293572.781603,300067.241251,300067.24123600003,3061.910624857143,0.044439,293572.781603,29648.572868880856,90.62384385,66.95319224742268,20.37356796445134,0.3232608784471128,43,64,,False,False,Request timeout: 300.0s exceeded,435,21.16838264042747
220,2026-09-14T02:21:14.214+00:00,2026-09-14T02:26:08.197+00:00,2026-09-14T02:26:14.262+00:00,False,88,87.0,,87.0,293982.275382,300048.17848600005,300048.178619,3409.6383933977277,0.03678,293982.275382,31331.190016802728,90.5379912,69.72302418390805,20.551235357327677,0.28995343494164666,43,64,,False,False,Request timeout: 300.0s exceeded,255,21.16838264042747
221,2026-09-14T02:21:17.891+00:00,2026-09-14T02:26:11.313+00:00,2026-09-14T02:26:17.929+00:00,False,96,95.0,,95.0,293421.797375,300037.731327,300037.731411,3125.3930355312505,0.04574,293421.797375,29940.13570214149,90.0589675,69.64141002105264,20.07309967985538,0.31662684416335296,43,64,,False,False,Request timeout: 300.0s exceeded,436,21.16838264042747
222,2026-09-14T02:21:23.449+00:00,2026-09-14T02:26:17.192+00:00,2026-09-14T02:26:23.485+00:00,False,96,95.0,,95.0,293743.111298,300036.45017799997,300036.45020599995,3125.379689645833,0.036520000000000004,293743.111298,29973.27671357923,90.15777200000001,66.24567242105263,20.78158472922355,0.316628196152968,43,64,,False,False,Request timeout: 300.0s exceeded,461,21.16838264042747
223,2026-09-14T02:21:27.564+00:00,2026-09-14T02:26:21.296+00:00,2026-09-14T02:26:27.636+00:00,False,92,91.0,,91.0,293732.864972,300072.958156,300072.958162,3261.6625887173914,0.02038,293732.864972,30616.511320878046,90.4595105,69.67135367032968,20.73938599557789,0.3032595824669129,43,64,,False,False,Request timeout: 300.0s exceeded,354,21.16838264042747
224,2026-09-14T02:21:33.303+00:00,2026-09-14T02:26:26.911+00:00,2026-09-14T02:26:33.361+00:00,False,96,95.0,,95.0,293607.65978,300058.020868,300058.02073499997,3125.60438265625,0.02165,293607.65978,29959.28338855798,88.20662375,67.89853776842105,20.530943792367054,0.31660543425963583,43,64,,False,False,Request timeout: 300.0s exceeded,299,21.16838264042747
225,2026-09-14T02:21:37.772+00:00,2026-09-14T02:26:31.258+00:00,2026-09-14T02:26:37.812+00:00,False,97,96.0,,96.0,293486.04912800004,300039.80170400004,300039.801686,3093.1938318144335,0.03429,293486.04912800004,29792.068237456733,87.18948379999998,68.268256,19.597254860289283,0.3199575504809439,43,64,,False,False,Request timeout: 300.0s exceeded,226,21.16838264042747
226,2026-09-14T02:21:43.212+00:00,2026-09-14T02:26:36.933+00:00,2026-09-14T02:26:43.279+00:00,False,95,94.0,,94.0,293721.256993,300066.994465,300066.994281,3158.5999398,0.023010000000000003,293721.256993,30128.245973463454,88.46298400000002,67.50784544680852,20.66230697429815,0.31326337695885514,43,64,,False,False,Request timeout: 300.0s exceeded,403,21.16838264042747
227,2026-09-14T02:21:47.840+00:00,2026-09-14T02:26:41.393+00:00,2026-09-14T02:26:47.870+00:00,False,104,103.0,,103.0,293552.227102,300030.072606,300030.072481,2884.904543086538,0.0,293552.227102,28779.065300271337,90.11428384999999,62.891703922330095,62.9685776482317,0.34329892035609305,43,64,,False,False,Request timeout: 300.0s exceeded,301,21.16838264042747
228,2026-09-14T02:21:53.341+00:00,2026-09-14T02:26:47.656+00:00,2026-09-14T02:26:53.353+00:00,False,87,86.0,,86.0,294314.26456599997,300011.929846,300011.929722,3448.4129853103445,0.02176,294314.26456599997,31546.704619238302,89.13571530000002,66.25192186046512,20.130927752052663,0.2866552674893459,43,64,,False,False,Request timeout: 300.0s exceeded,190,21.16838264042747
229,2026-09-14T02:21:56.926+00:00,2026-09-14T02:26:50.522+00:00,2026-09-14T02:26:56.988+00:00,False,98,97.0,,97.0,293596.321893,300062.098789,300062.098838,3061.858151408163,0.02205,293596.321893,29650.98045399967,89.26888420000002,66.65749377319588,20.058347161805756,0.32326641848962473,43,64,,False,False,Request timeout: 300.0s exceeded,470,21.16838264042747
230,2026-09-14T02:22:00.581+00:00,2026-09-14T02:26:54.493+00:00,2026-09-14T02:27:00.607+00:00,False,90,89.0,,89.0,293911.677279,300025.378655,300025.378656,3333.6153184,0.038560000000000004,293911.677279,30973.776522643122,88.17932880000001,68.69327388764044,20.011847191158488,0.2966415721196084,43,64,,False,False,Request timeout: 300.0s exceeded,349,21.16838264042747
231,2026-09-14T02:22:05.559+00:00,2026-09-14T02:26:59.487+00:00,2026-09-14T02:27:05.609+00:00,False,90,89.0,,89.0,293927.604198,300049.54903,300049.549208,3333.883880088889,0.02504,293927.604198,30975.445182256255,87.13692300000001,68.78589698876405,19.341287094075085,0.2966176762728661,43,64,,False,False,Request timeout: 300.0s exceeded,401,21.16838264042747
232,2026-09-14T02:22:10.545+00:00,2026-09-14T02:27:04.675+00:00,2026-09-14T02:27:10.632+00:00,False,91,90.0,,90.0,294129.43555299996,300087.319201,300087.319309,3297.66284954945,0.02988,294129.43555299996,30826.209905647444,89.39615599999999,66.1987072,20.412822742271576,0.2999127062070809,43,64,,False,False,Request timeout: 300.0s exceeded,400,21.16838264042747
233,2026-09-14T02:22:15.516+00:00,2026-09-14T02:27:09.468+00:00,2026-09-14T02:27:15.560+00:00,False,93,92.0,,92.0,293952.220459,300043.702059,300043.702223,3226.276367989247,0.02183,293952.220459,30474.566207890814,88.52245359999999,66.21175652173913,20.363930469813294,0.3066219999575572,43,64,,False,False,Request timeout: 300.0s exceeded,423,21.16838264042747
234,2026-09-14T02:22:20.387+00:00,2026-09-14T02:27:14.075+00:00,2026-09-14T02:27:20.416+00:00,False,97,96.0,,96.0,293688.089809,300029.59483300004,300029.594745,3093.088605618557,0.03713,293688.089809,29812.807491306205,88.1634138,66.057344,20.573767182829584,0.31996843529197416,43,64,,False,False,Request timeout: 300.0s exceeded,456,21.16838264042747
235,2026-09-14T02:22:24.226+00:00,2026-09-14T02:27:18.236+00:00,2026-09-14T02:27:24.297+00:00,False,89,88.0,,88.0,294009.607421,300071.03026900004,300071.03032900003,3371.5846104382026,0.02423,294009.607421,31157.66097250803,88.7439588,68.87980509090909,19.705518300171253,0.2932638979548009,43,64,,False,False,Request timeout: 300.0s exceeded,401,21.16838264042747
236,2026-09-14T02:22:29.168+00:00,2026-09-14T02:27:22.899+00:00,2026-09-14T02:27:29.179+00:00,False,92,91.0,,91.0,293731.26801099995,300010.9085869999,300010.90840899997,3260.9881348804342,0.02682,293731.26801099995,30616.41294365916,87.321371,69.0070392967033,18.957753093007224,0.3033223039408615,43,64,,False,False,Request timeout: 300.0s exceeded,460,21.16838264042747
237,2026-09-14T02:22:34.045+00:00,2026-09-14T02:27:27.725+00:00,2026-09-14T02:27:34.102+00:00,False,101,100.0,,100.0,293680.053762,300056.879618,300056.879564,2970.8601937029703,0.036289999999999996,293680.053762,29215.918997134253,87.76953499999999,63.76825856,19.773280328082087,0.3332701457380654,43,64,,False,False,Request timeout: 300.0s exceeded,454,21.16838264042747
238,2026-09-14T02:22:38.464+00:00,2026-09-14T02:27:32.073+00:00,2026-09-14T02:27:38.539+00:00,False,98,97.0,,97.0,293609.490222,300075.387438,300075.38745599997,3061.9937495510203,0.04557,293609.490222,29652.310559565252,89.60095634999999,66.65873418556701,20.10168327543434,0.32325210284046246,43,64,,False,False,Request timeout: 300.0s exceeded,459,21.16838264042747
239,2026-09-14T02:22:42.325+00:00,2026-09-14T02:27:36.192+00:00,2026-09-14T02:27:42.388+00:00,False,80,79.0,,79.0,293866.988319,300063.478815,300063.478662,3750.7934832749997,0.030809999999999997,293866.988319,32846.63222333767,90.64272250000002,78.43658855696202,69.9734228612243,0.2632776248278664,43,64,,False,False,Request timeout: 300.0s exceeded,400,21.16838264042747
240,2026-09-14T02:22:47.790+00:00,2026-09-14T02:27:41.646+00:00,2026-09-14T02:27:47.808+00:00,False,98,97.0,,97.0,293855.98681599996,300017.37535999995,300017.375503,3061.401790846938,0.0,293855.98681599996,29677.598762233276,90.8514321,63.5194695257732,68.35868515589867,0.3233146076409966,43,64,,False,False,Request timeout: 300.0s exceeded,491,21.16838264042747
241,2026-09-14T02:22:51.149+00:00,2026-09-14T02:27:44.872+00:00,2026-09-14T02:27:51.186+00:00,False,93,92.0,,92.0,293722.55142900004,300036.30477300007,300036.304835,3226.196826182796,0.02149,293722.55142900004,30450.500220003076,88.9656656,68.62775373913044,20.518903537072177,0.3066295596114773,43,64,,False,False,Request timeout: 300.0s exceeded,450,21.16838264042747
242,2026-09-14T02:22:54.490+00:00,2026-09-14T02:27:48.059+00:00,2026-09-14T02:27:54.571+00:00,False,93,92.0,,92.0,293569.16229400004,300081.17688600003,300081.17684100004,3226.6793208709682,0.0373,293569.16229400004,30434.370394923237,88.67219720000001,70.78276730434783,19.516775090049443,0.3065837082975402,43,64,,False,False,Request timeout: 300.0s exceeded,446,21.16838264042747
243,2026-09-14T02:22:58.240+00:00,2026-09-14T02:27:51.794+00:00,2026-09-14T02:27:58.257+00:00,False,97,96.0,,96.0,293554.26024699997,300016.836119,300016.836018,3092.9570723505153,0.032799999999999996,293554.26024699997,29799.090998959247,88.7198648,67.31849866666667,20.40993354003397,0.31998204248084977,43,64,,False,False,Request timeout: 300.0s exceeded,362,21.16838264042747
244,2026-09-14T02:23:01.937+00:00,2026-09-14T02:27:55.294+00:00,2026-09-14T02:28:01.943+00:00,False,102,101.0,,101.0,293356.58682599996,300005.87527399993,300005.87526299997,2941.2340712058817,0.019620000000000002,293356.58682599996,29040.11871849371,88.261585,65.83453908910892,20.18128742610051,0.3366600734327458,43,64,,False,False,Request timeout: 300.0s exceeded,511,21.16838264042747
245,2026-09-14T02:23:06.124+00:00,2026-09-14T02:27:59.659+00:00,2026-09-14T02:28:06.565+00:00,False,104,103.0,,103.0,293535.53670999996,300441.58701399993,300441.587044,2888.861413884615,0.027159,293535.53670999996,28776.959930054032,89.16054515,67.0490320776699,20.36490360552821,0.3428287043204855,43,64,,False,False,Request timeout: 300.0s exceeded,520,21.16838264042747
246,2026-09-14T02:23:10.881+00:00,2026-09-14T02:28:04.301+00:00,2026-09-14T02:28:10.911+00:00,False,98,97.0,,97.0,293420.661615,300030.441583,300030.441586,3061.53511822449,0.02165,293420.661615,29633.08639619626,89.415134,68.1420615257732,20.457064154216898,0.3233005274005373,43,64,,False,False,Request timeout: 300.0s exceeded,425,21.16838264042747
247,2026-09-14T02:23:16.358+00:00,2026-09-14T02:28:09.868+00:00,2026-09-14T02:28:16.408+00:00,False,109,108.0,,108.0,293509.3571,300049.515052,300049.515198,2752.7478458532114,0.01517,293509.3571,28108.453453981485,92.271155,60.55701807407407,256.11587773463566,0.35994059174294313,43,64,,False,False,Request timeout: 300.0s exceeded,512,21.16838264042747
248,2026-09-14T02:23:19.612+00:00,2026-09-14T02:28:14.828+00:00,2026-09-14T02:28:19.641+00:00,False,73,72.0,,72.0,295215.924537,300028.58604100003,300028.585977,4109.980629821918,0.02794,295215.924537,34544.59382883207,88.451829,66.84252088888888,21.626665184023178,0.23997713334609033,43,64,,False,False,Request timeout: 300.0s exceeded,331,21.16838264042747
249,2026-09-14T02:23:24.545+00:00,2026-09-14T02:28:17.796+00:00,2026-09-14T02:28:24.573+00:00,False,97,96.0,,96.0,293250.60839300003,300028.077065,300028.077196,3093.0729607835056,0.02053,293250.60839300003,29767.926121631994,88.54577880000001,70.598632,19.4086699446497,0.3199700539333255,43,64,,False,False,Request timeout: 300.0s exceeded,434,21.16838264042747
250,2026-09-14T02:23:28.580+00:00,2026-09-14T02:28:22.255+00:00,2026-09-14T02:28:28.668+00:00,False,94,93.0,,93.0,293674.58934299997,300087.63382299995,300087.63398499996,3192.4216381382976,0.02125,293674.58934299997,30283.11584714735,91.7444745,68.95746752688173,20.957076101964773,0.3099094714940969,43,64,,False,False,Request timeout: 300.0s exceeded,445,21.16838264042747
251,2026-09-14T02:23:32.303+00:00,2026-09-14T02:28:25.999+00:00,2026-09-14T02:28:32.383+00:00,False,95,94.0,,94.0,293695.736324,300079.822084,300079.822097,3158.734969442105,0.022539999999999998,293695.736324,30125.585702371958,89.0964127,67.9158059574468,20.58815717306226,0.3132499857777408,43,64,,False,False,Request timeout: 300.0s exceeded,473,21.16838264042747
252,2026-09-14T02:23:35.457+00:00,2026-09-14T02:28:29.457+00:00,2026-09-14T02:28:35.473+00:00,False,85,84.0,,84.0,294000.11233499995,300015.55451099994,300015.554577,3529.594759729411,0.02154,294000.11233499995,31881.028528561033,90.7950642,71.61240685714284,20.481919267965345,0.279985483209072,43,64,,False,False,Request timeout: 300.0s exceeded,280,21.16838264042747
253,2026-09-14T02:23:38.819+00:00,2026-09-14T02:28:33.071+00:00,2026-09-14T02:28:38.832+00:00,False,88,87.0,,87.0,294251.779178,300012.485226,300012.48535699997,3409.232788147727,0.0,294251.779178,31360.361891517703,89.07450735,66.215012045977,69.15859244058962,0.28998793145046187,43,64,,False,False,Request timeout: 300.0s exceeded,427,21.16838264042747
254,2026-09-14T02:23:42.914+00:00,2026-09-14T02:28:36.370+00:00,2026-09-14T02:28:42.928+00:00,False,102,101.0,,101.0,293456.289703,300014.49975099997,300014.499848,2941.318625960784,0.0,293456.289703,29050.142321564505,89.28597305,64.93277275247524,63.72491730892461,0.33665039551030357,43,64,,False,False,Request timeout: 300.0s exceeded,384,21.16838264042747
255,2026-09-14T02:23:46.583+00:00,2026-09-14T02:28:39.872+00:00,2026-09-14T02:28:46.669+00:00,False,101,100.0,,100.0,293288.857802,300086.17492200003,300086.174833,2971.150245871287,0.04358,293288.857802,29176.575098196827,88.980272,67.9731712,19.697763484931226,0.3332376109162394,43,64,,False,False,Request timeout: 300.0s exceeded,338,21.16838264042747
256,2026-09-14T02:23:50.253+00:00,2026-09-14T02:28:44.073+00:00,2026-09-14T02:28:50.281+00:00,False,93,92.0,,92.0,293819.764645,300028.289957,300028.290069,3226.1106459032258,0.050159999999999996,293819.764645,30460.69889147173,87.8758746,67.48397078260871,19.79809052711607,0.30663775077072036,43,64,,False,False,Request timeout: 300.0s exceeded,346,21.16838264042747
257,2026-09-14T02:23:55.623+00:00,2026-09-14T02:28:49.250+00:00,2026-09-14T02:28:55.641+00:00,False,97,96.0,,96.0,293626.91925,300017.03867399995,300017.03888999997,3092.959163814433,0.096479,293626.91925,29806.54514873605,88.1564966,66.563744,20.57764661863998,0.3199818264465776,43,64,,False,False,Request timeout: 300.0s exceeded,500,21.16838264042747
258,2026-09-14T02:24:00.753+00:00,2026-09-14T02:28:54.686+00:00,2026-09-14T02:29:00.832+00:00,False,90,89.0,,89.0,293933.960797,300079.91382099997,300079.913663,3334.221262922222,0.02906,293933.960797,30976.087262777113,89.88899239999999,69.05565195505618,20.089016303633645,0.2965876618222744,43,64,,False,False,Request timeout: 300.0s exceeded,423,21.16838264042747
259,2026-09-14T02:24:06.374+00:00,2026-09-14T02:29:00.074+00:00,2026-09-14T02:29:06.421+00:00,False,92,91.0,,91.0,293699.094546,300046.57973,300046.579557,3261.37586475,0.11004000000000001,293699.094546,30612.982613100412,92.7002101,69.75258443956044,21.57389511124328,0.30328624336223825,43,64,,False,False,Request timeout: 300.0s exceeded,440,21.16838264042747
260,2026-09-14T02:24:11.545+00:00,2026-09-14T02:29:05.264+00:00,2026-09-14T02:29:11.576+00:00,False,93,92.0,,92.0,293718.73461000004,300030.58817800006,300030.588256,3226.135357591398,0.04451,293718.73461000004,30450.1067978168,90.30402699999999,68.607104,20.849559411476665,0.30663540193914784,43,64,,False,False,Request timeout: 300.0s exceeded,424,21.16838264042747
261,2026-09-14T02:24:15.512+00:00,2026-09-14T02:29:09.527+00:00,2026-09-14T02:29:15.583+00:00,False,92,91.0,,91.0,294015.81170599995,300071.3951939999,300071.39521299995,3261.645600141304,0.01622,294015.81170599995,30646.335981001477,86.39208054999999,66.5448734945055,19.935795015500894,0.3032611620350129,43,64,,False,False,Request timeout: 300.0s exceeded,393,21.16838264042747
262,2026-09-14T02:24:20.270+00:00,2026-09-14T02:29:13.539+00:00,2026-09-14T02:29:20.350+00:00,False,105,104.0,,104.0,293268.965616,300079.399152,300079.399039,2857.8990384666668,0.02155,293268.965616,28613.737038928157,89.73168659999999,65.48493784615385,20.426112664740874,0.3465749408119836,43,64,,False,False,Request timeout: 300.0s exceeded,493,21.16838264042747
263,2026-09-14T02:24:25.149+00:00,2026-09-14T02:29:18.876+00:00,2026-09-14T02:29:25.189+00:00,False,90,89.0,,89.0,293727.09464200004,300040.762738,300040.762684,3333.786252044445,0.039020000000000006,293727.09464200004,30954.08312240058,90.5348974,70.94009096629213,20.24399624586922,0.29662636232436224,43,64,,False,False,Request timeout: 300.0s exceeded,258,21.16838264042747
264,2026-09-14T02:24:29.671+00:00,2026-09-14T02:29:23.411+00:00,2026-09-14T02:29:29.751+00:00,False,91,90.0,,90.0,293739.893098,300080.44221799995,300080.44230299996,3297.587278054945,0.037770000000000005,293739.893098,30784.92834759848,89.2673515,70.45054577777778,19.30231775022509,0.2999195793460526,43,64,,False,False,Request timeout: 300.0s exceeded,488,21.16838264042747
265,2026-09-14T02:24:35.344+00:00,2026-09-14T02:29:29.120+00:00,2026-09-14T02:29:35.357+00:00,False,103,102.0,,102.0,293775.457697,300012.932513,300012.932659,2912.7469190194174,0.0,293775.457697,28940.59796208908,89.2072911,61.151713882352944,62.792218237001784,0.33998534378373907,43,64,,False,False,Request timeout: 300.0s exceeded,436,21.16838264042747
266,2026-09-14T02:24:40.860+00:00,2026-09-14T02:29:34.411+00:00,2026-09-14T02:29:40.909+00:00,False,97,96.0,,96.0,293551.188325,300049.711205,300049.711156,3093.295991298969,0.02133,293551.188325,29798.740826668018,88.528883,67.69294666666667,20.043033259712846,0.31994698349971373,43,64,,False,False,Request timeout: 300.0s exceeded,489,21.16838264042747
267,2026-09-14T02:24:45.002+00:00,2026-09-14T02:29:38.957+00:00,2026-09-14T02:29:45.079+00:00,False,91,90.0,,90.0,293954.83765600005,300076.9135600001,300076.91349300003,3297.5484999230775,0.02555,293954.83765600005,30807.71597120714,89.6694905,68.0230656,20.623664827607413,0.29992310615393136,43,64,,False,False,Request timeout: 300.0s exceeded,406,21.16838264042747
268,2026-09-14T02:24:50.426+00:00,2026-09-14T02:29:43.946+00:00,2026-09-14T02:29:50.436+00:00,False,101,100.0,,100.0,293520.209038,300010.73447799997,300010.73440699995,2970.4033109603956,0.03331,293520.209038,29199.90200351379,90.79222800000001,64.9052544,21.60186387849879,0.33332140656231446,43,64,,False,False,Request timeout: 300.0s exceeded,493,21.16838264042747
269,2026-09-14T02:24:54.742+00:00,2026-09-14T02:29:48.911+00:00,2026-09-14T02:29:54.820+00:00,False,85,84.0,,84.0,294169.579241,300078.715625,300078.715817,3530.3378331411764,0.01921,294169.579241,31899.546939367538,90.1494022,70.34686171428572,20.292469064005516,0.27992655135518657,43,64,,False,False,Request timeout: 300.0s exceeded,396,21.16838264042747
270,2026-09-14T02:24:59.940+00:00,2026-09-14T02:29:53.707+00:00,2026-09-14T02:30:00.027+00:00,False,93,92.0,,92.0,293766.72546499997,300086.629721,300086.629754,3226.7379543440857,0.030760000000000003,293766.72546499997,30455.074218095917,89.5965346,68.69461147826088,20.96096012114668,0.3065781374049731,43,64,,False,False,Request timeout: 300.0s exceeded,436,21.16838264042747
271,2026-09-14T02:25:05.627+00:00,2026-09-14T02:29:59.428+00:00,2026-09-14T02:30:05.647+00:00,False,91,90.0,,90.0,293801.005107,300020.367155,300020.366988,3296.927109758242,0.03444,293801.005107,30791.476304414155,88.1473185,69.10402275555556,20.130770563354364,0.29997963422764284,43,64,,False,False,Request timeout: 300.0s exceeded,448,21.16838264042747
272,2026-09-14T02:25:11.202+00:00,2026-09-14T02:30:04.997+00:00,2026-09-14T02:30:11.220+00:00,False,92,91.0,,91.0,293795.028573,300018.190173,300018.190016,3261.067282782609,0.018879999999999997,293795.028573,30623.12662177978,88.61708404999999,68.38639120879121,21.229550818428354,0.3033149421624286,43,64,,False,False,Request timeout: 300.0s exceeded,398,21.16838264042747
273,2026-09-14T02:25:16.122+00:00,2026-09-14T02:30:09.810+00:00,2026-09-14T02:30:16.129+00:00,False,96,95.0,,95.0,293687.075004,300006.537916,300006.537744,3125.0681015,0.040530000000000004,293687.075004,29967.529075307888,88.26667875,66.52066223157895,20.199954341280648,0.31665976568350457,43,64,,False,False,Request timeout: 300.0s exceeded,483,21.16838264042747
274,2026-09-14T02:25:21.141+00:00,2026-09-14T02:30:15.163+00:00,2026-09-14T02:30:21.208+00:00,False,91,90.0,,90.0,294022.487121,300067.154769,300067.154821,3297.441261769231,0.03719,294022.487121,30814.896991068865,88.0534995,67.16297386666666,19.48732061545883,0.29993286026017907,43,64,,False,False,Request timeout: 300.0s exceeded,425,21.16838264042747
275,2026-09-14T02:25:25.285+00:00,2026-09-14T02:30:19.006+00:00,2026-09-14T02:30:25.332+00:00,False,93,92.0,,92.0,293721.220111,300046.360591,300046.360708,3226.3049538494624,0.02798,293721.220111,30450.34934431532,90.40523160000001,68.75152695652173,20.534316802838763,0.3066192831627353,43,64,,False,False,Request timeout: 300.0s exceeded,438,21.16838264042747
276,2026-09-14T02:25:29.175+00:00,2026-09-14T02:30:22.868+00:00,2026-09-14T02:30:29.264+00:00,False,101,100.0,,100.0,293692.647552,300088.838528,300088.838369,2971.1766175148514,0.0,293692.647552,29217.217520647777,93.52399199999999,63.96190976,64.86707079038875,0.333234653079806,43,64,,False,False,Request timeout: 300.0s exceeded,489,21.16838264042747
277,2026-09-14T02:25:34.434+00:00,2026-09-14T02:30:28.447+00:00,2026-09-14T02:30:34.497+00:00,False,94,93.0,,93.0,294013.356699,300063.336091,300063.335957,3192.1631484787235,0.027519,294013.356699,30318.459671868768,90.13823599999999,65.05354184946236,20.940547807394424,0.30993456652030277,43,64,,False,False,Request timeout: 300.0s exceeded,228,21.16838264042747
278,2026-09-14T02:25:37.733+00:00,2026-09-14T02:30:31.675+00:00,2026-09-14T02:30:37.770+00:00,False,89,88.0,,88.0,293941.953552,300036.886544,300036.886725,3371.200974438202,0.020719,293941.953552,31150.449785200635,89.04783800000001,69.26060218181819,20.445702414300733,0.29329727092436986,43,64,,False,False,Request timeout: 300.0s exceeded,470,21.16838264042747
279,2026-09-14T02:25:41.798+00:00,2026-09-14T02:30:35.597+00:00,2026-09-14T02:30:41.861+00:00,False,95,94.0,,94.0,293798.998657,300063.240321,300063.240314,3158.560424357895,0.02191,293798.998657,30136.31109400069,89.6830014,66.64086876595745,20.730359230184366,0.31326729625208743,43,64,,False,False,Request timeout: 300.0s exceeded,449,21.16838264042747
280,2026-09-14T02:25:47.557+00:00,2026-09-14T02:30:41.253+00:00,2026-09-14T02:30:47.639+00:00,False,95,94.0,,94.0,293695.646448,300081.58948799997,300081.58951799996,3158.753573873684,0.03208,293695.646448,30125.57433949986,88.9672957,67.93556425531915,20.41793775577423,0.3132481408152465,43,64,,False,False,Request timeout: 300.0s exceeded,458,21.16838264042747
281,2026-09-14T02:25:51.827+00:00,2026-09-14T02:30:45.721+00:00,2026-09-14T02:30:51.837+00:00,False,91,90.0,,90.0,293894.01360299997,300010.09526699997,300010.095232,3296.814233318681,0.02855,293894.01360299997,30801.34695927431,89.91671999999998,67.95646293333334,20.77126438285242,0.29998990507270334,43,64,,False,False,Request timeout: 300.0s exceeded,363,21.16838264042747
282,2026-09-14T02:25:55.451+00:00,2026-09-14T02:30:49.093+00:00,2026-09-14T02:30:55.475+00:00,False,97,96.0,,96.0,293641.202571,300023.15610699996,300023.15615899995,3093.022228443299,0.03381,293641.202571,29808.0039539623,89.9184424,66.47868266666667,20.45609484974539,0.3199753020588939,43,64,,False,False,Request timeout: 300.0s exceeded,363,21.16838264042747
283,2026-09-14T02:26:00.442+00:00,2026-09-14T02:30:53.864+00:00,2026-09-14T02:31:00.486+00:00,False,95,94.0,,94.0,293422.16480900004,300044.27578500006,300044.27574,3158.3607972631585,0.02947,293422.16480900004,30097.257230811076,89.047903,70.44798910638298,19.31270425190657,0.31328709655956477,43,64,,False,False,Request timeout: 300.0s exceeded,451,21.16838264042747
284,2026-09-14T02:26:05.542+00:00,2026-09-14T02:30:59.052+00:00,2026-09-14T02:31:05.553+00:00,False,96,95.0,,95.0,293510.499967,300010.650239,300010.65030599997,3125.1109406875,0.048240000000000005,293510.499967,29949.313544770866,88.75744275,68.42263444210526,20.496123560692517,0.31665542514680517,43,64,,False,False,Request timeout: 300.0s exceeded,251,21.16838264042747
285,2026-09-14T02:26:09.661+00:00,2026-09-14T02:31:03.304+00:00,2026-09-14T02:31:09.726+00:00,False,95,94.0,,94.0,293643.68768000003,300064.96742400003,300064.967375,3158.5786039473687,0.03091,293643.68768000003,30120.204501198776,87.657441,68.31148663829786,19.79153458527938,0.3132654931596044,43,64,,False,False,Request timeout: 300.0s exceeded,416,21.16838264042747
286,2026-09-14T02:26:13.469+00:00,2026-09-14T02:31:07.046+00:00,2026-09-14T02:31:13.493+00:00,False,97,96.0,,96.0,293577.827674,300024.31369,300024.313675,3093.0341615979382,0.01796,293577.827674,29801.501074554842,87.156894,67.150896,20.628763454983467,0.31997406749904933,43,64,,False,False,Request timeout: 300.0s exceeded,453,21.16838264042747
287,2026-09-14T02:26:17.496+00:00,2026-09-14T02:31:11.346+00:00,2026-09-14T02:31:17.568+00:00,False,96,95.0,,95.0,293850.09499400004,300071.65173000004,300071.65165,3125.746371354167,0.01864,293850.09499400004,29984.27197115512,87.42857550000001,65.49007090526315,19.52466985163409,0.31659105234465656,43,64,,False,False,Request timeout: 300.0s exceeded,457,21.16838264042747
288,2026-09-14T02:26:21.678+00:00,2026-09-14T02:31:15.324+00:00,2026-09-14T02:31:21.708+00:00,False,89,88.0,,88.0,293646.482599,300030.829735,300030.82970199996,3371.132918,0.02014,293646.482599,31118.84675531257,87.61178080000002,72.54939927272727,67.35908917693514,0.2933031918010737,43,64,,False,False,Request timeout: 300.0s exceeded,343,21.16838264042747
289,2026-09-14T02:26:25.175+00:00,2026-09-14T02:31:18.927+00:00,2026-09-14T02:31:25.267+00:00,False,99,98.0,,98.0,293751.86357,300091.809298,300091.809386,3031.230397838384,0.0,293751.86357,29516.74938523739,89.6766118,64.69332375510204,68.2891096399458,0.3265667271267745,43,64,,False,False,Request timeout: 300.0s exceeded,539,21.16838264042747
290,2026-09-14T02:26:28.505+00:00,2026-09-14T02:31:22.890+00:00,2026-09-14T02:31:28.557+00:00,False,80,79.0,,79.0,294384.613519,300051.43975900003,300051.439676,3750.64299595,0.05471,294384.613519,32905.18627711395,91.14672600000002,71.73197772151899,19.641605950444397,0.2632881883968044,43,64,,False,False,Request timeout: 300.0s exceeded,388,21.16838264042747
291,2026-09-14T02:26:33.571+00:00,2026-09-14T02:31:27.316+00:00,2026-09-14T02:31:33.649+00:00,False,92,91.0,,91.0,293744.86013499997,300077.797095,300077.79707699997,3261.7151856195646,0.04295,293744.86013499997,30617.769031740223,86.28529950000001,69.59271384615384,19.075688711384203,0.30325469221966733,43,64,,False,False,Request timeout: 300.0s exceeded,449,21.16838264042747
292,2026-09-14T02:26:38.138+00:00,2026-09-14T02:31:31.639+00:00,2026-09-14T02:31:38.176+00:00,False,94,93.0,,93.0,293501.179144,300038.133,300038.132784,3191.895029617021,0.042219,293501.179144,30265.09196673055,90.71604265,70.28982640860215,20.113183939209133,0.30996060090801864,43,64,,False,False,Request timeout: 300.0s exceeded,446,21.16838264042747
293,2026-09-14T02:26:42.503+00:00,2026-09-14T02:31:36.069+00:00,2026-09-14T02:31:42.540+00:00,False,97,96.0,,96.0,293566.19767100003,300037.350823,300037.35082100006,3093.1685651649486,0.02115,293566.19767100003,29800.2943161125,89.5881526,67.40784533333333,20.887635813488842,0.31996016408181444,43,64,,False,False,Request timeout: 300.0s exceeded,456,21.16838264042747
294,2026-09-14T02:26:45.977+00:00,2026-09-14T02:31:39.780+00:00,2026-09-14T02:31:46.552+00:00,False,105,104.0,,104.0,293803.56066,300575.578324,300575.578357,2862.6245557809525,0.04783,293803.56066,28665.944142268632,89.19175140000002,65.11555446153847,20.332750371798184,0.34600282757468437,43,64,,False,False,Request timeout: 300.0s exceeded,505,21.16838264042747
295,2026-09-14T02:26:50.949+00:00,2026-09-14T02:31:44.253+00:00,2026-09-14T02:31:50.993+00:00,False,102,101.0,,101.0,293303.413516,300043.09863599995,300043.09845899994,2941.5990045,0.0225,293303.413516,29034.765530405093,90.38384260000001,66.72955564356435,20.715556689592308,0.33661830736699955,43,64,,False,False,Request timeout: 300.0s exceeded,463,21.16838264042747
296,2026-09-14T02:26:55.564+00:00,2026-09-14T02:31:48.855+00:00,2026-09-14T02:31:55.615+00:00,False,102,101.0,,101.0,293290.867538,300050.58824199997,300050.588248,2941.6724338039216,0.03368,293290.867538,29033.50356075154,89.50696955000001,66.92792776237623,20.586191930571076,0.3366099049888895,43,64,,False,False,Request timeout: 300.0s exceeded,461,21.16838264042747
297,2026-09-14T02:26:58.698+00:00,2026-09-14T02:31:52.459+00:00,2026-09-14T02:31:58.778+00:00,False,95,94.0,,94.0,293760.875618,300079.880034,300079.879959,3158.7355785157893,0.03169,293760.875618,30132.339955686355,89.45643,67.22345123404256,20.691625337827688,0.31324992528439266,43,64,,False,False,Request timeout: 300.0s exceeded,387,21.16838264042747
298,2026-09-14T02:27:03.931+00:00,2026-09-14T02:31:57.834+00:00,2026-09-14T02:32:05.578+00:00,False,79,78.0,,78.0,293903.099015,301647.088263,301647.08825699997,3818.3175728734177,0.026219000000000003,293903.099015,33056.771273072685,89.93472390000001,99.28191343589744,290.4057881878485,0.2585803179773888,43,64,,False,False,Request timeout: 300.0s exceeded,180,21.16838264042747
299,2026-09-14T02:27:08.366+00:00,2026-09-14T02:32:02.117+00:00,2026-09-14T02:32:08.416+00:00,False,107,106.0,,106.0,293751.642619,300050.504955,300050.504882,2804.210326,0.015,293751.642619,28393.418466359995,88.0727766,59.42322958490566,253.38430142776835,0.3532738597320385,43,64,,False,False,Request timeout: 300.0s exceeded,376,21.16838264042747
300,2026-09-14T02:27:13.647+00:00,2026-09-14T02:32:07.077+00:00,2026-09-14T02:32:13.661+00:00,False,99,98.0,,98.0,293429.867694,300013.81137400004,300013.81146600004,3030.442540060606,0.01756,293429.867694,29484.065632897727,87.7682739,67.1830987755102,19.636966870360375,0.3266516283073124,43,64,,False,False,Request timeout: 300.0s exceeded,449,21.16838264042747
301,2026-09-14T02:27:18.106+00:00,2026-09-14T02:32:11.816+00:00,2026-09-14T02:32:18.150+00:00,False,99,98.0,,98.0,293709.951618,300044.096642,300044.096507,3030.7484495656563,0.0,293709.951618,29512.534195513654,88.3655238,64.63413289795918,64.31349367717871,0.3266186573799833,43,64,,False,False,Request timeout: 300.0s exceeded,399,21.16838264042747
302,2026-09-14T02:27:21.935+00:00,2026-09-14T02:32:15.369+00:00,2026-09-14T02:32:21.976+00:00,False,100,99.0,,99.0,293434.727293,300041.283197,300041.283366,3000.4128336599997,0.0,293434.727293,29336.86846239755,88.8568965,66.73288791919192,63.96170584525446,0.3299545947315488,43,64,,False,False,Request timeout: 300.0s exceeded,494,21.16838264042747
303,2026-09-14T02:27:27.040+00:00,2026-09-14T02:32:20.784+00:00,2026-09-14T02:32:27.138+00:00,False,92,91.0,,91.0,293744.194125,300098.37012499996,300098.370121,3261.9388056630432,0.042689,293744.194125,30617.6759362641,90.17453335,69.82610989010989,20.139955790797558,0.3032339028102544,43,64,,False,False,Request timeout: 300.0s exceeded,293,21.16838264042747
304,2026-09-14T02:27:31.440+00:00,2026-09-14T02:32:25.178+00:00,2026-09-14T02:32:31.496+00:00,False,89,88.0,,88.0,293737.483653,300055.22778099997,300055.227686,3371.4070526516853,0.03336,293737.483653,31128.50721344054,90.737912,71.7925469090909,19.78005638912655,0.2932793427756179,43,64,,False,False,Request timeout: 300.0s exceeded,471,21.16838264042747
305,2026-09-14T02:27:36.617+00:00,2026-09-14T02:32:30.488+00:00,2026-09-14T02:32:36.692+00:00,False,92,91.0,,91.0,293870.806417,300074.732945,300074.732895,3261.6818792934782,0.048549999999999996,293870.806417,30631.0483724735,89.1237895,68.17501679120879,20.22698374848929,0.3032577888411524,43,64,,False,False,Request timeout: 300.0s exceeded,361,21.16838264042747
306,2026-09-14T02:27:41.153+00:00,2026-09-14T02:32:34.780+00:00,2026-09-14T02:32:41.214+00:00,False,96,95.0,,95.0,293627.316498,300061.69909,300061.699181,3125.6426998020834,0.045969,293627.316498,29961.306716622737,90.66742624999999,67.73034307368421,20.467577765922396,0.31660155324090816,43,64,,False,False,Request timeout: 300.0s exceeded,418,21.16838264042747
307,2026-09-14T02:27:46.819+00:00,2026-09-14T02:32:40.675+00:00,2026-09-14T02:32:46.853+00:00,False,95,94.0,,94.0,293856.413996,300034.11486000003,300034.114931,3158.2538413789475,0.0389,293856.413996,30142.29610150415,89.450033,65.72022195744681,20.52825447318825,0.3132977063087031,43,64,,False,False,Request timeout: 300.0s exceeded,273,21.16838264042747
308,2026-09-14T02:27:51.716+00:00,2026-09-14T02:32:45.186+00:00,2026-09-14T02:32:51.740+00:00,False,94,93.0,,93.0,293470.04544,300024.21862400003,300024.21847100003,3191.7470050106385,0.10273,293470.04544,30261.861430228513,91.88538415,70.47498047311828,19.739228615493897,0.3099749761086807,43,64,,False,False,Request timeout: 300.0s exceeded,406,21.16838264042747
309,2026-09-14T02:27:56.877+00:00,2026-09-14T02:32:50.376+00:00,2026-09-14T02:32:56.898+00:00,False,95,94.0,,94.0,293498.833149,300021.32786900003,300021.32797600003,3158.1192418526316,0.0479,293498.833149,30105.23181435179,87.49126039999999,69.38824170212767,19.077810499367157,0.31331105914258117,43,64,,False,False,Request timeout: 300.0s exceeded,403,21.16838264042747
310,2026-09-14T02:28:01.650+00:00,2026-09-14T02:32:55.305+00:00,2026-09-14T02:33:01.689+00:00,False,95,94.0,,94.0,293655.20746899996,300038.6772929999,300038.677269,3158.3018659894733,0.04339,293655.20746899996,30121.427342214243,86.98600909999999,67.90925344680852,19.273475464314032,0.31329294225692506,43,64,,False,False,Request timeout: 300.0s exceeded,398,21.16838264042747
311,2026-09-14T02:28:04.791+00:00,2026-09-14T02:32:58.526+00:00,2026-09-14T02:33:04.848+00:00,False,95,94.0,,94.0,293735.598674,300057.077586,300057.077546,3158.4955531157893,0.04307,293735.598674,30129.743356527164,88.938817,67.24977565957447,19.882265530251388,0.3132737303057231,43,64,,False,False,Request timeout: 300.0s exceeded,502,21.16838264042747
312,2026-09-14T02:28:10.098+00:00,2026-09-14T02:33:03.578+00:00,2026-09-14T02:33:10.123+00:00,False,100,99.0,,99.0,293479.882504,300024.67124,300024.671225,3000.2467122499997,0.01821,293479.882504,29341.384528987113,88.96062845,66.10897713131313,20.625748953199942,0.3299728638676068,43,64,,False,False,Request timeout: 300.0s exceeded,402,21.16838264042747
313,2026-09-14T02:28:14.618+00:00,2026-09-14T02:33:05.576+00:00,2026-09-14T02:33:14.301+00:00,True,141,141.0,,141.0,290958.139924,299682.972436,299682.972564,2125.4111529361703,0.0,290958.139924,24497.914359117778,90.70659900000001,62.32023222857143,57.50966283591127,0.47049720193933214,43,64,,False,True,,689,21.16838264042747
314,2026-09-14T02:28:19.603+00:00,2026-09-14T02:33:14.438+00:00,2026-09-14T02:33:19.686+00:00,False,84,83.0,,83.0,294834.74659,300082.67235,300082.672296,3572.412765428571,0.02741,294834.74659,32162.2166675026,89.96849115,63.22802120481928,21.689810600161756,0.27659044539297273,43,64,,False,False,Request timeout: 300.0s exceeded,371,21.16838264042747
315,2026-09-14T02:28:24.425+00:00,2026-09-14T02:33:18.048+00:00,2026-09-14T02:33:24.452+00:00,False,90,89.0,,89.0,293622.42368199996,300027.00966599997,300027.00965799997,3333.633440644444,0.036270000000000004,293622.42368199996,30942.941501511537,90.33456345,71.96164026966292,19.205609390450054,0.29663995951257105,43,64,,False,False,Request timeout: 300.0s exceeded,549,21.16838264042747
316,2026-09-14T02:28:30.142+00:00,2026-09-14T02:33:23.705+00:00,2026-09-14T02:33:30.191+00:00,False,98,97.0,,97.0,293562.459644,300048.20966,300048.209638,3061.7164248775507,0.02555,293562.459644,29647.53921418798,90.33890355,66.86340222680413,20.300202499813405,0.32328138238157017,43,64,,False,False,Request timeout: 300.0s exceeded,276,21.16838264042747
317,2026-09-14T02:28:35.212+00:00,2026-09-14T02:33:28.459+00:00,2026-09-14T02:33:35.273+00:00,False,107,106.0,,106.0,293246.487856,300060.901168,300060.90105700004,2804.307486514019,0.01743,293246.487856,28343.00016766364,88.7245003,64.28691803773584,20.027408077930286,0.35326161984913873,43,64,,False,False,Request timeout: 300.0s exceeded,442,21.16838264042747
318,2026-09-14T02:28:38.957+00:00,2026-09-14T02:33:32.758+00:00,2026-09-14T02:33:38.983+00:00,False,98,97.0,,97.0,293800.887799,300025.885687,300025.88559200004,3061.488628489796,0.02673,293800.887799,29671.89554514481,87.92319554999999,64.17523595876288,20.166808379814725,0.3233054367221987,43,64,,False,False,Request timeout: 300.0s exceeded,471,21.16838264042747
319,2026-09-14T02:28:44.254+00:00,2026-09-14T02:33:37.960+00:00,2026-09-14T02:33:44.297+00:00,False,99,98.0,,98.0,293706.099943,300043.450343,300043.45044,3030.741923636364,0.03127,293706.099943,29512.08185794366,88.86215190000001,64.66684081632653,21.033078748942795,0.32661936092245825,43,64,,False,False,Request timeout: 300.0s exceeded,325,21.16838264042747
320,2026-09-14T02:28:48.194+00:00,2026-09-14T02:33:42.106+00:00,2026-09-14T02:33:48.209+00:00,False,93,92.0,,92.0,293911.467833,300015.194937,300015.194973,3225.969838419355,0.02212,293911.467833,30470.326104330394,86.23027379999999,66.34485982608696,19.668293212844084,0.3066511348510832,43,64,,False,False,Request timeout: 300.0s exceeded,465,21.16838264042747
321,2026-09-14T02:28:52.022+00:00,2026-09-14T02:33:46.110+00:00,2026-09-14T02:33:52.035+00:00,False,92,91.0,,91.0,294087.34547500004,300012.20102700003,300012.20102200005,3261.0021850217395,0.0343,294087.34547500004,30653.94358651134,87.26389799999998,65.10830276923076,19.81612897916713,0.3033209972410766,43,64,,False,False,Request timeout: 300.0s exceeded,360,21.16838264042747
322,2026-09-14T02:28:55.949+00:00,2026-09-14T02:33:49.584+00:00,2026-09-14T02:33:55.973+00:00,False,99,98.0,,98.0,293635.428311,300023.694807,300023.694761,3030.542371323232,0.02658,293635.428311,29504.925946749965,86.680407,65.18639281632653,19.67099209936076,0.3266408676922724,43,64,,False,False,Request timeout: 300.0s exceeded,408,21.16838264042747
323,2026-09-14T02:29:00.697+00:00,2026-09-14T02:33:54.727+00:00,2026-09-14T02:34:00.776+00:00,False,90,89.0,,89.0,294030.412911,300079.80375900003,300079.803796,3334.220042177778,0.04617,294030.412911,30986.368606854456,88.32619580000001,67.97068368539325,20.1439085771669,0.2965877706034414,43,64,,False,False,Request timeout: 300.0s exceeded,360,21.16838264042747
324,2026-09-14T02:29:04.175+00:00,2026-09-14T02:33:57.870+00:00,2026-09-14T02:34:04.228+00:00,False,95,94.0,,94.0,293695.88491100003,300053.32286300004,300053.32295500004,3158.4560311052633,0.03037,293695.88491100003,30125.629485919537,88.24801070000001,67.63231863829787,19.763767052971374,0.3132776504625447,43,64,,False,False,Request timeout: 300.0s exceeded,396,21.16838264042747
325,2026-09-14T02:29:09.004+00:00,2026-09-14T02:34:02.552+00:00,2026-09-14T02:34:09.094+00:00,False,100,99.0,,99.0,293547.713907,300089.117043,300089.11706400005,3000.8911706400004,0.0,293547.713907,29348.23911660308,88.87501490000001,66.07477915151514,66.77751455258671,0.32990200036415923,43,64,,False,False,Request timeout: 300.0s exceeded,411,21.16838264042747
326,2026-09-14T02:29:14.365+00:00,2026-09-14T02:34:08.144+00:00,2026-09-14T02:34:14.444+00:00,False,87,86.0,,86.0,293779.029424,300078.58040000004,300078.58035,3449.1790844827588,0.037339,293779.029424,31488.571058737358,91.7014719,73.25059274418605,20.12239845899399,0.2865915983918724,43,64,,False,False,Request timeout: 300.0s exceeded,252,21.16838264042747
327,2026-09-14T02:29:18.072+00:00,2026-09-14T02:34:11.755+00:00,2026-09-14T02:34:18.151+00:00,False,93,92.0,,92.0,293683.370829,300079.386445,300079.386562,3226.66007055914,0.03841,293683.370829,30446.344627475068,89.62630499999999,69.52190886956522,20.46654609462506,0.30658553754695245,43,64,,False,False,Request timeout: 300.0s exceeded,379,21.16838264042747
328,2026-09-14T02:29:22.359+00:00,2026-09-14T02:34:15.961+00:00,2026-09-14T02:34:22.404+00:00,False,97,96.0,,96.0,293601.066826,300044.25249,300044.25239,3093.239715360825,0.03573,293601.066826,29803.863826514786,87.99435199999999,67.11651733333333,20.161268807095077,0.3199528043057567,43,64,,False,False,Request timeout: 300.0s exceeded,373,21.16838264042747
329,2026-09-14T02:29:26.899+00:00,2026-09-14T02:34:20.479+00:00,2026-09-14T02:34:26.942+00:00,False,94,93.0,,93.0,293579.341875,300042.757683,300042.75768599997,3191.9442307021277,0.02314,293579.341875,30273.235421270158,89.07004515,69.49909470967741,20.156746352603818,0.30995582335720295,43,64,,False,False,Request timeout: 300.0s exceeded,490,21.16838264042747
330,2026-09-14T02:29:32.059+00:00,2026-09-14T02:34:25.968+00:00,2026-09-14T02:34:32.132+00:00,False,90,89.0,,89.0,293909.237644,300073.41453999997,300073.414747,3334.1490527444444,0.02893,293909.237644,30973.459641385078,89.4989429,69.26041456179776,20.106976192059495,0.29659408560546185,43,64,,False,False,Request timeout: 300.0s exceeded,389,21.16838264042747
331,2026-09-14T02:29:36.552+00:00,2026-09-14T02:34:30.183+00:00,2026-09-14T02:34:36.609+00:00,False,95,94.0,,94.0,293630.673515,300057.335147,300057.335346,3158.4982668,0.02243,293630.673515,30118.863549883958,87.9824067,68.36874076595744,20.017836453379918,0.3132734614001314,43,64,,False,False,Request timeout: 300.0s exceeded,490,21.16838264042747
332,2026-09-14T02:29:40.107+00:00,2026-09-14T02:34:34.321+00:00,2026-09-14T02:34:40.138+00:00,False,82,81.0,,81.0,294213.946579,300031.15233899996,300031.15231499996,3658.9164916463415,0.02422,294213.946579,32482.569801090624,88.203366,71.81735506172839,19.171855469553886,0.2699719658060024,43,64,,False,False,Request timeout: 300.0s exceeded,235,21.16838264042747
333,2026-09-14T02:29:43.902+00:00,2026-09-14T02:34:37.904+00:00,2026-09-14T02:34:43.912+00:00,False,87,86.0,,86.0,294002.700268,300010.904044,300010.90416000003,3448.4011972413796,0.03922,294002.700268,31512.91385684243,88.0381436,69.86283460465117,19.422388864388484,0.28665624762554337,43,64,,False,False,Request timeout: 300.0s exceeded,352,21.16838264042747
334,2026-09-14T02:29:48.354+00:00,2026-09-14T02:34:42.351+00:00,2026-09-14T02:34:48.366+00:00,False,93,92.0,,92.0,293997.18124400004,300012.59705200006,300012.59711100004,3225.941904419355,0.03781,293997.18124400004,30479.313478492943,86.6060606,65.38495443478261,19.307458712639086,0.3066537902208619,43,64,,False,False,Request timeout: 300.0s exceeded,381,21.16838264042747
335,2026-09-14T02:29:52.956+00:00,2026-09-14T02:34:46.626+00:00,2026-09-14T02:34:53.007+00:00,False,100,99.0,,99.0,293669.870939,300050.919771,300050.919804,3000.50919804,0.01865,293669.870939,29360.548008946535,87.0534699,64.45503870707071,19.513424048135942,0.3299439977573046,43,64,,True,False,Request timeout: 300.0s exceeded,501,21.16838264042747
336,2026-09-14T02:29:58.709+00:00,2026-09-14T02:34:52.353+00:00,2026-09-14T02:34:58.774+00:00,False,96,95.0,,95.0,293644.210518,300065.228374,300065.22831000003,3125.6794615625,0.03422,293644.210518,29963.045058519772,89.5877485,67.58966164210527,20.08708211641826,0.31659782946124104,43,64,,True,False,Request timeout: 300.0s exceeded,238,21.16838264042747
337,2026-09-14T02:30:03.224+00:00,2026-09-14T02:34:56.806+00:00,2026-09-14T02:35:03.261+00:00,False,100,99.0,,99.0,293582.296413,300037.03023699997,300037.030054,3000.37030054,0.02171,293582.296413,29351.716345504406,86.91055390000001,65.19933155555555,19.839371869936105,0.3299592717665538,43,64,,True,False,Request timeout: 300.0s exceeded,515,21.16838264042747
338,2026-09-14T02:30:07.888+00:00,2026-09-14T02:35:01.805+00:00,2026-09-14T02:35:07.972+00:00,False,91,90.0,,90.0,293917.649011,300083.705971,300083.705921,3297.623141989011,0.02096,293917.649011,30803.766011619235,88.50364850000001,68.511744,20.159628910198045,0.299916317378117,43,64,,True,False,Request timeout: 300.0s exceeded,372,21.16838264042747
339,2026-09-14T02:30:11.229+00:00,2026-09-14T02:35:04.898+00:00,2026-09-14T02:35:11.320+00:00,False,95,94.0,,94.0,293668.64316900005,300090.39728100004,300090.39715000003,3158.846285789474,0.03526,293668.64316900005,30122.76431555145,88.935495,68.31653310638298,19.719731050405557,0.3132389468363423,43,64,,True,False,Request timeout: 300.0s exceeded,357,21.16838264042747
340,2026-09-14T02:30:15.857+00:00,2026-09-14T02:35:09.226+00:00,2026-09-14T02:35:15.917+00:00,False,101,100.0,,100.0,293369.061776,300059.516304,300059.51627,2970.8862997029705,0.0366,293369.061776,29184.66284500577,90.52475899999999,66.90454528000001,20.892817624320845,0.33326721722328834,43,64,,True,False,Request timeout: 300.0s exceeded,484,21.16838264042747
341,2026-09-14T02:30:19.173+00:00,2026-09-14T02:35:12.588+00:00,2026-09-14T02:35:19.190+00:00,False,96,95.0,,95.0,293414.908814,300016.307342,300016.30734500004,3125.1698681770836,0.02151,293414.908814,29939.448336206635,89.67779549999999,69.48840555789474,20.191371093638626,0.3166494542968489,43,64,,True,False,Request timeout: 300.0s exceeded,393,21.16838264042747
342,2026-09-14T02:30:23.418+00:00,2026-09-14T02:35:16.940+00:00,2026-09-14T02:35:23.439+00:00,False,93,92.0,,92.0,293521.443033,300020.685785,300020.68594,3226.0288810752686,0.025389,293521.443033,30429.436221720618,88.5060696,70.64394295652174,19.01776553503752,0.3066455226554905,43,64,,True,False,Request timeout: 300.0s exceeded,467,21.16838264042747
343,2026-09-14T02:30:27.551+00:00,2026-09-14T02:35:21.190+00:00,2026-09-14T02:35:28.198+00:00,False,99,98.0,,98.0,293638.66121,300646.96047399996,300646.960524,3036.837985090909,0.06154,293638.66121,29504.615878882265,88.5524809,71.51325779591836,20.9727670544155,0.3259637145357904,43,64,,True,False,Request timeout: 300.0s exceeded,466,21.16838264042747
344,2026-09-14T02:30:30.815+00:00,2026-09-14T02:35:24.748+00:00,2026-09-14T02:35:30.850+00:00,False,88,87.0,,87.0,293933.284342,300035.77803800005,300035.778116,3409.4974785909094,0.02437,293933.284342,31325.92366262286,89.67279235,70.14360570114943,21.954635036831316,0.28996541868743836,43,64,,True,False,Request timeout: 300.0s exceeded,420,21.16838264042747
345,2026-09-14T02:30:36.508+00:00,2026-09-14T02:35:30.191+00:00,2026-09-14T02:35:36.553+00:00,False,92,91.0,,91.0,293682.84117699997,300045.31874499994,300045.31869299995,3261.362159706521,0.02659,293682.84117699997,30611.269216191053,87.63894404999999,69.91733591208792,18.995521452699396,0.3032875179677052,43,64,,True,False,Request timeout: 300.0s exceeded,366,21.16838264042747
346,2026-09-14T02:30:40.019+00:00,2026-09-14T02:35:33.585+00:00,2026-09-14T02:35:40.079+00:00,False,95,94.0,,94.0,293565.37189899996,300059.448315,300059.448277,3158.520508178947,0.02044,293565.37189899996,30112.0895882854,86.20299940000001,69.08591931914894,19.118953873274535,0.31327125517247356,43,64,,True,False,Request timeout: 300.0s exceeded,467,21.16838264042747
347,2026-09-14T02:30:43.448+00:00,2026-09-14T02:35:37.113+00:00,2026-09-14T02:35:43.488+00:00,False,95,94.0,,94.0,293664.991002,300039.346458,300039.346313,3158.3089085578945,0.03957,293664.991002,30122.441648034484,89.40971970000001,67.81229208510639,20.18181077485297,0.3132922435329937,43,64,,True,False,Request timeout: 300.0s exceeded,379,21.16838264042747
348,2026-09-14T02:30:47.608+00:00,2026-09-14T02:35:41.521+00:00,2026-09-14T02:35:47.623+00:00,False,90,89.0,,89.0,293912.80299299996,300015.37809699995,300015.378207,3333.5042022999996,0.03593,293912.80299299996,30973.90904689457,88.373845,68.56825959550562,21.058431467477604,0.2966514602168987,43,64,,True,False,Request timeout: 300.0s exceeded,423,21.16838264042747
349,2026-09-14T02:30:53.043+00:00,2026-09-14T02:35:46.445+00:00,2026-09-14T02:35:53.103+00:00,False,98,97.0,,97.0,293401.980727,300060.012855,300060.01294,3061.8368667346936,0.028329999999999998,293401.980727,29631.148712369966,88.84705115000001,68.6395064742268,19.8931310619664,0.3232686657481214,43,64,,True,False,Request timeout: 300.0s exceeded,417,21.16838264042747
350,2026-09-14T02:30:56.852+00:00,2026-09-14T02:35:50.776+00:00,2026-09-14T02:35:56.909+00:00,False,89,88.0,,88.0,293924.34279,300056.918022,300056.918152,3371.4260466516857,0.02515,293924.34279,31148.536425160553,86.776235,69.6883549090909,18.364605489291083,0.2932776907131596,43,64,,True,False,Request timeout: 300.0s exceeded,324,21.16838264042747
351,2026-09-14T02:31:02.289+00:00,2026-09-14T02:35:55.932+00:00,2026-09-14T02:36:02.343+00:00,False,96,95.0,,95.0,293642.67001999996,300053.626052,300053.626036,3125.558604541666,0.026879999999999998,293642.67001999996,29962.898891807567,89.01879675,67.48374770526316,20.460369534699346,0.316610071506139,43,64,,True,False,Request timeout: 300.0s exceeded,436,21.16838264042747
352,2026-09-14T02:31:05.696+00:00,2026-09-14T02:35:59.785+00:00,2026-09-14T02:36:05.733+00:00,False,86,85.0,,85.0,294089.26568300003,300036.99150700006,300036.99154600006,3488.80222727907,0.02736,294089.26568300003,31704.92229040361,90.15148525000001,69.9732449882353,20.59678868032086,0.2832984012173609,43,64,,True,False,Request timeout: 300.0s exceeded,387,21.16838264042747
353,2026-09-14T02:31:10.846+00:00,2026-09-14T02:36:04.698+00:00,2026-09-14T02:36:10.898+00:00,False,89,88.0,,88.0,293852.756329,300051.904105,300051.90408999997,3371.3697088764043,0.02136,293852.756329,31140.86882146789,89.03402020000001,70.4448610909091,19.583143416306033,0.29328259143193214,43,64,,True,False,Request timeout: 300.0s exceeded,459,21.16838264042747
354,2026-09-14T02:31:14.350+00:00,2026-09-14T02:36:08.082+00:00,2026-09-14T02:36:14.378+00:00,False,93,92.0,,92.0,293731.763049,300027.983977,300027.984035,3226.1073552150538,0.037829999999999996,293731.763049,30451.473977955,87.671633,68.437184,18.62590476500625,0.30663806349161304,43,64,,True,False,Request timeout: 300.0s exceeded,470,21.16838264042747
355,2026-09-14T02:31:18.303+00:00,2026-09-14T02:36:11.952+00:00,2026-09-14T02:36:18.341+00:00,False,92,91.0,,91.0,293649.233838,300038.33131,300038.331198,3261.286208673913,0.02708,293649.233838,30607.73488831178,87.37483199999998,70.20986232967033,18.95746397439712,0.30329458107130547,43,64,,True,False,Request timeout: 300.0s exceeded,202,21.16838264042747
356,2026-09-14T02:31:21.924+00:00,2026-09-14T02:36:15.724+00:00,2026-09-14T02:36:22.006+00:00,False,92,91.0,,91.0,293799.476745,300081.69882499997,300081.698829,3261.7575959673914,0.03381,293799.476745,30623.521605255806,88.1555925,69.03540747252747,19.550602306360346,0.30325074923369083,43,64,,True,False,Request timeout: 300.0s exceeded,482,21.16838264042747
357,2026-09-14T02:31:25.479+00:00,2026-09-14T02:36:19.589+00:00,2026-09-14T02:36:25.545+00:00,False,90,89.0,,89.0,294110.277182,300066.410558,300066.410635,3334.0712292777775,0.04261,294110.277182,30994.897577031603,90.18248195,66.92284692134831,20.278803843475515,0.2966010085383987,43,64,,True,False,Request timeout: 300.0s exceeded,407,21.16838264042747
358,2026-09-14T02:31:28.950+00:00,2026-09-14T02:36:23.055+00:00,2026-09-14T02:36:29.001+00:00,False,85,84.0,,84.0,294104.917017,300050.66447300004,300050.664453,3530.007817094118,0.038590000000000006,294104.917017,31892.485893425826,89.4500478,70.7827078095238,20.019325749573255,0.2799527211430612,43,64,,True,False,Request timeout: 300.0s exceeded,289,21.16838264042747
359,2026-09-14T02:31:32.756+00:00,2026-09-14T02:36:26.625+00:00,2026-09-14T02:36:32.803+00:00,False,86,85.0,,85.0,293868.87467,300047.182766,300047.182997,3488.9207325232555,0.02792,293868.87467,31680.862803976455,87.91994875,72.6859776,17.942250499816787,0.28328877883945863,43,64,,True,False,Request timeout: 300.0s exceeded,371,21.16838264042747
360,2026-09-14T02:31:38.135+00:00,2026-09-14T02:36:31.702+00:00,2026-09-14T02:36:38.186+00:00,False,95,94.0,,94.0,293566.998005,300051.410677,300051.410675,3158.435901842105,0.019349,293566.998005,30112.267741381107,89.0898464,68.9831135319149,20.308629082227398,0.31327964693753535,43,64,,True,False,Request timeout: 300.0s exceeded,438,21.16838264042747
361,2026-09-14T02:31:42.430+00:00,2026-09-14T02:36:36.196+00:00,2026-09-14T02:36:42.490+00:00,False,94,93.0,,93.0,293765.74831199995,300059.39336799993,300059.39345299994,3192.121206946808,0.03448,293765.74831199995,30292.650789840056,89.59975614999999,67.67360275268817,21.239475794260148,0.309938639001188,43,64,,True,False,Request timeout: 300.0s exceeded,411,21.16838264042747
362,2026-09-14T02:31:47.633+00:00,2026-09-14T02:36:41.477+00:00,2026-09-14T02:36:47.687+00:00,False,90,89.0,,89.0,293843.509431,300054.021815,300054.021768,3333.9335751999997,0.02576,293843.509431,30966.47660150199,90.3254419,69.7810380224719,20.414387523334128,0.2966132547120913,43,64,,True,False,Request timeout: 300.0s exceeded,365,21.16838264042747
363,2026-09-14T02:31:53.279+00:00,2026-09-14T02:36:47.304+00:00,2026-09-14T02:36:53.337+00:00,False,90,89.0,,89.0,294024.388707,300058.199395,300058.199485,3333.9799942777777,0.02205,294024.388707,30985.752278810367,88.860884,67.79562570786517,20.49248204839507,0.29660912509456,43,64,,True,False,Request timeout: 300.0s exceeded,376,21.16838264042747
364,2026-09-14T02:31:57.464+00:00,2026-09-14T02:36:51.382+00:00,2026-09-14T02:36:57.511+00:00,False,88,87.0,,87.0,293918.295426,300047.520642,300047.520474,3409.630914477273,0.03479,293918.295426,31324.29139165019,88.65715270000001,70.45086455172414,19.35583169828887,0.2899540706547066,43,64,,True,False,Request timeout: 300.0s exceeded,193,21.16838264042747
365,2026-09-14T02:32:05.643+00:00,2026-09-14T02:36:58.762+00:00,2026-09-14T02:37:05.726+00:00,False,108,107.0,,107.0,293118.583302,300082.344454,300082.34441900003,2778.540226101852,0.02215,293118.583302,28199.093255576132,89.2149037,65.08187992523365,19.867542202495542,0.35656879512417355,43,64,,True,False,Request timeout: 300.0s exceeded,439,21.16838264042747
366,2026-09-14T02:32:07.506+00:00,2026-09-14T02:37:01.182+00:00,2026-09-14T02:37:07.585+00:00,False,104,103.0,,103.0,293675.83192799997,300078.90136799996,300078.901387,2885.374051798077,0.0,293675.83192799997,28791.20276787725,89.54424350000001,62.1657227184466,28.580477880150134,0.3432430588436692,43,64,,True,False,Request timeout: 300.0s exceeded,387,21.16838264042747
367,2026-09-14T02:32:11.127+00:00,2026-09-14T02:37:06.818+00:00,2026-09-14T02:37:11.147+00:00,False,64,63.0,,63.0,295690.55560100003,300019.761873,300019.76178600005,4687.808777906251,0.0,295690.55560100003,36952.74424876151,90.97797224999998,68.71755987301587,32.991234273254285,0.20998616760008043,43,64,,True,False,Request timeout: 300.0s exceeded,249,21.16838264042747
368,2026-09-14T02:32:14.890+00:00,2026-09-14T02:37:08.369+00:00,2026-09-14T02:37:14.900+00:00,False,96,95.0,,95.0,293479.49336900003,300010.39333700004,300010.393318,3125.108263729167,0.020079999999999997,293479.49336900003,29946.115685338063,88.9468195,68.74631545263158,20.158080875934488,0.3166556963021178,43,64,,True,False,Request timeout: 300.0s exceeded,295,21.16838264042747
369,2026-09-14T02:32:18.123+00:00,2026-09-14T02:37:11.879+00:00,2026-09-14T02:37:18.195+00:00,False,99,98.0,,98.0,293755.448531,300071.58702700003,300071.587033,3031.026131646465,0.026019999999999998,293755.448531,29517.06304219206,89.4461336,64.45039281632653,20.62047947706562,0.326588734944712,43,64,,True,False,Request timeout: 300.0s exceeded,473,21.16838264042747
370,2026-09-14T02:32:21.765+00:00,2026-09-14T02:37:15.956+00:00,2026-09-14T02:37:21.794+00:00,False,89,88.0,,88.0,294190.65294400003,300028.305424,300028.30525800004,3371.1045534606747,0.01968,294190.65294400003,31177.12170797308,87.80357319999999,66.33696,20.35256701724986,0.293305659529818,43,64,,True,False,Request timeout: 300.0s exceeded,394,21.16838264042747
371,2026-09-14T02:32:26.554+00:00,2026-09-14T02:37:20.113+00:00,2026-09-14T02:37:26.569+00:00,False,99,98.0,,98.0,293559.225612,300015.001612,300015.00149,3030.4545605050503,0.02847,293559.225612,29497.19850762563,88.1973431,65.87526530612246,20.34542763114937,0.3266503323948458,43,64,,True,False,Request timeout: 300.0s exceeded,388,21.16838264042747
372,2026-09-14T02:32:30.449+00:00,2026-09-14T02:37:24.390+00:00,2026-09-14T02:37:30.504+00:00,False,89,88.0,,88.0,293941.802348,300054.987372,300054.98728,3371.404351460674,0.02117,293941.802348,31150.411438137737,88.88530440000001,69.46801163636364,19.92363621962607,0.2932795777558598,43,64,,True,False,Request timeout: 300.0s exceeded,386,21.16838264042747
373,2026-09-14T02:32:34.701+00:00,2026-09-14T02:37:28.321+00:00,2026-09-14T02:37:34.757+00:00,False,93,92.0,,92.0,293620.10110900004,300055.47032500006,300055.470342,3226.4029069032263,0.023219999999999998,293620.10110900004,30439.738205907524,87.31814399999999,69.94966539130435,18.404064506780546,0.3066099741502854,43,64,,True,False,Request timeout: 300.0s exceeded,441,21.16838264042747
374,2026-09-14T02:32:40.455+00:00,2026-09-14T02:37:34.097+00:00,2026-09-14T02:37:40.469+00:00,False,97,96.0,,96.0,293641.715855,300013.506959,300013.50692400004,3092.9227517938148,0.022350000000000002,293641.715855,29808.066552690634,88.336465,66.372824,20.060926221900296,0.31998559322570563,43,64,,True,False,Request timeout: 300.0s exceeded,272,21.16838264042747
375,2026-09-14T02:32:45.496+00:00,2026-09-14T02:37:39.488+00:00,2026-09-14T02:37:45.530+00:00,False,86,85.0,,85.0,293991.361272,300033.144312,300033.144249,3488.7574912674418,0.035590000000000004,293991.361272,31694.244620495734,87.11388374999999,71.07980047058824,18.89940735314864,0.2833020338300017,43,64,,True,False,Request timeout: 300.0s exceeded,353,21.16838264042747
376,2026-09-14T02:32:49.706+00:00,2026-09-14T02:37:43.437+00:00,2026-09-14T02:37:49.789+00:00,False,94,93.0,,93.0,293731.468119,300082.884695,300082.88468200003,3192.371113638298,0.02161,293731.468119,30289.049668371197,86.58098715,68.29480189247312,19.244779118648875,0.3099143761381922,43,64,,True,False,Request timeout: 300.0s exceeded,498,21.16838264042747
377,2026-09-14T02:32:53.093+00:00,2026-09-14T02:37:46.643+00:00,2026-09-14T02:37:53.120+00:00,False,96,95.0,,95.0,293550.11129699997,300027.49984099995,300027.50002599997,3125.2864586041665,0.02038,293550.11129699997,29953.37974834022,86.96664425,68.18303730526316,18.85995628895447,0.3166376417173272,43,64,,True,False,Request timeout: 300.0s exceeded,491,21.16838264042747
378,2026-09-14T02:32:57.384+00:00,2026-09-14T02:37:50.849+00:00,2026-09-14T02:37:57.463+00:00,False,94,93.0,,93.0,293464.571596,300078.436812,300078.436826,3192.3237960212764,0.02466,293464.571596,30261.230694541788,88.750042,71.1168302795699,19.81659100916636,0.3099189698134317,43,64,,True,False,Request timeout: 300.0s exceeded,397,21.16838264042747
379,2026-09-14T02:33:00.696+00:00,2026-09-14T02:37:54.338+00:00,2026-09-14T02:38:00.734+00:00,False,89,88.0,,88.0,293642.097589,300038.000053,300038.00014,3371.2134847191014,0.02484,293642.097589,31118.302224552775,90.35884300000002,72.68070981818181,19.870425434767416,0.293296182431743,43,64,,True,False,Request timeout: 300.0s exceeded,432,21.16838264042747
380,2026-09-14T02:33:05.368+00:00,2026-09-14T02:37:59.365+00:00,2026-09-14T02:38:05.381+00:00,False,87,86.0,,86.0,293996.997527,300012.63784700003,300012.63783,3448.421124482759,0.02196,293996.997527,31512.29369505302,89.0345509,69.94930604651164,20.236981283105433,0.28665459101045654,43,64,,True,False,Request timeout: 300.0s exceeded,376,21.16838264042747
381,2026-09-14T02:33:09.372+00:00,2026-09-14T02:38:02.927+00:00,2026-09-14T02:38:09.449+00:00,False,96,95.0,,95.0,293555.301447,300077.475911,300077.475671,3125.8070382395836,0.03453,293555.301447,29953.862121358587,88.95558925000002,68.65446804210525,20.058441807475884,0.3165849076529025,43,64,,True,False,Request timeout: 300.0s exceeded,410,21.16838264042747
382,2026-09-14T02:33:14.109+00:00,2026-09-14T02:38:07.859+00:00,2026-09-14T02:38:14.152+00:00,False,103,102.0,,102.0,293750.16168300004,300042.85774700006,300042.85769200005,2913.037453320389,0.01509,293750.16168300004,28939.616070732984,89.46934110000001,61.693098666666664,308.7978387452932,0.33995143482471324,43,64,,True,False,Request timeout: 300.0s exceeded,526,21.16838264042747
383,2026-09-14T02:33:18.330+00:00,2026-09-14T02:38:14.043+00:00,2026-09-14T02:38:18.364+00:00,False,67,66.0,,66.0,295713.448057,300034.510457,300034.510588,4478.127023701492,0.0342,295713.448057,36119.154482452526,85.9613179,65.47064242424243,19.82239047936385,0.2199746952424625,43,64,,True,False,Request timeout: 300.0s exceeded,99,21.16838264042747
384,2026-09-14T02:33:23.204+00:00,2026-09-14T02:38:16.599+00:00,2026-09-14T02:38:23.222+00:00,False,97,96.0,,96.0,293394.94728799997,300017.11407199997,300017.114111,3092.9599392886594,0.0208,293394.94728799997,29782.745733537897,88.33461559999999,68.980904,19.354572349435845,0.31998174603119917,43,64,,True,False,Request timeout: 300.0s exceeded,323,21.16838264042747
385,2026-09-14T02:33:27.264+00:00,2026-09-14T02:38:21.022+00:00,2026-09-14T02:38:27.331+00:00,False,96,95.0,,95.0,293758.607898,300067.434266,300067.43425399996,3125.7024401458334,0.06352000000000001,293758.607898,29974.841333212345,88.27825900000002,66.40869861052632,20.255492301244843,0.3165955020490014,43,64,,True,False,Request timeout: 300.0s exceeded,483,21.16838264042747
386,2026-09-14T02:33:32.871+00:00,2026-09-14T02:38:26.467+00:00,2026-09-14T02:38:32.950+00:00,False,100,99.0,,99.0,293595.754469,300078.66723699996,300078.667186,3000.78667186,0.0364,293595.754469,29353.034075516243,88.705581,65.48396735353535,20.41165330257317,0.32991348872464343,43,64,,True,False,Request timeout: 300.0s exceeded,624,21.16838264042747
387,2026-09-14T02:33:37.059+00:00,2026-09-14T02:38:30.834+00:00,2026-09-14T02:38:37.134+00:00,False,91,90.0,,90.0,293774.999519,300075.492575,300075.492751,3297.5328873736266,0.02345,293774.999519,30788.655773815997,90.02279049999999,70.0054784,20.275334626652803,0.299924526417317,43,64,,True,False,Request timeout: 300.0s exceeded,436,21.16838264042747
388,2026-09-14T02:33:40.244+00:00,2026-09-14T02:38:34.243+00:00,2026-09-14T02:38:40.322+00:00,False,88,87.0,,87.0,293999.59352399997,300077.74085199996,300077.740854,3409.9743278863634,0.03581,293999.59352399997,31333.02044884495,87.77324684999999,69.86376239080461,19.465860478073477,0.2899248699786396,43,64,,True,False,Request timeout: 300.0s exceeded,403,21.16838264042747
389,2026-09-14T02:33:45.700+00:00,2026-09-14T02:38:39.561+00:00,2026-09-14T02:38:45.722+00:00,False,95,94.0,,94.0,293860.279866,300021.976378,300021.9763,3158.1260663157896,0.03204,293860.279866,30142.709409596337,86.0915804,65.54996289361702,19.320062664969164,0.3133103819087195,43,64,,True,False,Request timeout: 300.0s exceeded,457,21.16838264042747
390,2026-09-14T02:33:49.640+00:00,2026-09-14T02:38:43.324+00:00,2026-09-14T02:38:49.656+00:00,False,96,95.0,,95.0,293684.212765,300015.797789,300015.797852,3125.1645609583334,0.02189,293684.212765,29967.223285994238,85.77373100000001,66.64826341052631,19.21673005963409,0.31664999210079314,43,64,,True,False,Request timeout: 300.0s exceeded,491,21.16838264042747
391,2026-09-14T02:33:54.609+00:00,2026-09-14T02:38:48.217+00:00,2026-09-14T02:38:54.671+00:00,False,96,95.0,,95.0,293607.963154,300062.139922,300062.139822,3125.6472898125,0.02831,293607.963154,29959.30988112773,88.55677599999999,67.93870282105263,19.976260658299186,0.31660108811026566,43,64,,True,False,Request timeout: 300.0s exceeded,515,21.16838264042747
392,2026-09-14T02:33:59.394+00:00,2026-09-14T02:38:53.221+00:00,2026-09-14T02:38:59.431+00:00,False,93,92.0,,92.0,293827.17463,300037.82602200005,300037.82608100004,3226.2131836666667,0.02187,293827.17463,30461.46494143177,87.9780226,67.50708034782609,19.901673779823103,0.3066280049411309,43,64,,True,False,Request timeout: 300.0s exceeded,463,21.16838264042747
393,2026-09-14T02:34:04.517+00:00,2026-09-14T02:38:58.456+00:00,2026-09-14T02:39:04.551+00:00,False,89,88.0,,88.0,293938.969181,300033.816669,300033.816628,3371.1664789662923,0.02278,293938.969181,31150.13316596595,88.676948,69.25963054545454,19.851688255516027,0.2933002718726282,43,64,,True,False,Request timeout: 300.0s exceeded,401,21.16838264042747
394,2026-09-14T02:34:09.151+00:00,2026-09-14T02:39:02.605+00:00,2026-09-14T02:39:09.233+00:00,False,102,101.0,,101.0,293453.68511400005,300081.85893800005,300081.85894600005,2941.97900927451,0.034,293453.68511400005,29049.75422454837,90.09674105,65.6254834059406,21.099082746429556,0.336574827806794,43,64,,True,False,Request timeout: 300.0s exceeded,422,21.16838264042747
395,2026-09-14T02:34:14.335+00:00,2026-09-14T02:39:07.849+00:00,2026-09-14T02:39:14.420+00:00,False,98,97.0,,97.0,293514.39701300004,300084.59630900004,300084.596337,3062.08771772449,0.03539,293514.39701300004,29642.596213803376,88.6908032,67.73401336082475,20.30378884498118,0.32324218301467944,43,64,,True,False,Request timeout: 300.0s exceeded,401,21.16838264042747
396,2026-09-14T02:34:19.681+00:00,2026-09-14T02:39:13.050+00:00,2026-09-14T02:39:19.729+00:00,False,98,97.0,,97.0,293369.158338,300048.885698,300048.885771,3061.7233241938775,0.02198,293369.158338,29627.810392237756,88.27701985,68.86316865979381,19.64231211815743,0.3232806539985979,43,64,,True,False,Request timeout: 300.0s exceeded,396,21.16838264042747
397,2026-09-14T02:34:23.308+00:00,2026-09-14T02:39:16.911+00:00,2026-09-14T02:39:23.314+00:00,False,94,93.0,,93.0,293603.641243,300006.374555,300006.37451,3191.557175638298,0.03762,293603.641243,30275.80846492623,86.67122450000001,68.84659475268818,19.312310220744507,0.3099934130997952,43,64,,True,False,Request timeout: 300.0s exceeded,505,21.16838264042747
398,2026-09-14T02:34:28.666+00:00,2026-09-14T02:39:22.431+00:00,2026-09-14T02:39:28.712+00:00,False,93,92.0,,92.0,293765.008361,300046.338793,300046.338984,3226.304720258064,0.02709,293765.008361,30454.938908898897,87.89401259999998,68.2753307826087,19.858158354788937,0.30661930543825167,43,64,,True,False,Request timeout: 300.0s exceeded,388,21.16838264042747
399,2026-09-14T02:34:32.518+00:00,2026-09-14T02:39:26.336+00:00,2026-09-14T02:39:32.560+00:00,False,94,93.0,,93.0,293817.758458,300042.15577,300042.15573,3191.937826914894,0.0224,293817.758458,30298.09102372099,87.64752265000001,66.92900335483871,19.742628693323862,0.30995644515795967,43,64,,True,False,Request timeout: 300.0s exceeded,353,21.16838264042747
400,2026-09-14T02:34:38.053+00:00,2026-09-14T02:39:31.284+00:00,2026-09-14T02:39:38.061+00:00,False,136,135.0,,135.0,293231.305732,300008.571908,300008.57178899995,2205.9453808014705,0.01911,293231.305732,25140.08706338292,89.63871675,50.20197167407407,27.399701594739785,0.4499871425053776,43,64,,True,False,Request timeout: 300.0s exceeded,694,21.16838264042747
0,2026-09-14T02:04:40.932+00:00,2026-09-14T02:04:41.145+00:00,2026-09-14T02:04:53.494+00:00,True,231,231.0,,231.0,212.303673,12561.614905,12561.614928,54.379285402597404,0.02341,212.303673,22.28791705291444,93.92206200000001,53.69265753043478,19.73673233725265,18.38935532946908,44,64,,False,True,,1138,21.16838264042747
1,2026-09-14T02:04:43.963+00:00,2026-09-14T02:04:44.123+00:00,2026-09-14T02:04:57.838+00:00,True,220,220.0,,220.0,160.306422,13874.993142,13874.99305,63.068150227272724,0.030729,160.306422,22.41552203523015,95.8129694,62.6241402739726,21.475321624772647,15.85586369293789,44,64,,False,True,,1107,21.16838264042747
2,2026-09-14T02:04:47.059+00:00,2026-09-14T02:04:48.801+00:00,2026-09-14T02:05:07.967+00:00,True,295,295.0,,295.0,1741.75925,20907.890706,20907.89086,70.87420630508474,39.998246,1741.75925,99.95783952901463,95.51891070000002,65.19092331972789,21.557808004753905,14.109505552147494,44,64,,False,True,,1047,21.16838264042747
3,2026-09-14T02:04:51.193+00:00,2026-09-14T02:04:56.661+00:00,2026-09-14T02:05:09.752+00:00,True,200,200.0,,200.0,5468.318146,18558.732482,18558.732369999998,92.79366184999999,36.060194,5468.318146,382.6018788868487,93.56898944999999,65.78097656281408,21.199451072154943,10.77659803512868,44,64,,False,True,,893,21.16838264042747
4,2026-09-14T02:04:54.357+00:00,2026-09-14T02:05:02.964+00:00,2026-09-14T02:05:10.355+00:00,True,114,114.0,,114.0,8607.148502,15998.597334,15998.597495,140.33857451754386,37.634750999999994,8607.148502,800.2971626078947,94.397788,65.41105161061947,21.644370597863244,7.125624679466666,44,64,,False,True,,531,21.16838264042747
5,2026-09-14T02:04:57.105+00:00,2026-09-14T02:05:06.768+00:00,2026-09-14T02:05:19.068+00:00,True,183,183.0,,183.0,9663.139486,21963.062685999997,21963.062738,120.01673627322404,17.253583,9663.139486,709.6939302964993,95.65936119999998,67.5819956043956,22.97408505070767,8.332171273938512,44,64,,False,True,,672,21.16838264042747
6,2026-09-14T02:05:01.169+00:00,2026-09-14T02:05:14.113+00:00,2026-09-14T02:05:30.833+00:00,True,246,246.0,,246.0,12944.055492000001,29664.655812000005,29664.655705,120.58803132113822,18.8842,12944.055492000001,821.2342837101739,95.20136425000001,68.24734824489796,22.34249058379061,8.292696923875571,44,64,,False,True,,1074,21.16838264042747
7,2026-09-14T02:05:04.747+00:00,2026-09-14T02:05:19.934+00:00,2026-09-14T02:05:31.691+00:00,True,174,174.0,,174.0,15186.869487,26943.252206999998,26943.252291,154.84627753448277,39.773826,15186.869487,1146.368133664135,94.98354535,67.95596947976878,21.80827645286129,6.458017713050761,44,64,,False,True,,865,21.16838264042747
8,2026-09-14T02:05:07.341+00:00,2026-09-14T02:05:24.953+00:00,2026-09-14T02:05:39.406+00:00,True,216,216.0,,216.0,17611.208097,32064.466592999997,32064.46649,148.44660412037035,0.01822,17611.208097,1194.0198693316593,95.82960475,67.22445812093024,26.95960064950278,6.7364289180832655,44,64,,False,True,,946,21.16838264042747
9,2026-09-14T02:05:11.244+00:00,2026-09-14T02:05:31.108+00:00,2026-09-14T02:05:38.764+00:00,True,118,118.0,,118.0,19864.21452,27520.572408,27520.572336,233.2251892881356,0.01837,19864.21452,1822.8808448622483,95.78108935,65.43895630769231,30.669733447866403,4.287701514729338,44,64,,False,True,,386,21.16838264042747
10,2026-09-14T02:05:15.224+00:00,2026-09-14T02:05:38.899+00:00,2026-09-14T02:05:49.453+00:00,True,163,163.0,,163.0,23675.628668,34229.01542,34229.015509000004,209.99396017791412,41.174584,23675.628668,1849.4420253057542,95.69751919999999,65.14436266666667,21.66950104097426,4.762041735642772,44,64,,False,True,,765,21.16838264042747
11,2026-09-14T02:05:19.346+00:00,2026-09-14T02:05:45.472+00:00,2026-09-14T02:05:55.745+00:00,True,156,156.0,,156.0,26125.501015,36398.837591,36398.837617000005,233.3258821602564,40.591195,26125.501015,2086.523778797634,96.09947700000001,66.27959081290322,22.0984228819752,4.285851151427227,44,64,,False,True,,403,21.16838264042747
12,2026-09-14T02:05:22.559+00:00,2026-09-14T02:05:51.171+00:00,2026-09-14T02:05:58.429+00:00,True,110,110.0,,110.0,28612.455645,35870.545885,35870.54597,326.09587245454543,41.879562,28612.455645,2721.8306561103495,96.66466165000001,66.58798385321101,22.108428121070112,3.0665828268311563,44,64,,False,True,,471,21.16838264042747
13,2026-09-14T02:05:26.473+00:00,2026-09-14T02:05:58.567+00:00,2026-09-14T02:06:08.944+00:00,True,153,153.0,,153.0,32093.79176,42471.620112000004,42471.620223,277.5922890392157,39.473247,32093.79176,2589.1977586356584,95.26189000000001,68.27518652631579,21.441678071295186,3.6024055497890255,44,64,,False,True,,677,21.16838264042747
14,2026-09-14T02:05:29.801+00:00,2026-09-14T02:06:04.559+00:00,2026-09-14T02:06:23.382+00:00,True,282,282.0,,282.0,34758.282248,53581.24877600001,53581.248804,190.00442838297874,4.45165,34758.282248,2065.965249086169,95.20654655,66.98564600711744,23.092079369494176,5.263035230457578,44,64,,False,True,,1021,21.16838264042747
15,2026-09-14T02:05:32.260+00:00,2026-09-14T02:06:08.230+00:00,2026-09-14T02:06:22.795+00:00,True,217,217.0,,217.0,35970.540321,50534.702369,50534.702322,232.8788125437788,4.889769,35970.540321,2437.36674654912,94.768538,67.42667614814815,22.63105292811416,4.294078916612289,44,64,,False,True,,1087,21.16838264042747
16,2026-09-14T02:05:36.015+00:00,2026-09-14T02:06:14.886+00:00,2026-09-14T02:06:28.401+00:00,True,204,204.0,,204.0,38870.111012,52385.117988,52385.117994,256.7897940882353,4.72088,38870.111012,2716.8861001823147,93.70554765000001,66.57638904433497,22.807820180091014,3.8942357645683043,44,64,,False,True,,799,21.16838264042747
17,2026-09-14T02:05:38.451+00:00,2026-09-14T02:06:19.718+00:00,2026-09-14T02:06:31.122+00:00,True,174,174.0,,174.0,41267.610461000004,52670.988125,52670.988142,302.70682840229887,9.511299999999999,41267.610461000004,3123.575789728832,93.34095415,65.9154778265896,22.885456492795996,3.303526404081488,44,64,,False,True,,702,21.16838264042747
18,2026-09-14T02:05:40.954+00:00,2026-09-14T02:06:23.513+00:00,2026-09-14T02:06:36.695+00:00,True,201,201.0,,201.0,42559.104467,55740.969682999996,55740.969691,277.3182571691542,0.01577,42559.104467,2997.4330925615286,94.713791,65.90932608,34.20574486834914,3.6059652557731057,44,64,,False,True,,843,21.16838264042747
19,2026-09-14T02:05:44.478+00:00,2026-09-14T02:06:29.857+00:00,2026-09-14T02:06:41.259+00:00,True,172,172.0,,172.0,45378.896537,56781.238425,56781.238441,330.12347930813957,0.01769,45378.896537,3455.1856445176654,95.51950805,66.68036191812865,33.51006487982583,3.029169577327689,44,64,,False,True,,782,21.16838264042747
20,2026-09-14T02:05:46.896+00:00,2026-09-14T02:06:34.217+00:00,2026-09-14T02:06:46.170+00:00,True,178,178.0,,178.0,47320.975136,59273.307424,59273.307498,332.99610953932586,37.317451,47320.975136,3541.8598148426818,93.21284449999999,67.52730106214689,21.37889382184746,3.003038091441597,44,64,,False,True,,920,21.16838264042747
21,2026-09-14T02:05:50.891+00:00,2026-09-14T02:06:41.563+00:00,2026-09-14T02:06:50.307+00:00,True,131,131.0,,131.0,50671.915324,59415.573564000006,59415.573741,453.55399802290077,9.936409,50671.915324,4421.413097372406,95.0177245,67.25890953846154,23.832518344571625,2.2048091458528494,44,64,,False,True,,638,21.16838264042747
22,2026-09-14T02:05:55.153+00:00,2026-09-14T02:06:48.870+00:00,2026-09-14T02:07:05.031+00:00,True,241,241.0,,241.0,53716.905768,69877.902376,69877.902325,289.9498021784232,40.599126,53716.905768,3455.9389496564017,94.800499,67.33748586666665,21.477186941635704,3.4488728454272115,44,64,,False,True,,992,21.16838264042747
23,2026-09-14T02:05:58.816+00:00,2026-09-14T02:06:55.210+00:00,2026-09-14T02:07:02.241+00:00,True,104,104.0,,104.0,56394.615941,63425.843077,63425.843028999996,609.8638752788461,40.263106,56394.615941,5523.294351939181,94.7186772,68.2643411262136,21.42759409431929,1.6397101710377318,44,64,,False,True,,479,21.16838264042747
24,2026-09-14T02:06:01.787+00:00,2026-09-14T02:07:00.429+00:00,2026-09-14T02:07:19.657+00:00,True,289,289.0,,289.0,58641.965787,77869.614811,77869.6147,269.44503356401384,0.0,58641.965787,3445.6912245614626,95.98120940000001,66.76267022222223,25.091384980126623,3.7113320863528316,44,64,,False,True,,1156,21.16838264042747
25,2026-09-14T02:06:04.291+00:00,2026-09-14T02:07:04.295+00:00,2026-09-14T02:07:17.538+00:00,True,197,197.0,,197.0,60003.909261,73246.963085,73246.963048,371.8119951675127,0.0,60003.909261,4270.371257576436,97.17403060000001,67.56660114285715,26.798153107578475,2.6895313020881133,44,64,,False,True,,876,21.16838264042747
26,2026-09-14T02:06:08.395+00:00,2026-09-14T02:07:11.832+00:00,2026-09-14T02:07:28.818+00:00,True,258,258.0,,258.0,63436.217141999994,80422.88210199999,80422.882256,311.7165978914729,0.01728,63436.217141999994,3945.4200139021264,95.89775900000001,66.09597260700389,36.54497286339119,3.2080422046150963,44,64,,False,True,,1228,21.16838264042747
27,2026-09-14T02:06:12.051+00:00,2026-09-14T02:07:18.490+00:00,2026-09-14T02:07:31.478+00:00,True,199,199.0,,199.0,66439.197941,79427.203317,79427.20337500001,399.1316752512563,0.01604,66439.197941,4705.276753249951,95.59039900000002,65.59598674747474,40.89947108683374,2.505438838199752,44,64,,False,True,,950,21.16838264042747
28,2026-09-14T02:06:14.979+00:00,2026-09-14T02:07:23.605+00:00,2026-09-14T02:07:35.049+00:00,True,176,176.0,,176.0,68625.622154,80070.48641,80070.486366,454.94594526136365,0.016120000000000002,68625.622154,5168.098891049126,96.63056825,65.39922432,42.972717980599185,2.1980633300863697,44,64,,False,True,,623,21.16838264042747
29,2026-09-14T02:06:18.473+00:00,2026-09-14T02:07:30.622+00:00,2026-09-14T02:07:48.462+00:00,True,277,277.0,,277.0,72149.23664300001,89989.52515500001,89989.52515700001,324.8719319747293,7.105524999999999,72149.23664300001,4331.204445562075,92.933997,64.63872649275362,22.975655009444147,3.078136033309309,44,64,,False,True,,1360,21.16838264042747
30,2026-09-14T02:06:22.043+00:00,2026-09-14T02:07:36.164+00:00,2026-09-14T02:07:44.430+00:00,True,129,129.0,,129.0,74121.616458,82386.915146,82386.915082,638.6582564496124,39.581286,74121.616458,6520.392979778849,93.76327840000002,64.572646,21.09132651641937,1.565782621808278,44,64,,False,True,,223,21.16838264042747
31,2026-09-14T02:06:25.820+00:00,2026-09-14T02:07:42.205+00:00,2026-09-14T02:07:48.465+00:00,True,100,100.0,,100.0,76384.980306,82644.518994,82644.519064,826.44519064,38.098699,76384.980306,7632.202596548856,93.41115099999999,63.22766351515151,20.529696621465114,1.210001597410955,44,64,,False,True,,315,21.16838264042747
32,2026-09-14T02:06:29.115+00:00,2026-09-14T02:07:48.329+00:00,2026-09-14T02:07:55.797+00:00,True,115,115.0,,115.0,79213.74825300001,86681.80534100001,86681.80533900001,753.7548290347827,0.0,79213.74825300001,7380.661751648913,92.495867,65.50927270175438,27.399016874416414,1.3266913344455418,44,64,,False,True,,371,21.16838264042747
33,2026-09-14T02:06:31.466+00:00,2026-09-14T02:07:52.233+00:00,2026-09-14T02:08:09.021+00:00,True,255,255.0,,255.0,80767.012466,97555.346802,97555.346735,382.56998719607844,39.391315999999996,80767.012466,5053.732981473167,94.42158799999999,66.09580447244095,21.49884966931686,2.613900809737803,44,64,,False,True,,1148,21.16838264042747
34,2026-09-14T02:06:34.004+00:00,2026-09-14T02:07:56.690+00:00,2026-09-14T02:08:11.683+00:00,True,229,229.0,,229.0,82685.351987,97678.413107,97678.413073,426.54328852838427,37.848040999999995,82685.351987,5459.700220210865,95.75854,65.75904,21.927980991451438,2.3444279315752827,44,64,,False,True,,1049,21.16838264042747
35,2026-09-14T02:06:36.415+00:00,2026-09-14T02:07:59.765+00:00,2026-09-14T02:08:13.561+00:00,True,212,212.0,,212.0,83349.153418,97145.839498,97145.839528,458.23509211320754,39.427057,83349.153418,5719.994085681439,95.58617805000002,65.38713781990522,21.84960345035968,2.1822859434383144,44,64,,False,True,,1069,21.16838264042747
36,2026-09-14T02:06:39.119+00:00,2026-09-14T02:08:04.883+00:00,2026-09-14T02:08:23.266+00:00,True,280,280.0,,280.0,85763.559223,104147.085623,104147.085594,371.9538771214286,0.0,85763.559223,5121.611296758464,95.0744935,65.89077562724015,44.89201017875293,2.688505379915925,44,64,,False,True,,1276,21.16838264042747
37,2026-09-14T02:06:42.028+00:00,2026-09-14T02:08:10.213+00:00,2026-09-14T02:08:16.881+00:00,True,104,104.0,,104.0,88184.976004,94853.759876,94853.759824,912.0553829230769,0.0,88184.976004,8640.954736208205,94.2422306,64.7454744854369,31.04193932204819,1.0964246450109796,44,64,,False,True,,524,21.16838264042747
38,2026-09-14T02:06:44.695+00:00,2026-09-14T02:08:15.630+00:00,2026-09-14T02:08:31.567+00:00,True,238,238.0,,238.0,90934.736614,106871.934182,106871.934056,449.04173973109243,0.015560000000000001,90934.736614,5890.230386980708,95.38810000000001,67.24555935864979,44.285820588428244,2.226964467534502,44,64,,False,True,,1195,21.16838264042747
39,2026-09-14T02:06:48.897+00:00,2026-09-14T02:08:23.273+00:00,2026-09-14T02:08:38.570+00:00,True,228,228.0,,228.0,94376.12361499999,109673.36854299999,109673.36866099999,481.0235467587719,0.0,94376.12361499999,6245.796397512089,97.0135087,67.38874417621145,24.503122805512113,2.0789003112511066,44,64,,False,True,,1082,21.16838264042747
40,2026-09-14T02:06:51.896+00:00,2026-09-14T02:08:28.584+00:00,2026-09-14T02:08:40.013+00:00,True,170,170.0,,170.0,96688.029824,108116.980096,108116.980206,635.9822365058824,0.0,96688.029824,7410.489534820119,96.00802545,67.62692468639054,25.29380203068596,1.5723709619807396,44,64,,False,True,,701,21.16838264042747
41,2026-09-14T02:06:54.216+00:00,2026-09-14T02:08:32.293+00:00,2026-09-14T02:08:46.790+00:00,True,215,215.0,,215.0,98076.603252,112573.504884,112573.504778,523.5976966418605,0.0,98076.603252,6684.195448692349,96.4488347,67.7425309906542,25.024683247171264,1.9098632508736773,44,64,,False,True,,1023,21.16838264042747
42,2026-09-14T02:06:57.920+00:00,2026-09-14T02:08:38.785+00:00,2026-09-14T02:08:53.106+00:00,True,217,217.0,,217.0,100864.774125,115186.357997,115186.357949,530.8127094423963,38.986948,100864.774125,6842.681749597955,95.449657,66.30362903703704,22.157179578685472,1.8839036477362336,44,64,,False,True,,873,21.16838264042747
43,2026-09-14T02:07:01.642+00:00,2026-09-14T02:08:45.972+00:00,2026-09-14T02:08:59.322+00:00,True,201,201.0,,201.0,104329.879209,117680.21879300001,117680.218768,585.4737252139304,0.0,104329.879209,7354.208509077387,95.021229,66.75169792,28.389029456773756,1.7080185783267434,44,64,,False,True,,775,21.16838264042747
44,2026-09-14T02:07:04.690+00:00,2026-09-14T02:08:51.863+00:00,2026-09-14T02:09:09.392+00:00,True,268,268.0,,268.0,107172.963436,124701.825644,124701.82563600001,465.30531953731344,0.0,107172.963436,6542.6751531548025,95.060834,65.65116931835206,26.813860604471074,2.1491265153173384,44,64,,False,True,,1135,21.16838264042747
45,2026-09-14T02:07:07.972+00:00,2026-09-14T02:08:57.681+00:00,2026-09-14T02:09:12.109+00:00,True,223,223.0,,223.0,109709.12788500001,124137.05902100001,124137.05925300001,556.6684271434978,0.0,109709.12788500001,7342.367502510465,95.169986,64.99068079279279,27.962439723386236,1.7964015078065894,44,64,,False,True,,1023,21.16838264042747
46,2026-09-14T02:07:10.396+00:00,2026-09-14T02:09:01.949+00:00,2026-09-14T02:09:08.832+00:00,True,106,106.0,,106.0,111552.50589,118436.174114,118436.174071,1117.3223968962263,34.866067,111552.50589,10828.593556711396,95.95005725000001,65.55874499047619,22.90631557346731,0.8949968267125074,44,64,,False,True,,442,21.16838264042747
47,2026-09-14T02:07:14.283+00:00,2026-09-14T02:09:08.642+00:00,2026-09-14T02:09:28.121+00:00,True,290,290.0,,290.0,114358.886688,133837.419552,133837.41957,461.5083433448276,0.0,114358.886688,6711.605107013724,97.791524,67.39976769550174,48.95193527290876,2.1668080643719074,44,64,,False,True,,1300,21.16838264042747
48,2026-09-14T02:07:17.286+00:00,2026-09-14T02:09:14.456+00:00,2026-09-14T02:09:22.053+00:00,True,115,115.0,,115.0,117169.853738,124767.284778,124767.284782,1084.9329111478262,0.0,117169.853738,10920.173851223972,98.0057287,66.64413192982457,73.20932743251738,0.9217159787088494,44,64,,False,True,,451,21.16838264042747
49,2026-09-14T02:07:20.561+00:00,2026-09-14T02:09:19.613+00:00,2026-09-14T02:09:38.126+00:00,True,278,278.0,,278.0,119051.095761,137564.712401,137564.712321,494.83709467985614,0.0,119051.095761,7136.253285434446,95.2445945,66.83616115523466,27.192012031852414,2.020867089734701,44,64,,False,True,,968,21.16838264042747
50,2026-09-14T02:07:23.574+00:00,2026-09-14T02:09:25.215+00:00,2026-09-14T02:09:41.935+00:00,True,254,254.0,,254.0,121640.25044,138360.493896,138360.493977,544.7263542401575,40.663213999999996,121640.25044,7628.271581750855,95.621897,66.08791879841897,21.500036253887213,1.8357841378545636,44,64,,False,True,,1112,21.16838264042747
51,2026-09-14T02:07:27.281+00:00,2026-09-14T02:09:31.522+00:00,2026-09-14T02:09:47.771+00:00,True,250,250.0,,250.0,124240.606644,140489.580212,140489.580077,561.958320308,0.0,124240.606644,7853.590481565473,95.48867255,65.25692195983936,28.580024119024138,1.7794914015882732,44,64,,False,True,,1245,21.16838264042747
52,2026-09-14T02:07:31.081+00:00,2026-09-14T02:09:38.037+00:00,2026-09-14T02:09:48.408+00:00,True,159,159.0,,159.0,126956.538154,137327.239466,137327.239501,863.6933301949686,0.0,126956.538154,10063.153948559931,94.40873289999999,65.63735007594936,32.120736547413664,1.157818365957657,44,64,,False,True,,738,21.16838264042747
53,2026-09-14T02:07:34.407+00:00,2026-09-14T02:09:43.266+00:00,2026-09-14T02:09:50.793+00:00,True,119,119.0,,119.0,128858.86251199999,136385.179312,136385.179367,1146.093944260504,0.0,128858.86251199999,11806.6769876498,93.02433450000001,63.78234576271187,34.968863191953055,0.8725288231485256,44,64,,False,True,,179,21.16838264042747
54,2026-09-14T02:07:36.935+00:00,2026-09-14T02:09:47.776+00:00,2026-09-14T02:10:03.137+00:00,True,229,229.0,,229.0,130840.844873,146202.113353,146202.11351,638.4371768995633,36.591753,130840.844873,8641.781797157195,95.254075,67.37398456140352,21.887502667708457,1.5663248276520283,44,64,,False,True,,1049,21.16838264042747
55,2026-09-14T02:07:40.039+00:00,2026-09-14T02:09:53.973+00:00,2026-09-14T02:10:07.156+00:00,True,198,198.0,,198.0,133934.057047,147117.000023,147116.99986500002,743.0151508333333,32.149162,133934.057047,9513.548549385516,95.36785535000001,66.9184922639594,21.98358563850432,1.3458675745770037,44,64,,False,True,,889,21.16838264042747
56,2026-09-14T02:07:42.752+00:00,2026-09-14T02:09:58.759+00:00,2026-09-14T02:10:18.431+00:00,True,285,285.0,,285.0,136006.26361700002,155678.44307300003,155678.44316000002,546.2401514385965,0.0,136006.26361700002,8052.4363392005325,96.526324,69.26823752112676,60.12411093998025,1.8306966229509314,44,64,,False,True,,1111,21.16838264042747
57,2026-09-14T02:07:45.870+00:00,2026-09-14T02:10:04.245+00:00,2026-09-14T02:10:17.148+00:00,True,192,192.0,,192.0,138375.251509,151278.037813,151278.037979,787.9064478072917,0.0,138375.251509,9981.544427455248,97.41050159999999,67.55385499476441,30.42222770375802,1.2691862135159224,44,64,,False,True,,1204,21.16838264042747
58,2026-09-14T02:07:49.074+00:00,2026-09-14T02:10:10.080+00:00,2026-09-14T02:10:21.229+00:00,True,172,172.0,,172.0,141005.99914,152154.609188,152154.609164,884.6198207209302,0.0,141005.99914,10746.894185590145,97.54900149999999,65.1965499883041,74.79232124976369,1.13042911363585,44,64,,False,True,,367,21.16838264042747
59,2026-09-14T02:07:52.526+00:00,2026-09-14T02:10:16.043+00:00,2026-09-14T02:10:25.470+00:00,True,148,148.0,,148.0,143517.067762,152944.312562,152944.31258199998,1033.4075174459458,0.016300000000000002,143517.067762,11792.022154197553,96.13803884999999,64.13091700680272,79.08289081817153,0.9676724653622168,44,64,,False,True,,685,21.16838264042747
60,2026-09-14T02:07:55.279+00:00,2026-09-14T02:10:21.324+00:00,2026-09-14T02:10:33.035+00:00,True,173,173.0,,173.0,146045.21537,157756.08129,157756.08133699998,911.8848632196531,37.92417,146045.21537,11098.45640958776,95.9091174,68.08642976744186,21.556853291911356,1.0966296740217412,44,64,,False,True,,775,21.16838264042747
61,2026-09-14T02:07:58.643+00:00,2026-09-14T02:10:27.359+00:00,2026-09-14T02:10:35.828+00:00,True,127,127.0,,127.0,148716.356925,157185.802813,157185.802948,1237.6834877795275,40.344004,148716.356925,13190.49576879319,95.1522649,67.21782450793651,21.66379541527458,0.8079610100098463,44,64,,False,True,,568,21.16838264042747
62,2026-09-14T02:08:01.730+00:00,2026-09-14T02:10:32.631+00:00,2026-09-14T02:10:46.351+00:00,True,208,208.0,,208.0,150900.270518,164620.55903,164620.55892100002,791.4449948125,0.0,150900.270518,10458.506444936182,96.66207,66.28158701449276,32.75265542869079,1.2635116854517219,44,64,,False,True,,1030,21.16838264042747
63,2026-09-14T02:08:05.266+00:00,2026-09-14T02:10:38.532+00:00,2026-09-14T02:10:48.139+00:00,True,147,147.0,,147.0,153265.44270800002,162872.744852,162872.744838,1107.9778560408165,0.0,153265.44270800002,12635.743908731578,96.0596773,65.80343934246575,35.89208978620923,0.9025451135705772,44,64,,False,True,,449,21.16838264042747
64,2026-09-14T02:08:09.273+00:00,2026-09-14T02:10:46.525+00:00,2026-09-14T02:11:03.340+00:00,True,255,255.0,,255.0,157251.60112200002,174066.49725000001,174066.49714800002,682.6137143058825,5.872688,157251.60112200002,9843.355580756648,94.422719,66.20037845669292,21.76398625986989,1.4649573813952297,44,64,,False,True,,877,21.16838264042747
65,2026-09-14T02:08:12.626+00:00,2026-09-14T02:10:52.706+00:00,2026-09-14T02:11:04.515+00:00,True,182,182.0,,182.0,160079.368697,171888.946937,171888.946839,944.4447628516483,40.027355,160079.368697,11861.05430869404,93.28249855000001,65.24628861878453,20.961309632894864,1.0588231718395822,44,64,,False,True,,883,21.16838264042747
66,2026-09-14T02:08:15.160+00:00,2026-09-14T02:10:56.361+00:00,2026-09-14T02:11:05.671+00:00,True,147,147.0,,147.0,161200.806808,170511.33480799999,170511.33487299999,1159.9410535578231,40.241655,161200.806808,13290.375077809998,92.430228,63.7707397260274,20.913642649170367,0.8621127748810697,44,64,,False,True,,585,21.16838264042747
67,2026-09-14T02:08:17.599+00:00,2026-09-14T02:11:00.693+00:00,2026-09-14T02:11:17.164+00:00,True,250,250.0,,250.0,163093.987368,179564.255528,179564.255532,718.257022128,0.0,163093.987368,10310.83118155112,93.79097000000002,66.14565526104417,30.573101133247587,1.392259273789692,44,64,,False,True,,1241,21.16838264042747
68,2026-09-14T02:08:20.684+00:00,2026-09-14T02:11:05.940+00:00,2026-09-14T02:11:22.253+00:00,True,243,243.0,,243.0,165256.66034799998,181569.84716399998,181569.84706699997,747.2010167366254,0.0,165256.66034799998,10596.942038389188,95.5724511,67.40986287603306,31.518424037387366,1.3383279426374923,44,64,,False,True,,1011,21.16838264042747
69,2026-09-14T02:08:24.412+00:00,2026-09-14T02:11:12.300+00:00,2026-09-14T02:11:28.014+00:00,True,237,237.0,,237.0,167887.36292800002,183602.05886400002,183602.05863900002,774.6922305443039,0.015560000000000001,167887.36292800002,10901.358309304063,96.0677258,66.5876946440678,70.58169747414915,1.2908351979623147,44,64,,False,True,,1112,21.16838264042747
70,2026-09-14T02:08:27.999+00:00,2026-09-14T02:11:18.793+00:00,2026-09-14T02:11:28.852+00:00,True,151,151.0,,151.0,170793.929745,180852.905489,180852.905645,1197.7013618874173,0.01662,170793.929745,13893.812092637705,98.38711749999999,67.05983829333334,84.70043335097313,0.8349326741072692,44,64,,False,True,,664,21.16838264042747
71,2026-09-14T02:08:31.681+00:00,2026-09-14T02:11:25.771+00:00,2026-09-14T02:11:36.771+00:00,True,165,165.0,,165.0,174090.06549200002,185090.866004,185090.86599700002,1121.7628242242426,0.01583,174090.06549200002,13547.91035045924,95.0352634,67.07805190243903,80.74481889645898,0.8914540385608989,44,64,,False,True,,728,21.16838264042747
72,2026-09-14T02:08:34.113+00:00,2026-09-14T02:11:29.593+00:00,2026-09-14T02:11:43.618+00:00,True,213,213.0,,213.0,175480.78728,189505.34356799998,189505.34349199999,889.6964483192488,0.0,175480.78728,12019.254905201275,94.27619499999999,66.1535673962264,31.944067012753234,1.1239788598550493,44,64,,False,True,,946,21.16838264042747
73,2026-09-14T02:08:37.949+00:00,2026-09-14T02:11:35.889+00:00,2026-09-14T02:11:50.875+00:00,True,226,226.0,,226.0,177940.12874000001,192926.07382800002,192926.07368600002,853.655193300885,0.0,177940.12874000001,11832.013395495289,94.707446,66.6042003911111,31.80048706793591,1.1714331583893967,44,64,,False,True,,940,21.16838264042747
74,2026-09-14T02:08:40.677+00:00,2026-09-14T02:11:41.881+00:00,2026-09-14T02:11:50.225+00:00,True,125,125.0,,125.0,181203.220043,189547.12429900002,189547.124178,1516.3769934240001,15.161247999999999,181203.220043,16201.306448938685,95.04079,67.28955045161291,23.074227458546904,0.6594666126552228,44,64,,False,True,,621,21.16838264042747
75,2026-09-14T02:08:43.925+00:00,2026-09-14T02:11:46.991+00:00,2026-09-14T02:12:01.410+00:00,True,212,212.0,,212.0,183066.425028,197485.816516,197485.816298,931.5368693301887,41.550641999999996,183066.425028,12568.380811694684,95.62399005000002,68.33834828436018,22.819498565965198,1.073494814665964,44,64,,False,True,,915,21.16838264042747
76,2026-09-14T02:08:48.087+00:00,2026-09-14T02:11:54.278+00:00,2026-09-14T02:12:13.711+00:00,True,287,287.0,,287.0,186191.258727,205624.37258300002,205624.37262100002,716.4612286445994,39.812686,186191.258727,10986.535916226201,98.151767,67.94795054545455,23.128585488844784,1.395748939655258,44,64,,False,True,,431,21.16838264042747
77,2026-09-14T02:08:52.071+00:00,2026-09-14T02:12:01.183+00:00,2026-09-14T02:12:13.094+00:00,True,175,175.0,,175.0,189112.645575,201023.665095,201023.665191,1148.7066582342857,35.020216999999995,189112.645575,14290.418035706994,99.8222154,68.4541351724138,24.214379344323984,0.8705442710802148,44,64,,False,True,,728,21.16838264042747
78,2026-09-14T02:08:55.351+00:00,2026-09-14T02:12:07.769+00:00,2026-09-14T02:12:19.732+00:00,True,181,181.0,,181.0,192417.80714199998,204380.75830999998,204380.75826999996,1129.1754600552485,0.0,192417.80714199998,14297.408734974515,97.022215,66.46083982222223,36.27485038808618,0.8856019592874952,44,64,,False,True,,867,21.16838264042747
79,2026-09-14T02:08:57.734+00:00,2026-09-14T02:12:11.584+00:00,2026-09-14T02:12:27.873+00:00,True,241,241.0,,241.0,193849.84226499998,210138.21628099997,210138.216287,871.9428061701244,0.0,193849.84226499998,12482.637397984556,96.48526600000001,67.86822506666667,32.883401244065354,1.1468642128271003,44,64,,False,True,,1170,21.16838264042747
80,2026-09-14T02:09:01.275+00:00,2026-09-14T02:12:18.316+00:00,2026-09-14T02:12:26.584+00:00,True,121,121.0,,121.0,197041.392315,205309.235899,205309.23593,1696.770544876033,38.866698,197041.392315,17906.602284273755,93.10634399999999,68.89869653333334,20.77875479142599,0.5893548795804046,44,64,,False,True,,573,21.16838264042747
81,2026-09-14T02:09:03.850+00:00,2026-09-14T02:12:22.028+00:00,2026-09-14T02:12:40.519+00:00,True,283,283.0,,283.0,198178.408489,216669.598761,216669.598798,765.6169568833922,36.369183,198178.408489,11776.604902192437,94.48384920000001,65.57159670921986,21.269597180197078,1.3061361705486265,44,64,,False,True,,1310,21.16838264042747
82,2026-09-14T02:09:06.681+00:00,2026-09-14T02:12:27.607+00:00,2026-09-14T02:12:44.157+00:00,True,255,255.0,,255.0,200926.27173100002,217476.57573100002,217476.57555,852.849315882353,37.646629999999995,200926.27173100002,12578.428878786446,94.92039199999999,65.15867716535433,21.360636922633343,1.1725400730762527,44,64,,False,True,,1337,21.16838264042747
83,2026-09-14T02:09:10.739+00:00,2026-09-14T02:12:35.236+00:00,2026-09-14T02:12:53.328+00:00,True,278,278.0,,278.0,204496.685284,222588.82122,222588.821174,800.6792128561151,0.0,204496.685284,12261.204726927546,95.011232,65.31457016606498,74.56213716578083,1.24893962992523,44,64,,False,True,,1119,21.16838264042747
84,2026-09-14T02:09:14.093+00:00,2026-09-14T02:12:40.695+00:00,2026-09-14T02:12:48.356+00:00,True,120,120.0,,120.0,206601.81986199997,214263.15822999997,214263.15828599996,1785.5263190499998,40.525214,206601.81986199997,18854.213979211756,93.7685195,64.38099468907564,21.008790855043333,0.5600589526977217,44,64,,False,True,,632,21.16838264042747
85,2026-09-14T02:09:18.228+00:00,2026-09-14T02:12:48.987+00:00,2026-09-14T02:13:03.557+00:00,True,219,219.0,,219.0,210758.740459,225329.196011,225329.195991,1028.9004383150684,0.0,210758.740459,14237.502280051725,95.8344708,66.83695207339449,86.70888758058427,0.971911336289102,44,64,,False,True,,773,21.16838264042747
86,2026-09-14T02:09:20.872+00:00,2026-09-14T02:12:52.820+00:00,2026-09-14T02:13:11.778+00:00,True,285,285.0,,285.0,211947.802926,230906.133038,230906.132864,810.1969574175439,36.886492,211947.802926,12550.769585671054,95.541755,66.75468349295775,22.14684121405723,1.2342677790766945,44,64,,False,True,,868,21.16838264042747
87,2026-09-14T02:09:24.144+00:00,2026-09-14T02:12:58.610+00:00,2026-09-14T02:13:13.868+00:00,True,229,229.0,,229.0,214466.124632,229724.359512,229724.359473,1003.1631418034934,28.974849,214466.124632,14167.914590216113,95.63372240000001,66.92208280701755,21.665996458902587,0.9968468319444279,44,64,,False,True,,839,21.16838264042747
88,2026-09-14T02:09:27.933+00:00,2026-09-14T02:13:04.688+00:00,2026-09-14T02:13:22.231+00:00,True,269,269.0,,269.0,216755.82859299998,234298.40139299998,234298.401345,870.9977745167286,34.114058,216755.82859299998,13211.863129427897,94.32862139999999,65.45736119402986,21.860697006780327,1.148108559002899,44,64,,False,True,,1430,21.16838264042747
89,2026-09-14T02:09:32.107+00:00,2026-09-14T02:13:13.147+00:00,2026-09-14T02:13:31.270+00:00,True,274,274.0,,274.0,221039.792064,239162.660032,239162.660245,872.8564242518248,0.0,221039.792064,13349.536040737086,92.91267035000001,66.38413175091576,34.440449504617256,1.1456637920122594,44,64,,False,True,,1225,21.16838264042747
90,2026-09-14T02:09:34.673+00:00,2026-09-14T02:13:17.826+00:00,2026-09-14T02:13:31.981+00:00,True,219,219.0,,219.0,223153.460659,237308.451507,237308.451442,1083.6002348949771,0.0,223153.460659,15074.972021728057,93.873036,64.93115067889907,37.41332170625268,0.9228495597576307,44,64,,False,True,,977,21.16838264042747
91,2026-09-14T02:09:38.426+00:00,2026-09-14T02:13:24.100+00:00,2026-09-14T02:13:37.580+00:00,True,205,205.0,,205.0,225674.097375,239153.497055,239153.496973,1166.6024242585368,0.0,225674.097375,15757.19417169615,93.19933800000001,66.07548862745098,38.344490445821556,0.8571900579520045,44,64,,False,True,,882,21.16838264042747
92,2026-09-14T02:09:41.906+00:00,2026-09-14T02:13:29.853+00:00,2026-09-14T02:13:49.183+00:00,True,287,287.0,,287.0,227947.37825,247276.638794,247276.638748,861.5910757770035,0.0,227947.37825,13451.364484912507,96.5397416,67.58482707692308,35.08337055063158,1.1606434048915253,44,64,,False,True,,1462,21.16838264042747
93,2026-09-14T02:09:44.950+00:00,2026-09-14T02:13:35.257+00:00,2026-09-14T02:13:51.729+00:00,True,248,248.0,,248.0,230307.12634599998,246778.68013799997,246778.68001699998,995.0753226491935,33.657449,230307.12634599998,14620.299776914479,95.64721099999998,66.68645259919028,22.487070907132996,1.0049490493316402,44,64,,False,True,,1030,21.16838264042747
94,2026-09-14T02:09:49.177+00:00,2026-09-14T02:13:43.721+00:00,2026-09-14T02:13:52.363+00:00,True,128,128.0,,128.0,234543.74288,243185.462688,243185.462588,1899.88642646875,37.888569000000004,234543.74288,20724.931939025704,97.92757135,68.0450378582677,22.80030888659643,0.5263472519499257,44,64,,False,True,,644,21.16838264042747
95,2026-09-14T02:09:52.244+00:00,2026-09-14T02:13:49.593+00:00,2026-09-14T02:14:05.445+00:00,True,242,242.0,,242.0,237349.121629,253201.249885,253201.249822,1046.2861562892563,35.294665,237349.121629,15253.166529201553,93.918289,65.77646579253111,21.719510198527455,0.9557614747554073,44,64,,False,True,,886,21.16838264042747
96,2026-09-14T02:09:56.305+00:00,2026-09-14T02:13:56.570+00:00,2026-09-14T02:14:14.057+00:00,True,261,261.0,,261.0,240265.272535,257752.122071,257752.121988,987.5560229425287,0.0,240265.272535,14867.933349014193,95.877646,67.2571136,38.41943515469854,1.012600780559647,44,64,,False,True,,756,21.16838264042747
97,2026-09-14T02:09:59.812+00:00,2026-09-14T02:14:02.773+00:00,2026-09-14T02:14:13.681+00:00,True,162,162.0,,162.0,242961.393564,253869.130652,253869.130444,1567.093397802469,0.0,242961.393564,19083.581900493096,96.9838932,67.74991980124223,45.940189743986316,0.6381240585806676,44,64,,False,True,,800,21.16838264042747
98,2026-09-14T02:10:03.305+00:00,2026-09-14T02:14:08.457+00:00,2026-09-14T02:14:21.174+00:00,True,190,190.0,,190.0,245151.138435,257868.509059,257868.508998,1357.2026789368422,0.0,245151.138435,17780.302520278427,95.42624285000002,67.28767525925926,42.790971650731365,0.7368096270976935,44,64,,False,True,,683,21.16838264042747
99,2026-09-14T02:10:07.152+00:00,2026-09-14T02:14:16.330+00:00,2026-09-14T02:14:35.303+00:00,True,286,286.0,,286.0,249178.085716,268151.592788,268151.592765,937.5929816958042,0.015189999999999999,249178.085716,14730.527731947655,93.95983775,66.57370902456141,86.86606975316442,1.0665608845594696,44,64,,False,True,,1380,21.16838264042747
100,2026-09-14T02:10:10.272+00:00,2026-09-14T02:14:21.715+00:00,2026-09-14T02:14:32.972+00:00,True,172,172.0,,172.0,251443.415073,262699.882529,262699.882509,1527.3248983081396,0.01533,251443.415073,19167.698066536577,94.196387,65.82729506432749,113.94305845160142,0.6547395390670285,44,64,,False,True,,834,21.16838264042747
101,2026-09-14T02:10:13.496+00:00,2026-09-14T02:14:28.074+00:00,2026-09-14T02:14:35.794+00:00,True,115,115.0,,115.0,254577.816466,262297.471634,262297.471694,2280.847579947826,0.015499,254577.816466,23733.5986577,93.11189399999999,67.71627340350877,140.02429205943523,0.438433505605676,44,64,,False,True,,472,21.16838264042747
102,2026-09-14T02:10:18.431+00:00,2026-09-14T02:14:35.702+00:00,2026-09-14T02:14:45.153+00:00,True,148,148.0,,148.0,257270.9638,266722.1702,266722.170144,1802.1768252972972,37.929559,257270.9638,21142.268387892113,92.48297099999999,64.29392108843537,21.001359671329695,0.5548845073096964,44,64,,False,True,,681,21.16838264042747
103,2026-09-14T02:10:21.856+00:00,2026-09-14T02:14:42.230+00:00,2026-09-14T02:14:53.599+00:00,True,173,173.0,,173.0,260374.675579,271743.299963,271743.300008,1570.7705202774566,31.562303,260374.675579,19790.906685967264,93.46196319999999,66.09665339534884,21.777137537712576,0.6366302316324095,44,64,,False,True,,797,21.16838264042747
104,2026-09-14T02:10:25.840+00:00,2026-09-14T02:14:48.358+00:00,2026-09-14T02:14:56.018+00:00,True,117,117.0,,117.0,262518.50281,270178.77391399996,270178.773901,2309.2202897521365,33.12876,262518.50281,24263.74903306036,95.00614940000001,66.03681986206897,22.090160994739545,0.43304660208888957,44,64,,False,True,,475,21.16838264042747
105,2026-09-14T02:10:29.485+00:00,2026-09-14T02:14:56.428+00:00,2026-09-14T02:15:03.495+00:00,True,102,102.0,,102.0,266942.201421,274009.22298900003,274009.222964,2686.364931019608,0.0,266942.201421,26424.34776837014,95.63298065,69.97051057425742,56.306139965447535,0.37225024357700087,44,64,,False,True,,489,21.16838264042747
106,2026-09-14T02:10:32.563+00:00,2026-09-14T02:15:01.383+00:00,2026-09-14T02:15:15.272+00:00,True,207,207.0,,207.0,268820.49825,282708.656202,282708.656127,1365.7423001304348,39.827585,268820.49825,18679.643349891656,94.48459640000002,67.41824248543689,22.104590419366797,0.7322025536144005,44,64,,False,True,,972,21.16838264042747
107,2026-09-14T02:10:36.568+00:00,2026-09-14T02:15:07.611+00:00,2026-09-14T02:15:14.207+00:00,True,102,102.0,,102.0,271043.134084,277639.02630800003,277639.026168,2721.951236941177,39.898435,271043.134084,26830.81294407545,95.2834605,65.30586360396039,23.12002360079854,0.36738351000714814,44,64,,False,True,,507,21.16838264042747
108,2026-09-14T02:10:39.190+00:00,2026-09-14T02:15:12.385+00:00,2026-09-14T02:15:24.193+00:00,True,177,177.0,,177.0,273195.189236,285003.133172,285003.133172,1610.187193062147,40.530453,273195.189236,20529.577384112796,97.8950318,67.09059054545455,22.56972756726798,0.6210458040585123,44,64,,False,True,,434,21.16838264042747
109,2026-09-14T02:10:42.740+00:00,2026-09-14T02:15:19.190+00:00,2026-09-14T02:15:26.628+00:00,True,112,112.0,,112.0,276450.092733,283888.183485,283888.183276,2534.715922107143,40.330614999999995,276450.092733,26115.756303914135,95.4868031,67.0098265945946,22.65033684179241,0.39452152824782094,44,64,,False,True,,540,21.16838264042747
110,2026-09-14T02:10:45.703+00:00,2026-09-14T02:15:24.550+00:00,2026-09-14T02:15:42.106+00:00,True,255,255.0,,255.0,278847.557931,296403.402795,296403.40262,1162.3662847843138,34.498767,278847.557931,17457.797364864986,95.8819457,69.11749946456693,22.343464074673808,0.8603140098778299,44,64,,False,True,,1226,21.16838264042747
111,2026-09-14T02:10:48.259+00:00,2026-09-14T02:15:29.126+00:00,2026-09-14T02:15:42.734+00:00,True,198,198.0,,198.0,280866.67928399995,294475.28446799994,294475.28445899993,1487.2489114090906,37.518541,280866.67928399995,19955.428732331606,96.56701199999999,69.07921413197968,22.155881396273443,0.6723824050555125,44,64,,False,True,,899,21.16838264042747
112,2026-09-14T02:10:51.335+00:00,2026-09-14T02:15:35.101+00:00,2026-09-14T02:15:48.337+00:00,True,196,196.0,,196.0,283766.322632,297002.14676000003,297002.146985,1515.3170764540819,36.737021999999996,283766.322632,20264.186679963314,95.7131125,67.87602116923077,22.038032451921413,0.6599278898761047,44,64,,False,True,,768,21.16838264042747
113,2026-09-14T02:10:55.294+00:00,2026-09-14T02:15:41.658+00:00,2026-09-14T02:15:55.324+00:00,False,212,211.0,,211.0,286364.05774699996,300029.626771,300029.62681899994,1415.2340887688677,0.0,286364.05774699996,19663.164664582753,95.34551104999998,64.76572997156399,43.80376976923655,0.7032638818733973,44,64,,False,False,Request timeout: 300.0s exceeded,864,21.16838264042747
114,2026-09-14T02:10:57.789+00:00,2026-09-14T02:15:46.271+00:00,2026-09-14T02:15:53.794+00:00,True,117,117.0,,117.0,288481.578411,296004.089771,296004.08984800003,2529.9494858803423,0.0,288481.578411,26664.192525032297,97.68013480000002,64.84923586206897,55.119842547192334,0.39526480897786115,44,64,,False,True,,593,21.16838264042747
115,2026-09-14T02:11:01.774+00:00,2026-09-14T02:15:53.790+00:00,2026-09-14T02:16:01.829+00:00,False,113,112.0,,112.0,292015.590351,300054.77934300003,300054.779255,2655.35202880531,0.039439999999999996,292015.590351,27463.771913458197,91.97011900000001,71.77847314285715,21.43544657326443,0.3732651759296593,44,64,,False,False,Request timeout: 300.0s exceeded,616,21.16838264042747
116,2026-09-14T02:11:04.243+00:00,2026-09-14T02:15:56.666+00:00,2026-09-14T02:16:04.283+00:00,False,109,108.0,,108.0,292423.276086,300039.70847,300039.70860400004,2752.6578771009176,0.02957,292423.276086,28002.322946928674,92.80611440000001,70.52252207407408,20.93744091821904,0.35995235614221566,44,64,,False,False,Request timeout: 300.0s exceeded,407,21.16838264042747
117,2026-09-14T02:11:06.821+00:00,2026-09-14T02:16:00.248+00:00,2026-09-14T02:16:06.847+00:00,False,98,97.0,,97.0,293427.260008,300026.069864,300026.06997300003,3061.4905099285716,0.026920000000000003,293427.260008,29633.764137124886,90.09137149999998,68.02896758762887,20.130468288071206,0.32330523825469404,44,64,,False,False,Request timeout: 300.0s exceeded,443,21.16838264042747
118,2026-09-14T02:11:10.097+00:00,2026-09-14T02:16:03.447+00:00,2026-09-14T02:16:10.111+00:00,False,102,101.0,,101.0,293350.41644999996,300014.85062599997,300014.850543,2941.3220641470584,0.041229,293350.41644999996,29039.49274942917,88.09938415,65.98449679207921,19.943020305984355,0.33665000178910176,44,64,,False,False,Request timeout: 300.0s exceeded,493,21.16838264042747
119,2026-09-14T02:11:12.803+00:00,2026-09-14T02:16:06.623+00:00,2026-09-14T02:16:12.849+00:00,False,92,91.0,,91.0,293820.312151,300045.770839,300045.770773,3261.3670736195654,0.01957,293820.312151,30625.758985774777,89.0613096,68.41163393406593,19.718981867934154,0.3032870609892023,44,64,,False,False,Request timeout: 300.0s exceeded,423,21.16838264042747
120,2026-09-14T02:11:15.792+00:00,2026-09-14T02:16:10.113+00:00,2026-09-14T02:16:15.817+00:00,False,87,86.0,,86.0,294321.31156199996,300025.24346599996,300025.24361899996,3448.566018609195,0.02779,294321.31156199996,31547.45230115871,88.7916363,66.32478958139535,20.09502511024876,0.2866425471620219,44,64,,False,False,Request timeout: 300.0s exceeded,403,21.16838264042747
121,2026-09-14T02:11:19.098+00:00,2026-09-14T02:16:12.851+00:00,2026-09-14T02:16:19.177+00:00,False,95,94.0,,94.0,293752.09431699995,300079.00682899996,300079.00684399996,3158.7263878315784,0.024300000000000002,293752.09431699995,30131.429677855296,87.0045957,67.30757991489361,19.628031793972948,0.313250836815672,44,64,,False,False,Request timeout: 300.0s exceeded,406,21.16838264042747
122,2026-09-14T02:11:22.373+00:00,2026-09-14T02:16:16.279+00:00,2026-09-14T02:16:22.409+00:00,False,89,88.0,,88.0,293905.854112,300036.57641599997,300036.57628599997,3371.19748635955,0.03554,293905.854112,31146.57948380465,88.3881104,69.6672989090909,19.40233887812592,0.2932975740863948,44,64,,False,False,Request timeout: 300.0s exceeded,334,21.16838264042747
123,2026-09-14T02:11:24.736+00:00,2026-09-14T02:16:18.209+00:00,2026-09-14T02:16:24.798+00:00,False,98,97.0,,97.0,293472.254439,300061.490663,300061.49060099997,3061.851944908163,0.02407,293472.254439,29638.31914890661,88.61791149999999,67.93027035051547,20.009321540761075,0.32326707364438517,44,64,,False,False,Request timeout: 300.0s exceeded,383,21.16838264042747
124,2026-09-14T02:11:28.166+00:00,2026-09-14T02:16:22.108+00:00,2026-09-14T02:16:28.198+00:00,False,93,92.0,,92.0,293942.37021200004,300032.44816400006,300032.44827200007,3226.1553577634413,0.02172,293942.37021200004,30473.546653646947,89.7472422,66.19649947826086,20.792760166363024,0.30663350101957,44,64,,False,False,Request timeout: 300.0s exceeded,425,21.16838264042747
125,2026-09-14T02:11:31.083+00:00,2026-09-14T02:16:24.793+00:00,2026-09-14T02:16:31.173+00:00,False,101,100.0,,100.0,293709.831348,300089.76018,300089.760295,2971.185745495049,0.041350000000000005,293709.831348,29218.879823885258,89.80886000000001,63.79928832,21.12229462240819,0.33323362963140746,44,64,,False,False,Request timeout: 300.0s exceeded,355,21.16838264042747
126,2026-09-14T02:11:35.170+00:00,2026-09-14T02:16:29.360+00:00,2026-09-14T02:16:35.211+00:00,False,99,98.0,,98.0,294189.519226,300040.35417,300040.354173,3030.710648212121,0.015589,294189.519226,29561.58834193844,89.65288650000001,59.702397387755106,160.17016280534946,0.3266227313692415,44,64,,False,False,Request timeout: 300.0s exceeded,498,21.16838264042747
127,2026-09-14T02:11:37.710+00:00,2026-09-14T02:16:32.782+00:00,2026-09-14T02:16:37.746+00:00,False,98,97.0,,97.0,295071.568516,300035.413124,300035.413021,3061.5858471530614,0.01582,295071.568516,29801.57815504013,89.4589214,51.17365575257732,32.83180863613798,0.32329517036014477,44,64,,False,False,Request timeout: 300.0s exceeded,330,21.16838264042747
128,2026-09-14T02:11:40.782+00:00,2026-09-14T02:16:35.046+00:00,2026-09-14T02:16:40.850+00:00,False,81,80.0,,80.0,294264.03368,300067.734672,300067.734778,3704.539935530864,0.037450000000000004,294264.03368,32687.948509977792,88.77217200000001,72.5462624,19.01886422296051,0.2666064716602967,44,64,,False,False,Request timeout: 300.0s exceeded,247,21.16838264042747
129,2026-09-14T02:11:43.768+00:00,2026-09-14T02:16:37.742+00:00,2026-09-14T02:16:43.790+00:00,False,93,92.0,,92.0,293973.93522600003,300021.70713000005,300021.707307,3226.0398635161296,0.0,293973.93522600003,30476.93060646469,89.204563,65.73665113043478,65.74682948885126,0.30664447876145245,44,64,,False,False,Request timeout: 300.0s exceeded,412,21.16838264042747
130,2026-09-14T02:11:46.610+00:00,2026-09-14T02:16:39.713+00:00,2026-09-14T02:16:46.619+00:00,False,109,108.0,,108.0,293103.576493,300009.14782099996,300009.14792799996,2752.377503926605,0.0,293103.576493,28068.17294047702,88.97621740000001,63.94047525925926,61.31051726818662,0.3599890229495204,44,64,,False,False,Request timeout: 300.0s exceeded,497,21.16838264042747
131,2026-09-14T02:11:50.689+00:00,2026-09-14T02:16:44.131+00:00,2026-09-14T02:16:50.716+00:00,False,99,98.0,,98.0,293442.20247,300027.327078,300027.327173,3030.5790623535354,0.02129,293442.20247,29485.304554276318,88.96504490000001,67.19514906122448,20.295120787889186,0.3266369132253154,44,64,,False,False,Request timeout: 300.0s exceeded,240,21.16838264042747
132,2026-09-14T02:11:53.649+00:00,2026-09-14T02:16:47.404+00:00,2026-09-14T02:16:53.656+00:00,False,92,91.0,,91.0,293754.656972,300007.16180400003,300007.161908,3260.9474120434784,0.03915999999999999,293754.656972,30618.883411244,89.1267766,68.7088443076923,20.392269830732914,0.30332609212660033,44,64,,False,False,Request timeout: 300.0s exceeded,454,21.16838264042747
133,2026-09-14T02:11:56.904+00:00,2026-09-14T02:16:50.717+00:00,2026-09-14T02:16:56.917+00:00,False,90,89.0,,89.0,293812.652081,300012.813617,300012.813597,3333.475706633333,0.03513,293812.652081,30963.236054459885,89.7611464,69.66473635955056,20.172585829811702,0.29665399596438063,44,64,,False,False,Request timeout: 300.0s exceeded,431,21.16838264042747
134,2026-09-14T02:12:00.494+00:00,2026-09-14T02:16:54.159+00:00,2026-09-14T02:17:00.512+00:00,False,92,91.0,,91.0,293664.89645,300018.25197,300018.251834,3261.0679547173913,0.02631,293664.89645,30609.409248394346,89.56681105,69.81709362637363,19.71174953517448,0.3033148796863847,44,64,,False,False,Request timeout: 300.0s exceeded,198,21.16838264042747
135,2026-09-14T02:12:03.983+00:00,2026-09-14T02:16:57.911+00:00,2026-09-14T02:17:04.022+00:00,False,93,92.0,,92.0,293928.440181,300038.882421,300038.882369,3226.2245416021506,0.02087,293928.440181,30472.079144995256,92.1873666,66.41785043478261,20.675049850839333,0.306626925342663,44,64,,False,False,Request timeout: 300.0s exceeded,348,21.16838264042747
136,2026-09-14T02:12:07.465+00:00,2026-09-14T02:17:01.449+00:00,2026-09-14T02:17:07.529+00:00,False,89,88.0,,88.0,293984.19172299997,300064.530155,300064.530323,3371.511576662921,0.07876000000000001,293984.19172299997,31154.94433713574,89.4787518,69.09475490909091,20.03457686709821,0.2932702507508739,44,64,,False,False,Request timeout: 300.0s exceeded,475,21.16838264042747
137,2026-09-14T02:12:11.504+00:00,2026-09-14T02:17:05.377+00:00,2026-09-14T02:17:11.534+00:00,False,88,87.0,,87.0,293872.729672,300030.08775199996,300030.087839,3409.4328163522728,0.03472,293872.729672,31319.399391255698,88.746461,70.7742308045977,19.018386815544847,0.28997091808976433,44,64,,False,False,Request timeout: 300.0s exceeded,260,21.16838264042747
138,2026-09-14T02:12:14.941+00:00,2026-09-14T02:17:08.516+00:00,2026-09-14T02:17:14.955+00:00,False,90,89.0,,89.0,293575.65121,300014.165898,300014.165772,3333.4907307999997,0.037469999999999996,293575.65121,30937.971228060844,89.78104899999998,72.34286166292135,19.466398072846964,0.2966526588289787,44,64,,False,False,Request timeout: 300.0s exceeded,356,21.16838264042747
139,2026-09-14T02:12:17.913+00:00,2026-09-14T02:17:11.916+00:00,2026-09-14T02:17:17.943+00:00,False,90,89.0,,89.0,294002.43897899997,300030.088259,300030.088212,3333.6676467999996,0.02595,294002.43897899997,30983.445729465322,88.54570174999999,67.72639640449438,20.272744947158266,0.2966369157055043,44,64,,False,False,Request timeout: 300.0s exceeded,388,21.16838264042747
140,2026-09-14T02:12:21.994+00:00,2026-09-14T02:17:16.156+00:00,2026-09-14T02:17:22.047+00:00,False,89,88.0,,88.0,294162.28072399995,300052.8855239999,300052.885416,3371.3807350112356,0.0405,294162.28072399995,31174.05045805769,89.7770802,66.93869090909091,20.32488977042211,0.29328163215734604,44,64,,False,False,Request timeout: 300.0s exceeded,426,21.16838264042747
141,2026-09-14T02:12:26.226+00:00,2026-09-14T02:17:20.120+00:00,2026-09-14T02:17:26.272+00:00,False,91,90.0,,90.0,293894.11435399996,300045.965874,300045.965706,3297.208414351648,0.026,293894.11435399996,30801.31508813217,88.11317849999999,68.35390577777778,19.583333628732312,0.29995404116779295,44,64,,False,False,Request timeout: 300.0s exceeded,382,21.16838264042747
142,2026-09-14T02:12:29.328+00:00,2026-09-14T02:17:23.021+00:00,2026-09-14T02:17:29.346+00:00,False,94,93.0,,93.0,293693.175932,300017.531516,300017.531518,3191.6758672127658,0.02577,293693.175932,30285.130872148846,88.65671495000001,68.00382348387097,20.370589767196613,0.3099818851587355,44,64,,False,False,Request timeout: 300.0s exceeded,536,21.16838264042747
143,2026-09-14T02:12:31.795+00:00,2026-09-14T02:17:25.629+00:00,2026-09-14T02:17:31.866+00:00,False,93,92.0,,92.0,293833.398053,300070.90230899997,300070.90237799997,3226.5688427741934,0.036,293833.398053,30462.080190858185,90.1078752,67.79895930434783,20.17385828137204,0.30659420587625785,44,64,,False,False,Request timeout: 300.0s exceeded,452,21.16838264042747
144,2026-09-14T02:12:34.457+00:00,2026-09-14T02:17:28.131+00:00,2026-09-14T02:17:34.515+00:00,False,94,93.0,,93.0,293673.240498,300057.48805,300057.487948,3192.100935617021,0.02172,293673.240498,30283.00804280455,88.53491385000001,68.64782313978495,20.032037109207238,0.3099406070629472,44,64,,False,False,Request timeout: 300.0s exceeded,263,21.16838264042747
145,2026-09-14T02:12:37.976+00:00,2026-09-14T02:17:31.785+00:00,2026-09-14T02:17:38.069+00:00,False,94,93.0,,93.0,293809.12903500005,300092.7501550001,300092.75007000007,3192.4760645744686,0.0,293809.12903500005,30297.20095041851,88.9778075,67.56581849462366,66.42291861783566,0.30990418779515605,44,64,,False,False,Request timeout: 300.0s exceeded,162,21.16838264042747
146,2026-09-14T02:12:42.106+00:00,2026-09-14T02:17:35.964+00:00,2026-09-14T02:17:42.126+00:00,False,95,94.0,,94.0,293858.287033,300019.74520899996,300019.74525599997,3158.102581642105,0.0,293858.287033,30142.570586003043,89.7099221,65.54742740425532,66.006695208047,0.3133127119167362,44,64,,False,False,Request timeout: 300.0s exceeded,437,21.16838264042747
147,2026-09-14T02:12:45.557+00:00,2026-09-14T02:17:39.225+00:00,2026-09-14T02:17:45.615+00:00,False,90,89.0,,89.0,293668.547471,300058.004367,300058.004304,3333.9778256,0.022420000000000002,293668.547471,30947.821275183764,90.0574364,71.79165051685393,19.17590271200305,0.29660931788090006,44,64,,False,False,Request timeout: 300.0s exceeded,315,21.16838264042747
148,2026-09-14T02:12:48.290+00:00,2026-09-14T02:17:41.708+00:00,2026-09-14T02:17:48.352+00:00,False,95,94.0,,94.0,293417.255164,300061.68549999996,300061.68540699995,3158.544056915789,0.02398,293417.255164,30096.729104151666,88.82079170000002,70.68542910638298,19.238462240574986,0.3132689195002206,44,64,,False,False,Request timeout: 300.0s exceeded,379,21.16838264042747
149,2026-09-14T02:12:52.394+00:00,2026-09-14T02:17:46.010+00:00,2026-09-14T02:17:52.502+00:00,False,96,95.0,,95.0,293615.865448,300107.41156000004,300107.41149300005,3126.1188697187504,0.0182,293615.865448,29960.07735707828,92.37594725000001,68.33206433684211,21.577787381628564,0.31655332837725264,44,64,,False,False,Request timeout: 300.0s exceeded,309,21.16838264042747
150,2026-09-14T02:12:55.064+00:00,2026-09-14T02:17:48.894+00:00,2026-09-14T02:17:55.146+00:00,False,94,93.0,,93.0,293829.780098,300082.169218,300082.169339,3192.3635036063833,0.07673,293829.780098,30299.30105226579,92.14042095,67.22999053763441,21.432599774287148,0.30991511505783104,44,64,,False,False,Request timeout: 300.0s exceeded,240,21.16838264042747
151,2026-09-14T02:12:57.469+00:00,2026-09-14T02:17:50.787+00:00,2026-09-14T02:17:57.496+00:00,False,105,104.0,,104.0,293318.515662,300026.66311799997,300026.663131,2857.3967917238097,0.02014,293318.515662,28618.668544054195,90.04679200000001,64.50141784615384,20.334558279535134,0.34663585869065566,44,64,,False,False,Request timeout: 300.0s exceeded,204,21.16838264042747
152,2026-09-14T02:13:00.368+00:00,2026-09-14T02:17:54.163+00:00,2026-09-14T02:18:00.407+00:00,False,94,93.0,,93.0,293795.004406,300039.774454,300039.77458200004,3191.9124955531915,0.02017,293795.004406,30295.722030721874,89.64433215,67.14806503225806,20.507244324191824,0.3099589051792802,44,64,,False,False,Request timeout: 300.0s exceeded,457,21.16838264042747
153,2026-09-14T02:13:03.716+00:00,2026-09-14T02:17:57.497+00:00,2026-09-14T02:18:03.780+00:00,False,94,93.0,,93.0,293781.477694,300064.555582,300064.555598,3192.176123382979,0.03542,293781.477694,30294.284023841537,89.3469758,67.55997729032259,19.98080052915164,0.309933306916636,44,64,,False,False,Request timeout: 300.0s exceeded,356,21.16838264042747
154,2026-09-14T02:13:07.954+00:00,2026-09-14T02:18:01.696+00:00,2026-09-14T02:18:08.054+00:00,False,92,91.0,,91.0,293742.131127,300100.15531899995,300100.155315,3261.958209945652,0.0248,293742.131127,30617.456609092867,90.798675,69.86839771428572,20.390513340998318,0.3032320989746539,44,64,,False,False,Request timeout: 300.0s exceeded,488,21.16838264042747
155,2026-09-14T02:13:10.972+00:00,2026-09-14T02:18:04.799+00:00,2026-09-14T02:18:10.994+00:00,False,91,90.0,,90.0,293827.656866,300021.91043399996,300021.91044899996,3296.944070868132,0.036698999999999996,293827.656866,30794.299890385162,90.218339,68.82503964444444,20.856979742943693,0.2999780911661069,44,64,,False,False,Request timeout: 300.0s exceeded,394,21.16838264042747
156,2026-09-14T02:13:14.615+00:00,2026-09-14T02:18:08.397+00:00,2026-09-14T02:18:14.668+00:00,False,94,93.0,,93.0,293781.900443,300053.494683,300053.49468400003,3192.0584540851064,0.037950000000000005,293781.900443,30294.340933611995,90.84345415,67.43649720430108,20.83688207631472,0.3099447320160442,44,64,,False,False,Request timeout: 300.0s exceeded,240,21.16838264042747
157,2026-09-14T02:13:18.575+00:00,2026-09-14T02:18:12.142+00:00,2026-09-14T02:18:18.665+00:00,False,99,98.0,,98.0,293567.173729,300089.623393,300089.6234,3031.2083171717168,0.02221,293567.173729,29497.929077838064,89.02405910000002,66.55560881632653,20.537596969968405,0.3265691058956022,44,64,,False,False,Request timeout: 300.0s exceeded,436,21.16838264042747
158,2026-09-14T02:13:22.572+00:00,2026-09-14T02:18:16.180+00:00,2026-09-14T02:18:22.616+00:00,False,98,97.0,,97.0,293607.229328,300043.268752,300043.268851,3061.666008683673,0.039229999999999994,293607.229328,29652.113565928226,87.9243735,66.35092189690722,20.540226903726317,0.3232867059589832,44,64,,False,False,Request timeout: 300.0s exceeded,394,21.16838264042747
159,2026-09-14T02:13:25.644+00:00,2026-09-14T02:18:19.091+00:00,2026-09-14T02:18:25.706+00:00,False,99,98.0,,98.0,293446.62748900003,300061.719457,300061.71925500006,3030.9264571212125,0.022260000000000002,293446.62748900003,29485.718551713788,88.6285429,67.50093844897958,20.293763711009944,0.326599474859184,44,64,,False,False,Request timeout: 300.0s exceeded,455,21.16838264042747
160,2026-09-14T02:13:29.501+00:00,2026-09-14T02:18:22.910+00:00,2026-09-14T02:18:29.585+00:00,False,96,95.0,,95.0,293408.718191,300083.664751,300083.664871,3125.8715090729165,0.04531,293408.718191,29938.737114486452,89.53490075000002,70.26259536842105,19.61593810547007,0.3165783784959705,44,64,,False,False,Request timeout: 300.0s exceeded,423,21.16838264042747
161,2026-09-14T02:13:32.805+00:00,2026-09-14T02:18:26.472+00:00,2026-09-14T02:18:32.852+00:00,False,95,94.0,,94.0,293666.867181,300047.036909,300047.036844,3158.3898615157896,0.0,293666.867181,30122.687150497222,93.4692688,67.87414604255319,63.41709219349379,0.31328421359651304,44,64,,False,False,Request timeout: 300.0s exceeded,354,21.16838264042747
162,2026-09-14T02:13:35.622+00:00,2026-09-14T02:18:29.286+00:00,2026-09-14T02:18:35.634+00:00,False,98,97.0,,97.0,293663.31844,300011.935656,300011.93564,3061.3462820408163,0.0,293663.31844,29657.92888268302,94.52666935,65.44966202061856,62.63617672971637,0.3233204698603133,44,64,,False,False,Request timeout: 300.0s exceeded,400,21.16838264042747
163,2026-09-14T02:13:39.591+00:00,2026-09-14T02:18:32.940+00:00,2026-09-14T02:18:39.625+00:00,False,99,98.0,,98.0,293348.495209,300033.404009,300033.404067,3030.6404451212125,0.03964,293348.495209,29475.784726886817,90.0894831,68.21335510204081,20.927917526496014,0.32663029746201305,44,64,,False,False,Request timeout: 300.0s exceeded,473,21.16838264042747
164,2026-09-14T02:13:43.509+00:00,2026-09-14T02:18:37.502+00:00,2026-09-14T02:18:43.534+00:00,False,90,89.0,,89.0,293992.40966,300024.80646,300024.806567,3333.6089618555557,0.02475,293992.40966,30982.3833287686,90.184075,67.7797393258427,20.88958117605633,0.2966421378622427,44,64,,False,False,Request timeout: 300.0s exceeded,415,21.16838264042747
165,2026-09-14T02:13:46.450+00:00,2026-09-14T02:18:40.596+00:00,2026-09-14T02:18:46.473+00:00,False,91,90.0,,90.0,294145.877467,300022.478811,300022.478764,3296.9503160879117,0.03689,294145.877467,30828.02855241044,89.41203099999998,65.29557048888888,21.002378877972827,0.29997752287319696,44,64,,False,False,Request timeout: 300.0s exceeded,440,21.16838264042747
166,2026-09-14T02:13:50.227+00:00,2026-09-14T02:18:44.149+00:00,2026-09-14T02:18:50.257+00:00,False,93,92.0,,92.0,293921.990261,300030.474101,300030.473957,3226.1341285698923,0.03768,293921.990261,30471.412727709652,91.6596198,66.39656347826087,20.97187679405395,0.3066355185274607,44,64,,False,False,Request timeout: 300.0s exceeded,346,21.16838264042747
167,2026-09-14T02:13:53.729+00:00,2026-09-14T02:18:47.512+00:00,2026-09-14T02:18:53.754+00:00,False,92,91.0,,91.0,293782.88377200003,300025.447868,300025.447984,3261.146173739131,0.02283,293782.88377200003,30621.83786548278,90.89834265000002,68.59960545054945,20.72157115651658,0.3033076048936909,44,64,,False,False,Request timeout: 300.0s exceeded,412,21.16838264042747
168,2026-09-14T02:13:57.435+00:00,2026-09-14T02:18:50.944+00:00,2026-09-14T02:18:59.291+00:00,False,100,99.0,,99.0,293509.515697,301855.85860900005,301855.858511,3018.5585851100004,0.03729,293509.515697,29343.075612098557,88.2524244,84.30649406060606,181.34106270274776,0.3279711066606684,44,64,,False,False,Request timeout: 300.0s exceeded,411,21.16838264042747
169,2026-09-14T02:14:00.853+00:00,2026-09-14T02:18:54.419+00:00,2026-09-14T02:19:00.863+00:00,False,106,105.0,,105.0,293566.138348,300010.5075,300010.50760300003,2830.2878075754716,0.01541,293566.138348,28508.272920119554,86.87312625,61.374944304761904,181.17106525528476,0.34998774167934765,44,64,,False,False,Request timeout: 300.0s exceeded,529,21.16838264042747
170,2026-09-14T02:14:03.387+00:00,2026-09-14T02:18:57.129+00:00,2026-09-14T02:19:03.404+00:00,False,101,100.0,,100.0,293742.207944,300016.400328,300016.40054,2970.459411287129,0.01558,293742.207944,29222.81289798659,92.266916,62.741923840000005,190.36182266092123,0.33331511174280015,44,64,,False,False,Request timeout: 300.0s exceeded,404,21.16838264042747
171,2026-09-14T02:14:05.762+00:00,2026-09-14T02:19:00.494+00:00,2026-09-14T02:19:05.843+00:00,False,83,82.0,,82.0,294731.754207,300081.40847900003,300081.408307,3615.438654301205,0.02855,294731.754207,32343.85914307011,88.850916,65.23968624390244,21.763365814947914,0.2732591812855958,44,64,,False,False,Request timeout: 300.0s exceeded,452,21.16838264042747
172,2026-09-14T02:14:08.295+00:00,2026-09-14T02:19:01.853+00:00,2026-09-14T02:19:08.320+00:00,False,99,98.0,,98.0,293557.49452899996,300024.25190499995,300024.251947,3030.547999464646,0.03847,293557.49452899996,29497.013226408184,88.7004479,65.98732016326531,20.288561529780182,0.32664026117138967,44,64,,False,False,Request timeout: 300.0s exceeded,433,21.16838264042747
173,2026-09-14T02:14:11.315+00:00,2026-09-14T02:19:04.808+00:00,2026-09-14T02:19:11.389+00:00,False,96,95.0,,95.0,293493.53501700005,300073.84836100007,300073.84828400007,3125.7692529583337,0.0287,293493.53501700005,29947.49536586208,88.16552125,69.26645625263157,19.62201934007519,0.3165887348027458,44,64,,False,False,Request timeout: 300.0s exceeded,212,21.16838264042747
174,2026-09-14T02:14:14.685+00:00,2026-09-14T02:19:08.571+00:00,2026-09-14T02:19:14.763+00:00,False,89,88.0,,88.0,293885.42971600004,300077.44226000004,300077.442143,3371.656653292135,0.0282,293885.42971600004,31144.3405948868,88.9764288,70.36377890909091,19.270459558624324,0.2932576315541673,44,64,,False,False,Request timeout: 300.0s exceeded,462,21.16838264042747
175,2026-09-14T02:14:18.637+00:00,2026-09-14T02:19:12.683+00:00,2026-09-14T02:19:18.716+00:00,False,85,84.0,,84.0,294046.31579799997,300079.27605399996,300079.276003,3530.3444235647053,0.03661,294046.31579799997,31886.01692784357,90.2726512,71.82095542857144,19.7621935094288,0.2799260285634787,44,64,,False,False,Request timeout: 300.0s exceeded,402,21.16838264042747
176,2026-09-14T02:14:22.399+00:00,2026-09-14T02:19:16.131+00:00,2026-09-14T02:19:22.412+00:00,False,91,90.0,,90.0,293731.398186,300012.859946,300012.860056,3296.844616,0.02621,293731.398186,30784.10713513443,89.6196355,69.79401955555555,20.051425114541438,0.29998714060523707,44,64,,False,False,Request timeout: 300.0s exceeded,449,21.16838264042747
177,2026-09-14T02:14:25.436+00:00,2026-09-14T02:19:18.928+00:00,2026-09-14T02:19:25.511+00:00,False,99,98.0,,98.0,293491.99583499995,300074.45113099995,300074.4509899999,3031.05506050505,0.04026,293491.99583499995,29490.31183564237,88.66212080000001,67.16791118367347,20.475355683082334,0.3265856177712954,44,64,,False,False,Request timeout: 300.0s exceeded,443,21.16838264042747
178,2026-09-14T02:14:29.672+00:00,2026-09-14T02:19:23.191+00:00,2026-09-14T02:19:29.745+00:00,False,104,103.0,,103.0,293519.314454,300072.91547799995,300072.91547999997,2885.3164949999996,0.0,293519.314454,28775.772357802885,89.253854,63.62719440776699,65.9092683772966,0.34324990589679366,44,64,,False,False,Request timeout: 300.0s exceeded,438,21.16838264042747
179,2026-09-14T02:14:33.700+00:00,2026-09-14T02:19:27.765+00:00,2026-09-14T02:19:33.760+00:00,False,98,97.0,,97.0,294065.206983,300060.16787899996,300060.16784799995,3061.8384474285713,0.02075,294065.206983,29698.835676906667,89.25711035,61.80372057731959,20.621671985940754,0.32326849873361235,44,64,,False,False,Request timeout: 300.0s exceeded,496,21.16838264042747
180,2026-09-14T02:14:36.993+00:00,2026-09-14T02:19:30.704+00:00,2026-09-14T02:19:37.060+00:00,False,103,102.0,,102.0,293711.30829799996,300066.771722,300066.771822,2913.2696293398053,0.02562,293711.30829799996,28934.10257248798,88.5277342,62.308464941176474,20.035288304393802,0.33992434222106727,44,64,,False,False,Request timeout: 300.0s exceeded,488,21.16838264042747
181,2026-09-14T02:14:40.447+00:00,2026-09-14T02:19:34.280+00:00,2026-09-14T02:19:40.488+00:00,False,93,92.0,,92.0,293832.30723900005,300041.02147900005,300041.02166800003,3226.247544817205,0.05219,293832.30723900005,30461.998970085766,88.303789,67.48602434782609,19.302687013636035,0.30662473933231527,44,64,,False,False,Request timeout: 300.0s exceeded,420,21.16838264042747
182,2026-09-14T02:14:44.091+00:00,2026-09-14T02:19:38.004+00:00,2026-09-14T02:19:44.122+00:00,False,91,90.0,,90.0,293913.798407,300031.205895,300031.20596600004,3297.0462194065935,0.03125,293913.798407,30803.419264221975,89.3501965,67.9711943111111,20.528096732303858,0.29996879735068865,44,64,,False,False,Request timeout: 300.0s exceeded,261,21.16838264042747
183,2026-09-14T02:14:48.345+00:00,2026-09-14T02:19:42.467+00:00,2026-09-14T02:19:48.357+00:00,False,90,89.0,,89.0,294122.428313,300012.444057,300012.444242,3333.471602688889,0.02665,294122.428313,30996.256656324895,87.073662,66.17995217977528,20.170392843181144,0.296654361387392,44,64,,False,False,Request timeout: 300.0s exceeded,248,21.16838264042747
184,2026-09-14T02:14:52.152+00:00,2026-09-14T02:19:45.541+00:00,2026-09-14T02:19:52.189+00:00,False,104,103.0,,103.0,293389.54709899996,300036.983387,300036.98328,2884.9709930769227,0.01964,293389.54709899996,28762.89083569023,89.46167530000001,64.53821638834953,20.58536162440159,0.3432910131186941,44,64,,False,False,Request timeout: 300.0s exceeded,465,21.16838264042747
185,2026-09-14T02:14:55.666+00:00,2026-09-14T02:19:49.303+00:00,2026-09-14T02:19:55.725+00:00,False,93,92.0,,92.0,293636.148964,300058.33750799997,300058.337291,3226.4337343118277,0.043719,293636.148964,30441.418198198477,89.039684,69.8063972173913,20.08497717289579,0.3066070443636553,44,64,,False,False,Request timeout: 300.0s exceeded,134,21.16838264042747
186,2026-09-14T02:14:58.679+00:00,2026-09-14T02:19:52.403+00:00,2026-09-14T02:19:58.746+00:00,False,93,92.0,,92.0,293724.10285799997,300066.896586,300066.89641299995,3226.52576788172,0.02494,293724.10285799997,30450.627649785405,88.79057800000001,68.94341008695652,19.417968088606944,0.3065982987351374,44,64,,False,False,Request timeout: 300.0s exceeded,378,21.16838264042747
187,2026-09-14T02:15:01.646+00:00,2026-09-14T02:19:55.284+00:00,2026-09-14T02:20:01.674+00:00,False,99,98.0,,98.0,293638.19936900004,300027.64372100006,300027.64373400004,3030.582259939394,0.0378,293638.19936900004,29505.203404754928,88.4007049,65.19841175510204,19.91836630521638,0.32663656849943995,44,64,,False,False,Request timeout: 300.0s exceeded,446,21.16838264042747
188,2026-09-14T02:15:04.656+00:00,2026-09-14T02:19:58.448+00:00,2026-09-14T02:20:04.743+00:00,False,96,95.0,,95.0,293791.701885,300087.564413,300087.564395,3125.9121291145834,0.040799999999999996,293791.701885,29978.23314124429,89.43824099999998,66.27223713684211,20.6118450845524,0.3165742645345171,44,64,,False,False,Request timeout: 300.0s exceeded,518,21.16838264042747
189,2026-09-14T02:15:07.551+00:00,2026-09-14T02:20:01.458+00:00,2026-09-14T02:20:07.558+00:00,False,90,89.0,,89.0,293907.395787,300007.025355,300007.025402,3333.411393355556,0.033280000000000004,293907.395787,30973.342442012297,90.6942792,68.53516368539326,20.872963644974895,0.29665971953385356,44,64,,False,False,Request timeout: 300.0s exceeded,427,21.16838264042747
190,2026-09-14T02:15:10.389+00:00,2026-09-14T02:20:03.711+00:00,2026-09-14T02:20:10.423+00:00,False,102,101.0,,101.0,293322.587228,300034.03401199996,300034.03409,2941.5101381372547,0.025619,293322.587228,29036.69145920725,88.63702054999997,66.44996815841584,20.3813914117663,0.3366284772745497,44,64,,False,False,Request timeout: 300.0s exceeded,532,21.16838264042747
191,2026-09-14T02:15:14.076+00:00,2026-09-14T02:20:07.692+00:00,2026-09-14T02:20:14.162+00:00,False,97,96.0,,96.0,293615.03946600005,300085.11357800005,300085.113529,3093.6609642164954,0.02162,293615.03946600005,29805.254983414707,91.1574956,67.39660533333333,21.448631735249755,0.31990923793374726,44,64,,False,False,Request timeout: 300.0s exceeded,434,21.16838264042747
192,2026-09-14T02:15:17.232+00:00,2026-09-14T02:20:10.870+00:00,2026-09-14T02:20:17.257+00:00,False,93,92.0,,92.0,293638.00700800004,300024.77462400007,300024.77469700004,3226.0728462043016,0.04236,293638.00700800004,30441.651180448775,89.75712659999999,69.42138713043478,20.672069615039824,0.3066413435866992,44,64,,False,False,Request timeout: 300.0s exceeded,349,21.16838264042747
193,2026-09-14T02:15:19.831+00:00,2026-09-14T02:20:13.269+00:00,2026-09-14T02:20:19.875+00:00,False,96,95.0,,95.0,293438.360433,300043.891569,300043.891589,3125.4572040520834,0.028140000000000002,293438.360433,29941.83746293125,88.571593,69.53190669473683,20.260546157073673,0.31662034345449486,44,64,,False,False,Request timeout: 300.0s exceeded,421,21.16838264042747
194,2026-09-14T02:15:23.268+00:00,2026-09-14T02:20:16.900+00:00,2026-09-14T02:20:23.297+00:00,False,98,97.0,,97.0,293632.452435,300029.264467,300029.26457199996,3061.523107877551,0.0,293632.452435,29654.769412357164,88.79679990000001,65.94651579381444,66.64578135505407,0.3233017958175509,44,64,,False,False,Request timeout: 300.0s exceeded,421,21.16838264042747
195,2026-09-14T02:15:27.173+00:00,2026-09-14T02:20:20.641+00:00,2026-09-14T02:20:27.195+00:00,False,100,99.0,,99.0,293468.812698,300022.279578,300022.279653,3000.22279653,0.0,293468.812698,29340.335395305054,88.59776899999999,66.19663515151515,66.1375178266802,0.32997549428412337,44,64,,False,False,Request timeout: 300.0s exceeded,371,21.16838264042747
196,2026-09-14T02:15:30.891+00:00,2026-09-14T02:20:24.377+00:00,2026-09-14T02:20:30.943+00:00,False,98,97.0,,97.0,293485.749446,300052.247238,300052.247314,3061.757625653061,0.024539000000000002,293485.749446,29639.705677389476,88.59863885,67.6958535257732,19.474884475244362,0.32327703222652443,44,64,,False,False,Request timeout: 300.0s exceeded,495,21.16838264042747
197,2026-09-14T02:15:35.184+00:00,2026-09-14T02:20:28.541+00:00,2026-09-14T02:20:35.212+00:00,False,97,96.0,,96.0,293356.706819,300028.320259,300028.320236,3093.0754663505154,0.04158,293356.706819,29778.811486186958,90.3989148,69.49597333333332,20.532235157767108,0.3199697945751515,44,64,,False,False,Request timeout: 300.0s exceeded,299,21.16838264042747
198,2026-09-14T02:15:38.763+00:00,2026-09-14T02:20:32.187+00:00,2026-09-14T02:20:38.792+00:00,False,91,90.0,,90.0,293423.951932,300028.936764,300028.936849,3297.021284054945,0.0499,293423.951932,30751.500311206317,90.14793449999999,73.38872035555555,18.638175129794284,0.29997106602685186,44,64,,False,False,Request timeout: 300.0s exceeded,406,21.16838264042747
199,2026-09-14T02:15:41.725+00:00,2026-09-14T02:20:35.031+00:00,2026-09-14T02:20:41.772+00:00,False,94,93.0,,93.0,293306.480453,300047.331909,300047.331833,3191.9928918404253,0.039490000000000004,293306.480453,30244.78357707296,89.29742329999999,72.4822737204301,19.14178089454694,0.3099510980761047,44,64,,False,False,Request timeout: 300.0s exceeded,382,21.16838264042747
200,2026-09-14T02:15:44.051+00:00,2026-09-14T02:20:37.677+00:00,2026-09-14T02:20:44.090+00:00,False,93,92.0,,92.0,293625.78136799997,300039.086968,300039.08706,3226.226742580645,0.019649999999999997,293625.78136799997,30440.35304161418,89.665473,69.70984347826088,19.932704551937267,0.3066267163045062,44,64,,False,False,Request timeout: 300.0s exceeded,454,21.16838264042747
201,2026-09-14T02:15:47.798+00:00,2026-09-14T02:20:41.339+00:00,2026-09-14T02:20:47.811+00:00,False,95,94.0,,94.0,293540.963623,300012.923175,300012.92327200004,3158.030771284211,0.02215,293540.963623,30109.610312341585,89.3624393,68.8506335319149,20.382733638554846,0.31331983637641175,44,64,,False,False,Request timeout: 300.0s exceeded,447,21.16838264042747
202,2026-09-14T02:15:51.231+00:00,2026-09-14T02:20:44.774+00:00,2026-09-14T02:20:51.279+00:00,False,96,95.0,,95.0,293542.809054,300048.004574,300048.004772,3125.5000497083333,0.03958,293542.809054,29952.606918458692,91.83756625,68.47574231578947,22.282891912492666,0.3166160032788034,44,64,,False,False,Request timeout: 300.0s exceeded,404,21.16838264042747
203,2026-09-14T02:15:54.984+00:00,2026-09-14T02:20:48.895+00:00,2026-09-14T02:20:55.036+00:00,False,93,92.0,,92.0,293910.542542,300051.567566,300051.567578,3226.3609416989248,0.035799,293910.542542,30470.189584570402,91.37446680000001,66.750272,21.84639816113092,0.3066139622142234,44,64,,False,False,Request timeout: 300.0s exceeded,420,21.16838264042747
204,2026-09-14T02:15:58.177+00:00,2026-09-14T02:20:51.869+00:00,2026-09-14T02:20:58.220+00:00,False,94,93.0,,93.0,293691.437888,300042.135104,300042.134991,3191.937606287234,0.023379999999999998,293691.437888,30284.921706249737,87.78398465000001,68.28706683870968,19.311838236357364,0.3099564665068275,44,64,,False,False,Request timeout: 300.0s exceeded,432,21.16838264042747
205,2026-09-14T02:16:02.475+00:00,2026-09-14T02:20:56.254+00:00,2026-09-14T02:21:02.516+00:00,False,92,91.0,,91.0,293778.861811,300041.65784299996,300041.65765099996,3261.322365771739,0.06694,293778.861811,30621.394979325323,88.78189155,68.82193441758243,20.132276493276546,0.3032912184734586,44,64,,False,False,Request timeout: 300.0s exceeded,426,21.16838264042747
206,2026-09-14T02:16:04.827+00:00,2026-09-14T02:20:58.432+00:00,2026-09-14T02:21:04.858+00:00,False,95,94.0,,94.0,293605.340458,300031.15652200003,300031.156572,3158.222700757895,0.02419,293605.340458,30116.265330983402,89.52173,68.35974536170212,19.978673578776387,0.3133007954562458,44,64,,False,False,Request timeout: 300.0s exceeded,271,21.16838264042747
207,2026-09-14T02:16:08.423+00:00,2026-09-14T02:21:01.934+00:00,2026-09-14T02:21:08.498+00:00,False,96,95.0,,95.0,293511.321991,300075.11923899996,300075.119165,3125.782491302083,0.03771,293511.321991,29949.32891936321,89.48478824999998,69.09260261052631,20.281331679258855,0.31658739398628927,44,64,,False,False,Request timeout: 300.0s exceeded,470,21.16838264042747
208,2026-09-14T02:16:11.056+00:00,2026-09-14T02:21:04.434+00:00,2026-09-14T02:21:11.141+00:00,False,100,99.0,,99.0,293378.232583,300085.19834299997,300085.19830399996,3000.8519830399996,0.0261,293378.232583,29331.055493006257,89.89316100000002,67.7471288888889,20.290830887050223,0.32990630843058827,44,64,,False,False,Request timeout: 300.0s exceeded,453,21.16838264042747
209,2026-09-14T02:16:13.945+00:00,2026-09-14T02:21:07.844+00:00,2026-09-14T02:21:13.988+00:00,False,91,90.0,,90.0,293898.655195,300042.533851,300042.533995,3297.170703241758,0.036289,293898.655195,30801.80123370055,90.80256349999999,68.26531840000001,20.891701671894918,0.2999574721785734,44,64,,False,False,Request timeout: 300.0s exceeded,441,21.16838264042747
210,2026-09-14T02:16:17.801+00:00,2026-09-14T02:21:11.707+00:00,2026-09-14T02:21:17.830+00:00,False,92,91.0,,91.0,293905.468817,300028.795025,300028.795032,3261.182554695652,0.0,293905.468817,30634.825456509152,90.01255354999999,67.28929898901099,69.3089424917651,0.3033042211578972,44,64,,False,False,Request timeout: 300.0s exceeded,267,21.16838264042747
211,2026-09-14T02:16:21.970+00:00,2026-09-14T02:21:16.195+00:00,2026-09-14T02:21:22.024+00:00,False,92,91.0,,91.0,294224.81137999997,300053.91653199994,300053.916446,3261.4556135434777,0.0,294224.81137999997,30668.45698408152,92.18509259999999,64.05610057142857,69.65017035780794,0.3032788275246362,44,64,,False,False,Request timeout: 300.0s exceeded,445,21.16838264042747
212,2026-09-14T02:16:25.373+00:00,2026-09-14T02:21:19.242+00:00,2026-09-14T02:21:25.386+00:00,False,94,93.0,,93.0,293869.562744,300013.260664,300013.260635,3191.630432287234,0.039420000000000004,293869.562744,30303.523826556047,88.1671673,66.06126795698924,19.896904450826476,0.3099862979195289,44,64,,False,False,Request timeout: 300.0s exceeded,403,21.16838264042747
213,2026-09-14T02:16:28.106+00:00,2026-09-14T02:21:21.863+00:00,2026-09-14T02:21:28.111+00:00,False,93,92.0,,92.0,293757.05250199995,300005.28034199995,300005.2802919999,3225.863228946236,0.02607,293757.05250199995,30454.150860211204,85.71900860000001,67.91552,19.266943298609604,0.3066612690787371,44,64,,False,False,Request timeout: 300.0s exceeded,239,21.16838264042747
214,2026-09-14T02:16:30.455+00:00,2026-09-14T02:21:24.039+00:00,2026-09-14T02:21:30.490+00:00,False,95,94.0,,94.0,293584.026448,300035.32936,300035.329289,3158.266624094737,0.03681,293584.026448,30114.050999469175,89.69788400000002,68.63088204255318,20.36673584534965,0.31329643812450264,44,64,,False,False,Request timeout: 300.0s exceeded,500,21.16838264042747
215,2026-09-14T02:16:34.556+00:00,2026-09-14T02:21:28.282+00:00,2026-09-14T02:21:34.636+00:00,False,99,98.0,,98.0,293725.563945,300079.827241,300079.827342,3031.109367090909,0.0419,293725.563945,29514.020851790214,90.12872589999999,64.83942138775511,21.221536308676672,0.32657976679416795,44,64,,False,False,Request timeout: 300.0s exceeded,538,21.16838264042747
216,2026-09-14T02:16:38.375+00:00,2026-09-14T02:21:33.962+00:00,2026-09-14T02:21:38.391+00:00,False,65,64.0,,64.0,295586.437768,300015.865224,300015.86544100003,4615.628699092308,0.03461,295586.437768,36654.4067398973,88.28315860000001,69.209804,20.789027920127936,0.21332205199287,44,64,,False,False,Request timeout: 300.0s exceeded,269,21.16838264042747
217,2026-09-14T02:16:42.291+00:00,2026-09-14T02:21:36.409+00:00,2026-09-14T02:21:42.816+00:00,False,97,96.0,,96.0,294117.805225,300524.849577,300524.84978,3098.194327628866,0.037329999999999995,294117.805225,29856.36858790201,86.87786679999999,66.74004533333334,19.7278283617032,0.3194411381791675,44,64,,False,False,Request timeout: 300.0s exceeded,314,21.16838264042747
218,2026-09-14T02:16:45.756+00:00,2026-09-14T02:21:39.346+00:00,2026-09-14T02:21:46.350+00:00,False,79,78.0,,78.0,293590.134505,300594.263273,300594.26322900003,3804.9906737848105,0.06884,293590.134505,33022.151821586296,89.3046949,89.79652266666668,229.00675158853429,0.2594859900209084,44,64,,False,False,Request timeout: 300.0s exceeded,395,21.16838264042747
219,2026-09-14T02:16:49.124+00:00,2026-09-14T02:21:42.552+00:00,2026-09-14T02:21:49.159+00:00,False,112,111.0,,111.0,293427.53923,300034.264862,300034.264694,2678.8773633392857,0.015349999999999999,293427.53923,27721.426132142034,89.38778915,59.52005073873874,205.37776281977372,0.36995774482975863,44,64,,False,False,Request timeout: 300.0s exceeded,488,21.16838264042747
220,2026-09-14T02:16:52.899+00:00,2026-09-14T02:21:47.510+00:00,2026-09-14T02:21:52.925+00:00,False,82,81.0,,81.0,294610.942387,300026.156723,300026.156717,3658.8555697195125,0.055799999999999995,294610.942387,32526.958999638886,84.96223205,66.85449797530865,19.676090095387366,0.2699764610016435,44,64,,False,False,Request timeout: 300.0s exceeded,258,21.16838264042747
221,2026-09-14T02:16:57.008+00:00,2026-09-14T02:21:50.751+00:00,2026-09-14T02:21:57.049+00:00,False,94,93.0,,93.0,293743.314795,300040.958315,300040.95831200003,3191.925088425532,0.04159,293743.314795,30290.33146724388,87.19474865000001,67.71659698924731,19.670490727534094,0.30995768218538794,44,64,,False,False,Request timeout: 300.0s exceeded,472,21.16838264042747
222,2026-09-14T02:17:00.776+00:00,2026-09-14T02:21:54.622+00:00,2026-09-14T02:22:00.815+00:00,False,92,91.0,,91.0,293846.204503,300039.205207,300039.20524000004,3261.295709130435,0.03713,293846.204503,30628.49622505227,89.97470960000001,68.05495279120879,20.623395164598765,0.30329369769266723,44,64,,False,False,Request timeout: 300.0s exceeded,284,21.16838264042747
223,2026-09-14T02:17:04.473+00:00,2026-09-14T02:21:58.654+00:00,2026-09-14T02:22:04.480+00:00,False,89,88.0,,88.0,294181.054301,300007.31068500003,300007.31069300004,3370.86865947191,0.023030000000000002,294181.054301,31176.118101732874,88.08402579999998,66.2074589090909,20.538888857674593,0.29332618528219045,44,64,,False,False,Request timeout: 300.0s exceeded,379,21.16838264042747
224,2026-09-14T02:17:06.941+00:00,2026-09-14T02:22:00.731+00:00,2026-09-14T02:22:06.980+00:00,False,93,92.0,,92.0,293790.770936,300039.342328,300039.34225499997,3226.229486612903,0.03527,293790.770936,30457.647831279686,89.76901600000001,67.91925426086956,20.685471478311054,0.30662645533806876,44,64,,False,False,Request timeout: 300.0s exceeded,259,21.16838264042747
225,2026-09-14T02:17:11.017+00:00,2026-09-14T02:22:04.741+00:00,2026-09-14T02:22:11.063+00:00,False,96,95.0,,95.0,293723.632675,300046.253859,300046.253839,3125.4818108229165,0.045340000000000005,293723.632675,29971.257018462384,88.40545624999999,66.5539072,20.476307459104103,0.31661785067525994,44,64,,False,False,Request timeout: 300.0s exceeded,449,21.16838264042747
226,2026-09-14T02:17:14.872+00:00,2026-09-14T02:22:08.270+00:00,2026-09-14T02:22:14.924+00:00,False,108,107.0,,107.0,293398.299068,300051.901628,300051.901652,2778.2583486296294,0.0,293398.299068,28226.35432920341,89.97671534999999,62.1832014953271,64.68248025929324,0.356604972071322,44,64,,False,False,Request timeout: 300.0s exceeded,674,21.16838264042747
227,2026-09-14T02:17:19.078+00:00,2026-09-14T02:22:12.623+00:00,2026-09-14T02:22:19.097+00:00,False,99,98.0,,98.0,293544.83865600004,300019.34848000004,300019.34854800004,3030.4984701818184,0.0305,293544.83865600004,29495.732923279647,87.7562968,66.06642677551021,19.707744075970986,0.3266455996804916,44,64,,False,False,Request timeout: 300.0s exceeded,498,21.16838264042747
228,2026-09-14T02:17:22.098+00:00,2026-09-14T02:22:15.512+00:00,2026-09-14T02:22:22.129+00:00,False,97,96.0,,96.0,293413.895194,300030.38773799996,300030.387686,3093.096780268041,0.024210000000000002,293413.895194,29784.675734104367,89.2285498,68.92179733333333,19.55744551853775,0.31996758969571953,44,64,,False,False,Request timeout: 300.0s exceeded,438,21.16838264042747
229,2026-09-14T02:17:25.834+00:00,2026-09-14T02:22:19.351+00:00,2026-09-14T02:22:25.875+00:00,False,98,97.0,,97.0,293517.23935000005,300041.09650200006,300041.09650800005,3061.643841918368,0.02133,293517.23935000005,29642.931510556184,89.584002,67.25625929896907,20.18094873311691,0.32328904650351253,44,64,,False,False,Request timeout: 300.0s exceeded,214,21.16838264042747
230,2026-09-14T02:17:28.331+00:00,2026-09-14T02:22:22.128+00:00,2026-09-14T02:22:28.384+00:00,False,96,95.0,,95.0,293796.29182,300053.061612,300053.061423,3125.5527231562496,0.02237,293796.29182,29978.743420967523,90.21943975,65.86073465263158,20.34937226016135,0.31661066709209235,44,64,,False,False,Request timeout: 300.0s exceeded,498,21.16838264042747
231,2026-09-14T02:17:31.184+00:00,2026-09-14T02:22:24.678+00:00,2026-09-14T02:22:31.234+00:00,False,98,97.0,,97.0,293494.028755,300050.04949099995,300050.049526,3061.7351992448976,0.02237,293494.028755,29640.553741606374,90.69168470000001,67.58784263917525,20.69334849473517,0.32327940010191375,44,64,,False,False,Request timeout: 300.0s exceeded,422,21.16838264042747
232,2026-09-14T02:17:35.205+00:00,2026-09-14T02:22:28.803+00:00,2026-09-14T02:22:35.214+00:00,False,92,91.0,,91.0,293597.43558499997,300008.93843299994,300008.938521,3260.9667230543473,0.038810000000000004,293597.43558499997,30602.310521154817,92.07360704999999,70.45607525274725,21.47193283976932,0.3033242958536808,44,64,,False,False,Request timeout: 300.0s exceeded,438,21.16838264042747
233,2026-09-14T02:17:38.334+00:00,2026-09-14T02:22:32.238+00:00,2026-09-14T02:22:38.362+00:00,False,88,87.0,,87.0,293904.270691,300028.328803,300028.328904,3409.4128284545454,0.024929,293904.270691,31322.80435552799,91.91335755,70.39147255172414,21.926421348521554,0.2899726180760905,44,64,,False,False,Request timeout: 300.0s exceeded,380,21.16838264042747
234,2026-09-14T02:17:40.842+00:00,2026-09-14T02:22:34.741+00:00,2026-09-14T02:22:40.861+00:00,False,89,88.0,,88.0,293899.29531699995,300019.228501,300019.22844899993,3371.002566842696,0.03774,293899.29531699995,31145.89912126315,90.93119800000001,69.54469527272727,22.23563651812676,0.29331453333734137,44,64,,False,False,Request timeout: 300.0s exceeded,441,21.16838264042747
235,2026-09-14T02:17:44.307+00:00,2026-09-14T02:22:38.279+00:00,2026-09-14T02:22:44.348+00:00,False,88,87.0,,87.0,293971.58463,300040.796278,300040.796269,3409.5545030568182,0.03779,293971.58463,31330.04693572119,91.4494812,69.76105342528736,21.47199718932957,0.28996056896006556,44,64,,False,False,Request timeout: 300.0s exceeded,428,21.16838264042747
236,2026-09-14T02:17:47.021+00:00,2026-09-14T02:22:40.947+00:00,2026-09-14T02:22:47.063+00:00,False,91,90.0,,90.0,293926.4206,300042.22348,300042.22357100004,3297.167291989011,0.0364,293926.4206,30804.744791253415,91.633107,67.95336533333332,21.26308958852776,0.29995778246190463,44,64,,False,False,Request timeout: 300.0s exceeded,427,21.16838264042747
237,2026-09-14T02:17:50.369+00:00,2026-09-14T02:22:44.218+00:00,2026-09-14T02:22:50.393+00:00,False,91,90.0,,90.0,293849.27947899996,300024.086263,300024.08621499996,3296.9679803846147,0.03786,293849.27947899996,30796.588048193607,88.2463285,68.60896426666666,19.04904854380663,0.29997591567067167,44,64,,False,False,Request timeout: 300.0s exceeded,427,21.16838264042747
238,2026-09-14T02:17:54.383+00:00,2026-09-14T02:22:48.150+00:00,2026-09-14T02:22:54.432+00:00,False,95,94.0,,94.0,293766.85743000003,300048.84885400004,300048.84890000004,3158.408935789474,0.034390000000000004,293766.85743000003,30132.993071631034,86.8031227,66.829696,19.15822306678286,0.3132823217253508,44,64,,False,False,Request timeout: 300.0s exceeded,294,21.16838264042747
239,2026-09-14T02:17:57.656+00:00,2026-09-14T02:22:51.309+00:00,2026-09-14T02:22:57.731+00:00,False,96,95.0,,95.0,293653.16246799997,300075.31721999997,300075.317063,3125.784552739583,0.023370000000000002,293653.16246799997,29963.95793428815,89.7964675,67.60162896842105,20.743747284767807,0.31658718511109935,44,64,,False,False,Request timeout: 300.0s exceeded,440,21.16838264042747
240,2026-09-14T02:18:00.996+00:00,2026-09-14T02:22:54.687+00:00,2026-09-14T02:23:01.053+00:00,False,92,91.0,,91.0,293691.209704,300056.75005599996,300056.749998,3261.486413021739,0.02296,293691.209704,30612.139075568666,91.02164755000001,69.95099287912089,20.393120073528777,0.30327596357361253,44,64,,False,False,Request timeout: 300.0s exceeded,374,21.16838264042747
241,2026-09-14T02:18:03.839+00:00,2026-09-14T02:22:57.869+00:00,2026-09-14T02:23:03.888+00:00,False,88,87.0,,87.0,294029.631625,300048.64602499997,300048.64608,3409.6437054545454,0.02842,294029.631625,31336.29587423434,89.82852435000001,69.18407356321839,20.878174123738493,0.2899529831331123,44,64,,False,False,Request timeout: 300.0s exceeded,412,21.16838264042747
242,2026-09-14T02:18:06.587+00:00,2026-09-14T02:23:00.185+00:00,2026-09-14T02:23:06.670+00:00,False,99,98.0,,98.0,293597.73381199996,300083.34533199994,300083.34527199995,3031.1449017373734,0.0,293597.73381199996,29501.10686863564,90.384279,66.1797093877551,67.16815450049394,0.32657593806672874,44,64,,False,False,Request timeout: 300.0s exceeded,458,21.16838264042747
243,2026-09-14T02:18:10.377+00:00,2026-09-14T02:23:04.303+00:00,2026-09-14T02:23:10.427+00:00,False,97,96.0,,96.0,293926.292194,300049.665506,300049.665529,3093.2955209175257,0.0,293926.292194,29837.294117221918,89.3489976,63.78513866666666,68.2106802486375,0.3199470322291705,44,64,,False,False,Request timeout: 300.0s exceeded,420,21.16838264042747
244,2026-09-14T02:18:13.802+00:00,2026-09-14T02:23:07.624+00:00,2026-09-14T02:23:13.874+00:00,False,92,91.0,,91.0,293822.25127999997,300072.369936,300072.369837,3261.6561938804343,0.02569,293822.25127999997,30625.932987415956,88.82616405,68.68262259340659,19.853549109112897,0.30326017693467966,44,64,,False,False,Request timeout: 300.0s exceeded,309,21.16838264042747
245,2026-09-14T02:18:17.544+00:00,2026-09-14T02:23:10.977+00:00,2026-09-14T02:23:17.609+00:00,False,95,94.0,,94.0,293432.693499,300065.099259,300065.09924899996,3158.5799920947366,0.02305,293432.693499,30098.326534087882,89.8680294,70.55750808510639,19.809045263967565,0.3132653555249499,44,64,,False,False,Request timeout: 300.0s exceeded,494,21.16838264042747
246,2026-09-14T02:18:21.335+00:00,2026-09-14T02:23:14.958+00:00,2026-09-14T02:23:21.365+00:00,False,93,92.0,,92.0,293623.425203,300030.620339,300030.620469,3226.1357039677423,0.04011,293623.425203,30440.116111508236,90.61494699999999,69.64342539130435,20.69856985979921,0.3066353690701656,44,64,,False,False,Request timeout: 300.0s exceeded,457,21.16838264042747
247,2026-09-14T02:18:25.631+00:00,2026-09-14T02:23:19.198+00:00,2026-09-14T02:23:25.637+00:00,False,97,96.0,,96.0,293566.98729900003,300005.437731,300005.43778900005,3092.839564835052,0.10969,293566.98729900003,29800.40860961433,88.80375039999998,67.067192,20.19999654058459,0.319994199858732,44,64,,False,False,Request timeout: 300.0s exceeded,369,21.16838264042747
248,2026-09-14T02:18:28.760+00:00,2026-09-14T02:23:22.304+00:00,2026-09-14T02:23:28.849+00:00,False,97,96.0,,96.0,293544.477432,300089.59103199997,300089.59114599996,3093.7071252164947,0.02336,293544.477432,29798.01045608165,89.71360059999999,68.17826666666667,20.480171961449987,0.3199044647628683,44,64,,False,False,Request timeout: 300.0s exceeded,452,21.16838264042747
249,2026-09-14T02:18:31.925+00:00,2026-09-14T02:23:25.352+00:00,2026-09-14T02:23:31.941+00:00,False,101,100.0,,100.0,293426.718666,300016.39034600003,300016.390225,2970.4593091584156,0.0253,293426.718666,29190.50032543927,90.638979,65.8967168,21.06732438167455,0.3333151228326991,44,64,,False,False,Request timeout: 300.0s exceeded,555,21.16838264042747
250,2026-09-14T02:18:34.495+00:00,2026-09-14T02:23:27.797+00:00,2026-09-14T02:23:34.527+00:00,False,105,104.0,,104.0,293302.601422,300032.70139,300032.701366,2857.454298723809,0.04038,293302.601422,28617.09548835015,90.405293,64.7124996923077,21.18928009463364,0.3466288825124257,44,64,,False,False,Request timeout: 300.0s exceeded,485,21.16838264042747
251,2026-09-14T02:18:36.997+00:00,2026-09-14T02:23:30.610+00:00,2026-09-14T02:23:37.024+00:00,False,95,94.0,,94.0,293612.282101,300027.160821,300027.160691,3158.180638852632,0.04335,293612.282101,30116.98942952081,89.91845939999999,68.24339063829787,19.922549575465247,0.31330496793282525,44,64,,False,False,Request timeout: 300.0s exceeded,463,21.16838264042747
252,2026-09-14T02:18:41.079+00:00,2026-09-14T02:23:35.128+00:00,2026-09-14T02:23:41.128+00:00,False,86,85.0,,85.0,294049.292815,300049.216015,300049.215972,3488.9443717674417,0.03514,294049.292815,31700.544751343456,88.75065225,70.58733176470588,19.08312573261767,0.28328685916563334,44,64,,False,False,Request timeout: 300.0s exceeded,364,21.16838264042747
253,2026-09-14T02:18:44.471+00:00,2026-09-14T02:23:38.491+00:00,2026-09-14T02:23:44.543+00:00,False,90,89.0,,89.0,294019.798775,300071.51794299996,300071.517932,3334.127977022222,0.02207,294019.798775,30985.24642366796,87.29401935,67.99684458426965,19.191558171995666,0.2965959602234091,44,64,,False,False,Request timeout: 300.0s exceeded,299,21.16838264042747
254,2026-09-14T02:18:47.264+00:00,2026-09-14T02:23:40.838+00:00,2026-09-14T02:23:47.275+00:00,False,98,97.0,,97.0,293573.730102,300010.584886,300010.584765,3061.332497602041,0.03989,293573.730102,29648.727789986828,86.57506385,66.3593276701031,19.033745192981574,0.32332192558092143,44,64,,False,False,Request timeout: 300.0s exceeded,483,21.16838264042747
255,2026-09-14T02:18:49.587+00:00,2026-09-14T02:23:43.392+00:00,2026-09-14T02:23:49.638+00:00,False,94,93.0,,93.0,293805.746815,300051.013247,300051.013213,3192.032055457447,0.03625,293805.746815,30296.82885503517,89.00731565000002,67.15340249462366,19.55940370166604,0.30994729527356407,44,64,,False,False,Request timeout: 300.0s exceeded,400,21.16838264042747
256,2026-09-14T02:18:53.739+00:00,2026-09-14T02:23:47.484+00:00,2026-09-14T02:23:53.777+00:00,False,92,91.0,,91.0,293744.960642,300037.534594,300037.53439000004,3261.2775477173914,0.03671,293744.960642,30617.826406827728,90.09128349999999,69.1491643076923,20.107634080502955,0.3032953864360268,44,64,,False,False,Request timeout: 300.0s exceeded,431,21.16838264042747
257,2026-09-14T02:18:59.320+00:00,2026-09-14T02:23:52.434+00:00,2026-09-14T02:23:59.374+00:00,False,105,104.0,,104.0,293113.78032599995,300053.77520599996,300053.7753079999,2857.655002933333,0.04683,293113.78032599995,28598.470854208084,89.48380499999999,66.73072,20.314269151146586,0.34660453756530635,44,64,,False,False,Request timeout: 300.0s exceeded,452,21.16838264042747
258,2026-09-14T02:19:00.439+00:00,2026-09-14T02:23:54.250+00:00,2026-09-14T02:24:00.566+00:00,False,101,100.0,,100.0,293810.434616,300127.326008,300127.32603399997,2971.5576835049505,0.02164,293810.434616,29228.953309895427,91.141907,63.16891392,21.62596326144736,0.33319192000975767,44,64,,False,False,Request timeout: 300.0s exceeded,425,21.16838264042747
259,2026-09-14T02:19:03.591+00:00,2026-09-14T02:23:57.499+00:00,2026-09-14T02:24:03.610+00:00,False,103,102.0,,102.0,293908.653555,300019.571699,300019.5715,2912.8113737864082,0.0,293908.653555,28953.85123600995,94.7265105,59.91096219607844,65.91451193630043,0.33997782018812195,44,64,,False,False,Request timeout: 300.0s exceeded,480,21.16838264042747
260,2026-09-14T02:19:07.409+00:00,2026-09-14T02:24:01.550+00:00,2026-09-14T02:24:07.428+00:00,False,89,88.0,,88.0,294140.714745,300019.487993,300019.48795,3371.00548258427,0.02513,294140.714745,31171.778836169782,90.10022339999999,66.80424145454545,20.502991857608723,0.2933142796445716,44,64,,False,False,Request timeout: 300.0s exceeded,362,21.16838264042747
261,2026-09-14T02:19:11.454+00:00,2026-09-14T02:24:04.908+00:00,2026-09-14T02:24:11.475+00:00,False,101,100.0,,100.0,293453.75153500005,300020.30411100003,300020.30405800004,2970.4980599801984,0.04021,293453.75153500005,29193.212135781672,88.40962300000001,65.66552576,19.520906375292817,0.3333107747367741,44,64,,False,False,Request timeout: 300.0s exceeded,133,21.16838264042747
262,2026-09-14T02:19:15.234+00:00,2026-09-14T02:24:09.212+00:00,2026-09-14T02:24:15.247+00:00,False,89,88.0,,88.0,293978.491026,300012.926354,300012.92628200003,3370.931755977528,0.02584,293978.491026,31154.39495450927,87.9166538,68.57312872727273,19.39095144465281,0.29332069477621264,44,64,,False,False,Request timeout: 300.0s exceeded,354,21.16838264042747
263,2026-09-14T02:19:17.737+00:00,2026-09-14T02:24:11.775+00:00,2026-09-14T02:24:17.806+00:00,False,89,88.0,,88.0,294038.462015,300069.290303,300069.290359,3371.5650602134833,0.02118,294038.462015,31160.756915307178,89.66069500000002,68.53213963636364,20.50521940674205,0.2932655984594109,44,64,,False,False,Request timeout: 300.0s exceeded,403,21.16838264042747
264,2026-09-14T02:19:20.630+00:00,2026-09-14T02:24:14.398+00:00,2026-09-14T02:24:20.683+00:00,False,92,91.0,,91.0,293767.908213,300052.695669,300052.695672,3261.4423442608695,0.02208,293767.908213,30620.2275147233,88.4949671,69.06359841758243,19.70030908135374,0.30328006151421383,44,64,,False,False,Request timeout: 300.0s exceeded,461,21.16838264042747
265,2026-09-14T02:19:24.569+00:00,2026-09-14T02:24:18.481+00:00,2026-09-14T02:24:24.592+00:00,False,91,90.0,,90.0,293911.96462800005,300022.7517,300022.75166400004,3296.9533149890117,0.023219999999999998,293911.96462800005,30803.234374900836,89.96880000000002,67.89763413333334,19.961217123620433,0.2999772500253353,44,64,,False,False,Request timeout: 300.0s exceeded,445,21.16838264042747
266,2026-09-14T02:19:28.664+00:00,2026-09-14T02:24:22.286+00:00,2026-09-14T02:24:28.685+00:00,False,97,96.0,,96.0,293621.957131,300020.526859,300020.526988,3092.9951235876288,0.036588999999999997,293621.957131,29806.032161982446,89.27777760000001,66.651768,20.249151265130845,0.3199781061817711,44,64,,False,False,Request timeout: 300.0s exceeded,643,21.16838264042747
267,2026-09-14T02:19:32.450+00:00,2026-09-14T02:24:26.199+00:00,2026-09-14T02:24:32.520+00:00,False,96,95.0,,95.0,293748.83714099997,300069.72469299997,300069.72472399997,3125.726299208333,0.02068,293748.83714099997,29973.831045255996,88.278413,66.53565844210526,20.09535785201249,0.31659308548102977,44,64,,False,False,Request timeout: 300.0s exceeded,504,21.16838264042747
268,2026-09-14T02:19:36.173+00:00,2026-09-14T02:24:29.936+00:00,2026-09-14T02:24:36.218+00:00,False,92,91.0,,91.0,293763.036711,300044.791847,300044.79182600003,3261.3564328913044,0.03675,293763.036711,30619.723232029915,88.12749749999999,69.03027621978022,19.90711199415248,0.3032880505601413,44,64,,False,False,Request timeout: 300.0s exceeded,449,21.16838264042747
269,2026-09-14T02:19:38.583+00:00,2026-09-14T02:24:32.215+00:00,2026-09-14T02:24:38.630+00:00,False,95,94.0,,94.0,293631.43971299997,300047.232097,300047.23215399997,3158.391917410526,0.024239999999999998,293631.43971299997,30118.953794761754,88.299107,68.25311046808511,19.666607202315156,0.3132840097975356,44,64,,False,False,Request timeout: 300.0s exceeded,416,21.16838264042747
270,2026-09-14T02:19:41.866+00:00,2026-09-14T02:24:35.969+00:00,2026-09-14T02:24:41.911+00:00,False,85,84.0,,84.0,294102.934769,300045.130993,300045.130901,3529.942716482353,0.02309,294102.934769,31892.275252381547,89.55663939999998,70.74043123809524,19.65859664470843,0.279957884075645,44,64,,False,False,Request timeout: 300.0s exceeded,362,21.16838264042747
271,2026-09-14T02:19:44.847+00:00,2026-09-14T02:24:38.211+00:00,2026-09-14T02:24:44.906+00:00,False,95,94.0,,94.0,293364.707389,300059.451709,300059.451551,3158.5205426421053,0.045119,293364.707389,30091.28339178509,90.2365014,71.22068425531914,19.99879397059095,0.31327125162903363,44,64,,False,False,Request timeout: 300.0s exceeded,390,21.16838264042747
272,2026-09-14T02:19:48.914+00:00,2026-09-14T02:24:42.472+00:00,2026-09-14T02:24:48.957+00:00,False,108,107.0,,107.0,293557.895403,300042.906859,300042.906817,2778.1750631203704,0.01523,293557.895403,28242.573901304662,92.3715502,60.60758370093458,211.4560612061905,0.35661566247351023,44,64,,False,False,Request timeout: 300.0s exceeded,526,21.16838264042747
273,2026-09-14T02:19:52.507+00:00,2026-09-14T02:24:47.825+00:00,2026-09-14T02:24:52.574+00:00,False,71,70.0,,70.0,295318.54809399997,300067.272318,300067.272296,4226.299609802816,0.045450000000000004,295318.54809399997,35039.81985917856,93.7649425,67.83891748571429,22.68325832408434,0.23328102214964863,44,64,,False,False,Request timeout: 300.0s exceeded,316,21.16838264042747
274,2026-09-14T02:19:54.997+00:00,2026-09-14T02:24:48.960+00:00,2026-09-14T02:24:55.012+00:00,False,87,86.0,,86.0,293962.289368,300015.09628,300015.096266,3448.4493823678163,0.03464,293962.289368,31508.526528963743,90.51968199999999,70.38147572093024,20.660765351378007,0.2866522420583042,44,64,,False,False,Request timeout: 300.0s exceeded,422,21.16838264042747
275,2026-09-14T02:19:57.806+00:00,2026-09-14T02:24:51.609+00:00,2026-09-14T02:24:57.839+00:00,False,95,94.0,,94.0,293803.61874400004,300033.17983200005,300033.17963900004,3158.2439962000003,0.0,293803.61874400004,30136.895010779685,89.42264999999999,66.2719264680851,69.42157006613132,0.31329868267447675,44,64,,False,False,Request timeout: 300.0s exceeded,418,21.16838264042747
276,2026-09-14T02:20:00.319+00:00,2026-09-14T02:24:54.235+00:00,2026-09-14T02:25:00.333+00:00,False,94,93.0,,93.0,293916.010158,300014.090158,300014.09025999997,3191.639258085106,0.0,293916.010158,30308.437162173694,87.80784045,65.57075268817204,69.36391902327071,0.3099854408538689,44,64,,False,False,Request timeout: 300.0s exceeded,485,21.16838264042747
277,2026-09-14T02:20:04.351+00:00,2026-09-14T02:24:58.346+00:00,2026-09-14T02:25:04.437+00:00,False,92,91.0,,91.0,293995.180833,300085.566497,300085.566443,3261.79963525,0.03126,293995.180833,30644.144972862014,87.10530449999999,66.927314989011,19.592171578452383,0.30324684076703085,44,64,,False,False,Request timeout: 300.0s exceeded,402,21.16838264042747
278,2026-09-14T02:20:08.605+00:00,2026-09-14T02:25:02.381+00:00,2026-09-14T02:25:08.675+00:00,False,94,93.0,,93.0,293775.468202,300069.949098,300069.94900900003,3192.233500095745,0.03446,293775.468202,30293.65154008918,88.089175,67.6825902795699,19.97209467196377,0.30992773611471197,44,64,,False,False,Request timeout: 300.0s exceeded,500,21.16838264042747
279,2026-09-14T02:20:11.932+00:00,2026-09-14T02:25:05.669+00:00,2026-09-14T02:25:11.972+00:00,False,93,92.0,,92.0,293736.47283600003,300039.910404,300039.910494,3226.235596709678,0.036109,293736.47283600003,30451.955325834384,89.5663968,68.51562573913044,20.36288636684995,0.306625874791534,44,64,,False,False,Request timeout: 300.0s exceeded,444,21.16838264042747
280,2026-09-14T02:20:14.749+00:00,2026-09-14T02:25:08.677+00:00,2026-09-14T02:25:14.823+00:00,False,90,89.0,,89.0,293927.375654,300073.88112599996,300073.88108599995,3334.154234288889,0.03182,293927.375654,30975.392335706096,88.04992245000001,69.06185923595505,19.87305157196138,0.296593624430209,44,64,,False,False,Request timeout: 300.0s exceeded,130,21.16838264042747
281,2026-09-14T02:20:18.357+00:00,2026-09-14T02:25:12.229+00:00,2026-09-14T02:25:18.417+00:00,False,89,88.0,,88.0,293872.250444,300060.171852,300060.17188700003,3371.46260547191,0.02499,293872.250444,31142.949397655346,91.81186819999999,70.31728872727274,20.650974589192487,0.2932745104318764,44,64,,False,False,Request timeout: 300.0s exceeded,427,21.16838264042747
282,2026-09-14T02:20:22.542+00:00,2026-09-14T02:25:16.283+00:00,2026-09-14T02:25:22.603+00:00,False,94,93.0,,93.0,293741.591634,300061.622098,300061.622066,3192.144915595745,0.042889000000000004,293741.591634,30290.12981707232,89.67134865,67.9573168172043,21.03734556458373,0.30993633690891076,44,64,,False,False,Request timeout: 300.0s exceeded,370,21.16838264042747
283,2026-09-14T02:20:25.430+00:00,2026-09-14T02:25:19.016+00:00,2026-09-14T02:25:25.514+00:00,False,100,99.0,,99.0,293586.32204299996,300083.999867,300083.999891,3000.83999891,0.03574,293586.32204299996,29352.075881120556,88.15467250000002,65.63310933333334,20.356766834007953,0.329907626010976,44,64,,False,False,Request timeout: 300.0s exceeded,411,21.16838264042747
284,2026-09-14T02:20:27.874+00:00,2026-09-14T02:25:21.460+00:00,2026-09-14T02:25:27.946+00:00,False,99,98.0,,98.0,293585.59500599996,300071.68959799997,300071.689599,3031.027167666666,0.02518,293585.59500599996,29499.81817129792,90.67172489999999,66.18463869387755,21.112905294725696,0.3265886233096119,44,64,,False,False,Request timeout: 300.0s exceeded,232,21.16838264042747
285,2026-09-14T02:20:31.863+00:00,2026-09-14T02:25:25.513+00:00,2026-09-14T02:25:31.872+00:00,False,90,89.0,,89.0,293649.892963,300009.014883,300009.01469599997,3333.4334966222223,0.026019999999999998,293649.892963,30945.89149949197,92.40613884999999,71.45080808988763,20.21461356602499,0.29665775221690904,44,64,,False,False,Request timeout: 300.0s exceeded,378,21.16838264042747
286,2026-09-14T02:20:35.538+00:00,2026-09-14T02:25:29.362+00:00,2026-09-14T02:25:35.561+00:00,False,88,87.0,,87.0,293824.018669,300023.079917,300023.079798,3409.3531795227273,0.02343,293824.018669,31314.156506458934,90.79657735,71.25357756321839,20.342954631446684,0.2899776911298562,44,64,,False,False,Request timeout: 300.0s exceeded,407,21.16838264042747
287,2026-09-14T02:20:39.501+00:00,2026-09-14T02:25:33.398+00:00,2026-09-14T02:25:39.554+00:00,False,90,89.0,,89.0,293897.445057,300053.227457,300053.227507,3333.9247500777774,0.0432,293897.445057,30972.22585159932,87.5519294,69.16609438202246,19.010482858100108,0.2966140399631409,44,64,,False,False,Request timeout: 300.0s exceeded,410,21.16838264042747
288,2026-09-14T02:20:43.305+00:00,2026-09-14T02:25:36.762+00:00,2026-09-14T02:25:43.372+00:00,False,98,97.0,,97.0,293456.4118,300066.467736,300066.467631,3061.9027309285716,0.02241,293456.4118,29636.697071807128,87.95143535,68.14490655670103,19.937683811007922,0.32326171175294766,44,64,,False,False,Request timeout: 300.0s exceeded,402,21.16838264042747
289,2026-09-14T02:20:47.268+00:00,2026-09-14T02:25:40.931+00:00,2026-09-14T02:25:47.277+00:00,False,93,92.0,,92.0,293662.886946,300009.100578,300009.10058699996,3225.9043073870967,0.026199999999999998,293662.886946,30444.276621566012,90.515335,68.98058295652173,20.376618992488822,0.3066573641357947,44,64,,False,False,Request timeout: 300.0s exceeded,436,21.16838264042747
290,2026-09-14T02:20:49.743+00:00,2026-09-14T02:25:43.849+00:00,2026-09-14T02:25:49.827+00:00,False,85,84.0,,84.0,294106.50662199996,300083.99935799994,300083.999562,3530.399994847058,0.02801,294106.50662199996,31892.61727588822,89.3742516,71.1606278095238,19.950022861857548,0.2799216225447198,44,64,,False,False,Request timeout: 300.0s exceeded,307,21.16838264042747
291,2026-09-14T02:20:53.703+00:00,2026-09-14T02:25:47.452+00:00,2026-09-14T02:25:53.771+00:00,False,99,98.0,,98.0,293748.541784,300068.2246,300068.224527,3030.992166939394,0.0,293748.541784,29516.437301610902,87.79173400000002,64.48655934693878,68.71871396368992,0.3265923945483963,44,64,,False,False,Request timeout: 300.0s exceeded,399,21.16838264042747
292,2026-09-14T02:20:57.966+00:00,2026-09-14T02:25:51.825+00:00,2026-09-14T02:25:58.034+00:00,False,97,96.0,,96.0,293858.911033,300067.71615299996,300067.716098,3093.4816092577316,0.026928999999999998,293858.911033,29830.292739324712,91.0694598,64.67505333333334,21.483071558781457,0.31992778573704034,44,64,,False,False,Request timeout: 300.0s exceeded,449,21.16838264042747
293,2026-09-14T02:21:01.982+00:00,2026-09-14T02:25:55.719+00:00,2026-09-14T02:26:02.025+00:00,False,93,92.0,,92.0,293736.91513200005,300042.75346800004,300042.753344,3226.266164989248,0.04057,293736.91513200005,30451.99851214192,90.98118559999999,68.54172104347826,20.40529112524075,0.3066229693489729,44,64,,False,False,Request timeout: 300.0s exceeded,344,21.16838264042747
294,2026-09-14T02:21:04.391+00:00,2026-09-14T02:25:57.897+00:00,2026-09-14T02:26:04.427+00:00,False,94,93.0,,93.0,293506.44913,300036.33329000004,300036.33315900003,3191.875884670213,0.03811,293506.44913,30265.643535610136,89.9273775,70.21380817204302,20.371388152853516,0.3099624601468212,44,64,,False,False,Request timeout: 300.0s exceeded,304,21.16838264042747
295,2026-09-14T02:21:08.527+00:00,2026-09-14T02:26:01.847+00:00,2026-09-14T02:26:08.562+00:00,False,103,102.0,,102.0,293320.237336,300035.34568800003,300035.34567400004,2912.9645211067964,0.03625,293320.237336,28895.222191518114,89.2364202,65.83439560784313,20.60513913223774,0.3399599462726885,44,64,,False,False,Request timeout: 300.0s exceeded,335,21.16838264042747
296,2026-09-14T02:21:12.731+00:00,2026-09-14T02:26:06.470+00:00,2026-09-14T02:26:12.785+00:00,False,94,93.0,,93.0,293739.33391399996,300053.57647399994,300053.57649599994,3192.0593244255315,0.035689,293739.33391399996,30289.902970566152,89.5269045,67.8950812903226,20.44751170002017,0.30994464752883416,44,64,,False,False,Request timeout: 300.0s exceeded,415,21.16838264042747
297,2026-09-14T02:21:16.981+00:00,2026-09-14T02:26:10.533+00:00,2026-09-14T02:26:17.322+00:00,False,97,96.0,,96.0,293551.597161,300340.218217,300340.218222,3096.2909095051546,0.034409999999999996,293551.597161,29798.475105681537,88.5357748,70.71480266666667,19.41880321047436,0.31963751165233106,44,64,,False,False,Request timeout: 300.0s exceeded,411,21.16838264042747
298,2026-09-14T02:21:20.797+00:00,2026-09-14T02:26:14.434+00:00,2026-09-14T02:26:20.815+00:00,False,97,96.0,,96.0,293636.547103,300017.951519,300017.951624,3092.9685734432987,0.0228,293636.547103,29807.53199435448,88.3007648,66.47296266666666,20.676832829855957,0.3199808528588009,44,64,,False,False,Request timeout: 300.0s exceeded,599,21.16838264042747
299,2026-09-14T02:21:23.443+00:00,2026-09-14T02:26:17.190+00:00,2026-09-14T02:26:23.485+00:00,False,96,95.0,,95.0,293746.90490100003,300041.457477,300041.457516,3125.431849125,0.026170000000000002,293746.90490100003,29973.662665333773,89.536411,66.25844816842105,20.887435825043546,0.316622912043021,44,64,,False,False,Request timeout: 300.0s exceeded,219,21.16838264042747
300,2026-09-14T02:21:27.222+00:00,2026-09-14T02:26:20.770+00:00,2026-09-14T02:26:27.305+00:00,False,95,94.0,,94.0,293547.349214,300082.416606,300082.416471,3158.7622786421052,0.04178,293547.349214,30110.196467971313,90.02255810000001,69.52199353191489,20.21447000330553,0.3132472774085242,44,64,,False,False,Request timeout: 300.0s exceeded,443,21.16838264042747
301,2026-09-14T02:21:31.432+00:00,2026-09-14T02:26:24.935+00:00,2026-09-14T02:26:31.506+00:00,False,100,99.0,,99.0,293502.935291,300074.082299,300074.082521,3000.74082521,0.03875,293502.935291,29343.663416875745,89.70973495,66.3752223030303,20.96006360749318,0.32991852958948437,44,64,,False,False,Request timeout: 300.0s exceeded,279,21.16838264042747
302,2026-09-14T02:21:35.078+00:00,2026-09-14T02:26:28.858+00:00,2026-09-14T02:26:35.165+00:00,False,92,91.0,,91.0,293780.161856,300086.94662400003,300086.94652500004,3261.8146361413046,0.02103,293780.161856,30621.47995990531,88.6202766,69.30532712087911,19.88283719554873,0.30324544610739196,44,64,,False,False,Request timeout: 300.0s exceeded,385,21.16838264042747
303,2026-09-14T02:21:38.495+00:00,2026-09-14T02:26:32.173+00:00,2026-09-14T02:26:38.541+00:00,False,96,95.0,,95.0,293677.314864,300045.275952,300045.275784,3125.4716227500003,0.02716,293677.314864,29966.48061997954,87.69600250000002,67.03116934736842,19.879553296465996,0.31661888259556437,44,64,,False,False,Request timeout: 300.0s exceeded,363,21.16838264042747
304,2026-09-14T02:21:40.993+00:00,2026-09-14T02:26:34.780+00:00,2026-09-14T02:26:41.046+00:00,False,95,94.0,,94.0,293787.708301,300053.00135700003,300053.001549,3158.4526478842104,0.02428,293787.708301,30135.15121949655,89.3840197,66.65205378723405,20.193123796465695,0.3132779861387214,44,64,,False,False,Request timeout: 300.0s exceeded,404,21.16838264042747
305,2026-09-14T02:21:43.589+00:00,2026-09-14T02:26:37.098+00:00,2026-09-14T02:26:43.620+00:00,False,98,97.0,,97.0,293509.119501,300031.59553299996,300031.595615,3061.546894030612,0.023809999999999998,293509.119501,29642.11321257405,88.91250885,67.2420209484536,20.898689142051804,0.3232992839560163,44,64,,False,False,Request timeout: 300.0s exceeded,252,21.16838264042747
306,2026-09-14T02:21:46.542+00:00,2026-09-14T02:26:40.434+00:00,2026-09-14T02:26:46.572+00:00,False,97,96.0,,96.0,293892.337502,300029.693278,300029.69328099996,3093.089621453608,0.0,293892.337502,29833.823413511578,88.890308,63.93078933333334,64.4156634936582,0.3199683303047236,44,64,,False,False,Request timeout: 300.0s exceeded,413,21.16838264042747
307,2026-09-14T02:21:50.672+00:00,2026-09-14T02:26:44.572+00:00,2026-09-14T02:26:50.694+00:00,False,99,98.0,,98.0,293900.066879,300022.178111,300022.177989,3030.527050393939,0.0,293900.066879,29531.85833796414,93.20854599999998,62.470522775510204,64.0504727700136,0.3266425189531912,44,64,,False,False,Request timeout: 300.0s exceeded,420,21.16838264042747
308,2026-09-14T02:21:53.257+00:00,2026-09-14T02:26:47.659+00:00,2026-09-14T02:26:53.269+00:00,False,86,85.0,,85.0,294402.4945,300011.896356,300011.89619199996,3488.510420837209,0.04112,294402.4945,31739.127508172092,87.68866475,65.9929630117647,20.104094172304098,0.2833220983315186,44,64,,False,False,Request timeout: 300.0s exceeded,429,21.16838264042747
309,2026-09-14T02:21:57.193+00:00,2026-09-14T02:26:51.043+00:00,2026-09-14T02:26:57.233+00:00,False,92,91.0,,91.0,293850.24824800005,300040.44856800005,300040.4486930001,3261.3092249239135,0.089089,293850.24824800005,30628.92009872987,88.05647049999999,68.02417934065933,19.185684005540903,0.30329244085027457,44,64,,False,False,Request timeout: 300.0s exceeded,418,21.16838264042747
310,2026-09-14T02:22:00.671+00:00,2026-09-14T02:26:54.660+00:00,2026-09-14T02:27:00.690+00:00,False,89,88.0,,88.0,293988.915778,300018.89261000004,300018.892431,3370.998791359551,0.0373,293988.915778,31155.50613691009,90.30337680000001,68.522464,20.63570140093614,0.29331486172236754,44,64,,False,False,Request timeout: 300.0s exceeded,403,21.16838264042747
311,2026-09-14T02:22:03.028+00:00,2026-09-14T02:26:56.907+00:00,2026-09-14T02:27:03.074+00:00,False,88,87.0,,87.0,293879.612968,300045.98532,300045.985253,3409.613468784091,0.02574,293879.612968,31320.12245447223,88.63634285,70.87784312643679,19.587070442244876,0.2899555543368268,44,64,,False,False,Request timeout: 300.0s exceeded,297,21.16838264042747
312,2026-09-14T02:22:05.423+00:00,2026-09-14T02:26:59.189+00:00,2026-09-14T02:27:05.526+00:00,False,93,92.0,,92.0,293765.472911,300102.918543,300102.918405,3226.9131011290324,0.02155,293765.472911,30454.923888902376,88.8410866,68.88527860869566,19.94580442129008,0.3065614971245868,44,64,,False,False,Request timeout: 300.0s exceeded,431,21.16838264042747
313,2026-09-14T02:22:08.669+00:00,2026-09-14T02:27:02.148+00:00,2026-09-14T02:27:08.740+00:00,False,99,98.0,,98.0,293478.985565,300071.581533,300071.581512,3031.0260758787877,0.03049,293478.985565,29488.99345420234,88.585149,67.27138742857143,19.8839731538343,0.3265887409242137,44,64,,False,False,Request timeout: 300.0s exceeded,496,21.16838264042747
314,2026-09-14T02:22:11.895+00:00,2026-09-14T02:27:05.692+00:00,2026-09-14T02:27:12.375+00:00,False,99,98.0,,98.0,293797.014265,300480.076793,300480.07677,3035.1522906060604,0.027800000000000002,293797.014265,29520.863894246406,88.2245309,68.19451559183673,20.090054810138064,0.32614475157869444,44,64,,False,False,Request timeout: 300.0s exceeded,477,21.16838264042747
315,2026-09-14T02:22:14.477+00:00,2026-09-14T02:27:08.484+00:00,2026-09-14T02:27:14.552+00:00,False,91,90.0,,90.0,294006.678834,300074.919474,300074.919337,3297.5265861208795,0.03821,294006.678834,30813.21288922589,88.31206350000001,67.424896,20.291404775237858,0.29992509923108734,44,64,,False,False,Request timeout: 300.0s exceeded,430,21.16838264042747
316,2026-09-14T02:22:18.183+00:00,2026-09-14T02:27:12.071+00:00,2026-09-14T02:27:18.235+00:00,False,95,94.0,,94.0,293887.92390600004,300052.425922,300052.42599500006,3158.446589421053,0.0219,293887.92390600004,30145.543766329414,89.445553,65.57980868085106,21.129369926497272,0.31327858693745647,44,64,,False,False,Request timeout: 300.0s exceeded,309,21.16838264042747
317,2026-09-14T02:22:20.502+00:00,2026-09-14T02:27:14.165+00:00,2026-09-14T02:27:20.544+00:00,False,98,97.0,,97.0,293662.33674400003,300041.530344,300041.53040000005,3061.6482693877556,0.036109999999999996,293662.33674400003,29657.739506007765,88.91838870000001,65.76488247422681,20.617101086241373,0.323288579047003,44,64,,False,False,Request timeout: 300.0s exceeded,365,21.16838264042747
318,2026-09-14T02:22:23.536+00:00,2026-09-14T02:27:17.200+00:00,2026-09-14T02:27:23.584+00:00,False,93,92.0,,92.0,293663.60876200005,300047.89727400005,300047.89732800005,3226.321476645162,0.03429,293663.60876200005,30444.308281896923,88.9806982,69.39444034782609,19.95931925027046,0.3066177128246519,44,64,,False,False,Request timeout: 300.0s exceeded,363,21.16838264042747
319,2026-09-14T02:22:26.273+00:00,2026-09-14T02:27:20.331+00:00,2026-09-14T02:27:26.299+00:00,False,83,82.0,,82.0,294058.07764,300026.266824,300026.266915,3614.7743001807225,0.01989,294058.07764,32269.083565912733,89.69909200000001,72.78279492682927,18.484300185792968,0.2733094034333416,44,64,,False,False,Request timeout: 300.0s exceeded,243,21.16838264042747
320,2026-09-14T02:22:29.115+00:00,2026-09-14T02:27:22.729+00:00,2026-09-14T02:27:29.181+00:00,False,94,93.0,,93.0,293614.457168,300066.889808,300066.889761,3192.2009549042555,0.02437,293614.457168,30276.869174981723,88.81497185,69.38099612903225,19.70774475463453,0.3099308959395911,44,64,,False,False,Request timeout: 300.0s exceeded,490,21.16838264042747
321,2026-09-14T02:22:31.854+00:00,2026-09-14T02:27:25.676+00:00,2026-09-14T02:27:31.913+00:00,False,95,94.0,,94.0,293821.306032,300059.18404799997,300059.18401799997,3158.517726505263,0.03572,293821.306032,30138.62796202669,88.1653457,66.36040442553191,19.83696339558478,0.31327153107555933,44,64,,False,False,Request timeout: 300.0s exceeded,390,21.16838264042747
322,2026-09-14T02:22:35.466+00:00,2026-09-14T02:27:29.436+00:00,2026-09-14T02:27:35.482+00:00,False,93,92.0,,92.0,293969.91642,300016.025604,300016.025541,3225.978769258065,0.02293,293969.91642,30476.452251433388,87.500969,65.71857808695653,20.239175656545363,0.3066502858131769,44,64,,False,False,Request timeout: 300.0s exceeded,307,21.16838264042747
323,2026-09-14T02:22:39.431+00:00,2026-09-14T02:27:33.270+00:00,2026-09-14T02:27:39.478+00:00,False,92,91.0,,91.0,293839.206109,300047.64514900005,300047.64515600004,3261.3874473478263,0.02183,293839.206109,30627.748573126737,89.19823360000001,68.22460483516483,20.119200381202408,0.3032851664435176,44,64,,False,False,Request timeout: 300.0s exceeded,196,21.16838264042747
324,2026-09-14T02:22:43.518+00:00,2026-09-14T02:27:37.127+00:00,2026-09-14T02:27:43.562+00:00,False,98,97.0,,97.0,293609.704734,300043.940894,300043.94101500005,3061.6728675000004,0.0,293609.704734,29652.436259829057,91.67192784999999,66.33233154639176,68.28002112561785,0.32328598174981416,44,64,,False,False,Request timeout: 300.0s exceeded,239,21.16838264042747
325,2026-09-14T02:22:46.214+00:00,2026-09-14T02:27:39.994+00:00,2026-09-14T02:27:46.269+00:00,False,100,99.0,,99.0,293779.292607,300054.408383,300054.408404,3000.5440840399997,0.0,293779.292607,29371.668023020247,89.01768684999999,63.385007838383835,67.71265363270082,0.329940161631063,44,64,,False,False,Request timeout: 300.0s exceeded,463,21.16838264042747
326,2026-09-14T02:22:48.792+00:00,2026-09-14T02:27:42.581+00:00,2026-09-14T02:27:48.825+00:00,False,96,95.0,,95.0,293789.002168,300033.506488,300033.50630999997,3125.3490240624997,0.02068,293789.002168,29978.012943974398,88.51958275000001,65.73162442105263,20.8531857909026,0.316631302656857,44,64,,False,False,Request timeout: 300.0s exceeded,468,21.16838264042747
327,2026-09-14T02:22:51.444+00:00,2026-09-14T02:27:45.255+00:00,2026-09-14T02:27:51.471+00:00,False,91,90.0,,90.0,293811.612001,300027.86569699994,300027.865643,3297.0095125604394,0.022420000000000002,293811.612001,30792.592141551875,88.94575700000001,69.06948551111111,20.608314514273566,0.29997213689108326,44,64,,False,False,Request timeout: 300.0s exceeded,363,21.16838264042747
328,2026-09-14T02:22:54.796+00:00,2026-09-14T02:27:48.363+00:00,2026-09-14T02:27:54.863+00:00,False,93,92.0,,92.0,293567.17875900003,300066.852359,300066.852442,3226.5252950752692,0.02219,293567.17875900003,30434.17850876105,88.3027336,70.64862608695651,19.338041976041747,0.30659834392481045,44,64,,False,False,Request timeout: 300.0s exceeded,393,21.16838264042747
329,2026-09-14T02:22:58.437+00:00,2026-09-14T02:27:51.882+00:00,2026-09-14T02:27:58.479+00:00,False,99,98.0,,98.0,293444.646139,300041.891067,300041.89106600004,3030.7261723838387,0.03756,293444.646139,29485.53836111461,89.41959760000002,67.31882579591836,21.212063407006976,0.32662105831787464,44,64,,False,False,Request timeout: 300.0s exceeded,612,21.16838264042747
330,2026-09-14T02:23:02.734+00:00,2026-09-14T02:27:56.455+00:00,2026-09-14T02:28:02.818+00:00,False,97,96.0,,96.0,293721.839065,300084.036569,300084.036569,3093.6498615360824,0.038310000000000004,293721.839065,29816.212233964445,89.2586472,66.27289066666667,20.44336739912625,0.31991038609588346,44,64,,False,False,Request timeout: 300.0s exceeded,411,21.16838264042747
331,2026-09-14T02:23:05.561+00:00,2026-09-14T02:27:58.726+00:00,2026-09-14T02:28:05.594+00:00,False,104,103.0,,103.0,293165.51474,300033.626868,300033.626906,2884.93872025,0.016800000000000002,293165.51474,28740.712156441245,89.91078929999999,66.68070027184466,19.98924013064038,0.34329485356424705,44,64,,False,False,Request timeout: 300.0s exceeded,479,21.16838264042747
332,2026-09-14T02:23:08.049+00:00,2026-09-14T02:28:01.644+00:00,2026-09-14T02:28:08.058+00:00,False,96,95.0,,95.0,293594.710236,300008.832988,300008.83290000004,3125.092009375,0.04077,293594.710236,29958.000467039834,89.27890074999999,67.5170816,20.238849956945923,0.31665734323162376,44,64,,False,False,Request timeout: 300.0s exceeded,431,21.16838264042747
333,2026-09-14T02:23:10.621+00:00,2026-09-14T02:28:04.002+00:00,2026-09-14T02:28:10.650+00:00,False,98,97.0,,97.0,293380.42107,300028.79534199997,300028.795389,3061.5183202959183,0.05454,293380.42107,29628.981464325516,91.14791555,68.5399409484536,20.701454571111,0.32330230133221255,44,64,,False,False,Request timeout: 300.0s exceeded,410,21.16838264042747
334,2026-09-14T02:23:13.783+00:00,2026-09-14T02:28:07.812+00:00,2026-09-14T02:28:14.714+00:00,False,63,62.0,,62.0,294029.096861,300931.352989,300931.352944,4776.688141968254,0.05657,294029.096861,37031.66920773873,91.8502103,111.32671174193548,337.2386769167077,0.20602705362596863,44,64,,False,False,Request timeout: 300.0s exceeded,234,21.16838264042747
335,2026-09-14T02:23:17.306+00:00,2026-09-14T02:28:11.075+00:00,2026-09-14T02:28:17.374+00:00,False,105,104.0,,104.0,293769.753961,300068.298601,300068.298491,2857.793318961905,0.01537,293769.753961,28664.32581899442,96.1352508,60.562929230769235,268.3126313208986,0.3465877618024839,44,64,,False,False,Request timeout: 300.0s exceeded,486,21.16838264042747
336,2026-09-14T02:23:20.058+00:00,2026-09-14T02:28:15.093+00:00,2026-09-14T02:28:20.071+00:00,False,76,75.0,,75.0,295035.107249,300012.449969,300012.449982,3947.5322366052633,0.038270000000000005,295035.107249,33835.24211936832,90.23765999999999,66.3645696,21.64979109427443,0.24998962545637582,44,64,,False,False,Request timeout: 300.0s exceeded,284,21.16838264042747
337,2026-09-14T02:23:22.618+00:00,2026-09-14T02:28:16.408+00:00,2026-09-14T02:28:22.678+00:00,False,90,89.0,,89.0,293789.80402100005,300059.541237,300059.54135600006,3333.994903955556,0.03564,293789.80402100005,30960.744963041994,89.95034894999999,70.44648557303371,19.715441212006148,0.29660779868254195,44,64,,False,False,Request timeout: 300.0s exceeded,437,21.16838264042747
338,2026-09-14T02:23:25.834+00:00,2026-09-14T02:28:19.295+00:00,2026-09-14T02:28:25.865+00:00,False,97,96.0,,96.0,293461.402489,300031.772025,300031.772059,3093.1110521546393,0.029109000000000003,293461.402489,29789.54856266143,88.20927180000001,68.44134933333333,20.182540829852037,0.3199661134288166,44,64,,False,False,Request timeout: 300.0s exceeded,398,21.16838264042747
339,2026-09-14T02:23:28.342+00:00,2026-09-14T02:28:21.833+00:00,2026-09-14T02:28:28.373+00:00,False,96,95.0,,95.0,293490.453551,300030.813231,300030.813234,3125.3209711874997,0.038339,293490.453551,29947.224543743825,92.256663,68.84589136842105,20.753911146740997,0.31663414492983266,44,64,,False,False,Request timeout: 300.0s exceeded,401,21.16838264042747
340,2026-09-14T02:23:31.748+00:00,2026-09-14T02:28:25.173+00:00,2026-09-14T02:28:31.784+00:00,False,100,99.0,,99.0,293424.616056,300036.12172,300036.121729,3000.36121729,0.04265,293424.616056,29335.790278536377,88.56983450000001,66.7828854949495,20.312805803305814,0.32996027089161245,44,64,,False,False,Request timeout: 300.0s exceeded,453,21.16838264042747
341,2026-09-14T02:23:34.450+00:00,2026-09-14T02:28:28.498+00:00,2026-09-14T02:28:34.481+00:00,False,87,86.0,,86.0,294048.124493,300031.019853,300031.019943,3448.6324131379306,0.04287,294048.124493,31517.816029922044,89.7123473,69.56855069767443,20.438878592559146,0.2866370285383679,44,64,,False,False,Request timeout: 300.0s exceeded,441,21.16838264042747
342,2026-09-14T02:23:37.763+00:00,2026-09-14T02:28:31.606+00:00,2026-09-14T02:28:37.780+00:00,False,89,88.0,,88.0,293842.114092,300016.63927600003,300016.639128,3370.9734733483147,0.0,293842.114092,31139.83761890393,90.25507139999999,70.1650589090909,67.95299611449987,0.2933170647213486,44,64,,False,False,Request timeout: 300.0s exceeded,263,21.16838264042747
343,2026-09-14T02:23:40.987+00:00,2026-09-14T02:28:34.870+00:00,2026-09-14T02:28:41.009+00:00,False,94,93.0,,93.0,293883.083769,300021.385721,300021.385781,3191.7168700106386,0.0,293883.083769,30304.990519464995,88.791852,66.00324679569893,66.68636876177489,0.3099779029968345,44,64,,False,False,Request timeout: 300.0s exceeded,413,21.16838264042747
344,2026-09-14T02:23:43.977+00:00,2026-09-14T02:28:37.994+00:00,2026-09-14T02:28:43.989+00:00,False,90,89.0,,89.0,294017.035681,300012.676513,300012.676354,3333.4741817111108,0.02308,294017.035681,30985.021907192026,86.92515945,67.36675092134831,19.70917204552853,0.29665413153348374,44,64,,False,False,Request timeout: 300.0s exceeded,234,21.16838264042747
345,2026-09-14T02:23:47.805+00:00,2026-09-14T02:28:41.672+00:00,2026-09-14T02:28:47.860+00:00,False,92,91.0,,91.0,293866.970612,300055.57784399996,300055.578078,3261.4736747608695,0.02945,293866.970612,30630.66598590448,89.70716554999998,68.00667287912088,20.18549432584547,0.3032771483665311,44,64,,False,False,Request timeout: 300.0s exceeded,488,21.16838264042747
346,2026-09-14T02:23:50.920+00:00,2026-09-14T02:28:44.356+00:00,2026-09-14T02:28:50.972+00:00,False,99,98.0,,98.0,293435.974897,300052.130545,300052.13045,3030.8296005050506,0.05062,293435.974897,29484.646703001534,89.06796990000001,67.51179232653061,20.098756666902677,0.3266099121575894,44,64,,False,False,Request timeout: 300.0s exceeded,427,21.16838264042747
347,2026-09-14T02:23:55.209+00:00,2026-09-14T02:28:49.070+00:00,2026-09-14T02:28:55.286+00:00,False,94,93.0,,93.0,293860.661837,300076.576333,300076.576125,3192.3040013297873,0.02603,293860.661837,30302.526013399638,90.647062,66.83779027956989,20.409157550189853,0.3099208913154099,44,64,,False,False,Request timeout: 300.0s exceeded,424,21.16838264042747
348,2026-09-14T02:23:58.866+00:00,2026-09-14T02:28:52.349+00:00,2026-09-14T02:28:58.910+00:00,False,96,95.0,,95.0,293482.980997,300044.002949,300044.003096,3125.4583655833335,0.020559,293482.980997,29946.439849620674,89.63868325000001,69.06338896842105,20.998118156052104,0.31662022592115474,44,64,,False,False,Request timeout: 300.0s exceeded,440,21.16838264042747
349,2026-09-14T02:24:02.174+00:00,2026-09-14T02:28:55.776+00:00,2026-09-14T02:29:02.217+00:00,False,95,94.0,,94.0,293602.079849,300042.77514499996,300042.77521299996,3158.345002242105,0.01921,293602.079849,30115.915003470043,89.0468667,68.5180350638298,20.64413058749191,0.31328866343998174,44,64,,False,False,Request timeout: 300.0s exceeded,458,21.16838264042747
350,2026-09-14T02:24:05.136+00:00,2026-09-14T02:28:58.653+00:00,2026-09-14T02:29:05.182+00:00,False,97,96.0,,96.0,293517.86337800004,300046.61141,300046.611426,3093.264035319588,0.03254,293517.86337800004,29795.325952232877,93.13761680000002,68.007792,21.108705548099138,0.3199502888863503,44,64,,False,False,Request timeout: 300.0s exceeded,397,21.16838264042747
351,2026-09-14T02:24:08.053+00:00,2026-09-14T02:29:01.652+00:00,2026-09-14T02:29:08.072+00:00,False,94,93.0,,93.0,293599.02654000005,300018.42750000005,300018.42751800007,3191.6853991276603,0.09281,293599.02654000005,30275.315227184972,92.42205399999999,69.02581677419356,21.154414359543033,0.3099809594195676,44,64,,False,False,Request timeout: 300.0s exceeded,466,21.16838264042747
352,2026-09-14T02:24:11.723+00:00,2026-09-14T02:29:05.474+00:00,2026-09-14T02:29:11.746+00:00,False,92,91.0,,91.0,293750.513193,300022.41872899997,300022.418523,3261.1132448152175,0.01686,293750.513193,30618.429441905544,90.9021375,68.92203885714285,20.807217934337135,0.30331066720116406,44,64,,False,False,Request timeout: 300.0s exceeded,334,21.16838264042747
353,2026-09-14T02:24:15.929+00:00,2026-09-14T02:29:09.695+00:00,2026-09-14T02:29:15.962+00:00,False,96,95.0,,95.0,293765.486385,300032.429617,300032.429675,3125.3378091145833,0.019280000000000002,293765.486385,29975.58825583056,87.83007275,65.96782349473685,20.09570424452748,0.3166324391042336,44,64,,False,False,Request timeout: 300.0s exceeded,392,21.16838264042747
354,2026-09-14T02:24:19.115+00:00,2026-09-14T02:29:12.720+00:00,2026-09-14T02:29:19.138+00:00,False,99,98.0,,98.0,293604.589996,300022.903212,300022.90325699997,3030.534376333333,0.049229999999999996,293604.589996,29501.79607227709,86.66382389999998,65.492992,20.130205337986823,0.3266417295174028,44,64,,False,False,Request timeout: 300.0s exceeded,242,21.16838264042747
355,2026-09-14T02:24:23.080+00:00,2026-09-14T02:29:16.777+00:00,2026-09-14T02:29:23.158+00:00,False,93,92.0,,92.0,293696.538745,300077.761401,300077.76137400005,3226.642595419355,0.032659999999999995,293696.538745,30447.726679268275,90.5944126,69.36111582608696,20.35976376008914,0.306587197833226,44,64,,False,False,Request timeout: 300.0s exceeded,472,21.16838264042747
356,2026-09-14T02:24:26.802+00:00,2026-09-14T02:29:20.426+00:00,2026-09-14T02:29:26.889+00:00,False,90,89.0,,89.0,293623.815501,300086.314317,300086.314419,3334.292382433333,0.02291,293623.815501,30943.019893813846,90.0712309,72.61234624719101,19.644269380451306,0.2965813359485089,44,64,,False,False,Request timeout: 300.0s exceeded,376,21.16838264042747
357,2026-09-14T02:24:29.373+00:00,2026-09-14T02:29:23.067+00:00,2026-09-14T02:29:29.422+00:00,False,91,90.0,,90.0,293693.350736,300048.96392,300048.964009,3297.2413627362635,0.01656,293693.350736,30780.03242302265,90.44105400000001,70.61792426666666,20.22481919523483,0.2999510440702474,44,64,,False,False,Request timeout: 300.0s exceeded,440,21.16838264042747
358,2026-09-14T02:24:32.863+00:00,2026-09-14T02:29:26.635+00:00,2026-09-14T02:29:33.062+00:00,False,89,88.0,,88.0,293772.682881,300199.691137,300199.691014,3373.0302361123595,0.03334,293772.682881,31132.163215032553,90.3825214,73.03418472727273,62.84845296946069,0.293138209658717,44,64,,False,False,Request timeout: 300.0s exceeded,359,21.16838264042747
359,2026-09-14T02:24:36.635+00:00,2026-09-14T02:29:30.701+00:00,2026-09-14T02:29:36.709+00:00,False,98,97.0,,97.0,294065.300246,300073.88367,300073.883652,3061.978404612245,0.0,294065.300246,29698.89334858465,89.39519899999999,61.94415901030928,64.5949493691106,0.3232537227620706,44,64,,False,False,Request timeout: 300.0s exceeded,402,21.16838264042747
360,2026-09-14T02:24:40.288+00:00,2026-09-14T02:29:34.245+00:00,2026-09-14T02:29:40.297+00:00,False,91,90.0,,90.0,293957.135547,300009.823163,300009.8232,3296.8112439560437,0.020329999999999997,293957.135547,30808.037662692997,89.30517650000002,67.25208462222221,20.603225395926664,0.2999901771586379,44,64,,False,False,Request timeout: 300.0s exceeded,420,21.16838264042747
361,2026-09-14T02:24:43.994+00:00,2026-09-14T02:29:37.598+00:00,2026-09-14T02:29:44.035+00:00,False,98,97.0,,97.0,293604.429345,300041.049633,300041.04964700004,3061.643363744898,0.036709000000000006,293604.429345,29651.830069185155,88.71681000000001,66.35691018556702,20.465688682347647,0.3232890970040503,44,64,,False,False,Request timeout: 300.0s exceeded,468,21.16838264042747
362,2026-09-14T02:24:47.555+00:00,2026-09-14T02:29:41.082+00:00,2026-09-14T02:29:47.685+00:00,False,103,102.0,,102.0,293527.74512,300129.991008,300129.991023,2913.883407990291,0.02784,293527.74512,28915.777710593975,90.7302672,64.7279008627451,20.814696601500177,0.3398527406655644,44,64,,False,False,Request timeout: 300.0s exceeded,382,21.16838264042747
363,2026-09-14T02:24:49.601+00:00,2026-09-14T02:29:43.236+00:00,2026-09-14T02:29:49.676+00:00,False,102,101.0,,101.0,293634.257216,300074.989632,300074.98949,2941.9116616666665,0.03264,293634.257216,29067.817581036168,90.56935355,63.769627881188114,21.514736247806358,0.3365825326657926,44,64,,False,False,Request timeout: 300.0s exceeded,434,21.16838264042747
364,2026-09-14T02:24:52.903+00:00,2026-09-14T02:29:46.532+00:00,2026-09-14T02:29:52.941+00:00,False,101,100.0,,100.0,293628.778341,300037.417061,300037.417123,2970.667496267327,0.02638,293628.778341,29210.78652131687,91.062698,64.0863872,21.589748528114434,0.33329176400578464,44,64,,False,False,Request timeout: 300.0s exceeded,459,21.16838264042747
365,2026-09-14T02:24:55.805+00:00,2026-09-14T02:29:49.587+00:00,2026-09-14T02:29:55.846+00:00,False,90,89.0,,89.0,293781.96766,300040.92164400005,300040.921517,3333.7880168555557,0.04262,293781.96766,30959.931824388805,89.4006165,70.32532566292136,19.896424811529652,0.2966262052267621,44,64,,False,False,Request timeout: 300.0s exceeded,410,21.16838264042747
366,2026-09-14T02:24:59.264+00:00,2026-09-14T02:29:53.101+00:00,2026-09-14T02:29:59.341+00:00,False,92,91.0,,91.0,293837.25460600003,300077.270734,300077.270803,3261.7094652500004,0.03588,293837.25460600003,30627.509527577276,88.50621309999998,68.5716058021978,21.007845029416192,0.30325522415413425,44,64,,False,False,Request timeout: 300.0s exceeded,393,21.16838264042747
367,2026-09-14T02:25:02.922+00:00,2026-09-14T02:29:56.343+00:00,2026-09-14T02:30:02.970+00:00,False,98,97.0,,97.0,293421.06265700003,300048.516865,300048.516696,3061.719558122449,0.038090000000000006,293421.06265700003,29633.10880673096,89.42839635,68.324270185567,20.898493311162742,0.3232810513895756,44,64,,False,False,Request timeout: 300.0s exceeded,499,21.16838264042747
368,2026-09-14T02:25:05.356+00:00,2026-09-14T02:29:59.338+00:00,2026-09-14T02:30:05.390+00:00,False,88,87.0,,87.0,293981.881254,300033.764006,300033.763889,3409.4745896477275,0.03495,293981.881254,31331.164795481105,89.27091435,69.56187071264368,19.94628864889044,0.2899673651338127,44,64,,False,False,Request timeout: 300.0s exceeded,429,21.16838264042747
369,2026-09-14T02:25:09.216+00:00,2026-09-14T02:30:02.797+00:00,2026-09-14T02:30:09.260+00:00,False,96,95.0,,95.0,293581.143074,300044.414242,300044.41428,3125.4626487500004,0.01669,293581.143074,29956.56326117002,90.404319,68.03443334736842,20.666081561721363,0.31661979190646755,44,64,,False,False,Request timeout: 300.0s exceeded,454,21.16838264042747
370,2026-09-14T02:25:12.011+00:00,2026-09-14T02:30:05.646+00:00,2026-09-14T02:30:12.079+00:00,False,95,94.0,,94.0,293635.014051,300067.669923,300067.669831,3158.607050852632,0.04426,293635.014051,30119.30274321788,90.07590970000001,68.43250927659574,20.626082837065248,0.31326267179706907,44,64,,False,False,Request timeout: 300.0s exceeded,414,21.16838264042747
371,2026-09-14T02:25:15.749+00:00,2026-09-14T02:30:09.350+00:00,2026-09-14T02:30:15.789+00:00,False,98,97.0,,97.0,293600.760326,300040.17101399996,300040.170912,3061.6343970612243,0.02438,293600.760326,29651.45659876492,88.37147135,66.38567719587628,20.556487277633664,0.3232900437037611,44,64,,False,False,Request timeout: 300.0s exceeded,236,21.16838264042747
372,2026-09-14T02:25:19.260+00:00,2026-09-14T02:30:12.825+00:00,2026-09-14T02:30:19.267+00:00,False,99,98.0,,98.0,293565.028514,300006.85046600003,300006.850456,3030.3722268282827,0.02988,293565.028514,29497.795858587902,87.323526,65.73287706122449,20.090521775420594,0.32665920744068605,44,64,,False,False,Request timeout: 300.0s exceeded,321,21.16838264042747
373,2026-09-14T02:25:23.184+00:00,2026-09-14T02:30:16.570+00:00,2026-09-14T02:30:23.221+00:00,False,98,97.0,,97.0,293385.958416,300036.902928,300036.903046,3061.601051489796,0.03543,293385.958416,29629.537541727488,88.5470945,68.56643826804124,19.81146572475142,0.3232935650694846,44,64,,False,False,Request timeout: 300.0s exceeded,216,21.16838264042747
374,2026-09-14T02:25:26.296+00:00,2026-09-14T02:30:19.826+00:00,2026-09-14T02:30:26.322+00:00,False,93,92.0,,92.0,293530.16384399997,300026.40576399997,300026.40577099996,3226.090384634408,0.02583,293530.16384399997,30430.34437203087,90.042294,70.6113252173913,19.751054932851197,0.3066396764835658,44,64,,False,False,Request timeout: 300.0s exceeded,425,21.16838264042747
375,2026-09-14T02:25:28.734+00:00,2026-09-14T02:30:22.303+00:00,2026-09-14T02:30:28.746+00:00,False,99,98.0,,98.0,293568.599593,300011.503657,300011.503472,3030.419226989899,0.0,293568.599593,29498.218856050593,92.54481089999999,65.74391902040816,65.49701163502975,0.3266541409426832,44,64,,False,False,Request timeout: 300.0s exceeded,455,21.16838264042747
376,2026-09-14T02:25:32.912+00:00,2026-09-14T02:30:26.536+00:00,2026-09-14T02:30:32.970+00:00,False,105,104.0,,104.0,293624.525198,300058.350478,300058.350476,2857.698575961905,0.0,293624.525198,28648.852017613903,89.867373,61.86370461538461,63.51997845114598,0.3465992525597956,44,64,,False,False,Request timeout: 300.0s exceeded,204,21.16838264042747
377,2026-09-14T02:25:36.519+00:00,2026-09-14T02:30:30.101+00:00,2026-09-14T02:30:36.531+00:00,False,94,93.0,,93.0,293582.53094,300012.60300400003,300012.602947,3191.6234356063833,0.02518,293582.53094,30273.601812059544,89.8010355,69.14055982795699,20.878377344843788,0.30998697744294446,44,64,,False,False,Request timeout: 300.0s exceeded,136,21.16838264042747
378,2026-09-14T02:25:40.371+00:00,2026-09-14T02:30:34.020+00:00,2026-09-14T02:30:40.388+00:00,False,93,92.0,,92.0,293648.698474,300016.27735399996,300016.27726199996,3225.9814759354836,0.02002,293648.698474,30442.781362527163,89.988236,69.21281391304349,20.523742111121145,0.30665002849644024,44,64,,False,False,Request timeout: 300.0s exceeded,347,21.16838264042747
379,2026-09-14T02:25:43.637+00:00,2026-09-14T02:30:37.017+00:00,2026-09-14T02:30:43.711+00:00,False,101,100.0,,100.0,293379.732064,300074.039392,300074.039322,2971.0300922970296,0.0346,293379.732064,29185.72053380361,89.609661,66.94307328000001,20.593478242163016,0.33325108764029254,44,64,,False,False,Request timeout: 300.0s exceeded,374,21.16838264042747
380,2026-09-14T02:25:46.073+00:00,2026-09-14T02:30:39.736+00:00,2026-09-14T02:30:46.097+00:00,False,97,96.0,,96.0,293663.010106,300024.126778,300024.126898,3093.0322360618557,0.04003,293663.010106,29810.239988056568,88.25685,66.261632,20.12476918521714,0.31997426683966085,44,64,,False,False,Request timeout: 300.0s exceeded,477,21.16838264042747
381,2026-09-14T02:25:49.258+00:00,2026-09-14T02:30:42.525+00:00,2026-09-14T02:30:49.270+00:00,False,100,99.0,,99.0,293267.185143,300012.27621499996,300012.27611499996,3000.12276115,0.02904,293267.185143,29319.912369930873,89.28277355,68.13223305050505,20.47770961247588,0.32998649671606406,44,64,,False,False,Request timeout: 300.0s exceeded,520,21.16838264042747
382,2026-09-14T02:25:52.386+00:00,2026-09-14T02:30:46.277+00:00,2026-09-14T02:30:52.422+00:00,False,94,93.0,,93.0,293890.245421,300035.226157,300035.226259,3191.864109138298,0.0351,293890.245421,30305.656344823605,89.88582745,66.07506167741936,20.926928259569024,0.3099636039114144,44,64,,False,False,Request timeout: 300.0s exceeded,447,21.16838264042747
383,2026-09-14T02:25:54.904+00:00,2026-09-14T02:30:48.714+00:00,2026-09-14T02:30:54.964+00:00,False,95,94.0,,94.0,293809.976565,300060.27186100004,300060.27180000005,3158.5291768421052,0.034570000000000004,293809.976565,30137.452429786266,89.1881647,66.49250314893617,20.440942598250306,0.3132703953675833,44,64,,False,False,Request timeout: 300.0s exceeded,439,21.16838264042747
384,2026-09-14T02:25:58.946+00:00,2026-09-14T02:30:52.933+00:00,2026-09-14T02:30:58.971+00:00,False,87,86.0,,86.0,293986.879986,300025.412082,300025.412158,3448.5679558390807,0.017478999999999998,293986.879986,31511.18016231955,89.87125599999999,70.21548948837209,19.789767170359873,0.2866423860672686,44,64,,False,False,Request timeout: 300.0s exceeded,411,21.16838264042747
385,2026-09-14T02:26:01.747+00:00,2026-09-14T02:30:54.800+00:00,2026-09-14T02:31:01.789+00:00,False,102,101.0,,101.0,293053.18816,300041.84019200003,300041.84030700003,2941.5866696764706,0.04462,293053.18816,29009.74465704311,88.98191705,69.19457457425742,19.54532147909351,0.33661971922105594,44,64,,False,False,Request timeout: 300.0s exceeded,378,21.16838264042747
386,2026-09-14T02:26:04.811+00:00,2026-09-14T02:30:58.410+00:00,2026-09-14T02:31:04.906+00:00,False,95,94.0,,94.0,293598.67146,300094.24778,300094.24777799996,3158.886818715789,0.020149999999999998,293598.67146,30115.504966838966,88.72776169999999,69.10187574468085,19.980753624277483,0.3132349276781596,44,64,,False,False,Request timeout: 300.0s exceeded,416,21.16838264042747
387,2026-09-14T02:26:07.655+00:00,2026-09-14T02:31:01.137+00:00,2026-09-14T02:31:07.745+00:00,False,99,98.0,,98.0,293482.294929,300089.914001,300089.91414,3031.2112539393943,0.01948,293482.294929,29489.310962632462,88.80758089999999,67.42468440816326,20.346091913682876,0.3265687896450709,44,64,,False,False,Request timeout: 300.0s exceeded,441,21.16838264042747
388,2026-09-14T02:26:10.041+00:00,2026-09-14T02:31:03.551+00:00,2026-09-14T02:31:10.068+00:00,False,96,95.0,,95.0,293510.506142,300027.65379,300027.65365500003,3125.28805890625,0.04357,293510.506142,29949.295459065663,89.8182425,68.60155418947369,19.81241266230044,0.3166374792454761,44,64,,False,False,Request timeout: 300.0s exceeded,325,21.16838264042747
389,2026-09-14T02:26:14.131+00:00,2026-09-14T02:31:07.906+00:00,2026-09-14T02:31:14.150+00:00,False,94,93.0,,93.0,293775.794967,300019.668759,300019.66883700003,3191.6986046489365,0.031010000000000003,293775.794967,30293.74197628578,90.4638878,67.13842787096775,20.882223448543407,0.30997967694813067,44,64,,False,False,Request timeout: 300.0s exceeded,139,21.16838264042747
390,2026-09-14T02:26:18.245+00:00,2026-09-14T02:31:11.803+00:00,2026-09-14T02:31:18.264+00:00,False,101,100.0,,100.0,293557.41611299996,300018.64977699996,300018.64972299995,2970.481680425742,0.050029000000000004,293557.41611299996,29203.63261584036,88.03609399999999,64.61233664,20.51571264890305,0.33331261264700957,44,64,,False,False,Request timeout: 300.0s exceeded,478,21.16838264042747
391,2026-09-14T02:26:21.168+00:00,2026-09-14T02:31:14.696+00:00,2026-09-14T02:31:21.707+00:00,False,98,97.0,,97.0,293528.223568,300539.38337600004,300539.383347,3066.7284015,0.018,293528.223568,29643.596685196702,87.50050569999999,72.27999802061856,64.6976500781845,0.32275304124998766,44,64,,False,False,Request timeout: 300.0s exceeded,320,21.16838264042747
392,2026-09-14T02:26:23.611+00:00,2026-09-14T02:31:17.042+00:00,2026-09-14T02:31:23.627+00:00,False,107,106.0,,106.0,293430.575757,300016.184461,300016.184465,2803.8895744392526,0.0,293430.575757,28361.074471043776,90.1999523,62.128384,66.05162434952176,0.3533142726631111,44,64,,False,False,Request timeout: 300.0s exceeded,522,21.16838264042747
393,2026-09-14T02:26:27.675+00:00,2026-09-14T02:31:21.894+00:00,2026-09-14T02:31:27.709+00:00,False,86,85.0,,85.0,294219.315046,300034.64919,300034.64912,3488.774989767442,0.02345,294219.315046,31719.113681891973,90.09737175000001,68.4156958117647,20.371156113950974,0.2833006128774576,44,64,,False,False,Request timeout: 300.0s exceeded,385,21.16838264042747
394,2026-09-14T02:26:31.435+00:00,2026-09-14T02:31:25.106+00:00,2026-09-14T02:31:31.509+00:00,False,92,91.0,,91.0,293670.803068,300073.98540400004,300073.985531,3261.6737557717393,0.01576,293670.803068,30609.967832170925,88.59361059999999,70.36464105494505,19.494621321131028,0.3032585443136083,44,64,,False,False,Request timeout: 300.0s exceeded,464,21.16838264042747
395,2026-09-14T02:26:34.420+00:00,2026-09-14T02:31:27.928+00:00,2026-09-14T02:31:34.490+00:00,False,94,93.0,,93.0,293508.321545,300070.274569,300070.27467300004,3192.236964606383,0.031059999999999997,293508.321545,30265.80045894378,89.06800100000001,70.55863466666668,19.39417097235592,0.30992739995182367,44,64,,False,False,Request timeout: 300.0s exceeded,263,21.16838264042747
396,2026-09-14T02:26:37.951+00:00,2026-09-14T02:31:31.512+00:00,2026-09-14T02:31:37.959+00:00,False,93,92.0,,92.0,293561.041327,300008.864431,300008.864596,3225.9017698494627,0.02618,293561.041327,30433.600492948917,89.1098438,70.08503373913044,19.28132502079347,0.3066576055160509,44,64,,False,False,Request timeout: 300.0s exceeded,355,21.16838264042747
397,2026-09-14T02:26:40.686+00:00,2026-09-14T02:31:34.062+00:00,2026-09-14T02:31:40.719+00:00,False,99,98.0,,98.0,293375.63790100004,300033.024909,300033.025138,3030.636617555556,0.01834,293375.63790100004,29478.540330656953,89.6979198,67.93252048979592,20.11004004281454,0.3266307101684003,44,64,,False,False,Request timeout: 300.0s exceeded,496,21.16838264042747
398,2026-09-14T02:26:44.125+00:00,2026-09-14T02:31:37.704+00:00,2026-09-14T02:31:44.174+00:00,False,98,97.0,,97.0,293579.334234,300048.866906,300048.866869,3061.7231313163265,0.038700000000000005,293579.334234,29649.260916986746,91.08970364999999,66.69621311340207,20.627433222639997,0.3232806742456001,44,64,,False,False,Request timeout: 300.0s exceeded,321,21.16838264042747
399,2026-09-14T02:26:48.368+00:00,2026-09-14T02:31:41.941+00:00,2026-09-14T02:31:48.437+00:00,False,102,101.0,,101.0,293573.165342,300068.837918,300068.83782200003,2941.8513511960787,0.0338,293573.165342,29061.713972639416,89.25848050000002,64.31358986138613,20.461890640472465,0.3365894329473837,44,64,,False,False,Request timeout: 300.0s exceeded,471,21.16838264042747
400,2026-09-14T02:26:52.637+00:00,2026-09-14T02:31:46.297+00:00,2026-09-14T02:31:52.645+00:00,False,97,96.0,,96.0,293660.42533399997,300008.79064599995,300008.79050299997,3092.8741288969068,0.04539,293660.42533399997,29809.991177819393,88.67801279999999,66.12880533333333,20.343260938887944,0.3199906235856825,44,64,,False,False,Request timeout: 300.0s exceeded,397,21.16838264042747
401,2026-09-14T02:26:55.321+00:00,2026-09-14T02:31:48.688+00:00,2026-09-14T02:31:55.350+00:00,False,101,100.0,,100.0,293366.736837,300029.195717,300029.195713,2970.586096168317,0.03529,293366.736837,29184.45891955422,89.203282,66.6245888,20.259429162781135,0.33330089680447017,44,64,,False,False,Request timeout: 300.0s exceeded,411,21.16838264042747
402,2026-09-14T02:26:58.749+00:00,2026-09-14T02:31:52.824+00:00,2026-09-14T02:31:58.775+00:00,False,88,87.0,,87.0,294074.615897,300025.700185,300025.700204,3409.3829568636365,0.02525,294074.615897,31341.17440547797,89.86784134999999,68.40326767816092,20.815148414666524,0.2899751586159272,44,64,,False,False,Request timeout: 300.0s exceeded,326,21.16838264042747
403,2026-09-14T02:27:01.828+00:00,2026-09-14T02:31:55.261+00:00,2026-09-14T02:32:01.904+00:00,False,98,97.0,,97.0,293432.955795,300076.622227,300076.622251,3062.0063495,0.01871,293432.955795,29634.29303625771,89.99305635,68.49140651546392,20.500662556961693,0.32325077268639096,44,64,,False,False,Request timeout: 300.0s exceeded,364,21.16838264042747
404,2026-09-14T02:27:04.204+00:00,2026-09-14T02:31:58.388+00:00,2026-09-14T02:32:05.578+00:00,False,72,71.0,,71.0,294183.923372,301373.365164,301373.365236,4185.741183833333,0.03188,294183.923372,34659.29387573936,90.205104,101.25974354929576,304.5939646207663,0.23558817137461216,44,64,,False,False,Request timeout: 300.0s exceeded,332,21.16838264042747
405,2026-09-14T02:27:07.775+00:00,2026-09-14T02:32:01.491+00:00,2026-09-14T02:32:07.864+00:00,False,107,106.0,,106.0,293715.911403,300089.076971,300089.077,2804.570813084112,0.015220000000000001,293715.911403,28389.96170159976,89.8864943,60.12420347169811,260.6469817785571,0.35322845159820204,44,64,,False,False,Request timeout: 300.0s exceeded,536,21.16838264042747
406,2026-09-14T02:27:10.195+00:00,2026-09-14T02:32:05.767+00:00,2026-09-14T02:32:10.230+00:00,False,68,67.0,,67.0,295572.286288,300035.512144,300035.512216,4412.286944352942,0.046189999999999995,295572.286288,35835.33274367857,91.28121185,66.61531128358209,21.642287044721904,0.22330689964407882,44,64,,False,False,Request timeout: 300.0s exceeded,325,21.16838264042747
407,2026-09-14T02:27:14.070+00:00,2026-09-14T02:32:07.868+00:00,2026-09-14T02:32:14.100+00:00,False,94,93.0,,93.0,293797.21166900004,300029.63099700003,300029.630842,3191.804583425532,0.03434,293797.21166900004,30295.963164223234,86.92287315,67.01526159139785,20.166588680466933,0.3099693843270097,44,64,,False,False,Request timeout: 300.0s exceeded,370,21.16838264042747
408,2026-09-14T02:27:17.121+00:00,2026-09-14T02:32:10.812+00:00,2026-09-14T02:32:17.159+00:00,False,99,98.0,,98.0,293691.77834500006,300038.56567300006,300038.56565700006,3030.69258239394,0.0,293691.77834500006,29510.69475685795,87.3397928,64.763136,64.31583891363437,0.3266246783315391,44,64,,False,False,Request timeout: 300.0s exceeded,322,21.16838264042747
409,2026-09-14T02:27:20.708+00:00,2026-09-14T02:32:14.535+00:00,2026-09-14T02:32:20.788+00:00,False,94,93.0,,93.0,293826.53683399997,300080.08307399997,300080.083223,3192.341310882978,0.0,293826.53683399997,30299.027700959774,89.05851415,67.24243268817204,65.45824380105103,0.309917269574556,44,64,,False,False,Request timeout: 300.0s exceeded,426,21.16838264042747
410,2026-09-14T02:27:24.584+00:00,2026-09-14T02:32:18.152+00:00,2026-09-14T02:32:24.670+00:00,False,92,91.0,,91.0,293567.929935,300085.84865500004,300085.848745,3261.80270375,0.03136,293567.929935,30599.11121830342,89.04345315,71.62548043956045,19.65431551218446,0.3032465556368839,44,64,,False,False,Request timeout: 300.0s exceeded,417,21.16838264042747
411,2026-09-14T02:27:27.168+00:00,2026-09-14T02:32:20.957+00:00,2026-09-14T02:32:27.223+00:00,False,90,89.0,,89.0,293788.54742,300054.76694,300054.766803,3333.9418533666667,0.03311,293788.54742,30960.616954977704,89.00854844999998,70.40696089887639,20.159436512108925,0.2966125181333871,44,64,,False,False,Request timeout: 300.0s exceeded,425,21.16838264042747
412,2026-09-14T02:27:29.695+00:00,2026-09-14T02:32:23.609+00:00,2026-09-14T02:32:29.732+00:00,False,86,85.0,,85.0,293913.71937,300036.249674,300036.249675,3488.793600872093,0.01899,293913.71937,31685.77036625437,90.5639185,72.02976828235293,19.76780626036554,0.2832991016664003,44,64,,False,False,Request timeout: 300.0s exceeded,381,21.16838264042747
413,2026-09-14T02:27:32.612+00:00,2026-09-14T02:32:26.116+00:00,2026-09-14T02:32:32.672+00:00,False,92,91.0,,91.0,293504.59446600004,300060.68893000006,300060.68889700004,3261.5292271413045,0.027600000000000003,293504.59446600004,30592.464660386737,91.14113205,72.0449941098901,20.20837083298929,0.303271982492945,44,64,,False,False,Request timeout: 300.0s exceeded,455,21.16838264042747
414,2026-09-14T02:27:35.841+00:00,2026-09-14T02:32:29.815+00:00,2026-09-14T02:32:35.884+00:00,False,89,88.0,,88.0,293974.78824699996,300043.24162299995,300043.241841,3371.2723802359546,0.03455,293974.78824699996,31153.9620097056,89.30634119999999,68.95969745454545,20.226848444286862,0.2932910587286973,44,64,,False,False,Request timeout: 300.0s exceeded,172,21.16838264042747
415,2026-09-14T02:27:38.164+00:00,2026-09-14T02:32:32.114+00:00,2026-09-14T02:32:38.219+00:00,False,87,86.0,,86.0,293949.940712,300054.928872,300054.92896,3448.9072294252874,0.052829999999999995,293949.940712,31507.137138310816,88.891351,70.98823441860466,19.994980178574643,0.28661418868638755,44,64,,False,False,Request timeout: 300.0s exceeded,288,21.16838264042747
416,2026-09-14T02:27:41.286+00:00,2026-09-14T02:32:34.913+00:00,2026-09-14T02:32:41.309+00:00,False,96,95.0,,95.0,293626.56323,300022.55196600006,300022.55215400003,3125.2349182708335,0.01647,293626.56323,29961.270948734276,88.87208774999999,67.32619722105264,20.26591078369201,0.3166428636030196,44,64,,False,False,Request timeout: 300.0s exceeded,315,21.16838264042747
417,2026-09-14T02:27:45.526+00:00,2026-09-14T02:32:39.210+00:00,2026-09-14T02:32:45.577+00:00,False,98,97.0,,97.0,293684.447806,300050.971454,300050.971402,3061.7446061428573,0.03295,293684.447806,29659.986599329644,91.72814985000001,65.63426441237114,21.112316485746934,0.32327840676520125,44,64,,False,False,Request timeout: 300.0s exceeded,468,21.16838264042747
418,2026-09-14T02:27:48.125+00:00,2026-09-14T02:32:41.888+00:00,2026-09-14T02:32:48.140+00:00,False,92,91.0,,91.0,293762.110038,300014.104918,300014.10493599996,3261.02287973913,0.01808,293762.110038,30619.66097042983,89.31016955,68.70324043956045,20.29971143268184,0.30331907236452155,44,64,,False,False,Request timeout: 300.0s exceeded,393,21.16838264042747
419,2026-09-14T02:27:51.981+00:00,2026-09-14T02:32:45.400+00:00,2026-09-14T02:32:51.996+00:00,False,95,94.0,,94.0,293418.716419,300015.134979,300015.134881,3158.0540513789474,0.0438,293418.716419,30096.931656139815,89.0242691,70.17466553191488,19.59440671825128,0.3133175264860543,44,64,,False,False,Request timeout: 300.0s exceeded,381,21.16838264042747
420,2026-09-14T02:27:55.772+00:00,2026-09-14T02:32:49.293+00:00,2026-09-14T02:32:55.803+00:00,False,96,95.0,,95.0,293521.4324,300030.86216,300030.862205,3125.321481302083,0.04822,293521.4324,29950.41835715993,88.29973550000001,68.52031326315789,18.954162528070174,0.3166340932931711,44,64,,False,False,Request timeout: 300.0s exceeded,363,21.16838264042747
421,2026-09-14T02:27:58.551+00:00,2026-09-14T02:32:52.419+00:00,2026-09-14T02:32:58.572+00:00,False,90,89.0,,89.0,293867.838334,300020.82572599995,300020.82565099996,3333.564729455555,0.03226,293867.838334,30969.108312373937,87.13054245,69.13468979775281,18.964854761131438,0.29664607376716257,44,64,,False,False,Request timeout: 300.0s exceeded,457,21.16838264042747
422,2026-09-14T02:28:02.258+00:00,2026-09-14T02:32:56.095+00:00,2026-09-14T02:33:02.290+00:00,False,92,91.0,,91.0,293837.23579500004,300032.61832300003,300032.61832300003,3261.224112206522,0.045079999999999995,293837.23579500004,30627.558069309012,88.2819676,68.08112668131868,20.052802902127194,0.30330035617005474,44,64,,False,False,Request timeout: 300.0s exceeded,373,21.16838264042747
423,2026-09-14T02:28:05.996+00:00,2026-09-14T02:32:59.507+00:00,2026-09-14T02:33:06.006+00:00,False,96,95.0,,95.0,293510.810651,300010.173211,300010.173317,3125.1059720520834,0.01772,293510.810651,29949.345851517774,87.99377475,68.41434273684212,20.12577242948638,0.3166559286414118,44,64,,False,False,Request timeout: 300.0s exceeded,423,21.16838264042747
424,2026-09-14T02:28:09.823+00:00,2026-09-14T02:33:03.416+00:00,2026-09-14T02:33:09.879+00:00,False,99,98.0,,98.0,293592.471296,300055.447296,300055.447389,3030.863104939394,0.055619999999999996,293592.471296,29500.533408413714,90.7610368,65.94873469387755,21.718329142346963,0.3266063018790141,44,64,,False,False,Request timeout: 300.0s exceeded,144,21.16838264042747
425,2026-09-14T02:28:14.693+00:00,2026-09-14T02:33:07.806+00:00,2026-09-14T02:33:14.838+00:00,False,118,117.0,,117.0,293112.557348,300144.962596,300144.962599,2543.601377957627,0.0,293112.557348,26977.736386365643,90.76343535,60.10602776068376,62.398719999314515,0.3898116396425547,44,64,,False,False,Request timeout: 300.0s exceeded,577,21.16838264042747
426,2026-09-14T02:28:16.560+00:00,2026-09-14T02:33:10.045+00:00,2026-09-14T02:33:16.342+00:00,True,110,110.0,,110.0,293485.091084,299782.617868,299782.617846,2725.296525872727,0.0,293485.091084,27977.27075420804,91.8532768,57.77547508256881,64.62075943742151,0.3669325485990489,44,64,,False,True,,559,21.16838264042747
427,2026-09-14T02:28:19.065+00:00,2026-09-14T02:33:13.022+00:00,2026-09-14T02:33:19.085+00:00,False,101,100.0,,100.0,293957.08444999997,300020.395042,300020.39493699995,2970.498959772277,0.02941,293957.08444999997,29243.79813582066,89.836551,60.63310592,22.03675798667379,0.33331067371603507,44,64,,False,False,Request timeout: 300.0s exceeded,477,21.16838264042747
428,2026-09-14T02:28:21.419+00:00,2026-09-14T02:33:16.037+00:00,2026-09-14T02:33:21.465+00:00,False,82,81.0,,81.0,294617.690778,300046.400154,300046.400364,3659.1024434634146,0.04568,294617.690778,32527.686567553563,89.9071156,67.02110340740741,20.86494961361342,0.2699582463193241,44,64,,False,False,Request timeout: 300.0s exceeded,154,21.16838264042747
429,2026-09-14T02:28:24.677+00:00,2026-09-14T02:33:18.355+00:00,2026-09-14T02:33:24.722+00:00,False,90,89.0,,89.0,293677.946904,300044.857112,300044.85709,3333.8317454444446,0.022699999999999998,293677.946904,30948.838873234123,89.30409995,71.53831694382022,19.350363186875228,0.29662231459870786,44,64,,False,False,Request timeout: 300.0s exceeded,464,21.16838264042747
430,2026-09-14T02:28:28.873+00:00,2026-09-14T02:33:22.521+00:00,2026-09-14T02:33:28.899+00:00,False,93,92.0,,92.0,293648.552961,300026.86131300003,300026.86144300003,3226.0952843333334,0.05023,293648.552961,30442.75374374261,89.2292916,69.32943860869565,19.85898084449706,0.306639210893927,44,64,,False,False,Request timeout: 300.0s exceeded,341,21.16838264042747
431,2026-09-14T02:28:31.311+00:00,2026-09-14T02:33:25.105+00:00,2026-09-14T02:33:31.354+00:00,False,98,97.0,,97.0,293794.436835,300043.078627,300043.078701,3061.664068377551,0.02215,293794.436835,29671.21891699461,87.90748649999999,64.41898754639176,19.624755203513445,0.3232869108125171,44,64,,False,False,Request timeout: 300.0s exceeded,473,21.16838264042747
432,2026-09-14T02:28:35.111+00:00,2026-09-14T02:33:28.371+00:00,2026-09-14T02:33:35.188+00:00,False,107,106.0,,106.0,293260.736295,300077.524007,300077.523961,2804.4628407570094,0.04887,293260.736295,28344.37523752216,88.18328100000001,64.30931803773585,19.720939837178904,0.35324205086925237,44,64,,False,False,Request timeout: 300.0s exceeded,516,21.16838264042747
433,2026-09-14T02:28:38.510+00:00,2026-09-14T02:33:31.992+00:00,2026-09-14T02:33:38.565+00:00,False,103,102.0,,102.0,293481.837442,300055.61357,300055.61361,2913.161297184466,0.02101,293481.837442,28911.28112377484,87.58517119999999,64.44878556862746,19.849585043900685,0.33993698296934016,44,64,,False,False,Request timeout: 300.0s exceeded,226,21.16838264042747
434,2026-09-14T02:28:42.243+00:00,2026-09-14T02:33:35.843+00:00,2026-09-14T02:33:42.277+00:00,False,102,101.0,,101.0,293599.509567,300033.19071899995,300033.19061,2941.50186872549,0.023190000000000002,293599.509567,29064.383944241406,90.4215698,63.69981338613861,21.48685036900804,0.3366294234246667,44,64,,False,False,Request timeout: 300.0s exceeded,474,21.16838264042747
435,2026-09-14T02:28:45.100+00:00,2026-09-14T02:33:38.983+00:00,2026-09-14T02:33:45.128+00:00,False,92,91.0,,91.0,293882.771371,300027.865771,300027.865733,3261.172453619565,0.0206,293882.771371,30632.36330368268,87.970797,67.5285098901099,20.37316792893851,0.3033051605595091,44,64,,False,False,Request timeout: 300.0s exceeded,402,21.16838264042747
436,2026-09-14T02:28:49.137+00:00,2026-09-14T02:33:42.926+00:00,2026-09-14T02:33:49.165+00:00,False,93,92.0,,92.0,293788.554382,300028.153998,300028.154065,3226.1091834946237,0.033659999999999995,293788.554382,30457.4274279971,86.81004499999999,67.82173495652174,19.663580602032102,0.3066378897248865,44,64,,False,False,Request timeout: 300.0s exceeded,419,21.16838264042747
437,2026-09-14T02:28:52.361+00:00,2026-09-14T02:33:46.356+00:00,2026-09-14T02:33:52.443+00:00,False,95,94.0,,94.0,293994.688181,300081.471925,300081.472037,3158.752337231579,0.02289,293994.688181,30156.581660200787,86.69444299999999,64.7530185531915,20.07331551492758,0.3132482635365559,44,64,,False,False,Request timeout: 300.0s exceeded,439,21.16838264042747
438,2026-09-14T02:28:54.832+00:00,2026-09-14T02:33:48.881+00:00,2026-09-14T02:33:54.851+00:00,False,93,92.0,,92.0,294048.858137,300018.880537,300018.880529,3226.0094680537636,0.031439,294048.858137,30484.723861426584,87.49537559999999,64.89154782608695,20.205804846927204,0.3066473677767558,44,64,,False,False,Request timeout: 300.0s exceeded,457,21.16838264042747
439,2026-09-14T02:28:58.578+00:00,2026-09-14T02:33:52.112+00:00,2026-09-14T02:33:58.590+00:00,False,97,96.0,,96.0,293534.012497,300012.189777,300012.189818,3092.909173381443,0.03799,293534.012497,29797.018104162198,87.84853,67.48101333333332,19.586734626724613,0.3199869980995009,44,64,,False,False,Request timeout: 300.0s exceeded,363,21.16838264042747
440,2026-09-14T02:29:02.871+00:00,2026-09-14T02:33:56.181+00:00,2026-09-14T02:34:02.956+00:00,False,101,100.0,,100.0,293310.34613300004,300084.61838900007,300084.61856800003,2971.1348373069313,0.037469999999999996,293310.34613300004,29178.73592401331,87.967225,67.74272256,19.285293580127266,0.33323933941315803,44,64,,False,False,Request timeout: 300.0s exceeded,516,21.16838264042747
441,2026-09-14T02:29:06.821+00:00,2026-09-14T02:34:00.443+00:00,2026-09-14T02:34:06.834+00:00,False,100,99.0,,99.0,293621.914698,300013.141322,300013.141322,3000.13141322,0.0,293621.914698,29355.810137986973,88.07229245,64.55784468686869,66.45172781175643,0.3299855451789848,44,64,,False,False,Request timeout: 300.0s exceeded,478,21.16838264042747
442,2026-09-14T02:29:09.627+00:00,2026-09-14T02:34:03.118+00:00,2026-09-14T02:34:09.714+00:00,False,102,101.0,,101.0,293491.58870599995,300087.2633299999,300087.26349899994,2942.031995088235,0.0,293491.58870599995,29053.605685720013,89.678888,65.30370914851486,65.97763174533303,0.33656876629559696,44,64,,False,False,Request timeout: 300.0s exceeded,351,21.16838264042747
443,2026-09-14T02:29:12.034+00:00,2026-09-14T02:34:05.885+00:00,2026-09-14T02:34:12.053+00:00,False,99,98.0,,98.0,293851.502598,300019.029766,300019.029924,3030.4952517575757,0.0,293851.502598,29526.87667380838,90.32916790000002,62.93395069387755,29.46925137739994,0.3266459466802327,44,64,,False,False,Request timeout: 300.0s exceeded,406,21.16838264042747
444,2026-09-14T02:29:16.223+00:00,2026-09-14T02:34:09.888+00:00,2026-09-14T02:34:16.264+00:00,False,90,89.0,,89.0,293664.845416,300041.04612,300041.046241,3333.7894026777776,0.02102,293664.845416,30947.447208167272,89.35437994999998,71.64270453932585,19.918400459391762,0.29662608216745406,44,64,,False,False,Request timeout: 300.0s exceeded,459,21.16838264042747
445,2026-09-14T02:29:20.293+00:00,2026-09-14T02:34:14.092+00:00,2026-09-14T02:34:20.306+00:00,False,92,91.0,,91.0,293799.500135,300013.509991,300013.509953,3261.0164125326087,0.04549,293799.500135,30623.602343095394,88.08772300000001,68.28582259340659,19.786144995525234,0.3033196738464541,44,64,,False,False,Request timeout: 300.0s exceeded,388,21.16838264042747
446,2026-09-14T02:29:23.149+00:00,2026-09-14T02:34:17.169+00:00,2026-09-14T02:34:23.215+00:00,False,88,87.0,,87.0,294020.233582,300066.14974200004,300066.14976400003,3409.8426109545458,0.01721,294020.233582,31335.26068191852,89.93775885000001,69.4932891954023,20.26901368526328,0.28993606934605415,44,64,,False,False,Request timeout: 300.0s exceeded,442,21.16838264042747
447,2026-09-14T02:29:27.245+00:00,2026-09-14T02:34:20.905+00:00,2026-09-14T02:34:27.281+00:00,False,93,92.0,,92.0,293660.100806,300035.411142,300035.411243,3226.1872176666666,0.08231000000000001,293660.100806,30443.95468971607,88.573799,69.29685147826088,20.030751973808687,0.30663047288261075,44,64,,False,False,Request timeout: 300.0s exceeded,448,21.16838264042747
448,2026-09-14T02:29:30.900+00:00,2026-09-14T02:34:24.408+00:00,2026-09-14T02:34:30.954+00:00,False,97,96.0,,96.0,293508.324238,300054.16206199996,300054.16188599996,3093.341875113402,0.03984,293508.324238,29794.338648078185,88.0805428,68.18581066666667,20.120514740209405,0.31994223756230916,44,64,,False,False,Request timeout: 300.0s exceeded,454,21.16838264042747
449,2026-09-14T02:29:34.094+00:00,2026-09-14T02:34:27.924+00:00,2026-09-14T02:34:34.112+00:00,False,95,94.0,,94.0,293829.96748299996,300018.14745099994,300018.14727599995,3158.0857607999997,0.023870000000000002,293829.96748299996,30139.5708928724,87.6852764,65.83170178723404,19.899869313869978,0.31331438047544247,44,64,,False,False,Request timeout: 300.0s exceeded,270,21.16838264042747
450,2026-09-14T02:29:37.434+00:00,2026-09-14T02:34:31.039+00:00,2026-09-14T02:34:37.519+00:00,False,96,95.0,,95.0,293604.54658200004,300084.15618200006,300084.15594900004,3125.8766244687504,0.040549,293604.54658200004,29958.93343807831,88.19541950000001,68.20641684210527,19.333256016732612,0.3165778600533072,44,64,,False,False,Request timeout: 300.0s exceeded,527,21.16838264042747
451,2026-09-14T02:29:39.812+00:00,2026-09-14T02:34:33.472+00:00,2026-09-14T02:34:39.843+00:00,False,94,93.0,,93.0,293660.076337,300031.752753,300031.752713,3191.8271565212767,0.03395,293660.076337,30281.664195875746,89.11738195,68.5126496344086,20.01719236634604,0.3099671922943499,44,64,,False,False,Request timeout: 300.0s exceeded,395,21.16838264042747
452,2026-09-14T02:29:42.310+00:00,2026-09-14T02:34:36.045+00:00,2026-09-14T02:34:42.351+00:00,False,92,91.0,,91.0,293735.109611,300040.945387,300040.94544599997,3261.3146244130435,0.02937,293735.109611,30616.784027158872,88.34899055,69.29489863736265,19.883565020404273,0.30329193864732706,44,64,,False,False,Request timeout: 300.0s exceeded,401,21.16838264042747
453,2026-09-14T02:29:44.917+00:00,2026-09-14T02:34:38.869+00:00,2026-09-14T02:34:44.991+00:00,False,91,90.0,,90.0,293952.078016,300074.11782399996,300074.117708,3297.517777010989,0.02435,293952.078016,30807.42585556381,87.155606,68.02266453333333,19.266421342212194,0.29992590048298323,44,64,,False,False,Request timeout: 300.0s exceeded,261,21.16838264042747
454,2026-09-14T02:29:48.780+00:00,2026-09-14T02:34:42.767+00:00,2026-09-14T02:34:48.845+00:00,False,95,94.0,,94.0,293986.388587,300064.687723,300064.687792,3158.5756609684213,0.029920000000000002,293986.388587,30155.739435834086,87.7278017,64.66275676595744,20.126548108436246,0.3132657851655461,44,64,,False,False,Request timeout: 300.0s exceeded,420,21.16838264042747
455,2026-09-14T02:29:51.720+00:00,2026-09-14T02:34:45.441+00:00,2026-09-14T02:34:51.765+00:00,False,99,98.0,,98.0,293720.142542,300044.37959799997,300044.379637,3030.7513094646465,0.03928,293720.142542,29513.50587231005,86.91432990000001,64.53303118367347,19.91453724200622,0.3266183493631862,44,64,,False,False,Request timeout: 300.0s exceeded,393,21.16838264042747
456,2026-09-14T02:29:55.954+00:00,2026-09-14T02:34:49.510+00:00,2026-09-14T02:34:56.039+00:00,False,98,97.0,,97.0,293556.75631,300085.32872600004,300085.328944,3062.095193306123,0.02659,293556.75631,29646.918247363512,89.56721535000001,67.30487026804124,19.93093978626672,0.32324139407884256,44,64,,True,False,Request timeout: 300.0s exceeded,457,21.16838264042747
457,2026-09-14T02:29:59.548+00:00,2026-09-14T02:34:53.141+00:00,2026-09-14T02:34:59.565+00:00,False,94,93.0,,93.0,293593.444056,300017.363928,300017.36409299995,3191.6740860957443,0.036950000000000004,293593.444056,30274.733526171913,87.9230445,69.07440722580644,19.80961291565808,0.3099820583128606,44,64,,True,False,Request timeout: 300.0s exceeded,413,21.16838264042747
458,2026-09-14T02:30:02.114+00:00,2026-09-14T02:34:55.326+00:00,2026-09-14T02:35:02.196+00:00,False,107,106.0,,106.0,293212.351213,300081.651693,300081.651689,2804.501417654206,0.03415,293212.351213,28339.650029412114,88.72168599999999,64.80472150943396,20.07421846200094,0.3532371919508222,44,64,,True,False,Request timeout: 300.0s exceeded,503,21.16838264042747
459,2026-09-14T02:30:05.288+00:00,2026-09-14T02:34:59.068+00:00,2026-09-14T02:35:05.323+00:00,False,95,94.0,,94.0,293779.47221,300034.381138,300034.381192,3158.2566441263157,0.036399,293779.47221,30134.31753795041,88.53676100000001,66.54158434042553,20.176968063114703,0.3132974282596132,44,64,,True,False,Request timeout: 300.0s exceeded,379,21.16838264042747
460,2026-09-14T02:30:08.365+00:00,2026-09-14T02:35:01.936+00:00,2026-09-14T02:35:08.457+00:00,False,97,96.0,,96.0,293570.156574,300091.846174,300091.84613400005,3093.7303725154643,0.02512,293570.156574,29800.64249445055,89.1829576,67.93426666666667,20.39549853573427,0.31990206073222344,44,64,,True,False,Request timeout: 300.0s exceeded,396,21.16838264042747
461,2026-09-14T02:30:11.304+00:00,2026-09-14T02:35:04.897+00:00,2026-09-14T02:35:11.316+00:00,False,95,94.0,,94.0,293592.54339099996,300012.244127,300012.244096,3158.0236220631573,0.03569,293592.54339099996,30114.958905943677,88.01010740000001,68.29468868085105,19.750781954937167,0.3133205455448288,44,64,,True,False,Request timeout: 300.0s exceeded,347,21.16838264042747
462,2026-09-14T02:30:15.253+00:00,2026-09-14T02:35:08.758+00:00,2026-09-14T02:35:15.345+00:00,False,99,98.0,,98.0,293504.49286,300092.129084,300092.12917,3031.233627979798,0.032869,293504.49286,29491.562142302886,88.7236966,67.22077779591837,19.918033973456016,0.3265663791287522,44,64,,True,False,Request timeout: 300.0s exceeded,479,21.16838264042747
463,2026-09-14T02:30:19.232+00:00,2026-09-14T02:35:12.673+00:00,2026-09-14T02:35:19.272+00:00,False,96,95.0,,95.0,293441.470167,300040.430295,300040.43017400004,3125.4211476458336,0.04263,293441.470167,29942.16231777718,91.0774655,69.46273818947368,20.863056007298024,0.3166239959947928,44,64,,True,False,Request timeout: 300.0s exceeded,596,21.16838264042747
464,2026-09-14T02:30:22.558+00:00,2026-09-14T02:35:16.208+00:00,2026-09-14T02:35:22.636+00:00,False,92,91.0,,91.0,293650.17770999996,300078.13726199995,300078.13720799994,3261.7188826956517,0.046299999999999994,293650.17770999996,30607.7890830795,88.535105,70.63691815384615,19.461791734057353,0.3032543484517414,44,64,,True,False,Request timeout: 300.0s exceeded,411,21.16838264042747
465,2026-09-14T02:30:26.219+00:00,2026-09-14T02:35:20.402+00:00,2026-09-14T02:35:26.300+00:00,False,83,82.0,,82.0,294182.987869,300080.423261,300080.423107,3615.426784421687,0.038979999999999994,294182.987869,32282.89051697895,87.95622200000001,71.91994380487806,21.068733178808614,0.2732600784446345,44,64,,True,False,Request timeout: 300.0s exceeded,387,21.16838264042747
466,2026-09-14T02:30:29.619+00:00,2026-09-14T02:35:23.307+00:00,2026-09-14T02:35:29.651+00:00,False,94,93.0,,93.0,293687.852228,300031.13082,300031.130965,3191.820542180851,0.01957,293687.852228,30284.56153975478,88.52346014999999,68.20729668817204,21.471623845259316,0.309967834823761,44,64,,True,False,Request timeout: 300.0s exceeded,448,21.16838264042747
467,2026-09-14T02:30:33.793+00:00,2026-09-14T02:35:27.267+00:00,2026-09-14T02:35:33.880+00:00,False,99,98.0,,98.0,293474.409424,300086.570448,300086.570553,3031.1774803333333,0.03598,293474.409424,29488.513024425654,86.79584879999999,67.47103085714285,19.205114718412233,0.32657242826193644,44,64,,True,False,Request timeout: 300.0s exceeded,397,21.16838264042747
468,2026-09-14T02:30:36.687+00:00,2026-09-14T02:35:30.278+00:00,2026-09-14T02:35:36.727+00:00,False,94,93.0,,93.0,293591.254751,300040.252895,300040.25295399997,3191.917584617021,0.04177,293591.254751,30274.479737547837,88.0252955,69.34406606451613,19.551424248375525,0.30995841092210263,44,64,,True,False,Request timeout: 300.0s exceeded,502,21.16838264042747
469,2026-09-14T02:30:40.628+00:00,2026-09-14T02:35:34.285+00:00,2026-09-14T02:35:40.690+00:00,False,96,95.0,,95.0,293656.624037,300061.785765,300061.785733,3125.643601385417,0.03544,293656.624037,29964.328821015286,87.6325865,67.42275503157894,19.75033212599916,0.3166014617882777,44,64,,True,False,Request timeout: 300.0s exceeded,424,21.16838264042747
470,2026-09-14T02:30:44.651+00:00,2026-09-14T02:35:38.259+00:00,2026-09-14T02:35:44.702+00:00,False,95,94.0,,94.0,293608.272843,300050.446283,300050.44629,3158.4257504210527,0.019370000000000002,293608.272843,30116.5487388919,90.53476900000001,68.53376,20.5866422945052,0.31328065385159126,44,64,,True,False,Request timeout: 300.0s exceeded,493,21.16838264042747
471,2026-09-14T02:30:48.115+00:00,2026-09-14T02:35:41.874+00:00,2026-09-14T02:35:48.158+00:00,False,93,92.0,,92.0,293758.5813,300043.01445200003,300043.01443000004,3226.2689723655917,0.03136,293758.5813,30454.269628166214,89.50008420000002,68.309056,20.87286737844791,0.3066227026415837,44,64,,True,False,Request timeout: 300.0s exceeded,379,21.16838264042747
472,2026-09-14T02:30:50.962+00:00,2026-09-14T02:35:45.051+00:00,2026-09-14T02:35:51.021+00:00,False,88,87.0,,87.0,294088.979655,300059.79872699996,300059.798798,3409.7704408863633,0.01998,294088.979655,31342.681423579506,89.56414285,68.63010427586207,20.84195706971746,0.28994220608390875,44,64,,True,False,Request timeout: 300.0s exceeded,428,21.16838264042747
473,2026-09-14T02:30:53.434+00:00,2026-09-14T02:35:46.697+00:00,2026-09-14T02:35:53.473+00:00,False,100,99.0,,99.0,293263.19973,300038.87717,300038.877276,3000.38877276,0.0219,293263.19973,29319.48245382483,88.27737794999999,68.44118626262626,19.772212324537357,0.3299572406542079,44,64,,True,False,Request timeout: 300.0s exceeded,498,21.16838264042747
474,2026-09-14T02:30:55.922+00:00,2026-09-14T02:35:49.889+00:00,2026-09-14T02:35:55.958+00:00,False,87,86.0,,86.0,293966.94784,300035.69792,300035.69781499996,3448.686181781609,0.03201,293966.94784,31509.00485547656,88.58276759999998,70.56686139534884,18.65177760620533,0.28663255937941956,44,64,,True,False,Request timeout: 300.0s exceeded,362,21.16838264042747
475,2026-09-14T02:30:59.059+00:00,2026-09-14T02:35:52.506+00:00,2026-09-14T02:35:59.097+00:00,False,100,99.0,,99.0,293447.074419,300037.476723,300037.47670500004,3000.37476705,0.02545,293447.074419,29338.056985274863,87.4845075,66.56972024242424,19.651935363516227,0.32995878075390755,44,64,,True,False,Request timeout: 300.0s exceeded,503,21.16838264042747
476,2026-09-14T02:31:03.161+00:00,2026-09-14T02:35:57.163+00:00,2026-09-14T02:36:03.229+00:00,False,91,90.0,,90.0,294001.280736,300067.244512,300067.244439,3297.4422465824173,0.036340000000000004,294001.280736,30812.650061634704,89.54052100000001,67.39959751111111,20.88882977374761,0.2999327705573702,44,64,,True,False,Request timeout: 300.0s exceeded,412,21.16838264042747
477,2026-09-14T02:31:06.932+00:00,2026-09-14T02:36:00.904+00:00,2026-09-14T02:36:06.947+00:00,False,88,87.0,,87.0,293972.659661,300015.015373,300015.015524,3409.2615400454547,0.02172,293972.659661,31330.194090706533,90.0151405,69.45236450574713,20.949308812246418,0.2899854858658838,44,64,,True,False,Request timeout: 300.0s exceeded,419,21.16838264042747
478,2026-09-14T02:31:10.442+00:00,2026-09-14T02:36:04.440+00:00,2026-09-14T02:36:10.491+00:00,False,87,86.0,,86.0,293998.404272,300049.444528,300049.444536,3448.844190068966,0.04094,293998.404272,31512.399839269456,89.52449899999999,70.36093320930232,19.361693527256065,0.28661942745897884,44,64,,True,False,Request timeout: 300.0s exceeded,430,21.16838264042747
479,2026-09-14T02:31:13.933+00:00,2026-09-14T02:36:07.357+00:00,2026-09-14T02:36:13.949+00:00,False,97,96.0,,96.0,293424.621657,300016.05436099996,300016.054249,3092.9490128762886,0.039850000000000003,293424.621657,29785.790864405008,86.527842,68.66075733333332,18.801918285897308,0.3199828762646355,44,64,,True,False,Request timeout: 300.0s exceeded,548,21.16838264042747
480,2026-09-14T02:31:16.560+00:00,2026-09-14T02:36:10.445+00:00,2026-09-14T02:36:16.644+00:00,False,90,89.0,,89.0,293884.905409,300083.852481,300083.8525,3334.265027777778,0.02549,293884.905409,30970.852834854984,86.64956795,69.65109069662921,18.84668079926328,0.2965837690504693,44,64,,True,False,Request timeout: 300.0s exceeded,557,21.16838264042747
481,2026-09-14T02:31:20.766+00:00,2026-09-14T02:36:14.855+00:00,2026-09-14T02:36:20.803+00:00,False,86,85.0,,85.0,294089.478432,300037.16995199997,300037.16998199996,3488.804302116279,0.02059,294089.478432,31704.94440592969,88.44000325,69.9728414117647,19.195021221314146,0.28329823272762616,44,64,,True,False,Request timeout: 300.0s exceeded,378,21.16838264042747
482,2026-09-14T02:31:23.544+00:00,2026-09-14T02:36:17.231+00:00,2026-09-14T02:36:23.594+00:00,False,96,95.0,,95.0,293687.42482300004,300050.15762300004,300050.15783800004,3125.5224774791673,0.05321,293687.42482300004,29967.518397195967,88.75232525,66.9761347368421,20.357582288336893,0.3166137313594195,44,64,,True,False,Request timeout: 300.0s exceeded,461,21.16838264042747
483,2026-09-14T02:31:27.444+00:00,2026-09-14T02:36:21.187+00:00,2026-09-14T02:36:27.502+00:00,False,94,93.0,,93.0,293743.375439,300058.18631900003,300058.186555,3192.108367606383,0.02501,293743.375439,30290.31917403698,89.63613965,67.90119225806453,20.42148170106005,0.3099398857964474,44,64,,True,False,Request timeout: 300.0s exceeded,446,21.16838264042747
484,2026-09-14T02:31:30.186+00:00,2026-09-14T02:36:24.277+00:00,2026-09-14T02:36:30.245+00:00,False,84,83.0,,83.0,294090.443439,300059.109039,300059.109058,3572.132250690476,0.038520000000000006,294090.443439,32080.05767397931,88.98675265,71.91163373493976,19.44733958102515,0.27661216573569214,44,64,,True,False,Request timeout: 300.0s exceeded,365,21.16838264042747
485,2026-09-14T02:31:33.985+00:00,2026-09-14T02:36:27.885+00:00,2026-09-14T02:36:33.995+00:00,False,87,86.0,,86.0,293900.942673,300010.145361,300010.145216,3448.392473747126,0.027039999999999998,293900.942673,31501.878322562385,87.8158383,71.03724055813953,19.31074028206416,0.2866569725384348,44,64,,True,False,Request timeout: 300.0s exceeded,412,21.16838264042747
486,2026-09-14T02:31:36.510+00:00,2026-09-14T02:36:30.320+00:00,2026-09-14T02:36:36.531+00:00,False,90,89.0,,89.0,293809.63851099997,300020.61041499994,300020.610498,3333.5623388666663,0.02215,293809.63851099997,30962.90584290613,89.09878789999999,69.78620116853934,20.5573069555187,0.2966462866564127,44,64,,True,False,Request timeout: 300.0s exceeded,401,21.16838264042747
487,2026-09-14T02:31:38.969+00:00,2026-09-14T02:36:32.801+00:00,2026-09-14T02:36:39.013+00:00,False,92,91.0,,91.0,293831.236058,300043.811546,300043.81157200004,3261.345777956522,0.036899999999999995,293831.236058,30626.913442439185,88.01227905,68.2700603076923,20.93900844253434,0.3032890414606958,44,64,,True,False,Request timeout: 300.0s exceeded,458,21.16838264042747
488,2026-09-14T02:31:42.336+00:00,2026-09-14T02:36:36.116+00:00,2026-09-14T02:36:42.405+00:00,False,94,93.0,,93.0,293779.35070300003,300068.266927,300068.26698400005,3192.2156062127665,0.028480000000000002,293779.35070300003,30294.058904101283,90.02350279999999,67.62275509677418,21.081044031270906,0.30992947355751166,44,64,,True,False,Request timeout: 300.0s exceeded,435,21.16838264042747
489,2026-09-14T02:31:46.126+00:00,2026-09-14T02:36:39.845+00:00,2026-09-14T02:36:46.204+00:00,False,91,90.0,,90.0,293718.280943,300078.042351,300078.042355,3297.560905,0.02278,293718.280943,30782.641662865928,92.0069255,70.66401564444445,21.240076509339524,0.29992197794574843,44,64,,True,False,Request timeout: 300.0s exceeded,203,21.16838264042747
490,2026-09-14T02:31:48.491+00:00,2026-09-14T02:36:42.405+00:00,2026-09-14T02:36:48.503+00:00,False,87,86.0,,86.0,293914.00266399997,300011.22250399995,300011.2225,3448.404856321839,0.02182,293914.00266399997,31503.29430877744,90.52852929999999,70.89790511627906,20.697491921446336,0.28665594334176414,44,64,,True,False,Request timeout: 300.0s exceeded,406,21.16838264042747
491,2026-09-14T02:31:50.920+00:00,2026-09-14T02:36:44.842+00:00,2026-09-14T02:36:50.970+00:00,False,92,91.0,,91.0,293922.000099,300050.231779,300050.23178,3261.415562826087,0.023780000000000003,293922.000099,30636.472917013674,89.19847955000002,67.34320527472528,20.998117522447338,0.30328255192625697,44,64,,True,False,Request timeout: 300.0s exceeded,464,21.16838264042747
492,2026-09-14T02:31:53.406+00:00,2026-09-14T02:36:47.390+00:00,2026-09-14T02:36:53.420+00:00,False,90,89.0,,89.0,293984.30922000005,300014.14243600005,300014.14258800005,3333.4904732000005,0.03706,293984.30922000005,30981.53202153869,88.06966849999999,67.75093501123595,20.153241038953976,0.2966526820281006,44,64,,True,False,Request timeout: 300.0s exceeded,219,21.16838264042747
493,2026-09-14T02:31:56.636+00:00,2026-09-14T02:36:50.450+00:00,2026-09-14T02:36:56.678+00:00,False,89,88.0,,88.0,293813.307396,300042.274564,300042.274494,3371.2615111685395,0.0224,293813.307396,31136.651005223717,87.67969699999999,70.78371781818181,19.0617528933547,0.29329200402801675,44,64,,True,False,Request timeout: 300.0s exceeded,387,21.16838264042747
494,2026-09-14T02:31:59.928+00:00,2026-09-14T02:36:53.795+00:00,2026-09-14T02:36:59.947+00:00,False,86,85.0,,85.0,293867.047286,300019.45765399997,300019.457626,3488.598344488372,0.038799999999999994,293867.047286,31680.699349918803,89.27062624999999,72.38129844705882,19.224113248992627,0.2833149578519237,44,64,,True,False,Request timeout: 300.0s exceeded,376,21.16838264042747
495,2026-09-14T02:32:05.551+00:00,2026-09-14T02:36:58.163+00:00,2026-09-14T02:37:05.725+00:00,False,115,114.0,,114.0,292612.16977100004,300173.78794700006,300173.788056,2610.20685266087,0.0365,292612.16977100004,27280.047487161617,88.3837457,66.329984,19.99585151319446,0.3797799960472509,44,64,,True,False,Request timeout: 300.0s exceeded,544,21.16838264042747
496,2026-09-14T02:32:07.322+00:00,2026-09-14T02:37:01.017+00:00,2026-09-14T02:37:07.372+00:00,False,103,102.0,,102.0,293695.259806,300050.006686,300050.006528,2913.1068594951457,0.0,293695.259806,28932.529175618685,89.9414482,62.30144,28.68894891623091,0.3399433352012627,44,64,,True,False,Request timeout: 300.0s exceeded,496,21.16838264042747
497,2026-09-14T02:32:11.092+00:00,2026-09-14T02:37:06.820+00:00,2026-09-14T02:37:11.147+00:00,False,64,63.0,,63.0,295728.94206000003,300055.848684,300055.84866,4688.3726353125,0.0,295728.94206000003,36957.54747920405,91.09310009999999,68.68105752380953,33.401078346932046,0.20996091319768823,44,64,,True,False,Request timeout: 300.0s exceeded,270,21.16838264042747
498,2026-09-14T02:32:14.705+00:00,2026-09-14T02:37:08.103+00:00,2026-09-14T02:37:14.771+00:00,False,99,98.0,,98.0,293398.205631,300065.575615,300065.575462,3030.9654087070708,0.02104,293398.205631,29480.79839294592,88.0168958,68.03438759183673,20.343056489127097,0.326595277712693,44,64,,True,False,Request timeout: 300.0s exceeded,212,21.16838264042747
499,2026-09-14T02:32:18.631+00:00,2026-09-14T02:37:12.483+00:00,2026-09-14T02:37:18.713+00:00,False,98,97.0,,97.0,293851.92051599995,300081.492612,300081.49254199996,3062.0560463469383,0.03056,293851.92051599995,29677.046311804395,89.1987305,64.22239274226804,20.82306173144484,0.3232455262591594,44,64,,True,False,Request timeout: 300.0s exceeded,276,21.16838264042747
500,2026-09-14T02:32:21.169+00:00,2026-09-14T02:37:14.900+00:00,2026-09-14T02:37:21.213+00:00,False,99,98.0,,98.0,293731.57561299996,300044.42425299995,300044.42435399996,3030.751761151515,0.036,293731.57561299996,29514.66707192654,90.26223,64.41682285714286,20.58267357755917,0.3266183007532431,44,64,,True,False,Request timeout: 300.0s exceeded,473,21.16838264042747
501,2026-09-14T02:32:24.269+00:00,2026-09-14T02:37:18.066+00:00,2026-09-14T02:37:24.304+00:00,False,96,95.0,,95.0,293797.22667799995,300034.36126999994,300034.36135699996,3125.3579308020826,0.02414,293797.22667799995,29978.85960000819,87.59232,65.65404833684211,19.853484683111088,0.31663040059105035,44,64,,True,False,Request timeout: 300.0s exceeded,440,21.16838264042747
502,2026-09-14T02:32:27.850+00:00,2026-09-14T02:37:21.586+00:00,2026-09-14T02:37:27.935+00:00,False,96,95.0,,95.0,293736.44235900004,300084.851191,300084.85130300006,3125.883867739584,0.02257,293736.44235900004,29972.536155066828,88.11578475,66.82535612631578,19.65935825627856,0.3165771268458125,44,64,,True,False,Request timeout: 300.0s exceeded,363,21.16838264042747
503,2026-09-14T02:32:31.996+00:00,2026-09-14T02:37:25.696+00:00,2026-09-14T02:37:32.076+00:00,False,93,92.0,,92.0,293699.08863300004,300079.29676100006,300079.29653000005,3226.6591024731188,0.036159,293699.08863300004,30447.991477732616,87.51008099999999,69.35008834782609,19.18226555780674,0.3065856291754574,44,64,,True,False,Request timeout: 300.0s exceeded,259,21.16838264042747
504,2026-09-14T02:32:35.455+00:00,2026-09-14T02:37:29.041+00:00,2026-09-14T02:37:35.498+00:00,False,94,93.0,,93.0,293586.138212,300043.761508,300043.761627,3191.954910925532,0.024169,293586.138212,30273.941791747056,87.25322615,69.4368096344086,18.50710430155736,0.3099547863704553,44,64,,True,False,Request timeout: 300.0s exceeded,471,21.16838264042747
505,2026-09-14T02:32:38.650+00:00,2026-09-14T02:37:32.582+00:00,2026-09-14T02:37:38.742+00:00,False,92,91.0,,91.0,293932.31790100003,300091.647949,300091.64790000004,3261.865738043479,0.02287,293932.31790100003,30637.51198690845,86.88238805,67.68494558241758,19.45708721763687,0.3032406953740521,44,64,,True,False,Request timeout: 300.0s exceeded,401,21.16838264042747
506,2026-09-14T02:32:41.440+00:00,2026-09-14T02:37:35.040+00:00,2026-09-14T02:37:41.529+00:00,False,98,97.0,,97.0,293600.097254,300088.90263,300088.902574,3062.1316589183675,0.020829999999999998,293600.097254,29651.33780793697,87.53497335,66.89490078350515,20.008386638797663,0.323237544440615,44,64,,True,False,Request timeout: 300.0s exceeded,396,21.16838264042747
507,2026-09-14T02:32:44.489+00:00,2026-09-14T02:37:38.175+00:00,2026-09-14T02:37:44.567+00:00,False,93,92.0,,92.0,293685.668156,300077.80434800003,300077.804375,3226.6430577956994,0.021070000000000002,293685.668156,30446.586536457475,87.86752040000002,69.4797412173913,19.40843918380023,0.3065871539546046,44,64,,True,False,Request timeout: 300.0s exceeded,310,21.16838264042747
508,2026-09-14T02:32:46.924+00:00,2026-09-14T02:37:40.630+00:00,2026-09-14T02:37:46.968+00:00,False,91,90.0,,90.0,293706.503771,300044.107099,300044.107105,3297.1879901648354,0.02054,293706.503771,30781.43138511344,88.09759899999999,70.41781475555555,18.90821705202603,0.29995589938483397,44,64,,True,False,Request timeout: 300.0s exceeded,451,21.16838264042747
509,2026-09-14T02:32:50.191+00:00,2026-09-14T02:37:44.061+00:00,2026-09-14T02:37:50.206+00:00,False,91,90.0,,90.0,293869.524976,300014.767344,300014.767215,3296.865573791209,0.023039999999999998,293869.524976,30798.74489888054,87.1843865,68.28047075555556,19.229306356892515,0.299985233382879,44,64,,True,False,Request timeout: 300.0s exceeded,391,21.16838264042747
510,2026-09-14T02:32:53.631+00:00,2026-09-14T02:37:47.127+00:00,2026-09-14T02:37:53.645+00:00,False,98,97.0,,97.0,293496.309901,300014.280077,300014.280185,3061.370205969388,0.02219,293496.309901,29640.82323483881,88.768708,67.19556882474227,19.862106478982113,0.3233179433162466,44,64,,True,False,Request timeout: 300.0s exceeded,364,21.16838264042747
511,2026-09-14T02:32:57.668+00:00,2026-09-14T02:37:51.281+00:00,2026-09-14T02:37:57.675+00:00,False,91,90.0,,90.0,293613.663351,300007.437943,300007.438045,3296.785033461538,0.037639000000000006,293613.663351,30771.634514938425,90.10607950000002,71.04193991111111,20.29668306286632,0.2999925622414054,44,64,,True,False,Request timeout: 300.0s exceeded,433,21.16838264042747
512,2026-09-14T02:33:01.690+00:00,2026-09-14T02:37:55.234+00:00,2026-09-14T02:38:01.728+00:00,False,93,92.0,,92.0,293543.649076,300037.95179599995,300037.95156899997,3226.214533,0.0249,293543.649076,30431.74513213237,90.25408540000001,70.59024695652174,20.092354877053637,0.30662787640462263,44,64,,True,False,Request timeout: 300.0s exceeded,425,21.16838264042747
513,2026-09-14T02:33:04.783+00:00,2026-09-14T02:37:58.533+00:00,2026-09-14T02:38:04.864+00:00,False,92,91.0,,91.0,293750.162708,300081.155092,300081.155256,3261.7516875652173,0.03983,293750.162708,30618.324717215695,91.34919005,69.57134487912089,20.066654999930392,0.30325129870984696,44,64,,True,False,Request timeout: 300.0s exceeded,202,21.16838264042747
514,2026-09-14T02:33:08.679+00:00,2026-09-14T02:38:02.422+00:00,2026-09-14T02:38:08.723+00:00,False,92,91.0,,91.0,293742.186823,300043.312455,300043.312592,3261.34035426087,0.02113,293742.186823,30617.527500034765,89.80294955,69.2431388131868,20.233019347382733,0.3032895459506301,44,64,,True,False,Request timeout: 300.0s exceeded,295,21.16838264042747
515,2026-09-14T02:33:12.447+00:00,2026-09-14T02:38:06.087+00:00,2026-09-14T02:38:12.713+00:00,False,55,54.0,,54.0,293639.762546,300265.81899400003,300265.818821,5459.378524018182,0.032269,293639.762546,39579.76601016433,88.9830387,122.70474903703703,394.9432083430561,0.179840649797968,44,64,,True,False,Request timeout: 300.0s exceeded,239,21.16838264042747
516,2026-09-14T02:33:16.336+00:00,2026-09-14T02:38:12.747+00:00,2026-09-14T02:38:16.352+00:00,False,111,110.0,,110.0,296411.294854,300015.884678,300015.88462699996,2702.84580745045,0.0152,296411.294854,28131.029697377755,86.79615700000001,32.7689984,37.62952442241043,0.3666472530881503,44,64,,True,False,Request timeout: 300.0s exceeded,407,21.16838264042747
517,2026-09-14T02:33:19.823+00:00,2026-09-14T02:38:14.041+00:00,2026-09-14T02:38:19.861+00:00,False,90,89.0,,89.0,294217.782112,300037.86991999997,300037.87001899997,3333.754111322222,0.03625,294217.782112,31006.390475296954,85.87848149999999,65.39424503370786,19.900003312747845,0.2966292222502791,44,64,,True,False,Request timeout: 300.0s exceeded,423,21.16838264042747
518,2026-09-14T02:33:24.066+00:00,2026-09-14T02:38:17.879+00:00,2026-09-14T02:38:24.121+00:00,False,92,91.0,,91.0,293812.258977,300054.297249,300054.297172,3261.4597518695655,0.02386,293812.258977,30624.900601764977,88.09858609999999,68.59382716483518,20.049416393921057,0.30327844271626503,44,64,,True,False,Request timeout: 300.0s exceeded,354,21.16838264042747
519,2026-09-14T02:33:27.492+00:00,2026-09-14T02:38:21.105+00:00,2026-09-14T02:38:27.498+00:00,False,97,96.0,,96.0,293612.920126,300006.647102,300006.646922,3092.8520301237113,0.01907,293612.920126,29805.119595326145,87.7428674,66.60132266666666,20.06941462544086,0.31999290991496165,44,64,,True,False,Request timeout: 300.0s exceeded,506,21.16838264042747
520,2026-09-14T02:33:30.373+00:00,2026-09-14T02:38:24.208+00:00,2026-09-14T02:38:30.426+00:00,False,96,95.0,,95.0,293834.999875,300052.860483,300052.860633,3125.5506315937496,0.0385,293834.999875,29982.73597556323,89.097052,65.45116429473684,20.541979798386155,0.31661087931998694,44,64,,True,False,Request timeout: 300.0s exceeded,495,21.16838264042747
521,2026-09-14T02:33:34.178+00:00,2026-09-14T02:38:27.800+00:00,2026-09-14T02:38:34.249+00:00,False,97,96.0,,96.0,293622.527992,300071.018744,300071.018771,3093.5156574329894,0.051479,293622.527992,29806.037439477703,88.34914979999999,67.17177866666667,20.41847867803669,0.3199242646018428,44,64,,True,False,Request timeout: 300.0s exceeded,531,21.16838264042747
522,2026-09-14T02:33:37.322+00:00,2026-09-14T02:38:31.001+00:00,2026-09-14T02:38:37.383+00:00,False,92,91.0,,91.0,293679.439921,300060.627505,300060.627492,3261.528559695652,0.03628,293679.439921,30610.893670854257,89.93047910000001,70.12294048351649,19.78697624400377,0.3032720445753372,44,64,,True,False,Request timeout: 300.0s exceeded,426,21.16838264042747
523,2026-09-14T02:33:40.161+00:00,2026-09-14T02:38:34.156+00:00,2026-09-14T02:38:40.239+00:00,False,88,87.0,,87.0,293995.083844,300078.543428,300078.543413,3409.983447875,0.03911,293995.083844,31332.533462664327,89.05729869999999,69.92482280459771,19.878766577812204,0.28992409455917845,44,64,,True,False,Request timeout: 300.0s exceeded,424,21.16838264042747
524,2026-09-14T02:33:43.856+00:00,2026-09-14T02:38:37.723+00:00,2026-09-14T02:38:43.887+00:00,False,92,91.0,,91.0,293866.988572,300031.285788,300031.285881,3261.2096291413045,0.046729999999999994,293866.988572,30630.696206514505,87.87623609999999,67.73952984615384,20.93332319337616,0.303301703224043,44,64,,True,False,Request timeout: 300.0s exceeded,375,21.16838264042747
525,2026-09-14T02:33:46.953+00:00,2026-09-14T02:38:40.570+00:00,2026-09-14T02:38:47.012+00:00,False,102,101.0,,101.0,293617.353587,300059.499635,300059.49962099997,2941.759800205882,0.022850000000000002,293617.353587,29066.141517650132,87.19782449999998,63.78362423762377,20.148919570725095,0.33659990809442447,44,64,,True,False,Request timeout: 300.0s exceeded,500,21.16838264042747
526,2026-09-14T02:33:49.679+00:00,2026-09-14T02:38:43.405+00:00,2026-09-14T02:38:49.702+00:00,False,96,95.0,,95.0,293726.31449699996,300022.950401,300022.95053699997,3125.2390680937497,0.027829999999999997,293726.31449699996,29971.557957387384,85.9786765,66.2803779368421,19.428609595884115,0.3166424430965244,44,64,,True,False,Request timeout: 300.0s exceeded,582,21.16838264042747
527,2026-09-14T02:33:52.276+00:00,2026-09-14T02:38:45.806+00:00,2026-09-14T02:38:52.315+00:00,False,99,98.0,,98.0,293530.05597000004,300038.71107400005,300038.71095200005,3030.6940500202027,0.03542,293530.05597000004,29494.21219014531,87.44056289999999,66.414848,19.707446863310896,0.3266245200467808,44,64,,True,False,Request timeout: 300.0s exceeded,398,21.16838264042747
528,2026-09-14T02:33:55.794+00:00,2026-09-14T02:38:49.491+00:00,2026-09-14T02:38:55.874+00:00,False,95,94.0,,94.0,293697.23840499995,300080.78221299994,300080.78218199994,3158.7450755999994,0.02036,293697.23840499995,30125.74002044721,88.201923,67.9100405106383,20.01257396219003,0.31324898351297276,44,64,,True,False,Request timeout: 300.0s exceeded,415,21.16838264042747
529,2026-09-14T02:33:58.982+00:00,2026-09-14T02:38:52.792+00:00,2026-09-14T02:38:59.000+00:00,False,93,92.0,,92.0,293810.492914,300018.583794,300018.583852,3226.006277978495,0.02184,293810.492914,30459.738094775108,88.393174,67.47924869565217,20.025563875931006,0.30664767107616714,44,64,,True,False,Request timeout: 300.0s exceeded,207,21.16838264042747
530,2026-09-14T02:34:01.736+00:00,2026-09-14T02:38:55.498+00:00,2026-09-14T02:39:01.761+00:00,False,93,92.0,,92.0,293762.14427600004,300025.37371600006,300025.37364700006,3226.0792865268822,0.04458,293762.14427600004,30454.662003275145,87.4643996,68.07858086956522,19.3616407776337,0.3066407312839012,44,64,,True,False,Request timeout: 300.0s exceeded,439,21.16838264042747
531,2026-09-14T02:34:04.134+00:00,2026-09-14T02:38:58.292+00:00,2026-09-14T02:39:04.201+00:00,False,86,85.0,,85.0,294158.802647,300067.437271,300067.437037,3489.1562446162793,0.03495,294158.802647,31712.469545576605,86.407703,69.51334851764706,19.477033288004566,0.2832696568912738,44,64,,True,False,Request timeout: 300.0s exceeded,413,21.16838264042747
532,2026-09-14T02:34:07.536+00:00,2026-09-14T02:39:01.074+00:00,2026-09-14T02:39:07.552+00:00,False,100,99.0,,99.0,293538.740664,300016.138424,300016.138443,3000.16138443,0.036950000000000004,293538.740664,29347.338411471133,88.91032150000001,65.42826020202021,20.620413467607786,0.32998224868852727,44,64,,True,False,Request timeout: 300.0s exceeded,373,21.16838264042747
533,2026-09-14T02:34:09.952+00:00,2026-09-14T02:39:03.365+00:00,2026-09-14T02:39:10.014+00:00,False,104,103.0,,103.0,293413.038899,300061.765939,300061.765806,2885.2092865961536,0.04209,293413.038899,28765.193405873888,89.38269365000001,64.55074796116504,20.91995955984001,0.3432626601982307,44,64,,True,False,Request timeout: 300.0s exceeded,340,21.16838264042747
534,2026-09-14T02:34:14.179+00:00,2026-09-14T02:39:07.720+00:00,2026-09-14T02:39:14.252+00:00,False,98,97.0,,97.0,293540.706118,300073.130822,300073.130922,3061.970723693877,0.039920000000000004,293540.706118,29645.292925307233,87.96239435,67.3445845773196,19.93609092739805,0.3232545337674345,44,64,,True,False,Request timeout: 300.0s exceeded,336,21.16838264042747
535,2026-09-14T02:34:18.135+00:00,2026-09-14T02:39:11.702+00:00,2026-09-14T02:39:18.196+00:00,False,96,95.0,,95.0,293567.013531,300061.403291,300061.403356,3125.639618291667,0.02491,293567.013531,29955.087012309454,88.18226625,68.36199747368421,19.572339439041876,0.3166018653451036,44,64,,True,False,Request timeout: 300.0s exceeded,436,21.16838264042747
536,2026-09-14T02:34:21.477+00:00,2026-09-14T02:39:15.532+00:00,2026-09-14T02:39:21.552+00:00,False,87,86.0,,86.0,294055.60487,300075.10310999997,300075.103115,3449.1391162643677,0.03359,294055.60487,31518.57178258151,88.4768222,69.99416558139534,19.48489161343265,0.28659491943413434,44,64,,True,False,Request timeout: 300.0s exceeded,540,21.16838264042747
537,2026-09-14T02:34:24.414+00:00,2026-09-14T02:39:18.276+00:00,2026-09-14T02:39:24.462+00:00,False,90,89.0,,89.0,293862.043557,300047.216037,300047.215993,3333.8579554777775,0.0453,293862.043557,30968.459262236436,87.36385695000001,69.49632,18.785756744276274,0.2966199825997554,44,64,,True,False,Request timeout: 300.0s exceeded,370,21.16838264042747
538,2026-09-14T02:34:26.813+00:00,2026-09-14T02:39:20.635+00:00,2026-09-14T02:39:26.836+00:00,False,91,90.0,,90.0,293821.490452,300023.457044,300023.456913,3296.961064978022,0.021609000000000003,293821.490452,30793.643697439587,87.38827649999999,68.91073991111112,19.63641842277794,0.2999765447899663,44,64,,True,False,Request timeout: 300.0s exceeded,391,21.16838264042747
539,2026-09-14T02:34:30.415+00:00,2026-09-14T02:39:23.995+00:00,2026-09-14T02:39:30.444+00:00,False,98,97.0,,97.0,293580.473759,300029.824671,300029.824718,3061.5288236530614,0.02541,293580.473759,29649.396879162607,87.61384050000001,66.48815373195876,20.38745685871501,0.3233011921610329,44,64,,True,False,Request timeout: 300.0s exceeded,526,21.16838264042747
540,2026-09-14T02:34:33.459+00:00,2026-09-14T02:39:26.750+00:00,2026-09-14T02:39:33.536+00:00,False,103,102.0,,102.0,293290.7709,300076.642516,300076.642538,2913.3654615339806,0.04617,293290.7709,28892.25026812915,89.40823689999999,66.52815309803921,20.388907719996737,0.3399131606671498,44,64,,True,False,Request timeout: 300.0s exceeded,463,21.16838264042747
541,2026-09-14T02:34:36.150+00:00,2026-09-14T02:39:29.798+00:00,2026-09-14T02:39:36.232+00:00,False,111,110.0,,110.0,293648.02453399997,300082.25839,300082.25826499995,2703.4437681531526,0.02435,293648.02453399997,27866.292568573936,87.791855,58.49303505454545,20.455231353308925,0.36656615619387667,44,64,,True,False,Request timeout: 300.0s exceeded,274,21.16838264042747
542,2026-09-14T02:34:40.218+00:00,2026-09-14T02:39:33.622+00:00,2026-09-14T02:39:38.460+00:00,True,110,110.0,,110.0,293404.52176599996,298242.18422999996,298242.18427699996,2711.2925843363632,0.019829999999999997,293404.52176599996,27970.802893481923,84.7639053,44.382224440366976,25.000859057437477,0.3688277709070479,44,64,,True,True,,495,21.16838264042747
0,2026-09-14T02:04:40.933+00:00,2026-09-14T02:04:41.210+00:00,2026-09-14T02:04:53.027+00:00,True,224,224.0,,224.0,276.752737,12094.425185,12094.425263,53.99296992410714,0.09562000000000001,276.752737,24.270313118845596,90.57038115000002,52.99404685201794,19.1618780107679,18.520929814656586,45,64,,False,True,,998,21.16838264042747
1,2026-09-14T02:04:43.658+00:00,2026-09-14T02:04:43.800+00:00,2026-09-14T02:04:57.425+00:00,True,221,221.0,,221.0,142.03523,13766.852126,13766.852088,62.29344836199095,0.0237,142.03523,21.939781474006754,95.61585799999999,61.93098589090909,21.316303070595534,16.053052504473456,45,64,,False,True,,745,21.16838264042747
2,2026-09-14T02:04:46.759+00:00,2026-09-14T02:04:47.024+00:00,2026-09-14T02:05:02.361+00:00,True,242,242.0,,242.0,265.32542099999995,15601.746029,15601.745942,64.47002455371901,39.915176,265.32542099999995,25.205357334769904,96.38725354999998,63.636600033195016,21.660203204785443,15.51108443568935,45,64,,False,True,,541,21.16838264042747
3,2026-09-14T02:04:49.642+00:00,2026-09-14T02:04:54.057+00:00,2026-09-14T02:05:13.752+00:00,True,300,300.0,,300.0,4414.721726,24109.63731,24109.637112,80.36545704,39.546006,4414.721726,252.01669616021422,96.105917,65.8692828896321,21.73175430239871,12.443156906203997,45,64,,False,True,,1246,21.16838264042747
4,2026-09-14T02:04:52.249+00:00,2026-09-14T02:04:58.243+00:00,2026-09-14T02:05:16.685+00:00,True,281,281.0,,281.0,5994.324249,24435.656217,24435.656346,86.95963112455516,17.697483000000002,5994.324249,354.31535585093036,93.077554,65.86189988571428,21.538942805202936,11.49958885918959,45,64,,False,True,,1263,21.16838264042747
5,2026-09-14T02:04:56.187+00:00,2026-09-14T02:05:04.709+00:00,2026-09-14T02:05:12.701+00:00,True,124,124.0,,124.0,8522.32234,16514.352036,16514.351988000002,133.18025796774194,41.149404000000004,8522.32234,759.8046945269559,94.61469980000001,64.97585118699187,21.880642194992017,7.5086203642558695,45,64,,False,True,,578,21.16838264042747
6,2026-09-14T02:04:59.914+00:00,2026-09-14T02:05:11.759+00:00,2026-09-14T02:05:26.830+00:00,True,226,226.0,,226.0,11844.862518,26916.199734,26916.199626999998,119.0982284380531,22.657732,11844.862518,783.7602807906816,95.3760965,66.98372096,21.999324120322434,8.396430485486453,45,64,,False,True,,652,21.16838264042747
7,2026-09-14T02:05:03.181+00:00,2026-09-14T02:05:17.269+00:00,2026-09-14T02:05:26.159+00:00,True,136,136.0,,136.0,14088.32431,22977.84111,22977.841246,168.95471504411765,40.839835,14088.32431,1202.6131346024888,93.11094574999998,65.8482725925926,21.777509441965847,5.918745775503362,45,64,,False,True,,345,21.16838264042747
8,2026-09-14T02:05:05.922+00:00,2026-09-14T02:05:22.455+00:00,2026-09-14T02:05:29.509+00:00,True,106,106.0,,106.0,16533.305948,23586.86934,23586.869163,222.51763361320755,40.177225,16533.305948,1599.48508650227,94.68720025,67.1767942095238,22.246401673165725,4.494025827337712,45,64,,False,True,,530,21.16838264042747
9,2026-09-14T02:05:09.022+00:00,2026-09-14T02:05:27.823+00:00,2026-09-14T02:05:43.272+00:00,True,236,236.0,,236.0,18801.197151,34249.952607,34249.952684,145.12691815254237,0.01837,18801.197151,1219.8693881012553,95.42121150000001,65.73938491914893,26.881761143362677,6.890520483574812,45,64,,False,True,,1089,21.16838264042747
10,2026-09-14T02:05:11.245+00:00,2026-09-14T02:05:31.197+00:00,2026-09-14T02:05:41.538+00:00,True,163,163.0,,163.0,19951.351776,30292.274656,30292.274665,185.8421758588957,0.017070000000000002,19951.351776,1557.9656825587772,95.71297390000001,63.83285728395062,28.27317899580154,5.380909880523434,45,64,,False,True,,678,21.16838264042747
11,2026-09-14T02:05:14.820+00:00,2026-09-14T02:05:38.292+00:00,2026-09-14T02:05:54.652+00:00,True,252,252.0,,252.0,23472.542396,39831.920572,39831.920585,158.06317692460317,0.05919,23472.542396,1474.6927718811055,95.2423425,65.17680548207171,22.259645790616744,6.326584216407189,45,64,,False,True,,1115,21.16838264042747
12,2026-09-14T02:05:17.774+00:00,2026-09-14T02:05:43.918+00:00,2026-09-14T02:05:54.696+00:00,True,163,163.0,,163.0,26144.157238000003,36921.630774000005,36921.630915,226.51307309815954,40.865573,26144.157238000003,2042.6729615713066,95.0625542,66.52761441975309,21.777092469810523,4.414756244049318,45,64,,False,True,,673,21.16838264042747
13,2026-09-14T02:05:21.546+00:00,2026-09-14T02:05:49.589+00:00,2026-09-14T02:05:57.911+00:00,True,127,127.0,,127.0,28043.259353999998,36364.656858,36364.656829,286.3358805433071,40.232053,28043.259353999998,2482.6770393704032,96.9711603,66.04283733333334,22.42990402614416,3.492401990644957,45,64,,False,True,,697,21.16838264042747
14,2026-09-14T02:05:24.601+00:00,2026-09-14T02:05:54.965+00:00,2026-09-14T02:06:08.587+00:00,True,205,205.0,,205.0,30363.574735,43986.010575,43986.010621,214.56590546829267,38.792598,30363.574735,2116.135563814201,94.99872599999999,66.7766462745098,22.153818643524847,4.660572698459594,45,64,,False,True,,836,21.16838264042747
15,2026-09-14T02:05:28.314+00:00,2026-09-14T02:06:01.579+00:00,2026-09-14T02:06:21.586+00:00,True,298,298.0,,298.0,33264.767003,53272.371226999996,53272.371124,178.76634605369128,32.336332,33264.767003,1923.1964300074922,95.02884250000001,67.36567078787878,21.752351881154066,5.5938940418136465,45,64,,False,True,,1365,21.16838264042747
16,2026-09-14T02:05:32.065+00:00,2026-09-14T02:06:07.952+00:00,2026-09-14T02:06:18.422+00:00,True,159,159.0,,159.0,35886.967028,46356.522228,46356.522057,291.5504531886792,35.848324999999996,35886.967028,2840.84996074953,94.50214700000001,66.26300759493671,21.83044189199632,3.429938061746179,45,64,,False,True,,684,21.16838264042747
17,2026-09-14T02:05:34.598+00:00,2026-09-14T02:06:11.972+00:00,2026-09-14T02:06:22.305+00:00,True,155,155.0,,155.0,37373.726505000006,47706.95556100001,47706.955421000006,307.786809167742,39.240227,37373.726505000006,2996.6160639054788,93.8268077,67.09888997402597,21.358599867790698,3.2490021251054437,45,64,,False,True,,722,21.16838264042747
18,2026-09-14T02:05:38.293+00:00,2026-09-14T02:06:19.234+00:00,2026-09-14T02:06:38.750+00:00,True,295,295.0,,295.0,40941.377828000004,60456.88400400001,60456.88404600001,204.9385899864407,0.01653,40941.377828000004,2380.045147143773,94.87840899999999,66.379272707483,31.724410122840776,4.879510495123796,45,64,,False,True,,1384,21.16838264042747
19,2026-09-14T02:05:40.821+00:00,2026-09-14T02:06:22.874+00:00,2026-09-14T02:06:30.436+00:00,True,118,118.0,,118.0,42052.93846500001,49615.12572900001,49615.125790000006,420.4671677118645,40.039286,42052.93846500001,3865.391983123875,92.7137967,64.63407917948717,20.757083683078754,2.3783069833284545,45,64,,False,True,,230,21.16838264042747
20,2026-09-14T02:05:43.497+00:00,2026-09-14T02:06:27.169+00:00,2026-09-14T02:06:34.315+00:00,True,109,109.0,,109.0,43672.525134,50817.853774,50817.853888000005,466.21884300917435,0.016550000000000002,43672.525134,4176.937820698113,96.91347999999999,66.16045037037037,41.63524033756758,2.144915455988183,45,64,,False,True,,379,21.16838264042747
21,2026-09-14T02:05:47.547+00:00,2026-09-14T02:06:35.698+00:00,2026-09-14T02:06:54.249+00:00,True,278,278.0,,278.0,48150.832288000005,66701.581728,66701.581714,239.9337471726619,10.848537,48150.832288000005,2883.9604704943213,94.297071,66.97021458483755,21.795951272527777,4.167817206099343,45,64,,False,True,,1479,21.16838264042747
22,2026-09-14T02:05:50.575+00:00,2026-09-14T02:06:41.341+00:00,2026-09-14T02:06:52.501+00:00,True,168,168.0,,168.0,50765.929707,61925.757931,61925.757935,368.60570199404765,6.730116,50765.929707,3911.59096939012,96.02748785,66.82531870658683,23.49603744941452,2.712926020012414,45,64,,False,True,,769,21.16838264042747
23,2026-09-14T02:05:54.020+00:00,2026-09-14T02:06:45.850+00:00,2026-09-14T02:07:01.016+00:00,True,227,227.0,,227.0,51829.673006,66995.558446,66995.558462,295.1346187753304,7.8939639999999995,51829.673006,3435.676995318922,94.60429529999999,67.10568778761062,22.71147226503633,3.388284317130775,45,64,,False,True,,1049,21.16838264042747
24,2026-09-14T02:05:57.097+00:00,2026-09-14T02:06:51.942+00:00,2026-09-14T02:06:58.650+00:00,True,102,102.0,,102.0,54845.209649,61553.405489,61553.405377999996,603.4647586078431,40.562703,54845.209649,5423.951283012583,95.4270699,66.41778059405941,21.6207325234219,1.6570975917527109,45,64,,False,True,,341,21.16838264042747
25,2026-09-14T02:06:00.979+00:00,2026-09-14T02:06:58.556+00:00,2026-09-14T02:07:17.175+00:00,True,275,275.0,,275.0,57576.714669,76196.066733,76196.066706,277.07660620363635,0.0,57576.714669,3468.0012933775565,96.4143087,67.95383964963503,25.380113154368036,3.609110178398479,45,64,,False,True,,530,21.16838264042747
26,2026-09-14T02:06:04.399+00:00,2026-09-14T02:07:04.891+00:00,2026-09-14T02:07:20.508+00:00,True,234,234.0,,234.0,60491.363003,76108.194235,76108.194178,325.24869306837604,0.0,60491.363003,3950.1496306180647,96.36005564999999,67.02502674678112,26.286266688246545,3.0745703843330716,45,64,,False,True,,1097,21.16838264042747
27,2026-09-14T02:06:07.706+00:00,2026-09-14T02:07:10.523+00:00,2026-09-14T02:07:20.789+00:00,True,155,155.0,,155.0,62816.318674999995,73082.804947,73082.80497299999,471.50196756774193,39.764455000000005,62816.318674999995,5040.226606938745,97.3111167,66.66549527272727,23.227846164113526,2.1208819244473,45,64,,False,True,,914,21.16838264042747
28,2026-09-14T02:06:11.387+00:00,2026-09-14T02:07:16.949+00:00,2026-09-14T02:07:34.375+00:00,True,265,265.0,,265.0,65562.707883,82987.776939,82987.777101,313.1614230226415,0.01696,65562.707883,4023.592630592361,95.070841,66.00404945454545,36.185095745626334,3.193241339562424,45,64,,False,True,,1274,21.16838264042747
29,2026-09-14T02:06:14.962+00:00,2026-09-14T02:07:23.462+00:00,2026-09-14T02:07:39.581+00:00,True,249,249.0,,249.0,68500.48034800001,84618.70422000001,84618.70422600002,339.83415351807236,0.016800000000000002,68500.48034800001,4337.078974069143,94.733824,64.9928381935484,36.879696119885466,2.942611829089528,45,64,,False,True,,1131,21.16838264042747
30,2026-09-14T02:06:17.459+00:00,2026-09-14T02:07:28.311+00:00,2026-09-14T02:07:43.167+00:00,True,229,229.0,,229.0,70852.465234,85708.771154,85708.771196,374.2741100262009,3.662522,70852.465234,4677.817408226252,93.25102500000001,65.15923649122807,23.85523890766834,2.671838563506375,45,64,,False,True,,544,21.16838264042747
31,2026-09-14T02:06:20.491+00:00,2026-09-14T02:07:33.202+00:00,2026-09-14T02:07:49.631+00:00,True,255,255.0,,255.0,72711.306671,89140.329135,89140.328972,349.5699175372549,39.338217,72711.306671,4549.356163729658,92.927924,64.6811908031496,20.941561899522064,2.860658048657316,45,64,,False,True,,1332,21.16838264042747
32,2026-09-14T02:06:23.736+00:00,2026-09-14T02:07:38.399+00:00,2026-09-14T02:07:45.508+00:00,True,109,109.0,,109.0,74662.942429,81772.037853,81772.03776400001,750.202181321101,39.277266000000004,74662.942429,7145.138581799398,92.9862716,65.82495762962962,21.005388964464395,1.3329739952909965,45,64,,False,True,,367,21.16838264042747
33,2026-09-14T02:06:27.367+00:00,2026-09-14T02:07:45.106+00:00,2026-09-14T02:07:52.546+00:00,True,119,119.0,,119.0,77738.793413,85178.467525,85178.46747,715.7854409243698,0.0,77738.793413,7120.573925449576,92.4753929,63.04808569491526,26.805036052257837,1.397066693704877,45,64,,False,True,,560,21.16838264042747
34,2026-09-14T02:06:30.038+00:00,2026-09-14T02:07:49.538+00:00,2026-09-14T02:08:04.186+00:00,True,223,223.0,,223.0,79500.043516,94147.46393200001,94147.463869,422.185936632287,0.0,79500.043516,5319.354621087414,94.6196311,65.97937124324324,24.517475797781493,2.3686246095918895,45,64,,False,True,,1091,21.16838264042747
35,2026-09-14T02:06:33.528+00:00,2026-09-14T02:07:56.067+00:00,2026-09-14T02:08:09.484+00:00,True,203,203.0,,203.0,82538.91278900001,95955.651861,95955.651943,472.68794060591136,39.653717,82538.91278900001,5788.476466389725,96.05144119999999,66.41950035643565,22.15974310382869,2.115560637262544,45,64,,False,True,,963,21.16838264042747
36,2026-09-14T02:06:37.105+00:00,2026-09-14T02:08:00.825+00:00,2026-09-14T02:08:10.542+00:00,True,149,149.0,,149.0,83719.302264,93437.10859999999,93437.108555,627.0946882885906,41.516183,83719.302264,6853.208756744971,96.3010338,65.66085362162163,22.11017737595333,1.5946555092780346,45,64,,False,True,,375,21.16838264042747
37,2026-09-14T02:06:40.824+00:00,2026-09-14T02:08:08.465+00:00,2026-09-14T02:08:19.524+00:00,True,168,168.0,,168.0,87641.053897,98699.67994500001,98699.679868,587.498094452381,0.0,87641.053897,6756.60292756539,93.95812035,66.21931765269461,28.020228814783255,1.702133179090523,45,64,,False,True,,787,21.16838264042747
38,2026-09-14T02:06:43.287+00:00,2026-09-14T02:08:12.705+00:00,2026-09-14T02:08:24.732+00:00,True,182,182.0,,182.0,89417.61558900001,101444.62998900001,101444.629954,557.3880766703297,0.0,89417.61558900001,6623.3459189100195,95.07876809999999,66.44759337016575,51.1861340365552,1.794082151216234,45,64,,False,True,,846,21.16838264042747
39,2026-09-14T02:06:47.047+00:00,2026-09-14T02:08:19.702+00:00,2026-09-14T02:08:36.141+00:00,True,247,247.0,,247.0,92655.12891099999,109093.74599899999,109093.74589499999,441.6750845951417,0.032619,92655.12891099999,5891.418408144859,96.9359993,66.823646699187,44.265404371986385,2.2641077885643797,45,64,,False,True,,1020,21.16838264042747
40,2026-09-14T02:06:49.802+00:00,2026-09-14T02:08:24.914+00:00,2026-09-14T02:08:33.487+00:00,True,131,131.0,,131.0,95111.707332,103685.04365200001,103685.043552,791.4888820763359,40.265605,95111.707332,8304.216051694459,96.0208925,65.94874092307693,22.245495782155956,1.263441624615385,45,64,,False,True,,708,21.16838264042747
41,2026-09-14T02:06:52.851+00:00,2026-09-14T02:08:30.261+00:00,2026-09-14T02:08:42.299+00:00,True,178,178.0,,178.0,97410.03895999999,109448.27025599999,109448.27045499999,614.8779239044943,0.0,97410.03895999999,7296.135920906241,95.76594335,68.01260619209039,24.996956746127513,1.6263390877138324,45,64,,False,True,,728,21.16838264042747
42,2026-09-14T02:06:55.195+00:00,2026-09-14T02:08:34.556+00:00,2026-09-14T02:08:54.479+00:00,True,299,299.0,,299.0,99361.464469,119284.75278899999,119284.752666,398.945661090301,0.0,99361.464469,5742.406953983009,95.95537090000002,66.8566722147651,24.365389782802986,2.5066070307316988,45,64,,False,True,,450,21.16838264042747
43,2026-09-14T02:06:58.157+00:00,2026-09-14T02:08:39.293+00:00,2026-09-14T02:08:48.392+00:00,True,139,139.0,,139.0,101135.820752,110234.884304,110234.884353,793.0567219640287,40.652754,101135.820752,8572.666402738227,96.27194809999999,65.93524313043478,22.98916982018458,1.2609438552742802,45,64,,False,True,,531,21.16838264042747
44,2026-09-14T02:07:00.493+00:00,2026-09-14T02:08:44.274+00:00,2026-09-14T02:09:03.891+00:00,True,296,296.0,,296.0,103781.170485,123398.478901,123398.47897099999,416.8867532804054,0.0,103781.170485,6028.351288710532,95.35293325,66.49935056271187,26.597755983826726,2.3987329717206207,45,64,,False,True,,1295,21.16838264042747
45,2026-09-14T02:07:03.036+00:00,2026-09-14T02:08:49.444+00:00,2026-09-14T02:09:08.507+00:00,True,289,289.0,,289.0,106407.901931,125470.750699,125470.750703,434.15484672318337,0.0,106407.901931,6255.450893335993,94.324547,66.19044711111111,26.538776057764263,2.303325662674172,45,64,,False,True,,1188,21.16838264042747
46,2026-09-14T02:07:05.676+00:00,2026-09-14T02:08:53.191+00:00,2026-09-14T02:09:02.084+00:00,True,136,136.0,,136.0,107514.604622,116407.554894,116407.554851,855.9379033161765,0.0,107514.604622,9213.701427907186,94.88812750000001,65.87370571851852,30.088197384080697,1.1683090511079006,45,64,,False,True,,459,21.16838264042747
47,2026-09-14T02:07:09.526+00:00,2026-09-14T02:09:00.077+00:00,2026-09-14T02:09:09.254+00:00,True,143,143.0,,143.0,110550.799656,119727.941672,119727.941764,837.2583340139861,38.927518,110550.799656,9239.34495294249,96.0023401,64.62776067605634,22.459889859445855,1.1943744960700555,45,64,,False,True,,589,21.16838264042747
48,2026-09-14T02:07:12.712+00:00,2026-09-14T02:09:05.021+00:00,2026-09-14T02:09:15.211+00:00,True,154,154.0,,154.0,112309.510228,122499.122772,122499.122908,795.448850051948,33.601089,112309.510228,9044.819727574368,96.78219515,66.59877479738562,22.647239650669842,1.2571518596637676,45,64,,False,True,,775,21.16838264042747
49,2026-09-14T02:07:16.407+00:00,2026-09-14T02:09:12.530+00:00,2026-09-14T02:09:25.448+00:00,True,192,192.0,,192.0,116123.545899,129041.130539,129041.130598,672.0892218645834,0.0,116123.545899,8375.806471957543,97.22220395000001,67.63133319371727,56.90305284175697,1.4878976896592826,45,64,,False,True,,678,21.16838264042747
50,2026-09-14T02:07:19.792+00:00,2026-09-14T02:09:19.093+00:00,2026-09-14T02:09:30.884+00:00,True,174,174.0,,174.0,119300.952565,131091.953909,131091.953712,753.4020328275863,0.0,119300.952565,9039.064518315567,95.9259665,68.15607713294798,30.01429661005011,1.3273125833549284,45,64,,False,True,,546,21.16838264042747
51,2026-09-14T02:07:23.801+00:00,2026-09-14T02:09:25.919+00:00,2026-09-14T02:09:39.456+00:00,True,205,205.0,,205.0,122118.45276,135655.26684,135655.266931,661.7330094195122,37.82778,122118.45276,8524.51575851965,94.8627232,66.35693176470588,21.753335129467892,1.5111834930949593,45,64,,False,True,,458,21.16838264042747
52,2026-09-14T02:07:26.014+00:00,2026-09-14T02:09:29.224+00:00,2026-09-14T02:09:48.586+00:00,True,296,296.0,,296.0,123209.530551,142571.658935,142571.65893900002,481.66100992905405,0.0,123209.530551,7157.646428491461,94.21877599999999,65.63433350508474,27.551857042208447,2.076148950016424,45,64,,False,True,,1243,21.16838264042747
53,2026-09-14T02:07:29.957+00:00,2026-09-14T02:09:36.398+00:00,2026-09-14T02:09:46.672+00:00,True,156,156.0,,156.0,126441.471632,136714.664336,136714.664365,876.3760536217949,0.0,126441.471632,10118.163856112165,93.77766749999999,66.27866260645162,32.130825728708125,1.1410626706188807,45,64,,False,True,,663,21.16838264042747
54,2026-09-14T02:07:32.354+00:00,2026-09-14T02:09:41.066+00:00,2026-09-14T02:10:00.137+00:00,True,288,288.0,,288.0,128712.366273,147783.125697,147783.125607,513.1358528020834,0.0,128712.366273,7580.585618695143,94.26693015,66.44863910801394,28.18774899435691,1.9488016554101508,45,64,,False,True,,1069,21.16838264042747
55,2026-09-14T02:07:35.142+00:00,2026-09-14T02:09:45.113+00:00,2026-09-14T02:10:04.104+00:00,True,287,287.0,,287.0,129970.45867299999,148961.48356899997,148961.483415,519.0295589372822,0.0,129970.45867299999,7668.045397542116,95.655384,66.40218495104895,28.12393482639237,1.9266725406038243,45,64,,False,True,,1290,21.16838264042747
56,2026-09-14T02:07:39.092+00:00,2026-09-14T02:09:52.557+00:00,2026-09-14T02:10:07.570+00:00,True,223,223.0,,223.0,133465.101908,148477.934676,148477.934722,665.8203350762333,33.838049,133465.101908,8932.982402322508,96.874104,67.62537282882883,21.871052414088588,1.5019066670520285,45,64,,False,True,,334,21.16838264042747
57,2026-09-14T02:07:42.188+00:00,2026-09-14T02:09:57.582+00:00,2026-09-14T02:10:17.146+00:00,True,292,292.0,,292.0,135394.28464,154958.473824,154958.473802,530.6797048013699,0.0,135394.28464,7919.4647573762995,96.52284255000001,67.23089066666667,27.605647977031108,1.8843758123976504,45,64,,False,True,,1192,21.16838264042747
58,2026-09-14T02:07:44.565+00:00,2026-09-14T02:10:01.938+00:00,2026-09-14T02:10:14.087+00:00,True,184,184.0,,184.0,137372.20190000001,149522.01950000002,149522.01950000002,812.6196711956522,0.0,137372.20190000001,10122.364021740135,95.71607215,66.39244590163935,30.417734932465933,1.2305879803877313,45,64,,False,True,,773,21.16838264042747
59,2026-09-14T02:07:47.874+00:00,2026-09-14T02:10:08.478+00:00,2026-09-14T02:10:19.006+00:00,True,158,158.0,,158.0,140603.55640200002,151131.87768200002,151131.87758600002,956.5308707974684,0.0,140603.55640200002,11180.769611318168,97.80767285,67.05937121019109,80.25760634872925,1.0454445642000914,45,64,,False,True,,677,21.16838264042747
60,2026-09-14T02:07:51.720+00:00,2026-09-14T02:10:15.309+00:00,2026-09-14T02:10:32.013+00:00,True,254,254.0,,254.0,143589.659049,160293.058217,160293.05822200002,631.0750323700788,0.01586,143589.659049,9005.681085765533,95.629423,66.02134058498024,61.19868207387073,1.5845976290260948,45,64,,False,True,,1212,21.16838264042747
61,2026-09-14T02:07:55.316+00:00,2026-09-14T02:10:21.491+00:00,2026-09-14T02:10:35.973+00:00,True,216,216.0,,216.0,146174.864986,160656.822106,160656.822201,743.7815842638889,36.816392,146174.864986,9941.380515792336,96.73359349999998,67.35794009302326,21.828512555129144,1.3444807208839538,45,64,,False,True,,928,21.16838264042747
62,2026-09-14T02:07:58.883+00:00,2026-09-14T02:10:27.763+00:00,2026-09-14T02:10:47.132+00:00,True,292,292.0,,292.0,148880.03236800001,168249.31416,168249.314061,576.196281030822,0.0,148880.03236800001,8708.700568505139,95.22751104999999,66.56110581443299,29.817698898159637,1.735519704539876,45,64,,False,True,,943,21.16838264042747
63,2026-09-14T02:08:02.136+00:00,2026-09-14T02:10:33.215+00:00,2026-09-14T02:10:48.778+00:00,True,238,238.0,,238.0,151078.885691,166642.077499,166642.077612,700.1767966890757,0.0,151078.885691,9788.783454424907,95.8909375,65.66747598312236,31.48435910432423,1.4282107110758278,45,64,,False,True,,1058,21.16838264042747
64,2026-09-14T02:08:04.375+00:00,2026-09-14T02:10:37.156+00:00,2026-09-14T02:10:53.637+00:00,True,250,250.0,,250.0,152781.021053,169262.269565,169262.269475,677.0490779,0.0,152781.021053,9658.584397770335,96.13863895000003,66.18975306024096,31.268175076355558,1.4769978013558134,45,64,,False,True,,345,21.16838264042747
65,2026-09-14T02:08:08.425+00:00,2026-09-14T02:10:44.796+00:00,2026-09-14T02:10:55.646+00:00,True,166,166.0,,166.0,156371.479081,167221.384745,167221.384617,1007.3577386566265,8.339941999999999,156371.479081,12131.697537253467,95.96152225,65.75700402424242,22.47980003577033,0.9926960014901054,45,64,,False,True,,610,21.16838264042747
66,2026-09-14T02:08:11.370+00:00,2026-09-14T02:10:49.754+00:00,2026-09-14T02:11:03.839+00:00,True,215,215.0,,215.0,158384.024778,172469.03521,172469.035121,802.1815587023256,37.686291,158384.024778,10797.232771851413,93.78537499999999,65.81780575700934,21.178137218244924,1.2466005839147523,45,64,,False,True,,913,21.16838264042747
67,2026-09-14T02:08:14.848+00:00,2026-09-14T02:10:55.647+00:00,2026-09-14T02:11:02.679+00:00,True,108,108.0,,108.0,160799.441046,167830.82767,167830.827611,1553.9891445462963,39.876735999999994,160799.441046,15466.624715637001,91.50333299999998,65.71389368224298,21.358094687576138,0.6435051384740633,45,64,,False,True,,590,21.16838264042747
68,2026-09-14T02:08:18.094+00:00,2026-09-14T02:11:01.190+00:00,2026-09-14T02:11:10.475+00:00,True,141,141.0,,141.0,163095.160685,172380.487277,172380.487434,1222.556648468085,0.0,163095.160685,13729.553047790023,95.04533900000003,66.32376137142857,36.521326194491294,0.8179580080512571,45,64,,False,True,,679,21.16838264042747
69,2026-09-14T02:08:20.299+00:00,2026-09-14T02:11:05.480+00:00,2026-09-14T02:11:15.708+00:00,True,151,151.0,,151.0,165181.592345,175409.64738500002,175409.647518,1161.653294821192,0.0,165181.592345,13436.786213076643,95.45437399999999,68.18703359999999,35.97956878904167,0.8608420474649024,45,64,,False,True,,588,21.16838264042747
70,2026-09-14T02:08:22.969+00:00,2026-09-14T02:11:10.004+00:00,2026-09-14T02:11:19.983+00:00,True,156,156.0,,156.0,167035.154719,177013.979679,177013.97971800002,1134.7049981923078,0.0,167035.154719,13368.381184853444,95.838858,64.37951587096774,23.314145707149766,0.8812863271188688,45,64,,False,True,,698,21.16838264042747
71,2026-09-14T02:08:25.924+00:00,2026-09-14T02:11:14.515+00:00,2026-09-14T02:11:33.938+00:00,True,293,293.0,,293.0,168590.57908199998,188013.80724199998,188013.807366,641.6853493720135,0.01575,168590.57908199998,9845.487221691877,96.23949759999999,66.51790465753425,63.86730833060015,1.5583961853549837,45,64,,False,True,,1043,21.16838264042747
72,2026-09-14T02:08:28.182+00:00,2026-09-14T02:11:19.165+00:00,2026-09-14T02:11:35.406+00:00,True,244,244.0,,244.0,170982.560108,187223.878764,187223.878779,767.310978602459,0.01568,170982.560108,10941.974118135957,96.23800715000002,66.83670228806584,68.91657294559455,1.303252563779899,45,64,,False,True,,990,21.16838264042747
73,2026-09-14T02:08:32.220+00:00,2026-09-14T02:11:26.736+00:00,2026-09-14T02:11:34.120+00:00,True,112,112.0,,112.0,174516.442775,181899.867799,181899.867924,1624.105963607143,0.01549,174516.442775,16484.259716351422,95.51378255,66.51734255855857,98.42291192293672,0.6157233721783701,45,64,,False,True,,475,21.16838264042747
74,2026-09-14T02:08:35.308+00:00,2026-09-14T02:11:31.892+00:00,2026-09-14T02:11:47.717+00:00,True,240,240.0,,240.0,176583.70699900002,192408.99621500002,192408.996217,801.7041509041667,0.0,176583.70699900002,11394.196285976495,95.9113925,66.21459923012553,30.68544305863071,1.2473429242976832,45,64,,False,True,,1245,21.16838264042747
75,2026-09-14T02:08:37.586+00:00,2026-09-14T02:11:35.585+00:00,2026-09-14T02:11:53.189+00:00,True,265,265.0,,265.0,177999.367234,195603.310402,195603.310243,738.1256990301887,0.0,177999.367234,10930.361688190435,95.157615,66.68160290909091,30.965871895220875,1.3547827971590936,45,64,,False,True,,1120,21.16838264042747
76,2026-09-14T02:08:41.503+00:00,2026-09-14T02:11:42.844+00:00,2026-09-14T02:11:50.877+00:00,True,119,119.0,,119.0,181340.165728,189373.620832,189373.620767,1591.3749644285713,39.929196000000005,181340.165728,16617.200765779493,94.76194089999998,68.080128,23.10258181158359,0.6283874146630438,45,64,,False,True,,518,21.16838264042747
77,2026-09-14T02:08:44.830+00:00,2026-09-14T02:11:48.774+00:00,2026-09-14T02:11:59.529+00:00,True,158,158.0,,158.0,183944.162701,194699.02580499998,194699.025705,1232.2723145886075,40.575605,183944.162701,14628.379440945986,94.54775085000001,68.50231276433121,22.595956765714572,0.8115089397429459,45,64,,False,True,,742,21.16838264042747
78,2026-09-14T02:08:48.797+00:00,2026-09-14T02:11:55.672+00:00,2026-09-14T02:12:10.644+00:00,True,221,221.0,,221.0,186874.76911899998,201847.166943,201847.167134,913.3355978914026,42.63915,186874.76911899998,12566.000468092388,97.43717499999998,68.05635374545454,23.095112740605988,1.094887797272917,45,64,,False,True,,1002,21.16838264042747
79,2026-09-14T02:08:51.368+00:00,2026-09-14T02:12:00.216+00:00,2026-09-14T02:12:17.439+00:00,True,257,257.0,,257.0,188847.372751,206070.701007,206070.700892,801.8315209805447,0.0,188847.372751,11775.825040430347,98.54917280000001,67.278626,33.08958354456188,1.2471447845041785,45,64,,False,True,,1327,21.16838264042747
80,2026-09-14T02:08:54.330+00:00,2026-09-14T02:12:05.656+00:00,2026-09-14T02:12:24.385+00:00,True,277,277.0,,277.0,191326.200369,210055.777841,210055.777805,758.324107599278,0.0,191326.200369,11491.643353035419,96.746132,67.86078794202898,31.66230790156394,1.318697361467833,45,64,,False,True,,1168,21.16838264042747
81,2026-09-14T02:08:57.767+00:00,2026-09-14T02:12:11.726+00:00,2026-09-14T02:12:28.275+00:00,True,245,245.0,,245.0,193958.83912599998,210508.622166,210508.622197,859.218866110204,0.0,193958.83912599998,12387.2866206547,96.03447120000001,67.82697967213115,33.173637926766375,1.163847815253863,45,64,,False,True,,896,21.16838264042747
82,2026-09-14T02:09:00.855+00:00,2026-09-14T02:12:17.436+00:00,2026-09-14T02:12:29.840+00:00,True,185,185.0,,185.0,196580.751024,208984.49656,208984.496603,1129.6459275837838,39.996536,196580.751024,14447.964265492292,95.576677,67.41166052173912,21.702909271098505,0.8852331299460102,45,64,,False,True,,836,21.16838264042747
83,2026-09-14T02:09:03.691+00:00,2026-09-14T02:12:21.722+00:00,2026-09-14T02:12:35.908+00:00,True,215,215.0,,215.0,198030.024282,212216.038746,212216.038704,987.0513428093024,37.85322,198030.024282,13501.03089775295,93.63990700000001,66.28978721495328,21.004762292737276,1.013118524266359,45,64,,False,True,,835,21.16838264042747
84,2026-09-14T02:09:07.518+00:00,2026-09-14T02:12:29.609+00:00,2026-09-14T02:12:43.752+00:00,True,216,216.0,,216.0,202091.04017,216234.506666,216234.50647199998,1001.0856781111111,39.988006,202091.04017,13746.094614797361,94.06700175,65.78356509767443,21.674317064989264,0.9989154984113511,45,64,,False,True,,967,21.16838264042747
85,2026-09-14T02:09:09.746+00:00,2026-09-14T02:12:34.067+00:00,2026-09-14T02:12:45.665+00:00,True,178,178.0,,178.0,204320.448421,215918.353829,215918.353758,1213.0244593146067,39.157098,204320.448421,15309.568901524508,94.45223535,65.52488931073447,21.577180473574867,0.8243856848823975,45,64,,False,True,,907,21.16838264042747
86,2026-09-14T02:09:12.622+00:00,2026-09-14T02:12:38.454+00:00,2026-09-14T02:12:56.178+00:00,True,274,274.0,,274.0,205832.56126699998,223556.89662699998,223556.89654199997,815.901082270073,0.0,205832.56126699998,12431.121112791207,95.19507115,64.92430534798535,77.95845212635334,1.2256387708636127,45,64,,False,True,,1436,21.16838264042747
87,2026-09-14T02:09:16.032+00:00,2026-09-14T02:12:44.784+00:00,2026-09-14T02:12:56.861+00:00,True,188,188.0,,188.0,208751.76378,220828.21306,220828.212978,1174.618154138298,0.0,208751.76378,15220.36165547497,95.63318215,64.5799426737968,93.31180089044535,0.8513404940197545,45,64,,False,True,,792,21.16838264042747
88,2026-09-14T02:09:18.315+00:00,2026-09-14T02:12:49.482+00:00,2026-09-14T02:13:00.499+00:00,True,167,167.0,,167.0,211166.237531,222183.940187,222183.940041,1330.442754736527,0.0,211166.237531,16335.693048916757,96.45125560000001,66.37170274698795,98.46896987129564,0.7516294825784676,45,64,,False,True,,858,21.16838264042747
89,2026-09-14T02:09:21.094+00:00,2026-09-14T02:12:53.550+00:00,2026-09-14T02:13:03.278+00:00,True,146,146.0,,146.0,212456.394905,222184.517529,222184.517472,1521.8117635068493,39.438466999999996,212456.394905,17577.476972118464,95.04674749999998,67.09050085517241,21.51132212073561,0.6571114928426269,45,64,,False,True,,802,21.16838264042747
90,2026-09-14T02:09:24.962+00:00,2026-09-14T02:13:00.048+00:00,2026-09-14T02:13:17.653+00:00,True,264,264.0,,264.0,215085.93398899998,232690.76803699997,232690.76801899998,881.4044243143939,34.069199,215085.93398899998,13233.522232526964,95.03478199999999,66.93853250190114,21.784804461475687,1.134552961542598,45,64,,False,True,,1114,21.16838264042747
91,2026-09-14T02:09:27.648+00:00,2026-09-14T02:13:04.231+00:00,2026-09-14T02:13:21.200+00:00,True,259,259.0,,259.0,216583.030496,233551.670752,233551.67061499998,901.743901988417,32.340002,216583.030496,13453.746072632399,93.89321899999999,65.76992347286821,22.12308276356049,1.1089623087090763,45,64,,False,True,,1217,21.16838264042747
92,2026-09-14T02:09:30.606+00:00,2026-09-14T02:13:09.874+00:00,2026-09-14T02:13:22.582+00:00,True,195,195.0,,195.0,219267.950651,231976.240699,231976.24067499998,1189.621747051282,39.572176,219267.950651,15697.42811513134,93.4871744,65.50664973195876,21.798646238428937,0.8406033282219691,45,64,,False,True,,925,21.16838264042747
93,2026-09-14T02:09:33.928+00:00,2026-09-14T02:13:16.690+00:00,2026-09-14T02:13:31.271+00:00,True,218,218.0,,218.0,222762.31438999998,237343.44846999997,237343.448637,1088.731415766055,0.0,222762.31438999998,15082.862790973111,93.69668800000001,67.1941662672811,37.36291269863885,0.9185001794037514,45,64,,False,True,,1070,21.16838264042747
94,2026-09-14T02:09:36.682+00:00,2026-09-14T02:13:21.368+00:00,2026-09-14T02:13:34.819+00:00,True,204,204.0,,204.0,224686.210006,238137.677526,238137.677604,1167.341556882353,0.0,224686.210006,15726.58798279846,94.150741,66.26338679802956,38.17142558086058,0.8566473063790049,45,64,,False,True,,976,21.16838264042747
95,2026-09-14T02:09:40.215+00:00,2026-09-14T02:13:27.223+00:00,2026-09-14T02:13:46.686+00:00,True,294,294.0,,294.0,227007.900998,246470.527814,246470.528043,838.3351293979591,0.0,227007.900998,13235.541687184974,94.79527350000001,66.42534749488055,34.9733018648709,1.1928403878855176,45,64,,False,True,,1411,21.16838264042747
96,2026-09-14T02:09:43.465+00:00,2026-09-14T02:13:32.787+00:00,2026-09-14T02:13:44.000+00:00,True,170,170.0,,170.0,229321.98562,240534.021204,240534.021396,1414.9060082117646,40.711294,229321.98562,17583.117504123253,93.47746794999999,66.34340582248521,20.941439602900925,0.7067607282706209,45,64,,False,True,,751,21.16838264042747
97,2026-09-14T02:09:47.029+00:00,2026-09-14T02:13:39.373+00:00,2026-09-14T02:13:52.267+00:00,True,190,190.0,,190.0,232344.490961,245238.412241,245238.412355,1290.7284860789473,37.126281000000006,232344.490961,16851.106588254963,96.23841945,68.22180571428572,22.47955524095446,0.7747562800777055,45,64,,False,True,,641,21.16838264042747
98,2026-09-14T02:09:51.062+00:00,2026-09-14T02:13:47.758+00:00,2026-09-14T02:14:02.963+00:00,True,230,230.0,,230.0,236695.958763,251901.354219,251901.354141,1095.2232788739132,31.395493,236695.958763,15602.906608766783,94.81599705000001,66.39910679475983,22.042676046206374,0.9130558297834348,45,64,,False,True,,925,21.16838264042747
99,2026-09-14T02:09:55.071+00:00,2026-09-14T02:13:53.959+00:00,2026-09-14T02:14:04.827+00:00,True,166,166.0,,166.0,238888.330284,249755.739692,249755.739637,1504.5526484156626,31.750122,238888.330284,18536.231919153026,94.3208735,65.86308732121212,22.499726820579443,0.6646493898587156,45,64,,False,True,,792,21.16838264042747
100,2026-09-14T02:09:58.213+00:00,2026-09-14T02:13:59.669+00:00,2026-09-14T02:14:14.626+00:00,True,223,223.0,,223.0,241455.993111,256413.238039,256413.237989,1149.8351479327355,0.0,241455.993111,16164.627810968273,96.1380382,67.37497715315315,40.432253156874786,0.869689886939777,45,64,,False,True,,1037,21.16838264042747
101,2026-09-14T02:10:01.842+00:00,2026-09-14T02:14:06.638+00:00,2026-09-14T02:14:25.003+00:00,True,275,275.0,,275.0,244795.91831900002,263160.78487900004,263160.78492,956.9483088000001,0.0,244795.91831900002,14757.754702439608,96.474007,67.02506043795621,37.380980484505834,1.0449885233715333,45,64,,False,True,,1472,21.16838264042747
102,2026-09-14T02:10:05.489+00:00,2026-09-14T02:14:13.910+00:00,2026-09-14T02:14:25.310+00:00,True,172,172.0,,172.0,248420.966246,259820.679014,259820.67904,1510.585343255814,40.477254,248420.966246,18936.849799762018,94.680407,66.66498694736842,21.2568818763639,0.661995036933654,45,64,,False,True,,776,21.16838264042747
103,2026-09-14T02:10:08.384+00:00,2026-09-14T02:14:19.236+00:00,2026-09-14T02:14:39.012+00:00,True,299,299.0,,299.0,250851.970872,270627.562296,270627.562249,905.1089038428094,0.01548,250851.970872,14503.538223578218,93.7090619,66.36104504697987,82.16054566222869,1.1048394238313668,45,64,,False,True,,1614,21.16838264042747
104,2026-09-14T02:10:11.023+00:00,2026-09-14T02:14:23.542+00:00,2026-09-14T02:14:33.763+00:00,True,153,153.0,,153.0,252518.822465,262739.566145,262739.56616600003,1717.2520664444444,0.015300000000000001,252518.822465,20409.83909193741,92.81197479999999,67.2417347368421,117.92721207801355,0.5823256932515554,45,64,,False,True,,895,21.16838264042747
105,2026-09-14T02:10:13.756+00:00,2026-09-14T02:14:28.156+00:00,2026-09-14T02:14:42.544+00:00,True,219,219.0,,219.0,254400.40215900002,268788.59953500004,268788.599655,1227.3452039041097,0.0154,254400.40215900002,17186.610682287046,92.19036969999999,66.00090539449542,99.12186211934493,0.8147666991043016,45,64,,False,True,,855,21.16838264042747
106,2026-09-14T02:10:16.909+00:00,2026-09-14T02:14:33.894+00:00,2026-09-14T02:14:44.301+00:00,True,162,162.0,,162.0,256984.498078,267391.806622,267391.806472,1650.566706617284,38.067229,256984.498078,20185.54115821907,93.06346459999999,64.64166797515527,21.0034438388694,0.6058525204888281,45,64,,False,True,,696,21.16838264042747
107,2026-09-14T02:10:20.899+00:00,2026-09-14T02:14:40.655+00:00,2026-09-14T02:14:52.502+00:00,True,183,183.0,,183.0,259755.993506,271603.20349,271603.203519,1484.1705110327869,33.671008,259755.993506,19196.915742265162,93.2402961,65.09456035164835,21.61759652775206,0.6737770307879958,45,64,,False,True,,898,21.16838264042747
108,2026-09-14T02:10:23.602+00:00,2026-09-14T02:14:45.239+00:00,2026-09-14T02:15:01.922+00:00,True,248,248.0,,248.0,261637.118883,278320.514467,278320.51461899997,1122.2601395927418,0.0,261637.118883,16609.73296762804,95.6648055,67.54411167611336,40.16244098071736,0.8910590025134673,45,64,,False,True,,1201,21.16838264042747
109,2026-09-14T02:10:27.616+00:00,2026-09-14T02:14:52.584+00:00,2026-09-14T02:15:01.300+00:00,True,129,129.0,,129.0,264967.976361,273684.666025,273684.666047,2121.586558503876,0.0,264967.976361,23323.189036671833,95.47816340000001,68.099138,51.00626852823837,0.4713453693756317,45,64,,False,True,,427,21.16838264042747
110,2026-09-14T02:10:30.617+00:00,2026-09-14T02:14:58.081+00:00,2026-09-14T02:15:11.336+00:00,True,194,194.0,,194.0,267464.213248,280718.84569600003,280718.845662,1447.0043590824744,0.0,267464.213248,19197.930314285124,95.48393395,68.67685206217617,43.76252159723213,0.6910829214868217,45,64,,False,True,,869,21.16838264042747
111,2026-09-14T02:10:33.136+00:00,2026-09-14T02:15:02.097+00:00,2026-09-14T02:15:21.980+00:00,True,296,296.0,,296.0,268961.017834,288843.494378,288843.494433,975.8226163277027,40.956773,268961.017834,15629.13996672268,95.2521345,67.39822557288136,22.254389259770935,1.024776412698548,45,64,,False,True,,1300,21.16838264042747
112,2026-09-14T02:10:36.859+00:00,2026-09-14T02:15:08.104+00:00,2026-09-14T02:15:28.066+00:00,True,297,297.0,,297.0,271245.040672,291206.379808,291206.37993399997,980.4928617306397,36.306573,271245.040672,15735.33713579368,96.45198820000002,67.43695654054055,22.896197505807358,1.0198952378578376,45,64,,False,True,,1576,21.16838264042747
113,2026-09-14T02:10:39.837+00:00,2026-09-14T02:15:14.211+00:00,2026-09-14T02:15:22.527+00:00,True,123,123.0,,123.0,274373.903024,282690.52024,282690.520125,2298.2969115853657,40.287415,274373.903024,24733.32455727058,96.4959262,68.16899357377049,21.719337376280514,0.43510479196675883,45,64,,False,True,,596,21.16838264042747
114,2026-09-14T02:10:42.935+00:00,2026-09-14T02:15:19.460+00:00,2026-09-14T02:15:32.739+00:00,True,194,194.0,,194.0,276525.179991,289803.514967,289803.51486299996,1493.832550840206,38.978657,276525.179991,19848.424330931743,96.85967779999999,68.7996630880829,22.736595203541754,0.6694190718221303,45,64,,False,True,,853,21.16838264042747
115,2026-09-14T02:10:45.287+00:00,2026-09-14T02:15:23.495+00:00,2026-09-14T02:15:38.999+00:00,True,224,224.0,,224.0,278207.291778,293711.113346,293711.11353000003,1311.2103282589287,38.789678,278207.291778,18583.87475526562,96.49666004999999,69.5238635336323,22.39757037285605,0.7626541517212583,45,64,,False,True,,1029,21.16838264042747
116,2026-09-14T02:10:48.770+00:00,2026-09-14T02:15:30.435+00:00,2026-09-14T02:15:38.998+00:00,True,123,123.0,,123.0,281664.40005299996,290227.48562099994,290227.485587,2359.573053552845,39.173876,281664.40005299996,25390.504773204655,96.9402643,70.1892259672131,22.46073219988889,0.4238054839527581,45,64,,False,True,,527,21.16838264042747
117,2026-09-14T02:10:51.284+00:00,2026-09-14T02:15:35.013+00:00,2026-09-14T02:15:47.425+00:00,True,184,184.0,,184.0,283728.96989099996,296141.915811,296141.91586699995,1609.4669340597825,33.16908,283728.96989099996,20911.788372235267,96.57340719999998,67.83030557377049,22.200058955043254,0.6213237308744575,45,64,,False,True,,822,21.16838264042747
118,2026-09-14T02:10:55.105+00:00,2026-09-14T02:15:41.570+00:00,2026-09-14T02:15:48.289+00:00,True,103,103.0,,103.0,286464.469643,293184.18983499997,293184.189759,2846.448444262136,31.996562,286464.469643,28219.699958945308,95.46115609999998,65.8796097254902,21.829525761251087,0.35131498754406565,45,64,,False,True,,482,21.16838264042747
119,2026-09-14T02:10:57.339+00:00,2026-09-14T02:15:45.347+00:00,2026-09-14T02:15:55.328+00:00,True,152,152.0,,152.0,288007.060398,297988.456366,297988.456251,1960.4503700723685,0.0,288007.060398,23355.14769430807,95.169218,66.10196005298013,49.426547412304856,0.5100868733428661,45,64,,False,True,,569,21.16838264042747
120,2026-09-14T02:11:00.702+00:00,2026-09-14T02:15:51.491+00:00,2026-09-14T02:16:00.729+00:00,False,134,133.0,,133.0,290789.592212,300027.45921999996,300027.459439,2239.010891335821,0.03832,290789.592212,25114.404053496255,93.65827995,69.45764667669172,21.996558550036067,0.44329275842207366,45,64,,False,False,Request timeout: 300.0s exceeded,463,21.16838264042747
121,2026-09-14T02:11:04.018+00:00,2026-09-14T02:15:56.482+00:00,2026-09-14T02:16:04.026+00:00,False,108,107.0,,107.0,292464.250703,300008.560975,300008.56101299997,2777.8570464166664,0.03535,292464.250703,28135.60844027613,90.16788805,70.50757263551402,20.487351784684343,0.3566564889090496,45,64,,False,False,Request timeout: 300.0s exceeded,353,21.16838264042747
122,2026-09-14T02:11:07.647+00:00,2026-09-14T02:16:01.301+00:00,2026-09-14T02:16:07.727+00:00,False,94,93.0,,93.0,293654.28037,300080.046002,300080.04606799997,3192.340915617021,0.02481,293654.28037,30281.006685448046,90.20291935000002,69.09425410752688,20.449583791012426,0.30991730786185023,45,64,,False,False,Request timeout: 300.0s exceeded,446,21.16838264042747
123,2026-09-14T02:11:10.750+00:00,2026-09-14T02:16:04.103+00:00,2026-09-14T02:16:10.775+00:00,False,99,98.0,,98.0,293352.788499,300024.69966700004,300024.699868,3030.552523919192,0.03437,293352.788499,29476.22887468197,87.95309579999999,68.08072620408164,19.946475314253913,0.3266397736878698,45,64,,False,False,Request timeout: 300.0s exceeded,232,21.16838264042747
124,2026-09-14T02:11:13.113+00:00,2026-09-14T02:16:07.140+00:00,2026-09-14T02:16:13.147+00:00,False,88,87.0,,87.0,294027.864438,300034.65791,300034.658095,3409.4847510795457,0.021070000000000002,294027.864438,31336.121600916107,89.41911185000001,69.04360312643678,19.521252814334662,0.2899665012236586,45,64,,False,False,Request timeout: 300.0s exceeded,398,21.16838264042747
125,2026-09-14T02:11:15.392+00:00,2026-09-14T02:16:09.307+00:00,2026-09-14T02:16:15.420+00:00,False,92,91.0,,91.0,293915.206105,300027.866073,300027.866088,3261.1724574782606,0.0272,293915.206105,30635.781700110718,87.8851646,67.17208756043955,19.885187380390512,0.3033051602542103,45,64,,False,False,Request timeout: 300.0s exceeded,344,21.16838264042747
126,2026-09-14T02:11:18.751+00:00,2026-09-14T02:16:12.431+00:00,2026-09-14T02:16:18.776+00:00,False,96,95.0,,95.0,293680.61936199997,300025.13853,300025.138582,3125.2618602291664,0.03465,293680.61936199997,29966.843123719817,89.01386350000001,66.78441229473684,19.964069366091316,0.316640133774993,45,64,,False,False,Request timeout: 300.0s exceeded,406,21.16838264042747
127,2026-09-14T02:11:22.084+00:00,2026-09-14T02:16:16.027+00:00,2026-09-14T02:16:22.104+00:00,False,88,87.0,,87.0,293943.39482700004,300020.51866700005,300020.518753,3409.324076738637,0.026350000000000002,293943.39482700004,31327.030892864415,88.676134,69.85199816091955,19.449789568415753,0.28998016664508,45,64,,False,False,Request timeout: 300.0s exceeded,279,21.16838264042747
128,2026-09-14T02:11:24.923+00:00,2026-09-14T02:16:18.562+00:00,2026-09-14T02:16:24.964+00:00,False,94,93.0,,93.0,293639.254423,300041.249431,300041.24926199997,3191.9281836382975,0.0228,293639.254423,30279.483025468537,88.34662550000002,68.838656,20.124579746356726,0.3099573814479368,45,64,,False,False,Request timeout: 300.0s exceeded,240,21.16838264042747
129,2026-09-14T02:11:28.686+00:00,2026-09-14T02:16:22.911+00:00,2026-09-14T02:16:28.696+00:00,False,92,91.0,,91.0,294224.820349,300010.583421,300010.58365399996,3260.9846049347825,0.038590000000000006,294224.820349,30668.436217897943,88.20922004999998,63.57981397802198,20.632262638611614,0.3033226326962645,45,64,,False,False,Request timeout: 300.0s exceeded,361,21.16838264042747
130,2026-09-14T02:11:31.886+00:00,2026-09-14T02:16:26.151+00:00,2026-09-14T02:16:32.761+00:00,False,81,80.0,,80.0,294265.206415,300874.794895,300874.79482500005,3714.503639814815,0.02826,294265.206415,32687.398970731763,89.78155000000001,82.619856,171.62103574108968,0.26589133206694365,45,64,,False,False,Request timeout: 300.0s exceeded,397,21.16838264042747
131,2026-09-14T02:11:34.218+00:00,2026-09-14T02:16:27.968+00:00,2026-09-14T02:16:34.224+00:00,False,108,107.0,,107.0,293749.972235,300005.975051,300005.975054,2777.8331023518517,0.01567,293749.972235,28260.905061324076,92.65145055,58.46731603738318,156.0521659997517,0.35665956313640207,45,64,,False,False,Request timeout: 300.0s exceeded,479,21.16838264042747
132,2026-09-14T02:11:38.264+00:00,2026-09-14T02:16:32.925+00:00,2026-09-14T02:16:38.324+00:00,False,83,82.0,,82.0,294660.400051,300059.826867,300059.82665400003,3615.1786343855424,0.04461,294660.400051,32335.960059499346,90.4673553,65.84666848780488,21.26996768558381,0.2732788352782263,45,64,,False,False,Request timeout: 300.0s exceeded,374,21.16838264042747
133,2026-09-14T02:11:41.737+00:00,2026-09-14T02:16:35.550+00:00,2026-09-14T02:16:41.939+00:00,False,92,91.0,,91.0,293813.620253,300202.113309,300202.113283,3263.066448728261,0.02122,293813.620253,30624.874693669633,89.78892099999999,70.2032203956044,19.987489733468532,0.30312911190712744,45,64,,False,False,Request timeout: 300.0s exceeded,293,21.16838264042747
134,2026-09-14T02:11:44.496+00:00,2026-09-14T02:16:38.113+00:00,2026-09-14T02:16:44.564+00:00,False,99,98.0,,98.0,293617.501513,300068.188489,300068.188502,3030.991803050505,0.0,293617.501513,29503.12235005442,87.92664700000002,65.82333648979592,63.95895919800092,0.3265924338513895,45,64,,False,False,Request timeout: 300.0s exceeded,462,21.16838264042747
135,2026-09-14T02:11:48.341+00:00,2026-09-14T02:16:42.067+00:00,2026-09-14T02:16:48.399+00:00,False,101,100.0,,100.0,293725.629051,300057.420155,300057.420179,2970.865546326733,0.0,293725.629051,29220.560539463047,89.002322,63.31791104,63.5640277240607,0.33326954537016024,45,64,,False,False,Request timeout: 300.0s exceeded,416,21.16838264042747
136,2026-09-14T02:11:52.119+00:00,2026-09-14T02:16:45.540+00:00,2026-09-14T02:16:52.202+00:00,False,98,97.0,,97.0,293420.276303,300082.933583,300082.933641,3062.0707514387755,0.02169,293420.276303,29632.992424283908,89.50616735000001,68.68718845360824,20.481416528335956,0.32324397406349253,45,64,,False,False,Request timeout: 300.0s exceeded,442,21.16838264042747
137,2026-09-14T02:11:56.048+00:00,2026-09-14T02:16:49.303+00:00,2026-09-14T02:16:56.134+00:00,False,99,98.0,,98.0,293254.890888,300085.421448,300085.421432,3031.165873050505,0.02359,293254.890888,29466.227126065496,88.80833319999999,69.69929142857143,19.947887972795158,0.32657367867829534,45,64,,False,False,Request timeout: 300.0s exceeded,451,21.16838264042747
138,2026-09-14T02:11:58.774+00:00,2026-09-14T02:16:52.678+00:00,2026-09-14T02:16:58.801+00:00,False,87,86.0,,86.0,293903.94974,300026.97054,300026.970571,3448.585868632184,0.02248,293903.94974,31502.184037395284,90.3824709,71.19791627906977,20.198049268410593,0.28664089713406066,45,64,,False,False,Request timeout: 300.0s exceeded,376,21.16838264042747
139,2026-09-14T02:12:01.413+00:00,2026-09-14T02:16:55.290+00:00,2026-09-14T02:17:01.449+00:00,False,89,88.0,,88.0,293877.419343,300035.896143,300035.896229,3371.189845269663,0.02156,293877.419343,31143.532523429385,89.4813502,69.9826909090909,20.27610572048511,0.29329823908156094,45,64,,False,False,Request timeout: 300.0s exceeded,282,21.16838264042747
140,2026-09-14T02:12:03.807+00:00,2026-09-14T02:16:57.828+00:00,2026-09-14T02:17:03.887+00:00,False,92,91.0,,91.0,294020.50416799996,300080.01443999994,300080.014383,3261.7392867717385,0.0215,294020.50416799996,30646.82116706888,91.23182055,66.58802496703296,20.64135374041801,0.30325245141640433,45,64,,False,False,Request timeout: 300.0s exceeded,424,21.16838264042747
141,2026-09-14T02:12:06.360+00:00,2026-09-14T02:17:00.154+00:00,2026-09-14T02:17:06.384+00:00,False,90,89.0,,89.0,293794.150334,300024.01171,300024.011648,3333.6001294222224,0.022069,293794.150334,30961.250706600535,89.73465049999999,69.99844242696629,20.30063929075662,0.2966429236538123,45,64,,False,False,Request timeout: 300.0s exceeded,283,21.16838264042747
142,2026-09-14T02:12:10.083+00:00,2026-09-14T02:17:04.017+00:00,2026-09-14T02:17:10.096+00:00,False,85,84.0,,84.0,293933.413637,300012.64358900004,300012.64358900004,3529.560512811765,0.02542,293933.413637,31873.710533258607,90.1619854,72.37178514285715,18.59795822919341,0.2799881998142556,45,64,,False,False,Request timeout: 300.0s exceeded,414,21.16838264042747
143,2026-09-14T02:12:12.790+00:00,2026-09-14T02:17:06.810+00:00,2026-09-14T02:17:12.835+00:00,False,87,86.0,,86.0,294020.003898,300045.658682,300045.658555,3448.800673045977,0.039490000000000004,294020.003898,31514.747284923786,87.7406973,70.06575330232558,19.486987256626787,0.28662304389861587,45,64,,False,False,Request timeout: 300.0s exceeded,258,21.16838264042747
144,2026-09-14T02:12:15.000+00:00,2026-09-14T02:17:08.602+00:00,2026-09-14T02:17:15.085+00:00,False,91,90.0,,90.0,293602.476972,300085.590444,300085.59033,3297.6438497802196,0.02453,293602.476972,30770.357204633434,88.548468,72.03459413333334,19.352987461042474,0.29991443396811557,45,64,,False,False,Request timeout: 300.0s exceeded,468,21.16838264042747
145,2026-09-14T02:12:17.920+00:00,2026-09-14T02:17:11.993+00:00,2026-09-14T02:17:17.944+00:00,False,89,88.0,,88.0,294073.516769,300024.522977,300024.52316399995,3371.062058022472,0.03739,294073.516769,31164.568554415073,88.2663034,67.62507054545455,20.030001197950295,0.2933093572712592,45,64,,False,False,Request timeout: 300.0s exceeded,463,21.16838264042747
146,2026-09-14T02:12:20.267+00:00,2026-09-14T02:17:13.859+00:00,2026-09-14T02:17:20.300+00:00,False,97,96.0,,96.0,293592.549556,300032.93637199997,300032.936404,3093.12305571134,0.02755,293592.549556,29803.002255122356,89.5300986,67.08736266666666,20.55492044118733,0.31996487172652627,45,64,,False,False,Request timeout: 300.0s exceeded,274,21.16838264042747
147,2026-09-14T02:12:22.730+00:00,2026-09-14T02:17:16.747+00:00,2026-09-14T02:17:22.773+00:00,False,90,89.0,,89.0,294017.04871600005,300042.68814000004,300042.68824200006,3333.807647133334,0.08738,294017.04871600005,30984.98823887712,87.52336295,67.70381375280898,20.46967400227431,0.2966244588452446,45,64,,False,False,Request timeout: 300.0s exceeded,422,21.16838264042747
148,2026-09-14T02:12:25.952+00:00,2026-09-14T02:17:19.650+00:00,2026-09-14T02:17:25.970+00:00,False,93,92.0,,92.0,293698.50727999996,300018.053392,300018.053286,3226.0005729677414,0.040619999999999996,293698.50727999996,30447.999978227042,88.2344502,68.69071860869566,19.830395952114475,0.30664821319867014,45,64,,False,False,Request timeout: 300.0s exceeded,511,21.16838264042747
149,2026-09-14T02:12:29.932+00:00,2026-09-14T02:17:23.691+00:00,2026-09-14T02:17:29.989+00:00,False,95,94.0,,94.0,293758.54028899997,300056.065793,300056.065832,3158.4849034947365,0.06722,293758.54028899997,30132.123798887093,89.52156629999999,66.99495217021277,20.69085070239419,0.3132747866688617,45,64,,False,False,Request timeout: 300.0s exceeded,394,21.16838264042747
150,2026-09-14T02:12:33.243+00:00,2026-09-14T02:17:27.092+00:00,2026-09-14T02:17:33.285+00:00,False,91,90.0,,90.0,293849.158467,300042.664515,300042.664338,3297.1721355824175,0.036950000000000004,293849.158467,30796.553757635647,88.0004795,68.81673386666667,19.33295109331853,0.29995734155167336,45,64,,False,False,Request timeout: 300.0s exceeded,174,21.16838264042747
151,2026-09-14T02:12:36.611+00:00,2026-09-14T02:17:30.291+00:00,2026-09-14T02:17:36.639+00:00,False,91,90.0,,90.0,293680.098908,300028.07382,300028.073636,3297.011798197802,0.023149999999999997,293680.098908,30778.651456721855,89.40377550000001,70.53305457777778,19.125940718376008,0.29997192880688545,45,64,,False,False,Request timeout: 300.0s exceeded,387,21.16838264042747
152,2026-09-14T02:12:39.529+00:00,2026-09-14T02:17:33.159+00:00,2026-09-14T02:17:39.609+00:00,False,101,100.0,,100.0,293630.288963,300080.325187,300080.325186,2971.0923285742574,0.0,293630.288963,29210.957883272455,88.456383,64.50036224,64.33591567292179,0.3332441070159577,45,64,,False,False,Request timeout: 300.0s exceeded,484,21.16838264042747
153,2026-09-14T02:12:42.800+00:00,2026-09-14T02:17:36.638+00:00,2026-09-14T02:17:42.832+00:00,False,94,93.0,,93.0,293838.233541,300031.445957,300031.446128,3191.8238949787233,0.0,293838.233541,30300.304225583626,90.60044894999999,66.59368189247311,66.9346461656206,0.3099675092501091,45,64,,False,False,Request timeout: 300.0s exceeded,418,21.16838264042747
154,2026-09-14T02:12:45.405+00:00,2026-09-14T02:17:39.095+00:00,2026-09-14T02:17:45.445+00:00,False,90,89.0,,89.0,293689.847668,300040.07921999996,300040.07918199996,3333.7786575777773,0.03622,293689.847668,30950.11298325691,88.95394245000001,71.35091631460674,19.19741055555161,0.29662703806561147,45,64,,False,False,Request timeout: 300.0s exceeded,172,21.16838264042747
155,2026-09-14T02:12:49.448+00:00,2026-09-14T02:17:43.328+00:00,2026-09-14T02:17:49.457+00:00,False,91,90.0,,90.0,293880.122999,300008.961143,300008.96107300004,3296.8017700329674,0.02253,293880.122999,30799.8759504476,89.186151,68.0982016,20.7412620347771,0.2999910391246656,45,64,,False,False,Request timeout: 300.0s exceeded,462,21.16838264042747
156,2026-09-14T02:12:52.405+00:00,2026-09-14T02:17:46.013+00:00,2026-09-14T02:17:52.504+00:00,False,96,95.0,,95.0,293608.012514,300099.556834,300099.556929,3126.03705134375,0.036149,293608.012514,29959.275615870985,91.76586899999998,68.3320454736842,21.21489973505842,0.3165616137598938,45,64,,False,False,Request timeout: 300.0s exceeded,466,21.16838264042747
157,2026-09-14T02:12:55.593+00:00,2026-09-14T02:17:49.460+00:00,2026-09-14T02:17:55.626+00:00,False,93,92.0,,92.0,293866.281599,300033.004671,300033.00451899995,3226.1613389139784,0.02496,293866.281599,30465.570382783113,90.4324848,67.02959860869565,20.99468466211244,0.30663293226984223,45,64,,False,False,Request timeout: 300.0s exceeded,482,21.16838264042747
158,2026-09-14T02:12:57.886+00:00,2026-09-14T02:17:51.087+00:00,2026-09-14T02:17:57.977+00:00,False,108,107.0,,107.0,293200.322589,300090.471197,300090.471181,2778.615473898148,0.02129,293200.322589,28207.02566473891,90.17268299999999,64.39391222429907,21.043506299155748,0.3565591388930102,45,64,,False,False,Request timeout: 300.0s exceeded,520,21.16838264042747
159,2026-09-14T02:13:01.413+00:00,2026-09-14T02:17:54.985+00:00,2026-09-14T02:18:01.437+00:00,False,96,95.0,,95.0,293572.10046,300024.18980399997,300024.18994899996,3125.2519786354164,0.03773,293572.10046,29955.651819652347,88.92442675000001,67.9167299368421,19.848983235959885,0.31664113504334995,45,64,,False,False,Request timeout: 300.0s exceeded,421,21.16838264042747
160,2026-09-14T02:13:05.449+00:00,2026-09-14T02:17:59.194+00:00,2026-09-14T02:18:05.458+00:00,False,92,91.0,,91.0,293744.950907,300009.205371,300009.205313,3260.9696229673914,0.05211,293744.950907,30617.857548679818,89.49879545,68.83796114285715,19.658914000292263,0.30332402596602587,45,64,,False,False,Request timeout: 300.0s exceeded,468,21.16838264042747
161,2026-09-14T02:13:07.917+00:00,2026-09-14T02:18:01.570+00:00,2026-09-14T02:18:07.970+00:00,False,93,92.0,,92.0,293653.285774,300052.874382,300052.874488,3226.3749944946235,0.02541,293653.285774,30443.22080307316,88.959164,69.56074573913044,20.280669247256363,0.30661262682281115,45,64,,False,False,Request timeout: 300.0s exceeded,455,21.16838264042747
162,2026-09-14T02:13:10.653+00:00,2026-09-14T02:18:04.291+00:00,2026-09-14T02:18:10.693+00:00,False,94,93.0,,93.0,293638.373268,300040.246164,300040.24635300005,3191.9175143936172,0.03604,293638.373268,30279.39259790512,90.7449,68.83734296774193,20.607926360712316,0.30995841787560335,45,64,,False,False,Request timeout: 300.0s exceeded,463,21.16838264042747
163,2026-09-14T02:13:13.921+00:00,2026-09-14T02:18:07.715+00:00,2026-09-14T02:18:13.934+00:00,False,91,90.0,,90.0,293793.98279000004,300012.95111,300012.95108300005,3296.8456162967036,0.026609999999999998,293793.98279000004,30790.74084157922,89.622439,69.099648,20.464279355617716,0.29998704944908,45,64,,False,False,Request timeout: 300.0s exceeded,434,21.16838264042747
164,2026-09-14T02:13:16.507+00:00,2026-09-14T02:18:09.584+00:00,2026-09-14T02:18:16.570+00:00,False,106,105.0,,105.0,293076.91298400005,300063.43432800006,300063.43439400004,2830.7871169245286,0.03567,293076.91298400005,28459.690715448825,90.60775299999999,66.53829851428571,20.43960902467533,0.3499260089292461,45,64,,False,False,Request timeout: 300.0s exceeded,503,21.16838264042747
165,2026-09-14T02:13:19.103+00:00,2026-09-14T02:18:12.933+00:00,2026-09-14T02:18:19.174+00:00,False,94,93.0,,93.0,293829.962299,300070.300731,300070.300605,3192.2372404787234,0.03752900000000001,293829.962299,30299.332617818625,90.07310380000001,67.10041324731183,20.568909572581827,0.3099273729304202,45,64,,False,False,Request timeout: 300.0s exceeded,443,21.16838264042747
166,2026-09-14T02:13:22.143+00:00,2026-09-14T02:18:15.832+00:00,2026-09-14T02:18:22.224+00:00,False,96,95.0,,95.0,293688.562291,300080.529779,300080.52986799995,3125.8388527916663,0.04315,293688.562291,29967.60304624228,88.29302299999999,67.28386829473685,20.304712084305038,0.3165816858226842,45,64,,False,False,Request timeout: 300.0s exceeded,466,21.16838264042747
167,2026-09-14T02:13:24.640+00:00,2026-09-14T02:18:18.205+00:00,2026-09-14T02:18:24.731+00:00,False,98,97.0,,97.0,293565.084778,300091.928426,300091.928481,3062.1625355204083,0.02187,293565.084778,29647.761636451924,88.62334385000003,67.28704791752577,20.35694334723667,0.32323428526975306,45,64,,False,False,Request timeout: 300.0s exceeded,509,21.16838264042747
168,2026-09-14T02:13:28.171+00:00,2026-09-14T02:18:22.141+00:00,2026-09-14T02:18:28.244+00:00,False,89,88.0,,88.0,293969.685072,300072.579664,300072.57962000003,3371.6020182022476,0.024239999999999998,293969.685072,31153.379484566238,88.2181254,69.35107490909091,20.063867141907235,0.2932623837157535,45,64,,False,False,Request timeout: 300.0s exceeded,416,21.16838264042747
169,2026-09-14T02:13:30.478+00:00,2026-09-14T02:18:24.095+00:00,2026-09-14T02:18:30.553+00:00,False,93,92.0,,92.0,293616.365673,300074.521961,300074.52198099997,3226.607763236559,0.03754,293616.365673,30439.325993608032,88.5576522,70.19735095652173,19.724649274937715,0.3065905075805037,45,64,,False,False,Request timeout: 300.0s exceeded,414,21.16838264042747
170,2026-09-14T02:13:34.303+00:00,2026-09-14T02:18:28.071+00:00,2026-09-14T02:18:34.350+00:00,False,99,98.0,,98.0,293768.412183,300046.917399,300046.91743000003,3030.776943737374,0.0,293768.412183,29518.462985329188,93.69367189999998,64.06637975510203,62.54313588569035,0.326615586820645,45,64,,False,False,Request timeout: 300.0s exceeded,503,21.16838264042747
171,2026-09-14T02:13:37.418+00:00,2026-09-14T02:18:31.175+00:00,2026-09-14T02:18:37.504+00:00,False,97,96.0,,96.0,293756.549782,300085.386902,300085.387103,3093.6637845670107,0.0,293756.549782,29819.831124511595,91.5008548,65.92538666666667,63.165594810835515,0.31990894655377233,45,64,,False,False,Request timeout: 300.0s exceeded,491,21.16838264042747
172,2026-09-14T02:13:40.717+00:00,2026-09-14T02:18:34.526+00:00,2026-09-14T02:18:40.774+00:00,False,91,90.0,,90.0,293809.046607,300057.372495,300057.372398,3297.333762615385,0.02878,293809.046607,30792.28561214686,91.11612199999999,69.4258432,20.232107902533837,0.29994263847491265,45,64,,False,False,Request timeout: 300.0s exceeded,445,21.16838264042747
173,2026-09-14T02:13:43.220+00:00,2026-09-14T02:18:36.943+00:00,2026-09-14T02:18:43.259+00:00,False,92,91.0,,91.0,293723.787126,300039.21982999996,300039.21998399997,3261.295869391304,0.02094,293723.787126,30615.59329213613,89.5768805,69.40035938461538,20.9605722390999,0.30329368291105385,45,64,,False,False,Request timeout: 300.0s exceeded,486,21.16838264042747
174,2026-09-14T02:13:46.314+00:00,2026-09-14T02:18:40.332+00:00,2026-09-14T02:18:46.335+00:00,False,92,91.0,,91.0,294018.432936,300021.412008,300021.412095,3261.1023053804347,0.04021,294018.432936,30646.670060886052,88.8041296,65.96680298901099,20.743091576199895,0.3033116849592505,45,64,,False,False,Request timeout: 300.0s exceeded,486,21.16838264042747
175,2026-09-14T02:13:49.661+00:00,2026-09-14T02:18:43.213+00:00,2026-09-14T02:18:49.752+00:00,False,102,101.0,,101.0,293552.015628,300090.617868,300090.61787400005,2942.0648811176475,0.03514,293552.015628,29059.578068093633,89.2974561,64.73863603960396,20.90826687913659,0.33656500398965017,45,64,,False,False,Request timeout: 300.0s exceeded,622,21.16838264042747
176,2026-09-14T02:13:53.220+00:00,2026-09-14T02:18:46.910+00:00,2026-09-14T02:18:53.245+00:00,False,94,93.0,,93.0,293689.451464,300024.760008,300024.76015,3191.7527675531915,0.03671,293689.451464,30284.7345290288,90.0116238,68.12159724731183,20.30123676010658,0.30997441676987,45,64,,False,False,Request timeout: 300.0s exceeded,428,21.16838264042747
177,2026-09-14T02:13:56.896+00:00,2026-09-14T02:18:50.565+00:00,2026-09-14T02:18:56.965+00:00,False,96,95.0,,95.0,293668.69272500003,300068.953845,300068.95399300003,3125.718270760417,0.02336,293668.69272500003,29965.566084658913,86.9796685,67.37116968421053,20.120801718067458,0.31659389877791905,45,64,,False,False,Request timeout: 300.0s exceeded,447,21.16838264042747
178,2026-09-14T02:13:59.416+00:00,2026-09-14T02:18:52.982+00:00,2026-09-14T02:18:59.482+00:00,False,107,106.0,,106.0,293566.152777,300065.969993,300065.969965,2804.3548594859813,0.016059999999999998,293566.152777,28374.752058462607,88.8172466,61.31903033962264,180.51793145941608,0.35325565242360807,45,64,,False,False,Request timeout: 300.0s exceeded,267,21.16838264042747
179,2026-09-14T02:14:02.998+00:00,2026-09-14T02:18:56.710+00:00,2026-09-14T02:19:03.027+00:00,False,102,101.0,,101.0,293712.543322,300029.119066,300029.119038,2941.4619513529415,0.015300000000000001,293712.543322,29076.253641547588,94.60596584999999,62.5403539009901,183.0901876267086,0.3366339917752522,45,64,,False,False,Request timeout: 300.0s exceeded,374,21.16838264042747
180,2026-09-14T02:14:05.529+00:00,2026-09-14T02:19:00.492+00:00,2026-09-14T02:19:05.595+00:00,False,79,78.0,,78.0,294963.033376,300065.737248,300065.73710800003,3798.300469721519,0.04471,294963.033376,33178.580694977405,89.26251500000001,65.4192804102564,21.58564420913899,0.2599430401996684,45,64,,False,False,Request timeout: 300.0s exceeded,253,21.16838264042747
181,2026-09-14T02:14:09.385+00:00,2026-09-14T02:19:03.151+00:00,2026-09-14T02:19:09.475+00:00,False,95,94.0,,94.0,293766.402089,300089.89085699996,300089.890869,3158.8409565157895,0.03749,293766.402089,30132.901488004965,87.4295193,67.27115710638299,19.824304263287544,0.31323947545035186,45,64,,False,False,Request timeout: 300.0s exceeded,443,21.16838264042747
182,2026-09-14T02:14:13.400+00:00,2026-09-14T02:19:07.396+00:00,2026-09-14T02:19:13.465+00:00,False,86,85.0,,85.0,293996.328957,300065.045245,300065.045175,3489.128432267442,0.037339,293996.328957,31694.745995600453,88.52557,71.3966622117647,18.667240600624417,0.2832719150296176,45,64,,False,False,Request timeout: 300.0s exceeded,423,21.16838264042747
183,2026-09-14T02:14:16.252+00:00,2026-09-14T02:19:09.927+00:00,2026-09-14T02:19:16.258+00:00,False,90,89.0,,89.0,293675.00788700004,300005.968783,300005.96881200006,3333.399653466667,0.02562,293675.00788700004,30948.571778938232,88.45744855000001,71.13439208988764,19.556116381447502,0.2966607643209105,45,64,,False,False,Request timeout: 300.0s exceeded,389,21.16838264042747
184,2026-09-14T02:14:18.496+00:00,2026-09-14T02:19:12.327+00:00,2026-09-14T02:19:18.548+00:00,False,89,88.0,,88.0,293831.301311,300052.634047,300052.634058,3371.3779107640453,0.030100000000000002,293831.301311,31138.568101591918,89.95250780000002,70.6969629090909,19.949309107163085,0.29328187795950406,45,64,,False,False,Request timeout: 300.0s exceeded,387,21.16838264042747
185,2026-09-14T02:14:22.419+00:00,2026-09-14T02:19:16.255+00:00,2026-09-14T02:19:22.495+00:00,False,90,89.0,,89.0,293836.075834,300075.761722,300075.761813,3334.1751312555557,0.03761,293836.075834,30965.658249360753,90.04709345,70.10883020224719,20.05860597667138,0.2965917656570093,45,64,,False,False,Request timeout: 300.0s exceeded,365,21.16838264042747
186,2026-09-14T02:14:26.021+00:00,2026-09-14T02:19:19.930+00:00,2026-09-14T02:19:26.575+00:00,False,91,90.0,,90.0,293908.660601,300553.453945,300553.45418400003,3302.785210813187,0.032380000000000006,293908.660601,30802.32790990659,90.57554350000001,73.83103715555556,65.21833327393426,0.2994475652123752,45,64,,False,False,Request timeout: 300.0s exceeded,461,21.16838264042747
187,2026-09-14T02:14:29.300+00:00,2026-09-14T02:19:22.657+00:00,2026-09-14T02:19:29.364+00:00,False,109,108.0,,108.0,293357.862121,300064.524009,300064.524093,2752.8855421376147,0.0,293357.862121,28092.71318099297,91.08690800000001,62.098721185185184,64.79331102949595,0.35992258783900993,45,64,,False,False,Request timeout: 300.0s exceeded,543,21.16838264042747
188,2026-09-14T02:14:31.956+00:00,2026-09-14T02:19:25.512+00:00,2026-09-14T02:19:32.068+00:00,False,107,106.0,,106.0,293556.091302,300112.532134,300112.532111,2804.790019728972,0.0,293556.091302,28373.232091468675,88.89003029999999,61.85321539622641,64.7401331998422,0.3532008451838695,45,64,,False,False,Request timeout: 300.0s exceeded,536,21.16838264042747
189,2026-09-14T02:14:34.846+00:00,2026-09-14T02:19:28.780+00:00,2026-09-14T02:19:34.929+00:00,False,102,101.0,,101.0,293933.019546,300082.690458,300082.690424,2941.987161019608,0.023690000000000003,293933.019546,29097.683564625328,89.51023130000002,60.88783081188119,19.767232628894657,0.3365738951681923,45,64,,False,False,Request timeout: 300.0s exceeded,476,21.16838264042747
190,2026-09-14T02:14:38.557+00:00,2026-09-14T02:19:33.302+00:00,2026-09-14T02:19:38.590+00:00,False,82,81.0,,81.0,294744.50605,300033.161922,300033.16203,3658.941000365854,0.043429,294744.50605,32541.881551686998,87.1861426,65.29204780246913,20.28950040329352,0.2699701575689746,45,64,,False,False,Request timeout: 300.0s exceeded,396,21.16838264042747
191,2026-09-14T02:14:41.219+00:00,2026-09-14T02:19:35.011+00:00,2026-09-14T02:19:41.291+00:00,False,92,91.0,,91.0,293792.076583,300072.093735,300072.093833,3261.6531938369567,0.04203,293792.076583,30622.75301848021,88.5710521,69.01117749450549,20.185280119130752,0.303260456070147,45,64,,False,False,Request timeout: 300.0s exceeded,444,21.16838264042747
192,2026-09-14T02:14:44.361+00:00,2026-09-14T02:19:38.211+00:00,2026-09-14T02:19:44.368+00:00,False,91,90.0,,90.0,293850.078666,300007.011786,300007.011812,3296.7803495824173,0.03526,293850.078666,30796.693104811144,88.553408,68.410368,19.78776512245752,0.29999298837788,45,64,,False,False,Request timeout: 300.0s exceeded,434,21.16838264042747
193,2026-09-14T02:14:46.954+00:00,2026-09-14T02:19:40.183+00:00,2026-09-14T02:19:46.999+00:00,True,102,102.0,,102.0,293229.48925,300045.65667399997,300045.656575,2941.6240840686273,39.820896,293229.48925,29027.369927339914,89.96229215000001,67.48680617821783,19.198261776797587,0.3399482636431666,45,64,,False,True,,476,21.16838264042747
194,2026-09-14T02:14:49.737+00:00,2026-09-14T02:19:43.619+00:00,2026-09-14T02:19:49.790+00:00,False,94,93.0,,93.0,293881.85096899996,300053.33077699994,300053.330944,3192.0567121702124,0.0347,293881.85096899996,30304.76096602384,88.55290014999999,66.35999793548388,20.678970609519983,0.30994490132528385,45,64,,False,False,Request timeout: 300.0s exceeded,499,21.16838264042747
195,2026-09-14T02:14:53.673+00:00,2026-09-14T02:19:47.344+00:00,2026-09-14T02:19:53.742+00:00,False,96,95.0,,95.0,293670.838955,300068.838315,300068.83817199996,3125.7170642916667,0.02,293670.838955,29965.788098676207,89.983238,67.34736168421053,20.910829601886395,0.31659402067025993,45,64,,False,False,Request timeout: 300.0s exceeded,378,21.16838264042747
196,2026-09-14T02:14:57.520+00:00,2026-09-14T02:19:50.914+00:00,2026-09-14T02:19:57.567+00:00,False,98,97.0,,97.0,293393.412831,300046.781919,300046.781932,3061.7018564489795,0.027620000000000002,293393.412831,29630.28791384253,89.31842355,68.5914338969072,19.640689591689654,0.3232829206819686,45,64,,False,False,Request timeout: 300.0s exceeded,470,21.16838264042747
197,2026-09-14T02:15:00.285+00:00,2026-09-14T02:19:53.743+00:00,2026-09-14T02:20:00.319+00:00,False,98,97.0,,97.0,293458.80403,300034.258494,300034.258463,3061.5740659489798,0.02628,293458.80403,29636.974504299822,88.17080885,67.78819035051546,19.55425322202049,0.32329641450574476,45,64,,False,False,Request timeout: 300.0s exceeded,351,21.16838264042747
198,2026-09-14T02:15:03.778+00:00,2026-09-14T02:19:57.650+00:00,2026-09-14T02:20:03.838+00:00,False,93,92.0,,92.0,293872.181144,300059.985816,300059.98579299997,3226.4514601397846,0.03714,293872.181144,30466.15840164052,89.8362146,67.25874643478261,21.033305055846107,0.3066053600909499,45,64,,False,False,Request timeout: 300.0s exceeded,294,21.16838264042747
199,2026-09-14T02:15:06.801+00:00,2026-09-14T02:20:00.723+00:00,2026-09-14T02:20:06.820+00:00,False,90,89.0,,89.0,293922.164986,300018.585082,300018.585018,3333.5398335333334,0.01852,293922.164986,30974.902613525926,91.58909750000001,68.49910220224719,20.202170990322,0.29664828922406533,45,64,,False,False,Request timeout: 300.0s exceeded,421,21.16838264042747
200,2026-09-14T02:15:09.516+00:00,2026-09-14T02:20:03.307+00:00,2026-09-14T02:20:09.548+00:00,False,94,93.0,,93.0,293791.342617,300031.74453699996,300031.744664,3191.827070893617,0.017079999999999998,293791.342617,30295.34880208949,89.14406364999999,67.1010959139785,19.918584538897058,0.30996720078241996,45,64,,False,False,Request timeout: 300.0s exceeded,488,21.16838264042747
201,2026-09-14T02:15:13.307+00:00,2026-09-14T02:20:07.079+00:00,2026-09-14T02:20:13.356+00:00,False,95,94.0,,94.0,293771.525906,300049.282322,300049.282365,3158.4134985789474,0.04273,293771.525906,30133.477820030745,91.36164070000001,66.78464272340426,20.90752587507717,0.3132818691401609,45,64,,False,False,Request timeout: 300.0s exceeded,394,21.16838264042747
202,2026-09-14T02:15:16.142+00:00,2026-09-14T02:20:09.636+00:00,2026-09-14T02:20:16.222+00:00,False,98,97.0,,97.0,293494.013547,300079.669355,300079.669455,3062.0374434183673,0.027039999999999998,293494.013547,29640.521008884993,90.64187215,67.89335884536084,20.20323429282381,0.3232474902698161,45,64,,False,False,Request timeout: 300.0s exceeded,472,21.16838264042747
203,2026-09-14T02:15:19.556+00:00,2026-09-14T02:20:13.141+00:00,2026-09-14T02:20:19.580+00:00,False,94,93.0,,93.0,293585.147519,300023.952511,300023.952357,3191.7441740106383,0.03687,293585.147519,30273.861307425574,88.18003800000001,69.2344622795699,19.827528827855875,0.30997525104796514,45,64,,False,False,Request timeout: 300.0s exceeded,374,21.16838264042747
204,2026-09-14T02:15:21.826+00:00,2026-09-14T02:20:15.579+00:00,2026-09-14T02:20:21.884+00:00,False,91,90.0,,90.0,293752.36309500004,300057.870423,300057.87040500005,3297.3392352197807,0.020550000000000002,293752.36309500004,30786.276945565503,90.05915499999999,70.06119253333333,20.203688999909808,0.2999421407381332,45,64,,False,False,Request timeout: 300.0s exceeded,346,21.16838264042747
205,2026-09-14T02:15:25.257+00:00,2026-09-14T02:20:18.991+00:00,2026-09-14T02:20:25.298+00:00,False,97,96.0,,96.0,293733.66036000004,300040.36116000003,300040.36105600005,3093.1995985154645,0.0,293733.66036000004,29817.539247074248,92.16647300000001,65.6948,67.22048557559802,0.31995695388730344,45,64,,False,False,Request timeout: 300.0s exceeded,465,21.16838264042747
206,2026-09-14T02:15:28.857+00:00,2026-09-14T02:20:22.741+00:00,2026-09-14T02:20:28.929+00:00,False,94,93.0,,93.0,293884.776635,300072.106683,300072.10667400004,3192.2564539787236,0.039439999999999996,293884.776635,30305.044444383166,87.23696765000001,66.53043062365592,19.61083559672251,0.3099255076655505,45,64,,False,False,Request timeout: 300.0s exceeded,370,21.16838264042747
207,2026-09-14T02:15:31.302+00:00,2026-09-14T02:20:24.697+00:00,2026-09-14T02:20:31.371+00:00,False,100,99.0,,99.0,293395.22444099997,300069.34232899995,300069.342402,3000.69342402,0.03742,293395.22444099997,29332.787603319895,89.21405290000001,67.4153322020202,19.915499239131638,0.32992374106467404,45,64,,False,False,Request timeout: 300.0s exceeded,502,21.16838264042747
208,2026-09-14T02:15:35.008+00:00,2026-09-14T02:20:28.338+00:00,2026-09-14T02:20:35.035+00:00,False,97,96.0,,96.0,293329.30032599997,300026.21603799996,300026.21600899997,3093.0537732886596,0.03651,293329.30032599997,29776.001782237527,91.1964918,69.75953866666667,20.18364806985085,0.31997203866958435,45,64,,False,False,Request timeout: 300.0s exceeded,462,21.16838264042747
209,2026-09-14T02:15:38.982+00:00,2026-09-14T02:20:32.515+00:00,2026-09-14T02:20:39.016+00:00,False,91,90.0,,90.0,293532.72102399997,300033.323392,300033.32328199997,3297.0694866153844,0.06955,293532.72102399997,30763.02449178206,90.43526399999999,72.2289152,19.4593592319956,0.29996668030908374,45,64,,False,False,Request timeout: 300.0s exceeded,439,21.16838264042747
210,2026-09-14T02:15:42.583+00:00,2026-09-14T02:20:36.368+00:00,2026-09-14T02:20:42.624+00:00,False,87,86.0,,86.0,293784.940135,300040.807783,300040.80796,3448.7449190804596,0.03744,293784.940135,31489.258401064923,89.26204659999999,72.74264706976744,18.797127317253903,0.2866276778663995,45,64,,False,False,Request timeout: 300.0s exceeded,273,21.16838264042747
211,2026-09-14T02:15:46.051+00:00,2026-09-14T02:20:39.953+00:00,2026-09-14T02:20:46.137+00:00,False,91,90.0,,90.0,293901.89947299997,300085.877201,300085.87723,3297.647002527472,0.02367,293901.89947299997,30802.093963277395,88.3955385,68.71086364444444,19.887391462971088,0.29991414737494376,45,64,,False,False,Request timeout: 300.0s exceeded,312,21.16838264042747
212,2026-09-14T02:15:48.870+00:00,2026-09-14T02:20:42.707+00:00,2026-09-14T02:20:48.895+00:00,False,92,91.0,,91.0,293836.306174,300024.519166,300024.519022,3261.1360763260873,0.045579999999999996,293836.306174,30627.46971552417,89.83721320000001,68.00234057142856,20.588782436041317,0.30330854375822125,45,64,,False,False,Request timeout: 300.0s exceeded,507,21.16838264042747
213,2026-09-14T02:15:52.933+00:00,2026-09-14T02:20:46.737+00:00,2026-09-14T02:20:52.999+00:00,False,93,92.0,,92.0,293804.207008,300066.201504,300066.201409,3226.5182947204303,0.032740000000000005,293804.207008,30459.02675289258,91.402523,68.06515756521739,21.837740524974926,0.30659900894827574,45,64,,False,False,Request timeout: 300.0s exceeded,227,21.16838264042747
214,2026-09-14T02:15:56.377+00:00,2026-09-14T02:20:50.118+00:00,2026-09-14T02:20:56.429+00:00,False,97,96.0,,96.0,293740.668527,300051.792239,300051.792144,3093.3174447835054,0.0265,293740.668527,29818.17794202201,89.39576079999999,65.740872,20.217926179446675,0.31994476448097076,45,64,,False,False,Request timeout: 300.0s exceeded,276,21.16838264042747
215,2026-09-14T02:15:58.902+00:00,2026-09-14T02:20:52.866+00:00,2026-09-14T02:20:58.932+00:00,False,89,88.0,,88.0,293964.528834,300029.73997,300029.740031,3371.120674505618,0.02646,293964.528834,31152.87802038924,88.6726764,68.9228538181818,19.594509978074854,0.29330425713397323,45,64,,False,False,Request timeout: 300.0s exceeded,458,21.16838264042747
216,2026-09-14T02:16:02.089+00:00,2026-09-14T02:20:55.711+00:00,2026-09-14T02:21:02.138+00:00,False,95,94.0,,94.0,293622.511389,300049.242653,300049.242482,3158.4130787578947,0.042779000000000005,293622.511389,30118.02635764146,91.28222799999999,68.36948153191489,20.468412368903813,0.3132819105586239,45,64,,False,False,Request timeout: 300.0s exceeded,437,21.16838264042747
217,2026-09-14T02:16:06.065+00:00,2026-09-14T02:20:59.644+00:00,2026-09-14T02:21:06.072+00:00,False,96,95.0,,95.0,293579.06965799996,300006.78063399997,300006.780859,3125.070633947916,0.08338,293579.06965799996,29956.38945527641,89.33128100000002,67.66011553684211,20.08322761753728,0.3166595094925451,45,64,,False,False,Request timeout: 300.0s exceeded,510,21.16838264042747
218,2026-09-14T02:16:09.402+00:00,2026-09-14T02:21:03.109+00:00,2026-09-14T02:21:09.409+00:00,False,94,93.0,,93.0,293706.567232,300007.092288,300007.092382,3191.5648125744683,0.037509999999999995,293706.567232,30286.538505726076,88.825504,67.74758124731183,20.366833971024047,0.3099926714756534,45,64,,False,False,Request timeout: 300.0s exceeded,437,21.16838264042747
219,2026-09-14T02:16:11.685+00:00,2026-09-14T02:21:05.661+00:00,2026-09-14T02:21:11.705+00:00,False,89,88.0,,88.0,293976.06994300004,300019.996471,300019.99627500004,3371.011194101124,0.0245,293976.06994300004,31154.12765808818,89.6413984,68.68098327272726,20.60464704792237,0.29331378253151236,45,64,,False,False,Request timeout: 300.0s exceeded,364,21.16838264042747
220,2026-09-14T02:16:14.628+00:00,2026-09-14T02:21:08.225+00:00,2026-09-14T02:21:14.708+00:00,False,96,95.0,,95.0,293596.994755,300079.523011,300079.52301,3125.8283646874997,0.035469,293596.994755,29958.160180190145,89.25709574999999,68.23713953684211,20.300289641585856,0.31658274795550645,45,64,,False,False,Request timeout: 300.0s exceeded,374,21.16838264042747
221,2026-09-14T02:16:17.089+00:00,2026-09-14T02:21:11.235+00:00,2026-09-14T02:21:17.193+00:00,False,78,77.0,,77.0,294145.57699699997,300104.414245,300104.41421899997,3847.492489987179,0.039439999999999996,294145.57699699997,33296.738821542654,87.71424535,77.38749672727273,70.21742569341103,0.25657736556030314,45,64,,False,False,Request timeout: 300.0s exceeded,316,21.16838264042747
222,2026-09-14T02:16:20.713+00:00,2026-09-14T02:21:14.445+00:00,2026-09-14T02:21:20.735+00:00,False,100,99.0,,99.0,293732.72527399997,300022.25999399996,300022.26004799997,3000.2226004799995,0.0,293732.72527399997,29366.995051535654,89.5350362,63.53065373737374,66.9699616419589,0.32997551582332546,45,64,,False,False,Request timeout: 300.0s exceeded,486,21.16838264042747
223,2026-09-14T02:16:23.549+00:00,2026-09-14T02:21:17.480+00:00,2026-09-14T02:21:23.572+00:00,False,95,94.0,,94.0,293930.767527,300023.418023,300023.417897,3158.1412410210523,0.05011,293930.767527,30150.017054532287,88.14063770000001,64.81543080851064,19.94645041551531,0.3133088764184197,45,64,,False,False,Request timeout: 300.0s exceeded,430,21.16838264042747
224,2026-09-14T02:16:26.543+00:00,2026-09-14T02:21:20.603+00:00,2026-09-14T02:21:26.591+00:00,False,89,88.0,,88.0,294059.838086,300048.463494,300048.463555,3371.3310511797754,0.02869,294059.838086,31163.072920768485,87.8016882,68.05256145454545,19.41845709259105,0.2932859544596858,45,64,,False,False,Request timeout: 300.0s exceeded,344,21.16838264042747
225,2026-09-14T02:16:30.380+00:00,2026-09-14T02:21:24.036+00:00,2026-09-14T02:21:30.402+00:00,False,94,93.0,,93.0,293656.28404500004,300022.67713300005,300022.67719500005,3191.730608457447,0.02299,293656.28404500004,30281.27918713477,89.48552364999999,68.45583965591398,20.436145211016612,0.3099765687337464,45,64,,False,False,Request timeout: 300.0s exceeded,443,21.16838264042747
226,2026-09-14T02:16:33.372+00:00,2026-09-14T02:21:27.179+00:00,2026-09-14T02:21:33.461+00:00,False,99,98.0,,98.0,293807.155058,300089.61317,300089.613006,3031.208212181818,0.019829999999999997,293807.155058,29522.29431919117,89.72817370000001,64.10671542857142,20.67207810999459,0.3265691170206656,45,64,,False,False,Request timeout: 300.0s exceeded,277,21.16838264042747
227,2026-09-14T02:16:35.739+00:00,2026-09-14T02:21:29.715+00:00,2026-09-14T02:21:35.822+00:00,False,94,93.0,,93.0,293976.246829,300083.263789,300083.263828,3192.375147106383,0.01984,293976.246829,30314.56915910577,91.1598483,65.66684903225806,21.425382263629498,0.3099139846245869,45,64,,False,False,Request timeout: 300.0s exceeded,485,21.16838264042747
228,2026-09-14T02:16:38.110+00:00,2026-09-14T02:21:32.220+00:00,2026-09-14T02:21:38.133+00:00,False,93,92.0,,92.0,294109.655397,300022.731877,300022.73173500004,3226.050878870968,0.023629999999999998,294109.655397,30491.0926528222,90.690404,64.27257043478261,20.546928288633257,0.3066434313974487,45,64,,False,False,Request timeout: 300.0s exceeded,123,21.16838264042747
229,2026-09-14T02:16:41.289+00:00,2026-09-14T02:21:35.486+00:00,2026-09-14T02:21:41.342+00:00,False,87,86.0,,86.0,294196.637815,300052.560759,300052.560704,3448.880008091954,0.02339,294196.637815,31533.896140963683,87.1864033,68.09212725581395,19.684408035061345,0.2866164507393575,45,64,,False,False,Request timeout: 300.0s exceeded,166,21.16838264042747
230,2026-09-14T02:16:45.004+00:00,2026-09-14T02:21:38.937+00:00,2026-09-14T02:21:46.385+00:00,False,84,83.0,,83.0,293932.869867,301380.83044299996,301380.830354,3587.8670280238093,0.05243,293932.869867,32061.69997499236,90.10969265,89.73446477108433,225.78468689982478,0.2753990686069788,45,64,,False,False,Request timeout: 300.0s exceeded,334,21.16838264042747
231,2026-09-14T02:16:48.598+00:00,2026-09-14T02:21:42.071+00:00,2026-09-14T02:21:48.081+00:00,True,104,104.0,,104.0,293473.318851,299483.383235,299483.38320499996,2879.647915432692,0.015359999999999999,293473.318851,28772.46621138135,90.22608155,58.35013965048543,210.33956207722167,0.347264675844779,45,64,,False,True,,445,21.16838264042747
232,2026-09-14T02:16:51.986+00:00,2026-09-14T02:21:46.561+00:00,2026-09-14T02:21:52.038+00:00,False,83,82.0,,82.0,294575.155339,300052.250251,300052.250329,3615.087353361446,0.02875,294575.155339,32326.4984663796,87.16679099999999,66.7938403902439,19.990821449022018,0.27328573583902566,45,64,,False,False,Request timeout: 300.0s exceeded,394,21.16838264042747
233,2026-09-14T02:16:55.112+00:00,2026-09-14T02:21:48.837+00:00,2026-09-14T02:21:55.214+00:00,False,94,93.0,,93.0,293724.383118,300101.515406,300101.515497,3192.5693137978724,0.04327,293724.383118,30288.290204031284,87.87724200000001,68.57131492473118,18.952731638769922,0.3098951362314268,45,64,,False,False,Request timeout: 300.0s exceeded,456,21.16838264042747
234,2026-09-14T02:16:57.595+00:00,2026-09-14T02:21:51.290+00:00,2026-09-14T02:21:57.645+00:00,False,94,93.0,,93.0,293694.89229000005,300049.40749000007,300049.4074370001,3192.014972734043,0.05217,293694.89229000005,30285.274210555326,89.07500115,68.32812043010753,20.0039586939465,0.30994895400051564,45,64,,False,False,Request timeout: 300.0s exceeded,318,21.16838264042747
235,2026-09-14T02:17:00.443+00:00,2026-09-14T02:21:54.282+00:00,2026-09-14T02:22:00.476+00:00,False,92,91.0,,91.0,293838.97364700004,300032.98119900003,300032.98140200006,3261.228058717392,0.02606,293838.97364700004,30627.740691377556,88.35319954999999,68.06601705494505,19.84082165199452,0.303299989342316,45,64,,False,False,Request timeout: 300.0s exceeded,413,21.16838264042747
236,2026-09-14T02:17:02.990+00:00,2026-09-14T02:21:56.719+00:00,2026-09-14T02:22:03.090+00:00,False,93,92.0,,92.0,293728.989759,300100.120383,300100.12044,3226.883015483871,0.03541,293728.989759,30451.102571719846,88.7658606,69.25141982608696,19.59692334653767,0.3065643555310336,45,64,,False,False,Request timeout: 300.0s exceeded,400,21.16838264042747
237,2026-09-14T02:17:06.316+00:00,2026-09-14T02:21:59.950+00:00,2026-09-14T02:22:06.375+00:00,False,98,97.0,,97.0,293633.913604,300059.37818,300059.377991,3061.8303876632654,0.03597,293633.913604,29654.819843865618,88.3552432,66.24190284536083,20.167412283943918,0.3232693495145868,45,64,,False,False,Request timeout: 300.0s exceeded,368,21.16838264042747
238,2026-09-14T02:17:08.989+00:00,2026-09-14T02:22:02.624+00:00,2026-09-14T02:22:09.016+00:00,False,98,97.0,,97.0,293634.782643,300027.018931,300027.01881000004,3061.5001919387755,0.024460000000000003,293634.782643,29654.942732353047,89.43006665000001,65.89934317525774,20.895131081094195,0.3233042155523599,45,64,,False,False,Request timeout: 300.0s exceeded,401,21.16838264042747
239,2026-09-14T02:17:11.226+00:00,2026-09-14T02:22:05.266+00:00,2026-09-14T02:22:11.234+00:00,False,91,90.0,,90.0,294039.986967,300008.632599,300008.632649,3296.798160978022,0.038549999999999994,294039.986967,30816.82069262438,88.67775249999998,66.3182848,20.534058376554736,0.2999913676493987,45,64,,False,False,Request timeout: 300.0s exceeded,427,21.16838264042747
240,2026-09-14T02:17:15.224+00:00,2026-09-14T02:22:09.093+00:00,2026-09-14T02:22:15.254+00:00,False,99,98.0,,98.0,293868.68814499996,300030.052881,300030.05295,3030.606595454545,0.0,293868.68814499996,29528.671650516677,89.69300879999999,62.87106873469388,67.33964629969948,0.3266339456963315,45,64,,False,False,Request timeout: 300.0s exceeded,400,21.16838264042747
241,2026-09-14T02:17:17.870+00:00,2026-09-14T02:22:11.545+00:00,2026-09-14T02:22:17.875+00:00,False,100,99.0,,99.0,293675.896124,300005.581628,300005.58162300003,3000.0558162300003,0.0,293675.896124,29361.270905708207,88.09422994999998,63.936217212121214,66.66395893522221,0.3299938603234313,45,64,,False,False,Request timeout: 300.0s exceeded,453,21.16838264042747
242,2026-09-14T02:17:21.299+00:00,2026-09-14T02:22:14.585+00:00,2026-09-14T02:22:21.359+00:00,False,100,99.0,,99.0,293285.829772,300060.60993200005,300060.61004,3000.6061004000003,0.04282,293285.829772,29321.746417229493,87.63475705,68.43212282828283,19.85201593822541,0.32993334254181333,45,64,,False,False,Request timeout: 300.0s exceeded,489,21.16838264042747
243,2026-09-14T02:17:24.095+00:00,2026-09-14T02:22:17.411+00:00,2026-09-14T02:22:24.151+00:00,False,99,98.0,,98.0,293316.306838,300055.727254,300055.727221,3030.8659315252526,0.03032,293316.306838,29472.493109062107,88.7360179,68.76959608163266,19.964681929867822,0.3266059971487965,45,64,,False,False,Request timeout: 300.0s exceeded,505,21.16838264042747
244,2026-09-14T02:17:27.525+00:00,2026-09-14T02:22:21.357+00:00,2026-09-14T02:22:27.559+00:00,False,93,92.0,,92.0,293831.219323,300033.118075,300033.118232,3226.1625616344086,0.021609000000000003,293831.219323,30461.894703260794,88.84513859999998,67.41194295652174,20.63347250832034,0.30663281637129985,45,64,,False,False,Request timeout: 300.0s exceeded,385,21.16838264042747
245,2026-09-14T02:17:30.963+00:00,2026-09-14T02:22:24.284+00:00,2026-09-14T02:22:31.028+00:00,False,100,99.0,,99.0,293320.208402,300064.74421000003,300064.744155,3000.64744155,0.02891,293320.208402,29325.21544226926,91.29603545000002,68.12662432323232,20.74634144022861,0.32992879673566367,45,64,,False,False,Request timeout: 300.0s exceeded,457,21.16838264042747
246,2026-09-14T02:17:33.541+00:00,2026-09-14T02:22:27.128+00:00,2026-09-14T02:22:33.568+00:00,False,94,93.0,,93.0,293587.427652,300027.095108,300027.095199,3191.7776085,0.03563,293587.427652,30274.09582916387,90.28968929999999,69.24373608602151,20.286504955949102,0.30997200425022625,45,64,,False,False,Request timeout: 300.0s exceeded,380,21.16838264042747
247,2026-09-14T02:17:37.040+00:00,2026-09-14T02:22:30.817+00:00,2026-09-14T02:22:37.055+00:00,False,90,89.0,,89.0,293777.221388,300015.287308,300015.28728,3333.503192,0.03646,293777.221388,30959.457345994484,90.20646045000001,70.09062831460675,21.53393107506124,0.2966515499879555,45,64,,False,False,Request timeout: 300.0s exceeded,198,21.16838264042747
248,2026-09-14T02:17:40.718+00:00,2026-09-14T02:22:34.488+00:00,2026-09-14T02:22:40.776+00:00,False,91,90.0,,90.0,293770.37435,300058.659022,300058.659016,3297.3479012747252,0.024550000000000002,293770.37435,30788.186252232717,92.661829,69.8698296888889,21.91032648544234,0.2999413524453607,45,64,,False,False,Request timeout: 300.0s exceeded,383,21.16838264042747
249,2026-09-14T02:17:44.129+00:00,2026-09-14T02:22:38.023+00:00,2026-09-14T02:22:44.215+00:00,False,89,88.0,,88.0,293893.32434500003,300085.52658500004,300085.52641500003,3371.7474878089893,0.02151,293893.32434500003,31145.178578175717,92.8955778,70.36593454545455,21.412162408229683,0.2932497311731353,45,64,,False,False,Request timeout: 300.0s exceeded,334,21.16838264042747
250,2026-09-14T02:17:47.413+00:00,2026-09-14T02:22:41.114+00:00,2026-09-14T02:22:47.444+00:00,False,94,93.0,,93.0,293700.95008499996,300030.68013299996,300030.680105,3191.815745797872,0.039560000000000005,293700.95008499996,30285.926996702172,91.49399365000001,68.06161341935484,20.732018961895115,0.30996830043772267,45,64,,False,False,Request timeout: 300.0s exceeded,437,21.16838264042747
251,2026-09-14T02:17:50.074+00:00,2026-09-14T02:22:44.005+00:00,2026-09-14T02:22:50.154+00:00,False,91,90.0,,90.0,293931.191946,300080.552586,300080.552706,3297.588491274725,0.02185,293931.191946,30805.204565068663,88.03603349999999,68.32622933333333,19.244811589926524,0.29991946903725764,45,64,,False,False,Request timeout: 300.0s exceeded,206,21.16838264042747
252,2026-09-14T02:17:53.958+00:00,2026-09-14T02:22:47.681+00:00,2026-09-14T02:22:53.991+00:00,False,94,93.0,,93.0,293723.15112199995,300032.85556999996,300032.85538399994,3191.838887063829,0.03583,293723.15112199995,30288.237983342962,87.70710645000001,67.84628438709677,19.06304809886062,0.3099660529621643,45,64,,False,False,Request timeout: 300.0s exceeded,437,21.16838264042747
253,2026-09-14T02:17:57.937+00:00,2026-09-14T02:22:51.601+00:00,2026-09-14T02:22:57.996+00:00,False,96,95.0,,95.0,293663.658107,300058.859131,300058.859298,3125.6131176875,0.03592,293663.658107,29965.057934350625,89.7273625,67.31790551578948,20.503830186065706,0.3166045497710994,45,64,,False,False,Request timeout: 300.0s exceeded,459,21.16838264042747
254,2026-09-14T02:18:00.782+00:00,2026-09-14T02:22:54.119+00:00,2026-09-14T02:23:00.792+00:00,False,97,96.0,,96.0,293336.627753,300009.302569,300009.302518,3092.879407402062,0.03739,293336.627753,29776.771952576524,90.6262788,69.50702933333334,20.9797859763234,0.3199900775674137,45,64,,False,False,Request timeout: 300.0s exceeded,452,21.16838264042747
255,2026-09-14T02:18:03.240+00:00,2026-09-14T02:22:57.257+00:00,2026-09-14T02:23:03.293+00:00,False,88,87.0,,87.0,294017.039648,300053.63791999995,300053.63793599996,3409.7004310909088,0.02662,294017.039648,31334.93224875061,90.59156800000001,69.38618703448276,21.22269280178232,0.28994815927942813,45,64,,False,False,Request timeout: 300.0s exceeded,427,21.16838264042747
256,2026-09-14T02:18:05.635+00:00,2026-09-14T02:22:59.355+00:00,2026-09-14T02:23:05.682+00:00,False,94,93.0,,93.0,293719.312293,300046.546853,300046.54684799997,3191.98454093617,0.03521,293719.312293,30287.823539893605,89.22823684999999,68.03478021505377,20.522567418346455,0.3099519090468418,45,64,,False,False,Request timeout: 300.0s exceeded,454,21.16838264042747
257,2026-09-14T02:18:09.074+00:00,2026-09-14T02:23:02.741+00:00,2026-09-14T02:23:09.121+00:00,False,99,98.0,,98.0,293666.65914099995,300046.557765,300046.55774399993,3030.773310545454,0.0,293666.65914099995,29508.142886844493,91.19414700000002,65.10100636734694,67.33054483562958,0.3266159783001235,45,64,,False,False,Request timeout: 300.0s exceeded,365,21.16838264042747
258,2026-09-14T02:18:11.681+00:00,2026-09-14T02:23:05.064+00:00,2026-09-14T02:23:11.770+00:00,False,103,102.0,,102.0,293383.334704,300089.09188799997,300089.09181799996,2913.486328330097,0.0,293383.334704,28901.515647156288,89.8545514,65.74271749019609,65.95929004547102,0.339899059170297,45,64,,False,False,Request timeout: 300.0s exceeded,423,21.16838264042747
259,2026-09-14T02:18:15.386+00:00,2026-09-14T02:23:08.853+00:00,2026-09-14T02:23:15.432+00:00,False,95,94.0,,94.0,293467.51815200003,300045.937608,300045.93754500005,3158.3782899473686,0.041909999999999996,293467.51815200003,30101.958411528227,89.17594170000001,69.98318570212767,19.839604886321425,0.31328536139958624,45,64,,False,False,Request timeout: 300.0s exceeded,422,21.16838264042747
260,2026-09-14T02:18:18.982+00:00,2026-09-14T02:23:12.990+00:00,2026-09-14T02:23:19.034+00:00,False,85,84.0,,84.0,294008.237455,300051.316367,300051.31627,3530.0154855294118,0.035829,294008.237455,31881.873994816433,89.53279719999999,71.94141561904762,20.25894940632953,0.27995211291543737,45,64,,False,False,Request timeout: 300.0s exceeded,402,21.16838264042747
261,2026-09-14T02:18:21.346+00:00,2026-09-14T02:23:14.958+00:00,2026-09-14T02:23:21.365+00:00,False,93,92.0,,92.0,293612.488295,300019.48119099997,300019.481172,3226.015926580645,0.03685,293612.488295,30438.982056528264,89.3567032,69.64122713043479,20.430968687533177,0.30664675385339557,45,64,,False,False,Request timeout: 300.0s exceeded,440,21.16838264042747
262,2026-09-14T02:18:24.883+00:00,2026-09-14T02:23:18.778+00:00,2026-09-14T02:23:24.940+00:00,False,93,92.0,,92.0,293895.51722399995,300057.03581599996,300057.0356889999,3226.419738591397,0.02561,293895.51722399995,30468.60768047323,89.86693060000002,66.97302817391305,20.75749468578203,0.30660837447056555,45,64,,False,False,Request timeout: 300.0s exceeded,436,21.16838264042747
263,2026-09-14T02:18:28.615+00:00,2026-09-14T02:23:22.180+00:00,2026-09-14T02:23:28.632+00:00,False,96,95.0,,95.0,293564.748939,300017.062539,300017.06259,3125.1777353125003,0.04536,293564.748939,29954.901717723602,89.08933175000001,67.9190905263158,20.52413708832218,0.3166486572331222,45,64,,False,False,Request timeout: 300.0s exceeded,455,21.16838264042747
264,2026-09-14T02:18:31.934+00:00,2026-09-14T02:23:25.434+00:00,2026-09-14T02:23:32.026+00:00,False,101,100.0,,100.0,293499.666412,300091.260396,300091.260228,2971.2005963168317,0.03846,293499.666412,29197.7568870874,89.77574,65.91593984000001,20.93278814914455,0.33323196373010044,45,64,,False,False,Request timeout: 300.0s exceeded,505,21.16838264042747
265,2026-09-14T02:18:35.349+00:00,2026-09-14T02:23:29.253+00:00,2026-09-14T02:23:35.375+00:00,False,93,92.0,,92.0,293904.227542,300026.085334,300026.085411,3226.086939903226,0.04138,293904.227542,30469.555698609034,91.7062902,66.54193252173913,20.9026418950503,0.3066400039769283,45,64,,False,False,Request timeout: 300.0s exceeded,352,21.16838264042747
266,2026-09-14T02:18:37.710+00:00,2026-09-14T02:23:31.363+00:00,2026-09-14T02:23:37.756+00:00,False,94,93.0,,93.0,293653.44982599997,300046.11670599994,300046.11662299995,3191.9799640744677,0.03903,293653.44982599997,30280.957790963184,91.5121658,68.7383535483871,20.54082186543213,0.309952353394815,45,64,,False,False,Request timeout: 300.0s exceeded,395,21.16838264042747
267,2026-09-14T02:18:41.775+00:00,2026-09-14T02:23:35.547+00:00,2026-09-14T02:23:41.811+00:00,False,92,91.0,,91.0,293771.701303,300035.450679,300035.45052199997,3261.2548969782606,0.0222,293771.701303,30620.64704293678,88.65155305,68.83241072527473,19.650211053489272,0.30329749299311465,45,64,,False,False,Request timeout: 300.0s exceeded,407,21.16838264042747
268,2026-09-14T02:18:45.671+00:00,2026-09-14T02:23:39.477+00:00,2026-09-14T02:23:45.742+00:00,False,92,91.0,,91.0,293805.35252899997,300070.43950499996,300070.43949499994,3261.6352119021735,0.100779,293805.35252899997,30624.153566319994,87.2383111,68.84710962637364,19.129445997217264,0.30326212788608825,45,64,,False,False,Request timeout: 300.0s exceeded,447,21.16838264042747
269,2026-09-14T02:18:49.352+00:00,2026-09-14T02:23:43.224+00:00,2026-09-14T02:23:49.376+00:00,False,93,92.0,,92.0,293872.332804,300024.628996,300024.629129,3226.071280956989,0.04621,293872.332804,30466.21304531962,86.92646640000001,66.87278469565217,19.347736113557218,0.30664149242636535,45,64,,False,False,Request timeout: 300.0s exceeded,436,21.16838264042747
270,2026-09-14T02:18:53.159+00:00,2026-09-14T02:23:46.949+00:00,2026-09-14T02:23:53.204+00:00,False,91,90.0,,90.0,293789.846766,300044.52043,300044.520644,3297.19253454945,0.02629,293789.846766,30790.265168832277,88.95490249999999,69.49637404444444,19.67106685189497,0.29995548617591533,45,64,,False,False,Request timeout: 300.0s exceeded,374,21.16838264042747
271,2026-09-14T02:18:55.810+00:00,2026-09-14T02:23:49.252+00:00,2026-09-14T02:23:55.842+00:00,False,94,93.0,,93.0,293441.51835699996,300031.307285,300031.307337,3191.822418478723,0.02062,293441.51835699996,30258.879984702853,90.71513114999999,70.85794546236559,20.346402975277602,0.30996765251453984,45,64,,False,False,Request timeout: 300.0s exceeded,411,21.16838264042747
272,2026-09-14T02:18:59.309+00:00,2026-09-14T02:23:52.088+00:00,2026-09-14T02:23:59.370+00:00,False,110,109.0,,109.0,292778.80832300003,300060.21273900004,300060.21279400005,2727.820116309091,0.02657,292778.80832300003,27909.001948676723,89.87865649999999,66.80187537614678,20.12808048024705,0.3632604236497391,45,64,,False,False,Request timeout: 300.0s exceeded,553,21.16838264042747
273,2026-09-14T02:19:02.286+00:00,2026-09-14T02:23:55.840+00:00,2026-09-14T02:24:02.338+00:00,False,110,109.0,,109.0,293553.602842,300052.069402,300052.069328,2727.7460848,0.0,293553.602842,27983.626528907436,90.11253495,59.61895926605505,64.27936119040028,0.363270282445429,45,64,,False,False,Request timeout: 300.0s exceeded,573,21.16838264042747
274,2026-09-14T02:19:05.586+00:00,2026-09-14T02:24:00.565+00:00,2026-09-14T02:24:05.656+00:00,False,80,79.0,,79.0,294978.23510000005,300069.3823640001,300069.38232900004,3750.8672791125005,0.0,294978.23510000005,32972.44617166785,90.6810362,64.44490207594936,74.02906992778325,0.2632724451179388,45,64,,False,False,Request timeout: 300.0s exceeded,379,21.16838264042747
275,2026-09-14T02:19:08.655+00:00,2026-09-14T02:24:02.528+00:00,2026-09-14T02:24:08.666+00:00,False,93,92.0,,92.0,293872.956043,300011.39956299996,300011.39947899996,3225.9290266559137,0.037579,293872.956043,30466.294075615777,89.6715186,66.72221217391305,20.56631288650567,0.3066550142228204,45,64,,False,False,Request timeout: 300.0s exceeded,380,21.16838264042747
276,2026-09-14T02:19:12.251+00:00,2026-09-14T02:24:05.779+00:00,2026-09-14T02:24:12.325+00:00,False,99,98.0,,98.0,293527.94572899997,300073.28076899995,300073.280636,3031.0432387474743,0.01829,293527.94572899997,29493.96218300577,87.0041459,66.78913306122449,19.24394267882698,0.32658689153814263,45,64,,False,False,Request timeout: 300.0s exceeded,563,21.16838264042747
277,2026-09-14T02:19:15.207+00:00,2026-09-14T02:24:09.214+00:00,2026-09-14T02:24:15.245+00:00,False,89,88.0,,88.0,294007.080595,300037.919635,300037.919719,3371.2125811123597,0.04083,294007.080595,31157.4300692985,87.3909574,68.53226181818181,19.865273274868933,0.29329626104278134,45,64,,False,False,Request timeout: 300.0s exceeded,450,21.16838264042747
278,2026-09-14T02:19:19.110+00:00,2026-09-14T02:24:13.410+00:00,2026-09-14T02:24:19.154+00:00,False,84,83.0,,83.0,294300.341115,300044.253563,300044.253426,3571.9553979285715,0.02141,294300.341115,32103.255231922445,89.28705300000001,69.20376443373493,20.096778698565192,0.2766258610667662,45,64,,False,False,Request timeout: 300.0s exceeded,111,21.16838264042747
279,2026-09-14T02:19:21.640+00:00,2026-09-14T02:24:14.993+00:00,2026-09-14T02:24:21.734+00:00,False,99,98.0,,98.0,293353.128592,300094.07784,300094.077857,3031.2533116868685,0.02409,293353.128592,29476.1920531403,88.8005381,68.78519640816326,19.64491971121144,0.32656425846647424,45,64,,False,False,Request timeout: 300.0s exceeded,399,21.16838264042747
280,2026-09-14T02:19:25.259+00:00,2026-09-14T02:24:18.730+00:00,2026-09-14T02:24:25.268+00:00,False,97,96.0,,96.0,293470.99676999997,300009.68963399995,300009.68973299995,3092.883399309278,0.02104,293470.99676999997,29790.55622597764,88.4667136,68.111384,20.196078175317048,0.31998966472421686,45,64,,False,False,Request timeout: 300.0s exceeded,276,21.16838264042747
281,2026-09-14T02:19:28.505+00:00,2026-09-14T02:24:22.038+00:00,2026-09-14T02:24:28.546+00:00,False,97,96.0,,96.0,293533.42693699995,300041.15916099993,300041.15932399995,3093.207828082474,0.01831,293533.42693699995,29796.927527570308,87.9049706,67.78887733333333,19.796188950743847,0.3199561029174903,45,64,,False,False,Request timeout: 300.0s exceeded,398,21.16838264042747
282,2026-09-14T02:19:31.129+00:00,2026-09-14T02:24:24.892+00:00,2026-09-14T02:24:31.203+00:00,False,95,94.0,,94.0,293763.037818,300073.75039400003,300073.750252,3158.6710552842105,0.02686,293763.037818,30132.57052056342,88.43901740000001,67.13524017021275,20.211450279499317,0.31325632407558807,45,64,,False,False,Request timeout: 300.0s exceeded,211,21.16838264042747
283,2026-09-14T02:19:34.994+00:00,2026-09-14T02:24:28.418+00:00,2026-09-14T02:24:35.030+00:00,False,100,99.0,,99.0,293424.373883,300035.686011,300035.685872,3000.3568587199998,0.03571,293424.373883,29335.76611403572,88.73167645,66.78093058585858,20.10330662548864,0.329960750056813,45,64,,False,False,Request timeout: 300.0s exceeded,371,21.16838264042747
284,2026-09-14T02:19:38.096+00:00,2026-09-14T02:24:31.717+00:00,2026-09-14T02:24:38.127+00:00,False,95,94.0,,94.0,293620.561116,300030.826716,300030.826579,3158.219227147368,0.03633,293620.561116,30117.843936416262,89.58689139999998,68.19431489361702,20.018579361592238,0.3133011398491313,45,64,,False,False,Request timeout: 300.0s exceeded,216,21.16838264042747
285,2026-09-14T02:19:40.964+00:00,2026-09-14T02:24:34.418+00:00,2026-09-14T02:24:40.970+00:00,False,95,94.0,,94.0,293453.85335000005,300006.15389400005,300006.15384300007,3157.9595141368427,0.02281,293453.85335000005,30100.585220450055,89.76217930000001,69.7053249361702,20.264198796154925,0.31332690606477576,45,64,,False,False,Request timeout: 300.0s exceeded,439,21.16838264042747
286,2026-09-14T02:19:44.388+00:00,2026-09-14T02:24:37.882+00:00,2026-09-14T02:24:44.411+00:00,False,92,91.0,,91.0,293493.983046,300022.909766,300022.90996900003,3261.118586619565,0.05236,293493.983046,30591.389330478978,91.21283949999999,71.74644747252748,19.99527868746726,0.30331017078320643,45,64,,False,False,Request timeout: 300.0s exceeded,258,21.16838264042747
287,2026-09-14T02:19:47.725+00:00,2026-09-14T02:24:41.740+00:00,2026-09-14T02:24:47.827+00:00,False,99,98.0,,98.0,294014.94261699996,300102.242201,300102.24217199994,3031.335779515151,0.01551,294014.94261699996,29544.251700211124,89.52650259999999,62.11530187755102,229.3267357253761,0.32655537419931163,45,64,,False,False,Request timeout: 300.0s exceeded,476,21.16838264042747
288,2026-09-14T02:19:50.983+00:00,2026-09-14T02:24:44.844+00:00,2026-09-14T02:24:51.014+00:00,False,104,103.0,,103.0,293860.21790499997,300030.570289,300030.570464,2884.909331384615,0.0155,293860.21790499997,28810.326276129006,92.54987280000002,59.90633382524272,220.48067633258404,0.34329835090066585,45,64,,False,False,Request timeout: 300.0s exceeded,538,21.16838264042747
289,2026-09-14T02:19:54.526+00:00,2026-09-14T02:24:48.871+00:00,2026-09-14T02:24:54.539+00:00,False,81,80.0,,80.0,294345.74323900003,300013.124231,300013.12414100004,3703.865730135803,0.04297,294345.74323900003,32697.217555520743,90.513259,70.84226240000001,20.483374751162486,0.2666550011938901,45,64,,False,False,Request timeout: 300.0s exceeded,367,21.16838264042747
290,2026-09-14T02:19:57.584+00:00,2026-09-14T02:24:51.357+00:00,2026-09-14T02:24:57.611+00:00,False,93,92.0,,92.0,293773.854956,300027.178476,300027.178651,3226.098695172043,0.0,293773.854956,30455.961497416683,88.6122608,67.97090782608696,70.22233138656239,0.3066388867412535,45,64,,False,False,Request timeout: 300.0s exceeded,379,21.16838264042747
291,2026-09-14T02:20:01.289+00:00,2026-09-14T02:24:55.012+00:00,2026-09-14T02:25:01.313+00:00,False,99,98.0,,98.0,293722.865527,300023.667063,300023.667042,3030.5420913333332,0.0,293722.865527,29513.872812045312,86.1654449,64.29389322448979,67.27191951735244,0.326640897897637,45,64,,False,False,Request timeout: 300.0s exceeded,537,21.16838264042747
292,2026-09-14T02:20:03.767+00:00,2026-09-14T02:24:58.002+00:00,2026-09-14T02:25:03.798+00:00,False,88,87.0,,87.0,294234.53120800003,300030.99047200003,300030.990448,3409.443073272728,0.03102,294234.53120800003,31358.410050262766,86.44286585000002,66.62596855172414,19.49025970596609,0.289970045638066,45,64,,False,False,Request timeout: 300.0s exceeded,404,21.16838264042747
293,2026-09-14T02:20:06.960+00:00,2026-09-14T02:25:00.674+00:00,2026-09-14T02:25:07.022+00:00,False,96,95.0,,95.0,293713.184711,300061.844935,300061.845014,3125.6442188958335,0.033469,293713.184711,29970.162481294294,89.60233325000002,66.82800235789473,20.145637419152134,0.3166013993567862,45,64,,False,False,Request timeout: 300.0s exceeded,163,21.16838264042747
294,2026-09-14T02:20:09.231+00:00,2026-09-14T02:25:03.552+00:00,2026-09-14T02:25:09.249+00:00,False,83,82.0,,82.0,294320.156411,300017.893883,300017.893908,3614.673420578313,0.02102,294320.156411,32298.212961256006,88.9156321,69.48460331707317,19.338515880287062,0.2733170309900852,45,64,,False,False,Request timeout: 300.0s exceeded,424,21.16838264042747
295,2026-09-14T02:20:13.256+00:00,2026-09-14T02:25:07.197+00:00,2026-09-14T02:25:13.334+00:00,False,87,86.0,,86.0,293940.665635,300078.300963,300078.30107399996,3449.175874413793,0.06584000000000001,293940.665635,31506.101636871295,88.3020523,71.36785265116279,19.330865574416364,0.28659186526987135,45,64,,False,False,Request timeout: 300.0s exceeded,424,21.16838264042747
296,2026-09-14T02:20:15.905+00:00,2026-09-14T02:25:09.551+00:00,2026-09-14T02:25:15.928+00:00,False,92,91.0,,91.0,293646.337709,300023.30564499996,300023.305763,3261.122888728261,0.02343,293646.337709,30607.447524488187,89.13563995,70.07657072527472,20.04007206718057,0.30330977056720715,45,64,,False,False,Request timeout: 300.0s exceeded,360,21.16838264042747
297,2026-09-14T02:20:18.500+00:00,2026-09-14T02:25:12.392+00:00,2026-09-14T02:25:18.543+00:00,False,89,88.0,,88.0,293891.853473,300043.142049,300043.142153,3371.2712601460676,0.023280000000000002,293891.853473,31145.071625203913,90.07167,69.90100654545455,20.931808740016713,0.29329115606191297,45,64,,False,False,Request timeout: 300.0s exceeded,402,21.16838264042747
298,2026-09-14T02:20:22.322+00:00,2026-09-14T02:25:15.889+00:00,2026-09-14T02:25:22.602+00:00,False,100,99.0,,99.0,293566.898282,300279.32785,300279.32764699997,3002.79327647,0.04207,293566.898282,29349.916772331257,89.80478645000001,67.80231886868687,20.628072658389655,0.32969302518704835,45,64,,False,False,Request timeout: 300.0s exceeded,483,21.16838264042747
299,2026-09-14T02:20:24.746+00:00,2026-09-14T02:25:18.543+00:00,2026-09-14T02:25:24.801+00:00,False,96,95.0,,95.0,293797.32685799996,300055.73095399997,300055.73091,3125.5805303124994,0.03463,293797.32685799996,29978.847478399864,90.6581855,65.87793785263158,20.608720284333643,0.31660785047483053,45,64,,False,False,Request timeout: 300.0s exceeded,434,21.16838264042747
300,2026-09-14T02:20:28.484+00:00,2026-09-14T02:25:22.210+00:00,2026-09-14T02:25:28.551+00:00,False,95,94.0,,94.0,293725.96623,300067.805078,300067.805058,3158.608474294737,0.04133,293725.96623,30128.733492293304,89.34429170000001,67.46637072340425,20.818517190746622,0.313262530698905,45,64,,False,False,Request timeout: 300.0s exceeded,452,21.16838264042747
301,2026-09-14T02:20:31.445+00:00,2026-09-14T02:25:24.883+00:00,2026-09-14T02:25:31.450+00:00,False,94,93.0,,93.0,293437.89160000003,300004.648976,300004.64901500003,3191.538819308511,0.039850000000000003,293437.89160000003,30258.53136785914,89.7934505,70.61029436559139,20.212495451871074,0.30999519613257687,45,64,,False,False,Request timeout: 300.0s exceeded,311,21.16838264042747
302,2026-09-14T02:20:34.653+00:00,2026-09-14T02:25:28.324+00:00,2026-09-14T02:25:34.673+00:00,False,90,89.0,,89.0,293670.73501099995,300019.6092509999,300019.60932499997,3333.5512147222216,0.022879,293670.73501099995,30948.10060449514,91.8864069,71.33566561797753,20.25168055740223,0.2966472765636514,45,64,,False,False,Request timeout: 300.0s exceeded,429,21.16838264042747
303,2026-09-14T02:20:37.305+00:00,2026-09-14T02:25:31.620+00:00,2026-09-14T02:25:37.389+00:00,False,85,84.0,,84.0,294314.683825,300084.278193,300084.27819000004,3530.4032728235297,0.02184,294314.683825,31915.466033454348,89.80789220000001,68.68564723809524,20.468501032445538,0.2799213624446369,45,64,,False,False,Request timeout: 300.0s exceeded,457,21.16838264042747
304,2026-09-14T02:20:39.921+00:00,2026-09-14T02:25:33.605+00:00,2026-09-14T02:25:39.950+00:00,False,94,93.0,,93.0,293683.462269,300029.136765,300029.136718,3191.7993267872343,0.02091,293683.462269,30284.10460932482,87.73964165,68.23305909677418,19.240032843174173,0.30996989493338084,45,64,,False,False,Request timeout: 300.0s exceeded,456,21.16838264042747
305,2026-09-14T02:20:42.864+00:00,2026-09-14T02:25:36.632+00:00,2026-09-14T02:25:42.927+00:00,False,92,91.0,,91.0,293767.750533,300062.126469,300062.12636,3261.54485173913,0.022719999999999997,293767.750533,30620.199916570025,87.5530775,69.16896632967033,19.425480649893377,0.30327052957615225,45,64,,False,False,Request timeout: 300.0s exceeded,405,21.16838264042747
306,2026-09-14T02:20:45.121+00:00,2026-09-14T02:25:38.722+00:00,2026-09-14T02:25:45.155+00:00,False,96,95.0,,95.0,293600.82746600005,300034.17069800006,300034.17078100005,3125.3559456354174,0.02068,293600.82746600005,29958.60444345306,89.25426125,67.71940244210526,20.666452266454268,0.3166306017044386,45,64,,False,False,Request timeout: 300.0s exceeded,438,21.16838264042747
307,2026-09-14T02:20:48.175+00:00,2026-09-14T02:25:41.730+00:00,2026-09-14T02:25:48.261+00:00,False,96,95.0,,95.0,293555.56006499997,300086.203521,300086.203436,3125.897952458333,0.03857,293555.56006499997,29953.87970529089,89.57771575000001,68.74361532631579,20.487846389114328,0.3165757001999324,45,64,,False,False,Request timeout: 300.0s exceeded,394,21.16838264042747
308,2026-09-14T02:20:51.346+00:00,2026-09-14T02:25:45.461+00:00,2026-09-14T02:25:51.609+00:00,False,77,76.0,,76.0,294114.985416,300262.16468,300262.16465600004,3899.508631896104,0.04193,294114.985416,33508.370650871766,88.7441732,80.88393768421052,71.3421729138414,0.25311214311998276,45,64,,False,False,Request timeout: 300.0s exceeded,353,21.16838264042747
309,2026-09-14T02:20:53.568+00:00,2026-09-14T02:25:47.195+00:00,2026-09-14T02:25:53.597+00:00,False,100,99.0,,99.0,293626.198741,300028.63509299996,300028.63502999995,3000.2863503,0.0,293626.198741,29356.23023140256,88.4486705,64.67107426262626,67.78305489186322,0.32996850440396447,45,64,,False,False,Request timeout: 300.0s exceeded,395,21.16838264042747
310,2026-09-14T02:20:56.539+00:00,2026-09-14T02:25:50.334+00:00,2026-09-14T02:25:56.545+00:00,False,99,98.0,,98.0,293795.348498,300006.357266,300006.357259,3030.367245040404,0.0,293795.348498,29521.25218029826,88.2746687,63.377640489795915,68.36596606403039,0.3266597444570433,45,64,,False,False,Request timeout: 300.0s exceeded,373,21.16838264042747
311,2026-09-14T02:20:58.982+00:00,2026-09-14T02:25:52.781+00:00,2026-09-14T02:25:59.033+00:00,False,95,94.0,,94.0,293798.155462,300050.586822,300050.586915,3158.4272306842104,0.02644,293798.155462,30136.237424516887,89.86957470000002,66.51522723404256,20.656844153256298,0.31328050711583494,45,64,,False,False,Request timeout: 300.0s exceeded,429,21.16838264042747
312,2026-09-14T02:21:03.040+00:00,2026-09-14T02:25:56.944+00:00,2026-09-14T02:26:03.066+00:00,False,90,89.0,,89.0,293904.268629,300026.074965,300026.07504,3333.623056,0.0241,293904.268629,30972.986214177326,89.49782335,68.78434085393259,20.370290170182496,0.2966408836644696,45,64,,False,False,Request timeout: 300.0s exceeded,429,21.16838264042747
313,2026-09-14T02:21:06.278+00:00,2026-09-14T02:26:00.197+00:00,2026-09-14T02:26:06.305+00:00,False,88,87.0,,87.0,293919.33913800004,300026.78873800003,300026.78864000004,3409.395325454546,0.021588999999999997,293919.33913800004,31324.4298761988,90.43051034999999,70.20057011494254,20.22546389311627,0.28997410653211103,45,64,,False,False,Request timeout: 300.0s exceeded,116,21.16838264042747
314,2026-09-14T02:21:09.526+00:00,2026-09-14T02:26:03.488+00:00,2026-09-14T02:26:09.554+00:00,False,93,92.0,,92.0,293962.62579,300028.450558,300028.450419,3226.1123700967746,0.03581,293962.62579,30475.674568220515,89.9914436,65.93287791304347,21.047402693259084,0.30663758663185514,45,64,,False,False,Request timeout: 300.0s exceeded,431,21.16838264042747
315,2026-09-14T02:21:12.441+00:00,2026-09-14T02:26:06.132+00:00,2026-09-14T02:26:12.448+00:00,False,94,93.0,,93.0,293691.237625,300007.27244100004,300007.272304,3191.566726638298,0.036469999999999995,293691.237625,30284.940437381323,88.970371,67.91435286021505,20.754611032373656,0.30999248532646667,45,64,,False,False,Request timeout: 300.0s exceeded,452,21.16838264042747
316,2026-09-14T02:21:16.474+00:00,2026-09-14T02:26:10.191+00:00,2026-09-14T02:26:16.506+00:00,False,91,90.0,,90.0,293717.068572,300031.70742,300031.707485,3297.0517306043957,0.03778,293717.068572,30782.566433554806,90.67538850000001,70.16265386666666,20.195491940068543,0.2999682959308475,45,64,,False,False,Request timeout: 300.0s exceeded,434,21.16838264042747
317,2026-09-14T02:21:18.731+00:00,2026-09-14T02:26:12.610+00:00,2026-09-14T02:26:18.764+00:00,False,92,91.0,,91.0,293878.86711,300033.318054,300033.318251,3261.231720119565,0.022670000000000003,293878.86711,30631.9454171316,88.61549355,67.63132905494506,20.190910025949083,0.30329964881974153,45,64,,False,False,Request timeout: 300.0s exceeded,443,21.16838264042747
318,2026-09-14T02:21:21.616+00:00,2026-09-14T02:26:15.302+00:00,2026-09-14T02:26:21.686+00:00,False,96,95.0,,95.0,293685.64388,300069.62724,300069.627256,3125.7252839166667,0.0422,293685.64388,29967.31417843048,91.3785095,67.19982484210527,20.912321952580474,0.3165931883003195,45,64,,False,False,Request timeout: 300.0s exceeded,418,21.16838264042747
319,2026-09-14T02:21:24.672+00:00,2026-09-14T02:26:18.551+00:00,2026-09-14T02:26:24.682+00:00,False,89,88.0,,88.0,293878.660803,300009.959619,300009.95946299995,3370.898420932584,0.03824,293878.660803,31143.697051184048,92.3314268,69.67385018181818,20.578274753474247,0.2933235953624883,45,64,,False,False,Request timeout: 300.0s exceeded,354,21.16838264042747
320,2026-09-14T02:21:27.666+00:00,2026-09-14T02:26:21.598+00:00,2026-09-14T02:26:27.720+00:00,False,89,88.0,,88.0,293931.751403,300054.603755,300054.603701,3371.4000415842693,0.03405,293931.751403,31149.334233138652,87.764371,69.57786763636364,19.665105215335146,0.2932799527110525,45,64,,False,False,Request timeout: 300.0s exceeded,336,21.16838264042747
321,2026-09-14T02:21:30.919+00:00,2026-09-14T02:26:24.597+00:00,2026-09-14T02:26:30.957+00:00,False,97,96.0,,96.0,293678.33995,300037.911662,300037.911647,3093.1743468762884,0.053649,293678.33995,29811.79843552136,90.18002900000002,66.24553866666666,20.574518578151693,0.31995956600360004,45,64,,False,False,Request timeout: 300.0s exceeded,327,21.16838264042747
322,2026-09-14T02:21:33.894+00:00,2026-09-14T02:26:27.557+00:00,2026-09-14T02:26:33.963+00:00,False,95,94.0,,94.0,293663.75669099996,300069.48545899993,300069.48549099994,3158.6261630631575,0.02213,293663.75669099996,30122.28110020347,89.23763100000001,68.14605072340426,20.677897619368686,0.3132607764372086,45,64,,False,False,Request timeout: 300.0s exceeded,404,21.16838264042747
323,2026-09-14T02:21:37.086+00:00,2026-09-14T02:26:30.744+00:00,2026-09-14T02:26:37.100+00:00,False,95,94.0,,94.0,293658.024185,300013.545721,300013.54560099996,3158.0373221157893,0.0249,293658.024185,30121.747299936593,88.29532800000001,67.61193123404256,19.993159864547042,0.31331918621906507,45,64,,False,False,Request timeout: 300.0s exceeded,364,21.16838264042747
324,2026-09-14T02:21:39.910+00:00,2026-09-14T02:26:33.700+00:00,2026-09-14T02:26:39.921+00:00,False,95,94.0,,94.0,293790.763234,300011.370978,300011.370996,3158.014431536842,0.024949000000000002,293790.763234,30135.513402585526,88.80997799999999,66.17667812765957,20.164359339901953,0.31332145742866885,45,64,,False,False,Request timeout: 300.0s exceeded,324,21.16838264042747
325,2026-09-14T02:21:43.246+00:00,2026-09-14T02:26:36.935+00:00,2026-09-14T02:26:43.279+00:00,False,95,94.0,,94.0,293688.739872,300032.65616,300032.656223,3158.2384865578947,0.02255,293688.739872,30124.911397048414,87.79682569999999,67.48847114893617,20.096857412174984,0.3132992295007785,45,64,,False,False,Request timeout: 300.0s exceeded,498,21.16838264042747
326,2026-09-14T02:21:46.391+00:00,2026-09-14T02:26:38.497+00:00,2026-09-14T02:26:45.268+00:00,True,102,102.0,,102.0,292105.452927,298876.14092700003,298876.140968,2930.158244784314,40.790744,292105.452927,28916.11859639462,88.6593195,67.03651485148515,19.55973449842135,0.34127849644884606,45,64,,False,True,,341,21.16838264042747
327,2026-09-14T02:21:48.731+00:00,2026-09-14T02:26:42.814+00:00,2026-09-14T02:26:48.763+00:00,False,97,96.0,,96.0,294083.87019,300032.40727799997,300032.40721599996,3093.1176001649483,0.0,294083.87019,29853.470667826936,91.1462334,61.963928,64.60133158677627,0.3199654359705537,45,64,,False,False,Request timeout: 300.0s exceeded,409,21.16838264042747
328,2026-09-14T02:21:52.404+00:00,2026-09-14T02:26:47.660+00:00,2026-09-14T02:26:52.458+00:00,False,75,74.0,,74.0,295256.014936,300053.9206,300053.920653,4000.71894204,0.024050000000000002,295256.014936,34085.747344299845,88.4006617,64.83656302702703,20.506552297552673,0.246622339918194,45,64,,False,False,Request timeout: 300.0s exceeded,288,21.16838264042747
329,2026-09-14T02:21:54.628+00:00,2026-09-14T02:26:48.542+00:00,2026-09-14T02:26:54.661+00:00,False,91,90.0,,90.0,293914.94499,300033.201886,300033.201979,3297.0681536153843,0.023850000000000003,293914.94499,30803.537928374237,88.46002800000001,67.98063217777778,19.690084326595557,0.29996680178814417,45,64,,False,False,Request timeout: 300.0s exceeded,406,21.16838264042747
330,2026-09-14T02:21:56.968+00:00,2026-09-14T02:26:50.523+00:00,2026-09-14T02:26:56.992+00:00,False,98,97.0,,97.0,293555.301,300024.673672,300024.67382699996,3061.476263540816,0.022789999999999998,293555.301,29646.833127308983,88.82409005000001,66.69456362886598,20.285629395857747,0.32330674278491045,45,64,,False,False,Request timeout: 300.0s exceeded,317,21.16838264042747
331,2026-09-14T02:21:59.459+00:00,2026-09-14T02:26:53.440+00:00,2026-09-14T02:26:59.489+00:00,False,87,86.0,,86.0,293980.383973,300029.588197,300029.58828699996,3448.615957321839,0.02432,293980.383973,31510.470076595455,87.6695046,70.339584,19.24116019804311,0.28663839628887616,45,64,,False,False,Request timeout: 300.0s exceeded,328,21.16838264042747
332,2026-09-14T02:22:02.376+00:00,2026-09-14T02:26:55.982+00:00,2026-09-14T02:27:02.410+00:00,False,92,91.0,,91.0,293605.816436,300033.850484,300033.850429,3261.2375046630436,0.02392,293605.816436,30603.163808763977,88.36416705000002,70.6377367912088,19.129222513097368,0.30329911059436543,45,64,,False,False,Request timeout: 300.0s exceeded,431,21.16838264042747
333,2026-09-14T02:22:04.923+00:00,2026-09-14T02:26:58.433+00:00,2026-09-14T02:27:04.962+00:00,False,93,92.0,,92.0,293509.57470099995,300038.59178899997,300038.5916609999,3226.221415709677,0.022539999999999998,293509.57470099995,30428.172026214874,88.562201,70.96757704347827,19.101563972725582,0.3066272223564439,45,64,,False,False,Request timeout: 300.0s exceeded,400,21.16838264042747
334,2026-09-14T02:22:07.754+00:00,2026-09-14T02:27:01.569+00:00,2026-09-14T02:27:07.778+00:00,False,91,90.0,,90.0,293814.481247,300023.39055899996,300023.390633,3296.9603366263736,0.02471,293814.481247,30792.900747791344,88.28675350000002,68.98788124444444,19.479395500038027,0.29997661126458536,45,64,,False,False,Request timeout: 300.0s exceeded,436,21.16838264042747
335,2026-09-14T02:22:10.034+00:00,2026-09-14T02:27:03.866+00:00,2026-09-14T02:27:10.076+00:00,False,95,94.0,,94.0,293831.357752,300042.044216,300042.044384,3158.337309305263,0.039289000000000004,293831.357752,30139.689250888496,88.51445370000002,66.07113259574469,20.331351320996813,0.31328942663891957,45,64,,False,False,Request timeout: 300.0s exceeded,406,21.16838264042747
336,2026-09-14T02:22:12.562+00:00,2026-09-14T02:27:06.680+00:00,2026-09-14T02:27:12.588+00:00,False,87,86.0,,86.0,294117.06808,300025.086,300025.086192,3448.5642091034483,0.02478,294117.06808,31525.301043677573,89.3600793,68.69788279069768,20.658765990556752,0.286642697604293,45,64,,False,False,Request timeout: 300.0s exceeded,431,21.16838264042747
337,2026-09-14T02:22:14.908+00:00,2026-09-14T02:27:09.038+00:00,2026-09-14T02:27:14.941+00:00,False,89,88.0,,88.0,294130.457482,300033.261706,300033.261655,3371.1602433146068,0.04729,294130.457482,31170.662699645807,89.3958708,67.07732072727272,20.62148815190278,0.2933008143818082,45,64,,False,False,Request timeout: 300.0s exceeded,129,21.16838264042747
338,2026-09-14T02:22:18.816+00:00,2026-09-14T02:27:12.663+00:00,2026-09-14T02:27:18.840+00:00,False,96,95.0,,95.0,293847.340962,300024.83241800003,300024.832524,3125.258672125,0.039020000000000006,293847.340962,29984.03925549626,89.71402575,65.02622585263158,21.05650868097327,0.3166404568394002,45,64,,False,False,Request timeout: 300.0s exceeded,355,21.16838264042747
339,2026-09-14T02:22:21.525+00:00,2026-09-14T02:27:15.514+00:00,2026-09-14T02:27:21.555+00:00,False,90,89.0,,89.0,293989.06885399995,300030.19474199996,300030.19463399996,3333.6688292666663,0.02215,293989.06885399995,30982.020554545124,89.16186405,67.87781896629212,20.458867219243643,0.29663681042680495,45,64,,False,False,Request timeout: 300.0s exceeded,387,21.16838264042747
340,2026-09-14T02:22:23.780+00:00,2026-09-14T02:27:17.585+00:00,2026-09-14T02:27:23.832+00:00,False,91,90.0,,90.0,293804.914264,300052.268632,300052.268609,3297.2776770219784,0.02028,293804.914264,30791.8529977519,86.95489099999999,69.41504853333333,19.353102799228253,0.2999477404731133,45,64,,False,False,Request timeout: 300.0s exceeded,403,21.16838264042747
341,2026-09-14T02:22:26.091+00:00,2026-09-14T02:27:19.893+00:00,2026-09-14T02:27:26.132+00:00,False,89,88.0,,88.0,293802.66803899995,300041.726727,300041.726712,3371.255356314606,0.02951,293802.66803899995,31135.511240667867,87.5287672,70.89839418181819,19.32521650012595,0.29329253954090484,45,64,,False,False,Request timeout: 300.0s exceeded,157,21.16838264042747
342,2026-09-14T02:22:30.012+00:00,2026-09-14T02:27:23.955+00:00,2026-09-14T02:27:30.018+00:00,False,88,87.0,,87.0,293943.204064,300005.745888,300005.74596,3409.156204090909,0.04242,293943.204064,31327.028159283047,87.56924185,69.68438878160919,19.012446317427894,0.2899944457479804,45,64,,False,False,Request timeout: 300.0s exceeded,350,21.16838264042747
343,2026-09-14T02:22:32.943+00:00,2026-09-14T02:27:26.510+00:00,2026-09-14T02:27:32.967+00:00,False,100,99.0,,99.0,293567.505839,300024.920751,300024.920771,3000.24920771,0.030809999999999997,293567.505839,29350.234445535403,86.1079705,65.22641325252526,19.637311475624077,0.32997258945087155,45,64,,False,False,Request timeout: 300.0s exceeded,478,21.16838264042747
344,2026-09-14T02:22:36.628+00:00,2026-09-14T02:27:30.577+00:00,2026-09-14T02:27:36.693+00:00,False,94,93.0,,93.0,293949.783574,300064.882966,300064.882848,3192.1796047659573,0.03632,293949.783574,30311.829432558414,86.076021,65.7537569032258,19.497797145821284,0.30993296876575094,45,64,,False,False,Request timeout: 300.0s exceeded,392,21.16838264042747
345,2026-09-14T02:22:39.241+00:00,2026-09-14T02:27:33.146+00:00,2026-09-14T02:27:39.313+00:00,False,92,91.0,,91.0,293904.73965,300072.493378,300072.493483,3261.657537858696,0.038990000000000004,293904.73965,30634.627444371054,89.69368305,67.7775134945055,19.990051721618283,0.3032600521813497,45,64,,False,False,Request timeout: 300.0s exceeded,450,21.16838264042747
346,2026-09-14T02:22:42.154+00:00,2026-09-14T02:27:35.939+00:00,2026-09-14T02:27:42.393+00:00,False,84,83.0,,83.0,293785.20667299995,300238.3133609999,300238.3133539999,3574.265635166666,0.02949,293785.20667299995,32046.18391223181,90.74636364999998,77.74827334939758,68.79494206310824,0.2764470632374044,45,64,,False,False,Request timeout: 300.0s exceeded,362,21.16838264042747
347,2026-09-14T02:22:44.555+00:00,2026-09-14T02:27:38.197+00:00,2026-09-14T02:27:44.580+00:00,False,97,96.0,,96.0,293641.95446700003,300025.21155500005,300025.21142500004,3093.0434167525777,0.0,293641.95446700003,29808.150284980165,91.34284579999999,66.49226133333333,68.68635072004817,0.3199731099344678,45,64,,False,False,Request timeout: 300.0s exceeded,471,21.16838264042747
348,2026-09-14T02:22:47.332+00:00,2026-09-14T02:27:41.342+00:00,2026-09-14T02:27:47.367+00:00,False,95,94.0,,94.0,294010.810089,300035.600873,300035.60097499995,3158.2694839473684,0.0,294010.810089,30158.3752455381,90.61360119999999,64.09351897872341,69.1611420497446,0.31329615461129434,45,64,,False,False,Request timeout: 300.0s exceeded,463,21.16838264042747
349,2026-09-14T02:22:50.674+00:00,2026-09-14T02:27:44.707+00:00,2026-09-14T02:27:50.767+00:00,False,90,89.0,,89.0,294032.734063,300092.636527,300092.636365,3334.362626277778,0.04215,294032.734063,30986.600846577247,89.2322924,68.08879173033708,20.172380753812313,0.2965750877129319,45,64,,False,False,Request timeout: 300.0s exceeded,299,21.16838264042747
350,2026-09-14T02:22:53.627+00:00,2026-09-14T02:27:47.631+00:00,2026-09-14T02:27:53.681+00:00,False,88,87.0,,87.0,294003.66844599997,300053.38799799996,300053.38784,3409.697589090909,0.02598,294003.66844599997,31333.490251621937,89.21595700000002,69.53700634482759,20.39190251607708,0.28994840078452944,45,64,,False,False,Request timeout: 300.0s exceeded,303,21.16838264042747
351,2026-09-14T02:22:57.096+00:00,2026-09-14T02:27:50.768+00:00,2026-09-14T02:27:57.185+00:00,False,95,94.0,,94.0,293671.834288,300089.074864,300089.074795,3158.832366263158,0.0171,293671.834288,30123.09718309846,87.723694,68.26851676595744,20.535696052723463,0.31324032720151734,45,64,,False,False,Request timeout: 300.0s exceeded,457,21.16838264042747
352,2026-09-14T02:23:00.690+00:00,2026-09-14T02:27:54.321+00:00,2026-09-14T02:28:00.708+00:00,False,96,95.0,,95.0,293631.615995,300018.008827,300018.008997,3125.18759371875,0.03743,293631.615995,29961.796909364017,88.2471235,67.22518770526315,20.19977223037584,0.31664765849032767,45,64,,False,False,Request timeout: 300.0s exceeded,345,21.16838264042747
353,2026-09-14T02:23:03.191+00:00,2026-09-14T02:27:57.061+00:00,2026-09-14T02:28:03.250+00:00,False,94,93.0,,93.0,293870.04887199996,300059.98730399995,300059.987399,3192.1275255212763,0.02895,293870.04887199996,30303.523229191982,90.02145114999999,66.55847776344086,20.720102867510516,0.309938025511475,45,64,,False,False,Request timeout: 300.0s exceeded,504,21.16838264042747
354,2026-09-14T02:23:07.240+00:00,2026-09-14T02:28:00.579+00:00,2026-09-14T02:28:07.274+00:00,False,102,101.0,,101.0,293338.505936,300033.12916799996,300033.128998,2941.501264686274,0.02489,293338.505936,29038.28430853783,90.72442905,66.28339833663367,20.624051112331646,0.33662949248329926,45,64,,False,False,Request timeout: 300.0s exceeded,375,21.16838264042747
355,2026-09-14T02:23:10.737+00:00,2026-09-14T02:28:04.007+00:00,2026-09-14T02:28:10.772+00:00,False,100,99.0,,99.0,293269.81811299996,300035.15801699995,300035.15810599993,3000.3515810599997,0.02633,293269.81811299996,29320.155353400864,91.00857989999999,68.33676670707071,20.67933530049482,0.32996133071308487,45,64,,False,False,Request timeout: 300.0s exceeded,525,21.16838264042747
356,2026-09-14T02:23:14.718+00:00,2026-09-14T02:28:08.750+00:00,2026-09-14T02:28:14.741+00:00,False,50,49.0,,49.0,294032.080976,300023.035728,300023.035743,6000.46071486,0.026539,294032.080976,41566.908448451286,92.57541085000001,122.26438269387755,389.05163140133845,0.16332079262214805,45,64,,False,False,Request timeout: 300.0s exceeded,187,21.16838264042747
357,2026-09-14T02:23:17.700+00:00,2026-09-14T02:28:11.739+00:00,2026-09-14T02:28:17.712+00:00,False,100,99.0,,99.0,294038.58330299996,300011.144199,300011.14411199995,3000.1114411199997,0.01529,294038.58330299996,29399.1164474012,91.03547734999998,60.32889793939394,276.9148274849455,0.32998774183645807,45,64,,False,False,Request timeout: 300.0s exceeded,449,21.16838264042747
358,2026-09-14T02:23:21.111+00:00,2026-09-14T02:28:15.916+00:00,2026-09-14T02:28:21.147+00:00,False,76,75.0,,75.0,294805.547406,300036.26996600005,300036.270014,3947.8456580789475,0.02776,294805.547406,33808.52177604891,89.16608675000002,69.74296746666667,20.843544289849774,0.24996977868208717,45,64,,False,False,Request timeout: 300.0s exceeded,233,21.16838264042747
359,2026-09-14T02:23:25.116+00:00,2026-09-14T02:28:18.590+00:00,2026-09-14T02:28:25.174+00:00,False,95,94.0,,94.0,293473.47748299997,300057.41962699994,300057.41960399994,3158.4991537263154,0.034099,293473.47748299997,30102.56391967337,90.53631569999999,70.04193770212767,20.025362752123844,0.3132733731992063,45,64,,False,False,Request timeout: 300.0s exceeded,364,21.16838264042747
360,2026-09-14T02:23:28.364+00:00,2026-09-14T02:28:21.831+00:00,2026-09-14T02:28:28.417+00:00,False,97,96.0,,96.0,293467.37351,300052.935878,300052.935788,3093.329234927835,0.03435,293467.37351,29790.138909442023,90.18831159999999,68.599608,20.405338641350347,0.31994354502511224,45,64,,False,False,Request timeout: 300.0s exceeded,398,21.16838264042747
361,2026-09-14T02:23:31.062+00:00,2026-09-14T02:28:24.661+00:00,2026-09-14T02:28:31.097+00:00,False,98,97.0,,97.0,293598.954177,300035.455937,300035.45594899997,3061.5862851938773,0.048310000000000006,293598.954177,29651.276966501988,87.787294,66.35568824742268,20.243798383132628,0.3232951242281432,45,64,,False,False,Request timeout: 300.0s exceeded,401,21.16838264042747
362,2026-09-14T02:23:33.490+00:00,2026-09-14T02:28:27.002+00:00,2026-09-14T02:28:33.578+00:00,False,97,96.0,,96.0,293511.569764,300087.446628,300087.446673,3093.685017247423,0.02199,293511.569764,29794.636602553615,90.2415618,68.49871733333333,20.40636238304461,0.3199067507779001,45,64,,False,False,Request timeout: 300.0s exceeded,458,21.16838264042747
363,2026-09-14T02:23:37.050+00:00,2026-09-14T02:28:31.177+00:00,2026-09-14T02:28:37.055+00:00,False,83,82.0,,82.0,294126.48219,300005.02196600003,300005.021841,3614.518335433735,0.04461,294126.48219,32276.713029560855,89.8777751,71.68950946341464,20.313717843903042,0.2733287578409043,45,64,,False,False,Request timeout: 300.0s exceeded,243,21.16838264042747
364,2026-09-14T02:23:39.515+00:00,2026-09-14T02:28:33.494+00:00,2026-09-14T02:28:39.548+00:00,False,92,91.0,,91.0,293978.958105,300033.46024900005,300033.46048400004,3261.233266130435,0.0,293978.958105,30642.563450010228,90.64819304999999,66.5329905934066,68.12533503962919,0.30329950507679515,45,64,,False,False,Request timeout: 300.0s exceeded,121,21.16838264042747
365,2026-09-14T02:23:43.170+00:00,2026-09-14T02:28:37.059+00:00,2026-09-14T02:28:43.235+00:00,False,95,94.0,,94.0,293889.2096,300065.741056,300065.740962,3158.5867469684213,0.0,293889.2096,30145.726800148634,89.8372164,65.70778144680851,66.04596182693108,0.3132646854958933,45,64,,False,False,Request timeout: 300.0s exceeded,324,21.16838264042747
366,2026-09-14T02:23:45.568+00:00,2026-09-14T02:28:39.292+00:00,2026-09-14T02:28:45.581+00:00,False,91,90.0,,90.0,293724.032031,300012.673311,300012.67315600003,3296.8425621538463,0.04819,293724.032031,30783.325893361183,87.9376145,69.873792,18.938531415652267,0.2999873272243534,45,64,,False,False,Request timeout: 300.0s exceeded,404,21.16838264042747
367,2026-09-14T02:23:48.852+00:00,2026-09-14T02:28:42.772+00:00,2026-09-14T02:28:48.861+00:00,False,88,87.0,,87.0,293920.404572,300009.12086,300009.120868,3409.194555318182,0.047759,293920.404572,31324.565795823786,88.12923070000001,69.98524468965518,19.246621002830164,0.2899911834367154,45,64,,False,False,Request timeout: 300.0s exceeded,545,21.16838264042747
368,2026-09-14T02:23:52.426+00:00,2026-09-14T02:28:45.840+00:00,2026-09-14T02:28:52.514+00:00,False,100,99.0,,99.0,293414.289604,300087.59059599997,300087.590597,3000.87590597,0.03363,293414.289604,29334.69503363113,88.867452,67.40708072727273,20.04781567174212,0.3299036784672682,45,64,,False,False,Request timeout: 300.0s exceeded,338,21.16838264042747
369,2026-09-14T02:23:54.727+00:00,2026-09-14T02:28:48.569+00:00,2026-09-14T02:28:54.778+00:00,False,94,93.0,,93.0,293841.952175,300051.016623,300051.016518,3192.032090617021,0.044539999999999996,293841.952175,30300.60395824959,90.31043675000001,66.76413384946237,20.56128432276149,0.30994729178621694,45,64,,False,False,Request timeout: 300.0s exceeded,433,21.16838264042747
370,2026-09-14T02:23:57.641+00:00,2026-09-14T02:28:51.564+00:00,2026-09-14T02:28:57.700+00:00,False,92,91.0,,91.0,293923.169157,300058.358405,300058.35855500004,3261.503897336957,0.018309000000000002,293923.169157,30636.587334003725,91.12638605000001,67.41966206593406,21.731270259200983,0.30327433797786063,45,64,,False,False,Request timeout: 300.0s exceeded,314,21.16838264042747
371,2026-09-14T02:24:00.565+00:00,2026-09-14T02:28:54.427+00:00,2026-09-14T02:29:00.583+00:00,False,91,90.0,,90.0,293862.35594800004,300018.41534000007,300018.415312,3296.905662769231,0.032379,293862.35594800004,30797.981682961956,91.048698,68.40065991111112,20.63798750304111,0.2999815857903464,45,64,,False,False,Request timeout: 300.0s exceeded,283,21.16838264042747
372,2026-09-14T02:24:04.629+00:00,2026-09-14T02:28:58.269+00:00,2026-09-14T02:29:04.656+00:00,False,95,94.0,,94.0,293639.92691000004,300026.898302,300026.898287,3158.1778767052638,0.01855,293639.92691000004,30119.857132199933,93.56179809999998,67.94650417021276,21.319114322461907,0.3133052420699354,45,64,,False,False,Request timeout: 300.0s exceeded,388,21.16838264042747
373,2026-09-14T02:24:06.892+00:00,2026-09-14T02:29:00.455+00:00,2026-09-14T02:29:06.939+00:00,False,94,93.0,,93.0,293563.22702399996,300046.55604799994,300046.55612799997,3191.984639659574,0.024480000000000002,293563.22702399996,30271.55165601826,91.19670500000001,69.71321531182795,20.81297226541147,0.30995189954828983,45,64,,False,False,Request timeout: 300.0s exceeded,359,21.16838264042747
374,2026-09-14T02:24:09.243+00:00,2026-09-14T02:29:03.038+00:00,2026-09-14T02:29:09.270+00:00,False,89,88.0,,88.0,293794.516598,300026.58699800004,300026.587002,3371.0852472134834,0.037509999999999995,293794.516598,31134.656738707083,91.91080160000001,70.81898181818181,21.088253939023843,0.2933073394611745,45,64,,False,False,Request timeout: 300.0s exceeded,282,21.16838264042747
375,2026-09-14T02:24:11.917+00:00,2026-09-14T02:29:05.869+00:00,2026-09-14T02:29:11.949+00:00,False,90,89.0,,89.0,293951.522199,300031.866007,300031.865984,3333.6873998222222,0.046990000000000004,293951.522199,30978.016447399947,89.21885194999999,68.318469752809,20.620121018053865,0.2966351580732547,45,64,,False,False,Request timeout: 300.0s exceeded,349,21.16838264042747
376,2026-09-14T02:24:15.941+00:00,2026-09-14T02:29:09.694+00:00,2026-09-14T02:29:15.963+00:00,False,96,95.0,,95.0,293752.659062,300022.22783,300022.227856,3125.2315401666665,0.036399,293752.659062,29974.276077847593,86.94207850000001,65.99546071578948,19.83101736823766,0.3166432056955105,45,64,,False,False,Request timeout: 300.0s exceeded,468,21.16838264042747
377,2026-09-14T02:24:19.412+00:00,2026-09-14T02:29:13.217+00:00,2026-09-14T02:29:19.440+00:00,False,97,96.0,,96.0,293805.05719300004,300027.95536900003,300027.95537700003,3093.0717049175264,0.021079999999999998,293805.05719300004,29824.808688522488,87.4811196,64.821856,19.853408531167275,0.3199701837181505,45,64,,False,False,Request timeout: 300.0s exceeded,472,21.16838264042747
378,2026-09-14T02:24:22.170+00:00,2026-09-14T02:29:15.922+00:00,2026-09-14T02:29:22.251+00:00,False,94,93.0,,93.0,293751.880167,300080.549863,300080.549937,3192.3462759255317,0.01807,293751.880167,30291.18105420043,92.26650815,68.05021178494623,20.503291005527263,0.3099167874840892,45,64,,False,False,Request timeout: 300.0s exceeded,466,21.16838264042747
379,2026-09-14T02:24:25.819+00:00,2026-09-14T02:29:19.693+00:00,2026-09-14T02:29:25.879+00:00,False,88,87.0,,87.0,293873.96451200004,300060.05244800006,300060.052273,3409.7733212840913,0.02056,293873.96451200004,31319.496297335514,90.92441149999999,71.10445903448276,19.79202561934599,0.2899419609182297,45,64,,False,False,Request timeout: 300.0s exceeded,277,21.16838264042747
380,2026-09-14T02:24:29.211+00:00,2026-09-14T02:29:22.858+00:00,2026-09-14T02:29:29.299+00:00,False,92,91.0,,91.0,293647.131123,300088.129011,300088.129166,3261.8274909347824,0.04775,293647.131123,30607.45699017827,89.6505675,70.78019657142856,20.201037479244015,0.30324425128014415,45,64,,False,False,Request timeout: 300.0s exceeded,433,21.16838264042747
381,2026-09-14T02:24:31.972+00:00,2026-09-14T02:29:26.130+00:00,2026-09-14T02:29:31.985+00:00,False,86,85.0,,85.0,294158.10653600004,300012.57668000006,300012.576507,3488.5183314767446,0.01781,294158.10653600004,31712.46359869911,88.5421605,68.87611934117646,20.12940422063703,0.2833214558557085,45,64,,False,False,Request timeout: 300.0s exceeded,404,21.16838264042747
382,2026-09-14T02:24:35.076+00:00,2026-09-14T02:29:28.685+00:00,2026-09-14T02:29:35.087+00:00,False,106,105.0,,105.0,293609.606327,300011.311799,300011.311823,2830.2953945566037,0.0,293609.606327,28512.030879952203,88.41790874999998,60.96862354285714,61.97222513299887,0.34998680339875765,45,64,,False,False,Request timeout: 300.0s exceeded,536,21.16838264042747
383,2026-09-14T02:24:38.095+00:00,2026-09-14T02:29:31.513+00:00,2026-09-14T02:29:38.125+00:00,False,107,106.0,,106.0,293417.765855,300030.23894300003,300030.238976,2804.020925009346,0.0,293417.765855,28359.80256439368,88.6690036,62.38182158490566,62.014519658095985,0.3532977221677244,45,64,,False,False,Request timeout: 300.0s exceeded,509,21.16838264042747
384,2026-09-14T02:24:42.095+00:00,2026-09-14T02:29:35.611+00:00,2026-09-14T02:29:42.122+00:00,False,97,96.0,,96.0,293516.12043,300026.688366,300026.688366,3093.058642948454,0.024730000000000002,293516.12043,29795.167836343986,89.6760028,67.818416,20.567448500348956,0.31997153494188624,45,64,,False,False,Request timeout: 300.0s exceeded,487,21.16838264042747
385,2026-09-14T02:24:47.619+00:00,2026-09-14T02:29:41.296+00:00,2026-09-14T02:29:47.682+00:00,False,100,99.0,,99.0,293677.26515399996,300062.583298,300062.583305,3000.6258330499995,0.01617,293677.26515399996,29361.283696854596,89.14268994999999,64.49816307070707,20.374490997858565,0.32993117273032513,45,64,,False,False,Request timeout: 300.0s exceeded,502,21.16838264042747
386,2026-09-14T02:24:48.768+00:00,2026-09-14T02:29:42.718+00:00,2026-09-14T02:29:48.786+00:00,False,99,98.0,,98.0,293949.93191000004,300017.961094,300017.96122000006,3030.4844567676773,0.035149,293949.93191000004,29536.863874141134,90.2400878,61.918665142857144,20.726739406719044,0.3266471102018294,45,64,,False,False,Request timeout: 300.0s exceeded,497,21.16838264042747
387,2026-09-14T02:24:52.129+00:00,2026-09-14T02:29:45.974+00:00,2026-09-14T02:29:52.185+00:00,False,99,98.0,,98.0,293844.779834,300055.739962,300055.739883,3030.8660594242424,0.04355,293844.779834,29526.14976769294,92.2614569,63.3771441632653,21.648453504395015,0.32660598331633656,45,64,,False,False,Request timeout: 300.0s exceeded,423,21.16838264042747
388,2026-09-14T02:24:54.941+00:00,2026-09-14T02:29:48.910+00:00,2026-09-14T02:29:54.986+00:00,False,87,86.0,,86.0,293968.546656,300044.67619200004,300044.67619900004,3448.7893815977013,0.02014,293968.546656,31509.16781274022,89.81882030000001,70.65266902325581,19.885883040488014,0.28662398243976234,45,64,,False,False,Request timeout: 300.0s exceeded,376,21.16838264042747
389,2026-09-14T02:24:58.082+00:00,2026-09-14T02:29:51.890+00:00,2026-09-14T02:29:58.116+00:00,False,93,92.0,,92.0,293808.084636,300034.551964,300034.551902,3226.17797744086,0.024640000000000002,293808.084636,30459.467733119327,88.3024476,67.67899269565217,20.144306198043804,0.30663135094866917,45,64,,False,False,Request timeout: 300.0s exceeded,207,21.16838264042747
390,2026-09-14T02:25:00.822+00:00,2026-09-14T02:29:54.604+00:00,2026-09-14T02:30:00.860+00:00,False,91,90.0,,90.0,293781.918704,300038.323952,300038.32385700004,3297.1244379890113,0.08645,293781.918704,30789.432981611062,90.66797849999999,69.51561386666665,21.070831973423825,0.2999616809431257,45,64,,False,False,Request timeout: 300.0s exceeded,447,21.16838264042747
391,2026-09-14T02:25:04.505+00:00,2026-09-14T02:29:58.762+00:00,2026-09-14T02:30:04.582+00:00,False,83,82.0,,82.0,294256.68543400004,300076.65241000004,300076.65235800005,3615.381353710844,0.01803,294256.68543400004,32291.082365011956,89.01691009999999,70.97520702439024,19.10419191671959,0.273263512310721,45,64,,False,False,Request timeout: 300.0s exceeded,388,21.16838264042747
392,2026-09-14T02:25:07.905+00:00,2026-09-14T02:30:01.500+00:00,2026-09-14T02:30:07.941+00:00,False,95,94.0,,94.0,293594.048316,300035.31577199994,300035.315908,3158.266483242105,0.04779,293594.048316,30115.090701294142,89.3701324,68.52412187234043,21.139631153417042,0.3132964523130724,45,64,,False,False,Request timeout: 300.0s exceeded,390,21.16838264042747
393,2026-09-14T02:25:10.968+00:00,2026-09-14T02:30:04.743+00:00,2026-09-14T02:30:11.048+00:00,False,93,92.0,,92.0,293775.51177499996,300079.87094299996,300079.871136,3226.6652810322576,0.022359999999999998,293775.51177499996,30456.002672244827,90.393699,68.52564313043479,20.71784749183074,0.3065850425451408,45,64,,False,False,Request timeout: 300.0s exceeded,347,21.16838264042747
394,2026-09-14T02:25:14.323+00:00,2026-09-14T02:30:08.071+00:00,2026-09-14T02:30:14.388+00:00,False,95,94.0,,94.0,293748.493723,300065.538971,300065.538758,3158.5846185052633,0.03488,293748.493723,30131.071345886863,89.2865324,67.20260902127659,20.104893044136404,0.3132648964701164,45,64,,False,False,Request timeout: 300.0s exceeded,431,21.16838264042747
395,2026-09-14T02:25:16.904+00:00,2026-09-14T02:30:10.966+00:00,2026-09-14T02:30:16.916+00:00,False,92,91.0,,91.0,294061.75372399995,300011.55980399996,300011.559814,3260.995215369565,0.030170000000000002,294061.75372399995,30651.247237229767,88.85355255000002,65.3824843956044,20.37149929337553,0.3033216455374288,45,64,,False,False,Request timeout: 300.0s exceeded,291,21.16838264042747
396,2026-09-14T02:25:20.355+00:00,2026-09-14T02:30:14.178+00:00,2026-09-14T02:30:20.422+00:00,False,95,94.0,,94.0,293822.846041,300067.124569,300067.12461,3158.6013116842105,0.06116,293822.846041,30138.77909805593,87.28983510000002,66.4284949787234,20.021123666087956,0.31326324113318466,45,64,,False,False,Request timeout: 300.0s exceeded,439,21.16838264042747
397,2026-09-14T02:25:23.152+00:00,2026-09-14T02:30:16.489+00:00,2026-09-14T02:30:23.226+00:00,False,99,98.0,,98.0,293336.091762,300073.279602,300073.27975,3031.0432297979796,0.044289999999999996,293336.091762,29474.48386368542,89.83125179999999,68.74681469387755,19.973595652062897,0.3265868928082553,45,64,,False,False,Request timeout: 300.0s exceeded,462,21.16838264042747
398,2026-09-14T02:25:26.560+00:00,2026-09-14T02:30:19.993+00:00,2026-09-14T02:30:26.620+00:00,False,95,94.0,,94.0,293432.46591,300059.78623,300059.78611000004,3158.52406431579,0.040049999999999995,293432.46591,30098.309119472186,90.3722544,70.50340765957446,20.39146190179327,0.3132709023792601,45,64,,False,False,Request timeout: 300.0s exceeded,403,21.16838264042747
399,2026-09-14T02:25:29.800+00:00,2026-09-14T02:30:23.880+00:00,2026-09-14T02:30:29.846+00:00,False,95,94.0,,94.0,294080.23095399997,300045.99376999994,300045.99354999996,3158.378879473684,0.0,294080.23095399997,30165.556555126397,94.42856040000001,63.46556187234042,66.67888685014418,0.3132853027594684,45,64,,False,False,Request timeout: 300.0s exceeded,429,21.16838264042747
400,2026-09-14T02:25:32.051+00:00,2026-09-14T02:30:26.148+00:00,2026-09-14T02:30:32.092+00:00,False,96,95.0,,95.0,294096.864761,300041.032953,300041.03297299996,3125.427426802083,0.0,294096.864761,30009.821982089998,90.68474850000001,62.57019149473684,66.29612317176519,0.3166233600284975,45,64,,False,False,Request timeout: 300.0s exceeded,396,21.16838264042747
401,2026-09-14T02:25:35.001+00:00,2026-09-14T02:30:29.262+00:00,2026-09-14T02:30:35.037+00:00,False,87,86.0,,86.0,294261.78217400005,300036.5984300001,300036.59831400006,3448.696532344828,0.02089,294261.78217400005,31540.982239246114,89.29218099999999,67.14902623255814,20.910917645229933,0.28663169909941566,45,64,,False,False,Request timeout: 300.0s exceeded,376,21.16838264042747
402,2026-09-14T02:25:38.701+00:00,2026-09-14T02:30:32.527+00:00,2026-09-14T02:30:38.719+00:00,False,90,89.0,,89.0,293825.43390899996,300017.20709299995,300017.20712899993,3333.524523655555,0.02132,293825.43390899996,30964.59366652295,89.85292344999999,69.57048521348314,20.715623429506852,0.2966496517395137,45,64,,False,False,Request timeout: 300.0s exceeded,436,21.16838264042747
403,2026-09-14T02:25:41.619+00:00,2026-09-14T02:30:35.472+00:00,2026-09-14T02:30:41.646+00:00,False,94,93.0,,93.0,293853.126473,300027.25895299995,300027.25911,3191.7793522340426,0.02452,293853.126473,30301.795107402144,88.62567514999999,66.38852129032259,20.36279789498573,0.30997183497439706,45,64,,False,False,Request timeout: 300.0s exceeded,311,21.16838264042747
404,2026-09-14T02:25:44.259+00:00,2026-09-14T02:30:37.852+00:00,2026-09-14T02:30:44.299+00:00,False,97,96.0,,96.0,293593.492543,300039.98751899996,300039.987545,3093.1957478865975,0.025,293593.492543,29803.091300344397,89.5945148,67.15098933333333,20.199813110967828,0.3199573523309816,45,64,,False,False,Request timeout: 300.0s exceeded,434,21.16838264042747
405,2026-09-14T02:25:47.886+00:00,2026-09-14T02:30:41.606+00:00,2026-09-14T02:30:47.900+00:00,False,94,93.0,,93.0,293720.806115,300014.216675,300014.21681899996,3191.6406044574464,0.04104,293720.806115,30288.014778163644,88.9482348,67.67108129032259,19.993297129856863,0.3099853101319703,45,64,,False,False,Request timeout: 300.0s exceeded,428,21.16838264042747
406,2026-09-14T02:25:51.546+00:00,2026-09-14T02:30:45.120+00:00,2026-09-14T02:30:51.698+00:00,False,97,96.0,,96.0,293574.203648,300151.409408,300151.409333,3094.3444261134023,0.02321,293574.203648,29800.994588930793,88.34123160000001,68.51256,20.23717090806509,0.31983857810078065,45,64,,False,False,Request timeout: 300.0s exceeded,506,21.16838264042747
407,2026-09-14T02:25:53.991+00:00,2026-09-14T02:30:47.898+00:00,2026-09-14T02:30:54.023+00:00,False,93,92.0,,92.0,293906.67648799997,300031.650568,300031.650539,3226.146779989247,0.03133,293906.67648799997,30469.805624108794,89.49396300000001,66.5758052173913,20.143145775440114,0.3066343161657502,45,64,,False,False,Request timeout: 300.0s exceeded,207,21.16838264042747
408,2026-09-14T02:25:57.516+00:00,2026-09-14T02:30:50.902+00:00,2026-09-14T02:30:57.566+00:00,False,101,100.0,,100.0,293386.204432,300050.329104,300050.329064,2970.795337267327,0.0258,293386.204432,29186.39424341874,89.95837999999999,66.64124672,20.089492812610356,0.3332774214866438,45,64,,False,False,Request timeout: 300.0s exceeded,481,21.16838264042747
409,2026-09-14T02:25:59.915+00:00,2026-09-14T02:30:53.443+00:00,2026-09-14T02:30:59.942+00:00,False,94,93.0,,93.0,293528.735474,300027.49899399997,300027.499115,3191.7819054787233,0.03432,293528.735474,30267.97634307446,88.64120714999999,69.8791776344086,19.812351010042462,0.3099715869772985,45,64,,False,False,Request timeout: 300.0s exceeded,464,21.16838264042747
410,2026-09-14T02:26:02.614+00:00,2026-09-14T02:30:56.165+00:00,2026-09-14T02:31:02.655+00:00,False,96,95.0,,95.0,293551.835808,300041.731232,300041.731238,3125.4347003958333,0.02686,293551.835808,29953.543055114846,88.89965775,68.31468867368422,20.006547017358283,0.3166226231595216,45,64,,False,False,Request timeout: 300.0s exceeded,422,21.16838264042747
411,2026-09-14T02:26:05.572+00:00,2026-09-14T02:30:59.179+00:00,2026-09-14T02:31:05.595+00:00,False,95,94.0,,94.0,293606.637414,300022.41367,300022.41354,3158.130668842105,0.02087,293606.637414,30116.409941427304,89.02603500000001,68.25293889361701,20.854308498781574,0.31330992524909246,45,64,,False,False,Request timeout: 300.0s exceeded,349,21.16838264042747
412,2026-09-14T02:26:08.597+00:00,2026-09-14T02:31:02.362+00:00,2026-09-14T02:31:08.615+00:00,False,92,91.0,,91.0,293765.181673,300017.715177,300017.715024,3261.062119826087,0.02409,293765.181673,30619.980590389958,88.1017081,68.70915938461539,20.294889826543763,0.3033154223786858,45,64,,False,False,Request timeout: 300.0s exceeded,429,21.16838264042747
413,2026-09-14T02:26:12.567+00:00,2026-09-14T02:31:06.325+00:00,2026-09-14T02:31:12.594+00:00,False,93,92.0,,92.0,293757.590774,300026.73842199997,300026.73864,3226.0939638709674,0.01849,293757.590774,30454.18373669407,87.99134959999999,68.14290921739129,20.263520437564836,0.3066393364933968,45,64,,False,False,Request timeout: 300.0s exceeded,436,21.16838264042747
414,2026-09-14T02:26:15.166+00:00,2026-09-14T02:31:08.945+00:00,2026-09-14T02:31:15.198+00:00,False,95,94.0,,94.0,293778.81523199996,300032.58239999996,300032.58252999996,3158.2377108421047,0.0314,293778.81523199996,30134.251907494283,89.6468557,66.5294379574468,20.958777457642075,0.3132993065222506,45,64,,False,False,Request timeout: 300.0s exceeded,371,21.16838264042747
415,2026-09-14T02:26:18.637+00:00,2026-09-14T02:31:12.089+00:00,2026-09-14T02:31:18.718+00:00,False,103,102.0,,102.0,293451.80640600005,300080.66298200004,300080.66279300005,2913.4044931359226,0.03252,293451.80640600005,28908.268977156065,87.311229,64.98878996078432,20.005698133311483,0.3399086065273001,45,64,,False,False,Request timeout: 300.0s exceeded,404,21.16838264042747
416,2026-09-14T02:26:21.475+00:00,2026-09-14T02:31:15.118+00:00,2026-09-14T02:31:21.706+00:00,False,92,91.0,,91.0,293642.447177,300230.384713,300230.38468,3263.373746521739,0.02084,293642.447177,30606.86546750811,87.65791000000002,72.39491797802198,66.64072938812008,0.30310056754245535,45,64,,False,False,Request timeout: 300.0s exceeded,569,21.16838264042747
417,2026-09-14T02:26:25.045+00:00,2026-09-14T02:31:18.799+00:00,2026-09-14T02:31:25.106+00:00,False,99,98.0,,98.0,293753.424676,300060.850212,300060.85022200004,3030.9176790101014,0.0,293753.424676,29516.93992713106,89.04068589999999,64.36148506122449,68.41748309063001,0.3266004209838128,45,64,,False,False,Request timeout: 300.0s exceeded,365,21.16838264042747
418,2026-09-14T02:26:28.271+00:00,2026-09-14T02:31:21.890+00:00,2026-09-14T02:31:28.301+00:00,False,94,93.0,,93.0,293619.51972399995,300030.403564,300030.40358999994,3191.812804148936,0.03095,293619.51972399995,30277.43796800865,89.5322545,68.93423483870968,20.544964978426542,0.3099685861675082,45,64,,False,False,Request timeout: 300.0s exceeded,452,21.16838264042747
419,2026-09-14T02:26:32.316+00:00,2026-09-14T02:31:26.075+00:00,2026-09-14T02:31:32.354+00:00,False,92,91.0,,91.0,293758.87169400003,300037.93294200004,300037.93311900005,3261.2818817282614,0.045759999999999995,293758.87169400003,30619.291812547905,88.9587095,69.00067305494505,19.47849094558179,0.30329498376324,45,64,,False,False,Request timeout: 300.0s exceeded,444,21.16838264042747
420,2026-09-14T02:26:34.577+00:00,2026-09-14T02:31:28.092+00:00,2026-09-14T02:31:34.617+00:00,False,94,93.0,,93.0,293515.18962099997,300039.51038899994,300039.51035799994,3191.909684659574,0.01763,293515.18962099997,30266.550263687484,88.10476150000001,70.15398675268817,18.88345729828767,0.30995917797434713,45,64,,False,False,Request timeout: 300.0s exceeded,392,21.16838264042747
421,2026-09-14T02:26:38.469+00:00,2026-09-14T02:31:31.889+00:00,2026-09-14T02:31:38.475+00:00,False,95,94.0,,94.0,293420.253705,300005.939721,300005.939623,3157.9572591894735,0.020390000000000002,293420.253705,30097.101200562956,88.7899384,70.0604895319149,19.761434846273517,0.3133271297475586,45,64,,False,False,Request timeout: 300.0s exceeded,438,21.16838264042747
422,2026-09-14T02:26:41.833+00:00,2026-09-14T02:31:34.991+00:00,2026-09-14T02:31:41.852+00:00,False,104,103.0,,103.0,293157.983312,300018.585936,300018.585799,2884.794094221154,0.02118,293157.983312,28739.98134490909,88.8057405,66.60779246601942,20.781064008300856,0.34331206407983,45,64,,False,False,Request timeout: 300.0s exceeded,476,21.16838264042747
423,2026-09-14T02:26:45.377+00:00,2026-09-14T02:31:38.480+00:00,2026-09-14T02:31:45.387+00:00,False,108,107.0,,107.0,293103.01741100004,300010.72045100003,300010.720351,2777.8770402870373,0.02009,293103.01741100004,28197.646231179217,88.1144735,64.5579723364486,20.41961724016093,0.35665392169702825,45,64,,False,False,Request timeout: 300.0s exceeded,454,21.16838264042747
424,2026-09-14T02:26:48.664+00:00,2026-09-14T02:31:42.247+00:00,2026-09-14T02:31:48.691+00:00,False,101,100.0,,100.0,293582.764722,300026.69637,300026.696481,2970.5613512970294,0.0458,293582.764722,29206.17189126252,88.151764,64.43931648,20.195683996659238,0.33330367333938055,45,64,,False,False,Request timeout: 300.0s exceeded,555,21.16838264042747
425,2026-09-14T02:26:52.191+00:00,2026-09-14T02:31:45.338+00:00,2026-09-14T02:31:52.241+00:00,False,103,102.0,,102.0,293146.951908,300049.516004,300049.516136,2913.102098407767,0.04909,293146.951908,28877.9666668323,90.158973,67.67219701960784,20.428359421997563,0.33994389112309126,45,64,,False,False,Request timeout: 300.0s exceeded,459,21.16838264042747
426,2026-09-14T02:26:55.758+00:00,2026-09-14T02:31:49.015+00:00,2026-09-14T02:31:55.781+00:00,False,103,102.0,,102.0,293257.494299,300023.198491,300023.198577,2912.8465881262136,0.01887,293257.494299,28888.990945258385,89.0626542,66.33043325490196,20.43943427861337,0.33997371040979607,45,64,,False,False,Request timeout: 300.0s exceeded,440,21.16838264042747
427,2026-09-14T02:26:58.155+00:00,2026-09-14T02:31:51.852+00:00,2026-09-14T02:31:58.221+00:00,False,97,96.0,,96.0,293696.709344,300065.81884799997,300065.818948,3093.462051010309,0.019059,293696.709344,29813.65355157941,90.00970840000002,66.34489066666666,20.683926844061162,0.3199298086285174,45,64,,False,False,Request timeout: 300.0s exceeded,500,21.16838264042747
428,2026-09-14T02:27:01.320+00:00,2026-09-14T02:31:55.015+00:00,2026-09-14T02:32:01.413+00:00,False,95,94.0,,94.0,293694.08622299996,300092.79854299995,300092.79865499993,3158.8715647894733,0.01791,293694.08622299996,30125.400324084934,89.474832,68.07140765957446,20.41432650564887,0.3132364403823934,45,64,,False,False,Request timeout: 300.0s exceeded,235,21.16838264042747
429,2026-09-14T02:27:05.054+00:00,2026-09-14T02:31:58.778+00:00,2026-09-14T02:32:05.662+00:00,False,66,65.0,,65.0,293723.19603500003,300608.17267500004,300608.17278100003,4554.669284560607,0.04247,293723.19603500003,36143.262694223784,90.4833885,105.92271753846154,329.04046635717145,0.21622831948176668,45,64,,False,False,Request timeout: 300.0s exceeded,326,21.16838264042747
430,2026-09-14T02:27:07.720+00:00,2026-09-14T02:32:01.410+00:00,2026-09-14T02:32:07.784+00:00,False,107,106.0,,106.0,293690.31012800004,300064.19428800006,300064.19446300005,2804.338266009346,0.0154,293690.31012800004,28387.421166170956,89.27208399999999,60.13098264150943,253.3978693520105,0.35325774290237955,45,64,,False,False,Request timeout: 300.0s exceeded,485,21.16838264042747
431,2026-09-14T02:27:10.336+00:00,2026-09-14T02:32:05.769+00:00,2026-09-14T02:32:10.360+00:00,False,70,69.0,,69.0,295433.485431,300024.776823,300024.77675900003,4286.068239414286,0.02893,295433.485431,35303.1088661741,90.27356045,66.54045495652174,21.70789308098171,0.2299810060044029,45,64,,False,False,Request timeout: 300.0s exceeded,263,21.16838264042747
432,2026-09-14T02:27:13.357+00:00,2026-09-14T02:32:07.077+00:00,2026-09-14T02:32:13.409+00:00,False,96,95.0,,95.0,293720.79391,300051.898678,300051.898765,3125.5406121354167,0.03688,293720.79391,29970.957469648318,86.512377,66.64320808421053,19.406489701063727,0.3166118942041724,45,64,,False,False,Request timeout: 300.0s exceeded,452,21.16838264042747
433,2026-09-14T02:27:15.962+00:00,2026-09-14T02:32:09.603+00:00,2026-09-14T02:32:16.539+00:00,False,106,105.0,,105.0,293641.52301,300577.291842,300577.291808,2835.6348283773586,0.0,293641.52301,28514.638394477028,87.03846125,66.05494125714286,62.676702675335505,0.34932778639576606,45,64,,False,False,Request timeout: 300.0s exceeded,205,21.16838264042747
434,2026-09-14T02:27:19.749+00:00,2026-09-14T02:32:13.366+00:00,2026-09-14T02:32:19.779+00:00,False,98,97.0,,97.0,293616.81221600005,300029.88920800004,300029.88918800006,3061.5294815102047,0.0,293616.81221600005,29653.167466066272,88.9555672,66.11419579381443,64.30675193631416,0.3233011226183314,45,64,,False,False,Request timeout: 300.0s exceeded,375,21.16838264042747
435,2026-09-14T02:27:22.705+00:00,2026-09-14T02:32:15.904+00:00,2026-09-14T02:32:22.793+00:00,False,104,103.0,,103.0,293199.23125099996,300088.471315,300088.471178,2885.4660690192304,0.0,293199.23125099996,28744.058574807626,88.44832464999999,66.88582586407767,62.47728402095838,0.3432321126788036,45,64,,False,False,Request timeout: 300.0s exceeded,495,21.16838264042747
436,2026-09-14T02:27:24.996+00:00,2026-09-14T02:32:18.655+00:00,2026-09-14T02:32:25.015+00:00,False,91,90.0,,90.0,293658.77023400005,300019.00601000007,300019.005867,3296.912152384616,0.03506,293658.77023400005,30776.40163352429,88.86255750000001,70.6692864,19.62384256593931,0.2999809951940184,45,64,,False,False,Request timeout: 300.0s exceeded,463,21.16838264042747
437,2026-09-14T02:27:28.945+00:00,2026-09-14T02:32:22.961+00:00,2026-09-14T02:32:28.957+00:00,False,85,84.0,,84.0,294015.72923299996,300011.51803299994,300011.51795599994,3529.5472700705877,0.028489999999999998,294015.72923299996,31882.74784918479,90.5298466,71.3784380952381,20.565076918735574,0.2799892502485867,45,64,,False,False,Request timeout: 300.0s exceeded,398,21.16838264042747
438,2026-09-14T02:27:31.214+00:00,2026-09-14T02:32:24.920+00:00,2026-09-14T02:32:31.233+00:00,False,89,88.0,,88.0,293706.01502999995,300018.24005399994,300018.24015499995,3370.99146241573,0.03897,293706.01502999995,31125.17828388899,89.5191734,71.72982981818181,19.921780634970453,0.29331549969815496,45,64,,False,False,Request timeout: 300.0s exceeded,407,21.16838264042747
439,2026-09-14T02:27:33.511+00:00,2026-09-14T02:32:27.491+00:00,2026-09-14T02:32:33.594+00:00,False,88,87.0,,87.0,293979.374995,300082.250643,300082.25063300005,3410.0255753750002,0.02605,293979.374995,31330.835623865256,90.07606670000001,70.14799595402299,20.691470744956966,0.28992051283800063,45,64,,False,False,Request timeout: 300.0s exceeded,466,21.16838264042747
440,2026-09-14T02:27:37.028+00:00,2026-09-14T02:32:30.889+00:00,2026-09-14T02:32:37.035+00:00,False,90,89.0,,89.0,293861.339357,300006.963677,300006.963689,3333.4107076555556,0.033170000000000005,293861.339357,30968.433064978773,89.85454795,69.05195865168538,20.678128202884526,0.29665978052369846,45,64,,False,False,Request timeout: 300.0s exceeded,415,21.16838264042747
441,2026-09-14T02:27:39.875+00:00,2026-09-14T02:32:33.591+00:00,2026-09-14T02:32:39.901+00:00,False,91,90.0,,90.0,293715.63084,300025.274872,300025.274926,3296.9810431428573,0.026539999999999998,293715.63084,30782.421143191274,88.455258,70.10715591111112,19.580504721463605,0.29997472725721785,45,64,,False,False,Request timeout: 300.0s exceeded,427,21.16838264042747
442,2026-09-14T02:27:42.434+00:00,2026-09-14T02:32:36.395+00:00,2026-09-14T02:32:42.525+00:00,False,92,91.0,,91.0,293961.50941500004,300091.19543100003,300091.19544100005,3261.86082001087,0.018809,293961.50941500004,30640.589871610562,88.21247805000002,67.359186989011,20.232934399465314,0.30324115264129314,45,64,,False,False,Request timeout: 300.0s exceeded,472,21.16838264042747
443,2026-09-14T02:27:45.593+00:00,2026-09-14T02:32:39.211+00:00,2026-09-14T02:32:45.621+00:00,False,99,98.0,,98.0,293617.42992799997,300027.94691999996,300027.94707199995,3030.585323959596,0.051789999999999996,293617.42992799997,29503.094943271386,90.04962580000002,65.41343869387755,20.73452540558882,0.3266362384105868,45,64,,False,False,Request timeout: 300.0s exceeded,240,21.16838264042747
444,2026-09-14T02:27:47.937+00:00,2026-09-14T02:32:41.808+00:00,2026-09-14T02:32:47.968+00:00,False,91,90.0,,90.0,293871.255827,300030.873619,300030.87344,3297.0425652747253,0.019530000000000002,293871.255827,30798.9101797584,90.04173999999999,68.44019768888889,20.150366042597184,0.29996912955794086,45,64,,False,False,Request timeout: 300.0s exceeded,481,21.16838264042747
445,2026-09-14T02:27:50.391+00:00,2026-09-14T02:32:44.361+00:00,2026-09-14T02:32:50.419+00:00,False,88,87.0,,87.0,293969.31673400005,300027.60614200006,300027.60610100004,3409.4046147840913,0.02587,293969.31673400005,31329.817579893115,88.75953020000001,69.63551043678162,19.972638963178955,0.2899733165181599,45,64,,False,False,Request timeout: 300.0s exceeded,406,21.16838264042747
446,2026-09-14T02:27:53.820+00:00,2026-09-14T02:32:47.425+00:00,2026-09-14T02:32:53.865+00:00,False,94,93.0,,93.0,293605.573518,300045.658766,300045.658719,3191.9750927553196,0.032740000000000005,293605.573518,30275.966393028066,88.379203,69.24822847311827,19.39856181731919,0.30995282645475286,45,64,,False,False,Request timeout: 300.0s exceeded,390,21.16838264042747
447,2026-09-14T02:27:57.498+00:00,2026-09-14T02:32:50.832+00:00,2026-09-14T02:32:57.572+00:00,False,99,98.0,,98.0,293334.389048,300074.752568,300074.752505,3031.058106111111,0.020210000000000002,293334.389048,29474.30889827367,88.060181,68.77921959183674,19.089838027437793,0.3265852897030789,45,64,,False,False,Request timeout: 300.0s exceeded,473,21.16838264042747
448,2026-09-14T02:28:01.087+00:00,2026-09-14T02:32:54.343+00:00,2026-09-14T02:33:01.153+00:00,False,100,99.0,,99.0,293256.27327899996,300065.40991899994,300065.409862,3000.65409862,0.0253,293256.27327899996,29318.75556378119,87.20484995000001,68.77915797979797,19.089171425476874,0.3299280647733579,45,64,,False,False,Request timeout: 300.0s exceeded,256,21.16838264042747
449,2026-09-14T02:28:04.059+00:00,2026-09-14T02:32:57.947+00:00,2026-09-14T02:33:04.105+00:00,False,91,90.0,,90.0,293888.161092,300046.15226,300046.15225800005,3297.2104643736266,0.02539,293888.161092,30800.68400034641,88.727043,68.42212408888888,19.79678471617394,0.29995385483901155,45,64,,False,False,Request timeout: 300.0s exceeded,445,21.16838264042747
450,2026-09-14T02:28:08.072+00:00,2026-09-14T02:33:01.900+00:00,2026-09-14T02:33:08.109+00:00,False,91,90.0,,90.0,293828.370045,300037.32543699996,300037.325444,3297.1134664175825,0.01789,293828.370045,30794.357486382367,89.6448965,68.98839324444444,20.795113693632278,0.29996267920638314,45,64,,False,False,Request timeout: 300.0s exceeded,398,21.16838264042747
451,2026-09-14T02:28:11.296+00:00,2026-09-14T02:33:04.849+00:00,2026-09-14T02:33:11.355+00:00,False,100,99.0,,99.0,293553.43618099997,300059.48238899995,300059.482553,3000.5948255299995,0.0,293553.43618099997,29348.849591386286,90.34789250000001,65.71763846464647,67.89370982602058,0.3299345823427618,45,64,,False,False,Request timeout: 300.0s exceeded,324,21.16838264042747
452,2026-09-14T02:28:14.622+00:00,2026-09-14T02:33:05.710+00:00,2026-09-14T02:33:14.756+00:00,False,148,147.0,,147.0,291087.90843999997,300134.42389599996,300134.42400099995,2027.9352973040538,0.0,291087.90843999997,23922.286651984345,89.51924350000002,61.540921469387754,56.64262022772593,0.4897805393057385,45,64,,False,False,Request timeout: 300.0s exceeded,653,21.16838264042747
453,2026-09-14T02:28:16.714+00:00,2026-09-14T02:33:10.122+00:00,2026-09-14T02:33:16.767+00:00,False,116,115.0,,115.0,293408.469586,300053.67457800003,300053.67472400004,2586.6696096896553,0.0,293408.469586,27236.999530612407,93.4387255,57.7843912347826,62.98163103528054,0.3832647614188952,45,64,,False,False,Request timeout: 300.0s exceeded,544,21.16838264042747
454,2026-09-14T02:28:19.583+00:00,2026-09-14T02:33:14.434+00:00,2026-09-14T02:33:19.603+00:00,False,83,82.0,,82.0,294850.845186,300019.89965,300019.89977899997,3614.697587698795,0.03334,294850.845186,32357.173139475817,88.79319300000002,63.03724956097561,22.23653379201488,0.2733152037436861,45,64,,False,False,Request timeout: 300.0s exceeded,385,21.16838264042747
455,2026-09-14T02:28:21.994+00:00,2026-09-14T02:33:16.040+00:00,2026-09-14T02:33:22.019+00:00,False,90,89.0,,89.0,294046.881154,300025.549698,300025.54973800003,3333.617219311111,0.04597,294046.881154,30988.18887960933,90.26057284999999,67.17605105617977,21.066063238561064,0.29664140300579633,45,64,,False,False,Request timeout: 300.0s exceeded,434,21.16838264042747
456,2026-09-14T02:28:25.445+00:00,2026-09-14T02:33:18.609+00:00,2026-09-14T02:33:25.458+00:00,False,99,98.0,,98.0,293164.162319,300013.799695,300013.799856,3030.442422787879,0.06078,293164.162319,29457.088642876894,88.42008390000001,69.89425893877551,19.45568242618291,0.32665164102327543,45,64,,False,False,Request timeout: 300.0s exceeded,367,21.16838264042747
457,2026-09-14T02:28:28.209+00:00,2026-09-14T02:33:21.893+00:00,2026-09-14T02:33:28.292+00:00,False,92,91.0,,91.0,293684.025085,300083.58834899997,300083.58849199995,3261.7781357826084,0.038299999999999994,293684.025085,30611.35046289188,88.57156905,70.32487103296702,19.48533253887368,0.30324883976715905,45,64,,False,False,Request timeout: 300.0s exceeded,353,21.16838264042747
458,2026-09-14T02:28:31.636+00:00,2026-09-14T02:33:25.597+00:00,2026-09-14T02:33:31.681+00:00,False,93,92.0,,92.0,293960.321745,300044.140497,300044.140658,3226.2810823440864,0.02981,293960.321745,30475.414736440634,88.783643,66.12846469565217,20.101339262888313,0.30662155190769297,45,64,,False,False,Request timeout: 300.0s exceeded,397,21.16838264042747
459,2026-09-14T02:28:35.565+00:00,2026-09-14T02:33:29.204+00:00,2026-09-14T02:33:35.599+00:00,False,98,97.0,,97.0,293638.874118,300034.01703,300034.017093,3061.571602989796,0.018919000000000002,293638.874118,29655.352373265516,87.76718185000001,65.92930837113403,19.96641013879908,0.3232966746910605,45,64,,False,False,Request timeout: 300.0s exceeded,445,21.16838264042747
460,2026-09-14T02:28:38.654+00:00,2026-09-14T02:33:32.247+00:00,2026-09-14T02:33:38.700+00:00,False,102,101.0,,101.0,293592.440819,300045.933299,300045.933371,2941.626797754902,0.022940000000000002,293592.440819,29063.663601519074,87.3815195,63.895965148514854,20.058957570185076,0.3366151271890497,45,64,,False,False,Request timeout: 300.0s exceeded,409,21.16838264042747
461,2026-09-14T02:28:42.543+00:00,2026-09-14T02:33:36.222+00:00,2026-09-14T02:33:42.610+00:00,False,100,99.0,,99.0,293678.35897,300066.908346,300066.908359,3000.66908359,0.05372,293678.35897,29361.390596949965,89.2276015,64.53080177777778,21.483335348455608,0.3299264172304047,45,64,,False,False,Request timeout: 300.0s exceeded,428,21.16838264042747
462,2026-09-14T02:28:45.924+00:00,2026-09-14T02:33:39.740+00:00,2026-09-14T02:33:45.941+00:00,False,94,93.0,,93.0,293816.000522,300017.058826,300017.05895700003,3191.670839968085,0.05527,293816.000522,30297.936514222212,88.98026850000001,66.6780462795699,21.12698729659051,0.3099823735487552,45,64,,False,False,Request timeout: 300.0s exceeded,235,21.16838264042747
463,2026-09-14T02:28:48.578+00:00,2026-09-14T02:33:42.616+00:00,2026-09-14T02:33:48.592+00:00,False,91,90.0,,90.0,294037.43018699996,300013.39306699997,300013.39313599997,3296.850474021978,0.03798,294037.43018699996,30816.543804070297,87.28275099999999,66.39958755555556,20.007691577904534,0.29998660753088746,45,64,,False,False,Request timeout: 300.0s exceeded,385,21.16838264042747
464,2026-09-14T02:28:51.148+00:00,2026-09-14T02:33:45.126+00:00,2026-09-14T02:33:51.162+00:00,False,94,93.0,,93.0,293977.449585,300013.639025,300013.638997,3191.6344574148934,0.02478,293977.449585,30314.770847207248,86.635367,64.90526279569893,20.068939110166557,0.30998590698155015,45,64,,False,False,Request timeout: 300.0s exceeded,442,21.16838264042747
465,2026-09-14T02:28:54.065+00:00,2026-09-14T02:33:47.586+00:00,2026-09-14T02:33:54.132+00:00,False,104,103.0,,103.0,293520.869712,300066.41876800003,300066.41879,2885.254026826923,0.02181,293520.869712,28775.86422503458,85.59815950000002,63.54901996116505,19.351965457917892,0.3432573375684391,45,64,,False,False,Request timeout: 300.0s exceeded,482,21.16838264042747
466,2026-09-14T02:28:57.058+00:00,2026-09-14T02:33:51.000+00:00,2026-09-14T02:33:57.075+00:00,False,92,91.0,,91.0,293941.704265,300017.251913,300017.25201500003,3261.0570871195655,0.03662,293941.704265,30638.58698599107,88.0444585,66.76425986813187,20.10738395496961,0.3033158907354717,45,64,,False,False,Request timeout: 300.0s exceeded,381,21.16838264042747
467,2026-09-14T02:29:00.855+00:00,2026-09-14T02:33:54.727+00:00,2026-09-14T02:34:00.903+00:00,False,92,91.0,,91.0,293871.808576,300047.52032,300047.52008499997,3261.3860878804344,0.03532,293871.808576,30631.185210512966,88.37685755000001,67.86496421978022,20.27342146317828,0.3032852926194781,45,64,,False,False,Request timeout: 300.0s exceeded,287,21.16838264042747
468,2026-09-14T02:29:04.247+00:00,2026-09-14T02:33:57.957+00:00,2026-09-14T02:34:04.304+00:00,False,95,94.0,,94.0,293709.641251,300056.615459,300056.615568,3158.4906901894738,0.045579999999999996,293709.641251,30127.052485611504,87.73520070000001,67.52100221276596,20.08240749960268,0.31327421278883366,45,64,,False,False,Request timeout: 300.0s exceeded,403,21.16838264042747
469,2026-09-14T02:29:07.162+00:00,2026-09-14T02:34:00.773+00:00,2026-09-14T02:34:07.222+00:00,False,102,101.0,,101.0,293611.60251999996,300060.26863199996,300060.268603,2941.7673392450974,0.0,293611.60251999996,29065.63216407621,87.95410550000001,63.84817932673267,65.64379753528478,0.33659904545332675,45,64,,False,False,Request timeout: 300.0s exceeded,351,21.16838264042747
470,2026-09-14T02:29:10.636+00:00,2026-09-14T02:34:04.304+00:00,2026-09-14T02:34:10.677+00:00,False,97,96.0,,96.0,293668.62731300003,300041.31236900005,300041.31221700006,3093.2094042989693,0.0,293668.62731300003,29810.86700476298,89.98903980000001,66.382136,67.50433804801885,0.31995593954053986,45,64,,False,False,Request timeout: 300.0s exceeded,367,21.16838264042747
471,2026-09-14T02:29:13.587+00:00,2026-09-14T02:34:07.351+00:00,2026-09-14T02:34:13.661+00:00,False,85,84.0,,84.0,293764.221454,300073.874446,300073.874519,3530.2808766941175,0.022260000000000002,293764.221454,31855.06173307806,91.12044999999998,75.11491657142857,18.94149691807512,0.2799310674915696,45,64,,False,False,Request timeout: 300.0s exceeded,429,21.16838264042747
472,2026-09-14T02:29:16.973+00:00,2026-09-14T02:34:10.855+00:00,2026-09-14T02:34:17.002+00:00,False,89,88.0,,88.0,293881.754469,300029.48310899996,300029.483066,3371.1177872584267,0.0212,293881.754469,31144.00524775912,90.85124800000001,69.86055272727273,20.668814103780928,0.2933045082373782,45,64,,False,False,Request timeout: 300.0s exceeded,313,21.16838264042747
473,2026-09-14T02:29:19.728+00:00,2026-09-14T02:34:13.535+00:00,2026-09-14T02:34:19.758+00:00,False,93,92.0,,92.0,293807.38394800003,300029.6475,300029.64732900006,3226.1252400967746,0.02289,293807.38394800003,30459.40012236549,89.38077,67.63329947826088,20.611094009185955,0.30663636332806077,45,64,,False,False,Request timeout: 300.0s exceeded,307,21.16838264042747
474,2026-09-14T02:29:22.901+00:00,2026-09-14T02:34:16.924+00:00,2026-09-14T02:34:22.956+00:00,False,88,87.0,,87.0,294022.900806,300055.379014,300055.379227,3409.7202184886364,0.04496,294022.900806,31335.560936448703,88.79038135,69.33882997701149,19.41001744234324,0.289946476833334,45,64,,False,False,Request timeout: 300.0s exceeded,454,21.16838264042747
475,2026-09-14T02:29:25.379+00:00,2026-09-14T02:34:19.122+00:00,2026-09-14T02:34:25.455+00:00,False,93,92.0,,92.0,293743.071288,300076.501048,300076.501093,3226.6290440107523,0.027239999999999997,293743.071288,30452.605405952112,88.23561,68.84162782608695,19.838237407168457,0.30658848553184026,45,64,,False,False,Request timeout: 300.0s exceeded,317,21.16838264042747
476,2026-09-14T02:29:29.222+00:00,2026-09-14T02:34:22.959+00:00,2026-09-14T02:34:29.277+00:00,False,90,89.0,,89.0,293736.423046,300055.23981400003,300055.239672,3333.9471074666667,0.02311,293736.423046,30955.060142250328,90.4207825,70.99794121348314,19.96021946180385,0.29661205068496665,45,64,,False,False,Request timeout: 300.0s exceeded,387,21.16838264042747
477,2026-09-14T02:29:31.971+00:00,2026-09-14T02:34:25.842+00:00,2026-09-14T02:34:32.008+00:00,False,90,89.0,,89.0,293870.63700499997,300036.65377299994,300036.65357499995,3333.7405952777776,0.02913,293870.63700499997,30969.388551714546,88.34720644999999,69.28108728089887,20.03315734257789,0.29663042458584116,45,64,,False,False,Request timeout: 300.0s exceeded,518,21.16838264042747
478,2026-09-14T02:29:34.836+00:00,2026-09-14T02:34:28.729+00:00,2026-09-14T02:34:34.872+00:00,False,94,93.0,,93.0,293892.699041,300035.643809,300035.64379,3191.8685509574466,0.02575,293892.699041,30305.911490220737,89.03796815000001,66.05316954838709,20.65545250121926,0.30996317243961513,45,64,,False,False,Request timeout: 300.0s exceeded,473,21.16838264042747
479,2026-09-14T02:29:38.621+00:00,2026-09-14T02:34:32.258+00:00,2026-09-14T02:34:38.700+00:00,False,95,94.0,,94.0,293636.95547399996,300079.041874,300079.041872,3158.726756547368,0.03725,293636.95547399996,30119.49104380756,87.0121507,68.53283404255319,19.733036560561892,0.3132508002323921,45,64,,False,False,Request timeout: 300.0s exceeded,475,21.16838264042747
480,2026-09-14T02:29:40.970+00:00,2026-09-14T02:34:34.953+00:00,2026-09-14T02:34:41.031+00:00,False,87,86.0,,86.0,293982.663637,300060.649173,300060.64912300004,3448.9729784252877,0.02435,293982.663637,31510.678797538483,88.7068806,70.67425041860466,19.561916353767955,0.2866087247262359,45,64,,False,False,Request timeout: 300.0s exceeded,391,21.16838264042747
481,2026-09-14T02:29:43.400+00:00,2026-09-14T02:34:36.862+00:00,2026-09-14T02:34:43.441+00:00,False,96,95.0,,95.0,293462.19841799996,300041.66440199997,300041.66443599993,3125.434004541666,0.03468,293462.19841799996,29944.29793854685,87.81681475,69.25753667368421,19.52927721138203,0.31662269368269363,45,64,,False,False,Request timeout: 300.0s exceeded,450,21.16838264042747
482,2026-09-14T02:29:46.873+00:00,2026-09-14T02:34:40.304+00:00,2026-09-14T02:34:46.882+00:00,False,99,98.0,,98.0,293431.384097,300008.739361,300008.73927,3030.391305757576,0.039060000000000004,293431.384097,29484.22502985755,88.0564779,67.11587004081632,19.991497907290015,0.32665715075078783,45,64,,False,False,Request timeout: 300.0s exceeded,440,21.16838264042747
483,2026-09-14T02:29:50.285+00:00,2026-09-14T02:34:44.209+00:00,2026-09-14T02:34:50.311+00:00,False,94,93.0,,93.0,293923.750751,300025.41142300004,300025.411487,3191.759696670213,0.039670000000000004,293923.750751,30309.15938955629,87.91685715,65.60925453763441,19.705798660050373,0.30997374375359527,45,64,,False,False,Request timeout: 300.0s exceeded,328,21.16838264042747
484,2026-09-14T02:29:52.707+00:00,2026-09-14T02:34:46.539+00:00,2026-09-14T02:34:52.749+00:00,False,97,96.0,,96.0,293831.795176,300041.825512,300041.825523,3093.2146961134017,0.02947,293831.795176,29827.53718073683,87.2559078,64.687816,19.93259451528764,0.31995539233966075,45,64,,True,False,Request timeout: 300.0s exceeded,515,21.16838264042747
485,2026-09-14T02:29:54.913+00:00,2026-09-14T02:34:48.973+00:00,2026-09-14T02:34:54.996+00:00,False,89,88.0,,88.0,294059.571648,300082.80441599997,300082.804458,3371.7169040224717,0.018600000000000002,294059.571648,31163.00306363903,87.78898079999999,68.44582690909091,19.533798310816987,0.2932523913566437,45,64,,True,False,Request timeout: 300.0s exceeded,456,21.16838264042747
486,2026-09-14T02:29:57.598+00:00,2026-09-14T02:34:50.945+00:00,2026-09-14T02:34:57.683+00:00,False,99,98.0,,98.0,293347.60342299996,300085.317855,300085.317948,3031.1648277575755,0.0265,293347.60342299996,29475.639966947045,87.9234621,68.75218808163265,19.48768375993774,0.3265737914153908,45,64,,True,False,Request timeout: 300.0s exceeded,440,21.16838264042747
487,2026-09-14T02:30:00.763+00:00,2026-09-14T02:34:54.491+00:00,2026-09-14T02:35:00.788+00:00,False,96,95.0,,95.0,293727.909874,300025.29304200003,300025.293017,3125.2634689270835,0.02298,293727.909874,29971.720543870142,88.61656299999999,66.28824387368421,20.285412852781935,0.31663997070640676,45,64,,True,False,Request timeout: 300.0s exceeded,409,21.16838264042747
488,2026-09-14T02:30:03.987+00:00,2026-09-14T02:34:57.556+00:00,2026-09-14T02:35:04.035+00:00,False,101,100.0,,100.0,293568.705723,300048.096187,300048.096041,2970.7732281287126,0.03493,293568.705723,29204.737454836828,88.116734,64.79390464,19.854671893497127,0.33327990169174965,45,64,,True,False,Request timeout: 300.0s exceeded,469,21.16838264042747
489,2026-09-14T02:30:07.597+00:00,2026-09-14T02:35:01.386+00:00,2026-09-14T02:35:07.632+00:00,False,92,91.0,,91.0,293789.079082,300034.892842,300034.892713,3261.2488338369567,0.01856,293789.079082,30622.47917461345,89.38942945000001,68.63531604395604,19.37223646465945,0.30329805689607275,45,64,,True,False,Request timeout: 300.0s exceeded,409,21.16838264042747
490,2026-09-14T02:30:09.912+00:00,2026-09-14T02:35:03.732+00:00,2026-09-14T02:35:09.957+00:00,False,93,92.0,,92.0,293820.531967,300045.24390299997,300045.243984,3226.292946064516,0.02308,293820.531967,30460.76048268694,88.54531359999999,67.6599123478261,20.21048916223288,0.3066204243175479,45,64,,True,False,Request timeout: 300.0s exceeded,413,21.16838264042747
491,2026-09-14T02:30:13.469+00:00,2026-09-14T02:35:06.898+00:00,2026-09-14T02:35:13.496+00:00,False,101,100.0,,100.0,293429.599826,300027.723346,300027.723184,2970.571516673267,0.04303,293429.599826,29190.778110327734,89.368392,65.9812352,20.368087876738898,0.3333025324618996,45,64,,True,False,Request timeout: 300.0s exceeded,424,21.16838264042747
492,2026-09-14T02:30:16.954+00:00,2026-09-14T02:35:10.422+00:00,2026-09-14T02:35:17.024+00:00,False,99,98.0,,98.0,293467.79272,300070.04168,300070.04184900003,3031.010523727273,0.0258,293467.79272,29487.85893516648,89.9480429,67.36988734693877,20.334032050668274,0.3265904168617703,45,64,,True,False,Request timeout: 300.0s exceeded,377,21.16838264042747
493,2026-09-14T02:30:20.689+00:00,2026-09-14T02:35:14.379+00:00,2026-09-14T02:35:20.774+00:00,False,92,91.0,,91.0,293689.798515,300085.306483,300085.30645,3261.79680923913,0.03668,293689.798515,30611.957544704,90.30285254999998,70.28030734065933,20.28532316332772,0.3032471035203958,45,64,,True,False,Request timeout: 300.0s exceeded,391,21.16838264042747
494,2026-09-14T02:30:24.100+00:00,2026-09-14T02:35:17.401+00:00,2026-09-14T02:35:24.152+00:00,False,97,96.0,,96.0,293300.85366900003,300051.78717300005,300051.78720500006,3093.3173938659797,0.02255,293300.85366900003,29773.055858259428,88.70464299999999,70.322224,19.467161962365854,0.3199447698828387,45,64,,True,False,Request timeout: 300.0s exceeded,247,21.16838264042747
495,2026-09-14T02:30:26.892+00:00,2026-09-14T02:35:20.771+00:00,2026-09-14T02:35:26.975+00:00,False,88,87.0,,87.0,293879.02694199997,300082.85772599996,300082.857584,3410.0324725454543,0.036109999999999996,293879.02694199997,31320.01498291245,87.93659670000001,71.30839981609195,20.987095083505494,0.28991992631394514,45,64,,True,False,Request timeout: 300.0s exceeded,342,21.16838264042747
496,2026-09-14T02:30:29.304+00:00,2026-09-14T02:35:22.972+00:00,2026-09-14T02:35:29.316+00:00,False,95,94.0,,94.0,293667.18069099996,300011.751571,300011.75156599993,3158.0184375368417,0.03716,293667.18069099996,30122.699901879496,89.13553170000002,67.49543489361702,21.761139804138036,0.31332105995106063,45,64,,True,False,Request timeout: 300.0s exceeded,418,21.16838264042747
497,2026-09-14T02:30:32.293+00:00,2026-09-14T02:35:25.883+00:00,2026-09-14T02:35:32.300+00:00,False,94,93.0,,93.0,293589.750168,300006.4982,300006.49815,3191.558490957447,0.03608,293589.750168,30274.360472978464,88.5095893,68.99729066666667,19.79103877206389,0.3099932853387774,45,64,,True,False,Request timeout: 300.0s exceeded,446,21.16838264042747
498,2026-09-14T02:30:36.088+00:00,2026-09-14T02:35:29.817+00:00,2026-09-14T02:35:36.134+00:00,False,91,90.0,,90.0,293729.309699,300046.485251,300046.48537999997,3297.214125054945,0.03619,293729.309699,30783.845622508423,87.4070105,70.19083946666667,18.464531704636425,0.29995352195081265,45,64,,True,False,Request timeout: 300.0s exceeded,417,21.16838264042747
499,2026-09-14T02:30:39.497+00:00,2026-09-14T02:35:33.069+00:00,2026-09-14T02:35:39.589+00:00,False,95,94.0,,94.0,293571.786785,300091.719201,300091.719309,3158.8602032526314,0.02122,293571.786785,30112.719556644523,86.90645070000001,69.36098314893617,19.17645330287999,0.31323756700210464,45,64,,True,False,Request timeout: 300.0s exceeded,410,21.16838264042747
500,2026-09-14T02:30:43.178+00:00,2026-09-14T02:35:36.726+00:00,2026-09-14T02:35:43.221+00:00,False,97,96.0,,96.0,293547.558679,300042.261783,300042.261657,3093.219192340206,0.019559999999999998,293547.558679,29798.376649141217,89.307217,67.65315733333333,20.513755063925252,0.31995492711433504,45,64,,True,False,Request timeout: 300.0s exceeded,299,21.16838264042747
501,2026-09-14T02:30:45.945+00:00,2026-09-14T02:35:39.501+00:00,2026-09-14T02:35:45.961+00:00,False,97,96.0,,96.0,293555.62792500004,300016.347797,300016.347843,3092.952039618557,0.054549999999999994,293555.62792500004,29799.23219910067,90.2243412,67.29916533333333,20.94968735395799,0.3199825633000387,45,64,,True,False,Request timeout: 300.0s exceeded,491,21.16838264042747
502,2026-09-14T02:30:49.604+00:00,2026-09-14T02:35:43.224+00:00,2026-09-14T02:35:49.628+00:00,False,93,92.0,,92.0,293620.15167299996,300024.46066499996,300024.46086999995,3226.0694717204296,0.0354,293620.15167299996,30439.779964717265,89.8187744,69.61205426086956,20.77191626040534,0.30664166446990127,45,64,,True,False,Request timeout: 300.0s exceeded,497,21.16838264042747
503,2026-09-14T02:30:53.559+00:00,2026-09-14T02:35:47.001+00:00,2026-09-14T02:35:53.653+00:00,False,99,98.0,,98.0,293442.74764099997,300094.30936899997,300094.30932799994,3031.2556497777773,0.036520000000000004,293442.74764099997,29485.29086283662,89.6412149,67.87307885714286,19.7764814897566,0.3265640065153581,45,64,,True,False,Request timeout: 300.0s exceeded,222,21.16838264042747
504,2026-09-14T02:30:55.873+00:00,2026-09-14T02:35:49.361+00:00,2026-09-14T02:35:55.958+00:00,False,95,94.0,,94.0,293488.149899,300085.343371,300085.34332,3158.7930875789475,0.027809999999999998,293488.149899,30104.054232221544,87.93643180000001,70.18290927659574,19.120780358848144,0.3132442222737496,45,64,,True,False,Request timeout: 300.0s exceeded,500,21.16838264042747
505,2026-09-14T02:30:59.366+00:00,2026-09-14T02:35:53.105+00:00,2026-09-14T02:35:59.451+00:00,False,95,94.0,,94.0,293738.895754,300085.171082,300085.171085,3158.791274578947,0.04087,293738.895754,30130.054445088885,87.179699,67.51356731914895,19.697391625204357,0.31324440211780397,45,64,,True,False,Request timeout: 300.0s exceeded,457,21.16838264042747
506,2026-09-14T02:31:01.944+00:00,2026-09-14T02:35:55.528+00:00,2026-09-14T02:36:01.987+00:00,False,95,94.0,,94.0,293584.063954,300043.622866,300043.622896,3158.3539252210526,0.020978999999999998,293584.063954,30114.045610304103,88.930882,68.71871182978724,20.02619625875374,0.3132877782974263,45,64,,True,False,Request timeout: 300.0s exceeded,431,21.16838264042747
507,2026-09-14T02:31:04.176+00:00,2026-09-14T02:35:57.697+00:00,2026-09-14T02:36:04.227+00:00,False,98,97.0,,97.0,293521.86297799996,300051.48038599995,300051.480443,3061.7498004387753,0.033189,293521.86297799996,29643.393234409563,91.39343335,67.3156433814433,21.14597782321104,0.32327785843687473,45,64,,True,False,Request timeout: 300.0s exceeded,516,21.16838264042747
508,2026-09-14T02:31:06.678+00:00,2026-09-14T02:36:00.563+00:00,2026-09-14T02:36:06.697+00:00,False,89,88.0,,88.0,293884.416617,300018.382697,300018.38291600003,3370.9930664719104,0.02025,293884.416617,31144.304280344095,89.92632379999999,69.70416,21.073687544910555,0.2933153602420241,45,64,,True,False,Request timeout: 300.0s exceeded,423,21.16838264042747
509,2026-09-14T02:31:10.039+00:00,2026-09-14T02:36:03.750+00:00,2026-09-14T02:36:10.110+00:00,False,91,90.0,,90.0,293711.342277,300070.997189,300070.99716,3297.4834852747254,0.020640000000000002,293711.342277,30781.913290637254,89.1653615,70.66283235555555,19.519239635206105,0.2999290196090274,45,64,,True,False,Request timeout: 300.0s exceeded,478,21.16838264042747
510,2026-09-14T02:31:13.963+00:00,2026-09-14T02:36:07.439+00:00,2026-09-14T02:36:14.029+00:00,False,97,96.0,,96.0,293475.834569,300065.993929,300065.994074,3093.46385643299,0.022,293475.834569,29790.992001094775,86.44733980000001,68.64749333333333,18.653804775190693,0.3199296219574785,45,64,,True,False,Request timeout: 300.0s exceeded,435,21.16838264042747
511,2026-09-14T02:31:16.621+00:00,2026-09-14T02:36:10.648+00:00,2026-09-14T02:36:16.642+00:00,False,87,86.0,,86.0,294026.64145999996,300020.79262799997,300020.792813,3448.5148599195395,0.04209,294026.64145999996,31515.498198320092,88.56261070000001,69.69943218604651,19.51779297149883,0.2866467995324331,45,64,,True,False,Request timeout: 300.0s exceeded,408,21.16838264042747
512,2026-09-14T02:31:19.376+00:00,2026-09-14T02:36:13.250+00:00,2026-09-14T02:36:19.416+00:00,False,89,88.0,,88.0,293873.942255,300040.460271,300040.460304,3371.241127011236,0.03567,293873.942255,31143.153423501324,87.16256240000001,70.07406836363636,18.920310280698445,0.2932937775142639,45,64,,True,False,Request timeout: 300.0s exceeded,336,21.16838264042747
513,2026-09-14T02:31:23.042+00:00,2026-09-14T02:36:16.771+00:00,2026-09-14T02:36:23.056+00:00,False,95,94.0,,94.0,293729.25291399995,300014.453298,300014.45329199993,3158.046876757894,0.037899,293729.25291399995,30129.13196354502,86.9614337,66.86383387234042,19.991294470317946,0.3133182383937722,45,64,,True,False,Request timeout: 300.0s exceeded,455,21.16838264042747
514,2026-09-14T02:31:25.368+00:00,2026-09-14T02:36:19.369+00:00,2026-09-14T02:36:25.413+00:00,False,92,91.0,,91.0,294001.033983,300045.034239,300045.03426999995,3261.3590681521737,0.026109999999999998,294001.033983,30644.80855254207,87.56352405,66.41758523076923,19.91190777373697,0.30328780554826384,45,64,,True,False,Request timeout: 300.0s exceeded,434,21.16838264042747
515,2026-09-14T02:31:29.009+00:00,2026-09-14T02:36:23.138+00:00,2026-09-14T02:36:29.081+00:00,False,85,84.0,,84.0,294129.042237,300071.850301,300071.85035,3530.2570629411766,0.03635,294129.042237,31895.106567675666,88.80370119999999,70.74771504761904,20.230783922400054,0.27993295577622557,45,64,,True,False,Request timeout: 300.0s exceeded,328,21.16838264042747
516,2026-09-14T02:31:32.216+00:00,2026-09-14T02:36:25.757+00:00,2026-09-14T02:36:32.300+00:00,False,91,90.0,,90.0,293540.731981,300083.765837,300083.765898,3297.623801076923,0.018799,293540.731981,30763.814362634228,88.7630775,72.70037617777778,18.671675594470372,0.29991625754552265,45,64,,True,False,Request timeout: 300.0s exceeded,472,21.16838264042747
517,2026-09-14T02:31:36.096+00:00,2026-09-14T02:36:30.078+00:00,2026-09-14T02:36:36.113+00:00,False,87,86.0,,86.0,293982.444496,300016.957136,300016.957205,3448.4707724712644,0.038579999999999996,293982.444496,31510.709732551033,87.7098186,70.16875162790697,19.9402554161337,0.2866504640969862,45,64,,True,False,Request timeout: 300.0s exceeded,439,21.16838264042747
518,2026-09-14T02:31:39.896+00:00,2026-09-14T02:36:33.691+00:00,2026-09-14T02:36:39.928+00:00,False,92,91.0,,91.0,293795.540314,300032.01928999997,300032.019268,3261.2176007391304,0.035859999999999996,293795.540314,30623.16471853352,88.62585865000001,68.532736,21.2320765267354,0.30330096172849713,45,64,,True,False,Request timeout: 300.0s exceeded,391,21.16838264042747
519,2026-09-14T02:31:43.446+00:00,2026-09-14T02:36:37.242+00:00,2026-09-14T02:36:43.529+00:00,False,94,93.0,,93.0,293796.12794800004,300083.40218800004,300083.40215300006,3192.3766186489365,0.02846,293796.12794800004,30295.79100032462,89.4873518,67.60509935483871,20.8396514523849,0.3099138416917047,45,64,,True,False,Request timeout: 300.0s exceeded,475,21.16838264042747
520,2026-09-14T02:31:46.386+00:00,2026-09-14T02:36:39.927+00:00,2026-09-14T02:36:46.420+00:00,False,93,92.0,,92.0,293540.47899000003,300033.35937400005,300033.3596,3226.165156989248,0.019309999999999997,293540.47899000003,30431.418595483265,90.63602259999999,70.5747867826087,20.966420051464414,0.30663256976474873,45,64,,True,False,Request timeout: 300.0s exceeded,447,21.16838264042747
521,2026-09-14T02:31:50.331+00:00,2026-09-14T02:36:43.918+00:00,2026-09-14T02:36:50.365+00:00,False,95,94.0,,94.0,293586.698046,300034.082878,300034.08293399995,3158.253504568421,0.019559999999999998,293586.698046,30114.329620352877,89.46025970000001,68.58920034042553,20.728866026177197,0.31329773970453323,45,64,,True,False,Request timeout: 300.0s exceeded,392,21.16838264042747
522,2026-09-14T02:31:53.697+00:00,2026-09-14T02:36:47.690+00:00,2026-09-14T02:36:53.709+00:00,False,90,89.0,,89.0,293992.615714,300011.56713800004,300011.567225,3333.4618580555557,0.07142,293992.615714,30982.42046536389,89.47335145000001,67.62866768539325,20.113509183891235,0.2966552284934453,45,64,,True,False,Request timeout: 300.0s exceeded,400,21.16838264042747
523,2026-09-14T02:31:56.538+00:00,2026-09-14T02:36:50.368+00:00,2026-09-14T02:36:56.550+00:00,False,88,87.0,,87.0,293829.923971,300012.007811,300012.007818,3409.227361568182,0.02185,293829.923971,31314.806027054306,89.26156799999998,71.05843494252873,19.07525277301198,0.28998839291395234,45,64,,True,False,Request timeout: 300.0s exceeded,381,21.16838264042747
524,2026-09-14T02:31:59.280+00:00,2026-09-14T02:36:52.906+00:00,2026-09-14T02:36:59.309+00:00,False,90,89.0,,89.0,293626.171543,300029.185687,300029.185664,3333.6576184888886,0.022299,293626.171543,30943.338445875102,89.18271544999999,71.9439791460674,19.243911843599125,0.2966378080726041,45,64,,True,False,Request timeout: 300.0s exceeded,367,21.16838264042747
525,2026-09-14T02:32:02.596+00:00,2026-09-14T02:36:56.132+00:00,2026-09-14T02:37:02.648+00:00,False,92,91.0,,91.0,293536.032018,300052.528402,300052.528148,3261.4405233478265,0.02429,293536.032018,30595.787048311693,89.50426949999999,71.60985037362637,19.316344211425093,0.3032802305804314,45,64,,True,False,Request timeout: 300.0s exceeded,375,21.16838264042747
526,2026-09-14T02:32:05.654+00:00,2026-09-14T02:36:58.844+00:00,2026-09-14T02:37:05.727+00:00,False,107,106.0,,106.0,293190.771239,300073.71831100003,300073.718307,2804.4272738971963,0.02544,293190.771239,28337.551165786168,87.6646083,64.93346294339622,19.782218238364752,0.353246530874591,45,64,,True,False,Request timeout: 300.0s exceeded,434,21.16838264042747
527,2026-09-14T02:32:08.011+00:00,2026-09-14T02:37:01.755+00:00,2026-09-14T02:37:08.023+00:00,False,102,101.0,,101.0,293744.316754,300011.77608200005,300011.77604900004,2941.29192204902,0.0,293744.316754,29078.891326486413,90.0692841,62.05405275247524,28.924989899527137,0.3366534518044865,45,64,,True,False,Request timeout: 300.0s exceeded,386,21.16838264042747
528,2026-09-14T02:32:11.629+00:00,2026-09-14T02:37:06.936+00:00,2026-09-14T02:37:11.670+00:00,False,71,70.0,,70.0,295307.68753,300041.205866,300041.205751,4225.932475366197,0.0,295307.68753,35038.56389080154,88.95782750000001,67.62169051428572,31.996304668213213,0.23330128872786352,45,64,,True,False,Request timeout: 300.0s exceeded,240,21.16838264042747
529,2026-09-14T02:32:15.046+00:00,2026-09-14T02:37:08.451+00:00,2026-09-14T02:37:15.071+00:00,False,98,97.0,,97.0,293405.211296,300024.30044799997,300024.300429,3061.472453357143,0.02259,293405.211296,29631.51575913799,90.82263085000001,68.23803249484536,20.125042347186113,0.3233071449717853,45,64,,True,False,Request timeout: 300.0s exceeded,368,21.16838264042747
530,2026-09-14T02:32:18.272+00:00,2026-09-14T02:37:12.144+00:00,2026-09-14T02:37:18.288+00:00,False,97,96.0,,96.0,293871.747325,300015.250429,300015.250322,3092.940724969072,0.02341,293871.747325,29831.664841827667,89.72753480000002,63.994824,21.069366081860426,0.3199837337026267,45,64,,True,False,Request timeout: 300.0s exceeded,483,21.16838264042747
531,2026-09-14T02:32:20.584+00:00,2026-09-14T02:37:14.211+00:00,2026-09-14T02:37:20.590+00:00,False,99,98.0,,98.0,293627.763362,300006.09757,300006.097734,3030.3646235757574,0.02419,293627.763362,29504.166178812146,88.8427059,65.08504293877552,20.27164875476688,0.3266600272253926,45,64,,True,False,Request timeout: 300.0s exceeded,399,21.16838264042747
532,2026-09-14T02:32:24.108+00:00,2026-09-14T02:37:18.067+00:00,2026-09-14T02:37:24.176+00:00,False,94,93.0,,93.0,293958.086047,300067.72470300004,300067.724666,3192.2098368723405,0.027960000000000002,293958.086047,30312.692463841013,88.64908050000003,65.69503931182795,20.47983842571589,0.3099300336017451,45,64,,True,False,Request timeout: 300.0s exceeded,304,21.16838264042747
533,2026-09-14T02:32:27.658+00:00,2026-09-14T02:37:21.426+00:00,2026-09-14T02:37:27.687+00:00,False,95,94.0,,94.0,293768.094073,300029.554041,300029.55408000003,3158.205832421053,0.03721,293768.094073,30133.14304542526,87.7638923,66.61127625531915,20.221711208110467,0.31330246881997026,45,64,,True,False,Request timeout: 300.0s exceeded,500,21.16838264042747
534,2026-09-14T02:32:31.480+00:00,2026-09-14T02:37:24.933+00:00,2026-09-14T02:37:31.506+00:00,False,96,95.0,,95.0,293453.347461,300026.27699700004,300026.277062,3125.2737193958337,0.03846,293453.347461,29943.401884468716,88.5927955,69.18873195789475,19.943943325457017,0.31663893226575585,45,64,,True,False,Request timeout: 300.0s exceeded,436,21.16838264042747
535,2026-09-14T02:32:35.515+00:00,2026-09-14T02:37:29.210+00:00,2026-09-14T02:37:35.546+00:00,False,93,92.0,,92.0,293694.994472,300031.312936,300031.31299299997,3226.1431504623656,0.03739,293694.994472,30447.616270086215,87.78062660000002,68.8730267826087,18.96984960000441,0.3066346612282586,45,64,,True,False,Request timeout: 300.0s exceeded,137,21.16838264042747
536,2026-09-14T02:32:38.124+00:00,2026-09-14T02:37:31.501+00:00,2026-09-14T02:37:38.172+00:00,False,98,97.0,,97.0,293377.147481,300047.99420099996,300047.994261,3061.714227153061,0.02195,293377.147481,29628.626343488995,86.92918215,68.77161567010309,19.14504574057626,0.32328161452404314,45,64,,True,False,Request timeout: 300.0s exceeded,470,21.16838264042747
537,2026-09-14T02:32:40.773+00:00,2026-09-14T02:37:34.554+00:00,2026-09-14T02:37:40.799+00:00,False,94,93.0,,93.0,293781.118761,300026.044457,300026.044496,3191.7664308085104,0.022350000000000002,293781.118761,30294.28938708363,88.56605930000002,67.14973866666668,20.09004799625773,0.3099730897306446,45,64,,True,False,Request timeout: 300.0s exceeded,411,21.16838264042747
538,2026-09-14T02:32:43.895+00:00,2026-09-14T02:37:37.325+00:00,2026-09-14T02:37:43.934+00:00,False,96,95.0,,95.0,293429.584745,300039.413609,300039.413667,3125.41055903125,0.02186,293429.584745,29940.93688747534,89.49786350000001,69.5771459368421,19.817377418132818,0.3166250688777855,45,64,,True,False,Request timeout: 300.0s exceeded,409,21.16838264042747
539,2026-09-14T02:32:47.268+00:00,2026-09-14T02:37:40.927+00:00,2026-09-14T02:37:47.290+00:00,False,91,90.0,,90.0,293658.461292,300021.487724,300021.48772200005,3296.939425516484,0.02498,293658.461292,30776.36562814138,87.8193405,70.70029368888889,19.029874888301425,0.29997851381496404,45,64,,True,False,Request timeout: 300.0s exceeded,489,21.16838264042747
540,2026-09-14T02:32:49.983+00:00,2026-09-14T02:37:43.520+00:00,2026-09-14T02:37:49.995+00:00,False,96,95.0,,95.0,293536.996018,300011.956402,300011.956231,3125.1245440729167,0.09036,293536.996018,29952.04394138861,87.85528699999999,68.15747772631579,19.109159603389084,0.3166540465230828,45,64,,True,False,Request timeout: 300.0s exceeded,441,21.16838264042747
541,2026-09-14T02:32:52.315+00:00,2026-09-14T02:37:45.908+00:00,2026-09-14T02:37:52.343+00:00,False,96,95.0,,95.0,293593.203677,300028.393949,300028.394045,3125.2957713020833,0.020370000000000003,293593.203677,29957.823382413946,86.3559205,67.73884496842106,19.181542244738,0.31663669811247425,45,64,,True,False,Request timeout: 300.0s exceeded,441,21.16838264042747
542,2026-09-14T02:32:56.345+00:00,2026-09-14T02:37:50.000+00:00,2026-09-14T02:37:56.439+00:00,False,91,90.0,,90.0,293654.351356,300093.789436,300093.789534,3297.733950923077,0.038058999999999996,293654.351356,30775.84620088563,90.1805545,71.549312,19.6928046913058,0.2999062398763637,45,64,,True,False,Request timeout: 300.0s exceeded,416,21.16838264042747
543,2026-09-14T02:32:59.239+00:00,2026-09-14T02:37:52.863+00:00,2026-09-14T02:37:59.285+00:00,False,92,91.0,,91.0,293623.810498,300045.197506,300045.197505,3261.3608424456525,0.02477,293623.810498,30605.04815794511,89.95884410000001,70.5646923956044,20.26593716797598,0.3032876405168267,45,64,,True,False,Request timeout: 300.0s exceeded,426,21.16838264042747
544,2026-09-14T02:33:02.017+00:00,2026-09-14T02:37:55.706+00:00,2026-09-14T02:38:02.039+00:00,False,92,91.0,,91.0,293688.57325,300021.40653000004,300021.406694,3261.102246673913,0.02759,293688.57325,30611.901786768954,89.73422655,69.5915745054945,20.557555313243547,0.3033116904973267,45,64,,True,False,Request timeout: 300.0s exceeded,488,21.16838264042747
545,2026-09-14T02:33:04.534+00:00,2026-09-14T02:37:58.448+00:00,2026-09-14T02:38:04.546+00:00,False,87,86.0,,86.0,293913.827613,300012.436765,300012.436801,3448.418813804598,0.052840000000000005,293913.827613,31503.273204356996,89.09646430000001,70.91405990697675,19.743882461296767,0.2866547831394199,45,64,,True,False,Request timeout: 300.0s exceeded,128,21.16838264042747
546,2026-09-14T02:33:07.676+00:00,2026-09-14T02:38:01.682+00:00,2026-09-14T02:38:07.691+00:00,False,89,88.0,,88.0,294005.600788,300014.837524,300014.837474,3370.9532300449437,0.04152,294005.600788,31157.299557289818,89.15874980000001,68.28678109090909,20.37611517935844,0.2933188262495863,45,64,,True,False,Request timeout: 300.0s exceeded,404,21.16838264042747
547,2026-09-14T02:33:10.906+00:00,2026-09-14T02:38:04.547+00:00,2026-09-14T02:38:12.750+00:00,False,78,77.0,,77.0,293640.994855,301844.470311,301844.47023,3869.8009003846155,0.047799,293640.994855,33237.900338374544,88.80993600000002,106.53864228571429,335.16709580945974,0.2550982627598393,45,64,,True,False,Request timeout: 300.0s exceeded,287,21.16838264042747
548,2026-09-14T02:33:13.998+00:00,2026-09-14T02:38:07.551+00:00,2026-09-14T02:38:13.634+00:00,True,101,101.0,,101.0,293553.456468,299636.539476,299636.539589,2966.6984117722773,0.015389,293553.456468,29205.177031912313,87.87913400000001,60.83083008,304.27842068285815,0.3370750449081655,45,64,,True,True,,443,21.16838264042747
549,2026-09-14T02:33:17.693+00:00,2026-09-14T02:38:13.722+00:00,2026-09-14T02:38:17.757+00:00,False,62,61.0,,61.0,296028.69331199996,300063.497024,300063.49685699993,4839.733820274193,0.02262,296028.69331199996,37587.29040404945,87.6062672,66.14432314754099,26.364621378505785,0.20329030556862784,45,64,,True,False,Request timeout: 300.0s exceeded,294,21.16838264042747
550,2026-09-14T02:33:20.597+00:00,2026-09-14T02:38:14.230+00:00,2026-09-14T02:38:20.690+00:00,False,99,98.0,,98.0,293632.63698799995,300092.76806,300092.76811299997,3031.2400819494947,0.02231,293632.63698799995,29504.571423186615,86.2662429,65.91970481632653,19.235234757848854,0.3265656837835095,45,64,,True,False,Request timeout: 300.0s exceeded,508,21.16838264042747
551,2026-09-14T02:33:22.801+00:00,2026-09-14T02:38:16.307+00:00,2026-09-14T02:38:22.845+00:00,False,97,96.0,,96.0,293506.237382,300044.21267800004,300044.21282400005,3093.2393074639176,0.02172,293506.237382,29794.134638507574,89.61263059999999,68.10390933333333,19.45563672911535,0.3199528467593701,45,64,,True,False,Request timeout: 300.0s exceeded,464,21.16838264042747
552,2026-09-14T02:33:25.070+00:00,2026-09-14T02:38:18.360+00:00,2026-09-14T02:38:25.084+00:00,False,99,98.0,,98.0,293289.136361,300013.543657,300013.54357800004,3030.4398341212122,0.0264,293289.136361,29469.778009636437,90.64226980000001,68.61640097959183,20.31784939797779,0.3266519197947997,45,64,,True,False,Request timeout: 300.0s exceeded,496,21.16838264042747
553,2026-09-14T02:33:28.947+00:00,2026-09-14T02:38:22.973+00:00,2026-09-14T02:38:28.955+00:00,False,90,89.0,,89.0,294026.097032,300007.81172,300007.81181800005,3333.420131311111,0.0211,294026.097032,30985.993804116057,88.35787744999999,67.21027739325842,20.108056096791085,0.2966589419447001,45,64,,True,False,Request timeout: 300.0s exceeded,360,21.16838264042747
554,2026-09-14T02:33:32.902+00:00,2026-09-14T02:38:26.550+00:00,2026-09-14T02:38:32.951+00:00,False,99,98.0,,98.0,293648.89361699997,300048.953521,300048.95353799994,3030.7975104848483,0.024059,293648.89361699997,29506.267531568443,88.38076430000001,65.30673371428571,20.217642471428352,0.3266133704183745,45,64,,True,False,Request timeout: 300.0s exceeded,488,21.16838264042747
555,2026-09-14T02:33:36.356+00:00,2026-09-14T02:38:29.899+00:00,2026-09-14T02:38:36.402+00:00,False,96,95.0,,95.0,293542.04325,300045.335154,300045.33521399996,3125.4722418124998,0.04318,293542.04325,29952.529500825494,89.38662325000001,68.45570425263158,20.435685329885487,0.3166188201234347,45,64,,True,False,Request timeout: 300.0s exceeded,400,21.16838264042747
556,2026-09-14T02:33:39.291+00:00,2026-09-14T02:38:33.255+00:00,2026-09-14T02:38:39.346+00:00,False,87,86.0,,86.0,293963.59442000004,300054.47774800006,300054.47768400004,3448.902042344828,0.024059999999999998,293963.59442000004,31508.618539550094,90.1619667,70.82422474418604,19.973433660123174,0.28661461960326706,45,64,,True,False,Request timeout: 300.0s exceeded,413,21.16838264042747
557,2026-09-14T02:33:41.890+00:00,2026-09-14T02:38:35.353+00:00,2026-09-14T02:38:41.903+00:00,False,95,94.0,,94.0,293462.957006,300012.320718,300012.320852,3158.0244300210525,0.02101,293462.957006,30101.521728174994,88.022415,69.67408204255318,19.16425981002556,0.31332046555633414,45,64,,True,False,Request timeout: 300.0s exceeded,429,21.16838264042747
558,2026-09-14T02:33:44.276+00:00,2026-09-14T02:38:38.066+00:00,2026-09-14T02:38:44.315+00:00,False,94,93.0,,93.0,293790.760963,300039.250691,300039.250495,3191.9069201595744,0.037770000000000005,293790.760963,30295.280099965796,86.39510565,67.18806159139785,20.31490702106683,0.3099594462585079,45,64,,True,False,Request timeout: 300.0s exceeded,401,21.16838264042747
559,2026-09-14T02:33:48.061+00:00,2026-09-14T02:38:41.614+00:00,2026-09-14T02:38:48.132+00:00,False,102,101.0,,101.0,293553.100652,300071.859564,300071.85955399997,2941.8809760196077,0.0368,293553.100652,29059.704756980234,86.18999150000002,64.54216744554455,20.628794905100442,0.3365860435788665,45,64,,True,False,Request timeout: 300.0s exceeded,504,21.16838264042747
560,2026-09-14T02:33:50.531+00:00,2026-09-14T02:38:44.485+00:00,2026-09-14T02:38:50.614+00:00,False,94,93.0,,93.0,293953.84439600003,300082.51306800003,300082.51302,3192.3671597872344,0.02212,293953.84439600003,30312.2335468208,87.72367215,65.89966313978495,19.997004616419076,0.3099147599411292,45,64,,True,False,Request timeout: 300.0s exceeded,201,21.16838264042747
561,2026-09-14T02:33:53.408+00:00,2026-09-14T02:38:47.093+00:00,2026-09-14T02:38:53.472+00:00,False,95,94.0,,94.0,293685.606361,300064.201177,300064.201279,3158.570539778947,0.04221,293685.606361,30124.55141688432,88.21508239999999,67.85739165957446,19.105296697918238,0.31326629311755805,45,64,,True,False,Request timeout: 300.0s exceeded,575,21.16838264042747
562,2026-09-14T02:33:57.205+00:00,2026-09-14T02:38:50.611+00:00,2026-09-14T02:38:57.259+00:00,False,98,97.0,,97.0,293406.117288,300053.700776,300053.700648,3061.7724555918367,0.02509,293406.117288,29631.577008852393,86.835182,68.53178853608247,19.21862332748486,0.3232754661886797,45,64,,True,False,Request timeout: 300.0s exceeded,307,21.16838264042747
563,2026-09-14T02:33:59.516+00:00,2026-09-14T02:38:53.395+00:00,2026-09-14T02:38:59.597+00:00,False,93,92.0,,92.0,293878.290962,300080.61646600004,300080.616541,3226.673296139785,0.04096,293878.290962,30466.77484675653,87.4184696,67.41658156521738,19.910109421362307,0.3065842808624857,45,64,,True,False,Request timeout: 300.0s exceeded,334,21.16838264042747
564,2026-09-14T02:34:03.227+00:00,2026-09-14T02:38:57.087+00:00,2026-09-14T02:39:03.285+00:00,False,90,89.0,,89.0,293859.708929,300057.303297,300057.303389,3333.9700376555556,0.031729,293859.708929,30968.198860778284,87.76640094999999,69.6358917752809,19.444793182578792,0.2966100108948417,45,64,,True,False,Request timeout: 300.0s exceeded,413,21.16838264042747
565,2026-09-14T02:34:07.180+00:00,2026-09-14T02:39:00.827+00:00,2026-09-14T02:39:07.198+00:00,False,98,97.0,,97.0,293646.445327,300017.58055899997,300017.580331,3061.403880928571,0.04069,293646.445327,29656.142371142876,88.69526569999998,65.68180651546392,20.24760759630827,0.32331438650784156,45,64,,True,False,Request timeout: 300.0s exceeded,378,21.16838264042747
566,2026-09-14T02:34:09.475+00:00,2026-09-14T02:39:03.067+00:00,2026-09-14T02:39:09.497+00:00,False,100,99.0,,99.0,293591.714523,300021.628379,300021.628362,3000.21628362,0.024239,293591.714523,29352.683516966863,88.98629895,64.94862480808081,20.26842815172376,0.32997621049819453,45,64,,True,False,Request timeout: 300.0s exceeded,530,21.16838264042747
567,2026-09-14T02:34:13.172+00:00,2026-09-14T02:39:07.114+00:00,2026-09-14T02:39:13.221+00:00,False,90,89.0,,89.0,293942.009662,300049.11699,300049.117033,3333.8790781444445,0.02426,293942.009662,30976.981925206266,89.52263050000002,68.61918346067415,20.444820126859348,0.29661810337194283,45,64,,True,False,Request timeout: 300.0s exceeded,446,21.16838264042747
568,2026-09-14T02:34:16.646+00:00,2026-09-14T02:39:10.411+00:00,2026-09-14T02:39:16.672+00:00,False,93,92.0,,92.0,293765.58719199995,300026.51723999996,300026.51732999994,3226.091584193548,0.023129999999999998,293765.58719199995,30455.02176787008,89.762207,68.05358747826088,19.613486032061722,0.3066395625504212,45,64,,True,False,Request timeout: 300.0s exceeded,353,21.16838264042747
569,2026-09-14T02:34:20.233+00:00,2026-09-14T02:39:13.962+00:00,2026-09-14T02:39:20.253+00:00,False,92,91.0,,91.0,293728.391779,300019.620963,300019.620992,3261.082836869565,0.0245,293728.391779,30616.10010409147,88.788035,69.13438663736264,19.450082660580755,0.3033134956570811,45,64,,True,False,Request timeout: 300.0s exceeded,418,21.16838264042747
570,2026-09-14T02:34:23.648+00:00,2026-09-14T02:39:17.457+00:00,2026-09-14T02:39:23.701+00:00,False,91,90.0,,90.0,293809.01998000004,300052.79290800006,300052.792972,3297.2834392527475,0.03039,293809.01998000004,30792.2878325167,87.5859795,69.37525475555556,19.77872933408055,0.2999472163806691,45,64,,True,False,Request timeout: 300.0s exceeded,448,21.16838264042747
571,2026-09-14T02:34:27.123+00:00,2026-09-14T02:39:21.244+00:00,2026-09-14T02:39:27.180+00:00,False,88,87.0,,87.0,294121.256819,300056.852851,300056.852803,3409.7369636704548,0.038810000000000004,294121.256819,31346.1647782649,88.196237,68.22524174712643,19.971071109461874,0.28994505265707704,45,64,,True,False,Request timeout: 300.0s exceeded,399,21.16838264042747
572,2026-09-14T02:34:30.862+00:00,2026-09-14T02:39:24.636+00:00,2026-09-14T02:39:30.949+00:00,False,95,94.0,,94.0,293773.622321,300086.55800099997,300086.55796799995,3158.805873347368,0.03704,293773.622321,30133.65395309241,87.2042167,67.15889021276597,20.07874432607963,0.3132429543868032,45,64,,True,False,Request timeout: 300.0s exceeded,435,21.16838264042747
573,2026-09-14T02:34:33.460+00:00,2026-09-14T02:39:26.832+00:00,2026-09-14T02:39:33.542+00:00,False,102,101.0,,101.0,293372.795976,300082.13716000004,300082.13714600005,2941.9817367254905,0.02392,293372.795976,29041.66482897387,87.78705650000002,66.42912063366336,20.236720187605282,0.33657451575049285,45,64,,True,False,Request timeout: 300.0s exceeded,399,21.16838264042747
574,2026-09-14T02:34:35.895+00:00,2026-09-14T02:39:29.455+00:00,2026-09-14T02:39:35.904+00:00,False,110,109.0,,109.0,293560.05429,300008.727826,300008.727991,2727.3520726454544,0.04425,293560.05429,27984.219033571397,87.32013595000001,59.162142532110096,19.851333313976593,0.363322763273801,45,64,,True,False,Request timeout: 300.0s exceeded,433,21.16838264042747
575,2026-09-14T02:34:38.376+00:00,2026-09-14T02:39:32.023+00:00,2026-09-14T02:39:38.171+00:00,True,127,127.0,,127.0,293647.186474,299795.442986,299795.442949,2360.594038968504,0.017920000000000002,293647.186474,26052.657159473165,86.935875,48.7956866031746,25.966392857990634,0.42362218296270343,45,64,,True,True,,599,21.16838264042747
0,2026-09-14T02:04:40.936+00:00,2026-09-14T02:04:41.212+00:00,2026-09-14T02:04:52.507+00:00,True,216,216.0,,216.0,276.195768,11571.634871999999,11571.634954,53.57238404629629,0.02485,276.195768,24.44309659629865,92.70483325000001,52.536926065116276,19.172509547792306,18.666333874970196,46,64,,False,True,,959,21.16838264042747
1,2026-09-14T02:04:43.796+00:00,2026-09-14T02:04:43.967+00:00,2026-09-14T02:04:55.731+00:00,True,193,193.0,,193.0,170.76678,11935.0855,11935.085468,61.83982107772021,0.049210000000000004,170.76678,22.30905785774606,95.28767320000001,61.27249333333334,20.92500017234316,16.170810003832816,46,64,,False,True,,647,21.16838264042747
2,2026-09-14T02:04:48.155+00:00,2026-09-14T02:04:51.514+00:00,2026-09-14T02:05:02.873+00:00,True,172,172.0,,172.0,3359.83981,14718.594626,14718.594713,85.57322507558139,40.172764,3359.83981,252.08965001399548,96.00342805,66.42546676023392,22.148583580219334,11.685898305546553,46,64,,False,True,,701,21.16838264042747
3,2026-09-14T02:04:51.306+00:00,2026-09-14T02:04:57.019+00:00,2026-09-14T02:05:05.079+00:00,True,122,122.0,,122.0,5712.866522,13772.435418000001,13772.435227,112.88881333606558,40.283415,5712.866522,511.6398359389873,94.89290205000002,66.60800740495868,21.58165273223811,8.858273522237837,46,64,,False,True,,553,21.16838264042747
4,2026-09-14T02:04:54.127+00:00,2026-09-14T02:05:01.900+00:00,2026-09-14T02:05:10.209+00:00,True,130,130.0,,130.0,7772.038142,16081.643006000002,16081.64301,123.70494623076924,39.443256,7772.038142,676.3420388865043,95.56784995,64.41554158139535,21.489020296793864,8.083751141067953,46,64,,False,True,,581,21.16838264042747
5,2026-09-14T02:04:58.064+00:00,2026-09-14T02:05:09.196+00:00,2026-09-14T02:05:25.744+00:00,True,250,250.0,,250.0,11131.683602,27679.997713999997,27679.997848,110.719991392,20.752006,11131.683602,700.19227223205,95.51385849999998,66.4590928192771,22.682829550728968,9.031792653420448,46,64,,False,True,,1069,21.16838264042747
6,2026-09-14T02:05:00.545+00:00,2026-09-14T02:05:12.608+00:00,2026-09-14T02:05:27.105+00:00,True,218,218.0,,218.0,12062.466529,26559.654881,26559.654888,121.83327930275229,18.96062,12062.466529,812.7495742502613,94.37724355,66.80731959447004,22.16924381208113,8.207937978740485,46,64,,False,True,,868,21.16838264042747
7,2026-09-14T02:05:04.757+00:00,2026-09-14T02:05:20.018+00:00,2026-09-14T02:05:33.798+00:00,True,207,207.0,,207.0,15260.836901,29040.820261,29040.820241,140.293817589372,39.493196000000005,15260.836901,1056.2838574345121,94.6984663,66.89312310679611,22.179922214168965,7.127897839648421,46,64,,False,True,,1014,21.16838264042747
8,2026-09-14T02:05:07.912+00:00,2026-09-14T02:05:26.157+00:00,2026-09-14T02:05:43.082+00:00,True,256,256.0,,256.0,18245.0205,35170.179924,35170.180054,137.3835158359375,0.020579,18245.0205,1136.4781193908805,95.10623224999999,66.3731742117647,26.70890985971876,7.278893669386848,46,64,,False,True,,1019,21.16838264042747
9,2026-09-14T02:05:10.876+00:00,2026-09-14T02:05:30.186+00:00,2026-09-14T02:05:42.562+00:00,True,192,192.0,,192.0,19310.706736,31685.927984,31685.927938,165.03087467708335,0.01725,19310.706736,1389.2403957132472,95.91625245000002,64.79173428272252,28.26800772482801,6.059472207882046,46,64,,False,True,,814,21.16838264042747
10,2026-09-14T02:05:13.985+00:00,2026-09-14T02:05:36.176+00:00,2026-09-14T02:05:46.710+00:00,True,163,163.0,,163.0,22190.914556000003,32724.816636000003,32724.816649000004,200.76574631288346,0.016210000000000002,22190.914556000003,1733.2779519824016,96.53823109999999,65.02408691358025,29.199936959296682,4.980929360523492,46,64,,False,True,,648,21.16838264042747
11,2026-09-14T02:05:18.347+00:00,2026-09-14T02:05:44.563+00:00,2026-09-14T02:06:00.953+00:00,True,250,250.0,,250.0,26215.956066,42605.863522,42605.863627,170.423454508,40.532655,26215.956066,1654.0234994920083,95.83377050000001,65.82292151004016,21.858674471018787,5.867736957635181,46,64,,False,True,,1109,21.16838264042747
12,2026-09-14T02:05:21.063+00:00,2026-09-14T02:05:48.499+00:00,2026-09-14T02:06:04.383+00:00,True,240,240.0,,240.0,27436.587853,43320.353101,43320.353052,180.50147105,37.91524,27436.587853,1766.869455636686,96.19982255,66.45926882008368,21.90744831108039,5.540121047500415,46,64,,False,True,,794,21.16838264042747
13,2026-09-14T02:05:24.347+00:00,2026-09-14T02:05:54.879+00:00,2026-09-14T02:06:09.947+00:00,True,227,227.0,,227.0,30532.34541,45599.915074000004,45599.91518,200.88068361233482,37.726290999999996,30532.34541,2022.192284976889,94.5010627,66.6706622300885,21.560364111195323,4.978079446674892,46,64,,False,True,,1058,21.16838264042747
14,2026-09-14T02:05:28.651+00:00,2026-09-14T02:06:02.226+00:00,2026-09-14T02:06:09.416+00:00,True,107,107.0,,107.0,33574.833069,40764.625837,40764.625949,380.97781260747666,38.935347,33574.833069,3239.3195167735953,94.0210853,67.82823366037735,22.16178543551711,2.624824778911168,46,64,,False,True,,443,21.16838264042747
15,2026-09-14T02:05:32.751+00:00,2026-09-14T02:06:09.587+00:00,2026-09-14T02:06:24.547+00:00,True,224,224.0,,224.0,36835.948609,51795.476033,51795.476065999996,231.22980386607142,7.9405730000000005,36835.948609,2456.8283524571534,94.67223514999999,67.08308261883408,22.78523488262641,4.324702023344371,46,64,,False,True,,869,21.16838264042747
16,2026-09-14T02:05:36.191+00:00,2026-09-14T02:06:15.882+00:00,2026-09-14T02:06:33.354+00:00,True,264,264.0,,264.0,39691.111251999995,57163.05237199999,57163.052425999995,216.52671373484847,0.0161,39691.111251999995,2438.9236354479967,94.68258165000002,66.43323619771863,30.763389786055566,4.618367792572854,46,64,,False,True,,1062,21.16838264042747
17,2026-09-14T02:05:40.386+00:00,2026-09-14T02:06:22.075+00:00,2026-09-14T02:06:37.316+00:00,True,233,233.0,,233.0,41689.201742,56930.552654,56930.552606,244.33713564806865,0.01686,41689.201742,2727.0374864830083,94.75419999999998,65.69547806896551,32.33881884235754,4.092705746527286,46,64,,False,True,,940,21.16838264042747
18,2026-09-14T02:05:44.267+00:00,2026-09-14T02:06:29.165+00:00,2026-09-14T02:06:42.417+00:00,True,199,199.0,,199.0,44898.348132,58150.32842,58150.328326999996,292.21270516080403,0.016489999999999998,44898.348132,3178.1706468033412,94.963371,66.92919337373738,31.530337031822047,3.422164679151781,46,64,,False,True,,930,21.16838264042747
19,2026-09-14T02:05:47.141+00:00,2026-09-14T02:06:34.595+00:00,2026-09-14T02:06:43.645+00:00,True,135,135.0,,135.0,47454.229036,56504.4611,56504.461061999995,418.5515634222222,39.650106,47454.229036,4078.4532794344973,94.141531,67.53904525373135,21.522418786923726,2.3891918863022306,46,64,,False,True,,564,21.16838264042747
20,2026-09-14T02:05:49.892+00:00,2026-09-14T02:06:39.202+00:00,2026-09-14T02:06:55.985+00:00,True,253,253.0,,253.0,49309.555026,66092.861778,66092.861751,261.23660771146245,5.980477,49309.555026,3095.9581014781456,94.0300496,66.60042361904762,22.310497302747518,3.8279474241833307,46,64,,False,True,,733,21.16838264042747
21,2026-09-14T02:05:54.129+00:00,2026-09-14T02:06:46.070+00:00,2026-09-14T02:06:59.285+00:00,True,200,200.0,,200.0,51940.976149999995,65155.363862,65155.363836,325.77681917999996,9.716499,51940.976149999995,3668.159686367609,96.16576395,66.40395835175879,23.28106974201223,3.0695861114919545,46,64,,False,True,,1049,21.16838264042747
22,2026-09-14T02:05:58.082+00:00,2026-09-14T02:06:54.015+00:00,2026-09-14T02:07:02.651+00:00,True,128,128.0,,128.0,55932.736888,64568.726647999996,64568.726509,504.4431758515625,41.441682,55932.736888,4937.839774336653,95.34785835000001,67.99991937007874,21.854314426331268,1.982383835719715,46,64,,False,True,,498,21.16838264042747
23,2026-09-14T02:06:01.771+00:00,2026-09-14T02:07:00.336+00:00,2026-09-14T02:07:11.654+00:00,True,168,168.0,,168.0,58564.972989,69883.265213,69883.26525,415.9718169642857,0.0,58564.972989,4513.239791179712,96.15070599999999,67.77420493413175,27.440985796825384,2.4040090211575844,46,64,,False,True,,840,21.16838264042747
24,2026-09-14T02:06:04.320+00:00,2026-09-14T02:07:04.387+00:00,2026-09-14T02:07:17.727+00:00,True,199,199.0,,199.0,60066.570691,73406.298563,73406.298513,368.87587192462314,0.0,60066.570691,4253.314882654637,97.34231299999999,67.37236298989899,26.87554201525281,2.710939032421187,46,64,,False,True,,807,21.16838264042747
25,2026-09-14T02:06:07.845+00:00,2026-09-14T02:07:10.666+00:00,2026-09-14T02:07:24.955+00:00,True,217,217.0,,217.0,62820.976354,77109.797858,77109.797912,355.34469083870965,37.260571000000006,62820.976354,4260.135844108021,95.49527739999999,66.15195140740741,22.809058252118323,2.8141689646186334,46,64,,False,True,,893,21.16838264042747
26,2026-09-14T02:06:12.038+00:00,2026-09-14T02:07:18.486+00:00,2026-09-14T02:07:29.329+00:00,True,167,167.0,,167.0,66448.397021,77290.811869,77290.811964,462.8192333173653,0.016190000000000003,66448.397021,5137.047298284228,96.361958,65.31575209638554,41.94860221038047,2.160670795942057,46,64,,False,True,,790,21.16838264042747
27,2026-09-14T02:06:14.450+00:00,2026-09-14T02:07:21.940+00:00,2026-09-14T02:07:39.259+00:00,True,266,266.0,,266.0,67489.843525,84808.96006900001,84808.960007,318.83067671804514,0.01651,67489.843525,4134.224868939703,95.9198505,65.35515676981132,36.92083382444823,3.1364610506199364,46,64,,False,True,,1282,21.16838264042747
28,2026-09-14T02:06:17.302+00:00,2026-09-14T02:07:28.297+00:00,2026-09-14T02:07:47.384+00:00,True,297,297.0,,297.0,70994.16826600001,90081.30401,90081.304048,303.30405403367007,0.040600000000000004,70994.16826600001,4115.821318103424,93.251029,64.4835667027027,22.913733553545264,3.2970215436382864,46,64,,False,True,,1019,21.16838264042747
29,2026-09-14T02:06:21.072+00:00,2026-09-14T02:07:34.599+00:00,2026-09-14T02:07:53.792+00:00,True,297,297.0,,297.0,73526.98863600001,92720.113756,92720.113683,312.188934959596,0.0,73526.98863600001,4262.769469374501,92.52065700000001,64.84163891891892,23.27962087267688,3.203188477330582,46,64,,False,True,,1388,21.16838264042747
30,2026-09-14T02:06:23.878+00:00,2026-09-14T02:07:38.482+00:00,2026-09-14T02:07:56.737+00:00,True,283,283.0,,283.0,74604.766971,92859.164411,92859.16452,328.124256254417,0.0,74604.766971,4431.006380917042,92.68229310000001,64.73190581560284,23.33387064868544,3.0476259591075547,46,64,,False,True,,1462,21.16838264042747
31,2026-09-14T02:06:27.555+00:00,2026-09-14T02:07:45.456+00:00,2026-09-14T02:07:55.749+00:00,True,163,163.0,,163.0,77901.61548899999,88194.68224099999,88194.68242199998,541.0716713006134,0.0,77901.61548899999,6096.800353732364,93.3555061,63.537449086419755,25.14934155801501,1.8481839931639834,46,64,,False,True,,751,21.16838264042747
32,2026-09-14T02:06:31.889+00:00,2026-09-14T02:07:52.942+00:00,2026-09-14T02:08:12.402+00:00,True,297,297.0,,297.0,81053.342072,100512.777336,100512.777109,338.42685895286195,39.741356,81053.342072,4699.42721248343,95.657404,65.74133535135135,21.710454095220847,2.954848208075785,46,64,,False,True,,1101,21.16838264042747
33,2026-09-14T02:06:34.875+00:00,2026-09-14T02:07:57.853+00:00,2026-09-14T02:08:06.108+00:00,True,129,129.0,,129.0,82978.527186,91233.33013,91233.33026300001,707.2351183178295,39.597265,82978.527186,7300.204445545999,95.7036504,64.490648,21.21443626176569,1.4139569367487255,46,64,,False,True,,665,21.16838264042747
34,2026-09-14T02:06:37.711+00:00,2026-09-14T02:08:02.607+00:00,2026-09-14T02:08:17.100+00:00,True,223,223.0,,223.0,84895.64098899999,99388.36854099999,99388.36863699999,445.687751735426,0.0,84895.64098899999,5680.7210807179135,95.41269609999999,65.28255654054054,26.192848500624756,2.24372331766375,46,64,,False,True,,1083,21.16838264042747
35,2026-09-14T02:06:41.009+00:00,2026-09-14T02:08:08.830+00:00,2026-09-14T02:08:25.149+00:00,True,247,247.0,,247.0,87820.75993700001,104140.31424100001,104140.31422100001,421.6207053481782,0.0,87820.75993700001,5583.863978125824,95.70453939999999,66.33965164227642,45.413611534453466,2.3718000257652014,46,64,,False,True,,1260,21.16838264042747
36,2026-09-14T02:06:44.038+00:00,2026-09-14T02:08:14.344+00:00,2026-09-14T02:08:24.688+00:00,True,154,154.0,,154.0,90306.336401,100650.111121,100650.11114099999,653.5721502662337,0.0,90306.336401,7271.86990280088,95.44243535,67.60637071895425,57.49531832331695,1.5300529555785944,46,64,,False,True,,811,21.16838264042747
37,2026-09-14T02:06:48.222+00:00,2026-09-14T02:08:21.198+00:00,2026-09-14T02:08:41.021+00:00,True,297,297.0,,297.0,92976.018002,112798.595922,112798.595863,379.79325206397306,0.0,92976.018002,5391.2900831762445,96.09968380000001,66.96816864864864,41.63332856407893,2.6330114978148744,46,64,,False,True,,1483,21.16838264042747
38,2026-09-14T02:06:51.008+00:00,2026-09-14T02:08:26.621+00:00,2026-09-14T02:08:34.196+00:00,True,116,116.0,,116.0,95612.288655,103187.316111,103187.316113,889.5458285603448,41.204023,95612.288655,8871.28989672651,97.00617,65.86980396521739,22.232588087726704,1.1241691747774236,46,64,,False,True,,589,21.16838264042747
39,2026-09-14T02:06:53.770+00:00,2026-09-14T02:08:31.524+00:00,2026-09-14T02:08:43.721+00:00,True,183,183.0,,183.0,97754.125703,109951.099783,109951.099844,600.8256822076503,0.0,97754.125703,7221.28020319292,93.8942552,67.0163410989011,24.48709345822307,1.6643762578197911,46,64,,False,True,,859,21.16838264042747
40,2026-09-14T02:06:57.594+00:00,2026-09-14T02:08:38.210+00:00,2026-09-14T02:08:52.371+00:00,True,213,213.0,,213.0,100615.48090099999,114776.40838899999,114776.40832499998,538.856377112676,38.834788,100615.48090099999,6889.518750882894,96.062487,66.79682777358491,22.46059098068303,1.8557820634890474,46,64,,False,True,,917,21.16838264042747
41,2026-09-14T02:07:01.282+00:00,2026-09-14T02:08:45.748+00:00,2026-09-14T02:08:57.965+00:00,True,183,183.0,,183.0,104466.11973100001,116683.44990700002,116683.44992400002,637.6144804590165,41.607862000000004,104466.11973100001,7717.426446495376,95.0645631,67.12818778021978,21.907982664342896,1.5683458120740872,46,64,,False,True,,857,21.16838264042747
42,2026-09-14T02:07:03.798+00:00,2026-09-14T02:08:50.536+00:00,2026-09-14T02:09:04.525+00:00,True,211,211.0,,211.0,106737.670095,120727.02587099999,120727.025891,572.1659994834123,0.0,106737.670095,7343.591916163616,96.2382015,66.61597988571428,28.151679024429015,1.7477445375442202,46,64,,False,True,,997,21.16838264042747
43,2026-09-14T02:07:07.617+00:00,2026-09-14T02:08:57.277+00:00,2026-09-14T02:09:06.497+00:00,True,144,144.0,,144.0,109659.21191099999,118880.00883899999,118880.00879699999,825.5556166458333,0.0,109659.21191099999,9132.94463025115,95.30475865,64.48109739860139,30.44673270986783,1.211305428106253,46,64,,False,True,,784,21.16838264042747
44,2026-09-14T02:07:10.223+00:00,2026-09-14T02:09:01.627+00:00,2026-09-14T02:09:20.853+00:00,True,288,288.0,,288.0,111404.231242,130629.896778,130629.896698,453.57603020138885,0.01625,111404.231242,6560.773513598236,97.12074349999999,66.98838165853658,46.407512655884496,2.2047020406779,46,64,,False,True,,1362,21.16838264042747
45,2026-09-14T02:07:14.178+00:00,2026-09-14T02:09:08.460+00:00,2026-09-14T02:09:19.088+00:00,True,161,161.0,,161.0,114282.16557,124910.518338,124910.518224,775.8417280993789,0.016,114282.16557,9001.654985027404,97.12612499999999,66.4272048,59.251549337872355,1.288922679548444,46,64,,False,True,,746,21.16838264042747
46,2026-09-14T02:07:17.404+00:00,2026-09-14T02:09:15.215+00:00,2026-09-14T02:09:27.120+00:00,True,178,178.0,,178.0,117811.525854,129715.60572600001,129715.605893,728.7393589494383,0.0,117811.525854,8825.498891712112,96.92685900000001,67.25468854237288,58.478329982403416,1.3722327317808758,46,64,,False,True,,345,21.16838264042747
47,2026-09-14T02:07:20.246+00:00,2026-09-14T02:09:19.528+00:00,2026-09-14T02:09:36.848+00:00,True,261,261.0,,261.0,119282.04036399999,136601.86193199997,136601.86210499998,523.3787820114942,0.0,119282.04036399999,7379.301220567919,96.03201700000001,66.61469833846154,27.656132886073294,1.9106620971969261,46,64,,False,True,,1097,21.16838264042747
48,2026-09-14T02:07:22.772+00:00,2026-09-14T02:09:24.239+00:00,2026-09-14T02:09:36.491+00:00,True,188,188.0,,188.0,121467.312257,133718.696065,133718.696222,711.2696607553191,36.718023,121467.312257,8854.16188973463,94.76489,65.51542143315508,21.45613630283049,1.4059365334269647,46,64,,False,True,,837,21.16838264042747
49,2026-09-14T02:07:26.995+00:00,2026-09-14T02:09:30.653+00:00,2026-09-14T02:09:47.229+00:00,True,256,256.0,,256.0,123657.355417,140233.206681,140233.206529,547.7859630039062,0.0,123657.355417,7724.573873581823,94.82977500000001,65.00333829019607,28.363324307863074,1.8255305291730526,46,64,,False,True,,1199,21.16838264042747
50,2026-09-14T02:07:30.555+00:00,2026-09-14T02:09:37.021+00:00,2026-09-14T02:09:51.524+00:00,True,223,223.0,,223.0,126465.877471,140969.118943,140969.118881,632.148515161435,0.0,126465.877471,8464.455434845107,93.7552851,65.32991654054054,28.779752446864684,1.581906744342842,46,64,,False,True,,968,21.16838264042747
51,2026-09-14T02:07:34.496+00:00,2026-09-14T02:09:43.267+00:00,2026-09-14T02:09:52.379+00:00,True,142,142.0,,142.0,128770.558648,137883.358648,137883.358852,971.0095693802817,0.0,128770.558648,10800.813757740232,95.58533460000001,64.62978723404255,33.67935231337899,1.0298559695119505,46,64,,False,True,,751,21.16838264042747
52,2026-09-14T02:07:37.400+00:00,2026-09-14T02:09:49.047+00:00,2026-09-14T02:09:57.713+00:00,True,130,130.0,,130.0,131646.491591,140313.101511,140313.101537,1079.3315502846153,38.625898,131646.491591,11540.289735880673,94.8713945,67.18302263565892,22.080713797899563,0.9264993689118084,46,64,,False,True,,595,21.16838264042747
53,2026-09-14T02:07:40.962+00:00,2026-09-14T02:09:55.757+00:00,2026-09-14T02:10:11.793+00:00,True,241,241.0,,241.0,134794.18542,150830.833612,150830.833441,625.8540806680497,0.0,134794.18542,8678.597732364507,94.6071,66.81936746666666,28.059626590293774,1.5978165354436271,46,64,,False,True,,340,21.16838264042747
54,2026-09-14T02:07:44.174+00:00,2026-09-14T02:10:01.526+00:00,2026-09-14T02:10:21.185+00:00,True,300,300.0,,300.0,137351.858954,157010.736394,157010.736245,523.3691208166666,0.0,137351.858954,7926.429774993845,96.49513350000001,65.74875397993311,58.13865207225275,1.9106973630592063,46,64,,False,True,,1543,21.16838264042747
55,2026-09-14T02:07:48.062+00:00,2026-09-14T02:10:08.799+00:00,2026-09-14T02:10:20.396+00:00,True,179,179.0,,179.0,140736.992099,152334.051939,152334.051847,851.0282226089386,0.0,140736.992099,10514.550384323285,96.519722,65.15202157303371,71.74507992030259,1.17504916150775,46,64,,False,True,,816,21.16838264042747
56,2026-09-14T02:07:51.887+00:00,2026-09-14T02:10:15.451+00:00,2026-09-14T02:10:33.816+00:00,True,278,278.0,,278.0,143563.83657400002,161929.42607800002,161929.42603600002,582.4799497697842,0.01577,143563.83657400002,8606.616587843679,96.61742749999999,66.30176716245488,59.709410291536,1.7167972908524347,46,64,,False,True,,1355,21.16838264042747
57,2026-09-14T02:07:54.941+00:00,2026-09-14T02:10:19.360+00:00,2026-09-14T02:10:37.982+00:00,True,281,281.0,,281.0,144418.60063499998,163040.88389899998,163040.88387499997,580.2166685943059,37.87178,144418.60063499998,8611.35115033152,95.76760699999998,66.5081545142857,21.711118718091413,1.7234940910530943,46,64,,False,True,,1218,21.16838264042747
58,2026-09-14T02:07:58.372+00:00,2026-09-14T02:10:26.815+00:00,2026-09-14T02:10:36.057+00:00,True,138,138.0,,138.0,148442.79989199998,157684.24449999997,157684.244655,1142.639454021739,40.675404,148442.79989199998,12630.566045155623,94.94398919999999,67.45580005839416,21.38949300089491,0.8751667006274684,46,64,,False,True,,512,21.16838264042747
59,2026-09-14T02:08:02.164+00:00,2026-09-14T02:10:33.444+00:00,2026-09-14T02:10:52.439+00:00,True,289,289.0,,289.0,151279.743196,170274.95343599998,170274.953269,589.1866895121107,0.0,151279.743196,8894.979983918613,96.02136899999999,65.95559111111112,30.26259438386103,1.6972549054821757,46,64,,False,True,,1470,21.16838264042747
60,2026-09-14T02:08:06.539+00:00,2026-09-14T02:10:40.676+00:00,2026-09-14T02:10:50.305+00:00,True,147,147.0,,147.0,154136.298937,163766.215609,163766.21551900002,1114.0558878843538,13.823241,154136.298937,12707.527561975317,94.32377500000001,65.95833336986301,22.648317413010304,0.8976210352870938,46,64,,False,True,,264,21.16838264042747
61,2026-09-14T02:08:09.052+00:00,2026-09-14T02:10:46.118+00:00,2026-09-14T02:10:59.013+00:00,True,195,195.0,,195.0,157066.178104,169960.898872,169960.89874099998,871.5943525179487,13.571832,157066.178104,11243.004037651692,94.7974013,66.46763282474227,21.915178749231043,1.1473227153667698,46,64,,False,True,,974,21.16838264042747
62,2026-09-14T02:08:13.142+00:00,2026-09-14T02:10:53.424+00:00,2026-09-14T02:11:09.566+00:00,True,248,248.0,,248.0,160281.48496,176423.3896,176423.389485,711.3846350201613,38.775869,160281.48496,10173.755863096383,93.18013685,65.35184064777329,20.829340159888194,1.4057093028440486,46,64,,False,True,,1211,21.16838264042747
63,2026-09-14T02:08:17.331+00:00,2026-09-14T02:10:59.571+00:00,2026-09-14T02:11:10.837+00:00,True,172,172.0,,172.0,162240.5377,173506.08368399998,173506.08366899999,1008.7563004011627,0.0,162240.5377,12365.748988843461,93.68285900000001,65.88038587134503,34.301506800897926,0.991319706767499,46,64,,False,True,,818,21.16838264042747
64,2026-09-14T02:08:20.811+00:00,2026-09-14T02:11:06.223+00:00,2026-09-14T02:11:15.112+00:00,True,130,130.0,,130.0,165412.08441100002,174300.87826700002,174300.87829700002,1340.7759869000001,0.0,165412.08441100002,14501.604723024935,94.46676845,68.90537872868218,37.69512835240714,0.745836746736649,46,64,,False,True,,595,21.16838264042747
65,2026-09-14T02:08:23.170+00:00,2026-09-14T02:11:10.424+00:00,2026-09-14T02:11:27.807+00:00,True,249,249.0,,249.0,167253.61061899998,184636.993403,184636.993493,741.5140300923695,0.01946,167253.61061899998,10595.044052366393,95.944008,70.09428541935485,68.28973488976946,1.3485921505259642,46,64,,False,True,,1106,21.16838264042747
66,2026-09-14T02:08:26.321+00:00,2026-09-14T02:11:15.249+00:00,2026-09-14T02:11:28.013+00:00,True,193,193.0,,193.0,168928.393772,181692.19332400002,181692.193231,941.4103276217617,0.01537,168928.393772,12155.182571637157,97.1003476,66.47812266666666,75.9282692023996,1.0622360623708005,46,64,,False,True,,847,21.16838264042747
67,2026-09-14T02:08:30.570+00:00,2026-09-14T02:11:23.935+00:00,2026-09-14T02:11:38.468+00:00,True,221,221.0,,221.0,173365.315715,187897.574019,187897.574098,850.2152674117647,0.0157,173365.315715,11657.58500765586,95.349439,66.05571956363636,71.00585581580441,1.1761727161929867,46,64,,False,True,,966,21.16838264042747
68,2026-09-14T02:08:33.480+00:00,2026-09-14T02:11:29.219+00:00,2026-09-14T02:11:40.510+00:00,True,173,173.0,,173.0,175738.94528299998,187029.62457899997,187029.62462699998,1081.0960961098265,39.615977,175738.94528299998,13356.212146406771,94.62056639999999,65.64348427906977,22.196249291328062,0.9249871531818535,46,64,,False,True,,708,21.16838264042747
69,2026-09-14T02:08:36.885+00:00,2026-09-14T02:11:34.032+00:00,2026-09-14T02:11:48.640+00:00,True,222,222.0,,222.0,177147.85391600002,191755.72770800002,191755.727649,863.7645389594595,0.0,177147.85391600002,11884.990978602285,94.87632899999998,66.09897643438914,31.580999026790643,1.15772291473898,46,64,,False,True,,1109,21.16838264042747
70,2026-09-14T02:08:40.937+00:00,2026-09-14T02:11:42.224+00:00,2026-09-14T02:12:02.360+00:00,True,300,300.0,,300.0,181287.491266,201423.075778,201423.07584,671.4102528,39.734496,181287.491266,10462.773800455832,95.34901900000001,67.34309201337793,22.29157853961071,1.4894023380451569,46,64,,False,True,,1383,21.16838264042747
71,2026-09-14T02:08:44.960+00:00,2026-09-14T02:11:48.773+00:00,2026-09-14T02:12:03.930+00:00,True,228,228.0,,228.0,183813.044117,198970.11291700002,198970.11294300001,872.6759339605263,38.091919000000004,183813.044117,12168.915514485214,96.01579000000001,66.7712281938326,22.82820248040412,1.14590074186222,46,64,,False,True,,1037,21.16838264042747
72,2026-09-14T02:08:47.363+00:00,2026-09-14T02:11:53.417+00:00,2026-09-14T02:12:08.654+00:00,True,223,223.0,,223.0,186053.791674,201291.002042,201291.002091,902.6502335919283,41.043803,186053.791674,12454.508466839856,97.53388100000001,68.63608273873875,23.064623792596585,1.1078488245265445,46,64,,False,True,,367,21.16838264042747
73,2026-09-14T02:08:50.225+00:00,2026-09-14T02:11:58.067+00:00,2026-09-14T02:12:06.639+00:00,True,127,127.0,,127.0,187842.268294,196414.404998,196414.40491800001,1546.570117464567,41.372473,187842.268294,16662.286287494517,98.71273130000002,68.03283098412699,24.08815481225654,0.6465920867733361,46,64,,False,True,,572,21.16838264042747
74,2026-09-14T02:08:54.443+00:00,2026-09-14T02:12:06.072+00:00,2026-09-14T02:12:16.692+00:00,True,160,160.0,,160.0,191629.61349000002,202249.72741000002,202249.727358,1264.0607959875001,0.0,191629.61349000002,15144.417980650675,97.3846029,66.7931693081761,37.97014326817435,0.7911011898456036,46,64,,False,True,,737,21.16838264042747
75,2026-09-14T02:08:58.333+00:00,2026-09-14T02:12:12.855+00:00,2026-09-14T02:12:20.602+00:00,True,116,116.0,,116.0,194522.704989,202269.507933,202269.507973,1743.702654939655,0.0,194522.704989,18054.773428735916,97.04542000000001,67.36350386086957,41.9146606363092,0.5734922736768806,46,64,,False,True,,508,21.16838264042747
76,2026-09-14T02:09:00.758+00:00,2026-09-14T02:12:17.344+00:00,2026-09-14T02:12:33.928+00:00,True,249,249.0,,249.0,196586.34956099998,213170.622713,213170.622629,856.1069181887549,41.070333,196586.34956099998,12453.933962125499,94.9421284,66.87206916129033,21.277747055290053,1.1680784004428157,46,64,,False,True,,1081,21.16838264042747
77,2026-09-14T02:09:04.677+00:00,2026-09-14T02:12:23.072+00:00,2026-09-14T02:12:34.832+00:00,True,180,180.0,,180.0,198394.358628,210154.537572,210154.537423,1167.5252079055556,38.389349,198394.358628,14782.561076234648,94.33374395000001,65.69932370949721,21.540649839666006,0.85651255537764,46,64,,False,True,,650,21.16838264042747
78,2026-09-14T02:09:07.130+00:00,2026-09-14T02:12:28.685+00:00,2026-09-14T02:12:43.069+00:00,True,223,223.0,,223.0,201554.845148,215938.27273199998,215938.272684,968.3330613632287,36.065114,201554.845148,13492.789295710985,95.36492399999999,64.79021434234234,21.613834126910152,1.0327025273410624,46,64,,False,True,,1035,21.16838264042747
79,2026-09-14T02:09:11.259+00:00,2026-09-14T02:12:36.037+00:00,2026-09-14T02:12:46.407+00:00,True,160,160.0,,160.0,204777.519285,215147.39166899998,215147.39169,1344.6711980625,37.866911,204777.519285,16183.942602361973,95.65159699999998,65.21932316981132,21.566391391527404,0.743676224744369,46,64,,False,True,,646,21.16838264042747
80,2026-09-14T02:09:14.750+00:00,2026-09-14T02:12:42.745+00:00,2026-09-14T02:12:49.402+00:00,True,101,101.0,,101.0,207994.74145,214651.52865,214651.52854,2125.262658811881,40.108155,207994.74145,20689.637634489063,94.19298199999999,66.567872,21.51435221653531,0.4705300755844396,46,64,,False,True,,514,21.16838264042747
81,2026-09-14T02:09:18.169+00:00,2026-09-14T02:12:47.519+00:00,2026-09-14T02:13:04.738+00:00,True,259,259.0,,259.0,209350.195268,226569.149764,226569.149799,874.7843621583012,0.0,209350.195268,13004.490213141335,97.15671200000001,66.74013370542636,80.64058797616916,1.1431388618873344,46,64,,False,True,,1176,21.16838264042747
82,2026-09-14T02:09:21.764+00:00,2026-09-14T02:12:54.879+00:00,2026-09-14T02:13:10.149+00:00,True,228,228.0,,228.0,213114.79063899998,228384.41700699998,228384.41683799998,1001.6860387631579,36.577383000000005,213114.79063899998,14109.434363082042,96.7785005,67.26707651101322,22.23030377284312,0.9983167984399383,46,64,,False,True,,871,21.16838264042747
83,2026-09-14T02:09:25.126+00:00,2026-09-14T02:13:00.363+00:00,2026-09-14T02:13:16.517+00:00,True,246,246.0,,246.0,215236.76860299997,231391.149659,231391.149739,940.6144298333332,37.177362,215236.76860299997,13718.808059737623,94.72606824999998,65.93624920816328,21.549455529920284,1.0631348708130324,46,64,,False,True,,1258,21.16838264042747
84,2026-09-14T02:09:28.817+00:00,2026-09-14T02:13:06.731+00:00,2026-09-14T02:13:20.562+00:00,True,209,209.0,,209.0,217913.400238,231744.96862200001,231744.968549,1108.8276007129186,39.647876,217913.400238,15068.800930054536,94.3501516,66.49792492307692,21.73948648732789,0.9018534522788306,46,64,,False,True,,647,21.16838264042747
85,2026-09-14T02:09:32.265+00:00,2026-09-14T02:13:13.734+00:00,2026-09-14T02:13:22.005+00:00,True,127,127.0,,127.0,221468.45529100002,229739.71237900003,229739.71241600002,1808.974113511811,39.341557,221468.45529100002,19646.334762507868,93.819388,65.64489752380952,22.037691431191735,0.552799508125478,46,64,,False,True,,636,21.16838264042747
86,2026-09-14T02:09:35.985+00:00,2026-09-14T02:13:20.119+00:00,2026-09-14T02:13:34.424+00:00,True,218,218.0,,218.0,224134.46563800002,238439.402854,238439.40288200002,1093.758728816514,0.0,224134.46563800002,15175.882866070096,92.7827385,65.92136965898618,37.502866251677446,0.91427841787326,46,64,,False,True,,878,21.16838264042747
87,2026-09-14T02:09:39.198+00:00,2026-09-14T02:13:25.845+00:00,2026-09-14T02:13:42.654+00:00,True,255,255.0,,255.0,226647.840437,243456.402357,243456.40249100002,954.7309901607844,0.0,226647.840437,14189.138465415364,94.03756469999999,66.17544062992125,35.49107384280212,1.0474154613772395,46,64,,False,True,,1379,21.16838264042747
88,2026-09-14T02:09:42.096+00:00,2026-09-14T02:13:30.126+00:00,2026-09-14T02:13:45.148+00:00,True,223,223.0,,223.0,228029.54578299998,243051.94168699998,243051.941673,1089.9190209551568,0.0,228029.54578299998,15265.50300491636,94.7142171,67.66845001801802,37.804231331207916,0.9174993561136711,46,64,,False,True,,977,21.16838264042747
89,2026-09-14T02:09:44.629+00:00,2026-09-14T02:13:34.597+00:00,2026-09-14T02:13:45.481+00:00,True,165,165.0,,165.0,229967.76902200002,240851.80307000002,240851.802935,1459.7078965757578,36.356823,229967.76902200002,17897.813839732356,95.80408680000001,66.36606126829268,22.368746218227116,0.6850685687083903,46,64,,False,True,,287,21.16838264042747
90,2026-09-14T02:09:47.788+00:00,2026-09-14T02:13:40.771+00:00,2026-09-14T02:13:57.552+00:00,True,249,249.0,,249.0,232983.214934,249763.89487,249763.89497199998,1003.0678512931727,38.711538,232983.214934,14760.44000550395,95.95879839999999,67.664032,22.256759322839024,0.9969415320400989,46,64,,False,True,,1234,21.16838264042747
91,2026-09-14T02:09:51.727+00:00,2026-09-14T02:13:48.682+00:00,2026-09-14T02:14:03.415+00:00,True,224,224.0,,224.0,236954.802144,251687.57168,251687.57153599997,1123.6052300714284,34.781366,236954.802144,15827.810097892594,94.85250099999999,66.06623110313902,22.314331979002713,0.8899922968178879,46,64,,False,True,,967,21.16838264042747
92,2026-09-14T02:09:56.018+00:00,2026-09-14T02:13:56.047+00:00,2026-09-14T02:14:08.194+00:00,True,183,183.0,,183.0,240029.128759,252176.183863,252176.18390200002,1378.0119338907105,35.826504,240029.128759,17738.544491088483,95.0724522,66.742061010989,22.698990727083384,0.7256831204148072,46,64,,False,True,,842,21.16838264042747
93,2026-09-14T02:09:59.603+00:00,2026-09-14T02:14:02.114+00:00,2026-09-14T02:14:19.861+00:00,True,262,262.0,,262.0,242511.279763,260257.877395,260257.87744,993.3506772519083,0.0,242511.279763,14978.244766080064,97.09164749999998,67.99462694252874,38.22505577230882,1.006693832372866,46,64,,False,True,,1196,21.16838264042747
94,2026-09-14T02:10:03.430+00:00,2026-09-14T02:14:09.163+00:00,2026-09-14T02:14:18.046+00:00,True,132,132.0,,132.0,245733.056387,254616.178563,254616.17846899998,1928.9104429469696,0.0,245733.056387,21382.471981901785,98.2863061,67.81009294656488,49.50480409899846,0.5184273864488115,46,64,,False,True,,658,21.16838264042747
95,2026-09-14T02:10:07.779+00:00,2026-09-14T02:14:17.592+00:00,2026-09-14T02:14:31.973+00:00,True,202,202.0,,202.0,249812.404749,264193.757197,264193.757337,1307.8898878069308,0.01821,249812.404749,17571.995661406458,95.62588149999999,71.54901715422885,101.27049254040998,0.7645903602838566,46,64,,False,True,,658,21.16838264042747
96,2026-09-14T02:10:11.039+00:00,2026-09-14T02:14:23.773+00:00,2026-09-14T02:14:32.157+00:00,True,126,126.0,,126.0,252733.808578,261118.13421,261118.134151,2072.3661440555557,0.0154,252733.808578,22509.739058368374,93.01039125,67.074605056,134.28624813989296,0.4825402126175831,46,64,,False,True,,608,21.16838264042747
97,2026-09-14T02:10:15.413+00:00,2026-09-14T02:14:31.953+00:00,2026-09-14T02:14:39.872+00:00,True,133,133.0,,133.0,256539.54385299998,264458.715693,264458.715685,1988.4113961278194,0.01542,256539.54385299998,22239.615298022592,91.8648986,59.993726060606065,28.251705827086795,0.5029140357559424,46,64,,False,True,,724,21.16838264042747
98,2026-09-14T02:10:19.255+00:00,2026-09-14T02:14:37.521+00:00,2026-09-14T02:14:53.093+00:00,True,240,240.0,,240.0,258265.881895,273837.878567,273837.878612,1140.9911608833334,28.930898000000003,258265.881895,16666.79884436317,93.01150985,65.15479779079497,21.318548586004074,0.8764309790008805,46,64,,False,True,,1012,21.16838264042747
99,2026-09-14T02:10:22.689+00:00,2026-09-14T02:14:43.856+00:00,2026-09-14T02:14:56.338+00:00,True,188,188.0,,188.0,261167.409323,273649.719979,273649.720127,1455.5836176968085,37.37221,261167.409323,19042.73525135982,95.93236235,66.75032436363637,21.920358594363158,0.6870096560465225,46,64,,False,True,,935,21.16838264042747
100,2026-09-14T02:10:26.211+00:00,2026-09-14T02:14:49.470+00:00,2026-09-14T02:15:07.471+00:00,True,264,264.0,,264.0,263259.414271,281260.34918300004,281260.349088,1065.3801101818183,0.0,263259.414271,16198.330225105168,95.61384885000001,68.44461943726236,38.58962926323964,0.9386321277309881,46,64,,False,True,,1197,21.16838264042747
101,2026-09-14T02:10:28.683+00:00,2026-09-14T02:14:54.016+00:00,2026-09-14T02:15:06.153+00:00,True,178,178.0,,178.0,265332.474683,277469.555259,277469.55519,1558.8177257865168,0.0,265332.474683,19882.421151820923,96.37553635,68.57107670056496,45.15307526050131,0.6415118222027942,46,64,,False,True,,796,21.16838264042747
102,2026-09-14T02:10:32.593+00:00,2026-09-14T02:15:01.466+00:00,2026-09-14T02:15:19.017+00:00,True,259,259.0,,259.0,268872.934338,286423.851458,286423.851421,1105.8835962200774,39.507605000000005,268872.934338,16702.73929067768,95.40288290000001,68.02681054263566,22.45947013952574,0.9042543024318583,46,64,,False,True,,1285,21.16838264042747
103,2026-09-14T02:10:36.866+00:00,2026-09-14T02:15:08.291+00:00,2026-09-14T02:15:25.844+00:00,True,262,262.0,,262.0,271425.382509,288978.103917,288978.103759,1102.9698616755725,39.647816,271425.382509,16764.57659407275,95.49997094999999,67.25180616091954,22.68712705239571,0.9066430862708248,46,64,,False,True,,1053,21.16838264042747
104,2026-09-14T02:10:40.155+00:00,2026-09-14T02:15:14.387+00:00,2026-09-14T02:15:22.663+00:00,True,123,123.0,,123.0,274232.013332,282507.556884,282507.556861,2296.8094053739837,41.917801,274232.013332,24720.561425054642,96.88358699999999,67.83232419672132,22.0260940644623,0.43538658348351666,46,64,,False,True,,616,21.16838264042747
105,2026-09-14T02:10:43.394+00:00,2026-09-14T02:15:20.044+00:00,2026-09-14T02:15:29.131+00:00,True,137,137.0,,137.0,276650.205942,285736.82123799995,285736.821059,2085.670226708029,34.272377,276650.205942,23630.125168348717,97.00413199999998,66.81334776470588,23.11479451389547,0.47946218274013774,46,64,,False,True,,591,21.16838264042747
106,2026-09-14T02:10:45.903+00:00,2026-09-14T02:15:25.243+00:00,2026-09-14T02:15:41.657+00:00,True,237,237.0,,237.0,279339.342139,295754.028859,295754.028865,1247.9072947890295,36.432273,279339.342139,18140.535501443603,96.83574479999999,69.55375728813559,22.074749011874005,0.8013415773720166,46,64,,False,True,,970,21.16838264042747
107,2026-09-14T02:10:49.042+00:00,2026-09-14T02:15:30.709+00:00,2026-09-14T02:15:39.219+00:00,True,123,123.0,,123.0,281666.562348,290176.694572,290176.694533,2359.1601181544715,40.643851999999995,281666.562348,25390.739107996334,95.499213,69.75518216393442,22.7223956762795,0.4238796647036747,46,64,,False,True,,184,21.16838264042747
108,2026-09-14T02:10:52.566+00:00,2026-09-14T02:15:36.903+00:00,2026-09-14T02:15:52.639+00:00,False,241,240.0,,240.0,284337.267018,300073.03943400003,300073.03961000004,1245.1163469294606,0.0,284337.267018,18311.59694308003,95.769886,65.5657184,41.5459555220807,0.799805275584537,46,64,,False,False,Request timeout: 300.0s exceeded,1098,21.16838264042747
109,2026-09-14T02:10:56.146+00:00,2026-09-14T02:15:43.050+00:00,2026-09-14T02:15:55.051+00:00,True,186,186.0,,186.0,286904.35262699996,298904.81393899996,298904.81390599994,1607.0151285268814,0.0,286904.35262699996,21032.139840411222,95.91493125000001,64.86735844324325,45.21823147464983,0.6222716775580557,46,64,,False,True,,881,21.16838264042747
110,2026-09-14T02:10:59.204+00:00,2026-09-14T02:15:48.704+00:00,2026-09-14T02:15:58.414+00:00,True,150,150.0,,150.0,289500.51059799996,299210.355078,299210.355076,1994.7357005066665,0.0,289500.51059799996,23632.34762690412,94.881186,65.16674147651007,49.14684744446379,0.5013195481182363,46,64,,False,True,,699,21.16838264042747
111,2026-09-14T02:11:02.447+00:00,2026-09-14T02:15:54.650+00:00,2026-09-14T02:16:02.523+00:00,False,112,111.0,,111.0,292203.045789,300075.653277,300075.653275,2679.246904241071,0.02859,292203.045789,27603.898770667827,93.49928154999999,70.92439178378378,21.03497171332591,0.3699067178153765,46,64,,False,False,Request timeout: 300.0s exceeded,387,21.16838264042747
112,2026-09-14T02:11:05.723+00:00,2026-09-14T02:15:58.681+00:00,2026-09-14T02:16:05.760+00:00,False,100,99.0,,99.0,292958.29956,300036.6266,300036.626646,3000.36626646,0.02684,292958.29956,29288.687115898134,89.7682553,71.49825292929293,20.331048679523498,0.32995971565826154,46,64,,False,False,Request timeout: 300.0s exceeded,505,21.16838264042747
113,2026-09-14T02:11:09.547+00:00,2026-09-14T02:16:03.037+00:00,2026-09-14T02:16:09.554+00:00,False,99,98.0,,98.0,293489.52718000003,300007.10593200003,300007.10595500004,3030.374807626263,0.03761,293489.52718000003,29490.13021156946,88.19386409999998,66.50590563265305,20.40414804275658,0.32665892927953777,46,64,,False,False,Request timeout: 300.0s exceeded,441,21.16838264042747
114,2026-09-14T02:11:12.016+00:00,2026-09-14T02:16:05.592+00:00,2026-09-14T02:16:12.039+00:00,False,96,95.0,,95.0,293576.33181400003,300022.634022,300022.63398000004,3125.2357706250004,0.02141,293576.33181400003,29956.089886564074,88.013306,67.85581271578947,19.831732414681447,0.3166427770013973,46,64,,False,False,Request timeout: 300.0s exceeded,406,21.16838264042747
115,2026-09-14T02:11:15.446+00:00,2026-09-14T02:16:09.387+00:00,2026-09-14T02:16:15.463+00:00,False,92,91.0,,91.0,293941.19208099996,300017.64852899994,300017.64833899995,3261.06139498913,0.027429,293941.19208099996,30638.53238749907,88.029024,66.77424668131867,19.86125275174116,0.3033154897592762,46,64,,False,False,Request timeout: 300.0s exceeded,403,21.16838264042747
116,2026-09-14T02:11:18.478+00:00,2026-09-14T02:16:12.041+00:00,2026-09-14T02:16:18.560+00:00,False,99,98.0,,98.0,293562.549545,300081.510185,300081.50996600004,3031.1263632929295,0.03449,293562.549545,29497.467562914146,87.24183250000002,66.52000653061225,20.03003618812174,0.3265779352402721,46,64,,False,False,Request timeout: 300.0s exceeded,333,21.16838264042747
117,2026-09-14T02:11:22.351+00:00,2026-09-14T02:16:16.276+00:00,2026-09-14T02:16:22.408+00:00,False,89,88.0,,88.0,293924.645723,300056.380507,300056.380474,3371.420005325843,0.022609999999999998,293924.645723,31148.57015260798,88.2228294,69.67880436363636,19.37326412532927,0.29327821608495025,46,64,,False,False,Request timeout: 300.0s exceeded,417,21.16838264042747
118,2026-09-14T02:11:25.307+00:00,2026-09-14T02:16:19.015+00:00,2026-09-14T02:16:25.324+00:00,False,95,94.0,,94.0,293708.035983,300016.71694300004,300016.716931,3158.070704536842,0.037469999999999996,293708.035983,30126.9295096887,87.7219254,67.11362723404255,19.968582385832946,0.31331587438795616,46,64,,False,False,Request timeout: 300.0s exceeded,541,21.16838264042747
119,2026-09-14T02:11:28.757+00:00,2026-09-14T02:16:22.990+00:00,2026-09-14T02:16:28.782+00:00,False,92,91.0,,91.0,294232.90082200005,300024.8665180001,300024.86657400004,3261.139854065218,0.023260000000000003,294232.90082200005,30669.271530288548,89.1364631,63.64797468131868,20.588747034733665,0.30330819260456343,46,64,,False,False,Request timeout: 300.0s exceeded,307,21.16838264042747
120,2026-09-14T02:11:32.527+00:00,2026-09-14T02:16:26.627+00:00,2026-09-14T02:16:32.814+00:00,False,74,73.0,,73.0,294100.34785799996,300287.14337799995,300287.143374,4057.9343699189185,0.04197,294100.34785799996,34179.1148213095,88.89726315000001,84.75062356164383,185.38783529495052,0.24310065085972718,46,64,,False,False,Request timeout: 300.0s exceeded,361,21.16838264042747
121,2026-09-14T02:11:35.275+00:00,2026-09-14T02:16:29.451+00:00,2026-09-14T02:16:35.300+00:00,False,99,98.0,,98.0,294175.66473400005,300025.4761900001,300025.47626300005,3030.5603662929298,0.01584,294175.66473400005,29560.2203430675,87.68094300000001,59.69195363265306,164.46816651407605,0.3266389282820056,46,64,,False,False,Request timeout: 300.0s exceeded,326,21.16838264042747
122,2026-09-14T02:11:38.668+00:00,2026-09-14T02:16:33.921+00:00,2026-09-14T02:16:38.746+00:00,False,70,69.0,,69.0,295252.753704,300078.020392,300078.020432,4286.828863314286,0.02597,295252.753704,35281.101464890344,90.13861650000001,69.93140127536232,20.804246524575646,0.22994019991821943,46,64,,False,False,Request timeout: 300.0s exceeded,403,21.16838264042747
123,2026-09-14T02:11:41.646+00:00,2026-09-14T02:16:35.470+00:00,2026-09-14T02:16:41.938+00:00,False,93,92.0,,92.0,293824.123092,300292.28027600003,300292.28019300004,3228.949249387097,0.04039,293824.123092,30460.858053559172,88.172287,70.3060563478261,19.561213981643046,0.3063681820772827,46,64,,False,False,Request timeout: 300.0s exceeded,383,21.16838264042747
124,2026-09-14T02:11:45.801+00:00,2026-09-14T02:16:39.337+00:00,2026-09-14T02:16:45.846+00:00,False,103,102.0,,102.0,293535.665275,300044.842619,300044.842649,2913.0567247475724,0.0,293535.665275,28916.708269491577,89.02701410000002,63.815464156862745,62.870336235296776,0.33994918596058205,46,64,,False,False,Request timeout: 300.0s exceeded,473,21.16838264042747
125,2026-09-14T02:11:50.142+00:00,2026-09-14T02:16:43.919+00:00,2026-09-14T02:16:50.165+00:00,False,94,93.0,,93.0,293777.61825700005,300023.519313,300023.51931500004,3191.7395671808517,0.027899999999999998,293777.61825700005,30293.927970730594,89.3727915,67.16022640860214,21.151374658910726,0.3099756986150729,46,64,,False,False,Request timeout: 300.0s exceeded,457,21.16838264042747
126,2026-09-14T02:11:53.002+00:00,2026-09-14T02:16:46.757+00:00,2026-09-14T02:16:53.017+00:00,False,93,92.0,,92.0,293754.445369,300015.019833,300015.019907,3225.9679559892475,0.023989999999999997,293754.445369,30453.8673861379,89.43927339999999,68.04972243478261,20.48937603103036,0.30665131382825683,46,64,,False,False,Request timeout: 300.0s exceeded,535,21.16838264042747
127,2026-09-14T02:11:56.444+00:00,2026-09-14T02:16:49.901+00:00,2026-09-14T02:16:56.527+00:00,False,96,95.0,,95.0,293457.254668,300082.9435,300082.943653,3125.8639963854166,0.028399999999999998,293457.254668,29943.74408181299,89.3582265,69.74409296842106,20.096857636396763,0.31657913939383897,46,64,,False,False,Request timeout: 300.0s exceeded,495,21.16838264042747
128,2026-09-14T02:12:00.163+00:00,2026-09-14T02:16:53.868+00:00,2026-09-14T02:17:00.238+00:00,False,92,91.0,,91.0,293704.743159,300075.574775,300075.574775,3261.6910301630437,0.04747,293704.743159,30613.543808415958,90.37070100000001,70.00913863736264,20.1413125555779,0.3032569380837904,46,64,,False,False,Request timeout: 300.0s exceeded,424,21.16838264042747
129,2026-09-14T02:12:03.210+00:00,2026-09-14T02:16:56.693+00:00,2026-09-14T02:17:03.260+00:00,False,98,97.0,,97.0,293482.521402,300050.060346,300050.06030199997,3061.7353092040817,0.021669,293482.521402,29639.37908160248,89.63172735,67.70658705154639,20.332474901608002,0.32327938840653897,46,64,,False,False,Request timeout: 300.0s exceeded,499,21.16838264042747
130,2026-09-14T02:12:06.142+00:00,2026-09-14T02:16:59.626+00:00,2026-09-14T02:17:06.178+00:00,False,96,95.0,,95.0,293484.356282,300035.85273000004,300035.852965,3125.373468385417,0.022428999999999998,293484.356282,29946.59009698254,91.00389,68.96312050526316,20.486651873725123,0.31662882664056075,46,64,,False,False,Request timeout: 300.0s exceeded,417,21.16838264042747
131,2026-09-14T02:12:08.994+00:00,2026-09-14T02:17:02.405+00:00,2026-09-14T02:17:09.020+00:00,False,95,94.0,,94.0,293410.305073,300025.946673,300025.946581,3158.167858747369,0.02092,293410.305073,30096.047678007228,89.0730271,70.37916595744682,19.577156097592518,0.31330623581850114,46,64,,False,False,Request timeout: 300.0s exceeded,482,21.16838264042747
132,2026-09-14T02:12:13.222+00:00,2026-09-14T02:17:07.238+00:00,2026-09-14T02:17:13.259+00:00,False,86,85.0,,85.0,294015.47898400004,300036.293576,300036.29347100004,3488.7941101279075,0.04396,294015.47898400004,31696.872065994394,88.91663249999999,70.83311284705881,19.17758331606618,0.28329906021342466,46,64,,False,False,Request timeout: 300.0s exceeded,395,21.16838264042747
133,2026-09-14T02:12:15.958+00:00,2026-09-14T02:17:10.182+00:00,2026-09-14T02:17:16.026+00:00,False,84,83.0,,83.0,294224.659287,300068.16367100005,300068.16347900004,3572.240041416667,0.036770000000000004,294224.659287,32094.866424016676,87.68694115,70.40366727710843,19.564283517103707,0.27660381889430513,46,64,,False,False,Request timeout: 300.0s exceeded,262,21.16838264042747
134,2026-09-14T02:12:18.566+00:00,2026-09-14T02:17:12.424+00:00,2026-09-14T02:17:18.581+00:00,False,91,90.0,,90.0,293857.684213,300014.597365,300014.597289,3296.8637064725276,0.039810000000000005,293857.684213,30797.49074651157,89.54633050000001,68.41014613333334,20.316650849568774,0.2999854033452423,46,64,,False,False,Request timeout: 300.0s exceeded,442,21.16838264042747
135,2026-09-14T02:12:22.140+00:00,2026-09-14T02:17:16.282+00:00,2026-09-14T02:17:22.219+00:00,False,90,89.0,,89.0,294142.73389499995,300079.02906299994,300079.02913999994,3334.2114348888886,0.023249,294142.73389499995,30998.342489771272,89.80904634999999,66.69994570786517,20.554686696324982,0.29658853628626924,46,64,,False,False,Request timeout: 300.0s exceeded,415,21.16838264042747
136,2026-09-14T02:12:26.172+00:00,2026-09-14T02:17:19.859+00:00,2026-09-14T02:17:26.231+00:00,False,94,93.0,,93.0,293687.594241,300059.47238500003,300059.472445,3192.122047287234,0.0396,293687.594241,30284.502275193547,88.59876515,68.51481875268817,20.09152059724178,0.30993855738262993,46,64,,False,False,Request timeout: 300.0s exceeded,399,21.16838264042747
137,2026-09-14T02:12:29.022+00:00,2026-09-14T02:17:22.858+00:00,2026-09-14T02:17:29.082+00:00,False,92,91.0,,91.0,293836.376731,300060.27586700005,300060.27598900005,3261.52473901087,0.026109999999999998,293836.376731,30627.435950990253,89.02820655,68.394496,20.2318046114053,0.30327239997718064,46,64,,False,False,Request timeout: 300.0s exceeded,335,21.16838264042747
138,2026-09-14T02:12:32.051+00:00,2026-09-14T02:17:25.839+00:00,2026-09-14T02:17:32.119+00:00,False,93,92.0,,92.0,293787.817927,300068.271815,300068.271921,3226.5405582903227,0.03753,293787.817927,30457.305570871195,87.99812,68.26580313043478,20.517942780009232,0.3065968935786734,46,64,,False,False,Request timeout: 300.0s exceeded,418,21.16838264042747
139,2026-09-14T02:12:34.970+00:00,2026-09-14T02:17:29.087+00:00,2026-09-14T02:17:34.991+00:00,False,85,84.0,,84.0,294116.67590499995,300021.54195299995,300021.54202099994,3529.6652002470582,0.0277,294116.67590499995,31893.813776187853,89.01580799999999,70.29602438095239,19.470766261137328,0.27997989562082537,46,64,,False,False,Request timeout: 300.0s exceeded,397,21.16838264042747
140,2026-09-14T02:12:38.559+00:00,2026-09-14T02:17:32.406+00:00,2026-09-14T02:17:38.601+00:00,False,96,95.0,,95.0,293847.177491,300042.114067,300042.11400299997,3125.43868753125,0.0,293847.177491,29984.068837588227,88.95844250000002,65.20985869473685,66.2061575116064,0.31662221916882743,46,64,,False,False,Request timeout: 300.0s exceeded,358,21.16838264042747
141,2026-09-14T02:12:41.304+00:00,2026-09-14T02:17:34.862+00:00,2026-09-14T02:17:41.371+00:00,False,101,100.0,,100.0,293557.31610500003,300066.76096900005,300066.76092200004,2970.958028930693,0.0,293557.31610500003,29203.637550260777,90.21964,65.09444864,64.25971944722656,0.3332591709827235,46,64,,False,False,Request timeout: 300.0s exceeded,619,21.16838264042747
142,2026-09-14T02:12:45.235+00:00,2026-09-14T02:17:38.837+00:00,2026-09-14T02:17:45.318+00:00,False,92,91.0,,91.0,293601.85152499995,300082.76160499995,300082.76181299996,3261.7691501413037,0.02091,293601.85152499995,30602.689711896874,88.00137005,71.21879208791208,18.890131762545217,0.3032496752338731,46,64,,False,False,Request timeout: 300.0s exceeded,341,21.16838264042747
143,2026-09-14T02:12:49.133+00:00,2026-09-14T02:17:42.836+00:00,2026-09-14T02:17:49.204+00:00,False,95,94.0,,94.0,293703.014184,300070.227496,300070.227474,3158.633973410527,0.02209,293703.014184,30126.350824991532,91.99680699999999,67.73631182978724,20.609381252856068,0.313260001781593,46,64,,False,False,Request timeout: 300.0s exceeded,428,21.16838264042747
144,2026-09-14T02:12:52.487+00:00,2026-09-14T02:17:46.577+00:00,2026-09-14T02:17:52.504+00:00,False,88,87.0,,87.0,294089.352186,300016.59647399996,300016.59641399997,3409.279504704545,0.03755,294089.352186,31342.774651194213,91.56843934999999,68.12924468965517,21.029339898372836,0.2899839576292893,46,64,,False,False,Request timeout: 300.0s exceeded,190,21.16838264042747
145,2026-09-14T02:12:55.120+00:00,2026-09-14T02:17:49.028+00:00,2026-09-14T02:17:55.152+00:00,False,92,91.0,,91.0,293908.74573,300032.13798600005,300032.137934,3261.2188905869566,0.022760000000000002,293908.74573,30635.09658269605,90.346383,67.2900247912088,20.975031659606838,0.3033008417393146,46,64,,False,False,Request timeout: 300.0s exceeded,461,21.16838264042747
146,2026-09-14T02:12:59.198+00:00,2026-09-14T02:17:53.689+00:00,2026-09-14T02:17:59.273+00:00,False,84,83.0,,83.0,294490.339613,300074.46351699997,300074.463436,3572.3150409047616,0.03469,294490.339613,32124.196373810995,90.81007915,67.27860125301204,20.979902212466953,0.2765980117974879,46,64,,False,False,Request timeout: 300.0s exceeded,425,21.16838264042747
147,2026-09-14T02:13:01.714+00:00,2026-09-14T02:17:54.990+00:00,2026-09-14T02:18:01.739+00:00,False,101,100.0,,100.0,293276.39188300003,300024.59668300004,300024.596756,2970.540561940594,0.03422,293276.39188300003,29175.3839485107,88.855962,67.482048,20.26838611861156,0.33330600592610077,46,64,,False,False,Request timeout: 300.0s exceeded,492,21.16838264042747
148,2026-09-14T02:13:05.303+00:00,2026-09-14T02:17:58.926+00:00,2026-09-14T02:18:05.373+00:00,False,95,94.0,,94.0,293622.894606,300069.562126,300069.562176,3158.626970273684,0.03694,293622.894606,30118.043706810487,89.26172770000001,68.58156936170212,20.1566233656041,0.3132606963998873,46,64,,False,False,Request timeout: 300.0s exceeded,429,21.16838264042747
149,2026-09-14T02:13:08.243+00:00,2026-09-14T02:18:02.300+00:00,2026-09-14T02:18:08.314+00:00,False,85,84.0,,84.0,294057.68897799996,300070.85608199995,300070.856186,3530.245366894117,0.022760000000000002,294057.68897799996,31887.276047528292,89.9676604,71.58532266666667,19.70921862180891,0.2799338832727075,46,64,,False,False,Request timeout: 300.0s exceeded,182,21.16838264042747
150,2026-09-14T02:13:12.216+00:00,2026-09-14T02:18:06.049+00:00,2026-09-14T02:18:12.229+00:00,False,89,88.0,,88.0,293833.19672899996,300013.43839299993,300013.43840399996,3370.9375101573028,0.024120000000000003,293833.19672899996,31138.818484612213,90.56305479999999,70.2300189090909,19.90696240045465,0.29332019415985355,46,64,,False,False,Request timeout: 300.0s exceeded,287,21.16838264042747
151,2026-09-14T02:13:16.341+00:00,2026-09-14T02:18:09.504+00:00,2026-09-14T02:18:16.358+00:00,False,104,103.0,,103.0,293162.648171,300016.775275,300016.77534,2884.7766859615385,0.03512,293162.648171,28740.44466999487,88.09797699999999,66.54492333980582,20.405533600478982,0.34331413603652194,46,64,,False,False,Request timeout: 300.0s exceeded,526,21.16838264042747
152,2026-09-14T02:13:20.093+00:00,2026-09-14T02:18:13.582+00:00,2026-09-14T02:18:20.138+00:00,False,97,96.0,,96.0,293489.58805,300045.730386,300045.730339,3093.2549519484537,0.023710000000000002,293489.58805,29792.42568565898,89.27114879999999,68.29314933333333,20.575515078188815,0.319951228356087,46,64,,False,False,Request timeout: 300.0s exceeded,364,21.16838264042747
153,2026-09-14T02:13:24.018+00:00,2026-09-14T02:18:17.781+00:00,2026-09-14T02:18:24.097+00:00,False,95,94.0,,94.0,293762.364365,300078.735821,300078.735801,3158.7235347473684,0.020649999999999998,293762.364365,30132.495438476657,88.6271781,67.1954410212766,20.494754669990147,0.313251119719699,46,64,,False,False,Request timeout: 300.0s exceeded,309,21.16838264042747
154,2026-09-14T02:13:27.957+00:00,2026-09-14T02:18:21.707+00:00,2026-09-14T02:18:27.985+00:00,False,93,92.0,,92.0,293750.018874,300027.535162,300027.535063,3226.1025275591396,0.038270000000000005,293750.018874,30453.388775564094,87.6551054,68.23387269565217,19.709347264235173,0.3066385221953864,46,64,,False,False,Request timeout: 300.0s exceeded,416,21.16838264042747
155,2026-09-14T02:13:31.328+00:00,2026-09-14T02:18:24.821+00:00,2026-09-14T02:18:31.350+00:00,False,94,93.0,,93.0,293492.68348400004,300021.95426800003,300021.95410200005,3191.722915978724,0.02354,293492.68348400004,30264.224412267384,91.2903975,70.20721273118279,20.392456395514724,0.3099773155831325,46,64,,False,False,Request timeout: 300.0s exceeded,397,21.16838264042747
156,2026-09-14T02:13:34.354+00:00,2026-09-14T02:18:28.158+00:00,2026-09-14T02:18:34.440+00:00,False,99,98.0,,98.0,293804.355337,300086.197001,300086.197169,3031.173708777778,0.0,293804.355337,29522.071823366023,93.51908290000002,64.10042514285715,62.469160703614044,0.32657283467014453,46,64,,False,False,Request timeout: 300.0s exceeded,478,21.16838264042747
157,2026-09-14T02:13:37.053+00:00,2026-09-14T02:18:30.817+00:00,2026-09-14T02:18:37.117+00:00,False,97,96.0,,96.0,293764.155402,300063.99873,300063.998874,3093.443287360825,0.0,293764.155402,29820.63398243748,92.54176,65.623368,63.14679597081158,0.31993174924787154,46,64,,False,False,Request timeout: 300.0s exceeded,463,21.16838264042747
158,2026-09-14T02:13:40.176+00:00,2026-09-14T02:18:33.806+00:00,2026-09-14T02:18:40.248+00:00,False,94,93.0,,93.0,293629.757111,300071.69784700003,300071.697743,3192.252103648936,0.02414,293629.757111,30278.45923469636,90.22828195,69.26817995698924,20.251982342603903,0.3099259299269825,46,64,,False,False,Request timeout: 300.0s exceeded,428,21.16838264042747
159,2026-09-14T02:13:42.821+00:00,2026-09-14T02:18:36.470+00:00,2026-09-14T02:18:42.865+00:00,False,92,91.0,,91.0,293648.35597000003,300044.08051400003,300044.08048000006,3261.3487008695656,0.02129,293648.35597000003,30607.63688419057,89.6486427,70.28268729670329,20.694146177422198,0.303288769583821,46,64,,False,False,Request timeout: 300.0s exceeded,444,21.16838264042747
160,2026-09-14T02:13:45.846+00:00,2026-09-14T02:18:39.499+00:00,2026-09-14T02:18:45.935+00:00,False,99,98.0,,98.0,293653.12986299995,300089.33338299993,300089.333396,3031.2053878383836,0.038520000000000006,293653.12986299995,29506.656516466785,89.10259179999998,65.67554612244898,20.645557126507324,0.3265694214959781,46,64,,False,False,Request timeout: 300.0s exceeded,492,21.16838264042747
161,2026-09-14T02:13:48.543+00:00,2026-09-14T02:18:42.490+00:00,2026-09-14T02:18:48.606+00:00,False,98,97.0,,97.0,293947.02532,300063.1802,300063.18031900004,3061.8691869285717,0.043639000000000004,293947.02532,29686.771075975405,87.12307535,63.0531430927835,20.26638454490693,0.3232652534554455,46,64,,False,False,Request timeout: 300.0s exceeded,486,21.16838264042747
162,2026-09-14T02:13:52.827+00:00,2026-09-14T02:18:46.068+00:00,2026-09-14T02:18:52.905+00:00,False,103,102.0,,102.0,293240.627329,300078.130305,300078.130252,2913.379905359223,0.038759,293240.627329,28887.259657657567,89.98329399999999,67.03434290196078,20.4708972417272,0.3399114753758529,46,64,,False,False,Request timeout: 300.0s exceeded,512,21.16838264042747
163,2026-09-14T02:13:56.584+00:00,2026-09-14T02:18:50.045+00:00,2026-09-14T02:18:56.629+00:00,False,100,99.0,,99.0,293461.567028,300045.25394,300045.25407900003,3000.45254079,0.03692,293461.567028,29339.513226517676,87.81449505,66.501888,19.94770783732539,0.32995022817390407,46,64,,False,False,Request timeout: 300.0s exceeded,476,21.16838264042747
164,2026-09-14T02:13:59.457+00:00,2026-09-14T02:18:52.980+00:00,2026-09-14T02:18:59.482+00:00,False,107,106.0,,106.0,293522.79815,300024.39917399996,300024.39914399997,2803.966347140187,0.015099999999999999,293522.79815,28370.582544226676,87.05222300000001,61.335858716981136,184.1742703742876,0.353304598865391,46,64,,False,False,Request timeout: 300.0s exceeded,566,21.16838264042747
165,2026-09-14T02:14:02.013+00:00,2026-09-14T02:18:55.760+00:00,2026-09-14T02:19:02.058+00:00,False,103,102.0,,102.0,293747.08579000004,300045.31119800004,300045.31134400005,2913.0612751844665,0.01517,293747.08579000004,28938.258756412193,89.3691324,61.74730792156863,184.51685097587767,0.3399486550639352,46,64,,False,False,Request timeout: 300.0s exceeded,298,21.16838264042747
166,2026-09-14T02:14:04.619+00:00,2026-09-14T02:18:59.481+00:00,2026-09-14T02:19:04.634+00:00,False,78,77.0,,77.0,294862.409907,300015.300019,300015.29978400003,3846.3499972307695,0.022949999999999998,294862.409907,33379.023411875176,90.755366,66.9206508051948,22.04636454498552,0.25665357731796873,46,64,,False,False,Request timeout: 300.0s exceeded,334,21.16838264042747
167,2026-09-14T02:14:07.354+00:00,2026-09-14T02:19:00.870+00:00,2026-09-14T02:19:07.396+00:00,False,100,99.0,,99.0,293515.348687,300041.60737499996,300041.607279,3000.41607279,0.03736,293515.348687,29344.9497460799,88.43606645000001,65.92180492929293,20.45596655514068,0.32995423823425657,46,64,,False,False,Request timeout: 300.0s exceeded,420,21.16838264042747
168,2026-09-14T02:14:10.907+00:00,2026-09-14T02:19:04.335+00:00,2026-09-14T02:19:10.975+00:00,False,97,96.0,,96.0,293427.245952,300067.179904,300067.180093,3093.47608343299,0.0225,293427.245952,29786.006267451095,87.2069778,69.16597866666667,19.188691380492873,0.31992835747885895,46,64,,False,False,Request timeout: 300.0s exceeded,327,21.16838264042747
169,2026-09-14T02:14:14.916+00:00,2026-09-14T02:19:08.818+00:00,2026-09-14T02:19:14.926+00:00,False,88,87.0,,87.0,293902.69629,300010.86909,300010.868916,3409.2144195,0.07969,293902.69629,31322.654423978172,89.65555735,70.20888275862069,19.53530542364436,0.2899894935936503,46,64,,False,False,Request timeout: 300.0s exceeded,463,21.16838264042747
170,2026-09-14T02:14:19.219+00:00,2026-09-14T02:19:13.057+00:00,2026-09-14T02:19:19.276+00:00,False,89,88.0,,88.0,293838.127125,300056.872213,300056.872217,3371.42553052809,0.02299,293838.127125,31139.29492847091,90.0026424,70.66755781818182,20.224111206293145,0.2932777354871974,46,64,,False,False,Request timeout: 300.0s exceeded,426,21.16838264042747
171,2026-09-14T02:14:22.811+00:00,2026-09-14T02:19:16.475+00:00,2026-09-14T02:19:22.842+00:00,False,93,92.0,,92.0,293664.06500199996,300031.42090599996,300031.42096099997,3226.144311408602,0.01616,293664.06500199996,30444.3750832724,89.376591,69.21039026086956,20.57648441506211,0.30663455088200137,46,64,,False,False,Request timeout: 300.0s exceeded,413,21.16838264042747
172,2026-09-14T02:14:26.741+00:00,2026-09-14T02:19:20.871+00:00,2026-09-14T02:19:26.800+00:00,False,92,91.0,,91.0,294130.387791,300059.83214300004,300059.83216600004,3261.5199148478264,0.0,294130.387791,30658.49752010227,89.33096010000001,65.15872914285714,69.56439974887107,0.30327284845187796,46,64,,False,False,Request timeout: 300.0s exceeded,460,21.16838264042747
173,2026-09-14T02:14:30.112+00:00,2026-09-14T02:19:23.691+00:00,2026-09-14T02:19:30.149+00:00,False,106,105.0,,105.0,293578.654524,300037.324092,300037.32412,2830.5407935849057,0.0,293578.654524,28508.97867696188,89.69815775,61.51113874285714,65.04878374175306,0.3499564606428899,46,64,,False,False,Request timeout: 300.0s exceeded,536,21.16838264042747
174,2026-09-14T02:14:33.590+00:00,2026-09-14T02:19:27.434+00:00,2026-09-14T02:19:33.633+00:00,False,102,101.0,,101.0,293844.167731,300042.544947,300042.544996,2941.593578392157,0.03445,293844.167731,29088.83856435825,88.90332695000001,61.37007144554455,20.33483582247965,0.3366189285517519,46,64,,False,False,Request timeout: 300.0s exceeded,456,21.16838264042747
175,2026-09-14T02:14:36.766+00:00,2026-09-14T02:19:30.538+00:00,2026-09-14T02:19:36.809+00:00,False,101,100.0,,100.0,293771.677278,300042.92643,300042.92639,2970.7220434653464,0.02352,293771.677278,29225.14119791342,89.07079100000001,62.71249152,20.171688316147854,0.33328564412375844,46,64,,False,False,Request timeout: 300.0s exceeded,467,21.16838264042747
176,2026-09-14T02:14:39.330+00:00,2026-09-14T02:19:33.300+00:00,2026-09-14T02:19:39.351+00:00,False,93,92.0,,92.0,293969.233167,300021.000975,300021.001186,3226.0322708172043,0.03698,293969.233167,30476.37471853835,87.6595246,65.78008486956521,19.77001412174826,0.30664520050603433,46,64,,False,False,Request timeout: 300.0s exceeded,435,21.16838264042747
177,2026-09-14T02:14:43.301+00:00,2026-09-14T02:19:36.978+00:00,2026-09-14T02:19:43.326+00:00,False,97,96.0,,96.0,293676.46510000003,300024.82068400003,300024.82084000006,3093.039390103093,0.03726,293676.46510000003,29811.6194284955,87.45629779999999,66.128704,19.81754837373965,0.31997352679401025,46,64,,False,False,Request timeout: 300.0s exceeded,509,21.16838264042747
178,2026-09-14T02:14:47.196+00:00,2026-09-14T02:19:41.082+00:00,2026-09-14T02:19:47.219+00:00,False,94,93.0,,93.0,293886.657415,300023.47226300003,300023.472383,3191.7390679042555,0.02741,293886.657415,30305.29476470074,89.04288315,65.98725643010752,20.087321049149626,0.30997574722579163,46,64,,False,False,Request timeout: 300.0s exceeded,407,21.16838264042747
179,2026-09-14T02:14:49.674+00:00,2026-09-14T02:19:43.536+00:00,2026-09-14T02:19:49.695+00:00,False,93,92.0,,92.0,293861.92944,300020.816864,300020.81669199996,3226.0302870107525,0.0294,293861.92944,30465.12770018785,88.0100862,66.94442852173913,20.6744958397379,0.3066453886821586,46,64,,False,False,Request timeout: 300.0s exceeded,364,21.16838264042747
180,2026-09-14T02:14:52.433+00:00,2026-09-14T02:19:46.020+00:00,2026-09-14T02:19:52.449+00:00,False,100,99.0,,99.0,293586.81239499996,300015.8148909999,300015.81491699995,3000.1581491699994,0.03741,293586.81239499996,29352.19438308152,89.94214650000002,64.93941915151515,20.4986846895452,0.3299826045369246,46,64,,False,False,Request timeout: 300.0s exceeded,488,21.16838264042747
181,2026-09-14T02:14:56.602+00:00,2026-09-14T02:19:49.919+00:00,2026-09-14T02:19:56.655+00:00,False,98,97.0,,97.0,293317.21087999997,300052.95795199997,300052.958006,3061.7648776122446,0.055589,293317.21087999997,29622.50450342405,87.80686884999999,69.44069146391752,19.541931823586083,0.32327626650331925,46,64,,False,False,Request timeout: 300.0s exceeded,441,21.16838264042747
182,2026-09-14T02:14:59.543+00:00,2026-09-14T02:19:53.325+00:00,2026-09-14T02:19:59.622+00:00,False,92,91.0,,91.0,293781.25716900005,300078.84078500007,300078.84084900003,3261.7265309673917,0.02435,293781.25716900005,30621.604147390393,88.5288595,69.20421556043955,19.010035805498728,0.30325363748388884,46,64,,False,False,Request timeout: 300.0s exceeded,428,21.16838264042747
183,2026-09-14T02:15:03.081+00:00,2026-09-14T02:19:56.906+00:00,2026-09-14T02:20:03.093+00:00,False,95,94.0,,94.0,293824.984456,300011.95764,300011.95757499995,3158.020606052631,0.04234,293824.984456,30139.061322469282,88.69289339999999,65.81886365957448,20.443882269932104,0.313320844740447,46,64,,False,False,Request timeout: 300.0s exceeded,494,21.16838264042747
184,2026-09-14T02:15:07.063+00:00,2026-09-14T02:20:00.805+00:00,2026-09-14T02:20:07.081+00:00,False,93,92.0,,92.0,293742.51240899996,300018.204185,300018.20399199997,3226.002193462365,0.019809999999999998,293742.51240899996,30452.61302912271,89.55890300000002,68.21404104347826,20.59693204069996,0.30664805907334247,46,64,,False,False,Request timeout: 300.0s exceeded,433,21.16838264042747
185,2026-09-14T02:15:10.080+00:00,2026-09-14T02:20:03.710+00:00,2026-09-14T02:20:10.112+00:00,False,96,95.0,,95.0,293630.08399400004,300032.23874600005,300032.2389100001,3125.335821979167,0.02419,293630.08399400004,29961.623754123615,89.9741475,67.39110265263157,20.40491492262712,0.31663264053575485,46,64,,False,False,Request timeout: 300.0s exceeded,407,21.16838264042747
186,2026-09-14T02:15:12.473+00:00,2026-09-14T02:20:06.692+00:00,2026-09-14T02:20:12.500+00:00,False,89,88.0,,88.0,294219.669229,300027.651309,300027.65134,3371.0972060674158,0.020059999999999998,294219.669229,31180.2337832368,90.00844740000001,65.99979636363636,21.286951358803584,0.29330629898965,46,64,,False,False,Request timeout: 300.0s exceeded,131,21.16838264042747
187,2026-09-14T02:15:15.259+00:00,2026-09-14T02:20:08.775+00:00,2026-09-14T02:20:15.328+00:00,False,98,97.0,,97.0,293516.24081,300069.037994,300069.038108,3061.9289602857143,0.02216,293516.24081,29642.800975768856,90.68583185,67.55461014432989,20.868340725576132,0.3232589428368132,46,64,,False,False,Request timeout: 300.0s exceeded,496,21.16838264042747
188,2026-09-14T02:15:19.221+00:00,2026-09-14T02:20:12.878+00:00,2026-09-14T02:20:19.243+00:00,False,94,93.0,,93.0,293657.021533,300022.693213,300022.693216,3191.730778893617,0.02384,293657.021533,30281.35604303051,89.3590938,68.44808258064516,20.420707277931854,0.3099765521202591,46,64,,False,False,Request timeout: 300.0s exceeded,424,21.16838264042747
189,2026-09-14T02:15:22.559+00:00,2026-09-14T02:20:16.301+00:00,2026-09-14T02:20:22.577+00:00,False,94,93.0,,93.0,293741.936611,300018.365667,300018.365782,3191.684742361702,0.0,293741.936611,30290.28295980399,91.08437165,67.48848447311828,68.41496944021738,0.30998102330583216,46,64,,False,False,Request timeout: 300.0s exceeded,406,21.16838264042747
190,2026-09-14T02:15:26.386+00:00,2026-09-14T02:20:20.299+00:00,2026-09-14T02:20:26.411+00:00,False,94,93.0,,93.0,293913.50961400004,300025.86007800006,300025.86009100004,3191.764469053192,0.0,293913.50961400004,30308.160444478974,88.77594635000001,65.72419853763441,68.03477998462925,0.3099732802226517,46,64,,False,False,Request timeout: 300.0s exceeded,182,21.16838264042747
191,2026-09-14T02:15:28.765+00:00,2026-09-14T02:20:22.744+00:00,2026-09-14T02:20:28.803+00:00,False,92,91.0,,91.0,293979.635656,300038.027208,300038.027347,3261.282905945652,0.02702,293979.635656,30642.56081036109,86.79587655000002,66.57573134065935,19.399880499501055,0.30329488847396885,46,64,,False,False,Request timeout: 300.0s exceeded,450,21.16838264042747
192,2026-09-14T02:15:32.395+00:00,2026-09-14T02:20:26.043+00:00,2026-09-14T02:20:32.437+00:00,False,96,95.0,,95.0,293648.05734,300041.3143,300041.314264,3125.430356916667,0.044969,293648.05734,29963.467403828312,88.13212100000001,67.29744168421053,19.945224652561247,0.3166230631326094,46,64,,False,False,Request timeout: 300.0s exceeded,400,21.16838264042747
193,2026-09-14T02:15:36.179+00:00,2026-09-14T02:20:29.884+00:00,2026-09-14T02:20:36.202+00:00,False,89,88.0,,88.0,293704.614868,300022.85154,300022.851631,3371.0432767528087,0.040049999999999995,293704.614868,31125.022141511767,89.03877,71.798144,19.141222918217576,0.2933109913071657,46,64,,False,False,Request timeout: 300.0s exceeded,401,21.16838264042747
194,2026-09-14T02:15:39.225+00:00,2026-09-14T02:20:32.653+00:00,2026-09-14T02:20:39.271+00:00,False,92,91.0,,91.0,293427.15215700003,300045.188893,300045.188947,3261.3607494239136,0.039700000000000006,293427.15215700003,30584.318815784416,89.6746325,72.72567841758243,18.679713447550455,0.3032876492229035,46,64,,False,False,Request timeout: 300.0s exceeded,424,21.16838264042747
195,2026-09-14T02:15:42.964+00:00,2026-09-14T02:20:36.789+00:00,2026-09-14T02:20:43.042+00:00,False,88,87.0,,87.0,293824.47423500003,300077.804155,300077.804345,3409.9750493750003,0.023809999999999998,293824.47423500003,31314.137529720214,88.0105137,71.87735540229885,18.644901139935495,0.2899248088174547,46,64,,False,False,Request timeout: 300.0s exceeded,400,21.16838264042747
196,2026-09-14T02:15:46.885+00:00,2026-09-14T02:20:40.786+00:00,2026-09-14T02:20:46.955+00:00,False,92,91.0,,91.0,293900.49041,300069.98391400004,300069.983958,3261.6302604130437,0.020050000000000002,293900.49041,30634.182859787976,89.21951515,67.79663191208792,20.6341378189928,0.30326258832366443,46,64,,False,False,Request timeout: 300.0s exceeded,440,21.16838264042747
197,2026-09-14T02:15:50.254+00:00,2026-09-14T02:20:44.041+00:00,2026-09-14T02:20:50.291+00:00,False,91,90.0,,90.0,293787.814282,300037.179274,300037.179071,3297.111857923077,0.02141,293787.814282,30790.05935337207,90.72137849999999,69.4373888,21.287039923554453,0.29996282533309043,46,64,,False,False,Request timeout: 300.0s exceeded,410,21.16838264042747
198,2026-09-14T02:15:54.231+00:00,2026-09-14T02:20:47.981+00:00,2026-09-14T02:20:54.277+00:00,False,96,95.0,,95.0,293749.943128,300045.596248,300045.596288,3125.4749613333333,0.02579,293749.943128,29973.972075155736,90.223632,66.27003284210527,21.606731005350408,0.3166185446077289,46,64,,False,False,Request timeout: 300.0s exceeded,458,21.16838264042747
199,2026-09-14T02:15:57.724+00:00,2026-09-14T02:20:51.524+00:00,2026-09-14T02:20:57.752+00:00,False,93,92.0,,92.0,293799.67269800004,300027.13714600005,300027.13689200004,3226.098246150538,0.02327,293799.67269800004,30458.594385106964,89.65713459999999,67.68983095652173,20.224839376564198,0.30663892898204975,46,64,,False,False,Request timeout: 300.0s exceeded,408,21.16838264042747
200,2026-09-14T02:16:00.468+00:00,2026-09-14T02:20:54.235+00:00,2026-09-14T02:21:00.541+00:00,False,92,91.0,,91.0,293767.424827,300073.586747,300073.586895,3261.6694227717394,0.038619999999999995,293767.424827,30620.152803237204,89.88926,69.29848263736264,19.971136621938818,0.3032589472019226,46,64,,False,False,Request timeout: 300.0s exceeded,444,21.16838264042747
201,2026-09-14T02:16:04.195+00:00,2026-09-14T02:20:57.618+00:00,2026-09-14T02:21:04.221+00:00,False,97,96.0,,96.0,293422.549462,300025.35215000005,300025.352013,3093.0448661134023,0.027149999999999997,293422.549462,29785.569402860143,89.82438619999999,68.77919466666667,20.28564668228653,0.3199729599917411,46,64,,False,False,Request timeout: 300.0s exceeded,489,21.16838264042747
202,2026-09-14T02:16:06.890+00:00,2026-09-14T02:21:00.242+00:00,2026-09-14T02:21:06.940+00:00,False,100,99.0,,99.0,293352.00513999996,300049.34017999994,300049.340131,3000.4934013099996,0.032979,293352.00513999996,29328.442142189524,88.9901805,67.6498488888889,19.795403400168574,0.32994573472686123,46,64,,False,False,Request timeout: 300.0s exceeded,517,21.16838264042747
203,2026-09-14T02:16:09.347+00:00,2026-09-14T02:21:03.111+00:00,2026-09-14T02:21:09.362+00:00,False,93,92.0,,92.0,293763.877051,300015.182011,300015.181835,3225.9696971505377,0.02804,293763.877051,30454.855938918074,88.9265486,67.94896695652173,20.616722619563,0.3066511480629898,46,64,,False,False,Request timeout: 300.0s exceeded,450,21.16838264042747
204,2026-09-14T02:16:12.001+00:00,2026-09-14T02:21:05.911+00:00,2026-09-14T02:21:12.046+00:00,False,90,89.0,,89.0,293909.248515,300044.169219,300044.169375,3333.8241041666665,0.02247,293909.248515,30973.49543369747,89.96447345,68.93169330337079,20.100888148781447,0.2966229946466301,46,64,,False,False,Request timeout: 300.0s exceeded,487,21.16838264042747
205,2026-09-14T02:16:15.513+00:00,2026-09-14T02:21:09.237+00:00,2026-09-14T02:21:15.562+00:00,False,93,92.0,,92.0,293723.79012099997,300048.70890499995,300048.70899899997,3226.3302042903224,0.032999,293723.79012099997,30450.61594882583,89.6393124,68.7491172173913,20.31886584587611,0.306616883424513,46,64,,False,False,Request timeout: 300.0s exceeded,434,21.16838264042747
206,2026-09-14T02:16:18.670+00:00,2026-09-14T02:21:12.430+00:00,2026-09-14T02:21:18.680+00:00,False,98,97.0,,97.0,293760.495626,300010.275594,300010.27544299996,3061.329341255102,0.0,293760.495626,29667.85993960032,87.74884450000002,64.43072131958762,68.03720861278421,0.32332225890578775,46,64,,False,False,Request timeout: 300.0s exceeded,408,21.16838264042747
207,2026-09-14T02:16:21.077+00:00,2026-09-14T02:21:15.003+00:00,2026-09-14T02:21:21.120+00:00,False,97,96.0,,96.0,293925.850947,300042.660931,300042.660985,3093.2233091237117,0.0,293925.850947,29837.255384087126,91.21745480000001,63.71677066666666,67.82363562258433,0.3199545014769645,46,64,,False,False,Request timeout: 300.0s exceeded,188,21.16838264042747
208,2026-09-14T02:16:24.330+00:00,2026-09-14T02:21:18.432+00:00,2026-09-14T02:21:24.377+00:00,False,91,90.0,,90.0,294102.06479900004,300046.627487,300046.627381,3297.215685505495,0.037579999999999995,294102.06479900004,30823.356267127314,89.72425050000001,66.05069653333334,20.533861432623457,0.2999533797589489,46,64,,False,False,Request timeout: 300.0s exceeded,301,21.16838264042747
209,2026-09-14T02:16:27.113+00:00,2026-09-14T02:21:20.956+00:00,2026-09-14T02:21:27.176+00:00,False,92,91.0,,91.0,293842.980197,300062.34198900004,300062.34183800005,3261.5471938913047,0.03531,293842.980197,30628.12879530729,87.2314705,68.34463507692307,18.946307262529604,0.3032703117518691,46,64,,False,False,Request timeout: 300.0s exceeded,232,21.16838264042747
210,2026-09-14T02:16:29.632+00:00,2026-09-14T02:21:23.234+00:00,2026-09-14T02:21:29.718+00:00,False,97,96.0,,96.0,293602.682085,300086.904037,300086.904176,3093.679424494845,0.02414,293602.682085,29803.9844329306,88.41438099999999,67.54397866666667,20.167428579474063,0.3199073292054206,46,64,,False,False,Request timeout: 300.0s exceeded,393,21.16838264042747
211,2026-09-14T02:16:33.322+00:00,2026-09-14T02:21:27.180+00:00,2026-09-14T02:21:33.370+00:00,False,98,97.0,,97.0,293857.15613099997,300047.25200299994,300047.251954,3061.7066525918362,0.06436,293857.15613099997,29677.61600819845,88.767594,63.81542136082474,20.400077969436186,0.3232824141946488,46,64,,False,False,Request timeout: 300.0s exceeded,404,21.16838264042747
212,2026-09-14T02:16:37.268+00:00,2026-09-14T02:21:30.883+00:00,2026-09-14T02:21:37.284+00:00,False,98,97.0,,97.0,293614.35726,300015.86817200005,300015.868036,3061.3864085306122,0.020859000000000003,293614.35726,29652.869841065585,92.34810885,65.99495785567011,20.95526129388654,0.3233162318747407,46,64,,False,False,Request timeout: 300.0s exceeded,401,21.16838264042747
213,2026-09-14T02:16:39.961+00:00,2026-09-14T02:21:34.167+00:00,2026-09-14T02:21:40.035+00:00,False,87,86.0,,86.0,294205.648721,300073.71860900003,300073.718684,3449.123203264368,0.023829999999999997,294205.648721,31534.84684993955,88.78534859999999,68.23337079069768,19.327292557402224,0.2865962417457129,46,64,,False,False,Request timeout: 300.0s exceeded,356,21.16838264042747
214,2026-09-14T02:16:43.836+00:00,2026-09-14T02:21:37.279+00:00,2026-09-14T02:21:43.873+00:00,False,104,103.0,,103.0,293442.722407,300036.696423,300036.696348,2884.968234115385,0.04157,293442.722407,28768.155446732908,86.96625935,64.01916520388349,19.790028070643935,0.34329134145240603,46,64,,False,False,Request timeout: 300.0s exceeded,413,21.16838264042747
215,2026-09-14T02:16:46.904+00:00,2026-09-14T02:21:40.374+00:00,2026-09-14T02:21:46.801+00:00,True,109,109.0,,109.0,293470.207022,299896.49924599996,299896.499106,2751.3440284954127,0.01509,293470.207022,28104.36076290657,89.21357339999999,59.50270577777778,201.0205336242586,0.3634587275078165,46,64,,False,True,,553,21.16838264042747
216,2026-09-14T02:16:50.222+00:00,2026-09-14T02:21:43.967+00:00,2026-09-14T02:21:50.239+00:00,False,104,103.0,,103.0,293745.76714300003,300016.84682300006,300016.84677600005,2884.7773728461543,0.015109,293745.76714300003,28798.957746813026,90.30276525,60.884268737864076,213.76454261775334,0.343314054162987,46,64,,False,False,Request timeout: 300.0s exceeded,384,21.16838264042747
217,2026-09-14T02:16:53.361+00:00,2026-09-14T02:21:47.620+00:00,2026-09-14T02:21:53.401+00:00,False,88,87.0,,87.0,294258.594494,300040.090302,300040.090428,3409.546482136364,0.02714,294258.594494,31360.993689031457,86.60294300000001,66.45397480459769,19.73282535359671,0.2899612512195677,46,64,,False,False,Request timeout: 300.0s exceeded,383,21.16838264042747
218,2026-09-14T02:16:55.750+00:00,2026-09-14T02:21:49.484+00:00,2026-09-14T02:21:55.831+00:00,False,96,95.0,,95.0,293734.84254900005,300081.37003700004,300081.37003200006,3125.8476045000007,0.047409999999999994,293734.84254900005,29972.37497208659,87.49764025,66.80555250526315,19.775482108490184,0.31658079936214134,46,64,,False,False,Request timeout: 300.0s exceeded,423,21.16838264042747
219,2026-09-14T02:16:58.655+00:00,2026-09-14T02:21:52.762+00:00,2026-09-14T02:21:58.738+00:00,False,85,84.0,,84.0,294106.869204,300083.4109,300083.410958,3530.3930700941173,0.02184,294106.869204,31892.657617652632,90.00650999999999,71.14930590476192,19.60075659104836,0.27992217146582693,46,64,,False,False,Request timeout: 300.0s exceeded,372,21.16838264042747
220,2026-09-14T02:17:01.689+00:00,2026-09-14T02:21:55.572+00:00,2026-09-14T02:22:01.768+00:00,False,92,91.0,,91.0,293882.82319,300078.56079,300078.560691,3261.7234857717394,0.040850000000000004,293882.82319,30632.31040385949,88.27413150000001,68.08502857142857,19.94090377768936,0.30325392044146504,46,64,,False,False,Request timeout: 300.0s exceeded,178,21.16838264042747
221,2026-09-14T02:17:04.427+00:00,2026-09-14T02:21:58.569+00:00,2026-09-14T02:22:04.481+00:00,False,90,89.0,,89.0,294142.275843,300053.979651,300053.979544,3333.9331060444442,0.037539,294142.275843,30998.323336709218,87.81126295,66.42363829213483,20.561203274504003,0.29661329639259587,46,64,,False,False,Request timeout: 300.0s exceeded,175,21.16838264042747
222,2026-09-14T02:17:06.811+00:00,2026-09-14T02:22:00.609+00:00,2026-09-14T02:22:06.853+00:00,False,93,92.0,,92.0,293797.85088,300041.98476799997,300041.984719,3226.2579002043008,0.03606,293797.85088,30458.386871136914,88.16484399999999,67.87102052173913,20.509705628291087,0.3066237549092895,46,64,,False,False,Request timeout: 300.0s exceeded,405,21.16838264042747
223,2026-09-14T02:17:09.521+00:00,2026-09-14T02:22:02.959+00:00,2026-09-14T02:22:09.553+00:00,False,101,100.0,,100.0,293438.097601,300031.51379299996,300031.513913,2970.609048643564,0.046549999999999994,293438.097601,29191.62813989998,88.60640299999999,65.93416192000001,20.055729460267063,0.3332983216856105,46,64,,False,False,Request timeout: 300.0s exceeded,241,21.16838264042747
224,2026-09-14T02:17:12.759+00:00,2026-09-14T02:22:06.121+00:00,2026-09-14T02:22:12.830+00:00,False,104,103.0,,103.0,293361.756875,300070.68026700005,300070.680253,2885.2950024326924,0.0,293361.756875,28760.174721494303,89.326011,65.13517856310679,65.90258832713938,0.34325246274761523,46,64,,False,False,Request timeout: 300.0s exceeded,533,21.16838264042747
225,2026-09-14T02:17:15.397+00:00,2026-09-14T02:22:09.305+00:00,2026-09-14T02:22:15.430+00:00,False,99,98.0,,98.0,293907.695663,300032.607279,300032.607285,3030.632396818182,0.0,293907.695663,29532.628788217455,89.6575309,62.499098122448984,67.05562920898834,0.3266311648215952,46,64,,False,False,Request timeout: 300.0s exceeded,407,21.16838264042747
226,2026-09-14T02:17:19.610+00:00,2026-09-14T02:22:13.499+00:00,2026-09-14T02:22:19.649+00:00,False,91,90.0,,90.0,293889.33741000004,300039.59328200005,300039.593308,3297.1383880000003,0.023190000000000002,293889.33741000004,30800.816382070738,88.072609,68.33617635555555,19.891546611787962,0.299960411942737,46,64,,False,False,Request timeout: 300.0s exceeded,293,21.16838264042747
227,2026-09-14T02:17:22.026+00:00,2026-09-14T02:22:15.384+00:00,2026-09-14T02:22:22.039+00:00,False,98,97.0,,97.0,293357.591733,300013.037493,300013.037473,3061.357525234694,0.03513,293357.591733,29626.66766084436,88.26664035,68.61284288659793,20.22064749035428,0.3233192824237288,46,64,,False,False,Request timeout: 300.0s exceeded,160,21.16838264042747
228,2026-09-14T02:17:26.213+00:00,2026-09-14T02:22:19.908+00:00,2026-09-14T02:22:26.265+00:00,False,97,96.0,,96.0,293694.779327,300051.424191,300051.424148,3093.3136510103095,0.043419,293694.779327,29813.470434543007,87.726173,66.21505066666667,20.187172499473455,0.31994515693046827,46,64,,False,False,Request timeout: 300.0s exceeded,376,21.16838264042747
229,2026-09-14T02:17:29.849+00:00,2026-09-14T02:22:23.505+00:00,2026-09-14T02:22:29.902+00:00,False,96,95.0,,95.0,293656.05554000003,300053.085428,300053.08541700005,3125.55297309375,0.03707,293656.05554000003,29964.27976862334,88.1383115,67.33715671578946,20.10478801471486,0.3166106419618736,46,64,,False,False,Request timeout: 300.0s exceeded,396,21.16838264042747
230,2026-09-14T02:17:32.918+00:00,2026-09-14T02:22:26.783+00:00,2026-09-14T02:22:33.004+00:00,False,89,88.0,,88.0,293864.414967,300085.166839,300085.166786,3371.743447033708,0.04164,293864.414967,31142.07890005664,89.9760694,70.69036218181819,20.042112898920333,0.29325008272472614,46,64,,False,False,Request timeout: 300.0s exceeded,403,21.16838264042747
231,2026-09-14T02:17:37.266+00:00,2026-09-14T02:22:31.107+00:00,2026-09-14T02:22:37.716+00:00,False,97,96.0,,96.0,293841.47079299996,300450.06138499995,300450.06155299995,3097.423314979381,0.02863,293841.47079299996,29828.0991445323,91.73413479999999,68.83948533333333,21.520892998071567,0.31952065364028853,46,64,,False,False,Request timeout: 300.0s exceeded,354,21.16838264042747
232,2026-09-14T02:17:40.413+00:00,2026-09-14T02:22:34.230+00:00,2026-09-14T02:22:40.464+00:00,False,89,88.0,,88.0,293816.699009,300050.36505699996,300050.365121,3371.3524170898872,0.039729999999999994,293816.699009,31137.006352792196,90.315141,70.8371141818182,21.393473882252767,0.29328409576599856,46,64,,False,False,Request timeout: 300.0s exceeded,172,21.16838264042747
233,2026-09-14T02:17:43.772+00:00,2026-09-14T02:22:37.935+00:00,2026-09-14T02:22:43.875+00:00,False,85,84.0,,84.0,294163.279134,300103.385374,300103.385316,3530.6280625411764,0.02104,294163.279134,31898.82432576063,92.4891634,70.71555047619047,21.404845797856737,0.27990354022603264,46,64,,False,False,Request timeout: 300.0s exceeded,400,21.16838264042747
234,2026-09-14T02:17:46.393+00:00,2026-09-14T02:22:40.028+00:00,2026-09-14T02:22:46.469+00:00,False,94,93.0,,93.0,293634.403075,300075.56070699997,300075.560689,3192.2931988191485,0.10923999999999999,293634.403075,30278.93967261908,91.5556005,69.25975948387097,20.811070809708944,0.30992194026359626,46,64,,False,False,Request timeout: 300.0s exceeded,468,21.16838264042747
235,2026-09-14T02:17:49.530+00:00,2026-09-14T02:22:43.608+00:00,2026-09-14T02:22:49.566+00:00,False,88,87.0,,87.0,294078.011644,300035.986172,300035.986048,3409.4998414545457,0.035789,294078.011644,31341.527436983117,89.74913585,68.48246583908045,20.01708849682714,0.2899652175393587,46,64,,False,False,Request timeout: 300.0s exceeded,435,21.16838264042747
236,2026-09-14T02:17:52.135+00:00,2026-09-14T02:22:45.529+00:00,2026-09-14T02:22:52.175+00:00,False,98,97.0,,97.0,293393.911844,300040.54915599996,300040.549315,3061.6382583163263,0.020050000000000002,293393.911844,29630.345045938073,87.89090449999999,68.5220341443299,19.19964305654479,0.32328963626035373,46,64,,False,False,Request timeout: 300.0s exceeded,390,21.16838264042747
237,2026-09-14T02:17:54.679+00:00,2026-09-14T02:22:48.317+00:00,2026-09-14T02:22:54.773+00:00,False,97,96.0,,96.0,293638.554833,300094.181073,300094.180846,3093.7544417113404,0.02159,293638.554833,29807.656294043874,86.7199454,67.24610666666668,19.079942014824766,0.31989957171694483,46,64,,False,False,Request timeout: 300.0s exceeded,389,21.16838264042747
238,2026-09-14T02:17:57.369+00:00,2026-09-14T02:22:50.965+00:00,2026-09-14T02:22:57.427+00:00,False,98,97.0,,97.0,293596.00800800003,300057.619528,300057.61947900004,3061.8124436632656,0.023719999999999998,293596.00800800003,29650.95352652462,90.8189465,66.61455175257731,20.707715092550554,0.32327124421164183,46,64,,False,False,Request timeout: 300.0s exceeded,281,21.16838264042747
239,2026-09-14T02:18:00.809+00:00,2026-09-14T02:22:54.119+00:00,2026-09-14T02:23:00.833+00:00,False,98,97.0,,97.0,293310.18210900004,300024.30870100006,300024.30867600004,3061.4725375102043,0.023370000000000002,293310.18210900004,29621.817968065014,90.56906885000001,69.21779991752577,20.963709762788472,0.3233071360783263,46,64,,False,False,Request timeout: 300.0s exceeded,330,21.16838264042747
240,2026-09-14T02:18:03.590+00:00,2026-09-14T02:22:57.426+00:00,2026-09-14T02:23:03.630+00:00,False,90,89.0,,89.0,293836.28619300004,300040.30360100005,300040.303727,3333.781152522223,0.03835,293836.28619300004,30965.72310481348,90.48790640000001,69.70806076404494,20.729539670070817,0.29662681623717485,46,64,,False,False,Request timeout: 300.0s exceeded,415,21.16838264042747
241,2026-09-14T02:18:07.413+00:00,2026-09-14T02:23:01.184+00:00,2026-09-14T02:23:07.457+00:00,False,98,97.0,,97.0,293770.874718,300044.04515,300044.044936,3061.6739279183676,0.0,293770.874718,29668.881360043215,87.9308815,64.67186012371134,66.85271969921851,0.32328586941796195,46,64,,False,False,Request timeout: 300.0s exceeded,142,21.16838264042747
242,2026-09-14T02:18:11.380+00:00,2026-09-14T02:23:04.844+00:00,2026-09-14T02:23:11.462+00:00,False,103,102.0,,102.0,293464.602322,300082.247634,300082.247802,2913.419881572816,0.0,293464.602322,28909.60864024703,89.62055319999999,64.87887560784314,66.11884969411643,0.33990681156322805,46,64,,False,False,Request timeout: 300.0s exceeded,512,21.16838264042747
243,2026-09-14T02:18:15.633+00:00,2026-09-14T02:23:09.331+00:00,2026-09-14T02:23:15.646+00:00,False,91,90.0,,90.0,293698.54497399996,300012.73633399996,300012.73625599995,3296.843255560439,0.06633,293698.54497399996,30780.624832580168,90.927238,70.15768177777778,19.692802458754937,0.2999872642066911,46,64,,False,False,Request timeout: 300.0s exceeded,233,21.16838264042747
244,2026-09-14T02:18:19.311+00:00,2026-09-14T02:23:13.247+00:00,2026-09-14T02:23:19.364+00:00,False,85,84.0,,84.0,293935.88192,300052.858304,300052.858229,3530.0336262235296,0.020489999999999998,293935.88192,31873.930003394053,89.75312120000001,72.82114742857144,19.424949733154172,0.27995067427384746,46,64,,False,False,Request timeout: 300.0s exceeded,380,21.16838264042747
245,2026-09-14T02:18:23.321+00:00,2026-09-14T02:23:16.903+00:00,2026-09-14T02:23:23.350+00:00,False,99,98.0,,98.0,293581.654235,300029.062363,300029.06243600004,3030.5965902626267,0.03329,293581.654235,29499.461936163978,89.94048190000001,65.78987885714285,21.32691784942173,0.32663502404787537,46,64,,False,False,Request timeout: 300.0s exceeded,449,21.16838264042747
246,2026-09-14T02:18:25.938+00:00,2026-09-14T02:23:19.450+00:00,2026-09-14T02:23:25.990+00:00,False,100,99.0,,99.0,293512.038456,300051.33496799995,300051.335103,3000.5133510299997,0.02053,293512.038456,29344.605305114896,89.1268449,66.05350012121212,20.093066263767085,0.32994354119623637,46,64,,False,False,Request timeout: 300.0s exceeded,522,21.16838264042747
247,2026-09-14T02:18:29.351+00:00,2026-09-14T02:23:22.691+00:00,2026-09-14T02:23:29.424+00:00,False,100,99.0,,99.0,293339.60632599995,300073.08779799996,300073.087692,3000.7308769199994,0.02183,293339.60632599995,29327.166462919973,90.07022635000001,68.01496436363637,20.835653580950634,0.32991962300412553,46,64,,False,False,Request timeout: 300.0s exceeded,535,21.16838264042747
248,2026-09-14T02:18:32.788+00:00,2026-09-14T02:23:26.237+00:00,2026-09-14T02:23:32.797+00:00,False,99,98.0,,98.0,293449.57292,300009.917752,300009.917971,3030.403211828283,0.019629,293449.57292,29486.071273330348,91.5117209,66.94229420408163,21.084726185213203,0.32665586769371624,46,64,,False,False,Request timeout: 300.0s exceeded,449,21.16838264042747
249,2026-09-14T02:18:36.447+00:00,2026-09-14T02:23:30.029+00:00,2026-09-14T02:23:36.477+00:00,False,97,96.0,,96.0,293581.87252499996,300030.177421,300030.177353,3093.0946118865972,0.039058999999999996,293581.87252499996,29801.910393432983,90.5632986,67.16984266666667,21.41703472417563,0.31996781398856944,46,64,,False,False,Request timeout: 300.0s exceeded,411,21.16838264042747
250,2026-09-14T02:18:39.303+00:00,2026-09-14T02:23:32.713+00:00,2026-09-14T02:23:39.346+00:00,False,99,98.0,,98.0,293409.220354,300042.903298,300042.903222,3030.7363961818182,0.02531,293409.220354,29481.94007534061,89.2585289,67.69064228571429,20.508879172662983,0.3266199564222562,46,64,,False,False,Request timeout: 300.0s exceeded,431,21.16838264042747
251,2026-09-14T02:18:43.155+00:00,2026-09-14T02:23:36.435+00:00,2026-09-14T02:23:43.223+00:00,False,101,100.0,,100.0,293280.110444,300067.806828,300067.806886,2970.968385009901,0.03126,293280.110444,29175.71398176197,89.17576100000001,67.87696384,19.25163547377296,0.33325800943824796,46,64,,False,False,Request timeout: 300.0s exceeded,523,21.16838264042747
252,2026-09-14T02:18:47.273+00:00,2026-09-14T02:23:40.958+00:00,2026-09-14T02:23:47.356+00:00,False,97,96.0,,96.0,293684.69850700005,300082.04301900003,300082.04298400006,3093.6293091134025,0.039729999999999994,293684.69850700005,29812.402999341484,87.3605758,66.63900533333333,18.896563874940753,0.31991251137250376,46,64,,False,False,Request timeout: 300.0s exceeded,401,21.16838264042747
253,2026-09-14T02:18:49.726+00:00,2026-09-14T02:23:43.469+00:00,2026-09-14T02:23:49.800+00:00,False,95,94.0,,94.0,293742.897919,300074.69183900004,300074.691844,3158.6809667789475,0.028079999999999997,293742.897919,30130.48062498038,87.08580070000002,67.35950978723403,19.32363478342943,0.3132553412749453,46,64,,False,False,Request timeout: 300.0s exceeded,403,21.16838264042747
254,2026-09-14T02:18:52.090+00:00,2026-09-14T02:23:45.828+00:00,2026-09-14T02:23:52.136+00:00,False,95,94.0,,94.0,293737.582225,300045.39124900004,300045.39133,3158.3725403157896,0.02536,293737.582225,30129.961839414904,87.40615,67.10435131914893,19.966042974173888,0.31328593186752796,46,64,,False,False,Request timeout: 300.0s exceeded,419,21.16838264042747
255,2026-09-14T02:18:55.772+00:00,2026-09-14T02:23:48.949+00:00,2026-09-14T02:23:55.841+00:00,False,99,98.0,,98.0,293177.131135,300069.06559899997,300069.065587,3031.000662494949,0.025160000000000002,293177.131135,29458.349228487623,90.99260199999999,70.32586187755102,20.277220116103297,0.3265914792128663,46,64,,False,False,Request timeout: 300.0s exceeded,284,21.16838264042747
256,2026-09-14T02:18:59.288+00:00,2026-09-14T02:23:51.832+00:00,2026-09-14T02:23:59.371+00:00,False,114,113.0,,113.0,292544.130819,300083.095043,300083.095216,2632.30785277193,0.03749,292544.130819,27393.0273467578,89.58736649999999,66.71649755752213,20.63153426807331,0.37656236511359564,46,64,,False,False,Request timeout: 300.0s exceeded,220,21.16838264042747
257,2026-09-14T02:19:01.260+00:00,2026-09-14T02:23:55.236+00:00,2026-09-14T02:24:01.354+00:00,False,91,90.0,,90.0,293976.094157,300094.23918100004,300094.239206,3297.7388923736266,0.02571,293976.094157,30810.012965851554,90.67527899999999,67.97938915555557,66.49375271267499,0.2999057904131143,46,64,,False,False,Request timeout: 300.0s exceeded,391,21.16838264042747
258,2026-09-14T02:19:05.041+00:00,2026-09-14T02:23:59.746+00:00,2026-09-14T02:24:05.085+00:00,False,86,85.0,,85.0,294704.558327,300043.966711,300043.966882,3488.8833358372094,0.0,294704.558327,31772.117102723074,93.46976775000002,62.81656922352941,72.16342773377879,0.2832918153020932,46,64,,False,False,Request timeout: 300.0s exceeded,391,21.16838264042747
259,2026-09-14T02:19:08.674+00:00,2026-09-14T02:24:02.523+00:00,2026-09-14T02:24:08.711+00:00,False,94,93.0,,93.0,293848.962594,300037.139746,300037.139815,3191.884466117021,0.02536,293848.962594,30301.34986383941,87.9887908,66.53953926881721,20.0656276860472,0.30996162701301,46,64,,False,False,Request timeout: 300.0s exceeded,471,21.16838264042747
260,2026-09-14T02:19:11.154+00:00,2026-09-14T02:24:04.824+00:00,2026-09-14T02:24:11.216+00:00,False,98,97.0,,97.0,293669.650149,300061.70595699997,300061.705849,3061.8541413163266,0.01933,293669.650149,29658.464169671435,86.15674570000002,65.89748255670104,19.562235310725256,0.32326684170055503,46,64,,False,False,Request timeout: 300.0s exceeded,457,21.16838264042747
261,2026-09-14T02:19:15.181+00:00,2026-09-14T02:24:09.133+00:00,2026-09-14T02:24:15.249+00:00,False,90,89.0,,89.0,293952.535801,300067.808505,300067.808557,3334.0867617444446,0.023850000000000003,293952.535801,30978.081248254624,87.72921494999999,68.71092925842696,19.570517491505704,0.29659962674242346,46,64,,False,False,Request timeout: 300.0s exceeded,432,21.16838264042747
262,2026-09-14T02:19:19.073+00:00,2026-09-14T02:24:13.041+00:00,2026-09-14T02:24:19.154+00:00,False,91,90.0,,90.0,293968.38945599995,300081.335888,300081.3358669999,3297.59709743956,0.02252,293968.38945599995,30809.146906229416,87.8368995,67.92162702222222,20.145428471286554,0.2999186861577786,46,64,,False,False,Request timeout: 300.0s exceeded,393,21.16838264042747
263,2026-09-14T02:19:22.454+00:00,2026-09-14T02:24:16.257+00:00,2026-09-14T02:24:22.497+00:00,False,91,90.0,,90.0,293803.102763,300043.189291,300043.189286,3297.1779042417584,0.02901,293803.102763,30791.671646126408,88.57225749999999,69.33429475555556,19.48134841857562,0.29995681692582116,46,64,,False,False,Request timeout: 300.0s exceeded,416,21.16838264042747
264,2026-09-14T02:19:25.530+00:00,2026-09-14T02:24:19.155+00:00,2026-09-14T02:24:25.560+00:00,False,95,94.0,,94.0,293625.180315,300030.177691,300030.17777,3158.2123975789473,0.03668,293625.180315,30118.323512979994,88.27474999999998,68.13826995744681,19.876627637461894,0.31330181758186426,46,64,,False,False,Request timeout: 300.0s exceeded,309,21.16838264042747
265,2026-09-14T02:19:29.333+00:00,2026-09-14T02:24:23.093+00:00,2026-09-14T02:24:29.389+00:00,False,97,96.0,,96.0,293759.86872100004,300055.86411300005,300055.86420600006,3093.359424804124,0.02916,293759.86872100004,29820.143395498857,89.6670968,65.58328533333334,20.17210176826068,0.31994042270690876,46,64,,False,False,Request timeout: 300.0s exceeded,456,21.16838264042747
266,2026-09-14T02:19:33.705+00:00,2026-09-14T02:24:27.850+00:00,2026-09-14T02:24:33.785+00:00,False,88,87.0,,87.0,294145.28996799997,300079.431152,300079.431277,3409.993537238636,0.03635,294145.28996799997,31348.728678253978,89.10051785,68.20851935632184,20.24834319976778,0.28992323687767746,46,64,,False,False,Request timeout: 300.0s exceeded,384,21.16838264042747
267,2026-09-14T02:19:36.986+00:00,2026-09-14T02:24:30.606+00:00,2026-09-14T02:24:37.051+00:00,False,95,94.0,,94.0,293620.252105,300065.042633,300065.04265400005,3158.579396357895,0.038299,293620.252105,30117.774277046705,88.620184,68.56160136170213,19.5997218631081,0.3132654146420128,46,64,,False,False,Request timeout: 300.0s exceeded,432,21.16838264042747
268,2026-09-14T02:19:40.457+00:00,2026-09-14T02:24:34.037+00:00,2026-09-14T02:24:40.494+00:00,False,95,94.0,,94.0,293579.332385,300036.424993,300036.425148,3158.278159452632,0.020120000000000002,293579.332385,30113.56264547093,88.90631730000001,68.69247455319149,19.707618757130884,0.3132952940703552,46,64,,False,False,Request timeout: 300.0s exceeded,449,21.16838264042747
269,2026-09-14T02:19:43.797+00:00,2026-09-14T02:24:37.365+00:00,2026-09-14T02:24:43.888+00:00,False,91,90.0,,90.0,293568.10719999997,300091.58137599996,300091.581403,3297.7096857472525,0.042309,293568.10719999997,30766.70763072753,91.05155299999998,72.4830464,19.934565685788826,0.29990844657262955,46,64,,False,False,Request timeout: 300.0s exceeded,469,21.16838264042747
270,2026-09-14T02:19:46.457+00:00,2026-09-14T02:24:40.364+00:00,2026-09-14T02:24:47.572+00:00,False,72,71.0,,71.0,293907.955903,301115.261887,301115.26202300005,4182.156416986111,0.02555,293907.955903,34626.35121441629,93.35201539999998,101.51135188732394,255.5399606274433,0.23579010759887783,46,64,,False,False,Request timeout: 300.0s exceeded,316,21.16838264042747
271,2026-09-14T02:19:49.058+00:00,2026-09-14T02:24:42.569+00:00,2026-09-14T02:24:49.082+00:00,False,109,108.0,,108.0,293510.879551,300023.844415,300023.84443600004,2752.5123342752295,0.01543,293510.879551,28108.266732625707,88.46225899999999,60.30523022222222,212.97389827786543,0.3599713889760438,46,64,,False,False,Request timeout: 300.0s exceeded,520,21.16838264042747
272,2026-09-14T02:19:51.816+00:00,2026-09-14T02:24:47.643+00:00,2026-09-14T02:24:51.831+00:00,False,64,63.0,,63.0,295827.85298900004,300015.862205,300015.86238500004,4687.747849765626,0.04174,295827.85298900004,36970.179496348836,95.15157115,66.47633676190476,23.60349192730733,0.2099888970435579,46,64,,False,False,Request timeout: 300.0s exceeded,225,21.16838264042747
273,2026-09-14T02:19:54.698+00:00,2026-09-14T02:24:48.871+00:00,2026-09-14T02:24:54.715+00:00,False,84,83.0,,83.0,294173.372432,300017.455376,300017.455411,3571.6363739404765,0.02197,294173.372432,32089.270332416356,90.64452084999999,70.41063787951808,20.413935792182027,0.2766505698676078,46,64,,False,False,Request timeout: 300.0s exceeded,355,21.16838264042747
274,2026-09-14T02:19:58.533+00:00,2026-09-14T02:24:52.244+00:00,2026-09-14T02:24:58.548+00:00,False,96,95.0,,95.0,293710.40822000004,300014.359836,300014.359768,3125.149580916667,0.0,293710.40822000004,29969.9983888671,87.3551275,66.35738543157895,68.71664645880446,0.31665150978750095,46,64,,False,False,Request timeout: 300.0s exceeded,330,21.16838264042747
275,2026-09-14T02:20:02.385+00:00,2026-09-14T02:24:55.844+00:00,2026-09-14T02:25:02.423+00:00,False,103,102.0,,102.0,293458.763845,300037.574213,300037.574163,2912.9861569223303,0.0,293458.763845,28909.071364339616,85.79943710000002,64.4981408627451,66.33481375980011,0.3399574212248132,46,64,,False,False,Request timeout: 300.0s exceeded,341,21.16838264042747
276,2026-09-14T02:20:05.213+00:00,2026-09-14T02:24:59.007+00:00,2026-09-14T02:25:05.254+00:00,False,95,94.0,,94.0,293793.62595,300041.460062,300041.459927,3158.331157126316,0.02586,293793.62595,30135.777255195982,89.1557891,66.46632034042553,19.952838738109648,0.31329003658553056,46,64,,False,False,Request timeout: 300.0s exceeded,396,21.16838264042747
277,2026-09-14T02:20:09.210+00:00,2026-09-14T02:25:03.371+00:00,2026-09-14T02:25:09.249+00:00,False,86,85.0,,85.0,294161.881945,300039.538265,300039.538083,3488.8318381744184,0.033409999999999995,294161.881945,31712.8410003072,88.14137825,69.14889788235295,19.65072880713267,0.28329599655938204,46,64,,False,False,Request timeout: 300.0s exceeded,300,21.16838264042747
278,2026-09-14T02:20:11.628+00:00,2026-09-14T02:25:05.341+00:00,2026-09-14T02:25:11.634+00:00,False,92,91.0,,91.0,293712.99610600004,300006.43303400005,300006.43315600004,3260.9394908260874,0.0402,293712.99610600004,30614.492767081527,89.4916395,69.15864756043956,19.924929041695876,0.3033268289606539,46,64,,False,False,Request timeout: 300.0s exceeded,341,21.16838264042747
279,2026-09-14T02:20:14.925+00:00,2026-09-14T02:25:08.842+00:00,2026-09-14T02:25:14.994+00:00,False,90,89.0,,89.0,293917.756055,300069.25045500003,300069.250696,3334.102785511111,0.02291,293917.756055,30974.372481804283,90.46781095,69.11791460674158,19.951290438938816,0.2965982014653211,46,64,,False,False,Request timeout: 300.0s exceeded,440,21.16838264042747
280,2026-09-14T02:20:17.589+00:00,2026-09-14T02:25:11.505+00:00,2026-09-14T02:25:17.687+00:00,False,90,89.0,,89.0,293915.416652,300097.262924,300097.263068,3334.414034088889,0.02307,293915.416652,30974.09044273988,90.41182545,69.4589468764045,20.726722404155275,0.29657051561493036,46,64,,False,False,Request timeout: 300.0s exceeded,119,21.16838264042747
281,2026-09-14T02:20:20.320+00:00,2026-09-14T02:25:14.338+00:00,2026-09-14T02:25:20.363+00:00,False,88,87.0,,87.0,294018.31693699997,300043.29280899995,300043.292623,3409.582870715909,0.031239999999999997,294018.31693699997,31335.0822535313,89.8642929,69.25259622988506,20.623152863897154,0.28995815632306776,46,64,,False,False,Request timeout: 300.0s exceeded,340,21.16838264042747
282,2026-09-14T02:20:23.583+00:00,2026-09-14T02:25:17.374+00:00,2026-09-14T02:25:23.601+00:00,False,95,94.0,,94.0,293791.11042000004,300018.291732,300018.291848,3158.087282610527,0.02549,293791.11042000004,30135.54206253056,88.25506569999999,66.24660970212766,20.485611804527462,0.3133142298002557,46,64,,False,False,Request timeout: 300.0s exceeded,472,21.16838264042747
283,2026-09-14T02:20:26.645+00:00,2026-09-14T02:25:20.361+00:00,2026-09-14T02:25:26.677+00:00,False,96,95.0,,95.0,293715.86994,300031.992052,300031.992122,3125.3332512708334,0.04647,293715.86994,29970.47170218642,87.9253945,66.48549591578947,20.450039937021717,0.31663290087923385,46,64,,False,False,Request timeout: 300.0s exceeded,447,21.16838264042747
284,2026-09-14T02:20:29.375+00:00,2026-09-14T02:25:23.794+00:00,2026-09-14T02:25:29.451+00:00,False,81,80.0,,80.0,294418.699657,300076.242057,300076.24207100004,3704.6449638395065,0.03721,294418.699657,32705.337179378566,90.35687,70.71928,19.979481638861863,0.2665989131682203,46,64,,False,False,Request timeout: 300.0s exceeded,350,21.16838264042747
285,2026-09-14T02:20:33.385+00:00,2026-09-14T02:25:26.982+00:00,2026-09-14T02:25:33.399+00:00,False,90,89.0,,89.0,293596.68245599995,300013.999064,300013.99901599996,3333.488877955555,0.02318,293596.68245599995,30940.213884280947,91.17031395,72.10468098876404,20.503465748739703,0.29665282379377983,46,64,,False,False,Request timeout: 300.0s exceeded,422,21.16838264042747
286,2026-09-14T02:20:36.113+00:00,2026-09-14T02:25:29.849+00:00,2026-09-14T02:25:36.167+00:00,False,90,89.0,,89.0,293735.97910500003,300054.08316900005,300054.083072,3333.934256355556,0.023529,293735.97910500003,30955.01425087159,90.37585845000001,70.98993330337079,20.054143350787246,0.29661319406165976,46,64,,False,False,Request timeout: 300.0s exceeded,329,21.16838264042747
287,2026-09-14T02:20:39.003+00:00,2026-09-14T02:25:32.807+00:00,2026-09-14T02:25:39.049+00:00,False,90,89.0,,89.0,293803.16094599996,300045.63825799996,300045.63820199994,3333.8404244666663,0.03462,293803.16094599996,30962.185066041293,88.86254600000001,70.14019451685392,19.51371108895194,0.29662154236507066,46,64,,False,False,Request timeout: 300.0s exceeded,360,21.16838264042747
288,2026-09-14T02:20:42.366+00:00,2026-09-14T02:25:35.858+00:00,2026-09-14T02:25:42.414+00:00,False,96,95.0,,95.0,293491.485906,300047.554514,300047.5545,3125.495359375,0.03661,293491.485906,29947.312238843126,88.76808375,69.01124850526317,19.564091509128943,0.3166164781908508,46,64,,False,False,Request timeout: 300.0s exceeded,185,21.16838264042747
289,2026-09-14T02:20:45.700+00:00,2026-09-14T02:25:39.336+00:00,2026-09-14T02:25:45.765+00:00,False,97,96.0,,96.0,293636.282912,300064.67894400004,300064.67892800004,3093.4502982268045,0.02392,293636.282912,29807.455620892983,89.5022546,66.96245866666666,20.896681265741996,0.3199310239973833,46,64,,False,False,Request timeout: 300.0s exceeded,393,21.16838264042747
290,2026-09-14T02:20:48.842+00:00,2026-09-14T02:25:42.636+00:00,2026-09-14T02:25:48.902+00:00,False,93,92.0,,92.0,293793.844411,300060.058811,300060.05882200005,3226.4522453978498,0.020370000000000003,293793.844411,30457.946805316627,88.5983706,68.11102608695651,20.91563695867834,0.30660528550368776,46,64,,False,False,Request timeout: 300.0s exceeded,227,21.16838264042747
291,2026-09-14T02:20:52.537+00:00,2026-09-14T02:25:46.351+00:00,2026-09-14T02:25:52.543+00:00,False,95,94.0,,94.0,293813.888704,300006.20537599997,300006.205537,3157.9600582842104,0.0,293813.888704,30137.990414612177,87.9375594,65.87570927659574,69.89402599004495,0.31332685229690205,46,64,,False,False,Request timeout: 300.0s exceeded,394,21.16838264042747
292,2026-09-14T02:20:56.586+00:00,2026-09-14T02:25:50.465+00:00,2026-09-14T02:25:56.676+00:00,False,99,98.0,,98.0,293879.194361,300089.408249,300089.408342,3031.206144868687,0.0,293879.194361,29529.679929041038,90.397615,63.36952946938776,68.42256494821066,0.3265693400237713,46,64,,False,False,Request timeout: 300.0s exceeded,418,21.16838264042747
293,2026-09-14T02:20:59.219+00:00,2026-09-14T02:25:52.782+00:00,2026-09-14T02:25:59.253+00:00,False,98,97.0,,97.0,293563.015538,300034.104434,300034.10449,3061.572494795918,0.03686,293563.015538,29647.61123651643,89.3686297,66.71225665979382,21.168041012818914,0.32329658051035853,46,64,,False,False,Request timeout: 300.0s exceeded,496,21.16838264042747
294,2026-09-14T02:21:02.322+00:00,2026-09-14T02:25:56.116+00:00,2026-09-14T02:26:02.359+00:00,False,91,90.0,,90.0,293794.558441,300036.876777,300036.876717,3297.1085353516482,0.022350000000000002,293794.558441,30790.773815812037,89.140792,69.35909262222222,20.199006042295665,0.29996312775543177,46,64,,False,False,Request timeout: 300.0s exceeded,400,21.16838264042747
295,2026-09-14T02:21:05.102+00:00,2026-09-14T02:25:58.952+00:00,2026-09-14T02:26:05.140+00:00,False,89,88.0,,88.0,293850.51743400004,300038.33900200005,300038.33891600004,3371.2172911910116,0.03468,293850.51743400004,31140.64548903175,90.37767760000001,70.31615418181819,20.133404735298647,0.2932958510992603,46,64,,False,False,Request timeout: 300.0s exceeded,412,21.16838264042747
296,2026-09-14T02:21:08.915+00:00,2026-09-14T02:26:02.670+00:00,2026-09-14T02:26:08.993+00:00,False,97,96.0,,96.0,293755.24538700003,300078.253899,300078.25394300005,3093.590246835052,0.03968,293755.24538700003,29819.645819935566,89.47202379999999,65.864672,20.794661110587608,0.31991655094178056,46,64,,False,False,Request timeout: 300.0s exceeded,456,21.16838264042747
297,2026-09-14T02:21:11.661+00:00,2026-09-14T02:26:05.626+00:00,2026-09-14T02:26:11.671+00:00,False,91,90.0,,90.0,293964.421018,300010.18332199997,300010.183228,3296.815200307692,0.02607,293964.421018,30808.80929584068,88.61276249999999,67.17513671111111,20.362847745504023,0.2999898170236551,46,64,,False,False,Request timeout: 300.0s exceeded,392,21.16838264042747
298,2026-09-14T02:21:14.802+00:00,2026-09-14T02:26:08.862+00:00,2026-09-14T02:26:14.829+00:00,False,86,85.0,,85.0,294059.638258,300027.05253000004,300027.05232400005,3488.6866549302326,0.01728,294059.638258,31701.70210875929,89.50493825,70.20487378823529,19.96723178881118,0.2833077860253977,46,64,,False,False,Request timeout: 300.0s exceeded,411,21.16838264042747
299,2026-09-14T02:21:17.451+00:00,2026-09-14T02:26:10.928+00:00,2026-09-14T02:26:17.530+00:00,False,94,93.0,,93.0,293477.431148,300078.852204,300078.852355,3192.328216542553,0.027719999999999998,293477.431148,30262.570733829834,90.92089700000001,70.98302210752688,19.625730910750033,0.30991854079999154,46,64,,False,False,Request timeout: 300.0s exceeded,489,21.16838264042747
300,2026-09-14T02:21:20.225+00:00,2026-09-14T02:26:13.870+00:00,2026-09-14T02:26:20.243+00:00,False,97,96.0,,96.0,293645.232535,300017.426583,300017.426786,3092.963162742268,0.06131,293645.232535,29808.423340297937,89.456067,66.37702133333333,20.28396753513014,0.31998141272450903,46,64,,False,False,Request timeout: 300.0s exceeded,398,21.16838264042747
301,2026-09-14T02:21:24.224+00:00,2026-09-14T02:26:17.794+00:00,2026-09-14T02:26:24.292+00:00,False,98,97.0,,97.0,293570.69953399996,300067.96980599995,300067.96986099996,3061.918059806122,0.02748,293570.69953399996,29648.359722709145,89.44150235000001,66.98216775257733,20.522325214237767,0.323260093580506,46,64,,False,False,Request timeout: 300.0s exceeded,461,21.16838264042747
302,2026-09-14T02:21:28.488+00:00,2026-09-14T02:26:22.287+00:00,2026-09-14T02:26:28.526+00:00,False,92,91.0,,91.0,293799.140983,300037.805431,300037.805326,3261.280492673913,0.03163,293799.140983,30623.537489018516,89.882374,68.55675217582419,21.054354592807503,0.3032951126584858,46,64,,False,False,Request timeout: 300.0s exceeded,435,21.16838264042747
303,2026-09-14T02:21:32.092+00:00,2026-09-14T02:26:25.887+00:00,2026-09-14T02:26:32.171+00:00,False,94,93.0,,93.0,293795.49209200003,300079.13138800004,300079.13135000004,3192.3311845744684,0.029589999999999998,293795.49209200003,30295.72933394616,87.97049665,67.56601393548387,20.671135420846323,0.3099182524617205,46,64,,False,False,Request timeout: 300.0s exceeded,395,21.16838264042747
304,2026-09-14T02:21:34.840+00:00,2026-09-14T02:26:28.521+00:00,2026-09-14T02:26:34.867+00:00,False,94,93.0,,93.0,293680.75860500004,300026.98938900005,300026.98934100004,3191.7764823510643,0.04119,293680.75860500004,30283.825571468005,88.23824629999999,68.23904068817204,19.928864776065048,0.309972113473501,46,64,,False,False,Request timeout: 300.0s exceeded,434,21.16838264042747
305,2026-09-14T02:21:39.017+00:00,2026-09-14T02:26:32.689+00:00,2026-09-14T02:26:39.112+00:00,False,97,96.0,,96.0,293671.888975,300095.105103,300095.105169,3093.763970814433,0.0448,293671.888975,29811.075558893936,88.62630899999998,66.90850133333333,19.728732009782565,0.31989858670653903,46,64,,False,False,Request timeout: 300.0s exceeded,229,21.16838264042747
306,2026-09-14T02:21:42.534+00:00,2026-09-14T02:26:36.173+00:00,2026-09-14T02:26:42.552+00:00,False,96,95.0,,95.0,293638.739657,300018.441417,300018.441243,3125.19209628125,0.029920000000000002,293638.739657,29962.531232321846,89.699043,67.15475536842105,20.317216846403348,0.3166472019230248,46,64,,False,False,Request timeout: 300.0s exceeded,325,21.16838264042747
307,2026-09-14T02:21:46.307+00:00,2026-09-14T02:26:37.808+00:00,2026-09-14T02:26:46.457+00:00,False,124,123.0,,123.0,291501.110003,300150.070515,300150.070327,2420.565083282258,0.02852,291501.110003,26171.313285678374,88.59854165,70.3167521300813,54.101386541870944,0.40979500617459647,46,64,,False,False,Request timeout: 300.0s exceeded,601,21.16838264042747
308,2026-09-14T02:21:48.600+00:00,2026-09-14T02:26:42.459+00:00,2026-09-14T02:26:48.635+00:00,False,101,100.0,,100.0,293859.750554,300035.28309800004,300035.282971,2970.646366049505,0.0,293859.750554,29234.062706633118,89.88527,61.75532544,64.08557627010302,0.3332941345012985,46,64,,False,False,Request timeout: 300.0s exceeded,414,21.16838264042747
309,2026-09-14T02:21:51.759+00:00,2026-09-14T02:26:47.029+00:00,2026-09-14T02:26:51.770+00:00,False,74,73.0,,73.0,295269.525157,300010.655653,300010.655584,4054.198048432432,0.02364,295269.525157,34316.84185869561,90.89057105,64.9469930958904,21.593489956967897,0.24332469072176444,46,64,,False,False,Request timeout: 300.0s exceeded,330,21.16838264042747
310,2026-09-14T02:21:54.558+00:00,2026-09-14T02:26:48.419+00:00,2026-09-14T02:26:54.578+00:00,False,92,91.0,,91.0,293861.89856199996,300020.54867399996,300020.54862499994,3261.092919836956,0.03638,293861.89856199996,30630.171312192702,88.49140905,67.67747375824176,19.879759229284804,0.3033125577637681,46,64,,False,False,Request timeout: 300.0s exceeded,450,21.16838264042747
311,2026-09-14T02:21:57.530+00:00,2026-09-14T02:26:51.252+00:00,2026-09-14T02:26:57.580+00:00,False,94,93.0,,93.0,293721.75404900004,300049.94272100006,300049.942883,3192.0206689680854,0.0384,293721.75404900004,30288.07407568976,89.142693,68.04503948387097,20.140503591468956,0.3099484011115963,46,64,,False,False,Request timeout: 300.0s exceeded,388,21.16838264042747
312,2026-09-14T02:22:01.661+00:00,2026-09-14T02:26:55.338+00:00,2026-09-14T02:27:01.744+00:00,False,93,92.0,,92.0,293677.017686,300083.398742,300083.398635,3226.703211129032,0.03538,293677.017686,30445.67390766166,90.7725826,69.63457669565217,20.091852589013474,0.30658143831241397,46,64,,False,False,Request timeout: 300.0s exceeded,449,21.16838264042747
313,2026-09-14T02:22:04.284+00:00,2026-09-14T02:26:58.181+00:00,2026-09-14T02:27:04.331+00:00,False,87,86.0,,86.0,293896.965722,300047.552346,300047.552361,3448.8224409310346,0.01952,293896.965722,31501.400448732766,90.55064060000001,71.51844911627907,19.46061930995624,0.28662123495954756,46,64,,False,False,Request timeout: 300.0s exceeded,375,21.16838264042747
314,2026-09-14T02:22:07.603+00:00,2026-09-14T02:27:01.569+00:00,2026-09-14T02:27:07.649+00:00,False,89,88.0,,88.0,293966.018967,300046.036631,300046.036665,3371.303782752809,0.03014,293966.018967,31153.018344068416,88.419143,69.0911098181818,19.921452483965968,0.2932883266450988,46,64,,False,False,Request timeout: 300.0s exceeded,365,21.16838264042747
315,2026-09-14T02:22:10.349+00:00,2026-09-14T02:27:04.331+00:00,2026-09-14T02:27:10.417+00:00,False,93,92.0,,92.0,293981.748454,300068.05143,300068.05144899996,3226.5381876236556,0.03921,293981.748454,30477.63379787159,86.69544460000002,66.15546713043479,20.125146106771595,0.306597118758782,46,64,,False,False,Request timeout: 300.0s exceeded,446,21.16838264042747
316,2026-09-14T02:22:13.724+00:00,2026-09-14T02:27:07.520+00:00,2026-09-14T02:27:13.781+00:00,False,96,95.0,,95.0,293795.97897899995,300057.79657899996,300057.7967729999,3125.6020497187496,0.037469999999999996,293795.97897899995,29978.706312559967,90.55416375,65.91386947368422,20.709847035087815,0.3166056709177632,46,64,,False,False,Request timeout: 300.0s exceeded,450,21.16838264042747
317,2026-09-14T02:22:17.200+00:00,2026-09-14T02:27:11.357+00:00,2026-09-14T02:27:17.205+00:00,False,90,89.0,,89.0,294157.52859500004,300005.58568300004,300005.58569300006,3333.3953965888895,0.028859000000000003,294157.52859500004,31000.006661344163,89.44104145000001,65.70850660674157,20.807381150844254,0.29666114314965314,46,64,,False,False,Request timeout: 300.0s exceeded,305,21.16838264042747
318,2026-09-14T02:22:20.516+00:00,2026-09-14T02:27:14.290+00:00,2026-09-14T02:27:20.548+00:00,False,96,95.0,,95.0,293774.559666,300032.511666,300032.51170900004,3125.3386636354167,0.038509999999999996,293774.559666,29976.524215471032,88.39198350000001,65.87317894736842,20.48735622164809,0.3166323525157007,46,64,,False,False,Request timeout: 300.0s exceeded,397,21.16838264042747
319,2026-09-14T02:22:23.402+00:00,2026-09-14T02:27:16.979+00:00,2026-09-14T02:27:23.452+00:00,False,94,93.0,,93.0,293577.545005,300049.63844500005,300049.63830500003,3192.017428776596,0.04119,293577.545005,30273.040282626233,89.79232449999999,69.59240258064516,19.878712494862434,0.30994871542578833,46,64,,False,False,Request timeout: 300.0s exceeded,505,21.16838264042747
320,2026-09-14T02:22:26.926+00:00,2026-09-14T02:27:21.003+00:00,2026-09-14T02:27:26.941+00:00,False,84,83.0,,83.0,294077.06714999996,300014.85428599996,300014.85419999994,3571.6054071428566,0.022359999999999998,294077.06714999996,32078.63877988107,89.2928778,71.53960404819277,19.424820931937298,0.27665296839228254,46,64,,False,False,Request timeout: 300.0s exceeded,327,21.16838264042747
321,2026-09-14T02:22:29.495+00:00,2026-09-14T02:27:23.325+00:00,2026-09-14T02:27:29.516+00:00,False,90,89.0,,89.0,293829.955233,300021.082785,300021.082817,3333.5675868555554,0.036239,293829.955233,30965.0700694308,88.52686125,69.56323092134832,19.224158263022254,0.2966458195998808,46,64,,False,False,Request timeout: 300.0s exceeded,288,21.16838264042747
322,2026-09-14T02:22:32.911+00:00,2026-09-14T02:27:26.300+00:00,2026-09-14T02:27:32.923+00:00,False,102,101.0,,101.0,293389.26758499997,300012.47270499996,300012.47263699997,2941.2987513431367,0.03929,293389.26758499997,29043.37934512441,87.45180845,65.57628831683168,18.951010948697327,0.3366526701018613,46,64,,False,False,Request timeout: 300.0s exceeded,333,21.16838264042747
323,2026-09-14T02:22:36.577+00:00,2026-09-14T02:27:30.355+00:00,2026-09-14T02:27:36.609+00:00,False,97,96.0,,96.0,293777.538767,300032.142799,300032.142967,3093.114875948454,0.0346,293777.538767,29821.981121723667,87.66924480000002,65.15212533333333,19.913053514978067,0.3199657180207958,46,64,,False,False,Request timeout: 300.0s exceeded,471,21.16838264042747
324,2026-09-14T02:22:40.164+00:00,2026-09-14T02:27:34.268+00:00,2026-09-14T02:27:40.242+00:00,False,86,85.0,,85.0,294104.365579,300078.18650699995,300078.186552,3489.2812389767437,0.036,294104.365579,31706.516997027094,89.12172875,70.2802462117647,19.880417757645866,0.28325950976119085,46,64,,False,False,Request timeout: 300.0s exceeded,401,21.16838264042747
325,2026-09-14T02:22:43.554+00:00,2026-09-14T02:27:37.388+00:00,2026-09-14T02:27:43.602+00:00,False,95,94.0,,94.0,293834.799358,300047.96083,300047.960966,3158.3995891157892,0.0,293834.799358,30140.112768025632,90.32681070000001,66.0974624680851,69.77302827652552,0.31328324891785597,46,64,,False,False,Request timeout: 300.0s exceeded,450,21.16838264042747
326,2026-09-14T02:22:47.442+00:00,2026-09-14T02:27:41.346+00:00,2026-09-14T02:27:47.502+00:00,False,97,96.0,,96.0,293903.894855,300060.22074300004,300060.22061300004,3093.4043362164953,0.0,293903.894855,29834.98625941491,91.94023999999999,64.12839466666667,68.69234761187833,0.319935777432569,46,64,,False,False,Request timeout: 300.0s exceeded,411,21.16838264042747
327,2026-09-14T02:22:50.218+00:00,2026-09-14T02:27:43.937+00:00,2026-09-14T02:27:50.264+00:00,False,94,93.0,,93.0,293719.24651599996,300046.11192399997,300046.11195399996,3191.979914404255,0.02434,293719.24651599996,30287.817138546052,88.5261745,68.03081083870968,20.483231677291844,0.3099523583346962,46,64,,False,False,Request timeout: 300.0s exceeded,392,21.16838264042747
328,2026-09-14T02:22:53.416+00:00,2026-09-14T02:27:47.370+00:00,2026-09-14T02:27:53.424+00:00,False,89,88.0,,88.0,293954.34153,300008.33116199996,300008.331145,3370.880125224719,0.04178,293954.34153,31151.812031274,88.81688079999999,68.79533672727274,20.142998931751315,0.29332518753447995,46,64,,False,False,Request timeout: 300.0s exceeded,411,21.16838264042747
329,2026-09-14T02:22:57.010+00:00,2026-09-14T02:27:50.602+00:00,2026-09-14T02:27:57.060+00:00,False,95,94.0,,94.0,293592.869614,300050.697454,300050.69753600005,3158.42839511579,0.03008,293592.869614,30114.951541465314,90.44722600000001,68.70029617021277,20.91885228496516,0.3132803916058582,46,64,,False,False,Request timeout: 300.0s exceeded,458,21.16838264042747
330,2026-09-14T02:23:01.204+00:00,2026-09-14T02:27:54.651+00:00,2026-09-14T02:28:01.268+00:00,False,101,100.0,,100.0,293447.586093,300064.63569300005,300064.635749,2970.9369876138617,0.039060000000000004,293447.586093,29192.54892306599,89.096341,66.170496,20.2884026097331,0.33326153136656617,46,64,,False,False,Request timeout: 300.0s exceeded,460,21.16838264042747
331,2026-09-14T02:23:04.582+00:00,2026-09-14T02:27:58.041+00:00,2026-09-14T02:28:04.608+00:00,False,98,97.0,,97.0,293459.29889,300026.220874,300026.220942,3061.492050428571,0.04839,293459.29889,29637.034137246214,89.16371449999998,67.70022663917526,20.683895089628443,0.32330507552783677,46,64,,False,False,Request timeout: 300.0s exceeded,415,21.16838264042747
332,2026-09-14T02:23:07.200+00:00,2026-09-14T02:28:00.501+00:00,2026-09-14T02:28:07.226+00:00,False,102,101.0,,101.0,293300.946125,300026.394829,300026.394692,2941.4352420784317,0.04339,293300.946125,29034.534924734173,88.43551350000001,66.58860102970297,20.352576846965498,0.3366370484089073,46,64,,False,False,Request timeout: 300.0s exceeded,380,21.16838264042747
333,2026-09-14T02:23:11.252+00:00,2026-09-14T02:28:04.896+00:00,2026-09-14T02:28:11.315+00:00,False,95,94.0,,94.0,293644.300813,300062.990605,300062.990527,3158.5577950210527,0.047240000000000004,293644.300813,30120.27097740408,90.8829847,68.28393395744682,20.903554524014485,0.3132675569568681,46,64,,False,False,Request timeout: 300.0s exceeded,363,21.16838264042747
334,2026-09-14T02:23:14.600+00:00,2026-09-14T02:28:08.581+00:00,2026-09-14T02:28:14.741+00:00,False,53,52.0,,52.0,293981.779492,300141.502244,300141.502243,5663.047212132075,0.03264,293981.779492,40366.91249556476,90.5856826,118.45620676923077,371.9486837138929,0.1732516150256575,46,64,,False,False,Request timeout: 300.0s exceeded,203,21.16838264042747
335,2026-09-14T02:23:17.173+00:00,2026-09-14T02:28:10.728+00:00,2026-09-14T02:28:17.215+00:00,False,108,107.0,,107.0,293555.045144,300041.670168,300041.670316,2778.163614037037,0.01579,293555.045144,28242.72626090413,92.1107017,60.622663775700936,262.90926949597934,0.35661713234727804,46,64,,False,False,Request timeout: 300.0s exceeded,534,21.16838264042747
336,2026-09-14T02:23:20.021+00:00,2026-09-14T02:28:14.912+00:00,2026-09-14T02:28:20.073+00:00,False,79,78.0,,78.0,294890.334935,300051.362775,300051.36279,3798.118516329114,0.0192,294890.334935,33170.31723485528,88.7259339,66.1670235897436,21.397558270424593,0.2599554932149733,46,64,,False,False,Request timeout: 300.0s exceeded,311,21.16838264042747
337,2026-09-14T02:23:23.805+00:00,2026-09-14T02:28:17.377+00:00,2026-09-14T02:28:23.870+00:00,False,93,92.0,,92.0,293572.36064200004,300065.23206600006,300065.23195600003,3226.507870494624,0.03716,293572.36064200004,30434.723567545774,89.92188559999998,70.57468939130435,19.426269989223876,0.30659999949532435,46,64,,False,False,Request timeout: 300.0s exceeded,181,21.16838264042747
338,2026-09-14T02:23:27.796+00:00,2026-09-14T02:28:21.580+00:00,2026-09-14T02:28:27.810+00:00,False,90,89.0,,89.0,293783.402112,300013.350784,300013.35073099995,3333.4816747888885,0.04158,293783.402112,30960.117374899786,90.26953245,69.99942328089887,19.885417989515602,0.29665346481222815,46,64,,False,False,Request timeout: 300.0s exceeded,429,21.16838264042747
339,2026-09-14T02:23:31.891+00:00,2026-09-14T02:28:25.343+00:00,2026-09-14T02:28:31.913+00:00,False,100,99.0,,99.0,293452.440397,300022.358861,300022.358798,3000.22358798,0.056060000000000006,293452.440397,29338.615202200377,89.40030399999999,66.36281276767677,21.00555811046012,0.32997540708579853,46,64,,False,False,Request timeout: 300.0s exceeded,453,21.16838264042747
340,2026-09-14T02:23:35.357+00:00,2026-09-14T02:28:28.963+00:00,2026-09-14T02:28:35.383+00:00,False,93,92.0,,92.0,293605.64360799995,300025.27394399996,300025.27406599995,3226.0782157634403,0.0251,293605.64360799995,30438.25787005098,88.21390600000001,69.77859060869565,20.155623954902374,0.3066408332558407,46,64,,False,False,Request timeout: 300.0s exceeded,380,21.16838264042747
341,2026-09-14T02:23:37.852+00:00,2026-09-14T02:28:31.737+00:00,2026-09-14T02:28:37.897+00:00,False,90,89.0,,89.0,293884.44008200004,300044.758802,300044.758978,3333.8306553111115,0.0,293884.44008200004,30970.918444329414,89.56950400000001,69.21706426966291,68.35240525571002,0.2966224117873401,46,64,,False,False,Request timeout: 300.0s exceeded,425,21.16838264042747
342,2026-09-14T02:23:41.388+00:00,2026-09-14T02:28:35.131+00:00,2026-09-14T02:28:41.424+00:00,False,96,95.0,,95.0,293742.602806,300035.58047,300035.58048199996,3125.3706300208332,0.0,293742.602806,29973.28970275374,87.606155,66.24187014736842,65.8747978220222,0.316629113957699,46,64,,False,False,Request timeout: 300.0s exceeded,485,21.16838264042747
343,2026-09-14T02:23:44.804+00:00,2026-09-14T02:28:38.916+00:00,2026-09-14T02:28:44.821+00:00,False,85,84.0,,84.0,294111.782842,300017.12556200003,300017.125615,3529.6132425294118,0.018659,294111.782842,31893.282536613435,88.48827320000001,70.30169904761904,19.640777807033935,0.279984017054523,46,64,,False,False,Request timeout: 300.0s exceeded,380,21.16838264042747
344,2026-09-14T02:23:47.491+00:00,2026-09-14T02:28:41.339+00:00,2026-09-14T02:28:47.562+00:00,False,93,92.0,,92.0,293847.93726200005,300070.46475000004,300070.464717,3226.564136741936,0.03148,293847.93726200005,30463.604435743113,88.4850892,67.6361683478261,19.739752078875267,0.30659465294809557,46,64,,False,False,Request timeout: 300.0s exceeded,482,21.16838264042747
345,2026-09-14T02:23:50.297+00:00,2026-09-14T02:28:44.070+00:00,2026-09-14T02:28:50.366+00:00,False,94,93.0,,93.0,293773.006704,300069.214064,300069.214072,3192.225681617021,0.020739,293773.006704,30293.3956310019,88.57652349999998,67.70115440860215,19.80245410185446,0.30992849529763683,46,64,,False,False,Request timeout: 300.0s exceeded,420,21.16838264042747
346,2026-09-14T02:23:53.157+00:00,2026-09-14T02:28:46.882+00:00,2026-09-14T02:28:53.250+00:00,False,95,94.0,,94.0,293725.358829,300092.692461,300092.69235699996,3158.870445863158,0.020210000000000002,293725.358829,30128.64287350201,88.2899934,67.73759182978723,20.112944485858574,0.31323655111067467,46,64,,False,False,Request timeout: 300.0s exceeded,403,21.16838264042747
347,2026-09-14T02:23:57.412+00:00,2026-09-14T02:28:51.304+00:00,2026-09-14T02:28:57.442+00:00,False,93,92.0,,92.0,293891.81941299996,300029.73045299994,300029.73044599994,3226.1261338279564,0.02489,293891.81941299996,30468.251279315795,91.0156042,66.71642434782609,21.393916532796663,0.3066362785484418,46,64,,False,False,Request timeout: 300.0s exceeded,426,21.16838264042747
348,2026-09-14T02:23:59.804+00:00,2026-09-14T02:28:53.730+00:00,2026-09-14T02:28:59.834+00:00,False,91,90.0,,90.0,293926.093412,300030.00074,300030.000747,3297.0329752417583,0.03377,293926.093412,30804.724540868137,90.3133295,67.82119253333333,21.54346724047088,0.29997000225984805,46,64,,False,False,Request timeout: 300.0s exceeded,436,21.16838264042747
349,2026-09-14T02:24:03.910+00:00,2026-09-14T02:28:57.609+00:00,2026-09-14T02:29:03.949+00:00,False,94,93.0,,93.0,293699.360955,300039.102907,300039.102992,3191.905350978723,0.03425,293699.360955,30285.752395153042,94.61084215,68.16926830107526,21.32676627000054,0.30995959892876446,46,64,,False,False,Request timeout: 300.0s exceeded,438,21.16838264042747
350,2026-09-14T02:24:07.107+00:00,2026-09-14T02:29:00.589+00:00,2026-09-14T02:29:07.160+00:00,False,95,94.0,,94.0,293481.171607,300052.876951,300052.877104,3158.4513379368423,0.01821,293481.171607,30103.36702470423,91.05067199999999,69.91175897872341,20.548631762421728,0.31327811602803135,46,64,,False,False,Request timeout: 300.0s exceeded,350,21.16838264042747
351,2026-09-14T02:24:10.925+00:00,2026-09-14T02:29:05.052+00:00,2026-09-14T02:29:10.937+00:00,False,88,87.0,,87.0,294126.98094800004,300012.16085200006,300012.16071500006,3409.229099034091,0.05737,294126.98094800004,31346.837271362216,90.12423419999999,67.64574602298852,20.78719390312988,0.28998824498623654,46,64,,False,False,Request timeout: 300.0s exceeded,355,21.16838264042747
352,2026-09-14T02:24:14.677+00:00,2026-09-14T02:29:08.764+00:00,2026-09-14T02:29:14.699+00:00,False,90,89.0,,89.0,294086.75821600005,300021.96461600007,300021.96467700007,3333.5773853000005,0.06155,294086.75821600005,30992.443277984356,87.87475549999999,66.68771235955056,20.32779637300524,0.29664494769211863,46,64,,False,False,Request timeout: 300.0s exceeded,195,21.16838264042747
353,2026-09-14T02:24:18.902+00:00,2026-09-14T02:29:12.376+00:00,2026-09-14T02:29:18.921+00:00,False,102,101.0,,101.0,293474.55840100005,300019.511233,300019.511194,2941.367756803922,0.02828,293474.55840100005,29051.901925257913,87.02295405,64.80151318811882,20.1787399824571,0.3366447721513744,46,64,,False,False,Request timeout: 300.0s exceeded,641,21.16838264042747
354,2026-09-14T02:24:21.662+00:00,2026-09-14T02:29:15.504+00:00,2026-09-14T02:29:21.747+00:00,False,94,93.0,,93.0,293841.224399,300084.196303,300084.19627,3192.3850667021275,0.02605,293841.224399,30300.491392654036,89.52639645,67.12873015053763,20.715730676317516,0.3099130215644424,46,64,,False,False,Request timeout: 300.0s exceeded,162,21.16838264042747
355,2026-09-14T02:24:25.469+00:00,2026-09-14T02:29:19.313+00:00,2026-09-14T02:29:25.496+00:00,False,88,87.0,,87.0,293844.111005,300027.401885,300027.401872,3409.402294,0.01946,293844.111005,31316.317574333796,91.27398140000001,71.07230896551724,20.17865136241161,0.2899735139303941,46,64,,False,False,Request timeout: 300.0s exceeded,359,21.16838264042747
356,2026-09-14T02:24:29.543+00:00,2026-09-14T02:29:23.326+00:00,2026-09-14T02:29:29.590+00:00,False,90,89.0,,89.0,293782.172138,300046.553834,300046.553984,3333.8505998222226,0.035840000000000004,293782.172138,30959.946937959965,89.58445650000002,70.38631119101123,19.878283752578056,0.2966206372403098,46,64,,False,False,Request timeout: 300.0s exceeded,457,21.16838264042747
357,2026-09-14T02:24:32.833+00:00,2026-09-14T02:29:26.637+00:00,2026-09-14T02:29:33.062+00:00,False,89,88.0,,88.0,293803.808166,300228.691622,300228.691593,3373.356085314607,0.02159,293803.808166,31135.46594104687,89.89706880000001,73.01003927272727,63.297717871437,0.2931098940763315,46,64,,False,False,Request timeout: 300.0s exceeded,385,21.16838264042747
358,2026-09-14T02:24:36.628+00:00,2026-09-14T02:29:30.699+00:00,2026-09-14T02:29:36.706+00:00,False,98,97.0,,97.0,294071.747592,300078.019336,300078.019373,3062.020605846939,0.0,294071.747592,29699.54679848688,91.21778085,61.92032725773196,64.48514297118355,0.32324926768924134,46,64,,False,False,Request timeout: 300.0s exceeded,401,21.16838264042747
359,2026-09-14T02:24:40.448+00:00,2026-09-14T02:29:34.242+00:00,2026-09-14T02:29:40.472+00:00,False,94,93.0,,93.0,293793.362594,300023.89341,300023.893391,3191.743546712766,0.04827,293793.362594,30295.568250475102,88.66638925000001,66.99495501075269,20.15693504214653,0.3099753121092596,46,64,,False,False,Request timeout: 300.0s exceeded,466,21.16838264042747
360,2026-09-14T02:24:44.347+00:00,2026-09-14T02:29:37.766+00:00,2026-09-14T02:29:44.379+00:00,False,100,99.0,,99.0,293418.294568,300032.159528,300032.15946600004,3000.3215946600003,0.06624,293418.294568,29335.15634996163,90.6687704,66.80671676767678,21.174456532467733,0.32996462831098944,46,64,,False,False,Request timeout: 300.0s exceeded,572,21.16838264042747
361,2026-09-14T02:24:47.568+00:00,2026-09-14T02:29:40.691+00:00,2026-09-14T02:29:47.685+00:00,False,109,108.0,,108.0,293123.241844,300116.86898,300116.86903,2753.3657709174313,0.02891,293123.241844,28069.919509958825,90.528189,64.75580681481482,20.486438172023487,0.359859811836159,46,64,,False,False,Request timeout: 300.0s exceeded,411,21.16838264042747
362,2026-09-14T02:24:51.075+00:00,2026-09-14T02:29:44.635+00:00,2026-09-14T02:29:51.103+00:00,False,104,103.0,,103.0,293560.469384,300028.073864,300028.073861,2884.8853255865383,0.03663,293560.469384,28779.82280177011,89.58277450000001,62.792276504854364,21.222125711063093,0.34330120736197833,46,64,,False,False,Request timeout: 300.0s exceeded,422,21.16838264042747
363,2026-09-14T02:24:54.882+00:00,2026-09-14T02:29:48.909+00:00,2026-09-14T02:29:54.910+00:00,False,86,85.0,,85.0,294027.391361,300027.906177,300027.906264,3488.6965844651163,0.023960000000000002,294027.391361,31698.18334796956,90.02459499999999,70.59429195294118,20.75994561780695,0.28330697995090715,46,64,,False,False,Request timeout: 300.0s exceeded,317,21.16838264042747
364,2026-09-14T02:24:58.364+00:00,2026-09-14T02:29:52.351+00:00,2026-09-14T02:29:58.420+00:00,False,91,90.0,,90.0,293987.314948,300055.48851600004,300055.488418,3297.313059538462,0.02067,293987.314948,30811.1829464469,89.37341599999999,67.42415075555556,20.08384597054881,0.29994452174535335,46,64,,False,False,Request timeout: 300.0s exceeded,120,21.16838264042747
365,2026-09-14T02:25:01.796+00:00,2026-09-14T02:29:55.670+00:00,2026-09-14T02:30:01.880+00:00,False,91,90.0,,90.0,293873.843939,300083.521763,300083.521861,3297.6211193516483,0.02892,293873.843939,30799.123699610755,88.89117699999998,68.99642026666666,20.93918894069611,0.29991650148347765,46,64,,False,False,Request timeout: 300.0s exceeded,346,21.16838264042747
366,2026-09-14T02:25:06.150+00:00,2026-09-14T02:29:59.555+00:00,2026-09-14T02:30:06.195+00:00,False,97,96.0,,96.0,293404.273764,300044.753508,300044.753356,3093.244879958763,0.02087,293404.273764,29783.67356806201,87.2620198,69.171664,19.72898511721797,0.3199522700450764,46,64,,False,False,Request timeout: 300.0s exceeded,486,21.16838264042747
367,2026-09-14T02:25:09.763+00:00,2026-09-14T02:30:03.517+00:00,2026-09-14T02:30:09.811+00:00,False,93,92.0,,92.0,293754.653397,300048.215765,300048.215751,3226.324900548387,0.02428,293754.653397,30453.852048215755,90.24813600000002,68.40828660869566,20.89387258677804,0.30661738736035377,46,64,,False,False,Request timeout: 300.0s exceeded,227,21.16838264042747
368,2026-09-14T02:25:12.983+00:00,2026-09-14T02:30:06.584+00:00,2026-09-14T02:30:12.998+00:00,False,94,93.0,,93.0,293601.513813,300015.440469,300015.440473,3191.6536220531916,0.01841,293601.513813,30275.577247237055,88.94763465,68.96695329032259,20.277069154502247,0.3099840456698411,46,64,,False,False,Request timeout: 300.0s exceeded,458,21.16838264042747
369,2026-09-14T02:25:17.224+00:00,2026-09-14T02:30:11.049+00:00,2026-09-14T02:30:17.240+00:00,False,95,94.0,,94.0,293824.862334,300015.40467,300015.404665,3158.0568912105264,0.032170000000000004,293824.862334,30139.04445212386,86.8962498,65.85683336170213,19.769350271145374,0.3133172448374599,46,64,,False,False,Request timeout: 300.0s exceeded,357,21.16838264042747
370,2026-09-14T02:25:21.463+00:00,2026-09-14T02:30:15.364+00:00,2026-09-14T02:30:21.506+00:00,False,92,91.0,,91.0,293900.775478,300043.13784599997,300043.137882,3261.3384552391303,0.05013,293900.775478,30634.242997415,87.45877,67.49848756043956,19.608206001467305,0.30328972244886543,46,64,,False,False,Request timeout: 300.0s exceeded,485,21.16838264042747
371,2026-09-14T02:25:25.373+00:00,2026-09-14T02:30:19.141+00:00,2026-09-14T02:30:25.419+00:00,False,92,91.0,,91.0,293767.748852,300045.727476,300045.72732999997,3261.3666014130436,0.03407,293767.748852,30620.219389996215,89.14038905,68.98877608791209,20.754695153895238,0.303287104820644,46,64,,False,False,Request timeout: 300.0s exceeded,382,21.16838264042747
372,2026-09-14T02:25:28.268+00:00,2026-09-14T02:30:21.884+00:00,2026-09-14T02:30:28.314+00:00,False,98,97.0,,97.0,293615.74753399997,300046.05460599996,300046.05451999995,3061.6944338775506,0.0,293615.74753399997,29653.044546310983,93.4566465,66.29182548453608,65.49429995977539,0.32328370432123754,46,64,,False,False,Request timeout: 300.0s exceeded,467,21.16838264042747
373,2026-09-14T02:25:31.509+00:00,2026-09-14T02:30:25.679+00:00,2026-09-14T02:30:31.588+00:00,False,96,95.0,,95.0,294169.55860600004,300078.98350200005,300078.98357100005,3125.8227455312503,0.0,294169.55860600004,30017.278203175225,92.59727699999999,62.20447258947369,66.12594511385466,0.31658331713645926,46,64,,False,False,Request timeout: 300.0s exceeded,467,21.16838264042747
374,2026-09-14T02:25:34.393+00:00,2026-09-14T02:30:28.318+00:00,2026-09-14T02:30:34.414+00:00,False,95,94.0,,94.0,293924.952865,300021.363745,300021.363776,3158.119618694737,0.02296,293924.952865,30149.417300982623,91.3824684,64.85543489361702,21.309346680943868,0.31331102167742403,46,64,,False,False,Request timeout: 300.0s exceeded,465,21.16838264042747
375,2026-09-14T02:25:37.144+00:00,2026-09-14T02:30:31.016+00:00,2026-09-14T02:30:37.196+00:00,False,91,90.0,,90.0,293872.774838,300052.09823,300052.098353,3297.2758060769233,0.05965,293872.774838,30799.04652776558,89.8088455,68.6591488,20.25069518322095,0.29994791081584765,46,64,,False,False,Request timeout: 300.0s exceeded,409,21.16838264042747
376,2026-09-14T02:25:41.238+00:00,2026-09-14T02:30:35.259+00:00,2026-09-14T02:30:41.251+00:00,False,91,90.0,,90.0,294021.00654900004,300012.16302900005,300012.16288200003,3296.836954747253,0.01884,294021.00654900004,30814.805007625208,89.54771649999999,66.56840533333333,20.869025547168025,0.2999878374641109,46,64,,False,False,Request timeout: 300.0s exceeded,561,21.16838264042747
377,2026-09-14T02:25:45.403+00:00,2026-09-14T02:30:38.714+00:00,2026-09-14T02:30:45.423+00:00,False,103,102.0,,102.0,293311.285549,300019.90046100004,300019.90037700004,2912.8145667669905,0.01566,293311.285549,28894.345801195148,87.96547410000001,65.77073443137255,19.71118831487173,0.3399774476402078,46,64,,False,False,Request timeout: 300.0s exceeded,534,21.16838264042747
378,2026-09-14T02:25:49.738+00:00,2026-09-14T02:30:43.150+00:00,2026-09-14T02:30:49.791+00:00,False,99,98.0,,98.0,293411.416639,300052.559167,300052.559119,3030.8339304949495,0.02831,293411.416639,29482.15303951904,88.678118,67.76676048979593,20.33309057790104,0.3266094455986833,46,64,,False,False,Request timeout: 300.0s exceeded,529,21.16838264042747
379,2026-09-14T02:25:53.221+00:00,2026-09-14T02:30:47.086+00:00,2026-09-14T02:30:53.275+00:00,False,95,94.0,,94.0,293864.74168599996,300054.396982,300054.39678999997,3158.4673346315785,0.02126,293864.74168599996,30143.137951451263,90.92036669999999,65.84739676595744,21.249838357467905,0.3132765290076352,46,64,,False,False,Request timeout: 300.0s exceeded,479,21.16838264042747
380,2026-09-14T02:25:57.422+00:00,2026-09-14T02:30:50.817+00:00,2026-09-14T02:30:57.437+00:00,False,100,99.0,,99.0,293394.924204,300014.516908,300014.5169,3000.145169,0.022949999999999998,293394.924204,29332.81331453251,91.56116395,66.86457276767678,20.872817480884283,0.3299840321738782,46,64,,False,False,Request timeout: 300.0s exceeded,449,21.16838264042747
381,2026-09-14T02:26:01.340+00:00,2026-09-14T02:30:54.360+00:00,2026-09-14T02:31:01.358+00:00,False,102,101.0,,101.0,293020.349528,300018.243672,300018.243626,2941.3553296666664,0.05467,293020.349528,29006.48457502882,89.27047655,69.28608063366337,20.261596490837764,0.33664619445749416,46,64,,False,False,Request timeout: 300.0s exceeded,462,21.16838264042747
382,2026-09-14T02:26:05.391+00:00,2026-09-14T02:30:58.837+00:00,2026-09-14T02:31:05.429+00:00,False,96,95.0,,95.0,293445.260694,300037.80495,300037.804868,3125.3938007083334,0.038380000000000004,293445.260694,29942.555902966615,90.09285,69.39520269473684,20.605400442709595,0.3166267664697498,46,64,,False,False,Request timeout: 300.0s exceeded,504,21.16838264042747
383,2026-09-14T02:26:08.438+00:00,2026-09-14T02:31:01.959+00:00,2026-09-14T02:31:08.450+00:00,False,97,96.0,,96.0,293521.431977,300012.03319299995,300012.033196,3092.9075587216494,0.02129,293521.431977,29795.728149484265,89.26500379999999,67.61042933333333,20.405101974097317,0.3199871651089491,46,64,,False,False,Request timeout: 300.0s exceeded,244,21.16838264042747
384,2026-09-14T02:26:11.582+00:00,2026-09-14T02:31:05.283+00:00,2026-09-14T02:31:11.636+00:00,False,95,94.0,,94.0,293701.165652,300053.296212,300053.296292,3158.455750442105,0.018920000000000003,293701.165652,30126.177968292483,90.02766769999998,67.57585702127659,21.100607691361162,0.3132776782881436,46,64,,False,False,Request timeout: 300.0s exceeded,398,21.16838264042747
385,2026-09-14T02:26:14.949+00:00,2026-09-14T02:31:08.864+00:00,2026-09-14T02:31:15.035+00:00,False,94,93.0,,93.0,293915.11935399997,300086.42866599996,300086.42849599995,3192.4088137872336,0.01729,293915.11935399997,30308.192186394594,88.0122085,66.3581646451613,20.168591898615546,0.30991071610076104,46,64,,False,False,Request timeout: 300.0s exceeded,412,21.16838264042747
386,2026-09-14T02:26:18.048+00:00,2026-09-14T02:31:11.636+00:00,2026-09-14T02:31:18.131+00:00,False,101,100.0,,100.0,293587.70009899995,300082.619011,300082.618958,2971.1150391881183,0.022609999999999998,293587.70009899995,29206.611916599464,87.096936,64.94918912,19.709453875662412,0.3332415597063766,46,64,,False,False,Request timeout: 300.0s exceeded,444,21.16838264042747
387,2026-09-14T02:26:22.144+00:00,2026-09-14T02:31:15.901+00:00,2026-09-14T02:31:22.155+00:00,False,101,100.0,,100.0,293756.924886,300010.43759,300010.43759499997,2970.4003722277225,0.0,293756.924886,29223.760964684032,89.59186100000001,62.53512704,67.39187264925404,0.33332173641459073,46,64,,False,False,Request timeout: 300.0s exceeded,330,21.16838264042747
388,2026-09-14T02:26:24.516+00:00,2026-09-14T02:31:18.133+00:00,2026-09-14T02:31:24.558+00:00,False,101,100.0,,100.0,293617.277333,300042.17307699996,300042.17306999996,2970.7145848514847,0.0,293617.277333,29209.694937847238,89.13668200000001,64.24895744,67.35664008198229,0.3332864809452535,46,64,,False,False,Request timeout: 300.0s exceeded,396,21.16838264042747
389,2026-09-14T02:26:28.681+00:00,2026-09-14T02:31:22.889+00:00,2026-09-14T02:31:28.687+00:00,False,82,81.0,,81.0,294208.7228,300006.729072,300006.72898,3658.618646097561,0.03361,294208.7228,32482.01920499342,89.52378455,71.58032434567902,19.33911122868002,0.26999394397103815,46,64,,False,False,Request timeout: 300.0s exceeded,345,21.16838264042747
390,2026-09-14T02:26:32.339+00:00,2026-09-14T02:31:26.074+00:00,2026-09-14T02:31:32.351+00:00,False,92,91.0,,91.0,293734.41007499996,300011.49500299996,300011.494984,3260.9945106956516,0.03294,293734.41007499996,30616.743904807947,88.5082115,68.97895525274726,19.679861358492605,0.303321711053405,46,64,,False,False,Request timeout: 300.0s exceeded,568,21.16838264042747
391,2026-09-14T02:26:35.496+00:00,2026-09-14T02:31:29.369+00:00,2026-09-14T02:31:35.508+00:00,False,88,87.0,,87.0,293873.11269599997,300012.381816,300012.38189699996,3409.2316124659087,0.05019,293873.11269599997,31319.462371103025,88.22878134999999,70.56631172413793,18.993567695771493,0.2899880314051765,46,64,,False,False,Request timeout: 300.0s exceeded,193,21.16838264042747
392,2026-09-14T02:26:39.406+00:00,2026-09-14T02:31:33.025+00:00,2026-09-14T02:31:39.423+00:00,False,93,92.0,,92.0,293619.257576,300017.317864,300017.317639,3225.9926627849463,0.036378999999999995,293619.257576,30439.69350527018,88.5218908,69.5441335652174,19.56736027112751,0.3066489649830956,46,64,,False,False,Request timeout: 300.0s exceeded,448,21.16838264042747
393,2026-09-14T02:26:43.249+00:00,2026-09-14T02:31:36.882+00:00,2026-09-14T02:31:43.313+00:00,False,98,97.0,,97.0,293633.06789999997,300064.35570799996,300064.35582399997,3061.8811818775507,0.02057,293633.06789999997,29654.728578404025,89.19995435000001,66.30193616494846,20.503554403995746,0.32326398705747345,46,64,,False,False,Request timeout: 300.0s exceeded,465,21.16838264042747
394,2026-09-14T02:26:46.166+00:00,2026-09-14T02:31:39.952+00:00,2026-09-14T02:31:46.555+00:00,False,103,102.0,,102.0,293786.02861000004,300388.33414600004,300388.33399400004,2916.3915921747575,0.016300000000000002,293786.02861000004,28941.227009338294,90.1770492,64.72848564705882,20.722156316225146,0.3395604569331383,46,64,,False,False,Request timeout: 300.0s exceeded,455,21.16838264042747
395,2026-09-14T02:26:48.984+00:00,2026-09-14T02:31:42.541+00:00,2026-09-14T02:31:49.014+00:00,False,101,100.0,,100.0,293557.260366,300029.804622,300029.804505,2970.5921238118813,0.05241,293557.260366,29203.605781587128,88.377393,64.72544256,20.396810302396187,0.33330022037639717,46,64,,False,False,Request timeout: 300.0s exceeded,494,21.16838264042747
396,2026-09-14T02:26:53.154+00:00,2026-09-14T02:31:47.099+00:00,2026-09-14T02:31:53.222+00:00,False,96,95.0,,95.0,293945.943071,300068.040991,300068.04103799997,3125.7087608125,0.048490000000000005,293945.943071,29994.16201473345,89.2631485,64.443136,20.6416632559246,0.316594861906168,46,64,,False,False,Request timeout: 300.0s exceeded,364,21.16838264042747
397,2026-09-14T02:26:57.519+00:00,2026-09-14T02:31:51.292+00:00,2026-09-14T02:31:57.573+00:00,False,96,95.0,,95.0,293772.970662,300054.063526,300054.063463,3125.563161072917,0.04690999999999999,293772.970662,29976.337226656928,89.55267349999998,66.11676698947369,20.559975262011154,0.31660960989374554,46,64,,False,False,Request timeout: 300.0s exceeded,456,21.16838264042747
398,2026-09-14T02:27:01.333+00:00,2026-09-14T02:31:55.090+00:00,2026-09-14T02:32:01.412+00:00,False,94,93.0,,93.0,293756.93896,300078.305488,300078.305546,3192.322399425532,0.01666,293756.93896,30291.71132741339,91.25812814999999,67.97168309677419,21.090794730053197,0.3099191054440257,46,64,,False,False,Request timeout: 300.0s exceeded,406,21.16838264042747
399,2026-09-14T02:27:05.508+00:00,2026-09-14T02:31:58.937+00:00,2026-09-14T02:32:05.653+00:00,False,64,63.0,,63.0,293428.909147,300145.542491,300145.542358,4689.77409934375,0.0502,293428.909147,36666.777500869626,90.399416,106.61322768253969,333.2644218479387,0.2098981696584386,46,64,,False,False,Request timeout: 300.0s exceeded,260,21.16838264042747
400,2026-09-14T02:27:08.053+00:00,2026-09-14T02:32:01.741+00:00,2026-09-14T02:32:08.073+00:00,False,107,106.0,,106.0,293688.099213,300019.766925,300019.76689699996,2803.9230551121495,0.01493,293688.099213,28387.286533029554,88.1439343,59.73271426415094,257.9480328088757,0.3533100538222145,46,64,,False,False,Request timeout: 300.0s exceeded,346,21.16838264042747
401,2026-09-14T02:27:10.919+00:00,2026-09-14T02:32:06.752+00:00,2026-09-14T02:32:10.947+00:00,False,63,62.0,,62.0,295833.59066600003,300028.47937,300028.47932100005,4762.356814619048,0.02708,295833.59066600003,37263.010674084944,88.28312010000002,67.65949522580644,21.14799593406401,0.20664704940740172,46,64,,False,False,Request timeout: 300.0s exceeded,284,21.16838264042747
402,2026-09-14T02:27:13.889+00:00,2026-09-14T02:32:07.461+00:00,2026-09-14T02:32:13.927+00:00,False,96,95.0,,95.0,293571.959375,300037.78619099996,300037.786285,3125.3936071354165,0.041289,293571.959375,29955.622160560644,88.02996875000001,68.06133490526315,19.069458069754717,0.31662678626592816,46,64,,False,False,Request timeout: 300.0s exceeded,407,21.16838264042747
403,2026-09-14T02:27:16.607+00:00,2026-09-14T02:32:09.811+00:00,2026-09-14T02:32:16.678+00:00,False,106,105.0,,105.0,293203.597055,300070.924031,300070.924069,2830.8577742358493,0.0,293203.597055,28472.165376225992,87.22511300000001,65.40311405714286,62.076629640942556,0.3499172748545026,46,64,,False,False,Request timeout: 300.0s exceeded,429,21.16838264042747
404,2026-09-14T02:27:19.765+00:00,2026-09-14T02:32:13.497+00:00,2026-09-14T02:32:19.780+00:00,False,96,95.0,,95.0,293731.576964,300015.0665,300015.06662,3125.1569439583336,0.0,293731.576964,29972.17307441278,87.48804050000001,66.14199511578947,65.179507928602,0.3166507639375505,46,64,,False,False,Request timeout: 300.0s exceeded,423,21.16838264042747
405,2026-09-14T02:27:23.038+00:00,2026-09-14T02:32:16.544+00:00,2026-09-14T02:32:23.090+00:00,False,106,105.0,,105.0,293505.894334,300051.978174,300051.978085,2830.679038537736,0.0,293505.894334,28501.769861544442,87.59199025,62.34365561904762,26.975682626379243,0.34993936930190994,46,64,,False,False,Request timeout: 300.0s exceeded,491,21.16838264042747
406,2026-09-14T02:27:26.694+00:00,2026-09-14T02:32:20.533+00:00,2026-09-14T02:32:26.746+00:00,False,90,89.0,,89.0,293839.25974400004,300051.70851200004,300051.70835900004,3333.907870655556,0.03377,293839.25974400004,30966.026427723795,90.67861205000001,69.80279514606741,20.530255656041824,0.29661554150570885,46,64,,False,False,Request timeout: 300.0s exceeded,445,21.16838264042747
407,2026-09-14T02:27:30.822+00:00,2026-09-14T02:32:24.500+00:00,2026-09-14T02:32:30.888+00:00,False,90,89.0,,89.0,293678.609587,300066.321843,300066.32178199996,3334.070242022222,0.01678,293678.609587,30948.88432103068,90.20942200000002,71.77204782022471,19.722432686076765,0.29660109622887426,46,64,,False,False,Request timeout: 300.0s exceeded,427,21.16838264042747
408,2026-09-14T02:27:33.950+00:00,2026-09-14T02:32:27.746+00:00,2026-09-14T02:32:34.019+00:00,False,91,90.0,,90.0,293796.228321,300068.784865,300068.784812,3297.459173758242,0.02986,293796.228321,30790.913772210835,90.78024850000001,69.69507271111111,20.391883285081025,0.29993123090257695,46,64,,False,False,Request timeout: 300.0s exceeded,463,21.16838264042747
409,2026-09-14T02:27:37.653+00:00,2026-09-14T02:32:31.103+00:00,2026-09-14T02:32:37.666+00:00,False,95,94.0,,94.0,293450.138576,300012.592848,300012.592778,3158.0272924,0.02274,293450.138576,30100.192586941852,89.932642,69.81334331914894,19.61822893128998,0.3133201813552695,46,64,,False,False,Request timeout: 300.0s exceeded,183,21.16838264042747
410,2026-09-14T02:27:40.197+00:00,2026-09-14T02:32:33.851+00:00,2026-09-14T02:32:40.210+00:00,False,92,91.0,,91.0,293653.86770099995,300012.60510899994,300012.60489399993,3261.0065749347823,0.046490000000000004,293653.86770099995,30608.25327079895,89.59601210000001,69.87623525274725,19.734643759631414,0.3033205887030582,46,64,,False,False,Request timeout: 300.0s exceeded,404,21.16838264042747
411,2026-09-14T02:27:42.923+00:00,2026-09-14T02:32:36.826+00:00,2026-09-14T02:32:42.989+00:00,False,93,92.0,,92.0,293903.426609,300066.454065,300066.453885,3226.521009516129,0.02252,293903.426609,30469.425733836564,89.2261996,66.98942886956522,20.13857409167062,0.3065987508889317,46,64,,False,False,Request timeout: 300.0s exceeded,423,21.16838264042747
412,2026-09-14T02:27:46.094+00:00,2026-09-14T02:32:39.553+00:00,2026-09-14T02:32:46.173+00:00,False,102,101.0,,101.0,293459.411682,300079.76803399995,300079.768093,2941.958510715686,0.05251,293459.411682,29050.328414565887,88.00253255,65.5480826930693,20.408715282779703,0.3365771730020679,46,64,,False,False,Request timeout: 300.0s exceeded,459,21.16838264042747
413,2026-09-14T02:27:49.486+00:00,2026-09-14T02:32:43.596+00:00,2026-09-14T02:32:49.522+00:00,False,86,85.0,,85.0,294110.104505,300036.077241,300036.077231,3488.7915957093023,0.01871,294110.104505,31707.1968420788,89.42125649999998,69.71732630588235,20.35814753248555,0.283299264480534,46,64,,False,False,Request timeout: 300.0s exceeded,415,21.16838264042747
414,2026-09-14T02:27:52.772+00:00,2026-09-14T02:32:46.773+00:00,2026-09-14T02:32:52.859+00:00,False,88,87.0,,87.0,294000.179103,300086.82998299995,300086.83008999994,3410.0776146590906,0.016370000000000003,294000.179103,31333.07259544202,88.74939235,69.96150436781609,19.69755402480307,0.2899160886365076,46,64,,False,False,Request timeout: 300.0s exceeded,457,21.16838264042747
415,2026-09-14T02:27:56.125+00:00,2026-09-14T02:32:49.782+00:00,2026-09-14T02:32:56.145+00:00,False,93,92.0,,92.0,293656.918725,300020.309957,300020.309778,3226.0248363225805,0.03561,293656.918725,30443.63737458501,87.9530302,69.167296,18.788558948270563,0.30664590678273007,46,64,,False,False,Request timeout: 300.0s exceeded,265,21.16838264042747
416,2026-09-14T02:27:58.998+00:00,2026-09-14T02:32:52.940+00:00,2026-09-14T02:32:59.007+00:00,False,89,88.0,,88.0,293942.416037,300009.545637,300009.545745,3370.8937724157304,0.04001,293942.416037,31150.531763718525,86.84197240000002,68.94465454545454,19.603493884419798,0.29332400011857157,46,64,,False,False,Request timeout: 300.0s exceeded,296,21.16838264042747
417,2026-09-14T02:28:01.564+00:00,2026-09-14T02:32:54.935+00:00,2026-09-14T02:33:01.599+00:00,False,100,99.0,,99.0,293370.439699,300034.42229099997,300034.422438,3000.34422438,0.057280000000000005,293370.439699,29330.3189599772,87.3548934,67.31295547474748,19.300008570411418,0.3299621398240134,46,64,,False,False,Request timeout: 300.0s exceeded,412,21.16838264042747
418,2026-09-14T02:28:04.477+00:00,2026-09-14T02:32:58.193+00:00,2026-09-14T02:33:04.495+00:00,False,94,93.0,,93.0,293716.582504,300017.982312,300017.982538,3191.680665297872,0.03023,293716.582504,30287.57038719169,88.1645235,67.7569871827957,20.148520313019137,0.309981419391341,46,64,,False,False,Request timeout: 300.0s exceeded,396,21.16838264042747
419,2026-09-14T02:28:07.982+00:00,2026-09-14T02:33:01.818+00:00,2026-09-14T02:33:08.027+00:00,False,91,90.0,,90.0,293835.51571,300045.219134,300045.219177,3297.2002107362637,0.01761,293835.51571,30795.105598744805,89.3499465,68.99670471111111,20.6668719026179,0.299954787680873,46,64,,False,False,Request timeout: 300.0s exceeded,436,21.16838264042747
420,2026-09-14T02:28:11.628+00:00,2026-09-14T02:33:05.247+00:00,2026-09-14T02:33:11.654+00:00,False,99,98.0,,98.0,293618.126295,300025.533399,300025.53352500004,3030.5609446969697,0.0,293618.126295,29503.239620550317,90.10829949999999,65.38170514285714,68.50107313247322,0.3266388659983519,46,64,,False,False,Request timeout: 300.0s exceeded,520,21.16838264042747
421,2026-09-14T02:28:15.725+00:00,2026-09-14T02:33:09.313+00:00,2026-09-14T02:33:15.762+00:00,False,113,112.0,,112.0,293587.577027,300037.38003500004,300037.38018700003,2655.1980547522126,0.0,293587.577027,27613.05212515187,90.15156759999999,57.587526857142855,63.981552835930984,0.3732868217517929,46,64,,False,False,Request timeout: 300.0s exceeded,500,21.16838264042747
422,2026-09-14T02:28:19.537+00:00,2026-09-14T02:33:14.160+00:00,2026-09-14T02:33:19.560+00:00,False,87,86.0,,86.0,294622.776106,300022.813482,300022.813482,3448.538086,0.01975,294622.776106,31580.15297477956,91.4804919,62.791132279069764,22.268007377695895,0.2866448687748194,46,64,,False,False,Request timeout: 300.0s exceeded,423,21.16838264042747
423,2026-09-14T02:28:22.943+00:00,2026-09-14T02:33:16.153+00:00,2026-09-14T02:33:23.026+00:00,False,101,100.0,,100.0,293210.61867,300083.38411,300083.384018,2971.122614039604,0.019829999999999997,293210.61867,29168.715020180625,89.560902,68.7276544,19.81513971263522,0.33324071006658446,46,64,,False,False,Request timeout: 300.0s exceeded,505,21.16838264042747
424,2026-09-14T02:28:26.991+00:00,2026-09-14T02:33:20.868+00:00,2026-09-14T02:33:27.077+00:00,False,89,88.0,,88.0,293877.377166,300086.53607800003,300086.53619400004,3371.7588336404497,0.0358,293877.377166,31143.46676000572,89.6840908,70.558624,19.893612242527734,0.2932487446791901,46,64,,False,False,Request timeout: 300.0s exceeded,169,21.16838264042747
425,2026-09-14T02:28:30.895+00:00,2026-09-14T02:33:24.809+00:00,2026-09-14T02:33:30.920+00:00,False,94,93.0,,93.0,293914.68622100004,300024.92519700003,300024.92527800007,3191.754524234043,0.04689,293914.68622100004,30308.21543143472,89.75977784999999,65.7014943655914,20.454030069221464,0.3099742461028365,46,64,,False,False,Request timeout: 300.0s exceeded,452,21.16838264042747
426,2026-09-14T02:28:34.150+00:00,2026-09-14T02:33:27.627+00:00,2026-09-14T02:33:34.216+00:00,False,103,102.0,,102.0,293477.100787,300066.09227499994,300066.092164,2913.2630307184463,0.02045,293477.100787,28910.79958841448,87.21343319999998,64.59795576470589,19.670846429474867,0.3399251119200786,46,64,,False,False,Request timeout: 300.0s exceeded,464,21.16838264042747
427,2026-09-14T02:28:38.081+00:00,2026-09-14T02:33:31.604+00:00,2026-09-14T02:33:38.165+00:00,False,100,99.0,,99.0,293522.54051599995,300084.11363599997,300084.11363,3000.8411362999996,0.023170000000000003,293522.54051599995,29345.63271444509,87.89632400000002,66.27851636363637,19.65311414969592,0.32990750093517557,46,64,,False,False,Request timeout: 300.0s exceeded,480,21.16838264042747
428,2026-09-14T02:28:41.818+00:00,2026-09-14T02:33:35.593+00:00,2026-09-14T02:33:41.898+00:00,False,100,99.0,,99.0,293774.77345599997,300079.21889599995,300079.21869199997,3000.7921869199995,0.042159999999999996,293774.77345599997,29371.117141529474,88.69640575,63.681267070707065,21.682473896404268,0.3299128822189815,46,64,,False,False,Request timeout: 300.0s exceeded,132,21.16838264042747
429,2026-09-14T02:28:44.415+00:00,2026-09-14T02:33:38.163+00:00,2026-09-14T02:33:44.461+00:00,False,98,97.0,,97.0,293747.954745,300046.346809,300046.346854,3061.697416877551,0.02467,293747.954745,29666.472920802094,88.69715984999999,64.9318769484536,21.39686771680271,0.32328338948831503,46,64,,False,False,Request timeout: 300.0s exceeded,368,21.16838264042747
430,2026-09-14T02:28:48.351+00:00,2026-09-14T02:33:42.448+00:00,2026-09-14T02:33:48.378+00:00,False,90,89.0,,89.0,294097.051741,300026.64406099997,300026.64390799997,3333.6293767555553,0.03456,294097.051741,30993.534714604953,86.75658645,66.62463280898876,19.945856687796393,0.2966403209906416,46,64,,False,False,Request timeout: 300.0s exceeded,175,21.16838264042747
431,2026-09-14T02:28:50.858+00:00,2026-09-14T02:33:44.616+00:00,2026-09-14T02:33:50.921+00:00,False,99,98.0,,98.0,293758.498517,300063.094997,300063.094873,3030.9403522525254,0.02308,293758.498517,29517.38120489367,86.6398969,64.33261714285715,20.315399848532625,0.3265979776719286,46,64,,False,False,Request timeout: 300.0s exceeded,475,21.16838264042747
432,2026-09-14T02:28:55.051+00:00,2026-09-14T02:33:48.964+00:00,2026-09-14T02:33:55.106+00:00,False,96,95.0,,95.0,293912.52547600004,300054.19843600004,300054.198496,3125.5645676666672,0.0257,293912.52547600004,29990.729622797884,86.126606,64.64918905263158,19.596894715447593,0.31660946754012176,46,64,,False,False,Request timeout: 300.0s exceeded,446,21.16838264042747
433,2026-09-14T02:28:57.727+00:00,2026-09-14T02:33:51.239+00:00,2026-09-14T02:33:57.790+00:00,False,99,98.0,,98.0,293511.598534,300062.965702,300062.96593999997,3030.9390498989897,0.02224,293511.598534,29492.313153874966,86.993285,66.8506853877551,19.416706034020002,0.3265981184006767,46,64,,False,False,Request timeout: 300.0s exceeded,612,21.16838264042747
434,2026-09-14T02:29:01.646+00:00,2026-09-14T02:33:55.394+00:00,2026-09-14T02:34:01.664+00:00,False,94,93.0,,93.0,293747.20294,300017.333116,300017.33308899996,3191.6737562659573,0.018670000000000003,293747.20294,30290.763131619082,86.50976650000001,67.42075458064515,19.855013905476554,0.3099820901482451,46,64,,False,False,Request timeout: 300.0s exceeded,446,21.16838264042747
435,2026-09-14T02:29:04.911+00:00,2026-09-14T02:33:58.545+00:00,2026-09-14T02:34:04.946+00:00,False,96,95.0,,95.0,293633.076605,300034.297213,300034.296998,3125.3572603958332,0.03804,293633.076605,29961.92948243766,88.53780375000001,67.38126955789474,19.32618588734534,0.31663046819130053,46,64,,False,False,Request timeout: 300.0s exceeded,422,21.16838264042747
436,2026-09-14T02:29:09.134+00:00,2026-09-14T02:34:02.796+00:00,2026-09-14T02:34:09.225+00:00,False,99,98.0,,98.0,293661.358777,300090.885305,300090.88538,3031.2210644444444,0.0,293661.358777,29507.558115712098,87.5307847,65.6074135510204,66.81047043667603,0.3265677326400528,46,64,,False,False,Request timeout: 300.0s exceeded,462,21.16838264042747
437,2026-09-14T02:29:12.756+00:00,2026-09-14T02:34:06.377+00:00,2026-09-14T02:34:12.784+00:00,False,91,90.0,,90.0,293620.626426,300027.39225,300027.392177,3297.0043096373624,0.04393,293620.626426,30772.34945149828,90.457943,71.18628693333334,20.50958442277023,0.2999726102508895,46,64,,False,False,Request timeout: 300.0s exceeded,135,21.16838264042747
438,2026-09-14T02:29:15.593+00:00,2026-09-14T02:34:09.008+00:00,2026-09-14T02:34:15.656+00:00,False,93,92.0,,92.0,293414.53709399997,300062.78208599996,300062.782235,3226.481529408602,0.023579999999999997,293414.53709399997,30418.1831251655,90.578135,72.26353252173912,19.769900133799045,0.306602502850994,46,64,,False,False,Request timeout: 300.0s exceeded,418,21.16838264042747
439,2026-09-14T02:29:18.187+00:00,2026-09-14T02:34:11.802+00:00,2026-09-14T02:34:18.230+00:00,False,93,92.0,,92.0,293614.991393,300043.17699300003,300043.176919,3226.2707195591397,0.033600000000000005,293614.991393,30439.217437599928,88.9884846,69.87158260869566,19.987284873232394,0.30662253653628774,46,64,,False,False,Request timeout: 300.0s exceeded,317,21.16838264042747
440,2026-09-14T02:29:21.521+00:00,2026-09-14T02:34:15.016+00:00,2026-09-14T02:34:21.588+00:00,False,97,96.0,,96.0,293495.468849,300066.881073,300066.880941,3093.4729993917526,0.02216,293495.468849,29793.006352060012,88.63278900000002,68.45221066666667,20.149701611013125,0.3199286760895322,46,64,,False,False,Request timeout: 300.0s exceeded,430,21.16838264042747
441,2026-09-14T02:29:25.894+00:00,2026-09-14T02:34:19.506+00:00,2026-09-14T02:34:25.970+00:00,False,94,93.0,,93.0,293612.089315,300076.045027,300076.04510499997,3192.298352180851,0.04156,293612.089315,30276.612335201,88.9737445,69.50490012903225,19.963002764643218,0.3099214400524111,46,64,,False,False,Request timeout: 300.0s exceeded,306,21.16838264042747
442,2026-09-14T02:29:30.243+00:00,2026-09-14T02:34:23.804+00:00,2026-09-14T02:34:30.311+00:00,False,96,95.0,,95.0,293560.96055699995,300067.93937299994,300067.939577,3125.707703927083,0.0277,293560.96055699995,29954.45632110228,89.813873,68.49451385263158,20.498252333033836,0.31659496912100993,46,64,,False,False,Request timeout: 300.0s exceeded,140,21.16838264042747
443,2026-09-14T02:29:32.786+00:00,2026-09-14T02:34:26.350+00:00,2026-09-14T02:34:33.139+00:00,False,99,98.0,,98.0,293564.01428299997,300353.21543499996,300353.21544799994,3033.870863111111,0.023629999999999998,293564.01428299997,29497.33736196651,89.36684089999999,69.2775627755102,19.6278308876064,0.3262825066083182,46,64,,False,False,Request timeout: 300.0s exceeded,309,21.16838264042747
444,2026-09-14T02:29:35.909+00:00,2026-09-14T02:34:29.754+00:00,2026-09-14T02:34:35.960+00:00,False,92,91.0,,91.0,293845.626662,300051.23511,300051.23510800005,3261.426468565218,0.0881,293845.626662,30628.421293707783,88.892568,68.19349942857143,20.25545113131641,0.30328153779016787,46,64,,False,False,Request timeout: 300.0s exceeded,450,21.16838264042747
445,2026-09-14T02:29:38.403+00:00,2026-09-14T02:34:32.009+00:00,2026-09-14T02:34:38.410+00:00,False,95,94.0,,94.0,293605.57612,300006.486968,300006.486995,3157.963021,0.02088,293605.57612,30116.31670624392,88.08096069999999,68.09479625531915,19.999432215037682,0.31332655820214467,46,64,,False,False,Request timeout: 300.0s exceeded,354,21.16838264042747
446,2026-09-14T02:29:41.884+00:00,2026-09-14T02:34:35.625+00:00,2026-09-14T02:34:41.968+00:00,False,91,90.0,,90.0,293740.75241799996,300083.57788999996,300083.57786499994,3297.6217347802194,0.03354,293740.75241799996,30785.015746106033,88.67697749999999,70.47583857777778,19.251583832628196,0.2999164453877273,46,64,,False,False,Request timeout: 300.0s exceeded,423,21.16838264042747
447,2026-09-14T02:29:45.901+00:00,2026-09-14T02:34:39.846+00:00,2026-09-14T02:34:45.943+00:00,False,90,89.0,,89.0,293944.780042,300042.500618,300042.50038599997,3333.8055598444444,0.03453,293944.780042,30977.284531466983,87.93394244999999,68.51371433707864,19.607688571657402,0.29662464423102053,46,64,,False,False,Request timeout: 300.0s exceeded,374,21.16838264042747
448,2026-09-14T02:29:49.578+00:00,2026-09-14T02:34:43.443+00:00,2026-09-14T02:34:49.595+00:00,False,95,94.0,,94.0,293865.096653,300017.103565,300017.10355199996,3158.074774231579,0.03857,293865.096653,30143.214290592117,87.0327287,65.4468820425532,19.498070021924836,0.3133154706282753,46,64,,False,False,Request timeout: 300.0s exceeded,370,21.16838264042747
449,2026-09-14T02:29:53.703+00:00,2026-09-14T02:34:47.595+00:00,2026-09-14T02:34:53.772+00:00,False,95,94.0,,94.0,293892.458929,300068.91358500003,300068.91354700003,3158.6201426000002,0.01921,293892.458929,30145.99528315485,87.907729,65.70696442553192,20.062961559617598,0.31326137345237787,46,64,,True,False,Request timeout: 300.0s exceeded,439,21.16838264042747
450,2026-09-14T02:29:57.967+00:00,2026-09-14T02:34:51.764+00:00,2026-09-14T02:34:57.984+00:00,False,91,90.0,,90.0,293797.423994,300016.847738,300016.847731,3296.888436604396,0.030420000000000003,293797.423994,30791.100539094714,89.109972,69.10470826666666,19.675976154821925,0.29998315320810115,46,64,,True,False,Request timeout: 300.0s exceeded,416,21.16838264042747
451,2026-09-14T02:30:02.177+00:00,2026-09-14T02:34:55.459+00:00,2026-09-14T02:35:02.193+00:00,False,105,104.0,,104.0,293282.382355,300016.560403,300016.560566,2857.300576819048,0.034659999999999996,293282.382355,28615.11777009631,88.499447,64.751712,20.193681108387555,0.3466475312572781,46,64,,True,False,Request timeout: 300.0s exceeded,268,21.16838264042747
452,2026-09-14T02:30:05.703+00:00,2026-09-14T02:34:59.230+00:00,2026-09-14T02:35:05.738+00:00,False,98,97.0,,97.0,293526.337604,300034.879556,300034.879581,3061.580403887755,0.0238,293526.337604,29643.86626360521,88.82390685,67.09837063917526,19.793803155181767,0.32329574529315824,46,64,,True,False,Request timeout: 300.0s exceeded,437,21.16838264042747
453,2026-09-14T02:30:09.167+00:00,2026-09-14T02:35:03.088+00:00,2026-09-14T02:35:09.225+00:00,False,91,90.0,,90.0,293921.068195,300058.180003,300058.179986,3297.342637208791,0.01841,293921.068195,30804.158204051542,88.769463,68.1901312,20.237515445374946,0.29994183127785473,46,64,,True,False,Request timeout: 300.0s exceeded,385,21.16838264042747
454,2026-09-14T02:30:12.538+00:00,2026-09-14T02:35:05.993+00:00,2026-09-14T02:35:12.588+00:00,False,101,100.0,,100.0,293455.108851,300049.713395,300049.71342700004,2970.7892418514853,0.019940000000000003,293455.108851,29193.31971161595,88.57713299999999,65.94604543999999,20.16102502728462,0.33327810537967467,46,64,,True,False,Request timeout: 300.0s exceeded,531,21.16838264042747
455,2026-09-14T02:30:16.744+00:00,2026-09-14T02:35:10.259+00:00,2026-09-14T02:35:16.769+00:00,False,98,97.0,,97.0,293515.207879,300025.323719,300025.323632,3061.4828942040817,0.02514,293515.207879,29642.74094158292,90.515601,67.1145962886598,20.66535488867317,0.3233060422954464,46,64,,True,False,Request timeout: 300.0s exceeded,437,21.16838264042747
456,2026-09-14T02:30:19.807+00:00,2026-09-14T02:35:13.502+00:00,2026-09-14T02:35:19.892+00:00,False,95,94.0,,94.0,293695.252272,300084.837168,300084.83722,3158.7877602105264,0.02042,293695.252272,30125.5300821454,89.2630807,67.97430740425531,20.654040133675743,0.31324475067487295,46,64,,True,False,Request timeout: 300.0s exceeded,493,21.16838264042747
457,2026-09-14T02:30:23.549+00:00,2026-09-14T02:35:17.021+00:00,2026-09-14T02:35:23.600+00:00,False,94,93.0,,93.0,293472.324117,300051.242517,300051.242476,3192.0344944255316,0.02096,293472.324117,30262.068488654117,87.86762215,70.74105806451612,18.907834011073838,0.3099470584419623,46,64,,True,False,Request timeout: 300.0s exceeded,488,21.16838264042747
458,2026-09-14T02:30:26.257+00:00,2026-09-14T02:35:20.483+00:00,2026-09-14T02:35:26.300+00:00,False,82,81.0,,81.0,294226.035268,300043.448132,300043.448025,3659.066439329268,0.0365,294226.035268,32483.905658879554,88.20842705000001,71.81991190123456,21.08039793727868,0.2699609023436005,46,64,,True,False,Request timeout: 300.0s exceeded,337,21.16838264042747
459,2026-09-14T02:30:29.840+00:00,2026-09-14T02:35:23.767+00:00,2026-09-14T02:35:29.864+00:00,False,91,90.0,,90.0,293927.488694,300023.724982,300023.724912,3296.964010021978,0.038729999999999994,293927.488694,30804.87995739138,88.190659,67.73595875555556,21.853929577612167,0.29997627689410084,46,64,,True,False,Request timeout: 300.0s exceeded,324,21.16838264042747
460,2026-09-14T02:30:33.713+00:00,2026-09-14T02:35:27.271+00:00,2026-09-14T02:35:33.799+00:00,False,98,97.0,,97.0,293557.614678,300086.09391,300086.09381399996,3062.1029981020406,0.04193,293557.614678,29647.005244634318,88.2263395,67.30390960824742,20.21694973578254,0.3232405698515695,46,64,,True,False,Request timeout: 300.0s exceeded,476,21.16838264042747
461,2026-09-14T02:30:38.011+00:00,2026-09-14T02:35:31.650+00:00,2026-09-14T02:35:38.051+00:00,False,95,94.0,,94.0,293638.898361,300040.304057,300040.303985,3158.3189893157896,0.036270000000000004,293638.898361,30119.734787446865,89.67905769999999,68.10006059574468,19.742280427805376,0.3132912436395292,46,64,,True,False,Request timeout: 300.0s exceeded,531,21.16838264042747
462,2026-09-14T02:30:42.036+00:00,2026-09-14T02:35:35.417+00:00,2026-09-14T02:35:42.054+00:00,False,100,99.0,,99.0,293380.338121,300017.570249,300017.570087,3000.1757008699997,0.02533,293380.338121,29331.33674673247,89.0108889,67.04274876767677,20.669652147705083,0.3299806738579838,46,64,,True,False,Request timeout: 300.0s exceeded,511,21.16838264042747
463,2026-09-14T02:30:44.905+00:00,2026-09-14T02:35:38.512+00:00,2026-09-14T02:35:44.964+00:00,False,95,94.0,,94.0,293606.974306,300059.537762,300059.537861,3158.5214511684208,0.03853,293606.974306,30116.4042203749,89.12216099999999,68.64429208510639,20.65896954063953,0.3132711617870935,46,64,,True,False,Request timeout: 300.0s exceeded,406,21.16838264042747
464,2026-09-14T02:30:48.623+00:00,2026-09-14T02:35:42.276+00:00,2026-09-14T02:35:48.682+00:00,False,93,92.0,,92.0,293652.893513,300058.882121,300058.882237,3226.4395939462365,0.05101,293652.893513,30443.173249462136,90.096076,69.63031095652174,20.783639703268744,0.30660648786560707,46,64,,True,False,Request timeout: 300.0s exceeded,476,21.16838264042747
465,2026-09-14T02:30:51.034+00:00,2026-09-14T02:35:45.050+00:00,2026-09-14T02:35:51.069+00:00,False,89,88.0,,88.0,294016.684868,300035.38976399996,300035.38973999996,3371.1841543820224,0.019289999999999998,294016.684868,31158.463052816875,88.27602939999998,68.39437381818182,20.361374409360824,0.2932987340900636,46,64,,True,False,Request timeout: 300.0s exceeded,429,21.16838264042747
466,2026-09-14T02:30:55.055+00:00,2026-09-14T02:35:48.760+00:00,2026-09-14T02:35:55.118+00:00,False,93,92.0,,92.0,293704.99596100004,300063.77458500006,300063.77460500004,3226.492200053764,0.03504,293704.99596100004,30448.6279873697,87.42854200000002,69.11715895652173,18.850448415716418,0.30660148872432064,46,64,,True,False,Request timeout: 300.0s exceeded,495,21.16838264042747
467,2026-09-14T02:30:58.157+00:00,2026-09-14T02:35:51.648+00:00,2026-09-14T02:35:58.177+00:00,False,96,95.0,,95.0,293490.60538599995,300019.94938599993,300019.94958099996,3125.207808135416,0.03509,293490.60538599995,29947.250985113387,87.3162305,68.72993684210527,19.413332883536153,0.31664561038164435,46,64,,True,False,Request timeout: 300.0s exceeded,461,21.16838264042747
468,2026-09-14T02:31:01.769+00:00,2026-09-14T02:35:55.196+00:00,2026-09-14T02:36:01.858+00:00,False,97,96.0,,96.0,293427.211894,300089.324918,300089.32499,3093.704381340206,0.02489,293427.211894,29785.979774667787,89.29190579999998,69.39701066666667,19.840947270823683,0.31990474844859,46,64,,True,False,Request timeout: 300.0s exceeded,396,21.16838264042747
469,2026-09-14T02:31:05.430+00:00,2026-09-14T02:35:59.365+00:00,2026-09-14T02:36:05.513+00:00,False,88,87.0,,87.0,293934.42527899996,300082.73990299995,300082.740029,3410.0311366931815,0.041479999999999996,293934.42527899996,31325.988290461497,89.25102915,70.67028303448276,20.687684714754496,0.2899200401466684,46,64,,True,False,Request timeout: 300.0s exceeded,255,21.16838264042747
470,2026-09-14T02:31:08.452+00:00,2026-09-14T02:36:02.705+00:00,2026-09-14T02:36:08.491+00:00,False,81,80.0,,80.0,294253.73576,300039.67240000004,300039.672394,3704.193486345679,0.02071,294253.73576,32686.82915685707,90.19037,72.324208,19.341882493458797,0.26663140697389986,46,64,,True,False,Request timeout: 300.0s exceeded,405,21.16838264042747
471,2026-09-14T02:31:12.012+00:00,2026-09-14T02:36:05.861+00:00,2026-09-14T02:36:12.038+00:00,False,90,89.0,,89.0,293848.981419,300026.155691,300026.155756,3333.623952844445,0.056350000000000004,293848.981419,30967.092404273655,87.8292379,69.40645249438202,19.66434819073414,0.2966408038493218,46,64,,True,False,Request timeout: 300.0s exceeded,289,21.16838264042747
472,2026-09-14T02:31:15.480+00:00,2026-09-14T02:36:09.261+00:00,2026-09-14T02:36:15.561+00:00,False,93,92.0,,92.0,293781.031387,300080.946651,300080.946725,3226.6768465053765,0.028210000000000002,293781.031387,30456.578928778115,87.9004946,68.47733982608695,18.99759921274583,0.30658394352173846,46,64,,True,False,Request timeout: 300.0s exceeded,448,21.16838264042747
473,2026-09-14T02:31:19.439+00:00,2026-09-14T02:36:13.414+00:00,2026-09-14T02:36:19.463+00:00,False,88,87.0,,87.0,293975.43142000004,300024.151804,300024.151718,3409.3653604318188,0.038079999999999996,293975.43142000004,31330.480897730216,87.7833957,69.52552165517241,19.596744190333702,0.2899766551355353,46,64,,True,False,Request timeout: 300.0s exceeded,432,21.16838264042747
474,2026-09-14T02:31:22.910+00:00,2026-09-14T02:36:16.641+00:00,2026-09-14T02:36:22.928+00:00,False,95,94.0,,94.0,293730.97383,300017.18925399997,300017.18926699995,3158.0756764947364,0.04244,293730.97383,30129.30745953392,87.9792557,66.87463217021276,20.05466621921681,0.3133153811411049,46,64,,True,False,Request timeout: 300.0s exceeded,163,21.16838264042747
475,2026-09-14T02:31:26.047+00:00,2026-09-14T02:36:19.834+00:00,2026-09-14T02:36:26.107+00:00,False,95,94.0,,94.0,293787.247204,300060.04362,300060.04361,3158.5267748421056,0.020379,293787.247204,30135.095610863922,88.179396,66.73187676595745,20.02401374414421,0.3132706336570518,46,64,,True,False,Request timeout: 300.0s exceeded,499,21.16838264042747
476,2026-09-14T02:31:29.090+00:00,2026-09-14T02:36:23.220+00:00,2026-09-14T02:36:29.165+00:00,False,85,84.0,,84.0,294129.898865,300074.417265,300074.417364,3530.287263105882,0.02186,294129.898865,31895.197297774364,89.70771920000001,70.7680761904762,20.269532837003705,0.2799305611108407,46,64,,True,False,Request timeout: 300.0s exceeded,372,21.16838264042747
477,2026-09-14T02:31:32.522+00:00,2026-09-14T02:36:26.360+00:00,2026-09-14T02:36:32.584+00:00,False,87,86.0,,86.0,293838.15683399996,300061.62665799994,300061.626596,3448.984213747126,0.020300000000000002,293838.15683399996,31495.003845602216,87.8511036,72.36592818604652,18.15510146976016,0.28660779106559964,46,64,,True,False,Request timeout: 300.0s exceeded,353,21.16838264042747
478,2026-09-14T02:31:35.350+00:00,2026-09-14T02:36:29.288+00:00,2026-09-14T02:36:35.391+00:00,False,87,86.0,,86.0,293938.063338,300041.78992999997,300041.78998199996,3448.756206689655,0.02068,293938.063338,31505.865215846807,87.8340206,70.97356502325582,19.82311670747516,0.286626739628716,46,64,,True,False,Request timeout: 300.0s exceeded,454,21.16838264042747
479,2026-09-14T02:31:39.106+00:00,2026-09-14T02:36:32.929+00:00,2026-09-14T02:36:39.146+00:00,False,92,91.0,,91.0,293822.445417,300039.93712899997,300039.93694,3261.303662391304,0.035859,293822.445417,30625.991319790268,88.52048615,68.32408474725274,20.934568335577215,0.3032929578333941,46,64,,True,False,Request timeout: 300.0s exceeded,428,21.16838264042747
480,2026-09-14T02:31:41.671+00:00,2026-09-14T02:36:35.394+00:00,2026-09-14T02:36:41.697+00:00,False,94,93.0,,93.0,293722.837491,300025.55953900004,300025.55946300004,3191.761270882979,0.02336,293722.837491,30288.214429847478,89.07690000000001,67.77120481720429,20.68280489932884,0.3099735907263962,46,64,,True,False,Request timeout: 300.0s exceeded,372,21.16838264042747
481,2026-09-14T02:31:44.382+00:00,2026-09-14T02:36:37.933+00:00,2026-09-14T02:36:44.401+00:00,False,95,94.0,,94.0,293550.754936,300018.951288,300018.951218,3158.0942233473684,0.036539,293550.754936,30110.61926003065,88.93066370000001,68.8105994893617,20.786097941647498,0.3133135410161664,46,64,,True,False,Request timeout: 300.0s exceeded,354,21.16838264042747
482,2026-09-14T02:31:47.882+00:00,2026-09-14T02:36:41.787+00:00,2026-09-14T02:36:47.950+00:00,False,89,88.0,,88.0,293904.901242,300067.722618,300067.722509,3371.547443921348,0.02462,293904.901242,31146.440940915883,91.1368354,70.0320610909091,21.151549140781587,0.29326713060713977,46,64,,True,False,Request timeout: 300.0s exceeded,449,21.16838264042747
483,2026-09-14T02:31:51.582+00:00,2026-09-14T02:36:45.548+00:00,2026-09-14T02:36:51.601+00:00,False,91,90.0,,90.0,293965.52757800004,300018.35957800003,300018.35945800005,3296.9050489890114,0.02133,293965.52757800004,30808.917264146938,89.8053305,67.2536888888889,20.67230803277164,0.29998164154551155,46,64,,True,False,Request timeout: 300.0s exceeded,358,21.16838264042747
484,2026-09-14T02:31:55.073+00:00,2026-09-14T02:36:48.894+00:00,2026-09-14T02:36:55.138+00:00,False,91,90.0,,90.0,293821.118538,300064.200266,300064.200336,3297.4087949010986,0.02157,293821.118538,30793.55682077818,88.615478,69.36757475555555,19.636467207585536,0.29993581346997433,46,64,,True,False,Request timeout: 300.0s exceeded,441,21.16838264042747
485,2026-09-14T02:31:58.909+00:00,2026-09-14T02:36:52.157+00:00,2026-09-14T02:36:58.925+00:00,False,94,93.0,,93.0,293247.956361,300016.208009,300016.208111,3191.6617884148936,0.01979,293247.956361,30238.71685347285,89.5340035,72.7768994408602,19.082461861596514,0.3099832526288385,46,64,,True,False,Request timeout: 300.0s exceeded,428,21.16838264042747
486,2026-09-14T02:32:05.560+00:00,2026-09-14T02:36:57.340+00:00,2026-09-14T02:37:05.720+00:00,False,126,125.0,,125.0,291780.63083499996,300160.85534699995,300160.85530299996,2382.2290103412697,0.02537,291780.63083499996,25987.91970887848,89.35804449999999,67.041796096,20.058561367998777,0.41644337618739186,46,64,,True,False,Request timeout: 300.0s exceeded,654,21.16838264042747
487,2026-09-14T02:32:06.706+00:00,2026-09-14T02:37:00.464+00:00,2026-09-14T02:37:06.734+00:00,False,102,101.0,,101.0,293758.314763,300028.265995,300028.266094,2941.4535891568626,0.0425,293758.314763,29080.267543331553,88.021968,62.078725069306934,20.12381301761709,0.33663494892738927,46,64,,True,False,Request timeout: 300.0s exceeded,407,21.16838264042747
488,2026-09-14T02:32:10.599+00:00,2026-09-14T02:37:04.995+00:00,2026-09-14T02:37:10.676+00:00,False,90,89.0,,89.0,294395.631722,300076.902506,300076.90255400003,3334.187806155556,0.0,294395.631722,31025.30986828276,92.58643645000001,63.83450319101124,29.9577249692297,0.29659063812224085,46,64,,True,False,Request timeout: 300.0s exceeded,429,21.16838264042747
489,2026-09-14T02:32:13.564+00:00,2026-09-14T02:37:07.374+00:00,2026-09-14T02:37:13.607+00:00,False,93,92.0,,92.0,293809.882371,300042.859011,300042.858889,3226.2672998817206,0.03476,293809.882371,30459.64691853638,89.544149,67.74974608695652,20.305284174691455,0.3066228614913549,46,64,,True,False,Request timeout: 300.0s exceeded,457,21.16838264042747
490,2026-09-14T02:32:16.320+00:00,2026-09-14T02:37:10.156+00:00,2026-09-14T02:37:16.563+00:00,False,98,97.0,,97.0,293836.413768,300243.121736,300243.12178900006,3063.7053243775513,0.04268,293836.413768,29675.295350663953,89.19692200000001,66.04853575257732,20.71472256000421,0.32307151430863046,46,64,,True,False,Request timeout: 300.0s exceeded,394,21.16838264042747
491,2026-09-14T02:32:19.191+00:00,2026-09-14T02:37:13.088+00:00,2026-09-14T02:37:19.235+00:00,False,97,96.0,,96.0,293897.647401,300043.929641,300043.92969200003,3093.2363885773198,0.02368,293897.647401,29834.291407782122,88.92910400000001,64.02377333333334,20.711190898442954,0.31995314857682067,46,64,,True,False,Request timeout: 300.0s exceeded,128,21.16838264042747
492,2026-09-14T02:32:23.417+00:00,2026-09-14T02:37:17.768+00:00,2026-09-14T02:37:23.431+00:00,False,86,85.0,,85.0,294350.495919,300013.478319,300013.478091,3488.528815011628,0.019350000000000003,294350.495919,31733.45235550701,88.06434399999998,66.62332235294117,20.057263560172938,0.28332060438171625,46,64,,True,False,Request timeout: 300.0s exceeded,387,21.16838264042747
493,2026-09-14T02:32:26.688+00:00,2026-09-14T02:37:20.287+00:00,2026-09-14T02:37:26.742+00:00,False,99,98.0,,98.0,293599.222518,300054.360054,300054.359987,3030.852121080808,0.02133,293599.222518,29501.219177114093,89.70143089999999,65.86875036734695,20.600802790104215,0.3266074853315353,46,64,,True,False,Request timeout: 300.0s exceeded,371,21.16838264042747
494,2026-09-14T02:32:29.364+00:00,2026-09-14T02:37:22.653+00:00,2026-09-14T02:37:29.379+00:00,False,99,98.0,,98.0,293288.791586,300014.326306,300014.32625600003,3030.447739959596,0.03572,293288.791586,29469.741766871637,87.91739100000001,68.62790530612246,19.669584160708265,0.32665106765616514,46,64,,True,False,Request timeout: 300.0s exceeded,449,21.16838264042747
495,2026-09-14T02:32:31.755+00:00,2026-09-14T02:37:25.360+00:00,2026-09-14T02:37:31.834+00:00,False,94,93.0,,93.0,293604.217902,300078.924078,300078.924021,3192.3289789468085,0.03651,293604.217902,30275.788302944024,87.24907149999999,69.62049651612904,19.598691921258503,0.30991846656923616,46,64,,True,False,Request timeout: 300.0s exceeded,397,21.16838264042747
496,2026-09-14T02:32:35.972+00:00,2026-09-14T02:37:29.940+00:00,2026-09-14T02:37:36.011+00:00,False,90,89.0,,89.0,293967.630287,300039.11649499997,300039.11641799996,3333.7679602,0.039589,293967.630287,30979.72387496237,86.80553905000001,68.21894615730338,19.032871244828378,0.2966279898423949,46,64,,True,False,Request timeout: 300.0s exceeded,438,21.16838264042747
497,2026-09-14T02:32:38.604+00:00,2026-09-14T02:37:32.452+00:00,2026-09-14T02:37:38.655+00:00,False,93,92.0,,92.0,293847.963639,300050.917879,300050.918086,3226.353957913979,0.0242,293847.963639,30463.628839324563,86.2411836,67.4234156521739,19.117211652625254,0.30661462611189333,46,64,,True,False,Request timeout: 300.0s exceeded,441,21.16838264042747
498,2026-09-14T02:32:41.930+00:00,2026-09-14T02:37:35.752+00:00,2026-09-14T02:37:41.987+00:00,False,93,92.0,,92.0,293822.190665,300056.977225,300056.977221,3226.419109903226,0.038560000000000004,293822.190665,30460.921214719165,88.5884106,67.76941913043478,20.344637900247353,0.30660843434083224,46,64,,True,False,Request timeout: 300.0s exceeded,227,21.16838264042747
499,2026-09-14T02:32:45.576+00:00,2026-09-14T02:37:39.620+00:00,2026-09-14T02:37:45.617+00:00,False,85,84.0,,84.0,294043.730981,300041.169445,300041.169472,3529.896111435294,0.024149999999999998,294043.730981,31885.781625300788,88.12974400000002,71.39807695238096,18.396761225133297,0.27996158045703756,46,64,,True,False,Request timeout: 300.0s exceeded,452,21.16838264042747
500,2026-09-14T02:32:49.115+00:00,2026-09-14T02:37:42.986+00:00,2026-09-14T02:37:49.157+00:00,False,91,90.0,,90.0,293871.159293,300041.946109,300041.946039,3297.164242186813,0.02213,293871.159293,30798.88647126038,88.04597400000003,68.56429795555556,19.233661137325015,0.29995805975510026,46,64,,True,False,Request timeout: 300.0s exceeded,425,21.16838264042747
501,2026-09-14T02:32:52.731+00:00,2026-09-14T02:37:46.117+00:00,2026-09-14T02:37:52.775+00:00,False,100,99.0,,99.0,293386.297454,300043.972718,300043.972612,3000.4397261199997,0.03908,293386.297454,29331.911687130847,89.25276794999999,67.2492450909091,20.171851200277693,0.3299516370990273,46,64,,True,False,Request timeout: 300.0s exceeded,501,21.16838264042747
502,2026-09-14T02:32:56.912+00:00,2026-09-14T02:37:50.160+00:00,2026-09-14T02:37:56.938+00:00,False,98,97.0,,97.0,293248.127913,300025.945001,300025.944927,3061.4892339489797,0.03789,293248.127913,29615.48265934206,88.8501455,69.87440296907216,20.14402807992964,0.3233053728059308,46,64,,True,False,Request timeout: 300.0s exceeded,491,21.16838264042747
503,2026-09-14T02:32:59.931+00:00,2026-09-14T02:37:53.916+00:00,2026-09-14T02:38:00.019+00:00,False,85,84.0,,84.0,293985.087357,300087.946621,300087.94661399996,3530.446430752941,0.01954,293985.087357,31879.285630780952,90.7969572,72.65308647619048,19.950496433257396,0.2799179405432398,46,64,,True,False,Request timeout: 300.0s exceeded,361,21.16838264042747
504,2026-09-14T02:33:04.162+00:00,2026-09-14T02:37:57.835+00:00,2026-09-14T02:38:04.193+00:00,False,91,90.0,,90.0,293673.46086,300031.37343599997,300031.373521,3297.0480606703295,0.04,293673.46086,30777.94460492956,90.703614,70.64347306666666,20.047442216838263,0.2999686298446319,46,64,,True,False,Request timeout: 300.0s exceeded,363,21.16838264042747
505,2026-09-14T02:33:06.574+00:00,2026-09-14T02:38:00.266+00:00,2026-09-14T02:38:06.604+00:00,False,93,92.0,,92.0,293692.11311000003,300029.98933400004,300029.98922200006,3226.128916365592,0.023399999999999997,293692.11311000003,30447.316624392985,89.7137986,68.88995895652174,20.367638921144884,0.3066360139672023,46,64,,True,False,Request timeout: 300.0s exceeded,383,21.16838264042747
506,2026-09-14T02:33:10.341+00:00,2026-09-14T02:38:04.026+00:00,2026-09-14T02:38:12.784+00:00,False,85,84.0,,84.0,293684.185464,302442.2414,302442.24131899996,3558.144015517647,0.02476,293684.185464,31844.944680828932,92.1906684,104.26257066666668,334.0382087030663,0.2777389812056855,46,64,,True,False,Request timeout: 300.0s exceeded,426,21.16838264042747
507,2026-09-14T02:33:12.718+00:00,2026-09-14T02:38:06.340+00:00,2026-09-14T02:38:12.749+00:00,False,52,51.0,,51.0,293621.85005400004,300030.68691800005,300030.68698800006,5769.820903615386,0.05069,293621.85005400004,40702.63996133602,89.66406114999998,125.66346792156864,411.75316219554963,0.1699826125250267,46,64,,True,False,Request timeout: 300.0s exceeded,195,21.16838264042747
508,2026-09-14T02:33:16.111+00:00,2026-09-14T02:38:09.452+00:00,2026-09-14T02:38:16.177+00:00,False,112,111.0,,111.0,293341.14004400006,300065.68814000004,300065.68818200007,2679.157930196429,0.015300000000000001,293341.14004400006,27713.836129202627,87.95973889999999,60.58151437837838,282.6286695202019,0.36991900236261377,46,64,,True,False,Request timeout: 300.0s exceeded,463,21.16838264042747
509,2026-09-14T02:33:19.348+00:00,2026-09-14T02:38:14.038+00:00,2026-09-14T02:38:19.385+00:00,False,83,82.0,,82.0,294689.99127600004,300036.77655600006,300036.77656300005,3614.9009224457836,0.01998,294689.99127600004,32339.277341400215,85.36446220000002,65.20469853658537,19.26478724751757,0.2732998299116682,46,64,,True,False,Request timeout: 300.0s exceeded,318,21.16838264042747
510,2026-09-14T02:33:21.904+00:00,2026-09-14T02:38:15.224+00:00,2026-09-14T02:38:21.962+00:00,False,101,100.0,,100.0,293319.894447,300057.681583,300057.681577,2970.8681344257425,0.03015,293319.894447,29179.72255070395,88.684563,67.37787136,19.633534305607185,0.3332692550060201,46,64,,True,False,Request timeout: 300.0s exceeded,509,21.16838264042747
511,2026-09-14T02:33:26.005+00:00,2026-09-14T02:38:19.468+00:00,2026-09-14T02:38:26.039+00:00,False,99,98.0,,98.0,293463.509752,300034.759928,300034.760072,3030.654142141414,0.02142,293463.509752,29487.460167928177,88.28176289999999,67.0535732244898,20.181608109426506,0.32662882135229027,46,64,,True,False,Request timeout: 300.0s exceeded,232,21.16838264042747
512,2026-09-14T02:33:29.624+00:00,2026-09-14T02:38:23.308+00:00,2026-09-14T02:38:29.645+00:00,False,97,96.0,,96.0,293684.555443,300021.07102699997,300021.07085,3093.000730412371,0.03828,293684.555443,29812.45366449253,88.05172060000001,66.00537066666666,20.21391390321972,0.3199775258163805,46,64,,True,False,Request timeout: 300.0s exceeded,428,21.16838264042747
513,2026-09-14T02:33:33.262+00:00,2026-09-14T02:38:26.851+00:00,2026-09-14T02:38:33.342+00:00,False,100,99.0,,99.0,293588.970003,300079.505939,300079.505983,3000.79505983,0.020079999999999997,293588.970003,29352.347774952657,88.20684475,65.56096905050505,20.186904386778412,0.32991256663867163,46,64,,True,False,Request timeout: 300.0s exceeded,489,21.16838264042747
514,2026-09-14T02:33:37.390+00:00,2026-09-14T02:38:31.083+00:00,2026-09-14T02:38:37.426+00:00,False,92,91.0,,91.0,293693.43859100004,300036.44966300006,300036.44982200005,3261.265758934783,0.03752900000000001,293693.43859100004,30612.39704998058,88.90840469999999,69.70341837362636,20.06531899345512,0.30329648315133345,46,64,,True,False,Request timeout: 300.0s exceeded,486,21.16838264042747
515,2026-09-14T02:33:41.269+00:00,2026-09-14T02:38:35.188+00:00,2026-09-14T02:38:41.285+00:00,False,89,88.0,,88.0,293919.65003200003,300016.082416,300016.08225300006,3370.967216325843,0.022018999999999997,293919.65003200003,31148.083268012648,87.8644644,69.27764072727274,19.59009830102074,0.29331760914729854,46,64,,True,False,Request timeout: 300.0s exceeded,308,21.16838264042747
516,2026-09-14T02:33:44.810+00:00,2026-09-14T02:38:38.743+00:00,2026-09-14T02:38:44.865+00:00,False,94,93.0,,93.0,293932.609574,300054.932006,300054.931972,3192.073744382979,0.019780000000000002,293932.609574,30310.05087638578,87.39782765,65.831424,20.742237686992212,0.30994324731892875,46,64,,True,False,Request timeout: 300.0s exceeded,391,21.16838264042747
517,2026-09-14T02:33:48.874+00:00,2026-09-14T02:38:42.463+00:00,2026-09-14T02:38:48.941+00:00,False,100,99.0,,99.0,293588.483737,300066.34664899996,300066.346645,3000.6634664499998,0.04192,293588.483737,29352.31214323239,86.57508594999999,65.43295870707071,20.46959876875376,0.32992703482275004,46,64,,True,False,Request timeout: 300.0s exceeded,447,21.16838264042747
518,2026-09-14T02:33:52.456+00:00,2026-09-14T02:38:46.059+00:00,2026-09-14T02:38:52.478+00:00,False,97,96.0,,96.0,293602.54685600003,300022.05277600006,300022.05276700004,3093.0108532680415,0.02168,293602.54685600003,29804.038586641844,87.4170518,66.86985333333334,19.3082565277082,0.3199764787679615,46,64,,True,False,Request timeout: 300.0s exceeded,470,21.16838264042747
519,2026-09-14T02:33:56.819+00:00,2026-09-14T02:38:50.225+00:00,2026-09-14T02:38:56.850+00:00,False,99,98.0,,98.0,293405.404401,300030.813937,300030.813868,3030.6142814949494,0.04186,293405.404401,29481.564614835785,88.4539269,67.60621975510203,19.87806679366537,0.32663311715901916,46,64,,True,False,Request timeout: 300.0s exceeded,426,21.16838264042747
520,2026-09-14T02:33:59.469+00:00,2026-09-14T02:38:53.225+00:00,2026-09-14T02:38:59.517+00:00,False,94,93.0,,93.0,293755.880049,300047.644785,300047.6447,3191.9962202127663,0.03882,293755.880049,30291.633896740925,88.58008745,67.65338425806452,19.518574566428455,0.3099507748732353,46,64,,True,False,Request timeout: 300.0s exceeded,345,21.16838264042747
521,2026-09-14T02:34:02.178+00:00,2026-09-14T02:38:56.087+00:00,2026-09-14T02:39:02.185+00:00,False,91,90.0,,90.0,293908.635187,300006.91537899995,300006.915536,3296.7792916043954,0.04028,293908.635187,30802.899697569927,87.15247600000001,67.7586688,19.607880122160225,0.2999930847804046,46,64,,True,False,Request timeout: 300.0s exceeded,557,21.16838264042747
522,2026-09-14T02:34:06.136+00:00,2026-09-14T02:38:59.677+00:00,2026-09-14T02:39:06.178+00:00,False,97,96.0,,96.0,293540.689871,300041.14145500003,300041.14140100003,3093.2076433092784,0.027319,293540.689871,29797.672595061136,88.2369342,67.71303733333333,19.686103132177994,0.3199561217987101,46,64,,True,False,Request timeout: 300.0s exceeded,454,21.16838264042747
523,2026-09-14T02:34:09.230+00:00,2026-09-14T02:39:02.686+00:00,2026-09-14T02:39:09.236+00:00,False,101,100.0,,100.0,293456.470309,300006.09437299997,300006.094336,2970.357369663366,0.03496,293456.470309,29193.500386133863,88.845113,65.49624064,20.804716708096482,0.33332656194533566,46,64,,True,False,Request timeout: 300.0s exceeded,430,21.16838264042747
524,2026-09-14T02:34:12.725+00:00,2026-09-14T02:39:06.346+00:00,2026-09-14T02:39:12.803+00:00,False,98,97.0,,97.0,293621.04104900005,300077.99388100003,300077.99389200006,3062.020345836735,0.040130000000000006,293621.04104900005,29653.48713600264,89.6753847,66.56652404123712,20.764932295837493,0.3232492951098129,46,64,,True,False,Request timeout: 300.0s exceeded,465,21.16838264042747
525,2026-09-14T02:34:17.039+00:00,2026-09-14T02:39:10.670+00:00,2026-09-14T02:39:17.073+00:00,False,94,93.0,,93.0,293631.32245599997,300034.52092,300034.52082299994,3191.8566045,0.024239999999999998,293631.32245599997,30278.663116554257,87.9849455,68.85159638709678,19.421211209954528,0.3099643324869179,46,64,,True,False,Request timeout: 300.0s exceeded,359,21.16838264042747
526,2026-09-14T02:34:21.269+00:00,2026-09-14T02:39:14.904+00:00,2026-09-14T02:39:21.295+00:00,False,94,93.0,,93.0,293635.096645,300025.980485,300025.98032699997,3191.7657481595743,0.03553,293635.096645,30279.066069671393,87.60563715,68.71918107526882,19.449031451307697,0.3099731558235824,46,64,,True,False,Request timeout: 300.0s exceeded,372,21.16838264042747
527,2026-09-14T02:34:24.166+00:00,2026-09-14T02:39:18.022+00:00,2026-09-14T02:39:24.250+00:00,False,90,89.0,,89.0,293856.20316000003,300084.339096,300084.339136,3334.270434844445,0.023399999999999997,293856.20316000003,30967.79271688134,86.6338194,69.97905546067415,18.737899885255903,0.2965832881119731,46,64,,True,False,Request timeout: 300.0s exceeded,204,21.16838264042747
528,2026-09-14T02:34:28.282+00:00,2026-09-14T02:39:22.014+00:00,2026-09-14T02:39:28.296+00:00,False,92,91.0,,91.0,293731.529851,300013.923451,300013.923282,3261.0209052391306,0.01838,293731.529851,30616.437656449798,87.6795735,69.0372923076923,19.863930436957514,0.3033192558306803,46,64,,True,False,Request timeout: 300.0s exceeded,433,21.16838264042747
529,2026-09-14T02:34:32.311+00:00,2026-09-14T02:39:26.119+00:00,2026-09-14T02:39:32.329+00:00,False,92,91.0,,91.0,293808.566167,300018.170007,300018.16985099996,3261.067063597826,0.02343,293808.566167,30624.552584946596,88.86833904999999,68.23740483516482,19.778045371692972,0.3033149625500242,46,64,,True,False,Request timeout: 300.0s exceeded,431,21.16838264042747
530,2026-09-14T02:34:35.495+00:00,2026-09-14T02:39:29.064+00:00,2026-09-14T02:39:35.518+00:00,False,107,106.0,,106.0,293569.53074,300023.13074,300023.13064,2803.954491962617,0.041350000000000005,293569.53074,28374.558785450943,87.23981199999999,60.88301886792453,19.773920313384114,0.35330609256210843,46,64,,True,False,Request timeout: 300.0s exceeded,511,21.16838264042747
531,2026-09-14T02:34:38.358+00:00,2026-09-14T02:39:31.856+00:00,2026-09-14T02:39:37.552+00:00,True,114,114.0,,114.0,293497.381061,299193.16141299997,299193.161301,2624.5014149210524,0.018510000000000002,293497.381061,27483.83704267294,87.73869049999999,50.40513585840708,23.112589282253154,0.3810247515739064,46,64,,True,True,,526,21.16838264042747
0,2026-09-14T02:04:40.936+00:00,2026-09-14T02:04:41.210+00:00,2026-09-14T02:04:46.165+00:00,True,108,108.0,,108.0,273.141494,5228.922102,5228.92192,48.415943703703704,0.037219999999999996,273.141494,27.644099952922552,78.2973507,46.31570661682243,17.044736899083876,20.65435244458725,47,64,,False,True,,380,21.16838264042747
1,2026-09-14T02:04:45.981+00:00,2026-09-14T02:04:46.163+00:00,2026-09-14T02:04:53.491+00:00,True,123,123.0,,123.0,181.991996,7509.694524,7509.694564,61.054427349593496,38.458389000000004,181.991996,22.92928494416624,94.4531662,60.06313547540984,20.20472807035251,16.378828673644197,47,64,,False,True,,529,21.16838264042747
2,2026-09-14T02:04:50.969+00:00,2026-09-14T02:04:56.331+00:00,2026-09-14T02:05:07.510+00:00,True,171,171.0,,171.0,5361.82155,16540.334446,16540.334512999998,96.72710241520468,40.066275999999995,5361.82155,405.5524422982198,94.56383150000002,65.7559582117647,21.21845059887808,10.338364109762814,47,64,,False,True,,766,21.16838264042747
3,2026-09-14T02:04:55.793+00:00,2026-09-14T02:05:04.542+00:00,2026-09-14T02:05:14.256+00:00,True,150,150.0,,150.0,8749.414381999999,18463.297262,18463.297461,123.08864974,37.941319,8749.414381999999,709.3842806058327,93.9171764,65.19384483221477,21.39832961925833,8.124226018324505,47,64,,False,True,,673,21.16838264042747
4,2026-09-14T02:05:00.777+00:00,2026-09-14T02:05:12.883+00:00,2026-09-14T02:05:25.229+00:00,True,187,187.0,,187.0,12105.876978,24452.329714,24452.32969,130.76112133689838,22.979581,12105.876978,880.6948031854951,94.3200573,66.37877815053763,22.246118377843327,7.64753306483245,47,64,,False,True,,414,21.16838264042747
5,2026-09-14T02:05:05.250+00:00,2026-09-14T02:05:20.864+00:00,2026-09-14T02:05:38.763+00:00,True,269,269.0,,269.0,15614.728524,33513.213772,33513.213746,124.58443771747211,0.01831,15614.728524,948.3347090184651,95.81333640000001,66.7853927164179,26.172712931147608,8.026684693091033,47,64,,False,True,,1315,21.16838264042747
6,2026-09-14T02:05:09.298+00:00,2026-09-14T02:05:28.605+00:00,2026-09-14T02:05:38.809+00:00,True,153,153.0,,153.0,19307.132212,29511.089972,29511.08986,192.8829402614379,0.01816,19307.132212,1555.7424216233546,96.2546536,67.13130105263157,29.641110036813576,5.184491665511703,47,64,,False,True,,342,21.16838264042747
7,2026-09-14T02:05:12.540+00:00,2026-09-14T02:05:33.932+00:00,2026-09-14T02:05:53.077+00:00,True,292,292.0,,292.0,21391.152262,40536.148102,40536.148068,138.82242489041096,0.02461,21391.152262,1248.2402153733656,97.17304250000001,65.7903637113402,25.899871759406647,7.2034471372378155,47,64,,False,True,,1349,21.16838264042747
8,2026-09-14T02:05:18.087+00:00,2026-09-14T02:05:44.108+00:00,2026-09-14T02:06:01.497+00:00,True,263,263.0,,263.0,26021.633675,43410.053771000006,43410.053563,165.05723788212927,38.318809,26021.633675,1600.6235403230933,97.2929611,66.36801563358779,22.19451621534742,6.058504359091501,47,64,,False,True,,558,21.16838264042747
9,2026-09-14T02:05:23.732+00:00,2026-09-14T02:05:54.373+00:00,2026-09-14T02:06:13.329+00:00,True,285,285.0,,285.0,30641.525392,49596.856464,49596.856347,174.02405735789475,31.711863,30641.525392,1811.2279734468805,94.9710232,66.74412349295775,22.089916128617606,5.746331931477713,47,64,,False,True,,380,21.16838264042747
10,2026-09-14T02:05:28.826+00:00,2026-09-14T02:06:02.409+00:00,2026-09-14T02:06:19.859+00:00,True,261,261.0,,261.0,33582.812082000004,51033.29477000001,51033.294862,195.52986537164753,32.018352,33582.812082000004,2074.6838516327457,95.289059,67.11724110769231,21.831189213228136,5.11430824085121,47,64,,False,True,,1177,21.16838264042747
11,2026-09-14T02:05:34.211+00:00,2026-09-14T02:06:11.578+00:00,2026-09-14T02:06:26.315+00:00,True,225,225.0,,225.0,37366.83396,52103.682088,52103.682077000005,231.57192034222223,4.75921,37366.83396,2486.8397680891017,93.14846600000001,65.78950057142858,22.736052927070283,4.3183128520550325,47,64,,False,True,,1045,21.16838264042747
12,2026-09-14T02:05:38.788+00:00,2026-09-14T02:06:20.182+00:00,2026-09-14T02:06:39.657+00:00,True,295,295.0,,295.0,41393.584626,60869.018098,60869.01798700001,206.33565419322036,0.016640000000000002,41393.584626,2406.3515948034155,93.8737794,66.24297099319728,29.54265244254821,4.846472133410231,47,64,,False,True,,1067,21.16838264042747
13,2026-09-14T02:05:42.674+00:00,2026-09-14T02:06:26.401+00:00,2026-09-14T02:06:36.380+00:00,True,151,151.0,,151.0,43727.199391,53705.669023,53705.668932,355.66668166887416,0.01884,43727.199391,3553.219797233273,94.90798000000002,66.52313088,34.289583698736756,2.811621244962663,47,64,,False,True,,709,21.16838264042747
14,2026-09-14T02:05:47.978+00:00,2026-09-14T02:06:36.377+00:00,2026-09-14T02:06:46.612+00:00,True,152,152.0,,152.0,48399.093745,58633.538033,58633.538175,385.7469616776316,39.036097999999996,48399.093745,3920.2470170627735,94.30457249999999,67.77777674172185,21.695455377188175,2.592372984800128,47,64,,False,True,,671,21.16838264042747
15,2026-09-14T02:05:52.017+00:00,2026-09-14T02:06:43.275+00:00,2026-09-14T02:07:00.832+00:00,True,262,262.0,,262.0,51258.003309,68814.631789,68814.631859,262.6512666374046,7.099295,51258.003309,3162.6561386792046,95.96854454999999,67.26677578544061,22.800512104114333,3.8073298249033227,47,64,,False,True,,1294,21.16838264042747
16,2026-09-14T02:05:55.947+00:00,2026-09-14T02:06:49.488+00:00,2026-09-14T02:07:01.145+00:00,True,173,173.0,,173.0,53541.529755,65198.681243,65198.681118,376.8709891213873,40.837343999999995,53541.529755,4065.5921622266483,96.01280500000001,67.77413655813953,21.74356755906516,2.6534279022487746,47,64,,False,True,,335,21.16838264042747
17,2026-09-14T02:05:59.832+00:00,2026-09-14T02:06:56.530+00:00,2026-09-14T02:07:13.975+00:00,True,261,261.0,,261.0,56698.166207999995,74142.649024,74142.648966,284.07145197701146,0.0,56698.166207999995,3505.4656076457227,95.52035099999999,67.09416467692307,25.2025383196583,3.5202410951828043,47,64,,False,True,,1137,21.16838264042747
18,2026-09-14T02:06:04.945+00:00,2026-09-14T02:07:05.619+00:00,2026-09-14T02:07:24.445+00:00,True,284,284.0,,284.0,60674.113646,79499.80171,79499.801597,279.9288788626761,0.0,60674.113646,3596.489050948564,97.2066295,66.52186595053004,25.507775089622235,3.572335954194923,47,64,,False,True,,1328,21.16838264042747
19,2026-09-14T02:06:08.337+00:00,2026-09-14T02:07:11.657+00:00,2026-09-14T02:07:28.771+00:00,True,259,259.0,,259.0,63320.141539,80433.940963,80433.941073,310.55575703861,0.01679,63320.141539,3930.5612212544397,94.9859197,66.33255590697675,35.61944484622722,3.220033693477002,47,64,,False,True,,1132,21.16838264042747
20,2026-09-14T02:06:12.596+00:00,2026-09-14T02:07:19.975+00:00,2026-09-14T02:07:38.394+00:00,True,278,278.0,,278.0,67378.745526,85797.754294,85797.754097,308.6250147374101,0.017079999999999998,67378.745526,4037.2834541779225,94.71589285,66.49461649097474,36.335769214116844,3.2401780476373268,47,64,,False,True,,1432,21.16838264042747
21,2026-09-14T02:06:17.820+00:00,2026-09-14T02:07:29.139+00:00,2026-09-14T02:07:48.469+00:00,True,300,300.0,,300.0,71318.86665800001,90648.818146,90648.81815700002,302.16272719000006,0.03284,71318.86665800001,4113.930558574653,93.39770004999998,64.64866718394649,23.406583350102448,3.309475028309984,47,64,,False,True,,1289,21.16838264042747
22,2026-09-14T02:06:23.559+00:00,2026-09-14T02:07:38.215+00:00,2026-09-14T02:07:56.421+00:00,True,281,281.0,,281.0,74656.695472,92861.99032000001,92861.99037500001,330.4697166370107,0.0,74656.695472,4449.826515901616,92.887694,65.01891017142857,23.178779528796483,3.025995878740928,47,64,,False,True,,1053,21.16838264042747
23,2026-09-14T02:06:27.470+00:00,2026-09-14T02:07:45.368+00:00,2026-09-14T02:08:02.015+00:00,True,257,257.0,,257.0,77898.094027,94545.264587,94545.264729,367.88040750583656,0.0,77898.094027,4855.150650808117,92.89744280000001,65.02801,23.65211332117548,2.7182746922613994,47,64,,False,True,,1016,21.16838264042747
24,2026-09-14T02:06:32.547+00:00,2026-09-14T02:07:54.567+00:00,2026-09-14T02:08:10.495+00:00,True,241,241.0,,241.0,82019.719158,97947.97823000001,97947.97826100001,406.42314631120337,40.931533,82019.719158,5279.125711506079,95.814059,66.36774613333333,22.15001430972259,2.4604897860585475,47,64,,False,True,,1107,21.16838264042747
25,2026-09-14T02:06:37.489+00:00,2026-09-14T02:08:02.147+00:00,2026-09-14T02:08:15.636+00:00,True,209,209.0,,209.0,84658.206832,98147.422832,98147.4227,469.60489330143537,0.0,84658.206832,5851.505870029941,95.9135562,64.852,26.81843148483539,2.1294496989263547,47,64,,False,True,,842,21.16838264042747
26,2026-09-14T02:06:43.000+00:00,2026-09-14T02:08:12.126+00:00,2026-09-14T02:08:20.694+00:00,True,127,127.0,,127.0,89126.231383,97694.094423,97694.09434200001,769.2448373385827,0.0,89126.231383,7902.695803519785,96.1863362,67.99891301587301,29.75542638155518,1.2999762242547648,47,64,,False,True,,420,21.16838264042747
27,2026-09-14T02:06:47.214+00:00,2026-09-14T02:08:19.837+00:00,2026-09-14T02:08:32.525+00:00,True,195,195.0,,195.0,92622.945319,105310.81629500001,105310.816472,540.0554690871795,0.015399,92622.945319,6628.353894666345,96.78532770000001,65.40139678350516,47.66555178998222,1.851661651294771,47,64,,False,True,,965,21.16838264042747
28,2026-09-14T02:06:50.990+00:00,2026-09-14T02:08:26.485+00:00,2026-09-14T02:08:40.018+00:00,True,203,203.0,,203.0,95494.29311399999,109027.18424999999,109027.18434399998,537.0797258325123,0.0,95494.29311399999,6697.728516342803,95.95976410000002,66.99451057425743,24.66026952560922,1.8619209639911436,47,64,,False,True,,682,21.16838264042747
29,2026-09-14T02:06:55.099+00:00,2026-09-14T02:08:34.379+00:00,2026-09-14T02:08:52.873+00:00,True,277,277.0,,277.0,99279.695452,117773.922396,117773.922498,425.1766155162455,0.0,99279.695452,5961.161626442249,96.5716,67.00806863768116,24.207946523125123,2.3519637825139452,47,64,,False,True,,1502,21.16838264042747
30,2026-09-14T02:07:00.211+00:00,2026-09-14T02:08:43.674+00:00,2026-09-14T02:09:00.975+00:00,True,262,262.0,,262.0,103462.979719,120763.249799,120763.24992799999,460.92843483969466,0.0,103462.979719,6387.926147075602,96.81794249999999,66.2845596934866,27.034366148047976,2.16953419551127,47,64,,False,True,,1108,21.16838264042747
31,2026-09-14T02:07:05.859+00:00,2026-09-14T02:08:53.506+00:00,2026-09-14T02:09:11.178+00:00,True,271,271.0,,271.0,107647.440972,125318.95892399999,125318.95891,462.4315826937269,0.0,107647.440972,6535.195778024828,95.3978585,65.4500664888889,26.919690980006408,2.1624820564009686,47,64,,False,True,,1191,21.16838264042747
32,2026-09-14T02:07:10.370+00:00,2026-09-14T02:09:01.853+00:00,2026-09-14T02:09:14.693+00:00,True,193,193.0,,193.0,111483.196966,124323.57943,124323.579568,644.1636247046632,34.674037,111483.196966,8019.95499422874,96.3548266,66.876992,22.994723399893466,1.5524006056201756,47,64,,False,True,,851,21.16838264042747
33,2026-09-14T02:07:15.333+00:00,2026-09-14T02:09:10.791+00:00,2026-09-14T02:09:19.443+00:00,True,129,129.0,,129.0,115457.284675,124110.029891,124110.029911,962.093255124031,0.01523,115457.284675,10159.716726130799,100.3141626,67.599572,67.34228079352728,1.0394002814542438,47,64,,False,True,,513,21.16838264042747
34,2026-09-14T02:07:19.388+00:00,2026-09-14T02:09:18.160+00:00,2026-09-14T02:09:35.329+00:00,True,262,262.0,,262.0,118771.869593,135940.984729,135940.984852,518.8587208091603,0.0,118771.869593,7333.7408954102875,95.93536255,65.78205032950191,28.279531522174125,1.9273069157347964,47,64,,False,True,,1166,21.16838264042747
35,2026-09-14T02:07:24.889+00:00,2026-09-14T02:09:27.800+00:00,2026-09-14T02:09:37.532+00:00,True,150,150.0,,150.0,122911.02484499999,132643.042509,132643.042521,884.2869501399999,39.855095999999996,122911.02484499999,10030.33348894354,94.08413594999998,65.31555479194631,21.70534708754955,1.1308546393590324,47,64,,False,True,,784,21.16838264042747
36,2026-09-14T02:07:28.571+00:00,2026-09-14T02:09:34.099+00:00,2026-09-14T02:09:42.696+00:00,True,130,130.0,,130.0,125527.883554,134125.132066,134125.132067,1031.7317851307691,39.371367,125527.883554,11003.700488149774,96.0420895,66.64533730232559,22.078982344331607,0.9692441528111965,47,64,,False,True,,676,21.16838264042747
37,2026-09-14T02:07:33.127+00:00,2026-09-14T02:09:42.102+00:00,2026-09-14T02:09:59.453+00:00,True,262,262.0,,262.0,128974.976099,146325.842787,146325.842794,558.4955831832061,0.0,128974.976099,7964.045316166721,95.35303405,66.47841642911878,28.760575936846692,1.7905244556245727,47,64,,False,True,,1234,21.16838264042747
38,2026-09-14T02:07:37.493+00:00,2026-09-14T02:09:49.183+00:00,2026-09-14T02:09:59.632+00:00,True,157,157.0,,157.0,131690.046348,142139.63150000002,142139.63140800002,905.3479707515924,36.827632,131690.046348,10504.687805934298,96.05595100000001,66.9845202051282,22.46715118073334,1.104547678526942,47,64,,False,True,,806,21.16838264042747
39,2026-09-14T02:07:41.131+00:00,2026-09-14T02:09:56.215+00:00,2026-09-14T02:10:11.198+00:00,True,224,224.0,,224.0,135084.468606,150067.141758,150067.141924,669.942597875,39.672817,135084.468606,9021.246630144262,95.34009380000002,67.18687512107623,21.299369985626996,1.4926651988962711,47,64,,False,True,,994,21.16838264042747
40,2026-09-14T02:07:45.704+00:00,2026-09-14T02:10:03.310+00:00,2026-09-14T02:10:16.094+00:00,True,191,191.0,,191.0,137606.265634,150389.51581,150389.515736,787.3796635392671,0.0,137606.265634,9952.017651228567,96.11569200000002,67.28026408421053,30.32075111735069,1.2700353410360514,47,64,,False,True,,805,21.16838264042747
41,2026-09-14T02:07:51.272+00:00,2026-09-14T02:10:14.416+00:00,2026-09-14T02:10:33.590+00:00,True,289,289.0,,289.0,143143.906551,162318.076407,162318.076396,561.654243584775,0.01654,143143.906551,8416.501072487903,95.75241800000002,66.57697866666666,56.287676629979366,1.7804548106851323,47,64,,False,True,,1321,21.16838264042747
42,2026-09-14T02:07:57.001+00:00,2026-09-14T02:10:24.403+00:00,2026-09-14T02:10:40.082+00:00,True,235,235.0,,235.0,147402.038052,163080.63645199998,163080.63644899998,693.9601551021276,0.0,147402.038052,9611.129489394987,96.3141423,67.00255726495726,31.533769936895645,1.4410049231636908,47,64,,False,True,,1009,21.16838264042747
43,2026-09-14T02:08:01.837+00:00,2026-09-14T02:10:32.712+00:00,2026-09-14T02:10:52.390+00:00,True,298,298.0,,298.0,150874.877271,170552.772183,170552.772032,572.3247383624162,0.0,150874.877271,8736.160385453226,95.04215765,66.25553842424242,30.044938417450453,1.7472597846738689,47,64,,False,True,,1289,21.16838264042747
44,2026-09-14T02:08:05.532+00:00,2026-09-14T02:10:39.350+00:00,2026-09-14T02:10:58.049+00:00,True,285,285.0,,285.0,153817.440692,172516.858036,172516.85800900002,605.3223088035088,0.0,153817.440692,9107.50821039265,95.63284,65.8430188169014,30.103676357462696,1.6520124655906239,47,64,,False,True,,1520,21.16838264042747
45,2026-09-14T02:08:09.568+00:00,2026-09-14T02:10:47.037+00:00,2026-09-14T02:10:57.219+00:00,True,154,154.0,,154.0,157469.528522,167651.286218,167651.286388,1088.6447168051948,7.537624,157469.528522,12683.913389768282,93.59987949999999,66.54743592156862,22.436004240471735,0.9185733284488555,47,64,,False,True,,817,21.16838264042747
46,2026-09-14T02:08:14.408+00:00,2026-09-14T02:10:54.110+00:00,2026-09-14T02:11:10.154+00:00,True,247,247.0,,247.0,159701.363285,175745.974613,175745.974597,711.5221643603239,0.0,159701.363285,10157.450391752604,93.34054,65.22199726829268,30.618196160019785,1.4054375956200669,47,64,,False,True,,1226,21.16838264042747
47,2026-09-14T02:08:18.787+00:00,2026-09-14T02:11:02.760+00:00,2026-09-14T02:11:13.975+00:00,True,171,171.0,,171.0,163972.688987,175187.677787,175187.677761,1024.489343631579,0.0,163972.688987,12534.305769209359,94.5131205,65.97052235294117,33.96016246936367,0.9760960483071673,47,64,,False,True,,597,21.16838264042747
48,2026-09-14T02:08:22.937+00:00,2026-09-14T02:11:08.998+00:00,2026-09-14T02:11:17.066+00:00,True,124,124.0,,124.0,166061.340731,174129.720123,174129.720157,1404.2719367500001,0.0,166061.340731,14906.90511264609,94.05617215000001,65.59658042276423,37.67860765983227,0.7121127852982829,47,64,,False,True,,558,21.16838264042747
49,2026-09-14T02:08:28.120+00:00,2026-09-14T02:11:18.931+00:00,2026-09-14T02:11:27.798+00:00,True,121,121.0,,121.0,170811.06887000002,179678.01287,179678.01295300003,1484.9422558099175,0.01657,170811.06887000002,15521.848789053793,99.146991,73.8912,94.81586606390172,0.673426859899355,47,64,,False,True,,616,21.16838264042747
50,2026-09-14T02:08:33.230+00:00,2026-09-14T02:11:28.570+00:00,2026-09-14T02:11:40.599+00:00,True,185,185.0,,185.0,175339.860303,187368.831311,187368.831342,1012.8044937405405,41.220773,175339.860303,12886.45530530849,95.1072552,65.37484243478261,22.099260318320013,0.9873573886626419,47,64,,False,True,,755,21.16838264042747
51,2026-09-14T02:08:37.075+00:00,2026-09-14T02:11:34.578+00:00,2026-09-14T02:11:43.483+00:00,True,138,138.0,,138.0,177503.112068,186408.378756,186408.37870899998,1350.785352963768,0.0,177503.112068,15104.579014044837,96.52800235,65.00194662773723,36.595907895405084,0.7403100703999774,47,64,,False,True,,573,21.16838264042747
52,2026-09-14T02:08:41.683+00:00,2026-09-14T02:11:42.931+00:00,2026-09-14T02:11:50.413+00:00,True,111,111.0,,111.0,181248.119112,188729.635912,188729.635694,1700.266988234234,41.811811999999996,181248.119112,17196.869822600893,94.70472050000001,68.0137890909091,23.013338311878822,0.5881429244729566,47,64,,False,True,,702,21.16838264042747
53,2026-09-14T02:08:46.519+00:00,2026-09-14T02:11:51.336+00:00,2026-09-14T02:12:10.694+00:00,True,287,287.0,,287.0,184817.769566,204175.443038,204175.44291800002,711.4126930940766,34.754417000000004,184817.769566,10905.477252170414,97.8557113,67.68417297902099,23.169715102304362,1.4056538618436358,47,64,,False,True,,1035,21.16838264042747
54,2026-09-14T02:08:50.017+00:00,2026-09-14T02:11:57.192+00:00,2026-09-14T02:12:08.656+00:00,True,167,167.0,,167.0,187174.439152,198638.520048,198638.520021,1189.452215694611,36.972282,187174.439152,14478.66840599015,99.2857949,69.06072828915663,23.85316319703536,0.8407231384911914,47,64,,False,True,,574,21.16838264042747
55,2026-09-14T02:08:53.941+00:00,2026-09-14T02:12:04.826+00:00,2026-09-14T02:12:24.559+00:00,True,289,289.0,,289.0,190885.592656,210618.589264,210618.589418,728.7840464290657,0.0,190885.592656,11224.578458068278,98.0943534,68.51734933333333,31.703181734939186,1.372148588640259,47,64,,False,True,,1179,21.16838264042747
56,2026-09-14T02:08:59.354+00:00,2026-09-14T02:12:15.471+00:00,2026-09-14T02:12:30.292+00:00,True,223,223.0,,223.0,196116.902104,210937.94812000002,210937.94802900002,945.9100808475337,12.527954,196116.902104,13128.506983737905,95.0723692,66.76146854054053,22.105662652122426,1.0571829392838221,47,64,,False,True,,958,21.16838264042747
57,2026-09-14T02:09:04.851+00:00,2026-09-14T02:12:23.565+00:00,2026-09-14T02:12:40.250+00:00,True,256,256.0,,256.0,198714.166225,215399.119825,215399.119691,841.4028112929687,40.064036,198714.166225,12415.563506962468,93.27726374999999,65.4311905882353,20.926834925592285,1.1884913931309746,47,64,,False,True,,1231,21.16838264042747
58,2026-09-14T02:09:09.360+00:00,2026-09-14T02:12:33.509+00:00,2026-09-14T02:12:45.162+00:00,True,177,177.0,,177.0,204149.17041999998,215802.113012,215802.11319099998,1219.2209784802258,35.829335,204149.17041999998,15339.830108342634,94.93590379999999,66.2099010909091,21.828502503972356,0.8201958615213266,47,64,,False,True,,802,21.16838264042747
59,2026-09-14T02:09:14.766+00:00,2026-09-14T02:12:42.748+00:00,2026-09-14T02:12:51.226+00:00,True,129,129.0,,129.0,207981.41019800003,216460.20315800002,216460.20309900003,1677.986070534884,0.0,207981.41019800003,18305.957004755488,95.07220740000001,66.24057,41.667585222227295,0.5959525035918011,47,64,,False,True,,556,21.16838264042747
60,2026-09-14T02:09:18.582+00:00,2026-09-14T02:12:49.993+00:00,2026-09-14T02:12:59.910+00:00,True,151,151.0,,151.0,211410.886436,221327.808548,221327.808506,1465.7470761986756,0.0,211410.886436,17199.280975117534,98.0680235,66.11281407999999,99.72975354750452,0.68224594546262,47,64,,False,True,,701,21.16838264042747
61,2026-09-14T02:09:22.813+00:00,2026-09-14T02:12:57.273+00:00,2026-09-14T02:13:07.377+00:00,True,150,150.0,,150.0,214459.89174000002,224564.15234800003,224564.152315,1497.0943487666668,39.980996,214459.89174000002,17505.05372293454,95.81745185,67.81382958389261,22.105419856921266,0.667960573544925,47,64,,False,True,,669,21.16838264042747
62,2026-09-14T02:09:26.564+00:00,2026-09-14T02:13:03.280+00:00,2026-09-14T02:13:15.961+00:00,True,192,192.0,,192.0,216715.12101300003,229396.47678900004,229396.47687900002,1194.773317078125,33.712339,216715.12101300003,15635.290700984115,95.6889516,66.39453285863874,22.167330708148114,0.8369788528905895,47,64,,False,True,,848,21.16838264042747
63,2026-09-14T02:09:31.478+00:00,2026-09-14T02:13:11.191+00:00,2026-09-14T02:13:26.517+00:00,True,234,234.0,,234.0,219713.58478499998,235039.474321,235039.474334,1004.4421980085469,37.69392,219713.58478499998,14358.842697231454,93.56475780000001,65.77634993991416,21.66215911795349,0.995577447898899,47,64,,False,True,,1099,21.16838264042747
64,2026-09-14T02:09:34.660+00:00,2026-09-14T02:13:17.742+00:00,2026-09-14T02:13:35.585+00:00,True,272,272.0,,272.0,223081.778741,240924.312373,240924.31242899998,885.7511486360294,0.0,223081.778741,13522.371560748317,93.02209950000001,65.83960749815498,34.564841360336054,1.128985270606017,47,64,,False,True,,1132,21.16838264042747
65,2026-09-14T02:09:39.452+00:00,2026-09-14T02:13:26.335+00:00,2026-09-14T02:13:43.169+00:00,True,256,256.0,,256.0,226883.735541,243717.135861,243717.135863,952.0200619648438,0.0,226883.735541,14176.152515194222,94.6442935,66.0133345882353,35.74048654010864,1.0503980325208047,47,64,,False,True,,1154,21.16838264042747
66,2026-09-14T02:09:43.194+00:00,2026-09-14T02:13:32.155+00:00,2026-09-14T02:13:51.589+00:00,True,290,290.0,,290.0,228960.92635,248395.355278,248395.355255,856.5357077758621,37.291241,228960.92635,13441.117514887925,95.48813094999997,67.24715892041522,21.950105056584487,1.1674936500943698,47,64,,False,True,,1388,21.16838264042747
67,2026-09-14T02:09:47.240+00:00,2026-09-14T02:13:39.820+00:00,2026-09-14T02:13:48.958+00:00,True,134,134.0,,134.0,232580.22929699998,241717.77707299998,241717.77726099998,1803.8640094104476,40.979883,232580.22929699998,20085.94914947334,95.7017555,68.70336673684211,22.552795790111706,0.5543655151169594,47,64,,False,True,,446,21.16838264042747
68,2026-09-14T02:09:52.391+00:00,2026-09-14T02:13:49.727+00:00,2026-09-14T02:14:06.220+00:00,True,251,251.0,,251.0,237335.936316,253828.825916,253828.826058,1011.2702233386455,32.268431,237335.936316,14976.3629279952,94.05940999999999,65.97155839999999,21.62503387068747,0.9888553795819228,47,64,,False,True,,1025,21.16838264042747
69,2026-09-14T02:09:56.987+00:00,2026-09-14T02:13:57.422+00:00,2026-09-14T02:14:09.666+00:00,True,183,183.0,,183.0,240435.391784,252679.47959200002,252679.479399,1380.7621825081967,32.232611,240435.391784,17768.537531217473,96.030663,67.27520773626374,23.20403122873289,0.7242376796702643,47,64,,False,True,,743,21.16838264042747
70,2026-09-14T02:10:00.331+00:00,2026-09-14T02:14:04.223+00:00,2026-09-14T02:14:16.247+00:00,True,178,178.0,,178.0,243892.346469,255916.253285,255916.25317500002,1437.7317594101123,0.0,243892.346469,18275.46480858374,96.65728929999999,67.93167692655366,43.83125838766955,0.6955400359107754,47,64,,False,True,,583,21.16838264042747
71,2026-09-14T02:10:05.951+00:00,2026-09-14T02:14:15.047+00:00,2026-09-14T02:14:25.226+00:00,True,153,153.0,,153.0,249095.96921799998,259274.961858,259274.961884,1694.6075940130718,37.972679,249095.96921799998,20132.812799349274,94.27564300000002,66.96705684210526,21.340179455082254,0.5901071160268658,47,64,,False,True,,776,21.16838264042747
72,2026-09-14T02:10:10.808+00:00,2026-09-14T02:14:22.584+00:00,2026-09-14T02:14:38.788+00:00,True,245,245.0,,245.0,251775.269848,267979.388376,267979.388414,1093.7934220979591,0.015560000000000001,251775.269848,16081.351414400504,93.2081812,66.41032183606558,92.03043759901593,0.9142494185270781,47,64,,False,True,,1097,21.16838264042747
73,2026-09-14T02:10:16.432+00:00,2026-09-14T02:14:33.056+00:00,2026-09-14T02:14:40.308+00:00,True,109,109.0,,109.0,256623.655543,263876.243831,263876.24389,2420.88297146789,39.450306,256623.655543,24573.665387267414,94.05256440000001,67.15359525925925,21.43995823163227,0.41307242523055326,47,64,,False,True,,502,21.16838264042747
74,2026-09-14T02:10:22.043+00:00,2026-09-14T02:14:42.309+00:00,2026-09-14T02:14:54.805+00:00,True,189,189.0,,189.0,260265.621739,272761.144299,272761.144353,1443.180657952381,32.477920999999995,260265.621739,18926.716394151077,94.72511400000002,66.4655455319149,22.035235574434832,0.6929139430241529,47,64,,False,True,,942,21.16838264042747
75,2026-09-14T02:10:27.433+00:00,2026-09-14T02:14:52.327+00:00,2026-09-14T02:15:01.215+00:00,True,131,131.0,,131.0,264894.180781,273781.994157,273781.994184,2089.9388869007635,0.0,264894.180781,23137.99416547536,95.65557150000001,68.3677952,50.85351398167116,0.47848289075167666,47,64,,False,True,,646,21.16838264042747
76,2026-09-14T02:10:30.561+00:00,2026-09-14T02:14:57.842+00:00,2026-09-14T02:15:08.152+00:00,True,149,149.0,,149.0,267281.197927,277591.262567,277591.262628,1863.0286082416108,0.0,267281.197927,21890.87542335544,95.35979859999999,69.66259891891892,48.56014145734356,0.5367604103318527,47,64,,False,True,,238,21.16838264042747
77,2026-09-14T02:10:34.123+00:00,2026-09-14T02:15:03.671+00:00,2026-09-14T02:15:13.285+00:00,True,145,145.0,,145.0,269548.389752,279161.86764,279161.867544,1925.254258924138,40.332805,269548.389752,22379.242882740436,96.13717580000001,66.76026311111112,22.91470856285975,0.5194119140476172,47,64,,False,True,,595,21.16838264042747
78,2026-09-14T02:10:37.800+00:00,2026-09-14T02:15:09.805+00:00,2026-09-14T02:15:17.955+00:00,True,121,121.0,,121.0,272004.434605,280154.888109,280154.888205,2315.329654586777,41.126112,272004.434605,24721.51212571589,95.06012799999999,67.92044586666665,23.246412269102912,0.4319039400551971,47,64,,False,True,,541,21.16838264042747
79,2026-09-14T02:10:43.523+00:00,2026-09-14T02:15:20.139+00:00,2026-09-14T02:15:35.523+00:00,True,229,229.0,,229.0,276615.427941,292000.084581,292000.08463,1275.1095398689956,39.847536,276615.427941,18274.81704031394,96.6653744,67.47656421052632,22.687906200948824,0.7842463481769166,47,64,,False,True,,1054,21.16838264042747
80,2026-09-14T02:10:48.286+00:00,2026-09-14T02:15:29.213+00:00,2026-09-14T02:15:41.127+00:00,True,173,173.0,,173.0,280926.793287,292840.414535,292840.414589,1692.7191594739884,32.339332,280926.793287,21353.214104263257,96.565881,69.26523981395349,22.37875931792193,0.5907654524895614,47,64,,False,True,,902,21.16838264042747
81,2026-09-14T02:10:53.240+00:00,2026-09-14T02:15:38.173+00:00,2026-09-14T02:15:51.909+00:00,True,211,211.0,,211.0,284932.631854,298668.45367799996,298668.45345,1415.4903007109003,0.0,284932.631854,19611.116358238232,94.82406449999999,65.40867535238095,43.47209983133959,0.7064689872720306,47,64,,False,True,,951,21.16838264042747
82,2026-09-14T02:10:57.966+00:00,2026-09-14T02:15:46.863+00:00,2026-09-14T02:15:57.975+00:00,False,171,170.0,,170.0,288896.72982099996,300008.16124499997,300008.16102299996,1754.433690192982,0.0,288896.72982099996,22087.537348160695,96.2941155,65.36136131764707,47.40007151270386,0.566651251401026,47,64,,False,False,Request timeout: 300.0s exceeded,771,21.16838264042747
83,2026-09-14T02:11:02.507+00:00,2026-09-14T02:15:54.645+00:00,2026-09-14T02:16:02.520+00:00,False,112,111.0,,111.0,292138.039136,300012.62985599996,300012.629858,2678.684195160714,0.03936,292138.039136,27597.75485089252,93.01357155,70.94225873873874,21.45190474709323,0.36998442383334923,47,64,,False,False,Request timeout: 300.0s exceeded,520,21.16838264042747
84,2026-09-14T02:11:07.207+00:00,2026-09-14T02:16:00.811+00:00,2026-09-14T02:16:07.226+00:00,False,95,94.0,,94.0,293603.441861,300019.257541,300019.25766,3158.097449052632,0.0396,293603.441861,30116.081512557455,89.4248717,68.25335829787234,20.067548774722628,0.3133132211926568,47,64,,False,False,Request timeout: 300.0s exceeded,444,21.16838264042747
85,2026-09-14T02:11:12.272+00:00,2026-09-14T02:16:05.713+00:00,2026-09-14T02:16:12.304+00:00,False,98,97.0,,97.0,293441.517157,300032.22077300004,300032.220776,3061.55327322449,0.039020000000000006,293441.517157,29635.212507240627,88.2611232,67.94539810309278,19.738426474593012,0.32329861022956186,47,64,,False,False,Request timeout: 300.0s exceeded,434,21.16838264042747
86,2026-09-14T02:11:17.124+00:00,2026-09-14T02:16:10.856+00:00,2026-09-14T02:16:17.197+00:00,False,96,95.0,,95.0,293731.834808,300073.374136,300073.374295,3125.764315572917,0.03817,293731.834808,29972.07342417465,87.784709,66.75304555789474,19.88167046584658,0.3165892351280186,47,64,,False,False,Request timeout: 300.0s exceeded,495,21.16838264042747
87,2026-09-14T02:11:21.541+00:00,2026-09-14T02:16:14.990+00:00,2026-09-14T02:16:21.553+00:00,False,97,96.0,,96.0,293449.012877,300012.53364499996,300012.533764,3092.9127192164947,0.040299999999999996,293449.012877,29788.297374693673,88.68482199999998,68.370008,19.488606738682055,0.3199866313371936,47,64,,False,False,Request timeout: 300.0s exceeded,464,21.16838264042747
88,2026-09-14T02:11:25.612+00:00,2026-09-14T02:16:19.745+00:00,2026-09-14T02:16:25.639+00:00,False,88,87.0,,87.0,294133.221311,300027.072191,300027.072276,3409.3985485909093,0.02428,294133.221311,31347.491621462075,88.62580235,67.7454124137931,20.402311942431904,0.2899738325767316,47,64,,False,False,Request timeout: 300.0s exceeded,444,21.16838264042747
89,2026-09-14T02:11:29.988+00:00,2026-09-14T02:16:23.814+00:00,2026-09-14T02:16:30.043+00:00,False,97,96.0,,96.0,293825.288763,300054.747963,300054.747918,3093.3479166804123,0.0221,293825.288763,29826.856558275143,90.78131379999999,64.8902,20.751188822496545,0.3199416128280625,47,64,,False,False,Request timeout: 300.0s exceeded,475,21.16838264042747
90,2026-09-14T02:11:34.073+00:00,2026-09-14T02:16:27.444+00:00,2026-09-14T02:16:34.098+00:00,False,114,113.0,,113.0,293370.581839,300024.920911,300024.920905,2631.7975517982454,0.01582,293370.581839,27471.552633294,91.01250199999998,58.88795638938053,148.0759114560955,0.37663537967741206,47,64,,False,False,Request timeout: 300.0s exceeded,485,21.16838264042747
91,2026-09-14T02:11:37.547+00:00,2026-09-14T02:16:32.794+00:00,2026-09-14T02:16:37.572+00:00,False,103,102.0,,102.0,295247.591625,300025.821897,300025.821882,2912.872057106796,0.01559,295247.591625,29087.014021186205,87.40188530000002,46.84539482352942,34.450536615951066,0.33997073770209346,47,64,,False,False,Request timeout: 300.0s exceeded,458,21.16838264042747
92,2026-09-14T02:11:41.849+00:00,2026-09-14T02:16:35.768+00:00,2026-09-14T02:16:41.939+00:00,False,89,88.0,,88.0,293919.050828,300090.226252,300090.226138,3371.800293685393,0.04298,293919.050828,31147.92990801729,89.31694279999999,70.12699345454546,19.888130584135908,0.29324513863407936,47,64,,False,False,Request timeout: 300.0s exceeded,304,21.16838264042747
93,2026-09-14T02:11:46.787+00:00,2026-09-14T02:16:40.042+00:00,2026-09-14T02:16:46.794+00:00,False,108,107.0,,107.0,293255.34907999996,300007.709016,300007.70882999996,2777.849155833333,0.0,293255.34907999996,28212.503396708864,87.68408035,63.10616762616822,61.621754566717925,0.35665750173870864,47,64,,False,False,Request timeout: 300.0s exceeded,235,21.16838264042747
94,2026-09-14T02:11:52.324+00:00,2026-09-14T02:16:45.972+00:00,2026-09-14T02:16:52.330+00:00,False,93,92.0,,92.0,293647.887609,300005.56748100003,300005.567434,3225.866316494624,0.03564,293647.887609,30442.70811550961,88.56582399999999,69.105216,20.03569278519823,0.3066609755694836,47,64,,False,False,Request timeout: 300.0s exceeded,348,21.16838264042747
95,2026-09-14T02:11:56.528+00:00,2026-09-14T02:16:50.031+00:00,2026-09-14T02:16:56.606+00:00,False,95,94.0,,94.0,293502.803819,300078.069611,300078.069754,3158.716523726316,0.03617,293502.803819,30105.582197733107,88.762087,69.94963608510639,20.010739909534518,0.3132518151754807,47,64,,False,False,Request timeout: 300.0s exceeded,419,21.16838264042747
96,2026-09-14T02:12:00.838+00:00,2026-09-14T02:16:54.638+00:00,2026-09-14T02:17:00.896+00:00,False,92,91.0,,91.0,293800.138391,300057.40277499997,300057.40272799996,3261.4935079130432,0.07108,293800.138391,30623.619649709355,89.9591557,68.76114707692307,20.280451509244525,0.3032753038532329,47,64,,False,False,Request timeout: 300.0s exceeded,389,21.16838264042747
97,2026-09-14T02:12:05.756+00:00,2026-09-14T02:16:59.408+00:00,2026-09-14T02:17:05.797+00:00,False,94,93.0,,93.0,293651.946291,300040.990771,300040.990769,3191.925433712766,0.0237,293651.946291,30280.806432362348,90.918118,68.69940301075269,20.091523128860384,0.30995764865668074,47,64,,False,False,Request timeout: 300.0s exceeded,447,21.16838264042747
98,2026-09-14T02:12:09.050+00:00,2026-09-14T02:17:02.529+00:00,2026-09-14T02:17:09.067+00:00,False,94,93.0,,93.0,293478.954878,300017.91193400003,300017.911808,3191.679912851064,0.0391,293478.954878,30262.797308468405,90.67713525,70.31136619354838,19.839059375720925,0.30998149210657383,47,64,,False,False,Request timeout: 300.0s exceeded,388,21.16838264042747
99,2026-09-14T02:12:12.611+00:00,2026-09-14T02:17:06.674+00:00,2026-09-14T02:17:12.674+00:00,False,87,86.0,,86.0,294063.687069,300063.76386899996,300063.763848,3449.008779862069,0.03803,294063.687069,31519.462677934174,88.8641343,69.76833488372094,19.779243415087965,0.2866057496950727,47,64,,False,False,Request timeout: 300.0s exceeded,193,21.16838264042747
100,2026-09-14T02:12:16.009+00:00,2026-09-14T02:17:10.181+00:00,2026-09-14T02:17:16.025+00:00,False,84,83.0,,83.0,294172.117808,300015.471408,300015.47133000003,3571.6127539285717,0.02905,294172.117808,32089.133965603247,89.60250515,70.40185060240965,19.70953963915194,0.2766523993261862,47,64,,False,False,Request timeout: 300.0s exceeded,335,21.16838264042747
101,2026-09-14T02:12:21.282+00:00,2026-09-14T02:17:15.083+00:00,2026-09-14T02:17:21.311+00:00,False,94,93.0,,93.0,293800.32624699996,300029.13776699995,300029.13768299995,3191.7993370531913,0.05244,293800.32624699996,30296.28893574209,91.19338565,66.97646795698924,20.950503343056646,0.30996989389818197,47,64,,False,False,Request timeout: 300.0s exceeded,212,21.16838264042747
102,2026-09-14T02:12:25.706+00:00,2026-09-14T02:17:19.124+00:00,2026-09-14T02:17:25.760+00:00,False,98,97.0,,97.0,293418.016566,300054.255926,300054.256001,3061.7781224591836,0.02612,293418.016566,29632.791389780316,89.07291049999999,68.4148387628866,20.070762719683685,0.32327486807560013,47,64,,False,False,Request timeout: 300.0s exceeded,189,21.16838264042747
103,2026-09-14T02:12:31.148+00:00,2026-09-14T02:17:24.858+00:00,2026-09-14T02:17:31.173+00:00,False,94,93.0,,93.0,293709.778661,300025.361893,300025.361899,3191.759169138298,0.02187,293709.778661,30286.852814124344,88.29905414999999,67.90949711827957,20.025888377976607,0.30997379492593424,47,64,,False,False,Request timeout: 300.0s exceeded,380,21.16838264042747
104,2026-09-14T02:12:35.178+00:00,2026-09-14T02:17:29.213+00:00,2026-09-14T02:17:35.199+00:00,False,86,85.0,,85.0,294034.91065700003,300020.360897,300020.360691,3488.6088452441863,0.087419,294034.91065700003,31699.01246066254,89.20174375,70.41706164705883,19.443019799317412,0.2833141049023048,47,64,,False,False,Request timeout: 300.0s exceeded,359,21.16838264042747
105,2026-09-14T02:12:39.863+00:00,2026-09-14T02:17:33.538+00:00,2026-09-14T02:17:39.943+00:00,False,99,98.0,,98.0,293674.386287,300079.335791,300079.33566599997,3031.1044006666666,0.0,293674.386287,29508.88843891728,87.7166227,65.35662759183674,64.91265725560525,0.3265803016448133,47,64,,False,False,Request timeout: 300.0s exceeded,453,21.16838264042747
106,2026-09-14T02:12:43.238+00:00,2026-09-14T02:17:36.802+00:00,2026-09-14T02:17:43.334+00:00,False,99,98.0,,98.0,293564.465617,300096.493009,300096.493007,3031.2777071414143,0.0,293564.465617,29497.711193125684,90.22594790000001,66.65334073469388,65.13955844940787,0.32656163028556595,47,64,,False,False,Request timeout: 300.0s exceeded,397,21.16838264042747
107,2026-09-14T02:12:47.098+00:00,2026-09-14T02:17:40.983+00:00,2026-09-14T02:17:47.132+00:00,False,87,86.0,,86.0,293884.351734,300033.16863000003,300033.168605,3448.657110402299,0.14360900000000001,293884.351734,31500.05014391905,89.82545099999999,71.49787088372094,19.213606558242365,0.2866349757018196,47,64,,False,False,Request timeout: 300.0s exceeded,272,21.16838264042747
108,2026-09-14T02:12:52.657+00:00,2026-09-14T02:17:46.672+00:00,2026-09-14T02:17:52.691+00:00,False,91,90.0,,90.0,294015.502411,300033.86887500004,300033.86893700005,3297.075482824176,0.01979,294015.502411,30814.196430648248,90.25178899999999,66.87073848888889,21.02770610699185,0.2999661349482373,47,64,,False,False,Request timeout: 300.0s exceeded,310,21.16838264042747
109,2026-09-14T02:12:56.592+00:00,2026-09-14T02:17:50.143+00:00,2026-09-14T02:17:56.644+00:00,False,101,100.0,,100.0,293551.493856,300052.62563200004,300052.625741,2970.8180766435644,0.03621,293551.493856,29203.00395535789,89.89524,65.01131776,20.979524743347095,0.33327487066433853,47,64,,False,False,Request timeout: 300.0s exceeded,487,21.16838264042747
110,2026-09-14T02:13:00.074+00:00,2026-09-14T02:17:53.862+00:00,2026-09-14T02:18:00.109+00:00,False,93,92.0,,92.0,293787.361175,300034.31976700004,300034.31983600004,3226.1754821075274,0.03723,293787.361175,30457.29593627019,88.7897118,67.90172382608695,20.480486645557296,0.3066315882511212,47,64,,False,False,Request timeout: 300.0s exceeded,491,21.16838264042747
111,2026-09-14T02:13:03.768+00:00,2026-09-14T02:17:57.628+00:00,2026-09-14T02:18:03.864+00:00,False,93,92.0,,92.0,293860.173464,300096.427928,300096.42798,3226.843311612903,0.02513,293860.173464,30464.858023444318,88.05078800000001,67.78537460869566,20.087736336883022,0.30656812756889235,47,64,,False,False,Request timeout: 300.0s exceeded,443,21.16838264042747
112,2026-09-14T02:13:06.876+00:00,2026-09-14T02:18:00.651+00:00,2026-09-14T02:18:06.886+00:00,False,91,90.0,,90.0,293774.364715,300009.535275,300009.53534299997,3296.8080806923076,0.02361,293774.364715,30788.66535315261,90.28093100000002,69.2796728888889,20.336129532456333,0.299990465028062,47,64,,False,False,Request timeout: 300.0s exceeded,558,21.16838264042747
113,2026-09-14T02:13:10.782+00:00,2026-09-14T02:18:04.549+00:00,2026-09-14T02:18:10.825+00:00,False,92,91.0,,91.0,293766.801805,300042.891917,300042.891866,3261.3357811521737,0.02613,293766.801805,30620.12267372514,91.01232755000001,68.96802320879121,20.539720326083717,0.3032899710391175,47,64,,False,False,Request timeout: 300.0s exceeded,417,21.16838264042747
114,2026-09-14T02:13:14.158+00:00,2026-09-14T02:18:07.966+00:00,2026-09-14T02:18:14.192+00:00,False,92,91.0,,91.0,293807.60272799997,300033.45104799996,300033.451082,3261.233163934782,0.041,293807.60272799997,30624.434001334317,91.10196309999999,68.4159156043956,20.505318434361254,0.30329951437795394,47,64,,False,False,Request timeout: 300.0s exceeded,416,21.16838264042747
115,2026-09-14T02:13:19.453+00:00,2026-09-14T02:18:13.061+00:00,2026-09-14T02:18:19.509+00:00,False,96,95.0,,95.0,293608.043242,300056.243946,300056.244031,3125.5858753229163,0.02066,293608.043242,29959.324814363517,89.83643000000001,67.87579688421053,20.483917782260548,0.3166073091853299,47,64,,False,False,Request timeout: 300.0s exceeded,472,21.16838264042747
116,2026-09-14T02:13:23.236+00:00,2026-09-14T02:18:16.781+00:00,2026-09-14T02:18:23.254+00:00,False,99,98.0,,98.0,293545.160876,300018.59063600004,300018.5907,3030.490815151515,0.02265,293545.160876,29495.766399306427,87.8210898,66.05540571428571,19.683573879792252,0.32664642478405376,47,64,,False,False,Request timeout: 300.0s exceeded,479,21.16838264042747
117,2026-09-14T02:13:28.357+00:00,2026-09-14T02:18:22.140+00:00,2026-09-14T02:18:28.376+00:00,False,91,90.0,,90.0,293782.926088,300019.2914,300019.291334,3296.9152893846153,0.03401,293782.926088,30789.56106106094,88.739172,69.29294791111111,19.75175409181606,0.2999807098404473,47,64,,False,False,Request timeout: 300.0s exceeded,377,21.16838264042747
118,2026-09-14T02:13:31.580+00:00,2026-09-14T02:18:25.281+00:00,2026-09-14T02:18:31.614+00:00,False,90,89.0,,89.0,293701.56529500004,300034.828655,300034.828617,3333.720317966667,0.02693,293701.56529500004,30951.368801834382,92.0575405,71.16026247191012,20.114385565297106,0.29663222899478153,47,64,,False,False,Request timeout: 300.0s exceeded,422,21.16838264042747
119,2026-09-14T02:13:36.354+00:00,2026-09-14T02:18:29.709+00:00,2026-09-14T02:18:36.385+00:00,False,104,103.0,,103.0,293355.36147899996,300030.95341499994,300030.95353799994,2884.913014788461,0.0,293355.36147899996,28759.568744738095,90.89581929999999,64.81157219417476,61.057689027231234,0.3432979125241501,47,64,,False,False,Request timeout: 300.0s exceeded,535,21.16838264042747
120,2026-09-14T02:13:40.522+00:00,2026-09-14T02:18:34.302+00:00,2026-09-14T02:18:40.596+00:00,False,91,90.0,,90.0,293779.666537,300073.72784899996,300073.72800199996,3297.513494527472,0.02539,293779.666537,30789.152673119945,90.90229299999999,69.93401457777777,20.53701510571697,0.2999262902658672,47,64,,False,False,Request timeout: 300.0s exceeded,439,21.16838264042747
121,2026-09-14T02:13:44.289+00:00,2026-09-14T02:18:38.320+00:00,2026-09-14T02:18:44.321+00:00,False,92,91.0,,91.0,294030.59690899996,300031.77143699996,300031.771301,3261.2149054456518,0.026,294030.59690899996,30647.940186021297,89.27519215000001,65.94697283516484,20.556829047832835,0.30330121228213985,47,64,,False,False,Request timeout: 300.0s exceeded,434,21.16838264042747
122,2026-09-14T02:13:49.039+00:00,2026-09-14T02:18:42.573+00:00,2026-09-14T02:18:49.064+00:00,False,103,102.0,,102.0,293533.36867,300024.72611,300024.726256,2912.861419961165,0.02532,293533.36867,28916.439163969604,91.52048810000001,63.64075921568627,21.134315281551935,0.3399719793848028,47,64,,False,False,Request timeout: 300.0s exceeded,201,21.16838264042747
123,2026-09-14T02:13:53.534+00:00,2026-09-14T02:18:47.171+00:00,2026-09-14T02:18:53.585+00:00,False,95,94.0,,94.0,293637.76751599996,300051.572572,300051.57257499994,3158.437606052631,0.022850000000000002,293637.76751599996,30119.605102843783,88.3135703,68.23196868085105,19.542612874015514,0.31327947790523203,47,64,,False,False,Request timeout: 300.0s exceeded,531,21.16838264042747
124,2026-09-14T02:13:58.342+00:00,2026-09-14T02:18:51.782+00:00,2026-09-14T02:18:59.327+00:00,False,89,88.0,,88.0,293440.178572,300985.540748,300985.540919,3381.8600103258427,0.042728999999999996,293440.178572,31096.12017772253,87.234547,85.742752,196.23857930489692,0.2923728488129533,47,64,,False,False,Request timeout: 300.0s exceeded,357,21.16838264042747
125,2026-09-14T02:14:01.855+00:00,2026-09-14T02:18:55.514+00:00,2026-09-14T02:19:01.934+00:00,False,104,103.0,,103.0,293659.03319499997,300079.119211,300079.119172,2885.376145884615,0.01512,293659.03319499997,28790.127330681353,91.26532510000001,62.33093219417476,187.09996475190005,0.3432428096657261,47,64,,False,False,Request timeout: 300.0s exceeded,497,21.16838264042747
126,2026-09-14T02:14:07.106+00:00,2026-09-14T02:19:00.489+00:00,2026-09-14T02:19:07.140+00:00,False,101,100.0,,100.0,293383.36268300004,300034.03685900004,300034.03695200005,2970.634029227723,0.03674,293383.36268300004,29186.125553844628,89.52903099999999,66.50674176,21.079605416616896,0.33329551889139386,47,64,,False,False,Request timeout: 300.0s exceeded,423,21.16838264042747
127,2026-09-14T02:14:12.698+00:00,2026-09-14T02:19:06.509+00:00,2026-09-14T02:19:12.763+00:00,False,90,89.0,,89.0,293811.4579,300065.14493999997,300065.145127,3334.0571680777775,0.02896,293811.4579,30963.04596382048,86.91954444999999,70.26614651685392,18.859219230581818,0.2966022595453269,47,64,,False,False,Request timeout: 300.0s exceeded,130,21.16838264042747
128,2026-09-14T02:14:18.167+00:00,2026-09-14T02:19:12.246+00:00,2026-09-14T02:19:18.216+00:00,False,86,85.0,,85.0,294078.806485,300048.715477,300048.715623,3488.938553755814,0.09644,294078.806485,31703.766114623482,89.90896025,70.23422343529413,20.299463201573566,0.2832873317416872,47,64,,False,False,Request timeout: 300.0s exceeded,230,21.16838264042747
129,2026-09-14T02:14:21.872+00:00,2026-09-14T02:19:15.785+00:00,2026-09-14T02:19:21.914+00:00,False,89,88.0,,88.0,293913.464884,300042.141492,300042.14137800003,3371.260015483146,0.03514,293913.464884,31147.389732521355,89.778073,69.64405236363636,21.030195375707446,0.29329213410625626,47,64,,False,False,Request timeout: 300.0s exceeded,469,21.16838264042747
130,2026-09-14T02:14:25.734+00:00,2026-09-14T02:19:19.756+00:00,2026-09-14T02:19:25.739+00:00,False,90,89.0,,89.0,294022.210868,300005.632052,300005.631989,3333.3959109888888,0.04139,294022.210868,30985.582428584286,88.888068,67.22945150561797,20.544353485648944,0.29666109729757884,47,64,,False,False,Request timeout: 300.0s exceeded,365,21.16838264042747
131,2026-09-14T02:14:29.274+00:00,2026-09-14T02:19:22.576+00:00,2026-09-14T02:19:29.281+00:00,False,109,108.0,,108.0,293301.87208999996,300006.95420199994,300006.95410499995,2752.3573771100914,0.0,293301.87208999996,28087.350432578867,89.69757440000001,62.08409362962963,64.22577333462534,0.3599916551510393,47,64,,False,False,Request timeout: 300.0s exceeded,572,21.16838264042747
132,2026-09-14T02:14:33.871+00:00,2026-09-14T02:19:27.762+00:00,2026-09-14T02:19:33.934+00:00,False,101,100.0,,100.0,293890.622226,300062.769426,300062.769506,2970.918509960396,0.02683,293890.622226,29237.07538515793,89.05725199999999,61.721472,20.33990813946459,0.3332636041162098,47,64,,False,False,Request timeout: 300.0s exceeded,482,21.16838264042747
133,2026-09-14T02:14:37.307+00:00,2026-09-14T02:19:31.039+00:00,2026-09-14T02:19:37.314+00:00,False,103,102.0,,102.0,293732.18013700005,300007.20733700006,300007.20725100004,2912.691332533981,0.02393,293732.18013700005,28936.23675291363,87.2166041,61.51987450980392,19.911261716275774,0.3399918318809679,47,64,,False,False,Request timeout: 300.0s exceeded,454,21.16838264042747
134,2026-09-14T02:14:40.813+00:00,2026-09-14T02:19:34.672+00:00,2026-09-14T02:19:40.866+00:00,False,91,90.0,,90.0,293858.92431699997,300053.270301,300053.27030699997,3297.2886846923075,0.030719,293858.92431699997,30797.576601606983,88.19198899999999,68.82606648888888,19.46694156138752,0.2999467391564039,47,64,,False,False,Request timeout: 300.0s exceeded,304,21.16838264042747
135,2026-09-14T02:14:44.789+00:00,2026-09-14T02:19:38.671+00:00,2026-09-14T02:19:44.830+00:00,False,91,90.0,,90.0,293882.487973,300041.384357,300041.38447399996,3297.158071142857,0.02312,293882.487973,30800.088478575857,88.86254250000002,68.43218204444445,20.166322361539557,0.2999586213510959,47,64,,False,False,Request timeout: 300.0s exceeded,439,21.16838264042747
136,2026-09-14T02:14:47.893+00:00,2026-09-14T02:19:41.502+00:00,2026-09-14T02:19:47.924+00:00,False,100,99.0,,99.0,293608.865202,300030.961074,300030.961127,3000.30961127,0.02486,293608.865202,29354.406696598548,88.14324844999999,64.86965527272727,20.58096376783196,0.3299659463330603,47,64,,False,False,Request timeout: 300.0s exceeded,382,21.16838264042747
137,2026-09-14T02:14:52.688+00:00,2026-09-14T02:19:46.177+00:00,2026-09-14T02:19:52.713+00:00,False,102,101.0,,101.0,293489.35955500003,300025.001667,300025.00180200004,2941.421586294118,0.03436,293489.35955500003,29053.376850330056,88.5673015,64.70932784158416,20.56084823618618,0.33663861157844654,47,64,,False,False,Request timeout: 300.0s exceeded,302,21.16838264042747
138,2026-09-14T02:14:57.874+00:00,2026-09-14T02:19:51.380+00:00,2026-09-14T02:19:57.906+00:00,False,97,96.0,,96.0,293506.08913800004,300032.01835400006,300032.018288,3093.1135905979386,0.04661,293506.08913800004,29794.13245468452,88.50889379999998,67.97842933333332,19.6516238344652,0.3199658507337443,47,64,,False,False,Request timeout: 300.0s exceeded,317,21.16838264042747
139,2026-09-14T02:15:02.042+00:00,2026-09-14T02:19:55.525+00:00,2026-09-14T02:20:02.111+00:00,False,103,102.0,,102.0,293483.52706,300069.585556,300069.58566,2913.2969481553396,0.02469,293483.52706,28911.435509773237,86.73920410000001,64.56920094117648,19.50528537472369,0.33992115465818984,47,64,,False,False,Request timeout: 300.0s exceeded,484,21.16838264042747
140,2026-09-14T02:15:05.749+00:00,2026-09-14T02:19:59.383+00:00,2026-09-14T02:20:05.762+00:00,False,96,95.0,,95.0,293633.502273,300013.035073,300013.03508600005,3125.1357821458337,0.030899999999999997,293633.502273,29961.997298225004,89.91739824999999,67.15297684210528,20.937795249851597,0.3166529080207609,47,64,,False,False,Request timeout: 300.0s exceeded,349,21.16838264042747
141,2026-09-14T02:15:10.536+00:00,2026-09-14T02:20:03.707+00:00,2026-09-14T02:20:10.552+00:00,False,104,103.0,,103.0,293171.295629,300016.395917,300016.395789,2884.773036432692,0.016190000000000003,293171.295629,28741.301239129458,88.51130915,66.45728434951457,20.43742070203686,0.3433145701426768,47,64,,False,False,Request timeout: 300.0s exceeded,555,21.16838264042747
142,2026-09-14T02:15:15.696+00:00,2026-09-14T02:20:09.246+00:00,2026-09-14T02:20:15.708+00:00,False,97,96.0,,96.0,293549.56934600003,300011.86413000006,300011.863895,3092.905813350516,0.01946,293549.56934600003,29798.61507107886,90.79526179999999,67.31557066666667,20.50328810845704,0.31998734542845153,47,64,,False,False,Request timeout: 300.0s exceeded,188,21.16838264042747
143,2026-09-14T02:15:19.150+00:00,2026-09-14T02:20:12.790+00:00,2026-09-14T02:20:19.197+00:00,False,94,93.0,,93.0,293640.348667,300046.79321100004,300046.79313400004,3191.987161,0.04239,293640.348667,30279.590813138657,90.01981815,68.88650047311828,19.910403698247162,0.3099516545560952,47,64,,False,False,Request timeout: 300.0s exceeded,212,21.16838264042747
144,2026-09-14T02:15:22.708+00:00,2026-09-14T02:20:16.472+00:00,2026-09-14T02:20:22.743+00:00,False,95,94.0,,94.0,293764.18977399997,300035.00193399994,300035.001947,3158.2631783894735,0.0,293764.18977399997,30132.8001961758,90.90257,66.71076765957447,67.43016466126056,0.31329678002261085,47,64,,False,False,Request timeout: 300.0s exceeded,420,21.16838264042747
145,2026-09-14T02:15:28.168+00:00,2026-09-14T02:20:21.748+00:00,2026-09-14T02:20:28.208+00:00,False,101,100.0,,100.0,293580.091547,300040.547227,300040.547209,2970.698487217822,0.0,293580.091547,29205.954652529297,88.42060299999999,64.6045568,65.22598674179694,0.3332882869472424,47,64,,False,False,Request timeout: 300.0s exceeded,363,21.16838264042747
146,2026-09-14T02:15:33.630+00:00,2026-09-14T02:20:27.065+00:00,2026-09-14T02:20:33.715+00:00,False,100,99.0,,99.0,293434.917237,300085.497973,300085.498108,3000.85498108,0.022949999999999998,293434.917237,29336.780823386813,87.64899845000002,67.1775831919192,20.16179601102828,0.32990597902504265,47,64,,False,False,Request timeout: 300.0s exceeded,512,21.16838264042747
147,2026-09-14T02:15:39.290+00:00,2026-09-14T02:20:32.863+00:00,2026-09-14T02:20:39.355+00:00,False,90,89.0,,89.0,293572.84106999997,300064.73738999997,300064.73751699994,3334.0526390777773,0.023600000000000003,293572.84106999997,30937.611591977857,89.17912394999999,72.94265528089888,19.146677995686616,0.29660266239256555,47,64,,False,False,Request timeout: 300.0s exceeded,464,21.16838264042747
148,2026-09-14T02:15:43.552+00:00,2026-09-14T02:20:37.117+00:00,2026-09-14T02:20:43.575+00:00,False,93,92.0,,92.0,293564.711595,300022.748075,300022.748173,3226.051055623656,0.02144,293564.711595,30433.96969741208,90.008506,70.19604869565217,19.483138565155187,0.306643414842003,47,64,,False,False,Request timeout: 300.0s exceeded,425,21.16838264042747
149,2026-09-14T02:15:49.062+00:00,2026-09-14T02:20:43.302+00:00,2026-09-14T02:20:49.635+00:00,False,93,92.0,,92.0,294239.916051,300572.919827,300572.919853,3231.966880139785,0.02673,294239.916051,30504.126805817268,89.921012,68.83699756521739,20.643603847226924,0.30608213159373177,47,64,,False,False,Request timeout: 300.0s exceeded,472,21.16838264042747
150,2026-09-14T02:15:53.495+00:00,2026-09-14T02:20:47.343+00:00,2026-09-14T02:20:53.561+00:00,False,94,93.0,,93.0,293848.970057,300066.762825,300066.762711,3192.1996033085106,0.03839,293848.970057,30301.319297753744,91.6989058,66.85798675268816,22.250639740582866,0.30993102709691955,47,64,,False,False,Request timeout: 300.0s exceeded,455,21.16838264042747
151,2026-09-14T02:15:57.998+00:00,2026-09-14T02:20:51.737+00:00,2026-09-14T02:20:58.055+00:00,False,94,93.0,,93.0,293738.50553799997,300056.927042,300056.92717999994,3192.0949699999996,0.02698,293738.50553799997,30289.812645973114,88.36586115,67.94001617204302,20.07064972437289,0.30994118655018577,47,64,,False,False,Request timeout: 300.0s exceeded,388,21.16838264042747
152,2026-09-14T02:16:01.292+00:00,2026-09-14T02:20:54.779+00:00,2026-09-14T02:21:01.381+00:00,False,99,98.0,,98.0,293487.181581,300088.699149,300088.699285,3031.1989826767676,0.02131,293487.181581,29489.80815858938,91.0309219,67.3624241632653,20.06843079111114,0.32657011169667893,47,64,,False,False,Request timeout: 300.0s exceeded,498,21.16838264042747
153,2026-09-14T02:16:04.402+00:00,2026-09-14T02:20:58.137+00:00,2026-09-14T02:21:04.432+00:00,False,93,92.0,,92.0,293735.220912,300030.29803199996,300030.298043,3226.1322370215053,0.04696,293735.220912,30451.834528647603,87.6156546,68.42475130434782,19.745647649125324,0.30663569847265115,47,64,,False,False,Request timeout: 300.0s exceeded,134,21.16838264042747
154,2026-09-14T02:16:08.086+00:00,2026-09-14T02:21:01.718+00:00,2026-09-14T02:21:08.143+00:00,False,93,92.0,,92.0,293631.339696,300057.04439999996,300057.04446199996,3226.419832924731,0.05553,293631.339696,30440.91556210502,89.1661456,69.84461634782609,20.123387926930498,0.3066083656991458,47,64,,False,False,Request timeout: 300.0s exceeded,328,21.16838264042747
155,2026-09-14T02:16:12.007+00:00,2026-09-14T02:21:05.995+00:00,2026-09-14T02:21:12.044+00:00,False,89,88.0,,88.0,293987.756459,300036.503979,300036.503951,3371.1966736067416,0.02434,293987.756459,31155.360590150194,89.7964608,68.73576727272727,20.56088012151428,0.2932976448964332,47,64,,False,False,Request timeout: 300.0s exceeded,488,21.16838264042747
156,2026-09-14T02:16:17.757+00:00,2026-09-14T02:21:11.705+00:00,2026-09-14T02:21:17.786+00:00,False,91,90.0,,90.0,293947.831616,300028.940608,300028.94071999996,3297.0213265934062,0.0,293947.831616,30807.100592341383,90.01256,67.5678776888889,69.78606413813496,0.2999710621835934,47,64,,False,False,Request timeout: 300.0s exceeded,424,21.16838264042747
157,2026-09-14T02:16:22.710+00:00,2026-09-14T02:21:17.395+00:00,2026-09-14T02:21:22.742+00:00,False,84,83.0,,83.0,294685.288439,300032.289271,300032.289194,3571.8129665952383,0.03283,294685.288439,32145.77858436352,90.68057329999999,64.42169677108434,20.73106253429629,0.27663689198808666,47,64,,False,False,Request timeout: 300.0s exceeded,381,21.16838264042747
158,2026-09-14T02:16:25.953+00:00,2026-09-14T02:21:20.010+00:00,2026-09-14T02:21:25.968+00:00,False,89,88.0,,88.0,294056.767551,300014.287935,300014.287915,3370.947055224719,0.04007,294056.767551,31162.785139467043,87.67965840000001,67.69909527272726,19.783935851738384,0.2933193635733301,47,64,,False,False,Request timeout: 300.0s exceeded,426,21.16838264042747
159,2026-09-14T02:16:30.313+00:00,2026-09-14T02:21:23.873+00:00,2026-09-14T02:21:30.358+00:00,False,95,94.0,,94.0,293559.1642,300044.861224,300044.861228,3158.366960294737,0.02146,293559.1642,30111.462227733846,87.47119269999999,68.99677685106383,19.730051198837952,0.3132864852826919,47,64,,False,False,Request timeout: 300.0s exceeded,390,21.16838264042747
160,2026-09-14T02:16:33.985+00:00,2026-09-14T02:21:27.673+00:00,2026-09-14T02:21:34.078+00:00,False,101,100.0,,100.0,293688.038981,300093.069893,300093.06979100005,2971.2185127821785,0.022420000000000002,293688.038981,29216.686326187653,91.051928,64.05030912,20.982941310733842,0.3332299544126614,47,64,,False,False,Request timeout: 300.0s exceeded,525,21.16838264042747
161,2026-09-14T02:16:39.600+00:00,2026-09-14T02:21:34.077+00:00,2026-09-14T02:21:39.642+00:00,False,81,80.0,,80.0,294477.35033499997,300042.422975,300042.42281799996,3704.2274421975303,0.02011,294477.35033499997,32711.98224649338,88.916202,69.563408,19.80611840719178,0.2666289626872721,47,64,,False,False,Request timeout: 300.0s exceeded,285,21.16838264042747
162,2026-09-14T02:16:43.958+00:00,2026-09-14T02:21:37.407+00:00,2026-09-14T02:21:43.968+00:00,False,103,102.0,,102.0,293448.833204,300010.140596,300010.140804,2912.719813631068,0.039130000000000005,293448.833204,28908.041748976193,88.57670710000001,64.32654305882353,20.690546209170787,0.3399885077129955,47,64,,False,False,Request timeout: 300.0s exceeded,499,21.16838264042747
163,2026-09-14T02:16:49.647+00:00,2026-09-14T02:21:43.163+00:00,2026-09-14T02:21:49.720+00:00,False,109,108.0,,108.0,293515.710057,300073.05764099996,300073.05772499996,2752.9638323394493,0.01593,293515.710057,28108.670971952,89.566583,60.71618133333334,210.4187842976262,0.3599123521752777,47,64,,False,False,Request timeout: 300.0s exceeded,446,21.16838264042747
164,2026-09-14T02:16:54.997+00:00,2026-09-14T02:21:48.630+00:00,2026-09-14T02:21:55.038+00:00,False,94,93.0,,93.0,293633.02302100003,300040.52458900004,300040.524725,3191.9204757978728,0.02485,293633.02302100003,30278.83357115302,88.4823275,68.89786632258065,19.147221401588624,0.309958130247215,47,64,,False,False,Request timeout: 300.0s exceeded,467,21.16838264042747
165,2026-09-14T02:16:58.199+00:00,2026-09-14T02:21:52.040+00:00,2026-09-14T02:21:58.267+00:00,False,91,90.0,,90.0,293841.040775,300067.676295,300067.676311,3297.4469924285713,0.043590000000000004,293841.040775,30795.66442784057,87.88621950000001,69.1848391111111,19.689723684982447,0.2999323389684931,47,64,,False,False,Request timeout: 300.0s exceeded,265,21.16838264042747
166,2026-09-14T02:17:02.369+00:00,2026-09-14T02:21:56.206+00:00,2026-09-14T02:22:02.410+00:00,False,92,91.0,,91.0,293836.722429,300040.12518100004,300040.12510500004,3261.3057076630434,0.03824,293836.722429,30627.495172259118,88.1495796,68.169261010989,19.76284686933215,0.30329276774266106,47,64,,False,False,Request timeout: 300.0s exceeded,436,21.16838264042747
167,2026-09-14T02:17:05.529+00:00,2026-09-14T02:21:59.212+00:00,2026-09-14T02:22:05.610+00:00,False,98,97.0,,97.0,293682.370267,300080.255195,300080.255122,3062.0434196122446,0.023100000000000002,293682.370267,29659.743936643335,88.64486065000001,65.95757657731959,20.912376475729015,0.32324685920093904,47,64,,False,False,Request timeout: 300.0s exceeded,471,21.16838264042747
168,2026-09-14T02:17:10.923+00:00,2026-09-14T02:22:04.745+00:00,2026-09-14T02:22:10.974+00:00,False,95,94.0,,94.0,293821.619277,300050.159693,300050.15976,3158.4227343157895,0.02501,293821.619277,30138.670598309993,89.417024,66.26106825531915,20.30212326821091,0.3132809530785694,47,64,,False,False,Request timeout: 300.0s exceeded,361,21.16838264042747
169,2026-09-14T02:17:15.728+00:00,2026-09-14T02:22:09.470+00:00,2026-09-14T02:22:15.773+00:00,False,102,101.0,,101.0,293742.293214,300044.867038,300044.86696,2941.616342745098,0.0,293742.293214,29078.717503824795,89.06795904999998,62.40172102970297,66.46418063938039,0.33661632340875397,47,64,,False,False,Request timeout: 300.0s exceeded,432,21.16838264042747
170,2026-09-14T02:17:20.782+00:00,2026-09-14T02:22:14.298+00:00,2026-09-14T02:22:20.793+00:00,False,95,94.0,,94.0,293515.960253,300011.19634900003,300011.19647200004,3158.0125944421056,0.07103,293515.960253,30107.018775364868,87.93163929999999,69.09825634042554,19.086935560551453,0.31332163980523825,47,64,,False,False,Request timeout: 300.0s exceeded,360,21.16838264042747
171,2026-09-14T02:17:26.218+00:00,2026-09-14T02:22:19.909+00:00,2026-09-14T02:22:26.264+00:00,False,97,96.0,,96.0,293690.64695599995,300046.28497199994,300046.2850089999,3093.2606701958757,0.024509,293690.64695599995,29813.05209937819,90.56197880000002,66.20456266666666,20.452006473470565,0.3199506369790869,47,64,,False,False,Request timeout: 300.0s exceeded,234,21.16838264042747
172,2026-09-14T02:17:30.463+00:00,2026-09-14T02:22:23.934+00:00,2026-09-14T02:22:30.556+00:00,False,99,98.0,,98.0,293470.586173,300092.748093,300092.748195,3031.2398807575755,0.02172,293470.586173,29488.11924255675,89.3502958,67.57308081632652,20.299572621868037,0.32656570551191527,47,64,,False,False,Request timeout: 300.0s exceeded,449,21.16838264042747
173,2026-09-14T02:17:34.993+00:00,2026-09-14T02:22:28.712+00:00,2026-09-14T02:22:35.040+00:00,False,90,89.0,,89.0,293719.604196,300047.42192399997,300047.42189899995,3333.860243322222,0.03158,293719.604196,30953.277468334953,90.18818495000001,71.09907559550562,21.249799878555024,0.296619779064601,47,64,,False,False,Request timeout: 300.0s exceeded,400,21.16838264042747
174,2026-09-14T02:17:40.330+00:00,2026-09-14T02:22:34.229+00:00,2026-09-14T02:22:40.416+00:00,False,88,87.0,,87.0,293899.314106,300086.571706,300086.571886,3410.0746805227272,0.026940000000000002,293899.314106,31322.197888480012,90.57775635000002,71.11790344827587,20.95761121066358,0.2899163381600274,47,64,,False,False,Request timeout: 300.0s exceeded,450,21.16838264042747
175,2026-09-14T02:17:45.255+00:00,2026-09-14T02:22:39.035+00:00,2026-09-14T02:22:45.279+00:00,False,90,89.0,,89.0,293780.138076,300023.94991599995,300023.95007699996,3333.5994453,0.03773,293780.138076,30959.757423514802,90.92693785,70.15518921348314,20.69947072779364,0.2966429847514441,47,64,,False,False,Request timeout: 300.0s exceeded,415,21.16838264042747
176,2026-09-14T02:17:50.506+00:00,2026-09-14T02:22:44.343+00:00,2026-09-14T02:22:50.557+00:00,False,91,90.0,,90.0,293837.122045,300050.954749,300050.95482900005,3297.263239879121,0.02853,293837.122045,30795.2684576885,90.55969400000002,69.0425856,19.550286127657408,0.2999490539041517,47,64,,False,False,Request timeout: 300.0s exceeded,431,21.16838264042747
177,2026-09-14T02:17:55.782+00:00,2026-09-14T02:22:49.370+00:00,2026-09-14T02:22:55.808+00:00,False,97,96.0,,96.0,293588.21083999996,300026.12264799996,300026.12276099995,3093.0528119690716,0.044539999999999996,293588.21083999996,29802.56361617809,86.3520478,67.06158133333334,19.460918986982016,0.3199721382682074,47,64,,False,False,Request timeout: 300.0s exceeded,454,21.16838264042747
178,2026-09-14T02:18:01.156+00:00,2026-09-14T02:22:55.035+00:00,2026-09-14T02:23:01.186+00:00,False,89,88.0,,88.0,293878.934637,300030.37911700003,300030.37923300004,3371.1278565505622,0.02614,293878.934637,31143.702351674456,92.09212520000001,69.90277818181819,21.390117559678906,0.2933036323154578,47,64,,False,False,Request timeout: 300.0s exceeded,394,21.16838264042747
179,2026-09-14T02:18:05.728+00:00,2026-09-14T02:22:59.437+00:00,2026-09-14T02:23:05.770+00:00,False,95,94.0,,94.0,293709.247164,300041.871036,300041.871027,3158.3354844947366,0.02851,293709.247164,30127.027734601448,88.25214600000001,67.3683390638298,20.11031413657026,0.3132896074652246,47,64,,False,False,Request timeout: 300.0s exceeded,494,21.16838264042747
180,2026-09-14T02:18:09.158+00:00,2026-09-14T02:23:02.917+00:00,2026-09-14T02:23:09.244+00:00,False,98,97.0,,97.0,293758.780336,300085.79704000003,300085.797031,3062.099969704082,0.0,293758.780336,29667.605014197467,89.742627,65.2269763298969,67.49686537876255,0.32324088962820974,47,64,,False,False,Request timeout: 300.0s exceeded,410,21.16838264042747
181,2026-09-14T02:18:14.569+00:00,2026-09-14T02:23:08.601+00:00,2026-09-14T02:23:14.648+00:00,False,87,86.0,,86.0,294031.860228,300078.64473999996,300078.64482499997,3449.179825574712,0.02144,294031.860228,31515.99224744407,88.98688190000001,70.31144781395349,19.766821085916515,0.28659153694363626,47,64,,False,False,Request timeout: 300.0s exceeded,398,21.16838264042747
182,2026-09-14T02:18:19.916+00:00,2026-09-14T02:23:13.540+00:00,2026-09-14T02:23:19.925+00:00,False,89,88.0,,88.0,293624.349709,300009.712397,300009.71236099995,3370.895644505618,0.02521,293624.349709,31116.43349363915,89.8951684,72.56093963636364,19.62251340136005,0.2933238370748159,47,64,,False,False,Request timeout: 300.0s exceeded,420,21.16838264042747
183,2026-09-14T02:18:23.261+00:00,2026-09-14T02:23:16.857+00:00,2026-09-14T02:23:23.351+00:00,False,100,99.0,,99.0,293596.276324,300090.571364,300090.571496,3000.90571496,0.02813,293596.276324,29353.074915562873,90.33978155000001,65.5989397979798,20.631286214492512,0.3299004015688192,47,64,,False,False,Request timeout: 300.0s exceeded,524,21.16838264042747
184,2026-09-14T02:18:28.795+00:00,2026-09-14T02:23:22.307+00:00,2026-09-14T02:23:28.845+00:00,False,97,96.0,,96.0,293512.369591,300050.370743,300050.37077000004,3093.302791443299,0.022,293512.369591,29794.757873125327,90.1223832,68.10417866666667,20.408018204629222,0.31994628022714955,47,64,,False,False,Request timeout: 300.0s exceeded,434,21.16838264042747
185,2026-09-14T02:18:33.702+00:00,2026-09-14T02:23:26.897+00:00,2026-09-14T02:23:33.728+00:00,False,104,103.0,,103.0,293194.37004,300025.937912,300025.93803900003,2884.8647888365385,0.03793,293194.37004,28743.577288707253,91.41757700000002,66.32590166990292,21.18373048133773,0.34330365140033564,47,64,,False,False,Request timeout: 300.0s exceeded,413,21.16838264042747
186,2026-09-14T02:18:37.479+00:00,2026-09-14T02:23:31.229+00:00,2026-09-14T02:23:37.503+00:00,False,92,91.0,,91.0,293750.067121,300023.68401699996,300023.684089,3261.127000967391,0.04028,293750.067121,30618.380843422343,89.45597705,68.94084501098901,20.61098237763922,0.30330938805099056,47,64,,False,False,Request timeout: 300.0s exceeded,224,21.16838264042747
187,2026-09-14T02:18:42.558+00:00,2026-09-14T02:23:35.884+00:00,2026-09-14T02:23:42.591+00:00,False,98,97.0,,97.0,293325.915436,300032.993836,300032.993759,3061.561160806122,0.02343,293325.915436,29623.41368369407,88.96584235,69.14513814432989,19.590909530932777,0.3232977772205307,47,64,,False,False,Request timeout: 300.0s exceeded,406,21.16838264042747
188,2026-09-14T02:18:46.318+00:00,2026-09-14T02:23:40.097+00:00,2026-09-14T02:23:46.343+00:00,False,94,93.0,,93.0,293778.54808700003,300025.22354300006,300025.223462,3191.7576964042555,0.0235,293778.54808700003,30294.021436907788,86.91419115,67.16855329032259,18.72516029733058,0.30997393786349803,47,64,,False,False,Request timeout: 300.0s exceeded,472,21.16838264042747
189,2026-09-14T02:18:51.031+00:00,2026-09-14T02:23:45.015+00:00,2026-09-14T02:23:51.110+00:00,False,90,89.0,,89.0,293983.70305199997,300079.393292,300079.39344599994,3334.215482733333,0.02855,293983.70305199997,30981.38946654051,88.64145795,68.49090157303371,19.099596936855257,0.29658817629438566,47,64,,False,False,Request timeout: 300.0s exceeded,457,21.16838264042747
190,2026-09-14T02:18:54.928+00:00,2026-09-14T02:23:48.528+00:00,2026-09-14T02:23:54.985+00:00,False,94,93.0,,93.0,293600.45372000005,300057.59215200006,300057.59206900006,3192.1020432872347,0.042219,293600.45372000005,30275.420124524284,89.92929980000001,69.43159604301076,20.489752337803296,0.30994049953213326,47,64,,False,False,Request timeout: 300.0s exceeded,166,21.16838264042747
191,2026-09-14T02:18:59.531+00:00,2026-09-14T02:23:52.826+00:00,2026-09-14T02:23:59.559+00:00,False,103,102.0,,102.0,293294.621524,300027.979092,300027.979123,2912.8930011941748,0.01705,293294.621524,28892.680945013955,90.133467,66.01330949019608,21.140238928794712,0.3399682933194804,47,64,,False,False,Request timeout: 300.0s exceeded,464,21.16838264042747
192,2026-09-14T02:19:03.282+00:00,2026-09-14T02:23:57.022+00:00,2026-09-14T02:24:03.344+00:00,False,106,105.0,,105.0,293740.03316000005,300062.05479200004,300062.05476,2830.7741015094343,0.0,293740.03316000005,28524.780518285756,94.44744499999999,60.20972982857143,65.4896516608615,0.3499276177148921,47,64,,False,False,Request timeout: 300.0s exceeded,478,21.16838264042747
193,2026-09-14T02:19:06.484+00:00,2026-09-14T02:24:00.566+00:00,2026-09-14T02:24:06.536+00:00,False,92,91.0,,91.0,294081.248297,300051.19696900004,300051.19713,3261.4260557608695,0.0,294081.248297,30653.328736266478,90.41619854999999,65.60383156043956,69.89984353962538,0.3032815763417925,47,64,,False,False,Request timeout: 300.0s exceeded,374,21.16838264042747
194,2026-09-14T02:19:11.571+00:00,2026-09-14T02:24:05.260+00:00,2026-09-14T02:24:11.600+00:00,False,97,96.0,,96.0,293688.48262,300029.25932400004,300029.259229,3093.085146690722,0.02459,293688.48262,29812.847509453994,87.4270378,66.04975733333333,19.620226537156896,0.31996879309804277,47,64,,False,False,Request timeout: 300.0s exceeded,599,21.16838264042747
195,2026-09-14T02:19:16.677+00:00,2026-09-14T02:24:10.077+00:00,2026-09-14T02:24:16.755+00:00,False,99,98.0,,98.0,293399.27103299997,300077.205369,300077.20532999997,3031.0828821212117,0.040789,293399.27103299997,29480.89419825382,87.61487580000001,68.14218710204081,19.692511091591168,0.3265826202276545,47,64,,False,False,Request timeout: 300.0s exceeded,325,21.16838264042747
196,2026-09-14T02:19:19.999+00:00,2026-09-14T02:24:14.234+00:00,2026-09-14T02:24:20.046+00:00,False,84,83.0,,83.0,294234.876546,300047.11053,300047.110693,3571.989413011905,0.03793,294234.876546,32096.022684739764,89.62022879999999,70.02691546987953,20.153317733722005,0.27662322711053505,47,64,,False,False,Request timeout: 300.0s exceeded,324,21.16838264042747
197,2026-09-14T02:19:24.851+00:00,2026-09-14T02:24:18.564+00:00,2026-09-14T02:24:24.889+00:00,False,94,93.0,,93.0,293712.466359,300037.821111,300037.821032,3191.891713106383,0.121359,293712.466359,30287.11910202951,89.38893185,68.01456722580645,19.88805667489557,0.30996092311173773,47,64,,False,False,Request timeout: 300.0s exceeded,411,21.16838264042747
198,2026-09-14T02:19:28.581+00:00,2026-09-14T02:24:22.117+00:00,2026-09-14T02:24:28.592+00:00,False,97,96.0,,96.0,293535.413933,300011.199149,300011.199138,3092.898960185567,0.01794,293535.413933,29797.163204051958,89.85781260000002,67.456096,20.0059747478436,0.31998805468699115,47,64,,False,False,Request timeout: 300.0s exceeded,532,21.16838264042747
199,2026-09-14T02:19:34.329+00:00,2026-09-14T02:24:27.851+00:00,2026-09-14T02:24:34.341+00:00,False,97,96.0,,96.0,293521.40179699997,300011.380165,300011.380372,3092.9008285773193,0.03556,293521.40179699997,29795.72565246024,88.2224238,67.60394133333332,20.269998966755598,0.3199878616177893,47,64,,False,False,Request timeout: 300.0s exceeded,403,21.16838264042747
200,2026-09-14T02:19:37.901+00:00,2026-09-14T02:24:31.367+00:00,2026-09-14T02:24:37.966+00:00,False,98,97.0,,97.0,293466.488292,300065.24054800003,300065.240616,3061.890210367347,0.02053,293466.488292,29637.726388655872,86.97763619999999,68.02837377319588,19.429979756814458,0.32326303380842064,47,64,,False,False,Request timeout: 300.0s exceeded,434,21.16838264042747
201,2026-09-14T02:19:41.481+00:00,2026-09-14T02:24:35.458+00:00,2026-09-14T02:24:41.568+00:00,False,88,87.0,,87.0,293976.69347500004,300087.337187,300087.33723000006,3410.083377613637,0.03915,293976.69347500004,31330.540001684054,89.80073549999999,70.237284045977,20.30016898335216,0.28991559862382926,47,64,,False,False,Request timeout: 300.0s exceeded,400,21.16838264042747
202,2026-09-14T02:19:45.765+00:00,2026-09-14T02:24:39.304+00:00,2026-09-14T02:24:47.613+00:00,False,88,87.0,,87.0,293538.324672,301847.75852800003,301847.758355,3430.0881631250004,0.032369999999999996,293538.324672,31281.9864157082,92.65762175,95.51073397701148,235.64310181957742,0.28822476742668834,47,64,,False,False,Request timeout: 300.0s exceeded,419,21.16838264042747
203,2026-09-14T02:19:50.357+00:00,2026-09-14T02:24:44.023+00:00,2026-09-14T02:24:50.410+00:00,False,107,106.0,,106.0,293666.22184500005,300053.70600500004,300053.70604500006,2804.2402434112155,0.015549,293666.22184500005,28384.757510870855,92.61503699999999,60.25928452830189,213.82163979393724,0.3532700909157697,47,64,,False,False,Request timeout: 300.0s exceeded,486,21.16838264042747
204,2026-09-14T02:19:53.614+00:00,2026-09-14T02:24:48.745+00:00,2026-09-14T02:24:53.645+00:00,False,70,69.0,,69.0,295130.435452,300030.45158,300030.451634,4286.149309057143,0.04079,295130.435452,35266.35288123575,92.39000089999999,71.01472649275362,22.013388006363815,0.22997665615818957,47,64,,False,False,Request timeout: 300.0s exceeded,92,21.16838264042747
205,2026-09-14T02:19:57.599+00:00,2026-09-14T02:24:51.440+00:00,2026-09-14T02:24:57.609+00:00,False,92,91.0,,91.0,293841.18562400003,300009.77416800003,300009.774167,3260.9758061630437,0.0,293841.18562400003,30628.074024561494,89.85867809999999,67.78668729670329,70.37024886831753,0.3033234508854423,47,64,,False,False,Request timeout: 300.0s exceeded,418,21.16838264042747
206,2026-09-14T02:20:02.385+00:00,2026-09-14T02:24:55.843+00:00,2026-09-14T02:25:02.426+00:00,False,103,102.0,,102.0,293457.680117,300040.543477,300040.543377,2913.0149842427186,0.0,293457.680117,28908.959963384284,84.90374399999999,64.53787607843138,66.02460971990443,0.3399540569350386,47,64,,False,False,Request timeout: 300.0s exceeded,492,21.16838264042747
207,2026-09-14T02:20:07.983+00:00,2026-09-14T02:25:01.754+00:00,2026-09-14T02:25:08.002+00:00,False,94,93.0,,93.0,293770.325932,300018.283948,300018.283877,3191.683871031915,0.02511,293770.325932,30293.172987425452,89.4897123,67.18234425806452,20.329906296884282,0.3099811077384838,47,64,,False,False,Request timeout: 300.0s exceeded,448,21.16838264042747
208,2026-09-14T02:20:11.927+00:00,2026-09-14T02:25:05.669+00:00,2026-09-14T02:25:11.979+00:00,False,93,92.0,,92.0,293742.14252399997,300051.549244,300051.54929999996,3226.3607451612897,0.02463,293742.14252399997,30452.53622771303,89.34495419999999,68.58050782608696,19.92064711886192,0.3066139809369429,47,64,,False,False,Request timeout: 300.0s exceeded,381,21.16838264042747
209,2026-09-14T02:20:16.350+00:00,2026-09-14T02:25:10.108+00:00,2026-09-14T02:25:16.361+00:00,False,90,89.0,,89.0,293757.522474,300010.423082,300010.42317,3333.4491463333334,0.04396,293757.522474,30957.362490294025,89.62711435000001,70.25731020224718,20.278340714008827,0.2966563597547882,47,64,,False,False,Request timeout: 300.0s exceeded,437,21.16838264042747
210,2026-09-14T02:20:20.234+00:00,2026-09-14T02:25:13.894+00:00,2026-09-14T02:25:20.283+00:00,False,95,94.0,,94.0,293659.765704,300049.08026400005,300049.080182,3158.4113703368425,0.0313,293659.765704,30121.889648429642,90.16875540000001,67.9714314893617,20.823281793226663,0.31328208010933917,47,64,,False,False,Request timeout: 300.0s exceeded,423,21.16838264042747
211,2026-09-14T02:20:24.245+00:00,2026-09-14T02:25:17.942+00:00,2026-09-14T02:25:24.304+00:00,False,97,96.0,,96.0,293696.865199,300058.955695,300058.95568199997,3093.3912956907216,0.03633,293696.865199,29813.676875421228,89.9968974,66.271776,20.79341064696354,0.3199371262812126,47,64,,False,False,Request timeout: 300.0s exceeded,466,21.16838264042747
212,2026-09-14T02:20:28.680+00:00,2026-09-14T02:25:22.387+00:00,2026-09-14T02:25:28.721+00:00,False,94,93.0,,93.0,293707.17854,300041.22654,300041.226755,3191.9279442021275,0.039409999999999994,293707.17854,30286.564654690195,89.4816865,68.1080430107527,20.77800173450875,0.30995740509546843,47,64,,False,False,Request timeout: 300.0s exceeded,391,21.16838264042747
213,2026-09-14T02:20:33.096+00:00,2026-09-14T02:25:26.895+00:00,2026-09-14T02:25:33.144+00:00,False,88,87.0,,87.0,293799.63984799996,300047.98954399995,300047.989525,3409.636244602272,0.03297,293799.63984799996,31311.497592587424,92.75653184999999,71.82011144827587,20.75826062698573,0.2899536175270458,47,64,,False,False,Request timeout: 300.0s exceeded,129,21.16838264042747
214,2026-09-14T02:20:37.171+00:00,2026-09-14T02:25:31.264+00:00,2026-09-14T02:25:37.217+00:00,False,88,87.0,,87.0,294092.801353,300045.671497,300045.671661,3409.609905238636,0.02257,294092.801353,31343.110589450716,89.73758335000001,68.4237947586207,20.50304890349823,0.2899558576063973,47,64,,False,False,Request timeout: 300.0s exceeded,353,21.16838264042747
215,2026-09-14T02:20:41.107+00:00,2026-09-14T02:25:34.890+00:00,2026-09-14T02:25:41.146+00:00,False,93,92.0,,92.0,293782.43757099996,300038.707395,300038.707358,3226.2226597634403,0.01872,293782.43757099996,30456.774095309236,88.49185680000002,68.00293286956521,19.252403046942202,0.30662710421186523,47,64,,False,False,Request timeout: 300.0s exceeded,334,21.16838264042747
216,2026-09-14T02:20:45.702+00:00,2026-09-14T02:25:39.463+00:00,2026-09-14T02:25:45.762+00:00,False,95,94.0,,94.0,293761.104958,300060.453694,300060.453617,3158.531090705263,0.023489999999999997,293761.104958,30132.384824472265,88.997002,67.01434825531915,20.52241453346013,0.3132702055295186,47,64,,False,False,Request timeout: 300.0s exceeded,463,21.16838264042747
217,2026-09-14T02:20:49.338+00:00,2026-09-14T02:25:43.368+00:00,2026-09-14T02:25:49.415+00:00,False,87,86.0,,86.0,294030.508181,300076.66370100004,300076.663786,3449.1570550114943,0.02472,294030.508181,31515.848101460273,89.11721530000001,70.30413395348836,19.806331003654687,0.28659342895684625,47,64,,False,False,Request timeout: 300.0s exceeded,321,21.16838264042747
218,2026-09-14T02:20:53.171+00:00,2026-09-14T02:25:46.899+00:00,2026-09-14T02:25:53.256+00:00,False,99,98.0,,98.0,293727.836346,300084.848314,300084.848301,3031.160083848485,0.0,293727.836346,29514.318456680492,90.11393469999999,64.8674690612245,68.89515894466858,0.32657430240348445,47,64,,False,False,Request timeout: 300.0s exceeded,349,21.16838264042747
219,2026-09-14T02:20:56.345+00:00,2026-09-14T02:25:50.128+00:00,2026-09-14T02:25:56.414+00:00,False,100,99.0,,99.0,293782.86584399996,300068.3872519999,300068.38722699997,3000.6838722699995,0.0,293782.86584399996,29372.016398302167,91.42181085,63.49011523232323,68.39417752726023,0.32992479116721807,47,64,,False,False,Request timeout: 300.0s exceeded,473,21.16838264042747
220,2026-09-14T02:21:00.025+00:00,2026-09-14T02:25:53.686+00:00,2026-09-14T02:26:00.073+00:00,False,95,94.0,,94.0,293660.92720200005,300048.00944200007,300048.009261,3158.400097484211,0.022719999999999997,293660.92720200005,30122.011116407517,89.57642299999999,67.94768340425532,20.62376694221229,0.31328319816156086,47,64,,False,False,Request timeout: 300.0s exceeded,418,21.16838264042747
221,2026-09-14T02:21:04.266+00:00,2026-09-14T02:25:57.770+00:00,2026-09-14T02:26:04.345+00:00,False,95,94.0,,94.0,293503.721605,300078.279813,300078.27994000004,3158.7187362105265,0.02683,293503.721605,30105.67765177099,90.5166257,69.94210859574468,20.78480325678339,0.3132515957455436,47,64,,False,False,Request timeout: 300.0s exceeded,406,21.16838264042747
222,2026-09-14T02:21:08.824+00:00,2026-09-14T02:26:02.537+00:00,2026-09-14T02:26:08.864+00:00,False,97,96.0,,96.0,293712.785707,300039.949355,300039.949464,3093.195355298969,0.02092,293712.785707,29815.3302701873,88.73168299999999,65.90795466666667,20.75306454772779,0.3199573930284035,47,64,,False,False,Request timeout: 300.0s exceeded,427,21.16838264042747
223,2026-09-14T02:21:14.084+00:00,2026-09-14T02:26:07.765+00:00,2026-09-14T02:26:14.137+00:00,False,93,92.0,,92.0,293681.138798,300052.620654,300052.620689,3226.372265473118,0.023529,293681.138798,30446.140387242343,88.878648,69.25523756521739,19.79053469625482,0.30661288609802895,47,64,,False,False,Request timeout: 300.0s exceeded,482,21.16838264042747
224,2026-09-14T02:21:19.679+00:00,2026-09-14T02:26:13.550+00:00,2026-09-14T02:26:19.685+00:00,False,93,92.0,,92.0,293870.68972799997,300006.4752,300006.475208,3225.876077505376,0.03497,293870.68972799997,30466.062122067666,89.8369964,66.69332034782609,20.65070249390431,0.30666004771619676,47,64,,False,False,Request timeout: 300.0s exceeded,446,21.16838264042747
225,2026-09-14T02:21:23.448+00:00,2026-09-14T02:26:17.191+00:00,2026-09-14T02:26:23.483+00:00,False,96,95.0,,95.0,293743.378339,300035.382179,300035.382159,3125.3685641562497,0.02404,293743.378339,29973.305383796553,89.82237725,66.23161936842105,20.754095722664786,0.31662932321536447,47,64,,False,False,Request timeout: 300.0s exceeded,475,21.16838264042747
226,2026-09-14T02:21:28.093+00:00,2026-09-14T02:26:21.995+00:00,2026-09-14T02:26:28.120+00:00,False,90,89.0,,89.0,293901.687577,300027.396633,300027.396568,3333.6377396444445,0.04304,293901.687577,30972.70934429476,89.90894595,68.82819164044943,20.089928725540425,0.2966395769145933,47,64,,False,False,Request timeout: 300.0s exceeded,376,21.16838264042747
227,2026-09-14T02:21:33.104+00:00,2026-09-14T02:26:26.701+00:00,2026-09-14T02:26:33.109+00:00,False,96,95.0,,95.0,293596.883622,300005.146022,300005.146096,3125.053605166667,0.036770000000000004,293596.883622,29958.228747462315,87.38533825,67.45539368421052,20.483286074652597,0.31666123484772973,47,64,,False,False,Request timeout: 300.0s exceeded,364,21.16838264042747
228,2026-09-14T02:21:37.527+00:00,2026-09-14T02:26:30.959+00:00,2026-09-14T02:26:37.601+00:00,False,98,97.0,,97.0,293431.988362,300074.10368999996,300074.10368299996,3061.98064982653,0.019559999999999998,293431.988362,29634.19658702584,89.23483049999999,68.47541575257732,19.99924633064291,0.32325348574633617,47,64,,False,False,Request timeout: 300.0s exceeded,429,21.16838264042747
229,2026-09-14T02:21:41.236+00:00,2026-09-14T02:26:34.950+00:00,2026-09-14T02:26:41.262+00:00,False,96,95.0,,95.0,293714.013977,300025.87368900003,300025.87360700005,3125.2695167395837,0.038549999999999994,293714.013977,29970.286889202383,88.43385775,66.44062854736842,20.495859647930786,0.31663935790576125,47,64,,False,False,Request timeout: 300.0s exceeded,491,21.16838264042747
230,2026-09-14T02:21:46.397+00:00,2026-09-14T02:26:40.048+00:00,2026-09-14T02:26:46.486+00:00,False,100,99.0,,99.0,293650.455373,300088.452429,300088.452377,3000.88452377,0.0,293650.455373,29358.610046013142,89.94014999999999,65.0302732929293,63.29286316518459,0.329902731007029,47,64,,False,False,Request timeout: 300.0s exceeded,148,21.16838264042747
231,2026-09-14T02:21:49.332+00:00,2026-09-14T02:26:43.358+00:00,2026-09-14T02:26:49.361+00:00,False,97,96.0,,96.0,294026.11288200004,300029.05739400006,300029.057274,3093.083064680413,0.0,294026.11288200004,29847.5490081091,92.0102436,62.530672,64.71177171529823,0.31996900844817905,47,64,,False,False,Request timeout: 300.0s exceeded,461,21.16838264042747
232,2026-09-14T02:21:54.699+00:00,2026-09-14T02:26:48.721+00:00,2026-09-14T02:26:54.791+00:00,False,90,89.0,,89.0,294021.954904,300092.431192,300092.431182,3334.3603464666667,0.037839,294021.954904,30985.452079416733,88.55505545,68.20759874157304,20.140128308745926,0.2965752906412276,47,64,,False,False,Request timeout: 300.0s exceeded,404,21.16838264042747
233,2026-09-14T02:21:59.176+00:00,2026-09-14T02:26:53.009+00:00,2026-09-14T02:26:59.190+00:00,False,89,88.0,,88.0,293833.352844,300014.061964,300014.061851,3370.944515179775,0.03918,293833.352844,31138.834401973985,88.44496339999999,70.2353309090909,19.799279550066093,0.2933195845018741,47,64,,False,False,Request timeout: 300.0s exceeded,411,21.16838264042747
234,2026-09-14T02:22:03.758+00:00,2026-09-14T02:26:57.798+00:00,2026-09-14T02:27:03.784+00:00,False,85,84.0,,84.0,294040.05885900004,300026.91274700005,300026.912774,3529.7283855764713,0.039619999999999995,294040.05885900004,31885.397598381154,89.21604800000001,71.27207009523809,19.426012040851138,0.27997488368929635,47,64,,False,False,Request timeout: 300.0s exceeded,414,21.16838264042747
235,2026-09-14T02:22:09.497+00:00,2026-09-14T02:27:03.621+00:00,2026-09-14T02:27:09.554+00:00,False,89,88.0,,88.0,294123.536204,300056.540492,300056.540424,3371.421802516854,0.024739999999999998,294123.536204,31169.892349397465,89.55067439999999,67.42050327272726,20.12763112882939,0.29327805971403653,47,64,,False,False,Request timeout: 300.0s exceeded,427,21.16838264042747
236,2026-09-14T02:22:14.261+00:00,2026-09-14T02:27:08.035+00:00,2026-09-14T02:27:14.290+00:00,False,95,94.0,,94.0,293774.40768400003,300029.32506000006,300029.325253,3158.20342371579,0.02375,293774.40768400003,30133.79812696084,89.296119,66.54167421276595,20.48807346963807,0.3133027079309725,47,64,,False,False,Request timeout: 300.0s exceeded,394,21.16838264042747
237,2026-09-14T02:22:18.553+00:00,2026-09-14T02:27:12.503+00:00,2026-09-14T02:27:18.580+00:00,False,94,93.0,,93.0,293950.050934,300027.032182,300027.032269,3191.776939031915,0.02053,293950.050934,30311.90014995069,89.50223799999999,65.34388438709678,20.81497512481956,0.30997206926202936,47,64,,False,False,Request timeout: 300.0s exceeded,345,21.16838264042747
238,2026-09-14T02:22:24.167+00:00,2026-09-14T02:27:18.064+00:00,2026-09-14T02:27:24.216+00:00,False,90,89.0,,89.0,293896.87838999997,300049.21349399997,300049.21347599995,3333.880149733333,0.02547,293896.87838999997,30972.17078352456,87.687031,69.12736071910113,19.944692608964772,0.2966180079714814,47,64,,False,False,Request timeout: 300.0s exceeded,219,21.16838264042747
239,2026-09-14T02:22:29.776+00:00,2026-09-14T02:27:23.456+00:00,2026-09-14T02:27:29.852+00:00,False,93,92.0,,92.0,293679.9303,300075.72268400004,300075.722872,3226.620676043011,0.02775,293679.9303,30445.987420797926,87.4604096,69.5194824347826,19.3978374583571,0.30658928078924336,47,64,,False,False,Request timeout: 300.0s exceeded,481,21.16838264042747
240,2026-09-14T02:22:34.168+00:00,2026-09-14T02:27:28.113+00:00,2026-09-14T02:27:34.181+00:00,False,96,95.0,,95.0,293945.57376099995,300013.29062499997,300013.29073599994,3125.1384451666663,0.039979999999999995,293945.57376099995,29994.18226775147,87.137703,63.87070383157895,19.92739261282339,0.3166526382950972,47,64,,False,False,Request timeout: 300.0s exceeded,345,21.16838264042747
241,2026-09-14T02:22:37.656+00:00,2026-09-14T02:27:31.361+00:00,2026-09-14T02:27:37.695+00:00,False,98,97.0,,97.0,293704.757902,300038.34203,300038.341815,3061.615732806122,0.02246,293704.757902,29662.071714242364,88.25734034999999,65.29468173195876,19.918349048450988,0.3232920144262803,47,64,,False,False,Request timeout: 300.0s exceeded,145,21.16838264042747
242,2026-09-14T02:22:40.914+00:00,2026-09-14T02:27:34.813+00:00,2026-09-14T02:27:40.997+00:00,False,89,88.0,,88.0,293898.222945,300082.175329,300082.17526399996,3371.709834426966,0.039,293898.222945,31145.706282515606,89.7713998,70.27218618181818,19.105579753390955,0.29325300612580457,47,64,,False,False,Request timeout: 300.0s exceeded,438,21.16838264042747
243,2026-09-14T02:22:45.858+00:00,2026-09-14T02:27:39.739+00:00,2026-09-14T02:27:45.873+00:00,False,97,96.0,,96.0,293880.757623,300014.24805500003,300014.248049,3092.930392257732,0.0,293880.757623,29832.661779093753,90.07754120000001,63.890525333333336,68.95156352716323,0.31998480279643526,47,64,,False,False,Request timeout: 300.0s exceeded,290,21.16838264042747
244,2026-09-14T02:22:49.758+00:00,2026-09-14T02:27:43.554+00:00,2026-09-14T02:27:49.806+00:00,False,94,93.0,,93.0,293796.659611,300048.446107,300048.44598799996,3192.0047445531914,0.024739999999999998,293796.659611,30295.885084645757,89.49870179999999,67.22351070967741,20.67667825152712,0.30994994710565954,47,64,,False,False,Request timeout: 300.0s exceeded,240,21.16838264042747
245,2026-09-14T02:22:54.815+00:00,2026-09-14T02:27:48.442+00:00,2026-09-14T02:27:54.859+00:00,False,92,91.0,,91.0,293627.51858,300044.7781,300044.778128,3261.3562839999995,0.023370000000000002,293627.51858,30605.438680197927,89.004886,70.51933538461539,19.00402843267305,0.3032880644557367,47,64,,False,False,Request timeout: 300.0s exceeded,448,21.16838264042747
246,2026-09-14T02:22:58.735+00:00,2026-09-14T02:27:51.962+00:00,2026-09-14T02:27:58.770+00:00,False,102,101.0,,101.0,293227.053518,300035.230158,300035.2302,2941.5218647058823,0.03191,293227.053518,29027.138043803294,88.89945800000001,67.4076895049505,21.306323708531625,0.3366271352427943,47,64,,False,False,Request timeout: 300.0s exceeded,325,21.16838264042747
247,2026-09-14T02:23:03.614+00:00,2026-09-14T02:27:57.400+00:00,2026-09-14T02:28:03.624+00:00,False,94,93.0,,93.0,293785.472481,300010.028257,300010.028185,3191.596044521277,0.02284,293785.472481,30294.760824481065,87.78315479999999,66.9307072688172,19.773674716738515,0.30998963781414884,47,64,,False,False,Request timeout: 300.0s exceeded,352,21.16838264042747
248,2026-09-14T02:23:07.341+00:00,2026-09-14T02:28:00.711+00:00,2026-09-14T02:28:07.358+00:00,False,101,100.0,,100.0,293370.321909,300017.30686899996,300017.306991,2970.4683860495047,0.02072,293370.321909,29184.831289210153,89.019612,66.4698496,20.612487711022922,0.33331410458818683,47,64,,False,False,Request timeout: 300.0s exceeded,415,21.16838264042747
249,2026-09-14T02:23:11.030+00:00,2026-09-14T02:28:04.683+00:00,2026-09-14T02:28:11.078+00:00,False,95,94.0,,94.0,293653.612092,300047.916604,300047.916648,3158.399122610527,0.0416,293653.612092,30121.252775924724,89.85832,68.02451608510638,20.707608779212695,0.3132832950946971,47,64,,False,False,Request timeout: 300.0s exceeded,416,21.16838264042747
250,2026-09-14T02:23:14.146+00:00,2026-09-14T02:28:07.896+00:00,2026-09-14T02:28:14.708+00:00,False,61,60.0,,60.0,293749.924531,300561.65445100004,300561.65437600005,4927.240235672131,0.05024,293749.924531,37597.86382646519,90.20617,113.528832,347.1395554827079,0.19962626340207906,47,64,,False,False,Request timeout: 300.0s exceeded,228,21.16838264042747
251,2026-09-14T02:23:18.155+00:00,2026-09-14T02:28:14.694+00:00,2026-09-14T02:28:18.220+00:00,False,102,101.0,,101.0,296539.51370099996,300065.017701,300065.01759899996,2941.8138980294116,0.015460000000000002,296539.51370099996,29358.353028294343,88.59712565,34.905980198019805,36.240558360051665,0.33659371816757905,47,64,,False,False,Request timeout: 300.0s exceeded,422,21.16838264042747
252,2026-09-14T02:23:21.439+00:00,2026-09-14T02:28:15.913+00:00,2026-09-14T02:28:21.493+00:00,False,81,80.0,,80.0,294473.84863599995,300053.67378799996,300053.67391699995,3704.3663446543205,0.03028,294473.84863599995,32711.572859056112,87.20261599999999,69.74781440000001,20.1051743049111,0.26661896516728945,47,64,,False,False,Request timeout: 300.0s exceeded,395,21.16838264042747
253,2026-09-14T02:23:26.250+00:00,2026-09-14T02:28:19.895+00:00,2026-09-14T02:28:26.290+00:00,False,94,93.0,,93.0,293645.178722,300039.87133,300039.87114299997,3191.9135227978722,0.03688,293645.178722,30280.10220718355,89.24374779999998,68.76013556989247,20.18271509229106,0.30995880510065144,47,64,,False,False,Request timeout: 300.0s exceeded,124,21.16838264042747
254,2026-09-14T02:23:29.595+00:00,2026-09-14T02:28:23.061+00:00,2026-09-14T02:28:29.633+00:00,False,98,97.0,,97.0,293465.951325,300037.730909,300037.730932,3061.609499306122,0.0175,293465.951325,29637.701016234485,89.90386534999999,67.75030498969072,20.597364945397693,0.32329267291192665,47,64,,False,False,Request timeout: 300.0s exceeded,319,21.16838264042747
255,2026-09-14T02:23:33.935+00:00,2026-09-14T02:28:27.384+00:00,2026-09-14T02:28:33.964+00:00,False,97,96.0,,96.0,293448.563508,300028.795444,300028.795627,3093.0803672886595,0.04162,293448.563508,29788.234595202935,89.57046999999999,68.54408266666667,20.278375940722707,0.3199692878076374,47,64,,False,False,Request timeout: 300.0s exceeded,229,21.16838264042747
256,2026-09-14T02:23:38.338+00:00,2026-09-14T02:28:32.167+00:00,2026-09-14T02:28:38.375+00:00,False,91,90.0,,90.0,293829.01207999996,300037.03307199996,300037.03322499996,3297.11025521978,0.0,293829.01207999996,30794.493176023345,90.93577799999998,68.97801102222222,67.99862491630488,0.2999629714989305,47,64,,False,False,Request timeout: 300.0s exceeded,379,21.16838264042747
257,2026-09-14T02:23:43.729+00:00,2026-09-14T02:28:37.989+00:00,2026-09-14T02:28:43.781+00:00,False,87,86.0,,86.0,294259.773018,300052.051034,300052.050981,3448.8741492068966,0.023690000000000003,294259.773018,31540.744553609296,88.4310256,67.35206995348837,20.11295829447161,0.2866169376401131,47,64,,False,False,Request timeout: 300.0s exceeded,231,21.16838264042747
258,2026-09-14T02:23:48.081+00:00,2026-09-14T02:28:41.891+00:00,2026-09-14T02:28:48.153+00:00,False,93,92.0,,92.0,293809.89852399996,300071.73916399997,300071.73917499994,3226.5778405913975,0.0291,293809.89852399996,30459.615845691536,89.58959080000001,68.0634852173913,19.977407906700286,0.30659335083107814,47,64,,False,False,Request timeout: 300.0s exceeded,570,21.16838264042747
259,2026-09-14T02:23:53.433+00:00,2026-09-14T02:28:47.048+00:00,2026-09-14T02:28:53.518+00:00,False,97,96.0,,96.0,293615.403401,300085.520265,300085.520203,3093.665156731959,0.03418,293615.403401,29805.290830461607,88.65615299999999,67.39705066666667,19.904941299627794,0.3199088043809117,47,64,,False,False,Request timeout: 300.0s exceeded,363,21.16838264042747
260,2026-09-14T02:23:57.931+00:00,2026-09-14T02:28:51.650+00:00,2026-09-14T02:28:57.959+00:00,False,95,94.0,,94.0,293718.12007,300027.17351,300027.173632,3158.1807750736843,0.02018,293718.12007,30127.96414347618,89.79539570000001,67.11758978723404,20.62159699867143,0.31330495468226965,47,64,,False,False,Request timeout: 300.0s exceeded,434,21.16838264042747
261,2026-09-14T02:24:02.221+00:00,2026-09-14T02:28:55.770+00:00,2026-09-14T02:29:02.265+00:00,False,96,95.0,,95.0,293549.639739,300044.558651,300044.558749,3125.4641536354166,0.02973,293549.639739,29953.313485332288,89.71064824999999,68.36756749473683,19.94980867336366,0.3166196395199429,47,64,,False,False,Request timeout: 300.0s exceeded,421,21.16838264042747
262,2026-09-14T02:24:07.730+00:00,2026-09-14T02:29:01.013+00:00,2026-09-14T02:29:07.766+00:00,False,98,97.0,,97.0,293283.262276,300036.174916,300036.17504,3061.5936228571427,0.030809999999999997,293283.262276,29619.058239915503,91.02613749999999,69.61765608247423,20.930383499629386,0.3232943495135436,47,64,,False,False,Request timeout: 300.0s exceeded,397,21.16838264042747
263,2026-09-14T02:24:11.355+00:00,2026-09-14T02:29:05.135+00:00,2026-09-14T02:29:11.364+00:00,False,92,91.0,,91.0,293779.41949199996,300008.50262799993,300008.50256199995,3260.9619843695646,0.04365,293779.41949199996,30621.49195727205,89.51990900000001,68.45146303296703,20.455008062886073,0.3033247364753419,47,64,,False,False,Request timeout: 300.0s exceeded,202,21.16838264042747
264,2026-09-14T02:24:15.076+00:00,2026-09-14T02:29:09.145+00:00,2026-09-14T02:29:15.131+00:00,False,92,91.0,,91.0,294068.85829400003,300054.53560600005,300054.53539800004,3261.462341282609,0.019899999999999998,294068.85829400003,30651.946823044327,87.14774955000001,65.77667375824176,20.3413014437256,0.3032782017982611,47,64,,False,False,Request timeout: 300.0s exceeded,450,21.16838264042747
265,2026-09-14T02:24:18.250+00:00,2026-09-14T02:29:11.952+00:00,2026-09-14T02:29:18.319+00:00,False,99,98.0,,98.0,293702.45433,300069.39577,300069.395599,3031.0039959494948,0.02255,293702.45433,29511.68430612481,86.53677189999999,64.96879020408163,19.85579070978345,0.3265911198592073,47,64,,False,False,Request timeout: 300.0s exceeded,475,21.16838264042747
266,2026-09-14T02:24:21.576+00:00,2026-09-14T02:29:15.415+00:00,2026-09-14T02:29:21.663+00:00,False,94,93.0,,93.0,293839.571102,300087.453854,300087.45403200004,3192.419723744681,0.0208,293839.571102,30300.31541832404,90.33641015,67.18153496774194,20.71104134536949,0.30990965735357534,47,64,,False,False,Request timeout: 300.0s exceeded,368,21.16838264042747
267,2026-09-14T02:24:25.444+00:00,2026-09-14T02:29:19.313+00:00,2026-09-14T02:29:25.451+00:00,False,87,86.0,,86.0,293869.88541000005,300006.98544200003,300006.98557500006,3448.3561560344833,0.03486,293869.88541000005,31498.514528891326,90.22865529999999,71.36162827906976,20.38988357862218,0.28665999184417745,47,64,,False,False,Request timeout: 300.0s exceeded,305,21.16838264042747
268,2026-09-14T02:24:29.356+00:00,2026-09-14T02:29:22.938+00:00,2026-09-14T02:29:29.425+00:00,False,93,92.0,,92.0,293581.209122,300068.94109,300068.94117699994,3226.5477545913977,0.020210000000000002,293581.209122,30435.64715054725,90.51042699999999,70.51882573913043,19.81204482745027,0.3065962097437014,47,64,,False,False,Request timeout: 300.0s exceeded,487,21.16838264042747
269,2026-09-14T02:24:34.354+00:00,2026-09-14T02:29:28.043+00:00,2026-09-14T02:29:34.412+00:00,False,104,103.0,,103.0,293688.201081,300057.29010499996,300057.290076,2885.166250730769,0.0,293688.201081,28792.500602573968,90.742218,61.83581576699029,62.24889235837109,0.34326778050937173,47,64,,False,False,Request timeout: 300.0s exceeded,506,21.16838264042747
270,2026-09-14T02:24:38.404+00:00,2026-09-14T02:29:31.985+00:00,2026-09-14T02:29:38.472+00:00,False,105,104.0,,104.0,293580.96082,300067.76785999996,300067.767816,2857.7882649142857,0.0,293580.96082,28644.548173265357,90.2491556,62.37314461538462,62.28280559328026,0.3465883748251241,47,64,,False,False,Request timeout: 300.0s exceeded,223,21.16838264042747
271,2026-09-14T02:24:43.025+00:00,2026-09-14T02:29:36.539+00:00,2026-09-14T02:29:43.072+00:00,False,99,98.0,,98.0,293514.107325,300046.998461,300046.998554,3030.777763171717,0.02314,293514.107325,29492.58519551711,90.965239,66.66215444897959,20.824311728746803,0.3266154985807599,47,64,,False,False,Request timeout: 300.0s exceeded,450,21.16838264042747
272,2026-09-14T02:24:48.672+00:00,2026-09-14T02:29:42.586+00:00,2026-09-14T02:29:48.698+00:00,False,100,99.0,,99.0,293914.761324,300026.94999600004,300026.949952,3000.2694995200004,0.023170000000000003,293914.761324,29385.30926388511,89.489576,61.739279515151516,20.472370421778937,0.3299703576672691,47,64,,False,False,Request timeout: 300.0s exceeded,426,21.16838264042747
273,2026-09-14T02:24:53.015+00:00,2026-09-14T02:29:47.639+00:00,2026-09-14T02:29:53.025+00:00,False,80,79.0,,79.0,294623.83290100005,300009.74086900003,300009.740891,3750.1217611375005,0.04099,294623.83290100005,32932.33117061214,91.67960735000001,68.1760502278481,22.482142428820257,0.26332478329260495,47,64,,False,False,Request timeout: 300.0s exceeded,321,21.16838264042747
274,2026-09-14T02:24:58.141+00:00,2026-09-14T02:29:52.100+00:00,2026-09-14T02:29:58.199+00:00,False,91,90.0,,90.0,293958.985628,300057.620124,300057.620124,3297.3364848791207,0.03554,293958.985628,30808.17777473999,89.58954599999998,67.7626055111111,20.125884447108984,0.2999423909408038,47,64,,False,False,Request timeout: 300.0s exceeded,407,21.16838264042747
275,2026-09-14T02:25:02.310+00:00,2026-09-14T02:29:56.012+00:00,2026-09-14T02:30:02.334+00:00,False,92,91.0,,91.0,293701.581313,300023.383041,300023.383148,3261.123729869565,0.022920000000000003,293701.581313,30613.270432559697,89.71913505,69.47034865934066,20.28936959519981,0.303309692323429,47,64,,False,False,Request timeout: 300.0s exceeded,307,21.16838264042747
276,2026-09-14T02:25:06.165+00:00,2026-09-14T02:29:59.631+00:00,2026-09-14T02:30:06.200+00:00,False,96,95.0,,95.0,293466.746992,300035.08465599996,300035.08465699997,3125.365465177083,0.0198,293466.746992,29944.774063477562,88.7147975,69.1403964631579,19.42446703768193,0.31662963719366555,47,64,,False,False,Request timeout: 300.0s exceeded,457,21.16838264042747
277,2026-09-14T02:25:09.520+00:00,2026-09-14T02:30:03.100+00:00,2026-09-14T02:30:09.556+00:00,False,95,94.0,,94.0,293580.203766,300036.469238,300036.469267,3158.278623863158,0.03915,293580.203766,30113.653269333525,88.5954787,68.68367523404255,20.19452671642613,0.3132952478701372,47,64,,False,False,Request timeout: 300.0s exceeded,429,21.16838264042747
278,2026-09-14T02:25:13.575+00:00,2026-09-14T02:30:07.467+00:00,2026-09-14T02:30:13.584+00:00,False,91,90.0,,90.0,293891.75402999995,300008.422958,300008.42280799994,3296.7958550329663,0.03417,293891.75402999995,30801.109224436063,90.51149850000002,67.96298808888888,20.49442746889031,0.2999915772784808,47,64,,False,False,Request timeout: 300.0s exceeded,394,21.16838264042747
279,2026-09-14T02:25:18.937+00:00,2026-09-14T02:30:12.494+00:00,2026-09-14T02:30:19.008+00:00,False,100,99.0,,99.0,293557.78814899997,300071.64107699995,300071.641089,3000.7164108899997,0.0346,293557.78814899997,29349.20557204049,87.2179695,65.79649422222222,19.490841590356506,0.3299212136297681,47,64,,False,False,Request timeout: 300.0s exceeded,294,21.16838264042747
280,2026-09-14T02:25:24.278+00:00,2026-09-14T02:30:17.617+00:00,2026-09-14T02:30:24.313+00:00,False,98,97.0,,97.0,293339.262546,300035.700306,300035.70045,3061.588780102041,0.043590000000000004,293339.262546,29624.773095564495,89.59091565,69.03544082474227,19.69692399148393,0.32329486091512366,47,64,,False,False,Request timeout: 300.0s exceeded,145,21.16838264042747
281,2026-09-14T02:25:27.511+00:00,2026-09-14T02:30:21.292+00:00,2026-09-14T02:30:28.108+00:00,False,91,90.0,,90.0,293781.099055,300596.659503,300596.659607,3303.2599956813187,0.04997,293781.099055,30788.752689556713,91.46560149999999,75.72844942222223,63.149802355047065,0.29940452481675633,47,64,,False,False,Request timeout: 300.0s exceeded,367,21.16838264042747
282,2026-09-14T02:25:31.426+00:00,2026-09-14T02:30:25.504+00:00,2026-09-14T02:30:31.505+00:00,False,97,96.0,,96.0,294077.978289,300079.110577,300079.11072,3093.5990795876287,0.0,294077.978289,29852.819490533002,91.59551880000001,62.51179466666667,65.8412635772484,0.3199156376310523,47,64,,False,False,Request timeout: 300.0s exceeded,522,21.16838264042747
283,2026-09-14T02:25:34.721+00:00,2026-09-14T02:30:29.262+00:00,2026-09-14T02:30:34.749+00:00,False,83,82.0,,82.0,294540.713136,300027.69399999996,300027.693903,3614.7914928072287,0.05089,294540.713136,32322.705481742993,89.7218541,66.91440078048781,21.21465460386405,0.273308103351286,47,64,,False,False,Request timeout: 300.0s exceeded,392,21.16838264042747
284,2026-09-14T02:25:39.115+00:00,2026-09-14T02:30:32.755+00:00,2026-09-14T02:30:39.180+00:00,False,93,92.0,,92.0,293640.42055000004,300065.478086,300065.47805700003,3226.510516741936,0.01722,293640.42055000004,30441.858155187314,91.56011459999999,69.83758191304348,20.461663911444784,0.30659974811775054,47,64,,False,False,Request timeout: 300.0s exceeded,454,21.16838264042747
285,2026-09-14T02:25:43.889+00:00,2026-09-14T02:30:37.500+00:00,2026-09-14T02:30:43.916+00:00,False,97,96.0,,96.0,293610.693487,300027.012207,300027.01215200004,3093.0619809484538,0.08821,293610.693487,29804.869858460544,90.85645260000001,66.83665333333333,20.423967193815454,0.3199711895733107,47,64,,False,False,Request timeout: 300.0s exceeded,188,21.16838264042747
286,2026-09-14T02:25:47.428+00:00,2026-09-14T02:30:40.827+00:00,2026-09-14T02:30:47.504+00:00,False,99,98.0,,98.0,293399.02437400003,300076.973302,300076.97336700006,3031.0805390606065,0.01911,293399.02437400003,29480.869770755628,90.15053309999999,68.142336,20.255750802936383,0.32658287279301484,47,64,,False,False,Request timeout: 300.0s exceeded,516,21.16838264042747
287,2026-09-14T02:25:51.028+00:00,2026-09-14T02:30:44.167+00:00,2026-09-14T02:30:51.698+00:00,False,112,111.0,,111.0,293139.130465,300670.112865,300670.112708,2684.55457775,0.037380000000000004,293139.130465,27692.64038152198,88.93298349999999,67.84668828828829,19.849399382400314,0.36917536945163115,47,64,,False,False,Request timeout: 300.0s exceeded,473,21.16838264042747
288,2026-09-14T02:25:55.450+00:00,2026-09-14T02:30:48.966+00:00,2026-09-14T02:30:55.478+00:00,False,99,98.0,,98.0,293515.720096,300027.956896,300027.95708900003,3030.5854251414144,0.03404,293515.720096,29492.768402617334,89.3892428,66.45139591836735,20.731983553781024,0.32663622754985516,47,64,,False,False,Request timeout: 300.0s exceeded,441,21.16838264042747
289,2026-09-14T02:25:59.789+00:00,2026-09-14T02:30:53.278+00:00,2026-09-14T02:30:59.862+00:00,False,95,94.0,,94.0,293489.392227,300073.150563,300073.150659,3158.664743778947,0.0427,293489.392227,30104.19652208191,89.246782,70.03998229787233,19.382953301334037,0.31325695025908296,47,64,,False,False,Request timeout: 300.0s exceeded,419,21.16838264042747
290,2026-09-14T02:26:03.990+00:00,2026-09-14T02:30:57.781+00:00,2026-09-14T02:31:04.018+00:00,False,92,91.0,,91.0,293790.978344,300028.487976,300028.487797,3261.1792151847826,0.0535,293790.978344,30622.687149728492,88.053742,68.5440618901099,20.077718519477838,0.30330453155928083,47,64,,False,False,Request timeout: 300.0s exceeded,407,21.16838264042747
291,2026-09-14T02:26:09.453+00:00,2026-09-14T02:31:03.174+00:00,2026-09-14T02:31:09.464+00:00,False,93,92.0,,92.0,293720.757197,300010.268365,300010.26833000005,3225.916863763441,0.031799,293720.757197,30450.341253875285,87.77198700000001,68.36425182608696,20.160264325142293,0.3066561704750402,47,64,,False,False,Request timeout: 300.0s exceeded,418,21.16838264042747
292,2026-09-14T02:26:13.390+00:00,2026-09-14T02:31:06.918+00:00,2026-09-14T02:31:13.406+00:00,False,98,97.0,,97.0,293528.17032800004,300016.170072,300016.170042,3061.38949022449,0.05235,293528.17032800004,29644.07345485036,89.01282350000001,66.88659529896907,20.776635703030898,0.3233159065283756,47,64,,False,False,Request timeout: 300.0s exceeded,437,21.16838264042747
293,2026-09-14T02:26:19.030+00:00,2026-09-14T02:31:12.467+00:00,2026-09-14T02:31:19.086+00:00,False,102,101.0,,101.0,293437.21662699996,300056.29195499996,300056.29207399994,2941.7283536666664,0.027299,293437.21662699996,29048.13213945208,87.136466,65.53539928712871,20.561226710620836,0.33660350643520975,47,64,,False,False,Request timeout: 300.0s exceeded,227,21.16838264042747
294,2026-09-14T02:26:23.850+00:00,2026-09-14T02:31:17.574+00:00,2026-09-14T02:31:23.876+00:00,False,101,100.0,,100.0,293724.152557,300026.259181,300026.259173,2970.5570215148514,0.0,293724.152557,29220.45268948909,89.7793,63.02106624,67.84474808295596,0.33330415901920085,47,64,,False,False,Request timeout: 300.0s exceeded,331,21.16838264042747
295,2026-09-14T02:26:29.448+00:00,2026-09-14T02:31:23.322+00:00,2026-09-14T02:31:29.532+00:00,False,87,86.0,,86.0,293873.82079699996,300084.222333,300084.222387,3449.2439354827584,0.03479,293873.82079699996,31498.84417879032,90.261517,72.2139713488372,18.952625802175145,0.28658621013592245,47,64,,False,False,Request timeout: 300.0s exceeded,412,21.16838264042747
296,2026-09-14T02:26:33.232+00:00,2026-09-14T02:31:27.145+00:00,2026-09-14T02:31:33.272+00:00,False,90,89.0,,89.0,293913.23822000006,300040.96122800006,300040.96124400006,3333.7884582666675,0.03535,293913.23822000006,30973.924288970822,88.81389180000001,68.85082031460674,19.7528399315494,0.2966261660932662,47,64,,False,False,Request timeout: 300.0s exceeded,355,21.16838264042747
297,2026-09-14T02:26:38.583+00:00,2026-09-14T02:31:32.096+00:00,2026-09-14T02:31:38.602+00:00,False,94,93.0,,93.0,293513.49430900003,300019.474469,300019.474515,3191.6965373936173,0.01918,293513.49430900003,30266.3961968929,88.51870050000001,69.95677591397849,19.59995891227929,0.3099798776882711,47,64,,False,False,Request timeout: 300.0s exceeded,407,21.16838264042747
298,2026-09-14T02:26:43.788+00:00,2026-09-14T02:31:37.460+00:00,2026-09-14T02:31:43.866+00:00,False,96,95.0,,95.0,293672.082277,300078.409573,300078.409474,3125.816765354167,0.0407,293672.082277,29965.905887163502,89.5645565,67.43502416842107,20.677136300861484,0.31658392263269236,47,64,,False,False,Request timeout: 300.0s exceeded,363,21.16838264042747
299,2026-09-14T02:26:47.427+00:00,2026-09-14T02:31:40.854+00:00,2026-09-14T02:31:47.467+00:00,False,104,103.0,,103.0,293427.574169,300040.004505,300040.004422,2885.000042519231,0.03473,293427.574169,28766.653063337235,89.39811915,64.19835277669902,20.64349771262289,0.343287556504098,47,64,,False,False,Request timeout: 300.0s exceeded,465,21.16838264042747
300,2026-09-14T02:26:52.611+00:00,2026-09-14T02:31:46.168+00:00,2026-09-14T02:31:52.642+00:00,False,99,98.0,,98.0,293556.265045,300030.505045,300030.505008,3030.6111616969697,0.04617,293556.265045,29496.88216205217,88.66670500000001,66.06367346938775,20.54708773122161,0.3266334534393478,47,64,,False,False,Request timeout: 300.0s exceeded,451,21.16838264042747
301,2026-09-14T02:26:57.122+00:00,2026-09-14T02:31:50.834+00:00,2026-09-14T02:31:57.164+00:00,False,98,97.0,,97.0,293711.92857,300042.18776999996,300042.187997,3061.6549795612245,0.01821,293711.92857,29662.79984232997,89.02269854999999,65.26040412371134,20.39313385588359,0.32328787068555914,47,64,,False,False,Request timeout: 300.0s exceeded,357,21.16838264042747
302,2026-09-14T02:27:00.927+00:00,2026-09-14T02:31:54.494+00:00,2026-09-14T02:32:00.971+00:00,False,97,96.0,,96.0,293567.43744999997,300043.673226,300043.673149,3093.2337438041236,0.02079,293567.43744999997,29800.414767059483,89.9809434,67.46078933333332,20.809711105308445,0.31995342200630417,47,64,,False,False,Request timeout: 300.0s exceeded,389,21.16838264042747
303,2026-09-14T02:27:04.686+00:00,2026-09-14T02:31:58.435+00:00,2026-09-14T02:32:05.630+00:00,False,71,70.0,,70.0,293749.233841,300943.73752100003,300943.737603,4238.644191591549,0.05311,293749.233841,34850.80990480153,89.165582,102.778624,313.19236346305144,0.2326016170883614,47,64,,False,False,Request timeout: 300.0s exceeded,237,21.16838264042747
304,2026-09-14T02:27:08.517+00:00,2026-09-14T02:32:02.415+00:00,2026-09-14T02:32:08.576+00:00,False,105,104.0,,104.0,293898.08681999997,300058.820516,300058.82056499994,2857.7030529999997,0.01517,293898.08681999997,28676.936099675826,89.1161236,59.237824,263.6871715665864,0.34659870961685135,47,64,,False,False,Request timeout: 300.0s exceeded,541,21.16838264042747
305,2026-09-14T02:27:14.086+00:00,2026-09-14T02:32:07.943+00:00,2026-09-14T02:32:14.101+00:00,False,93,92.0,,92.0,293857.04248299997,300015.514163,300015.51414199994,3225.973270344086,0.01846,293857.04248299997,30464.620836391023,87.4150576,66.93990956521739,19.793935530698107,0.30665080856457283,47,64,,False,False,Request timeout: 300.0s exceeded,428,21.16838264042747
306,2026-09-14T02:27:18.564+00:00,2026-09-14T02:32:12.104+00:00,2026-09-14T02:32:18.574+00:00,False,101,100.0,,100.0,293539.74155800004,300010.09855000005,300010.098539,2970.397015237624,0.0,293539.74155800004,29201.926478550256,88.13174400000001,64.70356992,63.6894337763031,0.3333221130999158,47,64,,False,False,Request timeout: 300.0s exceeded,411,21.16838264042747
307,2026-09-14T02:27:23.538+00:00,2026-09-14T02:32:16.937+00:00,2026-09-14T02:32:23.605+00:00,False,98,97.0,,97.0,293399.342689,300066.849377,300066.849614,3061.906628714286,0.11488899999999999,293399.342689,29630.87260289315,88.89134899999999,68.73718235051547,20.25030193404368,0.3232613006114864,47,64,,False,False,Request timeout: 300.0s exceeded,465,21.16838264042747
308,2026-09-14T02:27:27.373+00:00,2026-09-14T02:32:21.086+00:00,2026-09-14T02:32:27.403+00:00,False,91,90.0,,90.0,293712.675691,300030.270571,300030.270565,3297.0359402747254,0.039479999999999994,293712.675691,30782.10256921491,89.2900015,70.19549866666667,20.31474401789848,0.29996973248305003,47,64,,False,False,Request timeout: 300.0s exceeded,418,21.16838264042747
309,2026-09-14T02:27:33.106+00:00,2026-09-14T02:32:26.963+00:00,2026-09-14T02:32:33.113+00:00,False,89,88.0,,88.0,293857.309752,300006.69880799996,300006.69876099995,3370.8617838314603,0.035579,293857.309752,31141.41252669875,91.2775368,69.87942109090909,21.28925264963231,0.2933267835339862,47,64,,False,False,Request timeout: 300.0s exceeded,117,21.16838264042747
310,2026-09-14T02:27:37.973+00:00,2026-09-14T02:32:31.714+00:00,2026-09-14T02:32:38.005+00:00,False,91,90.0,,90.0,293740.886263,300032.170487,300032.17039800005,3297.05681756044,0.02071,293740.886263,30785.090213507636,89.01906750000002,69.90315804444444,19.893112288549684,0.29996783296243085,47,64,,False,False,Request timeout: 300.0s exceeded,228,21.16838264042747
311,2026-09-14T02:27:42.131+00:00,2026-09-14T02:32:36.093+00:00,2026-09-14T02:32:42.441+00:00,False,95,94.0,,94.0,293962.433703,300310.511783,300310.511788,3161.1632819789475,0.01921,293962.433703,30152.987466393417,89.56702809999999,67.53274553191488,20.432745258378127,0.31300935635554117,47,64,,False,False,Request timeout: 300.0s exceeded,374,21.16838264042747
312,2026-09-14T02:27:45.787+00:00,2026-09-14T02:32:39.427+00:00,2026-09-14T02:32:45.795+00:00,False,99,98.0,,98.0,293639.769221,300007.895685,300007.89581300004,3030.3827859898993,0.017568999999999998,293639.769221,29505.38347776844,89.6120919,64.98088228571429,20.558498232196605,0.32665806936927183,47,64,,False,False,Request timeout: 300.0s exceeded,368,21.16838264042747
313,2026-09-14T02:27:49.494+00:00,2026-09-14T02:32:43.593+00:00,2026-09-14T02:32:49.524+00:00,False,86,85.0,,85.0,294098.83941,300029.207666,300029.207666,3488.7117170465117,0.03648,294098.83941,31705.976481983962,89.45393874999999,69.76903830588235,20.298765950813223,0.28330575100082966,47,64,,False,False,Request timeout: 300.0s exceeded,401,21.16838264042747
314,2026-09-14T02:27:52.607+00:00,2026-09-14T02:32:46.521+00:00,2026-09-14T02:32:52.642+00:00,False,88,87.0,,87.0,293914.425594,300035.44985,300035.44986899995,3409.4937485113633,0.02945,293914.425594,31323.889000937066,88.806305,70.35660064367816,19.496687979999567,0.2899657358605287,47,64,,False,False,Request timeout: 300.0s exceeded,450,21.16838264042747
315,2026-09-14T02:27:57.735+00:00,2026-09-14T02:32:51.074+00:00,2026-09-14T02:32:57.788+00:00,False,99,98.0,,98.0,293339.102818,300053.800546,300053.800629,3030.8464710000003,0.0177,293339.102818,29474.809147252254,89.7683059,68.51732375510204,19.362445217866533,0.3266080943539858,47,64,,False,False,Request timeout: 300.0s exceeded,365,21.16838264042747
316,2026-09-14T02:28:01.303+00:00,2026-09-14T02:32:54.426+00:00,2026-09-14T02:33:01.368+00:00,False,103,102.0,,102.0,293122.49786199996,300064.44576599996,300064.445844,2913.247047029126,0.04895,293122.49786199996,28875.518007466806,86.07287499999998,68.05831278431373,18.814096960003113,0.33992697715191134,47,64,,False,False,Request timeout: 300.0s exceeded,480,21.16838264042747
317,2026-09-14T02:28:05.336+00:00,2026-09-14T02:32:58.753+00:00,2026-09-14T02:33:05.413+00:00,False,99,98.0,,98.0,293417.35087699996,300077.01372499997,300077.01380499994,3031.080947525252,0.04882,293417.35087699996,29482.730055664397,88.14809600000001,67.95574334693877,19.733222217729153,0.3265828287994438,47,64,,False,False,Request timeout: 300.0s exceeded,522,21.16838264042747
318,2026-09-14T02:28:08.513+00:00,2026-09-14T02:33:02.292+00:00,2026-09-14T02:33:08.543+00:00,False,92,91.0,,91.0,293779.21845,300030.34549,300030.34560999996,3261.1994088043475,0.02519,293779.21845,30621.44598629821,89.28863255,68.69370373626374,20.822019460950358,0.3033026537745097,47,64,,False,False,Request timeout: 300.0s exceeded,423,21.16838264042747
319,2026-09-14T02:28:14.648+00:00,2026-09-14T02:33:06.689+00:00,2026-09-14T02:33:14.757+00:00,False,134,133.0,,133.0,292041.79055800004,300109.23606200004,300109.236035,2239.621164440299,0.0,292041.79055800004,25223.396751777786,89.83170165,60.6574849924812,59.04062558109159,0.44317196546567905,47,64,,False,False,Request timeout: 300.0s exceeded,572,21.16838264042747
320,2026-09-14T02:28:16.803+00:00,2026-09-14T02:33:10.125+00:00,2026-09-14T02:33:16.818+00:00,True,116,116.0,,116.0,293322.462518,300015.335478,300015.33540499996,2586.339098318965,0.0,293322.462518,27228.976045736716,92.3050575,58.19889530434783,63.21461022188165,0.3866469019498046,47,64,,False,True,,516,21.16838264042747
321,2026-09-14T02:28:21.861+00:00,2026-09-14T02:33:16.039+00:00,2026-09-14T02:33:21.896+00:00,False,88,87.0,,87.0,294177.945817,300034.548953,300034.548759,3409.483508625,0.0416,294177.945817,31352.305373961928,89.461497,67.31727742528736,21.11352561379917,0.2899666065244654,47,64,,False,False,Request timeout: 300.0s exceeded,128,21.16838264042747
322,2026-09-14T02:28:26.203+00:00,2026-09-14T02:33:19.820+00:00,2026-09-14T02:33:26.241+00:00,False,93,92.0,,92.0,293617.596894,300038.628318,300038.628115,3226.2218076881722,0.03768,293617.596894,30439.49526325028,88.4444656,69.79381982608696,19.336273459838793,0.306627185025298,47,64,,False,False,Request timeout: 300.0s exceeded,416,21.16838264042747
323,2026-09-14T02:28:30.165+00:00,2026-09-14T02:33:23.785+00:00,2026-09-14T02:33:30.195+00:00,False,97,96.0,,96.0,293620.058512,300030.379152,300030.379336,3093.0966941855672,0.03512,293620.058512,29805.826936049052,90.3804614,66.77417333333334,20.216414827808318,0.3199675988522646,47,64,,False,False,Request timeout: 300.0s exceeded,599,21.16838264042747
324,2026-09-14T02:28:33.875+00:00,2026-09-14T02:33:27.464+00:00,2026-09-14T02:33:33.921+00:00,False,101,100.0,,100.0,293588.847711,300046.056287,300046.056306,2970.7530327326735,0.029769999999999998,293588.847711,29206.76392345946,87.04519599999999,64.57208576,20.141933226299354,0.33328216753613327,47,64,,False,False,Request timeout: 300.0s exceeded,530,21.16838264042747
325,2026-09-14T02:28:39.118+00:00,2026-09-14T02:33:33.017+00:00,2026-09-14T02:33:39.204+00:00,False,98,97.0,,97.0,293899.375732,300085.841012,300085.840927,3062.1004176224487,0.047310000000000005,293899.375732,29681.884480423854,87.3511877,63.77799257731959,20.205934868594102,0.32324084226326794,47,64,,False,False,Request timeout: 300.0s exceeded,221,21.16838264042747
326,2026-09-14T02:28:43.037+00:00,2026-09-14T02:33:36.757+00:00,2026-09-14T02:33:43.091+00:00,False,101,100.0,,100.0,293719.91835399996,300054.044946,300054.04514699994,2970.8321301683163,0.036,293719.91835399996,29219.92909566596,86.97742699999999,63.341265920000005,21.1259227599196,0.33327329420937074,47,64,,False,False,Request timeout: 300.0s exceeded,219,21.16838264042747
327,2026-09-14T02:28:46.407+00:00,2026-09-14T02:33:40.038+00:00,2026-09-14T02:33:46.442+00:00,False,96,95.0,,95.0,293631.140793,300035.771833,300035.771778,3125.3726226875,0.03716,293631.140793,29961.729062534792,88.77208025,67.41716884210527,20.566706816630173,0.31662891201145515,47,64,,False,False,Request timeout: 300.0s exceeded,472,21.16838264042747
328,2026-09-14T02:28:50.754+00:00,2026-09-14T02:33:44.461+00:00,2026-09-14T02:33:50.796+00:00,False,99,98.0,,98.0,293706.732388,300041.452388,300041.452579,3030.7217432222224,0.0368,293706.732388,29512.14751207968,87.3925978,64.64,20.155019671924812,0.3266215358578882,47,64,,False,False,Request timeout: 300.0s exceeded,456,21.16838264042747
329,2026-09-14T02:28:54.083+00:00,2026-09-14T02:33:48.030+00:00,2026-09-14T02:33:54.135+00:00,False,95,94.0,,94.0,293947.267801,300052.151769,300052.151799,3158.443703147368,0.03749,293947.267801,30151.696724861675,87.58764659999999,64.94557412765957,20.145474362724283,0.31327887317524533,47,64,,False,False,Request timeout: 300.0s exceeded,209,21.16838264042747
330,2026-09-14T02:28:59.117+00:00,2026-09-14T02:33:52.615+00:00,2026-09-14T02:33:59.200+00:00,False,98,97.0,,97.0,293498.691782,300083.68071,300083.680597,3062.0783734387755,0.03692,293498.691782,29640.9941029954,86.79423000000001,67.88648379381443,19.944263688554162,0.3232431692736418,47,64,,False,False,Request timeout: 300.0s exceeded,471,21.16838264042747
331,2026-09-14T02:29:03.889+00:00,2026-09-14T02:33:57.495+00:00,2026-09-14T02:34:03.897+00:00,False,96,95.0,,95.0,293605.78088,300008.17371199996,300008.17371,3125.0851428124997,0.039490000000000004,293605.78088,29959.142790201975,87.5147425,67.39360875789474,19.981005712569484,0.31665803909461987,47,64,,False,False,Request timeout: 300.0s exceeded,433,21.16838264042747
332,2026-09-14T02:29:09.563+00:00,2026-09-14T02:34:03.034+00:00,2026-09-14T02:34:09.627+00:00,False,102,101.0,,101.0,293471.008929,300063.122849,300063.122869,2941.795322245098,0.0,293471.008929,29051.5715166667,90.29706755,65.26845465346534,65.99384222164869,0.3365958437046127,47,64,,False,False,Request timeout: 300.0s exceeded,527,21.16838264042747
333,2026-09-14T02:29:13.708+00:00,2026-09-14T02:34:07.512+00:00,2026-09-14T02:34:13.792+00:00,False,85,84.0,,84.0,293804.41785900004,300084.45395500003,300084.454067,3530.405341964706,0.03538,293804.41785900004,31859.4601909235,90.7301054,74.76233447619047,19.451268103995336,0.27992119849232994,47,64,,False,False,Request timeout: 300.0s exceeded,390,21.16838264042747
334,2026-09-14T02:29:16.886+00:00,2026-09-14T02:34:10.359+00:00,2026-09-14T02:34:16.924+00:00,False,95,94.0,,94.0,293473.02288099995,300038.11600099993,300038.116007,3158.2959579684207,0.03835,293473.02288099995,30102.538318056417,90.27059669999998,69.84141617021277,20.72206043994205,0.3132935283452011,47,64,,False,False,Request timeout: 300.0s exceeded,273,21.16838264042747
335,2026-09-14T02:29:21.847+00:00,2026-09-14T02:34:15.314+00:00,2026-09-14T02:34:21.882+00:00,False,97,96.0,,96.0,293467.69353600004,300035.150816,300035.15079800005,3093.1458845154643,0.02151,293467.69353600004,29790.19028019713,88.6392596,68.41101333333333,20.00039535999945,0.31996251018892485,47,64,,False,False,Request timeout: 300.0s exceeded,444,21.16838264042747
336,2026-09-14T02:29:26.659+00:00,2026-09-14T02:34:20.257+00:00,2026-09-14T02:34:26.730+00:00,False,95,94.0,,94.0,293597.719496,300070.971592,300070.971357,3158.6418037578946,0.02081,293597.719496,30115.43176650371,87.802913,68.864384,20.136591514453183,0.3132592249803149,47,64,,False,False,Request timeout: 300.0s exceeded,474,21.16838264042747
337,2026-09-14T02:29:29.788+00:00,2026-09-14T02:34:23.466+00:00,2026-09-14T02:34:29.838+00:00,False,93,92.0,,92.0,293678.638099,300050.68085099995,300050.68101299996,3226.3514087419353,0.055869999999999996,293678.638099,30445.8803602819,88.91946659999999,69.26133426086956,19.659023294433943,0.3066148683251468,47,64,,False,False,Request timeout: 300.0s exceeded,463,21.16838264042747
338,2026-09-14T02:29:32.915+00:00,2026-09-14T02:34:26.431+00:00,2026-09-14T02:34:33.138+00:00,False,98,97.0,,97.0,293515.658665,300222.621353,300222.621263,3063.496135336735,0.03403,293515.658665,29642.581055152532,89.13291449999998,69.1439452371134,20.036127319937766,0.32309357490403084,47,64,,False,False,Request timeout: 300.0s exceeded,301,21.16838264042747
339,2026-09-14T02:29:37.057+00:00,2026-09-14T02:34:30.953+00:00,2026-09-14T02:34:37.083+00:00,False,90,89.0,,89.0,293896.489435,300026.557659,300026.557571,3333.6284174555553,0.02232,293896.489435,30972.156167975085,89.0751325,68.87717105617978,19.96277827639027,0.29664040641746914,47,64,,False,False,Request timeout: 300.0s exceeded,378,21.16838264042747
340,2026-09-14T02:29:40.622+00:00,2026-09-14T02:34:34.697+00:00,2026-09-14T02:34:40.680+00:00,False,84,83.0,,83.0,294074.896292,300057.697188,300057.697309,3572.115444154762,0.03773,294074.896292,32078.34261976396,89.16359165000001,72.08193850602409,19.212496547971075,0.2766134672692521,47,64,,False,False,Request timeout: 300.0s exceeded,256,21.16838264042747
341,2026-09-14T02:29:45.231+00:00,2026-09-14T02:34:39.306+00:00,2026-09-14T02:34:45.276+00:00,False,88,87.0,,87.0,294075.005496,300044.906296,300044.90643,3409.601209431818,0.02238,294075.005496,31341.192235770977,87.85971249999999,68.61954942528735,19.807970677362054,0.28995659707741495,47,64,,False,False,Request timeout: 300.0s exceeded,308,21.16838264042747
342,2026-09-14T02:29:48.836+00:00,2026-09-14T02:34:42.766+00:00,2026-09-14T02:34:48.844+00:00,False,95,94.0,,94.0,293930.40778500005,300008.76477700006,300008.76482900005,3157.9869982000005,0.02143,293930.40778500005,30149.9956478371,88.22006370000001,64.66337225531915,19.795207048529754,0.313324179278133,47,64,,False,False,Request timeout: 300.0s exceeded,501,21.16838264042747
343,2026-09-14T02:29:52.201+00:00,2026-09-14T02:34:45.944+00:00,2026-09-14T02:34:52.272+00:00,False,99,98.0,,98.0,293742.970114,300070.48217800003,300070.482122,3031.014970929293,0.04607,293742.970114,29515.796920322195,87.1358058,64.56644963265306,20.137614227176346,0.3265899374329894,47,64,,True,False,Request timeout: 300.0s exceeded,457,21.16838264042747
344,2026-09-14T02:29:57.850+00:00,2026-09-14T02:34:51.461+00:00,2026-09-14T02:34:57.941+00:00,False,95,94.0,,94.0,293610.844637,300090.981597,300090.981635,3158.852438263158,0.03737,293610.844637,30116.770863314432,89.323806,68.93762723404255,20.13803742302711,0.31323833691955144,47,64,,True,False,Request timeout: 300.0s exceeded,435,21.16838264042747
345,2026-09-14T02:30:03.514+00:00,2026-09-14T02:34:57.102+00:00,2026-09-14T02:35:03.565+00:00,False,100,99.0,,99.0,293587.914412,300051.812012,300051.81201299996,3000.5181201299997,0.01924,293587.914412,29352.26900552216,86.9533653,65.29189494949495,20.013140454642762,0.32994301662821046,47,64,,True,False,Request timeout: 300.0s exceeded,431,21.16838264042747
346,2026-09-14T02:30:07.448+00:00,2026-09-14T02:35:01.127+00:00,2026-09-14T02:35:07.457+00:00,False,93,92.0,,92.0,293678.172535,300008.593015,300008.593108,3225.898850623656,0.02557,293678.172535,30445.879017358653,88.019896,68.80891826086956,19.690907822281883,0.30665788294737323,47,64,,True,False,Request timeout: 300.0s exceeded,441,21.16838264042747
347,2026-09-14T02:30:13.093+00:00,2026-09-14T02:35:06.508+00:00,2026-09-14T02:35:13.101+00:00,False,100,99.0,,99.0,293414.911427,300008.623043,300008.623075,3000.08623075,0.020239999999999998,293414.911427,29334.837954588325,89.07093799999998,66.60314763636363,20.552067204170715,0.32999051492533404,47,64,,True,False,Request timeout: 300.0s exceeded,458,21.16838264042747
348,2026-09-14T02:30:16.959+00:00,2026-09-14T02:35:10.516+00:00,2026-09-14T02:35:17.024+00:00,False,97,96.0,,96.0,293557.36732,300065.626392,300065.626448,3093.460066474227,0.02101,293557.36732,29799.358393106046,89.875086,67.79436533333333,20.754988064662225,0.3199300138250005,47,64,,True,False,Request timeout: 300.0s exceeded,474,21.16838264042747
349,2026-09-14T02:30:21.748+00:00,2026-09-14T02:35:15.612+00:00,2026-09-14T02:35:21.821+00:00,False,89,88.0,,88.0,293863.988308,300072.405588,300072.40563800005,3371.600063348315,0.026749,293863.988308,31142.048596038556,89.23514999999999,70.55019636363636,20.14295829987921,0.2932625538411691,47,64,,True,False,Request timeout: 300.0s exceeded,455,21.16838264042747
350,2026-09-14T02:30:25.746+00:00,2026-09-14T02:35:19.633+00:00,2026-09-14T02:35:25.801+00:00,False,87,86.0,,86.0,293887.138604,300055.795244,300055.795229,3448.9171865402295,0.03507,293887.138604,31500.325593863836,89.4476963,71.72856558139534,21.409196248139672,0.2866133611252745,47,64,,True,False,Request timeout: 300.0s exceeded,434,21.16838264042747
351,2026-09-14T02:30:31.468+00:00,2026-09-14T02:35:25.396+00:00,2026-09-14T02:35:31.482+00:00,False,87,86.0,,86.0,293927.748714,300014.310506,300014.310322,3448.4403485287353,0.09468,293927.748714,31504.781435526736,87.180581,70.7739743255814,20.86438403093877,0.28665299283542034,47,64,,True,False,Request timeout: 300.0s exceeded,536,21.16838264042747
352,2026-09-14T02:30:35.908+00:00,2026-09-14T02:35:29.648+00:00,2026-09-14T02:35:35.967+00:00,False,91,90.0,,90.0,293739.609676,300058.29767600005,300058.297694,3297.343930703297,0.02384,293739.609676,30784.923711633634,87.957654,70.20764444444445,18.665536754639867,0.299941713650529,47,64,,True,False,Request timeout: 300.0s exceeded,176,21.16838264042747
353,2026-09-14T02:30:39.951+00:00,2026-09-14T02:35:33.462+00:00,2026-09-14T02:35:39.994+00:00,False,96,95.0,,95.0,293510.613634,300043.107458,300043.107322,3125.4490346041666,0.02382,293510.613634,29949.289752142482,87.70417725000001,68.76309288421052,19.518763084413244,0.3166211708872469,47,64,,True,False,Request timeout: 300.0s exceeded,467,21.16838264042747
354,2026-09-14T02:30:44.920+00:00,2026-09-14T02:35:38.515+00:00,2026-09-14T02:35:44.965+00:00,False,95,94.0,,94.0,293595.78380900004,300045.12320100004,300045.12312100007,3158.3697170631585,0.035509,293595.78380900004,30115.259584271927,90.37072900000001,68.6099935319149,20.607687361082107,0.3132862117443231,47,64,,True,False,Request timeout: 300.0s exceeded,358,21.16838264042747
355,2026-09-14T02:30:48.736+00:00,2026-09-14T02:35:42.363+00:00,2026-09-14T02:35:48.763+00:00,False,93,92.0,,92.0,293626.666139,300027.20169099997,300027.201754,3226.0989435913975,0.020210000000000002,293626.666139,30440.459654357048,91.41721519999999,69.57103860869566,20.64985077897915,0.30663886301466564,47,64,,True,False,Request timeout: 300.0s exceeded,397,21.16838264042747
356,2026-09-14T02:30:52.940+00:00,2026-09-14T02:35:46.182+00:00,2026-09-14T02:35:53.023+00:00,False,100,99.0,,99.0,293241.497707,300082.652523,300082.652662,3000.82652662,0.03607,293241.497707,29317.246130474065,88.75069249999999,69.1025738989899,19.798012791651626,0.3299091072664125,47,64,,True,False,Request timeout: 300.0s exceeded,411,21.16838264042747
357,2026-09-14T02:30:56.471+00:00,2026-09-14T02:35:50.526+00:00,2026-09-14T02:35:56.482+00:00,False,86,85.0,,85.0,294055.460093,300011.634685,300011.634667,3488.507379848837,0.029670000000000002,294055.460093,31701.265036727465,88.359674,70.07264225882354,18.65895486221986,0.2833223454458576,47,64,,True,False,Request timeout: 300.0s exceeded,535,21.16838264042747
358,2026-09-14T02:31:00.992+00:00,2026-09-14T02:35:54.750+00:00,2026-09-14T02:36:01.031+00:00,False,92,91.0,,91.0,293758.19369499997,300039.20950299996,300039.20959499996,3261.295756467391,0.02705,293758.19369499997,30619.219196092552,88.34739290000002,69.02215173626374,19.963601260379164,0.3032936933500691,47,64,,True,False,Request timeout: 300.0s exceeded,309,21.16838264042747
359,2026-09-14T02:31:04.911+00:00,2026-09-14T02:35:58.839+00:00,2026-09-14T02:36:04.955+00:00,False,89,88.0,,88.0,293927.857163,300043.888139,300043.888201,3371.279642707865,0.02161,293927.857163,31148.93022718032,90.1961694,69.500352,20.552054184984808,0.29329042676327616,47,64,,True,False,Request timeout: 300.0s exceeded,455,21.16838264042747
360,2026-09-14T02:31:09.868+00:00,2026-09-14T02:36:03.528+00:00,2026-09-14T02:36:09.952+00:00,False,92,91.0,,91.0,293659.72033499996,300083.15559899993,300083.155613,3261.7734305760864,0.024390000000000002,293659.72033499996,30608.78942092892,87.91617905,70.5872007032967,19.882289066215833,0.303249277082393,47,64,,True,False,Request timeout: 300.0s exceeded,404,21.16838264042747
361,2026-09-14T02:31:15.026+00:00,2026-09-14T02:36:08.411+00:00,2026-09-14T02:36:15.102+00:00,False,99,98.0,,98.0,293385.043672,300075.664856,300075.664745,3031.0673206565657,0.06887,293385.043672,29479.4510221627,86.8476699,68.27164473469388,19.29231278350893,0.32658429682069734,47,64,,True,False,Request timeout: 300.0s exceeded,514,21.16838264042747
362,2026-09-14T02:31:20.630+00:00,2026-09-14T02:36:14.032+00:00,2026-09-14T02:36:20.671+00:00,False,97,96.0,,96.0,293402.22753100004,300040.99335500004,300040.99338400003,3093.2061173608254,0.038939999999999995,293402.22753100004,29783.467595090642,87.8247846,69.15381066666667,19.69528790126158,0.3199562797288019,47,64,,True,False,Request timeout: 300.0s exceeded,470,21.16838264042747
363,2026-09-14T02:31:25.507+00:00,2026-09-14T02:36:19.589+00:00,2026-09-14T02:36:25.544+00:00,False,90,89.0,,89.0,294081.822223,300037.089039,300037.088807,3333.7454311888887,0.024820000000000002,294081.822223,30991.899186452618,87.40334945000001,66.91311029213483,20.275891150164554,0.2966299942619142,47,64,,True,False,Request timeout: 300.0s exceeded,436,21.16838264042747
364,2026-09-14T02:31:30.312+00:00,2026-09-14T02:36:24.276+00:00,2026-09-14T02:36:30.324+00:00,False,85,84.0,,84.0,293963.830996,300011.68097999995,300011.681138,3529.5491898588234,0.023579999999999997,293963.830996,31877.0505566327,90.24766100000001,71.99821409523808,19.075566723330965,0.27998909817648,47,64,,True,False,Request timeout: 300.0s exceeded,398,21.16838264042747
365,2026-09-14T02:31:34.208+00:00,2026-09-14T02:36:28.228+00:00,2026-09-14T02:36:34.251+00:00,False,86,85.0,,85.0,294019.82460299996,300042.30191499996,300042.30183799996,3488.8639748604646,0.02655,294019.82460299996,31697.338374857325,90.13731524999999,70.85267425882353,18.871083578861892,0.28329338715738805,47,64,,True,False,Request timeout: 300.0s exceeded,389,21.16838264042747
366,2026-09-14T02:31:38.669+00:00,2026-09-14T02:36:32.586+00:00,2026-09-14T02:36:38.709+00:00,False,90,89.0,,89.0,293917.84595499997,300040.685251,300040.685168,3333.785390755555,0.02053,293917.84595499997,30974.416295003335,88.5707229,68.7959471460674,20.566995034118758,0.29662643892959634,47,64,,True,False,Request timeout: 300.0s exceeded,382,21.16838264042747
367,2026-09-14T02:31:42.417+00:00,2026-09-14T02:36:36.191+00:00,2026-09-14T02:36:42.485+00:00,False,94,93.0,,93.0,293774.545083,300068.242875,300068.242704,3192.2153479148933,0.08856,293774.545083,30293.55773572989,89.1084,67.67416980645162,20.782809029427362,0.3099294983999396,47,64,,True,False,Request timeout: 300.0s exceeded,485,21.16838264042747
368,2026-09-14T02:31:46.957+00:00,2026-09-14T02:36:40.609+00:00,2026-09-14T02:36:46.991+00:00,False,93,92.0,,92.0,293652.138044,300034.266428,300034.266569,3226.1749093440862,0.020300000000000002,293652.138044,30443.12186729329,91.179241,69.37096069565217,20.876676417421717,0.3066316427629691,47,64,,True,False,Request timeout: 300.0s exceeded,379,21.16838264042747
369,2026-09-14T02:31:50.592+00:00,2026-09-14T02:36:44.403+00:00,2026-09-14T02:36:50.658+00:00,False,93,92.0,,92.0,293810.376515,300066.108227,300066.108097,3226.5172913655915,0.036899999999999995,293810.376515,30459.672896668293,90.33175460000001,67.99708382608695,20.88175654741096,0.3065991042560595,47,64,,True,False,Request timeout: 300.0s exceeded,179,21.16838264042747
370,2026-09-14T02:31:54.334+00:00,2026-09-14T02:36:48.283+00:00,2026-09-14T02:36:54.425+00:00,False,91,90.0,,90.0,293949.19366600004,300090.945986,300090.945988,3297.7027031648354,0.02001,293949.19366600004,30807.100754980467,87.5515755,68.24169244444445,19.621947506201156,0.299909081576219,47,64,,True,False,Request timeout: 300.0s exceeded,439,21.16838264042747
371,2026-09-14T02:31:59.119+00:00,2026-09-14T02:36:52.403+00:00,2026-09-14T02:36:59.183+00:00,False,95,94.0,,94.0,293284.535163,300064.13017099997,300064.13021,3158.5697916842105,0.02059,293284.535163,30082.964830988894,89.23193810000001,72.12335114893617,19.296353062701332,0.3132663672476662,47,64,,True,False,Request timeout: 300.0s exceeded,210,21.16838264042747
372,2026-09-14T02:32:05.595+00:00,2026-09-14T02:36:57.818+00:00,2026-09-14T02:37:04.862+00:00,True,104,104.0,,104.0,292222.247583,299266.71708699997,299266.716929,2877.564585855769,41.753232000000004,292222.247583,28648.048495447532,89.93522315,68.39290780582525,18.744861775966204,0.34751609204095396,47,64,,True,True,,372,21.16838264042747
373,2026-09-14T02:32:06.634+00:00,2026-09-14T02:37:00.464+00:00,2026-09-14T02:37:06.641+00:00,False,100,99.0,,99.0,293830.147472,300007.4372,300007.43738799996,3000.0743738799997,0.023649999999999997,293830.147472,29376.78195073527,89.05109495,62.39686593939394,20.22280013281675,0.32999181928280547,47,64,,True,False,Request timeout: 300.0s exceeded,600,21.16838264042747
374,2026-09-14T02:32:10.077+00:00,2026-09-14T02:37:03.792+00:00,2026-09-14T02:37:10.155+00:00,False,105,104.0,,104.0,293714.08756,300077.50285600004,300077.502953,2857.880980504762,0.0,293714.08756,28657.602504838338,88.9326842,61.18668553846154,28.22561968973159,0.34657713094175907,47,64,,True,False,Request timeout: 300.0s exceeded,651,21.16838264042747
375,2026-09-14T02:32:13.882+00:00,2026-09-14T02:37:07.761+00:00,2026-09-14T02:37:13.952+00:00,False,92,91.0,,91.0,293878.11163700005,300069.9657170001,300069.9659010001,3261.630064141305,0.020798999999999998,293878.11163700005,30631.824061519645,88.5392467,68.04235252747253,20.585850845449357,0.3032626067142731,47,64,,True,False,Request timeout: 300.0s exceeded,405,21.16838264042747
376,2026-09-14T02:32:18.864+00:00,2026-09-14T02:37:12.877+00:00,2026-09-14T02:37:18.927+00:00,False,95,94.0,,94.0,294013.292596,300063.048244,300063.048221,3158.558402326316,0.01898,294013.292596,30158.531567159185,88.94559140000001,64.35910263829787,21.13786012832859,0.31326749678141885,47,64,,True,False,Request timeout: 300.0s exceeded,397,21.16838264042747
377,2026-09-14T02:32:23.348+00:00,2026-09-14T02:37:17.622+00:00,2026-09-14T02:37:23.387+00:00,False,87,86.0,,86.0,294274.05425,300039.284842,300039.284836,3448.7274119080457,0.03264,294274.05425,31542.309487437335,89.295791,67.03756502325582,20.281965507559708,0.28662913273269336,47,64,,True,False,Request timeout: 300.0s exceeded,399,21.16838264042747
378,2026-09-14T02:32:27.676+00:00,2026-09-14T02:37:21.428+00:00,2026-09-14T02:37:27.686+00:00,False,95,94.0,,94.0,293752.10811699997,300010.50453299994,300010.504631,3158.0053119052627,0.0373,293752.10811699997,30131.506065032405,90.3153117,66.57868527659573,19.918230513682012,0.3133223623163514,47,64,,True,False,Request timeout: 300.0s exceeded,437,21.16838264042747
379,2026-09-14T02:32:31.393+00:00,2026-09-14T02:37:24.932+00:00,2026-09-14T02:37:31.425+00:00,False,95,94.0,,94.0,293538.336441,300031.467961,300031.46798099997,3158.225978747368,0.03469,293538.336441,30109.31717076551,89.119322,69.07586723404256,19.637400548751675,0.3133004702434037,47,64,,True,False,Request timeout: 300.0s exceeded,465,21.16838264042747
380,2026-09-14T02:32:35.089+00:00,2026-09-14T02:37:28.537+00:00,2026-09-14T02:37:35.166+00:00,False,96,95.0,,95.0,293447.846493,300076.566109,300076.566109,3125.7975636354167,0.023850000000000003,293447.846493,29942.7798252177,86.600987,69.77599595789474,18.88099601069414,0.31658586750653545,47,64,,True,False,Request timeout: 300.0s exceeded,363,21.16838264042747
381,2026-09-14T02:32:38.597+00:00,2026-09-14T02:37:32.329+00:00,2026-09-14T02:37:38.655+00:00,False,95,94.0,,94.0,293732.04431300005,300057.5547130001,300057.55469200003,3158.5005757052636,0.02094,293732.04431300005,30129.373691007153,87.628197,67.29266382978724,18.948048497453886,0.3132732321634408,47,64,,True,False,Request timeout: 300.0s exceeded,432,21.16838264042747
382,2026-09-14T02:32:43.899+00:00,2026-09-14T02:37:37.321+00:00,2026-09-14T02:37:43.937+00:00,False,96,95.0,,95.0,293421.833731,300037.701123,300037.701071,3125.3927194895837,0.03618,293421.833731,29940.139227762702,89.9135035,69.64070938947368,19.682466156971355,0.316626876037338,47,64,,True,False,Request timeout: 300.0s exceeded,527,21.16838264042747
383,2026-09-14T02:32:48.529+00:00,2026-09-14T02:37:42.286+00:00,2026-09-14T02:37:48.595+00:00,False,92,91.0,,91.0,293757.732662,300066.595126,300066.595326,3261.5934274565216,0.02402,293757.732662,30619.138510229805,87.00940450000002,69.32815894505495,18.820039814432366,0.3032660132054636,47,64,,True,False,Request timeout: 300.0s exceeded,485,21.16838264042747
384,2026-09-14T02:32:54.041+00:00,2026-09-14T02:37:47.790+00:00,2026-09-14T02:37:54.087+00:00,False,94,93.0,,93.0,293749.075867,300045.246619,300045.24653899996,3191.970707861702,0.03547,293749.075867,30290.927648228106,88.4454262,67.70076077419355,20.190463721561468,0.30995325221096465,47,64,,True,False,Request timeout: 300.0s exceeded,474,21.16838264042747
385,2026-09-14T02:32:57.439+00:00,2026-09-14T02:37:50.931+00:00,2026-09-14T02:37:57.463+00:00,False,93,92.0,,92.0,293491.636398,300023.408814,300023.409032,3226.0581616344084,0.03392,293491.636398,30426.30952779268,90.18701579999998,70.99752626086956,20.231719728923977,0.3066427395238201,47,64,,True,False,Request timeout: 300.0s exceeded,448,21.16838264042747
386,2026-09-14T02:33:01.245+00:00,2026-09-14T02:37:54.893+00:00,2026-09-14T02:38:01.253+00:00,False,90,89.0,,89.0,293647.908146,300007.792434,300007.792473,3333.4199163666667,0.0208,293647.908146,30945.68109440627,89.01682095,71.4593740224719,19.77024766428906,0.2966589610154193,47,64,,True,False,Request timeout: 300.0s exceeded,119,21.16838264042747
387,2026-09-14T02:33:04.433+00:00,2026-09-14T02:37:58.230+00:00,2026-09-14T02:38:04.462+00:00,False,89,88.0,,88.0,293797.01123,300029.749022,300029.748945,3371.1207746629216,0.04028,293797.01123,31134.919518920375,89.05190340000001,70.82656581818182,19.783937339854674,0.2933042482848836,47,64,,True,False,Request timeout: 300.0s exceeded,381,21.16838264042747
388,2026-09-14T02:33:08.090+00:00,2026-09-14T02:38:01.992+00:00,2026-09-14T02:38:08.119+00:00,False,89,88.0,,88.0,293902.37691600004,300029.67419600004,300029.67408200004,3371.1199335056185,0.023350000000000003,293902.37691600004,31146.215635116674,88.607459,69.62837818181819,20.3652089969021,0.29330432143359375,47,64,,True,False,Request timeout: 300.0s exceeded,473,21.16838264042747
389,2026-09-14T02:33:13.795+00:00,2026-09-14T02:38:07.468+00:00,2026-09-14T02:38:13.808+00:00,False,105,104.0,,104.0,293672.643396,300013.30694800004,300013.30686400004,2857.2695891809526,0.0152,293672.643396,28655.076943486132,88.1795782,60.96791876923077,295.73085411006804,0.3466512904310136,47,64,,True,False,Request timeout: 300.0s exceeded,507,21.16838264042747
390,2026-09-14T02:33:17.153+00:00,2026-09-14T02:38:12.966+00:00,2026-09-14T02:38:17.213+00:00,False,66,65.0,,65.0,295812.57793800003,300060.07489800005,300060.074894,4546.3647711212125,0.038579999999999996,295812.57793800003,36403.97687936316,89.45703875000001,65.34610707692308,26.02619646607363,0.21662328792691118,47,64,,True,False,Request timeout: 300.0s exceeded,231,21.16838264042747
391,2026-09-14T02:33:22.727+00:00,2026-09-14T02:38:16.304+00:00,2026-09-14T02:38:22.758+00:00,False,96,95.0,,95.0,293577.070083,300031.081731,300031.081832,3125.3237690833334,0.05031,293577.070083,29956.1569044408,89.39306325000001,67.93696471578947,19.75728569430657,0.3166338615716305,47,64,,True,False,Request timeout: 300.0s exceeded,390,21.16838264042747
392,2026-09-14T02:33:25.991+00:00,2026-09-14T02:38:19.384+00:00,2026-09-14T02:38:26.040+00:00,False,100,99.0,,99.0,293393.177351,300049.192967,300049.19296200003,3000.49192962,0.02435,293393.177351,29332.601314306343,88.662186,67.23248096969697,20.11496145550503,0.3299458966079879,47,64,,True,False,Request timeout: 300.0s exceeded,327,21.16838264042747
393,2026-09-14T02:33:30.292+00:00,2026-09-14T02:38:24.037+00:00,2026-09-14T02:38:30.335+00:00,False,97,96.0,,96.0,293744.92429500003,300042.76237500005,300042.76241400006,3093.2243547835055,0.035679999999999996,293744.92429500003,29818.62402755666,88.8388126,65.60248,20.107989542894067,0.31995439330083586,47,64,,True,False,Request timeout: 300.0s exceeded,595,21.16838264042747
394,2026-09-14T02:33:34.177+00:00,2026-09-14T02:38:27.800+00:00,2026-09-14T02:38:34.245+00:00,False,97,96.0,,96.0,293622.55557200004,300068.16683600005,300068.16670800006,3093.48625472165,0.02069,293622.55557200004,29806.043373771547,88.98043,67.141784,20.548346438873715,0.3199273052261757,47,64,,True,False,Request timeout: 300.0s exceeded,365,21.16838264042747
395,2026-09-14T02:33:39.337+00:00,2026-09-14T02:38:33.559+00:00,2026-09-14T02:38:39.351+00:00,False,83,82.0,,82.0,294222.670203,300014.484347,300014.484408,3614.6323422650603,0.02194,294222.670203,32287.386824591704,89.7695131,70.63187980487805,19.827382504437722,0.27332013712097286,47,64,,True,False,Request timeout: 300.0s exceeded,260,21.16838264042747
396,2026-09-14T02:33:44.688+00:00,2026-09-14T02:38:38.615+00:00,2026-09-14T02:38:44.739+00:00,False,94,93.0,,93.0,293927.443704,300050.966264,300050.96625,3192.031555851064,0.0368,293927.443704,30309.516240134853,86.429481,65.84432860215054,20.010636396161168,0.3099473438061649,47,64,,True,False,Request timeout: 300.0s exceeded,404,21.16838264042747
397,2026-09-14T02:33:49.386+00:00,2026-09-14T02:38:43.325+00:00,2026-09-14T02:38:49.411+00:00,False,93,92.0,,92.0,293939.035048,300025.056936,300025.056963,3226.0758813225807,0.03339,293939.035048,30473.204317828287,86.0622306,66.15241182608695,19.14621032638852,0.3066410550490289,47,64,,True,False,Request timeout: 300.0s exceeded,449,21.16838264042747
398,2026-09-14T02:33:54.248+00:00,2026-09-14T02:38:47.880+00:00,2026-09-14T02:38:54.327+00:00,False,97,96.0,,96.0,293631.439385,300078.855193,300078.85535699996,3093.596446979381,0.03134,293631.439385,29806.94310279868,88.9898866,67.16058133333333,19.988976754896477,0.319915909897271,47,64,,True,False,Request timeout: 300.0s exceeded,363,21.16838264042747
399,2026-09-14T02:33:57.427+00:00,2026-09-14T02:38:51.325+00:00,2026-09-14T02:38:57.511+00:00,False,90,89.0,,89.0,293898.173681,300084.41496100003,300084.41505400004,3334.271278377778,0.02238,293898.173681,30972.266734403245,89.25104644999999,69.50832898876405,19.262324718578242,0.2965832131321006,47,64,,True,False,Request timeout: 300.0s exceeded,385,21.16838264042747
400,2026-09-14T02:34:02.210+00:00,2026-09-14T02:38:56.091+00:00,2026-09-14T02:39:02.268+00:00,False,92,91.0,,91.0,293881.511384,300058.407128,300058.407038,3261.5044243260872,0.0435,293881.511384,30632.195005259226,88.45232755,67.87797520879121,19.595931134099438,0.30327428873266293,47,64,,True,False,Request timeout: 300.0s exceeded,136,21.16838264042747
401,2026-09-14T02:34:07.017+00:00,2026-09-14T02:39:00.498+00:00,2026-09-14T02:39:07.028+00:00,False,100,99.0,,99.0,293480.319148,300010.621612,300010.62148499995,3000.10621485,0.03828,293480.319148,29341.44259464404,87.5785265,65.96265115151515,20.290402640302112,0.32998831664045375,47,64,,True,False,Request timeout: 300.0s exceeded,417,21.16838264042747
402,2026-09-14T02:34:11.759+00:00,2026-09-14T02:39:05.414+00:00,2026-09-14T02:39:11.788+00:00,False,98,97.0,,97.0,293654.94168800005,300029.51628000004,300029.51620500005,3061.525675561225,0.04014,293654.94168800005,29656.997438791223,89.59832399999999,65.71726383505154,20.8134213824687,0.3233015244722641,47,64,,True,False,Request timeout: 300.0s exceeded,442,21.16838264042747
403,2026-09-14T02:34:17.489+00:00,2026-09-14T02:39:11.221+00:00,2026-09-14T02:39:17.503+00:00,False,94,93.0,,93.0,293731.12416500004,300013.76787700003,300013.76782700006,3191.635827946809,0.02395,293731.12416500004,30289.09084972526,87.620442,67.5553087311828,19.847215018890136,0.3099857738466464,47,64,,True,False,Request timeout: 300.0s exceeded,438,21.16838264042747
404,2026-09-14T02:34:21.167+00:00,2026-09-14T02:39:14.823+00:00,2026-09-14T02:39:21.247+00:00,False,94,93.0,,93.0,293655.768684,300079.176044,300079.176087,3192.3316605,0.03618,293655.768684,30281.162485738623,87.84170015,69.06889634408603,19.96023398001578,0.30991820634152767,47,64,,True,False,Request timeout: 300.0s exceeded,450,21.16838264042747
405,2026-09-14T02:34:25.911+00:00,2026-09-14T02:39:19.648+00:00,2026-09-14T02:39:25.991+00:00,False,95,94.0,,94.0,293737.17137,300080.279978,300080.279974,3158.7397892,0.038549999999999994,293737.17137,30129.88124183723,88.538945,67.47987880851063,20.092941174706244,0.3132495077880209,47,64,,True,False,Request timeout: 300.0s exceeded,312,21.16838264042747
406,2026-09-14T02:34:31.091+00:00,2026-09-14T02:39:24.895+00:00,2026-09-14T02:39:31.117+00:00,False,93,92.0,,92.0,293803.87112699996,300025.76987899997,300025.76978599996,3226.083546086021,0.027420000000000003,293803.87112699996,30459.035788547266,88.0199948,67.62933426086957,19.8772927189618,0.30664032638630834,47,64,,True,False,Request timeout: 300.0s exceeded,363,21.16838264042747
407,2026-09-14T02:34:34.896+00:00,2026-09-14T02:39:28.297+00:00,2026-09-14T02:39:34.949+00:00,False,106,105.0,,105.0,293401.275875,300052.848611,300052.84863799997,2830.6872513018866,0.02093,293401.275875,28491.505420310135,87.312366,63.34831177142857,20.390291070337764,0.3499383541468257,47,64,,True,False,Request timeout: 300.0s exceeded,476,21.16838264042747
408,2026-09-14T02:34:38.427+00:00,2026-09-14T02:39:32.028+00:00,2026-09-14T02:39:38.466+00:00,False,136,135.0,,135.0,293600.989992,300038.335784,300038.335897,2206.1642345367645,0.01924,293600.989992,25172.00378214469,88.69953275,47.684042903703705,28.006901520180392,0.44994250367122285,47,64,,True,False,Request timeout: 300.0s exceeded,718,21.16838264042747
0,2026-09-14T02:04:40.939+00:00,2026-09-14T02:04:41.210+00:00,2026-09-14T02:04:58.101+00:00,True,296,296.0,,296.0,271.05680800000005,17162.4058,17162.405812,57.98110071621622,0.03474,271.05680800000005,24.92028402934785,95.04031149999999,57.25881014237289,21.637550843410175,17.246999252284315,48,64,,False,True,,1385,21.16838264042747
1,2026-09-14T02:04:44.984+00:00,2026-09-14T02:04:45.149+00:00,2026-09-14T02:05:04.178+00:00,True,298,298.0,,298.0,164.728523,19193.928907,19193.928752,64.40915688590604,39.173617,164.728523,21.870439579391135,96.29316649999998,64.07138176430976,21.11438830177445,15.525742616006033,48,64,,False,True,,1491,21.16838264042747
2,2026-09-14T02:04:50.445+00:00,2026-09-14T02:04:54.925+00:00,2026-09-14T02:05:11.758+00:00,True,257,257.0,,257.0,4479.483200000001,21312.623423999998,21312.623486,82.9284960544747,38.659597999999995,4479.483200000001,276.1768525188776,94.587053,65.754454,21.770222958088898,12.058581193275066,48,64,,False,True,,1152,21.16838264042747
3,2026-09-14T02:04:54.946+00:00,2026-09-14T02:05:03.737+00:00,2026-09-14T02:05:22.138+00:00,True,276,276.0,,276.0,8791.202514,27192.017874,27192.017676,98.52180317391304,24.100599,8791.202514,525.606179998944,94.900735,66.91205585454546,22.158936997454372,10.15003745874634,48,64,,False,True,,598,21.16838264042747
4,2026-09-14T02:05:00.015+00:00,2026-09-14T02:05:11.890+00:00,2026-09-14T02:05:25.418+00:00,True,204,204.0,,204.0,11875.328223999999,25403.198431999997,25403.198446,124.52548257843137,18.622850999999997,11875.328223999999,827.0700527749889,95.03540285000001,66.63975471921182,22.198489036054838,8.030484844106265,48,64,,False,True,,723,21.16838264042747
5,2026-09-14T02:05:04.508+00:00,2026-09-14T02:05:19.071+00:00,2026-09-14T02:05:26.700+00:00,True,118,118.0,,118.0,14562.423504,22192.066,22192.065983,188.0683557881356,40.465225,14562.423504,1334.7445894060518,93.74094035,65.21061962393162,21.265626558866312,5.317215621114321,48,64,,False,True,,276,21.16838264042747
6,2026-09-14T02:05:09.044+00:00,2026-09-14T02:05:27.828+00:00,2026-09-14T02:05:36.361+00:00,True,125,125.0,,125.0,18784.495686000002,27317.112902,27317.112883,218.53690306400003,39.810746,18784.495686000002,1674.126522738315,95.9951034,68.81142916129032,22.110150170476995,4.575886201753342,48,64,,False,True,,467,21.16838264042747
7,2026-09-14T02:05:14.890+00:00,2026-09-14T02:05:38.440+00:00,2026-09-14T02:05:46.711+00:00,True,127,127.0,,127.0,23549.335412999997,31821.282932999995,31821.282872999996,250.56128246456691,37.071203000000004,23549.335412999997,2083.9577020425068,97.1967483,65.65037714285714,22.22957737027037,3.9910395903081493,48,64,,False,True,,658,21.16838264042747
8,2026-09-14T02:05:19.579+00:00,2026-09-14T02:05:45.887+00:00,2026-09-14T02:05:55.150+00:00,True,142,142.0,,142.0,26308.328688999998,35570.951665,35570.951881,250.49966113380282,40.849604,26308.328688999998,2202.3418241805875,96.75154545,65.6923615319149,21.959449787231403,3.9920213925488177,48,64,,False,True,,669,21.16838264042747
9,2026-09-14T02:05:22.935+00:00,2026-09-14T02:05:51.997+00:00,2026-09-14T02:06:07.596+00:00,True,234,234.0,,234.0,29061.507980000002,44661.152652000004,44661.152467,190.85962592735044,39.902125999999996,29061.507980000002,1895.5632870330012,95.4028037,66.95126468669528,22.232091790063706,5.239452770584081,48,64,,False,True,,1201,21.16838264042747
10,2026-09-14T02:05:26.783+00:00,2026-09-14T02:05:59.666+00:00,2026-09-14T02:06:15.751+00:00,True,241,241.0,,241.0,32883.603715,48968.528387,48968.528393,203.1889144937759,38.822818,32883.603715,2114.011891283857,95.554239,67.02051946666667,21.60458695709306,4.921528335411033,48,64,,False,True,,991,21.16838264042747
11,2026-09-14T02:05:32.734+00:00,2026-09-14T02:06:09.500+00:00,2026-09-14T02:06:16.790+00:00,True,112,112.0,,112.0,36765.386647,44055.567511,44055.567524,393.3532814642857,34.873737,36765.386647,3467.8616919156966,94.27512654999998,65.67730508108107,21.347910024433727,2.542243950711458,48,64,,False,True,,537,21.16838264042747
12,2026-09-14T02:05:36.920+00:00,2026-09-14T02:06:16.694+00:00,2026-09-14T02:06:31.905+00:00,True,230,230.0,,230.0,39773.684858,54984.379258,54984.379216,239.06251833043478,0.039409999999999994,39773.684858,2618.319210988489,94.79628594999998,66.4222462882096,22.91631096256706,4.18300621201495,48,64,,False,True,,975,21.16838264042747
13,2026-09-14T02:05:41.293+00:00,2026-09-14T02:06:24.541+00:00,2026-09-14T02:06:40.854+00:00,True,249,249.0,,249.0,43247.304969,59561.168137,59561.168182999994,239.20147864658634,0.01768,43247.304969,2736.70357812339,95.7979624,65.78170632258065,31.94785236082853,4.180576167130589,48,64,,False,True,,1231,21.16838264042747
14,2026-09-14T02:05:44.953+00:00,2026-09-14T02:06:31.210+00:00,2026-09-14T02:06:41.125+00:00,True,150,150.0,,150.0,46256.859177,56171.264809,56171.264685999995,374.47509790666663,0.01666,46256.859177,3771.587227503616,95.02127554999998,66.53963511409395,35.22897786913677,2.6704045299682546,48,64,,False,True,,480,21.16838264042747
15,2026-09-14T02:05:48.311+00:00,2026-09-14T02:06:36.779+00:00,2026-09-14T02:06:44.416+00:00,True,115,115.0,,115.0,48468.177689000004,56105.557273000006,56105.557250000005,487.8744108695652,41.479343,48468.177689000004,4513.484133590585,94.1363854,66.99455775438597,21.452376562381875,2.0497078291269752,48,64,,False,True,,558,21.16838264042747
16,2026-09-14T02:05:53.716+00:00,2026-09-14T02:06:45.410+00:00,2026-09-14T02:06:55.120+00:00,True,149,149.0,,149.0,51694.739342,61404.22875,61404.228766,412.10891789261746,9.57809,51694.739342,4229.6858424810835,94.76553179999999,65.60465816216217,23.03962465826941,2.4265429764884066,48,64,,False,True,,793,21.16838264042747
17,2026-09-14T02:05:57.770+00:00,2026-09-14T02:06:53.418+00:00,2026-09-14T02:07:03.986+00:00,True,157,157.0,,157.0,55648.511409,66216.185265,66216.185333,421.7591422484076,40.980804,55648.511409,4435.880749850879,94.30671880000001,67.74149907692308,21.630563432166404,2.371021516441627,48,64,,False,True,,828,21.16838264042747
18,2026-09-14T02:06:03.673+00:00,2026-09-14T02:07:03.237+00:00,2026-09-14T02:07:15.827+00:00,True,189,189.0,,189.0,59564.081873,72153.657041,72153.657009,381.765381,0.0,59564.081873,4327.863002037674,97.0132964,66.96582536170213,27.1362722810563,2.6194098504612757,48,64,,False,True,,833,21.16838264042747
19,2026-09-14T02:06:07.385+00:00,2026-09-14T02:07:09.748+00:00,2026-09-14T02:07:19.840+00:00,True,152,152.0,,152.0,62362.852222999994,72454.972031,72454.97209899999,476.6774480197368,38.761008000000004,62362.852222999994,5052.926323445792,95.74097710000002,66.8352305165563,23.026592668423447,2.09785465012624,48,64,,False,True,,691,21.16838264042747
20,2026-09-14T02:06:10.889+00:00,2026-09-14T02:07:15.535+00:00,2026-09-14T02:07:26.881+00:00,True,174,174.0,,174.0,64646.079119,75991.447183,75991.447101,436.7324546034483,36.313793,64646.079119,4895.8831818448325,95.6701535,65.58016221965318,21.78557639511622,2.2897313638596617,48,64,,False,True,,389,21.16838264042747
21,2026-09-14T02:06:16.038+00:00,2026-09-14T02:07:26.008+00:00,2026-09-14T02:07:42.342+00:00,True,249,249.0,,249.0,69970.22874400001,86304.167688,86304.16763400001,346.60308286746994,0.016739999999999998,69970.22874400001,4430.162160311419,93.468457,65.86265703225807,36.88814365509813,2.8851445610386404,48,64,,False,True,,1329,21.16838264042747
22,2026-09-14T02:06:21.625+00:00,2026-09-14T02:07:35.222+00:00,2026-09-14T02:07:53.788+00:00,True,288,288.0,,288.0,73596.320717,92162.256589,92162.256499,320.0078350659722,0.0,73596.320717,4332.956279161233,92.74908285,64.68967202787456,23.474465395786293,3.124923484505632,48,64,,False,True,,1200,21.16838264042747
23,2026-09-14T02:06:27.563+00:00,2026-09-14T02:07:45.643+00:00,2026-09-14T02:08:04.094+00:00,True,285,285.0,,285.0,78080.278472,96530.872776,96530.872807,338.7048168666667,0.0,78080.278472,4621.289761503365,94.22903559999999,64.96688135211268,23.890268828903373,2.952423321203599,48,64,,False,True,,1542,21.16838264042747
24,2026-09-14T02:06:33.339+00:00,2026-09-14T02:07:55.471+00:00,2026-09-14T02:08:08.418+00:00,True,196,196.0,,196.0,82131.69420900001,95078.70272100001,95078.70269500001,485.09542191326534,39.807407,82131.69420900001,5861.848362195543,95.8379885,66.39491544615385,22.052812673790715,2.061450087041517,48,64,,False,True,,1049,21.16838264042747
25,2026-09-14T02:06:37.731+00:00,2026-09-14T02:08:02.984+00:00,2026-09-14T02:08:19.124+00:00,True,245,245.0,,245.0,85253.110014,101392.798718,101392.798655,413.84815777551023,0.0,85253.110014,5442.458000671963,96.0984884,66.14626518032787,26.14091417975153,2.416345175374923,48,64,,False,True,,1180,21.16838264042747
26,2026-09-14T02:06:41.381+00:00,2026-09-14T02:08:09.156+00:00,2026-09-14T02:08:19.302+00:00,True,154,154.0,,154.0,87774.26627400001,97920.498594,97920.498611,635.8473935779222,0.0,87774.26627400001,7067.764486302532,96.57241795,66.31524392156862,28.323047764823674,1.5727044103249308,48,64,,False,True,,681,21.16838264042747
27,2026-09-14T02:06:45.426+00:00,2026-09-14T02:08:16.610+00:00,2026-09-14T02:08:34.869+00:00,True,271,271.0,,271.0,91184.10185699999,109442.86460899998,109442.864708,403.84820925461247,0.01616,91184.10185699999,5535.101332830232,95.9362725,67.62504722962963,43.40309728366456,2.476177875717943,48,64,,False,True,,1270,21.16838264042747
28,2026-09-14T02:06:49.617+00:00,2026-09-14T02:08:24.636+00:00,2026-09-14T02:08:33.042+00:00,True,129,129.0,,129.0,95018.80109800001,103424.20449,103424.20441300001,801.7380187054264,40.362985,95018.80109800001,8360.186544149738,96.1144412,65.667214,22.20767516218305,1.247290231876745,48,64,,False,True,,537,21.16838264042747
29,2026-09-14T02:06:55.223+00:00,2026-09-14T02:08:34.691+00:00,2026-09-14T02:08:48.442+00:00,True,208,208.0,,208.0,99468.021725,113219.607773,113219.607743,544.3250372259615,0.0,99468.021725,6892.306132758006,95.43199249999999,66.4327828405797,25.24805059333452,1.8371376132748158,48,64,,False,True,,1023,21.16838264042747
30,2026-09-14T02:06:59.001+00:00,2026-09-14T02:08:41.619+00:00,2026-09-14T02:08:51.866+00:00,True,155,155.0,,155.0,102618.50256200001,112865.86589000002,112865.86588900001,728.1668767032259,40.806564,102618.50256200001,8237.201874051896,95.66182710000001,66.54132031168831,22.35041753990243,1.373311574564663,48,64,,False,True,,526,21.16838264042747
31,2026-09-14T02:07:03.972+00:00,2026-09-14T02:08:50.630+00:00,2026-09-14T02:08:57.461+00:00,True,100,100.0,,100.0,106657.411334,113488.94234200001,113488.942247,1134.88942247,40.152656,106657.411334,10658.862298217771,94.81766889999999,69.00536371717172,21.618004399798366,0.8811431134731086,48,64,,False,True,,432,21.16838264042747
32,2026-09-14T02:07:08.209+00:00,2026-09-14T02:08:58.186+00:00,2026-09-14T02:09:14.595+00:00,True,249,249.0,,249.0,109976.743299,126386.00307499999,126386.003084,507.57430957429716,0.0,109976.743299,6965.354462673483,96.73606600000001,66.16637006451613,27.65114287342397,1.970154874288084,48,64,,False,True,,1165,21.16838264042747
33,2026-09-14T02:07:11.505+00:00,2026-09-14T02:09:03.667+00:00,2026-09-14T02:09:16.943+00:00,True,198,198.0,,198.0,112162.08762100001,125437.71232500001,125437.71231300001,633.5237995606061,35.887305,112162.08762100001,7966.253705920105,96.32315849999999,67.38895788832487,22.04740174937509,1.5784726644806495,48,64,,False,True,,928,21.16838264042747
34,2026-09-14T02:07:16.833+00:00,2026-09-14T02:09:13.608+00:00,2026-09-14T02:09:26.095+00:00,True,185,185.0,,185.0,116774.531454,129261.92627,129261.926341,698.7131153567567,0.0,116774.531454,8580.67568445168,97.23065320000002,67.86627617391305,63.13534831084402,1.4312025616388797,48,64,,False,True,,921,21.16838264042747
35,2026-09-14T02:07:21.437+00:00,2026-09-14T02:09:21.779+00:00,2026-09-14T02:09:32.170+00:00,True,156,156.0,,156.0,120341.948145,130732.913649,130732.91377,838.031498525641,36.780713000000006,120341.948145,9629.725874116202,95.5730055,67.03848712258065,22.56094593798239,1.1932725711203735,48,64,,False,True,,716,21.16838264042747
36,2026-09-14T02:07:25.466+00:00,2026-09-14T02:09:28.537+00:00,2026-09-14T02:09:35.109+00:00,True,102,102.0,,102.0,123070.427476,129642.37192399999,129642.372037,1271.0036474215685,40.361464999999995,123070.427476,12179.363984996598,97.43195790000001,65.06875691089108,21.399841039053097,0.7867798042124319,48,64,,False,True,,493,21.16838264042747
37,2026-09-14T02:07:31.463+00:00,2026-09-14T02:09:39.362+00:00,2026-09-14T02:09:51.752+00:00,True,192,192.0,,192.0,127898.704884,140288.837108,140288.837057,730.6710263385417,0.0,127898.704884,9225.661837829648,94.19578000000001,64.86980221989529,30.285842424529537,1.3686049721275448,48,64,,False,True,,955,21.16838264042747
38,2026-09-14T02:07:35.246+00:00,2026-09-14T02:09:45.609+00:00,2026-09-14T02:09:52.301+00:00,True,104,104.0,,104.0,130363.152754,137055.251314,137055.251261,1317.8389544326922,39.018158,130363.152754,12776.805530221944,95.07285685000001,64.97183067961166,21.37194871130411,0.7588180606209034,48,64,,False,True,,478,21.16838264042747
39,2026-09-14T02:07:38.570+00:00,2026-09-14T02:09:51.428+00:00,2026-09-14T02:10:06.414+00:00,True,222,222.0,,222.0,132857.998542,147844.05575799997,147844.05573199998,665.964215009009,35.671565,132857.998542,8912.321501252332,95.194084,67.81021364705883,22.23221544324145,1.5015821830766258,48,64,,False,True,,955,21.16838264042747
40,2026-09-14T02:07:44.191+00:00,2026-09-14T02:10:01.525+00:00,2026-09-14T02:10:16.091+00:00,True,218,218.0,,218.0,137334.39686,151900.07596400002,151900.07614800002,696.7893401284404,0.0,137334.39686,9296.958079789307,96.82876335,67.1229451797235,29.0522575004948,1.4351539893348408,48,64,,False,True,,909,21.16838264042747
41,2026-09-14T02:07:47.708+00:00,2026-09-14T02:10:08.113+00:00,2026-09-14T02:10:22.978+00:00,True,229,229.0,,229.0,140405.115131,155269.874939,155269.875117,678.0343891572053,0.0,140405.115131,9274.151527970364,95.8436896,65.19631494736842,65.26694510068285,1.4748514487434599,48,64,,False,True,,1061,21.16838264042747
42,2026-09-14T02:07:52.954+00:00,2026-09-14T02:10:16.737+00:00,2026-09-14T02:10:30.640+00:00,True,215,215.0,,215.0,143783.855988,157686.876532,157686.876396,733.4273320744186,0.01579,143783.855988,9801.751512908175,95.54999740000001,64.96738571962617,63.489381418479965,1.363461593814811,48,64,,False,True,,1059,21.16838264042747
43,2026-09-14T02:07:58.799+00:00,2026-09-14T02:10:27.630+00:00,2026-09-14T02:10:46.353+00:00,True,282,282.0,,282.0,148830.584683,167553.773931,167553.77411,594.1623195390071,0.0,148830.584683,8858.814921553092,95.90490505,66.6305667188612,29.92700040702392,1.6830417685257861,48,64,,False,True,,1333,21.16838264042747
44,2026-09-14T02:08:04.649+00:00,2026-09-14T02:10:37.653+00:00,2026-09-14T02:10:47.175+00:00,True,147,147.0,,147.0,153004.19366999998,162526.29440599997,162526.29451999997,1105.6210511564625,0.0,153004.19366999998,12614.245447385108,98.23082120000001,65.21986805479452,36.16627386200079,0.9044690309174563,48,64,,False,True,,657,21.16838264042747
45,2026-09-14T02:08:08.633+00:00,2026-09-14T02:10:45.699+00:00,2026-09-14T02:10:55.338+00:00,True,147,147.0,,147.0,157066.55930300002,166705.47463100002,166705.47463500002,1134.050847857143,5.104269,157066.55930300002,12949.206107084457,95.2570906,66.019968,22.763852594755168,0.8817946760619723,48,64,,False,True,,635,21.16838264042747
46,2026-09-14T02:08:12.377+00:00,2026-09-14T02:10:51.923+00:00,2026-09-14T02:11:05.809+00:00,True,216,216.0,,216.0,159545.364115,173431.43310700002,173431.433157,802.9233016527778,40.921343,159545.364115,10851.312416977209,92.63492475,64.58636740465117,20.84984911232886,1.245448971564093,48,64,,False,True,,430,21.16838264042747
47,2026-09-14T02:08:17.593+00:00,2026-09-14T02:11:00.236+00:00,2026-09-14T02:11:09.611+00:00,True,145,145.0,,145.0,162642.588111,172017.98241499998,172017.982566,1186.3309142482758,39.734116,162642.588111,13501.342342933218,94.26094119999999,65.10690488888889,21.753367899675627,0.8429351278529819,48,64,,False,True,,554,21.16838264042747
48,2026-09-14T02:08:21.625+00:00,2026-09-14T02:11:07.706+00:00,2026-09-14T02:11:25.494+00:00,True,268,268.0,,268.0,166081.216884,183869.102196,183869.102085,686.0787391231343,0.0,166081.216884,10141.002029371302,96.619612,66.62129330337079,30.79429766423306,1.4575586479685885,48,64,,False,True,,663,21.16838264042747
49,2026-09-14T02:08:25.394+00:00,2026-09-14T02:11:14.069+00:00,2026-09-14T02:11:31.990+00:00,True,270,270.0,,270.0,168675.146461,186595.526109,186595.526003,691.0945407518518,0.01727,168675.146461,10261.402874871537,97.21497595000001,66.61851170260223,66.49309353048174,1.4469800301764963,48,64,,False,True,,1079,21.16838264042747
50,2026-09-14T02:08:29.082+00:00,2026-09-14T02:11:21.053+00:00,2026-09-14T02:11:37.261+00:00,True,244,244.0,,244.0,171971.586487,188179.09573499998,188179.095699,771.225802045082,0.015619999999999998,171971.586487,11005.29199518153,95.70035899999999,66.6975689218107,67.9944391802265,1.29663711607802,48,64,,False,True,,600,21.16838264042747
51,2026-09-14T02:08:32.565+00:00,2026-09-14T02:11:27.764+00:00,2026-09-14T02:11:35.406+00:00,True,130,130.0,,130.0,175198.203269,182840.28045299998,182840.28056299998,1406.4636966384614,0.01567,175198.203269,15360.728999784202,95.18180895000002,59.240908403100775,28.294191431402826,0.7110030660525986,48,64,,False,True,,543,21.16838264042747
52,2026-09-14T02:08:36.768+00:00,2026-09-14T02:11:33.717+00:00,2026-09-14T02:11:44.653+00:00,True,168,168.0,,168.0,176948.668215,187885.49458300002,187885.49470500002,1118.3660399107143,0.0,176948.668215,13646.873810015422,95.65734035,65.489978251497,33.27870253746267,0.8941616295226269,48,64,,False,True,,730,21.16838264042747
53,2026-09-14T02:08:42.528+00:00,2026-09-14T02:11:43.978+00:00,2026-09-14T02:12:00.537+00:00,True,243,243.0,,243.0,181449.50504,198009.078032,198009.07789999997,814.8521724279835,40.512565,181449.50504,11635.623376114214,95.5353811,68.42798757024794,22.600330116485438,1.2272164610590686,48,64,,False,True,,868,21.16838264042747
54,2026-09-14T02:08:48.245+00:00,2026-09-14T02:11:54.644+00:00,2026-09-14T02:12:08.706+00:00,True,208,208.0,,208.0,186399.06906900002,200460.70618900002,200460.706333,963.7533958317308,40.067375,186399.06906900002,12919.7614613628,98.25671885,67.93061410628019,23.67029017307155,1.0376098336393753,48,64,,False,True,,907,21.16838264042747
55,2026-09-14T02:08:51.798+00:00,2026-09-14T02:12:00.626+00:00,2026-09-14T02:12:19.274+00:00,True,278,278.0,,278.0,188827.318505,207475.20944900002,207475.209334,746.3137026402878,0.0,188827.318505,11321.117783922591,97.91904099999999,67.32090593501805,32.138013598509495,1.3399191196784206,48,64,,False,True,,1066,21.16838264042747
56,2026-09-14T02:08:57.597+00:00,2026-09-14T02:12:11.302+00:00,2026-09-14T02:12:22.676+00:00,True,169,169.0,,169.0,193705.021159,205078.643943,205078.643919,1213.483100112426,0.0,193705.021159,14895.222894485998,96.65962499999999,67.70013561904761,36.458786274877355,0.8240741051855806,48,64,,False,True,,629,21.16838264042747
57,2026-09-14T02:09:02.883+00:00,2026-09-14T02:12:20.923+00:00,2026-09-14T02:12:37.415+00:00,True,252,252.0,,252.0,198040.631676,214532.68364399998,214532.683658,851.3201732460317,37.725031,198040.631676,12471.266285162214,93.77874505,65.70538632669323,21.331823947777142,1.1746461924569689,48,64,,False,True,,1196,21.16838264042747
58,2026-09-14T02:09:07.110+00:00,2026-09-14T02:12:28.411+00:00,2026-09-14T02:12:42.577+00:00,True,222,222.0,,222.0,201301.415213,215467.615533,215467.615497,970.574844581081,38.973538,201301.415213,13506.180739751839,94.52856655,64.10045393665158,21.163592108051983,1.0303172448947415,48,64,,False,True,,976,21.16838264042747
59,2026-09-14T02:09:12.159+00:00,2026-09-14T02:12:37.742+00:00,2026-09-14T02:12:52.387+00:00,True,217,217.0,,217.0,205582.747671,220227.595543,220227.595577,1014.8737123364054,0.0,205582.747671,13951.513445469023,93.878408,67.80022162962963,83.673124118766,0.9853442728871378,48,64,,False,True,,785,21.16838264042747
60,2026-09-14T02:09:18.164+00:00,2026-09-14T02:12:47.701+00:00,2026-09-14T02:12:56.360+00:00,True,135,135.0,,135.0,209536.578625,218195.270465,218195.270456,1616.261262637037,0.0,209536.578625,18028.77610303813,96.44384969999999,64.6171032835821,104.4197559006136,0.6187118525176966,48,64,,False,True,,288,21.16838264042747
61,2026-09-14T02:09:21.841+00:00,2026-09-14T02:12:55.153+00:00,2026-09-14T02:13:02.503+00:00,True,109,109.0,,109.0,213311.586746,220661.29784999997,220661.298016,2024.4155781284403,37.9609,213311.586746,20425.03842289239,96.87738139999999,68.0528805925926,22.459574975239498,0.49396972220337193,48,64,,False,True,,504,21.16838264042747
62,2026-09-14T02:09:27.692+00:00,2026-09-14T02:13:04.460+00:00,2026-09-14T02:13:22.759+00:00,True,279,279.0,,279.0,216768.404646,235067.035814,235067.035714,842.53417818638,36.560063,216768.404646,12973.662431391096,94.31914690000002,65.8224142733813,21.76280184886216,1.1868954701958405,48,64,,False,True,,1274,21.16838264042747
63,2026-09-14T02:09:32.095+00:00,2026-09-14T02:13:13.147+00:00,2026-09-14T02:13:27.809+00:00,True,224,224.0,,224.0,221052.594916,235714.840292,235714.840241,1052.2983939330356,36.627742,221052.594916,14765.32057560554,93.94122765,65.749979264574,21.730899700188814,0.9503007944790924,48,64,,False,True,,560,21.16838264042747
64,2026-09-14T02:09:35.856+00:00,2026-09-14T02:13:19.750+00:00,2026-09-14T02:13:33.973+00:00,True,219,219.0,,219.0,223894.629839,238117.827791,238117.827767,1087.2960172009132,0.0,223894.629839,15125.034656984642,93.72150599999999,65.2440273027523,37.55867648867651,0.9197127406697997,48,64,,False,True,,928,21.16838264042747
65,2026-09-14T02:09:39.770+00:00,2026-09-14T02:13:27.052+00:00,2026-09-14T02:13:37.124+00:00,True,153,153.0,,153.0,227282.12925099998,237354.17481899998,237354.17463999998,1551.3344747712417,0.0,227282.12925099998,18369.36367689341,93.041034,66.26345768421052,42.857886589942545,0.6446063150845093,48,64,,False,True,,716,21.16838264042747
66,2026-09-14T02:09:44.555+00:00,2026-09-14T02:13:34.417+00:00,2026-09-14T02:13:48.122+00:00,True,206,206.0,,206.0,229861.895828,243567.242388,243567.24218600002,1182.3652533300972,40.658823,229861.895828,16010.594466725646,96.80560925,66.85534907317073,22.220614541591218,0.8457623364304638,48,64,,False,True,,947,21.16838264042747
67,2026-09-14T02:09:50.494+00:00,2026-09-14T02:13:46.589+00:00,2026-09-14T02:14:05.257+00:00,True,281,281.0,,281.0,236095.028917,254762.97592499998,254762.975907,906.6298074982207,35.255495,236095.028917,14080.288756383174,94.744459,66.67123931428571,22.17744125591898,1.1029860166287426,48,64,,False,True,,1250,21.16838264042747
68,2026-09-14T02:09:55.683+00:00,2026-09-14T02:13:55.401+00:00,2026-09-14T02:14:09.480+00:00,True,211,211.0,,211.0,239718.067245,253796.489773,253796.48995400002,1202.826966606635,36.742671,239718.067245,16498.272951971252,94.956619,67.04010727619047,22.927291971040486,0.8313747766516474,48,64,,False,True,,951,21.16838264042747
69,2026-09-14T02:10:00.004+00:00,2026-09-14T02:14:03.230+00:00,2026-09-14T02:14:19.678+00:00,True,242,242.0,,242.0,243226.277138,259674.035986,259674.035954,1073.0332064214876,0.0,243226.277138,15630.839432785871,96.77412915,68.24796202489627,39.344525452387565,0.9319376081675226,48,64,,False,True,,1195,21.16838264042747
70,2026-09-14T02:10:04.186+00:00,2026-09-14T02:14:11.018+00:00,2026-09-14T02:14:18.266+00:00,True,110,110.0,,110.0,246831.221222,254079.85942999998,254079.859237,2309.8169021545455,0.0,246831.221222,23528.150919200187,96.36320610000001,66.50126796330275,52.50031569337695,0.4329347483376794,48,64,,False,True,,355,21.16838264042747
71,2026-09-14T02:10:07.935+00:00,2026-09-14T02:14:18.222+00:00,2026-09-14T02:14:31.974+00:00,True,209,209.0,,209.0,250286.45685,264038.378514,264038.378425,1263.3415235645932,0.015550000000000001,250286.45685,17308.390292760578,95.4014954,66.115008,99.97241083012871,0.7915515963105276,48,64,,False,True,,947,21.16838264042747
72,2026-09-14T02:10:13.198+00:00,2026-09-14T02:14:27.482+00:00,2026-09-14T02:14:39.098+00:00,True,173,173.0,,173.0,254284.241334,265900.022198,265900.02220199996,1536.9943479884394,0.01529,254284.241334,19328.047651603334,94.33556799999998,67.5336096744186,109.65819969216922,0.6506204797199195,48,64,,False,True,,801,21.16838264042747
73,2026-09-14T02:10:18.425+00:00,2026-09-14T02:14:35.159+00:00,2026-09-14T02:14:49.147+00:00,True,215,215.0,,215.0,256734.18313,270722.510298,270722.510352,1259.1744667534883,31.533433000000002,256734.18313,17504.68107793716,92.16752499999998,65.36601480373832,21.4155101280785,0.7941711229086085,48,64,,False,True,,787,21.16838264042747
74,2026-09-14T02:10:21.667+00:00,2026-09-14T02:14:41.958+00:00,2026-09-14T02:14:53.190+00:00,True,172,172.0,,172.0,260291.465192,271522.682856,271522.682881,1578.6202493081396,29.934905999999998,260291.465192,19842.04163426686,93.291409,65.67963546198831,21.428976062291024,0.6334645716918571,48,64,,False,True,,884,21.16838264042747
75,2026-09-14T02:10:27.402+00:00,2026-09-14T02:14:52.191+00:00,2026-09-14T02:15:05.506+00:00,True,193,193.0,,193.0,264788.391446,278104.00079,278104.00076900003,1440.9533718601037,0.0,264788.391446,19054.943280281892,95.5139018,69.352132,43.71270298755915,0.6939849820633713,48,64,,False,True,,860,21.16838264042747
76,2026-09-14T02:10:30.819+00:00,2026-09-14T02:14:58.452+00:00,2026-09-14T02:15:13.101+00:00,True,215,215.0,,215.0,267633.642265,282281.95048899995,282281.95033699996,1312.9393038930232,0.0,267633.642265,18247.84384945907,96.33533599999998,68.45003842990654,42.47182040419321,0.761649831409884,48,64,,False,True,,473,21.16838264042747
77,2026-09-14T02:10:36.799+00:00,2026-09-14T02:15:07.828+00:00,2026-09-14T02:15:16.511+00:00,True,132,132.0,,132.0,271028.513392,279711.30968,279711.309731,2119.025073719697,39.469606,271028.513392,23584.24590860008,95.993445,66.28088769465649,22.62043296699512,0.47191513332447244,48,64,,False,True,,643,21.16838264042747
78,2026-09-14T02:10:42.268+00:00,2026-09-14T02:15:18.229+00:00,2026-09-14T02:15:31.815+00:00,True,199,199.0,,199.0,275961.276868,289547.061956,289547.061979,1455.0103617035174,38.798259,275961.276868,19557.525683546366,98.189684,68.6150762020202,22.977131866530183,0.6872803289927367,48,64,,False,True,,1037,21.16838264042747
79,2026-09-14T02:10:48.220+00:00,2026-09-14T02:15:29.033+00:00,2026-09-14T02:15:37.089+00:00,True,118,118.0,,118.0,280813.594978,288869.07427399996,288869.074386,2448.043003271186,38.382229,280813.594978,25844.657928316945,96.6199012,68.8502503931624,22.040651020617343,0.4084895563727735,48,64,,False,True,,448,21.16838264042747
80,2026-09-14T02:10:51.718+00:00,2026-09-14T02:15:35.708+00:00,2026-09-14T02:15:47.287+00:00,True,173,173.0,,173.0,283990.20764700003,295569.271199,295569.271137,1708.492896745665,33.775148,283990.20764700003,21586.26869831865,96.08552819999998,67.32013693023255,22.140308609825198,0.5853111837310147,48,64,,False,True,,789,21.16838264042747
81,2026-09-14T02:10:55.412+00:00,2026-09-14T02:15:41.658+00:00,2026-09-14T02:15:55.503+00:00,False,214,213.0,,213.0,286245.678067,300090.418931,300090.419101,1402.291678042056,0.0,286245.678067,19562.95741123765,95.49448165,64.99878339906103,43.851363665372816,0.7097860730068002,48,64,,False,False,Request timeout: 300.0s exceeded,773,21.16838264042747
82,2026-09-14T02:11:01.175+00:00,2026-09-14T02:15:52.227+00:00,2026-09-14T02:16:01.214+00:00,False,129,128.0,,128.0,291052.62249299994,300039.03708499996,300039.0370119999,2325.8840078449607,0.02445,291052.62249299994,25619.582094849364,93.4176364,70.206364,21.43178672195649,0.4266111544803354,48,64,,False,False,Request timeout: 300.0s exceeded,583,21.16838264042747
83,2026-09-14T02:11:05.922+00:00,2026-09-14T02:15:59.032+00:00,2026-09-14T02:16:05.936+00:00,False,99,98.0,,98.0,293109.565089,300013.53616099997,300013.536154,3030.439759131313,0.024399,293109.565089,29451.54626299396,89.984329,70.44868440816326,20.306777156187927,0.3266519279563741,48,64,,False,False,Request timeout: 300.0s exceeded,475,21.16838264042747
84,2026-09-14T02:11:10.564+00:00,2026-09-14T02:16:03.807+00:00,2026-09-14T02:16:10.615+00:00,False,102,101.0,,101.0,293242.828453,300051.074469,300051.074475,2941.6772007352943,0.02172,293242.828453,29028.6991303088,88.0598639,67.4083763960396,20.180675080749424,0.33660935951900717,48,64,,False,False,Request timeout: 300.0s exceeded,622,21.16838264042747
85,2026-09-14T02:11:15.785+00:00,2026-09-14T02:16:09.986+00:00,2026-09-14T02:16:15.817+00:00,False,89,88.0,,88.0,294201.535936,300032.33632,300032.336274,3371.149845775281,0.036799,294201.535936,31178.283236755866,87.069353,66.25909527272728,19.851617861147233,0.2933017190058589,48,64,,False,False,Request timeout: 300.0s exceeded,386,21.16838264042747
86,2026-09-14T02:11:19.984+00:00,2026-09-14T02:16:13.986+00:00,2026-09-14T02:16:19.993+00:00,False,90,89.0,,89.0,294001.982141,300009.073853,300009.073966,3333.4341551777775,0.02459,294001.982141,30983.421775788494,88.13841945,67.49541249438202,20.045231235947746,0.2966576939056473,48,64,,False,False,Request timeout: 300.0s exceeded,391,21.16838264042747
87,2026-09-14T02:11:24.142+00:00,2026-09-14T02:16:17.917+00:00,2026-09-14T02:16:24.152+00:00,False,93,92.0,,92.0,293774.916423,300010.066503,300010.066495,3225.9146934946234,0.021639,293774.916423,30456.018364246072,88.509339,67.7733704347826,19.836899666079137,0.3066563768088763,48,64,,False,False,Request timeout: 300.0s exceeded,403,21.16838264042747
88,2026-09-14T02:11:29.975+00:00,2026-09-14T02:16:23.812+00:00,2026-09-14T02:16:29.995+00:00,False,96,95.0,,95.0,293836.932379,300020.18383500003,300020.183762,3125.2102475208335,0.047299999999999995,293836.932379,29982.970572350765,87.95033950000001,65.08685743157895,20.80480130134855,0.3166453629408029,48,64,,False,False,Request timeout: 300.0s exceeded,295,21.16838264042747
89,2026-09-14T02:11:33.521+00:00,2026-09-14T02:16:26.961+00:00,2026-09-14T02:16:33.562+00:00,False,113,112.0,,112.0,293439.222219,300040.897227,300040.897296,2655.229179610619,0.01582,293439.222219,27599.29037621411,90.9969166,58.94352685714286,148.38354169281155,0.3732824459435772,48,64,,False,False,Request timeout: 300.0s exceeded,515,21.16838264042747
90,2026-09-14T02:11:39.123+00:00,2026-09-14T02:16:34.019+00:00,2026-09-14T02:16:39.212+00:00,False,75,74.0,,74.0,294895.929036,300088.677324,300088.677286,4001.1823638133333,0.020489999999999998,294895.929036,34043.551631606904,87.59880869999999,70.17227416216215,19.704495065638916,0.24659377574617258,48,64,,False,False,Request timeout: 300.0s exceeded,371,21.16838264042747
91,2026-09-14T02:11:42.431+00:00,2026-09-14T02:16:35.894+00:00,2026-09-14T02:16:42.778+00:00,False,91,90.0,,90.0,293462.702429,300346.901597,300346.90172,3300.5154035164833,0.022699999999999998,293462.702429,30755.293415185337,88.5775675,76.49110186666665,61.97622685339853,0.29965349907541367,48,64,,False,False,Request timeout: 300.0s exceeded,411,21.16838264042747
92,2026-09-14T02:11:45.970+00:00,2026-09-14T02:16:39.419+00:00,2026-09-14T02:16:46.060+00:00,True,104,104.0,,104.0,293449.40521600004,300090.65424000006,300090.65422,2885.4870598076927,0.0,293449.40521600004,28768.825640827847,87.9929395,64.47814586407767,62.223806521019696,0.34656194230169235,48,64,,False,True,,531,21.16838264042747
93,2026-09-14T02:11:51.558+00:00,2026-09-14T02:16:44.821+00:00,2026-09-14T02:16:51.602+00:00,False,100,99.0,,99.0,293262.51736299996,300043.73797099997,300043.73801,3000.4373800999997,0.02102,293262.51736299996,29319.40925283791,89.42910739999999,68.49717785858586,20.701281571384214,0.32995189524524793,48,64,,False,False,Request timeout: 300.0s exceeded,393,21.16838264042747
94,2026-09-14T02:11:56.958+00:00,2026-09-14T02:16:50.882+00:00,2026-09-14T02:16:57.049+00:00,False,90,89.0,,89.0,293923.60729400004,300090.43481400004,300090.434782,3334.338164244445,0.03334,293923.60729400004,30974.971220784184,89.94585385,69.29019685393258,20.145328503775634,0.29657726363442194,48,64,,False,False,Request timeout: 300.0s exceeded,360,21.16838264042747
95,2026-09-14T02:12:00.521+00:00,2026-09-14T02:16:54.249+00:00,2026-09-14T02:17:00.553+00:00,False,92,91.0,,91.0,293728.281466,300032.691322,300032.691344,3261.2249059130436,0.03724,293728.281466,30616.074114464787,89.1125285,69.2792291868132,20.401150763541622,0.3033002823760205,48,64,,False,False,Request timeout: 300.0s exceeded,360,21.16838264042747
96,2026-09-14T02:12:05.428+00:00,2026-09-14T02:16:59.057+00:00,2026-09-14T02:17:05.458+00:00,False,96,95.0,,95.0,293628.96765299997,300030.286309,300030.286414,3125.3154834791662,0.047209,293628.96765299997,29961.51057692918,89.35164850000001,67.38230164210526,20.19692399878642,0.3166347010120168,48,64,,False,False,Request timeout: 300.0s exceeded,140,21.16838264042747
97,2026-09-14T02:12:11.411+00:00,2026-09-14T02:17:05.377+00:00,2026-09-14T02:17:11.492+00:00,False,87,86.0,,86.0,293965.739006,300080.606462,300080.606393,3449.202372333333,0.025670000000000002,293965.739006,31508.81839459701,89.3500994,71.10310995348837,19.70179724209181,0.2865896634039575,48,64,,False,False,Request timeout: 300.0s exceeded,307,21.16838264042747
98,2026-09-14T02:12:16.021+00:00,2026-09-14T02:17:10.267+00:00,2026-09-14T02:17:16.068+00:00,False,84,83.0,,83.0,294245.563562,300046.662058,300046.662053,3571.984072059524,0.03149,294245.563562,32097.203245968973,87.5072015,69.89275296385541,19.948944194250473,0.2766236405721315,48,64,,False,False,Request timeout: 300.0s exceeded,292,21.16838264042747
99,2026-09-14T02:12:19.836+00:00,2026-09-14T02:17:13.780+00:00,2026-09-14T02:17:19.858+00:00,False,91,90.0,,90.0,293944.377455,300021.92241500004,300021.922411,3296.9442023186816,0.03614,293944.377455,30806.67138041159,89.51855499999999,67.52827733333334,20.726354332642902,0.29997807918685715,48,64,,False,False,Request timeout: 300.0s exceeded,463,21.16838264042747
100,2026-09-14T02:12:25.799+00:00,2026-09-14T02:17:19.347+00:00,2026-09-14T02:17:25.842+00:00,False,95,94.0,,94.0,293548.65960799996,300043.18914399995,300043.18921299995,3158.349360136842,0.02755,293548.65960799996,30110.37490823702,88.68882959999999,69.09073974468085,19.836394563360173,0.31328823116490245,48,64,,False,False,Request timeout: 300.0s exceeded,374,21.16838264042747
101,2026-09-14T02:12:31.492+00:00,2026-09-14T02:17:25.338+00:00,2026-09-14T02:17:31.531+00:00,False,93,92.0,,92.0,293845.740941,300039.195277,300039.195197,3226.227905344086,0.03718,293845.740941,30463.40977065434,88.5606358,67.32015582608696,20.223286266014203,0.30662660561752414,48,64,,False,False,Request timeout: 300.0s exceeded,399,21.16838264042747
102,2026-09-14T02:12:35.795+00:00,2026-09-14T02:17:29.638+00:00,2026-09-14T02:17:35.803+00:00,False,89,88.0,,88.0,293842.48331,300007.531118,300007.53124499996,3370.8711375842695,0.039420000000000004,293842.48331,31139.820842566063,88.5563464,70.05736145454546,19.39569086245783,0.29332596975836434,48,64,,False,False,Request timeout: 300.0s exceeded,394,21.16838264042747
103,2026-09-14T02:12:39.564+00:00,2026-09-14T02:17:33.282+00:00,2026-09-14T02:17:39.605+00:00,False,99,98.0,,98.0,293717.732748,300041.089164,300041.089218,3030.718072909091,0.0,293717.732748,29513.32988632264,88.87914789999999,64.52404506122448,65.50583977476018,0.3266219312596682,48,64,,False,False,Request timeout: 300.0s exceeded,408,21.16838264042747
104,2026-09-14T02:12:43.516+00:00,2026-09-14T02:17:37.650+00:00,2026-09-14T02:17:43.538+00:00,False,98,97.0,,97.0,294133.739202,300021.94937800005,300021.94949300005,3061.448464214286,0.0,294133.739202,29705.87737702195,89.60584985,60.703197690721645,29.82380290138314,0.32330967851218423,48,64,,False,False,Request timeout: 300.0s exceeded,390,21.16838264042747
105,2026-09-14T02:12:48.431+00:00,2026-09-14T02:17:41.873+00:00,2026-09-14T02:17:48.480+00:00,False,95,94.0,,94.0,293441.90003200003,300048.23424,300048.23434500006,3158.402466789474,0.04057,293441.90003200003,30099.299601646428,89.4876347,70.28015114893617,19.872384039633623,0.31328296344784384,48,64,,False,False,Request timeout: 300.0s exceeded,425,21.16838264042747
106,2026-09-14T02:12:53.764+00:00,2026-09-14T02:17:47.484+00:00,2026-09-14T02:17:53.787+00:00,False,98,97.0,,97.0,293719.73766900005,300022.423621,300022.4235740001,3061.4533017755107,0.023899999999999998,293719.73766900005,29663.617792322,91.03328434999999,64.97614383505154,20.968709117640152,0.3233091674592102,48,64,,False,False,Request timeout: 300.0s exceeded,526,21.16838264042747
107,2026-09-14T02:12:58.882+00:00,2026-09-14T02:17:53.599+00:00,2026-09-14T02:17:58.927+00:00,False,79,78.0,,78.0,294716.320558,300044.49463800003,300044.494633,3798.0315776329116,0.039439999999999996,294716.320558,33150.49790960462,89.756621,68.3099241025641,21.26027808393873,0.25996144369889546,48,64,,False,False,Request timeout: 300.0s exceeded,342,21.16838264042747
108,2026-09-14T02:13:02.935+00:00,2026-09-14T02:17:56.812+00:00,2026-09-14T02:18:02.946+00:00,False,93,92.0,,92.0,293876.76845599996,300010.73632799997,300010.73631599994,3225.9218958709675,0.03515,293876.76845599996,30466.694328974012,88.69610999999999,66.67356382608695,20.38597321488632,0.3066556921463536,48,64,,False,False,Request timeout: 300.0s exceeded,372,21.16838264042747
109,2026-09-14T02:13:07.077+00:00,2026-09-14T02:18:00.655+00:00,2026-09-14T02:18:07.105+00:00,False,94,93.0,,93.0,293577.603719,300027.890823,300027.890703,3191.7860713085106,0.023379999999999998,293577.603719,30273.07082122145,88.59995785000001,69.35792584946236,20.33274967117853,0.30997118216207736,48,64,,False,False,Request timeout: 300.0s exceeded,382,21.16838264042747
110,2026-09-14T02:13:11.741+00:00,2026-09-14T02:18:05.545+00:00,2026-09-14T02:18:11.761+00:00,False,89,88.0,,88.0,293803.869476,300020.21891600004,300020.218795,3371.013694325843,0.02093,293803.869476,31135.66633433708,89.43719700000001,70.64033454545455,19.946289873839966,0.293313565058888,48,64,,False,False,Request timeout: 300.0s exceeded,287,21.16838264042747
111,2026-09-14T02:13:16.953+00:00,2026-09-14T02:18:10.907+00:00,2026-09-14T02:18:17.042+00:00,False,91,90.0,,90.0,293953.779714,300088.638722,300088.638604,3297.6773472967034,0.03422,293953.779714,30807.5900879961,89.049167,68.16510008888888,20.48485052076013,0.29991138745967444,48,64,,False,False,Request timeout: 300.0s exceeded,468,21.16838264042747
112,2026-09-14T02:13:22.906+00:00,2026-09-14T02:18:16.310+00:00,2026-09-14T02:18:22.911+00:00,False,100,99.0,,99.0,293404.656219,300005.232219,300005.232145,3000.05232145,0.02429,293404.656219,29333.805278712436,87.70753325,66.67248484848486,20.229839340473625,0.32999424465947735,48,64,,False,False,Request timeout: 300.0s exceeded,368,21.16838264042747
113,2026-09-14T02:13:28.747+00:00,2026-09-14T02:18:22.742+00:00,2026-09-14T02:18:28.770+00:00,False,87,86.0,,86.0,293994.92792299995,300023.12222699996,300023.12205999997,3448.541632873563,0.020309999999999998,293994.92792299995,31512.055855352137,90.361126,70.09528260465117,19.750993901743275,0.2866445737969879,48,64,,False,False,Request timeout: 300.0s exceeded,412,21.16838264042747
114,2026-09-14T02:13:34.222+00:00,2026-09-14T02:18:27.903+00:00,2026-09-14T02:18:34.308+00:00,False,100,99.0,,99.0,293680.771807,300086.55510299996,300086.555016,3000.8655501599997,0.0,293680.771807,29361.67212181444,94.00911915,64.70488177777777,62.301082680864546,0.32990481684865824,48,64,,False,False,Request timeout: 300.0s exceeded,395,21.16838264042747
115,2026-09-14T02:13:39.012+00:00,2026-09-14T02:18:32.809+00:00,2026-09-14T02:18:39.081+00:00,False,93,92.0,,92.0,293797.721793,300069.163201,300069.163267,3226.550142655914,0.019940000000000003,293797.721793,30458.342747366845,90.29618699999999,68.16784139130435,20.57108312079032,0.30659598280138567,48,64,,False,False,Request timeout: 300.0s exceeded,511,21.16838264042747
116,2026-09-14T02:13:43.670+00:00,2026-09-14T02:18:37.503+00:00,2026-09-14T02:18:43.755+00:00,False,94,93.0,,93.0,293832.67156,300084.54304799996,300084.54303299997,3192.3887556702125,0.036469999999999995,293832.67156,30299.599584774878,90.2521443,67.22442460215055,21.038554340323877,0.3099126634627236,48,64,,False,False,Request timeout: 300.0s exceeded,451,21.16838264042747
117,2026-09-14T02:13:47.995+00:00,2026-09-14T02:18:42.065+00:00,2026-09-14T02:18:48.054+00:00,False,95,94.0,,94.0,294069.47134600003,300058.56728200003,300058.56727400003,3158.5112344631584,0.038200000000000005,294069.47134600003,30164.361444582588,89.732734,63.71378655319149,20.924319760362525,0.3132721750006133,48,64,,False,False,Request timeout: 300.0s exceeded,449,21.16838264042747
118,2026-09-14T02:13:53.691+00:00,2026-09-14T02:18:47.516+00:00,2026-09-14T02:18:53.756+00:00,False,92,91.0,,91.0,293825.012241,300065.163537,300065.163429,3261.577863358696,0.019829999999999997,293825.012241,30626.23236421696,90.3433705,68.57309116483518,20.020275911062594,0.3032674600654838,48,64,,False,False,Request timeout: 300.0s exceeded,500,21.16838264042747
119,2026-09-14T02:13:58.190+00:00,2026-09-14T02:18:51.701+00:00,2026-09-14T02:18:59.290+00:00,False,90,89.0,,89.0,293510.93189099996,301100.18603499996,301100.18622599996,3345.557624733333,0.03597,293510.93189099996,30930.36605632205,87.53491300000002,85.27251847191012,191.4412826570868,0.2955826802101498,48,64,,False,False,Request timeout: 300.0s exceeded,160,21.16838264042747
120,2026-09-14T02:14:02.685+00:00,2026-09-14T02:18:56.547+00:00,2026-09-14T02:19:02.761+00:00,False,100,99.0,,99.0,293861.59904500004,300075.82291700004,300075.822837,3000.7582283700003,0.01648,293861.59904500004,29380.50589359963,94.69993550000001,62.7699381010101,192.3025150897859,0.32991661586606086,48,64,,False,False,Request timeout: 300.0s exceeded,462,21.16838264042747
121,2026-09-14T02:14:08.519+00:00,2026-09-14T02:19:02.062+00:00,2026-09-14T02:19:08.572+00:00,False,100,99.0,,99.0,293543.108282,300052.193978,300052.193941,3000.52193941,0.04431,293543.108282,29347.742950264757,89.48045390000001,65.74834036363637,20.309009959925593,0.3299425966112373,48,64,,False,False,Request timeout: 300.0s exceeded,328,21.16838264042747
122,2026-09-14T02:14:12.990+00:00,2026-09-14T02:19:06.838+00:00,2026-09-14T02:19:13.471+00:00,False,95,94.0,,94.0,293848.589974,300480.999062,300480.998951,3162.9578836947367,0.02454,293848.589974,30140.996021864834,87.81613570000002,70.5575434893617,18.899903921268887,0.3128317607217634,48,64,,False,False,Request timeout: 300.0s exceeded,360,21.16838264042747
123,2026-09-14T02:14:18.619+00:00,2026-09-14T02:19:12.550+00:00,2026-09-14T02:19:18.631+00:00,False,86,85.0,,85.0,293931.58209,300012.64449,300012.64459399995,3488.5191231860463,0.08568,293931.58209,31687.749063413255,89.53528525,71.54191058823528,19.611436280048014,0.2833213918183146,48,64,,False,False,Request timeout: 300.0s exceeded,438,21.16838264042747
124,2026-09-14T02:14:22.014+00:00,2026-09-14T02:19:15.960+00:00,2026-09-14T02:19:22.080+00:00,False,89,88.0,,88.0,293946.05054799997,300066.08382799994,300066.08383899997,3371.529031898876,0.022109999999999998,293946.05054799997,31150.85351045059,89.2482294,69.54583272727274,19.94457680058117,0.2932687322651308,48,64,,False,False,Request timeout: 300.0s exceeded,435,21.16838264042747
125,2026-09-14T02:14:26.634+00:00,2026-09-14T02:19:20.695+00:00,2026-09-14T02:19:26.684+00:00,False,93,92.0,,92.0,294061.971004,300050.648636,300050.648504,3226.351059182796,0.0,294061.971004,30486.132776593175,90.5009826,65.09432208695652,68.81585223211712,0.3066149012449156,48,64,,False,False,Request timeout: 300.0s exceeded,322,21.16838264042747
126,2026-09-14T02:14:31.922+00:00,2026-09-14T02:19:24.659+00:00,2026-09-14T02:19:32.022+00:00,False,118,117.0,,117.0,292737.847301,300100.79155699996,300100.79166499997,2543.2270480084744,0.0,292737.847301,26942.98046411821,90.84806549999999,62.93114748717949,61.92426974910594,0.38986901498317933,48,64,,False,False,Request timeout: 300.0s exceeded,502,21.16838264042747
127,2026-09-14T02:14:35.052+00:00,2026-09-14T02:19:28.905+00:00,2026-09-14T02:19:35.089+00:00,False,102,101.0,,101.0,293852.56907800003,300037.094134,300037.094072,2941.5401379607847,0.02441,293852.56907800003,29089.683820264534,89.069789,61.23292134653465,20.071337281151532,0.3366250439517063,48,64,,False,False,Request timeout: 300.0s exceeded,425,21.16838264042747
128,2026-09-14T02:14:39.387+00:00,2026-09-14T02:19:33.298+00:00,2026-09-14T02:19:39.440+00:00,False,94,93.0,,93.0,293910.86900199996,300053.05396199995,300053.05396,3192.0537655319145,0.040119999999999996,293910.86900199996,30307.785704186896,87.8303015,66.04499956989247,19.5636218530941,0.3099451872660424,48,64,,False,False,Request timeout: 300.0s exceeded,328,21.16838264042747
129,2026-09-14T02:14:44.827+00:00,2026-09-14T02:19:38.754+00:00,2026-09-14T02:19:44.910+00:00,False,91,90.0,,90.0,293926.536861,300082.840733,300082.840847,3297.6136356813186,0.022,293926.536861,30804.709025540742,87.53234,68.40337635555555,20.089120617972522,0.2999171821359752,48,64,,False,False,Request timeout: 300.0s exceeded,451,21.16838264042747
130,2026-09-14T02:14:49.237+00:00,2026-09-14T02:19:42.850+00:00,2026-09-14T02:19:49.305+00:00,False,98,97.0,,97.0,293612.510132,300067.651764,300067.651757,3061.914813846939,0.035869,293612.510132,29652.626869796084,87.70289985,66.54785187628866,20.179755331875132,0.3232604362041979,48,64,,False,False,Request timeout: 300.0s exceeded,511,21.16838264042747
131,2026-09-14T02:14:54.301+00:00,2026-09-14T02:19:48.355+00:00,2026-09-14T02:19:54.320+00:00,False,88,87.0,,87.0,294054.481283,300019.35501099995,300019.355056,3409.3108529090905,0.030289999999999997,294054.481283,31339.01096626147,89.24295625,68.56176698850575,20.529130408513666,0.28998129136305295,48,64,,False,False,Request timeout: 300.0s exceeded,128,21.16838264042747
132,2026-09-14T02:14:59.054+00:00,2026-09-14T02:19:52.935+00:00,2026-09-14T02:19:59.540+00:00,False,96,95.0,,95.0,293880.690213,300486.172197,300486.172263,3130.06429440625,0.02869,293880.690213,29986.981857388,87.9426615,69.53138930526316,19.118147011763984,0.3161543152066165,48,64,,False,False,Request timeout: 300.0s exceeded,436,21.16838264042747
133,2026-09-14T02:15:02.458+00:00,2026-09-14T02:19:56.200+00:00,2026-09-14T02:20:02.548+00:00,False,98,97.0,,97.0,293742.099609,300090.597017,300090.5969,3062.1489479591837,0.032369999999999996,293742.099609,29665.828385254288,88.6232312,65.44842688659794,20.09888935633576,0.323235719360127,48,64,,False,False,Request timeout: 300.0s exceeded,428,21.16838264042747
134,2026-09-14T02:15:05.746+00:00,2026-09-14T02:19:59.258+00:00,2026-09-14T02:20:05.765+00:00,False,98,97.0,,97.0,293511.89175,300018.356006,300018.356095,3061.4117968877554,0.025899000000000002,293511.89175,29642.410277564264,89.8970452,67.0769510927835,21.395890513755266,0.32331355084840246,48,64,,False,False,Request timeout: 300.0s exceeded,471,21.16838264042747
135,2026-09-14T02:15:10.578+00:00,2026-09-14T02:20:03.707+00:00,2026-09-14T02:20:10.596+00:00,False,105,104.0,,104.0,293128.48787,300018.142142,300018.142126,2857.3156392952383,0.03361,293128.48787,28599.953365700174,89.47880520000001,66.24667569230769,20.26380320706043,0.34664570368140035,48,64,,False,False,Request timeout: 300.0s exceeded,501,21.16838264042747
136,2026-09-14T02:15:13.971+00:00,2026-09-14T02:20:07.691+00:00,2026-09-14T02:20:13.994+00:00,False,95,94.0,,94.0,293720.55696200003,300023.058082,300023.05808800005,3158.1374535578952,0.038520000000000006,293720.55696200003,30128.22152887958,89.49467399999999,67.04788425531915,20.935031398475207,0.3133092522985638,48,64,,False,False,Request timeout: 300.0s exceeded,501,21.16838264042747
137,2026-09-14T02:15:19.278+00:00,2026-09-14T02:20:13.010+00:00,2026-09-14T02:20:19.326+00:00,False,93,92.0,,92.0,293732.270394,300048.165178,300048.165172,3226.324356688172,0.02492,293732.270394,30451.505519915125,90.6820606,68.65103026086956,20.374370405103967,0.3066174390549001,48,64,,False,False,Request timeout: 300.0s exceeded,367,21.16838264042747
138,2026-09-14T02:15:23.063+00:00,2026-09-14T02:20:16.772+00:00,2026-09-14T02:20:23.115+00:00,False,96,95.0,,95.0,293709.38732200005,300052.71455400006,300052.71433200006,3125.5491076250005,0.0,293709.38732200005,29969.849168635978,89.35006425,66.7718656,67.50569900749392,0.31661103330195994,48,64,,False,False,Request timeout: 300.0s exceeded,404,21.16838264042747
139,2026-09-14T02:15:27.466+00:00,2026-09-14T02:20:21.152+00:00,2026-09-14T02:20:27.489+00:00,False,98,97.0,,97.0,293686.11792,300023.674656,300023.674412,3061.4660654285713,0.0,293686.11792,29660.251157099152,88.55533519999999,65.33563645360825,66.20242671801122,0.323307819328651,48,64,,False,False,Request timeout: 300.0s exceeded,516,21.16838264042747
140,2026-09-14T02:15:32.461+00:00,2026-09-14T02:20:26.123+00:00,2026-09-14T02:20:32.517+00:00,False,96,95.0,,95.0,293662.419971,300055.857155,300055.857276,3125.581846625,0.024329999999999997,293662.419971,29964.933045591733,87.59760050000001,67.29933877894737,19.878272807001444,0.3166077173121997,48,64,,False,False,Request timeout: 300.0s exceeded,450,21.16838264042747
141,2026-09-14T02:15:36.201+00:00,2026-09-14T02:20:30.013+00:00,2026-09-14T02:20:36.281+00:00,False,88,87.0,,87.0,293812.02681199997,300080.37701999996,300080.377,3410.0042840909086,0.0362,293812.02681199997,31312.792797550344,89.692673,72.05000239080461,19.591526837822258,0.28992232302547916,48,64,,False,False,Request timeout: 300.0s exceeded,414,21.16838264042747
142,2026-09-14T02:15:40.584+00:00,2026-09-14T02:20:34.174+00:00,2026-09-14T02:20:40.654+00:00,False,89,88.0,,88.0,293589.65025,300069.928266,300069.92836,3371.572228764045,0.049259,293589.65025,31112.64072040995,91.5656608,73.6395229090909,19.120677996026675,0.2932649749627411,48,64,,False,False,Request timeout: 300.0s exceeded,324,21.16838264042747
143,2026-09-14T02:15:45.729+00:00,2026-09-14T02:20:39.604+00:00,2026-09-14T02:20:45.742+00:00,False,90,89.0,,89.0,293875.41974800004,300013.09347600007,300013.09340300004,3333.4788155888896,0.02752,293875.41974800004,30969.9265598203,90.22562295,68.96262615730338,20.488040390574533,0.2966537192388227,48,64,,False,False,Request timeout: 300.0s exceeded,374,21.16838264042747
144,2026-09-14T02:15:51.356+00:00,2026-09-14T02:20:44.934+00:00,2026-09-14T02:20:51.440+00:00,False,96,95.0,,95.0,293578.01028,300083.316392,300083.31638699997,3125.8678790312497,0.03244,293578.01028,29956.199274962564,92.07045,68.47690644210526,21.96264589965922,0.3165787460036636,48,64,,False,False,Request timeout: 300.0s exceeded,271,21.16838264042747
145,2026-09-14T02:15:57.297+00:00,2026-09-14T02:20:51.009+00:00,2026-09-14T02:20:57.357+00:00,False,94,93.0,,93.0,293711.749622,300059.79390999995,300059.79394099995,3192.1254674574466,0.022969999999999997,293711.749622,30287.020335869525,89.78109665,68.2585407311828,20.380233826946743,0.3099382252721751,48,64,,False,False,Request timeout: 300.0s exceeded,270,21.16838264042747
146,2026-09-14T02:16:02.956+00:00,2026-09-14T02:20:56.768+00:00,2026-09-14T02:21:02.977+00:00,False,91,90.0,,90.0,293811.712894,300021.039742,300021.039676,3296.934501934066,0.02243,293811.712894,30792.61045655819,89.68793,68.99252053333333,20.10417253889567,0.2999789617334657,48,64,,False,False,Request timeout: 300.0s exceeded,488,21.16838264042747
147,2026-09-14T02:16:06.987+00:00,2026-09-14T02:21:00.464+00:00,2026-09-14T02:21:07.023+00:00,False,98,97.0,,97.0,293476.880348,300035.82306799997,300035.823162,3061.590032265306,0.02252,293476.880348,29638.81823771807,89.54575155,67.61796618556701,20.386236090419292,0.32329472863650677,48,64,,False,False,Request timeout: 300.0s exceeded,472,21.16838264042747
148,2026-09-14T02:16:11.881+00:00,2026-09-14T02:21:05.831+00:00,2026-09-14T02:21:11.960+00:00,False,90,89.0,,89.0,293949.27519099996,300078.73874299997,300078.73860199994,3334.2082066888884,0.03065,293949.27519099996,30977.721409340567,89.94298199999999,68.87037698876405,20.60996288429478,0.2965888232295702,48,64,,False,False,Request timeout: 300.0s exceeded,438,21.16838264042747
149,2026-09-14T02:16:16.979+00:00,2026-09-14T02:21:11.059+00:00,2026-09-14T02:21:17.195+00:00,False,80,79.0,,79.0,294079.637826,300216.260418,300216.260282,3752.703253525,0.03821,294079.637826,32870.49181818074,91.0965625,77.67876698734177,69.96563652765893,0.26314364148699326,48,64,,False,False,Request timeout: 300.0s exceeded,186,21.16838264042747
150,2026-09-14T02:16:21.074+00:00,2026-09-14T02:21:14.920+00:00,2026-09-14T02:21:21.124+00:00,False,98,97.0,,97.0,293845.728976,300050.045136,300050.04513,3061.735154387755,0.0,293845.728976,29676.51634398247,91.44599095000001,63.96202226804124,67.68937348888788,0.3232794047940703,48,64,,False,False,Request timeout: 300.0s exceeded,609,21.16838264042747
151,2026-09-14T02:16:26.110+00:00,2026-09-14T02:21:20.139+00:00,2026-09-14T02:21:26.142+00:00,False,90,89.0,,89.0,294029.146289,300032.025265,300032.025328,3333.689170311111,0.03538,294029.146289,30986.289865424915,88.90702095,67.44807838202247,19.64746497789711,0.29663500061832304,48,64,,False,False,Request timeout: 300.0s exceeded,447,21.16838264042747
152,2026-09-14T02:16:29.879+00:00,2026-09-14T02:21:23.531+00:00,2026-09-14T02:21:29.966+00:00,False,96,95.0,,95.0,293651.388064,300086.120352,300086.120189,3125.8970853020833,0.022629999999999997,293651.388064,29963.762377247225,87.39420825,67.73402408421053,19.314679592648126,0.3165757879390267,48,64,,False,False,Request timeout: 300.0s exceeded,186,21.16838264042747
153,2026-09-14T02:16:34.968+00:00,2026-09-14T02:21:28.771+00:00,2026-09-14T02:21:35.015+00:00,False,97,96.0,,96.0,293802.807542,300047.498742,300047.498671,3093.273182175258,0.03785,293802.807542,29824.55845665534,91.66411459999999,65.04886666666667,21.646977027840578,0.3199493426957274,48,64,,False,False,Request timeout: 300.0s exceeded,418,21.16838264042747
154,2026-09-14T02:16:39.715+00:00,2026-09-14T02:21:34.075+00:00,2026-09-14T02:21:39.736+00:00,False,83,82.0,,82.0,294360.163995,300021.341595,300021.341554,3614.7149584819276,0.01789,294360.163995,32302.653483173537,87.5476232,69.03875121951219,19.642431531789278,0.2733138901521616,48,64,,False,False,Request timeout: 300.0s exceeded,388,21.16838264042747
155,2026-09-14T02:16:43.570+00:00,2026-09-14T02:21:37.154+00:00,2026-09-14T02:21:43.594+00:00,False,100,99.0,,99.0,293584.26273799996,300024.70229,300024.70226299996,3000.2470226299997,0.02157,293584.26273799996,29351.927921879535,88.91309200000002,65.05494496969696,20.580890380338136,0.3299728297182273,48,64,,False,False,Request timeout: 300.0s exceeded,448,21.16838264042747
156,2026-09-14T02:16:48.320+00:00,2026-09-14T02:21:41.857+00:00,2026-09-14T02:21:48.338+00:00,False,112,111.0,,111.0,293537.00145700003,300018.39435300004,300018.394395,2678.735664241072,0.015339,293537.00145700003,27731.820404469046,89.50562975000001,58.39092699099099,197.69308190682747,0.36997731502221826,48,64,,False,False,Request timeout: 300.0s exceeded,588,21.16838264042747
157,2026-09-14T02:16:52.251+00:00,2026-09-14T02:21:46.629+00:00,2026-09-14T02:21:52.292+00:00,False,86,85.0,,85.0,294378.004755,300041.817107,300041.81702,3488.8583374418604,0.02941,294378.004755,31736.417962153962,88.45463050000001,66.63308649411765,20.541735719796016,0.2832938449032508,48,64,,False,False,Request timeout: 300.0s exceeded,449,21.16838264042747
158,2026-09-14T02:16:56.541+00:00,2026-09-14T02:21:49.803+00:00,2026-09-14T02:21:56.592+00:00,False,103,102.0,,102.0,293262.146551,300050.868727,300050.86867,2913.1152298058255,0.03062,293262.146551,28889.426759662354,88.66204900000001,66.55609976470588,19.93352217376395,0.33994235854989063,48,64,,False,False,Request timeout: 300.0s exceeded,484,21.16838264042747
159,2026-09-14T02:17:02.333+00:00,2026-09-14T02:21:56.207+00:00,2026-09-14T02:22:02.363+00:00,False,91,90.0,,90.0,293874.253601,300029.775137,300029.775107,3297.030495681319,0.0247,293874.253601,30799.22895015447,86.8115265,68.39468373333334,19.756066493148236,0.29997022781790267,48,64,,False,False,Request timeout: 300.0s exceeded,422,21.16838264042747
160,2026-09-14T02:17:05.721+00:00,2026-09-14T02:21:59.428+00:00,2026-09-14T02:22:05.739+00:00,False,97,96.0,,96.0,293706.16346899996,300017.26311699994,300017.262917,3092.9614733711337,0.02598,293706.16346899996,29814.674953897305,90.89851800000001,65.74062133333334,20.86813982688607,0.3199815870680821,48,64,,False,False,Request timeout: 300.0s exceeded,595,21.16838264042747
161,2026-09-14T02:17:10.042+00:00,2026-09-14T02:22:03.569+00:00,2026-09-14T02:22:10.068+00:00,False,99,98.0,,98.0,293527.645404,300026.604508,300026.604645,3030.5717640909093,0.03498,293527.645404,29493.980408210067,89.066551,66.31590922448979,20.515810613227774,0.3266376998823346,48,64,,False,False,Request timeout: 300.0s exceeded,515,21.16838264042747
162,2026-09-14T02:17:14.211+00:00,2026-09-14T02:22:07.784+00:00,2026-09-14T02:22:14.218+00:00,False,106,105.0,,105.0,293573.00470499997,300007.42851299996,300007.428323,2830.2587577641507,0.0,293573.00470499997,28508.452190156524,88.22295399999999,61.280226742857145,64.97899450056529,0.3499913336160945,48,64,,False,False,Request timeout: 300.0s exceeded,463,21.16838264042747
163,2026-09-14T02:17:18.786+00:00,2026-09-14T02:22:12.501+00:00,2026-09-14T02:22:18.856+00:00,False,98,97.0,,97.0,293714.611325,300069.968509,300069.96863,3061.9384554081635,0.03754,293714.611325,29663.044554758508,87.7824665,65.51914622680412,20.171626228751073,0.3232579404129563,48,64,,False,False,Request timeout: 300.0s exceeded,454,21.16838264042747
164,2026-09-14T02:17:22.863+00:00,2026-09-14T02:22:16.359+00:00,2026-09-14T02:22:22.909+00:00,False,96,95.0,,95.0,293496.499782,300046.63431000005,300046.63429400005,3125.4857738958335,0.01711,293496.499782,29947.83049925108,88.49146300000001,68.94878450526316,19.80812598849665,0.31661744921240664,48,64,,False,False,Request timeout: 300.0s exceeded,527,21.16838264042747
165,2026-09-14T02:17:28.587+00:00,2026-09-14T02:22:22.293+00:00,2026-09-14T02:22:28.636+00:00,False,97,96.0,,96.0,293706.03477200004,300048.54152400006,300048.54151400004,3093.283933134021,0.04593,293706.03477200004,29814.6284624,90.2990796,66.06777866666667,20.568124491066275,0.3199482307509274,48,64,,False,False,Request timeout: 300.0s exceeded,510,21.16838264042747
166,2026-09-14T02:17:34.099+00:00,2026-09-14T02:22:27.559+00:00,2026-09-14T02:22:34.150+00:00,False,97,96.0,,96.0,293459.570664,300050.388712,300050.38852,3093.3029744329897,0.040559,293459.570664,29789.34113879954,90.53409880000001,68.65435466666668,20.474124082046693,0.31994626106665214,48,64,,False,False,Request timeout: 300.0s exceeded,376,21.16838264042747
167,2026-09-14T02:17:39.706+00:00,2026-09-14T02:22:33.214+00:00,2026-09-14T02:22:39.720+00:00,False,96,95.0,,95.0,293508.49125099997,300014.56510699994,300014.56504699995,3125.151719239583,0.039409999999999994,293508.49125099997,29949.10344029637,92.99619374999999,68.48498795789475,22.296900399997412,0.31665129313344614,48,64,,False,False,Request timeout: 300.0s exceeded,452,21.16838264042747
168,2026-09-14T02:17:44.614+00:00,2026-09-14T02:22:38.682+00:00,2026-09-14T02:22:44.669+00:00,False,85,84.0,,84.0,294068.351473,300055.265777,300055.26563700003,3530.061948670588,0.02541,294068.351473,31888.467483600147,91.810554,71.27278933333332,21.324699829423437,0.2799484281086688,48,64,,False,False,Request timeout: 300.0s exceeded,369,21.16838264042747
169,2026-09-14T02:17:49.178+00:00,2026-09-14T02:22:42.676+00:00,2026-09-14T02:22:49.213+00:00,False,97,96.0,,96.0,293498.097709,300034.376749,300034.376822,3093.137905381443,0.0361,293498.097709,29793.310352430974,88.95169200000001,68.08624,20.0323467344278,0.31996333566906837,48,64,,False,False,Request timeout: 300.0s exceeded,491,21.16838264042747
170,2026-09-14T02:17:54.152+00:00,2026-09-14T02:22:48.024+00:00,2026-09-14T02:22:54.212+00:00,False,93,92.0,,92.0,293872.182518,300059.34591000003,300059.345778,3226.4445782580647,0.033799,293872.182518,30466.158288490762,87.431725,67.251776,19.547861264121142,0.30660601395696746,48,64,,False,False,Request timeout: 300.0s exceeded,468,21.16838264042747
171,2026-09-14T02:17:58.196+00:00,2026-09-14T02:22:51.970+00:00,2026-09-14T02:22:58.212+00:00,False,94,93.0,,93.0,293773.772804,300016.128004,300016.127959,3191.6609357340426,0.02086,293773.772804,30293.53473180812,89.8328308,67.12209892473118,20.34942731676777,0.3099833352917616,48,64,,False,False,Request timeout: 300.0s exceeded,391,21.16838264042747
172,2026-09-14T02:18:01.723+00:00,2026-09-14T02:22:55.422+00:00,2026-09-14T02:23:01.758+00:00,False,93,92.0,,92.0,293698.905987,300035.41056299995,300035.410573,3226.1872104623653,0.03134,293698.905987,30448.02286099377,89.5510546,68.87504973913043,20.81957819993942,0.30663047347433775,48,64,,False,False,Request timeout: 300.0s exceeded,357,21.16838264042747
173,2026-09-14T02:18:07.355+00:00,2026-09-14T02:23:01.184+00:00,2026-09-14T02:23:07.410+00:00,False,97,96.0,,96.0,293828.18058600003,300054.37834600004,300054.378214,3093.344105298969,0.0,293828.18058600003,29827.223236304955,90.22899379999998,64.85622666666666,68.0203397557789,0.31994200694282177,48,64,,False,False,Request timeout: 300.0s exceeded,394,21.16838264042747
174,2026-09-14T02:18:13.130+00:00,2026-09-14T02:23:07.238+00:00,2026-09-14T02:23:13.164+00:00,False,89,88.0,,88.0,294108.36163400003,300034.30544200004,300034.305636,3371.1719734382027,0.02278,294108.36163400003,31168.29230337375,88.725841,67.34027054545454,20.049963229607695,0.29329979406975304,48,64,,False,False,Request timeout: 300.0s exceeded,473,21.16838264042747
175,2026-09-14T02:18:18.901+00:00,2026-09-14T02:23:12.909+00:00,2026-09-14T02:23:18.942+00:00,False,85,84.0,,84.0,294008.131486,300041.285534,300041.28538200003,3529.897475082353,0.07056,294008.131486,31881.87517166344,91.3493486,71.82326247619048,20.027018545364374,0.279961472137078,48,64,,False,False,Request timeout: 300.0s exceeded,126,21.16838264042747
176,2026-09-14T02:18:24.708+00:00,2026-09-14T02:23:18.567+00:00,2026-09-14T02:23:24.756+00:00,False,93,92.0,,92.0,293858.304013,300047.747341,300047.747568,3226.3198663225803,0.041280000000000004,293858.304013,30464.717508034206,89.72723460000002,67.27655791304349,20.952246539067225,0.3066178660406449,48,64,,False,False,Request timeout: 300.0s exceeded,463,21.16838264042747
177,2026-09-14T02:18:30.706+00:00,2026-09-14T02:23:24.244+00:00,2026-09-14T02:23:30.732+00:00,False,97,96.0,,96.0,293538.090529,300026.39926499996,300026.399233,3093.0556621958763,0.0818,293538.090529,29797.422355872823,91.211305,67.58654933333332,20.933070659660146,0.319971843261724,48,64,,False,False,Request timeout: 300.0s exceeded,373,21.16838264042747
178,2026-09-14T02:18:36.294+00:00,2026-09-14T02:23:29.635+00:00,2026-09-14T02:23:36.354+00:00,False,101,100.0,,100.0,293341.091443,300059.682163,300059.682151,2970.887942089109,0.03597,293341.091443,29181.851881475028,91.217878,67.1859072,21.151523288487702,0.3332670330087115,48,64,,False,False,Request timeout: 300.0s exceeded,448,21.16838264042747
179,2026-09-14T02:18:39.631+00:00,2026-09-14T02:23:33.101+00:00,2026-09-14T02:23:39.653+00:00,False,98,97.0,,97.0,293470.481555,300022.772627,300022.772495,3061.4568621938774,0.01932,293470.481555,29638.178877458042,90.078351,67.54939249484536,20.515228501171443,0.32330879136496143,48,64,,False,False,Request timeout: 300.0s exceeded,437,21.16838264042747
180,2026-09-14T02:18:45.413+00:00,2026-09-14T02:23:39.079+00:00,2026-09-14T02:23:45.423+00:00,False,95,94.0,,94.0,293665.977833,300009.28740100004,300009.287425,3157.9924992105266,0.02511,293665.977833,30122.576210087824,87.641419,67.48201668085106,19.30276859000577,0.31332363345924424,48,64,,False,False,Request timeout: 300.0s exceeded,449,21.16838264042747
181,2026-09-14T02:18:49.319+00:00,2026-09-14T02:23:43.004+00:00,2026-09-14T02:23:49.332+00:00,False,96,95.0,,95.0,293685.195539,300013.16865899996,300013.168663,3125.1371735729163,0.04009,293685.195539,29967.327569762503,86.53232,66.61024336842105,19.372700375878335,0.31665276702563216,48,64,,False,False,Request timeout: 300.0s exceeded,293,21.16838264042747
182,2026-09-14T02:18:54.406+00:00,2026-09-14T02:23:48.366+00:00,2026-09-14T02:23:54.425+00:00,False,89,88.0,,88.0,293959.55633999995,300018.75122,300018.75119,3370.997204382022,0.031759,293959.55633999995,31152.358773723972,90.7081962,68.85448727272727,20.520741421622937,0.29331499995302196,48,64,,False,False,Request timeout: 300.0s exceeded,346,21.16838264042747
183,2026-09-14T02:18:59.288+00:00,2026-09-14T02:23:52.434+00:00,2026-09-14T02:23:59.371+00:00,False,105,104.0,,104.0,293145.699328,300083.13164800004,300083.13168600004,2857.9345874857145,0.019469999999999998,293145.699328,28601.58864311953,90.34566519999998,66.70608,20.88814000633944,0.34657063004125416,48,64,,False,False,Request timeout: 300.0s exceeded,330,21.16838264042747
184,2026-09-14T02:19:02.932+00:00,2026-09-14T02:23:56.759+00:00,2026-09-14T02:24:02.997+00:00,False,106,105.0,,105.0,293826.44415600004,300064.40460400004,300064.40465300006,2830.796270311321,0.0,293826.44415600004,28533.25067030685,93.302351,59.409147123809525,65.24148197388078,0.3499248774227994,48,64,,False,False,Request timeout: 300.0s exceeded,321,21.16838264042747
185,2026-09-14T02:19:08.173+00:00,2026-09-14T02:24:01.803+00:00,2026-09-14T02:24:08.189+00:00,False,98,97.0,,97.0,293629.932954,300015.48303400003,300015.482879,3061.382478357143,0.02384,293629.932954,29654.45948192947,88.46608839999999,65.83041319587629,20.429658756198418,0.3233166469245429,48,64,,False,False,Request timeout: 300.0s exceeded,471,21.16838264042747
186,2026-09-14T02:19:13.042+00:00,2026-09-14T02:24:06.616+00:00,2026-09-14T02:24:13.087+00:00,False,98,97.0,,97.0,293573.530316,300045.202636,300045.202709,3061.685741928571,0.0215,293573.530316,29648.671787915737,87.39765785,66.71827134020619,19.711587221272254,0.32328462227631616,48,64,,False,False,Request timeout: 300.0s exceeded,317,21.16838264042747
187,2026-09-14T02:19:16.549+00:00,2026-09-14T02:24:09.922+00:00,2026-09-14T02:24:16.594+00:00,False,99,98.0,,98.0,293372.1455,300044.928348,300044.928488,3030.7568534141415,0.02298,293372.1455,29478.173457626013,87.07012200000001,68.0896208979592,19.984489220360945,0.3266177520132486,48,64,,False,False,Request timeout: 300.0s exceeded,321,21.16838264042747
188,2026-09-14T02:19:21.044+00:00,2026-09-14T02:24:14.612+00:00,2026-09-14T02:24:21.099+00:00,False,95,94.0,,94.0,293567.919817,300054.803145,300054.803128,3158.471611873684,0.023099,293567.919817,30112.35949034929,88.15438739999999,69.00939710638298,20.112365134522964,0.31327610494731845,48,64,,False,False,Request timeout: 300.0s exceeded,418,21.16838264042747
189,2026-09-14T02:19:26.197+00:00,2026-09-14T02:24:19.622+00:00,2026-09-14T02:24:26.684+00:00,False,104,103.0,,103.0,293425.107209,300486.842633,300486.842696,2889.296564384615,0.02018,293425.107209,28765.982544331244,86.86104465,68.56053809708739,19.386297756793148,0.34277707169294996,48,64,,False,False,Request timeout: 300.0s exceeded,473,21.16838264042747
190,2026-09-14T02:19:30.533+00:00,2026-09-14T02:24:24.202+00:00,2026-09-14T02:24:30.610+00:00,False,96,95.0,,95.0,293669.107365,300077.679269,300077.679432,3125.80916075,0.0354,293669.107365,29965.599226519582,88.2800585,67.45865162105264,19.74316586716149,0.31658469310820925,48,64,,False,False,Request timeout: 300.0s exceeded,398,21.16838264042747
191,2026-09-14T02:19:34.537+00:00,2026-09-14T02:24:28.093+00:00,2026-09-14T02:24:34.632+00:00,False,98,97.0,,97.0,293556.391434,300094.825226,300094.825137,3062.192093234694,0.03721,293556.391434,29646.870943048798,88.1856427,67.40653393814432,19.663073013173,0.3232311651057287,48,64,,False,False,Request timeout: 300.0s exceeded,467,21.16838264042747
192,2026-09-14T02:19:38.443+00:00,2026-09-14T02:24:32.011+00:00,2026-09-14T02:24:38.503+00:00,False,96,95.0,,95.0,293567.997117,300060.064189,300060.064267,3125.6256694479166,0.02078,293567.997117,29955.19020293635,88.62481775,68.33754812631578,20.043819452496972,0.31660327826952,48,64,,False,False,Request timeout: 300.0s exceeded,462,21.16838264042747
193,2026-09-14T02:19:42.914+00:00,2026-09-14T02:24:36.461+00:00,2026-09-14T02:24:42.984+00:00,False,93,92.0,,92.0,293547.223413,300070.019957,300070.019889,3226.559353645161,0.03773,293547.223413,30432.08356488082,90.87631999999999,70.89996243478261,19.950244996495844,0.30659510741254187,48,64,,False,False,Request timeout: 300.0s exceeded,456,21.16838264042747
194,2026-09-14T02:19:46.443+00:00,2026-09-14T02:24:40.240+00:00,2026-09-14T02:24:47.608+00:00,False,74,73.0,,73.0,293797.054897,301165.529777,301165.52985600004,4069.8044575135136,0.04204,293797.054897,34142.42884902857,92.1694392,100.93801205479453,256.2896099071792,0.24239161783904462,48,64,,False,False,Request timeout: 300.0s exceeded,321,21.16838264042747
195,2026-09-14T02:19:51.605+00:00,2026-09-14T02:24:47.601+00:00,2026-09-14T02:24:51.651+00:00,False,69,68.0,,68.0,295995.71871499997,300045.936955,300045.936932,4348.491839594202,0.01593,295995.71871499997,35626.539345825266,95.9846594,59.562032941176476,30.263290887423686,0.2266319640588849,48,64,,False,False,Request timeout: 300.0s exceeded,309,21.16838264042747
196,2026-09-14T02:19:56.513+00:00,2026-09-14T02:24:50.230+00:00,2026-09-14T02:24:57.011+00:00,False,89,88.0,,88.0,293717.203875,300497.774243,300497.774316,3376.379486696629,0.03885,293717.203875,31125.86541871063,89.8518744,77.051936,67.1285022103496,0.29284742697906996,48,64,,False,False,Request timeout: 300.0s exceeded,417,21.16838264042747
197,2026-09-14T02:20:00.552+00:00,2026-09-14T02:24:54.624+00:00,2026-09-14T02:25:00.593+00:00,False,94,93.0,,93.0,294071.61693,300040.896674,300040.896804,3191.9244340851064,0.0,294071.61693,30324.630326368762,86.94716815,64.18580369892473,69.69302784790226,0.3099577458637121,48,64,,False,False,Request timeout: 300.0s exceeded,457,21.16838264042747
198,2026-09-14T02:20:04.016+00:00,2026-09-14T02:24:58.180+00:00,2026-09-14T02:25:04.101+00:00,False,89,88.0,,88.0,294164.299367,300085.213799,300085.213764,3371.7439748764045,0.02389,294164.299367,31174.227230512854,87.40017740000002,67.28311854545454,19.218285102869054,0.29325003683434814,48,64,,False,False,Request timeout: 300.0s exceeded,380,21.16838264042747
199,2026-09-14T02:20:09.262+00:00,2026-09-14T02:25:03.548+00:00,2026-09-14T02:25:09.295+00:00,False,84,83.0,,83.0,294285.565964,300033.123596,300033.123646,3571.822900547619,0.02568,294285.565964,32101.638349579902,89.52852150000001,69.24768231325301,20.113845796903384,0.2766361227227731,48,64,,False,False,Request timeout: 300.0s exceeded,331,21.16838264042747
200,2026-09-14T02:20:12.914+00:00,2026-09-14T02:25:06.606+00:00,2026-09-14T02:25:12.946+00:00,False,93,92.0,,92.0,293692.0952,300032.29564799997,300032.29582199996,3226.1537185161287,0.02215,293692.0952,30447.31184919364,89.89951,68.91522226086957,19.91218835856266,0.30663365689117367,48,64,,False,False,Request timeout: 300.0s exceeded,408,21.16838264042747
201,2026-09-14T02:20:18.951+00:00,2026-09-14T02:25:12.816+00:00,2026-09-14T02:25:19.020+00:00,False,89,88.0,,88.0,293864.78051,300068.483038,300068.48311000003,3371.5559900000003,0.03597,293864.78051,31142.138329536832,90.38993500000001,70.49661963636365,20.269482144216333,0.29326638742281996,48,64,,False,False,Request timeout: 300.0s exceeded,404,21.16838264042747
202,2026-09-14T02:20:24.437+00:00,2026-09-14T02:25:18.111+00:00,2026-09-14T02:25:24.472+00:00,False,98,97.0,,97.0,293674.413398,300034.87343,300034.873275,3061.5803395408166,0.028579999999999998,293674.413398,29658.978735565925,88.95533319999998,65.57175290721649,20.315936782237664,0.3232957518940901,48,64,,False,False,Request timeout: 300.0s exceeded,321,21.16838264042747
203,2026-09-14T02:20:28.701+00:00,2026-09-14T02:25:22.473+00:00,2026-09-14T02:25:28.718+00:00,False,93,92.0,,92.0,293771.34566399996,300016.86988799996,300016.869716,3225.987846408602,0.037520000000000005,293771.34566399996,30455.63692444774,88.77130460000001,67.88613286956522,20.633185121995126,0.30664942286193686,48,64,,False,False,Request timeout: 300.0s exceeded,441,21.16838264042747
204,2026-09-14T02:20:32.081+00:00,2026-09-14T02:25:25.769+00:00,2026-09-14T02:25:32.137+00:00,False,91,90.0,,90.0,293688.177332,300056.579508,300056.579465,3297.325049065934,0.020059999999999998,293688.177332,30779.474967853635,91.828041,70.76002417777778,19.853265011283685,0.2999434311607903,48,64,,False,False,Request timeout: 300.0s exceeded,342,21.16838264042747
205,2026-09-14T02:20:36.504+00:00,2026-09-14T02:25:30.313+00:00,2026-09-14T02:25:36.549+00:00,False,89,88.0,,88.0,293809.67665100005,300044.89636300004,300044.8965130001,3371.29097205618,0.023649999999999997,293809.67665100005,31136.25961607508,91.469677,70.85476945454545,20.649041649934993,0.29328944123594064,48,64,,False,False,Request timeout: 300.0s exceeded,286,21.16838264042747
206,2026-09-14T02:20:41.120+00:00,2026-09-14T02:25:34.972+00:00,2026-09-14T02:25:41.145+00:00,False,92,91.0,,91.0,293852.125853,300025.589917,300025.58981599996,3261.1477153913042,0.03682,293852.125853,30629.13510674865,86.6574145,67.84026443956044,19.31358141857987,0.30330746129080033,48,64,,False,False,Request timeout: 300.0s exceeded,383,21.16838264042747
207,2026-09-14T02:20:45.296+00:00,2026-09-14T02:25:39.050+00:00,2026-09-14T02:25:45.334+00:00,False,95,94.0,,94.0,293754.679761,300038.82158499997,300038.82136199996,3158.3033827578947,0.0361,293754.679761,30131.742395844652,89.0777464,66.85257259574469,20.794451145283627,0.31329279159087126,48,64,,False,False,Request timeout: 300.0s exceeded,294,21.16838264042747
208,2026-09-14T02:20:50.587+00:00,2026-09-14T02:25:44.552+00:00,2026-09-14T02:25:50.678+00:00,False,85,84.0,,84.0,293965.434369,300091.083265,300091.083166,3530.4833313647064,0.039479999999999994,293965.434369,31877.123609538252,89.03072159999999,72.92439161904761,18.387384630796976,0.27991501475511193,48,64,,False,False,Request timeout: 300.0s exceeded,371,21.16838264042747
209,2026-09-14T02:20:55.870+00:00,2026-09-14T02:25:49.742+00:00,2026-09-14T02:25:55.903+00:00,False,98,97.0,,97.0,293872.12604500004,300032.999773,300032.999911,3061.561223581633,0.0,293872.12604500004,29679.229726605387,91.302109,63.5141621443299,68.41314972965053,0.3232977708231714,48,64,,False,False,Request timeout: 300.0s exceeded,475,21.16838264042747
210,2026-09-14T02:20:59.908+00:00,2026-09-14T02:25:53.600+00:00,2026-09-14T02:25:59.986+00:00,False,95,94.0,,94.0,293691.728987,300077.26293900004,300077.262979,3158.708031357895,0.02153,293691.728987,30125.173239450414,90.781762,67.93121225531915,20.971704339439484,0.3132526572635008,48,64,,False,False,Request timeout: 300.0s exceeded,450,21.16838264042747
211,2026-09-14T02:21:04.083+00:00,2026-09-14T02:25:57.684+00:00,2026-09-14T02:26:04.126+00:00,False,93,92.0,,92.0,293600.768321,300042.979137,300042.979365,3226.2685953225805,0.02163,293600.768321,30437.72671254872,88.91184460000001,70.02403060869565,19.905477040020624,0.3066227387310159,48,64,,False,False,Request timeout: 300.0s exceeded,508,21.16838264042747
212,2026-09-14T02:21:08.050+00:00,2026-09-14T02:26:01.522+00:00,2026-09-14T02:26:08.113+00:00,False,99,98.0,,98.0,293471.505205,300063.184693,300063.184915,3030.9412617676767,0.037950000000000005,293471.505205,29488.242788320258,88.74330470000001,67.26203559183674,20.179607452848497,0.3265978800440499,48,64,,False,False,Request timeout: 300.0s exceeded,435,21.16838264042747
213,2026-09-14T02:21:12.545+00:00,2026-09-14T02:26:06.305+00:00,2026-09-14T02:26:12.612+00:00,False,94,93.0,,93.0,293760.246959,300066.491311,300066.491329,3192.1967162659575,0.04341,293760.246959,30292.069051771297,91.14243465,67.80907905376344,20.73799178870172,0.3099313075368065,48,64,,False,False,Request timeout: 300.0s exceeded,438,21.16838264042747
214,2026-09-14T02:21:17.841+00:00,2026-09-14T02:26:11.224+00:00,2026-09-14T02:26:17.884+00:00,False,96,95.0,,95.0,293382.795248,300042.94731200003,300042.94741,3125.4473688541666,0.0246,293382.795248,29936.107716169532,90.1427265,70.10686383157893,20.307203023632887,0.31662133988176744,48,64,,False,False,Request timeout: 300.0s exceeded,427,21.16838264042747
215,2026-09-14T02:21:23.661+00:00,2026-09-14T02:26:17.452+00:00,2026-09-14T02:26:23.731+00:00,False,95,94.0,,94.0,293790.780918,300070.244342,300070.244265,3158.6341501578945,0.027329999999999997,293790.780918,30135.451543489187,89.840837,66.80280238297873,21.001147154115007,0.31325998419511764,48,64,,False,False,Request timeout: 300.0s exceeded,125,21.16838264042747
216,2026-09-14T02:21:27.331+00:00,2026-09-14T02:26:20.986+00:00,2026-09-14T02:26:27.346+00:00,False,93,92.0,,92.0,293655.071666,300015.78053,300015.780412,3225.976133462366,0.022510000000000002,293655.071666,30443.449486818452,88.62404500000001,69.13813982608696,19.778121154213085,0.3066505363067077,48,64,,False,False,Request timeout: 300.0s exceeded,278,21.16838264042747
217,2026-09-14T02:21:32.605+00:00,2026-09-14T02:26:26.230+00:00,2026-09-14T02:26:32.687+00:00,False,97,96.0,,96.0,293625.077062,300082.043462,300082.043334,3093.6293127216495,0.028210000000000002,293625.077062,29806.28737985203,88.18762720000001,67.26006666666667,20.544537297614607,0.3199125109002288,48,64,,False,False,Request timeout: 300.0s exceeded,434,21.16838264042747
218,2026-09-14T02:21:35.974+00:00,2026-09-14T02:26:29.363+00:00,2026-09-14T02:26:36.046+00:00,False,100,99.0,,99.0,293389.208722,300071.86011400004,300071.859997,3000.71859997,0.0417,293389.208722,29332.17711353621,87.80555095,67.50152921212121,19.4662609217331,0.32992097280427757,48,64,,False,False,Request timeout: 300.0s exceeded,294,21.16838264042747
219,2026-09-14T02:21:40.573+00:00,2026-09-14T02:26:34.446+00:00,2026-09-14T02:26:40.667+00:00,False,95,94.0,,94.0,293872.839721,300094.274089,300094.274042,3158.887095178947,0.047009999999999996,293872.839721,30143.933617059203,90.35419199999998,66.185472,20.536587953847125,0.3132349002171301,48,64,,False,False,Request timeout: 300.0s exceeded,326,21.16838264042747
220,2026-09-14T02:21:46.355+00:00,2026-09-14T02:26:37.815+00:00,2026-09-14T02:26:46.459+00:00,False,124,123.0,,123.0,291459.464791,300103.245399,300103.245396,2420.187462870968,0.023690000000000003,291459.464791,26167.576963136275,89.46074795,70.27463908943089,53.97360282001404,0.40985894649845017,48,64,,False,False,Request timeout: 300.0s exceeded,640,21.16838264042747
221,2026-09-14T02:21:50.208+00:00,2026-09-14T02:26:43.967+00:00,2026-09-14T02:26:50.218+00:00,False,100,99.0,,99.0,293758.94207700004,300010.05836500006,300010.05822500004,3000.1005822500006,0.0,293758.94207700004,29369.6481914468,95.29325465,63.14258876767677,63.634997441522174,0.32998893616944674,48,64,,False,False,Request timeout: 300.0s exceeded,522,21.16838264042747
222,2026-09-14T02:21:55.854+00:00,2026-09-14T02:26:49.514+00:00,2026-09-14T02:26:55.900+00:00,False,97,96.0,,96.0,293659.22206,300045.249068,300045.249172,3093.2499914639175,0.027309999999999997,293659.22206,29809.829111635718,88.3961458,66.52111466666666,20.255659285948383,0.3199517416062911,48,64,,False,False,Request timeout: 300.0s exceeded,313,21.16838264042747
223,2026-09-14T02:22:00.836+00:00,2026-09-14T02:26:54.868+00:00,2026-09-14T02:27:00.855+00:00,False,88,87.0,,87.0,294032.47133499995,300019.296039,300019.296,3409.3101818181813,0.02247,294032.47133499995,31336.63716195522,88.61365285,68.81407705747127,19.515467060085278,0.2899813483619758,48,64,,False,False,Request timeout: 300.0s exceeded,437,21.16838264042747
224,2026-09-14T02:22:04.453+00:00,2026-09-14T02:26:58.266+00:00,2026-09-14T02:27:04.460+00:00,False,88,87.0,,87.0,293812.810459,300007.211483,300007.211486,3409.1728577954545,0.02283,293812.810459,31312.966780421284,88.86796900000002,71.20001177011494,19.325492229660828,0.2899930290673358,48,64,,False,False,Request timeout: 300.0s exceeded,379,21.16838264042747
225,2026-09-14T02:22:09.266+00:00,2026-09-14T02:27:03.455+00:00,2026-09-14T02:27:09.299+00:00,False,88,87.0,,87.0,294188.225518,300032.64331,300032.64328400005,3409.4618555,0.039369999999999995,294188.225518,31353.415431202146,90.20397919999999,67.177216,20.045871597856454,0.28996844823351364,48,64,,False,False,Request timeout: 300.0s exceeded,423,21.16838264042747
226,2026-09-14T02:22:13.349+00:00,2026-09-14T02:27:07.142+00:00,2026-09-14T02:27:13.394+00:00,False,96,95.0,,95.0,293793.633203,300045.036211,300045.036259,3125.4691276979165,0.025079999999999998,293793.633203,29978.47779722956,88.121494,65.80424218947368,20.2817788020702,0.3166191355793447,48,64,,False,False,Request timeout: 300.0s exceeded,379,21.16838264042747
227,2026-09-14T02:22:16.763+00:00,2026-09-14T02:27:10.631+00:00,2026-09-14T02:27:16.771+00:00,False,95,94.0,,94.0,293867.178089,300007.451241,300007.45132,3157.973171789474,0.02556,293867.178089,30143.441341838192,88.6510967,65.32205480851064,20.553271820748552,0.3133255511193572,48,64,,False,False,Request timeout: 300.0s exceeded,422,21.16838264042747
228,2026-09-14T02:22:20.159+00:00,2026-09-14T02:27:13.912+00:00,2026-09-14T02:27:20.237+00:00,False,96,95.0,,95.0,293753.675481,300078.58479299996,300078.584722,3125.8185908541664,0.0446,293753.675481,29974.320732415257,89.3359485,66.57799275789473,20.38999039173707,0.3165837377749993,48,64,,False,False,Request timeout: 300.0s exceeded,297,21.16838264042747
229,2026-09-14T02:22:23.466+00:00,2026-09-14T02:27:17.069+00:00,2026-09-14T02:27:23.498+00:00,False,94,93.0,,93.0,293602.648661,300031.026773,300031.026794,3191.8194339787237,0.046549999999999994,293602.648661,30275.67766488863,88.51394015,69.12234529032258,19.34163481403037,0.30996794231672153,48,64,,False,False,Request timeout: 300.0s exceeded,136,21.16838264042747
230,2026-09-14T02:22:27.603+00:00,2026-09-14T02:27:21.551+00:00,2026-09-14T02:27:27.645+00:00,False,86,85.0,,85.0,293948.006473,300042.38880899997,300042.388882,3488.864987,0.0385,293948.006473,31689.502691963764,87.46505325,71.69861571764706,18.673393836068296,0.28329330511399514,48,64,,False,False,Request timeout: 300.0s exceeded,342,21.16838264042747
231,2026-09-14T02:22:30.881+00:00,2026-09-14T02:27:25.004+00:00,2026-09-14T02:27:30.913+00:00,False,89,88.0,,88.0,294123.323093,300031.49410099996,300031.494336,3371.1403857977525,0.04172,294123.323093,31169.899696138462,87.25169799999999,67.1383069090909,20.165298685246178,0.29330254233369396,48,64,,False,False,Request timeout: 300.0s exceeded,404,21.16838264042747
232,2026-09-14T02:22:36.899+00:00,2026-09-14T02:27:30.701+00:00,2026-09-14T02:27:36.912+00:00,False,96,95.0,,95.0,293801.22419700003,300012.588805,300012.58874900005,3125.131132802084,0.02103,293801.22419700003,29979.29490282185,86.44427049999999,65.38278534736843,19.26801598867567,0.3166533790411955,48,64,,False,False,Request timeout: 300.0s exceeded,404,21.16838264042747
233,2026-09-14T02:22:41.184+00:00,2026-09-14T02:27:35.111+00:00,2026-09-14T02:27:41.261+00:00,False,89,88.0,,88.0,293927.43663300003,300077.41960900003,300077.41953400004,3371.6563992584274,0.07744,293927.43663300003,31148.844244497024,89.8461778,69.88617018181819,19.754553204448946,0.29325765369038337,48,64,,False,False,Request timeout: 300.0s exceeded,298,21.16838264042747
234,2026-09-14T02:22:46.940+00:00,2026-09-14T02:27:40.704+00:00,2026-09-14T02:27:46.992+00:00,False,99,98.0,,98.0,293764.774158,300051.967758,300051.96780000004,3030.827957575758,0.0,293764.774158,29518.09998149478,90.4236687,64.15503673469388,67.82333080573689,0.3266100893530538,48,64,,False,False,Request timeout: 300.0s exceeded,319,21.16838264042747
235,2026-09-14T02:22:50.322+00:00,2026-09-14T02:27:44.197+00:00,2026-09-14T02:27:50.351+00:00,False,91,90.0,,90.0,293875.232726,300029.27509400004,300029.27524,3297.025002637363,0.04206,293875.232726,30799.33410716374,88.728853,68.37824853333333,20.970708108659224,0.2999707277624917,48,64,,False,False,Request timeout: 300.0s exceeded,157,21.16838264042747
236,2026-09-14T02:22:55.225+00:00,2026-09-14T02:27:48.684+00:00,2026-09-14T02:27:55.294+00:00,False,96,95.0,,95.0,293459.359087,300069.17310300004,300069.17289700004,3125.720551010417,0.03639,293459.359087,29943.975524674315,88.07690199999999,69.57698964210526,19.49490407872517,0.31659366744544215,48,64,,False,False,Request timeout: 300.0s exceeded,467,21.16838264042747
237,2026-09-14T02:23:01.004+00:00,2026-09-14T02:27:54.572+00:00,2026-09-14T02:28:01.011+00:00,False,98,97.0,,97.0,293567.874839,300006.943767,300006.94376,3061.2953444897958,0.022260000000000002,293567.874839,29648.134714077336,87.96932350000002,66.38215389690721,20.10643220836602,0.32332584966878275,48,64,,False,False,Request timeout: 300.0s exceeded,197,21.16838264042747
238,2026-09-14T02:23:06.003+00:00,2026-09-14T02:27:59.367+00:00,2026-09-14T02:28:06.561+00:00,False,108,107.0,,107.0,293364.10502200003,300558.34169400006,300558.34190800006,2782.9476102592594,0.08805,293364.10502200003,28222.511106333583,87.97944435000001,67.23585674766356,19.55641383956604,0.3560040935710819,48,64,,False,False,Request timeout: 300.0s exceeded,442,21.16838264042747
239,2026-09-14T02:23:10.368+00:00,2026-09-14T02:28:03.839+00:00,2026-09-14T02:28:10.430+00:00,False,97,96.0,,96.0,293470.865648,300062.18110399996,300062.180908,3093.424545443299,0.01945,293470.865648,29790.48719867602,90.6160088,68.659536,20.109705463932276,0.3199336872337368,48,64,,False,False,Request timeout: 300.0s exceeded,314,21.16838264042747
240,2026-09-14T02:23:16.368+00:00,2026-09-14T02:28:09.992+00:00,2026-09-14T02:28:16.411+00:00,False,107,106.0,,106.0,293623.815948,300042.331916,300042.331954,2804.133943495327,0.01541,293623.815948,28381.01654771806,93.9442816,60.55203743396226,260.54103554271416,0.3532834827776095,48,64,,False,False,Request timeout: 300.0s exceeded,496,21.16838264042747
241,2026-09-14T02:23:21.713+00:00,2026-09-14T02:28:16.027+00:00,2026-09-14T02:28:21.748+00:00,False,83,82.0,,82.0,294314.044344,300034.84204,300034.84195699997,3614.877613939759,0.04152,294314.044344,32297.51119100289,87.82529319999999,69.76582556097561,19.31168641540097,0.27330159204999244,48,64,,False,False,Request timeout: 300.0s exceeded,262,21.16838264042747
242,2026-09-14T02:23:26.945+00:00,2026-09-14T02:28:20.359+00:00,2026-09-14T02:28:27.004+00:00,False,96,95.0,,95.0,293414.129841,300059.15793700004,300059.158073,3125.6162299270836,0.02007,293414.129841,29939.322078492227,90.33844950000001,69.94766416842106,20.368729110243017,0.3166042344888072,48,64,,False,False,Request timeout: 300.0s exceeded,436,21.16838264042747
243,2026-09-14T02:23:32.810+00:00,2026-09-14T02:28:26.371+00:00,2026-09-14T02:28:32.901+00:00,False,97,96.0,,96.0,293561.371368,300090.99389599997,300090.993874,3093.721586329897,0.02061,293561.371368,29799.742489923665,89.89660080000002,68.01690133333332,20.960661717048435,0.3199029692749457,48,64,,False,False,Request timeout: 300.0s exceeded,376,21.16838264042747
244,2026-09-14T02:23:36.197+00:00,2026-09-14T02:28:30.043+00:00,2026-09-14T02:28:36.235+00:00,False,88,87.0,,87.0,293846.111122,300038.696594,300038.696639,3409.530643625,0.07133,293846.111122,31316.51895203368,90.19602605,71.17914335632184,19.46457198489162,0.28996259811688496,48,64,,False,False,Request timeout: 300.0s exceeded,400,21.16838264042747
245,2026-09-14T02:23:39.670+00:00,2026-09-14T02:28:33.790+00:00,2026-09-14T02:28:39.708+00:00,False,90,89.0,,89.0,294120.814616,300038.697496,300038.697413,3333.763304588889,0.0,294120.814616,30996.121319365895,90.75495490000002,66.49306606741573,68.23170971406624,0.29662840407839897,48,64,,False,False,Request timeout: 300.0s exceeded,436,21.16838264042747
246,2026-09-14T02:23:45.709+00:00,2026-09-14T02:28:39.377+00:00,2026-09-14T02:28:45.754+00:00,False,93,92.0,,92.0,293667.31157099997,300045.14197099995,300045.14178799995,3226.291847182795,0.04646,293667.31157099997,30444.699047814473,88.7998364,69.32424347826087,19.210077908493357,0.3066205284833174,48,64,,False,False,Request timeout: 300.0s exceeded,393,21.16838264042747
247,2026-09-14T02:23:50.220+00:00,2026-09-14T02:28:43.865+00:00,2026-09-14T02:28:50.284+00:00,False,96,95.0,,95.0,293644.596805,300063.285573,300063.285566,3125.659224645833,0.01779,293644.596805,29963.08692673109,87.47849324999999,67.56514492631578,19.997640692733437,0.3165998793174189,48,64,,False,False,Request timeout: 300.0s exceeded,454,21.16838264042747
248,2026-09-14T02:23:53.615+00:00,2026-09-14T02:28:47.383+00:00,2026-09-14T02:28:53.648+00:00,False,94,93.0,,93.0,293768.601189,300033.061989,300033.062004,3191.841085148936,0.03582,293768.601189,30292.97677491317,88.02588530000001,67.35979354838709,20.305343675331464,0.30996583970939046,48,64,,False,False,Request timeout: 300.0s exceeded,432,21.16838264042747
249,2026-09-14T02:23:56.909+00:00,2026-09-14T02:28:50.714+00:00,2026-09-14T02:28:56.956+00:00,False,93,92.0,,92.0,293805.077085,300046.985053,300046.985009,3226.311666763441,0.04117,293805.077085,30459.138704999386,89.5456548,67.84682573913044,20.513626615084224,0.3066186450223762,48,64,,False,False,Request timeout: 300.0s exceeded,259,21.16838264042747
250,2026-09-14T02:24:02.152+00:00,2026-09-14T02:28:55.772+00:00,2026-09-14T02:29:02.170+00:00,False,94,93.0,,93.0,293619.171343,300017.823503,300017.82354500005,3191.678973882979,0.03908,293619.171343,30277.415113098185,89.22405515,68.80271139784945,19.805033525062765,0.30998158347439,48,64,,False,False,Request timeout: 300.0s exceeded,455,21.16838264042747
251,2026-09-14T02:24:07.084+00:00,2026-09-14T02:29:00.454+00:00,2026-09-14T02:29:07.156+00:00,False,97,96.0,,96.0,293370.067192,300071.717368,300071.717305,3093.5228588144328,0.01936,293370.067192,29780.136215300452,91.50584119999999,69.808856,20.469803509113078,0.319923519757339,48,64,,False,False,Request timeout: 300.0s exceeded,363,21.16838264042747
252,2026-09-14T02:24:11.232+00:00,2026-09-14T02:29:05.050+00:00,2026-09-14T02:29:11.283+00:00,False,92,91.0,,91.0,293817.754311,300050.527943,300050.527964,3261.4187822173913,0.01829,293817.754311,30625.484732874876,90.414099,68.49201793406594,20.939108040178063,0.30328225257209707,48,64,,False,False,Request timeout: 300.0s exceeded,347,21.16838264042747
253,2026-09-14T02:24:16.794+00:00,2026-09-14T02:29:10.588+00:00,2026-09-14T02:29:16.820+00:00,False,96,95.0,,95.0,293794.423254,300026.352342,300026.35231800005,3125.2745033125,0.05163,293794.423254,29978.57924968971,87.190751,65.59925355789474,20.126725820839745,0.31663885274887293,48,64,,False,False,Request timeout: 300.0s exceeded,358,21.16838264042747
254,2026-09-14T02:24:21.274+00:00,2026-09-14T02:29:15.335+00:00,2026-09-14T02:29:21.317+00:00,False,91,90.0,,90.0,294061.169864,300043.3922,300043.392135,3297.1801333516482,0.01791,294061.169864,30819.025729421835,91.063243,66.46913706666668,20.954398159873435,0.29995661407536905,48,64,,False,False,Request timeout: 300.0s exceeded,463,21.16838264042747
255,2026-09-14T02:24:27.065+00:00,2026-09-14T02:29:20.784+00:00,2026-09-14T02:29:27.093+00:00,False,88,87.0,,87.0,293719.21635,300027.96643000003,300027.966572,3409.4087110454548,0.0223,293719.21635,31302.84946237681,89.65580300000002,72.51436873563217,19.254350466773257,0.2899729683042667,48,64,,False,False,Request timeout: 300.0s exceeded,365,21.16838264042747
256,2026-09-14T02:24:30.699+00:00,2026-09-14T02:29:24.503+00:00,2026-09-14T02:29:30.782+00:00,False,91,90.0,,90.0,293803.584604,300082.896732,300082.896668,3297.614249098901,0.01782,293803.584604,30791.676634915522,88.79133750000001,69.77013475555556,19.745693225132957,0.2999171261678995,48,64,,False,False,Request timeout: 300.0s exceeded,418,21.16838264042747
257,2026-09-14T02:24:34.637+00:00,2026-09-14T02:29:28.298+00:00,2026-09-14T02:29:34.706+00:00,False,105,104.0,,104.0,293661.204118,300069.14626199997,300069.146391,2857.8013942,0.0,293661.204118,28652.453096271092,90.1435434,61.61482830769231,62.27981608764249,0.3465867827317184,48,64,,False,False,Request timeout: 300.0s exceeded,295,21.16838264042747
258,2026-09-14T02:24:40.524+00:00,2026-09-14T02:29:34.239+00:00,2026-09-14T02:29:40.562+00:00,False,95,94.0,,94.0,293714.75239,300037.96518999996,300037.965102,3158.2943694947367,0.01819,293714.75239,30127.60294371902,89.74776809999999,67.26822127659574,20.280744428967093,0.31329368581897366,48,64,,False,False,Request timeout: 300.0s exceeded,396,21.16838264042747
259,2026-09-14T02:24:47.534+00:00,2026-09-14T02:29:40.298+00:00,2026-09-14T02:29:47.684+00:00,False,115,114.0,,114.0,292763.849052,300149.58831599995,300149.58834099997,2609.9964203565214,0.01849,292763.849052,27294.336289736533,90.354061,64.78718652631579,21.034483307685566,0.37981061589856274,48,64,,False,False,Request timeout: 300.0s exceeded,463,21.16838264042747
260,2026-09-14T02:24:51.260+00:00,2026-09-14T02:29:44.942+00:00,2026-09-14T02:29:51.322+00:00,False,102,101.0,,101.0,293681.268388,300061.83184400003,300061.831989,2941.7826665588236,0.044719999999999996,293681.268388,29072.531231826222,90.67807950000001,63.173895603960396,21.331667870959503,0.3365972918958555,48,64,,False,False,Request timeout: 300.0s exceeded,516,21.16838264042747
261,2026-09-14T02:24:55.655+00:00,2026-09-14T02:29:49.508+00:00,2026-09-14T02:29:55.668+00:00,False,88,87.0,,87.0,293853.139489,300013.59465700004,300013.59466500004,3409.2453939204547,0.02867,293853.139489,31317.307876420404,88.74774085000001,70.80982951724137,19.992983738138026,0.28998685909372035,48,64,,False,False,Request timeout: 300.0s exceeded,436,21.16838264042747
262,2026-09-14T02:24:59.663+00:00,2026-09-14T02:29:53.265+00:00,2026-09-14T02:29:59.679+00:00,False,95,94.0,,94.0,293602.02599299996,300016.01255299995,300016.01262299996,3158.0632907684208,0.026269999999999998,293602.02599299996,30115.9389448152,90.91483,68.2338995744681,21.103737035567825,0.31331661000392186,48,64,,False,False,Request timeout: 300.0s exceeded,395,21.16838264042747
263,2026-09-14T02:25:05.203+00:00,2026-09-14T02:29:59.097+00:00,2026-09-14T02:30:05.258+00:00,False,89,88.0,,88.0,293894.503729,300055.750193,300055.750253,3371.412924191011,0.02137,293894.503729,31145.339801008515,88.83181640000001,70.01416436363635,19.761212239074283,0.2932788321616806,48,64,,False,False,Request timeout: 300.0s exceeded,336,21.16838264042747
264,2026-09-14T02:25:08.595+00:00,2026-09-14T02:30:02.285+00:00,2026-09-14T02:30:08.602+00:00,False,94,93.0,,93.0,293690.019133,300007.43583699997,300007.435897,3191.5684669893617,0.026670000000000003,293690.019133,30284.813238107847,90.14414115,67.92921187096775,20.7713750020416,0.3099923164922111,48,64,,False,False,Request timeout: 300.0s exceeded,311,21.16838264042747
265,2026-09-14T02:25:12.158+00:00,2026-09-14T02:30:05.987+00:00,2026-09-14T02:30:12.240+00:00,False,92,91.0,,91.0,293829.74479100003,300082.650519,300082.65030100005,3261.767938054348,0.02427,293829.74479100003,30626.711500928443,88.85464105,68.71324975824176,20.549661682602842,0.30324978749225706,48,64,,False,False,Request timeout: 300.0s exceeded,178,21.16838264042747
266,2026-09-14T02:25:15.989+00:00,2026-09-14T02:30:09.687+00:00,2026-09-14T02:30:16.003+00:00,False,96,95.0,,95.0,293698.26686000003,300013.65962800005,300013.65958800004,3125.1422873750003,0.039259999999999996,293698.26686000003,29968.67558662851,87.623628,66.47781861052631,20.01163919632799,0.31665224882691884,48,64,,False,False,Request timeout: 300.0s exceeded,468,21.16838264042747
267,2026-09-14T02:25:21.382+00:00,2026-09-14T02:30:15.286+00:00,2026-09-14T02:30:21.426+00:00,False,92,91.0,,91.0,293904.73001,300044.157338,300044.157279,3261.3495356413046,0.018919000000000002,293904.73001,30634.65868396354,87.0307475,67.46623437362636,19.664088043796077,0.30328869192906305,48,64,,False,False,Request timeout: 300.0s exceeded,224,21.16838264042747
268,2026-09-14T02:25:26.845+00:00,2026-09-14T02:30:20.205+00:00,2026-09-14T02:30:26.854+00:00,False,97,96.0,,96.0,293359.992693,300009.705589,300009.70547600003,3092.8835616082474,0.0208,293359.992693,29779.168301628273,89.68575700000001,69.26784266666667,20.564933216968203,0.31998964770665034,48,64,,False,False,Request timeout: 300.0s exceeded,493,21.16838264042747
269,2026-09-14T02:25:30.603+00:00,2026-09-14T02:30:24.536+00:00,2026-09-14T02:30:30.624+00:00,False,97,96.0,,96.0,293932.647906,300021.16733,300021.16729300003,3093.001724670103,0.0,293932.647906,29837.970011068108,94.3873226,63.422077333333334,65.36994412910384,0.31997742310764177,48,64,,False,False,Request timeout: 300.0s exceeded,365,21.16838264042747
270,2026-09-14T02:25:34.075+00:00,2026-09-14T02:30:28.316+00:00,2026-09-14T02:30:34.152+00:00,False,92,91.0,,91.0,294240.869528,300076.515992,300076.515899,3261.7012597717394,0.053558999999999996,294240.869528,30670.052559853517,91.23309755,64.12798312087912,21.004577537016452,0.3032559868911103,48,64,,False,False,Request timeout: 300.0s exceeded,429,21.16838264042747
271,2026-09-14T02:25:38.507+00:00,2026-09-14T02:30:32.090+00:00,2026-09-14T02:30:38.546+00:00,False,95,94.0,,94.0,293583.58787800005,300038.90179800004,300038.90179100004,3158.304229378948,0.023469999999999998,293583.58787800005,30114.00149094568,89.2823687,68.67355234042553,20.165094590607158,0.31329270783454977,48,64,,False,False,Request timeout: 300.0s exceeded,235,21.16838264042747
272,2026-09-14T02:25:43.105+00:00,2026-09-14T02:30:36.313+00:00,2026-09-14T02:30:43.156+00:00,False,104,103.0,,103.0,293208.37677499995,300050.962119,300050.96207099996,2885.1054045288456,0.03562,293208.37677499995,28744.939547946808,90.08199115,66.43286741747573,20.165755919713735,0.34327501992528286,48,64,,False,False,Request timeout: 300.0s exceeded,555,21.16838264042747
273,2026-09-14T02:25:48.874+00:00,2026-09-14T02:30:42.365+00:00,2026-09-14T02:30:48.882+00:00,False,96,95.0,,95.0,293491.569069,300008.19601300004,300008.195973,3125.0853747187502,0.033780000000000004,293491.569069,29947.36341018479,88.05014225,68.59607309473684,20.037727956051267,0.3166580155559598,48,64,,False,False,Request timeout: 300.0s exceeded,406,21.16838264042747
274,2026-09-14T02:25:54.444+00:00,2026-09-14T02:30:48.455+00:00,2026-09-14T02:30:54.494+00:00,False,92,91.0,,91.0,294010.9199,300050.34953199996,300050.349521,3261.416842619565,0.04136,294010.9199,30645.844816482913,89.1123445,66.36735859340659,20.448607342647342,0.3032824329047981,48,64,,False,False,Request timeout: 300.0s exceeded,452,21.16838264042747
275,2026-09-14T02:25:58.586+00:00,2026-09-14T02:30:52.934+00:00,2026-09-14T02:30:58.630+00:00,False,82,81.0,,81.0,294348.142803,300044.710867,300044.710757,3659.0818385,0.04473,294348.142803,32497.55374305592,88.49520854999999,70.32800079012347,19.135688882962523,0.2699597662159912,48,64,,False,False,Request timeout: 300.0s exceeded,370,21.16838264042747
276,2026-09-14T02:26:02.453+00:00,2026-09-14T02:30:55.863+00:00,2026-09-14T02:31:02.486+00:00,False,98,97.0,,97.0,293409.922537,300033.290473,300033.29036499996,3061.564187397959,0.046499000000000006,293409.922537,29631.98694984564,88.84129719999999,68.28214367010308,19.7335561897588,0.3232974575823913,48,64,,False,False,Request timeout: 300.0s exceeded,396,21.16838264042747
277,2026-09-14T02:26:05.955+00:00,2026-09-14T02:30:59.477+00:00,2026-09-14T02:31:06.028+00:00,False,97,96.0,,96.0,293522.13597299997,300072.712869,300072.712695,3093.53312056701,0.02948,293522.13597299997,29795.73605376803,88.45479319999998,68.235176,20.193806181570434,0.31992245840064054,48,64,,False,False,Request timeout: 300.0s exceeded,438,21.16838264042747
278,2026-09-14T02:26:09.983+00:00,2026-09-14T02:31:03.387+00:00,2026-09-14T02:31:10.070+00:00,False,98,97.0,,97.0,293403.684287,300087.329983,300087.329998,3062.1156122244897,0.03443,293403.684287,29631.294374006593,89.4257392,68.90356387628866,20.26570710366209,0.32323923840934926,48,64,,False,False,Request timeout: 300.0s exceeded,461,21.16838264042747
279,2026-09-14T02:26:15.520+00:00,2026-09-14T02:31:09.462+00:00,2026-09-14T02:31:15.573+00:00,False,92,91.0,,91.0,293941.432399,300052.87815899996,300052.87832799996,3261.4443296521736,0.03543,293941.432399,30638.5177165831,89.23363210000001,67.1587446153846,20.417026995020066,0.3032798770614642,48,64,,False,False,Request timeout: 300.0s exceeded,439,21.16838264042747
280,2026-09-14T02:26:20.402+00:00,2026-09-14T02:31:14.568+00:00,2026-09-14T02:31:20.482+00:00,False,91,90.0,,90.0,294166.39888,300080.138912,300080.138816,3297.583943032967,0.043590000000000004,294166.39888,30830.136298526726,88.1717785,65.70822257777778,20.666625335499827,0.29991988248976703,48,64,,False,False,Request timeout: 300.0s exceeded,440,21.16838264042747
281,2026-09-14T02:26:25.565+00:00,2026-09-14T02:31:19.335+00:00,2026-09-14T02:31:25.610+00:00,False,97,96.0,,96.0,293770.023582,300044.674718,300044.674696,3093.2440690309277,0.0,293770.023582,29821.269812148777,92.06986359999999,65.36094933333334,69.2308035523318,0.319952354062696,48,64,,False,False,Request timeout: 300.0s exceeded,431,21.16838264042747
282,2026-09-14T02:26:31.016+00:00,2026-09-14T02:31:24.635+00:00,2026-09-14T02:31:31.037+00:00,False,91,90.0,,90.0,293618.459908,300020.76672400004,300020.766703,3296.9315022307696,0.02061,293618.459908,30772.126791970375,90.200214,71.1367424,19.35364715330752,0.2999792347134232,48,64,,False,False,Request timeout: 300.0s exceeded,448,21.16838264042747
283,2026-09-14T02:26:36.764+00:00,2026-09-14T02:31:30.101+00:00,2026-09-14T02:31:36.794+00:00,False,97,96.0,,96.0,293336.367391,300030.098207,300030.09813,3093.093795154639,0.045770000000000005,293336.367391,29776.722438666988,88.5332608,69.72636266666667,19.786581331568065,0.3199678984665287,48,64,,False,False,Request timeout: 300.0s exceeded,274,21.16838264042747
284,2026-09-14T02:26:41.926+00:00,2026-09-14T02:31:35.203+00:00,2026-09-14T02:31:41.939+00:00,False,102,101.0,,101.0,293277.587209,300013.129481,300013.12937100005,2941.305189911765,0.019289999999999998,293277.587209,29032.212484884632,89.20106505000001,66.68853734653466,20.825544717002135,0.3366519331161351,48,64,,False,False,Request timeout: 300.0s exceeded,410,21.16838264042747
285,2026-09-14T02:26:46.996+00:00,2026-09-14T02:31:40.592+00:00,2026-09-14T02:31:47.017+00:00,False,99,98.0,,98.0,293596.709151,300021.843231,300021.84314,3030.5236680808084,0.03555,293596.709151,29500.99699438974,87.49521190000002,65.56259265306123,20.088161059447753,0.3266428835468006,48,64,,False,False,Request timeout: 300.0s exceeded,445,21.16838264042747
286,2026-09-14T02:26:52.259+00:00,2026-09-14T02:31:45.555+00:00,2026-09-14T02:31:52.283+00:00,False,101,100.0,,100.0,293295.88957400003,300023.27440600004,300023.274333,2970.5274686435646,0.03014,293295.88957400003,29177.344522467505,87.668845,67.27384832,19.923561973983528,0.3333074748883553,48,64,,False,False,Request timeout: 300.0s exceeded,514,21.16838264042747
287,2026-09-14T02:26:57.677+00:00,2026-09-14T02:31:51.638+00:00,2026-09-14T02:31:57.753+00:00,False,94,93.0,,93.0,293961.29391500005,300076.14754700003,300076.14752700005,3192.2994417765963,0.0289,293961.29391500005,30313.0176884317,89.96569649999999,65.75111432258065,20.691285781961888,0.30992133416880024,48,64,,False,False,Request timeout: 300.0s exceeded,361,21.16838264042747
288,2026-09-14T02:27:03.056+00:00,2026-09-14T02:31:56.916+00:00,2026-09-14T02:32:05.568+00:00,False,91,90.0,,90.0,293860.029455,302512.356623,302512.35673,3324.3116124175826,0.05582,293860.029455,30795.98750468908,90.0480145,96.13696853333333,269.26441140806696,0.29750850842817206,48,64,,False,False,Request timeout: 300.0s exceeded,435,21.16838264042747
289,2026-09-14T02:27:07.654+00:00,2026-09-14T02:32:01.412+00:00,2026-09-14T02:32:07.334+00:00,True,100,100.0,,100.0,293758.08100400004,299680.55038000003,299680.55026200006,2996.8055026200004,0.01542,293758.08100400004,29370.975910330642,90.32234070000003,59.822922989898984,261.24180253466506,0.3336886557142207,48,64,,False,True,,478,21.16838264042747
290,2026-09-14T02:27:12.767+00:00,2026-09-14T02:32:06.957+00:00,2026-09-14T02:32:12.812+00:00,False,89,88.0,,88.0,294189.60074,300045.24694800004,300045.24688800005,3371.294908853933,0.017410000000000002,294189.60074,31176.988082958575,87.17088799999999,66.54143418181818,19.69536253471965,0.2932890985446972,48,64,,False,False,Request timeout: 300.0s exceeded,404,21.16838264042747
291,2026-09-14T02:27:18.366+00:00,2026-09-14T02:32:11.980+00:00,2026-09-14T02:32:18.399+00:00,False,100,99.0,,99.0,293613.558382,300032.54155,300032.541492,3000.32541492,0.0,293613.558382,29354.93997691312,86.99401599999999,64.83821381818181,63.48728149413907,0.32996420817740457,48,64,,False,False,Request timeout: 300.0s exceeded,172,21.16838264042747
292,2026-09-14T02:27:23.835+00:00,2026-09-14T02:32:17.683+00:00,2026-09-14T02:32:23.910+00:00,False,89,88.0,,88.0,293847.81074299995,300074.706615,300074.70662899996,3371.6259171797747,0.03399,293847.81074299995,31140.311254666376,87.974508,70.76018036363637,19.724122973199137,0.29326030505098594,48,64,,False,False,Request timeout: 300.0s exceeded,424,21.16838264042747
293,2026-09-14T02:27:29.547+00:00,2026-09-14T02:32:23.609+00:00,2026-09-14T02:32:29.560+00:00,False,84,83.0,,83.0,294061.52809700003,300012.26883300004,300012.26899500005,3571.5746308928574,0.01834,294061.52809700003,32076.926860086693,91.00325000000001,71.69567151807229,20.33655032945812,0.2766553525389371,48,64,,False,False,Request timeout: 300.0s exceeded,452,21.16838264042747
294,2026-09-14T02:27:33.182+00:00,2026-09-14T02:32:27.140+00:00,2026-09-14T02:32:33.200+00:00,False,87,86.0,,86.0,293957.530281,300017.85412100004,300017.85415800003,3448.4810822758623,0.045729,293957.530281,31508.006803709213,89.60353800000001,70.4688818604651,20.4643724081477,0.2866496070774354,48,64,,False,False,Request timeout: 300.0s exceeded,393,21.16838264042747
295,2026-09-14T02:27:37.712+00:00,2026-09-14T02:32:31.185+00:00,2026-09-14T02:32:37.755+00:00,False,96,95.0,,95.0,293473.154398,300043.16962999996,300043.169564,3125.449682958333,0.032920000000000005,293473.154398,29945.42692632151,90.73942625,69.15805507368421,20.50386009296779,0.3166211052801163,48,64,,False,False,Request timeout: 300.0s exceeded,394,21.16838264042747
296,2026-09-14T02:27:43.615+00:00,2026-09-14T02:32:37.283+00:00,2026-09-14T02:32:43.681+00:00,False,100,99.0,,99.0,293668.436756,300066.63630799996,300066.636176,3000.6663617599997,0.03367,293668.436756,29360.387495535382,86.80879244999998,64.6282783030303,19.857921366714653,0.3299267163390421,48,64,,False,False,Request timeout: 300.0s exceeded,486,21.16838264042747
297,2026-09-14T02:27:49.105+00:00,2026-09-14T02:32:42.519+00:00,2026-09-14T02:32:49.163+00:00,False,98,97.0,,97.0,293414.69269199995,300058.28795599996,300058.287874,3061.819264020408,0.03325,293414.69269199995,29632.448016987244,90.14094705000001,68.49067282474228,20.1442226328725,0.32327052407305584,48,64,,False,False,Request timeout: 300.0s exceeded,523,21.16838264042747
298,2026-09-14T02:27:52.587+00:00,2026-09-14T02:32:46.391+00:00,2026-09-14T02:32:52.598+00:00,False,89,88.0,,88.0,293803.22811900004,300010.132951,300010.132852,3370.9003691235957,0.02069,293803.22811900004,31135.609491381823,88.05765,70.53300945454545,19.57065456565017,0.2933234258936609,48,64,,False,False,Request timeout: 300.0s exceeded,371,21.16838264042747
299,2026-09-14T02:27:57.223+00:00,2026-09-14T02:32:50.749+00:00,2026-09-14T02:32:57.235+00:00,False,95,94.0,,94.0,293526.17741299997,300011.28256499994,300011.282769,3158.0135028315785,0.03508,293526.17741299997,30108.07781113187,86.53791939999999,68.99048034042553,18.635143826089852,0.31332154976416304,48,64,,False,False,Request timeout: 300.0s exceeded,414,21.16838264042747
300,2026-09-14T02:28:01.339+00:00,2026-09-14T02:32:54.506+00:00,2026-09-14T02:33:01.368+00:00,False,102,101.0,,101.0,293167.040898,300029.69382600003,300029.693807,2941.467586343137,0.034939,293167.040898,29021.14103409896,87.29915204999999,67.94705869306931,19.176105938429046,0.3366333468932385,48,64,,False,False,Request timeout: 300.0s exceeded,519,21.16838264042747
301,2026-09-14T02:28:05.210+00:00,2026-09-14T02:32:58.754+00:00,2026-09-14T02:33:05.241+00:00,False,97,96.0,,96.0,293543.74308,300031.401832,300031.40188099997,3093.1072358865977,0.02307,293543.74308,29797.996503754177,89.328089,67.57977866666667,20.247270598279123,0.319966508218211,48,64,,False,False,Request timeout: 300.0s exceeded,472,21.16838264042747
302,2026-09-14T02:28:10.037+00:00,2026-09-14T02:33:03.496+00:00,2026-09-14T02:33:10.127+00:00,False,101,100.0,,100.0,293458.915059,300089.959411,300089.959487,2971.1877176930693,0.021670000000000002,293458.915059,29193.66239349919,89.17421199999998,66.31044352,20.464649199238536,0.33323340839618387,48,64,,False,False,Request timeout: 300.0s exceeded,459,21.16838264042747
303,2026-09-14T02:28:14.742+00:00,2026-09-14T02:33:08.981+00:00,2026-09-14T02:33:14.842+00:00,False,101,100.0,,100.0,294239.00419099996,300099.53564699995,300099.53574499994,2971.2825321287123,0.0,294239.00419099996,29272.12041445638,90.146909,58.605314560000004,67.33142145779182,0.3332227748517001,48,64,,False,False,Request timeout: 300.0s exceeded,506,21.16838264042747
304,2026-09-14T02:28:20.725+00:00,2026-09-14T02:33:16.037+00:00,2026-09-14T02:33:20.786+00:00,False,73,72.0,,72.0,295311.838404,300061.1737,300061.173622,4110.427035917808,0.02926,295311.838404,34555.92243320179,89.89888420000001,65.96299022222222,21.293944187302223,0.23995107101722307,48,64,,False,False,Request timeout: 300.0s exceeded,326,21.16838264042747
305,2026-09-14T02:28:26.000+00:00,2026-09-14T02:33:19.687+00:00,2026-09-14T02:33:26.020+00:00,False,92,91.0,,91.0,293686.93444700004,300020.53060700005,300020.53059300006,3261.092723836957,0.054,293686.93444700004,30611.729622097595,89.12503820000002,69.59995780219779,19.893594264950764,0.30331257602901124,48,64,,False,False,Request timeout: 300.0s exceeded,343,21.16838264042747
306,2026-09-14T02:28:30.279+00:00,2026-09-14T02:33:23.960+00:00,2026-09-14T02:33:30.317+00:00,False,97,96.0,,96.0,293681.087954,300037.815506,300037.815581,3093.1733565051545,0.0511,293681.087954,29812.07982403962,87.098918,66.215912,19.619652254918112,0.3199596685441147,48,64,,False,False,Request timeout: 300.0s exceeded,461,21.16838264042747
307,2026-09-14T02:28:33.712+00:00,2026-09-14T02:33:27.207+00:00,2026-09-14T02:33:33.743+00:00,False,102,101.0,,101.0,293494.83345,300030.615594,300030.615749,2941.476624990196,0.03934,293494.83345,29053.918462357735,88.71422700000001,64.71071429702971,20.205396073118333,0.33663231267262644,48,64,,False,False,Request timeout: 300.0s exceeded,375,21.16838264042747
308,2026-09-14T02:28:39.710+00:00,2026-09-14T02:33:33.576+00:00,2026-09-14T02:33:39.744+00:00,False,97,96.0,,96.0,293866.37254199997,300034.76626999996,300034.76622499997,3093.1419198453605,0.05744,293866.37254199997,29831.092135904797,88.2057246,64.25410133333334,20.112143700083934,0.3199629202757457,48,64,,False,False,Request timeout: 300.0s exceeded,438,21.16838264042747
309,2026-09-14T02:28:45.113+00:00,2026-09-14T02:33:38.986+00:00,2026-09-14T02:33:45.128+00:00,False,92,91.0,,91.0,293872.94857099996,300015.46069899993,300015.46064899996,3261.0376157499995,0.042539,293872.94857099996,30631.343066526166,87.9575016,67.50013327472527,21.700939518960226,0.30331770165437794,48,64,,False,False,Request timeout: 300.0s exceeded,418,21.16838264042747
310,2026-09-14T02:28:49.234+00:00,2026-09-14T02:33:43.087+00:00,2026-09-14T02:33:49.300+00:00,False,93,92.0,,92.0,293853.475656,300066.14765600004,300066.147735,3226.5177175806452,0.036948999999999996,293853.475656,30464.189823043285,87.1062564,67.52904347826087,19.69996845570784,0.30659906396862224,48,64,,False,False,Request timeout: 300.0s exceeded,412,21.16838264042747
311,2026-09-14T02:28:54.495+00:00,2026-09-14T02:33:48.377+00:00,2026-09-14T02:33:54.510+00:00,False,95,94.0,,94.0,293882.02093,300014.452034,300014.452199,3158.0468652526315,0.02494,293882.02093,30144.972062720513,87.73076359999999,65.23862876595744,19.517073049360455,0.3133182397138227,48,64,,False,False,Request timeout: 300.0s exceeded,470,21.16838264042747
312,2026-09-14T02:28:59.212+00:00,2026-09-14T02:33:52.778+00:00,2026-09-14T02:33:59.282+00:00,False,97,96.0,,96.0,293565.50846100005,300070.04452500003,300070.04434600007,3093.5056118144335,0.04213,293565.50846100005,29800.188294253574,88.37762299999999,67.755584,19.798290005898156,0.3199253032803208,48,64,,False,False,Request timeout: 300.0s exceeded,247,21.16838264042747
313,2026-09-14T02:29:04.033+00:00,2026-09-14T02:33:57.791+00:00,2026-09-14T02:34:04.069+00:00,False,94,93.0,,93.0,293757.308091,300035.192507,300035.192463,3191.863749606383,0.022940000000000002,293757.308091,30291.796319970726,88.46567915,67.50413350537634,19.10311063559584,0.30996363867492066,48,64,,False,False,Request timeout: 300.0s exceeded,447,21.16838264042747
314,2026-09-14T02:29:08.914+00:00,2026-09-14T02:34:02.237+00:00,2026-09-14T02:34:08.929+00:00,False,104,103.0,,103.0,293323.079471,300014.263087,300014.262912,2884.752528,0.0,293323.079471,28756.39790775886,87.86545185000001,64.96294772815534,65.424608991124,0.343317010798688,48,64,,False,False,Request timeout: 300.0s exceeded,463,21.16838264042747
315,2026-09-14T02:29:12.301+00:00,2026-09-14T02:34:06.037+00:00,2026-09-14T02:34:12.318+00:00,False,90,89.0,,89.0,293735.575893,300016.651093,300016.650989,3333.518344322222,0.04267,293735.575893,30955.015561494616,89.15341049999999,70.57387865168539,19.986740935505466,0.29665020149968785,48,64,,False,False,Request timeout: 300.0s exceeded,432,21.16838264042747
316,2026-09-14T02:29:18.341+00:00,2026-09-14T02:34:12.318+00:00,2026-09-14T02:34:18.360+00:00,False,88,87.0,,87.0,293977.036319,300019.335711,300019.335879,3409.3106349886366,0.0371,293977.036319,31330.66038447569,88.24223,69.45171714942528,20.44634507060831,0.2899813100173137,48,64,,False,False,Request timeout: 300.0s exceeded,429,21.16838264042747
317,2026-09-14T02:29:23.472+00:00,2026-09-14T02:34:17.511+00:00,2026-09-14T02:34:23.551+00:00,False,88,87.0,,87.0,294039.265542,300079.456774,300079.456666,3409.9938257500003,0.04572,294039.265542,31337.296096510225,88.57895850000001,69.42748542528736,19.611450772042613,0.28992321212285665,48,64,,False,False,Request timeout: 300.0s exceeded,451,21.16838264042747
318,2026-09-14T02:29:27.482+00:00,2026-09-14T02:34:21.253+00:00,2026-09-14T02:34:27.541+00:00,False,90,89.0,,89.0,293771.528213,300059.67720499996,300059.677212,3333.9964134666666,0.04059,293771.528213,30958.79714683211,90.4232519,70.65335946067415,20.385339882600224,0.29660766427871427,48,64,,False,False,Request timeout: 300.0s exceeded,453,21.16838264042747
319,2026-09-14T02:29:32.586+00:00,2026-09-14T02:34:26.267+00:00,2026-09-14T02:34:33.136+00:00,False,100,99.0,,99.0,293681.345025,300550.504193,300550.504251,3005.50504251,0.038090000000000006,293681.345025,29361.20250861417,88.23442695,69.38544614141414,19.713023509856185,0.3293955545535424,48,64,,False,False,Request timeout: 300.0s exceeded,488,21.16838264042747
320,2026-09-14T02:29:38.600+00:00,2026-09-14T02:34:32.135+00:00,2026-09-14T02:34:38.618+00:00,False,96,95.0,,95.0,293534.5822,300017.694136,300017.694131,3125.1843138645836,0.03499,293534.5822,29951.78967460117,88.42554100000001,68.24328353684211,20.411478949152688,0.31664799062463256,48,64,,False,False,Request timeout: 300.0s exceeded,484,21.16838264042747
321,2026-09-14T02:29:43.889+00:00,2026-09-14T02:34:37.737+00:00,2026-09-14T02:34:43.909+00:00,False,89,88.0,,88.0,293847.492686,300019.29147,300019.291333,3371.0032734044944,0.03841,293847.492686,31140.343879598404,88.3645094,70.13407709090909,19.67920812696396,0.29331447177555725,48,64,,False,False,Request timeout: 300.0s exceeded,435,21.16838264042747
322,2026-09-14T02:29:47.495+00:00,2026-09-14T02:34:41.027+00:00,2026-09-14T02:34:47.513+00:00,False,98,97.0,,97.0,293532.192644,300017.97798799997,300017.977978,3061.4079385510204,0.02097,293532.192644,29644.481390511337,87.445887,66.86376643298969,19.763600539904957,0.3233139582184631,48,64,,False,False,Request timeout: 300.0s exceeded,491,21.16838264042747
323,2026-09-14T02:29:53.260+00:00,2026-09-14T02:34:46.750+00:00,2026-09-14T02:34:53.271+00:00,False,102,101.0,,101.0,293489.800949,300010.738677,300010.738699,2941.2817519509804,0.03565,293489.800949,29053.434374996305,87.26960869999999,64.56373988118811,19.692920456938147,0.3366546159160637,48,64,,True,False,Request timeout: 300.0s exceeded,510,21.16838264042747
324,2026-09-14T02:29:57.673+00:00,2026-09-14T02:34:51.111+00:00,2026-09-14T02:34:57.686+00:00,False,97,96.0,,96.0,293437.788143,300012.978159,300012.978081,3092.9172998041236,0.027739999999999997,293437.788143,29787.145422960173,88.28911980000001,68.49156266666667,19.625389183669956,0.3199861572292456,48,64,,True,False,Request timeout: 300.0s exceeded,356,21.16838264042747
325,2026-09-14T02:30:03.645+00:00,2026-09-14T02:34:57.104+00:00,2026-09-14T02:35:03.732+00:00,False,102,101.0,,101.0,293458.446795,300086.729931,300086.72982999997,2942.0267630392154,0.02513,293458.446795,29050.22492257203,88.04793,65.6265657029703,20.14370082689426,0.3365693645407889,48,64,,True,False,Request timeout: 300.0s exceeded,152,21.16838264042747
326,2026-09-14T02:30:08.548+00:00,2026-09-14T02:35:02.194+00:00,2026-09-14T02:35:08.629+00:00,False,96,95.0,,95.0,293646.042115,300080.91494700004,300080.914777,3125.842862260417,0.03351,293646.042115,29963.216964985506,87.74829725,67.73550349473683,19.866852348410195,0.31658127947516684,48,64,,True,False,Request timeout: 300.0s exceeded,458,21.16838264042747
327,2026-09-14T02:30:13.173+00:00,2026-09-14T02:35:06.769+00:00,2026-09-14T02:35:13.184+00:00,False,97,96.0,,96.0,293595.049087,300010.69478300004,300010.69465,3092.893759278351,0.024120000000000003,293595.049087,29803.282191291135,89.5435928,66.82964266666666,20.52504974341126,0.31998859263813084,48,64,,True,False,Request timeout: 300.0s exceeded,363,21.16838264042747
328,2026-09-14T02:30:17.834+00:00,2026-09-14T02:35:11.237+00:00,2026-09-14T02:35:17.867+00:00,False,98,97.0,,97.0,293403.232187,300032.892603,300032.892808,3061.5601306938775,0.03614,293403.232187,29631.30501427634,89.86949020000002,68.34701459793816,20.39750761663771,0.3232978863032503,48,64,,True,False,Request timeout: 300.0s exceeded,442,21.16838264042747
329,2026-09-14T02:30:23.689+00:00,2026-09-14T02:35:17.238+00:00,2026-09-14T02:35:23.765+00:00,False,93,92.0,,92.0,293549.914332,300076.128732,300076.128883,3226.6250417526885,0.02216,293549.914332,30432.358188758426,88.23890959999999,70.93711304347826,19.06904856405808,0.3065888659279719,48,64,,True,False,Request timeout: 300.0s exceeded,467,21.16838264042747
330,2026-09-14T02:30:29.623+00:00,2026-09-14T02:35:23.390+00:00,2026-09-14T02:35:29.649+00:00,False,93,92.0,,92.0,293767.74861,300026.05593800003,300026.056036,3226.086624043011,0.05122,293767.74861,30455.25042443327,89.08201419999999,68.0250796521739,21.94278552371214,0.30664003402095075,48,64,,True,False,Request timeout: 300.0s exceeded,416,21.16838264042747
331,2026-09-14T02:30:34.185+00:00,2026-09-14T02:35:27.823+00:00,2026-09-14T02:35:34.201+00:00,False,95,94.0,,94.0,293638.06706800003,300016.398716,300016.398701,3158.067354747369,0.04233,293638.06706800003,30119.674430091578,87.18092499999999,67.854592,19.348230318791227,0.3133162067216925,48,64,,True,False,Request timeout: 300.0s exceeded,138,21.16838264042747
332,2026-09-14T02:30:38.268+00:00,2026-09-14T02:35:31.908+00:00,2026-09-14T02:35:38.304+00:00,False,95,94.0,,94.0,293640.297069,300036.06052500004,300036.06049500004,3158.2743210000003,0.03571,293640.297069,30119.88455472089,87.42446469999999,68.04003676595744,19.90296360249767,0.31329567464497354,48,64,,True,False,Request timeout: 300.0s exceeded,389,21.16838264042747
333,2026-09-14T02:30:42.366+00:00,2026-09-14T02:35:36.131+00:00,2026-09-14T02:35:42.406+00:00,False,95,94.0,,94.0,293764.735971,300040.445411,300040.445389,3158.3204777789474,0.038179000000000005,293764.735971,30132.783181933315,90.58819869999999,66.76286638297873,20.5550837339122,0.31329109604285965,48,64,,True,False,Request timeout: 300.0s exceeded,210,21.16838264042747
334,2026-09-14T02:30:46.622+00:00,2026-09-14T02:35:40.414+00:00,2026-09-14T02:35:46.696+00:00,False,91,90.0,,90.0,293792.76865499996,300074.67969499994,300074.67951999995,3297.5239507692304,0.0345,293792.76865499996,30790.54095270377,90.91254850000001,69.79901155555555,21.5030536857144,0.299925338890563,48,64,,True,False,Request timeout: 300.0s exceeded,450,21.16838264042747
335,2026-09-14T02:30:52.589+00:00,2026-09-14T02:35:46.184+00:00,2026-09-14T02:35:52.597+00:00,False,93,92.0,,92.0,293594.971331,300007.989443,300007.98939899995,3225.8923591290322,0.02054,293594.971331,30437.158748642505,89.9238566,69.70671860869565,20.290984172715923,0.306658499897982,48,64,,True,False,Request timeout: 300.0s exceeded,425,21.16838264042747
336,2026-09-14T02:30:58.186+00:00,2026-09-14T02:35:51.647+00:00,2026-09-14T02:35:58.258+00:00,False,97,96.0,,96.0,293460.80790899997,300071.33130099997,300071.33122299996,3093.5188785876285,0.036770000000000004,293460.80790899997,29789.444985619415,87.7217122,68.85961866666668,19.05013727473121,0.3199239313658488,48,64,,True,False,Request timeout: 300.0s exceeded,454,21.16838264042747
337,2026-09-14T02:31:02.483+00:00,2026-09-14T02:35:56.265+00:00,2026-09-14T02:36:02.525+00:00,False,95,94.0,,94.0,293781.341278,300041.66255799995,300041.662502,3158.3332894947366,0.023059999999999997,293781.341278,30134.50367331584,87.89847900000001,66.59916255319149,20.595850071934933,0.31328982514829656,48,64,,True,False,Request timeout: 300.0s exceeded,470,21.16838264042747
338,2026-09-14T02:31:07.144+00:00,2026-09-14T02:36:01.251+00:00,2026-09-14T02:36:07.191+00:00,False,86,85.0,,85.0,294106.857517,300047.140909,300047.140876,3488.920242744186,0.037899999999999996,294106.857517,31706.828562237148,90.37153674999999,69.88568696470588,20.36851642626441,0.28328881835864345,48,64,,True,False,Request timeout: 300.0s exceeded,230,21.16838264042747
339,2026-09-14T02:31:11.051+00:00,2026-09-14T02:36:05.036+00:00,2026-09-14T02:36:11.069+00:00,False,87,86.0,,86.0,293985.23572000006,300017.69012000004,300017.68997300003,3448.479195091955,0.04778,293985.23572000006,31511.011644924358,89.922568,70.14481860465116,20.092598723785724,0.28664976377093637,48,64,,True,False,Request timeout: 300.0s exceeded,439,21.16838264042747
340,2026-09-14T02:31:15.182+00:00,2026-09-14T02:36:08.491+00:00,2026-09-14T02:36:15.272+00:00,False,100,99.0,,99.0,293309.69682,300090.21957200003,300090.219624,3000.90219624,0.02213,293309.69682,29324.126908016722,87.25426099999999,68.49012880808081,19.22596331823687,0.3299007883069216,48,64,,True,False,Request timeout: 300.0s exceeded,338,21.16838264042747
341,2026-09-14T02:31:21.056+00:00,2026-09-14T02:36:15.267+00:00,2026-09-14T02:36:21.105+00:00,False,85,84.0,,84.0,294211.228605,300048.689853,300048.689908,3529.9845871529415,0.01955,294211.228605,31904.15666427653,88.761283,69.49358628571429,19.755721562722112,0.2799545635115198,48,64,,True,False,Request timeout: 300.0s exceeded,341,21.16838264042747
342,2026-09-14T02:31:24.695+00:00,2026-09-14T02:36:18.421+00:00,2026-09-14T02:36:24.762+00:00,False,96,95.0,,95.0,293726.14204299997,300066.435419,300066.435335,3125.692034739583,0.03418,293726.14204299997,29971.493828481347,88.0118995,66.73993027368421,20.00428951101391,0.316596555917179,48,64,,True,False,Request timeout: 300.0s exceeded,452,21.16838264042747
343,2026-09-14T02:31:29.965+00:00,2026-09-14T02:36:23.849+00:00,2026-09-14T02:36:30.001+00:00,False,87,86.0,,86.0,293884.138415,300035.941551,300035.941447,3448.688982149425,0.02493,293884.138415,31500.023925208483,89.16289700000002,71.53259460465117,19.82452557733901,0.286632326632047,48,64,,True,False,Request timeout: 300.0s exceeded,335,21.16838264042747
344,2026-09-14T02:31:34.513+00:00,2026-09-14T02:36:28.477+00:00,2026-09-14T02:36:34.548+00:00,False,87,86.0,,86.0,293964.035101,300034.551837,300034.55185499997,3448.673009827586,0.022690000000000002,293964.035101,31508.690471243437,87.35056560000001,70.58740390697675,18.816265781150364,0.2866336542689966,48,64,,True,False,Request timeout: 300.0s exceeded,381,21.16838264042747
345,2026-09-14T02:31:38.133+00:00,2026-09-14T02:36:31.616+00:00,2026-09-14T02:36:38.187+00:00,False,96,95.0,,95.0,293482.467032,300053.511896,300053.51188,3125.557415416667,0.024289,293482.467032,29946.37635281987,88.00242974999999,69.16889330526317,20.601364824231197,0.31661019196111745,48,64,,True,False,Request timeout: 300.0s exceeded,500,21.16838264042747
346,2026-09-14T02:31:42.219+00:00,2026-09-14T02:36:35.946+00:00,2026-09-14T02:36:42.231+00:00,False,94,93.0,,93.0,293726.93380299996,300011.709995,300011.70987399993,3191.613934829787,0.02392,293726.93380299996,30288.657179557587,89.99400549999999,67.57823862365592,21.18660741634633,0.30998790014413086,48,64,,True,False,Request timeout: 300.0s exceeded,215,21.16838264042747
347,2026-09-14T02:31:45.966+00:00,2026-09-14T02:36:39.499+00:00,2026-09-14T02:36:45.987+00:00,False,93,92.0,,92.0,293533.058505,300021.01831300004,300021.018396,3226.032455870968,0.0254,293533.058505,30430.65456498671,91.00845199999999,70.52130226086956,20.806654574136832,0.30664518278522757,48,64,,True,False,Request timeout: 300.0s exceeded,450,21.16838264042747
348,2026-09-14T02:31:51.428+00:00,2026-09-14T02:36:45.280+00:00,2026-09-14T02:36:51.471+00:00,False,93,92.0,,92.0,293852.696287,300043.412191,300043.41221700003,3226.2732496451617,0.02293,293852.696287,30464.13439316755,88.80674300000001,67.29039026086956,20.67582613323457,0.3066222961810444,48,64,,True,False,Request timeout: 300.0s exceeded,355,21.16838264042747
349,2026-09-14T02:31:57.173+00:00,2026-09-14T02:36:51.133+00:00,2026-09-14T02:36:57.255+00:00,False,88,87.0,,87.0,293960.271236,300082.133892,300082.13397,3410.024249659091,0.02077,293960.271236,31328.7752534931,88.47109499999999,70.36623742528735,19.689147003144566,0.28992062563548493,48,64,,True,False,Request timeout: 300.0s exceeded,168,21.16838264042747
350,2026-09-14T02:32:00.853+00:00,2026-09-14T02:36:54.754+00:00,2026-09-14T02:37:00.933+00:00,False,88,87.0,,87.0,293900.926556,300079.373404,300079.37348,3409.9928804545457,0.022670000000000003,293900.926556,31322.37990135848,89.24762685,71.01663043678161,19.917797206143504,0.289923292671206,48,64,,True,False,Request timeout: 300.0s exceeded,442,21.16838264042747
351,2026-09-14T02:32:05.572+00:00,2026-09-14T02:36:57.252+00:00,2026-09-14T02:37:05.500+00:00,True,123,123.0,,123.0,291680.119806,299928.692734,299928.69285199995,2438.444657333333,40.667265,291680.119806,26293.821326514768,89.12188019999999,67.61125350819673,19.1570881777111,0.4100974764327931,48,64,,True,True,,448,21.16838264042747
352,2026-09-14T02:32:09.024+00:00,2026-09-14T02:37:02.438+00:00,2026-09-14T02:37:09.095+00:00,False,110,109.0,,109.0,293414.524421,300071.45779699995,300071.45793499995,2727.922344863636,0.0,293414.524421,27970.167779747517,88.90744885,61.07278326605505,27.733834084995667,0.3632468106104884,48,64,,True,False,Request timeout: 300.0s exceeded,401,21.16838264042747
353,2026-09-14T02:32:12.438+00:00,2026-09-14T02:37:07.187+00:00,2026-09-14T02:37:12.489+00:00,False,82,81.0,,81.0,294749.172718,300051.57195,300051.57183900004,3659.1655102317077,0.0,294749.172718,32542.379510570627,87.433402,65.46171891358024,22.372380362539943,0.26995359322262663,48,64,,True,False,Request timeout: 300.0s exceeded,330,21.16838264042747
354,2026-09-14T02:32:16.019+00:00,2026-09-14T02:37:09.819+00:00,2026-09-14T02:37:16.561+00:00,False,102,101.0,,101.0,293800.599603,300542.032435,300542.032348,2946.490513215686,0.027829999999999997,293800.599603,29083.992320082347,88.84210105,66.74685972277227,20.368438639236814,0.33605948286732196,48,64,,True,False,Request timeout: 300.0s exceeded,182,21.16838264042747
355,2026-09-14T02:32:19.847+00:00,2026-09-14T02:37:13.343+00:00,2026-09-14T02:37:19.870+00:00,False,102,101.0,,101.0,293496.06667900004,300022.46693500003,300022.46674700006,2941.396732813726,0.024390000000000002,293496.06667900004,29054.050195762327,88.9327245,64.61782431683169,20.81736348932426,0.3366414556609912,48,64,,True,False,Request timeout: 300.0s exceeded,245,21.16838264042747
356,2026-09-14T02:32:25.182+00:00,2026-09-14T02:37:18.926+00:00,2026-09-14T02:37:25.189+00:00,False,95,94.0,,94.0,293744.23719,300006.72807,300006.728086,3157.9655588,0.02262,293744.23719,30130.694111164597,88.41637300000002,66.62224340425531,20.002022780335867,0.31332630639559245,48,64,,True,False,Request timeout: 300.0s exceeded,419,21.16838264042747
357,2026-09-14T02:32:30.232+00:00,2026-09-14T02:37:24.090+00:00,2026-09-14T02:37:30.286+00:00,False,90,89.0,,89.0,293857.827895,300053.437495,300053.437314,3333.9270812666664,0.023940000000000003,293857.827895,30968.003314194626,88.74150645,69.61359101123595,20.048678386911643,0.2966138323327259,48,64,,True,False,Request timeout: 300.0s exceeded,427,21.16838264042747
358,2026-09-14T02:32:35.606+00:00,2026-09-14T02:37:29.289+00:00,2026-09-14T02:37:35.628+00:00,False,93,92.0,,92.0,293682.71910000005,300021.50156400003,300021.50173500006,3226.0376530645167,0.01943,293682.71910000005,30446.340475768306,86.38905639999999,68.89980939130434,18.77342809025205,0.3066446888653236,48,64,,True,False,Request timeout: 300.0s exceeded,348,21.16838264042747
359,2026-09-14T02:32:41.173+00:00,2026-09-14T02:37:34.886+00:00,2026-09-14T02:37:41.187+00:00,False,95,94.0,,94.0,293712.920575,300014.17651099997,300014.176421,3158.043962326316,0.02136,293712.920575,30127.439085203765,90.33748099999998,67.03463761702127,20.454927714052015,0.31331852745483013,48,64,,True,False,Request timeout: 300.0s exceeded,353,21.16838264042747
360,2026-09-14T02:32:45.994+00:00,2026-09-14T02:37:39.880+00:00,2026-09-14T02:37:46.032+00:00,False,87,86.0,,86.0,293885.363345,300037.95726500003,300037.957238,3448.7121521609197,0.040159999999999994,293885.363345,31500.153466255833,87.7196616,71.54178976744186,18.494965418442636,0.2866304009797098,48,64,,True,False,Request timeout: 300.0s exceeded,446,21.16838264042747
361,2026-09-14T02:32:51.344+00:00,2026-09-14T02:37:45.187+00:00,2026-09-14T02:37:51.361+00:00,False,92,91.0,,91.0,293843.30819999997,300016.82243999996,300016.82256999996,3261.05241923913,0.03614,293843.30819999997,30628.215863386133,88.59575849999999,67.84081582417582,19.501981298831573,0.30331632493107613,48,64,,True,False,Request timeout: 300.0s exceeded,434,21.16838264042747
362,2026-09-14T02:32:55.294+00:00,2026-09-14T02:37:49.336+00:00,2026-09-14T02:37:55.318+00:00,False,86,85.0,,85.0,294042.327747,300024.102851,300024.102922,3488.6523595581393,0.02075,294042.327747,31699.816894952804,89.0761895,70.37382475294118,19.388574932058447,0.2833105713583728,48,64,,True,False,Request timeout: 300.0s exceeded,338,21.16838264042747
363,2026-09-14T02:32:59.248+00:00,2026-09-14T02:37:52.857+00:00,2026-09-14T02:37:59.282+00:00,False,92,91.0,,91.0,293608.43919,300033.34799,300033.34781,3261.2320414130436,0.020300000000000002,293608.43919,30603.441569650622,90.32816349999999,70.60339340659341,20.289839946163823,0.30329961855784443,48,64,,True,False,Request timeout: 300.0s exceeded,403,21.16838264042747
364,2026-09-14T02:33:03.849+00:00,2026-09-14T02:37:57.547+00:00,2026-09-14T02:38:03.893+00:00,False,91,90.0,,90.0,293697.558059,300043.793707,300043.793785,3297.184547087912,0.02495,293697.558059,30780.48429649172,89.674781,70.51372942222223,20.07602413210534,0.29995621268502953,48,64,,True,False,Request timeout: 300.0s exceeded,307,21.16838264042747
365,2026-09-14T02:33:08.032+00:00,2026-09-14T02:38:01.812+00:00,2026-09-14T02:38:08.118+00:00,False,92,91.0,,91.0,293779.82460399996,300085.42997999996,300085.42990399996,3261.7981511304342,0.03828,293779.82460399996,30621.44634028585,89.4482371,69.29236676923077,20.17675034500383,0.3032469787222424,48,64,,True,False,Request timeout: 300.0s exceeded,302,21.16838264042747
366,2026-09-14T02:33:11.309+00:00,2026-09-14T02:38:05.123+00:00,2026-09-14T02:38:12.747+00:00,False,68,67.0,,67.0,293814.04432,301438.39632,301438.396458,4432.917594970588,0.03147,293814.04432,35618.268571309854,89.79422319999999,113.79629850746268,368.9062771305595,0.22226763683042675,48,64,,True,False,Request timeout: 300.0s exceeded,239,21.16838264042747
367,2026-09-14T02:33:15.115+00:00,2026-09-14T02:38:08.718+00:00,2026-09-14T02:38:15.145+00:00,False,105,104.0,,104.0,293603.566611,300030.264339,300030.264388,2857.431089409524,0.015099999999999999,293603.566611,28648.25134092111,87.39520999999999,61.79517046153846,295.3366900286567,0.34663169806927163,48,64,,True,False,Request timeout: 300.0s exceeded,486,21.16838264042747
368,2026-09-14T02:33:19.240+00:00,2026-09-14T02:38:14.039+00:00,2026-09-14T02:38:19.252+00:00,False,81,80.0,,80.0,294798.866576,300012.22670400003,300012.226824,3703.854652148148,0.03409,294798.866576,32748.194847402643,86.52312699999999,65.1670016,19.958692408335686,0.26665579892825536,48,64,,True,False,Request timeout: 300.0s exceeded,377,21.16838264042747
369,2026-09-14T02:33:23.788+00:00,2026-09-14T02:38:17.758+00:00,2026-09-14T02:38:23.871+00:00,False,91,90.0,,90.0,293969.766465,300083.190593,300083.190631,3297.6174794615386,0.02435,293969.766465,30809.29047251937,88.875797,67.92693475555555,19.79127713496595,0.2999168324695206,48,64,,True,False,Request timeout: 300.0s exceeded,479,21.16838264042747
370,2026-09-14T02:33:28.035+00:00,2026-09-14T02:38:21.486+00:00,2026-09-14T02:38:28.110+00:00,False,102,101.0,,101.0,293450.530768,300074.436816,300074.436738,2941.906242529412,0.040780000000000004,293450.530768,29049.445254513594,88.65977204999999,65.5832281980198,19.915483605207847,0.3365831527393029,48,64,,True,False,Request timeout: 300.0s exceeded,460,21.16838264042747
371,2026-09-14T02:33:33.346+00:00,2026-09-14T02:38:27.074+00:00,2026-09-14T02:38:33.429+00:00,False,97,96.0,,96.0,293727.615481,300082.250489,300082.250449,3093.631447927835,0.03395,293727.615481,29816.806676556866,89.2268576,66.19411466666666,20.351773677683234,0.31991229019231526,48,64,,True,False,Request timeout: 300.0s exceeded,372,21.16838264042747
372,2026-09-14T02:33:38.335+00:00,2026-09-14T02:38:31.643+00:00,2026-09-14T02:38:38.404+00:00,False,97,96.0,,96.0,293307.506795,300068.727403,300068.727344,3093.492034474227,0.02594,293307.506795,29773.720492606648,90.3282696,70.42938133333332,19.45474475635128,0.31992670756079666,48,64,,True,False,Request timeout: 300.0s exceeded,438,21.16838264042747
373,2026-09-14T02:33:41.881+00:00,2026-09-14T02:38:35.271+00:00,2026-09-14T02:38:41.903+00:00,False,96,95.0,,95.0,293389.729531,300022.221563,300022.22153100005,3125.23147428125,0.019940000000000003,293389.729531,29936.843973955565,87.4646875,69.8157056,18.45633875683618,0.3166432123096971,48,64,,True,False,Request timeout: 300.0s exceeded,450,21.16838264042747
374,2026-09-14T02:33:47.633+00:00,2026-09-14T02:38:41.026+00:00,2026-09-14T02:38:47.672+00:00,False,103,102.0,,102.0,293393.19731,300039.092734,300039.09278400004,2913.0009008155344,0.02289,293393.19731,28902.477946942836,85.69937,65.15583749019608,20.515921557120414,0.33995570067407255,48,64,,True,False,Request timeout: 300.0s exceeded,519,21.16838264042747
375,2026-09-14T02:33:52.280+00:00,2026-09-14T02:38:45.801+00:00,2026-09-14T02:38:52.316+00:00,False,99,98.0,,98.0,293521.347888,300035.594288,300035.59409900004,3030.662566656566,0.03455,293521.347888,29493.3312975507,87.3143809,66.47190204081633,19.762503485809184,0.32662791303998134,48,64,,True,False,Request timeout: 300.0s exceeded,520,21.16838264042747
376,2026-09-14T02:33:57.318+00:00,2026-09-14T02:38:50.915+00:00,2026-09-14T02:38:57.383+00:00,False,95,94.0,,94.0,293597.053295,300064.185199,300064.185306,3158.5703716421053,0.04961,293597.053295,30115.36948133526,87.8113123,68.7992755744681,19.186003601730285,0.3132663097985519,48,64,,True,False,Request timeout: 300.0s exceeded,420,21.16838264042747
377,2026-09-14T02:34:00.660+00:00,2026-09-14T02:38:54.243+00:00,2026-09-14T02:39:00.744+00:00,False,97,96.0,,96.0,293583.114635,300084.208779,300084.208913,3093.6516382783507,0.03624,293583.114635,29801.97934906087,87.449019,67.71973066666668,19.459298719512603,0.31991020250819047,48,64,,True,False,Request timeout: 300.0s exceeded,434,21.16838264042747
378,2026-09-14T02:34:05.246+00:00,2026-09-14T02:38:58.954+00:00,2026-09-14T02:39:05.334+00:00,False,94,93.0,,93.0,293707.78038,300087.975964,300087.975914,3192.425275680851,0.03523,293707.78038,30286.574906494596,88.0123933,68.60425359139785,19.807406780975672,0.3099091181552597,48,64,,True,False,Request timeout: 300.0s exceeded,306,21.16838264042747
379,2026-09-14T02:34:10.768+00:00,2026-09-14T02:39:04.375+00:00,2026-09-14T02:39:10.838+00:00,False,99,98.0,,98.0,293607.415549,300070.38617300004,300070.386169,3031.014001707071,0.02622,293607.415549,29502.034871689106,90.17917489999999,65.9486798367347,21.02676748747292,0.32659004192269714,48,64,,True,False,Request timeout: 300.0s exceeded,473,21.16838264042747
380,2026-09-14T02:34:15.265+00:00,2026-09-14T02:39:08.900+00:00,2026-09-14T02:39:15.317+00:00,False,97,96.0,,96.0,293635.409588,300052.17938,300052.179326,3093.3214363505153,0.03422,293635.409588,29807.378435518614,87.39909740000002,66.841352,19.695536286487332,0.3199443516736506,48,64,,True,False,Request timeout: 300.0s exceeded,505,21.16838264042747
381,2026-09-14T02:34:20.026+00:00,2026-09-14T02:39:13.515+00:00,2026-09-14T02:39:20.074+00:00,False,97,96.0,,96.0,293488.826896,300047.238672,300047.238795,3093.270503041237,0.03552,293488.826896,29792.345064184858,88.1709742,68.31678933333333,19.154637785998933,0.31994962001614513,48,64,,True,False,Request timeout: 300.0s exceeded,451,21.16838264042747
382,2026-09-14T02:34:24.193+00:00,2026-09-14T02:39:18.106+00:00,2026-09-14T02:39:24.249+00:00,False,89,88.0,,88.0,293912.83060000004,300055.51322400005,300055.5131960001,3371.410260629214,0.03573,293912.83060000004,31147.304412289177,87.0745464,69.80321163636364,19.123008767061915,0.2932790637787931,48,64,,True,False,Request timeout: 300.0s exceeded,216,21.16838264042747
383,2026-09-14T02:34:29.395+00:00,2026-09-14T02:39:22.848+00:00,2026-09-14T02:39:29.453+00:00,False,99,98.0,,98.0,293453.57261699997,300058.450953,300058.45101799996,3030.8934446262624,0.04406,293453.57261699997,29486.427092757564,88.52578089999999,67.39671771428571,20.374762555798572,0.3266030324716645,48,64,,True,False,Request timeout: 300.0s exceeded,462,21.16838264042747
384,2026-09-14T02:34:34.501+00:00,2026-09-14T02:39:28.047+00:00,2026-09-14T02:39:34.539+00:00,False,100,99.0,,99.0,293545.580123,300037.424475,300037.42454000004,3000.3742454000003,0.02218,293545.580123,29348.007746574436,88.3007374,65.57418537373738,20.594428569557746,0.32995883821236094,48,64,,True,False,Request timeout: 300.0s exceeded,474,21.16838264042747
385,2026-09-14T02:34:38.908+00:00,2026-09-14T02:39:32.153+00:00,2026-09-14T02:39:39.051+00:00,False,144,143.0,,143.0,293245.855342,300142.956398,300142.95652600005,2084.3260869861115,0.02283,293245.855342,24433.150591065805,97.40270330000001,48.231475916083916,27.411554029425854,0.47643963302066306,48,64,,True,False,Request timeout: 300.0s exceeded,525,21.16838264042747
0,2026-09-14T02:04:40.939+00:00,2026-09-14T02:04:41.211+00:00,2026-09-14T02:04:54.228+00:00,True,240,240.0,,240.0,272.10562699999997,13289.204123000001,13289.203935,55.3716830625,0.038990000000000004,272.10562699999997,24.784232052413557,94.33184035000001,54.46484726359832,20.460828348971575,18.05977226165299,49,64,,False,True,,1021,21.16838264042747
1,2026-09-14T02:04:45.461+00:00,2026-09-14T02:04:45.660+00:00,2026-09-14T02:04:59.891+00:00,True,224,224.0,,224.0,198.72982199999998,14429.972318,14429.972292,64.41951916071429,38.285339,198.72982199999998,22.841455616613576,95.00638735000001,63.817230923766814,21.034737538013182,15.52324530245852,49,64,,False,True,,377,21.16838264042747
2,2026-09-14T02:04:49.650+00:00,2026-09-14T02:04:54.148+00:00,2026-09-14T02:05:09.938+00:00,True,240,240.0,,240.0,4497.787881,20287.602920999998,20287.603006,84.53167919166667,39.635377,4497.787881,286.86635607454343,94.83067750000002,66.06617171548118,21.453271535678553,11.829884532665634,49,64,,False,True,,1116,21.16838264042747
3,2026-09-14T02:04:54.384+00:00,2026-09-14T02:05:02.964+00:00,2026-09-14T02:05:13.345+00:00,True,159,159.0,,159.0,8580.439938,18961.342594,18961.342540999998,119.25372667295598,39.763805999999995,8580.439938,675.5940221318898,93.3862537,65.7019155443038,21.22471473249034,8.38548215727682,49,64,,False,True,,752,21.16838264042747
4,2026-09-14T02:04:58.455+00:00,2026-09-14T02:05:10.071+00:00,2026-09-14T02:05:26.155+00:00,True,243,243.0,,243.0,11616.05541,27699.851378,27699.851446,113.99115821399177,17.328253,11616.05541,741.2405705476986,94.9297661,66.46196680991736,22.289067209812917,8.772610245591334,49,64,,False,True,,987,21.16838264042747
5,2026-09-14T02:05:03.269+00:00,2026-09-14T02:05:17.493+00:00,2026-09-14T02:05:26.696+00:00,True,140,140.0,,140.0,14224.190415,23426.845647,23426.845491,167.33461065,40.182644999999994,14224.190415,1196.7624160600226,94.59618989999998,66.20615274820143,21.645309174866156,5.976049960355127,49,64,,False,True,,709,21.16838264042747
6,2026-09-14T02:05:06.596+00:00,2026-09-14T02:05:23.903+00:00,2026-09-14T02:05:34.624+00:00,True,160,160.0,,160.0,17307.260605,28027.768509,28027.768412999998,175.17355258125,40.087754999999994,17307.260605,1363.110646636114,96.0711499,67.42457801257862,22.340777246324524,5.708624286254626,49,64,,False,True,,347,21.16838264042747
7,2026-09-14T02:05:11.690+00:00,2026-09-14T02:05:32.671+00:00,2026-09-14T02:05:44.107+00:00,True,177,177.0,,177.0,20980.836377,32416.326936999998,32416.327129,183.1430911242938,0.018449999999999998,20980.836377,1572.3934944632483,96.705458,64.97437818181818,28.731913127379272,5.460211465166714,49,64,,False,True,,756,21.16838264042747
8,2026-09-14T02:05:15.750+00:00,2026-09-14T02:05:39.538+00:00,2026-09-14T02:05:47.409+00:00,True,120,120.0,,120.0,23788.980618999998,31659.791755,31659.791523,263.831596025,41.439963000000006,23788.980618999998,2165.696152625053,94.461432,66.14127005042016,21.63022610686909,3.7902965669712128,49,64,,False,True,,533,21.16838264042747
9,2026-09-14T02:05:19.630+00:00,2026-09-14T02:05:45.888+00:00,2026-09-14T02:06:04.335+00:00,True,280,280.0,,280.0,26257.605376,44704.732928,44704.732954,159.65976055,40.88262400000001,26257.605376,1565.392063850716,95.17351699999999,66.11873674551971,21.807004478691468,6.263318929809042,49,64,,False,True,,1307,21.16838264042747
10,2026-09-14T02:05:23.098+00:00,2026-09-14T02:05:52.510+00:00,2026-09-14T02:06:08.368+00:00,True,237,237.0,,237.0,29412.036,45269.852576,45269.852505,191.01203588607595,38.843348,29412.036,1906.2801227680754,95.3975802,67.19413803389831,22.121014780438543,5.235272184775051,49,64,,False,True,,1296,21.16838264042747
11,2026-09-14T02:05:26.565+00:00,2026-09-14T02:05:58.653+00:00,2026-09-14T02:06:17.595+00:00,True,283,283.0,,283.0,32087.871212000002,51030.00036400001,51030.000228000004,180.31802200706716,38.829767,32087.871212000002,1903.5633484107889,95.00719810000001,67.17067075177305,22.309628368626583,5.545757358051034,49,64,,False,True,,1228,21.16838264042747
12,2026-09-14T02:05:30.975+00:00,2026-09-14T02:06:05.912+00:00,2026-09-14T02:06:14.885+00:00,True,137,137.0,,137.0,34937.027572,43909.679604,43909.679723,320.5086111167883,36.671932,34937.027572,2979.3125172481373,93.93190580000001,65.97538258823529,21.564544187484174,3.120040984938543,49,64,,False,True,,704,21.16838264042747
13,2026-09-14T02:05:36.125+00:00,2026-09-14T02:06:15.485+00:00,2026-09-14T02:06:25.422+00:00,True,150,150.0,,150.0,39360.644017,49296.845745,49296.845921,328.64563947333335,11.242486000000001,39360.644017,3208.419174600363,93.0088834,66.68591763758388,22.86529954710745,3.0427910291849445,49,64,,False,True,,730,21.16838264042747
14,2026-09-14T02:05:38.995+00:00,2026-09-14T02:06:20.456+00:00,2026-09-14T02:06:37.483+00:00,True,258,258.0,,258.0,41460.612784000004,58488.192176000004,58488.192124,226.69841908527133,0.01763,41460.612784000004,2577.3008820720306,95.74457749999999,66.2551727315175,32.2297090277024,4.411146769994842,49,64,,False,True,,1067,21.16838264042747
15,2026-09-14T02:05:43.276+00:00,2026-09-14T02:06:26.808+00:00,2026-09-14T02:06:44.556+00:00,True,266,266.0,,266.0,43531.764310000006,61279.25615,61279.256157,230.37314344736845,0.01623,43531.764310000006,2665.191961697658,94.53830599999999,66.97166732075472,32.26211519483215,4.340783761292442,49,64,,False,True,,646,21.16838264042747
16,2026-09-14T02:05:48.011+00:00,2026-09-14T02:06:36.379+00:00,2026-09-14T02:06:50.127+00:00,True,206,206.0,,206.0,48368.508789,62115.954293,62115.954393,301.5337591893204,9.727129000000001,48368.508789,3365.397382081455,93.58240425,67.06070977560975,22.677068029764683,3.3163782532954604,49,64,,False,True,,909,21.16838264042747
17,2026-09-14T02:05:51.883+00:00,2026-09-14T02:06:42.862+00:00,2026-09-14T02:06:58.976+00:00,True,243,243.0,,243.0,50979.047978,67092.59345,67092.593574,276.1012081234568,5.135459,50979.047978,3266.11827757769,96.6628022,66.5848986446281,23.226882639495205,3.6218602904520756,49,64,,False,True,,878,21.16838264042747
18,2026-09-14T02:05:56.748+00:00,2026-09-14T02:06:50.927+00:00,2026-09-14T02:07:04.161+00:00,True,199,199.0,,199.0,54178.942066,67412.873586,67412.873551,338.75815854773873,40.198456,54178.942066,3835.965926300937,95.126108,66.83803797979799,21.612159521719455,2.9519584229877336,49,64,,False,True,,904,21.16838264042747
19,2026-09-14T02:05:59.617+00:00,2026-09-14T02:06:56.528+00:00,2026-09-14T02:07:14.989+00:00,True,275,275.0,,275.0,56911.06587699999,75372.59752499999,75372.597308,274.0821720290909,0.0,56911.06587699999,3427.8959878729897,96.0621437,67.377852729927,25.24568444296117,3.6485408361943015,49,64,,False,True,,1157,21.16838264042747
20,2026-09-14T02:06:02.942+00:00,2026-09-14T02:07:01.957+00:00,2026-09-14T02:07:11.179+00:00,True,140,140.0,,140.0,59015.432446,68236.518398,68236.5183,487.4037021428571,0.0,59015.432446,4982.18681518212,95.40458290000001,66.3387478561151,28.172423020061974,2.0516873264756628,49,64,,False,True,,693,21.16838264042747
21,2026-09-14T02:06:07.319+00:00,2026-09-14T02:07:09.661+00:00,2026-09-14T02:07:18.221+00:00,True,125,125.0,,125.0,62342.655155,70902.205619,70902.205527,567.217644216,41.755522,62342.655155,5569.971806828078,96.9449572,69.02863277419355,23.535369563815134,1.7629916997462651,49,64,,False,True,,411,21.16838264042747
22,2026-09-14T02:06:11.929+00:00,2026-09-14T02:07:18.086+00:00,2026-09-14T02:07:35.048+00:00,True,259,259.0,,259.0,66156.605808,83119.26616,83119.265972,320.9238068416988,0.01714,66156.605808,4106.853077648584,95.44882799999999,65.7467455503876,37.09843563803118,3.11600441107648,49,64,,False,True,,1234,21.16838264042747
23,2026-09-14T02:06:14.806+00:00,2026-09-14T02:07:22.911+00:00,2026-09-14T02:07:41.942+00:00,True,292,292.0,,292.0,68104.70780500001,87136.064733,87136.06492300001,298.41118124315074,0.03939,68104.70780500001,3981.8498208503297,93.93343650000001,65.39985198625429,34.67831268510316,3.351080874431713,49,64,,False,True,,1454,21.16838264042747
24,2026-09-14T02:06:19.928+00:00,2026-09-14T02:07:32.200+00:00,2026-09-14T02:07:48.377+00:00,True,253,253.0,,253.0,72271.257951,88448.826207,88448.82612400001,349.600103256917,36.114813999999996,72271.257951,4539.666082605334,93.62143400000001,64.19669942857142,20.706471911588103,2.8604110517859773,49,64,,False,True,,852,21.16838264042747
25,2026-09-14T02:06:25.200+00:00,2026-09-14T02:07:41.275+00:00,2026-09-14T02:08:00.127+00:00,True,290,290.0,,290.0,76075.395531,94927.450827,94927.45078,327.3360371724138,0.0,76075.395531,4463.533525281288,94.15631249999998,65.23202524567473,23.762812744269826,3.0549645805669945,49,64,,False,True,,1512,21.16838264042747
26,2026-09-14T02:06:29.330+00:00,2026-09-14T02:07:48.635+00:00,2026-09-14T02:08:00.454+00:00,True,180,180.0,,180.0,79304.87992299999,91123.98725099998,91123.98746399999,506.24437479999995,0.0,79304.87992299999,5906.168772813373,93.1512135,66.02853255865922,25.20941945695577,1.9753305954906477,49,64,,False,True,,760,21.16838264042747
27,2026-09-14T02:06:34.154+00:00,2026-09-14T02:07:57.040+00:00,2026-09-14T02:08:08.700+00:00,True,177,177.0,,177.0,82886.21544300001,94545.969939,94545.96995600002,534.1580223502825,39.405877000000004,82886.21544300001,6225.16722744139,95.5507068,66.2486050909091,21.616016698766426,1.8721051792498233,49,64,,False,True,,744,21.16838264042747
28,2026-09-14T02:06:39.224+00:00,2026-09-14T02:08:05.211+00:00,2026-09-14T02:08:12.309+00:00,True,110,110.0,,110.0,85986.340463,93084.419951,93084.419922,846.2219992909091,36.895243,85986.340463,8192.294244042214,95.68859735,65.11999530275229,21.251098130309952,1.1817230000241117,49,64,,False,True,,564,21.16838264042747
29,2026-09-14T02:06:42.236+00:00,2026-09-14T02:08:11.044+00:00,2026-09-14T02:08:25.060+00:00,True,212,212.0,,212.0,88808.345738,102823.993482,102823.993495,485.01883724056603,0.0,88808.345738,6095.0127650831755,93.30690040000002,66.42487082464456,48.571084070877106,2.061775591677559,49,64,,False,True,,1042,21.16838264042747
30,2026-09-14T02:06:45.123+00:00,2026-09-14T02:08:16.160+00:00,2026-09-14T02:08:25.330+00:00,True,135,135.0,,135.0,91037.281227,100206.720971,100206.720987,742.2720073111111,0.015279,91037.281227,7829.54335994945,95.7105387,68.42865480597014,54.9103561111569,1.3472150240208862,49,64,,False,True,,650,21.16838264042747
31,2026-09-14T02:06:48.131+00:00,2026-09-14T02:08:21.110+00:00,2026-09-14T02:08:38.524+00:00,True,260,260.0,,260.0,92979.648485,110393.555429,110393.555401,424.59059769615385,0.0,92979.648485,5762.355223804754,96.9404445,67.23516194594595,44.6032011561771,2.355209948530192,49,64,,False,True,,1478,21.16838264042747
32,2026-09-14T02:06:52.066+00:00,2026-09-14T02:08:29.422+00:00,2026-09-14T02:08:36.911+00:00,True,110,110.0,,110.0,97356.136493,104845.353005,104845.353093,953.1395735727273,0.0,97356.136493,9276.03120825872,95.75273139999999,68.70840836697248,26.988097148464718,1.0491642867066715,49,64,,False,True,,484,21.16838264042747
33,2026-09-14T02:06:56.811+00:00,2026-09-14T02:08:36.727+00:00,2026-09-14T02:08:52.508+00:00,True,237,237.0,,237.0,99916.665256,115696.837288,115696.83739199999,488.172309670886,35.990024,99916.665256,6485.978692378987,95.21535359999999,66.86513572881356,22.013355795828193,2.0484570326675775,49,64,,False,True,,1056,21.16838264042747
34,2026-09-14T02:07:01.704+00:00,2026-09-14T02:08:46.488+00:00,2026-09-14T02:09:05.530+00:00,True,288,288.0,,288.0,104783.83889,123826.206378,123826.206428,429.9521056527778,0.0,104783.83889,6170.596389741397,96.87868285,66.34971250174216,27.06856044081186,2.3258404535210606,49,64,,False,True,,1348,21.16838264042747
35,2026-09-14T02:07:06.015+00:00,2026-09-14T02:08:53.883+00:00,2026-09-14T02:09:03.575+00:00,True,149,149.0,,149.0,107868.342705,117559.805361,117559.805317,788.9919819932886,0.0,107868.342705,8831.607217936906,96.5686824,65.48285578378379,30.650206069608007,1.2674400024945105,49,64,,False,True,,668,21.16838264042747
36,2026-09-14T02:07:10.825+00:00,2026-09-14T02:09:02.689+00:00,2026-09-14T02:09:15.576+00:00,True,194,194.0,,194.0,111863.834401,124750.90921700001,124750.909334,643.0459244020618,35.180525,111863.834401,8026.591834912678,96.57011,66.77240837305699,22.20610351647901,1.5550988863940343,49,64,,False,True,,904,21.16838264042747
37,2026-09-14T02:07:14.814+00:00,2026-09-14T02:09:10.183+00:00,2026-09-14T02:09:27.211+00:00,True,252,252.0,,252.0,115369.17919400001,132396.576314,132396.576352,525.3832394920636,0.0,115369.17919400001,7263.505092747048,97.66321554999999,67.8382355378486,54.456955620067475,1.9033724814933357,49,64,,False,True,,1114,21.16838264042747
38,2026-09-14T02:07:19.744+00:00,2026-09-14T02:09:19.086+00:00,2026-09-14T02:09:37.490+00:00,True,277,277.0,,277.0,119342.18807799999,137746.822446,137746.822358,497.2809471407942,0.0,119342.18807799999,7166.62310741779,96.28040499999999,66.68345785507246,27.50717405644261,2.0109356795405606,49,64,,False,True,,1422,21.16838264042747
39,2026-09-14T02:07:22.623+00:00,2026-09-14T02:09:23.836+00:00,2026-09-14T02:09:35.844+00:00,True,183,183.0,,183.0,121213.202173,133221.321725,133221.321642,727.9853641639344,37.140642,121213.202173,8955.486776007483,95.288692,65.97867885714285,21.773503234994227,1.3736539889444639,49,64,,False,True,,770,21.16838264042747
40,2026-09-14T02:07:26.448+00:00,2026-09-14T02:09:29.709+00:00,2026-09-14T02:09:35.981+00:00,True,100,100.0,,100.0,123261.17783300001,129532.43978500001,129532.43990900001,1295.32439909,39.638816,123261.17783300001,12319.80093539559,94.536993,63.34608032323232,21.025481068887263,0.7720073841423939,49,64,,False,True,,416,21.16838264042747
41,2026-09-14T02:07:31.083+00:00,2026-09-14T02:09:38.033+00:00,2026-09-14T02:09:49.323+00:00,True,172,172.0,,172.0,126949.591738,138239.27417,138239.274015,803.7167093895349,0.0,126949.591738,9674.832131319889,94.35391605000001,66.02153469005847,31.383526140436732,1.2442194957453458,49,64,,False,True,,879,21.16838264042747
42,2026-09-14T02:07:36.065+00:00,2026-09-14T02:09:47.044+00:00,2026-09-14T02:09:58.629+00:00,True,172,172.0,,172.0,130979.220462,142564.420078,142564.419865,828.8629061918605,33.801968,130979.220462,9981.930080872688,94.63343154999998,67.74970535672514,21.960472048541273,1.2064721331303785,49,64,,False,True,,741,21.16838264042747
43,2026-09-14T02:07:40.809+00:00,2026-09-14T02:09:55.405+00:00,2026-09-14T02:10:03.878+00:00,True,128,128.0,,128.0,134595.74212799998,143068.64529599997,143068.645344,1117.72379175,39.533396999999994,134595.74212799998,11890.8186989946,94.73304399999999,66.71577297637795,22.085463865967004,0.8946754177700929,49,64,,False,True,,442,21.16838264042747
44,2026-09-14T02:07:45.751+00:00,2026-09-14T02:10:03.452+00:00,2026-09-14T02:10:18.437+00:00,True,215,215.0,,215.0,137700.528335,152685.500367,152685.500237,710.1651173813954,0.0,137700.528335,9386.550486521972,95.25821970000001,70.02323379439252,65.56880217768362,1.4081232303212732,49,64,,False,True,,1017,21.16838264042747
45,2026-09-14T02:07:50.882+00:00,2026-09-14T02:10:12.918+00:00,2026-09-14T02:10:29.787+00:00,True,258,258.0,,258.0,142036.88999,158905.262982,158905.262924,615.9118717984496,0.015649,142036.88999,8838.942702981154,96.40869785000001,65.63569257587548,59.349857478326506,1.6236089048178661,49,64,,False,True,,1213,21.16838264042747
46,2026-09-14T02:07:54.835+00:00,2026-09-14T02:10:18.728+00:00,2026-09-14T02:10:35.875+00:00,True,262,262.0,,262.0,143893.727884,161040.7451,161040.74487,614.6593315648855,40.132205,143893.727884,8885.75187015772,95.340859,65.69738396934866,21.731036300729315,1.6269174601577274,49,64,,False,True,,914,21.16838264042747
47,2026-09-14T02:07:59.909+00:00,2026-09-14T02:10:29.476+00:00,2026-09-14T02:10:38.359+00:00,True,132,132.0,,132.0,149566.342438,158449.743654,158449.74352699998,1200.3768449015151,41.101794,149566.342438,13012.194959865987,95.39438200000001,67.81222302290077,21.790090740119016,0.8330717169744548,49,64,,False,True,,558,21.16838264042747
48,2026-09-14T02:08:04.215+00:00,2026-09-14T02:10:36.976+00:00,2026-09-14T02:10:50.915+00:00,True,213,213.0,,213.0,152760.008297,166699.692393,166699.692357,782.6276636478873,0.0,152760.008297,10462.489561409902,95.60361,65.75322686792452,32.93645708289286,1.2777468089013957,49,64,,False,True,,1097,21.16838264042747
49,2026-09-14T02:08:08.284+00:00,2026-09-14T02:10:44.272+00:00,2026-09-14T02:11:00.925+00:00,True,256,256.0,,256.0,155987.766483,172640.682707,172640.68275200002,674.3776670000001,5.857787999999999,155987.766483,9745.178021820691,94.79785499999998,65.30555381960785,21.766768338662374,1.4828486309595674,49,64,,False,True,,1123,21.16838264042747
50,2026-09-14T02:08:13.019+00:00,2026-09-14T02:10:53.241+00:00,2026-09-14T02:11:12.160+00:00,True,289,289.0,,289.0,160222.655744,179141.441536,179141.44151499998,619.8665796366781,0.0,160222.655744,9421.04389209259,94.5805544,65.69022844444444,29.4661234665367,1.6132503876381,49,64,,False,True,,1247,21.16838264042747
51,2026-09-14T02:08:16.991+00:00,2026-09-14T02:10:58.659+00:00,2026-09-14T02:11:10.018+00:00,True,174,174.0,,174.0,161667.92067,173026.61097399998,173026.61079799998,994.405809183908,0.0,161667.92067,12251.083417083626,92.909176,65.65716938728323,34.19166763936355,1.0056256608189955,49,64,,False,True,,579,21.16838264042747
52,2026-09-14T02:08:20.255+00:00,2026-09-14T02:11:05.390+00:00,2026-09-14T02:11:15.430+00:00,True,148,148.0,,148.0,165135.134013,175174.572349,175174.572254,1183.6119746891893,0.0,165135.134013,13568.458246327393,94.91722485,68.29549888435375,36.10175535912626,0.8448714788647513,49,64,,False,True,,737,21.16838264042747
53,2026-09-14T02:08:24.970+00:00,2026-09-14T02:11:13.190+00:00,2026-09-14T02:11:29.772+00:00,True,251,251.0,,251.0,168219.418141,184801.526813,184801.526753,736.2610627609562,0.01504,168219.418141,10613.948160659773,96.740626,66.328434688,68.35863849447959,1.3582138866957847,49,64,,False,True,,1250,21.16838264042747
54,2026-09-14T02:08:28.883+00:00,2026-09-14T02:11:20.774+00:00,2026-09-14T02:11:31.336+00:00,True,159,159.0,,159.0,171891.016256,182452.455232,182452.455317,1147.4997189748428,0.01559,171891.016256,13626.788829960893,97.1181559,66.84455048101266,82.08120086233068,0.8714599088174576,49,64,,False,True,,771,21.16838264042747
55,2026-09-14T02:08:32.076+00:00,2026-09-14T02:11:26.231+00:00,2026-09-14T02:11:38.750+00:00,True,192,192.0,,192.0,174154.967696,186673.536144,186673.53610300002,972.2580005364583,0.01495,174154.967696,12564.048428726655,96.49518424999998,65.54224318324607,75.61462587606272,1.0285335777423272,49,64,,False,True,,288,21.16838264042747
56,2026-09-14T02:08:35.249+00:00,2026-09-14T02:11:31.661+00:00,2026-09-14T02:11:50.136+00:00,True,279,279.0,,279.0,176412.00500099998,194886.617993,194886.61810499997,698.5183444623656,0.0,176412.00500099998,10557.574005388506,93.2411721,66.45544241726618,29.872137482213272,1.431601630082273,49,64,,False,True,,1267,21.16838264042747
57,2026-09-14T02:08:40.535+00:00,2026-09-14T02:11:41.451+00:00,2026-09-14T02:11:59.025+00:00,True,261,261.0,,261.0,180916.244197,198490.850789,198490.850818,760.5013441302682,0.0,180916.244197,11194.291600675277,95.790368,67.59464073846154,30.43759664592599,1.3149220680072986,49,64,,False,True,,1269,21.16838264042747
58,2026-09-14T02:08:44.627+00:00,2026-09-14T02:11:48.175+00:00,2026-09-14T02:11:57.061+00:00,True,131,131.0,,131.0,183548.388894,192434.063902,192434.06381700002,1468.9623192137406,41.943581,183548.388894,16030.741612219543,95.70832850000001,68.35134621538462,22.948917456633783,0.6807526554483294,49,64,,False,True,,539,21.16838264042747
59,2026-09-14T02:08:47.730+00:00,2026-09-14T02:11:53.966+00:00,2026-09-14T02:12:12.763+00:00,True,276,276.0,,276.0,186235.999662,205033.24996599997,205033.249926,742.8740939347825,38.01812,186235.999662,11205.999460181296,98.51687775,68.35363746909091,23.24355780832303,1.346123129032819,49,64,,False,True,,1205,21.16838264042747
60,2026-09-14T02:08:52.312+00:00,2026-09-14T02:12:01.544+00:00,2026-09-14T02:12:14.358+00:00,True,190,190.0,,190.0,189232.329173,202045.855957,202045.855858,1063.3992413578947,36.912712,189232.329173,13723.457103573628,98.19158589999999,67.79643801058201,23.20641529951762,0.9403805839028759,49,64,,False,True,,890,21.16838264042747
61,2026-09-14T02:08:55.734+00:00,2026-09-14T02:12:08.421+00:00,2026-09-14T02:12:17.862+00:00,True,145,145.0,,145.0,192687.712066,202128.578882,202128.57902900001,1393.9902002000001,0.0,192687.712066,15996.444470206166,98.27210299999999,65.56157511111111,38.30849297354344,0.7173651583660967,49,64,,False,True,,693,21.16838264042747
62,2026-09-14T02:09:00.956+00:00,2026-09-14T02:12:18.232+00:00,2026-09-14T02:12:27.167+00:00,True,130,130.0,,130.0,197275.155341,206210.350733,206210.35074,1586.2334672307693,37.992779999999996,197275.155341,17296.11420976978,95.27576945000001,69.26508055813953,21.661369190972767,0.6304242223433452,49,64,,False,True,,648,21.16838264042747
63,2026-09-14T02:09:05.290+00:00,2026-09-14T02:12:24.698+00:00,2026-09-14T02:12:31.439+00:00,True,105,105.0,,105.0,199408.42364300002,206148.991195,206148.99103700003,1963.323724161905,38.782779000000005,199408.42364300002,19453.956253028733,93.72705819999999,64.81314953846153,21.576842171083864,0.5093403532626489,49,64,,False,True,,401,21.16838264042747
64,2026-09-14T02:09:08.298+00:00,2026-09-14T02:12:31.021+00:00,2026-09-14T02:12:50.257+00:00,True,294,294.0,,294.0,202723.299591,221959.48672699998,221959.48677999998,754.9642407482993,35.577925,202723.299591,11819.253407015394,94.24598699999999,65.6525158225256,21.457694199267664,1.324566047323792,49,64,,False,True,,1181,21.16838264042747
65,2026-09-14T02:09:12.969+00:00,2026-09-14T02:12:39.667+00:00,2026-09-14T02:12:53.929+00:00,True,218,218.0,,218.0,206698.224564,220959.904692,220959.904837,1013.5775451238533,0.0,206698.224564,13995.189574434416,94.31358250000001,65.72202823963134,87.22919596667556,0.986604335767949,49,64,,False,True,,790,21.16838264042747
66,2026-09-14T02:09:18.169+00:00,2026-09-14T02:12:47.105+00:00,2026-09-14T02:13:02.688+00:00,True,235,235.0,,235.0,208935.63947099997,224518.40657499997,224518.40664999996,955.3974751063829,0.0,208935.63947099997,13625.36918704035,95.6982223,66.59302181196581,83.52679538867213,1.0466847844900353,49,64,,False,True,,1096,21.16838264042747
67,2026-09-14T02:09:21.133+00:00,2026-09-14T02:12:53.648+00:00,2026-09-14T02:13:03.559+00:00,True,148,148.0,,148.0,212515.029871,222425.843567,222425.843664,1502.877322054054,41.936012000000005,212515.029871,17463.099705907163,94.76493549999999,67.42050133333333,22.0195826106235,0.6653903054903727,49,64,,False,True,,692,21.16838264042747
68,2026-09-14T02:09:26.132+00:00,2026-09-14T02:13:02.098+00:00,2026-09-14T02:13:21.061+00:00,True,288,288.0,,288.0,215965.68164,234928.792552,234928.792788,815.7249749583333,30.234857,215965.68164,12722.025271181205,94.36120149999999,66.07355718466899,21.944487784912294,1.2259033763869238,49,64,,False,True,,1007,21.16838264042747
69,2026-09-14T02:09:30.179+00:00,2026-09-14T02:13:09.377+00:00,2026-09-14T02:13:26.887+00:00,True,269,269.0,,269.0,219198.354796,236708.046188,236708.046016,879.9555613977695,36.105024,219198.354796,13360.793313857153,94.131422,65.33466937313433,21.52289896619737,1.1364210229945155,49,64,,False,True,,830,21.16838264042747
70,2026-09-14T02:09:33.365+00:00,2026-09-14T02:13:15.420+00:00,2026-09-14T02:13:27.050+00:00,True,179,179.0,,179.0,222055.27259900002,233685.178263,233685.17820800003,1305.5037888715085,39.409816,222055.27259900002,16592.320729721407,93.96457199999998,65.33654867415731,21.526475814654148,0.7659878188703316,49,64,,False,True,,934,21.16838264042747
71,2026-09-14T02:09:37.397+00:00,2026-09-14T02:13:22.137+00:00,2026-09-14T02:13:28.764+00:00,True,104,104.0,,104.0,224739.94338299998,231366.96853499996,231366.968462,2224.682389057692,40.134225,224739.94338299998,22031.265358468605,92.29123129999999,64.34005001941748,20.951533431644474,0.4495023669909365,49,64,,False,True,,522,21.16838264042747
72,2026-09-14T02:09:42.476+00:00,2026-09-14T02:13:31.277+00:00,2026-09-14T02:13:48.035+00:00,True,256,256.0,,256.0,228801.468268,245559.397228,245559.39731,959.2163957421875,0.0,228801.468268,14296.003635533634,94.59592199999999,65.71736847058824,23.47875132091744,1.0425176266510623,49,64,,False,True,,1372,21.16838264042747
73,2026-09-14T02:09:46.711+00:00,2026-09-14T02:13:38.363+00:00,2026-09-14T02:13:53.866+00:00,True,231,231.0,,231.0,231652.19506600001,247154.424826,247154.424788,1069.9325748398269,39.865635000000005,231652.19506600001,15237.177005752223,94.97897800000001,67.40099895652173,22.28628972697635,0.9346383345660393,49,64,,False,True,,1160,21.16838264042747
74,2026-09-14T02:09:51.772+00:00,2026-09-14T02:13:48.813+00:00,2026-09-14T02:14:02.913+00:00,True,215,215.0,,215.0,237040.620731,251140.802747,251140.802728,1168.0967568744186,32.838111,237040.620731,16161.557850436107,93.9647827,65.8887010093458,22.265854807514092,0.8560934648942395,49,64,,False,True,,985,21.16838264042747
75,2026-09-14T02:09:55.289+00:00,2026-09-14T02:13:54.507+00:00,2026-09-14T02:14:03.824+00:00,True,143,143.0,,143.0,239217.55630199998,248535.19802999997,248535.197819,1738.0083763566433,37.296971,239217.55630199998,19998.902733514093,95.9398902,65.61719526760564,22.802313390755568,0.5753712195837102,49,64,,False,True,,504,21.16838264042747
76,2026-09-14T02:09:58.415+00:00,2026-09-14T02:14:00.299+00:00,2026-09-14T02:14:10.454+00:00,True,149,149.0,,149.0,241884.332248,252038.935256,252038.935161,1691.536477590604,39.817295,241884.332248,19810.328395969635,95.71802840000001,68.61218248648647,22.525432827672212,0.5911785012448902,49,64,,False,True,,572,21.16838264042747
77,2026-09-14T02:10:01.419+00:00,2026-09-14T02:14:06.175+00:00,2026-09-14T02:14:19.230+00:00,True,192,192.0,,192.0,244756.237769,257811.06784899998,257811.067785,1342.765978046875,0.0,244756.237769,17658.878106749657,96.1606566,68.3498957068063,42.495911292891115,0.744731409717656,49,64,,False,True,,873,21.16838264042747
78,2026-09-14T02:10:04.758+00:00,2026-09-14T02:14:12.506+00:00,2026-09-14T02:14:25.401+00:00,True,195,195.0,,195.0,247748.073187,260642.24637100002,260642.246174,1336.6269034564102,0.0,247748.073187,17736.898215272344,94.91054899999999,66.46481022680412,42.15513977335923,0.7481519312967999,49,64,,False,True,,955,21.16838264042747
79,2026-09-14T02:10:08.473+00:00,2026-09-14T02:14:19.401+00:00,2026-09-14T02:14:37.124+00:00,True,268,268.0,,268.0,250927.997039,268651.275119,268651.275005,1002.4301306156717,0.01823,250927.997039,15324.086393227666,93.78808065,66.3793186516854,91.8385080391494,0.9975757601793942,49,64,,False,True,,373,21.16838264042747
80,2026-09-14T02:10:12.690+00:00,2026-09-14T02:14:27.167+00:00,2026-09-14T02:14:35.706+00:00,True,127,127.0,,127.0,254476.404832,263015.968096,263015.967927,2070.991873440945,0.01591,254476.404832,22575.511896085292,93.6525044,67.77431161904761,134.3268140553889,0.4828604168764589,49,64,,False,True,,688,21.16838264042747
81,2026-09-14T02:10:17.277+00:00,2026-09-14T02:14:34.477+00:00,2026-09-14T02:14:48.732+00:00,True,219,219.0,,219.0,257199.580446,271454.396702,271454.396753,1239.517793392694,40.262674,257199.580446,17375.531070113346,91.75304299999999,65.38906539449542,21.000035316220842,0.8067653449740071,49,64,,False,True,,1041,21.16838264042747
82,2026-09-14T02:10:21.191+00:00,2026-09-14T02:14:41.288+00:00,2026-09-14T02:14:57.987+00:00,True,256,256.0,,256.0,260096.814878,276796.306206,276796.306009,1081.2355703476562,31.808213,260096.814878,16251.972121528173,95.14963549999999,65.4882012862745,21.52926958174031,0.9248678333499047,49,64,,False,True,,814,21.16838264042747
83,2026-09-14T02:10:24.089+00:00,2026-09-14T02:14:45.780+00:00,2026-09-14T02:14:52.327+00:00,True,102,102.0,,102.0,261690.596793,268237.393337,268237.39335,2629.7783661764706,34.091228,261690.596793,25904.820431074717,94.88492910000001,64.81976776237623,20.96676117483622,0.38026018196445976,49,64,,False,True,,463,21.16838264042747
84,2026-09-14T02:10:27.086+00:00,2026-09-14T02:14:51.132+00:00,2026-09-14T02:15:10.675+00:00,True,287,287.0,,287.0,264045.436129,283589.06518499996,283589.06504899997,988.1152092299651,0.0,264045.436129,15582.122018939503,95.282196,68.33436732867132,38.08752238910418,1.0120277374332995,49,64,,False,True,,1265,21.16838264042747
85,2026-09-14T02:10:30.157+00:00,2026-09-14T02:14:57.201+00:00,2026-09-14T02:15:13.005+00:00,True,234,234.0,,234.0,267043.051508,282847.449332,282847.449283,1208.7497832606837,0.0,267043.051508,17452.76378581555,95.92278415000001,67.83003357939914,40.84128246385989,0.8273010789124566,49,64,,False,True,,1171,21.16838264042747
86,2026-09-14T02:10:34.604+00:00,2026-09-14T02:15:04.548+00:00,2026-09-14T02:15:14.114+00:00,True,145,145.0,,145.0,269944.138945,279510.407361,279510.407207,1927.6579807379312,41.224591999999994,269944.138945,22412.13506593439,95.4586782,66.43241955555555,22.709597215113863,0.5187642255221148,49,64,,False,True,,679,21.16838264042747
87,2026-09-14T02:10:39.795+00:00,2026-09-14T02:15:14.067+00:00,2026-09-14T02:15:24.145+00:00,True,149,149.0,,149.0,274272.22354000004,284349.63666,284349.63676200004,1908.3868239060405,40.941804,274272.22354000004,22463.689466293996,95.4726266,68.0906291891892,22.93054037622514,0.5240027796418848,49,64,,False,True,,686,21.16838264042747
88,2026-09-14T02:10:43.774+00:00,2026-09-14T02:15:20.630+00:00,2026-09-14T02:15:37.914+00:00,True,255,255.0,,255.0,276855.983747,294139.84217899997,294139.842151,1153.489577062745,40.177064,276855.983747,17333.14765055359,96.4121023,68.04668674015748,22.606362270902864,0.8669345781616988,49,64,,False,True,,1195,21.16838264042747
89,2026-09-14T02:10:47.962+00:00,2026-09-14T02:15:28.384+00:00,2026-09-14T02:15:44.245+00:00,True,235,235.0,,235.0,280421.525062,296282.465094,296282.46493599995,1260.7764465361702,35.485364999999994,280421.525062,18288.274830920935,96.400008,67.78179500854701,21.952373735088553,0.793162025047425,49,64,,False,True,,1305,21.16838264042747
90,2026-09-14T02:10:52.931+00:00,2026-09-14T02:15:37.680+00:00,2026-09-14T02:15:46.636+00:00,True,136,136.0,,136.0,284749.073584,293704.613552,293704.613608,2159.592747117647,32.950120999999996,284749.073584,24411.352585017958,94.68130775,66.33733309629629,21.438688149008062,0.46305026793840737,49,64,,False,True,,549,21.16838264042747
91,2026-09-14T02:10:56.837+00:00,2026-09-14T02:15:44.565+00:00,2026-09-14T02:15:52.872+00:00,True,130,130.0,,130.0,287728.281601,296035.199489,296035.199347,2277.193841130769,0.0,287728.281601,25229.846019941062,95.8327609,64.39471231007752,52.46818967182196,0.43913696825377174,49,64,,False,True,,593,21.16838264042747
92,2026-09-14T02:11:01.183+00:00,2026-09-14T02:15:52.549+00:00,2026-09-14T02:16:01.165+00:00,True,121,121.0,,121.0,291365.691661,299982.176525,299982.176404,2479.191540528926,39.712035,291365.691661,26481.27039254614,94.186261,71.80404053333334,20.51662451204266,0.40335729742902265,49,64,,False,True,,582,21.16838264042747
93,2026-09-14T02:11:06.133+00:00,2026-09-14T02:15:59.290+00:00,2026-09-14T02:16:06.147+00:00,False,99,98.0,,98.0,293157.131996,300014.0111,300014.011061,3030.444556171717,0.03588,293157.131996,29456.37524340034,89.91686589999999,69.96815412244898,20.35418547293911,0.3266514108480582,49,64,,False,False,Request timeout: 300.0s exceeded,420,21.16838264042747
94,2026-09-14T02:11:10.931+00:00,2026-09-14T02:16:04.369+00:00,2026-09-14T02:16:10.989+00:00,False,98,97.0,,97.0,293438.13054600003,300057.88939400006,300057.889344,3061.8151973877552,0.037590000000000005,293438.13054600003,29634.840432638717,88.32097184999999,68.24493657731959,20.162530830865197,0.32327095346801976,49,64,,False,False,Request timeout: 300.0s exceeded,396,21.16838264042747
95,2026-09-14T02:11:14.530+00:00,2026-09-14T02:16:08.068+00:00,2026-09-14T02:16:14.612+00:00,False,99,98.0,,98.0,293537.595983,300081.36686300003,300081.366902,3031.12491820202,0.02916,293537.595983,29494.934043866975,87.723588,66.77317224489796,19.80877411566335,0.32657809121731035,49,64,,False,False,Request timeout: 300.0s exceeded,404,21.16838264042747
96,2026-09-14T02:11:17.934+00:00,2026-09-14T02:16:11.408+00:00,2026-09-14T02:16:18.003+00:00,False,99,98.0,,98.0,293474.197696,300068.48608,300068.485947,3030.9948075454545,0.0216,293474.197696,29488.51056230044,87.27476300000001,67.28865697959183,19.9475252318661,0.3265921099554341,49,64,,False,False,Request timeout: 300.0s exceeded,434,21.16838264042747
97,2026-09-14T02:11:22.018+00:00,2026-09-14T02:16:15.897+00:00,2026-09-14T02:16:22.106+00:00,False,90,89.0,,89.0,293879.210092,300088.12810800003,300088.12823000003,3334.312535888889,0.02275,293879.210092,30970.241156672102,89.54016595000002,69.76312377528089,19.612712484446465,0.29657954335324255,49,64,,False,False,Request timeout: 300.0s exceeded,433,21.16838264042747
98,2026-09-14T02:11:25.389+00:00,2026-09-14T02:16:19.099+00:00,2026-09-14T02:16:25.457+00:00,False,96,95.0,,95.0,293709.21172,300067.13786400005,300067.13799300004,3125.69935409375,0.0389,293709.21172,29969.74689407474,87.83120725,66.92553835789474,19.932735299998487,0.3165958147774816,49,64,,False,False,Request timeout: 300.0s exceeded,466,21.16838264042747
99,2026-09-14T02:11:28.553+00:00,2026-09-14T02:16:22.741+00:00,2026-09-14T02:16:28.608+00:00,False,93,92.0,,92.0,294187.870709,300054.404085,300054.404083,3226.391441752688,0.039509999999999997,294187.870709,30499.255695645123,88.9868194,63.76666713043478,20.599463927032414,0.30661106368543106,49,64,,False,False,Request timeout: 300.0s exceeded,482,21.16838264042747
100,2026-09-14T02:11:32.624+00:00,2026-09-14T02:16:26.624+00:00,2026-09-14T02:16:32.819+00:00,False,74,73.0,,73.0,293999.41254000005,300194.351932,300194.35186900006,4056.680430662163,0.04754,293999.41254000005,34167.37341281132,90.60741850000001,84.8621834520548,186.29783672136412,0.24317579438182085,49,64,,False,False,Request timeout: 300.0s exceeded,360,21.16838264042747
101,2026-09-14T02:11:36.757+00:00,2026-09-14T02:16:30.438+00:00,2026-09-14T02:16:36.779+00:00,False,103,102.0,,102.0,293681.522166,300022.24306199996,300022.243166,2912.837312291262,0.01537,293681.522166,28931.60956353589,89.30693799999999,62.16393035294118,159.3494256502245,0.3399747930653314,49,64,,False,False,Request timeout: 300.0s exceeded,414,21.16838264042747
102,2026-09-14T02:11:41.598+00:00,2026-09-14T02:16:35.467+00:00,2026-09-14T02:16:41.933+00:00,False,93,92.0,,92.0,293869.359306,300335.420106,300335.420092,3229.4131192688174,0.04211,293869.359306,30465.55133374705,89.77403439999998,70.2832695652174,19.782709882886802,0.3063241757083785,49,64,,False,False,Request timeout: 300.0s exceeded,123,21.16838264042747
103,2026-09-14T02:11:46.738+00:00,2026-09-14T02:16:39.876+00:00,2026-09-14T02:16:46.755+00:00,False,109,108.0,,108.0,293138.00041900005,300017.098531,300017.0985220001,2752.4504451559637,0.0,293138.00041900005,28071.49360392318,88.87083000000001,63.69535288888889,61.3006155395281,0.35997948293217236,49,64,,False,False,Request timeout: 300.0s exceeded,506,21.16838264042747
104,2026-09-14T02:11:51.218+00:00,2026-09-14T02:16:44.691+00:00,2026-09-14T02:16:51.226+00:00,False,97,96.0,,96.0,293473.546899,300008.436371,300008.43651800003,3092.8704795670105,0.039130000000000005,293473.546899,29790.81960789864,90.16652500000001,68.07176533333333,20.831498004834152,0.3199910014573168,49,64,,False,False,Request timeout: 300.0s exceeded,167,21.16838264042747
105,2026-09-14T02:11:54.285+00:00,2026-09-14T02:16:47.968+00:00,2026-09-14T02:16:54.296+00:00,False,93,92.0,,92.0,293682.867858,300011.118226,300011.118094,3225.9260010107523,0.03762,293682.867858,30446.368622085414,88.99613719999999,68.78533008695652,20.118173327383193,0.30665530179016864,49,64,,False,False,Request timeout: 300.0s exceeded,388,21.16838264042747
106,2026-09-14T02:11:58.937+00:00,2026-09-14T02:16:52.810+00:00,2026-09-14T02:16:58.971+00:00,False,87,86.0,,86.0,293872.68314499996,300033.01722499996,300033.017136,3448.65536937931,0.0362,293872.68314499996,31498.78530322541,89.2289556,71.63179162790698,20.058937722316582,0.28663512034579547,49,64,,False,False,Request timeout: 300.0s exceeded,153,21.16838264042747
107,2026-09-14T02:12:03.539+00:00,2026-09-14T02:16:57.525+00:00,2026-09-14T02:17:03.585+00:00,False,92,91.0,,91.0,293985.58125499997,300045.71104699996,300045.710889,3261.3664227065215,0.02332,293985.58125499997,30643.179242415106,89.43762905,66.59483287912087,20.26197397500183,0.30328712142712655,49,64,,False,False,Request timeout: 300.0s exceeded,562,21.16838264042747
108,2026-09-14T02:12:08.065+00:00,2026-09-14T02:17:01.708+00:00,2026-09-14T02:17:08.093+00:00,False,94,93.0,,93.0,293642.341201,300027.239761,300027.23969699995,3191.7791457127655,0.05403,293642.341201,30279.820439036914,89.1608063,68.65482322580644,20.23985670874131,0.3099718548025282,49,64,,False,False,Request timeout: 300.0s exceeded,384,21.16838264042747
109,2026-09-14T02:12:11.357+00:00,2026-09-14T02:17:05.165+00:00,2026-09-14T02:17:11.403+00:00,False,89,88.0,,88.0,293808.13617,300046.081514,300046.081507,3371.304286595506,0.02501,293808.13617,31136.092223546002,89.1797914,70.88574254545455,19.359730159394008,0.29328828277297114,49,64,,False,False,Request timeout: 300.0s exceeded,436,21.16838264042747
110,2026-09-14T02:12:15.268+00:00,2026-09-14T02:17:09.280+00:00,2026-09-14T02:17:15.510+00:00,False,88,87.0,,87.0,294011.669814,300241.548086,300241.54811800004,3411.835774068182,0.0223,294011.669814,31334.121956303974,89.24661935,71.60779622988505,19.604601592272726,0.2897666913677119,49,64,,False,False,Request timeout: 300.0s exceeded,255,21.16838264042747
111,2026-09-14T02:12:18.235+00:00,2026-09-14T02:17:12.301+00:00,2026-09-14T02:17:18.244+00:00,False,88,87.0,,87.0,294066.616851,300009.267987,300009.267913,3409.1962262840907,0.03614,294066.616851,31340.331609171233,89.88221935,68.30633489655173,20.15189929877533,0.2899910412226661,49,64,,False,False,Request timeout: 300.0s exceeded,456,21.16838264042747
112,2026-09-14T02:12:22.848+00:00,2026-09-14T02:17:16.745+00:00,2026-09-14T02:17:22.859+00:00,False,91,90.0,,90.0,293897.389188,300010.47642,300010.476559,3296.818423725275,0.029199000000000003,293897.389188,30801.704015539995,88.210718,67.92319146666667,20.333716755771842,0.29998952394583844,49,64,,False,False,Request timeout: 300.0s exceeded,131,21.16838264042747
113,2026-09-14T02:12:26.961+00:00,2026-09-14T02:17:20.765+00:00,2026-09-14T02:17:27.007+00:00,False,92,91.0,,91.0,293804.054838,300045.199414,300045.199539,3261.3608645543477,0.02182,293804.054838,30624.04656090672,90.28835105,68.58400632967033,20.471109993064704,0.30328763858820795,49,64,,False,False,Request timeout: 300.0s exceeded,428,21.16838264042747
114,2026-09-14T02:12:30.979+00:00,2026-09-14T02:17:24.728+00:00,2026-09-14T02:17:31.010+00:00,False,94,93.0,,93.0,293749.202378,300030.70125800004,300030.701198,3191.8159701914897,0.03288,293749.202378,30290.956817365943,89.17492215,67.54299870967742,19.95960304484536,0.3099682786130216,49,64,,False,False,Request timeout: 300.0s exceeded,466,21.16838264042747
115,2026-09-14T02:12:35.858+00:00,2026-09-14T02:17:29.993+00:00,2026-09-14T02:17:35.880+00:00,False,84,83.0,,83.0,294134.813231,300022.29406299995,300022.29426299996,3571.6939793214283,0.05993,294134.813231,32085.00549347072,88.88812284999999,70.933504,19.374931782317287,0.2766461081141234,49,64,,False,False,Request timeout: 300.0s exceeded,426,21.16838264042747
116,2026-09-14T02:12:38.775+00:00,2026-09-14T02:17:32.828+00:00,2026-09-14T02:17:38.836+00:00,False,94,93.0,,93.0,294052.371125,300061.226421,300061.226342,3192.1407057659576,0.0,294052.371125,30322.593556200194,88.19581464999999,64.6113472688172,66.15924343443129,0.3099367456077668,49,64,,False,False,Request timeout: 300.0s exceeded,306,21.16838264042747
117,2026-09-14T02:12:42.509+00:00,2026-09-14T02:17:36.380+00:00,2026-09-14T02:17:42.594+00:00,False,95,94.0,,94.0,293870.47240499995,300085.22389299993,300085.22393599997,3158.7918309052625,0.0,293870.47240499995,30143.763596358574,91.14944600000001,66.1143775319149,66.46130246719642,0.31324434699096404,49,64,,False,False,Request timeout: 300.0s exceeded,453,21.16838264042747
118,2026-09-14T02:12:47.137+00:00,2026-09-14T02:17:41.071+00:00,2026-09-14T02:17:47.218+00:00,False,87,86.0,,86.0,293933.177562,300080.58876199997,300080.588795,3449.2021700574714,0.0275,293933.177562,31505.2867611986,89.9416923,71.48152558139535,19.52250053338805,0.28658968030820664,49,64,,False,False,Request timeout: 300.0s exceeded,427,21.16838264042747
119,2026-09-14T02:12:50.568+00:00,2026-09-14T02:17:44.491+00:00,2026-09-14T02:17:50.654+00:00,False,89,88.0,,88.0,293922.837981,300086.20668500004,300086.206742,3371.7551319325844,0.03418,293922.837981,31148.34105562305,90.11635039999999,70.03828072727273,20.36860811896038,0.293249066566973,49,64,,False,False,Request timeout: 300.0s exceeded,475,21.16838264042747
120,2026-09-14T02:12:55.526+00:00,2026-09-14T02:17:49.288+00:00,2026-09-14T02:17:55.626+00:00,False,95,94.0,,94.0,293762.222718,300100.67571,300100.675596,3158.954479957895,0.01993,293762.222718,30132.457223324775,91.08011,67.43035097872341,21.107744205721833,0.31322821842239434,49,64,,False,False,Request timeout: 300.0s exceeded,360,21.16838264042747
121,2026-09-14T02:13:00.057+00:00,2026-09-14T02:17:53.784+00:00,2026-09-14T02:18:00.107+00:00,False,94,93.0,,93.0,293726.936452,300049.345156,300049.345354,3192.014312276596,0.02225,293726.936452,30288.61498116323,88.50530535,67.98288929032259,20.09677202676932,0.3099490183911181,49,64,,False,False,Request timeout: 300.0s exceeded,350,21.16838264042747
122,2026-09-14T02:13:04.130+00:00,2026-09-14T02:17:58.101+00:00,2026-09-14T02:18:04.208+00:00,False,91,90.0,,90.0,293970.25533899997,300077.269995,300077.26995999995,3297.552417142857,0.0389,293970.25533899997,30809.348897916465,86.987776,67.8557184,19.332451211506037,0.2999227499020489,49,64,,False,False,Request timeout: 300.0s exceeded,406,21.16838264042747
123,2026-09-14T02:13:07.214+00:00,2026-09-14T02:18:00.782+00:00,2026-09-14T02:18:07.232+00:00,False,94,93.0,,93.0,293567.133451,300017.821451,300017.82145399996,3191.678951638298,0.04439,293567.133451,30271.9900703894,89.3577555,69.36223655913979,19.751567289019444,0.3099815855945381,49,64,,False,False,Request timeout: 300.0s exceeded,468,21.16838264042747
124,2026-09-14T02:13:11.099+00:00,2026-09-14T02:18:04.892+00:00,2026-09-14T02:18:11.162+00:00,False,91,90.0,,90.0,293793.007959,300062.758231,300062.758113,3297.3929462967035,0.09339,293793.007959,30790.57938974345,89.89134999999999,69.66389191111112,20.29152385390161,0.299937254894906,49,64,,False,False,Request timeout: 300.0s exceeded,265,21.16838264042747
125,2026-09-14T02:13:14.522+00:00,2026-09-14T02:18:08.228+00:00,2026-09-14T02:18:14.536+00:00,False,94,93.0,,93.0,293705.237634,300013.67769800004,300013.677608,3191.634868170213,0.02463,293705.237634,30286.3925141983,89.09312495,67.83268886021506,20.25221470400332,0.3099858670230886,49,64,,False,False,Request timeout: 300.0s exceeded,451,21.16838264042747
126,2026-09-14T02:13:18.660+00:00,2026-09-14T02:18:12.231+00:00,2026-09-14T02:18:18.713+00:00,False,99,98.0,,98.0,293571.332252,300052.688284,300052.68832899997,3030.8352356464648,0.02854,293571.332252,29498.389303894684,89.0017279,66.13628604081633,20.733128105782395,0.3266093050539276,49,64,,False,False,Request timeout: 300.0s exceeded,612,21.16838264042747
127,2026-09-14T02:13:22.811+00:00,2026-09-14T02:18:16.313+00:00,2026-09-14T02:18:22.826+00:00,False,99,98.0,,98.0,293501.733143,300014.29685499996,300014.29695499997,3030.447443989899,0.023960000000000002,293501.733143,29491.36166245399,87.265301,66.45473175510203,19.755169985521803,0.32665109972197237,49,64,,False,False,Request timeout: 300.0s exceeded,131,21.16838264042747
128,2026-09-14T02:13:26.131+00:00,2026-09-14T02:18:19.507+00:00,2026-09-14T02:18:26.185+00:00,False,101,100.0,,100.0,293376.440484,300054.16387600004,300054.163736,2970.833304316832,0.02336,293376.440484,29185.409545108283,88.74421099999999,66.77723392,20.642056743574358,0.33327316211257735,49,64,,False,False,Request timeout: 300.0s exceeded,530,21.16838264042747
129,2026-09-14T02:13:30.614+00:00,2026-09-14T02:18:24.174+00:00,2026-09-14T02:18:30.680+00:00,False,94,93.0,,93.0,293560.329393,300066.222001,300066.22203,3192.1938513829787,0.031219999999999998,293560.329393,30271.22717748861,90.93144674999999,69.95583449462366,19.931904682972956,0.3099315857007393,49,64,,False,False,Request timeout: 300.0s exceeded,422,21.16838264042747
130,2026-09-14T02:13:35.025+00:00,2026-09-14T02:18:28.907+00:00,2026-09-14T02:18:35.080+00:00,False,96,95.0,,95.0,293881.704062,300055.37855799997,300055.378652,3125.576860958333,0.0,293881.704062,29987.60915200139,95.10484975000001,64.98604732631578,63.221608674527175,0.3166082223106583,49,64,,False,False,Request timeout: 300.0s exceeded,309,21.16838264042747
131,2026-09-14T02:13:39.341+00:00,2026-09-14T02:18:32.810+00:00,2026-09-14T02:18:39.419+00:00,False,98,97.0,,97.0,293468.933691,300077.868347,300077.86844,3062.0190657142857,0.02982,293468.933691,29637.963800510173,88.95046035000001,68.13334696907216,20.90481466387152,0.32324943033730313,49,64,,False,False,Request timeout: 300.0s exceeded,468,21.16838264042747
132,2026-09-14T02:13:43.767+00:00,2026-09-14T02:18:37.630+00:00,2026-09-14T02:18:43.804+00:00,False,93,92.0,,92.0,293863.35260600003,300037.19580600003,300037.195833,3226.206406806452,0.02149,293863.35260600003,30465.258867547327,90.01661960000001,67.10699130434783,21.333135259296224,0.306628649000859,49,64,,False,False,Request timeout: 300.0s exceeded,436,21.16838264042747
133,2026-09-14T02:13:48.179+00:00,2026-09-14T02:18:42.152+00:00,2026-09-14T02:18:48.271+00:00,False,97,96.0,,96.0,293972.529553,300091.514513,300091.514467,3093.726953268041,0.03817,293972.529553,29841.923410661122,89.97673359999999,63.73942666666667,20.71557151082373,0.3199024142878298,49,64,,False,False,Request timeout: 300.0s exceeded,509,21.16838264042747
134,2026-09-14T02:13:52.484+00:00,2026-09-14T02:18:46.065+00:00,2026-09-14T02:18:52.522+00:00,False,98,97.0,,97.0,293580.828825,300037.479833,300037.47984499997,3061.6069371938775,0.03411,293580.828825,29649.425182132694,89.24080534999999,66.56341245360825,20.443419984527278,0.3232929434482316,49,64,,False,False,Request timeout: 300.0s exceeded,392,21.16838264042747
135,2026-09-14T02:13:56.998+00:00,2026-09-14T02:18:50.653+00:00,2026-09-14T02:18:57.045+00:00,False,97,96.0,,96.0,293654.667295,300046.419231,300046.419392,3093.2620555876288,0.02323,293654.667295,29809.360414421302,87.684702,66.58074933333333,19.99229777257079,0.3199504938137303,49,64,,False,False,Request timeout: 300.0s exceeded,487,21.16838264042747
136,2026-09-14T02:14:01.090+00:00,2026-09-14T02:18:54.670+00:00,2026-09-14T02:19:01.123+00:00,False,106,105.0,,105.0,293579.749113,300033.083897,300033.083869,2830.5007912169813,0.01548,293579.749113,28509.585847188566,89.4899955,61.46033127619047,181.05225404898889,0.3499614063762583,49,64,,False,False,Request timeout: 300.0s exceeded,547,21.16838264042747
137,2026-09-14T02:14:06.183+00:00,2026-09-14T02:19:00.492+00:00,2026-09-14T02:19:06.218+00:00,False,88,87.0,,87.0,294308.887467,300034.950059,300034.94995,3409.4880676136363,0.02402,294308.887467,31366.42389404655,90.81791654999999,65.81681140229885,21.332325774594803,0.28996621887847396,49,64,,False,False,Request timeout: 300.0s exceeded,466,21.16838264042747
138,2026-09-14T02:14:11.005+00:00,2026-09-14T02:19:04.504+00:00,2026-09-14T02:19:11.061+00:00,False,96,95.0,,95.0,293498.220155,300056.102267,300056.102379,3125.58439978125,0.03517,293498.220155,29947.99746014964,88.3657055,69.03033802105263,19.343923284238386,0.31660745867939655,49,64,,False,False,Request timeout: 300.0s exceeded,422,21.16838264042747
139,2026-09-14T02:14:15.178+00:00,2026-09-14T02:19:09.026+00:00,2026-09-14T02:19:15.273+00:00,False,90,89.0,,89.0,293848.86620700004,300095.83222300006,300095.83241900004,3334.398137988889,0.08518899999999999,293848.86620700004,30966.99731182071,88.53083194999999,70.19062939325842,19.19950975647769,0.2965719295090524,49,64,,False,False,Request timeout: 300.0s exceeded,457,21.16838264042747
140,2026-09-14T02:14:18.926+00:00,2026-09-14T02:19:12.976+00:00,2026-09-14T02:19:18.975+00:00,False,85,84.0,,84.0,294050.254022,300048.755398,300048.755351,3529.985357070588,0.026269999999999998,294050.254022,31886.488597842006,90.340717,71.41073066666667,19.7860372526388,0.27995450235605246,49,64,,False,False,Request timeout: 300.0s exceeded,523,21.16838264042747
141,2026-09-14T02:14:21.836+00:00,2026-09-14T02:19:15.697+00:00,2026-09-14T02:19:21.915+00:00,False,90,89.0,,89.0,293860.838796,300079.395724,300079.395599,3334.2155066555556,0.02359,293860.838796,30968.294100993415,92.06675535000001,69.87142615730338,20.94755117741002,0.2965881738906804,49,64,,False,False,Request timeout: 300.0s exceeded,447,21.16838264042747
142,2026-09-14T02:14:25.063+00:00,2026-09-14T02:19:18.549+00:00,2026-09-14T02:19:25.087+00:00,False,98,97.0,,97.0,293486.508012,300024.64049200004,300024.640471,3061.4759231734693,0.020370000000000003,293486.508012,29639.812414103777,88.47074935,67.40342762886597,20.333173091133677,0.3233067785396994,49,64,,False,False,Request timeout: 300.0s exceeded,443,21.16838264042747
143,2026-09-14T02:14:29.615+00:00,2026-09-14T02:19:23.064+00:00,2026-09-14T02:19:29.664+00:00,False,105,104.0,,104.0,293448.637973,300048.714005,300048.71397,2857.606799714286,0.0,293448.637973,28631.53612385215,90.67873619999999,63.462269538461534,65.71383331791657,0.34661038406672506,49,64,,False,False,Request timeout: 300.0s exceeded,440,21.16838264042747
144,2026-09-14T02:14:32.547+00:00,2026-09-14T02:19:26.799+00:00,2026-09-14T02:19:32.564+00:00,False,96,95.0,,95.0,294251.916927,300016.437119,300016.43704,3125.1712191666666,0.0213,294251.916927,30025.774399460486,88.95007425,60.67915991578947,20.5043248524653,0.3166493173249662,49,64,,False,False,Request timeout: 300.0s exceeded,452,21.16838264042747
145,2026-09-14T02:14:37.389+00:00,2026-09-14T02:19:31.120+00:00,2026-09-14T02:19:37.404+00:00,False,104,103.0,,103.0,293730.29032200004,300014.50869000005,300014.50848600006,2884.754889288462,0.023440000000000003,293730.29032200004,28796.64842034156,86.82361565,61.01182881553398,19.39302818960279,0.3433167297466542,49,64,,False,False,Request timeout: 300.0s exceeded,433,21.16838264042747
146,2026-09-14T02:14:41.504+00:00,2026-09-14T02:19:35.249+00:00,2026-09-14T02:19:41.547+00:00,False,93,92.0,,92.0,293745.285375,300043.816703,300043.81660599995,3226.2775979139783,0.02186,293745.285375,30452.874163867426,87.86191640000001,68.46229704347826,19.577201813697805,0.3066218828000935,49,64,,False,False,Request timeout: 300.0s exceeded,487,21.16838264042747
147,2026-09-14T02:14:44.436+00:00,2026-09-14T02:19:38.210+00:00,2026-09-14T02:19:44.454+00:00,False,92,91.0,,91.0,293773.550248,300017.365672,300017.36582,3261.058324130435,0.03403,293773.550248,30620.86266894475,87.61797404999999,68.6133563076923,19.685710862948536,0.3033157757257544,49,64,,False,False,Request timeout: 300.0s exceeded,393,21.16838264042747
148,2026-09-14T02:14:49.535+00:00,2026-09-14T02:19:43.324+00:00,2026-09-14T02:19:49.562+00:00,False,93,92.0,,92.0,293789.325362,300026.91179399996,300026.91174699995,3226.095825236559,0.0353,293789.325362,30457.509918481854,88.6078788,67.79985252173913,20.08862520233758,0.30663915930037533,49,64,,False,False,Request timeout: 300.0s exceeded,239,21.16838264042747
149,2026-09-14T02:14:52.487+00:00,2026-09-14T02:19:46.097+00:00,2026-09-14T02:19:52.539+00:00,False,100,99.0,,99.0,293609.884178,300051.299602,300051.299574,3000.51299574,0.0289,293609.884178,29354.48910881306,89.34434505000002,65.06480226262626,20.623046691844866,0.32994358008553054,49,64,,False,False,Request timeout: 300.0s exceeded,403,21.16838264042747
150,2026-09-14T02:14:56.236+00:00,2026-09-14T02:19:49.477+00:00,2026-09-14T02:19:56.243+00:00,False,100,99.0,,99.0,293240.601148,300006.198332,300006.19822099997,3000.0619822099998,0.039909999999999994,293240.601148,29317.23287164992,88.97306800000003,68.33936549494949,19.91134625851154,0.3299931819756679,49,64,,False,False,Request timeout: 300.0s exceeded,489,21.16838264042747
151,2026-09-14T02:15:00.727+00:00,2026-09-14T02:19:54.115+00:00,2026-09-14T02:20:00.810+00:00,False,102,101.0,,101.0,293388.25310399994,300083.4779359999,300083.47782399994,2941.9948806274506,0.02029,293388.25310399994,29043.209027053697,89.32685350000001,66.28935477227724,20.055796239423827,0.33657301193216876,49,64,,False,False,Request timeout: 300.0s exceeded,417,21.16838264042747
152,2026-09-14T02:15:03.952+00:00,2026-09-14T02:19:57.857+00:00,2026-09-14T02:20:04.004+00:00,False,92,91.0,,91.0,293905.056427,300052.303019,300052.302791,3261.438073815217,0.02571,293905.056427,30634.68412802033,88.63205604999999,67.55216035164834,20.239963216533777,0.3032804583880754,49,64,,False,False,Request timeout: 300.0s exceeded,429,21.16838264042747
153,2026-09-14T02:15:07.107+00:00,2026-09-14T02:20:01.019+00:00,2026-09-14T02:20:07.127+00:00,False,91,90.0,,90.0,293911.927912,300020.20413599996,300020.204018,3296.925318879121,0.02554,293911.927912,30803.23390310767,89.68149550000003,67.86973582222222,20.655229545345364,0.2999797972245988,49,64,,False,False,Request timeout: 300.0s exceeded,391,21.16838264042747
154,2026-09-14T02:15:12.058+00:00,2026-09-14T02:20:05.841+00:00,2026-09-14T02:20:12.145+00:00,False,98,97.0,,97.0,293783.379226,300087.048986,300087.04891,3062.112743979592,0.03197,293783.379226,29670.045220347612,89.42222485,64.98628618556701,20.51495482927124,0.3232395410857113,49,64,,False,False,Request timeout: 300.0s exceeded,276,21.16838264042747
155,2026-09-14T02:15:15.635+00:00,2026-09-14T02:20:09.125+00:00,2026-09-14T02:20:15.708+00:00,False,99,98.0,,98.0,293489.601391,300073.214063,300073.214153,3031.04256720202,0.031190000000000002,293489.601391,29490.070169622963,89.8852099,67.17972114285715,20.723797759496865,0.3265869641381087,49,64,,False,False,Request timeout: 300.0s exceeded,372,21.16838264042747
156,2026-09-14T02:15:20.660+00:00,2026-09-14T02:20:13.867+00:00,2026-09-14T02:20:20.686+00:00,False,100,99.0,,99.0,293206.725292,300026.02462,300026.024616,3000.26024616,0.03524,293206.725292,29313.79118919829,89.26830645000001,68.88181139393939,20.128871764011265,0.3299713754011477,49,64,,False,False,Request timeout: 300.0s exceeded,425,21.16838264042747
157,2026-09-14T02:15:25.823+00:00,2026-09-14T02:20:19.875+00:00,2026-09-14T02:20:25.884+00:00,False,93,92.0,,92.0,294051.60140100005,300061.30687300005,300061.30690600007,3226.4656656559146,0.0,294051.60140100005,30485.03359933579,89.15085160000001,65.32288556521739,68.72570345042084,0.30660401022294653,49,64,,False,False,Request timeout: 300.0s exceeded,181,21.16838264042747
158,2026-09-14T02:15:30.576+00:00,2026-09-14T02:20:24.293+00:00,2026-09-14T02:20:30.647+00:00,False,95,94.0,,94.0,293716.78709899995,300070.9310989999,300070.93096599996,3158.6413785894733,0.04346,293716.78709899995,30127.777443391307,87.764578,67.59727659574469,19.520684386664144,0.31325926725300607,49,64,,False,False,Request timeout: 300.0s exceeded,312,21.16838264042747
159,2026-09-14T02:15:35.296+00:00,2026-09-14T02:20:28.675+00:00,2026-09-14T02:20:35.380+00:00,False,97,96.0,,96.0,293379.46557,300084.487522,300084.487386,3093.654509134021,0.0325,293379.46557,29781.08652406404,89.15711399999998,69.84397866666667,19.894760751090622,0.31990990534944597,49,64,,False,False,Request timeout: 300.0s exceeded,216,21.16838264042747
160,2026-09-14T02:15:39.583+00:00,2026-09-14T02:20:33.030+00:00,2026-09-14T02:20:39.608+00:00,False,91,90.0,,90.0,293447.36627600004,300024.828036,300024.828242,3296.976134527473,0.03619,293447.36627600004,30753.9871295577,90.78310850000001,73.08290844444444,19.084974945107593,0.2999751740186012,49,64,,False,False,Request timeout: 300.0s exceeded,354,21.16838264042747
161,2026-09-14T02:15:42.619+00:00,2026-09-14T02:20:36.451+00:00,2026-09-14T02:20:42.625+00:00,False,86,85.0,,85.0,293831.479817,300005.992713,300005.992684,3488.4417753953485,0.03265,293831.479817,31676.83575715898,89.93609975,72.64132818823529,18.862373967720888,0.28332767366188927,49,64,,False,False,Request timeout: 300.0s exceeded,436,21.16838264042747
162,2026-09-14T02:15:46.233+00:00,2026-09-14T02:20:40.122+00:00,2026-09-14T02:20:46.300+00:00,False,91,90.0,,90.0,293889.297411,300066.71718700003,300066.717191,3297.436452648352,0.04285,293889.297411,30800.78079770644,89.041967,68.63799751111111,20.276307519807386,0.2999332976469778,49,64,,False,False,Request timeout: 300.0s exceeded,418,21.16838264042747
163,2026-09-14T02:15:49.789+00:00,2026-09-14T02:20:43.788+00:00,2026-09-14T02:20:49.795+00:00,False,87,86.0,,86.0,293999.358343,300006.430855,300006.430914,3448.3497806206897,0.023739999999999997,293999.358343,31512.557807679445,89.15655000000001,69.84968037209302,20.743830304662243,0.28666052175916784,49,64,,False,False,Request timeout: 300.0s exceeded,404,21.16838264042747
164,2026-09-14T02:15:53.190+00:00,2026-09-14T02:20:47.038+00:00,2026-09-14T02:20:53.257+00:00,False,93,92.0,,92.0,293848.555005,300066.85106899997,300066.851169,3226.5252813870966,0.03543,293848.555005,30463.675149192695,92.780136,67.59017460869566,22.49247524191194,0.3065983452428896,49,64,,False,False,Request timeout: 300.0s exceeded,386,21.16838264042747
165,2026-09-14T02:15:57.292+00:00,2026-09-14T02:20:50.929+00:00,2026-09-14T02:20:57.358+00:00,False,95,94.0,,94.0,293636.704141,300066.024333,300066.024098,3158.5897273473684,0.01992,293636.704141,30119.479192155308,89.080419,68.39702331914894,19.733709632392546,0.31326438975871174,49,64,,False,False,Request timeout: 300.0s exceeded,406,21.16838264042747
166,2026-09-14T02:16:00.605+00:00,2026-09-14T02:20:54.230+00:00,2026-09-14T02:21:00.639+00:00,False,93,92.0,,92.0,293625.299498,300034.90129,300034.901167,3226.181732978495,0.0611,293625.299498,30440.307161936624,89.2700992,69.66958469565218,19.797946971636687,0.30663099394252474,49,64,,False,False,Request timeout: 300.0s exceeded,386,21.16838264042747
167,2026-09-14T02:16:05.548+00:00,2026-09-14T02:20:59.274+00:00,2026-09-14T02:21:05.571+00:00,False,95,94.0,,94.0,293726.191926,300022.957366,300022.957573,3158.136395505263,0.03971,293726.191926,30128.805589530275,89.14092980000001,66.98686638297872,20.442819391584173,0.3133093574746974,49,64,,False,False,Request timeout: 300.0s exceeded,450,21.16838264042747
168,2026-09-14T02:16:10.742+00:00,2026-09-14T02:21:04.309+00:00,2026-09-14T02:21:10.751+00:00,False,96,95.0,,95.0,293567.140153,300009.236537,300009.23637400003,3125.0962122291667,0.03875,293567.140153,29955.156978289426,89.8356005,67.81154088421053,20.862659423997737,0.3166569172888905,49,64,,False,False,Request timeout: 300.0s exceeded,461,21.16838264042747
169,2026-09-14T02:16:15.187+00:00,2026-09-14T02:21:08.789+00:00,2026-09-14T02:21:15.211+00:00,False,94,93.0,,93.0,293602.102787,300024.185347,300024.185309,3191.7466522234045,0.036878999999999995,293602.102787,30275.628961879826,89.14340700000001,69.05465118279571,20.29506491040529,0.3099750104893666,49,64,,False,False,Request timeout: 300.0s exceeded,363,21.16838264042747
170,2026-09-14T02:16:18.354+00:00,2026-09-14T02:21:12.350+00:00,2026-09-14T02:21:18.428+00:00,False,95,94.0,,94.0,293996.173138,300074.77205,300074.772147,3158.6818120736843,0.0,293996.173138,30156.81311807958,91.04048309999999,64.66594587234043,68.41572166231131,0.31325525754073463,49,64,,False,False,Request timeout: 300.0s exceeded,419,21.16838264042747
171,2026-09-14T02:16:23.628+00:00,2026-09-14T02:21:17.604+00:00,2026-09-14T02:21:23.654+00:00,False,94,93.0,,93.0,293975.851632,300025.505392,300025.505303,3191.760694712766,0.03475,293975.851632,30314.59137898898,90.2001818,65.05004043010753,20.492976293001256,0.3099736466687735,49,64,,False,False,Request timeout: 300.0s exceeded,385,21.16838264042747
172,2026-09-14T02:16:27.278+00:00,2026-09-14T02:21:20.952+00:00,2026-09-14T02:21:27.340+00:00,False,94,93.0,,93.0,293674.20103399997,300061.352906,300061.352961,3192.1420527765954,0.02469,293674.20103399997,30283.10325505725,87.14415715,68.67905238709677,19.031738096948704,0.30993661495998803,49,64,,False,False,Request timeout: 300.0s exceeded,391,21.16838264042747
173,2026-09-14T02:16:30.997+00:00,2026-09-14T02:21:24.504+00:00,2026-09-14T02:21:31.018+00:00,False,96,95.0,,95.0,293507.189642,300021.22689,300021.22668,3125.22111125,0.02535,293507.189642,29948.960211551374,88.77110199999998,68.5688131368421,19.65843561819448,0.31664426209026497,49,64,,False,False,Request timeout: 300.0s exceeded,451,21.16838264042747
174,2026-09-14T02:16:35.673+00:00,2026-09-14T02:21:29.460+00:00,2026-09-14T02:21:35.739+00:00,False,97,96.0,,96.0,293787.133508,300065.683268,300065.683354,3093.4606531340205,0.02628,293787.133508,29822.93093758016,92.7960188,65.40156,21.293677937201693,0.3199299531838126,49,64,,False,False,Request timeout: 300.0s exceeded,433,21.16838264042747
175,2026-09-14T02:16:39.040+00:00,2026-09-14T02:21:34.074+00:00,2026-09-14T02:21:39.104+00:00,False,74,73.0,,73.0,295034.440987,300063.897627,300063.897651,4054.9175358243247,0.02897,295034.440987,34289.05366667991,89.63054465,68.89666630136986,19.78290737657359,0.24328151629471934,49,64,,False,False,Request timeout: 300.0s exceeded,306,21.16838264042747
176,2026-09-14T02:16:42.752+00:00,2026-09-14T02:21:36.652+00:00,2026-09-14T02:21:42.817+00:00,False,94,93.0,,93.0,293900.329246,300065.15433399996,300065.15433299995,3192.182492904255,0.037630000000000004,293900.329246,30306.673643652175,87.27707865,66.28844180645162,19.78351933243352,0.30993268847365896,49,64,,False,False,Request timeout: 300.0s exceeded,428,21.16838264042747
177,2026-09-14T02:16:45.886+00:00,2026-09-14T02:21:39.431+00:00,2026-09-14T02:21:46.350+00:00,False,78,77.0,,77.0,293545.294629,300464.414245,300464.414093,3852.1078729871797,0.062369999999999995,293545.294629,33228.07466979942,91.0259507,89.85869631168832,230.57294709944773,0.2562699486176551,49,64,,False,False,Request timeout: 300.0s exceeded,420,21.16838264042747
178,2026-09-14T02:16:51.125+00:00,2026-09-14T02:21:46.456+00:00,2026-09-14T02:21:51.166+00:00,False,71,70.0,,70.0,295331.50875800004,300041.453846,300041.45387800003,4225.935970112677,0.02479,295331.50875800004,35041.422689156825,87.56342949999998,67.28492982857142,20.95006510914982,0.23330109590766201,49,64,,False,False,Request timeout: 300.0s exceeded,326,21.16838264042747
179,2026-09-14T02:16:54.542+00:00,2026-09-14T02:21:48.425+00:00,2026-09-14T02:21:54.623+00:00,False,92,91.0,,91.0,293882.330663,300080.301607,300080.301549,3261.742408141304,0.03612,293882.330663,30632.255984718242,88.06001505,68.1095708131868,19.130910862044868,0.30325216121376103,49,64,,False,False,Request timeout: 300.0s exceeded,418,21.16838264042747
180,2026-09-14T02:16:57.864+00:00,2026-09-14T02:21:51.576+00:00,2026-09-14T02:21:57.939+00:00,False,94,93.0,,93.0,293711.71351599996,300075.325676,300075.32553299994,3192.290697159574,0.02197,293711.71351599996,30286.99906920978,89.13804180000001,68.42593720430108,19.95947470587622,0.30992218300685875,49,64,,False,False,Request timeout: 300.0s exceeded,448,21.16838264042747
181,2026-09-14T02:17:02.387+00:00,2026-09-14T02:21:56.207+00:00,2026-09-14T02:22:02.409+00:00,False,92,91.0,,91.0,293820.563354,300021.93346599996,300021.933584,3261.10797373913,0.02059,293820.563354,30625.813002921117,87.83386505,68.1469243076923,20.076558828334356,0.30331115778344453,49,64,,False,False,Request timeout: 300.0s exceeded,449,21.16838264042747
182,2026-09-14T02:17:06.966+00:00,2026-09-14T02:22:00.815+00:00,2026-09-14T02:22:06.981+00:00,False,92,91.0,,91.0,293848.816513,300015.237505,300015.237417,3261.0351893152174,0.02794,293848.816513,30628.798864926986,88.29582450000002,67.76286804395605,20.42269392302026,0.3033179273052203,49,64,,False,False,Request timeout: 300.0s exceeded,416,21.16838264042747
183,2026-09-14T02:17:12.106+00:00,2026-09-14T02:22:05.816+00:00,2026-09-14T02:22:12.291+00:00,False,90,89.0,,89.0,293710.417267,300185.524851,300185.524889,3335.394720988889,0.040119999999999996,293710.417267,30952.19854774723,89.1653839,72.75401779775281,66.7307495926541,0.2964833165895525,49,64,,False,False,Request timeout: 300.0s exceeded,442,21.16838264042747
184,2026-09-14T02:17:16.159+00:00,2026-09-14T02:22:09.943+00:00,2026-09-14T02:22:16.196+00:00,False,102,101.0,,101.0,293783.33122899994,300036.69494099997,300036.69499899994,2941.5362254803917,0.0,293783.33122899994,29082.828174656443,88.48640255000001,61.9144921980198,66.05177757275709,0.3366254918247947,49,64,,False,False,Request timeout: 300.0s exceeded,451,21.16838264042747
185,2026-09-14T02:17:21.027+00:00,2026-09-14T02:22:14.460+00:00,2026-09-14T02:22:21.062+00:00,False,98,97.0,,97.0,293433.13160900003,300035.15708100004,300035.15718200005,3061.583236551021,0.038810000000000004,293433.13160900003,29634.35374812568,87.39283275,68.06211826804123,19.88891551490777,0.3232954462526972,49,64,,False,False,Request timeout: 300.0s exceeded,386,21.16838264042747
186,2026-09-14T02:17:25.339+00:00,2026-09-14T02:22:18.852+00:00,2026-09-14T02:22:25.389+00:00,False,97,96.0,,96.0,293513.07784600003,300050.12949400005,300050.12932600005,3093.300302329897,0.038590000000000006,293513.07784600003,29794.83075399033,90.49531299999998,68.094288,20.354879248379632,0.3199465374732314,49,64,,False,False,Request timeout: 300.0s exceeded,446,21.16838264042747
187,2026-09-14T02:17:28.672+00:00,2026-09-14T02:22:22.522+00:00,2026-09-14T02:22:28.715+00:00,False,94,93.0,,93.0,293849.51078899996,300042.83712499996,300042.837136,3191.945075914893,0.0421,293849.51078899996,30301.40093086486,88.6246863,66.59490683870968,20.422251957762054,0.3099557412905529,49,64,,False,False,Request timeout: 300.0s exceeded,398,21.16838264042747
188,2026-09-14T02:17:33.594+00:00,2026-09-14T02:22:27.128+00:00,2026-09-14T02:22:33.614+00:00,False,95,94.0,,94.0,293533.785515,300019.850923,300019.850874,3158.1036934105264,0.023780000000000003,293533.785515,30108.858792155224,90.08242179999999,69.00069582978723,20.87528812578868,0.3133126015189077,49,64,,False,False,Request timeout: 300.0s exceeded,447,21.16838264042747
189,2026-09-14T02:17:37.562+00:00,2026-09-14T02:22:31.188+00:00,2026-09-14T02:22:37.719+00:00,False,96,95.0,,95.0,293625.97123799997,300157.425702,300157.425641,3126.639850427083,0.03656,293625.97123799997,29961.065464410352,90.84555275000001,68.75215225263157,20.958131795940417,0.316500582245522,49,64,,False,False,Request timeout: 300.0s exceeded,212,21.16838264042747
190,2026-09-14T02:17:41.711+00:00,2026-09-14T02:22:35.511+00:00,2026-09-14T02:22:41.752+00:00,False,89,88.0,,88.0,293800.024369,300040.748593,300040.74866499996,3371.244367022472,0.048670000000000005,293800.024369,31135.230302644846,93.0545372,70.91732072727274,21.333957602237202,0.2932934956757172,49,64,,False,False,Request timeout: 300.0s exceeded,360,21.16838264042747
191,2026-09-14T02:17:45.364+00:00,2026-09-14T02:22:39.301+00:00,2026-09-14T02:22:45.445+00:00,False,88,87.0,,87.0,293937.080495,300080.581039,300080.580987,3410.006602125,0.024640000000000002,293937.080495,31326.277284526645,90.62522485,70.61494878160919,20.761516908808883,0.2899221259128828,49,64,,False,False,Request timeout: 300.0s exceeded,412,21.16838264042747
192,2026-09-14T02:17:49.240+00:00,2026-09-14T02:22:42.802+00:00,2026-09-14T02:22:49.290+00:00,False,96,95.0,,95.0,293561.74114399997,300049.29544799996,300049.29553999996,3125.513495208333,0.02265,293561.74114399997,29954.556692442056,90.76103275,68.29004530526316,20.252227824236396,0.31661464113140697,49,64,,False,False,Request timeout: 300.0s exceeded,295,21.16838264042747
193,2026-09-14T02:17:54.329+00:00,2026-09-14T02:22:48.148+00:00,2026-09-14T02:22:54.384+00:00,False,94,93.0,,93.0,293818.85158099997,300054.73458899994,300054.734579,3192.0716444574464,0.02489,293818.85158099997,30298.190585606295,87.1282073,67.05250546236559,19.03685723839265,0.30994345124194345,49,64,,False,False,Request timeout: 300.0s exceeded,409,21.16838264042747
194,2026-09-14T02:17:57.232+00:00,2026-09-14T02:22:50.965+00:00,2026-09-14T02:22:57.259+00:00,False,96,95.0,,95.0,293733.349537,300026.958241,300026.958103,3125.2808135729165,0.02082,293733.349537,29972.280147111236,89.49170525,66.2485126736842,20.82319585990144,0.3166382133024533,49,64,,False,False,Request timeout: 300.0s exceeded,467,21.16838264042747
195,2026-09-14T02:18:01.146+00:00,2026-09-14T02:22:54.853+00:00,2026-09-14T02:23:01.184+00:00,False,92,91.0,,91.0,293707.07728100003,300037.45577700005,300037.45582900004,3261.2766937934784,0.02325,293707.07728100003,30613.83367644964,90.10879055,69.56459885714285,20.404896359369697,0.30329546610885433,49,64,,False,False,Request timeout: 300.0s exceeded,350,21.16838264042747
196,2026-09-14T02:18:06.093+00:00,2026-09-14T02:22:59.704+00:00,2026-09-14T02:23:06.434+00:00,False,92,91.0,,91.0,293611.87770099996,300341.84326899995,300341.843235,3264.5852525543473,0.037899999999999996,293611.87770099996,30603.51353147562,88.44953405,73.95566558241758,65.64117326811166,0.30298808520828124,49,64,,False,False,Request timeout: 300.0s exceeded,443,21.16838264042747
197,2026-09-14T02:18:09.676+00:00,2026-09-14T02:23:03.545+00:00,2026-09-14T02:23:09.713+00:00,False,97,96.0,,96.0,293869.35598299996,300037.13172699994,300037.131724,3093.166306432989,0.0,293869.35598299996,29831.465338210823,89.6382926,64.247664,67.84044827265821,0.3199603977262028,49,64,,False,False,Request timeout: 300.0s exceeded,461,21.16838264042747
198,2026-09-14T02:18:14.008+00:00,2026-09-14T02:23:07.876+00:00,2026-09-14T02:23:14.041+00:00,False,90,89.0,,89.0,293868.38149299996,300033.307445,300033.30743999995,3333.7034159999994,0.0211,293868.38149299996,30969.15196914869,88.69444595,69.26883092134833,19.840748996269312,0.29663373296084755,49,64,,False,False,Request timeout: 300.0s exceeded,434,21.16838264042747
199,2026-09-14T02:18:17.487+00:00,2026-09-14T02:23:10.808+00:00,2026-09-14T02:23:17.520+00:00,False,96,95.0,,95.0,293321.152745,300033.169897,300033.16990700003,3125.345519864584,0.02052,293321.152745,29929.76024734374,89.2881385,70.6528121263158,19.72062934974687,0.31663165786840525,49,64,,False,False,Request timeout: 300.0s exceeded,521,21.16838264042747
200,2026-09-14T02:18:22.468+00:00,2026-09-14T02:23:15.902+00:00,2026-09-14T02:23:22.481+00:00,False,98,97.0,,97.0,293434.92965299997,300012.98891699995,300012.98875799996,3061.357028142857,0.02187,293434.92965299997,29634.56116759032,89.68073000000003,67.81504395876289,21.103073906056565,0.3233193347733205,49,64,,False,False,Request timeout: 300.0s exceeded,609,21.16838264042747
201,2026-09-14T02:18:27.633+00:00,2026-09-14T02:23:21.488+00:00,2026-09-14T02:23:27.665+00:00,False,91,90.0,,90.0,293855.16903399996,300032.425482,300032.42551599996,3297.0596210549447,0.02597,293855.16903399996,30797.203272952767,90.2479195,68.63618275555555,20.13801825408722,0.2999675780223275,49,64,,False,False,Request timeout: 300.0s exceeded,407,21.16838264042747
202,2026-09-14T02:18:31.866+00:00,2026-09-14T02:23:25.354+00:00,2026-09-14T02:23:31.941+00:00,False,101,100.0,,100.0,293488.52907499997,300075.67429099994,300075.67433999997,2971.046280594059,0.026420000000000003,293488.52907499997,29196.653188204822,91.215757,65.87145215999999,21.046354168239546,0.3332492719920525,49,64,,False,False,Request timeout: 300.0s exceeded,478,21.16838264042747
203,2026-09-14T02:18:36.115+00:00,2026-09-14T02:23:29.511+00:00,2026-09-14T02:23:36.138+00:00,False,100,99.0,,99.0,293395.251909,300022.87789299997,300022.877919,3000.22877919,0.023039999999999998,293395.251909,29332.83817624484,92.15045645000001,66.945717010101,21.162806142361614,0.3299748362366796,49,64,,False,False,Request timeout: 300.0s exceeded,480,21.16838264042747
204,2026-09-14T02:18:39.650+00:00,2026-09-14T02:23:33.184+00:00,2026-09-14T02:23:39.724+00:00,False,98,97.0,,97.0,293534.42155,300074.07390200003,300074.073877,3061.980345683674,0.03399,293534.42155,29644.65089992459,89.0500907,67.41909641237113,20.438247039739597,0.323253517835329,49,64,,False,False,Request timeout: 300.0s exceeded,495,21.16838264042747
205,2026-09-14T02:18:43.631+00:00,2026-09-14T02:23:36.820+00:00,2026-09-14T02:23:43.642+00:00,False,102,101.0,,101.0,293188.556518,300010.980838,300010.98076600005,2941.284125156863,0.039979,293188.556518,29023.310684672328,87.20470060000001,67.54875564356436,18.944319787626814,0.33665434417728196,49,64,,False,False,Request timeout: 300.0s exceeded,428,21.16838264042747
206,2026-09-14T02:18:47.175+00:00,2026-09-14T02:23:40.669+00:00,2026-09-14T02:23:47.191+00:00,False,99,98.0,,98.0,293493.8236,300015.97912000003,300015.979123,3030.4644355858586,0.032729999999999995,293493.8236,29490.556705184077,86.0568339,66.55260734693877,19.479223895582834,0.3266492681071566,49,64,,False,False,Request timeout: 300.0s exceeded,486,21.16838264042747
207,2026-09-14T02:18:50.598+00:00,2026-09-14T02:23:44.416+00:00,2026-09-14T02:23:50.622+00:00,False,92,91.0,,91.0,293817.854332,300024.17215600004,300024.172302,3261.1323076304348,0.044719999999999996,293817.854332,30625.524590381785,88.050606,68.20129476923077,19.59419284012808,0.30330889456694776,49,64,,False,False,Request timeout: 300.0s exceeded,393,21.16838264042747
208,2026-09-14T02:18:53.789+00:00,2026-09-14T02:23:47.483+00:00,2026-09-14T02:23:53.857+00:00,False,93,92.0,,92.0,293694.597279,300068.668831,300068.66900399997,3226.5448279999996,0.028969,293694.597279,30447.53338202978,88.31755559999999,69.28338643478261,20.304390085167654,0.30659648792528493,49,64,,False,False,Request timeout: 300.0s exceeded,310,21.16838264042747
209,2026-09-14T02:18:59.334+00:00,2026-09-14T02:23:51.917+00:00,2026-09-14T02:23:59.373+00:00,False,113,112.0,,112.0,292583.303756,300038.817868,300038.818019,2655.2107789292036,0.031429,292583.303756,27517.667601084315,90.57251059999999,66.56709028571429,20.742489096223764,0.37328503290288795,49,64,,False,False,Request timeout: 300.0s exceeded,368,21.16838264042747
210,2026-09-14T02:19:00.858+00:00,2026-09-14T02:23:54.987+00:00,2026-09-14T02:24:01.353+00:00,False,94,93.0,,93.0,294128.725045,300495.138869,300495.13878900005,3196.75679562766,0.04494,294128.725045,30330.070627582903,91.34675845,68.45606262365591,65.38332801050441,0.30948919955920845,49,64,,False,False,Request timeout: 300.0s exceeded,476,21.16838264042747
211,2026-09-14T02:19:05.180+00:00,2026-09-14T02:24:00.313+00:00,2026-09-14T02:24:05.211+00:00,False,77,76.0,,76.0,295133.05611199996,300031.073904,300031.07402899995,3896.5074549220776,0.0,295133.05611199996,33626.27417687867,95.3729326,64.44760252631579,76.31361842729622,0.2533070958654019,49,64,,False,False,Request timeout: 300.0s exceeded,396,21.16838264042747
212,2026-09-14T02:19:09.256+00:00,2026-09-14T02:24:03.341+00:00,2026-09-14T02:24:09.289+00:00,False,91,90.0,,90.0,294085.035057,300032.985649,300032.985645,3297.0657763186814,0.04838,294085.035057,30821.567004968496,89.425066,66.0883399111111,20.359621559535395,0.2999670179774448,49,64,,False,False,Request timeout: 300.0s exceeded,431,21.16838264042747
213,2026-09-14T02:19:13.388+00:00,2026-09-14T02:24:07.300+00:00,2026-09-14T02:24:13.404+00:00,False,93,92.0,,92.0,293911.15520499996,300015.96672499995,300015.96657199995,3225.978135182795,0.023149999999999997,293911.15520499996,30470.292720307363,88.17077760000001,66.35664695652174,20.065297890949754,0.30665034599418123,49,64,,False,False,Request timeout: 300.0s exceeded,434,21.16838264042747
214,2026-09-14T02:19:18.293+00:00,2026-09-14T02:24:12.245+00:00,2026-09-14T02:24:18.316+00:00,False,90,89.0,,89.0,293952.08522899996,300022.78500499995,300022.78500999993,3333.5865001111106,0.03572,293952.08522899996,30978.086974612914,88.99065,68.21010984269662,20.246839093173154,0.29664413653955246,49,64,,False,False,Request timeout: 300.0s exceeded,413,21.16838264042747
215,2026-09-14T02:19:21.858+00:00,2026-09-14T02:24:15.248+00:00,2026-09-14T02:24:21.866+00:00,False,97,96.0,,96.0,293389.526244,300007.9521,300007.95189900004,3092.8654834948456,0.02207,293389.526244,29782.19949539083,89.0097538,68.941936,19.706695748863407,0.3199915179848328,49,64,,False,False,Request timeout: 300.0s exceeded,363,21.16838264042747
216,2026-09-14T02:19:26.838+00:00,2026-09-14T02:24:20.339+00:00,2026-09-14T02:24:26.903+00:00,False,97,96.0,,96.0,293500.766461,300065.32479700004,300065.324669,3093.4569553505157,0.037759999999999995,293500.766461,29793.551397616884,89.09849039999999,68.380816,20.008245002477032,0.3199303353859559,49,64,,False,False,Request timeout: 300.0s exceeded,459,21.16838264042747
217,2026-09-14T02:19:30.126+00:00,2026-09-14T02:24:23.684+00:00,2026-09-14T02:24:30.185+00:00,False,98,97.0,,97.0,293558.079839,300058.997343,300058.997341,3061.826503479592,0.03626,293558.079839,29647.080817897724,90.02890684999998,67.01976808247423,20.041913541666307,0.32326975981032974,49,64,,False,False,Request timeout: 300.0s exceeded,473,21.16838264042747
218,2026-09-14T02:19:35.050+00:00,2026-09-14T02:24:28.549+00:00,2026-09-14T02:24:35.078+00:00,False,99,98.0,,98.0,293499.600145,300028.430097,300028.42994799995,3030.5902014949493,0.04106,293499.600145,29491.130509792114,88.04957,66.62071379591836,19.60865428258274,0.32663571238337763,49,64,,False,False,Request timeout: 300.0s exceeded,470,21.16838264042747
219,2026-09-14T02:19:39.676+00:00,2026-09-14T02:24:33.278+00:00,2026-09-14T02:24:39.721+00:00,False,94,93.0,,93.0,293601.831936,300044.942848,300044.943009,3191.9674788191487,0.039299,293601.831936,30275.577195625843,88.3391763,69.28076249462366,19.51352424262313,0.3099535660133187,49,64,,False,False,Request timeout: 300.0s exceeded,397,21.16838264042747
220,2026-09-14T02:19:44.867+00:00,2026-09-14T02:24:38.373+00:00,2026-09-14T02:24:44.907+00:00,False,93,92.0,,92.0,293506.672769,300040.635777,300040.635651,3226.243394096774,0.038729999999999994,293506.672769,30427.86626362019,89.853701,71.02133704347827,20.240524794168152,0.3066251334981753,49,64,,False,False,Request timeout: 300.0s exceeded,450,21.16838264042747
221,2026-09-14T02:19:47.956+00:00,2026-09-14T02:24:41.830+00:00,2026-09-14T02:24:48.002+00:00,False,101,100.0,,100.0,293873.83353500004,300045.32358300005,300045.32359200006,2970.7457781386142,0.01541,293873.83353500004,29236.260222250596,90.08897900000002,61.71490048,225.6001418944244,0.33328298140376617,49,64,,False,False,Request timeout: 300.0s exceeded,448,21.16838264042747
222,2026-09-14T02:19:51.137+00:00,2026-09-14T02:24:45.098+00:00,2026-09-14T02:24:51.191+00:00,False,103,102.0,,102.0,293960.731152,300053.79483200004,300053.79469500005,2913.143637815534,0.015439999999999999,293960.731152,28959.703018418826,91.21370189999999,59.735918431372546,213.25060179963137,0.33993904345422377,49,64,,False,False,Request timeout: 300.0s exceeded,488,21.16838264042747
223,2026-09-14T02:19:55.910+00:00,2026-09-14T02:24:49.526+00:00,2026-09-14T02:24:55.927+00:00,False,92,91.0,,91.0,293616.32707999996,300016.966568,300016.96656299994,3261.0539843804345,0.04209,293616.32707999996,30604.29165606479,91.0328815,70.33669767032967,20.155901890567126,0.30331617921806603,49,64,,False,False,Request timeout: 300.0s exceeded,445,21.16838264042747
224,2026-09-14T02:19:59.634+00:00,2026-09-14T02:24:53.423+00:00,2026-09-14T02:24:59.707+00:00,False,96,95.0,,95.0,293788.517487,300073.243247,300073.243265,3125.762950677083,0.0,293788.517487,29977.99107139647,87.91831075,66.155008,68.74075023959428,0.31658937322113195,49,64,,False,False,Request timeout: 300.0s exceeded,408,21.16838264042747
225,2026-09-14T02:20:03.041+00:00,2026-09-14T02:24:57.167+00:00,2026-09-14T02:25:03.105+00:00,False,90,89.0,,89.0,294126.03730699996,300064.74450699997,300064.744447,3334.0527160777774,0.02404,294126.03730699996,30996.578993152507,86.89469849999999,66.72704719101124,19.513296287480404,0.29660265535768,49,64,,False,False,Request timeout: 300.0s exceeded,407,21.16838264042747
226,2026-09-14T02:20:06.798+00:00,2026-09-14T02:25:00.465+00:00,2026-09-14T02:25:06.839+00:00,False,96,95.0,,95.0,293666.507099,300041.05173899996,300041.05180799996,3125.4276229999996,0.02247,293666.507099,29965.37055694565,88.70468525,67.10046989473685,19.990183976023268,0.3166233402042555,49,64,,False,False,Request timeout: 300.0s exceeded,498,21.16838264042747
227,2026-09-14T02:20:09.665+00:00,2026-09-14T02:25:03.634+00:00,2026-09-14T02:25:09.692+00:00,False,90,89.0,,89.0,293969.30623299995,300026.97816899995,300026.9781199999,3333.6330902222217,0.02305,293969.30623299995,30979.917186238636,89.0912274,68.06372961797753,19.504222281319098,0.296639990654,49,64,,False,False,Request timeout: 300.0s exceeded,445,21.16838264042747
228,2026-09-14T02:20:14.523+00:00,2026-09-14T02:25:08.377+00:00,2026-09-14T02:25:14.558+00:00,False,90,89.0,,89.0,293853.90792900004,300034.73378500005,300034.73367700004,3333.719263077778,0.025068999999999998,293853.90792900004,30967.60740477634,88.6974814,69.44748152808988,19.70488355914899,0.2966323227889206,49,64,,False,False,Request timeout: 300.0s exceeded,365,21.16838264042747
229,2026-09-14T02:20:18.284+00:00,2026-09-14T02:25:12.059+00:00,2026-09-14T02:25:18.334+00:00,False,90,89.0,,89.0,293774.767799,300049.670071,300049.670119,3333.8852235444447,0.02569,293774.767799,30959.154398617382,89.92962895000001,70.50451991011236,20.50863607782277,0.2966175566163434,49,64,,False,False,Request timeout: 300.0s exceeded,415,21.16838264042747
230,2026-09-14T02:20:21.212+00:00,2026-09-14T02:25:14.907+00:00,2026-09-14T02:25:21.248+00:00,False,90,89.0,,89.0,293695.092141,300036.024237,300036.02416,3333.7336017777775,0.038009999999999995,293695.092141,30950.677449598705,91.75171475,71.24642804494383,20.20842499869496,0.29663104697620724,49,64,,False,False,Request timeout: 300.0s exceeded,198,21.16838264042747
231,2026-09-14T02:20:25.601+00:00,2026-09-14T02:25:19.104+00:00,2026-09-14T02:25:25.684+00:00,False,101,100.0,,100.0,293502.46973,300083.09693,300083.096972,2971.119772,0.03682,293502.46973,29198.0466544628,88.869882,65.806272,20.812333256654714,0.3332410289784728,49,64,,False,False,Request timeout: 300.0s exceeded,531,21.16838264042747
232,2026-09-14T02:20:30.771+00:00,2026-09-14T02:25:24.471+00:00,2026-09-14T02:25:30.785+00:00,False,89,88.0,,88.0,293699.418057,300014.10682499997,300014.106765,3370.9450198314603,0.02173,293699.418057,31124.47609652428,90.24531719999999,71.75782690909091,20.012812186111372,0.2933195406419037,49,64,,False,False,Request timeout: 300.0s exceeded,435,21.16838264042747
233,2026-09-14T02:20:33.922+00:00,2026-09-14T02:25:27.944+00:00,2026-09-14T02:25:33.940+00:00,False,85,84.0,,84.0,294022.693307,300018.250939,300018.251037,3529.626482788235,0.076349,294022.693307,31883.50359785058,91.9085302,71.3756860952381,20.706879574649715,0.2799829668265047,49,64,,False,False,Request timeout: 300.0s exceeded,398,21.16838264042747
234,2026-09-14T02:20:39.067+00:00,2026-09-14T02:25:33.055+00:00,2026-09-14T02:25:39.123+00:00,False,88,87.0,,87.0,293988.11047500005,300056.18906700006,300056.18908000004,3409.729421363637,0.05794,293988.11047500005,31331.808755522492,89.26967669999998,69.74802979310344,19.573776554208788,0.2899456940732311,49,64,,False,False,Request timeout: 300.0s exceeded,476,21.16838264042747
235,2026-09-14T02:20:42.659+00:00,2026-09-14T02:25:36.550+00:00,2026-09-14T02:25:42.677+00:00,False,90,89.0,,89.0,293890.75131300004,300017.94440100004,300017.94439300004,3333.5327154777783,0.02228,293890.75131300004,30971.554537418902,87.30181595,68.84486615730337,19.670905923068812,0.2966489227092489,49,64,,False,False,Request timeout: 300.0s exceeded,467,21.16838264042747
236,2026-09-14T02:20:45.595+00:00,2026-09-14T02:25:39.207+00:00,2026-09-14T02:25:45.683+00:00,False,98,97.0,,97.0,293611.94295399997,300087.59095399996,300087.59077999997,3062.118273265306,0.025,293611.94295399997,29652.54882319575,89.55335535,66.75925773195875,21.05467696771629,0.3232389573045325,49,64,,False,False,Request timeout: 300.0s exceeded,442,21.16838264042747
237,2026-09-14T02:20:49.680+00:00,2026-09-14T02:25:43.845+00:00,2026-09-14T02:25:49.742+00:00,False,84,83.0,,83.0,294164.760139,300062.40237900004,300062.402437,3572.1714575833334,0.027469999999999998,294164.760139,32088.25997966342,91.38969565000001,71.05593060240965,19.983758108378805,0.2766091297741632,49,64,,False,False,Request timeout: 300.0s exceeded,373,21.16838264042747
238,2026-09-14T02:20:54.836+00:00,2026-09-14T02:25:48.772+00:00,2026-09-14T02:25:54.902+00:00,False,96,95.0,,95.0,293935.276101,300065.984581,300065.98454200005,3125.6873389791667,0.0,293935.276101,29993.136417483045,87.62297749999998,64.53377347368422,69.36867889364397,0.31659703159174857,49,64,,False,False,Request timeout: 300.0s exceeded,503,21.16838264042747
239,2026-09-14T02:21:00.117+00:00,2026-09-14T02:25:54.019+00:00,2026-09-14T02:26:00.201+00:00,False,93,92.0,,92.0,293902.15530299995,300083.471911,300083.47191699996,3226.703999107526,0.02698,293902.15530299995,30469.27383341728,90.362871,67.188224,20.951420150281283,0.30658136355902255,49,64,,False,False,Request timeout: 300.0s exceeded,481,21.16838264042747
240,2026-09-14T02:21:03.656+00:00,2026-09-14T02:25:57.336+00:00,2026-09-14T02:26:03.703+00:00,False,92,91.0,,91.0,293679.77573299996,300047.086837,300047.08679499995,3261.3813782065213,0.02028,293679.77573299996,30610.945075731444,89.00137155,69.97045169230769,20.548142469409147,0.30328573078076765,49,64,,False,False,Request timeout: 300.0s exceeded,430,21.16838264042747
241,2026-09-14T02:21:07.271+00:00,2026-09-14T02:26:00.801+00:00,2026-09-14T02:26:07.283+00:00,False,94,93.0,,93.0,293530.064272,300012.54081599996,300012.540852,3191.6227750212765,0.02437,293530.064272,30268.131570969847,88.79243450000001,69.70404886021505,19.98095567244462,0.3099870416984923,49,64,,False,False,Request timeout: 300.0s exceeded,298,21.16838264042747
242,2026-09-14T02:21:11.338+00:00,2026-09-14T02:26:05.276+00:00,2026-09-14T02:26:11.357+00:00,False,91,90.0,,90.0,293937.93286299997,300018.60102299997,300018.60121,3296.9077056043952,0.02485,293937.93286299997,30805.99218821254,90.76085350000001,67.56297955555556,20.76009102264328,0.29998140013025537,49,64,,False,False,Request timeout: 300.0s exceeded,318,21.16838264042747
243,2026-09-14T02:21:14.807+00:00,2026-09-14T02:26:08.910+00:00,2026-09-14T02:26:14.826+00:00,False,85,84.0,,84.0,294102.488907,300018.840395,300018.840311,3529.633415423529,0.03047,294102.488907,31892.26055552087,89.07421599999999,70.43275580952381,20.1316466935981,0.2799824167355855,49,64,,False,False,Request timeout: 300.0s exceeded,286,21.16838264042747
244,2026-09-14T02:21:18.832+00:00,2026-09-14T02:26:12.868+00:00,2026-09-14T02:26:18.847+00:00,False,90,89.0,,89.0,294035.48493000004,300015.110402,300015.11039000005,3333.501226555556,0.02171,294035.48493000004,30986.985797641828,88.3136789,67.18680305617978,20.026615246509042,0.2966517249106087,49,64,,False,False,Request timeout: 300.0s exceeded,266,21.16838264042747
245,2026-09-14T02:21:23.613+00:00,2026-09-14T02:26:17.321+00:00,2026-09-14T02:26:23.651+00:00,False,96,95.0,,95.0,293708.066833,300037.349393,300037.349485,3125.3890571354164,0.03602,293708.066833,29969.661470813488,89.82282525,66.62402694736842,20.901961548078745,0.3166272472150309,49,64,,False,False,Request timeout: 300.0s exceeded,356,21.16838264042747
246,2026-09-14T02:21:27.213+00:00,2026-09-14T02:26:20.547+00:00,2026-09-14T02:26:27.305+00:00,False,99,98.0,,98.0,293333.988255,300092.113823,300092.11371099995,3031.2334718282827,0.02244,293333.988255,29474.251172994394,89.272835,68.96046497959183,20.25790852800883,0.32656639573608476,49,64,,False,False,Request timeout: 300.0s exceeded,457,21.16838264042747
247,2026-09-14T02:21:31.903+00:00,2026-09-14T02:26:25.809+00:00,2026-09-14T02:26:31.927+00:00,False,92,91.0,,91.0,293906.477978,300024.17372200004,300024.17357600003,3261.132321478261,0.04329,293906.477978,30634.86647355763,88.93345355,67.22742575824176,20.668270911269808,0.30330889298380287,49,64,,False,False,Request timeout: 300.0s exceeded,334,21.16838264042747
248,2026-09-14T02:21:36.181+00:00,2026-09-14T02:26:29.674+00:00,2026-09-14T02:26:36.226+00:00,False,98,97.0,,97.0,293492.280794,300044.411098,300044.411195,3061.677665255102,0.03281,293492.280794,29640.380707594606,89.14215285,67.54773509278351,19.934475035929488,0.32328547512360767,49,64,,False,False,Request timeout: 300.0s exceeded,448,21.16838264042747
249,2026-09-14T02:21:40.134+00:00,2026-09-14T02:26:33.960+00:00,2026-09-14T02:26:40.177+00:00,False,95,94.0,,94.0,293826.45375,300043.94853399997,300043.948309,3158.3573506210523,0.03885,293826.45375,30139.17858762243,88.54850909999999,66.1435615319149,20.191857181695873,0.31328743825456035,49,64,,False,False,Request timeout: 300.0s exceeded,444,21.16838264042747
250,2026-09-14T02:21:46.366+00:00,2026-09-14T02:26:39.491+00:00,2026-09-14T02:26:46.456+00:00,False,98,97.0,,97.0,293124.759314,300089.64865800005,300089.648515,3062.1392705612247,0.12162,293124.759314,29602.878495051307,90.8745432,71.80298292783505,59.68217599677049,0.32323674086655,49,64,,False,False,Request timeout: 300.0s exceeded,482,21.16838264042747
251,2026-09-14T02:21:50.589+00:00,2026-09-14T02:26:44.485+00:00,2026-09-14T02:26:50.613+00:00,False,99,98.0,,98.0,293895.619409,300024.176209,300024.17620499997,3030.547234393939,0.0,293895.619409,29531.40445219445,94.28273449999999,62.53629387755102,63.91574061350561,0.326640343582619,49,64,,False,False,Request timeout: 300.0s exceeded,462,21.16838264042747
252,2026-09-14T02:21:54.637+00:00,2026-09-14T02:26:48.546+00:00,2026-09-14T02:26:54.662+00:00,False,91,90.0,,90.0,293909.120853,300024.946005,300024.94615699997,3296.977430296703,0.04093,293909.120853,30802.930318167368,89.4226015,67.9536128,19.83632809905031,0.2999750560691714,49,64,,False,False,Request timeout: 300.0s exceeded,430,21.16838264042747
253,2026-09-14T02:21:58.793+00:00,2026-09-14T02:26:52.627+00:00,2026-09-14T02:26:58.813+00:00,False,89,88.0,,88.0,293834.714401,300020.38761700003,300020.387427,3371.015589067416,0.03454,293834.714401,31138.972624094247,88.316466,70.2917410909091,19.60225526915022,0.29331340012912394,49,64,,False,False,Request timeout: 300.0s exceeded,263,21.16838264042747
254,2026-09-14T02:22:02.896+00:00,2026-09-14T02:26:56.776+00:00,2026-09-14T02:27:02.941+00:00,False,88,87.0,,87.0,293880.247247,300045.373135,300045.373155,3409.6065131249998,0.022350000000000002,293880.247247,31320.191530145356,89.6466922,70.86351595402299,19.480244063647895,0.28995614593548796,49,64,,False,False,Request timeout: 300.0s exceeded,384,21.16838264042747
255,2026-09-14T02:22:05.913+00:00,2026-09-14T02:26:59.971+00:00,2026-09-14T02:27:05.961+00:00,False,88,87.0,,87.0,294058.28706199996,300047.91061399993,300047.910781,3409.6353497840905,0.039619999999999995,294058.28706199996,31339.385998311955,89.0768645,68.84624772413794,19.9981476143079,0.28995369380166136,49,64,,False,False,Request timeout: 300.0s exceeded,363,21.16838264042747
256,2026-09-14T02:22:09.118+00:00,2026-09-14T02:27:03.155+00:00,2026-09-14T02:27:09.172+00:00,False,90,89.0,,89.0,294037.58090600005,300053.948266,300053.94832900004,3333.9327592111117,0.027339,294037.58090600005,30987.16313501598,89.22282684999999,67.59963325842696,19.898442528353176,0.29661332741771107,49,64,,False,False,Request timeout: 300.0s exceeded,400,21.16838264042747
257,2026-09-14T02:22:12.788+00:00,2026-09-14T02:27:06.769+00:00,2026-09-14T02:27:12.796+00:00,False,89,88.0,,88.0,293980.611188,300007.77048400004,300007.770408,3370.873824808989,0.02281,293980.611188,31154.629109161266,89.38492500000001,68.49044654545455,20.425664593137398,0.29332573572354587,49,64,,False,False,Request timeout: 300.0s exceeded,430,21.16838264042747
258,2026-09-14T02:22:17.520+00:00,2026-09-14T02:27:11.604+00:00,2026-09-14T02:27:17.582+00:00,False,92,91.0,,91.0,294083.976082,300062.275218,300062.275145,3261.5464689673913,0.041479999999999996,294083.976082,30653.531865598045,89.42213209999998,65.6955949010989,21.01821890635008,0.30327037923673367,49,64,,False,False,Request timeout: 300.0s exceeded,414,21.16838264042747
259,2026-09-14T02:22:22.210+00:00,2026-09-14T02:27:16.117+00:00,2026-09-14T02:27:22.272+00:00,False,91,90.0,,90.0,293907.097778,300062.238898,300062.238807,3297.3872396373627,0.043739,293907.097778,30802.672874868218,89.40018100000002,68.39045688888889,20.49427963692366,0.29993777401158983,49,64,,False,False,Request timeout: 300.0s exceeded,176,21.16838264042747
260,2026-09-14T02:22:26.500+00:00,2026-09-14T02:27:20.840+00:00,2026-09-14T02:27:26.508+00:00,False,79,78.0,,78.0,294339.946024,300007.925544,300007.925673,3797.5686794050634,0.08545,294339.946024,33107.66065113605,89.67545980000001,72.6664041025641,18.41818021504995,0.2599931313766586,49,64,,False,False,Request timeout: 300.0s exceeded,368,21.16838264042747
261,2026-09-14T02:22:30.303+00:00,2026-09-14T02:27:24.468+00:00,2026-09-14T02:27:30.356+00:00,False,86,85.0,,85.0,294165.012305,300052.825937,300052.82613,3488.986350348837,0.02632,294165.012305,31713.16524328984,85.91697825,69.26839567058823,18.94213122447431,0.2832834509542225,49,64,,False,False,Request timeout: 300.0s exceeded,454,21.16838264042747
262,2026-09-14T02:22:33.544+00:00,2026-09-14T02:27:27.355+00:00,2026-09-14T02:27:33.581+00:00,False,98,97.0,,97.0,293810.341876,300036.86347599997,300036.863436,3061.6006473061225,0.02223,293810.341876,29672.84873935321,86.71077555,64.19094432989691,19.82990989757469,0.3232936075795202,49,64,,False,False,Request timeout: 300.0s exceeded,461,21.16838264042747
263,2026-09-14T02:22:37.933+00:00,2026-09-14T02:27:31.789+00:00,2026-09-14T02:27:37.988+00:00,False,95,94.0,,94.0,293855.950282,300055.144394,300055.14435,3158.4752036842106,0.040920000000000005,293855.950282,30142.224661413195,87.83783,65.9488735319149,19.918061514697865,0.3132757486622837,49,64,,False,False,Request timeout: 300.0s exceeded,458,21.16838264042747
264,2026-09-14T02:22:40.872+00:00,2026-09-14T02:27:34.731+00:00,2026-09-14T02:27:40.915+00:00,False,89,88.0,,88.0,293858.253499,300042.304955,300042.304848,3371.261852224719,0.0367,293858.253499,31141.469778421186,88.470441,70.273312,19.701681443571733,0.2932919743207483,49,64,,False,False,Request timeout: 300.0s exceeded,387,21.16838264042747
265,2026-09-14T02:22:45.055+00:00,2026-09-14T02:27:38.751+00:00,2026-09-14T02:27:45.128+00:00,False,98,97.0,,97.0,293695.962223,300072.28657500003,300072.286676,3061.9621089387756,0.0,293695.962223,29661.209203453855,90.62481535,65.73530259793814,67.98764399302354,0.32325544323719424,49,64,,False,False,Request timeout: 300.0s exceeded,317,21.16838264042747
266,2026-09-14T02:22:49.687+00:00,2026-09-14T02:27:43.556+00:00,2026-09-14T02:27:49.719+00:00,False,92,91.0,,91.0,293869.733408,300032.77289599995,300032.77284199995,3261.2257917608695,0.02184,293869.733408,30630.983642921732,90.00576865,67.72570865934067,20.674874632266018,0.30330019991363827,49,64,,False,False,Request timeout: 300.0s exceeded,237,21.16838264042747
267,2026-09-14T02:22:53.607+00:00,2026-09-14T02:27:47.632+00:00,2026-09-14T02:27:53.676+00:00,False,88,87.0,,87.0,294025.57964999997,300069.446786,300069.446856,3409.8800779090907,0.02332,294025.57964999997,31335.832806128197,89.53181955,69.46973719540229,19.827830213229195,0.28993288364358416,49,64,,False,False,Request timeout: 300.0s exceeded,410,21.16838264042747
268,2026-09-14T02:22:57.294+00:00,2026-09-14T02:27:50.937+00:00,2026-09-14T02:27:57.316+00:00,False,95,94.0,,94.0,293643.20280800003,300021.524984,300021.52486700006,3158.121314389474,0.033909,293643.20280800003,30120.201942072952,88.47873369999999,67.85449123404256,20.24906513049374,0.31331085329631925,49,64,,False,False,Request timeout: 300.0s exceeded,418,21.16838264042747
269,2026-09-14T02:23:02.489+00:00,2026-09-14T02:27:56.198+00:00,2026-09-14T02:28:02.504+00:00,False,96,95.0,,95.0,293709.34422100004,300015.851229,300015.85143200005,3125.1651190833336,0.038579999999999996,293709.34422100004,29969.81563605658,87.51467775,66.38428429473684,19.898163158263273,0.3166499356978547,49,64,,False,False,Request timeout: 300.0s exceeded,409,21.16838264042747
270,2026-09-14T02:23:06.187+00:00,2026-09-14T02:27:59.921+00:00,2026-09-14T02:28:06.568+00:00,False,100,99.0,,99.0,293734.031551,300381.00601500005,300381.00605300005,3003.81006053,0.046729999999999994,293734.031551,29366.695695930197,89.33401389999999,67.1411562020202,19.873297853540418,0.329581424982165,49,64,,False,False,Request timeout: 300.0s exceeded,425,21.16838264042747
271,2026-09-14T02:23:10.051+00:00,2026-09-14T02:28:03.840+00:00,2026-09-14T02:28:10.089+00:00,False,92,91.0,,91.0,293789.233796,300038.177668,300038.177508,3261.284538130435,0.032119999999999996,293789.233796,30622.492668431605,90.63339,68.66971287912088,20.835154388134086,0.30329473638082766,49,64,,False,False,Request timeout: 300.0s exceeded,450,21.16838264042747
272,2026-09-14T02:23:14.324+00:00,2026-09-14T02:28:07.980+00:00,2026-09-14T02:28:14.688+00:00,False,60,59.0,,59.0,293656.078629,300364.003365,300364.003173,5006.06671955,0.02792,293656.078629,37897.725518491345,92.76890635,113.69363959322034,347.53927272782613,0.19642833142127106,49,64,,False,False,Request timeout: 300.0s exceeded,275,21.16838264042747
273,2026-09-14T02:23:17.238+00:00,2026-09-14T02:28:10.864+00:00,2026-09-14T02:28:17.291+00:00,False,107,106.0,,106.0,293626.718182,300053.32144599996,300053.32149199996,2804.2366494579437,0.01516,293626.718182,28381.28822163451,95.9536448,60.62833267924528,260.3750876074025,0.35327054367927274,49,64,,False,False,Request timeout: 300.0s exceeded,541,21.16838264042747
274,2026-09-14T02:23:21.292+00:00,2026-09-14T02:28:15.914+00:00,2026-09-14T02:28:21.362+00:00,False,79,78.0,,78.0,294621.273364,300069.550868,300069.55066300003,3798.3487425696208,0.02835,294621.273364,33139.63031988449,88.868923,69.84971158974358,20.111640679337007,0.25993973655231695,49,64,,False,False,Request timeout: 300.0s exceeded,386,21.16838264042747
275,2026-09-14T02:23:26.312+00:00,2026-09-14T02:28:20.153+00:00,2026-09-14T02:28:26.373+00:00,False,91,90.0,,90.0,293841.53224800003,300060.94498400006,300060.945109,3297.3730231758245,0.030100000000000002,293841.53224800003,30795.72479566414,90.6332485,69.10458595555556,20.365759930225195,0.2999390673944555,49,64,,False,False,Request timeout: 300.0s exceeded,385,21.16838264042747
276,2026-09-14T02:23:30.670+00:00,2026-09-14T02:28:23.871+00:00,2026-09-14T02:28:30.704+00:00,False,103,102.0,,102.0,293200.830426,300034.022618,300034.022701,2912.951676708738,0.02014,293200.830426,28883.34266130382,88.637339,66.9920803137255,20.674941084766374,0.33996144540536083,49,64,,False,False,Request timeout: 300.0s exceeded,488,21.16838264042747
277,2026-09-14T02:23:34.387+00:00,2026-09-14T02:28:28.293+00:00,2026-09-14T02:28:34.433+00:00,False,89,88.0,,88.0,293906.325302,300046.228022,300046.228091,3371.3059336067413,0.037520000000000005,293906.325302,31146.6191899669,89.35088139999999,69.77162181818181,20.68884147144883,0.2932881395647729,49,64,,False,False,Request timeout: 300.0s exceeded,313,21.16838264042747
278,2026-09-14T02:23:38.347+00:00,2026-09-14T02:28:32.296+00:00,2026-09-14T02:28:38.379+00:00,False,89,88.0,,88.0,293949.68523500004,300032.72139500006,300032.72127400007,3371.154171617978,0.0,293949.68523500004,31151.351259412302,90.757904,69.1254109090909,68.39062703274006,0.29330134256971907,49,64,,False,False,Request timeout: 300.0s exceeded,344,21.16838264042747
279,2026-09-14T02:23:42.722+00:00,2026-09-14T02:28:36.195+00:00,2026-09-14T02:28:42.769+00:00,False,103,102.0,,102.0,293472.05309,300046.115426,300046.115412,2913.069081669903,0.0,293472.05309,28910.380999722383,89.47428620000001,64.45159152941176,64.37991988844307,0.33994774388324367,49,64,,False,False,Request timeout: 300.0s exceeded,365,21.16838264042747
280,2026-09-14T02:23:46.149+00:00,2026-09-14T02:28:39.624+00:00,2026-09-14T02:28:46.180+00:00,False,96,95.0,,95.0,293475.029957,300030.296517,300030.296379,3125.31558728125,0.0195,293475.029957,29945.63351477329,88.78429025,69.00280589473684,19.474220163910555,0.31663469023908125,49,64,,False,False,Request timeout: 300.0s exceeded,294,21.16838264042747
281,2026-09-14T02:23:49.450+00:00,2026-09-14T02:28:42.850+00:00,2026-09-14T02:28:49.539+00:00,False,97,96.0,,96.0,293400.34862,300088.66145200003,300088.661341,3093.697539597938,0.03114,293400.34862,29783.224342510206,89.086546,69.66992533333332,19.580708317117242,0.31990545572597534,49,64,,False,False,Request timeout: 300.0s exceeded,453,21.16838264042747
282,2026-09-14T02:23:54.486+00:00,2026-09-14T02:28:48.321+00:00,2026-09-14T02:28:54.556+00:00,False,94,93.0,,93.0,293834.81682999997,300070.028862,300070.02879799996,3192.2343489148934,0.04709000000000001,293834.81682999997,30299.83906902931,89.07570965,67.04529066666666,20.65701806886063,0.30992765373035647,49,64,,False,False,Request timeout: 300.0s exceeded,490,21.16838264042747
283,2026-09-14T02:23:58.977+00:00,2026-09-14T02:28:52.433+00:00,2026-09-14T02:28:59.039+00:00,False,97,96.0,,96.0,293455.518605,300061.837197,300061.837069,3093.42100071134,0.01816,293455.518605,29788.91377755704,90.793006,68.81581866666667,21.135609624014794,0.3199340539162699,49,64,,False,False,Request timeout: 300.0s exceeded,452,21.16838264042747
284,2026-09-14T02:24:02.451+00:00,2026-09-14T02:28:55.996+00:00,2026-09-14T02:29:02.495+00:00,False,98,97.0,,97.0,293544.93477999995,300044.0223959999,300044.0223499999,3061.673697448979,0.02428,293544.93477999995,29645.755409445195,90.47488085,67.00090325773196,20.829137014015217,0.32328589393452006,49,64,,False,False,Request timeout: 300.0s exceeded,417,21.16838264042747
285,2026-09-14T02:24:06.781+00:00,2026-09-14T02:29:00.326+00:00,2026-09-14T02:29:06.849+00:00,False,94,93.0,,93.0,293544.267464,300067.26138399995,300067.261304,3192.2049074893616,0.02801,293544.267464,30269.55240253265,92.32402239999999,70.13971956989246,21.200013686007278,0.3099305121493634,49,64,,False,False,Request timeout: 300.0s exceeded,422,21.16838264042747
286,2026-09-14T02:24:10.533+00:00,2026-09-14T02:29:04.438+00:00,2026-09-14T02:29:10.594+00:00,False,90,89.0,,89.0,293904.418457,300060.245913,300060.245872,3334.002731911111,0.02016,293904.418457,30972.961827551164,91.0594435,69.16660062921348,20.544359000447972,0.2966071021144361,49,64,,False,False,Request timeout: 300.0s exceeded,437,21.16838264042747
287,2026-09-14T02:24:14.699+00:00,2026-09-14T02:29:08.761+00:00,2026-09-14T02:29:14.742+00:00,False,91,90.0,,90.0,294061.880168,300042.66788,300042.667682,3297.1721723296705,0.027309999999999997,294061.880168,30819.10096268155,88.50169799999999,66.4531968,19.57335637245471,0.2999573381876303,49,64,,False,False,Request timeout: 300.0s exceeded,255,21.16838264042747
288,2026-09-14T02:24:19.585+00:00,2026-09-14T02:29:13.296+00:00,2026-09-14T02:29:19.608+00:00,False,98,97.0,,97.0,293711.05675199995,300023.26488,300023.26501699997,3061.461887928571,0.023620000000000002,293711.05675199995,29662.73044486422,86.24654985000001,65.07431059793814,20.202748217361947,0.3233082609070233,49,64,,False,False,Request timeout: 300.0s exceeded,520,21.16838264042747
289,2026-09-14T02:24:22.960+00:00,2026-09-14T02:29:16.299+00:00,2026-09-14T02:29:22.982+00:00,False,99,98.0,,98.0,293339.433739,300022.862603,300022.86261,3030.533965757576,0.040409999999999995,293339.433739,29474.87483441892,90.208505,68.19825371428571,19.90923537387435,0.32664177372934666,49,64,,False,False,Request timeout: 300.0s exceeded,436,21.16838264042747
290,2026-09-14T02:24:25.837+00:00,2026-09-14T02:29:19.825+00:00,2026-09-14T02:29:25.877+00:00,False,86,85.0,,85.0,293987.32526300004,300039.98241500003,300039.98251600005,3488.837006,0.02542,293987.32526300004,31693.79621650466,90.70660575,71.2077312,19.900088786101247,0.28329557719554965,49,64,,False,False,Request timeout: 300.0s exceeded,230,21.16838264042747
291,2026-09-14T02:24:28.942+00:00,2026-09-14T02:29:22.504+00:00,2026-09-14T02:29:28.998+00:00,False,93,92.0,,92.0,293562.688062,300056.175934,300056.17587399995,3226.410493268817,0.03957,293562.688062,30433.720526141635,90.2135948,70.58138991304348,20.434451794375395,0.3066092531294414,49,64,,False,False,Request timeout: 300.0s exceeded,397,21.16838264042747
292,2026-09-14T02:24:32.196+00:00,2026-09-14T02:29:26.128+00:00,2026-09-14T02:29:32.246+00:00,False,90,89.0,,89.0,293932.115904,300049.553856,300049.55376,3333.883930666667,0.08655,293932.115904,30975.92685277819,88.373324,68.73525788764044,20.530675339369143,0.2966176715020645,49,64,,False,False,Request timeout: 300.0s exceeded,442,21.16838264042747
293,2026-09-14T02:24:36.356+00:00,2026-09-14T02:29:29.968+00:00,2026-09-14T02:29:36.405+00:00,False,104,103.0,,103.0,293612.147713,300049.509121,300049.508983,2885.0914325288463,0.0,293612.147713,28784.979508237764,91.32760865,62.49865444660194,62.959802258798966,0.34327668224400765,49,64,,False,False,Request timeout: 300.0s exceeded,491,21.16838264042747
294,2026-09-14T02:24:39.406+00:00,2026-09-14T02:29:33.248+00:00,2026-09-14T02:29:39.481+00:00,False,97,96.0,,96.0,293841.621421,300075.076781,300075.076692,3093.557491670103,0.02402,293841.621421,29828.51095051001,91.84144780000001,64.93182666666667,21.166748956069313,0.3199199381362234,49,64,,False,False,Request timeout: 300.0s exceeded,506,21.16838264042747
295,2026-09-14T02:24:42.522+00:00,2026-09-14T02:29:35.906+00:00,2026-09-14T02:29:42.589+00:00,False,99,98.0,,98.0,293383.72036000004,300066.55172000005,300066.551862,3030.9752713333337,0.01857,293383.72036000004,29479.326787637438,90.1456511,68.19215673469388,20.45336931110979,0.3265942153107633,49,64,,False,False,Request timeout: 300.0s exceeded,366,21.16838264042747
296,2026-09-14T02:24:47.605+00:00,2026-09-14T02:29:40.035+00:00,2026-09-14T02:29:47.686+00:00,False,119,118.0,,118.0,292430.47682599997,300081.591066,300081.59111499996,2521.694042983193,0.03957,292430.47682599997,26801.122001523643,91.24151900000001,64.83995118644067,20.810490358789266,0.39322638746622435,49,64,,False,False,Request timeout: 300.0s exceeded,453,21.16838264042747
297,2026-09-14T02:24:50.178+00:00,2026-09-14T02:29:43.640+00:00,2026-09-14T02:29:50.217+00:00,False,102,101.0,,101.0,293462.48167,300039.91527,300039.915395,2941.567797990196,0.02164,293462.48167,29050.67522954197,89.26859805,65.12310495049505,21.476277026603725,0.3366218788227296,49,64,,False,False,Request timeout: 300.0s exceeded,435,21.16838264042747
298,2026-09-14T02:24:53.404+00:00,2026-09-14T02:29:48.788+00:00,2026-09-14T02:29:53.446+00:00,False,66,65.0,,65.0,295383.794606,300042.178222,300042.178343,4546.0936112575755,0.03234,295383.794606,36350.416206850045,91.48154724999999,71.66744024615384,21.344067701523905,0.21663620889962595,49,64,,False,False,Request timeout: 300.0s exceeded,360,21.16838264042747
299,2026-09-14T02:24:57.362+00:00,2026-09-14T02:29:50.564+00:00,2026-09-14T02:29:57.444+00:00,False,100,99.0,,99.0,293202.511894,300082.354966,300082.354931,3000.82354931,0.01731,293202.511894,29313.30879387119,90.08435350000002,69.49336436363636,20.274906950486525,0.32990943439915654,49,64,,False,False,Request timeout: 300.0s exceeded,148,21.16838264042747
300,2026-09-14T02:25:00.222+00:00,2026-09-14T02:29:54.057+00:00,2026-09-14T02:30:00.277+00:00,False,91,90.0,,90.0,293835.566,300055.31076799997,300055.31091,3297.311108901099,0.019899999999999998,293835.566,30795.099116300604,88.2386435,69.10827520000001,20.5787036926474,0.2999446994277238,49,64,,False,False,Request timeout: 300.0s exceeded,207,21.16838264042747
301,2026-09-14T02:25:03.117+00:00,2026-09-14T02:29:56.420+00:00,2026-09-14T02:30:03.138+00:00,False,100,99.0,,99.0,293302.957896,300020.78087200003,300020.780814,3000.20780814,0.02974,293302.957896,29323.51769420071,89.07098995,67.85679773737374,21.19754483260296,0.32997714262412065,49,64,,False,False,Request timeout: 300.0s exceeded,374,21.16838264042747
302,2026-09-14T02:25:06.827+00:00,2026-09-14T02:30:00.360+00:00,2026-09-14T02:30:06.852+00:00,False,96,95.0,,95.0,293532.763174,300024.209702,300024.209511,3125.25218240625,0.03681,293532.763174,29951.59485674643,88.8950755,68.33101608421053,20.09706899649837,0.31664111404329354,49,64,,False,False,Request timeout: 300.0s exceeded,431,21.16838264042747
303,2026-09-14T02:25:11.742+00:00,2026-09-14T02:30:05.387+00:00,2026-09-14T02:30:11.757+00:00,False,95,94.0,,94.0,293644.638601,300014.177673,300014.177435,3158.0439730000003,0.01782,293644.638601,30120.359421660698,90.3279117,67.76105395744682,21.108517275902052,0.31331852624130035,49,64,,False,False,Request timeout: 300.0s exceeded,459,21.16838264042747
304,2026-09-14T02:25:16.835+00:00,2026-09-14T02:30:10.799+00:00,2026-09-14T02:30:16.913+00:00,False,94,93.0,,93.0,293964.01493,300077.919058,300077.919004,3192.3182872765956,0.02062,293964.01493,30313.298506661078,86.0788763,65.74090460215054,19.33457161618243,0.30991950454716616,49,64,,False,False,Request timeout: 300.0s exceeded,350,21.16838264042747
305,2026-09-14T02:25:19.954+00:00,2026-09-14T02:30:13.454+00:00,2026-09-14T02:30:19.989+00:00,False,99,98.0,,98.0,293500.158113,300035.25827299996,300035.258277,3030.6591745151513,0.03417,293500.158113,29491.180322999506,86.7472849,66.68469551020408,19.859142101448494,0.32662827883658424,49,64,,False,False,Request timeout: 300.0s exceeded,443,21.16838264042747
306,2026-09-14T02:25:25.016+00:00,2026-09-14T02:30:18.713+00:00,2026-09-14T02:30:25.063+00:00,False,93,92.0,,92.0,293696.752802,300046.832802,300046.83276699996,3226.310029752688,0.022010000000000002,293696.752802,30447.78401658907,90.040142,69.02260869565217,20.41878514541819,0.3066188006080722,49,64,,False,False,Request timeout: 300.0s exceeded,227,21.16838264042747
307,2026-09-14T02:25:28.292+00:00,2026-09-14T02:30:21.967+00:00,2026-09-14T02:30:28.314+00:00,False,97,96.0,,96.0,293675.111419,300021.98988300003,300021.990031,3093.0102065051547,0.0,293675.111419,29811.548133018507,90.3349612,66.11331733333334,65.45367983292711,0.3199765458439805,49,64,,False,False,Request timeout: 300.0s exceeded,458,21.16838264042747
308,2026-09-14T02:25:31.583+00:00,2026-09-14T02:30:25.678+00:00,2026-09-14T02:30:31.677+00:00,False,97,96.0,,96.0,294094.630935,300093.799703,300093.79964100005,3093.7505117628866,0.0,294094.630935,29854.511829767514,92.02342379999999,62.49134133333334,65.58707077477317,0.3198999782568327,49,64,,False,False,Request timeout: 300.0s exceeded,483,21.16838264042747
309,2026-09-14T02:25:36.618+00:00,2026-09-14T02:30:30.229+00:00,2026-09-14T02:30:36.631+00:00,False,94,93.0,,93.0,293611.16164,300012.513576,300012.513627,3191.622485393617,0.037770000000000005,293611.16164,30276.586471673443,90.2288623,68.83174124731183,20.548907314638967,0.30998706984414165,49,64,,False,False,Request timeout: 300.0s exceeded,473,21.16838264042747
310,2026-09-14T02:25:40.658+00:00,2026-09-14T02:30:34.580+00:00,2026-09-14T02:30:40.695+00:00,False,92,91.0,,91.0,293922.262247,300037.36343100003,300037.363518,3261.2756904130433,0.02538,293922.262247,30636.515016742716,88.563409,67.1989141098901,20.58940850057074,0.30329555945763864,49,64,,False,False,Request timeout: 300.0s exceeded,409,21.16838264042747
311,2026-09-14T02:25:45.059+00:00,2026-09-14T02:30:38.369+00:00,2026-09-14T02:30:45.121+00:00,False,103,102.0,,102.0,293310.247551,300062.909567,300062.90945599996,2913.2321306407766,0.018690000000000002,293310.247551,28894.200954834207,89.47543209999999,66.20256878431373,19.682272051703873,0.33992871743858355,49,64,,False,False,Request timeout: 300.0s exceeded,491,21.16838264042747
312,2026-09-14T02:25:49.345+00:00,2026-09-14T02:30:42.865+00:00,2026-09-14T02:30:49.353+00:00,False,96,95.0,,95.0,293520.49290899996,300008.139117,300008.139094,3125.084782229166,0.037630000000000004,293520.49290899996,29950.346791685195,87.93070225,68.29101271578946,20.3673989664641,0.31665807560957876,49,64,,False,False,Request timeout: 300.0s exceeded,527,21.16838264042747
313,2026-09-14T02:25:52.566+00:00,2026-09-14T02:30:46.448+00:00,2026-09-14T02:30:52.606+00:00,False,96,95.0,,95.0,293881.97181,300040.02928200003,300040.02938,3125.4169727083336,0.02467,293881.97181,29987.59449824347,89.16581450000001,64.8216576,20.866871497065265,0.31662441917278944,49,64,,False,False,Request timeout: 300.0s exceeded,467,21.16838264042747
314,2026-09-14T02:25:57.698+00:00,2026-09-14T02:30:51.317+00:00,2026-09-14T02:30:57.774+00:00,False,98,97.0,,97.0,293618.244282,300075.997882,300075.998,3061.9999795918366,0.08552,293618.244282,29653.203823863652,89.51549775,66.57477938144329,20.819630325988655,0.32325144524935867,49,64,,False,False,Request timeout: 300.0s exceeded,452,21.16838264042747
315,2026-09-14T02:26:02.362+00:00,2026-09-14T02:30:55.865+00:00,2026-09-14T02:31:02.402+00:00,False,97,96.0,,96.0,293503.060541,300039.967037,300039.966981,3093.1955358865976,0.06988899999999999,293503.060541,29793.814012104252,89.8847386,68.092776,20.65980489907831,0.31995737417262676,49,64,,False,False,Request timeout: 300.0s exceeded,298,21.16838264042747
316,2026-09-14T02:26:07.500+00:00,2026-09-14T02:31:00.702+00:00,2026-09-14T02:31:07.527+00:00,False,103,102.0,,102.0,293201.592911,300026.972751,300026.972673,2912.8832298349516,0.04087,293201.592911,28883.424819244094,88.0174281,66.91548862745098,19.929454359937644,0.3399694336303969,49,64,,False,False,Request timeout: 300.0s exceeded,460,21.16838264042747
317,2026-09-14T02:26:10.836+00:00,2026-09-14T02:31:04.483+00:00,2026-09-14T02:31:10.869+00:00,False,96,95.0,,95.0,293647.222205,300033.705661,300033.705593,3125.3510999270834,0.01776,293647.222205,29963.39013931802,89.01498525,67.22614164210526,20.97247197712522,0.3166310924657843,49,64,,False,False,Request timeout: 300.0s exceeded,470,21.16838264042747
318,2026-09-14T02:26:14.555+00:00,2026-09-14T02:31:08.408+00:00,2026-09-14T02:31:14.611+00:00,False,94,93.0,,93.0,293852.594216,300056.50128799997,300056.501269,3192.0904390319147,0.018600000000000002,293852.594216,30301.707418251175,88.08190344999998,66.7086781935484,20.706500725658508,0.30994162632969186,49,64,,False,False,Request timeout: 300.0s exceeded,456,21.16838264042747
319,2026-09-14T02:26:17.730+00:00,2026-09-14T02:31:11.555+00:00,2026-09-14T02:31:17.745+00:00,False,96,95.0,,95.0,293825.373407,300015.14006299997,300015.14024,3125.157710833333,0.020059999999999998,293825.373407,29981.783371376318,87.264851,65.15543848421053,20.110429965362297,0.316650686295535,49,64,,False,False,Request timeout: 300.0s exceeded,219,21.16838264042747
320,2026-09-14T02:26:21.802+00:00,2026-09-14T02:31:15.447+00:00,2026-09-14T02:31:21.894+00:00,False,102,101.0,,101.0,293644.891252,300091.921524,300091.921602,2942.077662764706,0.0,293644.891252,29068.932698117653,88.06826,63.83198289108911,66.9121395794573,0.3365635418876895,49,64,,False,False,Request timeout: 300.0s exceeded,382,21.16838264042747
321,2026-09-14T02:26:25.956+00:00,2026-09-14T02:31:19.722+00:00,2026-09-14T02:31:25.989+00:00,False,95,94.0,,94.0,293766.39262,300033.833772,300033.83381,3158.2508822105265,0.0,293766.39262,30133.03584821442,90.02329470000001,66.67490587234043,70.07312574278528,0.3132979998230198,49,64,,False,False,Request timeout: 300.0s exceeded,202,21.16838264042747
322,2026-09-14T02:26:29.217+00:00,2026-09-14T02:31:23.324+00:00,2026-09-14T02:31:29.288+00:00,False,84,83.0,,83.0,294107.034925,300071.038509,300071.03841499996,3572.274266845238,0.03667,294107.034925,32081.87396349887,89.87468515,71.85546486746988,19.248659527113457,0.2766011688845826,49,64,,False,False,Request timeout: 300.0s exceeded,159,21.16838264042747
323,2026-09-14T02:26:34.274+00:00,2026-09-14T02:31:27.797+00:00,2026-09-14T02:31:34.281+00:00,False,93,92.0,,92.0,293523.043544,300007.04584800004,300007.045967,3225.882214698925,0.01753,293523.043544,30429.619526420156,88.864647,70.47828591304348,19.277415888070774,0.3066594644134199,49,64,,False,False,Request timeout: 300.0s exceeded,418,21.16838264042747
324,2026-09-14T02:26:38.684+00:00,2026-09-14T02:31:32.565+00:00,2026-09-14T02:31:38.697+00:00,False,89,88.0,,88.0,293881.760382,300013.235326,300013.235298,3370.9352280674157,0.019829999999999997,293881.760382,31144.02487968176,88.9986238,69.67585163636365,19.7760151780015,0.2933203926966007,49,64,,False,False,Request timeout: 300.0s exceeded,381,21.16838264042747
325,2026-09-14T02:26:42.720+00:00,2026-09-14T02:31:36.634+00:00,2026-09-14T02:31:42.799+00:00,False,93,92.0,,92.0,293913.984297,300078.83652099996,300078.83645299997,3226.654155408602,0.04115,293913.984297,30470.518877604696,89.30912500000001,67.00926330434783,20.770515867794316,0.30658609939512244,49,64,,False,False,Request timeout: 300.0s exceeded,399,21.16838264042747
326,2026-09-14T02:26:45.831+00:00,2026-09-14T02:31:39.380+00:00,2026-09-14T02:31:45.868+00:00,False,102,101.0,,101.0,293548.505041,300036.80481700005,300036.804896,2941.537302901961,0.030119,293548.505041,29059.279299807848,88.74641955000001,64.24059184158416,20.220205091884456,0.3366253685497098,49,64,,False,False,Request timeout: 300.0s exceeded,422,21.16838264042747
327,2026-09-14T02:26:49.396+00:00,2026-09-14T02:31:43.135+00:00,2026-09-14T02:31:49.449+00:00,False,99,98.0,,98.0,293739.074573,300052.473101,300052.47319700004,3030.8330625959597,0.03024,293739.074573,29515.420513714682,89.59916199999999,64.42243395918366,21.058261653292917,0.3266095392821922,49,64,,False,False,Request timeout: 300.0s exceeded,563,21.16838264042747
328,2026-09-14T02:26:52.758+00:00,2026-09-14T02:31:46.555+00:00,2026-09-14T02:31:52.827+00:00,False,96,95.0,,95.0,293797.08026599995,300068.92180199997,300068.92181599996,3125.7179355833327,0.019280000000000002,293797.08026599995,29978.807931624262,90.11524725,66.01938458947369,20.69277888484381,0.31659393258554647,49,64,,False,False,Request timeout: 300.0s exceeded,315,21.16838264042747
329,2026-09-14T02:26:55.819+00:00,2026-09-14T02:31:49.142+00:00,2026-09-14T02:31:55.867+00:00,False,102,101.0,,101.0,293322.38946100004,300047.714005,300047.714044,2941.6442553333336,0.032600000000000004,293322.38946100004,29036.658284661647,90.47138575,66.58737172277228,20.398988986290757,0.33661312946485883,49,64,,False,False,Request timeout: 300.0s exceeded,486,21.16838264042747
330,2026-09-14T02:26:59.613+00:00,2026-09-14T02:31:53.443+00:00,2026-09-14T02:31:59.644+00:00,False,92,91.0,,91.0,293829.703694,300030.57153400005,300030.571614,3261.2018653695654,0.02367,293829.703694,30626.766719048184,90.58503365,68.14140483516483,20.374387025228646,0.30330242526531237,49,64,,False,False,Request timeout: 300.0s exceeded,377,21.16838264042747
331,2026-09-14T02:27:03.836+00:00,2026-09-14T02:31:57.751+00:00,2026-09-14T02:32:05.610+00:00,False,80,79.0,,79.0,293914.78381,301774.360642,301774.360768,3772.1795096,0.048530000000000004,293914.78381,32850.83464212878,91.42609995000001,99.48831432911393,292.5261497628339,0.261784996684059,49,64,,False,False,Request timeout: 300.0s exceeded,377,21.16838264042747
332,2026-09-14T02:27:07.072+00:00,2026-09-14T02:32:00.718+00:00,2026-09-14T02:32:07.080+00:00,False,106,105.0,,105.0,293646.44569,300008.627066,300008.62713900005,2830.2700673490567,0.015460000000000002,293646.44569,28516.759591438535,91.53827925,60.592203580952386,260.74080749766614,0.3499899353790938,49,64,,False,False,Request timeout: 300.0s exceeded,648,21.16838264042747
333,2026-09-14T02:27:12.273+00:00,2026-09-14T02:32:06.954+00:00,2026-09-14T02:32:12.309+00:00,False,81,80.0,,80.0,294681.080151,300036.208727,300036.208577,3704.1507231728397,0.03488,294681.080151,32734.910391965645,85.673059,66.93910720000001,19.66237146192303,0.26663448501574427,49,64,,False,False,Request timeout: 300.0s exceeded,346,21.16838264042747
334,2026-09-14T02:27:16.760+00:00,2026-09-14T02:32:09.976+00:00,2026-09-14T02:32:16.804+00:00,False,106,105.0,,105.0,293216.042079,300043.546207,300043.546216,2830.5994926037733,0.0,293216.042079,28473.411597238868,87.20022125,65.02384883809523,62.36255429368814,0.3499492034651548,49,64,,False,False,Request timeout: 300.0s exceeded,428,21.16838264042747
335,2026-09-14T02:27:21.236+00:00,2026-09-14T02:32:14.865+00:00,2026-09-14T02:32:21.306+00:00,False,99,98.0,,98.0,293629.275232,300070.691168,300070.69129399996,3031.0170837777778,0.0,293629.275232,29504.316733241994,87.7136449,65.72873404081633,64.68878177854154,0.32658970997315073,49,64,,False,False,Request timeout: 300.0s exceeded,475,21.16838264042747
336,2026-09-14T02:27:24.720+00:00,2026-09-14T02:32:18.314+00:00,2026-09-14T02:32:24.797+00:00,False,92,91.0,,91.0,293593.718921,300076.775817,300076.775915,3261.7040860326088,0.032060000000000005,293593.718921,30601.839647312452,88.46786655,71.24238347252748,19.338975175250013,0.30325572431335307,49,64,,False,False,Request timeout: 300.0s exceeded,409,21.16838264042747
337,2026-09-14T02:27:27.684+00:00,2026-09-14T02:32:21.517+00:00,2026-09-14T02:32:27.743+00:00,False,88,87.0,,87.0,293832.932788,300058.80363599997,300058.80347499996,3409.759130397727,0.03596,293832.932788,31315.073598957075,89.517519,71.56173388505746,19.860579140220626,0.2899431676250343,49,64,,False,False,Request timeout: 300.0s exceeded,383,21.16838264042747
338,2026-09-14T02:27:32.242+00:00,2026-09-14T02:32:25.819+00:00,2026-09-14T02:32:32.278+00:00,False,91,90.0,,90.0,293576.67092400003,300035.75086000003,300035.75077900005,3297.096162406594,0.06986,293576.67092400003,30767.680412091548,90.98274299999999,71.76755484444443,20.020756294758122,0.2999642533999056,49,64,,False,False,Request timeout: 300.0s exceeded,377,21.16838264042747
339,2026-09-14T02:27:36.203+00:00,2026-09-14T02:32:30.154+00:00,2026-09-14T02:32:36.264+00:00,False,90,89.0,,89.0,293950.970288,300061.252272,300061.252173,3334.0139130333337,0.023219999999999998,293950.970288,30977.922820157626,90.69988495,68.65485375280899,20.630998883374836,0.29660610734012116,49,64,,False,False,Request timeout: 300.0s exceeded,404,21.16838264042747
340,2026-09-14T02:27:41.440+00:00,2026-09-14T02:32:35.291+00:00,2026-09-14T02:32:41.481+00:00,False,93,92.0,,92.0,293851.148637,300040.788061,300040.787946,3226.2450316774193,0.04355,293851.148637,30463.975225551927,89.96332220000001,67.27868939130434,20.828281726225338,0.30662497787232806,49,64,,False,False,Request timeout: 300.0s exceeded,481,21.16838264042747
341,2026-09-14T02:27:45.272+00:00,2026-09-14T02:32:39.047+00:00,2026-09-14T02:32:45.323+00:00,False,96,95.0,,95.0,293774.998745,300050.319321,300050.319423,3125.52416065625,0.02414,293774.998745,29976.550615346747,88.71105024999999,66.0560060631579,20.848481850821553,0.316613560735348,49,64,,False,False,Request timeout: 300.0s exceeded,434,21.16838264042747
342,2026-09-14T02:27:48.560+00:00,2026-09-14T02:32:42.057+00:00,2026-09-14T02:32:48.604+00:00,False,97,96.0,,96.0,293497.095777,300043.418721,300043.418844,3093.2311221030927,0.027049,293497.095777,29793.198347705536,89.67448680000001,68.190864,20.550222947836758,0.3199536933995112,49,64,,False,False,Request timeout: 300.0s exceeded,446,21.16838264042747
343,2026-09-14T02:27:52.637+00:00,2026-09-14T02:32:46.524+00:00,2026-09-14T02:32:52.732+00:00,False,89,88.0,,88.0,293887.433551,300095.06875100004,300095.068833,3371.854705988764,0.055909999999999994,293887.433551,31144.534331651055,89.6030434,70.5413090909091,19.512715631196098,0.29324040666931733,49,64,,False,False,Request timeout: 300.0s exceeded,197,21.16838264042747
344,2026-09-14T02:27:56.529+00:00,2026-09-14T02:32:50.078+00:00,2026-09-14T02:32:56.598+00:00,False,95,94.0,,94.0,293548.574024,300068.709704,300068.70965599996,3158.6179963789473,0.01831,293548.574024,30110.337383728864,87.59608,69.3631455319149,18.57559225160008,0.3132615862971032,49,64,,False,False,Request timeout: 300.0s exceeded,312,21.16838264042747
345,2026-09-14T02:28:00.954+00:00,2026-09-14T02:32:54.182+00:00,2026-09-14T02:33:00.979+00:00,False,99,98.0,,98.0,293228.48898699996,300024.777755,300024.77795699995,3030.5533126969694,0.03152,293228.48898699996,29463.6080125808,87.25714889999999,69.3498853877551,18.81186029468745,0.32663968867273596,49,64,,False,False,Request timeout: 300.0s exceeded,397,21.16838264042747
346,2026-09-14T02:28:04.963+00:00,2026-09-14T02:32:58.748+00:00,2026-09-14T02:33:04.977+00:00,False,93,92.0,,92.0,293784.771301,300013.715429,300013.715568,3225.9539308387093,0.02491,293784.771301,30457.04757824735,88.4936996,67.70591443478261,20.321909783742143,0.30665264709130385,49,64,,False,False,Request timeout: 300.0s exceeded,304,21.16838264042747
347,2026-09-14T02:28:09.097+00:00,2026-09-14T02:33:02.919+00:00,2026-09-14T02:33:09.110+00:00,False,93,92.0,,92.0,293821.92414099997,300012.732973,300012.732868,3225.9433641720425,0.0427,293821.92414099997,30460.943779785757,90.0020676,67.2914003478261,21.282645197546604,0.3066536512911259,49,64,,False,False,Request timeout: 300.0s exceeded,448,21.16838264042747
348,2026-09-14T02:28:11.992+00:00,2026-09-14T02:33:05.493+00:00,2026-09-14T02:33:14.757+00:00,False,151,150.0,,150.0,293500.61936400004,302765.11523600004,302765.11516600003,2005.066987854305,0.0,293500.61936400004,23879.78168919459,91.413367,61.76330581333333,56.43746697876219,0.49543356368212255,49,64,,False,False,Request timeout: 300.0s exceeded,737,21.16838264042747
349,2026-09-14T02:28:17.240+00:00,2026-09-14T02:33:10.495+00:00,2026-09-14T02:33:17.248+00:00,False,119,118.0,,118.0,293255.09092,300007.41015199997,300007.41018199996,2521.070673798319,0.0,293255.09092,26877.477633404058,92.357089,57.22304433898305,62.975319392675885,0.3933236180406838,49,64,,False,False,Request timeout: 300.0s exceeded,559,21.16838264042747
350,2026-09-14T02:28:21.607+00:00,2026-09-14T02:33:16.037+00:00,2026-09-14T02:33:21.682+00:00,False,85,84.0,,84.0,294429.59957599995,300075.040344,300075.04026399995,3530.294591341176,0.030170000000000002,294429.59957599995,31928.090880339703,88.09619200000002,67.2076281904762,20.73893648169547,0.2799299798600513,49,64,,False,False,Request timeout: 300.0s exceeded,395,21.16838264042747
351,2026-09-14T02:28:26.003+00:00,2026-09-14T02:33:19.557+00:00,2026-09-14T02:33:26.024+00:00,False,94,93.0,,93.0,293554.315077,300021.414213,300021.414271,3191.717173095745,0.052950000000000004,293554.315077,30270.649749172524,88.165504,69.53870038709678,19.741875107539833,0.30997787355930106,49,64,,False,False,Request timeout: 300.0s exceeded,317,21.16838264042747
352,2026-09-14T02:28:30.683+00:00,2026-09-14T02:33:24.367+00:00,2026-09-14T02:33:30.707+00:00,False,98,97.0,,97.0,293684.47082700004,300024.38199500006,300024.38209900004,3061.47328672449,0.01927,293684.47082700004,29660.016106688825,87.831288,65.35990894845361,20.34308368862071,0.3233070570965013,49,64,,False,False,Request timeout: 300.0s exceeded,452,21.16838264042747
353,2026-09-14T02:28:34.087+00:00,2026-09-14T02:33:27.623+00:00,2026-09-14T02:33:34.135+00:00,False,102,101.0,,101.0,293535.65168400004,300047.31248400005,300047.312334,2941.6403170000003,0.04176,293535.65168400004,29057.983548308726,88.5298986,64.47188910891089,19.9598870950021,0.33661357991795315,49,64,,False,False,Request timeout: 300.0s exceeded,382,21.16838264042747
354,2026-09-14T02:28:38.990+00:00,2026-09-14T02:33:32.891+00:00,2026-09-14T02:33:39.023+00:00,False,97,96.0,,96.0,293901.45644700003,300033.58547100006,300033.58551700006,3093.1297475979386,0.020489999999999998,293901.45644700003,29834.69280640488,86.81434679999998,63.876344,20.239293564451923,0.3199641795077603,49,64,,False,False,Request timeout: 300.0s exceeded,461,21.16838264042747
355,2026-09-14T02:28:43.203+00:00,2026-09-14T02:33:36.929+00:00,2026-09-14T02:33:43.249+00:00,False,100,99.0,,99.0,293725.580291,300045.31123500003,300045.311095,3000.4531109500003,0.02084,293725.580291,29366.18233201405,90.22337495000002,63.8356661010101,21.607948615507336,0.32995016516842585,49,64,,False,False,Request timeout: 300.0s exceeded,202,21.16838264042747
356,2026-09-14T02:28:47.379+00:00,2026-09-14T02:33:40.735+00:00,2026-09-14T02:33:47.458+00:00,False,99,98.0,,98.0,293355.52334500005,300079.05614500004,300079.05595700006,3031.1015753232327,0.04715,293355.52334500005,29476.45086720401,87.16520689999999,68.60747755102041,20.051175218437947,0.32658060598752947,49,64,,False,False,Request timeout: 300.0s exceeded,479,21.16838264042747
357,2026-09-14T02:28:52.111+00:00,2026-09-14T02:33:46.191+00:00,2026-09-14T02:33:52.116+00:00,False,92,91.0,,91.0,294079.8059,300005.072076,300005.071916,3260.9246947391302,0.03662,294079.8059,30653.156911896964,86.8554616,65.11281512087912,19.580942691411785,0.3033282049876379,49,64,,False,False,Request timeout: 300.0s exceeded,393,21.16838264042747
358,2026-09-14T02:28:55.390+00:00,2026-09-14T02:33:49.118+00:00,2026-09-14T02:33:55.479+00:00,False,99,98.0,,98.0,293728.055945,300088.590729,300088.59063299996,3031.197885181818,0.046020000000000005,293728.055945,29514.263475463114,87.330551,64.9034161632653,19.153361315820874,0.3265702296842753,49,64,,False,False,Request timeout: 300.0s exceeded,330,21.16838264042747
359,2026-09-14T02:29:00.392+00:00,2026-09-14T02:33:54.047+00:00,2026-09-14T02:34:00.443+00:00,False,95,94.0,,94.0,293654.61617500003,300050.15870300005,300050.15871900006,3158.422723357895,0.02009,293654.61617500003,30121.353874168253,87.758766,68.03768646808511,19.85610374218009,0.3132809541122237,49,64,,False,False,Request timeout: 300.0s exceeded,353,21.16838264042747
360,2026-09-14T02:29:05.072+00:00,2026-09-14T02:33:58.853+00:00,2026-09-14T02:34:05.116+00:00,False,94,93.0,,93.0,293780.95740200003,300044.11081000004,300044.11092500004,3191.958626861702,0.02603,293780.95740200003,30294.252392529157,88.82500734999999,67.34573556989247,19.881631328642083,0.3099544255307558,49,64,,False,False,Request timeout: 300.0s exceeded,162,21.16838264042747
361,2026-09-14T02:29:10.098+00:00,2026-09-14T02:34:04.070+00:00,2026-09-14T02:34:10.146+00:00,False,92,91.0,,91.0,293971.754713,300047.537625,300047.537623,3261.3862785108695,0.0,293971.754713,30641.79059261308,91.20107935,66.76684518681319,69.26502821786023,0.30328527512774317,49,64,,False,False,Request timeout: 300.0s exceeded,418,21.16838264042747
362,2026-09-14T02:29:13.423+00:00,2026-09-14T02:34:07.095+00:00,2026-09-14T02:34:13.453+00:00,False,86,85.0,,85.0,293672.480588,300030.019148,300030.019142,3488.7211528139533,0.03867,293672.480588,31659.45835334484,90.98219800000001,74.79457129411765,19.050215309900846,0.28330498475244525,49,64,,False,False,Request timeout: 300.0s exceeded,365,21.16838264042747
363,2026-09-14T02:29:18.286+00:00,2026-09-14T02:34:11.966+00:00,2026-09-14T02:34:18.314+00:00,False,92,91.0,,91.0,293679.638646,300027.669366,300027.669481,3261.170320445652,0.02151,293679.638646,30610.952575633437,89.71130165000001,69.75857934065934,20.096057938215633,0.3033053591100301,49,64,,False,False,Request timeout: 300.0s exceeded,407,21.16838264042747
364,2026-09-14T02:29:21.876+00:00,2026-09-14T02:34:15.402+00:00,2026-09-14T02:34:21.962+00:00,False,97,96.0,,96.0,293525.851033,300086.25141699996,300086.25131099997,3093.672693927835,0.02861,293525.851033,29796.102733193955,89.6042468,68.337504,19.987301900234574,0.31990802493179993,49,64,,False,False,Request timeout: 300.0s exceeded,317,21.16838264042747
365,2026-09-14T02:29:26.875+00:00,2026-09-14T02:34:20.260+00:00,2026-09-14T02:34:26.943+00:00,False,98,97.0,,97.0,293384.279467,300067.559083,300067.55886399996,3061.9138659591836,0.045340000000000005,293384.279467,29629.334538445637,89.33192885,68.89978985567011,20.2144434797532,0.32326053604871485,49,64,,False,False,Request timeout: 300.0s exceeded,441,21.16838264042747
366,2026-09-14T02:29:29.853+00:00,2026-09-14T02:34:23.553+00:00,2026-09-14T02:34:29.927+00:00,False,93,92.0,,92.0,293700.08755299996,300074.05491299997,300074.05490399996,3226.6027409032254,0.0338,293700.08755299996,30448.102519254568,88.09698199999998,69.28225391304349,19.851818288568793,0.30659098477098734,49,64,,False,False,Request timeout: 300.0s exceeded,413,21.16838264042747
367,2026-09-14T02:29:33.875+00:00,2026-09-14T02:34:27.453+00:00,2026-09-14T02:34:33.962+00:00,False,98,97.0,,97.0,293577.80004500004,300086.376301,300086.376432,3062.105881959184,0.02729,293577.80004500004,29649.065047166056,88.76681919999999,67.0987242886598,20.285605808292804,0.32324026567172337,49,64,,False,False,Request timeout: 300.0s exceeded,456,21.16838264042747
368,2026-09-14T02:29:37.828+00:00,2026-09-14T02:34:31.409+00:00,2026-09-14T02:34:37.901+00:00,False,96,95.0,,95.0,293581.046762,300072.73546600004,300072.73550400004,3125.7576615000003,0.02111,293581.046762,29956.52241679726,89.02717675,68.33356530526316,19.943599430611325,0.31658990895147165,49,64,,False,False,Request timeout: 300.0s exceeded,365,21.16838264042747
369,2026-09-14T02:29:43.001+00:00,2026-09-14T02:34:36.520+00:00,2026-09-14T02:34:43.018+00:00,False,94,93.0,,93.0,293518.94916799996,300017.785392,300017.785476,3191.6785688936166,0.03841,293518.94916799996,30266.96668771839,88.257319,69.87995939784946,19.509559350033125,0.30998162285108266,49,64,,False,False,Request timeout: 300.0s exceeded,438,21.16838264042747
370,2026-09-14T02:29:47.701+00:00,2026-09-14T02:34:41.109+00:00,2026-09-14T02:34:47.772+00:00,False,101,100.0,,100.0,293408.105986,300071.46573,300071.46581599995,2971.0046120396037,0.02463,293408.105986,29188.573757343067,87.71439500000001,66.63359744,19.291932299927826,0.3332539458782748,49,64,,False,False,Request timeout: 300.0s exceeded,494,21.16838264042747
371,2026-09-14T02:29:50.614+00:00,2026-09-14T02:34:44.341+00:00,2026-09-14T02:34:50.625+00:00,False,98,97.0,,97.0,293727.07313599996,300011.12689599994,300011.12696599995,3061.338030265306,0.02981,293727.07313599996,29664.377219167796,86.41280235,64.7840593814433,19.532452512121523,0.3233213414568635,49,64,,False,False,Request timeout: 300.0s exceeded,437,21.16838264042747
372,2026-09-14T02:29:55.624+00:00,2026-09-14T02:34:49.221+00:00,2026-09-14T02:34:55.642+00:00,False,96,95.0,,95.0,293597.37882499996,300018.22951299994,300018.22963599995,3125.189892041666,0.036950000000000004,293597.37882499996,29958.26500819634,86.70076249999998,67.58790197894737,19.33263587135329,0.31664742557213044,49,64,,True,False,Request timeout: 300.0s exceeded,477,21.16838264042747
373,2026-09-14T02:30:00.543+00:00,2026-09-14T02:34:53.851+00:00,2026-09-14T02:35:00.619+00:00,False,103,102.0,,102.0,293307.77175,300076.13219800004,300076.132249,2913.3605072718447,0.02121,293307.77175,28893.942298041766,87.644735,66.35647498039216,20.347140690627306,0.3399137387331328,49,64,,True,False,Request timeout: 300.0s exceeded,136,21.16838264042747
374,2026-09-14T02:30:04.792+00:00,2026-09-14T02:34:58.901+00:00,2026-09-14T02:35:04.812+00:00,False,90,89.0,,89.0,294108.712245,300020.201269,300020.201222,3333.5577913555558,0.038020000000000005,294108.712245,30994.78537696049,88.84438495,66.42122498876405,20.097168090332904,0.2966466912013102,49,64,,True,False,Request timeout: 300.0s exceeded,344,21.16838264042747
375,2026-09-14T02:30:09.605+00:00,2026-09-14T02:35:03.568+00:00,2026-09-14T02:35:09.654+00:00,False,91,90.0,,90.0,293963.177677,300049.601997,300049.601975,3297.2483733516483,0.022539999999999998,293963.177677,30808.631525220502,88.7642625,67.62693688888889,20.253174160218563,0.29995040620283797,49,64,,True,False,Request timeout: 300.0s exceeded,343,21.16838264042747
376,2026-09-14T02:30:14.274+00:00,2026-09-14T02:35:07.846+00:00,2026-09-14T02:35:14.294+00:00,False,99,98.0,,98.0,293572.55977600004,300020.07747200003,300020.07735300006,3030.5058318484853,0.024730000000000002,293572.55977600004,29498.54725324544,89.9196227,65.79099689795918,20.55346663523462,0.32664480599351237,49,64,,True,False,Request timeout: 300.0s exceeded,322,21.16838264042747
377,2026-09-14T02:30:19.371+00:00,2026-09-14T02:35:12.754+00:00,2026-09-14T02:35:19.409+00:00,False,98,97.0,,97.0,293382.378742,300038.20031,300038.200118,3061.6142869183673,0.02252,293382.378742,29629.171377188002,90.77531549999999,68.61671719587629,20.575969714387124,0.32329216712998354,49,64,,True,False,Request timeout: 300.0s exceeded,435,21.16838264042747
378,2026-09-14T02:30:24.232+00:00,2026-09-14T02:35:17.568+00:00,2026-09-14T02:35:24.240+00:00,False,97,96.0,,96.0,293335.492555,300007.730635,300007.730658,3092.863202659794,0.02289,293335.492555,29776.656350476136,89.7986808,69.50248,19.796018733102795,0.3199917542018175,49,64,,True,False,Request timeout: 300.0s exceeded,413,21.16838264042747
379,2026-09-14T02:30:27.543+00:00,2026-09-14T02:35:21.062+00:00,2026-09-14T02:35:28.203+00:00,False,101,100.0,,100.0,293519.21908099996,300659.79968899995,300659.799746,2976.829700455445,0.02044,293519.21908099996,29199.155979231564,88.029074,71.40580608,20.637023929307077,0.33260183138364086,49,64,,True,False,Request timeout: 300.0s exceeded,481,21.16838264042747
380,2026-09-14T02:30:31.162+00:00,2026-09-14T02:35:24.923+00:00,2026-09-14T02:35:31.185+00:00,False,90,89.0,,89.0,293761.648925,300023.385373,300023.385403,3333.593171144444,0.0337,293761.648925,30957.787672855375,88.6658035,70.35658930337078,21.30444956492511,0.2966435429336682,49,64,,True,False,Request timeout: 300.0s exceeded,433,21.16838264042747
381,2026-09-14T02:30:34.065+00:00,2026-09-14T02:35:27.517+00:00,2026-09-14T02:35:34.121+00:00,False,99,98.0,,98.0,293451.902721,300056.029953,300056.030087,3030.868990777778,0.027600000000000003,293451.902721,29486.2593967141,87.50692880000001,67.3890533877551,19.42345624745851,0.3266056676659705,49,64,,True,False,Request timeout: 300.0s exceeded,450,21.16838264042747
382,2026-09-14T02:30:39.081+00:00,2026-09-14T02:35:32.678+00:00,2026-09-14T02:35:39.095+00:00,False,95,94.0,,94.0,293597.3512,300014.59894399997,300014.59910999995,3158.0484116842104,0.03563,293597.3512,30115.454618581924,88.201781,68.26859302127659,19.384908669396385,0.313318086289347,49,64,,True,False,Request timeout: 300.0s exceeded,445,21.16838264042747
383,2026-09-14T02:30:43.382+00:00,2026-09-14T02:35:36.942+00:00,2026-09-14T02:35:43.400+00:00,False,97,96.0,,96.0,293559.476924,300017.70617200003,300017.706138,3092.966042659794,0.034140000000000004,293559.476924,29799.625163979705,89.3501778,67.27322133333332,20.253974613081862,0.3199811145311645,49,64,,True,False,Request timeout: 300.0s exceeded,489,21.16838264042747
384,2026-09-14T02:30:46.449+00:00,2026-09-14T02:35:40.292+00:00,2026-09-14T02:35:46.527+00:00,False,91,90.0,,90.0,293842.272511,300077.582847,300077.582695,3297.555853791209,0.02117,293842.272511,30795.784363119234,90.19818500000001,69.28122595555556,21.09199241242169,0.2999224372114732,49,64,,True,False,Request timeout: 300.0s exceeded,463,21.16838264042747
385,2026-09-14T02:30:51.259+00:00,2026-09-14T02:35:45.215+00:00,2026-09-14T02:35:51.314+00:00,False,90,89.0,,89.0,293955.495477,300055.463989,300055.46381800005,3333.949597977778,0.02486,293955.495477,30978.412387680837,91.0518109,68.53897204494382,21.164322353384094,0.2966118290825816,49,64,,True,False,Request timeout: 300.0s exceeded,283,21.16838264042747
386,2026-09-14T02:30:56.065+00:00,2026-09-14T02:35:49.967+00:00,2026-09-14T02:35:56.141+00:00,False,89,88.0,,88.0,293901.674297,300076.01362499996,300076.01375,3371.6406039325843,0.02218,293901.674297,31146.083521342873,86.466839,70.1629469090909,18.801757063210392,0.29325902772746154,49,64,,True,False,Request timeout: 300.0s exceeded,383,21.16838264042747
387,2026-09-14T02:31:01.109+00:00,2026-09-14T02:35:54.962+00:00,2026-09-14T02:36:01.164+00:00,False,91,90.0,,90.0,293853.457204,300055.10098,300055.10080099996,3297.3088000109888,0.02224,293853.457204,30796.995412216602,89.98001500000001,68.90715306666667,20.127070096396995,0.2999449091385349,49,64,,True,False,Request timeout: 300.0s exceeded,429,21.16838264042747
388,2026-09-14T02:31:04.983+00:00,2026-09-14T02:35:58.918+00:00,2026-09-14T02:36:05.038+00:00,False,89,88.0,,88.0,293934.828718,300055.69041399995,300055.690206,3371.4122495056176,0.03653,293934.828718,31149.66349969316,89.657511,69.55524654545455,20.716653132954015,0.29327889059055184,49,64,,True,False,Request timeout: 300.0s exceeded,392,21.16838264042747
389,2026-09-14T02:31:10.107+00:00,2026-09-14T02:36:03.832+00:00,2026-09-14T02:36:10.191+00:00,False,91,90.0,,90.0,293725.550846,300084.09779,300084.09776200005,3297.6274479340664,0.047310000000000005,293725.550846,30783.40408070011,87.99508450000002,70.65052159999999,19.57831222964262,0.29991592577818743,49,64,,True,False,Request timeout: 300.0s exceeded,159,21.16838264042747
390,2026-09-14T02:31:14.087+00:00,2026-09-14T02:36:07.651+00:00,2026-09-14T02:36:14.121+00:00,False,96,95.0,,95.0,293564.30312199995,300034.34164999996,300034.34167099994,3125.3577257395827,0.020939,293564.30312199995,29954.83642123472,87.2440855,68.10566871578946,19.38169790493287,0.31663042129630836,49,64,,True,False,Request timeout: 300.0s exceeded,396,21.16838264042747
391,2026-09-14T02:31:16.992+00:00,2026-09-14T02:36:11.150+00:00,2026-09-14T02:36:17.020+00:00,False,85,84.0,,84.0,294157.68717299995,300027.74029299995,300027.74010799994,3529.7381189176467,0.024329,294157.68717299995,31898.306691899812,87.79974299999998,69.88158476190476,18.911192615300454,0.2799741114537196,49,64,,True,False,Request timeout: 300.0s exceeded,255,21.16838264042747
392,2026-09-14T02:31:20.286+00:00,2026-09-14T02:36:13.813+00:00,2026-09-14T02:36:20.331+00:00,False,95,94.0,,94.0,293526.791729,300045.021489,300045.021436,3158.3686466947365,0.03839,293526.791729,30108.104770736307,86.79230869999999,69.34286978723404,18.77542276994,0.3132863179449426,49,64,,True,False,Request timeout: 300.0s exceeded,446,21.16838264042747
393,2026-09-14T02:31:23.311+00:00,2026-09-14T02:36:16.936+00:00,2026-09-14T02:36:23.386+00:00,False,97,96.0,,96.0,293625.328444,300075.358524,300075.358595,3093.560397886598,0.02023,293625.328444,29806.319849035644,88.9505198,67.18781333333332,19.963392663800498,0.3199196377609991,49,64,,True,False,Request timeout: 300.0s exceeded,272,21.16838264042747
394,2026-09-14T02:31:26.458+00:00,2026-09-14T02:36:20.075+00:00,2026-09-14T02:36:26.540+00:00,False,98,97.0,,97.0,293617.345364,300082.162516,300082.162413,3062.0628817653064,0.023629999999999998,293617.345364,29653.10554572388,89.53770635,66.64759950515464,20.649080093619855,0.32324480464522143,49,64,,True,False,Request timeout: 300.0s exceeded,469,21.16838264042747
395,2026-09-14T02:31:31.721+00:00,2026-09-14T02:36:25.365+00:00,2026-09-14T02:36:31.750+00:00,False,89,88.0,,88.0,293644.090852,300028.793572,300028.793433,3371.1100385730338,0.03486,293644.090852,31118.52634147532,88.74694439999999,72.55344,18.797015007564184,0.29330518232038294,49,64,,True,False,Request timeout: 300.0s exceeded,435,21.16838264042747
396,2026-09-14T02:31:36.669+00:00,2026-09-14T02:36:30.402+00:00,2026-09-14T02:36:36.752+00:00,False,93,92.0,,92.0,293732.547714,300082.509442,300082.50936799997,3226.6936491182796,0.02366,293732.547714,30451.495850460957,89.11045600000001,69.02132313043478,20.330953865667357,0.30658234687210845,49,64,,True,False,Request timeout: 300.0s exceeded,134,21.16838264042747
397,2026-09-14T02:31:40.333+00:00,2026-09-14T02:36:34.080+00:00,2026-09-14T02:36:40.356+00:00,False,92,91.0,,91.0,293746.678868,300023.042388,300023.042547,3261.1200276847826,0.019969999999999998,293746.678868,30618.0249191621,89.08140200000001,68.9710276923077,21.308607628400658,0.30331003670816625,49,64,,True,False,Request timeout: 300.0s exceeded,194,21.16838264042747
398,2026-09-14T02:31:43.260+00:00,2026-09-14T02:36:37.082+00:00,2026-09-14T02:36:43.267+00:00,False,93,92.0,,92.0,293822.176133,300007.351173,300007.351353,3225.885498419355,0.05075,293822.176133,30460.975839724346,89.6775006,67.23016347826088,20.665890862480655,0.3066591523183976,49,64,,True,False,Request timeout: 300.0s exceeded,487,21.16838264042747
399,2026-09-14T02:31:47.556+00:00,2026-09-14T02:36:41.345+00:00,2026-09-14T02:36:47.602+00:00,False,91,90.0,,90.0,293789.335167,300046.004351,300046.00422500004,3297.2088376373626,0.03506,293789.335167,30790.210286388392,90.74248899999999,69.51854648888889,21.299791811677043,0.29995400270258604,49,64,,True,False,Request timeout: 300.0s exceeded,198,21.16838264042747
400,2026-09-14T02:31:51.473+00:00,2026-09-14T02:36:45.282+00:00,2026-09-14T02:36:51.517+00:00,False,94,93.0,,93.0,293808.507829,300043.553205,300043.553115,3191.952692712766,0.027219999999999998,293808.507829,30297.125315259967,88.2243808,67.04349866666666,20.09640023990319,0.3099550015542551,49,64,,True,False,Request timeout: 300.0s exceeded,445,21.16838264042747
401,2026-09-14T02:31:55.928+00:00,2026-09-14T02:36:49.724+00:00,2026-09-14T02:36:55.962+00:00,False,90,89.0,,89.0,293796.178622,300034.161854,300034.1618,3333.7129088888887,0.02102,293796.178622,30961.454378257997,87.21964550000001,70.08969923595507,19.499199167654364,0.29663288823526834,49,64,,True,False,Request timeout: 300.0s exceeded,470,21.16838264042747
402,2026-09-14T02:31:59.147+00:00,2026-09-14T02:36:52.657+00:00,2026-09-14T02:36:59.182+00:00,False,91,90.0,,90.0,293509.73647899996,300034.20291099994,300034.20302399993,3297.0791541098897,0.03557,293509.73647899996,30760.587161134375,89.778251,72.49407146666667,19.29894111542335,0.2999658009880192,49,64,,True,False,Request timeout: 300.0s exceeded,416,21.16838264042747
403,2026-09-14T02:32:02.037+00:00,2026-09-14T02:36:55.606+00:00,2026-09-14T02:37:02.056+00:00,False,92,91.0,,91.0,293569.072848,300019.196112,300019.195938,3261.078216717391,0.024739999999999998,293569.072848,30599.308224480294,88.97984455000001,70.88047542857143,19.930757280105464,0.30331392517307076,49,64,,True,False,Request timeout: 300.0s exceeded,413,21.16838264042747
404,2026-09-14T02:32:05.776+00:00,2026-09-14T02:36:59.693+00:00,2026-09-14T02:37:05.814+00:00,False,96,95.0,,95.0,293916.844667,300037.93881099997,300037.93887199997,3125.3951965833335,0.061590000000000006,293916.844667,29991.193136582475,90.02884475,64.4325699368421,20.47387008559759,0.31662662520769563,49,64,,True,False,Request timeout: 300.0s exceeded,349,21.16838264042747
405,2026-09-14T02:32:10.481+00:00,2026-09-14T02:37:04.048+00:00,2026-09-14T02:37:10.506+00:00,False,107,106.0,,106.0,293567.1418,300025.554344,300025.554233,2803.9771423644856,0.0,293567.1418,28374.330648766692,88.6637193,60.9284202264151,28.345803165669682,0.3533032385583519,49,64,,True,False,Request timeout: 300.0s exceeded,417,21.16838264042747
406,2026-09-14T02:32:13.508+00:00,2026-09-14T02:37:07.377+00:00,2026-09-14T02:37:13.562+00:00,False,92,91.0,,91.0,293869.090806,300054.112758,300054.112645,3261.457746141304,0.03993,293869.090806,30630.89132223786,88.74437705,67.9672741978022,20.464190746283847,0.3032786291897736,49,64,,True,False,Request timeout: 300.0s exceeded,303,21.16838264042747
407,2026-09-14T02:32:16.564+00:00,2026-09-14T02:37:10.289+00:00,2026-09-14T02:37:16.648+00:00,False,97,96.0,,96.0,293724.945243,300083.799387,300083.799375,3093.6474162371132,0.02714,293724.945243,29816.531160377595,88.8934768,66.238064,20.451847988003,0.3199106389485378,49,64,,True,False,Request timeout: 300.0s exceeded,336,21.16838264042747
408,2026-09-14T02:32:21.134+00:00,2026-09-14T02:37:14.769+00:00,2026-09-14T02:37:21.214+00:00,False,101,100.0,,100.0,293634.482478,300080.09323,300080.093159,2971.090031277228,0.0215,293634.482478,29211.316861480478,88.869761,64.45610752,20.959876143010295,0.33324436460819745,49,64,,True,False,Request timeout: 300.0s exceeded,539,21.16838264042747
409,2026-09-14T02:32:25.313+00:00,2026-09-14T02:37:19.238+00:00,2026-09-14T02:37:25.353+00:00,False,92,91.0,,91.0,293925.157359,300040.263151,300040.26307600003,3261.307207347826,0.06504,293925.157359,30636.81648312555,89.09301395,67.19896474725275,20.03310310922969,0.30329262827703496,49,64,,True,False,Request timeout: 300.0s exceeded,351,21.16838264042747
410,2026-09-14T02:32:29.718+00:00,2026-09-14T02:37:23.122+00:00,2026-09-14T02:37:29.811+00:00,False,99,98.0,,98.0,293403.424393,300092.38132100005,300092.381451,3031.2361762727273,0.02218,293403.424393,29481.300367327374,88.01669399999999,68.25466253061225,19.760692804035507,0.32656610463953184,49,64,,True,False,Request timeout: 300.0s exceeded,498,21.16838264042747
411,2026-09-14T02:32:34.596+00:00,2026-09-14T02:37:28.319+00:00,2026-09-14T02:37:34.675+00:00,False,92,91.0,,91.0,293722.619773,300078.28697300004,300078.286994,3261.720510804348,0.03415,293722.619773,30615.42398900942,86.8569755,69.8424967032967,18.610021228358768,0.3032541971561836,49,64,,True,False,Request timeout: 300.0s exceeded,434,21.16838264042747
412,2026-09-14T02:32:38.724+00:00,2026-09-14T02:37:32.713+00:00,2026-09-14T02:37:38.737+00:00,False,90,89.0,,89.0,293989.179281,300013.601681,300013.601784,3333.4844642666667,0.07124899999999999,293989.179281,30982.051368931927,88.48221549999998,67.6901393258427,19.504590696807682,0.2966532167252616,49,64,,True,False,Request timeout: 300.0s exceeded,408,21.16838264042747
413,2026-09-14T02:32:43.950+00:00,2026-09-14T02:37:37.410+00:00,2026-09-14T02:37:43.981+00:00,False,96,95.0,,95.0,293459.713621,300030.883413,300030.883295,3125.3217009895834,0.039200000000000006,293459.713621,29944.053496945795,88.179004,69.17020833684211,19.911086497440127,0.3166340708640655,49,64,,True,False,Request timeout: 300.0s exceeded,353,21.16838264042747
414,2026-09-14T02:32:48.718+00:00,2026-09-14T02:37:42.577+00:00,2026-09-14T02:37:48.728+00:00,False,90,89.0,,89.0,293858.56364,300009.72268,300009.722687,3333.4413631888888,0.02084,293858.56364,30968.132779127547,87.40337444999999,69.11414651685394,18.865177548647303,0.2966570523280349,49,64,,True,False,Request timeout: 300.0s exceeded,437,21.16838264042747
415,2026-09-14T02:32:53.118+00:00,2026-09-14T02:37:46.722+00:00,2026-09-14T02:37:53.207+00:00,False,96,95.0,,95.0,293603.37726499996,300089.112177,300089.112147,3125.9282515312498,0.026789999999999998,293603.37726499996,29958.80770898075,87.63177,68.27089381052632,19.635775899447957,0.3165726317453552,49,64,,True,False,Request timeout: 300.0s exceeded,318,21.16838264042747
416,2026-09-14T02:32:56.211+00:00,2026-09-14T02:37:49.790+00:00,2026-09-14T02:37:56.262+00:00,False,92,91.0,,91.0,293578.351356,300050.93094,300050.930925,3261.423162228261,0.02092,293578.351356,30600.249703330457,89.2413835,71.12724817582418,19.705541851780325,0.30328184523512414,49,64,,True,False,Request timeout: 300.0s exceeded,444,21.16838264042747
417,2026-09-14T02:32:59.209+00:00,2026-09-14T02:37:52.858+00:00,2026-09-14T02:37:59.283+00:00,False,92,91.0,,91.0,293649.487065,300074.783449,300074.78336299997,3261.6824278586955,0.0238,293649.487065,30607.72086201836,91.48228050000002,70.60765257142857,20.593600358323847,0.30325773780143755,49,64,,True,False,Request timeout: 300.0s exceeded,353,21.16838264042747
418,2026-09-14T02:33:03.865+00:00,2026-09-14T02:37:57.546+00:00,2026-09-14T02:38:03.894+00:00,False,91,90.0,,90.0,293681.23533399997,300029.256838,300029.25670599996,3297.0247989670324,0.026279,293681.23533399997,30778.77104338441,89.81505550000001,70.53357226666667,19.940515485954734,0.29997074601493035,49,64,,True,False,Request timeout: 300.0s exceeded,431,21.16838264042747
419,2026-09-14T02:33:08.753+00:00,2026-09-14T02:38:02.420+00:00,2026-09-14T02:38:08.801+00:00,False,93,92.0,,92.0,293667.128841,300047.211017,300047.21097400005,3226.3140964946238,0.04524,293667.128841,30444.67801668185,89.8316404,69.34871930434782,19.926175586642778,0.3066184141094632,49,64,,True,False,Request timeout: 300.0s exceeded,367,21.16838264042747
420,2026-09-14T02:33:13.449+00:00,2026-09-14T02:38:07.169+00:00,2026-09-14T02:38:13.538+00:00,False,105,104.0,,104.0,293720.65458499995,300088.9533369999,300088.95323399996,2857.9900307999997,0.01601,293720.65458499995,28659.686949046816,88.79347039999999,61.23364184615385,290.8737853188944,0.34656390661341,49,64,,True,False,Request timeout: 300.0s exceeded,434,21.16838264042747
421,2026-09-14T02:33:16.705+00:00,2026-09-14T02:38:12.720+00:00,2026-09-14T02:38:16.474+00:00,True,105,105.0,,105.0,296015.28358,299769.269372,299769.269477,2854.945423590476,0.01502,296015.28358,28884.635175619278,87.6590612,36.096017230769235,37.49523656510183,0.3502693929233279,49,64,,True,True,,538,21.16838264042747
422,2026-09-14T02:33:21.859+00:00,2026-09-14T02:38:15.020+00:00,2026-09-14T02:38:21.874+00:00,False,103,102.0,,102.0,293160.807752,300015.06132,300015.061376,2912.767586174757,0.03614,293160.807752,28879.378151172295,88.460648,67.19856439215687,19.789239734214856,0.33998293136092084,49,64,,True,False,Request timeout: 300.0s exceeded,517,21.16838264042747
423,2026-09-14T02:33:25.885+00:00,2026-09-14T02:38:19.206+00:00,2026-09-14T02:38:25.898+00:00,False,100,99.0,,99.0,293320.919753,300013.12250500004,300013.122488,3000.1312248800004,0.01952,293320.919753,29325.33891032885,88.79741345000001,67.59800759595959,19.97721204350574,0.32998556587587285,49,64,,True,False,Request timeout: 300.0s exceeded,499,21.16838264042747
424,2026-09-14T02:33:30.924+00:00,2026-09-14T02:38:24.753+00:00,2026-09-14T02:38:31.000+00:00,False,99,98.0,,98.0,293828.92113800003,300075.87973000004,300075.879764,3031.069492565657,0.041030000000000004,293828.92113800003,29524.51785345957,87.57587310000001,63.74447542857143,20.019894660994368,0.326584062964933,49,64,,True,False,Request timeout: 300.0s exceeded,286,21.16838264042747
425,2026-09-14T02:33:33.992+00:00,2026-09-14T02:38:27.579+00:00,2026-09-14T02:38:34.076+00:00,False,99,98.0,,98.0,293587.040417,300083.404193,300083.404095,3031.145495909091,0.03461,293587.040417,29499.952623403,89.218981,66.28942628571428,20.705696503781923,0.32657587400925,49,64,,True,False,Request timeout: 300.0s exceeded,239,21.16838264042747
426,2026-09-14T02:33:39.091+00:00,2026-09-14T02:38:32.654+00:00,2026-09-14T02:38:39.137+00:00,False,92,91.0,,91.0,293562.38248699997,300045.51797499997,300045.51781399996,3261.364324065217,0.0241,293562.38248699997,30598.572509701185,89.0390351,71.24324712087912,19.339896449599085,0.3032873165850196,49,64,,True,False,Request timeout: 300.0s exceeded,417,21.16838264042747
427,2026-09-14T02:33:42.216+00:00,2026-09-14T02:38:35.724+00:00,2026-09-14T02:38:42.259+00:00,False,97,96.0,,96.0,293507.500351,300043.008831,300043.008876,3093.226895628866,0.02121,293507.500351,29794.265512583,89.85469060000001,68.07821333333332,19.501835562595556,0.31995413048958005,49,64,,True,False,Request timeout: 300.0s exceeded,434,21.16838264042747
428,2026-09-14T02:33:47.374+00:00,2026-09-14T02:38:40.733+00:00,2026-09-14T02:38:47.427+00:00,False,105,104.0,,104.0,293359.557021,300053.016477,300053.01652500004,2857.6477764285714,0.03996,293359.557021,28622.687807430644,85.91021640000001,64.36018707692308,20.69405047819749,0.3466054140068007,49,64,,True,False,Request timeout: 300.0s exceeded,516,21.16838264042747
429,2026-09-14T02:33:52.621+00:00,2026-09-14T02:38:46.057+00:00,2026-09-14T02:38:52.659+00:00,False,100,99.0,,99.0,293435.694339,300038.328323,300038.328443,3000.38328443,0.035679999999999996,293435.694339,29336.90653508109,87.78623335,66.69327256565657,19.520171343976426,0.3299578442305665,49,64,,True,False,Request timeout: 300.0s exceeded,225,21.16838264042747
430,2026-09-14T02:33:55.794+00:00,2026-09-14T02:38:49.488+00:00,2026-09-14T02:38:55.877+00:00,False,95,94.0,,94.0,293693.11747399997,300082.425122,300082.425099,3158.7623694631575,0.02527,293693.11747399997,30125.311204330075,88.591926,67.97135795744681,20.424381330701983,0.3132472685189206,49,64,,True,False,Request timeout: 300.0s exceeded,464,21.16838264042747
431,2026-09-14T02:33:59.579+00:00,2026-09-14T02:38:53.471+00:00,2026-09-14T02:38:59.599+00:00,False,92,91.0,,91.0,293891.90256300004,300019.52777900005,300019.52786000003,3261.0818245652176,0.023969999999999998,293891.90256300004,30633.335190891416,89.68493255,67.33654083516483,20.191217654091584,0.30331358986416473,49,64,,True,False,Request timeout: 300.0s exceeded,361,21.16838264042747
432,2026-09-14T02:34:02.788+00:00,2026-09-14T02:38:56.379+00:00,2026-09-14T02:39:02.820+00:00,False,95,94.0,,94.0,293591.32332599995,300032.21855799994,300032.21853199997,3158.23387928421,0.02625,293591.32332599995,30114.81059004387,88.2357877,68.52016204255318,19.740294663782546,0.3132996864529355,49,64,,True,False,Request timeout: 300.0s exceeded,432,21.16838264042747
433,2026-09-14T02:34:07.932+00:00,2026-09-14T02:39:01.762+00:00,2026-09-14T02:39:07.943+00:00,False,96,95.0,,95.0,293830.24402,300010.888116,300010.88836499996,3125.1134204687496,0.02184,293830.24402,29982.290390097893,88.041669,65.0594115368421,20.28047936491355,0.3166551740724423,49,64,,True,False,Request timeout: 300.0s exceeded,349,21.16838264042747
434,2026-09-14T02:34:12.760+00:00,2026-09-14T02:39:06.431+00:00,2026-09-14T02:39:12.802+00:00,False,97,96.0,,96.0,293671.155973,300042.905861,300042.905906,3093.225834082474,0.028399999999999998,293671.155973,29811.056195868365,89.83310999999999,66.37239466666666,20.666367594015856,0.3199542402927988,49,64,,True,False,Request timeout: 300.0s exceeded,442,21.16838264042747
435,2026-09-14T02:34:15.836+00:00,2026-09-14T02:39:09.765+00:00,2026-09-14T02:39:15.876+00:00,False,92,91.0,,91.0,293929.621227,300040.912107,300040.91198000003,3261.314260652174,0.02587,293929.621227,30637.28619384098,88.01596359999999,67.15704263736265,19.955125235680093,0.30329197228792504,49,64,,True,False,Request timeout: 300.0s exceeded,450,21.16838264042747
436,2026-09-14T02:34:21.053+00:00,2026-09-14T02:39:14.745+00:00,2026-09-14T02:39:21.084+00:00,False,93,92.0,,92.0,293692.739876,300031.799588,300031.79966799996,3226.1483835268814,0.037380000000000004,293692.739876,30447.38007637479,87.4044794,68.90282295652173,20.05319779669065,0.30663416386640774,49,64,,True,False,Request timeout: 300.0s exceeded,304,21.16838264042747
437,2026-09-14T02:34:25.771+00:00,2026-09-14T02:39:19.567+00:00,2026-09-14T02:39:25.857+00:00,False,94,93.0,,93.0,293796.671755,300086.07207500003,300086.072062,3192.40502193617,0.02185,293796.671755,30295.84421138804,87.99909935000001,67.62796043010754,20.060382441960538,0.30991108436634357,49,64,,True,False,Request timeout: 300.0s exceeded,434,21.16838264042747
438,2026-09-14T02:34:29.426+00:00,2026-09-14T02:39:22.845+00:00,2026-09-14T02:39:29.455+00:00,False,99,98.0,,98.0,293419.203599,300029.628943,300029.628938,3030.6023125050506,0.02528,293419.203599,29482.967307517665,87.5914019,67.45331983673469,20.547789391617457,0.32663440722588827,49,64,,True,False,Request timeout: 300.0s exceeded,464,21.16838264042747
439,2026-09-14T02:34:34.374+00:00,2026-09-14T02:39:27.883+00:00,2026-09-14T02:39:34.445+00:00,False,100,99.0,,99.0,293508.46828,300070.656568,300070.656691,3000.7065669099998,0.01866,293508.46828,29344.22486938102,87.6204184,66.28473018181818,19.65269707435533,0.32992229607617524,49,64,,True,False,Request timeout: 300.0s exceeded,496,21.16838264042747
440,2026-09-14T02:34:38.191+00:00,2026-09-14T02:39:31.640+00:00,2026-09-14T02:39:38.239+00:00,False,135,134.0,,134.0,293448.99750199995,300047.99474999995,300047.99475599994,2222.577738933333,0.02038,293448.99750199995,25251.84133019966,86.76702300000001,49.246248119402985,24.001697571179765,0.44659521924700357,49,64,,True,False,Request timeout: 300.0s exceeded,649,21.16838264042747
0,2026-09-14T02:04:40.939+00:00,2026-09-14T02:04:41.211+00:00,2026-09-14T02:04:52.083+00:00,True,209,209.0,,209.0,271.35695799999996,11143.265566,11143.265576,53.3170601722488,0.059979,271.35695799999996,24.22080442424608,91.88403840000001,52.26879138461538,18.939609619987664,18.755722796169785,50,64,,False,True,,961,21.16838264042747
1,2026-09-14T02:04:44.146+00:00,2026-09-14T02:04:44.282+00:00,2026-09-14T02:04:54.650+00:00,True,170,170.0,,170.0,135.86450399999998,10503.341751999998,10503.341866,61.784363917647056,0.028379,135.86450399999998,22.166520262945433,96.07060095000001,61.346019218934906,21.480701945736932,16.1853250150248,50,64,,False,True,,798,21.16838264042747
2,2026-09-14T02:04:47.628+00:00,2026-09-14T02:04:49.786+00:00,2026-09-14T02:05:05.030+00:00,True,233,233.0,,233.0,2158.137151,17402.481471,17402.481477,74.68876170386267,41.154333,2158.137151,138.78547231407137,96.279439,65.70838068965517,21.740207633105527,13.38889516350171,50,64,,False,True,,974,21.16838264042747
3,2026-09-14T02:04:52.073+00:00,2026-09-14T02:04:58.097+00:00,2026-09-14T02:05:11.763+00:00,True,211,211.0,,211.0,6024.656583999999,19690.32212,19690.322225,93.31906267772511,40.587674,6024.656583999999,410.83252470838323,95.64710899999999,65.07459779047619,21.45587378765947,10.715924234966248,50,64,,False,True,,758,21.16838264042747
4,2026-09-14T02:04:55.402+00:00,2026-09-14T02:05:04.454+00:00,2026-09-14T02:05:17.045+00:00,True,191,191.0,,191.0,9052.068193,21642.409312999996,21642.409412,113.31104404188481,19.25923,9052.068193,650.565621979077,95.45349399999999,66.26495326315789,22.16537675037275,8.825265118947343,50,64,,False,True,,793,21.16838264042747
5,2026-09-14T02:04:59.374+00:00,2026-09-14T02:05:11.308+00:00,2026-09-14T02:05:27.869+00:00,True,248,248.0,,248.0,11934.160159,28494.532127,28494.532192,114.89730722580644,20.552846000000002,11934.160159,753.8968818398238,94.93565869999999,67.0460403562753,22.497027583508054,8.703424183091167,50,64,,False,True,,1196,21.16838264042747
6,2026-09-14T02:05:02.205+00:00,2026-09-14T02:05:15.777+00:00,2026-09-14T02:05:28.102+00:00,True,185,185.0,,185.0,13572.409608,25897.834504,25897.834603,139.98829515135134,39.507477,13572.409608,993.1907049300551,94.42458919999999,66.98600486956522,22.442505107684905,7.143454406252623,50,64,,False,True,,920,21.16838264042747
7,2026-09-14T02:05:05.374+00:00,2026-09-14T02:05:21.370+00:00,2026-09-14T02:05:28.283+00:00,True,106,106.0,,106.0,15995.240582,22908.989062,22908.989032,216.12253803773586,41.078523999999994,15995.240582,1547.3509734260745,94.65601525,65.84522361904762,21.743466336970492,4.627004697288288,50,64,,False,True,,501,21.16838264042747
8,2026-09-14T02:05:08.604+00:00,2026-09-14T02:05:27.190+00:00,2026-09-14T02:05:44.291+00:00,True,258,258.0,,258.0,18586.479261,35686.888605,35686.888776,138.32127432558138,0.020050000000000002,18586.479261,1153.302952976599,95.90915999999999,66.53855775875486,26.434411087819207,7.229545922472274,50,64,,False,True,,1243,21.16838264042747
9,2026-09-14T02:05:13.012+00:00,2026-09-14T02:05:34.763+00:00,2026-09-14T02:05:45.149+00:00,True,160,160.0,,160.0,21750.527535,32137.011759,32137.011737,200.85632335625002,0.01731,21750.527535,1714.6056338404871,96.24575695,65.3238001509434,28.76284831314606,4.978683183111816,50,64,,False,True,,764,21.16838264042747
10,2026-09-14T02:05:16.931+00:00,2026-09-14T02:05:42.747+00:00,2026-09-14T02:05:57.911+00:00,True,230,230.0,,230.0,25815.637258000002,40979.39201,40979.392074,178.17126988695654,39.622917,25815.637258000002,1698.0030296171885,95.71546500000001,66.21726965938865,21.58143040301916,5.612577169126233,50,64,,False,True,,747,21.16838264042747
11,2026-09-14T02:05:20.300+00:00,2026-09-14T02:05:47.453+00:00,2026-09-14T02:06:05.956+00:00,True,279,279.0,,279.0,27153.450859,45656.882027,45656.882098,163.64473870250896,39.245827,27153.450859,1621.792429983475,95.5406188,66.5591049208633,21.5478491985855,6.110798364089086,50,64,,False,True,,827,21.16838264042747
12,2026-09-14T02:05:23.335+00:00,2026-09-14T02:05:52.937+00:00,2026-09-14T02:05:59.443+00:00,True,100,100.0,,100.0,29601.889949,36107.530397,36107.5306,361.075306,40.042604,29601.889949,2953.698544415573,96.37354789999999,65.71353987878787,21.972719040180053,2.7695053885022416,50,64,,False,True,,463,21.16838264042747
13,2026-09-14T02:05:26.085+00:00,2026-09-14T02:05:57.444+00:00,2026-09-14T02:06:07.413+00:00,True,151,151.0,,151.0,31358.439838,41327.873693999994,41327.87377,273.6945282781457,40.371055,31358.439838,2546.5986385179776,94.99870000000001,66.46289237333333,21.91506344682696,3.6537084176658783,50,64,,False,True,,511,21.16838264042747
14,2026-09-14T02:05:29.757+00:00,2026-09-14T02:06:04.290+00:00,2026-09-14T02:06:22.620+00:00,True,274,274.0,,274.0,34532.92136,52862.874896,52862.875065,192.9302009671533,34.847977,34532.92136,2082.264107144681,94.47117699999998,67.14268694505495,21.46866299833578,5.183221694602404,50,64,,False,True,,1302,21.16838264042747
15,2026-09-14T02:05:33.304+00:00,2026-09-14T02:06:10.353+00:00,2026-09-14T02:06:25.372+00:00,True,228,228.0,,228.0,37048.68219,52067.659214,52067.659203,228.36692632894736,7.095625,37048.68219,2449.3318175823156,93.69531950000001,66.16289437885463,22.690915524182635,4.378917805060365,50,64,,False,True,,1067,21.16838264042747
16,2026-09-14T02:05:37.288+00:00,2026-09-14T02:06:17.733+00:00,2026-09-14T02:06:28.129+00:00,True,158,158.0,,158.0,40445.215414,50840.894902,50840.894799,321.7778151835443,6.711366,40445.215414,3212.464926699864,94.22331485,66.21451903184713,23.31905689934274,3.1077344390683517,50,64,,False,True,,666,21.16838264042747
17,2026-09-14T02:05:41.896+00:00,2026-09-14T02:06:25.503+00:00,2026-09-14T02:06:44.788+00:00,True,289,289.0,,289.0,43607.71887,62892.721366,62892.721387,217.62187331141868,0.017839999999999998,43607.71887,2561.3861212873367,94.5284418,66.96181422222223,29.133870437225145,4.5951263313632715,50,64,,False,True,,1148,21.16838264042747
18,2026-09-14T02:05:45.500+00:00,2026-09-14T02:06:32.507+00:00,2026-09-14T02:06:50.706+00:00,True,271,271.0,,271.0,47006.902707999994,65205.657011999996,65205.657092999994,240.61128078597784,0.01687,47006.902707999994,2851.53071093819,95.92691900000001,67.40279371851852,30.183107215330054,4.1560811196201435,50,64,,False,True,,1412,21.16838264042747
19,2026-09-14T02:05:49.894+00:00,2026-09-14T02:06:39.388+00:00,2026-09-14T02:06:47.374+00:00,True,119,119.0,,119.0,49493.819618,57480.585954,57480.585863,483.030133302521,11.717215,49493.819618,4530.947976752609,94.18944289999999,67.68446047457627,23.72632670409091,2.070264212254763,50,64,,False,True,,731,21.16838264042747
20,2026-09-14T02:05:52.806+00:00,2026-09-14T02:06:44.557+00:00,2026-09-14T02:06:51.532+00:00,True,106,106.0,,106.0,51751.274254,58726.028558000005,58726.028710000006,554.0191387735849,7.968983000000001,51751.274254,5020.134984233619,96.35306650000001,66.42623146666666,24.406935380649198,1.8049918001063272,50,64,,False,True,,420,21.16838264042747
21,2026-09-14T02:05:57.013+00:00,2026-09-14T02:06:51.626+00:00,2026-09-14T02:07:00.742+00:00,True,136,136.0,,136.0,54612.674129,63729.046609,63729.046475999996,468.5959299705882,39.960856,54612.674129,4677.257835476275,95.49452124999999,67.52868503703704,21.750915903773084,2.1340347492471934,50,64,,False,True,,604,21.16838264042747
22,2026-09-14T02:06:00.253+00:00,2026-09-14T02:06:57.869+00:00,2026-09-14T02:07:04.988+00:00,True,104,104.0,,104.0,57615.434379,64734.285963,64734.285935,622.4450570673076,39.644176,57615.434379,5642.923132373087,96.09616584999999,69.1150639223301,21.946896760975854,1.6065675005582511,50,64,,False,True,,470,21.16838264042747
23,2026-09-14T02:06:05.034+00:00,2026-09-14T02:07:05.704+00:00,2026-09-14T02:07:23.469+00:00,True,265,265.0,,265.0,60670.158424999994,78435.382361,78435.382264,295.98257458113204,0.0,60670.158424999994,3722.892040502253,96.2533868,67.29251490909091,25.584781058864934,3.378577269889928,50,64,,False,True,,1050,21.16838264042747
24,2026-09-14T02:06:08.176+00:00,2026-09-14T02:07:11.344+00:00,2026-09-14T02:07:29.286+00:00,True,271,271.0,,271.0,63167.54885100001,81109.64088300001,81109.64079800001,299.2975675202952,0.01866,63167.54885100001,3833.2861333554297,96.5097215,66.45219271111111,35.90029764863066,3.341156452546933,50,64,,False,True,,372,21.16838264042747
25,2026-09-14T02:06:12.741+00:00,2026-09-14T02:07:20.149+00:00,2026-09-14T02:07:30.130+00:00,True,150,150.0,,150.0,67408.525414,77389.466214,77389.466253,515.9297750200001,0.016190000000000003,67408.525414,5498.583681277492,95.01260989999999,66.98617986577182,43.386928206814005,1.9382482828504706,50,64,,False,True,,289,21.16838264042747
26,2026-09-14T02:06:15.484+00:00,2026-09-14T02:07:24.762+00:00,2026-09-14T02:07:31.697+00:00,True,105,105.0,,105.0,69278.129405,76212.982013,76212.982067,725.837924447619,0.01644,69278.129405,6754.532960976383,95.6767806,66.68127507692309,50.53578363736483,1.3777180373560198,50,64,,False,True,,451,21.16838264042747
27,2026-09-14T02:06:20.272+00:00,2026-09-14T02:07:32.661+00:00,2026-09-14T02:07:42.843+00:00,True,156,156.0,,156.0,72388.48525,82570.70656199999,82570.706578,529.2994011410257,37.977509,72388.48525,5790.496047140835,93.32778549999999,65.6917504,21.141751237335992,1.8892898764631987,50,64,,False,True,,382,21.16838264042747
28,2026-09-14T02:06:24.536+00:00,2026-09-14T02:07:40.154+00:00,2026-09-14T02:07:55.976+00:00,True,246,246.0,,246.0,75617.52412100001,91439.44360900001,91439.443654,371.70505550406506,0.0,75617.52412100001,4817.139278999719,93.76430524999999,64.57926321632652,23.9821963291004,2.690305083787575,50,64,,False,True,,1197,21.16838264042747
29,2026-09-14T02:06:27.608+00:00,2026-09-14T02:07:45.640+00:00,2026-09-14T02:08:05.069+00:00,True,300,300.0,,300.0,78031.642084,97460.68963600001,97460.68962500001,324.8689654166667,0.0,78031.642084,4501.470038942482,93.355278,64.9800921471572,23.80054710237122,3.0781641410547342,50,64,,False,True,,1567,21.16838264042747
30,2026-09-14T02:06:32.416+00:00,2026-09-14T02:07:53.472+00:00,2026-09-14T02:08:00.360+00:00,True,107,107.0,,107.0,81055.645064,87944.169864,87944.170014,821.9081309719626,38.813928,81055.645064,7829.691531246075,93.944068,64.98608301886793,21.411557970465037,1.2166809939245389,50,64,,False,True,,532,21.16838264042747
31,2026-09-14T02:06:36.843+00:00,2026-09-14T02:08:00.543+00:00,2026-09-14T02:08:20.423+00:00,True,300,300.0,,300.0,83700.319355,103579.919227,103579.919331,345.26639777,0.0,83700.319355,4828.667483981543,96.04316594999999,66.48695609364549,25.273199876212377,2.896314287931975,50,64,,False,True,,1221,21.16838264042747
32,2026-09-14T02:06:41.399+00:00,2026-09-14T02:08:09.156+00:00,2026-09-14T02:08:27.002+00:00,True,270,270.0,,270.0,87757.03370999999,105603.06532599998,105603.06518099998,391.12246363333327,0.0,87757.03370999999,5336.870538273275,96.5839285,66.34212496654276,44.51911722797458,2.556743965400072,50,64,,False,True,,980,21.16838264042747
33,2026-09-14T02:06:44.041+00:00,2026-09-14T02:08:14.430+00:00,2026-09-14T02:08:26.483+00:00,True,179,179.0,,179.0,90389.011877,102442.061477,102442.06141899999,572.3020191005586,0.0,90389.011877,6751.144143606679,95.219012,67.71376179775281,53.82453120634564,1.7473291480002926,50,64,,False,True,,606,21.16838264042747
34,2026-09-14T02:06:46.703+00:00,2026-09-14T02:08:18.980+00:00,2026-09-14T02:08:29.106+00:00,True,156,156.0,,156.0,92276.60803,102402.57103800001,102402.570981,656.4267370576923,0.01549,92276.60803,7383.008983771554,96.15537975,65.3287936,54.25023493392033,1.523399250807002,50,64,,False,True,,796,21.16838264042747
35,2026-09-14T02:06:50.198+00:00,2026-09-14T02:08:25.465+00:00,2026-09-14T02:08:42.663+00:00,True,258,258.0,,258.0,95267.787213,112465.546189,112465.546166,435.91296963565895,0.0,95267.787213,5926.995766593885,95.73032885,66.91735010116732,24.022874676772194,2.294035895814948,50,64,,False,True,,1203,21.16838264042747
36,2026-09-14T02:06:54.778+00:00,2026-09-14T02:08:33.752+00:00,2026-09-14T02:08:41.443+00:00,True,114,114.0,,114.0,98974.338877,106665.750077,106665.750169,935.6644751666666,0.0,98974.338877,9263.458742332237,95.75153365,68.06558584070795,26.48213096754692,1.068759183877726,50,64,,False,True,,277,21.16838264042747
37,2026-09-14T02:06:59.071+00:00,2026-09-14T02:08:41.807+00:00,2026-09-14T02:08:56.286+00:00,True,217,217.0,,217.0,102735.512355,117214.761763,117214.761704,540.1601921843318,39.826845999999996,102735.512355,6969.626435398176,95.97285380000001,67.03356207407407,22.440199661545094,1.8513026579259593,50,64,,False,True,,1257,21.16838264042747
38,2026-09-14T02:07:03.942+00:00,2026-09-14T02:08:50.628+00:00,2026-09-14T02:08:59.321+00:00,True,130,130.0,,130.0,106686.39617299999,115379.48212499998,115379.48193499999,887.5344764230769,0.0,106686.39617299999,9351.154901170026,93.60852544999997,67.38826319379845,30.486670183574784,1.126716792325003,50,64,,False,True,,528,21.16838264042747
39,2026-09-14T02:07:08.056+00:00,2026-09-14T02:08:58.181+00:00,2026-09-14T02:09:13.656+00:00,True,237,237.0,,237.0,110125.405966,125599.971854,125599.971814,529.957686978903,0.0,110125.405966,7149.208998390691,96.395304,65.57019444067797,27.95409392171762,1.8869430980087614,50,64,,False,True,,1071,21.16838264042747
40,2026-09-14T02:07:10.821+00:00,2026-09-14T02:09:02.549+00:00,2026-09-14T02:09:16.565+00:00,True,211,211.0,,211.0,111727.86670900001,125744.25890100001,125744.25886700001,595.9443548199052,37.78407,111727.86670900001,7687.101088405371,96.26338700000001,66.74472472380953,22.38440793354755,1.6780090148379885,50,64,,False,True,,760,21.16838264042747
41,2026-09-14T02:07:15.172+00:00,2026-09-14T02:09:10.605+00:00,2026-09-14T02:09:27.797+00:00,True,254,254.0,,254.0,115433.207758,132624.89595,132624.89589,522.1452594094488,0.0,115433.207758,7238.846790460764,98.05158515000001,67.95133672727273,52.10763714458528,1.9151758663453262,50,64,,False,True,,1131,21.16838264042747
42,2026-09-14T02:07:18.388+00:00,2026-09-14T02:09:16.659+00:00,2026-09-14T02:09:31.168+00:00,True,218,218.0,,218.0,118270.57265199999,132779.19038,132779.190401,609.0788550504586,0.0,118270.57265199999,8005.955103188699,95.8974465,66.85998952995392,55.210425691990075,1.641823537077663,50,64,,False,True,,1000,21.16838264042747
43,2026-09-14T02:07:21.939+00:00,2026-09-14T02:09:22.873+00:00,2026-09-14T02:09:36.256+00:00,True,204,204.0,,204.0,120933.496803,134316.562403,134316.562329,658.4145212205882,38.881887,120933.496803,8462.453059796837,96.36233750000001,65.9264315270936,22.76891764475733,1.5188000373916928,50,64,,False,True,,1005,21.16838264042747
44,2026-09-14T02:07:25.837+00:00,2026-09-14T02:09:28.809+00:00,2026-09-14T02:09:38.720+00:00,True,152,152.0,,152.0,122972.41255400001,132883.737738,132883.737801,874.2351171118422,39.462607000000006,122972.41255400001,9969.078241856392,95.65912154999998,65.63791512582782,21.211920631278836,1.1438570481791424,50,64,,False,True,,690,21.16838264042747
45,2026-09-14T02:07:29.629+00:00,2026-09-14T02:09:35.195+00:00,2026-09-14T02:09:54.337+00:00,True,289,289.0,,289.0,125566.595101,144708.090397,144708.090405,500.7200360034602,0.0,125566.595101,7382.411942713781,95.17460500000001,66.46352533333334,27.559119532653394,1.9971239977470627,50,64,,False,True,,1032,21.16838264042747
46,2026-09-14T02:07:33.853+00:00,2026-09-14T02:09:42.954+00:00,2026-09-14T02:09:50.703+00:00,True,122,122.0,,122.0,129100.574343,136849.165703,136849.165768,1121.7144735081968,0.0,129100.574343,11682.470952009246,94.49087350000002,64.03794512396694,34.9551163630737,0.8914924645194641,50,64,,False,True,,549,21.16838264042747
47,2026-09-14T02:07:38.243+00:00,2026-09-14T02:09:51.058+00:00,2026-09-14T02:10:09.525+00:00,True,276,276.0,,276.0,132815.508421,151282.77856500002,151282.778529,548.1260091630435,34.851686,132815.508421,7990.54184453034,94.88586675,67.15370961454545,21.89217544624495,1.8243980089340712,50,64,,False,True,,1232,21.16838264042747
48,2026-09-14T02:07:40.940+00:00,2026-09-14T02:09:55.760+00:00,2026-09-14T02:10:04.149+00:00,True,128,128.0,,128.0,134820.852343,143209.939319,143209.939396,1118.82765153125,39.027167,134820.852343,11910.773104942169,94.91436485,66.05580296062992,21.527448167622584,0.8937927116558588,50,64,,False,True,,579,21.16838264042747
49,2026-09-14T02:07:45.438+00:00,2026-09-14T02:10:02.952+00:00,2026-09-14T02:10:18.467+00:00,True,220,220.0,,220.0,137514.089039,153029.32743900002,153029.327431,695.5878519590909,0.0,137514.089039,9266.658910183141,96.084885,70.84583744292237,66.47474097321101,1.437632927503361,50,64,,False,True,,429,21.16838264042747
50,2026-09-14T02:07:49.395+00:00,2026-09-14T02:10:10.254+00:00,2026-09-14T02:10:29.836+00:00,True,299,299.0,,299.0,140859.263909,160441.515685,160441.515672,536.5936978996656,0.0,140859.263909,8142.508491973517,96.483149,65.7122542818792,58.18109645479059,1.8636074255683073,50,64,,False,True,,1574,21.16838264042747
51,2026-09-14T02:07:52.861+00:00,2026-09-14T02:10:16.555+00:00,2026-09-14T02:10:28.927+00:00,True,192,192.0,,192.0,143693.72916,156065.33952799998,156065.339511,812.8403099531249,0.01551,143693.72916,10365.749114859847,95.9986395,64.77282915183247,68.02495235514243,1.230253947357433,50,64,,False,True,,701,21.16838264042747
52,2026-09-14T02:07:56.287+00:00,2026-09-14T02:10:23.572+00:00,2026-09-14T02:10:41.554+00:00,True,269,269.0,,269.0,147285.302149,165267.274629,165267.274622,614.3764855836431,0.0,147285.302149,8976.103629810408,96.742114,67.09691223880597,30.385261528380383,1.6276664609122664,50,64,,False,True,,1384,21.16838264042747
53,2026-09-14T02:07:59.160+00:00,2026-09-14T02:10:28.082+00:00,2026-09-14T02:10:35.150+00:00,True,106,106.0,,106.0,148921.369891,155989.844259,155989.84427200002,1471.6023044528304,41.625042,148921.369891,14457.999089236679,95.444936,67.3188035047619,21.30762011381442,0.6795314175966569,50,64,,False,True,,338,21.16838264042747
54,2026-09-14T02:08:02.945+00:00,2026-09-14T02:10:34.840+00:00,2026-09-14T02:10:52.705+00:00,True,270,270.0,,270.0,151894.875746,169760.39305800002,169760.39290500002,628.7421959444445,0.0,151894.875746,9240.037402947459,96.79588090000001,66.41456249814127,30.90963395476588,1.590476996054977,50,64,,False,True,,1116,21.16838264042747
55,2026-09-14T02:08:07.492+00:00,2026-09-14T02:10:42.562+00:00,2026-09-14T02:11:00.473+00:00,True,273,273.0,,273.0,155070.066182,172981.388806,172981.38867400002,633.6314603443224,7.574054,155070.066182,9381.307629474035,94.536554,65.85045082352941,22.010372158572903,1.5782044639852653,50,64,,False,True,,1083,21.16838264042747
56,2026-09-14T02:08:10.514+00:00,2026-09-14T02:10:47.532+00:00,2026-09-14T02:10:56.822+00:00,True,142,142.0,,142.0,157018.042914,166307.517218,166307.51720499998,1171.1796986267605,13.297291999999999,157018.042914,13171.152375913363,95.67401215,65.8827964822695,22.852488980548916,0.8538399368554274,50,64,,False,True,,658,21.16838264042747
57,2026-09-14T02:08:14.486+00:00,2026-09-14T02:10:54.642+00:00,2026-09-14T02:11:03.665+00:00,True,140,140.0,,140.0,160155.372396,169178.46615599998,169178.46617899998,1208.4176155642856,39.970776,160155.372396,13530.129111200156,91.9408515,64.9143435971223,20.840435976131623,0.8275284862253425,50,64,,False,True,,300,21.16838264042747
58,2026-09-14T02:08:18.032+00:00,2026-09-14T02:11:01.100+00:00,2026-09-14T02:11:12.384+00:00,True,171,171.0,,171.0,163068.096632,174351.873144,174351.873219,1019.6015977719298,0.0,163068.096632,12465.100719978724,94.7825255,66.37515595294118,34.52637289944831,0.9807752386965659,50,64,,False,True,,771,21.16838264042747
59,2026-09-14T02:08:21.379+00:00,2026-09-14T02:11:07.402+00:00,2026-09-14T02:11:22.438+00:00,True,225,225.0,,225.0,166023.307275,181058.532363,181058.532128,804.7045872355556,0.0,166023.307275,11063.792487930577,96.07860420000002,67.12154057142857,32.24276241980065,1.2426920568918718,50,64,,False,True,,1044,21.16838264042747
60,2026-09-14T02:08:25.719+00:00,2026-09-14T02:11:14.428+00:00,2026-09-14T02:11:33.494+00:00,True,287,287.0,,287.0,168709.091581,187775.281661,187775.28169799998,654.2692742090592,0.01551,168709.091581,9954.847093029257,97.10389730000001,66.66500027972027,63.11873097340433,1.5284226840790223,50,64,,False,True,,1116,21.16838264042747
61,2026-09-14T02:08:28.901+00:00,2026-09-14T02:11:20.962+00:00,2026-09-14T02:11:39.575+00:00,True,283,283.0,,283.0,172061.14969800002,190674.24563400002,190674.24553000001,673.7605849116609,0.01591,172061.14969800002,10224.254706220598,95.05777320000001,66.00388629787234,64.78518275198522,1.4842067373022136,50,64,,False,True,,930,21.16838264042747
62,2026-09-14T02:08:33.053+00:00,2026-09-14T02:11:27.768+00:00,2026-09-14T02:11:37.955+00:00,True,162,162.0,,162.0,174714.523511,184901.299575,184901.29957200002,1141.3660467407408,0.019149999999999997,174714.523511,13721.917547021332,94.6117506,63.271901018633535,23.07743492161177,0.8761431118783957,50,64,,False,True,,669,21.16838264042747
63,2026-09-14T02:08:37.221+00:00,2026-09-14T02:11:35.275+00:00,2026-09-14T02:11:44.876+00:00,True,147,147.0,,147.0,178053.63237799998,187654.54680999997,187654.546793,1276.5615428095236,0.0,178053.63237799998,14680.234857011543,95.9750457,65.75968789041096,35.46327777054716,0.7833543204729132,50,64,,False,True,,615,21.16838264042747
64,2026-09-14T02:08:40.113+00:00,2026-09-14T02:11:41.047+00:00,2026-09-14T02:11:52.085+00:00,True,164,164.0,,164.0,180934.25332699998,191972.846351,191972.84643299997,1170.5661367865853,0.0,180934.25332699998,14123.343648739103,95.23681850000001,67.72142959509203,33.84566689978537,0.8542874844921823,50,64,,False,True,,811,21.16838264042747
65,2026-09-14T02:08:44.694+00:00,2026-09-14T02:11:48.269+00:00,2026-09-14T02:12:01.880+00:00,True,201,201.0,,201.0,183574.820169,197185.89344900002,197185.893603,981.0243462835822,39.522517,183574.820169,12943.589227683888,96.082757,68.05536640000001,22.824951036713443,1.0193426947754072,50,64,,False,True,,719,21.16838264042747
66,2026-09-14T02:08:48.078+00:00,2026-09-14T02:11:54.285+00:00,2026-09-14T02:12:04.263+00:00,True,153,153.0,,153.0,186206.539305,196185.112873,196185.112965,1282.2556402941177,42.148651,186206.539305,15048.61533461261,96.421033,65.64851031578948,22.179201955206604,0.7798756886259979,50,64,,False,True,,735,21.16838264042747
67,2026-09-14T02:08:52.106+00:00,2026-09-14T02:12:01.317+00:00,2026-09-14T02:12:17.861+00:00,True,247,247.0,,247.0,189210.589148,205754.913756,205754.91384,833.0158455060729,0.0,189210.589148,12034.949669858725,99.4977197,67.25335206504064,33.850288841669716,1.2004573572075736,50,64,,False,True,,1129,21.16838264042747
68,2026-09-14T02:08:55.461+00:00,2026-09-14T02:12:08.188+00:00,2026-09-14T02:12:20.419+00:00,True,183,183.0,,183.0,192726.354823,204958.082951,204958.083014,1119.9895246666667,0.0,192726.354823,14241.819403980799,97.63046309999999,67.20729740659341,36.06543456546607,0.8928654940812967,50,64,,False,True,,932,21.16838264042747
69,2026-09-14T02:08:59.189+00:00,2026-09-14T02:12:14.775+00:00,2026-09-14T02:12:34.330+00:00,True,296,296.0,,296.0,195585.080685,215140.684141,215140.68404999998,726.826635304054,0.0,195585.080685,11364.339996509842,95.45389875000001,66.29018120677966,30.6281988614302,1.3758439096810067,50,64,,False,True,,1897,21.16838264042747
70,2026-09-14T02:09:03.023+00:00,2026-09-14T02:12:21.088+00:00,2026-09-14T02:12:38.646+00:00,True,269,269.0,,269.0,198064.74649599998,215622.78988799997,215622.79008099998,801.5717103382899,39.414447,198064.74649599998,12072.24472674918,95.1521774,65.51508728358209,21.187794736274395,1.247549019005484,50,64,,False,True,,1179,21.16838264042747
71,2026-09-14T02:09:06.729+00:00,2026-09-14T02:12:27.739+00:00,2026-09-14T02:12:35.635+00:00,True,122,122.0,,122.0,201010.34134400001,208906.496224,208906.49635300002,1712.3483307622953,39.915506,201010.34134400001,18192.72567960447,94.4384675,65.25747834710744,21.49922016560196,0.5839933281403825,50,64,,False,True,,598,21.16838264042747
72,2026-09-14T02:09:10.967+00:00,2026-09-14T02:12:35.416+00:00,2026-09-14T02:12:47.149+00:00,True,182,182.0,,182.0,204449.206616,216182.34684,216182.34670700002,1187.8150917967034,40.336645,204449.206616,15149.992735216298,94.794426,64.82397913812154,20.901491271346405,0.8418818773148998,50,64,,False,True,,742,21.16838264042747
73,2026-09-14T02:09:14.815+00:00,2026-09-14T02:12:43.029+00:00,2026-09-14T02:13:01.830+00:00,True,285,285.0,,285.0,208213.996928,227015.016832,227015.016794,796.5439185754386,0.0,208213.996928,12329.847016364978,96.271695,66.20077430985916,76.36778355628829,1.2554235573363466,50,64,,False,True,,1485,21.16838264042747
74,2026-09-14T02:09:18.213+00:00,2026-09-14T02:12:48.759+00:00,2026-09-14T02:12:57.924+00:00,True,141,141.0,,141.0,210545.685069,219710.776909,219710.776833,1558.2324598085106,0.0,210545.685069,17725.945015470912,95.48481799999999,65.46494171428571,105.69086707896862,0.6417527714555372,50,64,,False,True,,720,21.16838264042747
75,2026-09-14T02:09:22.567+00:00,2026-09-14T02:12:57.042+00:00,2026-09-14T02:13:10.651+00:00,True,205,205.0,,205.0,214474.839957,228083.808405,228083.80841499998,1112.6039434878048,39.099807999999996,214474.839957,14974.930375166065,96.804428,66.71062964705882,22.65771117559593,0.8987924282463272,50,64,,False,True,,1117,21.16838264042747
76,2026-09-14T02:09:25.500+00:00,2026-09-14T02:13:01.332+00:00,2026-09-14T02:13:09.244+00:00,True,119,119.0,,119.0,215832.01265000002,223743.853162,223743.85312600003,1880.200446436975,33.693879,215832.01265000002,19779.154310661947,95.567957,67.04949586440678,22.391599861417163,0.5318581865748016,50,64,,False,True,,489,21.16838264042747
77,2026-09-14T02:09:30.248+00:00,2026-09-14T02:13:09.377+00:00,2026-09-14T02:13:24.286+00:00,True,228,228.0,,228.0,219129.22425099998,234037.90137099999,234037.90118899997,1026.4820227587718,40.575044,219129.22425099998,14507.853882834408,93.5364587,65.67699171806167,21.62974895804821,0.9742011813657968,50,64,,False,True,,941,21.16838264042747
78,2026-09-14T02:09:34.940+00:00,2026-09-14T02:13:17.826+00:00,2026-09-14T02:13:34.512+00:00,True,255,255.0,,255.0,222886.31540400002,239571.95201200002,239571.95200900003,939.4978510156864,0.0,222886.31540400002,13953.613187312252,93.465962,65.69148270866141,35.29463066323676,1.0643983899552114,50,64,,False,True,,932,21.16838264042747
79,2026-09-14T02:09:39.777+00:00,2026-09-14T02:13:27.056+00:00,2026-09-14T02:13:34.333+00:00,True,110,110.0,,110.0,227278.895458,234555.54493,234555.54488600002,2132.3231353272727,0.0,227278.895458,21663.881667554324,93.05722045,66.75825203669724,48.77464353922855,0.46897207240539995,50,64,,False,True,,280,21.16838264042747
80,2026-09-14T02:09:43.947+00:00,2026-09-14T02:13:33.399+00:00,2026-09-14T02:13:46.689+00:00,True,201,201.0,,201.0,229451.488718,242741.451214,242741.451329,1207.6689120845772,40.197883999999995,229451.488718,16179.5879623032,95.41272699999999,66.44981247999999,21.94557321948778,0.8280415190514747,50,64,,False,True,,1049,21.16838264042747
81,2026-09-14T02:09:47.353+00:00,2026-09-14T02:13:40.227+00:00,2026-09-14T02:13:54.369+00:00,True,208,208.0,,208.0,232873.982602,247015.746698,247015.746744,1187.5757055,39.400996,232873.982602,16142.183854779114,94.81309449999999,68.3177009468599,22.318470396143077,0.8420515808423321,50,64,,False,True,,719,21.16838264042747
82,2026-09-14T02:09:51.935+00:00,2026-09-14T02:13:49.280+00:00,2026-09-14T02:14:06.780+00:00,True,265,265.0,,265.0,237344.529293,254845.49134100002,254845.491324,961.681099335849,33.969627,237344.529293,14575.90299514922,95.283171,66.2915229090909,22.116719609954885,1.0398457457715529,50,64,,False,True,,1217,21.16838264042747
83,2026-09-14T02:09:55.610+00:00,2026-09-14T02:13:55.191+00:00,2026-09-14T02:14:07.384+00:00,True,185,185.0,,185.0,239580.952597,251773.597461,251773.597563,1360.9383652054055,33.550418,239580.952597,17609.484024045025,94.05357099999999,66.26437426086956,22.206189485286973,0.7347871336217321,50,64,,False,True,,857,21.16838264042747
84,2026-09-14T02:09:58.522+00:00,2026-09-14T02:14:00.798+00:00,2026-09-14T02:14:19.095+00:00,True,271,271.0,,271.0,242276.06638899999,260572.778069,260572.77793399998,961.523165808118,0.0,242276.06638899999,14713.153991087918,96.131916,67.76559881481482,37.467632681511866,1.0400165435862947,50,64,,False,True,,1284,21.16838264042747
85,2026-09-14T02:10:02.863+00:00,2026-09-14T02:14:08.108+00:00,2026-09-14T02:14:20.252+00:00,True,178,178.0,,178.0,245244.471352,257388.869944,257388.86990299998,1446.0048870955056,0.0,245244.471352,18376.75867322594,97.07562255,68.6124214237288,43.46371024513232,0.6915605948257489,50,64,,False,True,,722,21.16838264042747
86,2026-09-14T02:10:05.881+00:00,2026-09-14T02:14:14.952+00:00,2026-09-14T02:14:29.852+00:00,True,223,223.0,,223.0,249070.981302,263971.498166,263971.498314,1183.7286919910314,36.546822,249070.981302,16674.54570632115,94.12933220000001,67.11944533333333,21.497873644676126,0.8447881742890483,50,64,,False,True,,1068,21.16838264042747
87,2026-09-14T02:10:08.527+00:00,2026-09-14T02:14:19.587+00:00,2026-09-14T02:14:29.579+00:00,True,154,154.0,,154.0,251059.792629,261052.00715700001,261052.007253,1695.1429042402597,37.62841,251059.792629,20225.723158909535,93.92910905000001,65.30859168627451,21.4034561109291,0.5899207658931442,50,64,,False,True,,693,21.16838264042747
88,2026-09-14T02:10:12.897+00:00,2026-09-14T02:14:27.350+00:00,2026-09-14T02:14:42.140+00:00,True,223,223.0,,223.0,254452.47511000003,269242.23869400006,269242.238743,1207.3642992959642,0.01542,254452.47511000003,17035.233196748002,93.5718801,66.62055668468469,100.71755824531184,0.8282504301022567,50,64,,False,True,,914,21.16838264042747
89,2026-09-14T02:10:16.374+00:00,2026-09-14T02:14:32.413+00:00,2026-09-14T02:14:45.908+00:00,True,206,206.0,,206.0,256039.220394,269534.06609,269534.066087,1308.4177965388349,40.856753,256039.220394,17834.523938203893,91.9373675,65.82851559024391,21.292112178787747,0.7642818697775096,50,64,,False,True,,971,21.16838264042747
90,2026-09-14T02:10:19.701+00:00,2026-09-14T02:14:39.100+00:00,2026-09-14T02:14:56.298+00:00,True,264,264.0,,264.0,259398.279092,276596.754612,276596.75448400003,1047.7149791060606,34.482096,259398.279092,15960.850541575015,94.185046,65.3934430418251,21.750858438248198,0.9544580534588328,50,64,,False,True,,1684,21.16838264042747
91,2026-09-14T02:10:24.541+00:00,2026-09-14T02:14:46.436+00:00,2026-09-14T02:15:03.445+00:00,True,254,254.0,,254.0,261894.964573,278903.720797,278903.720548,1098.0461438897637,0.0,261894.964573,16428.57960393025,94.8132555,67.22828547035573,39.079220182074536,0.9107085386819699,50,64,,False,True,,1314,21.16838264042747
92,2026-09-14T02:10:29.363+00:00,2026-09-14T02:14:56.158+00:00,2026-09-14T02:15:15.222+00:00,True,281,281.0,,281.0,266795.287016,285859.404264,285859.40424400003,1017.2932535373666,0.0,266795.287016,15911.657181653862,94.96867900000001,68.08613302857142,38.48670555830278,0.9830007192643828,50,64,,False,True,,1319,21.16838264042747
93,2026-09-14T02:10:32.531+00:00,2026-09-14T02:15:01.382+00:00,2026-09-14T02:15:11.471+00:00,True,150,150.0,,150.0,268851.513174,278939.762262,278939.76213800005,1859.5984142533334,39.580106,268851.513174,21946.117524462537,96.08673050000002,67.7063697181208,22.638439394191668,0.5377505120948277,50,64,,False,True,,683,21.16838264042747
94,2026-09-14T02:10:36.490+00:00,2026-09-14T02:15:07.423+00:00,2026-09-14T02:15:20.917+00:00,True,203,203.0,,203.0,270932.34634,284427.239396,284427.239425,1401.1194060344826,39.628196,270932.34634,19011.046928499887,96.21240310000002,66.80640126732673,22.25590181172507,0.7137150451239617,50,64,,False,True,,964,21.16838264042747
95,2026-09-14T02:10:39.250+00:00,2026-09-14T02:15:12.765+00:00,2026-09-14T02:15:23.405+00:00,True,159,159.0,,159.0,273514.887637,284154.960853,284154.960807,1787.138118283019,41.015763,273514.887637,21685.812282521834,96.42260590000002,67.3422355443038,22.2413450390169,0.5595538417583863,50,64,,False,True,,633,21.16838264042747
96,2026-09-14T02:10:43.542+00:00,2026-09-14T02:15:20.133+00:00,2026-09-14T02:15:36.034+00:00,True,236,236.0,,236.0,276590.572964,292491.570596,292491.57045,1239.3710612288135,40.725513,276590.572964,18000.122418205843,96.625091,67.6638197106383,22.67146102466977,0.8068608593372825,50,64,,False,True,,1249,21.16838264042747
97,2026-09-14T02:10:47.031+00:00,2026-09-14T02:15:26.721+00:00,2026-09-14T02:15:33.810+00:00,True,104,104.0,,104.0,279690.181461,286778.804309,286778.804346,2757.488503326923,39.058877,279690.181461,27419.139219493758,97.39364915,68.82158104854369,22.347610754688787,0.3626488374919839,50,64,,False,True,,344,21.16838264042747
98,2026-09-14T02:10:49.780+00:00,2026-09-14T02:15:32.087+00:00,2026-09-14T02:15:43.370+00:00,True,169,169.0,,169.0,282307.30703799997,293590.67702199996,293590.676865,1737.2229400295855,28.459319999999998,282307.30703799997,21710.79124376979,95.0465164,67.16291657142857,21.84705426067079,0.5756313576242618,50,64,,False,True,,814,21.16838264042747
99,2026-09-14T02:10:53.717+00:00,2026-09-14T02:15:39.309+00:00,2026-09-14T02:15:53.794+00:00,False,226,225.0,,225.0,285592.718615,300077.248279,300077.248287,1327.7754348982303,0.0,285592.718615,18993.110588369465,95.6591425,64.37568739555556,42.67984517554652,0.7498069290171705,50,64,,False,False,Request timeout: 300.0s exceeded,1037,21.16838264042747
100,2026-09-14T02:10:58.360+00:00,2026-09-14T02:15:47.509+00:00,2026-09-14T02:15:58.370+00:00,False,167,166.0,,166.0,289149.770504,300010.69492000004,300010.69470600004,1796.4712257844312,0.0,289149.770504,22370.068470582366,94.27647499999999,65.42725551807229,47.61704869335349,0.5533136078507637,50,64,,False,False,Request timeout: 300.0s exceeded,720,21.16838264042747
101,2026-09-14T02:11:02.514+00:00,2026-09-14T02:15:54.739+00:00,2026-09-14T02:16:02.519+00:00,False,111,110.0,,110.0,292225.202561,300005.26502500003,300005.265213,2702.750137054054,0.06094,292225.202561,27730.084150712933,93.5542715,70.72784058181819,21.917994015173413,0.36666023174904444,50,64,,False,False,Request timeout: 300.0s exceeded,361,21.16838264042747
102,2026-09-14T02:11:06.694+00:00,2026-09-14T02:15:59.933+00:00,2026-09-14T02:16:06.715+00:00,False,100,99.0,,99.0,293238.207929,300020.59794500005,300020.59785200004,3000.2059785200004,0.03541,293238.207929,29316.97721895057,90.57336190000002,68.50899006060607,20.82965821080233,0.3299773438160694,50,64,,False,False,Request timeout: 300.0s exceeded,615,21.16838264042747
103,2026-09-14T02:11:10.272+00:00,2026-09-14T02:16:03.669+00:00,2026-09-14T02:16:10.361+00:00,False,101,100.0,,100.0,293396.321751,300088.31407100003,300088.31402600004,2971.171426,0.022369,293396.321751,29187.373454929275,89.372231,66.9199232,20.424539182462777,0.3332352354658512,50,64,,False,False,Request timeout: 300.0s exceeded,547,21.16838264042747
104,2026-09-14T02:11:13.086+00:00,2026-09-14T02:16:07.143+00:00,2026-09-14T02:16:13.148+00:00,False,88,87.0,,87.0,294056.31111799995,300061.29031799996,300061.290329,3409.787390102272,0.027559,294056.31111799995,31339.15633775169,87.3397835,69.02274942528734,19.663515148078726,0.28994076479441533,50,64,,False,False,Request timeout: 300.0s exceeded,353,21.16838264042747
105,2026-09-14T02:11:17.783+00:00,2026-09-14T02:16:11.245+00:00,2026-09-14T02:16:17.836+00:00,False,99,98.0,,98.0,293461.641175,300052.583127,300052.583163,3030.834173363636,0.03825,293461.641175,29487.251881998764,87.4624789,67.25450971428572,19.7456468511317,0.3266094195180469,50,64,,False,False,Request timeout: 300.0s exceeded,504,21.16838264042747
106,2026-09-14T02:11:22.328+00:00,2026-09-14T02:16:16.279+00:00,2026-09-14T02:16:22.407+00:00,False,89,88.0,,88.0,293950.807457,300079.241377,300079.24134500005,3371.676869044944,0.02265,293950.807457,31151.347270429123,87.05801159999999,69.64129454545454,19.379875178174906,0.29325587333594505,50,64,,False,False,Request timeout: 300.0s exceeded,402,21.16838264042747
107,2026-09-14T02:11:26.625+00:00,2026-09-14T02:16:20.447+00:00,2026-09-14T02:16:26.707+00:00,False,94,93.0,,93.0,293821.23751300003,300081.95175300003,300081.95164100005,3192.361187670213,0.023869,293821.23751300003,30298.409990313594,87.8985638,67.31950795698924,20.364148301763244,0.3099153396487806,50,64,,False,False,Request timeout: 300.0s exceeded,414,21.16838264042747
108,2026-09-14T02:11:31.419+00:00,2026-09-14T02:16:25.632+00:00,2026-09-14T02:16:32.758+00:00,False,88,87.0,,87.0,294213.884218,301339.802938,301339.802936,3424.315942454545,0.03866,294213.884218,31355.00082990863,90.7721732,81.90711172413793,164.53117147854948,0.28871061556345434,50,64,,False,False,Request timeout: 300.0s exceeded,434,21.16838264042747
109,2026-09-14T02:11:34.303+00:00,2026-09-14T02:16:27.968+00:00,2026-09-14T02:16:34.355+00:00,False,110,109.0,,109.0,293665.213474,300052.402978,300052.403005,2727.7491182272724,0.015550000000000001,293665.213474,27994.7035818812,89.82368894999999,58.598068844036696,152.43449805849943,0.3632698785884809,50,64,,False,False,Request timeout: 300.0s exceeded,469,21.16838264042747
110,2026-09-14T02:11:38.413+00:00,2026-09-14T02:16:33.008+00:00,2026-09-14T02:16:38.490+00:00,False,84,83.0,,83.0,294594.4725,300076.692788,300076.692957,3572.3415828214283,0.03623,294594.4725,32135.69217713122,89.8899963,66.05084684337349,21.00720653223069,0.2765959569497067,50,64,,False,False,Request timeout: 300.0s exceeded,316,21.16838264042747
111,2026-09-14T02:11:42.116+00:00,2026-09-14T02:16:35.771+00:00,2026-09-14T02:16:42.153+00:00,False,92,91.0,,91.0,293654.51245599997,300036.024392,300036.024351,3261.2611342499995,0.04158,293654.51245599997,30608.294767316795,88.98331669999999,70.12650479120879,20.304732867938984,0.3032969130437071,50,64,,False,False,Request timeout: 300.0s exceeded,394,21.16838264042747
112,2026-09-14T02:11:46.044+00:00,2026-09-14T02:16:39.498+00:00,2026-09-14T02:16:46.063+00:00,False,104,103.0,,103.0,293454.82139399997,300019.314194,300019.314141,2884.801097509615,0.0,293454.82139399997,28769.43020426157,88.4757388,63.73293980582524,62.4062961303474,0.3433112307342907,50,64,,False,False,Request timeout: 300.0s exceeded,542,21.16838264042747
113,2026-09-14T02:11:48.917+00:00,2026-09-14T02:16:42.949+00:00,2026-09-14T02:16:48.960+00:00,False,93,92.0,,92.0,294032.61324599996,300043.76639799995,300043.76639299997,3226.2770579892467,0.02475,294032.61324599996,30482.99314055701,89.22067340000001,65.3386212173913,20.44062081108245,0.3066219342079731,50,64,,False,False,Request timeout: 300.0s exceeded,436,21.16838264042747
114,2026-09-14T02:11:52.411+00:00,2026-09-14T02:16:45.978+00:00,2026-09-14T02:16:52.458+00:00,False,95,94.0,,94.0,293567.18551,300046.83735,300046.837295,3158.387761,0.02471,293567.18551,30112.29234566011,90.67691309999998,68.93246638297872,20.562291520804756,0.3132844219595971,50,64,,False,False,Request timeout: 300.0s exceeded,500,21.16838264042747
115,2026-09-14T02:11:56.554+00:00,2026-09-14T02:16:50.030+00:00,2026-09-14T02:16:56.608+00:00,False,95,94.0,,94.0,293475.439106,300053.728258,300053.728314,3158.4602980421055,0.029589999999999998,293475.439106,30102.771048646806,88.8555214,69.9817994893617,19.565477185834567,0.31327722720103807,50,64,,False,False,Request timeout: 300.0s exceeded,486,21.16838264042747
116,2026-09-14T02:11:59.630+00:00,2026-09-14T02:16:53.149+00:00,2026-09-14T02:16:59.668+00:00,False,93,92.0,,92.0,293519.636745,300038.075657,300038.075589,3226.2158665483876,0.04051,293519.636745,30429.227941408757,90.14105719999999,70.85259686956522,20.055667183331092,0.3066277498232368,50,64,,False,False,Request timeout: 300.0s exceeded,443,21.16838264042747
117,2026-09-14T02:12:04.250+00:00,2026-09-14T02:16:58.076+00:00,2026-09-14T02:17:04.277+00:00,False,94,93.0,,93.0,293825.669376,300027.120896,300027.121031,3191.777883308511,0.04374,293825.669376,30298.93287173922,89.88183700000002,66.68227440860215,20.43081817004848,0.30997197760744133,50,64,,False,False,Request timeout: 300.0s exceeded,424,21.16838264042747
118,2026-09-14T02:12:07.154+00:00,2026-09-14T02:17:00.975+00:00,2026-09-14T02:17:07.237+00:00,False,91,90.0,,90.0,293821.02188099996,300082.73708099994,300082.73712699994,3297.6124959010986,0.022,293821.02188099996,30793.52546901063,88.08929349999998,69.57461333333333,20.389779072546382,0.2999172857307907,50,64,,False,False,Request timeout: 300.0s exceeded,341,21.16838264042747
119,2026-09-14T02:12:10.804+00:00,2026-09-14T02:17:04.784+00:00,2026-09-14T02:17:10.815+00:00,False,86,85.0,,85.0,293979.781694,300011.15475,300011.154606,3488.501797744186,0.03596,293979.781694,31693.009336108706,88.15194899999999,70.95733007058823,19.18065877315054,0.2833227986833713,50,64,,False,False,Request timeout: 300.0s exceeded,373,21.16838264042747
120,2026-09-14T02:12:15.346+00:00,2026-09-14T02:17:09.371+00:00,2026-09-14T02:17:15.506+00:00,False,87,86.0,,86.0,294025.623274,300160.833002,300160.833028,3450.1245175632184,0.03585,294025.623274,31515.213015855898,88.1761843,71.339648,19.23454032818789,0.2865130641459373,50,64,,False,False,Request timeout: 300.0s exceeded,352,21.16838264042747
121,2026-09-14T02:12:18.602+00:00,2026-09-14T02:17:12.512+00:00,2026-09-14T02:17:18.668+00:00,False,91,90.0,,90.0,293910.21075800003,300066.022598,300066.02271900006,3297.4288210879126,0.02863,293910.21075800003,30802.998327626392,88.575812,68.39790933333333,20.349893669464098,0.2999339919287478,50,64,,False,False,Request timeout: 300.0s exceeded,149,21.16838264042747
122,2026-09-14T02:12:22.082+00:00,2026-09-14T02:17:16.285+00:00,2026-09-14T02:17:22.090+00:00,False,88,87.0,,87.0,294203.717907,300008.266771,300008.266711,3409.184848988636,0.04051,294203.717907,31355.116251426665,88.90615835,66.71895245977011,20.784328267087403,0.28999200900823235,50,64,,False,False,Request timeout: 300.0s exceeded,416,21.16838264042747
123,2026-09-14T02:12:25.800+00:00,2026-09-14T02:17:19.433+00:00,2026-09-14T02:17:25.841+00:00,False,94,93.0,,93.0,293632.315301,300040.88669300004,300040.88684800005,3191.924328170213,0.02255,293632.315301,30278.75995818384,88.40884135,68.90936980645162,20.036590341836774,0.30995775617460103,50,64,,False,False,Request timeout: 300.0s exceeded,456,21.16838264042747
124,2026-09-14T02:12:29.709+00:00,2026-09-14T02:17:23.438+00:00,2026-09-14T02:17:29.770+00:00,False,94,93.0,,93.0,293729.623671,300061.187447,300061.187473,3192.1402922659577,0.02177,293729.623671,30288.882136292883,89.4958653,68.08133092473118,20.31347105696795,0.3099367858644719,50,64,,False,False,Request timeout: 300.0s exceeded,372,21.16838264042747
125,2026-09-14T02:12:34.469+00:00,2026-09-14T02:17:28.213+00:00,2026-09-14T02:17:34.519+00:00,False,93,92.0,,92.0,293744.367998,300050.354046,300050.354163,3226.3478942258066,0.02894,293744.367998,30452.770746249927,88.00834160000001,68.54332660869565,19.753383892015957,0.30661520228000033,50,64,,False,False,Request timeout: 300.0s exceeded,500,21.16838264042747
126,2026-09-14T02:12:37.621+00:00,2026-09-14T02:17:31.442+00:00,2026-09-14T02:17:37.649+00:00,False,80,79.0,,79.0,293820.878623,300028.495391,300028.495338,3750.356191725,0.03976,293820.878623,32841.45410298254,87.26102995000001,78.57742744303798,66.48039275043976,0.26330832308793356,50,64,,False,False,Request timeout: 300.0s exceeded,347,21.16838264042747
127,2026-09-14T02:12:42.102+00:00,2026-09-14T02:17:35.883+00:00,2026-09-14T02:17:42.130+00:00,False,96,95.0,,95.0,293780.85344700003,300027.89575100003,300027.895679,3125.290579989584,0.0,293780.85344700003,29977.2419458946,88.85845724999999,65.75834004210526,65.39600047597828,0.31663722388948345,50,64,,False,False,Request timeout: 300.0s exceeded,241,21.16838264042747
128,2026-09-14T02:12:45.616+00:00,2026-09-14T02:17:39.441+00:00,2026-09-14T02:17:45.702+00:00,False,88,87.0,,87.0,293824.322232,300085.76351200003,300085.763543,3410.065494806818,0.02277,293824.322232,31314.111784338293,89.09067234999999,71.97058942528736,19.30724908100443,0.2899171189656286,50,64,,False,False,Request timeout: 300.0s exceeded,324,21.16838264042747
129,2026-09-14T02:12:49.272+00:00,2026-09-14T02:17:43.128+00:00,2026-09-14T02:17:49.285+00:00,False,92,91.0,,91.0,293855.92526,300012.975372,300012.97543399996,3261.010602543478,0.020300000000000002,293855.92526,30629.550779951118,89.85483500000001,67.65989134065933,20.48503121177397,0.30332021435794526,50,64,,False,False,Request timeout: 300.0s exceeded,393,21.16838264042747
130,2026-09-14T02:12:53.287+00:00,2026-09-14T02:17:46.840+00:00,2026-09-14T02:17:53.327+00:00,False,100,99.0,,99.0,293553.034735,300040.441839,300040.441758,3000.40441758,0.03786,293553.034735,29348.757973301763,89.96509350000001,65.52936468686869,20.99856264172398,0.32995551997328026,50,64,,False,False,Request timeout: 300.0s exceeded,374,21.16838264042747
131,2026-09-14T02:12:56.844+00:00,2026-09-14T02:17:50.318+00:00,2026-09-14T02:17:56.894+00:00,False,102,101.0,,101.0,293474.421568,300050.417216,300050.417114,2941.670756019608,0.053259999999999995,293474.421568,29051.858352328727,89.5362005,65.1088678019802,20.763709180387888,0.3366100968534639,50,64,,False,False,Request timeout: 300.0s exceeded,456,21.16838264042747
132,2026-09-14T02:13:00.059+00:00,2026-09-14T02:17:53.787+00:00,2026-09-14T02:18:00.106+00:00,False,94,93.0,,93.0,293728.00541000004,300046.55568200006,300046.55573,3191.9846354255324,0.023420000000000003,293728.00541000004,30288.72968860014,88.37432564999999,67.94140077419355,20.35937259426035,0.30995189992637234,50,64,,False,False,Request timeout: 300.0s exceeded,446,21.16838264042747
133,2026-09-14T02:13:03.230+00:00,2026-09-14T02:17:56.891+00:00,2026-09-14T02:18:03.275+00:00,False,96,95.0,,95.0,293660.80769,300044.760074,300044.760114,3125.4662511875,0.03542,293660.80769,29964.778549318507,89.35489075,67.19949877894737,19.673794662725317,0.3166194269700633,50,64,,False,False,Request timeout: 300.0s exceeded,388,21.16838264042747
134,2026-09-14T02:13:06.619+00:00,2026-09-14T02:18:00.234+00:00,2026-09-14T02:18:06.668+00:00,False,94,93.0,,93.0,293615.32562300004,300049.06463100004,300049.06447100005,3192.011324159575,0.03754,293615.32562300004,30276.97973398252,88.46226580000001,69.17998933333332,20.0957935299531,0.3099493081718861,50,64,,False,False,Request timeout: 300.0s exceeded,462,21.16838264042747
135,2026-09-14T02:13:09.925+00:00,2026-09-14T02:18:03.697+00:00,2026-09-14T02:18:09.948+00:00,False,90,89.0,,89.0,293772.17924,300023.61604000005,300023.61595300003,3333.5957328111112,0.02053,293772.17924,30958.909244063805,89.14495695000001,70.24086292134832,20.372936923620294,0.296643314865368,50,64,,False,False,Request timeout: 300.0s exceeded,386,21.16838264042747
136,2026-09-14T02:13:13.535+00:00,2026-09-14T02:18:07.186+00:00,2026-09-14T02:18:13.583+00:00,False,94,93.0,,93.0,293651.696487,300048.793447,300048.79351299995,3192.0084416276595,0.039560000000000005,293651.696487,30280.77203932118,88.94826365,68.7859888172043,20.547966239499623,0.30994958830396807,50,64,,False,False,Request timeout: 300.0s exceeded,388,21.16838264042747
137,2026-09-14T02:13:17.389+00:00,2026-09-14T02:18:11.166+00:00,2026-09-14T02:18:17.437+00:00,False,95,94.0,,94.0,293777.011643,300048.140219,300048.140214,3158.401475936842,0.023299,293777.011643,30134.047513757916,88.8894404,66.71413378723405,20.368856488326223,0.31328306161601605,50,64,,False,False,Request timeout: 300.0s exceeded,138,21.16838264042747
138,2026-09-14T02:13:20.505+00:00,2026-09-14T02:18:14.014+00:00,2026-09-14T02:18:20.575+00:00,False,98,97.0,,97.0,293509.112393,300069.868105,300069.867983,3061.937428397959,0.03619,293509.112393,29642.072333119533,88.85073649999998,67.63665682474227,20.468003663566652,0.32325804857573337,50,64,,False,False,Request timeout: 300.0s exceeded,315,21.16838264042747
139,2026-09-14T02:13:24.819+00:00,2026-09-14T02:18:18.411+00:00,2026-09-14T02:18:24.901+00:00,False,97,96.0,,96.0,293592.72895200003,300081.80773600005,300081.807664,3093.6268831340208,0.03621,293592.72895200003,29802.968846976055,90.3482636,67.59457066666667,20.37241241572931,0.3199127622040219,50,64,,False,False,Request timeout: 300.0s exceeded,327,21.16838264042747
140,2026-09-14T02:13:29.376+00:00,2026-09-14T02:18:22.914+00:00,2026-09-14T02:18:29.452+00:00,False,94,93.0,,93.0,293537.689527,300076.61995900003,300076.62007400003,3192.3044688723407,0.039700000000000006,293537.689527,30268.85531958932,89.82165015000001,70.31107991397849,19.787583107948794,0.30992084625822147,50,64,,False,False,Request timeout: 300.0s exceeded,445,21.16838264042747
141,2026-09-14T02:13:33.794+00:00,2026-09-14T02:18:27.564+00:00,2026-09-14T02:18:33.809+00:00,False,97,96.0,,96.0,293770.231374,300015.169614,300015.169522,3092.9398919793816,0.0,293770.231374,29821.30860835586,94.7965832,65.05144,62.97244648939232,0.31998381989655306,50,64,,False,False,Request timeout: 300.0s exceeded,492,21.16838264042747
142,2026-09-14T02:13:36.863+00:00,2026-09-14T02:18:30.549+00:00,2026-09-14T02:18:36.945+00:00,False,99,98.0,,98.0,293685.371837,300081.43327700003,300081.433447,3031.1255903737374,0.0,293685.371837,29509.997128875904,92.8921518,65.26593306122449,62.806345285350936,0.32657801893907207,50,64,,False,False,Request timeout: 300.0s exceeded,341,21.16838264042747
143,2026-09-14T02:13:41.340+00:00,2026-09-14T02:18:35.553+00:00,2026-09-14T02:18:41.367+00:00,False,86,85.0,,85.0,294213.11909,300026.348914,300026.34904,3488.6784772093024,0.030920000000000003,294213.11909,31718.448448860756,90.10797425000001,68.39093910588235,20.722037626015325,0.2833084504333469,50,64,,False,False,Request timeout: 300.0s exceeded,213,21.16838264042747
144,2026-09-14T02:13:44.094+00:00,2026-09-14T02:18:37.930+00:00,2026-09-14T02:18:44.150+00:00,False,94,93.0,,93.0,293835.476749,300055.867405,300055.867397,3192.0836957127663,0.035768999999999995,293835.476749,30299.923740832877,90.71902535000001,66.88592103225807,20.905686603078436,0.3099422810968511,50,64,,False,False,Request timeout: 300.0s exceeded,471,21.16838264042747
145,2026-09-14T02:13:47.387+00:00,2026-09-14T02:18:41.236+00:00,2026-09-14T02:18:47.428+00:00,False,97,96.0,,96.0,293849.13230500004,300040.759313,300040.75922500005,3093.2037033505158,0.07148,293849.13230500004,29829.317710431365,90.843296,64.49611466666667,21.031814253288665,0.31995652930558544,50,64,,False,False,Request timeout: 300.0s exceeded,299,21.16838264042747
146,2026-09-14T02:13:51.296+00:00,2026-09-14T02:18:45.110+00:00,2026-09-14T02:18:51.319+00:00,False,93,92.0,,92.0,293813.847111,300022.934855,300022.934924,3226.0530636989247,0.03619,293813.847111,30460.085309734575,90.6243866,67.49008417391305,20.816682084425455,0.3066432239404073,50,64,,False,False,Request timeout: 300.0s exceeded,419,21.16838264042747
147,2026-09-14T02:13:54.651+00:00,2026-09-14T02:18:48.272+00:00,2026-09-14T02:18:54.665+00:00,False,93,92.0,,92.0,293620.680424,300014.010856,300014.010887,3225.9571063118283,0.05044,293620.680424,30439.84612610622,89.38064920000001,69.49272208695652,19.16624829672687,0.3066523451271678,50,64,,False,False,Request timeout: 300.0s exceeded,233,21.16838264042747
148,2026-09-14T02:13:58.422+00:00,2026-09-14T02:18:52.005+00:00,2026-09-14T02:18:59.267+00:00,False,85,84.0,,84.0,293582.497202,300845.337266,300845.337107,3539.3569071411766,0.03207,293582.497202,31834.700495838693,89.35103439999999,86.46238171428571,194.30044733242488,0.2792132354896007,50,64,,False,False,Request timeout: 300.0s exceeded,332,21.16838264042747
149,2026-09-14T02:14:01.908+00:00,2026-09-14T02:18:55.599+00:00,2026-09-14T02:19:01.934+00:00,False,103,102.0,,102.0,293691.845927,300026.386983,300026.387014,2912.877543825243,0.015129,293691.845927,28932.764082883106,89.7755462,62.103343686274506,181.84390783472972,0.33997009738273287,50,64,,False,False,Request timeout: 300.0s exceeded,167,21.16838264042747
150,2026-09-14T02:14:05.004+00:00,2026-09-14T02:18:59.570+00:00,2026-09-14T02:19:05.032+00:00,False,84,83.0,,83.0,294565.98439999996,300027.90977599996,300027.90978299995,3571.7608307499995,0.02343,294565.98439999996,32132.61164743989,91.0449395,65.8063298313253,22.6420076421372,0.2766409300453667,50,64,,False,False,Request timeout: 300.0s exceeded,343,21.16838264042747
151,2026-09-14T02:14:09.773+00:00,2026-09-14T02:19:03.626+00:00,2026-09-14T02:19:09.845+00:00,False,93,92.0,,92.0,293852.688361,300071.51639299997,300071.51635299996,3226.5754446559135,0.03012,293852.688361,30464.101011972958,87.2448536,67.59595686956521,19.330762756928056,0.3065935784438425,50,64,,False,False,Request timeout: 300.0s exceeded,239,21.16838264042747
152,2026-09-14T02:14:13.972+00:00,2026-09-14T02:19:07.771+00:00,2026-09-14T02:19:14.007+00:00,False,88,87.0,,87.0,293798.608011,300034.988683,300034.98863499996,3409.4885072159086,0.02625,293798.608011,31311.4005647273,88.5817547,71.68253645977012,17.97932111860325,0.28996618155064335,50,64,,False,False,Request timeout: 300.0s exceeded,463,21.16838264042747
153,2026-09-14T02:14:18.382+00:00,2026-09-14T02:19:12.329+00:00,2026-09-14T02:19:18.464+00:00,False,88,87.0,,87.0,293946.892485,300082.430661,300082.430574,3410.027620159091,0.08165,293946.892485,31327.33241589063,89.53777485,70.52342731034483,19.846386944718436,0.289920338916086,50,64,,False,False,Request timeout: 300.0s exceeded,461,21.16838264042747
154,2026-09-14T02:14:21.421+00:00,2026-09-14T02:19:15.614+00:00,2026-09-14T02:19:21.439+00:00,False,84,83.0,,83.0,294192.512609,300017.80720100005,300017.807244,3571.6405624285717,0.0371,294192.512609,32091.3835944262,90.37715565,70.18427219277108,20.728768048247705,0.27665024544490885,50,64,,False,False,Request timeout: 300.0s exceeded,334,21.16838264042747
155,2026-09-14T02:14:25.521+00:00,2026-09-14T02:19:19.187+00:00,2026-09-14T02:19:25.603+00:00,False,96,95.0,,95.0,293666.373137,300082.119185,300082.119145,3125.8554077604167,0.045340000000000005,293666.373137,29965.31308149782,89.35962325,67.53416892631579,20.67693033328577,0.31658000902557176,50,64,,False,False,Request timeout: 300.0s exceeded,235,21.16838264042747
156,2026-09-14T02:14:30.355+00:00,2026-09-14T02:19:23.902+00:00,2026-09-14T02:19:30.374+00:00,False,107,106.0,,106.0,293546.987414,300019.187606,300019.18767099996,2803.9176417850463,0.0,293546.987414,28372.42890168857,90.4939426,61.05849237735849,64.77796764688742,0.3533107360426708,50,64,,False,False,Request timeout: 300.0s exceeded,468,21.16838264042747
157,2026-09-14T02:14:33.862+00:00,2026-09-14T02:19:27.767+00:00,2026-09-14T02:19:33.936+00:00,False,101,100.0,,100.0,293905.753924,300074.627652,300074.627671,2971.0359175346534,0.023190000000000002,293905.753924,29238.58440804325,89.88957999999998,61.68873728,20.492844075214613,0.33325043434185697,50,64,,False,False,Request timeout: 300.0s exceeded,411,21.16838264042747
158,2026-09-14T02:14:38.579+00:00,2026-09-14T02:19:33.300+00:00,2026-09-14T02:19:38.590+00:00,False,82,81.0,,81.0,294720.91143,300010.71264599997,300010.712578,3658.6672265609755,0.025,294720.91143,32539.27428333202,86.93936855,65.30618785185185,20.097477580755058,0.2699903589628701,50,64,,False,False,Request timeout: 300.0s exceeded,352,21.16838264042747
159,2026-09-14T02:14:42.647+00:00,2026-09-14T02:19:36.340+00:00,2026-09-14T02:19:42.719+00:00,False,97,96.0,,96.0,293693.423907,300072.559395,300072.55926,3093.5315387628866,0.036469999999999995,293693.423907,29813.30922668998,89.06669979999998,66.449328,20.485395349650524,0.3199226220269964,50,64,,False,False,Request timeout: 300.0s exceeded,500,21.16838264042747
160,2026-09-14T02:14:47.117+00:00,2026-09-14T02:19:40.737+00:00,2026-09-14T02:19:47.127+00:00,False,97,96.0,,96.0,293619.729218,300010.035266,300010.03510100004,3092.8869598041238,0.0371,293619.729218,29805.81454187133,88.940468,66.565688,20.02436948178413,0.3199892960743224,50,64,,False,False,Request timeout: 300.0s exceeded,434,21.16838264042747
161,2026-09-14T02:14:51.355+00:00,2026-09-14T02:19:44.749+00:00,2026-09-14T02:19:51.379+00:00,False,103,102.0,,102.0,293394.09075,300024.23270199995,300024.23285699997,2912.8566296796116,0.021670000000000002,293394.09075,28902.580806376456,87.25642010000001,65.0013916862745,19.950847325803583,0.33997253848928877,50,64,,False,False,Request timeout: 300.0s exceeded,513,21.16838264042747
162,2026-09-14T02:14:54.158+00:00,2026-09-14T02:19:48.275+00:00,2026-09-14T02:19:54.192+00:00,False,87,86.0,,86.0,294116.518731,300033.283659,300033.28365500004,3448.658432816092,0.01998,294116.518731,31525.231092352722,89.94737270000002,68.79959218604651,20.424607927272522,0.28663486580956293,50,64,,False,False,Request timeout: 300.0s exceeded,376,21.16838264042747
163,2026-09-14T02:14:57.363+00:00,2026-09-14T02:19:50.827+00:00,2026-09-14T02:19:57.391+00:00,False,96,95.0,,95.0,293463.94347000006,300028.11678200006,300028.11675000004,3125.2928828125005,0.0376,293463.94347000006,29944.49241022225,89.03868200000001,69.09656117894737,19.43379090129558,0.3166369906225384,50,64,,False,False,Request timeout: 300.0s exceeded,481,21.16838264042747
164,2026-09-14T02:15:02.186+00:00,2026-09-14T02:19:55.525+00:00,2026-09-14T02:20:02.239+00:00,False,105,104.0,,104.0,293339.320607,300053.181727,300053.18154699996,2857.6493480666663,0.02119,293339.320607,28620.693001182386,87.7344672,64.55635692307692,19.55831856830441,0.3466052231188244,50,64,,False,False,Request timeout: 300.0s exceeded,514,21.16838264042747
165,2026-09-14T02:15:06.579+00:00,2026-09-14T02:20:00.720+00:00,2026-09-14T02:20:06.608+00:00,False,87,86.0,,86.0,294140.903812,300029.509764,300029.509892,3448.615056229885,0.051259,294140.903812,31527.8809691857,89.92899959999998,68.47216223255815,21.067732184925067,0.2866384712212031,50,64,,False,False,Request timeout: 300.0s exceeded,419,21.16838264042747
166,2026-09-14T02:15:11.402+00:00,2026-09-14T02:20:05.036+00:00,2026-09-14T02:20:11.441+00:00,False,98,97.0,,97.0,293634.735591,300039.069415,300039.069322,3061.6231563469387,0.02782,293634.735591,29654.925094807983,89.52404585000001,66.02406004123712,20.48055125015158,0.3232912306691438,50,64,,False,False,Request timeout: 300.0s exceeded,414,21.16838264042747
167,2026-09-14T02:15:14.395+00:00,2026-09-14T02:20:07.906+00:00,2026-09-14T02:20:14.430+00:00,False,99,98.0,,98.0,293510.503741,300034.497341,300034.49734,3030.6514882828287,0.03723,293510.503741,29492.231944017625,89.86927089999999,66.57136326530612,20.532182415034743,0.32662910721435967,50,64,,False,False,Request timeout: 300.0s exceeded,451,21.16838264042747
168,2026-09-14T02:15:18.814+00:00,2026-09-14T02:20:12.500+00:00,2026-09-14T02:20:18.908+00:00,False,94,93.0,,93.0,293685.979557,300094.15798899997,300094.15809,3192.491043510638,0.02332,293685.979557,30284.29574304525,90.02696345,68.90514443010754,20.49701640634093,0.3099027339392889,50,64,,False,False,Request timeout: 300.0s exceeded,124,21.16838264042747
169,2026-09-14T02:15:23.009+00:00,2026-09-14T02:20:16.641+00:00,2026-09-14T02:20:23.033+00:00,False,97,96.0,,96.0,293632.01589499996,300024.11906299996,300024.119042,3093.0321550721646,0.0,293632.01589499996,29807.128341759264,91.81510800000002,66.584408,67.14263716984944,0.31997427506767095,50,64,,False,False,Request timeout: 300.0s exceeded,471,21.16838264042747
170,2026-09-14T02:15:25.760+00:00,2026-09-14T02:20:19.579+00:00,2026-09-14T02:20:25.803+00:00,False,96,95.0,,95.0,293818.978733,300043.172781,300043.172744,3125.4497160833334,0.0,293818.978733,29981.161861475906,89.87291724999999,65.51783208421053,67.3284317001335,0.31662110195501775,50,64,,False,False,Request timeout: 300.0s exceeded,397,21.16838264042747
171,2026-09-14T02:15:29.680+00:00,2026-09-14T02:20:23.695+00:00,2026-09-14T02:20:29.753+00:00,False,92,91.0,,91.0,294014.989125,300072.92730100005,300072.927378,3261.662254108696,0.03369,294014.989125,30646.247140499374,87.04134849999998,66.57074918681319,19.331775564534016,0.3032596136495807,50,64,,False,False,Request timeout: 300.0s exceeded,449,21.16838264042747
172,2026-09-14T02:15:34.070+00:00,2026-09-14T02:20:27.490+00:00,2026-09-14T02:20:34.092+00:00,False,98,97.0,,97.0,293420.366588,300022.07026799995,300022.070112,3061.449695020408,0.03664,293420.366588,29633.064706771955,88.25674185,68.05880082474228,20.016182333630006,0.32330954823874475,50,64,,False,False,Request timeout: 300.0s exceeded,341,21.16838264042747
173,2026-09-14T02:15:38.781+00:00,2026-09-14T02:20:32.182+00:00,2026-09-14T02:20:38.795+00:00,False,91,90.0,,90.0,293401.4768,300014.162368,300014.162291,3296.8589262747255,0.02041,293401.4768,30749.13562782108,89.020422,73.47428408888888,19.163836818560885,0.299985838300544,50,64,,False,False,Request timeout: 300.0s exceeded,475,21.16838264042747
174,2026-09-14T02:15:42.487+00:00,2026-09-14T02:20:36.199+00:00,2026-09-14T02:20:42.581+00:00,False,88,87.0,,87.0,293712.27588,300094.083496,300094.08351799997,3410.1600399772724,0.036399,293712.27588,31302.019866630006,90.50532234999999,73.35411052873563,18.884584898980272,0.2899090811337493,50,64,,False,False,Request timeout: 300.0s exceeded,308,21.16838264042747
175,2026-09-14T02:15:45.358+00:00,2026-09-14T02:20:38.750+00:00,2026-09-14T02:20:45.394+00:00,False,97,96.0,,96.0,293391.819387,300036.155771,300036.155632,3093.156243628866,0.01883,293391.819387,29782.405214954983,89.63017679999999,69.21183733333334,20.145612087476827,0.3199614384916702,50,64,,False,False,Request timeout: 300.0s exceeded,427,21.16838264042747
176,2026-09-14T02:15:48.640+00:00,2026-09-14T02:20:42.448+00:00,2026-09-14T02:20:48.677+00:00,False,93,92.0,,92.0,293807.837463,300037.68731899996,300037.687553,3226.2116941182794,0.09168000000000001,293807.837463,30459.439039324283,91.00887619999999,67.71575930434783,21.25947199566875,0.3066281466907376,50,64,,False,False,Request timeout: 300.0s exceeded,424,21.16838264042747
177,2026-09-14T02:15:51.906+00:00,2026-09-14T02:20:45.480+00:00,2026-09-14T02:20:51.956+00:00,False,96,95.0,,95.0,293574.60106,300050.84374800004,300050.843919,3125.52962415625,0.027800000000000002,293574.60106,29955.88267513327,91.14969975000002,68.17097566315789,22.13896171499056,0.31661300736013415,50,64,,False,False,Request timeout: 300.0s exceeded,337,21.16838264042747
178,2026-09-14T02:15:55.497+00:00,2026-09-14T02:20:49.507+00:00,2026-09-14T02:20:55.583+00:00,False,93,92.0,,92.0,294010.46437400003,300086.07448600006,300086.07443800004,3226.7319832043013,0.026539999999999998,294010.46437400003,30480.624498637055,90.99121200000002,66.03924034782608,21.526387789233542,0.30657870465192844,50,64,,False,False,Request timeout: 300.0s exceeded,424,21.16838264042747
179,2026-09-14T02:15:58.699+00:00,2026-09-14T02:20:52.608+00:00,2026-09-14T02:20:58.716+00:00,False,90,89.0,,89.0,293909.20021,300017.180242,300017.180167,3333.5242240777775,0.02228,293909.20021,30973.52194814901,89.11944645,68.6289891235955,19.624826773790396,0.2966496782891259,50,64,,False,False,Request timeout: 300.0s exceeded,461,21.16838264042747
180,2026-09-14T02:16:02.755+00:00,2026-09-14T02:20:56.601+00:00,2026-09-14T02:21:02.763+00:00,False,90,89.0,,89.0,293845.556392,300008.092328,300008.092333,3333.4232481444446,0.03793,293845.556392,30966.748943997547,88.47914899999999,69.24197680898877,20.030207889243506,0.2966586644692769,50,64,,False,False,Request timeout: 300.0s exceeded,397,21.16838264042747
181,2026-09-14T02:16:06.369+00:00,2026-09-14T02:20:59.902+00:00,2026-09-14T02:21:06.429+00:00,False,98,97.0,,97.0,293533.246147,300060.410307,300060.410128,3061.840919673469,0.03644,293533.246147,29644.544946784983,87.97975635,67.29035216494844,20.106022860887233,0.3232682375550865,50,64,,False,False,Request timeout: 300.0s exceeded,486,21.16838264042747
182,2026-09-14T02:16:09.903+00:00,2026-09-14T02:21:03.410+00:00,2026-09-14T02:21:09.919+00:00,False,97,96.0,,96.0,293507.051187,300016.314291,300016.314275,3092.9516935567012,0.04353,293507.051187,29794.248296123762,90.03722180000001,67.804824,20.452350783792294,0.3199825990358813,50,64,,False,False,Request timeout: 300.0s exceeded,457,21.16838264042747
183,2026-09-14T02:16:14.052+00:00,2026-09-14T02:21:07.928+00:00,2026-09-14T02:21:14.120+00:00,False,92,91.0,,91.0,293875.924463,300068.245999,300068.245871,3261.611368163043,0.0269,293875.924463,30631.595552829778,89.3899581,68.04748940659341,20.668630499873377,0.3032643447394406,50,64,,False,False,Request timeout: 300.0s exceeded,407,21.16838264042747
184,2026-09-14T02:16:17.415+00:00,2026-09-14T02:21:11.541+00:00,2026-09-14T02:21:17.478+00:00,False,88,87.0,,87.0,294126.567189,300062.67470900004,300062.67473900004,3409.8031220340913,0.0,294126.567189,31346.802186370824,90.80962125,68.23112091954023,70.44109105888981,0.2899394271025957,50,64,,False,False,Request timeout: 300.0s exceeded,415,21.16838264042747
185,2026-09-14T02:16:21.478+00:00,2026-09-14T02:21:15.164+00:00,2026-09-14T02:21:21.500+00:00,False,101,100.0,,100.0,293686.288694,300022.638646,300022.63883,2970.5211765346535,0.0,293686.288694,29216.647839361696,92.201846,63.363499520000005,66.44196453149316,0.33330818118025785,50,64,,False,False,Request timeout: 300.0s exceeded,411,21.16838264042747
186,2026-09-14T02:16:24.224+00:00,2026-09-14T02:21:18.332+00:00,2026-09-14T02:21:24.286+00:00,False,90,89.0,,89.0,294107.767097,300061.737529,300061.73751899996,3334.0193057666665,0.043859999999999996,294107.767097,30994.63548607785,88.10040389999999,66.89854417977529,20.175501719402316,0.2966056276715336,50,64,,False,False,Request timeout: 300.0s exceeded,324,21.16838264042747
187,2026-09-14T02:16:27.882+00:00,2026-09-14T02:21:21.497+00:00,2026-09-14T02:21:27.895+00:00,False,95,94.0,,94.0,293614.919733,300012.956213,300012.956416,3158.031120168421,0.04344,293614.919733,30117.277860420792,88.29536739999999,68.06421787234042,19.03689151708198,0.3133198018730327,50,64,,False,False,Request timeout: 300.0s exceeded,351,21.16838264042747
188,2026-09-14T02:16:32.753+00:00,2026-09-14T02:21:24.831+00:00,2026-09-14T02:21:32.811+00:00,False,119,118.0,,118.0,292077.23191000003,300057.97354200005,300057.97347,2521.4955753781514,0.03102,292077.23191000003,26768.48320160194,88.7959828,67.63340366101696,19.709732529104215,0.3932573382639444,50,64,,False,False,Request timeout: 300.0s exceeded,592,21.16838264042747
189,2026-09-14T02:16:35.701+00:00,2026-09-14T02:21:29.583+00:00,2026-09-14T02:21:35.741+00:00,False,95,94.0,,94.0,293882.642637,300040.451021,300040.450939,3158.3205362000003,0.02206,293882.642637,30145.009416981793,91.42224770000001,65.50859982978723,21.40337985665204,0.3132910901851061,50,64,,False,False,Request timeout: 300.0s exceeded,450,21.16838264042747
190,2026-09-14T02:16:38.920+00:00,2026-09-14T02:21:34.078+00:00,2026-09-14T02:21:38.937+00:00,False,72,71.0,,71.0,295157.986007,300017.627607,300017.62748900003,4166.911492902778,0.043429,295157.986007,34776.641369809084,87.66218605,68.44565633802816,19.75110167899193,0.2366527612604301,50,64,,False,False,Request timeout: 300.0s exceeded,214,21.16838264042747
191,2026-09-14T02:16:41.737+00:00,2026-09-14T02:21:35.609+00:00,2026-09-14T02:21:41.779+00:00,False,92,91.0,,91.0,293871.55815399997,300041.733898,300041.733731,3261.3231927282604,0.02682,293871.55815399997,30631.165157542622,87.96442255,67.80412905494505,19.82996453751899,0.30329114159477466,50,64,,False,False,Request timeout: 300.0s exceeded,281,21.16838264042747
192,2026-09-14T02:16:44.983+00:00,2026-09-14T02:21:38.940+00:00,2026-09-14T02:21:46.376+00:00,False,83,82.0,,82.0,293956.824626,301392.81745800003,301392.81729800004,3631.2387626265063,0.03553,293956.824626,32256.817714755307,88.37552799999999,90.68283941463416,231.15182744852635,0.27207018631566077,50,64,,False,False,Request timeout: 300.0s exceeded,373,21.16838264042747
193,2026-09-14T02:16:49.556+00:00,2026-09-14T02:21:43.036+00:00,2026-09-14T02:21:49.562+00:00,False,109,108.0,,108.0,293479.980522,300005.457898,300005.457777,2752.343649330275,0.01524,293479.980522,28105.217617473798,88.81481480000001,60.421086814814814,202.2458769419896,0.3599934506415524,50,64,,False,False,Request timeout: 300.0s exceeded,535,21.16838264042747
194,2026-09-14T02:16:53.498+00:00,2026-09-14T02:21:47.625+00:00,2026-09-14T02:21:53.568+00:00,False,90,89.0,,89.0,294127.352032,300070.828256,300070.828234,3334.1203137111115,0.03162,294127.352032,30996.71164061938,88.10478149999999,66.78063173033708,19.04445836597495,0.2965966419237236,50,64,,False,False,Request timeout: 300.0s exceeded,130,21.16838264042747
195,2026-09-14T02:16:56.287+00:00,2026-09-14T02:21:49.805+00:00,2026-09-14T02:21:56.334+00:00,False,99,98.0,,98.0,293518.144048,300047.491888,300047.491805,3030.7827455050506,0.03579,293518.144048,29492.993908853525,88.7514949,66.62599836734694,19.907686141449382,0.3266149614627703,50,64,,False,False,Request timeout: 300.0s exceeded,309,21.16838264042747
196,2026-09-14T02:16:59.605+00:00,2026-09-14T02:21:53.656+00:00,2026-09-14T02:21:59.652+00:00,False,87,86.0,,86.0,294051.260885,300046.656469,300046.65643,3448.812142873563,0.040959,294051.260885,31518.136235899696,88.74899660000001,69.7139021395349,19.696263735975602,0.28662209075102724,50,64,,False,False,Request timeout: 300.0s exceeded,433,21.16838264042747
197,2026-09-14T02:17:04.178+00:00,2026-09-14T02:21:58.097+00:00,2026-09-14T02:22:04.255+00:00,False,92,91.0,,91.0,293919.381463,300076.86549500003,300076.86563500005,3261.70506125,0.05205,293919.381463,30636.166457530835,89.87406665,67.6646596923077,21.095608032282378,0.30325563368535075,50,64,,False,False,Request timeout: 300.0s exceeded,265,21.16838264042747
198,2026-09-14T02:17:08.479+00:00,2026-09-14T02:22:02.361+00:00,2026-09-14T02:22:08.485+00:00,False,93,92.0,,92.0,293882.400478,300006.00700599997,300006.006902,3225.8710419569893,0.034589,293882.400478,30467.29019522966,89.388061,66.56094052173913,20.647662988805582,0.30666052629459534,50,64,,False,False,Request timeout: 300.0s exceeded,400,21.16838264042747
199,2026-09-14T02:17:11.641+00:00,2026-09-14T02:22:05.610+00:00,2026-09-14T02:22:12.292+00:00,False,93,92.0,,92.0,293969.096018,300650.325074,300650.325105,3232.799194677419,0.02802,293969.096018,30475.714749060076,89.5169872,72.62205495652174,65.71179891484353,0.3060033278771801,50,64,,False,False,Request timeout: 300.0s exceeded,352,21.16838264042747
200,2026-09-14T02:17:15.523+00:00,2026-09-14T02:22:09.391+00:00,2026-09-14T02:22:15.595+00:00,False,100,99.0,,99.0,293867.764388,300072.16682,300072.166831,3000.72166831,0.0,293867.764388,29380.586097304134,88.49405345,62.670731636363634,67.48960493235329,0.3299206355895904,50,64,,False,False,Request timeout: 300.0s exceeded,476,21.16838264042747
201,2026-09-14T02:17:19.311+00:00,2026-09-14T02:22:13.369+00:00,2026-09-14T02:22:19.355+00:00,False,89,88.0,,88.0,294058.50959100004,300044.371991,300044.37185600004,3371.285077033708,0.0376,294058.50959100004,31162.935572390492,87.148174,68.02116363636364,19.649846475567763,0.29328995380269823,50,64,,False,False,Request timeout: 300.0s exceeded,433,21.16838264042747
202,2026-09-14T02:17:21.947+00:00,2026-09-14T02:22:15.253+00:00,2026-09-14T02:22:21.955+00:00,False,99,98.0,,98.0,293306.198371,300008.429923,300008.429892,3030.388180727273,0.053988999999999995,293306.198371,29471.514902185583,87.82830680000001,68.39011787755102,19.348287726484326,0.3266574876751051,50,64,,False,False,Request timeout: 300.0s exceeded,283,21.16838264042747
203,2026-09-14T02:17:24.717+00:00,2026-09-14T02:22:17.955+00:00,2026-09-14T02:22:24.809+00:00,False,100,99.0,,99.0,293238.832815,300092.56337499997,300092.563475,3000.9256347499995,0.04036,293238.832815,29316.967011188004,90.08910055,69.22960161616162,19.906303625514504,0.3298982116937306,50,64,,False,False,Request timeout: 300.0s exceeded,386,21.16838264042747
204,2026-09-14T02:17:28.639+00:00,2026-09-14T02:22:22.521+00:00,2026-09-14T02:22:28.713+00:00,False,94,93.0,,93.0,293882.281559,300073.570391,300073.57062,3192.272027872341,0.02551,293882.281559,30304.783069665787,89.10387259999999,66.57299819354839,20.17057840133763,0.3099239959014708,50,64,,False,False,Request timeout: 300.0s exceeded,582,21.16838264042747
205,2026-09-14T02:17:31.294+00:00,2026-09-14T02:22:24.892+00:00,2026-09-14T02:22:31.332+00:00,False,97,96.0,,96.0,293598.471914,300037.827818,300037.827752,3093.1734819793814,0.03556,293598.471914,29803.604474915683,89.18635559999998,67.076624,20.26738734131013,0.31995965541462545,50,64,,False,False,Request timeout: 300.0s exceeded,472,21.16838264042747
206,2026-09-14T02:17:34.482+00:00,2026-09-14T02:22:27.981+00:00,2026-09-14T02:22:34.567+00:00,False,96,95.0,,95.0,293498.364763,300084.594267,300084.594119,3125.881188739583,0.104029,293498.364763,29947.982748409227,90.99567049999997,69.32873162105264,20.826197088664497,0.3165773978902557,50,64,,False,False,Request timeout: 300.0s exceeded,458,21.16838264042747
207,2026-09-14T02:17:38.724+00:00,2026-09-14T02:22:32.401+00:00,2026-09-14T02:22:38.775+00:00,False,93,92.0,,92.0,293676.045882,300050.69881000003,300050.698886,3226.3516009247314,0.03587,293676.045882,30445.609680227706,91.162965,69.28970573913044,21.257109872016997,0.30661484997326005,50,64,,False,False,Request timeout: 300.0s exceeded,417,21.16838264042747
208,2026-09-14T02:17:42.380+00:00,2026-09-14T02:22:35.850+00:00,2026-09-14T02:22:42.406+00:00,False,94,93.0,,93.0,293470.086126,300025.891566,300025.891577,3191.7648040106383,0.01765,293470.086126,30261.864581253238,91.21723465,70.49253161290322,20.891212460308445,0.309973247690664,50,64,,False,False,Request timeout: 300.0s exceeded,361,21.16838264042747
209,2026-09-14T02:17:45.385+00:00,2026-09-14T02:22:39.298+00:00,2026-09-14T02:22:45.447+00:00,False,88,87.0,,87.0,293913.46313499997,300062.123615,300062.12374699995,3409.7968607613634,0.04851,293913.46313499997,31323.75331817209,91.20687550000001,70.67425839080461,20.723011294868957,0.2899399596052546,50,64,,False,False,Request timeout: 300.0s exceeded,419,21.16838264042747
210,2026-09-14T02:17:49.444+00:00,2026-09-14T02:22:42.934+00:00,2026-09-14T02:22:49.519+00:00,False,97,96.0,,96.0,293489.661976,300075.021848,300075.021945,3093.5569272680414,0.10618999999999999,293489.661976,29792.40229788767,91.6677182,68.59749866666667,20.587677705668913,0.3199199967021175,50,64,,False,False,Request timeout: 300.0s exceeded,431,21.16838264042747
211,2026-09-14T02:17:53.177+00:00,2026-09-14T02:22:47.147+00:00,2026-09-14T02:22:53.221+00:00,False,90,89.0,,89.0,293969.92705,300044.349578,300044.349589,3333.8261065444444,0.036359999999999996,293969.92705,30979.962358291785,86.242712,68.25193851685393,18.802813593393502,0.29662281634423315,50,64,,False,False,Request timeout: 300.0s exceeded,429,21.16838264042747
212,2026-09-14T02:17:55.888+00:00,2026-09-14T02:22:49.367+00:00,2026-09-14T02:22:55.972+00:00,False,99,98.0,,98.0,293479.613151,300083.878111,300083.87807,3031.1502835353535,0.027949,293479.613151,29489.044608246466,89.1389988,67.39045877551021,19.953370603216893,0.32657535825283535,50,64,,False,False,Request timeout: 300.0s exceeded,446,21.16838264042747
213,2026-09-14T02:17:58.944+00:00,2026-09-14T02:22:53.302+00:00,2026-09-14T02:22:58.955+00:00,False,82,81.0,,81.0,294357.871182,300011.34011,300011.33985999995,3658.674876341463,0.022719999999999997,294357.871182,32498.688246623824,92.45426160000001,69.79591269135803,21.44581165806367,0.2699897942867797,50,64,,False,False,Request timeout: 300.0s exceeded,387,21.16838264042747
214,2026-09-14T02:18:03.601+00:00,2026-09-14T02:22:57.426+00:00,2026-09-14T02:23:03.632+00:00,False,90,89.0,,89.0,293824.698607,300030.737903,300030.737877,3333.6748653,0.02919,293824.698607,30964.49938379062,90.08671844999999,69.73077860674158,20.89805579198287,0.2966362734100055,50,64,,False,False,Request timeout: 300.0s exceeded,380,21.16838264042747
215,2026-09-14T02:18:07.213+00:00,2026-09-14T02:23:00.789+00:00,2026-09-14T02:23:07.237+00:00,False,100,99.0,,99.0,293576.435857,300024.013713,300024.01378700003,3000.24013787,0.0,293576.435857,29351.20633041243,89.65055845,65.12704905050505,66.88998296474878,0.32997358702994495,50,64,,False,False,Request timeout: 300.0s exceeded,451,21.16838264042747
216,2026-09-14T02:18:11.645+00:00,2026-09-14T02:23:05.060+00:00,2026-09-14T02:23:11.684+00:00,False,102,101.0,,101.0,293415.504706,300039.679554,300039.679463,2941.5654849313723,0.0,293415.504706,29046.04485897666,87.78676750000001,65.58588958415841,66.21386483743655,0.336622143278294,50,64,,False,False,Request timeout: 300.0s exceeded,302,21.16838264042747
217,2026-09-14T02:18:15.537+00:00,2026-09-14T02:23:09.248+00:00,2026-09-14T02:23:15.566+00:00,False,91,90.0,,90.0,293710.372979,300029.141363,300029.14146099996,3297.0235325384615,0.0247,293710.372979,30781.859462142344,89.480151,70.2085376,19.770635621653643,0.2999708614674552,50,64,,False,False,Request timeout: 300.0s exceeded,451,21.16838264042747
218,2026-09-14T02:18:18.671+00:00,2026-09-14T02:23:12.645+00:00,2026-09-14T02:23:18.694+00:00,False,86,85.0,,85.0,293973.879017,300023.050729,300023.050729,3488.640124755814,0.02232,293973.879017,31692.350656370847,91.2590815,71.1667260235294,19.841605397245413,0.28331156487298514,50,64,,False,False,Request timeout: 300.0s exceeded,194,21.16838264042747
219,2026-09-14T02:18:21.564+00:00,2026-09-14T02:23:15.437+00:00,2026-09-14T02:23:21.666+00:00,False,92,91.0,,91.0,293872.758097,300102.069841,300102.070008,3261.9790218260873,0.02591,293872.758097,30631.223479789514,89.28841549999999,68.4539752087912,21.29269345877019,0.3032301644844156,50,64,,False,False,Request timeout: 300.0s exceeded,428,21.16838264042747
220,2026-09-14T02:18:25.573+00:00,2026-09-14T02:23:19.112+00:00,2026-09-14T02:23:25.595+00:00,False,97,96.0,,96.0,293539.056469,300021.219157,300021.219216,3093.002259958763,0.03394,293539.056469,29797.5265876983,89.96654599999998,67.522528,20.43110348008079,0.3199773678333183,50,64,,False,False,Request timeout: 300.0s exceeded,472,21.16838264042747
221,2026-09-14T02:18:30.453+00:00,2026-09-14T02:23:24.165+00:00,2026-09-14T02:23:30.473+00:00,False,94,93.0,,93.0,293712.51628,300020.48632799997,300020.486505,3191.7073032446806,0.02693,293712.51628,30287.14380981384,89.8210498,67.82763492473119,20.312277707592813,0.30997883223989897,50,64,,False,False,Request timeout: 300.0s exceeded,328,21.16838264042747
222,2026-09-14T02:18:34.999+00:00,2026-09-14T02:23:28.633+00:00,2026-09-14T02:23:35.047+00:00,False,99,98.0,,98.0,293633.640903,300047.335111,300047.334905,3030.781160656566,0.03049,293633.640903,29504.72123018556,91.01825600000001,65.44585926530613,21.134726679614865,0.32661513212155585,50,64,,False,False,Request timeout: 300.0s exceeded,330,21.16838264042747
223,2026-09-14T02:18:39.599+00:00,2026-09-14T02:23:33.015+00:00,2026-09-14T02:23:39.640+00:00,False,99,98.0,,98.0,293415.46100099996,300040.87591299997,300040.87608599995,3030.7159200606056,0.031339,293415.46100099996,29482.57551024569,89.47583999999999,67.6062746122449,20.13871304677268,0.3266221634028829,50,64,,False,False,Request timeout: 300.0s exceeded,460,21.16838264042747
224,2026-09-14T02:18:43.028+00:00,2026-09-14T02:23:36.266+00:00,2026-09-14T02:23:43.048+00:00,False,100,99.0,,99.0,293237.839272,300020.048808,300020.048666,3000.20048666,0.02835,293237.839272,29316.939750997335,88.16237575,68.50716703030304,19.682462742138775,0.3299779477849354,50,64,,False,False,Request timeout: 300.0s exceeded,168,21.16838264042747
225,2026-09-14T02:18:46.077+00:00,2026-09-14T02:23:39.720+00:00,2026-09-14T02:23:46.088+00:00,False,95,94.0,,94.0,293643.204662,300010.44767,300010.447843,3158.0047141368423,0.040240000000000005,293643.204662,30120.213141463875,86.82545129999998,67.73662774468085,18.549371274553135,0.3133224217024482,50,64,,False,False,Request timeout: 300.0s exceeded,387,21.16838264042747
226,2026-09-14T02:18:50.912+00:00,2026-09-14T02:23:44.931+00:00,2026-09-14T02:23:50.940+00:00,False,89,88.0,,88.0,294019.608336,300028.522512,300028.52265400003,3371.1069961123594,0.02172,294019.608336,31158.784041513012,87.30030340000002,68.28311563636365,19.261510796243908,0.2933054473061985,50,64,,False,False,Request timeout: 300.0s exceeded,427,21.16838264042747
227,2026-09-14T02:18:54.304+00:00,2026-09-14T02:23:48.284+00:00,2026-09-14T02:23:54.378+00:00,False,89,88.0,,88.0,293980.334706,300074.049138,300074.049234,3371.6185307191013,0.03075,293980.334706,31154.51956575412,88.58871500000001,69.24675490909091,20.32098235763503,0.2932609475987375,50,64,,False,False,Request timeout: 300.0s exceeded,454,21.16838264042747
228,2026-09-14T02:18:57.374+00:00,2026-09-14T02:23:51.535+00:00,2026-09-14T02:23:57.416+00:00,False,86,85.0,,85.0,294161.29592,300041.478704,300041.47879900003,3488.854404639535,0.02144,294161.29592,31712.775313673068,90.10431675000001,69.1786209882353,20.780251569838896,0.28329416441736405,50,64,,False,False,Request timeout: 300.0s exceeded,388,21.16838264042747
229,2026-09-14T02:19:00.247+00:00,2026-09-14T02:23:53.544+00:00,2026-09-14T02:24:00.313+00:00,False,108,107.0,,107.0,293296.603901,300065.395197,300065.395355,2778.383290324074,0.03657,293296.603901,28216.3992841985,90.57950349999999,63.25973173831776,20.78761045163397,0.35658893598761027,50,64,,False,False,Request timeout: 300.0s exceeded,307,21.16838264042747
230,2026-09-14T02:19:04.851+00:00,2026-09-14T02:23:58.498+00:00,2026-09-14T02:24:04.911+00:00,False,107,106.0,,106.0,293646.88893,300059.09245,300059.09266900003,2804.290585691589,0.0,293646.88893,28382.14165319215,93.6542208,60.49248603773585,64.87288024183538,0.35326374926519916,50,64,,False,False,Request timeout: 300.0s exceeded,397,21.16838264042747
231,2026-09-14T02:19:08.321+00:00,2026-09-14T02:24:01.798+00:00,2026-09-14T02:24:08.362+00:00,False,101,100.0,,100.0,293477.109588,300041.52482,300041.524665,2970.708165,0.06835899999999999,293477.109588,29195.539197994498,89.280062,65.64415232,20.583832753966462,0.33328720102989645,50,64,,False,False,Request timeout: 300.0s exceeded,481,21.16838264042747
232,2026-09-14T02:19:11.231+00:00,2026-09-14T02:24:04.824+00:00,2026-09-14T02:24:11.296+00:00,False,99,98.0,,98.0,293593.10049,300064.540362,300064.54040299996,3030.9549535656565,0.021369,293593.10049,29500.586375477014,86.8625909,66.03510073469388,19.415227993613573,0.326596404499419,50,64,,False,False,Request timeout: 300.0s exceeded,412,21.16838264042747
233,2026-09-14T02:19:14.724+00:00,2026-09-14T02:24:08.580+00:00,2026-09-14T02:24:14.737+00:00,False,91,90.0,,90.0,293856.648883,300013.167795,300013.167761,3296.8479973736266,0.02913,293856.648883,30797.381954150525,87.3908205,68.40576568888889,19.182099310748082,0.299986832782944,50,64,,False,False,Request timeout: 300.0s exceeded,416,21.16838264042747
234,2026-09-14T02:19:17.815+00:00,2026-09-14T02:24:11.777+00:00,2026-09-14T02:24:17.850+00:00,False,90,89.0,,89.0,293961.790637,300034.089389,300034.08940399997,3333.712104488889,0.02393,293961.790637,30979.10806216571,89.9197379,68.22807586516853,20.156477372289295,0.2966329598788016,50,64,,False,False,Request timeout: 300.0s exceeded,374,21.16838264042747
235,2026-09-14T02:19:22.566+00:00,2026-09-14T02:24:16.385+00:00,2026-09-14T02:24:22.582+00:00,False,91,90.0,,90.0,293819.183449,300016.046425,300016.046404,3296.879630813187,0.03141,293819.183449,30793.40771555026,88.962807,68.85403306666666,19.498481408557918,0.2999839544332466,50,64,,False,False,Request timeout: 300.0s exceeded,330,21.16838264042747
236,2026-09-14T02:19:25.358+00:00,2026-09-14T02:24:18.859+00:00,2026-09-14T02:24:25.393+00:00,False,97,96.0,,96.0,293501.09406699997,300034.78366699995,300034.78374999994,3093.1421005154634,0.02153,293501.09406699997,29793.617237448052,88.095864,68.05926666666667,19.90009364022216,0.3199629017232471,50,64,,False,False,Request timeout: 300.0s exceeded,418,21.16838264042747
237,2026-09-14T02:19:29.927+00:00,2026-09-14T02:24:23.474+00:00,2026-09-14T02:24:30.015+00:00,False,99,98.0,,98.0,293546.609763,300088.227683,300088.22752899997,3031.1942174646465,0.0351,293546.609763,29495.842624737143,89.7840638,66.75120326530612,20.48027606665505,0.3265706247681362,50,64,,False,False,Request timeout: 300.0s exceeded,443,21.16838264042747
238,2026-09-14T02:19:33.601+00:00,2026-09-14T02:24:27.855+00:00,2026-09-14T02:24:33.620+00:00,False,86,85.0,,85.0,294254.442097,300019.916657,300019.916592,3488.6036813023256,0.02095,294254.442097,31722.964090135716,87.22032049999999,67.82911247058824,19.251193417895056,0.2833145244059809,50,64,,False,False,Request timeout: 300.0s exceeded,439,21.16838264042747
239,2026-09-14T02:19:37.866+00:00,2026-09-14T02:24:31.372+00:00,2026-09-14T02:24:37.877+00:00,False,97,96.0,,96.0,293506.829396,300011.674964,300011.67512800003,3092.903867298969,0.022069,293506.829396,29794.230192016275,88.2639558,67.758808,20.07094917481369,0.319987547189687,50,64,,False,False,Request timeout: 300.0s exceeded,357,21.16838264042747
240,2026-09-14T02:19:41.747+00:00,2026-09-14T02:24:35.841+00:00,2026-09-14T02:24:41.827+00:00,False,86,85.0,,85.0,294093.738769,300079.620113,300079.620018,3489.2979071860464,0.026199999999999998,294093.738769,31705.35610201688,90.898653,70.42213345882354,20.395104471005666,0.28325815651190117,50,64,,False,False,Request timeout: 300.0s exceeded,390,21.16838264042747
241,2026-09-14T02:19:45.435+00:00,2026-09-14T02:24:39.223+00:00,2026-09-14T02:24:47.565+00:00,False,90,89.0,,89.0,293788.821184,302130.488256,302130.488278,3357.005425311111,0.04275,293788.821184,30958.9787749895,91.75366445,93.72659631460674,223.48084354244338,0.2945747068220036,50,64,,False,False,Request timeout: 300.0s exceeded,409,21.16838264042747
242,2026-09-14T02:19:49.532+00:00,2026-09-14T02:24:42.902+00:00,2026-09-14T02:24:49.610+00:00,False,112,111.0,,111.0,293369.89495,300077.681702,300077.681744,2679.2650155714286,0.01514,293369.89495,27715.915702244332,92.15287000000001,60.43051127927928,208.39545960919583,0.3699042173693926,50,64,,False,False,Request timeout: 300.0s exceeded,450,21.16838264042747
243,2026-09-14T02:19:52.467+00:00,2026-09-14T02:24:47.826+00:00,2026-09-14T02:24:52.496+00:00,False,70,69.0,,69.0,295359.161508,300028.948644,300028.948506,4286.1278358,0.044849,295359.161508,35294.09037832382,95.3378493,67.67807443478262,23.129300711846636,0.22997780818101024,50,64,,False,False,Request timeout: 300.0s exceeded,293,21.16838264042747
244,2026-09-14T02:19:55.595+00:00,2026-09-14T02:24:49.175+00:00,2026-09-14T02:24:55.684+00:00,False,94,93.0,,93.0,293579.571127,300089.026999,300089.026931,3192.436456712766,0.03796,293579.571127,30273.207761273705,89.16374915,69.99414916129032,19.78182083483721,0.30990803272626793,50,64,,False,False,Request timeout: 300.0s exceeded,582,21.16838264042747
245,2026-09-14T02:19:58.263+00:00,2026-09-14T02:24:52.082+00:00,2026-09-14T02:24:58.346+00:00,False,95,94.0,,94.0,293818.800182,300083.31320599996,300083.31315299997,3158.7717174,0.0,293818.800182,30138.41387801074,88.2092274,66.64375557446809,69.17432849064333,0.31324634147674607,50,64,,False,False,Request timeout: 300.0s exceeded,449,21.16838264042747
246,2026-09-14T02:20:01.583+00:00,2026-09-14T02:24:55.519+00:00,2026-09-14T02:25:01.596+00:00,False,95,94.0,,94.0,293935.624967,300013.207559,300013.20749299997,3158.0337630842105,0.0,293935.624967,30150.604046456636,85.816128,64.65513395744681,69.26322380830783,0.31331953937899265,50,64,,False,False,Request timeout: 300.0s exceeded,427,21.16838264042747
247,2026-09-14T02:20:04.843+00:00,2026-09-14T02:24:58.768+00:00,2026-09-14T02:25:04.920+00:00,False,93,92.0,,92.0,293924.923923,300076.98075499997,300076.980822,3226.6342023870966,0.024210000000000002,293924.923923,30471.66682743112,85.98910260000001,66.87018295652175,19.456234576591566,0.30658799541546333,50,64,,False,False,Request timeout: 300.0s exceeded,232,21.16838264042747
248,2026-09-14T02:20:08.347+00:00,2026-09-14T02:25:02.094+00:00,2026-09-14T02:25:08.378+00:00,False,94,93.0,,93.0,293747.42394099996,300031.20608499995,300031.206241,3191.8213429893613,0.03816,293747.42394099996,30290.771092119583,88.70782164999999,67.56754993548387,20.322914575666772,0.3099677570660858,50,64,,False,False,Request timeout: 300.0s exceeded,445,21.16838264042747
249,2026-09-14T02:20:11.062+00:00,2026-09-14T02:25:04.788+00:00,2026-09-14T02:25:11.129+00:00,False,93,92.0,,92.0,293726.544536,300067.555736,300067.555596,3226.532855870968,0.03632,293726.544536,30450.883046815386,89.1772518,68.9240347826087,19.72905545095267,0.306597625239237,50,64,,False,False,Request timeout: 300.0s exceeded,481,21.16838264042747
250,2026-09-14T02:20:14.007+00:00,2026-09-14T02:25:07.837+00:00,2026-09-14T02:25:14.030+00:00,False,88,87.0,,87.0,293830.385258,300023.154282,300023.154371,3409.354026943182,0.0296,293830.385258,31314.842514569787,88.75986985,71.18125314942529,19.739173705378807,0.289977619254767,50,64,,False,False,Request timeout: 300.0s exceeded,399,21.16838264042747
251,2026-09-14T02:20:17.749+00:00,2026-09-14T02:25:11.761+00:00,2026-09-14T02:25:17.771+00:00,False,87,86.0,,86.0,294012.118938,300021.561498,300021.561448,3448.5236948045977,0.023459,294012.118938,31513.922612348084,89.59511400000001,69.87723906976744,20.2460798629158,0.2866460649381471,50,64,,False,False,Request timeout: 300.0s exceeded,270,21.16838264042747
252,2026-09-14T02:20:21.842+00:00,2026-09-14T02:25:15.377+00:00,2026-09-14T02:25:21.865+00:00,False,95,94.0,,94.0,293535.47545800003,300023.34285,300023.342957,3158.1404521789477,0.04253,293535.47545800003,30109.0298354722,89.83631600000001,69.01986587234043,20.322513244555697,0.31330895492020544,50,64,,False,False,Request timeout: 300.0s exceeded,449,21.16838264042747
253,2026-09-14T02:20:25.659+00:00,2026-09-14T02:25:19.235+00:00,2026-09-14T02:25:25.685+00:00,False,99,98.0,,98.0,293575.354236,300025.29727599997,300025.297325,3030.5585588383838,0.03596,293575.354236,29498.825488140894,88.3973047,65.81574530612245,20.362104778618235,0.32663912306650467,50,64,,False,False,Request timeout: 300.0s exceeded,375,21.16838264042747
254,2026-09-14T02:20:30.331+00:00,2026-09-14T02:25:23.798+00:00,2026-09-14T02:25:30.404+00:00,False,94,93.0,,93.0,293466.572649,300072.973673,300072.97362999996,3192.2656769148934,0.040799999999999996,293466.572649,30261.445468347356,89.9593143,71.03657015053764,19.974551801761297,0.30992461220898004,50,64,,False,False,Request timeout: 300.0s exceeded,412,21.16838264042747
255,2026-09-14T02:20:33.638+00:00,2026-09-14T02:25:27.153+00:00,2026-09-14T02:25:33.690+00:00,False,92,91.0,,91.0,293514.835929,300051.87298499997,300051.87317599996,3261.4334040869567,0.02478,293514.835929,30593.5541665441,91.53001855000001,71.83557204395603,20.095643797446485,0.30328089304928024,50,64,,False,False,Request timeout: 300.0s exceeded,341,21.16838264042747
256,2026-09-14T02:20:38.199+00:00,2026-09-14T02:25:32.275+00:00,2026-09-14T02:25:38.270+00:00,False,88,87.0,,87.0,294076.73587800004,300071.207814,300071.20777800004,3409.900088386364,0.018959,294076.73587800004,31341.346576552223,89.246255,68.90197627586207,19.788842107978283,0.28993118211437063,50,64,,False,False,Request timeout: 300.0s exceeded,342,21.16838264042747
257,2026-09-14T02:20:42.497+00:00,2026-09-14T02:25:35.988+00:00,2026-09-14T02:25:42.547+00:00,False,96,95.0,,95.0,293490.221619,300049.568051,300049.568157,3125.51633496875,0.02275,293490.221619,29947.179691911013,88.61026050000001,69.04575191578947,19.580201986329712,0.3166143534785981,50,64,,False,False,Request timeout: 300.0s exceeded,488,21.16838264042747
258,2026-09-14T02:20:45.133+00:00,2026-09-14T02:25:38.806+00:00,2026-09-14T02:25:45.154+00:00,False,95,94.0,,94.0,293673.52139300003,300020.90264100005,300020.90270900005,3158.114765357895,0.02096,293673.52139300003,30123.346410530474,89.818672,67.52533242553191,20.36480105732422,0.3133115032070909,50,64,,False,False,Request timeout: 300.0s exceeded,403,21.16838264042747
259,2026-09-14T02:20:49.659+00:00,2026-09-14T02:25:43.845+00:00,2026-09-14T02:25:49.742+00:00,False,84,83.0,,83.0,294186.107824,300082.728624,300082.72874500003,3572.413437440476,0.03493,294186.107824,32090.59048716002,89.55324300000001,71.04362409638554,19.889070239343596,0.27659039352444037,50,64,,False,False,Request timeout: 300.0s exceeded,392,21.16838264042747
260,2026-09-14T02:20:53.644+00:00,2026-09-14T02:25:47.277+00:00,2026-09-14T02:25:53.684+00:00,False,100,99.0,,99.0,293633.740216,300039.995576,300039.995597,3000.39995597,0.0,293633.740216,29356.98163713423,87.96888499999999,64.7096501010101,68.27041830955321,0.3299560107309871,50,64,,False,False,Request timeout: 300.0s exceeded,445,21.16838264042747
261,2026-09-14T02:20:57.041+00:00,2026-09-14T02:25:50.812+00:00,2026-09-14T02:25:57.070+00:00,False,100,99.0,,99.0,293770.395051,300028.521899,300028.521901,3000.28521901,0.0,293770.395051,29370.795764580733,90.87259100000001,63.2134025050505,67.85895757832603,0.3299686288936451,50,64,,False,False,Request timeout: 300.0s exceeded,512,21.16838264042747
262,2026-09-14T02:21:01.034+00:00,2026-09-14T02:25:55.070+00:00,2026-09-14T02:26:01.103+00:00,False,90,89.0,,89.0,294036.36839899997,300069.000463,300069.000458,3334.1000050888883,0.02,294036.36839899997,30987.01706142398,90.3374284,67.78238274157303,21.41449271883153,0.2965984485657463,50,64,,False,False,Request timeout: 300.0s exceeded,441,21.16838264042747
263,2026-09-14T02:21:04.839+00:00,2026-09-14T02:25:58.506+00:00,2026-09-14T02:26:04.907+00:00,False,92,91.0,,91.0,293667.27395,300068.129502,300068.129303,3261.610101119565,0.03523,293667.27395,30609.602856065245,89.89173755,70.339072,19.955387307192485,0.30326446247732375,50,64,,False,False,Request timeout: 300.0s exceeded,465,21.16838264042747
264,2026-09-14T02:21:08.860+00:00,2026-09-14T02:26:02.532+00:00,2026-09-14T02:26:08.866+00:00,False,97,96.0,,96.0,293672.044682,300006.243466,300006.243435,3092.8478704639174,0.02578,293672.044682,29811.186430461836,89.62893539999999,65.98123733333334,21.076010465135614,0.3199933404415291,50,64,,False,False,Request timeout: 300.0s exceeded,507,21.16838264042747
265,2026-09-14T02:21:13.361+00:00,2026-09-14T02:26:06.986+00:00,2026-09-14T02:26:13.420+00:00,False,96,95.0,,95.0,293625.955283,300059.441875,300059.441865,3125.61918609375,0.03623,293625.955283,29961.168774061567,89.6174525,67.72091149473684,20.501764459917695,0.3166039348949249,50,64,,False,False,Request timeout: 300.0s exceeded,453,21.16838264042747
266,2026-09-14T02:21:17.167+00:00,2026-09-14T02:26:10.751+00:00,2026-09-14T02:26:17.320+00:00,False,94,93.0,,93.0,293583.27595499996,300152.915123,300152.91518799996,3193.116119021276,0.024390000000000002,293583.27595499996,30273.523330435073,88.7552201,70.64128137634408,20.0768445273179,0.30984206820676535,50,64,,False,False,Request timeout: 300.0s exceeded,304,21.16838264042747
267,2026-09-14T02:21:21.933+00:00,2026-09-14T02:26:15.643+00:00,2026-09-14T02:26:21.991+00:00,False,97,96.0,,96.0,293709.81411900005,300058.053735,300058.05362,3093.381996082475,0.05621,293709.81411900005,29815.006453584323,89.74016080000001,66.127496,21.031617467168473,0.3199380879967434,50,64,,False,False,Request timeout: 300.0s exceeded,336,21.16838264042747
268,2026-09-14T02:21:25.486+00:00,2026-09-14T02:26:19.076+00:00,2026-09-14T02:26:25.496+00:00,False,93,92.0,,92.0,293589.651914,300009.566666,300009.56674499996,3225.9093198387095,0.03632,293589.651914,30436.599520132488,90.40245320000002,69.78168208695652,20.50623962560019,0.3066568877199286,50,64,,False,False,Request timeout: 300.0s exceeded,408,21.16838264042747
269,2026-09-14T02:21:30.040+00:00,2026-09-14T02:26:23.651+00:00,2026-09-14T02:26:30.064+00:00,False,97,96.0,,96.0,293610.230833,300024.031281,300024.03114599996,3093.031248927835,0.032159999999999994,293610.230833,29804.8257924591,90.036045,66.81042133333334,20.783348834137954,0.3199743686867776,50,64,,False,False,Request timeout: 300.0s exceeded,428,21.16838264042747
270,2026-09-14T02:21:34.639+00:00,2026-09-14T02:26:28.381+00:00,2026-09-14T02:26:34.701+00:00,False,94,93.0,,93.0,293742.11634500005,300062.23640900006,300062.23643600004,3192.151451446809,0.038439999999999995,293742.11634500005,30290.183252176023,87.99828995,67.95828025806452,20.167527460171772,0.30993570238287593,50,64,,False,False,Request timeout: 300.0s exceeded,437,21.16838264042747
271,2026-09-14T02:21:37.332+00:00,2026-09-14T02:26:30.872+00:00,2026-09-14T02:26:37.352+00:00,False,96,95.0,,95.0,293540.843663,300020.35444699996,300020.354397,3125.2120249687496,0.03479,293540.843663,29952.432195045883,88.9283225,68.20537667368421,19.799880686867635,0.31664518287469123,50,64,,False,False,Request timeout: 300.0s exceeded,422,21.16838264042747
272,2026-09-14T02:21:41.786+00:00,2026-09-14T02:26:35.390+00:00,2026-09-14T02:26:41.865+00:00,False,98,97.0,,97.0,293603.3398,300078.99445600004,300078.994414,3062.030555244898,0.03646,293603.3398,29651.679388040247,89.1853672,66.75932635051547,20.508963714969575,0.3232482172764109,50,64,,False,False,Request timeout: 300.0s exceeded,487,21.16838264042747
273,2026-09-14T02:21:46.346+00:00,2026-09-14T02:26:39.372+00:00,2026-09-14T02:26:46.463+00:00,False,100,99.0,,99.0,293025.564584,300116.341416,300116.34119899996,3001.16341199,0.02173,293025.564584,29295.454740981117,89.77707185,71.62400840404041,59.931293340756326,0.3298720740526862,50,64,,False,False,Request timeout: 300.0s exceeded,350,21.16838264042747
274,2026-09-14T02:21:49.281+00:00,2026-09-14T02:26:43.280+00:00,2026-09-14T02:26:49.360+00:00,False,98,97.0,,97.0,293998.62415,300078.292886,300078.29297,3062.0233976530612,0.0,293998.62415,29692.084421800886,92.05238005,62.67699727835052,64.77492334928036,0.32324897301668665,50,64,,False,False,Request timeout: 300.0s exceeded,509,21.16838264042747
275,2026-09-14T02:21:53.949+00:00,2026-09-14T02:26:47.743+00:00,2026-09-14T02:26:54.034+00:00,False,95,94.0,,94.0,293794.580754,300085.584146,300085.584117,3158.7956222842104,0.03138,293794.580754,30135.828013902446,88.01059740000001,66.925568,19.823922177318014,0.31324397094085793,50,64,,False,False,Request timeout: 300.0s exceeded,321,21.16838264042747
276,2026-09-14T02:21:57.726+00:00,2026-09-14T02:26:51.555+00:00,2026-09-14T02:26:57.801+00:00,False,93,92.0,,92.0,293828.852323,300075.245155,300075.24501,3226.615537741936,0.02145,293828.852323,30461.59867919011,89.0065092,67.89557426086957,19.98477992940609,0.30658976868444643,50,64,,False,False,Request timeout: 300.0s exceeded,352,21.16838264042747
277,2026-09-14T02:22:00.748+00:00,2026-09-14T02:26:54.701+00:00,2026-09-14T02:27:00.767+00:00,False,89,88.0,,88.0,293952.891372,300018.40765999997,300018.407641,3370.993344280899,0.04621,293952.891372,31151.64411720449,88.4461208,68.92632145454546,19.6467748344941,0.29331533583675046,50,64,,False,False,Request timeout: 300.0s exceeded,548,21.16838264042747
278,2026-09-14T02:22:05.526+00:00,2026-09-14T02:26:59.409+00:00,2026-09-14T02:27:05.608+00:00,False,91,90.0,,90.0,293882.897983,300082.434111,300082.434058,3297.6091654725274,0.038090000000000006,293882.897983,30800.083690773354,88.3890185,68.88373475555555,19.485854118757093,0.2999175885340531,50,64,,False,False,Request timeout: 300.0s exceeded,374,21.16838264042747
279,2026-09-14T02:22:08.320+00:00,2026-09-14T02:27:02.072+00:00,2026-09-14T02:27:08.344+00:00,False,94,93.0,,93.0,293752.024679,300024.388967,300024.388922,3191.748818319149,0.03481,293752.024679,30291.258073665325,88.46624949999999,67.44477729032259,20.001725307999827,0.3099748001160971,50,64,,False,False,Request timeout: 300.0s exceeded,471,21.16838264042747
280,2026-09-14T02:22:12.035+00:00,2026-09-14T02:27:05.773+00:00,2026-09-14T02:27:12.371+00:00,False,98,97.0,,97.0,293737.5833,300335.747268,300335.747145,3064.6504810714287,0.03864,293737.5833,29665.111991121663,87.48698585,68.0223089484536,19.83340787388462,0.32297187691561585,50,64,,False,False,Request timeout: 300.0s exceeded,530,21.16838264042747
281,2026-09-14T02:22:16.168+00:00,2026-09-14T02:27:10.335+00:00,2026-09-14T02:27:16.208+00:00,False,90,89.0,,89.0,294166.755125,300040.461621,300040.46158,3333.7829064444445,0.02145,294166.755125,31000.94887809699,90.79088229999999,65.99670220224719,20.858166687941967,0.29662666001501325,50,64,,False,False,Request timeout: 300.0s exceeded,426,21.16838264042747
282,2026-09-14T02:22:19.726+00:00,2026-09-14T02:27:13.532+00:00,2026-09-14T02:27:19.764+00:00,False,93,92.0,,92.0,293806.340558,300038.899662,300038.899685,3226.224727795699,0.038979999999999994,293806.340558,30459.28045267723,90.493071,67.7452076521739,20.803443185002134,0.3066269077230982,50,64,,False,False,Request timeout: 300.0s exceeded,452,21.16838264042747
283,2026-09-14T02:22:23.697+00:00,2026-09-14T02:27:17.422+00:00,2026-09-14T02:27:23.751+00:00,False,92,91.0,,91.0,293724.491254,300053.328118,300053.328198,3261.449219543478,0.01975,293724.491254,30615.650422954557,88.68193470000001,69.54765784615384,19.550356546766526,0.3032794222639418,50,64,,False,False,Request timeout: 300.0s exceeded,417,21.16838264042747
284,2026-09-14T02:22:28.557+00:00,2026-09-14T02:27:22.139+00:00,2026-09-14T02:27:28.586+00:00,False,93,92.0,,92.0,293582.203496,300029.42935199995,300029.429379,3226.122896548387,0.02638,293582.203496,30435.79559342832,88.3367592,70.07854191304348,19.301907610986976,0.30663658627988766,50,64,,False,False,Request timeout: 300.0s exceeded,446,21.16838264042747
285,2026-09-14T02:22:31.931+00:00,2026-09-14T02:27:25.755+00:00,2026-09-14T02:27:31.995+00:00,False,95,94.0,,94.0,293824.13054600003,300063.65541,300063.655249,3158.564792094737,0.03541,293824.13054600003,30138.915798373444,87.7220797,66.37792408510639,19.597056887714157,0.31326686289800937,50,64,,False,False,Request timeout: 300.0s exceeded,396,21.16838264042747
286,2026-09-14T02:22:35.651+00:00,2026-09-14T02:27:29.516+00:00,2026-09-14T02:27:35.688+00:00,False,95,94.0,,94.0,293865.353371,300037.40917899995,300037.40932599996,3158.2885192210524,0.02395,293865.353371,30143.218841409536,85.7743204,65.66016817021277,19.645966002916087,0.3132942663956958,50,64,,False,False,Request timeout: 300.0s exceeded,329,21.16838264042747
287,2026-09-14T02:22:40.088+00:00,2026-09-14T02:27:34.267+00:00,2026-09-14T02:27:40.156+00:00,False,85,84.0,,84.0,294179.49189,300068.113202,300068.113263,3530.2130972117648,0.040779,294179.49189,31900.648337834027,88.81702,70.10263466666667,19.859258920783624,0.27993644210857166,50,64,,False,False,Request timeout: 300.0s exceeded,296,21.16838264042747
288,2026-09-14T02:22:43.335+00:00,2026-09-14T02:27:37.126+00:00,2026-09-14T02:27:43.366+00:00,False,95,94.0,,94.0,293791.4512,300031.85824000003,300031.85808000003,3158.2300850526317,0.0,293791.4512,30135.634423408308,89.5221564,66.38730893617021,69.25069491063607,0.3133000627047011,50,64,,False,False,Request timeout: 300.0s exceeded,142,21.16838264042747
289,2026-09-14T02:22:46.692+00:00,2026-09-14T02:27:40.457+00:00,2026-09-14T02:27:46.741+00:00,False,99,98.0,,98.0,293764.96967799996,300048.719054,300048.71901699994,3030.7951415858583,0.0,293764.96967799996,29518.12420149825,90.9837768,64.11989159183673,68.27788852229914,0.32661362564378377,50,64,,False,False,Request timeout: 300.0s exceeded,477,21.16838264042747
290,2026-09-14T02:22:49.945+00:00,2026-09-14T02:27:43.559+00:00,2026-09-14T02:27:49.974+00:00,False,96,95.0,,95.0,293614.60944599996,300029.14896599995,300029.14899799996,3125.3036353958328,0.037269,293614.60944599996,29960.03097497968,89.58801825,67.52146863157895,20.24135278045481,0.31663590130292857,50,64,,False,False,Request timeout: 300.0s exceeded,452,21.16838264042747
291,2026-09-14T02:22:53.335+00:00,2026-09-14T02:27:46.990+00:00,2026-09-14T02:27:53.346+00:00,False,93,92.0,,92.0,293654.951582,300010.599326,300010.59937,3225.9204233333335,0.024079999999999997,293654.951582,30443.443208422825,89.1661636,69.0831276521739,20.49561348713616,0.30665583218288295,50,64,,False,False,Request timeout: 300.0s exceeded,432,21.16838264042747
292,2026-09-14T02:22:56.787+00:00,2026-09-14T02:27:50.475+00:00,2026-09-14T02:27:56.797+00:00,False,93,92.0,,92.0,293687.471485,300009.791613,300009.791732,3225.911739053763,0.042570000000000004,293687.471485,30446.852504429397,88.147358,68.72087095652174,19.84825048547914,0.3066566577889435,50,64,,False,False,Request timeout: 300.0s exceeded,448,21.16838264042747
293,2026-09-14T02:23:01.106+00:00,2026-09-14T02:27:54.568+00:00,2026-09-14T02:28:01.139+00:00,False,100,99.0,,99.0,293461.86428399995,300033.06940399995,300033.06942599994,3000.3306942599997,0.04535,293461.86428399995,29339.55568765642,87.81606639999998,66.37580929292929,20.136373174423404,0.3299636276649715,50,64,,False,False,Request timeout: 300.0s exceeded,374,21.16838264042747
294,2026-09-14T02:23:04.896+00:00,2026-09-14T02:27:58.392+00:00,2026-09-14T02:28:04.944+00:00,False,98,97.0,,97.0,293496.281832,300047.56938400003,300047.569236,3061.7098901632653,0.02036,293496.281832,29640.78549546248,88.09461985,67.53904692783505,19.546353148437678,0.3232820722365515,50,64,,False,False,Request timeout: 300.0s exceeded,464,21.16838264042747
295,2026-09-14T02:23:07.922+00:00,2026-09-14T02:28:01.397+00:00,2026-09-14T02:28:07.976+00:00,False,99,98.0,,98.0,293474.706349,300053.863341,300053.863464,3030.8471056969697,0.03008,293474.706349,29488.57766555107,89.3796259,67.13425502040816,20.62889512316746,0.32660802600174044,50,64,,False,False,Request timeout: 300.0s exceeded,405,21.16838264042747
296,2026-09-14T02:23:11.064+00:00,2026-09-14T02:28:04.733+00:00,2026-09-14T02:28:11.078+00:00,False,94,93.0,,93.0,293668.567101,300013.966909,300013.96692,3191.637945957447,0.03409,293668.567101,30282.56998335905,90.71275095000001,68.2301054623656,21.335020668070957,0.30998556819925877,50,64,,False,False,Request timeout: 300.0s exceeded,294,21.16838264042747
297,2026-09-14T02:23:15.924+00:00,2026-09-14T02:28:09.655+00:00,2026-09-14T02:28:16.026+00:00,False,106,105.0,,105.0,293730.49260299996,300101.83391499997,300101.83385799994,2831.1493760188678,0.015189999999999999,293730.49260299996,28524.981717845276,92.54172499999999,60.67944106666667,268.10116689519174,0.3498812340804952,50,64,,False,False,Request timeout: 300.0s exceeded,463,21.16838264042747
298,2026-09-14T02:23:20.379+00:00,2026-09-14T02:28:15.795+00:00,2026-09-14T02:28:20.442+00:00,False,67,66.0,,66.0,295416.432255,300063.870847,300063.870734,4478.565234835821,0.016649999999999998,295416.432255,36082.265111050525,90.5577663,70.41573624242425,21.621415751576425,0.21995317134881873,50,64,,False,False,Request timeout: 300.0s exceeded,232,21.16838264042747
299,2026-09-14T02:23:23.924+00:00,2026-09-14T02:28:17.636+00:00,2026-09-14T02:28:24.002+00:00,False,91,90.0,,90.0,293711.849008,300078.284848,300078.284828,3297.5635695384613,0.01902,293711.849008,30781.958239674645,88.64812249999999,70.738176,19.079526655415815,0.2999217355750621,50,64,,False,False,Request timeout: 300.0s exceeded,462,21.16838264042747
300,2026-09-14T02:23:27.789+00:00,2026-09-14T02:28:21.495+00:00,2026-09-14T02:28:27.806+00:00,False,91,90.0,,90.0,293705.646066,300017.14686599997,300017.146892,3296.891724087912,0.03133,293705.646066,30781.37318375158,90.72209849999999,70.12778666666667,20.95019205127113,0.29998285411399406,50,64,,False,False,Request timeout: 300.0s exceeded,411,21.16838264042747
301,2026-09-14T02:23:32.415+00:00,2026-09-14T02:28:26.160+00:00,2026-09-14T02:28:32.465+00:00,False,94,93.0,,93.0,293745.566428,300050.684892,300050.684798,3192.028561680851,0.02364,293745.566428,30290.555952099094,88.13291850000002,67.7969727311828,20.488929145170932,0.30994763445873935,50,64,,False,False,Request timeout: 300.0s exceeded,488,21.16838264042747
302,2026-09-14T02:23:36.272+00:00,2026-09-14T02:28:30.043+00:00,2026-09-14T02:28:36.288+00:00,False,89,88.0,,88.0,293770.90613,300015.90965000005,300015.909517,3370.9652754719104,0.03567,293770.90613,31132.1378805396,89.5756264,70.96594909090909,20.210145661490444,0.29331777805604115,50,64,,False,False,Request timeout: 300.0s exceeded,129,21.16838264042747
303,2026-09-14T02:23:39.604+00:00,2026-09-14T02:28:33.662+00:00,2026-09-14T02:28:39.626+00:00,False,91,90.0,,90.0,294058.188928,300022.608256,300022.608367,3296.951740296703,0.0,294058.188928,30818.8001842109,89.29587149999999,66.27132586666667,67.56990126046868,0.2999773934476491,50,64,,False,False,Request timeout: 300.0s exceeded,395,21.16838264042747
304,2026-09-14T02:23:43.265+00:00,2026-09-14T02:28:37.772+00:00,2026-09-14T02:28:43.310+00:00,False,93,92.0,,92.0,294507.261625,300045.05388099997,300045.053905,3226.290902204301,0.0,294507.261625,30532.75161277693,87.25046859999999,60.19339408695652,28.29896530708117,0.306620618503806,50,64,,False,False,Request timeout: 300.0s exceeded,233,21.16838264042747
305,2026-09-14T02:23:46.700+00:00,2026-09-14T02:28:40.033+00:00,2026-09-14T02:28:46.714+00:00,False,100,99.0,,99.0,293333.636616,300014.40436,300014.404293,3000.1440429299996,0.03468,293333.636616,29326.62197852571,88.2442415,67.48250246464646,19.725932952467446,0.329984155964744,50,64,,False,False,Request timeout: 300.0s exceeded,453,21.16838264042747
306,2026-09-14T02:23:51.400+00:00,2026-09-14T02:28:44.983+00:00,2026-09-14T02:28:51.433+00:00,False,97,96.0,,96.0,293582.878967,300033.546999,300033.54698,3093.1293503092784,0.03922,293582.878967,29802.00911154463,89.3567332,67.19445866666668,20.004914398694364,0.3199642205353789,50,64,,False,False,Request timeout: 300.0s exceeded,482,21.16838264042747
307,2026-09-14T02:23:54.706+00:00,2026-09-14T02:28:48.484+00:00,2026-09-14T02:28:54.771+00:00,False,95,94.0,,94.0,293778.33476999996,300065.19121799996,300065.19113799994,3158.5809593473678,0.12972999999999998,293778.33476999996,30134.166255070497,89.5406757,66.88145157446809,20.603396974497326,0.3132652595205826,50,64,,False,False,Request timeout: 300.0s exceeded,323,21.16838264042747
308,2026-09-14T02:23:59.065+00:00,2026-09-14T02:28:52.640+00:00,2026-09-14T02:28:59.083+00:00,False,95,94.0,,94.0,293574.97705299995,300017.95228499995,300017.95216199994,3158.0837069684208,0.022879999999999998,293574.97705299995,30113.1322488935,91.20793970000001,68.54228970212766,21.256110795385105,0.3133145842909606,50,64,,False,False,Request timeout: 300.0s exceeded,429,21.16838264042747
309,2026-09-14T02:24:03.366+00:00,2026-09-14T02:28:56.865+00:00,2026-09-14T02:29:03.422+00:00,False,99,98.0,,98.0,293499.410176,300056.38246399997,300056.382595,3030.872551464646,0.03487,293499.410176,29491.08317453488,89.95216400000001,66.90788048979591,20.527635398290585,0.32660528396444893,50,64,,False,False,Request timeout: 300.0s exceeded,475,21.16838264042747
310,2026-09-14T02:24:06.426+00:00,2026-09-14T02:29:00.158+00:00,2026-09-14T02:29:06.511+00:00,False,92,91.0,,91.0,293731.932267,300084.96497100004,300084.96505600004,3261.7930984347827,0.02302,293731.932267,30616.399492485612,92.04752215,69.8135461978022,21.090882750679363,0.3032474486310708,50,64,,False,False,Request timeout: 300.0s exceeded,320,21.16838264042747
311,2026-09-14T02:24:10.346+00:00,2026-09-14T02:29:04.349+00:00,2026-09-14T02:29:10.381+00:00,False,88,87.0,,87.0,294003.477327,300034.815567,300034.815615,3409.4865410795455,0.04405,294003.477327,31333.492791737386,90.38067835,69.32572689655173,20.991265733935055,0.2899663488571787,50,64,,False,False,Request timeout: 300.0s exceeded,331,21.16838264042747
312,2026-09-14T02:24:14.857+00:00,2026-09-14T02:29:08.977+00:00,2026-09-14T02:29:14.873+00:00,False,90,89.0,,89.0,294120.225555,300015.97339500004,300015.97337900003,3333.5108153222222,0.01914,294120.225555,30996.017456185913,87.2083735,66.244357752809,19.824901433850105,0.29665087159483633,50,64,,False,False,Request timeout: 300.0s exceeded,119,21.16838264042747
313,2026-09-14T02:24:19.359+00:00,2026-09-14T02:29:13.007+00:00,2026-09-14T02:29:19.438+00:00,False,100,99.0,,99.0,293648.204714,300078.885546,300078.885619,3000.78885619,0.02177,293648.204714,29358.331424730088,87.52997545000002,64.95637204040405,19.771865821224363,0.3299132487108094,50,64,,False,False,Request timeout: 300.0s exceeded,445,21.16838264042747
314,2026-09-14T02:24:22.391+00:00,2026-09-14T02:29:16.045+00:00,2026-09-14T02:29:22.420+00:00,False,94,93.0,,93.0,293654.066144,300028.687584,300028.687727,3191.794550287234,0.01809,293654.066144,30281.04139853945,89.91700799999998,68.54431655913979,20.579678978967067,0.30997035899762915,50,64,,False,False,Request timeout: 300.0s exceeded,356,21.16838264042747
315,2026-09-14T02:24:26.665+00:00,2026-09-14T02:29:20.348+00:00,2026-09-14T02:29:26.720+00:00,False,89,88.0,,88.0,293682.792717,300054.178317,300054.178237,3371.3952610898878,0.02828,293682.792717,31122.644939689555,90.10680239999999,72.4021090909091,19.07713620093934,0.2932803685440772,50,64,,False,False,Request timeout: 300.0s exceeded,411,21.16838264042747
316,2026-09-14T02:24:31.347+00:00,2026-09-14T02:29:24.976+00:00,2026-09-14T02:29:31.385+00:00,False,93,92.0,,92.0,293629.756862,300038.047678,300038.04766399995,3226.21556627957,0.03061,293629.756862,30440.770820212903,88.9412066,69.65533495652174,19.757083432705485,0.3066277784167365,50,64,,False,False,Request timeout: 300.0s exceeded,579,21.16838264042747
317,2026-09-14T02:24:35.287+00:00,2026-09-14T02:29:29.123+00:00,2026-09-14T02:29:35.311+00:00,False,102,101.0,,101.0,293836.64597799996,300024.66415399994,300024.66425499995,2941.4182770098037,0.0,293836.64597799996,29088.163917472008,88.55262950000001,61.26750669306931,62.743604926169844,0.33663899028033784,50,64,,False,False,Request timeout: 300.0s exceeded,456,21.16838264042747
318,2026-09-14T02:24:38.330+00:00,2026-09-14T02:29:31.903+00:00,2026-09-14T02:29:38.389+00:00,False,105,104.0,,104.0,293572.47454799997,300058.96952399996,300058.969505,2857.70447147619,0.0,293572.47454799997,28643.720220637453,91.6326648,62.370144,62.24935886576815,0.34659853749741565,50,64,,False,False,Request timeout: 300.0s exceeded,412,21.16838264042747
319,2026-09-14T02:24:42.414+00:00,2026-09-14T02:29:35.824+00:00,2026-09-14T02:29:42.463+00:00,False,98,97.0,,97.0,293410.324714,300049.51473,300049.514729,3061.729742132653,0.020239999999999998,293410.324714,29632.011970872787,90.08981685,68.44525789690721,21.01520064865575,0.3232799762642029,50,64,,False,False,Request timeout: 300.0s exceeded,484,21.16838264042747
320,2026-09-14T02:24:47.540+00:00,2026-09-14T02:29:40.821+00:00,2026-09-14T02:29:47.682+00:00,False,107,106.0,,106.0,293280.543422,300141.90713400004,300141.90711800003,2805.064552504673,0.02142,293280.543422,28346.250112159465,90.0193659,64.72984633962264,20.714384384525022,0.35316627728588296,50,64,,False,False,Request timeout: 300.0s exceeded,607,21.16838264042747
321,2026-09-14T02:24:50.617+00:00,2026-09-14T02:29:43.946+00:00,2026-09-14T02:29:50.662+00:00,False,105,104.0,,104.0,293329.76423000003,300045.29088600003,300045.29064400005,2857.5741966095243,0.04202,293329.76423000003,28619.760298751957,91.62605260000001,64.5723716923077,21.617516602601068,0.346614338431707,50,64,,False,False,Request timeout: 300.0s exceeded,512,21.16838264042747
322,2026-09-14T02:24:55.165+00:00,2026-09-14T02:29:49.117+00:00,2026-09-14T02:29:55.197+00:00,False,87,86.0,,86.0,293951.369452,300032.11159600003,300032.111396,3448.6449585747127,0.02105,293951.369452,31507.32103788539,89.9772926,70.706304,20.770892160756816,0.2866359855367779,50,64,,False,False,Request timeout: 300.0s exceeded,381,21.16838264042747
323,2026-09-14T02:24:58.812+00:00,2026-09-14T02:29:52.436+00:00,2026-09-14T02:29:58.850+00:00,False,95,94.0,,94.0,293624.48808499996,300038.648725,300038.64883499994,3158.3015666842102,0.01982,293624.48808499996,30118.243305824573,88.28347850000002,68.2357514893617,21.088751347632396,0.31329297208692464,50,64,,False,False,Request timeout: 300.0s exceeded,416,21.16838264042747
324,2026-09-14T02:25:03.403+00:00,2026-09-14T02:29:56.718+00:00,2026-09-14T02:30:03.429+00:00,False,100,99.0,,99.0,293315.13969,300026.20785,300026.207763,3000.26207763,0.040799999999999996,293315.13969,29324.74256580899,89.56021195,67.78856727272726,21.014300650251137,0.32997117388323516,50,64,,False,False,Request timeout: 300.0s exceeded,429,21.16838264042747
325,2026-09-14T02:25:06.586+00:00,2026-09-14T02:30:00.277+00:00,2026-09-14T02:30:06.630+00:00,False,94,93.0,,93.0,293690.72078,300043.996428,300043.996208,3191.9574064680846,0.016730000000000002,293690.72078,30284.845287822733,87.77900565,68.31479191397848,19.94366353527539,0.3099545436907842,50,64,,False,False,Request timeout: 300.0s exceeded,451,21.16838264042747
326,2026-09-14T02:25:09.714+00:00,2026-09-14T02:30:03.270+00:00,2026-09-14T02:30:09.728+00:00,False,95,94.0,,94.0,293555.73206699995,300013.6891869999,300013.6890639999,3158.038832252631,0.023629999999999998,293555.73206699995,30111.14099021952,92.642229,68.7016714893617,20.65627006634125,0.31331903639040076,50,64,,False,False,Request timeout: 300.0s exceeded,398,21.16838264042747
327,2026-09-14T02:25:12.576+00:00,2026-09-14T02:30:06.327+00:00,2026-09-14T02:30:12.615+00:00,False,92,91.0,,91.0,293751.441566,300039.444894,300039.445083,3261.2983161195652,0.03764,293751.441566,30618.508133473966,90.04393205000001,69.09893767032968,21.315001740960817,0.303293455406002,50,64,,False,False,Request timeout: 300.0s exceeded,245,21.16838264042747
328,2026-09-14T02:25:15.875+00:00,2026-09-14T02:30:09.685+00:00,2026-09-14T02:30:15.914+00:00,False,95,94.0,,94.0,293810.15371499996,300039.576563,300039.57660399994,3158.311332673684,0.023170000000000003,293810.15371499996,30137.49272178848,87.23920399999999,66.27045582978724,19.42522104153989,0.31329200326431805,50,64,,False,False,Request timeout: 300.0s exceeded,474,21.16838264042747
329,2026-09-14T02:25:20.652+00:00,2026-09-14T02:30:14.386+00:00,2026-09-14T02:30:20.682+00:00,False,95,94.0,,94.0,293734.163629,300030.231725,300030.231698,3158.2129652421054,0.019690000000000003,293734.163629,30129.6237812962,89.62880369999999,66.97944782978723,19.76279162909579,0.3133017611577155,50,64,,False,False,Request timeout: 300.0s exceeded,505,21.16838264042747
330,2026-09-14T02:25:24.394+00:00,2026-09-14T02:30:17.874+00:00,2026-09-14T02:30:24.449+00:00,False,96,95.0,,95.0,293479.749159,300054.253863,300054.25393,3125.5651451041667,0.02542,293479.749159,29946.094982190352,89.01643775000001,69.2053126736842,20.213086117218886,0.3166094090549887,50,64,,False,False,Request timeout: 300.0s exceeded,457,21.16838264042747
331,2026-09-14T02:25:27.681+00:00,2026-09-14T02:30:21.510+00:00,2026-09-14T02:30:28.104+00:00,False,88,87.0,,87.0,293829.40613300004,300423.061685,300423.06169400003,3413.8984283409095,0.022699999999999998,293829.40613300004,31314.30416233989,91.61935975,75.78914427586207,63.366070649723994,0.2895916162761877,50,64,,False,False,Request timeout: 300.0s exceeded,255,21.16838264042747
332,2026-09-14T02:25:31.659+00:00,2026-09-14T02:30:25.679+00:00,2026-09-14T02:30:31.677+00:00,False,97,96.0,,96.0,294019.948223,300018.243263,300018.24314,3092.9715787628866,0.0,294019.948223,29846.930124867762,92.1937714,62.48224,65.6943135186706,0.3199805417027428,50,64,,False,False,Request timeout: 300.0s exceeded,458,21.16838264042747
333,2026-09-14T02:25:35.623+00:00,2026-09-14T02:30:29.529+00:00,2026-09-14T02:30:35.689+00:00,False,92,91.0,,91.0,293905.349598,300065.47811,300065.477924,3261.5812817826086,0.0288,293905.349598,30634.700400917733,90.38795855000001,67.69371991208791,20.941529062407092,0.30326714213569284,50,64,,False,False,Request timeout: 300.0s exceeded,464,21.16838264042747
334,2026-09-14T02:25:40.225+00:00,2026-09-14T02:30:33.487+00:00,2026-09-14T02:30:40.260+00:00,False,100,99.0,,99.0,293261.71502999996,300034.975062,300034.97498199996,3000.3497498199995,0.02038,293261.71502999996,29319.33697768058,90.60362945000001,68.416768,20.582198473676826,0.32996153191654537,50,64,,False,False,Request timeout: 300.0s exceeded,494,21.16838264042747
335,2026-09-14T02:25:44.561+00:00,2026-09-14T02:30:38.154+00:00,2026-09-14T02:30:44.600+00:00,False,98,97.0,,97.0,293593.283814,300038.978278,300038.97838700004,3061.622228438776,0.02865,293593.283814,29650.694367408058,87.69777250000001,66.45045839175258,19.896365570285248,0.32329132886902784,50,64,,False,False,Request timeout: 300.0s exceeded,469,21.16838264042747
336,2026-09-14T02:25:47.227+00:00,2026-09-14T02:30:40.390+00:00,2026-09-14T02:30:47.247+00:00,False,103,102.0,,102.0,293162.319514,300020.03368999995,300020.033747,2912.815861621359,0.0252,293162.319514,28879.52391491317,88.3664241,67.23249192156864,20.006758864392935,0.3399772966674385,50,64,,False,False,Request timeout: 300.0s exceeded,456,21.16838264042747
337,2026-09-14T02:25:51.689+00:00,2026-09-14T02:30:45.125+00:00,2026-09-14T02:30:51.698+00:00,False,97,96.0,,96.0,293436.711218,300009.535026,300009.535163,3092.8818058041234,0.03669,293436.711218,29787.039303513717,89.31095899999998,68.46691466666667,20.705082359995693,0.3199898296288492,50,64,,False,False,Request timeout: 300.0s exceeded,314,21.16838264042747
338,2026-09-14T02:25:54.667+00:00,2026-09-14T02:30:48.541+00:00,2026-09-14T02:30:54.713+00:00,False,94,93.0,,93.0,293873.86647899996,300046.226415,300046.226499,3191.9811329680847,0.01943,293873.86647899996,30303.936517500566,88.950037,66.36946167741935,20.774390573335033,0.30995224006373545,50,64,,False,False,Request timeout: 300.0s exceeded,350,21.16838264042747
339,2026-09-14T02:25:57.680+00:00,2026-09-14T02:30:51.187+00:00,2026-09-14T02:30:57.689+00:00,False,99,98.0,,98.0,293506.828428,300008.32116399996,300008.32119299995,3030.3870827575756,0.02579,293506.828428,29491.885601980626,89.03060789999999,66.34176261224489,20.481395215460346,0.32665760609495953,50,64,,False,False,Request timeout: 300.0s exceeded,450,21.16838264042747
340,2026-09-14T02:26:00.973+00:00,2026-09-14T02:30:54.027+00:00,2026-09-14T02:31:01.055+00:00,False,102,101.0,,101.0,293053.623278,300081.752302,300081.75225099997,2941.9779632450977,0.018359999999999998,293053.623278,29009.749437897648,89.7277756,69.58543588118812,20.13402742407715,0.3365749474108455,50,64,,False,False,Request timeout: 300.0s exceeded,463,21.16838264042747
341,2026-09-14T02:26:05.314+00:00,2026-09-14T02:30:58.708+00:00,2026-09-14T02:31:05.328+00:00,False,97,96.0,,96.0,293394.12929199997,300014.170252,300014.170238,3092.929590082474,0.03635,293394.12929199997,29782.665262979037,87.38732100000001,68.95876,19.870027037113175,0.3199848857784411,50,64,,False,False,Request timeout: 300.0s exceeded,385,21.16838264042747
342,2026-09-14T02:26:09.104+00:00,2026-09-14T02:31:03.010+00:00,2026-09-14T02:31:09.118+00:00,False,89,88.0,,88.0,293905.59561699996,300013.52112099994,300013.52115299995,3370.9384399213477,0.046009999999999995,293905.59561699996,31146.58029750798,89.580083,69.40824436363636,20.591200344411952,0.2933201132775222,50,64,,False,False,Request timeout: 300.0s exceeded,359,21.16838264042747
343,2026-09-14T02:26:13.883+00:00,2026-09-14T02:31:07.745+00:00,2026-09-14T02:31:13.889+00:00,False,92,91.0,,91.0,293861.46583600005,300005.92382,300005.923965,3260.933956141305,0.047130000000000005,293861.46583600005,30630.142666236075,88.07058450000001,67.52151630769231,20.203334907534625,0.3033273438113806,50,64,,False,False,Request timeout: 300.0s exceeded,347,21.16838264042747
344,2026-09-14T02:26:16.861+00:00,2026-09-14T02:31:10.656+00:00,2026-09-14T02:31:16.920+00:00,False,96,95.0,,95.0,293794.15819199994,300058.7193439999,300058.71934799996,3125.6116598749995,0.01982,293794.15819199994,29978.51703588343,87.46473275,65.94274896842104,19.970861553619322,0.31660469726623075,50,64,,False,False,Request timeout: 300.0s exceeded,404,21.16838264042747
345,2026-09-14T02:26:19.765+00:00,2026-09-14T02:31:13.018+00:00,2026-09-14T02:31:19.809+00:00,False,105,104.0,,104.0,293252.758158,300043.39291,300043.392873,2857.5561226,0.01811,293252.758158,28612.17378144514,87.84764419999999,65.29456492307692,20.212342028692213,0.3466165310002193,50,64,,False,False,Request timeout: 300.0s exceeded,482,21.16838264042747
346,2026-09-14T02:26:22.493+00:00,2026-09-14T02:31:16.236+00:00,2026-09-14T02:31:22.428+00:00,True,100,100.0,,100.0,293743.333155,299935.207459,299935.207424,2999.35207424,0.0,293743.333155,29368.15510805689,88.18557995,62.544184888888886,67.24600275288223,0.33340534059733423,50,64,,False,True,,423,21.16838264042747
347,2026-09-14T02:26:26.856+00:00,2026-09-14T02:31:20.949+00:00,2026-09-14T02:31:26.880+00:00,False,89,88.0,,88.0,294093.520741,300023.942501,300023.942522,3371.0555339550565,0.0,294093.520741,31166.78871375151,91.34195319999999,67.39115636363636,71.60074400652852,0.29330992475611073,50,64,,False,False,Request timeout: 300.0s exceeded,488,21.16838264042747
348,2026-09-14T02:26:29.639+00:00,2026-09-14T02:31:23.456+00:00,2026-09-14T02:31:29.696+00:00,False,87,86.0,,86.0,293817.23714700004,300057.385627,300057.38566400006,3448.9354674022993,0.018969999999999997,293817.23714700004,31492.740478102707,88.01027600000002,72.55986604651163,18.58945158379038,0.2866118419991375,50,64,,False,False,Request timeout: 300.0s exceeded,393,21.16838264042747
349,2026-09-14T02:26:33.800+00:00,2026-09-14T02:31:27.663+00:00,2026-09-14T02:31:33.854+00:00,False,89,88.0,,88.0,293862.619987,300054.182227,300054.182416,3371.395308044944,0.044829999999999995,293862.619987,31141.923094869417,89.17693,70.35866181818182,18.91395992340484,0.29328036472234653,50,64,,False,False,Request timeout: 300.0s exceeded,411,21.16838264042747
350,2026-09-14T02:26:38.685+00:00,2026-09-14T02:31:32.569+00:00,2026-09-14T02:31:38.695+00:00,False,89,88.0,,88.0,293883.969587,300009.99889900006,300009.999015,3370.898865337079,0.06166,293883.969587,31144.265648567896,89.0550282,69.61396945454545,19.830667654099244,0.29332355695793216,50,64,,False,False,Request timeout: 300.0s exceeded,449,21.16838264042747
351,2026-09-14T02:26:43.512+00:00,2026-09-14T02:31:37.013+00:00,2026-09-14T02:31:43.527+00:00,False,99,98.0,,98.0,293500.56848,300014.574496,300014.5745,3030.450247474748,0.02495,293500.56848,29491.24330808829,88.468934,66.46944914285714,20.02140286619032,0.3266507974308648,50,64,,False,False,Request timeout: 300.0s exceeded,144,21.16838264042747
352,2026-09-14T02:26:47.780+00:00,2026-09-14T02:31:41.607+00:00,2026-09-14T02:31:47.799+00:00,False,97,96.0,,96.0,293826.35386699997,300018.428875,300018.428768,3092.973492453608,0.01909,293826.35386699997,29827.00420103159,88.75014000000002,64.50078133333334,20.690527732020097,0.31998034374080914,50,64,,False,False,Request timeout: 300.0s exceeded,465,21.16838264042747
353,2026-09-14T02:26:51.751+00:00,2026-09-14T02:31:45.080+00:00,2026-09-14T02:31:51.766+00:00,False,100,99.0,,99.0,293329.11168300005,300015.36781100003,300015.3679080001,3000.1536790800005,0.0446,293329.11168300005,29326.164469008057,89.54344044999999,67.53794068686868,20.503099167984892,0.32998309627381084,50,64,,False,False,Request timeout: 300.0s exceeded,148,21.16838264042747
354,2026-09-14T02:26:54.592+00:00,2026-09-14T02:31:48.172+00:00,2026-09-14T02:31:54.617+00:00,False,96,95.0,,95.0,293579.65482700005,300024.51089100004,300024.51075200003,3125.2553203333337,0.04299,293579.65482700005,29956.431034272962,90.37466475,67.84059014736842,20.49308142796363,0.3166407961731961,50,64,,False,False,Request timeout: 300.0s exceeded,422,21.16838264042747
355,2026-09-14T02:26:58.830+00:00,2026-09-14T02:31:52.953+00:00,2026-09-14T02:31:58.858+00:00,False,87,86.0,,86.0,294122.853685,300028.307765,300028.307578,3448.6012365287356,0.05818,294122.853685,31525.924727687798,89.8684579,68.66807069767442,20.973663842581935,0.2866396195766978,50,64,,False,False,Request timeout: 300.0s exceeded,371,21.16838264042747
356,2026-09-14T02:27:02.903+00:00,2026-09-14T02:31:56.778+00:00,2026-09-14T02:32:02.951+00:00,False,92,91.0,,91.0,293874.63743400003,300047.90565800003,300047.905642,3261.3902787173915,0.039880000000000006,293874.63743400003,30631.483471444146,89.35476855,67.83811235164835,21.071831059776805,0.3032849031238479,50,64,,False,False,Request timeout: 300.0s exceeded,447,21.16838264042747
357,2026-09-14T02:27:07.271+00:00,2026-09-14T02:32:00.888+00:00,2026-09-14T02:32:07.289+00:00,False,108,107.0,,107.0,293616.791373,300018.076749,300018.07688,2777.9451562962963,0.01516,293616.791373,28248.632101630657,90.5649092,59.825096971962616,250.44676355388734,0.3566451767155282,50,64,,False,False,Request timeout: 300.0s exceeded,543,21.16838264042747
358,2026-09-14T02:27:11.318+00:00,2026-09-14T02:32:06.864+00:00,2026-09-14T02:32:11.370+00:00,False,69,68.0,,68.0,295546.069094,300051.746406,300051.74653299997,4348.576036710145,0.02264,295546.069094,35571.59442556167,86.87473700000001,66.25996047058824,19.988893242362543,0.2266275761247835,50,64,,False,False,Request timeout: 300.0s exceeded,263,21.16838264042747
359,2026-09-14T02:27:14.510+00:00,2026-09-14T02:32:08.494+00:00,2026-09-14T02:32:14.533+00:00,False,92,91.0,,91.0,293983.515717,300023.309893,300023.309887,3261.122933554348,0.04657,293983.515717,30642.986984449537,88.17078755,66.37136457142857,19.940111495263903,0.3033097662726745,50,64,,False,False,Request timeout: 300.0s exceeded,390,21.16838264042747
360,2026-09-14T02:27:19.005+00:00,2026-09-14T02:32:12.564+00:00,2026-09-14T02:32:19.072+00:00,False,100,99.0,,99.0,293559.121727,300067.301183,300067.301268,3000.67301268,0.0,293559.121727,29349.406875668486,89.14175889999999,65.73918642424242,63.789552847739216,0.3299259853029556,50,64,,False,False,Request timeout: 300.0s exceeded,471,21.16838264042747
361,2026-09-14T02:27:22.820+00:00,2026-09-14T02:32:15.898+00:00,2026-09-14T02:32:22.878+00:00,False,105,104.0,,104.0,293078.38609600003,300058.239408,300058.23925200006,2857.6975166857146,0.0,293078.38609600003,28595.04113672556,88.585655,67.11397415384616,63.10066571648811,0.3465993808574856,50,64,,False,False,Request timeout: 300.0s exceeded,481,21.16838264042747
362,2026-09-14T02:27:25.805+00:00,2026-09-14T02:32:19.315+00:00,2026-09-14T02:32:25.816+00:00,False,95,94.0,,94.0,293510.242177,300011.280769,300011.28066399996,3158.013480673684,0.05337,293510.242177,30106.42691811534,91.1332734,69.1599850212766,20.822108338183796,0.3133215516398441,50,64,,False,False,Request timeout: 300.0s exceeded,479,21.16838264042747
363,2026-09-14T02:27:28.454+00:00,2026-09-14T02:32:22.136+00:00,2026-09-14T02:32:28.514+00:00,False,89,88.0,,88.0,293681.69211799995,300059.6722779999,300059.67220399994,3371.456991056179,0.04063,293681.69211799995,31122.52035590735,90.040448,72.47704727272726,19.11485626744517,0.2932749987091553,50,64,,False,False,Request timeout: 300.0s exceeded,449,21.16838264042747
364,2026-09-14T02:27:31.165+00:00,2026-09-14T02:32:24.798+00:00,2026-09-14T02:32:31.186+00:00,False,90,89.0,,89.0,293632.625254,300020.958054,300020.957868,3333.5661985333336,0.02949,293632.625254,30944.036491780458,89.5594924,71.7790202247191,19.847193422003393,0.29664594292769747,50,64,,False,False,Request timeout: 300.0s exceeded,421,21.16838264042747
365,2026-09-14T02:27:35.137+00:00,2026-09-14T02:32:28.962+00:00,2026-09-14T02:32:35.204+00:00,False,91,90.0,,90.0,293825.38620099996,300067.878361,300067.87835599994,3297.4492127032963,0.092419,293825.38620099996,30794.00536298014,89.48984100000001,69.361024,20.387822857512308,0.2999321369937655,50,64,,False,False,Request timeout: 300.0s exceeded,410,21.16838264042747
366,2026-09-14T02:27:38.010+00:00,2026-09-14T02:32:32.034+00:00,2026-09-14T02:32:38.088+00:00,False,86,85.0,,85.0,294023.586756,300077.447108,300077.446982,3489.2726393255816,0.0263,294023.586756,31697.704864216732,90.04892,71.22188649411764,19.895641044166165,0.2832602077203353,50,64,,False,False,Request timeout: 300.0s exceeded,300,21.16838264042747
367,2026-09-14T02:27:41.048+00:00,2026-09-14T02:32:34.607+00:00,2026-09-14T02:32:41.086+00:00,False,96,95.0,,95.0,293558.84976300003,300037.85955500003,300037.859462,3125.3943693958336,0.03296,293558.84976300003,29954.270596049195,89.78524250000001,68.20010307368422,19.98742215700175,0.3166267088456733,50,64,,False,False,Request timeout: 300.0s exceeded,212,21.16838264042747
368,2026-09-14T02:27:45.162+00:00,2026-09-14T02:32:38.916+00:00,2026-09-14T02:32:45.190+00:00,False,96,95.0,,95.0,293753.56834899995,300027.74076499994,300027.74060099997,3125.2889645937494,0.02091,293753.56834899995,29974.364471218276,88.76444724999999,66.04392016842105,20.63260135362949,0.31663738745548137,50,64,,False,False,Request timeout: 300.0s exceeded,527,21.16838264042747
369,2026-09-14T02:27:48.854+00:00,2026-09-14T02:32:42.358+00:00,2026-09-14T02:32:48.867+00:00,False,96,95.0,,95.0,293503.432494,300012.86635,300012.866319,3125.1340241562502,0.02897,293503.432494,29948.581911896996,88.98269524999999,68.52035637894737,19.990013147512883,0.3166530861018854,50,64,,False,False,Request timeout: 300.0s exceeded,127,21.16838264042747
370,2026-09-14T02:27:52.695+00:00,2026-09-14T02:32:46.610+00:00,2026-09-14T02:32:52.726+00:00,False,88,87.0,,87.0,293915.29775300005,300031.5990650001,300031.59913700004,3409.449990193182,0.01908,293915.29775300005,31323.987922268745,89.50476224999998,70.30231393103448,19.75818646118911,0.28996945745421954,50,64,,False,False,Request timeout: 300.0s exceeded,403,21.16838264042747
371,2026-09-14T02:27:56.435+00:00,2026-09-14T02:32:49.948+00:00,2026-09-14T02:32:56.516+00:00,False,96,95.0,,95.0,293513.957337,300081.612249,300081.612379,3125.850128947917,0.049280000000000004,293513.957337,29949.59316427232,88.8114045,69.1332096,19.397610045924715,0.3165805438327606,50,64,,False,False,Request timeout: 300.0s exceeded,508,21.16838264042747
372,2026-09-14T02:28:00.571+00:00,2026-09-14T02:32:53.947+00:00,2026-09-14T02:33:00.592+00:00,False,97,96.0,,96.0,293375.716516,300021.12118799996,300021.121284,3093.0012503505154,0.01864,293375.716516,29780.76822661363,86.949098,69.22296533333333,18.8175017210185,0.31997747231883805,50,64,,False,False,Request timeout: 300.0s exceeded,434,21.16838264042747
373,2026-09-14T02:28:05.298+00:00,2026-09-14T02:32:58.751+00:00,2026-09-14T02:33:05.324+00:00,False,98,97.0,,97.0,293453.059412,300026.548052,300026.548172,3061.495389510204,0.03577,293453.059412,29636.396736485658,89.91246335,67.76792412371135,20.274593353281972,0.32330472296467627,50,64,,False,False,Request timeout: 300.0s exceeded,461,21.16838264042747
374,2026-09-14T02:28:09.243+00:00,2026-09-14T02:33:02.917+00:00,2026-09-14T02:33:09.314+00:00,False,96,95.0,,95.0,293674.799241,300071.299465,300071.29961399996,3125.7427043125,0.04537,293674.799241,29966.193952907182,89.98947325,67.33158130526316,20.981780322430616,0.3165914240028167,50,64,,False,False,Request timeout: 300.0s exceeded,251,21.16838264042747
375,2026-09-14T02:28:14.618+00:00,2026-09-14T02:33:07.209+00:00,2026-09-14T02:33:14.754+00:00,False,126,125.0,,125.0,292591.282568,300136.90816800005,300136.90810600005,2382.0389532222225,0.0,292591.282568,26060.796616946842,90.1054795,60.365004799999994,61.152804580776284,0.4164766031708167,50,64,,False,False,Request timeout: 300.0s exceeded,601,21.16838264042747
376,2026-09-14T02:28:17.045+00:00,2026-09-14T02:33:10.203+00:00,2026-09-14T02:33:17.073+00:00,False,120,119.0,,119.0,293158.230664,300028.31450399995,300028.314538,2500.235954483333,0.0,293158.230664,26756.36469484046,91.821267,57.731796974789916,62.42971086283197,0.3966292321334009,50,64,,False,False,Request timeout: 300.0s exceeded,443,21.16838264042747
377,2026-09-14T02:28:19.757+00:00,2026-09-14T02:33:14.838+00:00,2026-09-14T02:33:19.818+00:00,False,79,78.0,,78.0,295080.979499,300060.827691,300060.82763200003,3798.2383244556963,0.018949999999999998,295080.979499,33192.02890458495,92.6136257,63.84420758974359,23.13071069751856,0.25994729335454514,50,64,,False,False,Request timeout: 300.0s exceeded,416,21.16838264042747
378,2026-09-14T02:28:24.224+00:00,2026-09-14T02:33:17.626+00:00,2026-09-14T02:33:24.285+00:00,False,94,93.0,,93.0,293401.19216900005,300060.29002500005,300060.29011800006,3192.1307459361706,0.02104,293401.19216900005,30254.643176018686,89.35390065,71.60320275268818,19.402402250025578,0.3099377128251511,50,64,,False,False,Request timeout: 300.0s exceeded,445,21.16838264042747
379,2026-09-14T02:28:26.937+00:00,2026-09-14T02:33:20.787+00:00,2026-09-14T02:33:26.952+00:00,False,88,87.0,,87.0,293850.482303,300014.987903,300014.987936,3409.2612265454545,0.03385,293850.482303,31317.019433606605,88.71743999999998,70.85638620689656,19.636626156371825,0.28998551241756165,50,64,,False,False,Request timeout: 300.0s exceeded,260,21.16838264042747
380,2026-09-14T02:28:30.211+00:00,2026-09-14T02:33:23.784+00:00,2026-09-14T02:33:30.274+00:00,False,98,97.0,,97.0,293573.284791,300063.377079,300063.377197,3061.871195887755,0.03314,293573.284791,29648.627910381187,88.69364585,66.90816791752577,19.873129278021903,0.32326504135312073,50,64,,False,False,Request timeout: 300.0s exceeded,363,21.16838264042747
381,2026-09-14T02:28:33.511+00:00,2026-09-14T02:33:27.204+00:00,2026-09-14T02:33:33.575+00:00,False,99,98.0,,98.0,293692.88689200004,300063.83038000006,300063.83043900004,3030.9477822121216,0.03741,293692.88689200004,29510.71850900454,87.41855589999999,65.00962742857142,19.66096223936497,0.3265971772602284,50,64,,False,False,Request timeout: 300.0s exceeded,190,21.16838264042747
382,2026-09-14T02:28:37.116+00:00,2026-09-14T02:33:30.661+00:00,2026-09-14T02:33:37.137+00:00,False,99,98.0,,98.0,293545.605296,300021.62859200005,300021.628571,3030.521500717172,0.024239999999999998,293545.605296,29495.808248618097,87.331013,66.08187036734694,19.444640649654204,0.3266431172309593,50,64,,False,False,Request timeout: 300.0s exceeded,503,21.16838264042747
383,2026-09-14T02:28:40.957+00:00,2026-09-14T02:33:34.642+00:00,2026-09-14T02:33:41.054+00:00,False,101,100.0,,100.0,293684.45274599997,300097.22049,300097.22033299995,2971.2596072574256,0.03757,293684.45274599997,29216.321880212803,88.183844,64.12767744,21.11757119273505,0.3332253455620801,50,64,,False,False,Request timeout: 300.0s exceeded,455,21.16838264042747
384,2026-09-14T02:28:45.288+00:00,2026-09-14T02:33:38.982+00:00,2026-09-14T02:33:45.299+00:00,False,95,94.0,,94.0,293694.233939,300010.629203,300010.62908,3158.006621894737,0.02321,293694.233939,30125.505697415247,89.7232684,67.19569429787234,20.961068724872295,0.3133222321146348,50,64,,False,False,Request timeout: 300.0s exceeded,413,21.16838264042747
385,2026-09-14T02:28:49.213+00:00,2026-09-14T02:33:43.012+00:00,2026-09-14T02:33:49.298+00:00,False,94,93.0,,93.0,293798.674342,300084.734374,300084.734327,3192.390790712766,0.03503,293798.674342,30296.054014833284,87.1997048,67.59204335483871,19.35773817229661,0.3099124658706988,50,64,,False,False,Request timeout: 300.0s exceeded,228,21.16838264042747
386,2026-09-14T02:28:53.655+00:00,2026-09-14T02:33:47.373+00:00,2026-09-14T02:33:53.703+00:00,False,101,100.0,,100.0,293717.462856,300047.667272,300047.667129,2970.7689814752475,0.02084,293717.462856,29219.687733491603,86.74372699999999,63.302044159999994,19.77788578709475,0.33328037811188094,50,64,,False,False,Request timeout: 300.0s exceeded,420,21.16838264042747
387,2026-09-14T02:28:56.711+00:00,2026-09-14T02:33:50.578+00:00,2026-09-14T02:33:56.778+00:00,False,94,93.0,,93.0,293866.882293,300066.945525,300066.945481,3192.2015476702127,0.024239999999999998,293866.882293,30303.18446077021,86.27920465,66.66734658064516,19.293073260066176,0.3099308383910341,50,64,,False,False,Request timeout: 300.0s exceeded,396,21.16838264042747
388,2026-09-14T02:29:00.798+00:00,2026-09-14T02:33:54.728+00:00,2026-09-14T02:34:00.819+00:00,False,91,90.0,,90.0,293930.363493,300021.522021,300021.52214899997,3296.9398038351646,0.03748,293930.363493,30805.18600822716,89.79441599999998,67.67953920000001,20.033279916256948,0.29997847952288054,50,64,,False,False,Request timeout: 300.0s exceeded,414,21.16838264042747
389,2026-09-14T02:29:04.124+00:00,2026-09-14T02:33:57.789+00:00,2026-09-14T02:34:04.149+00:00,False,95,94.0,,94.0,293664.298057,300024.152137,300024.15214599995,3158.1489699578947,0.0222,293664.298057,30122.386092262655,87.54747739999999,67.65802212765958,19.741456478764892,0.31330810979869644,50,64,,False,False,Request timeout: 300.0s exceeded,586,21.16838264042747
390,2026-09-14T02:29:06.886+00:00,2026-09-14T02:34:00.528+00:00,2026-09-14T02:34:06.923+00:00,False,101,100.0,,100.0,293641.903136,300036.47952,300036.479582,2970.658213683168,0.0,293641.903136,29212.172654996863,88.602573,63.945763840000005,66.11680241201962,0.33329280546145773,50,64,,False,False,Request timeout: 300.0s exceeded,133,21.16838264042747
391,2026-09-14T02:29:09.531+00:00,2026-09-14T02:34:02.952+00:00,2026-09-14T02:34:09.540+00:00,False,102,101.0,,101.0,293421.279295,300009.276223,300009.276242,2941.267414137255,0.0,293421.279295,29046.650760033746,87.88003345000001,65.22769235643564,65.6203526632624,0.3366562570049522,50,64,,False,False,Request timeout: 300.0s exceeded,497,21.16838264042747
392,2026-09-14T02:29:12.674+00:00,2026-09-14T02:34:06.171+00:00,2026-09-14T02:34:12.697+00:00,False,93,92.0,,92.0,293497.28786599997,300023.72472999996,300023.724824,3226.0615572473116,0.033229999999999996,293497.28786599997,30426.90174650937,89.98363020000001,70.93953113043479,20.496027391647033,0.30664241663819575,50,64,,False,False,Request timeout: 300.0s exceeded,380,21.16838264042747
393,2026-09-14T02:29:16.903+00:00,2026-09-14T02:34:10.674+00:00,2026-09-14T02:34:16.922+00:00,False,90,89.0,,89.0,293770.755673,300018.634841,300018.634889,3333.5403876555556,0.02305,293770.755673,30958.763322636518,90.3425655,70.20088952808987,20.25311069153216,0.29664824002404744,50,64,,False,False,Request timeout: 300.0s exceeded,329,21.16838264042747
394,2026-09-14T02:29:19.777+00:00,2026-09-14T02:34:13.664+00:00,2026-09-14T02:34:19.848+00:00,False,92,91.0,,91.0,293887.29122899997,300071.033693,300071.03365099995,3261.641670119565,0.027710000000000002,293887.29122899997,30632.79032346493,88.8795695,67.9532138901099,20.480167874559633,0.30326152737921813,50,64,,False,False,Request timeout: 300.0s exceeded,449,21.16838264042747
395,2026-09-14T02:29:24.289+00:00,2026-09-14T02:34:17.840+00:00,2026-09-14T02:34:24.328+00:00,False,95,94.0,,94.0,293551.30592199997,300039.197122,300039.19694099994,3158.3073362210525,0.05337,293551.30592199997,30110.65369586097,88.21122600000001,69.02011914893616,19.891246841461797,0.31329239946532167,50,64,,False,False,Request timeout: 300.0s exceeded,308,21.16838264042747
396,2026-09-14T02:29:27.195+00:00,2026-09-14T02:34:20.905+00:00,2026-09-14T02:34:27.203+00:00,False,92,91.0,,91.0,293710.598078,300008.193726,300008.19358900003,3260.9586259673915,0.03392,293710.598078,30614.23776652193,88.4174245,69.20434778021978,19.5728466352559,0.3033250487922042,50,64,,False,False,Request timeout: 300.0s exceeded,346,21.16838264042747
397,2026-09-14T02:29:30.503+00:00,2026-09-14T02:34:24.028+00:00,2026-09-14T02:34:30.574+00:00,False,96,95.0,,95.0,293525.614302,300071.08143799996,300071.08163,3125.740433645833,0.034820000000000004,293525.614302,29950.80728994127,89.34196349999998,68.8996540631579,20.244868562878686,0.31659165403324174,50,64,,False,False,Request timeout: 300.0s exceeded,465,21.16838264042747
398,2026-09-14T02:29:33.832+00:00,2026-09-14T02:34:27.281+00:00,2026-09-14T02:34:33.877+00:00,False,99,98.0,,98.0,293448.736616,300044.799336,300044.799229,3030.755547767677,0.02496,293448.736616,29485.950113669314,88.43957089999999,67.30676244897958,20.398362647415926,0.32661789245097494,50,64,,False,False,Request timeout: 300.0s exceeded,407,21.16838264042747
399,2026-09-14T02:29:38.426+00:00,2026-09-14T02:34:32.009+00:00,2026-09-14T02:34:38.487+00:00,False,96,95.0,,95.0,293583.063108,300061.128516,300061.12844,3125.636754583333,0.11692,293583.063108,29956.742977841714,87.6566725,68.19016218947368,20.143704511689105,0.3166021552669538,50,64,,False,False,Request timeout: 300.0s exceeded,315,21.16838264042747
400,2026-09-14T02:29:42.907+00:00,2026-09-14T02:34:36.212+00:00,2026-09-14T02:34:42.927+00:00,False,97,96.0,,96.0,293305.065009,300020.42270500003,300020.422949,3092.994051020619,0.02238,293305.065009,29773.520933106098,89.45946180000001,69.95164266666667,19.2363424233385,0.3199782172642079,50,64,,False,False,Request timeout: 300.0s exceeded,458,21.16838264042747
401,2026-09-14T02:29:46.910+00:00,2026-09-14T02:34:40.386+00:00,2026-09-14T02:34:46.928+00:00,False,99,98.0,,98.0,293475.953292,300017.640844,300017.64091899997,3030.4812214040403,0.04379,293475.953292,29488.74097668228,88.04623300000002,66.75191379591837,19.986137049061764,0.32664745887711655,50,64,,False,False,Request timeout: 300.0s exceeded,456,21.16838264042747
402,2026-09-14T02:29:50.637+00:00,2026-09-14T02:34:44.603+00:00,2026-09-14T02:34:50.708+00:00,False,95,94.0,,94.0,293965.805682,300070.034034,300070.034092,3158.6319378105263,0.052840000000000005,293965.805682,30153.599359111664,88.13584630000001,64.9385994893617,20.1040651237572,0.3132602037474663,50,64,,False,False,Request timeout: 300.0s exceeded,329,21.16838264042747
403,2026-09-14T02:29:54.816+00:00,2026-09-14T02:34:48.974+00:00,2026-09-14T02:34:54.832+00:00,False,87,86.0,,86.0,294158.57344,300016.088704,300016.08890000003,3448.460791954023,0.038729999999999994,294158.57344,31529.81329771022,88.26642299999999,68.11064260465116,19.798618842082025,0.2866512938406073,50,64,,True,False,Request timeout: 300.0s exceeded,410,21.16838264042747
404,2026-09-14T02:29:59.686+00:00,2026-09-14T02:34:53.359+00:00,2026-09-14T02:34:59.702+00:00,False,94,93.0,,93.0,293673.203078,300015.752838,300015.75288499997,3191.6569455851063,0.03516,293673.203078,30283.050553443587,89.34563915000001,68.19945978494623,20.222508223456703,0.3099837229221005,50,64,,True,False,Request timeout: 300.0s exceeded,328,21.16838264042747
405,2026-09-14T02:30:04.159+00:00,2026-09-14T02:34:57.939+00:00,2026-09-14T02:35:04.250+00:00,False,98,97.0,,97.0,293779.370658,300090.990498,300090.990501,3062.1529642959185,0.03553,293779.370658,29669.631991287384,87.32082455,65.06824577319588,20.480738355579557,0.323235295531628,50,64,,True,False,Request timeout: 300.0s exceeded,320,21.16838264042747
406,2026-09-14T02:30:06.928+00:00,2026-09-14T02:35:00.482+00:00,2026-09-14T02:35:06.938+00:00,False,94,93.0,,93.0,293553.329638,300010.09175,300010.091844,3191.596721744681,0.02354,293553.329638,30270.559646917405,88.68127765,69.42754959139785,19.85580859080344,0.3099895722091155,50,64,,True,False,Request timeout: 300.0s exceeded,401,21.16838264042747
407,2026-09-14T02:30:10.450+00:00,2026-09-14T02:35:04.123+00:00,2026-09-14T02:35:10.471+00:00,False,94,93.0,,93.0,293673.379328,300021.491968,300021.492045,3191.7180004787233,0.02063,293673.379328,30283.06252472779,89.48338845,68.25927569892474,20.16500337573717,0.3099777932239577,50,64,,True,False,Request timeout: 300.0s exceeded,391,21.16838264042747
408,2026-09-14T02:30:14.551+00:00,2026-09-14T02:35:07.970+00:00,2026-09-14T02:35:14.613+00:00,False,102,101.0,,101.0,293419.546468,300061.828452,300061.828283,2941.7826302254903,0.023309999999999997,293419.546468,29046.35980260074,89.17644705,65.76516815841583,20.588870934675505,0.3365972957008648,50,64,,True,False,Request timeout: 300.0s exceeded,522,21.16838264042747
409,2026-09-14T02:30:17.251+00:00,2026-09-14T02:35:10.811+00:00,2026-09-14T02:35:17.318+00:00,False,97,96.0,,96.0,293560.075645,300067.41106899997,300067.411204,3093.4784660206183,0.020120000000000002,293560.075645,29799.634257654783,90.1261138,67.784744,20.60802039259769,0.3199281110134448,50,64,,True,False,Request timeout: 300.0s exceeded,299,21.16838264042747
410,2026-09-14T02:30:21.372+00:00,2026-09-14T02:35:15.083+00:00,2026-09-14T02:35:21.433+00:00,False,90,89.0,,89.0,293711.42649,300061.47576999996,300061.47583199997,3334.016398133333,0.04278,293711.42649,30952.387953826175,90.51069699999998,71.34886831460675,19.43672605638594,0.2966058864158202,50,64,,True,False,Request timeout: 300.0s exceeded,333,21.16838264042747
411,2026-09-14T02:30:25.313+00:00,2026-09-14T02:35:18.592+00:00,2026-09-14T02:35:25.398+00:00,False,99,98.0,,98.0,293279.26145499997,300084.47975899995,300084.479648,3031.1563600808076,0.02188,293279.26145499997,29468.702315289604,88.51482689999999,69.44100310204081,19.7929357152766,0.32657470349251155,50,64,,True,False,Request timeout: 300.0s exceeded,440,21.16838264042747
412,2026-09-14T02:30:29.443+00:00,2026-09-14T02:35:23.050+00:00,2026-09-14T02:35:29.481+00:00,False,96,95.0,,95.0,293606.46881,300038.095562,300038.09538,3125.396826875,0.04256,293606.46881,29959.182782662254,88.9077695,67.70133423157894,21.706443225635017,0.316626459790234,50,64,,True,False,Request timeout: 300.0s exceeded,361,21.16838264042747
413,2026-09-14T02:30:33.535+00:00,2026-09-14T02:35:27.186+00:00,2026-09-14T02:35:33.590+00:00,False,96,95.0,,95.0,293651.32605000003,300055.099746,300055.099889,3125.5739571770837,0.03828,293651.32605000003,29963.789392300827,87.16693675,67.40814416842106,19.446980610617143,0.316608516503864,50,64,,True,False,Request timeout: 300.0s exceeded,363,21.16838264042747
414,2026-09-14T02:30:37.053+00:00,2026-09-14T02:35:30.688+00:00,2026-09-14T02:35:37.115+00:00,False,95,94.0,,94.0,293634.25805,300061.495682,300061.495599,3158.5420589368423,0.03624,293634.25805,30119.230653052644,87.0733567,68.37486842553191,19.966210788472193,0.31326911767319715,50,64,,True,False,Request timeout: 300.0s exceeded,443,21.16838264042747
415,2026-09-14T02:30:40.997+00:00,2026-09-14T02:35:34.366+00:00,2026-09-14T02:35:41.047+00:00,False,100,99.0,,99.0,293369.072014,300049.714062,300049.71395799995,3000.49713958,0.025079,293369.072014,29330.165706049782,88.10250700000002,67.4812328080808,19.818113738940273,0.32994532359242107,50,64,,True,False,Request timeout: 300.0s exceeded,524,21.16838264042747
416,2026-09-14T02:30:44.883+00:00,2026-09-14T02:35:38.387+00:00,2026-09-14T02:35:44.969+00:00,False,97,96.0,,96.0,293503.721014,300086.081078,300086.081075,3093.6709389175257,0.029719000000000002,293503.721014,29793.833053682753,90.97487,68.56625066666668,20.7395792051503,0.31990820652240504,50,64,,True,False,Request timeout: 300.0s exceeded,442,21.16838264042747
417,2026-09-14T02:30:48.614+00:00,2026-09-14T02:35:42.190+00:00,2026-09-14T02:35:48.682+00:00,False,94,93.0,,93.0,293576.325134,300067.505678,300067.505508,3192.2075054042552,0.02071,293576.325134,30272.89390260172,91.79968965,69.79764025806452,20.794585426478154,0.3099302598255925,50,64,,True,False,Request timeout: 300.0s exceeded,455,21.16838264042747
418,2026-09-14T02:30:52.766+00:00,2026-09-14T02:35:46.182+00:00,2026-09-14T02:35:52.811+00:00,False,97,96.0,,96.0,293415.924008,300045.584936,300045.584931,3093.253452896907,0.03879,293415.924008,29784.868001296534,90.29285699999998,69.058968,19.862865625816973,0.3199513834555402,50,64,,True,False,Request timeout: 300.0s exceeded,494,21.16838264042747
419,2026-09-14T02:30:56.338+00:00,2026-09-14T02:35:50.263+00:00,2026-09-14T02:35:56.358+00:00,False,89,88.0,,88.0,293924.78669800004,300020.60519400006,300020.60519800003,3371.0180359325846,0.04044,293924.78669800004,31148.62777640434,86.7330154,69.27066472727273,18.402112580884904,0.2933131874162351,50,64,,True,False,Request timeout: 300.0s exceeded,324,21.16838264042747
420,2026-09-14T02:31:00.594+00:00,2026-09-14T02:35:54.659+00:00,2026-09-14T02:36:00.646+00:00,False,89,88.0,,88.0,294065.23007700004,300052.40319700004,300052.403127,3371.3753160337083,0.02902,294065.23007700004,31163.646428000182,87.61297920000001,68.03605818181819,19.753119650169403,0.2932821036004948,50,64,,True,False,Request timeout: 300.0s exceeded,288,21.16838264042747
421,2026-09-14T02:31:04.485+00:00,2026-09-14T02:35:58.172+00:00,2026-09-14T02:36:04.527+00:00,False,94,93.0,,93.0,293687.21843,300042.548734,300042.54878300003,3191.9420083297873,0.025670000000000002,293687.21843,30284.482307710394,90.54879815,68.33688498924731,20.754043013453067,0.30995603920978654,50,64,,True,False,Request timeout: 300.0s exceeded,420,21.16838264042747
422,2026-09-14T02:31:08.023+00:00,2026-09-14T02:36:01.853+00:00,2026-09-14T02:36:08.080+00:00,False,91,90.0,,90.0,293830.158533,300056.74669299996,300056.746787,3297.3268877692303,0.02686,293830.158533,30794.524202841705,89.7022305,69.1843128888889,20.447903596604473,0.29994326403892724,50,64,,True,False,Request timeout: 300.0s exceeded,438,21.16838264042747
423,2026-09-14T02:31:12.018+00:00,2026-09-14T02:36:05.863+00:00,2026-09-14T02:36:12.033+00:00,False,90,89.0,,89.0,293845.677976,300015.83349600004,300015.833527,3333.5092614111113,0.02287,293845.677976,30966.75235578214,88.52727395,69.32759011235956,19.42723880872114,0.29665100992473653,50,64,,True,False,Request timeout: 300.0s exceeded,429,21.16838264042747
424,2026-09-14T02:31:15.787+00:00,2026-09-14T02:36:09.947+00:00,2026-09-14T02:36:15.845+00:00,False,86,85.0,,85.0,294159.991307,300058.568971,300058.56916199997,3489.0531297906978,0.04052,294159.991307,31712.61004661625,86.8691295,69.39503134117646,18.749428206099765,0.2832780289911169,50,64,,True,False,Request timeout: 300.0s exceeded,453,21.16838264042747
425,2026-09-14T02:31:19.235+00:00,2026-09-14T02:36:13.163+00:00,2026-09-14T02:36:19.242+00:00,False,87,86.0,,86.0,293928.293861,300006.54102899996,300006.540975,3448.351045689655,0.033710000000000004,293928.293861,31504.84894622217,87.9331883,70.67729265116279,18.772907013936624,0.2866604164863421,50,64,,True,False,Request timeout: 300.0s exceeded,460,21.16838264042747
426,2026-09-14T02:31:23.606+00:00,2026-09-14T02:36:17.793+00:00,2026-09-14T02:36:23.676+00:00,False,89,88.0,,88.0,294187.48174699995,300070.16360299994,300070.16350599995,3371.574870853932,0.02116,294187.48174699995,31176.73127603898,87.3909494,66.84865745454546,20.281331931327394,0.29326474496286853,50,64,,True,False,Request timeout: 300.0s exceeded,404,21.16838264042747
427,2026-09-14T02:31:28.148+00:00,2026-09-14T02:36:22.005+00:00,2026-09-14T02:36:28.227+00:00,False,93,92.0,,92.0,293857.424109,300078.666733,300078.666663,3226.6523297096774,0.0208,293857.424109,30464.590115233434,88.99228019999998,67.62220243478261,20.491902970083565,0.3065862728651035,50,64,,True,False,Request timeout: 300.0s exceeded,239,21.16838264042747
428,2026-09-14T02:31:30.961+00:00,2026-09-14T02:36:24.672+00:00,2026-09-14T02:36:31.033+00:00,False,89,88.0,,88.0,293710.82539099996,300071.94129499997,300071.941122,3371.594844067415,0.057479999999999996,293710.82539099996,31125.628302395016,87.0079426,72.285408,18.294256771940624,0.2932630075981926,50,64,,True,False,Request timeout: 300.0s exceeded,404,21.16838264042747
429,2026-09-14T02:31:35.840+00:00,2026-09-14T02:36:29.673+00:00,2026-09-14T02:36:35.863+00:00,False,89,88.0,,88.0,293832.822651,300022.780539,300022.780532,3371.0424778876404,0.02495,293832.822651,31138.766985589937,87.3684334,70.34043054545455,19.678982593170232,0.2933110607198071,50,64,,True,False,Request timeout: 300.0s exceeded,339,21.16838264042747
430,2026-09-14T02:31:40.525+00:00,2026-09-14T02:36:34.208+00:00,2026-09-14T02:36:40.608+00:00,False,93,92.0,,92.0,293683.86689099995,300083.06970699993,300083.069691,3226.699674096774,0.03954,293683.86689099995,30446.39283210035,90.3185314,69.5565523478261,20.997490097473253,0.30658177447274343,50,64,,True,False,Request timeout: 300.0s exceeded,487,21.16838264042747
431,2026-09-14T02:31:45.027+00:00,2026-09-14T02:36:38.966+00:00,2026-09-14T02:36:45.110+00:00,False,89,88.0,,88.0,293938.291639,300082.929335,300082.929494,3371.718308921348,0.03455,293938.291639,31150.00181651709,91.12551800000001,69.82542836363636,20.545096063511895,0.2932522692810709,50,64,,True,False,Request timeout: 300.0s exceeded,442,21.16838264042747
432,2026-09-14T02:31:48.828+00:00,2026-09-14T02:36:42.573+00:00,2026-09-14T02:36:48.889+00:00,False,91,90.0,,90.0,293745.50118900003,300061.31277300004,300061.312664,3297.3770622417587,0.032490000000000005,293745.50118900003,30785.546013183233,89.503966,70.17568426666666,20.7997791126297,0.29993869975529325,50,64,,True,False,Request timeout: 300.0s exceeded,427,21.16838264042747
433,2026-09-14T02:31:52.905+00:00,2026-09-14T02:36:46.994+00:00,2026-09-14T02:36:52.988+00:00,False,89,88.0,,88.0,294089.181279,300082.627423,300082.62744300003,3371.7149150898877,0.022739000000000002,294089.181279,31166.177650466136,87.48886979999999,68.10734254545454,19.684182315958783,0.29325256432107333,50,64,,True,False,Request timeout: 300.0s exceeded,357,21.16838264042747
434,2026-09-14T02:31:57.073+00:00,2026-09-14T02:36:50.872+00:00,2026-09-14T02:36:57.121+00:00,False,90,89.0,,89.0,293798.362778,300047.258522,300047.258554,3333.8584283777777,0.022170000000000002,293798.362778,30961.671673841694,88.44047490000001,70.21231173033708,19.48309646741887,0.2966199406000384,50,64,,True,False,Request timeout: 300.0s exceeded,317,21.16838264042747
435,2026-09-14T02:32:01.094+00:00,2026-09-14T02:36:54.835+00:00,2026-09-14T02:37:01.104+00:00,False,89,88.0,,88.0,293741.225553,300010.383441,300010.38346599997,3370.903185011236,0.023829999999999997,293741.225553,31128.962342448336,90.5919944,71.24043054545454,19.723308218727883,0.29332318098685434,50,64,,True,False,Request timeout: 300.0s exceeded,340,21.16838264042747
436,2026-09-14T02:32:05.602+00:00,2026-09-14T02:36:59.007+00:00,2026-09-14T02:37:05.725+00:00,False,105,104.0,,104.0,293405.437426,300123.047666,300123.04746200005,2858.3147377333335,0.02169,293405.437426,28627.142298648952,89.2414198,64.59240615384616,20.24975389056989,0.3465245365485532,50,64,,True,False,Request timeout: 300.0s exceeded,437,21.16838264042747
437,2026-09-14T02:32:09.066+00:00,2026-09-14T02:37:02.567+00:00,2026-09-14T02:37:09.102+00:00,False,108,107.0,,107.0,293500.869098,300035.235306,300035.23532,2778.1040307407407,0.0,293500.869098,28236.27137207206,88.37583634999999,61.06884306542056,27.666457736266956,0.35662478072241355,50,64,,True,False,Request timeout: 300.0s exceeded,438,21.16838264042747
438,2026-09-14T02:32:13.051+00:00,2026-09-14T02:37:07.188+00:00,2026-09-14T02:37:13.088+00:00,False,91,90.0,,90.0,294137.21074,300037.01106,300037.011011,3297.1100111098904,0.0,294137.21074,30827.093795712106,89.3613715,65.5533368888889,22.135755332741777,0.29996299350549865,50,64,,True,False,Request timeout: 300.0s exceeded,397,21.16838264042747
439,2026-09-14T02:32:16.810+00:00,2026-09-14T02:37:10.419+00:00,2026-09-14T02:37:16.858+00:00,False,98,97.0,,97.0,293608.309349,300047.20214899996,300047.202082,3061.7061436938775,0.02079,293608.309349,29652.21989593489,90.0885095,66.3803381443299,20.833879127803172,0.3232824679092689,50,64,,True,False,Request timeout: 300.0s exceeded,468,21.16838264042747
440,2026-09-14T02:32:20.935+00:00,2026-09-14T02:37:14.379+00:00,2026-09-14T02:37:20.900+00:00,True,101,101.0,,101.0,293443.50184100005,299964.272401,299964.272432,2969.943291405941,41.521172,293443.50184100005,29192.23802646056,89.380862,65.2077056,19.84808347638938,0.3367067657476907,50,64,,True,True,,540,21.16838264042747
441,2026-09-14T02:32:24.130+00:00,2026-09-14T02:37:18.068+00:00,2026-09-14T02:37:24.176+00:00,False,94,93.0,,93.0,293938.08813,300046.075586,300046.075432,3191.97952587234,0.02089,293938.08813,30310.63156681155,87.77523350000001,65.67728447311828,20.327780518190842,0.30995239587242696,50,64,,True,False,Request timeout: 300.0s exceeded,356,21.16838264042747
442,2026-09-14T02:32:27.971+00:00,2026-09-14T02:37:21.587+00:00,2026-09-14T02:37:27.980+00:00,False,97,96.0,,96.0,293615.207116,300008.72238,300008.722475,3092.8734275773195,0.04145,293615.207116,29805.351850301373,86.59680900000001,66.59911733333334,19.801619766873227,0.3199906963984985,50,64,,True,False,Request timeout: 300.0s exceeded,171,21.16838264042747
443,2026-09-14T02:32:30.941+00:00,2026-09-14T02:37:24.643+00:00,2026-09-14T02:37:31.009+00:00,False,93,92.0,,92.0,293702.41723400005,300067.88539400004,300067.88523300004,3226.5364003548393,0.02152,293702.41723400005,30448.35344206328,87.05588,69.18987130434783,19.486227921209576,0.3065972884075904,50,64,,True,False,Request timeout: 300.0s exceeded,427,21.16838264042747
444,2026-09-14T02:32:35.116+00:00,2026-09-14T02:37:28.659+00:00,2026-09-14T02:37:35.170+00:00,False,94,93.0,,93.0,293543.74800099997,300054.03203299997,300054.03182599996,3192.064168361702,0.019280000000000002,293543.74800099997,30269.511258991206,88.4856645,70.00305410752688,18.648979954934788,0.30994417695334237,50,64,,True,False,Request timeout: 300.0s exceeded,424,21.16838264042747
445,2026-09-14T02:32:39.346+00:00,2026-09-14T02:37:33.196+00:00,2026-09-14T02:37:39.357+00:00,False,94,93.0,,93.0,293850.572673,300011.342977,300011.343039,3191.610032329787,0.01961,293850.572673,30301.54604837879,86.53868034999999,66.24484197849462,19.636511708641414,0.3099882793669229,50,64,,True,False,Request timeout: 300.0s exceeded,401,21.16838264042747
446,2026-09-14T02:32:43.827+00:00,2026-09-14T02:37:37.159+00:00,2026-09-14T02:37:43.892+00:00,False,97,96.0,,96.0,293332.37641,300065.64642600005,300065.64653200004,3093.4602735257736,0.038329999999999996,293332.37641,29776.274990288228,88.32825559999999,70.13822933333333,19.15792889738895,0.31992999246474824,50,64,,True,False,Request timeout: 300.0s exceeded,354,21.16838264042747
447,2026-09-14T02:32:47.488+00:00,2026-09-14T02:37:41.010+00:00,2026-09-14T02:37:47.496+00:00,False,93,92.0,,92.0,293522.23928,300008.47236799996,300008.47239999997,3225.897552688172,0.038549999999999994,293522.23928,30429.533316904435,87.6481912,70.50253356521739,18.7974971820791,0.30665800626840256,50,64,,True,False,Request timeout: 300.0s exceeded,436,21.16838264042747
448,2026-09-14T02:32:51.162+00:00,2026-09-14T02:37:45.190+00:00,2026-09-14T02:37:51.195+00:00,False,90,89.0,,89.0,294027.30594199995,300033.09538199997,300033.09539599996,3333.701059955555,0.037469999999999996,294027.30594199995,30986.092346195244,87.5391,67.48078022471911,19.51520454809103,0.2966339426211827,50,64,,True,False,Request timeout: 300.0s exceeded,415,21.16838264042747
449,2026-09-14T02:32:54.636+00:00,2026-09-14T02:37:48.291+00:00,2026-09-14T02:37:54.732+00:00,False,95,94.0,,94.0,293654.745776,300095.952048,300095.951981,3158.9047576947373,0.05063,293654.745776,30121.317506569125,89.64402399999999,68.52347097872341,20.124102052391056,0.3132331487929061,50,64,,True,False,Request timeout: 300.0s exceeded,451,21.16838264042747
450,2026-09-14T02:32:59.174+00:00,2026-09-14T02:37:52.775+00:00,2026-09-14T02:37:59.198+00:00,False,92,91.0,,91.0,293600.17207800003,300023.56996600004,300023.57011100004,3261.125762076087,0.03917,293600.17207800003,30602.58150779136,90.27580049999999,70.58678997802198,20.46190202601941,0.30330950335106177,50,64,,True,False,Request timeout: 300.0s exceeded,417,21.16838264042747
451,2026-09-14T02:33:01.913+00:00,2026-09-14T02:37:55.491+00:00,2026-09-14T02:38:01.991+00:00,False,94,93.0,,93.0,293578.328483,300078.554019,300078.554014,3192.3250427021276,0.02462,293578.328483,30273.090137400526,90.4295493,69.89489823655914,20.252964442822698,0.3099188487628861,50,64,,True,False,Request timeout: 300.0s exceeded,406,21.16838264042747
452,2026-09-14T02:33:06.621+00:00,2026-09-14T02:38:00.351+00:00,2026-09-14T02:38:06.650+00:00,False,93,92.0,,92.0,293730.622679,300029.329623,300029.329684,3226.12182455914,0.03331,293730.622679,30451.35407002781,88.9283166,68.46420591304349,20.43088101881376,0.30663668820512324,50,64,,True,False,Request timeout: 300.0s exceeded,346,21.16838264042747
453,2026-09-14T02:33:09.258+00:00,2026-09-14T02:38:02.844+00:00,2026-09-14T02:38:09.323+00:00,False,95,94.0,,94.0,293585.900133,300065.020517,300065.020417,3158.5791622842103,0.04199,293585.900133,30114.212669366687,88.5897377,68.92681259574468,20.05910723544369,0.313265437730935,50,64,,True,False,Request timeout: 300.0s exceeded,439,21.16838264042747
454,2026-09-14T02:33:12.997+00:00,2026-09-14T02:38:06.476+00:00,2026-09-14T02:38:13.046+00:00,False,107,106.0,,106.0,293478.80749599996,300048.795336,300048.79531899997,2804.1943487757007,0.01526,293478.80749599996,28367.154474779414,88.194234,61.98101735849056,291.0652013140167,0.35327587261698323,50,64,,True,False,Request timeout: 300.0s exceeded,488,21.16838264042747
455,2026-09-14T02:33:16.718+00:00,2026-09-14T02:38:12.737+00:00,2026-09-14T02:38:16.763+00:00,False,99,98.0,,98.0,296019.553381,300045.003109,300045.003206,3030.757608141414,0.015439999999999999,296019.553381,29746.97961487126,88.510814,41.076017632653056,37.49519544886016,0.3266176706312242,50,64,,True,False,Request timeout: 300.0s exceeded,277,21.16838264042747
456,2026-09-14T02:33:19.928+00:00,2026-09-14T02:38:14.038+00:00,2026-09-14T02:38:19.995+00:00,False,92,91.0,,91.0,294109.913231,300067.824015,300067.824037,3261.6067830108695,0.02361,294109.913231,30656.258198931184,86.14248810000001,65.47154707692307,19.232768510979135,0.30326477121869294,50,64,,True,False,Request timeout: 300.0s exceeded,468,21.16838264042747
457,2026-09-14T02:33:22.613+00:00,2026-09-14T02:38:16.305+00:00,2026-09-14T02:38:22.623+00:00,False,93,92.0,,92.0,293691.90282099997,300009.71504499996,300009.71513699996,3225.9109154516127,0.0354,293691.90282099997,30447.317033999094,89.28603100000001,68.671872,19.755782162391366,0.3066567360533657,50,64,,True,False,Request timeout: 300.0s exceeded,340,21.16838264042747
458,2026-09-14T02:33:27.135+00:00,2026-09-14T02:38:20.941+00:00,2026-09-14T02:38:27.207+00:00,False,95,94.0,,94.0,293805.74014899996,300071.65042099997,300071.65059399995,3158.6489536210524,0.023579,293805.74014899996,30137.00031400914,87.5430774,66.65861991489362,19.797037264690434,0.31325851631807994,50,64,,True,False,Request timeout: 300.0s exceeded,435,21.16838264042747
459,2026-09-14T02:33:29.958+00:00,2026-09-14T02:38:23.657+00:00,2026-09-14T02:38:30.028+00:00,False,97,96.0,,96.0,293699.69714099995,300070.04235699994,300070.04223599995,3093.5055900618554,0.02961,293699.69714099995,29813.95499685473,87.742501,66.35776266666666,19.771255048035524,0.3199253055917748,50,64,,True,False,Request timeout: 300.0s exceeded,213,21.16838264042747
460,2026-09-14T02:33:33.925+00:00,2026-09-14T02:38:27.497+00:00,2026-09-14T02:38:33.942+00:00,False,98,97.0,,97.0,293572.532088,300017.270904,300017.270835,3061.4007228061223,0.02633,293572.532088,29648.599551729385,89.0261225,66.44060635051547,20.53265486228367,0.32331472020835167,50,64,,True,False,Request timeout: 300.0s exceeded,440,21.16838264042747
461,2026-09-14T02:33:37.213+00:00,2026-09-14T02:38:30.913+00:00,2026-09-14T02:38:37.219+00:00,False,91,90.0,,90.0,293700.650916,300006.147236,300006.14706600003,3296.770846879121,0.020829999999999998,293700.650916,30780.855891365885,89.57720150000002,70.06107022222223,19.95715908224828,0.2999938528899591,50,64,,True,False,Request timeout: 300.0s exceeded,418,21.16838264042747
462,2026-09-14T02:33:41.324+00:00,2026-09-14T02:38:35.186+00:00,2026-09-14T02:38:41.369+00:00,False,90,89.0,,89.0,293861.92154400004,300045.39648800006,300045.39637200005,3333.837737466667,0.0238,293861.92154400004,30968.448813366093,88.13857950000002,69.47724656179776,19.444199808428763,0.296621781376204,50,64,,True,False,Request timeout: 300.0s exceeded,337,21.16838264042747
463,2026-09-14T02:33:46.067+00:00,2026-09-14T02:38:39.771+00:00,2026-09-14T02:38:46.104+00:00,False,98,97.0,,97.0,293704.304795,300036.931483,300036.931319,3061.601339989796,0.02265,293704.304795,29662.027290171154,86.4400275,65.28481121649484,20.437639034015014,0.3232935343011132,50,64,,True,False,Request timeout: 300.0s exceeded,467,21.16838264042747
464,2026-09-14T02:33:50.749+00:00,2026-09-14T02:38:44.740+00:00,2026-09-14T02:38:50.835+00:00,False,94,93.0,,93.0,293990.718689,300085.495521,300085.495595,3192.3988893085107,0.03662,293990.718689,30316.07408721735,86.6983793,65.53523475268817,19.469784197777376,0.3099116797982389,50,64,,True,False,Request timeout: 300.0s exceeded,461,21.16838264042747
465,2026-09-14T02:33:55.093+00:00,2026-09-14T02:38:48.942+00:00,2026-09-14T02:38:55.195+00:00,False,93,92.0,,92.0,293849.09845499997,300101.723863,300101.72382899997,3226.900256225806,0.02422,293849.09845499997,30463.690915321422,87.5652896,67.96331965217391,19.72962237439228,0.3065627175204068,50,64,,True,False,Request timeout: 300.0s exceeded,500,21.16838264042747
466,2026-09-14T02:33:58.424+00:00,2026-09-14T02:38:51.892+00:00,2026-09-14T02:38:58.455+00:00,False,98,97.0,,97.0,293467.772978,300030.683698,300030.683476,3061.537586489796,0.02185,293467.772978,29637.893714121623,88.44869449999999,67.65887340206184,19.776948350701193,0.3233002665075306,50,64,,True,False,Request timeout: 300.0s exceeded,509,21.16838264042747
467,2026-09-14T02:34:03.220+00:00,2026-09-14T02:38:57.009+00:00,2026-09-14T02:39:03.281+00:00,False,91,90.0,,90.0,293788.803559,300060.605415,300060.605553,3297.369291791209,0.02172,293788.803559,30790.135704375127,86.8948415,69.68668728888889,19.421736743760118,0.29993940682591486,50,64,,True,False,Request timeout: 300.0s exceeded,349,21.16838264042747
468,2026-09-14T02:34:05.987+00:00,2026-09-14T02:38:59.681+00:00,2026-09-14T02:39:05.999+00:00,False,94,93.0,,93.0,293694.02610799996,300011.24031599995,300011.240395,3191.60894037234,0.027510000000000003,293694.02610799996,30285.22640289939,88.82677115,67.92703449462365,20.252592895033523,0.30998838544197105,50,64,,True,False,Request timeout: 300.0s exceeded,422,21.16838264042747
469,2026-09-14T02:34:10.073+00:00,2026-09-14T02:39:03.370+00:00,2026-09-14T02:39:10.151+00:00,False,106,105.0,,105.0,293296.691005,300077.73446099996,300077.734333,2830.9220220094335,0.025670000000000002,293296.691005,28481.22768076583,89.38979375,64.58136624761904,20.67474896582744,0.34990933328859314,50,64,,True,False,Request timeout: 300.0s exceeded,489,21.16838264042747
470,2026-09-14T02:34:13.028+00:00,2026-09-14T02:39:07.116+00:00,2026-09-14T02:39:13.049+00:00,False,87,86.0,,86.0,294087.886864,300021.249808,300021.249712,3448.520111632184,0.028210000000000002,294087.886864,31522.140983657813,89.404251,68.99259237209303,20.79707023394679,0.2866463627327601,50,64,,True,False,Request timeout: 300.0s exceeded,385,21.16838264042747
471,2026-09-14T02:34:15.944+00:00,2026-09-14T02:39:09.850+00:00,2026-09-14T02:39:16.047+00:00,False,93,92.0,,92.0,293905.981807,300102.949743,300102.94962800003,3226.913436860215,0.02705,293905.981807,30469.65235391309,88.2926816,67.35834713043478,20.005899115749912,0.30656146525312833,50,64,,True,False,Request timeout: 300.0s exceeded,265,21.16838264042747
472,2026-09-14T02:34:20.171+00:00,2026-09-14T02:39:13.959+00:00,2026-09-14T02:39:20.250+00:00,False,92,91.0,,91.0,293787.552325,300078.715205,300078.715068,3261.725163782609,0.03694,293787.552325,30622.26818361448,88.33461960000001,69.13365802197802,19.594862319902845,0.3032537643925627,50,64,,True,False,Request timeout: 300.0s exceeded,441,21.16838264042747
473,2026-09-14T02:34:23.076+00:00,2026-09-14T02:39:16.916+00:00,2026-09-14T02:39:23.146+00:00,False,91,90.0,,90.0,293840.143154,300069.87909,300069.87924599997,3297.4712005054944,0.029769999999999998,293840.143154,30795.56668935989,88.728522,69.21928817777778,19.640877162329645,0.29993013718316686,50,64,,True,False,Request timeout: 300.0s exceeded,200,21.16838264042747
474,2026-09-14T02:34:27.432+00:00,2026-09-14T02:39:21.420+00:00,2026-09-14T02:39:27.489+00:00,False,90,89.0,,89.0,293987.92316,300056.27055200003,300056.270433,3333.958560366667,0.02097,293987.92316,30981.867025676114,86.95109994999999,68.18367856179775,19.64357832970723,0.29661103177837506,50,64,,True,False,Request timeout: 300.0s exceeded,289,21.16838264042747
475,2026-09-14T02:34:31.740+00:00,2026-09-14T02:39:25.416+00:00,2026-09-14T02:39:31.773+00:00,False,95,94.0,,94.0,293676.25675700005,300033.04421300004,300033.04416100006,3158.24257011579,0.02246,293676.25675700005,30123.616808040406,89.9135837,67.62539846808511,20.397027089554562,0.31329882428972505,50,64,,True,False,Request timeout: 300.0s exceeded,445,21.16838264042747
476,2026-09-14T02:34:36.017+00:00,2026-09-14T02:39:29.585+00:00,2026-09-14T02:39:36.029+00:00,False,111,110.0,,110.0,293567.371394,300011.31865800003,300011.318675,2702.804672747748,0.04208,293567.371394,27858.628688806417,87.9083845,58.58133876363637,20.11846535931143,0.36665283327325143,50,64,,True,False,Request timeout: 300.0s exceeded,232,21.16838264042747
477,2026-09-14T02:34:39.352+00:00,2026-09-14T02:39:32.854+00:00,2026-09-14T02:39:39.535+00:00,False,147,146.0,,146.0,293501.922361,300182.87007299997,300182.870191,2042.060341435374,0.02001,293501.922361,24203.880611591347,111.6685296,45.75991583561644,34.395028051414606,0.4863701914919229,50,64,,True,False,Request timeout: 300.0s exceeded,472,21.16838264042747
0,2026-09-14T02:04:40.941+00:00,2026-09-14T02:04:41.211+00:00,2026-09-14T02:04:54.834+00:00,True,249,249.0,,249.0,269.837601,13892.403233,13892.403184,55.792783871485945,0.03057,269.837601,24.355325554047155,93.650241,54.92970012903226,20.232371954407093,17.923464775952205,51,64,,False,True,,1106,21.16838264042747
1,2026-09-14T02:04:43.991+00:00,2026-09-14T02:04:44.123+00:00,2026-09-14T02:05:00.977+00:00,True,265,265.0,,265.0,132.43829,16985.868818,16985.868924,64.09761858113208,0.02982,132.43829,22.353448475406232,96.58493920000001,63.838752,21.99433997938069,15.60120373231532,51,64,,False,True,,1412,21.16838264042747
2,2026-09-14T02:04:46.775+00:00,2026-09-14T02:04:47.155+00:00,2026-09-14T02:04:57.025+00:00,True,160,160.0,,160.0,380.648578,10250.73805,10250.737959,64.06711224375,40.26871499999999,380.648578,32.93388037981219,96.57199945,62.07603441509434,21.28820036821554,15.608632199902912,51,64,,False,True,,673,21.16838264042747
3,2026-09-14T02:04:50.468+00:00,2026-09-14T02:04:55.021+00:00,2026-09-14T02:05:12.294+00:00,True,264,264.0,,264.0,4553.366314,21826.028073999998,21826.028014,82.67434853787879,38.701629000000004,4553.366314,277.04466573136204,94.81048365000001,65.67552,21.68054309948267,12.095650161583313,51,64,,False,True,,1188,21.16838264042747
4,2026-09-14T02:04:53.287+00:00,2026-09-14T02:04:59.432+00:00,2026-09-14T02:05:17.098+00:00,True,270,270.0,,270.0,6145.205110000001,23811.717750000003,23811.717631,88.19154678148148,20.980096,6145.205110000001,370.64146727679645,93.63266845,65.67476817843867,22.033168980907426,11.338955166306722,51,64,,False,True,,1441,21.16838264042747
5,2026-09-14T02:04:56.869+00:00,2026-09-14T02:05:05.708+00:00,2026-09-14T02:05:13.706+00:00,True,125,125.0,,125.0,8838.942883,16836.286115,16836.286099,134.690288792,35.236996,8838.942883,785.1040507754657,94.04574779999999,64.49470348387096,21.554366358443993,7.424440232613616,51,64,,False,True,,481,21.16838264042747
6,2026-09-14T02:05:00.606+00:00,2026-09-14T02:05:12.791+00:00,2026-09-14T02:05:21.145+00:00,True,124,124.0,,124.0,12184.841582000001,20538.75083,20538.750817,165.63508723387096,18.396031,12184.841582000001,1088.3687930030683,95.3245285,67.91796136585366,22.801432202879006,6.037368145042149,51,64,,False,True,,572,21.16838264042747
7,2026-09-14T02:05:03.420+00:00,2026-09-14T02:05:17.630+00:00,2026-09-14T02:05:25.926+00:00,True,128,128.0,,128.0,14209.914096999999,22505.857520999998,22505.857772,175.82701384375,40.427045,14209.914096999999,1250.4089508487073,94.77668670000001,65.32238916535434,21.990508541694254,5.687408261629864,51,64,,False,True,,574,21.16838264042747
8,2026-09-14T02:05:07.463+00:00,2026-09-14T02:05:25.047+00:00,2026-09-14T02:05:44.381+00:00,True,291,291.0,,291.0,17583.480085,36917.157909,36917.157905,126.86308558419243,0.01745,17583.480085,1027.1914431149453,96.039722,66.66785456551725,26.383754262025068,7.882513619204076,51,64,,False,True,,1276,21.16838264042747
9,2026-09-14T02:05:11.099+00:00,2026-09-14T02:05:30.694+00:00,2026-09-14T02:05:46.112+00:00,True,235,235.0,,235.0,19595.060364999998,35013.215885,35013.215947,148.99240828510636,0.01739,19595.060364999998,1274.2320390333743,97.31204740000001,65.88955350427351,27.21421096400654,6.711751379017894,51,64,,False,True,,1089,21.16838264042747
10,2026-09-14T02:05:14.895+00:00,2026-09-14T02:05:38.531+00:00,2026-09-14T02:05:56.944+00:00,True,281,281.0,,281.0,23636.47841,42049.039818000005,42049.03972,149.64071074733096,39.873495999999996,23636.47841,1406.2841098901372,95.903877,65.75914788571428,22.089885849040723,6.682673402680455,51,64,,False,True,,1316,21.16838264042747
11,2026-09-14T02:05:18.190+00:00,2026-09-14T02:05:44.378+00:00,2026-09-14T02:06:03.964+00:00,True,295,295.0,,295.0,26187.857476,45774.151748000004,45774.151511000004,155.16661529152543,40.378475,26187.857476,1520.9914971672877,95.6855147,66.62004854421768,21.698423615663188,6.44468523685727,51,64,,False,True,,1558,21.16838264042747
12,2026-09-14T02:05:22.516+00:00,2026-09-14T02:05:50.803+00:00,2026-09-14T02:06:09.861+00:00,True,285,285.0,,285.0,28286.557333,47344.568469000005,47344.568393,166.12129260701755,37.85029,28286.557333,1671.7214450785511,95.8625762,67.10567301408452,22.086402226719116,6.0196979129002015,51,64,,False,True,,1261,21.16838264042747
13,2026-09-14T02:05:26.341+00:00,2026-09-14T02:05:58.049+00:00,2026-09-14T02:06:10.628+00:00,True,187,187.0,,187.0,31708.039965,44286.991133,44286.991107,236.82882944919785,41.116544000000005,31708.039965,2313.879230668504,96.5786607,67.6287697204301,21.913636678883353,4.222458903076368,51,64,,False,True,,675,21.16838264042747
14,2026-09-14T02:05:30.253+00:00,2026-09-14T02:06:05.013+00:00,2026-09-14T02:06:20.323+00:00,True,229,229.0,,229.0,34760.159799999994,50069.67352799999,50069.67357099999,218.6448627554585,36.272944,34760.159799999994,2292.681345324343,95.02862800000001,67.14699003508773,21.72992071316953,4.57362678572167,51,64,,False,True,,1183,21.16838264042747
15,2026-09-14T02:05:34.650+00:00,2026-09-14T02:06:11.972+00:00,2026-09-14T02:06:28.719+00:00,True,255,255.0,,255.0,37322.304783,54068.976143,54068.975956,212.03519982745098,0.870348,37322.304783,2333.189044526301,93.19563169999999,65.93177700787402,22.122364797258545,4.716198052753647,51,64,,False,True,,1041,21.16838264042747
16,2026-09-14T02:05:39.022+00:00,2026-09-14T02:06:20.452+00:00,2026-09-14T02:06:35.426+00:00,True,229,229.0,,229.0,41429.548668999996,56403.787645,56403.787546,246.3047491091703,0.016649999999999998,41429.548668999996,2733.5783460650887,93.939062,65.67648673684211,31.152129868221753,4.060011030487951,51,64,,False,True,,1199,21.16838264042747
17,2026-09-14T02:05:43.257+00:00,2026-09-14T02:06:26.626+00:00,2026-09-14T02:06:45.280+00:00,True,279,279.0,,279.0,43369.611982,62022.763214000006,62022.763148000005,222.30381056630824,0.01636,43369.611982,2592.6132425639316,94.467822,67.09766630215827,28.811756416795532,4.498348437610775,51,64,,False,True,,1556,21.16838264042747
18,2026-09-14T02:05:46.246+00:00,2026-09-14T02:06:33.762+00:00,2026-09-14T02:06:41.792+00:00,True,120,120.0,,120.0,47516.560623000005,55546.485743000005,55546.48581300001,462.88738177500005,40.551644,47516.560623000005,4331.541026521209,95.48146249999999,67.47836235294118,21.364428830109308,2.160352691891448,51,64,,False,True,,546,21.16838264042747
19,2026-09-14T02:05:49.360+00:00,2026-09-14T02:06:38.563+00:00,2026-09-14T02:06:53.414+00:00,True,225,225.0,,225.0,49202.229402000004,64054.160026000005,64054.160006000006,284.68515558222225,1.549907,49202.229402000004,3275.8094039036237,95.4752872,66.30326171428571,23.087191188254426,3.5126524164655506,51,64,,False,True,,1182,21.16838264042747
20,2026-09-14T02:05:52.159+00:00,2026-09-14T02:06:43.371+00:00,2026-09-14T02:06:59.107+00:00,True,237,237.0,,237.0,51212.016657,66947.721233,66947.72137,282.4798370042194,2.416045,51212.016657,3322.3257692353486,95.6233846,66.67671430508474,22.95009911646107,3.5400756834599694,51,64,,False,True,,1134,21.16838264042747
21,2026-09-14T02:05:56.255+00:00,2026-09-14T02:06:50.307+00:00,2026-09-14T02:07:02.605+00:00,True,184,184.0,,184.0,54052.470284999996,66349.93332499999,66349.933336,360.59746378260866,40.288345,54052.470284999996,3979.904158412581,96.77962149999999,67.19925158469945,21.391770693783908,2.7731753564652135,51,64,,False,True,,625,21.16838264042747
22,2026-09-14T02:05:59.393+00:00,2026-09-14T02:06:55.940+00:00,2026-09-14T02:07:13.193+00:00,True,257,257.0,,257.0,56547.368418,73800.13437,73800.134301,287.1600556459144,0.0,56547.368418,3523.21712103432,95.8637048,67.393617,25.661695754872778,3.482378483371317,51,64,,False,True,,729,21.16838264042747
23,2026-09-14T02:06:02.459+00:00,2026-09-14T02:07:01.146+00:00,2026-09-14T02:07:19.883+00:00,True,284,284.0,,284.0,58687.546158,77424.34539,77424.34524899999,272.6209339753521,0.0,58687.546158,3478.6308974121202,96.35690414999999,66.20777113780919,25.67790060153506,3.668096883085575,51,64,,False,True,,1039,21.16838264042747
24,2026-09-14T02:06:05.704+00:00,2026-09-14T02:07:06.943+00:00,2026-09-14T02:07:26.709+00:00,True,297,297.0,,297.0,61239.87189,81005.130386,81005.130308,272.7445464915825,0.0,61239.87189,3549.714246695313,96.9125658,66.77452194594595,25.476329746300035,3.666434441679882,51,64,,False,True,,1170,21.16838264042747
25,2026-09-14T02:06:08.508+00:00,2026-09-14T02:07:12.393+00:00,2026-09-14T02:07:23.514+00:00,True,166,166.0,,166.0,63884.490777,75006.053145,75006.053151,451.8436936807229,39.171487,63884.490777,4953.215470069997,96.80949025000001,67.4034082909091,22.07185549979489,2.213154712714887,51,64,,False,True,,850,21.16838264042747
26,2026-09-14T02:06:11.328+00:00,2026-09-14T02:07:16.619+00:00,2026-09-14T02:07:23.975+00:00,True,112,112.0,,112.0,65291.403935999995,72647.064736,72647.064569,648.6345050803571,39.728235999999995,65291.403935999995,6163.235130745222,95.5481496,66.26721441441441,22.031696601672937,1.5417002793851184,51,64,,False,True,,581,21.16838264042747
27,2026-09-14T02:06:15.111+00:00,2026-09-14T02:07:23.690+00:00,2026-09-14T02:07:41.940+00:00,True,281,281.0,,281.0,68579.063752,86828.817352,86828.81731,308.9993498576512,0.0171,68579.063752,4087.346110111976,94.471331,65.17769142857142,35.11827410147781,3.236252762269455,51,64,,False,True,,1133,21.16838264042747
28,2026-09-14T02:06:18.689+00:00,2026-09-14T02:07:30.759+00:00,2026-09-14T02:07:44.882+00:00,True,216,216.0,,216.0,72070.099718,86193.945606,86193.945497,399.0460439675926,0.1186,72070.099718,4899.3396002169875,93.952509,65.69230645581395,24.34978281280953,2.5059764752776807,51,64,,False,True,,474,21.16838264042747
29,2026-09-14T02:06:21.301+00:00,2026-09-14T02:07:34.906+00:00,2026-09-14T02:07:52.371+00:00,True,272,272.0,,272.0,73605.575199,91070.458911,91070.458825,334.8178633272059,0.0,73605.575199,4459.148729751448,93.24990910000001,64.44606535793358,23.709420724993937,2.986698466797188,51,64,,False,True,,1120,21.16838264042747
30,2026-09-14T02:06:23.901+00:00,2026-09-14T02:07:38.569+00:00,2026-09-14T02:07:56.955+00:00,True,285,285.0,,285.0,74668.858006,93054.389398,93054.389189,326.50662873333334,0.0,74668.858006,4419.230330997759,93.3051086,64.7377865915493,23.7588258443847,3.062724948750515,51,64,,False,True,,938,21.16838264042747
31,2026-09-14T02:06:27.981+00:00,2026-09-14T02:07:46.185+00:00,2026-09-14T02:08:03.860+00:00,True,272,272.0,,272.0,78204.14441699999,95879.01520099999,95879.01520999998,352.49637944852935,0.0,78204.14441699999,4737.927304923913,93.39347205,65.22092540221402,23.71708927739806,2.836908570971254,51,64,,False,True,,1345,21.16838264042747
32,2026-09-14T02:06:32.342+00:00,2026-09-14T02:07:53.336+00:00,2026-09-14T02:08:07.264+00:00,True,212,212.0,,212.0,80994.556003,94922.457955,94922.457926,447.74744304716984,38.38317,80994.556003,5558.239707797395,96.46488245,66.00901399052132,22.239341010555467,2.233401921603243,51,64,,False,True,,936,21.16838264042747
33,2026-09-14T02:06:34.909+00:00,2026-09-14T02:07:57.940+00:00,2026-09-14T02:08:05.405+00:00,True,117,117.0,,117.0,83031.437263,90496.469455,90496.469586,773.4740990256411,40.859034,83031.437263,7670.339910903571,95.32343200000001,64.35372579310345,21.66205196289434,1.2928681163432467,51,64,,False,True,,561,21.16838264042747
34,2026-09-14T02:06:39.389+00:00,2026-09-14T02:08:06.103+00:00,2026-09-14T02:08:14.478+00:00,True,129,129.0,,129.0,86713.413428,95088.129844,95088.12987,737.1172858139535,39.741706,86713.413428,7628.959020985673,96.03475759999999,65.427472,21.206628771825883,1.3566362090792536,51,64,,False,True,,193,21.16838264042747
35,2026-09-14T02:06:43.025+00:00,2026-09-14T02:08:12.398+00:00,2026-09-14T02:08:19.347+00:00,True,105,105.0,,105.0,89373.337281,96322.230977,96322.231109,917.3545819904762,0.0,89373.337281,8715.47919479715,96.4048692,66.81628553846154,31.157889500352105,1.0900910302323883,51,64,,False,True,,529,21.16838264042747
36,2026-09-14T02:06:45.856+00:00,2026-09-14T02:08:17.638+00:00,2026-09-14T02:08:27.377+00:00,True,146,146.0,,146.0,91782.561253,101521.820389,101521.82046,695.3549346575343,0.01755,91782.561253,7590.624796862564,95.07891200000002,67.1673043862069,55.95048704786477,1.438114480616812,51,64,,False,True,,690,21.16838264042747
37,2026-09-14T02:06:49.420+00:00,2026-09-14T02:08:23.908+00:00,2026-09-14T02:08:38.209+00:00,True,214,214.0,,214.0,94487.76606000001,108789.09982,108789.09967800001,508.36027886915895,0.0,94487.76606000001,6454.5083274120425,95.79612649999999,67.14241201877934,24.787430610302753,1.9671088404452246,51,64,,False,True,,1232,21.16838264042747
38,2026-09-14T02:06:53.352+00:00,2026-09-14T02:08:30.870+00:00,2026-09-14T02:08:50.131+00:00,True,289,289.0,,289.0,97517.111184,116778.85300799999,116778.85315,404.07907664359857,0.0,97517.111184,5732.417164862709,94.88530940000001,66.881048,24.148144646638915,2.4747631318163568,51,64,,False,True,,1517,21.16838264042747
39,2026-09-14T02:06:57.484+00:00,2026-09-14T02:08:37.538+00:00,2026-09-14T02:08:50.046+00:00,True,192,192.0,,192.0,100053.69343700001,112561.14431700001,112561.144482,586.25596084375,39.166976999999996,100053.69343700001,7216.060552141966,94.43046655000002,65.48403602094241,21.914019516763133,1.705739588603333,51,64,,False,True,,530,21.16838264042747
40,2026-09-14T02:07:00.118+00:00,2026-09-14T02:08:43.023+00:00,2026-09-14T02:08:51.633+00:00,True,132,132.0,,132.0,102904.111698,111515.00373,111515.00356,844.8106330303029,39.524427,102904.111698,8950.96076381315,96.0682206,65.73200024427481,22.763218865802042,1.1836972208654384,51,64,,False,True,,637,21.16838264042747
41,2026-09-14T02:07:02.890+00:00,2026-09-14T02:08:49.037+00:00,2026-09-14T02:09:03.849+00:00,True,224,224.0,,224.0,106147.14023199999,120959.761032,120959.76096099999,539.998932861607,0.0,106147.14023199999,7087.870168268719,95.11600049999998,66.42430852017937,27.780489276262674,1.85185551036878,51,64,,False,True,,1190,21.16838264042747
42,2026-09-14T02:07:06.456+00:00,2026-09-14T02:08:54.332+00:00,2026-09-14T02:09:03.579+00:00,True,143,143.0,,143.0,107876.066108,117122.633788,117122.633909,819.0393979650349,0.0,107876.066108,9015.657486716746,96.10229199999999,65.1166738028169,31.017621439770807,1.2209424888688878,51,64,,False,True,,609,21.16838264042747
43,2026-09-14T02:07:09.701+00:00,2026-09-14T02:09:01.159+00:00,2026-09-14T02:09:19.444+00:00,True,276,276.0,,276.0,111458.07732899999,129743.39880099999,129743.398861,470.08477848188403,0.01583,111458.07732899999,6705.14913510809,97.23166475,66.49207808,46.928282074883036,2.127275857967371,51,64,,False,True,,1209,21.16838264042747
44,2026-09-14T02:07:14.042+00:00,2026-09-14T02:09:08.186+00:00,2026-09-14T02:09:20.583+00:00,True,186,186.0,,186.0,114143.83112199999,126540.86766599999,126540.86763999998,680.3272453763441,0.015550000000000001,114143.83112199999,8364.693898906378,98.505472,67.01100834594595,54.350047448208414,1.4698808648202113,51,64,,False,True,,619,21.16838264042747
45,2026-09-14T02:07:16.813+00:00,2026-09-14T02:09:13.511+00:00,2026-09-14T02:09:24.061+00:00,True,156,156.0,,156.0,116697.55258599999,127248.195786,127248.195874,815.6935632948718,0.0,116697.55258599999,9338.041515934327,98.405617,68.06866580645162,62.76044071418423,1.225950584496722,51,64,,False,True,,697,21.16838264042747
46,2026-09-14T02:07:19.526+00:00,2026-09-14T02:09:18.336+00:00,2026-09-14T02:09:27.479+00:00,True,137,137.0,,137.0,118810.631231,127953.24550300001,127953.245532,933.9652958540147,0.0,118810.631231,10144.984574014477,97.014119,67.22510494117647,32.205022390548855,1.0707035953752957,51,64,,False,True,,556,21.16838264042747
47,2026-09-14T02:07:22.766+00:00,2026-09-14T02:09:24.149+00:00,2026-09-14T02:09:39.587+00:00,True,234,234.0,,234.0,121383.416023,136821.042135,136821.042059,584.7053079444445,39.144197,121383.416023,7930.779800016402,95.44785215,66.25590606008583,21.47264487317431,1.7102632486099212,51,64,,False,True,,1113,21.16838264042747
48,2026-09-14T02:07:25.308+00:00,2026-09-14T02:09:28.127+00:00,2026-09-14T02:09:39.676+00:00,True,176,176.0,,176.0,122818.109471,134367.587103,134367.587259,763.4522003352273,38.735298,122818.109471,9252.814541407704,94.69757,65.99701504,21.96511361373856,1.3098397001435063,51,64,,False,True,,621,21.16838264042747
49,2026-09-14T02:07:29.503+00:00,2026-09-14T02:09:35.106+00:00,2026-09-14T02:09:50.517+00:00,True,236,236.0,,236.0,125603.405264,141014.514896,141014.514856,597.5191307457627,0.0,125603.405264,8171.86891984188,95.6853935,65.57918992340426,29.351579228082475,1.6735865820199642,51,64,,False,True,,1217,21.16838264042747
50,2026-09-14T02:07:32.878+00:00,2026-09-14T02:09:41.471+00:00,2026-09-14T02:09:57.408+00:00,True,241,241.0,,241.0,128593.184565,144529.599541,144529.599548,599.7078819419087,0.0,128593.184565,8279.190654930151,95.596578,66.40172906666668,29.62203619320784,1.6674785010501143,51,64,,False,True,,1315,21.16838264042747
51,2026-09-14T02:07:35.335+00:00,2026-09-14T02:09:45.661+00:00,2026-09-14T02:09:57.625+00:00,True,181,181.0,,181.0,130325.855582,142290.41571,142290.415703,786.1348933867404,32.481021,130325.855582,9682.128448824207,93.938061,66.46977848888889,21.865494091199434,1.2720463222828264,51,64,,False,True,,635,21.16838264042747
52,2026-09-14T02:07:38.850+00:00,2026-09-14T02:09:52.301+00:00,2026-09-14T02:10:09.991+00:00,True,264,264.0,,264.0,133450.764139,151140.847467,151140.847358,572.503209689394,31.934962,133450.764139,8209.216289349672,95.43257915,67.26267425095058,21.958239703494822,1.7467150967089924,51,64,,False,True,,1175,21.16838264042747
53,2026-09-14T02:07:42.326+00:00,2026-09-14T02:09:57.978+00:00,2026-09-14T02:10:05.905+00:00,True,121,121.0,,121.0,135651.660696,143579.36092,143579.360923,1186.6062886198347,39.716616,135651.660696,12325.9815559794,95.600788,66.06416853333333,21.291152877103723,0.842739508134593,51,64,,False,True,,597,21.16838264042747
54,2026-09-14T02:07:46.716+00:00,2026-09-14T02:10:06.220+00:00,2026-09-14T02:10:24.633+00:00,True,279,279.0,,279.0,139503.749716,157916.948564,157916.94870799998,566.0105688458781,0.0,139503.749716,8348.142143746261,97.8355579,66.23452823021583,62.946991002710085,1.7667514635829473,51,64,,False,True,,1160,21.16838264042747
55,2026-09-14T02:07:50.983+00:00,2026-09-14T02:10:13.605+00:00,2026-09-14T02:10:28.174+00:00,True,222,222.0,,222.0,142622.01618399998,157191.51608799997,157191.515964,708.0698917297296,0.016949000000000002,142622.01618399998,9567.961840633938,97.59150054999998,65.92533893212669,65.54340694814618,1.4122899602019139,51,64,,False,True,,1014,21.16838264042747
56,2026-09-14T02:07:54.872+00:00,2026-09-14T02:10:19.130+00:00,2026-09-14T02:10:35.155+00:00,True,244,244.0,,244.0,144257.863205,160282.542885,160282.542861,656.8956674631147,40.076716,144257.863205,9230.966961409125,95.02102965,65.94518386831275,21.66275029333375,1.5223117602711473,51,64,,False,True,,1222,21.16838264042747
57,2026-09-14T02:07:58.628+00:00,2026-09-14T02:10:27.275+00:00,2026-09-14T02:10:40.587+00:00,True,199,199.0,,199.0,148647.645509,161959.053381,161959.053446,813.8645901809045,0.0,148647.645509,10532.638019769329,95.79508189999999,67.22933268686869,33.04435568895442,1.2287056255624262,51,64,,False,True,,804,21.16838264042747
58,2026-09-14T02:08:01.681+00:00,2026-09-14T02:10:32.494+00:00,2026-09-14T02:10:42.802+00:00,True,157,157.0,,157.0,150812.673383,161120.54871099998,161120.54875299998,1026.2455334585986,0.0,150812.673383,12030.939544778395,94.51651999999999,66.07612389743589,35.256986915383706,0.9744256785123606,51,64,,False,True,,561,21.16838264042747
59,2026-09-14T02:08:05.436+00:00,2026-09-14T02:10:39.171+00:00,2026-09-14T02:10:58.266+00:00,True,291,291.0,,291.0,153734.386218,172829.740074,172829.739869,593.9166318522336,0.0,153734.386218,9008.258238513778,96.562631,65.84604777931034,29.726555357795934,1.6837379948347049,51,64,,False,True,,1122,21.16838264042747
60,2026-09-14T02:08:09.265+00:00,2026-09-14T02:10:46.433+00:00,2026-09-14T02:10:53.338+00:00,True,104,104.0,,104.0,157168.40467699998,164073.18163699997,164073.18148499998,1577.6267450480768,8.035483000000001,157168.40467699998,15405.074164640915,94.8280905,67.0366695145631,23.403777068247127,0.6338634928777847,51,64,,False,True,,480,21.16838264042747
61,2026-09-14T02:08:12.444+00:00,2026-09-14T02:10:52.062+00:00,2026-09-14T02:11:11.204+00:00,True,291,291.0,,291.0,159618.861809,178760.162801,178760.16269599998,614.2960917388316,0.0,159618.861809,9353.199654149048,93.5953025,66.00448617931035,29.22917527067241,1.627879475159955,51,64,,False,True,,1329,21.16838264042747
62,2026-09-14T02:08:15.089+00:00,2026-09-14T02:10:56.223+00:00,2026-09-14T02:11:11.565+00:00,True,233,233.0,,233.0,161133.58847999998,176475.83052799996,176475.83045199997,757.4069976480686,0.0,161133.58847999998,10551.92786423913,94.791144,66.13035365517241,31.84430354063607,1.3202941122468996,51,64,,False,True,,1059,21.16838264042747
63,2026-09-14T02:08:18.324+00:00,2026-09-14T02:11:01.827+00:00,2026-09-14T02:11:21.333+00:00,True,295,295.0,,295.0,163502.627846,183008.424966,183008.42479599998,620.3675416813559,0.0,163502.627846,9515.674287832191,96.0198687,66.346248707483,29.664811382066578,1.6119476469720246,51,64,,False,True,,1300,21.16838264042747
64,2026-09-14T02:08:22.149+00:00,2026-09-14T02:11:08.295+00:00,2026-09-14T02:11:20.069+00:00,True,179,179.0,,179.0,166145.478131,177919.384819,177919.384777,993.9630434469275,0.0,166145.478131,12413.398028347816,94.44775669999999,66.14554319101123,33.84967889809149,1.0060736225122369,51,64,,False,True,,348,21.16838264042747
65,2026-09-14T02:08:26.340+00:00,2026-09-14T02:11:15.332+00:00,2026-09-14T02:11:26.640+00:00,True,171,171.0,,171.0,168992.455146,180300.765162,180300.76510299998,1054.3904391988303,34.963896,168992.455146,12918.10833204023,95.73057800000001,66.51947068235293,22.317390462543038,0.9484152762544115,51,64,,False,True,,660,21.16838264042747
66,2026-09-14T02:08:29.675+00:00,2026-09-14T02:11:21.744+00:00,2026-09-14T02:11:33.712+00:00,True,180,180.0,,180.0,172069.68266299999,184037.150183,184037.150271,1022.4286126166666,0.016210000000000002,172069.68266299999,12820.586920485675,96.11710595000001,66.85736044692737,80.81091197427413,0.9780633954667001,51,64,,False,True,,716,21.16838264042747
67,2026-09-14T02:08:33.092+00:00,2026-09-14T02:11:27.756+00:00,2026-09-14T02:11:38.191+00:00,True,163,163.0,,163.0,174664.160257,185099.538177,185099.538384,1135.5799900858897,15.942376,174664.160257,13675.72469128714,94.906016,64.41591308641975,21.79435948109819,0.8806072754440506,51,64,,False,True,,382,21.16838264042747
68,2026-09-14T02:08:37.187+00:00,2026-09-14T02:11:35.187+00:00,2026-09-14T02:11:45.497+00:00,True,155,155.0,,155.0,177999.92313100002,188309.838011,188309.83811200003,1214.902181367742,0.0,177999.92313100002,14291.962369682662,94.90441139999999,66.94749922077922,34.69620536947118,0.8231115359514343,51,64,,False,True,,795,21.16838264042747
69,2026-09-14T02:08:41.069+00:00,2026-09-14T02:11:42.310+00:00,2026-09-14T02:11:52.684+00:00,True,155,155.0,,155.0,181240.632716,191614.514316,191614.51426199998,1236.2226726580645,39.285527,181240.632716,14552.204948028457,94.324642,67.36286753246753,22.787466611535688,0.8089157575212838,51,64,,False,True,,786,21.16838264042747
70,2026-09-14T02:08:44.782+00:00,2026-09-14T02:11:48.449+00:00,2026-09-14T02:11:57.290+00:00,True,132,132.0,,132.0,183667.104624,192507.443568,192507.443593,1458.389724189394,40.757124000000005,183667.104624,15980.312585017904,95.64837849999999,67.48350338931299,23.223123820528155,0.6856877716178972,51,64,,False,True,,381,21.16838264042747
71,2026-09-14T02:08:48.406+00:00,2026-09-14T02:11:54.783+00:00,2026-09-14T02:12:13.705+00:00,True,281,281.0,,281.0,186376.737227,205299.087051,205299.087027,730.6017331921709,40.734064,186376.737227,11114.296514502525,97.255095,67.5798208,23.131529392154576,1.368734776351901,51,64,,False,True,,1313,21.16838264042747
72,2026-09-14T02:08:52.622+00:00,2026-09-14T02:12:02.446+00:00,2026-09-14T02:12:17.248+00:00,True,219,219.0,,219.0,189824.009677,204626.087885,204626.087921,934.3656982694064,0.0,189824.009677,12822.57727432879,98.404106,67.89944132110092,35.02923072764159,1.070244768218792,51,64,,False,True,,1018,21.16838264042747
73,2026-09-14T02:08:55.568+00:00,2026-09-14T02:12:08.188+00:00,2026-09-14T02:12:27.608+00:00,True,289,289.0,,289.0,192619.718408,212039.79111199998,212039.79124999998,733.7016998269896,0.0,192619.718408,11326.64765359629,95.4886924,67.430808,31.082690571819963,1.3629517294107756,51,64,,False,True,,1307,21.16838264042747
74,2026-09-14T02:08:59.760+00:00,2026-09-14T02:12:16.361+00:00,2026-09-14T02:12:30.666+00:00,True,214,214.0,,214.0,196600.556967,210905.399207,210905.399429,985.5392496682243,40.579125,196600.556967,13434.763591233765,93.85152015,67.15888375586854,21.47270627235572,1.0146729330052033,51,64,,False,True,,1105,21.16838264042747
75,2026-09-14T02:09:02.442+00:00,2026-09-14T02:12:20.192+00:00,2026-09-14T02:12:33.423+00:00,True,203,203.0,,203.0,197750.397616,210981.23921600002,210981.239321,1039.316449857143,38.754099000000004,197750.397616,13874.776222806418,94.4780331,65.49921584158416,21.36890243264137,0.9621708581973542,51,64,,False,True,,1071,21.16838264042747
76,2026-09-14T02:09:05.694+00:00,2026-09-14T02:12:25.867+00:00,2026-09-14T02:12:39.802+00:00,True,216,216.0,,216.0,200172.294836,214107.598516,214107.598627,991.2388825324074,36.488544000000005,200172.294836,13615.606129962782,94.83766250000001,64.81536595348837,21.393797079063038,1.0088385535922892,51,64,,False,True,,780,21.16838264042747
77,2026-09-14T02:09:08.378+00:00,2026-09-14T02:12:31.574+00:00,2026-09-14T02:12:42.840+00:00,True,174,174.0,,174.0,203195.93072499998,214461.829477,214461.829531,1232.5392501781607,36.164284,203195.93072499998,15399.321811853915,94.81502280000001,65.12080203468209,21.44989293645908,0.8113331888678151,51,64,,False,True,,785,21.16838264042747
78,2026-09-14T02:09:12.543+00:00,2026-09-14T02:12:38.227+00:00,2026-09-14T02:12:49.164+00:00,True,170,170.0,,170.0,205684.305479,216621.174599,216621.174399,1274.2422023470588,40.027246,205684.305479,15770.31654872884,94.7531375,64.71520189349113,20.97960737993897,0.78478015971752,51,64,,False,True,,420,21.16838264042747
79,2026-09-14T02:09:15.299+00:00,2026-09-14T02:12:43.608+00:00,2026-09-14T02:13:01.689+00:00,True,276,276.0,,276.0,208308.912169,226390.087977,226390.088032,820.2539421449275,0.0,208308.912169,12534.998647639275,96.59187925,65.74973021090909,76.61145206297024,1.2191346470435585,51,64,,False,True,,1329,21.16838264042747
80,2026-09-14T02:09:19.438+00:00,2026-09-14T02:12:52.371+00:00,2026-09-14T02:13:00.541+00:00,True,140,140.0,,140.0,212932.149444,221102.55354000002,221102.553405,1579.3039528928573,0.01523,212932.149444,17991.107075021744,95.22945995,58.77988558273381,29.292421627535298,0.6331903352471792,51,64,,False,True,,711,21.16838264042747
81,2026-09-14T02:09:23.621+00:00,2026-09-14T02:12:58.010+00:00,2026-09-14T02:13:07.515+00:00,True,141,141.0,,141.0,214388.037645,223893.579789,223893.579672,1587.8977281702128,38.108050000000006,214388.037645,18049.025557291472,95.844878,67.8967296,22.332603362233005,0.6297634801894726,51,64,,False,True,,711,21.16838264042747
82,2026-09-14T02:09:27.988+00:00,2026-09-14T02:13:04.877+00:00,2026-09-14T02:13:21.453+00:00,True,252,252.0,,252.0,216888.989083,233464.805531,233464.80546499998,926.4476407341269,32.134572,216888.989083,13658.578839628219,94.3026524,66.03910935458168,21.488234166312584,1.0793918142258871,51,64,,False,True,,1201,21.16838264042747
83,2026-09-14T02:09:30.463+00:00,2026-09-14T02:13:09.642+00:00,2026-09-14T02:13:18.594+00:00,True,137,137.0,,137.0,219178.504399,228130.715599,228130.715488,1665.1877042919707,41.189483,219178.504399,18720.072806065553,95.0701418,65.82508235294118,22.362231369352987,0.6005328990455354,51,64,,False,True,,590,21.16838264042747
84,2026-09-14T02:09:34.771+00:00,2026-09-14T02:13:17.826+00:00,2026-09-14T02:13:31.277+00:00,True,207,207.0,,207.0,223054.64735800002,236505.208126,236505.20820800003,1142.5372377198069,0.0,223054.64735800002,15498.87780127402,93.0633293,65.29398431067962,37.99595967861177,0.8752449962527638,51,64,,False,True,,905,21.16838264042747
85,2026-09-14T02:09:39.155+00:00,2026-09-14T02:13:25.757+00:00,2026-09-14T02:13:38.093+00:00,True,188,188.0,,188.0,226601.63735499998,238938.51517899998,238938.514951,1270.949547611702,0.0,226601.63735499998,16521.858279308635,93.410703,65.97260868449197,39.461212269094034,0.7868132931987145,51,64,,False,True,,846,21.16838264042747
86,2026-09-14T02:09:42.110+00:00,2026-09-14T02:13:30.215+00:00,2026-09-14T02:13:41.002+00:00,True,164,164.0,,164.0,228105.270422,238892.426134,238892.426181,1456.66113525,0.0,228105.270422,17806.91039259188,94.77053115000001,66.178869398773,41.90277427550243,0.6865014628300053,51,64,,False,True,,763,21.16838264042747
87,2026-09-14T02:09:46.237+00:00,2026-09-14T02:13:37.716+00:00,2026-09-14T02:13:51.958+00:00,True,213,213.0,,213.0,231478.477381,245720.710725,245720.71064900002,1153.61835985446,37.817069000000004,231478.477381,15856.056832199203,97.0710466,67.18034596226416,22.597519672165458,0.8668377987819691,51,64,,False,True,,986,21.16838264042747
88,2026-09-14T02:09:49.127+00:00,2026-09-14T02:13:43.634+00:00,2026-09-14T02:14:00.481+00:00,True,251,251.0,,251.0,234507.377688,251354.57896800002,251354.578895,1001.4126649203188,37.31164,234507.377688,14797.739133978823,95.85604199999997,67.38880512,23.286690520336897,0.9985893275966731,51,64,,False,True,,1025,21.16838264042747
89,2026-09-14T02:09:53.171+00:00,2026-09-14T02:13:50.720+00:00,2026-09-14T02:14:06.041+00:00,True,234,234.0,,234.0,237548.23396399998,252869.094636,252869.094736,1080.637156991453,39.734116,237548.23396399998,15524.73134892051,94.5664945,65.75476683261803,22.351608678344217,0.9253799889497699,51,64,,False,True,,1293,21.16838264042747
90,2026-09-14T02:09:56.066+00:00,2026-09-14T02:13:56.264+00:00,2026-09-14T02:14:15.195+00:00,True,285,285.0,,285.0,240197.57525,259128.630354,259128.630506,909.2232649333333,0.0,240197.57525,14224.176624981763,97.1619602,66.65864473239436,37.29796961624015,1.0998398733889678,51,64,,False,True,,1202,21.16838264042747
91,2026-09-14T02:10:00.075+00:00,2026-09-14T02:14:03.552+00:00,2026-09-14T02:14:14.624+00:00,True,165,165.0,,165.0,243476.071137,254548.747233,254548.747296,1542.7196805818182,0.0,243476.071137,18949.384240903484,97.06856540000001,67.51631765853658,45.35540875330686,0.648205900809121,51,64,,False,True,,782,21.16838264042747
92,2026-09-14T02:10:04.347+00:00,2026-09-14T02:14:11.718+00:00,2026-09-14T02:14:31.940+00:00,True,291,291.0,,291.0,247370.69590400002,267592.83299200004,267592.833149,919.5630005120275,0.0,247370.69590400002,14497.317467745102,95.254642,69.73150720000001,89.96630372517393,1.0874730714805796,51,64,,False,True,,1373,21.16838264042747
93,2026-09-14T02:10:08.735+00:00,2026-09-14T02:14:20.082+00:00,2026-09-14T02:14:31.960+00:00,True,182,182.0,,182.0,251347.756334,263225.108014,263225.107903,1446.2918016648352,0.0155,251347.756334,18626.58969320251,94.41847960000001,65.62072751381216,109.2395997471799,0.6914234032352266,51,64,,False,True,,847,21.16838264042747
94,2026-09-14T02:10:12.406+00:00,2026-09-14T02:14:26.480+00:00,2026-09-14T02:14:39.919+00:00,True,204,204.0,,204.0,254074.52904300002,267513.818899,267513.818692,1311.3422484901962,0.016,254074.52904300002,17784.423907236025,93.39633065000002,66.20339830541872,100.74182143688765,0.7625774281104346,51,64,,False,True,,1002,21.16838264042747
95,2026-09-14T02:10:16.563+00:00,2026-09-14T02:14:33.500+00:00,2026-09-14T02:14:44.473+00:00,True,169,169.0,,169.0,256936.816074,267909.713098,267909.713216,1585.2645752426035,40.047764,256936.816074,19759.35789297366,93.65323100000002,65.31486323809524,21.51726736280634,0.6308095292468201,51,64,,False,True,,744,21.16838264042747
96,2026-09-14T02:10:19.290+00:00,2026-09-14T02:14:37.972+00:00,2026-09-14T02:14:45.325+00:00,True,115,115.0,,115.0,258682.384819,266034.954931,266034.954884,2313.347433773913,38.422888,258682.384819,24116.25117814354,92.2422434,64.49622905263158,20.595699712060156,0.4322740221480553,51,64,,False,True,,543,21.16838264042747
97,2026-09-14T02:10:22.016+00:00,2026-09-14T02:14:42.309+00:00,2026-09-14T02:14:54.348+00:00,True,183,183.0,,183.0,260292.56943200002,272331.301976,272331.301837,1488.1491903661204,32.566311,260292.56943200002,19236.503382149654,94.7471371,66.14688210989011,22.166111954899083,0.671975636558031,51,64,,False,True,,800,21.16838264042747
98,2026-09-14T02:10:24.688+00:00,2026-09-14T02:14:46.617+00:00,2026-09-14T02:15:00.265+00:00,True,207,207.0,,207.0,261929.23446799998,275576.42550799996,275576.42567599996,1331.2870805603864,0.0,261929.23446799998,18200.78563700976,95.69566060000001,66.24850019417475,42.741884843256614,0.7511527868119141,51,64,,False,True,,780,21.16838264042747
99,2026-09-14T02:10:27.862+00:00,2026-09-14T02:14:52.679+00:00,2026-09-14T02:15:04.911+00:00,True,178,178.0,,178.0,264817.271669,277048.781173,277048.781167,1556.4538267808987,0.0,264817.271669,19843.766280041684,95.93459115,69.10457346892655,45.64310469203731,0.6424861327538196,51,64,,False,True,,877,21.16838264042747
100,2026-09-14T02:10:30.392+00:00,2026-09-14T02:14:57.561+00:00,2026-09-14T02:15:09.803+00:00,True,180,180.0,,180.0,267168.01229,279410.592258,279410.59232399997,1552.2810684666665,0.0,267168.01229,19908.480014918754,95.420435,68.3943014972067,44.71215629375234,0.6442132295177736,51,64,,False,True,,840,21.16838264042747
101,2026-09-14T02:10:33.839+00:00,2026-09-14T02:15:03.302+00:00,2026-09-14T02:15:11.473+00:00,True,124,124.0,,124.0,269462.751638,277634.078358,277634.07827500004,2238.984502217742,41.196432,269462.751638,24192.51448651479,96.65452379999999,66.43355056910569,23.110787667718636,0.44663105024198824,51,64,,False,True,,503,21.16838264042747
102,2026-09-14T02:10:37.949+00:00,2026-09-14T02:15:10.439+00:00,2026-09-14T02:15:19.546+00:00,True,134,134.0,,134.0,272489.983322,281597.297754,281597.297738,2101.472371179105,41.016322,272489.983322,23533.64517077013,96.09391364999999,68.47604836090225,23.162051503793105,0.47585683907045434,51,64,,False,True,,387,21.16838264042747
103,2026-09-14T02:10:41.600+00:00,2026-09-14T02:15:16.844+00:00,2026-09-14T02:15:29.588+00:00,True,188,188.0,,188.0,275244.62186199997,287987.92886999995,287987.928692,1531.8506845319148,39.447626,275244.62186199997,20069.319966446506,95.643446,68.14602678074867,22.73837079016281,0.6528051392211813,51,64,,False,True,,770,21.16838264042747
104,2026-09-14T02:10:44.775+00:00,2026-09-14T02:15:22.486+00:00,2026-09-14T02:15:31.812+00:00,True,135,135.0,,135.0,277711.720999,287037.782567,287037.782528,2126.205796503704,38.487939,277711.720999,23895.640728260787,98.620576,69.59747438805971,23.409642657713697,0.4703213590652947,51,64,,False,True,,681,21.16838264042747
105,2026-09-14T02:10:48.644+00:00,2026-09-14T02:15:30.053+00:00,2026-09-14T02:15:39.001+00:00,True,128,128.0,,128.0,281408.942025,290356.959689,290356.959754,2268.413748078125,41.097443,281408.942025,24867.054005264894,96.9676073,70.456832,22.578111681909586,0.4408366864603494,51,64,,False,True,,580,21.16838264042747
106,2026-09-14T02:10:52.416+00:00,2026-09-14T02:15:36.346+00:00,2026-09-14T02:15:52.468+00:00,False,248,247.0,,247.0,283930.58069,300051.624402,300051.62433699996,1209.8855820040321,0.0,283930.58069,18025.512775876345,95.92182985,65.26738344939271,41.4022742052472,0.8231916774064085,51,64,,False,False,Request timeout: 300.0s exceeded,1043,21.16838264042747
107,2026-09-14T02:10:56.761+00:00,2026-09-14T02:15:43.825+00:00,2026-09-14T02:15:56.842+00:00,False,199,198.0,,198.0,287064.22004600003,300081.069198,300081.069305,1507.9450718844223,0.0,287064.22004600003,20344.83127347075,95.50524209999999,65.74166238383839,44.56101899652434,0.6598216959476217,51,64,,False,False,Request timeout: 300.0s exceeded,898,21.16838264042747
108,2026-09-14T02:11:01.189+00:00,2026-09-14T02:15:52.638+00:00,2026-09-14T02:15:59.768+00:00,True,101,101.0,,101.0,291448.159966,298578.423006,298578.423054,2956.222010435644,41.844011,291448.159966,28993.088228438213,93.531492,71.30263040000001,20.65939476638318,0.33826958754474495,51,64,,False,True,,148,21.16838264042747
109,2026-09-14T02:11:03.951+00:00,2026-09-14T02:15:56.165+00:00,2026-09-14T02:16:03.976+00:00,False,112,111.0,,111.0,292213.513193,300024.465129,300024.465089,2678.7898668660714,0.0391,292213.513193,27604.94034930491,91.30388950000001,70.36893636036035,21.056939397847145,0.3699698288013742,51,64,,False,False,Request timeout: 300.0s exceeded,512,21.16838264042747
110,2026-09-14T02:11:07.035+00:00,2026-09-14T02:16:00.727+00:00,2026-09-14T02:16:07.062+00:00,False,94,93.0,,93.0,293692.314134,300027.554838,300027.554794,3191.7824978085105,0.040670000000000005,293692.314134,30285.030030123504,89.704284,68.12086778494623,20.54683403987059,0.30997152928242006,51,64,,False,False,Request timeout: 300.0s exceeded,370,21.16838264042747
111,2026-09-14T02:11:10.763+00:00,2026-09-14T02:16:04.242+00:00,2026-09-14T02:16:10.771+00:00,False,97,96.0,,96.0,293478.594833,300007.564561,300007.564564,3092.8614903505154,0.02677,293478.594833,29791.33786517301,89.8514728,68.01010133333332,20.03017242055698,0.31999193133838627,51,64,,False,False,Request timeout: 300.0s exceeded,376,21.16838264042747
112,2026-09-14T02:11:15.033+00:00,2026-09-14T02:16:08.922+00:00,2026-09-14T02:16:15.083+00:00,False,93,92.0,,92.0,293888.81021499995,300049.66423099994,300049.66422399995,3226.340475526881,0.024509,293888.81021499995,30467.912555179413,87.2908612,66.96580452173913,20.17056011968136,0.3066159071891903,51,64,,False,False,Request timeout: 300.0s exceeded,454,21.16838264042747
113,2026-09-14T02:11:18.041+00:00,2026-09-14T02:16:11.796+00:00,2026-09-14T02:16:18.081+00:00,False,94,93.0,,93.0,293754.341322,300039.416778,300039.416678,3191.90868806383,0.02174,293754.341322,30291.482711934583,86.71080715,67.58145651612904,19.6809738726156,0.30995927468026957,51,64,,False,False,Request timeout: 300.0s exceeded,424,21.16838264042747
114,2026-09-14T02:11:21.774+00:00,2026-09-14T02:16:15.296+00:00,2026-09-14T02:16:21.814+00:00,False,96,95.0,,95.0,293522.381019,300040.12489100004,300040.12491300004,3125.4179678437504,0.0361,293522.381019,29950.506489439646,88.5833505,68.60783023157894,19.343664792799956,0.31662431827913695,51,64,,False,False,Request timeout: 300.0s exceeded,441,21.16838264042747
115,2026-09-14T02:11:25.509+00:00,2026-09-14T02:16:19.263+00:00,2026-09-14T02:16:25.547+00:00,False,96,95.0,,95.0,293754.115364,300038.31606800004,300038.31612300006,3125.39912628125,0.04082,293754.115364,29974.408887503672,87.720854,66.14948109473684,19.671753606779816,0.3166262270931737,51,64,,False,False,Request timeout: 300.0s exceeded,518,21.16838264042747
116,2026-09-14T02:11:29.717+00:00,2026-09-14T02:16:23.589+00:00,2026-09-14T02:16:29.784+00:00,False,97,96.0,,96.0,293872.118786,300066.641666,300066.641546,3093.470531402062,0.06530899999999999,293872.118786,29831.648679003567,90.37704319999999,64.52628,21.186630260692432,0.3199289313433789,51,64,,False,False,Request timeout: 300.0s exceeded,433,21.16838264042747
117,2026-09-14T02:11:33.112+00:00,2026-09-14T02:16:26.872+00:00,2026-09-14T02:16:33.142+00:00,False,106,105.0,,105.0,293759.576294,300029.38903,300029.388984,2830.465933811321,0.01565,293759.576294,28527.066345527095,88.3341625,59.71250224761905,154.3881718241175,0.3499657161568963,51,64,,False,False,Request timeout: 300.0s exceeded,538,21.16838264042747
118,2026-09-14T02:11:35.642+00:00,2026-09-14T02:16:29.706+00:00,2026-09-14T02:16:35.685+00:00,False,100,99.0,,99.0,294064.165286,300043.32023,300043.320362,3000.43320362,0.01586,294064.165286,29400.835636857435,89.2018791,60.39550448484849,165.0602858631612,0.3299523546270284,51,64,,False,False,Request timeout: 300.0s exceeded,374,21.16838264042747
119,2026-09-14T02:11:38.211+00:00,2026-09-14T02:16:32.920+00:00,2026-09-14T02:16:38.244+00:00,False,82,81.0,,81.0,294708.898909,300032.749917,300032.74987199996,3658.9359740487803,0.03456,294708.898909,32537.90162756044,88.26263945000001,65.72655565432099,20.62634322929053,0.26997052829201995,51,64,,False,False,Request timeout: 300.0s exceeded,355,21.16838264042747
120,2026-09-14T02:11:41.848+00:00,2026-09-14T02:16:35.635+00:00,2026-09-14T02:16:41.934+00:00,False,91,90.0,,90.0,293787.441857,300086.719425,300086.719536,3297.6562586373625,0.023829999999999997,293787.441857,30789.96102941765,87.8009695,69.99197297777778,19.538047506071063,0.29991330563528484,51,64,,False,False,Request timeout: 300.0s exceeded,441,21.16838264042747
121,2026-09-14T02:11:45.829+00:00,2026-09-14T02:16:39.416+00:00,2026-09-14T02:16:45.847+00:00,False,102,101.0,,101.0,293586.697787,300017.432379,300017.432237,2941.3473748725487,0.0,293586.697787,29063.178167507835,88.32654269999999,63.670639524752474,63.06860916388239,0.3366471048002662,51,64,,False,False,Request timeout: 300.0s exceeded,622,21.16838264042747
122,2026-09-14T02:11:50.151+00:00,2026-09-14T02:16:43.920+00:00,2026-09-14T02:16:50.163+00:00,False,94,93.0,,93.0,293768.78971499996,300011.44008299994,300011.440151,3191.6110654361696,0.02401,293768.78971499996,30293.020803783038,88.60015650000001,67.12527277419356,20.892552676987258,0.3099881790316763,51,64,,False,False,Request timeout: 300.0s exceeded,396,21.16838264042747
123,2026-09-14T02:11:54.046+00:00,2026-09-14T02:16:47.969+00:00,2026-09-14T02:16:54.083+00:00,False,90,89.0,,89.0,293923.196602,300036.745402,300036.745243,3333.7416138111107,0.02551,293923.196602,30974.991368988154,90.3581365,68.6915595505618,20.66257844982089,0.2966303339971063,51,64,,False,False,Request timeout: 300.0s exceeded,432,21.16838264042747
124,2026-09-14T02:11:58.165+00:00,2026-09-14T02:16:51.933+00:00,2026-09-14T02:16:58.248+00:00,False,92,91.0,,91.0,293767.749283,300082.71632300003,300082.716348,3261.768655956522,0.03479,293767.749283,30620.1769883039,89.24407755,69.3952421978022,20.650858751962225,0.303249720993762,51,64,,False,False,Request timeout: 300.0s exceeded,416,21.16838264042747
125,2026-09-14T02:12:01.233+00:00,2026-09-14T02:16:55.080+00:00,2026-09-14T02:17:01.315+00:00,False,90,89.0,,89.0,293846.41673,300081.55144999997,300081.551283,3334.2394587,0.02109,293846.41673,30966.753442601832,89.50035145,70.05769348314607,19.706890598044,0.2965860432604079,51,64,,False,False,Request timeout: 300.0s exceeded,363,21.16838264042747
126,2026-09-14T02:12:05.617+00:00,2026-09-14T02:16:59.138+00:00,2026-09-14T02:17:05.630+00:00,False,97,96.0,,96.0,293521.06216900004,300012.74088900007,300012.74086900003,3092.914854319588,0.0218,293521.06216900004,29795.689397275994,89.57058799999999,67.62165333333333,20.309988720481122,0.3199864102955497,51,64,,False,False,Request timeout: 300.0s exceeded,446,21.16838264042747
127,2026-09-14T02:12:09.279+00:00,2026-09-14T02:17:02.787+00:00,2026-09-14T02:17:09.366+00:00,False,94,93.0,,93.0,293507.72133499995,300086.71064699994,300086.71044999996,3192.411813297872,0.05621,293507.72133499995,30265.71961771744,89.18895415000001,70.74182055913978,19.33021464744186,0.3099104248884863,51,64,,False,False,Request timeout: 300.0s exceeded,208,21.16838264042747
128,2026-09-14T02:12:12.872+00:00,2026-09-14T02:17:06.934+00:00,2026-09-14T02:17:12.882+00:00,False,86,85.0,,85.0,294062.410659,300010.772131,300010.771998,3488.4973488139535,0.03569,294062.410659,31702.02494843079,88.78278450000002,69.9807232,19.501252230968777,0.28332316001934976,51,64,,False,False,Request timeout: 300.0s exceeded,411,21.16838264042747
129,2026-09-14T02:12:16.529+00:00,2026-09-14T02:17:10.729+00:00,2026-09-14T02:17:16.560+00:00,False,86,85.0,,85.0,294200.881112,300031.235544,300031.235732,3488.735299209302,0.02584,294200.881112,31717.107048446054,90.1728595,68.59240508235294,20.689697419600027,0.28330383616853333,51,64,,False,False,Request timeout: 300.0s exceeded,433,21.16838264042747
130,2026-09-14T02:12:20.730+00:00,2026-09-14T02:17:14.490+00:00,2026-09-14T02:17:20.766+00:00,False,94,93.0,,93.0,293760.318746,300036.422938,300036.422842,3191.8768387446808,0.02522,293760.318746,30292.1097673202,89.87449835,67.48499131182795,20.56608769595691,0.3099623675330167,51,64,,False,False,Request timeout: 300.0s exceeded,453,21.16838264042747
131,2026-09-14T02:12:23.495+00:00,2026-09-14T02:17:16.995+00:00,2026-09-14T02:17:23.526+00:00,False,96,95.0,,95.0,293500.201562,300030.915674,300030.91563099995,3125.322037822916,0.02641,293500.201562,29948.229141211883,88.452505,68.74435907368422,19.757007456281755,0.3166340368178015,51,64,,False,False,Request timeout: 300.0s exceeded,235,21.16838264042747
132,2026-09-14T02:12:26.638+00:00,2026-09-14T02:17:20.635+00:00,2026-09-14T02:17:26.662+00:00,False,89,88.0,,88.0,293996.328945,300023.338225,300023.338148,3371.048743235955,0.036609,293996.328945,31156.295497671148,89.671114,68.48874181818181,20.624095171876636,0.29331051551064713,51,64,,False,False,Request timeout: 300.0s exceeded,387,21.16838264042747
133,2026-09-14T02:12:29.248+00:00,2026-09-14T02:17:22.936+00:00,2026-09-14T02:17:29.257+00:00,False,94,93.0,,93.0,293688.550582,300009.143478,300009.143615,3191.5866342021277,0.038,293688.550582,30284.657718789123,90.12442495,67.96336447311828,19.979214575599418,0.30999055202735776,51,64,,False,False,Request timeout: 300.0s exceeded,489,21.16838264042747
134,2026-09-14T02:12:32.232+00:00,2026-09-14T02:17:25.924+00:00,2026-09-14T02:17:32.244+00:00,False,94,93.0,,93.0,293691.577639,300011.381287,300011.3814,3191.610440425532,0.019690000000000003,293691.577639,30284.971074024605,88.5998445,67.95487793548388,20.37803853042327,0.30998823978292134,51,64,,False,False,Request timeout: 300.0s exceeded,576,21.16838264042747
135,2026-09-14T02:12:35.376+00:00,2026-09-14T02:17:29.215+00:00,2026-09-14T02:17:35.459+00:00,False,90,89.0,,89.0,293839.230949,300083.712741,300083.712656,3334.2634739555556,0.017799,293839.230949,30965.984797209876,90.05499544999999,70.16271676404494,19.503728748136627,0.2965839071606503,51,64,,False,False,Request timeout: 300.0s exceeded,436,21.16838264042747
136,2026-09-14T02:12:39.587+00:00,2026-09-14T02:17:33.282+00:00,2026-09-14T02:17:39.607+00:00,False,99,98.0,,98.0,293695.466325,300020.60654899996,300020.60651199997,3030.5111768888887,0.0,293695.466325,29511.088988324107,89.7402397,64.54224718367347,64.95073031882137,0.3266442299655655,51,64,,False,False,Request timeout: 300.0s exceeded,447,21.16838264042747
137,2026-09-14T02:12:43.395+00:00,2026-09-14T02:17:37.013+00:00,2026-09-14T02:17:43.413+00:00,False,97,96.0,,96.0,293617.622223,300018.39380699996,300018.393751,3092.973131453608,0.0,293617.622223,29805.65398818147,90.3490308,66.674704,65.44658383483477,0.31998038114208505,51,64,,False,False,Request timeout: 300.0s exceeded,504,21.16838264042747
138,2026-09-14T02:12:47.008+00:00,2026-09-14T02:17:40.904+00:00,2026-09-14T02:17:47.053+00:00,False,87,86.0,,86.0,293895.04111299996,300044.85948099993,300044.85933199996,3448.791486574712,0.02526,293895.04111299996,31501.19463096042,90.03491760000001,71.50951590697674,18.732938471494194,0.2866238073492003,51,64,,False,False,Request timeout: 300.0s exceeded,328,21.16838264042747
139,2026-09-14T02:12:50.911+00:00,2026-09-14T02:17:44.622+00:00,2026-09-14T02:17:52.408+00:00,False,115,114.0,,114.0,293711.020279,301497.315831,301497.315944,2621.7157908173913,0.025359000000000003,293711.020279,27382.332613455226,90.86116369999999,68.3008381754386,20.80601152148953,0.3781128189675197,51,64,,False,False,Request timeout: 300.0s exceeded,488,21.16838264042747
140,2026-09-14T02:12:54.459+00:00,2026-09-14T02:17:48.213+00:00,2026-09-14T02:17:54.515+00:00,False,97,96.0,,96.0,293754.12062199996,300055.359662,300055.35977,3093.354224432989,0.02059,293754.12062199996,29819.555029762534,90.9198438,65.63790666666667,21.34942859038418,0.31994096058853955,51,64,,False,False,Request timeout: 300.0s exceeded,274,21.16838264042747
141,2026-09-14T02:12:57.421+00:00,2026-09-14T02:17:50.786+00:00,2026-09-14T02:17:57.493+00:00,False,105,104.0,,104.0,293364.99361400004,300071.964494,300071.96454500005,2857.8282337619053,0.041030000000000004,293364.99361400004,28623.20571690323,88.85409,64.49010461538461,20.737440530050552,0.34658352763934897,51,64,,False,False,Request timeout: 300.0s exceeded,453,21.16838264042747
142,2026-09-14T02:13:00.058+00:00,2026-09-14T02:17:53.788+00:00,2026-09-14T02:18:00.106+00:00,False,94,93.0,,93.0,293730.716693,300047.949845,300047.949816,3191.9994661276596,0.044090000000000004,293730.716693,30289.010415710745,89.440596,67.92723819354838,19.777845599032933,0.3099504597449918,51,64,,False,False,Request timeout: 300.0s exceeded,419,21.16838264042747
143,2026-09-14T02:13:04.485+00:00,2026-09-14T02:17:58.319+00:00,2026-09-14T02:18:04.552+00:00,False,92,91.0,,91.0,293834.665204,300067.287796,300067.28780700004,3261.600954423913,0.03032,293834.665204,30627.24724566044,88.19599655,68.49035815384616,19.81084433151929,0.30326531315158256,51,64,,False,False,Request timeout: 300.0s exceeded,347,21.16838264042747
144,2026-09-14T02:13:08.897+00:00,2026-09-14T02:18:02.897+00:00,2026-09-14T02:18:08.916+00:00,False,86,85.0,,85.0,294000.85579299997,300019.12779299996,300019.12784,3488.5945097674417,0.07155,294000.85579299997,31695.299101073608,90.26223225,70.8032,20.265018076386376,0.2833152693472473,51,64,,False,False,Request timeout: 300.0s exceeded,394,21.16838264042747
145,2026-09-14T02:13:11.657+00:00,2026-09-14T02:18:05.367+00:00,2026-09-14T02:18:11.717+00:00,False,91,90.0,,90.0,293710.28081300005,300060.63447700004,300060.63447700004,3297.3696096373633,0.03766,293710.28081300005,30781.81300105042,90.63037700000001,70.55948515555556,19.754405682104945,0.29993937777565616,51,64,,False,False,Request timeout: 300.0s exceeded,394,21.16838264042747
146,2026-09-14T02:13:16.016+00:00,2026-09-14T02:18:09.338+00:00,2026-09-14T02:18:16.049+00:00,False,101,100.0,,100.0,293322.804089,300033.45292099996,300033.452772,2970.6282452673267,0.04863,293322.804089,29180.039604339323,89.29789099999999,67.10648832,20.41332477289134,0.33329616756545616,51,64,,False,False,Request timeout: 300.0s exceeded,400,21.16838264042747
147,2026-09-14T02:13:19.970+00:00,2026-09-14T02:18:13.413+00:00,2026-09-14T02:18:20.058+00:00,False,98,97.0,,97.0,293443.197346,300088.422306,300088.422468,3062.126759877551,0.04557,293443.197346,29635.326074544562,89.84559435,68.507473814433,20.659003112041443,0.3232380618172904,51,64,,False,False,Request timeout: 300.0s exceeded,424,21.16838264042747
148,2026-09-14T02:13:23.062+00:00,2026-09-14T02:18:16.566+00:00,2026-09-14T02:18:23.080+00:00,False,99,98.0,,98.0,293503.844151,300017.72472700005,300017.72461000003,3030.482066767677,0.03626,293503.844151,29491.572793188327,88.22123389999999,66.46816914285714,20.227307771952244,0.3266473675486164,51,64,,False,False,Request timeout: 300.0s exceeded,408,21.16838264042747
149,2026-09-14T02:13:26.922+00:00,2026-09-14T02:18:20.313+00:00,2026-09-14T02:18:26.931+00:00,False,99,98.0,,98.0,293391.203911,300009.345607,300009.34547299996,3030.397429020202,0.13644,293391.203911,29480.144792404102,87.7129067,67.53205812244899,19.767802766883342,0.32665649065604774,51,64,,False,False,Request timeout: 300.0s exceeded,612,21.16838264042747
150,2026-09-14T02:13:30.369+00:00,2026-09-14T02:18:24.014+00:00,2026-09-14T02:18:30.458+00:00,False,93,92.0,,92.0,293644.88109100005,300088.80377900007,300088.80372900004,3226.7613304193555,0.03491,293644.88109100005,30442.299516835974,91.2620672,70.04263791304348,20.5943606571016,0.30657591633359726,51,64,,False,False,Request timeout: 300.0s exceeded,412,21.16838264042747
151,2026-09-14T02:13:33.871+00:00,2026-09-14T02:18:27.565+00:00,2026-09-14T02:18:33.898+00:00,False,99,98.0,,98.0,293693.364797,300027.315773,300027.315728,3030.578946747475,0.0,293693.364797,29510.863197485804,93.82294809999999,64.63215281632652,62.35386121804123,0.3266369255329624,51,64,,False,False,Request timeout: 300.0s exceeded,420,21.16838264042747
152,2026-09-14T02:13:37.253+00:00,2026-09-14T02:18:31.172+00:00,2026-09-14T02:18:37.292+00:00,False,94,93.0,,93.0,293918.972528,300038.324336,300038.32426200004,3191.897066617021,0.0,293918.972528,30308.70824894878,90.7367628,65.79948180645161,64.38561494654226,0.30996040324453117,51,64,,False,False,Request timeout: 300.0s exceeded,467,21.16838264042747
153,2026-09-14T02:13:41.057+00:00,2026-09-14T02:18:34.827+00:00,2026-09-14T02:18:41.104+00:00,False,91,90.0,,90.0,293769.829173,300047.299637,300047.299653,3297.2230731098903,0.04449,293769.829173,30788.140424410267,89.531806,69.74967182222221,20.018795611225478,0.29995270781934324,51,64,,False,False,Request timeout: 300.0s exceeded,463,21.16838264042747
154,2026-09-14T02:13:45.283+00:00,2026-09-14T02:18:38.911+00:00,2026-09-14T02:18:45.377+00:00,False,100,99.0,,99.0,293627.495841,300093.794721,300093.79489,3000.9379489,0.03762,293627.495841,29356.225219646676,89.837199,65.3161503030303,20.73773257016713,0.32989685805413344,51,64,,False,False,Request timeout: 300.0s exceeded,414,21.16838264042747
155,2026-09-14T02:13:48.699+00:00,2026-09-14T02:18:42.486+00:00,2026-09-14T02:18:48.736+00:00,False,100,99.0,,99.0,293786.25766299997,300036.187903,300036.187789,3000.3618778899995,0.01977,293786.25766299997,29372.320161908374,89.83505600000001,63.13060848484849,21.035433642662923,0.3299601981078567,51,64,,False,False,Request timeout: 300.0s exceeded,424,21.16838264042747
156,2026-09-14T02:13:52.195+00:00,2026-09-14T02:18:45.635+00:00,2026-09-14T02:18:52.214+00:00,False,99,98.0,,98.0,293439.408032,300018.938528,300018.938511,3030.4943283939397,0.02429,293439.408032,29485.029452009523,89.7069708,67.13806628571429,20.31287697458557,0.3266460460157048,51,64,,False,False,Request timeout: 300.0s exceeded,477,21.16838264042747
157,2026-09-14T02:13:56.447+00:00,2026-09-14T02:18:49.827+00:00,2026-09-14T02:18:56.470+00:00,False,101,100.0,,100.0,293380.355569,300022.509553,300022.50947600004,2970.51989580198,0.037759999999999995,293380.355569,29185.834485512794,89.142623,66.42153984000001,20.616575262057143,0.33330832459534065,51,64,,False,False,Request timeout: 300.0s exceeded,524,21.16838264042747
158,2026-09-14T02:13:58.913+00:00,2026-09-14T02:18:52.133+00:00,2026-09-14T02:18:59.343+00:00,False,83,82.0,,82.0,293219.749842,300430.29320200003,300430.293327,3619.6420882771085,0.047348999999999995,293219.749842,32176.04163145402,86.15860789999999,87.9334556097561,204.94215023662167,0.2729418499247868,51,64,,False,False,Request timeout: 300.0s exceeded,283,21.16838264042747
159,2026-09-14T02:14:03.138+00:00,2026-09-14T02:18:56.873+00:00,2026-09-14T02:19:03.152+00:00,False,102,101.0,,101.0,293735.448325,300014.049541,300014.049541,2941.3142111862744,0.01585,293735.448325,29078.574673268053,92.72740005000001,62.16436847524753,185.62562655921755,0.3366509006978932,51,64,,False,False,Request timeout: 300.0s exceeded,487,21.16838264042747
160,2026-09-14T02:14:06.209+00:00,2026-09-14T02:19:00.490+00:00,2026-09-14T02:19:06.301+00:00,False,89,88.0,,88.0,294280.86902600003,300092.18627400004,300092.18622000003,3371.822317078652,0.020649999999999998,294280.86902600003,31186.71679022673,90.40326700000001,66.037696,21.078782309320818,0.29324322333288394,51,64,,False,False,Request timeout: 300.0s exceeded,263,21.16838264042747
161,2026-09-14T02:14:09.696+00:00,2026-09-14T02:19:03.323+00:00,2026-09-14T02:19:09.763+00:00,False,97,96.0,,96.0,293627.443816,300067.154536,300067.15464100003,3093.4758210412374,0.039479999999999994,293627.443816,29806.54537687642,87.3810156,67.08032,19.705461458164564,0.31992838452594646,51,64,,False,False,Request timeout: 300.0s exceeded,516,21.16838264042747
162,2026-09-14T02:14:12.584+00:00,2026-09-14T02:19:06.379+00:00,2026-09-14T02:19:12.682+00:00,False,91,90.0,,90.0,293795.23645200004,300098.39344400004,300098.39338500006,3297.784542692308,0.02068,293795.23645200004,30790.77319185643,87.6811995,70.03507768888889,18.865783287710038,0.29990163881631865,51,64,,False,False,Request timeout: 300.0s exceeded,423,21.16838264042747
163,2026-09-14T02:14:17.025+00:00,2026-09-14T02:19:10.851+00:00,2026-09-14T02:19:17.066+00:00,False,91,90.0,,90.0,293825.34204799996,300040.31471999997,300040.31461799995,3297.146314483516,0.03351,293825.34204799996,30794.03252866195,89.0553615,69.05525191111111,19.987426211685428,0.2999596906968609,51,64,,False,False,Request timeout: 300.0s exceeded,396,21.16838264042747
164,2026-09-14T02:14:20.025+00:00,2026-09-14T02:19:13.795+00:00,2026-09-14T02:19:20.091+00:00,False,91,90.0,,90.0,293769.83926700003,300066.203043,300066.20285500004,3297.430800604396,0.04102,293769.83926700003,30788.11988960721,90.07411,69.95959751111111,20.65114419391725,0.29993381156325305,51,64,,False,False,Request timeout: 300.0s exceeded,449,21.16838264042747
165,2026-09-14T02:14:24.281+00:00,2026-09-14T02:19:18.218+00:00,2026-09-14T02:19:24.352+00:00,False,91,90.0,,90.0,293937.002012,300070.38006,300070.379986,3297.4767031428573,0.03296,293937.002012,30805.83286734188,89.3633215,68.14864497777778,20.232536381479935,0.2999296364473035,51,64,,False,False,Request timeout: 300.0s exceeded,292,21.16838264042747
166,2026-09-14T02:14:27.921+00:00,2026-09-14T02:19:21.996+00:00,2026-09-14T02:19:28.020+00:00,False,97,96.0,,96.0,294074.272931,300098.194339,300098.194396,3093.795818515464,0.0,294074.272931,29852.42316897145,90.2650732,62.74918133333333,67.65024380041949,0.3198952936436382,51,64,,False,False,Request timeout: 300.0s exceeded,467,21.16838264042747
167,2026-09-14T02:14:32.183+00:00,2026-09-14T02:19:26.802+00:00,2026-09-14T02:19:32.206+00:00,False,89,88.0,,88.0,294618.33292799996,300022.557696,300022.55772299995,3371.03997441573,0.023399999999999997,294618.33292799996,31222.977737917347,88.5834944,61.41164509090909,20.305749394234432,0.2933112785778149,51,64,,False,False,Request timeout: 300.0s exceeded,386,21.16838264042747
168,2026-09-14T02:14:35.199+00:00,2026-09-14T02:19:28.990+00:00,2026-09-14T02:19:35.248+00:00,False,103,102.0,,102.0,293790.59042100003,300048.79022900003,300048.79031,2913.095051553398,0.04111,293790.59042100003,28942.008403010164,89.4044254,61.35490007843138,19.998984637142225,0.33994471339861976,51,64,,False,False,Request timeout: 300.0s exceeded,460,21.16838264042747
169,2026-09-14T02:14:39.079+00:00,2026-09-14T02:19:33.301+00:00,2026-09-14T02:19:39.090+00:00,False,89,88.0,,88.0,294222.724769,300011.840673,300011.84084200003,3370.919560022472,0.02486,294222.724769,31180.57966817591,89.47176940000001,65.785408,20.181835622856156,0.29332175624333506,51,64,,False,False,Request timeout: 300.0s exceeded,441,21.16838264042747
170,2026-09-14T02:14:42.985+00:00,2026-09-14T02:19:36.467+00:00,2026-09-14T02:19:43.011+00:00,False,99,98.0,,98.0,293482.60744700005,300026.62843900005,300026.62830200006,3030.5720030505054,0.02891,293482.60744700005,29489.407447175014,88.2574619,66.77572440816327,20.12838148277483,0.3266376738287578,51,64,,False,False,Request timeout: 300.0s exceeded,405,21.16838264042747
171,2026-09-14T02:14:46.427+00:00,2026-09-14T02:19:39.780+00:00,2026-09-14T02:19:46.521+00:00,False,100,99.0,,99.0,293352.86894300004,300094.41543900006,300094.41535300005,3000.94415353,0.039309,293352.86894300004,29328.483954117837,88.9775995,68.09642925252525,19.929094783078487,0.32989617569249186,51,64,,False,False,Request timeout: 300.0s exceeded,545,21.16838264042747
172,2026-09-14T02:14:48.963+00:00,2026-09-14T02:19:42.724+00:00,2026-09-14T02:19:49.013+00:00,False,96,95.0,,95.0,293761.000474,300050.52905,300050.529059,3125.5263443645836,0.035518999999999995,293761.000474,29975.106079992027,88.57230875,66.20556395789474,19.98935731781906,0.3166133394291377,51,64,,False,False,Request timeout: 300.0s exceeded,436,21.16838264042747
173,2026-09-14T02:14:53.440+00:00,2026-09-14T02:19:46.686+00:00,2026-09-14T02:19:53.489+00:00,False,105,104.0,,104.0,293245.63101099996,300049.14537899994,300049.145302,2857.610907638095,0.02223,293245.63101099996,28611.46644229594,89.33353120000001,65.41840738461538,20.61533758582619,0.3466098857526652,51,64,,False,False,Request timeout: 300.0s exceeded,467,21.16838264042747
174,2026-09-14T02:14:56.440+00:00,2026-09-14T02:19:49.562+00:00,2026-09-14T02:19:56.450+00:00,False,102,101.0,,101.0,293121.86683099996,300010.49249499995,300010.49258399993,2941.279339058823,0.022018999999999997,293121.86683099996,29016.642988627413,88.79934005,68.20421449504951,19.651676423484158,0.3366548921674241,51,64,,False,False,Request timeout: 300.0s exceeded,424,21.16838264042747
175,2026-09-14T02:15:00.125+00:00,2026-09-14T02:19:53.657+00:00,2026-09-14T02:20:00.141+00:00,False,96,95.0,,95.0,293531.925994,300015.41834599996,300015.418481,3125.160609177083,0.0174,293531.925994,29951.51737245115,87.77191475,68.24728791578947,19.19555589586383,0.3166503925822871,51,64,,False,False,Request timeout: 300.0s exceeded,488,21.16838264042747
176,2026-09-14T02:15:04.418+00:00,2026-09-14T02:19:58.194+00:00,2026-09-14T02:20:04.484+00:00,False,95,94.0,,94.0,293776.344375,300066.432823,300066.432897,3158.5940304947367,0.03996,293776.344375,30133.95843083805,90.03302240000001,66.91583455319149,20.475468323266345,0.31326396330191225,51,64,,False,False,Request timeout: 300.0s exceeded,402,21.16838264042747
177,2026-09-14T02:15:07.116+00:00,2026-09-14T02:20:01.017+00:00,2026-09-14T02:20:07.207+00:00,False,92,91.0,,91.0,293900.661305,300091.358265,300091.35824800003,3261.862589652174,0.03683,293900.661305,30634.17607511336,88.07024155,68.02963692307692,20.164441293483893,0.30324098809816824,51,64,,False,False,Request timeout: 300.0s exceeded,396,21.16838264042747
178,2026-09-14T02:15:11.301+00:00,2026-09-14T02:20:04.956+00:00,2026-09-14T02:20:11.345+00:00,False,97,96.0,,96.0,293655.161096,300044.492808,300044.492689,3093.242192670103,0.02479,293655.161096,29809.41351483087,89.916238,66.55553866666666,20.589772579484105,0.31995254804236944,51,64,,False,False,Request timeout: 300.0s exceeded,434,21.16838264042747
179,2026-09-14T02:15:15.349+00:00,2026-09-14T02:20:08.910+00:00,2026-09-14T02:20:15.411+00:00,False,97,96.0,,96.0,293560.803578,300062.11711399996,300062.116914,3093.42388571134,0.045270000000000005,293560.803578,29799.714442169916,90.2301628,67.722016,20.468307828619366,0.3199337554614652,51,64,,False,False,Request timeout: 300.0s exceeded,458,21.16838264042747
180,2026-09-14T02:15:18.669+00:00,2026-09-14T02:20:12.498+00:00,2026-09-14T02:20:18.697+00:00,False,91,90.0,,90.0,293829.15007200005,300027.57080800005,300027.5706890001,3297.0062713076927,0.039659999999999994,293829.15007200005,30794.451071037874,89.7455705,68.87134151111111,20.1024279732964,0.2999724317255986,51,64,,False,False,Request timeout: 300.0s exceeded,414,21.16838264042747
181,2026-09-14T02:15:23.090+00:00,2026-09-14T02:20:16.772+00:00,2026-09-14T02:20:23.112+00:00,False,96,95.0,,95.0,293682.04014,300022.575436,300022.57541499997,3125.235160572917,0.0,293682.04014,29967.061457080395,88.89988174999999,66.74247679999999,67.6814471880912,0.3166428388328569,51,64,,False,False,Request timeout: 300.0s exceeded,410,21.16838264042747
182,2026-09-14T02:15:27.621+00:00,2026-09-14T02:20:21.280+00:00,2026-09-14T02:20:27.656+00:00,False,99,98.0,,98.0,293658.79911799997,300035.03207799996,300035.03219799994,3030.6568908888885,0.0,293658.79911799997,29507.355063767813,87.70119360000001,65.06360163265306,66.60840645483871,0.3266285250801079,51,64,,False,False,Request timeout: 300.0s exceeded,450,21.16838264042747
183,2026-09-14T02:15:31.753+00:00,2026-09-14T02:20:25.462+00:00,2026-09-14T02:20:31.847+00:00,False,96,95.0,,95.0,293708.448481,300094.115041,300094.11480200005,3125.9803625208338,0.03925,293708.448481,29969.63889666934,88.74458025,67.2175427368421,19.47544708792789,0.3165673541682773,51,64,,False,False,Request timeout: 300.0s exceeded,391,21.16838264042747
184,2026-09-14T02:15:34.894+00:00,2026-09-14T02:20:28.207+00:00,2026-09-14T02:20:34.902+00:00,False,97,96.0,,96.0,293313.35749900003,300007.99353100004,300007.99370700005,3092.865914505155,0.0425,293313.35749900003,29774.38540129697,89.621551,69.735792,20.118883809470535,0.3199914737941149,51,64,,False,False,Request timeout: 300.0s exceeded,488,21.16838264042747
185,2026-09-14T02:15:38.826+00:00,2026-09-14T02:20:32.267+00:00,2026-09-14T02:20:38.843+00:00,False,91,90.0,,90.0,293441.499715,300017.857603,300017.857473,3296.8995326703293,0.02529,293441.499715,30753.373362482096,89.33540199999999,73.0706432,18.96950515427247,0.29998214345991664,51,64,,False,False,Request timeout: 300.0s exceeded,282,21.16838264042747
186,2026-09-14T02:15:42.530+00:00,2026-09-14T02:20:36.285+00:00,2026-09-14T02:20:42.580+00:00,False,87,86.0,,86.0,293754.50947000005,300049.71817400004,300049.71815200004,3448.84733508046,0.019760000000000003,293754.50947000005,31485.94672836903,90.0844126,73.20010120930232,18.593407738318888,0.2866191660614334,51,64,,False,False,Request timeout: 300.0s exceeded,454,21.16838264042747
187,2026-09-14T02:15:45.685+00:00,2026-09-14T02:20:39.432+00:00,2026-09-14T02:20:45.697+00:00,False,91,90.0,,90.0,293746.47358,300011.161452,300011.16120699997,3296.8259473296703,0.032049999999999995,293746.47358,30785.706945771442,88.63413249999999,69.60764302222222,19.96162894728979,0.29998883896324463,51,64,,False,False,Request timeout: 300.0s exceeded,342,21.16838264042747
188,2026-09-14T02:15:49.259+00:00,2026-09-14T02:20:43.532+00:00,2026-09-14T02:20:49.634+00:00,False,89,88.0,,88.0,294273.169283,300375.065219,300375.065143,3375.00073194382,0.03803,294273.169283,31185.550469674734,89.2865758,69.33972654545455,20.875531706308745,0.2929670608172493,51,64,,False,False,Request timeout: 300.0s exceeded,395,21.16838264042747
189,2026-09-14T02:15:52.592+00:00,2026-09-14T02:20:46.213+00:00,2026-09-14T02:20:52.613+00:00,False,95,94.0,,94.0,293621.38468300004,300020.61284300004,300020.61265400006,3158.111712147369,0.022729,293621.38468300004,30117.941960718144,91.43303,68.07689531914895,22.15664210257174,0.31331180584312035,51,64,,False,False,Request timeout: 300.0s exceeded,217,21.16838264042747
190,2026-09-14T02:15:56.213+00:00,2026-09-14T02:20:50.114+00:00,2026-09-14T02:20:56.254+00:00,False,94,93.0,,93.0,293901.289487,300041.059855,300041.05989599996,3191.9261691063825,0.0256,293901.289487,30306.80065232988,88.82633495,66.01903621505377,20.060942151539383,0.30995757728940115,51,64,,False,False,Request timeout: 300.0s exceeded,536,21.16838264042747
191,2026-09-14T02:16:00.419+00:00,2026-09-14T02:20:54.148+00:00,2026-09-14T02:21:00.461+00:00,False,92,91.0,,91.0,293729.665606,300041.986374,300041.986321,3261.3259382717392,0.03972,293729.665606,30616.208904511088,89.044133,69.36616228571428,19.701484686277542,0.3032908863847116,51,64,,False,False,Request timeout: 300.0s exceeded,452,21.16838264042747
192,2026-09-14T02:16:04.851+00:00,2026-09-14T02:20:58.433+00:00,2026-09-14T02:21:04.859+00:00,False,95,94.0,,94.0,293581.685688,300007.68684,300007.68689199997,3157.9756514947367,0.0241,293581.685688,30113.838020236668,88.069693,68.36171438297872,19.70090255371946,0.31332530506170686,51,64,,False,False,Request timeout: 300.0s exceeded,230,21.16838264042747
193,2026-09-14T02:16:08.618+00:00,2026-09-14T02:21:02.436+00:00,2026-09-14T02:21:08.710+00:00,False,92,91.0,,91.0,293818.675483,300092.137499,300092.13744,3261.871059130435,0.040600000000000004,293818.675483,30625.533559294337,89.9266971,68.93914303296702,20.03759734570786,0.3032402006877079,51,64,,False,False,Request timeout: 300.0s exceeded,157,21.16838264042747
194,2026-09-14T02:16:11.299+00:00,2026-09-14T02:21:04.988+00:00,2026-09-14T02:21:11.311+00:00,False,94,93.0,,93.0,293689.489436,300012.626972,300012.626998,3191.6236914680853,0.097859,293689.489436,30284.752063164728,90.2996428,67.99072619354838,20.480178012309107,0.3099869526780939,51,64,,False,False,Request timeout: 300.0s exceeded,391,21.16838264042747
195,2026-09-14T02:16:13.930+00:00,2026-09-14T02:21:07.838+00:00,2026-09-14T02:21:13.944+00:00,False,90,89.0,,89.0,293908.431024,300013.925552,300013.92539499997,3333.4880599444446,0.034639,293908.431024,30973.44431244981,90.80565895,68.60106211235956,20.406957793631,0.29665289648221366,51,64,,False,False,Request timeout: 300.0s exceeded,305,21.16838264042747
196,2026-09-14T02:16:16.954+00:00,2026-09-14T02:21:10.925+00:00,2026-09-14T02:21:17.199+00:00,False,82,81.0,,81.0,293970.459487,300245.20355100004,300245.203511,3661.526872085366,0.03607,293970.459487,32455.12533424137,89.41322,77.46597609876544,69.52949730913285,0.2697794970311365,51,64,,False,False,Request timeout: 300.0s exceeded,359,21.16838264042747
197,2026-09-14T02:16:19.672+00:00,2026-09-14T02:21:13.626+00:00,2026-09-14T02:21:19.758+00:00,False,98,97.0,,97.0,293954.32737199997,300085.861452,300085.86140899995,3062.1006266224485,0.0,293954.32737199997,29687.562417181343,89.6811925,63.211691546391755,67.78331097224844,0.32324082024609335,51,64,,False,False,Request timeout: 300.0s exceeded,240,21.16838264042747
198,2026-09-14T02:16:23.651+00:00,2026-09-14T02:21:17.608+00:00,2026-09-14T02:21:23.700+00:00,False,95,94.0,,94.0,293956.635933,300048.658205,300048.658394,3158.406930463158,0.04542,293956.635933,30152.671934357142,89.1744274,64.80874757446809,20.178260277291596,0.3132825207829361,51,64,,False,False,Request timeout: 300.0s exceeded,490,21.16838264042747
199,2026-09-14T02:16:28.029+00:00,2026-09-14T02:21:21.743+00:00,2026-09-14T02:21:28.116+00:00,False,95,94.0,,94.0,293713.925003,300087.06983500003,300087.069699,3158.811259989474,0.03174,293713.925003,30127.46291711872,87.50613600000001,67.79941310638299,19.296753781302595,0.3132424201138856,51,64,,False,False,Request timeout: 300.0s exceeded,329,21.16838264042747
200,2026-09-14T02:16:32.743+00:00,2026-09-14T02:21:25.306+00:00,2026-09-14T02:21:32.855+00:00,False,112,111.0,,111.0,292562.552074,300111.898634,300111.89865600003,2679.5705237142856,0.04161,292562.552074,27638.14369685945,90.02373764999999,68.01213117117118,20.501040739370946,0.3698620431420132,51,64,,False,False,Request timeout: 300.0s exceeded,508,21.16838264042747
201,2026-09-14T02:16:35.265+00:00,2026-09-14T02:21:29.199+00:00,2026-09-14T02:21:35.274+00:00,False,94,93.0,,93.0,293933.762298,300008.74623399996,300008.746175,3191.582406117021,0.023370000000000002,293933.762298,30310.22230230766,90.41264465,65.3224079139785,20.787280406081187,0.30999096248834734,51,64,,False,False,Request timeout: 300.0s exceeded,466,21.16838264042747
202,2026-09-14T02:16:39.441+00:00,2026-09-14T02:21:34.075+00:00,2026-09-14T02:21:39.515+00:00,False,79,78.0,,78.0,294634.63560399995,300074.73877199995,300074.73880099994,3798.414415202531,0.03688,294634.63560399995,33141.145408045915,89.5187428,69.74491241025642,19.99193709922293,0.2599352425305792,51,64,,False,False,Request timeout: 300.0s exceeded,394,21.16838264042747
203,2026-09-14T02:16:42.752+00:00,2026-09-14T02:21:36.570+00:00,2026-09-14T02:21:42.814+00:00,False,95,94.0,,94.0,293817.544321,300061.533313,300061.533131,3158.5424540105264,0.039810000000000005,293817.544321,30138.235605370777,87.90479380000001,66.42541480851064,20.226901142823685,0.3132690783858216,51,64,,False,False,Request timeout: 300.0s exceeded,163,21.16838264042747
204,2026-09-14T02:16:47.055+00:00,2026-09-14T02:21:40.370+00:00,2026-09-14T02:21:47.069+00:00,False,114,113.0,,113.0,293315.20045099995,300013.7345949999,300013.7344799999,2631.6994252631575,0.01512,293315.20045099995,27466.635891125206,89.55234574999999,59.27906322123894,197.3015408676498,0.37664942290906467,51,64,,False,False,Request timeout: 300.0s exceeded,501,21.16838264042747
205,2026-09-14T02:16:50.660+00:00,2026-09-14T02:21:44.229+00:00,2026-09-14T02:21:50.669+00:00,False,108,107.0,,107.0,293568.64413,300009.23676999996,300009.236714,2777.863302907407,0.01492,293568.64413,28243.636679217634,86.95442115,60.19245457943925,209.90865327188166,0.3566556855115458,51,64,,False,False,Request timeout: 300.0s exceeded,408,21.16838264042747
206,2026-09-14T02:16:53.681+00:00,2026-09-14T02:21:47.619+00:00,2026-09-14T02:21:53.738+00:00,False,92,91.0,,91.0,293938.881101,300057.583437,300057.583424,3261.495472,0.038090000000000006,293938.881101,30638.242752656468,88.90460455,67.23848720879121,19.39096426852083,0.303275121253872,51,64,,False,False,Request timeout: 300.0s exceeded,458,21.16838264042747
207,2026-09-14T02:16:56.808+00:00,2026-09-14T02:21:50.496+00:00,2026-09-14T02:21:56.878+00:00,False,95,94.0,,94.0,293687.78294999996,300069.88214999996,300069.88234799996,3158.6303405052627,0.031149999999999997,293687.78294999996,30124.77140123178,88.8505467,67.89467234042553,19.880245503288172,0.3132603623079072,51,64,,False,False,Request timeout: 300.0s exceeded,125,21.16838264042747
208,2026-09-14T02:16:59.504+00:00,2026-09-14T02:21:53.483+00:00,2026-09-14T02:21:59.556+00:00,False,87,86.0,,86.0,293978.871008,300052.179936,300052.179768,3448.875629517241,0.09584000000000001,293978.871008,31510.277935569815,90.36433860000001,70.61987125581396,19.431501031403567,0.28661681450987453,51,64,,False,False,Request timeout: 300.0s exceeded,270,21.16838264042747
209,2026-09-14T02:17:02.404+00:00,2026-09-14T02:21:56.210+00:00,2026-09-14T02:22:02.489+00:00,False,93,92.0,,92.0,293805.55630500003,300085.05480100005,300085.05487000005,3226.7210201075272,0.02831,293805.55630500003,30459.146035703547,89.9195336,68.25541843478261,20.524334401287405,0.30657974640226365,51,64,,False,False,Request timeout: 300.0s exceeded,500,21.16838264042747
210,2026-09-14T02:17:06.462+00:00,2026-09-14T02:22:00.209+00:00,2026-09-14T02:22:06.511+00:00,False,96,95.0,,95.0,293747.674015,300048.902815,300048.902703,3125.50940315625,0.02343,293747.674015,29973.7338647796,87.91417150000001,66.32872421052632,20.704538359782564,0.3166150554417251,51,64,,False,False,Request timeout: 300.0s exceeded,404,21.16838264042747
211,2026-09-14T02:17:10.504+00:00,2026-09-14T02:22:03.910+00:00,2026-09-14T02:22:10.531+00:00,False,100,99.0,,99.0,293406.424612,300027.50186,300027.501666,3000.27501666,0.02341,293406.424612,29333.961388500662,88.13777345,66.87956816161616,20.19866226989156,0.32996975072703755,51,64,,False,False,Request timeout: 300.0s exceeded,456,21.16838264042747
212,2026-09-14T02:17:15.017+00:00,2026-09-14T02:22:08.664+00:00,2026-09-14T02:22:15.050+00:00,False,103,102.0,,102.0,293647.113703,300033.173991,300033.17394300003,2912.943436339806,0.0,293647.113703,28927.815402322307,88.0185262,62.608434196078434,65.99282728471437,0.3399624069672364,51,64,,False,False,Request timeout: 300.0s exceeded,260,21.16838264042747
213,2026-09-14T02:17:19.299+00:00,2026-09-14T02:22:12.827+00:00,2026-09-14T02:22:19.355+00:00,False,100,99.0,,99.0,293527.71100300003,300055.06921100005,300055.069374,3000.5506937400005,0.037639000000000006,293527.71100300003,29346.184226744517,88.06613390000001,65.93291119191919,19.506804590738028,0.3299394349854585,51,64,,False,False,Request timeout: 300.0s exceeded,442,21.16838264042747
214,2026-09-14T02:17:22.313+00:00,2026-09-14T02:22:15.508+00:00,2026-09-14T02:22:22.336+00:00,False,100,99.0,,99.0,293195.537556,300023.420308,300023.420162,3000.23420162,0.03555,293195.537556,29312.663690294205,88.957379,68.96851264646465,20.04695094163752,0.3299742396722493,51,64,,False,False,Request timeout: 300.0s exceeded,351,21.16838264042747
215,2026-09-14T02:17:26.632+00:00,2026-09-14T02:22:20.156+00:00,2026-09-14T02:22:26.701+00:00,False,100,99.0,,99.0,293524.477288,300069.402472,300069.402472,3000.69402472,0.03764,293524.477288,29345.843762346714,89.24113650000001,66.11035539393939,20.47267879240317,0.32992367493796,51,64,,False,False,Request timeout: 300.0s exceeded,148,21.16838264042747
216,2026-09-14T02:17:30.799+00:00,2026-09-14T02:22:24.150+00:00,2026-09-14T02:22:30.819+00:00,False,99,98.0,,98.0,293351.463696,300019.990032,300019.990179,3030.5049513030303,0.019350000000000003,293351.463696,29476.099641424622,90.13362090000001,68.04618710204082,20.59736008932779,0.3266449011932417,51,64,,False,False,Request timeout: 300.0s exceeded,443,21.16838264042747
217,2026-09-14T02:17:33.374+00:00,2026-09-14T02:22:27.044+00:00,2026-09-14T02:22:33.388+00:00,False,92,91.0,,91.0,293670.01038700005,300013.41185900004,300013.412017,3261.01534801087,0.039369999999999995,293670.01038700005,30609.953965802353,89.3512035,69.70770848351648,19.944149358291607,0.303319773059906,51,64,,False,False,Request timeout: 300.0s exceeded,343,21.16838264042747
218,2026-09-14T02:17:36.540+00:00,2026-09-14T02:22:29.989+00:00,2026-09-14T02:22:36.630+00:00,False,95,94.0,,94.0,293449.22155,300089.80907,300089.809082,3158.8400956,0.039310000000000005,293449.22155,30100.01406275631,91.1455401,70.6445480851064,20.881124017293878,0.3132395608211848,51,64,,False,False,Request timeout: 300.0s exceeded,450,21.16838264042747
219,2026-09-14T02:17:39.689+00:00,2026-09-14T02:22:33.213+00:00,2026-09-14T02:22:39.725+00:00,False,96,95.0,,95.0,293524.816026,300036.325274,300036.32506,3125.378386041667,0.02116,293524.816026,29950.763385674967,91.678577,68.5422026105263,21.80928004070214,0.31662832796410184,51,64,,False,False,Request timeout: 300.0s exceeded,466,21.16838264042747
220,2026-09-14T02:17:43.321+00:00,2026-09-14T02:22:36.714+00:00,2026-09-14T02:22:43.380+00:00,False,97,96.0,,96.0,293393.585759,300058.91516699997,300058.91521899996,3093.3908785463914,0.051039,293393.585759,29782.563144260454,90.3238558,69.43051466666667,21.286017004135527,0.3199371694940992,51,64,,False,False,Request timeout: 300.0s exceeded,437,21.16838264042747
221,2026-09-14T02:17:47.421+00:00,2026-09-14T02:22:41.202+00:00,2026-09-14T02:22:47.440+00:00,False,93,92.0,,92.0,293781.443315,300019.444723,300019.444748,3226.015534924731,0.040490000000000005,293781.443315,30456.692444158754,90.7350618,67.80436313043478,20.578539900500537,0.306646791126959,51,64,,False,False,Request timeout: 300.0s exceeded,416,21.16838264042747
222,2026-09-14T02:17:50.459+00:00,2026-09-14T02:22:44.347+00:00,2026-09-14T02:22:50.470+00:00,False,90,89.0,,89.0,293887.794718,300011.09967799997,300011.099713,3333.4566634777775,0.024390000000000002,293887.794718,30971.24703520895,86.8408125,68.8011793258427,18.93292476555376,0.2966556907245203,51,64,,False,False,Request timeout: 300.0s exceeded,429,21.16838264042747
223,2026-09-14T02:17:54.994+00:00,2026-09-14T02:22:48.607+00:00,2026-09-14T02:22:55.034+00:00,False,97,96.0,,96.0,293612.150699,300039.216043,300039.216013,3093.1877939484534,0.02095,293612.150699,29805.005727588377,86.56053299999999,66.94859733333334,19.32982570973117,0.3199581750215005,51,64,,False,False,Request timeout: 300.0s exceeded,431,21.16838264042747
224,2026-09-14T02:17:58.445+00:00,2026-09-14T02:22:52.265+00:00,2026-09-14T02:22:58.480+00:00,False,93,92.0,,92.0,293820.007406,300035.125998,300035.125877,3226.184149215054,0.03732,293820.007406,30460.717077057045,89.73185859999998,67.55563686956522,20.47647825700828,0.3066307642946222,51,64,,False,False,Request timeout: 300.0s exceeded,400,21.16838264042747
225,2026-09-14T02:18:02.913+00:00,2026-09-14T02:22:56.952+00:00,2026-09-14T02:23:02.919+00:00,False,87,86.0,,86.0,294039.18581199995,300006.26062799996,300006.26045699994,3448.347821344827,0.02459,294039.18581199995,31516.87782205681,90.968389,69.38459088372093,21.0480128036413,0.28666068441364223,51,64,,False,False,Request timeout: 300.0s exceeded,337,21.16838264042747
226,2026-09-14T02:18:07.237+00:00,2026-09-14T02:23:00.786+00:00,2026-09-14T02:23:07.283+00:00,False,101,100.0,,100.0,293549.652115,300046.018451,300046.018482,2970.752658237624,0.0,293549.652115,29202.893728065716,90.67645900000001,64.96366336,66.85063225704202,0.33328220956323346,51,64,,False,False,Request timeout: 300.0s exceeded,330,21.16838264042747
227,2026-09-14T02:18:09.873+00:00,2026-09-14T02:23:03.710+00:00,2026-09-14T02:23:09.881+00:00,False,97,96.0,,96.0,293836.920052,300007.29266,300007.29275799997,3092.8586882268037,0.0,293836.920052,29828.169923026086,90.0746498,64.27471466666667,68.1476214864186,0.3199922213517568,51,64,,False,False,Request timeout: 300.0s exceeded,455,21.16838264042747
228,2026-09-14T02:18:14.103+00:00,2026-09-14T02:23:07.877+00:00,2026-09-14T02:23:14.124+00:00,False,91,90.0,,90.0,293773.926071,300021.368503,300021.368424,3296.9381145494503,0.04029,293773.926071,30788.604755929646,88.65456750000001,69.41602702222222,19.838233450846673,0.2999786330189346,51,64,,False,False,Request timeout: 300.0s exceeded,261,21.16838264042747
229,2026-09-14T02:18:17.505+00:00,2026-09-14T02:23:10.888+00:00,2026-09-14T02:23:17.604+00:00,False,96,95.0,,95.0,293383.440694,300099.79448599997,300099.794476,3126.0395257916666,0.04295,293383.440694,29936.11276467878,90.50414124999999,70.69846096842106,19.62914244759994,0.3165613630716161,51,64,,False,False,Request timeout: 300.0s exceeded,495,21.16838264042747
230,2026-09-14T02:18:20.718+00:00,2026-09-14T02:23:14.260+00:00,2026-09-14T02:23:20.747+00:00,False,93,92.0,,92.0,293542.043194,300029.68633000006,300029.686219,3226.1256582688175,0.01909,293542.043194,30431.586271593456,88.55061860000002,70.51786017391305,20.32921803879803,0.30663632364302107,51,64,,False,False,Request timeout: 300.0s exceeded,459,21.16838264042747
231,2026-09-14T02:18:23.907+00:00,2026-09-14T02:23:17.609+00:00,2026-09-14T02:23:23.946+00:00,False,96,95.0,,95.0,293702.207101,300039.758973,300039.75899400003,3125.4141561875,0.14849,293702.207101,29969.05440384268,89.56702349999999,66.71107233684211,20.71747402084444,0.3166247044230857,51,64,,False,False,Request timeout: 300.0s exceeded,237,21.16838264042747
232,2026-09-14T02:18:27.317+00:00,2026-09-14T02:23:21.102+00:00,2026-09-14T02:23:27.404+00:00,False,93,92.0,,92.0,293785.093712,300086.611536,300086.611351,3226.7377564623657,0.022949999999999998,293785.093712,30456.999201596005,89.26163359999998,68.49475895652174,20.306558428610824,0.30657815598335414,51,64,,False,False,Request timeout: 300.0s exceeded,482,21.16838264042747
233,2026-09-14T02:18:31.468+00:00,2026-09-14T02:23:25.183+00:00,2026-09-14T02:23:31.491+00:00,False,96,95.0,,95.0,293714.868796,300023.403324,300023.40309000004,3125.2437821875,0.02129,293714.868796,29970.378116271524,90.6824735,66.40562661052631,21.093018062726753,0.31664196508499703,51,64,,False,False,Request timeout: 300.0s exceeded,231,21.16838264042747
234,2026-09-14T02:18:35.418+00:00,2026-09-14T02:23:29.338+00:00,2026-09-14T02:23:35.464+00:00,False,93,92.0,,92.0,293920.44290799997,300045.763612,300045.763559,3226.298532892473,0.02524,293920.44290799997,30471.233357019435,89.9237296,66.57957286956521,21.0592087981055,0.3066198932205839,51,64,,False,False,Request timeout: 300.0s exceeded,373,21.16838264042747
235,2026-09-14T02:18:39.165+00:00,2026-09-14T02:23:32.328+00:00,2026-09-14T02:23:39.207+00:00,False,101,100.0,,100.0,293162.45920499996,300041.24115699995,300041.24102599995,2970.705356693069,0.02101,293162.45920499996,29163.9171846458,88.783453,68.78781952,20.104211836249984,0.33328751612407137,51,64,,False,False,Request timeout: 300.0s exceeded,473,21.16838264042747
236,2026-09-14T02:18:43.027+00:00,2026-09-14T02:23:36.268+00:00,2026-09-14T02:23:43.049+00:00,False,100,99.0,,99.0,293241.722274,300022.569634,300022.569601,3000.22569601,0.02042,293241.722274,29317.32909931273,87.40408550000001,68.49340767676767,19.183154546094297,0.32997517527021686,51,64,,False,False,Request timeout: 300.0s exceeded,148,21.16838264042747
237,2026-09-14T02:18:46.830+00:00,2026-09-14T02:23:40.432+00:00,2026-09-14T02:23:46.881+00:00,False,98,97.0,,97.0,293601.893991,300051.415655,300051.41578800004,3061.749140693878,0.04302,293601.893991,29651.55961139462,85.29853635,66.48991406185567,19.082559757396254,0.32327792817858547,51,64,,False,False,Request timeout: 300.0s exceeded,481,21.16838264042747
238,2026-09-14T02:18:51.215+00:00,2026-09-14T02:23:45.175+00:00,2026-09-14T02:23:51.274+00:00,False,90,89.0,,89.0,293960.727571,300059.777043,300059.777128,3333.9975236444443,0.07114,293960.727571,30978.96405365916,89.63611895,68.52864575280898,19.73453062119223,0.2966075655893255,51,64,,False,False,Request timeout: 300.0s exceeded,430,21.16838264042747
239,2026-09-14T02:18:53.904+00:00,2026-09-14T02:23:47.485+00:00,2026-09-14T02:23:53.951+00:00,False,95,94.0,,94.0,293581.06238899997,300046.95371699997,300046.95356099994,3158.3889848526314,0.02827,293581.06238899997,30113.730890953684,88.0934678,68.7860779574468,20.24700754185471,0.31328430045871913,51,64,,False,False,Request timeout: 300.0s exceeded,446,21.16838264042747
240,2026-09-14T02:18:59.262+00:00,2026-09-14T02:23:51.837+00:00,2026-09-14T02:23:59.375+00:00,False,114,113.0,,113.0,292574.509745,300112.77636899997,300112.77645299997,2632.5682145,0.0201,292574.509745,27395.873319526294,90.1582448,66.71032410619469,20.829140413002197,0.37652512287934803,51,64,,False,False,Request timeout: 300.0s exceeded,416,21.16838264042747
241,2026-09-14T02:19:00.181+00:00,2026-09-14T02:23:53.548+00:00,2026-09-14T02:24:00.216+00:00,False,107,106.0,,106.0,293367.44114099996,300035.43755699997,300035.43760699994,2804.069510345794,0.036759,293367.44114099996,28354.827291607282,89.4785456,62.90562656603774,20.86342461540861,0.3532916006958758,51,64,,False,False,Request timeout: 300.0s exceeded,484,21.16838264042747
242,2026-09-14T02:19:02.746+00:00,2026-09-14T02:23:56.755+00:00,2026-09-14T02:24:02.781+00:00,False,103,102.0,,102.0,294008.834041,300035.032825,300035.032945,2912.9614849029126,0.0,294008.834041,28963.804662414626,94.3150444,59.08038023529412,66.15195689830728,0.3399603007675875,51,64,,False,False,Request timeout: 300.0s exceeded,552,21.16838264042747
243,2026-09-14T02:19:06.844+00:00,2026-09-14T02:24:01.377+00:00,2026-09-14T02:24:06.873+00:00,False,93,92.0,,92.0,294532.50691500003,300028.47670700005,300028.476619,3226.1126518172046,0.0,294532.50691500003,30535.417105596916,89.9329486,59.738802086956525,28.882260926275936,0.3066375599068378,51,64,,False,False,Request timeout: 300.0s exceeded,134,21.16838264042747
244,2026-09-14T02:19:09.425+00:00,2026-09-14T02:24:03.608+00:00,2026-09-14T02:24:09.465+00:00,False,90,89.0,,89.0,294182.90675,300040.426366,300040.4264,3333.7825155555556,0.023379999999999998,294182.90675,31002.670021989812,88.2526539,65.81482714606742,20.002209274126702,0.29662669486889287,51,64,,False,False,Request timeout: 300.0s exceeded,326,21.16838264042747
245,2026-09-14T02:19:12.882+00:00,2026-09-14T02:24:06.449+00:00,2026-09-14T02:24:12.914+00:00,False,97,96.0,,96.0,293567.00602,300031.134532,300031.134668,3093.1044811134016,0.020829999999999998,293567.00602,29800.382857808054,87.065808,67.334672,19.449492732270382,0.31996679327878574,51,64,,False,False,Request timeout: 300.0s exceeded,531,21.16838264042747
246,2026-09-14T02:19:15.916+00:00,2026-09-14T02:24:09.713+00:00,2026-09-14T02:24:15.971+00:00,False,93,92.0,,92.0,293797.793699,300055.68502699997,300055.684944,3226.4052144516127,0.02318,293797.793699,30458.365197565035,89.00177819999999,68.02055791304349,20.149324189465013,0.30660975475842606,51,64,,False,False,Request timeout: 300.0s exceeded,535,21.16838264042747
247,2026-09-14T02:19:19.206+00:00,2026-09-14T02:24:13.405+00:00,2026-09-14T02:24:19.231+00:00,False,85,84.0,,84.0,294199.462429,300025.286429,300025.286467,3529.709252552941,0.13421,294199.462429,31902.89558047936,88.6614452,69.35504761904761,19.935165165653732,0.279976401322021,51,64,,False,False,Request timeout: 300.0s exceeded,345,21.16838264042747
248,2026-09-14T02:19:21.754+00:00,2026-09-14T02:24:15.246+00:00,2026-09-14T02:24:21.783+00:00,False,96,95.0,,95.0,293491.913099,300028.400523,300028.400426,3125.2958377708333,0.040299999999999996,293491.913099,29947.37727829604,88.78727975,68.80513077894737,20.17698069497573,0.3166366911745655,51,64,,False,False,Request timeout: 300.0s exceeded,477,21.16838264042747
249,2026-09-14T02:19:24.228+00:00,2026-09-14T02:24:18.059+00:00,2026-09-14T02:24:24.283+00:00,False,91,90.0,,90.0,293831.11786799994,300055.69617199997,300055.69609299995,3297.315341681318,0.019760000000000003,293831.11786799994,30794.626657054705,89.30609650000001,69.16198115555557,19.746612118918662,0.29994431416629264,51,64,,False,False,Request timeout: 300.0s exceeded,401,21.16838264042747
250,2026-09-14T02:19:26.710+00:00,2026-09-14T02:24:20.209+00:00,2026-09-14T02:24:26.729+00:00,False,97,96.0,,96.0,293499.35816299997,300019.23912299995,300019.239236,3092.9818477938143,0.0351,293499.35816299997,29793.455151877246,88.06113440000001,67.91542666666668,19.22922121398488,0.31997947958478273,51,64,,False,False,Request timeout: 300.0s exceeded,452,21.16838264042747
251,2026-09-14T02:19:30.280+00:00,2026-09-14T02:24:23.765+00:00,2026-09-14T02:24:30.352+00:00,False,99,98.0,,98.0,293484.76064399997,300071.171652,300071.17164499994,3031.0219358080803,0.044308999999999994,293484.76064399997,29489.580307339733,88.81879690000001,67.20827559183674,20.022911771920704,0.3265891870267799,51,64,,False,False,Request timeout: 300.0s exceeded,479,21.16838264042747
252,2026-09-14T02:19:34.392+00:00,2026-09-14T02:24:27.927+00:00,2026-09-14T02:24:34.419+00:00,False,97,96.0,,96.0,293534.938199,300027.25666300004,300027.256659,3093.0645016391754,0.04206,293534.938199,29797.097515990616,89.07190179999999,67.62831733333333,20.15867090971504,0.3199709288674068,51,64,,False,False,Request timeout: 300.0s exceeded,516,21.16838264042747
253,2026-09-14T02:19:37.409+00:00,2026-09-14T02:24:30.947+00:00,2026-09-14T02:24:37.496+00:00,False,98,97.0,,97.0,293538.256239,300086.75339100003,300086.75338,3062.109728367347,0.02452,293538.256239,29645.029022783285,89.14309235,67.51027991752576,20.396881184332226,0.3232398594869437,51,64,,False,False,Request timeout: 300.0s exceeded,401,21.16838264042747
254,2026-09-14T02:19:40.046+00:00,2026-09-14T02:24:33.617+00:00,2026-09-14T02:24:40.062+00:00,False,94,93.0,,93.0,293571.214302,300016.154846,300016.154791,3191.661221180851,0.04329,293571.214302,30272.417896053703,89.75460634999999,69.30043595698925,20.57687058524081,0.30998330755801273,51,64,,False,False,Request timeout: 300.0s exceeded,427,21.16838264042747
255,2026-09-14T02:19:43.422+00:00,2026-09-14T02:24:36.927+00:00,2026-09-14T02:24:43.507+00:00,False,94,93.0,,93.0,293505.134502,300085.386662,300085.386776,3192.3977316595747,0.04838,293505.134502,30265.451741192002,89.2006933,70.75539956989246,19.854570374750683,0.30991179222182585,51,64,,False,False,Request timeout: 300.0s exceeded,456,21.16838264042747
256,2026-09-14T02:19:46.708+00:00,2026-09-14T02:24:40.755+00:00,2026-09-14T02:24:47.617+00:00,False,67,66.0,,66.0,294046.2292,300908.724176,300908.724048,4491.1749857910445,0.026510000000000002,294046.2292,35911.76925126392,92.36270880000001,103.97719660606062,271.0820104504233,0.21933561474740407,51,64,,False,False,Request timeout: 300.0s exceeded,303,21.16838264042747
257,2026-09-14T02:19:50.297+00:00,2026-09-14T02:24:43.889+00:00,2026-09-14T02:24:50.320+00:00,False,108,107.0,,107.0,293591.823931,300022.46431500005,300022.464401,2777.985781490741,0.015359999999999999,293591.823931,28245.92302812697,91.46207784999999,60.099442841121494,216.19629250150473,0.3566399610919081,51,64,,False,False,Request timeout: 300.0s exceeded,332,21.16838264042747
258,2026-09-14T02:19:53.746+00:00,2026-09-14T02:24:48.749+00:00,2026-09-14T02:24:53.769+00:00,False,72,71.0,,71.0,295003.056942,300023.151406,300023.15145,4166.9882145833335,0.02511,295003.056942,34758.11793581638,91.41066704999999,70.70555583098592,22.205462513411536,0.23664840418905123,51,64,,False,False,Request timeout: 300.0s exceeded,296,21.16838264042747
259,2026-09-14T02:19:56.921+00:00,2026-09-14T02:24:50.719+00:00,2026-09-14T02:24:57.005+00:00,False,83,82.0,,82.0,293798.024405,300084.06216499995,300084.06213,3615.470628072289,0.04486,293798.024405,32240.180660473437,88.9836844,76.65899707317074,68.71901341224196,0.27325676481582895,51,64,,False,False,Request timeout: 300.0s exceeded,372,21.16838264042747
260,2026-09-14T02:20:00.610+00:00,2026-09-14T02:24:54.621+00:00,2026-09-14T02:25:00.678+00:00,False,95,94.0,,94.0,294011.216097,300068.031201,300068.031347,3158.6108562842105,0.0,294011.216097,30158.380412469538,85.733947,64.43420323404256,68.4812477806211,0.3132622946328937,51,64,,False,False,Request timeout: 300.0s exceeded,406,21.16838264042747
261,2026-09-14T02:20:04.984+00:00,2026-09-14T02:24:58.845+00:00,2026-09-14T02:25:04.998+00:00,False,93,92.0,,92.0,293861.247477,300013.629941,300013.630035,3225.9530111290323,0.024030000000000003,293861.247477,30465.063739875237,88.17467359999999,66.87372243478261,19.798402946197204,0.3066527344710722,51,64,,False,False,Request timeout: 300.0s exceeded,535,21.16838264042747
262,2026-09-14T02:20:07.679+00:00,2026-09-14T02:25:01.394+00:00,2026-09-14T02:25:07.754+00:00,False,96,95.0,,95.0,293715.45611699997,300074.600053,300074.60011799994,3125.7770845624996,0.02061,293715.45611699997,29970.38289696772,88.54603300000001,66.93835722105263,19.925422763069527,0.31658794174255617,51,64,,False,False,Request timeout: 300.0s exceeded,498,21.16838264042747
263,2026-09-14T02:20:10.367+00:00,2026-09-14T02:25:03.970+00:00,2026-09-14T02:25:10.452+00:00,False,96,95.0,,95.0,293603.516675,300085.070339,300085.070328,3125.88614925,0.05055,293603.516675,29958.826740465596,88.85791724999999,68.2268806736842,20.109552959332564,0.31657689565389047,51,64,,False,False,Request timeout: 300.0s exceeded,434,21.16838264042747
264,2026-09-14T02:20:13.843+00:00,2026-09-14T02:25:07.491+00:00,2026-09-14T02:25:13.896+00:00,False,90,89.0,,89.0,293647.44307499996,300052.69901099993,300052.69908899994,3333.9188787666662,0.03479,293647.44307499996,30945.57777358859,89.27271105,71.96916782022471,18.86120774107749,0.29661456235305267,51,64,,False,False,Request timeout: 300.0s exceeded,437,21.16838264042747
265,2026-09-14T02:20:17.695+00:00,2026-09-14T02:25:11.507+00:00,2026-09-14T02:25:17.770+00:00,False,91,90.0,,90.0,293812.42977999995,300075.52200399997,300075.52190399996,3297.533207736263,0.03929,293812.42977999995,30792.62337228413,89.5933005,69.58991359999999,20.698567367362298,0.29992449700312546,51,64,,False,False,Request timeout: 300.0s exceeded,351,21.16838264042747
266,2026-09-14T02:20:22.179+00:00,2026-09-14T02:25:15.805+00:00,2026-09-14T02:25:22.602+00:00,False,101,100.0,,100.0,293625.496179,300422.977907,300422.97794300003,2974.484930128713,0.02574,293625.496179,29210.07238763631,90.820318,67.97481728,20.706161417997386,0.33286401957894296,51,64,,False,False,Request timeout: 300.0s exceeded,430,21.16838264042747
267,2026-09-14T02:20:25.376+00:00,2026-09-14T02:25:19.022+00:00,2026-09-14T02:25:25.433+00:00,False,99,98.0,,98.0,293645.653028,300057.38371599995,300057.38391699997,3030.8826658282824,0.02562,293645.653028,29505.930050925315,87.4454435,65.42582334693877,20.481150050002885,0.32660419412559966,51,64,,False,False,Request timeout: 300.0s exceeded,446,21.16838264042747
268,2026-09-14T02:20:28.703+00:00,2026-09-14T02:25:22.471+00:00,2026-09-14T02:25:28.723+00:00,False,93,92.0,,92.0,293767.21891299996,300019.223777,300019.223671,3226.0131577526877,0.040549999999999996,293767.21891299996,30455.20180287839,91.67993619999999,67.95657460869566,20.792260003412775,0.30664701695376123,51,64,,False,False,Request timeout: 300.0s exceeded,410,21.16838264042747
269,2026-09-14T02:20:33.048+00:00,2026-09-14T02:25:26.810+00:00,2026-09-14T02:25:33.057+00:00,False,88,87.0,,87.0,293761.715698,300009.05957,300009.059457,3409.193857465909,0.037219999999999996,293761.715698,31307.4561459211,92.72646420000001,71.80855025287357,20.83120113114609,0.2899912426801252,51,64,,False,False,Request timeout: 300.0s exceeded,398,21.16838264042747
270,2026-09-14T02:20:36.243+00:00,2026-09-14T02:25:29.930+00:00,2026-09-14T02:25:36.299+00:00,False,91,90.0,,90.0,293687.852007,300056.100839,300056.100808,3297.3197890989013,0.02526,293687.852007,30779.441070419813,89.5252555,70.75832035555555,19.895988965192853,0.2999439096500523,51,64,,False,False,Request timeout: 300.0s exceeded,396,21.16838264042747
271,2026-09-14T02:20:40.748+00:00,2026-09-14T02:25:34.805+00:00,2026-09-14T02:25:40.763+00:00,False,89,88.0,,88.0,294056.389422,300014.42027,300014.420129,3370.9485407752804,0.038770000000000006,294056.389422,31162.744036460146,86.59196700000001,67.704896,19.124994965836112,0.2933192341914892,51,64,,False,False,Request timeout: 300.0s exceeded,470,21.16838264042747
272,2026-09-14T02:20:44.583+00:00,2026-09-14T02:25:38.269+00:00,2026-09-14T02:25:44.641+00:00,False,95,94.0,,94.0,293685.855586,300058.17200200004,300058.17191000003,3158.5070727368425,0.02462,293685.855586,30124.584548769486,89.5495864,67.79060017021276,20.2037897564587,0.3132725876880082,51,64,,False,False,Request timeout: 300.0s exceeded,316,21.16838264042747
273,2026-09-14T02:20:48.122+00:00,2026-09-14T02:25:41.651+00:00,2026-09-14T02:25:48.168+00:00,False,96,95.0,,95.0,293528.776361,300046.278057,300046.27796000004,3125.4820620833334,0.148019,293528.776361,29951.160346051085,89.04156449999999,68.60528101052631,20.666973929948,0.31661782514080306,51,64,,False,False,Request timeout: 300.0s exceeded,458,21.16838264042747
274,2026-09-14T02:20:50.676+00:00,2026-09-14T02:25:44.644+00:00,2026-09-14T02:25:50.683+00:00,False,84,83.0,,83.0,293967.654955,300006.445099,300006.445105,3571.5052988690472,0.02305,293967.654955,32066.56776707309,89.21778834999999,72.75650775903614,18.760774344095772,0.27666072298083655,51,64,,False,False,Request timeout: 300.0s exceeded,516,21.16838264042747
275,2026-09-14T02:20:53.225+00:00,2026-09-14T02:25:46.985+00:00,2026-09-14T02:25:53.258+00:00,False,98,97.0,,97.0,293759.96948900004,300032.85345700005,300032.85342100007,3061.5597287857145,0.0,293759.96948900004,29667.784194494106,90.24374585,64.66890688659794,68.67881708050581,0.3232979284846944,51,64,,False,False,Request timeout: 300.0s exceeded,462,21.16838264042747
276,2026-09-14T02:20:56.247+00:00,2026-09-14T02:25:50.043+00:00,2026-09-14T02:25:56.278+00:00,False,99,98.0,,98.0,293796.19947500003,300030.811187,300030.81139600003,3030.614256525253,0.0,293796.19947500003,29521.313349685555,90.4771509,63.618486857142855,68.30022250257657,0.32663312015284857,51,64,,False,False,Request timeout: 300.0s exceeded,283,21.16838264042747
277,2026-09-14T02:21:00.376+00:00,2026-09-14T02:25:54.107+00:00,2026-09-14T02:26:00.461+00:00,False,96,95.0,,95.0,293730.095516,300084.731804,300084.731854,3125.882623479167,0.023710000000000002,293730.095516,29971.88244361312,89.46927075000002,66.89090829473685,20.783833941149464,0.31657725279421794,51,64,,False,False,Request timeout: 300.0s exceeded,394,21.16838264042747
278,2026-09-14T02:21:04.278+00:00,2026-09-14T02:25:57.902+00:00,2026-09-14T02:26:04.343+00:00,False,93,92.0,,92.0,293623.478453,300064.993717,300064.993579,3226.5053073010754,0.05133,293623.478453,30440.08282982173,89.286124,70.01647026086957,20.518137484548138,0.30660024303524014,51,64,,False,False,Request timeout: 300.0s exceeded,310,21.16838264042747
279,2026-09-14T02:21:08.077+00:00,2026-09-14T02:26:01.684+00:00,2026-09-14T02:26:08.116+00:00,False,97,96.0,,96.0,293607.508798,300039.25587,300039.255705,3093.1882031443297,0.04324,293607.508798,29804.53040875936,90.37449480000001,66.99736533333333,20.75183091464408,0.3199581325504772,51,64,,False,False,Request timeout: 300.0s exceeded,244,21.16838264042747
280,2026-09-14T02:21:11.354+00:00,2026-09-14T02:26:05.412+00:00,2026-09-14T02:26:11.404+00:00,False,90,89.0,,89.0,294057.45303100004,300050.126311,300050.12621300004,3333.890291255556,0.033409,294057.45303100004,30989.286308158546,88.71062145,67.33340764044944,20.526183501653204,0.29661710559572324,51,64,,False,False,Request timeout: 300.0s exceeded,460,21.16838264042747
281,2026-09-14T02:21:14.382+00:00,2026-09-14T02:26:08.467+00:00,2026-09-14T02:26:14.434+00:00,False,86,85.0,,85.0,294085.28904400003,300052.47112400003,300052.47128000006,3488.982224186047,0.03676,294085.28904400003,31704.468675297387,89.80948775,70.20214211764706,20.40835869090206,0.28328378593780285,51,64,,False,False,Request timeout: 300.0s exceeded,417,21.16838264042747
282,2026-09-14T02:21:18.561+00:00,2026-09-14T02:26:12.450+00:00,2026-09-14T02:26:18.632+00:00,False,92,91.0,,91.0,293888.986468,300070.902372,300070.90230099997,3261.640242402174,0.09375,293888.986468,30632.96877590564,89.15232905,67.9331418021978,19.895479355151508,0.3032616600965417,51,64,,False,False,Request timeout: 300.0s exceeded,418,21.16838264042747
283,2026-09-14T02:21:21.368+00:00,2026-09-14T02:26:15.044+00:00,2026-09-14T02:26:21.472+00:00,False,97,96.0,,96.0,293676.08031,300103.914934,300103.914993,3093.854793742268,0.02773,293676.08031,29811.496902311912,88.965512,66.95661066666666,20.71592112472045,0.3198891957844425,51,64,,False,False,Request timeout: 300.0s exceeded,434,21.16838264042747
284,2026-09-14T02:21:24.470+00:00,2026-09-14T02:26:18.386+00:00,2026-09-14T02:26:24.516+00:00,False,89,88.0,,88.0,293916.31724299997,300046.16607499996,300046.16607599996,3371.3052368089884,0.02241,293916.31724299997,31147.690231768345,89.53490440000002,69.65737309090909,20.363431584742564,0.29328820011652273,51,64,,False,False,Request timeout: 300.0s exceeded,404,21.16838264042747
285,2026-09-14T02:21:27.312+00:00,2026-09-14T02:26:20.902+00:00,2026-09-14T02:26:27.345+00:00,False,94,93.0,,93.0,293589.652285,300032.89836500003,300032.89839600003,3191.839344638298,0.03569,293589.652285,30274.321740420302,90.30041895000001,69.28221591397849,20.920392481569973,0.30996600875035507,51,64,,False,False,Request timeout: 300.0s exceeded,406,21.16838264042747
286,2026-09-14T02:21:29.864+00:00,2026-09-14T02:26:23.483+00:00,2026-09-14T02:26:29.929+00:00,False,97,96.0,,96.0,293618.754905,300064.590169,300064.59004,3093.44938185567,0.03619,293618.754905,29805.6569741476,89.65773859999999,67.14411733333333,20.158347277761212,0.31993111864992685,51,64,,False,False,Request timeout: 300.0s exceeded,360,21.16838264042747
287,2026-09-14T02:21:34.220+00:00,2026-09-14T02:26:27.718+00:00,2026-09-14T02:26:34.230+00:00,False,98,97.0,,97.0,293497.65451200004,300009.42564800003,300009.42568700004,3061.3206702755106,0.04529,293497.65451200004,29640.96621569804,89.20437514999999,67.13166119587629,20.88944111914649,0.32332317489854384,51,64,,False,False,Request timeout: 300.0s exceeded,276,21.16838264042747
288,2026-09-14T02:21:38.364+00:00,2026-09-14T02:26:31.803+00:00,2026-09-14T02:26:38.412+00:00,False,99,98.0,,98.0,293438.933667,300047.90697899996,300047.907128,3030.7869406868685,0.03333,293438.933667,29484.95119874066,87.5642549,67.43850318367348,19.743815981697235,0.32661450961848876,51,64,,False,False,Request timeout: 300.0s exceeded,217,21.16838264042747
289,2026-09-14T02:21:42.239+00:00,2026-09-14T02:26:35.916+00:00,2026-09-14T02:26:42.329+00:00,False,96,95.0,,95.0,293676.832876,300089.493356,300089.49325299996,3125.932221385416,0.02987,293676.832876,29966.383868451412,89.1195995,67.50168926315789,20.5734557367683,0.3165722296291803,51,64,,False,False,Request timeout: 300.0s exceeded,185,21.16838264042747
290,2026-09-14T02:21:46.423+00:00,2026-09-14T02:26:40.311+00:00,2026-09-14T02:26:46.482+00:00,False,96,95.0,,95.0,293887.992062,300059.633406,300059.633528,3125.621182583333,0.0,293887.992062,29988.25601169226,90.6728515,64.9646457263158,64.60182130145384,0.3166037328035354,51,64,,False,False,Request timeout: 300.0s exceeded,432,21.16838264042747
291,2026-09-14T02:21:48.986+00:00,2026-09-14T02:26:43.029+00:00,2026-09-14T02:26:49.009+00:00,False,97,96.0,,96.0,294043.036276,300023.27000400005,300023.27012600005,3093.023403360825,0.0,294043.036276,29849.292025675248,92.93356360000001,62.29410133333334,65.03327406697969,0.31997518058755936,51,64,,False,False,Request timeout: 300.0s exceeded,430,21.16838264042747
292,2026-09-14T02:21:51.440+00:00,2026-09-14T02:26:45.267+00:00,2026-09-14T02:26:51.469+00:00,False,101,100.0,,100.0,293827.444763,300028.749595,300028.749716,2970.5816803564358,0.0,293827.444763,29230.82085076935,89.51541000000002,62.01304832,63.310241268304395,0.33330139239985185,51,64,,False,False,Request timeout: 300.0s exceeded,454,21.16838264042747
293,2026-09-14T02:21:55.232+00:00,2026-09-14T02:26:49.008+00:00,2026-09-14T02:26:55.263+00:00,False,94,93.0,,93.0,293775.517745,300030.78532900003,300030.78522300004,3191.8168640744684,0.02149,293775.517745,30293.700006328967,88.10683465,67.26094176344087,19.76640442286942,0.3099681917574573,51,64,,False,False,Request timeout: 300.0s exceeded,445,21.16838264042747
294,2026-09-14T02:21:58.750+00:00,2026-09-14T02:26:52.629+00:00,2026-09-14T02:26:58.764+00:00,False,88,87.0,,87.0,293879.00537699996,300013.80780899996,300013.80791,3409.2478171590906,0.04002,293879.00537699996,31320.096381806747,88.87703685000001,70.51497048275863,19.610665465004562,0.28998665306560645,51,64,,False,False,Request timeout: 300.0s exceeded,458,21.16838264042747
295,2026-09-14T02:22:02.537+00:00,2026-09-14T02:26:56.195+00:00,2026-09-14T02:27:02.628+00:00,False,92,91.0,,91.0,293657.315397,300090.892869,300090.892808,3261.857530521739,0.036569000000000004,293657.315397,30608.527107538925,88.51731755,70.69865353846154,19.94190902045342,0.30324145837949384,51,64,,False,False,Request timeout: 300.0s exceeded,385,21.16838264042747
296,2026-09-14T02:22:06.456+00:00,2026-09-14T02:27:00.485+00:00,2026-09-14T02:27:06.513+00:00,False,89,88.0,,88.0,294028.691994,300057.51964199997,300057.51974099997,3371.4328060786515,0.03890999999999999,294028.691994,31159.723287105582,88.28971400000002,68.5094050909091,19.852221253198095,0.2932771026868222,51,64,,False,False,Request timeout: 300.0s exceeded,337,21.16838264042747
297,2026-09-14T02:22:10.612+00:00,2026-09-14T02:27:04.676+00:00,2026-09-14T02:27:10.632+00:00,False,91,90.0,,90.0,294063.335832,300019.503768,300019.503833,3296.9176245384615,0.03607,294063.335832,30819.282745991313,88.73509750000001,66.17964373333334,20.372934959485676,0.29998049749990746,51,64,,False,False,Request timeout: 300.0s exceeded,416,21.16838264042747
298,2026-09-14T02:22:14.651+00:00,2026-09-14T02:27:08.737+00:00,2026-09-14T02:27:14.677+00:00,False,89,88.0,,88.0,294086.386736,300026.34808,300026.34787,3371.082560337079,0.054759999999999996,294086.386736,31165.94608667812,89.34688340000001,67.49956072727274,20.052462992976334,0.2933075730286707,51,64,,False,False,Request timeout: 300.0s exceeded,359,21.16838264042747
299,2026-09-14T02:22:18.744+00:00,2026-09-14T02:27:12.585+00:00,2026-09-14T02:27:18.792+00:00,False,96,95.0,,95.0,293841.300284,300047.995964,300047.995905,3125.49995734375,0.02509,293841.300284,29983.391113213584,89.81787800000001,65.3336387368421,20.703424498170527,0.31661601236422915,51,64,,False,False,Request timeout: 300.0s exceeded,487,21.16838264042747
300,2026-09-14T02:22:21.639+00:00,2026-09-14T02:27:15.774+00:00,2026-09-14T02:27:21.681+00:00,False,88,87.0,,87.0,294135.584425,300041.674665,300041.674751,3409.564485806818,0.02547,294135.584425,31347.72850579288,89.0076435,67.88609471264368,20.35933876499152,0.2899597200860064,51,64,,False,False,Request timeout: 300.0s exceeded,361,21.16838264042747
301,2026-09-14T02:22:24.623+00:00,2026-09-14T02:27:18.408+00:00,2026-09-14T02:27:24.629+00:00,False,91,90.0,,90.0,293785.46527499997,300006.38098699995,300006.381136,3296.773419076923,0.04319,293785.46527499997,30789.844766426617,87.8136145,69.12128568888889,18.99880805435931,0.29999361914872047,51,64,,False,False,Request timeout: 300.0s exceeded,282,21.16838264042747
302,2026-09-14T02:22:29.108+00:00,2026-09-14T02:27:22.644+00:00,2026-09-14T02:27:29.181+00:00,False,95,94.0,,94.0,293536.600342,300073.16763800004,300073.167567,3158.6649217578947,0.03805,293536.600342,30109.09161900976,87.99167239999998,69.53794995744681,19.60139849469258,0.3132569324338889,51,64,,False,False,Request timeout: 300.0s exceeded,404,21.16838264042747
303,2026-09-14T02:22:32.999+00:00,2026-09-14T02:27:26.638+00:00,2026-09-14T02:27:33.014+00:00,False,99,98.0,,98.0,293638.790188,300015.22718,300015.227162,3030.456840020202,0.03604,293638.790188,29505.2760057745,88.4267679,65.06568359183673,19.74066583627715,0.3266500868011042,51,64,,False,False,Request timeout: 300.0s exceeded,475,21.16838264042747
304,2026-09-14T02:22:36.125+00:00,2026-09-14T02:27:30.018+00:00,2026-09-14T02:27:36.192+00:00,False,96,95.0,,95.0,293893.179472,300066.636112,300066.636054,3125.6941255624997,0.04303,293893.179472,29988.72106561391,87.115281,64.98375410526316,19.72318601735076,0.316596344168504,51,64,,False,False,Request timeout: 300.0s exceeded,361,21.16838264042747
305,2026-09-14T02:22:38.756+00:00,2026-09-14T02:27:32.574+00:00,2026-09-14T02:27:38.800+00:00,False,95,94.0,,94.0,293818.772831,300044.34979099996,300044.349782,3158.3615766526314,0.026690000000000002,293818.772831,30138.382017223743,87.89793669999999,66.22954212765957,20.63468904627543,0.31328701928723873,51,64,,False,False,Request timeout: 300.0s exceeded,163,21.16838264042747
306,2026-09-14T02:22:42.853+00:00,2026-09-14T02:27:36.562+00:00,2026-09-14T02:27:42.910+00:00,False,94,93.0,,93.0,293709.136854,300056.712918,300056.712868,3192.0926900851064,0.0,293709.136854,30286.82276006918,90.50840565,68.25350606451613,69.18655292635941,0.3099414077278624,51,64,,False,False,Request timeout: 300.0s exceeded,457,21.16838264042747
307,2026-09-14T02:22:45.493+00:00,2026-09-14T02:27:39.317+00:00,2026-09-14T02:27:45.568+00:00,False,97,96.0,,96.0,293824.24199199997,300074.65812,300074.65810199996,3093.553176309278,0.0,293824.24199199997,29826.799120584616,89.70390699999999,65.10850133333334,68.6385796812917,0.31992038448514887,51,64,,False,False,Request timeout: 300.0s exceeded,461,21.16838264042747
308,2026-09-14T02:22:48.303+00:00,2026-09-14T02:27:42.585+00:00,2026-09-14T02:27:48.359+00:00,False,89,88.0,,88.0,294281.875326,300055.46355,300055.46353199997,3371.409702606741,0.027190000000000002,294281.875326,31186.8691025045,90.20696600000001,65.60895709090909,21.373855119650763,0.29327911233096426,51,64,,False,False,Request timeout: 300.0s exceeded,409,21.16838264042747
309,2026-09-14T02:22:52.444+00:00,2026-09-14T02:27:46.352+00:00,2026-09-14T02:27:52.524+00:00,False,89,88.0,,88.0,293907.82881800004,300079.82574600005,300079.82576300006,3371.683435539326,0.034129,293907.82881800004,31146.739158790584,88.7451084,70.13632872727274,19.521887595656803,0.29325530225576324,51,64,,False,False,Request timeout: 300.0s exceeded,450,21.16838264042747
310,2026-09-14T02:22:56.783+00:00,2026-09-14T02:27:50.354+00:00,2026-09-14T02:27:56.818+00:00,False,95,94.0,,94.0,293570.571813,300035.180837,300035.180689,3158.2650598842106,0.02002,293570.571813,30112.656644929535,89.9746928,68.77243642553191,21.222481344482084,0.3132965932120718,51,64,,False,False,Request timeout: 300.0s exceeded,394,21.16838264042747
311,2026-09-14T02:23:00.317+00:00,2026-09-14T02:27:53.892+00:00,2026-09-14T02:28:00.339+00:00,False,96,95.0,,95.0,293574.78835399996,300022.172674,300022.17258799996,3125.230964458333,0.04045,293574.78835399996,29955.931522983137,87.88744475,67.86720336842104,20.32572218126908,0.316643263907117,51,64,,False,False,Request timeout: 300.0s exceeded,406,21.16838264042747
312,2026-09-14T02:23:04.620+00:00,2026-09-14T02:27:58.040+00:00,2026-09-14T02:28:04.685+00:00,False,99,98.0,,98.0,293420.110392,300064.205112,300064.205191,3030.951567585859,0.01568,293420.110392,29483.023501018597,88.44345490000002,67.79688489795919,19.94021039777382,0.3265967693928077,51,64,,False,False,Request timeout: 300.0s exceeded,301,21.16838264042747
313,2026-09-14T02:23:08.535+00:00,2026-09-14T02:28:02.292+00:00,2026-09-14T02:28:08.576+00:00,False,92,91.0,,91.0,293756.456674,300041.08541,300041.08530100004,3261.316144576087,0.026359999999999998,293756.456674,30619.034259328895,90.38335810000001,69.06185424175824,20.42233004684248,0.3032917971072207,51,64,,False,False,Request timeout: 300.0s exceeded,437,21.16838264042747
314,2026-09-14T02:23:11.752+00:00,2026-09-14T02:28:05.594+00:00,2026-09-14T02:28:11.783+00:00,False,92,91.0,,91.0,293842.643514,300031.696186,300031.696104,3261.2140880869565,0.041280000000000004,293842.643514,30628.130108227986,91.2144492,68.01156782417581,21.53214691470315,0.3033012883531677,51,64,,False,False,Request timeout: 300.0s exceeded,354,21.16838264042747
315,2026-09-14T02:23:14.477+00:00,2026-09-14T02:28:08.063+00:00,2026-09-14T02:28:14.714+00:00,False,59,58.0,,58.0,293585.415338,300236.983722,300236.983941,5088.762439677966,0.05273,293585.415338,38208.24781778919,89.94584049999999,114.68221351724138,354.1098790089368,0.19318073103779995,51,64,,False,False,Request timeout: 300.0s exceeded,176,21.16838264042747
316,2026-09-14T02:23:17.659+00:00,2026-09-14T02:28:11.610+00:00,2026-09-14T02:28:17.715+00:00,False,102,101.0,,101.0,293951.338967,300056.54037500004,300056.540285,2941.7307871078433,0.01564,293951.338967,29100.768297403876,92.47075369999999,60.44753869306931,269.31586907756775,0.33660322775758783,51,64,,False,False,Request timeout: 300.0s exceeded,135,21.16838264042747
317,2026-09-14T02:23:21.920+00:00,2026-09-14T02:28:16.027+00:00,2026-09-14T02:28:21.958+00:00,False,86,85.0,,85.0,294107.002431,300038.251071,300038.25103,3488.8168724418606,0.020030000000000003,294107.002431,31706.8552436954,88.14291175,69.77939576470588,19.71748497672701,0.28329721192744156,51,64,,False,False,Request timeout: 300.0s exceeded,389,21.16838264042747
318,2026-09-14T02:23:25.027+00:00,2026-09-14T02:28:18.419+00:00,2026-09-14T02:28:25.049+00:00,False,95,94.0,,94.0,293392.332264,300021.559016,300021.55893,3158.1216729473686,0.032799999999999996,293392.332264,30094.188992033392,88.730514,70.52368885106384,19.751452092045245,0.31331081775689,51,64,,False,False,Request timeout: 300.0s exceeded,230,21.16838264042747
319,2026-09-14T02:23:29.335+00:00,2026-09-14T02:28:22.932+00:00,2026-09-14T02:28:29.372+00:00,False,96,95.0,,95.0,293597.01906699996,300036.875195,300036.87532299996,3125.3841179479164,0.044520000000000004,293597.01906699996,29958.20894016573,90.43592875,67.78795924210526,20.938343039080955,0.31662774763354534,51,64,,False,False,Request timeout: 300.0s exceeded,394,21.16838264042747
320,2026-09-14T02:23:32.750+00:00,2026-09-14T02:28:26.370+00:00,2026-09-14T02:28:32.767+00:00,False,95,94.0,,94.0,293619.481625,300016.62696900003,300016.62690100004,3158.0697568526316,0.07948000000000001,293619.481625,30117.747719784238,90.23207640000001,68.05473770212767,20.345192055366848,0.31331596835035674,51,64,,False,False,Request timeout: 300.0s exceeded,425,21.16838264042747
321,2026-09-14T02:23:36.806+00:00,2026-09-14T02:28:30.657+00:00,2026-09-14T02:28:36.845+00:00,False,88,87.0,,87.0,293850.843502,300039.204462,300039.204309,3409.5364126022723,0.01765,293850.843502,31317.02876093798,89.85091550000001,71.13058574712643,19.721814754778094,0.2899621073052757,51,64,,False,False,Request timeout: 300.0s exceeded,168,21.16838264042747
322,2026-09-14T02:23:39.405+00:00,2026-09-14T02:28:33.405+00:00,2026-09-14T02:28:39.461+00:00,False,92,91.0,,91.0,293999.836351,300056.235455,300056.235616,3261.4808219130437,0.0,293999.836351,30644.73633176609,89.89201415,66.55383630769231,67.37190029815744,0.30327648369649507,51,64,,False,False,Request timeout: 300.0s exceeded,458,21.16838264042747
323,2026-09-14T02:23:42.984+00:00,2026-09-14T02:28:36.796+00:00,2026-09-14T02:28:43.014+00:00,False,96,95.0,,95.0,293811.652473,300029.865337,300029.865246,3125.3110963125,0.0,293811.652473,29980.417389620598,88.29087125,65.45487225263159,65.88814670400329,0.316635145282267,51,64,,False,False,Request timeout: 300.0s exceeded,378,21.16838264042747
324,2026-09-14T02:23:47.436+00:00,2026-09-14T02:28:41.085+00:00,2026-09-14T02:28:47.474+00:00,False,96,95.0,,95.0,293648.573543,300038.25008699996,300038.250104,3125.3984385833332,0.03006,293648.573543,29963.523954019467,88.7019205,67.25975309473685,19.97393994257767,0.31662629672201303,51,64,,False,False,Request timeout: 300.0s exceeded,436,21.16838264042747
325,2026-09-14T02:23:50.203+00:00,2026-09-14T02:28:43.782+00:00,2026-09-14T02:28:50.279+00:00,False,97,96.0,,96.0,293578.750474,300075.590154,300075.590209,3093.562785659794,0.033949,293578.750474,29801.54073568962,88.19133579999999,67.67541333333332,19.45948528818856,0.3199193908132695,51,64,,False,False,Request timeout: 300.0s exceeded,302,21.16838264042747
326,2026-09-14T02:23:53.708+00:00,2026-09-14T02:28:47.725+00:00,2026-09-14T02:28:53.729+00:00,False,90,89.0,,89.0,294016.492745,300020.15789699997,300020.15788199997,3333.5573098,0.035840000000000004,294016.492745,30984.955504080317,88.39724634999999,67.45691182022472,20.229108216704148,0.29664673408562975,51,64,,False,False,Request timeout: 300.0s exceeded,366,21.16838264042747
327,2026-09-14T02:23:57.987+00:00,2026-09-14T02:28:51.650+00:00,2026-09-14T02:28:58.011+00:00,False,96,95.0,,95.0,293662.578587,300023.766171,300023.766198,3125.2475645625004,0.027249,293662.578587,29964.984647798305,90.07583975000001,66.95986930526315,21.013566456537323,0.3166415821400438,51,64,,False,False,Request timeout: 300.0s exceeded,411,21.16838264042747
328,2026-09-14T02:24:01.468+00:00,2026-09-14T02:28:55.030+00:00,2026-09-14T02:29:01.487+00:00,False,96,95.0,,95.0,293562.325731,300019.748579,300019.74838999996,3125.2057123958334,0.02859,293562.325731,29954.64936055515,90.4021845,67.97287208421054,21.176355247296158,0.3166458223165432,51,64,,False,False,Request timeout: 300.0s exceeded,499,21.16838264042747
329,2026-09-14T02:24:05.367+00:00,2026-09-14T02:28:58.822+00:00,2026-09-14T02:29:05.392+00:00,False,98,97.0,,97.0,293455.37329,300025.176042,300025.176052,3061.4813882857143,0.04059,293455.37329,29636.634965527024,91.50660775,67.72992527835052,21.217936935807337,0.32330620143164635,51,64,,False,False,Request timeout: 300.0s exceeded,364,21.16838264042747
330,2026-09-14T02:24:09.384+00:00,2026-09-14T02:29:03.208+00:00,2026-09-14T02:29:09.402+00:00,False,89,88.0,,88.0,293824.712654,300018.303438,300018.30328899994,3370.9921717865163,0.02423,293824.712654,31137.903753098395,91.186656,70.38171345454545,20.921885517971543,0.2933154377302369,51,64,,False,False,Request timeout: 300.0s exceeded,326,21.16838264042747
331,2026-09-14T02:24:13.697+00:00,2026-09-14T02:29:07.373+00:00,2026-09-14T02:29:13.713+00:00,False,96,95.0,,95.0,293676.526411,300016.254539,300016.254778,3125.169320604167,0.0386,293676.526411,29966.430549272758,88.0659215,66.73398029473684,19.984595080866463,0.3166495100272998,51,64,,False,False,Request timeout: 300.0s exceeded,406,21.16838264042747
332,2026-09-14T02:24:16.561+00:00,2026-09-14T02:29:10.463+00:00,2026-09-14T02:29:16.568+00:00,False,94,93.0,,93.0,293901.70194700005,300007.3290830001,300007.32897800003,3191.567329553192,0.038659,293901.70194700005,30306.881246245815,87.52904344999999,65.65190468817204,20.34157465250591,0.30999242679924865,51,64,,False,False,Request timeout: 300.0s exceeded,380,21.16838264042747
333,2026-09-14T02:24:20.501+00:00,2026-09-14T02:29:14.049+00:00,2026-09-14T02:29:20.562+00:00,False,100,99.0,,99.0,293548.66083600005,300061.467492,300061.46742700005,3000.6146742700007,0.03893,293548.66083600005,29348.294463580616,88.53577999999999,65.78592581818182,20.333150515047972,0.32993239960955484,51,64,,False,False,Request timeout: 300.0s exceeded,380,21.16838264042747
334,2026-09-14T02:24:23.792+00:00,2026-09-14T02:29:17.587+00:00,2026-09-14T02:29:23.830+00:00,False,90,89.0,,89.0,293795.26775700005,300037.72612500004,300037.7260990001,3333.7525122111115,0.01875,293795.26775700005,30961.3536573283,90.88293835,70.13998166292136,20.429209191268686,0.2966293644117317,51,64,,False,False,Request timeout: 300.0s exceeded,426,21.16838264042747
335,2026-09-14T02:24:27.128+00:00,2026-09-14T02:29:20.911+00:00,2026-09-14T02:29:27.180+00:00,False,87,86.0,,86.0,293782.92948500003,300051.58356500004,300051.58358200005,3448.868776804598,0.03471,293782.92948500003,31489.027305459233,90.13514230000001,72.89132651162791,19.477355638481527,0.2866173841784436,51,64,,False,False,Request timeout: 300.0s exceeded,389,21.16838264042747
336,2026-09-14T02:24:30.895+00:00,2026-09-14T02:29:24.629+00:00,2026-09-14T02:29:30.915+00:00,False,91,90.0,,90.0,293734.37236000004,300019.644168,300019.643992,3296.919164747253,0.01693,293734.37236000004,30784.41439191673,89.76989549999999,69.83635342222223,19.92083214670316,0.2999803571182269,51,64,,False,False,Request timeout: 300.0s exceeded,430,21.16838264042747
337,2026-09-14T02:24:35.270+00:00,2026-09-14T02:29:28.995+00:00,2026-09-14T02:29:35.311+00:00,False,104,103.0,,103.0,293724.95243400004,300041.124978,300041.12507,2885.0108179807694,0.0,293724.95243400004,28796.155571650328,90.57409759999999,61.32206353398058,62.637035753637456,0.34328627453170724,51,64,,False,False,Request timeout: 300.0s exceeded,521,21.16838264042747
338,2026-09-14T02:24:38.693+00:00,2026-09-14T02:29:32.389+00:00,2026-09-14T02:29:38.740+00:00,False,102,101.0,,101.0,293696.282628,300046.69312400004,300046.693332,2941.6342483529415,0.0,293696.282628,29074.107727216684,89.33918304999999,62.87535144554455,63.219363445932615,0.3366142747597615,51,64,,False,False,Request timeout: 300.0s exceeded,624,21.16838264042747
339,2026-09-14T02:24:41.353+00:00,2026-09-14T02:29:34.837+00:00,2026-09-14T02:29:41.385+00:00,False,98,97.0,,97.0,293483.60904799995,300031.15004,300031.150086,3061.542347816326,0.01695,293483.60904799995,29639.509816643244,89.3460895,67.50042259793815,20.392151959389835,0.3232997639980649,51,64,,False,False,Request timeout: 300.0s exceeded,145,21.16838264042747
340,2026-09-14T02:24:47.593+00:00,2026-09-14T02:29:40.559+00:00,2026-09-14T02:29:47.685+00:00,False,111,110.0,,110.0,292965.976546,300091.951842,300091.951673,2703.531096153153,0.018789999999999998,292965.976546,27800.95837485122,90.478399,64.78159360000001,20.182445371781746,0.3665543155183168,51,64,,False,False,Request timeout: 300.0s exceeded,437,21.16838264042747
341,2026-09-14T02:24:50.023+00:00,2026-09-14T02:29:43.640+00:00,2026-09-14T02:29:50.092+00:00,False,100,99.0,,99.0,293616.58170499996,300069.08269699995,300069.08265399997,3000.6908265399998,0.03497,293616.58170499996,29355.14828711184,90.72190885,65.1767776969697,21.500632439206246,0.3299240265281412,51,64,,False,False,Request timeout: 300.0s exceeded,448,21.16838264042747
342,2026-09-14T02:24:53.629+00:00,2026-09-14T02:29:48.788+00:00,2026-09-14T02:29:53.709+00:00,False,70,69.0,,69.0,295158.990672,300079.855696,300079.855614,4286.8550802,0.01857,295158.990672,35269.729441542426,91.94846695,71.3168844057971,21.476707172974123,0.22993879359200106,51,64,,False,False,Request timeout: 300.0s exceeded,208,21.16838264042747
343,2026-09-14T02:24:57.584+00:00,2026-09-14T02:29:51.189+00:00,2026-09-14T02:29:57.608+00:00,False,92,91.0,,91.0,293604.87591500004,300024.399243,300024.39932400006,3261.13477526087,0.04242,293604.87591500004,30603.075704925253,88.43425945000001,70.5442123956044,19.45294350242024,0.30330866499392933,51,64,,False,False,Request timeout: 300.0s exceeded,469,21.16838264042747
344,2026-09-14T02:25:00.609+00:00,2026-09-14T02:29:54.307+00:00,2026-09-14T02:30:00.649+00:00,False,93,92.0,,92.0,293697.725392,300040.034256,300040.034263,3226.2369275591395,0.02071,293697.725392,30447.893840839337,89.1092596,68.93813982608695,20.73655538155677,0.3066257482209984,51,64,,False,False,Request timeout: 300.0s exceeded,434,21.16838264042747
345,2026-09-14T02:25:04.758+00:00,2026-09-14T02:29:58.853+00:00,2026-09-14T02:30:04.830+00:00,False,85,84.0,,84.0,294094.35431699996,300071.90311699995,300071.90311799996,3530.257683741176,0.0338,294094.35431699996,31891.29848768912,88.8143742,71.16129523809524,18.9309999508027,0.27993290650490477,51,64,,False,False,Request timeout: 300.0s exceeded,314,21.16838264042747
346,2026-09-14T02:25:08.894+00:00,2026-09-14T02:30:02.536+00:00,2026-09-14T02:30:08.916+00:00,False,95,94.0,,94.0,293641.789755,300021.705019,300021.705188,3158.123212505263,0.02407,293641.789755,30120.055760168194,89.949081,67.8714389787234,21.035654679227058,0.31331066528685686,51,64,,False,False,Request timeout: 300.0s exceeded,309,21.16838264042747
347,2026-09-14T02:25:12.192+00:00,2026-09-14T02:30:06.072+00:00,2026-09-14T02:30:12.243+00:00,False,91,90.0,,90.0,293879.82794499997,300050.897641,300050.89782699995,3297.2626134835164,0.033419,293879.82794499997,30799.795830649993,89.7971455,68.56744106666666,20.74157583456185,0.29994911099276805,51,64,,False,False,Request timeout: 300.0s exceeded,289,21.16838264042747
348,2026-09-14T02:25:15.324+00:00,2026-09-14T02:30:09.131+00:00,2026-09-14T02:30:15.366+00:00,False,94,93.0,,93.0,293807.03825,300042.065962,300042.065978,3191.936872106383,0.02877,293807.03825,30296.973480486224,88.98086649999999,67.0433087311828,19.666972536142783,0.30995653793351213,51,64,,False,False,Request timeout: 300.0s exceeded,317,21.16838264042747
349,2026-09-14T02:25:18.076+00:00,2026-09-14T02:30:11.836+00:00,2026-09-14T02:30:18.115+00:00,False,95,94.0,,94.0,293760.545481,300039.24730499997,300039.24736599997,3158.307867010526,0.036109999999999996,293760.545481,30132.3491302645,86.85225870000001,66.79470025531914,19.253887996814164,0.31329234706566855,51,64,,False,False,Request timeout: 300.0s exceeded,419,21.16838264042747
350,2026-09-14T02:25:20.762+00:00,2026-09-14T02:30:14.523+00:00,2026-09-14T02:30:20.818+00:00,False,95,94.0,,94.0,293760.40255400003,300055.232122,300055.232175,3158.476128157895,0.03131,293760.40255400003,30132.317455581575,87.331996,66.966272,20.168895858385344,0.31327565706896376,51,64,,False,False,Request timeout: 300.0s exceeded,138,21.16838264042747
351,2026-09-14T02:25:24.356+00:00,2026-09-14T02:30:17.695+00:00,2026-09-14T02:30:24.452+00:00,False,99,98.0,,98.0,293338.723397,300095.673669,300095.673673,3031.269431040404,0.02539,293338.723397,29474.728349990233,89.452515,68.94847216326531,20.363818581944898,0.326562521884578,51,64,,False,False,Request timeout: 300.0s exceeded,515,21.16838264042747
352,2026-09-14T02:25:27.362+00:00,2026-09-14T02:30:21.206+00:00,2026-09-14T02:30:27.387+00:00,False,90,89.0,,89.0,293844.018812,300024.434812,300024.434905,3333.604832277778,0.04464,293844.018812,30966.566499961584,91.68715664999999,69.44287640449437,21.255862096539385,0.29664250532050424,51,64,,False,False,Request timeout: 300.0s exceeded,437,21.16838264042747
353,2026-09-14T02:25:30.301+00:00,2026-09-14T02:30:24.096+00:00,2026-09-14T02:30:30.320+00:00,False,99,98.0,,98.0,293794.960477,300018.930781,300018.930858,3030.494251090909,0.0,293794.960477,29521.191602745577,94.3384241,63.50990106122449,64.64950644950247,0.3266460544502623,51,64,,False,False,Request timeout: 300.0s exceeded,368,21.16838264042747
354,2026-09-14T02:25:33.830+00:00,2026-09-14T02:30:28.126+00:00,2026-09-14T02:30:33.839+00:00,False,101,100.0,,100.0,294295.196933,300008.844037,300008.844022,2970.3845942772277,0.0,294295.196933,29277.795090971475,90.61422900000001,57.136471039999996,28.567080611234072,0.3333235069152396,51,64,,False,False,Request timeout: 300.0s exceeded,371,21.16838264042747
355,2026-09-14T02:25:38.161+00:00,2026-09-14T02:30:31.846+00:00,2026-09-14T02:30:38.239+00:00,False,93,92.0,,92.0,293685.783504,300078.279632,300078.279619,3226.6481679462363,0.044789999999999996,293685.783504,30446.598863475203,89.16193,69.4836535652174,20.59586586843817,0.3065866683614152,51,64,,False,False,Request timeout: 300.0s exceeded,405,21.16838264042747
356,2026-09-14T02:25:41.695+00:00,2026-09-14T02:30:35.601+00:00,2026-09-14T02:30:41.732+00:00,False,93,92.0,,92.0,293906.82441,300037.855194,300037.855028,3226.213494924731,0.019629999999999998,293906.82441,30469.814848677797,90.3419996,66.64163895652175,21.204420467206816,0.3066279751283856,51,64,,False,False,Request timeout: 300.0s exceeded,570,21.16838264042747
357,2026-09-14T02:25:45.481+00:00,2026-09-14T02:30:38.973+00:00,2026-09-14T02:30:45.504+00:00,False,100,99.0,,99.0,293492.422986,300023.63348200003,300023.633389,3000.23633389,0.01838,293492.422986,29342.65200568123,87.59791835,65.9718231919192,20.20954720872126,0.32997400521762404,51,64,,False,False,Request timeout: 300.0s exceeded,472,21.16838264042747
358,2026-09-14T02:25:49.671+00:00,2026-09-14T02:30:43.150+00:00,2026-09-14T02:30:49.707+00:00,False,98,97.0,,97.0,293479.016966,300036.242694,300036.242824,3061.5943145306123,0.02708,293479.016966,29639.035758875238,89.232328,67.6002652371134,20.24203314209978,0.32329427648155173,51,64,,False,False,Request timeout: 300.0s exceeded,495,21.16838264042747
359,2026-09-14T02:25:53.435+00:00,2026-09-14T02:30:47.170+00:00,2026-09-14T02:30:53.520+00:00,False,97,96.0,,96.0,293735.32195899996,300085.208167,300085.208075,3093.6619389175253,0.02209,293735.32195899996,29817.594266903852,89.335561,66.144648,20.489916982067378,0.31990913709607166,51,64,,False,False,Request timeout: 300.0s exceeded,421,21.16838264042747
360,2026-09-14T02:25:57.089+00:00,2026-09-14T02:30:50.562+00:00,2026-09-14T02:30:57.104+00:00,False,99,98.0,,98.0,293472.98762800003,300015.79850800004,300015.798536,3030.462611474748,0.031009000000000002,293472.98762800003,29488.442242639318,89.9616699,66.76337632653062,20.68685126317581,0.3266494647527263,51,64,,False,False,Request timeout: 300.0s exceeded,513,21.16838264042747
361,2026-09-14T02:25:59.900+00:00,2026-09-14T02:30:53.441+00:00,2026-09-14T02:30:59.939+00:00,False,94,93.0,,93.0,293541.258037,300039.76427700004,300039.76407900004,3191.912383819149,0.039799999999999995,293541.258037,30269.268039820756,88.30449300000001,69.8764111827957,19.512923711537756,0.3099589156927259,51,64,,False,False,Request timeout: 300.0s exceeded,443,21.16838264042747
362,2026-09-14T02:26:02.923+00:00,2026-09-14T02:30:56.633+00:00,2026-09-14T02:31:03.003+00:00,False,95,94.0,,94.0,293710.090034,300079.880498,300079.880478,3158.7355839789475,0.06218,293710.090034,30127.073249421654,87.88068600000001,67.76372834042553,19.50188230105658,0.31324992480002833,51,64,,False,False,Request timeout: 300.0s exceeded,403,21.16838264042747
363,2026-09-14T02:26:06.975+00:00,2026-09-14T02:31:00.152+00:00,2026-09-14T02:31:07.044+00:00,False,102,101.0,,101.0,293177.54009100003,300069.49938700005,300069.49944200006,2941.857837666667,0.01998,293177.54009100003,29022.15288475962,89.57695300000002,68.23722075247525,20.657089623607497,0.3365886909743538,51,64,,False,False,Request timeout: 300.0s exceeded,482,21.16838264042747
364,2026-09-14T02:26:10.090+00:00,2026-09-14T02:31:03.806+00:00,2026-09-14T02:31:10.148+00:00,False,94,93.0,,93.0,293715.59819,300057.45931,300057.459332,3192.1006311914894,0.03547,293715.59819,30287.424417572856,89.8839538,68.19205505376344,20.788996258594945,0.30994063674957134,51,64,,False,False,Request timeout: 300.0s exceeded,383,21.16838264042747
365,2026-09-14T02:26:13.815+00:00,2026-09-14T02:31:07.351+00:00,2026-09-14T02:31:13.888+00:00,False,98,97.0,,97.0,293536.31040200003,300073.26144200005,300073.26147300005,3061.972055846939,0.02887,293536.31040200003,29644.844814302236,88.83276104999999,67.39124783505156,20.87107579163272,0.3232543930567727,51,64,,False,False,Request timeout: 300.0s exceeded,252,21.16838264042747
366,2026-09-14T02:26:18.222+00:00,2026-09-14T02:31:11.721+00:00,2026-09-14T02:31:18.262+00:00,False,102,101.0,,101.0,293499.395535,300040.440783,300040.440787,2941.572948892157,0.034210000000000004,293499.395535,29054.364884541847,88.06938260000001,64.76282423762376,20.012872823905187,0.33662128923829576,51,64,,False,False,Request timeout: 300.0s exceeded,462,21.16838264042747
367,2026-09-14T02:26:22.329+00:00,2026-09-14T02:31:15.981+00:00,2026-09-14T02:31:22.378+00:00,False,104,103.0,,103.0,293652.150997,300049.558997,300049.558912,2885.0919126153844,0.0,293652.150997,28788.949271072168,88.38779565,62.1107572815534,67.02623226088059,0.34327662518254143,51,64,,False,False,Request timeout: 300.0s exceeded,342,21.16838264042747
368,2026-09-14T02:26:25.484+00:00,2026-09-14T02:31:19.210+00:00,2026-09-14T02:31:25.525+00:00,False,98,97.0,,97.0,293726.63103399996,300040.90764199995,300040.907844,3061.64191677551,0.0,293726.63103399996,29664.373926182325,91.58431455,65.09563513402063,68.90603157844143,0.32328924999699565,51,64,,False,False,Request timeout: 300.0s exceeded,377,21.16838264042747
369,2026-09-14T02:26:27.972+00:00,2026-09-14T02:31:21.894+00:00,2026-09-14T02:31:28.013+00:00,False,90,89.0,,89.0,293921.743385,300041.296665,300041.29671599995,3333.792185733333,0.031689,293921.743385,30974.83106790605,89.8734224,68.75902561797753,20.652248953869606,0.2966258344742779,51,64,,False,False,Request timeout: 300.0s exceeded,360,21.16838264042747
370,2026-09-14T02:26:31.850+00:00,2026-09-14T02:31:25.614+00:00,2026-09-14T02:31:31.890+00:00,False,91,90.0,,90.0,293763.804583,300040.228775,300040.228954,3297.1453731208794,0.01729,293763.804583,30787.5099409111,88.438763,69.73804657777778,19.77869216600058,0.2999597766187912,51,64,,False,False,Request timeout: 300.0s exceeded,207,21.16838264042747
371,2026-09-14T02:26:35.784+00:00,2026-09-14T02:31:29.530+00:00,2026-09-14T02:31:35.860+00:00,False,91,90.0,,90.0,293745.926945,300076.024609,300076.024572,3297.53873156044,0.03125,293745.926945,30785.573043677552,87.8103895,70.33441848888889,19.30809293064113,0.2999239946519229,51,64,,False,False,Request timeout: 300.0s exceeded,366,21.16838264042747
372,2026-09-14T02:26:38.347+00:00,2026-09-14T02:31:31.811+00:00,2026-09-14T02:31:38.386+00:00,False,95,94.0,,94.0,293464.63388200005,300039.56098600005,300039.56112200004,3158.3111697052636,0.02141,293464.63388200005,30101.6661975271,87.8611183,69.94603302127659,19.67674224961513,0.3132920195293382,51,64,,False,False,Request timeout: 300.0s exceeded,439,21.16838264042747
373,2026-09-14T02:26:41.926+00:00,2026-09-14T02:31:35.205+00:00,2026-09-14T02:31:41.938+00:00,False,102,101.0,,101.0,293278.748427,300011.841035,300011.84119400004,2941.29256072549,0.03144,293278.748427,29032.32972238203,90.093712,66.66428324752475,20.625453983182474,0.33665337891852454,51,64,,False,False,Request timeout: 300.0s exceeded,439,21.16838264042747
374,2026-09-14T02:26:46.066+00:00,2026-09-14T02:31:39.871+00:00,2026-09-14T02:31:46.552+00:00,False,104,103.0,,103.0,293804.96304,300486.616288,300486.616307,2889.2943875673077,0.01775,293804.96304,28803.592917882826,89.0925205,64.87041988349515,20.277086964414647,0.3427773298937219,51,64,,False,False,Request timeout: 300.0s exceeded,444,21.16838264042747
375,2026-09-14T02:26:49.117+00:00,2026-09-14T02:31:42.670+00:00,2026-09-14T02:31:49.143+00:00,False,101,100.0,,100.0,293552.417666,300025.300354,300025.300424,2970.5475289504952,0.03492,293552.417666,29203.12389997287,90.19721000000001,64.72882688,20.857102434866828,0.333305224199459,51,64,,False,False,Request timeout: 300.0s exceeded,331,21.16838264042747
376,2026-09-14T02:26:51.696+00:00,2026-09-14T02:31:45.081+00:00,2026-09-14T02:31:51.725+00:00,False,99,98.0,,98.0,293384.17858600005,300028.8254980001,300028.82551000005,3030.5941970707077,0.01964,293384.17858600005,29479.41191806018,89.09855400000001,67.80251951020408,20.331911146064222,0.3266352819177811,51,64,,False,False,Request timeout: 300.0s exceeded,346,21.16838264042747
377,2026-09-14T02:26:54.226+00:00,2026-09-14T02:31:47.880+00:00,2026-09-14T02:31:54.246+00:00,False,95,94.0,,94.0,293654.19807,300020.18974999996,300020.189761,3158.1072606421053,0.035590000000000004,293654.19807,30121.343323094115,89.12017670000002,67.72331574468085,19.996426569186436,0.31331224768015803,51,64,,False,False,Request timeout: 300.0s exceeded,316,21.16838264042747
378,2026-09-14T02:26:57.674+00:00,2026-09-14T02:31:51.638+00:00,2026-09-14T02:31:57.752+00:00,False,94,93.0,,93.0,293963.90265899996,300077.63808299997,300077.63790299994,3192.315296840425,0.023510000000000003,293963.90265899996,30313.2880042766,89.66926630000002,65.73909058064515,20.69747409131143,0.30991979473750947,51,64,,False,False,Request timeout: 300.0s exceeded,374,21.16838264042747
379,2026-09-14T02:27:00.486+00:00,2026-09-14T02:31:54.243+00:00,2026-09-14T02:32:00.503+00:00,False,94,93.0,,93.0,293757.580997,300016.80326899997,300016.803094,3191.6681180212763,0.023510000000000003,293757.580997,30291.846770496923,90.96229414999999,67.30346529032259,21.52250008934904,0.3099826375945173,51,64,,False,False,Request timeout: 300.0s exceeded,263,21.16838264042747
380,2026-09-14T02:27:03.935+00:00,2026-09-14T02:31:57.920+00:00,2026-09-14T02:32:05.671+00:00,False,78,77.0,,77.0,293985.464171,301736.357995,301736.357869,3868.414844474359,0.03935,293985.464171,33277.26549100545,90.01488535,100.66095875324676,303.2876584746335,0.25518966461866005,51,64,,False,False,Request timeout: 300.0s exceeded,360,21.16838264042747
381,2026-09-14T02:27:08.252+00:00,2026-09-14T02:32:01.905+00:00,2026-09-14T02:32:08.284+00:00,False,108,107.0,,107.0,293653.40816600004,300032.60304600006,300032.60310000007,2778.0796583333336,0.01512,293653.40816600004,28252.27802205424,89.1169665,59.61864373831776,261.8847192397511,0.3566279094795411,51,64,,False,False,Request timeout: 300.0s exceeded,161,21.16838264042747
382,2026-09-14T02:27:11.602+00:00,2026-09-14T02:32:06.862+00:00,2026-09-14T02:32:11.655+00:00,False,73,72.0,,72.0,295260.954347,300053.63172299997,300053.63172,4110.323722191781,0.03154,295260.954347,34549.895765723624,88.094412,66.56496355555555,20.136327746200415,0.23995710229052694,51,64,,False,False,Request timeout: 300.0s exceeded,271,21.16838264042747
383,2026-09-14T02:27:15.442+00:00,2026-09-14T02:32:09.325+00:00,2026-09-14T02:32:15.454+00:00,False,94,93.0,,93.0,293882.62810000003,300011.65875600005,300011.65863200004,3191.613389702128,0.01846,293882.62810000003,30304.887500598288,87.40952250000001,65.90355544086022,19.6159505143295,0.30998795308697336,51,64,,False,False,Request timeout: 300.0s exceeded,323,21.16838264042747
384,2026-09-14T02:27:17.984+00:00,2026-09-14T02:32:11.816+00:00,2026-09-14T02:32:18.022+00:00,False,97,96.0,,96.0,293832.29013,300038.11003399995,300038.110169,3093.1763934948453,0.0,293832.29013,29827.65702733389,87.48620079999999,64.64395733333333,65.75767398867666,0.31995935446040974,51,64,,False,False,Request timeout: 300.0s exceeded,442,21.16838264042747
385,2026-09-14T02:27:22.308+00:00,2026-09-14T02:32:15.529+00:00,2026-09-14T02:32:22.315+00:00,False,103,102.0,,102.0,293220.73538599996,300006.87324199994,300006.87334999995,2912.6880907766986,0.0,293220.73538599996,28885.411572114957,87.66665499999999,66.53076329411765,63.67245679291912,0.33999221050419703,51,64,,False,False,Request timeout: 300.0s exceeded,490,21.16838264042747
386,2026-09-14T02:27:25.904+00:00,2026-09-14T02:32:19.396+00:00,2026-09-14T02:32:25.988+00:00,False,96,95.0,,95.0,293491.931766,300083.789942,300083.790111,3125.87281365625,0.03,293491.931766,29947.31962254911,89.32560925000001,69.3879808,20.06596915841939,0.3165782464236457,51,64,,False,False,Request timeout: 300.0s exceeded,582,21.16838264042747
387,2026-09-14T02:27:29.122+00:00,2026-09-14T02:32:23.089+00:00,2026-09-14T02:32:29.131+00:00,False,85,84.0,,84.0,293966.416878,300008.61412600003,300008.614263,3529.513108976471,0.03468,293966.416878,31877.338816261607,90.33804959999999,71.93091961904761,19.87444651429677,0.2799919603799143,51,64,,False,False,Request timeout: 300.0s exceeded,429,21.16838264042747
388,2026-09-14T02:27:32.881+00:00,2026-09-14T02:32:26.537+00:00,2026-09-14T02:32:32.930+00:00,False,91,90.0,,90.0,293656.06161699997,300049.418929,300049.41888099996,3297.24636132967,0.047719000000000004,293656.06161699997,30776.079641363267,90.917608,71.03730346666667,20.442176858661554,0.2999505892104277,51,64,,False,False,Request timeout: 300.0s exceeded,287,21.16838264042747
389,2026-09-14T02:27:35.681+00:00,2026-09-14T02:32:29.392+00:00,2026-09-14T02:32:35.749+00:00,False,92,91.0,,91.0,293711.37371200003,300067.78971200006,300067.78984800004,3261.606411391305,0.021920000000000002,293711.37371200003,30614.251559553853,90.13988665000001,69.85072527472528,20.06860317652582,0.30326480588716387,51,64,,False,False,Request timeout: 300.0s exceeded,437,21.16838264042747
390,2026-09-14T02:27:38.475+00:00,2026-09-14T02:32:32.671+00:00,2026-09-14T02:32:38.554+00:00,False,85,84.0,,84.0,294195.396125,300078.415133,300078.415182,3530.334296258824,0.045590000000000006,294195.396125,31902.380757496423,89.16811200000001,70.03594057142857,20.06868692680403,0.2799268316675484,51,64,,False,False,Request timeout: 300.0s exceeded,415,21.16838264042747
391,2026-09-14T02:27:41.820+00:00,2026-09-14T02:32:35.535+00:00,2026-09-14T02:32:42.443+00:00,False,103,102.0,,102.0,293715.332194,300622.671458,300622.6715,2918.666713592233,0.0332,293715.332194,28933.96614108213,88.702008,67.71901239215687,20.32392830737615,0.3392957673661363,51,64,,False,False,Request timeout: 300.0s exceeded,335,21.16838264042747
392,2026-09-14T02:27:45.875+00:00,2026-09-14T02:32:39.429+00:00,2026-09-14T02:32:45.922+00:00,False,101,100.0,,100.0,293553.93900199997,300047.061306,300047.06134099996,2970.7629835742573,0.03269,293553.93900199997,29203.25490982981,89.741271,64.93122304,20.529867758999135,0.3332810511948857,51,64,,False,False,Request timeout: 300.0s exceeded,458,21.16838264042747
393,2026-09-14T02:27:49.983+00:00,2026-09-14T02:32:43.974+00:00,2026-09-14T02:32:49.990+00:00,False,87,86.0,,86.0,293990.920929,300006.712289,300006.71216500003,3448.353013390805,0.0174,293990.920929,31511.641908165588,88.8436019,69.9510623255814,20.048360611242142,0.286660252845127,51,64,,False,False,Request timeout: 300.0s exceeded,483,21.16838264042747
394,2026-09-14T02:27:54.225+00:00,2026-09-14T02:32:47.589+00:00,2026-09-14T02:32:54.263+00:00,False,97,96.0,,96.0,293364.746618,300037.911162,300037.91119699995,3093.1743422371133,0.02314,293364.746618,29779.625471325897,88.6968722,69.51213066666668,19.491680816875427,0.3199595665367986,51,64,,False,False,Request timeout: 300.0s exceeded,459,21.16838264042747
395,2026-09-14T02:27:57.617+00:00,2026-09-14T02:32:50.988+00:00,2026-09-14T02:32:57.709+00:00,False,99,98.0,,98.0,293371.129501,300091.823005,300091.823,3031.2305353535353,0.038520000000000006,293371.129501,29478.021820799142,89.01852980000001,68.57850514285715,19.393730935196835,0.32656671221050615,51,64,,False,False,Request timeout: 300.0s exceeded,434,21.16838264042747
396,2026-09-14T02:28:00.896+00:00,2026-09-14T02:32:54.186+00:00,2026-09-14T02:33:00.932+00:00,False,98,97.0,,97.0,293290.333837,300036.156557,300036.156763,3061.5934363571428,0.01785,293290.333837,29619.778409576462,87.58261085,69.54456412371135,18.583960342513183,0.3232943692956959,51,64,,False,False,Request timeout: 300.0s exceeded,460,21.16838264042747
397,2026-09-14T02:28:05.055+00:00,2026-09-14T02:32:58.752+00:00,2026-09-14T02:33:05.108+00:00,False,95,94.0,,94.0,293696.827157,300052.699413,300052.699326,3158.449466589474,0.0507,293696.827157,30125.730188580805,90.2992107,67.61566229787233,23.064354808981726,0.3132783013913701,51,64,,False,False,Request timeout: 300.0s exceeded,424,21.16838264042747
398,2026-09-14T02:28:09.189+00:00,2026-09-14T02:33:02.916+00:00,2026-09-14T02:33:09.233+00:00,False,95,94.0,,94.0,293726.848891,300043.306107,300043.30594299996,3158.350588873684,0.02216,293726.848891,30128.851983931658,89.77341609999999,67.19635336170212,21.15112139092447,0.3132881090387605,51,64,,False,False,Request timeout: 300.0s exceeded,272,21.16838264042747
399,2026-09-14T02:28:14.703+00:00,2026-09-14T02:33:07.895+00:00,2026-09-14T02:33:14.840+00:00,False,117,116.0,,116.0,293192.604579,300136.80809899996,300136.80820599996,2565.2718650085467,0.0,293192.604579,27100.203799981377,89.7476986,59.863823448275866,62.884263259496734,0.3864904166027429,51,64,,False,False,Request timeout: 300.0s exceeded,261,21.16838264042747
400,2026-09-14T02:28:16.592+00:00,2026-09-14T02:33:10.049+00:00,2026-09-14T02:33:16.642+00:00,False,115,114.0,,114.0,293457.505972,300050.45445200003,300050.454381,2609.134385921739,0.0,293457.505972,27359.733354297914,91.9537425,57.83288140350877,63.37892794012008,0.37993610177396653,51,64,,False,False,Request timeout: 300.0s exceeded,555,21.16838264042747
401,2026-09-14T02:28:20.765+00:00,2026-09-14T02:33:16.038+00:00,2026-09-14T02:33:20.789+00:00,False,73,72.0,,72.0,295272.54250599997,300024.154154,300024.15407999995,4109.919918904109,0.039939999999999996,295272.54250599997,34551.31987647449,89.711375,65.99460622222223,21.909927496430303,0.23998067823246985,51,64,,False,False,Request timeout: 300.0s exceeded,161,21.16838264042747
402,2026-09-14T02:28:24.601+00:00,2026-09-14T02:33:18.230+00:00,2026-09-14T02:33:24.632+00:00,False,90,89.0,,89.0,293628.594699,300031.068683,300031.06871900003,3333.6785413222224,0.04907,293628.594699,30943.594706031203,89.67088695000001,71.93790993258428,19.56238399400919,0.2966359463727191,51,64,,False,False,Request timeout: 300.0s exceeded,402,21.16838264042747
403,2026-09-14T02:28:28.854+00:00,2026-09-14T02:33:22.440+00:00,2026-09-14T02:33:28.899+00:00,False,94,93.0,,93.0,293585.982503,300044.829479,300044.829504,3191.966271319149,0.03849,293585.982503,30273.925220296762,88.80454914999999,69.44996748387096,19.856379191809385,0.3099536831262377,51,64,,False,False,Request timeout: 300.0s exceeded,460,21.16838264042747
404,2026-09-14T02:28:31.799+00:00,2026-09-14T02:33:25.676+00:00,2026-09-14T02:33:31.839+00:00,False,94,93.0,,93.0,293877.110611,300040.247379,300040.247507,3191.9175266702127,0.04134,293877.110611,30304.280917980235,87.440236,66.27028782795699,20.122657933395857,0.30995841662044016,51,64,,False,False,Request timeout: 300.0s exceeded,451,21.16838264042747
405,2026-09-14T02:28:34.894+00:00,2026-09-14T02:33:28.206+00:00,2026-09-14T02:33:34.902+00:00,False,105,104.0,,104.0,293312.586655,300008.742815,300008.742646,2857.226120438095,0.04228,293312.586655,28618.10098542309,88.74215900000002,64.38611692307693,20.049312530860558,0.3466565641526369,51,64,,False,False,Request timeout: 300.0s exceeded,338,21.16838264042747
406,2026-09-14T02:28:38.102+00:00,2026-09-14T02:33:31.680+00:00,2026-09-14T02:33:38.164+00:00,False,99,98.0,,98.0,293578.593367,300062.177623,300062.177636,3030.931087232323,0.039560000000000005,293578.593367,29499.116122869877,87.0514449,66.15902302040816,19.753729477008356,0.3265989761732911,51,64,,False,False,Request timeout: 300.0s exceeded,440,21.16838264042747
407,2026-09-14T02:28:40.869+00:00,2026-09-14T02:33:34.508+00:00,2026-09-14T02:33:40.889+00:00,False,101,100.0,,100.0,293639.041512,300020.12234400003,300020.122266,2970.4962600594063,0.01652,293639.041512,29211.83496864832,88.598563,63.81080832,21.318337860398746,0.33331097667289467,51,64,,False,False,Request timeout: 300.0s exceeded,468,21.16838264042747
408,2026-09-14T02:28:43.775+00:00,2026-09-14T02:33:37.347+00:00,2026-09-14T02:33:43.806+00:00,False,102,101.0,,101.0,293572.727435,300031.724683,300031.724685,2941.487496911765,0.0577,293572.727435,29061.70709490677,89.54543065,63.950467801980196,21.204624208565907,0.33663106828690215,51,64,,False,False,Request timeout: 300.0s exceeded,512,21.16838264042747
409,2026-09-14T02:28:47.824+00:00,2026-09-14T02:33:41.554+00:00,2026-09-14T02:33:47.859+00:00,False,95,94.0,,94.0,293730.173205,300035.815957,300035.815898,3158.2717462947367,0.02043,293730.173205,30129.203922888755,87.22920999999998,67.08130587234042,19.763939345865854,0.3132959300214736,51,64,,False,False,Request timeout: 300.0s exceeded,410,21.16838264042747
410,2026-09-14T02:28:50.680+00:00,2026-09-14T02:33:44.374+00:00,2026-09-14T02:33:50.703+00:00,False,98,97.0,,97.0,293694.48181300005,300023.26926900004,300023.26920700003,3061.461930683674,0.022170000000000002,293694.48181300005,29661.03884228304,87.29597749999999,65.24523150515463,20.17918798287258,0.3233082561773903,51,64,,False,False,Request timeout: 300.0s exceeded,437,21.16838264042747
411,2026-09-14T02:28:53.512+00:00,2026-09-14T02:33:46.948+00:00,2026-09-14T02:33:53.531+00:00,False,104,103.0,,103.0,293436.17027999996,300019.63984799996,300019.63977799995,2884.804228634615,0.02122,293436.17027999996,28767.52298420354,87.18485315000002,63.917180271844664,19.82786509323118,0.34331085808976797,51,64,,False,False,Request timeout: 300.0s exceeded,422,21.16838264042747
412,2026-09-14T02:28:56.336+00:00,2026-09-14T02:33:50.280+00:00,2026-09-14T02:33:56.357+00:00,False,92,91.0,,91.0,293944.47884,300021.115512,300021.115678,3261.099083456522,0.021079999999999998,293944.47884,30638.874601387008,87.76764424999999,66.77622716483516,19.47144762546506,0.30331198470715726,51,64,,False,False,Request timeout: 300.0s exceeded,401,21.16838264042747
413,2026-09-14T02:29:00.471+00:00,2026-09-14T02:33:54.134+00:00,2026-09-14T02:34:00.528+00:00,False,95,94.0,,94.0,293662.76248699997,300057.00555899995,300057.005534,3158.4947950947367,0.030989999999999997,293662.76248699997,30122.19104337837,89.08869899999999,68.02386246808511,19.790162440048157,0.31327380550532374,51,64,,False,False,Request timeout: 300.0s exceeded,449,21.16838264042747
414,2026-09-14T02:29:03.848+00:00,2026-09-14T02:33:57.494+00:00,2026-09-14T02:34:03.899+00:00,False,96,95.0,,95.0,293646.16229500005,300051.372663,300051.37252900004,3125.5351305104173,0.02115,293646.16229500005,29963.260835766883,86.9574315,67.42326703157894,19.462633487808937,0.3166124492511434,51,64,,False,False,Request timeout: 300.0s exceeded,428,21.16838264042747
415,2026-09-14T02:29:07.204+00:00,2026-09-14T02:34:00.904+00:00,2026-09-14T02:34:07.222+00:00,False,100,99.0,,99.0,293699.67841500003,300018.40199900005,300018.40186100005,3000.1840186100003,0.0,293699.67841500003,29363.658918374862,87.73433550000001,63.825490747474745,66.09054205629245,0.3299797590426802,51,64,,False,False,Request timeout: 300.0s exceeded,489,21.16838264042747
416,2026-09-14T02:29:10.207+00:00,2026-09-14T02:34:04.149+00:00,2026-09-14T02:34:10.275+00:00,False,93,92.0,,92.0,293942.258005,300068.026197,300068.02606,3226.537914623656,0.0,293942.258005,30473.56465071505,88.289152,66.58443686956522,68.82475666532278,0.30659714454081943,51,64,,False,False,Request timeout: 300.0s exceeded,350,21.16838264042747
417,2026-09-14T02:29:14.750+00:00,2026-09-14T02:34:08.440+00:00,2026-09-14T02:34:14.757+00:00,False,88,87.0,,87.0,293690.550481,300007.010769,300007.01078199997,3409.1705770681815,0.023579999999999997,293690.550481,31299.784850129974,91.0462047,72.60299181609196,20.257980593903923,0.2899932230816714,51,64,,False,False,Request timeout: 300.0s exceeded,302,21.16838264042747
418,2026-09-14T02:29:18.660+00:00,2026-09-14T02:34:12.484+00:00,2026-09-14T02:34:18.701+00:00,False,91,90.0,,90.0,293823.514753,300040.823937,300040.823954,3297.1519115824176,0.028399999999999998,293823.514753,30793.838526076663,89.1927665,69.08121315555556,20.4061010197572,0.29995918161755686,51,64,,False,False,Request timeout: 300.0s exceeded,293,21.16838264042747
419,2026-09-14T02:29:22.371+00:00,2026-09-14T02:34:15.957+00:00,2026-09-14T02:34:22.406+00:00,False,97,96.0,,96.0,293586.40662699996,300034.871267,300034.87137999997,3093.143003917525,0.02155,293586.40662699996,29802.36956155279,88.2185506,67.17150666666667,19.914672861870333,0.31996280830493845,51,64,,False,False,Request timeout: 300.0s exceeded,376,21.16838264042747
420,2026-09-14T02:29:25.936+00:00,2026-09-14T02:34:19.591+00:00,2026-09-14T02:34:25.971+00:00,False,93,92.0,,92.0,293655.07704500004,300034.391989,300034.39205300005,3226.176258634409,0.03714,293655.07704500004,30443.429421988913,90.3688072,69.34037982608696,20.31383514409986,0.30663151444109427,51,64,,False,False,Request timeout: 300.0s exceeded,265,21.16838264042747
421,2026-09-14T02:29:28.694+00:00,2026-09-14T02:34:22.571+00:00,2026-09-14T02:34:28.731+00:00,False,87,86.0,,86.0,293876.887199,300037.61321499996,300037.613129,3448.7081968850575,0.03929,293876.887199,31499.235518182155,88.89514,71.6363490232558,20.029940306447088,0.28663072965579955,51,64,,False,False,Request timeout: 300.0s exceeded,414,21.16838264042747
422,2026-09-14T02:29:33.182+00:00,2026-09-14T02:34:26.648+00:00,2026-09-14T02:34:33.220+00:00,False,96,95.0,,95.0,293466.589518,300038.32891000004,300038.328792,3125.3992582500005,0.0211,293466.589518,29944.754560506455,88.24579624999998,69.17620412631578,19.76980566141867,0.3166262135411918,51,64,,False,False,Request timeout: 300.0s exceeded,460,21.16838264042747
423,2026-09-14T02:29:37.123+00:00,2026-09-14T02:34:30.959+00:00,2026-09-14T02:34:37.165+00:00,False,91,90.0,,90.0,293836.04056199995,300042.70731399994,300042.70717699995,3297.1726063406586,0.034659999999999996,293836.04056199995,30795.16375332575,88.450029,68.96296391111112,20.051896007425615,0.2999572987648503,51,64,,False,False,Request timeout: 300.0s exceeded,485,21.16838264042747
424,2026-09-14T02:29:41.220+00:00,2026-09-14T02:34:35.079+00:00,2026-09-14T02:34:41.242+00:00,False,88,87.0,,87.0,293859.08981800004,300021.341338,300021.34154600004,3409.3334266590914,0.01878,293859.08981800004,31317.939790443274,88.9778895,70.8304772413793,19.686775451528817,0.2899793715073988,51,64,,False,False,Request timeout: 300.0s exceeded,476,21.16838264042747
425,2026-09-14T02:29:43.950+00:00,2026-09-14T02:34:37.904+00:00,2026-09-14T02:34:44.003+00:00,False,89,88.0,,88.0,293953.914671,300053.379119,300053.379011,3371.386281022472,0.03589,293953.914671,31151.711700127984,88.4058998,69.312096,19.65543534803505,0.293281149702032,51,64,,False,False,Request timeout: 300.0s exceeded,412,21.16838264042747
426,2026-09-14T02:29:47.946+00:00,2026-09-14T02:34:41.486+00:00,2026-09-14T02:34:48.027+00:00,False,100,99.0,,99.0,293540.619407,300080.985999,300080.986007,3000.80986007,0.03517,293540.619407,29347.46208438536,86.32888845,66.06430901010101,19.744204914646048,0.32991093944329386,51,64,,False,False,Request timeout: 300.0s exceeded,368,21.16838264042747
427,2026-09-14T02:29:51.119+00:00,2026-09-14T02:34:44.990+00:00,2026-09-14T02:34:51.159+00:00,False,95,94.0,,94.0,293870.563853,300040.006669,300040.006745,3158.315860473684,0.03701,293870.563853,30143.75644379149,87.68947469999999,65.63237038297872,19.902101948517586,0.3132915541616405,51,64,,False,False,Request timeout: 300.0s exceeded,230,21.16838264042747
428,2026-09-14T02:29:54.126+00:00,2026-09-14T02:34:48.493+00:00,2026-09-14T02:34:54.147+00:00,False,85,84.0,,84.0,294367.082219,300021.39236299996,300021.39241699997,3529.6634401999995,0.02275,294367.082219,31921.298014894815,87.373168,67.313216,20.01819868210505,0.27998003521817955,51,64,,True,False,Request timeout: 300.0s exceeded,397,21.16838264042747
429,2026-09-14T02:29:58.091+00:00,2026-09-14T02:34:51.974+00:00,2026-09-14T02:34:58.115+00:00,False,90,89.0,,89.0,293883.01961400005,300023.73334200005,300023.73339700006,3333.597037744445,0.037840000000000006,293883.01961400005,30970.72375706343,88.84817145000001,68.99678346067415,20.027016509661134,0.29664319888502955,51,64,,True,False,Request timeout: 300.0s exceeded,422,21.16838264042747
430,2026-09-14T02:30:02.470+00:00,2026-09-14T02:34:56.038+00:00,2026-09-14T02:35:02.487+00:00,False,99,98.0,,98.0,293568.237362,300016.54712199996,300016.547136,3030.470173090909,0.02462,293568.237362,29498.1112013721,86.504169,65.79907918367347,19.327019745570404,0.3266486496831419,51,64,,True,False,Request timeout: 300.0s exceeded,277,21.16838264042747
431,2026-09-14T02:30:05.947+00:00,2026-09-14T02:34:59.394+00:00,2026-09-14T02:35:05.995+00:00,False,99,98.0,,98.0,293446.552232,300048.305064,300048.30494299997,3030.790959020202,0.02595,293446.552232,29485.724743261173,88.994697,67.36482481632653,20.403992879015515,0.3266140762871388,51,64,,True,False,Request timeout: 300.0s exceeded,409,21.16838264042747
432,2026-09-14T02:30:09.025+00:00,2026-09-14T02:35:02.959+00:00,2026-09-14T02:35:09.056+00:00,False,91,90.0,,90.0,293934.540996,300030.938308,300030.938383,3297.0432789340657,0.03369,293934.540996,30805.6176782898,88.719293,67.73774791111111,19.79976657953402,0.2999690648822674,51,64,,True,False,Request timeout: 300.0s exceeded,439,21.16838264042747
433,2026-09-14T02:30:12.526+00:00,2026-09-14T02:35:05.912+00:00,2026-09-14T02:35:12.592+00:00,False,102,101.0,,101.0,293385.422648,300065.42572,300065.425614,2941.817898176471,0.03915,293385.422648,29042.944178852496,88.0422336,66.13864427722773,20.75455489487777,0.3365932604786201,51,64,,True,False,Request timeout: 300.0s exceeded,439,21.16838264042747
434,2026-09-14T02:30:15.896+00:00,2026-09-14T02:35:09.227+00:00,2026-09-14T02:35:15.917+00:00,True,100,100.0,,100.0,293331.030737,300020.45947299997,300020.45941199997,3000.20459412,40.371624000000004,293331.030737,29326.352507996446,90.06045040000001,67.56998723232323,19.52334012582262,0.33331060213578334,51,64,,True,True,,484,21.16838264042747
435,2026-09-14T02:30:19.169+00:00,2026-09-14T02:35:12.501+00:00,2026-09-14T02:35:19.190+00:00,False,97,96.0,,96.0,293332.222828,300020.550508,300020.55050500005,3092.995366030928,0.02181,293332.222828,29776.308005158273,90.3179336,69.67008,20.778278771919847,0.31997808095962466,51,64,,True,False,Request timeout: 300.0s exceeded,299,21.16838264042747
436,2026-09-14T02:30:23.211+00:00,2026-09-14T02:35:16.724+00:00,2026-09-14T02:35:23.311+00:00,False,94,93.0,,93.0,293513.085749,300100.01515700005,300100.01510200003,3192.5533521489365,0.02504,293513.085749,30266.26426237129,88.91144114999999,70.82719793548387,19.572242237659736,0.30989668544783716,51,64,,True,False,Request timeout: 300.0s exceeded,455,21.16838264042747
437,2026-09-14T02:30:26.230+00:00,2026-09-14T02:35:20.400+00:00,2026-09-14T02:35:26.302+00:00,False,83,82.0,,82.0,294170.193667,300072.212227,300072.21228499996,3615.3278588554217,0.02505,294170.193667,32281.48016638026,89.54894,71.97583609756097,21.270136994112235,0.2732675558040952,51,64,,True,False,Request timeout: 300.0s exceeded,244,21.16838264042747
438,2026-09-14T02:30:29.112+00:00,2026-09-14T02:35:22.719+00:00,2026-09-14T02:35:29.139+00:00,False,95,94.0,,94.0,293607.392687,300027.40395099996,300027.40392199997,3158.1831991789472,0.02258,293607.392687,30116.48355764364,89.5314297,68.29799217021277,21.920804435522623,0.3133047140432277,51,64,,True,False,Request timeout: 300.0s exceeded,449,21.16838264042747
439,2026-09-14T02:30:32.904+00:00,2026-09-14T02:35:26.758+00:00,2026-09-14T02:35:32.938+00:00,False,91,90.0,,90.0,293853.828012,300033.238444,300033.238535,3297.0685553296703,0.0198,293853.828012,30797.06001812552,88.7436075,68.66011591111112,19.87556458914049,0.29996676523823923,51,64,,True,False,Request timeout: 300.0s exceeded,453,21.16838264042747
440,2026-09-14T02:30:36.776+00:00,2026-09-14T02:35:30.363+00:00,2026-09-14T02:35:36.855+00:00,False,95,94.0,,94.0,293586.11637199996,300078.75509199995,300078.75499299995,3158.7237367684206,0.03965,293586.11637199996,30114.219636657555,86.15592400000001,69.07062468085105,19.34291911532425,0.31325109960277236,51,64,,True,False,Request timeout: 300.0s exceeded,411,21.16838264042747
441,2026-09-14T02:30:40.384+00:00,2026-09-14T02:35:33.961+00:00,2026-09-14T02:35:40.418+00:00,False,95,94.0,,94.0,293577.032314,300034.447738,300034.44763,3158.257343473684,0.03437,293577.032314,30113.326200219406,87.48915339999999,68.69590876595744,19.535553053974535,0.3132973587155695,51,64,,True,False,Request timeout: 300.0s exceeded,586,21.16838264042747
442,2026-09-14T02:30:44.292+00:00,2026-09-14T02:35:38.051+00:00,2026-09-14T02:35:44.310+00:00,False,92,91.0,,91.0,293758.80995599995,300017.93418,300017.93413899996,3261.064501510869,0.02599,293758.80995599995,30619.308927447273,90.30142705,68.78158487912089,20.57568249766404,0.3033152009686303,51,64,,True,False,Request timeout: 300.0s exceeded,417,21.16838264042747
443,2026-09-14T02:30:47.537+00:00,2026-09-14T02:35:41.311+00:00,2026-09-14T02:35:47.575+00:00,False,92,91.0,,91.0,293774.00968699995,300038.198359,300038.19844899996,3261.2847657499997,0.06191,293774.00968699995,30620.887924366565,89.90038204999999,68.83723815384616,20.75278876839578,0.3032947154652529,51,64,,True,False,Request timeout: 300.0s exceeded,423,21.16838264042747
444,2026-09-14T02:30:50.737+00:00,2026-09-14T02:35:44.573+00:00,2026-09-14T02:35:50.776+00:00,False,92,91.0,,91.0,293836.146958,300039.11451000004,300039.114362,3261.2947213260873,0.035840000000000004,293836.146958,30627.436186862516,88.7404241,68.16447859340659,20.550843854732896,0.30329378937347534,51,64,,True,False,Request timeout: 300.0s exceeded,352,21.16838264042747
445,2026-09-14T02:30:54.281+00:00,2026-09-14T02:35:47.799+00:00,2026-09-14T02:35:54.334+00:00,False,96,95.0,,95.0,293517.571744,300053.272224,300053.272216,3125.554918916667,0.02238,293517.571744,29949.996497521457,88.55889300000001,68.79684715789473,19.56767347060995,0.31661044485820256,51,64,,True,False,Request timeout: 300.0s exceeded,368,21.16838264042747
446,2026-09-14T02:30:56.971+00:00,2026-09-14T02:35:50.860+00:00,2026-09-14T02:35:57.035+00:00,False,90,89.0,,89.0,293889.20739399997,300064.131426,300064.13148599997,3334.0459054,0.022350000000000002,293889.20739399997,30971.33503685052,87.04614090000001,69.3811688988764,19.307833120630676,0.2966032613663078,51,64,,True,False,Request timeout: 300.0s exceeded,478,21.16838264042747
447,2026-09-14T02:30:59.836+00:00,2026-09-14T02:35:53.695+00:00,2026-09-14T02:35:59.918+00:00,False,92,91.0,,91.0,293859.23883,300081.488302,300081.488293,3261.7553075326086,0.02922,293859.23883,30629.82120693658,87.87020254999999,68.37636782417582,19.966335591812346,0.3032509619800946,51,64,,True,False,Request timeout: 300.0s exceeded,267,21.16838264042747
448,2026-09-14T02:31:02.328+00:00,2026-09-14T02:35:56.140+00:00,2026-09-14T02:36:02.344+00:00,False,93,92.0,,92.0,293811.851144,300015.98324000003,300015.983246,3225.9783144731186,0.044469999999999996,293811.851144,30459.883532396867,88.46827120000002,67.4362184347826,20.230092834783417,0.30665032911397894,51,64,,True,False,Request timeout: 300.0s exceeded,442,21.16838264042747
449,2026-09-14T02:31:05.056+00:00,2026-09-14T02:35:58.920+00:00,2026-09-14T02:36:05.126+00:00,False,90,89.0,,89.0,293863.59799800004,300069.773998,300069.77382600005,3334.108598066667,0.02034,293863.59799800004,30968.599422082298,90.1958285,69.73231460674158,20.664608330650875,0.2965976839793041,51,64,,True,False,Request timeout: 300.0s exceeded,287,21.16838264042747
450,2026-09-14T02:31:07.915+00:00,2026-09-14T02:36:01.633+00:00,2026-09-14T02:36:07.955+00:00,False,92,91.0,,91.0,293718.67444800003,300039.991312,300039.991303,3261.3042532934787,0.023379999999999998,293718.67444800003,30615.05347637811,89.27020905,69.46502048351648,20.89971599839824,0.30329290306295403,51,64,,True,False,Request timeout: 300.0s exceeded,199,21.16838264042747
451,2026-09-14T02:31:11.842+00:00,2026-09-14T02:36:05.511+00:00,2026-09-14T02:36:11.864+00:00,False,93,92.0,,92.0,293669.51422799996,300022.554868,300022.55463299993,3226.0489745483865,0.059869,293669.51422799996,30444.955589044388,88.9371708,69.05478956521739,19.52041257728964,0.30664361231267084,51,64,,True,False,Request timeout: 300.0s exceeded,431,21.16838264042747
452,2026-09-14T02:31:15.978+00:00,2026-09-14T02:36:10.028+00:00,2026-09-14T02:36:16.027+00:00,False,88,87.0,,87.0,294050.089189,300049.66474100004,300049.664941,3409.655283420455,0.03786,294050.089189,31338.4991122764,86.0380012,68.96063852873564,18.693920414368193,0.2899519986969409,51,64,,True,False,Request timeout: 300.0s exceeded,129,21.16838264042747
453,2026-09-14T02:31:18.911+00:00,2026-09-14T02:36:12.911+00:00,2026-09-14T02:36:18.975+00:00,False,87,86.0,,86.0,294000.213727,300064.233183,300064.233273,3449.0141755517243,0.019440000000000002,294000.213727,31512.57748259525,87.49403030000002,70.51185413953489,19.079614099047273,0.2866053014307481,51,64,,True,False,Request timeout: 300.0s exceeded,329,21.16838264042747
454,2026-09-14T02:31:22.144+00:00,2026-09-14T02:36:16.188+00:00,2026-09-14T02:36:22.170+00:00,False,87,86.0,,86.0,294043.85558,300026.13142,300026.131587,3448.5762251379306,0.034659999999999996,294043.85558,31517.358515995376,87.597045,69.56134697674419,19.462728565602838,0.2866416988179289,51,64,,True,False,Request timeout: 300.0s exceeded,378,21.16838264042747
455,2026-09-14T02:31:24.734+00:00,2026-09-14T02:36:18.419+00:00,2026-09-14T02:36:24.755+00:00,False,96,95.0,,95.0,293685.21036900004,300020.90572900005,300020.90566100006,3125.2177673020838,0.36202,293685.21036900004,29967.32119249479,88.20361875,66.69153010526315,19.99637723721823,0.31664460104593734,51,64,,True,False,Request timeout: 300.0s exceeded,369,21.16838264042747
456,2026-09-14T02:31:27.434+00:00,2026-09-14T02:36:21.054+00:00,2026-09-14T02:36:27.501+00:00,False,96,95.0,,95.0,293620.750977,300066.956929,300066.957066,3125.6974694375,0.02218,293620.750977,29960.623857577026,89.08569949999999,67.85479949473684,20.369448192602135,0.3165960056790869,51,64,,True,False,Request timeout: 300.0s exceeded,451,21.16838264042747
457,2026-09-14T02:31:31.055+00:00,2026-09-14T02:36:24.841+00:00,2026-09-14T02:36:31.078+00:00,False,88,87.0,,87.0,293786.142452,300022.4005,300022.400656,3409.345462,0.03577,293786.142452,31310.072378270685,89.05539385,71.68112698850575,18.83349110508829,0.28997834780006704,51,64,,True,False,Request timeout: 300.0s exceeded,331,21.16838264042747
458,2026-09-14T02:31:33.882+00:00,2026-09-14T02:36:27.805+00:00,2026-09-14T02:36:33.954+00:00,False,87,86.0,,86.0,293923.028817,300072.013137,300072.013215,3449.1036001724137,0.03935,293923.028817,31504.195959584213,88.2309683,71.4998176744186,18.20277896802189,0.2865978706275953,51,64,,True,False,Request timeout: 300.0s exceeded,433,21.16838264042747
459,2026-09-14T02:31:36.866+00:00,2026-09-14T02:36:30.564+00:00,2026-09-14T02:36:36.921+00:00,False,93,92.0,,92.0,293698.052867,300054.29197099997,300054.291888,3226.3902353548388,0.02768,293698.052867,30447.912077360634,88.4207056,69.08955547826088,20.706738355579585,0.3066111782493407,51,64,,True,False,Request timeout: 300.0s exceeded,450,21.16838264042747
460,2026-09-14T02:31:40.127+00:00,2026-09-14T02:36:33.771+00:00,2026-09-14T02:36:40.187+00:00,False,95,94.0,,94.0,293643.750045,300059.729821,300059.729689,3158.5234704105264,0.02513,293643.750045,30120.21761253417,88.10952569999999,68.255104,21.170945810979422,0.31327096127186244,51,64,,True,False,Request timeout: 300.0s exceeded,438,21.16838264042747
461,2026-09-14T02:31:43.367+00:00,2026-09-14T02:36:37.163+00:00,2026-09-14T02:36:43.445+00:00,False,94,93.0,,93.0,293796.154879,300078.50009499997,300078.500013,3192.324468223404,0.027899999999999998,293796.154879,30295.79890885068,88.77951230000001,67.55209909677419,20.34020422299613,0.30991890445519327,51,64,,True,False,Request timeout: 300.0s exceeded,482,21.16838264042747
462,2026-09-14T02:31:46.104+00:00,2026-09-14T02:36:39.841+00:00,2026-09-14T02:36:46.116+00:00,False,90,89.0,,89.0,293736.855825,300011.910161,300011.91003499995,3333.4656670555555,0.02234,293736.855825,30955.157971058215,91.4040135,70.50622849438203,20.545859005939626,0.2966548893083563,51,64,,True,False,Request timeout: 300.0s exceeded,283,21.16838264042747
463,2026-09-14T02:31:48.672+00:00,2026-09-14T02:36:42.487+00:00,2026-09-14T02:36:48.679+00:00,False,89,88.0,,88.0,293815.11873299995,300006.48462099995,300006.484601,3370.859377539325,0.03714,293815.11873299995,31136.889256901417,90.3244694,70.35643054545454,20.583968020088488,0.29332699295207215,51,64,,True,False,Request timeout: 300.0s exceeded,401,21.16838264042747
464,2026-09-14T02:31:51.762+00:00,2026-09-14T02:36:45.683+00:00,2026-09-14T02:36:51.776+00:00,False,92,91.0,,91.0,293921.248002,300014.287874,300014.287717,3261.02486648913,0.02186,293921.248002,30636.43449794414,89.21248800000001,66.95648210989012,20.51095839491668,0.3033188873931837,51,64,,True,False,Request timeout: 300.0s exceeded,448,21.16838264042747
465,2026-09-14T02:31:55.966+00:00,2026-09-14T02:36:49.809+00:00,2026-09-14T02:36:56.049+00:00,False,90,89.0,,89.0,293843.205302,300083.338934,300083.338887,3334.2593209666666,0.057030000000000004,293843.205302,30966.408712793258,88.51907849999999,70.11386103370788,19.232507310486334,0.29658427660848763,51,64,,True,False,Request timeout: 300.0s exceeded,384,21.16838264042747
466,2026-09-14T02:32:00.263+00:00,2026-09-14T02:36:54.011+00:00,2026-09-14T02:37:00.339+00:00,False,89,88.0,,88.0,293747.24492900004,300075.71929700003,300075.71934700006,3371.6372960337085,0.03764,293747.24492900004,31129.528918900167,90.89662840000001,71.91448145454545,19.68058299248213,0.2932593153693384,51,64,,True,False,Request timeout: 300.0s exceeded,201,21.16838264042747
467,2026-09-14T02:32:05.551+00:00,2026-09-14T02:36:56.892+00:00,2026-09-14T02:37:05.679+00:00,False,132,131.0,,131.0,291341.25549199997,300128.162372,300128.16228199995,2273.69819910606,0.02206,291341.25549199997,25352.1712233631,88.988475,67.07562503816794,20.201852595449463,0.436480198874604,51,64,,True,False,Request timeout: 300.0s exceeded,538,21.16838264042747
468,2026-09-14T02:32:06.017+00:00,2026-09-14T02:37:00.077+00:00,2026-09-14T02:37:06.047+00:00,False,95,94.0,,94.0,294060.087695,300030.087567,300030.087709,3158.211449568421,0.02116,294060.087695,30163.419195288323,89.029966,63.510636936170215,20.408297489182196,0.31330191169246907,51,64,,True,False,Request timeout: 300.0s exceeded,308,21.16838264042747
469,2026-09-14T02:32:09.939+00:00,2026-09-14T02:37:03.454+00:00,2026-09-14T02:37:09.984+00:00,False,108,107.0,,107.0,293514.62345099996,300044.655835,300044.65567199996,2778.191256222222,0.0,293514.62345099996,28237.599373044006,89.85567800000001,61.028340037383174,28.26859086022278,0.35661358374215224,51,64,,True,False,Request timeout: 300.0s exceeded,264,21.16838264042747
470,2026-09-14T02:32:13.959+00:00,2026-09-14T02:37:07.931+00:00,2026-09-14T02:37:13.995+00:00,False,91,90.0,,90.0,293972.007099,300036.748475,300036.74838199996,3297.107125076923,0.03513,293972.007099,30809.582608295525,88.15921399999999,67.38601528888888,20.63842564016486,0.2999632560259501,51,64,,True,False,Request timeout: 300.0s exceeded,372,21.16838264042747
471,2026-09-14T02:32:18.157+00:00,2026-09-14T02:37:11.883+00:00,2026-09-14T02:37:18.197+00:00,False,99,98.0,,98.0,293726.531341,300040.125453,300040.125459,3030.708337969697,0.023809999999999998,293726.531341,29514.159149465075,88.111188,64.42442971428572,20.30591333652224,0.32662298034984416,51,64,,True,False,Request timeout: 300.0s exceeded,190,21.16838264042747
472,2026-09-14T02:32:20.950+00:00,2026-09-14T02:37:14.372+00:00,2026-09-14T02:37:21.035+00:00,False,104,103.0,,103.0,293422.005176,300085.170104,300085.170147,2885.4343283365383,0.02113,293422.005176,28766.05869036296,88.11375899999999,64.69092163106797,20.660426244445784,0.34323588854558673,51,64,,True,False,Request timeout: 300.0s exceeded,498,21.16838264042747
473,2026-09-14T02:32:24.596+00:00,2026-09-14T02:37:18.501+00:00,2026-09-14T02:37:24.641+00:00,False,93,92.0,,92.0,293905.22012,300044.838936,300044.838775,3226.2885889784948,0.03797,293905.22012,30469.638201103655,88.8051482,66.73498713043477,20.297793606541727,0.30662083815953833,51,64,,True,False,Request timeout: 300.0s exceeded,428,21.16838264042747
474,2026-09-14T02:32:28.815+00:00,2026-09-14T02:37:22.317+00:00,2026-09-14T02:37:28.878+00:00,False,98,97.0,,97.0,293502.330855,300062.56355900003,300062.563563,3061.8628935,0.04242,293502.330855,29641.38759767159,87.89644899999999,67.63126498969072,20.111769921121752,0.3232659177789345,51,64,,True,False,Request timeout: 300.0s exceeded,168,21.16838264042747
475,2026-09-14T02:32:31.640+00:00,2026-09-14T02:37:25.275+00:00,2026-09-14T02:37:31.665+00:00,False,93,92.0,,92.0,293634.892257,300025.28073700005,300025.280634,3226.0782863870973,0.07737999999999999,293634.892257,30441.32335527762,89.404519,69.4607443478261,19.508346542631156,0.306640826313055,51,64,,True,False,Request timeout: 300.0s exceeded,482,21.16838264042747
476,2026-09-14T02:32:35.250+00:00,2026-09-14T02:37:28.878+00:00,2026-09-14T02:37:35.291+00:00,False,93,92.0,,92.0,293627.55361400003,300040.784974,300040.784984,3226.244999827957,0.01964,293627.55361400003,30440.536056985773,86.1167266,69.70903652173912,18.587779516802197,0.3066249810270702,51,64,,True,False,Request timeout: 300.0s exceeded,364,21.16838264042747
477,2026-09-14T02:32:39.735+00:00,2026-09-14T02:37:33.575+00:00,2026-09-14T02:37:39.750+00:00,False,94,93.0,,93.0,293839.424447,300014.136255,300014.13614300004,3191.6397462021278,0.036770000000000004,293839.424447,30300.38078110281,87.31562549999998,66.39475062365591,19.707955437299823,0.30998539322478363,51,64,,True,False,Request timeout: 300.0s exceeded,355,21.16838264042747
478,2026-09-14T02:32:44.269+00:00,2026-09-14T02:37:37.917+00:00,2026-09-14T02:37:44.316+00:00,False,94,93.0,,93.0,293647.239397,300047.031525,300047.031381,3191.9896955425534,0.04235,293647.239397,30280.30897316383,87.87266315000001,68.81496911827958,19.99887725740051,0.309951408375294,51,64,,True,False,Request timeout: 300.0s exceeded,136,21.16838264042747
479,2026-09-14T02:32:47.656+00:00,2026-09-14T02:37:41.526+00:00,2026-09-14T02:37:47.665+00:00,False,88,87.0,,87.0,293870.113476,300009.39386,300009.39387800003,3409.1976577045457,0.020579999999999998,293870.113476,31319.142395238254,87.77215935,70.56644119540229,18.58162685906181,0.2899909195530015,51,64,,True,False,Request timeout: 300.0s exceeded,303,21.16838264042747
480,2026-09-14T02:32:51.597+00:00,2026-09-14T02:37:45.397+00:00,2026-09-14T02:37:51.618+00:00,False,93,92.0,,92.0,293800.46957,300021.111874,300021.111771,3226.033459903226,0.02259,293800.46957,30458.68410005611,85.9937444,67.6156772173913,19.280072640670138,0.306645087158524,51,64,,True,False,Request timeout: 300.0s exceeded,361,21.16838264042747
481,2026-09-14T02:32:55.902+00:00,2026-09-14T02:37:49.416+00:00,2026-09-14T02:37:55.918+00:00,False,93,92.0,,92.0,293513.991453,300016.877853,300016.877978,3225.9879352473117,0.023129999999999998,293513.991453,30428.659598742874,89.33281159999999,70.68354782608695,19.30118730709657,0.30664941472085266,51,64,,True,False,Request timeout: 300.0s exceeded,364,21.16838264042747
482,2026-09-14T02:32:58.926+00:00,2026-09-14T02:37:52.344+00:00,2026-09-14T02:37:58.964+00:00,False,94,93.0,,93.0,293418.882671,300038.84196700004,300038.841948,3191.9025739148938,0.019209,293418.882671,30256.51141445435,89.3227758,71.18235802150537,19.708800151664363,0.3099598684967217,51,64,,True,False,Request timeout: 300.0s exceeded,298,21.16838264042747
483,2026-09-14T02:33:01.829+00:00,2026-09-14T02:37:55.408+00:00,2026-09-14T02:38:01.862+00:00,False,93,92.0,,92.0,293578.286234,300032.560282,300032.560181,3226.1565610860216,0.02209,293578.286234,30435.381849190813,90.44623100000001,70.15515269565218,19.930667073079896,0.30663338643489024,51,64,,True,False,Request timeout: 300.0s exceeded,227,21.16838264042747
484,2026-09-14T02:33:05.201+00:00,2026-09-14T02:37:58.792+00:00,2026-09-14T02:38:05.253+00:00,False,94,93.0,,93.0,293590.948964,300051.855972,300051.856027,3192.0410215638294,0.023620000000000002,293590.948964,30274.435565344935,91.48717,69.4721183655914,20.431468340519878,0.30994642475625445,51,64,,True,False,Request timeout: 300.0s exceeded,365,21.16838264042747
485,2026-09-14T02:33:09.683+00:00,2026-09-14T02:38:03.262+00:00,2026-09-14T02:38:09.745+00:00,False,96,95.0,,95.0,293579.703165,300062.18534100003,300062.185422,3125.6477648125,0.02162,293579.703165,29956.39524402776,88.860872,68.23665448421052,20.044471282225047,0.31660104018784985,51,64,,True,False,Request timeout: 300.0s exceeded,499,21.16838264042747
486,2026-09-14T02:33:13.065+00:00,2026-09-14T02:38:06.475+00:00,2026-09-14T02:38:13.094+00:00,False,108,107.0,,107.0,293410.352961,300028.685121,300028.685072,2778.043380296296,0.015130000000000001,293410.352961,28228.9744949581,88.41692135,61.853571588785044,292.5686769019066,0.3566325665055909,51,64,,True,False,Request timeout: 300.0s exceeded,353,21.16838264042747
487,2026-09-14T02:33:16.715+00:00,2026-09-14T02:38:12.790+00:00,2026-09-14T02:38:16.522+00:00,True,100,100.0,,100.0,296074.343305,299806.782089,299806.782288,2998.0678228799998,0.015099999999999999,296074.343305,29603.6878716233,89.042,37.701401858585854,37.63544009942932,0.33354815826119044,51,64,,True,True,,418,21.16838264042747
488,2026-09-14T02:33:19.660+00:00,2026-09-14T02:38:14.042+00:00,2026-09-14T02:38:19.681+00:00,False,87,86.0,,86.0,294382.56854500005,300021.311073,300021.31104400003,3448.5208165977015,0.03649,294382.56854500005,31554.10074267318,85.47161769999998,65.56677358139535,19.672503750048477,0.2866463041989535,51,64,,True,False,Request timeout: 300.0s exceeded,422,21.16838264042747
489,2026-09-14T02:33:22.897+00:00,2026-09-14T02:38:16.434+00:00,2026-09-14T02:38:22.974+00:00,False,97,96.0,,96.0,293536.90678799996,300077.257252,300077.25732399995,3093.579972412371,0.02743,293536.90678799996,29797.246085669794,88.55160099999999,68.12865066666667,19.383472585067313,0.3199176134810535,51,64,,True,False,Request timeout: 300.0s exceeded,453,21.16838264042747
490,2026-09-14T02:33:26.859+00:00,2026-09-14T02:38:20.852+00:00,2026-09-14T02:38:26.902+00:00,False,91,90.0,,90.0,293992.21417500003,300042.87529500003,300042.875155,3297.1744522527474,0.02486,293992.21417500003,30811.717030376523,88.44485800000001,67.229568,20.250155469298996,0.29995713083176073,51,64,,True,False,Request timeout: 300.0s exceeded,330,21.16838264042747
491,2026-09-14T02:33:29.719+00:00,2026-09-14T02:38:23.354+00:00,2026-09-14T02:38:29.773+00:00,False,98,97.0,,97.0,293635.02581699996,300053.92552899994,300053.92536999995,3061.774748673469,0.02416,293635.02581699996,29654.9390684234,88.0105875,66.17422383505155,20.223088355007633,0.3232752240417699,51,64,,True,False,Request timeout: 300.0s exceeded,325,21.16838264042747
492,2026-09-14T02:33:33.804+00:00,2026-09-14T02:38:27.332+00:00,2026-09-14T02:38:33.858+00:00,False,99,98.0,,98.0,293527.862142,300054.176894,300054.176847,3030.8502711818182,0.04106,293527.862142,29493.974192424408,88.74463610000001,66.59504848979591,20.596359309595567,0.32660768470028806,51,64,,True,False,Request timeout: 300.0s exceeded,373,21.16838264042747
493,2026-09-14T02:33:38.071+00:00,2026-09-14T02:38:31.512+00:00,2026-09-14T02:38:38.154+00:00,False,96,95.0,,95.0,293440.730364,300083.200252,300083.200414,3125.866670979167,0.03534,293440.730364,29942.039297066785,89.55337750000001,69.9207356631579,19.71394929817756,0.3165788685278687,51,64,,True,False,Request timeout: 300.0s exceeded,400,21.16838264042747
494,2026-09-14T02:33:40.892+00:00,2026-09-14T02:38:34.766+00:00,2026-09-14T02:38:40.949+00:00,False,89,88.0,,88.0,293873.43714999995,300056.05474999995,300056.05476999993,3371.4163457303366,0.0219,293873.43714999995,31143.08059894115,87.60015680000001,70.25701818181818,19.1010564978955,0.29327853448356395,51,64,,True,False,Request timeout: 300.0s exceeded,439,21.16838264042747
495,2026-09-14T02:33:43.895+00:00,2026-09-14T02:38:37.723+00:00,2026-09-14T02:38:43.935+00:00,False,93,92.0,,92.0,293827.815464,300039.17316,300039.172924,3226.227665849462,0.01984,293827.815464,30461.531260242333,87.4032512,67.5147575652174,20.902703207571108,0.3066266282201082,51,64,,True,False,Request timeout: 300.0s exceeded,227,21.16838264042747
496,2026-09-14T02:33:46.817+00:00,2026-09-14T02:38:40.485+00:00,2026-09-14T02:38:46.846+00:00,False,101,100.0,,100.0,293667.430321,300028.508849,300028.508776,2970.579294811881,0.019280000000000002,293667.430321,29214.67872531556,86.847646,63.61078528,19.978229646710435,0.33330165984436017,51,64,,True,False,Request timeout: 300.0s exceeded,398,21.16838264042747
497,2026-09-14T02:33:50.735+00:00,2026-09-14T02:38:44.614+00:00,2026-09-14T02:38:50.837+00:00,False,96,95.0,,95.0,293878.991955,300102.260051,300102.26026899996,3126.0652111354166,0.018919000000000002,293878.991955,29987.219650283347,87.06177425000001,65.50808522105264,19.885971767557542,0.31655876228274826,51,64,,True,False,Request timeout: 300.0s exceeded,488,21.16838264042747
498,2026-09-14T02:33:55.201+00:00,2026-09-14T02:38:49.068+00:00,2026-09-14T02:38:55.241+00:00,False,92,91.0,,91.0,293867.53468599997,300040.09507,300040.09502799995,3261.30538073913,0.02123,293867.53468599997,30630.743228921598,88.62492055000001,67.8303338901099,20.261018759568096,0.30329279818008825,51,64,,True,False,Request timeout: 300.0s exceeded,436,21.16838264042747
499,2026-09-14T02:33:59.685+00:00,2026-09-14T02:38:53.564+00:00,2026-09-14T02:38:59.761+00:00,False,93,92.0,,92.0,293878.72362,300075.803428,300075.803511,3226.6215431290325,0.02293,293878.72362,30466.825530787602,88.49695360000001,67.35956313043478,19.765680274814944,0.30658919829260545,51,64,,True,False,Request timeout: 300.0s exceeded,372,21.16838264042747
500,2026-09-14T02:34:02.667+00:00,2026-09-14T02:38:56.248+00:00,2026-09-14T02:39:02.689+00:00,False,95,94.0,,94.0,293581.313317,300021.944357,300021.944174,3158.125728147368,0.0207,293581.313317,30113.783728133065,88.68422699999999,68.5173514893617,19.51478970645779,0.31331041534797927,51,64,,True,False,Request timeout: 300.0s exceeded,426,21.16838264042747
501,2026-09-14T02:34:06.337+00:00,2026-09-14T02:38:59.843+00:00,2026-09-14T02:39:06.346+00:00,False,97,96.0,,96.0,293505.570326,300008.93263,300008.93256,3092.875593402062,0.0402,293505.570326,29794.104051565173,88.7401006,67.74335733333332,20.26453780056654,0.31999047214502935,51,64,,True,False,Request timeout: 300.0s exceeded,528,21.16838264042747
502,2026-09-14T02:34:10.869+00:00,2026-09-14T02:39:04.462+00:00,2026-09-14T02:39:10.921+00:00,False,99,98.0,,98.0,293592.66298,300052.205252,300052.20541700005,3030.830357747475,0.023710000000000002,293592.66298,29500.555288598673,90.460257,65.91369665306122,20.436993138275387,0.32660983083825135,51,64,,True,False,Request timeout: 300.0s exceeded,457,21.16838264042747
503,2026-09-14T02:34:15.141+00:00,2026-09-14T02:39:08.716+00:00,2026-09-14T02:39:15.174+00:00,False,97,96.0,,96.0,293574.945955,300032.582819,300032.582727,3093.119409556701,0.03588,293574.945955,29801.196175517274,87.98717199999999,67.26705066666668,19.868426163693222,0.31996524876737703,51,64,,True,False,Request timeout: 300.0s exceeded,220,21.16838264042747
504,2026-09-14T02:34:18.161+00:00,2026-09-14T02:39:11.783+00:00,2026-09-14T02:39:18.194+00:00,False,95,94.0,,94.0,293622.053725,300032.907357,300032.907366,3158.241130168421,0.0329,293622.053725,30117.996122483237,87.5348488,68.20057055319148,19.54087245155861,0.31329896719679573,51,64,,True,False,Request timeout: 300.0s exceeded,476,21.16838264042747
505,2026-09-14T02:34:21.922+00:00,2026-09-14T02:39:15.702+00:00,2026-09-14T02:39:21.929+00:00,False,91,90.0,,90.0,293780.19784100004,300007.48360100004,300007.48353900004,3296.785533395605,0.0223,293780.19784100004,30789.285694436465,87.62671,69.192064,19.83951430874877,0.2999925165856762,51,64,,True,False,Request timeout: 300.0s exceeded,317,21.16838264042747
506,2026-09-14T02:34:25.235+00:00,2026-09-14T02:39:18.651+00:00,2026-09-14T02:39:25.291+00:00,False,98,97.0,,97.0,293415.749209,300055.507545,300055.50768599997,3061.790894755102,0.03525,293415.749209,29632.558115311505,87.40044950000001,68.45111686597939,19.198227492440875,0.32327351960187795,51,64,,True,False,Request timeout: 300.0s exceeded,391,21.16838264042747
507,2026-09-14T02:34:29.609+00:00,2026-09-14T02:39:23.270+00:00,2026-09-14T02:39:29.669+00:00,False,96,95.0,,95.0,293660.97249,300060.395722,300060.395824,3125.629123166667,0.028030000000000003,293660.97249,29964.77889935895,87.78638175,67.36234981052631,19.905169630526625,0.31660292845849475,51,64,,True,False,Request timeout: 300.0s exceeded,452,21.16838264042747
508,2026-09-14T02:34:33.181+00:00,2026-09-14T02:39:26.667+00:00,2026-09-14T02:39:33.197+00:00,False,99,98.0,,98.0,293486.392376,300016.543544,300016.543384,3030.4701351919193,0.022019999999999998,293486.392376,29489.802267318195,88.03189689999999,66.63419559183673,20.416941864150875,0.3266486535787566,51,64,,True,False,Request timeout: 300.0s exceeded,449,21.16838264042747
509,2026-09-14T02:34:37.058+00:00,2026-09-14T02:39:30.650+00:00,2026-09-14T02:39:37.071+00:00,False,119,118.0,,118.0,293591.785072,300012.883568,300012.883491,2521.116667991597,0.04132,293591.785072,26908.53470638104,87.77207480000001,54.416088949152545,21.10892470913457,0.39331644226956836,51,64,,True,False,Request timeout: 300.0s exceeded,564,21.16838264042747
510,2026-09-14T02:34:39.614+00:00,2026-09-14T02:39:33.326+00:00,2026-09-14T02:39:40.013+00:00,False,145,144.0,,144.0,293712.61918599997,300399.62564999994,300399.625724,2071.721556717241,0.019109,293712.61918599997,24387.690759804915,102.2438978,46.43754488888889,45.30460971162793,0.4793614495637772,51,64,,True,False,Request timeout: 300.0s exceeded,707,21.16838264042747
0,2026-09-14T02:04:40.944+00:00,2026-09-14T02:04:41.210+00:00,2026-09-14T02:04:46.546+00:00,True,113,113.0,,113.0,266.422278,5602.513158,5602.513233,49.579763123893805,0.02734,266.422278,27.06193590459764,84.961025,47.64366857142858,17.650894109289528,20.169519787498196,52,64,,False,True,,542,21.16838264042747
1,2026-09-14T02:04:43.688+00:00,2026-09-14T02:04:43.801+00:00,2026-09-14T02:05:00.383+00:00,True,263,263.0,,263.0,112.802042,16694.867449999998,16694.867458,63.478583490494294,0.02709,129.578557,21.47668014976456,95.254929,63.290325984732824,21.299256895343653,15.753344600528711,52,64,,False,True,,1352,21.16838264042747
2,2026-09-14T02:04:46.083+00:00,2026-09-14T02:04:46.297+00:00,2026-09-14T02:04:52.363+00:00,True,105,105.0,,105.0,214.142029,6280.043341,6280.043176,59.80993500952381,40.095715,214.142029,24.41547364842606,93.003426,58.325974153846154,19.194594169715778,16.719629833522834,52,64,,False,True,,541,21.16838264042747
3,2026-09-14T02:04:49.670+00:00,2026-09-14T02:04:54.232+00:00,2026-09-14T02:05:04.366+00:00,True,154,154.0,,154.0,4562.427915,14696.039435,14696.03939,95.42882720779221,38.760281000000006,4562.427915,362.9739501630068,96.27834835000002,66.23275503267973,21.954487651610663,10.479013796957737,52,64,,False,True,,776,21.16838264042747
4,2026-09-14T02:04:53.320+00:00,2026-09-14T02:04:59.702+00:00,2026-09-14T02:05:18.929+00:00,True,291,291.0,,291.0,6382.81239,25609.82679,25609.826881,88.00627794158076,15.160378000000001,6382.81239,370.9274455617247,94.0228415,66.30004965517242,21.93562718516431,11.36282577723752,52,64,,False,True,,1373,21.16838264042747
5,2026-09-14T02:04:56.168+00:00,2026-09-14T02:05:04.624+00:00,2026-09-14T02:05:15.828+00:00,True,171,171.0,,171.0,8455.824869999999,19659.890661999998,19659.89083,114.97012181286549,13.479471,8455.824869999999,641.9846600288324,95.4768535,65.90626936470588,22.484606081099017,8.697912055559936,52,64,,False,True,,757,21.16838264042747
6,2026-09-14T02:05:00.204+00:00,2026-09-14T02:05:12.063+00:00,2026-09-14T02:05:20.151+00:00,True,120,120.0,,120.0,11858.55186,19946.432564,19946.432416,166.22027013333334,21.307125,11858.55186,1076.554988966622,96.133383,67.96538406722689,22.18182599399272,6.0161133884452145,52,64,,False,True,,528,21.16838264042747
7,2026-09-14T02:05:02.718+00:00,2026-09-14T02:05:16.223+00:00,2026-09-14T02:05:35.498+00:00,True,287,287.0,,287.0,13505.380649,32780.249129,32780.249001000004,114.2168954738676,37.300501,13505.380649,793.5238348463339,95.1274853,67.39464503496504,22.023169777150937,8.755272080775526,52,64,,False,True,,1422,21.16838264042747
8,2026-09-14T02:05:06.353+00:00,2026-09-14T02:05:23.406+00:00,2026-09-14T02:05:35.545+00:00,True,182,182.0,,182.0,17052.441934,29191.424077999996,29191.423993999997,160.39243952747253,39.524877000000004,17052.441934,1259.2327404146413,95.80191144999999,67.06619969060773,22.10285490628299,6.234707820820691,52,64,,False,True,,1080,21.16838264042747
9,2026-09-14T02:05:10.334+00:00,2026-09-14T02:05:29.785+00:00,2026-09-14T02:05:46.477+00:00,True,254,254.0,,254.0,19451.098609,36142.690545000005,36142.690575,142.29405738188976,0.01816,19451.098609,1216.6170062386327,96.67934484999999,65.97467168379447,26.437750050483857,7.0277003778607305,52,64,,False,True,,1133,21.16838264042747
10,2026-09-14T02:05:14.245+00:00,2026-09-14T02:05:36.446+00:00,2026-09-14T02:05:45.329+00:00,True,138,138.0,,138.0,22201.455834,31084.201178000003,31084.201245,225.24783510869565,0.018269999999999998,22201.455834,1884.630939196976,97.78583635,64.83755725547445,29.9877278245093,4.439554332111007,52,64,,False,True,,634,21.16838264042747
11,2026-09-14T02:05:18.050+00:00,2026-09-14T02:05:43.969+00:00,2026-09-14T02:05:51.039+00:00,True,109,109.0,,109.0,25919.09662,32989.657644,32989.657581,302.65740900000003,41.197023,25919.09662,2476.4222088769848,96.04212799999999,65.46815762962963,21.644835886080312,3.3040658128752787,52,64,,False,True,,543,21.16838264042747
12,2026-09-14T02:05:21.346+00:00,2026-09-14T02:05:48.908+00:00,2026-09-14T02:06:02.406+00:00,True,205,205.0,,205.0,27561.885899999997,41060.443852,41060.443784999996,200.2948477317073,37.965029,27561.885899999997,1920.5075077918557,96.2599468,66.1694017254902,21.821424296554873,4.992639649461917,52,64,,False,True,,1011,21.16838264042747
13,2026-09-14T02:05:24.161+00:00,2026-09-14T02:05:54.881+00:00,2026-09-14T02:06:03.099+00:00,True,125,125.0,,125.0,30720.225103999997,38937.736527999994,38937.736718,311.501893744,40.116706,30720.225103999997,2741.8599213790953,97.50009299999999,66.27025341935484,21.911594705070666,3.2102533723323368,52,64,,False,True,,643,21.16838264042747
14,2026-09-14T02:05:26.525+00:00,2026-09-14T02:05:58.651+00:00,2026-09-14T02:06:14.696+00:00,True,241,241.0,,241.0,32125.821253,48171.282757,48171.282761999995,199.88084133609956,33.34566,32125.821253,2065.215399025145,95.12825,66.8560896,21.926387823219027,5.002980743023272,52,64,,False,True,,967,21.16838264042747
15,2026-09-14T02:05:28.944+00:00,2026-09-14T02:06:02.589+00:00,2026-09-14T02:06:19.055+00:00,True,248,248.0,,248.0,33645.220412,50111.15014,50111.150076000005,202.06108901612905,38.291739,33645.220412,2132.3519412153432,95.1465005,66.66368310931175,21.846038156863212,4.94899836278234,52,64,,False,True,,937,21.16838264042747
16,2026-09-14T02:05:32.673+00:00,2026-09-14T02:06:08.766+00:00,2026-09-14T02:06:16.328+00:00,True,116,116.0,,116.0,36093.270724,43654.38714,43654.387180000005,376.33092396551723,38.675598,36093.270724,3345.1465472940445,94.991787,65.7488384,22.515759503469834,2.6572357923153747,52,64,,False,True,,467,21.16838264042747
17,2026-09-14T02:05:35.578+00:00,2026-09-14T02:06:13.595+00:00,2026-09-14T02:06:22.170+00:00,True,128,128.0,,128.0,38016.53585,46592.002858,46592.002801,364.0000218828125,36.164984,38016.53585,3354.3199854485515,95.046661,67.52336226771654,21.674618466078833,2.7472525787335194,52,64,,False,True,,487,21.16838264042747
18,2026-09-14T02:05:39.704+00:00,2026-09-14T02:06:21.764+00:00,2026-09-14T02:06:30.169+00:00,True,130,130.0,,130.0,42060.178961000005,50464.779025,50464.778961,388.19060739230775,3.2593829999999997,42060.178961000005,3683.283990843887,93.78449255,65.15193848062016,23.82660681057531,2.5760540819092586,52,64,,False,True,,216,21.16838264042747
19,2026-09-14T02:05:42.665+00:00,2026-09-14T02:06:26.319+00:00,2026-09-14T02:06:38.157+00:00,True,177,177.0,,177.0,43653.412654,55491.485998000004,55491.486119,313.5112210112994,0.0185,43653.412654,3276.30318548082,94.2577658,67.26178036363636,33.22033512499489,3.1896785032280333,52,64,,False,True,,1022,21.16838264042747
20,2026-09-14T02:05:45.585+00:00,2026-09-14T02:06:32.647+00:00,2026-09-14T02:06:43.277+00:00,True,159,159.0,,159.0,47062.017092,57691.472708,57691.472762000005,362.83945133333333,0.01681,47062.017092,3727.0771789695723,94.245795,67.2750355443038,33.73478518183146,2.756039888334341,52,64,,False,True,,715,21.16838264042747
21,2026-09-14T02:05:48.758+00:00,2026-09-14T02:06:37.576+00:00,2026-09-14T02:06:49.720+00:00,True,184,184.0,,184.0,48818.324261,60961.903141,60961.903086,331.3146906847826,8.026313,48818.324261,3594.11487858697,94.53003785000001,66.35835453551913,22.854605072945983,3.0182784742533832,52,64,,False,True,,882,21.16838264042747
22,2026-09-14T02:05:51.988+00:00,2026-09-14T02:06:42.946+00:00,2026-09-14T02:06:58.834+00:00,True,240,240.0,,240.0,50958.56253,66845.827298,66845.827234,278.5242801416667,8.722262,50958.56253,3285.1491990429467,96.31218955,66.47391116317992,22.83105887747289,3.590351256033908,52,64,,False,True,,1228,21.16838264042747
23,2026-09-14T02:05:54.912+00:00,2026-09-14T02:06:47.929+00:00,2026-09-14T02:07:01.142+00:00,True,197,197.0,,197.0,53016.369677,66230.201101,66230.201134,336.1939143857868,40.112736,53016.369677,3772.5187884168236,95.74480520000002,67.41750726530611,21.709387340329666,2.9744738310484387,52,64,,False,True,,1017,21.16838264042747
24,2026-09-14T02:05:57.875+00:00,2026-09-14T02:06:53.873+00:00,2026-09-14T02:07:05.848+00:00,True,178,178.0,,178.0,55997.950902000004,67973.27455,67973.27446500001,381.8723284550562,39.305786999999995,55997.950902000004,4192.208284746418,95.11902715000001,67.65719575141243,21.639368327285798,2.618676254430941,52,64,,False,True,,815,21.16838264042747
25,2026-09-14T02:06:00.317+00:00,2026-09-14T02:06:58.011+00:00,2026-09-14T02:07:08.907+00:00,True,163,163.0,,163.0,57694.345253,68589.914149,68589.914344,420.7970205153374,0.0,57694.345253,4513.780993580197,97.3762711,67.2565981234568,26.79731658082361,2.3764426887298624,52,64,,False,True,,487,21.16838264042747
26,2026-09-14T02:06:04.082+00:00,2026-09-14T02:07:04.067+00:00,2026-09-14T02:07:12.678+00:00,True,130,130.0,,130.0,59984.854574000005,68595.53566200001,68595.53565800001,527.6579666,0.0,59984.854574000005,5255.244669876791,97.38697365,66.74946579844962,28.966278266555424,1.8951670651070713,52,64,,False,True,,707,21.16838264042747
27,2026-09-14T02:06:06.557+00:00,2026-09-14T02:07:08.715+00:00,2026-09-14T02:07:23.097+00:00,True,211,211.0,,211.0,62157.459779,76539.441731,76539.441681,362.7461691042654,40.424175000000005,62157.459779,4274.443570582087,96.97338599999999,68.48562834285714,23.13575584456179,2.756748615198493,52,64,,False,True,,849,21.16838264042747
28,2026-09-14T02:06:09.774+00:00,2026-09-14T02:07:14.162+00:00,2026-09-14T02:07:29.329+00:00,True,229,229.0,,229.0,64387.39068,79554.53999199999,79554.540173,347.3997387467249,0.01858,64387.39068,4250.612558742961,95.2089054,66.52258470175438,38.094147258307295,2.878528365861059,52,64,,False,True,,999,21.16838264042747
29,2026-09-14T02:06:13.951+00:00,2026-09-14T02:07:21.710+00:00,2026-09-14T02:07:37.710+00:00,True,244,244.0,,244.0,67758.47273899999,83758.505763,83758.50572799999,343.27256445901634,0.01661,67758.47273899999,4333.740523633652,94.62091964999999,65.84375730041153,37.781994728441624,2.9131369736992863,52,64,,False,True,,894,21.16838264042747
30,2026-09-14T02:06:17.872+00:00,2026-09-14T02:07:29.415+00:00,2026-09-14T02:07:40.289+00:00,True,166,166.0,,166.0,71543.20149400001,82416.569046,82416.56904300001,496.48535568072293,0.0431,71543.20149400001,5547.771183712691,92.93136425,65.89919728484848,25.13816639912858,2.014158098565699,52,64,,False,True,,676,21.16838264042747
31,2026-09-14T02:06:22.158+00:00,2026-09-14T02:07:36.713+00:00,2026-09-14T02:07:43.996+00:00,True,115,115.0,,115.0,74554.955913,81838.011017,81838.011009,711.6348783391304,36.014854,74554.955913,6946.359748000176,94.837722,63.88644828070176,21.079410071135126,1.4052149920421617,52,64,,False,True,,577,21.16838264042747
32,2026-09-14T02:06:25.001+00:00,2026-09-14T02:07:40.959+00:00,2026-09-14T02:07:57.942+00:00,True,260,260.0,,260.0,75958.215169,92940.671233,92940.67132400001,357.4641204769231,0.0,75958.215169,4706.724127870119,92.99903600000002,65.56932843243244,24.212209370191964,2.7974835618325407,52,64,,False,True,,1063,21.16838264042747
33,2026-09-14T02:06:27.614+00:00,2026-09-14T02:07:45.724+00:00,2026-09-14T02:07:54.252+00:00,True,136,136.0,,136.0,78110.612967,86638.56765499999,86638.567596,637.0482911470588,0.0,78110.612967,6692.560378396184,91.2738875,63.17003472592592,25.271452595527137,1.5697397092431193,52,64,,False,True,,624,21.16838264042747
34,2026-09-14T02:06:31.324+00:00,2026-09-14T02:07:51.550+00:00,2026-09-14T02:08:04.601+00:00,True,197,197.0,,197.0,80225.96887000001,93276.12592600001,93276.12591400002,473.48287265989853,0.0,80225.96887000001,5711.17733478729,95.2576396,66.58243395918367,25.698394057608,2.1120088130191923,52,64,,False,True,,945,21.16838264042747
35,2026-09-14T02:06:34.556+00:00,2026-09-14T02:07:57.453+00:00,2026-09-14T02:08:14.259+00:00,True,260,260.0,,260.0,82896.36179000001,99702.57337400001,99702.57326700001,383.4714356423077,37.72902,82896.36179000001,5137.03634827431,96.50742545000001,64.88884781467182,21.891926573179315,2.6077561611644584,52,64,,False,True,,1135,21.16838264042747
36,2026-09-14T02:06:38.862+00:00,2026-09-14T02:08:04.741+00:00,2026-09-14T02:08:19.071+00:00,True,219,219.0,,219.0,85878.75150900001,100209.288213,100209.28812800001,457.5766581187215,0.0,85878.75150900001,5798.767895425433,95.922785,65.73640689908257,26.813695066988736,2.1854261606419576,52,64,,False,True,,309,21.16838264042747
37,2026-09-14T02:06:41.992+00:00,2026-09-14T02:08:10.084+00:00,2026-09-14T02:08:21.666+00:00,True,175,175.0,,175.0,88091.627541,99673.73211699999,99673.73215699999,569.5641837542856,0.0,88091.627541,6654.126528947554,94.4968477,66.56381940229885,27.661459521243064,1.7557283778095096,52,64,,False,True,,899,21.16838264042747
38,2026-09-14T02:06:45.140+00:00,2026-09-14T02:08:16.166+00:00,2026-09-14T02:08:27.793+00:00,True,173,173.0,,173.0,91025.892821,102652.883157,102652.883302,593.3692676416185,0.01622,91025.892821,6915.61847328736,95.7336596,67.59878102325581,51.06452467486435,1.685291193773966,52,64,,False,True,,669,21.16838264042747
39,2026-09-14T02:06:49.152+00:00,2026-09-14T02:08:23.448+00:00,2026-09-14T02:08:42.294+00:00,True,282,282.0,,282.0,94295.732463,113141.17681499998,113141.176948,401.2098473333333,0.0,94295.732463,5611.285690971066,96.0237435,67.06563826334519,23.786894799236062,2.4924612589199544,52,64,,False,True,,1472,21.16838264042747
40,2026-09-14T02:06:52.405+00:00,2026-09-14T02:08:29.605+00:00,2026-09-14T02:08:38.260+00:00,True,128,128.0,,128.0,97199.47934399999,105855.189808,105855.18976099999,826.9936700078124,0.0,97199.47934399999,8585.318843735518,96.36313034999999,68.15520050393701,26.831460330982193,1.2091990976745328,52,64,,False,True,,631,21.16838264042747
41,2026-09-14T02:06:55.486+00:00,2026-09-14T02:08:34.869+00:00,2026-09-14T02:08:42.525+00:00,True,115,115.0,,115.0,99383.422883,107039.405731,107039.40565,930.7774404347826,0.0,99383.422883,9261.327142085695,96.3223187,67.15774428070176,26.529493916246754,1.0743706882024897,52,64,,False,True,,540,21.16838264042747
42,2026-09-14T02:06:58.393+00:00,2026-09-14T02:08:40.281+00:00,2026-09-14T02:08:50.401+00:00,True,156,156.0,,156.0,101887.965935,112008.512495,112008.512489,718.0032851858974,34.238298,101887.965935,8152.368782541531,94.81565225,65.29384877419355,22.38490608842739,1.3927512876038217,52,64,,False,True,,667,21.16838264042747
43,2026-09-14T02:07:00.783+00:00,2026-09-14T02:08:44.501+00:00,2026-09-14T02:08:55.826+00:00,True,170,170.0,,170.0,103717.94317,115042.47949,115042.47957,676.7204680588235,39.133917000000004,103717.94317,7949.694706416147,96.30722845,67.00909065088757,22.251215036189894,1.4777150210394863,52,64,,False,True,,698,21.16838264042747
44,2026-09-14T02:07:03.760+00:00,2026-09-14T02:08:50.307+00:00,2026-09-14T02:09:04.521+00:00,True,215,215.0,,215.0,106546.836447,120761.064159,120761.06420899999,561.6793684139535,0.0,106546.836447,7261.957404515523,94.93419699999998,66.4216248224299,27.91109618077454,1.7803751689113998,52,64,,False,True,,751,21.16838264042747
45,2026-09-14T02:07:06.209+00:00,2026-09-14T02:08:53.969+00:00,2026-09-14T02:09:02.600+00:00,True,132,132.0,,132.0,107759.763784,116390.776136,116390.776046,881.7483033787878,0.0,107759.763784,9373.600794676977,94.63447800000002,65.88559047328245,31.29912204464428,1.1341104886675983,52,64,,False,True,,701,21.16838264042747
46,2026-09-14T02:07:09.697+00:00,2026-09-14T02:09:01.059+00:00,2026-09-14T02:09:10.044+00:00,True,138,138.0,,138.0,111362.22770100001,120346.973941,120346.97384500001,872.0795206159421,31.213794,111362.22770100001,9474.225959228706,95.93679,65.58208934306569,22.412479164854577,1.1466844198978727,52,64,,False,True,,493,21.16838264042747
47,2026-09-14T02:07:13.630+00:00,2026-09-14T02:09:07.035+00:00,2026-09-14T02:09:15.813+00:00,True,132,132.0,,132.0,113405.023733,122182.935029,122182.935004,925.6282954848484,42.106970999999994,113405.023733,9864.834748424348,98.16953355,67.00695645801527,22.99787782225101,1.0803472675514787,52,64,,False,True,,484,21.16838264042747
48,2026-09-14T02:07:16.418+00:00,2026-09-14T02:09:12.576+00:00,2026-09-14T02:09:24.058+00:00,True,170,170.0,,170.0,116157.958337,127639.52940900001,127639.52951800001,750.8207618705883,0.0,116157.958337,8903.900884151864,97.42597545000001,67.93829036686391,60.27204987591476,1.3318757973109003,52,64,,False,True,,1034,21.16838264042747
49,2026-09-14T02:07:20.647+00:00,2026-09-14T02:09:19.844+00:00,2026-09-14T02:09:32.672+00:00,True,192,192.0,,192.0,119196.924973,132025.056813,132025.056831,687.630504328125,0.0,119196.924973,8597.501706059811,95.86609200000001,67.16299392670157,29.890541293874445,1.4542693988153204,52,64,,False,True,,1133,21.16838264042747
50,2026-09-14T02:07:23.722+00:00,2026-09-14T02:09:25.590+00:00,2026-09-14T02:09:33.223+00:00,True,117,117.0,,117.0,121867.632,129500.756352,129500.756299,1106.844070931624,39.550796000000005,121867.632,11260.604027667836,95.49263479999999,65.80279613793104,21.80745390794377,0.9034696267099683,52,64,,False,True,,535,21.16838264042747
51,2026-09-14T02:07:26.799+00:00,2026-09-14T02:09:30.340+00:00,2026-09-14T02:09:47.227+00:00,True,261,261.0,,261.0,123541.22617200001,140428.464828,140428.464886,538.0400953486591,0.0,123541.22617200001,7643.040263241595,94.14520200000001,64.9509179076923,27.892509698550697,1.8585975451606538,52,64,,False,True,,1032,21.16838264042747
52,2026-09-14T02:07:29.998+00:00,2026-09-14T02:09:36.488+00:00,2026-09-14T02:09:52.556+00:00,True,243,243.0,,243.0,126490.0129,142557.726948,142557.727076,586.6573130699588,0.0,126490.0129,8110.13051161243,95.5026391,66.39551259504132,29.011301839147986,1.704572633152588,52,64,,False,True,,1309,21.16838264042747
53,2026-09-14T02:07:33.005+00:00,2026-09-14T02:09:41.651+00:00,2026-09-14T02:09:57.799+00:00,True,244,244.0,,244.0,128645.46622300001,144793.24964700002,144793.24964000002,593.4149575409837,0.0,128645.46622300001,8231.479591718291,96.07951280000002,66.45178363786009,29.227283347513442,1.6851614325589208,52,64,,False,True,,1154,21.16838264042747
54,2026-09-14T02:07:36.381+00:00,2026-09-14T02:09:47.463+00:00,2026-09-14T02:10:05.539+00:00,True,270,270.0,,270.0,131081.822805,149157.73653300002,149157.736569,552.4360613666666,35.61096499999999,131081.822805,7973.326365022294,95.23299800000001,67.19670530855018,21.96202033608134,1.8101642346943536,52,64,,False,True,,1371,21.16838264042747
55,2026-09-14T02:07:39.217+00:00,2026-09-14T02:09:52.557+00:00,2026-09-14T02:10:07.391+00:00,True,221,221.0,,221.0,133339.550093,148173.380237,148173.380125,670.4677833710407,34.443748,133339.550093,8964.881028685464,96.27039599999998,67.42650065454545,22.398867118530237,1.4914959734772566,52,64,,False,True,,1017,21.16838264042747
56,2026-09-14T02:07:42.700+00:00,2026-09-14T02:09:58.579+00:00,2026-09-14T02:10:15.219+00:00,True,251,251.0,,251.0,135879.356945,152519.361041,152519.36095200002,607.6468563824701,0.0,135879.356945,8572.474102501214,95.85241249999999,66.56001638400001,28.25350886099028,1.6456927060724218,52,64,,False,True,,1167,21.16838264042747
57,2026-09-14T02:07:45.552+00:00,2026-09-14T02:10:03.137+00:00,2026-09-14T02:10:15.724+00:00,True,188,188.0,,188.0,137585.147319,150171.903927,150171.903926,798.7867230106383,0.0,137585.147319,10029.565096752458,94.83745200000001,67.30885886631016,30.43391403025918,1.2518986247346813,52,64,,False,True,,754,21.16838264042747
58,2026-09-14T02:07:48.245+00:00,2026-09-14T02:10:09.206+00:00,2026-09-14T02:10:16.651+00:00,True,112,112.0,,112.0,140960.71541600002,148405.92194400003,148405.92187200004,1325.0528738571431,0.0,140960.71541600002,13313.242616353129,96.0542626,67.07393268468469,34.724660052950696,0.7546868651391313,52,64,,False,True,,479,21.16838264042747
59,2026-09-14T02:07:51.129+00:00,2026-09-14T02:10:14.229+00:00,2026-09-14T02:10:25.565+00:00,True,174,174.0,,174.0,143100.075064,154436.46162400002,154436.461692,887.5658717931035,0.01543,143100.075064,10843.646505702847,96.10823365,65.5282460115607,70.13385779723387,1.12667693995496,52,64,,False,True,,776,21.16838264042747
60,2026-09-14T02:07:55.218+00:00,2026-09-14T02:10:21.182+00:00,2026-09-14T02:10:35.156+00:00,True,208,208.0,,208.0,145964.096671,159938.054815,159938.054848,768.932956,39.876495000000006,145964.096671,10116.131284645386,95.33086499999999,67.50704417391304,21.587762958214224,1.3005034995617093,52,64,,False,True,,891,21.16838264042747
61,2026-09-14T02:07:57.690+00:00,2026-09-14T02:10:26.205+00:00,2026-09-14T02:10:39.490+00:00,True,198,198.0,,198.0,148515.166121,161800.259497,161800.25942299998,817.1730273888888,40.528114,148515.166121,10549.743462018238,95.20752199999998,67.43702221319798,21.95708598827226,1.2237310410721016,52,64,,False,True,,952,21.16838264042747
62,2026-09-14T02:08:01.157+00:00,2026-09-14T02:10:32.009+00:00,2026-09-14T02:10:47.362+00:00,True,231,231.0,,231.0,150852.37999000002,166205.26600600002,166205.26594500002,719.5033157792209,0.0,150852.37999000002,9921.01678935863,97.529804,66.75167833043479,31.82316494584043,1.389847659770665,52,64,,False,True,,1446,21.16838264042747
63,2026-09-14T02:08:03.482+00:00,2026-09-14T02:10:35.740+00:00,2026-09-14T02:10:52.614+00:00,True,256,256.0,,256.0,152257.986268,169132.28540400002,169132.28531,660.6729894921875,0.0,152257.986268,9512.039877188996,96.7864475,66.17372210196079,31.390631677732717,1.513608116797466,52,64,,False,True,,1046,21.16838264042747
64,2026-09-14T02:08:06.917+00:00,2026-09-14T02:10:41.408+00:00,2026-09-14T02:10:52.792+00:00,True,173,173.0,,173.0,154491.379446,165875.59397400002,165875.593983,958.8184623294798,9.44787,154491.379446,11740.751277013494,95.9851592,66.18729376744186,22.444592734572204,1.0429502969985849,52,64,,False,True,,805,21.16838264042747
65,2026-09-14T02:08:09.990+00:00,2026-09-14T02:10:47.359+00:00,2026-09-14T02:10:57.615+00:00,True,156,156.0,,156.0,157368.881634,167625.110498,167625.11039299998,1074.5199384166665,7.588134,157368.881634,12594.317384508235,95.14339950000002,66.16921847741935,23.030076553950234,0.9306481560939004,52,64,,False,True,,732,21.16838264042747
66,2026-09-14T02:08:13.237+00:00,2026-09-14T02:10:53.509+00:00,2026-09-14T02:11:00.832+00:00,True,115,115.0,,115.0,160272.274349,167595.02839700002,167595.02831400002,1457.3480722956524,38.548089,160272.274349,14939.49120815805,91.0473907,64.23468463157894,20.890217811195246,0.6861778723387151,52,64,,False,True,,532,21.16838264042747
67,2026-09-14T02:08:16.140+00:00,2026-09-14T02:10:57.532+00:00,2026-09-14T02:11:05.252+00:00,True,121,121.0,,121.0,161391.629804,169112.249068,169112.249205,1397.6218942561984,38.603517999999994,161391.629804,14666.131778549036,91.617497,64.33849386666667,20.628699448868602,0.71550109863033,52,64,,False,True,,481,21.16838264042747
68,2026-09-14T02:08:19.724+00:00,2026-09-14T02:11:04.652+00:00,2026-09-14T02:11:21.605+00:00,True,255,255.0,,255.0,164928.109577,181880.54093699998,181880.541009,713.2570235647058,0.0,164928.109577,10324.066662044552,95.89199,66.7418557480315,31.3294540845478,1.4020191422694703,52,64,,False,True,,1267,21.16838264042747
69,2026-09-14T02:08:23.870+00:00,2026-09-14T02:11:11.295+00:00,2026-09-14T02:11:28.893+00:00,True,267,267.0,,267.0,167425.33897,185023.103834,185023.10399200002,692.9704269363297,0.01601,167425.33897,10242.433765899255,96.132403,66.1570107669173,66.97642567454854,1.4430630254670707,52,64,,False,True,,1313,21.16838264042747
70,2026-09-14T02:08:27.007+00:00,2026-09-14T02:11:16.968+00:00,2026-09-14T02:11:36.943+00:00,True,300,300.0,,300.0,169961.90778600003,189936.03181800002,189936.031909,633.1201063633334,0.015880000000000002,169961.90778600003,9809.104200847672,96.50420195000002,66.80309040802676,63.64042512905921,1.5794791389948863,52,64,,False,True,,1018,21.16838264042747
71,2026-09-14T02:08:30.285+00:00,2026-09-14T02:11:22.797+00:00,2026-09-14T02:11:30.241+00:00,True,113,113.0,,113.0,172511.88407300002,179955.06717700002,179955.06732600002,1592.5227196991152,0.0156,172511.88407300002,16222.585638988861,97.73037460000002,66.456992,96.49882978067454,0.6279345270608889,52,64,,False,True,,472,21.16838264042747
72,2026-09-14T02:08:32.659+00:00,2026-09-14T02:11:27.783+00:00,2026-09-14T02:11:35.410+00:00,True,128,128.0,,128.0,175123.666516,182750.997332,182750.997091,1427.7421647734375,0.01666,175123.666516,15473.607812529277,94.86162185,60.05772296062992,27.75596253161223,0.7004065743480733,52,64,,False,True,,595,21.16838264042747
73,2026-09-14T02:08:35.750+00:00,2026-09-14T02:11:32.344+00:00,2026-09-14T02:11:40.683+00:00,True,129,129.0,,129.0,176593.83172999998,184932.58680199998,184932.58692499998,1433.5859451550386,40.499584999999996,176593.83172999998,15542.500359397747,96.4430284,65.146524,22.57818777908702,0.6975514820333704,52,64,,False,True,,687,21.16838264042747
74,2026-09-14T02:08:39.721+00:00,2026-09-14T02:11:39.734+00:00,2026-09-14T02:11:55.858+00:00,True,240,240.0,,240.0,180013.070428,196137.172828,196137.172736,817.2382197333334,0.0,180013.070428,11615.479910408907,94.8272985,67.46486359832636,30.93343804582493,1.223633422158404,52,64,,False,True,,1213,21.16838264042747
75,2026-09-14T02:08:42.766+00:00,2026-09-14T02:11:44.060+00:00,2026-09-14T02:12:02.310+00:00,True,271,271.0,,271.0,181294.150208,199543.322944,199543.322907,736.3222247490775,39.509217,181294.150208,11008.75206238583,95.94472750000001,67.58952865185185,22.2993340189602,1.3581010679873946,52,64,,False,True,,1366,21.16838264042747
76,2026-09-14T02:08:46.859+00:00,2026-09-14T02:11:52.223+00:00,2026-09-14T02:12:06.120+00:00,True,204,204.0,,204.0,185364.24825499998,199261.77427099997,199261.77432599998,976.7734035588235,40.058785,185364.24825499998,12973.31994267553,96.627123,68.4607192906404,22.7767681346727,1.0237788996225434,52,64,,False,True,,742,21.16838264042747
77,2026-09-14T02:08:49.248+00:00,2026-09-14T02:11:56.317+00:00,2026-09-14T02:12:13.514+00:00,True,253,253.0,,253.0,187068.785581,204266.087853,204266.088037,807.3758420434783,40.482154,187068.785581,11756.645732911495,97.30811659999999,68.24326298412699,22.9780926359797,1.2385805331625646,52,64,,False,True,,1203,21.16838264042747
78,2026-09-14T02:08:52.138+00:00,2026-09-14T02:12:01.411+00:00,2026-09-14T02:12:16.273+00:00,True,222,222.0,,222.0,189272.749507,204134.497219,204134.497235,919.5247623198198,0.0,189272.749507,12698.687973545755,98.66368999999999,67.24772720361992,34.31481277590508,1.087518293205648,52,64,,False,True,,976,21.16838264042747
79,2026-09-14T02:08:55.694+00:00,2026-09-14T02:12:08.282+00:00,2026-09-14T02:12:17.914+00:00,True,148,148.0,,148.0,192588.06949599998,202220.41919199997,202220.419195,1366.35418375,0.0,192588.06949599998,15825.302934263404,97.7302257,65.52618840816326,38.84795386201615,0.7318746573237003,52,64,,False,True,,578,21.16838264042747
80,2026-09-14T02:08:59.537+00:00,2026-09-14T02:12:15.804+00:00,2026-09-14T02:12:35.147+00:00,True,291,291.0,,291.0,196267.430158,215610.79451,215610.794531,740.9305653986254,39.224547,196267.430158,11501.510424474418,94.815815,66.7012563862069,21.48897100910482,1.3496541333254233,52,64,,False,True,,1229,21.16838264042747
81,2026-09-14T02:09:03.119+00:00,2026-09-14T02:12:21.262+00:00,2026-09-14T02:12:40.431+00:00,True,294,294.0,,294.0,198142.947471,217311.927183,217311.927142,739.1562147687074,37.79954,198142.947471,11552.135540130686,94.9845175,65.42313894880546,21.38578307129408,1.3528939888900824,52,64,,False,True,,1579,21.16838264042747
82,2026-09-14T02:09:05.472+00:00,2026-09-14T02:12:25.152+00:00,2026-09-14T02:12:41.681+00:00,True,252,252.0,,252.0,199679.83992300002,216208.939955,216208.94011700002,857.9719845912699,36.066814,199679.83992300002,12574.517504934804,94.29217550000001,65.8529881752988,21.481335058204788,1.1655392235512985,52,64,,False,True,,1248,21.16838264042747
83,2026-09-14T02:09:08.706+00:00,2026-09-14T02:12:32.461+00:00,2026-09-14T02:12:39.524+00:00,True,108,108.0,,108.0,203754.40769999998,210817.413652,210817.41381399997,1952.0130908703702,35.254305,203754.40769999998,19599.936900082583,96.0814182,66.00940142056075,21.45720720986983,0.5122916467340667,52,64,,False,True,,595,21.16838264042747
84,2026-09-14T02:09:12.505+00:00,2026-09-14T02:12:38.229+00:00,2026-09-14T02:12:49.898+00:00,True,181,181.0,,181.0,205724.064285,217393.323293,217393.323462,1201.0680854254144,40.166225,205724.064285,15286.54526228035,93.602412,64.82921671111112,21.264238053998955,0.8325922675925538,52,64,,False,True,,930,21.16838264042747
85,2026-09-14T02:09:15.952+00:00,2026-09-14T02:12:44.560+00:00,2026-09-14T02:12:58.469+00:00,True,215,215.0,,215.0,208607.511364,222517.04070800002,222517.040789,1034.9629804139536,0.0,208607.511364,14222.727931527672,95.591916,64.9978006728972,83.94145243990197,0.9662181346467558,52,64,,False,True,,848,21.16838264042747
86,2026-09-14T02:09:19.496+00:00,2026-09-14T02:12:52.420+00:00,2026-09-14T02:13:08.428+00:00,True,256,256.0,,256.0,212923.947792,228932.74855999998,228932.748353,894.2685482539063,0.01616,212923.947792,13303.850345979405,95.88277525,62.77961085490196,27.02172457960441,1.1182323263502254,52,64,,False,True,,1315,21.16838264042747
87,2026-09-14T02:09:22.877+00:00,2026-09-14T02:12:57.782+00:00,2026-09-14T02:13:11.913+00:00,True,211,211.0,,211.0,214905.159412,229036.16382800002,229036.16375200002,1085.4794490616114,36.815962,214905.159412,14790.064706246478,94.97005999999999,67.29049721904762,21.716713829507164,0.9212518952179767,52,64,,False,True,,979,21.16838264042747
88,2026-09-14T02:09:26.184+00:00,2026-09-14T02:13:02.282+00:00,2026-09-14T02:13:18.371+00:00,True,243,243.0,,243.0,216098.014942,232187.444446,232187.444373,955.503886308642,36.729562,216098.014942,13858.447343029531,96.10359509999998,66.48524588429753,22.53827387284325,1.0465682181041218,52,64,,False,True,,1003,21.16838264042747
89,2026-09-14T02:09:30.331+00:00,2026-09-14T02:13:09.463+00:00,2026-09-14T02:13:17.047+00:00,True,118,118.0,,118.0,219131.373648,226715.464272,226715.46414700002,1921.3174927711866,42.108301,219131.373648,20166.72099531502,92.7729543,64.82128738461539,20.392052208653453,0.5204761853317181,52,64,,False,True,,552,21.16838264042747
90,2026-09-14T02:09:33.786+00:00,2026-09-14T02:13:16.517+00:00,2026-09-14T02:13:31.889+00:00,True,234,234.0,,234.0,222730.80402900002,238102.957885,238102.95790500002,1017.5340081410258,0.0,222730.80402900002,14556.102212531103,94.44902015,65.97490925321888,37.05920076819369,0.9827681355937556,52,64,,False,True,,726,21.16838264042747
91,2026-09-14T02:09:36.199+00:00,2026-09-14T02:13:20.419+00:00,2026-09-14T02:13:32.335+00:00,True,184,184.0,,184.0,224220.07369299998,236135.909853,236135.909704,1283.347335347826,0.0,224220.07369299998,16524.972055776263,94.189944,65.1138587978142,40.42505893907649,0.7792122770083729,52,64,,False,True,,947,21.16838264042747
92,2026-09-14T02:09:39.605+00:00,2026-09-14T02:13:26.474+00:00,2026-09-14T02:13:45.943+00:00,True,294,294.0,,294.0,226869.67025999998,246338.38501199998,246338.385052,837.8856634421768,0.0,226869.67025999998,13227.478574296729,94.3535668,66.4461254334471,34.916761098323626,1.1934802608439536,52,64,,False,True,,1164,21.16838264042747
93,2026-09-14T02:09:42.832+00:00,2026-09-14T02:13:31.356+00:00,2026-09-14T02:13:39.198+00:00,True,122,122.0,,122.0,228523.789293,236365.878253,236365.87811000002,1937.425230409836,38.453188000000004,228523.789293,20683.714347842524,92.93821565,64.81065256198347,20.703892234544394,0.516148950524129,52,64,,False,True,,505,21.16838264042747
94,2026-09-14T02:09:47.007+00:00,2026-09-14T02:13:39.290+00:00,2026-09-14T02:13:55.820+00:00,True,244,244.0,,244.0,232283.314951,248812.886279,248812.88648000002,1019.724944590164,38.689038000000004,232283.314951,14866.077157666896,95.36453464999998,68.02292727572016,22.14494285786437,0.9806566036390768,52,64,,False,True,,973,21.16838264042747
95,2026-09-14T02:09:51.049+00:00,2026-09-14T02:13:47.676+00:00,2026-09-14T02:13:56.411+00:00,True,131,131.0,,131.0,236626.49539,245361.75299,245361.753062,1872.990481389313,40.645146000000004,236626.49539,20668.29308825905,94.169496,67.19428923076923,21.39361315613077,0.5339055431566755,52,64,,False,True,,601,21.16838264042747
96,2026-09-14T02:09:54.797+00:00,2026-09-14T02:13:53.736+00:00,2026-09-14T02:14:12.421+00:00,True,279,279.0,,279.0,238939.627638,257623.93791,257623.93797,923.3832902150538,31.435023,238939.627638,14300.935985178005,96.30177010000001,67.20974917985612,22.980958518074097,1.0829738970043523,52,64,,False,True,,1341,21.16838264042747
97,2026-09-14T02:09:57.410+00:00,2026-09-14T02:13:58.290+00:00,2026-09-14T02:14:15.279+00:00,True,256,256.0,,256.0,240880.257105,257868.450641,257868.450807,1007.2986359648437,0.0,240880.257105,15050.901560491515,96.5040905,66.62036680784314,38.58474940544976,0.9927542487793468,52,64,,False,True,,886,21.16838264042747
98,2026-09-14T02:10:01.551+00:00,2026-09-14T02:14:06.548+00:00,2026-09-14T02:14:14.813+00:00,True,124,124.0,,124.0,244997.431595,253261.746475,253261.74654300002,2042.4334398629032,0.0,244997.431595,21995.443072951104,98.43432150000001,67.1895518699187,50.72921491752572,0.489612038635453,52,64,,False,True,,345,21.16838264042747
99,2026-09-14T02:10:05.003+00:00,2026-09-14T02:14:13.425+00:00,2026-09-14T02:14:27.673+00:00,True,224,224.0,,224.0,248422.55812099998,262669.588649,262669.588542,1172.632091705357,0.0,248422.55812099998,16594.179114575112,95.69261935,63.8880292735426,24.1279975180401,0.8527823915669455,52,64,,False,True,,1064,21.16838264042747
100,2026-09-14T02:10:08.232+00:00,2026-09-14T02:14:18.672+00:00,2026-09-14T02:14:32.159+00:00,True,206,206.0,,206.0,250440.028669,263926.85055699997,263926.850438,1281.1983030970873,0.01691,250440.028669,17444.6854438607,94.52789075000001,65.78937506341464,100.06570212989836,0.7805192975449476,52,64,,False,True,,961,21.16838264042747
101,2026-09-14T02:10:11.880+00:00,2026-09-14T02:14:25.401+00:00,2026-09-14T02:14:35.792+00:00,True,156,156.0,,156.0,253520.695615,263911.491903,263911.491765,1691.740331826923,0.015380000000000001,253520.695615,20292.862052381497,93.33167675,67.03739540645161,115.9049753582024,0.5911072643147248,52,64,,False,True,,234,21.16838264042747
102,2026-09-14T02:10:15.870+00:00,2026-09-14T02:14:32.115+00:00,2026-09-14T02:14:44.043+00:00,True,185,185.0,,185.0,256244.928573,268173.523517,268173.523515,1449.5866135945946,39.209917000000004,256244.928573,18834.7470843764,93.55886680000002,64.82932034782608,20.959298387562708,0.6898518450807187,52,64,,False,True,,906,21.16838264042747
103,2026-09-14T02:10:19.410+00:00,2026-09-14T02:14:38.374+00:00,2026-09-14T02:14:56.659+00:00,True,281,281.0,,281.0,258964.231918,277248.669166,277248.669101,986.650067975089,28.32666,258964.231918,15444.630649216715,94.535499,65.3015616,21.7885213578214,1.013530563898772,52,64,,False,True,,1264,21.16838264042747
104,2026-09-14T02:10:22.345+00:00,2026-09-14T02:14:43.135+00:00,2026-09-14T02:14:53.511+00:00,True,156,156.0,,156.0,260790.36710899998,271165.98157299997,271165.98159,1738.2434717307692,36.078353,260790.36710899998,20874.59247598871,95.03027525000002,66.93944815483871,22.374234870551557,0.5752934018310981,52,64,,False,True,,737,21.16838264042747
105,2026-09-14T02:10:26.632+00:00,2026-09-14T02:14:50.300+00:00,2026-09-14T02:15:03.167+00:00,True,188,188.0,,188.0,263668.061977,276535.291929,276535.291913,1470.932403792553,0.0,263668.061977,19225.001469181232,95.08401900000001,68.80871632085562,43.9865690234769,0.6798408936833593,52,64,,False,True,,906,21.16838264042747
106,2026-09-14T02:10:29.690+00:00,2026-09-14T02:14:56.519+00:00,2026-09-14T02:15:08.650+00:00,True,176,176.0,,176.0,266828.373931,278959.573419,278959.573362,1584.9975759204547,0.0,266828.373931,20107.770264171453,96.40143024999999,69.32113993142856,45.01205522343272,0.6309157912843746,52,64,,False,True,,595,21.16838264042747
107,2026-09-14T02:10:32.906+00:00,2026-09-14T02:15:01.640+00:00,2026-09-14T02:15:17.396+00:00,True,233,233.0,,233.0,268733.37975,284489.75607,284489.756057,1220.9860774978542,40.647443,268733.37975,17600.874070089845,96.2210064,67.9154151724138,22.47862185351958,0.819010157760019,52,64,,False,True,,1047,21.16838264042747
108,2026-09-14T02:10:37.146+00:00,2026-09-14T02:15:08.791+00:00,2026-09-14T02:15:22.581+00:00,True,207,207.0,,207.0,271645.267308,285435.099756,285435.099838,1378.9135257874398,38.48599900000001,271645.267308,18876.01154521048,96.82424660000001,66.94093421359223,22.21917961644766,0.7252086382401846,52,64,,False,True,,312,21.16838264042747
109,2026-09-14T02:10:40.304+00:00,2026-09-14T02:15:14.715+00:00,2026-09-14T02:15:31.502+00:00,True,246,246.0,,246.0,274410.680089,291197.43644099997,291197.436435,1183.7294164024388,39.209417,274410.680089,17491.431908037168,97.13087225,68.51737286530613,22.546611178224865,0.8447876568097552,52,64,,False,True,,1339,21.16838264042747
110,2026-09-14T02:10:44.103+00:00,2026-09-14T02:15:21.007+00:00,2026-09-14T02:15:27.879+00:00,True,103,103.0,,103.0,276903.276235,283775.814347,283775.814187,2755.104992106796,39.137406999999996,276903.276235,27277.4614378607,98.09119849999999,67.37782462745099,23.2869175996818,0.36296257394949094,52,64,,False,True,,255,21.16838264042747
111,2026-09-14T02:10:47.780+00:00,2026-09-14T02:15:27.882+00:00,2026-09-14T02:15:34.738+00:00,True,101,101.0,,101.0,280101.372447,286958.331935,286958.332082,2841.171604772277,40.971814,280101.372447,27864.314156260738,95.637256,68.56959488,22.288075540760598,0.35196747666792916,52,64,,False,True,,339,21.16838264042747
112,2026-09-14T02:10:50.922+00:00,2026-09-14T02:15:34.174+00:00,2026-09-14T02:15:45.768+00:00,True,175,175.0,,175.0,283252.252932,294845.524996,294845.52511199994,1684.8315720685712,34.456737999999994,283252.252932,21406.832413656706,96.36014770000001,66.62800036781609,22.073912869435006,0.5935311380505915,52,64,,False,True,,954,21.16838264042747
113,2026-09-14T02:10:54.446+00:00,2026-09-14T02:15:40.437+00:00,2026-09-14T02:15:54.468+00:00,False,218,217.0,,217.0,285990.785088,300022.55392,300022.553768,1376.2502466422018,0.0,285990.785088,19365.408754980057,95.54293734999999,64.6625291797235,43.292409984566795,0.7232789574141895,52,64,,False,False,Request timeout: 300.0s exceeded,766,21.16838264042747
114,2026-09-14T02:10:58.286+00:00,2026-09-14T02:15:47.426+00:00,2026-09-14T02:15:58.368+00:00,False,168,167.0,,167.0,289140.119714,300081.77014599997,300081.770026,1786.2010120595237,0.0,289140.119714,22302.64016733034,93.95604350000002,65.51886486227545,47.612081122690945,0.5565149789630635,52,64,,False,False,Request timeout: 300.0s exceeded,776,21.16838264042747
115,2026-09-14T02:11:01.699+00:00,2026-09-14T02:15:53.325+00:00,2026-09-14T02:16:01.736+00:00,False,119,118.0,,118.0,291625.472888,300036.61068000004,300036.610455,2521.3160542436976,0.048409999999999995,291625.472888,26726.737654924895,94.4330519,71.2808287457627,21.64247792593943,0.39328533852107567,52,64,,False,False,Request timeout: 300.0s exceeded,493,21.16838264042747
116,2026-09-14T02:11:05.051+00:00,2026-09-14T02:15:57.840+00:00,2026-09-14T02:16:05.079+00:00,False,101,100.0,,100.0,292789.446704,300028.031792,300028.031732,2970.5745716039605,0.036770000000000004,292789.446704,29126.44331906243,91.50970699999999,72.38585087999999,20.501598428336955,0.33330218980780724,52,64,,False,False,Request timeout: 300.0s exceeded,429,21.16838264042747
117,2026-09-14T02:11:08.695+00:00,2026-09-14T02:16:01.997+00:00,2026-09-14T02:16:08.715+00:00,False,101,100.0,,100.0,293302.274824,300019.868168,300019.86812500004,2970.4937438118814,0.038079999999999996,293302.274824,29177.989779807904,89.694699,67.17593344,20.156656983938362,0.33331125905302944,52,64,,False,False,Request timeout: 300.0s exceeded,384,21.16838264042747
118,2026-09-14T02:11:11.303+00:00,2026-09-14T02:16:04.907+00:00,2026-09-14T02:16:11.327+00:00,False,95,94.0,,94.0,293604.588981,300023.762869,300023.76282400003,3158.144871831579,0.01899,293604.588981,30116.19540721936,88.6860844,68.28908391489361,19.866093082608714,0.31330851630256834,52,64,,False,False,Request timeout: 300.0s exceeded,406,21.16838264042747
119,2026-09-14T02:11:15.519+00:00,2026-09-14T02:16:09.386+00:00,2026-09-14T02:16:15.545+00:00,False,93,92.0,,92.0,293866.085619,300025.927411,300025.92746100004,3226.0852415161294,0.02013,293866.085619,30465.557113831215,87.3558034,66.95480208695652,19.93731432479552,0.3066401653813435,52,64,,False,False,Request timeout: 300.0s exceeded,579,21.16838264042747
120,2026-09-14T02:11:18.871+00:00,2026-09-14T02:16:12.515+00:00,2026-09-14T02:16:18.936+00:00,False,97,96.0,,96.0,293643.19086000003,300064.57121200004,300064.571057,3093.4491861546394,0.02354,293643.19086000003,29808.16354470406,87.2314218,66.88937866666666,19.568425627896087,0.31993113886202373,52,64,,False,False,Request timeout: 300.0s exceeded,434,21.16838264042747
121,2026-09-14T02:11:22.609+00:00,2026-09-14T02:16:16.608+00:00,2026-09-14T02:16:22.653+00:00,False,88,87.0,,87.0,293999.064833,300044.342529,300044.342367,3409.594799625,0.03814,293999.064833,31333.00443448921,87.94716585,69.48595052873564,19.578246581049807,0.2899571418900899,52,64,,False,False,Request timeout: 300.0s exceeded,419,21.16838264042747
122,2026-09-14T02:11:25.724+00:00,2026-09-14T02:16:19.906+00:00,2026-09-14T02:16:25.766+00:00,False,88,87.0,,87.0,294182.432476,300041.657564,300041.657594,3409.564290840909,0.03857,294182.432476,31352.78008518917,87.884341,67.3474148045977,20.573030438181668,0.28995973661238217,52,64,,False,False,Request timeout: 300.0s exceeded,333,21.16838264042747
123,2026-09-14T02:11:28.650+00:00,2026-09-14T02:16:22.739+00:00,2026-09-14T02:16:28.699+00:00,False,95,94.0,,94.0,294089.739006,300049.13868599996,300049.138773,3158.4119870842105,0.02141,294089.739006,30166.473310163354,88.9916038,63.39786893617021,20.97622550617925,0.3132820191107783,52,64,,False,False,Request timeout: 300.0s exceeded,270,21.16838264042747
124,2026-09-14T02:11:31.268+00:00,2026-09-14T02:16:25.322+00:00,2026-09-14T02:16:32.761+00:00,False,93,92.0,,92.0,294054.348177,301492.884113,301492.883893,3241.858966591398,0.026420000000000003,294054.348177,30484.045637349685,89.10562180000001,80.85365147826087,159.80169077907,0.30514816384693927,52,64,,False,False,Request timeout: 300.0s exceeded,434,21.16838264042747
125,2026-09-14T02:11:34.511+00:00,2026-09-14T02:16:29.111+00:00,2026-09-14T02:16:34.574+00:00,False,93,92.0,,92.0,294599.89749400003,300063.17403800006,300063.17390000005,3226.4857408602156,0.01563,294599.89749400003,30542.89738829049,89.1023994,59.38344069565217,170.16347023344125,0.306602102357116,52,64,,False,False,Request timeout: 300.0s exceeded,270,21.16838264042747
126,2026-09-14T02:11:38.352+00:00,2026-09-14T02:16:33.006+00:00,2026-09-14T02:16:38.406+00:00,False,83,82.0,,82.0,294653.842244,300053.664836,300053.664786,3615.1043950120484,0.02134,294653.842244,32335.23933232199,88.5224992,65.85149502439025,20.669757185175374,0.27328444744982083,52,64,,False,False,Request timeout: 300.0s exceeded,438,21.16838264042747
127,2026-09-14T02:11:42.171+00:00,2026-09-14T02:16:35.892+00:00,2026-09-14T02:16:42.778+00:00,False,91,90.0,,90.0,293721.439494,300607.820038,300607.81997,3303.382637032967,0.0299,293721.439494,30782.414232132152,87.71407950000001,76.51533937777779,62.17562317619538,0.29939340895597144,52,64,,False,False,Request timeout: 300.0s exceeded,348,21.16838264042747
128,2026-09-14T02:11:45.664+00:00,2026-09-14T02:16:39.339+00:00,2026-09-14T02:16:45.751+00:00,False,101,100.0,,100.0,293675.30858099996,300087.97571699996,300087.975719,2971.168076425742,0.0,293675.30858099996,29215.472953323228,88.769891,64.12667136,63.54107399912959,0.33323561119391765,52,64,,False,False,Request timeout: 300.0s exceeded,484,21.16838264042747
129,2026-09-14T02:11:49.031+00:00,2026-09-14T02:16:42.948+00:00,2026-09-14T02:16:49.043+00:00,False,94,93.0,,93.0,293917.206109,300011.280221,300011.280144,3191.6093632340426,0.02633,293917.206109,30308.493384528676,90.76429764999999,65.52767862365592,20.630992729456956,0.30998834420989957,52,64,,False,False,Request timeout: 300.0s exceeded,455,21.16838264042747
130,2026-09-14T02:11:51.764+00:00,2026-09-14T02:16:44.948+00:00,2026-09-14T02:16:51.852+00:00,False,101,100.0,,100.0,293183.741337,300087.80815299996,300087.80791599996,2971.166415009901,0.03004,293183.741337,29166.01011272843,90.313919,69.04066816,20.734079655778213,0.333235797267095,52,64,,False,False,Request timeout: 300.0s exceeded,147,21.16838264042747
131,2026-09-14T02:11:54.917+00:00,2026-09-14T02:16:48.479+00:00,2026-09-14T02:16:54.949+00:00,False,95,94.0,,94.0,293561.742419,300031.837779,300031.83784500003,3158.229872052632,0.038340000000000006,293561.742419,30111.744233475096,88.722806,68.83080170212766,20.423585728500715,0.3133000840705423,52,64,,False,False,Request timeout: 300.0s exceeded,419,21.16838264042747
132,2026-09-14T02:11:58.872+00:00,2026-09-14T02:16:52.677+00:00,2026-09-14T02:16:58.970+00:00,False,89,88.0,,88.0,293804.507689,300097.399593,300097.39964099997,3371.8808948426963,0.05989,293804.507689,31135.64157817969,89.320937,71.51013527272727,19.61559997535273,0.29323812908525004,52,64,,False,False,Request timeout: 300.0s exceeded,423,21.16838264042747
133,2026-09-14T02:12:02.770+00:00,2026-09-14T02:16:56.394+00:00,2026-09-14T02:17:02.791+00:00,False,95,94.0,,94.0,293624.068327,300021.340647,300021.340787,3158.119376705263,0.02155,293624.068327,30118.2183705048,90.40593070000001,68.05608851063829,20.648091172556548,0.31331104579856806,52,64,,False,False,Request timeout: 300.0s exceeded,452,21.16838264042747
134,2026-09-14T02:12:05.653+00:00,2026-09-14T02:16:59.406+00:00,2026-09-14T02:17:05.714+00:00,False,93,92.0,,92.0,293753.02811799996,300061.46843799995,300061.468556,3226.4674038279563,0.03893,293753.02811799996,30453.666400904327,90.1236348,68.57000347826087,20.380134810115113,0.3066038451351825,52,64,,False,False,Request timeout: 300.0s exceeded,372,21.16838264042747
135,2026-09-14T02:12:09.454+00:00,2026-09-14T02:17:03.217+00:00,2026-09-14T02:17:09.539+00:00,False,90,89.0,,89.0,293763.584042,300085.489706,300085.489821,3334.2832202333334,0.03493,293763.584042,30957.91902618959,89.71428755,71.03264791011236,19.19722684946543,0.29658215093037366,52,64,,False,False,Request timeout: 300.0s exceeded,557,21.16838264042747
136,2026-09-14T02:12:12.593+00:00,2026-09-14T02:17:06.595+00:00,2026-09-14T02:17:12.673+00:00,False,88,87.0,,87.0,294001.18692,300079.702376,300079.702344,3409.9966175454547,0.0245,294001.18692,31333.190189738816,88.58323100000001,69.86799374712643,20.004498269728053,0.28992297483349594,52,64,,False,False,Request timeout: 300.0s exceeded,295,21.16838264042747
137,2026-09-14T02:12:15.650+00:00,2026-09-14T02:17:09.883+00:00,2026-09-14T02:17:15.672+00:00,False,82,81.0,,81.0,294233.219882,300022.746154,300022.746248,3658.813978634146,0.02159,294233.219882,32484.735989832632,87.82688895,71.47563298765432,19.295198750898148,0.2699795300134449,52,64,,False,False,Request timeout: 300.0s exceeded,375,21.16838264042747
138,2026-09-14T02:12:19.645+00:00,2026-09-14T02:17:13.526+00:00,2026-09-14T02:17:19.691+00:00,False,92,91.0,,91.0,293880.816921,300045.61973700003,300045.61976200005,3261.3654321956524,0.02184,293880.816921,30632.137034408952,90.15892405000001,67.74508589010989,20.488191745465038,0.30328721372358153,52,64,,False,False,Request timeout: 300.0s exceeded,405,21.16838264042747
139,2026-09-14T02:12:23.223+00:00,2026-09-14T02:17:16.742+00:00,2026-09-14T02:17:23.278+00:00,False,97,96.0,,96.0,293518.265207,300054.346359,300054.346273,3093.3437760103093,0.02109,293518.265207,29795.358306629547,88.93324899999999,68.08417866666667,20.101391083893542,0.31994204104992635,52,64,,False,False,Request timeout: 300.0s exceeded,402,21.16838264042747
140,2026-09-14T02:12:26.621+00:00,2026-09-14T02:17:20.551+00:00,2026-09-14T02:17:26.666+00:00,False,90,89.0,,89.0,293929.547838,300044.954942,300044.954932,3333.832832577778,0.04506,293929.547838,30975.65856932887,90.31385139999999,68.71243937078651,20.544785055634435,0.2966222178846636,52,64,,False,False,Request timeout: 300.0s exceeded,357,21.16838264042747
141,2026-09-14T02:12:29.524+00:00,2026-09-14T02:17:23.356+00:00,2026-09-14T02:17:29.554+00:00,False,92,91.0,,91.0,293831.104458,300029.724618,300029.72443,3261.192656847826,0.02177,293831.104458,30626.915488801787,88.96006645000001,68.11670505494506,20.608045309647608,0.30330328141940555,52,64,,False,False,Request timeout: 300.0s exceeded,398,21.16838264042747
142,2026-09-14T02:12:33.009+00:00,2026-09-14T02:17:27.011+00:00,2026-09-14T02:17:33.079+00:00,False,89,88.0,,88.0,294001.559796,300069.69086800003,300069.691012,3371.5695619325843,0.020059999999999998,294001.559796,31156.799876496872,88.6835152,68.9560349090909,19.75475893709767,0.2932652069772385,52,64,,False,False,Request timeout: 300.0s exceeded,411,21.16838264042747
143,2026-09-14T02:12:36.673+00:00,2026-09-14T02:17:30.287+00:00,2026-09-14T02:17:36.724+00:00,False,92,91.0,,91.0,293614.184326,300051.468934,300051.468988,3261.4290107391303,0.02249,293614.184326,30604.025665592046,87.3621746,70.73939129670329,19.197842622189174,0.3032813014490409,52,64,,False,False,Request timeout: 300.0s exceeded,438,21.16838264042747
144,2026-09-14T02:12:40.211+00:00,2026-09-14T02:17:33.872+00:00,2026-09-14T02:17:40.276+00:00,False,99,98.0,,98.0,293661.837202,300065.115026,300065.11518400005,3030.960759434344,0.0,293661.837202,29507.629974037056,88.0835429,65.33956963265305,65.39241378790886,0.3265957790245244,52,64,,False,False,Request timeout: 300.0s exceeded,475,21.16838264042747
145,2026-09-14T02:12:43.360+00:00,2026-09-14T02:17:36.933+00:00,2026-09-14T02:17:43.417+00:00,False,98,97.0,,97.0,293573.61781699996,300056.927897,300056.92792,3061.805386938775,0.0,293573.61781699996,29648.73332170703,90.83182015,66.83824824742268,65.35979088611334,0.32327198935162405,52,64,,False,False,Request timeout: 300.0s exceeded,428,21.16838264042747
146,2026-09-14T02:12:45.879+00:00,2026-09-14T02:17:39.777+00:00,2026-09-14T02:17:45.928+00:00,False,88,87.0,,87.0,293897.602795,300049.05162700004,300049.05151900003,3409.6483127159095,0.02079,293897.602795,31322.058573423776,90.2464784,70.7063084137931,19.76681506464405,0.28995259117883265,52,64,,False,False,Request timeout: 300.0s exceeded,420,21.16838264042747
147,2026-09-14T02:12:48.275+00:00,2026-09-14T02:17:41.713+00:00,2026-09-14T02:17:48.351+00:00,False,95,94.0,,94.0,293437.971791,300075.982927,300075.982917,3158.6945570210523,0.02519,293437.971791,30098.86184414078,90.56039000000001,70.61713974468086,19.634616308689388,0.3132539934822693,52,64,,False,False,Request timeout: 300.0s exceeded,541,21.16838264042747
148,2026-09-14T02:12:52.384+00:00,2026-09-14T02:17:46.319+00:00,2026-09-14T02:17:52.505+00:00,False,92,91.0,,91.0,293935.438652,300121.03762799996,300121.03767399996,3262.1851921086954,0.02479,293935.438652,30637.808404724918,91.19038950000002,67.97361512087912,21.21365424518552,0.3032110001991747,52,64,,False,False,Request timeout: 300.0s exceeded,383,21.16838264042747
149,2026-09-14T02:12:54.603+00:00,2026-09-14T02:17:48.352+00:00,2026-09-14T02:17:54.643+00:00,False,97,96.0,,96.0,293749.512471,300040.741143,300040.74108,3093.20351628866,0.03814,293749.512471,29819.09737527717,90.308209,65.533632,20.841728736945786,0.3199565486816545,52,64,,False,False,Request timeout: 300.0s exceeded,423,21.16838264042747
150,2026-09-14T02:12:58.869+00:00,2026-09-14T02:17:53.599+00:00,2026-09-14T02:17:58.923+00:00,False,79,78.0,,78.0,294730.05755900004,300054.14101500006,300054.14102200005,3798.1536838227853,0.02457,294730.05755900004,33152.04915665754,89.834285,68.2574802051282,20.963809307189095,0.2599530862535261,52,64,,False,False,Request timeout: 300.0s exceeded,372,21.16838264042747
151,2026-09-14T02:13:01.235+00:00,2026-09-14T02:17:54.724+00:00,2026-09-14T02:18:01.282+00:00,False,98,97.0,,97.0,293488.463889,300046.991377,300046.99141200003,3061.703994,0.026019999999999998,293488.463889,29639.988561992275,87.25169385,67.61368544329896,20.057096196792713,0.32328269500333845,52,64,,False,False,Request timeout: 300.0s exceeded,495,21.16838264042747
152,2026-09-14T02:13:04.026+00:00,2026-09-14T02:17:57.846+00:00,2026-09-14T02:18:04.037+00:00,False,93,92.0,,92.0,293820.167797,300011.246197,300011.24634799996,3225.927380086021,0.0365,293820.167797,30460.760557371337,87.4503946,67.29433043478261,20.101020720252503,0.30665517098512013,52,64,,False,False,Request timeout: 300.0s exceeded,395,21.16838264042747
153,2026-09-14T02:13:07.679+00:00,2026-09-14T02:18:01.279+00:00,2026-09-14T02:18:07.713+00:00,False,94,93.0,,93.0,293599.844758,300033.809558,300033.80944599997,3191.8490366595743,0.02146,293599.844758,30275.38270540041,89.3820555,69.18241720430107,20.020814326049134,0.3099650673935866,52,64,,False,False,Request timeout: 300.0s exceeded,572,21.16838264042747
154,2026-09-14T02:13:10.791+00:00,2026-09-14T02:18:04.633+00:00,2026-09-14T02:18:10.825+00:00,False,91,90.0,,90.0,293841.217678,300033.191054,300033.191227,3297.0680354615383,0.02366,293841.217678,30795.72386743619,90.49552449999999,68.79970417777778,20.49900608780181,0.2999668126177473,52,64,,False,False,Request timeout: 300.0s exceeded,456,21.16838264042747
155,2026-09-14T02:13:13.954+00:00,2026-09-14T02:18:07.884+00:00,2026-09-14T02:18:14.014+00:00,False,90,89.0,,89.0,293929.593483,300060.235659,300060.235542,3334.0026171333334,0.039339,293929.593483,30975.644932037703,88.6534699,68.88361995505618,19.917932843360923,0.2966071122504317,52,64,,False,False,Request timeout: 300.0s exceeded,432,21.16838264042747
156,2026-09-14T02:13:17.971+00:00,2026-09-14T02:18:11.715+00:00,2026-09-14T02:18:17.992+00:00,False,96,95.0,,95.0,293744.605998,300021.326382,300021.32647800003,3125.2221508125003,0.03685,293744.605998,29973.446838704578,88.42281975,66.07074088421052,20.36813841151374,0.31664415708582644,52,64,,False,False,Request timeout: 300.0s exceeded,475,21.16838264042747
157,2026-09-14T02:13:20.719+00:00,2026-09-14T02:18:14.146+00:00,2026-09-14T02:18:20.786+00:00,False,99,98.0,,98.0,293426.55545,300066.44153,300066.44152299996,3030.9741567979795,0.02926,293426.55545,29483.6757730805,87.07717889999999,67.75393959183674,20.241554558311705,0.3265943352422572,52,64,,False,False,Request timeout: 300.0s exceeded,474,21.16838264042747
158,2026-09-14T02:13:24.291+00:00,2026-09-14T02:18:17.990+00:00,2026-09-14T02:18:24.308+00:00,False,95,94.0,,94.0,293698.694372,300016.878308,300016.878455,3158.0724047894737,0.04562,293698.694372,30125.960669143096,87.8950497,67.21472272340426,19.908521339431775,0.3133157058700503,52,64,,False,False,Request timeout: 300.0s exceeded,489,21.16838264042747
159,2026-09-14T02:13:27.985+00:00,2026-09-14T02:18:21.706+00:00,2026-09-14T02:18:28.072+00:00,False,94,93.0,,93.0,293720.437376,300086.105728,300086.105829,3192.4053811595745,0.037509999999999995,293720.437376,30287.896364493707,88.5958958,68.44804679569893,19.61711889359179,0.3099110496115265,52,64,,False,False,Request timeout: 300.0s exceeded,342,21.16838264042747
160,2026-09-14T02:13:31.642+00:00,2026-09-14T02:18:25.363+00:00,2026-09-14T02:18:31.706+00:00,False,90,89.0,,89.0,293721.85557300004,300064.42811700003,300064.427994,3334.049199933334,0.038009999999999995,293721.85557300004,30953.496900642727,90.31716895,71.26486004494383,20.63921006602481,0.29660296809756287,52,64,,False,False,Request timeout: 300.0s exceeded,198,21.16838264042747
161,2026-09-14T02:13:35.608+00:00,2026-09-14T02:18:29.202+00:00,2026-09-14T02:18:35.637+00:00,False,99,98.0,,98.0,293594.270916,300029.32806800003,300029.328093,3030.5992736666667,0.0,293594.270916,29500.800184305397,95.031924,65.66384848979591,62.336557000021706,0.3266347347809572,52,64,,False,False,Request timeout: 300.0s exceeded,538,21.16838264042747
162,2026-09-14T02:13:38.277+00:00,2026-09-14T02:18:32.807+00:00,2026-09-14T02:18:38.319+00:00,False,83,82.0,,82.0,294530.037727,300041.911519,300041.911516,3614.962789349398,0.023420000000000003,294530.037727,32321.500254551847,90.005339,67.21797307317074,21.01695914027378,0.2732951526167283,52,64,,False,False,Request timeout: 300.0s exceeded,373,21.16838264042747
163,2026-09-14T02:13:41.450+00:00,2026-09-14T02:18:35.553+00:00,2026-09-14T02:18:41.540+00:00,False,88,87.0,,87.0,294102.946084,300089.885988,300089.886097,3410.1123420113636,0.03954,294102.946084,31344.150412105715,90.00708299999998,68.81540119540229,20.712665448493524,0.2899131362377169,52,64,,False,False,Request timeout: 300.0s exceeded,420,21.16838264042747
164,2026-09-14T02:13:45.309+00:00,2026-09-14T02:18:38.998+00:00,2026-09-14T02:18:45.378+00:00,False,99,98.0,,98.0,293689.143842,300068.438562,300068.43850399996,3030.9943283232324,0.023260000000000003,293689.143842,29510.3345235936,88.8425518,65.09484408163266,20.795381891894934,0.32659216167364863,52,64,,False,False,Request timeout: 300.0s exceeded,440,21.16838264042747
165,2026-09-14T02:13:49.381+00:00,2026-09-14T02:18:42.736+00:00,2026-09-14T02:18:49.446+00:00,False,106,105.0,,105.0,293355.295621,300065.570693,300065.570915,2830.807272783019,0.023809999999999998,293355.295621,28486.985440574023,88.78211725,63.90738163809524,20.83406271568032,0.34992351757485207,52,64,,False,False,Request timeout: 300.0s exceeded,500,21.16838264042747
166,2026-09-14T02:13:52.747+00:00,2026-09-14T02:18:46.067+00:00,2026-09-14T02:18:52.814+00:00,False,102,101.0,,101.0,293320.05772000004,300067.51064800005,300067.51065400004,2941.8383397450984,0.02585,293320.05772000004,29036.405882782277,90.5260325,66.80646463366337,20.639427548450218,0.33659092176253624,52,64,,False,False,Request timeout: 300.0s exceeded,489,21.16838264042747
167,2026-09-14T02:13:56.058+00:00,2026-09-14T02:18:49.316+00:00,2026-09-14T02:18:56.073+00:00,False,101,100.0,,100.0,293257.864235,300014.467627,300014.467671,2970.440273970297,0.028640000000000002,293257.864235,29173.53174866372,89.12895199999998,67.56603392,19.866726073689144,0.3333172589674153,52,64,,False,False,Request timeout: 300.0s exceeded,451,21.16838264042747
168,2026-09-14T02:13:59.966+00:00,2026-09-14T02:18:53.588+00:00,2026-09-14T02:19:00.009+00:00,False,105,104.0,,104.0,293621.830345,300042.652873,300042.65284,2857.549074666667,0.0152,293621.830345,28649.09758036214,87.6717772,61.73867815384615,180.97156407487398,0.3466173859088641,52,64,,False,False,Request timeout: 300.0s exceeded,528,21.16838264042747
169,2026-09-14T02:14:03.304+00:00,2026-09-14T02:18:56.967+00:00,2026-09-14T02:19:03.323+00:00,False,103,102.0,,102.0,293662.83147000003,300018.73035,300018.730333,2912.8032071165053,0.0154,293662.83147000003,28929.924985825917,90.55038710000001,62.31273411764706,188.21642625813476,0.3399787735952599,52,64,,False,False,Request timeout: 300.0s exceeded,394,21.16838264042747
170,2026-09-14T02:14:07.340+00:00,2026-09-14T02:19:00.780+00:00,2026-09-14T02:19:07.396+00:00,False,101,100.0,,100.0,293440.596694,300056.122582,300056.122668,2970.8526996831683,0.03846,293440.596694,29191.85563823729,90.775738,66.15525888,21.23996163397047,0.3332709865724262,52,64,,False,False,Request timeout: 300.0s exceeded,339,21.16838264042747
171,2026-09-14T02:14:09.728+00:00,2026-09-14T02:19:03.324+00:00,2026-09-14T02:19:09.763+00:00,False,97,96.0,,96.0,293595.592384,300034.201024,300034.200991,3093.136092690722,0.04244,293595.592384,29803.31243933945,86.6412526,67.06884,19.581156104608866,0.3199635230662283,52,64,,False,False,Request timeout: 300.0s exceeded,220,21.16838264042747
172,2026-09-14T02:14:13.229+00:00,2026-09-14T02:19:07.138+00:00,2026-09-14T02:19:13.470+00:00,False,90,89.0,,89.0,293909.77846600005,300241.1681620001,300241.16817,3336.012979666667,0.03599,293909.77846600005,30973.317580096325,87.18025449999999,71.13921006741573,18.438075560950853,0.29642836971636943,52,64,,False,False,Request timeout: 300.0s exceeded,334,21.16838264042747
173,2026-09-14T02:14:16.216+00:00,2026-09-14T02:19:09.759+00:00,2026-09-14T02:19:16.254+00:00,False,92,91.0,,91.0,293543.275365,300038.501477,300038.501522,3261.288060021739,0.085979,293543.275365,30596.566366558727,89.589064,71.37611112087912,18.958436762678787,0.3032944090576181,52,64,,False,False,Request timeout: 300.0s exceeded,428,21.16838264042747
174,2026-09-14T02:14:19.588+00:00,2026-09-14T02:19:13.382+00:00,2026-09-14T02:19:19.666+00:00,False,91,90.0,,90.0,293794.04632200004,300078.40933000005,300078.40928600007,3297.5649372087914,0.022719999999999997,293794.04632200004,30790.671259647137,89.8950745,69.82625564444444,20.35329882573923,0.2999216111580552,52,64,,False,False,Request timeout: 300.0s exceeded,199,21.16838264042747
175,2026-09-14T02:14:23.282+00:00,2026-09-14T02:19:16.742+00:00,2026-09-14T02:19:23.354+00:00,False,98,97.0,,97.0,293460.122959,300072.396623,300072.39685,3061.963233163265,0.020370000000000003,293460.122959,29637.07004617452,87.57297770000001,68.16776973195876,20.530659485787535,0.32325532468708634,52,64,,False,False,Request timeout: 300.0s exceeded,368,21.16838264042747
176,2026-09-14T02:14:25.670+00:00,2026-09-14T02:19:19.539+00:00,2026-09-14T02:19:25.691+00:00,False,92,91.0,,91.0,293868.82040100003,300020.888241,300020.88815600006,3261.0966103913047,0.06352000000000001,293868.82040100003,30630.900826831174,87.9436785,67.60514109890109,20.37517331416353,0.3033122144712196,52,64,,False,False,Request timeout: 300.0s exceeded,464,21.16838264042747
177,2026-09-14T02:14:29.803+00:00,2026-09-14T02:19:23.355+00:00,2026-09-14T02:19:29.835+00:00,False,103,102.0,,102.0,293551.19388800004,300031.33264000004,300031.33242900006,2912.9255575631073,0.0,293551.19388800004,28918.27275855881,91.15337909999998,63.530772078431376,65.75890116340074,0.33996449338305346,52,64,,False,False,Request timeout: 300.0s exceeded,517,21.16838264042747
178,2026-09-14T02:14:32.792+00:00,2026-09-14T02:19:26.802+00:00,2026-09-14T02:19:32.855+00:00,False,102,101.0,,101.0,294010.73048699996,300063.067383,300063.06744099996,2941.794778833333,0.04268,294010.73048699996,29105.473811640393,88.4297796,59.924127683168315,20.20605084263473,0.3365959059236163,52,64,,False,False,Request timeout: 300.0s exceeded,450,21.16838264042747
179,2026-09-14T02:14:36.667+00:00,2026-09-14T02:19:30.457+00:00,2026-09-14T02:19:36.680+00:00,False,100,99.0,,99.0,293790.13738800003,300012.75524400006,300012.75525200006,3000.1275525200003,0.02785,293790.13738800003,29372.735068624115,87.36268824999999,62.85472581818182,20.092017077521326,0.3299859698281275,52,64,,False,False,Request timeout: 300.0s exceeded,489,21.16838264042747
180,2026-09-14T02:14:40.410+00:00,2026-09-14T02:19:34.062+00:00,2026-09-14T02:19:40.444+00:00,False,96,95.0,,95.0,293652.10008,300034.248432,300034.248432,3125.3567545,0.02188,293652.10008,29963.891782572886,86.92639650000001,67.18050896842105,19.691648636195428,0.31663051967059314,52,64,,False,False,Request timeout: 300.0s exceeded,331,21.16838264042747
181,2026-09-14T02:14:43.883+00:00,2026-09-14T02:19:37.875+00:00,2026-09-14T02:19:43.959+00:00,False,91,90.0,,90.0,293991.648341,300075.520341,300075.520351,3297.53319067033,0.040659999999999995,293991.648341,30811.619104983205,88.066399,67.59857777777778,20.362192768123546,0.2999244986652885,52,64,,False,False,Request timeout: 300.0s exceeded,357,21.16838264042747
182,2026-09-14T02:14:48.192+00:00,2026-09-14T02:19:42.027+00:00,2026-09-14T02:19:48.270+00:00,False,96,95.0,,95.0,293835.245487,300078.49335899996,300078.49341,3125.8176396874996,0.08353000000000001,293835.245487,29982.733609788585,87.37873249999998,65.71839865263158,20.305967283587783,0.3165838342381519,52,64,,False,False,Request timeout: 300.0s exceeded,543,21.16838264042747
183,2026-09-14T02:14:52.307+00:00,2026-09-14T02:19:45.888+00:00,2026-09-14T02:19:52.324+00:00,False,100,99.0,,99.0,293581.512727,300017.266199,300017.266083,3000.17266083,0.02971,293581.512727,29351.657291121195,87.10253995000001,65.00761082828282,20.050785987876605,0.3299810082741497,52,64,,False,False,Request timeout: 300.0s exceeded,465,21.16838264042747
184,2026-09-14T02:14:56.346+00:00,2026-09-14T02:19:49.474+00:00,2026-09-14T02:19:56.366+00:00,False,102,101.0,,101.0,293127.915636,300020.5093,300020.509481,2941.3775439313727,0.02225,293127.915636,29017.237952698124,88.69492604999999,68.24350162376237,19.55203652651166,0.3366436522478099,52,64,,False,False,Request timeout: 300.0s exceeded,462,21.16838264042747
185,2026-09-14T02:14:58.979+00:00,2026-09-14T02:19:52.802+00:00,2026-09-14T02:19:59.047+00:00,False,91,90.0,,90.0,293823.269134,300068.41089400003,300068.411035,3297.4550663186815,0.03632,293823.269134,30793.779324676554,87.74363450000001,69.390464,18.760162548182688,0.29993160470261143,52,64,,False,False,Request timeout: 300.0s exceeded,224,21.16838264042747
186,2026-09-14T02:15:02.753+00:00,2026-09-14T02:19:56.658+00:00,2026-09-14T02:20:02.794+00:00,False,94,93.0,,93.0,293904.89646200003,300040.649166,300040.64923000004,3191.9218003191495,0.031170000000000003,293904.89646200003,30307.177416018392,89.3055875,65.97583552688172,20.479484488971483,0.30995800155247283,52,64,,False,False,Request timeout: 300.0s exceeded,456,21.16838264042747
187,2026-09-14T02:15:06.100+00:00,2026-09-14T02:19:59.625+00:00,2026-09-14T02:20:06.134+00:00,False,98,97.0,,97.0,293524.878587,300033.574907,300033.574878,3061.567090591837,0.02181,293524.878587,29643.719555256794,90.34867249999999,67.09996206185568,21.01983239624564,0.32329715109406215,52,64,,False,False,Request timeout: 300.0s exceeded,435,21.16838264042747
188,2026-09-14T02:15:08.923+00:00,2026-09-14T02:20:02.963+00:00,2026-09-14T02:20:08.955+00:00,False,90,89.0,,89.0,294039.940573,300031.313885,300031.314017,3333.6812668555554,0.01806,294039.940573,30987.441759998634,89.12073900000001,67.31880125842696,20.35329839943086,0.2966357039455991,52,64,,False,False,Request timeout: 300.0s exceeded,410,21.16838264042747
189,2026-09-14T02:15:12.913+00:00,2026-09-14T02:20:06.820+00:00,2026-09-14T02:20:12.929+00:00,False,93,92.0,,92.0,293907.459384,300016.31007199996,300016.31018,3225.981829892473,0.03805,293907.459384,30469.905525455062,90.68056419999999,66.40055095652174,20.961476688899246,0.30664999505500623,52,64,,False,False,Request timeout: 300.0s exceeded,210,21.16838264042747
190,2026-09-14T02:15:15.679+00:00,2026-09-14T02:20:09.249+00:00,2026-09-14T02:20:15.708+00:00,False,97,96.0,,96.0,293570.208591,300029.164879,300029.164947,3093.0841747113404,0.02732,293570.208591,29800.71418757408,91.36038479999999,67.28079466666667,20.48641339966436,0.31996889381975996,52,64,,False,False,Request timeout: 300.0s exceeded,504,21.16838264042747
191,2026-09-14T02:15:18.107+00:00,2026-09-14T02:20:11.794+00:00,2026-09-14T02:20:18.127+00:00,False,92,91.0,,91.0,293687.26378399995,300020.71197599993,300020.71205499995,3261.0946962499993,0.023299,293687.26378399995,30611.764439074523,90.567915,69.59833178021978,20.372975629742868,0.3033123926700085,52,64,,False,False,Request timeout: 300.0s exceeded,420,21.16838264042747
192,2026-09-14T02:15:21.621+00:00,2026-09-14T02:20:15.191+00:00,2026-09-14T02:20:21.664+00:00,False,94,93.0,,93.0,293569.77758099994,300043.08164499997,300043.0817159999,3191.9476778297867,0.02343,293569.77758099994,30272.238264228963,90.55438815,69.60542004301075,20.593855867994687,0.30995548869223455,52,64,,False,False,Request timeout: 300.0s exceeded,475,21.16838264042747
193,2026-09-14T02:15:24.723+00:00,2026-09-14T02:20:18.217+00:00,2026-09-14T02:20:24.774+00:00,False,100,99.0,,99.0,293494.55125300004,300050.93243700004,300050.93258200004,3000.5093258200004,0.0,293494.55125300004,29342.90542412956,89.03065889999999,66.22607256565657,65.74353190102121,0.3299439838294336,52,64,,False,False,Request timeout: 300.0s exceeded,483,21.16838264042747
194,2026-09-14T02:15:28.448+00:00,2026-09-14T02:20:22.557+00:00,2026-09-14T02:20:28.460+00:00,False,100,99.0,,99.0,294108.95406,300011.413964,300011.41402100003,3000.11414021,0.0,294108.95406,29404.946081929,87.28587085000001,59.62080711111111,27.529543720820307,0.32998744511726996,52,64,,False,False,Request timeout: 300.0s exceeded,429,21.16838264042747
195,2026-09-14T02:15:32.126+00:00,2026-09-14T02:20:25.962+00:00,2026-09-14T02:20:32.186+00:00,False,94,93.0,,93.0,293835.449504,300059.23190400004,300059.231967,3192.1194890106385,0.020989999999999998,293835.449504,30299.91630972619,87.60729045,66.92239139784947,19.606344566168616,0.3099388057813669,52,64,,False,False,Request timeout: 300.0s exceeded,391,21.16838264042747
196,2026-09-14T02:15:35.575+00:00,2026-09-14T02:20:28.928+00:00,2026-09-14T02:20:35.642+00:00,False,97,96.0,,96.0,293352.819688,300066.71716,300066.717176,3093.4713110927837,0.03594,293352.819688,29778.371823270194,90.32937700000001,69.936432,20.14337704595634,0.3199288508522303,52,64,,False,False,Request timeout: 300.0s exceeded,213,21.16838264042747
197,2026-09-14T02:15:39.311+00:00,2026-09-14T02:20:32.865+00:00,2026-09-14T02:20:39.354+00:00,False,90,89.0,,89.0,293553.604491,300042.768523,300042.768553,3333.8085394777777,0.04082,293553.604491,30935.586944093393,88.87809395000001,72.91195541573035,18.86522340344736,0.2966243793780274,52,64,,False,False,Request timeout: 300.0s exceeded,324,21.16838264042747
198,2026-09-14T02:15:42.385+00:00,2026-09-14T02:20:35.857+00:00,2026-09-14T02:20:42.447+00:00,False,91,90.0,,90.0,293471.88064499997,300061.31578099995,300061.31593599997,3297.377098197802,0.02145,293471.88064499997,30756.542589155444,88.535933,73.21594595555555,18.42495698215275,0.2999386967485225,52,64,,False,False,Request timeout: 300.0s exceeded,396,21.16838264042747
199,2026-09-14T02:15:45.055+00:00,2026-09-14T02:20:38.498+00:00,2026-09-14T02:20:45.098+00:00,False,96,95.0,,95.0,293442.756139,300042.624043,300042.624257,3125.4440026770835,0.020739999999999998,293442.756139,29942.29195887169,88.919355,69.4722937263158,19.92495187344924,0.31662168101284593,52,64,,False,False,Request timeout: 300.0s exceeded,431,21.16838264042747
200,2026-09-14T02:15:48.549+00:00,2026-09-14T02:20:42.448+00:00,2026-09-14T02:20:48.599+00:00,False,92,91.0,,91.0,293898.885931,300050.264619,300050.264467,3261.415918119565,0.01959,293898.885931,30634.036712962923,88.45826000000001,67.597568,21.19334243505128,0.30328251873248846,52,64,,False,False,Request timeout: 300.0s exceeded,384,21.16838264042747
201,2026-09-14T02:15:51.577+00:00,2026-09-14T02:20:45.176+00:00,2026-09-14T02:20:51.609+00:00,False,95,94.0,,94.0,293599.078346,300032.168906,300032.168886,3158.233356694737,0.03616,293599.078346,30115.616412028743,91.7344834,68.43713361702127,22.146241477279062,0.3132997383005626,52,64,,False,False,Request timeout: 300.0s exceeded,452,21.16838264042747
202,2026-09-14T02:15:55.383+00:00,2026-09-14T02:20:49.420+00:00,2026-09-14T02:20:55.461+00:00,False,92,91.0,,91.0,294037.362837,300078.038933,300078.038895,3261.717814076087,0.023739999999999997,294037.362837,30648.60103835995,90.24403905000001,66.381056,21.603724539110825,0.3032544478215483,52,64,,False,False,Request timeout: 300.0s exceeded,476,21.16838264042747
203,2026-09-14T02:15:59.199+00:00,2026-09-14T02:20:53.431+00:00,2026-09-14T02:20:59.276+00:00,False,85,84.0,,84.0,294231.779801,300077.01141700003,300077.01130300004,3530.3177800352946,0.02116,294231.779801,31906.375818886783,88.19183199999999,69.58609066666668,19.915458171055626,0.2799281411239795,52,64,,False,False,Request timeout: 300.0s exceeded,338,21.16838264042747
204,2026-09-14T02:16:01.633+00:00,2026-09-14T02:20:55.245+00:00,2026-09-14T02:21:01.718+00:00,False,96,95.0,,95.0,293612.078438,300084.682342,300084.682435,3125.8821086979165,0.018449999999999998,293612.078438,29959.71047111915,89.40501625,68.13267267368421,20.533633588799898,0.31657730497463565,52,64,,False,False,Request timeout: 300.0s exceeded,310,21.16838264042747
205,2026-09-14T02:16:05.397+00:00,2026-09-14T02:20:58.929+00:00,2026-09-14T02:21:05.442+00:00,False,98,97.0,,97.0,293531.958486,300044.702422,300044.70252700004,3061.6806380306125,0.02321,293531.958486,29644.43014627447,89.69309235,67.14169006185567,20.48390920422412,0.32328516123432055,52,64,,False,False,Request timeout: 300.0s exceeded,455,21.16838264042747
206,2026-09-14T02:16:08.690+00:00,2026-09-14T02:21:02.521+00:00,2026-09-14T02:21:08.710+00:00,False,91,90.0,,90.0,293830.82800700003,300019.573991,300019.573883,3296.9183943186817,0.0367,293830.82800700003,30794.638288996983,90.48175899999998,68.76384426666667,20.185683160058804,0.29998042728605373,52,64,,False,False,Request timeout: 300.0s exceeded,408,21.16838264042747
207,2026-09-14T02:16:11.724+00:00,2026-09-14T02:21:05.658+00:00,2026-09-14T02:21:11.785+00:00,False,90,89.0,,89.0,293933.491163,300060.742363,300060.742339,3334.008248211111,0.07278,293933.491163,30976.06011017743,89.70383694999998,68.8455191011236,20.40062970150443,0.2966066113784782,52,64,,False,False,Request timeout: 300.0s exceeded,386,21.16838264042747
208,2026-09-14T02:16:15.809+00:00,2026-09-14T02:21:09.363+00:00,2026-09-14T02:21:15.903+00:00,False,96,95.0,,95.0,293554.967129,300094.591577,300094.59157499997,3125.98532890625,0.027059999999999997,293554.967129,29953.809465653147,89.28694424999999,68.83815208421053,20.377210641111272,0.31656685147431046,52,64,,False,False,Request timeout: 300.0s exceeded,441,21.16838264042747
209,2026-09-14T02:16:18.323+00:00,2026-09-14T02:21:12.129+00:00,2026-09-14T02:21:18.332+00:00,False,97,96.0,,96.0,293806.15085900004,300009.41741900006,300009.417505,3092.880592835052,0.0,293806.15085900004,29825.011000958264,89.7987284,64.61736,68.14688048381579,0.31998995506839106,52,64,,False,False,Request timeout: 300.0s exceeded,495,21.16838264042747
210,2026-09-14T02:16:22.412+00:00,2026-09-14T02:21:17.197+00:00,2026-09-14T02:21:22.442+00:00,False,93,92.0,,92.0,294784.776908,300029.471948,300029.471949,3226.1233542903224,0.0,294784.776908,30561.85890057504,89.344243,57.00755478260869,28.243976897698108,0.3066365427458576,52,64,,False,False,Request timeout: 300.0s exceeded,380,21.16838264042747
211,2026-09-14T02:16:25.319+00:00,2026-09-14T02:21:19.021+00:00,2026-09-14T02:21:25.391+00:00,False,97,96.0,,96.0,293702.161347,300072.215491,300072.21528999996,3093.5279926804124,0.02264,293702.161347,29814.20574857891,89.27306779999999,66.35473066666667,20.13609501833203,0.31992298868096736,52,64,,False,False,Request timeout: 300.0s exceeded,385,21.16838264042747
212,2026-09-14T02:16:28.688+00:00,2026-09-14T02:21:22.311+00:00,2026-09-14T02:21:28.769+00:00,False,96,95.0,,95.0,293622.962848,300081.431968,300081.431914,3125.848249104167,0.0246,293622.962848,29960.83584576333,88.08900825,67.98388547368421,19.479926053483773,0.31658073402599124,52,64,,False,False,Request timeout: 300.0s exceeded,491,21.16838264042747
213,2026-09-14T02:16:32.746+00:00,2026-09-14T02:21:26.224+00:00,2026-09-14T02:21:32.855+00:00,False,100,99.0,,99.0,293477.94445099996,300109.39840299997,300109.39827099995,3001.0939827099996,0.044649999999999995,293477.94445099996,29341.103293720378,89.11381284999999,66.98438335353535,20.783884509129713,0.329879705623409,52,64,,False,False,Request timeout: 300.0s exceeded,374,21.16838264042747
214,2026-09-14T02:16:35.185+00:00,2026-09-14T02:21:29.069+00:00,2026-09-14T02:21:35.228+00:00,False,95,94.0,,94.0,293883.429964,300042.97095600003,300042.970762,3158.3470606526316,0.03411,293883.429964,30145.088386299998,91.6095277,65.52703182978723,21.520143992454877,0.3132884589847122,52,64,,False,False,Request timeout: 300.0s exceeded,355,21.16838264042747
215,2026-09-14T02:16:37.596+00:00,2026-09-14T02:21:31.280+00:00,2026-09-14T02:21:37.608+00:00,False,96,95.0,,95.0,293683.908664,300012.28396,300012.283896,3125.12795725,0.046020000000000005,293683.908664,29967.196619933584,90.64907825,66.61447679999999,20.61962550185136,0.31665370079535193,52,64,,False,False,Request timeout: 300.0s exceeded,422,21.16838264042747
216,2026-09-14T02:16:41.076+00:00,2026-09-14T02:21:34.801+00:00,2026-09-14T02:21:41.127+00:00,False,94,93.0,,93.0,293724.99035000004,300051.04859,300051.04875600006,3192.0324335744685,0.038009999999999995,293724.99035000004,30288.409887777103,86.74913314999999,68.02213161290322,19.60190031678636,0.30994725876488566,52,64,,False,False,Request timeout: 300.0s exceeded,377,21.16838264042747
217,2026-09-14T02:16:45.031+00:00,2026-09-14T02:21:39.022+00:00,2026-09-14T02:21:46.334+00:00,False,83,82.0,,82.0,293990.403866,301302.394394,301302.39426000003,3630.149328433735,0.05212,293990.403866,32260.603906173154,89.9789503,89.17061619512194,221.7045081893133,0.2721518365790754,52,64,,False,False,Request timeout: 300.0s exceeded,243,21.16838264042747
218,2026-09-14T02:16:48.904+00:00,2026-09-14T02:21:42.421+00:00,2026-09-14T02:21:48.914+00:00,False,111,110.0,,110.0,293516.42192299996,300010.307107,300010.30723499996,2702.7955606756755,0.01549,293516.42192299996,27854.474335483705,91.771891,59.03531985454545,202.83935559556792,0.3666540695242448,52,64,,False,False,Request timeout: 300.0s exceeded,502,21.16838264042747
219,2026-09-14T02:16:52.056+00:00,2026-09-14T02:21:46.629+00:00,2026-09-14T02:21:52.120+00:00,False,83,82.0,,82.0,294573.253013,300063.70011700003,300063.700234,3615.2253040240967,0.03731,294573.253013,32326.271904064084,87.6398361,66.956672,20.183377562501487,0.27327530776973946,52,64,,False,False,Request timeout: 300.0s exceeded,430,21.16838264042747
220,2026-09-14T02:16:55.174+00:00,2026-09-14T02:21:48.998+00:00,2026-09-14T02:21:55.214+00:00,False,92,91.0,,91.0,293824.435008,300040.8208,300040.820885,3261.3132704891304,0.02271,293824.435008,30626.19922686207,89.2098366,68.31193178021978,19.733291792925623,0.3032920645843,52,64,,False,False,Request timeout: 300.0s exceeded,421,21.16838264042747
221,2026-09-14T02:16:58.965+00:00,2026-09-14T02:21:53.233+00:00,2026-09-14T02:21:58.996+00:00,False,82,81.0,,81.0,294267.73402499995,300030.77351299993,300030.773481,3658.9118717195115,0.02618,294267.73402499995,32488.583296827783,87.79930955,71.14863565432098,18.859277055899426,0.269972306679036,52,64,,False,False,Request timeout: 300.0s exceeded,304,21.16838264042747
222,2026-09-14T02:17:02.286+00:00,2026-09-14T02:21:56.207+00:00,2026-09-14T02:22:02.365+00:00,False,91,90.0,,90.0,293920.869081,300078.768857,300078.768893,3297.568888934066,0.02461,293920.869081,30804.113144696985,89.315566,68.42110862222222,20.278310436483697,0.29992125181934726,52,64,,False,False,Request timeout: 300.0s exceeded,404,21.16838264042747
223,2026-09-14T02:17:06.528+00:00,2026-09-14T02:22:00.210+00:00,2026-09-14T02:22:06.591+00:00,False,97,96.0,,96.0,293681.74374400004,300062.70937600004,300062.709534,3093.4299951958765,0.037270000000000005,293681.74374400004,29812.12145299548,90.5464588,66.468392,20.63615168349848,0.31993312397811197,52,64,,False,False,Request timeout: 300.0s exceeded,323,21.16838264042747
224,2026-09-14T02:17:09.830+00:00,2026-09-14T02:22:03.445+00:00,2026-09-14T02:22:09.861+00:00,False,98,97.0,,97.0,293615.083999,300030.892767,300030.89265600004,3061.539720979592,0.03086,293615.083999,29652.92822898537,89.128799,66.1423584329897,20.76269061601573,0.32330004122385125,52,64,,False,False,Request timeout: 300.0s exceeded,439,21.16838264042747
225,2026-09-14T02:17:13.016+00:00,2026-09-14T02:22:06.765+00:00,2026-09-14T02:22:13.049+00:00,False,101,100.0,,100.0,293749.065488,300033.785616,300033.785673,2970.6315413168318,0.0,293749.065488,29222.94729712258,90.22581900000002,62.84720128,67.13834711621965,0.3332957979871827,52,64,,False,False,Request timeout: 300.0s exceeded,425,21.16838264042747
226,2026-09-14T02:17:17.040+00:00,2026-09-14T02:22:10.705+00:00,2026-09-14T02:22:17.078+00:00,False,103,102.0,,102.0,293665.315453,300038.236285,300038.23646000004,2912.9925869902913,0.0,293665.315453,28929.621419733598,87.8189141,62.479616,65.92981283944364,0.3399566710661249,52,64,,False,False,Request timeout: 300.0s exceeded,467,21.16838264042747
227,2026-09-14T02:17:20.993+00:00,2026-09-14T02:22:14.460+00:00,2026-09-14T02:22:21.014+00:00,False,97,96.0,,96.0,293467.295907,300021.389731,300021.38985100004,3093.0040190824743,0.03556,293467.295907,29790.163862303,88.9376996,68.27181066666667,19.729847568464653,0.3199771859135572,52,64,,False,False,Request timeout: 300.0s exceeded,272,21.16838264042747
228,2026-09-14T02:17:24.410+00:00,2026-09-14T02:22:17.408+00:00,2026-09-14T02:22:24.457+00:00,False,103,102.0,,102.0,292997.117374,300046.81772600004,300046.81787,2913.075901650486,0.02262,292997.117374,28863.06019244205,88.04011510000001,69.11470933333332,19.39216298691305,0.33994694818975035,52,64,,False,False,Request timeout: 300.0s exceeded,458,21.16838264042747
229,2026-09-14T02:17:28.424+00:00,2026-09-14T02:22:22.127+00:00,2026-09-14T02:22:28.465+00:00,False,97,96.0,,96.0,293703.401436,300040.97199600004,300040.972008,3093.2058969896907,0.03557,293703.401436,29814.36651207934,90.914938,66.01636,20.86423549742974,0.3199563025055118,52,64,,False,False,Request timeout: 300.0s exceeded,467,21.16838264042747
230,2026-09-14T02:17:31.070+00:00,2026-09-14T02:22:24.454+00:00,2026-09-14T02:22:31.110+00:00,False,99,98.0,,98.0,293384.05855699995,300040.348861,300040.34882599994,3030.71059420202,0.045219999999999996,293384.05855699995,29479.38772009395,90.94474,67.92132963265306,20.046040335989712,0.32662273714859785,52,64,,False,False,Request timeout: 300.0s exceeded,239,21.16838264042747
231,2026-09-14T02:17:34.985+00:00,2026-09-14T02:22:28.634+00:00,2026-09-14T02:22:35.039+00:00,False,91,90.0,,90.0,293649.290414,300053.826222,300053.826115,3297.294792472527,0.03557,293649.290414,30775.356963938946,91.396982,71.16150897777779,20.680682264851303,0.29994618343380813,52,64,,False,False,Request timeout: 300.0s exceeded,453,21.16838264042747
232,2026-09-14T02:17:38.443+00:00,2026-09-14T02:22:32.236+00:00,2026-09-14T02:22:38.450+00:00,False,90,89.0,,89.0,293792.60124800005,300007.055264,300007.055211,3333.411724566667,0.09112999999999999,293792.60124800005,30961.10623926059,91.93454944999998,69.8253260224719,21.165396622351967,0.2966596899585639,52,64,,False,False,Request timeout: 300.0s exceeded,321,21.16838264042747
233,2026-09-14T02:17:41.171+00:00,2026-09-14T02:22:35.167+00:00,2026-09-14T02:22:41.201+00:00,False,87,86.0,,86.0,293995.63447399996,300029.899818,300029.89976699994,3448.6195375517236,0.03387,293995.63447399996,31512.125112156238,91.76436600000001,70.16587609302326,21.416361143639403,0.28663809857673567,52,64,,False,False,Request timeout: 300.0s exceeded,470,21.16838264042747
234,2026-09-14T02:17:44.947+00:00,2026-09-14T02:22:38.905+00:00,2026-09-14T02:22:45.007+00:00,False,87,86.0,,86.0,293957.75038,300059.766892,300059.76697999996,3448.9628388505744,0.040530000000000004,293957.75038,31507.978615863034,91.5264833,70.95368037209302,20.75975501035932,0.2866095674564522,52,64,,False,False,Request timeout: 300.0s exceeded,190,21.16838264042747
235,2026-09-14T02:17:48.776+00:00,2026-09-14T02:22:42.320+00:00,2026-09-14T02:22:48.813+00:00,False,97,96.0,,96.0,293543.77318300004,300036.816127,300036.81604600005,3093.163052020619,0.03577,293543.77318300004,29797.99411965803,91.882342,67.635864,20.621380297796062,0.31996073428323873,52,64,,False,False,Request timeout: 300.0s exceeded,371,21.16838264042747
236,2026-09-14T02:17:52.278+00:00,2026-09-14T02:22:45.967+00:00,2026-09-14T02:22:52.347+00:00,False,93,92.0,,92.0,293688.55008200003,300068.247234,300068.24737700005,3226.5402943763443,0.024550000000000002,293688.55008200003,30446.89882342613,87.59919099999999,69.34453426086957,18.474071999499095,0.30659691869448724,52,64,,False,False,Request timeout: 300.0s exceeded,425,21.16838264042747
237,2026-09-14T02:17:55.171+00:00,2026-09-14T02:22:48.732+00:00,2026-09-14T02:22:55.199+00:00,False,97,96.0,,96.0,293560.913878,300028.55547799997,300028.555546,3093.077892226804,0.02312,293560.913878,29799.760430259248,88.21326579999999,67.37126666666667,19.217688829620506,0.31996954372244524,52,64,,False,False,Request timeout: 300.0s exceeded,422,21.16838264042747
238,2026-09-14T02:17:57.814+00:00,2026-09-14T02:22:51.523+00:00,2026-09-14T02:22:57.866+00:00,False,95,94.0,,94.0,293708.78902100003,300051.63292500004,300051.63283300004,3158.4382403473687,0.020599,293708.78902100003,30126.969935719782,90.286193,67.47706280851064,20.648711480124053,0.31327941489155614,52,64,,False,False,Request timeout: 300.0s exceeded,493,21.16838264042747
239,2026-09-14T02:18:00.348+00:00,2026-09-14T02:22:53.863+00:00,2026-09-14T02:23:00.401+00:00,False,95,94.0,,94.0,293514.686556,300052.96854,300052.96871499997,3158.4523022631574,0.03485,293514.686556,30106.84288391578,91.317853,69.55619131914894,21.726742100057294,0.3132780204021507,52,64,,False,False,Request timeout: 300.0s exceeded,142,21.16838264042747
240,2026-09-14T02:18:03.535+00:00,2026-09-14T02:22:57.344+00:00,2026-09-14T02:23:03.549+00:00,False,90,89.0,,89.0,293808.73018,300014.10746,300014.10749200004,3333.4900832444446,0.02081,293808.73018,30962.816781084846,90.84049845000001,69.72334022471911,20.64616915385769,0.29665271661222165,52,64,,False,False,Request timeout: 300.0s exceeded,401,21.16838264042747
241,2026-09-14T02:18:07.116+00:00,2026-09-14T02:23:00.397+00:00,2026-09-14T02:23:07.149+00:00,False,105,104.0,,104.0,293281.859319,300033.598711,300033.598587,2857.4628436857142,0.0,293281.859319,28615.117061890593,89.812394,64.92057107692308,65.33498775423341,0.3466278458372772,52,64,,False,False,Request timeout: 300.0s exceeded,582,21.16838264042747
242,2026-09-14T02:18:10.225+00:00,2026-09-14T02:23:04.140+00:00,2026-09-14T02:23:10.263+00:00,False,97,96.0,,96.0,293914.986667,300038.215851,300038.215913,3093.177483639175,0.0,293914.986667,29836.146544374362,89.8473084,63.78363733333334,68.28761180815572,0.31995924161765427,52,64,,False,False,Request timeout: 300.0s exceeded,389,21.16838264042747
243,2026-09-14T02:18:13.462+00:00,2026-09-14T02:23:07.624+00:00,2026-09-14T02:23:13.538+00:00,False,88,87.0,,87.0,294161.726682,300075.94978599995,300075.949769,3409.953974647727,0.026690000000000002,294161.726682,31350.505197802384,88.54535320000001,67.97957590804597,20.177234803845174,0.28992660045579893,52,64,,False,False,Request timeout: 300.0s exceeded,157,21.16838264042747
244,2026-09-14T02:18:16.546+00:00,2026-09-14T02:23:10.143+00:00,2026-09-14T02:23:16.597+00:00,False,90,89.0,,89.0,293597.06843,300050.510478,300050.510318,3333.894559088889,0.04493,293597.06843,30940.211038715563,89.95010500000001,72.51058480898877,19.333184910988482,0.2966167258246527,52,64,,False,False,Request timeout: 300.0s exceeded,365,21.16838264042747
245,2026-09-14T02:18:20.114+00:00,2026-09-14T02:23:13.705+00:00,2026-09-14T02:23:20.141+00:00,False,90,89.0,,89.0,293591.492198,300027.439206,300027.439093,3333.638212144445,0.03972,293591.492198,30939.644405050774,90.27569895,72.3140113258427,20.020304513241015,0.2966395348223209,52,64,,False,False,Request timeout: 300.0s exceeded,424,21.16838264042747
246,2026-09-14T02:18:24.338+00:00,2026-09-14T02:23:18.315+00:00,2026-09-14T02:23:24.374+00:00,False,91,90.0,,90.0,293976.25409299997,300035.612301,300035.61244299996,3297.094642230769,0.02427,293976.25409299997,30810.033997469644,89.15770199999999,67.3262023111111,20.507424423645112,0.2999643919259515,52,64,,False,False,Request timeout: 300.0s exceeded,475,21.16838264042747
247,2026-09-14T02:18:28.145+00:00,2026-09-14T02:23:21.794+00:00,2026-09-14T02:23:28.192+00:00,False,95,94.0,,94.0,293648.772181,300046.980949,300046.98107599997,3158.38927448421,0.08433,293648.772181,30120.751640206698,89.01887439999999,68.06605072340426,20.246740921910295,0.3132842720253116,52,64,,False,False,Request timeout: 300.0s exceeded,374,21.16838264042747
248,2026-09-14T02:18:30.758+00:00,2026-09-14T02:23:24.248+00:00,2026-09-14T02:23:30.823+00:00,False,98,97.0,,97.0,293489.93152,300065.633792,300065.633619,3061.8942206020406,0.02341,293489.93152,29640.11966720066,90.48425685000001,67.79074507216495,21.129797995624525,0.32326261016361046,52,64,,False,False,Request timeout: 300.0s exceeded,330,21.16838264042747
249,2026-09-14T02:18:33.774+00:00,2026-09-14T02:23:26.980+00:00,2026-09-14T02:23:33.595+00:00,True,100,100.0,,100.0,293206.371214,299820.635022,299820.63497199997,2998.2063497199997,40.390755,293206.371214,29313.962675123792,90.34325395,66.81074553535353,19.81323178089397,0.33353274697941415,52,64,,False,True,,481,21.16838264042747
250,2026-09-14T02:18:37.996+00:00,2026-09-14T02:23:31.625+00:00,2026-09-14T02:23:38.016+00:00,False,94,93.0,,93.0,293628.991476,300020.14974799997,300020.149707,3191.703720287234,0.054509999999999996,293628.991476,30278.43677253319,89.086863,68.72213195698924,20.532020530553694,0.3099791799921264,52,64,,False,False,Request timeout: 300.0s exceeded,208,21.16838264042747
251,2026-09-14T02:18:41.455+00:00,2026-09-14T02:23:35.297+00:00,2026-09-14T02:23:41.520+00:00,False,91,90.0,,90.0,293841.613375,300064.627263,300064.62746,3297.413488571429,0.02086,293841.613375,30795.728458898993,89.01582200000001,69.14459875555555,19.351776234912304,0.29993538665627856,52,64,,False,False,Request timeout: 300.0s exceeded,434,21.16838264042747
252,2026-09-14T02:18:43.948+00:00,2026-09-14T02:23:37.503+00:00,2026-09-14T02:23:44.006+00:00,False,97,96.0,,96.0,293554.47429600003,300057.92978400004,300057.92977900006,3093.3807193711345,0.019850000000000003,293554.47429600003,29799.06869763255,87.9642238,67.744328,19.196188367549535,0.3199382201600426,52,64,,False,False,Request timeout: 300.0s exceeded,451,21.16838264042747
253,2026-09-14T02:18:47.561+00:00,2026-09-14T02:23:41.525+00:00,2026-09-14T02:23:47.611+00:00,False,92,91.0,,91.0,293963.0602,300049.744104,300049.744083,3261.410261771739,0.026269999999999998,293963.0602,30640.800213677605,88.275144,66.8866363076923,19.283922700418078,0.30328304485558427,52,64,,False,False,Request timeout: 300.0s exceeded,485,21.16838264042747
254,2026-09-14T02:18:51.073+00:00,2026-09-14T02:23:45.013+00:00,2026-09-14T02:23:51.107+00:00,False,90,89.0,,89.0,293940.162075,300034.545691,300034.545672,3333.717174133333,0.02275,293940.162075,30976.80155617983,88.25683645000001,68.47622040449437,19.365078378939305,0.29663250875004055,52,64,,False,False,Request timeout: 300.0s exceeded,411,21.16838264042747
255,2026-09-14T02:18:54.147+00:00,2026-09-14T02:23:47.777+00:00,2026-09-14T02:23:54.168+00:00,False,94,93.0,,93.0,293629.533487,300021.243951,300021.243775,3191.7153593085104,0.03921,293629.533487,30278.49193072275,89.40170529999999,68.72806950537634,20.33173498940488,0.3099780494716865,52,64,,False,False,Request timeout: 300.0s exceeded,317,21.16838264042747
256,2026-09-14T02:18:56.801+00:00,2026-09-14T02:23:50.449+00:00,2026-09-14T02:23:56.888+00:00,False,94,93.0,,93.0,293647.475344,300087.15892799996,300087.15882099996,3192.416583202127,0.023059999999999997,293647.475344,30280.289719854834,89.72058365,69.24390950537634,20.973758843163733,0.309909961933138,52,64,,False,False,Request timeout: 300.0s exceeded,447,21.16838264042747
257,2026-09-14T02:19:00.562+00:00,2026-09-14T02:23:54.604+00:00,2026-09-14T02:24:00.608+00:00,False,97,96.0,,96.0,294041.449968,300045.727216,300045.727337,3093.254921,0.0213,294041.449968,29849.04349439156,91.51458639999998,62.54455466666666,22.064830897210573,0.3199512317363897,52,64,,False,False,Request timeout: 300.0s exceeded,458,21.16838264042747
258,2026-09-14T02:19:03.354+00:00,2026-09-14T02:23:57.146+00:00,2026-09-14T02:24:03.388+00:00,False,105,104.0,,104.0,293791.91661,300033.98125,300033.98120800004,2857.4664876952384,0.0,293791.91661,28665.372099799006,92.2166358,60.019852307692304,65.51706763056364,0.34662740389177166,52,64,,False,False,Request timeout: 300.0s exceeded,302,21.16838264042747
259,2026-09-14T02:19:07.124+00:00,2026-09-14T02:24:01.550+00:00,2026-09-14T02:24:07.134+00:00,False,85,84.0,,84.0,294425.917912,300009.61403999996,300009.61396999995,3529.5248702352937,0.02456,294425.917912,31927.771222564454,89.34160739999999,66.47257295238096,20.655821628455275,0.27999102718355007,52,64,,False,False,Request timeout: 300.0s exceeded,350,21.16838264042747
260,2026-09-14T02:19:10.688+00:00,2026-09-14T02:24:04.532+00:00,2026-09-14T02:24:10.751+00:00,False,95,94.0,,94.0,293844.463698,300063.728466,300063.728414,3158.5655622526315,0.03515,293844.463698,30141.024053150893,87.7883191,66.16239114893617,19.604439196129032,0.31326678662746493,52,64,,False,False,Request timeout: 300.0s exceeded,406,21.16838264042747
261,2026-09-14T02:19:13.097+00:00,2026-09-14T02:24:06.613+00:00,2026-09-14T02:24:13.138+00:00,False,99,98.0,,98.0,293516.582346,300041.05313,300041.053277,3030.717709868687,0.04248,293516.582346,29492.842092629064,88.061391,66.57623248979591,20.11505717627372,0.32662197048594926,52,64,,False,False,Request timeout: 300.0s exceeded,366,21.16838264042747
262,2026-09-14T02:19:15.681+00:00,2026-09-14T02:24:09.628+00:00,2026-09-14T02:24:15.720+00:00,False,91,90.0,,90.0,293947.163343,300038.497999,300038.49793899996,3297.126350978022,0.04349,293947.163343,30806.94667130839,88.24423399999999,67.68149617777779,19.665353896048536,0.29996150694068585,52,64,,False,False,Request timeout: 300.0s exceeded,371,21.16838264042747
263,2026-09-14T02:19:18.891+00:00,2026-09-14T02:24:12.743+00:00,2026-09-14T02:24:18.905+00:00,False,92,91.0,,91.0,293852.011921,300013.75144100003,300013.7513,3261.0190358695654,0.02494,293852.011921,30629.137408039947,88.55717055,67.71142329670329,20.47618511525703,0.30331942973585946,52,64,,False,False,Request timeout: 300.0s exceeded,465,21.16838264042747
264,2026-09-14T02:19:22.205+00:00,2026-09-14T02:24:15.971+00:00,2026-09-14T02:24:22.286+00:00,False,92,91.0,,91.0,293765.744511,300080.589439,300080.589397,3261.745536923913,0.0362,293765.744511,30619.96747558094,88.8187496,69.3939003076923,19.66668042879303,0.30325187033964546,52,64,,False,False,Request timeout: 300.0s exceeded,348,21.16838264042747
265,2026-09-14T02:19:25.959+00:00,2026-09-14T02:24:19.537+00:00,2026-09-14T02:24:25.985+00:00,False,96,95.0,,95.0,293577.47069700004,300025.63530500006,300025.63532100007,3125.2670345937504,0.04888,293577.47069700004,29956.204033694143,87.53132249999999,67.87541692631578,19.695853686552486,0.31663960949011877,52,64,,False,False,Request timeout: 300.0s exceeded,331,21.16838264042747
266,2026-09-14T02:19:29.292+00:00,2026-09-14T02:24:23.008+00:00,2026-09-14T02:24:29.298+00:00,False,97,96.0,,96.0,293715.760334,300005.772494,300005.77263099997,3092.8430168144328,0.01998,293715.760334,29815.67140269434,88.57549279999999,65.52096,20.477764360907038,0.3199938427915415,52,64,,False,False,Request timeout: 300.0s exceeded,464,21.16838264042747
267,2026-09-14T02:19:32.478+00:00,2026-09-14T02:24:26.358+00:00,2026-09-14T02:24:32.523+00:00,False,94,93.0,,93.0,293879.680376,300044.802424,300044.802567,3191.9659847553194,0.04302,293879.680376,30304.54378055653,89.0186786,66.29163492473118,20.14305271592263,0.3099537110747202,52,64,,False,False,Request timeout: 300.0s exceeded,423,21.16838264042747
268,2026-09-14T02:19:35.491+00:00,2026-09-14T02:24:29.389+00:00,2026-09-14T02:24:35.538+00:00,False,90,89.0,,89.0,293898.087415,300046.782199,300046.78219,3333.8531354444444,0.048829,293898.087415,30972.302495959382,86.8138314,69.08645824719102,19.879489052019057,0.2966204114829418,52,64,,False,False,Request timeout: 300.0s exceeded,386,21.16838264042747
269,2026-09-14T02:19:38.343+00:00,2026-09-14T02:24:31.924+00:00,2026-09-14T02:24:38.375+00:00,False,95,94.0,,94.0,293581.13828899997,300031.98526499997,300031.98532599997,3158.23142448421,0.037509999999999995,293581.13828899997,30113.75488810889,88.21488799999999,68.62603165957447,19.928533747417315,0.31329993006237494,52,64,,False,False,Request timeout: 300.0s exceeded,390,21.16838264042747
270,2026-09-14T02:19:40.925+00:00,2026-09-14T02:24:34.254+00:00,2026-09-14T02:24:40.968+00:00,False,98,97.0,,97.0,293328.61378500005,300042.248857,300042.248696,3061.655598938776,0.050669,293328.61378500005,29623.679746306338,90.154226,69.21273270103093,20.068265897790365,0.3232878048658746,52,64,,False,False,Request timeout: 300.0s exceeded,409,21.16838264042747
271,2026-09-14T02:19:44.588+00:00,2026-09-14T02:24:37.962+00:00,2026-09-14T02:24:44.630+00:00,False,94,93.0,,93.0,293373.68428,300041.973304,300041.973319,3191.93588637234,0.044700000000000004,293373.68428,30251.796257441063,89.87822049999998,71.70203251612904,20.169580609205404,0.3099566336532962,52,64,,False,False,Request timeout: 300.0s exceeded,228,21.16838264042747
272,2026-09-14T02:19:47.588+00:00,2026-09-14T02:24:41.267+00:00,2026-09-14T02:24:47.595+00:00,False,60,59.0,,59.0,293679.65582499997,300007.707793,300007.707801,5000.128463349999,0.05029,293679.65582499997,37901.07742999212,91.32714045,107.25511810169492,283.65439458634694,0.19666161390996315,52,64,,False,False,Request timeout: 300.0s exceeded,138,21.16838264042747
273,2026-09-14T02:19:50.779+00:00,2026-09-14T02:24:44.587+00:00,2026-09-14T02:24:50.796+00:00,False,104,103.0,,103.0,293808.260326,300016.45386199997,300016.453914,2884.773595326923,0.015220000000000001,293808.260326,28805.1883192112,92.27802895,60.27372365048544,219.52600580832228,0.3433145038351043,52,64,,False,False,Request timeout: 300.0s exceeded,637,21.16838264042747
274,2026-09-14T02:19:54.801+00:00,2026-09-14T02:24:48.957+00:00,2026-09-14T02:24:54.879+00:00,False,85,84.0,,84.0,294155.248411,300077.867547,300077.867584,3530.327853929412,0.03829,294155.248411,31897.975442186947,91.01610000000001,70.50737066666667,20.777760108340395,0.2799273424816758,52,64,,False,False,Request timeout: 300.0s exceeded,336,21.16838264042747
275,2026-09-14T02:19:57.180+00:00,2026-09-14T02:24:50.716+00:00,2026-09-14T02:24:57.241+00:00,False,98,97.0,,97.0,293535.44355900004,300060.456039,300060.45589000004,3061.841386632653,0.0,293535.44355900004,29644.839833146078,88.65204100000001,67.26816989690721,68.10367682082924,0.32326818828600506,52,64,,False,False,Request timeout: 300.0s exceeded,236,21.16838264042747
276,2026-09-14T02:20:01.384+00:00,2026-09-14T02:24:55.220+00:00,2026-09-14T02:25:01.471+00:00,False,98,97.0,,97.0,293836.027037,300087.282333,300087.28224699997,3062.1151249693876,0.0,293836.027037,29675.488728729473,88.01089705,64.44593088659794,68.26631132830525,0.3232392897355821,52,64,,False,False,Request timeout: 300.0s exceeded,431,21.16838264042747
277,2026-09-14T02:20:05.297+00:00,2026-09-14T02:24:59.165+00:00,2026-09-14T02:25:05.337+00:00,False,94,93.0,,93.0,293867.74900300003,300039.13793100003,300039.13793200004,3191.9057226808513,0.024399999999999998,293867.74900300003,30303.30579409548,87.22150395,66.3590207311828,19.510503811930324,0.30995956274673475,52,64,,False,False,Request timeout: 300.0s exceeded,502,21.16838264042747
278,2026-09-14T02:20:07.877+00:00,2026-09-14T02:25:01.759+00:00,2026-09-14T02:25:07.922+00:00,False,93,92.0,,92.0,293882.24408499995,300045.36472499993,300045.36455899995,3226.294242569892,0.022079,293882.24408499995,30467.229363928218,89.12184120000002,66.99044173913043,20.532499212285735,0.30662030084790876,52,64,,False,False,Request timeout: 300.0s exceeded,417,21.16838264042747
279,2026-09-14T02:20:10.544+00:00,2026-09-14T02:25:04.271+00:00,2026-09-14T02:25:10.573+00:00,False,93,92.0,,92.0,293726.95170499996,300029.041177,300029.040956,3226.1187199569886,0.03514,293726.95170499996,30450.968921759362,88.7325886,68.50097252173913,19.38889641813704,0.30663698300367287,52,64,,False,False,Request timeout: 300.0s exceeded,401,21.16838264042747
280,2026-09-14T02:20:14.320+00:00,2026-09-14T02:25:08.082+00:00,2026-09-14T02:25:14.334+00:00,False,90,89.0,,89.0,293762.568212,300014.457108,300014.457131,3333.493968122222,0.02121,293762.568212,30957.89523561837,88.2177029,70.24594265168538,19.777503647274955,0.29665237088211904,52,64,,False,False,Request timeout: 300.0s exceeded,468,21.16838264042747
281,2026-09-14T02:20:16.856+00:00,2026-09-14T02:25:10.451+00:00,2026-09-14T02:25:16.886+00:00,False,93,92.0,,92.0,293595.079708,300029.874716,300029.87457,3226.1276835483873,0.049109,293595.079708,30437.14555829095,89.41650959999998,69.943424,20.46699069059995,0.3066361311088926,52,64,,False,False,Request timeout: 300.0s exceeded,484,21.16838264042747
282,2026-09-14T02:20:19.485+00:00,2026-09-14T02:25:13.167+00:00,2026-09-14T02:25:19.506+00:00,False,92,91.0,,91.0,293681.602207,300020.626079,300020.62589,3261.093759673913,0.035629,293681.602207,30611.168068458046,89.9191656,69.65960298901099,20.789693585236705,0.30331247950945317,52,64,,False,False,Request timeout: 300.0s exceeded,374,21.16838264042747
283,2026-09-14T02:20:22.679+00:00,2026-09-14T02:25:16.281+00:00,2026-09-14T02:25:22.729+00:00,False,96,95.0,,95.0,293601.75208899996,300050.1901049999,300050.19017099997,3125.5228142812493,0.03953,293601.75208899996,29958.682782472675,90.77247824999999,67.87829490526316,20.938574527982777,0.31661369708432974,52,64,,False,False,Request timeout: 300.0s exceeded,315,21.16838264042747
284,2026-09-14T02:20:26.512+00:00,2026-09-14T02:25:20.200+00:00,2026-09-14T02:25:26.547+00:00,False,96,95.0,,95.0,293688.62551700004,300035.35422100005,300035.354234,3125.368273270834,0.0395,293688.62551700004,29967.658322672523,90.1637845,66.80767056842105,20.63268586075963,0.3166293527196295,52,64,,False,False,Request timeout: 300.0s exceeded,500,21.16838264042747
285,2026-09-14T02:20:28.988+00:00,2026-09-14T02:25:22.685+00:00,2026-09-14T02:25:29.027+00:00,False,95,94.0,,94.0,293697.75373,300039.063938,300039.06384,3158.3059351578945,0.03529,293697.75373,30125.839545405288,89.99923569999999,67.46074689361701,20.84305783116507,0.3132925385323297,52,64,,False,False,Request timeout: 300.0s exceeded,447,21.16838264042747
286,2026-09-14T02:20:31.381+00:00,2026-09-14T02:25:24.886+00:00,2026-09-14T02:25:31.403+00:00,False,93,92.0,,92.0,293504.53454,300021.94382000004,300021.94384,3226.0424068817206,0.024460000000000003,293504.53454,30427.663775270306,91.58564480000001,70.8414052173913,21.100326738439712,0.30664423684687525,52,64,,False,False,Request timeout: 300.0s exceeded,393,21.16838264042747
287,2026-09-14T02:20:34.585+00:00,2026-09-14T02:25:28.195+00:00,2026-09-14T02:25:34.674+00:00,False,92,91.0,,91.0,293609.71657,300088.415834,300088.41575,3261.830605978261,0.02318,293609.71657,30603.513331423488,91.22169600000001,71.19449740659341,20.611641535016652,0.3032439614408125,52,64,,False,False,Request timeout: 300.0s exceeded,448,21.16838264042747
288,2026-09-14T02:20:37.068+00:00,2026-09-14T02:25:30.738+00:00,2026-09-14T02:25:37.079+00:00,False,93,92.0,,92.0,293669.996736,300011.51584,300011.515893,3225.9302784193546,0.02745,293669.996736,30445.01927298307,91.2340488,68.92955547826088,20.541285788199286,0.30665489537096563,52,64,,False,False,Request timeout: 300.0s exceeded,416,21.16838264042747
289,2026-09-14T02:20:40.412+00:00,2026-09-14T02:25:34.416+00:00,2026-09-14T02:25:40.457+00:00,False,90,89.0,,89.0,294004.061092,300044.650404,300044.650415,3333.8294490555554,0.03986,294004.061092,30983.60107105708,87.89155605,67.8717900224719,19.774822996673,0.29662251894897806,52,64,,False,False,Request timeout: 300.0s exceeded,461,21.16838264042747
290,2026-09-14T02:20:43.531+00:00,2026-09-14T02:25:37.600+00:00,2026-09-14T02:25:43.587+00:00,False,87,86.0,,86.0,294069.03994700004,300055.59124300006,300055.59114400006,3448.914840735633,0.02243,294069.03994700004,31520.05361024068,88.097111,69.61106158139535,20.07069257095246,0.2866135559872067,52,64,,False,False,Request timeout: 300.0s exceeded,385,21.16838264042747
291,2026-09-14T02:20:47.185+00:00,2026-09-14T02:25:40.847+00:00,2026-09-14T02:25:47.193+00:00,False,93,92.0,,92.0,293662.536187,300007.99794699997,300007.998059,3225.8924522473117,0.02668,293662.536187,30444.241140182305,90.03045399999999,68.9724104347826,20.441918285370363,0.3066584912054675,52,64,,False,False,Request timeout: 300.0s exceeded,466,21.16838264042747
292,2026-09-14T02:20:51.444+00:00,2026-09-14T02:25:45.593+00:00,2026-09-14T02:25:51.606+00:00,False,75,74.0,,74.0,294148.945955,300162.188323,300162.188317,4002.1625108933335,0.02537,294148.945955,33956.08630063748,89.50799500000001,81.260032,71.7474494444265,0.24653338387968352,52,64,,False,False,Request timeout: 300.0s exceeded,353,21.16838264042747
293,2026-09-14T02:20:55.313+00:00,2026-09-14T02:25:49.326+00:00,2026-09-14T02:25:55.330+00:00,False,95,94.0,,94.0,294012.584038,300016.97494999995,300016.97496499994,3158.0734206842103,0.0,294012.584038,30158.58126321805,90.3082818,63.87649906382979,69.92779203278194,0.31331560494423955,52,64,,False,False,Request timeout: 300.0s exceeded,467,21.16838264042747
294,2026-09-14T02:20:59.442+00:00,2026-09-14T02:25:53.256+00:00,2026-09-14T02:25:59.475+00:00,False,94,93.0,,93.0,293814.015398,300032.64887000003,300032.648753,3191.8366888617024,0.02134,293814.015398,30297.71186469986,90.2049328,66.86702658064516,20.526855268525395,0.3099662665055349,52,64,,False,False,Request timeout: 300.0s exceeded,372,21.16838264042747
295,2026-09-14T02:21:03.416+00:00,2026-09-14T02:25:57.341+00:00,2026-09-14T02:26:03.489+00:00,False,89,88.0,,88.0,293924.607786,300072.760618,300072.76040100004,3371.604049449438,0.037149999999999996,293924.607786,31148.54711732969,90.532179,69.86537309090909,20.575261336353243,0.29326220686864063,52,64,,False,False,Request timeout: 300.0s exceeded,425,21.16838264042747
296,2026-09-14T02:21:06.543+00:00,2026-09-14T02:26:00.462+00:00,2026-09-14T02:26:06.603+00:00,False,88,87.0,,87.0,293919.21504900005,300059.48052100005,300059.480502,3409.7668238863644,0.02414,293919.21504900005,31324.376136393814,89.1777232,70.577764045977,19.745363851898215,0.28994251356077777,52,64,,False,False,Request timeout: 300.0s exceeded,410,21.16838264042747
297,2026-09-14T02:21:10.327+00:00,2026-09-14T02:26:04.125+00:00,2026-09-14T02:26:10.369+00:00,False,95,94.0,,94.0,293798.625306,300042.634522,300042.634709,3158.3435232526317,0.0495,293798.625306,30136.294972648353,90.8387221,66.4256299574468,20.87801454803561,0.3132888102710872,52,64,,False,False,Request timeout: 300.0s exceeded,467,21.16838264042747
298,2026-09-14T02:21:14.183+00:00,2026-09-14T02:26:08.069+00:00,2026-09-14T02:26:14.262+00:00,False,90,89.0,,89.0,293886.220794,300079.50796200003,300079.507942,3334.2167549111114,0.02861,293886.220794,30970.999071728875,89.75659545,69.58749626966292,20.25600131087948,0.2965880629585354,52,64,,False,False,Request timeout: 300.0s exceeded,474,21.16838264042747
299,2026-09-14T02:21:18.462+00:00,2026-09-14T02:26:12.447+00:00,2026-09-14T02:26:18.555+00:00,False,91,90.0,,90.0,293984.952136,300092.94573599997,300092.945685,3297.7246778571425,0.02469,293984.952136,30810.88927535336,91.02513749999999,67.86659555555555,20.6946566513419,0.29990708305144725,52,64,,False,False,Request timeout: 300.0s exceeded,416,21.16838264042747
300,2026-09-14T02:21:22.106+00:00,2026-09-14T02:26:15.865+00:00,2026-09-14T02:26:22.120+00:00,False,96,95.0,,95.0,293758.455456,300013.437088,300013.437105,3125.13996984375,0.019489999999999997,293758.455456,29974.883815973633,90.416439,65.84191191578947,20.543434128274562,0.31665248370903665,52,64,,False,False,Request timeout: 300.0s exceeded,469,21.16838264042747
301,2026-09-14T02:21:24.753+00:00,2026-09-14T02:26:18.556+00:00,2026-09-14T02:26:24.763+00:00,False,90,89.0,,89.0,293803.372212,300010.161076,300010.160973,3333.4462330333336,0.023559999999999998,293803.372212,30962.2499342179,90.2161844,69.73920071910113,20.03673186636052,0.2966566188318338,52,64,,False,False,Request timeout: 300.0s exceeded,421,21.16838264042747
302,2026-09-14T02:21:27.585+00:00,2026-09-14T02:26:21.472+00:00,2026-09-14T02:26:27.637+00:00,False,90,89.0,,89.0,293886.144039,300051.11146299995,300051.11137899995,3333.901237544444,0.02487,293886.144039,30971.024411180126,89.0805285,69.2692968988764,20.08344998053361,0.2966161317185283,52,64,,False,False,Request timeout: 300.0s exceeded,220,21.16838264042747
303,2026-09-14T02:21:30.646+00:00,2026-09-14T02:26:24.212+00:00,2026-09-14T02:26:30.656+00:00,False,98,97.0,,97.0,293566.416625,300010.435057,300010.434835,3061.3309677040816,0.02529,293566.416625,29647.982722544675,88.95043700000001,66.4331797113402,20.786927411728556,0.3233220870519741,52,64,,False,False,Request timeout: 300.0s exceeded,374,21.16838264042747
304,2026-09-14T02:21:33.201+00:00,2026-09-14T02:26:26.827+00:00,2026-09-14T02:26:33.273+00:00,False,96,95.0,,95.0,293625.661411,300072.044515,300072.044755,3125.750466197917,0.02652,293625.661411,29961.124888831517,87.670507,67.85666425263157,20.447663031738717,0.31659063793678766,52,64,,False,False,Request timeout: 300.0s exceeded,486,21.16838264042747
305,2026-09-14T02:21:36.369+00:00,2026-09-14T02:26:30.065+00:00,2026-09-14T02:26:36.395+00:00,False,94,93.0,,93.0,293695.826374,300026.152646,300026.152554,3191.767580361702,0.044899999999999995,293695.826374,30285.39710884503,87.83280315,68.06802443010753,19.583292550477225,0.30997297795479334,52,64,,False,False,Request timeout: 300.0s exceeded,235,21.16838264042747
306,2026-09-14T02:21:39.412+00:00,2026-09-14T02:26:32.768+00:00,2026-09-14T02:26:39.493+00:00,False,102,101.0,,101.0,293355.549804,300080.1683,300080.168341,2941.9624347156864,0.02638,293355.549804,29039.94249801033,88.9042165,66.58038114851485,20.62602507179696,0.3365767240540434,52,64,,False,False,Request timeout: 300.0s exceeded,422,21.16838264042747
307,2026-09-14T02:21:42.519+00:00,2026-09-14T02:26:36.046+00:00,2026-09-14T02:26:42.554+00:00,False,98,97.0,,97.0,293526.261144,300034.545048,300034.54502799996,3061.5769900816326,0.023509,293526.261144,29643.859528623263,91.03945985,67.09571035051546,20.854699236838552,0.3232961057350306,52,64,,False,False,Request timeout: 300.0s exceeded,452,21.16838264042747
308,2026-09-14T02:21:46.325+00:00,2026-09-14T02:26:39.789+00:00,2026-09-14T02:26:46.480+00:00,False,104,103.0,,103.0,293463.306239,300154.285823,300154.285748,2886.0989014230768,0.0,293463.306239,28770.140608722893,89.0722155,64.96096683495145,61.8528880107292,0.3431568525419582,52,64,,False,False,Request timeout: 300.0s exceeded,462,21.16838264042747
309,2026-09-14T02:21:47.774+00:00,2026-09-14T02:26:41.257+00:00,2026-09-14T02:26:47.821+00:00,False,105,104.0,,104.0,293482.39827899996,300046.88058299996,300046.880716,2857.5893401523804,0.0,293482.39827899996,28634.85740267055,92.41068680000001,63.12002215384615,62.65942785616149,0.34661250201276855,52,64,,False,False,Request timeout: 300.0s exceeded,545,21.16838264042747
310,2026-09-14T02:21:51.734+00:00,2026-09-14T02:26:46.477+00:00,2026-09-14T02:26:51.775+00:00,False,92,91.0,,91.0,294743.993267,300041.462707,300041.462809,3261.320247923913,0.0,294743.993267,30723.129109337093,89.09927069999999,58.21394989010989,28.207711867092584,0.30329141572298085,52,64,,False,False,Request timeout: 300.0s exceeded,413,21.16838264042747
311,2026-09-14T02:21:55.936+00:00,2026-09-14T02:26:49.514+00:00,2026-09-14T02:26:55.980+00:00,False,98,97.0,,97.0,293578.011072,300043.81817600003,300043.818195,3061.671614234694,0.0402,293578.011072,29649.131049907763,89.10769105,66.65780519587628,20.50029134026981,0.32328611397386514,52,64,,False,False,Request timeout: 300.0s exceeded,451,21.16838264042747
312,2026-09-14T02:21:58.906+00:00,2026-09-14T02:26:52.709+00:00,2026-09-14T02:26:58.934+00:00,False,90,89.0,,89.0,293803.723677,300028.788893,300028.78872899996,3333.6532080999996,0.01891,293803.723677,30962.26532730168,90.58709990000001,69.94455298876404,20.023233078076835,0.296638200381965,52,64,,False,False,Request timeout: 300.0s exceeded,392,21.16838264042747
313,2026-09-14T02:22:02.329+00:00,2026-09-14T02:26:55.984+00:00,2026-09-14T02:27:02.413+00:00,False,92,91.0,,91.0,293654.62059299997,300084.16580899997,300084.165933,3261.784412315217,0.03196,293654.62059299997,30608.25016080238,88.4388826,70.65434303296703,18.965860325608862,0.3032482562172922,52,64,,False,False,Request timeout: 300.0s exceeded,317,21.16838264042747
314,2026-09-14T02:22:05.962+00:00,2026-09-14T02:26:59.967+00:00,2026-09-14T02:27:06.042+00:00,False,89,88.0,,88.0,294004.800255,300079.887103,300079.887193,3371.684125764045,0.02348,294004.800255,31157.13520624441,89.37682939999999,69.03507781818182,20.1031605369864,0.2932552422941785,52,64,,False,False,Request timeout: 300.0s exceeded,382,21.16838264042747
315,2026-09-14T02:22:09.659+00:00,2026-09-14T02:27:03.789+00:00,2026-09-14T02:27:09.687+00:00,False,90,89.0,,89.0,294129.437632,300027.911104,300027.911214,3333.6434579333336,0.05205,294129.437632,30996.98532849845,88.38088295,66.27498283146068,19.92370657972006,0.2966390682537184,52,64,,False,False,Request timeout: 300.0s exceeded,443,21.16838264042747
316,2026-09-14T02:22:12.830+00:00,2026-09-14T02:27:06.845+00:00,2026-09-14T02:27:12.880+00:00,False,89,88.0,,88.0,294015.56009399996,300049.74761399993,300049.747849,3371.3454814494376,0.02066,294015.56009399996,31158.324921609186,86.83836040000001,68.57031272727274,19.961780945279614,0.293284699286626,52,64,,False,False,Request timeout: 300.0s exceeded,395,21.16838264042747
317,2026-09-14T02:22:15.207+00:00,2026-09-14T02:27:09.387+00:00,2026-09-14T02:27:15.253+00:00,False,89,88.0,,88.0,294179.479669,300045.431157,300045.43119900004,3371.2969797640453,0.02053,294179.479669,31175.903407403643,89.82764999999999,66.65853963636363,20.586096260060412,0.29328891848366,52,64,,False,False,Request timeout: 300.0s exceeded,357,21.16838264042747
318,2026-09-14T02:22:19.414+00:00,2026-09-14T02:27:13.535+00:00,2026-09-14T02:27:19.428+00:00,False,88,87.0,,87.0,294120.918444,300013.741484,300013.741578,3409.2470633863636,0.02413,294120.918444,31346.18161955584,89.00806684999999,67.73359816091954,20.754379164930704,0.28998671717388586,52,64,,False,False,Request timeout: 300.0s exceeded,416,21.16838264042747
319,2026-09-14T02:22:23.204+00:00,2026-09-14T02:27:16.855+00:00,2026-09-14T02:27:23.244+00:00,False,93,92.0,,92.0,293651.54818800004,300040.14722800005,300040.147455,3226.2381446774198,0.03674,293651.54818800004,30443.052506303196,87.886279,69.44129391304348,19.500858859566637,0.3066256327693685,52,64,,False,False,Request timeout: 300.0s exceeded,514,21.16838264042747
320,2026-09-14T02:22:25.848+00:00,2026-09-14T02:27:19.554+00:00,2026-09-14T02:27:25.924+00:00,False,91,90.0,,90.0,293705.628814,300076.376974,300076.376829,3297.5426025164834,0.04183,293705.628814,30781.301322751955,87.874249,70.78609066666667,19.337396114352916,0.29992364246585795,52,64,,False,False,Request timeout: 300.0s exceeded,265,21.16838264042747
321,2026-09-14T02:22:29.150+00:00,2026-09-14T02:27:22.728+00:00,2026-09-14T02:27:29.182+00:00,False,94,93.0,,93.0,293577.614136,300031.543864,300031.543825,3191.8249343085104,0.03725,293577.614136,30273.067148881855,89.020091,69.39709384946237,19.23957134466948,0.30996740810078144,52,64,,False,False,Request timeout: 300.0s exceeded,392,21.16838264042747
322,2026-09-14T02:22:33.063+00:00,2026-09-14T02:27:26.638+00:00,2026-09-14T02:27:33.143+00:00,False,101,100.0,,100.0,293574.945983,300080.732095,300080.732163,2971.096358049505,0.039939999999999996,293574.945983,29205.332095637223,86.78635700000001,65.05786112,19.82008266037433,0.33324365513858406,52,64,,False,False,Request timeout: 300.0s exceeded,397,21.16838264042747
323,2026-09-14T02:22:36.239+00:00,2026-09-14T02:27:30.185+00:00,2026-09-14T02:27:36.326+00:00,False,96,95.0,,95.0,293945.70422200003,300086.286366,300086.286243,3125.8988150312503,0.02216,293945.70422200003,29994.11732701058,87.21533074999999,64.63770677894736,19.966579125631746,0.3165756128026901,52,64,,False,False,Request timeout: 300.0s exceeded,421,21.16838264042747
324,2026-09-14T02:22:38.961+00:00,2026-09-14T02:27:33.061+00:00,2026-09-14T02:27:39.019+00:00,False,89,88.0,,88.0,294100.571946,300058.450986,300058.451022,3371.443269910112,0.027739999999999997,294100.571946,31167.428100776193,90.0457832,67.7031709090909,20.00222292400612,0.29327619239128133,52,64,,False,False,Request timeout: 300.0s exceeded,304,21.16838264042747
325,2026-09-14T02:22:41.601+00:00,2026-09-14T02:27:35.400+00:00,2026-09-14T02:27:41.645+00:00,False,90,89.0,,89.0,293799.727732,300043.946356,300043.946504,3333.821627822222,0.03791,293799.727732,30961.8211528678,89.151857,70.15975982022472,19.580818610602588,0.29662321496865707,52,64,,False,False,Request timeout: 300.0s exceeded,490,21.16838264042747
326,2026-09-14T02:22:44.383+00:00,2026-09-14T02:27:38.118+00:00,2026-09-14T02:27:44.416+00:00,False,96,95.0,,95.0,293735.099029,300032.784789,300032.78482899995,3125.3415086354166,0.0,293735.099029,29972.524538570895,89.64434575,66.29142905263159,68.46474103998985,0.31663206428193963,52,64,,False,False,Request timeout: 300.0s exceeded,465,21.16838264042747
327,2026-09-14T02:22:47.878+00:00,2026-09-14T02:27:42.394+00:00,2026-09-14T02:27:47.933+00:00,False,98,97.0,,97.0,294515.449643,300054.505515,300054.50556500006,3061.7806690306124,0.0,294515.449643,29744.798993223812,90.06176299999998,57.10366878350516,29.265187253223417,0.3232745991716191,52,64,,False,False,Request timeout: 300.0s exceeded,403,21.16838264042747
328,2026-09-14T02:22:51.332+00:00,2026-09-14T02:27:45.048+00:00,2026-09-14T02:27:51.348+00:00,False,92,91.0,,91.0,293715.765233,300016.290545,300016.290516,3261.046636043478,0.03719,293715.765233,30614.773525702334,88.67838104999998,69.23654189010989,20.199783664019915,0.30331686267666436,52,64,,False,False,Request timeout: 300.0s exceeded,421,21.16838264042747
329,2026-09-14T02:22:53.848+00:00,2026-09-14T02:27:47.809+00:00,2026-09-14T02:27:53.888+00:00,False,88,87.0,,87.0,293960.968577,300040.420737,300040.420877,3409.550237238637,0.046979999999999994,293960.968577,31328.90146425782,88.2712412,69.8787604597701,19.54188657942676,0.28996093188477334,52,64,,False,False,Request timeout: 300.0s exceeded,376,21.16838264042747
330,2026-09-14T02:22:57.433+00:00,2026-09-14T02:27:51.106+00:00,2026-09-14T02:27:57.445+00:00,False,95,94.0,,94.0,293672.484837,300011.357925,300011.35791,3158.014293789474,0.033299999999999996,293672.484837,30123.24938785497,88.7604397,67.43482008510638,20.42337227009491,0.3133214710607693,52,64,,False,False,Request timeout: 300.0s exceeded,311,21.16838264042747
331,2026-09-14T02:22:59.840+00:00,2026-09-14T02:27:53.594+00:00,2026-09-14T02:27:59.917+00:00,False,94,93.0,,93.0,293753.919346,300076.74661000003,300076.746462,3192.305813425532,0.0265,293753.919346,30291.397916936887,89.01685649999999,67.98738993548388,20.589268367897372,0.3099207154524008,52,64,,False,False,Request timeout: 300.0s exceeded,306,21.16838264042747
332,2026-09-14T02:23:03.650+00:00,2026-09-14T02:27:57.533+00:00,2026-09-14T02:28:03.710+00:00,False,93,92.0,,92.0,293883.746894,300060.23738999997,300060.23738899996,3226.454165473118,0.037399999999999996,293883.746894,30467.37047936543,88.9726656,67.13576626086956,21.052564591870766,0.3066051030294428,52,64,,False,False,Request timeout: 300.0s exceeded,134,21.16838264042747
333,2026-09-14T02:23:06.406+00:00,2026-09-14T02:28:00.045+00:00,2026-09-14T02:28:06.569+00:00,False,98,97.0,,97.0,293638.87472100003,300162.683489,300162.683664,3062.884527183674,0.04832,293638.87472100003,29655.218440015233,88.38009585,67.25576049484536,19.963153253266373,0.3231580917138047,52,64,,False,False,Request timeout: 300.0s exceeded,407,21.16838264042747
334,2026-09-14T02:23:09.363+00:00,2026-09-14T02:28:03.416+00:00,2026-09-14T02:28:09.442+00:00,False,88,87.0,,87.0,294053.15304799995,300079.5950319999,300079.59514999995,3409.9953994318175,0.018869,294053.15304799995,31338.79429507213,91.1694567,69.26944809195402,21.0750925000261,0.28992307854428584,52,64,,False,False,Request timeout: 300.0s exceeded,419,21.16838264042747
335,2026-09-14T02:23:12.641+00:00,2026-09-14T02:28:06.782+00:00,2026-09-14T02:28:14.652+00:00,False,80,79.0,,79.0,294140.86072500004,302010.51755700004,302010.517515,3775.1314689375004,0.030780000000000002,294140.86072500004,32876.09143355738,94.24485324999999,99.61590926582278,292.05647327919286,0.2615802940872412,52,64,,False,False,Request timeout: 300.0s exceeded,343,21.16838264042747
336,2026-09-14T02:23:16.916+00:00,2026-09-14T02:28:10.560+00:00,2026-09-14T02:28:16.955+00:00,False,106,105.0,,105.0,293644.907854,300039.897678,300039.89768,2830.56507245283,0.015470000000000001,293644.907854,28516.648173544956,92.19505999999997,60.90466499047619,268.1755090440112,0.3499534588986063,52,64,,False,False,Request timeout: 300.0s exceeded,244,21.16838264042747
337,2026-09-14T02:23:20.634+00:00,2026-09-14T02:28:15.917+00:00,2026-09-14T02:28:20.649+00:00,False,69,68.0,,68.0,295282.945547,300014.981387,300014.981538,4348.043210695652,0.06681999999999999,295282.945547,35539.517715287184,88.29375180000001,69.58876235294117,20.65989749356212,0.22665534796172185,52,64,,False,False,Request timeout: 300.0s exceeded,301,21.16838264042747
338,2026-09-14T02:23:23.567+00:00,2026-09-14T02:28:17.213+00:00,2026-09-14T02:28:23.610+00:00,False,91,90.0,,90.0,293645.66095700004,300042.629405,300042.629353,3297.1717511318684,0.03655,293645.66095700004,30774.984182166285,88.72257250000001,71.0774272,18.911329248177726,0.29995737665169325,52,64,,False,False,Request timeout: 300.0s exceeded,412,21.16838264042747
339,2026-09-14T02:23:26.100+00:00,2026-09-14T02:28:19.638+00:00,2026-09-14T02:28:26.161+00:00,False,96,95.0,,95.0,293538.09299800004,300060.40595800005,300060.40594900004,3125.629228635417,0.02047,293538.09299800004,29952.10609464429,90.28166449999999,68.65592589473684,20.729217650995164,0.3166029176581775,52,64,,False,False,Request timeout: 300.0s exceeded,330,21.16838264042747
340,2026-09-14T02:23:28.977+00:00,2026-09-14T02:28:22.544+00:00,2026-09-14T02:28:29.011+00:00,False,95,94.0,,94.0,293567.586139,300034.27669900004,300034.276688,3158.2555440842107,0.02594,293567.586139,30112.347842826523,90.51890139999999,68.7945804255319,20.92436143360562,0.3132975373153866,52,64,,False,False,Request timeout: 300.0s exceeded,462,21.16838264042747
341,2026-09-14T02:23:33.208+00:00,2026-09-14T02:28:26.757+00:00,2026-09-14T02:28:33.236+00:00,False,96,95.0,,95.0,293549.25016399997,300028.51493199996,300028.51471699995,3125.297028302083,0.026269999999999998,293549.25016399997,29953.290904726055,89.5510815,68.20278703157895,20.491785793808276,0.31663657043241805,52,64,,False,False,Request timeout: 300.0s exceeded,461,21.16838264042747
342,2026-09-14T02:23:36.492+00:00,2026-09-14T02:28:30.268+00:00,2026-09-14T02:28:36.543+00:00,False,89,88.0,,88.0,293776.587109,300051.558757,300051.558762,3371.365828786517,0.03282,293776.587109,31132.703821752253,88.66171300000002,71.306496,19.985824225944203,0.2932829289891067,52,64,,False,False,Request timeout: 300.0s exceeded,373,21.16838264042747
343,2026-09-14T02:23:40.624+00:00,2026-09-14T02:28:34.783+00:00,2026-09-14T02:28:40.683+00:00,False,91,90.0,,90.0,294158.921106,300059.00533,300059.005351,3297.3517071538463,0.0,294158.921106,30829.435662970434,89.56918099999999,65.55649137777777,68.0147875414592,0.29994100627314774,52,64,,False,False,Request timeout: 300.0s exceeded,419,21.16838264042747
344,2026-09-14T02:23:43.533+00:00,2026-09-14T02:28:37.992+00:00,2026-09-14T02:28:43.571+00:00,False,84,83.0,,83.0,294459.524826,300037.624794,300037.62481099996,3571.8764858452378,0.045219999999999996,294459.524826,32120.84154620084,88.04084815,67.20602371084337,20.063951314643756,0.2766319725967241,52,64,,False,False,Request timeout: 300.0s exceeded,471,21.16838264042747
345,2026-09-14T02:23:47.192+00:00,2026-09-14T02:28:40.763+00:00,2026-09-14T02:28:47.224+00:00,False,96,95.0,,95.0,293570.507938,300032.31401800003,300032.314167,3125.33660590625,0.04622,293570.507938,29955.47870476915,89.61222575,68.01901136842105,19.634625163899667,0.31663256109907084,52,64,,False,False,Request timeout: 300.0s exceeded,325,21.16838264042747
346,2026-09-14T02:23:49.991+00:00,2026-09-14T02:28:43.395+00:00,2026-09-14T02:28:50.056+00:00,False,99,98.0,,98.0,293404.234303,300065.111103,300065.110992,3030.960717090909,0.15666999999999998,293404.234303,29481.411029137336,89.45991049999999,67.9681306122449,20.449599772576683,0.3265957832943819,52,64,,False,False,Request timeout: 300.0s exceeded,496,21.16838264042747
347,2026-09-14T02:23:53.681+00:00,2026-09-14T02:28:47.640+00:00,2026-09-14T02:28:53.729+00:00,False,91,90.0,,90.0,293959.021456,300048.48270399997,300048.482662,3297.236073208791,0.03625,293959.021456,30808.192260412554,89.912355,67.66068053333333,20.195726054288972,0.2999515251299759,52,64,,False,False,Request timeout: 300.0s exceeded,282,21.16838264042747
348,2026-09-14T02:23:56.959+00:00,2026-09-14T02:28:50.713+00:00,2026-09-14T02:28:57.000+00:00,False,94,93.0,,93.0,293754.252293,300041.484037,300041.483961,3191.9306804361704,0.038259999999999995,293754.252293,30291.471942820514,90.05422149999998,67.60464240860215,20.895916330693524,0.3099571390885788,52,64,,False,False,Request timeout: 300.0s exceeded,437,21.16838264042747
349,2026-09-14T02:24:01.259+00:00,2026-09-14T02:28:54.944+00:00,2026-09-14T02:29:01.441+00:00,False,96,95.0,,95.0,293685.64870099997,300181.79052499996,300181.790628,3126.893652375,0.01728,293685.64870099997,29967.194266972423,92.00572575,68.38044025263157,21.04602737998708,0.3164748928769153,52,64,,False,False,Request timeout: 300.0s exceeded,408,21.16838264042747
350,2026-09-14T02:24:04.989+00:00,2026-09-14T02:28:58.569+00:00,2026-09-14T02:29:05.050+00:00,False,96,95.0,,95.0,293579.797878,300060.36287,300060.36282700003,3125.6287794479167,0.022359999999999998,293579.797878,29956.407223989398,89.8631625,68.2164736,20.42381960513703,0.3166029631216516,52,64,,False,False,Request timeout: 300.0s exceeded,501,21.16838264042747
351,2026-09-14T02:24:07.584+00:00,2026-09-14T02:29:00.750+00:00,2026-09-14T02:29:07.590+00:00,False,99,98.0,,98.0,293166.12131300004,300006.096993,300006.09713400004,3030.364617515152,0.032418999999999996,293166.12131300004,29457.296673366167,91.5906999,69.79567020408165,21.26200673116505,0.32666002785365594,52,64,,False,False,Request timeout: 300.0s exceeded,341,21.16838264042747
352,2026-09-14T02:24:11.566+00:00,2026-09-14T02:29:05.264+00:00,2026-09-14T02:29:11.579+00:00,False,93,92.0,,92.0,293698.66220200004,300013.10828200006,300013.108293,3225.9474010000004,0.04521,293698.66220200004,30448.02223137885,89.56251660000002,68.63528347826087,20.502421278934317,0.30665326767497025,52,64,,False,False,Request timeout: 300.0s exceeded,348,21.16838264042747
353,2026-09-14T02:24:13.898+00:00,2026-09-14T02:29:07.585+00:00,2026-09-14T02:29:13.924+00:00,False,96,95.0,,95.0,293686.806829,300025.269293,300025.269409,3125.263223010417,0.03657,293686.806829,29967.480875695383,86.93056700000001,66.72065751578947,19.564959817391518,0.31663999577057117,52,64,,False,False,Request timeout: 300.0s exceeded,422,21.16838264042747
354,2026-09-14T02:24:17.765+00:00,2026-09-14T02:29:11.495+00:00,2026-09-14T02:29:17.794+00:00,False,97,96.0,,96.0,293729.632402,300029.457042,300029.45695300004,3093.087185082474,0.02391,293729.632402,29817.06859733637,85.61038500000001,65.62317333333334,19.072649211785958,0.3199685822401142,52,64,,False,False,Request timeout: 300.0s exceeded,434,21.16838264042747
355,2026-09-14T02:24:21.853+00:00,2026-09-14T02:29:15.579+00:00,2026-09-14T02:29:21.913+00:00,False,95,94.0,,94.0,293725.935582,300059.311326,300059.311332,3158.519066652632,0.03518,293725.935582,30128.73957554343,91.17431210000001,67.37633770212767,20.80461478504813,0.31327139819325095,52,64,,False,False,Request timeout: 300.0s exceeded,323,21.16838264042747
356,2026-09-14T02:24:24.638+00:00,2026-09-14T02:29:18.011+00:00,2026-09-14T02:29:24.676+00:00,False,96,95.0,,95.0,293372.81346,300038.150804,300038.151019,3125.3974064479166,0.01941,293372.81346,29935.083329444467,89.672755,70.16144572631579,20.226467801093754,0.31662640149405125,52,64,,False,False,Request timeout: 300.0s exceeded,409,21.16838264042747
357,2026-09-14T02:24:28.096+00:00,2026-09-14T02:29:21.826+00:00,2026-09-14T02:29:28.127+00:00,False,88,87.0,,87.0,293730.236307,300030.552211,300030.552187,3409.438093034091,0.018260000000000002,293730.236307,31304.034544270693,89.56193985,72.41742418390804,19.281038247766734,0.2899704692034704,52,64,,False,False,Request timeout: 300.0s exceeded,326,21.16838264042747
358,2026-09-14T02:24:30.931+00:00,2026-09-14T02:29:24.766+00:00,2026-09-14T02:29:31.000+00:00,False,90,89.0,,89.0,293835.06674800004,300069.92370800005,300069.92375600006,3334.110263955556,0.03453,293835.06674800004,30965.557488956903,88.05068650000001,70.05457258426966,19.881819039873605,0.2965975360016636,52,64,,False,False,Request timeout: 300.0s exceeded,341,21.16838264042747
359,2026-09-14T02:24:33.446+00:00,2026-09-14T02:29:27.176+00:00,2026-09-14T02:29:33.500+00:00,False,100,99.0,,99.0,293729.58587300003,300054.22587300005,300054.22580200003,3000.54225802,0.0,293729.58587300003,29366.63870540208,89.94412985,63.885252525252525,63.8183219031126,0.32994036231938423,52,64,,False,False,Request timeout: 300.0s exceeded,331,21.16838264042747
360,2026-09-14T02:24:35.999+00:00,2026-09-14T02:29:29.506+00:00,2026-09-14T02:29:36.074+00:00,False,106,105.0,,105.0,293507.86313300004,300075.18575700006,300075.185919,2830.897980367925,0.0,293507.86313300004,28501.996010988227,91.79344425,62.54592975238095,62.195526286547846,0.34991230526148426,52,64,,False,False,Request timeout: 300.0s exceeded,545,21.16838264042747
361,2026-09-14T02:24:40.000+00:00,2026-09-14T02:29:33.502+00:00,2026-09-14T02:29:40.039+00:00,False,101,100.0,,100.0,293502.02919800003,300039.28923000005,300039.28925800003,2970.686032257426,0.045380000000000004,293502.02919800003,29198.045642325826,88.998102,65.37260032,20.340000143654546,0.3332896843497831,52,64,,False,False,Request timeout: 300.0s exceeded,402,21.16838264042747
362,2026-09-14T02:24:42.402+00:00,2026-09-14T02:29:35.828+00:00,2026-09-14T02:29:42.460+00:00,False,98,97.0,,97.0,293425.644041,300057.990153,300057.99006,3061.816225102041,0.019469999999999998,293425.644041,29633.566024551576,89.11576285,68.374702185567,20.203149261965784,0.3232708449141433,52,64,,False,False,Request timeout: 300.0s exceeded,368,21.16838264042747
363,2026-09-14T02:24:47.556+00:00,2026-09-14T02:29:40.690+00:00,2026-09-14T02:29:47.684+00:00,False,109,108.0,,108.0,293134.57638,300128.162556,300128.162626,2753.469381889908,0.02395,293134.57638,28071.005440211644,90.95588,64.75542755555556,20.81921697238565,0.35984627060730634,52,64,,False,False,Request timeout: 300.0s exceeded,233,21.16838264042747
364,2026-09-14T02:24:49.241+00:00,2026-09-14T02:29:42.942+00:00,2026-09-14T02:29:49.285+00:00,False,101,100.0,,100.0,293700.957066,300043.93050599995,300043.930426,2970.7319844158415,0.06584000000000001,293700.957066,29218.034221149734,90.22684,63.4297344,22.010353816961995,0.3332845288066919,52,64,,False,False,Request timeout: 300.0s exceeded,479,21.16838264042747
365,2026-09-14T02:24:52.013+00:00,2026-09-14T02:29:45.847+00:00,2026-09-14T02:29:52.019+00:00,False,99,98.0,,98.0,293833.555158,300006.24456599995,300006.24466799997,3030.3661077575757,0.02624,293833.555158,29525.060859891157,90.92221289999999,62.9866266122449,21.601533591859017,0.3266598671696664,52,64,,False,False,Request timeout: 300.0s exceeded,479,21.16838264042747
366,2026-09-14T02:24:56.163+00:00,2026-09-14T02:29:49.593+00:00,2026-09-14T02:29:56.172+00:00,False,94,93.0,,93.0,293429.506344,300008.225064,300008.225137,3191.5768631595743,0.04643,293429.506344,30257.65283676857,88.16980099999999,70.73891096774193,19.60981321515057,0.30999150100021605,52,64,,False,False,Request timeout: 300.0s exceeded,287,21.16838264042747
367,2026-09-14T02:25:00.045+00:00,2026-09-14T02:29:53.842+00:00,2026-09-14T02:30:00.107+00:00,False,92,91.0,,91.0,293796.910782,300062.02642999997,300062.026306,3261.543764195652,0.04179,293796.910782,30623.274641070224,88.85582205,68.84742470329671,21.011948628484824,0.3032706306848493,52,64,,False,False,Request timeout: 300.0s exceeded,478,21.16838264042747
368,2026-09-14T02:25:03.171+00:00,2026-09-14T02:29:56.500+00:00,2026-09-14T02:30:03.184+00:00,False,100,99.0,,99.0,293328.827811,300013.317795,300013.31778,3000.1331778,0.03737,293328.827811,29326.138570933275,89.50592285,67.52010084848484,21.497682304604368,0.32998535107580457,52,64,,False,False,Request timeout: 300.0s exceeded,402,21.16838264042747
369,2026-09-14T02:25:07.428+00:00,2026-09-14T02:30:00.996+00:00,2026-09-14T02:30:07.467+00:00,False,95,94.0,,94.0,293567.906491,300038.879675,300038.87944999995,3158.303994210526,0.045049,293567.906491,30112.37564065078,88.682192,68.84014025531914,20.34099950116932,0.31329273093480464,52,64,,False,False,Request timeout: 300.0s exceeded,458,21.16838264042747
370,2026-09-14T02:25:10.533+00:00,2026-09-14T02:30:04.493+00:00,2026-09-14T02:30:10.585+00:00,False,90,89.0,,89.0,293959.22839600005,300051.492588,300051.49248500005,3333.905472055556,0.02041,293959.22839600005,30978.81452578014,90.6698705,68.4524066516854,20.455621848334044,0.2966157549571189,52,64,,False,False,Request timeout: 300.0s exceeded,357,21.16838264042747
371,2026-09-14T02:25:14.361+00:00,2026-09-14T02:30:08.203+00:00,2026-09-14T02:30:14.389+00:00,False,93,92.0,,92.0,293842.014446,300027.719918,300027.719868,3226.1045147096775,0.037630000000000004,293842.014446,30463.031946141862,87.8869506,67.23592904347827,20.010599918469364,0.3066383333684779,52,64,,False,False,Request timeout: 300.0s exceeded,346,21.16838264042747
372,2026-09-14T02:25:17.773+00:00,2026-09-14T02:30:11.495+00:00,2026-09-14T02:30:17.789+00:00,False,96,95.0,,95.0,293722.7168,300015.747456,300015.747446,3125.1640358958334,0.02215,293722.7168,29971.19498154021,87.54628500000001,66.24242795789473,19.95024546797675,0.31665004522448476,52,64,,False,False,Request timeout: 300.0s exceeded,447,21.16838264042747
373,2026-09-14T02:25:20.867+00:00,2026-09-14T02:30:14.780+00:00,2026-09-14T02:30:20.911+00:00,False,93,92.0,,92.0,293912.367073,300043.672033,300043.67185,3226.2760413978494,0.03785,293912.367073,30470.388357798078,87.96463,66.64461913043478,19.80869836524791,0.3066220306418643,52,64,,False,False,Request timeout: 300.0s exceeded,425,21.16838264042747
374,2026-09-14T02:25:23.749+00:00,2026-09-14T02:30:17.241+00:00,2026-09-14T02:30:23.795+00:00,False,97,96.0,,96.0,293492.206442,300046.231658,300046.231627,3093.2601198659795,0.019149999999999997,293492.206442,29792.6934473199,88.71269480000001,68.271096,20.079580342681542,0.31995069382982005,52,64,,False,False,Request timeout: 300.0s exceeded,454,21.16838264042747
375,2026-09-14T02:25:27.726+00:00,2026-09-14T02:30:21.507+00:00,2026-09-14T02:30:28.108+00:00,False,88,87.0,,87.0,293781.62282499997,300382.81911299995,300382.81918899994,3413.441127147727,0.03218,293781.62282499997,31309.203065494166,92.79231519999999,75.87581940229886,64.28426561989929,0.2896304131404792,52,64,,False,False,Request timeout: 300.0s exceeded,428,21.16838264042747
376,2026-09-14T02:25:31.957+00:00,2026-09-14T02:30:25.978+00:00,2026-09-14T02:30:32.010+00:00,False,97,96.0,,96.0,294020.124662,300053.028854,300053.028896,3093.3301948041235,0.0,294020.124662,29846.91214259744,93.4883368,62.842752,66.01839294904603,0.3199434458857329,52,64,,False,False,Request timeout: 300.0s exceeded,599,21.16838264042747
377,2026-09-14T02:25:34.500+00:00,2026-09-14T02:30:28.532+00:00,2026-09-14T02:30:34.577+00:00,False,94,93.0,,93.0,294031.60026,300076.896388,300076.896509,3192.3074096702126,0.037270000000000005,294031.60026,30320.346268562815,89.97536179999999,65.003184172043,20.532278929628944,0.3099205607610352,52,64,,False,False,Request timeout: 300.0s exceeded,453,21.16838264042747
378,2026-09-14T02:25:36.945+00:00,2026-09-14T02:30:30.890+00:00,2026-09-14T02:30:37.021+00:00,False,90,89.0,,89.0,293944.696106,300075.77117799997,300075.77129299997,3334.1752365888888,0.044319000000000004,293944.696106,30977.236444814305,88.6747249,68.88848395505617,20.027496844364716,0.2965917563107975,52,64,,False,False,Request timeout: 300.0s exceeded,400,21.16838264042747
379,2026-09-14T02:25:40.074+00:00,2026-09-14T02:30:33.309+00:00,2026-09-14T02:30:40.134+00:00,False,101,100.0,,100.0,293235.46514600003,300060.25900200004,300060.25887900003,2970.893652267327,0.03587,293235.46514600003,29171.23559155034,89.92558,68.24793856000001,20.57622093434607,0.33326639233265964,52,64,,False,False,Request timeout: 300.0s exceeded,527,21.16838264042747
380,2026-09-14T02:25:44.260+00:00,2026-09-14T02:30:37.852+00:00,2026-09-14T02:30:44.296+00:00,False,97,96.0,,96.0,293591.710466,300036.60493000003,300036.60509100003,3093.160877226804,0.02922,293591.710466,29802.912021713037,90.235451,67.13431733333333,20.156805752383022,0.31996095950491527,52,64,,False,False,Request timeout: 300.0s exceeded,508,21.16838264042747
381,2026-09-14T02:25:47.830+00:00,2026-09-14T02:30:41.470+00:00,2026-09-14T02:30:47.897+00:00,False,96,95.0,,95.0,293639.825065,300066.793129,300066.793128,3125.6957617499997,0.04163,293639.825065,29962.590864915936,87.73349225,67.65229541052632,19.763840266632005,0.316596178502028,52,64,,False,False,Request timeout: 300.0s exceeded,462,21.16838264042747
382,2026-09-14T02:25:50.273+00:00,2026-09-14T02:30:43.707+00:00,2026-09-14T02:30:50.315+00:00,False,99,98.0,,98.0,293434.235312,300042.209712,300042.209742,3030.7293913333333,0.02025,293434.235312,29484.48046971756,89.337848,67.42831020408164,20.409659077821818,0.3266207114461221,52,64,,False,False,Request timeout: 300.0s exceeded,466,21.16838264042747
383,2026-09-14T02:25:52.687+00:00,2026-09-14T02:30:46.702+00:00,2026-09-14T02:30:52.700+00:00,False,94,93.0,,93.0,294014.572739,300012.987075,300012.987037,3191.627521670213,0.023969999999999998,294014.572739,30318.642163920224,89.01250314999999,64.49907888172044,20.76236410859469,0.30998658060342904,52,64,,False,False,Request timeout: 300.0s exceeded,457,21.16838264042747
384,2026-09-14T02:25:56.607+00:00,2026-09-14T02:30:50.399+00:00,2026-09-14T02:30:56.635+00:00,False,94,93.0,,93.0,293792.36148400005,300028.7559800001,300028.75592900004,3191.7952758404263,0.02659,293792.36148400005,30295.458671925455,88.22978864999999,67.05800533333334,20.43028758996875,0.3099702883352934,52,64,,False,False,Request timeout: 300.0s exceeded,489,21.16838264042747
385,2026-09-14T02:25:59.530+00:00,2026-09-14T02:30:53.105+00:00,2026-09-14T02:30:59.560+00:00,False,93,92.0,,92.0,293574.396758,300029.528662,300029.528691,3226.123964419355,0.019190000000000002,293574.396758,30434.97722730076,88.61125359999998,70.1644772173913,19.406515596854344,0.3066364847829466,52,64,,False,False,Request timeout: 300.0s exceeded,449,21.16838264042747
386,2026-09-14T02:26:03.619+00:00,2026-09-14T02:30:57.440+00:00,2026-09-14T02:31:03.639+00:00,False,92,91.0,,91.0,293820.85503100004,300019.81362300005,300019.81342500006,3261.084928532609,0.02206,293820.85503100004,30625.846219009436,89.262389,68.12042408791208,20.143464417500134,0.3033133008820181,52,64,,False,False,Request timeout: 300.0s exceeded,410,21.16838264042747
387,2026-09-14T02:26:07.747+00:00,2026-09-14T02:31:01.314+00:00,2026-09-14T02:31:07.825+00:00,False,97,96.0,,96.0,293567.125139,300078.09166700003,300078.091605,3093.5885732474226,0.02307,293567.125139,29800.346272514438,88.59054479999999,67.822568,20.73559384784981,0.3199167238990984,52,64,,False,False,Request timeout: 300.0s exceeded,461,21.16838264042747
388,2026-09-14T02:26:10.099+00:00,2026-09-14T02:31:03.807+00:00,2026-09-14T02:31:10.145+00:00,False,94,93.0,,93.0,293708.492524,300046.461932,300046.461885,3191.983637074468,0.02072,293708.492524,30286.69517328964,88.27113065000002,68.15020868817204,19.782067310691026,0.3099519967713425,52,64,,False,False,Request timeout: 300.0s exceeded,445,21.16838264042747
389,2026-09-14T02:26:13.050+00:00,2026-09-14T02:31:06.713+00:00,2026-09-14T02:31:13.067+00:00,False,96,95.0,,95.0,293663.13814399997,300017.310304,300017.31033999997,3125.180316041666,0.039439999999999996,293663.13814399997,29965.04878753593,88.39397349999999,66.88602273684211,20.270161342083057,0.3166483957333625,52,64,,False,False,Request timeout: 300.0s exceeded,440,21.16838264042747
390,2026-09-14T02:26:15.744+00:00,2026-09-14T02:31:09.594+00:00,2026-09-14T02:31:15.824+00:00,False,93,92.0,,92.0,293849.46762300003,300079.43088700005,300079.431011,3226.6605485053765,0.01647,293849.46762300003,30463.75578133496,89.580773,67.716992,21.29458424807635,0.30658549214139286,52,64,,False,False,Request timeout: 300.0s exceeded,367,21.16838264042747
391,2026-09-14T02:26:19.194+00:00,2026-09-14T02:31:12.550+00:00,2026-09-14T02:31:19.207+00:00,False,103,102.0,,102.0,293355.51692,300012.695032,300012.69499700004,2912.7446116213596,0.01829,293355.51692,28898.753886495924,88.7712132,65.26645207843137,19.93419115141182,0.33998561290588203,52,64,,False,False,Request timeout: 300.0s exceeded,335,21.16838264042747
392,2026-09-14T02:26:21.864+00:00,2026-09-14T02:31:15.662+00:00,2026-09-14T02:31:21.889+00:00,False,99,98.0,,98.0,293797.824579,300024.662083,300024.66206400003,3030.552142060606,0.0,293797.824579,29521.48469972894,87.8731027,63.53915820408163,68.32133487626854,0.32663981460593694,52,64,,False,False,Request timeout: 300.0s exceeded,131,21.16838264042747
393,2026-09-14T02:26:26.076+00:00,2026-09-14T02:31:19.810+00:00,2026-09-14T02:31:26.157+00:00,False,96,95.0,,95.0,293733.48236900003,300080.644481,300080.64430100005,3125.840044802084,0.0,293733.48236900003,29972.308741416167,88.5395235,66.81223275789473,69.49934276591186,0.31658156481337146,52,64,,False,False,Request timeout: 300.0s exceeded,387,21.16838264042747
394,2026-09-14T02:26:28.438+00:00,2026-09-14T02:31:22.888+00:00,2026-09-14T02:31:28.481+00:00,False,79,78.0,,78.0,294449.991231,300042.56646299997,300042.566375,3798.0071693037976,0.03194,294449.991231,33120.151409854996,89.95658389999998,71.69968246153846,20.061741795497664,0.2599631142990461,52,64,,False,False,Request timeout: 300.0s exceeded,355,21.16838264042747
395,2026-09-14T02:26:31.135+00:00,2026-09-14T02:31:24.719+00:00,2026-09-14T02:31:31.163+00:00,False,92,91.0,,91.0,293583.116153,300027.785081,300027.785139,3261.171577597826,0.05093,293583.116153,30600.778078869338,88.88989615,70.82053767032967,19.123069137137378,0.30330524213093224,52,64,,False,False,Request timeout: 300.0s exceeded,334,21.16838264042747
396,2026-09-14T02:26:34.963+00:00,2026-09-14T02:31:28.481+00:00,2026-09-14T02:31:34.992+00:00,False,93,92.0,,92.0,293518.547824,300029.254256,300029.25427000003,3226.121013655914,0.020859000000000003,293518.547824,30429.123022413558,87.69961299999999,70.76854817391305,18.921442260992233,0.306636765231903,52,64,,False,False,Request timeout: 300.0s exceeded,442,21.16838264042747
397,2026-09-14T02:26:37.942+00:00,2026-09-14T02:31:31.422+00:00,2026-09-14T02:31:37.957+00:00,False,94,93.0,,93.0,293479.609769,300014.92164099996,300014.921673,3191.648102904255,0.045700000000000005,293479.609769,30262.86862594722,88.74719514999998,70.27217066666667,19.415281046140173,0.30998458173785265,52,64,,False,False,Request timeout: 300.0s exceeded,452,21.16838264042747
398,2026-09-14T02:26:41.117+00:00,2026-09-14T02:31:34.490+00:00,2026-09-14T02:31:41.162+00:00,False,101,100.0,,100.0,293372.09463,300045.020326,300045.020213,2970.7427743861385,0.02628,293372.09463,29184.9819493238,89.44721099999998,66.72925696,20.725955627414518,0.33328331825453944,52,64,,False,False,Request timeout: 300.0s exceeded,517,21.16838264042747
399,2026-09-14T02:26:44.178+00:00,2026-09-14T02:31:37.707+00:00,2026-09-14T02:31:44.250+00:00,False,99,98.0,,98.0,293529.292421,300071.424133,300071.42398200004,3031.024484666667,0.03008,293529.292421,29494.101948036314,89.3170148,66.75644604081633,20.923826356180953,0.32658891223365427,52,64,,False,False,Request timeout: 300.0s exceeded,406,21.16838264042747
400,2026-09-14T02:26:46.972+00:00,2026-09-14T02:31:40.595+00:00,2026-09-14T02:31:47.016+00:00,False,99,98.0,,98.0,293622.38495700003,300043.436861,300043.43669400003,3030.741784787879,0.018768999999999997,293622.38495700003,29503.58200910162,89.057432,65.52093779591837,20.54758889971305,0.3266193755986074,52,64,,False,False,Request timeout: 300.0s exceeded,408,21.16838264042747
401,2026-09-14T02:26:50.362+00:00,2026-09-14T02:31:43.867+00:00,2026-09-14T02:31:50.420+00:00,False,101,100.0,,100.0,293505.686417,300058.072209,300058.072036,2970.872000356436,0.0319,293505.686417,29198.395041762444,89.410021,65.52385792,21.112835486646333,0.33326882114455103,52,64,,False,False,Request timeout: 300.0s exceeded,455,21.16838264042747
402,2026-09-14T02:26:54.297+00:00,2026-09-14T02:31:47.880+00:00,2026-09-14T02:31:54.330+00:00,False,96,95.0,,95.0,293582.594251,300032.61997899995,300032.619845,3125.339790052083,0.018420000000000002,293582.594251,29956.725097010378,89.47067175000001,67.8950076631579,19.91325779472832,0.3166322382101296,52,64,,False,False,Request timeout: 300.0s exceeded,374,21.16838264042747
403,2026-09-14T02:26:57.532+00:00,2026-09-14T02:31:51.419+00:00,2026-09-14T02:31:57.576+00:00,False,94,93.0,,93.0,293886.19763300003,300043.762561,300043.76256400003,3191.9549208936173,0.0248,293886.19763300003,30305.224622504185,89.36383615000001,66.21037556989248,20.53009072462073,0.30995478528267273,52,64,,False,False,Request timeout: 300.0s exceeded,303,21.16838264042747
404,2026-09-14T02:27:00.935+00:00,2026-09-14T02:31:54.494+00:00,2026-09-14T02:32:00.971+00:00,False,97,96.0,,96.0,293559.067167,300035.972639,300035.97250399995,3093.15435571134,0.04413,293559.067167,29799.564536138652,90.43552299999999,67.46776533333333,21.31098969091733,0.3199616337855133,52,64,,False,False,Request timeout: 300.0s exceeded,452,21.16838264042747
405,2026-09-14T02:27:03.549+00:00,2026-09-14T02:31:57.244+00:00,2026-09-14T02:32:05.572+00:00,False,87,86.0,,86.0,293694.93104299996,302023.33782699995,302023.337762,3471.5326179540225,0.03379,293694.93104299996,31478.21733134367,90.520995,96.84193934883722,276.2589525852332,0.28474620742474244,52,64,,False,False,Request timeout: 300.0s exceeded,400,21.16838264042747
406,2026-09-14T02:27:07.243+00:00,2026-09-14T02:32:00.805+00:00,2026-09-14T02:32:07.294+00:00,False,109,108.0,,108.0,293561.731499,300050.930859,300050.93075999996,2752.7608326605505,0.015380000000000001,293561.731499,28113.508962740645,87.841927,60.08517925925926,255.4463594007949,0.3599388933432484,52,64,,False,False,Request timeout: 300.0s exceeded,538,21.16838264042747
407,2026-09-14T02:27:11.363+00:00,2026-09-14T02:32:06.865+00:00,2026-09-14T02:32:11.371+00:00,False,69,68.0,,68.0,295501.95811799995,300007.93341399997,300007.9335459999,4347.941065884057,0.03935,295501.95811799995,35566.283427438146,87.7202084,66.2643425882353,19.74555853907662,0.22666067269015344,52,64,,False,False,Request timeout: 300.0s exceeded,310,21.16838264042747
408,2026-09-14T02:27:13.976+00:00,2026-09-14T02:32:07.619+00:00,2026-09-14T02:32:14.006+00:00,False,95,94.0,,94.0,293642.309476,300029.903972,300029.904012,3158.20951591579,0.10728,293642.309476,30120.099626606756,87.17381000000002,67.9531329361702,19.418714577115328,0.3133021034089071,52,64,,False,False,Request timeout: 300.0s exceeded,506,21.16838264042747
409,2026-09-14T02:27:17.357+00:00,2026-09-14T02:32:11.246+00:00,2026-09-14T02:32:17.364+00:00,False,94,93.0,,93.0,293889.046419,300007.25313900004,300007.253204,3191.566523446809,0.0,293889.046419,30305.625767352056,87.77086360000001,65.78716903225806,65.7436160636053,0.309992505270901,52,64,,False,False,Request timeout: 300.0s exceeded,471,21.16838264042747
410,2026-09-14T02:27:21.314+00:00,2026-09-14T02:32:14.868+00:00,2026-09-14T02:32:21.391+00:00,False,100,99.0,,99.0,293553.614121,300076.696105,300076.695961,3000.76695961,0.0,293553.614121,29348.84247982535,89.289518,65.88971701010101,64.4444788611255,0.3299156558473933,52,64,,False,False,Request timeout: 300.0s exceeded,473,21.16838264042747
411,2026-09-14T02:27:24.042+00:00,2026-09-14T02:32:18.021+00:00,2026-09-14T02:32:24.073+00:00,False,86,85.0,,85.0,293978.435017,300030.821833,300030.821931,3488.730487569768,0.08169,293978.435017,31692.837933891726,90.97811999999998,71.20455077647058,19.954995455912563,0.2833042268147764,52,64,,False,False,Request timeout: 300.0s exceeded,397,21.16838264042747
412,2026-09-14T02:27:26.785+00:00,2026-09-14T02:32:20.617+00:00,2026-09-14T02:32:26.829+00:00,False,90,89.0,,89.0,293832.102409,300043.959561,300043.959796,3333.821775511111,0.0232,293832.102409,30965.27203392001,88.7469694,69.79614777528089,19.52181839814739,0.29662320191420477,52,64,,False,False,Request timeout: 300.0s exceeded,302,21.16838264042747
413,2026-09-14T02:27:29.506+00:00,2026-09-14T02:32:23.480+00:00,2026-09-14T02:32:29.561+00:00,False,86,85.0,,85.0,293973.752673,300055.32860899996,300055.32872499997,3489.0154502906976,0.022359999999999998,293973.752673,31692.296202571128,89.9828095,71.5479521882353,20.28757797949508,0.2832810881714516,52,64,,False,False,Request timeout: 300.0s exceeded,230,21.16838264042747
414,2026-09-14T02:27:32.699+00:00,2026-09-14T02:32:26.199+00:00,2026-09-14T02:32:32.720+00:00,False,92,91.0,,91.0,293499.912066,300021.259906,300021.2599,3261.1006510869565,0.02457,293499.912066,30592.01607697938,89.65961605000001,71.66316307692307,19.871632364698925,0.30331183872939976,52,64,,False,False,Request timeout: 300.0s exceeded,157,21.16838264042747
415,2026-09-14T02:27:35.729+00:00,2026-09-14T02:32:29.562+00:00,2026-09-14T02:32:35.746+00:00,False,90,89.0,,89.0,293833.123536,300016.5652,300016.565177,3333.5173908555557,0.04809,293833.123536,30965.41388249469,90.63979385,69.47687262921349,20.396603064802058,0.2966502864289175,52,64,,False,False,Request timeout: 300.0s exceeded,457,21.16838264042747
416,2026-09-14T02:27:38.470+00:00,2026-09-14T02:32:32.677+00:00,2026-09-14T02:32:38.555+00:00,False,85,84.0,,84.0,294206.395592,300084.254408,300084.254389,3530.4029928117648,0.022260000000000002,294206.395592,31903.5808028248,89.26064540000002,69.97450971428572,20.58126911243997,0.27992138463150446,52,64,,False,False,Request timeout: 300.0s exceeded,311,21.16838264042747
417,2026-09-14T02:27:41.389+00:00,2026-09-14T02:32:35.205+00:00,2026-09-14T02:32:41.478+00:00,False,94,93.0,,93.0,293816.398269,300088.996285,300088.996304,3192.436130893617,0.04586,293816.398269,30297.897640622,89.254619,67.44729049462366,20.303906127554743,0.30990806444524277,52,64,,False,False,Request timeout: 300.0s exceeded,201,21.16838264042747
418,2026-09-14T02:27:43.935+00:00,2026-09-14T02:32:37.366+00:00,2026-09-14T02:32:43.971+00:00,False,103,102.0,,102.0,293430.898088,300036.582056,300036.58204,2912.976524660194,0.017079999999999998,293430.898088,28906.231458746646,88.57372809999998,64.76160752941176,20.373139684113628,0.33995854539151604,52,64,,False,False,Request timeout: 300.0s exceeded,534,21.16838264042747
419,2026-09-14T02:27:46.650+00:00,2026-09-14T02:32:40.514+00:00,2026-09-14T02:32:46.690+00:00,False,95,94.0,,94.0,293864.622088,300040.098312,300040.098468,3158.3168259789472,0.046479999999999994,293864.622088,30143.140674064125,89.685269,65.69655557446808,20.546433339929287,0.31329145847117096,52,64,,False,False,Request timeout: 300.0s exceeded,450,21.16838264042747
420,2026-09-14T02:27:50.538+00:00,2026-09-14T02:32:44.364+00:00,2026-09-14T02:32:50.584+00:00,False,90,89.0,,89.0,293825.876767,300045.678367,300045.678353,3333.840870588889,0.02923,293825.876767,30964.606576726634,88.9424265,69.88541123595506,19.8272187248248,0.2966215027137965,52,64,,False,False,Request timeout: 300.0s exceeded,421,21.16838264042747
421,2026-09-14T02:27:52.919+00:00,2026-09-14T02:32:46.771+00:00,2026-09-14T02:32:52.938+00:00,False,89,88.0,,88.0,293851.297198,300018.94545400003,300018.94552400004,3370.9993879101125,0.018940000000000002,293851.297198,31140.751883405843,89.80216100000001,70.086912,19.237595696933024,0.293314810059195,52,64,,False,False,Request timeout: 300.0s exceeded,366,21.16838264042747
422,2026-09-14T02:27:57.137+00:00,2026-09-14T02:32:50.668+00:00,2026-09-14T02:32:57.187+00:00,False,95,94.0,,94.0,293531.56689099997,300050.311979,300050.31193599995,3158.4243361684207,0.06067,293531.56689099997,30108.594310874378,88.63252800000001,69.348352,19.067213238338535,0.31328079407755755,52,64,,False,False,Request timeout: 300.0s exceeded,393,21.16838264042747
423,2026-09-14T02:28:00.473+00:00,2026-09-14T02:32:53.777+00:00,2026-09-14T02:33:00.510+00:00,False,98,97.0,,97.0,293304.388867,300037.060867,300037.060851,3061.602661744898,0.02346,293304.388867,29621.211945817908,86.6686305,69.40898969072164,18.6943591441253,0.32329339488830017,52,64,,False,False,Request timeout: 300.0s exceeded,449,21.16838264042747
424,2026-09-14T02:28:04.497+00:00,2026-09-14T02:32:58.275+00:00,2026-09-14T02:33:04.576+00:00,False,94,93.0,,93.0,293777.812875,300078.399883,300078.39994000003,3192.323403617021,0.022239000000000002,293777.812875,30293.88657535445,87.96626515,67.74824739784945,19.930539954176112,0.30991900795345656,52,64,,False,False,Request timeout: 300.0s exceeded,228,21.16838264042747
425,2026-09-14T02:28:07.222+00:00,2026-09-14T02:33:00.594+00:00,2026-09-14T02:33:07.256+00:00,False,100,99.0,,99.0,293371.751527,300033.998951,300033.998959,3000.3399895899997,0.03234,293371.751527,29330.453062300803,91.04361945000001,67.29542852525252,21.014972558812936,0.3299626053918248,52,64,,False,False,Request timeout: 300.0s exceeded,522,21.16838264042747
426,2026-09-14T02:28:09.805+00:00,2026-09-14T02:33:03.334+00:00,2026-09-14T02:33:09.876+00:00,False,100,99.0,,99.0,293528.625191,300071.341607,300071.341625,3000.71341625,0.02386,293528.625191,29346.261049859822,89.02582145000002,66.0880446060606,20.85466057347121,0.3299215428898211,52,64,,False,False,Request timeout: 300.0s exceeded,175,21.16838264042747
427,2026-09-14T02:28:14.634+00:00,2026-09-14T02:33:06.771+00:00,2026-09-14T02:33:14.753+00:00,False,133,132.0,,132.0,292137.476535,300119.53400700004,300119.533973,2256.5378494210527,0.0,292137.476535,25326.35699861756,90.4111976,60.47013236363637,59.16595829015227,0.43982475328287435,52,64,,False,False,Request timeout: 300.0s exceeded,558,21.16838264042747
428,2026-09-14T02:28:16.095+00:00,2026-09-14T02:33:09.705+00:00,2026-09-14T02:33:16.159+00:00,False,111,110.0,,110.0,293610.438379,300064.005099,300064.005161,2703.279325774775,0.0,293610.438379,27862.77536940417,93.80903749999999,58.66878836363637,64.70221586970925,0.36658845489883984,52,64,,False,False,Request timeout: 300.0s exceeded,564,21.16838264042747
429,2026-09-14T02:28:18.504+00:00,2026-09-14T02:33:12.338+00:00,2026-09-14T02:33:18.529+00:00,False,102,101.0,,101.0,293834.91986799997,300025.67673199996,300025.676825,2941.4282041666665,0.02091,293834.91986799997,29087.93151162781,90.14289600000001,61.29462241584159,21.935351908781787,0.33663785413346126,52,64,,False,False,Request timeout: 300.0s exceeded,538,21.16838264042747
430,2026-09-14T02:28:22.750+00:00,2026-09-14T02:33:16.037+00:00,2026-09-14T02:33:22.779+00:00,False,100,99.0,,99.0,293286.967738,300029.33241,300029.33255199995,3000.2933255199996,0.02052,293286.967738,29321.892962701782,88.51483785,68.10469365656566,19.86099158460111,0.3299677375034559,52,64,,False,False,Request timeout: 300.0s exceeded,501,21.16838264042747
431,2026-09-14T02:28:26.157+00:00,2026-09-14T02:33:19.816+00:00,2026-09-14T02:33:26.238+00:00,False,93,92.0,,92.0,293658.878677,300081.149141,300081.149196,3226.679023612903,0.01797,293658.878677,30443.774784019563,89.6828586,69.80728765217391,19.647322056514508,0.30658373664375593,52,64,,False,False,Request timeout: 300.0s exceeded,479,21.16838264042747
432,2026-09-14T02:28:30.403+00:00,2026-09-14T02:33:24.124+00:00,2026-09-14T02:33:30.447+00:00,False,97,96.0,,96.0,293720.262911,300044.013311,300044.013297,3093.237250484536,0.03461,293720.262911,29816.09242875803,88.77113879999999,65.8724,19.792281528764544,0.31995305935497736,52,64,,False,False,Request timeout: 300.0s exceeded,469,21.16838264042747
433,2026-09-14T02:28:33.850+00:00,2026-09-14T02:33:27.334+00:00,2026-09-14T02:33:33.917+00:00,False,103,102.0,,102.0,293484.252412,300067.85023599997,300067.85014,2913.2800984466016,0.02157,293484.252412,28911.50947744351,86.9996241,64.54507670588235,19.683207838286354,0.33992312045351797,52,64,,False,False,Request timeout: 300.0s exceeded,515,21.16838264042747
434,2026-09-14T02:28:37.095+00:00,2026-09-14T02:33:30.657+00:00,2026-09-14T02:33:37.139+00:00,False,99,98.0,,98.0,293561.16262300004,300043.80249500007,300043.802344,3030.7454782222226,0.039299999999999995,293561.16262300004,29497.365024046343,86.24483099999999,66.1493864489796,19.43095420311129,0.3266189775795588,52,64,,False,False,Request timeout: 300.0s exceeded,526,21.16838264042747
435,2026-09-14T02:28:40.322+00:00,2026-09-14T02:33:34.135+00:00,2026-09-14T02:33:40.331+00:00,False,97,96.0,,96.0,293813.33217400004,300009.39207800006,300009.39199900004,3092.8803298865982,0.02914,293813.33217400004,29825.67733843799,87.0235508,64.54229066666666,19.955507016611886,0.31998998209709634,52,64,,False,False,Request timeout: 300.0s exceeded,390,21.16838264042747
436,2026-09-14T02:28:43.370+00:00,2026-09-14T02:33:37.058+00:00,2026-09-14T02:33:43.378+00:00,False,100,99.0,,99.0,293687.943351,300008.853943,300008.853912,3000.0885391200004,0.02414,293687.943351,29362.417346758193,87.79511844999999,63.84758173737374,21.469417523926854,0.32999026095012995,52,64,,False,False,Request timeout: 300.0s exceeded,470,21.16838264042747
437,2026-09-14T02:28:46.966+00:00,2026-09-14T02:33:40.163+00:00,2026-09-14T02:33:46.990+00:00,False,102,101.0,,101.0,293197.029679,300024.27575900004,300024.275742,2941.414468058824,0.0215,293197.029679,29024.146551445872,88.11711805,67.59649584158416,21.312419520267152,0.33663942607474234,52,64,,False,False,Request timeout: 300.0s exceeded,534,21.16838264042747
438,2026-09-14T02:28:50.764+00:00,2026-09-14T02:33:44.540+00:00,2026-09-14T02:33:50.791+00:00,False,98,97.0,,97.0,293776.30077,300027.033058,300027.03311899997,3061.5003379489794,0.04022,293776.30077,29669.385400019015,89.04199385,64.4405390515464,20.635745723038085,0.3233042003293362,52,64,,False,False,Request timeout: 300.0s exceeded,491,21.16838264042747
439,2026-09-14T02:28:53.510+00:00,2026-09-14T02:33:47.076+00:00,2026-09-14T02:33:53.529+00:00,False,102,101.0,,101.0,293565.886006,300019.497782,300019.49764799996,2941.367624,0.02729,293565.886006,29061.033927759472,86.56466705000001,63.89714629702971,19.705595305525858,0.3366447872444229,52,64,,False,False,Request timeout: 300.0s exceeded,532,21.16838264042747
440,2026-09-14T02:28:57.359+00:00,2026-09-14T02:33:51.161+00:00,2026-09-14T02:33:57.367+00:00,False,94,93.0,,93.0,293801.525332,300007.62914,300007.629186,3191.570523255319,0.038520000000000006,293801.525332,30296.43723650533,87.80970615000003,66.73229901075268,20.116238391021163,0.30999211675580796,52,64,,False,False,Request timeout: 300.0s exceeded,431,21.16838264042747
441,2026-09-14T02:28:59.913+00:00,2026-09-14T02:33:53.531+00:00,2026-09-14T02:33:59.963+00:00,False,96,95.0,,95.0,293617.879331,300049.803555,300049.803349,3125.5187848854166,0.02872,293617.879331,29960.345676408113,86.614272,67.70446551578948,19.70625130931622,0.31661410497336395,52,64,,False,False,Request timeout: 300.0s exceeded,441,21.16838264042747
442,2026-09-14T02:29:02.804+00:00,2026-09-14T02:33:56.183+00:00,2026-09-14T02:34:02.875+00:00,False,100,99.0,,99.0,293378.79723799997,300071.37784599996,300071.377856,3000.71377856,0.022109999999999998,293378.79723799997,29331.125903299497,88.10394004999998,67.60182432323232,19.41684362491462,0.32992150304587836,52,64,,False,False,Request timeout: 300.0s exceeded,464,21.16838264042747
443,2026-09-14T02:29:06.545+00:00,2026-09-14T02:34:00.050+00:00,2026-09-14T02:34:06.601+00:00,False,101,100.0,,100.0,293504.61458600004,300055.41036200005,300055.41053200007,2970.845648831684,0.0,293504.61458600004,29198.357088919936,88.404174,65.50795776,66.36807723175026,0.3332717776338564,52,64,,False,False,Request timeout: 300.0s exceeded,469,21.16838264042747
444,2026-09-14T02:29:10.706+00:00,2026-09-14T02:34:04.386+00:00,2026-09-14T02:34:10.762+00:00,False,97,96.0,,96.0,293680.085349,300056.753253,300056.753283,3093.3685905463917,0.0,293680.085349,29812.027970663865,91.5071408,66.423624,68.30037690577154,0.31993947464683564,52,64,,False,False,Request timeout: 300.0s exceeded,509,21.16838264042747
445,2026-09-14T02:29:13.930+00:00,2026-09-14T02:34:07.685+00:00,2026-09-14T02:34:14.007+00:00,False,86,85.0,,85.0,293754.893844,300077.755668,300077.755803,3489.276230267442,0.03554,293754.893844,31668.38934169215,91.23781299999999,74.38660969411765,19.298482801151593,0.2832599164532618,52,64,,False,False,Request timeout: 300.0s exceeded,403,21.16838264042747
446,2026-09-14T02:29:17.536+00:00,2026-09-14T02:34:11.196+00:00,2026-09-14T02:34:17.590+00:00,False,92,91.0,,91.0,293659.808718,300054.315214,300054.315304,3261.459948956522,0.03698,293659.808718,30608.831783972535,87.70719399999999,70.26930215384616,19.890648209965143,0.30327842455822845,52,64,,False,False,Request timeout: 300.0s exceeded,447,21.16838264042747
447,2026-09-14T02:29:21.672+00:00,2026-09-14T02:34:15.228+00:00,2026-09-14T02:34:21.751+00:00,False,96,95.0,,95.0,293556.354849,300079.907361,300079.907444,3125.832369208333,0.03805,293556.354849,29953.967915905654,88.0384465,68.66897381052631,19.697541046075386,0.3165823424682472,52,64,,False,False,Request timeout: 300.0s exceeded,466,21.16838264042747
448,2026-09-14T02:29:25.036+00:00,2026-09-14T02:34:18.788+00:00,2026-09-14T02:34:25.073+00:00,False,93,92.0,,92.0,293751.070721,300036.268033,300036.267998,3226.196430086022,0.021998999999999998,293751.070721,30453.489431175025,87.9690626,68.31736208695652,20.08336022896955,0.3066295971588382,52,64,,False,False,Request timeout: 300.0s exceeded,522,21.16838264042747
449,2026-09-14T02:29:27.450+00:00,2026-09-14T02:34:21.252+00:00,2026-09-14T02:34:27.543+00:00,False,90,89.0,,89.0,293801.54217000003,300092.23529000004,300092.23519300006,3334.358168811111,0.020329999999999997,293801.54217000003,30961.957448198045,89.60501744999999,70.68194516853933,19.707816857831247,0.29657548424734514,52,64,,False,False,Request timeout: 300.0s exceeded,401,21.16838264042747
450,2026-09-14T02:29:31.139+00:00,2026-09-14T02:34:25.153+00:00,2026-09-14T02:34:31.199+00:00,False,88,87.0,,87.0,294014.36077100004,300060.086979,300060.08704400004,3409.7737164090913,0.04396,294014.36077100004,31334.63429972266,89.801785,69.49110583908045,19.355024545406277,0.2899419275516266,52,64,,False,False,Request timeout: 300.0s exceeded,428,21.16838264042747
451,2026-09-14T02:29:34.139+00:00,2026-09-14T02:34:27.925+00:00,2026-09-14T02:34:34.191+00:00,False,97,96.0,,96.0,293785.914815,300052.206015,300052.20597300003,3093.321711061856,0.04132,293785.914815,29822.81970491794,89.6081888,65.27386666666666,20.63439582021187,0.3199443232728668,52,64,,False,False,Request timeout: 300.0s exceeded,599,21.16838264042747
452,2026-09-14T02:29:36.637+00:00,2026-09-14T02:34:30.310+00:00,2026-09-14T02:34:36.694+00:00,False,94,93.0,,93.0,293673.129596,300057.516412,300057.51639500004,3192.101238244681,0.047700000000000006,293673.129596,30282.99654020134,88.03390015000001,68.64932060215054,20.17001748650014,0.30994057776677886,52,64,,False,False,Request timeout: 300.0s exceeded,416,21.16838264042747
453,2026-09-14T02:29:40.756+00:00,2026-09-14T02:34:34.701+00:00,2026-09-14T02:34:40.775+00:00,False,86,85.0,,85.0,293945.118856,300019.05268,300019.05255100003,3488.5936343139538,0.03422,293945.118856,31689.21758119659,90.3093775,71.4580449882353,19.22715479704312,0.28331534027827526,52,64,,False,False,Request timeout: 300.0s exceeded,387,21.16838264042747
454,2026-09-14T02:29:44.645+00:00,2026-09-14T02:34:38.702+00:00,2026-09-14T02:34:44.735+00:00,False,89,88.0,,88.0,294056.795245,300089.56478099996,300089.564905,3371.7928641011235,0.038020000000000005,294056.795245,31162.697290798667,88.471534,68.55419927272726,19.554404769171953,0.2932457850182856,52,64,,False,False,Request timeout: 300.0s exceeded,359,21.16838264042747
455,2026-09-14T02:29:47.983+00:00,2026-09-14T02:34:41.571+00:00,2026-09-14T02:34:48.022+00:00,False,99,98.0,,98.0,293588.29899599997,300038.50494799996,300038.50486499997,3030.691968333333,0.06301899999999999,293588.29899599997,29500.12613009326,88.80653989999999,65.81842808163265,20.236466573693406,0.32662474443733314,52,64,,False,False,Request timeout: 300.0s exceeded,513,21.16838264042747
456,2026-09-14T02:29:50.477+00:00,2026-09-14T02:34:44.344+00:00,2026-09-14T02:34:50.497+00:00,False,96,95.0,,95.0,293866.847741,300019.554301,300019.554379,3125.2036914479168,0.03465,293866.847741,29986.056123406503,86.44848174999998,64.76533221052632,20.082278874628653,0.31664602736090175,52,64,,False,False,Request timeout: 300.0s exceeded,460,21.16838264042747
457,2026-09-14T02:29:53.340+00:00,2026-09-14T02:34:46.882+00:00,2026-09-14T02:34:53.357+00:00,False,101,100.0,,100.0,293542.04889,300016.97522599995,300016.97526599996,2970.465101643564,0.0258,293542.04889,29202.089472261563,88.460803,64.74926336,19.89779876116288,0.33331447303830375,52,64,,True,False,Request timeout: 300.0s exceeded,454,21.16838264042747
458,2026-09-14T02:29:57.273+00:00,2026-09-14T02:34:50.578+00:00,2026-09-14T02:34:57.352+00:00,False,99,98.0,,98.0,293304.98634299997,300078.81623099995,300078.81625,3031.099154040404,0.03428,293304.98634299997,29471.319871687254,87.8492459,69.12071314285716,19.669524259036184,0.3265808670897976,52,64,,True,False,Request timeout: 300.0s exceeded,368,21.16838264042747
459,2026-09-14T02:30:01.232+00:00,2026-09-14T02:34:54.830+00:00,2026-09-14T02:35:01.261+00:00,False,99,98.0,,98.0,293597.916928,300028.272128,300028.272131,3030.5886073838383,0.03729,293597.916928,29501.11299064591,87.73874900000001,65.6158693877551,20.035769771040403,0.3266358843615598,52,64,,True,False,Request timeout: 300.0s exceeded,496,21.16838264042747
460,2026-09-14T02:30:04.124+00:00,2026-09-14T02:34:57.811+00:00,2026-09-14T02:35:04.169+00:00,False,99,98.0,,98.0,293686.567425,300045.04704100004,300045.047118,3030.7580516969697,0.035329,293686.567425,29510.096573947932,88.1507548,64.88244506122449,20.27735375453595,0.32661762280851336,52,64,,True,False,Request timeout: 300.0s exceeded,322,21.16838264042747
461,2026-09-14T02:30:07.446+00:00,2026-09-14T02:35:01.127+00:00,2026-09-14T02:35:07.460+00:00,False,93,92.0,,92.0,293680.97313999996,300014.510164,300014.51013599994,3225.9624745806445,0.02047,293680.97313999996,30446.165991375536,87.27284199999998,68.84279373913044,19.811640976058015,0.3066518347719552,52,64,,True,False,Request timeout: 300.0s exceeded,310,21.16838264042747
462,2026-09-14T02:30:11.726+00:00,2026-09-14T02:35:05.319+00:00,2026-09-14T02:35:11.765+00:00,False,97,96.0,,96.0,293592.298011,300038.119451,300038.119501,3093.1764897010307,0.0248,293592.298011,29802.97084894001,89.31266720000002,67.14397333333334,20.38173475437098,0.31995934441816154,52,64,,True,False,Request timeout: 300.0s exceeded,548,21.16838264042747
463,2026-09-14T02:30:15.725+00:00,2026-09-14T02:35:09.223+00:00,2026-09-14T02:35:15.740+00:00,False,99,98.0,,98.0,293497.991325,300014.573981,300014.574195,3030.4502443939396,0.03646,293497.991325,29490.98192762285,89.5874221,66.4957413877551,20.427966305408873,0.3266507979915881,52,64,,True,False,Request timeout: 300.0s exceeded,479,21.16838264042747
464,2026-09-14T02:30:18.636+00:00,2026-09-14T02:35:11.847+00:00,2026-09-14T02:35:18.683+00:00,False,100,99.0,,99.0,293210.362994,300046.371698,300046.37173,3000.4637173,0.04159,293210.362994,29314.13842441476,90.0619285,69.05059296969696,20.627739642480087,0.3299489990155408,52,64,,True,False,Request timeout: 300.0s exceeded,414,21.16838264042747
465,2026-09-14T02:30:21.731+00:00,2026-09-14T02:35:15.482+00:00,2026-09-14T02:35:21.744+00:00,False,90,89.0,,89.0,293750.770066,300012.887186,300012.887254,3333.4765250444443,0.04476,293750.770066,30956.639246572246,89.15670449999999,70.36086651685393,19.39156476128925,0.29665392321904616,52,64,,True,False,Request timeout: 300.0s exceeded,284,21.16838264042747
466,2026-09-14T02:30:25.759+00:00,2026-09-14T02:35:19.806+00:00,2026-09-14T02:35:25.799+00:00,False,84,83.0,,83.0,294047.292986,300040.084538,300040.084602,3571.905769071429,0.024059999999999998,294047.292986,32075.318861746866,88.94483195,72.2023078554217,21.05457278346027,0.27662970475362625,52,64,,True,False,Request timeout: 300.0s exceeded,385,21.16838264042747
467,2026-09-14T02:30:29.970+00:00,2026-09-14T02:35:23.767+00:00,2026-09-14T02:35:30.034+00:00,False,93,92.0,,92.0,293797.69618699996,300064.019643,300064.019797,3226.4948365268815,0.02184,293797.69618699996,30458.34670900282,87.6754102,68.11221147826087,21.804114754810644,0.3066012383272631,52,64,,True,False,Request timeout: 300.0s exceeded,413,21.16838264042747
468,2026-09-14T02:30:32.631+00:00,2026-09-14T02:35:26.555+00:00,2026-09-14T02:35:32.675+00:00,False,90,89.0,,89.0,293923.662515,300044.049075,300044.04901099997,3333.8227667888887,0.023149999999999997,293923.662515,30975.031473117095,87.2412814,68.76838831460674,19.235372614530878,0.29662311342076736,52,64,,True,False,Request timeout: 300.0s exceeded,435,21.16838264042747
469,2026-09-14T02:30:36.866+00:00,2026-09-14T02:35:30.526+00:00,2026-09-14T02:35:36.942+00:00,False,94,93.0,,93.0,293660.542105,300075.996569,300075.996529,3192.2978354148936,0.038590000000000006,293660.542105,30281.663350082985,88.49580915,68.98338133333333,19.500019506507197,0.30992149010031006,52,64,,True,False,Request timeout: 300.0s exceeded,359,21.16838264042747
470,2026-09-14T02:30:39.827+00:00,2026-09-14T02:35:33.380+00:00,2026-09-14T02:35:39.853+00:00,False,94,93.0,,93.0,293552.531706,300025.717242,300025.717268,3191.762949659574,0.04654,293552.531706,30270.458940159988,87.7873438,69.6041455483871,19.55772936404552,0.3099734277944795,52,64,,True,False,Request timeout: 300.0s exceeded,313,21.16838264042747
471,2026-09-14T02:30:42.713+00:00,2026-09-14T02:35:36.342+00:00,2026-09-14T02:35:42.746+00:00,False,96,95.0,,95.0,293629.406456,300033.475576,300033.475524,3125.348703375,0.02867,293629.406456,29961.552198499587,88.38334050000002,67.41125389473684,19.88138090969675,0.3166313352789063,52,64,,True,False,Request timeout: 300.0s exceeded,422,21.16838264042747
472,2026-09-14T02:30:46.148+00:00,2026-09-14T02:35:39.853+00:00,2026-09-14T02:35:46.185+00:00,False,94,93.0,,93.0,293705.05666,300037.619092,300037.6189,3191.8895627659576,0.021929999999999998,293705.05666,30286.347684897242,88.9305298,68.09206916129031,21.124801677271062,0.3099611318122198,52,64,,True,False,Request timeout: 300.0s exceeded,427,21.16838264042747
473,2026-09-14T02:30:48.703+00:00,2026-09-14T02:35:42.362+00:00,2026-09-14T02:35:48.760+00:00,False,93,92.0,,92.0,293658.591061,300056.963157,300056.963001,3226.4189570000003,0.02348,293658.591061,30443.772818765872,90.473425,69.54752278260871,21.04292525089997,0.3066084487159942,52,64,,True,False,Request timeout: 300.0s exceeded,401,21.16838264042747
474,2026-09-14T02:30:51.246+00:00,2026-09-14T02:35:45.216+00:00,2026-09-14T02:35:51.315+00:00,False,90,89.0,,89.0,293969.842277,300069.576293,300069.576498,3334.1064055333336,0.027120000000000002,293969.842277,30979.92460388597,90.16035345,68.53633725842697,20.64540805811645,0.2965978793967997,52,64,,True,False,Request timeout: 300.0s exceeded,402,21.16838264042747
475,2026-09-14T02:30:54.258+00:00,2026-09-14T02:35:47.533+00:00,2026-09-14T02:35:54.338+00:00,False,100,99.0,,99.0,293274.781759,300079.69849499996,300079.69859,3000.7969859,0.037450000000000004,293274.781759,29320.610654530712,87.87821339999999,68.73653268686869,19.059293505775926,0.32991235493943144,52,64,,True,False,Request timeout: 300.0s exceeded,605,21.16838264042747
476,2026-09-14T02:30:57.615+00:00,2026-09-14T02:35:51.232+00:00,2026-09-14T02:35:57.696+00:00,False,94,93.0,,93.0,293616.2945,300080.54179600003,300080.541802,3192.346189382979,0.0225,293616.2945,30277.04507555019,87.40974785,69.50803544086021,18.911177326677393,0.3099167958155148,52,64,,True,False,Request timeout: 300.0s exceeded,311,21.16838264042747
477,2026-09-14T02:31:00.318+00:00,2026-09-14T02:35:54.248+00:00,2026-09-14T02:36:00.349+00:00,False,90,89.0,,89.0,293930.058112,300031.19296,300031.1929,3333.679921111111,0.026539999999999998,293930.058112,30975.728945973107,88.39602195000002,68.55207694382023,20.05920014543408,0.29663582350207646,52,64,,True,False,Request timeout: 300.0s exceeded,452,21.16838264042747
478,2026-09-14T02:31:03.450+00:00,2026-09-14T02:35:57.370+00:00,2026-09-14T02:36:03.528+00:00,False,92,91.0,,91.0,293920.15627700003,300078.160501,300078.16050600004,3261.719135934783,0.026109999999999998,293920.15627700003,30636.246357540513,91.27382399999999,67.67037608791209,20.674204499607484,0.30325432496676724,52,64,,True,False,Request timeout: 300.0s exceeded,350,21.16838264042747
479,2026-09-14T02:31:07.240+00:00,2026-09-14T02:36:01.331+00:00,2026-09-14T02:36:07.271+00:00,False,86,85.0,,85.0,294091.077492,300030.590836,300030.590801,3488.727800011628,0.02725,294091.077492,31705.128185616682,90.45135875,69.87662757647058,20.758556950082284,0.2833044449339565,52,64,,True,False,Request timeout: 300.0s exceeded,348,21.16838264042747
480,2026-09-14T02:31:09.601+00:00,2026-09-14T02:36:03.532+00:00,2026-09-14T02:36:09.690+00:00,False,88,87.0,,87.0,293931.086282,300088.520394,300088.520332,3410.0968219545457,0.02213,293931.086282,31325.62067421576,90.69419285,70.77510473563218,19.90030799689118,0.28991445552723477,52,64,,True,False,Request timeout: 300.0s exceeded,357,21.16838264042747
481,2026-09-14T02:31:12.214+00:00,2026-09-14T02:36:06.254+00:00,2026-09-14T02:36:12.279+00:00,False,88,87.0,,87.0,294040.568915,300065.017427,300065.017404,3409.829743227273,0.03541,294040.568915,31337.45397053694,87.99127,69.24653462068966,19.028492108720684,0.2899371634388051,52,64,,True,False,Request timeout: 300.0s exceeded,340,21.16838264042747
482,2026-09-14T02:31:15.246+00:00,2026-09-14T02:36:08.929+00:00,2026-09-14T02:36:15.273+00:00,False,93,92.0,,92.0,293683.127424,300027.131008,300027.130918,3226.0981819139784,0.03832,293683.127424,30446.37731059921,87.6737646,68.95656069565217,19.383511208462362,0.30663893525531494,52,64,,True,False,Request timeout: 300.0s exceeded,378,21.16838264042747
483,2026-09-14T02:31:18.359+00:00,2026-09-14T02:36:11.950+00:00,2026-09-14T02:36:18.424+00:00,False,93,92.0,,92.0,293591.91963899997,300065.44847099995,300065.44857999997,3226.510199784946,0.027190000000000002,293591.91963899997,30436.773160751447,86.8153828,70.36444382608695,18.8129236949852,0.3065997783776542,52,64,,True,False,Request timeout: 300.0s exceeded,462,21.16838264042747
484,2026-09-14T02:31:21.094+00:00,2026-09-14T02:36:15.268+00:00,2026-09-14T02:36:21.106+00:00,False,85,84.0,,84.0,294173.818064,300011.598032,300011.598056,3529.548212423529,0.03502,294173.818064,31900.098318764212,87.90780019999998,69.49738057142856,19.43961811484177,0.27998917558860625,52,64,,True,False,Request timeout: 300.0s exceeded,384,21.16838264042747
485,2026-09-14T02:31:23.860+00:00,2026-09-14T02:36:17.878+00:00,2026-09-14T02:36:23.930+00:00,False,92,91.0,,91.0,294018.438644,300070.415604,300070.41565499996,3261.634952771739,0.02321,294018.438644,30646.613745667033,88.50208155,66.50524131868133,19.552237446562845,0.30326215204131224,52,64,,True,False,Request timeout: 300.0s exceeded,298,21.16838264042747
486,2026-09-14T02:31:27.527+00:00,2026-09-14T02:36:21.358+00:00,2026-09-14T02:36:27.547+00:00,False,93,92.0,,92.0,293830.266466,300019.678306,300019.678367,3226.018046956989,0.021920000000000002,293830.266466,30461.809885982388,89.12319,67.2762156521739,20.506214995606708,0.3066465523843611,52,64,,True,False,Request timeout: 300.0s exceeded,450,21.16838264042747
487,2026-09-14T02:31:31.752+00:00,2026-09-14T02:36:25.542+00:00,2026-09-14T02:36:31.830+00:00,False,87,86.0,,86.0,293789.36937599996,300077.46409599995,300077.46420099994,3449.1662551839077,0.03742,293789.36937599996,31489.69295343039,88.9884054,73.11738046511628,18.564370511072987,0.28659266452774046,52,64,,True,False,Request timeout: 300.0s exceeded,446,21.16838264042747
488,2026-09-14T02:31:34.808+00:00,2026-09-14T02:36:28.697+00:00,2026-09-14T02:36:34.890+00:00,False,89,88.0,,88.0,293888.344492,300081.419948,300081.420077,3371.701349179775,0.02652,293888.344492,31144.64777368858,88.301498,70.37585745454545,18.42445491943075,0.2932537443179561,52,64,,True,False,Request timeout: 300.0s exceeded,473,21.16838264042747
489,2026-09-14T02:31:38.436+00:00,2026-09-14T02:36:32.218+00:00,2026-09-14T02:36:38.485+00:00,False,91,90.0,,90.0,293782.115811,300049.526755,300049.52655999997,3297.2475446153844,0.05784,293782.115811,30789.440569802253,87.8423545,69.63789937777779,20.69008755155294,0.29995048141998193,52,64,,True,False,Request timeout: 300.0s exceeded,288,21.16838264042747
490,2026-09-14T02:31:40.856+00:00,2026-09-14T02:36:34.334+00:00,2026-09-14T02:36:40.925+00:00,False,96,95.0,,95.0,293478.04276599997,300068.89844599995,300068.89840099995,3125.717691677083,0.05022,293478.04276599997,29945.903883685252,89.76794999999998,69.37742821052632,21.129333665795134,0.3165939572277801,52,64,,True,False,Request timeout: 300.0s exceeded,504,21.16838264042747
491,2026-09-14T02:31:43.937+00:00,2026-09-14T02:36:37.459+00:00,2026-09-14T02:36:43.964+00:00,False,97,96.0,,96.0,293522.25084600004,300027.27254200005,300027.27254100004,3093.064665371134,0.039810000000000005,293522.25084600004,29795.79606042146,89.1393418,67.76064266666667,20.433490449351396,0.31997091193288507,52,64,,True,False,Request timeout: 300.0s exceeded,464,21.16838264042747
492,2026-09-14T02:31:47.697+00:00,2026-09-14T02:36:41.557+00:00,2026-09-14T02:36:47.732+00:00,False,90,89.0,,89.0,293859.899606,300035.35023,300035.350307,3333.726114522222,0.03601,293859.899606,30968.246259196407,90.91361135,69.38708566292135,21.10217298830211,0.29663171333569427,52,64,,True,False,Request timeout: 300.0s exceeded,423,21.16838264042747
493,2026-09-14T02:31:50.956+00:00,2026-09-14T02:36:44.929+00:00,2026-09-14T02:36:50.968+00:00,False,91,90.0,,90.0,293972.630663,300012.301703,300012.30164099997,3296.8384795714283,0.023989999999999997,293972.630663,30809.677463823336,89.159536,67.107456,21.067754675297742,0.29998769880141896,52,64,,True,False,Request timeout: 300.0s exceeded,401,21.16838264042747
494,2026-09-14T02:31:53.537+00:00,2026-09-14T02:36:47.475+00:00,2026-09-14T02:36:53.582+00:00,False,91,90.0,,90.0,293937.692209,300045.086513,300045.086473,3297.1987524505494,0.038689999999999995,293937.692209,30805.935166551168,88.6357725,67.85993671111112,19.737005039251596,0.29995492026196063,52,64,,True,False,Request timeout: 300.0s exceeded,289,21.16838264042747
495,2026-09-14T02:31:57.702+00:00,2026-09-14T02:36:51.726+00:00,2026-09-14T02:36:57.734+00:00,False,85,84.0,,84.0,294023.848543,300032.562783,300032.562765,3529.7948560588234,0.026010000000000002,294023.848543,31883.610907426024,88.58317720000001,71.53231238095239,19.076626134685522,0.27996961136766146,52,64,,True,False,Request timeout: 300.0s exceeded,391,21.16838264042747
496,2026-09-14T02:32:00.758+00:00,2026-09-14T02:36:54.593+00:00,2026-09-14T02:37:00.849+00:00,False,89,88.0,,88.0,293834.564356,300090.73382799997,300090.733876,3371.8059986067415,0.02512,293834.564356,31138.871869069844,89.93590640000001,71.09283490909091,19.707639317886386,0.29324464263677696,52,64,,True,False,Request timeout: 300.0s exceeded,404,21.16838264042747
497,2026-09-14T02:32:05.595+00:00,2026-09-14T02:36:58.677+00:00,2026-09-14T02:37:05.725+00:00,False,109,108.0,,108.0,293081.52347,300130.36519800004,300130.365207,2753.489589055046,0.036109,293081.52347,28065.874318247665,89.99944980000001,65.26705303703704,20.026628630345353,0.35984362971321127,52,64,,True,False,Request timeout: 300.0s exceeded,508,21.16838264042747
498,2026-09-14T02:32:09.187+00:00,2026-09-14T02:37:02.731+00:00,2026-09-14T02:37:09.228+00:00,False,108,107.0,,107.0,293544.33595700003,300041.444949,300041.44498900004,2778.161527675926,0.0,293544.33595700003,28240.487555236,88.38372084999999,60.72064478504673,27.74808087490205,0.356617400033477,52,64,,True,False,Request timeout: 300.0s exceeded,307,21.16838264042747
499,2026-09-14T02:32:12.581+00:00,2026-09-14T02:37:07.184+00:00,2026-09-14T02:37:12.622+00:00,False,84,83.0,,83.0,294603.22683600005,300040.98197200004,300040.98197200004,3571.9164520476197,0.0,294603.22683600005,32136.70658322044,89.77909049999998,65.51512212048193,22.178242938921017,0.27662887734364766,52,64,,True,False,Request timeout: 300.0s exceeded,322,21.16838264042747
500,2026-09-14T02:32:16.074+00:00,2026-09-14T02:37:09.904+00:00,2026-09-14T02:37:16.564+00:00,False,101,100.0,,100.0,293829.678282,300489.31937,300489.31936900003,2975.1417759306933,0.037450000000000004,293829.678282,29230.52592616681,90.28413,66.59641088000001,19.992895072121225,0.3327905304909274,52,64,,True,False,Request timeout: 300.0s exceeded,290,21.16838264042747
501,2026-09-14T02:32:20.268+00:00,2026-09-14T02:37:13.821+00:00,2026-09-14T02:37:20.283+00:00,False,100,99.0,,99.0,293553.475598,300015.92987,300015.92972099996,3000.1592972099997,0.02017,293553.475598,29348.827111193557,89.1013429,65.27731587878787,20.78093576811259,0.32998247807340675,52,64,,True,False,Request timeout: 300.0s exceeded,383,21.16838264042747
502,2026-09-14T02:32:22.661+00:00,2026-09-14T02:37:16.344+00:00,2026-09-14T02:37:22.738+00:00,False,98,97.0,,97.0,293682.891787,300077.727755,300077.727744,3062.017630040816,0.02298,293682.891787,29659.79951155865,87.7490424,65.926144,20.504791860196843,0.32324958178567703,52,64,,True,False,Request timeout: 300.0s exceeded,442,21.16838264042747
503,2026-09-14T02:32:26.044+00:00,2026-09-14T02:37:19.483+00:00,2026-09-14T02:37:26.051+00:00,False,99,98.0,,98.0,293438.902606,300006.94331,300006.94343700004,3030.3731660303033,0.02109,293438.902606,29484.99007676672,87.6484899,67.02082351020408,19.77605682777038,0.32665910634853434,52,64,,True,False,Request timeout: 300.0s exceeded,418,21.16838264042747
504,2026-09-14T02:32:28.933+00:00,2026-09-14T02:37:22.397+00:00,2026-09-14T02:37:28.957+00:00,False,98,97.0,,97.0,293463.37580800004,300023.10137600004,300023.10148700007,3061.4602192551024,0.0202,293463.37580800004,29637.45298102106,88.81880939999999,67.62603678350516,19.97492368244627,0.3233084371007685,52,64,,True,False,Request timeout: 300.0s exceeded,510,21.16838264042747
505,2026-09-14T02:32:32.254+00:00,2026-09-14T02:37:25.786+00:00,2026-09-14T02:37:32.330+00:00,False,96,95.0,,95.0,293531.172806,300075.660486,300075.66051799996,3125.7881303958334,0.03637,293531.172806,29951.37520867758,88.23561375000001,68.889344,19.566612648789427,0.31658682295704627,52,64,,True,False,Request timeout: 300.0s exceeded,363,21.16838264042747
506,2026-09-14T02:32:36.059+00:00,2026-09-14T02:37:30.064+00:00,2026-09-14T02:37:36.099+00:00,False,89,88.0,,88.0,294004.16968,300039.283152,300039.282977,3371.2278986179776,0.03506,294004.16968,31157.11570149936,85.93449840000001,68.58083490909091,18.783948098972107,0.29329492816918634,52,64,,True,False,Request timeout: 300.0s exceeded,403,21.16838264042747
507,2026-09-14T02:32:39.054+00:00,2026-09-14T02:37:32.955+00:00,2026-09-14T02:37:39.089+00:00,False,92,91.0,,91.0,293900.367468,300034.858092,300034.858029,3261.2484568369564,0.027249,293900.367468,30634.209371004352,87.80441554999999,67.41198487912088,19.438322554405328,0.303298092024016,52,64,,True,False,Request timeout: 300.0s exceeded,409,21.16838264042747
508,2026-09-14T02:32:41.415+00:00,2026-09-14T02:37:35.044+00:00,2026-09-14T02:37:41.448+00:00,False,97,96.0,,96.0,293629.556641,300033.204385,300033.20445099997,3093.1258190824738,0.02841,293629.556641,29806.798462988318,88.84309079999998,66.704664,20.33604102842157,0.3199645859090104,52,64,,True,False,Request timeout: 300.0s exceeded,434,21.16838264042747
509,2026-09-14T02:32:44.201+00:00,2026-09-14T02:37:37.836+00:00,2026-09-14T02:37:44.238+00:00,False,94,93.0,,93.0,293635.162533,300036.708773,300036.708723,3191.879880031915,0.02721,293635.162533,30279.06117132562,88.0270608,68.8338305376344,19.65431733320435,0.30996207224217154,52,64,,True,False,Request timeout: 300.0s exceeded,434,21.16838264042747
510,2026-09-14T02:32:47.540+00:00,2026-09-14T02:37:41.137+00:00,2026-09-14T02:37:47.585+00:00,False,93,92.0,,92.0,293596.740392,300044.94800800004,300044.948042,3226.2897638924733,0.03764,293596.740392,30437.30143880732,86.985589,70.0892132173913,18.56458464009536,0.3066207266970781,52,64,,True,False,Request timeout: 300.0s exceeded,456,21.16838264042747
511,2026-09-14T02:32:50.609+00:00,2026-09-14T02:37:44.316+00:00,2026-09-14T02:37:50.635+00:00,False,94,93.0,,93.0,293706.47171899996,300025.74391099997,300025.743921,3191.763233202127,0.02705,293706.47171899996,30286.507115559267,86.78881365000001,67.94916335483872,19.210744340476005,0.3099734002412395,52,64,,True,False,Request timeout: 300.0s exceeded,225,21.16838264042747
512,2026-09-14T02:32:54.229+00:00,2026-09-14T02:37:47.958+00:00,2026-09-14T02:37:54.255+00:00,False,94,93.0,,93.0,293729.160739,300026.342947,300026.342928,3191.7696056170216,0.023030000000000002,293729.160739,30288.872171164036,89.03031325,67.71163664516129,19.7812990850445,0.30997278134483197,52,64,,True,False,Request timeout: 300.0s exceeded,472,21.16838264042747
513,2026-09-14T02:32:57.444+00:00,2026-09-14T02:37:50.927+00:00,2026-09-14T02:37:57.462+00:00,False,93,92.0,,92.0,293483.033767,300018.28880700003,300018.288903,3226.0031064838713,0.02608,293483.033767,30425.413330205076,88.942056,71.03538086956522,19.89240504742482,0.30664797258137505,52,64,,True,False,Request timeout: 300.0s exceeded,407,21.16838264042747
514,2026-09-14T02:33:00.766+00:00,2026-09-14T02:37:54.422+00:00,2026-09-14T02:38:00.814+00:00,False,89,88.0,,88.0,293656.04897,300048.390474,300048.390358,3371.330228741573,0.02075,293656.04897,31119.78532388093,90.9038264,72.64024436363636,19.817507900243825,0.29328602583397434,52,64,,True,False,Request timeout: 300.0s exceeded,417,21.16838264042747
515,2026-09-14T02:33:03.697+00:00,2026-09-14T02:37:57.464+00:00,2026-09-14T02:38:03.766+00:00,False,90,89.0,,89.0,293767.41814200004,300069.324062,300069.324091,3334.1036010111116,0.034659999999999996,293767.41814200004,30958.346949863273,89.46380794999999,70.80793168539326,19.338344299065977,0.29659812870978747,52,64,,True,False,Request timeout: 300.0s exceeded,315,21.16838264042747
516,2026-09-14T02:33:06.924+00:00,2026-09-14T02:38:00.600+00:00,2026-09-14T02:38:06.960+00:00,False,94,93.0,,93.0,293676.481573,300036.430629,300036.43061800004,3191.8769214680856,0.04063,293676.481573,30283.369797113504,89.881997,68.3865489892473,20.803824586431308,0.30996235958757967,52,64,,True,False,Request timeout: 300.0s exceeded,485,21.16838264042747
517,2026-09-14T02:33:10.201+00:00,2026-09-14T02:38:03.765+00:00,2026-09-14T02:38:12.717+00:00,False,90,89.0,,89.0,293564.423348,302515.65560399997,302515.655775,3361.2850641666664,0.03189,293564.423348,30935.32486655278,88.4635974,100.57564332584269,308.31862946288203,0.2941996500058928,52,64,,True,False,Request timeout: 300.0s exceeded,485,21.16838264042747
518,2026-09-14T02:33:13.888+00:00,2026-09-14T02:38:07.551+00:00,2026-09-14T02:38:14.043+00:00,False,106,105.0,,105.0,293662.84126599994,300154.61982599995,300154.61993499997,2831.647357877358,0.01796,293662.84126599994,28518.506651501684,88.76894225,61.82646247619048,289.4724002729956,0.3498197031279034,52,64,,True,False,Request timeout: 300.0s exceeded,512,21.16838264042747
519,2026-09-14T02:33:17.995+00:00,2026-09-14T02:38:13.811+00:00,2026-09-14T02:38:18.040+00:00,False,65,64.0,,64.0,295815.216042,300044.32964199997,300044.32965699997,4616.066610107692,0.037079999999999995,295815.216042,36683.17434220098,86.670543,66.0799,25.516478961361578,0.21330181468972287,52,64,,True,False,Request timeout: 300.0s exceeded,304,21.16838264042747
520,2026-09-14T02:33:21.129+00:00,2026-09-14T02:38:14.440+00:00,2026-09-14T02:38:21.191+00:00,False,102,101.0,,101.0,293310.904366,300062.62199799996,300062.622086,2941.790412607843,0.02238,293310.904366,29035.49455957113,87.08203505000002,66.84868942574258,19.431302495193222,0.3365964055352193,52,64,,True,False,Request timeout: 300.0s exceeded,450,21.16838264042747
521,2026-09-14T02:33:24.630+00:00,2026-09-14T02:38:18.202+00:00,2026-09-14T02:38:24.671+00:00,False,95,94.0,,94.0,293571.601675,300040.718091,300040.718131,3158.323348747368,0.02691,293571.601675,30112.756447550375,88.181517,68.82038740425531,19.830004418114743,0.31329081132078396,52,64,,True,False,Request timeout: 300.0s exceeded,370,21.16838264042747
522,2026-09-14T02:33:27.553+00:00,2026-09-14T02:38:21.189+00:00,2026-09-14T02:38:27.579+00:00,False,97,96.0,,96.0,293636.519856,300026.396848,300026.39694,3093.0556385567015,0.02684,293636.519856,29807.51989489284,88.9754104,66.56121866666666,20.12773660276178,0.3199718458394037,52,64,,True,False,Request timeout: 300.0s exceeded,307,21.16838264042747
523,2026-09-14T02:33:31.051+00:00,2026-09-14T02:38:24.752+00:00,2026-09-14T02:38:31.081+00:00,False,100,99.0,,99.0,293701.728196,300029.842372,300029.842351,3000.29842351,0.03674,293701.728196,29363.787755773476,88.62682250000002,63.92034521212121,20.335870803345486,0.3299671766558882,52,64,,True,False,Request timeout: 300.0s exceeded,246,21.16838264042747
524,2026-09-14T02:33:33.681+00:00,2026-09-14T02:38:27.204+00:00,2026-09-14T02:38:33.731+00:00,False,99,98.0,,98.0,293523.734491,300050.03081100003,300050.030776,3030.8083916767678,0.02334,293523.734491,29493.559317107145,89.97616,66.59486040816327,20.524221947615082,0.3266121977562125,52,64,,True,False,Request timeout: 300.0s exceeded,399,21.16838264042747
525,2026-09-14T02:33:36.339+00:00,2026-09-14T02:38:29.769+00:00,2026-09-14T02:38:36.403+00:00,False,98,97.0,,97.0,293430.567476,300064.348212,300064.348374,3061.8811058571428,0.03463,293430.567476,29634.0618056653,88.96252634999999,68.38949212371135,20.10428447072982,0.3232639951330307,52,64,,True,False,Request timeout: 300.0s exceeded,447,21.16838264042747
526,2026-09-14T02:33:38.833+00:00,2026-09-14T02:38:32.217+00:00,2026-09-14T02:38:38.874+00:00,False,95,94.0,,94.0,293384.225773,300041.618669,300041.61865099997,3158.332827905263,0.023559999999999998,293384.225773,30093.326419717647,88.7658367,70.82332868085106,19.563268311873763,0.3132898709751961,52,64,,True,False,Request timeout: 300.0s exceeded,518,21.16838264042747
527,2026-09-14T02:33:41.969+00:00,2026-09-14T02:38:35.350+00:00,2026-09-14T02:38:41.994+00:00,False,97,96.0,,96.0,293381.27887800004,300024.91228600004,300024.91227500007,3093.040332731959,0.02984,293381.27887800004,29781.335145971334,88.6936088,69.20451466666667,19.250238635637217,0.3199734291014061,52,64,,True,False,Request timeout: 300.0s exceeded,595,21.16838264042747
528,2026-09-14T02:33:45.488+00:00,2026-09-14T02:38:39.351+00:00,2026-09-14T02:38:45.513+00:00,False,95,94.0,,94.0,293862.48566,300024.498076,300024.498045,3158.152611,0.04054,293862.48566,30142.93610509308,87.210224,65.55332357446808,20.439935550768958,0.31330774854321597,52,64,,True,False,Request timeout: 300.0s exceeded,446,21.16838264042747
529,2026-09-14T02:33:48.309+00:00,2026-09-14T02:38:42.118+00:00,2026-09-14T02:38:48.347+00:00,False,97,96.0,,96.0,293809.35409100004,300037.87197900005,300037.87193600007,3093.1739374845365,0.02332,293809.35409100004,29825.239404005773,85.93393619999999,64.88039466666666,20.4152243960071,0.3199596083214426,52,64,,True,False,Request timeout: 300.0s exceeded,445,21.16838264042747
530,2026-09-14T02:33:51.137+00:00,2026-09-14T02:38:45.077+00:00,2026-09-14T02:38:51.189+00:00,False,95,94.0,,94.0,293939.286127,300052.003439,300052.003515,3158.442142263158,0.02682,293939.286127,30150.869112422322,87.8292707,65.02890757446808,19.90154481516495,0.31327902804391716,52,64,,True,False,Request timeout: 300.0s exceeded,458,21.16838264042747
531,2026-09-14T02:33:54.854+00:00,2026-09-14T02:38:48.518+00:00,2026-09-14T02:38:54.883+00:00,False,94,93.0,,93.0,293664.39823500003,300028.778651,300028.778813,3191.7955192872346,0.02009,293664.39823500003,30282.11798829575,88.0749,68.43419802150537,19.911927979786665,0.30997026491308566,52,64,,True,False,Request timeout: 300.0s exceeded,436,21.16838264042747
532,2026-09-14T02:33:58.168+00:00,2026-09-14T02:38:51.566+00:00,2026-09-14T02:38:58.213+00:00,False,99,98.0,,98.0,293398.694814,300045.67235,300045.672395,3030.7643676262624,0.03495,293398.694814,29480.867814903293,87.77357389999999,67.8263013877551,19.358764437323977,0.3266169421223448,52,64,,True,False,Request timeout: 300.0s exceeded,473,21.16838264042747
533,2026-09-14T02:34:02.348+00:00,2026-09-14T02:38:56.170+00:00,2026-09-14T02:39:02.438+00:00,False,93,92.0,,92.0,293822.521348,300090.791684,300090.791699,3226.78270644086,0.037149999999999996,293822.521348,30460.91697650989,86.35029139999999,68.1333732173913,19.114427966448673,0.30657388546889286,52,64,,True,False,Request timeout: 300.0s exceeded,476,21.16838264042747
534,2026-09-14T02:34:05.427+00:00,2026-09-14T02:38:59.299+00:00,2026-09-14T02:39:05.953+00:00,False,98,97.0,,97.0,293871.88487300003,300526.12820100004,300526.128329,3066.593146214286,0.0419,293871.88487300003,29678.620077006566,88.5645055,68.60044668041236,19.80660808502693,0.3227672767777574,52,64,,True,False,Request timeout: 300.0s exceeded,390,21.16838264042747
535,2026-09-14T02:34:09.407+00:00,2026-09-14T02:39:02.902+00:00,2026-09-14T02:39:09.447+00:00,False,101,100.0,,100.0,293495.106225,300040.309681,300040.309751,2970.6961361485146,0.020739999999999998,293495.106225,29197.34929932662,89.78888,65.45203456,20.94354736851197,0.33328855081611886,52,64,,True,False,Request timeout: 300.0s exceeded,442,21.16838264042747
536,2026-09-14T02:34:11.739+00:00,2026-09-14T02:39:05.333+00:00,2026-09-14T02:39:11.784+00:00,False,99,98.0,,98.0,293593.589867,300045.328747,300045.32866,3030.7608955555556,0.02266,293593.589867,29500.65681356769,89.91661500000001,65.83407020408163,20.96440177323368,0.32661731615436734,52,64,,True,False,Request timeout: 300.0s exceeded,322,21.16838264042747
537,2026-09-14T02:34:14.804+00:00,2026-09-14T02:39:08.415+00:00,2026-09-14T02:39:14.829+00:00,False,95,94.0,,94.0,293610.78893,300025.120322,300025.12032299995,3158.159161294737,0.03642,293610.78893,30116.836648565906,87.631678,68.237568,19.642298673952705,0.31330709874931506,52,64,,True,False,Request timeout: 300.0s exceeded,458,21.16838264042747
538,2026-09-14T02:34:17.706+00:00,2026-09-14T02:39:11.476+00:00,2026-09-14T02:39:17.748+00:00,False,94,93.0,,93.0,293770.29498299997,300042.31469499995,300042.314647,3191.9395175212762,0.023440000000000003,293770.29498299997,30293.142415202135,87.93625200000001,67.44107217204301,19.25569816188809,0.3099562809816898,52,64,,True,False,Request timeout: 300.0s exceeded,424,21.16838264042747
539,2026-09-14T02:34:20.658+00:00,2026-09-14T02:39:14.248+00:00,2026-09-14T02:39:20.679+00:00,False,94,93.0,,93.0,293589.046234,300020.33481000003,300020.334822,3191.705689595745,0.03599,293589.046234,30274.271754542377,88.615777,69.15364060215055,19.811312849728882,0.3099789887871967,52,64,,True,False,Request timeout: 300.0s exceeded,446,21.16838264042747
540,2026-09-14T02:34:24.435+00:00,2026-09-14T02:39:18.277+00:00,2026-09-14T02:39:24.463+00:00,False,90,89.0,,89.0,293841.420501,300027.882453,300027.88243500004,3333.6431381666666,0.019969999999999998,293841.420501,30966.284229438395,87.14842649999999,69.5108084494382,19.36860380771541,0.2966390965811054,52,64,,True,False,Request timeout: 300.0s exceeded,360,21.16838264042747
541,2026-09-14T02:34:28.586+00:00,2026-09-14T02:39:22.261+00:00,2026-09-14T02:39:28.634+00:00,False,94,93.0,,93.0,293674.951731,300048.26961899997,300048.26963,3192.002868404255,0.03552,293674.951731,30283.197079451475,89.39548764999999,68.53029987096775,20.656477469825237,0.30995012941781336,52,64,,True,False,Request timeout: 300.0s exceeded,212,21.16838264042747
542,2026-09-14T02:34:32.599+00:00,2026-09-14T02:39:26.418+00:00,2026-09-14T02:39:32.605+00:00,False,94,93.0,,93.0,293818.86240499996,300006.15738099994,300006.157317,3191.5548650744677,0.032799999999999996,293818.86240499996,30298.246446950783,88.85090679999999,66.53005350537634,20.37063507416968,0.30999363750355446,52,64,,True,False,Request timeout: 300.0s exceeded,402,21.16838264042747
543,2026-09-14T02:34:36.791+00:00,2026-09-14T02:39:30.521+00:00,2026-09-14T02:39:36.815+00:00,False,116,115.0,,115.0,293729.268211,300024.097779,300024.097696,2586.414635310345,0.02993,293729.268211,27267.003367323545,87.5943475,54.737648417391306,20.626609180791945,0.3833025441999991,52,64,,True,False,Request timeout: 300.0s exceeded,330,21.16838264042747
544,2026-09-14T02:34:40.811+00:00,2026-09-14T02:39:34.443+00:00,2026-09-14T02:39:40.961+00:00,False,162,161.0,,161.0,293631.664017,300149.960849,300149.96073,1852.7775353703703,0.01759,293631.664017,23066.854526283318,104.50825694999999,40.48631572670808,84.30986002327144,0.5363985373997638,52,64,,True,False,Request timeout: 300.0s exceeded,721,21.16838264042747
0,2026-09-14T02:04:40.944+00:00,2026-09-14T02:04:41.210+00:00,2026-09-14T02:04:55.871+00:00,True,265,265.0,,265.0,266.277999,14927.268974999999,14927.268993,56.32931695471698,0.023469999999999998,266.277999,24.366116517834033,94.8160282,55.53405672727273,20.68168085019529,17.752745022804817,53,64,,False,True,,1078,21.16838264042747
1,2026-09-14T02:04:44.148+00:00,2026-09-14T02:04:44.280+00:00,2026-09-14T02:04:54.146+00:00,True,163,163.0,,163.0,131.880892,9998.179004,9998.17906,61.3385218404908,0.03032,131.880892,21.835989234161715,95.71537900000001,60.903074765432095,21.181894515930047,16.302968764090757,53,64,,False,True,,592,21.16838264042747
2,2026-09-14T02:04:47.885+00:00,2026-09-14T02:04:50.580+00:00,2026-09-14T02:05:09.294+00:00,True,286,286.0,,286.0,2695.365321,21408.841417,21408.841375,74.85608872377622,39.494706,2695.365321,157.0322895199624,97.23113,65.66131963508772,21.938720568481195,13.358966719838357,53,64,,False,True,,1408,21.16838264042747
3,2026-09-14T02:04:51.155+00:00,2026-09-14T02:04:56.423+00:00,2026-09-14T02:05:16.047+00:00,True,297,297.0,,297.0,5268.082828,24891.48174,24891.481794,83.809703010101,14.291529,5268.082828,302.62268807714617,95.67518620000001,66.2952665945946,21.81104522129518,11.931792695278896,53,64,,False,True,,1073,21.16838264042747
4,2026-09-14T02:04:54.914+00:00,2026-09-14T02:05:03.650+00:00,2026-09-14T02:05:12.476+00:00,True,135,135.0,,135.0,8735.355602,17562.059986,17562.05983,130.08933207407406,40.653245000000005,8735.355602,746.4664091408,94.75471040000001,65.87092823880597,21.7983602255127,7.687025332313996,53,64,,False,True,,600,21.16838264042747
5,2026-09-14T02:04:57.801+00:00,2026-09-14T02:05:08.458+00:00,2026-09-14T02:05:15.639+00:00,True,109,109.0,,109.0,10656.102233,17837.938008999998,17837.938019,163.65080751376146,18.99865,10656.102233,1014.540404540716,95.62892679999999,66.49847940740742,22.184067083052533,6.110571745736803,53,64,,False,True,,212,21.16838264042747
6,2026-09-14T02:05:02.063+00:00,2026-09-14T02:05:15.504+00:00,2026-09-14T02:05:22.997+00:00,True,111,111.0,,111.0,13440.800206,20934.185678,20934.185734,188.59626787387387,17.100744,13440.800206,1269.4831271678406,94.49981550000001,68.12168610909092,22.898299328947473,5.302331875113312,53,64,,False,True,,366,21.16838264042747
7,2026-09-14T02:05:05.839+00:00,2026-09-14T02:05:22.133+00:00,2026-09-14T02:05:30.327+00:00,True,122,122.0,,122.0,16294.075262,24488.301694,24488.301834,200.72378552459017,41.029664,16294.075262,1469.2298399178399,95.0729526,67.72087960330579,22.09273926960294,4.9819706374285575,53,64,,False,True,,447,21.16838264042747
8,2026-09-14T02:05:09.266+00:00,2026-09-14T02:05:28.466+00:00,2026-09-14T02:05:36.361+00:00,True,116,116.0,,116.0,19199.352939,27095.181675,27095.18146,233.57915051724137,40.068535000000004,19199.352939,1776.3710822171606,94.789675,68.65938031304347,21.64891339156481,4.281203993809354,53,64,,False,True,,379,21.16838264042747
9,2026-09-14T02:05:12.612+00:00,2026-09-14T02:05:34.028+00:00,2026-09-14T02:05:44.379+00:00,True,159,159.0,,159.0,21415.50106,31766.958851999996,31766.958788,199.79219363522012,0.01685,21415.50106,1693.4026083936149,96.433744,65.51555564556962,28.51767954133511,5.005200552585777,53,64,,False,True,,710,21.16838264042747
10,2026-09-14T02:05:15.166+00:00,2026-09-14T02:05:38.759+00:00,2026-09-14T02:05:49.686+00:00,True,169,169.0,,169.0,23592.500834,34519.475809999996,34519.475827,204.2572534142012,37.880021,23592.500834,1809.9372550459677,95.355331,65.04151771428572,21.981552760090192,4.895786973423338,53,64,,False,True,,1007,21.16838264042747
11,2026-09-14T02:05:18.610+00:00,2026-09-14T02:05:44.733+00:00,2026-09-14T02:05:54.790+00:00,True,154,154.0,,154.0,26123.065260000003,36179.843244,36179.843188000006,234.9340466753247,39.554007,26123.065260000003,2099.8751172820803,96.7659735,65.73057505882353,22.072436628462537,4.25651374334075,53,64,,False,True,,641,21.16838264042747
12,2026-09-14T02:05:22.522+00:00,2026-09-14T02:05:51.175+00:00,2026-09-14T02:06:03.054+00:00,True,177,177.0,,177.0,28652.873390999997,40531.976878999994,40531.977069,228.99422072881353,39.874436,28652.873390999997,2148.717572029932,95.640003,67.49490618181818,21.699751549805182,4.366922455531781,53,64,,False,True,,713,21.16838264042747
13,2026-09-14T02:05:26.398+00:00,2026-09-14T02:05:58.376+00:00,2026-09-14T02:06:16.325+00:00,True,268,268.0,,268.0,31977.773314,49926.74893,49926.749082999995,186.29383986194028,36.200673,31977.773314,1949.3694152444123,95.3885477,67.2246277752809,21.886995558567193,5.367864035684568,53,64,,False,True,,1314,21.16838264042747
14,2026-09-14T02:05:29.280+00:00,2026-09-14T02:06:03.273+00:00,2026-09-14T02:06:18.101+00:00,True,224,224.0,,224.0,33993.251019,48820.516811,48820.516785,217.94873564732146,33.496239,33993.251019,2266.930048557785,95.15377665,66.48998113004484,21.6557707162711,4.588234919084867,53,64,,False,True,,1151,21.16838264042747
15,2026-09-14T02:05:31.698+00:00,2026-09-14T02:06:07.328+00:00,2026-09-14T02:06:21.678+00:00,True,214,214.0,,214.0,35629.916049,49979.964561,49979.964622,233.55123655140187,38.05458,35629.916049,2431.101284441133,93.66150115,67.3711197746479,21.628502805813223,4.281715721082902,53,64,,False,True,,1120,21.16838264042747
16,2026-09-14T02:05:35.393+00:00,2026-09-14T02:06:13.509+00:00,2026-09-14T02:06:32.363+00:00,True,286,286.0,,286.0,38116.058241,56970.252928999995,56970.253072,199.19668906293705,11.130187,38116.058241,2250.0528769606785,95.14975,66.15506908070175,22.782255314873535,5.020163774881457,53,64,,False,True,,1327,21.16838264042747
17,2026-09-14T02:05:38.371+00:00,2026-09-14T02:06:19.633+00:00,2026-09-14T02:06:32.569+00:00,True,197,197.0,,197.0,41262.330852,54197.6033,54197.603145,275.11473677664975,7.124085,41262.330852,2935.205477503578,93.81732199999999,65.996288,22.808716855675563,3.6348470781917395,53,64,,False,True,,896,21.16838264042747
18,2026-09-14T02:05:42.074+00:00,2026-09-14T02:06:25.815+00:00,2026-09-14T02:06:32.741+00:00,True,106,106.0,,106.0,43740.905119999996,50666.956959999996,50666.957006,477.9901604339622,41.318253,43740.905119999996,4242.13948076662,93.752979,65.96239847619047,21.51510582991416,2.092093276564522,53,64,,False,True,,543,21.16838264042747
19,2026-09-14T02:05:45.137+00:00,2026-09-14T02:06:31.305+00:00,2026-09-14T02:06:48.726+00:00,True,263,263.0,,263.0,46167.825207,63588.940087,63588.940056,241.7830420380228,0.01584,46167.825207,2842.918953550208,95.154579,66.49280488549618,32.845078227296014,4.135939357381539,53,64,,False,True,,1183,21.16838264042747
20,2026-09-14T02:05:48.050+00:00,2026-09-14T02:06:36.558+00:00,2026-09-14T02:06:50.402+00:00,True,207,207.0,,207.0,48507.482076,62351.789788,62351.789625,301.216375,7.834644,48507.482076,3366.9121909200917,96.27914229999999,67.20537724271844,23.29840748783062,3.319872624407623,53,64,,False,True,,897,21.16838264042747
21,2026-09-14T02:05:51.122+00:00,2026-09-14T02:06:42.190+00:00,2026-09-14T02:06:49.857+00:00,True,117,117.0,,117.0,51067.347393,58734.669249,58734.66933,502.0057207692307,9.957889,51067.347393,4715.127582945785,95.87954260000001,66.09760220689655,23.96390188663631,1.992009174410938,53,64,,False,True,,599,21.16838264042747
22,2026-09-14T02:05:55.016+00:00,2026-09-14T02:06:48.448+00:00,2026-09-14T02:06:57.360+00:00,True,136,136.0,,136.0,53431.43817,62343.274586,62343.274438,458.40642969117647,41.543001,53431.43817,4576.095875472137,94.16578075000001,66.01360308148148,21.14058912983869,2.181470269297349,53,64,,False,True,,498,21.16838264042747
23,2026-09-14T02:05:57.633+00:00,2026-09-14T02:06:52.767+00:00,2026-09-14T02:07:01.735+00:00,True,133,133.0,,133.0,55134.094316,64101.998316000005,64101.998327,481.9699122330827,40.178165,55134.094316,4774.891612687018,95.7171422,67.93866666666668,22.01310615089717,2.0748183129074604,53,64,,False,True,,706,21.16838264042747
24,2026-09-14T02:06:01.163+00:00,2026-09-14T02:06:58.973+00:00,2026-09-14T02:07:14.673+00:00,True,235,235.0,,235.0,57810.577694,73509.994526,73509.994506,312.80848725957446,0.0,57810.577694,3766.8617154673243,96.02422399999999,67.09152492307692,26.384401538020168,3.1968442048636265,53,64,,False,True,,944,21.16838264042747
25,2026-09-14T02:06:03.978+00:00,2026-09-14T02:07:04.068+00:00,2026-09-14T02:07:16.857+00:00,True,191,191.0,,191.0,60090.131661,72879.632077,72879.631995,381.5687539005236,0.0,60090.131661,4343.18503183119,96.979891,67.31316008421052,27.453445446999993,2.620759662976914,53,64,,False,True,,633,21.16838264042747
26,2026-09-14T02:06:06.705+00:00,2026-09-14T02:07:08.903+00:00,2026-09-14T02:07:18.679+00:00,True,143,143.0,,143.0,62198.720142,71974.36763,71974.367657,503.31725634265734,40.879894,62198.720142,5195.613458004794,96.2488141,68.84258794366197,23.34752735054506,1.9868184286817612,53,64,,False,True,,904,21.16838264042747
27,2026-09-14T02:06:09.094+00:00,2026-09-14T02:07:13.695+00:00,2026-09-14T02:07:23.511+00:00,True,146,146.0,,146.0,64600.714083,74417.130339,74417.130251,509.70637158219176,41.288602,64600.714083,5340.834796917544,95.93385549999999,67.69942245517242,21.87833892632378,1.9619138676123522,53,64,,False,True,,745,21.16838264042747
28,2026-09-14T02:06:12.837+00:00,2026-09-14T02:07:20.326+00:00,2026-09-14T02:07:27.205+00:00,True,105,105.0,,105.0,67488.41361300001,74367.06807700002,74367.06805300001,708.2577909809524,40.134305,67488.41361300001,6579.778622431061,98.6594702,66.1409083076923,22.6286634596838,1.4119152834058553,53,64,,False,True,,496,21.16838264042747
29,2026-09-14T02:06:16.846+00:00,2026-09-14T02:07:27.294+00:00,2026-09-14T02:07:43.771+00:00,True,254,254.0,,254.0,70447.93570100001,86925.27330100001,86925.273291,342.22548539763784,0.01756,70447.93570100001,4416.359193816511,93.34943965000001,65.12781660079051,36.356047188815936,2.9220500592556427,53,64,,False,True,,1050,21.16838264042747
30,2026-09-14T02:06:20.550+00:00,2026-09-14T02:07:33.288+00:00,2026-09-14T02:07:44.931+00:00,True,179,179.0,,179.0,72737.896613,84380.95530100001,84380.955178,471.40198423463687,37.190250999999996,72737.896613,5431.8372328662845,93.38092,65.41044206741573,21.057810147558538,2.1213317550326267,53,64,,False,True,,729,21.16838264042747
31,2026-09-14T02:06:24.625+00:00,2026-09-14T02:07:40.455+00:00,2026-09-14T02:07:59.448+00:00,True,293,293.0,,293.0,75830.01823199999,94822.82207199998,94822.822133,323.62737929351533,0.0,75830.01823199999,4426.300393515743,93.11416500000001,65.0438487671233,23.71812678377153,3.089973421984024,53,64,,False,True,,1444,21.16838264042747
32,2026-09-14T02:06:28.102+00:00,2026-09-14T02:07:46.584+00:00,2026-09-14T02:07:55.340+00:00,True,138,138.0,,138.0,78482.562681,87237.705081,87237.705101,632.1572833405796,0.0,78482.562681,6675.489876548502,92.43821785,63.90614890510949,26.06776356123458,1.5818848039602527,53,64,,False,True,,605,21.16838264042747
33,2026-09-14T02:06:31.606+00:00,2026-09-14T02:07:52.453+00:00,2026-09-14T02:08:00.999+00:00,True,129,129.0,,129.0,80847.442716,89393.220124,89393.22014800001,692.9706988217055,40.503925,80847.442716,7112.374795363686,94.49811299999999,66.763886,21.621045368822966,1.4430624584399159,53,64,,False,True,,619,21.16838264042747
34,2026-09-14T02:06:35.685+00:00,2026-09-14T02:07:58.991+00:00,2026-09-14T02:08:12.572+00:00,True,209,209.0,,209.0,83305.892752,96886.861968,96886.862048,463.5735026220096,37.304972,83305.892752,5757.9146291844745,96.5823424,65.29312123076923,22.033495925962246,2.157155219549055,53,64,,False,True,,897,21.16838264042747
35,2026-09-14T02:06:39.267+00:00,2026-09-14T02:08:05.584+00:00,2026-09-14T02:08:15.766+00:00,True,158,158.0,,158.0,86317.164024,96499.54175199999,96499.54196,610.7565946835443,0.0,86317.164024,6861.922559928743,95.5317552,64.8559090955414,28.146864561685085,1.6373134745660634,53,64,,False,True,,745,21.16838264042747
36,2026-09-14T02:06:42.223+00:00,2026-09-14T02:08:10.872+00:00,2026-09-14T02:08:24.498+00:00,True,206,206.0,,206.0,88649.547642,102275.777914,102275.77786100001,496.4843585485437,0.0,88649.547642,6172.078889119062,96.46073575,66.46941596097561,50.227471101095645,2.014162142801964,53,64,,False,True,,1001,21.16838264042747
37,2026-09-14T02:06:44.877+00:00,2026-09-14T02:08:15.902+00:00,2026-09-14T02:08:25.328+00:00,True,138,138.0,,138.0,91024.674933,100450.795893,100450.795792,727.9043173333333,0.01542,91024.674933,7742.87404743109,95.07956205,68.80380262773723,55.310943477483065,1.373806934760351,53,64,,False,True,,575,21.16838264042747
38,2026-09-14T02:06:48.898+00:00,2026-09-14T02:08:23.266+00:00,2026-09-14T02:08:32.478+00:00,True,141,141.0,,141.0,94367.63620299999,103579.75677899999,103579.75677499999,734.6082040780141,39.590267,94367.63620299999,7941.6779876589135,96.218576,65.80086125714286,22.20042453864974,1.3612698502550131,53,64,,False,True,,518,21.16838264042747
39,2026-09-14T02:06:51.915+00:00,2026-09-14T02:08:28.863+00:00,2026-09-14T02:08:44.370+00:00,True,231,231.0,,231.0,96948.309074,112455.44149,112455.441466,486.82009292640697,0.0,96948.309074,6374.341447424699,96.13656650000001,67.42231485217391,24.553103743922843,2.0541469309027742,53,64,,False,True,,1013,21.16838264042747
40,2026-09-14T02:06:56.130+00:00,2026-09-14T02:08:35.865+00:00,2026-09-14T02:08:55.518+00:00,True,296,296.0,,296.0,99735.07956999999,119387.348114,119387.34797899998,403.33563506418915,0.0,99735.07956999999,5793.160967196201,95.00802900000001,66.61785947118645,23.94086834156216,2.4793246912340914,53,64,,False,True,,1300,21.16838264042747
41,2026-09-14T02:07:00.343+00:00,2026-09-14T02:08:43.854+00:00,2026-09-14T02:08:53.108+00:00,True,140,140.0,,140.0,103511.11756700001,112764.69452700001,112764.694451,805.4621032214286,39.892046,103511.11756700001,8742.688513069643,96.93703545,66.57249611510791,22.511349864902996,1.2415233383750164,53,64,,False,True,,885,21.16838264042747
42,2026-09-14T02:07:03.383+00:00,2026-09-14T02:08:49.907+00:00,2026-09-14T02:09:01.392+00:00,True,175,175.0,,175.0,106523.735257,118008.839129,118008.839073,674.3362232742857,0.0,106523.735257,8047.499522136088,94.06198140000001,66.00634409195402,28.912981288818806,1.4829397635943251,53,64,,False,True,,803,21.16838264042747
43,2026-09-14T02:07:07.480+00:00,2026-09-14T02:08:56.686+00:00,2026-09-14T02:09:12.715+00:00,True,247,247.0,,247.0,109205.28555,125234.541742,125234.541797,507.0224364251012,0.0,109205.28555,6944.473124047535,96.1585843,65.15957801626016,27.23934359747061,1.9722993078766815,53,64,,False,True,,543,21.16838264042747
44,2026-09-14T02:07:10.862+00:00,2026-09-14T02:09:02.689+00:00,2026-09-14T02:09:15.406+00:00,True,192,192.0,,192.0,111826.54199099999,124543.58007099999,124543.57988299998,648.6644785572917,39.356637,111826.54199099999,8065.611702440053,98.08075455,66.58135120418848,22.522817325319927,1.5416290417422107,53,64,,False,True,,1070,21.16838264042747
45,2026-09-14T02:07:14.363+00:00,2026-09-14T02:09:08.973+00:00,2026-09-14T02:09:22.696+00:00,True,205,205.0,,205.0,114610.184687,128333.221359,128333.221294,626.0157136292682,0.0,114610.184687,8000.240771764619,98.537914,67.26978760784313,59.01174748260727,1.5974039911811453,53,64,,False,True,,1048,21.16838264042747
46,2026-09-14T02:07:17.568+00:00,2026-09-14T02:09:15.311+00:00,2026-09-14T02:09:28.633+00:00,True,198,198.0,,198.0,117743.117847,131065.292567,131065.292351,661.9459209646465,0.0,117743.117847,8363.02812710004,97.08571899999998,67.62525238578681,57.25847798796215,1.5106974250927894,53,64,,False,True,,907,21.16838264042747
47,2026-09-14T02:07:21.330+00:00,2026-09-14T02:09:21.176+00:00,2026-09-14T02:09:29.621+00:00,True,124,124.0,,124.0,119846.26254099999,128291.27092499999,128291.27090599999,1034.6070234354838,0.0,119846.26254099999,10756.397602729494,95.6569675,68.65860474796749,33.33598520530317,0.9665505619044907,53,64,,False,True,,646,21.16838264042747
48,2026-09-14T02:07:23.808+00:00,2026-09-14T02:09:26.003+00:00,2026-09-14T02:09:43.899+00:00,True,270,270.0,,270.0,122194.753349,140090.730309,140090.730393,518.8545570111112,40.186035000000004,122194.753349,7432.51783829478,94.708093,66.52779539033457,21.41009446110782,1.9273223817482954,53,64,,False,True,,923,21.16838264042747
49,2026-09-14T02:07:28.287+00:00,2026-09-14T02:09:32.444+00:00,2026-09-14T02:09:50.655+00:00,True,279,279.0,,279.0,124156.575501,142367.852557,142367.852409,510.2790408924731,0.0,124156.575501,7429.190278933118,95.21866,65.50819084892086,27.954515361739904,1.9597120767716605,53,64,,False,True,,1193,21.16838264042747
50,2026-09-14T02:07:31.522+00:00,2026-09-14T02:09:39.588+00:00,2026-09-14T02:09:52.650+00:00,True,199,199.0,,199.0,128065.070192,141127.46456,141127.464574,709.1832390653266,0.0,128065.070192,9073.664917001175,94.0613529,65.97168872727272,30.016585815161708,1.4100728063133001,53,64,,False,True,,938,21.16838264042747
51,2026-09-14T02:07:34.938+00:00,2026-09-14T02:09:44.303+00:00,2026-09-14T02:09:52.201+00:00,True,124,124.0,,124.0,129364.92928200001,137262.94656200003,137262.946422,1106.9592453387097,0.0,129364.92928200001,11611.59721742842,93.533565,64.21152260162602,34.20985737569656,0.9033756239816015,53,64,,False,True,,602,21.16838264042747
52,2026-09-14T02:07:38.139+00:00,2026-09-14T02:09:50.964+00:00,2026-09-14T02:10:05.357+00:00,True,215,215.0,,215.0,132824.99887100002,147218.49544700002,147218.49546200002,684.737188195349,38.490299,132824.99887100002,9054.030141285448,95.02201600000001,67.25932979439253,22.348246963504646,1.4604143273383876,53,64,,False,True,,847,21.16838264042747
53,2026-09-14T02:07:40.875+00:00,2026-09-14T02:09:55.582+00:00,2026-09-14T02:10:15.451+00:00,True,298,298.0,,298.0,134706.59788400002,154575.498236,154575.49830200002,518.7097258456376,0.0,134706.59788400002,7799.516128075452,95.518156,66.89865438383839,27.3424465267786,1.9278605173571874,53,64,,False,True,,1313,21.16838264042747
54,2026-09-14T02:07:44.333+00:00,2026-09-14T02:10:01.614+00:00,2026-09-14T02:10:15.453+00:00,True,209,209.0,,209.0,137281.640882,151120.43768200002,151120.43775500002,723.0642954784689,0.0,137281.640882,9491.412993042948,96.1200584,66.53267692307692,29.457522124163862,1.3830028764196336,53,64,,False,True,,905,21.16838264042747
55,2026-09-14T02:07:47.661+00:00,2026-09-14T02:10:07.979+00:00,2026-09-14T02:10:26.680+00:00,True,285,285.0,,285.0,140318.342324,159019.15409999999,159019.154169,557.9619444526315,0.0,140318.342324,8308.058682755705,96.6194314,65.84792878873239,60.280017738331864,1.7922369265074591,53,64,,False,True,,1283,21.16838264042747
56,2026-09-14T02:07:50.041+00:00,2026-09-14T02:10:11.847+00:00,2026-09-14T02:10:22.232+00:00,True,160,160.0,,160.0,141805.88342899998,152190.269989,152190.269977,951.1891873562498,0.01622,141805.88342899998,11205.831990921151,96.6602259,65.31060729559749,75.95719403141247,1.0513155670961387,53,64,,False,True,,678,21.16838264042747
57,2026-09-14T02:07:52.568+00:00,2026-09-14T02:10:16.234+00:00,2026-09-14T02:10:32.495+00:00,True,248,248.0,,248.0,143666.21879800002,159926.92791800003,159926.92793600002,644.8666449032258,0.01644,143666.21879800002,9118.843957978908,95.72191750000002,65.83283044534413,62.060375577381215,1.5507082092338949,53,64,,False,True,,1223,21.16838264042747
58,2026-09-14T02:07:56.466+00:00,2026-09-14T02:10:23.897+00:00,2026-09-14T02:10:40.955+00:00,True,256,256.0,,256.0,147430.507503,164489.021423,164489.021505,642.5352402539063,0.0,147430.507503,9210.276105732364,95.511746,66.89613301960784,30.527990064621022,1.5563348713812963,53,64,,False,True,,1003,21.16838264042747
59,2026-09-14T02:08:00.458+00:00,2026-09-14T02:10:30.270+00:00,2026-09-14T02:10:47.359+00:00,True,257,257.0,,257.0,149811.87805899998,166900.69674699998,166900.69677799998,649.4190536108948,0.0,149811.87805899998,9340.895804595499,96.62757579999999,66.753198,31.095438721537413,1.5398377898300748,53,64,,False,True,,1053,21.16838264042747
60,2026-09-14T02:08:02.946+00:00,2026-09-14T02:10:34.920+00:00,2026-09-14T02:10:46.618+00:00,True,178,178.0,,178.0,151974.38378799998,163671.91543599998,163671.91539299997,919.5051426573033,0.0,151974.38378799998,11386.05857846397,95.10769135000001,66.08774942372882,33.97677904798658,1.0875414974269222,53,64,,False,True,,722,21.16838264042747
61,2026-09-14T02:08:06.743+00:00,2026-09-14T02:10:41.176+00:00,2026-09-14T02:10:49.060+00:00,True,121,121.0,,121.0,154432.789871,162317.29777499998,162317.297749,1341.4652706528925,38.770838000000005,154432.789871,14033.388575434425,97.02079499999999,65.70423253333333,22.033956581395827,0.7454535139423467,53,64,,False,True,,587,21.16838264042747
62,2026-09-14T02:08:09.855+00:00,2026-09-14T02:10:47.269+00:00,2026-09-14T02:10:57.783+00:00,True,159,159.0,,159.0,157413.26496,167927.626048,167927.626034,1056.148591408805,0.028449000000000002,157413.26496,12478.426053309895,94.19708089999999,66.54658916455696,22.188364438564562,0.9468364660532499,53,64,,False,True,,650,21.16838264042747
63,2026-09-14T02:08:13.044+00:00,2026-09-14T02:10:53.242+00:00,2026-09-14T02:11:10.002+00:00,True,253,253.0,,253.0,160198.84720500003,176958.44502900002,176958.444997,699.4404940592887,39.424997000000005,160198.84720500003,10067.477235065315,92.4723016,66.50634057142858,29.558665775431418,1.4297141905747321,53,64,,False,True,,650,21.16838264042747
64,2026-09-14T02:08:17.077+00:00,2026-09-14T02:10:59.183+00:00,2026-09-14T02:11:18.793+00:00,True,299,299.0,,299.0,162106.475074,181716.245826,181716.24565499998,607.7466409866221,0.0,162106.475074,9371.10083380905,95.2089919,65.80459983892618,29.698464089154776,1.6454225027645768,53,64,,False,True,,1530,21.16838264042747
65,2026-09-14T02:08:20.637+00:00,2026-09-14T02:11:05.940+00:00,2026-09-14T02:11:13.562+00:00,True,113,113.0,,113.0,165302.425571,172924.704483,172924.704437,1530.3071189115044,0.0,165302.425571,15543.991709369138,96.5044958,68.05606171428572,39.50476479425152,0.6534636004603315,53,64,,False,True,,161,21.16838264042747
66,2026-09-14T02:08:23.048+00:00,2026-09-14T02:11:10.338+00:00,2026-09-14T02:11:18.797+00:00,True,130,130.0,,130.0,167290.641871,175748.948431,175748.948325,1351.9149871153845,38.239599000000005,167290.641871,14666.624461459001,93.47851050000001,65.56826790697674,21.252231684443522,0.7396914812895095,53,64,,False,True,,537,21.16838264042747
67,2026-09-14T02:08:26.668+00:00,2026-09-14T02:11:15.934+00:00,2026-09-14T02:11:35.089+00:00,True,291,291.0,,291.0,169266.15062099998,188420.50044499998,188420.50021199998,647.4931278762886,0.01597,169266.15062099998,9918.892957111684,95.878073,66.04948215172413,64.2489598888693,1.544417933891132,53,64,,False,True,,438,21.16838264042747
68,2026-09-14T02:08:30.256+00:00,2026-09-14T02:11:22.617+00:00,2026-09-14T02:11:42.447+00:00,True,300,300.0,,300.0,172360.92703999998,192191.52569599997,192191.52572699997,640.63841909,0.0,172360.92703999998,9947.646817837556,94.61441199999999,66.32307242809364,65.2400166181867,1.5609429131361738,53,64,,False,True,,871,21.16838264042747
69,2026-09-14T02:08:34.212+00:00,2026-09-14T02:11:29.678+00:00,2026-09-14T02:11:45.627+00:00,True,239,239.0,,239.0,175465.901901,191415.646029,191415.646146,800.9022851297071,0.0,175465.901901,11345.653143924366,95.2933649,67.0157316302521,31.070028127420834,1.248591768531768,53,64,,False,True,,1060,21.16838264042747
70,2026-09-14T02:08:37.828+00:00,2026-09-14T02:11:35.674+00:00,2026-09-14T02:11:49.485+00:00,True,210,210.0,,210.0,177845.860388,191656.897316,191656.897271,912.6518917666667,0.0,177845.860388,12268.012915996938,94.5047425,66.08151640191387,32.430994719648275,1.0957080227264469,53,64,,False,True,,1059,21.16838264042747
71,2026-09-14T02:08:41.956+00:00,2026-09-14T02:11:43.615+00:00,2026-09-14T02:11:59.992+00:00,True,240,240.0,,240.0,181658.661687,198035.849783,198035.849871,825.1493744625001,39.077938,181658.661687,11721.615358244906,96.51818250000001,68.52379956485356,22.943447495895562,1.2119017857775887,53,64,,False,True,,1083,21.16838264042747
72,2026-09-14T02:08:44.762+00:00,2026-09-14T02:11:48.448+00:00,2026-09-14T02:12:06.732+00:00,True,269,269.0,,269.0,183685.870005,201969.835957,201969.835801,750.8172334609666,38.988307999999996,183685.870005,11195.390622062998,97.34146499999999,68.2237535522388,23.770863677056525,1.3318820541958103,53,64,,False,True,,1138,21.16838264042747
73,2026-09-14T02:08:48.255+00:00,2026-09-14T02:11:54.648+00:00,2026-09-14T02:12:06.453+00:00,True,176,176.0,,176.0,186392.82908300002,198198.332315,198198.33236200002,1126.1268884204546,38.600388,186392.82908300002,14044.823082631878,98.86567925,67.46001846857142,23.736727281890147,0.8879993991083647,53,64,,False,True,,642,21.16838264042747
74,2026-09-14T02:08:52.463+00:00,2026-09-14T02:12:01.980+00:00,2026-09-14T02:12:19.055+00:00,True,253,253.0,,253.0,189517.436652,206592.3059,206592.305836,816.570378798419,0.0,189517.436652,11910.645144401566,98.4261266,67.75741765079366,33.11742981136019,1.2246341842104391,53,64,,False,True,,1446,21.16838264042747
75,2026-09-14T02:08:54.892+00:00,2026-09-14T02:12:06.823+00:00,2026-09-14T02:12:20.919+00:00,True,209,209.0,,209.0,191930.549707,206027.058379,206027.058428,985.7753991770335,0.0,191930.549707,13271.47111533566,97.38077099999998,67.7716763076923,34.74047650346724,1.0144298600600854,53,64,,False,True,,931,21.16838264042747
76,2026-09-14T02:08:57.666+00:00,2026-09-14T02:12:11.396+00:00,2026-09-14T02:12:29.607+00:00,True,273,273.0,,273.0,193729.565468,211940.27881199998,211940.27900799998,776.3380183443223,0.0,193729.565468,11721.037975202578,96.10273160000001,66.951152,31.937567967700645,1.288098711251402,53,64,,False,True,,1286,21.16838264042747
77,2026-09-14T02:09:01.883+00:00,2026-09-14T02:12:18.912+00:00,2026-09-14T02:12:31.206+00:00,True,184,184.0,,184.0,197029.136843,209322.712011,209322.71213399997,1137.6234355108695,38.433619,197029.136843,14520.243568142512,94.37713615000001,67.17800638251366,21.149627435854555,0.8790254924192399,53,64,,False,True,,703,21.16838264042747
78,2026-09-14T02:09:04.955+00:00,2026-09-14T02:12:23.978+00:00,2026-09-14T02:12:33.289+00:00,True,145,145.0,,145.0,199023.064144,208334.008656,208334.008611,1436.7862662827586,39.074868,199023.064144,16522.609343026805,92.5717772,64.65933688888889,20.914400678118195,0.6959977438893485,53,64,,False,True,,630,21.16838264042747
79,2026-09-14T02:09:08.373+00:00,2026-09-14T02:12:31.339+00:00,2026-09-14T02:12:40.248+00:00,True,137,137.0,,137.0,202966.307189,211875.000693,211875.00081300002,1546.532852649635,38.20593,202966.307189,17334.998171484713,94.2799296,65.50509929411764,21.118513988110582,0.646607667501597,53,64,,False,True,,647,21.16838264042747
80,2026-09-14T02:09:10.722+00:00,2026-09-14T02:12:35.102+00:00,2026-09-14T02:12:50.309+00:00,True,233,233.0,,233.0,204380.441559,219587.335895,219587.33598,942.4349183690987,39.540637000000004,204380.441559,13385.130750549322,93.877616,65.54695834482759,21.357003091625582,1.0610812278874477,53,64,,False,True,,1130,21.16838264042747
81,2026-09-14T02:09:14.415+00:00,2026-09-14T02:12:41.047+00:00,2026-09-14T02:12:49.851+00:00,True,137,137.0,,137.0,206632.40941999998,215436.569164,215436.56911399998,1572.5297015620436,38.26529,206632.40941999998,17648.280175350064,96.37824460000002,64.73646870588236,21.37821809771317,0.6359180362536754,53,64,,False,True,,689,21.16838264042747
82,2026-09-14T02:09:18.172+00:00,2026-09-14T02:12:46.829+00:00,2026-09-14T02:13:02.635+00:00,True,239,239.0,,239.0,208656.91094,224463.361884,224463.361787,939.1772459707113,0.0,208656.91094,13492.833198889499,95.9148149,66.41365942857142,79.89958974329181,1.0647617410431212,53,64,,False,True,,952,21.16838264042747
83,2026-09-14T02:09:20.953+00:00,2026-09-14T02:12:53.144+00:00,2026-09-14T02:13:05.905+00:00,True,192,192.0,,192.0,212191.11020300002,224951.82290700002,224951.822809,1171.6240771302084,40.461074999999994,212191.11020300002,15308.768049894594,94.92300605,66.81001415706807,21.716776857709366,0.8535160885510004,53,64,,False,True,,801,21.16838264042747
84,2026-09-14T02:09:25.101+00:00,2026-09-14T02:13:00.276+00:00,2026-09-14T02:13:11.996+00:00,True,176,176.0,,176.0,215175.92429,226895.158594,226895.158582,1289.1770373977272,39.593146,215175.92429,16214.4620530235,95.75043099999999,66.96705316571429,21.612281764901702,0.7756886532556192,53,64,,False,True,,841,21.16838264042747
85,2026-09-14T02:09:28.908+00:00,2026-09-14T02:13:07.051+00:00,2026-09-14T02:13:23.968+00:00,True,257,257.0,,257.0,218142.487385,235059.166297,235059.166256,914.6271060544747,35.694953999999996,218142.487385,13603.24970076737,93.63615440000001,66.080777,21.678137014387197,1.0933417490100237,53,64,,False,True,,1345,21.16838264042747
86,2026-09-14T02:09:31.554+00:00,2026-09-14T02:13:11.497+00:00,2026-09-14T02:13:31.275+00:00,True,300,300.0,,300.0,219943.144101,239720.88208500002,239720.882256,799.0696075200001,0.0,219943.144101,12694.649124543459,93.31700795,66.14628088294315,33.75855920538703,1.2514554317951585,53,64,,False,True,,1216,21.16838264042747
87,2026-09-14T02:09:33.870+00:00,2026-09-14T02:13:16.598+00:00,2026-09-14T02:13:27.056+00:00,True,159,159.0,,159.0,222728.221403,233186.121179,233186.121012,1466.5793774339622,40.199915000000004,222728.221403,17658.261579675956,92.8582689,66.1892390886076,22.15536894654037,0.681858762417285,53,64,,False,True,,578,21.16838264042747
88,2026-09-14T02:09:37.951+00:00,2026-09-14T02:13:23.211+00:00,2026-09-14T02:13:32.151+00:00,True,137,137.0,,137.0,225259.441502,234199.291998,234199.292057,1709.4838836277372,0.0,225259.441502,19239.647996361495,94.25739960000001,65.73419482352942,44.53537110106618,0.5849718794246822,53,64,,False,True,,644,21.16838264042747
89,2026-09-14T02:09:40.805+00:00,2026-09-14T02:13:28.848+00:00,2026-09-14T02:13:48.538+00:00,True,292,292.0,,292.0,228042.49195199998,247733.126192,247733.12629199997,848.4011174383561,0.0,228042.49195199998,13341.263262794211,95.28640955,67.66540975945017,34.95987115305277,1.1786877455124511,53,64,,False,True,,1330,21.16838264042747
90,2026-09-14T02:09:43.855+00:00,2026-09-14T02:13:33.220+00:00,2026-09-14T02:13:43.858+00:00,True,162,162.0,,162.0,229365.643201,240003.581633,240003.581627,1481.5035902901234,39.167857000000005,229365.643201,18015.48834762514,94.7778341,66.0741517515528,21.517281793431597,0.6749899268075146,53,64,,False,True,,750,21.16838264042747
91,2026-09-14T02:09:46.953+00:00,2026-09-14T02:13:38.967+00:00,2026-09-14T02:13:49.779+00:00,True,158,158.0,,158.0,232013.418095,242826.184047,242826.184099,1536.8745829050633,41.032582999999995,232013.418095,18452.53122871344,97.04351884999998,68.87112071337579,22.673848764475455,0.6506711811993819,53,64,,False,True,,819,21.16838264042747
92,2026-09-14T02:09:50.384+00:00,2026-09-14T02:13:46.264+00:00,2026-09-14T02:14:03.595+00:00,True,261,261.0,,261.0,235880.276285,253211.534397,253211.534506,970.1591360383142,35.567135,235880.276285,14596.51428354958,95.671317,66.65868504615385,22.836011618241503,1.030758731514927,53,64,,False,True,,1259,21.16838264042747
93,2026-09-14T02:09:54.121+00:00,2026-09-14T02:13:52.456+00:00,2026-09-14T02:14:08.018+00:00,True,234,234.0,,234.0,238334.380583,253896.906279,253896.90607,1085.029513119658,35.309985,238334.380583,15576.05601162794,95.295877,66.79195577682404,22.703241539741363,0.921633916022845,53,64,,False,True,,1324,21.16838264042747
94,2026-09-14T02:09:57.333+00:00,2026-09-14T02:13:57.935+00:00,2026-09-14T02:14:16.422+00:00,True,276,276.0,,276.0,240602.22262599997,259088.89577799998,259088.89585299997,938.7278835253622,0.0,240602.22262599997,14478.553549391307,95.83092850000001,67.22426600727272,37.374015188724904,1.0652714357796726,53,64,,False,True,,1240,21.16838264042747
95,2026-09-14T02:10:00.303+00:00,2026-09-14T02:14:03.996+00:00,2026-09-14T02:14:21.318+00:00,True,257,257.0,,257.0,243692.703374,261014.82459,261014.824511,1015.6218852568094,0.0,243692.703374,15196.961515182364,97.219303,67.664536,38.717488836915955,0.9846184039687921,53,64,,False,True,,1143,21.16838264042747
96,2026-09-14T02:10:04.288+00:00,2026-09-14T02:14:11.255+00:00,2026-09-14T02:14:20.532+00:00,True,138,138.0,,138.0,246966.820504,256243.350168,256243.350249,1856.8358713695652,0.0,246966.820504,21017.502984540984,95.55478585,67.71189535766423,48.31170475569206,0.538550561056603,53,64,,False,True,,729,21.16838264042747
97,2026-09-14T02:10:07.224+00:00,2026-09-14T02:14:16.332+00:00,2026-09-14T02:14:36.010+00:00,True,295,295.0,,295.0,249108.706362,268786.50937,268786.509335,911.1407096101694,0.015439999999999999,249108.706362,14500.005754221516,94.8992483,66.93130274829932,82.34500966841148,1.097525321086393,53,64,,False,True,,1453,21.16838264042747
98,2026-09-14T02:10:11.053+00:00,2026-09-14T02:14:23.866+00:00,2026-09-14T02:14:39.008+00:00,True,227,227.0,,227.0,252812.98085,267955.364978,267955.364833,1180.4201093964757,0.01576,252812.98085,16775.63902569017,93.471489,67.00169968141593,100.41416587768326,0.8471560180130652,53,64,,False,True,,1087,21.16838264042747
99,2026-09-14T02:10:15.025+00:00,2026-09-14T02:14:30.257+00:00,2026-09-14T02:14:43.134+00:00,True,198,198.0,,198.0,255231.195268,268108.553604,268108.553554,1354.0836038080809,0.015669,255231.195268,18134.140421643453,93.35497685,65.36730119796954,103.63840384676291,0.7385068373926208,53,64,,False,True,,674,21.16838264042747
100,2026-09-14T02:10:18.462+00:00,2026-09-14T02:14:35.253+00:00,2026-09-14T02:14:44.302+00:00,True,141,141.0,,141.0,256790.86224900003,265840.425385,265840.42542800005,1885.3930881418441,40.187405,256790.86224900003,21620.25812277188,93.026302,64.63973668571428,20.843037547341392,0.5303933733772753,53,64,,False,True,,856,21.16838264042747
101,2026-09-14T02:10:21.030+00:00,2026-09-14T02:14:41.026+00:00,2026-09-14T02:14:49.893+00:00,True,138,138.0,,138.0,259995.82738499998,268862.262201,268862.26211199997,1948.2772616811592,37.902519,259995.82738499998,22126.81598403374,92.44835299999998,64.71850230656935,21.723173075098355,0.5132739673849501,53,64,,False,True,,730,21.16838264042747
102,2026-09-14T02:10:23.670+00:00,2026-09-14T02:14:45.324+00:00,2026-09-14T02:14:54.487+00:00,True,137,137.0,,137.0,261654.864535,270817.623959,270817.623942,1976.7709776788322,36.395642,261654.864535,22348.93892517369,94.9984762,67.37323105882352,22.54653796703463,0.5058754965693846,53,64,,False,True,,590,21.16838264042747
103,2026-09-14T02:10:26.915+00:00,2026-09-14T02:14:50.764+00:00,2026-09-14T02:15:00.031+00:00,True,137,137.0,,137.0,263849.02061899996,273116.04346699995,273116.04357499996,1993.5477633211676,0.0,263849.02061899996,22536.37630024222,96.82923,68.13987388235294,49.86352088165882,0.501618280130634,53,64,,False,True,,711,21.16838264042747
104,2026-09-14T02:10:29.381+00:00,2026-09-14T02:14:56.430+00:00,2026-09-14T02:15:07.207+00:00,True,155,155.0,,155.0,267049.220946,277826.265938,277826.26581400004,1792.4275213806452,0.0,267049.220946,21444.340936408564,95.53535639999998,69.98081163636364,47.52798328295677,0.5579026139831932,53,64,,False,True,,709,21.16838264042747
105,2026-09-14T02:10:33.106+00:00,2026-09-14T02:15:02.094+00:00,2026-09-14T02:15:20.269+00:00,True,267,267.0,,267.0,268987.292728,287162.68319199997,287162.68321499997,1075.51566747191,39.725936000000004,268987.292728,16457.58884802998,96.13048129999999,68.32853557894737,22.63590045319596,0.9297865482803036,53,64,,False,True,,1056,21.16838264042747
106,2026-09-14T02:10:36.396+00:00,2026-09-14T02:15:07.206+00:00,2026-09-14T02:15:19.776+00:00,True,187,187.0,,187.0,270809.944672,283380.407392,283380.407619,1515.4032492994654,42.440678999999996,270809.944672,19798.65497556765,95.213702,67.5831329032258,22.460832595652025,0.6598903633493722,53,64,,False,True,,865,21.16838264042747
107,2026-09-14T02:10:38.979+00:00,2026-09-14T02:15:12.299+00:00,2026-09-14T02:15:27.747+00:00,True,230,230.0,,230.0,273320.119894,288767.69007,288767.689924,1255.5116953217391,40.979113,273320.119894,18017.76079097192,95.3863449,67.4566383231441,22.304676234302224,0.7964880002476933,53,64,,False,True,,800,21.16838264042747
108,2026-09-14T02:10:42.112+00:00,2026-09-14T02:15:18.043+00:00,2026-09-14T02:15:26.168+00:00,True,121,121.0,,121.0,275930.54210799997,284056.05225199996,284056.05246399995,2347.570681520661,40.926343,275930.54210799997,25078.44904069446,95.488108,67.71258453333333,22.48205599191055,0.4259722651241207,53,64,,False,True,,584,21.16838264042747
109,2026-09-14T02:10:45.137+00:00,2026-09-14T02:15:22.847+00:00,2026-09-14T02:15:38.315+00:00,True,226,226.0,,226.0,277709.291704,293177.11659999995,293177.116652,1297.2438789911503,40.245754,277709.291704,18468.388164622724,96.23843649999999,68.74588842666667,22.60756109047302,0.7708650750813749,53,64,,False,True,,1038,21.16838264042747
110,2026-09-14T02:10:49.310+00:00,2026-09-14T02:15:31.504+00:00,2026-09-14T02:15:48.064+00:00,True,247,247.0,,247.0,282194.180229,298754.328965,298754.328837,1209.5316956963563,31.018814,282194.180229,17951.31570487804,95.77723999999998,67.31767778861789,21.911336756296844,0.8267662626202039,53,64,,False,True,,1102,21.16838264042747
111,2026-09-14T02:10:51.989+00:00,2026-09-14T02:15:36.257+00:00,2026-09-14T02:15:48.286+00:00,True,179,179.0,,179.0,284267.865037,296296.461005,296296.460816,1655.2874905921788,30.183196,284267.865037,21242.13842739821,96.0177711,67.57638184269662,22.181559949351985,0.6041246641720077,53,64,,False,True,,934,21.16838264042747
112,2026-09-14T02:10:55.508+00:00,2026-09-14T02:15:41.975+00:00,2026-09-14T02:15:55.592+00:00,False,210,209.0,,209.0,286467.201665,300084.397185,300084.397154,1428.9733197809524,0.0,286467.201665,19763.667869678866,96.46904550000001,65.15404555023923,44.093095514113905,0.6964707327690647,53,64,,False,False,Request timeout: 300.0s exceeded,991,21.16838264042747
113,2026-09-14T02:10:58.569+00:00,2026-09-14T02:15:47.925+00:00,2026-09-14T02:15:58.593+00:00,False,164,163.0,,163.0,289355.99233700003,300023.991057,300023.99098600005,1829.4145791829271,0.0,289355.99233700003,22589.847592473314,94.56714685000001,65.44784490797545,48.28461067007062,0.5432898863378979,53,64,,False,False,Request timeout: 300.0s exceeded,596,21.16838264042747
114,2026-09-14T02:11:01.835+00:00,2026-09-14T02:15:53.876+00:00,2026-09-14T02:16:01.915+00:00,False,113,112.0,,112.0,292041.024247,300080.035063,300080.035071,2655.57553160177,0.02573,292041.024247,27466.16462018689,91.7973674,71.77688228571428,21.355420172225465,0.37323376070816,53,64,,False,False,Request timeout: 300.0s exceeded,454,21.16838264042747
115,2026-09-14T02:11:05.318+00:00,2026-09-14T02:15:58.063+00:00,2026-09-14T02:16:05.334+00:00,False,101,100.0,,100.0,292745.230095,300015.797263,300015.797335,2970.453438960396,0.03725,292745.230095,29122.01138275932,91.045147,72.70567168000001,19.924045959339153,0.33331578174311255,53,64,,False,False,Request timeout: 300.0s exceeded,430,21.16838264042747
116,2026-09-14T02:11:07.889+00:00,2026-09-14T02:16:01.381+00:00,2026-09-14T02:16:07.984+00:00,False,97,96.0,,96.0,293492.16456,300095.0228,300095.022984,3093.763123546392,0.04204,293492.16456,29792.637612136878,90.2309956,68.77977333333332,20.17808458776591,0.3198986744407945,53,64,,False,False,Request timeout: 300.0s exceeded,465,21.16838264042747
117,2026-09-14T02:11:10.574+00:00,2026-09-14T02:16:03.934+00:00,2026-09-14T02:16:10.611+00:00,False,100,99.0,,99.0,293359.74389700004,300037.29960900004,300037.29953400005,3000.37299534,0.03541,293359.74389700004,29329.23638593531,88.2291439,67.45005769696971,20.369428917918246,0.3299589755307555,53,64,,False,False,Request timeout: 300.0s exceeded,371,21.16838264042747
118,2026-09-14T02:11:13.940+00:00,2026-09-14T02:16:07.727+00:00,2026-09-14T02:16:13.986+00:00,False,95,94.0,,94.0,293786.83975,300045.99238999997,300045.99238199997,3158.378867178947,0.01882,293786.83975,30135.069037858015,87.471967,66.58673021276596,20.533454747105477,0.3132853042003598,53,64,,False,False,Request timeout: 300.0s exceeded,450,21.16838264042747
119,2026-09-14T02:11:17.317+00:00,2026-09-14T02:16:10.985+00:00,2026-09-14T02:16:17.374+00:00,False,97,96.0,,96.0,293668.155272,300057.247112,300057.247217,3093.3736826494846,0.04169,293668.155272,29810.732742675096,87.8859122,66.55304,20.0200966944473,0.31993894806402334,53,64,,False,False,Request timeout: 300.0s exceeded,461,21.16838264042747
120,2026-09-14T02:11:21.127+00:00,2026-09-14T02:16:14.483+00:00,2026-09-14T02:16:21.215+00:00,False,100,99.0,,99.0,293356.287356,300088.61606,300088.616016,3000.8861601599997,0.024329999999999997,293356.287356,29328.83482725287,86.55024245,68.00332024242425,19.50999206685932,0.3299025511191196,53,64,,False,False,Request timeout: 300.0s exceeded,505,21.16838264042747
121,2026-09-14T02:11:24.493+00:00,2026-09-14T02:16:18.084+00:00,2026-09-14T02:16:24.544+00:00,False,97,96.0,,96.0,293591.139449,300051.495289,300051.495315,3093.314384690722,0.038149999999999996,293591.139449,29802.837820889283,88.67977920000001,67.29537333333333,20.34975823545307,0.31994508111861225,53,64,,False,False,Request timeout: 300.0s exceeded,468,21.16838264042747
122,2026-09-14T02:11:28.543+00:00,2026-09-14T02:16:22.654+00:00,2026-09-14T02:16:28.559+00:00,False,93,92.0,,92.0,294110.237123,300015.878083,300015.87828500004,3225.9771858602153,0.023370000000000002,294110.237123,30491.1615325163,88.70803,64.19174956521739,20.811069237203142,0.30665043659638574,53,64,,False,False,Request timeout: 300.0s exceeded,411,21.16838264042747
123,2026-09-14T02:11:31.397+00:00,2026-09-14T02:16:25.327+00:00,2026-09-14T02:16:32.779+00:00,False,93,92.0,,92.0,293930.25134799996,301382.03016399994,301382.03003599995,3240.6669896344083,0.026699,293930.25134799996,30471.17284429278,92.0515646,80.99759582608695,161.75603309580274,0.3052604030503654,53,64,,False,False,Request timeout: 300.0s exceeded,441,21.16838264042747
124,2026-09-14T02:11:34.328+00:00,2026-09-14T02:16:27.963+00:00,2026-09-14T02:16:34.352+00:00,False,110,109.0,,109.0,293634.405098,300024.002794,300024.00270400004,2727.4909336727274,0.01516,293634.405098,27991.75250899901,89.89220695,58.62016234862386,150.27935381002274,0.3633042656085109,53,64,,False,False,Request timeout: 300.0s exceeded,513,21.16838264042747
125,2026-09-14T02:11:37.745+00:00,2026-09-14T02:16:32.746+00:00,2026-09-14T02:16:37.825+00:00,False,83,82.0,,82.0,295001.697783,300080.090359,300080.090515,3615.422777289157,0.01819,295001.697783,32373.854412708766,89.8141524,61.93161678048781,24.607590911456477,0.27326038159312577,53,64,,False,False,Request timeout: 300.0s exceeded,388,21.16838264042747
126,2026-09-14T02:11:41.729+00:00,2026-09-14T02:16:35.553+00:00,2026-09-14T02:16:41.938+00:00,False,92,91.0,,91.0,293824.49706,300209.255076,300209.255178,3263.1440780217395,0.02475,293824.49706,30626.012867619545,88.6269564,70.162176,19.847040059794697,0.30312190067878736,53,64,,False,False,Request timeout: 300.0s exceeded,136,21.16838264042747
127,2026-09-14T02:11:44.606+00:00,2026-09-14T02:16:38.238+00:00,2026-09-14T02:16:44.611+00:00,False,98,97.0,,97.0,293632.11138200003,300005.40904600004,300005.408913,3061.2796827857146,0.0,293632.11138200003,29654.754473407083,88.05398335000001,65.70409962886598,64.37001994353034,0.32332750368886487,53,64,,False,False,Request timeout: 300.0s exceeded,482,21.16838264042747
128,2026-09-14T02:11:48.815+00:00,2026-09-14T02:16:42.947+00:00,2026-09-14T02:16:48.876+00:00,False,92,91.0,,91.0,294132.654295,300061.444823,300061.444787,3261.5374433369566,0.03562,294132.654295,30658.6634232639,89.2589735,65.15154426373627,20.695946840736966,0.30327121851219174,53,64,,False,False,Request timeout: 300.0s exceeded,404,21.16838264042747
129,2026-09-14T02:11:51.905+00:00,2026-09-14T02:16:45.193+00:00,2026-09-14T02:16:51.937+00:00,False,99,98.0,,98.0,293287.260757,300031.691093,300031.691162,3030.623143050505,0.02308,293287.260757,29469.56941550704,91.08551000000001,68.82071771428572,20.961049111062746,0.3266321622325663,53,64,,False,False,Request timeout: 300.0s exceeded,490,21.16838264042747
130,2026-09-14T02:11:55.457+00:00,2026-09-14T02:16:49.044+00:00,2026-09-14T02:16:55.503+00:00,False,95,94.0,,94.0,293586.42478500004,300045.36724900006,300045.36716200004,3158.3722859157897,0.03982,293586.42478500004,30114.288770313404,88.71033680000001,68.71215387234042,20.433890487966593,0.313285956926613,53,64,,False,False,Request timeout: 300.0s exceeded,465,21.16838264042747
131,2026-09-14T02:11:58.688+00:00,2026-09-14T02:16:52.414+00:00,2026-09-14T02:16:58.758+00:00,False,91,90.0,,90.0,293725.874768,300070.019408,300070.01957999996,3297.4727426373624,0.03148,293725.874768,30783.455361888256,91.0666475,70.490496,20.434031786720656,0.29992999693057826,53,64,,False,False,Request timeout: 300.0s exceeded,412,21.16838264042747
132,2026-09-14T02:12:01.340+00:00,2026-09-14T02:16:55.206+00:00,2026-09-14T02:17:01.361+00:00,False,89,88.0,,88.0,293865.801367,300020.853655,300020.85359099996,3371.020826865168,0.03505,293865.801367,31142.304761448828,88.07304400000001,69.943776,19.669842373333964,0.2933129445101605,53,64,,False,False,Request timeout: 300.0s exceeded,462,21.16838264042747
133,2026-09-14T02:12:05.437+00:00,2026-09-14T02:16:59.053+00:00,2026-09-14T02:17:05.458+00:00,False,96,95.0,,95.0,293615.76066,300020.64386,300020.64380400005,3125.2150396250004,0.037149999999999996,293615.76066,29960.158754769207,89.18135324999999,67.41982315789473,20.106694597824937,0.31664487742493574,53,64,,False,False,Request timeout: 300.0s exceeded,488,21.16838264042747
134,2026-09-14T02:12:08.949+00:00,2026-09-14T02:17:02.180+00:00,2026-09-14T02:17:09.022+00:00,False,99,98.0,,98.0,293231.17105299997,300072.535277,300072.53520299995,3031.0357091212118,0.02188,293231.17105299997,29463.83214784913,89.0628099,69.80983902040816,20.044257563832563,0.32658770290168415,53,64,,False,False,Request timeout: 300.0s exceeded,449,21.16838264042747
135,2026-09-14T02:12:11.930+00:00,2026-09-14T02:17:05.712+00:00,2026-09-14T02:17:11.993+00:00,False,90,89.0,,89.0,293782.764279,300063.739127,300063.739075,3334.041545277778,0.021070000000000002,293782.764279,30959.989362054694,88.76146495,70.5727511011236,19.334024434849017,0.29660364914112913,53,64,,False,False,Request timeout: 300.0s exceeded,410,21.16838264042747
136,2026-09-14T02:12:14.479+00:00,2026-09-14T02:17:08.352+00:00,2026-09-14T02:17:14.489+00:00,False,86,85.0,,85.0,293872.711415,300010.166007,300010.166115,3488.490303662791,0.11569,293872.711415,31681.328915838418,87.8496585,72.20534814117647,18.91185674585711,0.2833237324298428,53,64,,False,False,Request timeout: 300.0s exceeded,385,21.16838264042747
137,2026-09-14T02:12:17.867+00:00,2026-09-14T02:17:11.916+00:00,2026-09-14T02:17:17.894+00:00,False,89,88.0,,88.0,294049.14451099996,300027.07295899995,300027.07296799996,3371.0907075056175,0.0474,294049.14451099996,31161.95278747086,89.71351039999999,67.9310050909091,20.210903420408425,0.29330686438428705,53,64,,False,False,Request timeout: 300.0s exceeded,372,21.16838264042747
138,2026-09-14T02:12:21.232+00:00,2026-09-14T02:17:14.957+00:00,2026-09-14T02:17:21.307+00:00,False,96,95.0,,95.0,293725.346936,300075.33707999997,300075.337046,3125.784760895833,0.03835,293725.346936,29971.40255427661,88.66131675000001,66.84200151578948,20.444166334749603,0.3165871641582895,53,64,,False,False,Request timeout: 300.0s exceeded,467,21.16838264042747
139,2026-09-14T02:12:23.836+00:00,2026-09-14T02:17:17.381+00:00,2026-09-14T02:17:23.873+00:00,False,96,95.0,,95.0,293544.662725,300036.831941,300036.832004,3125.3836667083333,0.02907,293544.662725,29952.808365130943,88.94474650000001,68.33862332631578,19.782028086937554,0.31662779327932994,53,64,,False,False,Request timeout: 300.0s exceeded,404,21.16838264042747
140,2026-09-14T02:12:26.204+00:00,2026-09-14T02:17:19.992+00:00,2026-09-14T02:17:26.233+00:00,False,92,91.0,,91.0,293787.563749,300028.604645,300028.604661,3261.1804854456523,0.024329999999999997,293787.563749,30622.327370992414,88.8637401,68.582866989011,20.479685059999536,0.3033044136164052,53,64,,False,False,Request timeout: 300.0s exceeded,440,21.16838264042747
141,2026-09-14T02:12:28.782+00:00,2026-09-14T02:17:22.690+00:00,2026-09-14T02:17:28.818+00:00,False,89,88.0,,88.0,293908.489751,300035.694103,300035.693874,3371.1875716179775,0.035679999999999996,293908.489751,31146.863439552777,89.74034019999999,69.62732218181819,19.94834541426056,0.2932984365846494,53,64,,False,False,Request timeout: 300.0s exceeded,285,21.16838264042747
142,2026-09-14T02:12:31.882+00:00,2026-09-14T02:17:25.758+00:00,2026-09-14T02:17:31.954+00:00,False,92,91.0,,91.0,293875.052274,300071.59499400004,300071.595145,3261.6477733152174,0.02234,293875.052274,30631.49963216037,89.74934504999999,68.09387604395604,20.439226625075197,0.3032609601112679,53,64,,False,False,Request timeout: 300.0s exceeded,307,21.16838264042747
143,2026-09-14T02:12:34.250+00:00,2026-09-14T02:17:27.923+00:00,2026-09-14T02:17:34.303+00:00,False,94,93.0,,93.0,293673.15837,300052.63433800003,300052.63430000003,3192.04930106383,0.02219,293673.15837,30283.004713120547,89.17924435,68.59651578494623,19.80037927976907,0.3099456207247905,53,64,,False,False,Request timeout: 300.0s exceeded,402,21.16838264042747
144,2026-09-14T02:12:36.851+00:00,2026-09-14T02:17:30.553+00:00,2026-09-14T02:17:36.931+00:00,False,91,90.0,,90.0,293701.79616,300079.323456,300079.32350600004,3297.574983582418,0.02289,293701.79616,30780.891544481754,88.54043850000002,70.8614144,19.158336701572857,0.2999206975124913,53,64,,False,False,Request timeout: 300.0s exceeded,405,21.16838264042747
145,2026-09-14T02:12:39.896+00:00,2026-09-14T02:17:33.705+00:00,2026-09-14T02:17:39.939+00:00,False,97,96.0,,96.0,293808.859603,300042.861267,300042.861072,3093.2253718762886,0.0,293808.859603,29825.247430233325,89.66679459999999,64.93751733333333,65.39586473662644,0.3199542878461361,53,64,,False,False,Request timeout: 300.0s exceeded,451,21.16838264042747
146,2026-09-14T02:12:42.722+00:00,2026-09-14T02:17:36.457+00:00,2026-09-14T02:17:42.752+00:00,False,96,95.0,,95.0,293734.777081,300029.38981699996,300029.389942,3125.3061452291663,0.0,293734.777081,29972.489304685518,90.48739675,66.25908143157895,65.90535301603174,0.31663564712091813,53,64,,False,False,Request timeout: 300.0s exceeded,309,21.16838264042747
147,2026-09-14T02:12:46.690+00:00,2026-09-14T02:17:40.276+00:00,2026-09-14T02:17:46.757+00:00,False,93,92.0,,92.0,293586.125529,300067.345625,300067.345656,3226.530598451613,0.041710000000000004,293586.125529,30436.16444080762,90.2493596,70.44804452173912,20.032859936767732,0.30659783992282247,53,64,,False,False,Request timeout: 300.0s exceeded,431,21.16838264042747
148,2026-09-14T02:12:50.626+00:00,2026-09-14T02:17:44.623+00:00,2026-09-14T02:17:50.657+00:00,False,87,86.0,,86.0,293996.22399800003,300030.24819,300030.24822,3448.623542758621,0.023870000000000002,293996.22399800003,31512.188201996138,90.1670499,70.163072,20.790474443240804,0.2866377657546676,53,64,,False,False,Request timeout: 300.0s exceeded,166,21.16838264042747
149,2026-09-14T02:12:53.755+00:00,2026-09-14T02:17:47.303+00:00,2026-09-14T02:17:53.786+00:00,False,101,100.0,,100.0,293547.815083,300031.602859,300031.60280399997,2970.6099287524753,0.02057,293547.815083,29202.65522742842,89.813961,64.83787776,21.071399494230107,0.33329822274420556,53,64,,False,False,Request timeout: 300.0s exceeded,390,21.16838264042747
150,2026-09-14T02:12:56.187+00:00,2026-09-14T02:17:49.883+00:00,2026-09-14T02:17:56.225+00:00,False,98,97.0,,97.0,293696.049523,300038.898547,300038.898353,3061.621411765306,0.04514,293696.049523,29661.183143188944,88.99182685000001,65.39019612371133,21.02552184400933,0.32329141477902507,53,64,,False,False,Request timeout: 300.0s exceeded,236,21.16838264042747
151,2026-09-14T02:12:59.345+00:00,2026-09-14T02:17:53.685+00:00,2026-09-14T02:17:59.356+00:00,False,85,84.0,,84.0,294340.12197000004,300010.939506,300010.939651,3529.540466482353,0.04735,294340.12197000004,31918.35317861379,89.7751136,67.50973257142857,21.160457894856158,0.2799897901667018,53,64,,False,False,Request timeout: 300.0s exceeded,302,21.16838264042747
152,2026-09-14T02:13:03.487+00:00,2026-09-14T02:17:57.367+00:00,2026-09-14T02:18:03.529+00:00,False,93,92.0,,92.0,293879.364926,300041.608766,300041.608758,3226.253857612903,0.05973,293879.364926,30466.93162744557,88.957889,66.98091130434783,20.276237884677215,0.30662413915981246,53,64,,False,False,Request timeout: 300.0s exceeded,380,21.16838264042747
153,2026-09-14T02:13:07.322+00:00,2026-09-14T02:18:00.860+00:00,2026-09-14T02:18:07.365+00:00,False,95,94.0,,94.0,293537.791052,300042.513484,300042.51348,3158.3422471578947,0.03095,293537.791052,30109.24928658487,90.639914,69.19917480851063,20.72704115424563,0.3132889366526808,53,64,,False,False,Request timeout: 300.0s exceeded,354,21.16838264042747
154,2026-09-14T02:13:10.896+00:00,2026-09-14T02:18:04.715+00:00,2026-09-14T02:18:10.910+00:00,False,91,90.0,,90.0,293818.851355,300014.245915,300014.24616599997,3296.8598479780217,0.03689,293818.851355,30793.375439644624,90.499244,68.83771733333333,20.777206529545648,0.29998575476145484,53,64,,False,False,Request timeout: 300.0s exceeded,387,21.16838264042747
155,2026-09-14T02:13:15.108+00:00,2026-09-14T02:18:08.919+00:00,2026-09-14T02:18:15.148+00:00,False,94,93.0,,93.0,293810.91298699996,300039.88578699995,300039.88584799995,3191.9136792340423,0.0404,293810.91298699996,30297.38084357839,91.54196915,66.97820215053763,21.166158028711767,0.3099587901657223,53,64,,False,False,Request timeout: 300.0s exceeded,446,21.16838264042747
156,2026-09-14T02:13:18.871+00:00,2026-09-14T02:18:12.622+00:00,2026-09-14T02:18:18.924+00:00,False,96,95.0,,95.0,293750.891355,300052.633435,300052.63345200004,3125.5482651250004,0.03865,293750.891355,29974.061205559752,87.45354225,66.33412715789474,19.996067034012675,0.31661111889751076,53,64,,False,False,Request timeout: 300.0s exceeded,431,21.16838264042747
157,2026-09-14T02:13:21.562+00:00,2026-09-14T02:18:15.239+00:00,2026-09-14T02:18:21.574+00:00,False,94,93.0,,93.0,293677.15653,300011.49176199996,300011.491688,3191.611613702127,0.038200000000000005,293677.15653,30283.46726605857,88.37946515,68.11113152688172,19.970833365675883,0.3099881256341247,53,64,,False,False,Request timeout: 300.0s exceeded,291,21.16838264042747
158,2026-09-14T02:13:25.360+00:00,2026-09-14T02:18:19.008+00:00,2026-09-14T02:18:25.368+00:00,False,96,95.0,,95.0,293648.26022000005,300008.71257200005,300008.71254400007,3125.090755666667,0.05243,293648.26022000005,29963.52323846263,87.47866750000001,66.95213002105262,19.76994713137656,0.316657470329968,53,64,,False,False,Request timeout: 300.0s exceeded,438,21.16838264042747
159,2026-09-14T02:13:28.107+00:00,2026-09-14T02:18:22.145+00:00,2026-09-14T02:18:28.154+00:00,False,88,87.0,,87.0,294037.476828,300046.625244,300046.62529399997,3409.6207419772727,0.06405,294037.476828,31337.143472065298,87.77714220000001,69.07067144827586,19.638562056352693,0.2899549359345435,53,64,,False,False,Request timeout: 300.0s exceeded,384,21.16838264042747
160,2026-09-14T02:13:32.290+00:00,2026-09-14T02:18:26.186+00:00,2026-09-14T02:18:32.622+00:00,False,84,83.0,,83.0,293895.89432200004,300331.37029000005,300331.370278,3575.3734556904765,0.04641,293895.89432200004,32058.270643560154,91.03342965,77.53585503614458,62.13794020337867,0.2763614068016111,53,64,,False,False,Request timeout: 300.0s exceeded,276,21.16838264042747
161,2026-09-14T02:13:34.846+00:00,2026-09-14T02:18:28.637+00:00,2026-09-14T02:18:34.911+00:00,False,98,97.0,,97.0,293791.38981,300065.87505800003,300065.87519600004,3061.8966856734696,0.0,293791.38981,29670.943072917886,93.74499619999999,64.68541492783505,62.56743713400799,0.32326235024642763,53,64,,False,False,Request timeout: 300.0s exceeded,336,21.16838264042747
162,2026-09-14T02:13:37.796+00:00,2026-09-14T02:18:31.881+00:00,2026-09-14T02:18:37.843+00:00,False,94,93.0,,93.0,294084.741853,300046.641885,300046.64201,3191.9855532978727,0.0,294084.741853,30325.97887549031,91.2189219,64.10645195698925,63.54318685448171,0.30995181087760504,53,64,,False,False,Request timeout: 300.0s exceeded,351,21.16838264042747
163,2026-09-14T02:13:40.919+00:00,2026-09-14T02:18:34.695+00:00,2026-09-14T02:18:40.937+00:00,False,91,90.0,,90.0,293775.70444999996,300017.91526599997,300017.91532399994,3296.900168395604,0.03553,293775.70444999996,30788.797493752874,89.154636,69.35789795555556,20.180029263120755,0.299982085803792,53,64,,False,False,Request timeout: 300.0s exceeded,357,21.16838264042747
164,2026-09-14T02:13:43.356+00:00,2026-09-14T02:18:37.292+00:00,2026-09-14T02:18:43.391+00:00,False,90,89.0,,89.0,293936.525807,300035.428079,300035.428123,3333.7269791444446,0.05156,293936.525807,30976.414108035744,90.19522445000001,68.52699182022472,21.217695538751318,0.29663163636984263,53,64,,False,False,Request timeout: 300.0s exceeded,437,21.16838264042747
165,2026-09-14T02:13:46.314+00:00,2026-09-14T02:18:40.331+00:00,2026-09-14T02:18:46.333+00:00,False,92,91.0,,91.0,294017.845047,300019.309367,300019.309129,3261.079447054348,0.019960000000000002,294017.845047,30646.61066690529,90.18724270000001,65.95015736263737,20.983520573639346,0.3033138106743784,53,64,,False,False,Request timeout: 300.0s exceeded,345,21.16838264042747
166,2026-09-14T02:13:49.524+00:00,2026-09-14T02:18:42.866+00:00,2026-09-14T02:18:49.579+00:00,False,106,105.0,,105.0,293341.99591,300055.163526,300055.163697,2830.709091481132,0.02094,293341.99591,28485.69103827366,88.643608,63.93492967619047,20.91005303784236,0.34993565438477003,53,64,,False,False,Request timeout: 300.0s exceeded,500,21.16838264042747
167,2026-09-14T02:13:53.652+00:00,2026-09-14T02:18:47.346+00:00,2026-09-14T02:18:53.670+00:00,False,93,92.0,,92.0,293693.872708,300017.970756,300017.970718,3225.999685139785,0.02618,293693.872708,30447.51471156907,89.724254,68.74019617391305,20.5119392101627,0.3066482976608831,53,64,,False,False,Request timeout: 300.0s exceeded,123,21.16838264042747
168,2026-09-14T02:13:56.304+00:00,2026-09-14T02:18:49.751+00:00,2026-09-14T02:18:56.331+00:00,False,99,98.0,,98.0,293446.565129,300026.925833,300026.925736,3030.575007434343,0.0343,293446.565129,29485.747748124104,87.70012900000002,67.14653779591836,20.06542890330126,0.32663735005753597,53,64,,False,False,Request timeout: 300.0s exceeded,488,21.16838264042747
169,2026-09-14T02:13:59.090+00:00,2026-09-14T02:18:52.519+00:00,2026-09-14T02:18:59.295+00:00,False,77,76.0,,76.0,293429.081214,300205.257854,300205.257657,3898.769579961039,0.0438,293429.081214,33429.82059566011,89.41396479999999,89.16021894736843,207.2693303291652,0.25316012298812357,53,64,,False,False,Request timeout: 300.0s exceeded,169,21.16838264042747
170,2026-09-14T02:14:01.964+00:00,2026-09-14T02:18:55.685+00:00,2026-09-14T02:19:02.059+00:00,False,104,103.0,,103.0,293720.694796,300095.521804,300095.52179800003,2885.533863442308,0.01549,293720.694796,28796.252594099522,90.09743065,61.89152434951457,192.59648793854106,0.3432240487322963,53,64,,False,False,Request timeout: 300.0s exceeded,503,21.16838264042747
171,2026-09-14T02:14:05.592+00:00,2026-09-14T02:19:00.492+00:00,2026-09-14T02:19:05.635+00:00,False,80,79.0,,79.0,294900.66709899995,300042.6948749999,300042.69499799993,3750.5336874749996,0.053219999999999996,294900.66709899995,32963.62692358937,92.46326744999999,65.08895918987342,21.893468280416744,0.2632958620536054,53,64,,False,False,Request timeout: 300.0s exceeded,382,21.16838264042747
172,2026-09-14T02:14:09.755+00:00,2026-09-14T02:19:03.404+00:00,2026-09-14T02:19:09.762+00:00,False,96,95.0,,95.0,293649.67018,300007.867684,300007.867856,3125.0819568333336,0.044289999999999996,293649.67018,29963.669435548625,87.9085995,66.92839477894736,19.572007870205695,0.3166583621069033,53,64,,False,False,Request timeout: 300.0s exceeded,375,21.16838264042747
173,2026-09-14T02:14:13.329+00:00,2026-09-14T02:19:07.219+00:00,2026-09-14T02:19:13.467+00:00,False,89,88.0,,88.0,293890.0794,300137.954216,300137.95425,3372.3365646067414,0.022629999999999997,293890.0794,31144.76592930758,88.04663140000001,70.99857745454545,18.870164743694765,0.29319850676622233,53,64,,False,False,Request timeout: 300.0s exceeded,480,21.16838264042747
174,2026-09-14T02:14:17.249+00:00,2026-09-14T02:19:11.061+00:00,2026-09-14T02:19:17.318+00:00,False,91,90.0,,90.0,293812.14415899996,300068.64847899997,300068.64868099993,3297.4576778131864,0.045829999999999996,293812.14415899996,30792.600834306173,90.2194245,69.51671466666667,20.288692988122367,0.29993136722611846,53,64,,False,False,Request timeout: 300.0s exceeded,317,21.16838264042747
175,2026-09-14T02:14:19.905+00:00,2026-09-14T02:19:13.798+00:00,2026-09-14T02:19:19.927+00:00,False,89,88.0,,88.0,293892.679687,300022.005511,300022.005578,3371.033770539326,0.034140000000000004,293892.679687,31145.18544604682,90.09347939999999,69.65142981818181,20.609143081606657,0.29331181841184506,53,64,,False,False,Request timeout: 300.0s exceeded,431,21.16838264042747
176,2026-09-14T02:14:23.522+00:00,2026-09-14T02:19:17.401+00:00,2026-09-14T02:19:23.610+00:00,False,90,89.0,,89.0,293878.717185,300088.062721,300088.062679,3334.3118075444445,0.024300000000000002,293878.717185,30970.1893171117,88.71950005000001,69.76792737078652,20.58444280122037,0.2965796079757618,53,64,,False,False,Request timeout: 300.0s exceeded,403,21.16838264042747
177,2026-09-14T02:14:26.014+00:00,2026-09-14T02:19:19.838+00:00,2026-09-14T02:19:26.579+00:00,False,92,91.0,,91.0,293823.79219,300564.80339,300564.80327000003,3267.008731195652,0.036469999999999995,293823.79219,30625.593428632874,89.0110775,74.07704615384615,65.16265603770904,0.3027633274875578,53,64,,False,False,Request timeout: 300.0s exceeded,396,21.16838264042747
178,2026-09-14T02:14:29.873+00:00,2026-09-14T02:19:23.692+00:00,2026-09-14T02:19:29.918+00:00,False,101,100.0,,100.0,293819.377952,300045.403424,300045.403459,2970.74656890099,0.0,293819.377952,29230.001508791094,93.50145200000001,62.26025472,66.90707362129504,0.33328289271836653,53,64,,False,False,Request timeout: 300.0s exceeded,460,21.16838264042747
179,2026-09-14T02:14:33.475+00:00,2026-09-14T02:19:26.940+00:00,2026-09-14T02:19:33.501+00:00,False,110,109.0,,109.0,293465.41031999997,300025.88238399994,300025.88224899996,2727.5080204454543,0.064479,293465.41031999997,27975.097405084587,89.67100529999999,60.18781710091743,20.00954367254297,0.36330198959465787,53,64,,False,False,Request timeout: 300.0s exceeded,561,21.16838264042747
180,2026-09-14T02:14:37.341+00:00,2026-09-14T02:19:31.040+00:00,2026-09-14T02:19:37.356+00:00,False,104,103.0,,103.0,293699.187087,300015.233935,300015.234164,2884.7618669615385,0.022670000000000003,293699.187087,28793.568680780376,87.67540765,61.32084318446602,20.106499732822954,0.3433158998263252,53,64,,False,False,Request timeout: 300.0s exceeded,505,21.16838264042747
181,2026-09-14T02:14:39.734+00:00,2026-09-14T02:19:33.303+00:00,2026-09-14T02:19:39.774+00:00,False,99,98.0,,98.0,293568.923997,300039.774301,300039.77431099996,3030.704791020202,0.12911,293568.923997,29498.15748392551,88.17029500000001,66.02908473469388,19.91868186636163,0.32662336261353925,53,64,,False,False,Request timeout: 300.0s exceeded,392,21.16838264042747
182,2026-09-14T02:14:42.431+00:00,2026-09-14T02:19:36.252+00:00,2026-09-14T02:19:42.466+00:00,False,94,93.0,,93.0,293821.776253,300035.408765,300035.408645,3191.866049414894,0.02185,293821.776253,30298.517329446044,87.97033565000001,66.8132528172043,19.685204683151106,0.30996341526090143,53,64,,False,False,Request timeout: 300.0s exceeded,318,21.16838264042747
183,2026-09-14T02:14:46.603+00:00,2026-09-14T02:19:39.935+00:00,2026-09-14T02:19:46.684+00:00,False,100,99.0,,99.0,293332.861147,300081.025499,300081.025494,3000.81025494,0.02298,293332.861147,29326.476365042297,88.74565795000001,68.16327628282829,19.742192842482954,0.32991089601674906,53,64,,False,False,Request timeout: 300.0s exceeded,368,21.16838264042747
184,2026-09-14T02:14:50.200+00:00,2026-09-14T02:19:44.045+00:00,2026-09-14T02:19:50.220+00:00,False,96,95.0,,95.0,293844.730943,300020.140095,300020.13997,3125.2097913541666,0.024730000000000002,293844.730943,29983.774723753722,88.4401655,65.0043068631579,20.49466907464965,0.31664540910459776,53,64,,False,False,Request timeout: 300.0s exceeded,345,21.16838264042747
185,2026-09-14T02:14:52.708+00:00,2026-09-14T02:19:46.305+00:00,2026-09-14T02:19:52.800+00:00,False,101,100.0,,100.0,293596.849098,300091.800522,300091.80057099997,2971.2059462475245,0.02118,293596.849098,29207.522676718232,88.20305400000001,64.94951424,20.34778752310537,0.33323136395614017,53,64,,False,False,Request timeout: 300.0s exceeded,482,21.16838264042747
186,2026-09-14T02:14:55.621+00:00,2026-09-14T02:19:49.306+00:00,2026-09-14T02:19:55.648+00:00,False,92,91.0,,91.0,293685.37113,300027.353082,300027.353006,3261.1668805,0.036289999999999996,293685.37113,30611.55716724437,90.5831005,69.69210936263735,20.109570772538135,0.3033056788496512,53,64,,False,False,Request timeout: 300.0s exceeded,426,21.16838264042747
187,2026-09-14T02:14:58.422+00:00,2026-09-14T02:19:51.969+00:00,2026-09-14T02:19:58.449+00:00,False,96,95.0,,95.0,293546.557462,300026.859286,300026.859295,3125.279784322917,0.03512,293546.557462,29953.014575735182,89.1882695,68.21370341052632,19.904424836798473,0.3166383177362178,53,64,,False,False,Request timeout: 300.0s exceeded,451,21.16838264042747
188,2026-09-14T02:15:01.699+00:00,2026-09-14T02:19:55.363+00:00,2026-09-14T02:20:01.717+00:00,False,99,98.0,,98.0,293664.570243,300018.411907,300018.411754,3030.4890076161614,0.02527,293664.570243,29507.890211131755,87.6754998,64.83511902040816,19.80123103625664,0.3266466193760739,53,64,,False,False,Request timeout: 300.0s exceeded,425,21.16838264042747
189,2026-09-14T02:15:04.263+00:00,2026-09-14T02:19:58.198+00:00,2026-09-14T02:20:04.301+00:00,False,92,91.0,,91.0,293934.538548,300037.547572,300037.547396,3261.2776890869563,0.04324,293934.538548,30637.808718872224,89.91675355,67.06603323076924,20.522293082863527,0.3032953733171104,53,64,,False,False,Request timeout: 300.0s exceeded,224,21.16838264042747
190,2026-09-14T02:15:06.584+00:00,2026-09-14T02:20:00.725+00:00,2026-09-14T02:20:06.610+00:00,False,87,86.0,,86.0,294140.739221,300025.844629,300025.844739,3448.5729280344826,0.019229,294140.739221,31527.867411894407,91.290044,68.43145823255814,20.646776314466905,0.2866419728151892,53,64,,False,False,Request timeout: 300.0s exceeded,385,21.16838264042747
191,2026-09-14T02:15:09.747+00:00,2026-09-14T02:20:03.440+00:00,2026-09-14T02:20:09.762+00:00,False,95,94.0,,94.0,293692.492398,300014.336622,300014.336454,3158.0456468842103,0.0256,293692.492398,30125.320565399594,90.11214799999999,67.25366195744681,20.212022932903068,0.31331836024367843,53,64,,False,False,Request timeout: 300.0s exceeded,459,21.16838264042747
192,2026-09-14T02:15:13.379+00:00,2026-09-14T02:20:07.208+00:00,2026-09-14T02:20:13.435+00:00,False,94,93.0,,93.0,293828.80492699996,300056.056895,300056.05697199993,3192.0857124680847,0.033979999999999996,293828.80492699996,30299.227800535828,89.32330414999998,66.95969858064515,20.63303448980269,0.309942085363549,53,64,,False,False,Request timeout: 300.0s exceeded,267,21.16838264042747
193,2026-09-14T02:15:17.344+00:00,2026-09-14T02:20:10.947+00:00,2026-09-14T02:20:17.432+00:00,False,94,93.0,,93.0,293602.474484,300087.78674,300087.786704,3192.4232628085106,0.03685,293602.474484,30275.597600577883,90.89673299999998,69.73454038709677,20.92805499212189,0.3099093135722195,53,64,,False,False,Request timeout: 300.0s exceeded,428,21.16838264042747
194,2026-09-14T02:15:19.754+00:00,2026-09-14T02:20:13.269+00:00,2026-09-14T02:20:19.793+00:00,False,95,94.0,,94.0,293515.951237,300039.553413,300039.553317,3158.3110875473685,0.03717,293515.951237,30106.98761114251,90.9966477,69.40002314893617,20.204051366618067,0.3132920274368306,53,64,,False,False,Request timeout: 300.0s exceeded,392,21.16838264042747
195,2026-09-14T02:15:22.888+00:00,2026-09-14T02:20:16.469+00:00,2026-09-14T02:20:22.951+00:00,False,98,97.0,,97.0,293581.331902,300063.15436600003,300063.154449,3061.8689229489796,0.0,293581.331902,29649.51754311006,91.6133167,66.822912,66.91523020466121,0.32326528128703497,53,64,,False,False,Request timeout: 300.0s exceeded,491,21.16838264042747
196,2026-09-14T02:15:26.383+00:00,2026-09-14T02:20:20.170+00:00,2026-09-14T02:20:26.407+00:00,False,96,95.0,,95.0,293787.377621,300023.923413,300023.923475,3125.2492028645834,0.0,293787.377621,29977.924321006263,90.15010899999999,65.64785044210527,67.77537143338407,0.3166414161887587,53,64,,False,False,Request timeout: 300.0s exceeded,165,21.16838264042747
197,2026-09-14T02:15:29.955+00:00,2026-09-14T02:20:23.695+00:00,2026-09-14T02:20:30.010+00:00,False,96,95.0,,95.0,293739.829738,300055.107306,300055.107207,3125.57403340625,0.03797,293739.829738,29972.917448094926,88.16668625,66.47660597894738,19.622018763641798,0.3166085085267947,53,64,,False,False,Request timeout: 300.0s exceeded,366,21.16838264042747
198,2026-09-14T02:15:32.981+00:00,2026-09-14T02:20:26.651+00:00,2026-09-14T02:20:33.030+00:00,False,96,95.0,,95.0,293669.831748,300048.607044,300048.607063,3125.5063235729167,0.02194,293669.831748,29965.705283567397,87.86033225,67.14500311578948,19.916143234517254,0.31661536754299585,53,64,,False,False,Request timeout: 300.0s exceeded,446,21.16838264042747
199,2026-09-14T02:15:35.763+00:00,2026-09-14T02:20:29.363+00:00,2026-09-14T02:20:35.772+00:00,False,91,90.0,,90.0,293599.912207,300008.93083100003,300008.930859,3296.8014380109894,0.03363,293599.912207,30770.174953969447,89.3282215,71.21131804444444,19.84061828518451,0.29999106943485787,53,64,,False,False,Request timeout: 300.0s exceeded,410,21.16838264042747
200,2026-09-14T02:15:39.360+00:00,2026-09-14T02:20:32.947+00:00,2026-09-14T02:20:39.433+00:00,False,90,89.0,,89.0,293587.585718,300073.53183,300073.531647,3334.1503516333337,0.02359,293587.585718,30939.172814166537,90.62976345000001,72.87579901123596,19.06884312888194,0.296593969675476,53,64,,False,False,Request timeout: 300.0s exceeded,487,21.16838264042747
201,2026-09-14T02:15:42.836+00:00,2026-09-14T02:20:36.616+00:00,2026-09-14T02:20:42.881+00:00,False,88,87.0,,87.0,293780.321767,300044.456423,300044.456384,3409.5960952727273,0.02088,293780.321767,31309.418126031316,90.1981605,72.00154777011494,19.480725463893855,0.2899570318251378,53,64,,False,False,Request timeout: 300.0s exceeded,403,21.16838264042747
202,2026-09-14T02:15:45.995+00:00,2026-09-14T02:20:39.821+00:00,2026-09-14T02:20:46.050+00:00,False,92,91.0,,91.0,293825.511625,300054.828489,300054.828386,3261.4655259347824,0.023600000000000003,293825.511625,30626.296897022577,87.67385855,68.45403147252748,20.106102388544933,0.30327790576893204,53,64,,False,False,Request timeout: 300.0s exceeded,433,21.16838264042747
203,2026-09-14T02:15:48.978+00:00,2026-09-14T02:20:42.834+00:00,2026-09-14T02:20:49.633+00:00,False,100,99.0,,99.0,293856.683411,300655.532947,300655.532929,3006.55532929,0.02517,293856.683411,29378.808056515496,89.96917389999999,68.67524783838384,20.73057175863774,0.32928048597546306,53,64,,False,False,Request timeout: 300.0s exceeded,192,21.16838264042747
204,2026-09-14T02:15:52.788+00:00,2026-09-14T02:20:46.561+00:00,2026-09-14T02:20:52.863+00:00,False,94,93.0,,93.0,293773.367343,300075.36823900003,300075.36831,3192.291152234043,0.04864,293773.367343,30293.42795936146,90.86477514999999,67.76345049462365,22.078946263788872,0.3099221390471763,53,64,,False,False,Request timeout: 300.0s exceeded,422,21.16838264042747
205,2026-09-14T02:15:55.237+00:00,2026-09-14T02:20:49.246+00:00,2026-09-14T02:20:55.333+00:00,False,92,91.0,,91.0,294009.331055,300096.43633500003,300096.436345,3261.917786358696,0.02499,294009.331055,30645.625106908003,90.74130855,66.89126681318682,21.280473652558417,0.30323585681775966,53,64,,False,False,Request timeout: 300.0s exceeded,410,21.16838264042747
206,2026-09-14T02:15:58.067+00:00,2026-09-14T02:20:51.826+00:00,2026-09-14T02:20:58.140+00:00,False,94,93.0,,93.0,293758.792725,300073.342229,300073.342175,3192.269597606383,0.02552,293758.792725,30291.90955079418,89.64226215000001,67.89838176344087,20.2940548991241,0.3099242315534559,53,64,,False,False,Request timeout: 300.0s exceeded,471,21.16838264042747
207,2026-09-14T02:16:01.536+00:00,2026-09-14T02:20:55.165+00:00,2026-09-14T02:21:01.553+00:00,False,95,94.0,,94.0,293628.951113,300017.15565699997,300017.15561799996,3158.075322294737,0.040130000000000006,293628.951113,30118.7289082994,89.28861270000002,67.95962280851063,20.16666957052883,0.313315416227288,53,64,,False,False,Request timeout: 300.0s exceeded,308,21.16838264042747
208,2026-09-14T02:16:04.494+00:00,2026-09-14T02:20:58.136+00:00,2026-09-14T02:21:04.517+00:00,False,94,93.0,,93.0,293642.600798,300022.884702,300022.884739,3191.7328163723405,0.02468,293642.600798,30279.85206981012,88.838487,68.6052032688172,19.839073044075253,0.30997635427835096,53,64,,False,False,Request timeout: 300.0s exceeded,472,21.16838264042747
209,2026-09-14T02:16:07.455+00:00,2026-09-14T02:21:01.383+00:00,2026-09-14T02:21:07.504+00:00,False,89,88.0,,88.0,293927.51997799997,300048.22884199995,300048.22884799994,3371.3284140224714,0.036,293927.51997799997,31148.888715640045,89.95641780000001,69.55350981818181,20.34350425242066,0.2932861838232654,53,64,,False,False,Request timeout: 300.0s exceeded,412,21.16838264042747
210,2026-09-14T02:16:11.478+00:00,2026-09-14T02:21:05.527+00:00,2026-09-14T02:21:11.540+00:00,False,89,88.0,,88.0,294049.087268,300062.60202,300062.602114,3371.4899113932584,0.0232,294049.087268,31161.904036366624,89.96562,68.33539490909091,20.4927441436775,0.2932721352397476,53,64,,False,False,Request timeout: 300.0s exceeded,287,21.16838264042747
211,2026-09-14T02:16:13.792+00:00,2026-09-14T02:21:07.760+00:00,2026-09-14T02:21:13.802+00:00,False,88,87.0,,87.0,293967.33638,300009.48678,300009.486895,3409.198714715909,0.023239999999999997,293967.33638,31329.626971140697,91.8147675,69.45000459770115,21.088532421358558,0.2899908297359876,53,64,,False,False,Request timeout: 300.0s exceeded,421,21.16838264042747
212,2026-09-14T02:16:16.783+00:00,2026-09-14T02:21:10.586+00:00,2026-09-14T02:21:17.198+00:00,False,87,86.0,,86.0,293802.35831,300414.31351,300414.313452,3453.0380856551724,0.03525,293802.35831,31490.74730595039,93.179825,76.8832,67.23401351938323,0.2862713130915358,53,64,,False,False,Request timeout: 300.0s exceeded,450,21.16838264042747
213,2026-09-14T02:16:19.551+00:00,2026-09-14T02:21:13.273+00:00,2026-09-14T02:21:19.623+00:00,False,101,100.0,,100.0,293721.75764200004,300071.63335400005,300071.63342900004,2971.006271574258,0.0,293721.75764200004,29220.164408403813,89.797241,63.49875712,66.77177961317271,0.3332537597181942,53,64,,False,False,Request timeout: 300.0s exceeded,462,21.16838264042747
214,2026-09-14T02:16:21.942+00:00,2026-09-14T02:21:16.031+00:00,2026-09-14T02:21:22.023+00:00,False,94,93.0,,93.0,294088.747256,300081.040888,300081.040988,3192.3514998723404,0.0,294088.747256,30326.370105874,95.0866888,64.43326486021505,69.00763238852247,0.30991628036477864,53,64,,False,False,Request timeout: 300.0s exceeded,139,21.16838264042747
215,2026-09-14T02:16:25.778+00:00,2026-09-14T02:21:19.757+00:00,2026-09-14T02:21:25.797+00:00,False,91,90.0,,90.0,293978.895165,300018.483005,300018.483076,3296.9064074285716,0.0338,293978.895165,30810.333166373,86.697542,67.10653155555555,19.3852242805348,0.2999815181336681,53,64,,False,False,Request timeout: 300.0s exceeded,411,21.16838264042747
216,2026-09-14T02:16:29.288+00:00,2026-09-14T02:21:22.952+00:00,2026-09-14T02:21:29.327+00:00,False,95,94.0,,94.0,293664.09817400004,300038.98764600005,300038.98758600006,3158.305132484211,0.09112,293664.09817400004,30122.34903425243,87.30145769999999,67.81797310638298,19.52449125828258,0.313292618194358,53,64,,False,False,Request timeout: 300.0s exceeded,475,21.16838264042747
217,2026-09-14T02:16:32.775+00:00,2026-09-14T02:21:25.796+00:00,2026-09-14T02:21:32.858+00:00,False,106,105.0,,105.0,293021.342655,300083.354559,300083.354666,2830.9750440188677,0.02373,293021.342655,28454.223608202294,89.3057785,67.25725622857144,20.70525391722708,0.3499027800269266,53,64,,False,False,Request timeout: 300.0s exceeded,488,21.16838264042747
218,2026-09-14T02:16:35.223+00:00,2026-09-14T02:21:29.072+00:00,2026-09-14T02:21:35.271+00:00,False,96,95.0,,95.0,293849.895784,300048.67748,300048.677369,3125.5070559270835,0.048979999999999996,293849.895784,29984.277532264947,92.03820325000001,65.25033364210526,21.62321551255517,0.3166152932179889,53,64,,False,False,Request timeout: 300.0s exceeded,463,21.16838264042747
219,2026-09-14T02:16:39.098+00:00,2026-09-14T02:21:34.075+00:00,2026-09-14T02:21:39.183+00:00,False,75,74.0,,74.0,294976.877309,300084.959485,300084.959387,4001.1327918266666,0.039,294976.877309,34053.03068102037,86.5868544,69.02813751351351,19.414963633259536,0.24659683086748954,53,64,,False,False,Request timeout: 300.0s exceeded,369,21.16838264042747
220,2026-09-14T02:16:42.578+00:00,2026-09-14T02:21:36.489+00:00,2026-09-14T02:21:42.816+00:00,False,96,95.0,,95.0,293910.77677399997,300237.55821399996,300237.558309,3127.4745657187495,0.03534,293910.77677399997,29990.352346083226,87.04020824999999,66.59769936842106,19.702380145880596,0.3164161091807407,53,64,,False,False,Request timeout: 300.0s exceeded,582,21.16838264042747
221,2026-09-14T02:16:45.482+00:00,2026-09-14T02:21:39.266+00:00,2026-09-14T02:21:46.409+00:00,False,79,78.0,,78.0,293784.096773,300927.356165,300927.35606300004,3809.2070387721524,0.02354,293784.096773,33043.85403346716,88.6440669,91.5802486153846,240.5479824514183,0.25919876808153064,53,64,,False,False,Request timeout: 300.0s exceeded,354,21.16838264042747
222,2026-09-14T02:16:48.229+00:00,2026-09-14T02:21:41.688+00:00,2026-09-14T02:21:48.296+00:00,False,114,113.0,,113.0,293458.281643,300066.718379,300066.71857300005,2632.164198008772,0.01532,293458.281643,27480.119567179772,90.23712375,58.481741026548676,198.50123452897515,0.37658291666080435,53,64,,False,False,Request timeout: 300.0s exceeded,705,21.16838264042747
223,2026-09-14T02:16:52.260+00:00,2026-09-14T02:21:46.755+00:00,2026-09-14T02:21:52.291+00:00,False,84,83.0,,83.0,294495.732457,300031.712489,300031.712452,3571.806100619048,0.02376,294495.732457,32124.847726253378,88.8181545,66.69855460240964,20.441118521747125,0.276637423795803,53,64,,False,False,Request timeout: 300.0s exceeded,375,21.16838264042747
224,2026-09-14T02:16:55.020+00:00,2026-09-14T02:21:48.840+00:00,2026-09-14T02:21:55.039+00:00,False,91,90.0,,90.0,293819.40426700003,300019.264747,300019.26474,3296.9149971428574,0.040299999999999996,293819.40426700003,30793.427060534133,88.17654900000001,68.88733866666666,18.99424508224533,0.2999807364900221,53,64,,False,False,Request timeout: 300.0s exceeded,416,21.16838264042747
225,2026-09-14T02:16:57.597+00:00,2026-09-14T02:21:51.372+00:00,2026-09-14T02:21:57.639+00:00,False,93,92.0,,92.0,293775.09715,300042.35654199996,300042.356571,3226.261898612903,0.06125,293775.09715,30456.000825705898,88.052396,68.12238469565217,19.69995843463259,0.3066233749804649,53,64,,False,False,Request timeout: 300.0s exceeded,431,21.16838264042747
226,2026-09-14T02:17:01.336+00:00,2026-09-14T02:21:54.951+00:00,2026-09-14T02:22:01.421+00:00,False,97,96.0,,96.0,293615.165803,300085.302123,300085.302265,3093.6629099484535,0.02791,293615.165803,29805.266701908004,88.78879280000001,67.39725333333332,19.930135566298755,0.3199090369332757,53,64,,False,False,Request timeout: 300.0s exceeded,188,21.16838264042747
227,2026-09-14T02:17:05.296+00:00,2026-09-14T02:21:58.992+00:00,2026-09-14T02:22:05.311+00:00,False,97,96.0,,96.0,293696.662408,300015.20499999996,300015.20514,3092.9402591752573,0.03576,293696.662408,29813.70207894396,89.7200222,65.818152,20.406531044989464,0.31998378215530776,53,64,,False,False,Request timeout: 300.0s exceeded,276,21.16838264042747
228,2026-09-14T02:17:08.156+00:00,2026-09-14T02:22:02.113+00:00,2026-09-14T02:22:08.180+00:00,False,91,90.0,,90.0,293957.656688,300024.317808,300024.317743,3296.970524648352,0.03805,293957.656688,30808.07613667747,89.865665,67.40734577777778,20.78279344397296,0.29997568416302617,53,64,,False,False,Request timeout: 300.0s exceeded,504,21.16838264042747
229,2026-09-14T02:17:11.133+00:00,2026-09-14T02:22:05.184+00:00,2026-09-14T02:22:11.153+00:00,False,91,90.0,,90.0,294051.363322,300020.466682,300020.46645300003,3296.92820278022,0.022019999999999998,294051.363322,30818.012595773944,88.6952925,66.32337066666666,20.336087198705542,0.2999795347141883,53,64,,False,False,Request timeout: 300.0s exceeded,404,21.16838264042747
230,2026-09-14T02:17:15.313+00:00,2026-09-14T02:22:09.176+00:00,2026-09-14T02:22:15.384+00:00,False,100,99.0,,99.0,293863.01348699996,300071.09259099996,300071.09275199997,3000.7109275199996,0.0,293863.01348699996,29380.106282329292,86.26324795000001,62.70786973737374,67.04300939774784,0.3299218166774166,53,64,,False,False,Request timeout: 300.0s exceeded,380,21.16838264042747
231,2026-09-14T02:17:18.613+00:00,2026-09-14T02:22:12.498+00:00,2026-09-14T02:22:18.692+00:00,False,96,95.0,,95.0,293885.15121499996,300079.530735,300079.53088999994,3125.828446770833,0.02925,293885.15121499996,29987.879400485,88.34239374999999,65.20399494736841,20.018638134052612,0.3165827398067162,53,64,,False,False,Request timeout: 300.0s exceeded,140,21.16838264042747
232,2026-09-14T02:17:22.475+00:00,2026-09-14T02:22:15.899+00:00,2026-09-14T02:22:22.517+00:00,False,97,96.0,,96.0,293423.860315,300042.117211,300042.117253,3093.2177036391754,0.028730000000000002,293423.860315,29785.686052882145,89.277829,68.940176,20.134422555013966,0.3199550812811039,53,64,,False,False,Request timeout: 300.0s exceeded,234,21.16838264042747
233,2026-09-14T02:17:25.403+00:00,2026-09-14T02:22:18.851+00:00,2026-09-14T02:22:25.435+00:00,False,98,97.0,,97.0,293447.84299599996,300031.638964,300031.638887,3061.547335581632,0.02437,293447.84299599996,29635.859118278673,90.3288795,67.8741852371134,20.352804394302662,0.3232992371569146,53,64,,False,False,Request timeout: 300.0s exceeded,423,21.16838264042747
234,2026-09-14T02:17:28.103+00:00,2026-09-14T02:22:21.959+00:00,2026-09-14T02:22:28.117+00:00,False,93,92.0,,92.0,293855.304885,300013.812661,300013.812645,3225.954974677419,0.02091,293855.304885,30464.44095687077,88.70657019999999,66.94030191304347,20.318570142023066,0.3066525477077124,53,64,,False,False,Request timeout: 300.0s exceeded,454,21.16838264042747
235,2026-09-14T02:17:31.450+00:00,2026-09-14T02:22:25.023+00:00,2026-09-14T02:22:31.503+00:00,False,97,96.0,,96.0,293572.85283999995,300053.36714399996,300053.3673299999,3093.3336838144323,0.02283,293572.85283999995,29800.959955924645,90.4999042,67.50535733333332,20.613326060450255,0.31994308517100634,53,64,,False,False,Request timeout: 300.0s exceeded,372,21.16838264042747
236,2026-09-14T02:17:34.874+00:00,2026-09-14T02:22:28.553+00:00,2026-09-14T02:22:34.921+00:00,False,90,89.0,,89.0,293678.845431,300046.919159,300046.919059,3333.854656211111,0.02325,293678.845431,30948.93289006685,92.35505429999999,71.55139020224719,20.423352930182887,0.2966202760870122,53,64,,False,False,Request timeout: 300.0s exceeded,172,21.16838264042747
237,2026-09-14T02:17:38.188+00:00,2026-09-14T02:22:31.847+00:00,2026-09-14T02:22:38.200+00:00,False,92,91.0,,91.0,293659.029669,300012.210853,300012.210938,3261.002292804348,0.031,293659.029669,30608.799134010227,93.03561860000002,69.81517784615384,21.7143045722342,0.30332098730670726,53,64,,False,False,Request timeout: 300.0s exceeded,556,21.16838264042747
238,2026-09-14T02:17:40.506+00:00,2026-09-14T02:22:34.312+00:00,2026-09-14T02:22:40.550+00:00,False,90,89.0,,89.0,293805.867714,300044.483266,300044.483245,3333.827591611111,0.02426,293805.867714,30962.476502109723,94.16943650000002,70.09680395505617,21.851409873714406,0.2966226841807932,53,64,,False,False,Request timeout: 300.0s exceeded,360,21.16838264042747
239,2026-09-14T02:17:43.690+00:00,2026-09-14T02:22:37.443+00:00,2026-09-14T02:22:43.739+00:00,False,91,90.0,,90.0,293752.53902200004,300049.341582,300049.34173000004,3297.245513516484,0.0223,293752.53902200004,30786.306591546014,93.1329035,69.96447288888889,21.783132792564963,0.29995066653197117,53,64,,False,False,Request timeout: 300.0s exceeded,439,21.16838264042747
240,2026-09-14T02:17:46.328+00:00,2026-09-14T02:22:39.896+00:00,2026-09-14T02:22:46.382+00:00,False,95,94.0,,94.0,293567.96703500004,300053.96844300005,300053.968485,3158.462826157895,0.03603,293567.96703500004,30112.36616743359,91.236355,69.00001497872341,21.38859530675678,0.31327697643118085,53,64,,False,False,Request timeout: 300.0s exceeded,438,21.16838264042747
241,2026-09-14T02:17:49.761+00:00,2026-09-14T02:22:43.875+00:00,2026-09-14T02:22:49.785+00:00,False,88,87.0,,87.0,294113.166851,300023.860995,300023.86094499996,3409.3620561931816,0.04087,294113.166851,31345.3326026764,88.08676020000001,67.93901314942528,19.498139294711763,0.2899769362059169,53,64,,False,False,Request timeout: 300.0s exceeded,410,21.16838264042747
242,2026-09-14T02:17:52.755+00:00,2026-09-14T02:22:46.709+00:00,2026-09-14T02:22:52.776+00:00,False,90,89.0,,89.0,293953.961213,300021.281533,300021.281617,3333.5697957444445,0.02257,293953.961213,30978.287854163736,86.2729085,68.1721384269663,18.85436813362966,0.2966456230879432,53,64,,False,False,Request timeout: 300.0s exceeded,366,21.16838264042747
243,2026-09-14T02:17:56.066+00:00,2026-09-14T02:22:49.993+00:00,2026-09-14T02:22:56.104+00:00,False,91,90.0,,90.0,293926.18511699996,300037.62729299994,300037.627198,3297.116782395604,0.03352,293926.18511699996,30804.724068039028,87.809275,67.90491306666667,19.557844407767966,0.29996237742578546,53,64,,False,False,Request timeout: 300.0s exceeded,459,21.16838264042747
244,2026-09-14T02:17:59.707+00:00,2026-09-14T02:22:53.552+00:00,2026-09-14T02:22:59.747+00:00,False,91,90.0,,90.0,293845.47355299996,300040.42190499994,300040.42171799997,3297.147491406593,0.018510000000000002,293845.47355299996,30796.167085927547,90.93547299999999,68.83275946666667,21.31292345860307,0.29995958354070096,53,64,,False,False,Request timeout: 300.0s exceeded,341,21.16838264042747
245,2026-09-14T02:18:02.706+00:00,2026-09-14T02:22:56.642+00:00,2026-09-14T02:23:02.742+00:00,False,89,88.0,,88.0,293936.628688,300036.170448,300036.170293,3371.1929246404497,0.0335,293936.628688,31149.879946498044,91.0250818,69.31297454545455,20.670528829365274,0.2932979709366458,53,64,,False,False,Request timeout: 300.0s exceeded,159,21.16838264042747
246,2026-09-14T02:18:06.378+00:00,2026-09-14T02:22:59.833+00:00,2026-09-14T02:23:06.435+00:00,False,90,89.0,,89.0,293454.98295200005,300056.48592800007,300056.4859370001,3333.960954855556,0.029920000000000002,293454.98295200005,30925.123018607144,90.88515884999998,74.17419074157304,66.3777815555535,0.29661081887546986,53,64,,False,False,Request timeout: 300.0s exceeded,440,21.16838264042747
247,2026-09-14T02:18:10.192+00:00,2026-09-14T02:23:04.057+00:00,2026-09-14T02:23:10.265+00:00,False,98,97.0,,97.0,293864.70717400004,300072.96983,300072.96961000003,3061.9690776530615,0.0,293864.70717400004,29678.428813415772,88.76917625,64.00270779381444,67.46593828819066,0.32325470719656385,53,64,,False,False,Request timeout: 300.0s exceeded,470,21.16838264042747
248,2026-09-14T02:18:13.383+00:00,2026-09-14T02:23:07.622+00:00,2026-09-14T02:23:13.457+00:00,False,87,86.0,,86.0,294238.40788,300074.03002400004,300074.030033,3449.126781988506,0.03787,294238.40788,31538.399917825307,88.2389323,67.85607144186046,20.08386851170202,0.28659594431787944,53,64,,False,False,Request timeout: 300.0s exceeded,258,21.16838264042747
249,2026-09-14T02:18:16.193+00:00,2026-09-14T02:23:09.671+00:00,2026-09-14T02:23:16.251+00:00,False,93,92.0,,92.0,293477.627872,300057.63606399996,300057.636162,3226.4261952903225,0.019899999999999998,293477.627872,30424.802225260635,89.2981756,71.52182817391305,19.74086738004435,0.30660776111819105,53,64,,False,False,Request timeout: 300.0s exceeded,491,21.16838264042747
250,2026-09-14T02:18:20.467+00:00,2026-09-14T02:23:13.790+00:00,2026-09-14T02:23:20.493+00:00,False,95,94.0,,94.0,293322.52138700004,300025.62129100005,300025.62130800006,3158.164434821053,0.03452,293322.52138700004,30086.946233373234,89.474683,71.30957344680851,20.23034892618747,0.3133065756035141,53,64,,False,False,Request timeout: 300.0s exceeded,469,21.16838264042747
251,2026-09-14T02:18:24.295+00:00,2026-09-14T02:23:18.139+00:00,2026-09-14T02:23:24.374+00:00,False,94,93.0,,93.0,293844.204682,300079.23572199995,300079.235742,3192.3322951276596,0.03541,293844.204682,30300.80749984835,88.16760965000002,67.04334451612903,20.578880527329854,0.3099181447068109,53,64,,False,False,Request timeout: 300.0s exceeded,375,21.16838264042747
252,2026-09-14T02:18:27.135+00:00,2026-09-14T02:23:20.575+00:00,2026-09-14T02:23:27.151+00:00,False,99,98.0,,98.0,293440.42433,300015.87137,300015.87151,3030.4633485858585,0.04011,293440.42433,29485.135946766975,89.80492900000002,67.09639836734694,20.55397476434426,0.32664938542247896,53,64,,False,False,Request timeout: 300.0s exceeded,433,21.16838264042747
253,2026-09-14T02:18:31.192+00:00,2026-09-14T02:23:25.021+00:00,2026-09-14T02:23:31.230+00:00,False,94,93.0,,93.0,293829.121324,300037.536556,300037.536589,3191.888687117021,0.028329999999999998,293829.121324,30299.2816514461,90.00978749999999,66.75715303225806,21.111463241699607,0.30996121707805774,53,64,,False,False,Request timeout: 300.0s exceeded,396,21.16838264042747
254,2026-09-14T02:18:34.575+00:00,2026-09-14T02:23:27.801+00:00,2026-09-14T02:23:34.608+00:00,False,106,105.0,,105.0,293226.34453299997,300033.446229,300033.44622399996,2830.504209660377,0.02089,293226.34453299997,28474.37138153877,90.48146675,64.82953996190476,21.301029270278274,0.34996098374932155,53,64,,False,False,Request timeout: 300.0s exceeded,455,21.16838264042747
255,2026-09-14T02:18:37.166+00:00,2026-09-14T02:23:30.690+00:00,2026-09-14T02:23:37.248+00:00,False,97,96.0,,96.0,293523.984357,300081.985253,300081.985435,3093.628715824742,0.04531,293523.984357,29795.916294787974,91.37365700000001,68.31250933333332,20.808441899992005,0.3199125729558945,53,64,,False,False,Request timeout: 300.0s exceeded,229,21.16838264042747
256,2026-09-14T02:18:40.858+00:00,2026-09-14T02:23:34.784+00:00,2026-09-14T02:23:40.881+00:00,False,88,87.0,,87.0,293926.125095,300022.62378300005,300022.62395800004,3409.3479995227276,0.019350000000000003,293926.125095,31325.166273822146,88.70754735,70.07469756321838,19.579987242755827,0.2899781319922235,53,64,,False,False,Request timeout: 300.0s exceeded,400,21.16838264042747
257,2026-09-14T02:18:43.805+00:00,2026-09-14T02:23:37.160+00:00,2026-09-14T02:23:43.882+00:00,False,100,99.0,,99.0,293354.90001700004,300076.163377,300076.16326000006,3000.7616326,0.03658,293354.90001700004,29328.706954486996,88.45593449999998,67.8915490909091,19.023933209063284,0.32991624154972143,53,64,,False,False,Request timeout: 300.0s exceeded,450,21.16838264042747
258,2026-09-14T02:18:46.540+00:00,2026-09-14T02:23:40.351+00:00,2026-09-14T02:23:46.599+00:00,False,94,93.0,,93.0,293810.615228,300058.14853999997,300058.14863199997,3192.1079641702127,0.03525,293810.615228,30297.327963591655,85.3293346,67.1777775483871,18.734721983681855,0.30993992481961347,53,64,,False,False,Request timeout: 300.0s exceeded,359,21.16838264042747
259,2026-09-14T02:18:50.027+00:00,2026-09-14T02:23:43.885+00:00,2026-09-14T02:23:50.065+00:00,False,93,92.0,,92.0,293858.043136,300037.654528,300037.654502,3226.211338731183,0.024120000000000003,293858.043136,30464.700517305093,88.11266800000001,67.16968904347827,19.39319847993063,0.30662818020201005,53,64,,False,False,Request timeout: 300.0s exceeded,301,21.16838264042747
260,2026-09-14T02:18:53.594+00:00,2026-09-14T02:23:47.356+00:00,2026-09-14T02:23:53.677+00:00,False,92,91.0,,91.0,293762.358345,300083.410761,300083.410992,3261.7762064347826,0.031659,293762.358345,30619.607325875982,88.78744155,69.46211446153846,19.65813505849157,0.30324901922844555,53,64,,False,False,Request timeout: 300.0s exceeded,526,21.16838264042747
261,2026-09-14T02:18:56.710+00:00,2026-09-14T02:23:50.323+00:00,2026-09-14T02:23:56.760+00:00,False,94,93.0,,93.0,293613.555285,300050.578005,300050.578218,3192.0274278510637,0.04289,293613.555285,30276.793696594013,89.00978565000001,69.21529806451613,20.40000799052982,0.30994774487136717,53,64,,False,False,Request timeout: 300.0s exceeded,420,21.16838264042747
262,2026-09-14T02:18:59.263+00:00,2026-09-14T02:23:52.558+00:00,2026-09-14T02:23:59.370+00:00,False,103,102.0,,102.0,293294.430674,300106.82773,300106.827666,2913.6585210291264,0.02428,293294.430674,28892.585401001965,89.73542510000001,66.78820643137254,20.600213866963824,0.3398789716699392,53,64,,False,False,Request timeout: 300.0s exceeded,485,21.16838264042747
263,2026-09-14T02:19:02.608+00:00,2026-09-14T02:23:56.275+00:00,2026-09-14T02:24:02.651+00:00,False,109,108.0,,108.0,293666.918723,300042.952771,300042.952628,2752.6876387889906,0.0,293666.918723,28122.608078584446,94.14693360000001,59.0373522962963,64.57231750657003,0.3599484640535057,53,64,,False,False,Request timeout: 300.0s exceeded,562,21.16838264042747
264,2026-09-14T02:19:05.264+00:00,2026-09-14T02:24:00.570+00:00,2026-09-14T02:24:05.306+00:00,False,75,74.0,,74.0,295306.675626,300041.94448999997,300041.944507,4000.5592600933333,0.0,295306.675626,34091.77301518238,91.49560810000001,63.99011978378378,76.2980387225969,0.2466321837961103,53,64,,False,False,Request timeout: 300.0s exceeded,350,21.16838264042747
265,2026-09-14T02:19:08.390+00:00,2026-09-14T02:24:01.888+00:00,2026-09-14T02:24:08.408+00:00,True,100,100.0,,100.0,293498.03479400004,300018.40369000006,300018.403815,3000.1840381500006,39.091548,293498.03479400004,29343.223768293297,90.21324895,65.86231208080808,19.66097897245621,0.3333128860432408,53,64,,False,True,,458,21.16838264042747
266,2026-09-14T02:19:10.853+00:00,2026-09-14T02:24:04.616+00:00,2026-09-14T02:24:10.919+00:00,False,97,96.0,,96.0,293762.525661,300065.247709,300065.247821,3093.456163103093,0.0249,293762.525661,29820.405694738827,87.2329798,65.65335466666666,19.630635792136605,0.3199304175773789,53,64,,False,False,Request timeout: 300.0s exceeded,364,21.16838264042747
267,2026-09-14T02:19:14.674+00:00,2026-09-14T02:24:08.537+00:00,2026-09-14T02:24:14.695+00:00,False,91,90.0,,90.0,293862.811289,300020.390553,300020.39050599997,3296.927368197802,0.037399999999999996,293862.811289,30798.026985626955,87.6658095,68.41754737777778,19.617127035640102,0.2999796108328213,53,64,,False,False,Request timeout: 300.0s exceeded,392,21.16838264042747
268,2026-09-14T02:19:18.566+00:00,2026-09-14T02:24:12.408+00:00,2026-09-14T02:24:18.645+00:00,False,92,91.0,,91.0,293841.18108300003,300078.262683,300078.26266300003,3261.7202463369567,0.03663,293841.18108300003,30627.921505989012,88.99223160000001,68.53935824175824,19.875929626733274,0.30325422170326144,53,64,,False,False,Request timeout: 300.0s exceeded,444,21.16838264042747
269,2026-09-14T02:19:22.413+00:00,2026-09-14T02:24:16.175+00:00,2026-09-14T02:24:22.496+00:00,False,92,91.0,,91.0,293762.510028,300083.178956,300083.178952,3261.7736842608692,0.038130000000000004,293762.510028,30619.623593447774,87.80606,69.4579003076923,19.679986048442977,0.3032492534789594,53,64,,False,False,Request timeout: 300.0s exceeded,435,21.16838264042747
270,2026-09-14T02:19:25.755+00:00,2026-09-14T02:24:19.369+00:00,2026-09-14T02:24:25.772+00:00,False,95,94.0,,94.0,293613.230352,300016.63643199997,300016.63655999996,3158.069858526316,0.04018,293613.230352,30117.099277290396,89.66045399999999,68.12134127659574,19.97987083304953,0.3133159584678748,53,64,,False,False,Request timeout: 300.0s exceeded,476,21.16838264042747
271,2026-09-14T02:19:29.665+00:00,2026-09-14T02:24:23.391+00:00,2026-09-14T02:24:29.685+00:00,False,96,95.0,,95.0,293725.732994,300020.256898,300020.256952,3125.211009916667,0.02665,293725.732994,29971.501622830634,88.82521249999999,66.25814635789473,20.55842624351719,0.3166452858291426,53,64,,False,False,Request timeout: 300.0s exceeded,409,21.16838264042747
272,2026-09-14T02:19:32.408+00:00,2026-09-14T02:24:25.986+00:00,2026-09-14T02:24:32.435+00:00,False,98,97.0,,97.0,293577.712623,300026.96164700005,300026.96158500004,3061.499608010204,0.02032,293577.712623,29649.11764523921,88.4642571,66.48710334020619,19.75556344903108,0.3233042772806745,53,64,,False,False,Request timeout: 300.0s exceeded,467,21.16838264042747
273,2026-09-14T02:19:35.205+00:00,2026-09-14T02:24:29.032+00:00,2026-09-14T02:24:35.242+00:00,False,92,91.0,,91.0,293827.203494,300037.62755800004,300037.627548,3261.278560304348,0.03914,293827.203494,30626.495030906943,89.13756149999999,68.24641828571428,20.258508043600607,0.3032952924626391,53,64,,False,False,Request timeout: 300.0s exceeded,418,21.16838264042747
274,2026-09-14T02:19:38.437+00:00,2026-09-14T02:24:31.925+00:00,2026-09-14T02:24:38.502+00:00,False,97,96.0,,96.0,293488.508336,300064.720816,300064.72091800004,3093.4507311134025,0.023969999999999998,293488.508336,29792.294410492814,89.4796948,68.50221333333333,19.952352956512662,0.3199309793531752,53,64,,False,False,Request timeout: 300.0s exceeded,434,21.16838264042747
275,2026-09-14T02:19:40.770+00:00,2026-09-14T02:24:34.250+00:00,2026-09-14T02:24:40.862+00:00,False,96,95.0,,95.0,293479.80728500005,300091.83211700007,300091.8321020001,3125.956584395834,0.03772,293479.80728500005,29946.060483805108,88.81901000000002,69.60026138947369,20.030095662591492,0.31656976242845997,53,64,,False,False,Request timeout: 300.0s exceeded,453,21.16838264042747
276,2026-09-14T02:19:44.014+00:00,2026-09-14T02:24:37.631+00:00,2026-09-14T02:24:44.021+00:00,False,89,88.0,,88.0,293617.246065,300007.549553,300007.54938000004,3370.8713413483147,0.040119999999999996,293617.246065,31115.674460122485,89.67493600000002,72.6170850909091,19.465280602825366,0.293325951733937,53,64,,False,False,Request timeout: 300.0s exceeded,433,21.16838264042747
277,2026-09-14T02:19:47.975+00:00,2026-09-14T02:24:41.914+00:00,2026-09-14T02:24:47.999+00:00,False,100,99.0,,99.0,293939.09016799997,300024.9262,300024.926206,3000.2492620599996,0.016280000000000003,293939.09016799997,29388.63102027861,88.7429214,61.47309123232323,227.19251132175947,0.32997258345796737,53,64,,False,False,Request timeout: 300.0s exceeded,327,21.16838264042747
278,2026-09-14T02:19:50.821+00:00,2026-09-14T02:24:44.712+00:00,2026-09-14T02:24:50.843+00:00,False,103,102.0,,102.0,293891.24385900004,300021.80513900006,300021.804942,2912.833057689321,0.01509,293891.24385900004,28952.85753453612,94.4899106,60.10354196078432,218.3105009006655,0.33997528930520043,53,64,,False,False,Request timeout: 300.0s exceeded,488,21.16838264042747
279,2026-09-14T02:19:53.602+00:00,2026-09-14T02:24:48.745+00:00,2026-09-14T02:24:53.641+00:00,False,70,69.0,,69.0,295143.632534,300039.459222,300039.459275,4286.2779896428565,0.04498,295143.632534,35267.9372867692,92.20256335,70.9540099710145,21.67892511710164,0.22996975190835392,53,64,,False,False,Request timeout: 300.0s exceeded,341,21.16838264042747
280,2026-09-14T02:19:56.025+00:00,2026-09-14T02:24:49.612+00:00,2026-09-14T02:24:56.087+00:00,False,93,92.0,,92.0,293587.176791,300061.742167,300061.741998,3226.470344064516,0.03989,293587.176791,30436.280734646214,90.7328966,70.37571060869566,19.695442815216882,0.3066035654381997,53,64,,False,False,Request timeout: 300.0s exceeded,442,21.16838264042747
281,2026-09-14T02:19:58.640+00:00,2026-09-14T02:24:52.418+00:00,2026-09-14T02:24:58.683+00:00,False,97,96.0,,96.0,293777.36586900003,300042.655341,300042.65546900005,3093.2232522577324,0.0,293777.36586900003,29822.02208911701,88.7080606,65.263432,67.85975805354806,0.31995450743793585,53,64,,False,False,Request timeout: 300.0s exceeded,371,21.16838264042747
282,2026-09-14T02:20:02.311+00:00,2026-09-14T02:24:55.763+00:00,2026-09-14T02:25:02.383+00:00,False,103,102.0,,102.0,293451.71098000003,300071.39354,300071.39332100004,2913.314498262136,0.0,293451.71098000003,28908.336588124093,85.526783,64.89884862745097,66.17796319295422,0.3399191065722272,53,64,,False,False,Request timeout: 300.0s exceeded,482,21.16838264042747
283,2026-09-14T02:20:05.259+00:00,2026-09-14T02:24:59.082+00:00,2026-09-14T02:25:05.337+00:00,False,95,94.0,,94.0,293822.571429,300077.631397,300077.631271,3158.7119081157894,0.04258,293822.571429,30138.73900619766,88.80627829999999,66.54319114893617,19.791810943028842,0.31325227262820815,53,64,,False,False,Request timeout: 300.0s exceeded,449,21.16838264042747
284,2026-09-14T02:20:09.191+00:00,2026-09-14T02:25:03.110+00:00,2026-09-14T02:25:09.246+00:00,False,91,90.0,,90.0,293919.096869,300055.672357,300055.672419,3297.3150815274726,0.04516,293919.096869,30803.95183108211,88.819433,68.18417208888889,19.696975489873818,0.29994433797245423,53,64,,False,False,Request timeout: 300.0s exceeded,412,21.16838264042747
285,2026-09-14T02:20:12.862+00:00,2026-09-14T02:25:06.521+00:00,2026-09-14T02:25:12.946+00:00,False,94,93.0,,93.0,293659.22183,300084.21331799997,300084.213272,3192.385247574468,0.02275,293659.22183,30281.516851560533,89.55373164999999,69.08592997849463,19.895505856793868,0.3099130039921416,53,64,,False,False,Request timeout: 300.0s exceeded,424,21.16838264042747
286,2026-09-14T02:20:16.615+00:00,2026-09-14T02:25:10.320+00:00,2026-09-14T02:25:16.658+00:00,False,91,90.0,,90.0,293705.480945,300042.73048100004,300042.730363,3297.172861131868,0.02266,293705.480945,30781.325295832674,89.07971699999999,70.41388373333334,20.05817415325327,0.2999572756044465,53,64,,False,False,Request timeout: 300.0s exceeded,357,21.16838264042747
287,2026-09-14T02:20:20.320+00:00,2026-09-14T02:25:14.333+00:00,2026-09-14T02:25:20.364+00:00,False,88,87.0,,87.0,294012.734629,300043.714213,300043.714392,3409.5876635454547,0.041649,294012.734629,31334.479898403482,90.73097084999999,69.3216044137931,20.741953478454228,0.2899577490839851,53,64,,False,False,Request timeout: 300.0s exceeded,342,21.16838264042747
288,2026-09-14T02:20:22.759+00:00,2026-09-14T02:25:16.362+00:00,2026-09-14T02:25:22.813+00:00,False,96,95.0,,95.0,293603.66936500004,300053.96466100006,300053.964822,3125.5621335625005,0.04097,293603.66936500004,29958.87635852085,90.41546875,67.89784522105263,20.779472686925978,0.3166097142136771,53,64,,False,False,Request timeout: 300.0s exceeded,436,21.16838264042747
289,2026-09-14T02:20:26.765+00:00,2026-09-14T02:25:20.614+00:00,2026-09-14T02:25:26.812+00:00,False,95,94.0,,94.0,293848.78886000003,300046.91366,300046.91357100004,3158.3885639052633,0.02152,293848.78886000003,30141.491607039414,87.87152,65.93749787234043,20.70507616480996,0.31328434228294266,53,64,,False,False,Request timeout: 300.0s exceeded,403,21.16838264042747
290,2026-09-14T02:20:30.601+00:00,2026-09-14T02:25:24.121+00:00,2026-09-14T02:25:30.654+00:00,False,93,92.0,,92.0,293519.593288,300052.545864,300052.54601399996,3226.3714625161288,0.039740000000000004,293519.593288,30429.207114615303,91.09572700000001,71.01035408695651,20.114480367128717,0.30661296252323544,53,64,,False,False,Request timeout: 300.0s exceeded,439,21.16838264042747
291,2026-09-14T02:20:33.573+00:00,2026-09-14T02:25:27.155+00:00,2026-09-14T02:25:33.608+00:00,False,91,90.0,,90.0,293581.649168,300034.599184,300034.59903299995,3297.0835058571424,0.0407,293581.649168,30768.209590421735,93.19863800000002,71.69944462222222,20.293517186494547,0.29996540480588496,53,64,,False,False,Request timeout: 300.0s exceeded,333,21.16838264042747
292,2026-09-14T02:20:36.922+00:00,2026-09-14T02:25:30.566+00:00,2026-09-14T02:25:36.939+00:00,False,92,91.0,,91.0,293643.703122,300016.703826,300016.70389299997,3261.051129271739,0.04391,293643.703122,30607.177793993404,90.66401605000001,70.03297476923076,20.646848100510216,0.3033164448496077,53,64,,False,False,Request timeout: 300.0s exceeded,267,21.16838264042747
293,2026-09-14T02:20:39.262+00:00,2026-09-14T02:25:33.139+00:00,2026-09-14T02:25:39.337+00:00,False,90,89.0,,89.0,293877.075,300075.16652,300075.16642,3334.168515777778,0.04351,293877.075,30970.028681226384,88.2316445,69.64147775280898,19.22573742081777,0.29659235394964995,53,64,,False,False,Request timeout: 300.0s exceeded,490,21.16838264042747
294,2026-09-14T02:20:42.598+00:00,2026-09-14T02:25:36.465+00:00,2026-09-14T02:25:42.631+00:00,False,90,89.0,,89.0,293867.175042,300033.281154,300033.28123100003,3333.703124788889,0.03472,293867.175042,30969.022902761924,88.47419655,69.28209114606742,19.039242238189956,0.2966337589539555,53,64,,False,False,Request timeout: 300.0s exceeded,417,21.16838264042747
295,2026-09-14T02:20:46.804+00:00,2026-09-14T02:25:40.718+00:00,2026-09-14T02:25:46.819+00:00,False,90,89.0,,89.0,293914.064516,300014.68633999996,300014.686225,3333.496513611111,0.02417,293914.064516,30974.043871753765,90.14988000000001,68.54631262921349,20.354959482002013,0.2966521442191609,53,64,,False,False,Request timeout: 300.0s exceeded,417,21.16838264042747
296,2026-09-14T02:20:50.009+00:00,2026-09-14T02:25:44.552+00:00,2026-09-14T02:25:50.044+00:00,False,76,75.0,,75.0,294543.625649,300035.198897,300035.198934,3947.8315649210526,0.02157,294543.625649,33778.07713340586,89.83258225000002,73.22097664,18.756048960397848,0.24997067102699166,53,64,,False,False,Request timeout: 300.0s exceeded,375,21.16838264042747
297,2026-09-14T02:20:53.944+00:00,2026-09-14T02:25:47.619+00:00,2026-09-14T02:25:54.021+00:00,False,100,99.0,,99.0,293674.87776,300077.420864,300077.420948,3000.77420948,0.0,293674.87776,29361.099157684606,89.17741845,64.67215256565656,68.2823477121432,0.32991485902189366,53,64,,False,False,Request timeout: 300.0s exceeded,448,21.16838264042747
298,2026-09-14T02:20:57.175+00:00,2026-09-14T02:25:50.935+00:00,2026-09-14T02:25:57.210+00:00,False,101,100.0,,100.0,293760.95094999997,300035.320998,300035.32095699996,2970.6467421485145,0.0,293760.95094999997,29224.141102929338,90.768838,62.743700479999994,67.51646892257487,0.33329409240009644,53,64,,False,False,Request timeout: 300.0s exceeded,481,21.16838264042747
299,2026-09-14T02:21:01.436+00:00,2026-09-14T02:25:55.464+00:00,2026-09-14T02:26:01.522+00:00,False,89,88.0,,88.0,294028.401306,300086.39913000003,300086.399221,3371.7572946179775,0.037339,294028.401306,31159.65781846883,89.716159,68.84088436363636,20.601606288679644,0.29324887850674514,53,64,,False,False,Request timeout: 300.0s exceeded,426,21.16838264042747
300,2026-09-14T02:21:04.843+00:00,2026-09-14T02:25:58.510+00:00,2026-09-14T02:26:04.908+00:00,False,92,91.0,,91.0,293666.396052,300064.80194,300064.80189,3261.5739335869566,0.019690000000000003,293666.396052,30609.51451608913,90.78511305,70.3121526153846,20.537556577508102,0.3032678255218887,53,64,,False,False,Request timeout: 300.0s exceeded,196,21.16838264042747
301,2026-09-14T02:21:07.506+00:00,2026-09-14T02:26:01.018+00:00,2026-09-14T02:26:07.554+00:00,False,96,95.0,,95.0,293511.46104100003,300047.44388900005,300047.44382800005,3125.494206541667,0.039439999999999996,293511.46104100003,29949.372998250332,88.80621275,68.79981945263158,20.288955584683066,0.3166165949247161,53,64,,False,False,Request timeout: 300.0s exceeded,477,21.16838264042747
302,2026-09-14T02:21:11.542+00:00,2026-09-14T02:26:05.540+00:00,2026-09-14T02:26:11.575+00:00,False,90,89.0,,89.0,293997.310108,300032.459932,300032.459851,3333.6939983444445,0.08597,293997.310108,30982.89656741399,90.41853644999999,67.81067217977528,20.80928484913283,0.2966345708733353,53,64,,False,False,Request timeout: 300.0s exceeded,204,21.16838264042747
303,2026-09-14T02:21:15.761+00:00,2026-09-14T02:26:09.512+00:00,2026-09-14T02:26:15.777+00:00,False,90,89.0,,89.0,293750.985911,300015.963831,300015.963978,3333.5107108666666,0.040850000000000004,293750.985911,30956.65922026336,89.9190085,70.39301033707865,20.352608595676813,0.296650881051563,53,64,,False,False,Request timeout: 300.0s exceeded,356,21.16838264042747
304,2026-09-14T02:21:18.364+00:00,2026-09-14T02:26:12.145+00:00,2026-09-14T02:26:18.383+00:00,False,93,92.0,,92.0,293780.884467,300018.612467,300018.61255200004,3226.0065865806455,0.03637,293780.884467,30456.63489351303,90.115848,67.80139130434783,20.714391303541717,0.3066476417696231,53,64,,False,False,Request timeout: 300.0s exceeded,310,21.16838264042747
305,2026-09-14T02:21:22.313+00:00,2026-09-14T02:26:15.996+00:00,2026-09-14T02:26:22.334+00:00,False,97,96.0,,96.0,293683.578604,300020.87652399996,300020.876628,3092.9987281237113,0.019799,293683.578604,29812.354301954034,89.079786,66.01352,21.157861767815863,0.31997773325724066,53,64,,False,False,Request timeout: 300.0s exceeded,428,21.16838264042747
306,2026-09-14T02:21:25.612+00:00,2026-09-14T02:26:19.244+00:00,2026-09-14T02:26:25.678+00:00,False,94,93.0,,93.0,293632.33801300003,300066.05551700003,300066.05552500003,3192.1920800531916,0.023190000000000002,293632.33801300003,30278.735073222302,89.42545815000001,69.17975810752688,21.02170849701189,0.30993175765837716,53,64,,False,False,Request timeout: 300.0s exceeded,306,21.16838264042747
307,2026-09-14T02:21:29.469+00:00,2026-09-14T02:26:23.060+00:00,2026-09-14T02:26:29.491+00:00,False,95,94.0,,94.0,293590.156515,300021.53904299997,300021.53904099995,3158.1214635894735,0.07709,293590.156515,30114.701914926154,88.70157569999999,68.41896306382979,20.724754393641124,0.3133108386145824,53,64,,False,False,Request timeout: 300.0s exceeded,445,21.16838264042747
308,2026-09-14T02:21:31.821+00:00,2026-09-14T02:26:25.806+00:00,2026-09-14T02:26:31.884+00:00,False,91,90.0,,90.0,293985.43517199997,300063.11017999996,300063.110274,3297.396816197802,0.02307,293985.43517199997,30810.975086856637,89.2875065,67.5297223111111,20.48560233115687,0.2999369030935238,53,64,,False,False,Request timeout: 300.0s exceeded,460,21.16838264042747
309,2026-09-14T02:21:35.403+00:00,2026-09-14T02:26:28.858+00:00,2026-09-14T02:26:35.437+00:00,False,97,96.0,,96.0,293455.121472,300034.42566400004,300034.42562500003,3093.138408505155,0.029869,293455.121472,29788.901190207376,88.58958080000001,68.53441866666667,19.90883828126184,0.3199632835050324,53,64,,False,False,Request timeout: 300.0s exceeded,458,21.16838264042747
310,2026-09-14T02:21:39.036+00:00,2026-09-14T02:26:32.688+00:00,2026-09-14T02:26:39.111+00:00,False,97,96.0,,96.0,293652.105117,300075.190173,300075.190161,3093.5586614536082,0.02789,293652.105117,29809.067449103663,88.5776188,66.907136,20.474256787809427,0.3199198172453174,53,64,,False,False,Request timeout: 300.0s exceeded,470,21.16838264042747
311,2026-09-14T02:21:42.572+00:00,2026-09-14T02:26:36.395+00:00,2026-09-14T02:26:42.598+00:00,False,94,93.0,,93.0,293823.386227,300026.797171,300026.797006,3191.7744362340422,0.02466,293823.386227,30298.69538223516,89.93403965000002,66.70334348387097,20.68718023948823,0.3099723120631613,53,64,,False,False,Request timeout: 300.0s exceeded,489,21.16838264042747
312,2026-09-14T02:21:46.469+00:00,2026-09-14T02:26:40.305+00:00,2026-09-14T02:26:46.480+00:00,False,96,95.0,,95.0,293836.240461,300011.481677,300011.481699,3125.11960103125,0.0,293836.240461,29982.968260180212,89.755478,65.00253911578947,63.64695526625257,0.3166545475825469,53,64,,False,False,Request timeout: 300.0s exceeded,447,21.16838264042747
313,2026-09-14T02:21:49.469+00:00,2026-09-14T02:26:43.490+00:00,2026-09-14T02:26:49.515+00:00,False,97,96.0,,96.0,294020.32254400005,300045.72465600003,300045.72465900006,3093.2548933917533,0.0,294020.32254400005,29846.93857422089,93.03818739999998,62.764605333333336,65.28573686675826,0.31995123446622414,53,64,,False,False,Request timeout: 300.0s exceeded,420,21.16838264042747
314,2026-09-14T02:21:52.657+00:00,2026-09-14T02:26:47.655+00:00,2026-09-14T02:26:52.711+00:00,False,78,77.0,,77.0,294997.540323,300053.581795,300053.581794,3846.8407922307692,0.036469999999999995,294997.540323,33394.46537174306,88.66734385,65.66287625974026,20.523476089858015,0.2566208326505073,53,64,,False,False,Request timeout: 300.0s exceeded,184,21.16838264042747
315,2026-09-14T02:21:55.021+00:00,2026-09-14T02:26:48.926+00:00,2026-09-14T02:26:55.046+00:00,False,91,90.0,,90.0,293905.017412,300024.357188,300024.357117,3296.97095732967,0.026010000000000002,293905.017412,30802.495966299135,88.00652399999998,67.99266417777778,19.677058824706815,0.2999756447894148,53,64,,False,False,Request timeout: 300.0s exceeded,427,21.16838264042747
316,2026-09-14T02:21:59.228+00:00,2026-09-14T02:26:53.226+00:00,2026-09-14T02:26:59.278+00:00,False,87,86.0,,86.0,293998.07148600003,300049.96908600006,300049.96917500003,3448.8502204022993,0.037399999999999996,293998.07148600003,31512.363255085125,89.25301569999999,70.3709023255814,19.628463712766216,0.28661892638072817,53,64,,False,False,Request timeout: 300.0s exceeded,406,21.16838264042747
317,2026-09-14T02:22:02.634+00:00,2026-09-14T02:26:56.368+00:00,2026-09-14T02:27:02.714+00:00,False,90,89.0,,89.0,293734.053515,300080.347531,300080.347571,3334.226084122222,0.02323,293734.053515,30954.777436945424,88.31062200000001,71.30667433707865,19.336717254911296,0.29658723316029817,53,64,,False,False,Request timeout: 300.0s exceeded,432,21.16838264042747
318,2026-09-14T02:22:05.866+00:00,2026-09-14T02:26:59.838+00:00,2026-09-14T02:27:05.913+00:00,False,89,88.0,,88.0,293972.240754,300046.586482,300046.586674,3371.3099626292137,0.02129,293972.240754,31153.6845940939,88.7469584,69.026656,19.778837437659497,0.293287789178962,53,64,,False,False,Request timeout: 300.0s exceeded,456,21.16838264042747
319,2026-09-14T02:22:10.048+00:00,2026-09-14T02:27:03.947+00:00,2026-09-14T02:27:10.078+00:00,False,94,93.0,,93.0,293899.59428799996,300030.315824,300030.31577899994,3191.811869989361,0.02284,293899.59428799996,30306.635840999414,88.30165629999999,65.92173694623656,20.059882388468118,0.30996867681382734,53,64,,False,False,Request timeout: 300.0s exceeded,452,21.16838264042747
320,2026-09-14T02:22:13.889+00:00,2026-09-14T02:27:07.735+00:00,2026-09-14T02:27:13.914+00:00,False,95,94.0,,94.0,293846.588371,300025.55489900004,300025.55476100004,3158.163734326316,0.02435,293846.588371,30141.286378179742,89.3757864,65.7336864680851,20.147000466610315,0.3133066449344422,53,64,,False,False,Request timeout: 300.0s exceeded,457,21.16838264042747
321,2026-09-14T02:22:17.291+00:00,2026-09-14T02:27:11.525+00:00,2026-09-14T02:27:17.331+00:00,False,90,89.0,,89.0,294234.34310299996,300039.789503,300039.789412,3333.7754379111107,0.02243,294234.34310299996,31008.15430850041,88.55657045,65.22973483146068,21.139038373852973,0.2966273244872748,53,64,,False,False,Request timeout: 300.0s exceeded,386,21.16838264042747
322,2026-09-14T02:22:19.681+00:00,2026-09-14T02:27:13.533+00:00,2026-09-14T02:27:19.764+00:00,False,93,92.0,,92.0,293851.993303,300083.525847,300083.525871,3226.7045792580643,0.02993,293851.993303,30464.01546908361,89.41796359999998,67.73404939130434,20.641914286537155,0.30658130845512305,53,64,,False,False,Request timeout: 300.0s exceeded,428,21.16838264042747
323,2026-09-14T02:22:22.481+00:00,2026-09-14T02:27:16.335+00:00,2026-09-14T02:27:22.567+00:00,False,91,90.0,,90.0,293853.83483099996,300085.43419099995,300085.43439899996,3297.6421362527467,0.03691,293853.83483099996,30797.000166656326,88.79042699999998,69.23999288888889,20.21960936410461,0.2999145901320766,53,64,,False,False,Request timeout: 300.0s exceeded,317,21.16838264042747
324,2026-09-14T02:22:26.451+00:00,2026-09-14T02:27:20.625+00:00,2026-09-14T02:27:26.513+00:00,False,82,81.0,,81.0,294174.01334500004,300061.87817700004,300061.87819,3659.291197439025,0.02166,294174.01334500004,32478.06296906842,87.30651904999999,72.68968928395061,18.092517487604535,0.26994432112505756,53,64,,False,False,Request timeout: 300.0s exceeded,323,21.16838264042747
325,2026-09-14T02:22:30.111+00:00,2026-09-14T02:27:24.220+00:00,2026-09-14T02:27:30.184+00:00,False,86,85.0,,85.0,294109.65894199995,300072.75039799995,300072.75036799995,3489.2180275348833,0.02939,294109.65894199995,31707.100758865214,86.54404425000001,70.15401712941177,18.80593730358281,0.2832646412820248,53,64,,False,False,Request timeout: 300.0s exceeded,433,21.16838264042747
326,2026-09-14T02:22:34.067+00:00,2026-09-14T02:27:27.854+00:00,2026-09-14T02:27:34.101+00:00,False,99,98.0,,98.0,293787.299635,300034.140979,300034.140962,3030.6478885050506,0.01837,293787.299635,29520.33482459124,88.652924,63.74327902040816,19.9726915975347,0.326629495164216,53,64,,False,False,Request timeout: 300.0s exceeded,457,21.16838264042747
327,2026-09-14T02:22:38.272+00:00,2026-09-14T02:27:31.993+00:00,2026-09-14T02:27:38.283+00:00,False,96,95.0,,95.0,293720.926347,300010.670219,300010.670163,3125.11114753125,0.03669,293720.926347,29971.015792532853,88.91936775,66.20783023157895,19.97624218134813,0.31665540405830384,53,64,,False,False,Request timeout: 300.0s exceeded,404,21.16838264042747
328,2026-09-14T02:22:40.607+00:00,2026-09-14T02:27:34.605+00:00,2026-09-14T02:27:40.622+00:00,False,87,86.0,,86.0,293997.647774,300014.829726,300014.829516,3448.446316275862,0.023739999999999997,293997.647774,31512.360967667533,89.6632836,69.967232,19.401186510655798,0.2866524967400538,53,64,,False,False,Request timeout: 300.0s exceeded,406,21.16838264042747
329,2026-09-14T02:22:43.813+00:00,2026-09-14T02:27:37.651+00:00,2026-09-14T02:27:43.857+00:00,False,95,94.0,,94.0,293838.007722,300044.76305,300044.76305300003,3158.365926873684,0.0,293838.007722,30140.448020215317,92.28857169999999,66.029312,69.37438083895235,0.3132865877893548,53,64,,False,False,Request timeout: 300.0s exceeded,406,21.16838264042747
330,2026-09-14T02:22:47.397+00:00,2026-09-14T02:27:41.350+00:00,2026-09-14T02:27:47.413+00:00,False,96,95.0,,95.0,293953.10734,300016.546956,300016.546965,3125.17236421875,0.0,293953.10734,29995.028311868282,90.037437,63.82568016842105,69.2535785546413,0.31664920139865677,53,64,,False,False,Request timeout: 300.0s exceeded,467,21.16838264042747
331,2026-09-14T02:22:50.250+00:00,2026-09-14T02:27:44.073+00:00,2026-09-14T02:27:50.265+00:00,False,92,91.0,,91.0,293822.845356,300014.750636,300014.750779,3261.029899771739,0.02551,293822.845356,30626.06215898912,88.4937615,68.04291516483516,20.680251992173663,0.30331841953467115,53,64,,False,False,Request timeout: 300.0s exceeded,369,21.16838264042747
332,2026-09-14T02:22:53.506+00:00,2026-09-14T02:27:47.416+00:00,2026-09-14T02:27:53.594+00:00,False,90,89.0,,89.0,293909.12388599996,300087.42762999993,300087.42755799997,3334.304750644444,0.02249,293909.12388599996,30973.43064141637,88.70138494999999,69.41914319101123,19.669585203318146,0.29658023564297636,53,64,,False,False,Request timeout: 300.0s exceeded,557,21.16838264042747
333,2026-09-14T02:22:57.759+00:00,2026-09-14T02:27:51.552+00:00,2026-09-14T02:27:57.798+00:00,False,94,93.0,,93.0,293792.715833,300039.119673,300039.119611,3191.905527776596,0.02176,293792.715833,30295.484167336454,89.02873315,67.16563268817204,20.502130056398936,0.3099595816084142,53,64,,False,False,Request timeout: 300.0s exceeded,295,21.16838264042747
334,2026-09-14T02:23:01.759+00:00,2026-09-14T02:27:54.864+00:00,2026-09-14T02:28:01.781+00:00,False,107,106.0,,106.0,293105.513676,300022.19182,300022.191788,2803.94571764486,0.02725,293105.513676,28329.27854610052,87.77018,65.2516806037736,20.213046469122553,0.3533071982341736,53,64,,False,False,Request timeout: 300.0s exceeded,462,21.16838264042747
335,2026-09-14T02:23:04.374+00:00,2026-09-14T02:27:58.041+00:00,2026-09-14T02:28:04.390+00:00,False,95,94.0,,94.0,293666.193623,300015.365847,300015.365824,3158.0564823578948,0.01877,293666.193623,30122.592576109022,89.972853,67.54438536170213,20.265060322262727,0.3133172853817679,53,64,,False,False,Request timeout: 300.0s exceeded,376,21.16838264042747
336,2026-09-14T02:23:07.455+00:00,2026-09-14T02:28:00.917+00:00,2026-09-14T02:28:07.494+00:00,False,101,100.0,,100.0,293461.48763700004,300038.15221300005,300038.15223700006,2970.674774623763,0.01961,293461.48763700004,29193.97259823522,89.556821,65.76664576,20.627917899367745,0.3332909473759491,53,64,,False,False,Request timeout: 300.0s exceeded,329,21.16838264042747
337,2026-09-14T02:23:10.281+00:00,2026-09-14T02:28:03.841+00:00,2026-09-14T02:28:10.300+00:00,False,95,94.0,,94.0,293559.827381,300018.289589,300018.28966099996,3158.0872595894734,0.01881,293559.827381,30111.560252303098,90.11893599999999,68.70704476595745,20.12386800071354,0.3133142320382272,53,64,,False,False,Request timeout: 300.0s exceeded,450,21.16838264042747
338,2026-09-14T02:23:13.987+00:00,2026-09-14T02:28:07.816+00:00,2026-09-14T02:28:14.709+00:00,False,62,61.0,,61.0,293829.354053,300722.602309,300722.602225,4850.364552016129,0.02589,293829.354053,37303.579219580955,90.31628144999999,113.00406977049181,344.5857449190895,0.20284474639295977,53,64,,False,False,Request timeout: 300.0s exceeded,290,21.16838264042747
339,2026-09-14T02:23:16.428+00:00,2026-09-14T02:28:09.998+00:00,2026-09-14T02:28:16.492+00:00,False,108,107.0,,107.0,293570.384631,300064.798711,300064.798657,2778.3777653425927,0.01531,293570.384631,28244.205318073266,91.98130405,60.69545869158878,264.00031704512384,0.35658964483552896,53,64,,False,False,Request timeout: 300.0s exceeded,453,21.16838264042747
340,2026-09-14T02:23:20.254+00:00,2026-09-14T02:28:15.793+00:00,2026-09-14T02:28:20.281+00:00,False,65,64.0,,64.0,295539.228935,300027.493127,300027.493251,4615.807588476923,0.02389,295539.228935,36648.437415275555,89.34822700000001,70.129128,21.209971069979847,0.21331378445677693,53,64,,False,False,Request timeout: 300.0s exceeded,263,21.16838264042747
341,2026-09-14T02:23:23.480+00:00,2026-09-14T02:28:17.086+00:00,2026-09-14T02:28:23.522+00:00,False,92,91.0,,91.0,293605.858081,300042.339873,300042.33969299996,3261.329779271739,0.03554,293605.858081,30603.15858308419,89.1485181,70.73056914285715,19.30768213658566,0.3032905290583919,53,64,,False,False,Request timeout: 300.0s exceeded,437,21.16838264042747
342,2026-09-14T02:23:27.580+00:00,2026-09-14T02:28:21.232+00:00,2026-09-14T02:28:27.634+00:00,False,92,91.0,,91.0,293651.42458999995,300053.18970999995,300053.18969599996,3261.447714086956,0.01763,293651.42458999995,30607.949637673162,90.72290955,70.34906725274725,20.314382255693726,0.30327956216013263,53,64,,False,False,Request timeout: 300.0s exceeded,314,21.16838264042747
343,2026-09-14T02:23:30.170+00:00,2026-09-14T02:28:23.313+00:00,2026-09-14T02:28:30.184+00:00,False,103,102.0,,102.0,293143.917115,300014.914107,300014.91425100004,2912.7661577766994,0.02178,293143.917115,28877.698163835947,89.99184810000001,67.36271560784313,20.470976339626894,0.3399830981856516,53,64,,False,False,Request timeout: 300.0s exceeded,503,21.16838264042747
344,2026-09-14T02:23:33.204+00:00,2026-09-14T02:28:26.676+00:00,2026-09-14T02:28:33.236+00:00,False,97,96.0,,96.0,293471.56286799995,300032.30475599994,300032.3048379999,3093.116544721649,0.047168999999999996,293471.56286799995,29790.590327876605,88.923418,68.34106133333333,20.111726801293628,0.3199655453037686,53,64,,False,False,Request timeout: 300.0s exceeded,325,21.16838264042747
345,2026-09-14T02:23:35.623+00:00,2026-09-14T02:28:29.585+00:00,2026-09-14T02:28:35.638+00:00,False,85,84.0,,84.0,293962.293036,300015.54845999996,300015.548607,3529.5946894941176,0.05675,293962.293036,31876.877719167675,89.587615,72.06256457142857,20.63140641315359,0.27998548885608654,53,64,,False,False,Request timeout: 300.0s exceeded,410,21.16838264042747
346,2026-09-14T02:23:38.466+00:00,2026-09-14T02:28:32.597+00:00,2026-09-14T02:28:38.517+00:00,False,88,87.0,,87.0,294131.074713,300050.915481,300050.915406,3409.66949325,0.0,294131.074713,31347.297885530683,89.6695147,68.0441467586207,68.27624066640988,0.28995079005352703,53,64,,False,False,Request timeout: 300.0s exceeded,410,21.16838264042747
347,2026-09-14T02:23:41.594+00:00,2026-09-14T02:28:35.384+00:00,2026-09-14T02:28:41.675+00:00,False,97,96.0,,96.0,293789.802157,300080.849581,300080.849587,3093.6170060515465,0.0,293789.802157,29823.253395523476,87.48035540000001,65.531744,65.98579560691567,0.3199137836821106,53,64,,False,False,Request timeout: 300.0s exceeded,469,21.16838264042747
348,2026-09-14T02:23:44.267+00:00,2026-09-14T02:28:38.244+00:00,2026-09-14T02:28:44.283+00:00,False,91,90.0,,90.0,293976.34467699996,300015.44278899994,300015.44282899995,3296.8729981208785,0.06175,293976.34467699996,30810.066541289994,87.4465455,67.10109013333333,19.65370198671914,0.2999845580058916,53,64,,False,False,Request timeout: 300.0s exceeded,416,21.16838264042747
349,2026-09-14T02:23:47.591+00:00,2026-09-14T02:28:41.338+00:00,2026-09-14T02:28:47.638+00:00,False,94,93.0,,93.0,293746.709397,300046.71835700003,300046.71842700004,3191.986366244681,0.135759,293746.709397,30290.67922074746,89.79620064999999,67.74203182795699,20.05679787311981,0.309951731881124,53,64,,False,False,Request timeout: 300.0s exceeded,394,21.16838264042747
350,2026-09-14T02:23:51.479+00:00,2026-09-14T02:28:44.986+00:00,2026-09-14T02:28:51.562+00:00,False,99,98.0,,98.0,293506.990777,300082.965945,300082.96606500004,3031.1410713636365,0.032499,293506.990777,29491.825390774768,88.40497889999999,67.10178742857143,20.273085827726327,0.32657635094809645,53,64,,False,False,Request timeout: 300.0s exceeded,519,21.16838264042747
351,2026-09-14T02:23:54.446+00:00,2026-09-14T02:28:48.066+00:00,2026-09-14T02:28:54.472+00:00,False,96,95.0,,95.0,293620.071223,300025.829431,300025.829591,3125.2690582395835,0.026359999999999998,293620.071223,29960.59808019075,90.068675,67.42903376842105,20.584134648414544,0.3166394046144888,53,64,,False,False,Request timeout: 300.0s exceeded,499,21.16838264042747
352,2026-09-14T02:23:56.992+00:00,2026-09-14T02:28:50.793+00:00,2026-09-14T02:28:57.005+00:00,False,93,92.0,,92.0,293800.297576,300012.793192,300012.793172,3225.9440126021505,0.02852,293800.297576,30458.676293502776,89.79814200000001,67.52712626086957,20.5872277838051,0.30665358973916323,53,64,,False,False,Request timeout: 300.0s exceeded,470,21.16838264042747
353,2026-09-14T02:23:59.697+00:00,2026-09-14T02:28:53.729+00:00,2026-09-14T02:28:59.737+00:00,False,89,88.0,,88.0,294032.17453799996,300040.433866,300040.43375399994,3371.240828696629,0.03302,294032.17453799996,31160.118091404423,89.4785064,68.27567418181819,21.203015301366687,0.2932938033255257,53,64,,False,False,Request timeout: 300.0s exceeded,313,21.16838264042747
354,2026-09-14T02:24:03.648+00:00,2026-09-14T02:28:57.087+00:00,2026-09-14T02:29:03.682+00:00,False,98,97.0,,97.0,293438.254396,300034.06086,300034.060962,3061.572050632653,0.02407,293438.254396,29634.878447919018,89.79664035,67.99800478350515,20.97890658007338,0.3232966274627784,53,64,,False,False,Request timeout: 300.0s exceeded,417,21.16838264042747
355,2026-09-14T02:24:06.154+00:00,2026-09-14T02:28:59.464+00:00,2026-09-14T02:29:06.175+00:00,False,99,98.0,,98.0,293309.90776800003,300021.218104,300021.218301,3030.5173565757577,0.02345,293309.90776800003,29471.87973213498,91.363155,68.48275853061224,21.300536291452485,0.32664356414295026,53,64,,False,False,Request timeout: 300.0s exceeded,473,21.16838264042747
356,2026-09-14T02:24:10.140+00:00,2026-09-14T02:29:03.865+00:00,2026-09-14T02:29:10.176+00:00,False,93,92.0,,92.0,293724.621797,300036.242661,300036.242743,3226.196158526882,0.046579999999999996,293724.621797,30450.717668061978,91.1464356,68.60457460869566,21.048307856310117,0.3066296230883928,53,64,,False,False,Request timeout: 300.0s exceeded,386,21.16838264042747
357,2026-09-14T02:24:12.482+00:00,2026-09-14T02:29:06.510+00:00,2026-09-14T02:29:12.499+00:00,False,90,89.0,,89.0,294028.019698,300016.945138,300016.94531599997,3333.521614622222,0.020149999999999998,294028.019698,30986.188173950577,88.73360144999998,67.29129707865168,20.483904513416014,0.29664991075441527,53,64,,False,False,Request timeout: 300.0s exceeded,394,21.16838264042747
358,2026-09-14T02:24:15.729+00:00,2026-09-14T02:29:09.616+00:00,2026-09-14T02:29:15.794+00:00,False,94,93.0,,93.0,293887.154378,300064.536778,300064.536807,3192.1759234787237,0.03383,293887.154378,30305.300972404635,87.09594115,66.42346666666667,19.997806673944822,0.3099333263390775,53,64,,False,False,Request timeout: 300.0s exceeded,477,21.16838264042747
359,2026-09-14T02:24:19.336+00:00,2026-09-14T02:29:13.007+00:00,2026-09-14T02:29:19.356+00:00,False,99,98.0,,98.0,293670.73311699997,300020.50284499995,300020.502933,3030.510130636363,0.047049999999999995,293670.73311699997,29508.513709501476,88.18959990000002,64.79356865306123,19.696551247130525,0.3266443428722266,53,64,,False,False,Request timeout: 300.0s exceeded,455,21.16838264042747
360,2026-09-14T02:24:23.211+00:00,2026-09-14T02:29:16.953+00:00,2026-09-14T02:29:23.245+00:00,False,91,90.0,,90.0,293742.017749,300034.714837,300034.715005,3297.0847802747253,0.03393,293742.017749,30785.20736682434,90.04209999999999,69.91885653333333,20.18415488628994,0.2999652891796015,53,64,,False,False,Request timeout: 300.0s exceeded,398,21.16838264042747
361,2026-09-14T02:24:26.397+00:00,2026-09-14T02:29:20.133+00:00,2026-09-14T02:29:26.467+00:00,False,89,88.0,,88.0,293735.930364,300069.48198000004,300069.48210400005,3371.567214651686,0.01907,293735.930364,31128.32347725374,90.247734,71.97217745454546,19.705337799011566,0.2932654111285642,53,64,,False,False,Request timeout: 300.0s exceeded,436,21.16838264042747
362,2026-09-14T02:24:29.716+00:00,2026-09-14T02:29:23.492+00:00,2026-09-14T02:29:29.753+00:00,False,90,89.0,,89.0,293775.281873,300037.18958500004,300037.189544,3333.746550488889,0.02604,293775.281873,30959.22334605646,88.2812084,70.35851361797754,19.521124175885742,0.29662989485770547,53,64,,False,False,Request timeout: 300.0s exceeded,349,21.16838264042747
363,2026-09-14T02:24:32.747+00:00,2026-09-14T02:29:26.468+00:00,2026-09-14T02:29:33.064+00:00,False,91,90.0,,90.0,293720.656241,300316.708465,300316.708386,3300.1836086373623,0.028049,293720.656241,30782.671296074415,90.611629,73.28946915555557,62.67855600683811,0.2996836255299093,53,64,,False,False,Request timeout: 300.0s exceeded,368,21.16838264042747
364,2026-09-14T02:24:35.147+00:00,2026-09-14T02:29:28.998+00:00,2026-09-14T02:29:35.183+00:00,False,102,101.0,,101.0,293851.395107,300036.134947,300036.135051,2941.530735794118,0.0,293851.395107,29089.628543696872,89.48568304999999,61.23504792079208,63.226092788394936,0.33662612010997006,53,64,,False,False,Request timeout: 300.0s exceeded,351,21.16838264042747
365,2026-09-14T02:24:39.190+00:00,2026-09-14T02:29:33.253+00:00,2026-09-14T02:29:39.220+00:00,False,93,92.0,,92.0,294063.34054299997,300030.13043099997,300030.130447,3226.130434913978,0.042939,294063.34054299997,30486.229823980113,92.45385519999999,64.85641182608695,21.048435759088484,0.30663586976361323,53,64,,False,False,Request timeout: 300.0s exceeded,442,21.16838264042747
366,2026-09-14T02:24:41.851+00:00,2026-09-14T02:29:35.531+00:00,2026-09-14T02:29:41.914+00:00,False,95,94.0,,94.0,293679.987884,300062.119596,300062.119641,3158.5486278,0.02936,293679.987884,30123.972234459816,89.4683937,67.89501821276596,20.815862655870735,0.3132684662981134,53,64,,False,False,Request timeout: 300.0s exceeded,363,21.16838264042747
367,2026-09-14T02:24:44.204+00:00,2026-09-14T02:29:37.762+00:00,2026-09-14T02:29:44.299+00:00,False,99,98.0,,98.0,293557.827563,300094.88868300006,300094.888724,3031.2615022626264,0.01899,293557.827563,29496.97509842971,89.6077988,66.70470530612245,21.01124123594544,0.326563376104418,53,64,,False,False,Request timeout: 300.0s exceeded,316,21.16838264042747
368,2026-09-14T02:24:48.001+00:00,2026-09-14T02:29:41.646+00:00,2026-09-14T02:29:48.010+00:00,False,101,100.0,,100.0,293644.097645,300008.723053,300008.72316999995,2970.383397722772,0.018170000000000002,293644.097645,29212.35419628179,88.863563,63.64625408,20.96967827352908,0.33332364133403497,53,64,,False,False,Request timeout: 300.0s exceeded,360,21.16838264042747
369,2026-09-14T02:24:50.394+00:00,2026-09-14T02:29:43.860+00:00,2026-09-14T02:29:50.440+00:00,False,102,101.0,,101.0,293465.225214,300045.431038,300045.430833,2941.6218709117643,0.01785,293465.225214,29050.94452579004,91.17310405,65.15055271287129,21.96580183203202,0.33661569066588654,53,64,,False,False,Request timeout: 300.0s exceeded,523,21.16838264042747
370,2026-09-14T02:24:54.075+00:00,2026-09-14T02:29:48.912+00:00,2026-09-14T02:29:54.138+00:00,False,75,74.0,,74.0,294837.167081,300062.877161,300062.877129,4000.8383617199997,0.034978999999999996,294837.167081,34036.715422138644,90.1155287,70.61770378378378,20.509803667070155,0.24661497850097264,53,64,,False,False,Request timeout: 300.0s exceeded,380,21.16838264042747
371,2026-09-14T02:24:57.725+00:00,2026-09-14T02:29:51.583+00:00,2026-09-14T02:29:57.746+00:00,False,89,88.0,,88.0,293858.09014,300020.7551,300020.754931,3371.0197183258424,0.019989999999999997,293858.09014,31141.478478397272,88.967078,70.03028363636363,20.1051992316766,0.29331304086168536,53,64,,False,False,Request timeout: 300.0s exceeded,362,21.16838264042747
372,2026-09-14T02:25:01.410+00:00,2026-09-14T02:29:55.372+00:00,2026-09-14T02:30:01.416+00:00,False,88,87.0,,87.0,293962.345032,300006.595912,300006.59589299996,3409.1658624204542,0.053590000000000006,293962.345032,31329.09217738003,89.73787735,69.47414804597702,20.875768098311855,0.2899936240919165,53,64,,False,False,Request timeout: 300.0s exceeded,358,21.16838264042747
373,2026-09-14T02:25:05.038+00:00,2026-09-14T02:29:58.928+00:00,2026-09-14T02:30:05.046+00:00,False,88,87.0,,87.0,293890.40662699996,300008.61360299995,300008.61371199996,3409.188792181818,0.04391,293890.40662699996,31321.331790215372,87.9375937,70.32421811494254,19.1149108059527,0.28999167375616325,53,64,,False,False,Request timeout: 300.0s exceeded,193,21.16838264042747
374,2026-09-14T02:25:08.847+00:00,2026-09-14T02:30:02.415+00:00,2026-09-14T02:30:08.867+00:00,False,96,95.0,,95.0,293568.00696100004,300019.81393700006,300019.813932,3125.206395125,0.03976,293568.00696100004,29955.23508347516,89.99557550000002,67.91375764210527,20.963442495105696,0.3166457533366402,53,64,,False,False,Request timeout: 300.0s exceeded,310,21.16838264042747
375,2026-09-14T02:25:12.072+00:00,2026-09-14T02:30:05.774+00:00,2026-09-14T02:30:12.081+00:00,False,93,92.0,,92.0,293702.0702,300009.031608,300009.03157600004,3225.9035653333335,0.022350000000000002,293702.0702,30448.38445745226,89.79000460000002,68.55392834782609,21.090122072032667,0.30665743463420037,53,64,,False,False,Request timeout: 300.0s exceeded,463,21.16838264042747
376,2026-09-14T02:25:14.482+00:00,2026-09-14T02:30:08.338+00:00,2026-09-14T02:30:14.519+00:00,False,93,92.0,,92.0,293856.219776,300037.06432,300037.064078,3226.2049900860216,0.0205,293856.219776,30464.51062215049,89.4837946,67.18309286956521,20.275338938342042,0.30662878337550586,53,64,,False,False,Request timeout: 300.0s exceeded,405,21.16838264042747
377,2026-09-14T02:25:17.878+00:00,2026-09-14T02:30:11.491+00:00,2026-09-14T02:30:17.956+00:00,False,98,97.0,,97.0,293613.79392,300078.18304000003,300078.183174,3062.0222772857146,0.02637,293613.79392,29652.746639109722,86.79881434999999,66.64318680412372,19.756007094176365,0.3232490913445381,53,64,,False,False,Request timeout: 300.0s exceeded,301,21.16838264042747
378,2026-09-14T02:25:22.001+00:00,2026-09-14T02:30:15.662+00:00,2026-09-14T02:30:22.056+00:00,False,94,93.0,,93.0,293661.283454,300055.261054,300055.26113600004,3192.0772461276597,0.03138,293661.283454,30281.763757694593,88.559417,68.75244731182796,19.694384416870832,0.30994290742751907,53,64,,False,False,Request timeout: 300.0s exceeded,512,21.16838264042747
379,2026-09-14T02:25:24.734+00:00,2026-09-14T02:30:18.247+00:00,2026-09-14T02:30:24.789+00:00,False,95,94.0,,94.0,293512.60858,300054.992452,300054.99252,3158.473605473684,0.02149,293512.60858,30106.62431065518,89.3258987,69.59982842553191,20.426596653553535,0.31327590729901705,53,64,,False,False,Request timeout: 300.0s exceeded,502,21.16838264042747
380,2026-09-14T02:25:28.325+00:00,2026-09-14T02:30:22.057+00:00,2026-09-14T02:30:28.356+00:00,False,97,96.0,,96.0,293732.085539,300031.206179,300031.206211,3093.105218670103,0.0,293732.085539,29817.383664398974,90.4032216,65.61584,65.54043819934282,0.3199667168711976,53,64,,False,False,Request timeout: 300.0s exceeded,439,21.16838264042747
381,2026-09-14T02:25:31.754+00:00,2026-09-14T02:30:25.809+00:00,2026-09-14T02:30:31.761+00:00,False,96,95.0,,95.0,294055.08806800004,300007.25370000006,300007.25390300003,3125.075561489584,0.0,294055.08806800004,30005.549069138204,92.706016,62.65437507368421,66.06000685464245,0.31665901016845976,53,64,,False,False,Request timeout: 300.0s exceeded,212,21.16838264042747
382,2026-09-14T02:25:34.702+00:00,2026-09-14T02:30:28.706+00:00,2026-09-14T02:30:34.747+00:00,False,94,93.0,,93.0,294003.957358,300045.304686,300045.304815,3191.971327819149,0.03163,294003.957358,30317.50022284546,90.44477445000001,64.96072395698924,21.582875316686845,0.3099531922265049,53,64,,False,False,Request timeout: 300.0s exceeded,466,21.16838264042747
383,2026-09-14T02:25:38.253+00:00,2026-09-14T02:30:31.842+00:00,2026-09-14T02:30:38.280+00:00,False,94,93.0,,93.0,293588.785199,300026.690351,300026.690298,3191.773301042553,0.08184000000000001,293588.785199,30274.237709906698,89.88378660000001,69.22478658064516,20.143944811450634,0.3099724224241506,53,64,,False,False,Request timeout: 300.0s exceeded,442,21.16838264042747
384,2026-09-14T02:25:41.882+00:00,2026-09-14T02:30:35.599+00:00,2026-09-14T02:30:41.941+00:00,False,96,95.0,,95.0,293716.253402,300058.205914,300058.205964,3125.606312125,0.019989999999999997,293716.253402,29970.483285319082,89.92488775000001,66.7573948631579,20.739405771840598,0.3166052390089543,53,64,,False,False,Request timeout: 300.0s exceeded,364,21.16838264042747
385,2026-09-14T02:25:45.457+00:00,2026-09-14T02:30:38.847+00:00,2026-09-14T02:30:45.505+00:00,False,102,101.0,,101.0,293390.041172,300048.4765,300048.476516,2941.6517305490197,0.018940000000000002,293390.041172,29043.422316485798,89.625194,65.92510225742573,20.314666750550312,0.33661227405032335,53,64,,False,False,Request timeout: 300.0s exceeded,439,21.16838264042747
386,2026-09-14T02:25:49.349+00:00,2026-09-14T02:30:42.861+00:00,2026-09-14T02:30:49.359+00:00,False,96,95.0,,95.0,293511.931716,300010.212932,300010.21280800004,3125.106383416667,0.046789000000000004,293511.931716,29949.461968614458,90.00446,68.40296016842106,20.917689694783057,0.31665588671653855,53,64,,False,False,Request timeout: 300.0s exceeded,318,21.16838264042747
387,2026-09-14T02:25:52.659+00:00,2026-09-14T02:30:46.571+00:00,2026-09-14T02:30:52.699+00:00,False,96,95.0,,95.0,293912.528755,300040.153459,300040.153389,3125.41826446875,0.033289,293912.528755,29990.745835132344,89.17884425,64.50131267368421,20.775529027314857,0.3166242881320936,53,64,,False,False,Request timeout: 300.0s exceeded,438,21.16838264042747
388,2026-09-14T02:25:55.616+00:00,2026-09-14T02:30:49.224+00:00,2026-09-14T02:30:55.686+00:00,False,98,97.0,,97.0,293607.936732,300069.706716,300069.706631,3061.935781948979,0.024480000000000002,293607.936732,29652.158211017384,90.05030725,66.61618540206186,20.513888358152126,0.32325822243631325,53,64,,False,False,Request timeout: 300.0s exceeded,485,21.16838264042747
389,2026-09-14T02:25:57.974+00:00,2026-09-14T02:30:51.703+00:00,2026-09-14T02:30:57.986+00:00,False,95,94.0,,94.0,293728.96853899996,300012.064859,300012.064966,3158.02173648421,0.02231,293728.96853899996,30129.105508488592,89.06237300000001,66.84145021276595,20.628257890258,0.31332073276512473,53,64,,False,False,Request timeout: 300.0s exceeded,403,21.16838264042747
390,2026-09-14T02:26:01.753+00:00,2026-09-14T02:30:54.883+00:00,2026-09-14T02:31:01.788+00:00,False,101,100.0,,100.0,293129.84003799997,300035.07063,300035.07062099996,2970.644263574257,0.03644,293129.84003799997,29160.64492323075,90.61700900000001,69.05230592,19.784833435318173,0.33329437052150124,53,64,,False,False,Request timeout: 300.0s exceeded,503,21.16838264042747
391,2026-09-14T02:26:04.793+00:00,2026-09-14T02:30:58.280+00:00,2026-09-14T02:31:04.821+00:00,False,96,95.0,,95.0,293487.464155,300028.126171,300028.12602799997,3125.2929794583333,0.01982,293487.464155,29946.918739123164,88.64868575,68.84907385263159,20.198014944628785,0.3166369807137851,53,64,,False,False,Request timeout: 300.0s exceeded,543,21.16838264042747
392,2026-09-14T02:26:07.789+00:00,2026-09-14T02:31:01.529+00:00,2026-09-14T02:31:07.824+00:00,False,94,93.0,,93.0,293740.80617299996,300035.17724499997,300035.17710599996,3191.863586234042,0.017070000000000002,293740.80617299996,30290.076738957323,87.90172235,67.68140937634408,20.263641284619105,0.3099636544419554,53,64,,False,False,Request timeout: 300.0s exceeded,182,21.16838264042747
393,2026-09-14T02:26:10.362+00:00,2026-09-14T02:31:03.974+00:00,2026-09-14T02:31:10.437+00:00,False,96,95.0,,95.0,293611.872338,300075.406418,300075.406394,3125.785483270833,0.03513,293611.872338,29959.69841889331,87.69519249999999,68.03720084210526,19.378348970918168,0.3165870910049409,53,64,,False,False,Request timeout: 300.0s exceeded,143,21.16838264042747
394,2026-09-14T02:26:13.734+00:00,2026-09-14T02:31:07.172+00:00,2026-09-14T02:31:13.758+00:00,False,99,98.0,,98.0,293437.89676,300023.48370399995,300023.48362799996,3030.5402386666665,0.04839,293437.89676,29484.871596435274,88.1360229,67.1998667755102,20.667669951720896,0.32664109752383846,53,64,,False,False,Request timeout: 300.0s exceeded,413,21.16838264042747
395,2026-09-14T02:26:17.622+00:00,2026-09-14T02:31:11.341+00:00,2026-09-14T02:31:17.702+00:00,False,98,97.0,,97.0,293718.866542,300079.70570999995,300079.70567399997,3062.037813,0.02128,293718.866542,29663.468386315253,87.74360705,65.5756615257732,19.71864042465556,0.32324745110801256,53,64,,False,False,Request timeout: 300.0s exceeded,394,21.16838264042747
396,2026-09-14T02:26:21.328+00:00,2026-09-14T02:31:14.950+00:00,2026-09-14T02:31:21.708+00:00,False,94,93.0,,93.0,293621.805741,300379.965869,300379.96582499996,3195.531551329787,0.0176,293621.805741,30277.35293520705,88.49520065,72.66838847311827,66.03010259433493,0.30960786526142237,53,64,,False,False,Request timeout: 300.0s exceeded,452,21.16838264042747
397,2026-09-14T02:26:23.673+00:00,2026-09-14T02:31:17.441+00:00,2026-09-14T02:31:23.711+00:00,False,101,100.0,,100.0,293768.046554,300038.45449,300038.454557,2970.677767891089,0.0,293768.046554,29224.85207797119,87.965215,62.70407936,67.95036267078241,0.333290611598364,53,64,,False,False,Request timeout: 300.0s exceeded,555,21.16838264042747
398,2026-09-14T02:26:27.807+00:00,2026-09-14T02:31:21.892+00:00,2026-09-14T02:31:27.839+00:00,False,88,87.0,,87.0,294084.95703,300031.367526,300031.367387,3409.4473566704546,0.018659,294084.95703,31342.282180462997,89.08699385,68.34954593103447,20.321539991237223,0.28996968122828287,53,64,,False,False,Request timeout: 300.0s exceeded,343,21.16838264042747
399,2026-09-14T02:26:31.709+00:00,2026-09-14T02:31:25.444+00:00,2026-09-14T02:31:31.724+00:00,False,91,90.0,,90.0,293735.424992,300015.44726399996,300015.447285,3296.873047087912,0.05808,293735.424992,30784.53053344564,89.23960149999999,69.77802524444445,19.41676463604986,0.29998455353135234,53,64,,False,False,Request timeout: 300.0s exceeded,450,21.16838264042747
400,2026-09-14T02:26:35.228+00:00,2026-09-14T02:31:28.558+00:00,2026-09-14T02:31:35.248+00:00,False,96,95.0,,95.0,293330.74729,300020.08412200003,300020.084289,3125.20921134375,0.01709,293330.74729,29930.76381478533,89.84195299999999,70.41407191578946,19.66278106942725,0.3166454681792878,53,64,,False,False,Request timeout: 300.0s exceeded,361,21.16838264042747
401,2026-09-14T02:26:39.345+00:00,2026-09-14T02:31:32.943+00:00,2026-09-14T02:31:39.385+00:00,False,93,92.0,,92.0,293597.93340100005,300040.22383300005,300040.22374200006,3226.2389649677425,0.01824,293597.93340100005,30437.43266250409,89.74759039999999,70.024896,19.915924171564214,0.30662555448300977,53,64,,False,False,Request timeout: 300.0s exceeded,425,21.16838264042747
402,2026-09-14T02:26:42.095+00:00,2026-09-14T02:31:35.509+00:00,2026-09-14T02:31:42.155+00:00,False,100,99.0,,99.0,293413.918141,300060.003773,300060.00366199994,3000.6000366199996,0.018969999999999997,293413.918141,29334.685738664553,89.00127094999998,67.1321781010101,20.57446584394379,0.3299340090487203,53,64,,False,False,Request timeout: 300.0s exceeded,567,21.16838264042747
403,2026-09-14T02:26:45.483+00:00,2026-09-14T02:31:38.698+00:00,2026-09-14T02:31:45.554+00:00,False,106,105.0,,105.0,293215.02534500003,300070.46086500003,300070.46106500004,2830.8534062735853,0.019620000000000002,293215.02534500003,28473.22683121595,88.47497875,65.28986209523809,20.721935572508293,0.34991781496026325,53,64,,False,False,Request timeout: 300.0s exceeded,304,21.16838264042747
404,2026-09-14T02:26:48.820+00:00,2026-09-14T02:31:42.332+00:00,2026-09-14T02:31:48.857+00:00,False,102,101.0,,101.0,293512.071482,300037.08345,300037.083499,2941.5400343039214,0.03481,293512.071482,29055.63604881349,89.12236405,64.60407889108912,20.506375528671235,0.33662505593856457,53,64,,False,False,Request timeout: 300.0s exceeded,455,21.16838264042747
405,2026-09-14T02:26:52.210+00:00,2026-09-14T02:31:45.555+00:00,2026-09-14T02:31:52.238+00:00,False,100,99.0,,99.0,293345.95792799996,300028.30365599995,300028.30362099997,3000.2830362099994,0.03908,293345.95792799996,29327.852935630523,88.69421245000001,67.4984416969697,20.347183211019654,0.32996886891547844,53,64,,False,False,Request timeout: 300.0s exceeded,326,21.16838264042747
406,2026-09-14T02:26:56.493+00:00,2026-09-14T02:31:50.162+00:00,2026-09-14T02:31:56.561+00:00,False,98,97.0,,97.0,293669.482609,300068.660337,300068.660371,3061.9251058265304,0.02186,293669.482609,29658.44059646768,89.18039549999999,65.97090441237114,20.704993297366844,0.3232593496803752,53,64,,False,False,Request timeout: 300.0s exceeded,281,21.16838264042747
407,2026-09-14T02:27:00.113+00:00,2026-09-14T02:31:53.917+00:00,2026-09-14T02:32:00.199+00:00,False,93,92.0,,92.0,293803.96914999996,300086.131838,300086.13201799995,3226.7326023440855,0.0213,293803.96914999996,30458.978783559753,90.70475040000001,68.28437704347826,21.01523537208654,0.306578646059078,53,64,,False,False,Request timeout: 300.0s exceeded,334,21.16838264042747
408,2026-09-14T02:27:03.960+00:00,2026-09-14T02:31:58.007+00:00,2026-09-14T02:32:05.681+00:00,False,76,75.0,,75.0,294046.537572,301720.993892,301720.993781,3970.0130760657894,0.03903,294046.537572,33719.155371936125,90.01772500000001,102.32608426666667,313.9258726060911,0.248574018773271,53,64,,False,False,Request timeout: 300.0s exceeded,350,21.16838264042747
409,2026-09-14T02:27:06.314+00:00,2026-09-14T02:31:59.987+00:00,2026-09-14T02:32:06.339+00:00,False,106,105.0,,105.0,293672.680973,300024.536845,300024.536985,2830.420160235849,0.01526,293672.680973,28519.293435118532,89.32852625,60.49386544761905,258.09945666391434,0.3499713760219737,53,64,,False,False,Request timeout: 300.0s exceeded,446,21.16838264042747
410,2026-09-14T02:27:09.233+00:00,2026-09-14T02:32:05.548+00:00,2026-09-14T02:32:09.249+00:00,False,102,101.0,,101.0,296314.824599,300015.473815,300015.473917,2941.3281756568626,0.01799,296314.824599,29335.935143283037,88.39299805,36.64009124752475,37.3177016389278,0.336649302503244,53,64,,False,False,Request timeout: 300.0s exceeded,339,21.16838264042747
411,2026-09-14T02:27:12.552+00:00,2026-09-14T02:32:06.952+00:00,2026-09-14T02:32:12.561+00:00,False,85,84.0,,84.0,294400.389864,300008.5642,300008.564205,3529.5125200588236,0.0485,294400.389864,31924.97001392627,86.19138019999998,66.76398019047619,19.53684884048239,0.2799920069748462,53,64,,False,False,Request timeout: 300.0s exceeded,345,21.16838264042747
412,2026-09-14T02:27:15.878+00:00,2026-09-14T02:32:09.605+00:00,2026-09-14T02:32:15.901+00:00,False,96,95.0,,95.0,293727.07289,300022.892666,300022.89247900003,3125.2384633229167,0.01617,293727.07289,29971.636744887994,88.94961775,66.27178711578948,20.203918721312665,0.3166425040297128,53,64,,False,False,Request timeout: 300.0s exceeded,470,21.16838264042747
413,2026-09-14T02:27:19.325+00:00,2026-09-14T02:32:13.199+00:00,2026-09-14T02:32:19.393+00:00,False,94,93.0,,93.0,293874.844061,300068.34089299996,300068.34075599996,3192.216391021276,0.0,293874.844061,30304.076000849866,87.893565,66.59674012903226,65.08421569116487,0.3099293971607703,53,64,,False,False,Request timeout: 300.0s exceeded,443,21.16838264042747
414,2026-09-14T02:27:22.961+00:00,2026-09-14T02:32:15.901+00:00,2026-09-14T02:32:23.007+00:00,False,107,106.0,,106.0,292940.861237,300046.214453,300046.21432699997,2804.17022735514,0.0,292940.861237,28313.248304630328,89.3059683,67.03163411320755,61.6695199813465,0.35327891136118333,53,64,,False,False,Request timeout: 300.0s exceeded,424,21.16838264042747
415,2026-09-14T02:27:26.536+00:00,2026-09-14T02:32:20.289+00:00,2026-09-14T02:32:26.578+00:00,False,91,90.0,,90.0,293752.55317699997,300041.26639299997,300041.266341,3297.1567729780218,0.04289,293752.55317699997,30786.316660635468,91.49373200000002,69.87459128888888,20.551886513002042,0.2999587392826033,53,64,,False,False,Request timeout: 300.0s exceeded,440,21.16838264042747
416,2026-09-14T02:27:30.496+00:00,2026-09-14T02:32:24.340+00:00,2026-09-14T02:32:30.530+00:00,False,87,86.0,,86.0,293844.066637,300033.572941,300033.572891,3448.6617573678163,0.088089,293844.066637,31495.68092388257,90.8550906,71.97100353488372,20.057537793582377,0.28663458944613324,53,64,,False,False,Request timeout: 300.0s exceeded,268,21.16838264042747
417,2026-09-14T02:27:34.542+00:00,2026-09-14T02:32:28.257+00:00,2026-09-14T02:32:34.609+00:00,False,93,92.0,,92.0,293715.147474,300067.74293,300067.743016,3226.534871139785,0.02887,293715.147474,30449.68882411282,90.08464359999998,69.04995060869565,20.725084871346663,0.3065974339716409,53,64,,False,False,Request timeout: 300.0s exceeded,123,21.16838264042747
418,2026-09-14T02:27:38.335+00:00,2026-09-14T02:32:32.450+00:00,2026-09-14T02:32:38.344+00:00,False,85,84.0,,84.0,294115.365863,300009.17271099996,300009.172767,3529.5196796117643,0.02018,294115.365863,31893.686051553734,88.5199672,70.16436723809524,19.61790722876748,0.2799914390648233,53,64,,False,False,Request timeout: 300.0s exceeded,408,21.16838264042747
419,2026-09-14T02:27:40.663+00:00,2026-09-14T02:32:34.228+00:00,2026-09-14T02:32:40.678+00:00,False,93,92.0,,92.0,293565.662358,300015.418774,300015.418879,3225.9722460107528,0.018269999999999998,293565.662358,30434.078020285295,89.2772476,70.106048,20.10603505008022,0.30665090606327505,53,64,,False,False,Request timeout: 300.0s exceeded,448,21.16838264042747
420,2026-09-14T02:27:43.322+00:00,2026-09-14T02:32:37.033+00:00,2026-09-14T02:32:43.361+00:00,False,98,97.0,,97.0,293711.921254,300039.89847,300039.898702,3061.6316194081633,0.033,293711.921254,29662.80137739541,88.26526475,65.23687851546391,20.242182509523104,0.32329033736724416,53,64,,False,False,Request timeout: 300.0s exceeded,468,21.16838264042747
421,2026-09-14T02:27:46.745+00:00,2026-09-14T02:32:40.596+00:00,2026-09-14T02:32:46.774+00:00,False,95,94.0,,94.0,293850.689388,300029.141868,300029.141771,3158.201492326316,0.023059999999999997,293850.689388,30141.708051212277,89.4314987,65.72821787234042,20.679271410517487,0.3133028992275557,53,64,,False,False,Request timeout: 300.0s exceeded,429,21.16838264042747
422,2026-09-14T02:27:49.788+00:00,2026-09-14T02:32:43.758+00:00,2026-09-14T02:32:49.864+00:00,False,88,87.0,,87.0,293969.88640200003,300076.20422600006,300076.20424700005,3409.956866443182,0.027420000000000003,293969.88640200003,31329.819549514606,89.40219485,70.1875611954023,20.117633430638843,0.2899263546218301,53,64,,False,False,Request timeout: 300.0s exceeded,468,21.16838264042747
423,2026-09-14T02:27:52.398+00:00,2026-09-14T02:32:46.174+00:00,2026-09-14T02:32:52.421+00:00,False,89,88.0,,88.0,293776.300405,300023.021941,300023.021704,3371.045187685393,0.035859999999999996,293776.300405,31132.70693542373,88.087778,70.985472,19.14151486069412,0.29331082471832887,53,64,,False,False,Request timeout: 300.0s exceeded,436,21.16838264042747
424,2026-09-14T02:27:54.800+00:00,2026-09-14T02:32:48.226+00:00,2026-09-14T02:32:54.847+00:00,False,98,97.0,,97.0,293425.668169,300047.437641,300047.437577,3061.7085467040815,0.01786,293425.668169,29633.57919544254,87.644552,68.26566465979381,19.782574309958875,0.32328221418127323,53,64,,False,False,Request timeout: 300.0s exceeded,209,21.16838264042747
425,2026-09-14T02:27:57.719+00:00,2026-09-14T02:32:51.072+00:00,2026-09-14T02:32:57.790+00:00,False,99,98.0,,98.0,293352.621309,300071.096829,300071.097063,3031.0211824545454,0.033350000000000005,293352.621309,29476.163699006527,87.4239779,68.55587265306123,19.00076132512599,0.32658926846208974,53,64,,False,False,Request timeout: 300.0s exceeded,443,21.16838264042747
426,2026-09-14T02:28:01.110+00:00,2026-09-14T02:32:54.342+00:00,2026-09-14T02:33:01.151+00:00,False,100,99.0,,99.0,293231.73401099996,300041.417211,300041.41712199996,3000.41417122,0.038799999999999994,293231.73401099996,29316.300822311063,87.214529,68.78467878787878,18.676468578245764,0.3299544473567781,53,64,,False,False,Request timeout: 300.0s exceeded,393,21.16838264042747
427,2026-09-14T02:28:03.964+00:00,2026-09-14T02:32:57.870+00:00,2026-09-14T02:33:04.024+00:00,False,91,90.0,,90.0,293906.253473,300059.798689,300059.798709,3297.3604253736266,0.019829999999999997,293906.253473,30802.585959131968,89.90207050000001,68.37272462222222,20.08398532695967,0.2999402132282352,53,64,,False,False,Request timeout: 300.0s exceeded,436,21.16838264042747
428,2026-09-14T02:28:07.384+00:00,2026-09-14T02:33:00.760+00:00,2026-09-14T02:33:07.472+00:00,False,101,100.0,,100.0,293375.23386000004,300087.77709200006,300087.77726600005,2971.166111544555,0.0487,293375.23386000004,29185.254805076278,89.19220200000001,67.12543231999999,20.60037377030218,0.3332358317591265,53,64,,False,False,Request timeout: 300.0s exceeded,330,21.16838264042747
429,2026-09-14T02:28:11.541+00:00,2026-09-14T02:33:04.979+00:00,2026-09-14T02:33:11.573+00:00,False,102,101.0,,101.0,293437.75862599997,300031.690914,300031.690982,2941.4871664901957,0.0,293437.75862599997,29048.281920864483,91.66348205,65.28645829702971,67.94296967436236,0.33663110617521497,53,64,,False,False,Request timeout: 300.0s exceeded,496,21.16838264042747
430,2026-09-14T02:28:14.667+00:00,2026-09-14T02:33:07.210+00:00,2026-09-14T02:33:14.754+00:00,False,126,125.0,,125.0,292542.96030000004,300087.21962800005,300087.21969100006,2381.6446007222225,0.0,292542.96030000004,26056.492349167125,91.54111425,60.354074624,60.99650400875214,0.41654556350302063,53,64,,False,False,Request timeout: 300.0s exceeded,527,21.16838264042747
431,2026-09-14T02:28:17.973+00:00,2026-09-14T02:33:11.437+00:00,2026-09-14T02:33:18.049+00:00,False,113,112.0,,112.0,293464.15427999996,300075.870632,300075.870809,2655.5386797256633,0.051179999999999996,293464.15427999996,27601.239957422564,89.56661500000001,59.03318171428572,21.012387302691284,0.37323894041901134,53,64,,False,False,Request timeout: 300.0s exceeded,539,21.16838264042747
432,2026-09-14T02:28:20.445+00:00,2026-09-14T02:33:16.039+00:00,2026-09-14T02:33:20.472+00:00,False,68,67.0,,67.0,295594.27204799996,300027.807536,300027.80759299995,4412.173641073528,0.042159999999999996,295594.27204799996,35838.05257078116,89.46515205,66.17217146268656,21.514075918359275,0.22331263408629468,53,64,,False,False,Request timeout: 300.0s exceeded,287,21.16838264042747
433,2026-09-14T02:28:24.419+00:00,2026-09-14T02:33:18.053+00:00,2026-09-14T02:33:24.453+00:00,False,90,89.0,,89.0,293633.257379,300033.566371,300033.56620400003,3333.706291155556,0.01762,293633.257379,30944.08840326681,89.56780699999999,71.91358417977528,18.983176471679588,0.29663347696887016,53,64,,False,False,Request timeout: 300.0s exceeded,447,21.16838264042747
434,2026-09-14T02:28:28.604+00:00,2026-09-14T02:33:22.104+00:00,2026-09-14T02:33:28.627+00:00,False,94,93.0,,93.0,293500.527323,300023.225051,300023.22496,3191.736435744681,0.03612,293500.527323,30265.040265111154,89.2321803,70.13653470967742,19.67937432201054,0.30997600263843317,53,64,,False,False,Request timeout: 300.0s exceeded,310,21.16838264042747
435,2026-09-14T02:28:31.535+00:00,2026-09-14T02:33:25.459+00:00,2026-09-14T02:33:31.601+00:00,False,94,93.0,,93.0,293923.99419199995,300066.0565279999,300066.05659199995,3192.192091404255,0.018419,293923.99419199995,30309.139828037336,88.52538815,66.04368103225806,19.91782656170028,0.3099317566141372,53,64,,False,False,Request timeout: 300.0s exceeded,447,21.16838264042747
436,2026-09-14T02:28:34.952+00:00,2026-09-14T02:33:28.289+00:00,2026-09-14T02:33:35.024+00:00,False,106,105.0,,105.0,293336.618155,300072.05623499997,300072.056283,2830.8684555,0.05403,293336.618155,28485.1477465079,88.150849,64.14702933333334,20.412637743805394,0.3499159545791553,53,64,,False,False,Request timeout: 300.0s exceeded,525,21.16838264042747
437,2026-09-14T02:28:38.229+00:00,2026-09-14T02:33:31.761+00:00,2026-09-14T02:33:38.288+00:00,False,100,99.0,,99.0,293532.597274,300059.57481,300059.574732,3000.59574732,0.11773,293532.597274,29346.673283087217,86.26042149999999,65.92906602020201,19.57445596493347,0.3299344807199955,53,64,,False,False,Request timeout: 300.0s exceeded,447,21.16838264042747
438,2026-09-14T02:28:40.541+00:00,2026-09-14T02:33:34.296+00:00,2026-09-14T02:33:40.585+00:00,False,99,98.0,,98.0,293754.391588,300043.85898,300043.859165,3030.746052171717,0.02086,293754.391588,29516.983570658635,86.71370289999999,64.17823869387755,19.73804996484114,0.32661891609163834,53,64,,False,False,Request timeout: 300.0s exceeded,502,21.16838264042747
439,2026-09-14T02:28:42.849+00:00,2026-09-14T02:33:36.622+00:00,2026-09-14T02:33:42.923+00:00,False,101,100.0,,100.0,293773.841409,300074.20569699997,300074.20583399996,2971.031740930693,0.06879,293773.841409,29225.328656788868,90.280879,63.00364288,21.70925369664971,0.33325090294823617,53,64,,False,False,Request timeout: 300.0s exceeded,474,21.16838264042747
440,2026-09-14T02:28:45.373+00:00,2026-09-14T02:33:38.982+00:00,2026-09-14T02:33:45.385+00:00,False,97,96.0,,96.0,293608.683619,300012.209507,300012.209427,3092.9093755360827,0.1778,293608.683619,29804.679820267575,88.635729,66.70339466666667,21.152099988740456,0.31998697705587914,53,64,,False,False,Request timeout: 300.0s exceeded,534,21.16838264042747
441,2026-09-14T02:28:48.225+00:00,2026-09-14T02:33:42.108+00:00,2026-09-14T02:33:48.294+00:00,False,94,93.0,,93.0,293882.470684,300068.919324,300068.919229,3192.2225449893617,0.033960000000000004,293882.470684,30304.80776192795,87.4723588,66.52095311827956,19.890895548068936,0.3099287997221167,53,64,,False,False,Request timeout: 300.0s exceeded,416,21.16838264042747
442,2026-09-14T02:28:51.993+00:00,2026-09-14T02:33:46.110+00:00,2026-09-14T02:33:52.035+00:00,False,92,91.0,,91.0,294116.865982,300042.088638,300042.08851800003,3261.327049108696,0.02195,294116.865982,30657.02054475601,86.3413976,65.11233687912087,19.266838986344776,0.3032907830134167,53,64,,False,False,Request timeout: 300.0s exceeded,429,21.16838264042747
443,2026-09-14T02:28:56.264+00:00,2026-09-14T02:33:49.882+00:00,2026-09-14T02:33:56.315+00:00,False,99,98.0,,98.0,293617.82342900004,300050.814917,300050.814904,3030.8163121616167,0.027030000000000002,293617.82342900004,29503.110657456695,87.681997,65.64277028571428,19.572614134496654,0.3266113442388375,53,64,,False,False,Request timeout: 300.0s exceeded,460,21.16838264042747
444,2026-09-14T02:28:59.693+00:00,2026-09-14T02:33:53.408+00:00,2026-09-14T02:33:59.747+00:00,False,94,93.0,,93.0,293715.70615499996,300054.861611,300054.86164899997,3192.072996265957,0.020399999999999998,293715.70615499996,30287.438066459013,89.0283308,68.16296189247312,20.058097040965304,0.3099433200338142,53,64,,False,False,Request timeout: 300.0s exceeded,457,21.16838264042747
445,2026-09-14T02:29:02.219+00:00,2026-09-14T02:33:55.898+00:00,2026-09-14T02:34:02.239+00:00,False,94,93.0,,93.0,293678.880644,300019.90106,300019.901083,3191.701075351064,0.03868,293678.880644,30283.637440279235,87.9308915,68.18301522580644,19.59919660051153,0.3099794369354226,53,64,,False,False,Request timeout: 300.0s exceeded,430,21.16838264042747
446,2026-09-14T02:29:05.529+00:00,2026-09-14T02:33:59.111+00:00,2026-09-14T02:34:05.860+00:00,False,92,91.0,,91.0,293582.31425199995,300331.07994799997,300331.07991,3264.4682598913037,0.038759999999999996,293582.31425199995,30600.408301342137,89.8772447,74.1622603956044,64.93239482892562,0.30299894375152897,53,64,,False,False,Request timeout: 300.0s exceeded,505,21.16838264042747
447,2026-09-14T02:29:08.606+00:00,2026-09-14T02:34:02.077+00:00,2026-09-14T02:34:08.620+00:00,False,102,101.0,,101.0,293471.29586799996,300014.007932,300014.00788199995,2941.3138027647055,0.0,293471.29586799996,29051.648039664116,88.62464759999999,64.77932736633663,65.8518963229693,0.3366509473880709,53,64,,False,False,Request timeout: 300.0s exceeded,489,21.16838264042747
448,2026-09-14T02:29:12.102+00:00,2026-09-14T02:34:06.038+00:00,2026-09-14T02:34:12.185+00:00,False,88,87.0,,87.0,293935.78252999997,300082.96358599997,300082.96373899997,3410.0336788522723,0.02558,293935.78252999997,31326.134217648356,91.58992,70.65725351724137,20.464178026617788,0.2899198240391508,53,64,,False,False,Request timeout: 300.0s exceeded,481,21.16838264042747
449,2026-09-14T02:29:16.251+00:00,2026-09-14T02:34:09.889+00:00,2026-09-14T02:34:16.262+00:00,False,90,89.0,,89.0,293637.41086400003,300010.79864000005,300010.79865500005,3333.4533183888893,0.02364,293637.41086400003,30944.55883500084,90.84107095000002,71.61109860674158,20.153109487881785,0.29665598839592483,53,64,,False,False,Request timeout: 300.0s exceeded,420,21.16838264042747
450,2026-09-14T02:29:18.763+00:00,2026-09-14T02:34:12.649+00:00,2026-09-14T02:34:18.789+00:00,False,90,89.0,,89.0,293885.665292,300025.554956,300025.55512599996,3333.6172791777776,0.02259,293885.665292,30971.0036757133,90.1602925,68.98752431460674,20.126721074243854,0.2966413978071042,53,64,,False,False,Request timeout: 300.0s exceeded,340,21.16838264042747
451,2026-09-14T02:29:22.559+00:00,2026-09-14T02:34:16.618+00:00,2026-09-14T02:34:22.573+00:00,False,88,87.0,,87.0,294058.654431,300013.869023,300013.868974,3409.248511068182,0.03471,294058.654431,31339.467368437075,87.7319355,68.45074243678161,20.072836614197183,0.28998659389753184,53,64,,False,False,Request timeout: 300.0s exceeded,422,21.16838264042747
452,2026-09-14T02:29:26.025+00:00,2026-09-14T02:34:19.589+00:00,2026-09-14T02:34:26.100+00:00,False,95,94.0,,94.0,293564.112467,300075.245651,300075.245597,3158.686795757895,0.02143,293564.112467,30111.942502765178,89.6448227,69.26737429787234,20.272245640099253,0.3132547631380628,53,64,,False,False,Request timeout: 300.0s exceeded,388,21.16838264042747
453,2026-09-14T02:29:29.401+00:00,2026-09-14T02:34:22.958+00:00,2026-09-14T02:34:29.414+00:00,False,93,92.0,,92.0,293556.709166,300012.868142,300012.868282,3225.9448202365593,0.022779,293556.709166,30433.14205193575,88.523241,70.17564104347827,19.56422256581095,0.3066535131301608,53,64,,False,False,Request timeout: 300.0s exceeded,450,21.16838264042747
454,2026-09-14T02:29:33.452+00:00,2026-09-14T02:34:26.864+00:00,2026-09-14T02:34:33.477+00:00,False,97,96.0,,96.0,293412.172404,300024.331124,300024.331102,3093.034341257732,0.03576,293412.172404,29784.505790591982,88.1276404,68.87665333333332,20.157114381192944,0.3199740489057976,53,64,,False,False,Request timeout: 300.0s exceeded,434,21.16838264042747
455,2026-09-14T02:29:37.218+00:00,2026-09-14T02:34:31.037+00:00,2026-09-14T02:34:37.257+00:00,False,92,91.0,,91.0,293818.95054000005,300038.62183600006,300038.62192500004,3261.2893687500004,0.020399,293818.95054000005,30625.623874390003,88.32298555,68.34803621978023,20.055329714172803,0.30329428739257525,53,64,,False,False,Request timeout: 300.0s exceeded,438,21.16838264042747
456,2026-09-14T02:29:40.878+00:00,2026-09-14T02:34:34.783+00:00,2026-09-14T02:34:40.906+00:00,False,87,86.0,,86.0,293904.823082,300027.458602,300027.458563,3448.5914777356325,0.02259,293904.823082,31502.278029018875,90.1464156,71.19343627906977,20.006417302394333,0.2866404308483074,53,64,,False,False,Request timeout: 300.0s exceeded,376,21.16838264042747
457,2026-09-14T02:29:44.655+00:00,2026-09-14T02:34:38.697+00:00,2026-09-14T02:34:44.736+00:00,False,89,88.0,,88.0,294042.082945,300080.516481,300080.516694,3371.6911988089882,0.02142,294042.082945,31161.13096380705,89.01753200000002,68.61856290909091,19.54799164576483,0.2932546272312612,53,64,,False,False,Request timeout: 300.0s exceeded,417,21.16838264042747
458,2026-09-14T02:29:47.829+00:00,2026-09-14T02:34:41.408+00:00,2026-09-14T02:34:47.902+00:00,False,99,98.0,,98.0,293579.648274,300072.953362,300072.953413,3031.0399334646463,0.02402,293579.648274,29499.211935845804,87.568398,66.25821518367347,19.388365520074526,0.3265872478742708,53,64,,False,False,Request timeout: 300.0s exceeded,372,21.16838264042747
459,2026-09-14T02:29:51.730+00:00,2026-09-14T02:34:45.446+00:00,2026-09-14T02:34:51.769+00:00,False,99,98.0,,98.0,293715.67401099997,300039.18223499996,300039.18215799995,3030.6988096767673,0.02152,293715.67401099997,29513.057607577848,86.93825710000002,64.52559412244898,20.051614808623455,0.3266240071379857,53,64,,False,False,Request timeout: 300.0s exceeded,418,21.16838264042747
460,2026-09-14T02:29:55.100+00:00,2026-09-14T02:34:49.055+00:00,2026-09-14T02:34:55.166+00:00,False,90,89.0,,89.0,293955.726457,300065.98872900003,300065.98858400004,3334.0665398222222,0.038939999999999995,293955.726457,30978.42368820026,87.8611179,68.65463226966291,19.858023793590903,0.296601425496373,53,64,,True,False,Request timeout: 300.0s exceeded,420,21.16838264042747
461,2026-09-14T02:29:58.095+00:00,2026-09-14T02:34:51.974+00:00,2026-09-14T02:34:58.116+00:00,False,90,89.0,,89.0,293879.255311,300021.231631,300021.231502,3333.569238911111,0.02112,293879.255311,30970.32534333447,88.48564895,69.01096988764044,19.828551130574045,0.2966456724284842,53,64,,True,False,Request timeout: 300.0s exceeded,354,21.16838264042747
462,2026-09-14T02:30:00.547+00:00,2026-09-14T02:34:53.848+00:00,2026-09-14T02:35:00.618+00:00,False,103,102.0,,102.0,293300.834444,300070.974092,300070.97423999995,2913.310429514563,0.024390000000000002,293300.834444,28893.256613673086,87.95324199999999,66.37391811764707,19.746505599521928,0.33991958172111447,53,64,,True,False,Request timeout: 300.0s exceeded,440,21.16838264042747
463,2026-09-14T02:30:03.962+00:00,2026-09-14T02:34:57.432+00:00,2026-09-14T02:35:03.993+00:00,False,102,101.0,,101.0,293470.489051,300030.61449099996,300030.614549,2941.47661322549,0.03501,293470.489051,29051.48392579183,87.5284181,64.95173702970297,19.886651300650293,0.33663231391018505,53,64,,True,False,Request timeout: 300.0s exceeded,454,21.16838264042747
464,2026-09-14T02:30:07.768+00:00,2026-09-14T02:35:01.600+00:00,2026-09-14T02:35:07.846+00:00,False,92,91.0,,91.0,293831.866142,300077.303326,300077.303395,3261.7098195108697,0.02137,293831.866142,30626.94090452899,88.91775495,68.63117784615385,20.06359781792069,0.30325519121697386,53,64,,True,False,Request timeout: 300.0s exceeded,377,21.16838264042747
465,2026-09-14T02:30:11.778+00:00,2026-09-14T02:35:05.579+00:00,2026-09-14T02:35:11.846+00:00,False,95,94.0,,94.0,293801.586772,300068.288596,300068.28860800003,3158.613564294737,0.03744,293801.586772,30136.573460276504,87.63135129999999,66.66704068085106,20.007408083551322,0.3132620259202326,53,64,,True,False,Request timeout: 300.0s exceeded,438,21.16838264042747
466,2026-09-14T02:30:15.606+00:00,2026-09-14T02:35:09.140+00:00,2026-09-14T02:35:15.696+00:00,False,99,98.0,,98.0,293534.045989,300090.235685,300090.235525,3031.2145002525253,0.019149999999999997,293534.045989,29494.565060095476,90.14702489999999,66.89989485714285,20.604907271144803,0.3265684395771845,53,64,,True,False,Request timeout: 300.0s exceeded,383,21.16838264042747
467,2026-09-14T02:30:18.762+00:00,2026-09-14T02:35:12.196+00:00,2026-09-14T02:35:18.850+00:00,False,97,96.0,,96.0,293433.739153,300087.232145,300087.232194,3093.6828061237115,0.029079999999999998,293433.739153,29786.651678917216,88.97567599999998,69.30721866666667,19.908563735290816,0.3199069794266138,53,64,,True,False,Request timeout: 300.0s exceeded,444,21.16838264042747
468,2026-09-14T02:30:22.575+00:00,2026-09-14T02:35:16.339+00:00,2026-09-14T02:35:22.643+00:00,False,90,89.0,,89.0,293764.16312,300068.223024,300068.22294899996,3334.0913661,0.031420000000000003,293764.16312,30958.001440216474,88.3149985,70.83213375280899,19.580871192317687,0.2965992170149973,53,64,,True,False,Request timeout: 300.0s exceeded,158,21.16838264042747
469,2026-09-14T02:30:25.961+00:00,2026-09-14T02:35:19.888+00:00,2026-09-14T02:35:26.052+00:00,False,86,85.0,,85.0,293927.216848,300091.423696,300091.423613,3489.435158290698,0.034329,293927.216848,31687.173644076105,89.71164550000002,72.52008056470588,20.84042951415948,0.28324701503668126,53,64,,True,False,Request timeout: 300.0s exceeded,372,21.16838264042747
470,2026-09-14T02:30:29.805+00:00,2026-09-14T02:35:23.763+00:00,2026-09-14T02:35:29.818+00:00,False,90,89.0,,89.0,293957.42864,300012.834464,300012.834304,3333.475936711111,0.027489999999999997,293957.42864,30978.6696039304,88.06440245,68.03826768539327,22.125710456307925,0.2966539753507763,53,64,,True,False,Request timeout: 300.0s exceeded,333,21.16838264042747
471,2026-09-14T02:30:32.578+00:00,2026-09-14T02:35:26.300+00:00,2026-09-14T02:35:32.591+00:00,False,93,92.0,,92.0,293721.788651,300012.806123,300012.805978,3225.9441503010753,0.02047,293721.788651,30450.446208200614,87.5213774,68.38062469565217,19.68936123034533,0.3066535765219356,53,64,,True,False,Request timeout: 300.0s exceeded,417,21.16838264042747
472,2026-09-14T02:30:35.118+00:00,2026-09-14T02:35:29.399+00:00,2026-09-14T02:35:35.175+00:00,False,83,82.0,,82.0,294281.087213,300056.593133,300056.593297,3615.1396782771085,0.03325,294281.087213,32293.820145033485,87.6575951,70.43299902439026,18.798003616248796,0.2732817804261795,53,64,,True,False,Request timeout: 300.0s exceeded,417,21.16838264042747
473,2026-09-14T02:30:37.886+00:00,2026-09-14T02:35:31.485+00:00,2026-09-14T02:35:37.919+00:00,False,95,94.0,,94.0,293599.222665,300033.042313,300033.042411,3158.242551694737,0.07637000000000001,293599.222665,30115.628759682666,87.9786347,68.44488987234043,19.728124528284834,0.3132988262737324,53,64,,True,False,Request timeout: 300.0s exceeded,452,21.16838264042747
474,2026-09-14T02:30:41.752+00:00,2026-09-14T02:35:35.333+00:00,2026-09-14T02:35:41.782+00:00,False,96,95.0,,95.0,293580.768228,300030.01545999997,300030.015471,3125.3126611562498,0.03563,293580.768228,29956.53990557434,89.41969675,67.88681296842105,20.42364326301218,0.31663498685072533,53,64,,True,False,Request timeout: 300.0s exceeded,461,21.16838264042747
475,2026-09-14T02:30:45.126+00:00,2026-09-14T02:35:38.686+00:00,2026-09-14T02:35:45.137+00:00,False,94,93.0,,93.0,293559.39267699997,300010.467493,300010.46750599996,3191.600718148936,0.019829999999999997,293559.39267699997,30271.191741210154,89.13784465,69.36639587096775,20.510899636943293,0.30998918396795583,53,64,,True,False,Request timeout: 300.0s exceeded,434,21.16838264042747
476,2026-09-14T02:30:48.079+00:00,2026-09-14T02:35:41.740+00:00,2026-09-14T02:35:48.161+00:00,False,95,94.0,,94.0,293661.232875,300082.950891,300082.950945,3158.7679046842104,0.038459,293661.232875,30122.005037536914,91.0858437,68.31614910638298,21.154003738795076,0.3132467196849977,53,64,,True,False,Request timeout: 300.0s exceeded,404,21.16838264042747
477,2026-09-14T02:30:51.905+00:00,2026-09-14T02:35:45.789+00:00,2026-09-14T02:35:51.973+00:00,False,90,89.0,,89.0,293883.54229,300068.45365000004,300068.453761,3334.0939306777777,0.02496,293883.54229,30970.726735524513,88.97260145,69.49338606741573,20.38382865369947,0.2965989890553761,53,64,,True,False,Request timeout: 300.0s exceeded,392,21.16838264042747
478,2026-09-14T02:30:55.849+00:00,2026-09-14T02:35:49.362+00:00,2026-09-14T02:35:55.957+00:00,False,95,94.0,,94.0,293512.566047,300108.091423,300108.091372,3159.032540757895,0.03871,293512.566047,30106.560835761604,87.9624627,70.1651635744681,18.701521322819776,0.31322047850921736,53,64,,True,False,Request timeout: 300.0s exceeded,575,21.16838264042747
479,2026-09-14T02:30:59.608+00:00,2026-09-14T02:35:53.307+00:00,2026-09-14T02:35:59.619+00:00,False,94,93.0,,93.0,293699.10859799996,300010.41560599994,300010.41575299995,3191.600167585106,0.02277,293699.10859799996,30285.75692077257,88.37241775000001,67.86351621505376,19.86776402712915,0.3099892375807905,53,64,,True,False,Request timeout: 300.0s exceeded,416,21.16838264042747
480,2026-09-14T02:31:03.078+00:00,2026-09-14T02:35:57.037+00:00,2026-09-14T02:36:03.139+00:00,False,92,91.0,,91.0,293958.460406,300061.14559000003,300061.14566200005,3261.5341919782613,0.02087,293958.460406,30640.303443871177,89.56017804999999,67.06247454945054,21.012646158407943,0.3032715209464051,53,64,,True,False,Request timeout: 300.0s exceeded,317,21.16838264042747
481,2026-09-14T02:31:05.700+00:00,2026-09-14T02:35:59.783+00:00,2026-09-14T02:36:05.732+00:00,False,86,85.0,,85.0,294083.013186,300032.45421,300032.454376,3488.749469488372,0.03571,294083.013186,31704.246151820487,90.84902075,69.9934238117647,21.00011558679083,0.28330268545050946,53,64,,True,False,Request timeout: 300.0s exceeded,309,21.16838264042747
482,2026-09-14T02:31:09.389+00:00,2026-09-14T02:36:03.228+00:00,2026-09-14T02:36:09.438+00:00,False,88,87.0,,87.0,293839.78817400004,300049.16468600003,300049.16472500004,3409.6495991477277,0.02325,293839.78817400004,31315.824347982783,88.5633935,71.37214381609195,19.46170703895899,0.28995248192423756,53,64,,True,False,Request timeout: 300.0s exceeded,396,21.16838264042747
483,2026-09-14T02:31:12.083+00:00,2026-09-14T02:36:05.997+00:00,2026-09-14T02:36:12.119+00:00,False,89,88.0,,88.0,293913.192154,300035.54505,300035.545016,3371.1858990561796,0.02093,293913.192154,31147.36722804789,87.56549900000002,69.572192,19.128100062997564,0.2932985822907585,53,64,,True,False,Request timeout: 300.0s exceeded,384,21.16838264042747
484,2026-09-14T02:31:15.072+00:00,2026-09-14T02:36:08.414+00:00,2026-09-14T02:36:15.108+00:00,False,99,98.0,,98.0,293341.581474,300035.985058,300035.985239,3030.6665175656567,0.038590000000000006,293341.581474,29475.079021131638,87.0602299,68.31024065306123,19.280921784617988,0.3266274876363767,53,64,,True,False,Request timeout: 300.0s exceeded,436,21.16838264042747
485,2026-09-14T02:31:17.678+00:00,2026-09-14T02:36:11.530+00:00,2026-09-14T02:36:17.707+00:00,False,89,88.0,,88.0,293851.34578,300028.133492,300028.133538,3371.1026240224714,0.08109999999999999,293851.34578,31140.74580436557,88.31907199999998,70.19076945454545,18.874113261625386,0.29330582760948465,53,64,,True,False,Request timeout: 300.0s exceeded,331,21.16838264042747
486,2026-09-14T02:31:21.664+00:00,2026-09-14T02:36:15.353+00:00,2026-09-14T02:36:21.751+00:00,False,94,93.0,,93.0,293688.81248799997,300086.97031199996,300086.97032799997,3192.4145779574465,0.06695000000000001,293688.81248799997,30284.598594911196,88.47990250000001,68.79739595698925,19.804098668836236,0.30991015672325944,53,64,,True,False,Request timeout: 300.0s exceeded,345,21.16838264042747
487,2026-09-14T02:31:24.408+00:00,2026-09-14T02:36:18.207+00:00,2026-09-14T02:36:24.414+00:00,False,94,93.0,,93.0,293799.749446,300006.763078,300006.76311,3191.5613096808506,0.03455,293799.749446,30296.253036082653,88.03824045000002,66.74208206451613,20.081531769530606,0.3099930116436093,53,64,,True,False,Request timeout: 300.0s exceeded,375,21.16838264042747
488,2026-09-14T02:31:28.272+00:00,2026-09-14T02:36:22.087+00:00,2026-09-14T02:36:28.313+00:00,False,93,92.0,,92.0,293815.223268,300040.6433,300040.643235,3226.243475645161,0.04122,293815.223268,30460.20935514523,88.1761896,67.66760904347827,20.44788661424166,0.30662512581008056,53,64,,True,False,Request timeout: 300.0s exceeded,379,21.16838264042747
489,2026-09-14T02:31:31.812+00:00,2026-09-14T02:36:25.630+00:00,2026-09-14T02:36:31.834+00:00,False,86,85.0,,85.0,293818.297485,300022.188685,300022.188548,3488.6300993953487,0.02025,293818.297485,31675.376916237565,88.4842915,72.98695529411765,18.719179829001416,0.28331237890289307,53,64,,True,False,Request timeout: 300.0s exceeded,369,21.16838264042747
490,2026-09-14T02:31:34.180+00:00,2026-09-14T02:36:28.098+00:00,2026-09-14T02:36:34.205+00:00,False,87,86.0,,86.0,293918.36762699997,300025.617291,300025.61750399997,3448.5703161379306,0.04038,293918.36762699997,31503.748812711565,88.54520860000001,71.01453097674418,19.153400898361696,0.2866421900120187,53,64,,True,False,Request timeout: 300.0s exceeded,441,21.16838264042747
491,2026-09-14T02:31:36.938+00:00,2026-09-14T02:36:30.727+00:00,2026-09-14T02:36:37.001+00:00,False,92,91.0,,91.0,293789.494574,300063.437102,300063.437169,3261.5590996630435,0.02116,293789.494574,30622.491124474665,88.4568237,68.94442338461539,20.699279836301518,0.30326920493504356,53,64,,True,False,Request timeout: 300.0s exceeded,396,21.16838264042747
492,2026-09-14T02:31:41.069+00:00,2026-09-14T02:36:34.759+00:00,2026-09-14T02:36:41.135+00:00,False,93,92.0,,92.0,293690.62826800003,300066.78698800004,300066.786886,3226.524590172043,0.029939,293690.62826800003,30447.1197728722,88.1808902,69.30607304347826,20.769343327395934,0.30659841071874167,53,64,,True,False,Request timeout: 300.0s exceeded,480,21.16838264042747
493,2026-09-14T02:31:43.721+00:00,2026-09-14T02:36:37.329+00:00,2026-09-14T02:36:43.790+00:00,False,96,95.0,,95.0,293607.963306,300069.168042,300069.168213,3125.72050221875,0.02391,293607.963306,29959.302981974655,91.32031450000001,68.01268143157895,20.91810573302342,0.3165936727851462,53,64,,True,False,Request timeout: 300.0s exceeded,445,21.16838264042747
494,2026-09-14T02:31:47.353+00:00,2026-09-14T02:36:41.218+00:00,2026-09-14T02:36:47.390+00:00,False,90,89.0,,89.0,293864.39770599996,300036.65908199997,300036.659214,3333.740657933333,0.02551,293864.39770599996,30968.724276323213,90.66801300000002,69.35125141573035,21.2481313832442,0.29663041933711276,53,64,,True,False,Request timeout: 300.0s exceeded,427,21.16838264042747
495,2026-09-14T02:31:49.663+00:00,2026-09-14T02:36:43.446+00:00,2026-09-14T02:36:49.726+00:00,False,92,91.0,,91.0,293782.654472,300062.55514400004,300062.55501300003,3261.54951101087,0.02045,293782.654472,30621.771126303687,89.790432,69.0098974945055,20.635627055898624,0.3032700963181797,53,64,,True,False,Request timeout: 300.0s exceeded,438,21.16838264042747
496,2026-09-14T02:31:53.384+00:00,2026-09-14T02:36:47.303+00:00,2026-09-14T02:36:53.422+00:00,False,91,90.0,,90.0,293919.371239,300038.118119,300038.118168,3297.1221776703296,0.02526,293919.371239,30804.001549442542,88.2755935,67.98607644444445,19.995989741453478,0.299961886723688,53,64,,True,False,Request timeout: 300.0s exceeded,358,21.16838264042747
497,2026-09-14T02:31:56.484+00:00,2026-09-14T02:36:50.282+00:00,2026-09-14T02:36:56.550+00:00,False,89,88.0,,88.0,293797.693188,300065.5721,300065.572095,3371.523281966292,0.03984,293797.693188,31134.949023810597,88.53427540000001,71.22589672727274,19.04847332934258,0.29326923240188674,53,64,,True,False,Request timeout: 300.0s exceeded,425,21.16838264042747
498,2026-09-14T02:31:59.546+00:00,2026-09-14T02:36:53.421+00:00,2026-09-14T02:36:59.567+00:00,False,86,85.0,,85.0,293874.38253899995,300020.4919789999,300020.491993,3488.6103720116275,0.02675,293874.38253899995,31681.498313602868,89.57413375,72.30716988235295,19.20699468887195,0.283313981119495,53,64,,True,False,Request timeout: 300.0s exceeded,453,21.16838264042747
499,2026-09-14T02:32:01.857+00:00,2026-09-14T02:36:55.522+00:00,2026-09-14T02:37:01.883+00:00,False,91,90.0,,90.0,293664.919435,300025.833099,300025.833124,3296.987177186813,0.04072,293664.919435,30777.04561900408,89.9009605,70.67681848888888,19.88218464549072,0.29997416912530517,53,64,,True,False,Request timeout: 300.0s exceeded,356,21.16838264042747
500,2026-09-14T02:32:05.566+00:00,2026-09-14T02:36:57.906+00:00,2026-09-14T02:37:05.727+00:00,False,119,118.0,,118.0,292340.48497399996,300160.88228599995,300160.88252299995,2522.3603573361343,0.0228,292340.48497399996,26792.740622812817,88.10717989999999,66.27455349152542,20.37517424144727,0.3931225118387245,53,64,,True,False,Request timeout: 300.0s exceeded,433,21.16838264042747
501,2026-09-14T02:32:08.508+00:00,2026-09-14T02:37:02.143+00:00,2026-09-14T02:37:08.580+00:00,False,106,105.0,,105.0,293634.19261699996,300071.93572099996,300071.93575299997,2830.867318424528,0.0,293634.19261699996,28514.333116679612,89.96308024999999,61.31183908571429,28.643500355425456,0.3499160951113623,53,64,,True,False,Request timeout: 300.0s exceeded,534,21.16838264042747
502,2026-09-14T02:32:12.526+00:00,2026-09-14T02:37:07.187+00:00,2026-09-14T02:37:12.532+00:00,False,83,82.0,,82.0,294661.02680500003,300005.551349,300005.55113700003,3614.5247124939765,0.0,294661.02680500003,32336.103000233314,87.89358209999999,65.17712858536585,22.253778294460783,0.27332827553116984,53,64,,True,False,Request timeout: 300.0s exceeded,379,21.16838264042747
503,2026-09-14T02:32:15.060+00:00,2026-09-14T02:37:08.583+00:00,2026-09-14T02:37:15.068+00:00,False,96,95.0,,95.0,293522.330429,300007.83084500005,300007.83107400005,3125.0815736875,0.037450000000000004,293522.330429,29950.5365729772,88.91021775000002,68.26842543157895,20.270856431700558,0.3166584009904796,53,64,,True,False,Request timeout: 300.0s exceeded,400,21.16838264042747
504,2026-09-14T02:32:18.371+00:00,2026-09-14T02:37:12.356+00:00,2026-09-14T02:37:18.418+00:00,False,96,95.0,,95.0,293984.70260799996,300046.17793599993,300046.17790699995,3125.481019864583,0.021,293984.70260799996,29998.18287290287,88.337616,63.80500345263158,20.421987867910378,0.31661793079151823,53,64,,True,False,Request timeout: 300.0s exceeded,543,21.16838264042747
505,2026-09-14T02:32:21.092+00:00,2026-09-14T02:37:14.770+00:00,2026-09-14T02:37:21.122+00:00,False,100,99.0,,99.0,293677.870376,300029.819176,300029.81918500003,3000.29819185,0.028149999999999998,293677.870376,29361.377953088588,89.27809395,64.16109898989899,20.414708253305143,0.3299672021664145,53,64,,True,False,Request timeout: 300.0s exceeded,371,21.16838264042747
506,2026-09-14T02:32:24.196+00:00,2026-09-14T02:37:18.063+00:00,2026-09-14T02:37:24.223+00:00,False,95,94.0,,94.0,293867.783068,300026.875292,300026.875262,3158.177634336842,0.0217,293867.783068,30143.48258362538,87.79131310000001,65.52225770212766,20.122617102211798,0.3133052660982949,53,64,,True,False,Request timeout: 300.0s exceeded,230,21.16838264042747
507,2026-09-14T02:32:27.807+00:00,2026-09-14T02:37:21.506+00:00,2026-09-14T02:37:27.851+00:00,False,96,95.0,,95.0,293699.465858,300043.884674,300043.88483999996,3125.4571337499997,0.02621,293699.465858,29968.767044081917,88.01875100000001,66.78335595789474,20.41509660718078,0.31662035073042144,53,64,,True,False,Request timeout: 300.0s exceeded,394,21.16838264042747
508,2026-09-14T02:32:31.560+00:00,2026-09-14T02:37:24.928+00:00,2026-09-14T02:37:31.587+00:00,False,97,96.0,,96.0,293367.760121,300026.279929,300026.279881,3093.0544317628865,0.020739999999999998,293367.760121,29779.947238085766,88.6660368,69.35958133333332,19.953724211070565,0.31997197053110815,53,64,,True,False,Request timeout: 300.0s exceeded,128,21.16838264042747
509,2026-09-14T02:32:34.525+00:00,2026-09-14T02:37:28.191+00:00,2026-09-14T02:37:34.553+00:00,False,92,91.0,,91.0,293665.986022,300028.142822,300028.14275,3261.175464673913,0.02466,293665.986022,30609.512224008686,88.78562345,69.91381098901098,18.850511226631923,0.3033048804824562,53,64,,True,False,Request timeout: 300.0s exceeded,385,21.16838264042747
510,2026-09-14T02:32:37.368+00:00,2026-09-14T02:37:31.005+00:00,2026-09-14T02:37:37.412+00:00,False,94,93.0,,93.0,293637.122263,300043.716311,300043.716329,3191.954429031915,0.03409,293637.122263,30279.257065151745,87.158259,68.88810804301076,18.63348741681729,0.3099548330604066,53,64,,True,False,Request timeout: 300.0s exceeded,298,21.16838264042747
511,2026-09-14T02:32:40.900+00:00,2026-09-14T02:37:34.548+00:00,2026-09-14T02:37:40.926+00:00,False,96,95.0,,95.0,293648.486411,300026.430475,300026.430406,3125.2753167291667,0.01973,293648.486411,29963.527468733933,87.68999275,67.13625330526317,19.672783310038184,0.3166387702896594,53,64,,True,False,Request timeout: 300.0s exceeded,364,21.16838264042747
512,2026-09-14T02:32:43.458+00:00,2026-09-14T02:37:37.082+00:00,2026-09-14T02:37:43.521+00:00,False,93,92.0,,92.0,293624.791373,300063.752269,300063.75236600003,3226.4919609247313,0.053770000000000005,293624.791373,30440.221058562485,88.3122082,69.98870539130435,19.291280019419787,0.30660151152653786,53,64,,True,False,Request timeout: 300.0s exceeded,487,21.16838264042747
513,2026-09-14T02:32:47.583+00:00,2026-09-14T02:37:41.402+00:00,2026-09-14T02:37:47.665+00:00,False,90,89.0,,89.0,293819.62230299995,300082.426015,300082.42607399996,3334.2491785999996,0.02503,293819.62230299995,30963.89546158086,88.77967749999999,70.36858103370787,18.340089385554375,0.29658517888532143,53,64,,True,False,Request timeout: 300.0s exceeded,378,21.16838264042747
514,2026-09-14T02:32:51.610+00:00,2026-09-14T02:37:45.401+00:00,2026-09-14T02:37:51.666+00:00,False,94,93.0,,93.0,293791.428019,300056.30174699996,300056.301806,3192.088317085106,0.03818,293791.428019,30295.330364005193,87.14568915,67.3642336344086,19.754735637551622,0.30994183244455,53,64,,True,False,Request timeout: 300.0s exceeded,306,21.16838264042747
515,2026-09-14T02:32:55.020+00:00,2026-09-14T02:37:48.808+00:00,2026-09-14T02:37:55.066+00:00,False,91,90.0,,90.0,293787.99269499996,300045.49387899996,300045.49381699995,3297.2032287582415,0.03658,293787.99269499996,30790.06743999378,89.1283515,69.52779093333334,19.54980411462554,0.2999545130189308,53,64,,True,False,Request timeout: 300.0s exceeded,435,21.16838264042747
516,2026-09-14T02:32:58.662+00:00,2026-09-14T02:37:52.134+00:00,2026-09-14T02:37:58.704+00:00,False,94,93.0,,93.0,293472.06684,300041.627416,300041.62753299996,3191.9322077978723,0.03542,293472.06684,30262.052958444227,90.59585985,70.64043630107527,19.89752615351158,0.3099569909713158,53,64,,True,False,Request timeout: 300.0s exceeded,385,21.16838264042747
517,2026-09-14T02:33:02.859+00:00,2026-09-14T02:37:56.433+00:00,2026-09-14T02:38:02.931+00:00,False,95,94.0,,94.0,293574.17332,300072.194184,300072.194306,3158.6546769052634,0.02368,293574.17332,30112.989164238872,90.06859899999999,69.1278815319149,20.464262665260378,0.3132579486600499,53,64,,True,False,Request timeout: 300.0s exceeded,479,21.16838264042747
518,2026-09-14T02:33:05.412+00:00,2026-09-14T02:37:59.365+00:00,2026-09-14T02:38:05.428+00:00,False,88,87.0,,87.0,293953.1078,300015.56668,300015.566573,3409.2678019659093,0.030549,293953.1078,31328.08455986802,89.2730592,69.68343540229885,19.919472013991804,0.2899849529901066,53,64,,True,False,Request timeout: 300.0s exceeded,302,21.16838264042747
519,2026-09-14T02:33:07.775+00:00,2026-09-14T02:38:01.814+00:00,2026-09-14T02:38:07.860+00:00,False,89,88.0,,88.0,294038.81303799996,300085.228142,300085.22814599995,3371.7441364719098,0.03798,294038.81303799996,31160.77510236406,89.31019959999999,68.70926254545455,20.122947682852093,0.29325002281804585,53,64,,True,False,Request timeout: 300.0s exceeded,398,21.16838264042747
520,2026-09-14T02:33:10.283+00:00,2026-09-14T02:38:03.847+00:00,2026-09-14T02:38:12.745+00:00,False,89,88.0,,88.0,293563.70620899997,302461.35715299996,302461.35712899995,3398.4422149325837,0.047119999999999995,293563.70620899997,31108.531493136205,89.23308139999999,101.10966981818181,313.1704568306056,0.29094625782388867,53,64,,True,False,Request timeout: 300.0s exceeded,387,21.16838264042747
521,2026-09-14T02:33:13.668+00:00,2026-09-14T02:38:07.299+00:00,2026-09-14T02:38:13.723+00:00,False,106,105.0,,105.0,293631.09693400003,300054.313574,300054.31337700004,2830.70106959434,0.01495,293631.09693400003,28515.536574735754,90.015142,61.1734918095238,294.3668768472259,0.3499366456336735,53,64,,True,False,Request timeout: 300.0s exceeded,233,21.16838264042747
522,2026-09-14T02:33:16.113+00:00,2026-09-14T02:38:09.530+00:00,2026-09-14T02:38:16.176+00:00,False,111,110.0,,110.0,293417.446263,300063.40696700005,300063.407067,2703.273937540541,0.01511,293417.446263,27845.648321389242,88.6992425,60.41782458181818,283.63028927486624,0.36658918563867876,53,64,,True,False,Request timeout: 300.0s exceeded,366,21.16838264042747
523,2026-09-14T02:33:19.932+00:00,2026-09-14T02:38:14.040+00:00,2026-09-14T02:38:19.994+00:00,False,92,91.0,,91.0,294108.402723,300061.83043499995,300061.830439,3261.5416352065213,0.027329999999999997,294108.402723,30656.10646977507,87.4077896,65.42228254945054,20.201109860952204,0.30327082877578,53,64,,True,False,Request timeout: 300.0s exceeded,569,21.16838264042747
524,2026-09-14T02:33:23.519+00:00,2026-09-14T02:38:17.334+00:00,2026-09-14T02:38:23.528+00:00,False,92,91.0,,91.0,293814.517181,300008.534461,300008.53450899996,3260.962331619565,0.027370000000000002,293814.517181,30625.190995141053,89.18990939999999,68.06612395604395,19.960692013731702,0.30332470429046965,53,64,,True,False,Request timeout: 300.0s exceeded,394,21.16838264042747
525,2026-09-14T02:33:26.033+00:00,2026-09-14T02:38:19.679+00:00,2026-09-14T02:38:26.039+00:00,False,96,95.0,,95.0,293645.90238700004,300005.543475,300005.543384,3125.057743583334,0.02409,293645.90238700004,29963.28370032355,88.59413599999999,66.9435904,20.127444958244077,0.3166608153289558,53,64,,True,False,Request timeout: 300.0s exceeded,274,21.16838264042747
526,2026-09-14T02:33:30.032+00:00,2026-09-14T02:38:23.790+00:00,2026-09-14T02:38:30.074+00:00,False,96,95.0,,95.0,293757.864518,300042.692934,300042.692924,3125.444717958333,0.039810000000000005,293757.864518,29974.790992467864,87.309866,66.15608858947368,19.87539393863604,0.31662160831524405,53,64,,True,False,Request timeout: 300.0s exceeded,364,21.16838264042747
527,2026-09-14T02:33:32.720+00:00,2026-09-14T02:38:26.296+00:00,2026-09-14T02:38:32.734+00:00,False,99,98.0,,98.0,293576.510919,300014.58144700003,300014.581621,3030.450319404041,0.046119999999999994,293576.510919,29498.954008613513,88.54653289999999,65.6945972244898,20.498892230426936,0.32665078986273366,53,64,,True,False,Request timeout: 300.0s exceeded,404,21.16838264042747
528,2026-09-14T02:33:36.631+00:00,2026-09-14T02:38:30.156+00:00,2026-09-14T02:38:36.699+00:00,False,96,95.0,,95.0,293524.132988,300067.15250799997,300067.152428,3125.699504458333,0.02432,293524.132988,29950.658950098452,89.54684999999999,68.87388968421052,20.565664821421773,0.3165957993268431,53,64,,True,False,Request timeout: 300.0s exceeded,423,21.16838264042747
529,2026-09-14T02:33:39.375+00:00,2026-09-14T02:38:33.644+00:00,2026-09-14T02:38:39.427+00:00,False,83,82.0,,82.0,294269.910334,300052.462398,300052.462419,3615.089908662651,0.2699,294269.910334,32292.584455389304,89.2092561,70.51892760975609,19.75403888006569,0.2732855426169853,53,64,,True,False,Request timeout: 300.0s exceeded,418,21.16838264042747
530,2026-09-14T02:33:43.254+00:00,2026-09-14T02:38:36.778+00:00,2026-09-14T02:38:43.323+00:00,False,99,98.0,,98.0,293523.46730699996,300068.574507,300068.57461199997,3030.9957031515146,0.023280000000000002,293523.46730699996,29493.513052613354,88.65832280000001,66.7868081632653,20.349455825863696,0.32659201371223184,53,64,,True,False,Request timeout: 300.0s exceeded,496,21.16838264042747
531,2026-09-14T02:33:46.130+00:00,2026-09-14T02:38:39.818+00:00,2026-09-14T02:38:46.150+00:00,False,98,97.0,,97.0,293687.40885,300019.39861000003,300019.398676,3061.422435469388,0.024239999999999998,293687.40885,29660.321290279597,85.87229500000001,65.2782449484536,20.56165181800507,0.3233124272943825,53,64,,True,False,Request timeout: 300.0s exceeded,603,21.16838264042747
532,2026-09-14T02:33:49.258+00:00,2026-09-14T02:38:43.194+00:00,2026-09-14T02:38:49.327+00:00,False,94,93.0,,93.0,293935.612805,300068.596357,300068.596301,3192.2191095851063,0.02198,293935.612805,30310.34819674177,87.84728530000001,65.94605969892473,19.812233292057353,0.3099291333017578,53,64,,True,False,Request timeout: 300.0s exceeded,400,21.16838264042747
533,2026-09-14T02:33:52.213+00:00,2026-09-14T02:38:45.680+00:00,2026-09-14T02:38:52.228+00:00,False,100,99.0,,99.0,293466.371534,300014.469582,300014.469583,3000.14469583,0.019359,293466.371534,29340.029265115772,86.93349495000001,66.14240452525253,19.40488136163709,0.32998408422744857,53,64,,True,False,Request timeout: 300.0s exceeded,474,21.16838264042747
534,2026-09-14T02:33:56.277+00:00,2026-09-14T02:38:49.784+00:00,2026-09-14T02:38:56.299+00:00,False,97,96.0,,96.0,293507.960944,300022.38142399996,300022.381435,3093.014241597938,0.023,293507.960944,29794.334673533525,88.93778259999999,67.85854666666667,19.64185482250996,0.3199761282620117,53,64,,True,False,Request timeout: 300.0s exceeded,430,21.16838264042747
535,2026-09-14T02:33:59.705+00:00,2026-09-14T02:38:53.560+00:00,2026-09-14T02:38:59.760+00:00,False,93,92.0,,92.0,293854.686661,300055.27802100003,300055.27807400003,3226.4008395053766,0.019729,293854.686661,30464.329114573968,87.90370019999999,67.39773217391304,19.85539146635301,0.306610170655159,53,64,,True,False,Request timeout: 300.0s exceeded,572,21.16838264042747
536,2026-09-14T02:34:03.180+00:00,2026-09-14T02:38:56.676+00:00,2026-09-14T02:39:03.198+00:00,False,95,94.0,,94.0,293495.907157,300018.35656499997,300018.356622,3158.087964442105,0.040100000000000004,293495.907157,30104.93178624886,87.774988,69.38775965957447,19.272643665847085,0.3133141620940604,53,64,,True,False,Request timeout: 300.0s exceeded,490,21.16838264042747
537,2026-09-14T02:34:07.086+00:00,2026-09-14T02:39:00.659+00:00,2026-09-14T02:39:07.118+00:00,False,99,98.0,,98.0,293573.418932,300031.792052,300031.792071,3030.6241623333335,0.019,293573.418932,29498.622586818576,88.82521700000001,65.90176653061225,20.723961296319366,0.32663205232269227,53,64,,True,False,Request timeout: 300.0s exceeded,146,21.16838264042747
538,2026-09-14T02:34:11.120+00:00,2026-09-14T02:39:04.458+00:00,2026-09-14T02:39:11.138+00:00,False,102,101.0,,101.0,293337.552388,300018.126596,300018.126608,2941.3541824313725,0.02249,293337.552388,29038.203376432135,89.686913,66.14429908910891,20.208191135792546,0.33664632582685616,53,64,,True,False,Request timeout: 300.0s exceeded,375,21.16838264042747
539,2026-09-14T02:34:15.320+00:00,2026-09-14T02:39:08.899+00:00,2026-09-14T02:39:15.403+00:00,False,98,97.0,,97.0,293579.498907,300083.556507,300083.556322,3062.0771053265307,0.0341,293579.498907,29649.24118919029,87.6475885,67.05214020618557,20.025571718069642,0.3232433030622832,53,64,,True,False,Request timeout: 300.0s exceeded,468,21.16838264042747
540,2026-09-14T02:34:19.389+00:00,2026-09-14T02:39:12.965+00:00,2026-09-14T02:39:19.409+00:00,False,95,94.0,,94.0,293576.240491,300020.306795,300020.30670200003,3158.1084916,0.03513,293576.240491,30113.25972373067,88.0481824,68.55389685106383,19.833539629363564,0.31331212544965825,53,64,,True,False,Request timeout: 300.0s exceeded,369,21.16838264042747
541,2026-09-14T02:34:22.675+00:00,2026-09-14T02:39:16.628+00:00,2026-09-14T02:39:22.684+00:00,False,89,88.0,,88.0,293952.289787,300009.007099,300009.007194,3370.887721280899,0.02084,293952.289787,31151.59079035719,87.65131300000002,68.82633309090909,19.392425654045272,0.2933245266564976,53,64,,True,False,Request timeout: 300.0s exceeded,399,21.16838264042747
542,2026-09-14T02:34:26.282+00:00,2026-09-14T02:39:19.981+00:00,2026-09-14T02:39:26.337+00:00,False,95,94.0,,94.0,293699.05116100004,300055.15740100003,300055.157467,3158.475341757895,0.03617,293699.05116100004,30125.955686844154,87.445432,67.61815148936171,19.604516021696057,0.3132757350821883,53,64,,True,False,Request timeout: 300.0s exceeded,500,21.16838264042747
543,2026-09-14T02:34:30.539+00:00,2026-09-14T02:39:23.992+00:00,2026-09-14T02:39:30.570+00:00,False,100,99.0,,99.0,293453.23087699997,300030.73308499996,300030.73301499995,3000.30733015,0.023010000000000003,293453.23087699997,29338.685974406646,88.0652865,66.43941624242424,20.11847539399829,0.3299661970693945,53,64,,True,False,Request timeout: 300.0s exceeded,475,21.16838264042747
544,2026-09-14T02:34:34.473+00:00,2026-09-14T02:39:27.963+00:00,2026-09-14T02:39:34.491+00:00,False,100,99.0,,99.0,293489.914108,300017.494012,300017.493983,3000.17493983,0.01989,293489.914108,29342.404660294924,87.48719349999999,65.93515054545455,20.0256169656548,0.3299807577088829,53,64,,True,False,Request timeout: 300.0s exceeded,475,21.16838264042747
545,2026-09-14T02:34:38.168+00:00,2026-09-14T02:39:31.506+00:00,2026-09-14T02:39:38.233+00:00,False,136,135.0,,135.0,293337.507178,300065.00849,300065.008471,2206.360356404412,0.02088,293337.507178,25149.223338745946,87.406198,49.833343051851855,25.455673072072404,0.44990250839094104,53,64,,True,False,Request timeout: 300.0s exceeded,515,21.16838264042747
0,2026-09-14T02:04:40.945+00:00,2026-09-14T02:04:41.211+00:00,2026-09-14T02:04:46.673+00:00,True,115,115.0,,115.0,265.52718,5727.872652,5727.872589,49.80758773043478,0.04211,265.52718,26.914880954848798,81.105547,47.915311157894735,17.75938924615114,20.077262011026985,54,64,,False,True,,578,21.16838264042747
1,2026-09-14T02:04:44.087+00:00,2026-09-14T02:04:44.221+00:00,2026-09-14T02:04:53.544+00:00,True,156,156.0,,156.0,133.85820800000002,9456.671392,9456.671432,60.61968866666667,0.023850000000000003,133.85820800000002,21.732943093636926,95.98294275,60.14718183225807,20.98410672501174,16.496290664384333,54,64,,False,True,,794,21.16838264042747
2,2026-09-14T02:04:46.818+00:00,2026-09-14T02:04:47.154+00:00,2026-09-14T02:04:53.309+00:00,True,106,106.0,,106.0,335.016764,6490.82502,6490.825122,61.234199264150945,39.740476,335.016764,33.54850178174958,98.91934774999999,58.626745295238095,20.21684472216807,16.33074373032475,54,64,,False,True,,429,21.16838264042747
3,2026-09-14T02:04:51.393+00:00,2026-09-14T02:04:57.023+00:00,2026-09-14T02:05:04.457+00:00,True,113,113.0,,113.0,5630.047836,13064.359004,13064.358957999999,115.61379608849558,40.972674,5630.047836,523.8278202561212,94.31974559999999,66.37777828571429,21.60540100710115,8.649486742166381,54,64,,False,True,,570,21.16838264042747
4,2026-09-14T02:04:54.173+00:00,2026-09-14T02:05:02.169+00:00,2026-09-14T02:05:09.528+00:00,True,116,116.0,,116.0,7995.465321000001,15355.241321000001,15355.241381,132.37277052586208,39.800246,7995.465321000001,736.7219364851458,94.94490725000001,63.998052173913045,21.243817319340483,7.554423768082179,54,64,,False,True,,472,21.16838264042747
5,2026-09-14T02:04:57.401+00:00,2026-09-14T02:05:07.646+00:00,2026-09-14T02:05:15.826+00:00,True,123,123.0,,123.0,10245.16345,18424.935354,18424.935413,149.7962228699187,17.986241999999997,10245.16345,918.0029416600453,94.19069429999999,67.04731068852459,22.483561845533885,6.675735769856964,54,64,,False,True,,265,21.16838264042747
6,2026-09-14T02:05:01.829+00:00,2026-09-14T02:05:15.251+00:00,2026-09-14T02:05:27.378+00:00,True,182,182.0,,182.0,13422.384644,25549.013764,25549.013628,140.37919575824176,20.757846,13422.384644,990.2217700073444,95.58312000000002,66.99795093922653,22.517642668966687,7.123562642423727,54,64,,False,True,,859,21.16838264042747
7,2026-09-14T02:05:06.754+00:00,2026-09-14T02:05:23.903+00:00,2026-09-14T02:05:35.642+00:00,True,175,175.0,,175.0,17149.485209,28887.962265,28887.962183,165.07406961714284,38.983218,17149.485209,1291.4712184288394,96.79412599999999,67.46251181609196,22.31402516573624,6.057886617085001,54,64,,False,True,,821,21.16838264042747
8,2026-09-14T02:05:09.481+00:00,2026-09-14T02:05:28.924+00:00,2026-09-14T02:05:46.889+00:00,True,272,272.0,,272.0,19443.111646,37407.379166,37407.379261,137.52712963602943,0.01791,19443.111646,1175.1858219405885,95.437942,66.28881003690037,26.305488388317137,7.271292618308421,54,64,,False,True,,1198,21.16838264042747
9,2026-09-14T02:05:13.794+00:00,2026-09-14T02:05:35.818+00:00,2026-09-14T02:05:47.638+00:00,True,183,183.0,,183.0,22024.318658,33843.782082,33843.782232,184.93870072131148,0.01727,22024.318658,1623.5212308779255,95.559124,64.94210672527473,27.84010157707076,5.4071970903432085,54,64,,False,True,,817,21.16838264042747
10,2026-09-14T02:05:16.886+00:00,2026-09-14T02:05:42.655+00:00,2026-09-14T02:06:01.358+00:00,True,283,283.0,,283.0,25768.593278,44471.43923,44471.439286,157.14289500353357,39.225488,25768.593278,1527.9948685798827,95.61077790000002,66.32214876595745,21.692117619050798,6.3636348384491,54,64,,False,True,,1409,21.16838264042747
11,2026-09-14T02:05:20.699+00:00,2026-09-14T02:05:47.814+00:00,2026-09-14T02:06:01.356+00:00,True,207,207.0,,207.0,27115.233911,40656.997239,40656.997284,196.41061489855073,40.261385000000004,27115.233911,1880.1961854901806,96.5308279,65.73671518446602,21.834196934648965,5.09137452486128,54,64,,False,True,,856,21.16838264042747
12,2026-09-14T02:05:25.400+00:00,2026-09-14T02:05:56.750+00:00,2026-09-14T02:06:05.057+00:00,True,127,127.0,,127.0,31350.368877,39656.682093,39656.682233,312.25734041732284,38.129749000000004,31350.368877,2776.1319709521376,96.81496859999999,65.92312076190476,21.97853782445266,3.202486776431995,54,64,,False,True,,633,21.16838264042747
13,2026-09-14T02:05:28.485+00:00,2026-09-14T02:06:01.908+00:00,2026-09-14T02:06:21.136+00:00,True,287,287.0,,287.0,33422.680729,52650.752665,52650.752733,183.45210011498258,37.015652,33422.680729,1969.0335618224296,94.977289,67.23102075524476,22.102390539920226,5.451014192068436,54,64,,False,True,,874,21.16838264042747
14,2026-09-14T02:05:33.489+00:00,2026-09-14T02:06:10.897+00:00,2026-09-14T02:06:20.590+00:00,True,146,146.0,,146.0,37407.750222999995,47100.801359,47100.801421,322.60822891095887,38.855109,37407.750222999995,3090.429248656825,94.15029125000001,66.84862852413792,21.495888089133054,3.099734946910885,54,64,,False,True,,491,21.16838264042747
15,2026-09-14T02:05:37.224+00:00,2026-09-14T02:06:17.605+00:00,2026-09-14T02:06:34.502+00:00,True,256,256.0,,256.0,40380.679049000006,57277.17133700001,57277.17131600001,223.73895045312503,0.016489999999999998,40380.679049000006,2519.8642618018084,94.915788,66.26075407058823,32.83658872706644,4.469494460433117,54,64,,False,True,,1024,21.16838264042747
16,2026-09-14T02:05:41.035+00:00,2026-09-14T02:06:23.607+00:00,2026-09-14T02:06:42.103+00:00,True,280,280.0,,280.0,42571.495553,61067.650689,61067.650559,218.09875199642858,0.016460000000000002,42571.495553,2540.3409851473857,94.94343545000001,66.2944628530466,29.38640222071856,4.585078954911161,54,64,,False,True,,1127,21.16838264042747
17,2026-09-14T02:05:44.121+00:00,2026-09-14T02:06:28.674+00:00,2026-09-14T02:06:36.154+00:00,True,114,114.0,,114.0,44552.551779,52032.532067,52032.531968,456.4257190175439,0.016559,44552.551779,4166.735392353534,94.91219115,66.19451582300886,41.64634923867366,2.190937005587336,54,64,,False,True,,445,21.16838264042747
18,2026-09-14T02:05:47.206+00:00,2026-09-14T02:06:34.681+00:00,2026-09-14T02:06:48.449+00:00,True,207,207.0,,207.0,47475.010020999995,61242.30499699999,61242.305029999996,295.8565460386473,7.981143,47475.010020999995,3295.174220543791,95.67388929999998,66.83152900970875,22.732665962258945,3.380016477337685,54,64,,False,True,,1013,21.16838264042747
19,2026-09-14T02:05:51.612+00:00,2026-09-14T02:06:42.590+00:00,2026-09-14T02:06:54.656+00:00,True,184,184.0,,184.0,50978.012741,63044.601157,63044.601259999996,342.63370249999997,12.783463,50978.012741,3753.3569376889855,94.85325300000001,65.93764161748634,22.815434112418576,2.9185687056974907,54,64,,False,True,,409,21.16838264042747
20,2026-09-14T02:05:56.375+00:00,2026-09-14T02:06:50.309+00:00,2026-09-14T02:07:00.566+00:00,True,154,154.0,,154.0,53934.050424,64191.226232,64191.226262000004,416.82614455844157,40.056407,53934.050424,4340.7817207024755,95.39128115,67.04036475816993,21.79317036528908,2.3990817599186065,54,64,,False,True,,638,21.16838264042747
21,2026-09-14T02:06:00.548+00:00,2026-09-14T02:06:58.330+00:00,2026-09-14T02:07:05.756+00:00,True,109,109.0,,109.0,57782.101208,65207.543768,65207.543774,598.2343465504587,41.318262000000004,57782.101208,5527.979186230314,95.70224379999999,68.75409777777777,21.93065561935986,1.6715857353530732,54,64,,False,True,,454,21.16838264042747
22,2026-09-14T02:06:04.481+00:00,2026-09-14T02:07:04.983+00:00,2026-09-14T02:07:23.980+00:00,True,284,284.0,,284.0,60502.204672,79498.674176,79498.674241,279.9249092992958,0.0,60502.204672,3586.2500686171034,95.37721400000002,67.12533393639576,25.151207448190686,3.5723866208291724,54,64,,False,True,,1130,21.16838264042747
23,2026-09-14T02:06:07.331+00:00,2026-09-14T02:07:09.742+00:00,2026-09-14T02:07:29.730+00:00,True,300,300.0,,300.0,62411.180891,82399.294299,82399.29418900001,274.66431396333337,0.017439,62411.180891,3599.617287710718,95.85763289999998,66.8498776187291,34.59173098149342,3.6408078801184685,54,64,,False,True,,1370,21.16838264042747
24,2026-09-14T02:06:11.595+00:00,2026-09-14T02:07:17.313+00:00,2026-09-14T02:07:33.432+00:00,True,246,246.0,,246.0,65717.499645,81836.706813,81836.70658,332.66953894308944,0.01848,65717.499645,4185.967860986576,94.46238775,65.79268231836734,37.56919520934235,3.0059860615129517,54,64,,False,True,,774,21.16838264042747
25,2026-09-14T02:06:14.870+00:00,2026-09-14T02:07:23.231+00:00,2026-09-14T02:07:32.110+00:00,True,137,137.0,,137.0,68361.849052,77240.52066800001,77240.520751,563.799421540146,0.01789,68361.849052,5835.149270273946,96.0713756,65.28435011764707,45.99757836716541,1.7736804311413419,54,64,,False,True,,700,21.16838264042747
26,2026-09-14T02:06:17.691+00:00,2026-09-14T02:07:28.907+00:00,2026-09-14T02:07:41.407+00:00,True,192,192.0,,192.0,71215.699506,83715.992626,83715.992671,436.02079516145835,0.03768,71215.699506,5134.88601122376,93.49485494999999,65.44656083769634,24.63810540306754,2.293468595155495,54,64,,False,True,,936,21.16838264042747
27,2026-09-14T02:06:22.174+00:00,2026-09-14T02:07:36.803+00:00,2026-09-14T02:07:46.322+00:00,True,147,147.0,,147.0,74628.472347,84147.358235,84147.358286,572.4310087482993,38.419539,74628.472347,6149.910734687542,93.20273089999999,65.19784854794521,20.969585382928305,1.7469354128678662,54,64,,False,True,,725,21.16838264042747
28,2026-09-14T02:06:25.141+00:00,2026-09-14T02:07:41.144+00:00,2026-09-14T02:07:53.336+00:00,True,188,188.0,,188.0,76003.09691400001,88194.343506,88194.343332,469.1188475106383,0.0,76003.09691400001,5538.395453263849,93.829363,65.19383204278076,24.671927067159253,2.1316559829850092,54,64,,False,True,,752,21.16838264042747
29,2026-09-14T02:06:28.779+00:00,2026-09-14T02:07:47.740+00:00,2026-09-14T02:08:06.482+00:00,True,286,286.0,,286.0,78961.227037,97703.025693,97703.025719,341.61897104545454,0.0,78961.227037,4665.246927806006,94.02086425000002,65.76069703859649,23.7426066190742,2.927237902525783,54,64,,False,True,,1072,21.16838264042747
30,2026-09-14T02:06:32.693+00:00,2026-09-14T02:07:55.022+00:00,2026-09-14T02:08:03.271+00:00,True,126,126.0,,126.0,82328.642575,90578.32961500001,90578.329633,718.8756320079366,41.597422,82328.642575,7328.568693048963,95.1337615,65.99749632,20.9825387702159,1.3910612012338772,54,64,,False,True,,414,21.16838264042747
31,2026-09-14T02:06:37.245+00:00,2026-09-14T02:08:00.996+00:00,2026-09-14T02:08:18.207+00:00,True,263,263.0,,263.0,83750.92588699999,100962.56467099999,100962.564655,383.8880785361216,0.0,83750.92588699999,5160.315953983034,96.2827859,65.69327780152672,25.63853781291067,2.6049259035467323,54,64,,False,True,,351,21.16838264042747
32,2026-09-14T02:06:40.255+00:00,2026-09-14T02:08:07.401+00:00,2026-09-14T02:08:16.478+00:00,True,142,142.0,,142.0,87146.148882,96223.722514,96223.72247899999,677.631848443662,0.0,87146.148882,7307.793435909327,92.78573254999999,64.37995483687943,28.12107059544341,1.4757275679013544,54,64,,False,True,,567,21.16838264042747
33,2026-09-14T02:06:43.125+00:00,2026-09-14T02:08:12.487+00:00,2026-09-14T02:08:28.164+00:00,True,237,237.0,,237.0,89362.315124,105038.530932,105038.530946,443.20055251476794,0.0,89362.315124,5800.58691897989,95.106469,66.42464325423728,47.727690310050164,2.2563148769990833,54,64,,False,True,,583,21.16838264042747
34,2026-09-14T02:06:47.866+00:00,2026-09-14T02:08:20.333+00:00,2026-09-14T02:08:34.059+00:00,True,209,209.0,,209.0,92467.119877,106193.100037,106193.099988,508.1009568803828,0.015960000000000002,92467.119877,6391.69119870928,96.0991774,65.99028923076924,46.923872570073954,1.968112805136867,54,64,,False,True,,941,21.16838264042747
35,2026-09-14T02:06:51.200+00:00,2026-09-14T02:08:27.562+00:00,2026-09-14T02:08:34.606+00:00,True,106,106.0,,106.0,96362.71568000001,103406.05878400001,103406.05897000001,975.5288582075473,42.008451,96362.71568000001,9353.084535978069,97.013532,67.07945813333333,21.957814441798295,1.0250850022378124,54,64,,False,True,,546,21.16838264042747
36,2026-09-14T02:06:55.736+00:00,2026-09-14T02:08:35.507+00:00,2026-09-14T02:08:54.112+00:00,True,279,279.0,,279.0,99771.121304,118375.941272,118375.941266,424.28652783512547,0.0,99771.121304,5969.182677850702,95.26841900000001,66.92381283453237,24.10844849000472,2.356897837533759,54,64,,False,True,,1368,21.16838264042747
37,2026-09-14T02:06:59.736+00:00,2026-09-14T02:08:42.383+00:00,2026-09-14T02:08:49.769+00:00,True,114,114.0,,114.0,102646.91900200001,110032.822618,110032.82264900001,965.2001986754386,40.960214,102646.91900200001,9607.669807286733,96.66033230000001,65.36197890265487,22.76150011057697,1.0360544907202172,54,64,,False,True,,456,21.16838264042747
38,2026-09-14T02:07:02.901+00:00,2026-09-14T02:08:49.273+00:00,2026-09-14T02:08:58.955+00:00,True,145,145.0,,145.0,106371.607538,116053.822194,116053.82210199999,800.3711869103448,0.0,106371.607538,8828.14847546181,95.15305120000001,67.23760177777777,30.131289869941202,1.249420288438346,54,64,,False,True,,682,21.16838264042747
39,2026-09-14T02:07:06.690+00:00,2026-09-14T02:08:54.926+00:00,2026-09-14T02:09:03.113+00:00,True,125,125.0,,125.0,108235.37248899999,116422.50925699998,116422.509178,931.3800734239999,0.0,108235.37248899999,9675.012201667043,97.02106099999999,66.02529651612903,31.746708868301987,1.073675535751127,54,64,,False,True,,598,21.16838264042747
40,2026-09-14T02:07:09.615+00:00,2026-09-14T02:09:00.923+00:00,2026-09-14T02:09:15.400+00:00,True,217,217.0,,217.0,111308.030676,125784.64098,125784.64091199999,579.6527230967741,31.865253,111308.030676,7551.566323000597,97.15359480000001,67.021344,22.897531905844417,1.7251708818289144,54,64,,False,True,,914,21.16838264042747
41,2026-09-14T02:07:13.501+00:00,2026-09-14T02:09:06.676+00:00,2026-09-14T02:09:14.264+00:00,True,114,114.0,,114.0,113175.75300699999,120763.203887,120763.20386299999,1059.3263496754385,42.203540999999994,113175.75300699999,10593.61610154079,97.74548214999999,67.14558300884956,22.844470838887737,0.943996153883691,54,64,,False,True,,464,21.16838264042747
42,2026-09-14T02:07:16.840+00:00,2026-09-14T02:09:13.747+00:00,2026-09-14T02:09:25.922+00:00,True,181,181.0,,181.0,116907.561633,129082.135201,129082.13536,713.160968839779,0.0,116907.561633,8684.865296950673,96.849485,67.63651982222221,62.27836676300387,1.402207979579484,54,64,,False,True,,628,21.16838264042747
43,2026-09-14T02:07:21.736+00:00,2026-09-14T02:09:22.277+00:00,2026-09-14T02:09:29.535+00:00,True,107,107.0,,107.0,120540.67158400001,127798.28617600001,127798.28628600002,1194.3765073457944,39.011838000000004,120540.67158400001,11646.510119318697,96.02062400000001,68.46806218867926,23.059708848256836,0.8372569241863133,54,64,,False,True,,485,21.16838264042747
44,2026-09-14T02:07:25.003+00:00,2026-09-14T02:09:27.892+00:00,2026-09-14T02:09:45.888+00:00,True,274,274.0,,274.0,122889.28255,140885.460214,140885.460123,514.1805113978103,0.0,122889.28255,7420.085109635448,95.30676100000001,65.9200647032967,28.471571502697618,1.944842282403051,54,64,,False,True,,1052,21.16838264042747
45,2026-09-14T02:07:28.286+00:00,2026-09-14T02:09:32.810+00:00,2026-09-14T02:09:44.573+00:00,True,178,178.0,,178.0,124523.89097499999,136286.934047,136286.93401199998,765.6569326516853,40.496824999999994,124523.89097499999,9328.503239471656,94.678734,66.45787046327683,21.324266835560667,1.3060679752221502,54,64,,False,True,,594,21.16838264042747
46,2026-09-14T02:07:31.400+00:00,2026-09-14T02:09:39.130+00:00,2026-09-14T02:09:52.114+00:00,True,201,201.0,,201.0,127729.78043000001,140714.32852600003,140714.328337,700.0712852587066,0.0,127729.78043000001,9004.834342073487,94.62075,64.92274048,29.955179506205695,1.4284259613466506,54,64,,False,True,,840,21.16838264042747
47,2026-09-14T02:07:36.246+00:00,2026-09-14T02:09:47.373+00:00,2026-09-14T02:09:59.639+00:00,True,183,183.0,,183.0,131127.659828,143393.796404,143393.796452,783.5726582076503,35.726585,131127.659828,9688.27808171884,95.3811552,67.3963548131868,21.905336370598043,1.276205837276341,54,64,,False,True,,745,21.16838264042747
48,2026-09-14T02:07:39.505+00:00,2026-09-14T02:09:52.831+00:00,2026-09-14T02:10:00.728+00:00,True,119,119.0,,119.0,133325.889761,141222.259169,141222.259264,1186.741674487395,38.143260000000005,133325.889761,12215.851601449654,95.5392787,66.91838481355933,23.136280825693646,0.8426433672725295,54,64,,False,True,,527,21.16838264042747
49,2026-09-14T02:07:43.662+00:00,2026-09-14T02:10:00.497+00:00,2026-09-14T02:10:17.516+00:00,True,254,254.0,,254.0,136835.410825,153854.223497,153854.223352,605.7252887874016,0.0,136835.410825,8581.642403630265,96.15987765,67.26803427667984,28.119719931359317,1.6509134050840844,54,64,,False,True,,1194,21.16838264042747
50,2026-09-14T02:07:46.415+00:00,2026-09-14T02:10:05.671+00:00,2026-09-14T02:10:21.584+00:00,True,243,243.0,,243.0,139256.540438,155169.04271,155169.042681,638.5557311975308,0.0,139256.540438,8929.32916040282,97.31299499999999,65.75414161983471,65.06217691334359,1.5660340217097932,54,64,,False,True,,1133,21.16838264042747
51,2026-09-14T02:07:49.825+00:00,2026-09-14T02:10:10.883+00:00,2026-09-14T02:10:24.085+00:00,True,202,202.0,,202.0,141057.68472,154259.767536,154259.767578,763.6622157326732,0.0,141057.68472,9920.418687120997,97.63751,65.6820040597015,71.44545327163314,1.3094794788463475,54,64,,False,True,,1004,21.16838264042747
52,2026-09-14T02:07:54.352+00:00,2026-09-14T02:10:18.454+00:00,2026-09-14T02:10:34.549+00:00,True,253,253.0,,253.0,144101.811034,160197.54761,160197.54744000002,633.1918871146246,0.01602,144101.811034,9055.619906660573,96.38181660000001,63.871970539682536,24.22133970571606,1.5793000815213913,54,64,,False,True,,1078,21.16838264042747
53,2026-09-14T02:07:58.826+00:00,2026-09-14T02:10:27.630+00:00,2026-09-14T02:10:36.144+00:00,True,127,127.0,,127.0,148803.63212999998,157318.18444999997,157318.18431799999,1238.7258607716535,41.696132,148803.63212999998,13198.208070738563,95.881538,67.57581206349207,21.451628202474858,0.8072811191154071,54,64,,False,True,,610,21.16838264042747
54,2026-09-14T02:08:02.584+00:00,2026-09-14T02:10:34.128+00:00,2026-09-14T02:10:43.861+00:00,True,147,147.0,,147.0,151543.503648,161276.35433600002,161276.35446300003,1097.1180575714286,0.0,151543.503648,12493.65166170964,95.979138,66.66336087671233,36.324911150599455,0.9114789369168345,54,64,,False,True,,603,21.16838264042747
55,2026-09-14T02:08:05.417+00:00,2026-09-14T02:10:39.083+00:00,2026-09-14T02:10:48.919+00:00,True,152,152.0,,152.0,153665.976232,163501.821864,163501.822009,1075.669881638158,0.0,153665.976232,12458.72386104325,95.88421604999999,65.13805054304636,35.67290422778501,0.9296532495303499,54,64,,False,True,,746,21.16838264042747
56,2026-09-14T02:08:08.407+00:00,2026-09-14T02:10:44.365+00:00,2026-09-14T02:10:54.200+00:00,True,150,150.0,,150.0,155957.380447,165792.325215,165792.325276,1105.2821685066667,9.280610000000001,155957.380447,12728.497879713614,96.82368790000001,66.00634072483221,22.91272935091846,0.9047463433876058,54,64,,False,True,,664,21.16838264042747
57,2026-09-14T02:08:13.379+00:00,2026-09-14T02:10:53.590+00:00,2026-09-14T02:11:06.082+00:00,True,197,197.0,,197.0,160211.032558,172703.33643,172703.336645,876.6666834771574,37.73208,160211.032558,11410.0408224847,91.72947100000002,63.73624424489796,20.541809359800837,1.1406843901932833,54,64,,False,True,,1101,21.16838264042747
58,2026-09-14T02:08:17.611+00:00,2026-09-14T02:11:00.693+00:00,2026-09-14T02:11:12.614+00:00,True,181,181.0,,181.0,163081.773204,175002.61442,175002.614576,966.8652739005524,0.0,163081.773204,12116.896550532476,94.502731,66.22689564444444,33.63310296311473,1.034270262760798,54,64,,False,True,,611,21.16838264042747
59,2026-09-14T02:08:22.948+00:00,2026-09-14T02:11:08.861+00:00,2026-09-14T02:11:26.141+00:00,True,262,262.0,,262.0,165913.195423,183192.782239,183192.782266,699.2090926183206,0.0,165913.195423,10246.107640492084,95.6543785,66.20531347126438,30.88613293487468,1.4301873512581147,54,64,,False,True,,1246,21.16838264042747
60,2026-09-14T02:08:27.021+00:00,2026-09-14T02:11:17.258+00:00,2026-09-14T02:11:26.505+00:00,True,139,139.0,,139.0,170236.405777,179483.09992100002,179483.09984900002,1291.2453226546763,32.733191,170236.405777,14433.598094591007,96.8272401,67.0050300289855,22.818278058822788,0.7744461738246177,54,64,,False,True,,341,21.16838264042747
61,2026-09-14T02:08:30.539+00:00,2026-09-14T02:11:23.850+00:00,2026-09-14T02:11:34.296+00:00,True,156,156.0,,156.0,173310.9425,183756.653092,183756.653035,1177.9272630448718,0.015449999999999998,173310.9425,13870.839391142696,97.31034,67.39168123870968,84.2833262522676,0.848948853688017,54,64,,False,True,,548,21.16838264042747
62,2026-09-14T02:08:34.849+00:00,2026-09-14T02:11:30.552+00:00,2026-09-14T02:11:41.869+00:00,True,168,168.0,,168.0,175703.021454,187019.904142,187019.904203,1113.2137154940476,41.395612,175703.021454,13550.59245038323,95.57315150000001,67.7657645988024,32.309528019931655,0.8983001075246054,54,64,,False,True,,845,21.16838264042747
63,2026-09-14T02:08:38.492+00:00,2026-09-14T02:11:37.392+00:00,2026-09-14T02:11:51.333+00:00,True,209,209.0,,209.0,178899.984519,192840.89767099998,192840.897848,922.6837217607655,0.0,178899.984519,12370.1778815257,95.70993440000001,67.02362092307692,32.814556003346176,1.0837949964149647,54,64,,False,True,,1043,21.16838264042747
64,2026-09-14T02:08:42.301+00:00,2026-09-14T02:11:43.756+00:00,2026-09-14T02:11:52.457+00:00,True,129,129.0,,129.0,181455.207428,190156.59648399998,190156.596459,1474.0821430930232,40.960023,181455.207428,15970.271117003931,94.546923,67.979602,22.839030885772132,0.6783882462413248,54,64,,False,True,,427,21.16838264042747
65,2026-09-14T02:08:46.833+00:00,2026-09-14T02:11:51.851+00:00,2026-09-14T02:12:07.060+00:00,True,223,223.0,,223.0,185018.23388400002,200227.55894000002,200227.55887,897.881429910314,41.105874,185018.23388400002,12385.170648694288,97.0281589,68.51047322522523,22.918573861256963,1.113732800722122,54,64,,False,True,,997,21.16838264042747
66,2026-09-14T02:08:50.845+00:00,2026-09-14T02:11:59.622+00:00,2026-09-14T02:12:06.601+00:00,True,103,103.0,,103.0,188776.538138,195755.868698,195755.868788,1900.5424154174757,39.551486,188776.538138,18593.97889112122,101.090294,68.42480941176471,24.499610257464678,0.5261655790197637,54,64,,False,True,,467,21.16838264042747
67,2026-09-14T02:08:54.090+00:00,2026-09-14T02:12:05.423+00:00,2026-09-14T02:12:24.256+00:00,True,278,278.0,,278.0,191332.33655500002,210165.61476300002,210165.61483300003,755.9914202625899,0.0,191332.33655500002,11471.316330388421,95.96893315,67.99017403610108,31.516948508379105,1.3227663350805297,54,64,,False,True,,1085,21.16838264042747
68,2026-09-14T02:08:58.261+00:00,2026-09-14T02:12:12.532+00:00,2026-09-14T02:12:25.559+00:00,True,194,194.0,,194.0,194270.828331,207297.268779,207297.268687,1068.5426220979382,0.0,194270.828331,13943.02975549559,94.938557,67.49451009326425,34.7022149857594,0.9358541052792343,54,64,,False,True,,838,21.16838264042747
69,2026-09-14T02:09:02.110+00:00,2026-09-14T02:12:19.735+00:00,2026-09-14T02:12:35.234+00:00,True,233,233.0,,233.0,197624.855278,213124.564974,213124.565042,914.6977040429184,40.083125,197624.855278,12942.475557100664,94.01157799999999,66.80909351724138,21.40799525064622,1.093257363497374,54,64,,False,True,,1302,21.16838264042747
70,2026-09-14T02:09:06.380+00:00,2026-09-14T02:12:26.895+00:00,2026-09-14T02:12:39.808+00:00,True,201,201.0,,201.0,200514.44054699998,213427.082083,213427.08204299997,1061.8262788208954,32.158862,200514.44054699998,14138.660513388835,94.247952,64.56320768,21.519822178539208,0.9417736401504697,54,64,,False,True,,1120,21.16838264042747
71,2026-09-14T02:09:11.011+00:00,2026-09-14T02:12:35.634+00:00,2026-09-14T02:12:53.002+00:00,True,268,268.0,,268.0,204623.489978,221991.56985,221991.569894,828.3267533358209,0.0,204623.489978,12495.635071111454,95.68263235,65.0489882846442,77.51586026781798,1.2072530510103963,54,64,,False,True,,1238,21.16838264042747
72,2026-09-14T02:09:14.619+00:00,2026-09-14T02:12:41.682+00:00,2026-09-14T02:12:58.755+00:00,True,263,263.0,,263.0,207062.153184,224135.157216,224135.157242,852.2249324790874,0.0,207062.153184,12764.220992849667,95.09547900000001,65.16413752671755,78.39821965564266,1.1733991367831054,54,64,,False,True,,935,21.16838264042747
73,2026-09-14T02:09:18.947+00:00,2026-09-14T02:12:50.260+00:00,2026-09-14T02:13:00.095+00:00,True,151,151.0,,151.0,211313.283154,221148.516178,221148.516146,1464.5597095761589,0.0,211313.283154,17191.40400115063,95.6285085,65.56822016,103.37978607763874,0.6827990646722756,54,64,,False,True,,743,21.16838264042747
74,2026-09-14T02:09:23.706+00:00,2026-09-14T02:12:58.108+00:00,2026-09-14T02:13:15.333+00:00,True,259,259.0,,259.0,214401.473656,231626.349432,231626.34953699997,894.3102298725868,29.345049,214401.473656,13318.128597384997,95.9191381,66.76308440310078,21.756607123465933,1.1181802097866946,54,64,,False,True,,1192,21.16838264042747
75,2026-09-14T02:09:26.715+00:00,2026-09-14T02:13:03.285+00:00,2026-09-14T02:13:11.245+00:00,True,121,121.0,,121.0,216570.494049,224529.953889,224529.953854,1855.619453338843,38.009369,216570.494049,19682.20915325829,95.65380799999998,66.328832,22.11015813873779,0.5389035979574391,54,64,,False,True,,696,21.16838264042747
76,2026-09-14T02:09:29.785+00:00,2026-09-14T02:13:08.874+00:00,2026-09-14T02:13:26.841+00:00,True,276,276.0,,276.0,219089.235814,237056.18903,237056.189091,858.8992358369566,34.247966999999996,219089.235814,13183.70727033315,94.89052874999999,65.33437533090908,21.61817475471996,1.1642809290462,54,64,,False,True,,1176,21.16838264042747
77,2026-09-14T02:09:32.697+00:00,2026-09-14T02:13:14.599+00:00,2026-09-14T02:13:21.869+00:00,True,112,112.0,,112.0,221902.750393,229172.175801,229172.17583599998,2046.1801413928572,39.492096,221902.750393,20961.661952599094,93.03956715,65.49031899099099,21.745974619995863,0.4887155240750273,54,64,,False,True,,503,21.16838264042747
78,2026-09-14T02:09:36.524+00:00,2026-09-14T02:13:21.199+00:00,2026-09-14T02:13:34.686+00:00,True,204,204.0,,204.0,224674.54562299998,238161.967831,238161.967904,1167.4606269803921,0.0,224674.54562299998,15725.759464931592,93.80397599999998,66.44050348768472,38.398664489369565,0.8565599363234966,54,64,,False,True,,1070,21.16838264042747
79,2026-09-14T02:09:39.746+00:00,2026-09-14T02:13:26.653+00:00,2026-09-14T02:13:44.458+00:00,True,269,269.0,,269.0,226907.276528,244712.34993599998,244712.34997399998,909.7113381933085,0.0,226907.276528,13830.775080420879,94.5454134,66.43684107462687,35.34124933250938,1.0992497929522234,54,64,,False,True,,1037,21.16838264042747
80,2026-09-14T02:09:44.253+00:00,2026-09-14T02:13:33.837+00:00,2026-09-14T02:13:49.996+00:00,True,241,241.0,,241.0,229583.60052399998,245742.35789999997,245742.357879,1019.6778335228215,37.311201000000004,229583.60052399998,14784.459358218119,97.155583,67.32815573333333,22.192548644304534,0.9807019109748684,54,64,,False,True,,878,21.16838264042747
81,2026-09-14T02:09:48.635+00:00,2026-09-14T02:13:42.792+00:00,2026-09-14T02:13:54.052+00:00,True,166,166.0,,166.0,234156.998058,245416.94737,245416.947354,1478.415345506024,36.989982000000005,234156.998058,18168.8249964297,95.6156995,68.24211704242424,22.54096705751918,0.6763999054626494,54,64,,False,True,,850,21.16838264042747
82,2026-09-14T02:09:51.492+00:00,2026-09-14T02:13:48.400+00:00,2026-09-14T02:14:03.770+00:00,True,233,233.0,,233.0,236908.07282600002,252278.35353000002,252278.353555,1082.7397148283262,38.854327,236908.07282600002,15516.039358362243,95.6922106,66.25120993103448,22.144008304003812,0.923583005595811,54,64,,False,True,,1036,21.16838264042747
83,2026-09-14T02:09:56.066+00:00,2026-09-14T02:13:56.175+00:00,2026-09-14T02:14:15.643+00:00,True,293,293.0,,293.0,240109.419808,259577.704992,259577.705132,885.9307342389079,0.0,240109.419808,14023.496234228447,96.7372516,66.67220953424658,37.20515045731796,1.1287564161530361,54,64,,False,True,,1068,21.16838264042747
84,2026-09-14T02:10:00.233+00:00,2026-09-14T02:14:03.906+00:00,2026-09-14T02:14:21.581+00:00,True,262,262.0,,262.0,243672.857107,261347.390227,261347.390105,997.5091225381678,0.0,243672.857107,15050.024631269265,96.43457005,67.71851770114942,38.44215177256016,1.002497096957552,54,64,,False,True,,1001,21.16838264042747
85,2026-09-14T02:10:03.702+00:00,2026-09-14T02:14:09.949+00:00,2026-09-14T02:14:25.940+00:00,True,240,240.0,,240.0,246247.14977000002,262238.009802,262238.009816,1092.6583742333335,0.0,246247.14977000002,15890.913679304462,95.29991545000001,66.90736415062761,38.879177830192305,0.9151991360108682,54,64,,False,True,,1128,21.16838264042747
86,2026-09-14T02:10:07.602+00:00,2026-09-14T02:14:17.013+00:00,2026-09-14T02:14:23.906+00:00,True,107,107.0,,107.0,249411.449714,256304.33445,256304.33455499998,2395.3676126635514,37.190061,249411.449714,24105.23762108486,95.1868072,65.02721449056604,21.064508931450067,0.41747245605350314,54,64,,False,True,,561,21.16838264042747
87,2026-09-14T02:10:11.428+00:00,2026-09-14T02:14:24.498+00:00,2026-09-14T02:14:40.312+00:00,True,238,238.0,,238.0,253069.907148,268884.724684,268884.724752,1129.7677510588235,0.016829999999999998,253069.907148,16400.034363798968,93.91166034999998,66.72918791561182,95.02916443181857,0.8851376748147501,54,64,,False,True,,524,21.16838264042747
88,2026-09-14T02:10:15.678+00:00,2026-09-14T02:14:31.938+00:00,2026-09-14T02:14:50.208+00:00,True,282,282.0,,282.0,256260.365463,274529.976215,274529.976288,973.5105542127659,0.02052,256260.365463,15256.227425713982,93.30290450000001,65.01640837010676,22.41230029295339,1.02721022996465,54,64,,False,True,,1474,21.16838264042747
89,2026-09-14T02:10:19.625+00:00,2026-09-14T02:14:39.012+00:00,2026-09-14T02:14:45.781+00:00,True,105,105.0,,105.0,259387.179268,266156.14618,266156.146212,2534.8204401142857,39.008418,259387.179268,25307.25415337138,92.16183600000001,65.0862203076923,21.68488242289919,0.39450526131750135,54,64,,False,True,,470,21.16838264042747
90,2026-09-14T02:10:23.167+00:00,2026-09-14T02:14:44.472+00:00,2026-09-14T02:14:58.865+00:00,True,218,218.0,,218.0,261305.300694,275697.930966,275697.931208,1264.6694092110092,33.431739,261305.300694,17693.349815407444,96.0738775,66.32548512442396,22.171425744250882,0.7907204788812306,54,64,,False,True,,868,21.16838264042747
91,2026-09-14T02:10:27.484+00:00,2026-09-14T02:14:52.501+00:00,2026-09-14T02:15:08.293+00:00,True,231,231.0,,231.0,265017.54605899996,280809.68941899994,280809.68927,1215.6263604761903,0.0,265017.54605899996,17432.405304464715,95.344672,68.66149286956522,41.226297470431795,0.8226211868897507,54,64,,False,True,,1033,21.16838264042747
92,2026-09-14T02:10:30.682+00:00,2026-09-14T02:14:58.168+00:00,2026-09-14T02:15:10.677+00:00,True,183,183.0,,183.0,267485.635061,279995.450101,279995.45007900003,1530.029781852459,0.0,267485.635061,19768.075621590306,95.637036,68.73524747252748,44.39005749817778,0.6535820490439691,54,64,,False,True,,739,21.16838264042747
93,2026-09-14T02:10:33.770+00:00,2026-09-14T02:15:02.939+00:00,2026-09-14T02:15:16.049+00:00,True,197,197.0,,197.0,269168.644984,282278.762616,282278.762524,1432.8871194111675,40.320125,269168.644984,19172.71899960472,94.8969196,66.88835526530612,22.118368460218964,0.6978916804591155,54,64,,False,True,,825,21.16838264042747
94,2026-09-14T02:10:38.425+00:00,2026-09-14T02:15:11.563+00:00,2026-09-14T02:15:25.112+00:00,True,202,202.0,,202.0,273137.575759,286686.411343,286686.411412,1419.2396604554456,41.205202,273137.575759,19213.1634325765,96.72541945,67.40714220895522,22.760921555924956,0.7046026320316985,54,64,,False,True,,449,21.16838264042747
95,2026-09-14T02:10:41.906+00:00,2026-09-14T02:15:17.673+00:00,2026-09-14T02:15:33.527+00:00,True,233,233.0,,233.0,275767.650184,291620.763272,291620.76332100003,1251.591258888412,39.13128699999999,275767.650184,18061.67725853912,96.4336056,68.332384,22.87176129474068,0.7989828892350735,54,64,,False,True,,1020,21.16838264042747
96,2026-09-14T02:10:45.003+00:00,2026-09-14T02:15:22.667+00:00,2026-09-14T02:15:30.527+00:00,True,116,116.0,,116.0,277663.71786000003,285523.185124,285523.18509200006,2461.406768034483,32.011912,277663.71786000003,25774.094475839003,97.254874,68.34319359999999,23.903870154667686,0.4062717356897735,54,64,,False,True,,730,21.16838264042747
97,2026-09-14T02:10:48.826+00:00,2026-09-14T02:15:30.530+00:00,2026-09-14T02:15:47.102+00:00,True,246,246.0,,246.0,281703.72145899996,298276.517107,298276.51729,1212.5061678455284,31.388433,281703.72145899996,17956.473759603297,95.39446050000001,67.64406386938776,21.907237973818134,0.8247380732012269,54,64,,False,True,,1413,21.16838264042747
98,2026-09-14T02:10:53.133+00:00,2026-09-14T02:15:38.091+00:00,2026-09-14T02:15:53.187+00:00,False,233,232.0,,232.0,284957.404362,300053.828042,300053.828059,1287.7846697811158,0.0,284957.404362,18663.96462505841,95.55734719999998,65.07079172413793,42.1091540326793,0.7731946014950551,54,64,,False,False,Request timeout: 300.0s exceeded,1088,21.16838264042747
99,2026-09-14T02:10:56.784+00:00,2026-09-14T02:15:44.388+00:00,2026-09-14T02:15:56.842+00:00,False,189,188.0,,188.0,287603.74035399995,300057.942466,300057.94248299993,1587.608161285714,0.0,287603.74035399995,20915.324242530867,94.9633364,66.24575591489362,45.439650753631845,0.6265456546656903,54,64,,False,False,Request timeout: 300.0s exceeded,805,21.16838264042747
100,2026-09-14T02:11:01.801+00:00,2026-09-14T02:15:53.881+00:00,2026-09-14T02:16:01.828+00:00,False,112,111.0,,111.0,292079.473206,300026.254134,300026.254165,2678.8058407589288,0.024679,292079.473206,27592.159222855604,92.19863445000001,71.59262097297298,21.16970521104671,0.36996762273485684,54,64,,False,False,Request timeout: 300.0s exceeded,294,21.16838264042747
101,2026-09-14T02:11:06.051+00:00,2026-09-14T02:15:59.203+00:00,2026-09-14T02:16:06.066+00:00,False,99,98.0,,98.0,293151.59836799995,300014.0513599999,300014.0515209999,3030.4449648585855,0.04377,293151.59836799995,29455.813847135407,91.5870577,70.02503053061224,21.031009543783213,0.32665136701349207,54,64,,False,False,Request timeout: 300.0s exceeded,452,21.16838264042747
102,2026-09-14T02:11:09.034+00:00,2026-09-14T02:16:02.389+00:00,2026-09-14T02:16:09.054+00:00,False,100,99.0,,99.0,293354.585411,300019.408963,300019.408984,3000.1940898400003,0.04072,293354.585411,29328.73341596701,88.9748295,67.32145002020202,20.395353411311806,0.3299786515218728,54,64,,False,False,Request timeout: 300.0s exceeded,464,21.16838264042747
103,2026-09-14T02:11:13.029+00:00,2026-09-14T02:16:06.926+00:00,2026-09-14T02:16:13.058+00:00,False,90,89.0,,89.0,293896.742787,300029.36768300005,300029.36773600004,3333.659641511111,0.03498,293896.742787,30972.179999258922,88.89123705,68.90589770786517,20.202775353920153,0.2966376281339036,54,64,,False,False,Request timeout: 300.0s exceeded,288,21.16838264042747
104,2026-09-14T02:11:16.529+00:00,2026-09-14T02:16:10.531+00:00,2026-09-14T02:16:16.609+00:00,False,92,91.0,,91.0,294001.267113,300079.53578499996,300079.53594699997,3261.7340863804347,0.02846,294001.267113,30644.79364083427,88.01154355,66.79416123076923,19.979818142594116,0.3032529351325023,54,64,,False,False,Request timeout: 300.0s exceeded,366,21.16838264042747
105,2026-09-14T02:11:20.562+00:00,2026-09-14T02:16:14.362+00:00,2026-09-14T02:16:20.621+00:00,False,93,92.0,,92.0,293800.24651200004,300059.422192,300059.42210400006,3226.445398967742,0.0268,293800.24651200004,30458.617879916615,88.1686892,68.03451826086956,19.818283796336434,0.30660593601067343,54,64,,False,False,Request timeout: 300.0s exceeded,393,21.16838264042747
106,2026-09-14T02:11:24.854+00:00,2026-09-14T02:16:18.209+00:00,2026-09-14T02:16:24.874+00:00,False,99,98.0,,98.0,293355.716694,300020.544342,300020.544457,3030.5105500707073,0.04183,293355.716694,29476.53029625099,89.1940659,68.0084453877551,19.739966176439523,0.3266442976927862,54,64,,False,False,Request timeout: 300.0s exceeded,446,21.16838264042747
107,2026-09-14T02:11:28.708+00:00,2026-09-14T02:16:22.991+00:00,2026-09-14T02:16:28.781+00:00,False,92,91.0,,91.0,294283.032816,300072.974576,300072.974513,3261.662766445652,0.0726,294283.032816,30674.500706440038,89.101893,63.62573362637362,20.942291835472474,0.30325956587254166,54,64,,False,False,Request timeout: 300.0s exceeded,353,21.16838264042747
108,2026-09-14T02:11:31.821+00:00,2026-09-14T02:16:26.063+00:00,2026-09-14T02:16:32.754+00:00,False,82,81.0,,81.0,294241.144499,300932.097203,300932.097335,3669.903626036585,0.02994,294241.144499,32484.81319193362,90.21566625,82.60435437037037,169.4887546622051,0.26916371085986146,54,64,,False,False,Request timeout: 300.0s exceeded,375,21.16838264042747
109,2026-09-14T02:11:34.991+00:00,2026-09-14T02:16:29.109+00:00,2026-09-14T02:16:35.051+00:00,False,100,99.0,,99.0,294118.194338,300059.828642,300059.82869399997,3000.5982869399995,0.01788,294118.194338,29406.248642470535,89.05308640000001,60.01650812121213,159.99473251881776,0.32993420161589326,54,64,,False,False,Request timeout: 300.0s exceeded,334,21.16838264042747
110,2026-09-14T02:11:38.569+00:00,2026-09-14T02:16:33.923+00:00,2026-09-14T02:16:38.578+00:00,False,68,67.0,,67.0,295353.73211000004,300008.771598,300008.77180900006,4411.89370307353,0.022359999999999998,295353.73211000004,35808.481214885534,87.93027000000002,69.47820131343285,20.308061034555116,0.22332680355685525,54,64,,False,False,Request timeout: 300.0s exceeded,349,21.16838264042747
111,2026-09-14T02:11:43.210+00:00,2026-09-14T02:16:36.643+00:00,2026-09-14T02:16:43.250+00:00,False,101,100.0,,100.0,293433.015536,300040.21041600005,300040.210283,2970.695151316832,0.0,293433.015536,29191.169999031667,89.29162099999999,66.0719488,63.35982672110104,0.3332886610809661,54,64,,False,False,Request timeout: 300.0s exceeded,441,21.16838264042747
112,2026-09-14T02:11:48.024+00:00,2026-09-14T02:16:41.849+00:00,2026-09-14T02:16:48.103+00:00,False,100,99.0,,99.0,293824.679204,300079.35261199996,300079.352486,3000.7935248599997,0.0,293824.679204,29376.218594773276,90.78906140000001,63.17851927272727,63.77426549172938,0.329912735209097,54,64,,False,False,Request timeout: 300.0s exceeded,442,21.16838264042747
113,2026-09-14T02:11:51.839+00:00,2026-09-14T02:16:45.025+00:00,2026-09-14T02:16:51.934+00:00,False,101,100.0,,100.0,293185.531102,300094.65673399996,300094.65687799995,2971.2342265148513,0.02562,293185.531102,29166.182835746895,89.61611,69.09125632,20.258107546634488,0.33322819235878204,54,64,,False,False,Request timeout: 300.0s exceeded,491,21.16838264042747
114,2026-09-14T02:11:56.751+00:00,2026-09-14T02:16:50.415+00:00,2026-09-14T02:16:56.778+00:00,False,92,91.0,,91.0,293664.099766,300026.311862,300026.311794,3261.155562978261,0.024149999999999998,293664.099766,30609.316506241645,90.40677050000001,69.91441863736264,20.428510794596765,0.30330673145046133,54,64,,False,False,Request timeout: 300.0s exceeded,344,21.16838264042747
115,2026-09-14T02:11:59.995+00:00,2026-09-14T02:16:53.789+00:00,2026-09-14T02:17:00.024+00:00,False,90,89.0,,89.0,293793.888802,300029.542178,300029.54220499995,3333.661580055555,0.023239999999999997,293793.888802,30961.21620084784,90.28178670000001,70.06352107865168,20.180175071288705,0.2966374556116162,54,64,,False,False,Request timeout: 300.0s exceeded,404,21.16838264042747
116,2026-09-14T02:12:03.660+00:00,2026-09-14T02:16:57.612+00:00,2026-09-14T02:17:03.714+00:00,False,93,92.0,,92.0,293952.153504,300054.265504,300054.265609,3226.389952784946,0.019919,293952.153504,30474.547188292352,88.879215,66.32730434782609,20.219689814867756,0.3066112052947088,54,64,,False,False,Request timeout: 300.0s exceeded,378,21.16838264042747
117,2026-09-14T02:12:08.252+00:00,2026-09-14T02:17:01.919+00:00,2026-09-14T02:17:08.273+00:00,False,94,93.0,,93.0,293666.672558,300021.137326,300021.137347,3191.7142270957447,0.040060000000000005,293666.672558,30282.36361969027,89.49460205000001,68.32757815053763,19.997474275594882,0.3099781596352897,54,64,,False,False,Request timeout: 300.0s exceeded,419,21.16838264042747
118,2026-09-14T02:12:12.600+00:00,2026-09-14T02:17:06.678+00:00,2026-09-14T02:17:12.675+00:00,False,87,86.0,,86.0,294078.361447,300075.796327,300075.796462,3449.147085770115,0.02268,294078.361447,31521.03928901326,89.1715009,69.73761488372094,19.875079790626316,0.28659425735984273,54,64,,False,False,Request timeout: 300.0s exceeded,166,21.16838264042747
119,2026-09-14T02:12:16.126+00:00,2026-09-14T02:17:10.393+00:00,2026-09-14T02:17:16.154+00:00,False,83,82.0,,82.0,294266.98815600004,300028.251516,300028.251332,3614.7982088192775,0.037950000000000005,294266.98815600004,32292.292356986138,89.3017179,70.25930926829268,20.00912270876763,0.27330759548697725,54,64,,False,False,Request timeout: 300.0s exceeded,337,21.16838264042747
120,2026-09-14T02:12:20.992+00:00,2026-09-14T02:17:14.654+00:00,2026-09-14T02:17:21.051+00:00,False,96,95.0,,95.0,293661.596593,300058.683057,300058.683083,3125.6112821145834,0.05055,293661.596593,29964.845757621715,90.91119050000002,67.33775225263157,20.871319360308107,0.31660473555419,54,64,,False,False,Request timeout: 300.0s exceeded,409,21.16838264042747
121,2026-09-14T02:12:24.615+00:00,2026-09-14T02:17:18.109+00:00,2026-09-14T02:17:24.642+00:00,False,96,95.0,,95.0,293494.091615,300027.112287,300027.112419,3125.2824210312497,0.02314,293494.091615,29947.60332391922,90.19707875,68.76863865263158,20.14331635992613,0.31663805072764517,54,64,,False,False,Request timeout: 300.0s exceeded,432,21.16838264042747
122,2026-09-14T02:12:27.578+00:00,2026-09-14T02:17:21.181+00:00,2026-09-14T02:17:27.631+00:00,False,94,93.0,,93.0,293603.41607599996,300052.92929199996,300052.92914799997,3192.0524377446804,0.0218,293603.41607599996,30275.73408449996,89.25713935,69.34960447311828,20.429197222681463,0.30994531604620995,54,64,,False,False,Request timeout: 300.0s exceeded,350,21.16838264042747
123,2026-09-14T02:12:30.318+00:00,2026-09-14T02:17:24.036+00:00,2026-09-14T02:17:30.332+00:00,False,95,94.0,,94.0,293718.17465,300013.63449,300013.634439,3158.0382572526314,0.02218,293718.17465,30127.984215256936,88.9813777,66.97297702127659,20.07513056162143,0.3133190935131756,54,64,,False,False,Request timeout: 300.0s exceeded,142,21.16838264042747
124,2026-09-14T02:12:34.508+00:00,2026-09-14T02:17:28.345+00:00,2026-09-14T02:17:34.598+00:00,False,92,91.0,,91.0,293837.765389,300090.323725,300090.323608,3261.8513435652176,0.03325,293837.765389,30627.54777520248,88.09226555,68.70943226373626,20.048419346961907,0.30324203349985906,54,64,,False,False,Request timeout: 300.0s exceeded,340,21.16838264042747
125,2026-09-14T02:12:38.310+00:00,2026-09-14T02:17:32.201+00:00,2026-09-14T02:17:38.371+00:00,False,94,93.0,,93.0,293890.210791,300060.539367,300060.539457,3192.1333984787234,0.0,293890.210791,30305.68971542136,88.7381536,66.3476190967742,66.51194664315933,0.30993745527549343,54,64,,False,False,Request timeout: 300.0s exceeded,430,21.16838264042747
126,2026-09-14T02:12:42.131+00:00,2026-09-14T02:17:35.962+00:00,2026-09-14T02:17:42.212+00:00,False,96,95.0,,95.0,293830.850172,300080.780412,300080.780348,3125.841461958333,0.0,293830.850172,29982.342798161895,89.41140599999999,65.78873936842106,65.94851962052047,0.31658142140782375,54,64,,False,False,Request timeout: 300.0s exceeded,325,21.16838264042747
127,2026-09-14T02:12:46.926+00:00,2026-09-14T02:17:40.584+00:00,2026-09-14T02:17:47.009+00:00,False,91,90.0,,90.0,293658.79057300003,300083.44158100005,300083.44156,3297.6202369230773,0.039189,293658.79057300003,30776.328885712977,90.00810100000001,71.38501120000001,19.858050573073907,0.2999165816208714,54,64,,False,False,Request timeout: 300.0s exceeded,433,21.16838264042747
128,2026-09-14T02:12:50.356+00:00,2026-09-14T02:17:44.110+00:00,2026-09-14T02:17:50.407+00:00,False,92,91.0,,91.0,293754.43536799995,300051.6792719999,300051.67936499993,3261.4312974456516,0.0248,293754.43536799995,30618.809181748868,89.81790105,69.20048246153847,20.59039055775809,0.3032810888470568,54,64,,False,False,Request timeout: 300.0s exceeded,396,21.16838264042747
129,2026-09-14T02:12:55.213+00:00,2026-09-14T02:17:49.117+00:00,2026-09-14T02:17:55.240+00:00,False,92,91.0,,91.0,293903.97112,300027.514672,300027.514603,3261.1686369891304,0.04489,293903.97112,30634.59874085239,89.33569455000001,67.29168738461539,21.149805550591047,0.30330551549408463,54,64,,False,False,Request timeout: 300.0s exceeded,393,21.16838264042747
130,2026-09-14T02:12:58.904+00:00,2026-09-14T02:17:53.690+00:00,2026-09-14T02:17:58.925+00:00,False,78,77.0,,77.0,294785.669701,300020.456005,300020.455983,3846.4161023461534,0.022629999999999997,294785.669701,33370.2132016626,89.8791002,67.98423771428571,20.998596613536243,0.25664916661121523,54,64,,False,False,Request timeout: 300.0s exceeded,277,21.16838264042747
131,2026-09-14T02:13:01.659+00:00,2026-09-14T02:17:54.989+00:00,2026-09-14T02:18:01.698+00:00,False,100,99.0,,99.0,293329.291471,300038.801615,300038.801636,3000.38801636,0.02501,293329.291471,29326.158790369933,88.3214143,67.77282973737374,20.258014557167247,0.32995732374319225,54,64,,False,False,Request timeout: 300.0s exceeded,446,21.16838264042747
132,2026-09-14T02:13:06.576+00:00,2026-09-14T02:18:00.235+00:00,2026-09-14T02:18:06.671+00:00,False,94,93.0,,93.0,293658.821481,300094.825577,300094.825694,3192.498145680851,0.04345,293658.821481,30281.463558205647,89.76585035,69.20434511827958,20.220946377848634,0.30990204453271236,54,64,,False,False,Request timeout: 300.0s exceeded,432,21.16838264042747
133,2026-09-14T02:13:11.576+00:00,2026-09-14T02:18:05.239+00:00,2026-09-14T02:18:11.632+00:00,False,92,91.0,,91.0,293662.557114,300055.19993,300055.199948,3261.469564652174,0.025070000000000002,293662.557114,30609.120369790435,88.64162164999999,70.24882215384616,19.75093528317196,0.3032775303385158,54,64,,False,False,Request timeout: 300.0s exceeded,373,21.16838264042747
134,2026-09-14T02:13:14.911+00:00,2026-09-14T02:18:08.786+00:00,2026-09-14T02:18:14.975+00:00,False,93,92.0,,92.0,293875.593718,300064.42187799996,300064.421715,3226.4991582258062,0.04011,293875.593718,30466.510654079102,89.65537560000001,67.26987130434783,20.346279330542853,0.30660082732969024,54,64,,False,False,Request timeout: 300.0s exceeded,498,21.16838264042747
135,2026-09-14T02:13:19.163+00:00,2026-09-14T02:18:12.930+00:00,2026-09-14T02:18:19.171+00:00,False,94,93.0,,93.0,293767.61067100003,300008.33771100006,300008.337707,3191.5780607127663,0.04715,293767.61067100003,30292.901149313406,88.16639215000001,67.104591827957,20.629183259760982,0.3099913846047422,54,64,,False,False,Request timeout: 300.0s exceeded,182,21.16838264042747
136,2026-09-14T02:13:22.928+00:00,2026-09-14T02:18:16.440+00:00,2026-09-14T02:18:22.951+00:00,False,99,98.0,,98.0,293512.05854299996,300022.91908699996,300022.919037,3030.534535727272,0.09738899999999999,293512.05854299996,29492.401529368115,88.967518,66.43735248979591,20.318133907835584,0.3266417122339317,54,64,,False,False,Request timeout: 300.0s exceeded,413,21.16838264042747
137,2026-09-14T02:13:27.833+00:00,2026-09-14T02:18:21.355+00:00,2026-09-14T02:18:27.904+00:00,False,97,96.0,,96.0,293521.261246,300070.217406,300070.217391,3093.507395783505,0.03646,293521.261246,29795.648676254605,89.8435356,68.21829333333334,19.777289030476588,0.31992511896010795,54,64,,False,False,Request timeout: 300.0s exceeded,434,21.16838264042747
138,2026-09-14T02:13:31.663+00:00,2026-09-14T02:18:25.363+00:00,2026-09-14T02:18:31.702+00:00,False,90,89.0,,89.0,293699.74945099995,300039.11201099993,300039.11218899995,3333.7679132111107,0.02859,293699.74945099995,30951.170667297698,92.34923549999999,71.22879280898877,20.87227777754724,0.2966279942754167,54,64,,False,False,Request timeout: 300.0s exceeded,468,21.16838264042747
139,2026-09-14T02:13:36.639+00:00,2026-09-14T02:18:30.377+00:00,2026-09-14T02:18:36.692+00:00,False,98,97.0,,97.0,293737.380304,300052.7892,300052.789224,3061.7631553469387,0.0,293737.380304,29665.4456897942,91.69204085,65.10730820618556,63.047702476806506,0.3232764483163818,54,64,,False,False,Request timeout: 300.0s exceeded,484,21.16838264042747
140,2026-09-14T02:13:39.824+00:00,2026-09-14T02:18:33.342+00:00,2026-09-14T02:18:39.894+00:00,False,97,96.0,,96.0,293518.061693,300069.898109,300069.89814400004,3093.50410457732,0.028730000000000002,293518.061693,29795.321370847792,89.7650488,68.248296,20.679704995189542,0.3199254593845602,54,64,,False,False,Request timeout: 300.0s exceeded,453,21.16838264042747
141,2026-09-14T02:13:42.966+00:00,2026-09-14T02:18:36.774+00:00,2026-09-14T02:18:42.988+00:00,False,89,88.0,,88.0,293807.764235,300022.572043,300022.571958,3371.040134359551,0.025,293807.764235,31136.081298994468,89.8775258,70.622816,20.3591652359332,0.29331126455174716,54,64,,False,False,Request timeout: 300.0s exceeded,391,21.16838264042747
142,2026-09-14T02:13:47.495+00:00,2026-09-14T02:18:41.369+00:00,2026-09-14T02:18:47.513+00:00,False,96,95.0,,95.0,293873.443835,300018.07717899996,300018.077334,3125.1883055625,0.03964,293873.443835,29986.738862792437,89.8343605,64.68035098947368,21.333874708693838,0.3166475863496722,54,64,,False,False,Request timeout: 300.0s exceeded,564,21.16838264042747
143,2026-09-14T02:13:50.354+00:00,2026-09-14T02:18:44.408+00:00,2026-09-14T02:18:50.396+00:00,False,92,91.0,,91.0,294053.825384,300042.457704,300042.457713,3261.3310620978264,0.01955,294053.825384,30650.376865640224,90.48144855000001,65.80914637362638,21.40615941181343,0.30329040995182743,54,64,,False,False,Request timeout: 300.0s exceeded,370,21.16838264042747
144,2026-09-14T02:13:53.230+00:00,2026-09-14T02:18:46.914+00:00,2026-09-14T02:18:53.250+00:00,False,94,93.0,,93.0,293684.224805,300019.537445,300019.53743100003,3191.697206712766,0.02311,293684.224805,30284.19533010908,88.64880615,68.12164129032259,20.140826448233188,0.3099798126215326,54,64,,False,False,Request timeout: 300.0s exceeded,350,21.16838264042747
145,2026-09-14T02:13:56.489+00:00,2026-09-14T02:18:50.043+00:00,2026-09-14T02:18:56.547+00:00,False,99,98.0,,98.0,293553.648203,300057.90855500003,300057.908392,3030.887963555556,0.02096,293553.648203,29496.587805047784,88.44288480000002,66.37000359183673,19.707047031899684,0.3266036228538092,54,64,,False,False,Request timeout: 300.0s exceeded,200,21.16838264042747
146,2026-09-14T02:14:00.554+00:00,2026-09-14T02:18:54.212+00:00,2026-09-14T02:19:00.614+00:00,False,106,105.0,,105.0,293657.839385,300059.698201,300059.6981,2830.7518688679247,0.01504,293657.839385,28517.222589727506,88.85167475,60.97008396190476,181.7633156789996,0.34993036595559057,54,64,,False,False,Request timeout: 300.0s exceeded,567,21.16838264042747
147,2026-09-14T02:14:04.339+00:00,2026-09-14T02:18:59.290+00:00,2026-09-14T02:19:04.423+00:00,False,84,83.0,,83.0,294951.632428,300084.008492,300084.008447,3572.428671988095,0.0173,294951.632428,32175.127179189203,92.1316131,61.83585619277108,28.589994859581875,0.2765892138574679,54,64,,False,False,Request timeout: 300.0s exceeded,392,21.16838264042747
148,2026-09-14T02:14:07.319+00:00,2026-09-14T02:19:00.781+00:00,2026-09-14T02:19:07.396+00:00,False,101,100.0,,100.0,293461.833529,300076.803129,300076.802924,2971.0574546930693,0.0319,293461.833529,29193.96889686383,90.0709,66.149696,20.621899433151157,0.3332480183648551,54,64,,False,False,Request timeout: 300.0s exceeded,173,21.16838264042747
149,2026-09-14T02:14:10.403+00:00,2026-09-14T02:19:04.174+00:00,2026-09-14T02:19:10.432+00:00,False,92,91.0,,91.0,293770.97181,300028.830626,300028.830459,3261.1829397717393,0.03561,293770.97181,30620.5776633213,86.843308,68.76767929670329,19.534119781497026,0.3033041851682439,54,64,,False,False,Request timeout: 300.0s exceeded,295,21.16838264042747
150,2026-09-14T02:14:14.587+00:00,2026-09-14T02:19:08.396+00:00,2026-09-14T02:19:14.627+00:00,False,90,89.0,,89.0,293808.717106,300039.985202,300039.985051,3333.7776116777777,0.044649999999999995,293808.717106,30962.783669526227,89.4029024,70.01424826966291,18.95511498998596,0.29662713101415905,54,64,,False,False,Request timeout: 300.0s exceeded,382,21.16838264042747
151,2026-09-14T02:14:17.586+00:00,2026-09-14T02:19:11.650+00:00,2026-09-14T02:19:17.619+00:00,False,86,85.0,,85.0,294063.64645,300033.02501,300033.02499,3488.756104534884,0.02259,294063.64645,31702.131890443157,89.608268,70.22798305882353,20.0625570195915,0.28330214647926505,54,64,,False,False,Request timeout: 300.0s exceeded,338,21.16838264042747
152,2026-09-14T02:14:22.466+00:00,2026-09-14T02:19:16.256+00:00,2026-09-14T02:19:22.493+00:00,False,90,89.0,,89.0,293790.346232,300027.612408,300027.612516,3333.6401390666665,0.04294,293790.346232,30960.840893989178,89.62636445,70.0816424269663,20.215792621716513,0.2966393635762136,54,64,,False,False,Request timeout: 300.0s exceeded,464,21.16838264042747
153,2026-09-14T02:14:25.383+00:00,2026-09-14T02:19:18.929+00:00,2026-09-14T02:19:25.429+00:00,False,98,97.0,,97.0,293545.55471,300045.345814,300045.34583,3061.6872023469386,0.03526,293545.55471,29645.81714446522,88.64429085,67.00815571134021,20.60549000749493,0.32328446800881533,54,64,,False,False,Request timeout: 300.0s exceeded,453,21.16838264042747
154,2026-09-14T02:14:29.886+00:00,2026-09-14T02:19:23.693+00:00,2026-09-14T02:19:29.919+00:00,False,101,100.0,,100.0,293806.43967,300032.63922199997,300032.639267,2970.6201907623763,0.0,293806.43967,29228.7126486996,95.775187,62.261995520000006,66.33852136821027,0.33329707147630716,54,64,,False,False,Request timeout: 300.0s exceeded,376,21.16838264042747
155,2026-09-14T02:14:33.746+00:00,2026-09-14T02:19:27.763+00:00,2026-09-14T02:19:33.761+00:00,False,98,97.0,,97.0,294017.012496,300015.585808,300015.585954,3061.383530142857,0.04281,294017.012496,29693.96353716143,89.16184005000001,61.84096197938144,20.62108313344305,0.32331653616848016,54,64,,False,False,Request timeout: 300.0s exceeded,523,21.16838264042747
156,2026-09-14T02:14:37.656+00:00,2026-09-14T02:19:31.428+00:00,2026-09-14T02:19:37.749+00:00,False,104,103.0,,103.0,293771.34853799996,300092.516922,300092.51682399993,2885.504969461538,0.04338,293771.34853799996,28800.63964178567,86.546397,61.370566834951454,19.852864270842552,0.3432274854983197,54,64,,False,False,Request timeout: 300.0s exceeded,531,21.16838264042747
157,2026-09-14T02:14:42.608+00:00,2026-09-14T02:19:36.251+00:00,2026-09-14T02:19:42.635+00:00,False,97,96.0,,96.0,293642.833103,300027.027407,300027.027506,3093.0621392371136,0.04027,293642.833103,29808.166995357496,87.17075779999999,66.502024,20.242967386950067,0.31997117336289754,54,64,,False,False,Request timeout: 300.0s exceeded,144,21.16838264042747
158,2026-09-14T02:14:47.495+00:00,2026-09-14T02:19:41.292+00:00,2026-09-14T02:19:47.528+00:00,False,97,96.0,,96.0,293797.775357,300033.702397,300033.702326,3093.130951814433,0.027100000000000003,293797.775357,29824.055904339344,88.80620859999999,64.95757333333333,20.383675861935995,0.319964054814663,54,64,,False,False,Request timeout: 300.0s exceeded,449,21.16838264042747
159,2026-09-14T02:14:52.085+00:00,2026-09-14T02:19:45.416+00:00,2026-09-14T02:19:52.142+00:00,False,105,104.0,,104.0,293330.674393,300056.459993,300056.45985800005,2857.6805700761906,0.038590000000000006,293330.674393,28619.838519495355,88.041204,64.67101538461539,20.271882076874256,0.3466014362844453,54,64,,False,False,Request timeout: 300.0s exceeded,406,21.16838264042747
160,2026-09-14T02:14:55.368+00:00,2026-09-14T02:19:48.963+00:00,2026-09-14T02:19:55.440+00:00,False,94,93.0,,93.0,293594.56592900003,300071.620393,300071.62046,3192.251281489362,0.05911,293594.56592900003,30274.79065547439,89.6026863,69.64574692473118,20.337179739824226,0.3099260099245609,54,64,,False,False,Request timeout: 300.0s exceeded,447,21.16838264042747
161,2026-09-14T02:14:59.249+00:00,2026-09-14T02:19:52.935+00:00,2026-09-14T02:19:59.542+00:00,False,96,95.0,,95.0,293685.951107,300293.346435,300293.346552,3128.05569325,0.036770000000000004,293685.951107,29967.10421097443,88.17984100000001,69.55152976842105,18.930307955875723,0.31635732568774455,54,64,,False,False,Request timeout: 300.0s exceeded,387,21.16838264042747
162,2026-09-14T02:15:03.531+00:00,2026-09-14T02:19:56.981+00:00,2026-09-14T02:20:03.569+00:00,False,101,100.0,,100.0,293449.375445,300037.64424500003,300037.64424600004,2970.669745009901,0.03646,293449.375445,29192.75584437012,89.27085100000001,65.882688,20.628771347777473,0.3332915116422644,54,64,,False,False,Request timeout: 300.0s exceeded,391,21.16838264042747
163,2026-09-14T02:15:07.923+00:00,2026-09-14T02:20:01.805+00:00,2026-09-14T02:20:07.952+00:00,False,91,90.0,,90.0,293882.523074,300029.38003400003,300029.380039,3297.0261542747257,0.02745,293882.523074,30800.106456321086,88.95982199999999,68.29841066666667,20.586601638846,0.2999706228430062,54,64,,False,False,Request timeout: 300.0s exceeded,475,21.16838264042747
164,2026-09-14T02:15:11.123+00:00,2026-09-14T02:20:04.131+00:00,2026-09-14T02:20:11.166+00:00,False,107,106.0,,106.0,293008.54939999996,300043.17595999996,300043.176,2804.1418317757007,0.039740000000000004,293008.54939999996,28319.797157715606,89.86409629999999,66.36440150943396,20.312478407090737,0.3532824889646259,54,64,,False,False,Request timeout: 300.0s exceeded,665,21.16838264042747
165,2026-09-14T02:15:14.689+00:00,2026-09-14T02:20:08.297+00:00,2026-09-14T02:20:14.728+00:00,False,97,96.0,,96.0,293607.91573799995,300039.17845799995,300039.17827299994,3093.1874048762884,0.02683,293607.91573799995,29804.572429813186,91.13355380000002,66.99232,21.026177533343382,0.31995821510169303,54,64,,False,False,Request timeout: 300.0s exceeded,406,21.16838264042747
166,2026-09-14T02:15:17.596+00:00,2026-09-14T02:20:11.034+00:00,2026-09-14T02:20:17.642+00:00,False,96,95.0,,95.0,293437.650706,300046.124562,300046.12450599996,3125.4804636041667,0.03854,293437.650706,29941.76200932707,91.30612425000001,69.56288269473684,20.474494759794137,0.31661798711341027,54,64,,False,False,Request timeout: 300.0s exceeded,491,21.16838264042747
167,2026-09-14T02:15:21.593+00:00,2026-09-14T02:20:15.062+00:00,2026-09-14T02:20:21.662+00:00,False,96,95.0,,95.0,293469.51656099997,300069.23624099995,300069.236139,3125.72120978125,0.02763,293469.51656099997,29945.023469275926,92.0866035,69.4707334736842,20.117381326017778,0.31659360083051286,54,64,,False,False,Request timeout: 300.0s exceeded,419,21.16838264042747
168,2026-09-14T02:15:25.966+00:00,2026-09-14T02:20:19.873+00:00,2026-09-14T02:20:26.044+00:00,False,95,94.0,,94.0,293907.538366,300078.379198,300078.37926,3158.7197816842104,0.0,293907.538366,30147.616747679513,89.14165120000001,65.64724289361702,67.52846256005019,0.3132514919976164,54,64,,False,False,Request timeout: 300.0s exceeded,420,21.16838264042747
169,2026-09-14T02:15:30.956+00:00,2026-09-14T02:20:24.375+00:00,2026-09-14T02:20:30.991+00:00,False,99,98.0,,98.0,293418.938189,300034.667597,300034.667734,3030.6532094343434,0.04541,293418.938189,29482.934528879523,87.74804990000001,67.50744293877551,19.561266150236488,0.3266289218672272,54,64,,False,False,Request timeout: 300.0s exceeded,190,21.16838264042747
170,2026-09-14T02:15:35.957+00:00,2026-09-14T02:20:29.623+00:00,2026-09-14T02:20:35.988+00:00,False,90,89.0,,89.0,293665.953649,300030.985329,300030.98529299995,3333.677614366666,0.025568999999999998,293665.953649,30947.576970599883,90.5043745,71.51720988764045,19.466965607404937,0.2966360287835163,54,64,,False,False,Request timeout: 300.0s exceeded,431,21.16838264042747
171,2026-09-14T02:15:39.631+00:00,2026-09-14T02:20:33.030+00:00,2026-09-14T02:20:39.689+00:00,False,92,91.0,,91.0,293399.692957,300058.674589,300058.674581,3261.5073324021737,0.03875,293399.692957,30581.40928416116,89.90994350000001,73.17562232967032,19.00327932515136,0.3032740184053856,54,64,,False,False,Request timeout: 300.0s exceeded,290,21.16838264042747
172,2026-09-14T02:15:42.972+00:00,2026-09-14T02:20:36.870+00:00,2026-09-14T02:20:43.042+00:00,False,87,86.0,,86.0,293897.78083999996,300070.07012,300070.07010099996,3449.081265528735,0.04542,293897.78083999996,31501.460763689473,89.251651,71.77080558139534,19.428723925445922,0.2865997264092618,54,64,,False,False,Request timeout: 300.0s exceeded,352,21.16838264042747
173,2026-09-14T02:15:47.437+00:00,2026-09-14T02:20:41.172+00:00,2026-09-14T02:20:47.469+00:00,False,93,92.0,,92.0,293734.717422,300031.325678,300031.325711,3226.143287215054,0.04178,293734.717422,30451.781400913453,89.40493559999999,68.44139408695652,20.966940716669246,0.30663464820582226,54,64,,False,False,Request timeout: 300.0s exceeded,439,21.16838264042747
174,2026-09-14T02:15:51.187+00:00,2026-09-14T02:20:44.690+00:00,2026-09-14T02:20:51.278+00:00,False,97,96.0,,96.0,293503.202787,300091.53405099997,300091.53395,3093.727154123711,0.0356,293503.202787,29793.774721316346,90.37908879999999,68.62845066666667,21.594357490078743,0.31990239346000676,54,64,,False,False,Request timeout: 300.0s exceeded,213,21.16838264042747
175,2026-09-14T02:15:54.246+00:00,2026-09-14T02:20:47.981+00:00,2026-09-14T02:20:54.281+00:00,False,96,95.0,,95.0,293735.495529,300034.85271300003,300034.852761,3125.36304959375,0.04954,293735.495529,29972.493598023862,90.52022125000002,66.30902298947369,21.68204434849642,0.3166298819653221,54,64,,False,False,Request timeout: 300.0s exceeded,485,21.16838264042747
176,2026-09-14T02:15:58.806+00:00,2026-09-14T02:20:52.783+00:00,2026-09-14T02:20:58.850+00:00,False,89,88.0,,88.0,293976.717568,300044.021504,300044.02152,3371.2811406741575,0.03796,293976.717568,31154.16762078483,88.871778,68.94663563636364,19.783751411104895,0.2932902964001462,54,64,,False,False,Request timeout: 300.0s exceeded,303,21.16838264042747
177,2026-09-14T02:16:03.643+00:00,2026-09-14T02:20:57.360+00:00,2026-09-14T02:21:03.704+00:00,False,93,92.0,,92.0,293717.597315,300061.497731,300061.497694,3226.4677171397852,0.022449999999999998,293717.597315,30449.952192894023,88.086944,68.95543930434783,20.017307800550075,0.3066038152034968,54,64,,False,False,Request timeout: 300.0s exceeded,320,21.16838264042747
178,2026-09-14T02:16:08.110+00:00,2026-09-14T02:21:01.721+00:00,2026-09-14T02:21:08.148+00:00,False,93,92.0,,92.0,293610.84988,300037.838936,300037.83892199997,3226.2133217419355,0.02469,293610.84988,30438.78915103089,88.93378799999999,69.85857669565218,19.707653353298472,0.30662799174348204,54,64,,False,False,Request timeout: 300.0s exceeded,393,21.16838264042747
179,2026-09-14T02:16:12.626+00:00,2026-09-14T02:21:06.427+00:00,2026-09-14T02:21:12.640+00:00,False,90,89.0,,89.0,293801.009986,300014.32403400005,300014.32398000004,3333.4924886666668,0.03799,293801.009986,30961.99361525383,90.837703,69.81251739325842,20.667208324049493,0.296652502464895,54,64,,False,False,Request timeout: 300.0s exceeded,392,21.16838264042747
180,2026-09-14T02:16:16.175+00:00,2026-09-14T02:21:09.921+00:00,2026-09-14T02:21:16.198+00:00,False,92,91.0,,91.0,293745.62038800004,300022.134948,300022.13515900006,3261.1101647717396,0.03731,293745.62038800004,30617.914076952733,90.59387914999999,68.97268747252747,20.84601116776135,0.3033109540926777,54,64,,False,False,Request timeout: 300.0s exceeded,237,21.16838264042747
181,2026-09-14T02:16:20.302+00:00,2026-09-14T02:21:14.202+00:00,2026-09-14T02:21:20.344+00:00,False,97,96.0,,96.0,293899.920888,300041.907448,300041.907444,3093.2155406597935,0.0,293899.920888,29834.59596320334,90.0281334,63.97902666666666,67.82317579866009,0.31995530496564945,54,64,,False,False,Request timeout: 300.0s exceeded,477,21.16838264042747
182,2026-09-14T02:16:24.918+00:00,2026-09-14T02:21:18.429+00:00,2026-09-14T02:21:24.924+00:00,False,99,98.0,,98.0,293510.495701,300006.000597,300006.000589,3030.363642313131,0.019969999999999998,293510.495701,29492.25985207393,87.28649770000001,66.28066220408164,19.792624658136788,0.32666013281395667,54,64,,False,False,Request timeout: 300.0s exceeded,500,21.16838264042747
183,2026-09-14T02:16:28.442+00:00,2026-09-14T02:21:22.028+00:00,2026-09-14T02:21:28.503+00:00,False,96,95.0,,95.0,293586.784993,300061.29097699997,300061.29091499996,3125.6384470312496,0.02151,293586.784993,29957.126331120668,88.07379375,68.15269456842105,19.635395528224983,0.316601983850299,54,64,,False,False,Request timeout: 300.0s exceeded,421,21.16838264042747
184,2026-09-14T02:16:32.747+00:00,2026-09-14T02:21:25.969+00:00,2026-09-14T02:21:32.858+00:00,False,104,103.0,,103.0,293221.551462,300111.161446,300111.161257,2885.6842428557693,0.018609999999999998,293221.551462,28746.187008008434,89.82899765,66.88941732038835,20.6553966194221,0.34320616235572143,54,64,,False,False,Request timeout: 300.0s exceeded,482,21.16838264042747
185,2026-09-14T02:16:34.865+00:00,2026-09-14T02:21:28.678+00:00,2026-09-14T02:21:34.881+00:00,False,96,95.0,,95.0,293813.66466,300016.00194,300016.001957,3125.1666870520835,0.038090000000000006,293813.66466,29980.57559323746,92.31556199999999,65.28776084210526,21.203899324196243,0.31664977663091115,54,64,,False,False,Request timeout: 300.0s exceeded,467,21.16838264042747
186,2026-09-14T02:16:38.820+00:00,2026-09-14T02:21:33.965+00:00,2026-09-14T02:21:38.853+00:00,False,72,71.0,,71.0,295145.499281,300033.00366499997,300033.003607,4167.125050097222,0.02971,295145.499281,34775.124049236896,91.40843215000001,68.83808991549296,20.62947106340111,0.2366406333060433,54,64,,False,False,Request timeout: 300.0s exceeded,240,21.16838264042747
187,2026-09-14T02:16:41.785+00:00,2026-09-14T02:21:35.742+00:00,2026-09-14T02:21:41.859+00:00,False,91,90.0,,90.0,293957.23880299996,300073.977363,300073.977331,3297.516234406593,0.037628999999999996,293957.23880299996,30807.97356335433,88.39932799999998,67.96376177777778,20.11419984596564,0.29992604087467023,54,64,,False,False,Request timeout: 300.0s exceeded,289,21.16838264042747
188,2026-09-14T02:16:44.953+00:00,2026-09-14T02:21:38.810+00:00,2026-09-14T02:21:46.400+00:00,False,86,85.0,,85.0,293857.386726,301447.763686,301447.763762,3505.206555372093,0.0289,293857.386726,31678.616528629598,89.82714725000001,89.29855247058823,224.89344171108007,0.2819725678527155,54,64,,False,False,Request timeout: 300.0s exceeded,413,21.16838264042747
189,2026-09-14T02:16:48.503+00:00,2026-09-14T02:21:41.987+00:00,2026-09-14T02:21:48.550+00:00,False,113,112.0,,112.0,293483.94851899997,300046.85258299997,300046.85263499996,2655.2818817256634,0.015470000000000001,293483.94851899997,27603.844615469126,89.9142318,58.597357714285714,198.80206252738208,0.37327503700115694,54,64,,False,False,Request timeout: 300.0s exceeded,545,21.16838264042747
190,2026-09-14T02:16:52.615+00:00,2026-09-14T02:21:47.201+00:00,2026-09-14T02:21:52.634+00:00,False,83,82.0,,82.0,294586.607967,300018.817631,300018.817711,3614.6845507349394,0.034659999999999996,294586.607967,32327.81581191559,86.62353000000002,66.24645931707317,20.27313862354225,0.27331618945600167,54,64,,False,False,Request timeout: 300.0s exceeded,262,21.16838264042747
191,2026-09-14T02:16:55.495+00:00,2026-09-14T02:21:49.323+00:00,2026-09-14T02:21:55.569+00:00,False,94,93.0,,93.0,293828.29644999997,300074.30195399997,300074.30190599995,3192.279807510638,0.01961,293828.29644999997,30299.15409737099,88.08407665,67.16134950537634,19.939685996035212,0.3099232403255127,54,64,,False,False,Request timeout: 300.0s exceeded,263,21.16838264042747
192,2026-09-14T02:17:00.031+00:00,2026-09-14T02:21:53.818+00:00,2026-09-14T02:22:00.078+00:00,False,91,90.0,,90.0,293787.478934,300046.932374,300046.932371,3297.219037043956,0.02266,293787.478934,30790.011311769693,89.47811600000001,69.54948266666668,19.553838826379597,0.2999530749670106,54,64,,False,False,Request timeout: 300.0s exceeded,416,21.16838264042747
193,2026-09-14T02:17:04.552+00:00,2026-09-14T02:21:58.654+00:00,2026-09-14T02:22:04.613+00:00,False,91,90.0,,90.0,294102.768366,300061.40158199996,300061.401639,3297.3780399890106,0.037020000000000004,294102.768366,30823.41350202896,87.6176745,66.20703573333333,20.335635767107668,0.2999386109826093,54,64,,False,False,Request timeout: 300.0s exceeded,224,21.16838264042747
194,2026-09-14T02:17:09.540+00:00,2026-09-14T02:22:03.093+00:00,2026-09-14T02:22:09.556+00:00,False,99,98.0,,98.0,293553.195588,300016.136772,300016.136686,3030.4660271313132,0.04134,293553.195588,29496.585528759286,89.20832690000002,65.94837942857143,20.936645777713405,0.32664909646002144,54,64,,False,False,Request timeout: 300.0s exceeded,131,21.16838264042747
195,2026-09-14T02:17:14.242+00:00,2026-09-14T02:22:07.783+00:00,2026-09-14T02:22:14.299+00:00,False,107,106.0,,106.0,293540.678893,300057.030381,300057.030538,2804.2713134392525,0.0,293540.678893,28371.77874916565,89.0706163,61.475014037735846,64.7692528031533,0.3532661769844405,54,64,,False,False,Request timeout: 300.0s exceeded,507,21.16838264042747
196,2026-09-14T02:17:17.563+00:00,2026-09-14T02:22:11.063+00:00,2026-09-14T02:22:17.587+00:00,False,104,103.0,,103.0,293500.387963,300024.544123,300024.54417099996,2884.851386259615,0.0,293500.387963,28773.945231528287,87.1743145,63.34132194174757,66.23120916747466,0.343305246246032,54,64,,False,False,Request timeout: 300.0s exceeded,476,21.16838264042747
197,2026-09-14T02:17:20.837+00:00,2026-09-14T02:22:14.380+00:00,2026-09-14T02:22:20.926+00:00,False,96,95.0,,95.0,293542.911717,300088.709605,300088.70958900003,3125.92405821875,0.024300000000000002,293542.911717,29952.57190348709,88.31208350000001,68.9031356631579,19.574394260111642,0.3165730564307013,54,64,,False,False,Request timeout: 300.0s exceeded,271,21.16838264042747
198,2026-09-14T02:17:25.278+00:00,2026-09-14T02:22:18.774+00:00,2026-09-14T02:22:25.342+00:00,False,97,96.0,,96.0,293495.584384,300064.335232,300064.335257,3093.446755226804,0.02545,293495.584384,29793.020737088216,89.01124380000002,68.424488,19.908596662937555,0.319931390465901,54,64,,False,False,Request timeout: 300.0s exceeded,439,21.16838264042747
199,2026-09-14T02:17:29.659+00:00,2026-09-14T02:22:23.332+00:00,2026-09-14T02:22:29.741+00:00,False,97,96.0,,96.0,293672.75601300003,300082.07569300005,300082.075514,3093.629644474227,0.024460000000000003,293672.75601300003,29811.178765780285,89.9359642,66.76374666666666,20.44067016292066,0.3199124765392956,54,64,,False,False,Request timeout: 300.0s exceeded,470,21.16838264042747
200,2026-09-14T02:17:33.841+00:00,2026-09-14T02:22:27.209+00:00,2026-09-14T02:22:33.855+00:00,False,98,97.0,,97.0,293367.837937,300013.18500899995,300013.18497999996,3061.359030408163,0.03885,293367.837937,29627.71339728202,90.79057549999999,68.50873270103092,20.510337146893573,0.3233191234481583,54,64,,False,False,Request timeout: 300.0s exceeded,145,21.16838264042747
201,2026-09-14T02:17:38.084+00:00,2026-09-14T02:22:31.753+00:00,2026-09-14T02:22:38.112+00:00,False,93,92.0,,92.0,293669.335407,300027.807087,300027.80717499997,3226.1054534946234,0.022629999999999997,293669.335407,30444.93215438724,89.5876672,69.11382260869566,21.37208656967361,0.30663824427887937,54,64,,False,False,Request timeout: 300.0s exceeded,410,21.16838264042747
202,2026-09-14T02:17:42.207+00:00,2026-09-14T02:22:35.849+00:00,2026-09-14T02:22:42.235+00:00,False,92,91.0,,91.0,293642.037862,300028.266342,300028.266292,3261.176807521739,0.0249,293642.037862,30606.989814565317,92.45238205,70.17833494505494,21.799703380443468,0.303304755613492,54,64,,False,False,Request timeout: 300.0s exceeded,444,21.16838264042747
203,2026-09-14T02:17:46.335+00:00,2026-09-14T02:22:39.898+00:00,2026-09-14T02:22:46.377+00:00,False,95,94.0,,94.0,293563.095546,300041.40185,300041.401931,3158.330546642105,0.088629,293563.095546,30111.874644429663,92.905695,68.91815217021276,21.220322088411613,0.31329009736794095,54,64,,False,False,Request timeout: 300.0s exceeded,448,21.16838264042747
204,2026-09-14T02:17:50.324+00:00,2026-09-14T02:22:44.133+00:00,2026-09-14T02:22:50.394+00:00,False,92,91.0,,91.0,293808.853194,300069.89997800003,300069.89997900004,3261.6293475978264,0.037149999999999996,293808.853194,30624.523158501164,88.22101505,68.80271191208791,19.119567533401387,0.303262673152728,54,64,,False,False,Request timeout: 300.0s exceeded,482,21.16838264042747
205,2026-09-14T02:17:53.409+00:00,2026-09-14T02:22:47.310+00:00,2026-09-14T02:22:53.469+00:00,False,91,90.0,,90.0,293900.953775,300060.013487,300060.013296,3297.3627834725276,0.03803,293900.953775,30802.02300362764,85.8674685,68.4339968,18.512725264441766,0.2999399985159943,54,64,,False,False,Request timeout: 300.0s exceeded,437,21.16838264042747
206,2026-09-14T02:17:57.625+00:00,2026-09-14T02:22:51.308+00:00,2026-09-14T02:22:57.649+00:00,False,95,94.0,,94.0,293683.76737300004,300024.49210900004,300024.49218000006,3158.152549263158,0.023489999999999997,293683.76737300004,30124.40495791207,89.48596969999998,67.45451846808511,20.46456793353509,0.3133077547743984,54,64,,False,False,Request timeout: 300.0s exceeded,396,21.16838264042747
207,2026-09-14T02:18:02.353+00:00,2026-09-14T02:22:56.375+00:00,2026-09-14T02:23:02.399+00:00,False,88,87.0,,87.0,294022.84397600003,300046.496072,300046.49625200004,3409.6192755909096,0.02615,294022.84397600003,31335.566818374235,91.1261674,69.2373804137931,21.168365339941758,0.2899550607620601,54,64,,False,False,Request timeout: 300.0s exceeded,367,21.16838264042747
208,2026-09-14T02:18:05.351+00:00,2026-09-14T02:22:59.093+00:00,2026-09-14T02:23:05.370+00:00,False,93,92.0,,92.0,293741.760245,300019.590901,300019.59096400003,3226.017107139785,0.0359,293741.760245,30452.53244806633,88.1890956,68.23728973913043,20.33482024681995,0.3066466417200003,54,64,,False,False,Request timeout: 300.0s exceeded,373,21.16838264042747
209,2026-09-14T02:18:10.221+00:00,2026-09-14T02:23:04.143+00:00,2026-09-14T02:23:10.263+00:00,False,97,96.0,,96.0,293921.670964,300041.993012,300041.993235,3093.2164251030927,0.0,293921.670964,29836.825790576713,87.9858698,63.75335466666667,67.16837995846761,0.31995521372290225,54,64,,False,False,Request timeout: 300.0s exceeded,234,21.16838264042747
210,2026-09-14T02:18:14.148+00:00,2026-09-14T02:23:07.873+00:00,2026-09-14T02:23:14.175+00:00,False,92,91.0,,91.0,293724.746486,300027.30879000004,300027.308853,3261.166400576087,0.02565,293724.746486,30615.707323323117,89.58231455,69.25892641758242,19.846211272328215,0.30330572362562563,54,64,,False,False,Request timeout: 300.0s exceeded,426,21.16838264042747
211,2026-09-14T02:18:18.032+00:00,2026-09-14T02:23:11.763+00:00,2026-09-14T02:23:18.048+00:00,False,92,91.0,,91.0,293730.59499,300015.81227,300015.81225300004,3261.041437532609,0.01839,293730.59499,30616.33763538973,89.95491600000001,69.06832175824175,20.897024497503665,0.3033173462140866,54,64,,False,False,Request timeout: 300.0s exceeded,354,21.16838264042747
212,2026-09-14T02:18:21.449+00:00,2026-09-14T02:23:15.264+00:00,2026-09-14T02:23:21.489+00:00,False,91,90.0,,90.0,293815.267358,300040.34998199996,300040.349928,3297.1467025054944,0.02461,293815.267358,30792.964766593832,89.83523550000001,69.16758471111112,20.18573501235133,0.2999596554443404,54,64,,False,False,Request timeout: 300.0s exceeded,120,21.16838264042747
213,2026-09-14T02:18:25.815+00:00,2026-09-14T02:23:19.365+00:00,2026-09-14T02:23:25.826+00:00,False,99,98.0,,98.0,293550.493684,300011.209972,300011.209837,3030.4162609797977,0.02289,293550.493684,29496.31595284116,87.9668618,65.92567640816327,20.49615384715979,0.326654460708806,54,64,,False,False,Request timeout: 300.0s exceeded,369,21.16838264042747
214,2026-09-14T02:18:29.335+00:00,2026-09-14T02:23:22.691+00:00,2026-09-14T02:23:29.426+00:00,False,100,99.0,,99.0,293356.419772,300090.980796,300090.980706,3000.90980706,0.01992,293356.419772,29328.846481078974,89.04624894999999,68.02586892929293,20.497957723703912,0.3298999514660509,54,64,,False,False,Request timeout: 300.0s exceeded,443,21.16838264042747
215,2026-09-14T02:18:34.024+00:00,2026-09-14T02:23:27.232+00:00,2026-09-14T02:23:34.036+00:00,False,105,104.0,,104.0,293208.41484100005,300011.77663300006,300011.776629,2857.2550155142862,0.0254,293208.41484100005,28607.834916633175,90.316033,65.4169403076923,20.971778425370506,0.34665305864716656,54,64,,False,False,Request timeout: 300.0s exceeded,432,21.16838264042747
216,2026-09-14T02:18:38.520+00:00,2026-09-14T02:23:32.023+00:00,2026-09-14T02:23:38.572+00:00,False,96,95.0,,95.0,293502.90816500003,300052.258565,300052.258471,3125.544359072917,0.03459,293502.90816500003,29948.485676844677,90.448267,68.9405305263158,20.235006445002313,0.31661151445530694,54,64,,False,False,Request timeout: 300.0s exceeded,419,21.16838264042747
217,2026-09-14T02:18:42.184+00:00,2026-09-14T02:23:35.672+00:00,2026-09-14T02:23:42.216+00:00,False,95,94.0,,94.0,293487.686085,300032.112837,300032.11271,3158.232765368421,0.02134,293487.686085,30104.064268418577,88.03275539999999,69.62156119148936,19.16738108345402,0.3132997968489722,54,64,,False,False,Request timeout: 300.0s exceeded,394,21.16838264042747
218,2026-09-14T02:18:44.942+00:00,2026-09-14T02:23:38.657+00:00,2026-09-14T02:23:45.014+00:00,False,96,95.0,,95.0,293715.491038,300072.210142,300072.21008,3125.752188333333,0.02082,293715.491038,29970.38833261209,86.44199525,66.9128326736842,18.77703412866253,0.3165904631923234,54,64,,False,False,Request timeout: 300.0s exceeded,466,21.16838264042747
219,2026-09-14T02:18:49.192+00:00,2026-09-14T02:23:42.922+00:00,2026-09-14T02:23:49.251+00:00,False,96,95.0,,95.0,293729.694775,300058.72517499997,300058.725146,3125.6117202708333,0.02027,293729.694775,29971.867958524374,87.34328574999999,66.62137263157895,19.122935687386683,0.31660469111369516,54,64,,False,False,Request timeout: 300.0s exceeded,437,21.16838264042747
220,2026-09-14T02:18:53.464+00:00,2026-09-14T02:23:47.111+00:00,2026-09-14T02:23:53.549+00:00,False,93,92.0,,92.0,293647.122958,300085.094926,300085.094819,3226.7214496666666,0.03964,293647.122958,30442.538379767386,89.6598586,69.97795617391304,20.118036279125267,0.30657970540885043,54,64,,False,False,Request timeout: 300.0s exceeded,265,21.16838264042747
221,2026-09-14T02:18:59.343+00:00,2026-09-14T02:23:52.689+00:00,2026-09-14T02:23:59.372+00:00,False,101,100.0,,100.0,293345.639936,300028.77184,300028.771931,2970.5819003069305,0.03848,293345.639936,29182.33960836795,90.818699,66.83131904,20.944691536991716,0.3333013676879237,54,64,,False,False,Request timeout: 300.0s exceeded,241,21.16838264042747
222,2026-09-14T02:19:02.095+00:00,2026-09-14T02:23:55.753+00:00,2026-09-14T02:24:02.149+00:00,False,107,106.0,,106.0,293658.55110000004,300053.93055600004,300053.930463,2804.2423407757015,0.0,293658.55110000004,28383.284739545474,91.33530330000002,60.333768452830185,65.0143696437392,0.35326982653945566,54,64,,False,False,Request timeout: 300.0s exceeded,522,21.16838264042747
223,2026-09-14T02:19:04.966+00:00,2026-09-14T02:23:58.630+00:00,2026-09-14T02:24:05.038+00:00,False,107,106.0,,106.0,293663.947925,300072.057493,300072.057562,2804.4117529158875,0.0,293663.947925,28383.79382230226,93.8333193,60.4538638490566,64.55593149564521,0.35324848599897624,54,64,,False,False,Request timeout: 300.0s exceeded,492,21.16838264042747
224,2026-09-14T02:19:08.826+00:00,2026-09-14T02:24:02.607+00:00,2026-09-14T02:24:08.839+00:00,False,95,94.0,,94.0,293780.963767,300012.709047,300012.709127,3158.028517126316,0.04303,293780.963767,30134.496009547154,88.587115,66.29516255319149,20.415294765254117,0.31332006000210466,54,64,,False,False,Request timeout: 300.0s exceeded,355,21.16838264042747
225,2026-09-14T02:19:12.801+00:00,2026-09-14T02:24:06.285+00:00,2026-09-14T02:24:12.830+00:00,False,98,97.0,,97.0,293483.563466,300028.299978,300028.29991400003,3061.513264428572,0.04209,293483.563466,29639.50761993065,86.8205062,67.47151043298969,19.624403959833092,0.32330283512292896,54,64,,False,False,Request timeout: 300.0s exceeded,496,21.16838264042747
226,2026-09-14T02:19:16.963+00:00,2026-09-14T02:24:10.374+00:00,2026-09-14T02:24:17.008+00:00,False,98,97.0,,97.0,293410.646239,300044.120799,300044.120761,3061.6747016428576,0.02542,293410.646239,29632.049156720885,89.45506785000002,68.3863356701031,19.159275733923273,0.32328578790910695,54,64,,False,False,Request timeout: 300.0s exceeded,236,21.16838264042747
227,2026-09-14T02:19:19.770+00:00,2026-09-14T02:24:13.802+00:00,2026-09-14T02:24:19.833+00:00,False,88,87.0,,87.0,294031.999313,300063.15860900003,300063.158567,3409.8086200795456,0.03585,294031.999313,31336.53278433998,88.39491085,69.32367006896553,19.937894966506935,0.2899389595287375,54,64,,False,False,Request timeout: 300.0s exceeded,326,21.16838264042747
228,2026-09-14T02:19:24.294+00:00,2026-09-14T02:24:18.319+00:00,2026-09-14T02:24:24.368+00:00,False,89,88.0,,88.0,294025.532297,300074.386825,300074.386784,3371.6223234157305,0.037509999999999995,294025.532297,31159.364370614745,88.7587968,68.73698327272727,20.063374880297676,0.2932606175792025,54,64,,False,False,Request timeout: 300.0s exceeded,287,21.16838264042747
229,2026-09-14T02:19:28.651+00:00,2026-09-14T02:24:22.203+00:00,2026-09-14T02:24:28.685+00:00,False,98,97.0,,97.0,293551.805598,300033.598622,300033.59861,3061.567332755102,0.03497,293551.805598,29646.46679587363,88.9036167,66.82260849484535,19.82514256505995,0.3232971255402843,54,64,,False,False,Request timeout: 300.0s exceeded,414,21.16838264042747
230,2026-09-14T02:19:32.193+00:00,2026-09-14T02:24:25.556+00:00,2026-09-14T02:24:32.214+00:00,False,100,99.0,,99.0,293362.168888,300020.90604000003,300020.90605600004,3000.20906056,0.092499,293362.168888,29329.49775220712,88.93370940000001,67.25997123232322,20.162828959218892,0.3299770049584508,54,64,,False,False,Request timeout: 300.0s exceeded,389,21.16838264042747
231,2026-09-14T02:19:36.630+00:00,2026-09-14T02:24:30.483+00:00,2026-09-14T02:24:36.711+00:00,False,92,91.0,,91.0,293852.921293,300081.134541,300081.13467,3261.7514638043476,0.02714,293852.921293,30629.155524954836,87.99540455,68.44190382417582,19.652744886148707,0.3032513194779551,54,64,,False,False,Request timeout: 300.0s exceeded,450,21.16838264042747
232,2026-09-14T02:19:39.905+00:00,2026-09-14T02:24:33.533+00:00,2026-09-14T02:24:39.931+00:00,False,93,92.0,,92.0,293627.833791,300026.227647,300026.22782900004,3226.08847127957,0.02084,293627.833791,30440.582731123563,88.71732639999999,69.54775930434784,20.0189200418071,0.30663985852678144,54,64,,False,False,Request timeout: 300.0s exceeded,397,21.16838264042747
233,2026-09-14T02:19:43.429+00:00,2026-09-14T02:24:36.928+00:00,2026-09-14T02:24:43.509+00:00,False,94,93.0,,93.0,293499.133905,300080.512721,300080.512837,3192.3458812446806,0.02014,293499.133905,30264.83166185633,88.42356329999998,70.76751415053764,19.984159968629037,0.30991682584355884,54,64,,False,False,Request timeout: 300.0s exceeded,414,21.16838264042747
234,2026-09-14T02:19:46.355+00:00,2026-09-14T02:24:39.935+00:00,2026-09-14T02:24:47.628+00:00,False,79,78.0,,78.0,293579.747296,301273.61328,301273.613268,3813.590041367089,0.046990000000000004,293579.747296,33020.14323291276,91.4376231,98.6393074871795,250.6128335603048,0.25890086805414236,54,64,,False,False,Request timeout: 300.0s exceeded,325,21.16838264042747
235,2026-09-14T02:19:49.349+00:00,2026-09-14T02:24:42.568+00:00,2026-09-14T02:24:49.397+00:00,False,113,112.0,,112.0,293218.877408,300047.7176,300047.717427,2655.2895347522126,0.01495,293218.877408,27578.78536416112,92.73255440000001,60.971787428571425,212.24180393022175,0.3732739608748152,54,64,,False,False,Request timeout: 300.0s exceeded,532,21.16838264042747
236,2026-09-14T02:19:52.782+00:00,2026-09-14T02:24:47.825+00:00,2026-09-14T02:24:52.790+00:00,False,74,73.0,,73.0,295042.220918,300007.93023,300007.930391,4054.1612214999996,0.039630000000000006,295042.220918,34290.0611893113,91.69138295,68.02341523287672,22.436190814644853,0.24332690120569417,54,64,,False,False,Request timeout: 300.0s exceeded,298,21.16838264042747
237,2026-09-14T02:19:57.595+00:00,2026-09-14T02:24:51.360+00:00,2026-09-14T02:24:57.608+00:00,False,93,92.0,,92.0,293764.408876,300013.2163,300013.21621,3225.948561397849,0.0,293764.408876,30454.984438583557,89.87042420000002,67.92181982608696,69.05553407371389,0.3066531572662588,54,64,,False,False,Request timeout: 300.0s exceeded,470,21.16838264042747
238,2026-09-14T02:20:01.375+00:00,2026-09-14T02:24:55.221+00:00,2026-09-14T02:25:01.393+00:00,False,97,96.0,,96.0,293846.260336,300018.494832,300018.494902,3092.9741742474225,0.0,293846.260336,29829.11602776586,85.610385,64.29410933333334,68.02108405431858,0.31998027339533414,54,64,,False,False,Request timeout: 300.0s exceeded,467,21.16838264042747
239,2026-09-14T02:20:06.301+00:00,2026-09-14T02:24:59.868+00:00,2026-09-14T02:25:06.313+00:00,False,98,97.0,,97.0,293566.79143,300011.97466199996,300011.974689,3061.3466805,0.02255,293566.79143,29648.01857901596,86.66476834999999,66.44518795876289,19.61346700559348,0.3233204278238638,54,64,,False,False,Request timeout: 300.0s exceeded,410,21.16838264042747
240,2026-09-14T02:20:09.383+00:00,2026-09-14T02:25:03.637+00:00,2026-09-14T02:25:09.463+00:00,False,85,84.0,,84.0,294253.817352,300079.78676,300079.78658899997,3530.350430458823,0.03713,294253.817352,31908.790719323068,88.9686522,69.35677866666667,19.456885131691728,0.2799255521571739,54,64,,False,False,Request timeout: 300.0s exceeded,180,21.16838264042747
241,2026-09-14T02:20:12.184+00:00,2026-09-14T02:25:05.841+00:00,2026-09-14T02:25:12.227+00:00,False,94,93.0,,93.0,293656.984384,300042.27846400003,300042.2787,3191.939135106383,0.02456,293656.984384,30281.329856369714,87.91580065,68.65907612903226,19.51243468270134,0.30995631840983506,54,64,,False,False,Request timeout: 300.0s exceeded,361,21.16838264042747
242,2026-09-14T02:20:16.626+00:00,2026-09-14T02:25:10.448+00:00,2026-09-14T02:25:16.662+00:00,False,89,88.0,,88.0,293821.999749,300035.892613,300035.89267800003,3371.1898053707864,0.03301,293821.999749,31137.591327248,90.99683780000001,70.6124189090909,20.3052745120814,0.2932982425322907,54,64,,False,False,Request timeout: 300.0s exceeded,394,21.16838264042747
243,2026-09-14T02:20:19.715+00:00,2026-09-14T02:25:13.594+00:00,2026-09-14T02:25:19.727+00:00,False,91,90.0,,90.0,293879.66134,300011.935772,300011.93585999997,3296.83446,0.03723,293879.66134,30799.823651665676,90.26070949999999,68.13638257777777,20.88919784617741,0.2999880647028566,54,64,,False,False,Request timeout: 300.0s exceeded,474,21.16838264042747
244,2026-09-14T02:20:22.713+00:00,2026-09-14T02:25:16.283+00:00,2026-09-14T02:25:22.730+00:00,False,96,95.0,,95.0,293570.469605,300017.124581,300017.12468,3125.1783820833334,0.03612,293570.469605,29955.49197989231,89.16032849999999,67.8595260631579,20.99091515235427,0.3166485917518067,54,64,,False,False,Request timeout: 300.0s exceeded,331,21.16838264042747
245,2026-09-14T02:20:25.866+00:00,2026-09-14T02:25:19.634+00:00,2026-09-14T02:25:25.941+00:00,False,95,94.0,,94.0,293767.95214899996,300075.05179699993,300075.05176999996,3158.6847554736837,0.02124,293767.95214899996,30133.078735378487,88.78739439999998,67.09680476595744,20.319573900868964,0.31325496550639864,54,64,,False,False,Request timeout: 300.0s exceeded,394,21.16838264042747
246,2026-09-14T02:20:29.322+00:00,2026-09-14T02:25:23.466+00:00,2026-09-14T02:25:29.361+00:00,False,86,85.0,,85.0,294144.180577,300038.300513,300038.30044200004,3488.8174470000004,0.023370000000000002,294144.180577,31710.911907271184,89.82225525,69.34258748235294,20.576732997797848,0.2832971652441324,54,64,,False,False,Request timeout: 300.0s exceeded,433,21.16838264042747
247,2026-09-14T02:20:32.118+00:00,2026-09-14T02:25:25.854+00:00,2026-09-14T02:25:32.139+00:00,False,90,89.0,,89.0,293736.69005000003,300021.76883400005,300021.769029,3333.5752114333336,0.02323,293736.69005000003,30955.12903864339,92.722893,70.61886274157304,21.168600363636116,0.29664514127054253,54,64,,False,False,Request timeout: 300.0s exceeded,382,21.16838264042747
248,2026-09-14T02:20:36.333+00:00,2026-09-14T02:25:30.231+00:00,2026-09-14T02:25:36.381+00:00,False,88,87.0,,87.0,293897.617094,300047.923654,300047.923836,3409.6354981363634,0.02138,293897.617094,31322.061768213203,90.073333,70.69317885057471,20.196953765563865,0.28995368120035375,54,64,,False,False,Request timeout: 300.0s exceeded,350,21.16838264042747
249,2026-09-14T02:20:39.652+00:00,2026-09-14T02:25:33.481+00:00,2026-09-14T02:25:39.692+00:00,False,92,91.0,,91.0,293829.095561,300040.517513,300040.517473,3261.3099725326088,0.038179000000000005,293829.095561,30626.690704693472,89.28055755000001,68.25738408791209,19.567174659534988,0.3032923711580294,54,64,,False,False,Request timeout: 300.0s exceeded,263,21.16838264042747
250,2026-09-14T02:20:44.522+00:00,2026-09-14T02:25:38.272+00:00,2026-09-14T02:25:44.555+00:00,False,94,93.0,,93.0,293749.638212,300032.286788,300032.28673500003,3191.8328376063832,0.042409999999999996,293749.638212,30291.000664078994,89.58583465,67.55536103225806,20.21712204260146,0.3099666405759621,54,64,,False,False,Request timeout: 300.0s exceeded,166,21.16838264042747
251,2026-09-14T02:20:49.430+00:00,2026-09-14T02:25:43.368+00:00,2026-09-14T02:25:49.499+00:00,False,88,87.0,,87.0,293937.66840799997,300068.843832,300068.843884,3409.873225954545,0.023469999999999998,293937.66840799997,31326.354494766772,90.28853269999999,70.47328073563219,19.883281675044312,0.2899334662305322,54,64,,False,False,Request timeout: 300.0s exceeded,460,21.16838264042747
252,2026-09-14T02:20:54.446+00:00,2026-09-14T02:25:48.128+00:00,2026-09-14T02:25:54.502+00:00,False,100,99.0,,99.0,293681.998135,300055.877943,300055.877983,3000.55877983,0.0,293681.998135,29361.83883637769,90.20637945,64.38262432323232,67.71104619830301,0.32993854570916453,54,64,,False,False,Request timeout: 300.0s exceeded,437,21.16838264042747
253,2026-09-14T02:20:58.490+00:00,2026-09-14T02:25:52.078+00:00,2026-09-14T02:25:58.510+00:00,False,100,99.0,,99.0,293588.44820499996,300020.72340499994,300020.723448,3000.2072344799994,0.03892,293588.44820499996,29352.354919262987,89.575119,64.97247676767677,20.872800899969707,0.3299772058290762,54,64,,False,False,Request timeout: 300.0s exceeded,338,21.16838264042747
254,2026-09-14T02:21:02.190+00:00,2026-09-14T02:25:55.981+00:00,2026-09-14T02:26:02.275+00:00,False,92,91.0,,91.0,293790.98223799997,300085.22889399994,300085.22906399996,3261.7959680869562,0.037369,293790.98223799997,30622.622781911356,89.04826205,69.16754567032967,20.42825081170369,0.30324718192691924,54,64,,False,False,Request timeout: 300.0s exceeded,385,21.16838264042747
255,2026-09-14T02:21:07.121+00:00,2026-09-14T02:26:00.715+00:00,2026-09-14T02:26:07.149+00:00,False,92,91.0,,91.0,293594.530435,300028.80422700004,300028.804347,3261.1826559456526,0.03935,293594.530435,30601.980404846712,89.71747749999999,70.70630540659342,19.75278440816829,0.3033042118554388,54,64,,False,False,Request timeout: 300.0s exceeded,370,21.16838264042747
256,2026-09-14T02:21:09.937+00:00,2026-09-14T02:26:03.789+00:00,2026-09-14T02:26:10.025+00:00,False,95,94.0,,94.0,293851.304185,300087.123961,300087.124025,3158.811831842105,0.029179,293851.304185,30141.708477619308,88.7805357,66.33850825531916,20.626475816064563,0.3132423636150961,54,64,,False,False,Request timeout: 300.0s exceeded,354,21.16838264042747
257,2026-09-14T02:21:14.921+00:00,2026-09-14T02:26:08.992+00:00,2026-09-14T02:26:14.960+00:00,False,86,85.0,,85.0,294071.702902,300039.53829399997,300039.538077,3488.831838104651,0.04393,294071.702902,31703.00267830526,90.42413975,70.20982814117647,20.19090820256903,0.2832959965320004,54,64,,False,False,Request timeout: 300.0s exceeded,329,21.16838264042747
258,2026-09-14T02:21:18.101+00:00,2026-09-14T02:26:11.886+00:00,2026-09-14T02:26:18.116+00:00,False,91,90.0,,90.0,293785.065268,300015.222068,300015.221929,3296.8705706483515,0.03646,293785.065268,30789.79273503213,90.59287350000001,69.22396444444445,20.05757294222819,0.299984778704332,54,64,,False,False,Request timeout: 300.0s exceeded,438,21.16838264042747
259,2026-09-14T02:21:21.580+00:00,2026-09-14T02:26:15.300+00:00,2026-09-14T02:26:21.596+00:00,False,95,94.0,,94.0,293720.479966,300015.83561400004,300015.835559,3158.061426936842,0.04217,293720.479966,30128.221413590996,90.80151969999999,66.97186859574468,20.91352692793815,0.3133167947872601,54,64,,False,False,Request timeout: 300.0s exceeded,403,21.16838264042747
260,2026-09-14T02:21:24.623+00:00,2026-09-14T02:26:18.552+00:00,2026-09-14T02:26:24.681+00:00,False,89,88.0,,88.0,293928.38403799996,300057.71830999997,300057.71830199996,3371.4350371011233,0.035609,293928.38403799996,31148.9701958088,89.42889960000001,69.65152581818181,20.77209338538194,0.29327690850826293,54,64,,False,False,Request timeout: 300.0s exceeded,412,21.16838264042747
261,2026-09-14T02:21:29.363+00:00,2026-09-14T02:26:22.971+00:00,2026-09-14T02:26:29.445+00:00,False,95,94.0,,94.0,293607.766308,300081.96304400003,300081.963164,3158.7575069894738,0.0247,293607.766308,30116.462074422598,91.1763794,68.87443336170213,20.96375370550831,0.3132477508693753,54,64,,False,False,Request timeout: 300.0s exceeded,309,21.16838264042747
262,2026-09-14T02:21:32.252+00:00,2026-09-14T02:26:25.974+00:00,2026-09-14T02:26:32.263+00:00,False,95,94.0,,94.0,293722.50022600003,300011.10361800005,300011.10350400006,3158.011615831579,0.03577,293722.50022600003,30128.4359617792,88.16129070000001,66.90003608510638,20.773265377950928,0.31332173665041707,54,64,,False,False,Request timeout: 300.0s exceeded,404,21.16838264042747
263,2026-09-14T02:21:36.699+00:00,2026-09-14T02:26:30.360+00:00,2026-09-14T02:26:36.708+00:00,False,95,94.0,,94.0,293661.06478799996,300008.85742799996,300008.85744999995,3157.9879731578944,0.02104,293661.06478799996,30122.067755284592,88.67049070000002,67.52970893617021,20.085012446295746,0.31332408251499494,54,64,,False,False,Request timeout: 300.0s exceeded,456,21.16838264042747
264,2026-09-14T02:21:41.203+00:00,2026-09-14T02:26:34.865+00:00,2026-09-14T02:26:41.262+00:00,False,97,96.0,,96.0,293661.830657,300059.011841,300059.011786,3093.3918740824743,0.03867,293661.830657,29810.082427305355,88.9381138,66.637304,20.623965164071024,0.3199370664156889,54,64,,False,False,Request timeout: 300.0s exceeded,409,21.16838264042747
265,2026-09-14T02:21:46.397+00:00,2026-09-14T02:26:39.874+00:00,2026-09-14T02:26:46.478+00:00,False,103,102.0,,102.0,293476.83931999997,300081.214872,300081.214812,2913.409852543689,0.0,293476.83931999997,28910.81832169932,89.9696421,64.74877992156863,62.07313278901736,0.3399079813893323,54,64,,False,False,Request timeout: 300.0s exceeded,459,21.16838264042747
266,2026-09-14T02:21:48.560+00:00,2026-09-14T02:26:42.329+00:00,2026-09-14T02:26:48.589+00:00,False,102,101.0,,101.0,293769.104954,300029.46924199996,300029.46940299997,2941.465386303921,0.0,293769.104954,29081.40684525979,88.86768709999998,61.983804831683166,63.39293105442798,0.33663359887669797,54,64,,False,False,Request timeout: 300.0s exceeded,510,21.16838264042747
267,2026-09-14T02:21:52.106+00:00,2026-09-14T02:26:47.657+00:00,2026-09-14T02:26:52.187+00:00,False,70,69.0,,69.0,295550.793974,300080.963574,300080.963466,4286.870906657143,0.02148,295550.793974,35317.23488869495,87.91471945,65.65463188405796,20.160873088351238,0.22993794467400325,54,64,,False,False,Request timeout: 300.0s exceeded,294,21.16838264042747
268,2026-09-14T02:21:57.028+00:00,2026-09-14T02:26:50.524+00:00,2026-09-14T02:26:57.071+00:00,False,99,98.0,,98.0,293496.102505,300042.629481,300042.629358,3030.733629878788,0.023489999999999997,293496.102505,29490.760970555195,88.29216480000001,66.80129567346938,19.814117385484586,0.32662025449355614,54,64,,False,False,Request timeout: 300.0s exceeded,333,21.16838264042747
269,2026-09-14T02:22:00.120+00:00,2026-09-14T02:26:53.868+00:00,2026-09-14T02:27:00.144+00:00,False,92,91.0,,91.0,293748.049524,300024.07358799997,300024.07363899995,3261.1312352065215,0.03515,293748.049524,30618.16737525457,88.35248965000001,68.96729740659342,20.060878040083104,0.303308994214122,54,64,,False,False,Request timeout: 300.0s exceeded,444,21.16838264042747
270,2026-09-14T02:22:03.361+00:00,2026-09-14T02:26:57.364+00:00,2026-09-14T02:27:03.455+00:00,False,87,86.0,,86.0,294002.809337,300094.199801,300094.199771,3449.3586180574716,0.036590000000000004,294002.809337,31512.822161627155,89.66133129999999,70.83012167441859,19.933127481053837,0.286576681778684,54,64,,False,False,Request timeout: 300.0s exceeded,456,21.16838264042747
271,2026-09-14T02:22:06.497+00:00,2026-09-14T02:27:00.604+00:00,2026-09-14T02:27:06.511+00:00,False,87,86.0,,86.0,294107.594828,300013.92622,300013.926333,3448.435934862069,0.04097,294107.594828,31524.286900386196,88.1333303,68.678272,19.699508242400686,0.28665336000748265,54,64,,False,False,Request timeout: 300.0s exceeded,441,21.16838264042747
272,2026-09-14T02:22:10.322+00:00,2026-09-14T02:27:04.165+00:00,2026-09-14T02:27:10.335+00:00,False,94,93.0,,93.0,293843.033217,300012.587393,300012.58735700004,3191.623269755319,0.040670000000000005,293843.033217,30300.75919784353,89.1982133,66.33929221505376,20.44128064148119,0.30998699357295667,54,64,,False,False,Request timeout: 300.0s exceeded,271,21.16838264042747
273,2026-09-14T02:22:13.486+00:00,2026-09-14T02:27:07.391+00:00,2026-09-14T02:27:13.531+00:00,False,95,94.0,,94.0,293905.201198,300044.57323,300044.573131,3158.363927694737,0.04188,293905.201198,30147.343443727248,89.6064537,65.31246842553192,20.598251408869476,0.3132867859867742,54,64,,False,False,Request timeout: 300.0s exceeded,426,21.16838264042747
274,2026-09-14T02:22:16.589+00:00,2026-09-14T02:27:10.500+00:00,2026-09-14T02:27:16.601+00:00,False,94,93.0,,93.0,293910.794637,300011.67297300004,300011.67301100004,3191.613542670213,0.02463,293910.794637,30307.8243022643,89.3413365,65.60084232258065,20.266661533525177,0.30998793839721583,54,64,,False,False,Request timeout: 300.0s exceeded,367,21.16838264042747
275,2026-09-14T02:22:19.798+00:00,2026-09-14T02:27:13.533+00:00,2026-09-14T02:27:19.808+00:00,False,94,93.0,,93.0,293735.594979,300010.070755,300010.070826,3191.596498148936,0.02165,293735.594979,30289.56142947502,88.02254815,67.4674814623656,20.443071614333157,0.30998959390249087,54,64,,False,False,Request timeout: 300.0s exceeded,461,21.16838264042747
276,2026-09-14T02:22:23.218+00:00,2026-09-14T02:27:16.853+00:00,2026-09-14T02:27:23.244+00:00,False,93,92.0,,92.0,293634.96625199995,300026.43095599994,300026.43093299994,3226.0906551935477,0.02237,293634.96625199995,30441.329705715918,88.537019,69.47244243478261,19.33507525132743,0.30663965073627847,54,64,,False,False,Request timeout: 300.0s exceeded,424,21.16838264042747
277,2026-09-14T02:22:26.059+00:00,2026-09-14T02:27:19.761+00:00,2026-09-14T02:27:26.133+00:00,False,91,90.0,,90.0,293701.767242,300073.500234,300073.500335,3297.5109926923074,0.02035,293701.767242,30780.895225163546,88.009969,70.79703324444445,19.098417003884613,0.29992651776920387,54,64,,False,False,Request timeout: 300.0s exceeded,507,21.16838264042747
278,2026-09-14T02:22:29.960+00:00,2026-09-14T02:27:23.833+00:00,2026-09-14T02:27:30.018+00:00,False,90,89.0,,89.0,293873.840021,300058.916757,300058.916908,3333.9879656444446,0.02707,293873.840021,30969.703131885843,89.14148850000001,69.4952442247191,19.27985223384582,0.2966084159801051,54,64,,False,False,Request timeout: 300.0s exceeded,427,21.16838264042747
279,2026-09-14T02:22:33.829+00:00,2026-09-14T02:27:27.519+00:00,2026-09-14T02:27:33.883+00:00,False,101,100.0,,100.0,293690.727578,300053.923482,300053.923379,2970.8309245445544,0.0569,293690.727578,29216.995058395332,88.509553,63.63195904,20.382942903176083,0.3332734291208124,54,64,,False,False,Request timeout: 300.0s exceeded,330,21.16838264042747
280,2026-09-14T02:22:38.768+00:00,2026-09-14T02:27:32.576+00:00,2026-09-14T02:27:38.799+00:00,False,95,94.0,,94.0,293808.071853,300030.80183699995,300030.80186999997,3158.2189670526313,0.0215,293808.071853,30137.28693467994,88.4579744,66.19925514893617,20.197599696065424,0.3133011658285275,54,64,,False,False,Request timeout: 300.0s exceeded,379,21.16838264042747
281,2026-09-14T02:22:43.521+00:00,2026-09-14T02:27:37.258+00:00,2026-09-14T02:27:43.559+00:00,False,96,95.0,,95.0,293736.81809500005,300037.11915100005,300037.1191390001,3125.386657697917,0.0,293736.81809500005,29972.697596140697,91.04179025000002,66.31895848421053,68.6486546236914,0.31662749018793646,54,64,,False,False,Request timeout: 300.0s exceeded,368,21.16838264042747
282,2026-09-14T02:22:48.325+00:00,2026-09-14T02:27:42.583+00:00,2026-09-14T02:27:48.359+00:00,False,89,88.0,,88.0,294257.224079,300033.520015,300033.520219,3371.16314852809,0.023620000000000002,294257.224079,31184.252300021395,90.16519840000001,65.63972654545455,20.60090992214496,0.2933005618692221,54,64,,False,False,Request timeout: 300.0s exceeded,465,21.16838264042747
283,2026-09-14T02:22:53.332+00:00,2026-09-14T02:27:46.989+00:00,2026-09-14T02:27:53.347+00:00,False,93,92.0,,92.0,293656.387009,300014.615489,300014.615651,3225.9636091505376,0.034989,293656.387009,30443.58848301928,89.888504,69.11117913043478,19.474133815240194,0.3066517271168516,54,64,,False,False,Request timeout: 300.0s exceeded,441,21.16838264042747
284,2026-09-14T02:22:57.746+00:00,2026-09-14T02:27:51.556+00:00,2026-09-14T02:27:57.799+00:00,False,94,93.0,,93.0,293809.71562699997,300052.645547,300052.64560199995,3192.049421297872,0.0437,293809.71562699997,30297.241654851226,89.44870944999998,67.12827870967742,20.858154847467812,0.3099456091462208,54,64,,False,False,Request timeout: 300.0s exceeded,432,21.16838264042747
285,2026-09-14T02:23:02.781+00:00,2026-09-14T02:27:56.583+00:00,2026-09-14T02:28:02.821+00:00,False,95,94.0,,94.0,293802.022365,300040.73622099997,300040.73615899996,3158.323538515789,0.01734,293802.022365,30136.649482902525,88.54933069999998,66.36929634042554,21.16702434953111,0.31329079239014646,54,64,,False,False,Request timeout: 300.0s exceeded,486,21.16838264042747
286,2026-09-14T02:23:07.407+00:00,2026-09-14T02:28:00.838+00:00,2026-09-14T02:28:07.446+00:00,False,101,100.0,,100.0,293430.320323,300038.700995,300038.70096700004,2970.6802075940595,0.03892,293430.320323,29190.83988017985,89.01923200000002,66.08380672,20.77529153257676,0.33329033777434747,54,64,,False,False,Request timeout: 300.0s exceeded,478,21.16838264042747
287,2026-09-14T02:23:11.788+00:00,2026-09-14T02:28:05.810+00:00,2026-09-14T02:28:11.867+00:00,False,90,89.0,,89.0,294021.52440600004,300079.18763800006,300079.18764200003,3334.2131960222227,0.019760000000000003,294021.52440600004,30985.422601367474,90.3645254,68.06363182022471,21.23827920178729,0.29658837955588235,54,64,,False,False,Request timeout: 300.0s exceeded,279,21.16838264042747
288,2026-09-14T02:23:15.099+00:00,2026-09-14T02:28:08.875+00:00,2026-09-14T02:28:15.137+00:00,False,102,101.0,,101.0,293776.56664499996,300038.34328499995,300038.3433199999,2941.552385490196,0.015300000000000001,293776.56664499996,29083.374614192322,88.44830355,61.997788514851486,276.22006094132934,0.336623642479129,54,64,,False,False,Request timeout: 300.0s exceeded,501,21.16838264042747
289,2026-09-14T02:23:19.969+00:00,2026-09-14T02:28:14.830+00:00,2026-09-14T02:28:20.027+00:00,False,79,78.0,,78.0,294860.131978,300057.411466,300057.411576,3798.1950832405064,0.0465,294860.131978,33166.866794663925,88.4275468,66.6317883076923,21.314958653015623,0.25995025291631,54,64,,False,False,Request timeout: 300.0s exceeded,230,21.16838264042747
290,2026-09-14T02:23:24.597+00:00,2026-09-14T02:28:17.875+00:00,2026-09-14T02:28:24.657+00:00,False,97,96.0,,96.0,293278.476874,300059.748938,300059.74903899996,3093.399474628866,0.048159999999999994,293278.476874,29770.751939919886,90.4378256,70.63825066666668,19.75584844538204,0.3199362804900435,54,64,,False,False,Request timeout: 300.0s exceeded,395,21.16838264042747
291,2026-09-14T02:23:28.516+00:00,2026-09-14T02:28:22.045+00:00,2026-09-14T02:28:28.584+00:00,False,96,95.0,,95.0,293528.96046,300067.19047599996,300067.19046799996,3125.699900708333,0.0217,293528.96046,29951.156343052317,89.12648925000002,68.82347385263158,19.885897707955987,0.31659575926745087,54,64,,False,False,Request timeout: 300.0s exceeded,502,21.16838264042747
292,2026-09-14T02:23:33.332+00:00,2026-09-14T02:28:26.838+00:00,2026-09-14T02:28:33.408+00:00,False,97,96.0,,96.0,293505.782227,300075.726035,300075.72600699996,3093.5641856391753,0.0327,293505.782227,29794.055149557913,89.21082399999999,68.43691466666667,20.26873657682699,0.31991924594661425,54,64,,False,False,Request timeout: 300.0s exceeded,429,21.16838264042747
293,2026-09-14T02:23:36.722+00:00,2026-09-14T02:28:30.402+00:00,2026-09-14T02:28:36.798+00:00,False,91,90.0,,90.0,293680.227792,300076.834768,300076.834559,3297.547632516483,0.02218,293680.227792,30778.609156894654,90.2312795,71.07341084444444,20.43836227141425,0.2999231849055665,54,64,,False,False,Request timeout: 300.0s exceeded,450,21.16838264042747
294,2026-09-14T02:23:40.622+00:00,2026-09-14T02:28:34.781+00:00,2026-09-14T02:28:40.686+00:00,False,91,90.0,,90.0,294158.989756,300064.259772,300064.25992,3297.4094496703296,0.0,294158.989756,30829.4362350215,88.9538475,65.61411128888889,67.74655853205739,0.2999357539894466,54,64,,False,False,Request timeout: 300.0s exceeded,427,21.16838264042747
295,2026-09-14T02:23:43.660+00:00,2026-09-14T02:28:37.993+00:00,2026-09-14T02:28:43.695+00:00,False,86,85.0,,85.0,294333.01587400003,300035.44608200004,300035.446126,3488.78425727907,0.01967,294333.01587400003,31731.517223368428,88.526158,67.08741421176471,19.789510818319695,0.283299860433055,54,64,,False,False,Request timeout: 300.0s exceeded,328,21.16838264042747
296,2026-09-14T02:23:48.251+00:00,2026-09-14T02:28:42.249+00:00,2026-09-14T02:28:48.322+00:00,False,88,87.0,,87.0,293998.099006,300071.26355,300071.263696,3409.9007238181816,0.05534,293998.099006,31332.867568130103,89.2608692,69.80648901149425,19.996371777228948,0.2899311282618152,54,64,,False,False,Request timeout: 300.0s exceeded,383,21.16838264042747
297,2026-09-14T02:23:51.574+00:00,2026-09-14T02:28:45.112+00:00,2026-09-14T02:28:51.649+00:00,False,98,97.0,,97.0,293538.120541,300075.07234899997,300075.07253199996,3061.990536040816,0.01878,293538.120541,29645.027041132573,87.50893435,67.39125575257732,19.955735565088798,0.3232524422661303,54,64,,False,False,Request timeout: 300.0s exceeded,452,21.16838264042747
298,2026-09-14T02:23:54.685+00:00,2026-09-14T02:28:48.488+00:00,2026-09-14T02:28:54.776+00:00,False,95,94.0,,94.0,293803.51888499997,300091.00150899997,300091.001452,3158.8526468631576,0.022760000000000002,293803.51888499997,30136.748954195693,88.81944370000001,66.8881130212766,19.92321354366427,0.31323831613518366,54,64,,False,False,Request timeout: 300.0s exceeded,483,21.16838264042747
299,2026-09-14T02:23:59.058+00:00,2026-09-14T02:28:52.642+00:00,2026-09-14T02:28:59.081+00:00,False,95,94.0,,94.0,293583.53552499996,300023.155621,300023.155621,3158.1384802210523,0.03552,293583.53552499996,30114.013904031657,91.320414,68.50659676595744,21.130842082979694,0.3133091504401886,54,64,,False,False,Request timeout: 300.0s exceeded,419,21.16838264042747
300,2026-09-14T02:24:02.865+00:00,2026-09-14T02:28:56.076+00:00,2026-09-14T02:29:02.919+00:00,False,103,102.0,,102.0,293211.612464,300054.650928,300054.651118,2913.151952601942,0.042570000000000004,293211.612464,28884.395404524974,89.7214432,67.08861239215686,20.48988307065438,0.3399380735627242,54,64,,False,False,Request timeout: 300.0s exceeded,453,21.16838264042747
301,2026-09-14T02:24:07.893+00:00,2026-09-14T02:29:01.569+00:00,2026-09-14T02:29:07.943+00:00,False,93,92.0,,92.0,293675.884517,300050.178021,300050.177951,3226.3459994731184,0.04983,293675.884517,30445.593188617786,92.1439892,69.28579895652173,21.018109626887366,0.30661538215638406,54,64,,False,False,Request timeout: 300.0s exceeded,393,21.16838264042747
302,2026-09-14T02:24:11.756+00:00,2026-09-14T02:29:05.559+00:00,2026-09-14T02:29:11.824+00:00,False,92,91.0,,91.0,293803.668721,300068.543985,300068.543966,3261.6146083260874,0.03172,293803.668721,30623.978797549855,89.26191149999998,68.84478312087911,19.980928000093012,0.3032640435798194,54,64,,False,False,Request timeout: 300.0s exceeded,418,21.16838264042747
303,2026-09-14T02:24:16.459+00:00,2026-09-14T02:29:10.336+00:00,2026-09-14T02:29:16.523+00:00,False,95,94.0,,94.0,293877.16622899997,300064.770453,300064.77062699996,3158.576532915789,0.02191,293877.16622899997,30144.413991521677,87.01875670000001,65.82557685106383,19.87306659259227,0.3132656987959321,54,64,,False,False,Request timeout: 300.0s exceeded,343,21.16838264042747
304,2026-09-14T02:24:20.755+00:00,2026-09-14T02:29:14.700+00:00,2026-09-14T02:29:20.781+00:00,False,92,91.0,,91.0,293944.83908,300025.96292,300025.962913,3261.151770793478,0.018359999999999998,293944.83908,30638.907449744813,89.45695355,66.8255367032967,20.146127495780437,0.3033070842081242,54,64,,False,False,Request timeout: 300.0s exceeded,263,21.16838264042747
305,2026-09-14T02:24:25.034+00:00,2026-09-14T02:29:18.790+00:00,2026-09-14T02:29:25.110+00:00,False,90,89.0,,89.0,293756.00703100004,300076.56203900004,300076.562068,3334.184022977778,0.02159,293756.00703100004,30957.122453762015,91.72025149999999,71.017472,20.01908346717071,0.29659097463411,54,64,,False,False,Request timeout: 300.0s exceeded,411,21.16838264042747
306,2026-09-14T02:24:29.520+00:00,2026-09-14T02:29:23.245+00:00,2026-09-14T02:29:29.584+00:00,False,91,90.0,,90.0,293724.40347,300063.933198,300063.93321700004,3297.405859527473,0.03564,293724.40347,30783.306084253207,89.00625250000002,70.4392192,19.785142710844838,0.299936080423943,54,64,,False,False,Request timeout: 300.0s exceeded,339,21.16838264042747
307,2026-09-14T02:24:33.264+00:00,2026-09-14T02:29:27.014+00:00,2026-09-14T02:29:33.293+00:00,False,99,98.0,,98.0,293750.109109,300029.181621,300029.181814,3030.5977961010103,0.0,293750.109109,29516.625702738056,90.3239478,64.07216848979591,63.87517702078468,0.3266348942143722,54,64,,False,False,Request timeout: 300.0s exceeded,496,21.16838264042747
308,2026-09-14T02:24:36.469+00:00,2026-09-14T02:29:30.443+00:00,2026-09-14T02:29:36.535+00:00,False,99,98.0,,98.0,293974.76164700004,300066.52177500003,300066.52187700005,3030.974968454546,0.0,293974.76164700004,29539.39580040285,90.59605760000001,62.16081763265306,63.69865284596658,0.32659424790308234,54,64,,False,False,Request timeout: 300.0s exceeded,456,21.16838264042747
309,2026-09-14T02:24:40.826+00:00,2026-09-14T02:29:34.411+00:00,2026-09-14T02:29:40.911+00:00,False,97,96.0,,96.0,293584.85260399996,300084.772732,300084.77254199993,3093.6574488865976,0.03554,293584.85260399996,29802.157849621366,89.2644476,67.70750133333333,20.652378074429553,0.3199096012970168,54,64,,False,False,Request timeout: 300.0s exceeded,430,21.16838264042747
310,2026-09-14T02:24:43.643+00:00,2026-09-14T02:29:37.348+00:00,2026-09-14T02:29:43.682+00:00,False,97,96.0,,96.0,293705.320352,300038.97001600004,300038.969891,3093.1852566082475,0.02127,293705.320352,29814.56530899901,90.9257716,65.97551733333333,20.59315877773069,0.31995843738191965,54,64,,False,False,Request timeout: 300.0s exceeded,421,21.16838264042747
311,2026-09-14T02:24:47.566+00:00,2026-09-14T02:29:40.427+00:00,2026-09-14T02:29:47.682+00:00,False,113,112.0,,112.0,292860.589909,300115.330645,300115.33069399995,2655.8878822477873,0.01799,292860.589909,27543.920585315558,88.768908,64.77447085714286,20.018398035644974,0.3731898659068584,54,64,,False,False,Request timeout: 300.0s exceeded,465,21.16838264042747
312,2026-09-14T02:24:50.991+00:00,2026-09-14T02:29:44.469+00:00,2026-09-14T02:29:51.009+00:00,False,104,103.0,,103.0,293477.898918,300018.13495,300018.135021,2884.7897598173076,0.01765,293477.898918,28771.65720133572,91.09049329999999,63.49743720388349,21.554207650615982,0.3433125801450823,54,64,,False,False,Request timeout: 300.0s exceeded,487,21.16838264042747
313,2026-09-14T02:24:54.681+00:00,2026-09-14T02:29:48.907+00:00,2026-09-14T02:29:54.690+00:00,False,83,82.0,,82.0,294225.870642,300008.603442,300008.603334,3614.5614859518073,0.019849,294225.870642,32287.750515205287,89.5219311,70.52113170731707,20.219888690774216,0.273325494866526,54,64,,False,False,Request timeout: 300.0s exceeded,358,21.16838264042747
314,2026-09-14T02:24:58.301+00:00,2026-09-14T02:29:52.266+00:00,2026-09-14T02:29:58.337+00:00,False,91,90.0,,90.0,293965.072676,300035.63293200004,300035.63303100003,3297.0948684725277,0.02158,293965.072676,30808.848938833376,88.9652865,67.45066951111112,20.68856521288804,0.2999643712998501,54,64,,False,False,Request timeout: 300.0s exceeded,411,21.16838264042747
315,2026-09-14T02:25:01.254+00:00,2026-09-14T02:29:55.196+00:00,2026-09-14T02:30:01.331+00:00,False,89,88.0,,88.0,293941.787616,300076.851424,300076.851365,3371.6500153370785,0.0441,293941.787616,31150.384184683717,89.671407,69.7166341818182,20.944573127364063,0.2932582089634716,54,64,,False,False,Request timeout: 300.0s exceeded,374,21.16838264042747
316,2026-09-14T02:25:04.443+00:00,2026-09-14T02:29:58.509+00:00,2026-09-14T02:30:04.497+00:00,False,85,84.0,,84.0,294066.29903500003,300053.81365900004,300053.81377500005,3530.044867941177,0.02837,294066.29903500003,31888.243387159728,89.110364,71.279936,20.23311144187516,0.2799497829261483,54,64,,False,False,Request timeout: 300.0s exceeded,338,21.16838264042747
317,2026-09-14T02:25:08.183+00:00,2026-09-14T02:30:01.884+00:00,2026-09-14T02:30:08.205+00:00,False,93,92.0,,92.0,293701.352149,300021.865941,300021.865886,3226.0415686666665,0.02588,293701.352149,30448.294399091206,90.260082,68.70123686956522,20.610586554165057,0.3066443164448954,54,64,,False,False,Request timeout: 300.0s exceeded,463,21.16838264042747
318,2026-09-14T02:25:13.112+00:00,2026-09-14T02:30:07.121+00:00,2026-09-14T02:30:13.172+00:00,False,89,88.0,,88.0,294008.44267400005,300059.90430600004,300059.90412,3371.459596853933,0.02221,294008.44267400005,31157.54969710137,89.14546579999998,68.76660945454546,20.004751636153337,0.2932747719277345,54,64,,False,False,Request timeout: 300.0s exceeded,326,21.16838264042747
319,2026-09-14T02:25:16.635+00:00,2026-09-14T02:30:10.540+00:00,2026-09-14T02:30:16.694+00:00,False,94,93.0,,93.0,293905.179173,300058.840613,300058.84047299996,3192.115324180851,0.08721,293905.179173,30307.186218500152,87.9631638,66.16840258064516,19.72448822189299,0.30993920995631147,54,64,,False,False,Request timeout: 300.0s exceeded,352,21.16838264042747
320,2026-09-14T02:25:20.295+00:00,2026-09-14T02:30:13.967+00:00,2026-09-14T02:30:20.342+00:00,False,97,96.0,,96.0,293672.213989,300047.181541,300047.181461,3093.2699119690724,0.048069,293672.213989,29811.15986147634,88.1583916,66.405912,20.13986730405723,0.3199496809367031,54,64,,False,False,Request timeout: 300.0s exceeded,229,21.16838264042747
321,2026-09-14T02:25:24.716+00:00,2026-09-14T02:30:18.119+00:00,2026-09-14T02:30:24.794+00:00,False,97,96.0,,96.0,293402.97006099997,300078.062285,300078.06220999995,3093.5882702061854,0.03474,293402.97006099997,29783.504895412352,89.2450876,69.53221066666667,20.19090710607314,0.31991675522359153,54,64,,False,False,Request timeout: 300.0s exceeded,331,21.16838264042747
322,2026-09-14T02:25:29.160+00:00,2026-09-14T02:30:22.784+00:00,2026-09-14T02:30:29.166+00:00,False,101,100.0,,100.0,293623.424078,300005.921358,300005.92124500003,2970.355655891089,0.0,293623.424078,29210.3422348432,92.011665,63.8249728,64.44029441067346,0.33332675417652513,54,64,,False,False,Request timeout: 300.0s exceeded,557,21.16838264042747
323,2026-09-14T02:25:32.443+00:00,2026-09-14T02:30:26.316+00:00,2026-09-14T02:30:32.528+00:00,False,101,100.0,,100.0,293873.100883,300085.120083,300085.1202,2971.139803960396,0.0,293873.100883,29235.35566852942,93.568903,62.120192,64.48218316141455,0.333238782290642,54,64,,False,False,Request timeout: 300.0s exceeded,257,21.16838264042747
324,2026-09-14T02:25:37.144+00:00,2026-09-14T02:30:31.152+00:00,2026-09-14T02:30:37.155+00:00,False,88,87.0,,87.0,294007.826333,300010.55170899996,300010.55177099997,3409.2108155795454,0.032029,294007.826333,31333.99112100614,89.91569485,68.99684340229885,20.478698519547354,0.28998980037337835,54,64,,False,False,Request timeout: 300.0s exceeded,264,21.16838264042747
325,2026-09-14T02:25:42.072+00:00,2026-09-14T02:30:35.772+00:00,2026-09-14T02:30:42.156+00:00,False,97,96.0,,96.0,293700.02664600004,300084.45647000003,300084.45645900007,3093.6541902989693,0.039240000000000004,293700.02664600004,29813.97402180926,87.95613440000001,66.50447733333334,20.46836029372573,0.3199099384529345,54,64,,False,False,Request timeout: 300.0s exceeded,188,21.16838264042747
326,2026-09-14T02:25:46.281+00:00,2026-09-14T02:30:39.739+00:00,2026-09-14T02:30:46.361+00:00,False,101,100.0,,100.0,293457.99752,300079.534032,300079.534252,2971.0844975445543,0.01998,293457.99752,29193.580358118863,88.914762,66.21536512,20.178233459491643,0.33324498560883586,54,64,,False,False,Request timeout: 300.0s exceeded,468,21.16838264042747
327,2026-09-14T02:25:50.359+00:00,2026-09-14T02:30:43.842+00:00,2026-09-14T02:30:50.397+00:00,False,98,97.0,,97.0,293482.91746799997,300037.97999599995,300037.979901,3061.612039806122,0.02036,293482.91746799997,29639.432450259545,89.14433650000001,67.57796420618557,20.866099283731945,0.32329240451923186,54,64,,False,False,Request timeout: 300.0s exceeded,434,21.16838264042747
328,2026-09-14T02:25:54.849+00:00,2026-09-14T02:30:48.711+00:00,2026-09-14T02:30:54.884+00:00,False,94,93.0,,93.0,293861.943485,300034.965437,300034.965384,3191.8613338723403,0.02271,293861.943485,30302.70607194402,89.70002680000002,66.37658012903226,20.849683185539433,0.3099638732590576,54,64,,False,False,Request timeout: 300.0s exceeded,139,21.16838264042747
329,2026-09-14T02:25:58.166+00:00,2026-09-14T02:30:52.144+00:00,2026-09-14T02:30:58.206+00:00,False,90,89.0,,89.0,293978.477692,300040.087932,300040.087726,3333.778752511111,0.041319,293978.477692,30980.879930093986,90.09828140000002,68.10798022471911,20.524347004215834,0.29662702945271313,54,64,,False,False,Request timeout: 300.0s exceeded,400,21.16838264042747
330,2026-09-14T02:26:02.070+00:00,2026-09-14T02:30:55.351+00:00,2026-09-14T02:31:02.090+00:00,False,99,98.0,,98.0,293280.85652,300020.534728,300020.53466199996,3030.510451131313,0.04239,293280.85652,29468.93051052467,89.3690559,68.7722266122449,20.777326115296795,0.3266443081599307,54,64,,False,False,Request timeout: 300.0s exceeded,169,21.16838264042747
331,2026-09-14T02:26:05.446+00:00,2026-09-14T02:30:58.967+00:00,2026-09-14T02:31:05.463+00:00,False,95,94.0,,94.0,293520.959384,300016.973976,300016.973901,3158.0734094842105,0.020149999999999998,293520.959384,30107.531917514316,89.34596010000001,69.10653821276597,20.75467636100483,0.31331560596141333,54,64,,False,False,Request timeout: 300.0s exceeded,434,21.16838264042747
332,2026-09-14T02:26:08.741+00:00,2026-09-14T02:31:02.488+00:00,2026-09-14T02:31:08.782+00:00,False,92,91.0,,91.0,293747.098501,300041.31008499995,300041.31005399994,3261.318587543478,0.02154,293747.098501,30618.04728373219,87.59028550000001,69.16716026373626,19.900492070294355,0.303291569998212,54,64,,False,False,Request timeout: 300.0s exceeded,450,21.16838264042747
333,2026-09-14T02:26:12.380+00:00,2026-09-14T02:31:06.201+00:00,2026-09-14T02:31:12.466+00:00,False,93,92.0,,92.0,293820.94707999995,300085.61728799995,300085.61740499997,3226.7270688709673,0.019190000000000002,293820.94707999995,30460.758350834796,88.3291076,68.09424139130435,19.99724247987962,0.30657917174252713,54,64,,False,False,Request timeout: 300.0s exceeded,259,21.16838264042747
334,2026-09-14T02:26:16.383+00:00,2026-09-14T02:31:10.233+00:00,2026-09-14T02:31:16.404+00:00,False,94,93.0,,93.0,293849.367315,300020.93877099996,300020.938867,3191.7121156063827,0.018789999999999998,293849.367315,30301.410225851505,87.6153795,66.36098339784947,20.37110391160889,0.3099783647800164,54,64,,False,False,Request timeout: 300.0s exceeded,434,21.16838264042747
335,2026-09-14T02:26:19.837+00:00,2026-09-14T02:31:13.623+00:00,2026-09-14T02:31:19.894+00:00,False,97,96.0,,96.0,293785.997012,300057.299668,300057.299673,3093.3742234329898,0.02198,293785.997012,29822.822397341777,86.90556459999999,65.32606933333334,20.11227264618185,0.31993889202568876,54,64,,False,False,Request timeout: 300.0s exceeded,167,21.16838264042747
336,2026-09-14T02:26:24.062+00:00,2026-09-14T02:31:17.827+00:00,2026-09-14T02:31:24.127+00:00,False,100,99.0,,99.0,293765.50088,300065.683152,300065.68303,3000.6568303,0.0,293765.50088,29370.264569899296,89.41988485,63.63820476767677,68.16481717508611,0.3299277643483509,54,64,,False,False,Request timeout: 300.0s exceeded,213,21.16838264042747
337,2026-09-14T02:26:27.353+00:00,2026-09-14T02:31:21.736+00:00,2026-09-14T02:31:27.363+00:00,False,94,93.0,,93.0,294382.89021,300009.567202,300009.567302,3191.591141510638,0.0,294382.89021,30357.05121587865,90.27377759999999,60.50190313978495,30.0989333619872,0.3099901142065313,54,64,,False,False,Request timeout: 300.0s exceeded,500,21.16838264042747
338,2026-09-14T02:26:31.584+00:00,2026-09-14T02:31:25.268+00:00,2026-09-14T02:31:31.643+00:00,False,92,91.0,,91.0,293684.001531,300059.665147,300059.665272,3261.518100782609,0.03743,293684.001531,30611.37555569717,88.820458,70.06223753846153,19.748858842831336,0.3032730172361516,54,64,,False,False,Request timeout: 300.0s exceeded,448,21.16838264042747
339,2026-09-14T02:26:36.222+00:00,2026-09-14T02:31:29.700+00:00,2026-09-14T02:31:36.245+00:00,False,95,94.0,,94.0,293478.134351,300023.240527,300023.240704,3158.139375831579,0.02144,293478.134351,30103.084148776747,89.0576414,69.62878910638298,20.111362850611098,0.3133090617743016,54,64,,False,False,Request timeout: 300.0s exceeded,487,21.16838264042747
340,2026-09-14T02:26:40.641+00:00,2026-09-14T02:31:33.858+00:00,2026-09-14T02:31:40.718+00:00,False,102,101.0,,101.0,293216.374008,300076.68581600004,300076.685756,2941.9282917254905,0.01986,293216.374008,29026.02844721495,87.80055955000002,67.92387928712871,19.797836253308315,0.3365806301324283,54,64,,False,False,Request timeout: 300.0s exceeded,416,21.16838264042747
341,2026-09-14T02:26:45.086+00:00,2026-09-14T02:31:38.258+00:00,2026-09-14T02:31:45.123+00:00,False,107,106.0,,106.0,293172.053876,300036.55947599997,300036.559497,2804.0799952990656,0.0353,293172.053876,28335.759101680007,89.15237200000001,64.75948679245283,20.62099896898264,0.35329027964166804,54,64,,False,False,Request timeout: 300.0s exceeded,267,21.16838264042747
342,2026-09-14T02:26:48.723+00:00,2026-09-14T02:31:42.334+00:00,2026-09-14T02:31:48.771+00:00,False,101,100.0,,100.0,293610.618503,300047.673479,300047.673697,2970.7690465049504,0.03897,293610.618503,29208.950686619806,88.909452,64.37054976,20.770105392637205,0.33328037121740556,54,64,,False,False,Request timeout: 300.0s exceeded,463,21.16838264042747
343,2026-09-14T02:26:52.891+00:00,2026-09-14T02:31:46.770+00:00,2026-09-14T02:31:52.954+00:00,False,95,94.0,,94.0,293878.384954,300062.374458,300062.37431,3158.551308526316,0.01766,293878.384954,30144.543237771104,86.96445200000002,65.78712238297872,20.270822897965296,0.31326820021934226,54,64,,False,False,Request timeout: 300.0s exceeded,394,21.16838264042747
344,2026-09-14T02:26:55.727+00:00,2026-09-14T02:31:49.017+00:00,2026-09-14T02:31:55.783+00:00,False,103,102.0,,102.0,293289.210741,300055.60178100003,300055.601877,2913.161183271845,0.03143,293289.210741,28892.115370300944,90.1452281,66.33716705882352,20.40434507477358,0.3399369963252551,54,64,,False,False,Request timeout: 300.0s exceeded,339,21.16838264042747
345,2026-09-14T02:27:00.188+00:00,2026-09-14T02:31:54.004+00:00,2026-09-14T02:32:00.198+00:00,False,92,91.0,,91.0,293815.158216,300009.403592,300009.40344,3260.9717765217392,0.019350000000000003,293815.158216,30625.25806338644,88.128932,68.06863050549451,20.717112803949668,0.303323825555002,54,64,,False,False,Request timeout: 300.0s exceeded,440,21.16838264042747
346,2026-09-14T02:27:03.179+00:00,2026-09-14T02:31:56.997+00:00,2026-09-14T02:32:05.552+00:00,False,90,89.0,,89.0,293817.39401499997,302372.974687,302372.974474,3359.6997163777773,0.02954,293817.39401499997,30962.09613814443,88.2974468,96.13011991011237,269.11637743043667,0.2943384741712713,54,64,,False,False,Request timeout: 300.0s exceeded,474,21.16838264042747
347,2026-09-14T02:27:06.941+00:00,2026-09-14T02:32:00.596+00:00,2026-09-14T02:32:06.956+00:00,False,106,105.0,,105.0,293654.807512,300014.58607200003,300014.58613600006,2830.326284301887,0.0152,293654.807512,28517.516191191466,89.91208350000001,60.56931961904762,254.28265917806104,0.3499829837433344,54,64,,False,False,Request timeout: 300.0s exceeded,456,21.16838264042747
348,2026-09-14T02:27:10.386+00:00,2026-09-14T02:32:05.854+00:00,2026-09-14T02:32:10.439+00:00,False,70,69.0,,69.0,295468.797357,300052.838573,300052.83846,4286.469120857143,0.03433,295468.797357,35307.341432896894,90.47319029999998,66.43537994202899,20.73914496856262,0.22995949756100362,54,64,,False,False,Request timeout: 300.0s exceeded,268,21.16838264042747
349,2026-09-14T02:27:13.486+00:00,2026-09-14T02:32:07.075+00:00,2026-09-14T02:32:13.493+00:00,False,97,96.0,,96.0,293588.80167799996,300006.95258999994,300006.95255899994,3092.855181020618,0.01777,293588.80167799996,29802.64420996606,86.907736,66.85573866666667,18.99572680595671,0.3199925840758663,54,64,,False,False,Request timeout: 300.0s exceeded,428,21.16838264042747
350,2026-09-14T02:27:16.840+00:00,2026-09-14T02:32:10.439+00:00,2026-09-14T02:32:16.938+00:00,False,100,99.0,,99.0,293598.443412,300097.39074,300097.390773,3000.97390773,0.0,293598.443412,29353.349219875297,87.90272235,65.64593260606061,64.18786997149469,0.3298929049528863,54,64,,False,False,Request timeout: 300.0s exceeded,279,21.16838264042747
351,2026-09-14T02:27:21.810+00:00,2026-09-14T02:32:15.293+00:00,2026-09-14T02:32:21.887+00:00,False,100,99.0,,99.0,293482.897121,300077.388513,300077.38837999996,3000.7738838,0.0,293482.897121,29341.69712866675,89.53466045,66.61102416161616,63.73336452869955,0.32991489458963724,54,64,,False,False,Request timeout: 300.0s exceeded,425,21.16838264042747
352,2026-09-14T02:27:25.175+00:00,2026-09-14T02:32:18.817+00:00,2026-09-14T02:32:25.259+00:00,False,92,91.0,,91.0,293642.538308,300083.965764,300083.96577,3261.782236630435,0.02501,293642.538308,30606.977672291097,92.44633655,70.78491709890109,20.21339170056697,0.3032484583717033,54,64,,False,False,Request timeout: 300.0s exceeded,309,21.16838264042747
353,2026-09-14T02:27:28.629+00:00,2026-09-14T02:32:22.624+00:00,2026-09-14T02:32:28.645+00:00,False,84,83.0,,83.0,293995.23957700003,300016.164761,300016.16456600005,3571.6210067380957,0.039740000000000004,293995.23957700003,32069.60142306554,90.32766080000002,72.54126727710843,19.51152079517242,0.2766517599680663,54,64,,False,False,Request timeout: 300.0s exceeded,349,21.16838264042747
354,2026-09-14T02:27:32.944+00:00,2026-09-14T02:32:26.662+00:00,2026-09-14T02:32:32.978+00:00,False,90,89.0,,89.0,293718.08452499995,300034.13674899994,300034.13674299995,3333.712630477777,0.044029000000000006,293718.08452499995,30953.130841251055,90.7335335,70.96687892134833,20.690808337542425,0.296632913055673,54,64,,False,False,Request timeout: 300.0s exceeded,377,21.16838264042747
355,2026-09-14T02:27:35.691+00:00,2026-09-14T02:32:29.476+00:00,2026-09-14T02:32:35.751+00:00,False,91,90.0,,90.0,293785.858816,300060.561152,300060.561184,3297.36880421978,0.02995,293785.858816,30789.82418839789,89.6699905,69.71891484444444,20.292194617304222,0.299939451071043,54,64,,False,False,Request timeout: 300.0s exceeded,421,21.16838264042747
356,2026-09-14T02:27:40.253+00:00,2026-09-14T02:32:33.933+00:00,2026-09-14T02:32:40.295+00:00,False,92,91.0,,91.0,293680.81010299997,300041.997431,300041.99741099996,3261.326058815217,0.020989999999999998,293680.81010299997,30611.059341315577,88.39633055,69.90315745054946,19.638096974467757,0.3032908752079851,54,64,,False,False,Request timeout: 300.0s exceeded,468,21.16838264042747
357,2026-09-14T02:27:43.050+00:00,2026-09-14T02:32:36.955+00:00,2026-09-14T02:32:43.087+00:00,False,93,92.0,,92.0,293904.791307,300036.352523,300036.35251899995,3226.1973389139785,0.04517,293904.791307,30469.60278906959,89.29941960000001,66.64740452173913,20.255400302382572,0.30662951081218576,54,64,,False,False,Request timeout: 300.0s exceeded,378,21.16838264042747
358,2026-09-14T02:27:47.001+00:00,2026-09-14T02:32:41.217+00:00,2026-09-14T02:32:47.014+00:00,False,87,86.0,,86.0,294216.27994700003,300012.836491,300012.83657600003,3448.4234089195406,0.04197,294216.27994700003,31536.076515639,90.75148499999999,67.40182027906977,20.492825669809942,0.2866544012111958,54,64,,False,False,Request timeout: 300.0s exceeded,376,21.16838264042747
359,2026-09-14T02:27:49.752+00:00,2026-09-14T02:32:43.595+00:00,2026-09-14T02:32:49.779+00:00,False,89,88.0,,88.0,293842.7873,300026.44861200004,300026.448722,3371.083693505618,0.02203,293842.7873,31139.83102817305,90.4073376,70.26887854545454,20.008760295227415,0.2933074747480123,54,64,,False,False,Request timeout: 300.0s exceeded,296,21.16838264042747
360,2026-09-14T02:27:53.963+00:00,2026-09-14T02:32:47.509+00:00,2026-09-14T02:32:54.021+00:00,False,95,94.0,,94.0,293545.89954400004,300057.29359200003,300057.29371500004,3158.497828578948,0.02299,293545.89954400004,30110.073295677408,87.564813,69.27014944680852,19.79197186593507,0.31327350478544136,54,64,,False,False,Request timeout: 300.0s exceeded,230,21.16838264042747
361,2026-09-14T02:27:57.169+00:00,2026-09-14T02:32:50.665+00:00,2026-09-14T02:32:57.191+00:00,False,95,94.0,,94.0,293496.37990600005,300021.9719700001,300021.97177600005,3158.1260186947375,0.02082,293496.37990600005,30104.976654496026,88.33234039999999,69.42119217021276,18.946295560062634,0.31331038651195614,54,64,,False,False,Request timeout: 300.0s exceeded,390,21.16838264042747
362,2026-09-14T02:28:01.748+00:00,2026-09-14T02:32:55.470+00:00,2026-09-14T02:33:01.818+00:00,False,95,94.0,,94.0,293722.31693699997,300070.73984899995,300070.73985199997,3158.6393668631576,0.02185,293722.31693699997,30128.351035189386,87.5157264,67.53641395744681,19.518006669311944,0.31325946690871026,54,64,,False,False,Request timeout: 300.0s exceeded,492,21.16838264042747
363,2026-09-14T02:28:06.576+00:00,2026-09-14T02:33:00.131+00:00,2026-09-14T02:33:06.604+00:00,False,96,95.0,,95.0,293554.70201999997,300027.96128399996,300027.96122099995,3125.2912627187497,0.03254,293554.70201999997,29953.853604935306,88.34247325,68.1395712,20.225406331698302,0.31663715472863896,54,64,,False,False,Request timeout: 300.0s exceeded,299,21.16838264042747
364,2026-09-14T02:28:09.386+00:00,2026-09-14T02:33:02.998+00:00,2026-09-14T02:33:09.398+00:00,False,96,95.0,,95.0,293611.885404,300011.8895,300011.88956,3125.123849583333,0.04419,293611.885404,29959.769055214045,90.826111,67.36846416842106,20.95518266152909,0.3166541171362477,54,64,,False,False,Request timeout: 300.0s exceeded,441,21.16838264042747
365,2026-09-14T02:28:14.617+00:00,2026-09-14T02:33:06.138+00:00,2026-09-14T02:33:14.752+00:00,False,142,141.0,,141.0,291520.948277,300135.041077,300135.04102999996,2113.627049507042,0.0,291520.948277,24458.8353001537,89.59094905,61.092856737588654,57.69470970400638,0.46978853083611216,54,64,,False,False,Request timeout: 300.0s exceeded,639,21.16838264042747
366,2026-09-14T02:28:18.921+00:00,2026-09-14T02:33:12.848+00:00,2026-09-14T02:33:18.950+00:00,False,101,100.0,,100.0,293926.42403500003,300028.323555,300028.32365000003,2970.5774618811884,0.03065,293926.42403500003,29240.708640617442,90.832809,61.018995200000006,21.667581296391482,0.33330186568758535,54,64,,False,False,Request timeout: 300.0s exceeded,453,21.16838264042747
367,2026-09-14T02:28:23.075+00:00,2026-09-14T02:33:16.511+00:00,2026-09-14T02:33:23.116+00:00,False,96,95.0,,95.0,293436.493103,300041.845807,300041.845735,3125.4358930729163,0.03612,293436.493103,29941.646899011506,89.43618675000002,69.53002846315789,20.00173795832598,0.31662250225292954,54,64,,False,False,Request timeout: 300.0s exceeded,372,21.16838264042747
368,2026-09-14T02:28:27.304+00:00,2026-09-14T02:33:21.466+00:00,2026-09-14T02:33:27.334+00:00,False,85,84.0,,84.0,294162.697364,300030.069908,300030.069854,3529.7655276941177,0.0212,294162.697364,31898.854203228308,90.4035534,69.84967314285714,19.93952903533195,0.2799719375653161,54,64,,False,False,Request timeout: 300.0s exceeded,268,21.16838264042747
369,2026-09-14T02:28:30.754+00:00,2026-09-14T02:33:24.810+00:00,2026-09-14T02:33:30.784+00:00,False,92,91.0,,91.0,294055.375704,300030.123608,300030.12382700003,3261.1969981195653,0.01816,294055.375704,30650.553304728855,87.591916,65.65657037362638,19.749780606628388,0.30330287807665185,54,64,,False,False,Request timeout: 300.0s exceeded,393,21.16838264042747
370,2026-09-14T02:28:34.601+00:00,2026-09-14T02:33:28.129+00:00,2026-09-14T02:33:34.640+00:00,False,102,101.0,,101.0,293528.49891900003,300039.13443900004,300039.134351,2941.5601406960786,0.02089,293528.49891900003,29057.276607897027,89.43862115,64.46173782178218,20.372626898346358,0.3366227548577799,54,64,,False,False,Request timeout: 300.0s exceeded,559,21.16838264042747
371,2026-09-14T02:28:37.615+00:00,2026-09-14T02:33:31.355+00:00,2026-09-14T02:33:37.827+00:00,False,98,97.0,,97.0,293739.711587,300211.813987,300211.81397,3063.3858568367345,0.02208,293739.711587,29665.458382610777,87.18139,66.72270515463917,20.01753625420381,0.3231052059936601,54,64,,False,False,Request timeout: 300.0s exceeded,450,21.16838264042747
372,2026-09-14T02:28:41.331+00:00,2026-09-14T02:33:35.186+00:00,2026-09-14T02:33:41.425+00:00,False,98,97.0,,97.0,293855.39724699996,300094.074239,300094.07441099995,3062.1844327653057,0.018949999999999998,293855.39724699996,29677.38797209314,87.6897891,64.31625764948454,20.735818181011712,0.3232319739934204,54,64,,False,False,Request timeout: 300.0s exceeded,276,21.16838264042747
373,2026-09-14T02:28:45.693+00:00,2026-09-14T02:33:39.576+00:00,2026-09-14T02:33:45.719+00:00,False,92,91.0,,91.0,293882.979971,300025.816963,300025.816939,3261.150184119565,0.03762,293882.979971,30632.387912811275,86.72962500000001,67.50370320879121,20.786805190136892,0.30330723176139995,54,64,,False,False,Request timeout: 300.0s exceeded,465,21.16838264042747
374,2026-09-14T02:28:49.935+00:00,2026-09-14T02:33:43.641+00:00,2026-09-14T02:33:49.969+00:00,False,96,95.0,,95.0,293706.754656,300034.28361600003,300034.283564,3125.357120458333,0.02339,293706.754656,29969.528657538805,86.90962925,66.605568,19.748692634699268,0.31663048254040893,54,64,,False,False,Request timeout: 300.0s exceeded,347,21.16838264042747
375,2026-09-14T02:28:54.173+00:00,2026-09-14T02:33:48.292+00:00,2026-09-14T02:33:54.214+00:00,False,92,91.0,,91.0,294119.36809899996,300041.08406699996,300041.084223,3261.3161328586953,0.04517,294119.36809899996,30657.285887193666,86.451776,65.07380184615384,19.995604083507697,0.3032917984647711,54,64,,False,False,Request timeout: 300.0s exceeded,365,21.16838264042747
376,2026-09-14T02:28:58.409+00:00,2026-09-14T02:33:51.991+00:00,2026-09-14T02:33:58.419+00:00,False,96,95.0,,95.0,293582.13960500003,300009.853141,300009.853262,3125.1026381458337,0.023329999999999997,293582.13960500003,29956.702178556727,87.53686499999999,67.66014248421052,19.15870655808284,0.3166562664705264,54,64,,False,False,Request timeout: 300.0s exceeded,410,21.16838264042747
377,2026-09-14T02:29:01.162+00:00,2026-09-14T02:33:54.849+00:00,2026-09-14T02:34:01.233+00:00,False,95,94.0,,94.0,293686.179788,300070.903244,300070.903445,3158.641088894737,0.02445,293686.179788,30124.60421266954,87.8012687,67.92258995744682,20.118720727988837,0.3132592963322563,54,64,,False,False,Request timeout: 300.0s exceeded,423,21.16838264042747
378,2026-09-14T02:29:04.786+00:00,2026-09-14T02:33:58.420+00:00,2026-09-14T02:34:04.810+00:00,False,96,95.0,,95.0,293634.47817,300023.95401000004,300023.953977,3125.2495205937503,0.035590000000000004,293634.47817,29962.085374472903,88.98376725,67.25764042105263,19.679849133429666,0.31664138389707897,54,64,,False,False,Request timeout: 300.0s exceeded,251,21.16838264042747
379,2026-09-14T02:29:07.557+00:00,2026-09-14T02:34:01.155+00:00,2026-09-14T02:34:07.602+00:00,False,101,100.0,,100.0,293598.515079,300045.41581499996,300045.415757,2970.7466906633663,0.0,293598.515079,29207.80392213552,87.878504,64.46900736,66.38117499362914,0.3332828789547558,54,64,,False,False,Request timeout: 300.0s exceeded,241,21.16838264042747
380,2026-09-14T02:29:10.385+00:00,2026-09-14T02:34:04.232+00:00,2026-09-14T02:34:10.447+00:00,False,94,93.0,,93.0,293847.20563599997,300062.241284,300062.24140199996,3192.1515042765955,0.0,293847.20563599997,30301.20848644333,90.09806645,66.82834030107527,68.32296880412561,0.30993569734746557,54,64,,False,False,Request timeout: 300.0s exceeded,401,21.16838264042747
381,2026-09-14T02:29:14.746+00:00,2026-09-14T02:34:08.439+00:00,2026-09-14T02:34:14.759+00:00,False,88,87.0,,87.0,293692.79796600004,300012.28059000004,300012.280711,3409.2304626250007,0.02034,293692.79796600004,31300.02061642323,91.5901327,72.63773131034483,20.080575618740426,0.2899881292489327,54,64,,False,False,Request timeout: 300.0s exceeded,355,21.16838264042747
382,2026-09-14T02:29:18.963+00:00,2026-09-14T02:34:12.948+00:00,2026-09-14T02:34:19.032+00:00,False,89,88.0,,88.0,293985.234753,300069.37324900005,300069.37325400003,3371.565991617978,0.02436,293985.234753,31155.050657786614,88.986981,69.13793745454545,20.55759202090725,0.2932655173941289,54,64,,False,False,Request timeout: 300.0s exceeded,424,21.16838264042747
383,2026-09-14T02:29:22.244+00:00,2026-09-14T02:34:15.829+00:00,2026-09-14T02:34:22.272+00:00,False,97,96.0,,96.0,293585.317209,300028.942681,300028.942762,3093.0818841443297,0.037759999999999995,293585.317209,29802.2642525669,89.2401518,67.12109866666667,20.194669662302992,0.3199691307850595,54,64,,False,False,Request timeout: 300.0s exceeded,414,21.16838264042747
384,2026-09-14T02:29:26.993+00:00,2026-09-14T02:34:20.644+00:00,2026-09-14T02:34:27.075+00:00,False,94,93.0,,93.0,293650.941925,300082.217445,300082.217304,3192.3640138723404,0.03829,293650.941925,30280.655916777636,88.85835630000001,69.15350021505377,19.958894788470083,0.3099150652505603,54,64,,False,False,Request timeout: 300.0s exceeded,406,21.16838264042747
385,2026-09-14T02:29:30.605+00:00,2026-09-14T02:34:24.159+00:00,2026-09-14T02:34:30.699+00:00,False,96,95.0,,95.0,293554.66362999997,300094.62420599995,300094.62438,3125.985670625,0.0345,293554.66362999997,29953.777643274952,88.2392135,68.84169027368421,19.642973177826356,0.316566817054301,54,64,,False,False,Request timeout: 300.0s exceeded,168,21.16838264042747
386,2026-09-14T02:29:34.256+00:00,2026-09-14T02:34:28.100+00:00,2026-09-14T02:34:34.319+00:00,False,96,95.0,,95.0,293844.566872,300063.093848,300063.093721,3125.657226260417,0.03685,293844.566872,29983.711174341042,86.1319885,65.45817869473684,19.77085245203955,0.31660008160858066,54,64,,False,False,Request timeout: 300.0s exceeded,400,21.16838264042747
387,2026-09-14T02:29:39.112+00:00,2026-09-14T02:34:32.970+00:00,2026-09-14T02:34:39.134+00:00,False,91,90.0,,90.0,293858.14036799996,300021.82676799997,300021.82700199995,3296.9431538681315,0.03683,293858.14036799996,30797.53077399007,90.02130000000001,68.48540444444444,20.467892558071746,0.2999781748199105,54,64,,False,False,Request timeout: 300.0s exceeded,381,21.16838264042747
388,2026-09-14T02:29:42.061+00:00,2026-09-14T02:34:35.882+00:00,2026-09-14T02:34:42.094+00:00,False,90,89.0,,89.0,293821.382439,300033.573671,300033.573521,3333.7063724555555,0.02853,293821.382439,30964.142126245475,89.3689545,69.79990148314607,20.26386653444572,0.29663346975159655,54,64,,False,False,Request timeout: 300.0s exceeded,392,21.16838264042747
389,2026-09-14T02:29:45.351+00:00,2026-09-14T02:34:39.434+00:00,2026-09-14T02:34:45.357+00:00,False,87,86.0,,86.0,294082.86902999994,300006.46710999997,300006.46697099996,3448.3501950689647,0.02133,294082.86902999994,31521.614066450096,87.355082,68.87904744186046,18.998039164730393,0.28666048711699055,54,64,,False,False,Request timeout: 300.0s exceeded,419,21.16838264042747
390,2026-09-14T02:29:50.112+00:00,2026-09-14T02:34:44.082+00:00,2026-09-14T02:34:50.182+00:00,False,94,93.0,,93.0,293969.54336400004,300069.27942800004,300069.279303,3192.22637556383,0.04143,293969.54336400004,30313.884612572758,86.42833515000001,65.58855982795698,19.615221638190985,0.3099284277860068,54,64,,False,False,Request timeout: 300.0s exceeded,474,21.16838264042747
391,2026-09-14T02:29:54.889+00:00,2026-09-14T02:34:48.970+00:00,2026-09-14T02:34:54.914+00:00,False,88,87.0,,87.0,294081.209622,300024.59726999997,300024.597381,3409.370424784091,0.034179,294081.209622,31341.886266667447,88.2806767,68.31480055172413,20.09815206358417,0.2899762245883674,54,64,,True,False,Request timeout: 300.0s exceeded,386,21.16838264042747
392,2026-09-14T02:29:57.729+00:00,2026-09-14T02:34:51.155+00:00,2026-09-14T02:34:57.814+00:00,False,98,97.0,,97.0,293425.77860799996,300084.12919999997,300084.12908899994,3062.0829498877547,0.041059,293425.77860799996,29633.552395860508,89.06386685,68.64278960824743,19.99290425471438,0.3232426861713552,54,64,,True,False,Request timeout: 300.0s exceeded,448,21.16838264042747
393,2026-09-14T02:30:00.717+00:00,2026-09-14T02:34:54.367+00:00,2026-09-14T02:35:00.789+00:00,False,98,97.0,,97.0,293650.507177,300072.076969,300072.07692799997,3061.959968653061,0.02854,293650.507177,29656.50046255037,89.84131735000001,66.2017504329897,20.6942763612286,0.3232556690372125,54,64,,True,False,Request timeout: 300.0s exceeded,370,21.16838264042747
394,2026-09-14T02:30:04.040+00:00,2026-09-14T02:34:57.556+00:00,2026-09-14T02:35:04.124+00:00,False,102,101.0,,101.0,293515.99974400003,300083.93548800005,300083.935576,2941.999368392157,0.02671,293515.99974400003,29055.98256517117,86.89294105,65.02906677227723,19.985533466604313,0.33657249874356854,54,64,,True,False,Request timeout: 300.0s exceeded,389,21.16838264042747
395,2026-09-14T02:30:08.607+00:00,2026-09-14T02:35:02.275+00:00,2026-09-14T02:35:08.629+00:00,False,95,94.0,,94.0,293668.481527,300022.313975,300022.314101,3158.1296221157895,0.01998,293668.481527,30122.82186105859,87.9091827,67.59396221276596,19.71310478312696,0.3133100293594588,54,64,,True,False,Request timeout: 300.0s exceeded,575,21.16838264042747
396,2026-09-14T02:30:13.100+00:00,2026-09-14T02:35:06.510+00:00,2026-09-14T02:35:13.182+00:00,False,101,100.0,,100.0,293410.255357,300082.246653,300082.246619,2971.1113526633662,0.03564,293410.255357,29188.779676636615,89.85635099999999,66.71991296,20.242835374164894,0.3332419732102144,54,64,,True,False,Request timeout: 300.0s exceeded,489,21.16838264042747
397,2026-09-14T02:30:16.592+00:00,2026-09-14T02:35:10.175+00:00,2026-09-14T02:35:16.640+00:00,False,97,96.0,,96.0,293583.397095,300048.211175,300048.211214,3093.2805279793815,0.03397,293583.397095,29802.047227269126,89.4698396,67.34181333333333,20.699602006322475,0.3199485830095784,54,64,,True,False,Request timeout: 300.0s exceeded,477,21.16838264042747
398,2026-09-14T02:30:21.504+00:00,2026-09-14T02:35:15.170+00:00,2026-09-14T02:35:21.516+00:00,False,90,89.0,,89.0,293665.330667,300011.93546699994,300011.93543699995,3333.4659493,0.02155,293665.330667,30947.53315488637,88.8574885,71.31016629213484,19.511982690128757,0.2966548642855232,54,64,,True,False,Request timeout: 300.0s exceeded,339,21.16838264042747
399,2026-09-14T02:30:24.865+00:00,2026-09-14T02:35:18.205+00:00,2026-09-14T02:35:24.923+00:00,False,98,97.0,,97.0,293340.313606,300058.574854,300058.574852,3061.822192367347,0.03797,293340.313606,29624.856484706044,87.04816985,69.2604252371134,19.609764046174117,0.3232702149811831,54,64,,True,False,Request timeout: 300.0s exceeded,462,21.16838264042747
400,2026-09-14T02:30:29.428+00:00,2026-09-14T02:35:23.053+00:00,2026-09-14T02:35:29.483+00:00,False,96,95.0,,95.0,293624.235162,300054.809754,300054.809735,3125.570934739583,0.02604,293624.235162,29960.99750596491,87.89291975,67.6902588631579,22.152256646333115,0.3166088224944162,54,64,,True,False,Request timeout: 300.0s exceeded,457,21.16838264042747
401,2026-09-14T02:30:33.105+00:00,2026-09-14T02:35:26.974+00:00,2026-09-14T02:35:33.112+00:00,False,91,90.0,,90.0,293869.32255000004,300007.03391000006,300007.03374200006,3296.780590571429,0.03595,293869.32255000004,30798.732924423883,89.66916099999999,68.1967928888889,19.98177423302631,0.29999296625491567,54,64,,True,False,Request timeout: 300.0s exceeded,421,21.16838264042747
402,2026-09-14T02:30:38.139+00:00,2026-09-14T02:35:31.773+00:00,2026-09-14T02:35:38.178+00:00,False,95,94.0,,94.0,293634.240982,300038.890198,300038.890159,3158.3041069368423,0.03542,293634.240982,30119.253373285646,87.35905269999999,68.13456612765957,19.68509660377287,0.31329271994696434,54,64,,True,False,Request timeout: 300.0s exceeded,453,21.16838264042747
403,2026-09-14T02:30:42.426+00:00,2026-09-14T02:35:36.135+00:00,2026-09-14T02:35:42.490+00:00,False,96,95.0,,95.0,293708.592089,300063.697113,300063.69711099996,3125.6635115729164,0.023510000000000003,293708.592089,29969.68688771469,90.23207174999999,66.89584235789474,20.239576510336708,0.31659944509789956,54,64,,True,False,Request timeout: 300.0s exceeded,477,21.16838264042747
404,2026-09-14T02:30:46.189+00:00,2026-09-14T02:35:39.854+00:00,2026-09-14T02:35:46.272+00:00,False,95,94.0,,94.0,293665.580514,300083.67484999995,300083.67485199997,3158.7755247578943,0.02148,293665.580514,30122.454897163178,90.6396197,68.27759931914895,20.931468822824765,0.3132459639698391,54,64,,True,False,Request timeout: 300.0s exceeded,396,21.16838264042747
405,2026-09-14T02:30:48.992+00:00,2026-09-14T02:35:42.661+00:00,2026-09-14T02:35:49.060+00:00,False,93,92.0,,92.0,293669.19189899997,300067.947995,300067.94808799995,3226.5370762150533,0.060090000000000005,293669.19189899997,30444.871468996687,89.05057120000001,69.55169669565217,20.789669439641397,0.30659722444442145,54,64,,True,False,Request timeout: 300.0s exceeded,433,21.16838264042747
406,2026-09-14T02:30:53.760+00:00,2026-09-14T02:35:47.133+00:00,2026-09-14T02:35:53.783+00:00,False,99,98.0,,98.0,293373.27740799997,300023.12214399996,300023.12224799994,3030.536588363636,0.039238999999999996,293373.27740799997,29478.31053160792,88.5085838,67.85555853061224,19.667173376553293,0.32664149116135005,54,64,,True,False,Request timeout: 300.0s exceeded,397,21.16838264042747
407,2026-09-14T02:30:56.972+00:00,2026-09-14T02:35:50.859+00:00,2026-09-14T02:35:57.036+00:00,False,90,89.0,,89.0,293887.292518,300064.539238,300064.539156,3334.0504350666665,0.02461,293887.292518,30971.1303043011,87.7504768,69.40726651685392,19.085616970090335,0.2966028582584646,54,64,,True,False,Request timeout: 300.0s exceeded,403,21.16838264042747
408,2026-09-14T02:31:01.062+00:00,2026-09-14T02:35:54.830+00:00,2026-09-14T02:36:01.117+00:00,False,92,91.0,,91.0,293767.611866,300054.427354,300054.42744299996,3261.4611678586957,0.027219999999999998,293767.611866,30620.194041549184,88.3014511,69.08588448351648,19.298131881886867,0.30327831121331694,54,64,,True,False,Request timeout: 300.0s exceeded,409,21.16838264042747
409,2026-09-14T02:31:06.041+00:00,2026-09-14T02:36:00.050+00:00,2026-09-14T02:36:06.087+00:00,False,87,86.0,,86.0,294009.332022,300046.26207,300046.262107,3448.8076104252873,0.0208,294009.332022,31513.589539744775,89.77838230000002,70.1968610232558,20.219704865324807,0.28662246750448245,54,64,,True,False,Request timeout: 300.0s exceeded,470,21.16838264042747
410,2026-09-14T02:31:09.233+00:00,2026-09-14T02:36:03.228+00:00,2026-09-14T02:36:09.265+00:00,False,85,84.0,,84.0,293995.209897,300031.551913,300031.551942,3529.7829640235295,0.0209,293995.209897,31880.4692252767,89.7870872,71.86121447619048,19.55944524538967,0.2799705546447243,54,64,,True,False,Request timeout: 300.0s exceeded,362,21.16838264042747
411,2026-09-14T02:31:12.688+00:00,2026-09-14T02:36:06.775+00:00,2026-09-14T02:36:12.709+00:00,False,87,86.0,,86.0,294087.16432700003,300021.156519,300021.15666700003,3448.519042149426,0.0221,294087.16432700003,31522.061542967193,87.4011303,68.99990920930232,18.88104592832574,0.28664645186298293,54,64,,True,False,Request timeout: 300.0s exceeded,288,21.16838264042747
412,2026-09-14T02:31:16.353+00:00,2026-09-14T02:36:10.189+00:00,2026-09-14T02:36:16.401+00:00,False,91,90.0,,90.0,293835.628062,300047.53462199995,300047.53461599996,3297.225655120879,0.03761,293835.628062,30795.113624366237,88.19385399999999,69.021184,18.79503462123834,0.2999524729086078,54,64,,True,False,Request timeout: 300.0s exceeded,439,21.16838264042747
413,2026-09-14T02:31:20.734+00:00,2026-09-14T02:36:14.506+00:00,2026-09-14T02:36:20.802+00:00,False,91,90.0,,90.0,293772.79136000003,300068.221504,300068.221497,3297.4529834835166,0.036109999999999996,293772.79136000003,30788.429542394148,87.1348215,69.94922382222222,19.25002352279554,0.29993179400638487,54,64,,True,False,Request timeout: 300.0s exceeded,296,21.16838264042747
414,2026-09-14T02:31:23.612+00:00,2026-09-14T02:36:17.877+00:00,2026-09-14T02:36:23.675+00:00,False,88,87.0,,87.0,294264.183536,300062.21592000005,300062.215983,3409.7979088977277,0.03706,294264.183536,31361.569265718994,88.40482270000001,66.6440503908046,19.804998405744396,0.28993987041405833,54,64,,True,False,Request timeout: 300.0s exceeded,358,21.16838264042747
415,2026-09-14T02:31:28.568+00:00,2026-09-14T02:36:22.930+00:00,2026-09-14T02:36:28.611+00:00,False,82,81.0,,81.0,294362.22879400005,300043.70079400006,300043.7008270001,3659.0695222804884,0.022699999999999998,294362.22879400005,32499.13023200038,87.58753555,70.14162962962963,19.762814518345362,0.2699606750138437,54,64,,True,False,Request timeout: 300.0s exceeded,240,21.16838264042747
416,2026-09-14T02:31:33.595+00:00,2026-09-14T02:36:27.363+00:00,2026-09-14T02:36:33.605+00:00,False,89,88.0,,88.0,293767.746124,300009.619788,300009.619598,3370.894602224719,0.04157,293767.746124,31131.806000161123,87.9315744,70.93038254545455,19.10383569256432,0.2933239276200032,54,64,,True,False,Request timeout: 300.0s exceeded,386,21.16838264042747
417,2026-09-14T02:31:38.616+00:00,2026-09-14T02:36:32.457+00:00,2026-09-14T02:36:38.661+00:00,False,91,90.0,,90.0,293841.053397,300044.296917,300044.296901,3297.190075835165,0.018,293841.053397,30795.693810555542,88.34351350000001,68.924928,20.93678065661624,0.29995570962275714,54,64,,True,False,Request timeout: 300.0s exceeded,436,21.16838264042747
418,2026-09-14T02:31:43.154+00:00,2026-09-14T02:36:36.920+00:00,2026-09-14T02:36:43.185+00:00,False,94,93.0,,93.0,293765.87145200005,300031.49884400005,300031.49902200006,3191.8244576808515,0.03393,293765.87145200005,30292.69418747144,90.90445799999999,67.3723375483871,20.689834021731834,0.30996745461167363,54,64,,True,False,Request timeout: 300.0s exceeded,424,21.16838264042747
419,2026-09-14T02:31:47.194+00:00,2026-09-14T02:36:41.133+00:00,2026-09-14T02:36:47.219+00:00,False,89,88.0,,88.0,293938.92977999995,300024.96369999996,300024.96345899993,3371.067005157303,0.03544,293938.92977999995,31150.14041237555,91.3741792,69.15947636363636,21.09270468654703,0.29330892641317907,54,64,,True,False,Request timeout: 300.0s exceeded,411,21.16838264042747
420,2026-09-14T02:31:52.161+00:00,2026-09-14T02:36:45.900+00:00,2026-09-14T02:36:52.239+00:00,False,95,94.0,,94.0,293738.229588,300077.922132,300077.922063,3158.71496908421,0.03718,293738.229588,30129.993759672725,89.20803329999998,67.44353770212767,20.421242389981632,0.3132519691290409,54,64,,True,False,Request timeout: 300.0s exceeded,429,21.16838264042747
421,2026-09-14T02:31:55.679+00:00,2026-09-14T02:36:49.724+00:00,2026-09-14T02:36:55.690+00:00,False,85,84.0,,84.0,294045.510115,300011.31158700003,300011.311568,3529.5448419764707,0.02983,294045.510115,31886.015681364806,87.80173119999999,71.02144609523809,18.796736850306793,0.27998944291685784,54,64,,True,False,Request timeout: 300.0s exceeded,409,21.16838264042747
422,2026-09-14T02:32:00.650+00:00,2026-09-14T02:36:54.422+00:00,2026-09-14T02:37:00.674+00:00,False,89,88.0,,88.0,293771.992058,300023.67769,300023.67778800003,3371.0525594157302,0.03464,293771.992058,31132.24514237673,90.2244974,71.04188218181818,20.52385200323341,0.2933101836413263,54,64,,True,False,Request timeout: 300.0s exceeded,405,21.16838264042747
423,2026-09-14T02:32:05.565+00:00,2026-09-14T02:36:58.167+00:00,2026-09-14T02:37:05.723+00:00,False,115,114.0,,114.0,292601.563033,300157.068185,300157.068041,2610.061461226087,0.03778,292601.563033,27279.063344823317,88.6580207,66.27636098245614,19.91343354090124,0.37980115107513246,54,64,,True,False,Request timeout: 300.0s exceeded,479,21.16838264042747
424,2026-09-14T02:32:07.065+00:00,2026-09-14T02:37:00.762+00:00,2026-09-14T02:37:07.184+00:00,False,101,100.0,,100.0,293697.370973,300119.348317,300119.348332,2971.4786963564356,0.037899999999999996,293697.370973,29217.60352752826,90.88316800000001,64.21977344,27.65311276276677,0.3332007768268754,54,64,,True,False,Request timeout: 300.0s exceeded,377,21.16838264042747
425,2026-09-14T02:32:11.737+00:00,2026-09-14T02:37:06.938+00:00,2026-09-14T02:37:11.796+00:00,False,73,72.0,,72.0,295201.293994,300059.052202,300059.052083,4110.397973739726,0.0,295201.293994,34542.815468777204,89.403447,67.468864,31.316916618334407,0.2399527675356701,54,64,,True,False,Request timeout: 300.0s exceeded,378,21.16838264042747
426,2026-09-14T02:32:15.936+00:00,2026-09-14T02:37:09.649+00:00,2026-09-14T02:37:16.558+00:00,False,104,103.0,,103.0,293712.689059,300621.998243,300621.998189,2890.596136432692,0.03954,293712.689059,28794.327730120025,88.47025580000002,67.08067168932038,19.917065668801996,0.34262296372849804,54,64,,True,False,Request timeout: 300.0s exceeded,482,21.16838264042747
427,2026-09-14T02:32:19.530+00:00,2026-09-14T02:37:13.251+00:00,2026-09-14T02:37:19.566+00:00,False,99,98.0,,98.0,293721.444503,300035.76181500003,300035.761889,3030.6642615050505,0.02076,293721.444503,29513.64718095694,88.23678399999999,64.43180930612245,20.334645312455184,0.32662773066507356,54,64,,True,False,Request timeout: 300.0s exceeded,326,21.16838264042747
428,2026-09-14T02:32:22.388+00:00,2026-09-14T02:37:16.088+00:00,2026-09-14T02:37:22.481+00:00,False,98,97.0,,97.0,293699.815411,300092.926451,300092.926432,3062.1727186938774,0.019969999999999998,293699.815411,29661.51072677184,88.639871,65.9083612371134,20.32140715042313,0.3232332102830769,54,64,,True,False,Request timeout: 300.0s exceeded,435,21.16838264042747
429,2026-09-14T02:32:27.334+00:00,2026-09-14T02:37:21.346+00:00,2026-09-14T02:37:27.346+00:00,False,91,90.0,,90.0,294012.149028,300011.802916,300011.80311800004,3296.8330012967035,0.026760000000000003,294012.149028,30813.866122539286,87.06162499999999,66.66282097777778,20.159754105740582,0.29998819754834444,54,64,,True,False,Request timeout: 300.0s exceeded,131,21.16838264042747
430,2026-09-14T02:32:31.078+00:00,2026-09-14T02:37:24.642+00:00,2026-09-14T02:37:31.136+00:00,False,95,94.0,,94.0,293564.366115,300058.05929899996,300058.059374,3158.5058881473683,0.05139,293564.366115,30111.987219375842,87.4301023,69.08184238297872,19.751885171330123,0.31327270535443763,54,64,,True,False,Request timeout: 300.0s exceeded,494,21.16838264042747
431,2026-09-14T02:32:33.995+00:00,2026-09-14T02:37:27.767+00:00,2026-09-14T02:37:34.019+00:00,False,90,89.0,,89.0,293771.945259,300023.962155,300023.962218,3333.5995802,0.040409999999999995,293771.945259,30958.88281821558,86.46879700000001,70.24738085393258,18.647998099383297,0.29664297265036565,54,64,,True,False,Request timeout: 300.0s exceeded,355,21.16838264042747
432,2026-09-14T02:32:37.674+00:00,2026-09-14T02:37:31.261+00:00,2026-09-14T02:37:37.747+00:00,False,95,94.0,,94.0,293587.036509,300073.356893,300073.357018,3158.666915978947,0.07773999999999999,293587.036509,30114.320413707774,86.3022567,69.00340834042554,18.501628481537598,0.31325673486406347,54,64,,True,False,Request timeout: 300.0s exceeded,347,21.16838264042747
433,2026-09-14T02:32:42.042+00:00,2026-09-14T02:37:36.099+00:00,2026-09-14T02:37:42.120+00:00,False,90,89.0,,89.0,294056.84806,300078.802108,300078.802056,3334.208911733333,0.02511,294056.84806,30989.18801806231,88.2531235,67.66240503370787,20.767337443313863,0.29658876060151834,54,64,,True,False,Request timeout: 300.0s exceeded,387,21.16838264042747
434,2026-09-14T02:32:46.004+00:00,2026-09-14T02:37:39.876+00:00,2026-09-14T02:37:46.032+00:00,False,87,86.0,,86.0,293871.755723,300027.861963,300027.86202,3448.5961151724136,0.02084,293871.755723,31498.690246379163,88.24111630000002,71.58263069767442,18.578878533396164,0.2866400454855279,54,64,,True,False,Request timeout: 300.0s exceeded,398,21.16838264042747
435,2026-09-14T02:32:50.275+00:00,2026-09-14T02:37:44.319+00:00,2026-09-14T02:37:50.289+00:00,False,88,87.0,,87.0,294044.260736,300013.92396800005,300013.92394600005,3409.2491357500003,0.03787,294044.260736,31337.914800543684,87.55323684999999,68.6168187586207,19.281209489598393,0.28998654078895203,54,64,,True,False,Request timeout: 300.0s exceeded,332,21.16838264042747
436,2026-09-14T02:32:54.998+00:00,2026-09-14T02:37:48.810+00:00,2026-09-14T02:37:55.067+00:00,False,91,90.0,,90.0,293811.645515,300068.879947,300068.879998,3297.4602197582417,0.02513,293811.645515,30792.547598469915,89.3213015,69.52482702222223,20.113707732393983,0.2999311358641934,54,64,,True,False,Request timeout: 300.0s exceeded,261,21.16838264042747
437,2026-09-14T02:32:59.630+00:00,2026-09-14T02:37:53.205+00:00,2026-09-14T02:37:59.673+00:00,False,92,91.0,,91.0,293574.259153,300042.288849,300042.288852,3261.329226652174,0.02498,293574.259153,30599.828518719114,90.975154,71.07724940659341,20.08537838530839,0.3032905806347747,54,64,,True,False,Request timeout: 300.0s exceeded,373,21.16838264042747
438,2026-09-14T02:33:02.927+00:00,2026-09-14T02:37:56.524+00:00,2026-09-14T02:38:03.013+00:00,False,95,94.0,,94.0,293596.96944300004,300085.861091,300085.860867,3158.7985354421057,0.039520000000000007,293596.96944300004,30115.337930921072,90.54252100000002,69.03076221276596,20.419201798570725,0.3132436818524243,54,64,,True,False,Request timeout: 300.0s exceeded,459,21.16838264042747
439,2026-09-14T02:33:06.839+00:00,2026-09-14T02:38:00.597+00:00,2026-09-14T02:38:06.868+00:00,False,93,92.0,,92.0,293757.517672,300029.333096,300029.333055,3226.1218608064514,0.02475,293757.517672,30454.17319114008,88.68705460000001,68.1719067826087,20.32628044599361,0.3066366846556396,54,64,,True,False,Request timeout: 300.0s exceeded,413,21.16838264042747
440,2026-09-14T02:33:10.995+00:00,2026-09-14T02:38:04.950+00:00,2026-09-14T02:38:12.779+00:00,False,71,70.0,,70.0,293955.170892,301783.831628,301783.831538,4250.476500535212,0.058499,293955.170892,34874.570257187464,89.7784055,111.83801051428571,355.14012353550424,0.23195410974265487,54,64,,True,False,Request timeout: 300.0s exceeded,350,21.16838264042747
441,2026-09-14T02:33:15.184+00:00,2026-09-14T02:38:08.722+00:00,2026-09-14T02:38:15.222+00:00,False,106,105.0,,105.0,293537.928459,300037.65377100004,300037.65396200004,2830.5439053018868,0.01531,293537.928459,28506.463326189907,90.3324945,61.902145828571435,298.8657177584582,0.3499560761134998,54,64,,True,False,Request timeout: 300.0s exceeded,226,21.16838264042747
442,2026-09-14T02:33:19.598+00:00,2026-09-14T02:38:14.043+00:00,2026-09-14T02:38:19.684+00:00,False,87,86.0,,86.0,294444.851093,300085.99822899996,300085.99835799995,3449.2643489425286,0.022539999999999998,294444.851093,31560.77510292911,87.67256000000002,65.59473413953488,19.62275361074214,0.2865845141310864,54,64,,True,False,Request timeout: 300.0s exceeded,268,21.16838264042747
443,2026-09-14T02:33:23.435+00:00,2026-09-14T02:38:17.053+00:00,2026-09-14T02:38:23.483+00:00,False,95,94.0,,94.0,293618.04782599997,300048.67848199996,300048.678584,3158.4071429894734,0.02028,293618.04782599997,30117.56351492055,87.89279269999999,68.41096442553192,19.50184666374233,0.31328249961160587,54,64,,True,False,Request timeout: 300.0s exceeded,442,21.16838264042747
444,2026-09-14T02:33:27.184+00:00,2026-09-14T02:38:20.938+00:00,2026-09-14T02:38:27.205+00:00,False,95,94.0,,94.0,293753.911828,300021.084948,300021.084951,3158.116683694737,0.0256,293753.911828,30131.68177488851,88.695258,66.67205446808511,20.27049652971414,0.3133113128242043,54,64,,True,False,Request timeout: 300.0s exceeded,439,21.16838264042747
445,2026-09-14T02:33:30.289+00:00,2026-09-14T02:38:24.040+00:00,2026-09-14T02:38:30.334+00:00,False,97,96.0,,96.0,293750.86999299994,300044.68093699997,300044.68093999993,3093.2441334020614,0.021079999999999998,293750.86999299994,29819.231800376005,88.44708460000001,65.56053066666666,19.835548028864498,0.3199523474310715,54,64,,True,False,Request timeout: 300.0s exceeded,552,21.16838264042747
446,2026-09-14T02:33:34.288+00:00,2026-09-14T02:38:28.025+00:00,2026-09-14T02:38:34.380+00:00,False,95,94.0,,94.0,293737.29437,300091.991586,300091.99155700003,3158.863069021053,0.03455,293737.29437,30129.88124940218,88.3929987,67.60316187234042,20.14829497127036,0.31323728268523815,54,64,,True,False,Request timeout: 300.0s exceeded,451,21.16838264042747
447,2026-09-14T02:33:38.555+00:00,2026-09-14T02:38:31.725+00:00,2026-09-14T02:38:38.614+00:00,False,99,98.0,,98.0,293169.959766,300058.680918,300058.680946,3030.895767131313,0.01866,293169.959766,29457.631691443592,90.01280790000001,70.29307297959183,20.155201301375143,0.32660278216307104,54,64,,True,False,Request timeout: 300.0s exceeded,467,21.16838264042747
448,2026-09-14T02:33:43.561+00:00,2026-09-14T02:38:37.598+00:00,2026-09-14T02:38:43.570+00:00,False,90,89.0,,89.0,294036.411004,300008.548732,300008.548699,3333.4283188777777,0.023219999999999998,294036.411004,30987.092705383333,88.155672,67.10267110112359,20.67749573119071,0.29665821316146695,54,64,,True,False,Request timeout: 300.0s exceeded,408,21.16838264042747
449,2026-09-14T02:33:46.513+00:00,2026-09-14T02:38:40.323+00:00,2026-09-14T02:38:46.549+00:00,False,99,98.0,,98.0,293810.246609,300036.736465,300036.73639900004,3030.6741050404044,0.02238,293810.246609,29522.662019171403,85.9630459,63.53561077551021,20.070944725819885,0.3266266696359428,54,64,,True,False,Request timeout: 300.0s exceeded,463,21.16838264042747
450,2026-09-14T02:33:49.679+00:00,2026-09-14T02:38:43.489+00:00,2026-09-14T02:38:49.699+00:00,False,95,94.0,,94.0,293810.291939,300020.574435,300020.574572,3158.111311284211,0.03469,293810.291939,30137.527905366464,87.96262300000001,66.06683506382979,19.598767226298058,0.3133118459526357,54,64,,True,False,Request timeout: 300.0s exceeded,456,21.16838264042747
451,2026-09-14T02:33:54.077+00:00,2026-09-14T02:38:47.672+00:00,2026-09-14T02:38:54.113+00:00,False,97,96.0,,96.0,293595.099531,300035.790219,300035.790088,3093.1524751340207,0.03408,293595.099531,29803.26030282579,88.08032599999999,67.090528,19.745187378335718,0.3199618283203092,54,64,,True,False,Request timeout: 300.0s exceeded,489,21.16838264042747
452,2026-09-14T02:33:58.353+00:00,2026-09-14T02:38:51.809+00:00,2026-09-14T02:38:58.373+00:00,False,98,97.0,,97.0,293455.82312300004,300020.428307,300020.42821800004,3061.4329410000005,0.041409999999999995,293455.82312300004,29636.684941780608,88.37434535,67.6763421030928,19.942493197829595,0.3233113176571544,54,64,,True,False,Request timeout: 300.0s exceeded,431,21.16838264042747
453,2026-09-14T02:34:01.414+00:00,2026-09-14T02:38:55.193+00:00,2026-09-14T02:39:01.464+00:00,False,94,93.0,,93.0,293778.419482,300049.498394,300049.498156,3192.015937829787,0.01804,293778.419482,30293.981761597996,88.2105413,67.43095604301075,19.765582117870796,0.3099488600973435,54,64,,True,False,Request timeout: 300.0s exceeded,418,21.16838264042747
454,2026-09-14T02:34:06.414+00:00,2026-09-14T02:38:59.925+00:00,2026-09-14T02:39:06.429+00:00,False,97,96.0,,96.0,293511.97012199997,300015.259722,300015.25965599995,3092.940821195876,0.02175,293511.97012199997,29794.753859952412,89.70014200000001,67.7426,20.16148219880549,0.3199837237911014,54,64,,True,False,Request timeout: 300.0s exceeded,454,21.16838264042747
455,2026-09-14T02:34:09.627+00:00,2026-09-14T02:39:03.197+00:00,2026-09-14T02:39:09.634+00:00,False,101,100.0,,100.0,293570.14400800003,300007.572232,300007.572271,2970.372002683169,0.02185,293570.14400800003,29204.92278111421,90.800729,64.37428224,20.523631100044835,0.33332491995458235,54,64,,True,False,Request timeout: 300.0s exceeded,452,21.16838264042747
456,2026-09-14T02:34:14.384+00:00,2026-09-14T02:39:07.849+00:00,2026-09-14T02:39:14.418+00:00,False,98,97.0,,97.0,293464.968039,300034.544487,300034.544544,3061.576985142857,0.03857,293464.968039,29637.60359716695,88.30440469999999,67.72759224742268,20.027557682584344,0.32329610633952466,54,64,,True,False,Request timeout: 300.0s exceeded,371,21.16838264042747
457,2026-09-14T02:34:18.120+00:00,2026-09-14T02:39:11.605+00:00,2026-09-14T02:39:18.194+00:00,False,98,97.0,,97.0,293485.348993,300073.645953,300073.64577,3061.975977244898,0.02538,293485.348993,29639.642947822762,87.60093049999999,67.92058721649484,20.115655443521486,0.3232539788422238,54,64,,True,False,Request timeout: 300.0s exceeded,490,21.16838264042747
458,2026-09-14T02:34:22.497+00:00,2026-09-14T02:39:16.377+00:00,2026-09-14T02:39:22.509+00:00,False,89,88.0,,88.0,293880.00249,300011.782586,300011.782749,3370.9189072921345,0.020730000000000002,293880.00249,31143.837977115643,87.3766616,69.67931927272727,19.457069161471892,0.2933218130350408,54,64,,True,False,Request timeout: 300.0s exceeded,427,21.16838264042747
459,2026-09-14T02:34:26.925+00:00,2026-09-14T02:39:20.843+00:00,2026-09-14T02:39:26.968+00:00,False,90,89.0,,89.0,293918.610097,300042.971825,300042.972022,3333.8108002444446,0.04388,293918.610097,30974.494410975534,89.08260489999999,68.81305312359551,19.58683039136544,0.29662417839238453,54,64,,True,False,Request timeout: 300.0s exceeded,262,21.16838264042747
460,2026-09-14T02:34:29.844+00:00,2026-09-14T02:39:23.699+00:00,2026-09-14T02:39:29.929+00:00,False,94,93.0,,93.0,293855.27198,300084.977964,300084.97804200003,3192.393383425532,0.02147,293855.27198,30301.954943380457,87.93980065,66.98608584946237,20.628583001610256,0.30991221430336585,54,64,,True,False,Request timeout: 300.0s exceeded,461,21.16838264042747
461,2026-09-14T02:34:34.074+00:00,2026-09-14T02:39:27.488+00:00,2026-09-14T02:39:34.110+00:00,False,101,100.0,,100.0,293413.303561,300035.466761,300035.466845,2970.6481865841583,0.02659,293413.303561,29189.13249120888,87.882814,66.221632,20.135248535753306,0.33329393047941647,54,64,,True,False,Request timeout: 300.0s exceeded,500,21.16838264042747
462,2026-09-14T02:34:38.255+00:00,2026-09-14T02:39:31.635+00:00,2026-09-14T02:39:38.297+00:00,False,136,135.0,,135.0,293380.68287699996,300042.71935699997,300042.71928799996,2206.196465352941,0.018609999999999998,293380.68287699996,25152.969495294084,90.8243085,49.348418370370375,27.642244839910497,0.4499359300879182,54,64,,True,False,Request timeout: 300.0s exceeded,558,21.16838264042747
0,2026-09-14T02:04:40.947+00:00,2026-09-14T02:04:41.212+00:00,2026-09-14T02:04:58.337+00:00,True,300,300.0,,300.0,265.363751,17390.594087,17390.594192,57.96864730666667,0.02677,265.363751,24.744318256304734,96.23864245,57.27501784615385,21.668295060599025,17.250704518729417,55,64,,False,True,,1394,21.16838264042747
1,2026-09-14T02:04:45.382+00:00,2026-09-14T02:04:45.585+00:00,2026-09-14T02:04:53.919+00:00,True,137,137.0,,137.0,202.200944,8536.043632,8536.043762,62.306888773722626,40.282735,202.200944,23.867267079975946,96.67768260000001,61.278255058823525,20.684183015078812,16.04958993958432,55,64,,False,True,,621,21.16838264042747
2,2026-09-14T02:04:49.285+00:00,2026-09-14T02:04:53.636+00:00,2026-09-14T02:05:07.555+00:00,True,212,212.0,,212.0,4351.401440000001,18269.497056,18269.49725,86.17687382075472,39.806516,4351.401440000001,295.13532777760526,95.87838149999999,65.96253846445498,21.905266417501593,11.604041389326357,55,64,,False,True,,1109,21.16838264042747
3,2026-09-14T02:04:52.531+00:00,2026-09-14T02:04:58.606+00:00,2026-09-14T02:05:08.970+00:00,True,161,161.0,,161.0,6075.560697,16439.062009,16439.061977,102.10597501242236,37.600831,6075.560697,474.18533788827193,93.270234,64.7718832,21.146798289588318,9.793746134168499,55,64,,False,True,,710,21.16838264042747
4,2026-09-14T02:04:57.728+00:00,2026-09-14T02:05:08.149+00:00,2026-09-14T02:05:24.860+00:00,True,252,252.0,,252.0,10420.991619,27132.504195,27132.504371,107.66866813888889,23.172381,10420.991619,652.6533027017672,94.9055415,66.57973137848606,22.507412400249805,9.287753101921155,55,64,,False,True,,1026,21.16838264042747
5,2026-09-14T02:05:02.948+00:00,2026-09-14T02:05:16.815+00:00,2026-09-14T02:05:30.099+00:00,True,197,197.0,,197.0,13867.551466,27151.782122,27151.782011,137.8263046243655,40.657985000000004,13867.551466,983.4332003943824,93.97417759999999,67.77668702040818,21.779022054568554,7.2555090164921,55,64,,False,True,,904,21.16838264042747
6,2026-09-14T02:05:07.745+00:00,2026-09-14T02:05:25.879+00:00,2026-09-14T02:05:44.562+00:00,True,279,279.0,,279.0,18134.705063999998,36816.909224,36816.909216,131.9602480860215,0.01753,18134.705063999998,1081.9996238923977,96.27015499999999,67.20217323741007,26.627651916788913,7.578039707312722,55,64,,False,True,,1349,21.16838264042747
7,2026-09-14T02:05:13.295+00:00,2026-09-14T02:05:35.635+00:00,2026-09-14T02:05:50.343+00:00,True,228,228.0,,228.0,22340.235071,37047.936831,37047.936818,162.49095095614035,0.01786,22340.235071,1475.4653439486435,96.28095935000002,64.79163770925109,26.56242322055138,6.154188856455297,55,64,,False,True,,1242,21.16838264042747
8,2026-09-14T02:05:17.377+00:00,2026-09-14T02:05:43.316+00:00,2026-09-14T02:05:55.606+00:00,True,182,182.0,,182.0,25939.356528,38229.294704,38229.29481,210.0510703846154,38.471728999999996,25939.356528,1917.8521183801113,97.43336450000001,67.90021091712707,22.57938396637852,4.760746998059502,55,64,,False,True,,636,21.16838264042747
9,2026-09-14T02:05:22.242+00:00,2026-09-14T02:05:50.797+00:00,2026-09-14T02:06:01.411+00:00,True,160,160.0,,160.0,28555.373736,39169.126312,39169.126349,244.80703968125002,39.005478000000004,28555.373736,2252.330077501776,95.484811,66.75316085534591,22.00990000120038,4.084849856632666,55,64,,False,True,,759,21.16838264042747
10,2026-09-14T02:05:26.226+00:00,2026-09-14T02:05:57.671+00:00,2026-09-14T02:06:07.197+00:00,True,144,144.0,,144.0,31445.291676,40971.68118,40971.681342,284.525564875,40.958523,31445.291676,2614.9779129236567,95.301943,66.61810841958042,21.58319579273457,3.5146226821244637,55,64,,False,True,,761,21.16838264042747
11,2026-09-14T02:05:30.442+00:00,2026-09-14T02:06:05.316+00:00,2026-09-14T02:06:16.923+00:00,True,177,177.0,,177.0,34873.357684,46480.550516,46480.550655,262.60198110169495,40.242345,34873.357684,2616.3773181990564,94.6348872,65.94995927272727,22.044407202434556,3.808044397819068,55,64,,False,True,,915,21.16838264042747
12,2026-09-14T02:05:35.532+00:00,2026-09-14T02:06:13.507+00:00,2026-09-14T02:06:24.234+00:00,True,161,161.0,,161.0,37974.533739,48701.412203,48701.412195,302.493243447205,7.451703999999999,37974.533739,2987.618072542053,95.30901,67.0429904,23.169187659784825,3.305858962136676,55,64,,False,True,,564,21.16838264042747
13,2026-09-14T02:05:39.136+00:00,2026-09-14T02:06:20.588+00:00,2026-09-14T02:06:36.775+00:00,True,246,246.0,,246.0,41452.011995,57638.941147000005,57638.941164,234.3046388780488,0.01749,41452.011995,2638.883603437884,93.94591175000001,66.06909857959184,33.53806811934309,4.267947937707802,55,64,,False,True,,977,21.16838264042747
14,2026-09-14T02:05:43.769+00:00,2026-09-14T02:06:27.988+00:00,2026-09-14T02:06:44.972+00:00,True,255,255.0,,255.0,44218.931883000005,61203.616683,61203.616636000006,240.01418288627454,0.01641,44218.931883000005,2765.0925871568516,93.74715900000001,66.8688377952756,31.887576086951768,4.166420447352896,55,64,,False,True,,1136,21.16838264042747
15,2026-09-14T02:05:48.198+00:00,2026-09-14T02:06:36.779+00:00,2026-09-14T02:06:55.661+00:00,True,284,284.0,,284.0,48580.540062,67462.37123,67462.371287,237.5435608697183,8.125463,48580.540062,2878.8547589969126,95.38417950000002,66.72025147703181,22.70027799231928,4.209754190699234,55,64,,False,True,,1177,21.16838264042747
16,2026-09-14T02:05:52.656+00:00,2026-09-14T02:06:44.235+00:00,2026-09-14T02:07:03.890+00:00,True,295,295.0,,295.0,51579.487128,71234.27701600001,71234.277099,241.47212575932204,8.614142,51579.487128,2999.265625854947,95.316445,66.85302682993198,22.500688327877835,4.141264744411454,55,64,,False,True,,1289,21.16838264042747
17,2026-09-14T02:05:57.688+00:00,2026-09-14T02:06:53.135+00:00,2026-09-14T02:07:09.569+00:00,True,246,246.0,,246.0,55447.197015,71881.205079,71881.204987,292.20002027235773,0.0,55447.197015,3530.9970255322287,96.39051500000001,67.07758393469388,25.20227626033512,3.422313242100452,55,64,,False,True,,1119,21.16838264042747
18,2026-09-14T02:06:01.689+00:00,2026-09-14T02:06:59.963+00:00,2026-09-14T02:07:12.905+00:00,True,194,194.0,,194.0,58274.057954,71216.057826,71216.057866,367.09308178350517,0.0,58274.057954,4179.103733515135,95.9203515,67.0569941554404,26.662163697142173,2.7241047303403705,55,64,,False,True,,876,21.16838264042747
19,2026-09-14T02:06:06.478+00:00,2026-09-14T02:07:08.277+00:00,2026-09-14T02:07:15.358+00:00,True,102,102.0,,102.0,61799.276596,68879.339828,68879.339641,675.2876435392158,40.398553,61799.276596,6112.158995574217,96.97241269999999,70.09963596039604,27.150612851850465,1.4808504299650125,55,64,,False,True,,467,21.16838264042747
20,2026-09-14T02:06:11.324+00:00,2026-09-14T02:07:16.483+00:00,2026-09-14T02:07:33.749+00:00,True,263,263.0,,263.0,65159.266195000004,82425.743251,82425.743088,313.4058672547529,0.01787,65159.266195000004,4013.9980116961906,95.188755,65.9025841832061,36.93240899346746,3.1907507245536335,55,64,,False,True,,997,21.16838264042747
21,2026-09-14T02:06:15.495+00:00,2026-09-14T02:07:25.040+00:00,2026-09-14T02:07:38.082+00:00,True,198,198.0,,198.0,69545.235281,82586.887249,82586.887083,417.1054903181818,0.01748,69545.235281,4937.83335992573,95.18803385,66.20127902538071,41.48905331721007,2.3974750301828025,55,64,,False,True,,1044,21.16838264042747
22,2026-09-14T02:06:19.330+00:00,2026-09-14T02:07:31.606+00:00,2026-09-14T02:07:47.615+00:00,True,248,248.0,,248.0,72276.21318199999,88284.86751799998,88284.867472,355.98736883870964,39.505556,72276.21318199999,4585.477252092043,93.92586135000002,64.81236573279352,21.17960452730274,2.809088431258465,55,64,,False,True,,906,21.16838264042747
23,2026-09-14T02:06:24.745+00:00,2026-09-14T02:07:40.774+00:00,2026-09-14T02:07:56.367+00:00,True,241,241.0,,241.0,76028.661882,91621.876346,91621.876359,380.17376082572616,0.0,76028.661882,4893.311066610744,93.200113,64.97172693333333,24.207477851275595,2.6303761679131066,55,64,,False,True,,1134,21.16838264042747
24,2026-09-14T02:06:29.953+00:00,2026-09-14T02:07:49.086+00:00,2026-09-14T02:08:01.132+00:00,True,183,183.0,,183.0,79133.53678,91179.640332,91179.640284,498.2494004590164,0.0,79133.53678,5844.8811302908425,94.96840300000002,66.18738215384616,25.305370030942445,2.007027000037147,55,64,,False,True,,731,21.16838264042747
25,2026-09-14T02:06:34.537+00:00,2026-09-14T02:07:57.352+00:00,2026-09-14T02:08:12.179+00:00,True,228,228.0,,228.0,82814.57677300001,97642.42650100001,97642.42631800001,428.2562557807018,37.55749,82814.57677300001,5480.246934631274,96.54861835,65.32092391189428,21.90611087080336,2.335050532543504,55,64,,False,True,,342,21.16838264042747
26,2026-09-14T02:06:38.218+00:00,2026-09-14T02:08:04.274+00:00,2026-09-14T02:08:22.309+00:00,True,275,275.0,,275.0,86056.030809,104090.333273,104090.333297,378.5103028981818,0.0,86056.030809,5185.467647756893,94.853894,65.81862213138686,25.55657540826029,2.6419360122399786,55,64,,False,True,,1228,21.16838264042747
27,2026-09-14T02:06:42.224+00:00,2026-09-14T02:08:10.962+00:00,2026-09-14T02:08:23.529+00:00,True,190,190.0,,190.0,88738.042615,101304.879095,101304.879131,533.1835743736842,0.0,88738.042615,6433.125537524132,95.11301540000001,66.4911983068783,52.743703842811314,1.87552664488968,55,64,,False,True,,932,21.16838264042747
28,2026-09-14T02:06:45.878+00:00,2026-09-14T02:08:17.812+00:00,2026-09-14T02:08:26.036+00:00,True,123,123.0,,123.0,91933.481795,100157.464131,100157.464101,814.2883260243902,0.015880000000000002,91933.481795,8283.491810845739,97.7027934,67.40969127868853,58.808086886727075,1.2280662361731056,55,64,,False,True,,453,21.16838264042747
29,2026-09-14T02:06:50.957+00:00,2026-09-14T02:08:26.483+00:00,2026-09-14T02:08:44.140+00:00,True,266,266.0,,266.0,95525.75829700001,113182.642777,113182.64276100001,425.49865699624064,0.0,95525.75829700001,5853.0238319233395,95.72510725000001,66.62975275471698,24.02683213810503,2.3501836807618193,55,64,,False,True,,1227,21.16838264042747
30,2026-09-14T02:06:55.348+00:00,2026-09-14T02:08:34.869+00:00,2026-09-14T02:08:43.538+00:00,True,132,132.0,,132.0,99520.68284299999,108189.83125899998,108189.83132199998,819.6199342575757,0.0,99520.68284299999,8656.441297647907,94.47908650000001,66.17670546564885,25.62769470927195,1.2200776955091084,55,64,,False,True,,642,21.16838264042747
31,2026-09-14T02:06:58.562+00:00,2026-09-14T02:08:40.746+00:00,2026-09-14T02:08:52.041+00:00,True,171,171.0,,171.0,102183.64773,113478.11736199999,113478.117306,663.6147210877193,39.684146,102183.64773,7809.128695276429,93.766192,66.43805665882353,21.888582507525562,1.5068984573871875,55,64,,False,True,,873,21.16838264042747
32,2026-09-14T02:07:03.318+00:00,2026-09-14T02:08:49.907+00:00,2026-09-14T02:09:07.213+00:00,True,261,261.0,,261.0,106589.524998,123895.188998,123895.188891,474.69421031034483,0.0,106589.524998,6593.658954608194,94.48283,66.56024615384615,26.479884345403452,2.106619329699826,55,64,,False,True,,1252,21.16838264042747
33,2026-09-14T02:07:08.730+00:00,2026-09-14T02:08:58.775+00:00,2026-09-14T02:09:16.806+00:00,True,271,271.0,,271.0,110045.479164,128076.22578800001,128076.225943,472.6059997896679,36.429213000000004,110045.479164,6680.767130037119,96.60706549999999,66.78054305185185,22.265348700718402,2.115927435655206,55,64,,False,True,,1088,21.16838264042747
34,2026-09-14T02:07:13.899+00:00,2026-09-14T02:09:07.901+00:00,2026-09-14T02:09:18.191+00:00,True,151,151.0,,151.0,114001.514803,124291.275827,124291.275771,823.1210315960265,0.01595,114001.514803,9271.952753269743,97.544404,68.59840682666666,64.5949458359108,1.2148881648795338,55,64,,False,True,,762,21.16838264042747
35,2026-09-14T02:07:17.073+00:00,2026-09-14T02:09:14.075+00:00,2026-09-14T02:09:22.325+00:00,True,124,124.0,,124.0,117002.286272,125252.788416,125252.788407,1010.1031323145161,0.0,117002.286272,10501.318429919436,96.83553549999999,67.07725320325203,69.27838915044309,0.9899979199517768,55,64,,False,True,,575,21.16838264042747
36,2026-09-14T02:07:21.159+00:00,2026-09-14T02:09:20.676+00:00,2026-09-14T02:09:36.538+00:00,True,241,241.0,,241.0,119517.052357,135378.991301,135378.991387,561.738553473029,0.0,119517.052357,7694.563577298195,95.21521899999999,66.09141226666667,28.01162657058809,1.7801875880738653,55,64,,False,True,,808,21.16838264042747
37,2026-09-14T02:07:26.855+00:00,2026-09-14T02:09:30.340+00:00,2026-09-14T02:09:45.606+00:00,True,232,232.0,,232.0,123485.54477699999,138751.27277699998,138751.272936,598.0658316206896,0.0,123485.54477699999,8102.93465410306,95.40216360000001,66.08540259740259,28.57764855153287,1.6720567340154688,55,64,,False,True,,1084,21.16838264042747
38,2026-09-14T02:07:32.214+00:00,2026-09-14T02:09:40.742+00:00,2026-09-14T02:09:50.329+00:00,True,148,148.0,,148.0,128528.545062,138115.007782,138115.007906,933.2095128783784,0.0,128528.545062,10559.669750701076,93.28481099999999,65.21403210884354,32.27477698932263,1.0715707320786052,55,64,,False,True,,717,21.16838264042747
39,2026-09-14T02:07:36.643+00:00,2026-09-14T02:09:47.685+00:00,2026-09-14T02:10:02.588+00:00,True,222,222.0,,222.0,131042.127868,145944.929788,145944.929744,657.4095934414414,36.106432999999996,131042.127868,8790.47327716354,94.46751900000001,67.43349285067873,21.980289166580874,1.5211217020178625,55,64,,False,True,,1035,21.16838264042747
40,2026-09-14T02:07:41.877+00:00,2026-09-14T02:09:56.664+00:00,2026-09-14T02:10:10.884+00:00,True,214,214.0,,214.0,134787.02240400002,149007.60378,149007.6037,696.2972135514019,36.891182,134787.02240400002,9209.31261405073,94.7201625,66.76329284507042,21.634520470099933,1.43616832008088,55,64,,False,True,,913,21.16838264042747
41,2026-09-14T02:07:45.771+00:00,2026-09-14T02:10:03.447+00:00,2026-09-14T02:10:16.789+00:00,True,200,200.0,,200.0,137675.504507,151017.656955,151017.656789,755.0882839450001,0.0,137675.504507,9730.432713861184,97.9441575,67.04599220100502,29.765349527769583,1.3243484505894279,55,64,,False,True,,887,21.16838264042747
42,2026-09-14T02:07:50.934+00:00,2026-09-14T02:10:13.327+00:00,2026-09-14T02:10:22.697+00:00,True,146,146.0,,146.0,142392.913058,151763.590562,151763.590737,1039.4766488835617,0.01579,142392.913058,11779.416963407088,97.47660099999999,64.62536209655173,76.09002646524713,0.9620225737895587,55,64,,False,True,,702,21.16838264042747
43,2026-09-14T02:07:56.201+00:00,2026-09-14T02:10:22.979+00:00,2026-09-14T02:10:32.632+00:00,True,143,143.0,,143.0,146777.83152200002,156430.66915400003,156430.66908500003,1093.920762832168,41.180493000000006,146777.83152200002,12268.512647361506,94.48407590000001,67.9777298028169,21.291414522196884,0.9141429923771658,55,64,,False,True,,350,21.16838264042747
44,2026-09-14T02:08:00.659+00:00,2026-09-14T02:10:31.059+00:00,2026-09-14T02:10:43.352+00:00,True,184,184.0,,184.0,150400.150046,162692.922142,162692.922154,884.2006638804347,0.0,150400.150046,11082.744602650051,95.54769465,67.17361801092896,33.562852106746305,1.1309649957568713,55,64,,False,True,,855,21.16838264042747
45,2026-09-14T02:08:05.943+00:00,2026-09-14T02:10:39.627+00:00,2026-09-14T02:10:52.525+00:00,True,197,197.0,,197.0,153684.637692,166582.605564,166582.605662,845.5969830558375,0.0,153684.637692,10944.940831702424,96.3636828,65.80595853061224,33.90528998622732,1.182596462175721,55,64,,False,True,,846,21.16838264042747
46,2026-09-14T02:08:09.711+00:00,2026-09-14T02:10:47.129+00:00,2026-09-14T02:10:55.565+00:00,True,128,128.0,,128.0,157417.602181,165853.40045299998,165853.400284,1295.72968971875,7.873254,157417.602181,13908.029523195786,95.55205699999999,66.42360844094488,22.98810541185149,0.7717659068212654,55,64,,False,True,,646,21.16838264042747
47,2026-09-14T02:08:14.871+00:00,2026-09-14T02:10:55.820+00:00,2026-09-14T02:11:13.930+00:00,True,276,276.0,,276.0,160948.494191,179058.321007,179058.320768,648.762031768116,0.0,160948.494191,9684.042435769337,94.09792875000001,65.85391569454545,29.735857728948382,1.5413972299517442,55,64,,False,True,,1227,21.16838264042747
48,2026-09-14T02:08:19.362+00:00,2026-09-14T02:11:03.790+00:00,2026-09-14T02:11:15.247+00:00,True,173,173.0,,173.0,164428.196659,175885.05656300002,175885.056503,1016.6766271849712,0.0,164428.196659,12496.225938168203,94.0128736,66.60965060465116,33.96043347662001,0.9835969205151512,55,64,,False,True,,866,21.16838264042747
49,2026-09-14T02:08:24.072+00:00,2026-09-14T02:11:11.375+00:00,2026-09-14T02:11:25.908+00:00,True,222,222.0,,222.0,167303.214228,181836.705172,181836.70524799998,819.0842578738739,36.302883,167303.214228,11224.265224322247,96.42873449999999,65.76240246153846,22.464717014483544,1.2208756190891679,55,64,,False,True,,1100,21.16838264042747
50,2026-09-14T02:08:29.202+00:00,2026-09-14T02:11:21.418+00:00,2026-09-14T02:11:31.292+00:00,True,149,149.0,,149.0,172216.316021,182089.808501,182089.808503,1222.0792516979866,0.01599,172216.316021,14103.313811017084,96.6409544,66.71278702702702,87.3701911328933,0.818277536928607,55,64,,False,True,,349,21.16838264042747
51,2026-09-14T02:08:32.499+00:00,2026-09-14T02:11:27.766+00:00,2026-09-14T02:11:46.402+00:00,True,296,296.0,,296.0,175266.786364,193903.256892,193903.256817,655.0785703277027,0.0,175266.786364,10183.552584324043,94.10736424999999,63.1744763661017,31.803587678924096,1.5265344416822546,55,64,,False,True,,957,21.16838264042747
52,2026-09-14T02:08:37.514+00:00,2026-09-14T02:11:35.582+00:00,2026-09-14T02:11:46.273+00:00,True,163,163.0,,163.0,178067.59996000002,188758.86447200002,188758.86442700002,1158.0298431104295,0.0,178067.59996000002,13942.202537921314,93.09911910000001,65.99545995061729,33.856497536608416,0.863535603776526,55,64,,False,True,,1015,21.16838264042747
53,2026-09-14T02:08:41.199+00:00,2026-09-14T02:11:42.576+00:00,2026-09-14T02:11:49.810+00:00,True,109,109.0,,109.0,181377.30806799998,188611.158692,188611.158642,1730.3776022201832,41.190343,181377.30806799998,17366.394781650702,93.74315080000001,66.98009837037037,22.92437225684833,0.5779085434600179,55,64,,False,True,,354,21.16838264042747
54,2026-09-14T02:08:45.686+00:00,2026-09-14T02:11:49.580+00:00,2026-09-14T02:12:08.002+00:00,True,270,270.0,,270.0,183894.22481,202316.12074600003,202316.12053500002,749.3189649444445,39.165786999999995,183894.22481,11187.301825012808,96.7203025,68.48288452044609,22.941719593635742,1.3345451613268842,55,64,,False,True,,1053,21.16838264042747
55,2026-09-14T02:08:51.124+00:00,2026-09-14T02:11:59.994+00:00,2026-09-14T02:12:11.070+00:00,True,165,165.0,,165.0,188870.167182,199946.076558,199946.076539,1211.7944032666667,40.044756,188870.167182,14698.283771793775,98.6530062,67.5360327804878,23.62530617552098,0.8252224941865118,55,64,,False,True,,833,21.16838264042747
56,2026-09-14T02:08:55.329+00:00,2026-09-14T02:12:07.572+00:00,2026-09-14T02:12:20.604+00:00,True,194,194.0,,194.0,192243.66103999998,205275.01617599998,205275.016166,1058.1186400309277,0.0,192243.66103999998,13797.487715894566,97.43214215,67.51997479792746,35.282872961043765,0.9450736071732522,55,64,,False,True,,656,21.16838264042747
57,2026-09-14T02:08:59.922+00:00,2026-09-14T02:12:16.459+00:00,2026-09-14T02:12:32.790+00:00,True,248,248.0,,248.0,196536.177274,212867.89849,212867.898544,858.3383005806451,40.223614999999995,196536.177274,12475.879121949569,94.05693185,66.1203288097166,21.25348255891662,1.16504180178981,55,64,,False,True,,959,21.16838264042747
58,2026-09-14T02:09:04.139+00:00,2026-09-14T02:12:22.583+00:00,2026-09-14T02:12:35.322+00:00,True,193,193.0,,193.0,198444.017061,211183.419301,211183.419382,1094.214608196891,41.257103,198444.017061,14279.553050400998,94.67213220000002,66.35105333333334,21.56005846168835,0.9138975050163236,55,64,,False,True,,1000,21.16838264042747
59,2026-09-14T02:09:07.955+00:00,2026-09-14T02:12:30.291+00:00,2026-09-14T02:12:44.340+00:00,True,214,214.0,,214.0,202335.559496,216384.70996,216384.709937,1011.1435043785046,36.086743999999996,202335.559496,13826.881887688653,95.16649165000001,65.95845288262912,21.48495786594935,0.9889793046817363,55,64,,False,True,,1029,21.16838264042747
60,2026-09-14T02:09:13.517+00:00,2026-09-14T02:12:40.204+00:00,2026-09-14T02:12:47.787+00:00,True,116,116.0,,116.0,206687.271059,214269.830547,214269.830499,1847.1537111982757,39.638167,206687.271059,19184.321051691015,93.07799374999999,65.93529989565218,21.227890747052722,0.5413734621615591,55,64,,False,True,,469,21.16838264042747
61,2026-09-14T02:09:18.927+00:00,2026-09-14T02:12:50.176+00:00,2026-09-14T02:13:01.740+00:00,True,176,176.0,,176.0,211248.68761000002,222812.90981800001,222812.909898,1265.9824426022728,0.0,211248.68761000002,15918.774199864794,96.607976,66.08126976,95.74695035352494,0.789900370421812,55,64,,False,True,,912,21.16838264042747
62,2026-09-14T02:09:22.467+00:00,2026-09-14T02:12:56.816+00:00,2026-09-14T02:13:05.393+00:00,True,128,128.0,,128.0,214349.01466100002,222925.68640500001,222925.68631600004,1741.6069243437503,39.201568,214349.01466100002,18939.998916063974,96.33550635,67.53284837795276,22.112832880475477,0.5741823746925966,55,64,,False,True,,460,21.16838264042747
63,2026-09-14T02:09:27.636+00:00,2026-09-14T02:13:04.095+00:00,2026-09-14T02:13:13.638+00:00,True,147,147.0,,147.0,216459.298057,226002.126345,226002.126278,1537.429430462585,36.798092,216459.298057,17847.88400045335,94.67179199999998,65.3618375890411,21.577292338574406,0.6504363581765574,55,64,,False,True,,697,21.16838264042747
64,2026-09-14T02:09:33.005+00:00,2026-09-14T02:13:15.148+00:00,2026-09-14T02:13:24.979+00:00,True,152,152.0,,152.0,222143.453927,231974.28400699998,231974.284058,1526.1466056447368,39.646336000000005,222143.453927,18012.945800716134,94.37896305,65.10483496688741,21.800363853517382,0.655245044297295,55,64,,False,True,,499,21.16838264042747
65,2026-09-14T02:09:37.491+00:00,2026-09-14T02:13:22.411+00:00,2026-09-14T02:13:30.213+00:00,True,121,121.0,,121.0,224919.64091,232721.744718,232721.74453199998,1923.3202027438015,39.457706,224919.64091,20441.339967484626,94.624669,65.01753173333333,20.874231970465676,0.5199342250833563,55,64,,False,True,,531,21.16838264042747
66,2026-09-14T02:09:40.844+00:00,2026-09-14T02:13:28.934+00:00,2026-09-14T02:13:47.580+00:00,True,279,279.0,,279.0,228090.15214,246735.76954799998,246735.769551,884.3575969569893,0.0,228090.15214,13651.430706706918,95.6235001,67.07056621582734,35.46246595141478,1.1307643010622477,55,64,,False,True,,1435,21.16838264042747
67,2026-09-14T02:09:45.398+00:00,2026-09-14T02:13:36.072+00:00,2026-09-14T02:13:49.454+00:00,True,199,199.0,,199.0,230673.67603200002,244055.73990400002,244055.740067,1226.4107541055278,36.476492,230673.67603200002,16347.248181613837,95.8413028,67.58618117171717,22.85503530514738,0.8153875015530354,55,64,,False,True,,805,21.16838264042747
68,2026-09-14T02:09:50.774+00:00,2026-09-14T02:13:47.104+00:00,2026-09-14T02:13:56.265+00:00,True,136,136.0,,136.0,236330.338583,245490.922519,245490.922501,1805.080312507353,41.353572,236330.338583,20259.35253279196,95.01936975000001,67.85617730370372,21.95241040885569,0.5539919708822396,55,64,,False,True,,638,21.16838264042747
69,2026-09-14T02:09:55.320+00:00,2026-09-14T02:13:54.691+00:00,2026-09-14T02:14:08.022+00:00,True,202,202.0,,202.0,239371.077316,252702.147268,252702.14705300002,1251.0007279851486,31.345503,239371.077316,16837.439014308657,94.61532954999998,66.32373110447762,22.76103904233091,0.7993600457449676,55,64,,False,True,,779,21.16838264042747
70,2026-09-14T02:09:58.951+00:00,2026-09-14T02:14:01.022+00:00,2026-09-14T02:14:13.726+00:00,True,190,190.0,,190.0,242070.91434599998,254775.28298599998,254775.28301999997,1340.9225422105262,0.0,242070.91434599998,17556.845367111157,95.69490295,67.21888169312169,42.85127131663761,0.7457552309359641,55,64,,False,True,,746,21.16838264042747
71,2026-09-14T02:10:02.983+00:00,2026-09-14T02:14:08.196+00:00,2026-09-14T02:14:20.084+00:00,True,175,175.0,,175.0,245213.721946,257101.114714,257101.11492300002,1469.1492281314286,0.0,245213.721946,18531.30324320205,96.0854587,68.31834924137931,44.27501641738632,0.6806660492105236,55,64,,False,True,,243,21.16838264042747
72,2026-09-14T02:10:06.427+00:00,2026-09-14T02:14:15.459+00:00,2026-09-14T02:14:32.248+00:00,True,252,252.0,,252.0,249032.271606,265821.157878,265821.157927,1054.8458647896825,0.01604,249032.271606,15683.622053734765,94.7840734,66.88799311553785,93.40779978292667,0.9480058021403123,55,64,,False,True,,1114,21.16838264042747
73,2026-09-14T02:10:11.477+00:00,2026-09-14T02:14:24.591+00:00,2026-09-14T02:14:41.117+00:00,True,250,250.0,,250.0,253113.92668399998,269640.12444399996,269640.124455,1078.56049782,0.015210000000000001,253113.92668399998,16004.394808892577,93.6538035,66.37027212851406,91.78128749585281,0.9271617142126082,55,64,,False,True,,1037,21.16838264042747
74,2026-09-14T02:10:16.461+00:00,2026-09-14T02:14:33.139+00:00,2026-09-14T02:14:43.856+00:00,True,166,166.0,,166.0,256678.37938499998,267395.47301699995,267395.47310999996,1610.816103072289,39.086016,256678.37938499998,19917.075720866378,92.13905825,64.95208261818182,21.06354558702269,0.6208033297162303,55,64,,False,True,,716,21.16838264042747
75,2026-09-14T02:10:21.745+00:00,2026-09-14T02:14:42.099+00:00,2026-09-14T02:14:52.416+00:00,True,159,159.0,,159.0,260353.365946,270670.53049000003,270670.530562,1702.3303808930818,33.833008,260353.365946,20642.19759810565,93.63906289999998,65.2985097721519,21.509554028402725,0.5874300379585441,55,64,,False,True,,674,21.16838264042747
76,2026-09-14T02:10:26.781+00:00,2026-09-14T02:14:50.388+00:00,2026-09-14T02:14:58.549+00:00,True,124,124.0,,124.0,263606.770115,271767.796931,271767.79674200004,2191.6757801774197,40.479404,263606.770115,23666.63852916977,95.3651853,66.34981151219513,21.993878045741464,0.45627186664607927,55,64,,False,True,,602,21.16838264042747
77,2026-09-14T02:10:30.186+00:00,2026-09-14T02:14:57.291+00:00,2026-09-14T02:15:11.377+00:00,True,208,208.0,,208.0,267104.984067,281191.27373099996,281191.27372199995,1351.8811236634615,0.0,267104.984067,18515.72917710201,95.88224034999999,68.04970852173912,42.78384863667654,0.7397100103432869,55,64,,False,True,,1066,21.16838264042747
78,2026-09-14T02:10:35.027+00:00,2026-09-14T02:15:05.040+00:00,2026-09-14T02:15:19.963+00:00,True,222,222.0,,222.0,270013.08621499996,284935.91629499994,284935.91641199996,1283.4951189729727,39.610526,270013.08621499996,18117.57388474387,95.99168365,67.52411800904977,22.595897121700915,0.7791225581058685,55,64,,False,True,,750,21.16838264042747
79,2026-09-14T02:10:39.288+00:00,2026-09-14T02:15:13.098+00:00,2026-09-14T02:15:23.080+00:00,True,147,147.0,,147.0,273809.846219,283791.521995,283791.521867,1930.5545705238096,40.089805999999996,273809.846219,22577.827202697295,95.58137140000001,68.36764230136986,21.934704824151996,0.5179858755702713,55,64,,False,True,,732,21.16838264042747
80,2026-09-14T02:10:43.669+00:00,2026-09-14T02:15:20.356+00:00,2026-09-14T02:15:36.531+00:00,True,240,240.0,,240.0,276687.368537,292861.72783299995,292861.728059,1220.2572002458332,40.850963,276687.368537,17855.73879525601,97.76075995000001,67.67514349790795,22.697890545117264,0.8194993650275,55,64,,False,True,,984,21.16838264042747
81,2026-09-14T02:10:47.865+00:00,2026-09-14T02:15:28.065+00:00,2026-09-14T02:15:37.270+00:00,True,135,135.0,,135.0,280199.70953,289405.008474,289405.00860299997,2143.7408044666668,41.818921,280199.70953,24109.849327228905,96.2578204,68.6962607761194,22.539772035950957,0.4664743043385455,55,64,,False,True,,518,21.16838264042747
82,2026-09-14T02:10:52.814+00:00,2026-09-14T02:15:37.501+00:00,2026-09-14T02:15:52.872+00:00,False,237,236.0,,236.0,284687.638865,300058.54318499996,300058.54338,1266.0698032911391,0.0,284687.638865,18488.266122638604,95.00909419999999,65.13095050847457,41.997632178995445,0.7865131833773354,55,64,,False,False,Request timeout: 300.0s exceeded,914,21.16838264042747
83,2026-09-14T02:10:58.589+00:00,2026-09-14T02:15:48.151+00:00,2026-09-14T02:15:58.681+00:00,False,162,161.0,,161.0,289562.875219,300092.651091,300092.65090099996,1852.423770993827,0.0,289562.875219,22745.121078326218,94.23743195000002,65.40233460869565,48.552463875386835,0.5365009753310434,55,64,,False,False,Request timeout: 300.0s exceeded,777,21.16838264042747
84,2026-09-14T02:11:02.123+00:00,2026-09-14T02:15:54.422+00:00,2026-09-14T02:16:02.175+00:00,False,110,109.0,,109.0,292298.03475,300051.223614,300051.223419,2727.7383947181816,0.02776,292298.03475,27862.750035463,93.0085795,71.13017306422019,21.11430018852302,0.36327130643607275,55,64,,False,False,Request timeout: 300.0s exceeded,393,21.16838264042747
85,2026-09-14T02:11:05.624+00:00,2026-09-14T02:15:58.414+00:00,2026-09-14T02:16:05.632+00:00,False,101,100.0,,100.0,292790.097957,300007.691813,300007.69174900005,2970.3731856336635,0.03925,292790.097957,29126.528772332073,90.69199800000003,72.17593856,20.160291334600505,0.3333247870935647,55,64,,False,False,Request timeout: 300.0s exceeded,615,21.16838264042747
86,2026-09-14T02:11:09.112+00:00,2026-09-14T02:16:02.519+00:00,2026-09-14T02:16:09.179+00:00,False,100,99.0,,99.0,293407.396319,300067.883743,300067.8836,3000.678836,0.02392,293407.396319,29334.018967340744,89.16044360000002,67.27765074747475,20.51376751463367,0.32992534477562024,55,64,,False,False,Request timeout: 300.0s exceeded,567,21.16838264042747
87,2026-09-14T02:11:13.901+00:00,2026-09-14T02:16:07.645+00:00,2026-09-14T02:16:13.983+00:00,False,96,95.0,,95.0,293744.361912,300081.959352,300081.959337,3125.85374309375,0.018789999999999998,293744.361912,29973.35619900867,88.4811755,66.711552,19.878330588914725,0.31658017764594704,55,64,,False,False,Request timeout: 300.0s exceeded,468,21.16838264042747
88,2026-09-14T02:11:18.568+00:00,2026-09-14T02:16:12.300+00:00,2026-09-14T02:16:18.642+00:00,False,96,95.0,,95.0,293732.436384,300074.47696,300074.476992,3125.775802,0.02501,293732.436384,29972.13460399892,87.44748625,66.75832185263158,20.36354194926977,0.3165880716095142,55,64,,False,False,Request timeout: 300.0s exceeded,423,21.16838264042747
89,2026-09-14T02:11:24.127+00:00,2026-09-14T02:16:17.833+00:00,2026-09-14T02:16:24.157+00:00,False,94,93.0,,93.0,293705.598569,300030.154601,300030.154393,3191.8101531170214,0.0248,293705.598569,30286.41153108655,87.5415955,68.00597883870968,19.73568697200123,0.30996884337735175,55,64,,False,False,Request timeout: 300.0s exceeded,433,21.16838264042747
90,2026-09-14T02:11:28.544+00:00,2026-09-14T02:16:22.658+00:00,2026-09-14T02:16:28.557+00:00,False,93,92.0,,92.0,294113.926536,300013.191304,300013.191321,3225.948293774193,0.03681,294113.926536,30491.550928156892,88.10683700000001,64.12244313043477,20.262388380114782,0.3066531828154764,55,64,,False,False,Request timeout: 300.0s exceeded,123,21.16838264042747
91,2026-09-14T02:11:34.153+00:00,2026-09-14T02:16:27.795+00:00,2026-09-14T02:16:34.225+00:00,False,110,109.0,,109.0,293642.679842,300072.104482,300072.104484,2727.9282225818183,0.015550000000000001,293642.679842,27992.52129870009,93.73827744999998,58.9855471559633,153.0129166061062,0.36324602777776177,55,64,,False,False,Request timeout: 300.0s exceeded,255,21.16838264042747
92,2026-09-14T02:11:38.259+00:00,2026-09-14T02:16:32.921+00:00,2026-09-14T02:16:38.324+00:00,False,83,82.0,,82.0,294662.157867,300064.550443,300064.550404,3615.2355470361445,0.0275,294662.157867,32336.14861316526,88.70589120000001,65.88283629268292,20.611086026484653,0.27327453335937013,55,64,,False,False,Request timeout: 300.0s exceeded,370,21.16838264042747
93,2026-09-14T02:11:42.936+00:00,2026-09-14T02:16:36.479+00:00,2026-09-14T02:16:42.945+00:00,False,98,97.0,,97.0,293543.349776,300008.974864,300008.974751,3061.316068887755,0.0,293543.349776,29645.691883643343,88.90952235,66.65592874226805,64.28368029033966,0.3233236607137237,55,64,,False,False,Request timeout: 300.0s exceeded,434,21.16838264042747
94,2026-09-14T02:11:47.756+00:00,2026-09-14T02:16:41.767+00:00,2026-09-14T02:16:47.844+00:00,False,97,96.0,,96.0,294011.125262,300088.54913400003,300088.549239,3093.696383907217,0.0,294011.125262,29845.948325533456,89.540922,63.30649866666666,64.64156051232396,0.3199055754611038,55,64,,False,False,Request timeout: 300.0s exceeded,465,21.16838264042747
95,2026-09-14T02:11:52.204+00:00,2026-09-14T02:16:45.669+00:00,2026-09-14T02:16:52.245+00:00,False,97,96.0,,96.0,293465.701006,300040.990606,300040.99064,3093.206089072165,0.024239,293465.701006,29789.979988692616,90.4104808,68.4926,20.4515992607038,0.31995628266026754,55,64,,False,False,Request timeout: 300.0s exceeded,439,21.16838264042747
96,2026-09-14T02:11:57.246+00:00,2026-09-14T02:16:51.226+00:00,2026-09-14T02:16:57.269+00:00,False,89,88.0,,88.0,293979.984323,300023.03200300003,300023.031853,3371.045301719101,0.04286,293979.984323,31154.543382635682,89.4808928,68.67099636363636,20.207183885736686,0.293310814881439,55,64,,False,False,Request timeout: 300.0s exceeded,201,21.16838264042747
97,2026-09-14T02:12:00.703+00:00,2026-09-14T02:16:54.555+00:00,2026-09-14T02:17:00.730+00:00,False,91,90.0,,90.0,293851.924833,300026.884961,300026.884864,3296.998734769231,0.0245,293851.924833,30796.865780447828,90.02694950000001,68.61066808888889,20.009709972939266,0.29997311744812116,55,64,,False,False,Request timeout: 300.0s exceeded,435,21.16838264042747
98,2026-09-14T02:12:04.318+00:00,2026-09-14T02:16:58.164+00:00,2026-09-14T02:17:04.358+00:00,False,94,93.0,,93.0,293845.12542500003,300039.86923300003,300039.869224,3191.913502382979,0.036119,293845.12542500003,30300.946866598668,88.71464415,66.61014847311829,20.155686737943807,0.3099588072669755,55,64,,False,False,Request timeout: 300.0s exceeded,431,21.16838264042747
99,2026-09-14T02:12:09.757+00:00,2026-09-14T02:17:03.804+00:00,2026-09-14T02:17:09.796+00:00,False,84,83.0,,83.0,294047.380939,300039.325643,300039.325656,3571.896734,0.028480000000000002,294047.380939,32075.328434458435,89.66624784999998,72.19210486746988,19.22143568251977,0.27663040443824033,55,64,,False,False,Request timeout: 300.0s exceeded,379,21.16838264042747
100,2026-09-14T02:12:14.039+00:00,2026-09-14T02:17:08.227+00:00,2026-09-14T02:17:14.076+00:00,False,82,81.0,,81.0,294187.726382,300037.14615800005,300037.146252,3658.989588439025,0.022920000000000003,294187.726382,32479.63035333217,89.19230059999998,72.21505896296297,19.184388052011062,0.2699665725967986,55,64,,False,False,Request timeout: 300.0s exceeded,337,21.16838264042747
101,2026-09-14T02:12:19.631+00:00,2026-09-14T02:17:13.526+00:00,2026-09-14T02:17:19.647+00:00,False,91,90.0,,90.0,293895.302741,300016.085589,300016.08541600005,3296.880059516484,0.04209,293895.302741,30801.47663968556,89.19828150000001,68.0086983111111,20.797720149925535,0.299983915273441,55,64,,False,False,Request timeout: 300.0s exceeded,463,21.16838264042747
102,2026-09-14T02:12:25.255+00:00,2026-09-14T02:17:18.748+00:00,2026-09-14T02:17:25.338+00:00,False,97,96.0,,96.0,293492.875713,300082.659265,300082.659426,3093.6356641855673,0.02514,293492.875713,29792.723337249434,87.99981300000002,68.64357866666667,19.7100940576052,0.3199118544041672,55,64,,False,False,Request timeout: 300.0s exceeded,406,21.16838264042747
103,2026-09-14T02:12:28.868+00:00,2026-09-14T02:17:22.775+00:00,2026-09-14T02:17:28.909+00:00,False,90,89.0,,89.0,293907.243902,300041.066622,300041.066482,3333.789627577778,0.02224,293907.243902,30973.28569844159,90.4215611,68.91935640449438,20.515326167961,0.29662606189880214,55,64,,False,False,Request timeout: 300.0s exceeded,447,21.16838264042747
104,2026-09-14T02:12:32.617+00:00,2026-09-14T02:17:26.532+00:00,2026-09-14T02:17:32.665+00:00,False,91,90.0,,90.0,293915.216082,300048.515282,300048.515039,3297.236429,0.037689999999999994,293915.216082,30803.54930278387,88.74054199999999,68.14776888888889,20.43005468947297,0.2999514925625067,55,64,,False,False,Request timeout: 300.0s exceeded,404,21.16838264042747
105,2026-09-14T02:12:38.073+00:00,2026-09-14T02:17:31.953+00:00,2026-09-14T02:17:38.148+00:00,False,93,92.0,,92.0,293880.225524,300074.704372,300074.704338,3226.6097240645163,0.0,293880.225524,30467.050708423732,87.5909568,67.33129182608695,66.99012332011279,0.30659032120864277,55,64,,False,False,Request timeout: 300.0s exceeded,353,21.16838264042747
106,2026-09-14T02:12:42.966+00:00,2026-09-14T02:17:36.725+00:00,2026-09-14T02:17:43.002+00:00,False,95,94.0,,94.0,293758.325031,300035.562791,300035.562867,3158.2690828105265,0.0,293758.325031,30132.18892050121,91.89075239999998,66.77912510638298,66.26663597754238,0.3132961943763943,55,64,,False,False,Request timeout: 300.0s exceeded,398,21.16838264042747
107,2026-09-14T02:12:46.493+00:00,2026-09-14T02:17:40.025+00:00,2026-09-14T02:17:46.577+00:00,False,94,93.0,,93.0,293531.620634,300083.11042599997,300083.110374,3192.373514617021,0.038270000000000005,293531.620634,30268.215345476063,88.42896065000001,70.44612679569893,19.652746536835092,0.30991414301183623,55,64,,False,False,Request timeout: 300.0s exceeded,391,21.16838264042747
108,2026-09-14T02:12:50.380+00:00,2026-09-14T02:17:44.186+00:00,2026-09-14T02:17:50.405+00:00,False,91,90.0,,90.0,293805.40812,300024.257656,300024.25769199996,3296.9698647472524,0.02191,293805.40812,30791.93900406756,91.75739449999999,69.09832817777779,20.952154915544515,0.2999757443052877,55,64,,False,False,Request timeout: 300.0s exceeded,437,21.16838264042747
109,2026-09-14T02:12:55.643+00:00,2026-09-14T02:17:49.632+00:00,2026-09-14T02:17:55.703+00:00,False,92,91.0,,91.0,293989.512577,300060.24768100004,300060.247751,3261.524432076087,0.020329999999999997,293989.512577,30643.577442290694,90.5430434,66.71137476923077,20.98591673758292,0.3032724284649125,55,64,,False,False,Request timeout: 300.0s exceeded,388,21.16838264042747
110,2026-09-14T02:12:59.044+00:00,2026-09-14T02:17:53.685+00:00,2026-09-14T02:17:59.062+00:00,False,81,80.0,,80.0,294641.376154,300018.193562,300018.193616,3703.9283162469137,0.02327,294641.376154,32730.469647072612,89.644541,67.2102176,21.177114366285153,0.2666504955922537,55,64,,False,False,Request timeout: 300.0s exceeded,381,21.16838264042747
111,2026-09-14T02:13:03.361+00:00,2026-09-14T02:17:57.149+00:00,2026-09-14T02:18:03.369+00:00,False,94,93.0,,93.0,293788.006481,300007.95860899996,300007.95866,3191.5740282978722,0.01786,293788.006481,30295.027449374058,88.82929665,66.88120567741936,20.015726676866922,0.3099917763221968,55,64,,False,False,Request timeout: 300.0s exceeded,446,21.16838264042747
112,2026-09-14T02:13:07.448+00:00,2026-09-14T02:18:01.041+00:00,2026-09-14T02:18:07.497+00:00,False,94,93.0,,93.0,293592.923894,300049.338358,300049.338554,3192.0142399361703,0.021119,293592.923894,30274.64379467885,89.56249985000001,69.4238114408602,19.74373101259061,0.309949025413408,55,64,,False,False,Request timeout: 300.0s exceeded,424,21.16838264042747
113,2026-09-14T02:13:13.033+00:00,2026-09-14T02:18:07.013+00:00,2026-09-14T02:18:13.061+00:00,False,88,87.0,,87.0,293980.201156,300028.309444,300028.30942,3409.412607045455,0.038149999999999996,293980.201156,31330.990662133034,90.037928,69.51848606896553,20.480937930431523,0.2899726367862579,55,64,,False,False,Request timeout: 300.0s exceeded,308,21.16838264042747
114,2026-09-14T02:13:16.392+00:00,2026-09-14T02:18:09.502+00:00,2026-09-14T02:18:16.443+00:00,False,105,104.0,,104.0,293109.386664,300050.706088,300050.70597899996,2857.6257712285715,0.02352,293109.386664,28598.040954674747,88.6791586,66.743456,20.484955625620362,0.34660808286682887,55,64,,False,False,Request timeout: 300.0s exceeded,432,21.16838264042747
115,2026-09-14T02:13:21.794+00:00,2026-09-14T02:18:15.486+00:00,2026-09-14T02:18:21.837+00:00,False,95,94.0,,94.0,293692.165531,300043.723163,300043.72321100003,3158.354981168421,0.0245,293692.165531,30125.254390223792,88.74904269999999,67.56976204255318,19.896335872616543,0.31328767357327486,55,64,,False,False,Request timeout: 300.0s exceeded,374,21.16838264042747
116,2026-09-14T02:13:27.464+00:00,2026-09-14T02:18:20.867+00:00,2026-09-14T02:18:27.476+00:00,False,99,98.0,,98.0,293402.979732,300011.87086799997,300011.87082999997,3030.4229376767676,0.027929,293402.979732,29481.33787749999,89.07832989999999,67.43766465306122,19.893990409075528,0.3266537411218582,55,64,,False,False,Request timeout: 300.0s exceeded,445,21.16838264042747
117,2026-09-14T02:13:32.050+00:00,2026-09-14T02:18:25.886+00:00,2026-09-14T02:18:32.620+00:00,False,88,87.0,,87.0,293836.088988,300569.962908,300569.96274,3415.567758409091,0.02732,293836.088988,31314.83923826423,93.67904705000001,77.40084965517241,60.54901035704104,0.28945008063440264,55,64,,False,False,Request timeout: 300.0s exceeded,419,21.16838264042747
118,2026-09-14T02:13:35.835+00:00,2026-09-14T02:18:29.371+00:00,2026-09-14T02:18:35.858+00:00,False,101,100.0,,100.0,293535.616542,300022.32399799995,300022.32405999996,2970.51806,0.0,293535.616542,29201.496355441992,93.06103200000001,64.86707456,62.094704159789096,0.3333085307367549,55,64,,False,False,Request timeout: 300.0s exceeded,447,21.16838264042747
119,2026-09-14T02:13:39.836+00:00,2026-09-14T02:18:33.808+00:00,2026-09-14T02:18:39.897+00:00,False,88,87.0,,87.0,293971.75178399996,300061.066344,300061.06626199995,3409.7848438863634,0.023829,293971.75178399996,31330.039605303973,91.249424,69.99212137931033,20.694439905472876,0.28994098121433826,55,64,,False,False,Request timeout: 300.0s exceeded,213,21.16838264042747
120,2026-09-14T02:13:44.878+00:00,2026-09-14T02:18:38.834+00:00,2026-09-14T02:18:44.891+00:00,False,94,93.0,,93.0,293955.998542,300013.013838,300013.013898,3191.627807425532,0.02533,293955.998542,30312.535479227878,89.53171009999998,65.1291967311828,20.42433473294508,0.30998655295072575,55,64,,False,False,Request timeout: 300.0s exceeded,392,21.16838264042747
121,2026-09-14T02:13:48.438+00:00,2026-09-14T02:18:42.406+00:00,2026-09-14T02:18:48.523+00:00,False,98,97.0,,97.0,293967.540296,300084.855112,300084.855063,3062.0903577857143,0.027739999999999997,293967.540296,29688.842565226507,89.35763905,63.06510119587629,20.809676475131276,0.32324190424004207,55,64,,False,False,Request timeout: 300.0s exceeded,439,21.16838264042747
122,2026-09-14T02:13:51.654+00:00,2026-09-14T02:18:45.376+00:00,2026-09-14T02:18:51.705+00:00,False,94,93.0,,93.0,293721.86911900004,300050.924095,300050.924118,3192.031107638298,0.02127,293721.86911900004,30288.085177482986,89.72808515000001,68.05435458064515,20.433076914056695,0.3099473873660025,55,64,,False,False,Request timeout: 300.0s exceeded,443,21.16838264042747
123,2026-09-14T02:13:57.330+00:00,2026-09-14T02:18:50.778+00:00,2026-09-14T02:18:57.350+00:00,False,100,99.0,,99.0,293448.660805,300020.172613,300020.172491,3000.20172491,0.03796,293448.660805,29338.23454082674,87.61329445,66.37890715151515,19.402369102297598,0.3299778116176922,55,64,,False,False,Request timeout: 300.0s exceeded,456,21.16838264042747
124,2026-09-14T02:14:01.336+00:00,2026-09-14T02:18:54.877+00:00,2026-09-14T02:19:01.431+00:00,False,107,106.0,,106.0,293540.32656099997,300094.936993,300094.93684299994,2804.6255779719622,0.01523,293540.32656099997,28372.19942778266,89.3810013,61.83594747169811,179.56420326186173,0.3532215540259933,55,64,,False,False,Request timeout: 300.0s exceeded,544,21.16838264042747
125,2026-09-14T02:14:07.157+00:00,2026-09-14T02:19:00.699+00:00,2026-09-14T02:19:07.223+00:00,False,99,98.0,,98.0,293541.671258,300066.312282,300066.312364,3030.972852161616,0.03519,293541.671258,29495.36403721051,90.4897019,66.57796963265305,20.969702019354028,0.3265944759167112,55,64,,False,False,Request timeout: 300.0s exceeded,460,21.16838264042747
126,2026-09-14T02:14:11.067+00:00,2026-09-14T02:19:04.808+00:00,2026-09-14T02:19:11.105+00:00,False,92,91.0,,91.0,293740.161153,300037.824129,300037.82404800004,3261.2806961739134,0.023219999999999998,293740.161153,30617.319544298123,87.5344585,69.20508764835165,19.079453659982516,0.30329509375749547,55,64,,False,False,Request timeout: 300.0s exceeded,444,21.16838264042747
127,2026-09-14T02:14:16.168+00:00,2026-09-14T02:19:09.761+00:00,2026-09-14T02:19:16.175+00:00,False,91,90.0,,90.0,293593.264648,300007.372808,300007.37291700003,3296.7843177692307,0.036459000000000005,293593.264648,30769.47185630538,90.81101850000003,71.26786844444445,19.338551619721063,0.2999926273731899,55,64,,False,False,Request timeout: 300.0s exceeded,321,21.16838264042747
128,2026-09-14T02:14:21.306+00:00,2026-09-14T02:19:15.361+00:00,2026-09-14T02:19:21.395+00:00,False,86,85.0,,85.0,294054.18802999996,300088.344574,300088.344513,3489.399354802325,0.037238999999999994,294054.18802999996,31701.030193323033,90.51702825000001,70.9900769882353,20.70614825842816,0.28324992135454136,55,64,,False,False,Request timeout: 300.0s exceeded,489,21.16838264042747
129,2026-09-14T02:14:24.705+00:00,2026-09-14T02:19:18.296+00:00,2026-09-14T02:19:24.787+00:00,False,97,96.0,,96.0,293591.042658,300082.732642,300082.73277500004,3093.636420360825,0.04264,293591.042658,29802.794762892685,89.706638,67.62177066666668,20.216673709316506,0.3199117761784995,55,64,,False,False,Request timeout: 300.0s exceeded,238,21.16838264042747
130,2026-09-14T02:14:28.288+00:00,2026-09-14T02:19:22.160+00:00,2026-09-14T02:19:28.329+00:00,False,100,99.0,,99.0,293871.82701300003,300041.194053,300041.193961,3000.4119396100004,0.0,293871.82701300003,29381.026503588342,91.85067950000001,62.31683878787879,66.94008296183678,0.3299546927629957,55,64,,False,False,Request timeout: 300.0s exceeded,464,21.16838264042747
131,2026-09-14T02:14:33.900+00:00,2026-09-14T02:19:27.763+00:00,2026-09-14T02:19:33.933+00:00,False,101,100.0,,100.0,293862.96012400003,300032.62002800003,300032.61998,2970.6199998019806,0.05356,293862.96012400003,29234.32543669887,88.13645299999999,61.69659904,20.423670729549656,0.33329709279833525,55,64,,False,False,Request timeout: 300.0s exceeded,525,21.16838264042747
132,2026-09-14T02:14:37.583+00:00,2026-09-14T02:19:31.297+00:00,2026-09-14T02:19:37.615+00:00,False,104,103.0,,103.0,293713.978299,300032.482235,300032.48231,2884.927714519231,0.02151,293713.978299,28795.016641696926,87.03908664999999,61.34469840776699,19.96523344230027,0.343296163244503,55,64,,False,False,Request timeout: 300.0s exceeded,476,21.16838264042747
133,2026-09-14T02:14:42.789+00:00,2026-09-14T02:19:36.469+00:00,2026-09-14T02:19:42.848+00:00,False,97,96.0,,96.0,293680.237186,300059.365506,300059.36562,3093.39552185567,0.03603,293680.237186,29811.9700797076,88.101748,66.44925333333333,20.120469513469104,0.31993668932183483,55,64,,False,False,Request timeout: 300.0s exceeded,459,21.16838264042747
134,2026-09-14T02:14:46.728+00:00,2026-09-14T02:19:40.105+00:00,2026-09-14T02:19:46.734+00:00,False,99,98.0,,98.0,293377.496644,300006.233924,300006.233754,3030.3659975151513,0.02156,293377.496644,29478.75627349287,88.7532869,67.64017632653061,19.736433302830804,0.3266598787571399,55,64,,False,False,Request timeout: 300.0s exceeded,467,21.16838264042747
135,2026-09-14T02:14:51.860+00:00,2026-09-14T02:19:45.252+00:00,2026-09-14T02:19:51.888+00:00,False,103,102.0,,102.0,293392.35328,300028.768,300028.768053,2912.9006607087376,0.02286,293392.35328,28902.403848068865,88.29911109999999,65.0628894117647,20.383769962390236,0.3399673993928476,55,64,,False,False,Request timeout: 300.0s exceeded,488,21.16838264042747
136,2026-09-14T02:14:55.474+00:00,2026-09-14T02:19:49.180+00:00,2026-09-14T02:19:55.523+00:00,False,92,91.0,,91.0,293705.538986,300049.014698,300049.014618,3261.4023328043477,0.019599000000000002,293705.538986,30613.658106935298,88.21362649999999,69.7085243076923,20.120582028727032,0.30328378212336976,55,64,,False,False,Request timeout: 300.0s exceeded,447,21.16838264042747
137,2026-09-14T02:15:01.138+00:00,2026-09-14T02:19:54.872+00:00,2026-09-14T02:20:01.194+00:00,False,97,96.0,,96.0,293733.91297,300056.25793,300056.258047,3093.3634850206186,0.0288,293733.91297,29817.47977156216,87.160158,65.85776,19.64446160908625,0.31994000279239565,55,64,,False,False,Request timeout: 300.0s exceeded,373,21.16838264042747
138,2026-09-14T02:15:04.372+00:00,2026-09-14T02:19:58.195+00:00,2026-09-14T02:20:04.396+00:00,False,94,93.0,,93.0,293822.616977,300023.469457,300023.469477,3191.739036989362,0.036770000000000004,293822.616977,30298.619025667318,89.68993465,66.67583311827957,20.905461342198834,0.30997575012487133,55,64,,False,False,Request timeout: 300.0s exceeded,452,21.16838264042747
139,2026-09-14T02:15:09.174+00:00,2026-09-14T02:20:03.048+00:00,2026-09-14T02:20:09.252+00:00,False,93,92.0,,92.0,293873.621408,300077.527968,300077.527813,3226.6400840107526,0.0324,293873.621408,30466.28946920204,90.06980800000001,67.43376695652174,20.83880466601054,0.30658743633015667,55,64,,False,False,Request timeout: 300.0s exceeded,357,21.16838264042747
140,2026-09-14T02:15:13.430+00:00,2026-09-14T02:20:07.344+00:00,2026-09-14T02:20:13.435+00:00,False,92,91.0,,91.0,293914.188457,300005.792425,300005.792539,3260.9325275978263,0.040619999999999996,293914.188457,30635.700680831484,90.70658800000001,66.94070294505495,21.320169352901072,0.3033274766611367,55,64,,False,False,Request timeout: 300.0s exceeded,427,21.16838264042747
141,2026-09-14T02:15:19.195+00:00,2026-09-14T02:20:12.791+00:00,2026-09-14T02:20:19.200+00:00,False,94,93.0,,93.0,293596.59089999995,300005.3263879999,300005.32652299997,3191.546026840425,0.02513,293596.59089999995,30275.075153338654,88.98291794999999,68.9111342795699,20.138595923435147,0.309994496163452,55,64,,False,False,Request timeout: 300.0s exceeded,504,21.16838264042747
142,2026-09-14T02:15:22.548+00:00,2026-09-14T02:20:16.224+00:00,2026-09-14T02:20:22.559+00:00,False,94,93.0,,93.0,293675.587671,300010.978135,300010.978198,3191.606151042553,0.0,293675.587671,30283.372834929218,89.9782625,68.12247810752689,67.79453592124199,0.30998865634227407,55,64,,False,False,Request timeout: 300.0s exceeded,356,21.16838264042747
143,2026-09-14T02:15:25.789+00:00,2026-09-14T02:20:19.708+00:00,2026-09-14T02:20:25.799+00:00,False,94,93.0,,93.0,293919.38538,300010.684452,300010.684442,3191.6030259787235,0.0,293919.38538,30308.790039806874,89.4125115,65.49783948387096,68.12962542089232,0.30998895979279517,55,64,,False,False,Request timeout: 300.0s exceeded,455,21.16838264042747
144,2026-09-14T02:15:29.647+00:00,2026-09-14T02:20:23.567+00:00,2026-09-14T02:20:29.667+00:00,False,93,92.0,,92.0,293919.56382700003,300020.460595,300020.46050900006,3226.0264570860218,0.01843,293919.56382700003,30471.168823959157,87.1256668,66.31409530434783,19.690302634748743,0.3066457528181437,55,64,,False,False,Request timeout: 300.0s exceeded,405,21.16838264042747
145,2026-09-14T02:15:32.916+00:00,2026-09-14T02:20:26.489+00:00,2026-09-14T02:20:32.945+00:00,False,97,96.0,,96.0,293572.362233,300028.425977,300028.425835,3093.076555,0.024149999999999998,293572.362233,29800.93501850129,87.930212,67.250664,19.121204229272468,0.319969681830612,55,64,,False,False,Request timeout: 300.0s exceeded,429,21.16838264042747
146,2026-09-14T02:15:37.327+00:00,2026-09-14T02:20:30.947+00:00,2026-09-14T02:20:37.341+00:00,False,90,89.0,,89.0,293620.60729,300013.685818,300013.685725,3333.485396944445,0.0371,293620.60729,30942.76400366954,90.631303,71.83234301123595,19.747772758087248,0.29665313353068457,55,64,,False,False,Request timeout: 300.0s exceeded,475,21.16838264042747
147,2026-09-14T02:15:42.280+00:00,2026-09-14T02:20:35.514+00:00,2026-09-14T02:20:42.364+00:00,False,95,94.0,,94.0,293234.05216799997,300084.825416,300084.82539699995,3158.7876357578943,0.03199,293234.05216799997,30077.707500361943,90.51780299999999,72.8805664680851,18.983274760706614,0.31324476294224535,55,64,,False,False,Request timeout: 300.0s exceeded,450,21.16838264042747
148,2026-09-14T02:15:45.494+00:00,2026-09-14T02:20:39.101+00:00,2026-09-14T02:20:45.564+00:00,False,93,92.0,,92.0,293606.779174,300069.91799000005,300069.91786100005,3226.558256569893,0.02453,293606.779174,30438.326228294358,88.2926514,70.25150886956521,19.605498331783075,0.3065952115968717,55,64,,False,False,Request timeout: 300.0s exceeded,316,21.16838264042747
149,2026-09-14T02:15:50.918+00:00,2026-09-14T02:20:44.686+00:00,2026-09-14T02:20:50.927+00:00,False,92,91.0,,91.0,293768.04935600003,300009.00935600005,300009.009533,3260.9674949239134,0.02123,293768.04935600003,30620.29400388193,91.51594705,68.58197802197802,22.01841281511344,0.30332422414693744,55,64,,False,False,Request timeout: 300.0s exceeded,493,21.16838264042747
150,2026-09-14T02:15:54.618+00:00,2026-09-14T02:20:48.554+00:00,2026-09-14T02:20:54.651+00:00,False,92,91.0,,91.0,293936.322676,300032.731508,300032.73156700004,3261.2253431195654,0.04354,293936.322676,30638.003322020773,90.7533175,66.99350364835165,22.027207449640215,0.30330024175236897,55,64,,False,False,Request timeout: 300.0s exceeded,354,21.16838264042747
151,2026-09-14T02:15:58.698+00:00,2026-09-14T02:20:52.480+00:00,2026-09-14T02:20:58.716+00:00,False,92,91.0,,91.0,293781.899149,300017.782925,300017.78280600003,3261.0628565869565,0.026199999999999998,293781.899149,30621.742216153285,88.71717055,68.52619534065934,19.72786781284917,0.303315353886035,55,64,,False,False,Request timeout: 300.0s exceeded,382,21.16838264042747
152,2026-09-14T02:16:03.066+00:00,2026-09-14T02:20:56.763+00:00,2026-09-14T02:21:03.109+00:00,False,93,92.0,,92.0,293697.848685,300043.877229,300043.87718799995,3226.278249333333,0.02382,293697.848685,30447.901992427767,90.1725112,68.97857113043479,20.07150157394697,0.30662182094715307,55,64,,False,False,Request timeout: 300.0s exceeded,431,21.16838264042747
153,2026-09-14T02:16:08.883+00:00,2026-09-14T02:21:02.598+00:00,2026-09-14T02:21:08.921+00:00,False,93,92.0,,92.0,293714.618094,300037.54084599996,300037.540836,3226.210116516129,0.041229999999999996,293714.618094,30449.667039907465,88.8726502,68.7274212173913,20.22149762182951,0.3066282963811544,55,64,,False,False,Request timeout: 300.0s exceeded,405,21.16838264042747
154,2026-09-14T02:16:14.489+00:00,2026-09-14T02:21:08.144+00:00,2026-09-14T02:21:14.573+00:00,False,95,94.0,,94.0,293655.062732,300084.547276,300084.54736900004,3158.7847091473686,0.02023,293655.062732,30121.363000957255,90.51527440000001,68.39877174468086,20.39713086989326,0.3132450532800823,55,64,,False,False,Request timeout: 300.0s exceeded,428,21.16838264042747
155,2026-09-14T02:16:18.976+00:00,2026-09-14T02:21:12.937+00:00,2026-09-14T02:21:19.022+00:00,False,96,95.0,,95.0,293961.044015,300046.454575,300046.45458,3125.483901875,0.0,293961.044015,29995.8121463897,91.63942175,64.0569532631579,68.10917401149415,0.3166176388738287,55,64,,False,False,Request timeout: 300.0s exceeded,510,21.16838264042747
156,2026-09-14T02:16:24.634+00:00,2026-09-14T02:21:18.427+00:00,2026-09-14T02:21:24.671+00:00,False,95,94.0,,94.0,293793.025253,300036.874725,300036.87465300004,3158.282891084211,0.02169,293793.025253,30135.72012896325,88.441321,66.4239305531915,20.187967299379817,0.31329482446501306,55,64,,False,False,Request timeout: 300.0s exceeded,359,21.16838264042747
157,2026-09-14T02:16:28.089+00:00,2026-09-14T02:21:21.739+00:00,2026-09-14T02:21:28.109+00:00,False,95,94.0,,94.0,293649.923729,300019.28769699996,300019.28761299996,3158.097764347368,0.07673999999999999,293649.923729,30120.900625091446,87.3948397,67.75919114893617,19.252795802833734,0.31331318970043653,55,64,,False,False,Request timeout: 300.0s exceeded,324,21.16838264042747
158,2026-09-14T02:16:32.747+00:00,2026-09-14T02:21:25.130+00:00,2026-09-14T02:21:32.859+00:00,False,115,114.0,,114.0,292383.02305400005,300112.03630200005,300112.03618600004,2609.6698798782613,0.02407,292383.02305400005,27258.542881544945,89.6728274,67.7983618245614,20.480870432673797,0.3798581403289098,55,64,,False,False,Request timeout: 300.0s exceeded,598,21.16838264042747
159,2026-09-14T02:16:38.011+00:00,2026-09-14T02:21:32.048+00:00,2026-09-14T02:21:38.087+00:00,False,94,93.0,,93.0,294037.127739,300076.44140300003,300076.441591,3192.3025701170213,0.039009999999999996,294037.127739,30320.923415006047,89.36005665,64.93885660215054,21.11491558623026,0.3099210306719874,55,64,,False,False,Request timeout: 300.0s exceeded,421,21.16838264042747
160,2026-09-14T02:16:43.309+00:00,2026-09-14T02:21:36.818+00:00,2026-09-14T02:21:43.376+00:00,False,101,100.0,,100.0,293508.160057,300066.763577,300066.763692,2970.9580563564355,0.025669,293508.160057,29198.634348774056,87.493744,65.5860352,20.195906611803167,0.33325916808623507,55,64,,False,False,Request timeout: 300.0s exceeded,285,21.16838264042747
161,2026-09-14T02:16:46.946+00:00,2026-09-14T02:21:40.371+00:00,2026-09-14T02:21:47.021+00:00,False,113,112.0,,112.0,293424.74356,300074.97588,300074.97609099996,2655.5307618672564,0.015439999999999999,293424.74356,27598.211767809615,89.27105680000001,59.377074285714286,200.18272260574074,0.37324005332850146,55,64,,False,False,Request timeout: 300.0s exceeded,493,21.16838264042747
162,2026-09-14T02:16:50.360+00:00,2026-09-14T02:21:44.048+00:00,2026-09-14T02:21:50.369+00:00,False,105,104.0,,104.0,293688.194416,300009.333872,300009.33369199996,2857.2317494476188,0.01529,293688.194416,28655.82465284801,89.4939826,60.78018707692308,204.5656903006716,0.34665588119458957,55,64,,False,False,Request timeout: 300.0s exceeded,372,21.16838264042747
163,2026-09-14T02:16:53.817+00:00,2026-09-14T02:21:47.915+00:00,2026-09-14T02:21:53.897+00:00,False,89,88.0,,88.0,294097.694125,300080.542381,300080.542205,3371.691485449438,0.02582,294097.694125,31167.09270229377,87.3954274,67.986912,19.565768951828193,0.2932546019204071,55,64,,False,False,Request timeout: 300.0s exceeded,287,21.16838264042747
164,2026-09-14T02:16:58.485+00:00,2026-09-14T02:21:52.243+00:00,2026-09-14T02:21:58.573+00:00,False,92,91.0,,91.0,293757.221611,300087.946987,300087.94716800004,3261.8255126956524,0.03574,293757.221611,30619.06092600524,88.84396005000002,69.56841072527473,20.007268398882136,0.30324443521866,55,64,,False,False,Request timeout: 300.0s exceeded,136,21.16838264042747
165,2026-09-14T02:17:03.842+00:00,2026-09-14T02:21:57.512+00:00,2026-09-14T02:22:03.909+00:00,False,95,94.0,,94.0,293669.302209,300066.749377,300066.749385,3158.5973619473684,0.02529,293669.302209,30122.859065796732,90.0829557,68.05794859574469,20.631418717738093,0.31326363282557385,55,64,,False,False,Request timeout: 300.0s exceeded,506,21.16838264042747
166,2026-09-14T02:17:07.881+00:00,2026-09-14T02:22:01.685+00:00,2026-09-14T02:22:07.919+00:00,False,93,92.0,,92.0,293803.86652100005,300038.157209,300038.15705100005,3226.2167424838713,0.023069,293803.86652100005,30459.021956560322,89.819698,67.7640292173913,20.804922574111675,0.3066276664801498,55,64,,False,False,Request timeout: 300.0s exceeded,456,21.16838264042747
167,2026-09-14T02:17:13.103+00:00,2026-09-14T02:22:07.063+00:00,2026-09-14T02:22:13.145+00:00,False,99,98.0,,98.0,293959.985454,300042.206254,300042.206285,3030.7293564141414,0.0,293959.985454,29537.928775814577,89.07328089999999,62.063477551020405,67.45403560462935,0.32662071521044056,55,64,,False,False,Request timeout: 300.0s exceeded,527,21.16838264042747
168,2026-09-14T02:17:17.047+00:00,2026-09-14T02:22:10.705+00:00,2026-09-14T02:22:17.075+00:00,False,103,102.0,,102.0,293657.496639,300027.734079,300027.73405200004,2912.8906218640777,0.0,293657.496639,28928.853772759856,88.48028000000001,62.45330823529412,66.0047980132295,0.3399685709493192,55,64,,False,False,Request timeout: 300.0s exceeded,425,21.16838264042747
169,2026-09-14T02:17:21.796+00:00,2026-09-14T02:22:15.053+00:00,2026-09-14T02:22:21.876+00:00,False,101,100.0,,100.0,293256.988914,300080.92133,300080.921158,2971.0982292871286,0.04372,293256.988914,29173.37739914608,88.099884,68.23932416,19.481523572676526,0.3332434449907253,55,64,,False,False,Request timeout: 300.0s exceeded,531,21.16838264042747
170,2026-09-14T02:17:24.976+00:00,2026-09-14T02:22:18.269+00:00,2026-09-14T02:22:25.021+00:00,False,98,97.0,,97.0,293292.977301,300045.527701,300045.527665,3061.689057806122,0.03473,293292.977301,29620.039318050196,89.1518847,69.61392164948452,19.957222405362323,0.32328427203441606,55,64,,False,False,Request timeout: 300.0s exceeded,472,21.16838264042747
171,2026-09-14T02:17:28.286+00:00,2026-09-14T02:22:22.044+00:00,2026-09-14T02:22:28.335+00:00,False,96,95.0,,95.0,293757.89406099997,300049.01777299994,300049.01778099994,3125.5106018854162,0.024829999999999998,293757.89406099997,29974.787758084534,88.68113975,66.2223548631579,20.643500909077364,0.31661493413676695,55,64,,False,False,Request timeout: 300.0s exceeded,466,21.16838264042747
172,2026-09-14T02:17:33.895+00:00,2026-09-14T02:22:27.429+00:00,2026-09-14T02:22:33.971+00:00,False,96,95.0,,95.0,293533.285248,300075.360384,300075.360588,3125.785006125,0.039920000000000004,293533.285248,29951.59425246859,90.00438725,68.8639488,20.8429422224349,0.31658713957197465,55,64,,False,False,Request timeout: 300.0s exceeded,465,21.16838264042747
173,2026-09-14T02:17:37.955+00:00,2026-09-14T02:22:31.588+00:00,2026-09-14T02:22:38.024+00:00,False,94,93.0,,93.0,293632.984113,300069.137457,300069.137467,3192.2248666702126,0.04289,293632.984113,30278.799563443994,92.79031895,69.20594993548387,21.8100631392766,0.3099285744217095,55,64,,False,False,Request timeout: 300.0s exceeded,383,21.16838264042747
174,2026-09-14T02:17:42.611+00:00,2026-09-14T02:22:36.016+00:00,2026-09-14T02:22:42.676+00:00,False,96,95.0,,95.0,293405.471313,300065.587025,300065.58687500004,3125.6831966145837,0.03958,293405.471313,29938.422985398836,92.23355525,70.10648117894738,21.55645955635354,0.3165974510502101,55,64,,False,False,Request timeout: 300.0s exceeded,364,21.16838264042747
175,2026-09-14T02:17:47.661+00:00,2026-09-14T02:22:41.448+00:00,2026-09-14T02:22:47.685+00:00,False,93,92.0,,92.0,293786.87808600004,300023.74336600007,300023.74349200004,3226.0617579784953,0.024640000000000002,293786.87808600004,30457.257518482926,91.37612260000002,67.79201391304349,20.9264554690796,0.3066423975910762,55,64,,False,False,Request timeout: 300.0s exceeded,511,21.16838264042747
176,2026-09-14T02:17:52.323+00:00,2026-09-14T02:22:46.125+00:00,2026-09-14T02:22:52.347+00:00,False,91,90.0,,90.0,293801.794253,300023.435981,300023.435971,3296.960834846154,0.02437,293801.794253,30791.555272564507,86.4003075,69.12935253333333,18.34836266683881,0.2999765658496743,55,64,,False,False,Request timeout: 300.0s exceeded,405,21.16838264042747
177,2026-09-14T02:17:57.711+00:00,2026-09-14T02:22:51.306+00:00,2026-09-14T02:22:57.733+00:00,False,96,95.0,,95.0,293595.201481,300022.941897,300022.941923,3125.238978364583,0.02026,293595.201481,29958.03625077725,90.8075655,67.66042543157894,20.648147302714847,0.3166424520715958,55,64,,False,False,Request timeout: 300.0s exceeded,557,21.16838264042747
178,2026-09-14T02:18:02.352+00:00,2026-09-14T02:22:56.101+00:00,2026-09-14T02:23:02.401+00:00,False,93,92.0,,92.0,293748.61848500004,300048.58392500004,300048.58373700007,3226.3288573870973,0.03773,293748.61848500004,30453.219246934383,90.9748902,68.4778852173913,21.19618521129973,0.3066170111404234,55,64,,False,False,Request timeout: 300.0s exceeded,386,21.16838264042747
179,2026-09-14T02:18:07.175+00:00,2026-09-14T02:23:00.659+00:00,2026-09-14T02:23:07.239+00:00,False,102,101.0,,101.0,293483.62415399996,300063.76777,300063.76780399994,2941.8016451372546,0.0,293483.62415399996,29052.832748703964,91.57158665000001,65.14993679207922,66.17449876515039,0.3365951202659592,55,64,,False,False,Request timeout: 300.0s exceeded,395,21.16838264042747
180,2026-09-14T02:18:10.995+00:00,2026-09-14T02:23:04.463+00:00,2026-09-14T02:23:11.059+00:00,False,103,102.0,,102.0,293468.505802,300063.75649,300063.756511,2913.240354475728,0.0,293468.505802,28910.01418475104,90.5535723,64.65932047058824,65.80492923264558,0.339927757997655,55,64,,False,False,Request timeout: 300.0s exceeded,480,21.16838264042747
181,2026-09-14T02:18:14.925+00:00,2026-09-14T02:23:08.604+00:00,2026-09-14T02:23:14.954+00:00,False,92,91.0,,91.0,293678.810593,300028.55779299996,300028.557819,3261.179976293478,0.023510000000000003,293678.810593,30610.8639684239,89.67853155,69.77744175824176,19.61233211487421,0.3033044609799579,55,64,,False,False,Request timeout: 300.0s exceeded,431,21.16838264042747
182,2026-09-14T02:18:20.585+00:00,2026-09-14T02:23:14.126+00:00,2026-09-14T02:23:20.661+00:00,False,93,92.0,,92.0,293540.703656,300075.515304,300075.51537200005,3226.6184448602153,0.034819,293540.703656,30431.39421060288,90.83615000000002,71.03056139130435,20.340469844756594,0.30658949267085917,55,64,,False,False,Request timeout: 300.0s exceeded,413,21.16838264042747
183,2026-09-14T02:18:24.686+00:00,2026-09-14T02:23:18.564+00:00,2026-09-14T02:23:24.762+00:00,False,93,92.0,,92.0,293877.314842,300075.22793,300075.22801,3226.615354946237,0.036340000000000004,293877.314842,30466.679035009718,89.2998652,67.36862052173913,20.570325514040043,0.3065897862833959,55,64,,False,False,Request timeout: 300.0s exceeded,401,21.16838264042747
184,2026-09-14T02:18:29.432+00:00,2026-09-14T02:23:22.691+00:00,2026-09-14T02:23:29.507+00:00,False,101,100.0,,100.0,293258.326198,300074.640054,300074.63990999997,2971.0360387128712,0.02334,293258.326198,29173.518637883837,89.85328999999997,68.16313856000001,20.359182123196575,0.33325042056871074,55,64,,False,False,Request timeout: 300.0s exceeded,219,21.16838264042747
185,2026-09-14T02:18:35.096+00:00,2026-09-14T02:23:28.715+00:00,2026-09-14T02:23:35.127+00:00,False,99,98.0,,98.0,293618.535545,300031.280249,300031.280209,3030.618992010101,0.02149,293618.535545,29503.204116808123,90.59748500000002,65.4361704489796,21.21669944447679,0.3266326095021442,55,64,,False,False,Request timeout: 300.0s exceeded,436,21.16838264042747
186,2026-09-14T02:18:38.850+00:00,2026-09-14T02:23:32.331+00:00,2026-09-14T02:23:38.870+00:00,False,96,95.0,,95.0,293480.791732,300020.502452,300020.502308,3125.2135657083336,0.024149,293480.791732,29946.239016287054,90.23249650000001,68.83906021052631,20.57848217525449,0.31664502666846567,55,64,,False,False,Request timeout: 300.0s exceeded,426,21.16838264042747
187,2026-09-14T02:18:43.097+00:00,2026-09-14T02:23:36.353+00:00,2026-09-14T02:23:43.139+00:00,False,101,100.0,,100.0,293255.432176,300041.71236799995,300041.712241,2970.7100221881187,0.04,293255.432176,29173.260082968223,89.34643200000001,67.86280192,19.66173539869969,0.33328699270103623,55,64,,False,False,Request timeout: 300.0s exceeded,511,21.16838264042747
188,2026-09-14T02:18:46.729+00:00,2026-09-14T02:23:40.432+00:00,2026-09-14T02:23:46.738+00:00,False,96,95.0,,95.0,293703.658536,300009.38628,300009.386116,3125.0977720416668,0.024699000000000002,293703.658536,29969.235627053695,86.43447275,66.37608151578947,19.03633863666871,0.3166567592366464,55,64,,False,False,Request timeout: 300.0s exceeded,331,21.16838264042747
189,2026-09-14T02:18:51.268+00:00,2026-09-14T02:23:45.254+00:00,2026-09-14T02:23:51.279+00:00,False,89,88.0,,88.0,293986.640997,300010.90211699996,300010.902012,3370.909011370786,0.0362,293986.640997,31155.271333591012,88.448537,68.45751272727273,19.75918102529301,0.293322673872969,55,64,,False,False,Request timeout: 300.0s exceeded,357,21.16838264042747
190,2026-09-14T02:18:56.367+00:00,2026-09-14T02:23:49.715+00:00,2026-09-14T02:23:56.411+00:00,False,97,96.0,,96.0,293348.285845,300044.179605,300044.179551,3093.238964443299,0.03015,293348.285845,29777.931022019045,90.9062918,69.74889333333333,20.87537440372715,0.3199528820268448,55,64,,False,False,Request timeout: 300.0s exceeded,171,21.16838264042747
191,2026-09-14T02:19:01.324+00:00,2026-09-14T02:23:55.370+00:00,2026-09-14T02:24:01.358+00:00,False,89,88.0,,88.0,294046.07905,300034.601034,300034.600953,3371.1752916067417,0.038549999999999994,294046.07905,31161.68118320343,89.8121184,68.05138618181819,67.63897203560099,0.29329950511283803,55,64,,False,False,Request timeout: 300.0s exceeded,334,21.16838264042747
192,2026-09-14T02:19:04.520+00:00,2026-09-14T02:23:58.322+00:00,2026-09-14T02:24:04.532+00:00,False,104,103.0,,103.0,293801.388273,300012.120561,300012.120707,2884.7319298750003,0.0,293801.388273,28803.758343015386,96.70916170000001,60.29837172815534,65.92093267785461,0.3433194625850375,55,64,,False,False,Request timeout: 300.0s exceeded,346,21.16838264042747
193,2026-09-14T02:19:07.881+00:00,2026-09-14T02:24:01.549+00:00,2026-09-14T02:24:07.939+00:00,False,97,96.0,,96.0,293668.39817299997,300057.609565,300057.60945,3093.377417010309,0.02305,293668.39817299997,29810.757368988452,89.0335334,66.55428533333334,20.15457013308682,0.31993856159546585,55,64,,False,False,Request timeout: 300.0s exceeded,428,21.16838264042747
194,2026-09-14T02:19:11.747+00:00,2026-09-14T02:24:05.523+00:00,2026-09-14T02:24:11.777+00:00,False,96,95.0,,95.0,293775.95131599996,300029.22952399997,300029.22965999995,3125.3044756249997,0.01835,293775.95131599996,29976.670992836396,87.2378885,65.82398113684211,20.071461664642808,0.3166358162860287,55,64,,False,False,Request timeout: 300.0s exceeded,518,21.16838264042747
195,2026-09-14T02:19:17.520+00:00,2026-09-14T02:24:11.297+00:00,2026-09-14T02:24:17.537+00:00,False,93,92.0,,92.0,293777.33163599996,300017.18929999997,300017.189439,3225.9912842903223,0.02561,293777.33163599996,30456.26360359373,88.033888,67.82453982608695,19.99099481780392,0.30664909638895815,55,64,,False,False,Request timeout: 300.0s exceeded,405,21.16838264042747
196,2026-09-14T02:19:22.607+00:00,2026-09-14T02:24:16.598+00:00,2026-09-14T02:24:22.632+00:00,False,89,88.0,,88.0,293990.769408,300024.764672,300024.764656,3371.0647714157303,0.03372,293990.769408,31155.697291297107,87.8503264,68.568128,19.874332363208456,0.2933091209860806,55,64,,False,False,Request timeout: 300.0s exceeded,424,21.16838264042747
197,2026-09-14T02:19:27.687+00:00,2026-09-14T02:24:21.182+00:00,2026-09-14T02:24:27.707+00:00,False,99,98.0,,98.0,293494.721466,300020.21087400004,300020.210837,3030.507180171717,0.039009999999999996,293494.721466,29490.64380308161,87.931967,66.5866266122449,19.899897309016847,0.3266446607530624,55,64,,False,False,Request timeout: 300.0s exceeded,439,21.16838264042747
198,2026-09-14T02:19:32.431+00:00,2026-09-14T02:24:26.117+00:00,2026-09-14T02:24:32.438+00:00,False,96,95.0,,95.0,293686.037304,300006.284856,300006.284968,3125.0654684166666,0.02197,293686.037304,29967.422097261933,88.77357275,66.5289216,19.85979487464362,0.31666003279097654,55,64,,False,False,Request timeout: 300.0s exceeded,406,21.16838264042747
199,2026-09-14T02:19:36.590+00:00,2026-09-14T02:24:30.479+00:00,2026-09-14T02:24:36.629+00:00,False,91,90.0,,90.0,293888.267948,300038.60573999997,300038.60555,3297.1275335164833,0.059,293888.267948,30800.704343532932,89.82572449999999,68.33708657777777,20.15083141876119,0.2999613992273713,55,64,,False,False,Request timeout: 300.0s exceeded,427,21.16838264042747
200,2026-09-14T02:19:41.217+00:00,2026-09-14T02:24:34.501+00:00,2026-09-14T02:24:41.267+00:00,False,98,97.0,,97.0,293284.694737,300050.666449,300050.666449,3061.7414943775507,0.022699999999999998,293284.694737,29619.18882866429,87.92932734999998,69.75228569072165,20.18486037302757,0.32327873538147,55,64,,False,False,Request timeout: 300.0s exceeded,464,21.16838264042747
201,2026-09-14T02:19:45.342+00:00,2026-09-14T02:24:39.224+00:00,2026-09-14T02:24:45.356+00:00,False,88,87.0,,87.0,293881.335158,300013.862262,300013.862248,3409.2484346363635,0.0287,293881.335158,31320.348071539283,89.9269367,70.48881728735631,20.47415572304859,0.2899866004325611,55,64,,False,False,Request timeout: 300.0s exceeded,311,21.16838264042747
202,2026-09-14T02:19:50.159+00:00,2026-09-14T02:24:43.594+00:00,2026-09-14T02:24:50.229+00:00,False,111,110.0,,110.0,293434.424524,300069.928652,300069.92849099997,2703.332689108108,0.016239999999999997,293434.424524,27846.634846538866,91.30069250000001,60.322764799999995,211.6997330525692,0.36658121823186846,55,64,,False,False,Request timeout: 300.0s exceeded,415,21.16838264042747
203,2026-09-14T02:19:55.188+00:00,2026-09-14T02:24:48.955+00:00,2026-09-14T02:24:55.221+00:00,False,90,89.0,,89.0,293766.934611,300032.752211,300032.752149,3333.6972461,0.02208,293766.934611,30958.33918926236,89.90776899999999,70.40244494382023,20.07848689056763,0.2966342819046974,55,64,,False,False,Request timeout: 300.0s exceeded,329,21.16838264042747
204,2026-09-14T02:20:00.861+00:00,2026-09-14T02:24:54.797+00:00,2026-09-14T02:25:00.882+00:00,False,95,94.0,,94.0,293935.982576,300021.100016,300021.100126,3158.1168434315787,0.0,293935.982576,30150.630352803033,85.26350169999999,64.73529191489362,68.30654419993895,0.3133112970887282,55,64,,False,False,Request timeout: 300.0s exceeded,451,21.16838264042747
205,2026-09-14T02:20:04.601+00:00,2026-09-14T02:24:58.550+00:00,2026-09-14T02:25:04.607+00:00,False,92,91.0,,91.0,293948.623322,300005.925338,300005.925341,3260.9339710978265,0.01952,293948.623322,30639.328744284423,86.13553605000001,66.56375841758242,19.310538912110633,0.30332734227657454,55,64,,False,False,Request timeout: 300.0s exceeded,440,21.16838264042747
206,2026-09-14T02:20:08.215+00:00,2026-09-14T02:25:02.096+00:00,2026-09-14T02:25:08.245+00:00,False,92,91.0,,91.0,293881.670227,300030.421075,300030.420892,3261.2002270869566,0.023379999999999998,293881.670227,30632.244085317554,87.6361916,67.56869063736265,20.02475713500082,0.30330257736515426,55,64,,False,False,Request timeout: 300.0s exceeded,411,21.16838264042747
207,2026-09-14T02:20:11.955+00:00,2026-09-14T02:25:05.756+00:00,2026-09-14T02:25:11.974+00:00,False,92,91.0,,91.0,293800.82572,300018.843256,300018.843429,3261.0743850978265,0.03653,293800.82572,30623.73588684447,89.01458565000001,68.32986303296703,19.682199859122374,0.3033142819044587,55,64,,False,False,Request timeout: 300.0s exceeded,381,21.16838264042747
208,2026-09-14T02:20:15.438+00:00,2026-09-14T02:25:09.378+00:00,2026-09-14T02:25:15.454+00:00,False,89,88.0,,88.0,293940.467757,300015.913773,300015.913748,3370.965323011236,0.026609999999999998,293940.467757,31150.31578108679,88.8833844,69.03915927272726,20.471389281637272,0.29331777402509096,55,64,,False,False,Request timeout: 300.0s exceeded,475,21.16838264042747
209,2026-09-14T02:20:19.203+00:00,2026-09-14T02:25:12.944+00:00,2026-09-14T02:25:19.237+00:00,False,90,89.0,,89.0,293741.55769,300034.411962,300034.41197099996,3333.7156885666664,0.030619,293741.55769,30955.632059331147,89.73806344999998,70.7062277752809,19.848668369182878,0.29663264096277075,55,64,,False,False,Request timeout: 300.0s exceeded,436,21.16838264042747
210,2026-09-14T02:20:24.458+00:00,2026-09-14T02:25:18.194+00:00,2026-09-14T02:25:24.474+00:00,False,97,96.0,,96.0,293736.689846,300016.48863,300016.488443,3092.9534891030926,0.025109000000000003,293736.689846,29817.807470823973,88.80750200000003,65.41457066666666,20.764328832422994,0.3199824130946133,55,64,,False,False,Request timeout: 300.0s exceeded,465,21.16838264042747
211,2026-09-14T02:20:30.044+00:00,2026-09-14T02:25:23.792+00:00,2026-09-14T02:25:30.062+00:00,False,90,89.0,,89.0,293748.390084,300018.00877200003,300018.008996,3333.5334332888892,0.022600000000000002,293748.390084,30956.38007163706,90.077094,70.44515379775281,20.309470710895905,0.2966488590611103,55,64,,False,False,Request timeout: 300.0s exceeded,349,21.16838264042747
212,2026-09-14T02:20:33.372+00:00,2026-09-14T02:25:26.982+00:00,2026-09-14T02:25:33.398+00:00,False,90,89.0,,89.0,293609.625658,300025.183034,300025.182862,3333.613142911111,0.03625,293609.625658,30941.580129551625,91.11867545000001,72.08491433707864,20.24007390725472,0.29664176553444244,55,64,,False,False,Request timeout: 300.0s exceeded,339,21.16838264042747
213,2026-09-14T02:20:37.289+00:00,2026-09-14T02:25:31.540+00:00,2026-09-14T02:25:37.304+00:00,False,85,84.0,,84.0,294251.10591900005,300015.20601500006,300015.2061850001,3529.5906610000006,0.02258,294251.10591900005,31908.577128411045,89.638892,68.62023923809524,20.454967038508748,0.27998580843865695,55,64,,False,False,Request timeout: 300.0s exceeded,460,21.16838264042747
214,2026-09-14T02:20:43.089+00:00,2026-09-14T02:25:36.764+00:00,2026-09-14T02:25:43.104+00:00,False,93,92.0,,92.0,293674.507569,300015.037745,300015.03759,3225.9681461290324,0.02147,293674.507569,30445.48764802123,88.801142,68.91880626086956,19.79137074242083,0.3066512955200469,55,64,,False,False,Request timeout: 300.0s exceeded,487,21.16838264042747
215,2026-09-14T02:20:47.836+00:00,2026-09-14T02:25:41.482+00:00,2026-09-14T02:25:47.873+00:00,False,93,92.0,,92.0,293646.218672,300036.934064,300036.933919,3226.2035905268817,0.03694,293646.218672,30442.49797647445,89.4893212,69.46429773913044,20.274771257650105,0.30662891649324664,55,64,,False,False,Request timeout: 300.0s exceeded,443,21.16838264042747
216,2026-09-14T02:20:52.945+00:00,2026-09-14T02:25:46.900+00:00,2026-09-14T02:25:52.995+00:00,False,95,94.0,,94.0,293955.643095,300050.629335,300050.629234,3158.4276761473684,0.0,293955.643095,30152.640489716207,87.38306,64.84027914893616,69.97563095673998,0.31328046272834525,55,64,,False,False,Request timeout: 300.0s exceeded,458,21.16838264042747
217,2026-09-14T02:20:57.041+00:00,2026-09-14T02:25:50.807+00:00,2026-09-14T02:25:57.069+00:00,False,100,99.0,,99.0,293766.32351899997,300028.04767899995,300028.04761199997,3000.2804761199995,0.0,293766.32351899997,29370.38478599473,88.90966844999998,63.24973898989899,67.77458218677293,0.3299691504372955,55,64,,False,False,Request timeout: 300.0s exceeded,502,21.16838264042747
218,2026-09-14T02:21:02.841+00:00,2026-09-14T02:25:56.542+00:00,2026-09-14T02:26:02.846+00:00,False,93,92.0,,92.0,293701.720587,300005.07828300004,300005.07841400005,3225.861058215054,0.0358,293701.720587,30448.351942789992,90.0980682,68.5147575652174,20.613100102392153,0.3066614756208053,55,64,,False,False,Request timeout: 300.0s exceeded,454,21.16838264042747
219,2026-09-14T02:21:08.574+00:00,2026-09-14T02:26:01.974+00:00,2026-09-14T02:26:08.644+00:00,False,102,101.0,,101.0,293400.29844700004,300070.15623900003,300070.15615100006,2941.8642759901963,0.022359999999999998,293400.29844700004,29044.426876558562,88.7272065,66.03819596039604,20.510946404183713,0.3365879541834726,55,64,,False,False,Request timeout: 300.0s exceeded,222,21.16838264042747
220,2026-09-14T02:21:12.801+00:00,2026-09-14T02:26:06.608+00:00,2026-09-14T02:26:12.866+00:00,False,93,92.0,,92.0,293806.959751,300065.522567,300065.52256099996,3226.5109952795697,0.038020000000000005,293806.959751,30459.315054113726,89.3706186,68.02785669565218,20.359750423531164,0.30659970266813247,55,64,,False,False,Request timeout: 300.0s exceeded,367,21.16838264042747
221,2026-09-14T02:21:17.436+00:00,2026-09-14T02:26:10.927+00:00,2026-09-14T02:26:17.451+00:00,False,93,92.0,,92.0,293491.060079,300015.679599,300015.67957800004,3225.9750492258067,0.037899999999999996,293491.060079,30426.257901212914,90.53568100000001,70.91977739130435,20.34155763869988,0.30665063946980003,55,64,,False,False,Request timeout: 300.0s exceeded,443,21.16838264042747
222,2026-09-14T02:21:20.820+00:00,2026-09-14T02:26:14.436+00:00,2026-09-14T02:26:20.901+00:00,False,98,97.0,,97.0,293615.792416,300080.943392,300080.943501,3062.050443887755,0.0215,293615.792416,29652.948233069063,90.0861462,66.65104098969073,20.51311235424884,0.3232461178758943,55,64,,False,False,Request timeout: 300.0s exceeded,368,21.16838264042747
223,2026-09-14T02:21:26.021+00:00,2026-09-14T02:26:19.688+00:00,2026-09-14T02:26:26.106+00:00,False,93,92.0,,92.0,293667.142911,300085.222911,300085.222735,3226.722825107527,0.03558,293667.142911,30444.63690320683,89.89191199999999,69.76173913043478,20.317046133299222,0.3065795746539828,55,64,,False,False,Request timeout: 300.0s exceeded,461,21.16838264042747
224,2026-09-14T02:21:30.438+00:00,2026-09-14T02:26:23.911+00:00,2026-09-14T02:26:30.446+00:00,False,99,98.0,,98.0,293473.507061,300007.885557,300007.88565,3030.3826833333333,0.04143,293473.507061,29488.50319555803,88.98651010000002,66.67733159183673,20.830665752302263,0.3266580803969584,55,64,,False,False,Request timeout: 300.0s exceeded,399,21.16838264042747
225,2026-09-14T02:21:35.699+00:00,2026-09-14T02:26:28.940+00:00,2026-09-14T02:26:35.778+00:00,False,101,100.0,,100.0,293240.265126,300078.918566,300078.918771,2971.078403673267,0.02471,293240.265126,29171.699021895463,88.318123,68.3865344,20.003631177972746,0.33324566909889664,55,64,,False,False,Request timeout: 300.0s exceeded,478,21.16838264042747
226,2026-09-14T02:21:39.752+00:00,2026-09-14T02:26:33.360+00:00,2026-09-14T02:26:39.789+00:00,False,98,97.0,,97.0,293607.704391,300037.272903,300037.27292099997,3061.6048257244897,0.020370000000000003,293607.704391,29652.168440273388,88.74351765,66.28421146391753,20.753352173776165,0.3232931664172252,55,64,,False,False,Request timeout: 300.0s exceeded,437,21.16838264042747
227,2026-09-14T02:21:43.829+00:00,2026-09-14T02:26:37.349+00:00,2026-09-14T02:26:43.881+00:00,False,99,98.0,,98.0,293520.49362699996,300052.41913099994,300052.419282,3030.8325179999997,0.02586,293520.49362699996,29493.22776192425,88.8360769,66.65230106122449,20.43257533485039,0.3266095980289836,55,64,,False,False,Request timeout: 300.0s exceeded,383,21.16838264042747
228,2026-09-14T02:21:48.483+00:00,2026-09-14T02:26:42.118+00:00,2026-09-14T02:26:48.549+00:00,False,104,103.0,,103.0,293634.84116799996,300065.8036,300065.80355599994,2885.2481111153843,0.0,293634.84116799996,28787.210870041316,90.95658385,62.43652846601942,62.9592808867183,0.3432580412838486,55,64,,False,False,Request timeout: 300.0s exceeded,489,21.16838264042747
229,2026-09-14T02:21:53.142+00:00,2026-09-14T02:26:47.659+00:00,2026-09-14T02:26:53.228+00:00,False,85,84.0,,84.0,294517.60870700004,300086.148867,300086.14870500006,3530.4252788823533,0.02947,294517.60870700004,31937.735885879716,88.74194899999999,66.29214476190477,20.39121780592836,0.27991961747367855,55,64,,False,False,Request timeout: 300.0s exceeded,450,21.16838264042747
230,2026-09-14T02:21:56.916+00:00,2026-09-14T02:26:50.345+00:00,2026-09-14T02:26:56.993+00:00,False,101,100.0,,100.0,293428.88487699995,300076.7794049999,300076.77944699995,2971.0572222475244,0.05038,293428.88487699995,29190.657090478704,87.98941400000001,66.47894528,19.846639762804724,0.3332480447113656,55,64,,False,False,Request timeout: 300.0s exceeded,343,21.16838264042747
231,2026-09-14T02:22:01.909+00:00,2026-09-14T02:26:55.471+00:00,2026-09-14T02:27:01.987+00:00,False,94,93.0,,93.0,293562.26435799996,300078.15683799994,300078.15679499996,3192.3208169680847,0.019780000000000002,293562.26435799996,30271.415107367775,89.03347400000001,70.06336,19.058930432156785,0.3099192589689457,55,64,,False,False,Request timeout: 300.0s exceeded,380,21.16838264042747
232,2026-09-14T02:22:05.572+00:00,2026-09-14T02:26:59.572+00:00,2026-09-14T02:27:05.606+00:00,False,89,88.0,,88.0,294000.041105,300033.677201,300033.677121,3371.1649114719103,0.041030000000000004,294000.041105,31156.680370550243,88.2870618,68.56404654545454,19.633132473042316,0.2933004082106644,55,64,,False,False,Request timeout: 300.0s exceeded,340,21.16838264042747
233,2026-09-14T02:22:09.136+00:00,2026-09-14T02:27:03.287+00:00,2026-09-14T02:27:09.172+00:00,False,88,87.0,,87.0,294150.752907,300035.944587,300035.944718,3409.499371795455,0.024460000000000003,294150.752907,31349.371186830595,90.48402904999999,67.64588137931034,20.528402529153784,0.2899652577285553,55,64,,False,False,Request timeout: 300.0s exceeded,391,21.16838264042747
234,2026-09-14T02:22:12.550+00:00,2026-09-14T02:27:06.599+00:00,2026-09-14T02:27:12.583+00:00,False,88,87.0,,87.0,294048.282105,300032.993017,300032.993015,3409.465829715909,0.03071,294048.282105,31338.32565757425,90.21563715,68.78978059770115,20.26804349986572,0.28996811025736274,55,64,,False,False,Request timeout: 300.0s exceeded,393,21.16838264042747
235,2026-09-14T02:22:16.826+00:00,2026-09-14T02:27:10.757+00:00,2026-09-14T02:27:16.853+00:00,False,94,93.0,,93.0,293930.718064,300026.751856,300026.75177900004,3191.773955095745,0.023629999999999998,293930.718064,30309.884754889834,88.90748665000001,65.5487504516129,20.47043604221118,0.3099723588803042,55,64,,False,False,Request timeout: 300.0s exceeded,359,21.16838264042747
236,2026-09-14T02:22:20.717+00:00,2026-09-14T02:27:14.556+00:00,2026-09-14T02:27:20.756+00:00,False,95,94.0,,94.0,293839.029731,300038.51619500003,300038.51618700003,3158.300170389474,0.02625,293839.029731,30140.489171720033,89.375554,65.95198365957447,21.165260111390072,0.3132931104715497,55,64,,False,False,Request timeout: 300.0s exceeded,459,21.16838264042747
237,2026-09-14T02:22:26.455+00:00,2026-09-14T02:27:20.757+00:00,2026-09-14T02:27:26.508+00:00,False,80,79.0,,79.0,294301.855575,300052.651351,300052.651339,3750.6581417375,0.06723900000000001,294301.855575,32895.81394288487,87.0882059,72.79488324050634,18.087565378054222,0.263287125257181,55,64,,False,False,Request timeout: 300.0s exceeded,356,21.16838264042747
238,2026-09-14T02:22:30.766+00:00,2026-09-14T02:27:24.876+00:00,2026-09-14T02:27:30.793+00:00,False,89,88.0,,88.0,294110.860929,300027.652737,300027.652714,3371.097221505618,0.03909000000000001,294110.860929,31168.56769652769,88.3999194,67.23627054545454,19.156124734847758,0.29330629759364063,55,64,,False,False,Request timeout: 300.0s exceeded,216,21.16838264042747
239,2026-09-14T02:22:36.171+00:00,2026-09-14T02:27:30.102+00:00,2026-09-14T02:27:36.188+00:00,False,95,94.0,,94.0,293930.596704,300017.37840000005,300017.37849900004,3158.0776684105267,0.09259999999999999,293930.596704,30150.00576580194,86.5565473,64.75299676595745,19.688090873990703,0.31331518361137706,55,64,,False,False,Request timeout: 300.0s exceeded,390,21.16838264042747
240,2026-09-14T02:22:41.035+00:00,2026-09-14T02:27:34.893+00:00,2026-09-14T02:27:41.045+00:00,False,89,88.0,,88.0,293857.18368099997,300009.87411299994,300009.87411599996,3370.8974619775277,0.02262,293857.18368099997,31141.394073571126,90.03447,69.91693672727273,19.5734655009362,0.29332367896282785,55,64,,False,False,Request timeout: 300.0s exceeded,362,21.16838264042747
241,2026-09-14T02:22:45.359+00:00,2026-09-14T02:27:39.188+00:00,2026-09-14T02:27:45.438+00:00,False,97,96.0,,96.0,293828.440443,300078.765179,300078.765192,3093.595517443299,0.0,293828.440443,29827.225683417168,90.8542696,65.10754933333334,68.71722514250138,0.3199160058617778,55,64,,False,False,Request timeout: 300.0s exceeded,484,21.16838264042747
242,2026-09-14T02:22:48.957+00:00,2026-09-14T02:27:42.744+00:00,2026-09-14T02:27:49.035+00:00,False,97,96.0,,96.0,293787.844,300078.720928,300078.72092299996,3093.5950610618556,0.020458999999999998,293787.844,29822.99004140999,89.29367099999999,65.529968,21.29659692516987,0.3199160530380758,55,64,,False,False,Request timeout: 300.0s exceeded,469,21.16838264042747
243,2026-09-14T02:22:53.291+00:00,2026-09-14T02:27:46.909+00:00,2026-09-14T02:27:53.347+00:00,False,94,93.0,,93.0,293617.9215,300055.739612,300055.73955399997,3192.082335680851,0.03566,293617.9215,30277.24263889605,89.16613915000002,69.22385066666668,19.60982299228265,0.30994241310050474,55,64,,False,False,Request timeout: 300.0s exceeded,416,21.16838264042747
244,2026-09-14T02:22:58.739+00:00,2026-09-14T02:27:52.053+00:00,2026-09-14T02:27:58.769+00:00,False,101,100.0,,100.0,293313.446876,300029.850588,300029.850521,2970.592579415841,0.01877,293313.446876,29179.102719782775,88.290624,67.16403712,20.296199156510614,0.3333001693132184,55,64,,False,False,Request timeout: 300.0s exceeded,474,21.16838264042747
245,2026-09-14T02:23:02.330+00:00,2026-09-14T02:27:56.074+00:00,2026-09-14T02:28:02.338+00:00,False,96,95.0,,95.0,293744.695097,300008.361017,300008.360868,3125.087092375,0.019129999999999998,293744.695097,29973.470803061107,88.21090625000001,65.93332547368422,21.58912892775919,0.31665784139468306,55,64,,False,False,Request timeout: 300.0s exceeded,388,21.16838264042747
246,2026-09-14T02:23:07.065+00:00,2026-09-14T02:28:00.337+00:00,2026-09-14T02:28:07.087+00:00,False,102,101.0,,101.0,293271.889097,300022.04717700003,300022.04710100003,2941.392618637255,0.03363,293271.889097,29031.633786891736,88.2610665,66.83324831683169,20.58135067528891,0.33664192665285814,55,64,,False,False,Request timeout: 300.0s exceeded,455,21.16838264042747
247,2026-09-14T02:23:10.554+00:00,2026-09-14T02:28:03.922+00:00,2026-09-14T02:28:10.649+00:00,False,99,98.0,,98.0,293368.74686400004,300095.63480000006,300095.63463700004,3031.2690367373743,0.027699,293368.74686400004,29477.776892094233,90.76886200000001,68.64171363265305,20.71224027084668,0.32656256418162327,55,64,,False,False,Request timeout: 300.0s exceeded,190,21.16838264042747
248,2026-09-14T02:23:14.700+00:00,2026-09-14T02:28:08.664+00:00,2026-09-14T02:28:14.733+00:00,False,99,98.0,,98.0,293964.097099,300032.934219,300032.934112,3030.6356981010103,0.015439999999999999,293964.097099,29539.551912727376,90.11843950000001,61.9269093877551,275.5833428580061,0.32663080889802537,55,64,,False,False,Request timeout: 300.0s exceeded,393,21.16838264042747
249,2026-09-14T02:23:18.231+00:00,2026-09-14T02:28:14.673+00:00,2026-09-14T02:28:18.267+00:00,False,103,102.0,,102.0,296442.222537,300035.227337,300035.227382,2912.963372640777,0.01579,296442.222537,29205.871209902587,91.4427029,35.22553725490196,36.00040094144468,0.3399600803722739,55,64,,False,False,Request timeout: 300.0s exceeded,381,21.16838264042747
250,2026-09-14T02:23:21.888+00:00,2026-09-14T02:28:16.027+00:00,2026-09-14T02:28:21.914+00:00,False,85,84.0,,84.0,294139.042283,300025.94762700005,300025.947696,3529.7170317176474,0.028,294139.042283,31896.262778928423,88.111062,70.08220647619048,19.198737170096933,0.2799757843092657,55,64,,False,False,Request timeout: 300.0s exceeded,369,21.16838264042747
251,2026-09-14T02:23:25.658+00:00,2026-09-14T02:28:19.082+00:00,2026-09-14T02:28:25.737+00:00,False,98,97.0,,97.0,293423.475119,300078.759599,300078.7597,3062.028160204082,0.05577,293423.475119,29633.32320105704,89.14348985000001,68.61118020618557,20.437074756248755,0.3232484702670147,55,64,,False,False,Request timeout: 300.0s exceeded,469,21.16838264042747
252,2026-09-14T02:23:30.726+00:00,2026-09-14T02:28:24.002+00:00,2026-09-14T02:28:30.788+00:00,False,102,101.0,,101.0,293276.033198,300061.86615799996,300061.866193,2941.783001892157,0.01763,293276.033198,29032.009186080722,89.50222600000001,67.18646495049505,20.646661361130327,0.3365972534037952,55,64,,False,False,Request timeout: 300.0s exceeded,465,21.16838264042747
253,2026-09-14T02:23:35.689+00:00,2026-09-14T02:28:29.587+00:00,2026-09-14T02:28:35.721+00:00,False,86,85.0,,85.0,293897.90140100004,300031.754841,300031.75495200005,3488.7413366511632,0.02097,293897.90140100004,31684.05044996831,89.9970525,72.16298164705883,19.9995644566044,0.2833033458243286,55,64,,False,False,Request timeout: 300.0s exceeded,372,21.16838264042747
254,2026-09-14T02:23:41.022+00:00,2026-09-14T02:28:34.999+00:00,2026-09-14T02:28:41.085+00:00,False,93,92.0,,92.0,293977.027711,300063.275135,300063.274983,3226.4868277741934,0.0,293977.027711,30477.211133482844,88.65993119999999,66.15486330434783,67.2380668678614,0.3066019990570613,55,64,,False,False,Request timeout: 300.0s exceeded,356,21.16838264042747
255,2026-09-14T02:23:46.590+00:00,2026-09-14T02:28:39.957+00:00,2026-09-14T02:28:46.670+00:00,False,100,99.0,,99.0,293367.28323500004,300079.90480300004,300079.90479500004,3000.7990479500004,0.0275,293367.28323500004,29329.954697652483,89.00174150000001,67.80425826262626,20.07376012558302,0.32991212812131715,55,64,,False,False,Request timeout: 300.0s exceeded,464,21.16838264042747
256,2026-09-14T02:23:52.139+00:00,2026-09-14T02:28:45.502+00:00,2026-09-14T02:28:52.180+00:00,False,101,100.0,,100.0,293362.987232,300041.053408,300041.053415,2970.7034991584155,0.03007,293362.987232,29184.070481906743,88.859893,66.78066176,20.536559696600783,0.3332877246768582,55,64,,False,False,Request timeout: 300.0s exceeded,449,21.16838264042747
257,2026-09-14T02:23:57.413+00:00,2026-09-14T02:28:51.351+00:00,2026-09-14T02:28:57.441+00:00,False,92,91.0,,91.0,293937.737496,300027.999,300027.99908000004,3261.1739030434783,0.02581,293937.737496,30638.157062475337,89.31374854999999,66.9259505934066,20.860601940907937,0.30330502587526836,55,64,,False,False,Request timeout: 300.0s exceeded,568,21.16838264042747
258,2026-09-14T02:24:01.932+00:00,2026-09-14T02:28:55.643+00:00,2026-09-14T02:29:01.952+00:00,False,92,91.0,,91.0,293710.838179,300019.907747,300019.90759,3261.0859520652175,0.044409,293710.838179,30614.250553460304,90.34037405,69.33043481318681,20.948101861137562,0.3033132057247956,55,64,,False,False,Request timeout: 300.0s exceeded,461,21.16838264042747
259,2026-09-14T02:24:06.074+00:00,2026-09-14T02:28:59.380+00:00,2026-09-14T02:29:06.087+00:00,False,99,98.0,,98.0,293305.506557,300012.804093,300012.803998,3030.4323636161616,0.037090000000000005,293305.506557,29471.441259062663,90.27793299999999,68.44181159183674,20.947490195106113,0.3266527250271002,55,64,,False,False,Request timeout: 300.0s exceeded,351,21.16838264042747
260,2026-09-14T02:24:09.973+00:00,2026-09-14T02:29:03.767+00:00,2026-09-14T02:29:10.046+00:00,False,92,91.0,,91.0,293794.707948,300073.628396,300073.628563,3261.6698756847827,0.02119,293794.707948,30623.029134788503,91.65673605,68.9991258021978,20.969560559234427,0.30325890511081327,55,64,,False,False,Request timeout: 300.0s exceeded,178,21.16838264042747
261,2026-09-14T02:24:14.964+00:00,2026-09-14T02:29:09.063+00:00,2026-09-14T02:29:14.999+00:00,False,91,90.0,,90.0,294098.9984,300034.894976,300034.89503899997,3297.0867586703293,0.08816,294098.9984,30823.044876219756,87.93057950000001,65.9544064,20.47492367806575,0.29996510908239243,55,64,,False,False,Request timeout: 300.0s exceeded,342,21.16838264042747
262,2026-09-14T02:24:19.628+00:00,2026-09-14T02:29:13.381+00:00,2026-09-14T02:29:19.692+00:00,False,98,97.0,,97.0,293752.35180400003,300063.955772,300063.955771,3061.877099704082,0.038700000000000005,293752.35180400003,29666.90226582736,87.65775455,65.06808214432989,19.847113355224852,0.32326441791530697,55,64,,False,False,Request timeout: 300.0s exceeded,448,21.16838264042747
263,2026-09-14T02:24:25.180+00:00,2026-09-14T02:29:18.918+00:00,2026-09-14T02:29:25.206+00:00,False,89,88.0,,88.0,293738.216559,300026.402415,300026.402385,3371.0831728651688,0.04775,293738.216559,31128.620909244557,91.7747104,71.45665745454545,20.412729792275456,0.29330751991045567,55,64,,False,False,Request timeout: 300.0s exceeded,344,21.16838264042747
264,2026-09-14T02:24:29.009+00:00,2026-09-14T02:29:22.856+00:00,2026-09-14T02:29:29.039+00:00,False,88,87.0,,87.0,293846.54438200005,300029.3030380001,300029.3030000001,3409.4238977272735,0.03055,293846.54438200005,31316.5770778309,88.69551320000001,71.06619144827586,19.300024792437405,0.28997167649648226,55,64,,False,False,Request timeout: 300.0s exceeded,458,21.16838264042747
265,2026-09-14T02:24:32.347+00:00,2026-09-14T02:29:26.210+00:00,2026-09-14T02:29:32.388+00:00,False,92,91.0,,91.0,293863.09262,300041.329548,300041.329317,3261.318796923913,0.02311,293863.09262,30630.27391543217,90.029679,67.8927134945055,20.725160076575108,0.3032915503243762,55,64,,False,False,Request timeout: 300.0s exceeded,409,21.16838264042747
266,2026-09-14T02:24:35.948+00:00,2026-09-14T02:29:29.426+00:00,2026-09-14T02:29:35.993+00:00,False,106,105.0,,105.0,293477.594457,300045.47055300005,300045.47049200005,2830.6176461509435,0.0,293477.594457,28499.0551957214,90.793886,62.551200914285715,62.030287366277534,0.34994695906083606,55,64,,False,False,Request timeout: 300.0s exceeded,394,21.16838264042747
267,2026-09-14T02:24:40.085+00:00,2026-09-14T02:29:34.243+00:00,2026-09-14T02:29:40.169+00:00,False,89,88.0,,88.0,294157.755444,300083.305524,300083.305386,3371.7225324269666,0.01802,294157.755444,31173.528860698316,89.1908914,67.33579636363636,20.59354727201924,0.2932519016555619,55,64,,False,False,Request timeout: 300.0s exceeded,287,21.16838264042747
268,2026-09-14T02:24:43.900+00:00,2026-09-14T02:29:37.600+00:00,2026-09-14T02:29:43.946+00:00,False,97,96.0,,96.0,293699.84268400003,300045.749628,300045.74974800006,3093.2551520412376,0.0181,293699.84268400003,29813.99680107452,90.7044846,66.10319733333334,21.49377394665061,0.31995120783754427,55,64,,False,False,Request timeout: 300.0s exceeded,363,21.16838264042747
269,2026-09-14T02:24:47.559+00:00,2026-09-14T02:29:39.693+00:00,2026-09-14T02:29:47.639+00:00,False,123,122.0,,122.0,292134.462631,300080.29789499997,300080.29790799995,2439.6772187642273,0.05062,292134.462631,26335.012794141345,89.79253709999999,65.12979724590164,20.522318860551323,0.4065578475354906,55,64,,False,False,Request timeout: 300.0s exceeded,604,21.16838264042747
270,2026-09-14T02:24:50.391+00:00,2026-09-14T02:29:43.773+00:00,2026-09-14T02:29:50.440+00:00,False,103,102.0,,102.0,293382.31054900005,300049.16341300006,300049.16326500004,2913.0986724757286,0.03075,293382.31054900005,28901.38583479495,91.40135910000001,65.36130258823529,21.6738902631351,0.3399442905948149,55,64,,False,False,Request timeout: 300.0s exceeded,467,21.16838264042747
271,2026-09-14T02:24:53.532+00:00,2026-09-14T02:29:48.785+00:00,2026-09-14T02:29:53.626+00:00,False,69,68.0,,68.0,295252.678513,300093.735537,300093.735683,4349.184575115943,0.018699999999999998,295252.678513,35535.68160455185,92.20890680000001,71.19201505882353,21.715740174655387,0.22659586638260884,55,64,,False,False,Request timeout: 300.0s exceeded,298,21.16838264042747
272,2026-09-14T02:24:58.181+00:00,2026-09-14T02:29:52.187+00:00,2026-09-14T02:29:58.199+00:00,False,90,89.0,,89.0,294005.886429,300017.693917,300017.693928,3333.5299325333335,0.022109999999999998,294005.886429,30983.82787886792,87.668014,67.54839874157304,20.26319395179538,0.2966491703806705,55,64,,False,False,Request timeout: 300.0s exceeded,365,21.16838264042747
273,2026-09-14T02:25:03.376+00:00,2026-09-14T02:29:56.716+00:00,2026-09-14T02:30:03.434+00:00,False,100,99.0,,99.0,293339.34047899995,300057.26918299997,300057.26900699997,3000.5726900699997,0.037209000000000006,293339.34047899995,29327.155522255438,88.7923969,67.8578656969697,20.741736956101285,0.329937015922189,55,64,,False,False,Request timeout: 300.0s exceeded,499,21.16838264042747
274,2026-09-14T02:25:07.350+00:00,2026-09-14T02:30:00.778+00:00,2026-09-14T02:30:07.383+00:00,False,97,96.0,,96.0,293428.750544,300033.81422400003,300033.814001,3093.132103103093,0.02127,293428.750544,29786.196228753215,88.2305762,68.80274666666668,19.67218270701764,0.3199639355593702,55,64,,False,False,Request timeout: 300.0s exceeded,516,21.16838264042747
275,2026-09-14T02:25:12.311+00:00,2026-09-14T02:30:06.197+00:00,2026-09-14T02:30:12.327+00:00,False,90,89.0,,89.0,293886.482891,300015.648971,300015.648993,3333.507211033333,0.041890000000000004,293886.482891,30971.102722264462,90.4987184,68.86703460674158,20.3790561874422,0.2966511923803111,55,64,,False,False,Request timeout: 300.0s exceeded,410,21.16838264042747
276,2026-09-14T02:25:16.623+00:00,2026-09-14T02:30:10.544+00:00,2026-09-14T02:30:16.694+00:00,False,94,93.0,,93.0,293920.715241,300070.438121,300070.43822999997,3192.238704574468,0.16266999999999998,293920.715241,30308.792797145088,87.87922050000002,66.12605247311828,19.392585761340886,0.30992723102733233,55,64,,False,False,Request timeout: 300.0s exceeded,456,21.16838264042747
277,2026-09-14T02:25:20.933+00:00,2026-09-14T02:30:14.912+00:00,2026-09-14T02:30:20.990+00:00,False,92,91.0,,91.0,293979.527321,300057.692057,300057.69215,3261.4966538043477,0.05479,293979.527321,30642.52724720869,88.41049299999999,66.79301907692307,20.005777089802454,0.30327501146917213,55,64,,False,False,Request timeout: 300.0s exceeded,420,21.16838264042747
278,2026-09-14T02:25:24.811+00:00,2026-09-14T02:30:18.418+00:00,2026-09-14T02:30:24.838+00:00,False,93,92.0,,92.0,293606.857501,300027.372829,300027.372828,3226.100783096774,0.04571,293606.857501,30438.382713598665,89.74842860000001,69.78821008695651,20.103765765591344,0.306638688105419,55,64,,False,False,Request timeout: 300.0s exceeded,409,21.16838264042747
279,2026-09-14T02:25:28.643+00:00,2026-09-14T02:30:22.224+00:00,2026-09-14T02:30:28.705+00:00,False,99,98.0,,98.0,293581.123717,300062.074501,300062.074726,3030.930047737374,0.0,293581.123717,29499.43814963904,92.81773889999998,66.13215085714286,65.31197334000039,0.3265990884151986,55,64,,False,False,Request timeout: 300.0s exceeded,450,21.16838264042747
280,2026-09-14T02:25:33.912+00:00,2026-09-14T02:30:28.313+00:00,2026-09-14T02:30:33.930+00:00,False,89,88.0,,88.0,294400.86066,300018.31397200003,300018.313852,3370.99229047191,0.02574,294400.86066,31199.669432947307,90.1724036,63.83469672727273,21.13911736042712,0.2933154274315828,55,64,,False,False,Request timeout: 300.0s exceeded,455,21.16838264042747
281,2026-09-14T02:25:39.608+00:00,2026-09-14T02:30:33.137+00:00,2026-09-14T02:30:39.653+00:00,False,95,94.0,,94.0,293528.593537,300045.06918500003,300045.069221,3158.3691496947367,0.02471,293528.593537,30108.292595018436,89.5859914,69.32420902127659,20.403877707204924,0.3132862681440768,55,64,,False,False,Request timeout: 300.0s exceeded,456,21.16838264042747
282,2026-09-14T02:25:43.259+00:00,2026-09-14T02:30:36.450+00:00,2026-09-14T02:30:43.286+00:00,False,104,103.0,,103.0,293191.034992,300026.993264,300026.993111,2884.874933759615,0.03329,293191.034992,28743.245208308443,87.67367215,66.36852691262136,19.9522664427432,0.3433024438216736,55,64,,False,False,Request timeout: 300.0s exceeded,503,21.16838264042747
283,2026-09-14T02:25:47.936+00:00,2026-09-14T02:30:41.733+00:00,2026-09-14T02:30:47.944+00:00,False,93,92.0,,92.0,293796.727755,300008.277707,300008.277922,3225.8954615268817,0.040659999999999995,293796.727755,30458.3067711281,88.66328659999999,67.51684730434783,19.957053338378454,0.3066582052440928,55,64,,False,False,Request timeout: 300.0s exceeded,288,21.16838264042747
284,2026-09-14T02:25:51.494+00:00,2026-09-14T02:30:44.996+00:00,2026-09-14T02:30:51.699+00:00,False,99,98.0,,98.0,293501.505499,300204.46050700004,300204.46043900005,3032.3682872626264,0.019649999999999997,293501.505499,29491.143904758723,88.6409477,68.39750008163266,20.315401521809363,0.32644418352243265,55,64,,False,False,Request timeout: 300.0s exceeded,131,21.16838264042747
285,2026-09-14T02:25:56.259+00:00,2026-09-14T02:30:50.002+00:00,2026-09-14T02:30:56.333+00:00,False,95,94.0,,94.0,293742.812347,300073.727163,300073.727233,3158.670812978947,0.02618,293742.812347,30130.473197321073,89.328919,67.35015761702128,19.932458738799923,0.31325634832715366,55,64,,False,False,Request timeout: 300.0s exceeded,431,21.16838264042747
286,2026-09-14T02:25:59.429+00:00,2026-09-14T02:30:53.013+00:00,2026-09-14T02:30:59.479+00:00,False,93,92.0,,92.0,293584.03036699997,300050.22172699997,300050.22178699996,3226.3464708279566,0.03772,293584.03036699997,30435.963963369973,88.7934786,70.28468869565218,19.78796067149211,0.3066153374940879,55,64,,False,False,Request timeout: 300.0s exceeded,441,21.16838264042747
287,2026-09-14T02:26:03.763+00:00,2026-09-14T02:30:57.643+00:00,2026-09-14T02:31:03.805+00:00,False,91,90.0,,90.0,293880.85857499996,300042.58452699997,300042.58461699996,3297.171259527472,0.04348,293880.85857499996,30799.914486554648,89.2760365,68.46362168888889,20.33699695692621,0.29995742151694854,55,64,,False,False,Request timeout: 300.0s exceeded,418,21.16838264042747
288,2026-09-14T02:26:08.664+00:00,2026-09-14T02:31:02.361+00:00,2026-09-14T02:31:08.697+00:00,False,93,92.0,,92.0,293696.554778,300032.70172199997,300032.701642,3226.158082172043,0.05853,293696.554778,30447.778795348284,88.54371299999998,68.8711624347826,19.819926056463995,0.3066332418832266,55,64,,False,False,Request timeout: 300.0s exceeded,393,21.16838264042747
289,2026-09-14T02:26:11.969+00:00,2026-09-14T02:31:05.860+00:00,2026-09-14T02:31:12.008+00:00,False,90,89.0,,89.0,293890.204953,300038.406169,300038.406195,3333.760068833333,0.01899,293890.204953,30971.47268711929,90.08988495000001,69.08091253932585,20.638517359338806,0.29662869209440385,55,64,,False,False,Request timeout: 300.0s exceeded,339,21.16838264042747
290,2026-09-14T02:26:16.831+00:00,2026-09-14T02:31:10.649+00:00,2026-09-14T02:31:16.921+00:00,False,96,95.0,,95.0,293817.30268300005,300089.8684430001,300089.868581,3125.936131052084,0.02,293817.30268300005,29980.87036840591,87.45938324999999,66.027008,19.60039912733027,0.3165718339406203,55,64,,False,False,Request timeout: 300.0s exceeded,387,21.16838264042747
291,2026-09-14T02:26:22.080+00:00,2026-09-14T02:31:15.827+00:00,2026-09-14T02:31:22.110+00:00,False,101,100.0,,100.0,293746.328718,300030.08884599997,300030.088893,2970.5949395346533,0.0,293746.328718,29222.676066058473,87.85072399999999,62.83760128,67.19624748555559,0.33329990463499215,55,64,,False,False,Request timeout: 300.0s exceeded,411,21.16838264042747
292,2026-09-14T02:26:26.318+00:00,2026-09-14T02:31:19.972+00:00,2026-09-14T02:31:26.333+00:00,False,96,95.0,,95.0,293654.111778,300015.12886600004,300015.12896,3125.1575933333334,0.0,293654.111778,29964.193042675644,89.9844,66.95807461052631,69.45218750095154,0.3166506981133981,55,64,,False,False,Request timeout: 300.0s exceeded,369,21.16838264042747
293,2026-09-14T02:26:30.451+00:00,2026-09-14T02:31:24.129+00:00,2026-09-14T02:31:30.488+00:00,False,90,89.0,,89.0,293677.596754,300036.393298,300036.39323,3333.7377025555556,0.032369999999999996,293677.596754,30948.81138950361,88.47707595,71.44715217977529,19.0498138977965,0.2966306821039675,55,64,,False,False,Request timeout: 300.0s exceeded,401,21.16838264042747
294,2026-09-14T02:26:33.735+00:00,2026-09-14T02:31:27.668+00:00,2026-09-14T02:31:33.770+00:00,False,88,87.0,,87.0,293932.954829,300035.141837,300035.141727,3409.490246897727,0.04213,293932.954829,31325.88725766748,88.2131645,70.14008055172414,19.419728250017585,0.2899660335363798,55,64,,False,False,Request timeout: 300.0s exceeded,310,21.16838264042747
295,2026-09-14T02:26:37.647+00:00,2026-09-14T02:31:31.381+00:00,2026-09-14T02:31:37.706+00:00,False,92,91.0,,91.0,293734.160062,300059.989182,300059.98917799996,3261.5216214999996,0.017329999999999998,293734.160062,30616.662030251624,88.8270471,69.51460571428572,19.737209881738007,0.30327268973140026,55,64,,False,False,Request timeout: 300.0s exceeded,444,21.16838264042747
296,2026-09-14T02:26:42.647+00:00,2026-09-14T02:31:36.554+00:00,2026-09-14T02:31:42.673+00:00,False,92,91.0,,91.0,293907.369601,300025.918081,300025.91815499996,3261.151284293478,0.039420000000000004,293907.369601,30634.95827216966,89.21987504999998,67.23679648351649,20.393273090046975,0.3033071295374959,55,64,,False,False,Request timeout: 300.0s exceeded,444,21.16838264042747
297,2026-09-14T02:26:47.704+00:00,2026-09-14T02:31:41.338+00:00,2026-09-14T02:31:47.750+00:00,False,100,99.0,,99.0,293634.347112,300046.10596,300046.105948,3000.4610594799997,0.08152899999999999,293634.347112,29356.96503714843,89.37840789999998,64.76524088888888,20.156769327064435,0.3299492912372539,55,64,,False,False,Request timeout: 300.0s exceeded,489,21.16838264042747
298,2026-09-14T02:26:52.365+00:00,2026-09-14T02:31:45.555+00:00,2026-09-14T02:31:52.462+00:00,False,104,103.0,,103.0,293189.70118800004,300096.78189200006,300096.78190800006,2885.545979884616,0.02089,293189.70118800004,28743.04712495188,91.21542845,67.05903596116505,20.549919681536117,0.34322260755554523,55,64,,False,False,Request timeout: 300.0s exceeded,301,21.16838264042747
299,2026-09-14T02:26:56.827+00:00,2026-09-14T02:31:50.585+00:00,2026-09-14T02:31:56.915+00:00,False,98,97.0,,97.0,293758.211282,300088.27285,300088.272849,3062.1252331530613,0.02982,293758.211282,29667.475486746516,89.91148134999999,65.25836668041238,20.65534291521877,0.32323822280281417,55,64,,False,False,Request timeout: 300.0s exceeded,441,21.16838264042747
300,2026-09-14T02:27:00.063+00:00,2026-09-14T02:31:53.839+00:00,2026-09-14T02:32:00.072+00:00,False,92,91.0,,91.0,293775.68446899997,300008.16242099996,300008.162462,3260.9582876304344,0.03698,293775.68446899997,30621.09874960357,90.6424286,68.4887687032967,20.582990807877664,0.3033250804433119,55,64,,False,False,Request timeout: 300.0s exceeded,360,21.16838264042747
301,2026-09-14T02:27:03.564+00:00,2026-09-14T02:31:57.240+00:00,2026-09-14T02:32:05.626+00:00,False,87,86.0,,86.0,293676.495323,302062.243547,302062.24349100003,3471.9798102413793,0.05935,293676.495323,31476.220182041507,90.1673056,97.50870027906977,282.0513176033369,0.2847095320161014,55,64,,False,False,Request timeout: 300.0s exceeded,296,21.16838264042747
302,2026-09-14T02:27:08.358+00:00,2026-09-14T02:32:02.118+00:00,2026-09-14T02:32:08.411+00:00,False,107,106.0,,106.0,293760.279691,300053.456779,300053.456666,2804.2379127663553,0.015380000000000001,293760.279691,28394.27709639277,90.16451860000001,59.369595169811326,255.4686485723311,0.35327038434378966,55,64,,False,False,Request timeout: 300.0s exceeded,440,21.16838264042747
303,2026-09-14T02:27:13.539+00:00,2026-09-14T02:32:07.076+00:00,2026-09-14T02:32:13.585+00:00,False,98,97.0,,97.0,293536.928098,300045.863778,300045.863667,3061.6924863979593,0.01934,293536.928098,29644.93566982709,88.3364327,67.10242969072165,19.816327862720748,0.32328390992841355,55,64,,False,False,Request timeout: 300.0s exceeded,434,21.16838264042747
304,2026-09-14T02:27:19.114+00:00,2026-09-14T02:32:12.689+00:00,2026-09-14T02:32:19.153+00:00,False,99,98.0,,98.0,293574.298976,300039.164512,300039.16447899997,3030.69863110101,0.0,293574.298976,29498.76776380618,87.89515089999999,65.96801567346938,64.86706303178597,0.32662402643132443,55,64,,False,False,Request timeout: 300.0s exceeded,324,21.16838264042747
305,2026-09-14T02:27:23.070+00:00,2026-09-14T02:32:16.542+00:00,2026-09-14T02:32:23.088+00:00,False,105,104.0,,104.0,293472.17671499995,300018.1689069999,300018.1688069999,2857.3158933999994,0.0,293472.17671499995,28633.82111371886,87.615499,62.94223261538462,26.099204637064677,0.3466456727566992,55,64,,False,False,Request timeout: 300.0s exceeded,430,21.16838264042747
306,2026-09-14T02:27:28.293+00:00,2026-09-14T02:32:22.057+00:00,2026-09-14T02:32:28.341+00:00,False,88,87.0,,87.0,293764.13386400003,300047.76932,300047.76922,3409.633741136364,0.04598,293764.13386400003,31307.668951328444,91.66774004999999,72.22569489655173,20.050088005728544,0.2899538303423105,55,64,,False,False,Request timeout: 300.0s exceeded,129,21.16838264042747
307,2026-09-14T02:27:31.732+00:00,2026-09-14T02:32:25.606+00:00,2026-09-14T02:32:31.761+00:00,False,86,85.0,,85.0,293873.784846,300029.07419,300029.07419200003,3488.710165023256,0.0189,293873.784846,31681.42257894368,89.8439625,72.41516875294117,19.80200807005141,0.28330587703700966,55,64,,False,False,Request timeout: 300.0s exceeded,217,21.16838264042747
308,2026-09-14T02:27:34.898+00:00,2026-09-14T02:32:28.340+00:00,2026-09-14T02:32:34.910+00:00,False,96,95.0,,95.0,293441.935321,300012.000729,300012.000624,3125.1250065,0.01886,293441.935321,29942.240757101474,90.24082474999999,69.15858324210527,20.749746475289438,0.3166539997372079,55,64,,False,False,Request timeout: 300.0s exceeded,509,21.16838264042747
309,2026-09-14T02:27:40.564+00:00,2026-09-14T02:32:34.067+00:00,2026-09-14T02:32:40.596+00:00,False,94,93.0,,93.0,293503.607939,300032.449923,300032.449833,3191.8345726914895,0.0206,293503.607939,30265.3514876316,88.77586615,70.20260197849463,20.133718657150272,0.3099664720394991,55,64,,False,False,Request timeout: 300.0s exceeded,365,21.16838264042747
310,2026-09-14T02:27:45.919+00:00,2026-09-14T02:32:39.556+00:00,2026-09-14T02:32:46.008+00:00,False,100,99.0,,99.0,293637.148437,300088.930837,300088.930963,3000.88930963,0.0218,293637.148437,29357.205167076398,89.09523945000001,65.16951919191919,20.773320652570177,0.3299022050692501,55,64,,False,False,Request timeout: 300.0s exceeded,480,21.16838264042747
311,2026-09-14T02:27:49.765+00:00,2026-09-14T02:32:43.683+00:00,2026-09-14T02:32:49.778+00:00,False,88,87.0,,87.0,293918.039031,300013.96811899997,300013.968008,3409.2496364545455,0.019819,293918.039031,31324.305005546423,89.300389,70.06815043678162,19.5971219735907,0.2899864981136199,55,64,,False,False,Request timeout: 300.0s exceeded,417,21.16838264042747
312,2026-09-14T02:27:55.311+00:00,2026-09-14T02:32:48.824+00:00,2026-09-14T02:32:55.395+00:00,False,97,96.0,,96.0,293512.791527,300083.822311,300083.82215200004,3093.6476510515467,0.023899999999999998,293512.791527,29794.76508904482,87.576955,68.44823733333332,19.360937211625597,0.3199106145099278,55,64,,False,False,Request timeout: 300.0s exceeded,492,21.16838264042747
313,2026-09-14T02:27:58.885+00:00,2026-09-14T02:32:52.858+00:00,2026-09-14T02:32:58.923+00:00,False,89,88.0,,88.0,293973.45439200004,300038.14354400005,300038.143625,3371.215096910113,0.046020000000000005,293973.45439200004,31153.82429429524,87.843917,68.9169221818182,18.837067903337054,0.29329604216503546,55,64,,False,False,Request timeout: 300.0s exceeded,324,21.16838264042747
314,2026-09-14T02:28:03.400+00:00,2026-09-14T02:32:57.451+00:00,2026-09-14T02:33:03.421+00:00,False,87,86.0,,86.0,294051.554055,300020.864775,300020.86466,3448.5156857471266,0.03389,294051.554055,31518.200204853503,89.41885099999999,69.41058976744185,19.72741659156463,0.2866467306015384,55,64,,False,False,Request timeout: 300.0s exceeded,196,21.16838264042747
315,2026-09-14T02:28:08.135+00:00,2026-09-14T02:33:01.982+00:00,2026-09-14T02:33:08.195+00:00,False,91,90.0,,90.0,293847.555085,300059.829261,300059.829377,3297.3607623846156,0.01789,293847.555085,30796.364928201878,89.899475,69.02526862222221,21.047207195263994,0.2999401826684225,55,64,,False,False,Request timeout: 300.0s exceeded,392,21.16838264042747
316,2026-09-14T02:28:14.648+00:00,2026-09-14T02:33:06.776+00:00,2026-09-14T02:33:14.755+00:00,False,133,132.0,,132.0,292128.455194,300106.757658,300106.757779,2256.44178781203,0.0,292128.455194,25325.57805953774,91.3972672,60.44168533333334,59.52789786500326,0.43984347780141114,55,64,,False,False,Request timeout: 300.0s exceeded,438,21.16838264042747
317,2026-09-14T02:28:18.327+00:00,2026-09-14T02:33:12.341+00:00,2026-09-14T02:33:18.355+00:00,False,100,99.0,,99.0,294013.52175099996,300027.43765499996,300027.437451,3000.2743745099997,0.03369,294013.52175099996,29395.28528143938,90.60734889999999,60.746625292929295,21.47985743934081,0.3299698213396056,55,64,,False,False,Request timeout: 300.0s exceeded,505,21.16838264042747
318,2026-09-14T02:28:23.911+00:00,2026-09-14T02:33:17.415+00:00,2026-09-14T02:33:23.962+00:00,False,93,92.0,,92.0,293504.4711,300050.62278000003,300050.622768,3226.350782451613,0.06388,293504.4711,30427.623739509858,89.93249059999998,71.15382260869566,19.49189281416129,0.3066149276665734,55,64,,False,False,Request timeout: 300.0s exceeded,388,21.16838264042747
319,2026-09-14T02:28:27.132+00:00,2026-09-14T02:33:21.210+00:00,2026-09-14T02:33:27.205+00:00,False,87,86.0,,86.0,294078.578882,300073.683906,300073.683792,3449.1228022068967,0.06852,294078.578882,31521.06532588701,88.26537629999999,69.71052353488372,19.585104814775143,0.28659627489007017,55,64,,False,False,Request timeout: 300.0s exceeded,381,21.16838264042747
320,2026-09-14T02:28:31.072+00:00,2026-09-14T02:33:24.974+00:00,2026-09-14T02:33:31.087+00:00,False,95,94.0,,94.0,293901.726729,300014.695689,300014.69581,3158.049429578947,0.017639,293901.726729,30147.015366609685,88.8945544,65.03158468085107,19.964208751076367,0.3133179852544353,55,64,,False,False,Request timeout: 300.0s exceeded,402,21.16838264042747
321,2026-09-14T02:28:36.288+00:00,2026-09-14T02:33:30.113+00:00,2026-09-14T02:33:36.308+00:00,False,95,94.0,,94.0,293824.752656,300019.67515200004,300019.675104,3158.1018432,0.037219999999999996,293824.752656,30139.02874031952,87.91137439999999,65.90343080851063,20.25895022017999,0.3133127850777668,55,64,,False,False,Request timeout: 300.0s exceeded,416,21.16838264042747
322,2026-09-14T02:28:39.940+00:00,2026-09-14T02:33:33.702+00:00,2026-09-14T02:33:40.038+00:00,False,99,98.0,,98.0,293762.14007200004,300097.597352,300097.59754200006,3031.2888640606066,0.02181,293762.14007200004,29517.71552432133,87.88142889999999,64.64752326530612,20.284599397757574,0.3265604285563497,55,64,,False,False,Request timeout: 300.0s exceeded,441,21.16838264042747
323,2026-09-14T02:28:44.876+00:00,2026-09-14T02:33:38.984+00:00,2026-09-14T02:33:44.912+00:00,False,89,88.0,,88.0,294108.20035500004,300036.59894700005,300036.59895500005,3371.1977410674162,0.03694,294108.20035500004,31168.27309934194,89.24496200000002,67.36816581818181,21.341988506587576,0.2932975520614562,55,64,,False,False,Request timeout: 300.0s exceeded,346,21.16838264042747
324,2026-09-14T02:28:49.778+00:00,2026-09-14T02:33:43.336+00:00,2026-09-14T02:33:49.801+00:00,False,98,97.0,,97.0,293557.58539200004,300022.229744,300022.22958900005,3061.451322336735,0.03668,293557.58539200004,29647.06816242295,86.646774,66.64581806185568,19.305572319564845,0.3233093763844339,55,64,,False,False,Request timeout: 300.0s exceeded,496,21.16838264042747
325,2026-09-14T02:28:55.386+00:00,2026-09-14T02:33:49.123+00:00,2026-09-14T02:33:55.478+00:00,False,99,98.0,,98.0,293736.379198,300092.164414,300092.164576,3031.2339856161616,0.03743,293736.379198,29515.105055711843,86.124591,64.85495118367348,19.44900500066003,0.32656634068192975,55,64,,False,False,Request timeout: 300.0s exceeded,522,21.16838264042747
326,2026-09-14T02:28:59.548+00:00,2026-09-14T02:33:53.201+00:00,2026-09-14T02:33:59.570+00:00,False,94,93.0,,93.0,293652.50961799995,300021.7530099999,300021.75285799993,3191.7207750851057,0.03726,293652.50961799995,30280.88623913971,87.87397564999999,68.48648808602151,19.69671342805656,0.3099775235194371,55,64,,False,False,Request timeout: 300.0s exceeded,433,21.16838264042747
327,2026-09-14T02:29:03.847+00:00,2026-09-14T02:33:57.368+00:00,2026-09-14T02:34:03.894+00:00,False,98,97.0,,97.0,293521.070579,300047.286259,300047.286327,3061.7070033367345,0.043518999999999995,293521.070579,29643.315870195285,88.07393214999998,67.28057402061856,19.886962173645223,0.323282377285925,55,64,,False,False,Request timeout: 300.0s exceeded,509,21.16838264042747
328,2026-09-14T02:29:09.116+00:00,2026-09-14T02:34:02.713+00:00,2026-09-14T02:34:09.140+00:00,False,99,98.0,,98.0,293597.352402,300024.341458,300024.341461,3030.5489036464646,0.0,293597.352402,29501.127586121504,88.29025070000002,65.58152097959184,66.69188659140666,0.326640163673916,55,64,,False,False,Request timeout: 300.0s exceeded,450,21.16838264042747
329,2026-09-14T02:29:14.589+00:00,2026-09-14T02:34:08.229+00:00,2026-09-14T02:34:14.623+00:00,False,89,88.0,,88.0,293640.550195,300034.30609900004,300034.306203,3371.171979808989,0.0349,293640.550195,31118.141201377985,91.1412854,72.6563170909091,20.516717130064333,0.29329979342749996,55,64,,False,False,Request timeout: 300.0s exceeded,440,21.16838264042747
330,2026-09-14T02:29:18.231+00:00,2026-09-14T02:34:11.882+00:00,2026-09-14T02:34:18.312+00:00,False,93,92.0,,92.0,293650.373608,300080.09956,300080.09953,3226.6677368817204,0.022178999999999997,293650.373608,30442.884794823007,89.08548259999999,69.88832556521739,20.185628657990545,0.30658480897232876,55,64,,False,False,Request timeout: 300.0s exceeded,436,21.16838264042747
331,2026-09-14T02:29:23.129+00:00,2026-09-14T02:34:17.169+00:00,2026-09-14T02:34:23.214+00:00,False,88,87.0,,87.0,294040.594909,300085.51471699995,300085.51479299995,3410.0626681022723,0.04323,294040.594909,31337.432464071175,88.57650885,69.48183687356321,20.326968544775802,0.2899173593302117,55,64,,False,False,Request timeout: 300.0s exceeded,398,21.16838264042747
332,2026-09-14T02:29:27.108+00:00,2026-09-14T02:34:20.647+00:00,2026-09-14T02:34:27.157+00:00,False,95,94.0,,94.0,293538.976681,300048.895913,300048.895974,3158.409431305263,0.02123,293538.976681,30109.36463741315,88.2600047,69.25445991489362,19.795920680833134,0.3132822725908499,55,64,,False,False,Request timeout: 300.0s exceeded,434,21.16838264042747
333,2026-09-14T02:29:31.534+00:00,2026-09-14T02:34:25.457+00:00,2026-09-14T02:34:31.543+00:00,False,89,88.0,,88.0,293923.217783,300009.62853499997,300009.62867099995,3370.894704168539,0.04444,293923.217783,31148.473680494957,88.72061219999999,69.16375854545454,19.846693543102653,0.29332391906792976,55,64,,False,False,Request timeout: 300.0s exceeded,131,21.16838264042747
334,2026-09-14T02:29:34.981+00:00,2026-09-14T02:34:28.729+00:00,2026-09-14T02:34:34.998+00:00,False,96,95.0,,95.0,293748.23315600003,300017.44634,300017.44622800004,3125.181731541667,0.04057,293748.23315600003,29973.82497293662,88.27791125,65.99171772631578,20.179226904140066,0.31664825215644155,55,64,,False,False,Request timeout: 300.0s exceeded,434,21.16838264042747
335,2026-09-14T02:29:38.703+00:00,2026-09-14T02:34:32.423+00:00,2026-09-14T02:34:38.790+00:00,False,94,93.0,,93.0,293720.620088,300087.57228,300087.572203,3192.420980882979,0.03704,293720.620088,30287.91414630225,89.22214550000001,68.46185152688173,20.17139834846108,0.309909535051406,55,64,,False,False,Request timeout: 300.0s exceeded,456,21.16838264042747
336,2026-09-14T02:29:44.279+00:00,2026-09-14T02:34:38.321+00:00,2026-09-14T02:34:44.342+00:00,False,88,87.0,,87.0,294041.574396,300062.594044,300062.593982,3409.802204340909,0.03489,294041.574396,31337.56562933299,87.83636834999999,69.2071223908046,19.477639839536458,0.28993950504621263,55,64,,False,False,Request timeout: 300.0s exceeded,394,21.16838264042747
337,2026-09-14T02:29:48.417+00:00,2026-09-14T02:34:42.514+00:00,2026-09-14T02:34:48.495+00:00,False,93,92.0,,92.0,294096.990484,300077.972244,300077.972373,3226.6448642258065,0.04113,294096.990484,30489.702317625055,86.81483899999999,65.01067130434782,19.77105230185294,0.30658698241666593,55,64,,False,False,Request timeout: 300.0s exceeded,427,21.16838264042747
338,2026-09-14T02:29:52.644+00:00,2026-09-14T02:34:46.543+00:00,2026-09-14T02:34:52.666+00:00,False,96,95.0,,95.0,293898.808715,300021.808523,300021.808625,3125.2271731770834,0.02466,293898.808715,29989.34972365307,85.978186,64.45262955789474,19.597514987150024,0.3166436482323824,55,64,,True,False,Request timeout: 300.0s exceeded,543,21.16838264042747
339,2026-09-14T02:29:57.399+00:00,2026-09-14T02:34:50.706+00:00,2026-09-14T02:34:57.430+00:00,False,98,97.0,,97.0,293307.211778,300031.033602,300031.033471,3061.541157867347,0.03755,293307.211778,29621.506877212792,88.43542485,69.3177507628866,19.566946746420008,0.3232998894663455,55,64,,True,False,Request timeout: 300.0s exceeded,499,21.16838264042747
340,2026-09-14T02:30:02.614+00:00,2026-09-14T02:34:56.115+00:00,2026-09-14T02:35:02.698+00:00,False,101,100.0,,100.0,293500.337166,300083.14471799997,300083.144666,2971.1202442178214,0.022350000000000002,293500.337166,29197.831872144998,88.643203,65.82807552,20.2158715509795,0.3332409759101064,55,64,,True,False,Request timeout: 300.0s exceeded,425,21.16838264042747
341,2026-09-14T02:30:06.751+00:00,2026-09-14T02:35:00.171+00:00,2026-09-14T02:35:06.767+00:00,False,97,96.0,,96.0,293420.962397,300016.418909,300016.418711,3092.9527702164946,0.03419,293420.962397,29785.41589312705,87.61792100000001,68.702672,20.080598756306447,0.31998248745552293,55,64,,True,False,Request timeout: 300.0s exceeded,447,21.16838264042747
342,2026-09-14T02:30:10.037+00:00,2026-09-14T02:35:04.123+00:00,2026-09-14T02:35:10.090+00:00,False,89,88.0,,88.0,294085.955588,300053.50707600004,300053.507257,3371.387721988764,0.03775,294085.955588,31165.86721441912,88.09258,67.8130850909091,20.151731597098482,0.2932810246330853,55,64,,True,False,Request timeout: 300.0s exceeded,356,21.16838264042747
343,2026-09-14T02:30:14.797+00:00,2026-09-14T02:35:08.145+00:00,2026-09-14T02:35:14.833+00:00,False,103,102.0,,102.0,293347.898991,300035.555951,300035.55590900005,2912.966562223301,0.024399999999999998,293347.898991,28897.974202909718,89.3277461,65.56526431372549,20.477161298742605,0.33995970803093095,55,64,,True,False,Request timeout: 300.0s exceeded,456,21.16838264042747
344,2026-09-14T02:30:19.633+00:00,2026-09-14T02:35:13.104+00:00,2026-09-14T02:35:19.682+00:00,False,99,98.0,,98.0,293470.668847,300049.152815,300049.15287499997,3030.7995239898987,0.02368,293470.668847,29488.17253444869,89.2886419,67.12738742857144,20.57499269586919,0.32661315348030145,55,64,,True,False,Request timeout: 300.0s exceeded,505,21.16838264042747
345,2026-09-14T02:30:23.706+00:00,2026-09-14T02:35:17.240+00:00,2026-09-14T02:35:23.764+00:00,False,93,92.0,,92.0,293533.351028,300057.396852,300057.396903,3226.4236226129033,0.02498,293533.351028,30430.643379457997,88.0524442,70.91354156521739,19.51653768578005,0.30660800555227774,55,64,,True,False,Request timeout: 300.0s exceeded,434,21.16838264042747
346,2026-09-14T02:30:27.904+00:00,2026-09-14T02:35:21.358+00:00,2026-09-14T02:35:28.201+00:00,False,97,96.0,,96.0,293453.597321,300296.254857,300296.254854,3095.8376789072167,0.02389,293453.597321,29788.46854476824,88.5276772,71.27768266666668,20.861073242624613,0.31968430657157165,55,64,,True,False,Request timeout: 300.0s exceeded,398,21.16838264042747
347,2026-09-14T02:30:33.180+00:00,2026-09-14T02:35:26.972+00:00,2026-09-14T02:35:33.198+00:00,False,92,91.0,,91.0,293792.305353,300018.261961,300018.261827,3261.0680633369566,0.03582,293792.305353,30622.838493721094,88.93529755,68.41710558241758,19.700558978144603,0.303314869585603,55,64,,True,False,Request timeout: 300.0s exceeded,374,21.16838264042747
348,2026-09-14T02:30:37.899+00:00,2026-09-14T02:35:31.567+00:00,2026-09-14T02:35:37.924+00:00,False,94,93.0,,93.0,293667.79819999996,300025.107384,300025.10742699995,3191.7564619893615,0.02282,293667.79819999996,30282.476470896534,86.51881034999998,68.35816326881721,19.851169101823025,0.30997405787432974,55,64,,True,False,Request timeout: 300.0s exceeded,416,21.16838264042747
349,2026-09-14T02:30:41.105+00:00,2026-09-14T02:35:34.455+00:00,2026-09-14T02:35:41.136+00:00,False,100,99.0,,99.0,293349.81834399997,300030.451944,300030.451999,3000.30451999,0.0232,293349.81834399997,29328.240380599418,88.27425345,67.48114747474747,19.867004035343204,0.32996650626143154,55,64,,True,False,Request timeout: 300.0s exceeded,474,21.16838264042747
350,2026-09-14T02:30:44.595+00:00,2026-09-14T02:35:38.261+00:00,2026-09-14T02:35:44.618+00:00,False,94,93.0,,93.0,293665.885772,300022.85166,300022.851629,3191.732464138298,0.026690000000000002,293665.885772,30282.27998620531,89.34336115,68.35447191397849,20.43822164633362,0.3099763884165463,55,64,,True,False,Request timeout: 300.0s exceeded,412,21.16838264042747
351,2026-09-14T02:30:49.528+00:00,2026-09-14T02:35:43.091+00:00,2026-09-14T02:35:49.541+00:00,False,94,93.0,,93.0,293562.795484,300012.839132,300012.839085,3191.625947712766,0.02266,293562.795484,30271.544068647956,90.76661984999998,69.35530804301075,20.823446102337712,0.3099867334647026,55,64,,True,False,Request timeout: 300.0s exceeded,447,21.16838264042747
352,2026-09-14T02:30:53.079+00:00,2026-09-14T02:35:46.441+00:00,2026-09-14T02:35:53.101+00:00,False,98,97.0,,97.0,293362.176271,300022.839823,300022.839738,3061.457548346939,0.036770000000000004,293362.176271,29627.12503902447,88.24197885000001,68.66663455670104,19.77716764925411,0.3233087189536158,55,64,,True,False,Request timeout: 300.0s exceeded,454,21.16838264042747
353,2026-09-14T02:30:57.699+00:00,2026-09-14T02:35:51.311+00:00,2026-09-14T02:35:57.745+00:00,False,94,93.0,,93.0,293612.67553899996,300046.36693099997,300046.36690499994,3191.982626648936,0.03761,293612.67553899996,30276.70554937728,86.6107418,69.17947733333332,18.67155434957783,0.3099520949086736,55,64,,True,False,Request timeout: 300.0s exceeded,481,21.16838264042747
354,2026-09-14T02:31:02.036+00:00,2026-09-14T02:35:55.684+00:00,2026-09-14T02:36:02.077+00:00,False,95,94.0,,94.0,293648.18803799996,300040.896134,300040.896212,3158.32522328421,0.036,293648.18803799996,30120.698042262396,91.60240669999999,68.00753293617021,20.73701058967971,0.31329062541534025,55,64,,True,False,Request timeout: 300.0s exceeded,447,21.16838264042747
355,2026-09-14T02:31:06.906+00:00,2026-09-14T02:36:00.820+00:00,2026-09-14T02:36:06.945+00:00,False,89,88.0,,88.0,293914.217374,300039.241886,300039.241892,3371.227436988764,0.045689999999999995,293914.217374,31147.47364973598,88.82893840000001,69.60255127272727,20.659102239317885,0.2932949685076049,55,64,,True,False,Request timeout: 300.0s exceeded,348,21.16838264042747
356,2026-09-14T02:31:10.774+00:00,2026-09-14T02:36:04.606+00:00,2026-09-14T02:36:10.814+00:00,False,89,88.0,,88.0,293832.625432,300040.556312,300040.556244,3371.2422049887637,0.0223,293832.625432,31138.72431365775,90.50895059999999,70.5446690909091,19.48985241734445,0.29329368363286323,55,64,,True,False,Request timeout: 300.0s exceeded,435,21.16838264042747
357,2026-09-14T02:31:15.006+00:00,2026-09-14T02:36:08.412+00:00,2026-09-14T02:36:15.022+00:00,False,98,97.0,,97.0,293405.524938,300016.18042600004,300016.180301,3061.3895949081634,0.040600000000000004,293405.524938,29631.555455820195,86.94135835000002,68.15108750515463,18.946769426121026,0.3233158953702677,55,64,,True,False,Request timeout: 300.0s exceeded,500,21.16838264042747
358,2026-09-14T02:31:18.530+00:00,2026-09-14T02:36:12.113+00:00,2026-09-14T02:36:18.552+00:00,False,93,92.0,,92.0,293582.498199,300021.429911,300021.42988300003,3226.036880462366,0.026350000000000002,293582.498199,30435.835369786713,87.32775,69.98838817391305,19.09113828671394,0.30664476210013186,55,64,,True,False,Request timeout: 300.0s exceeded,463,21.16838264042747
359,2026-09-14T02:31:22.735+00:00,2026-09-14T02:36:16.559+00:00,2026-09-14T02:36:22.747+00:00,False,93,92.0,,92.0,293823.63373500004,300012.066119,300012.066218,3225.9361958924737,0.02204,293823.63373500004,30461.122441197593,86.184734,67.26556939130434,19.320525861861338,0.30665433290775757,55,64,,True,False,Request timeout: 300.0s exceeded,379,21.16838264042747
360,2026-09-14T02:31:28.183+00:00,2026-09-14T02:36:22.001+00:00,2026-09-14T02:36:28.228+00:00,False,93,92.0,,92.0,293818.431921,300044.789937,300044.790025,3226.2880647849465,0.04247,293818.431921,30460.541057850456,89.9802634,67.67780452173912,20.505573670845596,0.30662088823244393,55,64,,True,False,Request timeout: 300.0s exceeded,417,21.16838264042747
361,2026-09-14T02:31:31.323+00:00,2026-09-14T02:36:24.927+00:00,2026-09-14T02:36:31.369+00:00,False,91,90.0,,90.0,293603.929436,300045.964124,300045.964157,3297.2083973296703,0.0214,293603.929436,30770.55743920308,88.4804745,71.5781632,19.55808276405397,0.29995404291725686,55,64,,True,False,Request timeout: 300.0s exceeded,462,21.16838264042747
362,2026-09-14T02:31:35.029+00:00,2026-09-14T02:36:28.998+00:00,2026-09-14T02:36:35.102+00:00,False,87,86.0,,86.0,293969.322681,300072.601017,300072.600956,3449.1103558160917,0.02511,293969.322681,31509.217118352637,89.86209430000001,70.96835274418605,19.80839285743785,0.28659730914628845,55,64,,True,False,Request timeout: 300.0s exceeded,337,21.16838264042747
363,2026-09-14T02:31:39.193+00:00,2026-09-14T02:36:33.009+00:00,2026-09-14T02:36:39.281+00:00,False,93,92.0,,92.0,293816.275051,300087.982187,300087.982009,3226.75249472043,0.01982,293816.275051,30460.266630874805,88.8118546,68.17072973913044,21.015296131770004,0.3065767556885039,55,64,,True,False,Request timeout: 300.0s exceeded,379,21.16838264042747
364,2026-09-14T02:31:42.661+00:00,2026-09-14T02:36:36.359+00:00,2026-09-14T02:36:42.702+00:00,False,95,94.0,,94.0,293697.650776,300040.67004,300040.670072,3158.322842863158,0.043789,293697.650776,30125.827046526392,91.0716707,67.47892834042554,20.73980084125566,0.3132908614937714,55,64,,True,False,Request timeout: 300.0s exceeded,489,21.16838264042747
365,2026-09-14T02:31:46.568+00:00,2026-09-14T02:36:40.186+00:00,2026-09-14T02:36:46.599+00:00,False,92,91.0,,91.0,293618.56382499996,300031.578353,300031.578444,3261.212809173913,0.02066,293618.56382499996,30604.51120615867,92.52229954999999,70.47268712087912,20.95576731335714,0.3033014074702984,55,64,,True,False,Request timeout: 300.0s exceeded,507,21.16838264042747
366,2026-09-14T02:31:51.534+00:00,2026-09-14T02:36:45.552+00:00,2026-09-14T02:36:51.600+00:00,False,91,90.0,,90.0,294018.212927,300066.520639,300066.520627,3297.434292604396,0.02904,294018.212927,30814.445349941085,88.85628249999999,67.20341902222222,20.509132123954245,0.29993349410771486,55,64,,True,False,Request timeout: 300.0s exceeded,459,21.16838264042747
367,2026-09-14T02:31:55.035+00:00,2026-09-14T02:36:48.764+00:00,2026-09-14T02:36:55.088+00:00,False,92,91.0,,91.0,293729.221351,300053.18807100004,300053.18800900003,3261.44769575,0.03675,293729.221351,30616.14891150128,87.32623804999999,69.49413978021978,19.170033891362056,0.3032795638167562,55,64,,True,False,Request timeout: 300.0s exceeded,476,21.16838264042747
368,2026-09-14T02:32:00.794+00:00,2026-09-14T02:36:54.675+00:00,2026-09-14T02:37:00.845+00:00,False,88,87.0,,87.0,293880.864138,300050.502026,300050.502081,3409.664796375,0.02175,293880.864138,31320.251817818462,90.05772714999999,70.91537802298852,19.57020577594062,0.28995118959161503,55,64,,True,False,Request timeout: 300.0s exceeded,116,21.16838264042747
369,2026-09-14T02:32:05.976+00:00,2026-09-14T02:36:59.948+00:00,2026-09-14T02:37:06.049+00:00,False,97,96.0,,96.0,293972.134022,300072.66778200003,300072.66778,3093.532657525773,0.05091,293972.134022,29841.902656278606,90.24794200000001,63.54722666666667,20.55597120828463,0.31992250647014303,55,64,,True,False,Request timeout: 300.0s exceeded,317,21.16838264042747
370,2026-09-14T02:32:11.199+00:00,2026-09-14T02:37:06.820+00:00,2026-09-14T02:37:11.279+00:00,False,66,65.0,,65.0,295621.608046,300080.117102,300080.117099,4546.668440893939,0.0,295621.608046,36380.07670075685,91.41455975000001,68.59244701538462,33.6766393515904,0.21660881976364302,55,64,,True,False,Request timeout: 300.0s exceeded,245,21.16838264042747
371,2026-09-14T02:32:16.805+00:00,2026-09-14T02:37:10.418+00:00,2026-09-14T02:37:16.860+00:00,False,98,97.0,,97.0,293613.29696899996,300054.68704899994,300054.686917,3061.782519561224,0.02047,293613.29696899996,29652.720879596698,88.15469934999999,66.40608329896908,20.483865380984444,0.3232744035895016,55,64,,True,False,Request timeout: 300.0s exceeded,390,21.16838264042747
372,2026-09-14T02:32:21.191+00:00,2026-09-14T02:37:14.896+00:00,2026-09-14T02:37:21.214+00:00,False,99,98.0,,98.0,293704.643579,300022.433787,300022.43386000005,3030.529634949495,0.02339,293704.643579,29511.955091517342,89.87057469999999,64.46724702040817,20.37591787637047,0.32664224059183117,55,64,,True,False,Request timeout: 300.0s exceeded,326,21.16838264042747
373,2026-09-14T02:32:26.443+00:00,2026-09-14T02:37:19.949+00:00,2026-09-14T02:37:26.483+00:00,False,100,99.0,,99.0,293506.396723,300040.369203,300040.369206,3000.4036920599997,0.02933,293506.396723,29344.046686931873,88.06985490000001,65.99972202020201,20.35262015523414,0.3299555998513621,55,64,,True,False,Request timeout: 300.0s exceeded,509,21.16838264042747
374,2026-09-14T02:32:30.249+00:00,2026-09-14T02:37:24.092+00:00,2026-09-14T02:37:30.285+00:00,False,90,89.0,,89.0,293842.499747,300036.404643,300036.40455,3333.7378283333333,0.022170000000000002,293842.499747,30966.389542483892,88.7456905,69.59443703370788,19.95113984686908,0.296630670887745,55,64,,True,False,Request timeout: 300.0s exceeded,474,21.16838264042747
375,2026-09-14T02:32:34.858+00:00,2026-09-14T02:37:28.449+00:00,2026-09-14T02:37:34.883+00:00,False,93,92.0,,92.0,293591.54313999997,300025.4913,300025.49138599995,3226.080552537634,0.03723,293591.54313999997,30436.778499017317,88.06834640000001,69.93421913043478,18.42814648942603,0.3066406111073003,55,64,,True,False,Request timeout: 300.0s exceeded,233,21.16838264042747
376,2026-09-14T02:32:39.744+00:00,2026-09-14T02:37:33.700+00:00,2026-09-14T02:37:39.798+00:00,False,93,92.0,,92.0,293955.243972,300053.11994,300053.11994,3226.3776337634413,0.037329999999999995,293955.243972,30474.872382397905,89.5696732,66.28126052173913,20.14785613177536,0.3066123758966304,55,64,,True,False,Request timeout: 300.0s exceeded,454,21.16838264042747
377,2026-09-14T02:32:42.977+00:00,2026-09-14T02:37:36.565+00:00,2026-09-14T02:37:43.033+00:00,False,95,94.0,,94.0,293587.86015200004,300055.598776,300055.598804,3158.4799874105265,0.03468,293587.86015200004,30114.42602169566,88.4383087,68.8057300425532,19.808695089847944,0.3132752742606668,55,64,,True,False,Request timeout: 300.0s exceeded,355,21.16838264042747
378,2026-09-14T02:32:47.380+00:00,2026-09-14T02:37:40.925+00:00,2026-09-14T02:37:47.411+00:00,False,93,92.0,,92.0,293544.620643,300031.161443,300031.161322,3226.141519591398,0.02499,293544.620643,30431.85381553699,87.5660806,70.50587826086957,18.80813007248464,0.30663481605552556,55,64,,True,False,Request timeout: 300.0s exceeded,419,21.16838264042747
379,2026-09-14T02:32:52.793+00:00,2026-09-14T02:37:46.112+00:00,2026-09-14T02:37:52.857+00:00,False,101,100.0,,100.0,293318.94259500003,300063.912323,300063.912259,2970.929824346535,0.06977,293318.94259500003,29179.620715253735,88.625303,67.44969728,19.6698871362378,0.3332623347667222,55,64,,True,False,Request timeout: 300.0s exceeded,417,21.16838264042747
380,2026-09-14T02:32:57.195+00:00,2026-09-14T02:37:50.367+00:00,2026-09-14T02:37:57.294+00:00,False,100,99.0,,99.0,293172.086093,300098.581069,300098.581243,3000.9858124300004,0.03725,293172.086093,29310.21913846166,91.197773,69.96459571717172,20.34387657377771,0.3298915964458941,55,64,,True,False,Request timeout: 300.0s exceeded,406,21.16838264042747
381,2026-09-14T02:33:00.534+00:00,2026-09-14T02:37:54.338+00:00,2026-09-14T02:38:00.597+00:00,False,87,86.0,,86.0,293803.984108,300063.29367600003,300063.293797,3449.0033769770116,0.03836,293803.984108,31491.29646105051,89.956018,72.78266939534883,19.82490473410288,0.2866061988003784,55,64,,True,False,Request timeout: 300.0s exceeded,316,21.16838264042747
382,2026-09-14T02:33:05.177+00:00,2026-09-14T02:37:58.702+00:00,2026-09-14T02:38:05.250+00:00,False,95,94.0,,94.0,293525.009493,300073.42293299997,300073.423072,3158.6676112842106,0.02197,293525.009493,30107.890015978097,89.6352277,69.66397276595744,20.396650317301425,0.31325666592268725,55,64,,True,False,Request timeout: 300.0s exceeded,403,21.16838264042747
383,2026-09-14T02:33:10.467+00:00,2026-09-14T02:38:04.025+00:00,2026-09-14T02:38:12.749+00:00,False,86,85.0,,85.0,293558.5168,302281.7744,302281.774468,3514.9043542790696,0.044770000000000004,293558.5168,31645.750009582436,90.47919599999999,102.62656,318.8607582616169,0.2811945912674251,55,64,,True,False,Request timeout: 300.0s exceeded,399,21.16838264042747
384,2026-09-14T02:33:14.424+00:00,2026-09-14T02:38:08.030+00:00,2026-09-14T02:38:14.483+00:00,False,106,105.0,,105.0,293606.298886,300059.26759,300059.267767,2830.7478091226417,0.01523,293606.298886,28513.0747923275,88.16232425,61.4568448,291.83390720439746,0.34993086813592994,55,64,,True,False,Request timeout: 300.0s exceeded,460,21.16838264042747
385,2026-09-14T02:33:19.652+00:00,2026-09-14T02:38:14.041+00:00,2026-09-14T02:38:19.683+00:00,False,87,86.0,,86.0,294389.82925999997,300031.738508,300031.738623,3448.640673827586,0.02248,294389.82925999997,31554.875021142212,86.63607199999998,65.60359590697675,19.338949834353247,0.2866363419672246,55,64,,True,False,Request timeout: 300.0s exceeded,427,21.16838264042747
386,2026-09-14T02:33:25.473+00:00,2026-09-14T02:38:18.730+00:00,2026-09-14T02:38:25.502+00:00,False,101,100.0,,100.0,293256.883709,300028.721405,300028.721526,2970.581401247525,0.02076,293256.883709,29173.41915202735,89.410561,67.71837696,20.05584279684044,0.3333014237160746,55,64,,True,False,Request timeout: 300.0s exceeded,463,21.16838264042747
387,2026-09-14T02:33:29.619+00:00,2026-09-14T02:38:23.220+00:00,2026-09-14T02:38:29.648+00:00,False,98,97.0,,97.0,293600.744369,300028.66603300004,300028.666013,3061.5170001326533,0.02588,293600.744369,29651.466816799446,88.517217,66.26723364948454,20.359388313814602,0.323302440671889,55,64,,True,False,Request timeout: 300.0s exceeded,451,21.16838264042747
388,2026-09-14T02:33:34.430+00:00,2026-09-14T02:38:28.279+00:00,2026-09-14T02:38:34.505+00:00,False,94,93.0,,93.0,293849.188584,300075.282152,300075.281983,3192.290233861702,0.07595,293849.188584,30301.331601186117,89.09487014999999,66.94724266666667,20.78453444044232,0.3099222279590887,55,64,,True,False,Request timeout: 300.0s exceeded,431,21.16838264042747
389,2026-09-14T02:33:38.568+00:00,2026-09-14T02:38:31.725+00:00,2026-09-14T02:38:38.617+00:00,False,99,98.0,,98.0,293156.795063,300048.531383,300048.531317,3030.7932456262624,0.02215,293156.795063,29456.304974350838,88.9034489,70.32384,19.367817050232716,0.3266138299304218,55,64,,True,False,Request timeout: 300.0s exceeded,277,21.16838264042747
390,2026-09-14T02:33:44.060+00:00,2026-09-14T02:38:37.853+00:00,2026-09-14T02:38:44.143+00:00,False,94,93.0,,93.0,293792.835518,300082.475966,300082.47612300003,3192.3667672659576,0.02437,293792.835518,30295.44880371429,88.59369665,67.63054245161291,20.863147227358965,0.3099147982587864,55,64,,True,False,Request timeout: 300.0s exceeded,303,21.16838264042747
391,2026-09-14T02:33:47.208+00:00,2026-09-14T02:38:40.571+00:00,2026-09-14T02:38:46.923+00:00,True,100,100.0,,100.0,293362.51777499996,299715.07483099995,299715.07476799993,2997.1507476799998,17.554413,293362.51777499996,29329.84139005601,86.39349594999997,64.16724298989898,19.378037139521286,0.3336502178156601,55,64,,True,True,,405,21.16838264042747
392,2026-09-14T02:33:50.674+00:00,2026-09-14T02:38:44.617+00:00,2026-09-14T02:38:50.708+00:00,False,94,93.0,,93.0,293942.174911,300033.291711,300033.29173500004,3191.843529095745,0.01727,293942.174911,30311.071668793993,88.63363865,65.49587956989248,20.13469391132694,0.30996560238248516,55,64,,True,False,Request timeout: 300.0s exceeded,263,21.16838264042747
393,2026-09-14T02:33:54.037+00:00,2026-09-14T02:38:47.588+00:00,2026-09-14T02:38:54.113+00:00,False,98,97.0,,97.0,293551.669893,300076.222853,300076.222672,3062.002272163265,0.03376,293551.669893,29646.408622161078,88.61320465,67.26343257731959,19.922120527740088,0.3232512029035967,55,64,,True,False,Request timeout: 300.0s exceeded,513,21.16838264042747
394,2026-09-14T02:33:58.921+00:00,2026-09-14T02:38:52.654+00:00,2026-09-14T02:38:58.954+00:00,False,94,93.0,,93.0,293732.94300800003,300033.216672,300033.21676200005,3191.8427315106387,0.02929,293732.94300800003,30289.25891646162,88.34026265,67.74487810752689,19.878312983510916,0.3099656799055977,55,64,,True,False,Request timeout: 300.0s exceeded,228,21.16838264042747
395,2026-09-14T02:34:02.484+00:00,2026-09-14T02:38:56.252+00:00,2026-09-14T02:39:02.520+00:00,False,93,92.0,,92.0,293768.165563,300036.442555,300036.442564,3226.198307139785,0.023620000000000002,293768.165563,30455.28083310764,86.27389199999999,68.13344556521739,19.58439437761154,0.30662941880180233,55,64,,True,False,Request timeout: 300.0s exceeded,363,21.16838264042747
396,2026-09-14T02:34:06.494+00:00,2026-09-14T02:39:00.055+00:00,2026-09-14T02:39:06.516+00:00,False,96,95.0,,95.0,293561.086928,300022.443216,300022.443271,3125.2337840729165,0.02138,293561.086928,29954.51809391992,89.25922374999999,68.01427671578946,20.29189320656888,0.3166429783774713,55,64,,True,False,Request timeout: 300.0s exceeded,422,21.16838264042747
397,2026-09-14T02:34:10.136+00:00,2026-09-14T02:39:03.501+00:00,2026-09-14T02:39:10.192+00:00,False,105,104.0,,104.0,293365.031061,300055.688853,300055.68897,2857.6732282857142,0.026969999999999997,293365.031061,28623.22445028559,88.62723699999998,64.333248,20.416309405868756,0.34660232704653215,55,64,,True,False,Request timeout: 300.0s exceeded,528,21.16838264042747
398,2026-09-14T02:34:14.971+00:00,2026-09-14T02:39:08.587+00:00,2026-09-14T02:39:15.001+00:00,False,96,95.0,,95.0,293616.063569,300030.080593,300030.080622,3125.3133398125,0.018969999999999997,293616.063569,29960.179682944115,87.65208774999999,67.51596867368421,19.842248506514487,0.31663491811299554,55,64,,True,False,Request timeout: 300.0s exceeded,434,21.16838264042747
399,2026-09-14T02:34:18.378+00:00,2026-09-14T02:39:12.028+00:00,2026-09-14T02:39:18.444+00:00,False,95,94.0,,94.0,293650.323296,300066.415456,300066.415425,3158.5938465789477,0.04262,293650.323296,30120.890863129418,86.47329399999998,68.25629957446809,19.637367915958837,0.3132639814327492,55,64,,True,False,Request timeout: 300.0s exceeded,467,21.16838264042747
400,2026-09-14T02:34:22.895+00:00,2026-09-14T02:39:16.748+00:00,2026-09-14T02:39:22.980+00:00,False,91,90.0,,90.0,293853.797236,300085.112948,300085.11316400004,3297.6386061978023,0.02419,293853.797236,30796.99632108136,88.01526949999999,69.23684124444445,19.854460139812588,0.2999149111925308,55,64,,True,False,Request timeout: 300.0s exceeded,131,21.16838264042747
401,2026-09-14T02:34:27.041+00:00,2026-09-14T02:39:21.003+00:00,2026-09-14T02:39:27.094+00:00,False,90,89.0,,89.0,293961.65656599996,300053.322742,300053.32279099996,3333.9258087888884,0.02148,293961.65656599996,30979.07076747527,88.0768613,68.44568737078652,19.80511961561323,0.2966139457703203,55,64,,True,False,Request timeout: 300.0s exceeded,305,21.16838264042747
402,2026-09-14T02:34:30.932+00:00,2026-09-14T02:39:24.899+00:00,2026-09-14T02:39:30.949+00:00,False,91,90.0,,90.0,293967.20934299997,300017.323903,300017.32381399994,3296.893668285714,0.019760000000000003,293967.20934299997,30809.09644031767,88.436244,67.2234951111111,20.23697526945671,0.2999826770973343,55,64,,True,False,Request timeout: 300.0s exceeded,423,21.16838264042747
403,2026-09-14T02:34:36.655+00:00,2026-09-14T02:39:30.442+00:00,2026-09-14T02:39:36.721+00:00,False,114,113.0,,113.0,293787.370639,300066.481039,300066.48103799997,2632.1621143684206,0.0251,293787.370639,27510.51203141187,87.34525980000001,55.56734867256637,21.19736226145623,0.37658321452209537,55,64,,True,False,Request timeout: 300.0s exceeded,464,21.16838264042747
0,2026-09-14T02:04:40.947+00:00,2026-09-14T02:04:41.210+00:00,2026-09-14T02:04:57.754+00:00,True,292,292.0,,292.0,262.96038599999997,16807.209218,16807.209261,57.558935825342466,0.02644,262.96038599999997,24.446697948871716,94.37274504999999,56.85308876975945,21.300700025091388,17.37349706382408,56,64,,False,True,,1181,21.16838264042747
1,2026-09-14T02:04:44.416+00:00,2026-09-14T02:04:44.589+00:00,2026-09-14T02:04:59.847+00:00,True,242,242.0,,242.0,173.037886,15430.24467,15430.244803,63.761342161157025,0.02997,173.037886,22.581502522409046,95.35591400000001,63.30791196680498,21.49620167788653,15.68348429824347,56,64,,False,True,,1327,21.16838264042747
2,2026-09-14T02:04:47.284+00:00,2026-09-14T02:04:49.345+00:00,2026-09-14T02:04:57.239+00:00,True,122,122.0,,122.0,2061.471115,9955.850635,9955.85052,81.60533213114753,40.815714,2061.471115,182.07447422921385,97.72958319999998,65.24280595041321,22.177459650009222,12.254101078124501,56,64,,False,True,,566,21.16838264042747
3,2026-09-14T02:04:49.950+00:00,2026-09-14T02:04:54.646+00:00,2026-09-14T02:05:04.894+00:00,True,155,155.0,,155.0,4696.242923999999,14943.960044,14943.960008,96.41264521290321,39.051068,4696.242923999999,372.4736097488159,94.1888257,66.54361766233767,21.329025239056776,10.372083406515298,56,64,,False,True,,730,21.16838264042747
4,2026-09-14T02:04:53.803+00:00,2026-09-14T02:05:00.330+00:00,2026-09-14T02:05:15.958+00:00,True,240,240.0,,240.0,6527.217345,22155.525825,22155.525990000002,92.314691625,20.486266,6527.217345,417.66901963072985,94.6103074,65.3904120502092,21.66432773469247,10.832512028632928,56,64,,False,True,,1060,21.16838264042747
5,2026-09-14T02:04:56.616+00:00,2026-09-14T02:05:05.308+00:00,2026-09-14T02:05:12.478+00:00,True,111,111.0,,111.0,8691.157445,15861.512133,15861.511984,142.89650436036035,39.939396,8691.157445,819.0245599526448,95.20650900000001,65.18504261818181,21.64610167333086,6.998071751876899,56,64,,False,True,,369,21.16838264042747
6,2026-09-14T02:05:00.388+00:00,2026-09-14T02:05:12.388+00:00,2026-09-14T02:05:19.801+00:00,True,110,110.0,,110.0,12000.408601,19413.550873,19413.550831,176.48682573636364,15.806697,12000.408601,1137.9485271426815,94.30475399999999,68.01047955963303,23.429305064984586,5.6661452981786,56,64,,False,True,,506,21.16838264042747
7,2026-09-14T02:05:04.185+00:00,2026-09-14T02:05:18.663+00:00,2026-09-14T02:05:35.819+00:00,True,256,256.0,,256.0,14478.608099,31634.053859,31634.053926,123.5705231484375,38.914208,14478.608099,900.9807595211863,95.49121825,67.27625788235295,22.20198829155095,8.092544861339897,56,64,,False,True,,1204,21.16838264042747
8,2026-09-14T02:05:08.040+00:00,2026-09-14T02:05:26.335+00:00,2026-09-14T02:05:44.199+00:00,True,269,269.0,,269.0,18294.153807,36158.636111,36158.636082,134.41872149442378,0.01856,18294.153807,1111.653511263803,96.48177039999999,66.6585160597015,26.023622813853788,7.439439894088432,56,64,,False,True,,989,21.16838264042747
9,2026-09-14T02:05:11.583+00:00,2026-09-14T02:05:32.485+00:00,2026-09-14T02:05:39.915+00:00,True,116,116.0,,116.0,20902.430382,28332.141486,28332.141376,244.2425980689655,0.03553,20902.430382,1934.9812282892387,96.39206699999998,64.60618351304348,30.469322195137075,4.094289874181238,56,64,,False,True,,258,21.16838264042747
10,2026-09-14T02:05:13.819+00:00,2026-09-14T02:05:35.815+00:00,2026-09-14T02:05:42.560+00:00,True,108,108.0,,108.0,21995.923356,28741.266076,28741.266162,266.12283483333334,0.01682,21995.923356,2110.731836226459,97.31661735,63.040586168224294,31.926089483960155,3.757663274624632,56,64,,False,True,,676,21.16838264042747
11,2026-09-14T02:05:17.393+00:00,2026-09-14T02:05:43.510+00:00,2026-09-14T02:05:56.893+00:00,True,200,200.0,,200.0,26117.211403,39499.765003,39499.764922,197.49882461,38.412699,26117.211403,1842.1387017143816,95.12803595000001,67.24901306532664,21.787135394230024,5.063321262412828,56,64,,False,True,,968,21.16838264042747
12,2026-09-14T02:05:21.408+00:00,2026-09-14T02:05:49.081+00:00,2026-09-14T02:06:00.579+00:00,True,175,175.0,,175.0,27672.324046,39170.078926,39170.078787,223.82902164,39.037896999999994,27672.324046,2086.9553840101817,97.5407177,66.07905103448276,22.389654577731413,4.467695873950356,56,64,,False,True,,865,21.16838264042747
13,2026-09-14T02:05:24.568+00:00,2026-09-14T02:05:54.878+00:00,2026-09-14T02:06:02.314+00:00,True,114,114.0,,114.0,30310.036168000002,37746.81236,37746.812287,331.11238848245614,41.288552,30310.036168000002,2832.7138383915203,95.27022165,65.81217869026548,21.745942356134385,3.020122571218885,56,64,,False,True,,561,21.16838264042747
14,2026-09-14T02:05:27.321+00:00,2026-09-14T02:06:00.488+00:00,2026-09-14T02:06:07.865+00:00,True,110,110.0,,110.0,33166.862229,40544.698773,40544.698723,368.5881702090909,37.571721,33166.862229,3155.9611576088746,97.3096085,67.68657379816514,22.37434523254945,2.7130550559979127,56,64,,False,True,,164,21.16838264042747
15,2026-09-14T02:05:30.410+00:00,2026-09-14T02:06:05.226+00:00,2026-09-14T02:06:23.869+00:00,True,279,279.0,,279.0,34815.669125,53459.460485,53459.460499,191.61096953046595,9.6184,34815.669125,2080.466851693054,94.193505,67.06399769784173,22.596801537613477,5.2189078877495145,56,64,,False,True,,1229,21.16838264042747
16,2026-09-14T02:05:33.298+00:00,2026-09-14T02:06:10.259+00:00,2026-09-14T02:06:27.531+00:00,True,262,262.0,,262.0,36961.109694,54232.814014,54232.81402,206.9954733587786,5.6012889999999995,36961.109694,2279.487461247445,93.81305705000001,66.17511233716475,22.51713381323461,4.8310235189412385,56,64,,False,True,,1153,21.16838264042747
17,2026-09-14T02:05:37.341+00:00,2026-09-14T02:06:18.102+00:00,2026-09-14T02:06:34.776+00:00,True,252,252.0,,252.0,40761.720077,57434.902029,57434.901963,227.91627763095238,0.01751,40761.720077,2563.775119476991,94.08982704999998,66.42701972908367,33.08379893256419,4.387576039961909,56,64,,False,True,,1161,21.16838264042747
18,2026-09-14T02:05:40.943+00:00,2026-09-14T02:06:23.190+00:00,2026-09-14T02:06:31.398+00:00,True,128,128.0,,128.0,42247.304384999996,50455.067585,50455.067428999995,394.18021428906246,39.918025,42247.304384999996,3728.51408636471,93.28422035,64.62805669291339,20.7030795959106,2.536910683636735,56,64,,False,True,,571,21.16838264042747
19,2026-09-14T02:05:44.562+00:00,2026-09-14T02:06:29.942+00:00,2026-09-14T02:06:40.026+00:00,True,152,152.0,,152.0,45379.720675,55464.432355,55464.43236499999,364.8975813486842,0.016460000000000002,45379.720675,3675.5283108449303,95.57509954999999,66.78617006622517,34.83602521090976,2.740495008172522,56,64,,False,True,,787,21.16838264042747
20,2026-09-14T02:05:46.815+00:00,2026-09-14T02:06:34.085+00:00,2026-09-14T02:06:47.060+00:00,True,193,193.0,,193.0,47270.198023000004,60245.225479,60245.225377,312.15142682383424,8.881311,47270.198023000004,3397.796612650439,94.78987120000002,67.578268,23.037833332309976,3.2035733697647966,56,64,,False,True,,891,21.16838264042747
21,2026-09-14T02:05:49.926+00:00,2026-09-14T02:06:39.566+00:00,2026-09-14T02:06:53.740+00:00,True,215,215.0,,215.0,49639.36609,63813.558474000005,63813.558532,296.80724898604655,8.179073,49639.36609,3380.934796717743,95.60551,66.23454385046729,22.615498385871,3.3691899518124964,56,64,,False,True,,767,21.16838264042747
22,2026-09-14T02:05:52.827+00:00,2026-09-14T02:06:44.640+00:00,2026-09-14T02:06:58.245+00:00,True,207,207.0,,207.0,51812.879325,65418.027997,65418.028066,316.02912109178743,13.891290999999999,51812.879325,3596.7284588860975,96.9719473,66.04441102912621,23.253525689579956,3.164265361369389,56,64,,False,True,,1001,21.16838264042747
23,2026-09-14T02:05:55.381+00:00,2026-09-14T02:06:49.044+00:00,2026-09-14T02:07:06.073+00:00,True,255,255.0,,255.0,53662.535262000005,70691.30531,70691.305487,277.22080583137256,39.727506,53662.535262000005,3356.347590516523,95.3558127,67.04240176377952,21.350069095724173,3.6072328680558075,56,64,,False,True,,1079,21.16838264042747
24,2026-09-14T02:05:57.698+00:00,2026-09-14T02:06:53.278+00:00,2026-09-14T02:07:08.468+00:00,True,230,230.0,,230.0,55579.421496,70769.847096,70769.847143,307.6949875782609,0.0,55579.421496,3660.5003539343834,95.35018789999998,66.33373624454148,23.59994869088406,3.2499716961095415,56,64,,False,True,,1046,21.16838264042747
25,2026-09-14T02:06:00.662+00:00,2026-09-14T02:06:58.422+00:00,2026-09-14T02:07:15.357+00:00,True,250,250.0,,250.0,57759.758363,74694.089499,74694.089369,298.776357476,0.0,57759.758363,3648.836764875993,95.77546894999999,68.00936199196788,25.70562212491623,3.3469850382652697,56,64,,False,True,,1390,21.16838264042747
26,2026-09-14T02:06:03.137+00:00,2026-09-14T02:07:02.505+00:00,2026-09-14T02:07:16.812+00:00,True,214,214.0,,214.0,59368.306038,73674.95615,73674.955939,344.2754950420561,0.0,59368.306038,4053.8306535010197,96.44665950000001,67.16737141784037,26.81453851621629,2.904650524179511,56,64,,False,True,,1133,21.16838264042747
27,2026-09-14T02:06:07.150+00:00,2026-09-14T02:07:09.485+00:00,2026-09-14T02:07:25.047+00:00,True,233,233.0,,233.0,62335.302422,77897.542934,77897.542862,334.3242182918455,31.300554,62335.302422,4079.3910794616945,97.44452799999999,67.07862289655172,22.91900249861929,2.9911084640681564,56,64,,False,True,,924,21.16838264042747
28,2026-09-14T02:06:11.114+00:00,2026-09-14T02:07:16.248+00:00,2026-09-14T02:07:26.006+00:00,True,149,149.0,,149.0,65134.035809,74891.662945,74891.662945,502.6286103691275,38.608247999999996,65134.035809,5330.632748679185,96.602912,65.92991308108108,22.175284789081882,1.9895405461810176,56,64,,False,True,,671,21.16838264042747
29,2026-09-14T02:06:13.478+00:00,2026-09-14T02:07:21.018+00:00,2026-09-14T02:07:29.953+00:00,True,136,136.0,,136.0,67540.18287100001,76475.078743,76475.07888100001,562.3167564779412,0.01692,67540.18287100001,5786.011220197641,96.94094274999999,66.18441386666667,43.67054831333383,1.7783571097329334,56,64,,False,True,,603,21.16838264042747
30,2026-09-14T02:06:16.481+00:00,2026-09-14T02:07:26.794+00:00,2026-09-14T02:07:35.362+00:00,True,129,129.0,,129.0,70312.425518,78881.05323,78881.05303200001,611.481031255814,0.01829,70312.425518,6184.95732456135,94.2821834,66.942404,48.33530492435897,1.6353737015131382,56,64,,False,True,,613,21.16838264042747
31,2026-09-14T02:06:19.310+00:00,2026-09-14T02:07:31.607+00:00,2026-09-14T02:07:50.925+00:00,True,300,300.0,,300.0,72297.10914900001,91615.064733,91615.06461300001,305.38354871,39.150567,72297.10914900001,4170.397939380245,92.840634,64.60854710367893,20.975382466173038,3.2745706273778263,56,64,,False,True,,1279,21.16838264042747
32,2026-09-14T02:06:22.621+00:00,2026-09-14T02:07:37.530+00:00,2026-09-14T02:07:55.471+00:00,True,279,279.0,,279.0,74909.543213,92850.509613,92850.509454,332.7975249247312,0.0,74909.543213,4480.915616601886,92.6966849,64.53585035971223,23.658523997305295,3.004830034459361,56,64,,False,True,,1191,21.16838264042747
33,2026-09-14T02:06:26.623+00:00,2026-09-14T02:07:43.534+00:00,2026-09-14T02:07:55.020+00:00,True,179,179.0,,179.0,76911.484633,88397.212121,88397.212037,493.8391733910615,0.0,76911.484633,5743.86385089577,92.6803039,64.52655892134831,24.63381804170769,2.024950738887341,56,64,,False,True,,868,21.16838264042747
34,2026-09-14T02:06:29.950+00:00,2026-09-14T02:07:48.952+00:00,2026-09-14T02:08:07.041+00:00,True,275,275.0,,275.0,79001.36673899999,97090.75630699999,97090.756218,353.0572953381818,0.0,79001.36673899999,4760.042747786521,94.4820661,66.01966995620438,24.382860943260305,2.832401460860525,56,64,,False,True,,1251,21.16838264042747
35,2026-09-14T02:06:32.901+00:00,2026-09-14T02:07:55.159+00:00,2026-09-14T02:08:03.500+00:00,True,127,127.0,,127.0,82258.533513,90599.018889,90599.018928,713.3781017952756,39.488208,82258.533513,7293.421815884413,94.72603699999999,66.19432838095238,21.38268493135008,1.4017811843591566,56,64,,False,True,,611,21.16838264042747
36,2026-09-14T02:06:36.072+00:00,2026-09-14T02:07:59.581+00:00,2026-09-14T02:08:17.817+00:00,True,279,279.0,,279.0,83509.198391,101745.644087,101745.644097,364.67972794623654,0.0,83509.198391,4995.702994343248,95.0037248,65.59872552517986,25.599498478656503,2.742132132570064,56,64,,False,True,,1088,21.16838264042747
37,2026-09-14T02:06:39.943+00:00,2026-09-14T02:08:06.893+00:00,2026-09-14T02:08:19.119+00:00,True,187,187.0,,187.0,86950.288555,99175.73879500001,99175.73882700001,530.3515445294119,0.0,86950.288555,6353.687369402828,94.867807,65.72822709677419,27.470107218890575,1.8855417894747024,56,64,,False,True,,1041,21.16838264042747
38,2026-09-14T02:06:42.722+00:00,2026-09-14T02:08:11.491+00:00,2026-09-14T02:08:31.252+00:00,True,300,300.0,,300.0,88769.47142100001,108530.03129300001,108530.031457,361.7667715233334,0.0,88769.47142100001,5121.466027372879,96.149975,66.08882900334449,42.26859784541537,2.7642118630748933,56,64,,False,True,,1257,21.16838264042747
39,2026-09-14T02:06:44.983+00:00,2026-09-14T02:08:15.985+00:00,2026-09-14T02:08:35.691+00:00,True,293,293.0,,293.0,91001.99990099999,110708.06198099999,110708.06190699998,377.8432146996587,0.01563,91001.99990099999,5312.606969785758,96.82437599999999,67.48651397260274,40.77904942118037,2.646600389863978,56,64,,False,True,,1364,21.16838264042747
40,2026-09-14T02:06:48.779+00:00,2026-09-14T02:08:23.044+00:00,2026-09-14T02:08:43.028+00:00,True,297,297.0,,297.0,94265.157399,114249.485847,114249.48573,384.67840313131313,0.0,94265.157399,5465.952555089354,95.8895518,67.51462313513512,23.637580545492863,2.5995740619588856,56,64,,False,True,,1564,21.16838264042747
41,2026-09-14T02:06:51.165+00:00,2026-09-14T02:08:27.375+00:00,2026-09-14T02:08:36.731+00:00,True,139,139.0,,139.0,96210.591361,105566.036353,105566.036261,759.4678867697842,0.0,96210.591361,8154.7678984534305,98.15496590000001,67.7930796521739,26.324457626369032,1.3167113666672194,56,64,,False,True,,674,21.16838264042747
42,2026-09-14T02:06:55.094+00:00,2026-09-14T02:08:34.379+00:00,2026-09-14T02:08:49.271+00:00,True,224,224.0,,224.0,99285.56617,114177.31119400001,114177.311361,509.7201400044643,0.0,99285.56617,6629.380193733333,96.430551,66.77912566816144,24.787252661477915,1.9618608781161344,56,64,,False,True,,1051,21.16838264042747
43,2026-09-14T02:06:58.245+00:00,2026-09-14T02:08:40.103+00:00,2026-09-14T02:08:46.878+00:00,True,103,103.0,,103.0,101857.23690999999,108632.78967799999,108632.789746,1054.6872790873786,40.503364999999995,101857.23690999999,10029.773947936574,97.57966909999999,66.42698792156862,23.569261579408863,0.9481483473388079,56,64,,False,True,,444,21.16838264042747
44,2026-09-14T02:07:02.225+00:00,2026-09-14T02:08:46.967+00:00,2026-09-14T02:09:03.529+00:00,True,252,252.0,,252.0,104742.015199,121303.75830300001,121303.758295,481.36412021825396,0.0,104742.015199,6594.027370186749,95.4705345,65.98304025498008,27.50792073768547,2.077429450871084,56,64,,False,True,,1298,21.16838264042747
45,2026-09-14T02:07:05.756+00:00,2026-09-14T02:08:53.275+00:00,2026-09-14T02:09:03.891+00:00,True,162,162.0,,162.0,107519.462182,118135.03287,118135.032653,729.2285966234568,0.0,107519.462182,8442.398757194465,96.54843765,65.93522166459627,29.826274794756838,1.3713120999278055,56,64,,False,True,,624,21.16838264042747
46,2026-09-14T02:07:08.021+00:00,2026-09-14T02:08:58.097+00:00,2026-09-14T02:09:04.876+00:00,True,105,105.0,,105.0,110075.56422100001,116854.967229,116854.96725300001,1112.9044500285715,0.0,110075.56422100001,10735.966458633786,96.3406682,65.18656738461539,33.86605163964748,0.8985497363944497,56,64,,False,True,,482,21.16838264042747
47,2026-09-14T02:07:11.237+00:00,2026-09-14T02:09:03.109+00:00,2026-09-14T02:09:19.354+00:00,True,246,246.0,,246.0,111871.961174,128116.90837399999,128116.90826499999,520.800440101626,0.01638,111871.961174,7128.656073038615,96.68783099999999,66.30590693877551,51.85787689295165,1.9201212636342633,56,64,,False,True,,1163,21.16838264042747
48,2026-09-14T02:07:14.073+00:00,2026-09-14T02:09:08.366+00:00,2026-09-14T02:09:25.830+00:00,True,261,261.0,,261.0,114293.048007,131756.446407,131756.446405,504.81397090038314,0.0,114293.048007,7070.585587698281,97.615694,67.16691692307693,50.696059474572166,1.9809277429490046,56,64,,False,True,,1129,21.16838264042747
49,2026-09-14T02:07:17.295+00:00,2026-09-14T02:09:14.594+00:00,2026-09-14T02:09:32.312+00:00,True,266,266.0,,266.0,117299.205936,135017.026608,135017.026766,507.58280739097745,0.0,117299.205936,7188.155193267653,95.62974550000001,66.8597006490566,50.80402597049024,1.9701218926431243,56,64,,False,True,,1000,21.16838264042747
50,2026-09-14T02:07:21.332+00:00,2026-09-14T02:09:21.271+00:00,2026-09-14T02:09:32.491+00:00,True,169,169.0,,169.0,119939.211725,131158.482893,131158.48279,776.0856969822486,0.0,119939.211725,9221.00660406271,97.30822419999998,66.781376,30.585492531900165,1.2885174963320623,56,64,,False,True,,645,21.16838264042747
51,2026-09-14T02:07:24.980+00:00,2026-09-14T02:09:27.798+00:00,2026-09-14T02:09:41.246+00:00,True,205,205.0,,205.0,122818.207981,136265.827053,136265.82722,664.7113522926829,40.042415,122818.207981,8573.418517408443,94.779826,65.91970133333334,21.496111730239843,1.5044124006253319,56,64,,False,True,,978,21.16838264042747
52,2026-09-14T02:07:27.726+00:00,2026-09-14T02:09:32.312+00:00,2026-09-14T02:09:43.181+00:00,True,164,164.0,,164.0,124586.79556299999,135455.074347,135455.07454899998,825.9455765182927,38.09472,124586.79556299999,9723.41133831479,95.19029715,66.67655695705521,21.50285154962921,1.2107335276334903,56,64,,False,True,,812,21.16838264042747
53,2026-09-14T02:07:31.155+00:00,2026-09-14T02:09:38.264+00:00,2026-09-14T02:09:52.741+00:00,True,220,220.0,,220.0,127109.648809,141585.927593,141585.927646,643.5723983909091,0.0,127109.648809,8565.325204348808,94.6070669,66.10172960730594,29.62766340123046,1.5538267378690873,56,64,,False,True,,892,21.16838264042747
54,2026-09-14T02:07:35.054+00:00,2026-09-14T02:09:44.884+00:00,2026-09-14T02:09:54.200+00:00,True,141,141.0,,141.0,129830.35467,139145.785326,139145.785256,986.8495408226951,0.0,129830.35467,10928.134570944265,94.7403,66.5387904,33.13925843395649,1.0133256977180862,56,64,,False,True,,624,21.16838264042747
55,2026-09-14T02:07:37.946+00:00,2026-09-14T02:09:50.657+00:00,2026-09-14T02:10:08.896+00:00,True,271,271.0,,271.0,132711.515831,150950.478519,150950.478381,557.0128353542435,37.440881000000005,132711.515831,8057.576568060014,95.962487,67.55171365925926,21.872152129837175,1.795290764619136,56,64,,False,True,,583,21.16838264042747
56,2026-09-14T02:07:41.263+00:00,2026-09-14T02:09:56.212+00:00,2026-09-14T02:10:15.638+00:00,True,291,291.0,,291.0,134949.03977200002,154375.370396,154375.37049400003,530.4995549621993,0.0,134949.03977200002,7906.973906800278,95.724318,66.98734697931035,27.587968041770175,1.8850157201471565,56,64,,False,True,,1854,21.16838264042747
57,2026-09-14T02:07:44.490+00:00,2026-09-14T02:10:01.803+00:00,2026-09-14T02:10:11.935+00:00,True,153,153.0,,153.0,137312.59122600002,147444.69516200002,147444.69511800003,963.690817764706,0.0,137312.59122600002,11095.721699598289,94.9299692,66.65857852631578,31.94400650525427,1.0376772106442778,56,64,,False,True,,503,21.16838264042747
58,2026-09-14T02:07:47.339+00:00,2026-09-14T02:10:07.299+00:00,2026-09-14T02:10:26.677+00:00,True,294,294.0,,294.0,139960.01171000002,159337.23539000002,159337.235256,541.9633852244899,0.0,139960.01171000002,8158.991208528994,95.458297,66.13386921501707,59.27295141550699,1.8451430971573854,56,64,,False,True,,1538,21.16838264042747
59,2026-09-14T02:07:49.978+00:00,2026-09-14T02:10:11.284+00:00,2026-09-14T02:10:30.741+00:00,True,298,298.0,,298.0,141305.721786,160763.001786,160763.00159200002,539.473159704698,0.0,141305.721786,8182.032889601746,94.99448749999999,65.51272727272728,58.33531750724641,1.8536603365784579,56,64,,False,True,,1011,21.16838264042747
60,2026-09-14T02:07:53.304+00:00,2026-09-14T02:10:17.287+00:00,2026-09-14T02:10:23.619+00:00,True,101,101.0,,101.0,143982.40361,150315.03721,150315.037105,1488.267694108911,0.01688,143982.40361,14320.765294209827,95.516928,63.326336,90.30269065965447,0.6719221301784754,56,64,,False,True,,418,21.16838264042747
61,2026-09-14T02:07:55.560+00:00,2026-09-14T02:10:21.904+00:00,2026-09-14T02:10:31.059+00:00,True,138,138.0,,138.0,146343.776549,155499.430181,155499.430263,1126.8074656739132,39.607136,146343.776549,12451.939904755216,95.60941855000002,66.82958855474453,21.984009923763743,0.8874630591209831,56,64,,False,True,,703,21.16838264042747
62,2026-09-14T02:07:59.184+00:00,2026-09-14T02:10:28.086+00:00,2026-09-14T02:10:36.834+00:00,True,130,130.0,,130.0,148901.99637200002,157649.85454800003,157649.854507,1212.6911885153847,42.40341,148901.99637200002,13053.639432541762,95.22369245000002,67.81285407751939,21.769846967957417,0.8246122419378357,56,64,,False,True,,326,21.16838264042747
63,2026-09-14T02:08:01.729+00:00,2026-09-14T02:10:32.630+00:00,2026-09-14T02:10:49.060+00:00,True,249,249.0,,249.0,150900.426607,167330.290287,167330.290438,672.0091985461847,0.0,150900.426607,9558.778582315666,97.4965954,66.24945032258064,31.28654218778926,1.4880748702038495,56,64,,False,True,,707,21.16838264042747
64,2026-09-14T02:08:05.445+00:00,2026-09-14T02:10:39.169+00:00,2026-09-14T02:10:56.273+00:00,True,261,261.0,,261.0,153724.310609,170828.676945,170828.676745,654.5160028544061,0.0,153724.310609,9511.27386534642,95.305778,65.78602436923077,30.890448821718948,1.5278465224198368,56,64,,False,True,,1150,21.16838264042747
65,2026-09-14T02:08:09.065+00:00,2026-09-14T02:10:46.215+00:00,2026-09-14T02:11:02.901+00:00,True,253,253.0,,253.0,157150.20573699998,173836.19946499998,173836.199573,687.0996030553359,0.02807,157150.20573699998,9875.810575992446,93.153151,66.21426082539683,22.10732072649408,1.4553930699050905,56,64,,False,True,,1028,21.16838264042747
66,2026-09-14T02:08:12.459+00:00,2026-09-14T02:10:52.525+00:00,2026-09-14T02:11:10.884+00:00,True,279,279.0,,279.0,160065.590226,178424.59797,178424.597974,639.514688078853,0.0,160065.590226,9578.969136990045,94.268214,66.03959620143885,29.93250503658132,1.5636857427410908,56,64,,False,True,,1117,21.16838264042747
67,2026-09-14T02:08:15.136+00:00,2026-09-14T02:10:56.359+00:00,2026-09-14T02:11:15.113+00:00,True,285,285.0,,285.0,161223.55408,179976.844064,179976.844094,631.4976985754386,0.0,161223.55408,9546.192769161617,92.6983242,66.03271121126761,29.38808700326383,1.5835370460138396,56,64,,False,True,,1314,21.16838264042747
68,2026-09-14T02:08:17.448+00:00,2026-09-14T02:10:59.751+00:00,2026-09-14T02:11:11.978+00:00,True,186,186.0,,186.0,162303.022999,174530.064791,174530.064722,938.3336813010753,0.0,162303.022999,11895.836008274342,92.93692675,66.0921177945946,33.55757972170582,1.0657189649401395,56,64,,False,True,,887,21.16838264042747
69,2026-09-14T02:08:20.116+00:00,2026-09-14T02:11:05.390+00:00,2026-09-14T02:11:16.222+00:00,True,161,161.0,,161.0,165274.540079,176105.73854299998,176105.738632,1093.8244635527951,0.0,165274.540079,13020.170803962517,94.093652,67.69499040000001,35.25212410526508,0.9142234735337055,56,64,,False,True,,796,21.16838264042747
70,2026-09-14T02:08:23.014+00:00,2026-09-14T02:11:10.244+00:00,2026-09-14T02:11:26.552+00:00,True,246,246.0,,246.0,167229.51311,183537.520022,183537.51995,746.0874794715447,37.605461000000005,167229.51311,10657.9440355459,95.876403,66.56329351836735,22.487418206718598,1.3403254003351075,56,64,,False,True,,1213,21.16838264042747
71,2026-09-14T02:08:26.511+00:00,2026-09-14T02:11:15.611+00:00,2026-09-14T02:11:32.894+00:00,True,262,262.0,,262.0,169099.824451,186382.875715,186382.875806,711.3850221603053,0.01593,169099.824451,10443.149277127855,96.352883,66.21858721839081,67.6426906330433,1.4057085394509468,56,64,,False,True,,1281,21.16838264042747
72,2026-09-14T02:08:29.479+00:00,2026-09-14T02:11:21.507+00:00,2026-09-14T02:11:35.495+00:00,True,211,211.0,,211.0,172027.924019,186015.538483,186015.53844,881.5902295734597,0.01704,172027.924019,11838.541830603954,96.4904215,66.60768792380952,75.02529762670272,1.1343138413100007,56,64,,False,True,,847,21.16838264042747
73,2026-09-14T02:08:33.402+00:00,2026-09-14T02:11:29.083+00:00,2026-09-14T02:11:39.351+00:00,True,159,159.0,,159.0,175681.084824,185949.729688,185949.72971299998,1169.495155427673,39.391407,175681.084824,13927.278586732555,95.314426,64.99142318987342,21.475008377273564,0.8550698098178566,56,64,,False,True,,554,21.16838264042747
74,2026-09-14T02:08:37.200+00:00,2026-09-14T02:11:35.272+00:00,2026-09-14T02:11:45.234+00:00,True,151,151.0,,151.0,178071.69475999998,188033.89712799998,188033.89694399998,1245.257595655629,0.0,178071.69475999998,14485.906939853896,94.0103025,66.41468245333333,35.284827410570415,0.8030466969325751,56,64,,False,True,,565,21.16838264042747
75,2026-09-14T02:08:40.039+00:00,2026-09-14T02:11:40.862+00:00,2026-09-14T02:11:54.104+00:00,True,196,196.0,,196.0,180823.77853,194065.637858,194065.63803200002,990.1308062857144,0.0,180823.77853,12911.175287960634,95.3217535,67.90697091282051,32.86154585906113,1.009967566455095,56,64,,False,True,,983,21.16838264042747
76,2026-09-14T02:08:42.878+00:00,2026-09-14T02:11:44.880+00:00,2026-09-14T02:11:53.611+00:00,True,130,130.0,,130.0,182001.932327,190732.940839,190732.94082599998,1467.1764678923075,39.474377,182001.932327,15956.706103252958,95.17380790000001,67.68223652713178,23.245372853547345,0.6815812697489659,56,64,,False,True,,591,21.16838264042747
77,2026-09-14T02:08:45.949+00:00,2026-09-14T02:11:50.138+00:00,2026-09-14T02:12:07.294+00:00,True,251,251.0,,251.0,184189.108879,201344.944783,201344.94472200001,802.1710945099602,39.385546999999995,184189.108879,11621.60464315515,96.38204699999999,68.623343616,22.988959634253888,1.2466168458836442,56,64,,False,True,,1325,21.16838264042747
78,2026-09-14T02:08:49.863+00:00,2026-09-14T02:11:56.968+00:00,2026-09-14T02:12:09.363+00:00,True,181,181.0,,181.0,187105.232007,199499.980679,199499.980715,1102.20983820442,39.463286999999994,187105.232007,13902.324306197414,98.980572,68.85971484444444,23.788972057964408,0.907268258292381,56,64,,False,True,,924,21.16838264042747
79,2026-09-14T02:08:52.151+00:00,2026-09-14T02:12:01.411+00:00,2026-09-14T02:12:19.824+00:00,True,274,274.0,,274.0,189260.238703,207673.54942300002,207673.549617,757.9326628357665,0.0,189260.238703,11429.600912854601,98.1159555,67.44802461538461,32.641066164800954,1.3193784223425724,56,64,,False,True,,1162,21.16838264042747
80,2026-09-14T02:08:55.231+00:00,2026-09-14T02:12:07.483+00:00,2026-09-14T02:12:26.499+00:00,True,283,283.0,,283.0,192252.44382100002,211268.678829,211268.67870400002,746.5324335830389,0.0,192252.44382100002,11424.256926379325,96.2118801,67.4334574751773,31.718156109601132,1.3395265288190636,56,64,,False,True,,847,21.16838264042747
81,2026-09-14T02:08:59.070+00:00,2026-09-14T02:12:14.266+00:00,2026-09-14T02:12:21.091+00:00,True,100,100.0,,100.0,195195.429305,202020.941497,202020.94148,2020.2094147999999,0.0,195195.429305,19512.698689243636,95.53184885,68.94456759595958,44.493525139056615,0.49499818810360807,56,64,,False,True,,428,21.16838264042747
82,2026-09-14T02:09:02.861+00:00,2026-09-14T02:12:20.738+00:00,2026-09-14T02:12:28.001+00:00,True,109,109.0,,109.0,197877.16478,205140.85834799998,205140.858182,1882.026221853211,38.919998,197877.16478,18946.76423162673,93.00442199999999,67.25642192592592,20.75366660971635,0.5313422244489828,56,64,,False,True,,598,21.16838264042747
83,2026-09-14T02:09:06.461+00:00,2026-09-14T02:12:27.167+00:00,2026-09-14T02:12:43.161+00:00,True,248,248.0,,248.0,200706.411963,216700.22700299998,216700.227055,873.791238125,39.894976,200706.411963,12740.77600973722,94.68734,64.75228761133603,21.3881251419383,1.144438118177729,56,64,,False,True,,1005,21.16838264042747
84,2026-09-14T02:09:08.684+00:00,2026-09-14T02:12:32.132+00:00,2026-09-14T02:12:48.499+00:00,True,250,250.0,,250.0,203447.961375,219815.306527,219815.30652,879.26122608,35.762754,203447.961375,12863.039117642575,93.62956295,65.73230984738956,21.278203887175934,1.1373184331423816,56,64,,False,True,,1192,21.16838264042747
85,2026-09-14T02:09:12.132+00:00,2026-09-14T02:12:37.552+00:00,2026-09-14T02:12:47.522+00:00,True,153,153.0,,153.0,205419.945285,215389.95590899998,215389.955793,1407.7774888431372,40.062915000000004,205419.945285,16601.928805788506,93.5999408,65.59217515789474,21.118788975865577,0.710339529781235,56,64,,False,True,,607,21.16838264042747
86,2026-09-14T02:09:14.435+00:00,2026-09-14T02:12:41.232+00:00,2026-09-14T02:12:54.424+00:00,True,204,204.0,,204.0,206796.986512,219989.390736,219989.390588,1078.379365627451,0.0,206796.986512,14474.395319341642,94.136899,64.98721292610837,87.01265020687097,0.9273174461618098,56,64,,False,True,,884,21.16838264042747
87,2026-09-14T02:09:18.169+00:00,2026-09-14T02:12:48.585+00:00,2026-09-14T02:13:04.094+00:00,True,232,232.0,,232.0,210415.686292,225924.70978,225924.709946,973.8134049396551,0.0,210415.686292,13810.302319240478,95.86569305,67.13862981818181,82.20344434514496,1.0268907735940702,56,64,,False,True,,935,21.16838264042747
88,2026-09-14T02:09:20.792+00:00,2026-09-14T02:12:52.684+00:00,2026-09-14T02:13:07.832+00:00,True,227,227.0,,227.0,211892.160872,227040.034664,227040.034607,1000.1763639074891,29.340948,211892.160872,14059.34541716423,95.775769,67.0259902300885,22.179101016945484,0.9998236669402413,56,64,,False,True,,341,21.16838264042747
89,2026-09-14T02:09:23.232+00:00,2026-09-14T02:12:58.010+00:00,2026-09-14T02:13:15.697+00:00,True,265,265.0,,265.0,214778.35248,232465.154656,232465.154681,877.2269987962264,30.376516,214778.35248,13189.632041105084,95.639001,66.9954627878788,21.9689374291186,1.1399557942012633,56,64,,False,True,,1292,21.16838264042747
90,2026-09-14T02:09:25.984+00:00,2026-09-14T02:13:01.922+00:00,2026-09-14T02:13:09.469+00:00,True,113,113.0,,113.0,215937.944658,223485.181266,223485.181362,1977.7449678053097,35.111936,215937.944658,20307.405763252624,94.77572459999999,67.38604114285715,22.01568009948078,0.5056263657387797,56,64,,False,True,,151,21.16838264042747
91,2026-09-14T02:09:29.785+00:00,2026-09-14T02:13:08.742+00:00,2026-09-14T02:13:20.113+00:00,True,174,174.0,,174.0,218956.26135400002,230327.34538600003,230327.345548,1323.7203767126439,39.615426,218956.26135400002,16594.062298803776,93.6274418,65.72880943352601,21.502482504024435,0.7554465567620623,56,64,,False,True,,786,21.16838264042747
92,2026-09-14T02:09:32.268+00:00,2026-09-14T02:13:13.827+00:00,2026-09-14T02:13:33.443+00:00,True,299,299.0,,299.0,221558.926759,241175.541159,241175.54121599998,806.607161257525,0.0,221558.926759,12809.322239360392,93.5647529,65.82756510067114,34.22913373798844,1.239760875265863,56,64,,False,True,,1315,21.16838264042747
93,2026-09-14T02:09:35.150+00:00,2026-09-14T02:13:18.326+00:00,2026-09-14T02:13:30.757+00:00,True,193,193.0,,193.0,223175.843636,235607.639092,235607.63911000002,1220.7649694818654,39.757296000000004,223175.843636,16059.90154070493,93.015323,64.74893466666667,20.899127737640804,0.8191584990359223,56,64,,False,True,,913,21.16838264042747
94,2026-09-14T02:09:38.265+00:00,2026-09-14T02:13:23.698+00:00,2026-09-14T02:13:38.093+00:00,True,220,220.0,,220.0,225432.513351,239827.402055,239827.401973,1090.1245544227272,0.0,225432.513351,15194.27174598767,93.18667650000002,65.73008540639269,37.60298936294616,0.9173263693593572,56,64,,False,True,,1043,21.16838264042747
95,2026-09-14T02:09:40.500+00:00,2026-09-14T02:13:27.939+00:00,2026-09-14T02:13:47.108+00:00,True,288,288.0,,288.0,227438.68253999998,246607.533228,246607.53342799997,856.276157736111,0.0,227438.68253999998,13398.063275912158,95.22846600000001,66.79042051567944,35.18728846377685,1.1678475358404026,56,64,,False,True,,1301,21.16838264042747
96,2026-09-14T02:09:44.083+00:00,2026-09-14T02:13:33.574+00:00,2026-09-14T02:13:49.822+00:00,True,242,242.0,,242.0,229490.119813,245738.150533,245738.150449,1015.4469026818182,39.773445,229490.119813,14747.866112385795,95.42314349999998,67.41921460580912,22.008125831685234,0.9847880741151016,56,64,,False,True,,842,21.16838264042747
97,2026-09-14T02:09:46.546+00:00,2026-09-14T02:13:38.274+00:00,2026-09-14T02:13:55.235+00:00,True,253,253.0,,253.0,231728.471236,248689.352388,248689.352319,982.9618668735178,37.698979,231728.471236,14564.42985992963,96.504213,67.30508393650794,22.381657094070007,1.01733346269395,56,64,,False,True,,1158,21.16838264042747
98,2026-09-14T02:09:50.133+00:00,2026-09-14T02:13:45.898+00:00,2026-09-14T02:13:55.862+00:00,True,150,150.0,,150.0,235765.037683,245728.582259,245728.582374,1638.19054916,37.999008,235765.037683,19244.686865654196,94.625906,66.86942668456376,21.576712005112853,0.6104295992799842,56,64,,False,True,,509,21.16838264042747
99,2026-09-14T02:09:52.967+00:00,2026-09-14T02:13:50.542+00:00,2026-09-14T02:14:01.748+00:00,True,171,171.0,,171.0,237574.81978,248780.69241999998,248780.69245499998,1454.857850614035,36.496063,237574.81978,18162.772969131598,94.4351195,65.91689788235294,21.97651277137464,0.68735237584801,56,64,,False,True,,753,21.16838264042747
100,2026-09-14T02:09:55.919+00:00,2026-09-14T02:13:55.405+00:00,2026-09-14T02:14:10.600+00:00,True,226,226.0,,226.0,239486.66079300002,254681.00114500002,254681.001109,1126.9070845530973,34.895016000000005,239486.66079300002,15925.93991902527,95.77879175,67.53040156444443,22.811848157968484,0.8873846065625022,56,64,,False,True,,767,21.16838264042747
101,2026-09-14T02:09:58.308+00:00,2026-09-14T02:13:59.992+00:00,2026-09-14T02:14:16.878+00:00,True,249,249.0,,249.0,241683.64506600003,258569.77140200004,258569.771444,1038.4328170441768,0.0,241683.64506600003,15311.813338608352,96.2305214,68.08921909677419,39.06572114230582,0.9629895971593608,56,64,,False,True,,1131,21.16838264042747
102,2026-09-14T02:10:02.051+00:00,2026-09-14T02:14:06.921+00:00,2026-09-14T02:14:25.223+00:00,True,273,273.0,,273.0,244870.067599,263172.327311,263172.327423,964.0011993516483,0.0,244870.067599,14816.186651119808,97.56080299999999,67.28771952941176,37.94283700526457,1.0373431081809235,56,64,,False,True,,1049,21.16838264042747
103,2026-09-14T02:10:05.684+00:00,2026-09-14T02:14:14.766+00:00,2026-09-14T02:14:31.967+00:00,True,250,250.0,,250.0,249082.111372,266282.63438,266282.634256,1065.130537024,0.01607,249082.111372,15749.227264511524,94.96299545,69.07840565461848,90.7200783244051,0.9388520606388332,56,64,,False,True,,817,21.16838264042747
104,2026-09-14T02:10:07.962+00:00,2026-09-14T02:14:18.356+00:00,2026-09-14T02:14:28.254+00:00,True,152,152.0,,152.0,250394.171451,260291.801915,260291.801695,1712.4460637828947,41.053123,250394.171451,20304.34380971192,94.4414126,65.54722161589405,21.419845145342872,0.5839599975170812,56,64,,False,True,,801,21.16838264042747
105,2026-09-14T02:10:11.803+00:00,2026-09-14T02:14:25.310+00:00,2026-09-14T02:14:40.089+00:00,True,223,223.0,,223.0,253507.404393,268286.183785,268286.183678,1203.077056852018,0.015390000000000001,253507.404393,16971.953631576707,93.45638299999999,66.57107834234235,101.16219686459311,0.831201953279519,56,64,,False,True,,804,21.16838264042747
106,2026-09-14T02:10:14.742+00:00,2026-09-14T02:14:29.852+00:00,2026-09-14T02:14:40.883+00:00,True,167,167.0,,167.0,255110.065109,266140.902101,266140.902039,1593.658096041916,0.01688,255110.065109,19736.196445347756,92.66699260000001,66.45082525301204,114.30942708507116,0.6274871644367681,56,64,,False,True,,1030,21.16838264042747
107,2026-09-14T02:10:18.431+00:00,2026-09-14T02:14:35.962+00:00,2026-09-14T02:14:45.957+00:00,True,155,155.0,,155.0,257531.738135,267526.458391,267526.458216,1725.977149780645,39.579536,257531.738135,20680.24510422896,92.8479919,64.90078088311688,21.470122086373856,0.5793819457418363,56,64,,False,True,,674,21.16838264042747
108,2026-09-14T02:10:21.049+00:00,2026-09-14T02:14:41.203+00:00,2026-09-14T02:14:52.006+00:00,True,168,168.0,,168.0,260154.024739,270956.124707,270956.124543,1612.8340746607141,36.289683,260154.024739,20066.34016322975,93.54952714999999,64.68323334131736,21.84666916583838,0.6200265824648468,56,64,,False,True,,568,21.16838264042747
109,2026-09-14T02:10:24.555+00:00,2026-09-14T02:14:46.437+00:00,2026-09-14T02:15:04.639+00:00,True,271,271.0,,271.0,261881.505561,280084.268057,280084.268228,1033.5212849741697,0.0,261881.505561,15904.1188643643,94.836898,67.41763887407407,38.176882500534234,0.967565946777306,56,64,,False,True,,1450,21.16838264042747
110,2026-09-14T02:10:28.381+00:00,2026-09-14T02:14:53.465+00:00,2026-09-14T02:15:05.745+00:00,True,180,180.0,,180.0,265084.562404,277364.25674000004,277364.25690900005,1540.9125383833334,0.0,265084.562404,19753.174736559973,96.56254449999999,68.60164433519553,45.14073102409788,0.6489661000866855,56,64,,False,True,,982,21.16838264042747
111,2026-09-14T02:10:31.552+00:00,2026-09-14T02:14:59.531+00:00,2026-09-14T02:15:07.653+00:00,True,118,118.0,,118.0,267978.997562,276101.313594,276101.31365100003,2339.8416411101693,18.573,267978.997562,24663.085383126177,95.69802035000001,69.42150454700854,22.10577024133555,0.4273793502247367,56,64,,False,True,,508,21.16838264042747
112,2026-09-14T02:10:34.814+00:00,2026-09-14T02:15:04.814+00:00,2026-09-14T02:15:12.210+00:00,True,112,112.0,,112.0,269999.39616500004,277395.94758900005,277395.94753700006,2476.7495315803576,41.582332,269999.39616500004,25506.258581446495,95.48400565,66.63559841441442,22.894503848723403,0.4037549970482744,56,64,,False,True,,368,21.16838264042747
113,2026-09-14T02:10:38.666+00:00,2026-09-14T02:15:11.655+00:00,2026-09-14T02:15:30.339+00:00,True,277,277.0,,277.0,272989.486881,291673.36937699997,291673.369205,1052.97245200361,39.741855,272989.486881,16398.29642350752,96.1318834,67.69522643478261,22.395564110102693,0.9496924610966658,56,64,,False,True,,1410,21.16838264042747
114,2026-09-14T02:10:42.125+00:00,2026-09-14T02:15:18.135+00:00,2026-09-14T02:15:37.681+00:00,True,287,287.0,,287.0,276010.089956,295555.893988,295555.89413,1029.811477804878,38.847207000000004,276010.089956,16288.342003824806,96.07851500000001,68.34197213986013,22.60822319303265,0.9710515196548665,56,64,,False,True,,1199,21.16838264042747
115,2026-09-14T02:10:44.742+00:00,2026-09-14T02:15:22.300+00:00,2026-09-14T02:15:34.875+00:00,True,185,185.0,,185.0,277557.280097,290132.904801,290132.904727,1568.2859714972974,41.418952,277557.280097,20401.40523594928,96.894233,68.34578643478261,23.128208180200534,0.6376388094514481,56,64,,False,True,,645,21.16838264042747
116,2026-09-14T02:10:47.896+00:00,2026-09-14T02:15:28.204+00:00,2026-09-14T02:15:37.499+00:00,True,136,136.0,,136.0,280308.350808,289603.424088,289603.424033,2129.436941419118,40.398995,280308.350808,24030.349410133378,97.08665649999999,68.85239466666667,22.730263195027273,0.46960770725788964,56,64,,False,True,,500,21.16838264042747
117,2026-09-14T02:10:50.739+00:00,2026-09-14T02:15:33.662+00:00,2026-09-14T02:15:41.124+00:00,True,110,110.0,,110.0,282922.82352,290385.22428799997,290385.224304,2639.865675490909,32.304182,282922.82352,26969.1142867781,96.035494,68.46239236697248,22.29724871140166,0.37880715270451765,56,64,,False,True,,164,21.16838264042747
118,2026-09-14T02:10:52.972+00:00,2026-09-14T02:15:37.679+00:00,2026-09-14T02:15:53.049+00:00,False,237,236.0,,236.0,284706.73653399997,300076.909718,300076.909781,1266.1472986540084,0.0,284706.73653399997,18489.50635807291,94.94929280000001,65.12785247457627,41.78061419091357,0.7864650439841678,56,64,,False,False,Request timeout: 300.0s exceeded,972,21.16838264042747
119,2026-09-14T02:10:56.784+00:00,2026-09-14T02:15:44.201+00:00,2026-09-14T02:15:56.842+00:00,True,191,191.0,,191.0,287416.51555199997,300057.810144,300057.81005399994,1570.9832987120417,0.0,287416.51555199997,20791.964048408638,95.6012025,66.53312943157894,45.27629582855792,0.6365440043314909,56,64,,False,True,,755,21.16838264042747
120,2026-09-14T02:11:00.374+00:00,2026-09-14T02:15:50.897+00:00,2026-09-14T02:16:00.462+00:00,False,139,138.0,,138.0,290523.30361799995,300088.04269,300088.04276299995,2158.9067824676254,0.0839,290523.30361799995,24635.99603854051,94.78780580000003,69.30970342028986,22.07293261167688,0.4598650408158988,56,64,,False,False,Request timeout: 300.0s exceeded,858,21.16838264042747
121,2026-09-14T02:11:03.221+00:00,2026-09-14T02:15:55.420+00:00,2026-09-14T02:16:03.291+00:00,False,111,110.0,,110.0,292198.855501,300070.14100500004,300070.140899,2703.334602693694,0.040029,292198.855501,27727.503896588463,92.6132845,71.55714094545455,20.88616276346299,0.3665809588104505,56,64,,False,False,Request timeout: 300.0s exceeded,268,21.16838264042747
122,2026-09-14T02:11:06.798+00:00,2026-09-14T02:16:00.159+00:00,2026-09-14T02:16:06.844+00:00,False,99,98.0,,98.0,293361.160218,300046.870042,300046.869938,3030.776464020202,0.03545,293361.160218,29477.05690128166,90.72616999999998,68.22152881632653,21.090570892568852,0.32661563837103896,56,64,,False,False,Request timeout: 300.0s exceeded,412,21.16838264042747
123,2026-09-14T02:11:09.629+00:00,2026-09-14T02:16:03.120+00:00,2026-09-14T02:16:09.644+00:00,False,99,98.0,,98.0,293491.054406,300015.259974,300015.259897,3030.457170676768,0.02361,293491.054406,29490.276502376302,88.97973879999999,66.57352620408163,19.803744903009335,0.3266500510957106,56,64,,False,False,Request timeout: 300.0s exceeded,325,21.16838264042747
124,2026-09-14T02:11:13.395+00:00,2026-09-14T02:16:07.393+00:00,2026-09-14T02:16:13.459+00:00,False,91,90.0,,90.0,293997.17044099997,300063.434249,300063.43425099994,3297.400376384615,0.04114,293997.17044099997,30812.218243508225,88.419313,67.4029312,19.985223533496896,0.2999365791611776,56,64,,False,False,Request timeout: 300.0s exceeded,159,21.16838264042747
125,2026-09-14T02:11:16.370+00:00,2026-09-14T02:16:10.363+00:00,2026-09-14T02:16:16.444+00:00,False,92,91.0,,91.0,293992.506173,300073.371197,300073.37124199996,3261.667078717391,0.03229,293992.506173,30643.87734416459,87.88752475,66.82269257142858,20.086140083446388,0.3032591650401993,56,64,,False,False,Request timeout: 300.0s exceeded,424,21.16838264042747
126,2026-09-14T02:11:19.745+00:00,2026-09-14T02:16:13.718+00:00,2026-09-14T02:16:19.827+00:00,False,92,91.0,,91.0,293972.98140499997,300081.81391699996,300081.81370299996,3261.758844597826,0.02186,293972.98140499997,30641.809385012206,87.8661591,67.1300276043956,19.585995602415935,0.30325063292629195,56,64,,False,False,Request timeout: 300.0s exceeded,398,21.16838264042747
127,2026-09-14T02:11:22.587+00:00,2026-09-14T02:16:16.530+00:00,2026-09-14T02:16:22.658+00:00,False,89,88.0,,88.0,293943.40621,300071.042946,300071.04295,3371.584752247191,0.03666,293943.40621,31150.563865119824,88.39040499999999,69.63223563636365,19.646232750258797,0.29326388556538013,56,64,,False,False,Request timeout: 300.0s exceeded,402,21.16838264042747
128,2026-09-14T02:11:25.498+00:00,2026-09-14T02:16:19.257+00:00,2026-09-14T02:16:25.546+00:00,False,96,95.0,,95.0,293758.77317400003,300047.86143000005,300047.861433,3125.4985565937504,0.04365,293758.77317400003,29974.87951571746,88.31466475,66.20092901052631,20.417425128509638,0.316616154326976,56,64,,False,False,Request timeout: 300.0s exceeded,422,21.16838264042747
129,2026-09-14T02:11:28.092+00:00,2026-09-14T02:16:21.943+00:00,2026-09-14T02:16:28.101+00:00,False,93,92.0,,92.0,293850.048418,300008.291234,300008.291124,3225.8956034838707,0.02088,293850.048418,30463.89650979066,89.0356452,66.93742191304348,20.804334072273782,0.3066581914172565,56,64,,False,False,Request timeout: 300.0s exceeded,448,21.16838264042747
130,2026-09-14T02:11:31.894+00:00,2026-09-14T02:16:26.150+00:00,2026-09-14T02:16:32.830+00:00,False,81,80.0,,80.0,294256.03485500003,300935.39971900004,300935.39958800003,3715.2518467654327,0.03003,294256.03485500003,32686.324386630327,89.50333,83.49206079999999,179.4234635418478,0.2658377847029642,56,64,,False,False,Request timeout: 300.0s exceeded,299,21.16838264042747
131,2026-09-14T02:11:35.021+00:00,2026-09-14T02:16:29.191+00:00,2026-09-14T02:16:35.047+00:00,False,99,98.0,,98.0,294169.932579,300026.279203,300026.279254,3030.5684773131316,0.015619999999999998,294169.932579,29559.646968016114,88.3247207,59.75863902040816,166.170111357819,0.3266380540409011,56,64,,False,False,Request timeout: 300.0s exceeded,490,21.16838264042747
132,2026-09-14T02:11:37.245+00:00,2026-09-14T02:16:30.957+00:00,2026-09-14T02:16:37.353+00:00,False,104,103.0,,103.0,293711.674969,300107.592281,300107.592062,2885.649923673077,0.015449999999999998,293711.674969,28795.12369374921,89.09477965,62.09628458252427,155.06398784393124,0.34321024408991935,56,64,,False,False,Request timeout: 300.0s exceeded,494,21.16838264042747
133,2026-09-14T02:11:40.561+00:00,2026-09-14T02:16:34.271+00:00,2026-09-14T02:16:40.636+00:00,False,90,89.0,,89.0,293709.414783,300074.390143,300074.390083,3334.1598898111115,0.03864,293709.414783,30952.15815732383,87.54939295,71.51657707865168,19.329961548179906,0.2965931213176412,56,64,,False,False,Request timeout: 300.0s exceeded,555,21.16838264042747
134,2026-09-14T02:11:44.254+00:00,2026-09-14T02:16:37.992+00:00,2026-09-14T02:16:44.308+00:00,False,98,97.0,,97.0,293738.16128,300053.611648,300053.611504,3061.7715459591836,0.0,293738.16128,29665.527189029264,87.66520320000001,65.10773575257733,64.29612528661433,0.32327556221450515,56,64,,False,False,Request timeout: 300.0s exceeded,337,21.16838264042747
135,2026-09-14T02:11:48.156+00:00,2026-09-14T02:16:41.932+00:00,2026-09-14T02:16:48.184+00:00,False,100,99.0,,99.0,293776.55605400004,300028.56271,300028.56268200005,3000.2856268200003,0.0,293776.55605400004,29371.409021435073,90.6461434,63.15158238383839,63.79139974754627,0.329968584010086,56,64,,False,False,Request timeout: 300.0s exceeded,389,21.16838264042747
136,2026-09-14T02:11:52.060+00:00,2026-09-14T02:16:45.452+00:00,2026-09-14T02:16:52.070+00:00,False,97,96.0,,96.0,293391.847164,300009.21625199995,300009.216128,3092.878516783505,0.02786,293391.847164,29782.436923468227,90.4891386,68.930928,20.68545290534967,0.3199901696331972,56,64,,False,False,Request timeout: 300.0s exceeded,422,21.16838264042747
137,2026-09-14T02:11:54.376+00:00,2026-09-14T02:16:48.104+00:00,2026-09-14T02:16:54.468+00:00,False,93,92.0,,92.0,293728.198022,300092.081542,300092.08176300005,3226.7965780967743,0.02196,293728.198022,30451.028858141603,88.20968359999999,69.17264695652173,19.935722088690742,0.30657256775075536,56,64,,False,False,Request timeout: 300.0s exceeded,409,21.16838264042747
138,2026-09-14T02:11:57.454+00:00,2026-09-14T02:16:51.353+00:00,2026-09-14T02:16:57.525+00:00,False,90,89.0,,89.0,293898.871133,300071.002717,300071.00285,3334.122253888889,0.03461,293898.871133,30972.35764136099,87.9552485,69.34979307865169,20.334969793078372,0.29659646948271373,56,64,,False,False,Request timeout: 300.0s exceeded,437,21.16838264042747
139,2026-09-14T02:12:00.026+00:00,2026-09-14T02:16:53.788+00:00,2026-09-14T02:17:00.068+00:00,False,91,90.0,,90.0,293761.101491,300041.416883,300041.416869,3297.158427131868,0.02019,293761.101491,30787.22243814842,89.9096745,69.78128213333333,20.38381888060013,0.2999585888340714,56,64,,False,False,Request timeout: 300.0s exceeded,479,21.16838264042747
140,2026-09-14T02:12:02.727+00:00,2026-09-14T02:16:56.262+00:00,2026-09-14T02:17:02.787+00:00,False,97,96.0,,96.0,293534.305667,300060.130435,300060.130385,3093.4034060309277,0.02955,293534.305667,29796.997923958847,89.701871,67.97734133333333,20.26266017753773,0.31993587372246984,56,64,,False,False,Request timeout: 300.0s exceeded,319,21.16838264042747
141,2026-09-14T02:12:04.945+00:00,2026-09-14T02:16:58.668+00:00,2026-09-14T02:17:04.998+00:00,False,95,94.0,,94.0,293723.005127,300052.733639,300052.73355099995,3158.4498268526313,0.02146,293723.005127,30128.442917226854,90.37043599999998,67.33753736170213,20.83244102453358,0.31327826565677436,56,64,,False,False,Request timeout: 300.0s exceeded,293,21.16838264042747
142,2026-09-14T02:12:07.219+00:00,2026-09-14T02:17:01.059+00:00,2026-09-14T02:17:07.235+00:00,False,90,89.0,,89.0,293839.867311,300015.29361500003,300015.29353,3333.5032614444444,0.02219,293839.867311,30966.134141230283,89.8760794,69.38681240449438,20.25689588055415,0.296651543751669,56,64,,False,False,Request timeout: 300.0s exceeded,357,21.16838264042747
143,2026-09-14T02:12:11.235+00:00,2026-09-14T02:17:05.083+00:00,2026-09-14T02:17:11.241+00:00,False,88,87.0,,87.0,293848.176176,300006.530864,300006.530731,3409.1651219431815,0.03721,293848.176176,31316.781106128947,88.93021085000001,70.78568606896552,19.58744958567523,0.28999368696889855,56,64,,False,False,Request timeout: 300.0s exceeded,352,21.16838264042747
144,2026-09-14T02:12:15.084+00:00,2026-09-14T02:17:08.767+00:00,2026-09-14T02:17:15.510+00:00,False,95,94.0,,94.0,293682.745122,300425.414946,300425.41511,3162.372790631579,0.03656,293682.745122,30123.860462761448,89.122631,71.73053004255318,19.0707653639887,0.3128896402353178,56,64,,False,False,Request timeout: 300.0s exceeded,459,21.16838264042747
145,2026-09-14T02:12:18.526+00:00,2026-09-14T02:17:12.424+00:00,2026-09-14T02:17:18.579+00:00,False,91,90.0,,90.0,293898.50157599995,300053.51187999995,300053.512036,3297.2913410549445,0.036579,293898.50157599995,30801.77181131413,90.340154,68.38900337777778,20.358560775480257,0.2999464976633687,56,64,,False,False,Request timeout: 300.0s exceeded,363,21.16838264042747
146,2026-09-14T02:12:22.105+00:00,2026-09-14T02:17:16.288+00:00,2026-09-14T02:17:22.137+00:00,False,89,88.0,,88.0,294183.380649,300032.078249,300032.07826,3371.146946741573,0.04205,294183.380649,31176.33770083887,88.27598180000001,66.46247272727273,20.597387008557536,0.29330197128777613,56,64,,False,False,Request timeout: 300.0s exceeded,364,21.16838264042747
147,2026-09-14T02:12:26.038+00:00,2026-09-14T02:17:19.857+00:00,2026-09-14T02:17:26.053+00:00,False,91,90.0,,90.0,293819.498503,300015.739143,300015.739049,3296.8762532857145,0.025318999999999998,293819.498503,30793.441724036904,88.28260350000001,68.84711822222222,19.90450420846718,0.2999842616826921,56,64,,False,False,Request timeout: 300.0s exceeded,412,21.16838264042747
148,2026-09-14T02:12:29.371+00:00,2026-09-14T02:17:23.192+00:00,2026-09-14T02:17:29.424+00:00,False,92,91.0,,91.0,293820.900741,300053.143685,300053.14358200005,3261.4472128478264,0.036,293820.900741,30625.812933139045,89.6091861,68.4861861978022,20.26908459977599,0.3032796086800313,56,64,,False,False,Request timeout: 300.0s exceeded,385,21.16838264042747
149,2026-09-14T02:12:32.984+00:00,2026-09-14T02:17:26.928+00:00,2026-09-14T02:17:32.996+00:00,False,89,88.0,,88.0,293943.888329,300012.71546499996,300012.715292,3370.9293853033705,0.02807,293943.888329,31150.685933449982,87.96783580000002,68.96394472727273,19.845566993497854,0.29332090096116686,56,64,,False,False,Request timeout: 300.0s exceeded,298,21.16838264042747
150,2026-09-14T02:12:35.208+00:00,2026-09-14T02:17:29.215+00:00,2026-09-14T02:17:35.249+00:00,False,87,86.0,,86.0,294006.99402600003,300040.54461800004,300040.54461900005,3448.7418921724143,0.029679999999999998,294006.99402600003,31513.34281398565,89.3625616,70.15756502325581,19.774318561591365,0.28662792926699904,56,64,,False,False,Request timeout: 300.0s exceeded,329,21.16838264042747
151,2026-09-14T02:12:37.821+00:00,2026-09-14T02:17:31.784+00:00,2026-09-14T02:17:37.896+00:00,False,92,91.0,,91.0,293963.160071,300075.380743,300075.380768,3261.688921391304,0.0,293963.160071,30640.848118420752,88.72710000000001,67.16726013186813,67.1404594667472,0.3032571341730199,56,64,,False,False,Request timeout: 300.0s exceeded,386,21.16838264042747
152,2026-09-14T02:12:41.903+00:00,2026-09-14T02:17:35.593+00:00,2026-09-14T02:17:41.964+00:00,False,98,97.0,,97.0,293689.985321,300060.930857,300060.93092099996,3061.846233887755,0.0,293689.985321,29660.605970557295,89.12527770000001,65.67985088659793,65.71124854991992,0.32326767674471846,56,64,,False,False,Request timeout: 300.0s exceeded,472,21.16838264042747
153,2026-09-14T02:12:45.389+00:00,2026-09-14T02:17:39.098+00:00,2026-09-14T02:17:45.448+00:00,False,90,89.0,,89.0,293708.57443800004,300058.47882200003,300058.479003,3333.983100033334,0.0353,293708.57443800004,30952.087601503386,90.54590049999999,71.34724026966292,19.611196850810654,0.2966088488797424,56,64,,False,False,Request timeout: 300.0s exceeded,384,21.16838264042747
154,2026-09-14T02:12:48.066+00:00,2026-09-14T02:17:41.499+00:00,2026-09-14T02:17:48.086+00:00,False,94,93.0,,93.0,293432.563326,300019.75283,300019.753058,3191.6995006170214,0.02566,293432.563326,30257.959007110774,90.22462150000001,70.82999466666668,20.013557883804037,0.30997959008617854,56,64,,False,False,Request timeout: 300.0s exceeded,467,21.16838264042747
155,2026-09-14T02:12:52.369+00:00,2026-09-14T02:17:44.829+00:00,2026-09-14T02:17:52.453+00:00,False,113,112.0,,112.0,292459.642652,300084.452124,300084.452131,2655.614620628319,0.02043,292459.642652,27505.892779042617,90.832548,68.078656,21.30848566004271,0.37322826693373534,56,64,,False,False,Request timeout: 300.0s exceeded,561,21.16838264042747
156,2026-09-14T02:12:55.313+00:00,2026-09-14T02:17:49.205+00:00,2026-09-14T02:17:55.370+00:00,False,93,92.0,,92.0,293892.32873400004,300056.49539000005,300056.49526100006,3226.4139275376347,0.02282,293892.32873400004,30468.274272605602,89.88139299999999,67.00181147826086,21.063538952864775,0.30660892669702916,56,64,,False,False,Request timeout: 300.0s exceeded,265,21.16838264042747
157,2026-09-14T02:12:59.370+00:00,2026-09-14T02:17:53.686+00:00,2026-09-14T02:17:59.442+00:00,False,86,85.0,,85.0,294315.829811,300072.65182699997,300072.65184999997,3489.216881976744,0.01998,294315.829811,31729.59498052018,87.42482224999999,67.72731783529412,19.757324229836595,0.2832647343317538,56,64,,False,False,Request timeout: 300.0s exceeded,204,21.16838264042747
158,2026-09-14T02:13:02.579+00:00,2026-09-14T02:17:56.312+00:00,2026-09-14T02:18:02.637+00:00,False,95,94.0,,94.0,293732.224573,300057.262397,300057.262421,3158.4974991684207,0.03572,293732.224573,30129.39357226839,89.0187804,67.28763642553191,20.300037577437234,0.3132735373544481,56,64,,False,False,Request timeout: 300.0s exceeded,438,21.16838264042747
159,2026-09-14T02:13:04.944+00:00,2026-09-14T02:17:58.707+00:00,2026-09-14T02:18:05.025+00:00,False,93,92.0,,92.0,293763.027432,300080.456424,300080.456419,3226.6715743978493,0.03075,293763.027432,30454.692794997733,88.1905954,68.66770643478262,19.83648724514067,0.3065844443731724,56,64,,False,False,Request timeout: 300.0s exceeded,344,21.16838264042747
160,2026-09-14T02:13:07.545+00:00,2026-09-14T02:18:01.115+00:00,2026-09-14T02:18:07.630+00:00,False,95,94.0,,94.0,293570.013273,300085.206361,300085.206369,3158.791645989474,0.02234,293570.013273,30112.543410328082,89.818329,69.31056476595745,20.165499488765775,0.31324436529176575,56,64,,False,False,Request timeout: 300.0s exceeded,429,21.16838264042747
161,2026-09-14T02:13:10.654+00:00,2026-09-14T02:18:04.291+00:00,2026-09-14T02:18:10.692+00:00,False,94,93.0,,93.0,293636.799571,300037.887827,300037.88776799996,3191.8924230638295,0.023579999999999997,293636.799571,30279.230977169496,90.76531649999998,68.82890597849463,20.343605077548418,0.30996085418926567,56,64,,False,False,Request timeout: 300.0s exceeded,235,21.16838264042747
162,2026-09-14T02:13:14.202+00:00,2026-09-14T02:18:08.057+00:00,2026-09-14T02:18:14.272+00:00,False,92,91.0,,91.0,293855.25035399996,300070.736306,300070.736153,3261.6384364456517,0.02485,293855.25035399996,30629.413193943543,91.04450499999999,68.30204342857144,20.067336442780608,0.30326182792847184,56,64,,False,False,Request timeout: 300.0s exceeded,375,21.16838264042747
163,2026-09-14T02:13:16.648+00:00,2026-09-14T02:18:10.349+00:00,2026-09-14T02:18:16.696+00:00,False,94,93.0,,93.0,293700.802807,300048.391671,300048.391686,3192.0041668723406,0.02172,293700.802807,30285.89208180606,91.76012815,68.25364369892473,20.852926793711262,0.30995000333804007,56,64,,False,False,Request timeout: 300.0s exceeded,384,21.16838264042747
164,2026-09-14T02:13:20.486+00:00,2026-09-14T02:18:14.012+00:00,2026-09-14T02:18:20.576+00:00,False,98,97.0,,97.0,293526.573286,300090.575078,300090.575229,3062.1487268265305,0.036,293526.573286,29643.832650570715,88.8121945,67.67012156701031,20.29468559510608,0.3232357429912206,56,64,,False,False,Request timeout: 300.0s exceeded,471,21.16838264042747
165,2026-09-14T02:13:24.245+00:00,2026-09-14T02:18:17.994+00:00,2026-09-14T02:18:24.261+00:00,False,94,93.0,,93.0,293749.547714,300016.307394,300016.30736599996,3191.662844319149,0.022019999999999998,293749.547714,30291.00863175552,86.2535323,67.38451268817204,19.726830521630944,0.3099831499421351,56,64,,False,False,Request timeout: 300.0s exceeded,485,21.16838264042747
166,2026-09-14T02:13:28.012+00:00,2026-09-14T02:18:21.791+00:00,2026-09-14T02:18:28.072+00:00,False,93,92.0,,92.0,293779.36374199996,300060.611742,300060.611743,3226.4581907849456,0.03594,293779.36374199996,30456.427308038958,88.2077014,68.27443478260871,19.423337019640705,0.3066047205126144,56,64,,False,False,Request timeout: 300.0s exceeded,449,21.16838264042747
167,2026-09-14T02:13:30.845+00:00,2026-09-14T02:18:24.471+00:00,2026-09-14T02:18:31.345+00:00,False,99,98.0,,98.0,293626.270746,300500.742938,300500.742974,3035.361040141414,0.041229999999999996,293626.270746,29503.507465450064,91.1948251,70.14767542857143,20.438042390057873,0.3261223218347236,56,64,,False,False,Request timeout: 300.0s exceeded,436,21.16838264042747
168,2026-09-14T02:13:34.701+00:00,2026-09-14T02:18:28.635+00:00,2026-09-14T02:18:34.782+00:00,False,96,95.0,,95.0,293933.297809,300080.569489,300080.569485,3125.83926546875,0.0,293933.297809,29992.90380132647,95.74629525,64.70812294736842,63.47549586739476,0.31658164392907284,56,64,,False,False,Request timeout: 300.0s exceeded,450,21.16838264042747
169,2026-09-14T02:13:37.649+00:00,2026-09-14T02:18:31.790+00:00,2026-09-14T02:18:37.677+00:00,False,93,92.0,,92.0,294140.520843,300027.81325899996,300027.813118,3226.1055173978493,0.0,294140.520843,30494.381543424977,90.91492359999998,63.99230886956522,63.83064847156599,0.3066382379708934,56,64,,False,False,Request timeout: 300.0s exceeded,436,21.16838264042747
170,2026-09-14T02:13:41.128+00:00,2026-09-14T02:18:34.995+00:00,2026-09-14T02:18:41.151+00:00,False,90,89.0,,89.0,293866.90237900004,300022.97687500005,300022.97700500005,3333.5886333888893,0.039168999999999995,293866.90237900004,30969.00690588717,88.80011395,69.16937635955057,20.40995363434017,0.29664394683038053,56,64,,False,False,Request timeout: 300.0s exceeded,242,21.16838264042747
171,2026-09-14T02:13:44.492+00:00,2026-09-14T02:18:38.411+00:00,2026-09-14T02:18:44.540+00:00,False,94,93.0,,93.0,293918.84143699997,300047.80118099996,300047.80125899997,3191.997885734042,0.02209,293918.84143699997,30308.62319419713,91.55876964999999,65.90279294623656,20.375106874583036,0.30995061331543955,56,64,,False,False,Request timeout: 300.0s exceeded,263,21.16838264042747
172,2026-09-14T02:13:47.916+00:00,2026-09-14T02:18:41.929+00:00,2026-09-14T02:18:48.001+00:00,False,96,95.0,,95.0,294012.815754,300084.529546,300084.529498,3125.8805156041662,0.037829999999999996,294012.815754,30001.041688101675,90.89451799999999,63.91277675789474,21.19351112628495,0.31657746616836985,56,64,,False,False,Request timeout: 300.0s exceeded,501,21.16838264042747
173,2026-09-14T02:13:51.746+00:00,2026-09-14T02:18:45.373+00:00,2026-09-14T02:18:51.784+00:00,False,95,94.0,,94.0,293627.26042,300038.708996,300038.70895400003,3158.3021995157897,0.026169,293627.26042,30118.53032149146,89.89151170000001,68.20689974468085,20.532662351253474,0.3132929091534425,56,64,,False,False,Request timeout: 300.0s exceeded,389,21.16838264042747
174,2026-09-14T02:13:54.375+00:00,2026-09-14T02:18:47.784+00:00,2026-09-14T02:18:54.420+00:00,False,97,96.0,,96.0,293408.703658,300045.302698,300045.302517,3093.250541412371,0.018850000000000002,293408.703658,29784.127313670586,88.67005679999998,69.13124,19.50443791569202,0.3199516844182207,56,64,,False,False,Request timeout: 300.0s exceeded,383,21.16838264042747
175,2026-09-14T02:13:58.434+00:00,2026-09-14T02:18:52.132+00:00,2026-09-14T02:18:59.312+00:00,False,83,82.0,,82.0,293697.496909,300877.59828499996,300877.59833899996,3625.0313052891565,0.04401,293697.496909,32228.50182940696,87.60723630000001,87.56221190243903,201.88586016324436,0.2725360760236035,56,64,,False,False,Request timeout: 300.0s exceeded,268,21.16838264042747
176,2026-09-14T02:14:01.343+00:00,2026-09-14T02:18:54.959+00:00,2026-09-14T02:19:01.429+00:00,False,106,105.0,,105.0,293616.397109,300086.428725,300086.42881,2831.0040453773586,0.01509,293616.397109,28513.133989697602,88.66369,61.61934872380952,181.701459658141,0.3498991955288397,56,64,,False,False,Request timeout: 300.0s exceeded,391,21.16838264042747
177,2026-09-14T02:14:05.076+00:00,2026-09-14T02:18:59.787+00:00,2026-09-14T02:19:05.159+00:00,False,83,82.0,,82.0,294711.07898500003,300083.19444100006,300083.19457700005,3615.4601756265065,0.04251,294711.07898500003,32341.560098515492,89.7940969,65.51360312195122,22.389332580985,0.2732575549682179,56,64,,False,False,Request timeout: 300.0s exceeded,413,21.16838264042747
178,2026-09-14T02:14:07.653+00:00,2026-09-14T02:19:01.208+00:00,2026-09-14T02:19:07.688+00:00,False,99,98.0,,98.0,293554.95985600003,300034.78833600006,300034.78835700004,3030.6544278484853,0.09570000000000001,293554.95985600003,29496.745422379492,90.95794190000001,66.1206987755102,20.789372057635763,0.3266287904263045,56,64,,False,False,Request timeout: 300.0s exceeded,328,21.16838264042747
179,2026-09-14T02:14:10.132+00:00,2026-09-14T02:19:03.959+00:00,2026-09-14T02:19:10.182+00:00,False,93,92.0,,92.0,293827.028529,300050.194481,300050.19443,3226.346176666667,0.045469,293827.028529,30461.4356291024,88.38655920000001,67.64310817391305,19.813177595166696,0.3066153653362344,56,64,,False,False,Request timeout: 300.0s exceeded,316,21.16838264042747
180,2026-09-14T02:14:12.573+00:00,2026-09-14T02:19:06.300+00:00,2026-09-14T02:19:12.597+00:00,False,91,90.0,,90.0,293726.836616,300023.753608,300023.753633,3296.9643256373624,0.03598,293726.836616,30783.61046498725,87.001141,69.96574435555554,19.281793869274996,0.29997624827263075,56,64,,False,False,Request timeout: 300.0s exceeded,427,21.16838264042747
181,2026-09-14T02:14:15.240+00:00,2026-09-14T02:19:09.231+00:00,2026-09-14T02:19:15.278+00:00,False,87,86.0,,86.0,293990.93310900003,300037.86866100004,300037.868672,3448.7111341609198,0.037380000000000004,293990.93310900003,31511.60407636088,90.50378700000002,70.31320409302326,19.546220305519455,0.28663048562435867,56,64,,False,False,Request timeout: 300.0s exceeded,395,21.16838264042747
182,2026-09-14T02:14:17.692+00:00,2026-09-14T02:19:11.997+00:00,2026-09-14T02:19:17.752+00:00,False,83,82.0,,82.0,294305.32213,300060.426642,300060.426833,3615.1858654578314,0.023850000000000003,294305.32213,32296.508257644316,90.75400010000001,70.18420136585365,19.939590919209397,0.2732782890355403,56,64,,False,False,Request timeout: 300.0s exceeded,308,21.16838264042747
183,2026-09-14T02:14:21.108+00:00,2026-09-14T02:19:15.192+00:00,2026-09-14T02:19:21.135+00:00,False,84,83.0,,83.0,294083.531316,300026.52421199996,300026.524222,3571.74433597619,0.02541,294083.531316,32079.337479290116,90.3725575,71.60232404819277,19.829532595790234,0.27664220761145725,56,64,,False,False,Request timeout: 300.0s exceeded,339,21.16838264042747
184,2026-09-14T02:14:24.207+00:00,2026-09-14T02:19:18.045+00:00,2026-09-14T02:19:24.218+00:00,False,91,90.0,,90.0,293838.42311900004,300011.41383900004,300011.41365900007,3296.828721527473,0.04938,293838.42311900004,30795.453009469882,89.851275,68.58878577777777,20.469661062826766,0.2999885865952358,56,64,,False,False,Request timeout: 300.0s exceeded,387,21.16838264042747
185,2026-09-14T02:14:27.714+00:00,2026-09-14T02:19:21.524+00:00,2026-09-14T02:19:27.764+00:00,False,100,99.0,,99.0,293809.27121,300049.595562,300049.595468,3000.4959546799996,0.0,293809.27121,29374.698999680666,91.05922095000001,63.03357931313131,66.82213425469654,0.32994545389928176,56,64,,False,False,Request timeout: 300.0s exceeded,549,21.16838264042747
186,2026-09-14T02:14:31.932+00:00,2026-09-14T02:19:24.872+00:00,2026-09-14T02:19:32.069+00:00,False,116,115.0,,115.0,292939.198706,300136.176882,300136.176981,2587.3808360431035,0.0,292939.198706,27192.982086384116,89.87499974999999,62.582418921739134,62.38295808524223,0.3831594084881438,56,64,,False,False,Request timeout: 300.0s exceeded,281,21.16838264042747
187,2026-09-14T02:14:33.558+00:00,2026-09-14T02:19:26.927+00:00,2026-09-14T02:19:33.630+00:00,False,112,111.0,,111.0,293368.18915600004,300071.03562000004,300071.035785,2679.2056766517862,0.02293,293368.18915600004,27714.98981937993,89.82401005,60.38600418018018,20.492153192379043,0.36991241014199955,56,64,,False,False,Request timeout: 300.0s exceeded,500,21.16838264042747
188,2026-09-14T02:14:35.933+00:00,2026-09-14T02:19:29.576+00:00,2026-09-14T02:19:35.996+00:00,False,105,104.0,,104.0,293642.400553,300062.762281,300062.76221899997,2857.7405925619046,0.026719999999999997,293642.400553,28650.546134113156,87.59812120000001,61.73424738461539,19.78786940840929,0.34659415653384895,56,64,,False,False,Request timeout: 300.0s exceeded,505,21.16838264042747
189,2026-09-14T02:14:38.935+00:00,2026-09-14T02:19:33.299+00:00,2026-09-14T02:19:38.968+00:00,False,87,86.0,,86.0,294364.205339,300032.48105099995,300032.48090699996,3448.649205827586,0.03553,294364.205339,31552.09560679417,87.9024499,65.91018269767441,20.347741167654117,0.28663563257799946,56,64,,False,False,Request timeout: 300.0s exceeded,208,21.16838264042747
190,2026-09-14T02:14:41.589+00:00,2026-09-14T02:19:35.328+00:00,2026-09-14T02:19:41.627+00:00,False,93,92.0,,92.0,293739.457598,300038.831422,300038.831597,3226.2239956666667,0.022539999999999998,293739.457598,30452.26902261545,89.18123179999999,68.47145460869565,19.76633556519107,0.306626977461472,56,64,,False,False,Request timeout: 300.0s exceeded,179,21.16838264042747
191,2026-09-14T02:14:45.244+00:00,2026-09-14T02:19:38.967+00:00,2026-09-14T02:19:45.254+00:00,False,93,92.0,,92.0,293722.801545,300009.831049,300009.830976,3225.912161032258,0.03773,293722.801545,30450.55613590684,89.39767520000001,68.3372772173913,20.306156468626757,0.3066566174792247,56,64,,False,False,Request timeout: 300.0s exceeded,307,21.16838264042747
192,2026-09-14T02:14:47.896+00:00,2026-09-14T02:19:41.504+00:00,2026-09-14T02:19:47.927+00:00,False,100,99.0,,99.0,293608.715192,300031.22475999995,300031.224726,3000.31224726,0.02209,293608.715192,29354.39090960409,89.48081199999999,64.87383402020203,20.04339947196957,0.3299656563385754,56,64,,False,False,Request timeout: 300.0s exceeded,132,21.16838264042747
193,2026-09-14T02:14:51.926+00:00,2026-09-14T02:19:45.333+00:00,2026-09-14T02:19:51.969+00:00,False,103,102.0,,102.0,293406.96147000004,300043.064894,300043.06496600003,2913.039465689321,0.02341,293406.96147000004,28903.843440207893,87.06177299999999,65.05983749019607,20.245931117727142,0.3399512001253381,56,64,,False,False,Request timeout: 300.0s exceeded,463,21.16838264042747
194,2026-09-14T02:14:55.290+00:00,2026-09-14T02:19:48.742+00:00,2026-09-14T02:19:55.366+00:00,False,97,96.0,,96.0,293451.99654799997,300075.365252,300075.36546999996,3093.560468762886,0.023600000000000003,293451.99654799997,29788.537334515186,89.45154100000002,68.993424,19.965288681049184,0.31991963058806994,56,64,,False,False,Request timeout: 300.0s exceeded,434,21.16838264042747
195,2026-09-14T02:14:58.729+00:00,2026-09-14T02:19:52.405+00:00,2026-09-14T02:19:58.745+00:00,False,93,92.0,,92.0,293676.154341,300016.586725,300016.586711,3225.9848033440862,0.02671,293676.154341,30445.658450288007,89.00047419999999,68.91774330434782,19.682098358965476,0.30664971228516996,56,64,,False,False,Request timeout: 300.0s exceeded,484,21.16838264042747
196,2026-09-14T02:15:01.778+00:00,2026-09-14T02:19:55.445+00:00,2026-09-14T02:20:01.808+00:00,False,99,98.0,,98.0,293666.79495899996,300030.22049499996,300030.22059999994,3030.6082888888886,0.032560000000000006,293666.79495899996,29508.10446103375,89.1201508,64.93291363265305,20.520734965604678,0.3266337632199726,56,64,,False,False,Request timeout: 300.0s exceeded,407,21.16838264042747
197,2026-09-14T02:15:05.631+00:00,2026-09-14T02:19:59.045+00:00,2026-09-14T02:20:05.681+00:00,False,100,99.0,,99.0,293413.972175,300049.791183,300049.791177,3000.49791177,0.04237,293413.972175,29334.701541535098,89.97376944999998,67.02847482828282,20.616540410067962,0.3299452387874518,56,64,,False,False,Request timeout: 300.0s exceeded,512,21.16838264042747
198,2026-09-14T02:15:08.844+00:00,2026-09-14T02:20:02.795+00:00,2026-09-14T02:20:08.909+00:00,False,91,90.0,,90.0,293951.08134,300065.540476,300065.540504,3297.4235220219775,0.03732,293951.08134,30807.331054304985,89.71853499999999,67.93843484444444,20.593892364677913,0.2999344738393859,56,64,,False,False,Request timeout: 300.0s exceeded,459,21.16838264042747
199,2026-09-14T02:15:12.028+00:00,2026-09-14T02:20:05.760+00:00,2026-09-14T02:20:12.052+00:00,False,98,97.0,,97.0,293732.711912,300023.98000800004,300023.980082,3061.4691845102043,0.048659999999999995,293732.711912,29664.940157947298,89.74068299999999,64.85843397938145,20.79521566369589,0.3233074902793221,56,64,,False,False,Request timeout: 300.0s exceeded,387,21.16838264042747
200,2026-09-14T02:15:14.585+00:00,2026-09-14T02:20:08.296+00:00,2026-09-14T02:20:14.641+00:00,False,96,95.0,,95.0,293711.08051,300056.92243,300056.922445,3125.5929421354167,0.03313,293711.08051,29969.951692938568,90.45218650000001,66.798336,21.51653551761913,0.31660659327785534,56,64,,False,False,Request timeout: 300.0s exceeded,238,21.16838264042747
201,2026-09-14T02:15:18.602+00:00,2026-09-14T02:20:12.501+00:00,2026-09-14T02:20:18.646+00:00,False,90,89.0,,89.0,293899.204623,300044.124687,300044.124472,3333.8236052444445,0.04249,293899.204623,30972.424912436356,89.4951059,69.04404566292135,20.163457709380708,0.2966230386708722,56,64,,False,False,Request timeout: 300.0s exceeded,339,21.16838264042747
202,2026-09-14T02:15:22.030+00:00,2026-09-14T02:20:15.708+00:00,2026-09-14T02:20:22.533+00:00,False,90,89.0,,89.0,293677.48071499995,300503.12116299995,300503.12134499993,3338.9235704999996,0.10282899999999999,293677.48071499995,30948.306351853385,92.2107244,76.6925893033708,64.23306457401584,0.29616996873627915,56,64,,False,False,Request timeout: 300.0s exceeded,432,21.16838264042747
203,2026-09-14T02:15:25.014+00:00,2026-09-14T02:20:18.601+00:00,2026-09-14T02:20:25.034+00:00,False,99,98.0,,98.0,293586.55955,300019.204926,300019.204921,3030.4970194040407,0.0,293586.55955,29500.03684157837,90.364231,65.63923853061225,66.59171800153328,0.326645755974761,56,64,,False,False,Request timeout: 300.0s exceeded,521,21.16838264042747
204,2026-09-14T02:15:27.287+00:00,2026-09-14T02:20:20.978+00:00,2026-09-14T02:20:27.361+00:00,False,98,97.0,,97.0,293690.945109,300073.25346100004,300073.253426,3061.971973734694,0.0,293690.945109,29660.69200928157,90.77848384999999,65.79699331958763,66.12895866265347,0.32325440165431774,56,64,,False,False,Request timeout: 300.0s exceeded,491,21.16838264042747
205,2026-09-14T02:15:30.065+00:00,2026-09-14T02:20:23.698+00:00,2026-09-14T02:20:30.094+00:00,False,97,96.0,,96.0,293632.138865,300028.375665,300028.375753,3093.0760386907214,0.02298,293632.138865,29807.067774834988,86.93287680000002,66.62746666666666,19.253558765915635,0.31996973548658564,56,64,,False,False,Request timeout: 300.0s exceeded,595,21.16838264042747
206,2026-09-14T02:15:33.560+00:00,2026-09-14T02:20:27.064+00:00,2026-09-14T02:20:33.630+00:00,False,99,98.0,,98.0,293503.533561,300070.01522500004,300070.01526,3031.010255151515,0.0242,293503.533561,29491.487484280085,88.549241,67.00491493877551,20.007640978963806,0.32659044565488204,56,64,,False,False,Request timeout: 300.0s exceeded,437,21.16838264042747
207,2026-09-14T02:15:36.280+00:00,2026-09-14T02:20:30.095+00:00,2026-09-14T02:20:36.368+00:00,False,88,87.0,,87.0,293814.95063599997,300087.569644,300087.569455,3410.0860165340905,0.022420000000000002,293814.95063599997,31313.098972460863,89.15255570000001,72.09906905747125,19.141063393623906,0.2899153740463488,56,64,,False,False,Request timeout: 300.0s exceeded,410,21.16838264042747
208,2026-09-14T02:15:39.071+00:00,2026-09-14T02:20:32.515+00:00,2026-09-14T02:20:39.099+00:00,False,92,91.0,,91.0,293444.60520999995,300028.31336999993,300028.3133619999,3261.1773191521734,0.02271,293444.60520999995,30586.17777806837,88.85353905,72.34844131868131,18.723215124166256,0.30330470807192544,56,64,,False,False,Request timeout: 300.0s exceeded,447,21.16838264042747
209,2026-09-14T02:15:41.349+00:00,2026-09-14T02:20:34.644+00:00,2026-09-14T02:20:41.423+00:00,False,94,93.0,,93.0,293294.926706,300073.751666,300073.751546,3192.273952617021,0.035679999999999996,293294.926706,30243.549663151283,89.6995333,72.89059096774194,18.94672916328872,0.3099238086759236,56,64,,False,False,Request timeout: 300.0s exceeded,578,21.16838264042747
210,2026-09-14T02:15:44.252+00:00,2026-09-14T02:20:37.672+00:00,2026-09-14T02:20:44.335+00:00,False,96,95.0,,95.0,293420.67745200003,300083.68314800004,300083.683067,3125.8716986145837,0.04493,293420.67745200003,29939.970718469805,88.579653,70.1369020631579,19.90462032572396,0.31657835908774284,56,64,,False,False,Request timeout: 300.0s exceeded,185,21.16838264042747
211,2026-09-14T02:15:48.248+00:00,2026-09-14T02:20:42.105+00:00,2026-09-14T02:20:48.290+00:00,False,92,91.0,,91.0,293856.907878,300041.370214,300041.370374,3261.3192431956522,0.03164,293856.907878,30629.622116128066,91.08938055,67.96112457142857,20.929290587940198,0.30329150921786424,56,64,,False,False,Request timeout: 300.0s exceeded,393,21.16838264042747
212,2026-09-14T02:15:51.424+00:00,2026-09-14T02:20:45.011+00:00,2026-09-14T02:20:51.443+00:00,False,95,94.0,,94.0,293586.846431,300018.713055,300018.713024,3158.091716042105,0.036969999999999996,293586.846431,30114.36307205418,91.1467543,68.4241130212766,22.54373090430065,0.31331378980606367,56,64,,False,False,Request timeout: 300.0s exceeded,202,21.16838264042747
213,2026-09-14T02:15:55.356+00:00,2026-09-14T02:20:49.337+00:00,2026-09-14T02:20:55.372+00:00,False,92,91.0,,91.0,293980.504926,300015.60483,300015.60478600004,3261.039182456522,0.02638,293980.504926,30642.679535640906,91.12026949999999,66.31977916483517,21.53802188712057,0.30331755593701193,56,64,,False,False,Request timeout: 300.0s exceeded,455,21.16838264042747
214,2026-09-14T02:15:59.348+00:00,2026-09-14T02:20:53.690+00:00,2026-09-14T02:20:59.356+00:00,False,82,81.0,,81.0,294341.795339,300007.472651,300007.47274,3658.6277163414634,0.041960000000000004,294341.795339,32496.894996362535,88.93527155,69.94663348148148,19.30454269178747,0.2699932747816174,56,64,,False,False,Request timeout: 300.0s exceeded,303,21.16838264042747
215,2026-09-14T02:16:03.343+00:00,2026-09-14T02:20:57.274+00:00,2026-09-14T02:21:03.411+00:00,False,90,89.0,,89.0,293930.706015,300067.364703,300067.36466,3334.0818295555555,0.03771,293930.706015,30975.7552751823,89.122505,68.95122121348314,20.22680407347126,0.2966000654156116,56,64,,False,False,Request timeout: 300.0s exceeded,461,21.16838264042747
216,2026-09-14T02:16:07.287+00:00,2026-09-14T02:21:00.713+00:00,2026-09-14T02:21:07.324+00:00,False,99,98.0,,98.0,293426.225637,300036.870117,300036.870072,3030.675455272727,0.07476999999999999,293426.225637,29483.672450426016,88.437188,67.45555591836734,19.998871337903882,0.3266265241394655,56,64,,False,False,Request timeout: 300.0s exceeded,223,21.16838264042747
217,2026-09-14T02:16:09.872+00:00,2026-09-14T02:21:03.413+00:00,2026-09-14T02:21:09.922+00:00,False,97,96.0,,96.0,293540.678164,300050.34242,300050.342662,3093.302501670103,0.02166,293540.678164,29797.662126778163,88.4543148,67.80900266666667,20.38422370857141,0.3199463104282099,56,64,,False,False,Request timeout: 300.0s exceeded,398,21.16838264042747
218,2026-09-14T02:16:13.712+00:00,2026-09-14T02:21:07.583+00:00,2026-09-14T02:21:13.804+00:00,False,90,89.0,,89.0,293871.20876300003,300092.17925900006,300092.17911,3334.357545666667,0.02135,293871.20876300003,30969.383810837884,89.12998250000001,69.8985448988764,20.15216078835395,0.2965755396217338,56,64,,False,False,Request timeout: 300.0s exceeded,273,21.16838264042747
219,2026-09-14T02:16:16.820+00:00,2026-09-14T02:21:10.668+00:00,2026-09-14T02:21:17.197+00:00,False,86,85.0,,85.0,293848.208044,300377.6547,300377.65449100005,3492.7634243139537,0.02311,293848.208044,31678.255408655026,89.652588,76.81701948235295,67.76440390541666,0.2829771078840506,56,64,,False,False,Request timeout: 300.0s exceeded,421,21.16838264042747
220,2026-09-14T02:16:19.696+00:00,2026-09-14T02:21:13.624+00:00,2026-09-14T02:21:19.756+00:00,False,98,97.0,,97.0,293928.113068,300059.91697200004,300059.917125,3061.835889030612,0.0,293928.113068,29684.914872253106,88.93991050000001,63.2144732371134,68.12494697461402,0.3232687690473883,56,64,,False,False,Request timeout: 300.0s exceeded,364,21.16838264042747
221,2026-09-14T02:16:22.336+00:00,2026-09-14T02:21:16.534+00:00,2026-09-14T02:21:22.372+00:00,False,93,92.0,,92.0,294198.000978,300036.256338,300036.256365,3226.196305,0.0,294198.000978,30500.408695627542,91.1660246,63.459297391304354,69.15549242040713,0.3066296091108376,56,64,,False,False,Request timeout: 300.0s exceeded,453,21.16838264042747
222,2026-09-14T02:16:25.443+00:00,2026-09-14T02:21:19.240+00:00,2026-09-14T02:21:25.476+00:00,False,95,94.0,,94.0,293797.264258,300032.803458,300032.803535,3158.240037210526,0.03548,293797.264258,30136.164282188478,87.129248,66.33552340425531,20.44342560175087,0.3132990756897639,56,64,,False,False,Request timeout: 300.0s exceeded,422,21.16838264042747
223,2026-09-14T02:16:27.999+00:00,2026-09-14T02:21:21.577+00:00,2026-09-14T02:21:28.032+00:00,False,96,95.0,,95.0,293578.06457,300032.650426,300032.650404,3125.340108375,0.034409999999999996,293578.06457,29956.257648707306,87.34882250000001,67.94300901052631,19.54411433939946,0.3166322060786207,56,64,,False,False,Request timeout: 300.0s exceeded,400,21.16838264042747
224,2026-09-14T02:16:32.748+00:00,2026-09-14T02:21:26.513+00:00,2026-09-14T02:21:32.905+00:00,False,97,96.0,,96.0,293765.420393,300156.84464900004,300156.844671,3094.4004605257733,0.03095,293765.420393,29820.606541693895,89.6081408,66.577336,20.74634317586699,0.3198327864628951,56,64,,False,False,Request timeout: 300.0s exceeded,491,21.16838264042747
225,2026-09-14T02:16:34.385+00:00,2026-09-14T02:21:27.987+00:00,2026-09-14T02:21:34.467+00:00,False,101,100.0,,100.0,293602.606482,300082.945426,300082.94536199997,2971.1182709108907,0.03567,293602.606482,29208.110827435903,91.886416,64.80338944,21.379589154752445,0.3332411972231186,56,64,,False,False,Request timeout: 300.0s exceeded,525,21.16838264042747
226,2026-09-14T02:16:37.943+00:00,2026-09-14T02:21:31.884+00:00,2026-09-14T02:21:37.960+00:00,False,94,93.0,,93.0,293941.156712,300016.74583200004,300016.74577900005,3191.6675082872343,0.02513,293941.156712,30310.984157086838,89.9263513,65.3289152688172,20.565832854383522,0.30998269693944713,56,64,,False,False,Request timeout: 300.0s exceeded,444,21.16838264042747
227,2026-09-14T02:16:40.770+00:00,2026-09-14T02:21:34.639+00:00,2026-09-14T02:21:40.795+00:00,False,92,91.0,,91.0,293868.711276,300024.898156,300024.89819000004,3261.1401977173914,0.03665,293868.711276,30630.88457026269,87.981862,67.65040527472527,20.130105614228906,0.303308160620336,56,64,,False,False,Request timeout: 300.0s exceeded,344,21.16838264042747
228,2026-09-14T02:16:42.970+00:00,2026-09-14T02:21:36.736+00:00,2026-09-14T02:21:42.989+00:00,False,96,95.0,,95.0,293766.933939,300019.778483,300019.77831,3125.2060240625,0.03222,293766.933939,29975.751351674266,88.34249949999999,65.81941625263158,20.407630967504197,0.3166457907553684,56,64,,False,False,Request timeout: 300.0s exceeded,501,21.16838264042747
229,2026-09-14T02:16:46.741+00:00,2026-09-14T02:21:40.126+00:00,2026-09-14T02:21:46.759+00:00,False,113,112.0,,112.0,293385.291728,300017.93607999996,300017.93628699996,2655.0259848407077,0.015130000000000001,293385.291728,27594.517709781725,89.63579239999999,59.22003885714286,200.51475066431286,0.37331101421261403,56,64,,False,False,Request timeout: 300.0s exceeded,545,21.16838264042747
230,2026-09-14T02:16:50.129+00:00,2026-09-14T02:21:43.970+00:00,2026-09-14T02:21:50.159+00:00,False,103,102.0,,102.0,293841.533541,300030.629733,300030.62972599996,2912.9187352038834,0.01506,293841.533541,28947.785616560723,86.75526319999999,60.67741364705882,201.9769770393169,0.3399652898464758,56,64,,False,False,Request timeout: 300.0s exceeded,487,21.16838264042747
231,2026-09-14T02:16:52.653+00:00,2026-09-14T02:21:47.506+00:00,2026-09-14T02:21:52.677+00:00,False,79,78.0,,78.0,294853.362074,300024.14889,300024.14867,3797.7740337974683,0.02165,294853.362074,33166.14250312054,86.27582480000001,66.29213866666666,19.960484895610776,0.25997907264657455,56,64,,False,False,Request timeout: 300.0s exceeded,358,21.16838264042747
232,2026-09-14T02:16:55.197+00:00,2026-09-14T02:21:49.080+00:00,2026-09-14T02:21:55.216+00:00,False,91,90.0,,90.0,293882.851654,300019.195718,300019.195531,3296.9142366043957,0.02141,293882.851654,30800.1521929252,88.17448850000001,68.18160071111112,19.090176713250703,0.29998080551017337,56,64,,False,False,Request timeout: 300.0s exceeded,405,21.16838264042747
233,2026-09-14T02:16:58.828+00:00,2026-09-14T02:21:52.928+00:00,2026-09-14T02:21:58.901+00:00,False,85,84.0,,84.0,294100.964727,300073.947255,300073.94737899996,3530.281733870588,0.02062,294100.964727,31892.02167747618,87.8613702,71.10693485714285,19.426192017081462,0.27993099956997464,56,64,,False,False,Request timeout: 300.0s exceeded,430,21.16838264042747
234,2026-09-14T02:17:01.367+00:00,2026-09-14T02:21:55.039+00:00,2026-09-14T02:22:01.420+00:00,False,96,95.0,,95.0,293671.732524,300052.880172,300052.880124,3125.550834625,0.02662,293671.732524,29965.896609141135,88.759753,67.16997524210527,19.728420511149206,0.31661085854447707,56,64,,False,False,Request timeout: 300.0s exceeded,365,21.16838264042747
235,2026-09-14T02:17:04.128+00:00,2026-09-14T02:21:58.019+00:00,2026-09-14T02:22:04.170+00:00,False,92,91.0,,91.0,293891.25562199997,300042.553158,300042.553387,3261.3321020326084,0.032310000000000005,293891.25562199997,30633.24035593458,88.80761860000001,67.59667621978022,19.77960783367056,0.3032903134645709,56,64,,False,False,Request timeout: 300.0s exceeded,409,21.16838264042747
236,2026-09-14T02:17:07.982+00:00,2026-09-14T02:22:01.765+00:00,2026-09-14T02:22:08.003+00:00,False,93,92.0,,92.0,293783.607885,300021.030221,300021.030368,3226.0325846021506,0.08092,293783.607885,30456.917409902195,88.67451460000001,67.79806886956521,20.364623014435654,0.3066451706143113,56,64,,False,False,Request timeout: 300.0s exceeded,498,21.16838264042747
237,2026-09-14T02:17:11.089+00:00,2026-09-14T02:22:04.875+00:00,2026-09-14T02:22:11.103+00:00,False,95,94.0,,94.0,293785.40540399996,300014.022876,300014.02286699996,3158.0423459684207,0.0371,293785.40540399996,30134.955164208317,89.0548137,66.261888,20.47253941766537,0.31331868790297024,56,64,,False,False,Request timeout: 300.0s exceeded,489,21.16838264042747
238,2026-09-14T02:17:14.888+00:00,2026-09-14T02:22:08.269+00:00,2026-09-14T02:22:14.921+00:00,False,108,107.0,,107.0,293381.51702200004,300033.16502200003,300033.16511100007,2778.084862138889,0.0,293381.51702200004,28224.740915780283,88.6961262,62.164934579439254,64.54040671405838,0.35662724149896624,56,64,,False,False,Request timeout: 300.0s exceeded,446,21.16838264042747
239,2026-09-14T02:17:18.763+00:00,2026-09-14T02:22:12.501+00:00,2026-09-14T02:22:18.773+00:00,False,97,96.0,,96.0,293737.803546,300010.38466599997,300010.384736,3092.89056428866,0.038740000000000004,293737.803546,29817.92774838365,89.1285768,65.33938666666667,20.123171034153135,0.31998892340635576,56,64,,False,False,Request timeout: 300.0s exceeded,390,21.16838264042747
240,2026-09-14T02:17:22.594+00:00,2026-09-14T02:22:16.069+00:00,2026-09-14T02:22:22.649+00:00,False,96,95.0,,95.0,293475.053786,300054.89737,300054.897506,3125.5718490208333,0.018269999999999998,293475.053786,29945.60938266302,87.87380224999998,69.26151141052632,19.22420282367172,0.31660873004467166,56,64,,False,False,Request timeout: 300.0s exceeded,434,21.16838264042747
241,2026-09-14T02:17:26.551+00:00,2026-09-14T02:22:20.076+00:00,2026-09-14T02:22:26.618+00:00,False,100,99.0,,99.0,293525.706625,300067.312001,300067.31204499997,3000.6731204499997,0.03209,293525.706625,29345.97008238448,89.23217494999999,66.07682197979798,20.520501855198155,0.32992597340849333,56,64,,False,False,Request timeout: 300.0s exceeded,408,21.16838264042747
242,2026-09-14T02:17:29.190+00:00,2026-09-14T02:22:23.075+00:00,2026-09-14T02:22:29.275+00:00,False,94,93.0,,93.0,293884.908675,300084.107651,300084.10763000004,3192.384123723404,0.02444,293884.908675,30305.045579334663,88.80472715,66.65805350537634,20.644784007952925,0.30991311312013786,56,64,,False,False,Request timeout: 300.0s exceeded,428,21.16838264042747
243,2026-09-14T02:17:32.155+00:00,2026-09-14T02:22:26.349+00:00,2026-09-14T02:22:32.236+00:00,False,86,85.0,,85.0,294194.330329,300081.53570500005,300081.535783,3489.320183523256,0.02289,294194.330329,31716.328137155793,89.38030175,69.26123971764706,20.059279708150164,0.2832563483131485,56,64,,False,False,Request timeout: 300.0s exceeded,328,21.16838264042747
244,2026-09-14T02:17:36.157+00:00,2026-09-14T02:22:29.904+00:00,2026-09-14T02:22:36.236+00:00,False,90,89.0,,89.0,293746.9179,300078.42894,300078.428945,3334.2047660555554,0.02094,293746.9179,30956.151984256332,90.701052,71.14057348314607,20.913719527589507,0.2965891294298776,56,64,,False,False,Request timeout: 300.0s exceeded,288,21.16838264042747
245,2026-09-14T02:17:39.978+00:00,2026-09-14T02:22:33.294+00:00,2026-09-14T02:22:40.025+00:00,False,99,98.0,,98.0,293316.772475,300047.837819,300047.837816,3030.7862405656565,0.022789999999999998,293316.772475,29472.550143458,93.1679479,68.68434024489797,22.313708476321626,0.32661458490201567,56,64,,False,False,Request timeout: 300.0s exceeded,324,21.16838264042747
246,2026-09-14T02:17:43.260+00:00,2026-09-14T02:22:36.711+00:00,2026-09-14T02:22:43.294+00:00,False,96,95.0,,95.0,293450.467029,300033.254357,300033.25438399997,3125.346399833333,0.03971,293450.467029,29943.098277905046,90.91948349999998,69.29249818947369,21.36057085237918,0.3166315687359193,56,64,,False,False,Request timeout: 300.0s exceeded,458,21.16838264042747
247,2026-09-14T02:17:47.202+00:00,2026-09-14T02:22:40.944+00:00,2026-09-14T02:22:47.226+00:00,False,93,92.0,,92.0,293742.199739,300024.318907,300024.319039,3226.067946655914,0.02922,293742.199739,30452.573638784597,91.95214219999998,68.283904,21.006674940816314,0.30664180935451996,56,64,,False,False,Request timeout: 300.0s exceeded,441,21.16838264042747
248,2026-09-14T02:17:50.953+00:00,2026-09-14T02:22:44.594+00:00,2026-09-14T02:22:50.964+00:00,False,94,93.0,,93.0,293641.22538899997,300011.590829,300011.590653,3191.6126665212764,0.036969999999999996,293641.22538899997,30279.720532001153,88.156358,68.49855311827957,18.767788305151527,0.3099880232727673,56,64,,False,False,Request timeout: 300.0s exceeded,446,21.16838264042747
249,2026-09-14T02:17:54.096+00:00,2026-09-14T02:22:47.941+00:00,2026-09-14T02:22:54.115+00:00,False,92,91.0,,91.0,293845.223565,300019.149965,300019.149793,3261.0777151413045,0.03728,293845.223565,30628.414864938906,87.48846605,67.84534505494506,19.15405606082266,0.30331397182685166,56,64,,False,False,Request timeout: 300.0s exceeded,404,21.16838264042747
250,2026-09-14T02:17:56.416+00:00,2026-09-14T02:22:50.468+00:00,2026-09-14T02:22:56.507+00:00,False,92,91.0,,91.0,294052.572581,300091.594661,300091.594545,3261.8651580978258,0.05307,294052.572581,30650.187840010265,89.41057194999999,66.36288,20.395862724435062,0.30324074922124566,56,64,,False,False,Request timeout: 300.0s exceeded,354,21.16838264042747
251,2026-09-14T02:17:59.580+00:00,2026-09-14T02:22:53.548+00:00,2026-09-14T02:22:59.617+00:00,False,89,88.0,,88.0,293967.340598,300036.28344599996,300036.283518,3371.1941968314604,0.03526,293967.340598,31153.17223408063,90.6006508,68.96525963636364,20.632285620319546,0.29329786047639167,56,64,,False,False,Request timeout: 300.0s exceeded,194,21.16838264042747
252,2026-09-14T02:18:02.508+00:00,2026-09-14T02:22:56.640+00:00,2026-09-14T02:23:02.525+00:00,False,86,85.0,,85.0,294131.528826,300016.822906,300016.822904,3488.5677081860463,0.03521,294131.528826,31709.559082495707,91.28954425,69.23875388235295,20.965641672483216,0.28331744592413016,56,64,,False,False,Request timeout: 300.0s exceeded,438,21.16838264042747
253,2026-09-14T02:18:05.832+00:00,2026-09-14T02:22:59.571+00:00,2026-09-14T02:23:06.431+00:00,False,94,93.0,,93.0,293738.856062,300598.41702199995,300598.41703199997,3197.8555003404254,0.040549999999999996,293738.856062,30289.31038746353,89.830776,73.75872,64.68124767043845,0.30938286675406407,56,64,,False,False,Request timeout: 300.0s exceeded,441,21.16838264042747
254,2026-09-14T02:18:08.437+00:00,2026-09-14T02:23:02.272+00:00,2026-09-14T02:23:08.518+00:00,False,98,97.0,,97.0,293835.25231199997,300080.944216,300080.94428899995,3062.050451928571,0.0,293835.25231199997,29675.41470651171,88.95791299999999,64.3885763298969,67.57904891977027,0.3232461169882845,56,64,,False,False,Request timeout: 300.0s exceeded,435,21.16838264042747
255,2026-09-14T02:18:11.796+00:00,2026-09-14T02:23:05.066+00:00,2026-09-14T02:23:11.809+00:00,False,104,103.0,,103.0,293270.410462,300013.190622,300013.190538,2884.7422167115383,0.0,293270.410462,28751.185191710316,88.6773135,65.46388504854369,65.87256306323418,0.34331823806298667,56,64,,False,False,Request timeout: 300.0s exceeded,268,21.16838264042747
256,2026-09-14T02:18:14.343+00:00,2026-09-14T02:23:08.100+00:00,2026-09-14T02:23:14.428+00:00,False,91,90.0,,90.0,293756.40293,300084.224498,300084.224613,3297.628841901099,0.02249,293756.40293,30786.67370723736,89.459951,70.30912853333334,19.034003245952334,0.2999157991412502,56,64,,False,False,Request timeout: 300.0s exceeded,233,21.16838264042747
257,2026-09-14T02:18:17.491+00:00,2026-09-14T02:23:10.806+00:00,2026-09-14T02:23:17.523+00:00,False,96,95.0,,95.0,293315.266667,300032.265067,300032.264998,3125.336093729167,0.02395,293315.266667,29929.15417540791,89.232376,70.70524631578948,19.758477189805784,0.31663261275844984,56,64,,False,False,Request timeout: 300.0s exceeded,411,21.16838264042747
258,2026-09-14T02:18:20.872+00:00,2026-09-14T02:23:14.426+00:00,2026-09-14T02:23:20.884+00:00,False,93,92.0,,92.0,293554.442648,300012.59279200004,300012.59280600003,3225.9418581290324,0.02382,293554.442648,30432.90529242743,90.596265,70.19728417391305,20.35282327940431,0.306653794575163,56,64,,False,False,Request timeout: 300.0s exceeded,352,21.16838264042747
259,2026-09-14T02:18:24.281+00:00,2026-09-14T02:23:18.052+00:00,2026-09-14T02:23:24.293+00:00,False,94,93.0,,93.0,293770.309678,300011.403566,300011.403474,3191.610675255319,0.037469999999999996,293770.309678,30293.178789748843,89.4775468,67.10853643010752,20.127173087844366,0.3099882167630364,56,64,,False,False,Request timeout: 300.0s exceeded,154,21.16838264042747
260,2026-09-14T02:18:27.794+00:00,2026-09-14T02:23:21.489+00:00,2026-09-14T02:23:27.844+00:00,False,94,93.0,,93.0,293695.846631,300050.930663,300050.930777,3192.031178478723,0.03595,293695.846631,30285.372346759992,90.6149358,68.33423690322581,20.509530481525356,0.30994738058137294,56,64,,False,False,Request timeout: 300.0s exceeded,400,21.16838264042747
261,2026-09-14T02:18:31.564+00:00,2026-09-14T02:23:25.352+00:00,2026-09-14T02:23:31.623+00:00,False,96,95.0,,95.0,293788.305602,300059.13977799995,300059.139555,3125.6160370312496,0.04004,293788.305602,29977.913884918155,90.28689075,66.0087808,21.314445808773286,0.3166042536490845,56,64,,False,False,Request timeout: 300.0s exceeded,397,21.16838264042747
262,2026-09-14T02:18:34.206+00:00,2026-09-14T02:23:27.406+00:00,2026-09-14T02:23:34.264+00:00,False,107,106.0,,106.0,293199.886008,300057.689784,300057.689672,2804.2774735700937,0.024579999999999998,293199.886008,28338.45661546484,91.454394,64.69626203773585,21.6608613967241,0.3532654006511392,56,64,,False,False,Request timeout: 300.0s exceeded,527,21.16838264042747
263,2026-09-14T02:18:37.366+00:00,2026-09-14T02:23:30.964+00:00,2026-09-14T02:23:37.421+00:00,False,95,94.0,,94.0,293597.816062,300054.765566,300054.765394,3158.4712146736842,0.02983,293597.816062,30115.459702807526,90.0691044,68.69095217021277,20.48904134069758,0.3132761441821652,56,64,,False,False,Request timeout: 300.0s exceeded,321,21.16838264042747
264,2026-09-14T02:18:40.392+00:00,2026-09-14T02:23:33.990+00:00,2026-09-14T02:23:40.433+00:00,False,94,93.0,,93.0,293597.874438,300040.97280600003,300040.972748,3191.9252420000003,0.04079,293597.874438,30275.16928807709,89.43102745,69.28062761290322,19.921688686264535,0.3099576672154432,56,64,,False,False,Request timeout: 300.0s exceeded,432,21.16838264042747
265,2026-09-14T02:18:44.173+00:00,2026-09-14T02:23:37.882+00:00,2026-09-14T02:23:44.260+00:00,False,95,94.0,,94.0,293708.38952100003,300086.254481,300086.25466900005,3158.8026807263163,0.028059999999999998,293708.38952100003,30126.88973351355,87.17384670000001,67.84962723404256,19.133472612190022,0.31324327121404894,56,64,,False,False,Request timeout: 300.0s exceeded,161,21.16838264042747
266,2026-09-14T02:18:47.461+00:00,2026-09-14T02:23:41.129+00:00,2026-09-14T02:23:47.484+00:00,False,97,96.0,,96.0,293668.122153,300023.78474499995,300023.784818,3093.028709463917,0.03989,293668.122153,29810.76444841367,87.44247080000001,66.20481866666667,19.58181982078634,0.31997463161660183,56,64,,False,False,Request timeout: 300.0s exceeded,234,21.16838264042747
267,2026-09-14T02:18:50.536+00:00,2026-09-14T02:23:44.258+00:00,2026-09-14T02:23:50.619+00:00,False,94,93.0,,93.0,293722.068394,300083.181482,300083.181347,3192.374269648936,0.02459,293722.068394,30288.069841151173,88.8303976,68.3990654623656,19.923326522427104,0.3099140696279857,56,64,,False,False,Request timeout: 300.0s exceeded,383,21.16838264042747
268,2026-09-14T02:18:54.147+00:00,2026-09-14T02:23:47.864+00:00,2026-09-14T02:23:54.170+00:00,False,93,92.0,,92.0,293716.172584,300023.00036,300023.000491,3226.05376872043,0.03699,293716.172584,30449.846863574643,88.974238,68.55247582608695,20.953861024009775,0.3066431569899923,56,64,,False,False,Request timeout: 300.0s exceeded,386,21.16838264042747
269,2026-09-14T02:18:59.264+00:00,2026-09-14T02:23:52.303+00:00,2026-09-14T02:23:59.376+00:00,False,107,106.0,,106.0,293039.519983,300111.553775,300111.553876,2804.7808773457946,0.03548,293039.519983,28322.75733864303,90.36560399999999,66.7172999245283,20.673071327963285,0.35320199661313423,56,64,,False,False,Request timeout: 300.0s exceeded,564,21.16838264042747
270,2026-09-14T02:19:00.345+00:00,2026-09-14T02:23:54.166+00:00,2026-09-14T02:24:00.397+00:00,False,100,99.0,,99.0,293821.234593,300052.56617699994,300052.56607199996,3000.52566072,0.062200000000000005,293821.234593,29375.83665747829,89.96598949999999,62.94274327272727,21.059345018503354,0.32994218733526925,56,64,,False,False,Request timeout: 300.0s exceeded,552,21.16838264042747
271,2026-09-14T02:19:03.134+00:00,2026-09-14T02:23:56.936+00:00,2026-09-14T02:24:03.174+00:00,False,105,104.0,,104.0,293802.448068,300040.19654800004,300040.196355,2857.525679571429,0.0,293802.448068,28666.403773377566,93.2179888,59.978350769230765,65.45555274467183,0.3466202235451549,56,64,,False,False,Request timeout: 300.0s exceeded,648,21.16838264042747
272,2026-09-14T02:19:06.551+00:00,2026-09-14T02:24:00.568+00:00,2026-09-14T02:24:06.616+00:00,False,93,92.0,,92.0,294016.310675,300064.536211,300064.535982,3226.500386903226,0.0,294016.310675,30481.33139849942,91.0585016,65.74158191304348,69.03181526130575,0.30660071050618004,56,64,,False,False,Request timeout: 300.0s exceeded,436,21.16838264042747
273,2026-09-14T02:19:10.606+00:00,2026-09-14T02:24:04.326+00:00,2026-09-14T02:24:10.623+00:00,False,96,95.0,,95.0,293719.42319199996,300016.43259999994,300016.43276399997,3125.1711746249994,0.02452,293719.42319199996,29970.85441578727,87.806002,66.28430955789473,19.73862888190438,0.31664932209449925,56,64,,False,False,Request timeout: 300.0s exceeded,352,21.16838264042747
274,2026-09-14T02:19:14.321+00:00,2026-09-14T02:24:08.188+00:00,2026-09-14T02:24:14.402+00:00,False,93,92.0,,92.0,293866.402611,300080.503859,300080.503827,3226.6720841612905,0.02562,293866.402611,30465.52859588354,87.1000842,67.54457878260871,19.576277097161633,0.30658439591006686,56,64,,False,False,Request timeout: 300.0s exceeded,340,21.16838264042747
275,2026-09-14T02:19:18.088+00:00,2026-09-14T02:24:11.938+00:00,2026-09-14T02:24:18.146+00:00,False,92,91.0,,91.0,293849.438745,300058.015001,300058.015014,3261.500163195652,0.0427,293849.438745,30628.815382021185,89.23842755,68.2261127032967,20.33397236879483,0.30327468506280936,56,64,,False,False,Request timeout: 300.0s exceeded,136,21.16838264042747
276,2026-09-14T02:19:21.524+00:00,2026-09-14T02:24:14.692+00:00,2026-09-14T02:24:21.606+00:00,False,101,100.0,,100.0,293167.92989200004,300081.75440400006,300081.75443200005,2971.106479524753,0.019899999999999998,293167.92989200004,29164.426514966686,89.300632,69.13824512000001,19.876602761818248,0.3332425198546727,56,64,,False,False,Request timeout: 300.0s exceeded,375,21.16838264042747
277,2026-09-14T02:19:23.993+00:00,2026-09-14T02:24:17.933+00:00,2026-09-14T02:24:24.032+00:00,False,90,89.0,,89.0,293940.089587,300038.632179,300038.63199900003,3333.7625777666667,0.020079999999999997,293940.089587,30976.788917178994,87.98811644999999,68.52295047191012,19.24743822529956,0.29662846865300835,56,64,,False,False,Request timeout: 300.0s exceeded,449,21.16838264042747
278,2026-09-14T02:19:26.618+00:00,2026-09-14T02:24:20.132+00:00,2026-09-14T02:24:26.679+00:00,False,97,96.0,,96.0,293513.665813,300060.669461,300060.669528,3093.4089642061854,0.07901000000000001,293513.665813,29794.87941655007,86.9004018,68.19795466666667,19.58532753501373,0.3199352989928507,56,64,,False,False,Request timeout: 300.0s exceeded,595,21.16838264042747
279,2026-09-14T02:19:29.353+00:00,2026-09-14T02:24:23.095+00:00,2026-09-14T02:24:29.388+00:00,False,97,96.0,,96.0,293742.448808,300035.490728,300035.490829,3093.149389989691,0.03165,293742.448808,29818.37776763712,88.6456682,65.55252,20.130505605941245,0.3199621477014854,56,64,,False,False,Request timeout: 300.0s exceeded,505,21.16838264042747
280,2026-09-14T02:19:32.993+00:00,2026-09-14T02:24:26.602+00:00,2026-09-14T02:24:33.068+00:00,False,99,98.0,,98.0,293609.589797,300075.250213,300075.250163,3031.063132959596,0.02557,293609.589797,29502.250033449687,89.4817448,65.97612669387755,20.158522347965462,0.3265847480938113,56,64,,False,False,Request timeout: 300.0s exceeded,509,21.16838264042747
281,2026-09-14T02:19:35.482+00:00,2026-09-14T02:24:29.257+00:00,2026-09-14T02:24:35.542+00:00,False,92,91.0,,91.0,293774.251216,300059.45416,300059.454163,3261.5158061195652,0.02103,293774.251216,30620.888499128985,89.23931550000002,69.06816421978021,19.945162138515155,0.3032732304827705,56,64,,False,False,Request timeout: 300.0s exceeded,340,21.16838264042747
282,2026-09-14T02:19:38.874+00:00,2026-09-14T02:24:32.741+00:00,2026-09-14T02:24:38.887+00:00,False,90,89.0,,89.0,293867.018366,300013.54943799996,300013.54938499996,3333.483882055555,0.026449999999999998,293867.018366,30969.029911210455,87.76490549999998,69.0621468764045,19.589373951136086,0.2966532683831085,56,64,,False,False,Request timeout: 300.0s exceeded,446,21.16838264042747
283,2026-09-14T02:19:42.932+00:00,2026-09-14T02:24:36.460+00:00,2026-09-14T02:24:42.984+00:00,False,93,92.0,,92.0,293527.553254,300051.34179800004,300051.341778,3226.358513741936,0.040670000000000005,293527.553254,30430.04300833832,89.396367,70.91074504347827,20.349719214539807,0.30661419292014386,56,64,,False,False,Request timeout: 300.0s exceeded,400,21.16838264042747
284,2026-09-14T02:19:45.312+00:00,2026-09-14T02:24:39.141+00:00,2026-09-14T02:24:45.350+00:00,False,89,88.0,,88.0,293828.691369,300037.887401,300037.887207,3371.2122158089887,0.13122999999999999,293828.691369,31138.30629309617,90.5553974,70.55904581818181,20.301937054535138,0.29329629255250744,56,64,,False,False,Request timeout: 300.0s exceeded,433,21.16838264042747
285,2026-09-14T02:19:47.653+00:00,2026-09-14T02:24:41.653+00:00,2026-09-14T02:24:47.727+00:00,False,99,98.0,,98.0,294000.286238,300073.928478,300073.928632,3031.0497841616157,0.01542,294000.286238,29542.76683563823,89.3702837,61.975941224489794,225.93163616477793,0.3265861866009626,56,64,,False,False,Request timeout: 300.0s exceeded,427,21.16838264042747
286,2026-09-14T02:19:50.605+00:00,2026-09-14T02:24:44.331+00:00,2026-09-14T02:24:50.629+00:00,False,105,104.0,,104.0,293725.87960900005,300023.43890500005,300023.43878900004,2857.3660837047623,0.01543,293725.87960900005,28659.61687101311,93.0031314,60.55345476923077,217.25523399018346,0.3466395838257515,56,64,,False,False,Request timeout: 300.0s exceeded,487,21.16838264042747
287,2026-09-14T02:19:54.271+00:00,2026-09-14T02:24:48.871+00:00,2026-09-14T02:24:54.321+00:00,False,78,77.0,,77.0,294600.247522,300050.254306,300050.254263,3846.798131576923,0.02367,294600.247522,33348.90147996556,92.1796065,70.77930888311688,20.47899615427955,0.2566236785171099,56,64,,False,False,Request timeout: 300.0s exceeded,361,21.16838264042747
288,2026-09-14T02:19:57.327+00:00,2026-09-14T02:24:50.923+00:00,2026-09-14T02:24:57.404+00:00,False,97,96.0,,96.0,293596.00332099997,300077.46661699994,300077.46646399994,3093.582128494845,0.0,293596.00332099997,29803.380475178627,89.25723179999999,67.51524266666667,68.5448632966887,0.31991739027352023,56,64,,False,False,Request timeout: 300.0s exceeded,458,21.16838264042747
289,2026-09-14T02:20:01.295+00:00,2026-09-14T02:24:55.137+00:00,2026-09-14T02:25:01.310+00:00,False,97,96.0,,96.0,293841.447236,300014.842948,300014.84294999996,3092.936525257732,0.0,293841.447236,29828.627025931943,86.9382006,64.30620533333334,68.42811294430702,0.31998416830543003,56,64,,False,False,Request timeout: 300.0s exceeded,347,21.16838264042747
290,2026-09-14T02:20:05.239+00:00,2026-09-14T02:24:59.086+00:00,2026-09-14T02:25:05.255+00:00,False,94,93.0,,93.0,293846.393898,300016.01361,300016.01369,3191.6597201063832,0.039098999999999995,293846.393898,30301.10542297613,88.14662665,66.33999690322581,19.941018800129495,0.30998345348623135,56,64,,False,False,Request timeout: 300.0s exceeded,426,21.16838264042747
291,2026-09-14T02:20:08.736+00:00,2026-09-14T02:25:02.504+00:00,2026-09-14T02:25:08.759+00:00,False,93,92.0,,92.0,293767.045279,300022.674335,300022.674328,3226.050261591398,0.022719999999999997,293767.045279,30455.179458205057,88.6822106,67.995968,20.411681875956063,0.30664349020925813,56,64,,False,False,Request timeout: 300.0s exceeded,427,21.16838264042747
292,2026-09-14T02:20:10.970+00:00,2026-09-14T02:25:04.437+00:00,2026-09-14T02:25:10.999+00:00,False,97,96.0,,96.0,293467.39587300003,300029.750561,300029.750385,3093.0902101546394,0.03711,293467.39587300003,29790.165242897376,88.3727838,68.35786133333333,19.680016782445108,0.3199682692149622,56,64,,False,False,Request timeout: 300.0s exceeded,461,21.16838264042747
293,2026-09-14T02:20:13.947+00:00,2026-09-14T02:25:07.840+00:00,2026-09-14T02:25:13.982+00:00,False,87,86.0,,86.0,293893.435456,300035.32191999996,300035.32206599996,3448.681862827586,0.02238,293893.435456,31501.032729515802,90.1804506,71.41728446511628,19.327701707921292,0.28663291858326817,56,64,,False,False,Request timeout: 300.0s exceeded,372,21.16838264042747
294,2026-09-14T02:20:16.692+00:00,2026-09-14T02:25:10.451+00:00,2026-09-14T02:25:16.705+00:00,False,90,89.0,,89.0,293759.139961,300013.573241,300013.573284,3333.4841476,0.02038,293759.139961,30957.531262995708,89.43457095,70.27453123595505,20.41658971485727,0.2966532448467142,56,64,,False,False,Request timeout: 300.0s exceeded,434,21.16838264042747
295,2026-09-14T02:20:19.423+00:00,2026-09-14T02:25:13.164+00:00,2026-09-14T02:25:19.507+00:00,False,92,91.0,,91.0,293740.763362,300083.486434,300083.486508,3261.7770272608695,0.03639,293740.763362,30617.331858286394,90.163354,69.70025353846154,20.86825386993473,0.3032489427571831,56,64,,False,False,Request timeout: 300.0s exceeded,443,21.16838264042747
296,2026-09-14T02:20:21.688+00:00,2026-09-14T02:25:15.375+00:00,2026-09-14T02:25:21.728+00:00,False,92,91.0,,91.0,293686.88894800004,300039.837684,300039.837592,3261.3025825217396,0.032979999999999995,293686.88894800004,30611.703022239708,90.94092350000001,69.81262347252748,20.37866406824381,0.30329305835660597,56,64,,False,False,Request timeout: 300.0s exceeded,436,21.16838264042747
297,2026-09-14T02:20:25.147+00:00,2026-09-14T02:25:18.677+00:00,2026-09-14T02:25:25.175+00:00,False,99,98.0,,98.0,293529.85455299995,300027.311449,300027.31136099994,3030.578902636363,0.03668,293529.85455299995,29494.20414225946,90.3919809,66.30058057142857,20.7546965401585,0.32663693024046075,56,64,,False,False,Request timeout: 300.0s exceeded,462,21.16838264042747
298,2026-09-14T02:20:28.994+00:00,2026-09-14T02:25:22.812+00:00,2026-09-14T02:25:29.027+00:00,False,93,92.0,,92.0,293817.83036699996,300032.46204699995,300032.46215399995,3226.1555070322574,0.02463,293817.83036699996,30460.49234724044,89.8476066,67.5503443478261,21.171527895217498,0.30663348683112907,56,64,,False,False,Request timeout: 300.0s exceeded,491,21.16838264042747
299,2026-09-14T02:20:31.819+00:00,2026-09-14T02:25:25.432+00:00,2026-09-14T02:25:31.877+00:00,False,91,90.0,,90.0,293613.13620999997,300057.42344199994,300057.42337299994,3297.3343227802193,0.02576,293613.13620999997,30771.520568717722,90.95375299999999,71.60319146666667,20.522466621136026,0.29994258754740216,56,64,,False,False,Request timeout: 300.0s exceeded,373,21.16838264042747
300,2026-09-14T02:20:34.786+00:00,2026-09-14T02:25:28.635+00:00,2026-09-14T02:25:34.805+00:00,False,87,86.0,,86.0,293849.147925,300019.261973,300019.262066,3448.4972651264366,0.03579,293849.147925,31496.249751943018,91.0543263,71.74551218604651,19.869002211792964,0.28664826196305854,56,64,,False,False,Request timeout: 300.0s exceeded,218,21.16838264042747
301,2026-09-14T02:20:37.765+00:00,2026-09-14T02:25:31.790+00:00,2026-09-14T02:25:37.846+00:00,False,89,88.0,,88.0,294025.488086,300081.355478,300081.355347,3371.700621876405,0.039420000000000004,294025.488086,31159.351584808755,89.501365,68.8166749090909,20.60241661112511,0.2932538073211002,56,64,,False,False,Request timeout: 300.0s exceeded,397,21.16838264042747
302,2026-09-14T02:20:40.930+00:00,2026-09-14T02:25:34.892+00:00,2026-09-14T02:25:41.014+00:00,False,91,90.0,,90.0,293961.441063,300083.450151,300083.45006400003,3297.6203303736265,0.03538,293961.441063,30808.407658380533,86.8628065,68.0223232,19.671659147224254,0.299916573055637,56,64,,False,False,Request timeout: 300.0s exceeded,396,21.16838264042747
303,2026-09-14T02:20:44.212+00:00,2026-09-14T02:25:37.844+00:00,2026-09-14T02:25:44.241+00:00,False,95,94.0,,94.0,293632.11647899996,300029.25721499993,300029.25715099997,3158.2027068526313,0.02571,293632.11647899996,30119.043723041166,87.388026,68.05468868085106,19.875677774602334,0.3133027787774708,56,64,,False,False,Request timeout: 300.0s exceeded,447,21.16838264042747
304,2026-09-14T02:20:48.016+00:00,2026-09-14T02:25:41.646+00:00,2026-09-14T02:25:48.043+00:00,False,94,93.0,,93.0,293629.298788,300026.267492,300026.267532,3191.768803531915,0.020300000000000002,293629.298788,30278.46207167968,89.65550029999999,68.78460972043011,20.601237306934134,0.30997285930132695,56,64,,False,False,Request timeout: 300.0s exceeded,392,21.16838264042747
305,2026-09-14T02:20:50.911+00:00,2026-09-14T02:25:44.895+00:00,2026-09-14T02:25:50.934+00:00,False,85,84.0,,84.0,293984.102412,300023.26170800003,300023.261651,3529.6854311882353,0.02076,293984.102412,31879.260677838574,88.5441272,71.89475352380953,19.337069655748568,0.279978290755847,56,64,,False,False,Request timeout: 300.0s exceeded,345,21.16838264042747
306,2026-09-14T02:20:53.934+00:00,2026-09-14T02:25:47.622+00:00,2026-09-14T02:25:54.021+00:00,False,100,99.0,,99.0,293688.53694,300087.15479600005,300087.154806,3000.8715480600004,0.0,293688.53694,29362.467845475574,88.07788199999999,64.63250359595959,67.76277632135032,0.3299041575681586,56,64,,False,False,Request timeout: 300.0s exceeded,243,21.16838264042747
307,2026-09-14T02:20:56.638+00:00,2026-09-14T02:25:50.596+00:00,2026-09-14T02:25:56.675+00:00,False,97,96.0,,96.0,293958.703743,300037.057663,300037.057884,3093.1655451958763,0.0,293958.703743,29840.63505863911,90.1149136,63.31618666666667,69.28146197911455,0.3199604767082694,56,64,,False,False,Request timeout: 300.0s exceeded,489,21.16838264042747
308,2026-09-14T02:20:59.487+00:00,2026-09-14T02:25:53.256+00:00,2026-09-14T02:25:59.563+00:00,False,95,94.0,,94.0,293768.958884,300075.99018,300075.990031,3158.6946319052636,0.047119,293768.958884,30133.18247378651,91.22213499999998,67.09607761702128,20.87390538732154,0.3132539859107497,56,64,,False,False,Request timeout: 300.0s exceeded,454,21.16838264042747
309,2026-09-14T02:21:01.862+00:00,2026-09-14T02:25:55.721+00:00,2026-09-14T02:26:01.893+00:00,False,91,90.0,,90.0,293858.464145,300030.650257,300030.65005899995,3297.0401105384612,0.03649,293858.464145,30797.554710105625,90.36828399999999,68.5798456888889,20.307028953074237,0.29996935287414095,56,64,,False,False,Request timeout: 300.0s exceeded,394,21.16838264042747
310,2026-09-14T02:21:05.596+00:00,2026-09-14T02:25:59.648+00:00,2026-09-14T02:26:05.621+00:00,False,86,85.0,,85.0,294052.530727,300025.45847099996,300025.458443,3488.668121430232,0.03046,294052.530727,31700.928714089918,89.25918225,70.26973816470588,20.006847140338042,0.28330929126208126,56,64,,False,False,Request timeout: 300.0s exceeded,417,21.16838264042747
311,2026-09-14T02:21:08.160+00:00,2026-09-14T02:26:01.681+00:00,2026-09-14T02:26:08.199+00:00,False,98,97.0,,97.0,293520.787741,300038.84111700003,300038.841126,3061.6208278163267,0.02229,293520.787741,29643.29608471494,88.4925952,67.19642655670103,20.312003874513337,0.32329147665976643,56,64,,False,False,Request timeout: 300.0s exceeded,401,21.16838264042747
312,2026-09-14T02:21:11.189+00:00,2026-09-14T02:26:04.908+00:00,2026-09-14T02:26:11.221+00:00,False,96,95.0,,95.0,293719.692084,300032.63390799996,300032.63402,3125.3399377083333,0.03138,293719.692084,29970.86547878416,89.85075,66.45201920000001,20.837560321470672,0.31663222351049375,56,64,,False,False,Request timeout: 300.0s exceeded,212,21.16838264042747
313,2026-09-14T02:21:13.594+00:00,2026-09-14T02:26:07.461+00:00,2026-09-14T02:26:13.627+00:00,False,91,90.0,,90.0,293866.801765,300032.156517,300032.15651199996,3297.0566649670327,0.02401,293866.801765,30798.436685741188,89.439946,68.50394168888889,20.30562698369592,0.2999678469294359,56,64,,False,False,Request timeout: 300.0s exceeded,368,21.16838264042747
314,2026-09-14T02:21:15.905+00:00,2026-09-14T02:26:09.858+00:00,2026-09-14T02:26:15.995+00:00,False,88,87.0,,87.0,293952.992032,300089.92284799996,300089.92293,3410.112760568182,0.03204,293952.992032,31327.98116652914,90.47997800000002,70.53943466666666,20.231443182047222,0.2899131006277302,56,64,,False,False,Request timeout: 300.0s exceeded,402,21.16838264042747
315,2026-09-14T02:21:18.422+00:00,2026-09-14T02:26:12.366+00:00,2026-09-14T02:26:18.469+00:00,False,91,90.0,,90.0,293943.634794,300046.94487400004,300046.944963,3297.2191754175824,0.02032,293943.634794,30806.562995161505,89.36213599999999,67.81455644444445,19.92484047481275,0.2999530624709213,56,64,,False,False,Request timeout: 300.0s exceeded,387,21.16838264042747
316,2026-09-14T02:21:20.926+00:00,2026-09-14T02:26:14.567+00:00,2026-09-14T02:26:20.990+00:00,False,97,96.0,,96.0,293640.584575,300063.542655,300063.542708,3093.4385846185564,0.03149,293640.584575,29807.898127650875,90.29645180000001,66.90581333333334,20.879049844245852,0.3199322355211163,56,64,,False,False,Request timeout: 300.0s exceeded,451,21.16838264042747
317,2026-09-14T02:21:23.605+00:00,2026-09-14T02:26:17.322+00:00,2026-09-14T02:26:23.650+00:00,False,96,95.0,,95.0,293716.525174,300044.838774,300044.838828,3125.467071125,0.022789999999999998,293716.525174,29970.525545295448,88.70455224999999,66.61382736842106,20.54804611875475,0.31661934392264607,56,64,,False,False,Request timeout: 300.0s exceeded,322,21.16838264042747
318,2026-09-14T02:21:25.936+00:00,2026-09-14T02:26:19.552+00:00,2026-09-14T02:26:25.973+00:00,False,93,92.0,,92.0,293615.784449,300036.145153,300036.14524900005,3226.1951102043013,0.04,293615.784449,30439.308681045066,90.842206,69.78652939130434,20.274651769423407,0.3066297227391908,56,64,,False,False,Request timeout: 300.0s exceeded,487,21.16838264042747
319,2026-09-14T02:21:29.907+00:00,2026-09-14T02:26:23.565+00:00,2026-09-14T02:26:29.927+00:00,False,96,95.0,,95.0,293658.531821,300020.632557,300020.632743,3125.21492440625,0.0384,293658.531821,29964.57036650132,90.20313649999999,66.96948143157896,20.60776781189556,0.3166448893542388,56,64,,False,False,Request timeout: 300.0s exceeded,313,21.16838264042747
320,2026-09-14T02:21:32.964+00:00,2026-09-14T02:26:26.358+00:00,2026-09-14T02:26:33.026+00:00,False,100,99.0,,99.0,293394.28452999995,300062.27582599997,300062.275666,3000.6227566599996,0.03665,293394.28452999995,29332.70034641477,87.78642849999999,67.35344743434342,20.711183979136823,0.32993151080880323,56,64,,False,False,Request timeout: 300.0s exceeded,415,21.16838264042747
321,2026-09-14T02:21:36.525+00:00,2026-09-14T02:26:30.145+00:00,2026-09-14T02:26:36.617+00:00,False,96,95.0,,95.0,293620.332043,300092.094987,300092.095054,3125.9593234791664,0.0198,293620.332043,29960.55325631447,87.583135,68.1238204631579,19.785403733811386,0.31656948512460953,56,64,,False,False,Request timeout: 300.0s exceeded,434,21.16838264042747
322,2026-09-14T02:21:39.528+00:00,2026-09-14T02:26:32.893+00:00,2026-09-14T02:26:39.541+00:00,False,101,100.0,,100.0,293364.71865399997,300012.40274999995,300012.40280399995,2970.4198297425737,0.02548,293364.71865399997,29184.272711934336,88.38683299999998,66.47684096,20.124614297617775,0.33331955306971056,56,64,,False,False,Request timeout: 300.0s exceeded,477,21.16838264042747
323,2026-09-14T02:21:42.827+00:00,2026-09-14T02:26:36.615+00:00,2026-09-14T02:26:42.899+00:00,False,95,94.0,,94.0,293787.11979400006,300071.9750900001,300071.9752200001,3158.652370736843,0.02214,293787.11979400006,30135.06976239787,89.3207203,66.86016272340426,20.6021122588008,0.3132581773816323,56,64,,False,False,Request timeout: 300.0s exceeded,465,21.16838264042747
324,2026-09-14T02:21:46.362+00:00,2026-09-14T02:26:38.763+00:00,2026-09-14T02:26:46.462+00:00,False,109,108.0,,108.0,292400.66726300004,300100.09151900007,300100.09146300005,2753.211848284404,0.04202,292400.66726300004,28000.135443415667,89.9159022,71.29096533333333,57.9377601930357,0.35987993023708315,56,64,,False,False,Request timeout: 300.0s exceeded,497,21.16838264042747
325,2026-09-14T02:21:48.715+00:00,2026-09-14T02:26:42.686+00:00,2026-09-14T02:26:48.766+00:00,False,99,98.0,,98.0,293971.422677,300050.910421,300050.910478,3030.8172775555554,0.0,293971.422677,29539.073046237532,92.29130359999999,62.03558922448979,63.81015849129594,0.3266112402808466,56,64,,False,False,Request timeout: 300.0s exceeded,440,21.16838264042747
326,2026-09-14T02:21:51.255+00:00,2026-09-14T02:26:44.961+00:00,2026-09-14T02:26:51.339+00:00,False,103,102.0,,102.0,293705.61537,300083.738634,300083.73848,2913.4343541747576,0.0,293705.61537,28933.580803663623,90.77836719999999,62.530620235294116,63.0066221595936,0.3399051226977856,56,64,,False,False,Request timeout: 300.0s exceeded,444,21.16838264042747
327,2026-09-14T02:21:54.278+00:00,2026-09-14T02:26:47.820+00:00,2026-09-14T02:26:54.328+00:00,False,98,97.0,,97.0,293542.465546,300050.318858,300050.318801,3061.7379469489797,0.02095,293542.465546,29645.496145330006,88.5915965,67.09127125773196,19.788799225001874,0.32327910988125175,56,64,,False,False,Request timeout: 300.0s exceeded,470,21.16838264042747
328,2026-09-14T02:21:57.232+00:00,2026-09-14T02:26:51.173+00:00,2026-09-14T02:26:57.283+00:00,False,91,90.0,,90.0,293940.857316,300051.163876,300051.163941,3297.2655378131867,0.02515,293940.857316,30806.263694838453,89.92787,67.89229511111111,19.936758704814892,0.29994884484831946,56,64,,False,False,Request timeout: 300.0s exceeded,346,21.16838264042747
329,2026-09-14T02:22:00.559+00:00,2026-09-14T02:26:54.412+00:00,2026-09-14T02:27:00.604+00:00,False,91,90.0,,90.0,293852.69736299996,300044.8699069999,300044.870135,3297.1963751098897,0.039659999999999994,293852.69736299996,30796.926519330824,87.82528499999998,68.80191715555556,19.703057786600443,0.299955136803025,56,64,,False,False,Request timeout: 300.0s exceeded,292,21.16838264042747
330,2026-09-14T02:22:03.531+00:00,2026-09-14T02:26:57.576+00:00,2026-09-14T02:27:03.539+00:00,False,85,84.0,,84.0,294045.17924900004,300007.79172900005,300007.79161600006,3529.503430776471,0.02767,294045.17924900004,31885.984379705827,89.93885399999999,70.98348190476192,19.583540640717388,0.2799927279084738,56,64,,False,False,Request timeout: 300.0s exceeded,412,21.16838264042747
331,2026-09-14T02:22:05.834+00:00,2026-09-14T02:26:59.839+00:00,2026-09-14T02:27:05.865+00:00,False,88,87.0,,87.0,294005.156544,300031.101632,300031.101686,3409.4443373409094,0.046490000000000004,294005.156544,31333.677228171808,87.82157914999999,69.26373664367816,19.131853538628334,0.2899699382056362,56,64,,False,False,Request timeout: 300.0s exceeded,213,21.16838264042747
332,2026-09-14T02:22:08.995+00:00,2026-09-14T02:27:02.715+00:00,2026-09-14T02:27:09.043+00:00,False,95,94.0,,94.0,293720.07744599995,300047.48838999995,300047.48839199997,3158.394614652631,0.02641,293720.07744599995,30128.144606381662,88.2774351,67.31288238297873,20.13879796822924,0.3132837421982328,56,64,,False,False,Request timeout: 300.0s exceeded,302,21.16838264042747
333,2026-09-14T02:22:12.478+00:00,2026-09-14T02:27:06.428+00:00,2026-09-14T02:27:12.498+00:00,False,89,88.0,,88.0,293949.64035299997,300019.893153,300019.893312,3371.010037213483,0.10528900000000001,293949.64035299997,31151.294054900947,89.658799,68.98014545454545,20.044520047227472,0.2933138835401257,56,64,,False,False,Request timeout: 300.0s exceeded,483,21.16838264042747
334,2026-09-14T02:22:15.611+00:00,2026-09-14T02:27:09.550+00:00,2026-09-14T02:27:15.648+00:00,False,93,92.0,,92.0,293938.53770700004,300036.63895500003,300036.63908800005,3226.2004203010756,0.023870000000000002,293938.53770700004,30473.140158518658,90.7615602,66.2837092173913,20.733837719488967,0.3066292180862561,56,64,,False,False,Request timeout: 300.0s exceeded,137,21.16838264042747
335,2026-09-14T02:22:18.395+00:00,2026-09-14T02:27:12.373+00:00,2026-09-14T02:27:18.409+00:00,False,93,92.0,,92.0,293977.838276,300013.92864399997,300013.928676,3225.9562223225807,0.04018,293977.838276,30477.285241626585,89.64345859999999,65.60967791304347,20.601126902321923,0.30665242915827506,56,64,,False,False,Request timeout: 300.0s exceeded,344,21.16838264042747
336,2026-09-14T02:22:20.625+00:00,2026-09-14T02:27:14.554+00:00,2026-09-14T02:27:20.674+00:00,False,94,93.0,,93.0,293928.728131,300049.081923,300049.081764,3192.01150812766,0.03527,293928.728131,30309.652602368165,88.47910415,65.810255827957,20.568212576269314,0.30994929030933044,56,64,,False,False,Request timeout: 300.0s exceeded,457,21.16838264042747
337,2026-09-14T02:22:22.958+00:00,2026-09-14T02:27:16.723+00:00,2026-09-14T02:27:23.030+00:00,False,91,90.0,,90.0,293764.91129799996,300072.38752199995,300072.387396,3297.4987625934064,0.02466,293764.91129799996,30787.589794778425,89.47087099999999,70.08306915555556,19.788886578115847,0.2999276299402977,56,64,,False,False,Request timeout: 300.0s exceeded,455,21.16838264042747
338,2026-09-14T02:22:25.383+00:00,2026-09-14T02:27:19.216+00:00,2026-09-14T02:27:25.424+00:00,False,90,89.0,,89.0,293832.86679500004,300041.45764300006,300041.45781200007,3333.7939756888895,0.02166,293832.86679500004,30965.356430367505,88.57577995,69.75944773033709,19.448698341184254,0.2966256753288252,56,64,,False,False,Request timeout: 300.0s exceeded,436,21.16838264042747
339,2026-09-14T02:22:29.392+00:00,2026-09-14T02:27:23.112+00:00,2026-09-14T02:27:29.435+00:00,False,93,92.0,,92.0,293719.615176,300042.831304,300042.831321,3226.2670034516127,0.02552,293719.615176,30450.184222587297,87.90978659999999,68.73061008695652,19.190801528309063,0.30662288980597785,56,64,,False,False,Request timeout: 300.0s exceeded,436,21.16838264042747
340,2026-09-14T02:22:32.937+00:00,2026-09-14T02:27:26.387+00:00,2026-09-14T02:27:32.966+00:00,False,102,101.0,,101.0,293449.90887800005,300028.23643000005,300028.23650500004,2941.453299068628,0.02871,293449.90887800005,29049.42799726854,86.06318615,65.13195596039604,19.372659638845526,0.33663498209964127,56,64,,False,False,Request timeout: 300.0s exceeded,265,21.16838264042747
341,2026-09-14T02:22:36.767+00:00,2026-09-14T02:27:30.579+00:00,2026-09-14T02:27:36.774+00:00,False,95,94.0,,94.0,293812.903621,300007.14131700003,300007.141459,3157.969910094737,0.03835,293812.903621,30137.81348742981,87.5344537,65.89614570212765,19.779573156440748,0.3133258748020124,56,64,,False,False,Request timeout: 300.0s exceeded,482,21.16838264042747
342,2026-09-14T02:22:39.372+00:00,2026-09-14T02:27:33.272+00:00,2026-09-14T02:27:39.400+00:00,False,91,90.0,,90.0,293899.533831,300027.547911,300027.54787799995,3297.0060206373623,0.02842,293899.533831,30801.91137893007,89.6107605,68.08904533333333,20.22585773868946,0.2999724546183924,56,64,,False,False,Request timeout: 300.0s exceeded,445,21.16838264042747
343,2026-09-14T02:22:42.171+00:00,2026-09-14T02:27:35.942+00:00,2026-09-14T02:27:42.393+00:00,False,84,83.0,,83.0,293770.287145,300221.880105,300221.88015,3574.0700017857143,0.04044,293770.287145,32044.55758821449,89.27221279999999,77.7300356626506,68.57599669847492,0.2764621951303865,56,64,,False,False,Request timeout: 300.0s exceeded,298,21.16838264042747
344,2026-09-14T02:22:45.624+00:00,2026-09-14T02:27:39.401+00:00,2026-09-14T02:27:45.695+00:00,False,98,97.0,,97.0,293777.06205199996,300070.90729999996,300070.90742899996,3061.9480349897954,0.0,293777.06205199996,29669.487473260033,88.80349249999999,64.88500255670104,68.02213468207289,0.3232569290798422,56,64,,False,False,Request timeout: 300.0s exceeded,446,21.16838264042747
345,2026-09-14T02:22:47.984+00:00,2026-09-14T02:27:42.394+00:00,2026-09-14T02:27:48.059+00:00,False,100,99.0,,99.0,294410.18623500003,300075.25349900004,300075.25333000004,3000.7525333000003,0.0,294410.18623500003,29435.310433575778,87.9354415,57.22290165656566,28.957720519886053,0.3299172419105526,56,64,,False,False,Request timeout: 300.0s exceeded,464,21.16838264042747
346,2026-09-14T02:22:50.608+00:00,2026-09-14T02:27:44.709+00:00,2026-09-14T02:27:50.685+00:00,False,89,88.0,,88.0,294100.61235,300076.60159800004,300076.601579,3371.647208752809,0.02264,294100.61235,31167.410920237293,88.3781022,67.90896872727274,20.54812019399168,0.2932584531128818,56,64,,False,False,Request timeout: 300.0s exceeded,387,21.16838264042747
347,2026-09-14T02:22:53.187+00:00,2026-09-14T02:27:46.827+00:00,2026-09-14T02:27:53.263+00:00,False,94,93.0,,93.0,293639.343004,300075.611036,300075.61103100004,3192.2937343723406,0.01993,293639.343004,30279.454309594865,88.5589548,69.20718313978495,20.3643016059985,0.3099218882831595,56,64,,False,False,Request timeout: 300.0s exceeded,383,21.16838264042747
348,2026-09-14T02:22:56.471+00:00,2026-09-14T02:27:49.715+00:00,2026-09-14T02:27:56.501+00:00,False,100,99.0,,99.0,293244.36619,300030.532974,300030.53297799994,3000.3053297799997,0.01744,293244.36619,29317.58838017408,87.636552,68.54713923232323,19.5842440595498,0.329966417146548,56,64,,False,False,Request timeout: 300.0s exceeded,451,21.16838264042747
349,2026-09-14T02:22:58.981+00:00,2026-09-14T02:27:52.659+00:00,2026-09-14T02:27:59.068+00:00,False,95,94.0,,94.0,293677.733936,300086.815792,300086.81565,3158.8085857894735,0.05357,293677.733936,30123.711506209445,88.3294467,68.18172187234043,20.723290961741977,0.31324268529396,56,64,,False,False,Request timeout: 300.0s exceeded,391,21.16838264042747
350,2026-09-14T02:23:03.009+00:00,2026-09-14T02:27:56.798+00:00,2026-09-14T02:28:03.087+00:00,False,96,95.0,,95.0,293788.495824,300078.262736,300078.262781,3125.815237302083,0.02948,293788.495824,29977.9123141268,89.82260749999999,66.20807275789474,20.37732827065404,0.3165840775463906,56,64,,False,False,Request timeout: 300.0s exceeded,489,21.16838264042747
351,2026-09-14T02:23:05.939+00:00,2026-09-14T02:27:59.151+00:00,2026-09-14T02:28:06.565+00:00,False,111,110.0,,110.0,293211.907402,300625.869642,300625.869564,2708.341167243243,0.03522,293211.907402,27824.052576857797,88.49218250000001,67.39965672727273,20.154363629340406,0.36590330742658106,56,64,,False,False,Request timeout: 300.0s exceeded,514,21.16838264042747
352,2026-09-14T02:23:09.339+00:00,2026-09-14T02:28:03.330+00:00,2026-09-14T02:28:09.357+00:00,False,88,87.0,,87.0,293991.084719,300017.864111,300017.86414099997,3409.2939106931817,0.05116,293991.084719,31332.177411730197,91.39763520000001,69.2733263448276,21.127055398774505,0.2899827323876018,56,64,,False,False,Request timeout: 300.0s exceeded,282,21.16838264042747
353,2026-09-14T02:23:12.283+00:00,2026-09-14T02:28:06.439+00:00,2026-09-14T02:28:14.649+00:00,False,84,83.0,,83.0,294155.55718400003,302366.13817600004,302366.13815400004,3599.5968827857146,0.06399,294155.55718400003,32085.498032961437,91.78958764999999,98.92266255421686,289.3316185006516,0.2745016373218607,56,64,,False,False,Request timeout: 300.0s exceeded,185,21.16838264042747
354,2026-09-14T02:23:15.174+00:00,2026-09-14T02:28:09.144+00:00,2026-09-14T02:28:15.231+00:00,False,100,99.0,,99.0,293969.965517,300056.882125,300056.881942,3000.56881942,0.01537,293969.965517,29392.03550693118,93.93974385,61.48400614141414,265.53416914511615,0.32993744152403015,56,64,,False,False,Request timeout: 300.0s exceeded,218,21.16838264042747
355,2026-09-14T02:23:18.989+00:00,2026-09-14T02:28:14.640+00:00,2026-09-14T02:28:19.002+00:00,False,77,76.0,,76.0,295651.013048,300012.637368,300012.63759,3896.2680206493505,0.01581,295651.013048,33686.0332263641,90.99528579999998,57.389793684210524,30.384365498601717,0.25332266222764893,56,64,,False,False,Request timeout: 300.0s exceeded,101,21.16838264042747
356,2026-09-14T02:23:22.582+00:00,2026-09-14T02:28:16.021+00:00,2026-09-14T02:28:22.591+00:00,False,95,94.0,,94.0,293439.04132200003,300008.686378,300008.68637400004,3157.986172357895,0.01829,293439.04132200003,30099.045882581544,89.96355599999998,69.8898410212766,19.14449887615949,0.3133242611567701,56,64,,False,False,Request timeout: 300.0s exceeded,452,21.16838264042747
357,2026-09-14T02:23:26.118+00:00,2026-09-14T02:28:19.640+00:00,2026-09-14T02:28:26.164+00:00,False,96,95.0,,95.0,293521.659513,300045.644153,300045.644141,3125.475459802083,0.03393,293521.659513,29950.427014391764,88.57091525,68.6735225263158,20.65729959532581,0.31661849405671555,56,64,,False,False,Request timeout: 300.0s exceeded,390,21.16838264042747
358,2026-09-14T02:23:28.489+00:00,2026-09-14T02:28:21.913+00:00,2026-09-14T02:28:28.498+00:00,False,97,96.0,,96.0,293423.73436299997,300008.46831499995,300008.46813299996,3092.870805494845,0.03181,293423.73436299997,29785.709080418266,90.18476160000002,68.59097866666667,20.66582009673783,0.3199909673856368,56,64,,False,False,Request timeout: 300.0s exceeded,435,21.16838264042747
359,2026-09-14T02:23:32.309+00:00,2026-09-14T02:28:26.082+00:00,2026-09-14T02:28:32.382+00:00,False,94,93.0,,93.0,293773.801729,300073.705473,300073.70561,3192.27346393617,1.5416569999999998,293773.801729,30293.473999028574,90.70287714999999,67.74090047311827,20.512110730179092,0.3099238563852371,56,64,,False,False,Request timeout: 300.0s exceeded,488,21.16838264042747
360,2026-09-14T02:23:36.082+00:00,2026-09-14T02:28:29.875+00:00,2026-09-14T02:28:36.108+00:00,False,88,87.0,,87.0,293792.364435,300025.459859,300025.459827,3409.380225306818,0.10909,293792.364435,31310.74005298968,90.23899385,71.64477498850574,19.710925624484787,0.2899753908914481,56,64,,False,False,Request timeout: 300.0s exceeded,460,21.16838264042747
361,2026-09-14T02:23:40.034+00:00,2026-09-14T02:28:34.092+00:00,2026-09-14T02:28:40.122+00:00,False,91,90.0,,90.0,294058.502188,300088.58065200003,300088.580639,3297.6767103186817,0.0,294058.502188,30818.756261971168,89.088057,67.00087182222222,67.43886954967373,0.29991144549538584,56,64,,False,False,Request timeout: 300.0s exceeded,342,21.16838264042747
362,2026-09-14T02:23:43.727+00:00,2026-09-14T02:28:37.994+00:00,2026-09-14T02:28:43.784+00:00,False,87,86.0,,86.0,294266.95603299997,300057.25670499995,300057.25671899994,3448.9339852758617,0.02375,294266.95603299997,31541.516975185168,88.53806260000002,67.32907758139534,19.884351019025075,0.2866119651442076,56,64,,False,False,Request timeout: 300.0s exceeded,347,21.16838264042747
363,2026-09-14T02:23:47.793+00:00,2026-09-14T02:28:41.550+00:00,2026-09-14T02:28:47.855+00:00,False,94,93.0,,93.0,293757.73667400004,300062.67465800006,300062.67469400004,3192.156113765958,0.01873,293757.73667400004,30291.81114033949,88.96986695,67.79503208602151,20.07142584666682,0.3099352497140734,56,64,,False,False,Request timeout: 300.0s exceeded,392,21.16838264042747
364,2026-09-14T02:23:50.453+00:00,2026-09-14T02:28:44.279+00:00,2026-09-14T02:28:50.539+00:00,False,93,92.0,,92.0,293826.39314099995,300086.32018099993,300086.32007699995,3226.7346244838704,0.0251,293826.39314099995,30461.328489662,87.9846826,68.0426852173913,20.09307828998177,0.3065784536413034,56,64,,False,False,Request timeout: 300.0s exceeded,443,21.16838264042747
365,2026-09-14T02:23:53.926+00:00,2026-09-14T02:28:47.857+00:00,2026-09-14T02:28:53.982+00:00,False,91,90.0,,90.0,293930.317777,300055.555025,300055.55483700003,3297.3137894175825,0.01685,293930.317777,30805.141784043528,89.96532499999999,68.05819164444445,20.435613578752978,0.2999444552609646,56,64,,False,False,Request timeout: 300.0s exceeded,427,21.16838264042747
366,2026-09-14T02:23:56.263+00:00,2026-09-14T02:28:49.540+00:00,2026-09-14T02:28:56.344+00:00,False,103,102.0,,102.0,293276.82998000004,300081.601052,300081.601275,2913.413604611651,0.018699,293276.82998000004,28890.858675854553,89.7186911,66.71344188235294,20.819757536682342,0.3399075439561015,56,64,,False,False,Request timeout: 300.0s exceeded,459,21.16838264042747
367,2026-09-14T02:23:58.668+00:00,2026-09-14T02:28:52.263+00:00,2026-09-14T02:28:58.740+00:00,False,95,94.0,,94.0,293594.85670099995,300072.10598099994,300072.10599699995,3158.6537473368417,0.01835,293594.85670099995,30115.134096340207,90.366028,68.90690723404255,20.74622089069058,0.313258040738888,56,64,,False,False,Request timeout: 300.0s exceeded,376,21.16838264042747
368,2026-09-14T02:24:01.191+00:00,2026-09-14T02:28:54.862+00:00,2026-09-14T02:29:01.445+00:00,False,97,96.0,,96.0,293670.965602,300253.81385800004,300253.813776,3095.4001420206187,0.01846,293670.965602,29810.81400014126,90.5193976,68.571336,21.244261642584114,0.3197294940786383,56,64,,False,False,Request timeout: 300.0s exceeded,363,21.16838264042747
369,2026-09-14T02:24:03.778+00:00,2026-09-14T02:28:57.526+00:00,2026-09-14T02:29:03.863+00:00,False,93,92.0,,92.0,293748.624291,300085.534627,300085.534644,3226.7261789677423,0.03698,293748.624291,30453.177983850102,91.41338680000001,68.87946017391305,20.868971342906363,0.30657925619225224,56,64,,False,False,Request timeout: 300.0s exceeded,460,21.16838264042747
370,2026-09-14T02:24:06.397+00:00,2026-09-14T02:29:00.162+00:00,2026-09-14T02:29:06.426+00:00,False,91,90.0,,90.0,293764.979408,300028.723152,300028.723075,3297.01893489011,0.018969999999999997,293764.979408,30787.6488069145,91.17915249999999,69.59715271111111,21.208146144230877,0.2999712795978016,56,64,,False,False,Request timeout: 300.0s exceeded,429,21.16838264042747
371,2026-09-14T02:24:09.737+00:00,2026-09-14T02:29:03.512+00:00,2026-09-14T02:29:09.745+00:00,False,90,89.0,,89.0,293774.339401,300007.547465,300007.547443,3333.4171938111112,0.02775,293774.339401,30959.158928480872,89.16769495,70.03604566292135,20.969657572535805,0.2966592032501551,56,64,,False,False,Request timeout: 300.0s exceeded,360,21.16838264042747
372,2026-09-14T02:24:12.834+00:00,2026-09-14T02:29:06.676+00:00,2026-09-14T02:29:12.850+00:00,False,94,93.0,,93.0,293842.48123000003,300016.46011000004,300016.46005700005,3191.6644686914897,0.029079999999999998,293842.48123000003,30300.69730288432,88.32505714999999,66.38686967741936,20.359221639518765,0.30998299215283676,56,64,,False,False,Request timeout: 300.0s exceeded,434,21.16838264042747
373,2026-09-14T02:24:16.358+00:00,2026-09-14T02:29:10.255+00:00,2026-09-14T02:29:16.396+00:00,False,94,93.0,,93.0,293896.99174800003,300038.27584400005,300038.27591300005,3191.896552265958,0.02477,293896.99174800003,30306.355604199223,87.71730165000001,66.03531286021506,19.92076936177492,0.3099604533401392,56,64,,False,False,Request timeout: 300.0s exceeded,576,21.16838264042747
374,2026-09-14T02:24:20.284+00:00,2026-09-14T02:29:13.666+00:00,2026-09-14T02:29:20.348+00:00,False,103,102.0,,102.0,293381.51855800004,300063.845854,300063.84601200005,2913.2412234174762,0.02876,293381.51855800004,28901.291912280452,88.63174810000001,65.51301270588236,20.373592424235753,0.3399276567615194,56,64,,False,False,Request timeout: 300.0s exceeded,335,21.16838264042747
375,2026-09-14T02:24:23.002+00:00,2026-09-14T02:29:16.523+00:00,2026-09-14T02:29:23.067+00:00,False,96,95.0,,95.0,293520.980085,300064.85208499996,300064.852281,3125.6755445937497,0.03736,293520.980085,29950.336059820165,90.10791249999998,68.88286315789473,20.295418509881724,0.3165982264830176,56,64,,False,False,Request timeout: 300.0s exceeded,401,21.16838264042747
376,2026-09-14T02:24:27.043+00:00,2026-09-14T02:29:20.647+00:00,2026-09-14T02:29:27.098+00:00,False,90,89.0,,89.0,293603.76305400004,300055.203694,300055.20380500006,3333.9467089444447,0.03284,293603.76305400004,30940.9188462391,88.48758794999999,72.48809707865168,18.94445087115083,0.2966120863904873,56,64,,False,False,Request timeout: 300.0s exceeded,348,21.16838264042747
377,2026-09-14T02:24:29.939+00:00,2026-09-14T02:29:23.654+00:00,2026-09-14T02:29:29.967+00:00,False,91,90.0,,90.0,293715.766198,300028.769206,300028.769352,3297.0194434285713,0.02266,293715.766198,30782.432133605962,90.7858785,70.14447786666666,20.683808523046714,0.2999712335526261,56,64,,False,False,Request timeout: 300.0s exceeded,342,21.16838264042747
378,2026-09-14T02:24:32.880+00:00,2026-09-14T02:29:26.720+00:00,2026-09-14T02:29:33.062+00:00,False,88,87.0,,87.0,293839.88745,300182.086234,300182.08636099997,3411.160072284091,0.02389,293839.88745,31315.729882142074,89.39634785,72.89883659770115,63.51728726600997,0.28982409007638504,56,64,,False,False,Request timeout: 300.0s exceeded,359,21.16838264042747
379,2026-09-14T02:24:36.263+00:00,2026-09-14T02:29:29.888+00:00,2026-09-14T02:29:36.318+00:00,False,104,103.0,,103.0,293624.91958600003,300055.127074,300055.12710200006,2885.1454529038465,0.0,293624.91958600003,28786.23719151982,89.64438015,62.42919891262136,62.259001000784394,0.343270255050826,56,64,,False,False,Request timeout: 300.0s exceeded,451,21.16838264042747
380,2026-09-14T02:24:39.865+00:00,2026-09-14T02:29:33.253+00:00,2026-09-14T02:29:39.909+00:00,False,103,102.0,,102.0,293387.40525,300043.41907400003,300043.419099,2913.0429038737866,0.03427,293387.40525,28901.897529896793,89.1430751,65.25503749019607,20.609446072113123,0.3399507988370297,56,64,,False,False,Request timeout: 300.0s exceeded,503,21.16838264042747
381,2026-09-14T02:24:42.808+00:00,2026-09-14T02:29:36.403+00:00,2026-09-14T02:29:42.855+00:00,False,98,97.0,,97.0,293595.200585,300046.580297,300046.580216,3061.699798122449,0.04301,293595.200585,29650.882463564732,89.0683927,66.50906919587628,20.480289297502416,0.32328313791806895,56,64,,False,False,Request timeout: 300.0s exceeded,441,21.16838264042747
382,2026-09-14T02:24:45.293+00:00,2026-09-14T02:29:39.220+00:00,2026-09-14T02:29:45.371+00:00,False,91,90.0,,90.0,293927.032375,300078.51576700003,300078.515809,3297.566107791209,0.03867,293927.032375,30804.766602277425,90.18263950000001,68.34981546666667,20.116994932488712,0.2999215047767088,56,64,,False,False,Request timeout: 300.0s exceeded,357,21.16838264042747
383,2026-09-14T02:24:49.342+00:00,2026-09-14T02:29:43.070+00:00,2026-09-14T02:29:49.418+00:00,False,101,100.0,,100.0,293728.753797,300076.16090099997,300076.160728,2971.0510963168317,0.0355,293728.753797,29220.7954583428,91.03291800000001,63.47407104,21.70165685726048,0.33324873158781726,56,64,,False,False,Request timeout: 300.0s exceeded,414,21.16838264042747
384,2026-09-14T02:24:53.313+00:00,2026-09-14T02:29:48.373+00:00,2026-09-14T02:29:53.395+00:00,False,72,71.0,,71.0,295059.263222,300081.524982,300081.52499,4167.798958194444,0.05006,295059.263222,34764.73796659232,92.23542850000001,70.73608112676055,21.65208618972876,0.23660236998681888,56,64,,False,False,Request timeout: 300.0s exceeded,138,21.16838264042747
385,2026-09-14T02:24:57.244+00:00,2026-09-14T02:29:50.567+00:00,2026-09-14T02:29:57.320+00:00,False,98,97.0,,97.0,293323.122499,300076.052035,300076.051894,3062.0005295306123,0.0352,293323.122499,29623.084085389288,88.63843955,69.61783026804123,20.013986666245792,0.32325138691402877,56,64,,False,False,Request timeout: 300.0s exceeded,416,21.16838264042747
386,2026-09-14T02:25:00.721+00:00,2026-09-14T02:29:54.604+00:00,2026-09-14T02:30:00.781+00:00,False,90,89.0,,89.0,293883.343479,300060.064631,300060.06464,3334.000718222222,0.03372,293883.343479,30970.71548082431,88.01427244999999,69.40136125842696,20.385999229034134,0.2966072813103206,56,64,,False,False,Request timeout: 300.0s exceeded,489,21.16838264042747
387,2026-09-14T02:25:03.510+00:00,2026-09-14T02:29:57.051+00:00,2026-09-14T02:30:03.516+00:00,False,96,95.0,,95.0,293541.13649400003,300006.67249400006,300006.672535,3125.069505572917,0.019719999999999998,293541.13649400003,29952.477954480266,89.59292574999999,68.05827368421052,21.072227547035965,0.3166596236352041,56,64,,False,False,Request timeout: 300.0s exceeded,299,21.16838264042747
388,2026-09-14T02:25:07.436+00:00,2026-09-14T02:30:01.159+00:00,2026-09-14T02:30:07.465+00:00,False,93,92.0,,92.0,293723.455021,300029.156909,300029.15696,3226.119967311828,0.047869999999999996,293723.455021,30450.60266449363,88.513331,68.54023791304348,20.019859827192136,0.30663686472279744,56,64,,False,False,Request timeout: 300.0s exceeded,388,21.16838264042747
389,2026-09-14T02:25:09.911+00:00,2026-09-14T02:30:04.066+00:00,2026-09-14T02:30:09.991+00:00,False,88,87.0,,87.0,294155.186652,300079.814108,300079.814195,3409.9978885795454,0.018940000000000002,294155.186652,31349.796060510555,89.75108185,68.09916616091955,21.368974365515836,0.28992286688330304,56,64,,False,False,Request timeout: 300.0s exceeded,377,21.16838264042747
390,2026-09-14T02:25:13.443+00:00,2026-09-14T02:30:07.379+00:00,2026-09-14T02:30:13.459+00:00,False,90,89.0,,89.0,293936.773085,300015.997917,300015.997712,3333.5110856888887,0.02467,293936.773085,30976.462670212506,89.24025945,68.30589698876405,19.987638439238,0.29665084734788716,56,64,,False,False,Request timeout: 300.0s exceeded,365,21.16838264042747
391,2026-09-14T02:25:16.370+00:00,2026-09-14T02:30:10.238+00:00,2026-09-14T02:30:16.408+00:00,False,94,93.0,,93.0,293868.086612,300038.224468,300038.22432700003,3191.8960034787237,0.0264,293868.086612,30303.342214670738,87.822959,66.34556834408602,19.839321549188867,0.30996050641513756,56,64,,False,False,Request timeout: 300.0s exceeded,342,21.16838264042747
392,2026-09-14T02:25:20.080+00:00,2026-09-14T02:30:13.750+00:00,2026-09-14T02:30:20.122+00:00,False,96,95.0,,95.0,293669.82434399996,300042.48456799996,300042.48464199994,3125.4425483541663,0.028210000000000002,293669.82434399996,29965.71095669773,87.69978950000001,67.0806339368421,19.70091526092576,0.3166218281946993,56,64,,False,False,Request timeout: 300.0s exceeded,185,21.16838264042747
393,2026-09-14T02:25:23.007+00:00,2026-09-14T02:30:16.406+00:00,2026-09-14T02:30:23.042+00:00,False,97,96.0,,96.0,293399.703047,300035.288327,300035.28826999996,3093.1473017525773,0.05175,293399.703047,29783.214461763433,88.49931959999999,69.12068,19.426230775662734,0.31996236354495844,56,64,,False,False,Request timeout: 300.0s exceeded,128,21.16838264042747
394,2026-09-14T02:25:25.739+00:00,2026-09-14T02:30:19.270+00:00,2026-09-14T02:30:25.811+00:00,False,95,94.0,,94.0,293531.42396100005,300072.00584900007,300072.00582400005,3158.652692884211,0.02933,293531.42396100005,30108.55660391404,91.17819940000001,69.58065838297873,20.291211275938075,0.3132581452709786,56,64,,False,False,Request timeout: 300.0s exceeded,390,21.16838264042747
395,2026-09-14T02:25:29.420+00:00,2026-09-14T02:30:23.223+00:00,2026-09-14T02:30:29.440+00:00,False,98,97.0,,97.0,293803.196769,300019.981921,300019.98204499995,3061.4283882142854,0.0,293803.196769,29672.20282357713,93.83099565,64.09056857731959,65.8280691906018,0.3233117986972669,56,64,,False,False,Request timeout: 300.0s exceeded,449,21.16838264042747
396,2026-09-14T02:25:32.300+00:00,2026-09-14T02:30:26.235+00:00,2026-09-14T02:30:32.316+00:00,False,99,98.0,,98.0,293934.75131300004,300015.63476900005,300015.63465600007,3030.4609561212123,0.0,293934.75131300004,29535.388138523384,91.8976049,62.04983118367347,64.7966011147759,0.3266496430276244,56,64,,False,False,Request timeout: 300.0s exceeded,514,21.16838264042747
397,2026-09-14T02:25:34.992+00:00,2026-09-14T02:30:29.266+00:00,2026-09-14T02:30:35.037+00:00,False,87,86.0,,86.0,294274.52672799997,300044.77748,300044.77759699995,3448.7905470919536,0.02253,294274.52672799997,31542.354217172164,91.7703952,67.09593897674418,20.799763928600687,0.28662388568230446,56,64,,False,False,Request timeout: 300.0s exceeded,282,21.16838264042747
398,2026-09-14T02:25:38.501+00:00,2026-09-14T02:30:32.096+00:00,2026-09-14T02:30:38.548+00:00,False,95,94.0,,94.0,293594.441486,300046.888974,300046.889004,3158.388305305263,0.018850000000000002,293594.441486,30115.118600806327,90.2845873,68.64305838297872,20.796521934864348,0.3132843680580384,56,64,,False,False,Request timeout: 300.0s exceeded,498,21.16838264042747
399,2026-09-14T02:25:42.568+00:00,2026-09-14T02:30:35.938+00:00,2026-09-14T02:30:42.657+00:00,False,102,101.0,,101.0,293369.713064,300088.842664,300088.84269,2942.0474773529413,0.03598,293369.713064,29041.350410140258,89.61656200000002,66.52603564356436,20.851972328113664,0.3365669949718408,56,64,,False,False,Request timeout: 300.0s exceeded,443,21.16838264042747
400,2026-09-14T02:25:45.132+00:00,2026-09-14T02:30:38.366+00:00,2026-09-14T02:30:45.165+00:00,False,104,103.0,,103.0,293234.544551,300033.310375,300033.310149,2884.935674509615,0.059090000000000004,293234.544551,28747.547523931582,89.92656094999998,66.00743518446602,20.590044798270082,0.34329521569209864,56,64,,False,False,Request timeout: 300.0s exceeded,477,21.16838264042747
401,2026-09-14T02:25:48.213+00:00,2026-09-14T02:30:41.861+00:00,2026-09-14T02:30:48.282+00:00,False,96,95.0,,95.0,293647.14989999996,300068.88455599995,300068.88460399996,3125.717547958333,0.03731,293647.14989999996,29963.344335817987,88.6151555,67.59720690526315,20.159546173878827,0.3165939718827153,56,64,,False,False,Request timeout: 300.0s exceeded,431,21.16838264042747
402,2026-09-14T02:25:51.314+00:00,2026-09-14T02:30:44.865+00:00,2026-09-14T02:30:51.703+00:00,False,101,100.0,,100.0,293551.08852600004,300388.37851,300388.37859300006,2974.142362306931,0.01758,293551.08852600004,29202.629204329136,88.466944,68.37289984,21.078594352255564,0.3329023595920206,56,64,,False,False,Request timeout: 300.0s exceeded,478,21.16838264042747
403,2026-09-14T02:25:55.039+00:00,2026-09-14T02:30:48.795+00:00,2026-09-14T02:30:55.052+00:00,False,95,94.0,,94.0,293756.15737800003,300012.62048200006,300012.62052000005,3158.027584421053,0.018609999999999998,293756.15737800003,30131.923969728177,88.57574570000001,66.55811812765957,20.445169242061713,0.31332015249551726,56,64,,False,False,Request timeout: 300.0s exceeded,324,21.16838264042747
404,2026-09-14T02:25:58.754+00:00,2026-09-14T02:30:52.933+00:00,2026-09-14T02:30:58.834+00:00,False,85,84.0,,84.0,294178.35158099997,300080.104413,300080.104242,3530.354167552941,0.061829,294178.35158099997,31900.507360423424,87.89293099999999,70.25896228571429,19.30238233777485,0.27992525583899047,56,64,,False,False,Request timeout: 300.0s exceeded,336,21.16838264042747
405,2026-09-14T02:26:02.057+00:00,2026-09-14T02:30:55.222+00:00,2026-09-14T02:31:02.091+00:00,False,101,100.0,,100.0,293165.120384,300034.566784,300034.566633,2970.6392735940594,0.01799,293165.120384,29164.191201155834,89.002092,68.694464,20.001539058934846,0.3332949302204625,56,64,,False,False,Request timeout: 300.0s exceeded,388,21.16838264042747
406,2026-09-14T02:26:05.659+00:00,2026-09-14T02:30:59.181+00:00,2026-09-14T02:31:05.734+00:00,False,97,96.0,,96.0,293522.07838300004,300075.169455,300075.16932900005,3093.558446690722,0.035189,293522.07838300004,29795.727889279493,89.57106279999999,68.26136533333333,20.697550914832487,0.31991983933344537,56,64,,False,False,Request timeout: 300.0s exceeded,471,21.16838264042747
407,2026-09-14T02:26:08.254+00:00,2026-09-14T02:31:01.699+00:00,2026-09-14T02:31:08.320+00:00,False,99,98.0,,98.0,293444.842489,300066.135033,300066.134972,3030.9710603232325,0.11134000000000001,293444.842489,29485.533468126047,90.18449580000001,67.56420963265306,21.261204955847518,0.32659466883599636,56,64,,False,False,Request timeout: 300.0s exceeded,479,21.16838264042747
408,2026-09-14T02:26:11.150+00:00,2026-09-14T02:31:04.820+00:00,2026-09-14T02:31:11.182+00:00,False,96,95.0,,95.0,293669.39462800004,300031.35430800007,300031.35417800007,3125.326606020834,0.01791,293669.39462800004,29965.67969771404,89.23126175000002,66.96799663157894,21.32844942698553,0.31663357391133473,56,64,,False,False,Request timeout: 300.0s exceeded,406,21.16838264042747
409,2026-09-14T02:26:14.195+00:00,2026-09-14T02:31:07.908+00:00,2026-09-14T02:31:14.230+00:00,False,95,94.0,,94.0,293712.94080000004,300035.182848,300035.18293400004,3158.2650835157897,0.02802,293712.94080000004,30127.41816534216,89.607799,67.25789412765957,20.321895448754162,0.31329659111218655,56,64,,False,False,Request timeout: 300.0s exceeded,390,21.16838264042747
410,2026-09-14T02:26:16.894+00:00,2026-09-14T02:31:10.654+00:00,2026-09-14T02:31:16.920+00:00,False,96,95.0,,95.0,293760.951781,300026.048741,300026.048736,3125.271341,0.026940000000000002,293760.951781,29975.127558468776,88.84930274999999,65.94838905263158,20.290774102236295,0.3166391731606263,56,64,,False,False,Request timeout: 300.0s exceeded,168,21.16838264042747
411,2026-09-14T02:26:19.514+00:00,2026-09-14T02:31:12.852+00:00,2026-09-14T02:31:19.554+00:00,False,104,103.0,,103.0,293338.088998,300040.048166,300040.04833,2885.000464711539,0.047740000000000005,293338.088998,28757.792408755642,87.9677773,65.06756473786407,19.663063274580892,0.34328750654983986,56,64,,False,False,Request timeout: 300.0s exceeded,497,21.16838264042747
412,2026-09-14T02:26:23.022+00:00,2026-09-14T02:31:16.618+00:00,2026-09-14T02:31:23.065+00:00,False,106,105.0,,105.0,293596.791175,300043.014023,300043.01408700005,2830.5944725188683,0.0,293596.791175,28510.754349839877,89.52062600000001,61.392598552380946,66.1791204383074,0.3499498241673814,56,64,,False,False,Request timeout: 300.0s exceeded,399,21.16838264042747
413,2026-09-14T02:26:26.625+00:00,2026-09-14T02:31:20.691+00:00,2026-09-14T02:31:26.706+00:00,False,91,90.0,,90.0,294066.401167,300081.61806300003,300081.618129,3297.6001992197803,0.0,294066.401167,30819.60977959725,93.5189825,66.83574328888889,71.11503212490193,0.2999184041359879,56,64,,False,False,Request timeout: 300.0s exceeded,404,21.16838264042747
414,2026-09-14T02:26:28.888+00:00,2026-09-14T02:31:23.063+00:00,2026-09-14T02:31:28.911+00:00,False,83,82.0,,82.0,294175.33876099996,300022.71463299997,300022.714697,3614.7315023734936,0.03147,294175.33876099996,32282.11703056234,88.3749821,71.30946185365855,19.628588608235653,0.2733126393456767,56,64,,False,False,Request timeout: 300.0s exceeded,154,21.16838264042747
415,2026-09-14T02:26:31.883+00:00,2026-09-14T02:31:25.695+00:00,2026-09-14T02:31:31.968+00:00,False,91,90.0,,90.0,293812.191911,300084.879783,300084.87984,3297.636042197802,0.03543,293812.191911,30792.586262010434,88.56514349999999,69.69653191111112,19.13836245356147,0.2999151442254658,56,64,,False,False,Request timeout: 300.0s exceeded,400,21.16838264042747
416,2026-09-14T02:26:35.352+00:00,2026-09-14T02:31:28.998+00:00,2026-09-14T02:31:35.431+00:00,False,92,91.0,,91.0,293645.758746,300078.710554,300078.710626,3261.7251155,0.047619999999999996,293645.758746,30607.32222899291,87.93559755,70.69177810989011,18.77275120146044,0.30325376909277374,56,64,,False,False,Request timeout: 300.0s exceeded,232,21.16838264042747
417,2026-09-14T02:26:38.598+00:00,2026-09-14T02:31:32.222+00:00,2026-09-14T02:31:38.604+00:00,False,92,91.0,,91.0,293624.600124,300006.5767,300006.576681,3260.941050880435,0.018599,293624.600124,30605.175244187983,88.00388349999999,70.13161072527473,19.66169217886374,0.30332668370466426,56,64,,False,False,Request timeout: 300.0s exceeded,314,21.16838264042747
418,2026-09-14T02:26:41.803+00:00,2026-09-14T02:31:34.906+00:00,2026-09-14T02:31:41.853+00:00,False,105,104.0,,104.0,293103.329937,300050.246033,300050.245932,2857.6213898285714,0.030359999999999998,293103.329937,28597.44476800286,88.74118899999999,66.79727015384616,20.68265216925729,0.34660861430709144,56,64,,False,False,Request timeout: 300.0s exceeded,529,21.16838264042747
419,2026-09-14T02:26:44.622+00:00,2026-09-14T02:31:37.877+00:00,2026-09-14T02:31:44.688+00:00,False,104,103.0,,103.0,293255.28480900003,300066.01760900003,300066.017814,2885.250171288462,0.031030000000000002,293255.28480900003,28749.569764864642,88.85717564999999,66.12361941747574,20.42731134784976,0.3432577964700214,56,64,,False,False,Request timeout: 300.0s exceeded,499,21.16838264042747
420,2026-09-14T02:26:47.095+00:00,2026-09-14T02:31:40.597+00:00,2026-09-14T02:31:47.101+00:00,False,100,99.0,,99.0,293501.657102,300005.896718,300005.896874,3000.05896874,0.040920000000000005,293501.657102,29343.602666289433,87.88312745000002,65.69939006060606,20.218622745328968,0.32999351373769215,56,64,,False,False,Request timeout: 300.0s exceeded,324,21.16838264042747
421,2026-09-14T02:26:50.190+00:00,2026-09-14T02:31:43.702+00:00,2026-09-14T02:31:50.244+00:00,False,101,100.0,,100.0,293512.24062199995,300053.87415799993,300053.87417499995,2970.830437376237,0.019969999999999998,293512.24062199995,29199.05728071832,88.024684,65.41633536,20.217461784488005,0.3332734839055696,56,64,,False,False,Request timeout: 300.0s exceeded,355,21.16838264042747
422,2026-09-14T02:26:53.378+00:00,2026-09-14T02:31:47.757+00:00,2026-09-14T02:31:53.443+00:00,False,86,85.0,,85.0,294378.803139,300065.11251500004,300065.112465,3489.1292147093027,0.019399999999999997,294378.803139,31736.475248234674,88.155986,66.89775736470588,20.122178890510902,0.28327185152439505,56,64,,False,False,Request timeout: 300.0s exceeded,348,21.16838264042747
423,2026-09-14T02:26:57.438+00:00,2026-09-14T02:31:51.073+00:00,2026-09-14T02:31:57.490+00:00,False,99,98.0,,98.0,293635.05367299996,300052.39792899997,300052.39802599995,3030.832303292929,0.03207,293635.05367299996,29504.859255946903,89.62304380000002,65.48310465306123,20.82311303671154,0.32660962110754166,56,64,,False,False,Request timeout: 300.0s exceeded,440,21.16838264042747
424,2026-09-14T02:27:01.066+00:00,2026-09-14T02:31:54.617+00:00,2026-09-14T02:32:01.151+00:00,False,98,97.0,,97.0,293550.181557,300084.600245,300084.60030299996,3062.087758193877,0.019489999999999997,293550.181557,29646.248747088885,89.39927,67.36514111340207,21.01088536332746,0.3232421787749377,56,64,,False,False,Request timeout: 300.0s exceeded,453,21.16838264042747
425,2026-09-14T02:27:03.447+00:00,2026-09-14T02:31:57.161+00:00,2026-09-14T02:32:05.680+00:00,False,88,87.0,,87.0,293713.42241500004,302232.335183,302232.335251,3434.4583551250003,0.033269,293713.42241500004,31300.807978562283,89.88952635,97.91853756321838,285.8315475840471,0.287858014753193,56,64,,False,False,Request timeout: 300.0s exceeded,215,21.16838264042747
426,2026-09-14T02:27:05.803+00:00,2026-09-14T02:31:59.287+00:00,2026-09-14T02:32:05.854+00:00,False,109,108.0,,108.0,293484.88665,300050.96665,300050.966719,2752.7611625596332,0.01494,293484.88665,28106.028233597677,90.39050780000001,60.797037037037036,249.553804208467,0.3599388504086327,56,64,,False,False,Request timeout: 300.0s exceeded,565,21.16838264042747
427,2026-09-14T02:27:08.884+00:00,2026-09-14T02:32:02.812+00:00,2026-09-14T02:32:08.916+00:00,False,103,102.0,,102.0,293927.920828,300032.291004,300032.291191,2912.934865932039,0.01577,293927.920828,28956.873996359365,89.1111773,59.846766431372544,264.0660928137287,0.3399634074674987,56,64,,False,False,Request timeout: 300.0s exceeded,526,21.16838264042747
428,2026-09-14T02:27:11.883+00:00,2026-09-14T02:32:06.860+00:00,2026-09-14T02:32:11.897+00:00,False,76,75.0,,75.0,294977.58042400004,300013.96800800005,300013.96811200003,3947.5522120000005,0.055999,294977.58042400004,33828.55176528354,87.93650925,67.15183445333334,19.534510748739947,0.24998836053526707,56,64,,False,False,Request timeout: 300.0s exceeded,218,21.16838264042747
429,2026-09-14T02:27:14.581+00:00,2026-09-14T02:32:08.499+00:00,2026-09-14T02:32:14.622+00:00,False,93,92.0,,92.0,293918.313844,300040.822644,300040.82262,3226.245404516129,0.030100000000000002,293918.313844,30471.01459624629,88.18271799999998,66.54900869565218,19.29344657584608,0.3066249425304319,56,64,,False,False,Request timeout: 300.0s exceeded,362,21.16838264042747
430,2026-09-14T02:27:17.436+00:00,2026-09-14T02:32:11.373+00:00,2026-09-14T02:32:17.459+00:00,False,94,93.0,,93.0,293936.671258,300022.546714,300022.546671,3191.7292199042554,0.0,293936.671258,30310.57486956228,87.54344614999998,65.43952103225806,66.26787298565583,0.3099767034797333,56,64,,False,False,Request timeout: 300.0s exceeded,382,21.16838264042747
431,2026-09-14T02:27:19.832+00:00,2026-09-14T02:32:13.584+00:00,2026-09-14T02:32:19.914+00:00,False,97,96.0,,96.0,293752.838739,300082.50197100005,300082.501897,3093.634040175258,0.0,293752.838739,29819.458456368753,87.3419898,65.933992,65.50920421078366,0.3199120220921026,56,64,,False,False,Request timeout: 300.0s exceeded,240,21.16838264042747
432,2026-09-14T02:27:22.898+00:00,2026-09-14T02:32:15.899+00:00,2026-09-14T02:32:22.964+00:00,False,106,105.0,,105.0,293001.107789,300065.468749,300065.468986,2830.806311188679,0.0,293001.107789,28452.317131304128,89.80664525,67.27962819047619,62.75217460001542,0.34992363645758534,56,64,,False,False,Request timeout: 300.0s exceeded,345,21.16838264042747
433,2026-09-14T02:27:26.747+00:00,2026-09-14T02:32:20.534+00:00,2026-09-14T02:32:26.829+00:00,False,91,90.0,,90.0,293786.475245,300082.313709,300082.313805,3297.6078440109886,0.01853,293786.475245,30789.864147961445,90.77725349999999,69.95376071111112,20.22898583100435,0.29991770886996044,56,64,,False,False,Request timeout: 300.0s exceeded,479,21.16838264042747
434,2026-09-14T02:27:29.523+00:00,2026-09-14T02:32:23.479+00:00,2026-09-14T02:32:29.559+00:00,False,86,85.0,,85.0,293955.831361,300035.885889,300035.885866,3488.789370534884,0.02572,293955.831361,31690.3653656491,90.40091675,71.53005327058824,19.867826908364876,0.28329944515852423,56,64,,False,False,Request timeout: 300.0s exceeded,190,21.16838264042747
435,2026-09-14T02:27:32.313+00:00,2026-09-14T02:32:25.897+00:00,2026-09-14T02:32:32.367+00:00,False,91,90.0,,90.0,293584.416857,300053.788761,300053.788841,3297.2943828681314,0.08929999999999999,293584.416857,30768.480459538034,91.16138299999999,71.88191004444444,20.084475737536714,0.2999462208813739,56,64,,False,False,Request timeout: 300.0s exceeded,330,21.16838264042747
436,2026-09-14T02:27:34.527+00:00,2026-09-14T02:32:28.173+00:00,2026-09-14T02:32:34.610+00:00,False,94,93.0,,93.0,293645.244111,300082.21691099997,300082.21692499996,3192.3640098404253,0.01715,293645.244111,30280.062250155504,89.4901513,69.21476129032258,20.468680145492215,0.30991506580205797,56,64,,False,False,Request timeout: 300.0s exceeded,427,21.16838264042747
437,2026-09-14T02:27:38.042+00:00,2026-09-14T02:32:32.033+00:00,2026-09-14T02:32:38.085+00:00,False,86,85.0,,85.0,293990.607996,300042.594428,300042.594596,3488.8673790232556,0.047049999999999995,293990.607996,31694.150906684117,90.09498975000001,71.19984037647059,19.662150675945337,0.28329311097327253,56,64,,False,False,Request timeout: 300.0s exceeded,403,21.16838264042747
438,2026-09-14T02:27:41.755+00:00,2026-09-14T02:32:35.536+00:00,2026-09-14T02:32:41.807+00:00,False,94,93.0,,93.0,293781.61172399996,300052.06599599996,300052.06597299996,3192.0432550319147,0.021079999999999998,293781.61172399996,30294.31219226424,89.3164988,67.42423948387096,20.50116042774052,0.3099462078066138,56,64,,False,False,Request timeout: 300.0s exceeded,447,21.16838264042747
439,2026-09-14T02:27:45.029+00:00,2026-09-14T02:32:38.554+00:00,2026-09-14T02:32:45.062+00:00,False,101,100.0,,100.0,293525.326772,300033.104052,300033.10429,2970.624794950495,0.018850000000000002,293525.326772,29200.39335900365,89.373151,65.07777279999999,20.60760278106521,0.33329655511169387,56,64,,False,False,Request timeout: 300.0s exceeded,552,21.16838264042747
440,2026-09-14T02:27:48.453+00:00,2026-09-14T02:32:41.966+00:00,2026-09-14T02:32:48.480+00:00,False,96,95.0,,95.0,293513.279093,300026.93566899997,300026.935529,3125.280578427083,0.02059,293513.279093,29949.582782615857,90.895993,68.5648060631579,20.650120367793463,0.31663823712417366,56,64,,False,False,Request timeout: 300.0s exceeded,466,21.16838264042747
441,2026-09-14T02:27:51.878+00:00,2026-09-14T02:32:45.404+00:00,2026-09-14T02:32:51.951+00:00,False,94,93.0,,93.0,293525.986153,300073.853289,300073.853366,3192.2750358085104,0.048859,293525.986153,30267.63781168406,89.95893465,70.40717350537633,19.021163560267443,0.3099237037171381,56,64,,False,False,Request timeout: 300.0s exceeded,413,21.16838264042747
442,2026-09-14T02:27:55.247+00:00,2026-09-14T02:32:48.559+00:00,2026-09-14T02:32:55.306+00:00,False,100,99.0,,99.0,293312.819479,300059.559447,300059.559583,3000.59559583,0.03885,293312.819479,29324.473486018687,87.9096499,68.14888856565658,19.513836902389283,0.3299344976125866,56,64,,False,False,Request timeout: 300.0s exceeded,483,21.16838264042747
443,2026-09-14T02:27:58.591+00:00,2026-09-14T02:32:52.599+00:00,2026-09-14T02:32:58.617+00:00,False,88,87.0,,87.0,294007.960008,300026.313672,300026.313849,3409.389930102273,0.08323,294007.960008,31333.985212277068,87.9610089,69.17647889655173,18.852009590232633,0.28997456568130103,56,64,,False,False,Request timeout: 300.0s exceeded,404,21.16838264042747
444,2026-09-14T02:28:02.094+00:00,2026-09-14T02:32:55.714+00:00,2026-09-14T02:33:02.118+00:00,False,96,95.0,,95.0,293620.073133,300023.970221,300023.97012,3125.24968875,0.048919,293620.073133,29960.59960225996,87.80438475000001,67.40944303157895,19.569725160095718,0.31664136678820115,56,64,,False,False,Request timeout: 300.0s exceeded,400,21.16838264042747
445,2026-09-14T02:28:05.871+00:00,2026-09-14T02:32:59.295+00:00,2026-09-14T02:33:05.917+00:00,False,98,97.0,,97.0,293423.737945,300045.624921,300045.624812,3061.690049102041,0.01769,293423.737945,29633.38423748296,88.2581785,68.26687604123711,20.002899984060182,0.32328416728469034,56,64,,False,False,Request timeout: 300.0s exceeded,367,21.16838264042747
446,2026-09-14T02:28:09.541+00:00,2026-09-14T02:33:03.252+00:00,2026-09-14T02:33:09.581+00:00,False,97,96.0,,96.0,293711.17120499996,300039.86854899995,300039.868401,3093.194519597938,0.0192,293711.17120499996,29815.16509865607,88.8524826,65.92393066666666,21.294901663641586,0.3199574791985422,56,64,,False,False,Request timeout: 300.0s exceeded,367,21.16838264042747
447,2026-09-14T02:28:14.624+00:00,2026-09-14T02:33:08.806+00:00,2026-09-14T02:33:14.837+00:00,False,104,103.0,,103.0,294181.433042,300213.15861,300213.158625,2886.664986778846,0.0,294181.433042,28841.196191649542,91.754113,58.56044240776699,66.39278849965191,0.34308955835545146,56,64,,False,False,Request timeout: 300.0s exceeded,494,21.16838264042747
448,2026-09-14T02:28:15.039+00:00,2026-09-14T02:33:09.233+00:00,2026-09-14T02:33:15.063+00:00,True,100,100.0,,100.0,294193.39381800004,300024.24361000006,300024.24346500007,3000.24243465,0.0,294193.39381800004,29413.525504241632,90.9537449,58.89747264646465,67.14699179483692,0.3333063981655745,56,64,,False,True,,214,21.16838264042747
449,2026-09-14T02:28:19.063+00:00,2026-09-14T02:33:12.936+00:00,2026-09-14T02:33:19.084+00:00,False,102,101.0,,101.0,293873.51549699996,300020.58237699996,300020.582396,2941.3782587843134,0.03893,293873.51549699996,29091.79570185259,89.94911809999999,60.86204831683168,21.697397538578688,0.3366435702504083,56,64,,False,False,Request timeout: 300.0s exceeded,148,21.16838264042747
450,2026-09-14T02:28:22.909+00:00,2026-09-14T02:33:16.152+00:00,2026-09-14T02:33:22.947+00:00,False,100,99.0,,99.0,293243.49238999997,300038.76407,300038.763972,3000.3876397199997,0.0361,293243.49238999997,29317.492123687334,89.40654995000001,68.63910787878787,20.062698362099653,0.32995736503201634,56,64,,False,False,Request timeout: 300.0s exceeded,470,21.16838264042747
451,2026-09-14T02:28:26.375+00:00,2026-09-14T02:33:20.104+00:00,2026-09-14T02:33:26.411+00:00,False,91,90.0,,90.0,293728.977739,300036.507979,300036.50807,3297.104484285714,0.01618,293728.977739,30783.823107139786,90.92640800000001,70.08366933333333,20.155563322566312,0.29996349646323456,56,64,,False,False,Request timeout: 300.0s exceeded,429,21.16838264042747
452,2026-09-14T02:28:28.901+00:00,2026-09-14T02:33:22.696+00:00,2026-09-14T02:33:28.946+00:00,False,92,91.0,,91.0,293794.795612,300044.228956,300044.22903499997,3261.350315597826,0.016649999999999998,293794.795612,30623.071086812168,88.71718555,68.6750916923077,19.483785585488977,0.3032886195366374,56,64,,False,False,Request timeout: 300.0s exceeded,413,21.16838264042747
453,2026-09-14T02:28:32.672+00:00,2026-09-14T02:33:26.327+00:00,2026-09-14T02:33:32.763+00:00,False,99,98.0,,98.0,293655.203241,300090.461353,300090.461512,3031.216782949495,0.04069,293655.203241,29506.865368605806,86.65261290000001,65.66589910204083,19.91116136347729,0.3265681939977473,56,64,,False,False,Request timeout: 300.0s exceeded,440,21.16838264042747
454,2026-09-14T02:28:35.742+00:00,2026-09-14T02:33:29.461+00:00,2026-09-14T02:33:35.766+00:00,False,97,96.0,,96.0,293719.033669,300023.69978100003,300023.69983500004,3093.0278333505157,0.037399999999999996,293719.033669,29815.987601490753,87.29382200000002,65.67360533333334,19.48366938931073,0.3199747222305253,56,64,,False,False,Request timeout: 300.0s exceeded,460,21.16838264042747
455,2026-09-14T02:28:38.920+00:00,2026-09-14T02:33:32.633+00:00,2026-09-14T02:33:38.984+00:00,False,100,99.0,,99.0,293713.73112300003,300064.33003500005,300064.33005100006,3000.6433005100002,0.02755,293713.73112300003,29364.96506734891,87.24457794999998,64.14746375757576,19.93968042565659,0.3299292521322093,56,64,,False,False,Request timeout: 300.0s exceeded,373,21.16838264042747
456,2026-09-14T02:28:42.128+00:00,2026-09-14T02:33:35.719+00:00,2026-09-14T02:33:42.148+00:00,False,102,101.0,,101.0,293590.655936,300020.385728,300020.385857,2941.3763319313725,0.0443,293590.655936,29063.510727228782,88.069945,63.66069100990099,20.862165822780028,0.3366437909041525,56,64,,False,False,Request timeout: 300.0s exceeded,429,21.16838264042747
457,2026-09-14T02:28:44.918+00:00,2026-09-14T02:33:38.982+00:00,2026-09-14T02:33:44.999+00:00,False,90,89.0,,89.0,294063.43183899997,300080.638879,300080.63895099994,3334.2293216777775,0.022659,294063.43183899997,30989.888198295324,90.91403245,67.60906786516854,21.606182956849537,0.2965869452040424,56,64,,False,False,Request timeout: 300.0s exceeded,284,21.16838264042747
458,2026-09-14T02:28:48.278+00:00,2026-09-14T02:33:42.235+00:00,2026-09-14T02:33:48.293+00:00,False,92,91.0,,91.0,293956.417708,300014.695596,300014.695563,3261.029299597826,0.019129999999999998,293956.417708,30640.140760989427,87.1799335,66.57448228571428,20.11818559674759,0.30331847518076466,56,64,,False,False,Request timeout: 300.0s exceeded,388,21.16838264042747
459,2026-09-14T02:28:50.725+00:00,2026-09-14T02:33:44.458+00:00,2026-09-14T02:33:50.745+00:00,False,98,97.0,,97.0,293732.97545200004,300019.10998000007,300019.109996,3061.4194897551024,0.03048,293732.97545200004,29664.971810953874,86.01427450000001,64.80551059793814,20.336598599356744,0.32331273833345564,56,64,,False,False,Request timeout: 300.0s exceeded,531,21.16838264042747
460,2026-09-14T02:28:53.739+00:00,2026-09-14T02:33:47.455+00:00,2026-09-14T02:33:53.786+00:00,False,101,100.0,,100.0,293716.44066900003,300046.981213,300046.98120000004,2970.7621900990102,0.035689,293716.44066900003,29219.58571386974,84.606421,63.305405439999994,19.817156369502882,0.3332811401592176,56,64,,False,False,Request timeout: 300.0s exceeded,416,21.16838264042747
461,2026-09-14T02:28:56.405+00:00,2026-09-14T02:33:50.280+00:00,2026-09-14T02:33:56.435+00:00,False,93,92.0,,92.0,293875.306756,300029.923332,300029.92330799997,3226.1282076129028,0.02632,293875.306756,30466.51890003806,86.6236752,66.89800626086956,19.483368213473078,0.3066360814224414,56,64,,False,False,Request timeout: 300.0s exceeded,462,21.16838264042747
462,2026-09-14T02:28:58.816+00:00,2026-09-14T02:33:52.320+00:00,2026-09-14T02:33:58.852+00:00,False,98,97.0,,97.0,293503.476942,300035.543502,300035.543578,3061.587179367347,0.02216,293503.476942,29641.532257879702,88.17843035,67.34089237113403,19.43930673578219,0.3232950298748635,56,64,,False,False,Request timeout: 300.0s exceeded,390,21.16838264042747
463,2026-09-14T02:29:02.313+00:00,2026-09-14T02:33:55.974+00:00,2026-09-14T02:34:02.328+00:00,False,95,94.0,,94.0,293661.338551,300015.348663,300015.348533,3158.0563003473685,0.026199999999999998,293661.338551,30122.088703377736,86.8006027,67.59585225531914,19.54195740312393,0.31331730332766383,56,64,,False,False,Request timeout: 300.0s exceeded,459,21.16838264042747
464,2026-09-14T02:29:05.184+00:00,2026-09-14T02:33:58.939+00:00,2026-09-14T02:34:05.200+00:00,False,93,92.0,,92.0,293755.11924699997,300016.30734299996,300016.30736399995,3225.9817996129027,0.04139,293755.11924699997,30453.936036882107,88.28697759999999,68.05639234782609,19.66819103790713,0.30664999784434743,56,64,,False,False,Request timeout: 300.0s exceeded,313,21.16838264042747
465,2026-09-14T02:29:08.562+00:00,2026-09-14T02:34:02.077+00:00,2026-09-14T02:34:08.621+00:00,False,102,101.0,,101.0,293515.089926,300058.992646,300058.992607,2941.754829480392,0.0,293515.089926,29055.983226505385,88.32119055,64.79111603960396,65.899666386564,0.336600476824091,56,64,,False,False,Request timeout: 300.0s exceeded,483,21.16838264042747
466,2026-09-14T02:29:12.045+00:00,2026-09-14T02:34:05.888+00:00,2026-09-14T02:34:12.098+00:00,False,99,98.0,,98.0,293843.021746,300052.80581,300052.805843,3030.8364226565654,0.0,293843.021746,29525.980107001065,90.5238858,63.365143510204085,28.57172961280021,0.3266091771261614,56,64,,False,False,Request timeout: 300.0s exceeded,480,21.16838264042747
467,2026-09-14T02:29:14.274+00:00,2026-09-14T02:34:08.062+00:00,2026-09-14T02:34:14.314+00:00,False,86,85.0,,85.0,293787.70157599996,300040.18157599994,300040.18150099996,3488.8393197790692,0.039649000000000004,293787.70157599996,31672.016883895874,90.53149074999999,73.55858823529412,20.121299779043117,0.2832953891493015,56,64,,False,False,Request timeout: 300.0s exceeded,194,21.16838264042747
468,2026-09-14T02:29:18.056+00:00,2026-09-14T02:34:11.669+00:00,2026-09-14T02:34:18.146+00:00,False,94,93.0,,93.0,293613.18889600004,300089.833248,300089.83324,3192.4450344680854,0.038299999999999994,293613.18889600004,30276.711495905485,89.17646915000002,69.64133711827958,19.68493694039273,0.30990720009878847,56,64,,False,False,Request timeout: 300.0s exceeded,375,21.16838264042747
469,2026-09-14T02:29:21.823+00:00,2026-09-14T02:34:15.314+00:00,2026-09-14T02:34:21.835+00:00,False,96,95.0,,95.0,293491.573246,300011.926782,300011.926668,3125.1242361249997,0.019149999999999997,293491.573246,29947.359581664867,88.5282935,68.63530037894736,19.65448375867954,0.31665407778614946,56,64,,False,False,Request timeout: 300.0s exceeded,488,21.16838264042747
470,2026-09-14T02:29:24.976+00:00,2026-09-14T02:34:18.787+00:00,2026-09-14T02:34:25.026+00:00,False,92,91.0,,91.0,293811.56330299994,300050.01040699997,300050.01036899997,3261.413156184782,0.03773,293811.56330299994,30624.832229479165,88.2325775,68.55436378021977,20.1148403486452,0.30328277568317336,56,64,,False,False,Request timeout: 300.0s exceeded,384,21.16838264042747
471,2026-09-14T02:29:28.906+00:00,2026-09-14T02:34:22.782+00:00,2026-09-14T02:34:28.981+00:00,False,88,87.0,,87.0,293876.1947,300074.69838,300074.698401,3409.939754556818,0.02364,293876.1947,31319.718924997338,90.154748,71.24716873563219,19.954667615822906,0.2899278095410344,56,64,,False,False,Request timeout: 300.0s exceeded,260,21.16838264042747
472,2026-09-14T02:29:32.898+00:00,2026-09-14T02:34:26.431+00:00,2026-09-14T02:34:33.139+00:00,False,98,97.0,,97.0,293533.581267,300241.270227,300241.270293,3063.6864315612247,0.01785,293533.581267,29644.390470337148,88.7682365,69.1514325773196,19.606806378770145,0.3230735066057452,56,64,,False,False,Request timeout: 300.0s exceeded,374,21.16838264042747
473,2026-09-14T02:29:35.527+00:00,2026-09-14T02:34:29.195+00:00,2026-09-14T02:34:35.543+00:00,False,96,95.0,,95.0,293667.620106,300016.00129,300016.00131099997,3125.1666803229164,0.037469999999999996,293667.620106,29965.51242587723,87.44918299999999,66.82506509473684,20.238216474234232,0.3166497773169491,56,64,,False,False,Request timeout: 300.0s exceeded,403,21.16838264042747
474,2026-09-14T02:29:38.372+00:00,2026-09-14T02:34:31.927+00:00,2026-09-14T02:34:38.406+00:00,False,96,95.0,,95.0,293554.76011699997,300034.115253,300034.115306,3125.355367770833,0.039299999999999995,293554.76011699997,29953.852798726737,88.177659,68.20373827368421,19.944212387504525,0.31663066021639724,56,64,,False,False,Request timeout: 300.0s exceeded,508,21.16838264042747
475,2026-09-14T02:29:42.130+00:00,2026-09-14T02:34:35.879+00:00,2026-09-14T02:34:42.138+00:00,False,91,90.0,,90.0,293748.402903,300007.775959,300007.776205,3296.7887495054947,0.02106,293748.402903,30785.914954976983,87.58891,69.5485895111111,19.281495608562725,0.29999222424254657,56,64,,False,False,Request timeout: 300.0s exceeded,368,21.16838264042747
476,2026-09-14T02:29:45.254+00:00,2026-09-14T02:34:39.306+00:00,2026-09-14T02:34:45.278+00:00,False,88,87.0,,87.0,294052.715274,300024.569098,300024.569093,3409.3701033295456,0.02632,294052.715274,31338.813696872,88.41285135,68.64199797701148,19.80655573239588,0.2899762518168381,56,64,,False,False,Request timeout: 300.0s exceeded,476,21.16838264042747
477,2026-09-14T02:29:48.470+00:00,2026-09-14T02:34:42.598+00:00,2026-09-14T02:34:48.492+00:00,False,92,91.0,,91.0,294127.984148,300022.130964,300022.130821,3261.1101176195652,0.03816,294127.984148,30658.215173573004,86.8106976,64.77084413186813,19.06795333630839,0.30331095812035014,56,64,,False,False,Request timeout: 300.0s exceeded,338,21.16838264042747
478,2026-09-14T02:29:50.835+00:00,2026-09-14T02:34:44.865+00:00,2026-09-14T02:34:50.867+00:00,False,93,92.0,,92.0,294029.962557,300032.27935699996,300032.279291,3226.1535407634406,0.02199,294029.962557,30482.728256482944,88.55359700000001,65.24257391304347,20.470448372186183,0.30663367354061194,56,64,,False,False,Request timeout: 300.0s exceeded,349,21.16838264042747
479,2026-09-14T02:29:54.088+00:00,2026-09-14T02:34:48.105+00:00,2026-09-14T02:34:54.149+00:00,False,92,91.0,,91.0,294016.644278,300060.69727,300060.69723499997,3261.529317771739,0.01871,294016.644278,30646.43582430694,87.00864145,66.41816474725275,19.671895386097653,0.30327197406368944,56,64,,True,False,Request timeout: 300.0s exceeded,338,21.16838264042747
480,2026-09-14T02:29:57.222+00:00,2026-09-14T02:34:50.270+00:00,2026-09-14T02:34:57.272+00:00,False,104,103.0,,103.0,293048.145704,300050.45559200004,300050.45563000004,2885.1005349038464,0.03607,293048.145704,28729.075101647973,88.08044515,67.98359114563108,19.522615141805638,0.3432755994213734,56,64,,True,False,Request timeout: 300.0s exceeded,632,21.16838264042747
481,2026-09-14T02:29:59.927+00:00,2026-09-14T02:34:53.525+00:00,2026-09-14T02:34:59.962+00:00,False,96,95.0,,95.0,293598.598506,300035.220074,300035.219995,3125.3668749479166,0.02203,293598.598506,29958.372909930484,88.77704775000001,67.75391124210526,19.890907339236684,0.31662949428593556,56,64,,True,False,Request timeout: 300.0s exceeded,447,21.16838264042747
482,2026-09-14T02:30:03.653+00:00,2026-09-14T02:34:57.186+00:00,2026-09-14T02:35:03.730+00:00,False,101,100.0,,100.0,293533.448157,300077.869789,300077.869778,2971.0680176039605,0.02222,293533.448157,29201.164374419714,87.01131600000001,65.44421632,19.684983857999285,0.3332468337978908,56,64,,True,False,Request timeout: 300.0s exceeded,467,21.16838264042747
483,2026-09-14T02:30:07.519+00:00,2026-09-14T02:35:01.263+00:00,2026-09-14T02:35:07.587+00:00,False,93,92.0,,92.0,293743.976967,300068.826631,300068.826622,3226.5465228172043,0.02218,293743.976967,30452.708874951066,87.687601,68.74836591304349,19.656767472598624,0.3065963266925226,56,64,,True,False,Request timeout: 300.0s exceeded,409,21.16838264042747
484,2026-09-14T02:30:10.991+00:00,2026-09-14T02:35:04.686+00:00,2026-09-14T02:35:11.025+00:00,False,94,93.0,,93.0,293694.87461400003,300034.01343000005,300034.01326900005,3191.851204989362,0.037450000000000004,293694.87461400003,30285.289486931044,90.02850029999999,68.16278296774193,20.07446294237942,0.3099648567734722,56,64,,True,False,Request timeout: 300.0s exceeded,447,21.16838264042747
485,2026-09-14T02:30:13.858+00:00,2026-09-14T02:35:07.282+00:00,2026-09-14T02:35:13.891+00:00,False,101,100.0,,100.0,293424.719557,300033.582533,300033.58268199995,2970.62953150495,0.0456,293424.719557,29190.28218007093,90.32914999999998,66.08862976,20.884129477248358,0.33329602358429744,56,64,,True,False,Request timeout: 300.0s exceeded,234,21.16838264042747
486,2026-09-14T02:30:16.572+00:00,2026-09-14T02:35:10.171+00:00,2026-09-14T02:35:16.643+00:00,False,97,96.0,,96.0,293599.081702,300071.301862,300071.301785,3093.5185751030926,0.02047,293599.081702,29803.631946148707,89.43537979999999,67.41896,20.731054903067413,0.3199239627525244,56,64,,True,False,Request timeout: 300.0s exceeded,188,21.16838264042747
487,2026-09-14T02:30:19.684+00:00,2026-09-14T02:35:13.185+00:00,2026-09-14T02:35:19.728+00:00,False,99,98.0,,98.0,293501.480621,300044.423341,300044.423177,3030.751749262626,0.024489999999999998,293501.480621,29491.305321592936,89.32711490000001,66.76472163265306,20.04478238659527,0.3266183017460157,56,64,,True,False,Request timeout: 300.0s exceeded,368,21.16838264042747
488,2026-09-14T02:30:22.423+00:00,2026-09-14T02:35:16.040+00:00,2026-09-14T02:35:22.472+00:00,False,92,91.0,,91.0,293617.12958,300049.21278,300049.212659,3261.4044854239132,0.02574,293617.12958,30604.33889455068,89.91549749999999,70.68223296703297,19.526581980026354,0.30328358190602017,56,64,,True,False,Request timeout: 300.0s exceeded,476,21.16838264042747
489,2026-09-14T02:30:25.580+00:00,2026-09-14T02:35:19.139+00:00,2026-09-14T02:35:25.645+00:00,False,95,94.0,,94.0,293558.201097,300064.23834499996,300064.238411,3158.570930642105,0.020299,293558.201097,30111.341090038535,87.65374010000001,69.21316221276597,19.536745923512953,0.3132662543142617,56,64,,True,False,Request timeout: 300.0s exceeded,467,21.16838264042747
490,2026-09-14T02:30:29.268+00:00,2026-09-14T02:35:22.800+00:00,2026-09-14T02:35:29.316+00:00,False,97,96.0,,96.0,293532.10594700003,300048.39573900006,300048.39565900003,3093.2824294742272,0.02776,293532.10594700003,29796.78575492531,88.873552,67.87801866666668,21.8277728614755,0.3199483862046925,56,64,,True,False,Request timeout: 300.0s exceeded,434,21.16838264042747
491,2026-09-14T02:30:32.274+00:00,2026-09-14T02:35:25.883+00:00,2026-09-14T02:35:32.302+00:00,False,94,93.0,,93.0,293609.43895700003,300027.98871700006,300027.98875500006,3191.787114414894,0.0257,293609.43895700003,30276.38888492721,88.67532750000001,69.0166640860215,19.269444954218216,0.3099710810237834,56,64,,True,False,Request timeout: 300.0s exceeded,366,21.16838264042747
492,2026-09-14T02:30:34.759+00:00,2026-09-14T02:35:28.333+00:00,2026-09-14T02:35:34.796+00:00,False,97,96.0,,96.0,293574.633943,300037.34293499996,300037.34299699997,3093.1684845051545,0.036270000000000004,293574.633943,29801.15907373942,88.18123360000001,67.31988533333333,19.781763070381466,0.31996017249358666,56,64,,True,False,Request timeout: 300.0s exceeded,470,21.16838264042747
493,2026-09-14T02:30:38.635+00:00,2026-09-14T02:35:32.385+00:00,2026-09-14T02:35:38.687+00:00,False,94,93.0,,93.0,293749.744028,300051.66863599996,300051.668482,3192.0390264042553,0.02139,293749.744028,30290.98988363553,87.4294513,67.76263019354838,19.732016408195758,0.30994661827000397,56,64,,True,False,Request timeout: 300.0s exceeded,452,21.16838264042747
494,2026-09-14T02:30:42.705+00:00,2026-09-14T02:35:36.346+00:00,2026-09-14T02:35:42.746+00:00,False,96,95.0,,95.0,293641.087542,300040.619318,300040.61932,3125.423117916667,0.02308,293641.087542,29962.749640794078,89.18189925,67.36349237894736,20.440310883608692,0.3166237965244087,56,64,,True,False,Request timeout: 300.0s exceeded,491,21.16838264042747
495,2026-09-14T02:30:45.415+00:00,2026-09-14T02:35:39.177+00:00,2026-09-14T02:35:45.478+00:00,False,93,92.0,,92.0,293762.46069800004,300062.60713,300062.60716500005,3226.479646935484,0.034140000000000004,293762.46069800004,30454.65420859317,90.6886546,68.47985252173912,20.8972254939686,0.3066026816201782,56,64,,True,False,Request timeout: 300.0s exceeded,411,21.16838264042747
496,2026-09-14T02:30:49.275+00:00,2026-09-14T02:35:42.965+00:00,2026-09-14T02:35:49.281+00:00,False,92,91.0,,91.0,293690.053235,300005.679219,300005.67923,3260.931295978261,0.027239999999999997,293690.053235,30612.07590708366,89.665287,69.40248334065933,20.71798276164112,0.30332759112060426,56,64,,True,False,Request timeout: 300.0s exceeded,365,21.16838264042747
497,2026-09-14T02:30:53.248+00:00,2026-09-14T02:35:46.527+00:00,2026-09-14T02:35:53.307+00:00,False,100,99.0,,99.0,293278.866867,300058.933171,300058.933252,3000.58933252,0.03688,293278.866867,29321.044726936172,89.47000095000001,68.48551822222223,19.761612348832525,0.32993518624416723,56,64,,True,False,Request timeout: 300.0s exceeded,478,21.16838264042747
498,2026-09-14T02:30:56.474+00:00,2026-09-14T02:35:50.609+00:00,2026-09-14T02:35:56.486+00:00,False,85,84.0,,84.0,294135.323304,300012.002728,300012.002745,3529.5529734705883,0.037469999999999996,294135.323304,31895.8722506223,85.8181886,69.96046933333332,18.59612666555578,0.2799887979020525,56,64,,True,False,Request timeout: 300.0s exceeded,428,21.16838264042747
499,2026-09-14T02:30:59.999+00:00,2026-09-14T02:35:53.957+00:00,2026-09-14T02:36:00.052+00:00,False,90,89.0,,89.0,293958.360012,300052.862412,300052.862424,3333.9206936,0.03473,293958.360012,30978.720373356184,89.35338089999999,68.47755505617978,20.508017132926135,0.2966144008244616,56,64,,True,False,Request timeout: 300.0s exceeded,386,21.16838264042747
500,2026-09-14T02:31:02.542+00:00,2026-09-14T02:35:56.437+00:00,2026-09-14T02:36:02.574+00:00,False,93,92.0,,92.0,293894.995889,300032.639921,300032.63988100004,3226.157418075269,0.026510000000000002,293894.995889,30468.58048244067,88.58419760000001,66.71352208695653,20.686819735708795,0.3066333050438247,56,64,,True,False,Request timeout: 300.0s exceeded,344,21.16838264042747
501,2026-09-14T02:31:04.846+00:00,2026-09-14T02:35:58.699+00:00,2026-09-14T02:36:04.913+00:00,False,90,89.0,,89.0,293853.45195899997,300066.87608699995,300066.87624199997,3334.0764026888887,0.03433,293853.45195899997,30967.521253165272,90.43243394999999,69.81375424719101,20.51575452489316,0.29660054838640626,56,64,,True,False,Request timeout: 300.0s exceeded,400,21.16838264042747
502,2026-09-14T02:31:07.571+00:00,2026-09-14T02:36:01.417+00:00,2026-09-14T02:36:07.648+00:00,False,90,89.0,,89.0,293845.797559,300076.88594300003,300076.885864,3334.1876207111113,0.02152,293845.797559,30966.69333469563,89.6426614,70.01222903370787,20.280500156268097,0.2965906544928144,56,64,,True,False,Request timeout: 300.0s exceeded,424,21.16838264042747
503,2026-09-14T02:31:09.920+00:00,2026-09-14T02:36:03.663+00:00,2026-09-14T02:36:09.950+00:00,False,90,89.0,,89.0,293742.71653,300030.009202,300030.00911499996,3333.666767944444,0.025070000000000002,293742.71653,30955.76059568944,89.81224495000001,70.64373788764044,19.525528353942164,0.29663699386843445,56,64,,True,False,Request timeout: 300.0s exceeded,440,21.16838264042747
504,2026-09-14T02:31:13.533+00:00,2026-09-14T02:36:07.111+00:00,2026-09-14T02:36:13.576+00:00,False,95,94.0,,94.0,293578.469371,300043.053051,300043.05297200003,3158.347926021053,0.020370000000000003,293578.469371,30113.465369216978,87.57407940000002,68.77216680851063,18.82788299086085,0.3132883732656269,56,64,,True,False,Request timeout: 300.0s exceeded,425,21.16838264042747
505,2026-09-14T02:31:16.854+00:00,2026-09-14T02:36:10.893+00:00,2026-09-14T02:36:16.941+00:00,False,88,87.0,,87.0,294039.123343,300086.603151,300086.603214,3410.0750365227273,0.02537,294039.123343,31337.271460196658,86.5337565,69.51126216091954,18.70634086546725,0.289916307780733,56,64,,True,False,Request timeout: 300.0s exceeded,410,21.16838264042747
506,2026-09-14T02:31:19.653+00:00,2026-09-14T02:36:13.497+00:00,2026-09-14T02:36:19.673+00:00,False,90,89.0,,89.0,293843.966748,300019.647516,300019.647608,3333.551640088889,0.03454,293843.966748,30966.565382895056,89.28154535,69.3896715505618,19.34707515110472,0.296647238728769,56,64,,True,False,Request timeout: 300.0s exceeded,444,21.16838264042747
507,2026-09-14T02:31:22.170+00:00,2026-09-14T02:36:16.269+00:00,2026-09-14T02:36:22.250+00:00,False,87,86.0,,86.0,294099.25381300005,300080.05765300005,300080.05758300005,3449.1960641724145,0.03402,294099.25381300005,31523.299824027967,87.63820800000002,69.54423069767442,19.72285953785034,0.2865901875407088,56,64,,True,False,Request timeout: 300.0s exceeded,342,21.16838264042747
508,2026-09-14T02:31:26.202+00:00,2026-09-14T02:36:19.917+00:00,2026-09-14T02:36:26.274+00:00,False,96,95.0,,95.0,293714.725779,300071.698323,300071.698216,3125.7468564166666,0.0405,293714.725779,29970.310628418392,89.10301700000002,66.9155004631579,19.831359739019522,0.3165910031866488,56,64,,True,False,Request timeout: 300.0s exceeded,419,21.16838264042747
509,2026-09-14T02:31:28.782+00:00,2026-09-14T02:36:22.925+00:00,2026-09-14T02:36:28.869+00:00,False,85,84.0,,84.0,294142.701698,300086.76467400003,300086.764707,3530.432525964706,0.02522,294142.701698,31896.586191393988,89.5592212,70.76265447619048,19.693641235751993,0.27991904305161075,56,64,,True,False,Request timeout: 300.0s exceeded,155,21.16838264042747
510,2026-09-14T02:31:30.988+00:00,2026-09-14T02:36:24.757+00:00,2026-09-14T02:36:31.030+00:00,False,88,87.0,,87.0,293768.76740899996,300042.64184099995,300042.641884,3409.5754759545453,0.02144,293768.76740899996,31308.174271823507,88.50076185,72.11349921839081,19.117117463513004,0.2899587854119198,56,64,,True,False,Request timeout: 300.0s exceeded,394,21.16838264042747
511,2026-09-14T02:31:35.061+00:00,2026-09-14T02:36:29.082+00:00,2026-09-14T02:36:35.100+00:00,False,86,85.0,,85.0,294020.347034,300038.62441,300038.624478,3488.821214860465,0.02059,294020.347034,31697.4008274387,88.34904075,70.80326324705882,20.16835150343412,0.2832968594198335,56,64,,True,False,Request timeout: 300.0s exceeded,366,21.16838264042747
512,2026-09-14T02:31:37.639+00:00,2026-09-14T02:36:31.287+00:00,2026-09-14T02:36:37.674+00:00,False,92,91.0,,91.0,293648.07156300003,300034.463883,300034.46390000003,3261.2441728260874,0.020210000000000002,293648.07156300003,30607.617545935856,89.4886232,70.1801353846154,20.120133879349844,0.3032984905210287,56,64,,True,False,Request timeout: 300.0s exceeded,344,21.16838264042747
513,2026-09-14T02:31:41.230+00:00,2026-09-14T02:36:35.103+00:00,2026-09-14T02:36:41.260+00:00,False,91,90.0,,90.0,293872.597464,300030.15343199996,300030.153343,3297.034652120879,0.04182,293872.597464,30799.053404380087,88.9112125,68.41728853333333,20.4289009035681,0.2999698495984603,56,64,,True,False,Request timeout: 300.0s exceeded,452,21.16838264042747
514,2026-09-14T02:31:44.483+00:00,2026-09-14T02:36:38.060+00:00,2026-09-14T02:36:44.532+00:00,False,95,94.0,,94.0,293577.837559,300049.722871,300049.722824,3158.418134989474,0.039560000000000005,293577.837559,30113.393680370307,89.49580099999999,68.84984374468085,20.53400896469908,0.3132814091630183,56,64,,True,False,Request timeout: 300.0s exceeded,439,21.16838264042747
515,2026-09-14T02:31:47.003+00:00,2026-09-14T02:36:40.692+00:00,2026-09-14T02:36:47.038+00:00,False,93,92.0,,92.0,293689.017097,300035.28730499995,300035.28730799997,3226.185885032258,0.02658,293689.017097,30446.986472838813,90.7982562,68.98119791304349,20.89158540078552,0.3066305994417173,56,64,,True,False,Request timeout: 300.0s exceeded,408,21.16838264042747
516,2026-09-14T02:31:50.168+00:00,2026-09-14T02:36:43.786+00:00,2026-09-14T02:36:50.196+00:00,False,95,94.0,,94.0,293617.92847000004,300027.44450200006,300027.44454800006,3158.183626821053,0.04993,293617.92847000004,30117.575337144954,90.9615121,68.18634076595744,21.036643961277136,0.31330467169770326,56,64,,True,False,Request timeout: 300.0s exceeded,403,21.16838264042747
517,2026-09-14T02:31:52.504+00:00,2026-09-14T02:36:46.287+00:00,2026-09-14T02:36:52.531+00:00,False,94,93.0,,93.0,293783.647695,300026.773967,300026.774021,3191.774191712766,0.024059999999999998,293783.647695,30294.55226455857,87.28890065,67.13039002150538,20.15438072240952,0.30997233603634683,56,64,,True,False,Request timeout: 300.0s exceeded,442,21.16838264042747
518,2026-09-14T02:31:56.555+00:00,2026-09-14T02:36:50.451+00:00,2026-09-14T02:36:56.633+00:00,False,88,87.0,,87.0,293895.600213,300077.88603700005,300077.885889,3409.975976011364,0.022600000000000002,293895.600213,31321.807299961678,88.06540285000001,71.06075659770114,19.74546014755348,0.2899247297059163,56,64,,True,False,Request timeout: 300.0s exceeded,425,21.16838264042747
519,2026-09-14T02:31:59.244+00:00,2026-09-14T02:36:52.743+00:00,2026-09-14T02:36:59.263+00:00,False,91,90.0,,90.0,293499.28229,300018.865778,300018.865636,3296.9106113846155,0.02413,293499.28229,30759.496894945372,90.9182085,72.43981653333333,19.206232648694463,0.2999811354083174,56,64,,True,False,Request timeout: 300.0s exceeded,341,21.16838264042747
520,2026-09-14T02:32:05.565+00:00,2026-09-14T02:36:56.760+00:00,2026-09-14T02:37:05.724+00:00,False,135,134.0,,134.0,291195.34730900003,300158.985837,300158.98586600006,2223.399895303704,0.03535,291195.34730900003,25056.35597611492,89.452564,66.8928248358209,20.18404662136139,0.44643007980033655,56,64,,True,False,Request timeout: 300.0s exceeded,446,21.16838264042747
521,2026-09-14T02:32:06.208+00:00,2026-09-14T02:37:00.208+00:00,2026-09-14T02:37:06.273+00:00,False,97,96.0,,96.0,293999.80294300005,300065.07500700006,300065.07500600006,3093.454381505155,0.039689999999999996,293999.80294300005,29844.749244388644,89.684596,63.179917333333336,20.469040966736696,0.31993060171284665,56,64,,True,False,Request timeout: 300.0s exceeded,463,21.16838264042747
522,2026-09-14T02:32:09.600+00:00,2026-09-14T02:37:03.363+00:00,2026-09-14T02:37:09.647+00:00,False,105,104.0,,104.0,293762.61957700003,300046.748857,300046.748987,2857.5880855904766,0.0,293762.61957700003,28662.413024765967,89.2529352,60.42432,28.105531983923697,0.34661265418198417,56,64,,True,False,Request timeout: 300.0s exceeded,496,21.16838264042747
523,2026-09-14T02:32:11.938+00:00,2026-09-14T02:37:06.937+00:00,2026-09-14T02:37:12.007+00:00,False,76,75.0,,75.0,294999.57292,300069.259192,300069.259202,3948.2797263421053,0.0,294999.57292,33831.03201990418,89.78421275000001,67.59581696,31.024151493018493,0.24994229732813475,56,64,,True,False,Request timeout: 300.0s exceeded,381,21.16838264042747
524,2026-09-14T02:32:15.920+00:00,2026-09-14T02:37:09.650+00:00,2026-09-14T02:37:16.561+00:00,False,104,103.0,,103.0,293729.510083,300641.106371,300641.106509,2890.7798702788464,0.03199,293729.510083,28795.975496957548,88.9155018,67.10287658252427,20.644933343167615,0.34260118732032263,56,64,,True,False,Request timeout: 300.0s exceeded,490,21.16838264042747
525,2026-09-14T02:32:18.746+00:00,2026-09-14T02:37:12.622+00:00,2026-09-14T02:37:18.755+00:00,False,97,96.0,,96.0,293875.545827,300009.041891,300009.041725,3092.876718814433,0.02296,293875.545827,29832.061198707434,90.0969358,63.890584,21.202728226288496,0.31999035560694516,56,64,,True,False,Request timeout: 300.0s exceeded,276,21.16838264042747
526,2026-09-14T02:32:22.770+00:00,2026-09-14T02:37:16.347+00:00,2026-09-14T02:37:22.821+00:00,False,99,98.0,,98.0,293576.154163,300050.845747,300050.845721,3030.8166234444443,0.039200000000000006,293576.154163,29498.880495615547,87.244334,66.06828146938776,20.351200554925757,0.32661131067976606,56,64,,True,False,Request timeout: 300.0s exceeded,412,21.16838264042747
527,2026-09-14T02:32:26.526+00:00,2026-09-14T02:37:20.038+00:00,2026-09-14T02:37:26.572+00:00,False,100,99.0,,99.0,293512.058551,300046.347191,300046.347014,3000.46347014,0.03561,293512.058551,29344.612180709635,88.53086245,66.00291555555555,19.806756068120396,0.32994902596491116,56,64,,True,False,Request timeout: 300.0s exceeded,511,21.16838264042747
528,2026-09-14T02:32:30.505+00:00,2026-09-14T02:37:24.475+00:00,2026-09-14T02:37:30.584+00:00,False,89,88.0,,88.0,293969.29837000003,300078.87353800004,300078.87330900005,3371.672733808989,0.036839,293969.29837000003,31153.33004882168,88.53438899999999,69.42699054545454,19.427773880020048,0.29325623281125873,56,64,,True,False,Request timeout: 300.0s exceeded,357,21.16838264042747
529,2026-09-14T02:32:33.744+00:00,2026-09-14T02:37:27.688+00:00,2026-09-14T02:37:33.786+00:00,False,88,87.0,,87.0,293943.948576,300042.722848,300042.722799,3409.576395443182,0.02085,293943.948576,31327.063294995303,86.57241085,70.10085370114942,19.28651816141916,0.28995870712743044,56,64,,True,False,Request timeout: 300.0s exceeded,422,21.16838264042747
530,2026-09-14T02:32:36.349+00:00,2026-09-14T02:37:30.368+00:00,2026-09-14T02:37:36.356+00:00,False,88,87.0,,87.0,294019.90205699997,300007.72644099995,300007.72650399996,3409.178710272727,0.023559999999999998,294019.90205699997,31335.29529336944,85.91750765,68.8255676321839,18.24914979723306,0.2899925312993883,56,64,,True,False,Request timeout: 300.0s exceeded,393,21.16838264042747
531,2026-09-14T02:32:40.331+00:00,2026-09-14T02:37:34.021+00:00,2026-09-14T02:37:40.386+00:00,False,97,96.0,,96.0,293690.09743300005,300054.49960900005,300054.499567,3093.345356360825,0.055189999999999996,293690.09743300005,29812.98689041413,88.410666,66.295856,20.238770784667054,0.31994187764255244,56,64,,True,False,Request timeout: 300.0s exceeded,415,21.16838264042747
532,2026-09-14T02:32:43.257+00:00,2026-09-14T02:37:36.821+00:00,2026-09-14T02:37:43.275+00:00,False,94,93.0,,93.0,293564.2941,300017.454804,300017.454744,3191.675050468085,0.02016,293564.2941,30271.69405158477,89.23965049999998,69.38882477419355,19.089989569384304,0.3099819644185585,56,64,,True,False,Request timeout: 300.0s exceeded,413,21.16838264042747
533,2026-09-14T02:32:46.642+00:00,2026-09-14T02:37:40.339+00:00,2026-09-14T02:37:46.722+00:00,False,92,91.0,,91.0,293696.765922,300079.037922,300079.03788099997,3261.7286726195653,0.01884,293696.765922,30612.69821719184,88.77965110000001,70.13485714285714,18.871967829847485,0.3032534382613349,56,64,,True,False,Request timeout: 300.0s exceeded,196,21.16838264042747
534,2026-09-14T02:32:48.961+00:00,2026-09-14T02:37:42.819+00:00,2026-09-14T02:37:48.979+00:00,False,90,89.0,,89.0,293857.953611,300018.56826699997,300018.568118,3333.5396457555553,0.027870000000000002,293857.953611,30968.057004165497,86.8816994,69.22038939325843,18.40553743569209,0.29664830585017293,56,64,,True,False,Request timeout: 300.0s exceeded,220,21.16838264042747
535,2026-09-14T02:32:52.718+00:00,2026-09-14T02:37:45.990+00:00,2026-09-14T02:37:52.780+00:00,False,102,101.0,,101.0,293271.449007,300061.256111,300061.256026,2941.7770198627454,0.037149999999999996,293271.449007,29031.55013379188,86.9934465,67.22581291089108,18.781583268731517,0.33659793773121316,56,64,,True,False,Request timeout: 300.0s exceeded,583,21.16838264042747
536,2026-09-14T02:32:56.193+00:00,2026-09-14T02:37:49.709+00:00,2026-09-14T02:37:56.261+00:00,False,93,92.0,,92.0,293516.58644700004,300068.039631,300068.03948900005,3226.538059021506,0.03534,293516.58644700004,30428.87413118072,90.0155982,71.2114476521739,19.593041858688586,0.3065971308145124,56,64,,True,False,Request timeout: 300.0s exceeded,395,21.16838264042747
537,2026-09-14T02:33:00.153+00:00,2026-09-14T02:37:53.999+00:00,2026-09-14T02:38:00.181+00:00,False,86,85.0,,85.0,293846.795827,300028.382003,300028.38181,3488.7021140697675,0.07895999999999999,293846.795827,31678.47881076407,89.83556025,72.72454324705882,19.627189888998842,0.28330653064399114,56,64,,True,False,Request timeout: 300.0s exceeded,399,21.16838264042747
538,2026-09-14T02:33:03.000+00:00,2026-09-14T02:37:56.887+00:00,2026-09-14T02:38:03.008+00:00,False,88,87.0,,87.0,293886.93448,300007.454416,300007.454252,3409.1756165,0.044189,293886.93448,31320.95952618648,90.3830947,70.35080386206897,20.24471792670837,0.2899927942435824,56,64,,True,False,Request timeout: 300.0s exceeded,431,21.16838264042747
539,2026-09-14T02:33:06.058+00:00,2026-09-14T02:37:59.928+00:00,2026-09-14T02:38:06.085+00:00,False,90,89.0,,89.0,293870.233775,300026.98513499997,300026.98505899997,3333.633167322222,0.02583,293870.233775,30969.35694794048,88.928573,69.1769815730337,19.91843244113689,0.2966399837666389,56,64,,True,False,Request timeout: 300.0s exceeded,349,21.16838264042747
540,2026-09-14T02:33:10.063+00:00,2026-09-14T02:38:03.681+00:00,2026-09-14T02:38:12.767+00:00,False,91,90.0,,90.0,293618.60173299996,302704.689157,302704.68911499996,3326.4251551098896,0.02506,293618.60173299996,30770.5726491943,90.6272435,100.95652693333334,311.8738606585517,0.29731947744397463,56,64,,True,False,Request timeout: 300.0s exceeded,422,21.16838264042747
541,2026-09-14T02:33:13.839+00:00,2026-09-14T02:38:07.472+00:00,2026-09-14T02:38:13.852+00:00,False,106,105.0,,105.0,293633.331829,300013.42219699995,300013.422284,2830.3153045660374,0.01559,293633.331829,28515.84580909174,88.173026,60.76276540952381,299.4366489321829,0.3499843414707396,56,64,,True,False,Request timeout: 300.0s exceeded,510,21.16838264042747
542,2026-09-14T02:33:16.949+00:00,2026-09-14T02:38:12.767+00:00,2026-09-14T02:38:16.969+00:00,False,71,70.0,,70.0,295818.008547,300019.556067,300019.555959,4225.62754871831,0.01654,295818.008547,35100.028026771455,89.4748315,60.022107428571424,30.038131170822894,0.2333181240504458,56,64,,True,False,Request timeout: 300.0s exceeded,343,21.16838264042747
543,2026-09-14T02:33:20.270+00:00,2026-09-14T02:38:14.149+00:00,2026-09-14T02:38:20.303+00:00,False,95,94.0,,94.0,293878.747938,300033.54064200004,300033.540689,3158.2477967263158,0.03939,293878.747938,30144.61207133394,86.86841540000002,65.47651812765957,19.85330921833754,0.3132983059122739,56,64,,True,False,Request timeout: 300.0s exceeded,457,21.16838264042747
544,2026-09-14T02:33:22.883+00:00,2026-09-14T02:38:16.434+00:00,2026-09-14T02:38:22.891+00:00,False,96,95.0,,95.0,293550.89058899996,300007.81526099995,300007.815081,3125.0814070937495,0.020149999999999998,293550.89058899996,29953.48141138355,86.87221075,67.96762812631579,19.085571461990988,0.3166584174393996,56,64,,True,False,Request timeout: 300.0s exceeded,437,21.16838264042747
545,2026-09-14T02:33:25.147+00:00,2026-09-14T02:38:18.439+00:00,2026-09-14T02:38:25.191+00:00,False,100,99.0,,99.0,293291.78682499996,300044.047177,300044.04724299995,3000.4404724299998,0.035840000000000004,293291.78682499996,29322.364773127458,87.5800079,68.20465002020202,19.707352735221363,0.32995155521815295,56,64,,True,False,Request timeout: 300.0s exceeded,444,21.16838264042747
546,2026-09-14T02:33:29.201+00:00,2026-09-14T02:38:23.143+00:00,2026-09-14T02:38:29.258+00:00,False,93,92.0,,92.0,293941.20200199995,300056.42094599997,300056.42093699996,3226.413128354838,0.024480000000000002,293941.20200199995,30473.396620762218,88.62433499999999,66.46977113043478,19.948247854632957,0.306609002766706,56,64,,True,False,Request timeout: 300.0s exceeded,445,21.16838264042747
547,2026-09-14T02:33:32.081+00:00,2026-09-14T02:38:25.768+00:00,2026-09-14T02:38:32.132+00:00,False,99,98.0,,98.0,293686.76680800004,300050.97570400004,300050.975716,3030.817936525253,0.02165,293686.76680800004,29510.11097696296,88.75661610000002,64.94090710204082,20.627008077673942,0.32661116921904926,56,64,,True,False,Request timeout: 300.0s exceeded,458,21.16838264042747
548,2026-09-14T02:33:35.766+00:00,2026-09-14T02:38:29.470+00:00,2026-09-14T02:38:35.803+00:00,False,94,93.0,,93.0,293704.046889,300037.231401,300037.231342,3191.8854398085105,0.01819,293704.046889,30286.24237656306,89.32083415000001,68.09875819354838,20.434762779125478,0.30996153232631796,56,64,,True,False,Request timeout: 300.0s exceeded,415,21.16838264042747
549,2026-09-14T02:33:38.149+00:00,2026-09-14T02:38:31.516+00:00,2026-09-14T02:38:38.240+00:00,False,97,96.0,,96.0,293366.93972,300090.86445600004,300090.864439,3093.720251948454,0.03401,293366.93972,29779.79496956299,90.36939179999999,70.04088266666668,20.262401906662234,0.31990310726062016,56,64,,True,False,Request timeout: 300.0s exceeded,216,21.16838264042747
550,2026-09-14T02:33:41.984+00:00,2026-09-14T02:38:35.433+00:00,2026-09-14T02:38:41.996+00:00,False,96,95.0,,95.0,293448.305646,300011.58372600004,300011.58357300004,3125.12066221875,0.02072,293448.305646,29942.89736446532,87.91823725000002,69.08713768421052,19.466052798940588,0.3166544398724394,56,64,,True,False,Request timeout: 300.0s exceeded,359,21.16838264042747
551,2026-09-14T02:33:45.391+00:00,2026-09-14T02:38:39.265+00:00,2026-09-14T02:38:45.465+00:00,False,95,94.0,,94.0,293873.589517,300073.870605,300073.870681,3158.6723229578947,0.037219999999999996,293873.589517,30144.033825863266,86.8668547,65.96043710638298,20.821558990873015,0.3132561985836354,56,64,,True,False,Request timeout: 300.0s exceeded,462,21.16838264042747
552,2026-09-14T02:33:49.034+00:00,2026-09-14T02:38:42.940+00:00,2026-09-14T02:38:49.064+00:00,False,94,93.0,,93.0,293905.574858,300029.873866,300029.873972,3191.807169914893,0.0373,293905.574858,30307.259750154954,87.44567694999999,65.85267750537635,19.964711430425016,0.3099691334121477,56,64,,True,False,Request timeout: 300.0s exceeded,162,21.16838264042747
553,2026-09-14T02:33:52.242+00:00,2026-09-14T02:38:45.804+00:00,2026-09-14T02:38:52.311+00:00,False,99,98.0,,98.0,293561.819462,300069.198918,300069.198768,3031.0020077575755,0.04169,293561.819462,29497.405849817802,88.0059239,66.40183118367347,19.709047728932223,0.3265913341101713,56,64,,True,False,Request timeout: 300.0s exceeded,426,21.16838264042747
554,2026-09-14T02:33:54.946+00:00,2026-09-14T02:38:48.854+00:00,2026-09-14T02:38:54.978+00:00,False,91,90.0,,90.0,293907.998041,300032.615513,300032.615405,3297.0617077472525,0.02666,293907.998041,30802.802563682926,89.91156500000001,68.05130524444445,20.130634381645145,0.29996738803252015,56,64,,True,False,Request timeout: 300.0s exceeded,228,21.16838264042747
555,2026-09-14T02:33:58.547+00:00,2026-09-14T02:38:52.021+00:00,2026-09-14T02:38:58.584+00:00,False,98,97.0,,97.0,293473.313296,300036.31976,300036.319814,3061.595100142857,0.018940000000000002,293473.313296,29638.45337383396,88.513539,67.65986045360825,19.932615112938326,0.32329419344161603,56,64,,True,False,Request timeout: 300.0s exceeded,245,21.16838264042747
556,2026-09-14T02:34:00.998+00:00,2026-09-14T02:38:54.672+00:00,2026-09-14T02:39:01.075+00:00,False,96,95.0,,95.0,293673.844023,300076.947255,300076.947238,3125.8015337291663,0.02151,293673.844023,29966.088302683213,86.95377350000003,67.40108665263158,19.383635498914582,0.31658546539155075,56,64,,True,False,Request timeout: 300.0s exceeded,466,21.16838264042747
557,2026-09-14T02:34:04.680+00:00,2026-09-14T02:38:58.584+00:00,2026-09-14T02:39:04.726+00:00,False,89,88.0,,88.0,293904.260484,300045.65594,300045.656053,3371.2995062134833,0.05033,293904.260484,31146.397970653587,88.273582,69.78858472727273,19.832116401790426,0.29328869876255537,56,64,,True,False,Request timeout: 300.0s exceeded,364,21.16838264042747
558,2026-09-14T02:34:07.736+00:00,2026-09-14T02:39:01.676+00:00,2026-09-14T02:39:07.767+00:00,False,94,93.0,,93.0,293940.032977,300031.473361,300031.473291,3191.8241839468083,0.02266,293940.032977,30310.85090034404,89.53367315,65.49935896774194,20.902091789861906,0.3099674809385805,56,64,,True,False,Request timeout: 300.0s exceeded,489,21.16838264042747
559,2026-09-14T02:34:10.084+00:00,2026-09-14T02:39:03.453+00:00,2026-09-14T02:39:10.151+00:00,False,105,104.0,,104.0,293369.358392,300067.26559200004,300067.265795,2857.783483761905,0.036789999999999996,293369.358392,28623.63998015743,89.51335319999998,64.40295384615385,20.456456580053164,0.34658895496254594,56,64,,True,False,Request timeout: 300.0s exceeded,475,21.16838264042747
560,2026-09-14T02:34:13.683+00:00,2026-09-14T02:39:07.550+00:00,2026-09-14T02:39:13.692+00:00,False,91,90.0,,90.0,293867.561726,300009.778174,300009.778254,3296.810750043956,0.03789,293867.561726,30798.543296071402,89.30506150000001,68.24684942222223,20.29689538805801,0.2999902221446986,56,64,,True,False,Request timeout: 300.0s exceeded,422,21.16838264042747
561,2026-09-14T02:34:16.341+00:00,2026-09-14T02:39:10.151+00:00,2026-09-14T02:39:16.374+00:00,False,93,92.0,,92.0,293809.89393900003,300032.405043,300032.40498700005,3226.1548923333335,0.021279,293809.89393900003,30459.659709080577,88.387888,67.63599026086956,19.992199999459597,0.30663354508928714,56,64,,True,False,Request timeout: 300.0s exceeded,444,21.16838264042747
562,2026-09-14T02:34:18.704+00:00,2026-09-14T02:39:12.417+00:00,2026-09-14T02:39:18.784+00:00,False,94,93.0,,93.0,293713.632241,300079.816945,300079.816937,3192.3384780531915,0.02682,293713.632241,30287.194029353228,88.52701164999999,68.45359896774194,19.824105740994586,0.3099175444280062,56,64,,True,False,Request timeout: 300.0s exceeded,318,21.16838264042747
563,2026-09-14T02:34:21.749+00:00,2026-09-14T02:39:15.613+00:00,2026-09-14T02:39:21.775+00:00,False,90,89.0,,89.0,293864.583383,300026.856151,300026.856207,3333.6317356333334,0.05173,293864.583383,30968.754843889077,87.89373735000001,69.23901986516854,19.979677004121857,0.2966401112945947,56,64,,True,False,Request timeout: 300.0s exceeded,368,21.16838264042747
564,2026-09-14T02:34:25.370+00:00,2026-09-14T02:39:18.945+00:00,2026-09-14T02:39:25.418+00:00,False,96,95.0,,95.0,293575.130443,300048.781131,300048.7812,3125.5081375,0.03957,293575.130443,29955.93742490718,88.61204249999999,68.14369145263157,19.10768757777792,0.3166151838441344,56,64,,True,False,Request timeout: 300.0s exceeded,422,21.16838264042747
565,2026-09-14T02:34:28.595+00:00,2026-09-14T02:39:22.351+00:00,2026-09-14T02:39:28.631+00:00,False,93,92.0,,92.0,293756.191939,300035.49997099995,300035.499837,3226.1881702903224,0.01998,293756.191939,30454.02702983206,88.023634,68.25334817391305,19.952872863900254,0.30663038210109234,56,64,,True,False,Request timeout: 300.0s exceeded,425,21.16838264042747
566,2026-09-14T02:34:32.190+00:00,2026-09-14T02:39:25.993+00:00,2026-09-14T02:39:32.199+00:00,False,92,91.0,,91.0,293802.813629,300008.627133,300008.627122,3260.9633382826087,0.031170000000000003,293802.813629,30623.95737797985,88.0968895,68.19575279120879,20.079631569850246,0.3033246105941408,56,64,,True,False,Request timeout: 300.0s exceeded,476,21.16838264042747
567,2026-09-14T02:34:35.532+00:00,2026-09-14T02:39:29.323+00:00,2026-09-14T02:39:35.564+00:00,False,104,103.0,,103.0,293790.352454,300031.821382,300031.821412,2884.921359730769,0.02625,293790.352454,28802.579055455833,86.29754365000001,60.59678570873786,19.92818152356792,0.34329691939196205,56,64,,True,False,Request timeout: 300.0s exceeded,503,21.16838264042747
568,2026-09-14T02:34:39.397+00:00,2026-09-14T02:39:32.982+00:00,2026-09-14T02:39:39.530+00:00,False,147,146.0,,146.0,293584.649386,300132.643498,300132.643527,2041.7186634489797,0.01852,293584.649386,24210.776154706105,95.59940560000001,44.84927473972603,32.37344039274195,0.4864515845340659,56,64,,True,False,Request timeout: 300.0s exceeded,751,21.16838264042747
0,2026-09-14T02:04:40.949+00:00,2026-09-14T02:04:41.211+00:00,2026-09-14T02:04:54.928+00:00,True,250,250.0,,250.0,261.939368,13978.9882,13978.988162,55.915952648,0.02265,261.939368,24.493623052612666,94.8835945,55.08854952610442,20.748917636832907,17.883983906646407,57,64,,False,True,,1028,21.16838264042747
1,2026-09-14T02:04:45.201+00:00,2026-09-14T02:04:45.374+00:00,2026-09-14T02:05:03.505+00:00,True,284,284.0,,284.0,173.12830499999998,18304.624496999997,18304.624555,64.45290336267605,39.027158,173.12830499999998,22.033499883231222,95.88208265000002,64.06889113780919,21.099008799312095,15.515204917016773,57,64,,False,True,,1193,21.16838264042747
2,2026-09-14T02:04:49.876+00:00,2026-09-14T02:04:54.516+00:00,2026-09-14T02:05:11.893+00:00,True,265,265.0,,265.0,4640.086292,22016.436756,22016.436662,83.08089306415094,39.676066,4640.086292,281.81487703903673,95.6579418,65.81950933333333,21.52216218088863,12.036461800649066,57,64,,False,True,,1292,21.16838264042747
3,2026-09-14T02:04:54.325+00:00,2026-09-14T02:05:02.729+00:00,2026-09-14T02:05:13.026+00:00,True,158,158.0,,158.0,8403.281681,18700.678417000003,18700.6785,118.35872468354431,40.082086000000004,8403.281681,663.6556848081245,94.09809335,65.58851424203822,21.44712380289585,8.448891343769048,57,64,,False,True,,736,21.16838264042747
4,2026-09-14T02:04:58.614+00:00,2026-09-14T02:05:10.487+00:00,2026-09-14T02:05:29.100+00:00,True,276,276.0,,276.0,11873.658916999999,30486.393381,30486.393494,110.45794744202898,19.553419,11873.658916999999,710.974040434931,94.6523275,67.68267077818182,21.95320855332531,9.053219137820715,57,64,,False,True,,1160,21.16838264042747
5,2026-09-14T02:05:04.185+00:00,2026-09-14T02:05:18.797+00:00,2026-09-14T02:05:25.465+00:00,True,105,105.0,,105.0,14611.28889,21280.197178,21280.197105,202.66854385714285,39.341887,14611.28889,1419.819120359361,94.373135,64.12411815384615,21.498354845426864,4.934164806919723,57,64,,False,True,,387,21.16838264042747
6,2026-09-14T02:05:08.892+00:00,2026-09-14T02:05:27.472+00:00,2026-09-14T02:05:43.322+00:00,True,242,242.0,,242.0,18579.794776,34429.763672,34429.763596,142.27175039669422,0.01809,18579.794776,1190.427532827453,96.0843665,65.76750579253111,26.81449628061092,7.028802239406786,57,64,,False,True,,862,21.16838264042747
7,2026-09-14T02:05:13.241+00:00,2026-09-14T02:05:35.360+00:00,2026-09-14T02:05:45.795+00:00,True,160,160.0,,160.0,22118.776728999997,32553.359512999996,32553.359289999997,203.4584955625,0.0217,22118.776728999997,1743.6858550846528,97.11006050000002,65.62630681761006,28.48581228208717,4.915007310876929,57,64,,False,True,,764,21.16838264042747
8,2026-09-14T02:05:16.657+00:00,2026-09-14T02:05:42.325+00:00,2026-09-14T02:05:56.616+00:00,True,213,213.0,,213.0,25668.079179,39959.204171,39959.204214,187.60189771830986,39.605637,25668.079179,1754.2664680795406,96.19601119999999,67.41096694339623,22.02255156744872,5.330436489387911,57,64,,False,True,,1057,21.16838264042747
9,2026-09-14T02:05:20.235+00:00,2026-09-14T02:05:47.362+00:00,2026-09-14T02:05:59.997+00:00,True,195,195.0,,195.0,27127.513842999997,39762.095858999994,39762.095849,203.90818384102562,41.474072,27127.513842999997,1938.0973287869435,94.76571700000001,65.12671142268042,21.58058213022374,4.904168047164509,57,64,,False,True,,950,21.16838264042747
10,2026-09-14T02:05:23.519+00:00,2026-09-14T02:05:53.589+00:00,2026-09-14T02:06:02.142+00:00,True,130,130.0,,130.0,30069.521925,38622.945541,38622.945491,297.0995807,39.446017,30069.521925,2631.5451837730957,95.7342739,66.3056094263566,21.73152262836211,3.3658748233481863,57,64,,False,True,,494,21.16838264042747
11,2026-09-14T02:05:27.746+00:00,2026-09-14T02:06:01.090+00:00,2026-09-14T02:06:20.176+00:00,True,284,284.0,,284.0,33343.723816,52430.368296,52430.368347999996,184.613973056338,34.944426,33343.723816,1974.7048272738714,94.86642900000001,67.44397342756183,21.889659183865245,5.416708087890102,57,64,,False,True,,1374,21.16838264042747
12,2026-09-14T02:05:33.360+00:00,2026-09-14T02:06:10.534+00:00,2026-09-14T02:06:24.999+00:00,True,219,219.0,,219.0,37174.061405,51639.244381,51639.244596000004,235.79563742465754,4.63448,37174.061405,2507.6107326035353,95.714412,66.35405034862386,22.917373080898614,4.240960583857386,57,64,,False,True,,924,21.16838264042747
13,2026-09-14T02:05:36.554+00:00,2026-09-14T02:06:16.193+00:00,2026-09-14T02:06:29.582+00:00,True,204,204.0,,204.0,39639.071272,53028.644136,53028.644138,259.9443340098039,11.360606,39639.071272,2770.763208304281,94.19477700000002,65.95848701477833,22.526754745188025,3.8469774840331774,57,64,,False,True,,973,21.16838264042747
14,2026-09-14T02:05:39.708+00:00,2026-09-14T02:06:21.767+00:00,2026-09-14T02:06:37.397+00:00,True,238,238.0,,238.0,42059.036413,57689.228797,57689.228927000004,242.39171818067229,0.01697,42059.036413,2722.216544582473,95.53734349999999,65.95017883544304,33.80804621989567,4.125553503886962,57,64,,False,True,,1182,21.16838264042747
15,2026-09-14T02:05:44.096+00:00,2026-09-14T02:06:28.539+00:00,2026-09-14T02:06:36.603+00:00,True,122,122.0,,122.0,44443.3603,52506.624556,52506.624539,430.382168352459,0.016550000000000002,44443.3603,4017.8928133895593,94.7014545,66.63854757024794,41.563005474298684,2.3235163378267263,57,64,,False,True,,659,21.16838264042747
16,2026-09-14T02:05:49.053+00:00,2026-09-14T02:06:38.110+00:00,2026-09-14T02:06:45.322+00:00,True,109,109.0,,109.0,49056.512169,56268.084393,56268.084504,516.2209587522935,37.91568,49056.512169,4692.416287829377,95.57210839999999,66.77381688888889,21.84503193197062,1.9371549818312297,57,64,,False,True,,459,21.16838264042747
17,2026-09-14T02:05:52.423+00:00,2026-09-14T02:06:43.779+00:00,2026-09-14T02:06:56.576+00:00,True,194,194.0,,194.0,51355.992441,64153.108345,64153.108377000004,330.68612565463917,5.762548,51355.992441,3682.4584275877946,95.30136699999998,66.30630002072539,23.337149552769407,3.024015593394393,57,64,,False,True,,823,21.16838264042747
18,2026-09-14T02:05:57.687+00:00,2026-09-14T02:06:53.049+00:00,2026-09-14T02:07:08.143+00:00,True,227,227.0,,227.0,55362.218225000004,70455.79595300001,70455.79619600001,310.3779568105727,0.0,55362.218225000004,3670.163775888793,95.74034029999999,66.78574215929204,23.829718018220813,3.2218782987197856,57,64,,False,True,,1285,21.16838264042747
19,2026-09-14T02:06:02.298+00:00,2026-09-14T02:07:00.827+00:00,2026-09-14T02:07:20.059+00:00,True,290,290.0,,290.0,58528.777984,77761.18656,77761.186657,268.1420229551724,0.0,58528.777984,3433.113639854727,96.37112649999999,66.54812656055363,25.353484952794947,3.7293669609354274,57,64,,False,True,,1400,21.16838264042747
20,2026-09-14T02:06:06.894+00:00,2026-09-14T02:07:09.072+00:00,2026-09-14T02:07:22.267+00:00,True,195,195.0,,195.0,62178.438644,75372.94027600001,75372.940233,386.52789863076924,39.606176,62178.438644,4447.878599228418,96.66503689999999,68.01289501030928,22.89627053457992,2.587135373596288,57,64,,False,True,,850,21.16838264042747
21,2026-09-14T02:06:11.839+00:00,2026-09-14T02:07:17.858+00:00,2026-09-14T02:07:29.328+00:00,True,176,176.0,,176.0,66019.332439,77489.26114300001,77489.26128600001,440.27989367045456,0.01597,66019.332439,4971.625608497644,95.49234874999998,65.54244973714286,41.429136799206454,2.271282464226967,57,64,,False,True,,833,21.16838264042747
22,2026-09-14T02:06:16.760+00:00,2026-09-14T02:07:26.971+00:00,2026-09-14T02:07:38.308+00:00,True,173,173.0,,173.0,70211.144161,81548.30691300001,81548.307142,471.37749793063585,0.01591,70211.144161,5333.213766993649,95.132454,65.91373693023256,42.78878059443346,2.121441959359934,57,64,,False,True,,816,21.16838264042747
23,2026-09-14T02:06:21.960+00:00,2026-09-14T02:07:36.079+00:00,2026-09-14T02:07:44.747+00:00,True,134,134.0,,134.0,74119.216343,82787.035607,82787.03549699999,617.8136977388059,39.232627,74119.216343,6397.330131619917,94.28297615,65.17157341353384,21.24923707098548,1.6186109215954307,57,64,,False,True,,668,21.16838264042747
24,2026-09-14T02:06:26.895+00:00,2026-09-14T02:07:44.518+00:00,2026-09-14T02:07:57.267+00:00,True,197,197.0,,197.0,77623.261289,90371.872873,90371.872859,458.7404713654822,0.0,77623.261289,5525.851308119522,93.817268,65.04393665306122,25.189310158348565,2.179881789955211,57,64,,False,True,,744,21.16838264042747
25,2026-09-14T02:06:30.383+00:00,2026-09-14T02:07:49.976+00:00,2026-09-14T02:08:02.148+00:00,True,186,186.0,,186.0,79593.03217800001,91765.057266,91765.057377,493.3605235322581,0.0,79593.03217800001,5831.274992013416,94.6142475,65.7947302054054,25.400741478842548,2.02691531549793,57,64,,False,True,,866,21.16838264042747
26,2026-09-14T02:06:35.112+00:00,2026-09-14T02:07:58.211+00:00,2026-09-14T02:08:06.432+00:00,True,129,129.0,,129.0,83098.54343199999,91319.994184,91319.99436,707.9069330232558,37.576212,83098.54343199999,7310.797637769329,96.99992919999998,64.230084,22.381980976487082,1.412615070255905,57,64,,False,True,,533,21.16838264042747
27,2026-09-14T02:06:39.483+00:00,2026-09-14T02:08:06.108+00:00,2026-09-14T02:08:24.097+00:00,True,271,271.0,,271.0,86624.859694,104613.703726,104613.703667,386.02842681549816,0.0,86624.859694,5258.220485806551,94.85385450000001,66.62534826666666,43.85496135494987,2.59048279859962,57,64,,False,True,,1184,21.16838264042747
28,2026-09-14T02:06:44.534+00:00,2026-09-14T02:08:15.211+00:00,2026-09-14T02:08:32.161+00:00,True,255,255.0,,255.0,90676.43206800001,107627.073732,107627.073711,422.0669557294118,0.01574,90676.43206800001,5674.365505756191,96.92511,66.73480970078741,43.51046460514316,2.3692923272723214,57,64,,False,True,,828,21.16838264042747
29,2026-09-14T02:06:49.245+00:00,2026-09-14T02:08:23.675+00:00,2026-09-14T02:08:30.122+00:00,True,100,100.0,,100.0,94429.860702,100877.370462,100877.37058,1008.7737058,39.967425000000006,94429.860702,9436.500303210772,98.83561785,65.12636121212121,22.633548895852318,0.9913026037655244,57,64,,False,True,,397,21.16838264042747
30,2026-09-14T02:06:52.688+00:00,2026-09-14T02:08:29.834+00:00,2026-09-14T02:08:46.695+00:00,True,252,252.0,,252.0,97146.630976,114007.087168,114007.087051,452.40907559920635,0.0,97146.630976,6115.48120883275,96.56437509999999,67.17313223904384,24.825429306376606,2.210388900022107,57,64,,False,True,,1161,21.16838264042747
31,2026-09-14T02:06:56.672+00:00,2026-09-14T02:08:36.588+00:00,2026-09-14T02:08:53.061+00:00,True,248,248.0,,248.0,99915.654119,116388.82711099999,116388.827211,469.30978714112905,35.141586000000004,99915.654119,6340.454460903552,95.53191885,66.69300806477733,22.309414051718637,2.1307887204970495,57,64,,False,True,,1128,21.16838264042747
32,2026-09-14T02:07:00.925+00:00,2026-09-14T02:08:45.102+00:00,2026-09-14T02:08:58.764+00:00,True,205,205.0,,205.0,104177.181001,117839.332169,117839.332013,574.8260098195123,0.0,104177.181001,7271.42581605698,96.75131800000001,66.97132925490196,27.92605369566742,1.7396568380580941,57,64,,False,True,,734,21.16838264042747
33,2026-09-14T02:07:04.586+00:00,2026-09-14T02:08:51.863+00:00,2026-09-14T02:09:01.397+00:00,True,147,147.0,,147.0,107276.90924600001,116810.79724600002,116810.79734100001,794.6312744285715,0.0,107276.90924600001,8842.715199834785,95.28310760000001,65.30060273972603,30.06362390407303,1.258445310414434,57,64,,False,True,,676,21.16838264042747
34,2026-09-14T02:07:08.260+00:00,2026-09-14T02:08:58.267+00:00,2026-09-14T02:09:16.090+00:00,True,270,270.0,,270.0,110006.860956,127829.972892,127829.972714,473.4443433851852,0.0,110006.860956,6690.826969448552,96.50641500000002,66.25692169516729,27.149702201928108,2.1121806872955804,57,64,,False,True,,1138,21.16838264042747
35,2026-09-14T02:07:12.229+00:00,2026-09-14T02:09:04.697+00:00,2026-09-14T02:09:13.609+00:00,True,136,136.0,,136.0,112467.718195,121380.08888299999,121380.08878199999,892.5006528088235,33.02526,112467.718195,9638.391816597597,95.80275275,66.01756065185185,22.255111978105116,1.1204473588010992,57,64,,False,True,,638,21.16838264042747
36,2026-09-14T02:07:17.809+00:00,2026-09-14T02:09:15.579+00:00,2026-09-14T02:09:32.309+00:00,True,252,252.0,,252.0,117770.09053,134499.772962,134499.772848,533.7292573333333,0.0,117770.09053,7414.798643333741,96.92029805000001,66.65212124302789,51.619416894340254,1.8736091106354298,57,64,,False,True,,1041,21.16838264042747
37,2026-09-14T02:07:21.526+00:00,2026-09-14T02:09:21.870+00:00,2026-09-14T02:09:35.332+00:00,True,203,203.0,,203.0,120344.163359,133806.349599,133806.349557,659.1445790985222,39.009438,120344.163359,8441.857118518188,98.2087481,66.64448633663366,22.650263578062553,1.5171178393877738,57,64,,False,True,,943,21.16838264042747
38,2026-09-14T02:07:25.129+00:00,2026-09-14T02:09:27.985+00:00,2026-09-14T02:09:42.704+00:00,True,224,224.0,,224.0,122856.36588,137575.732792,137575.732833,614.17737871875,41.532512000000004,122856.36588,8204.303720676604,93.92878550000002,66.00612965022421,21.371352717868795,1.628194125912194,57,64,,False,True,,1186,21.16838264042747
39,2026-09-14T02:07:28.385+00:00,2026-09-14T02:09:33.359+00:00,2026-09-14T02:09:41.114+00:00,True,118,118.0,,118.0,124973.483545,132728.62312899999,132728.62311699998,1124.8188399745761,40.861453999999995,124973.483545,11498.6601994389,95.24975135000001,66.2832443076923,21.74250606606485,0.8890320506475446,57,64,,False,True,,529,21.16838264042747
40,2026-09-14T02:07:32.808+00:00,2026-09-14T02:09:41.383+00:00,2026-09-14T02:09:50.052+00:00,True,134,134.0,,134.0,128575.11736399999,137244.63723599998,137244.63722399998,1024.2137106268656,0.0,128575.11736399999,11101.61642291506,94.09234015,65.18435993984963,33.13363671120251,0.9763587321053525,57,64,,False,True,,638,21.16838264042747
41,2026-09-14T02:07:37.768+00:00,2026-09-14T02:09:49.811+00:00,2026-09-14T02:09:56.902+00:00,True,106,106.0,,106.0,132043.518272,139133.88704,139133.88704799998,1312.5838400754715,28.52806,132043.518272,12818.660567749052,94.56880025000001,67.5273216,22.263575753014074,0.7618560959885047,57,64,,False,True,,424,21.16838264042747
42,2026-09-14T02:07:43.225+00:00,2026-09-14T02:09:59.812+00:00,2026-09-14T02:10:07.750+00:00,True,119,119.0,,119.0,136587.06331,144524.665358,144524.665406,1214.492986605042,40.305885,136587.06331,12514.76864322324,95.77696490000002,67.26781396610168,22.19157409154077,0.8233888637986242,57,64,,False,True,,619,21.16838264042747
43,2026-09-14T02:07:48.347+00:00,2026-09-14T02:10:09.291+00:00,2026-09-14T02:10:27.909+00:00,True,284,284.0,,284.0,140943.663982,159562.129518,159562.12966099998,561.8384847218309,0.0,140943.663982,8359.770896834194,96.09429,65.78963086925795,58.93800240839281,1.7798709559586463,57,64,,False,True,,1331,21.16838264042747
44,2026-09-14T02:07:52.920+00:00,2026-09-14T02:10:16.651+00:00,2026-09-14T02:10:31.700+00:00,True,231,231.0,,231.0,143731.030401,158780.098433,158780.098438,687.3597334978355,0.016120000000000002,143731.030401,9452.709949940663,95.45836849999999,65.43073057391304,62.76440804253745,1.45484227733663,57,64,,False,True,,1339,21.16838264042747
45,2026-09-14T02:07:56.796+00:00,2026-09-14T02:10:24.224+00:00,2026-09-14T02:10:41.555+00:00,True,260,260.0,,260.0,147428.344597,164759.038741,164759.038665,633.68861025,0.0,147428.344597,9139.0201142853,94.98190495,66.913877003861,30.93078449639211,1.5780621323526784,57,64,,False,True,,1100,21.16838264042747
46,2026-09-14T02:08:02.247+00:00,2026-09-14T02:10:33.723+00:00,2026-09-14T02:10:40.541+00:00,True,103,103.0,,103.0,151475.952991,158293.534815,158293.534793,1536.8304348834952,0.0,151475.952991,14918.840406304644,97.0742151,66.83903749019608,41.483846551942335,0.6506898725862533,57,64,,False,True,,344,21.16838264042747
47,2026-09-14T02:08:06.167+00:00,2026-09-14T02:10:40.024+00:00,2026-09-14T02:10:52.443+00:00,True,191,191.0,,191.0,153856.369848,166275.406264,166275.40624,870.5518651308901,10.287087999999999,153856.369848,11127.949194770188,95.3945435,65.36334955789474,22.442854909589407,1.1486966370525302,57,64,,False,True,,303,21.16838264042747
48,2026-09-14T02:08:11.322+00:00,2026-09-14T02:10:49.657+00:00,2026-09-14T02:10:57.395+00:00,True,119,119.0,,119.0,158335.60088999997,166072.75084199998,166072.75084999998,1395.5693348739494,4.245931,158335.60088999997,14508.607076977303,95.564703,65.56906738983051,22.335935905535557,0.7165534345439696,57,64,,False,True,,487,21.16838264042747
49,2026-09-14T02:08:16.102+00:00,2026-09-14T02:10:57.354+00:00,2026-09-14T02:11:08.864+00:00,True,175,175.0,,175.0,161251.98283899997,172761.97477499998,172761.97497299997,987.2112855599999,40.389205000000004,161251.98283899997,12184.522370652887,92.34284039999999,66.14937894252873,21.38051802968049,1.0129543855232888,57,64,,False,True,,785,21.16838264042747
50,2026-09-14T02:08:21.628+00:00,2026-09-14T02:11:07.708+00:00,2026-09-14T02:11:25.824+00:00,True,273,273.0,,273.0,166079.713557,184195.84974900002,184195.849816,674.7100725860806,0.0,166079.713557,10047.616788232737,96.771098,66.60344188235294,30.554083848558435,1.482118084484594,57,64,,False,True,,924,21.16838264042747
51,2026-09-14T02:08:25.823+00:00,2026-09-14T02:11:14.430+00:00,2026-09-14T02:11:27.766+00:00,True,194,194.0,,194.0,168606.842397,181943.474973,181943.474949,937.8529636546392,0.01659,168606.842397,12100.532965739108,97.1851635,69.10172319170985,74.53551499962177,1.0662652234645356,57,64,,False,True,,919,21.16838264042747
52,2026-09-14T02:08:30.429+00:00,2026-09-14T02:11:23.495+00:00,2026-09-14T02:11:31.522+00:00,True,119,119.0,,119.0,173066.146645,181093.652821,181093.652867,1521.7954022436975,0.0155,173066.146645,15858.998081565585,96.19155789999999,68.0297133559322,95.76694312731367,0.657118557974112,57,64,,False,True,,388,21.16838264042747
53,2026-09-14T02:08:35.022+00:00,2026-09-14T02:11:31.068+00:00,2026-09-14T02:11:48.358+00:00,True,261,261.0,,261.0,176046.279951,193336.657935,193336.657981,740.7534788544061,0.0,176046.279951,10892.916458482056,95.39453900000001,66.50145378461538,30.17417143873381,1.3499767855082532,57,64,,False,True,,1225,21.16838264042747
54,2026-09-14T02:08:40.036+00:00,2026-09-14T02:11:40.777+00:00,2026-09-14T02:11:57.842+00:00,True,252,252.0,,252.0,180740.580635,197805.30921099999,197805.30930999998,784.941703611111,0.0,180740.580635,11381.344199759902,95.31463749999999,67.98696643824701,30.457392750956167,1.27397996042255,57,64,,False,True,,1159,21.16838264042747
55,2026-09-14T02:08:43.630+00:00,2026-09-14T02:11:46.174+00:00,2026-09-14T02:11:54.648+00:00,True,124,124.0,,124.0,182544.48260699998,191018.001199,191018.001368,1540.4677529677417,38.162869,182544.48260699998,16386.80865515105,96.5089955,68.89039505691058,23.511219387807397,0.6491534788431718,57,64,,False,True,,642,21.16838264042747
56,2026-09-14T02:08:47.994+00:00,2026-09-14T02:11:54.190+00:00,2026-09-14T02:12:14.125+00:00,True,295,295.0,,295.0,186195.812537,206130.64312899997,206130.64310299998,698.7479427220338,39.089858,186195.812537,10836.815857420774,98.40587670000001,67.80554623129251,22.998383806438905,1.4311312259157127,57,64,,False,True,,1492,21.16838264042747
57,2026-09-14T02:08:52.077+00:00,2026-09-14T02:12:01.179+00:00,2026-09-14T02:12:20.788+00:00,True,289,289.0,,289.0,189102.139817,208710.806697,208710.80669,722.1827221107266,0.0,189102.139817,11119.696604761359,98.5363384,68.0856488888889,32.1651896884104,1.3846911167353275,57,64,,False,True,,1328,21.16838264042747
58,2026-09-14T02:08:56.483+00:00,2026-09-14T02:12:09.514+00:00,2026-09-14T02:12:24.973+00:00,True,231,231.0,,231.0,193031.361585,208489.44388900002,208489.44373600002,902.5517044848485,0.0,193031.361585,12696.152460321093,96.676856,67.20905349565217,33.24531612726061,1.1079697642772965,57,64,,False,True,,1209,21.16838264042747
59,2026-09-14T02:09:00.409+00:00,2026-09-14T02:12:16.827+00:00,2026-09-14T02:12:23.663+00:00,True,100,100.0,,100.0,196417.737146,203253.849786,203253.849618,2032.53849618,39.031738,196417.737146,19634.880304171893,94.4570309,69.05164282828284,21.593383499618348,0.49199560109334733,57,64,,False,True,,494,21.16838264042747
60,2026-09-14T02:09:04.490+00:00,2026-09-14T02:12:22.760+00:00,2026-09-14T02:12:32.322+00:00,True,148,148.0,,148.0,198270.04158000002,207832.64228400003,207832.642236,1404.2746097027027,39.136237,198270.04158000002,16292.363423903267,93.1593592,65.05170546938776,21.136159831075847,0.712111429530691,57,64,,False,True,,760,21.16838264042747
61,2026-09-14T02:09:09.702+00:00,2026-09-14T02:12:34.063+00:00,2026-09-14T02:12:45.666+00:00,True,178,178.0,,178.0,204360.664636,215963.283516,215963.283723,1213.2768748483147,36.86434199999999,204360.664636,15312.58079067001,94.17711469999999,65.5515190960452,21.257557092198272,0.8242141770678004,57,64,,False,True,,868,21.16838264042747
62,2026-09-14T02:09:14.401+00:00,2026-09-14T02:12:41.050+00:00,2026-09-14T02:13:00.095+00:00,True,292,292.0,,292.0,206649.628133,225694.04566899998,225694.045576,772.9248136164383,0.0,206649.628133,12089.640896965293,95.59617055000001,65.44473380068729,72.39059566167482,1.2937869013533634,57,64,,False,True,,1030,21.16838264042747
63,2026-09-14T02:09:19.676+00:00,2026-09-14T02:12:52.370+00:00,2026-09-14T02:13:04.372+00:00,True,191,191.0,,191.0,212693.914268,224695.63586799998,224695.636094,1176.4169429005235,0.015390000000000001,212693.914268,15385.44262488792,95.64346850000001,63.16695578947368,25.920060064415374,0.850038761376768,57,64,,False,True,,870,21.16838264042747
64,2026-09-14T02:09:22.859+00:00,2026-09-14T02:12:57.558+00:00,2026-09-14T02:13:13.594+00:00,True,240,240.0,,240.0,214698.764417,230735.322241,230735.322272,961.3971761333333,29.519817,214698.764417,13854.4317681813,95.94172100000002,67.09856830125523,21.947611547120356,1.040152836891281,57,64,,False,True,,521,21.16838264042747
65,2026-09-14T02:09:27.473+00:00,2026-09-14T02:13:03.867+00:00,2026-09-14T02:13:17.185+00:00,True,204,204.0,,204.0,216394.533743,229712.072047,229712.07201600002,1126.0395687058824,32.876841,216394.533743,15146.070017971033,95.50673945,65.60363696551724,21.649611463379355,0.888068259461178,57,64,,False,True,,907,21.16838264042747
66,2026-09-14T02:09:31.188+00:00,2026-09-14T02:13:10.787+00:00,2026-09-14T02:13:17.608+00:00,True,102,102.0,,102.0,219599.03298500003,226419.71496900002,226419.71514400002,2219.8011288627454,41.240103000000005,219599.03298500003,21736.86946765019,95.381909,67.5315047920792,22.750828664087337,0.4504908064828419,57,64,,False,True,,464,21.16838264042747
67,2026-09-14T02:09:35.560+00:00,2026-09-14T02:13:19.023+00:00,2026-09-14T02:13:36.852+00:00,True,274,274.0,,274.0,223462.465441,241291.758497,241291.758336,880.6268552408759,0.0,223462.465441,13495.959605570237,92.54892215,65.30876577289378,34.45167231584397,1.13555473965103,57,64,,False,True,,988,21.16838264042747
68,2026-09-14T02:09:39.400+00:00,2026-09-14T02:13:26.251+00:00,2026-09-14T02:13:42.337+00:00,True,244,244.0,,244.0,226850.17748399999,242936.26439599998,242936.264553,995.6404284959016,0.0,226850.17748399999,14518.40207889086,95.18785665000001,66.19788852674897,36.421294606114145,1.004378661237114,57,64,,False,True,,1012,21.16838264042747
69,2026-09-14T02:09:44.603+00:00,2026-09-14T02:13:34.510+00:00,2026-09-14T02:13:50.362+00:00,True,237,237.0,,237.0,229907.18589,245758.94397,245758.94388799998,1036.9575691476794,36.208303,229907.18589,14929.730069754252,96.053708,67.16846644067797,22.309659213172527,0.9643596126004301,57,64,,False,True,,1096,21.16838264042747
70,2026-09-14T02:09:49.971+00:00,2026-09-14T02:13:44.721+00:00,2026-09-14T02:13:52.995+00:00,True,124,124.0,,124.0,234749.95900099998,243024.16444099997,243024.16444099997,1959.8722938790322,39.972705000000005,234749.95900099998,21075.139437615453,97.10183015000001,67.26996292682927,22.40734664620583,0.5102373267498838,57,64,,False,True,,586,21.16838264042747
71,2026-09-14T02:09:53.271+00:00,2026-09-14T02:13:50.847+00:00,2026-09-14T02:14:10.783+00:00,True,299,299.0,,299.0,237575.895765,257512.735701,257512.73591699998,861.2466084180602,39.057787,237575.895765,13735.518614961507,95.92717200000003,66.9021474362416,22.804085574741183,1.1611076212835205,57,64,,False,True,,1083,21.16838264042747
72,2026-09-14T02:09:56.887+00:00,2026-09-14T02:13:57.248+00:00,2026-09-14T02:14:13.441+00:00,True,234,234.0,,234.0,240361.28401300003,256553.90302100003,256553.90299800003,1096.384200846154,13.128762,240361.28401300003,15708.413909147228,96.75777165,69.49621891845493,39.0515021435404,0.9120890278595609,57,64,,False,True,,1097,21.16838264042747
73,2026-09-14T02:10:01.882+00:00,2026-09-14T02:14:06.643+00:00,2026-09-14T02:14:16.695+00:00,True,149,149.0,,149.0,244761.157303,254813.367991,254813.36801900002,1710.156832342282,0.0,244761.157303,20046.105690879034,96.47390279999999,67.92034248648648,46.96554664068565,0.5847416922226101,57,64,,False,True,,926,21.16838264042747
74,2026-09-14T02:10:07.304+00:00,2026-09-14T02:14:16.423+00:00,2026-09-14T02:14:27.622+00:00,True,171,171.0,,171.0,249119.055159,260317.86219900002,260317.86235900002,1522.3266804619884,37.90468,249119.055159,19045.584629965895,96.45783999999999,65.87533552941176,21.40360618480806,0.6568892297881542,57,64,,False,True,,581,21.16838264042747
75,2026-09-14T02:10:12.206+00:00,2026-09-14T02:14:26.163+00:00,2026-09-14T02:14:36.325+00:00,True,153,153.0,,153.0,253956.768863,264118.994015,264118.993968,1726.2679344313726,0.01577,253956.768863,20526.108932175273,93.90045980000001,66.85674442105264,116.08303869660861,0.5792843508684223,57,64,,False,True,,693,21.16838264042747
76,2026-09-14T02:10:16.393+00:00,2026-09-14T02:14:32.785+00:00,2026-09-14T02:14:51.126+00:00,True,282,282.0,,282.0,256391.653897,274732.63591300003,274732.63576800004,974.2292048510639,30.583595000000003,256391.653897,15264.029118889332,93.7213915,65.27039863345196,21.51534215852726,1.0264524964893553,57,64,,False,True,,1377,21.16838264042747
77,2026-09-14T02:10:20.492+00:00,2026-09-14T02:14:40.389+00:00,2026-09-14T02:14:56.343+00:00,True,245,245.0,,245.0,259896.817303,275851.271831,275851.271787,1125.9235583142856,32.782669999999996,259896.817303,16600.035237805307,94.2246708,65.38710872131148,21.663375881905814,0.8881597622290429,57,64,,False,True,,1210,21.16838264042747
78,2026-09-14T02:10:24.663+00:00,2026-09-14T02:14:46.531+00:00,2026-09-14T02:14:55.083+00:00,True,131,131.0,,131.0,261867.44280000002,270419.824496,270419.824624,2064.273470412214,37.081481,261867.44280000002,22873.726877867248,94.32011900000002,65.78755150769231,21.53017253542963,0.484431939278689,57,64,,False,True,,652,21.16838264042747
79,2026-09-14T02:10:28.966+00:00,2026-09-14T02:14:55.221+00:00,2026-09-14T02:15:09.155+00:00,True,205,205.0,,205.0,266255.37822799996,280189.47205199994,280189.471988,1366.7779121365852,0.0,266255.37822799996,18591.36137187697,94.426162,68.30438149019608,43.09394783878769,0.7316477614189386,57,64,,False,True,,822,21.16838264042747
80,2026-09-14T02:10:33.712+00:00,2026-09-14T02:15:02.766+00:00,2026-09-14T02:15:14.577+00:00,True,177,177.0,,177.0,269054.048079,280865.093711,280865.09365,1586.808438700565,40.055655,269054.048079,20218.308909462372,95.5114394,67.10821381818182,22.470652429116715,0.6301957913720905,57,64,,False,True,,693,21.16838264042747
81,2026-09-14T02:10:39.380+00:00,2026-09-14T02:15:13.098+00:00,2026-09-14T02:15:27.555+00:00,True,214,214.0,,214.0,273717.454565,288174.91197300004,288174.911978,1346.6117382149534,37.488440000000004,273717.454565,18706.313739053257,97.3430128,67.87538689201878,22.620619116662418,0.7426045471302175,57,64,,False,True,,998,21.16838264042747
82,2026-09-14T02:10:43.298+00:00,2026-09-14T02:15:19.727+00:00,2026-09-14T02:15:30.194+00:00,True,158,158.0,,158.0,276428.892121,286895.75727299997,286895.757336,1815.795932506329,37.103260999999996,276428.892121,21986.209849787374,97.96706685,66.6679309044586,22.849079120842987,0.5507226788636429,57,64,,False,True,,623,21.16838264042747
83,2026-09-14T02:10:49.134+00:00,2026-09-14T02:15:31.127+00:00,2026-09-14T02:15:37.867+00:00,True,100,100.0,,100.0,281992.454907,288732.508923,288732.50887,2887.3250887,40.245426,281992.454907,28192.445876851645,96.03156994999999,68.0813536969697,22.031441521051498,0.34634132600104367,57,64,,False,True,,330,21.16838264042747
84,2026-09-14T02:10:53.758+00:00,2026-09-14T02:15:39.308+00:00,2026-09-14T02:15:53.555+00:00,True,222,222.0,,222.0,285550.01446499996,299796.83712099993,299796.83713999996,1350.4362033333332,0.0,285550.01446499996,19160.582464715848,95.24555655,64.46526088687783,42.518550594750835,0.7405014747050161,57,64,,False,True,,872,21.16838264042747
85,2026-09-14T02:10:59.486+00:00,2026-09-14T02:15:49.539+00:00,2026-09-14T02:15:59.506+00:00,False,150,149.0,,149.0,290052.36652,300020.14328799996,300020.143271,2000.1342884733333,0.0219,290052.36652,23677.22465368738,93.88002745000001,66.89783065771812,22.14162453599272,0.496633320573311,57,64,,False,False,Request timeout: 300.0s exceeded,690,21.16838264042747
86,2026-09-14T02:11:03.147+00:00,2026-09-14T02:15:55.420+00:00,2026-09-14T02:16:02.606+00:00,True,101,101.0,,101.0,292273.474643,299459.822163,299459.822182,2964.9487344752474,39.912416,292273.474643,29075.153539703646,93.395764,71.8634752,19.576527371149577,0.33727395972680546,57,64,,False,True,,511,21.16838264042747
87,2026-09-14T02:11:07.915+00:00,2026-09-14T02:16:01.609+00:00,2026-09-14T02:16:07.980+00:00,False,94,93.0,,93.0,293694.03505400004,300065.20791800006,300065.207966,3192.1830634680855,0.03686,293694.03505400004,30285.167605995033,89.261224,68.5072350967742,20.43837574562441,0.30993263312757824,57,64,,False,False,Request timeout: 300.0s exceeded,475,21.16838264042747
88,2026-09-14T02:11:13.125+00:00,2026-09-14T02:16:07.142+00:00,2026-09-14T02:16:13.142+00:00,False,88,87.0,,87.0,294017.25521,300016.74065,300016.740483,3409.2811418522724,0.05694,294017.25521,31334.999841692814,87.94024185,68.95960275862069,19.89625925018706,0.28998381827464204,57,64,,False,False,Request timeout: 300.0s exceeded,363,21.16838264042747
89,2026-09-14T02:11:18.511+00:00,2026-09-14T02:16:12.176+00:00,2026-09-14T02:16:18.563+00:00,False,97,96.0,,96.0,293665.026017,300052.14128100005,300052.14122700004,3093.32104357732,0.03638,293665.026017,29810.417166025378,88.14637780000001,66.53245066666666,20.110580347211442,0.31994439229845595,57,64,,False,False,Request timeout: 300.0s exceeded,364,21.16838264042747
90,2026-09-14T02:11:22.260+00:00,2026-09-14T02:16:16.276+00:00,2026-09-14T02:16:22.274+00:00,False,87,86.0,,86.0,294016.3329,300014.001252,300014.001235,3448.4367958045973,0.048799999999999996,294016.3329,31514.388506135423,87.499123,69.7403296744186,19.330126355576347,0.2866532883169121,57,64,,False,False,Request timeout: 300.0s exceeded,395,21.16838264042747
91,2026-09-14T02:11:27.785+00:00,2026-09-14T02:16:21.383+00:00,2026-09-14T02:16:27.878+00:00,False,98,97.0,,97.0,293597.110506,300092.812522,300092.812528,3062.1715564081633,0.02784,293597.110506,29651.02897252288,89.01583935000001,66.96600016494845,20.088771889189108,0.32323333299723356,57,64,,False,False,Request timeout: 300.0s exceeded,450,21.16838264042747
92,2026-09-14T02:11:32.085+00:00,2026-09-14T02:16:26.234+00:00,2026-09-14T02:16:32.840+00:00,False,80,79.0,,79.0,294148.84175,300755.178006,300755.17782700004,3759.4397228375,0.03658,294148.84175,32877.984708077514,93.51154074999998,83.62450956962026,181.36966748358145,0.26267211930902806,57,64,,False,False,Request timeout: 300.0s exceeded,186,21.16838264042747
93,2026-09-14T02:11:35.432+00:00,2026-09-14T02:16:29.578+00:00,2026-09-14T02:16:35.468+00:00,False,99,98.0,,98.0,294145.743126,300035.262742,300035.26286099997,3030.659220818182,0.01675,294145.743126,29557.144706349598,88.2850437,60.09713893877551,159.3545727523418,0.3266282739714835,57,64,,False,False,Request timeout: 300.0s exceeded,452,21.16838264042747
94,2026-09-14T02:11:40.312+00:00,2026-09-14T02:16:34.015+00:00,2026-09-14T02:16:40.377+00:00,False,91,90.0,,90.0,293702.875509,300064.859253,300064.85925599997,3297.4160357802193,0.02095,293702.875509,30781.02276677211,88.768202,70.68870826666667,19.111507776149143,0.29993515476637805,57,64,,False,False,Request timeout: 300.0s exceeded,472,21.16838264042747
95,2026-09-14T02:11:43.762+00:00,2026-09-14T02:16:37.748+00:00,2026-09-14T02:16:43.789+00:00,False,93,92.0,,92.0,293985.90847,300027.46008600004,300027.46003400005,3226.1017207956993,0.0,293985.90847,30478.17903092336,87.87364799999999,65.66903930434783,65.67579135608095,0.30663859892567524,57,64,,False,False,Request timeout: 300.0s exceeded,268,21.16838264042747
96,2026-09-14T02:11:49.397+00:00,2026-09-14T02:16:43.077+00:00,2026-09-14T02:16:49.429+00:00,False,98,97.0,,97.0,293680.369807,300032.003983,300032.003903,3061.5510602346935,0.034709000000000004,293680.369807,29659.589727137947,89.86921235,65.48076470103092,20.481112772094775,0.3232988438309937,57,64,,False,False,Request timeout: 300.0s exceeded,469,21.16838264042747
97,2026-09-14T02:11:53.557+00:00,2026-09-14T02:16:47.041+00:00,2026-09-14T02:16:53.573+00:00,False,97,96.0,,96.0,293484.390665,300016.116745,300016.11693,3092.949659072165,0.02577,293484.390665,29791.923627817545,89.2075938,68.03881333333332,20.329520553064135,0.31998280972883736,57,64,,False,False,Request timeout: 300.0s exceeded,390,21.16838264042747
98,2026-09-14T02:11:58.232+00:00,2026-09-14T02:16:52.203+00:00,2026-09-14T02:16:58.245+00:00,False,87,86.0,,86.0,293970.608934,300012.895526,300012.895375,3448.4240847701153,0.038149999999999996,293970.608934,31509.431528534984,90.47111850000002,70.25914641860466,20.557779233747212,0.28665434480481183,57,64,,False,False,Request timeout: 300.0s exceeded,368,21.16838264042747
99,2026-09-14T02:12:01.631+00:00,2026-09-14T02:16:55.587+00:00,2026-09-14T02:17:01.711+00:00,False,89,88.0,,88.0,293955.205336,300079.250904,300079.250725,3371.6769744382023,0.022760000000000002,293955.205336,31151.819145669062,88.87337399999998,69.59142690909091,20.043173546107564,0.2932558640255756,57,64,,False,False,Request timeout: 300.0s exceeded,447,21.16838264042747
100,2026-09-14T02:12:06.904+00:00,2026-09-14T02:17:00.512+00:00,2026-09-14T02:17:06.937+00:00,False,93,92.0,,92.0,293608.051014,300033.37709400005,300033.37724500004,3226.1653467204305,0.02916,293608.051014,30438.500794726824,88.6140826,69.84050086956522,19.70504861925269,0.30663255165499975,57,64,,False,False,Request timeout: 300.0s exceeded,378,21.16838264042747
101,2026-09-14T02:12:11.781+00:00,2026-09-14T02:17:05.710+00:00,2026-09-14T02:17:11.789+00:00,False,87,86.0,,86.0,293929.30971899995,300007.65826299996,300007.65816399996,3448.363886942528,0.02614,293929.30971899995,31504.95818354431,88.36558560000002,70.67847144186047,19.525727506469167,0.2866593489577143,57,64,,False,False,Request timeout: 300.0s exceeded,325,21.16838264042747
102,2026-09-14T02:12:15.472+00:00,2026-09-14T02:17:09.797+00:00,2026-09-14T02:17:15.504+00:00,False,81,80.0,,80.0,294324.40109,300031.830978,300031.83096,3704.0966785185187,0.09442,294324.40109,32694.78991031307,89.72782000000001,71.34287359999999,19.36637128753343,0.2666383754657886,57,64,,False,False,Request timeout: 300.0s exceeded,315,21.16838264042747
103,2026-09-14T02:12:20.689+00:00,2026-09-14T02:17:14.235+00:00,2026-09-14T02:17:20.762+00:00,False,98,97.0,,97.0,293546.010061,300072.481485,300072.48146700003,3061.964096602041,0.02256,293546.010061,29645.835215478477,88.9256235,67.28321055670104,20.398508351891863,0.3232552332688622,57,64,,False,False,Request timeout: 300.0s exceeded,521,21.16838264042747
104,2026-09-14T02:12:23.846+00:00,2026-09-14T02:17:17.384+00:00,2026-09-14T02:17:23.874+00:00,False,96,95.0,,95.0,293538.372168,300027.99571999995,300027.99575299997,3125.291622427083,0.04249,293538.372168,29952.169468432297,89.50999575,68.3118268631579,20.378288440306815,0.3166371183863069,57,64,,False,False,Request timeout: 300.0s exceeded,510,21.16838264042747
105,2026-09-14T02:12:27.926+00:00,2026-09-14T02:17:21.487+00:00,2026-09-14T02:17:28.011+00:00,False,94,93.0,,93.0,293560.88442400005,300085.3810640001,300085.381126,3192.397671553192,0.03823,293560.88442400005,30271.263789052482,88.31905535,70.15587784946236,19.927950601121573,0.3099117980031344,57,64,,False,False,Request timeout: 300.0s exceeded,429,21.16838264042747
106,2026-09-14T02:12:32.782+00:00,2026-09-14T02:17:26.620+00:00,2026-09-14T02:17:32.826+00:00,False,92,91.0,,91.0,293838.083194,300043.97913,300043.979127,3261.347599206522,0.12856,293838.083194,30627.634220964967,88.5324775,68.19665863736265,19.81864717212278,0.3032888720642265,57,64,,False,False,Request timeout: 300.0s exceeded,347,21.16838264042747
107,2026-09-14T02:12:38.593+00:00,2026-09-14T02:17:32.411+00:00,2026-09-14T02:17:38.603+00:00,False,96,95.0,,95.0,293818.133321,300010.25415299996,300010.25434,3125.106816041666,0.0,293818.133321,29981.10671716271,87.780127,65.18021928421052,65.8186879411847,0.31665584320845136,57,64,,False,False,Request timeout: 300.0s exceeded,458,21.16838264042747
108,2026-09-14T02:12:43.881+00:00,2026-09-14T02:17:37.815+00:00,2026-09-14T02:17:43.942+00:00,False,88,87.0,,87.0,293933.65146200004,300061.37498200004,300061.374987,3409.7883521250005,0.02299,293933.65146200004,31325.930552721482,89.922843,70.43360367816092,19.940732520805266,0.28994068298600223,57,64,,False,False,Request timeout: 300.0s exceeded,394,21.16838264042747
109,2026-09-14T02:12:48.555+00:00,2026-09-14T02:17:41.965+00:00,2026-09-14T02:17:48.577+00:00,False,96,95.0,,95.0,293410.359547,300021.710843,300021.71092999994,3125.226155520833,0.02581,293410.359547,29938.97313997201,89.35374425000002,69.5931715368421,19.89546863757092,0.31664375132409356,57,64,,False,False,Request timeout: 300.0s exceeded,330,21.16838264042747
110,2026-09-14T02:12:52.382+00:00,2026-09-14T02:17:46.100+00:00,2026-09-14T02:17:52.505+00:00,False,95,94.0,,94.0,293717.44306300004,300122.86335100007,300122.86338000005,3159.1880355789476,0.019149999999999997,293717.44306300004,30127.789922987005,90.5103787,68.14276902127659,21.232739196176464,0.31320506192180697,57,64,,False,False,Request timeout: 300.0s exceeded,216,21.16838264042747
111,2026-09-14T02:12:56.382+00:00,2026-09-14T02:17:50.054+00:00,2026-09-14T02:17:56.438+00:00,False,99,98.0,,98.0,293672.024563,300055.723507,300055.72345600004,3030.8658934949494,0.02835,293672.024563,29508.609399233992,89.6105761,65.13978514285714,20.715274619987767,0.32660600122734784,57,64,,False,False,Request timeout: 300.0s exceeded,321,21.16838264042747
112,2026-09-14T02:12:59.530+00:00,2026-09-14T02:17:53.783+00:00,2026-09-14T02:17:59.571+00:00,False,87,86.0,,86.0,294252.88581300003,300040.951605,300040.95158600004,3448.7465699540235,0.03574,294252.88581300003,31540.011835775174,89.5905346,67.30309060465117,20.763747099628304,0.2866275404739346,57,64,,False,False,Request timeout: 300.0s exceeded,378,21.16838264042747
113,2026-09-14T02:13:04.023+00:00,2026-09-14T02:17:57.844+00:00,2026-09-14T02:18:04.033+00:00,False,93,92.0,,92.0,293821.339835,300009.759931,300009.759952,3225.9113973333333,0.020989999999999998,293821.339835,30460.88487225895,88.08689419999999,67.26543582608696,19.76711795412023,0.3066566901728774,57,64,,False,False,Request timeout: 300.0s exceeded,441,21.16838264042747
114,2026-09-14T02:13:07.447+00:00,2026-09-14T02:18:00.865+00:00,2026-09-14T02:18:07.497+00:00,False,97,96.0,,96.0,293418.201614,300049.871118,300049.871203,3093.2976412680414,0.04039,293418.201614,29785.097065712544,88.60014460000001,69.07989066666667,19.761202854626717,0.3199468129824534,57,64,,False,False,Request timeout: 300.0s exceeded,298,21.16838264042747
115,2026-09-14T02:13:12.933+00:00,2026-09-14T02:18:06.758+00:00,2026-09-14T02:18:12.975+00:00,False,91,90.0,,90.0,293824.089495,300041.74120700004,300041.74109,3297.16199,0.022609999999999998,293824.089495,30793.898275505977,89.3936915,69.08501902222223,20.25125774679446,0.29995826459995323,57,64,,False,False,Request timeout: 300.0s exceeded,436,21.16838264042747
116,2026-09-14T02:13:18.445+00:00,2026-09-14T02:18:12.146+00:00,2026-09-14T02:18:18.495+00:00,False,97,96.0,,96.0,293700.633476,300050.000516,300050.000552,3093.2989747628867,0.0241,293700.633476,29814.072872737896,88.6014122,66.13924,20.69162170390055,0.3199466750038578,57,64,,False,False,Request timeout: 300.0s exceeded,495,21.16838264042747
117,2026-09-14T02:13:24.239+00:00,2026-09-14T02:18:17.992+00:00,2026-09-14T02:18:24.263+00:00,False,94,93.0,,93.0,293753.00812699995,300024.42803099996,300024.42798899993,3191.7492339255314,0.024300000000000002,293753.00812699995,30291.36063134486,87.93236399999999,67.43462262365591,20.11683461381641,0.30997475975653155,57,64,,False,False,Request timeout: 300.0s exceeded,455,21.16838264042747
118,2026-09-14T02:13:27.551+00:00,2026-09-14T02:18:20.956+00:00,2026-09-14T02:18:27.563+00:00,False,99,98.0,,98.0,293405.01876,300011.57952800003,300011.579432,3030.4199942626265,0.02572,293405.01876,29481.545357700907,88.07499619999999,67.4138853877551,20.132490793495506,0.32665405833395067,57,64,,False,False,Request timeout: 300.0s exceeded,322,21.16838264042747
119,2026-09-14T02:13:31.669+00:00,2026-09-14T02:18:25.449+00:00,2026-09-14T02:18:31.702+00:00,False,89,88.0,,88.0,293780.583209,300033.499177,300033.49906,3371.162910786517,0.027059999999999997,293780.583209,31133.15433491989,89.79523939999999,71.05586327272727,20.54574667260589,0.2933005822396045,57,64,,False,False,Request timeout: 300.0s exceeded,432,21.16838264042747
120,2026-09-14T02:13:35.391+00:00,2026-09-14T02:18:29.120+00:00,2026-09-14T02:18:35.469+00:00,False,98,97.0,,97.0,293729.01140899997,300077.80552099994,300077.80537799996,3062.0184222244893,0.0,293729.01140899997,29664.565120473977,92.88981135,65.45148569072164,62.84854802351295,0.32324949801464664,57,64,,False,False,Request timeout: 300.0s exceeded,509,21.16838264042747
121,2026-09-14T02:13:40.555+00:00,2026-09-14T02:18:34.441+00:00,2026-09-14T02:18:40.594+00:00,False,89,88.0,,88.0,293885.361686,300039.036182,300039.036006,3371.2251236629218,0.02112,293885.361686,31144.379937067024,89.05145,69.92811927272727,19.871587109458435,0.2932951695879341,57,64,,False,False,Request timeout: 300.0s exceeded,427,21.16838264042747
122,2026-09-14T02:13:44.160+00:00,2026-09-14T02:18:38.143+00:00,2026-09-14T02:18:44.196+00:00,False,92,91.0,,91.0,293983.38754699996,300036.51394699997,300036.513879,3261.266455206521,0.0207,293983.38754699996,30642.958664089427,89.34996299999999,66.51787252747252,20.42631830382304,0.3032964181688724,57,64,,False,False,Request timeout: 300.0s exceeded,476,21.16838264042747
123,2026-09-14T02:13:48.738+00:00,2026-09-14T02:18:42.488+00:00,2026-09-14T02:18:48.819+00:00,False,101,100.0,,100.0,293749.138421,300081.037301,300081.037354,2971.099379742574,0.02653,293749.138421,29222.838516001328,89.56210000000002,63.3189888,20.70101413406582,0.33324331620359526,57,64,,False,False,Request timeout: 300.0s exceeded,449,21.16838264042747
124,2026-09-14T02:13:53.824+00:00,2026-09-14T02:18:47.513+00:00,2026-09-14T02:18:53.837+00:00,False,93,92.0,,92.0,293689.37315899995,300012.90442299994,300012.90449999995,3225.945209677419,0.0248,293689.37315899995,30447.04842986004,90.08836579999999,68.73403547826088,19.99669493924732,0.3066534760461023,57,64,,False,False,Request timeout: 300.0s exceeded,466,21.16838264042747
125,2026-09-14T02:13:59.223+00:00,2026-09-14T02:18:52.736+00:00,2026-09-14T02:18:59.268+00:00,False,74,73.0,,73.0,293513.53478600003,300045.39705800003,300045.39684600005,4054.6675249459463,0.032490000000000005,293513.53478600003,34110.48219938401,89.77758925000002,89.47756536986302,208.48221411233834,0.24329651684637837,57,64,,False,False,Request timeout: 300.0s exceeded,230,21.16838264042747
126,2026-09-14T02:14:04.094+00:00,2026-09-14T02:18:59.263+00:00,2026-09-14T02:19:04.175+00:00,False,106,105.0,,105.0,295169.380264,300081.226408,300081.2264,2830.9549660377356,0.01577,295169.380264,28664.86306009074,89.5906105,46.77948708571429,35.749619254916986,0.34990526150822465,57,64,,False,False,Request timeout: 300.0s exceeded,442,21.16838264042747
127,2026-09-14T02:14:08.525+00:00,2026-09-14T02:19:02.191+00:00,2026-09-14T02:19:08.569+00:00,False,98,97.0,,97.0,293665.84962199995,300044.16821399995,300044.16826799995,3061.675186408163,0.023039999999999998,293665.84962199995,29658.095141322552,87.708275,65.75586177319587,20.427135720100186,0.3232857368213098,57,64,,False,False,Request timeout: 300.0s exceeded,276,21.16838264042747
128,2026-09-14T02:14:12.159+00:00,2026-09-14T02:19:05.845+00:00,2026-09-14T02:19:12.164+00:00,False,90,89.0,,89.0,293685.997258,300005.552074,300005.551997,3333.395022188889,0.038880000000000005,293685.997258,30949.742943474597,87.1445955,71.00623388764045,18.35762114375223,0.296661176383986,57,64,,False,False,Request timeout: 300.0s exceeded,402,21.16838264042747
129,2026-09-14T02:14:16.970+00:00,2026-09-14T02:19:10.693+00:00,2026-09-14T02:19:17.015+00:00,False,92,91.0,,91.0,293723.40573299996,300045.16342899995,300045.16349699994,3261.360472793478,0.0181,293723.40573299996,30615.54570280004,89.05480005,69.46986479120879,20.085669569455742,0.3032876749620843,57,64,,False,False,Request timeout: 300.0s exceeded,287,21.16838264042747
130,2026-09-14T02:14:21.273+00:00,2026-09-14T02:19:15.279+00:00,2026-09-14T02:19:21.311+00:00,False,86,85.0,,85.0,294005.897853,300037.89708499995,300037.89690999995,3488.8127547674417,0.02142,294005.897853,31695.825431503843,90.14460924999999,70.96469684705882,20.337048317255388,0.2832975461627093,57,64,,False,False,Request timeout: 300.0s exceeded,376,21.16838264042747
131,2026-09-14T02:14:25.719+00:00,2026-09-14T02:19:19.537+00:00,2026-09-14T02:19:25.742+00:00,False,93,92.0,,92.0,293818.122148,300022.8625,300022.862432,3226.0522842150535,0.02229,293818.122148,30460.53325823991,89.4766088,67.44282991304348,20.44005616678489,0.3066432978920065,57,64,,False,False,Request timeout: 300.0s exceeded,453,21.16838264042747
132,2026-09-14T02:14:31.939+00:00,2026-09-14T02:19:25.168+00:00,2026-09-14T02:19:32.070+00:00,False,112,111.0,,111.0,293229.10805299995,300130.8332369999,300130.83324199996,2679.7395825178564,0.0,293229.10805299995,27701.74351220529,92.08747685,62.17770436036036,63.63404511576559,0.3698387093482936,57,64,,False,False,Request timeout: 300.0s exceeded,443,21.16838264042747
133,2026-09-14T02:14:35.266+00:00,2026-09-14T02:19:29.153+00:00,2026-09-14T02:19:35.331+00:00,False,102,101.0,,101.0,293887.785647,300065.186735,300065.186696,2941.815555843137,0.03676,293887.785647,29093.177640633512,87.23556655,61.16238700990099,19.890995243568106,0.336593528556171,57,64,,False,False,Request timeout: 300.0s exceeded,462,21.16838264042747
134,2026-09-14T02:14:40.051+00:00,2026-09-14T02:19:33.629+00:00,2026-09-14T02:19:40.100+00:00,False,98,97.0,,97.0,293578.184452,300049.69114,300049.69126500003,3061.731543520408,0.026920000000000003,293578.184452,29649.14221559171,89.0117212,66.71656379381443,19.888022620420198,0.32327978619628317,57,64,,False,False,Request timeout: 300.0s exceeded,474,21.16838264042747
135,2026-09-14T02:14:43.357+00:00,2026-09-14T02:19:37.143+00:00,2026-09-14T02:19:43.369+00:00,False,96,95.0,,95.0,293786.098639,300011.715279,300011.715248,3125.1220338333333,0.032229999999999995,293786.098639,29977.73675494324,87.40380825,65.5328067368421,20.648068016134697,0.31665430102172326,57,64,,False,False,Request timeout: 300.0s exceeded,504,21.16838264042747
136,2026-09-14T02:14:47.119+00:00,2026-09-14T02:19:40.869+00:00,2026-09-14T02:19:47.169+00:00,False,96,95.0,,95.0,293750.07911299996,300050.32410499995,300050.32429599995,3125.5242114166663,0.02215,293750.07911299996,29973.980228351345,89.565286,66.3183683368421,20.465776186963758,0.31661355568726396,57,64,,False,False,Request timeout: 300.0s exceeded,246,21.16838264042747
137,2026-09-14T02:14:52.283+00:00,2026-09-14T02:19:45.672+00:00,2026-09-14T02:19:52.324+00:00,False,104,103.0,,103.0,293388.97131199995,300040.37739199994,300040.37761399994,2885.0036309038455,0.02203,293388.97131199995,28762.83047931078,88.63740729999999,64.57675805825242,20.420765037989973,0.34328712986996235,57,64,,False,False,Request timeout: 300.0s exceeded,471,21.16838264042747
138,2026-09-14T02:14:56.999+00:00,2026-09-14T02:19:50.609+00:00,2026-09-14T02:19:57.027+00:00,False,92,91.0,,91.0,293610.262237,300028.352477,300028.35247499996,3261.177744293478,0.02505,293610.262237,30603.638811106073,89.73507154999999,70.52846417582418,19.295538148883765,0.30330466853787097,57,64,,False,False,Request timeout: 300.0s exceeded,424,21.16838264042747
139,2026-09-14T02:15:01.477+00:00,2026-09-14T02:19:55.204+00:00,2026-09-14T02:20:01.547+00:00,False,98,97.0,,97.0,293727.004119,300069.397463,300069.397464,3061.9326271836735,0.039119999999999995,293727.004119,29664.3096612225,86.50497234999999,65.38549839175258,19.788976700875065,0.32325855558783056,57,64,,False,False,Request timeout: 300.0s exceeded,442,21.16838264042747
140,2026-09-14T02:15:06.334+00:00,2026-09-14T02:19:59.961+00:00,2026-09-14T02:20:06.343+00:00,False,96,95.0,,95.0,293626.663943,300008.677127,300008.67720200005,3125.0903875208337,0.0292,293626.663943,29961.29664445558,89.150532,67.17908614736842,20.858128649874036,0.31665750774196605,57,64,,False,False,Request timeout: 300.0s exceeded,315,21.16838264042747
141,2026-09-14T02:15:10.735+00:00,2026-09-14T02:20:03.835+00:00,2026-09-14T02:20:10.775+00:00,False,106,105.0,,105.0,293100.03490100004,300040.677205,300040.67710000003,2830.5724254716984,0.03723,293100.03490100004,28461.978777622764,88.4552555,66.10135527619047,20.190401416352085,0.34995254969465267,57,64,,False,False,Request timeout: 300.0s exceeded,479,21.16838264042747
142,2026-09-14T02:15:16.246+00:00,2026-09-14T02:20:09.892+00:00,2026-09-14T02:20:16.303+00:00,False,95,94.0,,94.0,293646.077029,300057.382757,300057.382575,3158.4987639473684,0.035840000000000004,293646.077029,30120.461140427902,89.98332640000001,68.20538008510638,20.709781654226823,0.3132734116931409,57,64,,False,False,Request timeout: 300.0s exceeded,427,21.16838264042747
143,2026-09-14T02:15:19.629+00:00,2026-09-14T02:20:13.139+00:00,2026-09-14T02:20:19.711+00:00,False,96,95.0,,95.0,293510.349218,300081.980578,300081.980446,3125.8539629791667,0.020649999999999998,293510.349218,29949.221292770242,88.77220000000001,69.17506694736842,20.390044996650694,0.3165801552529634,57,64,,False,False,Request timeout: 300.0s exceeded,499,21.16838264042747
144,2026-09-14T02:15:24.152+00:00,2026-09-14T02:20:17.429+00:00,2026-09-14T02:20:24.208+00:00,False,105,104.0,,104.0,293276.504501,300055.40626099997,300055.40608,2857.670534095238,0.0,293276.504501,28614.56800278351,89.40892899999999,65.1817476923077,64.89319973518161,0.346602653476394,57,64,,False,False,Request timeout: 300.0s exceeded,434,21.16838264042747
145,2026-09-14T02:15:29.948+00:00,2026-09-14T02:20:23.695+00:00,2026-09-14T02:20:30.011+00:00,False,96,95.0,,95.0,293746.433703,300063.339943,300063.33994900004,3125.659791135417,0.02891,293746.433703,29973.589505587646,87.85933924999999,66.49374989473684,19.300028710108712,0.31659982195107933,57,64,,False,False,Request timeout: 300.0s exceeded,437,21.16838264042747
146,2026-09-14T02:15:34.252+00:00,2026-09-14T02:20:27.659+00:00,2026-09-14T02:20:34.337+00:00,False,98,97.0,,97.0,293406.64581,300085.454386,300085.45436100004,3062.0964730714286,0.018170000000000002,293406.64581,29631.59842303285,89.10619685,68.85369665979381,20.04691492863224,0.3232412587223534,57,64,,False,False,Request timeout: 300.0s exceeded,388,21.16838264042747
147,2026-09-14T02:15:39.934+00:00,2026-09-14T02:20:33.634+00:00,2026-09-14T02:20:39.952+00:00,False,87,86.0,,86.0,293699.698554,300017.571962,300017.572078,3448.4778399770116,0.02265,293699.698554,31480.0424946542,90.60092,73.46364427906977,19.212205992961557,0.2866498766641999,57,64,,False,False,Request timeout: 300.0s exceeded,238,21.16838264042747
148,2026-09-14T02:15:43.500+00:00,2026-09-14T02:20:37.038+00:00,2026-09-14T02:20:43.531+00:00,False,93,92.0,,92.0,293537.81770200003,300030.70525400003,300030.70535600005,3226.136616731183,0.038,293537.81770200003,30431.14171378903,88.558305,70.57486469565217,19.583914227283532,0.30663528228590675,57,64,,False,False,Request timeout: 300.0s exceeded,470,21.16838264042747
149,2026-09-14T02:15:48.115+00:00,2026-09-14T02:20:41.636+00:00,2026-09-14T02:20:48.155+00:00,False,96,95.0,,95.0,293520.815617,300039.92268899997,300039.922836,3125.4158628749997,0.03666,293520.815617,29950.346036706705,88.76468799999999,68.62217970526315,20.5280712567504,0.31662453165764287,57,64,,False,False,Request timeout: 300.0s exceeded,491,21.16838264042747
150,2026-09-14T02:15:52.403+00:00,2026-09-14T02:20:46.134+00:00,2026-09-14T02:20:52.475+00:00,False,94,93.0,,93.0,293731.44898000004,300072.27944400004,300072.279525,3192.2582928191496,0.056850000000000005,293731.44898000004,30289.061106208832,92.04616014999999,68.1809727311828,21.74195528370495,0.30992532923173866,57,64,,False,False,Request timeout: 300.0s exceeded,267,21.16838264042747
151,2026-09-14T02:15:57.221+00:00,2026-09-14T02:20:50.931+00:00,2026-09-14T02:20:57.275+00:00,False,94,93.0,,93.0,293710.716173,300054.632461,300054.632351,3192.070556925532,0.0259,293710.716173,30286.91792500182,89.56982465000002,68.2141536344086,19.774693532672902,0.30994355673574814,57,64,,False,False,Request timeout: 300.0s exceeded,437,21.16838264042747
152,2026-09-14T02:16:01.537+00:00,2026-09-14T02:20:55.169+00:00,2026-09-14T02:21:01.556+00:00,False,95,94.0,,94.0,293631.629027,300018.984931,300018.985014,3158.0945790947367,0.02987,293631.629027,30119.004485832054,89.422869,67.95059472340427,20.02015221982413,0.3133135058823649,57,64,,False,False,Request timeout: 300.0s exceeded,403,21.16838264042747
153,2026-09-14T02:16:05.111+00:00,2026-09-14T02:20:58.636+00:00,2026-09-14T02:21:05.124+00:00,False,97,96.0,,96.0,293525.556277,300013.826101,300013.82619,3092.9260431958764,0.05046,293525.556277,29796.149406592725,88.99952459999999,67.586144,20.452683243835143,0.3199852528385858,57,64,,False,False,Request timeout: 300.0s exceeded,464,21.16838264042747
154,2026-09-14T02:16:10.572+00:00,2026-09-14T02:21:04.049+00:00,2026-09-14T02:21:10.584+00:00,False,98,97.0,,97.0,293476.94857300003,300012.25481300004,300012.25474700006,3061.349538234694,0.024460000000000003,293476.94857300003,29638.849894797768,90.826041,67.37429113402061,20.605835255049044,0.3233201259077262,57,64,,False,False,Request timeout: 300.0s exceeded,409,21.16838264042747
155,2026-09-14T02:16:14.614+00:00,2026-09-14T02:21:08.229+00:00,2026-09-14T02:21:14.620+00:00,False,95,94.0,,94.0,293614.430108,300006.020252,300006.020355,3157.958109,0.03564,293614.430108,30117.23575753537,90.13552469999999,67.99563982978724,20.714728982413746,0.31332704564075603,57,64,,False,False,Request timeout: 300.0s exceeded,443,21.16838264042747
156,2026-09-14T02:16:18.019+00:00,2026-09-14T02:21:11.958+00:00,2026-09-14T02:21:18.059+00:00,False,94,93.0,,93.0,293939.64213700005,300040.435737,300040.43581900006,3191.919529989362,0.0,293939.64213700005,30310.870418683615,89.88585325,65.5999311827957,68.8406046091256,0.30995822203617585,57,64,,False,False,Request timeout: 300.0s exceeded,452,21.16838264042747
157,2026-09-14T02:16:21.801+00:00,2026-09-14T02:21:15.773+00:00,2026-09-14T02:21:21.863+00:00,False,96,95.0,,95.0,293971.70957300003,300061.772421,300061.77245800005,3125.643463104167,0.0,293971.70957300003,29996.89664248955,91.53197925,64.10592471578947,68.529875681847,0.31660147586781157,57,64,,False,False,Request timeout: 300.0s exceeded,436,21.16838264042747
158,2026-09-14T02:16:26.031+00:00,2026-09-14T02:21:20.138+00:00,2026-09-14T02:21:26.096+00:00,False,89,88.0,,88.0,294106.952405,300065.107157,300065.107148,3371.5180578426966,0.02614,294106.952405,31168.103828265743,87.4181308,67.706304,19.57586968600154,0.2932696868148573,57,64,,False,False,Request timeout: 300.0s exceeded,438,21.16838264042747
159,2026-09-14T02:16:32.776+00:00,2026-09-14T02:21:25.473+00:00,2026-09-14T02:21:32.856+00:00,False,110,109.0,,109.0,292696.687801,300080.33042500005,300080.330473,2728.0030043,0.01568,292696.687801,27901.082699475075,88.79158945,67.73984058715597,20.21852777064398,0.3632360703069896,57,64,,False,False,Request timeout: 300.0s exceeded,271,21.16838264042747
160,2026-09-14T02:16:35.254+00:00,2026-09-14T02:21:29.204+00:00,2026-09-14T02:21:35.274+00:00,False,94,93.0,,93.0,293950.054453,300020.676661,300020.67665800004,3191.7093261489363,0.021639,293950.054453,30311.908175791654,91.05124370000001,65.27550761290323,21.6947120268048,0.30997863558944894,57,64,,False,False,Request timeout: 300.0s exceeded,437,21.16838264042747
161,2026-09-14T02:16:39.562+00:00,2026-09-14T02:21:34.079+00:00,2026-09-14T02:21:39.600+00:00,False,80,79.0,,79.0,294516.895961,300038.305241,300038.305176,3750.4788147,0.0329,294516.895961,32920.18158009166,87.48911635,69.89125670886075,19.437115378726833,0.26329971413664915,57,64,,False,False,Request timeout: 300.0s exceeded,357,21.16838264042747
162,2026-09-14T02:16:44.405+00:00,2026-09-14T02:21:38.209+00:00,2026-09-14T02:21:46.384+00:00,False,95,94.0,,94.0,293803.845327,301979.035343,301979.035397,3178.726688389474,0.02834,293803.845327,30135.454513747725,90.5402247,86.97010655319148,212.16892614997371,0.3112798870068281,57,64,,False,False,Request timeout: 300.0s exceeded,357,21.16838264042747
163,2026-09-14T02:16:48.623+00:00,2026-09-14T02:21:42.153+00:00,2026-09-14T02:21:48.629+00:00,False,112,111.0,,111.0,293529.303014,300005.217766,300005.217934,2678.6180172678573,0.015300000000000001,293529.303014,27731.088272135337,90.3752262,58.34157434234234,196.36095674369227,0.36999356486719,57,64,,False,False,Request timeout: 300.0s exceeded,551,21.16838264042747
164,2026-09-14T02:16:52.121+00:00,2026-09-14T02:21:46.632+00:00,2026-09-14T02:21:52.164+00:00,False,84,83.0,,83.0,294511.101292,300042.39524399996,300042.395308,3571.93327747619,0.03717,294511.101292,32126.530931557983,88.09005864999999,66.64209580722891,20.707011337980408,0.2766275743549603,57,64,,False,False,Request timeout: 300.0s exceeded,381,21.16838264042747
165,2026-09-14T02:16:57.662+00:00,2026-09-14T02:21:51.454+00:00,2026-09-14T02:21:57.686+00:00,False,93,92.0,,92.0,293792.12577600003,300024.34056000004,300024.34053000004,3226.068177741936,0.04029,293792.12577600003,30457.80625287299,88.80158999999999,67.74146504347827,19.920192706610248,0.30664178722393187,57,64,,False,False,Request timeout: 300.0s exceeded,431,21.16838264042747
166,2026-09-14T02:17:01.131+00:00,2026-09-14T02:21:54.872+00:00,2026-09-14T02:22:01.162+00:00,False,95,94.0,,94.0,293741.405816,300031.11256800004,300031.112599,3158.2222378842107,0.04069,293741.405816,30130.37416682089,88.5063957,66.91177395744681,20.384564219643433,0.3133008413542297,57,64,,False,False,Request timeout: 300.0s exceeded,396,21.16838264042747
167,2026-09-14T02:17:05.135+00:00,2026-09-14T02:21:58.905+00:00,2026-09-14T02:22:05.183+00:00,False,97,96.0,,96.0,293770.32295999996,300048.219152,300048.21928799996,3093.2806112164944,0.023710000000000002,293770.32295999996,29821.224214749232,87.866086,65.394752,20.483020909056755,0.3199485745035128,57,64,,False,False,Request timeout: 300.0s exceeded,237,21.16838264042747
168,2026-09-14T02:17:09.296+00:00,2026-09-14T02:22:02.958+00:00,2026-09-14T02:22:09.305+00:00,False,98,97.0,,97.0,293662.126276,300009.128388,300009.128528,3061.3176380408163,0.022719,293662.126276,29657.751718760508,88.87388235,65.43301146391752,20.54327617423657,0.3233234952589525,57,64,,False,False,Request timeout: 300.0s exceeded,460,21.16838264042747
169,2026-09-14T02:17:13.279+00:00,2026-09-14T02:22:07.320+00:00,2026-09-14T02:22:13.372+00:00,False,99,98.0,,98.0,294040.845373,300092.51666900003,300092.516719,3031.2375426161616,0.0,294040.845373,29546.087252631078,88.9042059,61.75174791836735,67.64859015815955,0.32656595735139016,57,64,,False,False,Request timeout: 300.0s exceeded,450,21.16838264042747
170,2026-09-14T02:17:18.840+00:00,2026-09-14T02:22:12.497+00:00,2026-09-14T02:22:18.856+00:00,False,98,97.0,,97.0,293656.430159,300016.08327899995,300016.083214,3061.3886042244894,0.027370000000000002,293656.430159,29657.162652959152,88.52756785000001,65.56343422680412,19.805393985605193,0.3233160000618862,57,64,,False,False,Request timeout: 300.0s exceeded,437,21.16838264042747
171,2026-09-14T02:17:22.600+00:00,2026-09-14T02:22:16.071+00:00,2026-09-14T02:22:22.649+00:00,False,96,95.0,,95.0,293471.147615,300049.689695,300049.689827,3125.5176023645836,0.02307,293471.147615,29945.212415207272,89.45306850000001,69.24781136842105,19.700196908674254,0.3166142251190706,57,64,,False,False,Request timeout: 300.0s exceeded,484,21.16838264042747
172,2026-09-14T02:17:26.956+00:00,2026-09-14T02:22:20.492+00:00,2026-09-14T02:22:27.042+00:00,False,99,98.0,,98.0,293535.557246,300086.080126,300086.079988,3031.172525131313,0.03337,293535.557246,29494.72293777081,89.9138849,66.84207020408164,20.86230857195696,0.3265729618609827,57,64,,False,False,Request timeout: 300.0s exceeded,459,21.16838264042747
173,2026-09-14T02:17:31.404+00:00,2026-09-14T02:22:25.019+00:00,2026-09-14T02:22:31.418+00:00,False,96,95.0,,95.0,293615.08725,300013.954194,300013.954393,3125.1453582604163,0.020829999999999998,293615.08725,29960.096820965486,90.073887,67.35649414736842,20.60145825541832,0.31665193792475904,57,64,,False,False,Request timeout: 300.0s exceeded,499,21.16838264042747
174,2026-09-14T02:17:36.763+00:00,2026-09-14T02:22:30.471+00:00,2026-09-14T02:22:36.793+00:00,False,90,89.0,,89.0,293708.670522,300030.17401,300030.174158,3333.6686017555558,0.02198,293708.670522,30952.132627227475,92.9708914,71.02812907865169,21.5291203516479,0.2966368309243244,57,64,,False,False,Request timeout: 300.0s exceeded,334,21.16838264042747
175,2026-09-14T02:17:41.710+00:00,2026-09-14T02:22:35.430+00:00,2026-09-14T02:22:41.756+00:00,False,90,89.0,,89.0,293719.710938,300045.446618,300045.44668500003,3333.8382965,0.02194,293719.710938,30953.291374325603,91.32445994999998,71.07568179775281,21.525864069279997,0.2966217318182119,57,64,,False,False,Request timeout: 300.0s exceeded,410,21.16838264042747
176,2026-09-14T02:17:47.378+00:00,2026-09-14T02:22:41.034+00:00,2026-09-14T02:22:47.396+00:00,False,94,93.0,,93.0,293655.70410000003,300017.09699600004,300017.09708200005,3191.671245553192,0.03642,293655.70410000003,30281.22520664751,90.16493965,68.40207415053764,20.86718650623005,0.3099823341109121,57,64,,False,False,Request timeout: 300.0s exceeded,270,21.16838264042747
177,2026-09-14T02:17:52.001+00:00,2026-09-14T02:22:45.187+00:00,2026-09-14T02:22:52.012+00:00,False,101,100.0,,100.0,293185.736174,300011.13854200003,300011.13856700005,2970.4073125445548,0.02262,293185.736174,29166.28564976236,87.35555500000001,68.25402368,18.905171346451908,0.3333209576350463,57,64,,False,False,Request timeout: 300.0s exceeded,290,21.16838264042747
178,2026-09-14T02:17:56.107+00:00,2026-09-14T02:22:50.154+00:00,2026-09-14T02:22:56.151+00:00,False,90,89.0,,89.0,294047.654431,300044.074271,300044.074265,3333.823047388889,0.04089,294047.654431,30988.248689537853,88.81880995,67.37550382022472,20.034330417696445,0.2966230885120402,57,64,,False,False,Request timeout: 300.0s exceeded,309,21.16838264042747
179,2026-09-14T02:17:59.726+00:00,2026-09-14T02:22:53.550+00:00,2026-09-14T02:22:59.750+00:00,False,91,90.0,,90.0,293824.330159,300023.978671,300023.97868400003,3296.9667987252747,0.041530000000000004,293824.330159,30793.945157661896,90.894583,68.88498346666667,21.27775627142947,0.2999760232454357,57,64,,False,False,Request timeout: 300.0s exceeded,416,21.16838264042747
180,2026-09-14T02:18:04.321+00:00,2026-09-14T02:22:58.210+00:00,2026-09-14T02:23:04.384+00:00,False,89,88.0,,88.0,293889.41479199997,300063.785864,300063.785689,3371.5032099887635,0.02157,293889.41479199997,31144.785381380017,89.938058,70.16330763636364,21.020882859254435,0.2932709781908999,57,64,,False,False,Request timeout: 300.0s exceeded,374,21.16838264042747
181,2026-09-14T02:18:09.506+00:00,2026-09-14T02:23:03.293+00:00,2026-09-14T02:23:09.539+00:00,False,97,96.0,,96.0,293787.08170700003,300033.632235,300033.632372,3093.130230639176,0.0,293787.08170700003,29823.027857061024,89.39539880000001,65.06823466666667,67.61832633117297,0.31996412963733484,57,64,,False,False,Request timeout: 300.0s exceeded,470,21.16838264042747
182,2026-09-14T02:18:15.217+00:00,2026-09-14T02:23:08.855+00:00,2026-09-14T02:23:15.263+00:00,False,93,92.0,,92.0,293638.292231,300046.20288700005,300046.20301500004,3226.303258225807,0.06258,293638.292231,30441.65617652707,88.8442946,69.6512027826087,19.524620614502002,0.30661944432154,57,64,,False,False,Request timeout: 300.0s exceeded,419,21.16838264042747
183,2026-09-14T02:18:20.462+00:00,2026-09-14T02:23:13.794+00:00,2026-09-14T02:23:20.492+00:00,False,95,94.0,,94.0,293332.23405699997,300030.106185,300030.10625899996,3158.2116448315787,0.05075,293332.23405699997,30087.94838170055,89.73137569999999,71.25395880851063,20.14562168574919,0.3133018922509035,57,64,,False,False,Request timeout: 300.0s exceeded,456,21.16838264042747
184,2026-09-14T02:18:24.271+00:00,2026-09-14T02:23:18.051+00:00,2026-09-14T02:23:24.294+00:00,False,94,93.0,,93.0,293779.651388,300022.479164,300022.479091,3191.728500968085,0.03658,293779.651388,30294.140627541845,89.34322130000001,67.12718038709677,20.48488344488621,0.3099767732709248,57,64,,False,False,Request timeout: 300.0s exceeded,304,21.16838264042747
185,2026-09-14T02:18:28.794+00:00,2026-09-14T02:23:22.307+00:00,2026-09-14T02:23:28.845+00:00,False,97,96.0,,96.0,293512.255061,300050.174805,300050.17494,3093.3007725773195,0.04164,293512.255061,29794.746302136173,91.06659499999999,68.10333066666666,20.36633895914709,0.31994648915765356,57,64,,False,False,Request timeout: 300.0s exceeded,492,21.16838264042747
186,2026-09-14T02:18:33.878+00:00,2026-09-14T02:23:27.067+00:00,2026-09-14T02:23:33.902+00:00,False,105,104.0,,104.0,293188.494093,300023.848717,300023.848604,2857.369986704762,0.02069,293188.494093,28605.86080156439,90.247366,65.7245636923077,20.932084281325373,0.3466391103398546,57,64,,False,False,Request timeout: 300.0s exceeded,470,21.16838264042747
187,2026-09-14T02:18:38.334+00:00,2026-09-14T02:23:31.622+00:00,2026-09-14T02:23:38.363+00:00,False,99,98.0,,98.0,293288.164058,300028.58313000004,300028.583081,3030.5917482929294,0.023379999999999998,293288.164058,29469.66405016584,90.8794978,68.77978644897959,20.582135661558844,0.3266355457791079,57,64,,False,False,Request timeout: 300.0s exceeded,438,21.16838264042747
188,2026-09-14T02:18:42.200+00:00,2026-09-14T02:23:35.799+00:00,2026-09-14T02:23:42.214+00:00,False,93,92.0,,92.0,293598.36757999996,300013.2335,300013.23334999994,3225.9487456989245,0.037950000000000005,293598.36757999996,30437.50815154107,88.55609499999998,69.72680347826088,19.217608596475454,0.3066531396855866,57,64,,False,False,Request timeout: 300.0s exceeded,394,21.16838264042747
189,2026-09-14T02:18:46.441+00:00,2026-09-14T02:23:40.178+00:00,2026-09-14T02:23:46.475+00:00,False,95,94.0,,94.0,293737.365024,300034.59792,300034.598052,3158.2589268631577,0.020550000000000002,293737.365024,30129.950446920535,85.78470739999999,66.99183931914894,18.946166535431182,0.3132972018949088,57,64,,False,False,Request timeout: 300.0s exceeded,432,21.16838264042747
190,2026-09-14T02:18:50.546+00:00,2026-09-14T02:23:44.335+00:00,2026-09-14T02:23:50.622+00:00,False,93,92.0,,92.0,293788.711863,300076.085687,300076.085772,3226.6245781935486,0.02265,293788.711863,30457.389714127883,87.91546,68.34101982608695,19.35334900292222,0.30658890990721044,57,64,,False,False,Request timeout: 300.0s exceeded,361,21.16838264042747
191,2026-09-14T02:18:56.119+00:00,2026-09-14T02:23:49.633+00:00,2026-09-14T02:23:56.184+00:00,False,94,93.0,,93.0,293513.375236,300064.954884,300064.954706,3192.180369212766,0.04187,293513.375236,30266.333873476597,89.37339850000001,70.44709298924731,20.410681852412083,0.30993289448263694,57,64,,False,False,Request timeout: 300.0s exceeded,294,21.16838264042747
192,2026-09-14T02:19:00.479+00:00,2026-09-14T02:23:54.384+00:00,2026-09-14T02:24:00.567+00:00,False,99,98.0,,98.0,293905.047177,300088.83392899996,300088.83403599996,3031.2003437979797,0.02632,293905.047177,29532.235014793765,91.12319159999998,63.09986481632653,22.038315928253898,0.3265699650230454,57,64,,False,False,Request timeout: 300.0s exceeded,418,21.16838264042747
193,2026-09-14T02:19:04.210+00:00,2026-09-14T02:23:58.157+00:00,2026-09-14T02:24:04.247+00:00,False,102,101.0,,101.0,293946.843056,300037.01009600004,300037.010174,2941.539315431373,0.0,293946.843056,29099.179931724375,93.55058664999999,60.29868356435644,66.81562617222643,0.336625138237726,57,64,,False,False,Request timeout: 300.0s exceeded,425,21.16838264042747
194,2026-09-14T02:19:08.724+00:00,2026-09-14T02:24:02.524+00:00,2026-09-14T02:24:08.758+00:00,False,95,94.0,,94.0,293800.004477,300034.538365,300034.538311,3158.2582980105262,0.047009999999999996,293800.004477,30136.446314317967,89.7618067,66.32482859574469,20.13450991920585,0.3132972640824654,57,64,,False,False,Request timeout: 300.0s exceeded,351,21.16838264042747
195,2026-09-14T02:19:13.611+00:00,2026-09-14T02:24:07.679+00:00,2026-09-14T02:24:13.668+00:00,False,90,89.0,,89.0,294068.039253,300056.412501,300056.412347,3333.960137188889,0.03635,294068.039253,30990.40707940991,88.64978345000002,67.28509267415731,20.20736862576018,0.2966108914592965,57,64,,False,False,Request timeout: 300.0s exceeded,403,21.16838264042747
196,2026-09-14T02:19:18.829+00:00,2026-09-14T02:24:12.661+00:00,2026-09-14T02:24:18.859+00:00,False,92,91.0,,91.0,293832.294223,300029.933647,300029.933626,3261.1949307173913,0.023940000000000003,293832.294223,30627.040675606942,90.124445,68.10592773626374,20.64080013046362,0.3033030701098844,57,64,,False,False,Request timeout: 300.0s exceeded,352,21.16838264042747
197,2026-09-14T02:19:24.260+00:00,2026-09-14T02:24:18.148+00:00,2026-09-14T02:24:24.286+00:00,False,90,89.0,,89.0,293887.670439,300026.079143,300026.079107,3333.623101188889,0.02442,293887.670439,30971.216453710796,89.0450224,68.97088431460674,19.594813860446646,0.29664087953361,57,64,,False,False,Request timeout: 300.0s exceeded,377,21.16838264042747
198,2026-09-14T02:19:29.722+00:00,2026-09-14T02:24:23.393+00:00,2026-09-14T02:24:29.762+00:00,False,97,96.0,,96.0,293671.504579,300040.322755,300040.322782,3093.1992039381444,0.1043,293671.504579,29811.093958818834,89.03915860000001,66.341856,19.568153991591764,0.3199569948416216,57,64,,False,False,Request timeout: 300.0s exceeded,506,21.16838264042747
199,2026-09-14T02:19:32.951+00:00,2026-09-14T02:24:26.602+00:00,2026-09-14T02:24:32.988+00:00,False,98,97.0,,97.0,293650.637851,300037.015579,300037.015716,3061.6022011836735,0.0259,293650.637851,29656.54994874634,89.00004365000001,65.83894564948454,20.16254561138621,0.3232934436866501,57,64,,False,False,Request timeout: 300.0s exceeded,435,21.16838264042747
200,2026-09-14T02:19:36.173+00:00,2026-09-14T02:24:29.937+00:00,2026-09-14T02:24:36.218+00:00,False,92,91.0,,91.0,293764.184759,300045.460663,300045.460655,3261.3637027717396,0.01862,293764.184759,30619.843459937703,88.83835545,69.02500993406593,19.886290794090023,0.3032873745162498,57,64,,False,False,Request timeout: 300.0s exceeded,382,21.16838264042747
201,2026-09-14T02:19:39.355+00:00,2026-09-14T02:24:32.912+00:00,2026-09-14T02:24:39.380+00:00,False,94,93.0,,93.0,293557.048031,300024.933855,300024.933921,3191.7546161808514,0.023170000000000003,293557.048031,30270.93077174005,88.57560065,69.54715939784946,19.761146796494977,0.3099742371577232,57,64,,False,False,Request timeout: 300.0s exceeded,304,21.16838264042747
202,2026-09-14T02:19:44.374+00:00,2026-09-14T02:24:37.883+00:00,2026-09-14T02:24:44.415+00:00,False,92,91.0,,91.0,293508.423065,300040.617881,300040.61784099997,3261.3110634891304,0.03842,293508.423065,30592.891107476098,91.20929205,71.7823606153846,20.065042142245364,0.30329226970227,57,64,,False,False,Request timeout: 300.0s exceeded,413,21.16838264042747
203,2026-09-14T02:19:49.418+00:00,2026-09-14T02:24:42.651+00:00,2026-09-14T02:24:49.443+00:00,False,113,112.0,,112.0,293233.501078,300024.984982,300024.985045,2655.0883632300884,0.015349999999999999,293233.501078,27580.1440816861,91.09805960000001,60.63824914285714,205.81186100026375,0.3733022435005519,57,64,,False,False,Request timeout: 300.0s exceeded,504,21.16838264042747
204,2026-09-14T02:19:54.342+00:00,2026-09-14T02:24:48.866+00:00,2026-09-14T02:24:54.408+00:00,False,79,78.0,,78.0,294523.977402,300066.742714,300066.742807,3798.3132000886076,0.03947,294523.977402,33128.54764888634,90.7936256,71.06109374358974,20.556497267796438,0.2599421691804862,57,64,,False,False,Request timeout: 300.0s exceeded,364,21.16838264042747
205,2026-09-14T02:19:58.366+00:00,2026-09-14T02:24:52.082+00:00,2026-09-14T02:24:58.426+00:00,False,96,95.0,,95.0,293715.76816000004,300060.39766400005,300060.39745100006,3125.6291401145836,0.0,293715.76816000004,29970.50173781389,89.33954175,66.78557372631579,68.71897867416502,0.316602926409431,57,64,,False,False,Request timeout: 300.0s exceeded,451,21.16838264042747
206,2026-09-14T02:20:03.725+00:00,2026-09-14T02:24:57.918+00:00,2026-09-14T02:25:03.800+00:00,False,89,88.0,,88.0,294192.725026,300075.095586,300075.095414,3371.630285550562,0.03897,294192.725026,31177.286995962924,88.1444878,66.84512,19.582820228390407,0.2932599249136276,57,64,,False,False,Request timeout: 300.0s exceeded,287,21.16838264042747
207,2026-09-14T02:20:08.120+00:00,2026-09-14T02:25:01.885+00:00,2026-09-14T02:25:08.164+00:00,False,94,93.0,,93.0,293764.604824,300043.69628,300043.696074,3191.9542135531915,0.02019,293764.604824,30292.548077133077,87.77207999999999,67.51711243010753,19.881154427520887,0.30995485375307685,57,64,,False,False,Request timeout: 300.0s exceeded,434,21.16838264042747
208,2026-09-14T02:20:12.290+00:00,2026-09-14T02:25:06.097+00:00,2026-09-14T02:25:12.309+00:00,False,91,90.0,,90.0,293807.752076,300019.34657199995,300019.346418,3296.9158947032965,0.039098999999999995,293807.752076,30792.192315187967,88.9496325,69.01771662222221,19.643929760329186,0.2999806546755524,57,64,,False,False,Request timeout: 300.0s exceeded,445,21.16838264042747
209,2026-09-14T02:20:15.669+00:00,2026-09-14T02:25:09.373+00:00,2026-09-14T02:25:15.719+00:00,False,92,91.0,,91.0,293704.388796,300050.31366,300050.313865,3261.416455054348,0.034579,293704.388796,30613.535819719316,90.42945110000001,69.73543806593406,20.778486138059414,0.30328246916320856,57,64,,False,False,Request timeout: 300.0s exceeded,438,21.16838264042747
210,2026-09-14T02:20:21.225+00:00,2026-09-14T02:25:14.992+00:00,2026-09-14T02:25:21.250+00:00,False,89,88.0,,88.0,293766.860449,300024.83830500004,300024.83835300006,3371.0655994719104,0.026539999999999998,293766.860449,31131.693593919616,90.405103,71.11338472727273,20.493274103122467,0.2933090490012721,57,64,,False,False,Request timeout: 300.0s exceeded,436,21.16838264042747
211,2026-09-14T02:20:26.793+00:00,2026-09-14T02:25:20.616+00:00,2026-09-14T02:25:26.811+00:00,False,95,94.0,,94.0,293823.14128399995,300018.13443599996,300018.13435199996,3158.085624757894,0.01988,293823.14128399995,30138.8635707441,88.14067999999999,65.9041824680851,20.602963736237104,0.31331439406724304,57,64,,False,False,Request timeout: 300.0s exceeded,452,21.16838264042747
212,2026-09-14T02:20:32.448+00:00,2026-09-14T02:25:26.506+00:00,2026-09-14T02:25:32.498+00:00,False,85,84.0,,84.0,294058.39352100005,300049.79652900004,300049.79657000006,3529.997606705883,0.02892,294058.39352100005,31887.381086271333,91.12062,71.32622628571428,20.538794542756033,0.27995353095292413,57,64,,False,False,Request timeout: 300.0s exceeded,371,21.16838264042747
213,2026-09-14T02:20:36.044+00:00,2026-09-14T02:25:29.714+00:00,2026-09-14T02:25:36.120+00:00,False,91,90.0,,90.0,293670.15392400004,300076.13997200003,300076.140046,3297.540000505495,0.03172,293670.15392400004,30777.541913260557,91.38819649999999,71.17762275555556,19.99056950061895,0.2999238793474145,57,64,,False,False,Request timeout: 300.0s exceeded,400,21.16838264042747
214,2026-09-14T02:20:41.621+00:00,2026-09-14T02:25:35.342+00:00,2026-09-14T02:25:41.650+00:00,False,93,92.0,,92.0,293721.164351,300028.354879,300028.35495099996,3226.1113435591396,0.027309999999999997,293721.164351,30450.363143608683,88.7785726,68.5564187826087,19.534814463903476,0.3066376844185382,57,64,,False,False,Request timeout: 300.0s exceeded,427,21.16838264042747
215,2026-09-14T02:20:46.563+00:00,2026-09-14T02:25:40.538+00:00,2026-09-14T02:25:46.637+00:00,False,90,89.0,,89.0,293975.107126,300073.876278,300073.876299,3334.1541810999997,0.035509,293975.107126,30980.480487905043,89.4679178,68.52549608988764,20.30466760537015,0.2965936292219819,57,64,,False,False,Request timeout: 300.0s exceeded,458,21.16838264042747
216,2026-09-14T02:20:51.571+00:00,2026-09-14T02:25:45.591+00:00,2026-09-14T02:25:51.611+00:00,False,75,74.0,,74.0,294020.50564600003,300040.70737400005,300040.70756400004,4000.5427675200003,0.024239999999999998,294020.50564600003,33941.246086995256,89.85065300000001,81.3540774054054,72.52147964675596,0.24663320070019426,57,64,,False,False,Request timeout: 300.0s exceeded,340,21.16838264042747
217,2026-09-14T02:20:54.742+00:00,2026-09-14T02:25:48.470+00:00,2026-09-14T02:25:54.773+00:00,False,99,98.0,,98.0,293728.205638,300030.918982,300030.91909599997,3030.61534440404,0.0,293728.205638,29514.410833326194,89.0342419,64.31340146938776,68.7113273182014,0.32663300280021945,57,64,,False,False,Request timeout: 300.0s exceeded,324,21.16838264042747
218,2026-09-14T02:21:00.169+00:00,2026-09-14T02:25:54.024+00:00,2026-09-14T02:26:00.200+00:00,False,93,92.0,,92.0,293855.26507200004,300030.78456000006,300030.78455800004,3226.1374683655918,0.037090000000000005,293855.26507200004,30464.418416855744,90.1752032,67.12521182608695,21.44353107084044,0.3066352012341649,57,64,,False,False,Request timeout: 300.0s exceeded,420,21.16838264042747
219,2026-09-14T02:21:04.618+00:00,2026-09-14T02:25:58.250+00:00,2026-09-14T02:26:04.691+00:00,False,93,92.0,,92.0,293631.64420599997,300072.28881399997,300072.288794,3226.583750473118,0.10776000000000001,293631.64420599997,30440.930197888632,89.88752000000001,70.00700660869566,19.967635475943464,0.30659278923628386,57,64,,False,False,Request timeout: 300.0s exceeded,363,21.16838264042747
220,2026-09-14T02:21:08.955+00:00,2026-09-14T02:26:02.670+00:00,2026-09-14T02:26:08.994+00:00,False,97,96.0,,96.0,293714.499763,300038.399411,300038.399428,3093.179375546392,0.02468,293714.499763,29815.5079062792,90.2516516,65.87395466666666,20.9665907576653,0.3199590458703149,57,64,,False,False,Request timeout: 300.0s exceeded,276,21.16838264042747
221,2026-09-14T02:21:14.137+00:00,2026-09-14T02:26:07.892+00:00,2026-09-14T02:26:14.178+00:00,False,92,91.0,,91.0,293755.062281,300041.30151300004,300041.301633,3261.3184960108697,0.037329999999999995,293755.062281,30618.886977407994,88.9384505,69.079552,20.329558136996894,0.3032915786630701,57,64,,False,False,Request timeout: 300.0s exceeded,424,21.16838264042747
222,2026-09-14T02:21:18.701+00:00,2026-09-14T02:26:12.527+00:00,2026-09-14T02:26:18.719+00:00,False,92,91.0,,91.0,293825.734483,300018.104147,300018.104053,3261.066348402174,0.041829,293825.734483,30626.36249451964,88.86485554999999,68.04801828571428,20.157109179623333,0.3033150291337508,57,64,,False,False,Request timeout: 300.0s exceeded,210,21.16838264042747
223,2026-09-14T02:21:23.663+00:00,2026-09-14T02:26:17.452+00:00,2026-09-14T02:26:23.730+00:00,False,95,94.0,,94.0,293788.48410299997,300066.72051899997,300066.72056299995,3158.5970585578943,0.05676,293788.48410299997,30135.217387229233,90.84231840000001,66.78974910638298,21.221621032318296,0.31326366295274655,57,64,,False,False,Request timeout: 300.0s exceeded,167,21.16838264042747
224,2026-09-14T02:21:27.948+00:00,2026-09-14T02:26:21.860+00:00,2026-09-14T02:26:27.986+00:00,False,89,88.0,,88.0,293912.208614,300037.987558,300037.987385,3371.2133414044943,0.020349,293912.208614,31147.259407946258,89.08649199999999,69.61112436363636,20.031691075755774,0.29329619464598233,57,64,,False,False,Request timeout: 300.0s exceeded,343,21.16838264042747
225,2026-09-14T02:21:31.424+00:00,2026-09-14T02:26:24.851+00:00,2026-09-14T02:26:31.508+00:00,False,101,100.0,,100.0,293426.834071,300084.405655,300084.405809,2971.132730782178,0.04258,293426.834071,29190.444213248622,90.07369,66.57571584,21.022161781447302,0.3332395756511508,57,64,,False,False,Request timeout: 300.0s exceeded,350,21.16838264042747
226,2026-09-14T02:21:34.836+00:00,2026-09-14T02:26:28.518+00:00,2026-09-14T02:26:34.868+00:00,False,94,93.0,,93.0,293681.42514300003,300031.959287,300031.95908,3191.829351914894,0.02104,293681.42514300003,30283.890180533657,89.1969885,68.28531337634408,20.879211326169564,0.30996697892120045,57,64,,False,False,Request timeout: 300.0s exceeded,488,21.16838264042747
227,2026-09-14T02:21:38.501+00:00,2026-09-14T02:26:32.174+00:00,2026-09-14T02:26:38.543+00:00,False,96,95.0,,95.0,293673.415252,300042.618708,300042.61870999995,3125.4439448958333,0.01966,293673.415252,29966.081147021967,87.4970305,67.04424690526315,19.671795876943296,0.316621686642635,57,64,,False,False,Request timeout: 300.0s exceeded,421,21.16838264042747
228,2026-09-14T02:21:43.635+00:00,2026-09-14T02:26:37.178+00:00,2026-09-14T02:26:43.661+00:00,False,98,97.0,,97.0,293542.91832999996,300025.49932199996,300025.49938099994,3061.484687561224,0.02197,293542.91832999996,29645.56844574583,88.89944954999999,66.83073187628867,20.15477911317383,0.32330585306649395,57,64,,False,False,Request timeout: 300.0s exceeded,374,21.16838264042747
229,2026-09-14T02:21:48.410+00:00,2026-09-14T02:26:42.030+00:00,2026-09-14T02:26:48.462+00:00,False,104,103.0,,103.0,293620.802937,300052.428409,300052.428434,2885.119504173077,0.0,293620.802937,28785.833283431784,92.66418280000002,62.44296574757281,62.77580835415213,0.34327334241601676,57,64,,False,False,Request timeout: 300.0s exceeded,475,21.16838264042747
230,2026-09-14T02:21:53.774+00:00,2026-09-14T02:26:47.743+00:00,2026-09-14T02:26:53.866+00:00,False,93,92.0,,92.0,293969.248345,300092.338777,300092.338882,3226.7993428172044,0.024399999999999998,293969.248345,30476.29608530681,87.417259,66.55533078260869,20.051680658763203,0.30657230496099275,57,64,,False,False,Request timeout: 300.0s exceeded,316,21.16838264042747
231,2026-09-14T02:21:57.284+00:00,2026-09-14T02:26:51.252+00:00,2026-09-14T02:26:57.362+00:00,False,91,90.0,,90.0,293967.86437900004,300077.506875,300077.506965,3297.5550215934068,0.02868,293967.86437900004,30809.09580152074,88.79642800000002,67.88491662222222,20.284352983140533,0.2999225131442134,57,64,,False,False,Request timeout: 300.0s exceeded,476,21.16838264042747
232,2026-09-14T02:22:02.485+00:00,2026-09-14T02:26:56.061+00:00,2026-09-14T02:27:02.544+00:00,False,93,92.0,,92.0,293575.86742900003,300058.557221,300058.55728600005,3226.4360998494626,0.03329,293575.86742900003,30435.098845483797,89.53606059999998,70.46401947826088,19.68649576413008,0.30660681985563204,57,64,,False,False,Request timeout: 300.0s exceeded,423,21.16838264042747
233,2026-09-14T02:22:06.701+00:00,2026-09-14T02:27:00.688+00:00,2026-09-14T02:27:06.767+00:00,False,89,88.0,,88.0,293987.417642,300066.17373800004,300066.173633,3371.5300408202247,0.021,293987.417642,31155.287729149735,88.65456100000002,69.0767738181818,19.295869827244292,0.2932686443918746,57,64,,False,False,Request timeout: 300.0s exceeded,280,21.16838264042747
234,2026-09-14T02:22:12.527+00:00,2026-09-14T02:27:06.511+00:00,2026-09-14T02:27:12.588+00:00,False,89,88.0,,88.0,293983.211722,300060.60077799996,300060.600766,3371.4674243370782,0.03549,293983.211722,31154.844394139633,89.5799028,69.06123927272726,20.629735754419805,0.29327409120635217,57,64,,False,False,Request timeout: 300.0s exceeded,404,21.16838264042747
235,2026-09-14T02:22:17.109+00:00,2026-09-14T02:27:11.195+00:00,2026-09-14T02:27:17.116+00:00,False,91,90.0,,90.0,294085.960327,300007.739783,300007.739979,3296.7883514175824,0.02525,294085.960327,30821.694731197786,88.89505199999999,65.79754951111111,20.736929244684156,0.2999922604166756,57,64,,False,False,Request timeout: 300.0s exceeded,418,21.16838264042747
236,2026-09-14T02:22:21.470+00:00,2026-09-14T02:27:15.509+00:00,2026-09-14T02:27:21.551+00:00,False,90,89.0,,89.0,294038.61136000004,300081.01596800005,300081.01602800004,3334.233511422223,0.03768,294038.61136000004,30987.241359305935,88.583344,67.89218660674157,20.58397484553301,0.29658657250577547,57,64,,False,False,Request timeout: 300.0s exceeded,417,21.16838264042747
237,2026-09-14T02:22:27.055+00:00,2026-09-14T02:27:21.172+00:00,2026-09-14T02:27:27.106+00:00,False,84,83.0,,83.0,294117.41390499996,300051.22075299994,300051.22089199995,3572.0383439523807,0.01819,294117.41390499996,32083.04583114376,88.31093800000001,71.49164877108434,18.79284270424984,0.2766194378136692,57,64,,False,False,Request timeout: 300.0s exceeded,392,21.16838264042747
238,2026-09-14T02:22:30.682+00:00,2026-09-14T02:27:24.797+00:00,2026-09-14T02:27:30.703+00:00,False,88,87.0,,87.0,294114.724462,300021.289582,300021.28961700003,3409.332836556818,0.02423,294114.724462,31345.503655177952,87.67763305,67.89155310344827,19.41909287272417,0.28997942153109,57,64,,False,False,Request timeout: 300.0s exceeded,340,21.16838264042747
239,2026-09-14T02:22:34.266+00:00,2026-09-14T02:27:28.323+00:00,2026-09-14T02:27:34.348+00:00,False,95,94.0,,94.0,294056.83299699996,300081.656805,300081.65686199995,3158.7542827578945,0.02311,294056.83299699996,30163.024901447287,87.5504067,64.09387029787234,19.599633293584322,0.31324807054462306,57,64,,False,False,Request timeout: 300.0s exceeded,462,21.16838264042747
240,2026-09-14T02:22:39.825+00:00,2026-09-14T02:27:34.100+00:00,2026-09-14T02:27:39.905+00:00,False,84,83.0,,83.0,294275.037628,300080.17042800004,300080.170517,3572.3829823452384,0.039700000000000006,294275.037628,32100.413410665056,87.538156,69.94135903614459,19.260380740384118,0.27659275146911005,57,64,,False,False,Request timeout: 300.0s exceeded,343,21.16838264042747
241,2026-09-14T02:22:43.545+00:00,2026-09-14T02:27:37.385+00:00,2026-09-14T02:27:43.561+00:00,False,94,93.0,,93.0,293840.163707,300016.517499,300016.517453,3191.665079287234,0.0,293840.163707,30300.52758397258,91.30859679999999,66.4124063655914,69.44122758244141,0.3099829328573883,57,64,,False,False,Request timeout: 300.0s exceeded,422,21.16838264042747
242,2026-09-14T02:22:48.466+00:00,2026-09-14T02:27:42.582+00:00,2026-09-14T02:27:48.523+00:00,False,91,90.0,,90.0,294116.54114499997,300057.761241,300057.76143799996,3297.3380377802196,0.022600000000000002,294116.54114499997,30824.877914566623,89.063247,66.01355662222223,20.867275873459068,0.2999422498780624,57,64,,False,False,Request timeout: 300.0s exceeded,304,21.16838264042747
243,2026-09-14T02:22:51.758+00:00,2026-09-14T02:27:45.563+00:00,2026-09-14T02:27:51.797+00:00,False,90,89.0,,89.0,293805.250344,300039.513896,300039.513808,3333.7723756444443,0.028390000000000002,293805.250344,30962.4153245888,88.7242134,70.04790507865168,19.97131595092322,0.2966275969599433,57,64,,False,False,Request timeout: 300.0s exceeded,457,21.16838264042747
244,2026-09-14T02:22:56.683+00:00,2026-09-14T02:27:50.218+00:00,2026-09-14T02:27:56.713+00:00,False,96,95.0,,95.0,293535.202217,300030.313385,300030.31324,3125.3157629166667,0.032729999999999995,293535.202217,29951.839785805518,88.32379625,68.36959124210526,19.995044378142495,0.3166346724375668,57,64,,False,False,Request timeout: 300.0s exceeded,309,21.16838264042747
245,2026-09-14T02:23:00.420+00:00,2026-09-14T02:27:53.973+00:00,2026-09-14T02:28:00.429+00:00,False,97,96.0,,96.0,293553.20758999995,300008.6758779999,300008.67601699993,3092.8729486288653,0.03737,293553.20758999995,29798.991759142085,89.0934598,67.24446133333333,20.59235415938321,0.3199907459977554,57,64,,False,False,Request timeout: 300.0s exceeded,406,21.16838264042747
246,2026-09-14T02:23:06.138+00:00,2026-09-14T02:27:59.788+00:00,2026-09-14T02:28:06.484+00:00,False,101,100.0,,100.0,293649.64603899996,300345.763031,300345.76295699994,2973.720425316831,0.030019999999999998,293649.64603899996,29212.575796231577,89.608091,66.96116992,20.049546837001767,0.3329495944634936,57,64,,False,False,Request timeout: 300.0s exceeded,332,21.16838264042747
247,2026-09-14T02:23:10.530+00:00,2026-09-14T02:28:03.842+00:00,2026-09-14T02:28:10.561+00:00,False,99,98.0,,98.0,293311.511305,300030.835465,300030.835465,3030.6144996464645,0.046020000000000005,293311.511305,29472.032273442725,88.872859,68.56453224489796,20.73121723223042,0.32663309372223565,57,64,,False,False,Request timeout: 300.0s exceeded,450,21.16838264042747
248,2026-09-14T02:23:15.219+00:00,2026-09-14T02:28:09.271+00:00,2026-09-14T02:28:15.230+00:00,False,98,97.0,,97.0,294052.184213,300010.748309,300010.74843,3061.3341676530613,0.0159,294052.184213,29698.79145242739,91.17555235,61.42849583505154,272.84801790986586,0.32332174945976794,57,64,,False,False,Request timeout: 300.0s exceeded,231,21.16838264042747
249,2026-09-14T02:23:19.797+00:00,2026-09-14T02:28:14.828+00:00,2026-09-14T02:28:19.814+00:00,False,76,75.0,,75.0,295030.698088,300016.69924,300016.699312,3947.5881488421055,0.030010000000000002,295030.698088,33834.7231157833,91.81514849999999,66.48001536,21.656748322697766,0.2499860847412475,57,64,,False,False,Request timeout: 300.0s exceeded,280,21.16838264042747
250,2026-09-14T02:23:23.386+00:00,2026-09-14T02:28:16.957+00:00,2026-09-14T02:28:23.440+00:00,False,93,92.0,,92.0,293570.658895,300053.905487,300053.905639,3226.386082139785,0.03326,293570.658895,30434.55817508278,90.40788359999999,70.4700716521739,19.77535819982807,0.3066115731794264,57,64,,False,False,Request timeout: 300.0s exceeded,408,21.16838264042747
251,2026-09-14T02:23:28.406+00:00,2026-09-14T02:28:21.914+00:00,2026-09-14T02:28:28.415+00:00,False,96,95.0,,95.0,293507.752334,300008.805774,300008.80573100003,3125.0917263645833,0.03693,293507.752334,29949.032169178285,89.59290574999999,68.43214147368421,20.53102044467544,0.3166573719558238,57,64,,False,False,Request timeout: 300.0s exceeded,436,21.16838264042747
252,2026-09-14T02:23:33.262+00:00,2026-09-14T02:28:26.757+00:00,2026-09-14T02:28:33.323+00:00,False,97,96.0,,96.0,293495.83549699996,300061.110121,300061.11031799996,3093.413508432989,0.033659999999999995,293495.83549699996,29793.05012536077,89.450187,68.38827733333333,20.231344712250763,0.3199348291462626,57,64,,False,False,Request timeout: 300.0s exceeded,413,21.16838264042747
253,2026-09-14T02:23:38.002+00:00,2026-09-14T02:28:31.994+00:00,2026-09-14T02:28:38.078+00:00,False,88,87.0,,87.0,293992.17017500004,300075.67660700006,300075.676692,3409.9508715000006,0.0,293992.17017500004,31332.29141624981,91.1190592,69.92536128735631,68.88047956552488,0.28992686439541465,57,64,,False,False,Request timeout: 300.0s exceeded,476,21.16838264042747
254,2026-09-14T02:23:41.249+00:00,2026-09-14T02:28:35.132+00:00,2026-09-14T02:28:41.264+00:00,False,94,93.0,,93.0,293883.00018000003,300015.09669200005,300015.09664500004,3191.649964308511,0.0,293883.00018000003,30304.98863831708,87.65344845,65.9365216344086,66.62115309630744,0.3099844008699175,57,64,,False,False,Request timeout: 300.0s exceeded,328,21.16838264042747
255,2026-09-14T02:23:46.488+00:00,2026-09-14T02:28:39.876+00:00,2026-09-14T02:28:46.540+00:00,False,99,98.0,,98.0,293387.963742,300051.641182,300051.64099499997,3030.824656515151,0.01816,293387.963742,29479.77238416755,89.10240290000002,67.99670857142857,19.677163694230575,0.3266104448352506,57,64,,False,False,Request timeout: 300.0s exceeded,469,21.16838264042747
256,2026-09-14T02:23:49.852+00:00,2026-09-14T02:28:43.147+00:00,2026-09-14T02:28:49.891+00:00,False,100,99.0,,99.0,293295.32818199997,300039.04530199995,300039.04531599995,3000.3904531599997,0.08924,293295.32818199997,29322.727403519475,88.53163945,68.11835474747474,19.503674850197065,0.3299570557570365,57,64,,False,False,Request timeout: 300.0s exceeded,404,21.16838264042747
257,2026-09-14T02:23:55.113+00:00,2026-09-14T02:28:48.813+00:00,2026-09-14T02:28:55.157+00:00,False,96,95.0,,95.0,293699.37613700004,300043.49773700006,300043.49767500005,3125.4531007812507,0.01819,293699.37613700004,29968.758084331614,90.16902400000001,66.78022736842105,20.233006512810874,0.316620759044981,57,64,,False,False,Request timeout: 300.0s exceeded,441,21.16838264042747
258,2026-09-14T02:24:00.729+00:00,2026-09-14T02:28:54.684+00:00,2026-09-14T02:29:00.748+00:00,False,89,88.0,,88.0,293955.009723,300019.005371,300019.005472,3371.000061483146,0.01749,293955.009723,31151.87147622905,90.81474980000002,68.90904145454546,21.164386837023983,0.2933147514810944,57,64,,False,False,Request timeout: 300.0s exceeded,413,21.16838264042747
259,2026-09-14T02:24:04.749+00:00,2026-09-14T02:28:58.354+00:00,2026-09-14T02:29:04.790+00:00,False,96,95.0,,95.0,293605.391733,300041.426293,300041.426336,3125.431524333333,0.019199,293605.391733,29959.06806808417,92.9397565,67.74773221052632,21.63634151521424,0.31662294495037324,57,64,,False,False,Request timeout: 300.0s exceeded,500,21.16838264042747
260,2026-09-14T02:24:08.857+00:00,2026-09-14T02:29:02.643+00:00,2026-09-14T02:29:08.893+00:00,False,90,89.0,,89.0,293785.903866,300035.858426,300035.858502,3333.7317611333333,0.0289,293785.903866,30960.35788149584,90.3535844,70.22420853932584,20.647444297173116,0.2966312109055815,57,64,,False,False,Request timeout: 300.0s exceeded,401,21.16838264042747
261,2026-09-14T02:24:13.780+00:00,2026-09-14T02:29:07.374+00:00,2026-09-14T02:29:13.798+00:00,False,97,96.0,,96.0,293593.224537,300017.354841,300017.355006,3092.9624227422682,0.03577,293593.224537,29803.08777115107,87.61865500000002,66.918024,20.242668353028662,0.3199814892404376,57,64,,False,False,Request timeout: 300.0s exceeded,364,21.16838264042747
262,2026-09-14T02:24:17.424+00:00,2026-09-14T02:29:11.115+00:00,2026-09-14T02:29:17.507+00:00,False,98,97.0,,97.0,293691.53158099996,300083.647037,300083.647128,3062.078031918367,0.06531999999999999,293691.53158099996,29660.674640558,86.2191119,65.89809748453608,19.828916265205834,0.32324320554541913,57,64,,False,False,Request timeout: 300.0s exceeded,402,21.16838264042747
263,2026-09-14T02:24:20.631+00:00,2026-09-14T02:29:14.569+00:00,2026-09-14T02:29:20.644+00:00,False,92,91.0,,91.0,293937.961423,300012.96276699996,300012.96288899996,3261.010466184782,0.02075,293937.961423,30638.197700708606,87.88389554999999,66.75825652747253,20.57495429383161,0.303320227101899,57,64,,False,False,Request timeout: 300.0s exceeded,398,21.16838264042747
264,2026-09-14T02:24:25.993+00:00,2026-09-14T02:29:20.041+00:00,2026-09-14T02:29:26.047+00:00,False,85,84.0,,84.0,294048.059515,300053.85740299994,300053.857537,3530.0453827882347,0.03562,294048.059515,31886.241439024016,90.92914,71.49759390476191,20.25462541484273,0.2799497421130643,57,64,,False,False,Request timeout: 300.0s exceeded,379,21.16838264042747
265,2026-09-14T02:24:30.739+00:00,2026-09-14T02:29:24.631+00:00,2026-09-14T02:29:30.779+00:00,False,89,88.0,,88.0,293892.181577,300040.234057,300040.233969,3371.2385839213484,0.02155,293892.181577,31145.10957536896,89.10547179999999,69.86423272727274,19.807444868854397,0.29329399864180294,57,64,,False,False,Request timeout: 300.0s exceeded,410,21.16838264042747
266,2026-09-14T02:24:34.166+00:00,2026-09-14T02:29:27.659+00:00,2026-09-14T02:29:34.241+00:00,False,106,105.0,,105.0,293493.60794099997,300075.22534899996,300075.225458,2830.898353377358,0.0,293493.60794099997,28500.598767127733,91.27958225,62.68207055238095,62.45528681333837,0.34991225909396767,57,64,,False,False,Request timeout: 300.0s exceeded,507,21.16838264042747
267,2026-09-14T02:24:39.616+00:00,2026-09-14T02:29:33.252+00:00,2026-09-14T02:29:39.695+00:00,False,100,99.0,,99.0,293635.141357,300078.949101,300078.949104,3000.78949104,0.02951,293635.141357,29357.012586060402,89.05092095,65.08896711111112,20.87528710506511,0.3299131788370759,57,64,,False,False,Request timeout: 300.0s exceeded,338,21.16838264042747
268,2026-09-14T02:24:43.110+00:00,2026-09-14T02:29:36.708+00:00,2026-09-14T02:29:43.148+00:00,False,97,96.0,,96.0,293598.527657,300037.880489,300037.880313,3093.174023845361,0.02983,293598.527657,29803.610544316893,91.88789579999998,67.076592,20.86224842700894,0.319959599246401,57,64,,False,False,Request timeout: 300.0s exceeded,438,21.16838264042747
269,2026-09-14T02:24:47.910+00:00,2026-09-14T02:29:41.514+00:00,2026-09-14T02:29:47.921+00:00,False,102,101.0,,101.0,293603.66214,300010.87135599996,300010.87152399996,2941.2830541568624,0.02022,293603.66214,29064.820331139264,88.86807004999999,63.437715009900984,20.464792931802943,0.33665446703146645,57,64,,False,False,Request timeout: 300.0s exceeded,456,21.16838264042747
270,2026-09-14T02:24:53.324+00:00,2026-09-14T02:29:48.464+00:00,2026-09-14T02:29:53.400+00:00,False,71,70.0,,70.0,295140.49849,300075.80114600004,300075.80122200004,4226.419735521127,0.03199,295140.49849,35018.37220627792,91.9968905,70.50432365714286,21.507586294595736,0.23327439177923556,57,64,,False,False,Request timeout: 300.0s exceeded,321,21.16838264042747
271,2026-09-14T02:24:59.149+00:00,2026-09-14T02:29:52.938+00:00,2026-09-14T02:29:59.178+00:00,False,92,91.0,,91.0,293789.25349699997,300029.066617,300029.066734,3261.1855079782604,0.039700000000000006,293789.25349699997,30622.505516445366,88.93270855,68.56937494505495,21.32485264263981,0.3033039466011652,57,64,,False,False,Request timeout: 300.0s exceeded,384,21.16838264042747
272,2026-09-14T02:25:03.113+00:00,2026-09-14T02:29:56.420+00:00,2026-09-14T02:30:03.142+00:00,False,100,99.0,,99.0,293307.40955599997,300029.294228,300029.294236,3000.29294236,0.02004,293307.40955599997,29323.958475230003,90.29827945,67.89782496969697,20.79965451632223,0.32996777949544936,57,64,,False,False,Request timeout: 300.0s exceeded,374,21.16838264042747
273,2026-09-14T02:25:07.412+00:00,2026-09-14T02:30:00.862+00:00,2026-09-14T02:30:07.464+00:00,False,97,96.0,,96.0,293449.70469,300051.91524999996,300051.915443,3093.3187159072163,0.062299999999999994,293449.70469,29788.327108874073,88.625719,68.77302666666667,20.114375822660424,0.3199446333145844,57,64,,False,False,Request timeout: 300.0s exceeded,363,21.16838264042747
274,2026-09-14T02:25:11.322+00:00,2026-09-14T02:30:05.254+00:00,2026-09-14T02:30:11.357+00:00,False,91,90.0,,90.0,293932.389274,300035.105946,300035.105921,3297.089076054945,0.03848,293932.389274,30805.38564570251,90.16775450000002,67.80796302222222,21.153091318983268,0.29996489816161076,57,64,,False,False,Request timeout: 300.0s exceeded,366,21.16838264042747
275,2026-09-14T02:25:16.179+00:00,2026-09-14T02:30:09.990+00:00,2026-09-14T02:30:16.252+00:00,False,95,94.0,,94.0,293811.250882,300073.32141000003,300073.32147300005,3158.6665418210528,0.04345,293811.250882,30137.570012279044,86.5244167,66.61777157446808,19.977858320385756,0.3132567719059727,57,64,,False,False,Request timeout: 300.0s exceeded,492,21.16838264042747
276,2026-09-14T02:25:20.490+00:00,2026-09-14T02:30:14.259+00:00,2026-09-14T02:30:20.512+00:00,False,95,94.0,,94.0,293769.48436400003,300022.135116,300022.13519500004,3158.1277388947374,0.04131,293769.48436400003,30133.29547306073,88.224055,66.51756119148936,20.478976008263786,0.3133102161400725,57,64,,False,False,Request timeout: 300.0s exceeded,484,21.16838264042747
277,2026-09-14T02:25:25.022+00:00,2026-09-14T02:30:18.709+00:00,2026-09-14T02:30:25.066+00:00,False,93,92.0,,92.0,293687.216082,300043.745234,300043.745043,3226.276828419355,0.02366,293687.216082,30446.78800987066,89.0536722,69.09270817391305,20.678906012141486,0.30662195583597474,57,64,,False,False,Request timeout: 300.0s exceeded,350,21.16838264042747
278,2026-09-14T02:25:29.467+00:00,2026-09-14T02:30:23.307+00:00,2026-09-14T02:30:29.525+00:00,False,98,97.0,,97.0,293840.42321100004,300057.62871500006,300057.628626,3061.8125370000002,0.0,293840.42321100004,29675.961588245453,92.0538156,64.09490210309278,65.26671900172327,0.3232712343139,57,64,,False,False,Request timeout: 300.0s exceeded,462,21.16838264042747
279,2026-09-14T02:25:34.369+00:00,2026-09-14T02:30:28.316+00:00,2026-09-14T02:30:34.411+00:00,False,95,94.0,,94.0,293947.093308,300041.97612400004,300041.976112,3158.336590652632,0.02533,293947.093308,30151.69059232636,90.63345100000001,64.83917889361702,21.398588117307796,0.3132894977373169,57,64,,False,False,Request timeout: 300.0s exceeded,449,21.16838264042747
280,2026-09-14T02:25:38.667+00:00,2026-09-14T02:30:32.316+00:00,2026-09-14T02:30:38.716+00:00,False,93,92.0,,92.0,293648.497122,300049.15248199995,300049.15264999995,3226.3349747311827,0.0212,293648.497122,30442.723036677835,89.28444360000002,69.57234086956522,20.274607956969586,0.3066164301381225,57,64,,False,False,Request timeout: 300.0s exceeded,420,21.16838264042747
281,2026-09-14T02:25:41.909+00:00,2026-09-14T02:30:35.687+00:00,2026-09-14T02:30:41.943+00:00,False,95,94.0,,94.0,293777.266833,300033.995665,300033.995505,3158.252584263158,0.01697,293777.266833,30134.089464219607,89.1067987,66.5609450212766,20.445763629555856,0.3132978307729994,57,64,,False,False,Request timeout: 300.0s exceeded,315,21.16838264042747
282,2026-09-14T02:25:46.536+00:00,2026-09-14T02:30:39.866+00:00,2026-09-14T02:30:46.571+00:00,False,102,101.0,,101.0,293330.71049800003,300035.31081800006,300035.31075500004,2941.5226544607845,0.07754000000000001,293330.71049800003,29037.50201224841,87.35872705,66.38218138613861,19.675045863287373,0.33662704474563027,57,64,,False,False,Request timeout: 300.0s exceeded,415,21.16838264042747
283,2026-09-14T02:25:51.090+00:00,2026-09-14T02:30:44.472+00:00,2026-09-14T02:30:51.699+00:00,False,107,106.0,,106.0,293382.21781199996,300608.76168399997,300608.76163699996,2809.4276788504667,0.03799,293382.21781199996,28355.7458896259,88.617407,68.17494218867925,20.147872536674935,0.35261779931560094,57,64,,False,False,Request timeout: 300.0s exceeded,474,21.16838264042747
284,2026-09-14T02:25:54.296+00:00,2026-09-14T02:30:48.157+00:00,2026-09-14T02:30:54.360+00:00,False,94,93.0,,93.0,293860.959166,300064.672702,300064.67268,3192.1773689361703,0.01907,293860.959166,30302.57026171149,89.43852729999999,66.70659716129032,20.4838408488024,0.3099331859447516,57,64,,False,False,Request timeout: 300.0s exceeded,495,21.16838264042747
285,2026-09-14T02:25:59.304+00:00,2026-09-14T02:30:53.014+00:00,2026-09-14T02:30:59.309+00:00,False,91,90.0,,90.0,293710.091291,300004.995099,300004.995222,3296.7581892527473,0.01847,293710.091291,30781.857918881833,89.4874165,69.94337564444444,20.06624499507693,0.2999950049841687,57,64,,False,False,Request timeout: 300.0s exceeded,437,21.16838264042747
286,2026-09-14T02:26:04.232+00:00,2026-09-14T02:30:57.857+00:00,2026-09-14T02:31:04.270+00:00,False,94,93.0,,93.0,293625.01185500005,300037.74324700003,300037.74321800005,3191.890885297873,0.036359999999999996,293625.01185500005,30278.002107371816,88.182377,68.95410098924731,20.121080088051627,0.30996100355094197,57,64,,False,False,Request timeout: 300.0s exceeded,304,21.16838264042747
287,2026-09-14T02:26:08.930+00:00,2026-09-14T02:31:02.571+00:00,2026-09-14T02:31:08.947+00:00,False,93,92.0,,92.0,293641.515944,300017.302184,300017.30220499996,3225.992496827957,0.01841,293641.515944,30442.027017619374,88.70710100000001,69.30202434782609,20.067909104670324,0.30664898100969057,57,64,,False,False,Request timeout: 300.0s exceeded,421,21.16838264042747
288,2026-09-14T02:26:14.335+00:00,2026-09-14T02:31:08.162+00:00,2026-09-14T02:31:14.393+00:00,False,93,92.0,,92.0,293827.078719,300057.719871,300057.720026,3226.427097053763,0.018609999999999998,293827.078719,30461.43268872924,88.9437438,67.72436034782609,20.24502108596323,0.30660767548174533,57,64,,False,False,Request timeout: 300.0s exceeded,347,21.16838264042747
289,2026-09-14T02:26:17.728+00:00,2026-09-14T02:31:11.431+00:00,2026-09-14T02:31:17.748+00:00,False,98,97.0,,97.0,293702.590996,300019.58197199996,300019.58201099996,3061.4243062346936,0.03694,293702.590996,29661.87011845313,87.42477155,65.12361830927836,19.940866043311022,0.3233122296965694,57,64,,False,False,Request timeout: 300.0s exceeded,496,21.16838264042747
290,2026-09-14T02:26:22.440+00:00,2026-09-14T02:31:16.109+00:00,2026-09-14T02:31:22.471+00:00,False,104,103.0,,103.0,293668.96468300006,300030.50247500004,300030.50255300006,2884.908678394231,0.0,293668.96468300006,28790.63177020168,89.67969400000001,61.762502834951455,66.86862931532768,0.3432984284942243,57,64,,False,False,Request timeout: 300.0s exceeded,487,21.16838264042747
291,2026-09-14T02:26:27.286+00:00,2026-09-14T02:31:21.733+00:00,2026-09-14T02:31:27.318+00:00,False,93,92.0,,92.0,294447.463234,300031.95398600004,300031.954065,3226.150043709678,0.0,294447.463234,30526.500174835932,90.73156800000001,60.70098643478261,30.400581311272823,0.30663400607087626,57,64,,False,False,Request timeout: 300.0s exceeded,347,21.16838264042747
292,2026-09-14T02:26:31.027+00:00,2026-09-14T02:31:24.641+00:00,2026-09-14T02:31:31.040+00:00,False,91,90.0,,90.0,293613.74222899997,300013.03464499995,300013.03462999995,3296.846534395604,0.02053,293613.74222899997,30771.635640040517,88.979762,71.10324906666666,19.166330777212156,0.29998696592131535,57,64,,False,False,Request timeout: 300.0s exceeded,417,21.16838264042747
293,2026-09-14T02:26:34.251+00:00,2026-09-14T02:31:27.794+00:00,2026-09-14T02:31:34.282+00:00,False,93,92.0,,92.0,293542.952662,300030.98517400003,300030.98526600003,3226.1396265161293,0.03376,293542.952662,30431.679585474147,89.4149276,70.52209252173913,19.472061924513394,0.3066349962042937,57,64,,False,False,Request timeout: 300.0s exceeded,387,21.16838264042747
294,2026-09-14T02:26:39.523+00:00,2026-09-14T02:31:33.109+00:00,2026-09-14T02:31:39.566+00:00,False,95,94.0,,94.0,293586.449496,300042.95074400003,300042.95083600003,3158.346850905263,0.01771,293586.449496,30114.293723575913,88.49285599999999,68.68618348936171,20.063571400304536,0.3132884800889784,57,64,,False,False,Request timeout: 300.0s exceeded,142,21.16838264042747
295,2026-09-14T02:26:44.012+00:00,2026-09-14T02:31:37.624+00:00,2026-09-14T02:31:44.042+00:00,False,97,96.0,,96.0,293611.446016,300029.760512,300029.760408,3093.090313484536,0.045159,293611.446016,29804.9440159173,88.92986479999999,66.85744266666667,20.217235552294024,0.3199682586026675,57,64,,False,False,Request timeout: 300.0s exceeded,508,21.16838264042747
296,2026-09-14T02:26:47.647+00:00,2026-09-14T02:31:41.116+00:00,2026-09-14T02:31:47.751+00:00,False,104,103.0,,103.0,293469.015061,300104.021269,300104.02118700003,2885.6155883365386,0.01848,293469.015061,28770.695365823216,89.44390199999998,64.417536,20.89865288181532,0.34321432803352986,57,64,,False,False,Request timeout: 300.0s exceeded,502,21.16838264042747
297,2026-09-14T02:26:52.660+00:00,2026-09-14T02:31:46.297+00:00,2026-09-14T02:31:52.695+00:00,False,98,97.0,,97.0,293636.967024,300034.588272,300034.588118,3061.57742977551,0.01954,293636.967024,29655.157384193404,89.56103835,65.95485822680412,20.31920554207757,0.3232960591598975,57,64,,False,False,Request timeout: 300.0s exceeded,465,21.16838264042747
298,2026-09-14T02:26:56.934+00:00,2026-09-14T02:31:50.670+00:00,2026-09-14T02:31:56.996+00:00,False,98,97.0,,97.0,293736.466249,300062.169673,300062.169535,3061.8588728061222,0.03215,293736.466249,29665.28354620233,90.41864885000001,65.21343736082474,20.800359201050053,0.32326634212406086,57,64,,False,False,Request timeout: 300.0s exceeded,443,21.16838264042747
299,2026-09-14T02:27:01.028+00:00,2026-09-14T02:31:54.614+00:00,2026-09-14T02:32:01.063+00:00,False,97,96.0,,96.0,293586.17249,300035.402314,300035.40235600004,3093.1484778969075,0.030780000000000002,293586.17249,29802.34553251364,89.52887679999999,67.17947733333332,20.734397747165705,0.31996224198747003,57,64,,False,False,Request timeout: 300.0s exceeded,188,21.16838264042747
300,2026-09-14T02:27:04.998+00:00,2026-09-14T02:31:58.777+00:00,2026-09-14T02:32:05.573+00:00,False,66,65.0,,65.0,293779.10965600004,300574.71080800006,300574.71072100004,4554.162283651516,0.04163,293779.10965600004,36150.21096727054,89.95613775000001,104.54771003076922,317.3183482807328,0.21625239137806387,57,64,,False,False,Request timeout: 300.0s exceeded,187,21.16838264042747
301,2026-09-14T02:27:10.634+00:00,2026-09-14T02:32:06.292+00:00,2026-09-14T02:32:10.688+00:00,False,66,65.0,,65.0,295658.23162599996,300053.65024999995,300053.65018799994,4546.267427090908,0.04329,295658.23162599996,36384.69479435531,91.12898975,67.62182498461539,20.90712951353387,0.2166279261920094,57,64,,False,False,Request timeout: 300.0s exceeded,354,21.16838264042747
302,2026-09-14T02:27:14.112+00:00,2026-09-14T02:32:07.948+00:00,2026-09-14T02:32:14.184+00:00,False,94,93.0,,93.0,293836.090727,300072.703079,300072.703071,3192.2627986276593,0.01776,293836.090727,30299.9680517274,87.83657815000001,67.06034787096773,19.345193506276225,0.309924891687052,57,64,,False,False,Request timeout: 300.0s exceeded,328,21.16838264042747
303,2026-09-14T02:27:17.305+00:00,2026-09-14T02:32:11.122+00:00,2026-09-14T02:32:17.364+00:00,False,96,95.0,,95.0,293817.252941,300059.201869,300059.201984,3125.616687333333,0.0,293817.252941,29980.96231411556,88.50061299999999,65.70472555789473,65.34842848720083,0.3166041881344307,57,64,,False,False,Request timeout: 300.0s exceeded,481,21.16838264042747
304,2026-09-14T02:27:21.484+00:00,2026-09-14T02:32:15.080+00:00,2026-09-14T02:32:21.516+00:00,False,98,97.0,,97.0,293596.48200099997,300032.25057699997,300032.250435,3061.553575867347,0.0,293596.48200099997,29651.089944828807,86.5965152,66.34812964948453,64.19790777944098,0.3232985781143752,57,64,,False,False,Request timeout: 300.0s exceeded,436,21.16838264042747
305,2026-09-14T02:27:25.015+00:00,2026-09-14T02:32:18.731+00:00,2026-09-14T02:32:25.096+00:00,False,91,90.0,,90.0,293716.179052,300081.11191599997,300081.112106,3297.5946385274724,0.04809,293716.179052,30782.414422500868,90.875838,70.72147626666667,19.910802231363324,0.29991891000854864,57,64,,False,False,Request timeout: 300.0s exceeded,423,21.16838264042747
306,2026-09-14T02:27:28.716+00:00,2026-09-14T02:32:22.709+00:00,2026-09-14T02:32:28.737+00:00,False,85,84.0,,84.0,293993.38084,300021.47556,300021.475555,3529.6644182941177,0.02109,293993.38084,31880.281905957225,90.0639216,71.76303238095238,20.24095351542119,0.2799799575787407,57,64,,False,False,Request timeout: 300.0s exceeded,408,21.16838264042747
307,2026-09-14T02:27:32.977+00:00,2026-09-14T02:32:26.743+00:00,2026-09-14T02:32:33.022+00:00,False,90,89.0,,89.0,293765.550095,300044.959247,300044.95942100004,3333.8328824555556,0.020989999999999998,293765.550095,30958.177596850022,91.27434645000001,70.55515901123596,20.762453231875092,0.29662221362877256,57,64,,False,False,Request timeout: 300.0s exceeded,348,21.16838264042747
308,2026-09-14T02:27:37.849+00:00,2026-09-14T02:32:31.449+00:00,2026-09-14T02:32:37.926+00:00,False,94,93.0,,93.0,293599.389702,300077.021702,300077.021743,3192.308741946809,0.024579999999999998,293599.389702,30275.28762431017,89.6428008,69.65195698924731,20.45010851285984,0.309920431336313,57,64,,False,False,Request timeout: 300.0s exceeded,452,21.16838264042747
309,2026-09-14T02:27:43.332+00:00,2026-09-14T02:32:37.119+00:00,2026-09-14T02:32:43.358+00:00,False,97,96.0,,96.0,293786.655117,300025.543565,300025.543412,3093.0468392989687,0.062469000000000004,293786.655117,29822.92353613633,87.79126459999999,64.98842133333333,20.165034733343802,0.31997275585037566,57,64,,False,False,Request timeout: 300.0s exceeded,428,21.16838264042747
310,2026-09-14T02:27:46.983+00:00,2026-09-14T02:32:41.220+00:00,2026-09-14T02:32:47.013+00:00,False,87,86.0,,86.0,294237.07473299996,300029.793325,300029.79315999994,3448.6183121839076,0.05767,294237.07473299996,31538.31086800415,88.23316999999999,67.35719293023256,20.698726388253366,0.2866382003164686,57,64,,False,False,Request timeout: 300.0s exceeded,457,21.16838264042747
311,2026-09-14T02:27:51.616+00:00,2026-09-14T02:32:45.059+00:00,2026-09-14T02:32:51.661+00:00,False,95,94.0,,94.0,293443.308347,300045.64562699996,300045.645656,3158.3752174315787,0.017920000000000002,293443.308347,30099.4479325495,88.1115447,70.23763063829787,19.056948614778104,0.3132856662644442,57,64,,False,False,Request timeout: 300.0s exceeded,429,21.16838264042747
312,2026-09-14T02:27:56.855+00:00,2026-09-14T02:32:50.376+00:00,2026-09-14T02:32:56.900+00:00,False,95,94.0,,94.0,293520.603363,300044.502499,300044.50270699995,3158.3631863894734,0.020309,293520.603363,30107.463721347965,86.998089,69.40318229787233,18.858984945604536,0.3132868598394443,57,64,,False,False,Request timeout: 300.0s exceeded,419,21.16838264042747
313,2026-09-14T02:28:02.199+00:00,2026-09-14T02:32:56.012+00:00,2026-09-14T02:33:02.292+00:00,False,93,92.0,,92.0,293812.436018,300092.621874,300092.621707,3226.8023839462367,0.02212,293812.436018,30459.85808522455,88.89803,68.26288973913044,19.65227829746577,0.30657201575128384,57,64,,False,False,Request timeout: 300.0s exceeded,459,21.16838264042747
314,2026-09-14T02:28:07.737+00:00,2026-09-14T02:33:01.153+00:00,2026-09-14T02:33:07.804+00:00,False,100,99.0,,99.0,293415.679686,300066.888646,300066.888661,3000.66888661,0.037689,293415.679686,29334.856785048574,89.83153245,67.1839288888889,20.67092329524259,0.3299264388907433,57,64,,False,False,Request timeout: 300.0s exceeded,450,21.16838264042747
315,2026-09-14T02:28:14.634+00:00,2026-09-14T02:33:06.605+00:00,2026-09-14T02:33:13.654+00:00,True,114,114.0,,114.0,291970.576228,299019.642212,299019.642114,2622.9793167894736,0.0,291970.576228,27339.780323497707,89.76516485,62.381114902654865,63.434769350909534,0.3812458578195204,57,64,,False,True,,588,21.16838264042747
316,2026-09-14T02:28:17.460+00:00,2026-09-14T02:33:11.358+00:00,2026-09-14T02:33:17.542+00:00,False,107,106.0,,106.0,293898.329263,300082.177967,300082.178045,2804.506336869159,0.044109999999999996,293898.329263,28406.591595116726,88.99482960000002,58.338195320754714,20.691236462755224,0.3532365724553519,57,64,,False,False,Request timeout: 300.0s exceeded,443,21.16838264042747
317,2026-09-14T02:28:22.159+00:00,2026-09-14T02:33:16.039+00:00,2026-09-14T02:33:22.227+00:00,False,93,92.0,,92.0,293879.99864600005,300067.8271260001,300067.827119,3226.535775473119,0.03016,293879.99864600005,30466.96820895889,87.70261500000001,67.25900521739129,19.822755657335385,0.3065973479434992,57,64,,False,False,Request timeout: 300.0s exceeded,418,21.16838264042747
318,2026-09-14T02:28:27.013+00:00,2026-09-14T02:33:21.047+00:00,2026-09-14T02:33:27.075+00:00,False,87,86.0,,86.0,294033.81490600004,300061.77753,300061.77757700003,3448.98594916092,0.037689999999999994,294033.81490600004,31516.225167011497,88.04639800000001,70.09258865116279,19.591691575680258,0.286607646958306,57,64,,False,False,Request timeout: 300.0s exceeded,325,21.16838264042747
319,2026-09-14T02:28:32.259+00:00,2026-09-14T02:33:25.848+00:00,2026-09-14T02:33:32.289+00:00,False,98,97.0,,97.0,293588.95882,300029.848932,300029.849049,3061.5290719285713,0.02232,293588.95882,29650.262537187737,87.97612269999999,66.40092898969073,19.981759295470766,0.3233011660182667,57,64,,False,False,Request timeout: 300.0s exceeded,372,21.16838264042747
320,2026-09-14T02:28:36.892+00:00,2026-09-14T02:33:30.275+00:00,2026-09-14T02:33:36.925+00:00,False,102,101.0,,101.0,293382.92648799997,300033.45013599994,300033.450135,2941.504413088235,0.040409999999999995,293382.92648799997,29042.72509507409,86.91743505000001,65.84676879207922,19.55078149004477,0.3366291323658027,57,64,,False,False,Request timeout: 300.0s exceeded,477,21.16838264042747
321,2026-09-14T02:28:41.689+00:00,2026-09-14T02:33:35.354+00:00,2026-09-14T02:33:41.771+00:00,False,101,100.0,,100.0,293664.835869,300082.400541,300082.400626,2971.1128774851486,0.02163,293664.835869,29214.36562632477,89.37505100000003,64.17564672,21.766042839370005,0.33324180231735073,57,64,,False,False,Request timeout: 300.0s exceeded,484,21.16838264042747
322,2026-09-14T02:28:46.151+00:00,2026-09-14T02:33:39.915+00:00,2026-09-14T02:33:46.187+00:00,False,95,94.0,,94.0,293764.679171,300036.368131,300036.36811700003,3158.277559126316,0.04125,293764.679171,30132.781876182355,87.8991367,66.72009531914894,20.75209146773769,0.31329535344514736,57,64,,False,False,Request timeout: 300.0s exceeded,435,21.16838264042747
323,2026-09-14T02:28:49.518+00:00,2026-09-14T02:33:43.253+00:00,2026-09-14T02:33:49.583+00:00,False,95,94.0,,94.0,293735.01746600005,300064.39935400005,300064.3993800001,3158.5726250526322,0.02075,293735.01746600005,30129.674779699388,87.124238,67.33384987234042,19.385551433194202,0.31326608622139074,57,64,,False,False,Request timeout: 300.0s exceeded,217,21.16838264042747
324,2026-09-14T02:28:55.225+00:00,2026-09-14T02:33:49.042+00:00,2026-09-14T02:33:55.235+00:00,False,97,96.0,,96.0,293817.79309600004,300010.53984800004,300010.53990800004,3092.8921640000003,0.02081,293817.79309600004,29826.133753679336,86.80450259999999,64.50777866666667,19.91517446791693,0.3199887578904337,57,64,,False,False,Request timeout: 300.0s exceeded,441,21.16838264042747
325,2026-09-14T02:29:00.949+00:00,2026-09-14T02:33:54.851+00:00,2026-09-14T02:34:00.994+00:00,False,92,91.0,,91.0,293901.944172,300045.586796,300045.58675799996,3261.3650734565217,0.02274,293901.944172,30634.363793929668,88.7008236,67.51255630769231,20.258423136244872,0.3032872470204689,57,64,,False,False,Request timeout: 300.0s exceeded,344,21.16838264042747
326,2026-09-14T02:29:05.766+00:00,2026-09-14T02:33:59.279+00:00,2026-09-14T02:34:05.858+00:00,False,90,89.0,,89.0,293513.188158,300091.758654,300091.758655,3334.3528739444446,0.04158,293513.188158,30931.283512044192,88.72896985000001,73.9165224269663,65.41856144083262,0.2965759552984435,57,64,,False,False,Request timeout: 300.0s exceeded,408,21.16838264042747
327,2026-09-14T02:29:10.795+00:00,2026-09-14T02:34:04.388+00:00,2026-09-14T02:34:10.851+00:00,False,98,97.0,,97.0,293592.440894,300055.700798,300055.700876,3061.792866081633,0.0,293592.440894,29650.659797759927,90.64179050000001,66.63154540206186,67.24971464499598,0.3232733113952773,57,64,,False,False,Request timeout: 300.0s exceeded,435,21.16838264042747
328,2026-09-14T02:29:14.304+00:00,2026-09-14T02:34:08.058+00:00,2026-09-14T02:34:14.360+00:00,False,87,86.0,,86.0,293753.63794700004,300056.10117900005,300056.10128800006,3448.9207044597706,0.04235,293753.63794700004,31485.84507271857,91.5409383,73.28445618604651,19.957511109603818,0.28661306889639365,57,64,,False,False,Request timeout: 300.0s exceeded,357,21.16838264042747
329,2026-09-14T02:29:19.825+00:00,2026-09-14T02:34:13.921+00:00,2026-09-14T02:34:19.842+00:00,False,88,87.0,,87.0,294096.124538,300017.093242,300017.093245,3409.2851505113636,0.02436,294096.124538,31343.50381707388,88.96737555,68.05711154022988,20.326337098434955,0.2899834774741451,57,64,,False,False,Request timeout: 300.0s exceeded,255,21.16838264042747
330,2026-09-14T02:29:24.604+00:00,2026-09-14T02:34:18.311+00:00,2026-09-14T02:34:24.637+00:00,False,93,92.0,,92.0,293707.25078299997,300033.17923099996,300033.179325,3226.163218548387,0.023719999999999998,293707.25078299997,30448.90015636261,90.24666619999999,68.76009182608695,20.908195298445097,0.30663275387009065,57,64,,False,False,Request timeout: 300.0s exceeded,379,21.16838264042747
331,2026-09-14T02:29:29.924+00:00,2026-09-14T02:34:23.639+00:00,2026-09-14T02:34:29.970+00:00,False,93,92.0,,92.0,293715.137982,300046.084542,300046.084503,3226.301983903226,0.03741,293715.137982,30449.71217077569,89.30230360000002,68.81463652173913,20.620651893533214,0.3066195652592226,57,64,,False,False,Request timeout: 300.0s exceeded,290,21.16838264042747
332,2026-09-14T02:29:34.013+00:00,2026-09-14T02:34:27.835+00:00,2026-09-14T02:34:34.053+00:00,False,95,94.0,,94.0,293822.651938,300040.41424199997,300040.414168,3158.3201491368422,0.03413,293822.651938,30138.788281343506,89.032224,66.1464074893617,20.257339180772284,0.31329112858837593,57,64,,False,False,Request timeout: 300.0s exceeded,404,21.16838264042747
333,2026-09-14T02:29:38.680+00:00,2026-09-14T02:34:32.341+00:00,2026-09-14T02:34:38.699+00:00,False,94,93.0,,93.0,293660.449295,300018.878735,300018.878678,3191.6901987021274,0.02465,293660.449295,30281.717301442717,90.2909888,68.37020903225806,19.93483014934223,0.30998049320137894,57,64,,False,False,Request timeout: 300.0s exceeded,359,21.16838264042747
334,2026-09-14T02:29:44.130+00:00,2026-09-14T02:34:38.241+00:00,2026-09-14T02:34:44.211+00:00,False,87,86.0,,86.0,294110.51288,300080.259312,300080.259504,3449.1983851034483,0.03516,294110.51288,31524.52044891248,87.27892100000001,69.4156561860465,19.30131803173626,0.28658999494726484,57,64,,False,False,Request timeout: 300.0s exceeded,288,21.16838264042747
335,2026-09-14T02:29:47.384+00:00,2026-09-14T02:34:40.684+00:00,2026-09-14T02:34:47.431+00:00,False,103,102.0,,102.0,293299.60547500005,300046.87715500005,300046.87698800006,2913.076475611651,0.054380000000000005,293299.60547500005,28893.157475427284,86.44854810000001,66.14972235294118,19.545529424551482,0.33994688085791414,57,64,,False,False,Request timeout: 300.0s exceeded,488,21.16838264042747
336,2026-09-14T02:29:51.137+00:00,2026-09-14T02:34:45.121+00:00,2026-09-14T02:34:51.158+00:00,False,93,92.0,,92.0,293984.060834,300021.133218,300021.133165,3226.033689946237,0.03509,293984.060834,30477.928732040415,87.68169459999999,65.620352,19.60187272538018,0.30664506534328495,57,64,,False,False,Request timeout: 300.0s exceeded,344,21.16838264042747
337,2026-09-14T02:29:54.879+00:00,2026-09-14T02:34:48.970+00:00,2026-09-14T02:34:54.916+00:00,False,88,87.0,,87.0,294090.833552,300036.857744,300036.857835,3409.509748125,0.02194,294090.833552,31342.90843783731,87.1384297,68.3451056551724,19.272642091687427,0.28996437522429624,57,64,,True,False,Request timeout: 300.0s exceeded,432,21.16838264042747
338,2026-09-14T02:30:00.350+00:00,2026-09-14T02:34:53.771+00:00,2026-09-14T02:35:00.401+00:00,False,101,100.0,,100.0,293421.329609,300050.693065,300050.693002,2970.7989406138613,0.037340000000000005,293421.329609,29189.924010867802,89.642101,66.29363456,20.226689008289274,0.3332770172216766,57,64,,True,False,Request timeout: 300.0s exceeded,509,21.16838264042747
339,2026-09-14T02:30:03.697+00:00,2026-09-14T02:34:57.271+00:00,2026-09-14T02:35:03.730+00:00,False,100,99.0,,99.0,293574.110851,300033.273475,300033.273502,3000.33273502,0.02183,293574.110851,29350.893233679733,87.06052304999999,65.2440669090909,19.716351527167777,0.32996340323650497,57,64,,True,False,Request timeout: 300.0s exceeded,387,21.16838264042747
340,2026-09-14T02:30:07.867+00:00,2026-09-14T02:35:01.597+00:00,2026-09-14T02:35:07.888+00:00,False,93,92.0,,92.0,293729.890797,300020.42340499995,300020.423295,3226.0260569354837,0.04342,293729.890797,30451.287169116396,87.89208060000001,68.37535443478261,20.093654574153515,0.30664579082940785,57,64,,True,False,Request timeout: 300.0s exceeded,363,21.16838264042747
341,2026-09-14T02:30:11.435+00:00,2026-09-14T02:35:05.153+00:00,2026-09-14T02:35:11.455+00:00,False,94,93.0,,93.0,293717.69894599996,300019.86982599995,300019.86978899996,3191.70074243617,0.02104,293717.69894599996,30287.684930861113,89.30665479999999,67.7652782795699,20.519474051410725,0.3099794692062777,57,64,,True,False,Request timeout: 300.0s exceeded,424,21.16838264042747
342,2026-09-14T02:30:16.190+00:00,2026-09-14T02:35:09.785+00:00,2026-09-14T02:35:16.206+00:00,False,96,95.0,,95.0,293594.247361,300015.582657,300015.582582,3125.1623185625,0.08087000000000001,293594.247361,29957.945541171433,89.62405325,67.59300311578947,20.335588160295078,0.3166502191608195,57,64,,True,False,Request timeout: 300.0s exceeded,452,21.16838264042747
343,2026-09-14T02:30:21.201+00:00,2026-09-14T02:35:14.913+00:00,2026-09-14T02:35:21.276+00:00,False,90,89.0,,89.0,293712.246427,300074.546843,300074.54705299996,3334.161633922222,0.039199,293712.246427,30952.460170235478,88.83184595,71.48652152808988,19.910209488952777,0.296592966435654,57,64,,True,False,Request timeout: 300.0s exceeded,405,21.16838264042747
344,2026-09-14T02:30:25.533+00:00,2026-09-14T02:35:19.060+00:00,2026-09-14T02:35:25.566+00:00,False,95,94.0,,94.0,293527.04724299995,300033.3179629999,300033.3178559999,3158.245451115789,0.037079999999999995,293527.04724299995,30108.14437946516,88.9089124,69.21564595744681,19.319616035743945,0.3132985384362948,57,64,,True,False,Request timeout: 300.0s exceeded,416,21.16838264042747
345,2026-09-14T02:30:30.111+00:00,2026-09-14T02:35:23.846+00:00,2026-09-14T02:35:30.192+00:00,False,94,93.0,,93.0,293735.173019,300081.15369099996,300081.15375,3192.3526994680847,0.02321,293735.173019,30289.43966432568,89.3380686,68.23635131182796,21.97276595378769,0.3099161638646728,57,64,,True,False,Request timeout: 300.0s exceeded,154,21.16838264042747
346,2026-09-14T02:30:34.499+00:00,2026-09-14T02:35:28.036+00:00,2026-09-14T02:35:34.532+00:00,False,96,95.0,,95.0,293537.300762,300033.120026,300033.119996,3125.3449999583336,0.02122,293537.300762,29952.052827804022,88.9019145,68.37704488421053,19.412862819973736,0.31663171049838623,57,64,,True,False,Request timeout: 300.0s exceeded,410,21.16838264042747
347,2026-09-14T02:30:40.308+00:00,2026-09-14T02:35:33.796+00:00,2026-09-14T02:35:40.331+00:00,False,96,95.0,,95.0,293487.410723,300022.768419,300022.768524,3125.237172125,0.05125,293487.410723,29946.91898303117,89.76523275,68.79323890526315,20.196404451716585,0.3166426351593647,57,64,,True,False,Request timeout: 300.0s exceeded,423,21.16838264042747
348,2026-09-14T02:30:44.383+00:00,2026-09-14T02:35:38.128+00:00,2026-09-14T02:35:44.437+00:00,False,93,92.0,,92.0,293745.417144,300054.949816,300054.949881,3226.397310548387,0.019850000000000003,293745.417144,30452.876220223625,90.09633760000001,68.58187686956522,20.786307067598266,0.3066105060303665,57,64,,True,False,Request timeout: 300.0s exceeded,454,21.16838264042747
349,2026-09-14T02:30:49.304+00:00,2026-09-14T02:35:42.962+00:00,2026-09-14T02:35:49.358+00:00,False,93,92.0,,92.0,293658.47064200003,300054.25406600005,300054.254208,3226.3898301935487,0.024550000000000002,293658.47064200003,30443.763054566673,90.27964960000001,69.51938504347827,20.756156301683344,0.3066112169826582,57,64,,True,False,Request timeout: 300.0s exceeded,418,21.16838264042747
350,2026-09-14T02:30:54.164+00:00,2026-09-14T02:35:47.486+00:00,2026-09-14T02:35:54.250+00:00,False,100,99.0,,99.0,293321.278858,300085.789322,300085.789338,3000.85789338,0.042570000000000004,293321.278858,29325.301543800946,87.86546305,68.32838852525252,19.619722718232506,0.32990565872404704,57,64,,True,False,Request timeout: 300.0s exceeded,483,21.16838264042747
351,2026-09-14T02:30:59.777+00:00,2026-09-14T02:35:53.653+00:00,2026-09-14T02:35:59.786+00:00,False,91,90.0,,90.0,293876.37406400003,300009.57752000005,300009.57769500004,3296.8085460989014,0.023149999999999997,293876.37406400003,30799.47703811369,88.03475900000001,68.14670506666667,19.45116049984058,0.29999042278575316,57,64,,True,False,Request timeout: 300.0s exceeded,409,21.16838264042747
352,2026-09-14T02:31:03.389+00:00,2026-09-14T02:35:57.286+00:00,2026-09-14T02:36:03.398+00:00,False,91,90.0,,90.0,293897.38504400005,300009.84533200006,300009.8452500001,3296.8114862637367,0.02277,293897.38504400005,30801.704333495738,89.07015750000001,67.91622542222223,20.367171373706913,0.2999901549910912,57,64,,True,False,Request timeout: 300.0s exceeded,406,21.16838264042747
353,2026-09-14T02:31:06.968+00:00,2026-09-14T02:36:00.906+00:00,2026-09-14T02:36:07.028+00:00,False,89,88.0,,88.0,293937.489275,300059.456635,300059.45658,3371.4545683146066,0.033979999999999996,293937.489275,31149.944010612184,89.8502888,69.56781090909091,20.44800131799475,0.29327520947638536,57,64,,True,False,Request timeout: 300.0s exceeded,394,21.16838264042747
354,2026-09-14T02:31:10.618+00:00,2026-09-14T02:36:04.438+00:00,2026-09-14T02:36:10.651+00:00,False,89,88.0,,88.0,293819.65935900004,300032.93398300005,300032.933811,3371.156559674158,0.02177,293819.65935900004,31137.343399181183,89.101356,70.60539345454545,19.364834624969994,0.29330113475138064,57,64,,True,False,Request timeout: 300.0s exceeded,417,21.16838264042747
355,2026-09-14T02:31:14.339+00:00,2026-09-14T02:36:07.951+00:00,2026-09-14T02:36:14.376+00:00,False,95,94.0,,94.0,293611.582683,300036.883419,300036.883447,3158.2829836526316,0.02542,293611.582683,30116.90586590836,87.616825,68.35426314893617,19.255261171242633,0.3132948153868452,57,64,,True,False,Request timeout: 300.0s exceeded,458,21.16838264042747
356,2026-09-14T02:31:20.079+00:00,2026-09-14T02:36:13.734+00:00,2026-09-14T02:36:20.156+00:00,False,93,92.0,,92.0,293654.942168,300076.846808,300076.84684099996,3226.6327617311827,0.01984,293654.942168,30443.366563226475,87.6889666,69.80331130434783,18.951594573091224,0.3065881322688815,57,64,,True,False,Request timeout: 300.0s exceeded,207,21.16838264042747
357,2026-09-14T02:31:23.902+00:00,2026-09-14T02:36:17.880+00:00,2026-09-14T02:36:23.932+00:00,False,92,91.0,,91.0,293977.530541,300030.08938900003,300030.089381,3261.1966237065217,0.02169,293977.530541,30642.348278168905,87.33524349999999,66.51163569230769,19.80850709221357,0.30330291266891957,57,64,,True,False,Request timeout: 300.0s exceeded,433,21.16838264042747
358,2026-09-14T02:31:27.486+00:00,2026-09-14T02:36:21.358+00:00,2026-09-14T02:36:27.502+00:00,False,92,91.0,,91.0,293872.71946600004,300015.97399400006,300015.97392500006,3261.043194836957,0.040369999999999996,293872.71946600004,30631.317438567246,88.56982655,67.50829151648351,20.38879629739676,0.3033171827104776,57,64,,True,False,Request timeout: 300.0s exceeded,424,21.16838264042747
359,2026-09-14T02:31:32.428+00:00,2026-09-14T02:36:26.358+00:00,2026-09-14T02:36:32.459+00:00,False,85,84.0,,84.0,293929.275272,300030.792328,300030.792351,3529.7740276588233,0.02377,293929.275272,31873.232647602865,87.616289,72.63710780952381,18.17922121360081,0.2799712634434182,57,64,,True,False,Request timeout: 300.0s exceeded,429,21.16838264042747
360,2026-09-14T02:31:36.679+00:00,2026-09-14T02:36:30.482+00:00,2026-09-14T02:36:36.750+00:00,False,92,91.0,,91.0,293803.068905,300070.553065,300070.553173,3261.6364475326086,0.03804,293803.068905,30623.91360614838,87.07883705,68.8734523076923,20.490215182215394,0.3032620131182548,57,64,,True,False,Request timeout: 300.0s exceeded,352,21.16838264042747
361,2026-09-14T02:31:41.779+00:00,2026-09-14T02:36:35.389+00:00,2026-09-14T02:36:41.789+00:00,False,95,94.0,,94.0,293609.994459,300010.200539,300010.20044600003,3158.002109957895,0.03683,293609.994459,30116.771142146947,88.797481,68.08729872340426,20.532091749542662,0.31332267979928374,57,64,,True,False,Request timeout: 300.0s exceeded,474,21.16838264042747
362,2026-09-14T02:31:45.237+00:00,2026-09-14T02:36:39.144+00:00,2026-09-14T02:36:45.281+00:00,False,88,87.0,,87.0,293906.800936,300043.849768,300043.84987700003,3409.5892031477274,0.02898,293906.800936,31323.057066961395,89.84017685,70.54079117241379,20.280606728458505,0.2899576180857237,57,64,,True,False,Request timeout: 300.0s exceeded,308,21.16838264042747
363,2026-09-14T02:31:48.450+00:00,2026-09-14T02:36:42.323+00:00,2026-09-14T02:36:48.502+00:00,False,88,87.0,,87.0,293872.641,300051.803112,300051.803004,3409.6795795909093,0.0308,293872.641,31319.363861583985,90.9456262,71.02485186206897,20.05444677106906,0.28994993230394156,57,64,,True,False,Request timeout: 300.0s exceeded,235,21.16838264042747
364,2026-09-14T02:31:54.123+00:00,2026-09-14T02:36:48.111+00:00,2026-09-14T02:36:54.176+00:00,False,90,89.0,,89.0,293988.378013,300053.824925,300053.824786,3333.931386511111,0.02184,293988.378013,30981.9189360787,89.6080644,68.1510888988764,20.470663449465697,0.2966134493444501,57,64,,True,False,Request timeout: 300.0s exceeded,446,21.16838264042747
365,2026-09-14T02:31:58.390+00:00,2026-09-14T02:36:51.942+00:00,2026-09-14T02:36:58.419+00:00,False,91,90.0,,90.0,293552.69950700004,300029.84177900007,300029.84199200006,3297.0312306813194,0.053689999999999995,293552.69950700004,30765.14579350757,90.562444,71.96824746666667,18.91296878014615,0.2999701611891439,57,64,,True,False,Request timeout: 300.0s exceeded,371,21.16838264042747
366,2026-09-14T02:32:01.767+00:00,2026-09-14T02:36:55.524+00:00,2026-09-14T02:37:01.799+00:00,False,90,89.0,,89.0,293756.71194099996,300031.73427699995,300031.73437099997,3333.685937455555,0.03623,293756.71194099996,30957.250735673297,88.85629445000001,70.50586894382022,20.09757366607055,0.29663528831197583,57,64,,True,False,Request timeout: 300.0s exceeded,445,21.16838264042747
367,2026-09-14T02:32:05.981+00:00,2026-09-14T02:36:59.948+00:00,2026-09-14T02:37:06.045+00:00,False,97,96.0,,96.0,293967.034052,300064.08697999996,300064.08688699995,3093.44419471134,0.02088,293967.034052,29841.388371843008,88.98889600000001,63.510968,20.34559295673155,0.31993165515471583,57,64,,True,False,Request timeout: 300.0s exceeded,368,21.16838264042747
368,2026-09-14T02:32:10.798+00:00,2026-09-14T02:37:05.680+00:00,2026-09-14T02:37:10.846+00:00,False,80,79.0,,79.0,294882.064436,300047.79346,300047.793346,3750.597416825,0.0,294882.064436,32961.52138050644,89.46320865,65.38897498734177,31.6666648316924,0.26329138797860097,57,64,,True,False,Request timeout: 300.0s exceeded,488,21.16838264042747
369,2026-09-14T02:32:14.718+00:00,2026-09-14T02:37:08.370+00:00,2026-09-14T02:37:14.770+00:00,False,94,93.0,,93.0,293651.94522500003,300052.103689,300052.10382,3192.043657659575,0.03336,293651.94522500003,30280.794242642944,91.25672194999999,68.81890821505377,20.463504925503244,0.30994616887070137,57,64,,True,False,Request timeout: 300.0s exceeded,424,21.16838264042747
370,2026-09-14T02:32:19.063+00:00,2026-09-14T02:37:13.085+00:00,2026-09-14T02:37:19.107+00:00,False,95,94.0,,94.0,294022.229548,300044.779308,300044.77932,3158.366098105263,0.04058,294022.229548,30159.47814036482,90.7244904,64.06967829787234,21.090544284978492,0.3132865708138442,57,64,,True,False,Request timeout: 300.0s exceeded,418,21.16838264042747
371,2026-09-14T02:32:23.450+00:00,2026-09-14T02:37:17.768+00:00,2026-09-14T02:37:23.478+00:00,False,87,86.0,,86.0,294318.452967,300027.72349500004,300027.723491,3448.594522885058,0.02097,294318.452967,31547.13944758498,88.87046199999999,66.38686660465116,20.5273123704764,0.28664017777488215,57,64,,True,False,Request timeout: 300.0s exceeded,403,21.16838264042747
372,2026-09-14T02:32:27.447+00:00,2026-09-14T02:37:21.344+00:00,2026-09-14T02:37:27.478+00:00,False,93,92.0,,92.0,293896.91119099996,300031.067735,300031.067727,3226.140513193548,0.023710000000000002,293896.91119099996,30468.782574044802,87.72584699999999,66.67561460869565,20.010611704572973,0.30663491182605884,57,64,,True,False,Request timeout: 300.0s exceeded,472,21.16838264042747
373,2026-09-14T02:32:33.183+00:00,2026-09-14T02:37:26.870+00:00,2026-09-14T02:37:33.195+00:00,False,91,90.0,,90.0,293687.028018,300012.557618,300012.557412,3296.8412902417585,0.0298,293687.028018,30779.403997914233,87.1190065,70.28366222222222,19.17438083319431,0.29998744290762386,57,64,,True,False,Request timeout: 300.0s exceeded,358,21.16838264042747
374,2026-09-14T02:32:38.534+00:00,2026-09-14T02:37:32.203+00:00,2026-09-14T02:37:38.610+00:00,False,96,95.0,,95.0,293669.221385,300076.45620099996,300076.456372,3125.7964205416665,0.02616,293669.221385,29965.612150749283,87.72786025,67.44457701052632,19.512722754931247,0.31658598346138234,57,64,,True,False,Request timeout: 300.0s exceeded,127,21.16838264042747
375,2026-09-14T02:32:42.161+00:00,2026-09-14T02:37:36.354+00:00,2026-09-14T02:37:42.209+00:00,False,87,86.0,,86.0,294192.94174299994,300047.49918299995,300047.4991709999,3448.8218295517236,0.037049,294192.94174299994,31533.501703395963,88.2792433,68.07624930232558,19.87893218087347,0.2866212857436559,57,64,,True,False,Request timeout: 300.0s exceeded,422,21.16838264042747
376,2026-09-14T02:32:45.684+00:00,2026-09-14T02:37:39.617+00:00,2026-09-14T02:37:45.701+00:00,False,86,85.0,,85.0,293933.374184,300017.402856,300017.402902,3488.5744523488374,0.03543,293933.374184,31687.937801770957,87.43698774999999,71.57680790588236,18.35284487731588,0.2833168982560576,57,64,,True,False,Request timeout: 300.0s exceeded,466,21.16838264042747
377,2026-09-14T02:32:51.458+00:00,2026-09-14T02:37:45.273+00:00,2026-09-14T02:37:51.527+00:00,False,93,92.0,,92.0,293815.127509,300069.129941,300069.129879,3226.5497836451614,0.019690000000000003,293815.127509,30460.16671550724,87.4147492,67.97828730434783,19.68978157876506,0.3065960167848294,57,64,,True,False,Request timeout: 300.0s exceeded,511,21.16838264042747
378,2026-09-14T02:32:54.704+00:00,2026-09-14T02:37:48.465+00:00,2026-09-14T02:37:54.731+00:00,False,92,91.0,,91.0,293760.818042,300026.838394,300026.838166,3261.1612844130436,0.034509,293760.818042,30619.50985757668,88.922506,68.85736650549451,19.76731655983269,0.3033061991624141,57,64,,True,False,Request timeout: 300.0s exceeded,453,21.16838264042747
379,2026-09-14T02:33:00.272+00:00,2026-09-14T02:37:54.084+00:00,2026-09-14T02:38:00.355+00:00,False,87,86.0,,86.0,293811.77227200003,300083.189872,300083.189985,3449.2320687931037,0.04219,293811.77227200003,31492.116472386755,90.990202,72.92346046511628,20.028027349175208,0.2865871961594489,57,64,,True,False,Request timeout: 300.0s exceeded,299,21.16838264042747
380,2026-09-14T02:33:05.662+00:00,2026-09-14T02:37:59.586+00:00,2026-09-14T02:38:05.729+00:00,False,89,88.0,,88.0,293924.16442000004,300067.11686800007,300067.116847,3371.5406387303374,0.03799,293924.16442000004,31148.506001449212,87.9150004,69.80627781818181,19.980142626446668,0.2932677226299052,57,64,,True,False,Request timeout: 300.0s exceeded,409,21.16838264042747
381,2026-09-14T02:33:09.553+00:00,2026-09-14T02:38:03.095+00:00,2026-09-14T02:38:09.579+00:00,False,96,95.0,,95.0,293542.226035,300026.764659,300026.764737,3125.27879934375,0.035590000000000004,293542.226035,29952.56855064445,90.098995,68.25830130526316,20.798434605472142,0.31663841760242195,57,64,,True,False,Request timeout: 300.0s exceeded,450,21.16838264042747
382,2026-09-14T02:33:15.251+00:00,2026-09-14T02:38:08.805+00:00,2026-09-14T02:38:15.270+00:00,False,106,105.0,,105.0,293553.863926,300019.250422,300019.250531,2830.370288028302,0.01627,293553.863926,28507.948967108652,88.09529175,61.575109485714286,289.6888659340995,0.3499775426153804,57,64,,True,False,Request timeout: 300.0s exceeded,547,21.16838264042747
383,2026-09-14T02:33:19.483+00:00,2026-09-14T02:38:14.039+00:00,2026-09-14T02:38:19.553+00:00,False,85,84.0,,84.0,294556.048629,300069.425141,300069.42501400004,3530.228529576471,0.03603,294556.048629,31941.976342392518,86.22497419999999,65.63543466666667,20.123568599902054,0.27993521819335354,57,64,,True,False,Request timeout: 300.0s exceeded,444,21.16838264042747
384,2026-09-14T02:33:25.216+00:00,2026-09-14T02:38:18.566+00:00,2026-09-14T02:38:25.276+00:00,False,99,98.0,,98.0,293350.185522,300059.97445000004,300059.97451000003,3030.9088334343437,0.02032,293350.185522,29475.928509857018,89.01274079999999,68.46723395918367,20.079648677705976,0.3266013742073755,57,64,,True,False,Request timeout: 300.0s exceeded,309,21.16838264042747
385,2026-09-14T02:33:29.019+00:00,2026-09-14T02:38:23.139+00:00,2026-09-14T02:38:29.042+00:00,False,90,89.0,,89.0,294119.359966,300022.782174,300022.78228700004,3333.5864698555556,0.019379999999999998,294119.359966,30995.91708747659,88.8222715,66.33058660674158,19.764438043579133,0.2966441393386717,57,64,,True,False,Request timeout: 300.0s exceeded,288,21.16838264042747
386,2026-09-14T02:33:34.367+00:00,2026-09-14T02:38:28.108+00:00,2026-09-14T02:38:34.424+00:00,False,95,94.0,,94.0,293740.928922,300057.062554,300057.062411,3158.4953938,0.038560000000000004,293740.928922,30130.296303421273,90.22584769999999,67.1929109787234,20.24774777399465,0.3132737459998403,57,64,,True,False,Request timeout: 300.0s exceeded,439,21.16838264042747
387,2026-09-14T02:33:38.632+00:00,2026-09-14T02:38:32.081+00:00,2026-09-14T02:38:38.662+00:00,False,94,93.0,,93.0,293449.079297,300030.334209,300030.334226,3191.812066234043,0.02262,293449.079297,30259.668919567135,89.7535878,70.76618184946236,19.765144708614148,0.3099686578198342,57,64,,True,False,Request timeout: 300.0s exceeded,399,21.16838264042747
388,2026-09-14T02:33:42.168+00:00,2026-09-14T02:38:35.724+00:00,2026-09-14T02:38:42.210+00:00,False,96,95.0,,95.0,293555.732429,300041.85748500004,300041.85750900005,3125.4360157187502,0.03714,293555.732429,29953.944681015557,88.3049005,68.27500058947368,19.821307658288745,0.3166224899295903,57,64,,True,False,Request timeout: 300.0s exceeded,461,21.16838264042747
389,2026-09-14T02:33:45.498+00:00,2026-09-14T02:38:39.430+00:00,2026-09-14T02:38:45.513+00:00,False,94,93.0,,93.0,293932.605513,300014.88314499997,300014.883246,3191.647694106383,0.02956,293932.605513,30310.09497666167,87.77685430000001,65.40083475268817,20.900301707376762,0.30998462151310086,57,64,,True,False,Request timeout: 300.0s exceeded,398,21.16838264042747
390,2026-09-14T02:33:50.086+00:00,2026-09-14T02:38:43.651+00:00,2026-09-14T02:38:50.142+00:00,False,100,99.0,,99.0,293565.412236,300056.479628,300056.47971600003,3000.56479716,0.03527,293565.412236,29349.99128936451,87.73187195,65.56633729292929,19.931832034161225,0.3299378841034758,57,64,,True,False,Request timeout: 300.0s exceeded,489,21.16838264042747
391,2026-09-14T02:33:55.750+00:00,2026-09-14T02:38:49.409+00:00,2026-09-14T02:38:55.795+00:00,False,95,94.0,,94.0,293659.08261599997,300045.010296,300045.01030799997,3158.3685295578944,0.037200000000000004,293659.08261599997,30121.822639463906,88.2647017,67.93540085106383,19.892764656529263,0.3132863296319017,57,64,,True,False,Request timeout: 300.0s exceeded,541,21.16838264042747
392,2026-09-14T02:34:00.937+00:00,2026-09-14T02:38:54.671+00:00,2026-09-14T02:39:00.991+00:00,False,95,94.0,,94.0,293733.323108,300053.14058,300053.140469,3158.4541102,0.0347,293733.323108,30129.511473441347,87.50984770000001,67.23210076595744,19.529191673635115,0.31327784077946613,57,64,,True,False,Request timeout: 300.0s exceeded,435,21.16838264042747
393,2026-09-14T02:34:06.680+00:00,2026-09-14T02:39:00.058+00:00,2026-09-14T02:39:06.699+00:00,False,100,99.0,,99.0,293377.893675,300019.502379,300019.502288,3000.19502288,0.01853,293377.893675,29331.087734890716,89.18997300000001,67.08695660606061,20.4586662550917,0.3299785487775995,57,64,,True,False,Request timeout: 300.0s exceeded,490,21.16838264042747
394,2026-09-14T02:34:09.999+00:00,2026-09-14T02:39:03.366+00:00,2026-09-14T02:39:09.769+00:00,True,100,100.0,,100.0,293366.638257,299769.842097,299769.842143,2997.69842143,42.253690999999996,293366.638257,29330.202412095914,89.42888950000001,64.67882666666667,19.579399536988713,0.3335892606823399,57,64,,True,True,,329,21.16838264042747
395,2026-09-14T02:34:15.716+00:00,2026-09-14T02:39:09.321+00:00,2026-09-14T02:39:15.745+00:00,False,98,97.0,,97.0,293605.171212,300029.201932,300029.20181400003,3061.522467489796,0.033739,293605.171212,29651.918492652156,89.63966140000001,66.22712082474227,21.004301453660567,0.3233018632032509,57,64,,True,False,Request timeout: 300.0s exceeded,371,21.16838264042747
396,2026-09-14T02:34:19.004+00:00,2026-09-14T02:39:12.415+00:00,2026-09-14T02:39:19.075+00:00,False,98,97.0,,97.0,293410.727301,300070.646661,300070.64673599997,3061.9453748571427,0.02194,293410.727301,29632.02997460014,87.01342964999999,68.6589624742268,19.421504778863294,0.3232572098582645,57,64,,True,False,Request timeout: 300.0s exceeded,509,21.16838264042747
397,2026-09-14T02:34:23.596+00:00,2026-09-14T02:39:17.200+00:00,2026-09-14T02:39:23.617+00:00,False,94,93.0,,93.0,293604.198271,300020.614015,300020.61413,3191.7086609574467,0.03599,293604.198271,30275.850664531292,87.71879065000002,68.99371767741935,19.18720345862379,0.3099787003147401,57,64,,True,False,Request timeout: 300.0s exceeded,536,21.16838264042747
398,2026-09-14T02:34:27.101+00:00,2026-09-14T02:39:21.165+00:00,2026-09-14T02:39:27.178+00:00,False,89,88.0,,88.0,294063.63847,300076.944838,300076.94472,3371.651064269663,0.03746,294063.63847,31163.446351044608,87.831615,68.3330269090909,19.930364207739597,0.29325811767214516,57,64,,True,False,Request timeout: 300.0s exceeded,324,21.16838264042747
399,2026-09-14T02:34:30.301+00:00,2026-09-14T02:39:23.787+00:00,2026-09-14T02:39:30.361+00:00,False,100,99.0,,99.0,293486.548138,300060.817834,300060.817903,3000.60817903,0.02558,293486.548138,29342.02106043722,88.41777744999997,66.4067646060606,20.258947418080258,0.3299331139421506,57,64,,True,False,Request timeout: 300.0s exceeded,324,21.16838264042747
400,2026-09-14T02:34:33.831+00:00,2026-09-14T02:39:27.048+00:00,2026-09-14T02:39:33.842+00:00,False,104,103.0,,103.0,293216.373796,300010.94557200006,300010.945596,2884.7206307307697,0.04882,293216.373796,28745.769415794795,88.14944650000001,65.96671627184466,20.14533757708937,0.3433208071912859,57,64,,True,False,Request timeout: 300.0s exceeded,425,21.16838264042747
401,2026-09-14T02:34:37.356+00:00,2026-09-14T02:39:30.866+00:00,2026-09-14T02:39:36.722+00:00,True,107,107.0,,107.0,293510.174344,299365.9826,299365.982675,2797.8129221962618,26.820633,293510.174344,28369.365073488658,87.036118,55.24347411320755,18.718836829137878,0.35742203930688016,57,64,,True,True,,558,21.16838264042747
0,2026-09-14T02:04:40.950+00:00,2026-09-14T02:04:41.209+00:00,2026-09-14T02:04:47.245+00:00,True,125,125.0,,125.0,258.75401500000004,6294.102495,6294.102646,50.352821168,0.02296,258.75401500000004,25.96785824846905,83.4219704,48.67216516129032,17.996289956809726,19.859860893479144,58,64,,False,True,,578,21.16838264042747
1,2026-09-14T02:04:44.904+00:00,2026-09-14T02:04:45.079+00:00,2026-09-14T02:04:53.309+00:00,True,137,137.0,,137.0,175.29527,8404.946982000001,8404.946888,61.34997728467153,39.603177,175.29527,21.74557783269982,93.95768199999999,60.51214494117647,19.480538000192254,16.29992435328844,58,64,,False,True,,644,21.16838264042747
2,2026-09-14T02:04:48.413+00:00,2026-09-14T02:04:52.083+00:00,2026-09-14T02:05:11.219+00:00,True,290,290.0,,290.0,3669.6144369999997,22805.535845,22805.53588,78.63977889655172,40.855654,3669.6144369999997,212.6866718790872,94.58700495,66.21426092733564,21.51997791827941,12.716210746856056,58,64,,False,True,,992,21.16838264042747
3,2026-09-14T02:04:51.701+00:00,2026-09-14T02:04:57.572+00:00,2026-09-14T02:05:04.320+00:00,True,103,103.0,,103.0,5870.891598,12618.494542,12618.494599,122.50965630097087,41.373743000000005,5870.891598,572.3600409017606,93.8307278,66.15297003921569,21.557871026894368,8.162621908435263,58,64,,False,True,,455,21.16838264042747
4,2026-09-14T02:04:55.381+00:00,2026-09-14T02:05:04.322+00:00,2026-09-14T02:05:14.209+00:00,True,152,152.0,,152.0,8941.029829,18827.673540999996,18827.673672999998,123.86627416447368,40.764603,8941.029829,720.2213628387901,95.3868105,65.47446166887417,21.49686226335128,8.073222624611475,58,64,,False,True,,580,21.16838264042747
5,2026-09-14T02:04:59.458+00:00,2026-09-14T02:05:11.392+00:00,2026-09-14T02:05:29.288+00:00,True,266,266.0,,266.0,11933.804270999999,29830.207727,29830.207877,112.14363863533835,22.064714,11933.804270999999,727.9039070460823,94.93924924999999,67.53359794716981,22.16168143950276,8.917135356024938,58,64,,False,True,,1370,21.16838264042747
6,2026-09-14T02:05:02.946+00:00,2026-09-14T02:05:16.683+00:00,2026-09-14T02:05:35.134+00:00,True,275,275.0,,275.0,13736.836462,32188.205422,32188.205308,117.04801930181819,39.784915,13736.836462,824.5907704923304,95.1863397,67.34076262773722,21.875748224969126,8.543502080797676,58,64,,False,True,,1228,21.16838264042747
7,2026-09-14T02:05:06.426+00:00,2026-09-14T02:05:23.544+00:00,2026-09-14T02:05:34.266+00:00,True,161,161.0,,161.0,17118.138965,27840.071508999998,27840.071560999997,172.91969913664596,40.517175,17118.138965,1343.9945859481907,94.534541,67.0120784,21.912882450728983,5.783031122888917,58,64,,False,True,,711,21.16838264042747
8,2026-09-14T02:05:11.457+00:00,2026-09-14T02:05:31.641+00:00,2026-09-14T02:05:42.237+00:00,True,167,167.0,,167.0,20184.188335000003,30779.503791000003,30779.503808,184.30840603592816,0.01706,20184.188335000003,1557.2157720093292,96.50807300000001,63.82720154216868,28.292049463049764,5.425688507974946,58,64,,False,True,,800,21.16838264042747
9,2026-09-14T02:05:14.870+00:00,2026-09-14T02:05:38.309+00:00,2026-09-14T02:05:57.173+00:00,True,287,287.0,,287.0,23438.794167,42302.929079,42302.929225,147.39696594076656,40.065326,23438.794167,1379.8298346732315,95.887057,65.95851367832168,22.011761872693132,6.784400188082304,58,64,,False,True,,1216,21.16838264042747
10,2026-09-14T02:05:18.090+00:00,2026-09-14T02:05:44.195+00:00,2026-09-14T02:05:52.507+00:00,True,127,127.0,,127.0,26104.518741,34417.334101,34417.334182,271.00263135433073,38.31593,26104.518741,2310.6487987620453,95.9105036,65.97472507936509,21.759700552273866,3.6900010799008975,58,64,,False,True,,626,21.16838264042747
11,2026-09-14T02:05:21.157+00:00,2026-09-14T02:05:48.587+00:00,2026-09-14T02:06:00.085+00:00,True,177,177.0,,177.0,27430.120097,38928.129952999996,38928.130048,219.93293812429377,38.317199,27430.120097,2056.98255612832,95.4851908,65.32960145454545,22.183990904633422,4.546840554984314,58,64,,False,True,,841,21.16838264042747
12,2026-09-14T02:05:25.363+00:00,2026-09-14T02:05:56.438+00:00,2026-09-14T02:06:11.577+00:00,True,228,228.0,,228.0,31075.287976,46214.202792,46214.202686,202.69387142982455,39.524626,31075.287976,2053.7116558652306,95.26176435,66.69125469603524,21.98601502120396,4.93354826493877,58,64,,False,True,,798,21.16838264042747
13,2026-09-14T02:05:29.103+00:00,2026-09-14T02:06:03.052+00:00,2026-09-14T02:06:13.203+00:00,True,153,153.0,,153.0,33948.961181,44099.420828999995,44099.420851999996,288.2315088366013,37.96842899999999,33948.961181,2739.298437014888,94.38088959999999,66.77933978947368,21.8267346076869,3.4694333196182576,58,64,,False,True,,807,21.16838264042747
14,2026-09-14T02:05:32.688+00:00,2026-09-14T02:06:08.944+00:00,2026-09-14T02:06:16.924+00:00,True,123,123.0,,123.0,36255.912520000005,44236.17133600001,44236.17131400001,359.6436692195122,38.398569,36255.912520000005,3263.257231740262,94.9751452,65.41195750819672,21.414590827347702,2.7805299664327165,58,64,,False,True,,660,21.16838264042747
15,2026-09-14T02:05:36.889+00:00,2026-09-14T02:06:16.463+00:00,2026-09-14T02:06:34.457+00:00,True,272,272.0,,272.0,39574.089227,57568.437003,57568.437023,211.64866552573528,0.016239999999999997,39574.089227,2395.7319516925404,94.42129105,66.39980729151291,32.997359170897305,4.724811270902241,58,64,,False,True,,1263,21.16838264042747
16,2026-09-14T02:05:41.670+00:00,2026-09-14T02:06:25.420+00:00,2026-09-14T02:06:32.091+00:00,True,102,102.0,,102.0,43749.549091,50420.749091,50420.749073,494.32106934313725,40.833734,43749.549091,4325.363649291118,95.56059454999999,66.05148514851486,21.49206169214178,2.0229766879486286,58,64,,False,True,,629,21.16838264042747
17,2026-09-14T02:05:45.620+00:00,2026-09-14T02:06:32.740+00:00,2026-09-14T02:06:39.981+00:00,True,109,109.0,,109.0,47119.92095,54360.422454,54360.422333,498.71947094495414,0.01622,47119.92095,4507.008905666709,96.25095860000002,67.04168059259258,38.20715116422712,2.0051352634765895,58,64,,False,True,,503,21.16838264042747
18,2026-09-14T02:05:49.455+00:00,2026-09-14T02:06:38.932+00:00,2026-09-14T02:06:49.040+00:00,True,153,153.0,,153.0,49477.795512000004,59585.22975200001,59585.229831000004,389.44594660784315,7.775754,49477.795512000004,3994.735174232318,94.75735800000001,66.49627789473683,23.452897367845214,2.567750441456752,58,64,,False,True,,672,21.16838264042747
19,2026-09-14T02:05:53.519+00:00,2026-09-14T02:06:45.142+00:00,2026-09-14T02:06:55.707+00:00,True,161,161.0,,161.0,51623.206023,62188.180615,62188.180801,386.26199255279505,10.410647999999998,51623.206023,4063.3400277379055,94.089852,66.0310912,23.1297502693957,2.58891638906005,58,64,,False,True,,885,21.16838264042747
20,2026-09-14T02:05:56.659+00:00,2026-09-14T02:06:50.662+00:00,2026-09-14T02:06:57.686+00:00,True,111,111.0,,111.0,54002.953998000005,61026.810894,61026.810771000004,549.7910880270271,41.554573,54002.953998000005,5119.716207630365,93.5834475,63.853244509090906,21.160226691711305,1.8188726950323606,58,64,,False,True,,530,21.16838264042747
21,2026-09-14T02:06:01.035+00:00,2026-09-14T02:06:58.973+00:00,2026-09-14T02:07:13.516+00:00,True,218,218.0,,218.0,57938.132034999995,72481.146691,72481.146788,332.4823247155963,0.0,57938.132034999995,3919.6141446166503,95.6300795,67.01850071889402,26.289842423429846,3.0076786854569604,58,64,,False,True,,1004,21.16838264042747
22,2026-09-14T02:06:05.810+00:00,2026-09-14T02:07:07.222+00:00,2026-09-14T02:07:14.993+00:00,True,115,115.0,,115.0,61411.459027000004,69183.108819,69183.108832,601.5922507130435,0.0,61411.459027000004,5720.372222369444,110.6162608,68.17236659649123,30.622436813931834,1.6622554545917883,58,64,,False,True,,464,21.16838264042747
23,2026-09-14T02:06:10.057+00:00,2026-09-14T02:07:14.810+00:00,2026-09-14T02:07:22.594+00:00,True,116,116.0,,116.0,64753.638626,72536.837602,72536.837776,625.3175670344827,40.484505,64753.638626,6005.980650690769,96.34727500000001,67.67999109565218,22.06211809407921,1.5991874450948165,58,64,,False,True,,527,21.16838264042747
24,2026-09-14T02:06:14.929+00:00,2026-09-14T02:07:23.233+00:00,2026-09-14T02:07:42.389+00:00,True,295,295.0,,295.0,68304.521891,87460.30454699999,87460.304597,296.47560880338983,0.01695,68304.521891,3973.2005287702823,93.97688969999999,65.15572331972788,34.70132844835174,3.3729587557229572,58,64,,False,True,,1172,21.16838264042747
25,2026-09-14T02:06:18.743+00:00,2026-09-14T02:07:30.977+00:00,2026-09-14T02:07:45.104+00:00,True,217,217.0,,217.0,72233.823985,86360.90315299999,86360.902965,397.976511359447,8.165832,72233.823985,4899.157659911992,93.60964799999999,65.4031442962963,21.286073282514632,2.5127111004797533,58,64,,False,True,,1050,21.16838264042747
26,2026-09-14T02:06:22.919+00:00,2026-09-14T02:07:38.087+00:00,2026-09-14T02:07:49.180+00:00,True,173,173.0,,173.0,75168.31026500001,86261.50629700001,86261.506221,498.6214232427746,34.727697,75168.31026500001,5710.07526244752,92.95090239999999,64.49532576744186,20.878673318996125,2.0055295510880335,58,64,,False,True,,805,21.16838264042747
27,2026-09-14T02:06:27.450+00:00,2026-09-14T02:07:45.369+00:00,2026-09-14T02:08:02.335+00:00,True,262,262.0,,262.0,77919.222362,94884.88713,94884.887181,362.1560579427481,0.0,77919.222362,4809.910415755081,94.77311755000001,65.00254700383141,24.20139806680665,2.761240571863027,58,64,,False,True,,1294,21.16838264042747
28,2026-09-14T02:06:32.447+00:00,2026-09-14T02:07:53.601+00:00,2026-09-14T02:08:09.026+00:00,True,236,236.0,,236.0,81153.798107,96578.367451,96578.367573,409.2303710720339,39.402037,81153.798107,5278.433309948041,95.31701575000001,65.63646529361702,21.495226901320382,2.4436114031409466,58,64,,False,True,,984,21.16838264042747
29,2026-09-14T02:06:37.232+00:00,2026-09-14T02:08:00.998+00:00,2026-09-14T02:08:08.422+00:00,True,114,114.0,,114.0,83765.58727599999,91189.724748,91189.724689,799.9098656929824,40.031877,83765.58727599999,7839.244142754778,96.7683053,65.70033161061947,22.318084783197246,1.2501408499152236,58,64,,False,True,,464,21.16838264042747
30,2026-09-14T02:06:41.541+00:00,2026-09-14T02:08:09.477+00:00,2026-09-14T02:08:20.018+00:00,True,160,160.0,,160.0,87935.533003,98476.893899,98476.893966,615.4805872875,0.0,87935.533003,6946.730638294522,94.31513100000001,66.29786727044025,28.39207482782049,1.6247466148160543,58,64,,False,True,,732,21.16838264042747
31,2026-09-14T02:06:46.294+00:00,2026-09-14T02:08:18.350+00:00,2026-09-14T02:08:35.606+00:00,True,259,259.0,,259.0,92056.33021500001,109312.83991100002,109312.839783,422.0572964594595,0.015300000000000001,92056.33021500001,5716.105152405325,96.56072900000001,66.88569649612403,42.742941592423186,2.369346548958675,58,64,,False,True,,1299,21.16838264042747
32,2026-09-14T02:06:49.225+00:00,2026-09-14T02:08:23.532+00:00,2026-09-14T02:08:34.199+00:00,True,162,162.0,,162.0,94306.866481,104973.929009,104973.92900100001,647.9872160555556,41.895482,94306.866481,7404.272968947447,95.95513405000001,66.25504675776398,21.58150844937231,1.5432403219480413,58,64,,False,True,,834,21.16838264042747
33,2026-09-14T02:06:53.799+00:00,2026-09-14T02:08:31.708+00:00,2026-09-14T02:08:42.035+00:00,True,153,153.0,,153.0,97908.93082600001,108236.01229800002,108236.01237400001,707.4249174771243,0.0,97908.93082600001,7910.016755806569,94.95840559999999,67.9413254736842,25.73073295077676,1.4135775769228625,58,64,,False,True,,734,21.16838264042747
34,2026-09-14T02:06:58.220+00:00,2026-09-14T02:08:39.966+00:00,2026-09-14T02:08:50.768+00:00,True,165,165.0,,165.0,101745.373586,112547.472786,112547.472801,682.1058957636363,39.191098,101745.373586,7915.770265557552,95.5223142,65.86645853658537,22.354045439159613,1.4660480232526791,58,64,,False,True,,837,21.16838264042747
35,2026-09-14T02:07:02.298+00:00,2026-09-14T02:08:47.054+00:00,2026-09-14T02:09:00.926+00:00,True,212,212.0,,212.0,104755.482449,118627.309137,118627.309036,559.5627784716982,0.0,104755.482449,7190.174541419507,95.72951004999999,65.74325444549763,27.86371661392364,1.7871095748717185,58,64,,False,True,,1080,21.16838264042747
36,2026-09-14T02:07:06.030+00:00,2026-09-14T02:08:53.885+00:00,2026-09-14T02:09:06.762+00:00,True,197,197.0,,197.0,107854.88006299999,120731.408959,120731.408948,612.8497916142131,0.0,107854.88006299999,7679.713687107413,95.496344,65.696576,28.426741442545396,1.6317212041060547,58,64,,False,True,,807,21.16838264042747
37,2026-09-14T02:07:08.931+00:00,2026-09-14T02:08:58.952+00:00,2026-09-14T02:09:16.990+00:00,True,272,272.0,,272.0,110020.900676,128059.09434000001,128059.09436,470.80549397058826,38.407219,110020.900676,6666.998684474103,96.52783049999998,66.56160023616236,22.431297844697287,2.1240193943417514,58,64,,False,True,,1521,21.16838264042747
38,2026-09-14T02:07:11.778+00:00,2026-09-14T02:09:03.980+00:00,2026-09-14T02:09:16.948+00:00,True,194,194.0,,194.0,112202.87260500001,125170.14556500001,125170.145478,645.2069354536083,31.611513,112202.87260500001,8050.903643237132,97.44496699999999,67.18794279792745,22.28238521552811,1.5498903442535115,58,64,,False,True,,740,21.16838264042747
39,2026-09-14T02:07:14.556+00:00,2026-09-14T02:09:09.573+00:00,2026-09-14T02:09:22.556+00:00,True,194,194.0,,194.0,115016.884908,127999.082668,127999.08267,659.7890859278351,0.0,115016.884908,8253.122339007183,98.0223545,67.26527336787565,60.50150931426649,1.5156358620412234,58,64,,False,True,,953,21.16838264042747
40,2026-09-14T02:07:17.757+00:00,2026-09-14T02:09:15.577+00:00,2026-09-14T02:09:25.921+00:00,True,156,156.0,,156.0,117819.821995,128163.282859,128163.28286,821.5595055128206,0.0,117819.821995,9428.002447390802,97.822863,66.73200557419355,63.1294968953514,1.2171972855254092,58,64,,False,True,,523,21.16838264042747
41,2026-09-14T02:07:20.698+00:00,2026-09-14T02:09:20.027+00:00,2026-09-14T02:09:34.012+00:00,True,211,211.0,,211.0,119328.312276,133313.636052,133313.635999,631.8181800900473,0.0,119328.312276,8210.366171314497,96.2945815,66.59677988571428,29.031476785813343,1.5827338166494676,58,64,,False,True,,964,21.16838264042747
42,2026-09-14T02:07:23.964+00:00,2026-09-14T02:09:26.098+00:00,2026-09-14T02:09:36.763+00:00,True,164,164.0,,164.0,122133.145839,132798.671855,132798.671844,809.7479990487806,38.814569000000006,122133.145839,9531.91073439261,93.88715665,65.43267494478528,21.343581413958233,1.2349521099056477,58,64,,False,True,,736,21.16838264042747
43,2026-09-14T02:07:27.009+00:00,2026-09-14T02:09:30.838+00:00,2026-09-14T02:09:38.448+00:00,True,118,118.0,,118.0,123829.773053,131439.451133,131439.451091,1113.8936533135593,40.833283,123829.773053,11393.487414072368,94.81872715,65.03998358974358,21.562023449371623,0.8977517707419442,58,64,,False,True,,292,21.16838264042747
44,2026-09-14T02:07:30.616+00:00,2026-09-14T02:09:37.122+00:00,2026-09-14T02:09:43.898+00:00,True,101,101.0,,101.0,126505.967527,133282.156199,133282.156085,1319.6253077722772,40.574995,126505.967527,12581.089774334645,95.41741800000001,67.76188671999999,21.44053861419799,0.7577908617354572,58,64,,False,True,,407,21.16838264042747
45,2026-09-14T02:07:35.620+00:00,2026-09-14T02:09:46.156+00:00,2026-09-14T02:09:53.605+00:00,True,113,113.0,,113.0,130536.55490700001,137985.503643,137985.503555,1221.1106509292038,40.746224000000005,130536.55490700001,12273.608258814776,96.2086832,66.50847085714285,21.53319196095389,0.8189266047276733,58,64,,False,True,,527,21.16838264042747
46,2026-09-14T02:07:40.587+00:00,2026-09-14T02:09:55.307+00:00,2026-09-14T02:10:11.064+00:00,True,234,234.0,,234.0,134720.789525,150477.488405,150477.488387,643.0661896880342,39.271068,134720.789525,8802.579695308521,94.89935535000001,67.62531708154506,21.840761112755754,1.5550498780934248,58,64,,False,True,,973,21.16838264042747
47,2026-09-14T02:07:45.664+00:00,2026-09-14T02:10:03.227+00:00,2026-09-14T02:10:19.602+00:00,True,247,247.0,,247.0,137563.500584,153938.319912,153938.319971,623.232064659919,0.0,137563.500584,8748.946426555412,96.767808,66.56430621138212,62.99545156721768,1.604538753841145,58,64,,False,True,,996,21.16838264042747
48,2026-09-14T02:07:50.313+00:00,2026-09-14T02:10:12.396+00:00,2026-09-14T02:10:31.930+00:00,True,298,298.0,,298.0,142083.165933,161616.78641300002,161616.786468,542.3382096241611,0.01616,142083.165933,8227.046183831977,96.08696285000002,65.76976592592592,57.36330170915941,1.8438678717350716,58,64,,False,True,,1498,21.16838264042747
49,2026-09-14T02:07:54.400+00:00,2026-09-14T02:10:18.472+00:00,2026-09-14T02:10:27.490+00:00,True,147,147.0,,147.0,144071.721799,153089.840711,153089.840643,1041.4274873673469,0.01714,144071.721799,11877.766707070665,94.660723,61.76793775342466,24.89144243553355,0.9602204778402228,58,64,,False,True,,685,21.16838264042747
50,2026-09-14T02:07:59.309+00:00,2026-09-14T02:10:28.317+00:00,2026-09-14T02:10:36.610+00:00,True,124,124.0,,124.0,149007.808028,157300.7071,157300.707194,1268.5540902741936,41.210862999999996,149007.808028,13375.258428250405,94.37938215,67.42194367479675,21.35870021527072,0.7882990628972194,58,64,,False,True,,500,21.16838264042747
51,2026-09-14T02:08:04.002+00:00,2026-09-14T02:10:36.326+00:00,2026-09-14T02:10:47.812+00:00,True,176,176.0,,176.0,152323.594009,163810.187289,163810.18742,930.7397012499999,0.0,152323.594009,11476.92615229791,96.565191,65.63767588571429,34.26848428426147,1.074414252939558,58,64,,False,True,,874,21.16838264042747
52,2026-09-14T02:08:07.518+00:00,2026-09-14T02:10:42.979+00:00,2026-09-14T02:10:56.224+00:00,True,200,200.0,,200.0,155461.339646,168706.00627,168706.006344,843.53003172,7.461774,155461.339646,10988.093506039577,95.80858204999998,66.55611368844221,22.532295937471154,1.1854942477857993,58,64,,False,True,,968,21.16838264042747
53,2026-09-14T02:08:12.637+00:00,2026-09-14T02:10:52.789+00:00,2026-09-14T02:11:01.097+00:00,True,128,128.0,,128.0,160152.11409299998,168459.789741,168459.78979699998,1316.0921077890623,40.384445,160152.11409299998,14149.814050631534,93.3943827,65.41476888188976,20.833899302903237,0.7598252389890475,58,64,,False,True,,616,21.16838264042747
54,2026-09-14T02:08:16.050+00:00,2026-09-14T02:10:57.354+00:00,2026-09-14T02:11:13.383+00:00,True,244,244.0,,244.0,161304.125009,177333.04276900002,177333.04278800002,726.7747655245902,0.0,161304.125009,10322.26162884829,94.017024,65.96262452674897,30.883268725342052,1.3759421041336475,58,64,,False,True,,1073,21.16838264042747
55,2026-09-14T02:08:19.087+00:00,2026-09-14T02:11:03.254+00:00,2026-09-14T02:11:17.023+00:00,True,210,210.0,,210.0,164166.932608,177935.5936,177935.59351,847.312350047619,0.0,164166.932608,11324.094642856524,95.4682025,65.87876072727272,32.386864482292204,1.1802023178795857,58,64,,False,True,,1107,21.16838264042747
56,2026-09-14T02:08:23.585+00:00,2026-09-14T02:11:11.064+00:00,2026-09-14T02:11:19.029+00:00,True,122,122.0,,122.0,167478.853806,175443.27979,175443.27987,1438.0596710655739,40.179135,167478.853806,15156.878889630909,96.09308359999999,65.82170234710745,21.50575159612809,0.6953814369295314,58,64,,False,True,,567,21.16838264042747
57,2026-09-14T02:08:27.146+00:00,2026-09-14T02:11:17.523+00:00,2026-09-14T02:11:26.554+00:00,True,137,137.0,,137.0,170376.816731,179407.70415499998,179407.704068,1309.545285167883,37.682680999999995,170376.816731,14550.618748969482,98.27624259999999,66.403584,23.08812229925172,0.7636238401537,58,64,,False,True,,698,21.16838264042747
58,2026-09-14T02:08:30.411+00:00,2026-09-14T02:11:23.316+00:00,2026-09-14T02:11:35.364+00:00,True,180,180.0,,180.0,172904.662866,184952.070994,184952.070885,1027.5115049166666,0.01537,172904.662866,12882.772690154701,95.5830714,67.30395602234637,78.29154006654315,0.9732251119580021,58,64,,False,True,,820,21.16838264042747
59,2026-09-14T02:08:33.228+00:00,2026-09-14T02:11:28.339+00:00,2026-09-14T02:11:44.967+00:00,True,252,252.0,,252.0,175110.857766,191738.923046,191738.923032,760.8687421904762,0.0,175110.857766,11026.814488751968,95.15850354999999,66.24727203187251,29.94406208889578,1.3142871358443102,58,64,,False,True,,859,21.16838264042747
60,2026-09-14T02:08:36.201+00:00,2026-09-14T02:11:33.441+00:00,2026-09-14T02:11:41.885+00:00,True,129,129.0,,129.0,177239.74736,185683.68592000002,185683.685834,1439.4084173178296,0.0,177239.74736,15599.325372602327,96.314679,65.96827,37.16852837920208,0.6947298539494653,58,64,,False,True,,307,21.16838264042747
61,2026-09-14T02:08:39.413+00:00,2026-09-14T02:11:38.979+00:00,2026-09-14T02:11:46.678+00:00,True,114,114.0,,114.0,179566.597017,187265.129369,187265.129312,1642.6765729122806,0.0,179566.597017,16811.615549040333,94.7587448,68.12860488495575,38.49269861218669,0.6087625623848347,58,64,,False,True,,568,21.16838264042747
62,2026-09-14T02:08:44.020+00:00,2026-09-14T02:11:47.081+00:00,2026-09-14T02:11:59.811+00:00,True,188,188.0,,188.0,183061.307058,195791.159986,195791.160019,1041.4423405265957,40.93612400000001,183061.307058,13346.17341608021,95.4295397,68.074079828877,23.299872302438327,0.9602067836639963,58,64,,False,True,,860,21.16838264042747
63,2026-09-14T02:08:48.958+00:00,2026-09-14T02:11:55.949+00:00,2026-09-14T02:12:10.267+00:00,True,211,211.0,,211.0,186991.701903,201309.260431,201309.26041800002,954.0723242559242,39.641506,186991.701903,12868.367157525327,98.3286125,68.17885013333334,23.380756421913684,1.0481385682320439,58,64,,False,True,,1051,21.16838264042747
64,2026-09-14T02:08:53.851+00:00,2026-09-14T02:12:04.737+00:00,2026-09-14T02:12:16.688+00:00,True,176,176.0,,176.0,190885.748735,202837.264895,202837.26489700002,1152.4844596420455,0.0,190885.748735,14383.454452848147,98.58558950000001,68.29437805714285,37.12774289796288,0.8676906587707516,58,64,,False,True,,773,21.16838264042747
65,2026-09-14T02:08:58.589+00:00,2026-09-14T02:12:13.794+00:00,2026-09-14T02:12:30.708+00:00,True,255,255.0,,255.0,195204.401414,212118.26407,212118.264018,831.8363294823529,0.0,195204.401414,12220.04552942675,95.61372599999999,66.59001045669291,32.013386411697084,1.2021595647032488,58,64,,False,True,,1295,21.16838264042747
66,2026-09-14T02:09:02.166+00:00,2026-09-14T02:12:19.825+00:00,2026-09-14T02:12:34.517+00:00,True,221,221.0,,221.0,197659.426236,212351.440572,212351.440632,960.8662472036199,39.784826,197659.426236,13291.536754564606,93.280773,66.78188334545455,21.39399629694543,1.040727575968893,58,64,,False,True,,1085,21.16838264042747
67,2026-09-14T02:09:06.175+00:00,2026-09-14T02:12:26.675+00:00,2026-09-14T02:12:44.385+00:00,True,272,272.0,,272.0,200500.533236,218210.617588,218210.61763199998,802.2449177647059,38.0145,200500.533236,12153.187247763586,95.067415,65.35086476752768,21.636508879850716,1.2465021317778353,58,64,,False,True,,1297,21.16838264042747
68,2026-09-14T02:09:10.988+00:00,2026-09-14T02:12:35.503+00:00,2026-09-14T02:12:42.656+00:00,True,114,114.0,,114.0,204514.848387,211667.413635,211667.413673,1856.731698885965,37.573991,204514.848387,19148.653778181473,94.713362,63.297037592920354,21.1375276493033,0.5385807765222755,58,64,,False,True,,440,21.16838264042747
69,2026-09-14T02:09:14.590+00:00,2026-09-14T02:12:41.497+00:00,2026-09-14T02:12:49.576+00:00,True,126,126.0,,126.0,206906.62967199998,214985.84887199997,214985.848725,1706.236894642857,40.931944,206906.62967199998,18426.96163449258,95.67728575,64.6337536,21.171207381355345,0.5860850872794837,58,64,,False,True,,641,21.16838264042747
70,2026-09-14T02:09:18.176+00:00,2026-09-14T02:12:47.603+00:00,2026-09-14T02:13:00.358+00:00,True,194,194.0,,194.0,209426.755777,222182.16697700002,222182.167044,1145.2689022886598,0.0,209426.755777,15031.497397915578,95.8439175,66.0902134715026,91.591551328059,0.873157385399354,58,64,,False,True,,909,21.16838264042747
71,2026-09-14T02:09:21.114+00:00,2026-09-14T02:12:53.551+00:00,2026-09-14T02:13:00.365+00:00,True,103,103.0,,103.0,212436.907855,219251.096655,219251.096604,2128.6514233398057,41.288922,212436.907855,20925.45921106138,95.7241792,66.80577254901961,21.827057268503516,0.46978100256471894,58,64,,False,True,,448,21.16838264042747
72,2026-09-14T02:09:25.433+00:00,2026-09-14T02:13:00.902+00:00,2026-09-14T02:13:08.244+00:00,True,111,111.0,,111.0,215468.576195,222810.689475,222810.689571,2007.3035096486487,32.527032,215468.576195,20445.048583398235,95.70033800000002,66.74648436363637,21.960108929290335,0.4981807661990764,58,64,,False,True,,524,21.16838264042747
73,2026-09-14T02:09:29.328+00:00,2026-09-14T02:13:07.648+00:00,2026-09-14T02:13:26.077+00:00,True,282,282.0,,282.0,218319.259225,236748.227161,236748.22697199997,839.5327197588653,40.631234,218319.259225,12996.835033650157,93.66605949999999,65.58351578647687,21.536390178161433,1.1911388033677932,58,64,,False,True,,1309,21.16838264042747
74,2026-09-14T02:09:32.173+00:00,2026-09-14T02:13:13.510+00:00,2026-09-14T02:13:26.333+00:00,True,195,195.0,,195.0,221337.219781,234160.760517,234160.760383,1200.8244122205128,35.432255,221337.219781,15845.568410540936,93.61176169999999,66.10072544329897,21.458824635842667,0.8327612174194449,58,64,,False,True,,335,21.16838264042747
75,2026-09-14T02:09:37.274+00:00,2026-09-14T02:13:21.586+00:00,2026-09-14T02:13:35.844+00:00,True,217,217.0,,217.0,224312.170224,238569.854192,238569.854188,1099.4002497142858,0.0,224312.170224,15222.867280677005,93.61910680000001,66.00779614814815,37.45319640501077,0.9095868408644762,58,64,,False,True,,473,21.16838264042747
76,2026-09-14T02:09:40.623+00:00,2026-09-14T02:13:28.260+00:00,2026-09-14T02:13:44.914+00:00,True,249,249.0,,249.0,227637.238505,244291.37482499998,244291.37487799997,981.0898589477911,0.0,227637.238505,14421.713746377283,94.24058000000001,67.15377548387097,36.342894522218465,1.019274627188017,58,64,,False,True,,1301,21.16838264042747
77,2026-09-14T02:09:44.124+00:00,2026-09-14T02:13:33.745+00:00,2026-09-14T02:13:52.318+00:00,True,279,279.0,,279.0,229621.28194400002,248194.34076000002,248194.34063000002,889.5854502867384,38.04799,229621.28194400002,13743.084719561122,95.6682899,66.80956408633094,22.244945480226164,1.1241191041893601,58,64,,False,True,,1260,21.16838264042747
78,2026-09-14T02:09:47.186+00:00,2026-09-14T02:13:39.734+00:00,2026-09-14T02:13:59.395+00:00,True,293,293.0,,293.0,232548.098776,252209.742552,252209.742692,860.7841047508532,36.142663,232548.098776,13581.690222803873,95.5805156,67.33439649315068,22.727000574236452,1.1617314899704556,58,64,,False,True,,1387,21.16838264042747
79,2026-09-14T02:09:50.443+00:00,2026-09-14T02:13:46.499+00:00,2026-09-14T02:13:57.117+00:00,True,159,159.0,,159.0,236056.33647,246673.915222,246673.91524200002,1551.4082719622643,38.898048,236056.33647,18715.16931225765,96.8260639,67.19986551898734,22.477465503840612,0.6445756530718062,58,64,,False,True,,739,21.16838264042747
80,2026-09-14T02:09:55.054+00:00,2026-09-14T02:13:53.818+00:00,2026-09-14T02:14:01.106+00:00,True,111,111.0,,111.0,238764.300629,246052.187477,246052.187308,2216.686372144144,38.034828999999995,238764.300629,22656.227102971305,93.295997,66.2535168,22.533791236300047,0.45112380888861575,58,64,,False,True,,481,21.16838264042747
81,2026-09-14T02:09:58.498+00:00,2026-09-14T02:14:00.661+00:00,2026-09-14T02:14:10.086+00:00,True,140,140.0,,140.0,242163.731815,251588.082023,251588.08199900002,1797.0577285642858,39.210097000000005,242163.731815,20460.852762534018,96.51619290000001,67.80108063309352,22.398144766539797,0.556465150790415,58,64,,False,True,,606,21.16838264042747
82,2026-09-14T02:10:03.538+00:00,2026-09-14T02:14:09.340+00:00,2026-09-14T02:14:16.693+00:00,True,110,110.0,,110.0,245801.760159,253155.013535,253155.013542,2301.409214018182,0.0,245801.760159,23429.90702901764,97.62854335,67.46104014678899,53.67553804754834,0.4345163797626782,58,64,,False,True,,544,21.16838264042747
83,2026-09-14T02:10:06.604+00:00,2026-09-14T02:14:15.739+00:00,2026-09-14T02:14:34.979+00:00,True,288,288.0,,288.0,249135.787874,268375.006818,268375.00687,931.8576627430556,0.01542,249135.787874,14676.772191260494,94.366958,67.03560607665506,86.7041363414218,1.073125263841386,58,64,,False,True,,1149,21.16838264042747
84,2026-09-14T02:10:10.995+00:00,2026-09-14T02:14:23.319+00:00,2026-09-14T02:14:33.361+00:00,True,151,151.0,,151.0,252323.55181900001,262366.166347,262366.166309,1737.524280192053,0.015209,252323.55181900001,20528.709275047026,93.697157,66.95076352000001,121.67996366907026,0.5755315256628424,58,64,,False,True,,709,21.16838264042747
85,2026-09-14T02:10:14.146+00:00,2026-09-14T02:14:28.939+00:00,2026-09-14T02:14:46.307+00:00,True,262,262.0,,262.0,254792.317022,272160.073566,272160.073455,1038.7789063167938,0.01532,254792.317022,15737.281961523784,93.28412300000002,66.5431285210728,92.54911822341715,0.9626687580111337,58,64,,False,True,,1291,21.16838264042747
86,2026-09-14T02:10:19.180+00:00,2026-09-14T02:14:37.391+00:00,2026-09-14T02:14:47.018+00:00,True,147,147.0,,147.0,258211.38272099997,267837.988289,267837.988393,1822.02713192517,39.311906,258211.38272099997,21291.489021757592,93.715307,65.93565457534247,22.108528455314897,0.5488392477074068,58,64,,False,True,,697,21.16838264042747
87,2026-09-14T02:10:23.036+00:00,2026-09-14T02:14:44.214+00:00,2026-09-14T02:15:00.582+00:00,True,244,244.0,,244.0,261177.43953799998,277546.09413,277546.09421199997,1137.483992672131,0.0,261177.43953799998,16715.90897869951,94.80622385000001,67.3607184855967,40.5879554663483,0.8791332508744032,58,64,,False,True,,474,21.16838264042747
88,2026-09-14T02:10:26.002+00:00,2026-09-14T02:14:48.870+00:00,2026-09-14T02:14:56.707+00:00,True,121,121.0,,121.0,262867.896725,270705.078933,270705.079061,2237.232058355372,33.872608,262867.896725,23891.154806246886,97.317443,65.30985173333333,22.541194755051997,0.44698090067954627,58,64,,False,True,,580,21.16838264042747
89,2026-09-14T02:10:30.300+00:00,2026-09-14T02:14:57.429+00:00,2026-09-14T02:15:15.503+00:00,True,267,267.0,,267.0,267128.89337299997,285202.46316499996,285202.46308599995,1068.174019048689,0.0,267128.89337299997,16343.911326210913,95.36658059999999,67.94575109774436,39.16693917351567,0.9361770478312131,58,64,,False,True,,1484,21.16838264042747
90,2026-09-14T02:10:35.215+00:00,2026-09-14T02:15:05.324+00:00,2026-09-14T02:15:19.017+00:00,True,205,205.0,,205.0,270108.86600700003,283802.10018300003,283802.10010800004,1384.4004883317075,39.766476000000004,270108.86600700003,18860.54709910452,96.53171780000001,67.12369694117648,22.791944446857876,0.7223343303936538,58,64,,False,True,,1056,21.16838264042747
91,2026-09-14T02:10:38.064+00:00,2026-09-14T02:15:10.809+00:00,2026-09-14T02:15:29.920+00:00,True,283,283.0,,283.0,272744.86738099996,291855.853365,291855.85323199996,1031.2927676042402,38.513557999999996,272744.86738099996,16208.987650724686,96.5654929,67.76945384397162,23.269543275302297,0.9696567560222111,58,64,,False,True,,930,21.16838264042747
92,2026-09-14T02:10:41.020+00:00,2026-09-14T02:15:15.676+00:00,2026-09-14T02:15:36.083+00:00,True,300,300.0,,300.0,274656.134408,295063.164168,295063.164048,983.54388016,39.606055999999995,274656.134408,15853.354971933684,95.84279235,68.25093565217391,22.65131235812401,1.0167314542495351,58,64,,False,True,,1620,21.16838264042747
93,2026-09-14T02:10:45.451+00:00,2026-09-14T02:15:23.864+00:00,2026-09-14T02:15:41.483+00:00,True,257,257.0,,257.0,278412.92511199997,296031.65791199997,296031.657717,1151.874154540856,32.487892,278412.92511199997,17362.641866593607,96.0252088,68.823175,21.954630341273376,0.868150392470515,58,64,,False,True,,1344,21.16838264042747
94,2026-09-14T02:10:48.492+00:00,2026-09-14T02:15:29.586+00:00,2026-09-14T02:15:41.483+00:00,True,173,173.0,,173.0,281093.847283,292991.09272300004,292991.092549,1693.5901303410405,35.077135999999996,281093.847283,21365.922243029614,96.36590679999999,69.17003162790698,22.404616496494945,0.5904616361957387,58,64,,False,True,,744,21.16838264042747
95,2026-09-14T02:10:53.117+00:00,2026-09-14T02:15:38.091+00:00,2026-09-14T02:15:53.139+00:00,False,232,231.0,,231.0,284974.111007,300022.562847,300022.563005,1293.2007026077588,0.0,284974.111007,18705.237043456073,95.51153205,65.14481316017316,42.03338407981738,0.7699420930478523,58,64,,False,False,Request timeout: 300.0s exceeded,930,21.16838264042747
96,2026-09-14T02:10:56.969+00:00,2026-09-14T02:15:44.809+00:00,2026-09-14T02:15:56.975+00:00,False,184,183.0,,183.0,287839.577054,300005.711582,300005.711513,1630.4658234402173,0.0,287839.577054,21214.96446843425,94.91532879999998,66.48160944262295,46.37402623655527,0.6099883866710349,58,64,,False,False,Request timeout: 300.0s exceeded,738,21.16838264042747
97,2026-09-14T02:11:00.736+00:00,2026-09-14T02:15:51.720+00:00,2026-09-14T02:16:00.808+00:00,False,131,130.0,,130.0,290983.849071,300072.362607,300072.362664,2290.628722625954,0.02595,290983.849071,25417.27831945695,94.68725900000001,69.91164258461538,22.167735869359234,0.43322883477362734,58,64,,False,False,Request timeout: 300.0s exceeded,374,21.16838264042747
98,2026-09-14T02:11:05.708+00:00,2026-09-14T02:15:58.685+00:00,2026-09-14T02:16:05.762+00:00,False,100,99.0,,99.0,292976.311412,300053.567092,300053.567091,3000.5356709099997,0.039490000000000004,292976.311412,29290.489101721814,89.45193454999999,71.4874311111111,19.917648970716375,0.3299410867181773,58,64,,False,False,Request timeout: 300.0s exceeded,240,21.16838264042747
99,2026-09-14T02:11:09.781+00:00,2026-09-14T02:16:03.205+00:00,2026-09-14T02:16:10.027+00:00,False,104,103.0,,103.0,293424.651866,300246.87727399997,300246.877276,2886.989204576923,0.02208,293424.651866,28766.166398853708,87.82484249999999,66.23519813592233,20.1016642962706,0.34305102832428136,58,64,,False,False,Request timeout: 300.0s exceeded,412,21.16838264042747
100,2026-09-14T02:11:13.539+00:00,2026-09-14T02:16:07.475+00:00,2026-09-14T02:16:13.589+00:00,False,92,91.0,,91.0,293935.660739,300050.010563,300050.010507,3261.4131576847826,0.02179,293935.660739,30637.912045983845,86.54846615000001,67.19065740659342,19.474738061020208,0.30328277552549254,58,64,,False,False,Request timeout: 300.0s exceeded,402,21.16838264042747
101,2026-09-14T02:11:17.516+00:00,2026-09-14T02:16:11.242+00:00,2026-09-14T02:16:17.537+00:00,False,95,94.0,,94.0,293725.901028,300021.020132,300021.02019199997,3158.1160020210527,0.01884,293725.901028,30128.77712078378,87.4786197,66.96935217021277,19.806759454675827,0.31331138051141516,58,64,,False,False,Request timeout: 300.0s exceeded,431,21.16838264042747
102,2026-09-14T02:11:20.842+00:00,2026-09-14T02:16:14.360+00:00,2026-09-14T02:16:20.871+00:00,False,97,96.0,,96.0,293517.862707,300028.217139,300028.217127,3093.074403371134,0.038799999999999994,293517.862707,29795.344398371548,87.707525,67.816192,19.722727509506193,0.31996990454909174,58,64,,False,False,Request timeout: 300.0s exceeded,414,21.16838264042747
103,2026-09-14T02:11:24.475+00:00,2026-09-14T02:16:18.002+00:00,2026-09-14T02:16:24.545+00:00,False,98,97.0,,97.0,293526.512025,300069.132697,300069.132578,3061.929924265306,0.037579999999999995,293526.512025,29643.84861957188,88.01489249999999,67.44969764948453,20.132921355713812,0.3232588408150179,58,64,,False,False,Request timeout: 300.0s exceeded,435,21.16838264042747
104,2026-09-14T02:11:27.761+00:00,2026-09-14T02:16:21.209+00:00,2026-09-14T02:16:27.880+00:00,False,100,99.0,,99.0,293448.314151,300119.665959,300119.665971,3001.19665971,0.03716,293448.314151,29338.10020606836,90.85670605,67.387392,21.127007612910134,0.3298684199306173,58,64,,False,False,Request timeout: 300.0s exceeded,404,21.16838264042747
105,2026-09-14T02:11:31.320+00:00,2026-09-14T02:16:25.324+00:00,2026-09-14T02:16:32.789+00:00,False,93,92.0,,92.0,294004.267533,301469.01658899995,301469.016564,3241.602328645161,0.03749,294004.267533,30478.84107332494,89.6355168,81.13857669565218,163.24158894758816,0.30517232265173655,58,64,,False,False,Request timeout: 300.0s exceeded,416,21.16838264042747
106,2026-09-14T02:11:34.154+00:00,2026-09-14T02:16:27.794+00:00,2026-09-14T02:16:34.225+00:00,False,110,109.0,,109.0,293639.685269,300071.186069,300071.186087,2727.9198735181817,0.015349999999999999,293639.685269,27992.24300706345,90.8882921,59.00459449541284,154.6732624755494,0.36324713954686727,58,64,,False,False,Request timeout: 300.0s exceeded,563,21.16838264042747
107,2026-09-14T02:11:38.780+00:00,2026-09-14T02:16:33.923+00:00,2026-09-14T02:16:38.830+00:00,False,71,70.0,,70.0,295142.873975,300049.13317499997,300049.132942,4226.044125943662,0.07182,295142.873975,35018.70257003525,89.02921549999999,70.08941714285714,20.151199032185673,0.23329512489933896,58,64,,False,False,Request timeout: 300.0s exceeded,341,21.16838264042747
108,2026-09-14T02:11:41.683+00:00,2026-09-14T02:16:35.472+00:00,2026-09-14T02:16:41.938+00:00,False,93,92.0,,92.0,293789.037476,300255.19453200005,300255.19443100004,3228.5504777526885,0.032119999999999996,293789.037476,30457.222441934675,88.5807834,70.28431582608695,20.09253821652886,0.306406022861313,58,64,,False,False,Request timeout: 300.0s exceeded,372,21.16838264042747
109,2026-09-14T02:11:46.013+00:00,2026-09-14T02:16:39.416+00:00,2026-09-14T02:16:46.062+00:00,False,105,104.0,,104.0,293403.197844,300048.63298,300048.63293900003,2857.6060279904764,0.0,293403.197844,28627.050840035463,88.675035,63.89841476923077,61.98834367788611,0.3466104776652397,58,64,,False,False,Request timeout: 300.0s exceeded,384,21.16838264042747
110,2026-09-14T02:11:49.922+00:00,2026-09-14T02:16:43.158+00:00,2026-09-14T02:16:49.953+00:00,False,105,104.0,,104.0,293236.05854299996,300030.463151,300030.46316199994,2857.432982495238,0.03686,293236.05854299996,28610.54079814019,88.62846319999998,65.33081353846154,20.593752524265845,0.34663146837745823,58,64,,False,False,Request timeout: 300.0s exceeded,231,21.16838264042747
111,2026-09-14T02:11:52.844+00:00,2026-09-14T02:16:46.312+00:00,2026-09-14T02:16:52.887+00:00,False,98,97.0,,97.0,293467.79879699997,300043.40532499994,300043.40548899997,3061.667402948979,0.03975,293467.79879699997,29637.883625894363,89.736004,67.78975802061856,20.557142213316876,0.32328655880615637,58,64,,False,False,Request timeout: 300.0s exceeded,435,21.16838264042747
112,2026-09-14T02:11:56.533+00:00,2026-09-14T02:16:50.031+00:00,2026-09-14T02:16:56.610+00:00,False,95,94.0,,94.0,293498.042999,300076.870519,300076.870586,3158.7039009052633,0.038950000000000005,293498.042999,30105.08987358002,88.56284869999999,69.98752680851064,20.03048385348286,0.31325306691389326,58,64,,False,False,Request timeout: 300.0s exceeded,464,21.16838264042747
113,2026-09-14T02:12:00.313+00:00,2026-09-14T02:16:53.995+00:00,2026-09-14T02:17:00.375+00:00,False,92,91.0,,91.0,293682.490087,300061.813479,300061.813624,3261.541452434783,0.02175,293682.490087,30611.213790490357,89.06531599999998,70.10245485714285,19.759280144241064,0.3032708459131161,58,64,,False,False,Request timeout: 300.0s exceeded,455,21.16838264042747
114,2026-09-14T02:12:04.982+00:00,2026-09-14T02:16:58.753+00:00,2026-09-14T02:17:04.998+00:00,False,94,93.0,,93.0,293771.044665,300016.065081,300016.065159,3191.660267648936,0.02128,293771.044665,30293.25032864899,88.4222143,67.15075716129031,20.25717826139721,0.30998340030521815,58,64,,False,False,Request timeout: 300.0s exceeded,401,21.16838264042747
115,2026-09-14T02:12:10.111+00:00,2026-09-14T02:17:04.102+00:00,2026-09-14T02:17:10.183+00:00,False,85,84.0,,84.0,293990.314196,300072.074452,300072.07454299997,3530.2597005058824,0.03372,293990.314196,31879.879561651556,88.964606,72.4019078095238,19.552978456489157,0.2799327466689566,58,64,,False,False,Request timeout: 300.0s exceeded,409,21.16838264042747
116,2026-09-14T02:12:13.327+00:00,2026-09-14T02:17:07.365+00:00,2026-09-14T02:17:13.392+00:00,False,86,85.0,,85.0,294037.464587,300064.485387,300064.48552000005,3489.121924651163,0.02453,294037.464587,31699.235253067,89.63600249999999,70.90612705882353,19.660887791484665,0.28327244355616943,58,64,,False,False,Request timeout: 300.0s exceeded,465,21.16838264042747
117,2026-09-14T02:12:16.118+00:00,2026-09-14T02:17:10.393+00:00,2026-09-14T02:17:16.157+00:00,False,83,82.0,,82.0,294274.972919,300039.005431,300039.005589,3614.927778180723,0.0224,294274.972919,32293.16510424072,88.98330010000001,70.29307941463415,20.030426475592567,0.2732977996717748,58,64,,False,False,Request timeout: 300.0s exceeded,359,21.16838264042747
118,2026-09-14T02:12:20.804+00:00,2026-09-14T02:17:14.575+00:00,2026-09-14T02:17:20.845+00:00,False,94,93.0,,93.0,293770.88529500004,300041.18340700003,300041.1832820001,3191.9274817234045,0.02479,293770.88529500004,30293.205990157072,90.309506,67.42256034408602,20.457817274488434,0.3099574496539941,58,64,,False,False,Request timeout: 300.0s exceeded,415,21.16838264042747
119,2026-09-14T02:12:23.842+00:00,2026-09-14T02:17:17.385+00:00,2026-09-14T02:17:23.873+00:00,False,96,95.0,,95.0,293542.69949900004,300030.45450700005,300030.45457800006,3125.3172351875005,0.02935,293542.69949900004,29952.612564919295,87.938436,68.29215797894737,19.51754237042978,0.31663452350562477,58,64,,False,False,Request timeout: 300.0s exceeded,457,21.16838264042747
120,2026-09-14T02:12:28.407+00:00,2026-09-14T02:17:22.047+00:00,2026-09-14T02:17:28.436+00:00,False,93,92.0,,92.0,293640.061612,300028.17886,300028.17894199997,3226.1094509892473,0.02035,293640.061612,30441.862537258105,89.9303056,69.43605704347827,20.410705258329866,0.30663786431516926,58,64,,False,False,Request timeout: 300.0s exceeded,352,21.16838264042747
121,2026-09-14T02:12:31.448+00:00,2026-09-14T02:17:25.208+00:00,2026-09-14T02:17:31.533+00:00,False,95,94.0,,94.0,293760.330681,300085.12837700004,300085.12840000005,3158.7908252631582,0.03461,293760.330681,30132.277460997975,89.3540833,67.28508187234043,20.302242627291413,0.3132444466954951,58,64,,False,False,Request timeout: 300.0s exceeded,494,21.16838264042747
122,2026-09-14T02:12:35.392+00:00,2026-09-14T02:17:29.343+00:00,2026-09-14T02:17:35.458+00:00,False,88,87.0,,87.0,293951.811272,300066.256584,300066.256514,3409.8438240227274,0.04537,293951.811272,31327.88239577057,88.80200185,70.28098059770115,19.50922360739335,0.28993596611102246,58,64,,False,False,Request timeout: 300.0s exceeded,423,21.16838264042747
123,2026-09-14T02:12:38.620+00:00,2026-09-14T02:17:32.619+00:00,2026-09-14T02:17:38.646+00:00,False,94,93.0,,93.0,293999.061819,300026.46149899997,300026.461496,3191.7708669787235,0.0,293999.061819,30317.075143100985,88.59133965000001,64.81074924731183,66.42540046727852,0.3099726588626583,58,64,,False,False,Request timeout: 300.0s exceeded,383,21.16838264042747
124,2026-09-14T02:12:41.510+00:00,2026-09-14T02:17:35.070+00:00,2026-09-14T02:17:41.580+00:00,False,101,100.0,,100.0,293559.64961799997,300070.372178,300070.37220299995,2970.9937841881183,0.0,293559.64961799997,29203.868519923417,90.556919,65.1072256,64.28194683340244,0.3332551603617853,58,64,,False,False,Request timeout: 300.0s exceeded,535,21.16838264042747
125,2026-09-14T02:12:45.940+00:00,2026-09-14T02:17:39.860+00:00,2026-09-14T02:17:46.009+00:00,False,88,87.0,,87.0,293920.093767,300069.314119,300069.314077,3409.8785690568184,0.11745,293920.093767,31324.45887080171,90.41227319999999,70.68069370114942,19.801585214131066,0.2899330118290535,58,64,,False,False,Request timeout: 300.0s exceeded,380,21.16838264042747
126,2026-09-14T02:12:50.830+00:00,2026-09-14T02:17:44.619+00:00,2026-09-14T02:17:52.456+00:00,False,116,115.0,,115.0,293789.120194,301626.24301000003,301626.242882,2600.2262317413793,0.020079999999999997,293789.120194,27271.31523721386,90.06371200000001,68.14889405217392,20.569013301324627,0.3812665597409152,58,64,,False,False,Request timeout: 300.0s exceeded,540,21.16838264042747
127,2026-09-14T02:12:55.544+00:00,2026-09-14T02:17:49.372+00:00,2026-09-14T02:17:55.626+00:00,False,94,93.0,,93.0,293827.998219,300082.398731,300082.398695,3192.3659435638297,0.020030000000000003,293827.998219,30299.114620536682,90.40591315,67.25161840860216,20.831948523053068,0.30991487802444256,58,64,,False,False,Request timeout: 300.0s exceeded,420,21.16838264042747
128,2026-09-14T02:12:58.431+00:00,2026-09-14T02:17:51.995+00:00,2026-09-14T02:17:58.453+00:00,False,103,102.0,,102.0,293563.639167,300022.37529500003,300022.375503,2912.838597116505,0.024050000000000002,293563.639167,28919.45285801225,90.68948019999999,63.32094243137254,20.491251093938143,0.33997464322355114,58,64,,False,False,Request timeout: 300.0s exceeded,408,21.16838264042747
129,2026-09-14T02:13:02.554+00:00,2026-09-14T02:17:56.310+00:00,2026-09-14T02:18:02.640+00:00,False,95,94.0,,94.0,293756.824302,300086.65674999997,300086.656629,3158.8069118842104,0.03351,293756.824302,30131.91198555074,87.90581970000001,67.33864306382979,19.948850143017385,0.31324285130848295,58,64,,False,False,Request timeout: 300.0s exceeded,393,21.16838264042747
130,2026-09-14T02:13:05.959+00:00,2026-09-14T02:17:59.858+00:00,2026-09-14T02:18:05.968+00:00,False,89,88.0,,88.0,293898.987178,300008.807338,300008.80718099995,3370.88547394382,0.02274,293898.987178,31145.877363609077,89.6038858,69.42977454545455,20.346541046794023,0.2933247219667663,58,64,,False,False,Request timeout: 300.0s exceeded,420,21.16838264042747
131,2026-09-14T02:13:10.383+00:00,2026-09-14T02:18:03.991+00:00,2026-09-14T02:18:10.392+00:00,False,94,93.0,,93.0,293608.021964,300009.29966,300009.29970000003,3191.588294680851,0.03663,293608.021964,30276.262710350264,89.96978214999999,68.83094296774193,20.53268288724346,0.3099903906492123,58,64,,False,False,Request timeout: 300.0s exceeded,401,21.16838264042747
132,2026-09-14T02:13:15.076+00:00,2026-09-14T02:18:08.922+00:00,2026-09-14T02:18:15.106+00:00,False,93,92.0,,92.0,293846.19163200003,300030.77147200005,300030.771567,3226.1373286774196,0.02944,293846.19163200003,30463.466658866717,90.1013372,67.22369391304349,20.45244922413351,0.30663521461026466,58,64,,False,False,Request timeout: 300.0s exceeded,416,21.16838264042747
133,2026-09-14T02:13:20.083+00:00,2026-09-14T02:18:13.499+00:00,2026-09-14T02:18:20.141+00:00,False,98,97.0,,97.0,293415.720446,300057.743614,300057.743623,3061.8137104387756,0.02536,293415.720446,29632.55334867604,89.08754549999999,68.47446564948453,19.958758466744165,0.32327111052592145,58,64,,False,False,Request timeout: 300.0s exceeded,424,21.16838264042747
134,2026-09-14T02:13:24.415+00:00,2026-09-14T02:18:18.078+00:00,2026-09-14T02:18:24.470+00:00,False,96,95.0,,95.0,293663.079179,300054.785547,300054.785797,3125.5706853854167,0.03698,293663.079179,29965.002288420616,88.42984275,67.2811196631579,20.03512979196784,0.3166088480369175,58,64,,False,False,Request timeout: 300.0s exceeded,238,21.16838264042747
135,2026-09-14T02:13:28.169+00:00,2026-09-14T02:18:22.144+00:00,2026-09-14T02:18:28.247+00:00,False,89,88.0,,88.0,293974.827101,300077.751389,300077.751389,3371.6601279662923,0.02801,293974.827101,31153.924039127276,88.9630212,69.35141236363636,19.322241155921628,0.2932573294510026,58,64,,False,False,Request timeout: 300.0s exceeded,400,21.16838264042747
136,2026-09-14T02:13:31.261+00:00,2026-09-14T02:18:24.728+00:00,2026-09-14T02:18:31.347+00:00,False,95,94.0,,94.0,293466.493409,300085.90358499996,300085.903626,3158.798985536842,0.03645,293466.493409,30101.808892225177,91.0262717,70.41925719148936,20.38002891613043,0.3132436374952024,58,64,,False,False,Request timeout: 300.0s exceeded,354,21.16838264042747
137,2026-09-14T02:13:36.410+00:00,2026-09-14T02:18:29.805+00:00,2026-09-14T02:18:36.467+00:00,False,103,102.0,,102.0,293394.844246,300056.563798,300056.563903,2913.1705233300972,0.0,293394.844246,28902.68268676207,92.2560352,65.310976,61.580338650942636,0.3399359064468493,58,64,,False,False,Request timeout: 300.0s exceeded,348,21.16838264042747
138,2026-09-14T02:13:39.876+00:00,2026-09-14T02:18:33.811+00:00,2026-09-14T02:18:39.896+00:00,False,88,87.0,,87.0,293934.16605400003,300019.10199000005,300019.10191200004,3409.3079762727275,0.02309,293934.16605400003,31326.038127401658,90.15578869999999,69.94179236781609,20.398938887486207,0.28998153591866893,58,64,,False,False,Request timeout: 300.0s exceeded,365,21.16838264042747
139,2026-09-14T02:13:42.851+00:00,2026-09-14T02:18:36.644+00:00,2026-09-14T02:18:42.861+00:00,False,89,88.0,,88.0,293793.191885,300010.189517,300010.189691,3370.9010077640446,0.0368,293793.191885,31134.53380163253,90.5314948,70.64770036363636,20.057436986164543,0.2933233705884296,58,64,,False,False,Request timeout: 300.0s exceeded,231,21.16838264042747
140,2026-09-14T02:13:46.798+00:00,2026-09-14T02:18:40.939+00:00,2026-09-14T02:18:46.825+00:00,False,92,91.0,,91.0,294140.535292,300026.937596,300026.937758,3261.1623669347823,0.03432,294140.535292,30659.533973088914,89.793843,64.68573960439561,21.193260443978836,0.3033060988761471,58,64,,False,False,Request timeout: 300.0s exceeded,465,21.16838264042747
141,2026-09-14T02:13:51.923+00:00,2026-09-14T02:18:45.544+00:00,2026-09-14T02:18:52.002+00:00,False,97,96.0,,96.0,293620.747745,300078.975713,300078.975811,3093.597688773196,0.11951,293620.747745,29805.846314797738,89.2312428,67.273208,20.315918461058335,0.3199157814102106,58,64,,False,False,Request timeout: 300.0s exceeded,240,21.16838264042747
142,2026-09-14T02:13:55.576+00:00,2026-09-14T02:18:48.903+00:00,2026-09-14T02:18:55.601+00:00,False,98,97.0,,97.0,293327.234933,300024.853877,300024.853993,3061.478101969388,0.0272,293327.234933,29623.55702671326,88.13547135,69.04761797938144,19.89848900917913,0.3233065485960263,58,64,,False,False,Request timeout: 300.0s exceeded,322,21.16838264042747
143,2026-09-14T02:14:00.199+00:00,2026-09-14T02:18:53.966+00:00,2026-09-14T02:19:00.227+00:00,False,103,102.0,,102.0,293766.39857200003,300027.36062000005,300027.36066400004,2912.8869967378646,0.0166,293766.39857200003,28940.190661507928,90.1397279,61.381980862745095,183.40511421086447,0.33996899412513315,58,64,,False,False,Request timeout: 300.0s exceeded,382,21.16838264042747
144,2026-09-14T02:14:04.920+00:00,2026-09-14T02:18:59.568+00:00,2026-09-14T02:19:04.944+00:00,False,83,82.0,,82.0,294648.039646,300024.087262,300024.08734,3614.748040240964,0.03476,294648.039646,32334.635410852352,89.55757299999999,65.56155629268292,22.448591144414237,0.2733113889232247,58,64,,False,False,Request timeout: 300.0s exceeded,177,21.16838264042747
145,2026-09-14T02:14:07.791+00:00,2026-09-14T02:19:01.341+00:00,2026-09-14T02:19:07.856+00:00,False,99,98.0,,98.0,293550.321888,300065.706464,300065.706433,3030.9667316464647,0.02266,293550.321888,29496.2425052127,88.4927888,66.48351608163266,20.326218988992398,0.3265951352950005,58,64,,False,False,Request timeout: 300.0s exceeded,420,21.16838264042747
146,2026-09-14T02:14:11.737+00:00,2026-09-14T02:19:05.590+00:00,2026-09-14T02:19:11.780+00:00,False,89,88.0,,88.0,293852.819691,300043.272939,300043.27278299996,3371.2727278988764,0.03631,293852.819691,31140.885541534142,87.43384900000001,70.34605963636363,18.81297606505154,0.2932910281174368,58,64,,False,False,Request timeout: 300.0s exceeded,415,21.16838264042747
147,2026-09-14T02:14:15.468+00:00,2026-09-14T02:19:09.471+00:00,2026-09-14T02:19:15.528+00:00,False,87,86.0,,86.0,294003.03706400003,300060.21210400003,300060.21212800004,3448.967955494253,0.02179,294003.03706400003,31512.88896817872,89.6261032,70.43226790697675,19.508436189965234,0.28660914220174133,58,64,,False,False,Request timeout: 300.0s exceeded,407,21.16838264042747
148,2026-09-14T02:14:19.642+00:00,2026-09-14T02:19:13.552+00:00,2026-09-14T02:19:19.667+00:00,False,89,88.0,,88.0,293910.305916,300024.66521199996,300024.665329,3371.0636553820223,0.03555,293910.305916,31147.071646801927,89.7433648,69.48135563636365,20.296198381907768,0.2933092182198369,58,64,,False,False,Request timeout: 300.0s exceeded,380,21.16838264042747
149,2026-09-14T02:14:23.370+00:00,2026-09-14T02:19:17.149+00:00,2026-09-14T02:19:23.442+00:00,False,91,90.0,,90.0,293778.58284600003,300071.94374200003,300071.943642,3297.4938861758246,0.03533,293778.58284600003,30789.039599555657,88.157099,69.92623217777778,20.095643399523166,0.2999280735068702,58,64,,False,False,Request timeout: 300.0s exceeded,443,21.16838264042747
150,2026-09-14T02:14:26.702+00:00,2026-09-14T02:19:20.783+00:00,2026-09-14T02:19:26.799+00:00,False,93,92.0,,92.0,294081.589963,300097.06209099997,300097.062207,3226.8501312580643,0.0,294081.589963,30488.13815656156,91.23345280000001,65.38556660869565,69.34889483133132,0.3065674797312823,58,64,,False,False,Request timeout: 300.0s exceeded,482,21.16838264042747
151,2026-09-14T02:14:31.919+00:00,2026-09-14T02:19:24.530+00:00,2026-09-14T02:19:30.874+00:00,True,101,101.0,,101.0,292611.10143,298954.723574,298954.723688,2959.9477592871285,0.0,292611.10143,29109.655840128682,91.240387,63.43622144,66.48324641796378,0.3378438005345634,58,64,,False,True,,459,21.16838264042747
152,2026-09-14T02:14:35.945+00:00,2026-09-14T02:19:29.573+00:00,2026-09-14T02:19:35.995+00:00,False,105,104.0,,104.0,293627.691674,300049.392538,300049.39264700003,2857.613263304762,0.03929,293627.691674,28649.109684537714,87.48050520000001,61.747123692307696,20.14493044443426,0.34660960024049653,58,64,,False,False,Request timeout: 300.0s exceeded,528,21.16838264042747
153,2026-09-14T02:14:39.468+00:00,2026-09-14T02:19:33.303+00:00,2026-09-14T02:19:39.485+00:00,False,95,94.0,,94.0,293834.189384,300017.03124000004,300017.031236,3158.0740130105264,0.04001,293834.189384,30140.010102957207,87.4146137,65.77491336170213,20.243031973839376,0.3133155461591254,58,64,,False,False,Request timeout: 300.0s exceeded,302,21.16838264042747
154,2026-09-14T02:14:43.037+00:00,2026-09-14T02:19:36.550+00:00,2026-09-14T02:19:43.057+00:00,False,99,98.0,,98.0,293512.404542,300020.23481399997,300020.234764,3030.5074218585855,0.03768,293512.404542,29492.439200003562,87.72897799999998,66.40643134693877,20.005934938287663,0.32664463468857663,58,64,,False,False,Request timeout: 300.0s exceeded,420,21.16838264042747
155,2026-09-14T02:14:46.119+00:00,2026-09-14T02:19:39.611+00:00,2026-09-14T02:19:46.183+00:00,False,97,96.0,,96.0,293492.832683,300064.26999500004,300064.270043,3093.446082917526,0.02708,293492.832683,29792.738305341838,87.5498496,68.452472,19.60760249271972,0.3199314600222134,58,64,,False,False,Request timeout: 300.0s exceeded,144,21.16838264042747
156,2026-09-14T02:14:49.669+00:00,2026-09-14T02:19:43.454+00:00,2026-09-14T02:19:49.695+00:00,False,94,93.0,,93.0,293785.114132,300025.894932,300025.89497100003,3191.7648401170213,0.039009999999999996,293785.114132,30294.706254800174,90.15929915000001,67.10516989247311,20.36234780730907,0.30997324421306427,58,64,,False,False,Request timeout: 300.0s exceeded,364,21.16838264042747
157,2026-09-14T02:14:54.026+00:00,2026-09-14T02:19:47.881+00:00,2026-09-14T02:19:54.114+00:00,False,92,91.0,,91.0,293854.749791,300088.137567,300088.137687,3261.8275835543477,0.02725,293854.749791,30629.34088338189,89.71383615,68.49876676923077,20.655753704152996,0.3032442426341582,58,64,,False,False,Request timeout: 300.0s exceeded,178,21.16838264042747
158,2026-09-14T02:14:56.916+00:00,2026-09-14T02:19:50.399+00:00,2026-09-14T02:19:56.986+00:00,False,94,93.0,,93.0,293483.49968400004,300070.23094800004,300070.230815,3192.2364980319153,0.023260000000000003,293483.49968400004,30263.212833375303,89.857562,70.82506735483871,19.447017506674364,0.3099274450057534,58,64,,False,False,Request timeout: 300.0s exceeded,353,21.16838264042747
159,2026-09-14T02:15:00.548+00:00,2026-09-14T02:19:53.905+00:00,2026-09-14T02:20:00.594+00:00,False,102,101.0,,101.0,293357.16639800003,300046.41107000003,300046.41126100003,2941.6314829509806,0.02036,293357.16639800003,29040.13660017724,88.75782310000001,66.23014526732673,19.690696109986295,0.3366145911888177,58,64,,False,False,Request timeout: 300.0s exceeded,462,21.16838264042747
160,2026-09-14T02:15:04.576+00:00,2026-09-14T02:19:58.193+00:00,2026-09-14T02:20:04.615+00:00,False,97,96.0,,96.0,293616.84010399994,300038.64131999994,300038.64139799995,3093.181870082474,0.039009999999999996,293616.84010399994,29805.48827273458,89.5080428,66.89376266666666,20.598333788450944,0.3199587879002998,58,64,,False,False,Request timeout: 300.0s exceeded,314,21.16838264042747
161,2026-09-14T02:15:08.235+00:00,2026-09-14T02:20:02.111+00:00,2026-09-14T02:20:08.297+00:00,False,91,90.0,,90.0,293876.072092,300062.02716399997,300062.027054,3297.3849126813184,0.048159999999999994,293876.072092,30799.384675623147,90.12079949999999,68.73283413333334,20.595119456278034,0.2999379856579126,58,64,,False,False,Request timeout: 300.0s exceeded,255,21.16838264042747
162,2026-09-14T02:15:12.304+00:00,2026-09-14T02:20:06.297+00:00,2026-09-14T02:20:12.321+00:00,False,94,93.0,,93.0,293992.977426,300017.10773,300017.1077,3191.671358510638,0.027440000000000003,293992.977426,30316.386209809483,90.48485065000001,64.77559466666666,20.691782448601916,0.3099823230203767,58,64,,False,False,Request timeout: 300.0s exceeded,373,21.16838264042747
163,2026-09-14T02:15:16.325+00:00,2026-09-14T02:20:09.983+00:00,2026-09-14T02:20:16.389+00:00,False,95,94.0,,94.0,293657.24409500003,300063.306943,300063.30712300004,3158.5611276105265,0.03465,293657.24409500003,30121.612751894827,89.2248977,68.14960476595745,20.962459429697777,0.31326722669845214,58,64,,False,False,Request timeout: 300.0s exceeded,230,21.16838264042747
164,2026-09-14T02:15:19.486+00:00,2026-09-14T02:20:13.143+00:00,2026-09-14T02:20:19.497+00:00,False,93,92.0,,92.0,293657.641455,300011.695087,300011.69510199997,3225.932205397849,0.030329000000000002,293657.641455,30443.723628509735,90.2190076,69.0658003478261,20.034698935946484,0.30665471215487466,58,64,,False,False,Request timeout: 300.0s exceeded,379,21.16838264042747
165,2026-09-14T02:15:24.636+00:00,2026-09-14T02:20:17.996+00:00,2026-09-14T02:20:24.696+00:00,False,102,101.0,,101.0,293359.937188,300060.069284,300060.069243,2941.7653847352944,0.0,293359.937188,29040.467086385448,89.94104954999999,66.33794154455445,65.62723366734124,0.33659926907637217,58,64,,False,False,Request timeout: 300.0s exceeded,546,21.16838264042747
166,2026-09-14T02:15:28.166+00:00,2026-09-14T02:20:21.667+00:00,2026-09-14T02:20:28.212+00:00,False,102,101.0,,101.0,293500.58548400004,300045.94791600003,300045.94801800005,2941.6269413529417,0.0,293500.58548400004,29054.54406051853,87.13139559999998,64.80556863366337,65.19017384320009,0.3366151107905502,58,64,,False,False,Request timeout: 300.0s exceeded,622,21.16838264042747
167,2026-09-14T02:15:31.432+00:00,2026-09-14T02:20:24.779+00:00,2026-09-14T02:20:31.469+00:00,False,101,100.0,,100.0,293347.433842,300037.062258,300037.06220100005,2970.663982188119,0.04654,293347.433842,29182.51073451706,86.161888,66.89628416,19.622211701492592,0.3332921581334863,58,64,,False,False,Request timeout: 300.0s exceeded,350,21.16838264042747
168,2026-09-14T02:15:35.664+00:00,2026-09-14T02:20:28.926+00:00,2026-09-14T02:20:35.689+00:00,False,98,97.0,,97.0,293262.43648000003,300025.62649600004,300025.626553,3061.485985234694,0.02382,293262.43648000003,29616.943308730937,89.0245472,69.72360841237114,20.19413828200822,0.3233057160245384,58,64,,False,False,Request timeout: 300.0s exceeded,410,21.16838264042747
169,2026-09-14T02:15:40.282+00:00,2026-09-14T02:20:34.010+00:00,2026-09-14T02:20:40.328+00:00,False,87,86.0,,86.0,293728.319575,300046.398551,300046.398399,3448.8091769999996,0.02298,293728.319575,31483.11068536932,90.016766,73.46603460465117,19.131902595716184,0.2866223371295765,58,64,,False,False,Request timeout: 300.0s exceeded,422,21.16838264042747
170,2026-09-14T02:15:43.894+00:00,2026-09-14T02:20:37.589+00:00,2026-09-14T02:20:43.914+00:00,False,91,90.0,,90.0,293695.41135,300020.252566,300020.2526,3296.925852747253,0.03668,293695.41135,30780.284403168967,89.318467,70.27601351111112,20.419479691550837,0.2999797488011292,58,64,,False,False,Request timeout: 300.0s exceeded,437,21.16838264042747
171,2026-09-14T02:15:46.695+00:00,2026-09-14T02:20:40.656+00:00,2026-09-14T02:20:46.737+00:00,False,91,90.0,,90.0,293960.94019199995,300041.27222399996,300041.27227799996,3297.1568382197797,0.02845,293960.94019199995,30808.40443609456,88.5951225,67.5592448,20.81008049030236,0.2999587334532073,58,64,,False,False,Request timeout: 300.0s exceeded,427,21.16838264042747
172,2026-09-14T02:15:49.878+00:00,2026-09-14T02:20:43.788+00:00,2026-09-14T02:20:49.898+00:00,False,89,88.0,,88.0,293909.797602,300019.310306,300019.310286,3371.0034863595506,0.0247,293909.797602,31147.024596651827,89.6124466,69.42628072727274,21.783027327779187,0.2933144533605046,58,64,,False,False,Request timeout: 300.0s exceeded,365,21.16838264042747
173,2026-09-14T02:15:54.987+00:00,2026-09-14T02:20:48.897+00:00,2026-09-14T02:20:55.034+00:00,False,93,92.0,,92.0,293909.795124,300046.758708,300046.758819,3226.3092346129033,0.038119999999999994,293909.795124,30470.116431567654,90.90537420000001,66.70612591304348,21.523918969235783,0.3066188763249821,58,64,,False,False,Request timeout: 300.0s exceeded,457,21.16838264042747
174,2026-09-14T02:15:58.699+00:00,2026-09-14T02:20:52.609+00:00,2026-09-14T02:20:58.715+00:00,False,90,89.0,,89.0,293910.333048,300016.001656,300016.00152,3333.511128,0.09939,293910.333048,30973.644140238484,88.5304749,68.60301806741573,19.693090170918346,0.296650843650826,58,64,,False,False,Request timeout: 300.0s exceeded,387,21.16838264042747
175,2026-09-14T02:16:02.095+00:00,2026-09-14T02:20:55.837+00:00,2026-09-14T02:21:02.143+00:00,False,93,92.0,,92.0,293741.960847,300048.136335,300048.136465,3226.324048010753,0.03766,293741.960847,30452.52105787839,88.06197,68.54538573913044,19.962782665091794,0.3066174685293934,58,64,,False,False,Request timeout: 300.0s exceeded,388,21.16838264042747
176,2026-09-14T02:16:06.528+00:00,2026-09-14T02:21:00.029+00:00,2026-09-14T02:21:06.562+00:00,False,98,97.0,,97.0,293500.179305,300033.544041,300033.544152,3061.5667770612245,0.026699999999999998,293500.179305,29641.19837936157,90.80044235,67.35427562886598,20.3206086869274,0.3232971843533095,58,64,,False,False,Request timeout: 300.0s exceeded,360,21.16838264042747
177,2026-09-14T02:16:11.261+00:00,2026-09-14T02:21:04.861+00:00,2026-09-14T02:21:11.314+00:00,False,96,95.0,,95.0,293599.271066,300052.967578,300052.967443,3125.5517441979164,0.0237,293599.271066,29958.42368341714,90.13744975000002,67.93364749473683,20.600972738158557,0.3166107663151319,58,64,,False,False,Request timeout: 300.0s exceeded,397,21.16838264042747
178,2026-09-14T02:16:14.579+00:00,2026-09-14T02:21:08.228+00:00,2026-09-14T02:21:14.618+00:00,False,95,94.0,,94.0,293649.560614,300039.427878,300039.427755,3158.3097658421057,0.03024,293649.560614,30120.84189859476,90.3085304,67.97731131914894,20.637133963666116,0.31329215851665215,58,64,,False,False,Request timeout: 300.0s exceeded,294,21.16838264042747
179,2026-09-14T02:16:18.942+00:00,2026-09-14T02:21:12.770+00:00,2026-09-14T02:21:19.024+00:00,False,98,97.0,,97.0,293828.481945,300082.100889,300082.100875,3062.0622538265307,0.0,293828.481945,29674.722570223934,90.04689450000002,64.47029839175258,67.59118026767236,0.3232448710290794,58,64,,False,False,Request timeout: 300.0s exceeded,472,21.16838264042747
180,2026-09-14T02:16:22.687+00:00,2026-09-14T02:21:17.219+00:00,2026-09-14T02:21:22.697+00:00,False,95,94.0,,94.0,294532.564912,300010.52587199997,300010.52603999997,3158.0055372631577,0.0,294532.564912,30212.436969571485,91.4599593,58.27618042553192,27.543197625176663,0.3133223400305137,58,64,,False,False,Request timeout: 300.0s exceeded,467,21.16838264042747
181,2026-09-14T02:16:25.558+00:00,2026-09-14T02:21:19.496+00:00,2026-09-14T02:21:25.640+00:00,False,93,92.0,,92.0,293938.496959,300082.527935,300082.527999,3226.693849451613,0.03701,293938.496959,30473.083593293362,88.107864,66.78294539130435,19.86642357178425,0.3065823279785481,58,64,,False,False,Request timeout: 300.0s exceeded,233,21.16838264042747
182,2026-09-14T02:16:30.025+00:00,2026-09-14T02:21:23.530+00:00,2026-09-14T02:21:30.096+00:00,False,98,97.0,,97.0,293504.898494,300070.94803,300070.94803200004,3061.9484493061227,0.01959,293504.898494,29641.64084730166,88.496827,67.6912323298969,20.017100779051095,0.32325688520270307,58,64,,False,False,Request timeout: 300.0s exceeded,471,21.16838264042747
183,2026-09-14T02:16:35.086+00:00,2026-09-14T02:21:28.771+00:00,2026-09-14T02:21:35.097+00:00,False,98,97.0,,97.0,293685.311201,300011.052769,300011.052858,3061.3372740612244,0.02302,293685.311201,29660.116344707967,89.08756835,65.21383059793814,21.196266675483617,0.3233214213433905,58,64,,False,False,Request timeout: 300.0s exceeded,367,21.16838264042747
184,2026-09-14T02:16:37.997+00:00,2026-09-14T02:21:32.049+00:00,2026-09-14T02:21:38.007+00:00,False,93,92.0,,92.0,294051.574349,300010.100813,300010.100742,3225.9150617419355,0.02264,294051.574349,30485.018981738674,92.49939180000001,64.766592,20.96184209098137,0.3066563417387894,58,64,,False,False,Request timeout: 300.0s exceeded,298,21.16838264042747
185,2026-09-14T02:16:42.310+00:00,2026-09-14T02:21:36.490+00:00,2026-09-14T02:21:42.813+00:00,False,96,95.0,,95.0,294180.072574,300502.661758,300502.661778,3130.2360601875,0.03628,294180.072574,30017.841716457828,87.39616000000002,66.55357035789473,19.678906297395304,0.3161369667883513,58,64,,False,False,Request timeout: 300.0s exceeded,501,21.16838264042747
186,2026-09-14T02:16:47.116+00:00,2026-09-14T02:21:40.631+00:00,2026-09-14T02:21:47.203+00:00,False,112,111.0,,111.0,293514.81985900004,300086.71848300006,300086.718546,2679.345701303572,0.01549,293514.81985900004,27729.61282363645,90.58064555000001,59.20629390990991,192.72969022364367,0.36989307811131317,58,64,,False,False,Request timeout: 300.0s exceeded,500,21.16838264042747
187,2026-09-14T02:16:50.958+00:00,2026-09-14T02:21:46.458+00:00,2026-09-14T02:21:51.036+00:00,False,69,68.0,,68.0,295499.664801,300078.248609,300078.248699,4348.960126072463,0.04176,295499.664801,35565.87961722629,90.7422198,67.33211482352941,21.18697089451595,0.22660756091189918,58,64,,False,False,Request timeout: 300.0s exceeded,238,21.16838264042747
188,2026-09-14T02:16:54.383+00:00,2026-09-14T02:21:48.214+00:00,2026-09-14T02:21:54.406+00:00,False,92,91.0,,91.0,293830.698339,300022.871907,300022.871748,3261.118171173913,0.03417,293830.698339,30626.8797864348,87.32478205,68.04586338461539,19.452751862962987,0.30331020905702094,58,64,,False,False,Request timeout: 300.0s exceeded,569,21.16838264042747
189,2026-09-14T02:16:57.245+00:00,2026-09-14T02:21:50.916+00:00,2026-09-14T02:21:57.265+00:00,False,95,94.0,,94.0,293670.783299,300020.314179,300020.314175,3158.108570263158,0.04654,293670.783299,30123.062440959497,87.4867714,67.54820085106384,19.288358937457478,0.3133121177385247,58,64,,False,False,Request timeout: 300.0s exceeded,438,21.16838264042747
190,2026-09-14T02:17:01.432+00:00,2026-09-14T02:21:55.041+00:00,2026-09-14T02:22:01.467+00:00,False,97,96.0,,96.0,293609.54030500003,300035.67841700005,300035.67826,3093.1513222680414,0.01991,293609.54030500003,29804.742403367305,88.889932,66.93893866666666,20.450742925953154,0.31996194754737084,58,64,,False,False,Request timeout: 300.0s exceeded,188,21.16838264042747
191,2026-09-14T02:17:06.042+00:00,2026-09-14T02:21:59.735+00:00,2026-09-14T02:22:06.119+00:00,False,98,97.0,,97.0,293692.974389,300077.37170099997,300077.371512,3062.013995020408,0.037329999999999995,293692.974389,29660.82906968858,88.97399185,65.81852898969072,20.78184582294997,0.32324996533444633,58,64,,False,False,Request timeout: 300.0s exceeded,467,21.16838264042747
192,2026-09-14T02:17:10.185+00:00,2026-09-14T02:22:03.698+00:00,2026-09-14T02:22:10.235+00:00,False,99,98.0,,98.0,293513.403996,300049.795676,300049.795698,3030.8060171515153,0.040600000000000004,293513.403996,29492.510815128553,88.3429389,66.69787428571428,20.675996042539474,0.32661245370692543,58,64,,False,False,Request timeout: 300.0s exceeded,441,21.16838264042747
193,2026-09-14T02:17:13.356+00:00,2026-09-14T02:22:07.322+00:00,2026-09-14T02:22:13.369+00:00,False,99,98.0,,98.0,293965.112163,300012.377443,300012.377469,3030.428055242424,0.0,293965.112163,29538.480439984618,88.853993,61.706788571428575,67.70282138591745,0.3266531895625514,58,64,,False,False,Request timeout: 300.0s exceeded,453,21.16838264042747
194,2026-09-14T02:17:18.215+00:00,2026-09-14T02:22:12.319+00:00,2026-09-14T02:22:18.263+00:00,False,102,101.0,,101.0,294103.676102,300048.141766,300048.141635,2941.6484474019608,0.0,294103.676102,29114.788446228915,88.45331920000001,58.85609568316831,27.480604280033326,0.336612649575305,58,64,,False,False,Request timeout: 300.0s exceeded,429,21.16838264042747
195,2026-09-14T02:17:22.649+00:00,2026-09-14T02:22:16.195+00:00,2026-09-14T02:22:22.735+00:00,False,95,94.0,,94.0,293545.828088,300086.64012,300086.64001000003,3158.8067369473683,0.01687,293545.828088,30110.033346546363,88.3953657,69.58310672340426,18.99249906230626,0.313242868667565,58,64,,False,False,Request timeout: 300.0s exceeded,450,21.16838264042747
196,2026-09-14T02:17:26.768+00:00,2026-09-14T02:22:20.417+00:00,2026-09-14T02:22:26.786+00:00,False,97,96.0,,96.0,293649.026606,300017.883694,300017.883761,3092.9678738247426,0.03619,293649.026606,29808.812265078006,88.39582899999999,66.34226133333334,20.52874679191533,0.3199809251968264,58,64,,False,False,Request timeout: 300.0s exceeded,373,21.16838264042747
197,2026-09-14T02:17:30.398+00:00,2026-09-14T02:22:23.857+00:00,2026-09-14T02:22:30.468+00:00,False,99,98.0,,98.0,293459.289617,300070.66523299995,300070.665201,3031.016820212121,0.0381,293459.289617,29486.995074408038,90.46308499999999,67.46301648979592,20.46933452454444,0.32658973820018233,58,64,,False,False,Request timeout: 300.0s exceeded,462,21.16838264042747
198,2026-09-14T02:17:35.520+00:00,2026-09-14T02:22:29.357+00:00,2026-09-14T02:22:35.596+00:00,False,89,88.0,,88.0,293836.63513,300075.51845800004,300075.51837,3371.6350378651687,0.022010000000000002,293836.63513,31139.113213718665,92.41592540000002,70.89640145454545,21.276961800562272,0.2932595116462888,58,64,,False,False,Request timeout: 300.0s exceeded,194,21.16838264042747
199,2026-09-14T02:17:39.681+00:00,2026-09-14T02:22:33.132+00:00,2026-09-14T02:22:39.723+00:00,False,97,96.0,,96.0,293450.490543,300041.949359,300041.94932899997,3093.2159724639173,0.038009999999999995,293450.490543,29788.419501205906,92.9575616,68.66102933333333,21.876768065250435,0.31995526027307625,58,64,,False,False,Request timeout: 300.0s exceeded,354,21.16838264042747
200,2026-09-14T02:17:43.083+00:00,2026-09-14T02:22:36.634+00:00,2026-09-14T02:22:43.158+00:00,False,95,94.0,,94.0,293550.844897,300075.040225,300075.040126,3158.6846329052632,0.026,293550.844897,30110.567524784426,90.4078967,69.40633327659575,21.013099686458347,0.3132549775866651,58,64,,False,False,Request timeout: 300.0s exceeded,418,21.16838264042747
201,2026-09-14T02:17:46.962+00:00,2026-09-14T02:22:40.776+00:00,2026-09-14T02:22:46.974+00:00,False,91,90.0,,90.0,293814.187797,300012.294421,300012.294374,3296.8383997142855,0.02664,293814.187797,30792.88346516715,89.8495015,68.86785137777778,20.863489185563388,0.299987706082822,58,64,,False,False,Request timeout: 300.0s exceeded,429,21.16838264042747
202,2026-09-14T02:17:49.753+00:00,2026-09-14T02:22:43.876+00:00,2026-09-14T02:22:49.788+00:00,False,88,87.0,,87.0,294122.855149,300034.988013,300034.98795000004,3409.488499431818,0.019399999999999997,294122.855149,31346.363803660315,87.6810602,67.95555016091954,19.801494752671914,0.289966182198159,58,64,,False,False,Request timeout: 300.0s exceeded,454,21.16838264042747
203,2026-09-14T02:17:52.628+00:00,2026-09-14T02:22:46.546+00:00,2026-09-14T02:22:52.646+00:00,False,90,89.0,,89.0,293918.19821600005,300017.82906400005,300017.82904100005,3333.5314337888894,0.02179,293918.19821600005,30974.47979384278,86.89293395,68.53517806741573,18.783556411309643,0.29664903675112736,58,64,,False,False,Request timeout: 300.0s exceeded,218,21.16838264042747
204,2026-09-14T02:17:56.985+00:00,2026-09-14T02:22:50.683+00:00,2026-09-14T02:22:57.001+00:00,False,97,96.0,,96.0,293697.216703,300015.184319,300015.184167,3092.940042958763,0.022010000000000002,293697.216703,29813.758896803512,88.51502059999999,65.81216266666667,20.301883108813836,0.31998380421280664,58,64,,False,False,Request timeout: 300.0s exceeded,420,21.16838264042747
205,2026-09-14T02:18:01.843+00:00,2026-09-14T02:22:55.638+00:00,2026-09-14T02:23:01.925+00:00,False,92,91.0,,91.0,293794.675416,300082.023384,300082.023225,3261.7611220108697,0.02135,293794.675416,30623.01658274243,90.90808249999998,69.09173591208791,21.6874717178346,0.3032504212474995,58,64,,False,False,Request timeout: 300.0s exceeded,465,21.16838264042747
206,2026-09-14T02:18:04.955+00:00,2026-09-14T02:22:58.707+00:00,2026-09-14T02:23:04.979+00:00,False,92,91.0,,91.0,293752.14418199996,300023.61426199996,300023.61438399996,3261.1262433043476,0.037598999999999994,293752.14418199996,30618.599495276096,89.64502305,68.91725362637364,20.068826075319475,0.3033094585699275,58,64,,False,False,Request timeout: 300.0s exceeded,441,21.16838264042747
207,2026-09-14T02:18:09.273+00:00,2026-09-14T02:23:03.132+00:00,2026-09-14T02:23:09.332+00:00,False,96,95.0,,95.0,293858.738814,300058.738302,300058.738328,3125.611857583333,0.0,293858.738814,29985.24810856067,88.83877175000002,65.26315250526315,68.34161507709926,0.3166046772628411,58,64,,False,False,Request timeout: 300.0s exceeded,364,21.16838264042747
208,2026-09-14T02:18:12.065+00:00,2026-09-14T02:23:05.459+00:00,2026-09-14T02:23:12.087+00:00,False,104,103.0,,103.0,293394.193731,300021.585475,300021.58526100003,2884.822935201923,0.0,293394.193731,28763.432701413905,87.72106764999998,64.34360916504855,65.75832456604627,0.343308631733708,58,64,,False,False,Request timeout: 300.0s exceeded,425,21.16838264042747
209,2026-09-14T02:18:17.189+00:00,2026-09-14T02:23:10.507+00:00,2026-09-14T02:23:17.219+00:00,False,95,94.0,,94.0,293317.22930199996,300029.60510999995,300029.605314,3158.2063717263154,0.03488,293317.22930199996,30086.39301308502,90.7806997,71.40825327659574,20.01969057546135,0.31330241549175375,58,64,,False,False,Request timeout: 300.0s exceeded,411,21.16838264042747
210,2026-09-14T02:18:21.286+00:00,2026-09-14T02:23:14.732+00:00,2026-09-14T02:23:21.365+00:00,False,97,96.0,,96.0,293445.83273799997,300079.407394,300079.407266,3093.6021367628864,0.04065,293445.83273799997,29787.90122705876,89.4660988,69.099736,20.74386039863879,0.3199153211934779,58,64,,False,False,Request timeout: 300.0s exceeded,471,21.16838264042747
211,2026-09-14T02:18:25.637+00:00,2026-09-14T02:23:19.282+00:00,2026-09-14T02:23:25.687+00:00,False,97,96.0,,96.0,293645.56487400003,300050.18593000004,300050.185965,3093.300886237114,0.02984,293645.56487400003,29808.42281129174,89.13447000000001,66.71480266666667,20.318686185459242,0.3199464772949557,58,64,,False,False,Request timeout: 300.0s exceeded,428,21.16838264042747
212,2026-09-14T02:18:30.397+00:00,2026-09-14T02:23:24.162+00:00,2026-09-14T02:23:30.429+00:00,False,93,92.0,,92.0,293764.55082,300031.69194,300031.691801,3226.147223666667,0.03444,293764.55082,30454.90817174758,89.91810799999999,68.12109913043479,20.936182699540584,0.3066342738833005,58,64,,False,False,Request timeout: 300.0s exceeded,483,21.16838264042747
213,2026-09-14T02:18:35.416+00:00,2026-09-14T02:23:29.253+00:00,2026-09-14T02:23:35.459+00:00,False,94,93.0,,93.0,293836.35932499997,300043.28412499995,300043.283954,3191.949829297872,0.03499,293836.35932499997,30300.02972108361,89.65793115000001,66.74112688172043,20.927595019554982,0.3099552795231224,58,64,,False,False,Request timeout: 300.0s exceeded,490,21.16838264042747
214,2026-09-14T02:18:39.916+00:00,2026-09-14T02:23:33.857+00:00,2026-09-14T02:23:39.936+00:00,False,89,88.0,,88.0,293940.892802,300019.779714,300019.77980099997,3371.0087618089888,0.02845,293940.892802,31150.356646290722,90.594465,69.07826036363636,20.402582349620403,0.29331399444359235,58,64,,False,False,Request timeout: 300.0s exceeded,331,21.16838264042747
215,2026-09-14T02:18:44.063+00:00,2026-09-14T02:23:37.628+00:00,2026-09-14T02:23:44.097+00:00,False,97,96.0,,96.0,293565.43098299997,300033.935303,300033.93531,3093.13335371134,0.019399999999999997,293565.43098299997,29800.218385411943,88.1268958,67.38025333333333,19.567275280948717,0.3199638064375984,58,64,,False,False,Request timeout: 300.0s exceeded,401,21.16838264042747
216,2026-09-14T02:18:47.600+00:00,2026-09-14T02:23:41.647+00:00,2026-09-14T02:23:47.613+00:00,False,90,89.0,,89.0,294047.644062,300013.01443,300013.01441099995,3333.4779378999997,0.023399999999999997,294047.644062,30988.283797938308,87.04418594999999,67.0266333483146,19.117297776721752,0.2966537973997317,58,64,,False,False,Request timeout: 300.0s exceeded,204,21.16838264042747
217,2026-09-14T02:18:51.305+00:00,2026-09-14T02:23:45.254+00:00,2026-09-14T02:23:51.405+00:00,False,91,90.0,,90.0,293949.290656,300099.84297600004,300099.843073,3297.8004733296707,0.025879000000000003,293949.290656,30807.10070464919,87.601635,68.33947022222222,19.673245619820634,0.29990019024167763,58,64,,False,False,Request timeout: 300.0s exceeded,419,21.16838264042747
218,2026-09-14T02:18:55.351+00:00,2026-09-14T02:23:48.659+00:00,2026-09-14T02:23:55.370+00:00,False,97,96.0,,96.0,293307.25608099997,300018.73384099995,300018.733793,3092.9766370412367,0.03626,293307.25608099997,29773.748038102098,88.12371579999999,69.91122666666668,20.050375079339876,0.3199800184840352,58,64,,False,False,Request timeout: 300.0s exceeded,457,21.16838264042747
219,2026-09-14T02:19:00.284+00:00,2026-09-14T02:23:54.037+00:00,2026-09-14T02:24:00.313+00:00,False,100,99.0,,99.0,293752.681888,300029.432992,300029.433171,3000.29433171,0.027809999999999998,293752.681888,29368.93532275531,90.6492315,63.4015263030303,20.793679334209347,0.3299676268849254,58,64,,False,False,Request timeout: 300.0s exceeded,145,21.16838264042747
220,2026-09-14T02:19:05.419+00:00,2026-09-14T02:24:00.570+00:00,2026-09-14T02:24:05.436+00:00,False,77,76.0,,76.0,295151.144586,300017.19796200003,300017.19796,3896.3272462337663,0.0,295151.144586,33628.380522300344,91.3971686,64.02701810526315,74.98366938564537,0.2533188114423564,58,64,,False,False,Request timeout: 300.0s exceeded,359,21.16838264042747
221,2026-09-14T02:19:09.812+00:00,2026-09-14T02:24:03.905+00:00,2026-09-14T02:24:09.843+00:00,False,91,90.0,,90.0,294093.28570099996,300031.721285,300031.72117,3297.0518809890104,0.026019999999999998,294093.28570099996,30822.44262445244,87.65816500000001,65.9826176,19.79193446893929,0.29996828206877846,58,64,,False,False,Request timeout: 300.0s exceeded,301,21.16838264042747
222,2026-09-14T02:19:13.143+00:00,2026-09-14T02:24:06.615+00:00,2026-09-14T02:24:13.180+00:00,False,100,99.0,,99.0,293472.46891000005,300037.26788600005,300037.26785600005,3000.3726785600006,0.0535,293472.46891000005,29340.62227895217,86.78307639999998,66.31110076767678,19.62654503575405,0.32995901041738357,58,64,,False,False,Request timeout: 300.0s exceeded,350,21.16838264042747
223,2026-09-14T02:19:17.060+00:00,2026-09-14T02:24:10.497+00:00,2026-09-14T02:24:17.137+00:00,False,98,97.0,,97.0,293437.51182300004,300077.13959900005,300077.13962100004,3062.0116287857145,0.031879000000000005,293437.51182300004,29634.757068578743,87.90490255,68.44977088659793,19.905232737428555,0.32325021536003484,58,64,,False,False,Request timeout: 300.0s exceeded,455,21.16838264042747
224,2026-09-14T02:19:19.921+00:00,2026-09-14T02:24:14.106+00:00,2026-09-14T02:24:19.964+00:00,False,85,84.0,,84.0,294184.84452100005,300043.69687300007,300043.69696000003,3529.925846588236,0.037340000000000005,294184.84452100005,31901.267347089237,88.4005594,69.74824228571428,19.852444351391576,0.27995922219140906,58,64,,False,False,Request timeout: 300.0s exceeded,296,21.16838264042747
225,2026-09-14T02:19:23.619+00:00,2026-09-14T02:24:17.539+00:00,2026-09-14T02:24:23.682+00:00,False,90,89.0,,89.0,293919.913859,300062.944387,300062.944487,3334.0327165222225,0.075889,293919.913859,30974.609904151377,87.03217495000001,69.02281492134831,19.8652578381923,0.2966044347189171,58,64,,False,False,Request timeout: 300.0s exceeded,357,21.16838264042747
226,2026-09-14T02:19:26.659+00:00,2026-09-14T02:24:20.129+00:00,2026-09-14T02:24:26.681+00:00,False,97,96.0,,96.0,293470.058406,300021.656742,300021.65669100004,3093.0067700103095,0.022949999999999998,293470.058406,29790.44708221466,87.8625228,68.245816,19.86843296816859,0.3199769011426866,58,64,,False,False,Request timeout: 300.0s exceeded,465,21.16838264042747
227,2026-09-14T02:19:30.836+00:00,2026-09-14T02:24:24.673+00:00,2026-09-14T02:24:30.866+00:00,False,93,92.0,,92.0,293836.193954,300029.431714,300029.431536,3226.1229197419357,0.022699999999999998,293836.193954,30462.42013004347,88.97200000000001,67.31780173913043,20.362003042533495,0.3066365838658724,58,64,,False,False,Request timeout: 300.0s exceeded,387,21.16838264042747
228,2026-09-14T02:19:34.919+00:00,2026-09-14T02:24:28.256+00:00,2026-09-14T02:24:34.942+00:00,False,101,100.0,,100.0,293336.126259,300022.461235,300022.461351,2970.5194193168313,0.038619999999999995,293336.126259,29181.388864699347,87.964995,66.86334975999999,19.621544480649575,0.3333083782739604,58,64,,False,False,Request timeout: 300.0s exceeded,536,21.16838264042747
229,2026-09-14T02:19:38.535+00:00,2026-09-14T02:24:32.088+00:00,2026-09-14T02:24:38.550+00:00,False,96,95.0,,95.0,293553.32751800003,300015.46025400003,300015.46023100003,3125.161044072917,0.03542,293553.32751800003,29953.72498214436,88.043284,68.02244985263158,19.783655792314114,0.3166503483506176,58,64,,False,False,Request timeout: 300.0s exceeded,433,21.16838264042747
230,2026-09-14T02:19:43.287+00:00,2026-09-14T02:24:36.799+00:00,2026-09-14T02:24:43.327+00:00,False,93,92.0,,92.0,293511.939097,300039.954201,300039.954172,3226.2360663655913,0.02532,293511.939097,30428.41892671979,89.23913339999999,70.95668591304349,20.036698387938586,0.30662583003318356,58,64,,False,False,Request timeout: 300.0s exceeded,397,21.16838264042747
231,2026-09-14T02:19:46.218+00:00,2026-09-14T02:24:39.847+00:00,2026-09-14T02:24:47.624+00:00,False,80,79.0,,79.0,293628.176753,301405.533297,301405.533289,3767.5691661125,0.03638,293628.176753,32818.54877207118,90.47252950000002,98.44755118987341,248.29381902592627,0.2621053407209838,58,64,,False,False,Request timeout: 300.0s exceeded,139,21.16838264042747
232,2026-09-14T02:19:51.228+00:00,2026-09-14T02:24:45.096+00:00,2026-09-14T02:24:51.277+00:00,False,104,103.0,,103.0,293867.82247899997,300048.51291099994,300048.512886,2885.0818546730766,0.01564,293867.82247899997,28810.987927740214,92.97994999999999,60.006703223300974,210.4654528107581,0.34327782197858037,58,64,,False,False,Request timeout: 300.0s exceeded,344,21.16838264042747
233,2026-09-14T02:19:56.184+00:00,2026-09-14T02:24:49.884+00:00,2026-09-14T02:24:56.216+00:00,False,90,89.0,,89.0,293699.89353299997,300031.82108499995,300031.82119199994,3333.6869021333328,0.022109999999999998,293699.89353299997,30951.194028446473,91.01196255,71.14525339325843,19.901358002705017,0.29663520248669234,58,64,,False,False,Request timeout: 300.0s exceeded,429,21.16838264042747
234,2026-09-14T02:19:59.565+00:00,2026-09-14T02:24:53.427+00:00,2026-09-14T02:24:59.620+00:00,False,95,94.0,,94.0,293862.197171,300054.929075,300054.929114,3158.4729380421054,0.0,293862.197171,30142.944160021132,87.89606899999998,65.88012663829787,68.9582249514762,0.3132759734685255,58,64,,False,False,Request timeout: 300.0s exceeded,459,21.16838264042747
235,2026-09-14T02:20:03.706+00:00,2026-09-14T02:24:57.563+00:00,2026-09-14T02:25:03.801+00:00,False,96,95.0,,95.0,293857.711324,300094.80726,300094.80724299996,3125.9875754479162,0.02085,293857.711324,29985.03275001454,86.824017,65.65364143157895,19.733084005032136,0.3165666239525854,58,64,,False,False,Request timeout: 300.0s exceeded,481,21.16838264042747
236,2026-09-14T02:20:08.554+00:00,2026-09-14T02:25:02.221+00:00,2026-09-14T02:25:08.592+00:00,False,95,94.0,,94.0,293667.37191900006,300037.6336790001,300037.6336860001,3158.2908809052637,0.041409999999999995,293667.37191900006,30122.690112860928,88.54042869999999,67.76874212765958,19.7548642185242,0.31329403197655986,58,64,,False,False,Request timeout: 300.0s exceeded,501,21.16838264042747
237,2026-09-14T02:20:13.090+00:00,2026-09-14T02:25:06.792+00:00,2026-09-14T02:25:13.163+00:00,False,92,91.0,,91.0,293701.83933999995,300073.04394799995,300073.04405599996,3261.6635223478256,0.02124,293701.83933999995,30613.240337322033,90.30478305000001,70.01323745054945,19.675402515508132,0.30325949576386974,58,64,,False,False,Request timeout: 300.0s exceeded,568,21.16838264042747
238,2026-09-14T02:20:17.741+00:00,2026-09-14T02:25:11.764+00:00,2026-09-14T02:25:17.770+00:00,False,87,86.0,,86.0,294023.18766500003,300028.51400100003,300028.51403400005,3448.6036095862073,0.03528,294023.18766500003,31515.11475939087,91.3118309,69.829376,20.74981904014084,0.2866394225440631,58,64,,False,False,Request timeout: 300.0s exceeded,337,21.16838264042747
239,2026-09-14T02:20:22.315+00:00,2026-09-14T02:25:15.799+00:00,2026-09-14T02:25:22.599+00:00,False,101,100.0,,100.0,293484.086077,300284.152381,300284.152346,2973.110419267327,0.02691,293484.086077,29195.998932893377,89.43136100000001,68.00066304,20.626915036627114,0.33301790722915064,58,64,,False,False,Request timeout: 300.0s exceeded,382,21.16838264042747
240,2026-09-14T02:20:26.757+00:00,2026-09-14T02:25:20.612+00:00,2026-09-14T02:25:26.811+00:00,False,95,94.0,,94.0,293854.259678,300053.362142,300053.362227,3158.456444494737,0.047920000000000004,293854.259678,30142.051659572924,89.0656264,65.9478985531915,20.447231672938333,0.3132776094523966,58,64,,False,False,Request timeout: 300.0s exceeded,391,21.16838264042747
241,2026-09-14T02:20:30.467+00:00,2026-09-14T02:25:24.041+00:00,2026-09-14T02:25:30.481+00:00,False,92,91.0,,91.0,293574.19357099995,300014.54070699995,300014.54055299994,3261.027614706521,0.02535,293574.19357099995,30599.85338089458,91.00002659999998,70.77304545054945,20.06061194128591,0.30331863177549245,58,64,,False,False,Request timeout: 300.0s exceeded,465,21.16838264042747
242,2026-09-14T02:20:33.753+00:00,2026-09-14T02:25:27.682+00:00,2026-09-14T02:25:33.817+00:00,False,86,85.0,,85.0,293928.548065,300063.785697,300063.785811,3489.1137885,0.037939999999999995,293928.548065,31687.35355695381,92.25670774999999,72.17926625882353,20.236867090461836,0.28327310409204715,58,64,,False,False,Request timeout: 300.0s exceeded,535,21.16838264042747
243,2026-09-14T02:20:37.983+00:00,2026-09-14T02:25:32.009+00:00,2026-09-14T02:25:38.018+00:00,False,89,88.0,,88.0,294025.286397,300034.859773,300034.859765,3371.1781996067416,0.03598,294025.286397,31159.385775184866,90.5586168,68.29060654545455,20.30404901877512,0.2932992521821595,58,64,,False,False,Request timeout: 300.0s exceeded,397,21.16838264042747
244,2026-09-14T02:20:42.142+00:00,2026-09-14T02:25:35.730+00:00,2026-09-14T02:25:42.204+00:00,False,95,94.0,,94.0,293588.711141,300062.49494899996,300062.49494899996,3158.552578410526,0.044429,293588.711141,30114.507166219842,88.34108839999999,68.87004051063829,20.463240465551152,0.3132680744255515,58,64,,False,False,Request timeout: 300.0s exceeded,443,21.16838264042747
245,2026-09-14T02:20:47.105+00:00,2026-09-14T02:25:40.845+00:00,2026-09-14T02:25:47.111+00:00,False,92,91.0,,91.0,293740.372463,300006.362095,300006.362153,3260.938719054348,0.01846,293740.372463,30617.378882555447,90.9454305,68.85702892307692,20.668609658425165,0.303326900684806,58,64,,False,False,Request timeout: 300.0s exceeded,446,21.16838264042747
246,2026-09-14T02:20:52.111+00:00,2026-09-14T02:25:45.936+00:00,2026-09-14T02:25:52.127+00:00,False,91,90.0,,90.0,293825.138739,300016.153139,300016.153216,3296.8808045714286,0.0,293825.138739,30794.115596156582,89.469871,68.7890488888889,71.84949145007374,0.2999838477306995,58,64,,False,False,Request timeout: 300.0s exceeded,450,21.16838264042747
247,2026-09-14T02:20:57.009+00:00,2026-09-14T02:25:50.810+00:00,2026-09-14T02:25:57.071+00:00,False,100,99.0,,99.0,293801.097976,300062.720248,300062.720329,3000.62720329,0.0,293801.097976,29373.8634372214,90.57395539999999,63.24870981818182,68.25967011514774,0.32993102214822656,58,64,,False,False,Request timeout: 300.0s exceeded,411,21.16838264042747
248,2026-09-14T02:21:00.275+00:00,2026-09-14T02:25:54.023+00:00,2026-09-14T02:26:00.328+00:00,False,95,94.0,,94.0,293747.52344,300052.57508800004,300052.575032,3158.4481582315793,0.04047,293747.52344,30130.98538314656,90.01438979999999,67.0750175319149,20.84231512221325,0.3132784311963711,58,64,,False,False,Request timeout: 300.0s exceeded,379,21.16838264042747
249,2026-09-14T02:21:04.590+00:00,2026-09-14T02:25:58.250+00:00,2026-09-14T02:26:04.694+00:00,False,93,92.0,,92.0,293660.57947299996,300104.940945,300104.94083399995,3226.934847677419,0.03607,293660.57947299996,30443.926934945783,89.6285844,70.04740730434783,20.69363970367665,0.30655943121196655,58,64,,False,False,Request timeout: 300.0s exceeded,397,21.16838264042747
250,2026-09-14T02:21:07.491+00:00,2026-09-14T02:26:00.970+00:00,2026-09-14T02:26:07.505+00:00,False,96,95.0,,95.0,293478.465001,300014.01828099997,300014.01830899995,3125.1460240520832,0.02184,293478.465001,29946.00590488174,90.37847225,68.79529768421052,20.420843484856167,0.31665187028367736,58,64,,False,False,Request timeout: 300.0s exceeded,215,21.16838264042747
251,2026-09-14T02:21:11.222+00:00,2026-09-14T02:26:05.187+00:00,2026-09-14T02:26:11.308+00:00,False,91,90.0,,90.0,293965.171555,300086.512739,300086.51278600004,3297.6539866593407,0.02511,293965.171555,30808.80002469068,89.090432,68.01490204444444,20.48896959270861,0.29991351220198764,58,64,,False,False,Request timeout: 300.0s exceeded,438,21.16838264042747
252,2026-09-14T02:21:14.661+00:00,2026-09-14T02:26:08.648+00:00,2026-09-14T02:26:14.696+00:00,False,87,86.0,,86.0,293986.61055299995,300034.16588099994,300034.16592899995,3448.668573896551,0.037380000000000004,293986.61055299995,31511.14043005708,89.61099399999999,70.32041079069768,20.42822530350707,0.2866340229869337,58,64,,False,False,Request timeout: 300.0s exceeded,440,21.16838264042747
253,2026-09-14T02:21:18.289+00:00,2026-09-14T02:26:11.975+00:00,2026-09-14T02:26:18.300+00:00,False,94,93.0,,93.0,293686.558986,300010.815498,300010.81557800004,3191.6044210425534,0.037628999999999996,293686.558986,30284.44864593651,89.88381829999999,68.00275819354839,20.594343267396987,0.30998882438829933,58,64,,False,False,Request timeout: 300.0s exceeded,435,21.16838264042747
254,2026-09-14T02:21:22.899+00:00,2026-09-14T02:26:16.943+00:00,2026-09-14T02:26:22.975+00:00,False,93,92.0,,92.0,294043.866524,300075.368604,300075.36851400003,3226.6168657419357,0.023329,294043.866524,30484.137305396795,88.5844786,65.5598052173913,20.725287400440532,0.3065896425554658,58,64,,False,False,Request timeout: 300.0s exceeded,310,21.16838264042747
255,2026-09-14T02:21:27.988+00:00,2026-09-14T02:26:21.990+00:00,2026-09-14T02:26:28.030+00:00,False,88,87.0,,87.0,294002.49074299994,300042.03736699995,300042.0373469999,3409.5686062159084,0.01908,294002.49074299994,31333.377151387245,89.59966235,69.42007613793103,20.35872102940835,0.2899593695718874,58,64,,False,False,Request timeout: 300.0s exceeded,168,21.16838264042747
256,2026-09-14T02:21:31.300+00:00,2026-09-14T02:26:24.677+00:00,2026-09-14T02:26:31.340+00:00,False,101,100.0,,100.0,293377.082206,300039.990622,300039.990573,2970.692975970297,0.03673,293377.082206,29185.488300078807,88.49518300000001,66.62908415999999,20.86915850181978,0.333288905231247,58,64,,False,False,Request timeout: 300.0s exceeded,339,21.16838264042747
257,2026-09-14T02:21:35.721+00:00,2026-09-14T02:26:29.026+00:00,2026-09-14T02:26:35.780+00:00,False,100,99.0,,99.0,293305.35914899997,300058.97220499994,300058.97222399997,3000.5897222399994,0.0461,293305.35914899997,29323.720853636696,87.2717694,68.2183136969697,20.02752529581258,0.3299351433236375,58,64,,False,False,Request timeout: 300.0s exceeded,482,21.16838264042747
258,2026-09-14T02:21:40.295+00:00,2026-09-14T02:26:34.182+00:00,2026-09-14T02:26:40.309+00:00,False,93,92.0,,92.0,293887.58973,300014.05885000003,300014.05891100003,3225.9576226989248,0.029228999999999998,293887.58973,30467.82489004034,89.03301400000001,66.59205565217391,20.37923491995555,0.3066522960712246,58,64,,False,False,Request timeout: 300.0s exceeded,137,21.16838264042747
259,2026-09-14T02:21:46.318+00:00,2026-09-14T02:26:37.894+00:00,2026-09-14T02:26:46.463+00:00,False,123,122.0,,122.0,291575.506016,300144.878176,300144.878058,2440.202260634146,0.036520000000000004,291575.506016,26284.200461340053,89.79813109999999,70.24075540983607,54.41173056043461,0.4064703710468156,58,64,,False,False,Request timeout: 300.0s exceeded,576,21.16838264042747
260,2026-09-14T02:21:49.275+00:00,2026-09-14T02:26:43.151+00:00,2026-09-14T02:26:49.346+00:00,False,100,99.0,,99.0,293876.680788,300071.026516,300071.026576,3000.71026576,0.0,293876.680788,29381.479728000122,92.1356619,62.56914876767677,63.797645457047324,0.32992188932549693,58,64,,False,False,Request timeout: 300.0s exceeded,402,21.16838264042747
261,2026-09-14T02:21:53.543+00:00,2026-09-14T02:26:47.743+00:00,2026-09-14T02:26:53.607+00:00,False,89,88.0,,88.0,294200.628806,300064.66823,300064.668361,3371.5131276516854,0.04213,294200.628806,31178.147479651165,90.1286334,66.63681163636363,20.533383483099357,0.2932701158023306,58,64,,False,False,Request timeout: 300.0s exceeded,420,21.16838264042747
262,2026-09-14T02:21:57.110+00:00,2026-09-14T02:26:50.691+00:00,2026-09-14T02:26:57.154+00:00,False,97,96.0,,96.0,293581.16664600006,300044.16159000003,300044.16171600006,3093.23878057732,0.0209,293581.16664600006,29801.82231325847,88.06926879999999,67.322864,20.153805742126966,0.31995290123718745,58,64,,False,False,Request timeout: 300.0s exceeded,214,21.16838264042747
263,2026-09-14T02:22:00.503+00:00,2026-09-14T02:26:54.329+00:00,2026-09-14T02:27:00.526+00:00,False,91,90.0,,90.0,293826.285229,300023.517869,300023.51797,3296.9617359340655,0.02465,293826.285229,30794.152156110624,88.78895750000001,68.85814044444444,20.131160461248623,0.2999764839744894,58,64,,False,False,Request timeout: 300.0s exceeded,429,21.16838264042747
264,2026-09-14T02:22:04.307+00:00,2026-09-14T02:26:58.186+00:00,2026-09-14T02:27:04.334+00:00,False,87,86.0,,86.0,293879.23078,300026.919996,300026.92000499996,3448.585287413793,0.03669,293879.23078,31499.50250885167,88.2330053,71.4847583255814,19.185315651295213,0.2866409454229859,58,64,,False,False,Request timeout: 300.0s exceeded,423,21.16838264042747
265,2026-09-14T02:22:08.125+00:00,2026-09-14T02:27:01.825+00:00,2026-09-14T02:27:08.160+00:00,False,93,92.0,,92.0,293700.488328,300035.749768,300035.749837,3226.1908584623657,0.0507,293700.488328,30448.187640242697,87.81714400000001,68.86153739130434,19.752949668238493,0.30663012681368207,58,64,,False,False,Request timeout: 300.0s exceeded,371,21.16838264042747
266,2026-09-14T02:22:12.073+00:00,2026-09-14T02:27:06.041+00:00,2026-09-14T02:27:12.374+00:00,False,93,92.0,,92.0,293968.33603299997,300300.97987299995,300300.979788,3229.0427934193544,0.030539999999999998,293968.33603299997,30475.965639150276,89.789385,68.8330852173913,20.579517141268184,0.3063593067159076,58,64,,False,False,Request timeout: 300.0s exceeded,500,21.16838264042747
267,2026-09-14T02:22:16.713+00:00,2026-09-14T02:27:10.501+00:00,2026-09-14T02:27:16.724+00:00,False,96,95.0,,95.0,293788.012026,300011.057914,300011.057922,3125.1151866875,0.03597,293788.012026,29977.934835422304,88.85237699999999,65.50574618947368,20.698586436798816,0.3166549948543308,58,64,,False,False,Request timeout: 300.0s exceeded,462,21.16838264042747
268,2026-09-14T02:22:19.635+00:00,2026-09-14T02:27:13.534+00:00,2026-09-14T02:27:19.679+00:00,False,92,91.0,,91.0,293898.371084,300044.327436,300044.327603,3261.3513869891303,0.0215,293898.371084,30633.98885252202,89.63704915,67.53798189010989,20.606673018266587,0.3032885199918018,58,64,,False,False,Request timeout: 300.0s exceeded,402,21.16838264042747
269,2026-09-14T02:22:24.727+00:00,2026-09-14T02:27:18.664+00:00,2026-09-14T02:27:24.797+00:00,False,89,88.0,,88.0,293936.604306,300069.683858,300069.683952,3371.5694826067415,0.02275,293936.604306,31149.836171917723,88.4867926,69.69408581818182,19.425667225592054,0.2932652138282775,58,64,,False,False,Request timeout: 300.0s exceeded,417,21.16838264042747
270,2026-09-14T02:22:29.790+00:00,2026-09-14T02:27:23.455+00:00,2026-09-14T02:27:29.849+00:00,False,93,92.0,,92.0,293664.900091,300059.066107,300059.06616700004,3226.441571688172,0.04417,293664.900091,30444.430396402728,87.1406546,69.50180452173913,18.91925817119986,0.306606299864951,58,64,,False,False,Request timeout: 300.0s exceeded,344,21.16838264042747
271,2026-09-14T02:22:33.486+00:00,2026-09-14T02:27:27.268+00:00,2026-09-14T02:27:33.532+00:00,False,98,97.0,,97.0,293781.870906,300045.63513,300045.63522700005,3061.6901553775515,0.09401000000000001,293781.870906,29669.933903432273,85.86407885,64.57488890721649,19.754343677470832,0.32328415628500334,58,64,,False,False,Request timeout: 300.0s exceeded,509,21.16838264042747
272,2026-09-14T02:22:36.713+00:00,2026-09-14T02:27:30.576+00:00,2026-09-14T02:27:36.773+00:00,False,95,94.0,,94.0,293862.693847,300060.14818300004,300060.148238,3158.527876189474,0.02596,293862.693847,30142.91796727216,86.209691,65.93036527659574,19.18893825114211,0.3132705244905481,58,64,,False,False,Request timeout: 300.0s exceeded,425,21.16838264042747
273,2026-09-14T02:22:40.900+00:00,2026-09-14T02:27:34.812+00:00,2026-09-14T02:27:40.918+00:00,False,88,87.0,,87.0,293911.695495,300017.702023,300017.701949,3409.2920676022727,0.023579999999999997,293911.695495,31323.61633487772,88.5992085,70.18398308045977,19.435158050513728,0.28998288905409453,58,64,,False,False,Request timeout: 300.0s exceeded,420,21.16838264042747
274,2026-09-14T02:22:45.592+00:00,2026-09-14T02:27:39.317+00:00,2026-09-14T02:27:45.609+00:00,False,98,97.0,,97.0,293724.973631,300016.61753499997,300016.617544,3061.3940565714283,0.0,293724.973631,29664.227252122048,89.59901155,64.86230828865979,67.66768802810797,0.3233154243154014,58,64,,False,False,Request timeout: 300.0s exceeded,317,21.16838264042747
275,2026-09-14T02:22:50.465+00:00,2026-09-14T02:27:44.364+00:00,2026-09-14T02:27:50.477+00:00,False,91,90.0,,90.0,293898.905716,300011.452788,300011.452867,3296.8291523846156,0.02231,293898.905716,30801.863997238765,90.355799,67.9171896888889,20.903508875608875,0.2999885476492045,58,64,,False,False,Request timeout: 300.0s exceeded,431,21.16838264042747
276,2026-09-14T02:22:55.076+00:00,2026-09-14T02:27:48.609+00:00,2026-09-14T02:27:55.162+00:00,False,95,94.0,,94.0,293533.25072,300086.148512,300086.148331,3158.8015613789476,0.02705,293533.25072,30108.729901125294,88.23058870000001,69.71167863829787,19.241115561913517,0.31324338182920525,58,64,,False,False,Request timeout: 300.0s exceeded,403,21.16838264042747
277,2026-09-14T02:22:59.057+00:00,2026-09-14T02:27:52.744+00:00,2026-09-14T02:27:59.070+00:00,False,94,93.0,,93.0,293686.587087,300012.177871,300012.17766800005,3191.6189113617024,0.023989999999999997,293686.587087,30284.450024345115,88.39853450000001,68.01710520430107,20.53402367675794,0.3099874167107589,58,64,,False,False,Request timeout: 300.0s exceeded,263,21.16838264042747
278,2026-09-14T02:23:01.970+00:00,2026-09-14T02:27:55.375+00:00,2026-09-14T02:28:01.987+00:00,False,102,101.0,,101.0,293405.149654,300016.586198,300016.586201,2941.339080401961,0.03384,293405.149654,29044.96421205708,87.871151,65.45976776237623,20.10901679953132,0.3366480542957171,58,64,,False,False,Request timeout: 300.0s exceeded,384,21.16838264042747
279,2026-09-14T02:23:06.999+00:00,2026-09-14T02:28:00.334+00:00,2026-09-14T02:28:07.043+00:00,False,101,100.0,,100.0,293335.272383,300043.663551,300043.663475,2970.7293413366338,0.041619,293335.272383,29181.28237283289,89.462181,67.08391168,20.240468365339655,0.3332848253367713,58,64,,False,False,Request timeout: 300.0s exceeded,531,21.16838264042747
280,2026-09-14T02:23:11.467+00:00,2026-09-14T02:28:05.119+00:00,2026-09-14T02:28:11.518+00:00,False,95,94.0,,94.0,293651.933636,300050.51334799995,300050.513353,3158.426456347368,0.02336,293651.933636,30121.075967395605,90.83891940000001,68.0699969361702,20.80087731940664,0.3132805838294913,58,64,,False,False,Request timeout: 300.0s exceeded,426,21.16838264042747
281,2026-09-14T02:23:16.561+00:00,2026-09-14T02:28:10.427+00:00,2026-09-14T02:28:16.621+00:00,False,103,102.0,,102.0,293865.509207,300059.707223,300059.707177,2913.2010405533983,0.015179999999999999,293865.509207,28950.69728455208,103.41494929999999,60.72743152941176,270.5634912882068,0.3399323452788517,58,64,,False,False,Request timeout: 300.0s exceeded,467,21.16838264042747
282,2026-09-14T02:23:20.462+00:00,2026-09-14T02:28:15.792+00:00,2026-09-14T02:28:20.486+00:00,False,68,67.0,,67.0,295330.12064700003,300023.41319100006,300023.41324,4412.109018235295,0.03471,295330.12064700003,35805.5493771802,89.52938054999998,70.0491424477612,21.539326890426747,0.22331590487355282,58,64,,False,False,Request timeout: 300.0s exceeded,254,21.16838264042747
283,2026-09-14T02:23:25.261+00:00,2026-09-14T02:28:18.669+00:00,2026-09-14T02:28:25.344+00:00,False,96,95.0,,95.0,293408.165361,300082.542833,300082.542871,3125.8598215729166,0.04643,293408.165361,29938.68151424436,88.81253025000002,70.25660496842106,19.939124900820925,0.3165795620869182,58,64,,False,False,Request timeout: 300.0s exceeded,377,21.16838264042747
284,2026-09-14T02:23:30.045+00:00,2026-09-14T02:28:23.308+00:00,2026-09-14T02:28:30.092+00:00,False,101,100.0,,100.0,293263.38445300004,300047.46509300004,300047.464862,2970.7669788316834,0.02156,293263.38445300004,29174.054337279398,90.350689,67.8408064,20.804468556639915,0.333280602683995,58,64,,False,False,Request timeout: 300.0s exceeded,429,21.16838264042747
285,2026-09-14T02:23:34.529+00:00,2026-09-14T02:28:28.581+00:00,2026-09-14T02:28:34.560+00:00,False,87,86.0,,86.0,294052.120665,300030.937433,300030.937324,3448.631463494253,0.04512,294052.120665,31518.249426349157,89.2039833,69.52112520930233,20.246226978834617,0.2866371072789941,58,64,,False,False,Request timeout: 300.0s exceeded,344,21.16838264042747
286,2026-09-14T02:23:38.705+00:00,2026-09-14T02:28:32.988+00:00,2026-09-14T02:28:38.787+00:00,False,88,87.0,,87.0,294282.565013,300081.828757,300081.828871,3410.020782625,0.0,294282.565013,31363.595405126725,90.0588337,66.658203954023,68.69122182316028,0.2899209204381742,58,64,,False,False,Request timeout: 300.0s exceeded,464,21.16838264042747
287,2026-09-14T02:23:42.949+00:00,2026-09-14T02:28:36.542+00:00,2026-09-14T02:28:43.016+00:00,False,100,99.0,,99.0,293593.227534,300067.30651,300067.306467,3000.6730646700003,0.0,293593.227534,29352.85305316326,88.42201635,65.39473713131314,64.32644564207142,0.32992597944588387,58,64,,False,False,Request timeout: 300.0s exceeded,503,21.16838264042747
288,2026-09-14T02:23:48.039+00:00,2026-09-14T02:28:41.809+00:00,2026-09-14T02:28:48.064+00:00,False,93,92.0,,92.0,293769.490849,300024.766881,300024.766784,3226.0727611182797,0.05664,293769.490849,30455.433120969326,88.4582116,67.9921307826087,19.909251143553735,0.306641351500459,58,64,,False,False,Request timeout: 300.0s exceeded,450,21.16838264042747
289,2026-09-14T02:23:51.374+00:00,2026-09-14T02:28:44.903+00:00,2026-09-14T02:28:51.438+00:00,False,98,97.0,,97.0,293528.756602,300064.055418,300064.055556,3061.878117918367,0.047409999999999994,293528.756602,29644.08288039391,89.348344,67.37421459793815,19.983124937898143,0.3232643105648743,58,64,,False,False,Request timeout: 300.0s exceeded,465,21.16838264042747
290,2026-09-14T02:23:55.608+00:00,2026-09-14T02:28:49.074+00:00,2026-09-14T02:28:55.641+00:00,False,100,99.0,,99.0,293465.497551,300033.310159,300033.31005699997,3000.3331005699997,0.04697,293465.497551,29339.92267951897,89.04832545,66.3415414949495,20.484187401313754,0.32996336289305955,58,64,,False,False,Request timeout: 300.0s exceeded,437,21.16838264042747
291,2026-09-14T02:23:59.907+00:00,2026-09-14T02:28:53.811+00:00,2026-09-14T02:28:59.994+00:00,False,92,91.0,,91.0,293904.322609,300086.50731300004,300086.50726800004,3261.809861608696,0.019960000000000002,293904.322609,30634.56785443411,91.75775805,67.93609564835165,20.63469591831792,0.30324589004291364,58,64,,False,False,Request timeout: 300.0s exceeded,458,21.16838264042747
292,2026-09-14T02:24:04.157+00:00,2026-09-14T02:28:57.828+00:00,2026-09-14T02:29:04.221+00:00,False,95,94.0,,94.0,293671.225204,300064.023668,300064.023799,3158.5686715684215,0.04519,293671.225204,30123.062058206116,92.33906370000001,68.00849429787233,21.53200893713908,0.31326647843663014,58,64,,False,False,Request timeout: 300.0s exceeded,443,21.16838264042747
293,2026-09-14T02:24:08.159+00:00,2026-09-14T02:29:01.738+00:00,2026-09-14T02:29:08.206+00:00,False,95,94.0,,94.0,293579.705411,300047.473731,300047.473647,3158.3944594421055,0.035479,293579.705411,30113.590811290793,93.81704699999999,68.80604595744681,21.96608362559227,0.31328375750389864,58,64,,False,False,Request timeout: 300.0s exceeded,184,21.16838264042747
294,2026-09-14T02:24:11.809+00:00,2026-09-14T02:29:05.646+00:00,2026-09-14T02:29:11.825+00:00,False,91,90.0,,90.0,293836.78168,300015.94251200004,300015.942416,3296.878488087912,0.03207,293836.78168,30795.27353531521,89.333321,68.65734257777777,20.135529817922105,0.2999840583351672,58,64,,False,False,Request timeout: 300.0s exceeded,381,21.16838264042747
295,2026-09-14T02:24:16.261+00:00,2026-09-14T02:29:10.047+00:00,2026-09-14T02:29:16.301+00:00,False,95,94.0,,94.0,293785.809512,300040.184168,300040.184089,3158.317727252632,0.01865,293785.809512,30134.968393992887,88.14953700000002,66.53590059574468,20.29654309176741,0.31329136882334085,58,64,,False,False,Request timeout: 300.0s exceeded,358,21.16838264042747
296,2026-09-14T02:24:20.114+00:00,2026-09-14T02:29:13.457+00:00,2026-09-14T02:29:20.131+00:00,False,103,102.0,,102.0,293342.63206,300017.08095599996,300017.08108,2912.787194951456,0.018949999999999998,293342.63206,28897.467782526728,88.40018909999999,65.43577349019608,20.1708137755773,0.3399806426853382,58,64,,False,False,Request timeout: 300.0s exceeded,402,21.16838264042747
297,2026-09-14T02:24:23.552+00:00,2026-09-14T02:29:17.335+00:00,2026-09-14T02:29:23.575+00:00,False,89,88.0,,88.0,293782.888302,300022.581358,300022.581451,3371.040241022472,0.03211,293782.888302,31133.41454048585,91.5682008,70.9056029090909,20.45195400521206,0.29331125544511794,58,64,,False,False,Request timeout: 300.0s exceeded,428,21.16838264042747
298,2026-09-14T02:24:26.442+00:00,2026-09-14T02:29:20.212+00:00,2026-09-14T02:29:26.466+00:00,False,88,87.0,,87.0,293770.280972,300024.337932,300024.33794999996,3409.3674767045454,0.03879,293770.280972,31308.360183929763,89.86645799999998,71.88571218390804,19.5812698076262,0.28997647524088,58,64,,False,False,Request timeout: 300.0s exceeded,235,21.16838264042747
299,2026-09-14T02:24:29.961+00:00,2026-09-14T02:29:23.964+00:00,2026-09-14T02:29:29.966+00:00,False,86,85.0,,85.0,294003.649181,300005.281181,300005.281282,3488.43350327907,0.04636,294003.649181,31695.621185849122,89.49290400000001,70.60743529411765,19.875542997759318,0.2833283456390808,58,64,,False,False,Request timeout: 300.0s exceeded,190,21.16838264042747
300,2026-09-14T02:24:34.346+00:00,2026-09-14T02:29:28.047+00:00,2026-09-14T02:29:34.410+00:00,False,104,103.0,,103.0,293700.437225,300063.853033,300063.852971,2885.2293554903845,0.0,293700.437225,28793.70734694001,88.94549285,61.780736,62.942632227623605,0.34326027263494613,58,64,,False,False,Request timeout: 300.0s exceeded,506,21.16838264042747
301,2026-09-14T02:24:38.140+00:00,2026-09-14T02:29:31.517+00:00,2026-09-14T02:29:38.172+00:00,False,108,107.0,,107.0,293376.19698199996,300031.44485399994,300031.445073,2778.0689358611107,0.0,293376.19698199996,28224.21936183645,89.46860685,62.198578242990656,61.652046722284126,0.3566292861472167,58,64,,False,False,Request timeout: 300.0s exceeded,454,21.16838264042747
302,2026-09-14T02:24:42.685+00:00,2026-09-14T02:29:36.074+00:00,2026-09-14T02:29:42.717+00:00,False,99,98.0,,98.0,293389.411798,300031.930326,300031.930336,3030.625558949495,0.019969999999999998,293389.411798,29479.94019023981,89.75534400000001,67.78080130612246,20.524318662989938,0.32663190178964624,58,64,,False,False,Request timeout: 300.0s exceeded,496,21.16838264042747
303,2026-09-14T02:24:47.727+00:00,2026-09-14T02:29:41.382+00:00,2026-09-14T02:29:47.779+00:00,False,101,100.0,,100.0,293654.594742,300052.274102,300052.274077,2970.814594821782,0.040100000000000004,293654.594742,29213.3656165867,90.33949899999999,63.9767936,20.700769129822103,0.3332752611166877,58,64,,False,False,Request timeout: 300.0s exceeded,526,21.16838264042747
304,2026-09-14T02:24:51.887+00:00,2026-09-14T02:29:45.589+00:00,2026-09-14T02:29:51.968+00:00,False,102,101.0,,101.0,293701.884196,300081.335076,300081.335079,2941.9738733235295,0.01973,293701.884196,29074.573812179326,89.839956,63.16288,21.63362414132992,0.336575415376702,58,64,,False,False,Request timeout: 300.0s exceeded,459,21.16838264042747
305,2026-09-14T02:24:56.806+00:00,2026-09-14T02:29:50.217+00:00,2026-09-14T02:29:57.050+00:00,False,98,97.0,,97.0,293411.298023,300244.236263,300244.23626800004,3063.716696612245,0.024489999999999998,293411.298023,29631.907699286414,89.02473655,70.44266226804123,19.808973133353017,0.3230703150452237,58,64,,False,False,Request timeout: 300.0s exceeded,276,21.16838264042747
306,2026-09-14T02:25:01.586+00:00,2026-09-14T02:29:55.540+00:00,2026-09-14T02:30:01.628+00:00,False,89,88.0,,88.0,293953.75152100006,300042.02339300007,300042.0232790001,3371.2586885280907,0.05125,293953.75152100006,31151.708722346695,88.35044540000001,69.18490763636365,20.949969275669048,0.2932922495484445,58,64,,False,False,Request timeout: 300.0s exceeded,384,21.16838264042747
307,2026-09-14T02:25:04.845+00:00,2026-09-14T02:29:58.851+00:00,2026-09-14T02:30:04.873+00:00,False,86,85.0,,85.0,294005.840223,300027.678303,300027.678241,3488.6939330348837,0.023219999999999998,294005.840223,31695.83154253339,88.2880365,70.84515388235295,19.42543803689658,0.2833071951253708,58,64,,False,False,Request timeout: 300.0s exceeded,416,21.16838264042747
308,2026-09-14T02:25:09.909+00:00,2026-09-14T02:30:03.984+00:00,2026-09-14T02:30:09.986+00:00,False,89,88.0,,88.0,294075.40140100004,300077.19288900006,300077.192831,3371.6538520337085,0.02066,294075.40140100004,31164.7079890475,91.21927199999999,68.202176,21.306309996108226,0.29325787525795605,58,64,,False,False,Request timeout: 300.0s exceeded,385,21.16838264042747
309,2026-09-14T02:25:14.095+00:00,2026-09-14T02:30:07.811+00:00,2026-09-14T02:30:14.176+00:00,False,96,95.0,,95.0,293715.85219199996,300080.76790399995,300080.76785599993,3125.841331833333,0.04364,293715.85219199996,29970.41721537168,88.1557565,66.99911275789474,20.069179078406403,0.3165814346036059,58,64,,False,False,Request timeout: 300.0s exceeded,458,21.16838264042747
310,2026-09-14T02:25:18.335+00:00,2026-09-14T02:30:12.000+00:00,2026-09-14T02:30:18.417+00:00,False,98,97.0,,97.0,293664.61868300004,300081.95090700005,300081.95088600006,3062.060723326531,0.02232,293664.61868300004,29657.92946981531,85.805936,66.15806416494846,19.37389611765501,0.32324503258798715,58,64,,False,False,Request timeout: 300.0s exceeded,456,21.16838264042747
311,2026-09-14T02:25:23.248+00:00,2026-09-14T02:30:16.566+00:00,2026-09-14T02:30:23.311+00:00,False,99,98.0,,98.0,293318.773648,300063.04552,300063.045331,3030.9398518282824,0.04086,293318.773648,29472.736250717448,89.80934099999999,68.81910073469389,20.250821237508514,0.3265980315242386,58,64,,False,False,Request timeout: 300.0s exceeded,519,21.16838264042747
312,2026-09-14T02:25:26.932+00:00,2026-09-14T02:30:20.684+00:00,2026-09-14T02:30:26.990+00:00,False,92,91.0,,91.0,293752.308305,300057.954385,300057.954244,3261.499502652174,0.02233,293752.308305,30618.5778525363,89.89346450000001,69.29281406593407,20.67791471156608,0.30327474632863494,58,64,,False,False,Request timeout: 300.0s exceeded,402,21.16838264042747
313,2026-09-14T02:25:29.744+00:00,2026-09-14T02:30:23.699+00:00,2026-09-14T02:30:29.803+00:00,False,97,96.0,,96.0,293954.36924,300058.101976,300058.102085,3093.38249572165,0.0,293954.36924,29840.160613621098,94.5814324,63.58054933333334,65.93533985273748,0.31993803655959446,58,64,,False,False,Request timeout: 300.0s exceeded,487,21.16838264042747
314,2026-09-14T02:25:34.047+00:00,2026-09-14T02:30:28.317+00:00,2026-09-14T02:30:34.068+00:00,False,91,90.0,,90.0,294270.255066,300020.87625,300020.87628699996,3296.932706450549,0.02194,294270.255066,30841.21354209295,88.99235800000001,63.89579093333333,20.914477769954374,0.299979125202625,58,64,,False,False,Request timeout: 300.0s exceeded,407,21.16838264042747
315,2026-09-14T02:25:39.030+00:00,2026-09-14T02:30:32.659+00:00,2026-09-14T02:30:39.052+00:00,False,93,92.0,,92.0,293628.576135,300022.437255,300022.43718799995,3226.0477116989246,0.032619999999999996,293628.576135,30440.664809077978,90.28631,69.49849043478261,20.005467405700387,0.30664373252126426,58,64,,False,False,Request timeout: 300.0s exceeded,482,21.16838264042747
316,2026-09-14T02:25:43.383+00:00,2026-09-14T02:30:36.535+00:00,2026-09-14T02:30:43.412+00:00,False,105,104.0,,104.0,293151.75989499997,300028.43983099994,300028.439899,2857.413713323809,0.03964,293151.75989499997,28602.236708376342,88.543429,66.12192246153846,20.337162104167128,0.34663380597713045,58,64,,False,False,Request timeout: 300.0s exceeded,445,21.16838264042747
317,2026-09-14T02:25:47.055+00:00,2026-09-14T02:30:40.262+00:00,2026-09-14T02:30:47.089+00:00,False,103,102.0,,102.0,293207.354209,300034.045025,300034.045108,2912.9518942524273,0.040409999999999995,293207.354209,28883.9915310623,88.5409081,66.92834133333334,20.365225302097013,0.3399614200165217,58,64,,False,False,Request timeout: 300.0s exceeded,503,21.16838264042747
318,2026-09-14T02:25:50.134+00:00,2026-09-14T02:30:43.537+00:00,2026-09-14T02:30:50.175+00:00,False,98,97.0,,97.0,293403.57684600004,300040.83406200004,300040.834074,3061.6411640204087,0.02305,293403.57684600004,29631.332222052264,90.81146935000001,68.42533212371134,20.83756067377731,0.32328932927828097,58,64,,False,False,Request timeout: 300.0s exceeded,330,21.16838264042747
319,2026-09-14T02:25:54.973+00:00,2026-09-14T02:30:48.710+00:00,2026-09-14T02:30:55.051+00:00,False,96,95.0,,95.0,293737.098619,300078.426235,300078.426212,3125.8169397083334,0.03473,293737.098619,29972.611615225764,89.78661825,66.75081701052632,20.961609183987882,0.3165839050542167,58,64,,False,False,Request timeout: 300.0s exceeded,357,21.16838264042747
320,2026-09-14T02:25:59.853+00:00,2026-09-14T02:30:53.360+00:00,2026-09-14T02:30:59.936+00:00,False,95,94.0,,94.0,293506.77116,300083.511512,300083.511437,3158.7738046,0.1076,293506.77116,30105.987335755333,90.9512347,69.96532289361701,19.559643080921298,0.31324613447227356,58,64,,False,False,Request timeout: 300.0s exceeded,439,21.16838264042747
321,2026-09-14T02:26:03.547+00:00,2026-09-14T02:30:57.441+00:00,2026-09-14T02:31:03.641+00:00,False,92,91.0,,91.0,293893.811166,300094.00879800005,300094.00898800005,3261.8914020434786,0.018670000000000003,293893.811166,30633.451038949122,89.7953431,68.13403991208791,20.202864549101193,0.30323830976996985,58,64,,False,False,Request timeout: 300.0s exceeded,237,21.16838264042747
322,2026-09-14T02:26:07.723+00:00,2026-09-14T02:31:01.310+00:00,2026-09-14T02:31:07.746+00:00,False,96,95.0,,95.0,293586.914907,300022.960219,300022.96039100003,3125.2391707395836,0.0179,293586.914907,29957.18176954622,89.28632175000001,67.7478453894737,20.91894965133878,0.3166424327346657,58,64,,False,False,Request timeout: 300.0s exceeded,450,21.16838264042747
323,2026-09-14T02:26:11.477+00:00,2026-09-14T02:31:05.159+00:00,2026-09-14T02:31:11.554+00:00,False,96,95.0,,95.0,293681.113823,300076.130527,300076.130613,3125.79302721875,0.036819000000000005,293681.113823,29966.839842014404,87.69544475000001,67.31596530526316,20.714566068119144,0.3165863270536014,58,64,,False,False,Request timeout: 300.0s exceeded,422,21.16838264042747
324,2026-09-14T02:26:14.397+00:00,2026-09-14T02:31:08.243+00:00,2026-09-14T02:31:14.442+00:00,False,93,92.0,,92.0,293846.130029,300045.033581,300045.033663,3226.290684548387,0.020120000000000002,293846.130029,30463.444319967264,88.6880388,67.3793864347826,20.741876698973925,0.3066206392486871,58,64,,False,False,Request timeout: 300.0s exceeded,441,21.16838264042747
325,2026-09-14T02:26:18.882+00:00,2026-09-14T02:31:12.389+00:00,2026-09-14T02:31:18.927+00:00,False,101,100.0,,100.0,293507.08313,300044.84287399997,300044.84295799996,2970.7410193861383,0.03657,293507.08313,29198.547782988793,88.009514,65.37759744,19.97868642090301,0.33328351536438083,58,64,,False,False,Request timeout: 300.0s exceeded,417,21.16838264042747
326,2026-09-14T02:26:22.762+00:00,2026-09-14T02:31:16.365+00:00,2026-09-14T02:31:22.792+00:00,False,106,105.0,,105.0,293602.965812,300029.97918799997,300029.97903399996,2830.4715003207543,0.0,293602.965812,28511.371474543692,86.11026625000001,61.2096512,66.01492258710523,0.349965027775463,58,64,,False,False,Request timeout: 300.0s exceeded,492,21.16838264042747
327,2026-09-14T02:26:26.887+00:00,2026-09-14T02:31:21.037+00:00,2026-09-14T02:31:26.967+00:00,False,89,88.0,,88.0,294150.180351,300080.244479,300080.244653,3371.6881421685393,0.0,294150.180351,31172.79480983137,90.8872644,67.38709236363636,71.50134095979239,0.293254893046311,58,64,,False,False,Request timeout: 300.0s exceeded,420,21.16838264042747
328,2026-09-14T02:26:31.672+00:00,2026-09-14T02:31:25.270+00:00,2026-09-14T02:31:31.725+00:00,False,93,92.0,,92.0,293598.096653,300053.244173,300053.244176,3226.3789696344083,0.01973,293598.096653,30437.43494471624,88.60279760000002,70.16464695652174,19.67558374521324,0.30661224894791034,58,64,,False,False,Request timeout: 300.0s exceeded,484,21.16838264042747
329,2026-09-14T02:26:36.411+00:00,2026-09-14T02:31:30.022+00:00,2026-09-14T02:31:36.464+00:00,False,94,93.0,,93.0,293611.19198,300053.335468,300053.335341,3192.0567589468087,0.04918,293611.19198,30276.54375660586,88.87035879999999,69.27036008602151,19.627855568833773,0.30994489647964013,58,64,,False,False,Request timeout: 300.0s exceeded,402,21.16838264042747
330,2026-09-14T02:26:39.589+00:00,2026-09-14T02:31:33.195+00:00,2026-09-14T02:31:39.652+00:00,False,95,94.0,,94.0,293605.970424,300063.238136,300063.238283,3158.5604029789474,0.01964,293605.970424,30116.295595847652,88.59963800000001,68.69433736170213,19.91800775152266,0.3132672985332367,58,64,,False,False,Request timeout: 300.0s exceeded,379,21.16838264042747
331,2026-09-14T02:26:43.862+00:00,2026-09-14T02:31:37.537+00:00,2026-09-14T02:31:43.910+00:00,False,96,95.0,,95.0,293675.26660100004,300048.18308100005,300048.18318800005,3125.5019082083336,0.030449999999999998,293675.26660100004,29966.26662195301,89.2391935,67.08333136842106,20.444257077611844,0.31661581491514684,58,64,,False,False,Request timeout: 300.0s exceeded,503,21.16838264042747
332,2026-09-14T02:26:48.391+00:00,2026-09-14T02:31:41.936+00:00,2026-09-14T02:31:48.433+00:00,False,102,101.0,,101.0,293544.482892,300042.22446,300042.224418,2941.590435470588,0.0181,293544.482892,29058.872202923863,89.64985400000002,64.33407493069306,20.808519217784323,0.3366192881077802,58,64,,False,False,Request timeout: 300.0s exceeded,509,21.16838264042747
333,2026-09-14T02:26:53.270+00:00,2026-09-14T02:31:47.756+00:00,2026-09-14T02:31:53.313+00:00,False,84,83.0,,83.0,294486.196271,300042.22212700004,300042.222183,3571.931216464286,0.03552,294486.196271,32123.781126778114,89.70948700000001,66.94007055421687,20.811823279920326,0.276627733962283,58,64,,False,False,Request timeout: 300.0s exceeded,319,21.16838264042747
334,2026-09-14T02:26:57.648+00:00,2026-09-14T02:31:51.558+00:00,2026-09-14T02:31:57.664+00:00,False,94,93.0,,93.0,293910.138223,300016.004975,300016.005013,3191.6596277978724,0.033089,293910.138223,30307.751342769392,89.23634365,65.65448120430108,20.6809327136404,0.3099834624081125,58,64,,False,False,Request timeout: 300.0s exceeded,424,21.16838264042747
335,2026-09-14T02:27:00.894+00:00,2026-09-14T02:31:54.409+00:00,2026-09-14T02:32:00.974+00:00,False,98,97.0,,97.0,293514.712801,300080.293857,300080.293841,3062.0438147040813,0.04543,293514.712801,29642.633318409306,89.5969852,67.68640263917526,20.879420080949846,0.32324681755418533,58,64,,False,False,Request timeout: 300.0s exceeded,426,21.16838264042747
336,2026-09-14T02:27:05.626+00:00,2026-09-14T02:31:59.018+00:00,2026-09-14T02:32:05.691+00:00,False,112,111.0,,111.0,293391.384997,300064.17706099997,300064.177011,2679.144437598214,0.015269999999999999,293391.384997,27718.334726649224,89.41893355,60.115243819819824,251.97810437451741,0.3699208652202254,58,64,,False,False,Request timeout: 300.0s exceeded,602,21.16838264042747
337,2026-09-14T02:27:09.953+00:00,2026-09-14T02:32:05.556+00:00,2026-09-14T02:32:09.973+00:00,False,76,75.0,,75.0,295602.53322399996,300019.40874399996,300019.40871999995,3947.623798947368,0.0158,295602.53322399996,33901.19392372307,89.3377315,58.891673600000004,30.135145919137557,0.24998382709298606,58,64,,False,False,Request timeout: 300.0s exceeded,403,21.16838264042747
338,2026-09-14T02:27:13.421+00:00,2026-09-14T02:32:07.075+00:00,2026-09-14T02:32:13.497+00:00,False,97,96.0,,96.0,293654.46104900003,300075.826041,300075.826254,3093.5652191134022,0.028399999999999998,293654.46104900003,29809.307770968324,87.8347722,66.88921866666666,19.40819290880913,0.31991913932741556,58,64,,False,False,Request timeout: 300.0s exceeded,461,21.16838264042747
339,2026-09-14T02:27:18.105+00:00,2026-09-14T02:32:11.814+00:00,2026-09-14T02:32:18.153+00:00,False,99,98.0,,98.0,293708.91041,300048.248906,300048.249088,3030.790394828283,0.0,293708.91041,29512.42474329126,88.2234939,64.68712751020408,64.55382777402066,0.32661413741728496,58,64,,False,False,Request timeout: 300.0s exceeded,397,21.16838264042747
340,2026-09-14T02:27:23.083+00:00,2026-09-14T02:32:16.538+00:00,2026-09-14T02:32:23.091+00:00,False,101,100.0,,100.0,293455.25526099995,300007.69122899993,300007.69126899994,2970.3731808811876,0.0,293455.25526099995,29193.378561208126,88.76722199999999,65.52435968,23.311126376628458,0.3333247877424204,58,64,,False,False,Request timeout: 300.0s exceeded,151,21.16838264042747
341,2026-09-14T02:27:27.857+00:00,2026-09-14T02:32:21.642+00:00,2026-09-14T02:32:27.916+00:00,False,88,87.0,,87.0,293785.18456900003,300059.089977,300059.09003400005,3409.7623867500006,0.039488999999999996,293785.18456900003,31309.925042942843,91.98765569999999,72.11385526436781,20.297264623045976,0.28994289093747727,58,64,,False,False,Request timeout: 300.0s exceeded,436,21.16838264042747
342,2026-09-14T02:27:31.609+00:00,2026-09-14T02:32:25.254+00:00,2026-09-14T02:32:31.627+00:00,False,90,89.0,,89.0,293645.553478,300017.97383,300017.973886,3333.5330431777775,0.03245,293645.553478,30945.418322409387,91.92961599999998,71.60022867415731,20.207362527819367,0.2966488936107219,58,64,,False,False,Request timeout: 300.0s exceeded,360,21.16838264042747
343,2026-09-14T02:27:35.537+00:00,2026-09-14T02:32:29.258+00:00,2026-09-14T02:32:35.616+00:00,False,92,91.0,,91.0,293720.57013300003,300079.25275700004,300079.25268300006,3261.7310074239135,0.040098999999999996,293720.57013300003,30615.207737009398,90.69007300000001,69.87563323076924,20.039402508158997,0.303253221153848,58,64,,False,False,Request timeout: 300.0s exceeded,438,21.16838264042747
344,2026-09-14T02:27:39.329+00:00,2026-09-14T02:32:33.426+00:00,2026-09-14T02:32:39.341+00:00,False,85,84.0,,84.0,294096.586704,300011.766224,300011.76617300004,3529.5501902705882,0.038020000000000005,294096.586704,31891.621510406287,88.57986919999999,70.41880380952381,19.521649287565143,0.27998901862163117,58,64,,False,False,Request timeout: 300.0s exceeded,461,21.16838264042747
345,2026-09-14T02:27:43.478+00:00,2026-09-14T02:32:37.202+00:00,2026-09-14T02:32:43.499+00:00,False,99,98.0,,98.0,293723.66583899996,300020.960431,300020.960491,3030.514752434343,0.019649999999999997,293723.66583899996,29513.887699684936,88.6436787,64.25810808163266,20.051812596720655,0.32664384468077334,58,64,,False,False,Request timeout: 300.0s exceeded,469,21.16838264042747
346,2026-09-14T02:27:48.509+00:00,2026-09-14T02:32:41.971+00:00,2026-09-14T02:32:48.559+00:00,False,97,96.0,,96.0,293462.342421,300050.339349,300050.33947,3093.3024687628867,0.01724,293462.342421,29789.625580152097,91.4871468,68.624968,20.516292872519085,0.31994631370284415,58,64,,False,False,Request timeout: 300.0s exceeded,376,21.16838264042747
347,2026-09-14T02:27:53.124+00:00,2026-09-14T02:32:47.017+00:00,2026-09-14T02:32:53.146+00:00,False,89,88.0,,88.0,293893.623599,300022.377519,300022.37742699997,3371.0379486179772,0.02257,293893.623599,31145.285319185983,88.3584894,69.6449309090909,19.232662811242363,0.29331145472449666,58,64,,False,False,Request timeout: 300.0s exceeded,169,21.16838264042747
348,2026-09-14T02:27:57.233+00:00,2026-09-14T02:32:50.748+00:00,2026-09-14T02:32:57.316+00:00,False,96,95.0,,95.0,293514.979956,300082.12568399997,300082.125779,3125.855476864583,0.02184,293514.979956,29949.69767876954,87.79604724999999,69.12784976842106,18.757945493822056,0.31658000216927046,58,64,,False,False,Request timeout: 300.0s exceeded,483,21.16838264042747
349,2026-09-14T02:28:00.718+00:00,2026-09-14T02:32:54.184+00:00,2026-09-14T02:33:00.764+00:00,False,96,95.0,,95.0,293465.867996,300045.684956,300045.684983,3125.475885239583,0.018670000000000003,293465.867996,29944.671801623575,86.85523675,69.26123115789473,19.08330114902836,0.3166184509999909,58,64,,False,False,Request timeout: 300.0s exceeded,401,21.16838264042747
350,2026-09-14T02:28:05.508+00:00,2026-09-14T02:32:59.008+00:00,2026-09-14T02:33:05.580+00:00,False,97,96.0,,96.0,293499.913644,300072.115116,300072.115116,3093.526959958763,0.03505,293499.913644,29793.45666456439,88.6804026,68.460432,19.919700737392656,0.31992309569614263,58,64,,False,False,Request timeout: 300.0s exceeded,471,21.16838264042747
351,2026-09-14T02:28:09.262+00:00,2026-09-14T02:33:02.998+00:00,2026-09-14T02:33:09.313+00:00,False,95,94.0,,94.0,293735.523953,300050.63870500005,300050.638798,3158.4277768210527,0.032060000000000005,293735.523953,30129.743474187635,89.48093099999998,67.18207182978723,21.126532748764802,0.3132804529452034,58,64,,False,False,Request timeout: 300.0s exceeded,386,21.16838264042747
352,2026-09-14T02:28:14.665+00:00,2026-09-14T02:33:07.721+00:00,2026-09-14T02:33:14.840+00:00,False,119,118.0,,118.0,293055.750098,300174.898898,300174.899026,2522.47814307563,0.0,293055.750098,26858.917347446648,89.65702290000002,60.33176949152543,62.18888979946093,0.39310415505493884,58,64,,False,False,Request timeout: 300.0s exceeded,423,21.16838264042747
353,2026-09-14T02:28:17.283+00:00,2026-09-14T02:33:11.195+00:00,2026-09-14T02:33:17.335+00:00,False,118,117.0,,117.0,293911.804535,300051.432055,300051.43211,2542.8087466949155,0.0,293911.804535,27051.956772151505,91.60492500000001,52.47544888888889,26.442842466133357,0.3899331497893124,58,64,,False,False,Request timeout: 300.0s exceeded,175,21.16838264042747
354,2026-09-14T02:28:21.374+00:00,2026-09-14T02:33:16.034+00:00,2026-09-14T02:33:21.383+00:00,False,81,80.0,,80.0,294660.65642799996,300009.27594799997,300009.27603199997,3703.8182226172835,0.01696,294660.65642799996,32732.650358457515,87.270566,66.857744,20.044066779874903,0.26665842163449055,58,64,,False,False,Request timeout: 300.0s exceeded,392,21.16838264042747
355,2026-09-14T02:28:26.296+00:00,2026-09-14T02:33:19.944+00:00,2026-09-14T02:33:26.327+00:00,False,92,91.0,,91.0,293648.135129,300031.246041,300031.246071,3261.209196423913,0.03535,293648.135129,30607.627768639188,89.85795349999998,70.14407595604396,19.866362422226103,0.3033017434043007,58,64,,False,False,Request timeout: 300.0s exceeded,440,21.16838264042747
356,2026-09-14T02:28:29.842+00:00,2026-09-14T02:33:23.624+00:00,2026-09-14T02:33:29.855+00:00,False,94,93.0,,93.0,293782.70672799996,300013.44720799994,300013.44733099994,3191.632418414893,0.03511,293782.70672799996,30294.468609868887,87.22184999999999,66.99720946236559,19.634367201973173,0.30998610517455544,58,64,,False,False,Request timeout: 300.0s exceeded,394,21.16838264042747
357,2026-09-14T02:28:34.944+00:00,2026-09-14T02:33:28.209+00:00,2026-09-14T02:33:35.025+00:00,False,107,106.0,,106.0,293264.86208600004,300080.70055000007,300080.70045500004,2804.492527616823,0.01886,293264.86208600004,28344.775122278632,89.37704730000002,64.30036286792452,19.957223167333947,0.3532383115799147,58,64,,False,False,Request timeout: 300.0s exceeded,589,21.16838264042747
358,2026-09-14T02:28:38.437+00:00,2026-09-14T02:33:31.995+00:00,2026-09-14T02:33:38.474+00:00,False,101,100.0,,100.0,293558.08747100004,300036.99639900005,300036.99625900004,2970.66332929703,0.03447,293558.08747100004,29203.681214797114,86.208278,64.78908928,19.609703313649263,0.3332922312920917,58,64,,False,False,Request timeout: 300.0s exceeded,491,21.16838264042747
359,2026-09-14T02:28:42.457+00:00,2026-09-14T02:33:36.094+00:00,2026-09-14T02:33:42.531+00:00,False,101,100.0,,100.0,293636.34817,300074.25025000004,300074.250024,2971.032178455446,0.02126,293636.34817,29211.510236870166,89.017462,64.37902079999999,21.04640310711901,0.3332508534693906,58,64,,False,False,Request timeout: 300.0s exceeded,426,21.16838264042747
360,2026-09-14T02:28:45.437+00:00,2026-09-14T02:33:39.333+00:00,2026-09-14T02:33:45.474+00:00,False,92,91.0,,91.0,293896.167073,300036.48681699997,300036.486826,3261.266161152174,0.03918,293896.167073,30633.76556964618,88.49614975,67.47604114285716,20.671419078937237,0.30329644559364294,58,64,,False,False,Request timeout: 300.0s exceeded,424,21.16838264042747
361,2026-09-14T02:28:49.075+00:00,2026-09-14T02:33:42.924+00:00,2026-09-14T02:33:49.126+00:00,False,92,91.0,,91.0,293848.839325,300050.330525,300050.330498,3261.416635847826,0.041649,293848.839325,30628.76046405415,87.2123085,68.14825494505494,19.491979238787884,0.303282452116539,58,64,,False,False,Request timeout: 300.0s exceeded,360,21.16838264042747
362,2026-09-14T02:28:52.974+00:00,2026-09-14T02:33:46.686+00:00,2026-09-14T02:33:53.028+00:00,False,100,99.0,,99.0,293712.175207,300054.284647,300054.284644,3000.5428464399997,0.02367,293712.175207,29364.817595236338,86.34685744999999,64.06171151515152,19.2496570815073,0.32994029769136246,58,64,,False,False,Request timeout: 300.0s exceeded,434,21.16838264042747
363,2026-09-14T02:28:57.081+00:00,2026-09-14T02:33:51.081+00:00,2026-09-14T02:33:57.158+00:00,False,92,91.0,,91.0,294000.426472,300077.842664,300077.842588,3261.715680304348,0.02646,294000.426472,30644.706707612164,86.62052195,66.78479331868132,19.560894609573275,0.3032546461682396,58,64,,False,False,Request timeout: 300.0s exceeded,275,21.16838264042747
364,2026-09-14T02:29:01.458+00:00,2026-09-14T02:33:55.238+00:00,2026-09-14T02:34:01.539+00:00,False,94,93.0,,93.0,293779.289602,300081.020418,300081.020484,3192.3512817446804,0.0362,293779.289602,30294.037337297537,86.9007013,67.76054640860215,19.49208510918297,0.30991630150569,58,64,,False,False,Request timeout: 300.0s exceeded,352,21.16838264042747
365,2026-09-14T02:29:06.310+00:00,2026-09-14T02:33:59.572+00:00,2026-09-14T02:34:06.380+00:00,False,105,104.0,,104.0,293262.082228,300069.416372,300069.416523,2857.803966885714,0.0,293262.082228,28613.13494266742,87.946625,65.455136,65.37500924653553,0.34658647074872106,58,64,,False,False,Request timeout: 300.0s exceeded,314,21.16838264042747
366,2026-09-14T02:29:11.432+00:00,2026-09-14T02:34:05.070+00:00,2026-09-14T02:34:11.454+00:00,False,95,94.0,,94.0,293637.344391,300021.243015,300021.243119,3158.1183486210525,0.0,293637.344391,30119.66549348799,90.13543599999998,67.91381514893617,68.6634480383619,0.31331114775529517,58,64,,False,False,Request timeout: 300.0s exceeded,465,21.16838264042747
367,2026-09-14T02:29:16.409+00:00,2026-09-14T02:34:10.149+00:00,2026-09-14T02:34:16.442+00:00,False,90,89.0,,89.0,293739.679848,300032.799848,300032.799799,3333.6977755444445,0.03493,293739.679848,30955.434073038392,89.6545235,70.70921348314607,20.27043122417028,0.2966342348072891,58,64,,False,False,Request timeout: 300.0s exceeded,408,21.16838264042747
368,2026-09-14T02:29:20.509+00:00,2026-09-14T02:34:14.440+00:00,2026-09-14T02:34:20.560+00:00,False,90,89.0,,89.0,293930.870508,300050.785516,300050.785615,3333.897617944445,0.09981999999999999,293930.870508,30975.792507826915,88.99284885000002,68.7630899775281,20.32407623137679,0.2966164539344428,58,64,,False,False,Request timeout: 300.0s exceeded,356,21.16838264042747
369,2026-09-14T02:29:24.081+00:00,2026-09-14T02:34:17.674+00:00,2026-09-14T02:34:24.158+00:00,False,95,94.0,,94.0,293592.859904,300077.55494400003,300077.55489100004,3158.7111041157896,0.02366,293592.859904,30114.92049440584,89.9601784,68.98611744680852,19.833788061608836,0.31325235243782934,58,64,,False,False,Request timeout: 300.0s exceeded,451,21.16838264042747
370,2026-09-14T02:29:27.446+00:00,2026-09-14T02:34:21.029+00:00,2026-09-14T02:34:27.538+00:00,False,94,93.0,,93.0,293583.518647,300092.289463,300092.289353,3192.4711633297875,0.023719999999999998,293583.518647,30273.61547079686,89.200577,69.98678296774193,19.460840470681863,0.30990466355006585,58,64,,False,False,Request timeout: 300.0s exceeded,383,21.16838264042747
371,2026-09-14T02:29:30.437+00:00,2026-09-14T02:34:23.804+00:00,2026-09-14T02:34:30.485+00:00,False,99,98.0,,98.0,293366.841237,300047.649685,300047.64985,3030.7843419191922,0.037880000000000004,293366.841237,29477.6323651966,89.54385500000001,68.1715147755102,20.334005364132256,0.32661478969384916,58,64,,False,False,Request timeout: 300.0s exceeded,393,21.16838264042747
372,2026-09-14T02:29:34.707+00:00,2026-09-14T02:34:28.562+00:00,2026-09-14T02:34:34.787+00:00,False,95,94.0,,94.0,293854.35265200003,300079.69742000004,300079.69739600003,3158.7336568000005,0.020390000000000002,293854.35265200003,30142.032105657203,87.37918400000001,66.227072,19.764779585372764,0.31325011591315666,58,64,,False,False,Request timeout: 300.0s exceeded,467,21.16838264042747
373,2026-09-14T02:29:37.612+00:00,2026-09-14T02:34:31.198+00:00,2026-09-14T02:34:37.654+00:00,False,96,95.0,,95.0,293586.06819099997,300041.35497499997,300041.35495999997,3125.430780833333,0.050140000000000004,293586.06819099997,29957.074165157654,88.5947705,67.95038720000001,20.159523388128964,0.316623020209716,58,64,,False,False,Request timeout: 300.0s exceeded,342,21.16838264042747
374,2026-09-14T02:29:41.264+00:00,2026-09-14T02:34:35.160+00:00,2026-09-14T02:34:41.326+00:00,False,88,87.0,,87.0,293896.22288,300061.87305600004,300061.873141,3409.794012965909,0.03325,293896.22288,31321.894085874697,90.62638299999999,70.86954225287357,19.78741475351166,0.28994020171220936,58,64,,False,False,Request timeout: 300.0s exceeded,408,21.16838264042747
375,2026-09-14T02:29:44.641+00:00,2026-09-14T02:34:38.614+00:00,2026-09-14T02:34:44.650+00:00,False,89,88.0,,88.0,293973.068952,300008.38364,300008.383587,3370.880714460674,0.03761,293973.068952,31153.819378938813,87.74067740000001,68.58312145454545,19.748859935467575,0.2933251362255164,58,64,,False,False,Request timeout: 300.0s exceeded,399,21.16838264042747
376,2026-09-14T02:29:47.912+00:00,2026-09-14T02:34:41.408+00:00,2026-09-14T02:34:47.944+00:00,False,100,99.0,,99.0,293496.276251,300032.567067,300032.567199,3000.32567199,0.025589999999999998,293496.276251,29343.031982078945,87.12287045,66.02313955555555,19.887025171069578,0.32996418011479534,58,64,,False,False,Request timeout: 300.0s exceeded,390,21.16838264042747
377,2026-09-14T02:29:52.112+00:00,2026-09-14T02:34:45.687+00:00,2026-09-14T02:34:52.138+00:00,False,101,100.0,,100.0,293575.004078,300026.19895800005,300026.198875,2970.556424504951,0.06214,293575.004078,29205.392274396163,87.174886,64.5119488,19.93529910107773,0.3333042259219461,58,64,,False,False,Request timeout: 300.0s exceeded,315,21.16838264042747
378,2026-09-14T02:29:56.220+00:00,2026-09-14T02:34:49.672+00:00,2026-09-14T02:34:56.249+00:00,False,99,98.0,,98.0,293452.256721,300028.914897,300028.914964,3030.5951006464647,0.02178,293452.256721,29486.323606865386,87.89951400000001,67.10875689795918,20.117920712769887,0.3266351845909366,58,64,,True,False,Request timeout: 300.0s exceeded,479,21.16838264042747
379,2026-09-14T02:29:59.296+00:00,2026-09-14T02:34:52.876+00:00,2026-09-14T02:34:59.312+00:00,False,94,93.0,,93.0,293580.05186400004,300016.56412000005,300016.564154,3191.6655761063835,0.03525,293580.05186400004,30273.338326932433,87.98941579999999,69.20980920430108,19.90993707393053,0.3099828846876669,58,64,,True,False,Request timeout: 300.0s exceeded,450,21.16838264042747
380,2026-09-14T02:30:04.081+00:00,2026-09-14T02:34:57.810+00:00,2026-09-14T02:35:04.119+00:00,False,98,97.0,,97.0,293729.202594,300037.595554,300037.595583,3061.608118193877,0.039420000000000004,293729.202594,29664.567570832245,88.4273182,65.03497896907216,20.418706048620983,0.32329281875791527,58,64,,True,False,Request timeout: 300.0s exceeded,336,21.16838264042747
381,2026-09-14T02:30:08.120+00:00,2026-09-14T02:35:01.806+00:00,2026-09-14T02:35:08.149+00:00,False,94,93.0,,93.0,293686.679778,300029.70979399997,300029.70985499996,3191.8054239893618,0.03515,293686.679778,30284.43956373713,88.62513415000001,68.204623827957,19.494520648459698,0.3099693029195465,58,64,,True,False,Request timeout: 300.0s exceeded,382,21.16838264042747
382,2026-09-14T02:30:11.404+00:00,2026-09-14T02:35:05.158+00:00,2026-09-14T02:35:11.456+00:00,False,94,93.0,,93.0,293754.665448,300052.190696,300052.190691,3192.0445818191492,0.0209,293754.665448,30291.502728606676,88.38846515000002,67.71532524731182,20.283566103119288,0.30994607899471593,58,64,,True,False,Request timeout: 300.0s exceeded,447,21.16838264042747
383,2026-09-14T02:30:15.986+00:00,2026-09-14T02:35:09.479+00:00,2026-09-14T02:35:16.043+00:00,False,99,98.0,,98.0,293492.34561699996,300057.14305699995,300057.142985,3030.8802321717167,0.03669,293492.34561699996,29490.365419318343,91.213231,66.98772897959184,20.93631934381555,0.3266044560764999,58,64,,True,False,Request timeout: 300.0s exceeded,369,21.16838264042747
384,2026-09-14T02:30:19.820+00:00,2026-09-14T02:35:13.500+00:00,2026-09-14T02:35:19.889+00:00,False,95,94.0,,94.0,293679.697305,300068.792729,300068.79276399995,3158.6188712,0.290549,293679.697305,30123.93448610348,90.3832214,67.96910025531915,20.320038775441105,0.31326149962183464,58,64,,True,False,Request timeout: 300.0s exceeded,455,21.16838264042747
385,2026-09-14T02:30:24.809+00:00,2026-09-14T02:35:18.203+00:00,2026-09-14T02:35:24.840+00:00,False,97,96.0,,96.0,293393.960452,300030.79066000006,300030.79068000003,3093.1009348453613,0.02218,293393.960452,29782.63016154267,88.59635699999998,69.133648,19.56303394927498,0.31996715999988423,58,64,,True,False,Request timeout: 300.0s exceeded,314,21.16838264042747
386,2026-09-14T02:30:28.110+00:00,2026-09-14T02:35:21.438+00:00,2026-09-14T02:35:28.204+00:00,False,96,95.0,,95.0,293328.053715,300093.957075,300093.956871,3125.97871740625,0.03404,293328.053715,29930.407536266095,88.54055275,71.22003536842105,20.98899562723946,0.3165675208056837,58,64,,True,False,Request timeout: 300.0s exceeded,349,21.16838264042747
387,2026-09-14T02:30:33.096+00:00,2026-09-14T02:35:26.843+00:00,2026-09-14T02:35:33.116+00:00,False,93,92.0,,92.0,293746.312459,300019.909643,300019.909704,3226.0205344516125,0.038399,293746.312459,30453.008790423843,87.2393412,68.19127373913044,19.60752638953289,0.3066463159377414,58,64,,True,False,Request timeout: 300.0s exceeded,426,21.16838264042747
388,2026-09-14T02:30:37.619+00:00,2026-09-14T02:35:31.183+00:00,2026-09-14T02:35:37.674+00:00,False,96,95.0,,95.0,293563.58994,300054.68626,300054.686075,3125.5696466145832,0.03786,293563.58994,29954.741318596025,87.8017075,68.32732968421053,19.858657967507323,0.3166089528016292,58,64,,True,False,Request timeout: 300.0s exceeded,403,21.16838264042747
389,2026-09-14T02:30:42.659+00:00,2026-09-14T02:35:36.216+00:00,2026-09-14T02:35:42.746+00:00,False,98,97.0,,97.0,293557.104158,300087.171614,300087.171691,3062.1139968469383,0.023260000000000003,293557.104158,29646.951904251084,88.078434,67.3202830515464,20.044408894370566,0.32323940899669784,58,64,,True,False,Request timeout: 300.0s exceeded,472,21.16838264042747
390,2026-09-14T02:30:47.686+00:00,2026-09-14T02:35:41.525+00:00,2026-09-14T02:35:47.715+00:00,False,91,90.0,,90.0,293838.62152999995,300029.25500199996,300029.2551879999,3297.0247822857136,0.02243,293838.62152999995,30795.45358768949,90.0380155,68.78481635555555,20.964373039506683,0.2999707478505723,58,64,,True,False,Request timeout: 300.0s exceeded,452,21.16838264042747
391,2026-09-14T02:30:52.161+00:00,2026-09-14T02:35:45.919+00:00,2026-09-14T02:35:52.214+00:00,False,91,90.0,,90.0,293757.649545,300052.337545,300052.337645,3297.2784356593406,0.0182,293757.649545,30786.843436432064,89.719696,69.94097777777777,19.765438397120022,0.29994767158413604,58,64,,True,False,Request timeout: 300.0s exceeded,447,21.16838264042747
392,2026-09-14T02:30:55.200+00:00,2026-09-14T02:35:48.934+00:00,2026-09-14T02:35:55.277+00:00,False,93,92.0,,92.0,293734.243379,300076.807731,300076.807797,3226.6323419032256,0.02443,293734.243379,30451.678863091685,85.9581672,68.94091686956521,18.49588430167148,0.3065881721938078,58,64,,True,False,Request timeout: 300.0s exceeded,439,21.16838264042747
393,2026-09-14T02:30:59.053+00:00,2026-09-14T02:35:52.505+00:00,2026-09-14T02:35:59.099+00:00,False,100,99.0,,99.0,293452.332018,300046.58021000004,300046.580296,3000.46580296,0.02048,293452.332018,29338.578729344586,86.81208695,66.6085675959596,19.453535983281224,0.3299487697233901,58,64,,True,False,Request timeout: 300.0s exceeded,476,21.16838264042747
394,2026-09-14T02:31:02.124+00:00,2026-09-14T02:35:55.684+00:00,2026-09-14T02:36:02.212+00:00,False,97,96.0,,96.0,293560.113335,300087.811511,300087.811504,3093.6887783917527,0.046579999999999996,293560.113335,29799.61653911321,90.14582999999999,67.996856,20.59512547257851,0.31990636179664045,58,64,,True,False,Request timeout: 300.0s exceeded,323,21.16838264042747
395,2026-09-14T02:31:06.333+00:00,2026-09-14T02:36:00.300+00:00,2026-09-14T02:36:06.388+00:00,False,88,87.0,,87.0,293966.802892,300054.4875,300054.48748,3409.710085,0.02247,293966.802892,31329.514148171067,89.71115285,69.97338629885058,20.845964114869705,0.2899473383146786,58,64,,True,False,Request timeout: 300.0s exceeded,409,21.16838264042747
396,2026-09-14T02:31:11.015+00:00,2026-09-14T02:36:04.907+00:00,2026-09-14T02:36:11.021+00:00,False,88,87.0,,87.0,293891.76050800004,300005.82540400006,300005.825368,3409.157106454546,0.036770000000000004,293891.76050800004,31321.481544045262,90.66920035,70.276608,19.69334352485928,0.2899943688854783,58,64,,True,False,Request timeout: 300.0s exceeded,391,21.16838264042747
397,2026-09-14T02:31:15.620+00:00,2026-09-14T02:36:09.388+00:00,2026-09-14T02:36:15.640+00:00,False,92,91.0,,91.0,293767.300156,300019.449916,300019.449845,3261.080976576087,0.01991,293767.300156,30620.200929211474,87.00488959999998,68.70494241758242,18.76046535869439,0.3033136685820814,58,64,,True,False,Request timeout: 300.0s exceeded,457,21.16838264042747
398,2026-09-14T02:31:18.628+00:00,2026-09-14T02:36:12.278+00:00,2026-09-14T02:36:18.719+00:00,False,93,92.0,,92.0,293649.924487,300091.757959,300091.758055,3226.793097365591,0.037649999999999996,293649.924487,30442.824014614587,88.02764180000003,70.01992904347827,19.31010399343034,0.3065728983218842,58,64,,True,False,Request timeout: 300.0s exceeded,473,21.16838264042747
399,2026-09-14T02:31:22.045+00:00,2026-09-14T02:36:16.026+00:00,2026-09-14T02:36:22.087+00:00,False,88,87.0,,87.0,293980.693432,300041.548472,300041.548484,3409.5630509545454,0.03484,293980.693432,31331.026640805205,88.74326035,69.66500045977011,19.07119875721548,0.28995984203873976,58,64,,True,False,Request timeout: 300.0s exceeded,369,21.16838264042747
400,2026-09-14T02:31:25.782+00:00,2026-09-14T02:36:19.670+00:00,2026-09-14T02:36:25.806+00:00,False,93,92.0,,92.0,293887.513333,300023.48107700003,300023.481147,3226.058937064516,0.03504,293887.513333,30467.805879385618,89.07117000000002,66.69530156521739,19.79259458281709,0.30664266566651993,58,64,,True,False,Request timeout: 300.0s exceeded,454,21.16838264042747
401,2026-09-14T02:31:29.146+00:00,2026-09-14T02:36:23.219+00:00,2026-09-14T02:36:29.162+00:00,False,85,84.0,,84.0,294072.408937,300015.519849,300015.51996799995,3529.5943525647053,0.03013,294072.408937,31888.963007135397,89.23079800000001,70.7513203809524,19.538154126535137,0.27998551555692125,58,64,,True,False,Request timeout: 300.0s exceeded,126,21.16838264042747
402,2026-09-14T02:31:33.352+00:00,2026-09-14T02:36:27.285+00:00,2026-09-14T02:36:33.436+00:00,False,88,87.0,,87.0,293932.785015,300084.177783,300084.17787899997,3410.047475897727,0.03533,293932.785015,31325.808783697088,88.3028507,70.705664,19.288578407833725,0.28991865096903696,58,64,,True,False,Request timeout: 300.0s exceeded,363,21.16838264042747
403,2026-09-14T02:31:38.432+00:00,2026-09-14T02:36:32.222+00:00,2026-09-14T02:36:38.484+00:00,False,91,90.0,,90.0,293790.857743,300052.38606299995,300052.38606399996,3297.2789677362634,0.0349,293790.857743,30790.363870225334,88.5326585,69.57253688888889,20.75850837944242,0.29994762308306827,58,64,,True,False,Request timeout: 300.0s exceeded,363,21.16838264042747
404,2026-09-14T02:31:41.552+00:00,2026-09-14T02:36:35.265+00:00,2026-09-14T02:36:41.560+00:00,False,93,92.0,,92.0,293712.766273,300008.060481,300008.06042,3225.8931227956987,0.036950000000000004,293712.766273,30449.505932320288,87.5626402,68.42711095652173,19.878301759254466,0.3066584272852446,58,64,,True,False,Request timeout: 300.0s exceeded,511,21.16838264042747
405,2026-09-14T02:31:45.764+00:00,2026-09-14T02:36:39.412+00:00,2026-09-14T02:36:45.809+00:00,False,92,91.0,,91.0,293647.096814,300045.003758,300045.003735,3261.3587362499998,0.025998999999999998,293647.096814,30607.50305877427,90.56832709999999,70.30666971428572,20.620707942030055,0.30328783635869394,58,64,,True,False,Request timeout: 300.0s exceeded,417,21.16838264042747
406,2026-09-14T02:31:49.064+00:00,2026-09-14T02:36:42.880+00:00,2026-09-14T02:36:49.145+00:00,False,90,89.0,,89.0,293816.15716,300080.727784,300080.727883,3334.230309811111,0.03918,293816.15716,30963.529595246953,89.48730095,70.3884339775281,20.72036057025008,0.2965868573341463,58,64,,True,False,Request timeout: 300.0s exceeded,371,21.16838264042747
407,2026-09-14T02:31:52.327+00:00,2026-09-14T02:36:45.985+00:00,2026-09-14T02:36:52.407+00:00,False,96,95.0,,95.0,293658.438947,300080.142883,300080.142888,3125.83482175,0.02087,293658.438947,29964.49667956258,89.173603,67.59688353684211,20.350034006926762,0.3165820939942704,58,64,,True,False,Request timeout: 300.0s exceeded,309,21.16838264042747
408,2026-09-14T02:31:55.567+00:00,2026-09-14T02:36:49.724+00:00,2026-09-14T02:36:55.607+00:00,False,84,83.0,,83.0,294157.013089,300039.548257,300039.54837800004,3571.899385452381,0.03602,294157.013089,32087.434144831008,88.11026249999999,70.87391768674698,19.2862154151195,0.27663019919262793,58,64,,True,False,Request timeout: 300.0s exceeded,457,21.16838264042747
409,2026-09-14T02:31:59.033+00:00,2026-09-14T02:36:52.404+00:00,2026-09-14T02:36:59.054+00:00,False,93,92.0,,92.0,293370.256523,300020.870283,300020.870271,3226.0308631290322,0.019469999999999998,293370.256523,30413.588356093347,89.83083880000002,72.28928,19.10711680154089,0.3066453340836568,58,64,,True,False,Request timeout: 300.0s exceeded,484,21.16838264042747
410,2026-09-14T02:32:05.580+00:00,2026-09-14T02:36:58.596+00:00,2026-09-14T02:37:05.726+00:00,False,110,109.0,,109.0,293015.09636,300145.38576800004,300145.385636,2728.5944148727276,0.03332,293015.09636,27931.663194590645,89.159296,65.4154991559633,19.967012065339905,0.3631573403039169,58,64,,True,False,Request timeout: 300.0s exceeded,524,21.16838264042747
411,2026-09-14T02:32:07.564+00:00,2026-09-14T02:37:01.187+00:00,2026-09-14T02:37:07.587+00:00,False,104,103.0,,103.0,293622.569781,300022.892853,300022.892876,2884.835508423077,0.0,293622.569781,28785.982545386894,91.5343143,62.139058951456306,28.523035678062115,0.34330713573402594,58,64,,True,False,Request timeout: 300.0s exceeded,524,21.16838264042747
412,2026-09-14T02:32:10.607+00:00,2026-09-14T02:37:04.996+00:00,2026-09-14T02:37:10.673+00:00,False,90,89.0,,89.0,294388.88261699997,300065.521081,300065.52097799996,3334.0613441999994,0.0,294388.88261699997,31024.60396003829,90.15582850000001,63.78245465168539,29.981805598835212,0.29660188774562757,58,64,,True,False,Request timeout: 300.0s exceeded,428,21.16838264042747
413,2026-09-14T02:32:13.761+00:00,2026-09-14T02:37:07.761+00:00,2026-09-14T02:37:13.821+00:00,False,90,89.0,,89.0,293999.39059100003,300059.29868700006,300059.298504,3333.9922056000005,0.020390000000000002,293999.39059100003,30983.086318323643,88.35712495000001,68.08885501123595,20.462633625762884,0.2966080384425556,58,64,,True,False,Request timeout: 300.0s exceeded,378,21.16838264042747
414,2026-09-14T02:32:18.771+00:00,2026-09-14T02:37:12.747+00:00,2026-09-14T02:37:18.843+00:00,False,96,95.0,,95.0,293976.70580299996,300072.458763,300072.45876099996,3125.7547787604162,0.04546,293976.70580299996,29997.33021625425,89.658053,64.16582063157894,20.91979564517022,0.31659020088555306,58,64,,True,False,Request timeout: 300.0s exceeded,410,21.16838264042747
415,2026-09-14T02:32:23.147+00:00,2026-09-14T02:37:16.733+00:00,2026-09-14T02:37:23.168+00:00,False,99,98.0,,98.0,293585.417733,300020.511237,300020.511125,3030.5102133838386,0.03374,293585.417733,29499.852210553356,88.8977299,65.66421942857143,20.47023531430226,0.32664433373552015,58,64,,True,False,Request timeout: 300.0s exceeded,400,21.16838264042747
416,2026-09-14T02:32:26.707+00:00,2026-09-14T02:37:20.330+00:00,2026-09-14T02:37:26.742+00:00,False,98,97.0,,97.0,293623.576836,300035.461636,300035.461797,3061.586344867347,0.02966,293623.576836,29653.78985546393,88.079434,66.10190515463918,20.22833823205195,0.32329511808733935,58,64,,True,False,Request timeout: 300.0s exceeded,281,21.16838264042747
417,2026-09-14T02:32:30.382+00:00,2026-09-14T02:37:24.305+00:00,2026-09-14T02:37:30.418+00:00,False,89,88.0,,88.0,293922.09005,300035.313218,300035.313232,3371.183294741573,0.020390000000000002,293922.09005,31148.32186067108,88.02318239999998,69.4684450909091,19.872302594384575,0.2932988089174052,58,64,,True,False,Request timeout: 300.0s exceeded,433,21.16838264042747
418,2026-09-14T02:32:33.488+00:00,2026-09-14T02:37:27.261+00:00,2026-09-14T02:37:33.497+00:00,False,90,89.0,,89.0,293772.288098,300008.16573,300008.165861,3333.424065122222,0.036719999999999996,293772.288098,30958.938356153623,88.57051790000001,70.06604080898876,19.1200697582306,0.2966585918867882,58,64,,True,False,Request timeout: 300.0s exceeded,368,21.16838264042747
419,2026-09-14T02:32:37.806+00:00,2026-09-14T02:37:31.424+00:00,2026-09-14T02:37:37.836+00:00,False,94,93.0,,93.0,293617.553334,300029.546166,300029.546179,3191.803682755319,0.020569,293617.553334,30277.232945019074,87.49005515,68.94615948387097,19.036407720681385,0.30996947196842095,58,64,,True,False,Request timeout: 300.0s exceeded,124,21.16838264042747
420,2026-09-14T02:32:40.933+00:00,2026-09-14T02:37:34.672+00:00,2026-09-14T02:37:41.008+00:00,False,95,94.0,,94.0,293739.23258999997,300074.88263799995,300074.88262299995,3158.682974978947,0.023649,293739.23258999997,30130.10120826946,88.433233,67.4005324255319,20.61509144445729,0.3132551420953095,58,64,,True,False,Request timeout: 300.0s exceeded,431,21.16838264042747
421,2026-09-14T02:32:45.874+00:00,2026-09-14T02:37:39.750+00:00,2026-09-14T02:37:45.910+00:00,False,87,86.0,,86.0,293876.557554,300036.229874,300036.229823,3448.692296816092,0.02177,293876.557554,31499.2007413342,87.9247067,71.62409674418605,18.800891130904436,0.2866320511896701,58,64,,True,False,Request timeout: 300.0s exceeded,440,21.16838264042747
422,2026-09-14T02:32:49.702+00:00,2026-09-14T02:37:43.355+00:00,2026-09-14T02:37:49.711+00:00,False,94,93.0,,93.0,293653.152003,300009.047555,300009.04773700004,3191.5856142234047,0.036109999999999996,293653.152003,30280.96713316351,87.59283595000001,68.34296292473118,19.436948282509057,0.30999065114178104,58,64,,True,False,Request timeout: 300.0s exceeded,452,21.16838264042747
423,2026-09-14T02:32:53.878+00:00,2026-09-14T02:37:47.364+00:00,2026-09-14T02:37:53.916+00:00,False,99,98.0,,98.0,293486.24858200003,300037.84768600005,300037.84767600003,3030.6853300606062,0.02206,293486.24858200003,29489.76533408683,87.7504239,66.85305208163265,19.695969483801335,0.32662545994050846,58,64,,True,False,Request timeout: 300.0s exceeded,458,21.16838264042747
424,2026-09-14T02:32:58.547+00:00,2026-09-14T02:37:52.130+00:00,2026-09-14T02:37:58.621+00:00,False,93,92.0,,92.0,293582.521746,300073.994642,300073.99487399997,3226.6020954193546,0.02146,293582.521746,30435.779263931592,90.077366,70.559488,20.146695367553967,0.3065910463509495,58,64,,True,False,Request timeout: 300.0s exceeded,436,21.16838264042747
425,2026-09-14T02:33:02.892+00:00,2026-09-14T02:37:56.522+00:00,2026-09-14T02:38:02.926+00:00,False,94,93.0,,93.0,293630.248183,300033.585143,300033.585158,3191.8466506170216,0.07509,293630.248183,30278.55267176757,90.64748365,68.85308559139786,20.211588509688433,0.30996529923700034,58,64,,True,False,Request timeout: 300.0s exceeded,428,21.16838264042747
426,2026-09-14T02:33:06.311+00:00,2026-09-14T02:38:00.186+00:00,2026-09-14T02:38:06.342+00:00,False,90,89.0,,89.0,293874.838484,300031.699156,300031.699098,3333.6855455333334,0.036749000000000004,293874.838484,30969.84220021658,89.2864608,69.17820979775281,19.923009128762626,0.29663532303539997,58,64,,True,False,Request timeout: 300.0s exceeded,219,21.16838264042747
427,2026-09-14T02:33:09.886+00:00,2026-09-14T02:38:03.467+00:00,2026-09-14T02:38:12.752+00:00,False,94,93.0,,93.0,293581.002723,302865.401827,302865.402046,3221.9723621914895,0.10973000000000001,293581.002723,30271.798339851433,90.1606963,99.83224843010754,305.68815264114994,0.3070670979220089,58,64,,True,False,Request timeout: 300.0s exceeded,396,21.16838264042747
428,2026-09-14T02:33:13.243+00:00,2026-09-14T02:38:06.736+00:00,2026-09-14T02:38:13.282+00:00,False,108,107.0,,107.0,293492.324837,300038.267877,300038.267972,2778.132110851852,0.01543,293492.324837,28236.920264618333,87.12608450000002,61.177037757009344,291.91967112377944,0.3566211762156433,58,64,,True,False,Request timeout: 300.0s exceeded,453,21.16838264042747
429,2026-09-14T02:33:16.964+00:00,2026-09-14T02:38:12.874+00:00,2026-09-14T02:38:17.052+00:00,False,65,64.0,,64.0,295909.261384,300087.216968,300087.216856,4616.726413169231,0.034929,295909.261384,36694.93903634937,90.1700258,65.280556,26.46486862917811,0.21327133040400278,58,64,,True,False,Request timeout: 300.0s exceeded,267,21.16838264042747
430,2026-09-14T02:33:21.830+00:00,2026-09-14T02:38:14.939+00:00,2026-09-14T02:38:21.871+00:00,False,104,103.0,,103.0,293109.055171,300040.86009900004,300040.860072,2885.008269923077,0.02585,293109.055171,28735.114926243623,87.72189515,67.29907697087378,19.58071624487835,0.3432865775881812,58,64,,True,False,Request timeout: 300.0s exceeded,340,21.16838264042747
431,2026-09-14T02:33:26.172+00:00,2026-09-14T02:38:20.123+00:00,2026-09-14T02:38:26.214+00:00,False,92,91.0,,91.0,293950.310694,300042.22928599996,300042.229277,3261.328579097826,0.02293,293950.310694,30639.465456143356,87.94133305,66.94416035164835,20.020730832623993,0.30329064084262247,58,64,,True,False,Request timeout: 300.0s exceeded,417,21.16838264042747
432,2026-09-14T02:33:30.146+00:00,2026-09-14T02:38:23.949+00:00,2026-09-14T02:38:30.154+00:00,False,95,94.0,,94.0,293803.476933,300008.00634100003,300008.00623700005,3157.979013021053,0.0209,293803.476933,30136.835264357655,88.6032861,66.005632,20.035529393714903,0.3133249713781177,58,64,,True,False,Request timeout: 300.0s exceeded,435,21.16838264042747
433,2026-09-14T02:33:34.410+00:00,2026-09-14T02:38:28.192+00:00,2026-09-14T02:38:34.424+00:00,False,94,93.0,,93.0,293781.77614499995,300014.08206499997,300014.08200199995,3191.639170234042,0.024390000000000002,293781.77614499995,30294.371645295003,89.19554315,67.01404215053763,20.776637429964836,0.3099854492158503,58,64,,True,False,Request timeout: 300.0s exceeded,395,21.16838264042747
434,2026-09-14T02:33:37.580+00:00,2026-09-14T02:38:31.166+00:00,2026-09-14T02:38:37.596+00:00,False,93,92.0,,92.0,293586.782916,300016.261316,300016.261245,3225.9813037096774,0.03561,293586.782916,30436.290800101262,89.13775600000001,69.8856347826087,19.835579576876842,0.30665004488906217,58,64,,True,False,Request timeout: 300.0s exceeded,304,21.16838264042747
435,2026-09-14T02:33:42.415+00:00,2026-09-14T02:38:35.889+00:00,2026-09-14T02:38:42.465+00:00,False,98,97.0,,97.0,293474.094982,300050.173062,300050.173272,3061.736461959184,0.02215,293474.094982,29638.518478355014,87.51473385,67.7946193814433,19.561363553051063,0.32327926696431764,58,64,,True,False,Request timeout: 300.0s exceeded,383,21.16838264042747
436,2026-09-14T02:33:46.318+00:00,2026-09-14T02:38:40.074+00:00,2026-09-14T02:38:46.328+00:00,False,98,97.0,,97.0,293755.859635,300009.654195,300009.654146,3061.323001489796,0.02447,293755.859635,29667.31685422876,86.47613135,64.47210886597938,19.90986562804208,0.3233229285913314,58,64,,True,False,Request timeout: 300.0s exceeded,428,21.16838264042747
437,2026-09-14T02:33:49.387+00:00,2026-09-14T02:38:43.325+00:00,2026-09-14T02:38:49.410+00:00,False,93,92.0,,92.0,293938.094909,300023.124029,300023.12404599995,3226.055097268817,0.03454,293938.094909,30473.108116833555,85.089308,66.14162086956522,19.414458257359055,0.3066430305922265,58,64,,True,False,Request timeout: 300.0s exceeded,352,21.16838264042747
438,2026-09-14T02:33:53.952+00:00,2026-09-14T02:38:47.422+00:00,2026-09-14T02:38:53.984+00:00,False,98,97.0,,97.0,293470.051194,300032.43097,300032.431104,3061.5554194285714,0.039009999999999996,293470.051194,29638.124234128467,87.84407135000001,67.65339975257731,19.522372349306472,0.32329838373272035,58,64,,True,False,Request timeout: 300.0s exceeded,483,21.16838264042747
439,2026-09-14T02:33:57.250+00:00,2026-09-14T02:38:50.832+00:00,2026-09-14T02:38:57.260+00:00,False,94,93.0,,93.0,293582.487416,300009.640568,300009.640501,3191.591920223404,0.020779,293582.487416,30273.599801345994,88.51453065000001,69.10917367741935,19.734868182300197,0.3099900383998517,58,64,,True,False,Request timeout: 300.0s exceeded,287,21.16838264042747
440,2026-09-14T02:34:00.498+00:00,2026-09-14T02:38:54.113+00:00,2026-09-14T02:39:00.582+00:00,False,97,96.0,,96.0,293615.551415,300083.908023,300083.908093,3093.648537041237,0.03675,293615.551415,29805.307466933376,88.42867179999999,67.37871466666667,19.517346844007356,0.31991052313488955,58,64,,True,False,Request timeout: 300.0s exceeded,511,21.16838264042747
441,2026-09-14T02:34:04.142+00:00,2026-09-14T02:38:58.372+00:00,2026-09-14T02:39:04.203+00:00,False,85,84.0,,84.0,294230.331587,300061.003203,300061.003082,3530.129448023529,0.02495,294230.331587,31906.23724957052,87.63794440000001,69.41275733333333,19.44105523531361,0.27994307525250645,58,64,,True,False,Request timeout: 300.0s exceeded,390,21.16838264042747
442,2026-09-14T02:34:08.515+00:00,2026-09-14T02:39:02.184+00:00,2026-09-14T02:39:08.587+00:00,False,98,97.0,,97.0,293669.08423900005,300072.08199900005,300072.08191600005,3061.960019551021,0.03397,293669.08423900005,29658.396303412534,89.3511565,66.01028618556701,20.59820229179778,0.3232556636185943,58,64,,True,False,Request timeout: 300.0s exceeded,378,21.16838264042747
443,2026-09-14T02:34:12.302+00:00,2026-09-14T02:39:06.179+00:00,2026-09-14T02:39:12.336+00:00,False,93,92.0,,92.0,293877.282788,300033.957604,300033.957605,3226.1715871505376,0.02563,293877.282788,30466.72225192027,89.2199676,66.9203784347826,20.660154152685944,0.3066319583779455,58,64,,True,False,Request timeout: 300.0s exceeded,372,21.16838264042747
444,2026-09-14T02:34:15.402+00:00,2026-09-14T02:39:08.896+00:00,2026-09-14T02:39:15.447+00:00,False,99,98.0,,98.0,293493.28474800003,300044.326796,300044.326683,3030.750774575758,0.027710000000000002,293493.28474800003,29490.47303797219,86.75949,66.84736783673469,19.652585436434503,0.3266184068417003,58,64,,True,False,Request timeout: 300.0s exceeded,387,21.16838264042747
445,2026-09-14T02:34:19.610+00:00,2026-09-14T02:39:12.963+00:00,2026-09-14T02:39:19.648+00:00,False,98,97.0,,97.0,293353.184052,300037.502004,300037.502076,3061.6071640408163,0.035840000000000004,293353.184052,29626.191581822368,87.41924434999999,68.91049435051546,19.048768360759563,0.32329291955879175,58,64,,True,False,Request timeout: 300.0s exceeded,465,21.16838264042747
446,2026-09-14T02:34:22.789+00:00,2026-09-14T02:39:16.627+00:00,2026-09-14T02:39:22.848+00:00,False,91,90.0,,90.0,293837.822709,300058.847477,300058.84749899997,3297.3499725164834,0.036109999999999996,293837.822709,30795.33326540963,86.984126,69.12249742222222,19.12375897438663,0.2999411640641546,58,64,,True,False,Request timeout: 300.0s exceeded,448,21.16838264042747
447,2026-09-14T02:34:26.713+00:00,2026-09-14T02:39:20.634+00:00,2026-09-14T02:39:26.752+00:00,False,90,89.0,,89.0,293920.199133,300038.450909,300038.450771,3333.760564122222,0.038119999999999994,293920.199133,30974.66893594684,89.38278495,68.7444019775281,19.246452635752632,0.2966286478628474,58,64,,True,False,Request timeout: 300.0s exceeded,397,21.16838264042747
448,2026-09-14T02:34:29.928+00:00,2026-09-14T02:39:23.697+00:00,2026-09-14T02:39:29.973+00:00,False,95,94.0,,94.0,293769.46624000004,300045.17824000004,300045.17839500005,3158.370298894737,0.02846,293769.46624000004,30133.268030403233,87.5775237,66.76289361702128,19.855986473964176,0.3132861542764447,58,64,,True,False,Request timeout: 300.0s exceeded,586,21.16838264042747
449,2026-09-14T02:34:34.559+00:00,2026-09-14T02:39:28.130+00:00,2026-09-14T02:39:34.583+00:00,False,100,99.0,,99.0,293571.30188700004,300024.25446300005,300024.25448800006,3000.2425448800004,0.02088,293571.30188700004,29350.618842428907,87.75179945,65.18133915151515,20.06263684293681,0.3299733222475485,58,64,,True,False,Request timeout: 300.0s exceeded,326,21.16838264042747
450,2026-09-14T02:34:39.472+00:00,2026-09-14T02:39:33.070+00:00,2026-09-14T02:39:38.112+00:00,True,109,109.0,,109.0,293597.45312,298640.15110400005,298640.151177,2739.8179007064223,0.02129,293597.45312,28117.076492643584,84.0708124,46.691648,27.116027118551795,0.36498776067803845,58,64,,True,True,,440,21.16838264042747
0,2026-09-14T02:04:40.951+00:00,2026-09-14T02:04:41.212+00:00,2026-09-14T02:04:51.941+00:00,True,207,207.0,,207.0,261.247639,10990.142359,10990.14217,53.09247425120773,0.04881,261.247639,23.78667649486468,89.76900169999999,52.08201320388349,18.872756212258253,18.83506084254536,59,64,,False,True,,1149,21.16838264042747
1,2026-09-14T02:04:45.078+00:00,2026-09-14T02:04:45.261+00:00,2026-09-14T02:04:59.794+00:00,True,228,228.0,,228.0,183.155945,14715.889385,14715.889309,64.5433741622807,37.9904,183.155945,22.58844386014138,96.85150085000001,64.02085215859032,21.212473914316753,15.493457040551137,59,64,,False,True,,1077,21.16838264042747
2,2026-09-14T02:04:48.670+00:00,2026-09-14T02:04:52.217+00:00,2026-09-14T02:05:04.367+00:00,True,183,183.0,,183.0,3547.5540440000004,15696.913916000001,15696.914141000001,85.77548710928961,38.616908,3547.5540440000004,258.24914654258663,95.41503189999999,66.75472457142857,22.087306286257505,11.658342587549424,59,64,,False,True,,904,21.16838264042747
3,2026-09-14T02:04:51.295+00:00,2026-09-14T02:04:56.749+00:00,2026-09-14T02:05:13.024+00:00,True,248,248.0,,248.0,5453.317118,21729.151742,21729.151878,87.6175478951613,38.18332,5453.317118,342.7605860586241,94.66605734999999,65.89406730364372,21.285614287870583,11.413238903414898,59,64,,False,True,,1370,21.16838264042747
4,2026-09-14T02:04:54.747+00:00,2026-09-14T02:05:03.278+00:00,2026-09-14T02:05:11.891+00:00,True,133,133.0,,133.0,8530.391494000001,17143.852998000002,17143.853031000002,128.90115060902258,38.842529,8530.391494000001,734.342064756972,95.75758180000001,65.25349624242425,21.810467773795303,7.7578826659045514,59,64,,False,True,,682,21.16838264042747
5,2026-09-14T02:04:57.766+00:00,2026-09-14T02:05:08.372+00:00,2026-09-14T02:05:23.271+00:00,True,222,222.0,,222.0,10606.621847999999,25504.960408,25504.960241999997,114.88720829729729,21.291435,10606.621847999999,707.697042625028,94.70220105,67.41329665158372,22.3584925219599,8.704189163546653,59,64,,False,True,,1034,21.16838264042747
6,2026-09-14T02:05:00.460+00:00,2026-09-14T02:05:12.479+00:00,2026-09-14T02:05:31.688+00:00,True,284,284.0,,284.0,12018.725863,31227.741927,31227.741703,109.95683698239436,21.575804,12018.725863,709.4960494955011,94.39906315,67.87638185159011,22.117360252667776,9.094477617494626,59,64,,False,True,,1251,21.16838264042747
7,2026-09-14T02:05:04.098+00:00,2026-09-14T02:05:18.348+00:00,2026-09-14T02:05:36.312+00:00,True,268,268.0,,268.0,14250.489979,32213.855099,32213.855054,120.20095169402985,39.786487,14250.489979,866.6609397314805,94.97181135000001,67.27852104868914,22.203690088811946,8.319401672863407,59,64,,False,True,,1294,21.16838264042747
8,2026-09-14T02:05:07.494+00:00,2026-09-14T02:05:25.371+00:00,2026-09-14T02:05:42.419+00:00,True,257,257.0,,257.0,17877.263476,34925.492596,34925.492461,135.89685782490272,0.02095,17877.263476,1111.3204622459161,95.5003908,66.594645,26.78059660475634,7.358521838842557,59,64,,False,True,,619,21.16838264042747
9,2026-09-14T02:05:10.578+00:00,2026-09-14T02:05:29.960+00:00,2026-09-14T02:05:41.964+00:00,True,187,187.0,,187.0,19382.125795000004,31386.651875000003,31386.651909000004,167.84305833689842,0.017429,19382.125795000004,1412.913163612503,95.26578190000001,64.54046279569893,27.767814383827723,5.957946733048919,59,64,,False,True,,1028,21.16838264042747
10,2026-09-14T02:05:13.935+00:00,2026-09-14T02:05:35.908+00:00,2026-09-14T02:05:44.557+00:00,True,135,135.0,,135.0,21973.398415,30622.710671,30622.7107,226.83489407407407,0.01768,21973.398415,1885.8538869633037,95.39884230000001,64.5471063880597,30.210736276739812,4.408492816014694,59,64,,False,True,,674,21.16838264042747
11,2026-09-14T02:05:16.818+00:00,2026-09-14T02:05:42.421+00:00,2026-09-14T02:05:51.349+00:00,True,137,137.0,,137.0,25602.543847,34531.077351,34531.077282,252.05165899270074,40.269935,25602.543847,2181.869734676646,94.9669238,65.65098164705883,21.559599314857188,3.9674406508499094,59,64,,False,True,,503,21.16838264042747
12,2026-09-14T02:05:20.822+00:00,2026-09-14T02:05:47.897+00:00,2026-09-14T02:05:57.914+00:00,True,154,154.0,,154.0,27075.335884,37092.229068,37092.229006,240.85862990909092,41.681312,27075.335884,2176.6261475678093,95.950543,65.46989009150327,21.86643065519241,4.15181303117903,59,64,,False,True,,775,21.16838264042747
13,2026-09-14T02:05:24.916+00:00,2026-09-14T02:05:55.423+00:00,2026-09-14T02:06:02.226+00:00,True,106,106.0,,106.0,30507.215603,37309.561587000004,37309.561549,351.97699574528303,41.818392,30507.215603,2956.9057117921066,94.71478300000001,64.78424746666667,21.21648714313282,2.8410947620712386,59,64,,False,True,,541,21.16838264042747
14,2026-09-14T02:05:28.841+00:00,2026-09-14T02:06:02.405+00:00,2026-09-14T02:06:12.708+00:00,True,155,155.0,,155.0,33564.327332,43866.802852,43866.802743,283.0116306,34.279748,33564.327332,2690.667750939891,94.7063653,66.89919168831169,22.0268238087177,3.533423680840081,59,64,,False,True,,694,21.16838264042747
15,2026-09-14T02:05:31.544+00:00,2026-09-14T02:06:07.062+00:00,2026-09-14T02:06:21.448+00:00,True,215,215.0,,215.0,35517.880945,49904.10148899999,49904.101502,232.1121000093023,38.384409,35517.880945,2417.8115076620725,95.024396,67.22532964485981,21.692773323946145,4.308263120364785,59,64,,False,True,,872,21.16838264042747
16,2026-09-14T02:05:34.931+00:00,2026-09-14T02:06:12.791+00:00,2026-09-14T02:06:28.081+00:00,True,231,231.0,,231.0,37859.729351999995,53149.700807999994,53149.700982999995,230.08528564069263,8.621242,37859.729351999995,2486.716029785912,94.09984100000001,66.4781367652174,22.644946853939242,4.346214493934278,59,64,,False,True,,1016,21.16838264042747
17,2026-09-14T02:05:38.047+00:00,2026-09-14T02:06:19.136+00:00,2026-09-14T02:06:30.341+00:00,True,170,170.0,,170.0,41088.831008,52293.3768,52293.376778,307.60809869411764,9.16835,41088.831008,3146.3690288067532,96.236479,66.29908752662722,23.12163165431528,3.2508896996684293,59,64,,False,True,,765,21.16838264042747
18,2026-09-14T02:05:41.586+00:00,2026-09-14T02:06:24.807+00:00,2026-09-14T02:06:42.365+00:00,True,266,266.0,,266.0,43221.006904,60779.314232000004,60779.314236,228.4936625413534,0.01668,43221.006904,2646.156218941654,93.7673895,66.2577635018868,29.943174630566567,4.3764889973034995,59,64,,False,True,,1393,21.16838264042747
19,2026-09-14T02:05:44.425+00:00,2026-09-14T02:06:29.762+00:00,2026-09-14T02:06:45.412+00:00,True,233,233.0,,233.0,45336.932396,60986.237484,60986.237371999996,261.74350803433475,0.01609,45336.932396,2965.860930282809,95.34775300000001,67.4539012413793,30.756094454105586,3.8205341010113725,59,64,,False,True,,1151,21.16838264042747
20,2026-09-14T02:05:47.217+00:00,2026-09-14T02:06:34.917+00:00,2026-09-14T02:06:42.369+00:00,True,111,111.0,,111.0,47700.018877999995,55151.075006,55151.074977,496.8565313243243,39.527257,47700.018877999995,4521.1060647751565,93.23862349999999,67.7368738909091,21.34576374865553,2.01265342494093,59,64,,False,True,,276,21.16838264042747
21,2026-09-14T02:05:50.118+00:00,2026-09-14T02:06:40.297+00:00,2026-09-14T02:06:55.304+00:00,True,227,227.0,,227.0,50178.738613,65186.289077,65186.289083,287.16426908810575,6.487357,50178.738613,3326.1496165556446,95.16810430000001,66.40509054867256,22.71504384792995,3.4823273914528374,59,64,,False,True,,560,21.16838264042747
22,2026-09-14T02:05:53.594+00:00,2026-09-14T02:06:45.278+00:00,2026-09-14T02:06:58.419+00:00,True,200,200.0,,200.0,51683.749116,64825.289212,64825.289035,324.126445175,11.109027,51683.749116,3649.993278576104,94.44256465000001,66.03788992964824,22.64840052687305,3.085215699477009,59,64,,False,True,,985,21.16838264042747
23,2026-09-14T02:05:56.559+00:00,2026-09-14T02:06:50.571+00:00,2026-09-14T02:07:02.333+00:00,True,177,177.0,,177.0,54011.47813,65773.25067400001,65773.250683,371.60028634463276,40.645095,54011.47813,4054.785545542788,94.2850436,66.82825309090909,21.629951244459924,2.6910635887115677,59,64,,False,True,,679,21.16838264042747
24,2026-09-14T02:06:00.151+00:00,2026-09-14T02:06:57.030+00:00,2026-09-14T02:07:06.667+00:00,True,144,144.0,,144.0,56878.398546,66515.758418,66515.758533,461.9149898125,41.050833,56878.398546,4734.296607860723,94.972758,67.39412497902099,20.99771600881004,2.1649005201905926,59,64,,False,True,,885,21.16838264042747
25,2026-09-14T02:06:04.185+00:00,2026-09-14T02:07:04.296+00:00,2026-09-14T02:07:20.459+00:00,True,243,243.0,,243.0,60110.883497,76274.662825,76274.662928,313.88750176131686,0.0,60110.883497,3851.91677287443,96.74733890000002,66.79247656198348,25.87341206148207,3.1858547910926145,59,64,,False,True,,1214,21.16838264042747
26,2026-09-14T02:06:08.166+00:00,2026-09-14T02:07:11.347+00:00,2026-09-14T02:07:25.824+00:00,True,220,220.0,,220.0,63181.515062,77658.750262,77658.750372,352.99431987272726,39.406065999999996,63181.515062,4255.296829866612,95.68161599999999,66.10609680365296,22.04163699447871,2.8329067781515724,59,64,,False,True,,537,21.16838264042747
27,2026-09-14T02:06:11.054+00:00,2026-09-14T02:07:16.111+00:00,2026-09-14T02:07:31.925+00:00,True,240,240.0,,240.0,65057.004192,80870.424224,80870.424233,336.9601009708333,0.019010000000000003,65057.004192,4195.309619924531,96.24688495000001,66.16493737238494,37.73351887390346,2.9677104120937075,59,64,,False,True,,1238,21.16838264042747
28,2026-09-14T02:06:14.856+00:00,2026-09-14T02:07:23.095+00:00,2026-09-14T02:07:34.381+00:00,True,174,174.0,,174.0,68238.597402,79524.643866,79524.644019,457.03818401724135,0.0165,68238.597402,5168.388387065958,95.83117365,65.23726279768786,43.17462382268358,2.188000996184178,59,64,,False,True,,861,21.16838264042747
29,2026-09-14T02:06:18.090+00:00,2026-09-14T02:07:29.860+00:00,2026-09-14T02:07:39.890+00:00,True,154,154.0,,154.0,71770.052034,81800.60179399999,81800.601755,531.1727386688311,0.03325,71770.052034,5778.165504923842,95.42222394999999,65.55914875816994,24.784153829100493,1.8826267365100948,59,64,,False,True,,647,21.16838264042747
30,2026-09-14T02:06:21.211+00:00,2026-09-14T02:07:34.772+00:00,2026-09-14T02:07:42.840+00:00,True,125,125.0,,125.0,73561.58828200001,81629.60620200001,81629.60600200001,653.0368480160001,38.004419,73561.58828200001,6573.761712879172,93.67249799999999,65.0646606451613,20.849115868991426,1.5313071545472845,59,64,,False,True,,589,21.16838264042747
31,2026-09-14T02:06:23.891+00:00,2026-09-14T02:07:38.482+00:00,2026-09-14T02:07:48.770+00:00,True,162,162.0,,162.0,74590.56276100001,84878.18746500001,84878.187386,523.939428308642,34.914746,74590.56276100001,5855.403087129078,93.31332905,63.89829008695652,20.403685099559063,1.9086175711139166,59,64,,False,True,,547,21.16838264042747
32,2026-09-14T02:06:26.876+00:00,2026-09-14T02:07:44.431+00:00,2026-09-14T02:07:59.447+00:00,True,231,231.0,,231.0,77554.093664,92570.569568,92570.569377,400.73839557142855,0.0,77554.093664,5098.44567455531,92.1858605,65.28902566956522,24.084510310683275,2.4953935260203104,59,64,,False,True,,848,21.16838264042747
33,2026-09-14T02:06:30.990+00:00,2026-09-14T02:07:51.381+00:00,2026-09-14T02:08:02.016+00:00,True,160,160.0,,160.0,80390.973203,91025.509651,91025.509776,568.9094361,0.0,80390.973203,6350.230541178695,95.38696099999999,66.88387703144654,26.200303605838727,1.7577490157808993,59,64,,False,True,,816,21.16838264042747
34,2026-09-14T02:06:34.293+00:00,2026-09-14T02:07:57.046+00:00,2026-09-14T02:08:03.680+00:00,True,102,102.0,,102.0,82753.049744,89387.6548,89387.654892,876.3495577647059,38.864728,82753.049744,8187.297578298851,96.56798065,65.68915897029703,21.857141580952945,1.1410971708366153,59,64,,False,True,,414,21.16838264042747
35,2026-09-14T02:06:37.343+00:00,2026-09-14T02:08:01.691+00:00,2026-09-14T02:08:17.634+00:00,True,245,245.0,,245.0,84348.051006,100291.323198,100291.32322199999,409.35233968163266,0.0,84348.051006,5384.687629232404,95.8425212,65.34127947540983,26.063893369266875,2.442883314205648,59,64,,False,True,,1114,21.16838264042747
36,2026-09-14T02:06:40.858+00:00,2026-09-14T02:08:08.558+00:00,2026-09-14T02:08:23.092+00:00,True,222,222.0,,222.0,87699.563203,102233.74995499999,102233.749936,460.5123870990991,0.0,87699.563203,5881.797618448485,96.05058045000001,65.76555091402714,48.884202002426335,2.1714942482078303,59,64,,False,True,,1040,21.16838264042747
37,2026-09-14T02:06:44.286+00:00,2026-09-14T02:08:15.034+00:00,2026-09-14T02:08:33.623+00:00,True,278,278.0,,278.0,90748.056558,109337.23441399999,109337.23430099999,393.2994039604316,0.01727,90748.056558,5438.845008659681,95.8026967,67.10894532851985,42.208196462343736,2.542592205573509,59,64,,False,True,,1274,21.16838264042747
38,2026-09-14T02:06:48.223+00:00,2026-09-14T02:08:21.334+00:00,2026-09-14T02:08:35.560+00:00,True,214,214.0,,214.0,93111.357786,107337.05404199999,107337.05397299999,501.5750185654205,0.016050000000000002,93111.357786,6360.564857218501,96.1477145,66.78730636619719,46.470197208554396,1.993719707606879,59,64,,False,True,,998,21.16838264042747
39,2026-09-14T02:06:51.168+00:00,2026-09-14T02:08:27.472+00:00,2026-09-14T02:08:44.135+00:00,True,250,250.0,,250.0,96303.302456,112966.754104,112966.754128,451.867016512,0.0,96303.302456,6086.57163238752,95.49000795,66.921492562249,24.341992546793634,2.213040482422322,59,64,,False,True,,1214,21.16838264042747
40,2026-09-14T02:06:54.661+00:00,2026-09-14T02:08:33.266+00:00,2026-09-14T02:08:51.772+00:00,True,276,276.0,,276.0,98604.703097,117110.14668100001,117110.14662,424.3121254347826,0.0,98604.703097,5931.303252787307,94.73330475,67.29252212363636,23.939582919457564,2.3567556511717553,59,64,,False,True,,1376,21.16838264042747
41,2026-09-14T02:06:56.927+00:00,2026-09-14T02:08:36.995+00:00,2026-09-14T02:08:54.974+00:00,True,271,271.0,,271.0,100067.71176800001,118047.459352,118047.45929900001,435.59948080811813,39.654866,100067.71176800001,6074.674881418845,95.51702300000001,66.59165771851852,21.93259473753415,2.2956868490656643,59,64,,False,True,,1246,21.16838264042747
42,2026-09-14T02:07:00.074+00:00,2026-09-14T02:08:42.840+00:00,2026-09-14T02:08:57.507+00:00,True,221,221.0,,221.0,102766.01241,117433.59922599999,117433.59913999999,531.3737517647058,39.979434999999995,102766.01241,6908.34176986232,95.39971899999999,66.67084916363636,22.497802911305858,1.8819145581554333,59,64,,False,True,,1125,21.16838264042747
43,2026-09-14T02:07:03.899+00:00,2026-09-14T02:08:50.626+00:00,2026-09-14T02:09:04.522+00:00,True,210,210.0,,210.0,106727.017197,120623.004141,120623.00408999999,574.3952575714285,0.0,106727.017197,7360.328693350723,94.33453494999999,66.48797580861245,27.977220368242737,1.740961448402698,59,64,,False,True,,910,21.16838264042747
44,2026-09-14T02:07:06.478+00:00,2026-09-14T02:08:54.611+00:00,2026-09-14T02:09:03.295+00:00,True,133,133.0,,133.0,108132.81594599999,116817.39655399999,116817.39640399998,878.3262887518796,0.0,108132.81594599999,9370.652295955979,96.2594772,65.79227733333333,31.617353771282755,1.1385290540910098,59,64,,False,True,,653,21.16838264042747
45,2026-09-14T02:07:09.618+00:00,2026-09-14T02:09:01.065+00:00,2026-09-14T02:09:20.584+00:00,True,293,293.0,,293.0,111446.84719300001,130965.66242500002,130965.66225000001,446.98178242320824,0.01627,111446.84719300001,6507.050633716242,95.83090339999998,66.84525764383562,45.91554318596608,2.237227641006986,59,64,,False,True,,1510,21.16838264042747
46,2026-09-14T02:07:13.522+00:00,2026-09-14T02:09:06.855+00:00,2026-09-14T02:09:21.085+00:00,True,214,214.0,,214.0,113332.82102500001,127563.48470500001,127563.48474000001,596.0910501869159,0.015560000000000001,113332.82102500001,7742.88358331428,97.3559155,66.8106276056338,52.700990899521386,1.6775960651662254,59,64,,False,True,,941,21.16838264042747
47,2026-09-14T02:07:17.449+00:00,2026-09-14T02:09:15.313+00:00,2026-09-14T02:09:24.468+00:00,True,137,137.0,,137.0,117863.441573,127018.316965,127018.316949,927.1409996277373,0.0,117863.441573,10064.25349855041,98.3778018,67.31526023529412,71.37595894230992,1.078584595304868,59,64,,False,True,,450,21.16838264042747
48,2026-09-14T02:07:20.097+00:00,2026-09-14T02:09:19.442+00:00,2026-09-14T02:09:29.224+00:00,True,144,144.0,,144.0,119345.508301,129127.00769299999,129127.007613,896.7153306458333,0.0,119345.508301,9939.810583208746,97.27020830000001,68.40209365034964,32.18173079520769,1.1151811117807409,59,64,,False,True,,759,21.16838264042747
49,2026-09-14T02:07:23.982+00:00,2026-09-14T02:09:26.183+00:00,2026-09-14T02:09:41.889+00:00,True,239,239.0,,239.0,122201.545124,137907.254692,137907.254574,577.0178015648536,38.841888,122201.545124,7900.321354340375,94.742665,65.99037633613446,21.478064151310946,1.7330487836465098,59,64,,False,True,,1171,21.16838264042747
50,2026-09-14T02:07:27.256+00:00,2026-09-14T02:09:31.387+00:00,2026-09-14T02:09:41.886+00:00,True,161,161.0,,161.0,124131.23436399999,134630.0135,134630.013591,836.2112645403726,41.031743999999996,124131.23436399999,9777.763813226162,96.385397,65.6173696,21.473532088900612,1.1958700427523912,59,64,,False,True,,588,21.16838264042747
51,2026-09-14T02:07:30.983+00:00,2026-09-14T02:09:37.807+00:00,2026-09-14T02:09:54.709+00:00,True,256,256.0,,256.0,126824.097593,143726.081593,143726.081727,561.4300067460938,0.0,126824.097593,7922.4138855134825,95.05254975,66.28229019607843,28.32286999130023,1.781165931489975,59,64,,False,True,,1210,21.16838264042747
52,2026-09-14T02:07:34.716+00:00,2026-09-14T02:09:43.849+00:00,2026-09-14T02:09:57.037+00:00,True,201,201.0,,201.0,129132.74325300001,142321.44904500002,142321.449059,708.0669107412936,0.0,129132.74325300001,9103.720278994553,94.56051,65.94352896,30.291925995627643,1.4122959072489958,59,64,,False,True,,732,21.16838264042747
53,2026-09-14T02:07:37.554+00:00,2026-09-14T02:09:49.269+00:00,2026-09-14T02:09:59.908+00:00,True,160,160.0,,160.0,131715.644983,142354.652215,142354.652074,889.7165754625,31.111965,131715.644983,10407.770620155612,95.390276,66.91199516981132,22.625016390139567,1.123953432574511,59,64,,False,True,,224,21.16838264042747
54,2026-09-14T02:07:40.984+00:00,2026-09-14T02:09:55.847+00:00,2026-09-14T02:10:08.253+00:00,True,187,187.0,,187.0,134862.75948500002,147269.069373,147269.069473,787.5351308716579,38.0259,134862.75948500002,9857.287994179562,95.0245153,66.70059079569893,21.773958730051024,1.2697846248105928,59,64,,False,True,,879,21.16838264042747
55,2026-09-14T02:07:44.086+00:00,2026-09-14T02:10:01.301+00:00,2026-09-14T02:10:18.466+00:00,True,247,247.0,,247.0,137215.39898199998,154380.01338199998,154380.01325,625.0202965587044,0.0,137215.39898199998,8726.59704800403,95.53105729999999,69.77485528455284,63.48039271774509,1.5999480411290021,59,64,,False,True,,1255,21.16838264042747
56,2026-09-14T02:07:46.502+00:00,2026-09-14T02:10:05.858+00:00,2026-09-14T02:10:18.497+00:00,True,188,188.0,,188.0,139355.88101800001,151994.916154,151994.916135,808.4835964627661,0.0,139355.88101800001,10158.912077082874,97.01992549999999,67.58842318716579,74.16408242462361,1.2368834745072652,59,64,,False,True,,832,21.16838264042747
57,2026-09-14T02:07:50.295+00:00,2026-09-14T02:10:12.309+00:00,2026-09-14T02:10:20.447+00:00,True,128,128.0,,128.0,142013.72955000002,150151.33953400003,150151.33953300002,1173.0573401015627,0.015179999999999999,142013.72955000002,12546.95905570366,95.78408485,64.07566916535433,81.66831700040474,0.8524732473067008,59,64,,False,True,,284,21.16838264042747
58,2026-09-14T02:07:53.205+00:00,2026-09-14T02:10:17.097+00:00,2026-09-14T02:10:28.876+00:00,True,183,183.0,,183.0,143892.37477000002,155670.49675400002,155670.49665500002,850.6584516666668,0.01626,143892.37477000002,10632.276318098531,95.14754,64.71495595604397,70.09197940804341,1.1755599411312196,59,64,,False,True,,638,21.16838264042747
59,2026-09-14T02:07:57.225+00:00,2026-09-14T02:10:25.285+00:00,2026-09-14T02:10:41.272+00:00,True,238,238.0,,238.0,148060.18531,164047.312862,164047.312926,689.2744240588236,0.0,148060.18531,9592.993777403059,94.9414342,67.45623439662448,31.029639262793133,1.4508009661835215,59,64,,False,True,,1327,21.16838264042747
60,2026-09-14T02:08:00.403+00:00,2026-09-14T02:10:30.098+00:00,2026-09-14T02:10:46.114+00:00,True,241,241.0,,241.0,149695.089915,165710.808059,165710.80821,687.5967145643153,0.0,149695.089915,9638.460789718612,96.002488,66.73215893333332,31.412629316361468,1.45434086540809,59,64,,False,True,,1086,21.16838264042747
61,2026-09-14T02:08:03.589+00:00,2026-09-14T02:10:36.063+00:00,2026-09-14T02:10:49.800+00:00,True,209,209.0,,209.0,152473.380294,166210.804934,166210.804851,795.2670088564594,0.0,152473.380294,10542.286706609439,95.657532,66.04531076923077,32.840694598944175,1.2574393107776054,59,64,,False,True,,969,21.16838264042747
62,2026-09-14T02:08:06.741+00:00,2026-09-14T02:10:41.093+00:00,2026-09-14T02:10:53.426+00:00,True,186,186.0,,186.0,154352.640779,166685.285899,166685.28589300002,896.1574510376345,12.117934,154352.640779,11312.819023732894,95.85232475000001,66.6629465945946,22.50045649631634,1.1158753395467875,59,64,,False,True,,727,21.16838264042747
63,2026-09-14T02:08:09.327+00:00,2026-09-14T02:10:46.758+00:00,2026-09-14T02:10:55.476+00:00,True,133,133.0,,133.0,157430.86901300002,166148.069909,166148.06996300002,1249.233608744361,11.621925,157430.86901300002,13645.279879833606,95.9964112,66.03940072727272,22.62740900939312,0.8004907915743147,59,64,,False,True,,602,21.16838264042747
64,2026-09-14T02:08:11.845+00:00,2026-09-14T02:10:51.094+00:00,2026-09-14T02:11:08.727+00:00,True,268,268.0,,268.0,159248.41119299998,176881.70296899998,176881.70275399997,660.0063535597014,39.833866,159248.41119299998,9723.633179839086,93.25801535000001,66.04229129588015,20.91056661773676,1.5151369276842008,59,64,,False,True,,1286,21.16838264042747
65,2026-09-14T02:08:15.429+00:00,2026-09-14T02:10:56.821+00:00,2026-09-14T02:11:03.795+00:00,True,107,107.0,,107.0,161391.540845,168366.08548500002,168366.085525,1573.5148179906544,39.827566,161391.540845,15595.961943904238,92.012412,65.79759094339623,20.755992166055176,0.6355199130025078,59,64,,False,True,,482,21.16838264042747
66,2026-09-14T02:08:18.797+00:00,2026-09-14T02:11:02.852+00:00,2026-09-14T02:11:20.629+00:00,True,270,270.0,,270.0,164055.533542,181832.01200599998,181832.012047,673.4518964703703,0.0,164055.533542,9980.127237822679,95.71607,66.08356306319702,30.729276684119704,1.484887050532613,59,64,,False,True,,1179,21.16838264042747
67,2026-09-14T02:08:21.412+00:00,2026-09-14T02:11:07.619+00:00,2026-09-14T02:11:15.749+00:00,True,120,120.0,,120.0,166207.272737,174337.506081,174337.505963,1452.8125496916666,0.0,166207.272737,15166.389495944557,95.23990005,68.32128860504201,38.15763107360503,0.6883200448229774,59,64,,False,True,,540,21.16838264042747
68,2026-09-14T02:08:24.634+00:00,2026-09-14T02:11:12.517+00:00,2026-09-14T02:11:19.795+00:00,True,113,113.0,,113.0,167882.679959,175160.662167,175160.66215,1550.0943553097345,36.897033,167882.679959,15786.975605242269,96.0880636,64.981984,21.52872212363165,0.6451220188484137,59,64,,False,True,,437,21.16838264042747
69,2026-09-14T02:08:28.060+00:00,2026-09-14T02:11:18.930+00:00,2026-09-14T02:11:35.815+00:00,True,252,252.0,,252.0,170869.487407,187754.574639,187754.574641,745.0578358769842,0.015529999999999999,170869.487407,10759.736327561208,96.27773350000001,67.27126387250996,67.0460920220786,1.3421776832043968,59,64,,False,True,,1031,21.16838264042747
70,2026-09-14T02:08:32.128+00:00,2026-09-14T02:11:26.500+00:00,2026-09-14T02:11:42.492+00:00,True,243,243.0,,243.0,174372.822947,190363.986083,190363.986035,783.3908890329218,0.0,174372.822947,11182.013114389385,95.74617110000001,66.07918651239669,71.9131417554163,1.276501952916926,59,64,,False,True,,825,21.16838264042747
71,2026-09-14T02:08:35.917+00:00,2026-09-14T02:11:32.346+00:00,2026-09-14T02:11:46.995+00:00,True,222,222.0,,222.0,176428.561648,191078.392304,191078.39239300002,860.7134792477477,0.0,176428.561648,11836.702145753185,93.65670399999999,66.28882649773756,31.382663274959285,1.1618268152832512,59,64,,False,True,,898,21.16838264042747
72,2026-09-14T02:08:38.448+00:00,2026-09-14T02:11:37.029+00:00,2026-09-14T02:11:50.821+00:00,True,207,207.0,,207.0,178581.23313100002,192373.27357900003,192373.27367300002,929.3394863429952,0.0,178581.23313100002,12407.64201483995,95.80422,66.95165266019417,32.26481797473195,1.0760330484005272,59,64,,False,True,,917,21.16838264042747
73,2026-09-14T02:08:42.482+00:00,2026-09-14T02:11:43.978+00:00,2026-09-14T02:11:55.721+00:00,True,174,174.0,,174.0,181495.735372,193238.67502,193238.675084,1110.567098183908,39.849455999999996,181495.735372,13754.028632343465,94.65122300000002,67.87826386127168,22.489294879491624,0.9004408666225392,59,64,,False,True,,812,21.16838264042747
74,2026-09-14T02:08:45.390+00:00,2026-09-14T02:11:49.118+00:00,2026-09-14T02:12:04.221+00:00,True,227,227.0,,227.0,183728.156088,198830.47467999998,198830.47464899998,875.9051746651982,38.561938999999995,183728.156088,12190.051428959976,97.5527103,66.82441854867257,22.51582188644345,1.1416760955046572,59,64,,False,True,,1209,21.16838264042747
75,2026-09-14T02:08:48.561+00:00,2026-09-14T02:11:55.059+00:00,2026-09-14T02:12:06.124+00:00,True,165,165.0,,165.0,186497.674323,197562.209107,197562.209004,1197.3467212363637,37.604961,186497.674323,14513.59108705558,97.8197952,67.46667551219512,23.62172400289191,0.8351799706321149,59,64,,False,True,,779,21.16838264042747
76,2026-09-14T02:08:50.949+00:00,2026-09-14T02:11:59.990+00:00,2026-09-14T02:12:12.672+00:00,True,187,187.0,,187.0,189040.867332,201722.801924,201722.801954,1078.7315612513369,35.963905,189040.867332,13819.071673669792,98.897055,68.18244404301076,23.771847093662274,0.9270146865719876,59,64,,False,True,,842,21.16838264042747
77,2026-09-14T02:08:54.723+00:00,2026-09-14T02:12:06.590+00:00,2026-09-14T02:12:23.980+00:00,True,258,258.0,,258.0,191867.28300999998,209256.834626,209256.83466099997,811.0730025620154,0.0,191867.28300999998,11940.967957638797,97.11557414999999,67.66362496498054,32.92932652382115,1.2329346396791176,59,64,,False,True,,1153,21.16838264042747
78,2026-09-14T02:08:58.648+00:00,2026-09-14T02:12:13.887+00:00,2026-09-14T02:12:24.884+00:00,True,165,165.0,,165.0,195239.22994100003,206235.996661,206235.996535,1249.9151305151518,0.0,195239.22994100003,15194.177218857063,94.6904722,67.0534556097561,36.630798233517176,0.8000543196696085,59,64,,False,True,,853,21.16838264042747
79,2026-09-14T02:09:02.228+00:00,2026-09-14T02:12:19.920+00:00,2026-09-14T02:12:29.655+00:00,True,147,147.0,,147.0,197691.729108,207426.46626,207426.466151,1411.064395585034,40.646395,197691.729108,16299.853072151674,93.5159183,66.6762818630137,21.001256994384747,0.7086848783112467,59,64,,False,True,,590,21.16838264042747
80,2026-09-14T02:09:05.288+00:00,2026-09-14T02:12:24.558+00:00,2026-09-14T02:12:32.971+00:00,True,132,132.0,,132.0,199269.427697,207682.904561,207682.904535,1573.3553373863638,40.491023999999996,199269.427697,17338.600044392624,94.82687904999999,64.22501422900763,21.046159521905032,0.6355843312140762,59,64,,False,True,,685,21.16838264042747
81,2026-09-14T02:09:08.132+00:00,2026-09-14T02:12:30.799+00:00,2026-09-14T02:12:45.748+00:00,True,229,229.0,,229.0,202667.430977,217616.605505,217616.605541,950.2908538908298,33.067211,202667.430977,13388.32501170599,94.41945299999999,65.56655494736842,21.358538018814063,1.0523094019805324,59,64,,False,True,,944,21.16838264042747
82,2026-09-14T02:09:10.615+00:00,2026-09-14T02:12:34.970+00:00,2026-09-14T02:12:43.252+00:00,True,128,128.0,,128.0,204355.16720199998,212637.08464199997,212637.08469699998,1661.2272241953124,34.810345999999996,204355.16720199998,18056.86385975292,94.82208705,65.2119483464567,21.13691592260069,0.6019646112788997,59,64,,False,True,,491,21.16838264042747
83,2026-09-14T02:09:13.754+00:00,2026-09-14T02:12:40.384+00:00,2026-09-14T02:12:52.429+00:00,True,173,173.0,,173.0,206629.649312,218675.039648,218675.03969499998,1264.0175704913295,0.0,206629.649312,15704.725004354395,95.16079359999999,70.0313391627907,95.39719390305095,0.791128243435909,59,64,,False,True,,820,21.16838264042747
84,2026-09-14T02:09:16.421+00:00,2026-09-14T02:12:45.749+00:00,2026-09-14T02:12:57.924+00:00,True,187,187.0,,187.0,209327.66129699998,221503.02052899997,221503.02042699998,1184.5081306256684,0.0,209327.66129699998,15303.048023648083,93.97616599999999,65.45892060215054,92.85903905135206,0.8442322797829174,59,64,,False,True,,760,21.16838264042747
85,2026-09-14T02:09:19.958+00:00,2026-09-14T02:12:52.375+00:00,2026-09-14T02:13:11.327+00:00,True,296,296.0,,296.0,212416.964562,231368.24213,231368.242142,781.649466695946,0.01541,212416.964562,12342.775643583132,94.611551,64.24161887457628,24.549826908850704,1.2793458483108717,59,64,,False,True,,1078,21.16838264042747
86,2026-09-14T02:09:22.560+00:00,2026-09-14T02:12:56.956+00:00,2026-09-14T02:13:14.784+00:00,True,267,267.0,,267.0,214395.323825,232223.082929,232223.083134,869.7493750337079,30.043526999999997,214395.323825,13116.696967250951,95.09391169999999,67.02165076691729,21.702921035705916,1.1497565041009843,59,64,,False,True,,1162,21.16838264042747
87,2026-09-14T02:09:25.941+00:00,2026-09-14T02:13:01.922+00:00,2026-09-14T02:13:19.986+00:00,True,273,273.0,,273.0,215980.963698,234044.97701,234044.976999,857.307608054945,35.589155,215980.963698,13067.76192146411,94.79388940000001,66.41181364705882,22.190114038370673,1.1664424654084142,59,64,,False,True,,892,21.16838264042747
88,2026-09-14T02:09:29.237+00:00,2026-09-14T02:13:07.378+00:00,2026-09-14T02:13:23.210+00:00,True,242,242.0,,242.0,218140.607851,233972.709739,233972.70959,966.8293784710744,40.934594,218140.607851,14018.402766064173,94.44325205,65.69336882987552,21.43930520442602,1.0343086604841845,59,64,,False,True,,1046,21.16838264042747
89,2026-09-14T02:09:32.478+00:00,2026-09-14T02:13:14.231+00:00,2026-09-14T02:13:30.126+00:00,True,245,245.0,,245.0,221753.606132,237648.59237199998,237648.59216799997,969.9942537469387,33.09146,221753.606132,14163.17255953102,93.5637132,65.1433862295082,21.466717307407222,1.030933941390625,59,64,,False,True,,904,21.16838264042747
90,2026-09-14T02:09:35.378+00:00,2026-09-14T02:13:18.593+00:00,2026-09-14T02:13:38.185+00:00,True,300,300.0,,300.0,223215.51175799998,242807.36660599997,242807.366498,809.3578883266666,0.0,223215.51175799998,12883.61461353461,92.751991,65.52459815384616,33.76523658366564,1.2355473567109918,59,64,,False,True,,1197,21.16838264042747
91,2026-09-14T02:09:37.775+00:00,2026-09-14T02:13:22.713+00:00,2026-09-14T02:13:41.932+00:00,True,293,293.0,,293.0,224937.293339,244157.132059,244157.13222,833.3007925597269,0.0,224937.293339,13137.175441816262,92.9934446,65.82136547945206,33.973348007847015,1.2000468613351718,59,64,,False,True,,1054,21.16838264042747
92,2026-09-14T02:09:40.206+00:00,2026-09-14T02:13:27.220+00:00,2026-09-14T02:13:41.842+00:00,True,223,223.0,,223.0,227013.945875,241636.058387,241636.058486,1083.5697689955157,0.0,227013.945875,15197.613588764247,93.56228999999999,65.86537167567568,37.49315282218836,0.9228755074412246,59,64,,False,True,,1211,21.16838264042747
93,2026-09-14T02:09:43.798+00:00,2026-09-14T02:13:33.042+00:00,2026-09-14T02:13:50.717+00:00,True,262,262.0,,262.0,229243.835341,246918.936781,246918.936924,942.4386905496183,40.340565000000005,229243.835341,14158.56509210521,96.37260500000001,67.7206951724138,22.268844563745002,1.0610769810351803,59,64,,False,True,,1389,21.16838264042747
94,2026-09-14T02:09:47.579+00:00,2026-09-14T02:13:40.451+00:00,2026-09-14T02:13:47.854+00:00,True,109,109.0,,109.0,232871.89891299998,240275.09379299998,240275.09377299997,2204.3586584678897,42.051181,232871.89891299998,22298.528779667082,97.1918994,68.54810074074075,23.154249663181197,0.453646685885408,59,64,,False,True,,404,21.16838264042747
95,2026-09-14T02:09:50.072+00:00,2026-09-14T02:13:45.295+00:00,2026-09-14T02:14:01.516+00:00,True,244,244.0,,244.0,235222.843245,251443.983213,251443.983324,1030.5081283770492,31.646313,235222.843245,15054.341893650215,94.78550500000001,66.75366241975308,21.918108768705306,0.9703950632746136,59,64,,False,True,,1326,21.16838264042747
96,2026-09-14T02:09:53.770+00:00,2026-09-14T02:13:52.087+00:00,2026-09-14T02:14:04.270+00:00,True,185,185.0,,185.0,238316.261986,250499.77148999998,250499.771364,1354.0528181837838,36.443452,238316.261986,17516.50649952773,94.904172,66.21472556521739,22.719145011851662,0.7385236277845677,59,64,,False,True,,855,21.16838264042747
97,2026-09-14T02:09:56.693+00:00,2026-09-14T02:13:56.889+00:00,2026-09-14T02:14:07.011+00:00,True,153,153.0,,153.0,240196.820455,250318.335463,250318.335571,1636.0675527516341,34.756175999999996,240196.820455,19413.390802437967,94.71714519999999,66.58891452631579,21.839486536222473,0.6112217058211271,59,64,,False,True,,721,21.16838264042747
98,2026-09-14T02:10:00.764+00:00,2026-09-14T02:14:04.972+00:00,2026-09-14T02:14:24.362+00:00,True,289,289.0,,289.0,244208.485722,263598.380634,263598.380565,912.1051230622837,0.0,244208.485722,14361.292183741407,95.66952300000001,67.326024,36.999296666945845,1.096364853626584,59,64,,False,True,,604,21.16838264042747
99,2026-09-14T02:10:03.735+00:00,2026-09-14T02:14:10.042+00:00,2026-09-14T02:14:26.343+00:00,True,245,245.0,,245.0,246307.104012,262607.763212,262607.763189,1071.868421179592,0.0,246307.104012,15731.762730383238,95.32781999999999,66.80598032786885,38.59677197192779,0.9329503324782311,59,64,,False,True,,884,21.16838264042747
100,2026-09-14T02:10:07.410+00:00,2026-09-14T02:14:16.646+00:00,2026-09-14T02:14:31.936+00:00,True,222,222.0,,222.0,249236.22703799998,264526.18185399997,264526.181985,1191.5593783108106,0.01581,249236.22703799998,16723.274050304528,94.86937954999999,69.18531590950226,96.50084193898644,0.8392363978644978,59,64,,False,True,,730,21.16838264042747
101,2026-09-14T02:10:10.980+00:00,2026-09-14T02:14:22.942+00:00,2026-09-14T02:14:41.655+00:00,True,284,284.0,,284.0,251961.820389,270674.365157,270674.365154,953.0787505422535,0.01579,251961.820389,14947.520181016876,93.59591215,66.1220663180212,88.39578736232347,1.0492312407762394,59,64,,False,True,,1096,21.16838264042747
102,2026-09-14T02:10:14.702+00:00,2026-09-14T02:14:29.713+00:00,2026-09-14T02:14:37.615+00:00,True,119,119.0,,119.0,255010.86781999998,262912.26174,262912.26165999996,2209.3467366386553,0.01583,255010.86781999998,23371.02502645864,92.9527468,66.96096542372882,129.43759678366933,0.45262248026180635,59,64,,False,True,,627,21.16838264042747
103,2026-09-14T02:10:18.649+00:00,2026-09-14T02:14:36.417+00:00,2026-09-14T02:14:48.778+00:00,True,191,191.0,,191.0,257768.12871000002,270128.48711000005,270128.48687300005,1414.2852715863876,40.716144,257768.12871000002,18646.752471497162,92.585783,65.05451789473685,21.606627160960006,0.7070709277774994,59,64,,False,True,,750,21.16838264042747
104,2026-09-14T02:10:22.510+00:00,2026-09-14T02:14:43.673+00:00,2026-09-14T02:14:57.427+00:00,True,206,206.0,,206.0,261162.92012599998,274917.00268599996,274917.00274599995,1334.5485570194173,31.874842,261162.92012599998,18191.42170517555,95.74872925,67.09308565853658,22.172011746099287,0.7493170592845636,59,64,,False,True,,903,21.16838264042747
105,2026-09-14T02:10:26.511+00:00,2026-09-14T02:14:50.116+00:00,2026-09-14T02:15:03.169+00:00,True,191,191.0,,191.0,263604.800474,276658.27785,276658.277823,1448.4726587591622,0.0,263604.800474,19068.85210355715,95.234788,68.70251250526316,43.47447153334437,0.6903823788838784,59,64,,False,True,,1024,21.16838264042747
106,2026-09-14T02:10:30.557+00:00,2026-09-14T02:14:57.566+00:00,2026-09-14T02:15:11.656+00:00,True,207,207.0,,207.0,267008.693836,281099.28506799997,281099.28501399996,1357.9675604541062,0.0,267008.693836,18553.682419722965,96.05821189999999,68.40092831067962,42.96176472098961,0.7363946156957503,59,64,,False,True,,872,21.16838264042747
107,2026-09-14T02:10:33.242+00:00,2026-09-14T02:15:02.188+00:00,2026-09-14T02:15:19.364+00:00,True,254,254.0,,254.0,268945.902384,286122.54724800005,286122.547073,1126.4667207598425,39.010377,268945.902384,16870.921543047913,95.6069945,67.89187693280633,22.30493793108303,0.8877315068072652,59,64,,False,True,,1258,21.16838264042747
108,2026-09-14T02:10:35.791+00:00,2026-09-14T02:15:06.612+00:00,2026-09-14T02:15:24.740+00:00,True,272,272.0,,272.0,270821.509345,288949.320673,288949.32054600003,1062.3136784779413,39.312675999999996,270821.509345,16416.92579462164,96.311867,66.89229272324722,22.76455754956073,0.9413415451764245,59,64,,False,True,,1154,21.16838264042747
109,2026-09-14T02:10:39.686+00:00,2026-09-14T02:15:13.462+00:00,2026-09-14T02:15:24.465+00:00,True,164,164.0,,164.0,273775.296198,284778.85383000004,284778.853865,1736.4564260060977,40.549233,273775.296198,21372.999781660994,97.49999635,67.5064885398773,22.90029861248038,0.57588545565922,59,64,,False,True,,864,21.16838264042747
110,2026-09-14T02:10:42.404+00:00,2026-09-14T02:15:18.824+00:00,2026-09-14T02:15:32.553+00:00,True,202,202.0,,202.0,276419.539602,290148.619922,290148.619936,1436.3793066138612,39.733146,276419.539602,19444.018223585063,96.7940451,68.30388218905473,22.652911468567744,0.6961949364236274,59,64,,False,True,,816,21.16838264042747
111,2026-09-14T02:10:44.663+00:00,2026-09-14T02:15:22.207+00:00,2026-09-14T02:15:38.004+00:00,True,230,230.0,,230.0,277544.80530400004,293341.851832,293341.851695,1275.3993551956523,40.827463,277544.80530400004,18296.22776049712,97.09822694999998,68.982735930131,22.550547217921732,0.7840681394884063,59,64,,False,True,,1247,21.16838264042747
112,2026-09-14T02:10:47.902+00:00,2026-09-14T02:15:28.294+00:00,2026-09-14T02:15:39.046+00:00,True,156,156.0,,156.0,280392.50009,291143.98143399996,291143.98144199996,1866.3075733461537,40.836012000000004,280392.50009,22443.82404197784,97.15022125000002,69.36439576774194,22.240268160152997,0.5358173616766451,59,64,,False,True,,721,21.16838264042747
113,2026-09-14T02:10:50.875+00:00,2026-09-14T02:15:34.078+00:00,2026-09-14T02:15:42.779+00:00,True,129,129.0,,129.0,283203.39501700003,291904.530633,291904.530748,2262.825819751938,34.732147,283203.39501700003,24928.692953341426,95.1234796,67.977622,21.811607008321005,0.4419253093477558,59,64,,False,True,,631,21.16838264042747
114,2026-09-14T02:10:53.963+00:00,2026-09-14T02:15:39.766+00:00,2026-09-14T02:15:54.058+00:00,False,222,221.0,,221.0,285803.449787,300094.86866700003,300094.868758,1351.778688099099,0.0,285803.449787,19177.579197829713,96.2367025,64.66705375565611,42.90333964857273,0.7364337850282686,59,64,,False,False,Request timeout: 300.0s exceeded,987,21.16838264042747
115,2026-09-14T02:10:57.448+00:00,2026-09-14T02:15:45.897+00:00,2026-09-14T02:15:57.476+00:00,False,177,176.0,,176.0,288448.42858300003,300027.346727,300027.346704,1695.0697553898308,0.0,288448.42858300003,21676.21648039607,93.8347192,65.78930763636363,46.66472832583978,0.5866131934971428,59,64,,False,False,Request timeout: 300.0s exceeded,795,21.16838264042747
116,2026-09-14T02:11:00.373+00:00,2026-09-14T02:15:50.801+00:00,2026-09-14T02:16:00.466+00:00,False,141,140.0,,140.0,290428.297389,300092.535981,300092.53596300003,2128.3158578936172,0.020978999999999998,290428.297389,24452.67096642958,93.27126200000001,69.03027565714287,21.63942365574765,0.46652276619390476,59,64,,False,False,Request timeout: 300.0s exceeded,307,21.16838264042747
117,2026-09-14T02:11:03.720+00:00,2026-09-14T02:15:55.941+00:00,2026-09-14T02:16:03.802+00:00,False,112,111.0,,111.0,292220.52207999997,300081.66255999997,300081.66277999996,2679.300560535714,0.041,292220.52207999997,27605.559806920708,91.27418755,70.8210854054054,20.93022437160505,0.3698993102512755,59,64,,False,False,Request timeout: 300.0s exceeded,503,21.16838264042747
118,2026-09-14T02:11:06.947+00:00,2026-09-14T02:16:00.467+00:00,2026-09-14T02:16:06.976+00:00,False,97,96.0,,96.0,293520.162059,300029.302027,300029.302021,3093.085587845361,0.03388,293520.162059,29795.579405200475,89.037818,67.80354133333333,20.113616919723047,0.31996874755706645,59,64,,False,False,Request timeout: 300.0s exceeded,370,21.16838264042747
119,2026-09-14T02:11:10.023+00:00,2026-09-14T02:16:03.369+00:00,2026-09-14T02:16:10.031+00:00,False,102,101.0,,101.0,293346.10459,300007.883022,300007.882859,2941.253753519608,0.02302,293346.10459,29039.068603287647,87.8482815,65.9582022970297,20.217454093505495,0.3366578203966511,59,64,,False,False,Request timeout: 300.0s exceeded,418,21.16838264042747
120,2026-09-14T02:11:13.396+00:00,2026-09-14T02:16:07.391+00:00,2026-09-14T02:16:13.459+00:00,False,91,90.0,,90.0,293994.583416,300062.570616,300062.570572,3297.3908854065935,0.02148,293994.583416,30811.945202281262,89.3951615,67.42208,20.23300811648339,0.299937442431552,59,64,,False,False,Request timeout: 300.0s exceeded,135,21.16838264042747
121,2026-09-14T02:11:15.714+00:00,2026-09-14T02:16:09.982+00:00,2026-09-14T02:16:15.769+00:00,False,88,87.0,,87.0,294268.317295,300055.02782300004,300055.027757,3409.7162245113636,0.04136,294268.317295,31362.023871577294,88.39958419999999,66.51391411494252,19.92162924823334,0.2899468161930637,59,64,,False,False,Request timeout: 300.0s exceeded,383,21.16838264042747
122,2026-09-14T02:11:18.883+00:00,2026-09-14T02:16:12.512+00:00,2026-09-14T02:16:18.933+00:00,False,97,96.0,,96.0,293628.73037,300050.471938,300050.472047,3093.3038355360827,0.030940000000000002,293628.73037,29806.694979599313,87.4631236,66.89314133333333,19.656312048705576,0.31994617232209077,59,64,,False,False,Request timeout: 300.0s exceeded,307,21.16838264042747
123,2026-09-14T02:11:21.431+00:00,2026-09-14T02:16:14.741+00:00,2026-09-14T02:16:21.464+00:00,False,99,98.0,,98.0,293309.664903,300032.483463,300032.483424,3030.6311456969697,0.03817,293309.664903,29471.842386698423,87.5804569,68.6001893877551,19.650590554455153,0.32663129961421444,59,64,,False,False,Request timeout: 300.0s exceeded,399,21.16838264042747
124,2026-09-14T02:11:23.685+00:00,2026-09-14T02:16:17.666+00:00,2026-09-14T02:16:23.726+00:00,False,90,89.0,,89.0,293980.91943999997,300041.108624,300041.10866399994,3333.7900962666663,0.04864,293980.91943999997,30981.138522674122,87.7457514,68.09201330337079,19.789106146930212,0.29662602037486596,59,64,,False,False,Request timeout: 300.0s exceeded,440,21.16838264042747
125,2026-09-14T02:11:26.095+00:00,2026-09-14T02:16:20.204+00:00,2026-09-14T02:16:26.150+00:00,False,89,88.0,,88.0,294108.883508,300054.981172,300054.981003,3371.4042809325842,0.02519,294108.883508,31168.323704942813,88.7733064,67.56929163636364,20.60639710351115,0.29327958381586045,59,64,,False,False,Request timeout: 300.0s exceeded,353,21.16838264042747
126,2026-09-14T02:11:29.020+00:00,2026-09-14T02:16:22.993+00:00,2026-09-14T02:16:29.107+00:00,False,97,96.0,,96.0,293972.307561,300086.945641,300086.945449,3093.679849989691,0.02585,293972.307561,29841.90547944716,88.51701659999999,63.69414666666666,20.731572341879755,0.31990728485352615,59,64,,False,False,Request timeout: 300.0s exceeded,443,21.16838264042747
127,2026-09-14T02:11:32.247+00:00,2026-09-14T02:16:26.497+00:00,2026-09-14T02:16:32.812+00:00,False,76,75.0,,75.0,294250.072964,300564.876676,300564.876778,3954.801010236842,0.03928,294250.072964,33743.62858528307,90.38585125,84.19738282666667,182.78650516991635,0.24953015411992985,59,64,,False,False,Request timeout: 300.0s exceeded,336,21.16838264042747
128,2026-09-14T02:11:35.020+00:00,2026-09-14T02:16:29.110+00:00,2026-09-14T02:16:35.048+00:00,False,100,99.0,,99.0,294090.080478,300028.180702,300028.180701,3000.2818070099997,0.01529,294090.080478,29403.43331506442,91.27141795,59.98081034343434,158.58641049381342,0.32996900413941704,59,64,,False,False,Request timeout: 300.0s exceeded,464,21.16838264042747
129,2026-09-14T02:11:38.121+00:00,2026-09-14T02:16:32.924+00:00,2026-09-14T02:16:38.163+00:00,False,81,80.0,,80.0,294802.28587300004,300041.313329,300041.31336400006,3704.2137452345683,0.02256,294802.28587300004,32748.53961874525,89.098501,65.4878432,20.77041663223194,0.26662994876401813,59,64,,False,False,Request timeout: 300.0s exceeded,342,21.16838264042747
130,2026-09-14T02:11:41.537+00:00,2026-09-14T02:16:35.470+00:00,2026-09-14T02:16:41.937+00:00,False,93,92.0,,92.0,293932.691412,300400.186068,300400.18626499997,3230.1095297311826,0.041159999999999995,293932.691412,30472.116976213085,89.80668159999999,70.29885495652174,19.824321263046993,0.30625813254048534,59,64,,False,False,Request timeout: 300.0s exceeded,436,21.16838264042747
131,2026-09-14T02:11:45.570+00:00,2026-09-14T02:16:39.122+00:00,2026-09-14T02:16:45.585+00:00,False,102,101.0,,101.0,293551.64162400004,300014.86312800006,300014.863184,2941.3221880784317,0.0,293551.64162400004,29059.675113344536,88.24637655000001,63.99229211881188,63.00512012686714,0.336649987760469,59,64,,False,False,Request timeout: 300.0s exceeded,415,21.16838264042747
132,2026-09-14T02:11:49.085+00:00,2026-09-14T02:16:43.076+00:00,2026-09-14T02:16:49.175+00:00,False,94,93.0,,93.0,293990.657874,300089.534034,300089.534025,3192.4418513297874,0.02119,293990.657874,30316.06430948499,89.69102415000002,65.57931354838709,21.04484072448528,0.30990750910181075,59,64,,False,False,Request timeout: 300.0s exceeded,431,21.16838264042747
133,2026-09-14T02:11:52.866+00:00,2026-09-14T02:16:46.441+00:00,2026-09-14T02:16:52.887+00:00,False,96,95.0,,95.0,293575.148278,300020.966902,300020.966906,3125.2184052708335,0.0538,293575.148278,29955.97015455914,91.48111675,67.85072235789474,20.64349241800812,0.31664453648344904,59,64,,False,False,Request timeout: 300.0s exceeded,436,21.16838264042747
134,2026-09-14T02:11:56.717+00:00,2026-09-14T02:16:50.325+00:00,2026-09-14T02:16:56.776+00:00,False,93,92.0,,92.0,293607.912465,300058.936849,300058.937015,3226.4401829569892,0.02348,293607.912465,30438.457541139873,87.81665339999999,70.11983026086956,19.827090304812643,0.30660643194339376,59,64,,False,False,Request timeout: 300.0s exceeded,316,21.16838264042747
135,2026-09-14T02:12:00.618+00:00,2026-09-14T02:16:54.467+00:00,2026-09-14T02:17:00.640+00:00,False,90,89.0,,89.0,293849.15764999995,300022.047506,300022.0474459999,3333.578304955555,0.03779,293849.15764999995,30967.11612689389,89.55436945000001,69.35831298876404,19.77825235305941,0.2966448657351428,59,64,,False,False,Request timeout: 300.0s exceeded,426,21.16838264042747
136,2026-09-14T02:12:03.870+00:00,2026-09-14T02:16:57.830+00:00,2026-09-14T02:17:03.890+00:00,False,92,91.0,,91.0,293959.472827,300020.047035,300020.04703,3261.0874677173915,0.0218,293959.472827,30640.45672684752,90.51404895,66.59971657142857,20.238929297330582,0.3033130649079061,59,64,,False,False,Request timeout: 300.0s exceeded,275,21.16838264042747
137,2026-09-14T02:12:07.274+00:00,2026-09-14T02:17:01.060+00:00,2026-09-14T02:17:07.282+00:00,False,91,90.0,,90.0,293785.815114,300008.443722,300008.443923,3296.796087065934,0.020300000000000002,293785.815114,30789.880310623725,89.834515,69.14031786666666,20.3690960001031,0.29999155651564813,59,64,,False,False,Request timeout: 300.0s exceeded,436,21.16838264042747
138,2026-09-14T02:12:10.220+00:00,2026-09-14T02:17:04.356+00:00,2026-09-14T02:17:10.262+00:00,False,83,82.0,,82.0,294135.92295700003,300041.61281300004,300041.61283600004,3614.9591907951813,0.039020000000000006,294135.92295700003,32277.71234974355,89.0810032,72.020608,19.332221025604756,0.27329542469532797,59,64,,False,False,Request timeout: 300.0s exceeded,377,21.16838264042747
139,2026-09-14T02:12:13.890+00:00,2026-09-14T02:17:08.096+00:00,2026-09-14T02:17:13.904+00:00,False,82,81.0,,81.0,294206.097435,300014.014491,300014.014502,3658.707493926829,0.0363,294206.097435,32481.716005577407,89.35614505000001,71.70267970370371,19.735758854258773,0.2699873875472904,59,64,,False,False,Request timeout: 300.0s exceeded,337,21.16838264042747
140,2026-09-14T02:12:17.157+00:00,2026-09-14T02:17:11.324+00:00,2026-09-14T02:17:17.216+00:00,False,87,86.0,,86.0,294166.43206900003,300059.17370100005,300059.173857,3448.956021344828,0.039700000000000006,294166.43206900003,31530.61255251302,88.820633,68.52025153488373,20.798369009296422,0.28661013405874536,59,64,,False,False,Request timeout: 300.0s exceeded,357,21.16838264042747
141,2026-09-14T02:12:21.183+00:00,2026-09-14T02:17:14.744+00:00,2026-09-14T02:17:21.227+00:00,False,98,97.0,,97.0,293561.122293,300044.42878899997,300044.428652,3061.677843387755,0.04299,293561.122293,29647.40663716945,89.7558827,66.83821129896907,20.25739908732082,0.32328545606228615,59,64,,False,False,Request timeout: 300.0s exceeded,129,21.16838264042747
142,2026-09-14T02:12:23.768+00:00,2026-09-14T02:17:17.301+00:00,2026-09-14T02:17:23.783+00:00,False,96,95.0,,95.0,293532.56677100004,300014.822899,300014.82300200005,3125.154406270834,0.02209,293532.56677100004,29951.584886430475,88.87207674999999,68.23427503157895,20.398611900699372,0.3166510210463226,59,64,,False,False,Request timeout: 300.0s exceeded,438,21.16838264042747
143,2026-09-14T02:12:27.326+00:00,2026-09-14T02:17:20.888+00:00,2026-09-14T02:17:27.386+00:00,False,95,94.0,,94.0,293562.007497,300059.86349699995,300059.863525,3158.5248792105263,0.0451,293562.007497,30111.741359644624,90.2739534,69.12612765957446,20.762752604308236,0.31327082171034787,59,64,,False,False,Request timeout: 300.0s exceeded,369,21.16838264042747
144,2026-09-14T02:12:31.393+00:00,2026-09-14T02:17:25.077+00:00,2026-09-14T02:17:31.444+00:00,False,96,95.0,,95.0,293684.81946100004,300051.68998900003,300051.690071,3125.5384382395837,0.021568999999999998,293684.81946100004,29967.248090085246,87.586613,67.01968976842106,20.42684911929642,0.31661211441096276,59,64,,False,False,Request timeout: 300.0s exceeded,505,21.16838264042747
145,2026-09-14T02:12:34.275+00:00,2026-09-14T02:17:28.011+00:00,2026-09-14T02:17:34.308+00:00,False,93,92.0,,92.0,293736.354787,300033.084899,300033.084812,3226.1622022795696,0.03839,293736.354787,30451.950268022738,89.7340162,68.44271860869566,19.7846550129713,0.30663285027706166,59,64,,False,False,Request timeout: 300.0s exceeded,353,21.16838264042747
146,2026-09-14T02:12:37.719+00:00,2026-09-14T02:17:31.614+00:00,2026-09-14T02:17:37.734+00:00,False,92,91.0,,91.0,293894.991606,300015.346934,300015.346986,3261.0363802826087,0.0,293894.991606,30633.730585916273,88.31476805,67.25665195604395,66.59578109619729,0.3033178166716217,59,64,,False,False,Request timeout: 300.0s exceeded,418,21.16838264042747
147,2026-09-14T02:12:40.487+00:00,2026-09-14T02:17:34.220+00:00,2026-09-14T02:17:40.501+00:00,False,98,97.0,,97.0,293732.88318,300014.391532,300014.39140900003,3061.3713409081633,0.0,293732.88318,29665.03180567723,88.66896274999999,64.75781806185567,65.42239551925904,0.323317823204004,59,64,,False,False,Request timeout: 300.0s exceeded,495,21.16838264042747
148,2026-09-14T02:12:44.149+00:00,2026-09-14T02:17:37.981+00:00,2026-09-14T02:17:44.186+00:00,False,89,88.0,,88.0,293832.753964,300037.898284,300037.898175,3371.2123390449437,0.06595000000000001,293832.753964,31138.74145505397,90.5294694,70.51300363636363,19.74745822234449,0.2932962819140396,59,64,,False,False,Request timeout: 300.0s exceeded,399,21.16838264042747
149,2026-09-14T02:12:47.133+00:00,2026-09-14T02:17:40.989+00:00,2026-09-14T02:17:47.216+00:00,False,88,87.0,,87.0,293855.96595499996,300083.01081899996,300083.0107,3410.0342124999997,0.08020000000000001,293855.96595499996,31317.527306716966,88.15057,71.57522832183908,19.54373667196108,0.2899197784058341,59,64,,False,False,Request timeout: 300.0s exceeded,335,21.16838264042747
150,2026-09-14T02:12:50.997+00:00,2026-09-14T02:17:44.749+00:00,2026-09-14T02:17:52.412+00:00,False,113,112.0,,112.0,293752.39225800004,301415.64141000004,301415.64126600005,2667.3950554513276,0.03713,293752.39225800004,27627.471687503814,92.11033739999999,68.42186742857143,20.74871065384673,0.3715799202591886,59,64,,False,False,Request timeout: 300.0s exceeded,460,21.16838264042747
151,2026-09-14T02:12:54.303+00:00,2026-09-14T02:17:47.951+00:00,2026-09-14T02:17:54.336+00:00,False,98,97.0,,97.0,293648.310746,300032.96661799995,300032.966538,3061.560883040816,0.03646,293648.310746,29656.31717356168,89.81400819999999,65.82119455670103,20.898889897362857,0.3232978065490376,59,64,,False,False,Request timeout: 300.0s exceeded,440,21.16838264042747
152,2026-09-14T02:12:56.972+00:00,2026-09-14T02:17:50.403+00:00,2026-09-14T02:17:57.021+00:00,False,103,102.0,,102.0,293430.616339,300049.160723,300049.160726,2913.0986478252426,0.04396,293430.616339,28906.19124047904,89.5835913,64.88769003921568,20.325199135311358,0.3399442936424827,59,64,,False,False,Request timeout: 300.0s exceeded,226,21.16838264042747
153,2026-09-14T02:12:59.382+00:00,2026-09-14T02:17:53.784+00:00,2026-09-14T02:17:59.436+00:00,False,85,84.0,,84.0,294402.438368,300054.68591999996,300054.685788,3530.0551269176467,0.09914,294402.438368,31925.1359768038,89.2142332,67.28866133333332,20.632257721657904,0.27994896911023726,59,64,,False,False,Request timeout: 300.0s exceeded,416,21.16838264042747
154,2026-09-14T02:13:02.852+00:00,2026-09-14T02:17:56.811+00:00,2026-09-14T02:18:02.898+00:00,False,92,91.0,,91.0,293958.790423,300045.478679,300045.478514,3261.363896891304,0.039850000000000003,293958.790423,30640.35581820203,88.29243204999999,66.88668413186814,20.47501487275677,0.3032873563055927,59,64,,False,False,Request timeout: 300.0s exceeded,402,21.16838264042747
155,2026-09-14T02:13:06.718+00:00,2026-09-14T02:18:00.490+00:00,2026-09-14T02:18:06.756+00:00,False,91,90.0,,90.0,293771.20896200003,300038.10125,300038.10110300005,3297.1219901428576,0.019689,293771.20896200003,30788.29736140524,90.3348325,69.63213653333334,19.9792898900267,0.299961903588403,59,64,,False,False,Request timeout: 300.0s exceeded,343,21.16838264042747
156,2026-09-14T02:13:10.248+00:00,2026-09-14T02:18:03.986+00:00,2026-09-14T02:18:10.263+00:00,False,92,91.0,,91.0,293738.00674,300014.320852,300014.320831,3261.025226423913,0.023010000000000003,293738.00674,30617.12050992126,91.23180275,68.97048474725274,20.81709003434167,0.3033188540519411,59,64,,False,False,Request timeout: 300.0s exceeded,269,21.16838264042747
157,2026-09-14T02:13:14.081+00:00,2026-09-14T02:18:07.883+00:00,2026-09-14T02:18:14.145+00:00,False,92,91.0,,91.0,293801.447275,300063.358059,300063.358097,3261.5582401847823,0.02662,293801.447275,30623.750540457695,89.0241456,68.81220641758242,19.900669588491112,0.30326928482253107,59,64,,False,False,Request timeout: 300.0s exceeded,121,21.16838264042747
158,2026-09-14T02:13:17.696+00:00,2026-09-14T02:18:11.464+00:00,2026-09-14T02:18:17.782+00:00,False,96,95.0,,95.0,293768.374925,300086.043277,300086.04327900003,3125.89628415625,0.04381,293768.374925,29975.829204052825,89.12514125,66.50177212631579,21.029397547716474,0.3165758692493022,59,64,,False,False,Request timeout: 300.0s exceeded,424,21.16838264042747
159,2026-09-14T02:13:21.221+00:00,2026-09-14T02:18:14.799+00:00,2026-09-14T02:18:21.226+00:00,False,96,95.0,,95.0,293578.159884,300005.85114800005,300005.851175,3125.0609497395835,0.037609000000000004,293578.159884,29956.29662088045,87.7809795,67.65990804210526,20.079617327253747,0.3166604905753463,59,64,,False,False,Request timeout: 300.0s exceeded,469,21.16838264042747
160,2026-09-14T02:13:24.770+00:00,2026-09-14T02:18:18.288+00:00,2026-09-14T02:18:24.820+00:00,False,98,97.0,,97.0,293518.311908,300049.51472399995,300049.514941,3061.729744295918,0.03717,293518.311908,29643.031842122207,87.116375,67.33198779381443,19.634517363321397,0.3232799762706675,59,64,,False,False,Request timeout: 300.0s exceeded,474,21.16838264042747
161,2026-09-14T02:13:28.646+00:00,2026-09-14T02:18:22.433+00:00,2026-09-14T02:18:28.681+00:00,False,92,91.0,,91.0,293786.75893300003,300035.248917,300035.248773,3261.252704054348,0.04685,293786.75893300003,30622.234565810057,89.98190635,68.66472509890109,19.923014350243697,0.3032976969488465,59,64,,False,False,Request timeout: 300.0s exceeded,494,21.16838264042747
162,2026-09-14T02:13:32.267+00:00,2026-09-14T02:18:26.099+00:00,2026-09-14T02:18:32.624+00:00,False,85,84.0,,84.0,293831.774178,300356.79766599997,300356.797703,3533.609384741176,0.039009999999999996,293831.774178,31862.16445066495,93.09452519999999,77.67885104761905,61.81968295280755,0.27966738443325967,59,64,,False,False,Request timeout: 300.0s exceeded,390,21.16838264042747
163,2026-09-14T02:13:36.432+00:00,2026-09-14T02:18:29.942+00:00,2026-09-14T02:18:36.471+00:00,False,101,100.0,,100.0,293509.181314,300038.556802,300038.556972,2970.67878190099,0.0,293509.181314,29198.821882548837,93.520682,65.29375488000001,61.32088138759621,0.33329049794754056,59,64,,False,False,Request timeout: 300.0s exceeded,525,21.16838264042747
164,2026-09-14T02:13:40.161+00:00,2026-09-14T02:18:33.809+00:00,2026-09-14T02:18:40.169+00:00,False,93,92.0,,92.0,293648.33220099995,300007.9848089999,300007.98498699995,3225.8923116881715,0.035499,293648.33220099995,30442.752235027918,89.50523780000002,69.1266587826087,20.40292785954631,0.3066585046347076,59,64,,False,False,Request timeout: 300.0s exceeded,449,21.16838264042747
165,2026-09-14T02:13:43.308+00:00,2026-09-14T02:18:37.199+00:00,2026-09-14T02:18:43.345+00:00,False,90,89.0,,89.0,293890.789903,300036.921103,300036.9211,3333.7435677777776,0.03848,293890.789903,30971.536937214147,90.49408094999998,69.05765393258427,20.848765269673887,0.29663016029099665,59,64,,False,False,Request timeout: 300.0s exceeded,299,21.16838264042747
166,2026-09-14T02:13:45.963+00:00,2026-09-14T02:18:39.499+00:00,2026-09-14T02:18:45.977+00:00,False,100,99.0,,99.0,293536.58388,300014.07021599996,300014.070106,3000.14070106,0.01862,293536.58388,29347.12287240016,90.21097744999999,65.42915490909091,20.946510150502327,0.32998452348825963,59,64,,False,False,Request timeout: 300.0s exceeded,233,21.16838264042747
167,2026-09-14T02:13:49.285+00:00,2026-09-14T02:18:42.570+00:00,2026-09-14T02:18:49.318+00:00,False,106,105.0,,105.0,293284.75984899997,300032.35869699996,300032.35864299996,2830.493949462264,0.03972,293284.75984899997,28480.09946017173,88.87395475,64.26284617142856,20.250517454288687,0.3499622522583925,59,64,,False,False,Request timeout: 300.0s exceeded,344,21.16838264042747
168,2026-09-14T02:13:51.546+00:00,2026-09-14T02:18:45.241+00:00,2026-09-14T02:18:51.617+00:00,False,95,94.0,,94.0,293694.36939600005,300070.68043600005,300070.68048400007,3158.6387419368425,0.08040900000000001,293694.36939600005,30125.454069039755,90.07237839999999,67.83309617021276,20.771750059076226,0.31325952893304615,59,64,,False,False,Request timeout: 300.0s exceeded,508,21.16838264042747
169,2026-09-14T02:13:54.338+00:00,2026-09-14T02:18:47.651+00:00,2026-09-14T02:18:54.418+00:00,False,99,98.0,,98.0,293313.09466,300080.377604,300080.377493,3031.114924171717,0.0252,293313.09466,29472.14155224292,88.9488379,69.05390759183673,19.744903661382793,0.32657916782991175,59,64,,False,False,Request timeout: 300.0s exceeded,413,21.16838264042747
170,2026-09-14T02:13:57.845+00:00,2026-09-14T02:18:51.451+00:00,2026-09-14T02:18:59.304+00:00,False,93,92.0,,92.0,293605.940406,301458.614966,301458.61481400003,3241.490481870968,0.0428,293605.940406,30437.251247066957,88.6938184,85.35515826086956,189.6486824677662,0.3051828524136761,59,64,,False,False,Request timeout: 300.0s exceeded,380,21.16838264042747
171,2026-09-14T02:14:01.284+00:00,2026-09-14T02:18:54.795+00:00,2026-09-14T02:19:01.343+00:00,False,107,106.0,,106.0,293511.382981,300059.759813,300059.759716,2804.296819775701,0.01543,293511.382981,28369.420383128545,89.84805829999999,61.7771399245283,181.67253439681187,0.3532629635711906,59,64,,False,False,Request timeout: 300.0s exceeded,173,21.16838264042747
172,2026-09-14T02:14:05.039+00:00,2026-09-14T02:18:59.570+00:00,2026-09-14T02:19:05.077+00:00,False,85,84.0,,84.0,294531.256284,300038.376412,300038.376481,3529.863252717647,0.04038,294531.256284,31939.296575586504,90.2699092,65.5609539047619,22.05734942653085,0.2799641865967664,59,64,,False,False,Request timeout: 300.0s exceeded,390,21.16838264042747
173,2026-09-14T02:14:08.274+00:00,2026-09-14T02:19:01.852+00:00,2026-09-14T02:19:08.317+00:00,False,99,98.0,,98.0,293577.10106699995,300042.51367499994,300042.51347699994,3030.732459363636,0.037509,293577.10106699995,29498.985282196387,89.7308326,65.97359804081633,20.501438313134333,0.32662038055764203,59,64,,False,False,Request timeout: 300.0s exceeded,519,21.16838264042747
174,2026-09-14T02:14:10.730+00:00,2026-09-14T02:19:04.258+00:00,2026-09-14T02:19:10.768+00:00,False,95,94.0,,94.0,293528.231408,300038.702576,300038.702612,3158.3021327578945,0.02631,293528.231408,30108.26127468646,89.6665094,69.2603315744681,19.299575961601835,0.31329291585704594,59,64,,False,False,Request timeout: 300.0s exceeded,474,21.16838264042747
175,2026-09-14T02:14:14.132+00:00,2026-09-14T02:19:08.025+00:00,2026-09-14T02:19:14.174+00:00,False,86,85.0,,85.0,293893.448792,300042.087,300042.086922,3488.8614758372096,0.020829999999999998,293893.448792,31683.550343578398,88.41136575,72.33692009411764,17.949518176729544,0.28329359007558164,59,64,,False,False,Request timeout: 300.0s exceeded,413,21.16838264042747
176,2026-09-14T02:14:16.642+00:00,2026-09-14T02:19:10.266+00:00,2026-09-14T02:19:16.738+00:00,False,91,90.0,,90.0,293624.455288,300095.545464,300095.545377,3297.753245901099,0.03544,293624.455288,30772.674981408032,90.03659400000001,71.90100195555556,19.060478681684703,0.2999044849560973,59,64,,False,False,Request timeout: 300.0s exceeded,475,21.16838264042747
177,2026-09-14T02:14:19.884+00:00,2026-09-14T02:19:13.718+00:00,2026-09-14T02:19:19.925+00:00,False,90,89.0,,89.0,293833.74811,300040.573838,300040.573818,3333.784153533333,0.06541,293833.74811,30965.45198703035,90.15139554999998,69.73961492134832,20.34146611069789,0.2966265490748378,59,64,,False,False,Request timeout: 300.0s exceeded,413,21.16838264042747
178,2026-09-14T02:14:23.640+00:00,2026-09-14T02:19:17.486+00:00,2026-09-14T02:19:23.691+00:00,False,90,89.0,,89.0,293846.72167500004,300051.66119500005,300051.66125800007,3333.9073473111116,0.02038,293846.72167500004,30966.82168737464,89.887462,69.71842157303371,20.237935778118814,0.2966155882808459,59,64,,False,False,Request timeout: 300.0s exceeded,407,21.16838264042747
179,2026-09-14T02:14:27.674+00:00,2026-09-14T02:19:21.390+00:00,2026-09-14T02:19:27.762+00:00,False,102,101.0,,101.0,293716.484476,300088.07334,300088.073496,2942.039936235294,0.0,293716.484476,29076.09292639382,90.26871555000001,63.085038257425744,65.80714749864647,0.33656785781541854,59,64,,False,False,Request timeout: 300.0s exceeded,466,21.16838264042747
180,2026-09-14T02:14:30.507+00:00,2026-09-14T02:19:24.177+00:00,2026-09-14T02:19:30.538+00:00,False,104,103.0,,103.0,293669.63969599997,300030.94759999996,300030.947657,2884.9129582403843,0.0,293669.63969599997,28790.695490417456,91.87723145,61.76027091262136,65.68912253558094,0.3432979191777216,59,64,,False,False,Request timeout: 300.0s exceeded,630,21.16838264042747
181,2026-09-14T02:14:34.545+00:00,2026-09-14T02:19:28.239+00:00,2026-09-14T02:19:34.592+00:00,False,106,105.0,,105.0,293694.880937,300047.182505,300047.182416,2830.6337963773585,0.03773,293694.880937,28520.299319991893,86.4437545,60.49811017142857,19.855476833647728,0.3499449624002061,59,64,,False,False,Request timeout: 300.0s exceeded,446,21.16838264042747
182,2026-09-14T02:14:37.171+00:00,2026-09-14T02:19:31.038+00:00,2026-09-14T02:19:37.223+00:00,False,101,100.0,,100.0,293867.046691,300052.491555,300052.49156399997,2970.816748158416,0.025079999999999998,293867.046691,29234.715850118417,86.27306900000002,61.85444864,19.674817442691207,0.33327501958659744,59,64,,False,False,Request timeout: 300.0s exceeded,477,21.16838264042747
183,2026-09-14T02:14:40.296+00:00,2026-09-14T02:19:34.064+00:00,2026-09-14T02:19:40.310+00:00,False,94,93.0,,93.0,293767.390775,300013.951287,300013.95129399997,3191.637779723404,0.11349,293767.390775,30292.871713895183,87.5547565,67.16731733333333,20.201339971793722,0.30998558434049,59,64,,False,False,Request timeout: 300.0s exceeded,424,21.16838264042747
184,2026-09-14T02:14:43.029+00:00,2026-09-14T02:19:36.550+00:00,2026-09-14T02:19:43.059+00:00,False,99,98.0,,98.0,293521.054404,300030.026692,300030.026934,3030.6063326666667,0.02426,293521.054404,29493.30750907315,88.2562159,66.41808457142858,20.208839925605446,0.3266339742075325,59,64,,False,False,Request timeout: 300.0s exceeded,486,21.16838264042747
185,2026-09-14T02:14:47.030+00:00,2026-09-14T02:19:40.575+00:00,2026-09-14T02:19:47.044+00:00,False,98,97.0,,97.0,293544.688006,300014.040966,300014.041041,3061.36776572449,0.03857,293544.688006,29645.760705160756,87.59422,66.69436041237114,19.73364335295235,0.32331820100044195,59,64,,False,False,Request timeout: 300.0s exceeded,410,21.16838264042747
186,2026-09-14T02:14:49.491+00:00,2026-09-14T02:19:42.928+00:00,2026-09-14T02:19:49.562+00:00,False,100,99.0,,99.0,293437.274235,300070.93695500004,300070.93689300003,3000.70936893,0.027149999999999997,293437.274235,29337.033481205224,89.32979499999999,67.00669414141414,19.96826007439616,0.32992198779599397,59,64,,False,False,Request timeout: 300.0s exceeded,512,21.16838264042747
187,2026-09-14T02:14:52.036+00:00,2026-09-14T02:19:45.411+00:00,2026-09-14T02:19:52.097+00:00,False,104,103.0,,103.0,293375.175508,300061.44827600004,300061.44823700003,2885.206233048077,0.03,293375.175508,28761.444321105148,89.10682545,64.91526959223302,20.17012663876644,0.3432630235966181,59,64,,False,False,Request timeout: 300.0s exceeded,440,21.16838264042747
188,2026-09-14T02:14:54.371+00:00,2026-09-14T02:19:48.354+00:00,2026-09-14T02:19:54.406+00:00,False,89,88.0,,88.0,293982.99747500004,300034.46934700006,300034.46928500006,3371.1738121910116,0.03655,293982.99747500004,31154.852911325634,88.47046700000001,68.76672581818181,20.643328525463755,0.29329963384382013,59,64,,False,False,Request timeout: 300.0s exceeded,394,21.16838264042747
189,2026-09-14T02:14:57.647+00:00,2026-09-14T02:19:51.003+00:00,2026-09-14T02:19:57.692+00:00,False,99,98.0,,98.0,293355.74982200004,300044.89823800005,300044.89833700005,3030.7565488585865,0.02434,293355.74982200004,29476.508575791107,88.9102379,68.25661648979592,19.576590284152935,0.3266177847898782,59,64,,False,False,Request timeout: 300.0s exceeded,453,21.16838264042747
190,2026-09-14T02:15:01.268+00:00,2026-09-14T02:19:54.872+00:00,2026-09-14T02:20:01.275+00:00,False,98,97.0,,97.0,293603.688857,300006.697881,300006.698003,3061.2928367653058,0.01695,293603.688857,29651.789988657485,87.818334,66.01040230927835,20.04797938203369,0.32332611466719924,59,64,,False,False,Request timeout: 300.0s exceeded,450,21.16838264042747
191,2026-09-14T02:15:03.881+00:00,2026-09-14T02:19:57.856+00:00,2026-09-14T02:20:03.922+00:00,False,91,90.0,,90.0,293974.932578,300041.153378,300041.153373,3297.1555315714286,0.02189,293974.932578,30809.888088004587,91.2714725,67.40245333333333,21.42289166486912,0.29995885226656077,59,64,,False,False,Request timeout: 300.0s exceeded,411,21.16838264042747
192,2026-09-14T02:15:06.940+00:00,2026-09-14T02:20:00.806+00:00,2026-09-14T02:20:06.952+00:00,False,91,90.0,,90.0,293866.537265,300012.081969,300012.08181299997,3296.836063879121,0.01979,293866.537265,30798.432105723845,90.01277000000002,68.28383004444444,20.417228831664314,0.2999879185175603,59,64,,False,False,Request timeout: 300.0s exceeded,373,21.16838264042747
193,2026-09-14T02:15:10.335+00:00,2026-09-14T02:20:03.712+00:00,2026-09-14T02:20:10.340+00:00,True,100,100.0,,100.0,293376.385153,300004.23718500003,300004.237052,3000.04237052,39.869756,293376.385153,29330.950082418018,88.88267594999999,66.94800032323232,19.4245119625632,0.3333286254164944,59,64,,False,True,,339,21.16838264042747
194,2026-09-14T02:15:13.343+00:00,2026-09-14T02:20:07.212+00:00,2026-09-14T02:20:13.359+00:00,False,93,92.0,,92.0,293868.28938200005,300016.161894,300016.1616950001,3225.9802332795703,0.03716,293868.28938200005,30465.799995403882,90.80993819999999,66.82470121739131,21.240211280765564,0.30665014650945677,59,64,,False,False,Request timeout: 300.0s exceeded,347,21.16838264042747
195,2026-09-14T02:15:16.169+00:00,2026-09-14T02:20:09.765+00:00,2026-09-14T02:20:16.219+00:00,False,96,95.0,,95.0,293595.52372299996,300049.39124299993,300049.39138999995,3125.5144936458328,0.04499,293595.52372299996,29958.04121561281,89.82824575,67.93544757894736,20.860548595613732,0.3166145400477173,59,64,,False,False,Request timeout: 300.0s exceeded,424,21.16838264042747
196,2026-09-14T02:15:19.092+00:00,2026-09-14T02:20:12.662+00:00,2026-09-14T02:20:19.120+00:00,False,95,94.0,,94.0,293569.743475,300028.351603,300028.351642,3158.1931751789475,0.02581,293569.743475,30112.57769422135,90.0485451,68.70859710638298,20.47116317012437,0.3133037244572858,59,64,,False,False,Request timeout: 300.0s exceeded,490,21.16838264042747
197,2026-09-14T02:15:21.736+00:00,2026-09-14T02:20:15.407+00:00,2026-09-14T02:20:21.753+00:00,False,92,91.0,,91.0,293671.106516,300017.433044,300017.43292,3261.059053478261,0.04289,293671.106516,30610.06496251863,88.65105905,69.73985195604396,20.04979901088887,0.3033157076130776,59,64,,False,False,Request timeout: 300.0s exceeded,476,21.16838264042747
198,2026-09-14T02:15:24.584+00:00,2026-09-14T02:20:17.787+00:00,2026-09-14T02:20:24.618+00:00,False,104,103.0,,103.0,293203.086748,300033.900188,300033.899988,2884.9413460384617,0.0,293203.086748,28744.496891801857,89.04982050000001,66.31857708737864,64.59344020136201,0.3432945408350877,59,64,,False,False,Request timeout: 300.0s exceeded,301,21.16838264042747
199,2026-09-14T02:15:27.568+00:00,2026-09-14T02:20:21.279+00:00,2026-09-14T02:20:27.614+00:00,False,98,97.0,,97.0,293711.224787,300045.988051,300045.98802499997,3061.693755357143,0.0,293711.224787,29662.790767156654,88.68606285,65.30683777319588,66.44233166859856,0.32328377603073477,59,64,,False,False,Request timeout: 300.0s exceeded,496,21.16838264042747
200,2026-09-14T02:15:31.171+00:00,2026-09-14T02:20:24.542+00:00,2026-09-14T02:20:31.208+00:00,False,100,99.0,,99.0,293371.06295999995,300036.851376,300036.85138899996,3000.3685138899996,0.03821,293371.06295999995,29330.379511300533,88.1789349,67.33119612121213,19.37535483592279,0.32995946846520946,59,64,,False,False,Request timeout: 300.0s exceeded,454,21.16838264042747
201,2026-09-14T02:15:33.963+00:00,2026-09-14T02:20:27.490+00:00,2026-09-14T02:20:34.011+00:00,False,97,96.0,,96.0,293526.955084,300047.38286,300047.38302,3093.2719898969076,0.02946,293526.955084,29796.25675105152,88.8128008,67.92112266666668,19.440014345380636,0.31994946626410975,59,64,,False,False,Request timeout: 300.0s exceeded,422,21.16838264042747
202,2026-09-14T02:15:36.282+00:00,2026-09-14T02:20:30.179+00:00,2026-09-14T02:20:36.365+00:00,False,87,86.0,,86.0,293896.798013,300082.869565,300082.86947599996,3449.2283847816093,0.03768,293896.798013,31501.338396533094,89.351005,71.93106455813954,19.72893760400197,0.2865875020612325,59,64,,False,False,Request timeout: 300.0s exceeded,401,21.16838264042747
203,2026-09-14T02:15:40.179+00:00,2026-09-14T02:20:33.839+00:00,2026-09-14T02:20:40.200+00:00,False,87,86.0,,86.0,293660.179139,300021.78579500003,300021.78597100003,3448.526275528736,0.039310000000000005,293660.179139,31475.750741100823,89.36335129999999,73.97217041860466,18.693776824691952,0.2866458506408678,59,64,,False,False,Request timeout: 300.0s exceeded,418,21.16838264042747
204,2026-09-14T02:15:44.212+00:00,2026-09-14T02:20:37.674+00:00,2026-09-14T02:20:44.256+00:00,False,95,94.0,,94.0,293461.80886299995,300044.01327899995,300044.01324899995,3158.3580341999996,0.02258,293461.80886299995,30101.368595812335,88.38196370000001,70.02345123404255,19.95590022138642,0.3132873706518278,59,64,,False,False,Request timeout: 300.0s exceeded,403,21.16838264042747
205,2026-09-14T02:15:46.482+00:00,2026-09-14T02:20:40.487+00:00,2026-09-14T02:20:46.559+00:00,False,90,89.0,,89.0,294005.39132700005,300077.134559,300077.13454100006,3334.1903837888894,0.040310000000000006,294005.39132700005,30983.70435658798,89.24199585000001,68.22183406741573,19.7181603024088,0.2965904087653875,59,64,,False,False,Request timeout: 300.0s exceeded,457,21.16838264042747
206,2026-09-14T02:15:49.660+00:00,2026-09-14T02:20:43.660+00:00,2026-09-14T02:20:49.679+00:00,False,88,87.0,,87.0,293999.35064200003,300019.02040200005,300019.02038600005,3409.3070498409093,0.02186,293999.35064200003,31333.06661514017,88.61630219999999,69.19160643678161,20.115354992473996,0.2899816147770477,59,64,,False,False,Request timeout: 300.0s exceeded,383,21.16838264042747
207,2026-09-14T02:15:53.589+00:00,2026-09-14T02:20:47.468+00:00,2026-09-14T02:20:53.606+00:00,False,93,92.0,,92.0,293879.302353,300016.997329,300016.997216,3225.9892173763437,0.03687,293879.302353,30466.95395286808,89.8026,66.71407582608695,21.945790365764783,0.30664929260362,59,64,,False,False,Request timeout: 300.0s exceeded,137,21.16838264042747
208,2026-09-14T02:15:56.853+00:00,2026-09-14T02:20:50.846+00:00,2026-09-14T02:20:56.926+00:00,False,90,89.0,,89.0,293992.841607,300072.525959,300072.525792,3334.1391754666665,0.02395,293992.841607,30982.37197715228,89.3277554,68.31106013483146,19.52977563970794,0.29659496388603196,59,64,,False,False,Request timeout: 300.0s exceeded,302,21.16838264042747
209,2026-09-14T02:16:00.170+00:00,2026-09-14T02:20:53.986+00:00,2026-09-14T02:21:00.246+00:00,False,91,90.0,,90.0,293816.04884299997,300075.655627,300075.65563899995,3297.534677351648,0.04556,293816.04884299997,30793.006378350925,89.107352,69.55118648888889,20.034540442749094,0.29992436344743606,59,64,,False,False,Request timeout: 300.0s exceeded,414,21.16838264042747
210,2026-09-14T02:16:02.560+00:00,2026-09-14T02:20:56.514+00:00,2026-09-14T02:21:02.603+00:00,False,89,88.0,,88.0,293953.723262,300042.621566,300042.62154900003,3371.2654106629216,0.02395,293953.723262,31151.704252976557,88.96315179999999,69.19202618181819,19.83875380928424,0.2932916648331669,59,64,,False,False,Request timeout: 300.0s exceeded,360,21.16838264042747
211,2026-09-14T02:16:05.464+00:00,2026-09-14T02:20:59.061+00:00,2026-09-14T02:21:05.527+00:00,False,97,96.0,,96.0,293597.622377,300062.851945,300062.85197899997,3093.4314637010307,0.022940000000000002,293597.622377,29803.490858733578,88.9493346,67.34614133333334,20.27727339659351,0.3199329719681406,59,64,,False,False,Request timeout: 300.0s exceeded,432,21.16838264042747
212,2026-09-14T02:16:08.114+00:00,2026-09-14T02:21:01.847+00:00,2026-09-14T02:21:08.148+00:00,False,91,90.0,,90.0,293732.83332200005,300034.31607400003,300034.31602900004,3297.0803959230775,0.03271,293732.83332200005,30784.233829341858,88.47373800000001,70.01647502222222,19.373275251113046,0.2999656878508608,59,64,,False,False,Request timeout: 300.0s exceeded,207,21.16838264042747
213,2026-09-14T02:16:11.187+00:00,2026-09-14T02:21:04.860+00:00,2026-09-14T02:21:11.232+00:00,False,95,94.0,,94.0,293672.94792,300045.68392,300045.684058,3158.3756216631577,0.02725,293672.94792,30123.26016265538,89.411729,67.79506382978724,20.75447764308287,0.313285626281706,59,64,,False,False,Request timeout: 300.0s exceeded,183,21.16838264042747
214,2026-09-14T02:16:14.550+00:00,2026-09-14T02:21:08.228+00:00,2026-09-14T02:21:14.574+00:00,False,94,93.0,,93.0,293678.40041299997,300024.136349,300024.13633699995,3191.7461312446803,0.02395,293678.40041299997,30283.5836314676,91.10017915,68.23371974193547,21.03506440408304,0.30997506111247897,59,64,,False,False,Request timeout: 300.0s exceeded,416,21.16838264042747
215,2026-09-14T02:16:16.803+00:00,2026-09-14T02:21:10.666+00:00,2026-09-14T02:21:17.199+00:00,False,86,85.0,,85.0,293863.010513,300395.224529,300395.224523,3492.967727011628,0.04068,293863.010513,31679.848479758573,90.29758475,76.84957665882354,67.9507400354557,0.28296055682401217,59,64,,False,False,Request timeout: 300.0s exceeded,317,21.16838264042747
216,2026-09-14T02:16:20.015+00:00,2026-09-14T02:21:14.115+00:00,2026-09-14T02:21:20.058+00:00,False,94,93.0,,93.0,294100.125334,300042.42498199997,300042.42494199995,3191.9406908723404,0.0,294100.125334,30327.600220397606,90.71765715,63.89569513978495,69.50002338706184,0.30995616705064033,59,64,,False,False,Request timeout: 300.0s exceeded,364,21.16838264042747
217,2026-09-14T02:16:24.125+00:00,2026-09-14T02:21:17.739+00:00,2026-09-14T02:21:24.163+00:00,False,100,99.0,,99.0,293614.252848,300038.28459199995,300038.28470799996,3000.38284708,0.037079999999999995,293614.252848,29354.943030446622,87.76549639999999,64.88920953535353,19.884574571701428,0.3299578923223842,59,64,,False,False,Request timeout: 300.0s exceeded,415,21.16838264042747
218,2026-09-14T02:16:28.198+00:00,2026-09-14T02:21:21.950+00:00,2026-09-14T02:21:28.282+00:00,False,94,93.0,,93.0,293752.129303,300084.226583,300084.226605,3192.385389414894,0.0344,293752.129303,30291.202125529766,87.716352,68.08706752688173,19.23373541622383,0.30991299029266783,59,64,,False,False,Request timeout: 300.0s exceeded,270,21.16838264042747
219,2026-09-14T02:16:32.751+00:00,2026-09-14T02:21:26.306+00:00,2026-09-14T02:21:32.856+00:00,False,99,98.0,,98.0,293554.979998,300105.85155,300105.851639,3031.372238777778,0.019420000000000003,293554.979998,29496.674311052117,89.2851358,66.84562808163265,20.387731414236647,0.32655144674402464,59,64,,False,False,Request timeout: 300.0s exceeded,232,21.16838264042747
220,2026-09-14T02:16:34.540+00:00,2026-09-14T02:21:28.195+00:00,2026-09-14T02:21:34.551+00:00,False,99,98.0,,98.0,293655.650752,300011.68300799996,300011.683175,3030.421042171717,0.02138,293655.650752,29506.992725211127,91.0096379,64.857472,21.53682971194195,0.32665394566446526,59,64,,False,False,Request timeout: 300.0s exceeded,322,21.16838264042747
221,2026-09-14T02:16:38.118+00:00,2026-09-14T02:21:32.308+00:00,2026-09-14T02:21:38.129+00:00,False,92,91.0,,91.0,294190.089347,300011.003779,300011.00382,3260.9891719565217,0.04243,294190.089347,30664.774918635736,90.82831374999999,63.96609265934066,20.525745470785715,0.3033222076982023,59,64,,False,False,Request timeout: 300.0s exceeded,396,21.16838264042747
222,2026-09-14T02:16:40.758+00:00,2026-09-14T02:21:34.549+00:00,2026-09-14T02:21:40.796+00:00,False,93,92.0,,92.0,293791.677838,300038.555534,300038.555642,3226.2210284086023,0.022,293791.677838,30457.742968907685,86.70894899999999,67.90084452173913,19.438338360837843,0.30662725940758195,59,64,,False,False,Request timeout: 300.0s exceeded,498,21.16838264042747
223,2026-09-14T02:16:43.333+00:00,2026-09-14T02:21:37.031+00:00,2026-09-14T02:21:43.374+00:00,False,98,97.0,,97.0,293698.33368599997,300041.24184599996,300041.24204599997,3061.6453269999997,0.02223,293698.33368599997,29661.41329478983,88.4711735,65.39080577319588,20.268343514124705,0.32328888989796445,59,64,,False,False,Request timeout: 300.0s exceeded,402,21.16838264042747
224,2026-09-14T02:16:47.204+00:00,2026-09-14T02:21:40.712+00:00,2026-09-14T02:21:47.245+00:00,False,112,111.0,,111.0,293507.864853,300040.869397,300040.86961299996,2678.936335830357,0.0156,293507.864853,27729.09074161037,89.67282555,58.85589679279279,207.0066766244008,0.3699496012762515,59,64,,False,False,Request timeout: 300.0s exceeded,456,21.16838264042747
225,2026-09-14T02:16:51.164+00:00,2026-09-14T02:21:46.557+00:00,2026-09-14T02:21:51.213+00:00,False,71,70.0,,70.0,295393.334377,300049.084777,300049.08457199996,4226.043444676056,0.025070000000000002,295393.334377,35048.85166192423,86.412857,66.51072,20.505436985808824,0.23329516252990679,59,64,,False,False,Request timeout: 300.0s exceeded,253,21.16838264042747
226,2026-09-14T02:16:54.849+00:00,2026-09-14T02:21:48.548+00:00,2026-09-14T02:21:54.871+00:00,False,93,92.0,,92.0,293699.27837099996,300022.11485099996,300022.11490299995,3226.044246268817,0.02682,293699.27837099996,30448.07613144847,88.8099236,68.72648347826087,19.68022558211445,0.3066440620408598,59,64,,False,False,Request timeout: 300.0s exceeded,422,21.16838264042747
227,2026-09-14T02:16:57.945+00:00,2026-09-14T02:21:51.578+00:00,2026-09-14T02:21:58.018+00:00,False,95,94.0,,94.0,293632.472974,300073.06612599996,300073.06610899995,3158.663853778947,0.02699,293632.472974,30119.033002103923,89.1631214,68.51694842553191,20.074350189434345,0.31325703840587155,59,64,,False,False,Request timeout: 300.0s exceeded,309,21.16838264042747
228,2026-09-14T02:17:00.424+00:00,2026-09-14T02:21:54.282+00:00,2026-09-14T02:22:00.431+00:00,False,91,90.0,,90.0,293858.041016,300006.98437599995,300006.984197,3296.780046120879,0.02284,293858.041016,30797.537436864095,89.89563549999998,68.3215928888889,20.323121726271555,0.2999930157866013,59,64,,False,False,Request timeout: 300.0s exceeded,265,21.16838264042747
229,2026-09-14T02:17:04.345+00:00,2026-09-14T02:21:58.350+00:00,2026-09-14T02:22:04.390+00:00,False,91,90.0,,90.0,294005.06651200005,300045.13972800004,300045.139872,3297.199339252748,0.038950000000000005,294005.06651200005,30813.07662308739,88.07592400000001,67.11192462222222,20.203852009319085,0.29995486706296165,59,64,,False,False,Request timeout: 300.0s exceeded,468,21.16838264042747
230,2026-09-14T02:17:08.283+00:00,2026-09-14T02:22:02.363+00:00,2026-09-14T02:22:08.313+00:00,False,90,89.0,,89.0,294080.947578,300030.65637800004,300030.65641,3333.6739601111112,0.02237,294080.947578,30991.81409171858,89.62904295,66.85066067415731,21.062137523674632,0.2966363540126761,59,64,,False,False,Request timeout: 300.0s exceeded,421,21.16838264042747
231,2026-09-14T02:17:11.209+00:00,2026-09-14T02:22:05.267+00:00,2026-09-14T02:22:11.238+00:00,False,91,90.0,,90.0,294057.953849,300028.93573699996,300028.935766,3297.021272153846,0.02105,294057.953849,30818.701604141002,88.32796850000001,66.34424320000001,20.82354283389244,0.2999710670536538,59,64,,False,False,Request timeout: 300.0s exceeded,557,21.16838264042747
232,2026-09-14T02:17:14.441+00:00,2026-09-14T02:22:08.137+00:00,2026-09-14T02:22:14.462+00:00,False,103,102.0,,102.0,293695.703047,300020.925447,300020.92529499996,2912.824517427184,0.0,293695.703047,28932.66285245707,89.0332742,62.01198431372549,66.45270630492564,0.3399762861474765,59,64,,False,False,Request timeout: 300.0s exceeded,500,21.16838264042747
233,2026-09-14T02:17:17.935+00:00,2026-09-14T02:22:11.625+00:00,2026-09-14T02:22:17.954+00:00,False,100,99.0,,99.0,293690.003453,300019.134717,300019.134494,3000.19134494,0.0,293690.003453,29362.682464079513,90.2321548,63.930618828282824,66.78356301247052,0.32997895315371817,59,64,,False,False,Request timeout: 300.0s exceeded,572,21.16838264042747
234,2026-09-14T02:17:20.265+00:00,2026-09-14T02:22:13.970+00:00,2026-09-14T02:22:20.334+00:00,False,92,91.0,,91.0,293704.92500199995,300069.26701799995,300069.26700699993,3261.622467467391,0.0361,293704.92500199995,30613.570072253664,88.74145709999999,69.93782435164835,19.941066255415944,0.3032633128488339,59,64,,False,False,Request timeout: 300.0s exceeded,404,21.16838264042747
235,2026-09-14T02:17:22.980+00:00,2026-09-14T02:22:16.567+00:00,2026-09-14T02:22:22.994+00:00,False,94,93.0,,93.0,293587.06014099997,300013.39895699994,300013.39906499995,3191.631904946808,0.02467,293587.06014099997,30274.072396804102,88.033853,69.10041737634408,19.81537140759137,0.30998615502946064,59,64,,False,False,Request timeout: 300.0s exceeded,452,21.16838264042747
236,2026-09-14T02:17:26.300+00:00,2026-09-14T02:22:19.990+00:00,2026-09-14T02:22:26.346+00:00,False,97,96.0,,96.0,293690.750534,300046.703942,300046.70410699997,3093.2649907938144,0.02283,293690.750534,29813.062460534118,89.6914138,66.207848,20.712720843924508,0.3199501902162442,59,64,,False,False,Request timeout: 300.0s exceeded,365,21.16838264042747
237,2026-09-14T02:17:28.554+00:00,2026-09-14T02:22:22.206+00:00,2026-09-14T02:22:28.633+00:00,False,98,97.0,,97.0,293651.903885,300079.394445,300079.394408,3062.0346368163264,0.036840000000000005,293651.903885,29656.635563117696,89.23147120000002,66.26278927835051,20.949940284333888,0.3232477864046698,59,64,,False,False,Request timeout: 300.0s exceeded,189,21.16838264042747
238,2026-09-14T02:17:32.001+00:00,2026-09-14T02:22:26.090+00:00,2026-09-14T02:22:32.019+00:00,False,87,86.0,,86.0,294088.315652,300017.71162,300017.711586,3448.4794435172416,0.03581,294088.315652,31522.191684931127,89.474882,68.94646474418604,20.46479041881406,0.2866497432289161,59,64,,False,False,Request timeout: 300.0s exceeded,403,21.16838264042747
239,2026-09-14T02:17:35.231+00:00,2026-09-14T02:22:28.885+00:00,2026-09-14T02:22:35.296+00:00,False,92,91.0,,91.0,293653.89723500004,300065.329939,300065.32991100004,3261.5796729456524,0.03541,293653.89723500004,30608.19655017605,90.10223500000001,70.45530443956045,20.613038442899228,0.3032672918877342,59,64,,False,False,Request timeout: 300.0s exceeded,121,21.16838264042747
240,2026-09-14T02:17:39.108+00:00,2026-09-14T02:22:32.828+00:00,2026-09-14T02:22:39.130+00:00,False,94,93.0,,93.0,293720.422692,300022.650148,300022.650048,3191.7303196595744,0.040309,293720.422692,30287.966689925488,91.716927,67.76588662365592,21.805438798135274,0.3099765966140339,59,64,,False,False,Request timeout: 300.0s exceeded,124,21.16838264042747
241,2026-09-14T02:17:42.868+00:00,2026-09-14T02:22:36.233+00:00,2026-09-14T02:22:42.932+00:00,False,97,96.0,,96.0,293365.814498,300063.98589,300063.985929,3093.4431539072166,0.02504,293365.814498,29779.708887956578,91.81091860000001,69.77261866666667,21.59857550821642,0.31993176293803044,59,64,,False,False,Request timeout: 300.0s exceeded,453,21.16838264042747
242,2026-09-14T02:17:45.369+00:00,2026-09-14T02:22:39.303+00:00,2026-09-14T02:22:45.448+00:00,False,88,87.0,,87.0,293933.43225199997,300078.55071599997,300078.550551,3409.983528988636,0.0394,293933.43225199997,31325.88638326906,92.40103504999999,70.63354556321839,20.738538843128364,0.2899240875177994,59,64,,False,False,Request timeout: 300.0s exceeded,545,21.16838264042747
243,2026-09-14T02:17:47.904+00:00,2026-09-14T02:22:41.584+00:00,2026-09-14T02:22:47.943+00:00,False,95,94.0,,94.0,293679.847183,300039.088655,300039.08882,3158.3061981052633,0.03678,293679.847183,30123.982649192185,90.97116369999999,67.65150502127659,20.61975882527145,0.3132925127235202,59,64,,False,False,Request timeout: 300.0s exceeded,230,21.16838264042747
244,2026-09-14T02:17:50.741+00:00,2026-09-14T02:22:44.428+00:00,2026-09-14T02:22:50.759+00:00,False,93,92.0,,92.0,293687.24113200005,300018.73911600007,300018.7391780001,3226.007948150538,0.02355,293687.24113200005,30446.81802067836,89.83895400000002,68.82063026086956,19.452253032668917,0.3066475123223182,59,64,,False,False,Request timeout: 300.0s exceeded,491,21.16838264042747
245,2026-09-14T02:17:54.743+00:00,2026-09-14T02:22:48.605+00:00,2026-09-14T02:22:54.769+00:00,False,93,92.0,,92.0,293861.876641,300026.084001,300026.08411999996,3226.086926021505,0.0218,293861.876641,30465.11538509901,86.411691,67.00225391304348,19.377122388572044,0.3066400053393137,59,64,,False,False,Request timeout: 300.0s exceeded,395,21.16838264042747
246,2026-09-14T02:17:57.827+00:00,2026-09-14T02:22:51.600+00:00,2026-09-14T02:22:57.869+00:00,False,94,93.0,,93.0,293772.311157,300041.494901,300041.494734,3191.930795042553,0.02467,293772.311157,30293.354354036903,88.95571015,67.41057789247311,20.549726474721012,0.3099571278655499,59,64,,False,False,Request timeout: 300.0s exceeded,403,21.16838264042747
247,2026-09-14T02:18:01.647+00:00,2026-09-14T02:22:55.332+00:00,2026-09-14T02:23:01.671+00:00,False,93,92.0,,92.0,293684.517698,300023.01088200003,300023.01086000004,3226.053880215054,0.03816,293684.517698,30446.52919049564,91.3038872,68.89666504347827,21.641081576802407,0.30664314623581945,59,64,,False,False,Request timeout: 300.0s exceeded,398,21.16838264042747
248,2026-09-14T02:18:05.362+00:00,2026-09-14T02:22:59.091+00:00,2026-09-14T02:23:05.457+00:00,False,94,93.0,,93.0,293728.96789200004,300094.718676,300094.71859500004,3192.497006329788,0.034659999999999996,293728.96789200004,30288.77645676879,89.4578215,68.44893316129031,20.122742918775025,0.3099021549273191,59,64,,False,False,Request timeout: 300.0s exceeded,445,21.16838264042747
249,2026-09-14T02:18:08.970+00:00,2026-09-14T02:23:02.611+00:00,2026-09-14T02:23:08.981+00:00,False,99,98.0,,98.0,293641.220913,300011.646513,300011.646526,3030.420671979798,0.0,293641.220913,29505.595267753717,87.82948490000001,65.00434285714286,67.01877032469251,0.3266539854003751,59,64,,False,False,Request timeout: 300.0s exceeded,408,21.16838264042747
250,2026-09-14T02:18:12.069+00:00,2026-09-14T02:23:05.589+00:00,2026-09-14T02:23:12.090+00:00,False,102,101.0,,101.0,293520.050335,300021.09583899996,300021.095942,2941.3832935490195,0.0,293520.050335,29056.51723235136,89.11986799999998,64.36678716831683,66.27218630911794,0.33664299411198584,59,64,,False,False,Request timeout: 300.0s exceeded,429,21.16838264042747
251,2026-09-14T02:18:15.005+00:00,2026-09-14T02:23:08.682+00:00,2026-09-14T02:23:15.086+00:00,False,93,92.0,,92.0,293677.490288,300081.09527999995,300081.095401,3226.6784451720428,0.02116,293677.490288,30445.725799148062,88.4333136,69.60440208695651,19.71487208041412,0.3065837916719031,59,64,,False,False,Request timeout: 300.0s exceeded,400,21.16838264042747
252,2026-09-14T02:18:17.847+00:00,2026-09-14T02:23:11.381+00:00,2026-09-14T02:23:17.921+00:00,False,95,94.0,,94.0,293533.924306,300073.951442,300073.951291,3158.6731714842103,0.04261,293533.924306,30108.814242925804,90.599506,69.57475676595745,21.032733002788202,0.3132561141954664,59,64,,False,False,Request timeout: 300.0s exceeded,451,21.16838264042747
253,2026-09-14T02:18:20.238+00:00,2026-09-14T02:23:13.791+00:00,2026-09-14T02:23:20.272+00:00,False,91,90.0,,90.0,293553.11319,300033.906278,300033.90632,3297.0758936263737,0.02103,293553.11319,30765.185221364784,89.47388600000001,72.00881208888889,19.42298977381705,0.2999660975536859,59,64,,False,False,Request timeout: 300.0s exceeded,394,21.16838264042747
254,2026-09-14T02:18:23.896+00:00,2026-09-14T02:23:17.522+00:00,2026-09-14T02:23:23.905+00:00,False,96,95.0,,95.0,293626.414181,300009.20816499996,300009.208069,3125.095917385416,0.02513,293626.414181,29961.270008617394,88.3443735,67.18730509473684,20.40912930872579,0.3166569472352716,59,64,,False,False,Request timeout: 300.0s exceeded,447,21.16838264042747
255,2026-09-14T02:18:27.449+00:00,2026-09-14T02:23:21.231+00:00,2026-09-14T02:23:27.493+00:00,False,92,91.0,,91.0,293782.302608,300044.15912,300044.159181,3261.3495563152173,0.03668,293782.302608,30621.755087649977,89.6873161,68.81161002197803,20.595103401958347,0.3032886901277933,59,64,,False,False,Request timeout: 300.0s exceeded,404,21.16838264042747
256,2026-09-14T02:18:30.617+00:00,2026-09-14T02:23:24.164+00:00,2026-09-14T02:23:30.689+00:00,False,97,96.0,,96.0,293547.20693,300072.224018,300072.224136,3093.5280838762883,0.027,293547.20693,29798.3090196429,89.56382079999999,67.968928,20.728573112628425,0.3199229795898783,59,64,,False,False,Request timeout: 300.0s exceeded,144,21.16838264042747
257,2026-09-14T02:18:34.305+00:00,2026-09-14T02:23:27.406+00:00,2026-09-14T02:23:34.351+00:00,False,109,108.0,,108.0,293101.345447,300046.662567,300046.662596,2752.7216751926608,0.06505,293101.345447,28067.86523979051,90.88734239999998,64.30849185185185,20.73211523386707,0.35994401362782613,59,64,,False,False,Request timeout: 300.0s exceeded,468,21.16838264042747
258,2026-09-14T02:18:37.275+00:00,2026-09-14T02:23:30.688+00:00,2026-09-14T02:23:37.324+00:00,False,98,97.0,,97.0,293412.46741399996,300048.46690199996,300048.46684699995,3061.719049459183,0.03698,293412.46741399996,29632.231358317527,90.24436655000001,68.4123658556701,20.46586349009278,0.3232811052211827,59,64,,False,False,Request timeout: 300.0s exceeded,437,21.16838264042747
259,2026-09-14T02:18:40.704+00:00,2026-09-14T02:23:34.526+00:00,2026-09-14T02:23:40.754+00:00,False,89,88.0,,88.0,293821.106556,300049.67078,300049.67082,3371.3446159550563,0.021920000000000002,293821.106556,31137.47849990345,89.9678354,70.7791389090909,19.551648105995632,0.29328477438831335,59,64,,False,False,Request timeout: 300.0s exceeded,536,21.16838264042747
260,2026-09-14T02:18:44.358+00:00,2026-09-14T02:23:38.269+00:00,2026-09-14T02:23:44.417+00:00,False,92,91.0,,91.0,293911.029344,300059.06159999996,300059.061687,3261.511540076087,0.024059999999999998,293911.029344,30635.305270906327,86.96462450000001,67.56079402197803,19.177294377548442,0.30327362724778983,59,64,,False,False,Request timeout: 300.0s exceeded,317,21.16838264042747
261,2026-09-14T02:18:48.007+00:00,2026-09-14T02:23:41.808+00:00,2026-09-14T02:23:48.043+00:00,False,95,94.0,,94.0,293801.43145200005,300035.89366000006,300035.89355200005,3158.2725637052636,0.021199000000000003,293801.43145200005,30136.59241519973,87.43626499999999,66.3240660425532,19.548160111502845,0.3132958488844024,59,64,,False,False,Request timeout: 300.0s exceeded,211,21.16838264042747
262,2026-09-14T02:18:50.658+00:00,2026-09-14T02:23:44.539+00:00,2026-09-14T02:23:50.666+00:00,False,91,90.0,,90.0,293880.52567,300007.52266200003,300007.522687,3296.7859635934064,0.03525,293880.52567,30799.91941611226,89.160381,68.07774435555555,19.358540923236905,0.29999247752663005,59,64,,False,False,Request timeout: 300.0s exceeded,504,21.16838264042747
263,2026-09-14T02:18:54.021+00:00,2026-09-14T02:23:47.696+00:00,2026-09-14T02:23:54.040+00:00,False,93,92.0,,92.0,293675.578589,300018.92655699997,300018.92666,3226.0099640860212,0.02487,293675.578589,30445.59575719435,88.393799,68.9494344347826,20.13961911022292,0.30664732074001705,59,64,,False,False,Request timeout: 300.0s exceeded,433,21.16838264042747
264,2026-09-14T02:18:57.075+00:00,2026-09-14T02:23:51.024+00:00,2026-09-14T02:23:57.148+00:00,False,89,88.0,,88.0,293949.25788700004,300072.56668700004,300072.56671200006,3371.60187316854,0.023649999999999997,293949.25788700004,31151.189478435746,89.652401,69.58305454545454,19.84374254048177,0.2932623963982389,59,64,,False,False,Request timeout: 300.0s exceeded,459,21.16838264042747
265,2026-09-14T02:19:00.758+00:00,2026-09-14T02:23:54.901+00:00,2026-09-14T02:24:01.355+00:00,False,95,94.0,,94.0,294142.752364,300596.839532,300596.839534,3164.177258252632,0.04395,294142.752364,30171.435008684086,89.9739084,68.66050178723404,65.24395255893931,0.3127112053019215,59,64,,False,False,Request timeout: 300.0s exceeded,364,21.16838264042747
266,2026-09-14T02:19:04.826+00:00,2026-09-14T02:23:58.410+00:00,2026-09-14T02:24:04.908+00:00,False,108,107.0,,107.0,293584.134515,300082.668403,300082.66822,2778.543224259259,0.0,293584.134515,28244.376345003653,89.92612199999999,60.73396157009346,64.93985424840514,0.35656841019656266,59,64,,False,False,Request timeout: 300.0s exceeded,549,21.16838264042747
267,2026-09-14T02:19:07.641+00:00,2026-09-14T02:24:01.546+00:00,2026-09-14T02:24:07.684+00:00,False,93,92.0,,92.0,293905.37271200004,300043.76196000003,300043.76190900005,3226.277009774194,0.03409,293905.37271200004,30469.65547609798,88.351275,66.72162226086957,20.39803321095396,0.3066219387432719,59,64,,False,False,Request timeout: 300.0s exceeded,433,21.16838264042747
268,2026-09-14T02:19:11.348+00:00,2026-09-14T02:24:04.823+00:00,2026-09-14T02:24:11.380+00:00,False,100,99.0,,99.0,293475.512339,300032.884243,300032.88427,3000.3288427,0.026260000000000002,293475.512339,29340.93411036305,86.91809905000002,66.23607983838384,19.606218552941755,0.32996383129730134,59,64,,False,False,Request timeout: 300.0s exceeded,421,21.16838264042747
269,2026-09-14T02:19:14.200+00:00,2026-09-14T02:24:08.061+00:00,2026-09-14T02:24:14.234+00:00,False,93,92.0,,92.0,293861.335361,300034.019905,300034.019875,3226.1722567204297,0.02252,293861.335361,30465.050170640974,88.2261132,67.0943972173913,20.107700923720042,0.30663189470690705,59,64,,False,False,Request timeout: 300.0s exceeded,491,21.16838264042747
270,2026-09-14T02:19:17.214+00:00,2026-09-14T02:24:10.750+00:00,2026-09-14T02:24:17.223+00:00,False,96,95.0,,95.0,293535.544556,300009.167852,300009.167685,3125.09549671875,0.026420000000000003,293535.544556,29951.89813619588,88.3076035,68.14340311578947,20.481606901067014,0.31665698978527634,59,64,,False,False,Request timeout: 300.0s exceeded,407,21.16838264042747
271,2026-09-14T02:19:19.844+00:00,2026-09-14T02:24:13.798+00:00,2026-09-14T02:24:19.880+00:00,False,89,88.0,,88.0,293953.887789,300036.224045,300036.223995,3371.193528033708,0.02364,293953.887789,31151.72932601182,86.8490644,69.11745745454546,19.403375357772916,0.29329791854333426,59,64,,False,False,Request timeout: 300.0s exceeded,411,21.16838264042747
272,2026-09-14T02:19:23.777+00:00,2026-09-14T02:24:17.672+00:00,2026-09-14T02:24:23.847+00:00,False,90,89.0,,89.0,293895.540371,300070.512275,300070.512262,3334.1168029111113,0.0256,293895.540371,30972.002874277576,89.06193294999998,69.38170678651686,19.851409955034086,0.29659695424666,59,64,,False,False,Request timeout: 300.0s exceeded,400,21.16838264042747
273,2026-09-14T02:19:26.573+00:00,2026-09-14T02:24:20.052+00:00,2026-09-14T02:24:26.680+00:00,False,98,97.0,,97.0,293478.549438,300106.467518,300106.46766200004,3062.3108945102044,0.02434,293478.549438,29638.914479381463,87.20502775000001,68.32905237113403,19.590294920756996,0.32321862571716176,59,64,,False,False,Request timeout: 300.0s exceeded,447,21.16838264042747
274,2026-09-14T02:19:30.609+00:00,2026-09-14T02:24:24.285+00:00,2026-09-14T02:24:30.657+00:00,False,96,95.0,,95.0,293676.34664,300048.559376,300048.559564,3125.5058287916668,0.039810000000000005,293676.34664,29966.377135093426,87.73265975,67.07592353684211,19.729883031437886,0.31661541784292524,59,64,,False,False,Request timeout: 300.0s exceeded,401,21.16838264042747
275,2026-09-14T02:19:33.591+00:00,2026-09-14T02:24:27.618+00:00,2026-09-14T02:24:33.619+00:00,False,90,89.0,,89.0,294026.852837,300028.59158899996,300028.591603,3333.651017811111,0.02041,294026.852837,30986.049817022118,90.09102245,67.4352668764045,20.20128071927042,0.296638395456385,59,64,,False,False,Request timeout: 300.0s exceeded,468,21.16838264042747
276,2026-09-14T02:19:36.770+00:00,2026-09-14T02:24:30.610+00:00,2026-09-14T02:24:36.794+00:00,False,91,90.0,,90.0,293839.99364999996,300024.346162,300024.346309,3296.970838560439,0.07216,293839.99364999996,30795.60408608562,88.5454335,68.71502791111112,19.968202995987227,0.29997565581362506,59,64,,False,False,Request timeout: 300.0s exceeded,407,21.16838264042747
277,2026-09-14T02:19:40.620+00:00,2026-09-14T02:24:34.252+00:00,2026-09-14T02:24:40.669+00:00,False,94,93.0,,93.0,293631.793514,300048.88381800003,300048.883962,3192.0094038510642,0.026789999999999998,293631.793514,30278.6964997993,88.58283,69.00097101075269,19.740720044720273,0.3099494949509987,59,64,,False,False,Request timeout: 300.0s exceeded,437,21.16838264042747
278,2026-09-14T02:19:42.912+00:00,2026-09-14T02:24:36.457+00:00,2026-09-14T02:24:42.984+00:00,False,93,92.0,,92.0,293544.599459,300071.683491,300071.683535,3226.577242311828,0.023690000000000003,293544.599459,30431.80659471559,89.92276,70.94656556521738,19.878840009428558,0.30659340771405824,59,64,,False,False,Request timeout: 300.0s exceeded,380,21.16838264042747
279,2026-09-14T02:19:46.411+00:00,2026-09-14T02:24:40.061+00:00,2026-09-14T02:24:47.609+00:00,False,77,76.0,,76.0,293649.641829,301198.174565,301198.17472799995,3911.6646068571426,0.04262,293649.641829,33454.09725457199,90.95168880000001,99.32279915789474,251.60044608062995,0.2523255664140781,59,64,,False,False,Request timeout: 300.0s exceeded,322,21.16838264042747
280,2026-09-14T02:19:50.123+00:00,2026-09-14T02:24:43.509+00:00,2026-09-14T02:24:50.143+00:00,False,111,110.0,,110.0,293386.26658600004,300020.278746,300020.27879600006,2702.885394558559,0.015449999999999998,293386.26658600004,27842.09146682545,91.89025099999999,60.30920145454545,215.14265083907753,0.36664188320792485,59,64,,False,False,Request timeout: 300.0s exceeded,468,21.16838264042747
281,2026-09-14T02:19:54.180+00:00,2026-09-14T02:24:48.871+00:00,2026-09-14T02:24:54.237+00:00,False,77,76.0,,76.0,294691.084869,300056.96800500003,300056.967938,3896.843739454546,0.02155,294691.084869,33575.12636354265,91.5530444,70.60372547368421,21.02358533206261,0.25328523615133497,59,64,,False,False,Request timeout: 300.0s exceeded,361,21.16838264042747
282,2026-09-14T02:19:57.828+00:00,2026-09-14T02:24:51.786+00:00,2026-09-14T02:24:57.836+00:00,False,92,91.0,,91.0,293957.642008,300007.95036,300007.95026199997,3260.9559811086956,0.0,293957.642008,30640.35042854831,88.42372610000001,66.48690496703297,70.15281708557946,0.3033252948490295,59,64,,False,False,Request timeout: 300.0s exceeded,404,21.16838264042747
283,2026-09-14T02:20:00.483+00:00,2026-09-14T02:24:54.497+00:00,2026-09-14T02:25:00.547+00:00,False,95,94.0,,94.0,294013.560852,300064.291092,300064.290945,3158.571483631579,0.0,294013.560852,30158.62864919893,85.867351,64.36947063829787,68.93767241949693,0.3132661992465458,59,64,,False,False,Request timeout: 300.0s exceeded,459,21.16838264042747
284,2026-09-14T02:20:03.652+00:00,2026-09-14T02:24:57.483+00:00,2026-09-14T02:25:03.716+00:00,False,96,95.0,,95.0,293830.85990100005,300064.690813,300064.69077700004,3125.673862260417,0.03003,293830.85990100005,29982.29560951703,86.6726625,65.61927275789473,19.52165539873534,0.3165983966410893,59,64,,False,False,Request timeout: 300.0s exceeded,518,21.16838264042747
285,2026-09-14T02:20:06.633+00:00,2026-09-14T02:25:00.163+00:00,2026-09-14T02:25:06.652+00:00,False,98,97.0,,97.0,293530.069847,300019.159383,300019.15953400003,3061.419995244898,0.02316,293530.069847,29644.263446397905,88.1156632,66.89783026804123,19.660052270261954,0.3233126850947917,59,64,,False,False,Request timeout: 300.0s exceeded,464,21.16838264042747
286,2026-09-14T02:20:10.680+00:00,2026-09-14T02:25:04.275+00:00,2026-09-14T02:25:10.707+00:00,False,95,94.0,,94.0,293595.072103,300027.28023100004,300027.28039,3158.1818988421055,0.03505,293595.072103,30115.204708926518,89.017248,68.42774604255318,19.772782485045255,0.31330484323834346,59,64,,False,False,Request timeout: 300.0s exceeded,394,21.16838264042747
287,2026-09-14T02:20:14.368+00:00,2026-09-14T02:25:08.162+00:00,2026-09-14T02:25:14.383+00:00,False,90,89.0,,89.0,293793.282617,300014.762809,300014.76292999997,3333.497365888889,0.0349,293793.282617,30961.169121028455,89.44020850000001,69.90427182022472,20.22889739202264,0.296652068607239,59,64,,False,False,Request timeout: 300.0s exceeded,305,21.16838264042747
288,2026-09-14T02:20:17.006+00:00,2026-09-14T02:25:10.656+00:00,2026-09-14T02:25:17.063+00:00,False,93,92.0,,92.0,293650.04417199997,300057.11694,300057.117102,3226.4206139999997,0.04239,293650.04417199997,30442.876321942393,91.1243438,69.64209530434783,20.42114856387015,0.30660829157535535,59,64,,False,False,Request timeout: 300.0s exceeded,313,21.16838264042747
289,2026-09-14T02:20:20.896+00:00,2026-09-14T02:25:14.510+00:00,2026-09-14T02:25:20.945+00:00,False,92,91.0,,91.0,293614.191271,300049.000103,300048.99995200004,3261.4021733913046,0.04038,293614.191271,30604.029736709937,89.912786,70.71218496703297,20.003577275693495,0.30328379687571616,59,64,,False,False,Request timeout: 300.0s exceeded,444,21.16838264042747
290,2026-09-14T02:20:23.535+00:00,2026-09-14T02:25:17.375+00:00,2026-09-14T02:25:23.557+00:00,False,94,93.0,,93.0,293840.054157,300021.63009299996,300021.630142,3191.7194695957446,0.020079999999999997,293840.054157,30300.43880519118,90.16948015,66.4685584516129,20.74876079519538,0.30997765051530485,59,64,,False,False,Request timeout: 300.0s exceeded,364,21.16838264042747
291,2026-09-14T02:20:26.576+00:00,2026-09-14T02:25:20.283+00:00,2026-09-14T02:25:26.593+00:00,False,96,95.0,,95.0,293707.142329,300017.288121,300017.28826299997,3125.1800860729168,0.02047,293707.142329,29969.58710398973,87.98558175000002,66.42258728421052,20.059986563665973,0.3166484191460512,59,64,,False,False,Request timeout: 300.0s exceeded,472,21.16838264042747
292,2026-09-14T02:20:30.291+00:00,2026-09-14T02:25:23.794+00:00,2026-09-14T02:25:30.313+00:00,False,93,92.0,,92.0,293502.326653,300021.843325,300021.84335800004,3226.041326430108,0.02682,293502.326653,30427.43177355615,89.6468322,70.86431165217391,20.08565181034966,0.30664433956010523,59,64,,False,False,Request timeout: 300.0s exceeded,393,21.16838264042747
293,2026-09-14T02:20:34.344+00:00,2026-09-14T02:25:28.030+00:00,2026-09-14T02:25:34.415+00:00,False,90,89.0,,89.0,293685.24138099997,300070.41002099996,300070.40986799996,3334.1156651999995,0.02462,293685.24138099997,30949.58660257638,92.5431974,71.74346786516854,20.063101793231986,0.29659705531702196,59,64,,False,False,Request timeout: 300.0s exceeded,326,21.16838264042747
294,2026-09-14T02:20:37.252+00:00,2026-09-14T02:25:31.402+00:00,2026-09-14T02:25:37.304+00:00,False,87,86.0,,86.0,294150.056704,300051.850752,300051.850699,3448.8718471149423,0.03478,294150.056704,31528.84513063609,89.8379763,68.6255121860465,19.994480139762505,0.2866171289544254,59,64,,False,False,Request timeout: 300.0s exceeded,306,21.16838264042747
295,2026-09-14T02:20:40.079+00:00,2026-09-14T02:25:34.026+00:00,2026-09-14T02:25:40.165+00:00,False,91,90.0,,90.0,293946.199105,300085.285185,300085.28517,3297.6404963736263,0.03633,293946.199105,30806.790016908428,87.97096400000001,68.21206755555555,19.735291384498908,0.2999147390533187,59,64,,False,False,Request timeout: 300.0s exceeded,462,21.16838264042747
296,2026-09-14T02:20:43.084+00:00,2026-09-14T02:25:36.760+00:00,2026-09-14T02:25:43.101+00:00,False,93,92.0,,92.0,293676.028726,300016.942134,300016.942076,3225.9886244731183,0.019489999999999997,293676.028726,30445.644564089085,86.643875,68.92297182608695,19.177697299391742,0.306649349018793,59,64,,False,False,Request timeout: 300.0s exceeded,294,21.16838264042747
297,2026-09-14T02:20:45.574+00:00,2026-09-14T02:25:39.210+00:00,2026-09-14T02:25:45.594+00:00,False,97,96.0,,96.0,293636.037582,300019.371982,300019.37195400003,3092.983216020619,0.039490000000000004,293636.037582,29807.4780432114,88.8055768,66.49306666666666,20.418791661992937,0.31997933788675365,59,64,,False,False,Request timeout: 300.0s exceeded,272,21.16838264042747
298,2026-09-14T02:20:49.071+00:00,2026-09-14T02:25:42.840+00:00,2026-09-14T02:25:49.159+00:00,False,93,92.0,,92.0,293768.827384,300087.846136,300087.845933,3226.7510315376344,0.11562,293768.827384,30455.29325520377,90.968508,68.68498643478262,21.078116682234892,0.30657689468138455,59,64,,False,False,Request timeout: 300.0s exceeded,447,21.16838264042747
299,2026-09-14T02:20:52.658+00:00,2026-09-14T02:25:46.348+00:00,2026-09-14T02:25:52.686+00:00,False,98,97.0,,97.0,293690.285064,300028.139016,300028.13883,3061.5116207142855,0.0,293690.285064,29660.67725184892,88.6994732,65.33870053608247,68.62975665269505,0.32330300857156324,59,64,,False,False,Request timeout: 300.0s exceeded,368,21.16838264042747
300,2026-09-14T02:20:55.063+00:00,2026-09-14T02:25:49.164+00:00,2026-09-14T02:25:55.071+00:00,False,93,92.0,,92.0,294101.17345099995,300007.32487499993,300007.32469499996,3225.885211774193,0.0,294101.17345099995,30490.294333743503,87.93003619999999,64.19729808695652,70.34258884276773,0.3066591791994826,59,64,,False,False,Request timeout: 300.0s exceeded,259,21.16838264042747
301,2026-09-14T02:20:58.443+00:00,2026-09-14T02:25:52.080+00:00,2026-09-14T02:25:58.507+00:00,False,100,99.0,,99.0,293636.911203,300064.099171,300064.099337,3000.64099337,0.02545,293636.911203,29357.206425097724,90.891241,64.92109058585858,20.970260214441364,0.3299295059739288,59,64,,False,False,Request timeout: 300.0s exceeded,332,21.16838264042747
302,2026-09-14T02:21:00.939+00:00,2026-09-14T02:25:54.981+00:00,2026-09-14T02:26:00.966+00:00,False,89,88.0,,88.0,294042.584366,300027.669294,300027.669285,3371.0974076966295,0.055170000000000004,294042.584366,31161.24935334178,89.84336440000001,68.01232872727273,21.066106336893647,0.29330628140755893,59,64,,False,False,Request timeout: 300.0s exceeded,285,21.16838264042747
303,2026-09-14T02:21:05.061+00:00,2026-09-14T02:25:58.633+00:00,2026-09-14T02:26:05.092+00:00,False,94,93.0,,93.0,293571.86865200003,300030.81572400004,300030.815852,3191.817189914894,0.03503,293571.86865200003,30272.46977408736,90.2824913,69.45104378494624,20.459347585941636,0.30996816035573893,59,64,,False,False,Request timeout: 300.0s exceeded,373,21.16838264042747
304,2026-09-14T02:21:08.973+00:00,2026-09-14T02:26:03.063+00:00,2026-09-14T02:26:08.996+00:00,False,91,90.0,,90.0,294090.564299,300023.302603,300023.30259000004,3296.9593691208793,0.03587,294090.564299,30822.16451794321,88.9251125,65.91931448888889,20.62180744882424,0.2999766992068971,59,64,,False,False,Request timeout: 300.0s exceeded,131,21.16838264042747
305,2026-09-14T02:21:12.683+00:00,2026-09-14T02:26:06.389+00:00,2026-09-14T02:26:12.694+00:00,False,94,93.0,,93.0,293706.572863,300011.510847,300011.510855,3191.611817606383,0.03914,293706.572863,30286.534158819697,90.14504765,67.79503208602151,20.316238981595937,0.30998810591446996,59,64,,False,False,Request timeout: 300.0s exceeded,505,21.16838264042747
306,2026-09-14T02:21:15.148+00:00,2026-09-14T02:26:09.175+00:00,2026-09-14T02:26:15.177+00:00,False,86,85.0,,85.0,294027.19293699996,300028.93296899996,300028.93306999997,3488.708524069767,0.02312,294027.19293699996,31698.15967549802,88.9901695,70.60870625882353,19.61349559619185,0.28330601038661324,59,64,,False,False,Request timeout: 300.0s exceeded,299,21.16838264042747
307,2026-09-14T02:21:17.624+00:00,2026-09-14T02:26:11.223+00:00,2026-09-14T02:26:17.659+00:00,False,92,91.0,,91.0,293598.25581199996,300034.293188,300034.29339899996,3261.2423195543474,0.020079999999999997,293598.25581199996,30602.36679317409,90.10328255,70.72568545054945,19.77098332225066,0.3032986630730903,59,64,,False,False,Request timeout: 300.0s exceeded,474,21.16838264042747
308,2026-09-14T02:21:20.901+00:00,2026-09-14T02:26:14.568+00:00,2026-09-14T02:26:20.985+00:00,False,97,96.0,,96.0,293666.16107,300083.27671799995,300083.276876,3093.6420296494844,0.096999,293666.16107,29810.50060715213,91.2230012,66.84495466666667,19.99668385793147,0.3199111961517768,59,64,,False,False,Request timeout: 300.0s exceeded,314,21.16838264042747
309,2026-09-14T02:21:24.955+00:00,2026-09-14T02:26:18.633+00:00,2026-09-14T02:26:25.017+00:00,False,92,91.0,,91.0,293678.141067,300061.436299,300061.436145,3261.5373494021737,0.021070000000000002,293678.141067,30610.756176597177,90.1872186,70.14610145054945,20.30440509926256,0.3032712271273737,59,64,,False,False,Request timeout: 300.0s exceeded,136,21.16838264042747
310,2026-09-14T02:21:27.634+00:00,2026-09-14T02:26:21.471+00:00,2026-09-14T02:26:27.640+00:00,False,90,89.0,,89.0,293837.195383,300005.803639,300005.803594,3333.397817711111,0.022010000000000002,293837.195383,30965.860577604322,88.83109594999998,69.31020512359551,20.26800269678143,0.29666092762356894,59,64,,False,False,Request timeout: 300.0s exceeded,433,21.16838264042747
311,2026-09-14T02:21:31.527+00:00,2026-09-14T02:26:25.012+00:00,2026-09-14T02:26:31.589+00:00,False,100,99.0,,99.0,293485.614017,300062.59859300003,300062.598445,3000.62598445,0.023780000000000003,293485.614017,29341.925556190174,89.24665494999999,66.43418763636363,21.188519842304018,0.3299311559128433,59,64,,False,False,Request timeout: 300.0s exceeded,453,21.16838264042747
312,2026-09-14T02:21:34.531+00:00,2026-09-14T02:26:28.078+00:00,2026-09-14T02:26:34.572+00:00,False,97,96.0,,96.0,293546.470729,300040.199241,300040.199233,3093.1979302371133,0.038579999999999996,293546.470729,29798.267344933873,90.2513336,67.64300533333333,20.70326573639689,0.31995712655453323,59,64,,False,False,Request timeout: 300.0s exceeded,599,21.16838264042747
313,2026-09-14T02:21:38.442+00:00,2026-09-14T02:26:32.090+00:00,2026-09-14T02:26:38.498+00:00,False,96,95.0,,95.0,293648.352236,300056.315116,300056.315131,3125.586615947917,0.023509,293648.352236,29963.481642880673,89.12292599999999,67.45224084210527,19.854728735065525,0.3166072340896193,59,64,,False,False,Request timeout: 300.0s exceeded,433,21.16838264042747
314,2026-09-14T02:21:40.775+00:00,2026-09-14T02:26:34.698+00:00,2026-09-14T02:26:40.835+00:00,False,93,92.0,,92.0,293922.896715,300060.21613899997,300060.216294,3226.453938645161,0.037950000000000005,293922.896715,30471.47378250865,88.200468,66.70999373913044,20.317476844407107,0.3066051247439677,59,64,,False,False,Request timeout: 300.0s exceeded,511,21.16838264042747
315,2026-09-14T02:21:46.306+00:00,2026-09-14T02:26:37.685+00:00,2026-09-14T02:26:46.458+00:00,False,126,125.0,,125.0,291378.714531,300152.083107,300152.083082,2382.1593895396827,0.02393,291378.714531,25951.880964032865,89.1930545,70.186948608,53.48662677525694,0.416455547154871,59,64,,False,False,Request timeout: 300.0s exceeded,565,21.16838264042747
316,2026-09-14T02:21:47.389+00:00,2026-09-14T02:26:40.998+00:00,2026-09-14T02:26:47.263+00:00,True,101,101.0,,101.0,293609.55788,299874.413432,299874.41340099997,2969.0535980297027,0.0,293609.55788,29209.076462972473,89.95125,62.64855552,63.00756569032553,0.3368076617277083,59,64,,False,True,,460,21.16838264042747
317,2026-09-14T02:21:49.880+00:00,2026-09-14T02:26:43.749+00:00,2026-09-14T02:26:49.979+00:00,False,100,99.0,,99.0,293869.007485,300099.314557,300099.314626,3000.9931462600002,0.0,293869.007485,29380.67704551514,92.7720853,62.93239466666667,64.24759847884654,0.32989079014106254,59,64,,False,False,Request timeout: 300.0s exceeded,441,21.16838264042747
318,2026-09-14T02:21:52.419+00:00,2026-09-14T02:26:47.654+00:00,2026-09-14T02:26:52.452+00:00,False,75,74.0,,74.0,295234.889941,300032.516053,300032.515898,4000.4335453066665,0.04952,295234.889941,34083.30802925855,85.74813970000001,64.83278529729729,19.737805354038734,0.246639934142765,59,64,,False,False,Request timeout: 300.0s exceeded,354,21.16838264042747
319,2026-09-14T02:21:54.839+00:00,2026-09-14T02:26:48.846+00:00,2026-09-14T02:26:54.874+00:00,False,89,88.0,,88.0,294007.009306,300034.64655400004,300034.646375,3371.1758019662925,0.02183,294007.009306,31157.426356873017,87.69477699999999,68.49587781818181,19.844936266508004,0.29329946061466544,59,64,,False,False,Request timeout: 300.0s exceeded,413,21.16838264042747
320,2026-09-14T02:21:57.999+00:00,2026-09-14T02:26:51.852+00:00,2026-09-14T02:26:58.058+00:00,False,91,90.0,,90.0,293852.986852,300058.508004,300058.508036,3297.346242153846,0.04451,293852.986852,30796.94123038037,89.781331,68.95023502222222,19.563547985211162,0.29994150340439685,59,64,,False,False,Request timeout: 300.0s exceeded,473,21.16838264042747
321,2026-09-14T02:22:00.312+00:00,2026-09-14T02:26:54.117+00:00,2026-09-14T02:27:00.394+00:00,False,92,91.0,,91.0,293805.37595200003,300081.60481600004,300081.604607,3261.7565718152177,0.02158,293805.37595200003,30624.144013372887,90.39663965,68.96954795604395,20.337446135616865,0.30325084423551435,59,64,,False,False,Request timeout: 300.0s exceeded,390,21.16838264042747
322,2026-09-14T02:22:02.742+00:00,2026-09-14T02:26:56.583+00:00,2026-09-14T02:27:02.761+00:00,False,88,87.0,,87.0,293841.514899,300019.014291,300019.014531,3409.306983306818,0.028739999999999998,293841.514899,31316.047326655556,88.82433335000002,71.00574013793103,19.217142812693343,0.2899816206835989,59,64,,False,False,Request timeout: 300.0s exceeded,412,21.16838264042747
323,2026-09-14T02:22:05.103+00:00,2026-09-14T02:26:58.602+00:00,2026-09-14T02:27:05.142+00:00,False,95,94.0,,94.0,293498.755333,300039.197445,300039.197599,3158.307343147368,0.028489999999999998,293498.755333,30105.20449529166,89.0919497,69.57917140425532,19.478289541278365,0.3132923991280542,59,64,,False,False,Request timeout: 300.0s exceeded,329,21.16838264042747
324,2026-09-14T02:22:07.980+00:00,2026-09-14T02:27:01.742+00:00,2026-09-14T02:27:08.032+00:00,False,92,91.0,,91.0,293762.14488800004,300052.46936800005,300052.469242,3261.4398830652176,0.02135,293762.14488800004,30619.62045880921,88.16264704999999,69.12444483516482,19.943402433981777,0.3032802902494791,59,64,,False,False,Request timeout: 300.0s exceeded,428,21.16838264042747
325,2026-09-14T02:22:10.745+00:00,2026-09-14T02:27:04.675+00:00,2026-09-14T02:27:10.758+00:00,False,93,92.0,,92.0,293929.24337599997,300013.08670399996,300013.086607,3225.947167817204,0.02414,293929.24337599997,30472.192061789276,89.0814316,66.12873182608695,20.145417718727526,0.3066532897305556,59,64,,False,False,Request timeout: 300.0s exceeded,386,21.16838264042747
326,2026-09-14T02:22:14.852+00:00,2026-09-14T02:27:09.041+00:00,2026-09-14T02:27:14.895+00:00,False,88,87.0,,87.0,294189.663447,300043.35688700003,300043.35667400004,3409.583598568182,0.02122,294189.663447,31353.557922416687,89.66394749999999,67.28383264367815,20.93236448475413,0.28995809439888803,59,64,,False,False,Request timeout: 300.0s exceeded,428,21.16838264042747
327,2026-09-14T02:22:17.561+00:00,2026-09-14T02:27:11.690+00:00,2026-09-14T02:27:17.581+00:00,False,91,90.0,,90.0,294129.20845499996,300020.34752699995,300020.347333,3296.9268937692304,0.05017,294129.20845499996,30826.26406513169,88.29644350000001,65.45710079999999,20.75210043299976,0.2999796538529793,59,64,,False,False,Request timeout: 300.0s exceeded,416,21.16838264042747
328,2026-09-14T02:22:21.110+00:00,2026-09-14T02:27:15.072+00:00,2026-09-14T02:27:21.168+00:00,False,92,91.0,,91.0,293962.0559,300058.45474799996,300058.454874,3261.5049442826084,0.03786,293962.0559,30640.68506406582,88.86301320000001,66.99339393406594,20.356694719863135,0.30327424060230235,59,64,,False,False,Request timeout: 300.0s exceeded,297,21.16838264042747
329,2026-09-14T02:22:24.189+00:00,2026-09-14T02:27:18.156+00:00,2026-09-14T02:27:24.219+00:00,False,89,88.0,,88.0,293967.50146,300030.398868,300030.398775,3371.1280761235953,0.03632,293967.50146,31153.196154541194,88.71264500000001,68.89656145454545,19.991438143304137,0.29330361300728086,59,64,,False,False,Request timeout: 300.0s exceeded,201,21.16838264042747
330,2026-09-14T02:22:27.044+00:00,2026-09-14T02:27:21.169+00:00,2026-09-14T02:27:27.108+00:00,False,84,83.0,,83.0,294125.00484899996,300063.66392099997,300063.66404699994,3572.1864767499997,0.032799999999999996,294125.00484899996,32083.86779759511,87.87032015000001,71.55010930120481,18.97385257971588,0.276607966840837,59,64,,False,False,Request timeout: 300.0s exceeded,415,21.16838264042747
331,2026-09-14T02:22:30.090+00:00,2026-09-14T02:27:24.083+00:00,2026-09-14T02:27:30.103+00:00,False,87,86.0,,86.0,293992.64485000004,300012.43390600005,300012.433956,3448.418781103449,0.02053,293992.64485000004,31511.82118616719,88.3441103,69.9975471627907,19.13415178520065,0.2866547858711267,59,64,,False,False,Request timeout: 300.0s exceeded,433,21.16838264042747
332,2026-09-14T02:22:32.990+00:00,2026-09-14T02:27:26.510+00:00,2026-09-14T02:27:33.015+00:00,False,101,100.0,,100.0,293519.74385900004,300025.24043500004,300025.24057,2970.546936336634,0.02089,293519.74385900004,29199.839337536356,87.57736500000001,65.05496576,19.473633172458626,0.3333052907649109,59,64,,False,False,Request timeout: 300.0s exceeded,478,21.16838264042747
333,2026-09-14T02:22:35.437+00:00,2026-09-14T02:27:29.312+00:00,2026-09-14T02:27:35.477+00:00,False,95,94.0,,94.0,293874.959591,300040.172775,300040.17261999997,3158.3176065263156,0.03964,293874.959591,30144.211922139395,87.028157,65.58737429787234,19.699725107466413,0.31329138071950974,59,64,,False,False,Request timeout: 300.0s exceeded,394,21.16838264042747
334,2026-09-14T02:22:38.739+00:00,2026-09-14T02:27:32.490+00:00,2026-09-14T02:27:38.755+00:00,False,95,94.0,,94.0,293750.953894,300016.39543,300016.395441,3158.0673204315785,0.02605,293750.953894,30131.380242428117,87.4270125,66.65363336170213,20.353176439947394,0.3133162101533619,59,64,,False,False,Request timeout: 300.0s exceeded,416,21.16838264042747
335,2026-09-14T02:22:40.986+00:00,2026-09-14T02:27:34.893+00:00,2026-09-14T02:27:40.999+00:00,False,88,87.0,,87.0,293907.210945,300013.275329,300013.275279,3409.241764534091,0.03539,293907.210945,31323.1384303515,89.9566122,70.18464809195402,19.792120000002726,0.2899871677498078,59,64,,False,False,Request timeout: 300.0s exceeded,464,21.16838264042747
336,2026-09-14T02:22:44.367+00:00,2026-09-14T02:27:38.032+00:00,2026-09-14T02:27:44.411+00:00,False,97,96.0,,96.0,293665.417617,300043.798417,300043.798496,3093.235036041237,0.0,293665.417617,29810.537258407356,88.78738680000001,66.44146666666667,68.46693888836847,0.3199532885081647,59,64,,False,False,Request timeout: 300.0s exceeded,474,21.16838264042747
337,2026-09-14T02:22:47.141+00:00,2026-09-14T02:27:40.870+00:00,2026-09-14T02:27:47.210+00:00,False,100,99.0,,99.0,293729.338383,300069.040911,300069.040794,3000.69040794,0.0,293729.338383,29366.607194007323,90.93386545000001,64.03739927272727,67.63332389435017,0.3299240724715858,59,64,,False,False,Request timeout: 300.0s exceeded,429,21.16838264042747
338,2026-09-14T02:22:50.843+00:00,2026-09-14T02:27:44.872+00:00,2026-09-14T02:27:50.851+00:00,False,89,88.0,,88.0,294028.823282,300008.496882,300008.49690300005,3370.8819876741577,0.03554,294028.823282,31159.797067136988,89.52148100000001,67.95083636363636,20.86665000186879,0.2933250255062354,59,64,,False,False,Request timeout: 300.0s exceeded,357,21.16838264042747
339,2026-09-14T02:22:54.146+00:00,2026-09-14T02:27:47.933+00:00,2026-09-14T02:27:54.187+00:00,False,90,89.0,,89.0,293787.064413,300041.312349,300041.312225,3333.7923580555557,0.03717,293787.064413,30960.47488473869,89.87753945,70.27244871910113,20.273394527924403,0.2966258189688145,59,64,,False,False,Request timeout: 300.0s exceeded,415,21.16838264042747
340,2026-09-14T02:22:57.506+00:00,2026-09-14T02:27:51.267+00:00,2026-09-14T02:27:57.528+00:00,False,94,93.0,,93.0,293760.83694999997,300022.31227799994,300022.31216599996,3191.7267251702124,0.03461,293760.83694999997,30292.179079641894,88.52278365000001,67.32769169892474,20.022057844951828,0.309976945694047,59,64,,False,False,Request timeout: 300.0s exceeded,447,21.16838264042747
341,2026-09-14T02:23:01.129+00:00,2026-09-14T02:27:54.650+00:00,2026-09-14T02:28:01.137+00:00,False,99,98.0,,98.0,293520.629819,300007.642171,300007.64206900005,3030.380222919192,0.024480000000000002,293520.629819,29493.287273081005,88.539406,66.19400359183673,20.083188280671582,0.3266583454035528,59,64,,False,False,Request timeout: 300.0s exceeded,407,21.16838264042747
342,2026-09-14T02:23:03.503+00:00,2026-09-14T02:27:57.399+00:00,2026-09-14T02:28:03.580+00:00,False,93,92.0,,92.0,293896.13673699996,300076.754209,300076.75428399997,3226.631766494623,0.02527,293896.13673699996,30468.65014361416,90.13123540000001,67.18062469565217,20.38256183680612,0.3065882268771911,59,64,,False,False,Request timeout: 300.0s exceeded,428,21.16838264042747
343,2026-09-14T02:23:06.727+00:00,2026-09-14T02:28:00.256+00:00,2026-09-14T02:28:06.779+00:00,False,98,97.0,,97.0,293528.713854,300052.323454,300052.32345699996,3061.7584026224486,0.05294,293528.713854,29644.090953856197,88.7857365,67.25370721649485,20.307904382276924,0.3232769501112387,59,64,,False,False,Request timeout: 300.0s exceeded,368,21.16838264042747
344,2026-09-14T02:23:09.700+00:00,2026-09-14T02:28:03.583+00:00,2026-09-14T02:28:09.782+00:00,False,91,90.0,,90.0,293882.740918,300082.01823,300082.018146,3297.6045950109888,0.020050000000000002,293882.740918,30800.067990028772,88.92513750000002,68.88085902222223,20.211808776380078,0.2999180041871715,59,64,,False,False,Request timeout: 300.0s exceeded,397,21.16838264042747
345,2026-09-14T02:23:12.823+00:00,2026-09-14T02:28:06.994+00:00,2026-09-14T02:28:14.710+00:00,False,76,75.0,,75.0,294171.123241,301887.793449,301887.79322399996,3972.2078055789475,0.06479,294171.123241,33733.35368370217,90.4897595,102.88893610666666,310.9194181267106,0.24843667623371551,59,64,,False,False,Request timeout: 300.0s exceeded,301,21.16838264042747
346,2026-09-14T02:23:15.512+00:00,2026-09-14T02:28:09.445+00:00,2026-09-14T02:28:15.564+00:00,False,103,102.0,,102.0,293932.877695,300051.443583,300051.443574,2913.120811398058,0.015439999999999999,293932.877695,28957.450137706834,89.66249059999998,59.985940078431376,275.0728237027591,0.3399417072685566,59,64,,False,False,Request timeout: 300.0s exceeded,485,21.16838264042747
347,2026-09-14T02:23:19.116+00:00,2026-09-14T02:28:14.631+00:00,2026-09-14T02:28:19.166+00:00,False,69,68.0,,68.0,295515.563634,300050.612594,300050.61255,4348.559602173913,0.04316,295515.563634,35567.870863538024,95.85564020000001,66.69189647058823,21.4891421638544,0.22662843249052497,59,64,,False,False,Request timeout: 300.0s exceeded,280,21.16838264042747
348,2026-09-14T02:23:22.756+00:00,2026-09-14T02:28:16.412+00:00,2026-09-14T02:28:22.807+00:00,False,92,91.0,,91.0,293655.244175,300050.860175,300050.860194,3261.4223934130437,0.0228,293655.244175,30608.354087766806,88.8164916,70.2814945054945,19.03395179265092,0.3032819167621305,59,64,,False,False,Request timeout: 300.0s exceeded,340,21.16838264042747
349,2026-09-14T02:23:26.078+00:00,2026-09-14T02:28:19.555+00:00,2026-09-14T02:28:26.162+00:00,False,97,96.0,,96.0,293477.55420599994,300084.41782199993,300084.4177289999,3093.653791020618,0.02606,293477.55420599994,29791.150085523757,89.9845238,68.821496,20.423839153464677,0.3199099796542718,59,64,,False,False,Request timeout: 300.0s exceeded,364,21.16838264042747
350,2026-09-14T02:23:29.226+00:00,2026-09-14T02:28:22.805+00:00,2026-09-14T02:28:29.240+00:00,False,96,95.0,,95.0,293579.113996,300013.85447599995,300013.854442,3125.1443171041665,0.02443,293579.113996,29956.386893389765,90.03468074999999,67.73411031578948,20.771881201368508,0.31665204317289175,59,64,,False,False,Request timeout: 300.0s exceeded,455,21.16838264042747
351,2026-09-14T02:23:31.825+00:00,2026-09-14T02:28:25.259+00:00,2026-09-14T02:28:31.864+00:00,False,100,99.0,,99.0,293434.02127499995,300039.85756299994,300039.85747999995,3000.3985747999996,0.04246,293434.02127499995,29336.73674185948,89.777595,66.72561907070707,20.62396263484067,0.3299561625048858,59,64,,False,False,Request timeout: 300.0s exceeded,413,21.16838264042747
352,2026-09-14T02:23:34.095+00:00,2026-09-14T02:28:27.892+00:00,2026-09-14T02:28:34.177+00:00,False,93,92.0,,92.0,293797.251222,300082.451094,300082.451024,3226.693021763441,0.05212,293797.251222,30458.278708051115,89.105526,68.31738991304348,20.962437830989785,0.30658240648394747,59,64,,False,False,Request timeout: 300.0s exceeded,441,21.16838264042747
353,2026-09-14T02:23:37.032+00:00,2026-09-14T02:28:30.963+00:00,2026-09-14T02:28:37.058+00:00,False,86,85.0,,85.0,293930.814254,300025.160494,300025.160609,3488.6646582441863,0.027800000000000002,293930.814254,31687.64991034652,89.69025099999999,71.69819105882353,20.407819933809982,0.28330957263732504,59,64,,False,False,Request timeout: 300.0s exceeded,482,21.16838264042747
354,2026-09-14T02:23:40.377+00:00,2026-09-14T02:28:34.562+00:00,2026-09-14T02:28:40.383+00:00,False,90,89.0,,89.0,294184.813662,300006.549086,300006.549252,3333.4061028,0.0,294184.813662,31002.98096022475,89.7087283,65.4127575730337,68.08971639412687,0.2966601904896657,59,64,,False,False,Request timeout: 300.0s exceeded,422,21.16838264042747
355,2026-09-14T02:23:43.271+00:00,2026-09-14T02:28:37.771+00:00,2026-09-14T02:28:43.308+00:00,False,93,92.0,,92.0,294499.78139099997,300037.507343,300037.50724999997,3226.2097553763438,0.0,294499.78139099997,30531.976023318184,88.66591059999999,60.19267339130435,28.29838310619474,0.30662833062009975,59,64,,False,False,Request timeout: 300.0s exceeded,361,21.16838264042747
356,2026-09-14T02:23:47.261+00:00,2026-09-14T02:28:40.927+00:00,2026-09-14T02:28:47.297+00:00,False,95,94.0,,94.0,293666.226106,300036.187066,300036.18722900003,3158.2756550421054,0.01921,293666.226106,30122.572853429196,87.08710669999999,67.76554212765957,19.709087462584908,0.31329554251175207,59,64,,False,False,Request timeout: 300.0s exceeded,396,21.16838264042747
357,2026-09-14T02:23:50.435+00:00,2026-09-14T02:28:44.197+00:00,2026-09-14T02:28:50.449+00:00,False,93,92.0,,92.0,293762.662306,300014.705314,300014.705198,3225.9645720215053,0.030109999999999998,293762.662306,30454.72879305501,89.59424659999999,67.9569892173913,20.086059660478316,0.30665163530471407,59,64,,False,False,Request timeout: 300.0s exceeded,442,21.16838264042747
358,2026-09-14T02:23:54.537+00:00,2026-09-14T02:28:48.403+00:00,2026-09-14T02:28:54.559+00:00,False,93,92.0,,92.0,293866.61543199996,300022.17331999994,300022.17338799994,3226.0448751397844,0.03314,293866.61543199996,30465.617356795807,90.7862406,66.90823791304348,20.65878914659961,0.3066440022813712,59,64,,False,False,Request timeout: 300.0s exceeded,463,21.16838264042747
359,2026-09-14T02:23:57.920+00:00,2026-09-14T02:28:51.563+00:00,2026-09-14T02:28:57.961+00:00,False,96,95.0,,95.0,293643.586848,300041.55216,300041.552242,3125.4328358541666,0.021670000000000002,293643.586848,29963.006803453507,89.91023075,67.34700328421053,21.01810226326703,0.3166228121275027,59,64,,False,False,Request timeout: 300.0s exceeded,398,21.16838264042747
360,2026-09-14T02:24:01.335+00:00,2026-09-14T02:28:54.946+00:00,2026-09-14T02:29:01.445+00:00,False,96,95.0,,95.0,293611.503908,300110.590756,300110.590839,3126.1519879062503,0.02822,293611.503908,29959.623444743156,89.53844624999999,68.41144050526316,20.62623227091186,0.31654997499651116,59,64,,False,False,Request timeout: 300.0s exceeded,363,21.16838264042747
361,2026-09-14T02:24:05.073+00:00,2026-09-14T02:28:58.657+00:00,2026-09-14T02:29:05.134+00:00,False,96,95.0,,95.0,293583.40852,300060.84877599997,300060.84877599997,3125.6338414166667,0.01808,293583.40852,29956.77984942785,90.792933,68.18358164210527,21.51943113104369,0.3166024504280429,59,64,,False,False,Request timeout: 300.0s exceeded,455,21.16838264042747
362,2026-09-14T02:24:08.825+00:00,2026-09-14T02:29:02.642+00:00,2026-09-14T02:29:08.849+00:00,False,89,88.0,,88.0,293817.272329,300024.987657,300024.987784,3371.06727847191,0.04959,293817.272329,31137.097974745455,92.0495394,70.54221963636364,20.783398802576052,0.2933089029924566,59,64,,False,False,Request timeout: 300.0s exceeded,436,21.16838264042747
363,2026-09-14T02:24:12.022+00:00,2026-09-14T02:29:05.998+00:00,2026-09-14T02:29:12.076+00:00,False,90,89.0,,89.0,293976.138047,300054.101055,300054.10084599996,3333.9344538444443,0.01939,293976.138047,30980.614168283835,90.5327039,68.29171919101124,20.866705430522167,0.29661317638076967,59,64,,False,False,Request timeout: 300.0s exceeded,436,21.16838264042747
364,2026-09-14T02:24:14.328+00:00,2026-09-14T02:29:08.368+00:00,2026-09-14T02:29:14.357+00:00,False,92,91.0,,91.0,294040.183584,300028.928288,300028.928282,3261.1840030652174,0.01706,294040.183584,30648.953612813886,88.00061595000001,65.81038136263736,20.109617617004165,0.30330408644011964,59,64,,False,False,Request timeout: 300.0s exceeded,369,21.16838264042747
365,2026-09-14T02:24:17.182+00:00,2026-09-14T02:29:10.897+00:00,2026-09-14T02:29:17.252+00:00,False,98,97.0,,97.0,293715.331741,300070.082461,300070.082456,3061.9396168979592,0.03521,293715.331741,29663.117966948943,87.49621985,65.51289402061856,20.182758671344843,0.3232578176553374,59,64,,False,False,Request timeout: 300.0s exceeded,321,21.16838264042747
366,2026-09-14T02:24:20.645+00:00,2026-09-14T02:29:14.699+00:00,2026-09-14T02:29:20.693+00:00,False,91,90.0,,90.0,294054.14849800005,300048.39208200003,300048.39188500005,3297.2350756593414,0.019690000000000003,294054.14849800005,30818.275043988815,88.323814,66.60270648888888,19.972516997178747,0.29995161572271967,59,64,,False,False,Request timeout: 300.0s exceeded,310,21.16838264042747
367,2026-09-14T02:24:24.543+00:00,2026-09-14T02:29:18.010+00:00,2026-09-14T02:29:24.633+00:00,False,95,94.0,,94.0,293466.720671,300090.350751,300090.35077900003,3158.8457976736845,0.0209,293466.720671,30101.827619047464,91.5986374,70.46414978723404,20.404053778467663,0.31323899540507555,59,64,,False,False,Request timeout: 300.0s exceeded,403,21.16838264042747
368,2026-09-14T02:24:27.462+00:00,2026-09-14T02:29:21.399+00:00,2026-09-14T02:29:27.529+00:00,False,85,84.0,,84.0,293936.76639099995,300066.68434299994,300066.68433099997,3530.196286247058,0.038329999999999996,293936.76639099995,31874.009085600712,90.0397962,72.97521371428572,19.188987050821776,0.2799377751112861,59,64,,False,False,Request timeout: 300.0s exceeded,296,21.16838264042747
369,2026-09-14T02:24:30.329+00:00,2026-09-14T02:29:24.254+00:00,2026-09-14T02:29:30.356+00:00,False,88,87.0,,87.0,293924.41893800005,300027.331194,300027.33129500004,3409.4014919886367,0.05991,293924.41893800005,31324.976779400633,88.93375384999999,70.14841673563218,19.966033927174475,0.28997358225256187,59,64,,False,False,Request timeout: 300.0s exceeded,365,21.16838264042747
370,2026-09-14T02:24:34.367+00:00,2026-09-14T02:29:28.044+00:00,2026-09-14T02:29:34.412+00:00,False,104,103.0,,103.0,293677.693033,300045.13879299996,300045.138851,2885.049412028846,0.0,293677.693033,28791.47343420465,90.88108030000001,61.819861747572816,63.02118994652266,0.343281682264012,59,64,,False,False,Request timeout: 300.0s exceeded,268,21.16838264042747
371,2026-09-14T02:24:38.432+00:00,2026-09-14T02:29:31.987+00:00,2026-09-14T02:29:38.476+00:00,False,105,104.0,,104.0,293555.113995,300044.52685900003,300044.52670600003,2857.566921009524,0.0,293555.113995,28642.02347327231,90.5005842,62.39820061538462,62.34362328855087,0.3466152210430845,59,64,,False,False,Request timeout: 300.0s exceeded,513,21.16838264042747
372,2026-09-14T02:24:41.556+00:00,2026-09-14T02:29:35.048+00:00,2026-09-14T02:29:41.647+00:00,False,99,98.0,,98.0,293492.09149,300090.79613000003,300090.795981,3031.2201614242426,0.039200000000000006,293492.09149,29490.30524514614,90.09626789999999,67.33372081632653,21.134526962728128,0.3265678296829409,59,64,,False,False,Request timeout: 300.0s exceeded,448,21.16838264042747
373,2026-09-14T02:24:47.589+00:00,2026-09-14T02:29:40.042+00:00,2026-09-14T02:29:47.683+00:00,False,119,118.0,,118.0,292453.159229,300094.13458899996,300094.13471899997,2521.7994514201678,0.04045,292453.159229,26803.209126560276,89.5411027,64.75402847457627,20.75418202825737,0.39320995114286156,59,64,,False,False,Request timeout: 300.0s exceeded,577,21.16838264042747
374,2026-09-14T02:24:48.239+00:00,2026-09-14T02:29:42.119+00:00,2026-09-14T02:29:48.285+00:00,False,99,98.0,,98.0,293880.49234600004,300046.26130600006,300046.26138100005,3030.7703169797983,0.02489,293880.49234600004,29529.784981551555,90.782774,62.91600979591837,21.127794664257134,0.32661630101118105,59,64,,False,False,Request timeout: 300.0s exceeded,398,21.16838264042747
375,2026-09-14T02:24:51.655+00:00,2026-09-14T02:29:45.241+00:00,2026-09-14T02:29:51.673+00:00,False,103,102.0,,102.0,293585.89878,300018.143772,300018.143702,2912.7975116699026,0.02252,293585.89878,28921.67252155695,91.9042091,63.0612254117647,21.558607453295416,0.3399794383019559,59,64,,False,False,Request timeout: 300.0s exceeded,511,21.16838264042747
376,2026-09-14T02:24:55.477+00:00,2026-09-14T02:29:49.286+00:00,2026-09-14T02:29:55.539+00:00,False,89,88.0,,88.0,293808.707283,300062.195923,300062.195862,3371.485346764045,0.04218,293808.707283,31136.134235490434,89.868744,71.0623709090909,19.676947396720127,0.29327253214724186,59,64,,False,False,Request timeout: 300.0s exceeded,431,21.16838264042747
377,2026-09-14T02:24:58.134+00:00,2026-09-14T02:29:51.971+00:00,2026-09-14T02:29:58.200+00:00,False,93,92.0,,92.0,293837.358395,300066.265403,300066.265576,3226.5189846881717,0.02291,293837.358395,30462.500698988926,87.8249764,67.70551095652174,20.401365677117937,0.3065989436581304,59,64,,False,False,Request timeout: 300.0s exceeded,393,21.16838264042747
378,2026-09-14T02:25:02.074+00:00,2026-09-14T02:29:55.924+00:00,2026-09-14T02:30:02.131+00:00,False,90,89.0,,89.0,293850.25808,300057.092768,300057.092557,3333.967695077778,0.03201,293850.25808,30967.192418331648,88.70791594999999,69.73971559550563,20.55347001936081,0.2966102190052664,59,64,,False,False,Request timeout: 300.0s exceeded,425,21.16838264042747
379,2026-09-14T02:25:06.190+00:00,2026-09-14T02:29:59.764+00:00,2026-09-14T02:30:06.199+00:00,False,94,93.0,,93.0,293574.625335,300009.419831,300009.41992099996,3191.5895736276593,0.02585,293574.625335,30272.78052629246,88.49399199999999,69.19133866666667,19.906751425715257,0.30999026648026035,59,64,,False,False,Request timeout: 300.0s exceeded,384,21.16838264042747
380,2026-09-14T02:25:09.822+00:00,2026-09-14T02:30:03.855+00:00,2026-09-14T02:30:09.857+00:00,False,89,88.0,,88.0,294033.311509,300035.58837300004,300035.588299,3371.1863853820228,0.07028,294033.311509,31160.245535011196,89.1543882,68.20769163636363,20.78088890907802,0.29329853994053406,59,64,,False,False,Request timeout: 300.0s exceeded,359,21.16838264042747
381,2026-09-14T02:25:12.578+00:00,2026-09-14T02:30:06.327+00:00,2026-09-14T02:30:12.619+00:00,False,92,91.0,,91.0,293749.030261,300040.903541,300040.903369,3261.3141670543478,0.02248,293749.030261,30618.25177706614,90.704451,69.1414646153846,20.534968529797617,0.30329198094674126,59,64,,False,False,Request timeout: 300.0s exceeded,353,21.16838264042747
382,2026-09-14T02:25:15.083+00:00,2026-09-14T02:30:08.999+00:00,2026-09-14T02:30:15.161+00:00,False,93,92.0,,92.0,293915.523511,300078.32952699997,300078.329471,3226.648703989247,0.024390000000000002,293915.523511,30470.68019276296,87.20311399999999,66.98702191304348,19.860441860481018,0.3065866173842526,59,64,,False,False,Request timeout: 300.0s exceeded,425,21.16838264042747
383,2026-09-14T02:25:19.060+00:00,2026-09-14T02:30:12.573+00:00,2026-09-14T02:30:19.141+00:00,False,101,100.0,,100.0,293512.210596,300080.78045200004,300080.78049900004,2971.0968366237626,0.02732,293512.210596,29199.02738506479,87.317346,65.68569856,20.063254732001635,0.33324360143749915,59,64,,False,False,Request timeout: 300.0s exceeded,432,21.16838264042747
384,2026-09-14T02:25:21.624+00:00,2026-09-14T02:30:15.536+00:00,2026-09-14T02:30:21.639+00:00,False,91,90.0,,90.0,293911.831994,300014.45087400003,300014.450812,3296.8620968351647,0.04955,293911.831994,30803.229942152633,89.111507,67.80687644444444,19.894100442293073,0.299985549822059,59,64,,False,False,Request timeout: 300.0s exceeded,120,21.16838264042747
385,2026-09-14T02:25:25.163+00:00,2026-09-14T02:30:18.885+00:00,2026-09-14T02:30:25.194+00:00,False,93,92.0,,92.0,293721.72749,300031.31469,300031.31467,3226.1431684946238,0.04734,293721.72749,30450.419752087982,90.33082,68.5824695652174,20.927022470978933,0.306634659435655,59,64,,False,False,Request timeout: 300.0s exceeded,408,21.16838264042747
386,2026-09-14T02:25:28.271+00:00,2026-09-14T02:30:21.887+00:00,2026-09-14T02:30:28.317+00:00,False,98,97.0,,97.0,293615.641994,300045.803658,300045.80359,3061.691873367347,0.0,293615.641994,29653.03391904376,93.75247289999999,66.29032643298969,65.44048171637665,0.32328397470461917,59,64,,False,False,Request timeout: 300.0s exceeded,467,21.16838264042747
387,2026-09-14T02:25:31.862+00:00,2026-09-14T02:30:25.980+00:00,2026-09-14T02:30:31.930+00:00,False,96,95.0,,95.0,294117.43821600004,300067.38202400005,300067.38182600006,3125.7018940208336,0.0,294117.43821600004,30011.915188903316,90.89926874999999,62.63098745263158,66.1344775832768,0.31659555716856186,59,64,,False,False,Request timeout: 300.0s exceeded,488,21.16838264042747
388,2026-09-14T02:25:35.839+00:00,2026-09-14T02:30:29.527+00:00,2026-09-14T02:30:35.850+00:00,False,94,93.0,,93.0,293688.324446,300011.298654,300011.29868899996,3191.6095605212763,0.03774,293688.324446,30284.632516017093,90.232837,67.98896997849462,21.11493840820685,0.3099883251638998,59,64,,False,False,Request timeout: 300.0s exceeded,458,21.16838264042747
389,2026-09-14T02:25:38.462+00:00,2026-09-14T02:30:32.009+00:00,2026-09-14T02:30:38.501+00:00,False,95,94.0,,94.0,293547.236556,300039.333324,300039.333361,3158.308772221053,0.02115,293547.236556,30110.23208810452,89.4123497,69.06485923404256,20.628496389871152,0.31329225724713006,59,64,,False,False,Request timeout: 300.0s exceeded,479,21.16838264042747
390,2026-09-14T02:25:40.790+00:00,2026-09-14T02:30:34.746+00:00,2026-09-14T02:30:40.828+00:00,False,92,91.0,,91.0,293955.96646499995,300038.2691849999,300038.26926599996,3261.2855354999992,0.03344,293955.96646499995,30640.066758773977,89.32708559999999,66.83849142857143,20.974779756780084,0.30329464387054744,59,64,,False,False,Request timeout: 300.0s exceeded,177,21.16838264042747
391,2026-09-14T02:25:44.784+00:00,2026-09-14T02:30:38.236+00:00,2026-09-14T02:30:44.864+00:00,False,101,100.0,,100.0,293452.73629000003,300080.34896200005,300080.34885,2971.0925628712876,0.04187,293452.73629000003,29193.050885596844,88.205444,66.27612672,20.30202057061183,0.33324408061343347,59,64,,False,False,Request timeout: 300.0s exceeded,525,21.16838264042747
392,2026-09-14T02:25:47.249+00:00,2026-09-14T02:30:40.391+00:00,2026-09-14T02:30:47.330+00:00,False,104,103.0,,103.0,293141.591887,300080.839503,300080.839499,2885.3926874903846,0.0334,293141.591887,28738.298783582264,89.91782565000001,67.37133607766991,20.245522315918247,0.34324084193642845,59,64,,False,False,Request timeout: 300.0s exceeded,482,21.16838264042747
393,2026-09-14T02:25:49.999+00:00,2026-09-14T02:30:43.364+00:00,2026-09-14T02:30:50.006+00:00,False,99,98.0,,98.0,293364.433279,300007.20883099997,300007.20894599997,3030.3758479393937,0.04403,293364.433279,29477.428998656782,88.92755000000001,67.783424,19.796235113703172,0.32665881723930623,59,64,,False,False,Request timeout: 300.0s exceeded,253,21.16838264042747
394,2026-09-14T02:25:53.149+00:00,2026-09-14T02:30:47.084+00:00,2026-09-14T02:30:53.187+00:00,False,94,93.0,,93.0,293935.324437,300038.384149,300038.38405399997,3191.8977027021274,0.02128,293935.324437,30310.35247852283,90.59114614999999,65.62429797849462,21.06758178145247,0.3099603414535652,59,64,,False,False,Request timeout: 300.0s exceeded,452,21.16838264042747
395,2026-09-14T02:25:56.432+00:00,2026-09-14T02:30:50.095+00:00,2026-09-14T02:30:56.461+00:00,False,96,95.0,,95.0,293662.821447,300029.14131900005,300029.14148800005,3125.303557166667,0.019,293662.821447,29965.003642445834,89.51638349999999,67.01389338947368,20.608757837341287,0.31663590937319364,59,64,,False,False,Request timeout: 300.0s exceeded,456,21.16838264042747
396,2026-09-14T02:26:00.101+00:00,2026-09-14T02:30:53.524+00:00,2026-09-14T02:31:00.149+00:00,False,96,95.0,,95.0,293422.74908700003,300048.270495,300048.27046100004,3125.5028173020837,0.05768,293422.74908700003,29940.222421137554,89.19531674999999,69.74233061052631,19.89951055735282,0.3166157226744724,59,64,,False,False,Request timeout: 300.0s exceeded,420,21.16838264042747
397,2026-09-14T02:26:03.662+00:00,2026-09-14T02:30:57.520+00:00,2026-09-14T02:31:03.724+00:00,False,92,91.0,,91.0,293858.319771,300062.277531,300062.27758500003,3261.5464954891304,0.0351,293858.319771,30629.74659983326,90.01574049999999,68.17536,20.357981275301576,0.30327037689900427,59,64,,False,False,Request timeout: 300.0s exceeded,178,21.16838264042747
398,2026-09-14T02:26:06.821+00:00,2026-09-14T02:31:00.023+00:00,2026-09-14T02:31:06.834+00:00,False,101,100.0,,100.0,293202.657997,300013.71642899996,300013.716479,2970.432836425742,0.02085,293202.657997,29167.984262834438,88.375994,68.11058431999999,19.753236010976792,0.33331809355345127,59,64,,False,False,Request timeout: 300.0s exceeded,485,21.16838264042747
399,2026-09-14T02:26:10.501+00:00,2026-09-14T02:31:04.186+00:00,2026-09-14T02:31:10.543+00:00,False,94,93.0,,93.0,293684.380856,300041.23308,300041.233057,3191.928011244681,0.01744,293684.380856,30284.187891798956,90.55440115000002,68.3532497204301,20.67312395406638,0.3099573983393256,59,64,,False,False,Request timeout: 300.0s exceeded,457,21.16838264042747
400,2026-09-14T02:26:14.440+00:00,2026-09-14T02:31:08.242+00:00,2026-09-14T02:31:14.483+00:00,False,94,93.0,,93.0,293802.36014099995,300043.21159699996,300043.21175699995,3191.9490612446803,0.01896,293802.36014099995,30296.485164116562,90.0985368,67.1059296344086,20.658290413588592,0.3099553544471188,59,64,,False,False,Request timeout: 300.0s exceeded,412,21.16838264042747
401,2026-09-14T02:26:17.426+00:00,2026-09-14T02:31:11.263+00:00,2026-09-14T02:31:17.440+00:00,False,95,94.0,,94.0,293837.038312,300013.873384,300013.87341299996,3158.040772768421,0.024239999999999998,293837.038312,30140.30881906259,87.39450670000001,65.71101140425532,20.040603471418677,0.3133188440245414,59,64,,False,False,Request timeout: 300.0s exceeded,433,21.16838264042747
402,2026-09-14T02:26:20.644+00:00,2026-09-14T02:31:14.568+00:00,2026-09-14T02:31:20.695+00:00,False,94,93.0,,93.0,293924.116142,300050.87121400004,300050.871148,3192.0305441276596,0.038308999999999996,293924.116142,30309.16955883837,87.5993623,65.87908679569892,20.18657549004426,0.3099474419911657,59,64,,False,False,Request timeout: 300.0s exceeded,452,21.16838264042747
403,2026-09-14T02:26:23.859+00:00,2026-09-14T02:31:17.570+00:00,2026-09-14T02:31:23.875+00:00,False,101,100.0,,100.0,293710.905535,300016.339135,300016.339274,2970.4588046930694,0.0,293710.905535,29219.131393110933,89.01518200000001,63.054336,67.90504804333138,0.33331517972760294,59,64,,False,False,Request timeout: 300.0s exceeded,411,21.16838264042747
404,2026-09-14T02:26:26.592+00:00,2026-09-14T02:31:20.396+00:00,2026-09-14T02:31:26.625+00:00,False,94,93.0,,93.0,293803.79917199997,300032.929924,300032.930122,3191.839682148936,0.0,293803.79917199997,30296.720570491787,91.63601965,66.9799005591398,70.41563581666357,0.30996597614654303,59,64,,False,False,Request timeout: 300.0s exceeded,416,21.16838264042747
405,2026-09-14T02:26:30.653+00:00,2026-09-14T02:31:24.289+00:00,2026-09-14T02:31:30.705+00:00,False,92,91.0,,91.0,293635.606202,300051.726778,300051.726798,3261.431813021739,0.07633,293635.606202,30606.28324521557,89.16555145000001,70.50681951648352,19.11350071292862,0.30328104082976465,59,64,,False,False,Request timeout: 300.0s exceeded,344,21.16838264042747
406,2026-09-14T02:26:32.928+00:00,2026-09-14T02:31:26.793+00:00,2026-09-14T02:31:32.946+00:00,False,91,90.0,,90.0,293865.768669,300018.089949,300018.090152,3296.902089582418,0.02693,293865.768669,30798.343115334173,88.537053,68.35912533333332,19.598236112892852,0.2999819111417551,59,64,,False,False,Request timeout: 300.0s exceeded,368,21.16838264042747
407,2026-09-14T02:26:36.359+00:00,2026-09-14T02:31:29.861+00:00,2026-09-14T02:31:36.377+00:00,False,95,94.0,,94.0,293502.635209,300018.68692099996,300018.68714399997,3158.0914436210523,0.023719999999999998,293502.635209,30105.62907993741,86.973117,69.31969906382979,19.31613961505106,0.3133138170981723,59,64,,False,False,Request timeout: 300.0s exceeded,294,21.16838264042747
408,2026-09-14T02:26:39.284+00:00,2026-09-14T02:31:32.943+00:00,2026-09-14T02:31:39.296+00:00,False,92,91.0,,91.0,293658.52856400004,300011.39000400004,300011.390023,3260.9933698152176,0.02239,293658.52856400004,30608.745828977073,89.31337605,69.81166417582418,19.574030411456384,0.30332181721096224,59,64,,False,False,Request timeout: 300.0s exceeded,388,21.16838264042747
409,2026-09-14T02:26:43.005+00:00,2026-09-14T02:31:36.719+00:00,2026-09-14T02:31:43.057+00:00,False,96,95.0,,95.0,293714.177039,300052.888079,300052.88805799995,3125.550917270833,0.03645,293714.177039,29970.27483213661,89.65626049999999,66.72327410526316,20.71334221846492,0.316610850201141,59,64,,False,False,Request timeout: 300.0s exceeded,431,21.16838264042747
410,2026-09-14T02:26:45.988+00:00,2026-09-14T02:31:39.780+00:00,2026-09-14T02:31:46.558+00:00,False,105,104.0,,104.0,293791.85250599997,300569.66472999996,300569.66466999997,2862.5682349523804,0.0509,293791.85250599997,28664.796396953112,88.351952,65.17127138461538,20.742241270787023,0.3460096350489083,59,64,,False,False,Request timeout: 300.0s exceeded,503,21.16838264042747
411,2026-09-14T02:26:49.637+00:00,2026-09-14T02:31:43.446+00:00,2026-09-14T02:31:49.659+00:00,False,97,96.0,,96.0,293808.298227,300021.988083,300021.987922,3093.0101847628866,0.04629,293808.298227,29825.14800284717,88.90993,64.725936,20.595340643356092,0.31997654776369905,59,64,,False,False,Request timeout: 300.0s exceeded,470,21.16838264042747
412,2026-09-14T02:26:52.719+00:00,2026-09-14T02:31:46.425+00:00,2026-09-14T02:31:52.741+00:00,False,97,96.0,,96.0,293706.356118,300021.71407,300021.714096,3093.007361814433,0.032159999999999994,293706.356118,29814.689661331315,88.73424220000001,65.78497866666666,20.357927786603536,0.31997684000165943,59,64,,False,False,Request timeout: 300.0s exceeded,336,21.16838264042747
413,2026-09-14T02:26:55.970+00:00,2026-09-14T02:31:49.610+00:00,2026-09-14T02:31:55.995+00:00,False,97,96.0,,96.0,293640.43077100004,300025.07870700007,300025.078693,3093.0420483814437,0.045590000000000006,293640.43077100004,29807.922535494694,88.8327006,66.50674933333333,20.152859931645658,0.3199732516152496,59,64,,False,False,Request timeout: 300.0s exceeded,434,21.16838264042747
414,2026-09-14T02:26:58.812+00:00,2026-09-14T02:31:52.952+00:00,2026-09-14T02:31:58.856+00:00,False,87,86.0,,86.0,294139.48852899997,300043.585041,300043.585126,3448.776840528735,0.03533,294139.48852899997,31527.70942574177,87.6686203,68.65228502325581,20.299595927473423,0.28662502478847657,59,64,,False,False,Request timeout: 300.0s exceeded,430,21.16838264042747
415,2026-09-14T02:27:01.872+00:00,2026-09-14T02:31:55.521+00:00,2026-09-14T02:32:01.901+00:00,False,94,93.0,,93.0,293648.62616000004,300029.00964800006,300029.00967100007,3191.7979752234046,0.04746,293648.62616000004,30280.473751410558,88.3241535,68.60627406451613,20.332135616993376,0.3099700262621586,59,64,,False,False,Request timeout: 300.0s exceeded,433,21.16838264042747
416,2026-09-14T02:27:04.336+00:00,2026-09-14T02:31:58.385+00:00,2026-09-14T02:32:05.670+00:00,False,72,71.0,,71.0,294049.84452600003,301333.941806,301333.94167900004,4185.193634430556,0.04381,294049.84452600003,34643.43141236536,91.27758985,102.59291943661971,315.40617455260804,0.2356189932487263,59,64,,False,False,Request timeout: 300.0s exceeded,234,21.16838264042747
417,2026-09-14T02:27:08.362+00:00,2026-09-14T02:32:02.121+00:00,2026-09-14T02:32:08.415+00:00,False,107,106.0,,106.0,293758.840794,300052.837338,300052.837248,2804.2321238130844,0.01514,293758.840794,28394.189734242973,90.2959972,59.37732588679245,261.2911082191621,0.35327111364920827,59,64,,False,False,Request timeout: 300.0s exceeded,380,21.16838264042747
418,2026-09-14T02:27:11.069+00:00,2026-09-14T02:32:06.861+00:00,2026-09-14T02:32:11.123+00:00,False,65,64.0,,64.0,295792.163424,300053.94697600004,300053.946957,4616.214568569231,0.02334,295792.163424,36680.24871879482,88.2305682,66.590368,20.707000399686176,0.2132949779364811,59,64,,False,False,Request timeout: 300.0s exceeded,290,21.16838264042747
419,2026-09-14T02:27:14.312+00:00,2026-09-14T02:32:08.419+00:00,2026-09-14T02:32:14.359+00:00,False,90,89.0,,89.0,294106.57009600004,300046.52504000004,300046.52489600005,3333.8502766222227,0.018609,294106.57009600004,30994.52582672439,87.62826639999999,66.74106678651685,20.044343224990016,0.296620665705544,59,64,,False,False,Request timeout: 300.0s exceeded,374,21.16838264042747
420,2026-09-14T02:27:17.373+00:00,2026-09-14T02:32:11.368+00:00,2026-09-14T02:32:17.409+00:00,False,93,92.0,,92.0,293995.42389499996,300036.34549499996,300036.34543199994,3226.197262709677,0.0,293995.42389499996,30479.166401232254,87.95202220000002,65.66219130434783,65.65649330551369,0.30662951799462296,59,64,,False,False,Request timeout: 300.0s exceeded,134,21.16838264042747
421,2026-09-14T02:27:20.920+00:00,2026-09-14T02:32:14.700+00:00,2026-09-14T02:32:20.959+00:00,False,95,94.0,,94.0,293780.25138200005,300038.83749400004,300038.8374910001,3158.3035525368427,0.0,293780.25138200005,30134.456770702614,87.0072801,66.58070331914894,65.29508562907998,0.31329277497910496,59,64,,False,False,Request timeout: 300.0s exceeded,439,21.16838264042747
422,2026-09-14T02:27:23.923+00:00,2026-09-14T02:32:17.898+00:00,2026-09-14T02:32:23.992+00:00,False,87,86.0,,86.0,293974.933235,300069.242355,300069.2424,3449.071751724138,0.02047,293974.933235,31509.82989441553,89.1669693,70.86405953488372,19.93736295481891,0.286600517017525,59,64,,False,False,Request timeout: 300.0s exceeded,385,21.16838264042747
423,2026-09-14T02:27:26.936+00:00,2026-09-14T02:32:20.784+00:00,2026-09-14T02:32:26.961+00:00,False,89,88.0,,88.0,293847.575126,300025.330006,300025.329915,3371.071122640449,0.01927,293847.575126,31140.345436927273,89.38433299999998,70.20176,19.668221010278607,0.29330856830734975,59,64,,False,False,Request timeout: 300.0s exceeded,201,21.16838264042747
424,2026-09-14T02:27:29.896+00:00,2026-09-14T02:32:23.821+00:00,2026-09-14T02:32:29.978+00:00,False,86,85.0,,85.0,293924.98126599996,300081.897746,300081.897639,3489.324391151162,0.03333,293924.98126599996,31686.941075003542,91.44162649999998,72.43431152941176,19.65452592438093,0.28325600657173605,59,64,,False,False,Request timeout: 300.0s exceeded,376,21.16838264042747
425,2026-09-14T02:27:32.229+00:00,2026-09-14T02:32:25.690+00:00,2026-09-14T02:32:32.281+00:00,False,93,92.0,,92.0,293460.59160900005,300051.49362500006,300051.49362600007,3226.3601465161296,0.03757,293460.59160900005,30423.02346564222,89.2706012,71.64023930434783,19.891032941075366,0.3066140377723973,59,64,,False,False,Request timeout: 300.0s exceeded,420,21.16838264042747
426,2026-09-14T02:27:35.237+00:00,2026-09-14T02:32:29.040+00:00,2026-09-14T02:32:35.289+00:00,False,91,90.0,,90.0,293803.35178799997,300052.18429999996,300052.18424,3297.2767498901094,0.0513,293803.35178799997,30791.68825642916,89.99607500000002,69.43147235555556,20.558120353873594,0.29994782477575854,59,64,,False,False,Request timeout: 300.0s exceeded,427,21.16838264042747
427,2026-09-14T02:27:37.933+00:00,2026-09-14T02:32:31.716+00:00,2026-09-14T02:32:38.006+00:00,False,91,90.0,,90.0,293782.687095,300072.614519,300072.614563,3297.501258934066,0.01642,293782.687095,30789.473905261166,89.70950049999999,69.88808248888888,20.19545124436915,0.2999274030529746,59,64,,False,False,Request timeout: 300.0s exceeded,419,21.16838264042747
428,2026-09-14T02:27:41.237+00:00,2026-09-14T02:32:34.774+00:00,2026-09-14T02:32:41.266+00:00,False,97,96.0,,96.0,293537.087939,300028.881347,300028.881411,3093.081251659794,0.02376,293537.087939,29797.316063417933,88.52309099999998,67.622848,19.73476570786028,0.31996919619538455,59,64,,False,False,Request timeout: 300.0s exceeded,141,21.16838264042747
429,2026-09-14T02:27:45.219+00:00,2026-09-14T02:32:38.916+00:00,2026-09-14T02:32:45.236+00:00,False,97,96.0,,96.0,293696.75747,300017.245406,300017.24527300004,3092.961291474227,0.01847,293696.75747,29813.709794774866,90.4199976,65.838416,20.58434369753172,0.3199816059576424,59,64,,False,False,Request timeout: 300.0s exceeded,323,21.16838264042747
430,2026-09-14T02:27:47.757+00:00,2026-09-14T02:32:41.723+00:00,2026-09-14T02:32:47.803+00:00,False,90,89.0,,89.0,293966.715385,300046.094585,300046.09474699997,3333.8454971888887,0.02153,293966.715385,30979.61870124836,89.36299594999998,68.30763146067414,20.01803269765236,0.2966210912463225,59,64,,False,False,Request timeout: 300.0s exceeded,457,21.16838264042747
431,2026-09-14T02:27:51.534+00:00,2026-09-14T02:32:44.972+00:00,2026-09-14T02:32:51.566+00:00,False,94,93.0,,93.0,293438.541066,300032.918794,300032.918862,3191.839562361702,0.045020000000000004,293438.541066,30258.567013474058,89.57804629999998,70.90728739784946,19.10925356524404,0.30996598764501904,59,64,,False,False,Request timeout: 300.0s exceeded,452,21.16838264042747
432,2026-09-14T02:27:54.473+00:00,2026-09-14T02:32:47.969+00:00,2026-09-14T02:32:54.510+00:00,False,95,94.0,,94.0,293496.060001,300036.71792100003,300036.71801,3158.281242210526,0.032549999999999996,293496.060001,30104.92750629835,88.04463569999999,69.58146723404255,19.134142963399533,0.3132949881979121,59,64,,False,False,Request timeout: 300.0s exceeded,460,21.16838264042747
433,2026-09-14T02:27:58.572+00:00,2026-09-14T02:32:52.419+00:00,2026-09-14T02:32:58.622+00:00,False,91,90.0,,90.0,293846.67871899996,300049.62579099997,300049.62574099994,3297.248634516483,0.02047,293846.67871899996,30796.282233261845,86.948987,68.92163413333334,18.37574795079105,0.2999503824167061,59,64,,False,False,Request timeout: 300.0s exceeded,381,21.16838264042747
434,2026-09-14T02:28:01.615+00:00,2026-09-14T02:32:55.179+00:00,2026-09-14T02:33:01.688+00:00,False,97,96.0,,96.0,293564.032441,300072.50399299996,300072.50407799997,3093.5309698762885,0.03799,293564.032441,29800.03404921723,87.44100759999999,67.79657866666668,19.468075521362376,0.31992268109389815,59,64,,False,False,Request timeout: 300.0s exceeded,380,21.16838264042747
435,2026-09-14T02:28:05.451+00:00,2026-09-14T02:32:58.882+00:00,2026-09-14T02:33:05.496+00:00,False,98,97.0,,97.0,293430.36139,300044.93905399996,300044.93905299995,3061.683051561224,0.05051,293430.36139,29634.06107211088,88.52865185,68.19152230927835,20.232171550336492,0.32328490627379863,59,64,,False,False,Request timeout: 300.0s exceeded,492,21.16838264042747
436,2026-09-14T02:28:09.411+00:00,2026-09-14T02:33:03.078+00:00,2026-09-14T02:33:09.440+00:00,False,96,95.0,,95.0,293666.88416799996,300028.755784,300028.75593399996,3125.299540979166,0.04297,293666.88416799996,29965.423454652468,90.644316,66.96706964210527,21.164967415615262,0.31663631624827804,59,64,,False,False,Request timeout: 300.0s exceeded,457,21.16838264042747
437,2026-09-14T02:28:14.629+00:00,2026-09-14T02:33:08.459+00:00,2026-09-14T02:33:14.678+00:00,True,106,106.0,,106.0,293829.886244,300049.485604,300049.485661,2830.6555251037735,0.0,293829.886244,28533.6024759587,88.01312449999999,59.23427961904762,65.4604645563318,0.3532750599009422,59,64,,False,True,,526,21.16838264042747
438,2026-09-14T02:28:17.238+00:00,2026-09-14T02:33:10.501+00:00,2026-09-14T02:33:17.250+00:00,False,119,118.0,,118.0,293263.26473299996,300011.97538899997,300011.975313,2521.109036243697,0.0,293263.26473299996,26878.228259601965,91.03863369999999,57.192463186440676,62.340471220670665,0.3933176328944851,59,64,,False,False,Request timeout: 300.0s exceeded,433,21.16838264042747
439,2026-09-14T02:28:21.013+00:00,2026-09-14T02:33:16.039+00:00,2026-09-14T02:33:21.044+00:00,False,76,75.0,,75.0,295025.411368,300031.01571999997,300031.015516,3947.776519947368,0.03681,295025.411368,33834.08603866844,87.92852975,66.74139136,20.57282371454014,0.2499741562385429,59,64,,False,False,Request timeout: 300.0s exceeded,342,21.16838264042747
440,2026-09-14T02:28:23.536+00:00,2026-09-14T02:33:16.946+00:00,2026-09-14T02:33:23.622+00:00,False,96,95.0,,95.0,293410.18261799996,300086.348762,300086.34874099994,3125.899466052083,0.026510000000000002,293410.18261799996,29938.88550327758,89.3810515,70.27543309473684,19.977334127310144,0.3165755469781299,59,64,,False,False,Request timeout: 300.0s exceeded,421,21.16838264042747
441,2026-09-14T02:28:26.251+00:00,2026-09-14T02:33:19.818+00:00,2026-09-14T02:33:26.324+00:00,False,94,93.0,,93.0,293566.647431,300072.340615,300072.340703,3192.2589436489366,0.061539,293566.647431,30271.878880407097,88.1433995,69.95369015053764,19.663070881177124,0.30992526605216586,59,64,,False,False,Request timeout: 300.0s exceeded,392,21.16838264042747
442,2026-09-14T02:28:28.729+00:00,2026-09-14T02:33:22.102+00:00,2026-09-14T02:33:28.765+00:00,False,97,96.0,,96.0,293372.907893,300035.531381,300035.531204,3093.1498062268042,0.016989999999999998,293372.907893,29780.465513864117,88.40920299999999,69.402328,19.861467831930796,0.31996210434854944,59,64,,False,False,Request timeout: 300.0s exceeded,445,21.16838264042747
443,2026-09-14T02:28:31.003+00:00,2026-09-14T02:33:24.892+00:00,2026-09-14T02:33:31.044+00:00,False,95,94.0,,94.0,293888.797306,300041.43705,300041.43708400003,3158.3309166736844,0.03363,293888.797306,30145.64581230616,88.8946638,65.45361429787235,20.380252784465494,0.31329006061364617,59,64,,False,False,Request timeout: 300.0s exceeded,329,21.16838264042747
444,2026-09-14T02:28:33.345+00:00,2026-09-14T02:33:27.203+00:00,2026-09-14T02:33:33.362+00:00,False,96,95.0,,95.0,293858.339952,300017.41144,300017.411316,3125.181367875,0.022749,293858.339952,29985.181077311645,88.333138,64.83233145263158,20.25378741723725,0.31664828899105046,59,64,,False,False,Request timeout: 300.0s exceeded,489,21.16838264042747
445,2026-09-14T02:28:37.378+00:00,2026-09-14T02:33:30.786+00:00,2026-09-14T02:33:37.822+00:00,False,108,107.0,,107.0,293407.708417,300443.83692900004,300443.83714,2781.887380925926,0.07279000000000001,293407.708417,28226.84940058208,88.04013799999998,65.75821039252337,20.08834405162591,0.3561397733889476,59,64,,False,False,Request timeout: 300.0s exceeded,553,21.16838264042747
446,2026-09-14T02:28:41.417+00:00,2026-09-14T02:33:35.354+00:00,2026-09-14T02:33:41.472+00:00,False,97,96.0,,96.0,293936.383965,300054.682077,300054.681944,3093.347236536082,0.03481,293936.383965,29838.254207688595,88.1865638,63.732272,20.85776136222926,0.3199416830808342,59,64,,False,False,Request timeout: 300.0s exceeded,514,21.16838264042747
447,2026-09-14T02:28:45.439+00:00,2026-09-14T02:33:39.418+00:00,2026-09-14T02:33:45.473+00:00,False,91,90.0,,90.0,293978.38562099996,300034.17646899994,300034.176451,3297.0788620989006,0.02425,293978.38562099996,30810.26196256593,88.3848635,67.28656497777779,21.054671990170092,0.29996582742399336,59,64,,False,False,Request timeout: 300.0s exceeded,473,21.16838264042747
448,2026-09-14T02:28:48.294+00:00,2026-09-14T02:33:42.364+00:00,2026-09-14T02:33:48.377+00:00,False,91,90.0,,90.0,294069.838268,300082.367164,300082.36737,3297.6084326373625,0.026670000000000003,294069.838268,30819.898188500196,86.08545300000002,66.80587662222223,19.512404065671046,0.2999176554442917,59,64,,False,False,Request timeout: 300.0s exceeded,468,21.16838264042747
449,2026-09-14T02:28:50.619+00:00,2026-09-14T02:33:44.249+00:00,2026-09-14T02:33:50.702+00:00,False,100,99.0,,99.0,293630.502598,300083.272902,300083.272881,3000.83272881,0.022879999999999998,293630.502598,29356.539037007282,87.27143389999999,65.17949802020202,19.97477803457875,0.3299084252267904,59,64,,False,False,Request timeout: 300.0s exceeded,448,21.16838264042747
450,2026-09-14T02:28:53.570+00:00,2026-09-14T02:33:47.160+00:00,2026-09-14T02:33:53.654+00:00,False,103,102.0,,102.0,293589.763446,300084.098422,300084.098602,2913.4378505048544,0.04913,293589.763446,28921.992007118162,87.02854300000001,63.66995074509804,19.672130976190257,0.33990471516608056,59,64,,False,False,Request timeout: 300.0s exceeded,498,21.16838264042747
451,2026-09-14T02:28:56.890+00:00,2026-09-14T02:33:50.921+00:00,2026-09-14T02:33:56.901+00:00,False,90,89.0,,89.0,294030.243288,300010.610904,300010.610859,3333.4512317666668,0.02534,294030.243288,30986.432233898908,88.32697130000001,67.195141752809,19.76303977099353,0.29665617403272115,59,64,,False,False,Request timeout: 300.0s exceeded,471,21.16838264042747
452,2026-09-14T02:29:00.642+00:00,2026-09-14T02:33:54.512+00:00,2026-09-14T02:34:00.694+00:00,False,92,91.0,,91.0,293869.84346,300051.87482,300051.874705,3261.4334207065217,0.0215,293869.84346,30630.97247491176,87.74127004999998,67.93441054945055,19.306683848719604,0.3032808911945328,59,64,,False,False,Request timeout: 300.0s exceeded,381,21.16838264042747
453,2026-09-14T02:29:03.841+00:00,2026-09-14T02:33:57.239+00:00,2026-09-14T02:34:03.897+00:00,False,100,99.0,,99.0,293398.065258,300056.360042,300056.360128,3000.56360128,0.0237,293398.065258,29333.087592409276,87.305594,67.25550286868688,19.80290011914428,0.3299380155986116,59,64,,False,False,Request timeout: 300.0s exceeded,502,21.16838264042747
454,2026-09-14T02:29:06.712+00:00,2026-09-14T02:34:00.358+00:00,2026-09-14T02:34:06.739+00:00,False,99,98.0,,98.0,293646.073528,300027.39243999997,300027.392442,3030.5797216363635,0.0,293646.073528,29506.070341219103,88.25461389999998,65.11549910204081,66.3662373033,0.32663684206633975,59,64,,False,False,Request timeout: 300.0s exceeded,497,21.16838264042747
455,2026-09-14T02:29:10.121+00:00,2026-09-14T02:34:04.149+00:00,2026-09-14T02:34:10.150+00:00,False,91,90.0,,90.0,294028.19225300004,300028.53938900004,300028.53945200006,3297.0169170549457,0.0,294028.19225300004,30815.6194272643,90.577719,66.67052373333334,70.09995580978476,0.29997146332573077,59,64,,False,False,Request timeout: 300.0s exceeded,432,21.16838264042747
456,2026-09-14T02:29:14.016+00:00,2026-09-14T02:34:07.897+00:00,2026-09-14T02:34:14.094+00:00,False,84,83.0,,83.0,293880.680349,300077.88866899995,300077.888721,3572.3558181071426,0.02191,293880.680349,32056.86998885769,91.060817,74.66516048192771,19.067527310844795,0.2765948546497303,59,64,,False,False,Request timeout: 300.0s exceeded,389,21.16838264042747
457,2026-09-14T02:29:17.435+00:00,2026-09-14T02:34:11.109+00:00,2026-09-14T02:34:17.509+00:00,False,92,91.0,,91.0,293674.084838,300074.579942,300074.57997200004,3261.6802170869564,0.03161,293674.084838,30610.31339296404,88.886742,70.33511103296703,20.017669577078344,0.3032579434672173,59,64,,False,False,Request timeout: 300.0s exceeded,428,21.16838264042747
458,2026-09-14T02:29:20.686+00:00,2026-09-14T02:34:14.533+00:00,2026-09-14T02:34:20.777+00:00,False,91,90.0,,90.0,293846.836366,300090.476686,300090.476791,3297.6975471538462,0.036719999999999996,293846.836366,30796.25234205704,88.921952,69.37378133333333,19.969176926864414,0.29990955059254215,59,64,,False,False,Request timeout: 300.0s exceeded,450,21.16838264042747
459,2026-09-14T02:29:23.529+00:00,2026-09-14T02:34:17.513+00:00,2026-09-14T02:34:23.552+00:00,False,88,87.0,,87.0,293983.43473000004,300022.487786,300022.487887,3409.346453261364,0.02836,293983.43473000004,31331.346040928856,90.10254435,69.41440294252874,19.826003159533915,0.28997826343622396,59,64,,False,False,Request timeout: 300.0s exceeded,230,21.16838264042747
460,2026-09-14T02:29:27.448+00:00,2026-09-14T02:34:21.029+00:00,2026-09-14T02:34:27.541+00:00,False,94,93.0,,93.0,293581.645071,300093.460495,300093.46053,3192.4836226595744,0.02018,293581.645071,30273.419143457544,89.419882,70.01952068817204,19.91786943810044,0.3099034542325507,59,64,,False,False,Request timeout: 300.0s exceeded,486,21.16838264042747
461,2026-09-14T02:29:30.758+00:00,2026-09-14T02:34:24.407+00:00,2026-09-14T02:34:30.822+00:00,False,95,94.0,,94.0,293649.43549,300064.377954,300064.377874,3158.5723986736843,0.14827,293649.43549,30120.8018199618,90.4207377,68.24406876595745,20.82454670943684,0.3132661085629106,59,64,,False,False,Request timeout: 300.0s exceeded,302,21.16838264042747
462,2026-09-14T02:29:34.246+00:00,2026-09-14T02:34:28.098+00:00,2026-09-14T02:34:34.319+00:00,False,96,95.0,,95.0,293851.88218699995,300072.85831499996,300072.85848999996,3125.7589426041664,0.020120000000000002,293851.88218699995,29984.455411423838,88.70884775,65.48395924210526,20.15426370500705,0.3165897793404368,59,64,,False,False,Request timeout: 300.0s exceeded,509,21.16838264042747
463,2026-09-14T02:29:36.882+00:00,2026-09-14T02:34:30.573+00:00,2026-09-14T02:34:36.911+00:00,False,93,92.0,,92.0,293690.920369,300028.854961,300028.854995,3226.116720376344,0.038418999999999995,293690.920369,30447.19244612861,88.4515092,68.89059339130435,19.705738180084737,0.3066371733210756,59,64,,False,False,Request timeout: 300.0s exceeded,384,21.16838264042747
464,2026-09-14T02:29:40.269+00:00,2026-09-14T02:34:34.618+00:00,2026-09-14T02:34:40.307+00:00,False,80,79.0,,79.0,294348.601134,300037.58315,300037.58328099997,3750.4697910125,0.03437,294348.601134,32901.128289695254,88.2010805,72.01243058227847,19.081918754517197,0.2633003478117771,59,64,,False,False,Request timeout: 300.0s exceeded,186,21.16838264042747
465,2026-09-14T02:29:42.704+00:00,2026-09-14T02:34:36.130+00:00,2026-09-14T02:34:42.765+00:00,False,96,95.0,,95.0,293425.623974,300061.143206,300061.143023,3125.636906489583,0.043079,293425.623974,29940.504830179885,89.16486625000002,69.8475708631579,19.489368636187763,0.31660213976716056,59,64,,False,False,Request timeout: 300.0s exceeded,515,21.16838264042747
466,2026-09-14T02:29:45.596+00:00,2026-09-14T02:34:39.684+00:00,2026-09-14T02:34:45.609+00:00,False,87,86.0,,86.0,294087.308021,300012.142325,300012.142359,3448.415429413793,0.038770000000000006,294087.308021,31522.088656388358,87.52363430000001,68.89342213953489,19.36645278749595,0.28665506447014766,59,64,,False,False,Request timeout: 300.0s exceeded,422,21.16838264042747
467,2026-09-14T02:29:48.070+00:00,2026-09-14T02:34:41.968+00:00,2026-09-14T02:34:48.105+00:00,False,94,93.0,,93.0,293898.421822,300035.60966200003,300035.609712,3191.868188425532,0.0396,293898.421822,30306.507372727545,86.61978615,65.9912670967742,19.49279080512975,0.30996320771646924,59,64,,False,False,Request timeout: 300.0s exceeded,359,21.16838264042747
468,2026-09-14T02:29:50.914+00:00,2026-09-14T02:34:44.866+00:00,2026-09-14T02:34:50.946+00:00,False,94,93.0,,93.0,293951.39568300004,300032.32470700005,300032.32466200006,3191.8332410851067,0.03665,293951.39568300004,30312.033638619156,85.91755365,65.38633359139786,19.549647971602784,0.309966601401433,59,64,,False,False,Request timeout: 300.0s exceeded,499,21.16838264042747
469,2026-09-14T02:29:54.755+00:00,2026-09-14T02:34:48.841+00:00,2026-09-14T02:34:54.826+00:00,False,89,88.0,,88.0,294085.441074,300070.76843399997,300070.768445,3371.581667921348,0.028579999999999998,294085.441074,31165.79094043201,87.71452239999999,68.01508363636364,19.63829450528483,0.293264153850279,59,64,,True,False,Request timeout: 300.0s exceeded,459,21.16838264042747
470,2026-09-14T02:29:57.637+00:00,2026-09-14T02:34:51.025+00:00,2026-09-14T02:34:57.685+00:00,False,98,97.0,,97.0,293387.671449,300047.47893700004,300047.479088,3061.7089702857143,0.036049,293387.671449,29629.701370287086,88.33331085,68.65780915463917,19.83566303861033,0.32328216968744056,59,64,,True,False,Request timeout: 300.0s exceeded,431,21.16838264042747
471,2026-09-14T02:30:01.731+00:00,2026-09-14T02:34:55.165+00:00,2026-09-14T02:35:01.808+00:00,False,103,102.0,,102.0,293434.018845,300077.238557,300077.238359,2913.3712462038834,0.020489999999999998,293434.018845,28906.502369802445,87.935923,65.12960501960784,19.89979632339224,0.3399124855003789,59,64,,True,False,Request timeout: 300.0s exceeded,386,21.16838264042747
472,2026-09-14T02:30:04.773+00:00,2026-09-14T02:34:58.901+00:00,2026-09-14T02:35:04.813+00:00,False,90,89.0,,89.0,294127.38616500003,300039.961397,300039.961369,3333.777348544445,0.036399,294127.38616500003,30996.752519811358,87.95734044999999,66.4334295730337,20.137291259806695,0.296627154548387,59,64,,True,False,Request timeout: 300.0s exceeded,401,21.16838264042747
473,2026-09-14T02:30:08.442+00:00,2026-09-14T02:35:02.112+00:00,2026-09-14T02:35:08.457+00:00,False,94,93.0,,93.0,293670.260553,300015.44736899994,300015.447185,3191.6536934574465,0.03043,293670.260553,30282.744334935764,89.62410600000001,68.22781522580644,20.5291193397521,0.3099840385405752,59,64,,True,False,Request timeout: 300.0s exceeded,400,21.16838264042747
474,2026-09-14T02:30:11.561+00:00,2026-09-14T02:35:05.318+00:00,2026-09-14T02:35:11.633+00:00,False,95,94.0,,94.0,293756.533245,300072.064253,300072.064159,3158.653306936842,0.033559,293756.533245,30131.898002950467,87.1399947,67.18650008510639,20.356437966088887,0.31325808430052887,59,64,,True,False,Request timeout: 300.0s exceeded,406,21.16838264042747
475,2026-09-14T02:30:13.852+00:00,2026-09-14T02:35:07.201+00:00,2026-09-14T02:35:13.895+00:00,False,102,101.0,,101.0,293349.22526700003,300043.001395,300043.001263,2941.5980515980395,0.03432,293349.22526700003,29039.346592759684,89.16539504999999,66.27501116831684,20.740560561935187,0.33661841646169816,59,64,,True,False,Request timeout: 300.0s exceeded,438,21.16838264042747
476,2026-09-14T02:30:17.854+00:00,2026-09-14T02:35:11.319+00:00,2026-09-14T02:35:17.869+00:00,False,97,96.0,,96.0,293464.588507,300015.211995,300015.211795,3092.9403277835054,0.02518,293464.588507,29789.893549259472,91.09263599999998,68.23566133333333,21.073980128222576,0.3199837746947309,59,64,,True,False,Request timeout: 300.0s exceeded,445,21.16838264042747
477,2026-09-14T02:30:22.005+00:00,2026-09-14T02:35:15.692+00:00,2026-09-14T02:35:22.032+00:00,False,91,90.0,,90.0,293686.438493,300026.885469,300026.885676,3296.9987436923075,0.06412000000000001,293686.438493,30779.32486974973,88.15199400000002,70.44941084444444,19.2497261593892,0.2999731169402123,59,64,,True,False,Request timeout: 300.0s exceeded,360,21.16838264042747
478,2026-09-14T02:30:25.732+00:00,2026-09-14T02:35:19.271+00:00,2026-09-14T02:35:25.800+00:00,False,94,93.0,,93.0,293539.188398,300068.029358,300068.029243,3192.2130770531917,0.03804,293539.188398,30269.022346205733,89.38325315,70.20259096774194,21.619977800008204,0.30992971893398596,59,64,,True,False,Request timeout: 300.0s exceeded,323,21.16838264042747
479,2026-09-14T02:30:28.606+00:00,2026-09-14T02:35:21.986+00:00,2026-09-14T02:35:28.640+00:00,False,95,94.0,,94.0,293380.35837599996,300033.985,300033.985029,3158.2524739894734,0.019379999999999998,293380.35837599996,30092.934852827173,89.159114,70.78326195744681,21.21739900138028,0.31329784190947574,59,64,,True,False,Request timeout: 300.0s exceeded,489,21.16838264042747
480,2026-09-14T02:30:31.328+00:00,2026-09-14T02:35:25.311+00:00,2026-09-14T02:35:31.405+00:00,False,87,86.0,,86.0,293983.012788,300077.523124,300077.522939,3449.1669303333333,0.02382,293983.012788,31510.696724231155,88.74285400000001,70.86639925581396,21.270466816800678,0.2865926081523358,59,64,,True,False,Request timeout: 300.0s exceeded,446,21.16838264042747
481,2026-09-14T02:30:34.915+00:00,2026-09-14T02:35:28.635+00:00,2026-09-14T02:35:34.929+00:00,False,94,93.0,,93.0,293720.45024599996,300014.94957399997,300014.949735,3191.64840143617,0.03797,293720.45024599996,30287.97661474518,88.11322980000001,67.68278847311828,19.605433707882923,0.3099845528766264,59,64,,True,False,Request timeout: 300.0s exceeded,580,21.16838264042747
482,2026-09-14T02:30:38.275+00:00,2026-09-14T02:35:31.993+00:00,2026-09-14T02:35:38.305+00:00,False,94,93.0,,93.0,293718.07616500003,300029.207301,300029.207309,3191.8000777553193,0.025,293718.07616500003,30287.713286758142,87.76517865,67.86162511827958,19.582219776149806,0.30996982206035384,59,64,,True,False,Request timeout: 300.0s exceeded,396,21.16838264042747
483,2026-09-14T02:30:41.536+00:00,2026-09-14T02:35:35.175+00:00,2026-09-14T02:35:41.609+00:00,False,95,94.0,,94.0,293639.073884,300073.123932,300073.123869,3158.6644617789475,0.021,293639.073884,30119.71739878411,88.61946970000001,68.4473409361702,20.09878593442068,0.313256978060126,59,64,,True,False,Request timeout: 300.0s exceeded,424,21.16838264042747
484,2026-09-14T02:30:45.233+00:00,2026-09-14T02:35:38.846+00:00,2026-09-14T02:35:45.266+00:00,False,94,93.0,,93.0,293613.313542,300032.69607,300032.696018,3191.8371916808514,0.02149,293613.313542,30276.788247882323,90.1219268,69.02561858064516,20.281009262173985,0.3099662177428235,59,64,,True,False,Request timeout: 300.0s exceeded,270,21.16838264042747
485,2026-09-14T02:30:47.568+00:00,2026-09-14T02:35:41.439+00:00,2026-09-14T02:35:47.578+00:00,False,90,89.0,,89.0,293870.554732,300009.489004,300009.488999,3333.4387666555554,0.02389,293870.554732,30969.412628791364,89.6730859,68.9767895730337,21.060358512675442,0.29665728339283753,59,64,,True,False,Request timeout: 300.0s exceeded,380,21.16838264042747
486,2026-09-14T02:30:51.262+00:00,2026-09-14T02:35:45.347+00:00,2026-09-14T02:35:51.313+00:00,False,88,87.0,,87.0,294084.352046,300050.52164600004,300050.52153900004,3409.6650174886367,0.0381,294084.352046,31342.193616397373,88.76866049999998,68.57666206896552,20.53591600228534,0.2899511706320001,59,64,,True,False,Request timeout: 300.0s exceeded,370,21.16838264042747
487,2026-09-14T02:30:54.938+00:00,2026-09-14T02:35:48.759+00:00,2026-09-14T02:35:54.964+00:00,False,91,90.0,,90.0,293821.451204,300026.211524,300026.211364,3296.9913336703294,0.03692,293821.451204,30793.636154796215,89.0426915,68.94178133333332,19.357944763273895,0.2999737907659466,59,64,,True,False,Request timeout: 300.0s exceeded,330,21.16838264042747
488,2026-09-14T02:30:58.508+00:00,2026-09-14T02:35:51.972+00:00,2026-09-14T02:35:58.529+00:00,False,98,97.0,,97.0,293464.643451,300020.713851,300020.713849,3061.4358556020406,0.03645,293464.643451,29637.584844097084,89.00458120000002,67.58835463917525,19.98278327826067,0.32331100994637774,59,64,,True,False,Request timeout: 300.0s exceeded,315,21.16838264042747
489,2026-09-14T02:31:02.316+00:00,2026-09-14T02:35:56.017+00:00,2026-09-14T02:36:02.344+00:00,False,95,94.0,,94.0,293700.85966799996,300028.14542799996,300028.14534999995,3158.19100368421,0.02494,293700.85966799996,30126.17322969467,89.1346806,67.31155063829787,20.42193760917688,0.31330393975507176,59,64,,True,False,Request timeout: 300.0s exceeded,393,21.16838264042747
490,2026-09-14T02:31:05.664+00:00,2026-09-14T02:35:59.699+00:00,2026-09-14T02:36:05.728+00:00,False,87,86.0,,86.0,294035.434986,300064.17457000003,300064.174439,3449.0134992988505,0.020030000000000003,294035.434986,31516.398722081765,90.0975452,70.10162306976744,20.903059106981125,0.2866053574147607,59,64,,True,False,Request timeout: 300.0s exceeded,404,21.16838264042747
491,2026-09-14T02:31:09.449+00:00,2026-09-14T02:36:03.311+00:00,2026-09-14T02:36:09.481+00:00,False,88,87.0,,87.0,293862.625176,300031.857304,300031.857161,3409.452922284091,0.02229,293862.625176,31318.308336877322,89.326695,70.91071411494254,20.05183798774428,0.2899692078759802,59,64,,True,False,Request timeout: 300.0s exceeded,230,21.16838264042747
492,2026-09-14T02:31:13.378+00:00,2026-09-14T02:36:07.031+00:00,2026-09-14T02:36:13.417+00:00,False,94,93.0,,93.0,293652.795944,300038.512936,300038.512941,3191.8990738404254,0.02117,293652.795944,30280.89700426518,87.9964813,68.66362356989247,18.908810918027207,0.3099602084077701,59,64,,True,False,Request timeout: 300.0s exceeded,239,21.16838264042747
493,2026-09-14T02:31:16.411+00:00,2026-09-14T02:36:10.316+00:00,2026-09-14T02:36:16.480+00:00,False,90,89.0,,89.0,293905.241786,300068.720058,300068.720021,3334.0968891222224,0.0355,293905.241786,30973.038427268344,85.58935000000001,69.25256485393258,18.750175649864236,0.2965987257278842,59,64,,True,False,Request timeout: 300.0s exceeded,389,21.16838264042747
494,2026-09-14T02:31:19.350+00:00,2026-09-14T02:36:13.248+00:00,2026-09-14T02:36:19.371+00:00,False,88,87.0,,87.0,293897.69704500004,300021.36296500004,300021.36277400004,3409.333667886364,0.039649000000000004,293897.69704500004,31322.102302395153,88.20005450000001,70.38696459770115,19.180434429653264,0.2899793506042744,59,64,,True,False,Request timeout: 300.0s exceeded,425,21.16838264042747
495,2026-09-14T02:31:23.046+00:00,2026-09-14T02:36:16.769+00:00,2026-09-14T02:36:23.054+00:00,False,95,94.0,,94.0,293723.88265499996,300008.39107099996,300008.39092499996,3157.9830623684206,0.02184,293723.88265499996,30128.58182399509,88.2609427,66.8564725106383,20.115601673207166,0.313324569570969,59,64,,True,False,Request timeout: 300.0s exceeded,387,21.16838264042747
496,2026-09-14T02:31:27.122+00:00,2026-09-14T02:36:20.670+00:00,2026-09-14T02:36:27.194+00:00,False,97,96.0,,96.0,293547.973811,300071.908019,300071.907796,3093.5248226391755,0.019829999999999997,293547.973811,29798.38765287145,88.4384538,67.957648,20.17289770161326,0.31992331649359673,59,64,,True,False,Request timeout: 300.0s exceeded,509,21.16838264042747
497,2026-09-14T02:31:30.906+00:00,2026-09-14T02:36:24.543+00:00,2026-09-14T02:36:30.948+00:00,False,90,89.0,,89.0,293637.353985,300041.995009,300041.994885,3333.7999431666667,0.03685,293637.353985,30944.515082560807,88.81316995000002,71.9622586966292,18.96665524547779,0.29662514408134893,59,64,,True,False,Request timeout: 300.0s exceeded,204,21.16838264042747
498,2026-09-14T02:31:33.945+00:00,2026-09-14T02:36:27.883+00:00,2026-09-14T02:36:33.998+00:00,False,87,86.0,,86.0,293938.026195,300052.773587,300052.77342499996,3448.8824531609193,0.02025,293938.026195,31505.84692622604,88.5391309,71.10171386046511,18.886420670402053,0.2866162474417667,59,64,,True,False,Request timeout: 300.0s exceeded,341,21.16838264042747
499,2026-09-14T02:31:37.720+00:00,2026-09-14T02:36:31.367+00:00,2026-09-14T02:36:37.759+00:00,False,92,91.0,,91.0,293646.542876,300038.148124,300038.148272,3261.284220347826,0.04047,293646.542876,30607.45235184981,89.24500615000001,70.2374203076923,20.35719739386069,0.30329476624549573,59,64,,True,False,Request timeout: 300.0s exceeded,374,21.16838264042747
500,2026-09-14T02:31:40.236+00:00,2026-09-14T02:36:33.819+00:00,2026-09-14T02:36:40.272+00:00,False,95,94.0,,94.0,293582.600774,300035.570758,300035.570651,3158.2691647473684,0.04177,293582.600774,30113.903100386076,87.66505409999999,68.64861685106384,20.650907856121812,0.3132961860572781,59,64,,True,False,Request timeout: 300.0s exceeded,321,21.16838264042747
501,2026-09-14T02:31:43.859+00:00,2026-09-14T02:36:37.331+00:00,2026-09-14T02:36:43.922+00:00,False,98,97.0,,97.0,293472.059222,300063.505494,300063.505495,3061.8725050510207,0.02134,293472.059222,29638.297752669834,89.98014549999999,67.95305435051547,20.92418937381575,0.3232649030088052,59,64,,True,False,Request timeout: 300.0s exceeded,472,21.16838264042747
502,2026-09-14T02:31:46.449+00:00,2026-09-14T02:36:40.057+00:00,2026-09-14T02:36:46.502+00:00,False,92,91.0,,91.0,293607.66789700004,300052.669881,300052.66990900005,3261.442064228261,0.042069,293607.66789700004,30603.338529888657,90.9380285,70.82419762637363,20.881679710083624,0.30328008757959174,59,64,,True,False,Request timeout: 300.0s exceeded,440,21.16838264042747
503,2026-09-14T02:31:49.228+00:00,2026-09-14T02:36:43.142+00:00,2026-09-14T02:36:49.239+00:00,False,88,87.0,,87.0,293913.776434,300010.972978,300010.972881,3409.2156009204546,0.02929,293913.776434,31323.850108984574,90.915359,70.08271889655173,21.228258041964825,0.28998939317589484,59,64,,True,False,Request timeout: 300.0s exceeded,384,21.16838264042747
504,2026-09-14T02:31:53.034+00:00,2026-09-14T02:36:47.173+00:00,2026-09-14T02:36:53.067+00:00,False,87,86.0,,86.0,294138.315126,300032.332662,300032.33264,3448.647501609195,0.023600000000000003,294138.315126,31527.595787852682,88.9267656,68.53508762790698,19.659499261462884,0.2866357743413037,59,64,,True,False,Request timeout: 300.0s exceeded,306,21.16838264042747
505,2026-09-14T02:31:56.489+00:00,2026-09-14T02:36:50.363+00:00,2026-09-14T02:36:56.545+00:00,False,88,87.0,,87.0,293874.56231699995,300056.17102099996,300056.1708859999,3409.7292146136356,0.07878,293874.56231699995,31319.565211225923,89.0149247,71.05297360919539,19.304784469447213,0.2899457115111662,59,64,,True,False,Request timeout: 300.0s exceeded,342,21.16838264042747
506,2026-09-14T02:32:00.052+00:00,2026-09-14T02:36:53.921+00:00,2026-09-14T02:37:00.076+00:00,False,86,85.0,,85.0,293868.28544300003,300023.11680300004,300023.11674800003,3488.640892418605,0.10821,293868.28544300003,31680.830233434033,91.47039375,72.40978070588235,19.94585750634731,0.2833115024793651,59,64,,True,False,Request timeout: 300.0s exceeded,395,21.16838264042747
507,2026-09-14T02:32:05.560+00:00,2026-09-14T02:36:56.634+00:00,2026-09-14T02:37:05.674+00:00,False,136,135.0,,135.0,291074.114466,300114.458274,300114.45828099997,2206.7239579485295,0.045219999999999996,291074.114466,24953.66527249115,88.72041300000001,66.96550968888889,20.20115681887178,0.44982837806750064,59,64,,True,False,Request timeout: 300.0s exceeded,491,21.16838264042747
508,2026-09-14T02:32:06.583+00:00,2026-09-14T02:37:00.336+00:00,2026-09-14T02:37:06.594+00:00,False,101,100.0,,100.0,293753.039584,300010.922976,300010.92287,2970.4051769306934,0.04165,293753.039584,29223.30016253518,89.108422,62.57883392,20.439981512429746,0.3333211971352113,59,64,,True,False,Request timeout: 300.0s exceeded,171,21.16838264042747
509,2026-09-14T02:32:10.234+00:00,2026-09-14T02:37:03.958+00:00,2026-09-14T02:37:10.288+00:00,False,105,104.0,,104.0,293724.072529,300053.652817,300053.652813,2857.653836314286,0.0,293724.072529,28658.608416470674,88.34249160000002,60.86134892307692,27.946634831291373,0.3466046789419646,59,64,,True,False,Request timeout: 300.0s exceeded,460,21.16838264042747
510,2026-09-14T02:32:13.639+00:00,2026-09-14T02:37:07.454+00:00,2026-09-14T02:37:13.695+00:00,False,93,92.0,,92.0,293815.805129,300056.18247299996,300056.182341,3226.4105628064513,0.0261,293815.805129,30460.252569856282,88.9435766,67.83018852173913,20.048158657818277,0.30660924644763304,59,64,,True,False,Request timeout: 300.0s exceeded,348,21.16838264042747
511,2026-09-14T02:32:17.292+00:00,2026-09-14T02:37:10.926+00:00,2026-09-14T02:37:17.304+00:00,False,100,99.0,,99.0,293634.131245,300011.822637,300011.822657,3000.11822657,0.03604,293634.131245,29356.97821543412,89.104204,64.42112517171718,20.670271726343817,0.3299869956117872,59,64,,True,False,Request timeout: 300.0s exceeded,424,21.16838264042747
512,2026-09-14T02:32:20.435+00:00,2026-09-14T02:37:14.084+00:00,2026-09-14T02:37:20.498+00:00,False,99,98.0,,98.0,293649.34315499995,300063.02072299994,300063.020713,3030.9396031616157,0.0358,293649.34315499995,29506.29897287891,88.60496380000001,65.44568946938776,20.54903815297016,0.3265980585140736,59,64,,True,False,Request timeout: 300.0s exceeded,441,21.16838264042747
513,2026-09-14T02:32:23.362+00:00,2026-09-14T02:37:17.764+00:00,2026-09-14T02:37:23.385+00:00,False,85,84.0,,84.0,294401.778971,300022.876443,300022.87646,3529.680899529412,0.01787,294401.778971,31925.10431941979,88.7354046,66.91782704761904,20.063526046294808,0.27997865028121877,59,64,,True,False,Request timeout: 300.0s exceeded,424,21.16838264042747
514,2026-09-14T02:32:27.173+00:00,2026-09-14T02:37:20.850+00:00,2026-09-14T02:37:27.259+00:00,False,98,97.0,,97.0,293676.345466,300085.450618,300085.45047200006,3062.0964333877555,0.02451,293676.345466,29659.12307401424,87.14615935,66.07324898969073,20.06196594536568,0.32324126278110754,59,64,,True,False,Request timeout: 300.0s exceeded,490,21.16838264042747
515,2026-09-14T02:32:29.820+00:00,2026-09-14T02:37:23.566+00:00,2026-09-14T02:37:29.857+00:00,False,92,91.0,,91.0,293745.969261,300036.873837,300036.873848,3261.270367913043,0.021869,293745.969261,30617.93342706969,89.08928205000001,69.13081951648351,20.033818979108133,0.30329605436909485,59,64,,True,False,Request timeout: 300.0s exceeded,379,21.16838264042747
516,2026-09-14T02:32:32.289+00:00,2026-09-14T02:37:25.913+00:00,2026-09-14T02:37:32.330+00:00,False,94,93.0,,93.0,293624.554819,300041.149507,300041.149391,3191.9271211808514,0.038009999999999995,293624.554819,30277.950140691493,87.53330865,68.99564180645162,19.278164165965094,0.3099574846743823,59,64,,True,False,Request timeout: 300.0s exceeded,452,21.16838264042747
517,2026-09-14T02:32:35.204+00:00,2026-09-14T02:37:28.874+00:00,2026-09-14T02:37:35.294+00:00,False,93,92.0,,92.0,293670.48072399996,300090.22600399994,300090.226009,3226.776623752688,0.02477,293670.48072399996,30444.980049535,88.203708,69.77984,18.59008055778035,0.3065744633708054,59,64,,True,False,Request timeout: 300.0s exceeded,462,21.16838264042747
518,2026-09-14T02:32:37.807+00:00,2026-09-14T02:37:31.506+00:00,2026-09-14T02:37:37.837+00:00,False,93,92.0,,92.0,293699.633232,300030.080592,300030.080719,3226.129900204301,0.023149999999999997,293699.633232,30448.10372729954,86.13582040000001,68.80921043478261,18.680313375380614,0.30663592069992296,59,64,,True,False,Request timeout: 300.0s exceeded,404,21.16838264042747
519,2026-09-14T02:32:41.727+00:00,2026-09-14T02:37:35.504+00:00,2026-09-14T02:37:41.735+00:00,False,94,93.0,,93.0,293776.871851,300008.774059,300008.773963,3191.5827017340425,0.035,293776.871851,30293.865817758764,88.02186764999999,67.00970116129032,20.123513196608474,0.3099909337375264,59,64,,True,False,Request timeout: 300.0s exceeded,428,21.16838264042747
520,2026-09-14T02:32:44.007+00:00,2026-09-14T02:37:37.541+00:00,2026-09-14T02:37:44.063+00:00,False,95,94.0,,94.0,293534.607054,300056.57979000005,300056.579841,3158.4903141157897,0.055740000000000005,293534.607054,30108.903062488815,88.496934,69.38268868085106,19.634180907334127,0.3132742500290698,59,64,,True,False,Request timeout: 300.0s exceeded,236,21.16838264042747
521,2026-09-14T02:32:47.049+00:00,2026-09-14T02:37:40.716+00:00,2026-09-14T02:37:47.131+00:00,False,92,91.0,,91.0,293667.008394,300081.501578,300081.501535,3261.755451467391,0.019629999999999998,293667.008394,30609.55891912826,87.75185625,70.48893608791208,18.959321992022748,0.30325094856387347,59,64,,True,False,Request timeout: 300.0s exceeded,452,21.16838264042747
522,2026-09-14T02:32:49.614+00:00,2026-09-14T02:37:43.277+00:00,2026-09-14T02:37:49.665+00:00,False,94,93.0,,93.0,293663.132442,300050.616346,300050.61658,3192.0278359574463,0.02426,293663.132442,30281.961371139514,87.37269865,68.68262262365592,19.227585216913642,0.3099477052656946,59,64,,True,False,Request timeout: 300.0s exceeded,437,21.16838264042747
523,2026-09-14T02:32:53.424+00:00,2026-09-14T02:37:46.881+00:00,2026-09-14T02:37:53.466+00:00,False,98,97.0,,97.0,293457.569292,300042.49934,300042.49927399994,3061.6581558571424,0.03565,293457.569292,29636.839672294947,87.89660104999999,67.88587678350515,19.18803157868629,0.3232875349771108,59,64,,True,False,Request timeout: 300.0s exceeded,320,21.16838264042747
524,2026-09-14T02:32:56.513+00:00,2026-09-14T02:37:50.075+00:00,2026-09-14T02:37:56.568+00:00,False,92,91.0,,91.0,293561.79719099996,300055.18624699995,300055.186365,3261.469417010869,0.03821,293561.79719099996,30598.499960726404,88.45521455000002,71.3559236923077,19.688666544761627,0.3032775441684599,59,64,,True,False,Request timeout: 300.0s exceeded,428,21.16838264042747
525,2026-09-14T02:32:59.373+00:00,2026-09-14T02:37:52.987+00:00,2026-09-14T02:37:59.410+00:00,False,92,91.0,,91.0,293613.979039,300037.599391,300037.599511,3261.2782555543477,0.022359999999999998,293613.979039,30604.02085619226,90.66057245,70.58923463736265,20.655125777002862,0.3032953209354656,59,64,,True,False,Request timeout: 300.0s exceeded,442,21.16838264042747
526,2026-09-14T02:33:01.643+00:00,2026-09-14T02:37:55.152+00:00,2026-09-14T02:38:01.686+00:00,False,93,92.0,,92.0,293508.82516,300043.293,300043.292768,3226.271965247312,0.0218,293508.82516,30428.08874920534,90.148348,71.02682434782609,20.029664595732203,0.3066224179855272,59,64,,True,False,Request timeout: 300.0s exceeded,472,21.16838264042747
527,2026-09-14T02:33:04.470+00:00,2026-09-14T02:37:58.363+00:00,2026-09-14T02:38:04.549+00:00,False,88,87.0,,87.0,293892.88767699996,300078.61439699994,300078.61435099994,3409.984253988636,0.03566,293892.88767699996,31321.51425215817,90.1179642,71.10030712643679,20.261347733910018,0.28992402599173617,59,64,,True,False,Request timeout: 300.0s exceeded,293,21.16838264042747
528,2026-09-14T02:33:07.331+00:00,2026-09-14T02:38:00.944+00:00,2026-09-14T02:38:07.388+00:00,False,95,94.0,,94.0,293612.691588,300056.331396,300056.331617,3158.4877012315787,0.03693,293612.691588,30117.00044781628,90.4079248,68.54935965957446,20.52160763463038,0.31327450936518747,59,64,,True,False,Request timeout: 300.0s exceeded,396,21.16838264042747
529,2026-09-14T02:33:11.232+00:00,2026-09-14T02:38:05.118+00:00,2026-09-14T02:38:12.766+00:00,False,69,68.0,,68.0,293885.77163800003,301533.774198,301533.774166,4370.054698057971,0.04382,293885.77163800003,35367.94109401458,91.1767814,112.47062588235295,358.63819867432034,0.2255137096362157,59,64,,True,False,Request timeout: 300.0s exceeded,320,21.16838264042747
530,2026-09-14T02:33:13.597+00:00,2026-09-14T02:38:07.171+00:00,2026-09-14T02:38:13.634+00:00,False,107,106.0,,106.0,293573.755075,300036.991683,300036.991444,2804.084032186916,0.01511,293573.755075,28376.421355232327,89.19234980000002,60.97393026415094,290.18558613834296,0.3532897707226476,59,64,,True,False,Request timeout: 300.0s exceeded,515,21.16838264042747
531,2026-09-14T02:33:17.427+00:00,2026-09-14T02:38:13.046+00:00,2026-09-14T02:38:17.469+00:00,False,69,68.0,,68.0,295618.73642699997,300041.632299,300041.632382,4348.429454811594,0.02255,295618.73642699997,35580.49278145382,87.4403234,65.04258635294117,25.799282772698255,0.22663521551647894,59,64,,True,False,Request timeout: 300.0s exceeded,224,21.16838264042747
532,2026-09-14T02:33:21.134+00:00,2026-09-14T02:38:14.438+00:00,2026-09-14T02:38:21.189+00:00,False,102,101.0,,101.0,293303.832541,300054.867421,300054.86727299995,2941.7143850294115,0.027190000000000002,293303.832541,29034.794838240672,87.34039955,66.8419295049505,19.163798929572923,0.3366051044867379,59,64,,True,False,Request timeout: 300.0s exceeded,148,21.16838264042747
533,2026-09-14T02:33:23.628+00:00,2026-09-14T02:38:17.627+00:00,2026-09-14T02:38:23.658+00:00,False,90,89.0,,89.0,293999.550972,300030.385148,300030.385223,3333.6709469222224,0.022109999999999998,293999.550972,30983.13721177893,88.64896095,67.76218175280898,19.76745282720359,0.29663662217444337,59,64,,True,False,Request timeout: 300.0s exceeded,416,21.16838264042747
534,2026-09-14T02:33:26.164+00:00,2026-09-14T02:38:19.996+00:00,2026-09-14T02:38:26.171+00:00,False,93,92.0,,92.0,293831.725555,300006.24280300003,300006.242923,3225.8735798172042,0.023399999999999997,293831.725555,30461.97793824428,88.5005892,67.11431791304348,20.45187261536043,0.30666028526750383,59,64,,True,False,Request timeout: 300.0s exceeded,430,21.16838264042747
535,2026-09-14T02:33:28.939+00:00,2026-09-14T02:38:22.973+00:00,2026-09-14T02:38:28.952+00:00,False,90,89.0,,89.0,294034.389565,300013.677885,300013.677685,3333.4853076111112,0.03925,294034.389565,30986.870707016376,88.39489795000001,67.18301483146067,19.981849860796682,0.2966531413748246,59,64,,True,False,Request timeout: 300.0s exceeded,458,21.16838264042747
536,2026-09-14T02:33:31.529+00:00,2026-09-14T02:38:25.018+00:00,2026-09-14T02:38:31.559+00:00,False,103,102.0,,102.0,293488.709085,300029.56822099996,300029.568031,2912.9084274854367,0.04111,293488.709085,28911.990286347896,88.56292219999999,64.12606996078432,20.259142744184658,0.33996649265204226,59,64,,True,False,Request timeout: 300.0s exceeded,514,21.16838264042747
537,2026-09-14T02:33:34.042+00:00,2026-09-14T02:38:27.582+00:00,2026-09-14T02:38:34.077+00:00,False,99,98.0,,98.0,293540.600765,300035.61670099996,300035.616886,3030.662796828283,0.023989999999999997,293540.600765,29495.28646087862,89.46886190000001,66.27567281632653,20.43770751363763,0.3266278886405068,59,64,,True,False,Request timeout: 300.0s exceeded,367,21.16838264042747
538,2026-09-14T02:33:37.582+00:00,2026-09-14T02:38:31.292+00:00,2026-09-14T02:38:37.597+00:00,False,91,90.0,,90.0,293709.972699,300014.77781899995,300014.77788799995,3296.8656910769228,0.02273,293709.972699,30781.834147694863,89.65134549999999,70.05339022222222,20.36377173461999,0.2999852229089106,59,64,,True,False,Request timeout: 300.0s exceeded,371,21.16838264042747
539,2026-09-14T02:33:40.549+00:00,2026-09-14T02:38:34.638+00:00,2026-09-14T02:38:40.571+00:00,False,85,84.0,,84.0,294088.946525,300021.76060499996,300021.76055199996,3529.6677711999996,0.03976,294088.946525,31890.77001102445,87.79293100000001,70.62873904761905,19.46352998616563,0.2799796915750788,59,64,,True,False,Request timeout: 300.0s exceeded,508,21.16838264042747
540,2026-09-14T02:33:43.989+00:00,2026-09-14T02:38:37.727+00:00,2026-09-14T02:38:44.013+00:00,False,94,93.0,,93.0,293737.774444,300024.19927599997,300024.19920499995,3191.7468000531912,0.064639,293737.774444,30289.77267579329,89.09397965,67.59596593548387,19.994402789112616,0.30997499609838775,59,64,,True,False,Request timeout: 300.0s exceeded,397,21.16838264042747
541,2026-09-14T02:33:46.453+00:00,2026-09-14T02:38:40.240+00:00,2026-09-14T02:38:46.503+00:00,False,99,98.0,,98.0,293787.022169,300050.930009,300050.92987,3030.8174734343434,0.0233,293787.022169,29520.28978447838,85.7123559,63.917426938775506,20.486718032302175,0.32661121895892975,59,64,,True,False,Request timeout: 300.0s exceeded,413,21.16838264042747
542,2026-09-14T02:33:50.207+00:00,2026-09-14T02:38:43.809+00:00,2026-09-14T02:38:50.225+00:00,False,99,98.0,,98.0,293601.689479,300017.964423,300017.964466,3030.4844895555557,0.02034,293601.689479,29501.50631103931,86.70596590000001,65.47219330612245,19.622228250332572,0.32664710657735235,59,64,,True,False,Request timeout: 300.0s exceeded,463,21.16838264042747
543,2026-09-14T02:33:54.093+00:00,2026-09-14T02:38:47.755+00:00,2026-09-14T02:38:54.115+00:00,False,96,95.0,,95.0,293661.748751,300021.600271,300021.600178,3125.2250018541663,0.037090000000000005,293661.748751,29964.900558926583,89.011067,66.94580547368422,19.781847765500807,0.3166438680221341,59,64,,True,False,Request timeout: 300.0s exceeded,441,21.16838264042747
544,2026-09-14T02:33:58.196+00:00,2026-09-14T02:38:51.566+00:00,2026-09-14T02:38:58.212+00:00,False,99,98.0,,98.0,293369.676425,300015.639433,300015.639477,3030.461004818182,0.04033,293369.676425,29477.952626408416,88.97360990000001,67.81594906122449,19.706800700419173,0.3266496379495761,59,64,,True,False,Request timeout: 300.0s exceeded,418,21.16838264042747
545,2026-09-14T02:34:01.880+00:00,2026-09-14T02:38:55.713+00:00,2026-09-14T02:39:01.888+00:00,False,92,91.0,,91.0,293832.58928799996,300007.89706399996,300007.896914,3260.95540123913,0.02142,293832.58928799996,30627.096318668555,87.33045905,67.86052501098901,19.554951910342055,0.3033253487343608,59,64,,True,False,Request timeout: 300.0s exceeded,480,21.16838264042747
546,2026-09-14T02:34:05.925+00:00,2026-09-14T02:38:59.595+00:00,2026-09-14T02:39:05.953+00:00,False,94,93.0,,93.0,293670.967166,300028.34623799997,300028.346339,3191.7909185,0.0263,293670.967166,30282.803380186873,88.5674675,68.35891475268816,20.055302649883295,0.30997071165478135,59,64,,True,False,Request timeout: 300.0s exceeded,358,21.16838264042747
547,2026-09-14T02:34:09.198+00:00,2026-09-14T02:39:02.687+00:00,2026-09-14T02:39:09.233+00:00,False,101,100.0,,100.0,293488.45525,300034.52373,300034.523724,2970.638848752475,0.02067,293488.45525,29196.686113196698,88.614972,65.4606848,20.185090294437757,0.33329497804722513,59,64,,True,False,Request timeout: 300.0s exceeded,411,21.16838264042747
548,2026-09-14T02:34:12.915+00:00,2026-09-14T02:39:07.115+00:00,2026-09-14T02:39:12.966+00:00,False,86,85.0,,85.0,294199.915907,300050.657155,300050.657209,3488.9611303372094,0.0366,294199.915907,31716.976741742325,89.548481,68.83224997647059,20.118632240570363,0.2832854985419703,59,64,,True,False,Request timeout: 300.0s exceeded,408,21.16838264042747
549,2026-09-14T02:34:16.737+00:00,2026-09-14T02:39:10.412+00:00,2026-09-14T02:39:16.751+00:00,False,94,93.0,,93.0,293675.481273,300013.888953,300013.88901700004,3191.6371172021277,0.02495,293675.481273,30283.28992415325,87.79214199999998,68.15492129032259,19.916094042891817,0.30998564874631296,59,64,,True,False,Request timeout: 300.0s exceeded,437,21.16838264042747
550,2026-09-14T02:34:20.695+00:00,2026-09-14T02:39:14.339+00:00,2026-09-14T02:39:20.760+00:00,False,94,93.0,,93.0,293643.31806900003,300064.286005,300064.28618800006,3192.1732573191493,0.04167,293643.31806900003,30279.880840021135,88.26128315000001,69.04266597849463,19.700293420047377,0.30993358535993965,59,64,,True,False,Request timeout: 300.0s exceeded,429,21.16838264042747
551,2026-09-14T02:34:22.981+00:00,2026-09-14T02:39:16.829+00:00,2026-09-14T02:39:23.059+00:00,False,91,90.0,,90.0,293848.052097,300078.057089,300078.056948,3297.5610653626372,0.024079999999999997,293848.052097,30796.395377645527,87.7586645,69.2222776888889,19.512024563632497,0.2999219632154141,59,64,,True,False,Request timeout: 300.0s exceeded,304,21.16838264042747
552,2026-09-14T02:34:26.782+00:00,2026-09-14T02:39:20.628+00:00,2026-09-14T02:39:26.835+00:00,False,91,90.0,,90.0,293846.829409,300053.543009,300053.54301,3297.2916814285713,0.029679999999999998,293846.829409,30796.29440695675,88.459193,68.96348444444445,19.628294211213777,0.29994646654547413,59,64,,True,False,Request timeout: 300.0s exceeded,427,21.16838264042747
553,2026-09-14T02:34:29.249+00:00,2026-09-14T02:39:22.764+00:00,2026-09-14T02:39:29.325+00:00,False,98,97.0,,97.0,293514.905188,300075.719524,300075.719292,3061.997135632653,0.022600000000000002,293514.905188,29642.656618313064,86.8831622,67.63726119587629,19.239393907858812,0.3232517451057614,59,64,,True,False,Request timeout: 300.0s exceeded,446,21.16838264042747
554,2026-09-14T02:34:33.097+00:00,2026-09-14T02:39:26.670+00:00,2026-09-14T02:39:33.155+00:00,False,98,97.0,,97.0,293572.891565,300057.863341,300057.863378,3061.8149324285714,0.027800000000000002,293572.891565,29648.593572752518,88.44254635000001,66.85537913402062,19.95078700796105,0.32327098153653316,59,64,,True,False,Request timeout: 300.0s exceeded,521,21.16838264042747
555,2026-09-14T02:34:36.575+00:00,2026-09-14T02:39:30.357+00:00,2026-09-14T02:39:36.612+00:00,False,113,112.0,,112.0,293781.990481,300036.783953,300036.78391,2655.1927779646016,0.020559,293781.990481,27631.4391744073,87.5173412,55.846370285714286,20.906990608366602,0.3732875633593797,59,64,,True,False,Request timeout: 300.0s exceeded,564,21.16838264042747
556,2026-09-14T02:34:40.698+00:00,2026-09-14T02:39:34.364+00:00,2026-09-14T02:39:40.810+00:00,False,155,154.0,,154.0,293666.276293,300112.635333,300112.635339,1936.2105505741933,0.01874,293666.276293,23584.55303096082,138.5481039,41.859474285714285,58.599960973390196,0.5131406740976573,59,64,,True,False,Request timeout: 300.0s exceeded,785,21.16838264042747
0,2026-09-14T02:04:40.952+00:00,2026-09-14T02:04:41.211+00:00,2026-09-14T02:04:54.053+00:00,True,238,238.0,,238.0,259.181373,13101.417533,13101.41732,55.04797193277311,0.040060000000000005,259.181373,24.23059100774209,93.09099285,54.18665046413502,20.305032309321366,18.165973216296855,60,64,,False,True,,862,21.16838264042747
1,2026-09-14T02:04:44.594+00:00,2026-09-14T02:04:44.797+00:00,2026-09-14T02:04:58.656+00:00,True,221,221.0,,221.0,202.486333,14062.110269,14062.110077,63.62945736199095,0.02696,202.486333,23.334457844951395,95.33113899999998,62.99829061818182,21.413557853850573,15.715991111746272,60,64,,False,True,,1084,21.16838264042747
2,2026-09-14T02:04:48.832+00:00,2026-09-14T02:04:52.834+00:00,2026-09-14T02:05:07.136+00:00,True,217,217.0,,217.0,4002.483366,18304.323238,18304.323156,84.35171961290322,40.242846,4002.483366,268.1157900879686,96.26622780000001,66.21222162962962,22.053212929780276,11.855122813254592,60,64,,False,True,,307,21.16838264042747
3,2026-09-14T02:04:53.871+00:00,2026-09-14T02:05:00.555+00:00,2026-09-14T02:05:19.935+00:00,True,295,295.0,,295.0,6683.774565000001,26063.337317,26063.337426000002,88.35029635932203,19.05666,6683.774565000001,385.9399079641296,95.36555700000001,65.91688010884353,22.138786433381153,11.318581208999053,60,64,,False,True,,1410,21.16838264042747
4,2026-09-14T02:04:57.171+00:00,2026-09-14T02:05:07.328+00:00,2026-09-14T02:05:24.859+00:00,True,264,264.0,,264.0,10156.296897,27687.765697,27687.765671,104.8779002689394,26.652574,10156.296897,621.3672465099278,94.658719,66.6595771863118,22.13816400866806,9.53489721377571,60,64,,False,True,,934,21.16838264042747
5,2026-09-14T02:05:02.256+00:00,2026-09-14T02:05:15.959+00:00,2026-09-14T02:05:34.315+00:00,True,273,273.0,,273.0,13702.430903999999,32058.715063999996,32058.714991,117.43119044322344,40.571974000000004,13702.430903999999,825.5245575414566,95.70380260000002,67.48633882352941,22.301044029153715,8.515625141400708,60,64,,False,True,,1506,21.16838264042747
6,2026-09-14T02:05:05.919+00:00,2026-09-14T02:05:22.270+00:00,2026-09-14T02:05:35.182+00:00,True,194,194.0,,194.0,16351.107291999999,29262.779867999998,29262.779893,150.83907161340207,38.951917,16351.107291999999,1169.3410100422334,95.4881378,66.89985790673575,21.84733021972147,6.629582045010927,60,64,,False,True,,905,21.16838264042747
7,2026-09-14T02:05:09.999+00:00,2026-09-14T02:05:29.461+00:00,2026-09-14T02:05:47.033+00:00,True,267,267.0,,267.0,19461.391469000002,37034.083693,37034.083778,138.70443362546817,0.01671,19461.391469000002,1187.268911215336,97.4364036,66.06275272180451,26.473165111951612,7.2095748935855815,60,64,,False,True,,993,21.16838264042747
8,2026-09-14T02:05:13.195+00:00,2026-09-14T02:05:35.279+00:00,2026-09-14T02:05:48.362+00:00,True,201,201.0,,201.0,22083.873342,35166.839358,35166.839293,174.95939946766168,0.01822,22083.873342,1553.3014900108396,96.93608599999999,65.41483008,27.325613370742794,5.71561174303471,60,64,,False,True,,905,21.16838264042747
9,2026-09-14T02:05:18.463+00:00,2026-09-14T02:05:44.564+00:00,2026-09-14T02:05:51.537+00:00,True,109,109.0,,109.0,26101.668107,33074.272011,33074.272123,303.43368920183485,40.518004,26101.668107,2493.9961107694985,95.9987214,64.56114725925926,21.70405706066399,3.2956129756612107,60,64,,False,True,,449,21.16838264042747
10,2026-09-14T02:05:23.660+00:00,2026-09-14T02:05:53.955+00:00,2026-09-14T02:06:06.969+00:00,True,196,196.0,,196.0,30294.52149,43309.170322,43309.170356,220.96515487755102,37.410191,30294.52149,2159.2396640638267,94.63134,66.74178888205128,22.102140827534658,4.525600433874781,60,64,,False,True,,824,21.16838264042747
11,2026-09-14T02:05:26.618+00:00,2026-09-14T02:05:58.919+00:00,2026-09-14T02:06:12.970+00:00,True,210,210.0,,210.0,32300.746185,46352.493001,46352.492795,220.72615616666667,38.01546,32300.746185,2224.4337773138395,95.3310309,67.23323835406698,22.181044403512697,4.530500657116102,60,64,,False,True,,859,21.16838264042747
12,2026-09-14T02:05:31.352+00:00,2026-09-14T02:06:06.089+00:00,2026-09-14T02:06:18.466+00:00,True,188,188.0,,188.0,34737.535489,47114.098689000006,47114.09874,250.60690819148937,33.551370000000006,34737.535489,2528.762451209882,94.60009550000001,66.18482994652406,21.89894690987572,3.990312989769523,60,64,,False,True,,675,21.16838264042747
13,2026-09-14T02:05:34.251+00:00,2026-09-14T02:06:11.890+00:00,2026-09-14T02:06:21.902+00:00,True,150,150.0,,150.0,37638.584526,47650.675661999994,47650.67563,317.67117086666667,35.164376,37638.584526,3067.7695267145104,95.42754585,67.19524252348994,22.011422554046504,3.147909193649075,60,64,,False,True,,751,21.16838264042747
14,2026-09-14T02:05:37.132+00:00,2026-09-14T02:06:17.512+00:00,2026-09-14T02:06:27.666+00:00,True,154,154.0,,154.0,40380.897748999996,50534.616020999994,50534.615913999995,328.14685658441556,5.320479000000001,40380.897748999996,3248.7226947955555,94.7129968,66.3641717124183,23.577821184819353,3.0474160511282857,60,64,,False,True,,695,21.16838264042747
15,2026-09-14T02:05:41.727+00:00,2026-09-14T02:06:25.502+00:00,2026-09-14T02:06:35.425+00:00,True,151,151.0,,151.0,43774.901327,53698.045775,53698.045878,355.61619786754966,0.01659,43774.901327,3557.1608627256414,94.86494149999999,66.15429632,37.22419488029394,2.8120203970309197,60,64,,False,True,,691,21.16838264042747
16,2026-09-14T02:05:46.987+00:00,2026-09-14T02:06:34.457+00:00,2026-09-14T02:06:51.485+00:00,True,255,255.0,,255.0,47470.046854,64497.471622,64497.47158,252.93126109803922,5.930568,47470.046854,2968.579408667616,94.5689126,67.03710538582678,22.875376941000926,3.953643353563954,60,64,,False,True,,1208,21.16838264042747
17,2026-09-14T02:05:52.196+00:00,2026-09-14T02:06:43.465+00:00,2026-09-14T02:06:59.829+00:00,True,246,246.0,,246.0,51268.808306,67632.968562,67632.968453,274.9307660691057,12.761223,51268.808306,3264.600090840324,95.21285325000001,66.79249084081633,22.72836688980161,3.637279351038521,60,64,,False,True,,977,21.16838264042747
18,2026-09-14T02:05:55.841+00:00,2026-09-14T02:06:49.351+00:00,2026-09-14T02:06:56.399+00:00,True,107,107.0,,107.0,53510.098082000004,60557.182626,60557.18283500001,565.9549797663552,39.770368000000005,53510.098082000004,5166.63510878379,97.0676063,66.48192966037736,21.839997160015017,1.766925001462336,60,64,,False,True,,534,21.16838264042747
19,2026-09-14T02:06:00.205+00:00,2026-09-14T02:06:57.497+00:00,2026-09-14T02:07:16.669+00:00,True,283,283.0,,283.0,57291.47844300001,76464.191147,76464.19114200001,270.19148813427563,0.0,57291.47844300001,3401.6782694291273,95.75539810000001,67.98834292198582,25.449281761658057,3.701078841675594,60,64,,False,True,,1449,21.16838264042747
20,2026-09-14T02:06:03.826+00:00,2026-09-14T02:07:03.846+00:00,2026-09-14T02:07:21.340+00:00,True,262,262.0,,262.0,60020.376509,77514.24966100001,77514.249652,295.8559147022901,0.0,60020.376509,3704.019473824268,97.05194010000001,67.0263339157088,25.745148623098494,3.3800236878487246,60,64,,False,True,,1272,21.16838264042747
21,2026-09-14T02:06:08.959+00:00,2026-09-14T02:07:13.611+00:00,2026-09-14T02:07:22.084+00:00,True,126,126.0,,126.0,64651.310147,73124.61011499999,73124.61022,580.3540493650794,39.293208,64651.310147,5753.600239705997,95.82326550000002,67.78639974400001,22.243199407647257,1.7230861101597004,60,64,,False,True,,641,21.16838264042747
22,2026-09-14T02:06:11.884+00:00,2026-09-14T02:07:18.082+00:00,2026-09-14T02:07:31.882+00:00,True,211,211.0,,211.0,66198.881699,79998.86147500001,79998.861579,379.1415240710901,0.016800000000000002,66198.881699,4552.96205338441,96.13547249999999,65.71418940952381,39.09405922503044,2.637537536280293,60,64,,False,True,,652,21.16838264042747
23,2026-09-14T02:06:14.942+00:00,2026-09-14T02:07:23.233+00:00,2026-09-14T02:07:40.644+00:00,True,268,268.0,,268.0,68291.15926999999,85702.26685399999,85702.266899,319.78457798134326,0.02209,68291.15926999999,4167.7156715809115,94.81512185,65.21014076404494,35.72263100369389,3.1271051494653856,60,64,,False,True,,780,21.16838264042747
24,2026-09-14T02:06:20.163+00:00,2026-09-14T02:07:32.282+00:00,2026-09-14T02:07:49.723+00:00,True,271,271.0,,271.0,72118.939171,89559.38179500001,89559.382018,330.47742442066425,39.426807000000004,72118.939171,4377.038942112913,93.49558250000001,64.59423194074074,20.79174912778746,3.0259253086439863,60,64,,False,True,,1222,21.16838264042747
25,2026-09-14T02:06:24.271+00:00,2026-09-14T02:07:39.976+00:00,2026-09-14T02:07:48.462+00:00,True,134,134.0,,134.0,75705.314747,84191.594427,84191.594404,628.2954806268657,39.099477,75705.314747,6534.464747592852,93.7356405,63.80661413533834,21.063579067294075,1.5916078191889735,60,64,,False,True,,660,21.16838264042747
26,2026-09-14T02:06:28.068+00:00,2026-09-14T02:07:46.457+00:00,2026-09-14T02:07:59.998+00:00,True,210,210.0,,210.0,78389.503758,91930.682126,91930.681975,437.7651522619048,0.0,78389.503758,5404.974384717195,93.4526614,64.79032711961722,24.589424096328784,2.284329835736174,60,64,,False,True,,978,21.16838264042747
27,2026-09-14T02:06:31.514+00:00,2026-09-14T02:07:52.372+00:00,2026-09-14T02:08:00.688+00:00,True,126,126.0,,126.0,80858.486683,89174.712475,89174.71242,707.7358128571428,40.032846,80858.486683,7197.551604183787,94.00910125,66.52980633600001,21.558034370640808,1.4129566163201694,60,64,,False,True,,555,21.16838264042747
28,2026-09-14T02:06:35.989+00:00,2026-09-14T02:07:59.168+00:00,2026-09-14T02:08:08.003+00:00,True,136,136.0,,136.0,83178.64834900001,92013.457693,92013.45775500001,676.5695423161766,40.807335,83178.64834900001,7126.9315563219725,96.11316725,65.44303217777778,21.767984743984332,1.4780446622684227,60,64,,False,True,,702,21.16838264042747
29,2026-09-14T02:06:39.510+00:00,2026-09-14T02:08:06.245+00:00,2026-09-14T02:08:21.986+00:00,True,237,237.0,,237.0,86734.810342,102475.495142,102475.495142,432.3860554514768,0.0,86734.810342,5629.761601211448,96.23641219999999,66.69781694915254,26.632470430113283,2.3127480347529894,60,64,,False,True,,1175,21.16838264042747
30,2026-09-14T02:06:43.447+00:00,2026-09-14T02:08:13.071+00:00,2026-09-14T02:08:31.941+00:00,True,286,286.0,,286.0,89624.41876100001,108493.839305,108493.839361,379.3490886748252,0.0,89624.41876100001,5295.878080090569,95.91643975000001,66.20849313684211,44.94938971827612,2.6360943794789233,60,64,,False,True,,1418,21.16838264042747
31,2026-09-14T02:06:47.816+00:00,2026-09-14T02:08:20.333+00:00,2026-09-14T02:08:33.883+00:00,True,207,207.0,,207.0,92517.014253,106067.395309,106067.395364,512.4028761545894,0.03175,92517.014253,6425.973254499005,95.72667030000001,65.77854881553398,46.603396794836975,1.951589358793613,60,64,,False,True,,1012,21.16838264042747
32,2026-09-14T02:06:51.875+00:00,2026-09-14T02:08:28.397+00:00,2026-09-14T02:08:36.588+00:00,True,122,122.0,,122.0,96521.863484,104713.137468,104713.137421,858.304405090164,0.0,96521.863484,8732.591435839864,95.40872655,67.69647920661157,27.02340898069341,1.16508780989666,60,64,,False,True,,550,21.16838264042747
33,2026-09-14T02:06:56.176+00:00,2026-09-14T02:08:35.867+00:00,2026-09-14T02:08:53.324+00:00,True,263,263.0,,263.0,99690.33334299999,117147.94179099999,117147.94168699998,445.42943607224333,0.0,99690.33334299999,6143.107422148338,96.4999021,66.6320933129771,24.034460114980742,2.2450245047344506,60,64,,False,True,,1265,21.16838264042747
34,2026-09-14T02:07:00.042+00:00,2026-09-14T02:08:42.752+00:00,2026-09-14T02:08:58.762+00:00,True,242,242.0,,242.0,102709.471419,118720.071099,118720.071084,490.57880613223136,0.0,102709.471419,6598.201055260858,94.35594599999999,66.43402356846474,27.41349393318857,2.038408482742548,60,64,,False,True,,821,21.16838264042747
35,2026-09-14T02:07:02.959+00:00,2026-09-14T02:08:49.355+00:00,2026-09-14T02:08:57.277+00:00,True,118,118.0,,118.0,106395.901117,114318.132669,114318.132607,968.7977339576271,39.421927000000004,106395.901117,9788.327063784825,95.36847900000001,67.71138078632478,21.678062993213775,1.0322072032234868,60,64,,False,True,,563,21.16838264042747
36,2026-09-14T02:07:07.833+00:00,2026-09-14T02:08:57.459+00:00,2026-09-14T02:09:05.856+00:00,True,132,132.0,,132.0,109625.48384199999,118022.88928199999,118022.88934699999,894.1127980833332,0.0,109625.48384199999,9536.145614065228,96.52973555,64.10233160305343,31.42274622679667,1.1184271186973194,60,64,,False,True,,578,21.16838264042747
37,2026-09-14T02:07:11.693+00:00,2026-09-14T02:09:03.983+00:00,2026-09-14T02:09:18.200+00:00,True,214,214.0,,214.0,112289.05861200001,126506.36446800001,126506.36437600001,591.1512354018691,0.01607,112289.05861200001,7671.526798606616,97.76280515,66.74791481690141,50.8244758364585,1.6916144962345483,60,64,,False,True,,869,21.16838264042747
38,2026-09-14T02:07:15.601+00:00,2026-09-14T02:09:11.315+00:00,2026-09-14T02:09:23.968+00:00,True,187,187.0,,187.0,115713.822715,128366.297851,128366.297794,686.450790342246,0.0,115713.822715,8457.061911970419,97.64099200000001,68.02405987096775,58.83538576302635,1.456768662262571,60,64,,False,True,,874,21.16838264042747
39,2026-09-14T02:07:18.859+00:00,2026-09-14T02:09:16.943+00:00,2026-09-14T02:09:24.842+00:00,True,120,120.0,,120.0,118084.55900499999,125983.51554899999,125983.51532299999,1049.8626276916666,0.0,118084.55900499999,10773.773824837228,96.98393850000001,66.37778608403362,71.78611855475685,0.9525055677091916,60,64,,False,True,,582,21.16838264042747
40,2026-09-14T02:07:23.044+00:00,2026-09-14T02:09:24.332+00:00,2026-09-14T02:09:37.900+00:00,True,207,207.0,,207.0,121288.782443,134856.703339,134856.703548,651.4816596521739,39.808235999999994,121288.782443,8425.60378126901,95.77296630000001,65.86369366990291,21.964435015053223,1.534962629774863,60,64,,False,True,,933,21.16838264042747
41,2026-09-14T02:07:26.451+00:00,2026-09-14T02:09:29.796+00:00,2026-09-14T02:09:47.234+00:00,True,270,270.0,,270.0,123345.43688600001,140783.330262,140783.33029800002,521.4197418444445,0.0,123345.43688600001,7502.670485409204,94.58415245,64.8248824386617,27.81366717695441,1.917840695326114,60,64,,False,True,,1101,21.16838264042747
42,2026-09-14T02:07:29.849+00:00,2026-09-14T02:09:36.119+00:00,2026-09-14T02:09:53.516+00:00,True,263,263.0,,263.0,126270.095145,143667.135529,143667.135362,546.2628720988594,0.0,126270.095145,7782.105399532109,94.63514210000001,66.40091749618321,28.567341346770032,1.8306204758075102,60,64,,False,True,,1193,21.16838264042747
43,2026-09-14T02:07:34.182+00:00,2026-09-14T02:09:43.177+00:00,2026-09-14T02:09:50.001+00:00,True,108,108.0,,108.0,128994.64616500001,135818.693269,135818.69334300002,1257.5804939166667,0.0,128994.64616500001,12406.430121631061,94.72157175000001,63.7761411588785,35.869741301609594,0.7951777284890907,60,64,,False,True,,372,21.16838264042747
44,2026-09-14T02:07:37.995+00:00,2026-09-14T02:09:50.794+00:00,2026-09-14T02:10:02.814+00:00,True,178,178.0,,178.0,132798.631947,144818.57946699997,144818.579592,813.5875257977527,34.550007,132798.631947,9948.613073872675,95.3672485,67.90930802259886,22.27757347382017,1.2291240575285516,60,64,,False,True,,853,21.16838264042747
45,2026-09-14T02:07:43.231+00:00,2026-09-14T02:10:00.045+00:00,2026-09-14T02:10:16.557+00:00,True,246,246.0,,246.0,136813.724641,153325.923553,153325.923488,623.2761117398375,0.0,136813.724641,8718.675012157371,95.33132300000001,67.39673025306122,28.864373135948245,1.604425359387876,60,64,,False,True,,886,21.16838264042747
46,2026-09-14T02:07:47.177+00:00,2026-09-14T02:10:07.159+00:00,2026-09-14T02:10:24.222+00:00,True,259,259.0,,259.0,139981.891545,157044.267481,157044.26749,606.348523127413,0.0,139981.891545,8694.163542891421,95.63520999999999,66.1332400620155,62.15877904814189,1.6492165180835723,60,64,,False,True,,764,21.16838264042747
47,2026-09-14T02:07:51.933+00:00,2026-09-14T02:10:15.640+00:00,2026-09-14T02:10:34.743+00:00,True,290,290.0,,290.0,143707.20232100002,162809.75924900002,162809.75932800001,561.4129632,0.016079999999999997,143707.20232100002,8435.081902536793,95.3578255,66.09881289965398,56.093641952105266,1.7812200038725945,60,64,,False,True,,1455,21.16838264042747
48,2026-09-14T02:07:56.984+00:00,2026-09-14T02:10:24.406+00:00,2026-09-14T02:10:33.585+00:00,True,138,138.0,,138.0,147421.93923,156600.81257399998,156600.81237499998,1134.7884954710144,40.637544,147421.93923,12543.70420837405,95.93106964999998,66.99907550364964,21.735301887467877,0.8812214811132582,60,64,,False,True,,658,21.16838264042747
49,2026-09-14T02:08:01.823+00:00,2026-09-14T02:10:32.633+00:00,2026-09-14T02:10:42.203+00:00,True,144,144.0,,144.0,150810.08817899998,160380.55729899998,160380.55717599997,1113.7538692777778,0.0,150810.08817899998,12561.98235541244,95.82551315,66.92635748251747,36.34273553171324,0.8978644445756511,60,64,,False,True,,652,21.16838264042747
50,2026-09-14T02:08:06.483+00:00,2026-09-14T02:10:40.358+00:00,2026-09-14T02:10:56.726+00:00,True,250,250.0,,250.0,153874.53363999998,170242.81984799998,170242.81991099997,680.9712796439999,12.124604,153874.53363999998,9727.74760997443,96.20413945,65.73608918875502,22.152150096463703,1.4684907135772929,60,64,,False,True,,967,21.16838264042747
51,2026-09-14T02:08:10.185+00:00,2026-09-14T02:10:47.447+00:00,2026-09-14T02:10:57.221+00:00,True,149,149.0,,149.0,157262.27162,167036.07846800002,167036.07838800002,1121.0475059597316,11.086466,157262.27162,12878.035517807033,94.7099944,66.03923545945946,21.83290670607268,0.892022857376556,60,64,,False,True,,681,21.16838264042747
52,2026-09-14T02:08:14.760+00:00,2026-09-14T02:10:55.646+00:00,2026-09-14T02:11:08.550+00:00,True,197,197.0,,197.0,160885.89505300001,173789.62574100003,173789.62583200002,882.1808417868021,39.801055999999996,160885.89505300001,11457.974415123044,93.23703179999998,65.83536065306123,21.238378990266916,1.1335544291555733,60,64,,False,True,,941,21.16838264042747
53,2026-09-14T02:08:19.022+00:00,2026-09-14T02:11:03.119+00:00,2026-09-14T02:11:13.979+00:00,True,166,166.0,,166.0,164096.97442500002,174957.196889,174957.19696700003,1053.959017873494,0.0,164096.97442500002,12731.334507530866,94.184014,65.81953008484848,34.992317942293134,0.948803495664812,60,64,,False,True,,751,21.16838264042747
54,2026-09-14T02:08:23.677+00:00,2026-09-14T02:11:11.155+00:00,2026-09-14T02:11:25.259+00:00,True,216,216.0,,216.0,167478.060538,181582.727162,181582.727232,840.6607742222221,39.658017,167478.060538,11390.997293074584,96.52833875,65.60310057674418,22.626683302357968,1.1895404556144509,60,64,,False,True,,1166,21.16838264042747
55,2026-09-14T02:08:27.636+00:00,2026-09-14T02:11:18.470+00:00,2026-09-14T02:11:25.494+00:00,True,106,106.0,,106.0,170834.580148,177857.9445,177857.94443600002,1677.9051361886793,40.881204,170834.580148,16586.440730402068,97.70757849999998,66.8891843047619,23.387992402489772,0.5959812495190508,60,64,,False,True,,507,21.16838264042747
56,2026-09-14T02:08:31.556+00:00,2026-09-14T02:11:25.630+00:00,2026-09-14T02:11:41.309+00:00,True,236,236.0,,236.0,174074.008225,189753.428129,189753.42828,804.0399503389831,0.01557,174074.008225,11327.13064712548,95.41723900000001,66.72093576170212,70.91271628710967,1.2437192957565972,60,64,,False,True,,865,21.16838264042747
57,2026-09-14T02:08:34.738+00:00,2026-09-14T02:11:30.463+00:00,2026-09-14T02:11:40.912+00:00,True,160,160.0,,160.0,175724.914177,186173.630465,186173.630606,1163.5851912875,41.585201999999995,175724.914177,13887.0974260541,95.96200495,65.71519677987422,22.682449921320618,0.8594127943918429,60,64,,False,True,,368,21.16838264042747
58,2026-09-14T02:08:39.970+00:00,2026-09-14T02:11:40.285+00:00,2026-09-14T02:11:55.948+00:00,True,232,232.0,,232.0,180315.354671,195977.696559,195977.69659200002,844.7314508275863,0.0,180315.354671,11833.87351363232,95.38102200000002,67.80234583549785,31.578082365854375,1.1838081785503347,60,64,,False,True,,787,21.16838264042747
59,2026-09-14T02:08:42.949+00:00,2026-09-14T02:11:45.052+00:00,2026-09-14T02:12:04.555+00:00,True,291,291.0,,291.0,182102.787435,201606.33354700002,201606.333661,692.8052703127148,36.739052,182102.787435,10671.136234032188,96.76943049999998,67.25360728275862,22.79193032483339,1.4434070342941872,60,64,,False,True,,1229,21.16838264042747
60,2026-09-14T02:08:47.090+00:00,2026-09-14T02:11:53.002+00:00,2026-09-14T02:12:12.626+00:00,True,288,288.0,,288.0,185912.085461,205535.281877,205535.282035,713.6641737326389,35.363866,185912.085461,10950.969666762181,97.97173585,68.37350667595818,22.92862608685351,1.401219281526322,60,64,,False,True,,1278,21.16838264042747
61,2026-09-14T02:08:51.958+00:00,2026-09-14T02:12:00.714+00:00,2026-09-14T02:12:16.088+00:00,True,230,230.0,,230.0,188755.921976,204130.13484,204130.13478400002,887.5223251478261,0.0,188755.921976,12441.817423238097,98.305635,67.1363007161572,34.397358870502075,1.1267322200138512,60,64,,False,True,,1181,21.16838264042747
62,2026-09-14T02:08:55.136+00:00,2026-09-14T02:12:07.294+00:00,2026-09-14T02:12:22.494+00:00,True,228,228.0,,228.0,192157.102851,207357.739523,207357.739535,909.4637698903509,0.0,192157.102851,12721.524217871001,96.790158,66.96315714537445,33.51102772881888,1.099549023462953,60,64,,False,True,,706,21.16838264042747
63,2026-09-14T02:08:58.489+00:00,2026-09-14T02:12:13.273+00:00,2026-09-14T02:12:32.882+00:00,True,299,299.0,,299.0,194783.804771,214392.811363,214392.81124399998,717.0328135250836,0.0,194783.804771,11260.874672732685,95.49978690000002,65.80203554362416,30.742153578346354,1.3946363131259425,60,64,,False,True,,1225,21.16838264042747
64,2026-09-14T02:09:01.856+00:00,2026-09-14T02:12:18.827+00:00,2026-09-14T02:12:37.417+00:00,True,280,280.0,,280.0,196971.672734,215561.38947,215561.389375,769.8621049107143,38.15054,196971.672734,11767.346503472614,93.6475765,66.62980908960573,21.44572769476394,1.2989339171009937,60,64,,False,True,,1112,21.16838264042747
65,2026-09-14T02:09:05.573+00:00,2026-09-14T02:12:25.554+00:00,2026-09-14T02:12:36.950+00:00,True,175,175.0,,175.0,199981.195628,211376.88663599998,211376.886691,1207.8679239485714,38.935008,199981.195628,15112.221585928979,95.11866500000001,65.49247705747126,21.288566047436444,0.8279050883238595,60,64,,False,True,,920,21.16838264042747
66,2026-09-14T02:09:09.815+00:00,2026-09-14T02:12:34.248+00:00,2026-09-14T02:12:49.349+00:00,True,231,231.0,,231.0,204432.526725,219533.403013,219533.40317900002,950.3610527229438,33.142739999999996,204432.526725,13446.370015416609,94.1764515,65.65598386086957,21.5011085987821,1.0522316733108765,60,64,,False,True,,1126,21.16838264042747
67,2026-09-14T02:09:12.931+00:00,2026-09-14T02:12:39.529+00:00,2026-09-14T02:12:46.412+00:00,True,104,104.0,,104.0,206598.638804,213480.8829,213480.882899,2052.700797105769,41.645482,206598.638804,20252.122059560144,95.31858114999999,66.8179038446602,21.02776700743805,0.4871630592267895,60,64,,False,True,,522,21.16838264042747
68,2026-09-14T02:09:16.902+00:00,2026-09-14T02:12:45.919+00:00,2026-09-14T02:12:55.995+00:00,True,158,158.0,,158.0,209017.40615400003,219093.49652200003,219093.49653800004,1386.667699607595,0.0,209017.40615400003,16623.712597858095,95.97100355,64.17891954140127,97.89289026351673,0.7211533090126871,60,64,,False,True,,778,21.16838264042747
69,2026-09-14T02:09:21.970+00:00,2026-09-14T02:12:55.661+00:00,2026-09-14T02:13:13.918+00:00,True,274,274.0,,274.0,213691.22965599998,231947.95541599998,231947.95542599997,846.5253847664233,38.03124,213691.22965599998,12905.53712217203,94.75189999999999,66.87445333333334,21.508232086369006,1.1812994837940236,60,64,,False,True,,1023,21.16838264042747
70,2026-09-14T02:09:26.995+00:00,2026-09-14T02:13:03.643+00:00,2026-09-14T02:13:16.780+00:00,True,202,202.0,,202.0,216648.251835,229784.411067,229784.411098,1137.5465895940595,31.293874,216648.251835,15238.734672259494,94.27059349999999,65.35402602985074,21.5483041670448,0.8790848737824138,60,64,,False,True,,931,21.16838264042747
71,2026-09-14T02:09:31.228+00:00,2026-09-14T02:13:11.107+00:00,2026-09-14T02:13:19.982+00:00,True,135,135.0,,135.0,219878.51468599998,228754.048254,228754.04834299997,1694.4744321703702,40.293164,219878.51468599998,18918.44127631731,94.60458470000002,66.23532513432836,21.784203489635036,0.5901534903115726,60,64,,False,True,,836,21.16838264042747
72,2026-09-14T02:09:36.011+00:00,2026-09-14T02:13:20.115+00:00,2026-09-14T02:13:30.712+00:00,True,164,164.0,,164.0,224103.556633,234700.454425,234700.454417,1431.1003318109756,39.723735,224103.556633,17494.483665685708,92.98146564999999,65.01164289570552,20.957595057794816,0.6987630271180716,60,64,,False,True,,535,21.16838264042747
73,2026-09-14T02:09:38.949+00:00,2026-09-14T02:13:25.339+00:00,2026-09-14T02:13:36.169+00:00,True,164,164.0,,164.0,226389.829937,237220.539441,237220.539463,1446.466704042683,0.0,226389.829937,17672.935647788316,93.2631655,66.44607057668712,41.538614927703335,0.6913397987647231,60,64,,False,True,,830,21.16838264042747
74,2026-09-14T02:09:42.201+00:00,2026-09-14T02:13:30.213+00:00,2026-09-14T02:13:40.007+00:00,True,149,149.0,,149.0,228012.295088,237806.807984,237806.80794600002,1596.018845275168,0.0,228012.295088,18674.123456967587,92.4971734,66.17914118918918,43.37013775275674,0.6265590176460589,60,64,,False,True,,596,21.16838264042747
75,2026-09-14T02:09:45.615+00:00,2026-09-14T02:13:36.524+00:00,2026-09-14T02:13:54.046+00:00,True,261,261.0,,261.0,230909.581027,248431.24861100002,248431.24858800002,951.8438643218391,40.757303,230909.581027,14288.790173578887,95.022818,67.39102916923078,22.29572786072402,1.050592473608988,60,64,,False,True,,1341,21.16838264042747
76,2026-09-14T02:09:49.085+00:00,2026-09-14T02:13:43.306+00:00,2026-09-14T02:13:56.757+00:00,True,200,200.0,,200.0,234220.788928,247671.101632,247671.10172099998,1238.355508605,39.372746,234220.788928,16557.14676103286,95.55242145,67.58951107537688,22.52623011079184,0.807522551812154,60,64,,False,True,,777,21.16838264042747
77,2026-09-14T02:09:54.123+00:00,2026-09-14T02:13:52.455+00:00,2026-09-14T02:14:09.339+00:00,True,252,252.0,,252.0,238332.41065799998,255215.89917,255215.89936699998,1012.7615054246031,34.405856,238332.41065799998,15009.310112426841,95.98348455,67.26489447011951,22.459294661795674,0.987399299258163,60,64,,False,True,,1350,21.16838264042747
78,2026-09-14T02:09:57.197+00:00,2026-09-14T02:13:57.754+00:00,2026-09-14T02:14:16.418+00:00,True,279,279.0,,279.0,240556.866183,259221.27552700002,259221.275563,929.108514562724,0.0,240556.866183,14397.792117134564,96.17635,67.13816310791367,37.51746098404384,1.0763005445166087,60,64,,False,True,,1033,21.16838264042747
79,2026-09-14T02:10:01.551+00:00,2026-09-14T02:14:06.316+00:00,2026-09-14T02:14:25.049+00:00,True,280,280.0,,280.0,244765.200868,263498.404324,263498.404117,941.0657289892857,0.0,244765.200868,14623.55445136269,96.01335005000001,67.14409840860215,37.74843929251995,1.0626250307599947,60,64,,False,True,,1228,21.16838264042747
80,2026-09-14T02:10:04.949+00:00,2026-09-14T02:14:12.743+00:00,2026-09-14T02:14:31.983+00:00,True,269,269.0,,269.0,247794.271676,267033.713084,267033.713039,992.6903830446097,0.0,247794.271676,15104.205630877386,94.083488,71.78896047761194,95.26187888076807,1.0073634407179946,60,64,,False,True,,1064,21.16838264042747
81,2026-09-14T02:10:09.853+00:00,2026-09-14T02:14:21.315+00:00,2026-09-14T02:14:33.892+00:00,True,190,190.0,,190.0,251461.662747,264038.89461899997,264038.89463,1389.6783927894737,0.015619999999999998,251461.662747,18238.427412931847,94.50402995,66.54620038095238,106.40819855704333,0.7195909537273445,60,64,,False,True,,905,21.16838264042747
82,2026-09-14T02:10:14.136+00:00,2026-09-14T02:14:28.795+00:00,2026-09-14T02:14:45.108+00:00,True,249,249.0,,249.0,254659.345685,270971.759637,270971.759571,1088.2399982771085,0.015220000000000001,254659.345685,16134.470283474457,93.841111,65.77586270967743,91.49166248594824,0.9189149464636689,60,64,,False,True,,907,21.16838264042747
83,2026-09-14T02:10:18.468+00:00,2026-09-14T02:14:35.963+00:00,2026-09-14T02:14:50.161+00:00,True,220,220.0,,220.0,257494.32888400002,271692.66386000003,271692.664041,1234.9666547318182,31.789412,257494.32888400002,17355.906170067537,91.5092166,64.83257979908676,21.348550060792316,0.809738462844044,60,64,,False,True,,939,21.16838264042747
84,2026-09-14T02:10:21.473+00:00,2026-09-14T02:14:41.873+00:00,2026-09-14T02:15:01.465+00:00,True,294,294.0,,294.0,260400.00847099998,279992.14312699996,279992.143125,952.3542283163265,0.0,260400.00847099998,15182.98286936413,96.03504349999999,66.86735377474403,37.33764857670891,1.0500294641005206,60,64,,False,True,,1241,21.16838264042747
85,2026-09-14T02:10:26.537+00:00,2026-09-14T02:14:50.211+00:00,2026-09-14T02:15:02.274+00:00,True,177,177.0,,177.0,263673.955836,275737.03295599995,275737.03303,1557.8363448022599,0.0,263673.955836,19813.84720544999,96.3040196,68.5402109090909,45.01489893150823,0.6419159519579088,60,64,,False,True,,556,21.16838264042747
86,2026-09-14T02:10:31.245+00:00,2026-09-14T02:14:59.533+00:00,2026-09-14T02:15:13.654+00:00,True,211,211.0,,211.0,268288.469828,282409.700676,282409.70067,1338.4346003317535,0.0,268288.469828,18465.125206667646,95.444548,67.24395641904762,23.208365393654724,0.747141473876189,60,64,,False,True,,1032,21.16838264042747
87,2026-09-14T02:10:34.257+00:00,2026-09-14T02:15:03.943+00:00,2026-09-14T02:15:18.224+00:00,True,212,212.0,,212.0,269686.05985900003,283967.16475500003,283967.16478100006,1339.4677584009435,40.693453999999996,269686.05985900003,18517.47948033654,96.24413709999999,67.68296159241706,22.27129166918641,0.7465651889115716,60,64,,False,True,,919,21.16838264042747
88,2026-09-14T02:10:38.903+00:00,2026-09-14T02:15:12.118+00:00,2026-09-14T02:15:25.243+00:00,True,197,197.0,,197.0,273214.856189,286340.095485,286340.095334,1453.503022,41.754242,273214.856189,19460.993927386742,96.18630580000001,66.9655066122449,22.118909063604182,0.6879930652615148,60,64,,False,True,,915,21.16838264042747
89,2026-09-14T02:10:42.268+00:00,2026-09-14T02:15:18.137+00:00,2026-09-14T02:15:25.936+00:00,True,117,117.0,,117.0,275868.972715,283668.676779,283668.676743,2424.5186046410254,41.468042000000004,275868.972715,25497.88946588257,95.8948344,67.23882813793104,22.847588238962636,0.41245301147984037,60,64,,False,True,,404,21.16838264042747
90,2026-09-14T02:10:45.771+00:00,2026-09-14T02:15:24.640+00:00,2026-09-14T02:15:44.661+00:00,True,296,296.0,,296.0,278868.204487,298889.082567,298889.082729,1009.7604146250001,34.284207,278868.204487,16204.955847237594,97.1690265,67.8673833220339,22.38796466569908,0.9903339307605777,60,64,,False,True,,1010,21.16838264042747
91,2026-09-14T02:10:48.721+00:00,2026-09-14T02:15:30.340+00:00,2026-09-14T02:15:38.723+00:00,True,120,120.0,,120.0,281618.249191,290001.75715900003,290001.757276,2416.6813106333334,40.925053,281618.249191,25701.68930878363,96.31569549999999,70.44964678991596,21.804216032552837,0.413790596221137,60,64,,False,True,,662,21.16838264042747
92,2026-09-14T02:10:52.679+00:00,2026-09-14T02:15:37.406+00:00,2026-09-14T02:15:47.978+00:00,True,158,158.0,,158.0,284727.175852,295299.100844,295299.100824,1868.9816507848102,30.897325000000002,284727.175852,22646.331246401485,96.24886814999999,67.3371018598726,21.797468393799317,0.5350507317781097,60,64,,False,True,,697,21.16838264042747
93,2026-09-14T02:10:55.845+00:00,2026-09-14T02:15:42.105+00:00,2026-09-14T02:15:55.231+00:00,True,203,203.0,,203.0,286259.442053,299385.545605,299385.54571,1474.8056438916256,0.0,286259.442053,20086.961407429942,94.4949832,64.98071065346535,44.05663912218676,0.6780554471652145,60,64,,False,True,,1186,21.16838264042747
94,2026-09-14T02:10:58.970+00:00,2026-09-14T02:15:48.430+00:00,2026-09-14T02:15:56.032+00:00,True,117,117.0,,117.0,289459.70871499996,297061.32817099994,297061.328276,2538.9857117606834,0.0,289459.70871499996,26754.55761705818,95.13911900000001,65.53120220689655,55.19422846439451,0.3938580653374386,60,64,,False,True,,602,21.16838264042747
95,2026-09-14T02:11:01.887+00:00,2026-09-14T02:15:54.153+00:00,2026-09-14T02:16:01.915+00:00,False,110,109.0,,109.0,292265.224222,300028.097822,300028.09775,2727.528161363636,0.03091,292265.224222,27859.61355221414,93.4622555,71.21902385321101,21.5735874854071,0.3632993069358033,60,64,,False,False,Request timeout: 300.0s exceeded,524,21.16838264042747
96,2026-09-14T02:11:05.826+00:00,2026-09-14T02:15:58.776+00:00,2026-09-14T02:16:05.892+00:00,False,101,100.0,,100.0,292950.276686,300066.316622,300066.316454,2970.953628257426,0.023510000000000003,292950.276686,29142.568297381495,90.412349,71.16039936,20.305173508325367,0.3332596644826755,60,64,,False,False,Request timeout: 300.0s exceeded,547,21.16838264042747
97,2026-09-14T02:11:11.122+00:00,2026-09-14T02:16:04.728+00:00,2026-09-14T02:16:11.160+00:00,False,95,94.0,,94.0,293605.21713099995,300037.749355,300037.749286,3158.2920977473677,0.031010000000000003,293605.21713099995,30116.245277990158,87.50888869999999,68.43119387234043,19.872379946811773,0.31329391118975725,60,64,,False,False,Request timeout: 300.0s exceeded,465,21.16838264042747
98,2026-09-14T02:11:15.666+00:00,2026-09-14T02:16:09.985+00:00,2026-09-14T02:16:15.686+00:00,False,87,86.0,,86.0,294319.299768,300019.582904,300019.582913,3448.5009530229886,0.039659999999999994,294319.299768,31547.241488335025,87.87756499999999,66.28236204651162,20.605087749188385,0.2866479553353629,60,64,,False,False,Request timeout: 300.0s exceeded,306,21.16838264042747
99,2026-09-14T02:11:18.568+00:00,2026-09-14T02:16:12.304+00:00,2026-09-14T02:16:18.643+00:00,False,96,95.0,,95.0,293735.876026,300075.289018,300075.28896000003,3125.7842600000004,0.02264,293735.876026,29972.48821140888,86.92782350000002,66.73066307368421,19.95407048968774,0.3165872148649382,60,64,,False,False,Request timeout: 300.0s exceeded,456,21.16838264042747
100,2026-09-14T02:11:22.577+00:00,2026-09-14T02:16:16.441+00:00,2026-09-14T02:16:22.657+00:00,False,90,89.0,,89.0,293863.927899,300079.865435,300079.865392,3334.220726577778,0.03716,293863.927899,30968.62230635952,90.03076995,69.84199478651686,20.15998872192986,0.29658770964517844,60,64,,False,False,Request timeout: 300.0s exceeded,404,21.16838264042747
101,2026-09-14T02:11:26.038+00:00,2026-09-14T02:16:20.205+00:00,2026-09-14T02:16:26.063+00:00,False,88,87.0,,87.0,294167.100365,300024.783053,300024.782949,3409.372533511364,0.02278,294167.100365,31351.14773798437,88.8628047,67.32968606896553,20.83483529844723,0.2899760450276912,60,64,,False,False,Request timeout: 300.0s exceeded,415,21.16838264042747
102,2026-09-14T02:11:31.033+00:00,2026-09-14T02:16:24.630+00:00,2026-09-14T02:16:31.047+00:00,False,101,100.0,,100.0,293597.121486,300013.483726,300013.48367600003,2970.4305314455446,0.02249,293597.121486,29207.628088942372,88.92741199999999,64.1636224,20.50573878370266,0.3333183520888989,60,64,,False,False,Request timeout: 300.0s exceeded,474,21.16838264042747
103,2026-09-14T02:11:34.910+00:00,2026-09-14T02:16:29.106+00:00,2026-09-14T02:16:34.919+00:00,False,98,97.0,,97.0,294195.35048699996,300008.992215,300008.992223,3061.316247173469,0.01607,294195.35048699996,29712.586596807374,91.53149735,59.93445080412371,159.31289100121202,0.32332364201432146,60,64,,False,False,Request timeout: 300.0s exceeded,336,21.16838264042747
104,2026-09-14T02:11:38.349+00:00,2026-09-14T02:16:33.006+00:00,2026-09-14T02:16:38.404+00:00,False,83,82.0,,82.0,294656.692959,300054.291679,300054.291585,3615.111946807229,0.04902,294656.692959,32335.554957989036,88.3797911,65.82437463414634,20.257381866385884,0.27328387653166486,60,64,,False,False,Request timeout: 300.0s exceeded,304,21.16838264042747
105,2026-09-14T02:11:41.226+00:00,2026-09-14T02:16:35.214+00:00,2026-09-14T02:16:41.239+00:00,False,85,84.0,,84.0,293987.3665,300012.714084,300012.713868,3529.5613396235294,0.02721,293987.3665,31879.632490228214,89.5265444,71.73032838095239,19.232964992733947,0.27998813402448336,60,64,,False,False,Request timeout: 300.0s exceeded,343,21.16838264042747
106,2026-09-14T02:11:44.448+00:00,2026-09-14T02:16:38.112+00:00,2026-09-14T02:16:44.484+00:00,False,98,97.0,,97.0,293663.491687,300035.643751,300035.643621,3061.5882002142853,0.0,293663.491687,29657.925449528473,88.84272270000001,65.69228931958763,64.32388461488512,0.3232949218543529,60,64,,False,False,Request timeout: 300.0s exceeded,365,21.16838264042747
107,2026-09-14T02:11:48.730+00:00,2026-09-14T02:16:42.777+00:00,2026-09-14T02:16:48.745+00:00,False,104,103.0,,103.0,294047.217427,300014.446355,300014.44647799997,2884.7542930576924,0.0,294047.217427,28828.03448642916,90.09143195,57.9342614368932,28.028525964035925,0.3433168010787138,60,64,,False,False,Request timeout: 300.0s exceeded,467,21.16838264042747
108,2026-09-14T02:11:52.247+00:00,2026-09-14T02:16:45.752+00:00,2026-09-14T02:16:52.328+00:00,False,97,96.0,,96.0,293505.179853,300081.547469,300081.54737499997,3093.624199742268,0.04164,293505.179853,29793.987427472945,90.0341594,68.50382933333333,20.61310694326183,0.3199130396710491,60,64,,False,False,Request timeout: 300.0s exceeded,314,21.16838264042747
109,2026-09-14T02:11:56.959+00:00,2026-09-14T02:16:50.973+00:00,2026-09-14T02:16:57.046+00:00,False,89,88.0,,88.0,294013.36265499995,300086.9375669999,300086.93760999996,3371.7633439325837,0.03829,294013.36265499995,31158.044834184384,88.37046499999998,69.01789672727273,20.405484426535114,0.29324835233906965,60,64,,False,False,Request timeout: 300.0s exceeded,395,21.16838264042747
110,2026-09-14T02:12:00.409+00:00,2026-09-14T02:16:54.078+00:00,2026-09-14T02:17:00.425+00:00,False,92,91.0,,91.0,293668.85606300004,300015.804415,300015.80429000006,3261.0413509782616,0.023960000000000002,293668.85606300004,30609.82985339603,89.5320015,69.7466851868132,20.400507979318586,0.30331735415552735,60,64,,False,False,Request timeout: 300.0s exceeded,361,21.16838264042747
111,2026-09-14T02:12:03.751+00:00,2026-09-14T02:16:57.740+00:00,2026-09-14T02:17:03.800+00:00,False,92,91.0,,91.0,293988.55807599996,300048.30309999996,300048.30310099997,3261.394598923913,0.02583,293988.55807599996,30643.489975499662,90.093433,66.59060465934066,20.166090801888107,0.303284501394669,60,64,,False,False,Request timeout: 300.0s exceeded,393,21.16838264042747
112,2026-09-14T02:12:06.946+00:00,2026-09-14T02:17:00.640+00:00,2026-09-14T02:17:07.017+00:00,False,92,91.0,,91.0,293693.544132,300070.912196,300070.912244,3261.640350478261,0.03601,293693.544132,30612.368917565374,89.88456249999999,70.08096773626373,20.411393550359946,0.30326165016808,60,64,,False,False,Request timeout: 300.0s exceeded,436,21.16838264042747
113,2026-09-14T02:12:11.520+00:00,2026-09-14T02:17:05.461+00:00,2026-09-14T02:17:11.534+00:00,False,87,86.0,,86.0,293940.551218,300013.95742600004,300013.95756300003,3448.4362938275863,0.026809999999999997,293940.551218,31506.16960517881,88.4097583,70.62100241860466,19.600071049480256,0.28665333019118727,60,64,,False,False,Request timeout: 300.0s exceeded,419,21.16838264042747
114,2026-09-14T02:12:16.718+00:00,2026-09-14T02:17:10.813+00:00,2026-09-14T02:17:16.746+00:00,False,87,86.0,,86.0,294095.631273,300028.346281,300028.346196,3448.601680413793,0.03687,294095.631273,31522.97184219872,89.5880386,68.98505823255815,20.43066976192524,0.2866395827794694,60,64,,False,False,Request timeout: 300.0s exceeded,409,21.16838264042747
115,2026-09-14T02:12:19.782+00:00,2026-09-14T02:17:13.610+00:00,2026-09-14T02:17:19.858+00:00,False,93,92.0,,92.0,293828.434241,300076.472129,300076.47220699996,3226.628733408602,0.041890000000000004,293828.434241,30461.553801814534,88.13925360000002,67.91345530434783,20.48721027076352,0.30658851507841667,60,64,,False,False,Request timeout: 300.0s exceeded,301,21.16838264042747
116,2026-09-14T02:12:25.053+00:00,2026-09-14T02:17:18.583+00:00,2026-09-14T02:17:25.079+00:00,False,95,94.0,,94.0,293530.23641500005,300025.76102300006,300025.760858,3158.1659037684217,0.04333,293530.23641500005,30108.483661659888,87.72499540000001,69.10132561702127,19.864846940924224,0.313306429686196,60,64,,False,False,Request timeout: 300.0s exceeded,501,21.16838264042747
117,2026-09-14T02:12:29.123+00:00,2026-09-14T02:17:22.936+00:00,2026-09-14T02:17:29.130+00:00,False,92,91.0,,91.0,293812.74483,300007.33350199996,300007.333361,3260.9492756630434,0.040490000000000005,293812.74483,30625.00579389462,89.92529505,68.072402989011,20.319678420444973,0.3033259185292328,60,64,,False,False,Request timeout: 300.0s exceeded,345,21.16838264042747
118,2026-09-14T02:12:33.394+00:00,2026-09-14T02:17:27.387+00:00,2026-09-14T02:17:33.412+00:00,False,89,88.0,,88.0,293992.617522,300017.975858,300017.97589,3370.9884931460674,0.02137,293992.617522,31155.903249753937,87.90799780000002,68.46998109090909,19.320048365343432,0.2933157579919506,60,64,,False,False,Request timeout: 300.0s exceeded,418,21.16838264042747
119,2026-09-14T02:12:38.613+00:00,2026-09-14T02:17:32.486+00:00,2026-09-14T02:17:38.647+00:00,False,96,95.0,,95.0,293872.780016,300033.901808,300033.901791,3125.35314365625,0.0,293872.780016,29986.718262993134,87.52415,64.8539136,66.23207434070575,0.3166308854683799,60,64,,False,False,Request timeout: 300.0s exceeded,433,21.16838264042747
120,2026-09-14T02:12:42.056+00:00,2026-09-14T02:17:35.884+00:00,2026-09-14T02:17:42.130+00:00,False,96,95.0,,95.0,293828.45874699997,300074.434555,300074.434561,3125.7753600104165,0.0,293828.45874699997,29982.103132384884,89.88341150000001,65.74711376842106,66.0215896043744,0.3165881163481378,60,64,,False,False,Request timeout: 300.0s exceeded,447,21.16838264042747
121,2026-09-14T02:12:45.370+00:00,2026-09-14T02:17:38.970+00:00,2026-09-14T02:17:45.403+00:00,False,91,90.0,,90.0,293599.499699,300032.495283,300032.49547799997,3297.0603898681316,0.04136,293599.499699,30770.103235627743,89.0390165,71.47772871111111,18.961492344421934,0.29996750823643015,60,64,,False,False,Request timeout: 300.0s exceeded,448,21.16838264042747
122,2026-09-14T02:12:49.420+00:00,2026-09-14T02:17:43.328+00:00,2026-09-14T02:17:49.461+00:00,False,91,90.0,,90.0,293907.86645,300040.886098,300040.886046,3297.1525939120875,0.02259,293907.86645,30802.77921389758,91.015133,68.14466275555556,20.48541210454536,0.2999591194734841,60,64,,False,False,Request timeout: 300.0s exceeded,378,21.16838264042747
123,2026-09-14T02:12:52.639+00:00,2026-09-14T02:17:46.671+00:00,2026-09-14T02:17:52.645+00:00,False,90,89.0,,89.0,294031.643287,300006.433175,300006.433396,3333.4048155111113,0.023530000000000002,294031.643287,30986.587276734786,90.7704059,67.13247065168538,21.088958723191322,0.2966603051078056,60,64,,False,False,Request timeout: 300.0s exceeded,411,21.16838264042747
124,2026-09-14T02:12:56.223+00:00,2026-09-14T02:17:49.971+00:00,2026-09-14T02:17:56.312+00:00,False,98,97.0,,97.0,293748.806822,300089.13475800003,300089.134806,3062.134028632653,0.03456,293748.806822,29666.515007951224,90.07251204999999,65.3642055257732,20.952568146623406,0.3232372944066216,60,64,,False,False,Request timeout: 300.0s exceeded,446,21.16838264042747
125,2026-09-14T02:12:59.565+00:00,2026-09-14T02:17:53.783+00:00,2026-09-14T02:17:59.572+00:00,False,87,86.0,,86.0,294217.38106800005,300007.12954800006,300007.12957700004,3448.3578112298856,0.02244,294217.38106800005,31536.20329933206,88.919519,67.32265674418605,20.869098548214442,0.2866598541493672,60,64,,False,False,Request timeout: 300.0s exceeded,480,21.16838264042747
126,2026-09-14T02:13:04.628+00:00,2026-09-14T02:17:58.455+00:00,2026-09-14T02:18:04.633+00:00,False,91,90.0,,90.0,293827.06726,300005.178748,300005.17865699995,3296.760205021978,0.025158999999999997,293827.06726,30794.256338668103,88.13537400000001,68.64568320000001,20.02515658937541,0.29999482134139654,60,64,,False,False,Request timeout: 300.0s exceeded,438,21.16838264042747
127,2026-09-14T02:13:08.259+00:00,2026-09-14T02:18:02.382+00:00,2026-09-14T02:18:08.314+00:00,False,84,83.0,,83.0,294123.04203899996,300055.14571899996,300055.14564899995,3572.0850672499996,0.019420000000000003,294123.04203899996,32083.66310072458,90.6452225,71.4711286746988,20.369567614059374,0.27661581940584035,60,64,,False,False,Request timeout: 300.0s exceeded,454,21.16838264042747
128,2026-09-14T02:13:11.705+00:00,2026-09-14T02:18:05.372+00:00,2026-09-14T02:18:11.718+00:00,False,91,90.0,,90.0,293666.260326,300013.090406,300013.090238,3296.8471454725272,0.03621,293666.260326,30777.20280742549,88.720968,70.52033422222222,20.22462231886505,0.2999869101651709,60,64,,False,False,Request timeout: 300.0s exceeded,445,21.16838264042747
129,2026-09-14T02:13:14.639+00:00,2026-09-14T02:18:08.660+00:00,2026-09-14T02:18:14.668+00:00,False,90,89.0,,89.0,294021.251487,300029.70383899997,300029.70397499995,3333.6633774999996,0.0256,294021.251487,30985.451752460707,88.0075999,67.51070058426966,20.693254450533722,0.296637295778416,60,64,,False,False,Request timeout: 300.0s exceeded,384,21.16838264042747
130,2026-09-14T02:13:17.563+00:00,2026-09-14T02:18:11.333+00:00,2026-09-14T02:18:17.649+00:00,False,96,95.0,,95.0,293769.43573100003,300085.433427,300085.43350800005,3125.889932375,0.02264,293769.43573100003,29975.939133211017,88.29988875,66.48418627368422,20.835977639605705,0.31657651261206615,60,64,,False,False,Request timeout: 300.0s exceeded,374,21.16838264042747
131,2026-09-14T02:13:21.502+00:00,2026-09-14T02:18:14.894+00:00,2026-09-14T02:18:21.579+00:00,False,99,98.0,,98.0,293392.438071,300077.394231,300077.394147,3031.084789363636,0.03336,293392.438071,29480.20031581296,89.13857489999998,68.21383836734694,19.778658397657686,0.3265824146838581,60,64,,False,False,Request timeout: 300.0s exceeded,504,21.16838264042747
132,2026-09-14T02:13:25.210+00:00,2026-09-14T02:18:18.795+00:00,2026-09-14T02:18:25.285+00:00,False,98,97.0,,97.0,293584.371094,300074.435734,300074.435594,3061.9840366734693,0.037700000000000004,293584.371094,29649.747773509975,88.40369249999999,66.90788288659793,19.79548899074474,0.3232531280538184,60,64,,False,False,Request timeout: 300.0s exceeded,472,21.16838264042747
133,2026-09-14T02:13:29.428+00:00,2026-09-14T02:18:22.911+00:00,2026-09-14T02:18:29.453+00:00,False,94,93.0,,93.0,293483.53857200005,300025.67463600007,300025.67484200007,3191.7624983191495,0.03954,293483.53857200005,30263.26660507597,90.04790229999999,70.34554907526882,19.917296762984638,0.3099734718131384,60,64,,False,False,Request timeout: 300.0s exceeded,454,21.16838264042747
134,2026-09-14T02:13:33.337+00:00,2026-09-14T02:18:26.852+00:00,2026-09-14T02:18:33.346+00:00,False,98,97.0,,97.0,293514.762929,300008.559025,300008.55904100003,3061.3118269489796,0.0,293514.762929,29642.772105282005,92.29139435,66.94635150515464,62.993953818154644,0.3233241088695636,60,64,,False,False,Request timeout: 300.0s exceeded,482,21.16838264042747
135,2026-09-14T02:13:36.539+00:00,2026-09-14T02:18:30.070+00:00,2026-09-14T02:18:36.559+00:00,False,101,100.0,,100.0,293531.319051,300020.160523,300020.160502,2970.496638633663,0.0,293531.319051,29201.066590857,93.33220299999999,64.88841472,62.08241326467981,0.33331093425747915,60,64,,False,False,Request timeout: 300.0s exceeded,391,21.16838264042747
136,2026-09-14T02:13:40.606+00:00,2026-09-14T02:18:34.442+00:00,2026-09-14T02:18:40.638+00:00,False,90,89.0,,89.0,293836.354969,300032.151449,300032.15129999997,3333.6905699999998,0.01982,293836.354969,30965.739998344357,90.28070340000001,69.61569078651686,20.588433239755325,0.29663487586305687,60,64,,False,False,Request timeout: 300.0s exceeded,119,21.16838264042747
137,2026-09-14T02:13:45.333+00:00,2026-09-14T02:18:39.079+00:00,2026-09-14T02:18:45.372+00:00,False,98,97.0,,97.0,293746.556781,300039.216237,300039.216056,3061.624653632653,0.09497,293746.556781,29666.337453244072,89.8319767,64.87277789690722,21.083500195114276,0.32329107246894023,60,64,,False,False,Request timeout: 300.0s exceeded,472,21.16838264042747
138,2026-09-14T02:13:50.003+00:00,2026-09-14T02:18:44.018+00:00,2026-09-14T02:18:50.046+00:00,False,92,91.0,,91.0,294014.658175,300042.54015899997,300042.540089,3261.33195748913,0.0249,294014.658175,30646.248371812344,91.1756787,66.24046136263736,21.31418429881182,0.303290326604277,60,64,,False,False,Request timeout: 300.0s exceeded,237,21.16838264042747
139,2026-09-14T02:13:54.470+00:00,2026-09-14T02:18:48.002+00:00,2026-09-14T02:18:54.498+00:00,False,94,93.0,,93.0,293532.693538,300027.863842,300027.863795,3191.7857850531914,0.022969999999999997,293532.693538,30268.38851100574,89.540828,69.84054090322581,19.718888384498158,0.3099712100372632,60,64,,False,False,Request timeout: 300.0s exceeded,489,21.16838264042747
140,2026-09-14T02:13:57.367+00:00,2026-09-14T02:18:50.854+00:00,2026-09-14T02:18:57.431+00:00,False,100,99.0,,99.0,293487.02129400003,300064.27083000005,300064.27072800003,3000.64270728,0.03875,293487.02129400003,29342.06486295704,88.79594395,66.436864,19.50866751183422,0.32992931722980096,60,64,,False,False,Request timeout: 300.0s exceeded,501,21.16838264042747
141,2026-09-14T02:14:02.143+00:00,2026-09-14T02:18:56.331+00:00,2026-09-14T02:19:02.193+00:00,False,95,94.0,,94.0,294187.491781,300049.797573,300049.797456,3158.4189205894736,0.015470000000000001,294187.491781,30177.192412144796,91.7649683,62.364955234042554,189.89445895339978,0.31328133116680557,60,64,,False,False,Request timeout: 300.0s exceeded,414,21.16838264042747
142,2026-09-14T02:14:05.388+00:00,2026-09-14T02:19:00.145+00:00,2026-09-14T02:19:05.470+00:00,False,82,81.0,,81.0,294757.02853899996,300082.37509899994,300082.37520099996,3659.5411609878042,0.021920000000000002,294757.02853899996,32543.216010619773,91.2396675,65.74501925925927,22.7456012220186,0.2699258827622827,60,64,,False,False,Request timeout: 300.0s exceeded,327,21.16838264042747
143,2026-09-14T02:14:09.060+00:00,2026-09-14T02:19:02.634+00:00,2026-09-14T02:19:09.156+00:00,False,99,98.0,,98.0,293574.242522,300096.68501799996,300096.685002,3031.2796464848484,0.03031,293574.242522,29498.639323298397,88.50033700000002,66.5555356734694,20.242083324639047,0.32656142134366434,60,64,,False,False,Request timeout: 300.0s exceeded,515,21.16838264042747
144,2026-09-14T02:14:12.855+00:00,2026-09-14T02:19:06.675+00:00,2026-09-14T02:19:12.899+00:00,False,90,89.0,,89.0,293819.684763,300043.469211,300043.469424,3333.816326933333,0.023059999999999997,293819.684763,30963.948853386984,88.11727745,69.93016233707864,19.328993026440905,0.2966236866745878,60,64,,False,False,Request timeout: 300.0s exceeded,432,21.16838264042747
145,2026-09-14T02:14:17.507+00:00,2026-09-14T02:19:11.391+00:00,2026-09-14T02:19:17.535+00:00,False,89,88.0,,88.0,293883.53037,300027.96301,300027.963109,3371.1007090898875,0.02529,293883.53037,31144.19703611305,89.5548744,69.82309818181818,20.007831200996765,0.2933059942718304,60,64,,False,False,Request timeout: 300.0s exceeded,375,21.16838264042747
146,2026-09-14T02:14:22.718+00:00,2026-09-14T02:19:16.477+00:00,2026-09-14T02:19:22.749+00:00,False,91,90.0,,90.0,293759.46123,300031.666798,300031.6669,3297.0512846153847,0.04282,293759.46123,30787.05993435365,90.871078,69.69117297777778,20.378288163369668,0.2999683365442675,60,64,,False,False,Request timeout: 300.0s exceeded,358,21.16838264042747
147,2026-09-14T02:14:26.731+00:00,2026-09-14T02:19:20.867+00:00,2026-09-14T02:19:26.799+00:00,False,92,91.0,,91.0,294136.69207700004,300067.833709,300067.83355900005,3261.60688651087,0.0,294136.69207700004,30659.15290294411,90.54217120000001,65.17738057142857,69.59182693282435,0.3032647614214126,60,64,,False,False,Request timeout: 300.0s exceeded,418,21.16838264042747
148,2026-09-14T02:14:31.919+00:00,2026-09-14T02:19:24.356+00:00,2026-09-14T02:19:31.979+00:00,False,122,121.0,,121.0,292436.957357,300059.38935699995,300059.389242,2459.5031905081964,0.0,292436.957357,26470.365383588545,89.67698305,62.99530578512397,61.39272710335304,0.4032535034457413,60,64,,False,False,Request timeout: 300.0s exceeded,507,21.16838264042747
149,2026-09-14T02:14:34.573+00:00,2026-09-14T02:19:28.512+00:00,2026-09-14T02:19:34.593+00:00,False,101,100.0,,100.0,293939.11183999997,300020.13481599995,300020.134944,2970.496385584158,0.02534,293939.11183999997,29241.990845808275,87.605065,60.81022976,20.183820120679048,0.3333109628169764,60,64,,False,False,Request timeout: 300.0s exceeded,479,21.16838264042747
150,2026-09-14T02:14:38.928+00:00,2026-09-14T02:19:33.299+00:00,2026-09-14T02:19:38.965+00:00,False,87,86.0,,86.0,294370.906354,300037.11742599995,300037.117407,3448.7024989310344,0.039310000000000005,294370.906354,31552.816261237927,87.72868919999999,65.88617525581395,19.801737813465586,0.2866312032917418,60,64,,False,False,Request timeout: 300.0s exceeded,127,21.16838264042747
151,2026-09-14T02:14:43.209+00:00,2026-09-14T02:19:36.812+00:00,2026-09-14T02:19:43.247+00:00,False,99,98.0,,98.0,293603.101164,300037.774316,300037.77438,3030.6845896969694,0.041479999999999996,293603.101164,29501.629786333815,88.3928299,65.65993012244898,20.314717617553626,0.3266255398121516,60,64,,False,False,Request timeout: 300.0s exceeded,521,21.16838264042747
152,2026-09-14T02:14:47.596+00:00,2026-09-14T02:19:41.375+00:00,2026-09-14T02:19:47.663+00:00,False,98,97.0,,97.0,293779.241368,300067.32252,300067.322526,3061.9114543469386,0.0352,293779.241368,29669.64332265991,87.8832432,64.82557888659794,20.302224745150998,0.32326079089646553,60,64,,False,False,Request timeout: 300.0s exceeded,474,21.16838264042747
153,2026-09-14T02:14:50.644+00:00,2026-09-14T02:19:44.291+00:00,2026-09-14T02:19:50.658+00:00,False,100,99.0,,99.0,293647.072777,300013.801737,300013.801859,3000.1380185900002,0.034939,293647.072777,29358.283589966304,88.97082234999999,64.31039353535354,20.882388478124916,0.3299848187877237,60,64,,False,False,Request timeout: 300.0s exceeded,545,21.16838264042747
154,2026-09-14T02:14:55.411+00:00,2026-09-14T02:19:49.096+00:00,2026-09-14T02:19:55.446+00:00,False,92,91.0,,91.0,293685.41063700005,300034.79098900006,300034.790878,3261.2477269347833,0.052520000000000004,293685.41063700005,30611.552727892966,88.91982200000001,69.77341046153846,19.982860533355158,0.3032981598568556,60,64,,False,False,Request timeout: 300.0s exceeded,224,21.16838264042747
155,2026-09-14T02:14:59.534+00:00,2026-09-14T02:19:53.190+00:00,2026-09-14T02:19:59.627+00:00,False,94,93.0,,93.0,293655.762014,300092.97135799995,300092.971249,3192.478417542553,0.039990000000000005,293655.762014,30281.145958196175,87.77564215000001,69.21730477419355,19.126037866770478,0.3099039593601624,60,64,,False,False,Request timeout: 300.0s exceeded,450,21.16838264042747
156,2026-09-14T02:15:02.952+00:00,2026-09-14T02:19:56.740+00:00,2026-09-14T02:20:02.967+00:00,False,95,94.0,,94.0,293788.178922,300015.48439399997,300015.484446,3158.0577310105264,0.02477,293788.178922,30135.241319705317,88.7850867,66.2479305531915,20.719053772919487,0.31331716157874384,60,64,,False,False,Request timeout: 300.0s exceeded,417,21.16838264042747
157,2026-09-14T02:15:07.103+00:00,2026-09-14T02:20:00.891+00:00,2026-09-14T02:20:07.124+00:00,False,93,92.0,,92.0,293788.074513,300021.305361,300021.30555600004,3226.0355436129034,0.020550000000000002,293788.074513,30457.38525731293,88.6956266,67.75250921739129,20.297238225510874,0.3066448893997751,60,64,,False,False,Request timeout: 300.0s exceeded,294,21.16838264042747
158,2026-09-14T02:15:11.968+00:00,2026-09-14T02:20:05.679+00:00,2026-09-14T02:20:12.054+00:00,False,99,98.0,,98.0,293710.852538,300085.35058599996,300085.350422,3031.1651557777777,0.02891,293710.852538,29512.521320421714,89.9770559,65.0458984489796,20.89834039252396,0.32657375579523557,60,64,,False,False,Request timeout: 300.0s exceeded,503,21.16838264042747
159,2026-09-14T02:15:16.955+00:00,2026-09-14T02:20:10.424+00:00,2026-09-14T02:20:16.996+00:00,False,96,95.0,,95.0,293469.5387,300041.08942,300041.089339,3125.4280139479165,0.0222,293469.5387,29945.056091764545,89.64999575,69.17421810526317,20.267213430524404,0.3166233004407547,60,64,,False,False,Request timeout: 300.0s exceeded,368,21.16838264042747
160,2026-09-14T02:15:21.049+00:00,2026-09-14T02:20:14.512+00:00,2026-09-14T02:20:21.065+00:00,False,95,94.0,,94.0,293463.067522,300016.375426,300016.375519,3158.0671107263156,0.02932,293463.067522,30101.529205321887,89.3537601,69.7160415319149,19.855660174742635,0.31331623104414646,60,64,,False,False,Request timeout: 300.0s exceeded,364,21.16838264042747
161,2026-09-14T02:15:24.589+00:00,2026-09-14T02:20:17.868+00:00,2026-09-14T02:20:24.615+00:00,False,103,102.0,,102.0,293278.07235000003,300025.65788600006,300025.65806600003,2912.8704666601943,0.0,293278.07235000003,28891.101814238635,90.34282509999998,66.15279937254903,65.22755421742407,0.33997092354933417,60,64,,False,False,Request timeout: 300.0s exceeded,542,21.16838264042747
162,2026-09-14T02:15:27.599+00:00,2026-09-14T02:20:21.280+00:00,2026-09-14T02:20:27.610+00:00,False,98,97.0,,97.0,293680.916051,300010.259539,300010.25969000004,3061.329180510204,0.0,293680.916051,29659.734362355386,89.57285900000001,65.25096379381444,66.25637976202032,0.32332227620832554,60,64,,False,False,Request timeout: 300.0s exceeded,399,21.16838264042747
163,2026-09-14T02:15:31.238+00:00,2026-09-14T02:20:24.616+00:00,2026-09-14T02:20:31.289+00:00,False,100,99.0,,99.0,293377.96448699996,300050.165703,300050.16553199996,3000.50165532,0.0338,293377.96448699996,29331.063272777505,86.83290054999999,67.39597187878788,19.506861886854605,0.32994482695268235,60,64,,False,False,Request timeout: 300.0s exceeded,460,21.16838264042747
164,2026-09-14T02:15:34.347+00:00,2026-09-14T02:20:27.743+00:00,2026-09-14T02:20:34.426+00:00,False,98,97.0,,97.0,293396.28018199996,300079.636342,300079.636203,3062.0371041122444,0.03818,293396.28018199996,29630.546548707258,89.56603505000001,68.90057896907216,19.96865014462531,0.32324752583160743,60,64,,False,False,Request timeout: 300.0s exceeded,474,21.16838264042747
165,2026-09-14T02:15:38.223+00:00,2026-09-14T02:20:31.593+00:00,2026-09-14T02:20:38.259+00:00,False,92,91.0,,91.0,293370.192093,300035.901661,300035.901573,3261.259799706522,0.02532,293370.192093,30578.32573018521,90.22872905,73.2495556923077,18.726478253914582,0.3032970371086381,60,64,,False,False,Request timeout: 300.0s exceeded,485,21.16838264042747
166,2026-09-14T02:15:43.081+00:00,2026-09-14T02:20:36.950+00:00,2026-09-14T02:20:43.128+00:00,False,87,86.0,,86.0,293869.20604,300046.62479200005,300046.62476100004,3448.8117788620693,0.03558,293869.20604,31498.39085752108,89.63213459999999,71.83045060465116,19.474602935744937,0.28662212101075085,60,64,,False,False,Request timeout: 300.0s exceeded,456,21.16838264042747
167,2026-09-14T02:15:47.731+00:00,2026-09-14T02:20:41.257+00:00,2026-09-14T02:20:47.813+00:00,False,96,95.0,,95.0,293525.800125,300081.913021,300081.912956,3125.8532599583336,0.044719999999999996,293525.800125,29950.81468153692,88.99282249999999,69.01171469473684,20.038928266225057,0.3165802265241885,60,64,,False,False,Request timeout: 300.0s exceeded,505,21.16838264042747
168,2026-09-14T02:15:51.144+00:00,2026-09-14T02:20:44.685+00:00,2026-09-14T02:20:51.191+00:00,False,96,95.0,,95.0,293540.101339,300046.664923,300046.664725,3125.4860908854166,0.044219999999999995,293540.101339,29952.328909143456,90.78871299999999,68.49014298947368,22.030072293961794,0.3166174169087317,60,64,,False,False,Request timeout: 300.0s exceeded,231,21.16838264042747
169,2026-09-14T02:15:55.595+00:00,2026-09-14T02:20:49.508+00:00,2026-09-14T02:20:55.630+00:00,False,94,93.0,,93.0,293913.018849,300034.302433,300034.302387,3191.854280712766,0.03762,293913.018849,30308.032282165583,91.65774115,65.82025359139786,22.006668139953035,0.30996455820503266,60,64,,False,False,Request timeout: 300.0s exceeded,353,21.16838264042747
170,2026-09-14T02:15:59.217+00:00,2026-09-14T02:20:53.431+00:00,2026-09-14T02:20:59.275+00:00,False,85,84.0,,84.0,294214.527857,300058.070129,300058.070293,3530.0949446235295,0.02904,294214.527857,31904.50667493758,87.78865279999998,69.56597942857144,19.770213728135687,0.2799458117020049,60,64,,False,False,Request timeout: 300.0s exceeded,247,21.16838264042747
171,2026-09-14T02:16:04.250+00:00,2026-09-14T02:20:58.054+00:00,2026-09-14T02:21:04.310+00:00,False,92,91.0,,91.0,293804.195465,300059.406985,300059.40703,3261.515293804348,0.03841,293804.195465,30624.04461335275,89.021148,68.73858813186814,19.711689303001837,0.3032732781630442,60,64,,False,False,Request timeout: 300.0s exceeded,224,21.16838264042747
172,2026-09-14T02:16:09.267+00:00,2026-09-14T02:21:02.978+00:00,2026-09-14T02:21:09.280+00:00,False,94,93.0,,93.0,293711.053032,300012.72983200004,300012.72996900004,3191.6247869042554,0.042039,293711.053032,30287.00008644135,90.48079335,67.75996559139786,20.640492025713858,0.3099868463984104,60,64,,False,False,Request timeout: 300.0s exceeded,493,21.16838264042747
173,2026-09-14T02:16:12.910+00:00,2026-09-14T02:21:06.429+00:00,2026-09-14T02:21:12.934+00:00,False,94,93.0,,93.0,293519.457872,300023.955024,300023.954831,3191.7442003297874,0.02434,293519.457872,30267.013350302153,89.71500715,69.94082959139786,20.235865429584187,0.30997524845161306,60,64,,False,False,Request timeout: 300.0s exceeded,408,21.16838264042747
174,2026-09-14T02:16:17.584+00:00,2026-09-14T02:21:11.540+00:00,2026-09-14T02:21:17.609+00:00,False,90,89.0,,89.0,293956.570559,300025.63219100004,300025.63209800003,3333.6181344222223,0.0,293956.570559,30978.634227408827,91.3045559,68.19170373033708,70.38436796304345,0.29664132144330085,60,64,,False,False,Request timeout: 300.0s exceeded,402,21.16838264042747
175,2026-09-14T02:16:21.307+00:00,2026-09-14T02:21:15.086+00:00,2026-09-14T02:21:21.326+00:00,False,99,98.0,,98.0,293779.44929799996,300019.418578,300019.41852599994,3030.4991770303027,0.0,293779.44929799996,29519.62284315918,93.38922360000001,63.67315591836735,67.61528949376687,0.32664552336142083,60,64,,False,False,Request timeout: 300.0s exceeded,499,21.16838264042747
176,2026-09-14T02:16:24.370+00:00,2026-09-14T02:21:18.430+00:00,2026-09-14T02:21:24.375+00:00,False,91,90.0,,90.0,294060.384907,300004.916363,300004.91632899997,3296.7573222967035,0.024109000000000002,294060.384907,30818.986974035957,88.1956585,66.05034951111111,20.396112039306423,0.29999508371756745,60,64,,False,False,Request timeout: 300.0s exceeded,474,21.16838264042747
177,2026-09-14T02:16:28.440+00:00,2026-09-14T02:21:22.024+00:00,2026-09-14T02:21:28.502+00:00,False,96,95.0,,95.0,293583.6173,300062.02421199996,300062.024054,3125.6460838958333,0.046979999999999994,293583.6173,29956.79860725775,87.08099849999999,68.19375696842106,19.27464419914618,0.3166012101980641,60,64,,False,False,Request timeout: 300.0s exceeded,313,21.16838264042747
178,2026-09-14T02:16:32.757+00:00,2026-09-14T02:21:26.386+00:00,2026-09-14T02:21:32.857+00:00,False,98,97.0,,97.0,293628.819112,300099.98839199997,300099.988471,3062.2447803163263,0.02366,293628.819112,29654.25783596248,90.07286749999999,66.71308536082473,20.47744641288377,0.32322560397201877,60,64,,False,False,Request timeout: 300.0s exceeded,407,21.16838264042747
179,2026-09-14T02:16:34.181+00:00,2026-09-14T02:21:27.679+00:00,2026-09-14T02:21:34.216+00:00,False,103,102.0,,102.0,293497.944824,300034.839288,300034.839205,2912.959603932039,0.02493,293497.944824,28912.904982675715,91.7939131,64.08720062745098,21.43883992451565,0.3399605200584435,60,64,,False,False,Request timeout: 300.0s exceeded,335,21.16838264042747
180,2026-09-14T02:16:37.700+00:00,2026-09-14T02:21:31.539+00:00,2026-09-14T02:21:37.776+00:00,False,94,93.0,,93.0,293838.315068,300075.80038,300075.800271,3192.2957475638295,0.083849,293838.315068,30300.19732422168,90.507151,67.0697345376344,20.598682479556384,0.3099216927264037,60,64,,False,False,Request timeout: 300.0s exceeded,400,21.16838264042747
181,2026-09-14T02:16:40.669+00:00,2026-09-14T02:21:34.382+00:00,2026-09-14T02:21:40.713+00:00,False,94,93.0,,93.0,293713.657843,300044.40241900005,300044.40244900004,3191.9617281808514,0.03454,293713.657843,30287.23578995689,87.27127185,68.07252232258065,19.536259667109192,0.3099541242903416,60,64,,False,False,Request timeout: 300.0s exceeded,449,21.16838264042747
182,2026-09-14T02:16:44.161+00:00,2026-09-14T02:21:37.695+00:00,2026-09-14T02:21:44.229+00:00,False,102,101.0,,101.0,293534.422795,300068.141835,300068.14195300004,2941.8445289509805,0.03766,293534.422795,29057.8404970853,89.71093215,64.69028752475248,20.326779769725125,0.33659021375063997,60,64,,False,False,Request timeout: 300.0s exceeded,449,21.16838264042747
183,2026-09-14T02:16:47.366+00:00,2026-09-14T02:21:40.879+00:00,2026-09-14T02:21:47.423+00:00,False,113,112.0,,112.0,293512.975542,300056.19627799996,300056.19639,2655.3645698230084,0.015099999999999999,293512.975542,27606.60777905843,89.2316876,58.42161371428572,201.04097207654002,0.3732634132848661,60,64,,False,False,Request timeout: 300.0s exceeded,401,21.16838264042747
184,2026-09-14T02:16:50.801+00:00,2026-09-14T02:21:46.319+00:00,2026-09-14T02:21:50.835+00:00,False,76,75.0,,75.0,295517.737293,300034.02042899997,300034.02064199996,3947.8160610789473,0.01625,295517.737293,33891.31410177909,88.185716,60.21710848,28.940579994212428,0.24997165285710657,60,64,,False,False,Request timeout: 300.0s exceeded,379,21.16838264042747
185,2026-09-14T02:16:55.212+00:00,2026-09-14T02:21:49.160+00:00,2026-09-14T02:21:55.262+00:00,False,91,90.0,,90.0,293947.773027,300050.08393900003,300050.083896,3297.2536691868136,0.02241,293947.773027,30806.99783286902,87.25082549999999,67.80345457777777,19.719223516018968,0.29994992442094076,60,64,,False,False,Request timeout: 300.0s exceeded,418,21.16838264042747
186,2026-09-14T02:17:00.143+00:00,2026-09-14T02:21:53.984+00:00,2026-09-14T02:22:00.209+00:00,False,91,90.0,,90.0,293840.611433,300065.797737,300065.797742,3297.426348813187,0.03772,293840.611433,30795.621255515292,89.12501199999998,69.16873671111111,19.920722054858363,0.29993421669097625,60,64,,False,False,Request timeout: 300.0s exceeded,378,21.16838264042747
187,2026-09-14T02:17:05.434+00:00,2026-09-14T02:21:59.208+00:00,2026-09-14T02:22:05.480+00:00,False,96,95.0,,95.0,293774.18266399996,300046.59482399997,300046.59481399995,3125.485362645833,0.03848,293774.18266399996,29976.470278725985,89.83155000000001,66.02539115789473,20.599299929899892,0.31661749087912394,60,64,,False,False,Request timeout: 300.0s exceeded,431,21.16838264042747
188,2026-09-14T02:17:08.721+00:00,2026-09-14T02:22:02.623+00:00,2026-09-14T02:22:08.793+00:00,False,94,93.0,,93.0,293901.791328,300072.15984000004,300072.159953,3192.257020776596,0.02253,293901.791328,30306.818657129752,89.82239765,66.34804851612903,20.33239455187365,0.3099254527630556,60,64,,False,False,Request timeout: 300.0s exceeded,440,21.16838264042747
189,2026-09-14T02:17:13.408+00:00,2026-09-14T02:22:07.407+00:00,2026-09-14T02:22:13.414+00:00,False,99,98.0,,98.0,293998.442185,300006.157001,300006.156923,3030.365221444444,0.0,293998.442185,29541.868979016344,87.9014237,61.30321240816326,66.90171074775427,0.3266599625142804,60,64,,False,False,Request timeout: 300.0s exceeded,408,21.16838264042747
190,2026-09-14T02:17:18.460+00:00,2026-09-14T02:22:12.499+00:00,2026-09-14T02:22:18.478+00:00,False,93,92.0,,92.0,294038.942569,300017.736809,300017.73662,3225.9971679569894,0.03718,294038.942569,30483.685841161954,87.6212912,64.98689391304347,20.30128293621284,0.3066485367782434,60,64,,False,False,Request timeout: 300.0s exceeded,442,21.16838264042747
191,2026-09-14T02:17:22.730+00:00,2026-09-14T02:22:16.279+00:00,2026-09-14T02:22:22.782+00:00,False,95,94.0,,94.0,293548.466643,300051.150035,300051.150065,3158.4331585789478,0.02334,293548.466643,30110.346466850842,90.48660469999999,69.17748289361703,20.225385443209962,0.3132799190705825,60,64,,False,False,Request timeout: 300.0s exceeded,434,21.16838264042747
192,2026-09-14T02:17:27.252+00:00,2026-09-14T02:22:20.577+00:00,2026-09-14T02:22:27.301+00:00,False,102,101.0,,101.0,293325.633999,300049.548751,300049.548565,2941.6622408333333,0.03542,293325.633999,29036.981314020653,90.55726300000002,66.57341338613861,20.95219988159304,0.3366110711395075,60,64,,False,False,Request timeout: 300.0s exceeded,250,21.16838264042747
193,2026-09-14T02:17:31.018+00:00,2026-09-14T02:22:24.364+00:00,2026-09-14T02:22:31.025+00:00,False,99,98.0,,98.0,293346.142217,300007.21741700004,300007.217566,3030.3759350101013,0.03983,293346.142217,29475.57231681416,90.04245499999999,67.9701551020408,20.39761443197995,0.32665880789055574,60,64,,False,False,Request timeout: 300.0s exceeded,474,21.16838264042747
194,2026-09-14T02:17:34.156+00:00,2026-09-14T02:22:27.640+00:00,2026-09-14T02:22:34.233+00:00,False,97,96.0,,96.0,293484.398511,300076.58590299997,300076.58585599996,3093.5730500618556,0.03521,293484.398511,29791.860638057715,88.8621508,68.66861866666667,20.5656427492931,0.31991832921956825,60,64,,False,False,Request timeout: 300.0s exceeded,444,21.16838264042747
195,2026-09-14T02:17:39.400+00:00,2026-09-14T02:22:32.830+00:00,2026-09-14T02:22:39.470+00:00,False,98,97.0,,97.0,293430.31987400004,300069.58054600004,300069.580399,3061.934493867347,0.02176,293430.31987400004,29634.032496831536,91.63563435000002,68.44598630927835,22.103663645919696,0.3232583583564216,60,64,,False,False,Request timeout: 300.0s exceeded,422,21.16838264042747
196,2026-09-14T02:17:44.029+00:00,2026-09-14T02:22:38.022+00:00,2026-09-14T02:22:44.049+00:00,False,87,86.0,,86.0,293993.07123299997,300020.39820899995,300020.39830199996,3448.5103253103443,0.027600000000000003,293993.07123299997,31511.859441749286,92.6327422,70.08519739534883,22.13140060007666,0.2866471763699572,60,64,,False,False,Request timeout: 300.0s exceeded,153,21.16838264042747
197,2026-09-14T02:17:48.588+00:00,2026-09-14T02:22:42.237+00:00,2026-09-14T02:22:48.608+00:00,False,95,94.0,,94.0,293649.532587,300019.811243,300019.811211,3158.103275905263,0.02157,293649.532587,30120.860247117824,90.437675,67.76892187234043,20.405466163244213,0.3133126429569847,60,64,,False,False,Request timeout: 300.0s exceeded,216,21.16838264042747
198,2026-09-14T02:17:53.536+00:00,2026-09-14T02:22:47.393+00:00,2026-09-14T02:22:53.553+00:00,False,91,90.0,,90.0,293857.472198,300017.60967,300017.609516,3296.896807868132,0.027379999999999998,293857.472198,30797.46386632765,86.25376799999998,68.44597191111112,18.88752644028121,0.2999823913636076,60,64,,False,False,Request timeout: 300.0s exceeded,206,21.16838264042747
199,2026-09-14T02:17:57.508+00:00,2026-09-14T02:22:50.967+00:00,2026-09-14T02:22:57.518+00:00,False,99,98.0,,98.0,293459.300215,300010.298999,300010.299168,3030.40706230303,0.038509999999999996,293459.300215,29487.057679173595,88.81719089999999,66.84692636734694,19.90930286749019,0.32665545258606826,60,64,,False,False,Request timeout: 300.0s exceeded,469,21.16838264042747
200,2026-09-14T02:18:00.921+00:00,2026-09-14T02:22:54.516+00:00,2026-09-14T02:23:00.964+00:00,False,93,92.0,,92.0,293595.007827,300042.745939,300042.745957,3226.26608555914,0.02582,293595.007827,30437.123650041405,91.13013140000001,70.08410991304348,20.667596121612494,0.30662297704309105,60,64,,False,False,Request timeout: 300.0s exceeded,405,21.16838264042747
201,2026-09-14T02:18:04.260+00:00,2026-09-14T02:22:58.129+00:00,2026-09-14T02:23:04.303+00:00,False,89,88.0,,88.0,293869.684383,300043.42620700004,300043.42599200003,3371.2744493483146,0.04506,293869.684383,31142.69427929308,90.52569439999999,70.15615709090909,20.348696671237516,0.2932908782986926,60,64,,False,False,Request timeout: 300.0s exceeded,482,21.16838264042747
202,2026-09-14T02:18:08.666+00:00,2026-09-14T02:23:02.527+00:00,2026-09-14T02:23:08.682+00:00,False,96,95.0,,95.0,293861.22878899996,300015.94469299994,300015.94484799996,3125.166092166666,0.0,293861.22878899996,29985.551066808428,89.66221075,64.7864832,68.4202081568865,0.3166498370518658,60,64,,False,False,Request timeout: 300.0s exceeded,454,21.16838264042747
203,2026-09-14T02:18:12.452+00:00,2026-09-14T02:23:06.669+00:00,2026-09-14T02:23:12.475+00:00,False,89,88.0,,88.0,294216.807725,300022.082093,300022.082111,3371.034630460674,0.02379,294216.807725,31179.932557884567,86.6667214,65.9690269090909,19.479484028093864,0.2933117435426703,60,64,,False,False,Request timeout: 300.0s exceeded,552,21.16838264042747
204,2026-09-14T02:18:15.616+00:00,2026-09-14T02:23:09.332+00:00,2026-09-14T02:23:15.647+00:00,False,91,90.0,,90.0,293716.096667,300031.34249099996,300031.34246699995,3297.0477194175824,0.02076,293716.096667,30782.463413846774,89.91118,70.16939804444443,19.52220119207846,0.29996866078316375,60,64,,False,False,Request timeout: 300.0s exceeded,476,21.16838264042747
205,2026-09-14T02:18:19.854+00:00,2026-09-14T02:23:13.370+00:00,2026-09-14T02:23:19.926+00:00,False,91,90.0,,90.0,293515.627239,300071.999975,300071.999959,3297.494505043956,0.03825,293515.627239,30761.167763409678,90.7153485,72.84858595555556,19.691475715343195,0.29992801730084184,60,64,,False,False,Request timeout: 300.0s exceeded,434,21.16838264042747
206,2026-09-14T02:18:24.363+00:00,2026-09-14T02:23:18.315+00:00,2026-09-14T02:23:24.376+00:00,False,91,90.0,,90.0,293952.415673,300013.120441,300013.12042,3296.847477142857,0.048309,293952.415673,30807.533797857723,89.53917600000001,67.34116408888889,20.978229858047115,0.29998688013279484,60,64,,False,False,Request timeout: 300.0s exceeded,348,21.16838264042747
207,2026-09-14T02:18:28.234+00:00,2026-09-14T02:23:21.958+00:00,2026-09-14T02:23:28.329+00:00,False,95,94.0,,94.0,293724.06465200003,300094.93953200005,300094.93954500003,3158.8941004736844,0.030699999999999998,293724.06465200003,30128.506642755547,90.9741114,67.77526468085105,20.73067747156704,0.3132342056370347,60,64,,False,False,Request timeout: 300.0s exceeded,463,21.16838264042747
208,2026-09-14T02:18:33.412+00:00,2026-09-14T02:23:26.812+00:00,2026-09-14T02:23:33.453+00:00,False,100,99.0,,99.0,293400.060824,300040.74332,300040.743346,3000.40743346,0.01887,293400.060824,29333.30563700627,89.99462100000001,67.07760096969697,20.82088800226229,0.3299551884339066,60,64,,False,False,Request timeout: 300.0s exceeded,380,21.16838264042747
209,2026-09-14T02:18:38.440+00:00,2026-09-14T02:23:32.026+00:00,2026-09-14T02:23:38.493+00:00,False,95,94.0,,94.0,293585.888929,300052.368289,300052.36816,3158.445980631579,0.837818,293585.888929,30114.22560774671,89.16073839999999,68.79233361702127,20.49532812096376,0.31327864711090186,60,64,,False,False,Request timeout: 300.0s exceeded,483,21.16838264042747
210,2026-09-14T02:18:42.927+00:00,2026-09-14T02:23:36.264+00:00,2026-09-14T02:23:43.001+00:00,False,99,98.0,,98.0,293336.225705,300073.95447299996,300073.95447299996,3031.050045181818,0.02228,293336.225705,29474.49641476091,89.6728838,68.75233436734695,19.435433386700492,0.32658615830924387,60,64,,False,False,Request timeout: 300.0s exceeded,414,21.16838264042747
211,2026-09-14T02:18:47.030+00:00,2026-09-14T02:23:40.593+00:00,2026-09-14T02:23:47.111+00:00,False,99,98.0,,98.0,293562.531245,300081.174445,300081.174436,3031.12297410101,0.02257,293562.531245,29497.46535319077,85.8817759,66.51676734693878,18.966515962312922,0.3265783006256589,60,64,,False,False,Request timeout: 300.0s exceeded,424,21.16838264042747
212,2026-09-14T02:18:50.276+00:00,2026-09-14T02:23:43.880+00:00,2026-09-14T02:23:50.320+00:00,False,96,95.0,,95.0,293603.594824,300043.30119200004,300043.301302,3125.4510552291667,0.03664,293603.594824,29958.87885898586,87.21903025,67.78638282105263,18.841717568762363,0.3166209664491351,60,64,,False,False,Request timeout: 300.0s exceeded,404,21.16838264042747
213,2026-09-14T02:18:53.908+00:00,2026-09-14T02:23:47.482+00:00,2026-09-14T02:23:53.949+00:00,False,95,94.0,,94.0,293573.342715,300041.157883,300041.157783,3158.3279766631576,0.03471,293573.342715,30112.936490492044,88.375399,68.80654434042553,19.823251945952336,0.31329035210780976,60,64,,False,False,Request timeout: 300.0s exceeded,243,21.16838264042747
214,2026-09-14T02:18:59.267+00:00,2026-09-14T02:23:52.302+00:00,2026-09-14T02:23:59.372+00:00,False,107,106.0,,106.0,293034.719393,300105.500321,300105.500498,2804.7243037196263,0.036119,293034.719393,28322.294819847542,91.62878330000001,66.70548045283019,21.25822389913341,0.35320912108115265,60,64,,False,False,Request timeout: 300.0s exceeded,509,21.16838264042747
215,2026-09-14T02:19:00.797+00:00,2026-09-14T02:23:54.902+00:00,2026-09-14T02:24:01.357+00:00,False,95,94.0,,94.0,294105.25673400005,300560.4531500001,300560.45296100003,3163.7942416947376,0.038450000000000005,294105.25673400005,30167.58739683042,89.843729,68.67230229787233,65.50525783401415,0.3127490626755464,60,64,,False,False,Request timeout: 300.0s exceeded,370,21.16838264042747
216,2026-09-14T02:19:04.620+00:00,2026-09-14T02:23:58.412+00:00,2026-09-14T02:24:04.696+00:00,False,105,104.0,,104.0,293791.941085,300076.155101,300076.155112,2857.8681439238094,0.0,293791.941085,28665.335369185854,94.84085,60.425134769230766,65.70774865050285,0.3465786875501506,60,64,,False,False,Request timeout: 300.0s exceeded,485,21.16838264042747
217,2026-09-14T02:19:07.966+00:00,2026-09-14T02:24:01.803+00:00,2026-09-14T02:24:07.979+00:00,False,95,94.0,,94.0,293836.07118900004,300012.368917,300012.36897600006,3158.0249365894742,0.01723,293836.07118900004,30140.210758203535,88.915625,65.7052949787234,20.899854570024214,0.31332041521929915,60,64,,False,False,Request timeout: 300.0s exceeded,422,21.16838264042747
218,2026-09-14T02:19:13.191+00:00,2026-09-14T02:24:07.044+00:00,2026-09-14T02:24:13.229+00:00,False,94,93.0,,93.0,293852.90020599996,300037.89194999996,300037.892145,3191.892469627659,0.041460000000000004,293852.90020599996,30301.75931039424,88.04368529999999,66.50528756989247,19.727448941750662,0.30996084992990836,60,64,,False,False,Request timeout: 300.0s exceeded,416,21.16838264042747
219,2026-09-14T02:19:16.752+00:00,2026-09-14T02:24:10.077+00:00,2026-09-14T02:24:16.760+00:00,False,99,98.0,,98.0,293324.99958999996,300008.126886,300008.12695599993,3030.385120767676,0.04245,293324.99958999996,29473.42443501137,87.50977689999999,68.19517648979593,19.875720499383988,0.3266578176305171,60,64,,False,False,Request timeout: 300.0s exceeded,144,21.16838264042747
220,2026-09-14T02:19:19.639+00:00,2026-09-14T02:24:13.670+00:00,2026-09-14T02:24:19.703+00:00,False,88,87.0,,87.0,294030.734646,300063.800118,300063.799927,3409.815908261364,0.03703,294030.734646,31336.39524844212,87.67966834999999,69.34558013793104,19.31352613996839,0.28993833966572197,60,64,,False,False,Request timeout: 300.0s exceeded,379,21.16838264042747
221,2026-09-14T02:19:23.598+00:00,2026-09-14T02:24:17.407+00:00,2026-09-14T02:24:23.684+00:00,False,92,91.0,,91.0,293809.021223,300086.64835900004,300086.648307,3261.8113946413046,0.022109999999999998,293809.021223,30624.52190436884,88.63028200000001,68.98491358241758,19.478050384298648,0.3032457475120145,60,64,,False,False,Request timeout: 300.0s exceeded,404,21.16838264042747
222,2026-09-14T02:19:28.023+00:00,2026-09-14T02:24:21.478+00:00,2026-09-14T02:24:28.089+00:00,False,100,99.0,,99.0,293454.520754,300065.364402,300065.364382,3000.65364382,0.027579999999999997,293454.520754,29338.781122967164,87.95900650000002,66.77619846464647,19.880110248960396,0.3299281148202393,60,64,,False,False,Request timeout: 300.0s exceeded,132,21.16838264042747
223,2026-09-14T02:19:32.246+00:00,2026-09-14T02:24:25.643+00:00,2026-09-14T02:24:32.265+00:00,False,100,99.0,,99.0,293396.977204,300018.605108,300018.605191,3000.18605191,0.042029000000000004,293396.977204,29333.015854250727,87.5308513,66.88513034343434,19.84768639748609,0.32997953565033816,60,64,,False,False,Request timeout: 300.0s exceeded,350,21.16838264042747
224,2026-09-14T02:19:36.553+00:00,2026-09-14T02:24:30.478+00:00,2026-09-14T02:24:36.635+00:00,False,91,90.0,,90.0,293925.07397,300082.142002,300082.141958,3297.6059555824177,0.02325,293925.07397,30804.554775931127,88.70416300000001,68.41186702222222,20.078098576714606,0.29991788048287177,60,64,,False,False,Request timeout: 300.0s exceeded,333,21.16838264042747
225,2026-09-14T02:19:41.286+00:00,2026-09-14T02:24:34.946+00:00,2026-09-14T02:24:41.353+00:00,False,92,91.0,,91.0,293659.617226,300066.387658,300066.387695,3261.591170597826,0.037,293659.617226,30608.79768807147,87.9966706,70.40407068131869,19.76430469062938,0.30326622288570704,60,64,,False,False,Request timeout: 300.0s exceeded,496,21.16838264042747
226,2026-09-14T02:19:45.548+00:00,2026-09-14T02:24:39.228+00:00,2026-09-14T02:24:47.579+00:00,False,89,88.0,,88.0,293680.57345200004,302031.095564,302031.095397,3393.6078134494387,0.039029,293680.57345200004,31120.866653205896,91.3736954,94.89229672727274,230.8776715818333,0.29136072839014326,60,64,,False,False,Request timeout: 300.0s exceeded,370,21.16838264042747
227,2026-09-14T02:19:49.746+00:00,2026-09-14T02:24:43.070+00:00,2026-09-14T02:24:49.752+00:00,False,113,112.0,,112.0,293324.321726,300006.152894,300006.152735,2654.921705619469,0.01517,293324.321726,27588.768838608645,90.0910278,59.659206857142856,204.34677111454656,0.37332567655561555,60,64,,False,False,Request timeout: 300.0s exceeded,401,21.16838264042747
228,2026-09-14T02:19:53.647+00:00,2026-09-14T02:24:48.745+00:00,2026-09-14T02:24:53.685+00:00,False,71,70.0,,70.0,295097.844871,300037.640583,300037.64045899996,4225.882259985915,0.03835,295097.844871,35013.30278426161,91.86054100000001,70.56851017142857,21.912526147197823,0.2333040609970927,60,64,,False,False,Request timeout: 300.0s exceeded,343,21.16838264042747
229,2026-09-14T02:19:56.812+00:00,2026-09-14T02:24:50.718+00:00,2026-09-14T02:24:57.005+00:00,False,83,82.0,,82.0,293906.32145499997,300193.19121499994,300193.19117899996,3616.785435891566,0.046490000000000004,293906.32145499997,32252.066103023346,91.67721209999999,76.66914341463415,68.45117915182279,0.2731574279486944,60,64,,False,False,Request timeout: 300.0s exceeded,361,21.16838264042747
230,2026-09-14T02:20:00.222+00:00,2026-09-14T02:24:54.149+00:00,2026-09-14T02:25:00.251+00:00,False,94,93.0,,93.0,293927.274254,300029.283342,300029.283239,3191.8008855212765,0.0,293927.274254,30309.594069480303,87.4832275,65.61300094623655,69.12712674744228,0.3099697434999715,60,64,,False,False,Request timeout: 300.0s exceeded,323,21.16838264042747
231,2026-09-14T02:20:03.150+00:00,2026-09-14T02:24:57.166+00:00,2026-09-14T02:25:03.200+00:00,False,92,91.0,,91.0,294016.02916900004,300050.18494500004,300050.18497700006,3261.4150540978267,0.027379999999999998,294016.02916900004,30646.382496474926,85.6604365,66.30940413186813,18.806514881448877,0.30328259926478807,60,64,,False,False,Request timeout: 300.0s exceeded,466,21.16838264042747
232,2026-09-14T02:20:07.800+00:00,2026-09-14T02:25:01.759+00:00,2026-09-14T02:25:07.843+00:00,False,92,91.0,,91.0,293959.73926099995,300043.38214099995,300043.38216399995,3261.3411104782604,0.04862,293959.73926099995,30640.45822900089,89.22025755,66.85321846153846,20.47320113524912,0.3032894755106987,60,64,,False,False,Request timeout: 300.0s exceeded,453,21.16838264042747
233,2026-09-14T02:20:10.830+00:00,2026-09-14T02:25:04.355+00:00,2026-09-14T02:25:10.872+00:00,False,96,95.0,,95.0,293524.686792,300041.52724,300041.5271,3125.4325739583337,0.01998,293524.686792,29950.742919284654,88.095214,68.59832050526316,19.541657343187527,0.31662283842466415,60,64,,False,False,Request timeout: 300.0s exceeded,313,21.16838264042747
234,2026-09-14T02:20:14.779+00:00,2026-09-14T02:25:08.757+00:00,2026-09-14T02:25:14.822+00:00,False,89,88.0,,88.0,293978.430796,300043.122508,300043.12242,3371.2710384269662,0.02389,293978.430796,31154.352565664398,89.9133144,68.91695127272726,20.094220165584392,0.29329117516317565,60,64,,False,False,Request timeout: 300.0s exceeded,420,21.16838264042747
235,2026-09-14T02:20:19.499+00:00,2026-09-14T02:25:13.335+00:00,2026-09-14T02:25:19.549+00:00,False,91,90.0,,90.0,293835.945921,300049.32601699996,300049.32622999995,3297.245343186813,0.03703,293835.945921,30795.146439916865,90.14301950000001,69.03755662222221,20.705198434137515,0.2999506820918533,60,64,,False,False,Request timeout: 300.0s exceeded,341,21.16838264042747
236,2026-09-14T02:20:22.527+00:00,2026-09-14T02:25:16.149+00:00,2026-09-14T02:25:22.600+00:00,False,96,95.0,,95.0,293621.572227,300073.41171500005,300073.411731,3125.7647055312505,0.02527,293621.572227,29960.701980997215,91.38770424999998,67.91409987368421,20.89359906494862,0.3165891954806976,60,64,,False,False,Request timeout: 300.0s exceeded,446,21.16838264042747
237,2026-09-14T02:20:26.892+00:00,2026-09-14T02:25:20.696+00:00,2026-09-14T02:25:26.983+00:00,False,96,95.0,,95.0,293804.27553399996,300090.96532599995,300090.965407,3125.947556322916,0.02219,293804.27553399996,29979.526565279313,90.02180474999999,66.17568202105262,21.015293145543172,0.31657067681727097,60,64,,False,False,Request timeout: 300.0s exceeded,457,21.16838264042747
238,2026-09-14T02:20:30.751+00:00,2026-09-14T02:25:24.299+00:00,2026-09-14T02:25:30.785+00:00,False,92,91.0,,91.0,293548.375216,300034.225072,300034.225173,3261.2415779673915,0.02043,293548.375216,30597.109455173453,91.45214809999999,71.27307534065933,19.991561276541685,0.30329873193020723,60,64,,False,False,Request timeout: 300.0s exceeded,480,21.16838264042747
239,2026-09-14T02:20:35.286+00:00,2026-09-14T02:25:29.112+00:00,2026-09-14T02:25:35.340+00:00,False,87,86.0,,86.0,293825.899855,300053.68481500004,300053.684804,3448.8929287816095,0.01934,293825.899855,31493.68583449817,92.00103999999999,72.41610418604651,20.549581414446166,0.2866153770216947,60,64,,False,False,Request timeout: 300.0s exceeded,288,21.16838264042747
240,2026-09-14T02:20:40.057+00:00,2026-09-14T02:25:33.819+00:00,2026-09-14T02:25:40.085+00:00,False,93,92.0,,92.0,293762.284423,300028.850311,300028.850298,3226.1166698709676,0.045579999999999996,293762.284423,30454.672620590012,87.17954,68.11484660869566,19.114215421225545,0.30663717807349467,60,64,,False,False,Request timeout: 300.0s exceeded,448,21.16838264042747
241,2026-09-14T02:20:44.395+00:00,2026-09-14T02:25:38.101+00:00,2026-09-14T02:25:44.423+00:00,False,94,93.0,,93.0,293705.773424,300028.626544,300028.626382,3191.7938976808514,0.03566,293705.773424,30286.431630188043,88.73773314999998,67.98766795698924,20.006242467965794,0.3099704220602473,60,64,,False,False,Request timeout: 300.0s exceeded,427,21.16838264042747
242,2026-09-14T02:20:48.453+00:00,2026-09-14T02:25:42.327+00:00,2026-09-14T02:25:48.472+00:00,False,90,89.0,,89.0,293874.133361,300018.557041,300018.557269,3333.539525211111,0.039520000000000007,293874.133361,30969.783084009505,88.31792089999999,69.03846831460675,20.664730432039438,0.29664831695006594,60,64,,False,False,Request timeout: 300.0s exceeded,386,21.16838264042747
243,2026-09-14T02:20:52.606+00:00,2026-09-14T02:25:46.345+00:00,2026-09-14T02:25:52.638+00:00,False,97,96.0,,96.0,293739.45707099995,300032.033327,300032.03328299994,3093.1137451855666,0.0,293739.45707099995,29818.147628743733,88.56329079999999,65.54766933333333,69.37243638485164,0.31996583476595375,60,64,,False,False,Request timeout: 300.0s exceeded,401,21.16838264042747
244,2026-09-14T02:20:56.461+00:00,2026-09-14T02:25:50.211+00:00,2026-09-14T02:25:56.543+00:00,False,101,100.0,,100.0,293750.18313300004,300082.19772500003,300082.19791900006,2971.110870485149,0.0,293750.18313300004,29223.014378800326,90.58073900000001,63.32014592,68.41523756244365,0.3332420275448714,60,64,,False,False,Request timeout: 300.0s exceeded,448,21.16838264042747
245,2026-09-14T02:21:00.788+00:00,2026-09-14T02:25:54.898+00:00,2026-09-14T02:26:00.801+00:00,False,88,87.0,,87.0,294110.033803,300013.098891,300013.098805,3409.2397591477275,0.02157,294110.033803,31345.00873290104,90.71939334999999,67.85132285057472,20.70693777866761,0.2899873382915478,60,64,,False,False,Request timeout: 300.0s exceeded,377,21.16838264042747
246,2026-09-14T02:21:05.926+00:00,2026-09-14T02:26:00.069+00:00,2026-09-14T02:26:05.966+00:00,False,86,85.0,,85.0,294143.22338599997,300040.43119399995,300040.431222,3488.8422235116277,0.03204,294143.22338599997,31710.804454533576,88.93760175,69.3789153882353,20.07350903554471,0.2832951534623037,60,64,,False,False,Request timeout: 300.0s exceeded,378,21.16838264042747
247,2026-09-14T02:21:08.972+00:00,2026-09-14T02:26:02.978+00:00,2026-09-14T02:26:08.997+00:00,False,92,91.0,,91.0,294005.878567,300025.073959,300025.073895,3261.1421075543476,0.037950000000000005,294005.878567,30645.34245175228,88.69505315,66.1450043076923,20.521768247883596,0.3033079828935752,60,64,,False,False,Request timeout: 300.0s exceeded,237,21.16838264042747
248,2026-09-14T02:21:12.557+00:00,2026-09-14T02:26:06.305+00:00,2026-09-14T02:26:12.613+00:00,False,94,93.0,,93.0,293748.90937300003,300056.208189,300056.208171,3192.0873209680854,0.03544,293748.90937300003,30290.89814916573,89.67567564999999,67.82041737634408,20.213463129580667,0.3099419290849032,60,64,,False,False,Request timeout: 300.0s exceeded,356,21.16838264042747
249,2026-09-14T02:21:16.039+00:00,2026-09-14T02:26:09.942+00:00,2026-09-14T02:26:16.127+00:00,False,89,88.0,,88.0,293902.072291,300087.349987,300087.349816,3371.767975460674,0.02336,293902.072291,31146.112998311266,88.88881439999999,70.28724654545455,19.56550363513337,0.293247949318131,60,64,,False,False,Request timeout: 300.0s exceeded,201,21.16838264042747
250,2026-09-14T02:21:19.242+00:00,2026-09-14T02:26:13.289+00:00,2026-09-14T02:26:19.326+00:00,False,91,90.0,,90.0,294047.772944,300084.151824,300084.151704,3297.628040703297,0.06054,294047.772944,30817.55798958526,90.31531,67.07087644444445,20.530725911157518,0.29991587177447876,60,64,,False,False,Request timeout: 300.0s exceeded,398,21.16838264042747
251,2026-09-14T02:21:23.051+00:00,2026-09-14T02:26:17.027+00:00,2026-09-14T02:26:23.060+00:00,False,93,92.0,,92.0,293975.323089,300008.961489,300008.961565,3225.902812526882,0.052399999999999995,293975.323089,30477.027456999287,89.9818536,65.58302608695652,20.992918414276197,0.30665750630710154,60,64,,False,False,Request timeout: 300.0s exceeded,412,21.16838264042747
252,2026-09-14T02:21:27.469+00:00,2026-09-14T02:26:21.163+00:00,2026-09-14T02:26:27.555+00:00,False,93,92.0,,92.0,293693.812954,300085.766362,300085.766384,3226.728670795699,0.023719999999999998,293693.812954,30447.431838286884,90.48416699999999,69.47775443478261,20.2159827503597,0.30657901944278954,60,64,,False,False,Request timeout: 300.0s exceeded,444,21.16838264042747
253,2026-09-14T02:21:32.650+00:00,2026-09-14T02:26:26.361+00:00,2026-09-14T02:26:32.689+00:00,False,95,94.0,,94.0,293711.255061,300038.419477,300038.419496,3158.2991525894736,0.02296,293711.255061,30127.240113446824,88.59013399999999,67.31025974468085,20.728035281215234,0.3132932114622266,60,64,,False,False,Request timeout: 300.0s exceeded,472,21.16838264042747
254,2026-09-14T02:21:35.859+00:00,2026-09-14T02:26:29.110+00:00,2026-09-14T02:26:35.915+00:00,False,101,100.0,,100.0,293251.627592,300056.050504,300056.05041,2970.851984257426,0.04486,293251.627592,29172.86359331445,88.850302,68.04422912000001,19.860405703352622,0.33327106662915607,60,64,,False,False,Request timeout: 300.0s exceeded,461,21.16838264042747
255,2026-09-14T02:21:39.023+00:00,2026-09-14T02:26:32.684+00:00,2026-09-14T02:26:39.107+00:00,False,97,96.0,,96.0,293660.16947100003,300083.67948700004,300083.679574,3093.646181175258,0.05098,293660.16947100003,29809.885576441484,89.0299606,66.91156266666667,20.127025676325232,0.31991076677050284,60,64,,False,False,Request timeout: 300.0s exceeded,234,21.16838264042747
256,2026-09-14T02:21:44.194+00:00,2026-09-14T02:26:37.602+00:00,2026-09-14T02:26:44.227+00:00,False,101,100.0,,100.0,293408.684894,300033.052254,300033.05215400003,2970.624278752475,0.03639,293408.684894,29188.671021278198,90.27405999999999,66.24367360000001,20.566305886956496,0.3332966126523376,60,64,,False,False,Request timeout: 300.0s exceeded,390,21.16838264042747
257,2026-09-14T02:21:48.886+00:00,2026-09-14T02:26:43.023+00:00,2026-09-14T02:26:48.930+00:00,False,96,95.0,,95.0,294137.145837,300044.229869,300044.229942,3125.4607285624998,0.0,294137.145837,30013.96937111789,91.60442125,62.17983191578947,64.62236473829977,0.31661998646491957,60,64,,False,False,Request timeout: 300.0s exceeded,433,21.16838264042747
258,2026-09-14T02:21:53.225+00:00,2026-09-14T02:26:47.660+00:00,2026-09-14T02:26:53.268+00:00,False,86,85.0,,85.0,294434.548372,300043.07547599997,300043.075386,3488.872969604651,0.038869999999999995,294434.548372,31742.58500859249,87.56856775,65.9826718117647,19.997667494991756,0.28329265677987303,60,64,,False,False,Request timeout: 300.0s exceeded,395,21.16838264042747
259,2026-09-14T02:21:56.388+00:00,2026-09-14T02:26:49.974+00:00,2026-09-14T02:26:56.444+00:00,False,98,97.0,,97.0,293585.87644599995,300055.3492139999,300055.34927199996,3061.789278285714,0.03719,293585.87644599995,29649.92109007918,88.69311300000001,66.69559554639176,19.504321186202098,0.32327369018447144,60,64,,False,False,Request timeout: 300.0s exceeded,380,21.16838264042747
260,2026-09-14T02:22:00.615+00:00,2026-09-14T02:26:54.577+00:00,2026-09-14T02:27:00.690+00:00,False,90,89.0,,89.0,293962.110673,300074.198225,300074.19811399997,3334.157756822222,0.03823,293962.110673,30979.094446320363,88.19542095000001,68.67514103370787,19.8021288573444,0.2965933110092542,60,64,,False,False,Request timeout: 300.0s exceeded,402,21.16838264042747
261,2026-09-14T02:22:05.290+00:00,2026-09-14T02:26:59.025+00:00,2026-09-14T02:27:05.318+00:00,False,92,91.0,,91.0,293735.14197500004,300028.03592700005,300028.03610300005,3261.1743054673916,0.02206,293735.14197500004,30616.802307619215,88.95435149999999,69.1526807912088,20.006439634635974,0.3033049885449413,60,64,,False,False,Request timeout: 300.0s exceeded,447,21.16838264042747
262,2026-09-14T02:22:09.254+00:00,2026-09-14T02:27:03.368+00:00,2026-09-14T02:27:09.300+00:00,False,89,88.0,,88.0,294114.51966399996,300045.82641599997,300045.82634699997,3371.301419629213,0.019260000000000003,294114.51966399996,31168.938410154842,88.27255919999999,67.4012130909091,19.759480228495107,0.2932885321257293,60,64,,False,False,Request timeout: 300.0s exceeded,331,21.16838264042747
263,2026-09-14T02:22:12.707+00:00,2026-09-14T02:27:06.766+00:00,2026-09-14T02:27:12.793+00:00,False,89,88.0,,88.0,294059.20945200004,300085.86186800007,300085.86183300003,3371.751256550562,0.023469999999999998,294059.20945200004,31162.961186381912,88.93669440000002,68.48468654545455,20.532077828486365,0.29324940352807727,60,64,,False,False,Request timeout: 300.0s exceeded,385,21.16838264042747
264,2026-09-14T02:22:17.414+00:00,2026-09-14T02:27:11.604+00:00,2026-09-14T02:27:17.501+00:00,False,91,90.0,,90.0,294189.922138,300086.755162,300086.75533300004,3297.656652010989,0.02134,294189.922138,30832.62226212335,89.69116050000001,65.52036693333334,21.209205351680584,0.29991326991894074,60,64,,False,False,Request timeout: 300.0s exceeded,394,21.16838264042747
265,2026-09-14T02:22:21.342+00:00,2026-09-14T02:27:15.383+00:00,2026-09-14T02:27:21.380+00:00,False,90,89.0,,89.0,294041.17646399996,300037.489296,300037.489149,3333.749879433333,0.021079999999999998,294041.17646399996,30987.566418131966,89.051553,67.37430148314607,20.710039165093615,0.29662959855059196,60,64,,False,False,Request timeout: 300.0s exceeded,248,21.16838264042747
266,2026-09-14T02:22:25.836+00:00,2026-09-14T02:27:19.554+00:00,2026-09-14T02:27:25.920+00:00,False,91,90.0,,90.0,293717.918268,300083.79730800004,300083.797243,3297.6241455274726,0.019940000000000003,293717.918268,30782.595275256583,87.81127000000001,70.73198933333333,19.33200785737579,0.2999162260920932,60,64,,False,False,Request timeout: 300.0s exceeded,409,21.16838264042747
267,2026-09-14T02:22:30.722+00:00,2026-09-14T02:27:24.795+00:00,2026-09-14T02:27:30.745+00:00,False,89,88.0,,88.0,294072.48253100005,300022.71945900004,300022.71953500004,3371.0417925280904,0.021,294072.48253100005,31164.459872076928,87.893174,67.61632872727273,20.061260529593362,0.2933111204334169,60,64,,False,False,Request timeout: 300.0s exceeded,426,21.16838264042747
268,2026-09-14T02:22:33.623+00:00,2026-09-14T02:27:27.354+00:00,2026-09-14T02:27:33.629+00:00,False,99,98.0,,98.0,293731.01235399995,300005.94278599997,300005.94270099996,3030.363057585858,0.037020000000000004,293731.01235399995,29514.64899570128,87.42702100000001,64.02990236734695,20.063655555768747,0.32666019576120625,60,64,,False,False,Request timeout: 300.0s exceeded,399,21.16838264042747
269,2026-09-14T02:22:38.512+00:00,2026-09-14T02:27:32.154+00:00,2026-09-14T02:27:38.537+00:00,False,97,96.0,,96.0,293641.465755,300024.287387,300024.287435,3093.0338910824744,0.02714,293641.465755,29808.029530384352,88.187421,66.48772533333333,20.117978402734703,0.3199740955510379,60,64,,False,False,Request timeout: 300.0s exceeded,374,21.16838264042747
270,2026-09-14T02:22:41.501+00:00,2026-09-14T02:27:35.316+00:00,2026-09-14T02:27:41.563+00:00,False,90,89.0,,89.0,293815.14544,300061.612512,300061.612507,3334.0179167444444,0.04796,293815.14544,30963.44361021849,88.16654245,70.18502328089887,19.502887609666296,0.29660575124863975,60,64,,False,False,Request timeout: 300.0s exceeded,349,21.16838264042747
271,2026-09-14T02:22:46.618+00:00,2026-09-14T02:27:40.069+00:00,2026-09-14T02:27:46.652+00:00,False,104,103.0,,103.0,293450.645121,300034.096769,300034.096617,2884.943236701923,0.0,293450.645121,28769.01048691614,91.0094885,63.91700629126213,65.95854237685904,0.34329431591003806,60,64,,False,False,Request timeout: 300.0s exceeded,418,21.16838264042747
272,2026-09-14T02:22:50.071+00:00,2026-09-14T02:27:43.683+00:00,2026-09-14T02:27:50.136+00:00,False,96,95.0,,95.0,293611.39970300003,300064.550935,300064.550905,3125.672405260417,0.04396,293611.39970300003,29959.6619388509,89.87441075000001,67.92790770526315,20.29923692081406,0.3165985442265018,60,64,,False,False,Request timeout: 300.0s exceeded,427,21.16838264042747
273,2026-09-14T02:22:55.342+00:00,2026-09-14T02:27:48.950+00:00,2026-09-14T02:27:55.372+00:00,False,92,91.0,,91.0,293608.401532,300029.844604,300029.84458,3261.193962826087,0.02484,293608.401532,30603.44124652817,89.082948,70.56530848351649,19.721484252143693,0.3033031601243138,60,64,,False,False,Request timeout: 300.0s exceeded,121,21.16838264042747
274,2026-09-14T02:22:58.793+00:00,2026-09-14T02:27:52.400+00:00,2026-09-14T02:27:58.856+00:00,False,96,95.0,,95.0,293607.527435,300063.837451,300063.837449,3125.664973427083,0.016730000000000002,293607.527435,29959.263590429695,88.696755,67.9611580631579,20.67872510277601,0.3165992970262982,60,64,,False,False,Request timeout: 300.0s exceeded,371,21.16838264042747
275,2026-09-14T02:23:03.353+00:00,2026-09-14T02:27:57.058+00:00,2026-09-14T02:28:03.412+00:00,False,96,95.0,,95.0,293704.75225099997,300059.348091,300059.348251,3125.6182109479164,0.06293,293704.75225099997,29969.29542328272,88.84199925000001,66.89048252631578,20.074950579783437,0.31660403384996033,60,64,,False,False,Request timeout: 300.0s exceeded,434,21.16838264042747
276,2026-09-14T02:23:07.916+00:00,2026-09-14T02:28:01.394+00:00,2026-09-14T02:28:07.977+00:00,False,99,98.0,,98.0,293477.543173,300061.04243699997,300061.042289,3030.919619080808,0.026999,293477.543173,29488.85854522874,90.3789867,67.17856391836735,20.94582058244985,0.32660021175716547,60,64,,False,False,Request timeout: 300.0s exceeded,447,21.16838264042747
277,2026-09-14T02:23:11.079+00:00,2026-09-14T02:28:04.815+00:00,2026-09-14T02:28:11.121+00:00,False,94,93.0,,93.0,293735.816759,300042.345271,300042.345311,3191.939843734043,0.023719999999999998,293735.816759,30289.549313878724,92.20629100000001,67.8121345376344,21.262056827694813,0.30995624939540406,60,64,,False,False,Request timeout: 300.0s exceeded,464,21.16838264042747
278,2026-09-14T02:23:13.959+00:00,2026-09-14T02:28:07.814+00:00,2026-09-14T02:28:14.670+00:00,False,62,61.0,,61.0,293855.06315899995,300711.16402299993,300711.16419899993,4850.180067725806,0.02416,293855.06315899995,37306.8791101137,92.27007165,112.39509613114754,339.89025398478884,0.20285246208994892,60,64,,False,False,Request timeout: 300.0s exceeded,246,21.16838264042747
279,2026-09-14T02:23:18.781+00:00,2026-09-14T02:28:14.640+00:00,2026-09-14T02:28:18.839+00:00,False,78,77.0,,77.0,295858.47444,300057.032904,300057.033026,3846.885038794872,0.01573,295858.47444,33493.216754586385,93.39290349999999,54.5267332987013,32.007265406671536,0.256617881123404,60,64,,False,False,Request timeout: 300.0s exceeded,396,21.16838264042747
280,2026-09-14T02:23:23.109+00:00,2026-09-14T02:28:16.746+00:00,2026-09-14T02:28:23.147+00:00,False,92,91.0,,91.0,293637.23942500004,300038.135169,300038.135032,3261.284076434783,0.053289,293637.23942500004,30606.470904830232,87.59354355,70.33951367032968,19.018310844724223,0.30329477934111,60,64,,False,False,Request timeout: 300.0s exceeded,383,21.16838264042747
281,2026-09-14T02:23:27.737+00:00,2026-09-14T02:28:21.233+00:00,2026-09-14T02:28:27.767+00:00,False,94,93.0,,93.0,293495.64644,300029.72388,300029.723766,3191.805571978723,0.02078,293495.64644,30264.524476466002,89.1099038,70.25889720430108,20.07431394684963,0.3099692883668963,60,64,,False,False,Request timeout: 300.0s exceeded,441,21.16838264042747
282,2026-09-14T02:23:30.890+00:00,2026-09-14T02:28:24.358+00:00,2026-09-14T02:28:30.965+00:00,False,100,99.0,,99.0,293468.151622,300074.376774,300074.376817,3000.74376817,0.01682,293468.151622,29340.149054391655,88.8199754,66.72954698989899,20.14644799405621,0.3299182058272223,60,64,,False,False,Request timeout: 300.0s exceeded,218,21.16838264042747
283,2026-09-14T02:23:34.399+00:00,2026-09-14T02:28:28.369+00:00,2026-09-14T02:28:34.433+00:00,False,88,87.0,,87.0,293969.508608,300033.98784,300033.987846,3409.4771346136363,0.01756,293969.508608,31329.83072498798,90.43816935,69.70665783908045,20.40539335388129,0.2899671488098033,60,64,,False,False,Request timeout: 300.0s exceeded,210,21.16838264042747
284,2026-09-14T02:23:39.220+00:00,2026-09-14T02:28:33.239+00:00,2026-09-14T02:28:39.296+00:00,False,92,91.0,,91.0,294019.05817000003,300075.99026600004,300075.99030400004,3261.695546782609,0.0,294019.05817000003,30646.73961137856,90.34306755,66.55969336263736,67.31749306680507,0.3032565181883887,60,64,,False,False,Request timeout: 300.0s exceeded,453,21.16838264042747
285,2026-09-14T02:23:42.958+00:00,2026-09-14T02:28:36.669+00:00,2026-09-14T02:28:43.019+00:00,False,98,97.0,,97.0,293711.28225499997,300060.84769499995,300060.84759099997,3061.845383581632,0.0,293711.28225499997,29662.779030903486,88.76142970000001,65.4594375257732,65.47601493209089,0.32326776633850174,60,64,,False,False,Request timeout: 300.0s exceeded,526,21.16838264042747
286,2026-09-14T02:23:46.907+00:00,2026-09-14T02:28:40.602+00:00,2026-09-14T02:28:46.960+00:00,False,94,93.0,,93.0,293695.38071399997,300052.735978,300052.73607299995,3192.0503837553188,0.05011,293695.38071399997,30285.32107264329,90.1018148,68.35865875268817,19.43726424476211,0.30994551573367024,60,64,,False,False,Request timeout: 300.0s exceeded,456,21.16838264042747
287,2026-09-14T02:23:51.016+00:00,2026-09-14T02:28:44.486+00:00,2026-09-14T02:28:51.053+00:00,False,98,97.0,,97.0,293469.632586,300036.252746,300036.252843,3061.5944167653065,0.02299,293469.632586,29638.07807981204,87.66224970000002,67.69711505154639,20.34464348114086,0.3232942656503471,60,64,,False,False,Request timeout: 300.0s exceeded,402,21.16838264042747
288,2026-09-14T02:23:55.817+00:00,2026-09-14T02:28:49.378+00:00,2026-09-14T02:28:55.905+00:00,False,99,98.0,,98.0,293561.29279900005,300088.46335900004,300088.46346000006,3031.196600606061,0.03533,293561.29279900005,29497.333185299398,89.66471680000001,66.6037812244898,20.544302336627595,0.326570368294236,60,64,,False,False,Request timeout: 300.0s exceeded,449,21.16838264042747
289,2026-09-14T02:23:58.741+00:00,2026-09-14T02:28:52.258+00:00,2026-09-14T02:28:58.820+00:00,False,96,95.0,,95.0,293516.94757599995,300079.7802159999,300079.7803219999,3125.831045020833,0.05024,293516.94757599995,29949.90462896372,89.50152349999999,69.08244884210526,21.03553302080692,0.3165824766054488,60,64,,False,False,Request timeout: 300.0s exceeded,163,21.16838264042747
290,2026-09-14T02:24:03.871+00:00,2026-09-14T02:28:57.609+00:00,2026-09-14T02:29:03.905+00:00,False,93,92.0,,92.0,293738.370952,300033.807496,300033.80748300004,3226.169972935484,0.0412,293738.370952,30452.161224451094,90.3913956,68.42865808695652,20.445825026063485,0.30663211178702426,60,64,,False,False,Request timeout: 300.0s exceeded,442,21.16838264042747
291,2026-09-14T02:24:08.939+00:00,2026-09-14T02:29:02.642+00:00,2026-09-14T02:29:08.978+00:00,False,91,90.0,,90.0,293703.55375,300038.97647,300038.976656,3297.131611604396,0.023039999999999998,293703.55375,30781.126304344634,91.7582465,70.39358577777777,21.417949696702255,0.29996102859322626,60,64,,False,False,Request timeout: 300.0s exceeded,427,21.16838264042747
292,2026-09-14T02:24:13.075+00:00,2026-09-14T02:29:06.760+00:00,2026-09-14T02:29:13.131+00:00,False,97,96.0,,96.0,293685.207592,300055.979048,300055.97914400004,3093.360609731959,0.11306000000000001,293685.207592,29812.483739462263,87.1624682,66.36220266666666,20.348152564934715,0.31994030015526825,60,64,,False,False,Request timeout: 300.0s exceeded,385,21.16838264042747
293,2026-09-14T02:24:16.035+00:00,2026-09-14T02:29:09.917+00:00,2026-09-14T02:29:16.046+00:00,False,93,92.0,,92.0,293881.72007,300010.515718,300010.515792,3225.919524645161,0.04238,293881.72007,30467.213176258894,86.77611300000001,66.617344,19.708890686871786,0.30665591764282346,60,64,,False,False,Request timeout: 300.0s exceeded,440,21.16838264042747
294,2026-09-14T02:24:21.311+00:00,2026-09-14T02:29:15.337+00:00,2026-09-14T02:29:21.317+00:00,False,91,90.0,,90.0,294026.42298699997,300006.36641099997,300006.366414,3296.773257296703,0.023190000000000002,294026.42298699997,30815.385313988787,89.9748255,66.44381582222222,20.029600661800387,0.2999936337241011,60,64,,False,False,Request timeout: 300.0s exceeded,380,21.16838264042747
295,2026-09-14T02:24:26.567+00:00,2026-09-14T02:29:20.345+00:00,2026-09-14T02:29:26.638+00:00,False,88,87.0,,87.0,293777.60147600004,300070.79418,300070.79419100005,3409.8953885340916,0.01691,293777.60147600004,31309.092505205317,89.6262615,72.33554832183908,19.428236135321857,0.2899315817713746,60,64,,False,False,Request timeout: 300.0s exceeded,273,21.16838264042747
296,2026-09-14T02:24:31.827+00:00,2026-09-14T02:29:25.965+00:00,2026-09-14T02:29:31.904+00:00,False,87,86.0,,86.0,294137.988909,300076.777517,300076.777422,3449.158361172414,0.018170000000000002,294137.988909,31527.505322408757,89.4711896,69.05568148837209,20.175365468636954,0.28659332025494016,60,64,,False,False,Request timeout: 300.0s exceeded,419,21.16838264042747
297,2026-09-14T02:24:35.499+00:00,2026-09-14T02:29:29.296+00:00,2026-09-14T02:29:35.534+00:00,False,102,101.0,,101.0,293797.128422,300034.526438,300034.52634499996,2941.5149641666667,0.0,293797.128422,29084.204602945476,92.69287525,61.756416,63.6299189454795,0.33662792478941905,60,64,,False,False,Request timeout: 300.0s exceeded,455,21.16838264042747
298,2026-09-14T02:24:38.495+00:00,2026-09-14T02:29:32.119+00:00,2026-09-14T02:29:38.564+00:00,False,104,103.0,,103.0,293623.282061,300068.161933,300068.161936,2885.270787846154,0.0,293623.282061,28786.063729316567,89.80558285,62.57164924271844,62.76043578505811,0.3432553435075798,60,64,,False,False,Request timeout: 300.0s exceeded,476,21.16838264042747
299,2026-09-14T02:24:42.856+00:00,2026-09-14T02:29:36.539+00:00,2026-09-14T02:29:42.940+00:00,False,97,96.0,,96.0,293682.807248,300083.572944,300083.572866,3093.6450810927836,0.046979999999999994,293682.807248,29812.208926621453,89.9869688,66.67464266666667,21.258192778383645,0.3199108803530375,60,64,,False,False,Request timeout: 300.0s exceeded,435,21.16838264042747
300,2026-09-14T02:24:47.741+00:00,2026-09-14T02:29:41.509+00:00,2026-09-14T02:29:47.777+00:00,False,99,98.0,,98.0,293768.150713,300036.49452099996,300036.494541,3030.6716620303027,0.03685,293768.150713,29518.388690738455,90.5539809,63.96269191836735,20.64327442476933,0.326626933021779,60,64,,False,False,Request timeout: 300.0s exceeded,474,21.16838264042747
301,2026-09-14T02:24:51.233+00:00,2026-09-14T02:29:44.947+00:00,2026-09-14T02:29:51.320+00:00,False,102,101.0,,101.0,293714.15706,300087.364356,300087.364246,2942.0329828039216,0.04164,293714.15706,29075.795301117036,91.40416730000001,63.10106233663366,21.86809739152407,0.33656865298793975,60,64,,False,False,Request timeout: 300.0s exceeded,452,21.16838264042747
302,2026-09-14T02:24:55.097+00:00,2026-09-14T02:29:49.034+00:00,2026-09-14T02:29:55.112+00:00,False,87,86.0,,86.0,293937.109143,300015.105175,300015.10511199996,3448.449484045977,0.03429,293937.109143,31505.794978399543,89.54659800000002,70.67437246511628,19.800640212158374,0.28665223355949315,60,64,,False,False,Request timeout: 300.0s exceeded,360,21.16838264042747
303,2026-09-14T02:24:58.977+00:00,2026-09-14T02:29:52.650+00:00,2026-09-14T02:29:59.013+00:00,False,94,93.0,,93.0,293673.70410000003,300036.28662800003,300036.286809,3191.8753915851066,0.05619,293673.70410000003,30283.080500203025,88.69111615,68.41486589247312,20.94806157850512,0.3099625083525515,60,64,,False,False,Request timeout: 300.0s exceeded,505,21.16838264042747
304,2026-09-14T02:25:02.071+00:00,2026-09-14T02:29:55.843+00:00,2026-09-14T02:30:02.130+00:00,False,91,90.0,,90.0,293771.75965499994,300058.78147899994,300058.78136299993,3297.349245747252,0.03185,293771.75965499994,30788.332040113884,88.75049250000001,69.85579804444444,20.587933148993557,0.2999412300362847,60,64,,False,False,Request timeout: 300.0s exceeded,373,21.16838264042747
305,2026-09-14T02:25:06.115+00:00,2026-09-14T02:29:59.553+00:00,2026-09-14T02:30:06.194+00:00,False,97,96.0,,96.0,293438.636652,300079.80862,300079.80858300003,3093.6062740515467,0.09308,293438.636652,29787.16179876244,88.0844658,69.17887466666667,19.638860421040423,0.319914893446122,60,64,,False,False,Request timeout: 300.0s exceeded,434,21.16838264042747
306,2026-09-14T02:25:10.285+00:00,2026-09-14T02:30:04.326+00:00,2026-09-14T02:30:10.328+00:00,False,88,87.0,,87.0,294041.604162,300043.391298,300043.391422,3409.5839934318183,0.03365,294041.604162,31337.593187486305,90.35931355000001,68.98605903448276,20.769274678702647,0.2899580611445379,60,64,,False,False,Request timeout: 300.0s exceeded,371,21.16838264042747
307,2026-09-14T02:25:14.127+00:00,2026-09-14T02:30:07.941+00:00,2026-09-14T02:30:14.178+00:00,False,94,93.0,,93.0,293814.608964,300051.34701200004,300051.347058,3192.0356070000003,0.0215,293814.608964,30297.752976152533,88.5301433,67.06169944086021,20.480489640317145,0.30994695050071086,60,64,,False,False,Request timeout: 300.0s exceeded,416,21.16838264042747
308,2026-09-14T02:25:17.564+00:00,2026-09-14T02:30:11.179+00:00,2026-09-14T02:30:17.617+00:00,False,99,98.0,,98.0,293615.345916,300053.46252400003,300053.462386,3030.8430544040407,0.03524,293615.345916,29502.856231449594,86.33006889999999,65.69506742857142,19.310883733627765,0.3266084622908205,60,64,,False,False,Request timeout: 300.0s exceeded,220,21.16838264042747
309,2026-09-14T02:25:20.792+00:00,2026-09-14T02:30:14.651+00:00,2026-09-14T02:30:20.815+00:00,False,93,92.0,,92.0,293859.20933499996,300023.378551,300023.37844199996,3226.057832709677,0.02677,293859.20933499996,30464.839477637503,89.37592059999999,67.00183930434783,20.36290777083712,0.3066427704545072,60,64,,False,False,Request timeout: 300.0s exceeded,408,21.16838264042747
310,2026-09-14T02:25:25.309+00:00,2026-09-14T02:30:19.008+00:00,2026-09-14T02:30:25.335+00:00,False,93,92.0,,92.0,293698.50877899997,300025.773803,300025.77369199996,3226.0835880860213,0.028050000000000002,293698.50877899997,30447.9919332265,89.88412180000002,68.77461982608695,20.591449067679505,0.3066403223757974,60,64,,False,False,Request timeout: 300.0s exceeded,373,21.16838264042747
311,2026-09-14T02:25:28.804+00:00,2026-09-14T02:30:22.385+00:00,2026-09-14T02:30:28.843+00:00,False,100,99.0,,99.0,293581.19226700003,300038.62253900006,300038.62238500005,3000.3862238500005,0.0,293581.19226700003,29351.667293248207,90.70110499999998,65.2265684040404,64.76148162169966,0.3299575206759644,60,64,,False,False,Request timeout: 300.0s exceeded,463,21.16838264042747
312,2026-09-14T02:25:33.202+00:00,2026-09-14T02:30:26.533+00:00,2026-09-14T02:30:33.226+00:00,False,108,107.0,,107.0,293331.048587,300023.778955,300023.779089,2777.997954527778,0.0,293331.048587,28219.84273116637,92.07825115,62.54888194392523,62.32905285212707,0.3566383983719128,60,64,,False,False,Request timeout: 300.0s exceeded,486,21.16838264042747
313,2026-09-14T02:25:36.637+00:00,2026-09-14T02:30:30.278+00:00,2026-09-14T02:30:36.674+00:00,False,94,93.0,,93.0,293640.682627,300036.93376299995,300036.933775,3191.8822742021275,0.03645,293640.682627,30279.63665886408,88.70987450000001,68.77689393548387,20.056572767388218,0.3099618398095648,60,64,,False,False,Request timeout: 300.0s exceeded,270,21.16838264042747
314,2026-09-14T02:25:40.802+00:00,2026-09-14T02:30:34.749+00:00,2026-09-14T02:30:40.827+00:00,False,92,91.0,,91.0,293946.635276,300024.72270000004,300024.72261500004,3261.1382892934785,0.02321,293946.635276,30639.098580311027,88.10515555,66.7921694945055,20.730293489410574,0.30330833799650736,60,64,,False,False,Request timeout: 300.0s exceeded,413,21.16838264042747
315,2026-09-14T02:25:44.542+00:00,2026-09-14T02:30:38.072+00:00,2026-09-14T02:30:44.604+00:00,False,99,98.0,,98.0,293530.393546,300062.30369000003,300062.303648,3030.932360080808,0.03847,293530.393546,29494.22240336461,88.53153960000002,66.65214432653062,19.910276994857423,0.3265988389572775,60,64,,False,False,Request timeout: 300.0s exceeded,167,21.16838264042747
316,2026-09-14T02:25:47.556+00:00,2026-09-14T02:30:41.250+00:00,2026-09-14T02:30:47.636+00:00,False,95,94.0,,94.0,293693.337742,300079.310478,300079.310502,3158.729584231579,0.0549,293693.337742,30125.337038502268,88.08180039999999,67.93588017021276,19.81179382801097,0.31325051983845953,60,64,,False,False,Request timeout: 300.0s exceeded,391,21.16838264042747
317,2026-09-14T02:25:50.506+00:00,2026-09-14T02:30:44.000+00:00,2026-09-14T02:30:50.560+00:00,False,98,97.0,,97.0,293494.540174,300054.56091,300054.56091600005,3061.781233836735,0.025589999999999998,293494.540174,29640.600784219947,89.7989387,67.62907975257733,20.027091619626997,0.32327453948981866,60,64,,False,False,Request timeout: 300.0s exceeded,392,21.16838264042747
318,2026-09-14T02:25:55.490+00:00,2026-09-14T02:30:49.092+00:00,2026-09-14T02:30:55.557+00:00,False,98,97.0,,97.0,293601.971794,300066.54958600004,300066.54960800003,3061.9035674285715,0.02057,293601.971794,29651.552662146354,88.91955535000001,66.64513187628866,20.40387323051638,0.3232616235759377,60,64,,False,False,Request timeout: 300.0s exceeded,391,21.16838264042747
319,2026-09-14T02:25:58.585+00:00,2026-09-14T02:30:52.929+00:00,2026-09-14T02:30:58.625+00:00,False,82,81.0,,81.0,294344.17206099996,300039.452189,300039.45230799995,3659.01771107317,0.02411,294344.17206099996,32497.117444159972,88.87002105000002,70.31210034567901,19.87877464308631,0.26996449769871167,60,64,,False,False,Request timeout: 300.0s exceeded,295,21.16838264042747
320,2026-09-14T02:26:02.898+00:00,2026-09-14T02:30:56.630+00:00,2026-09-14T02:31:02.924+00:00,False,94,93.0,,93.0,293731.300739,300025.66976300004,300025.66993100004,3191.7624460744682,0.041659999999999996,293731.300739,30289.09643766331,89.49033845,67.68138735483872,20.42501385804041,0.30997347684771004,60,64,,False,False,Request timeout: 300.0s exceeded,124,21.16838264042747
321,2026-09-14T02:26:07.173+00:00,2026-09-14T02:31:00.316+00:00,2026-09-14T02:31:07.218+00:00,False,103,102.0,,102.0,293142.86413400003,300044.74419800006,300044.74420500005,2913.055768980583,0.01782,293142.86413400003,28877.56433498731,89.1632452,67.66549082352941,20.122708064944085,0.33994929747107994,60,64,,False,False,Request timeout: 300.0s exceeded,553,21.16838264042747
322,2026-09-14T02:26:12.156+00:00,2026-09-14T02:31:06.029+00:00,2026-09-14T02:31:12.180+00:00,False,91,90.0,,90.0,293872.79341000004,300023.844418,300023.844525,3296.96532445055,0.01948,293872.79341000004,30799.08176525422,89.25193200000001,68.3450112,20.79705093799077,0.29997615747703693,60,64,,False,False,Request timeout: 300.0s exceeded,174,21.16838264042747
323,2026-09-14T02:26:16.912+00:00,2026-09-14T02:31:10.874+00:00,2026-09-14T02:31:16.959+00:00,False,93,92.0,,92.0,293961.62080800004,300046.74362400005,300046.74349200004,3226.309069806452,0.11485,293961.62080800004,30475.547909244142,88.363665,66.14263930434782,20.002654611690946,0.3066188917393774,60,64,,False,False,Request timeout: 300.0s exceeded,452,21.16838264042747
324,2026-09-14T02:26:19.773+00:00,2026-09-14T02:31:13.154+00:00,2026-09-14T02:31:19.808+00:00,False,103,102.0,,102.0,293380.391619,300034.468035,300034.468032,2912.9560003106794,0.01979,293380.391619,28901.207893387447,87.40941,65.23604329411765,19.9843521973074,0.339960940714656,60,64,,False,False,Request timeout: 300.0s exceeded,423,21.16838264042747
325,2026-09-14T02:26:23.726+00:00,2026-09-14T02:31:17.569+00:00,2026-09-14T02:31:23.791+00:00,False,100,99.0,,99.0,293842.846286,300064.867662,300064.86767199996,3000.64867672,0.0,293842.846286,29378.077863020582,91.34456250000001,62.84870076767677,68.08774405799223,0.32992866099711443,60,64,,False,False,Request timeout: 300.0s exceeded,478,21.16838264042747
326,2026-09-14T02:26:28.090+00:00,2026-09-14T02:31:21.891+00:00,2026-09-14T02:31:28.180+00:00,False,92,91.0,,91.0,293801.757488,300089.93489599996,300089.93489399995,3261.847118413043,0.05207,293801.757488,30623.75284144583,88.10298405000002,69.10085063736264,19.981804209911004,0.3032424264130592,60,64,,False,False,Request timeout: 300.0s exceeded,438,21.16838264042747
327,2026-09-14T02:26:31.127+00:00,2026-09-14T02:31:24.722+00:00,2026-09-14T02:31:31.165+00:00,False,92,91.0,,91.0,293595.15223799995,300038.59774199995,300038.59773499996,3261.2891058152168,0.03257,293595.15223799995,30602.034594183235,89.2174616,70.80709345054946,19.54749659730434,0.30329431174801696,60,64,,False,False,Request timeout: 300.0s exceeded,290,21.16838264042747
328,2026-09-14T02:26:35.814+00:00,2026-09-14T02:31:29.532+00:00,2026-09-14T02:31:35.863+00:00,False,91,90.0,,90.0,293717.549715,300048.24949099997,300048.24946099997,3297.2335105604393,0.04133,293717.549715,30782.5972448053,88.137569,70.34110862222221,18.725167241690517,0.29995175826779674,60,64,,False,False,Request timeout: 300.0s exceeded,439,21.16838264042747
329,2026-09-14T02:26:39.946+00:00,2026-09-14T02:31:33.562+00:00,2026-09-14T02:31:39.953+00:00,False,94,93.0,,93.0,293615.280575,300007.057087,300007.056962,3191.564435765957,0.045899999999999996,293615.280575,30277.02167669655,88.65867149999998,68.72877969892474,20.17241025179209,0.30999270784830446,60,64,,False,False,Request timeout: 300.0s exceeded,452,21.16838264042747
330,2026-09-14T02:26:44.274+00:00,2026-09-14T02:31:37.789+00:00,2026-09-14T02:31:44.339+00:00,False,99,98.0,,98.0,293515.42579,300064.75827,300064.75820700004,3030.9571536060607,0.04269,293515.42579,29492.700836745284,89.87120490000001,66.82992326530612,20.81253518800275,0.32659616732405156,60,64,,False,False,Request timeout: 300.0s exceeded,503,21.16838264042747
331,2026-09-14T02:26:49.516+00:00,2026-09-14T02:31:43.140+00:00,2026-09-14T02:31:49.530+00:00,False,100,99.0,,99.0,293623.763616,300013.366432,300013.36642000003,3000.1336642,0.01829,293623.763616,29355.92920743104,89.24247894999999,64.54144258585859,20.36142275363751,0.329985297579863,60,64,,False,False,Request timeout: 300.0s exceeded,411,21.16838264042747
332,2026-09-14T02:26:52.989+00:00,2026-09-14T02:31:46.933+00:00,2026-09-14T02:31:53.000+00:00,False,94,93.0,,93.0,293944.01020599995,300010.19567799993,300010.19576999993,3191.597827340425,0.0206,293944.01020599995,30311.288664203475,88.46613615,65.22780077419355,20.20926854444924,0.30998946482411094,60,64,,False,False,Request timeout: 300.0s exceeded,414,21.16838264042747
333,2026-09-14T02:26:56.139+00:00,2026-09-14T02:31:49.868+00:00,2026-09-14T02:31:56.203+00:00,False,96,95.0,,95.0,293728.980213,300063.625205,300063.625181,3125.662762302083,0.02637,293728.980213,29971.789648650036,89.86416975,66.6804736,20.128851393757408,0.3165995209685849,60,64,,False,False,Request timeout: 300.0s exceeded,330,21.16838264042747
334,2026-09-14T02:27:01.358+00:00,2026-09-14T02:31:55.097+00:00,2026-09-14T02:32:01.413+00:00,False,94,93.0,,93.0,293738.21260900004,300054.53670500003,300054.536826,3192.069540702128,0.023579999999999997,293738.21260900004,30289.785277574618,90.58131915,67.91746339784946,20.847033056623633,0.3099436556476177,60,64,,False,False,Request timeout: 300.0s exceeded,352,21.16838264042747
335,2026-09-14T02:27:06.219+00:00,2026-09-14T02:31:59.987+00:00,2026-09-14T02:32:06.293+00:00,False,105,104.0,,104.0,293767.17997399997,300073.86566999997,300073.86581999995,2857.846341142857,0.01482,293767.17997399997,28663.95641539516,89.8095404,60.64120861538461,256.10701417237465,0.34658133179239226,60,64,,False,False,Request timeout: 300.0s exceeded,432,21.16838264042747
336,2026-09-14T02:27:10.938+00:00,2026-09-14T02:32:06.865+00:00,2026-09-14T02:32:10.943+00:00,False,62,61.0,,61.0,295927.259559,300005.369255,300005.36934000003,4838.79627967742,0.06744,295927.259559,37574.314491399666,86.94873510000001,66.85425731147541,20.394180688267546,0.2033296942367419,60,64,,False,False,Request timeout: 300.0s exceeded,215,21.16838264042747
337,2026-09-14T02:27:13.929+00:00,2026-09-14T02:32:07.461+00:00,2026-09-14T02:32:14.012+00:00,False,97,96.0,,96.0,293531.88054900005,300083.29917300004,300083.29916900006,3093.6422594742276,0.05138,293531.88054900005,29796.72381265007,87.0422526,68.243944,19.023320922869722,0.3199111722130706,60,64,,False,False,Request timeout: 300.0s exceeded,465,21.16838264042747
338,2026-09-14T02:27:17.508+00:00,2026-09-14T02:32:11.497+00:00,2026-09-14T02:32:17.549+00:00,False,94,93.0,,93.0,293989.42206699995,300041.861107,300041.86095099995,3191.9346909680844,0.0,293989.42206699995,30316.052509916874,87.5563313,65.07998967741936,66.14746200181838,0.30995674955780467,60,64,,False,False,Request timeout: 300.0s exceeded,124,21.16838264042747
339,2026-09-14T02:27:20.694+00:00,2026-09-14T02:32:14.538+00:00,2026-09-14T02:32:20.707+00:00,False,93,92.0,,92.0,293843.472649,300013.188873,300013.188875,3225.9482674731184,0.0,293843.472649,30463.2657728347,88.08024759999998,67.06213286956522,66.17628032566289,0.30665318530028013,60,64,,False,False,Request timeout: 300.0s exceeded,259,21.16838264042747
340,2026-09-14T02:27:25.961+00:00,2026-09-14T02:32:19.396+00:00,2026-09-14T02:32:25.988+00:00,False,96,95.0,,95.0,293434.45345800003,300026.627794,300026.627852,3125.277373458334,0.03456,293434.45345800003,29941.452982815626,91.32141974999999,69.39130879999999,20.146881553512625,0.31663856204532465,60,64,,False,False,Request timeout: 300.0s exceeded,408,21.16838264042747
341,2026-09-14T02:27:29.840+00:00,2026-09-14T02:32:23.734+00:00,2026-09-14T02:32:29.901+00:00,False,86,85.0,,85.0,293894.48969099997,300060.987995,300060.98818299995,3489.0812579418603,0.01794,293894.48969099997,31683.641235220042,91.66383375,72.54703887058822,20.148708303874084,0.28327574526754673,60,64,,False,False,Request timeout: 300.0s exceeded,194,21.16838264042747
342,2026-09-14T02:27:32.735+00:00,2026-09-14T02:32:26.285+00:00,2026-09-14T02:32:32.805+00:00,False,92,91.0,,91.0,293549.59721100004,300069.813787,300069.81364800007,3261.628409217392,0.02979,293549.59721100004,30597.19757957376,91.05802514999999,71.6507316043956,20.139176516033952,0.3032627602608337,60,64,,False,False,Request timeout: 300.0s exceeded,460,21.16838264042747
343,2026-09-14T02:27:37.328+00:00,2026-09-14T02:32:31.098+00:00,2026-09-14T02:32:37.364+00:00,False,91,90.0,,90.0,293770.13133,300036.263042,300036.263177,3297.1017931538463,0.018609999999999998,293770.13133,30788.18549810809,89.108792,69.6236856888889,20.31560406365957,0.2999637413408309,60,64,,False,False,Request timeout: 300.0s exceeded,371,21.16838264042747
344,2026-09-14T02:27:41.237+00:00,2026-09-14T02:32:34.778+00:00,2026-09-14T02:32:41.262+00:00,False,97,96.0,,96.0,293541.56058999995,300024.92212599993,300024.92217,3093.0404347422677,0.02312,293541.56058999995,29797.7796792974,90.08701659999998,67.535016,20.58472029698099,0.3199734186071495,60,64,,False,False,Request timeout: 300.0s exceeded,380,21.16838264042747
345,2026-09-14T02:27:44.104+00:00,2026-09-14T02:32:37.845+00:00,2026-09-14T02:32:44.192+00:00,False,99,98.0,,98.0,293740.818744,300088.55096799997,300088.550971,3031.1974845555555,0.035,293740.818744,29515.559961816467,88.242693,64.77277779591837,20.136243851150713,0.326570272954033,60,64,,False,False,Request timeout: 300.0s exceeded,514,21.16838264042747
346,2026-09-14T02:27:48.089+00:00,2026-09-14T02:32:41.890+00:00,2026-09-14T02:32:48.141+00:00,False,92,91.0,,91.0,293801.86479400005,300052.49929000007,300052.49946500006,3261.4402115760877,0.02278,293801.86479400005,30623.807404807725,90.68667255,68.68829116483516,20.53789729104509,0.30328026000559555,60,64,,False,False,Request timeout: 300.0s exceeded,369,21.16838264042747
347,2026-09-14T02:27:51.367+00:00,2026-09-14T02:32:44.882+00:00,2026-09-14T02:32:51.440+00:00,False,94,93.0,,93.0,293515.249654,300072.80383,300072.80391799996,3192.2638714680847,0.03665,293515.249654,30266.51966627173,87.39851785,70.51133522580645,18.994090351371685,0.30992478762816245,60,64,,False,False,Request timeout: 300.0s exceeded,582,21.16838264042747
348,2026-09-14T02:27:56.548+00:00,2026-09-14T02:32:50.161+00:00,2026-09-14T02:32:56.601+00:00,False,94,93.0,,93.0,293613.12741799996,300052.95231399994,300052.95233999996,3192.052684468085,0.037450000000000004,293613.12741799996,30276.745460365477,87.183604,69.2454289892473,18.843987128929808,0.3099452922652039,60,64,,False,False,Request timeout: 300.0s exceeded,456,21.16838264042747
349,2026-09-14T02:28:01.571+00:00,2026-09-14T02:32:55.057+00:00,2026-09-14T02:33:01.603+00:00,False,98,97.0,,97.0,293485.540666,300031.609146,300031.60929299996,3061.5470336020408,0.01776,293485.540666,29639.705900130808,88.41622285000001,67.48524206185567,19.532957899178484,0.323299269287318,60,64,,False,False,Request timeout: 300.0s exceeded,401,21.16838264042747
350,2026-09-14T02:28:05.377+00:00,2026-09-14T02:32:58.878+00:00,2026-09-14T02:33:05.414+00:00,False,97,96.0,,96.0,293500.944181,300036.964405,300036.964469,3093.164582154639,0.018969999999999997,293500.944181,29793.59974129281,89.9367238,68.083544,20.181685087418522,0.3199605761589294,60,64,,False,False,Request timeout: 300.0s exceeded,431,21.16838264042747
351,2026-09-14T02:28:10.512+00:00,2026-09-14T02:33:04.239+00:00,2026-09-14T02:33:11.169+00:00,False,95,94.0,,94.0,293727.010734,300657.59300600004,300657.59302000003,3164.816768631579,0.04895,293727.010734,30128.261374682184,88.6276714,73.72959863829787,65.4934606121275,0.31264801617075444,60,64,,False,False,Request timeout: 300.0s exceeded,449,21.16838264042747
352,2026-09-14T02:28:14.620+00:00,2026-09-14T02:33:05.789+00:00,2026-09-14T02:33:14.755+00:00,False,147,146.0,,146.0,291169.01248900004,300135.60397700005,300135.60384900006,2041.7388016938778,0.0,291169.01248900004,24010.216542349404,90.51745729999999,61.41501019178082,56.736487786746906,0.48644678627060933,60,64,,False,False,Request timeout: 300.0s exceeded,569,21.16838264042747
353,2026-09-14T02:28:18.560+00:00,2026-09-14T02:33:12.339+00:00,2026-09-14T02:33:18.610+00:00,False,103,102.0,,102.0,293779.213405,300050.05910099996,300050.05906299996,2913.1073695436894,0.03487,293779.213405,28940.87658025303,90.64949899999999,61.47887937254902,21.95464424862427,0.3399432758174053,60,64,,False,False,Request timeout: 300.0s exceeded,387,21.16838264042747
354,2026-09-14T02:28:22.821+00:00,2026-09-14T02:33:16.039+00:00,2026-09-14T02:33:22.865+00:00,False,101,100.0,,100.0,293217.807354,300043.805434,300043.805411,2970.730746643564,0.01724,293217.807354,29169.477150100618,88.67317299999999,68.2599808,20.247734768209707,0.33328466773494775,60,64,,False,False,Request timeout: 300.0s exceeded,468,21.16838264042747
355,2026-09-14T02:28:25.980+00:00,2026-09-14T02:33:19.299+00:00,2026-09-14T02:33:26.025+00:00,False,98,97.0,,97.0,293319.21080299997,300044.78110699996,300044.78106199997,3061.681439408163,0.0201,293319.21080299997,29622.717259943067,89.51466735,69.33577632989692,19.74870815342627,0.323285076454666,60,64,,False,False,Request timeout: 300.0s exceeded,447,21.16838264042747
356,2026-09-14T02:28:29.619+00:00,2026-09-14T02:33:23.540+00:00,2026-09-14T02:33:29.639+00:00,False,92,91.0,,91.0,293921.852665,300020.706297,300020.706426,3261.0946350652175,0.018809,293921.852665,30636.49061859426,90.28273255,67.02036958241759,20.116378538029956,0.3033123984113157,60,64,,False,False,Request timeout: 300.0s exceeded,413,21.16838264042747
357,2026-09-14T02:28:34.435+00:00,2026-09-14T02:33:27.920+00:00,2026-09-14T02:33:34.508+00:00,False,103,102.0,,102.0,293485.743249,300073.504401,300073.504479,2913.3349949417475,0.02233,293485.743249,28911.652664362977,88.56175510000001,64.58589364705882,20.141289979431633,0.3399167154181444,60,64,,False,False,Request timeout: 300.0s exceeded,488,21.16838264042747
358,2026-09-14T02:28:38.803+00:00,2026-09-14T02:33:32.505+00:00,2026-09-14T02:33:38.840+00:00,False,100,99.0,,99.0,293702.45063700003,300036.99860500003,300036.998459,3000.3699845900005,0.03691,293702.45063700003,29363.8531605973,89.17787899999999,63.985333010101016,19.83281792445707,0.3299593065531692,60,64,,False,False,Request timeout: 300.0s exceeded,461,21.16838264042747
359,2026-09-14T02:28:42.629+00:00,2026-09-14T02:33:36.382+00:00,2026-09-14T02:33:42.658+00:00,False,99,98.0,,98.0,293753.175653,300028.33597300004,300028.335871,3030.589251222222,0.01941,293753.175653,29516.877438042808,88.71870190000001,64.03224816326531,21.751347173228556,0.3266358148545648,60,64,,False,False,Request timeout: 300.0s exceeded,212,21.16838264042747
360,2026-09-14T02:28:46.840+00:00,2026-09-14T02:33:40.038+00:00,2026-09-14T02:33:46.862+00:00,False,102,101.0,,101.0,293198.471496,300021.826888,300021.826748,2941.3904583137255,0.037520000000000005,293198.471496,29024.292950151626,87.78587964999998,67.55797417821783,21.067925761280552,0.3366421738299191,60,64,,False,False,Request timeout: 300.0s exceeded,463,21.16838264042747
361,2026-09-14T02:28:51.463+00:00,2026-09-14T02:33:45.555+00:00,2026-09-14T02:33:51.498+00:00,False,92,91.0,,91.0,294092.17475400004,300034.87709,300034.87702300004,3261.248663293479,0.02428,294092.17475400004,30654.426735296453,87.01845099999998,65.30442127472527,19.98501691311328,0.3032980728193915,60,64,,False,False,Request timeout: 300.0s exceeded,444,21.16838264042747
362,2026-09-14T02:28:55.965+00:00,2026-09-14T02:33:49.582+00:00,2026-09-14T02:33:55.974+00:00,False,99,98.0,,98.0,293617.60716799996,300009.27462399995,300009.274781,3030.3967149595956,0.02197,293617.60716799996,29503.131228743412,86.5303049,65.22109648979591,19.460655166498107,0.3266565679438507,60,64,,False,False,Request timeout: 300.0s exceeded,496,21.16838264042747
363,2026-09-14T02:28:59.114+00:00,2026-09-14T02:33:52.440+00:00,2026-09-14T02:33:59.199+00:00,False,101,100.0,,100.0,293325.995008,300084.411392,300084.411286,2971.132785009901,0.01988,293325.995008,29180.308881605513,88.75178299999999,67.58416384,19.375586839952614,0.3332395692802919,60,64,,False,False,Request timeout: 300.0s exceeded,534,21.16838264042747
364,2026-09-14T02:29:02.989+00:00,2026-09-14T02:33:56.183+00:00,2026-09-14T02:34:03.038+00:00,False,102,101.0,,101.0,293193.00477,300048.17917,300048.179124,2941.6488149411766,0.022269999999999998,293193.00477,29023.719588986176,88.08748255,67.87301386138614,19.804028349110983,0.33661260761317885,60,64,,False,False,Request timeout: 300.0s exceeded,470,21.16838264042747
365,2026-09-14T02:29:07.466+00:00,2026-09-14T02:34:01.158+00:00,2026-09-14T02:34:07.514+00:00,False,100,99.0,,99.0,293691.847892,300047.98485199997,300047.984989,3000.47984989,0.0,293691.847892,29362.838990414934,87.07385894999999,64.20340363636363,66.49942857532245,0.3299472251041186,60,64,,False,False,Request timeout: 300.0s exceeded,509,21.16838264042747
366,2026-09-14T02:29:10.324+00:00,2026-09-14T02:34:04.228+00:00,2026-09-14T02:34:10.357+00:00,False,93,92.0,,92.0,293904.017515,300032.940139,300032.940243,3226.160647774194,0.0,293904.017515,30469.595287673645,89.1298406,66.61872417391305,68.61709308735827,0.3066329982213887,60,64,,False,False,Request timeout: 300.0s exceeded,348,21.16838264042747
367,2026-09-14T02:29:14.044+00:00,2026-09-14T02:34:07.979+00:00,2026-09-14T02:34:14.095+00:00,False,83,82.0,,82.0,293934.475865,300050.544985,300050.544869,3615.0668056506024,0.03555,293934.475865,32255.318787726363,91.1043332,74.58620878048781,18.881161280420432,0.27328728899359045,60,64,,False,False,Request timeout: 300.0s exceeded,199,21.16838264042747
368,2026-09-14T02:29:18.699+00:00,2026-09-14T02:34:12.484+00:00,2026-09-14T02:34:18.784+00:00,False,92,91.0,,91.0,293785.101374,300085.201982,300085.20198,3261.7956736956526,0.02929,293785.101374,30622.00319084818,89.67539055000002,69.2318748131868,20.78559568706531,0.3032472091224893,60,64,,False,False,Request timeout: 300.0s exceeded,177,21.16838264042747
369,2026-09-14T02:29:22.822+00:00,2026-09-14T02:34:16.841+00:00,2026-09-14T02:34:22.874+00:00,False,88,87.0,,87.0,294018.629565,300051.63410900004,300051.633965,3409.677658693182,0.03523,294018.629565,31335.105200318023,89.45135890000002,69.34487981609196,19.772587486087332,0.2899500956171944,60,64,,False,False,Request timeout: 300.0s exceeded,427,21.16838264042747
370,2026-09-14T02:29:27.384+00:00,2026-09-14T02:34:20.907+00:00,2026-09-14T02:34:27.455+00:00,False,95,94.0,,94.0,293522.739265,300070.38777699997,300070.387789,3158.6356609368418,0.020059999999999998,293522.739265,30107.657328873833,89.021944,69.65583523404256,19.47824385647612,0.31325983445543104,60,64,,False,False,Request timeout: 300.0s exceeded,425,21.16838264042747
371,2026-09-14T02:29:30.750+00:00,2026-09-14T02:34:24.328+00:00,2026-09-14T02:34:30.827+00:00,False,96,95.0,,95.0,293578.44435,300077.706046,300077.705926,3125.809436729167,0.02417,293578.44435,29956.2487792998,88.069974,68.41328101052632,20.103525903702643,0.3165846648582321,60,64,,False,False,Request timeout: 300.0s exceeded,503,21.16838264042747
372,2026-09-14T02:29:33.609+00:00,2026-09-14T02:34:27.154+00:00,2026-09-14T02:34:33.644+00:00,False,96,95.0,,95.0,293545.07513300003,300035.339709,300035.33961900003,3125.36812103125,0.02152,293545.07513300003,29952.852631540685,87.58144225,68.31857448421052,19.978180183345987,0.3166293680342427,60,64,,False,False,Request timeout: 300.0s exceeded,472,21.16838264042747
373,2026-09-14T02:29:37.838+00:00,2026-09-14T02:34:31.498+00:00,2026-09-14T02:34:37.900+00:00,False,95,94.0,,94.0,293660.237434,300061.804922,300061.805087,3158.5453167052633,0.0427,293660.237434,30121.924227303203,89.6877027,68.10178178723403,20.161147885456455,0.31326879482190334,60,64,,False,False,Request timeout: 300.0s exceeded,426,21.16838264042747
374,2026-09-14T02:29:42.138+00:00,2026-09-14T02:34:35.961+00:00,2026-09-14T02:34:42.226+00:00,False,91,90.0,,90.0,293823.18188499997,300087.57407699997,300087.57397699996,3297.665648098901,0.030780000000000002,293823.18188499997,30793.748108089945,87.363161,69.6043576888889,19.334750600440696,0.29991245147960294,60,64,,False,False,Request timeout: 300.0s exceeded,157,21.16838264042747
375,2026-09-14T02:29:45.058+00:00,2026-09-14T02:34:39.000+00:00,2026-09-14T02:34:45.120+00:00,False,91,90.0,,90.0,293941.67951700004,300061.65929300006,300061.65928400005,3297.3808712527475,0.02493,293941.67951700004,30806.338474305794,88.2954185,67.99977528888888,19.7109512183912,0.2999383533772905,60,64,,False,False,Request timeout: 300.0s exceeded,447,21.16838264042747
376,2026-09-14T02:29:47.955+00:00,2026-09-14T02:34:41.489+00:00,2026-09-14T02:34:48.027+00:00,False,100,99.0,,99.0,293533.671142,300071.422694,300071.422826,3000.7142282600003,0.038439999999999995,293533.671142,29346.76980390094,87.25044,66.03789446464647,19.60030148218652,0.3299214537365524,60,64,,False,False,Request timeout: 300.0s exceeded,517,21.16838264042747
377,2026-09-14T02:29:53.077+00:00,2026-09-14T02:34:46.750+00:00,2026-09-14T02:34:53.140+00:00,False,100,99.0,,99.0,293672.709913,300062.972697,300062.972649,3000.62972649,0.022789999999999998,293672.709913,29360.82272953317,88.8181775,64.54810892929294,19.71032241127754,0.3299307445706372,60,64,,True,False,Request timeout: 300.0s exceeded,531,21.16838264042747
378,2026-09-14T02:29:57.553+00:00,2026-09-14T02:34:50.868+00:00,2026-09-14T02:34:57.601+00:00,False,99,98.0,,98.0,293315.033822,300048.55446200003,300048.554444,3030.7934792323235,0.03128,293315.033822,29472.37110042613,88.999963,68.70939428571428,19.79057634214871,0.3266138048080859,60,64,,True,False,Request timeout: 300.0s exceeded,505,21.16838264042747
379,2026-09-14T02:30:00.999+00:00,2026-09-14T02:34:54.661+00:00,2026-09-14T02:35:01.048+00:00,False,98,97.0,,97.0,293661.418694,300049.084102,300049.084147,3061.7253484387757,0.02129,293661.418694,29657.637770956568,88.01918069999999,65.85222070103093,20.360352927988906,0.32328044023299,60,64,,True,False,Request timeout: 300.0s exceeded,472,21.16838264042747
380,2026-09-14T02:30:03.924+00:00,2026-09-14T02:34:57.347+00:00,2026-09-14T02:35:03.944+00:00,False,102,101.0,,101.0,293422.62534100004,300019.728445,300019.72832100006,2941.3698855000002,0.02373,293422.62534100004,29046.708509928147,88.0570205,65.3178525148515,19.95610985189711,0.33664452842312154,60,64,,True,False,Request timeout: 300.0s exceeded,491,21.16838264042747
381,2026-09-14T02:30:07.078+00:00,2026-09-14T02:35:00.957+00:00,2026-09-14T02:35:07.113+00:00,False,91,90.0,,90.0,293879.75477999996,300035.457052,300035.45706199994,3297.0929347472525,0.06473999999999999,293879.75477999996,30799.805774933782,88.161129,68.39669191111112,20.30831950233948,0.29996454713817994,60,64,,True,False,Request timeout: 300.0s exceeded,441,21.16838264042747
382,2026-09-14T02:30:12.328+00:00,2026-09-14T02:35:05.821+00:00,2026-09-14T02:35:12.369+00:00,False,100,99.0,,99.0,293493.05752100004,300040.999153,300040.99922500004,3000.4099922500004,0.02498,293493.05752100004,29342.698537377953,88.30220500000001,66.14082456565656,20.17803330992779,0.3299549070942698,60,64,,True,False,Request timeout: 300.0s exceeded,374,21.16838264042747
383,2026-09-14T02:30:16.117+00:00,2026-09-14T02:35:09.785+00:00,2026-09-14T02:35:16.209+00:00,False,96,95.0,,95.0,293667.862596,300091.29658,300091.296693,3125.9510072187504,0.02291,293667.862596,29965.457055281222,90.71392800000001,67.61509456842106,20.991097301336197,0.31657032737260465,60,64,,True,False,Request timeout: 300.0s exceeded,322,21.16838264042747
384,2026-09-14T02:30:20.306+00:00,2026-09-14T02:35:14.251+00:00,2026-09-14T02:35:20.315+00:00,False,88,87.0,,87.0,293944.491447,300009.204663,300009.20472,3409.1955081818182,0.022850000000000002,293944.491447,31327.163436299543,89.48659865000002,69.70934731034482,20.14882261843929,0.2899911024320971,60,64,,True,False,Request timeout: 300.0s exceeded,384,21.16838264042747
385,2026-09-14T02:30:25.513+00:00,2026-09-14T02:35:18.980+00:00,2026-09-14T02:35:25.563+00:00,False,96,95.0,,95.0,293467.150219,300050.614411,300050.614589,3125.527235302083,0.03798,293467.150219,29944.798980306878,88.8944255,69.29962307368422,19.44600991873348,0.31661324935623014,60,64,,True,False,Request timeout: 300.0s exceeded,596,21.16838264042747
386,2026-09-14T02:30:30.647+00:00,2026-09-14T02:35:24.617+00:00,2026-09-14T02:35:30.688+00:00,False,88,87.0,,87.0,293970.527313,300041.419857,300041.419744,3409.561588,0.019870000000000002,293970.527313,31329.93258237292,88.73997485,69.78037406896553,22.078174742213182,0.289959966332196,60,64,,True,False,Request timeout: 300.0s exceeded,408,21.16838264042747
387,2026-09-14T02:30:34.925+00:00,2026-09-14T02:35:29.003+00:00,2026-09-14T02:35:35.008+00:00,False,88,87.0,,87.0,294078.186561,300083.084097,300083.084001,3410.035045465909,0.023960000000000002,294078.186561,31341.488333528803,86.64562434999999,69.02181075862069,19.608586034860235,0.2899197076096358,60,64,,True,False,Request timeout: 300.0s exceeded,310,21.16838264042747
388,2026-09-14T02:30:39.824+00:00,2026-09-14T02:35:33.193+00:00,2026-09-14T02:35:39.852+00:00,False,98,97.0,,97.0,293369.714352,300027.74212799995,300027.74221399997,3061.507573612245,0.04064,293369.714352,29627.888932846563,87.61562040000001,68.63946160824743,19.299336159510297,0.3233034362489625,60,64,,True,False,Request timeout: 300.0s exceeded,503,21.16838264042747
389,2026-09-14T02:30:43.937+00:00,2026-09-14T02:35:37.759+00:00,2026-09-14T02:35:44.002+00:00,False,92,91.0,,91.0,293822.30701,300064.57261,300064.572529,3261.5714405326084,0.02472,293822.30701,30625.94823959106,91.576276,68.59632527472527,20.535653422343128,0.30326805730003503,60,64,,True,False,Request timeout: 300.0s exceeded,395,21.16838264042747
390,2026-09-14T02:30:49.041+00:00,2026-09-14T02:35:42.833+00:00,2026-09-14T02:35:49.063+00:00,False,91,90.0,,90.0,293791.13913200004,300021.53580400004,300021.53592700005,3296.9399552417585,0.02002,293791.13913200004,30790.429587515515,89.795396,69.22662968888889,20.696835121565123,0.2999784657418585,60,64,,True,False,Request timeout: 300.0s exceeded,449,21.16838264042747
391,2026-09-14T02:30:53.839+00:00,2026-09-14T02:35:47.359+00:00,2026-09-14T02:35:53.866+00:00,False,96,95.0,,95.0,293519.687669,300026.762741,300026.762981,3125.2787810520836,0.023940000000000003,293519.687669,29950.243487448053,88.83345525,68.49552707368422,19.997929542849953,0.3166384196266163,60,64,,True,False,Request timeout: 300.0s exceeded,500,21.16838264042747
392,2026-09-14T02:30:57.503+00:00,2026-09-14T02:35:51.150+00:00,2026-09-14T02:35:57.537+00:00,False,93,92.0,,92.0,293647.075535,300034.35207900003,300034.35199,3226.1758278494626,0.04133,293647.075535,30442.589725939197,87.91705540000001,69.42691895652173,18.72974720049328,0.3066315552286363,60,64,,True,False,Request timeout: 300.0s exceeded,307,21.16838264042747
393,2026-09-14T02:31:00.756+00:00,2026-09-14T02:35:54.661+00:00,2026-09-14T02:36:00.817+00:00,False,91,90.0,,90.0,293904.577886,300060.698206,300060.69825899997,3297.3703105384616,0.0257,293904.577886,30802.40752017241,89.7435165,68.40133688888889,20.406558677746798,0.29993931407242314,60,64,,True,False,Request timeout: 300.0s exceeded,435,21.16838264042747
394,2026-09-14T02:31:03.728+00:00,2026-09-14T02:35:57.448+00:00,2026-09-14T02:36:03.749+00:00,False,94,93.0,,93.0,293720.512458,300021.281226,300021.28117599996,3191.715757191489,0.04147,293720.512458,30287.976960529,89.67485285,67.75020180645161,20.937619968212612,0.30997801095964583,60,64,,True,False,Request timeout: 300.0s exceeded,166,21.16838264042747
395,2026-09-14T02:31:06.669+00:00,2026-09-14T02:36:00.560+00:00,2026-09-14T02:36:06.696+00:00,False,89,88.0,,88.0,293890.81650300004,300027.69151100004,300027.691377,3371.0976559213486,0.02221,293890.81650300004,31144.97926896547,90.24485540000002,69.737216,21.231135444948467,0.29330625968827817,60,64,,True,False,Request timeout: 300.0s exceeded,456,21.16838264042747
396,2026-09-14T02:31:10.664+00:00,2026-09-14T02:36:04.440+00:00,2026-09-14T02:36:10.736+00:00,False,90,89.0,,89.0,293776.68079,300072.76783,300072.767966,3334.141866288889,0.02157,293776.68079,30959.330250728868,89.30139935,70.74255101123595,19.40402415591307,0.2965947248182851,60,64,,True,False,Request timeout: 300.0s exceeded,367,21.16838264042747
397,2026-09-14T02:31:14.206+00:00,2026-09-14T02:36:07.870+00:00,2026-09-14T02:36:14.249+00:00,False,94,93.0,,93.0,293664.045552,300042.551536,300042.551314,3191.9420352553193,0.04081,293664.045552,30282.065422702148,87.7171225,68.58608584946236,19.090122858601685,0.30995603631520774,60,64,,True,False,Request timeout: 300.0s exceeded,311,21.16838264042747
398,2026-09-14T02:31:17.106+00:00,2026-09-14T02:36:11.149+00:00,2026-09-14T02:36:17.152+00:00,False,87,86.0,,86.0,294042.23706699995,300045.1989869999,300045.19894199993,3448.7953901379306,0.02016,294042.23706699995,31517.158719259758,86.77451099999999,69.80188279069768,18.649314995015114,0.28662348302972224,60,64,,True,False,Request timeout: 300.0s exceeded,353,21.16838264042747
399,2026-09-14T02:31:21.765+00:00,2026-09-14T02:36:15.558+00:00,2026-09-14T02:36:21.838+00:00,False,92,91.0,,91.0,293792.48089,300072.300922,300072.300759,3261.6554430326087,0.04052,293792.48089,30622.794669464736,87.7772296,69.00901134065934,19.037367901382787,0.3032602466818632,60,64,,True,False,Request timeout: 300.0s exceeded,409,21.16838264042747
400,2026-09-14T02:31:26.675+00:00,2026-09-14T02:36:20.460+00:00,2026-09-14T02:36:26.704+00:00,False,94,93.0,,93.0,293785.29643,300029.030958,300029.031036,3191.798202510638,0.02323,293785.29643,30294.72185108145,89.00741595,67.13693040860215,20.466712440525146,0.30997000424608495,60,64,,True,False,Request timeout: 300.0s exceeded,124,21.16838264042747
401,2026-09-14T02:31:31.391+00:00,2026-09-14T02:36:24.924+00:00,2026-09-14T02:36:31.448+00:00,False,92,91.0,,91.0,293532.969027,300056.777795,300056.777894,3261.4867162391306,0.02138,293532.969027,30595.45908820552,89.71360609999999,71.69020624175825,18.922849771150094,0.30327593553701215,60,64,,True,False,Request timeout: 300.0s exceeded,408,21.16838264042747
402,2026-09-14T02:31:34.976+00:00,2026-09-14T02:36:28.778+00:00,2026-09-14T02:36:35.016+00:00,False,89,88.0,,88.0,293802.081463,300039.683255,300039.683425,3371.232398033708,0.02244,293802.081463,31135.451173201367,88.88114460000001,70.88183854545454,19.895008089697413,0.2932945370603191,60,64,,True,False,Request timeout: 300.0s exceeded,420,21.16838264042747
403,2026-09-14T02:31:39.823+00:00,2026-09-14T02:36:33.694+00:00,2026-09-14T02:36:39.843+00:00,False,91,90.0,,90.0,293871.176195,300020.573187,300020.573192,3296.929375736264,0.045149999999999996,293871.176195,30798.914677927525,88.622003,68.32663324444445,21.556229566077832,0.2999794282237566,60,64,,True,False,Request timeout: 300.0s exceeded,452,21.16838264042747
404,2026-09-14T02:31:44.504+00:00,2026-09-14T02:36:38.189+00:00,2026-09-14T02:36:44.528+00:00,False,93,92.0,,92.0,293684.641723,300024.381115,300024.380967,3226.0686125483867,0.0375,293684.641723,30446.539971542166,91.35759259999999,68.9102107826087,20.65830339038419,0.3066417457744416,60,64,,True,False,Request timeout: 300.0s exceeded,389,21.16838264042747
405,2026-09-14T02:31:49.461+00:00,2026-09-14T02:36:43.356+00:00,2026-09-14T02:36:49.510+00:00,False,90,89.0,,89.0,293895.675413,300049.638165,300049.63799099997,3333.8848665666665,0.022920000000000003,293895.675413,30972.042879750083,91.10885549999999,69.1456488988764,21.206247421206232,0.2966175881573904,60,64,,True,False,Request timeout: 300.0s exceeded,468,21.16838264042747
406,2026-09-14T02:31:54.281+00:00,2026-09-14T02:36:48.284+00:00,2026-09-14T02:36:54.340+00:00,False,90,89.0,,89.0,294002.97849199997,300059.0791,300059.07930499996,3333.9897700555553,0.03585,294002.97849199997,30983.46883620157,88.49280440000001,68.04607424719102,20.17108513862842,0.29660825550404085,60,64,,True,False,Request timeout: 300.0s exceeded,360,21.16838264042747
407,2026-09-14T02:31:58.168+00:00,2026-09-14T02:36:51.941+00:00,2026-09-14T02:36:58.251+00:00,False,89,88.0,,88.0,293773.789751,300083.284023,300083.284109,3371.722293359551,0.02063,293773.789751,31132.365513210316,89.638579,71.69879854545455,19.659906993274898,0.2932519226670927,60,64,,True,False,Request timeout: 300.0s exceeded,430,21.16838264042747
408,2026-09-14T02:32:02.689+00:00,2026-09-14T02:36:56.130+00:00,2026-09-14T02:37:02.727+00:00,False,93,92.0,,92.0,293440.63041900005,300037.76142700005,300037.76137900003,3226.212487946237,0.02166,293440.63041900005,30420.94648112522,90.0462616,71.70794573913044,19.758820477446754,0.3066280709549416,60,64,,True,False,Request timeout: 300.0s exceeded,478,21.16838264042747
409,2026-09-14T02:32:07.643+00:00,2026-09-14T02:37:01.396+00:00,2026-09-14T02:37:07.680+00:00,False,103,102.0,,102.0,293752.778737,300036.905457,300036.905546,2912.9796654951456,0.0,293752.778737,28938.26482622444,90.07128719999999,61.60908549019608,28.612690837809463,0.3399581789601486,60,64,,True,False,Request timeout: 300.0s exceeded,422,21.16838264042747
410,2026-09-14T02:32:12.231+00:00,2026-09-14T02:37:06.936+00:00,2026-09-14T02:37:12.277+00:00,False,80,79.0,,79.0,294705.028242,300045.88276999997,300045.882872,3750.5735358999996,0.0,294705.028242,32941.479278001374,89.09777294999999,67.60575351898734,30.573370807765485,0.2632930646162454,60,64,,True,False,Request timeout: 300.0s exceeded,420,21.16838264042747
411,2026-09-14T02:32:15.174+00:00,2026-09-14T02:37:08.797+00:00,2026-09-14T02:37:15.201+00:00,False,95,94.0,,94.0,293623.473056,300027.08726400003,300027.08730300004,3158.1798663473687,0.03522,293623.473056,30118.150138214176,89.14026410000001,68.12355540425531,20.295772208311565,0.3133050447451348,60,64,,True,False,Request timeout: 300.0s exceeded,374,21.16838264042747
412,2026-09-14T02:32:18.069+00:00,2026-09-14T02:37:11.671+00:00,2026-09-14T02:37:18.115+00:00,False,101,100.0,,100.0,293601.690504,300045.579656,300045.579577,2970.7483126435645,0.04026,293601.690504,29208.055505954344,89.50540099999998,64.43889152,20.753310606004284,0.3332826969644053,60,64,,True,False,Request timeout: 300.0s exceeded,254,21.16838264042747
413,2026-09-14T02:32:21.604+00:00,2026-09-14T02:37:15.831+00:00,2026-09-14T02:37:21.636+00:00,False,89,88.0,,88.0,294227.235507,300032.516275,300032.51614,3371.151866741573,0.039799999999999995,294227.235507,31181.038481203253,87.699901,65.96909963636364,20.40991748217738,0.29330154308789014,60,64,,True,False,Request timeout: 300.0s exceeded,449,21.16838264042747
414,2026-09-14T02:32:25.137+00:00,2026-09-14T02:37:18.845+00:00,2026-09-14T02:37:25.145+00:00,False,95,94.0,,94.0,293708.062027,300008.40941900003,300008.409423,3157.9832570842104,0.02009,293708.062027,30126.941407220096,89.973756,67.02497225531914,20.165386708063867,0.3133245504085754,60,64,,True,False,Request timeout: 300.0s exceeded,468,21.16838264042747
415,2026-09-14T02:32:28.347+00:00,2026-09-14T02:37:22.191+00:00,2026-09-14T02:37:28.365+00:00,False,93,92.0,,92.0,293844.748352,300018.39212800004,300018.39220500004,3226.0042172580647,0.02361,293844.748352,30463.329404714492,88.63735499999999,67.10482365217392,20.573591575281736,0.3066478669772654,60,64,,True,False,Request timeout: 300.0s exceeded,500,21.16838264042747
416,2026-09-14T02:32:31.737+00:00,2026-09-14T02:37:25.356+00:00,2026-09-14T02:37:31.750+00:00,False,93,92.0,,92.0,293619.634999,300013.743415,300013.743258,3225.954228580645,0.03676,293619.634999,30439.73746145077,89.77144039999999,69.5011784347826,20.1333699308248,0.30665261848601105,60,64,,True,False,Request timeout: 300.0s exceeded,466,21.16838264042747
417,2026-09-14T02:32:36.940+00:00,2026-09-14T02:37:30.799+00:00,2026-09-14T02:37:37.001+00:00,False,92,91.0,,91.0,293859.263995,300061.061115,300061.061152,3261.533273391304,0.03623,293859.263995,30629.84658835468,87.20723755,68.15161670329671,18.891859444481778,0.30327160632523315,60,64,,True,False,Request timeout: 300.0s exceeded,377,21.16838264042747
418,2026-09-14T02:32:42.014+00:00,2026-09-14T02:37:35.756+00:00,2026-09-14T02:37:42.036+00:00,False,94,93.0,,93.0,293742.54329299997,300022.647741,300022.64767299994,3191.7302943936165,0.022579000000000002,293742.54329299997,30290.271840844664,88.82874775,67.52800481720429,20.428103717235693,0.30997659910089165,60,64,,True,False,Request timeout: 300.0s exceeded,298,21.16838264042747
419,2026-09-14T02:32:46.298+00:00,2026-09-14T02:37:40.091+00:00,2026-09-14T02:37:46.342+00:00,False,90,89.0,,89.0,293792.80930900003,300043.342941,300043.34291600005,3333.8149212888893,0.046529,293792.80930900003,30961.08394138828,88.01244845000001,70.23071496629213,18.819724934102496,0.2966238115054624,60,64,,True,False,Request timeout: 300.0s exceeded,409,21.16838264042747
420,2026-09-14T02:32:50.881+00:00,2026-09-14T02:37:44.568+00:00,2026-09-14T02:37:50.932+00:00,False,95,94.0,,94.0,293686.552121,300051.19800900004,300051.19810700003,3158.433664284211,0.021809000000000002,293686.552121,30124.663563090515,86.9860381,67.70899880851063,18.92679864135473,0.3132798689814945,60,64,,True,False,Request timeout: 300.0s exceeded,502,21.16838264042747
421,2026-09-14T02:32:54.628+00:00,2026-09-14T02:37:48.166+00:00,2026-09-14T02:37:54.644+00:00,False,96,95.0,,95.0,293537.046004,300015.473396,300015.473301,3125.16118021875,0.03762,293537.046004,29952.04638441605,89.23368750000002,68.19397254736842,20.729391235571548,0.31665033447993685,60,64,,True,False,Request timeout: 300.0s exceeded,361,21.16838264042747
422,2026-09-14T02:32:58.908+00:00,2026-09-14T02:37:52.341+00:00,2026-09-14T02:37:58.963+00:00,False,94,93.0,,93.0,293432.92758200003,300054.995294,300054.99533500004,3192.0744184574473,0.02059,293432.92758200003,30257.958159020793,90.580469,71.20502916129031,20.41219175105145,0.30994318194528536,60,64,,True,False,Request timeout: 300.0s exceeded,463,21.16838264042747
423,2026-09-14T02:33:04.103+00:00,2026-09-14T02:37:57.674+00:00,2026-09-14T02:38:04.195+00:00,False,93,92.0,,92.0,293570.926647,300091.24357500003,300091.24354500003,3226.787565,0.029589999999999998,293570.926647,30434.543916389368,89.16428999999998,70.87301008695651,19.39719249397485,0.30657342381603675,60,64,,True,False,Request timeout: 300.0s exceeded,388,21.16838264042747
424,2026-09-14T02:33:07.249+00:00,2026-09-14T02:38:00.816+00:00,2026-09-14T02:38:07.300+00:00,False,96,95.0,,95.0,293567.19327399996,300051.16178599995,300051.16183699993,3125.532935802083,0.04416,293567.19327399996,29955.11712639759,91.42967175,68.25230012631579,20.439730078309797,0.3166126717674739,60,64,,True,False,Request timeout: 300.0s exceeded,472,21.16838264042747
425,2026-09-14T02:33:12.516+00:00,2026-09-14T02:38:06.259+00:00,2026-09-14T02:38:12.727+00:00,False,53,52.0,,52.0,293743.748087,300210.98187899997,300210.981948,5664.358149962264,0.03689,293743.748087,40333.71107722175,89.2798654,124.3698806153846,404.3298642650756,0.17321151836130563,60,64,,True,False,Request timeout: 300.0s exceeded,161,21.16838264042747
426,2026-09-14T02:33:16.904+00:00,2026-09-14T02:38:12.759+00:00,2026-09-14T02:38:16.925+00:00,False,79,78.0,,78.0,295855.740957,300021.075741,300021.075756,3797.7351361518986,0.015439999999999999,295855.740957,33280.38074129366,88.79936190000001,53.401728,34.29927388969579,0.2599817356409163,60,64,,True,False,Request timeout: 300.0s exceeded,336,21.16838264042747
427,2026-09-14T02:33:19.912+00:00,2026-09-14T02:38:14.039+00:00,2026-09-14T02:38:19.995+00:00,False,92,91.0,,91.0,294126.597545,300082.778537,300082.778715,3261.769333858696,0.03358,294126.597545,30658.000021675332,85.26781910000001,65.45253837362637,19.838123342643215,0.30324965812318266,60,64,,True,False,Request timeout: 300.0s exceeded,345,21.16838264042747
428,2026-09-14T02:33:23.895+00:00,2026-09-14T02:38:17.883+00:00,2026-09-14T02:38:23.952+00:00,False,90,89.0,,89.0,293987.987556,300057.445476,300057.445606,3333.9716178444446,0.026359999999999998,293987.987556,30981.87266822816,88.29487044999998,68.19615640449437,19.913207082778406,0.2966098703493716,60,64,,True,False,Request timeout: 300.0s exceeded,392,21.16838264042747
429,2026-09-14T02:33:27.575+00:00,2026-09-14T02:38:21.189+00:00,2026-09-14T02:38:27.583+00:00,False,97,96.0,,96.0,293613.940053,300007.988053,300007.987988,3092.8658555463917,0.02467,293613.940053,29805.222887845644,88.1882158,66.60466666666666,20.18059941118502,0.3199914796370037,60,64,,True,False,Request timeout: 300.0s exceeded,453,21.16838264042747
430,2026-09-14T02:33:31.896+00:00,2026-09-14T02:38:25.408+00:00,2026-09-14T02:38:31.911+00:00,False,102,101.0,,101.0,293512.031686,300015.052998,300015.053021,2941.3240492254904,0.040530000000000004,293512.031686,29055.653499332755,88.67088205,64.38634962376237,20.265227092534627,0.3366497747053822,60,64,,True,False,Request timeout: 300.0s exceeded,559,21.16838264042747
431,2026-09-14T02:33:34.933+00:00,2026-09-14T02:38:28.785+00:00,2026-09-14T02:38:35.018+00:00,False,94,93.0,,93.0,293851.719178,300084.910346,300084.910452,3192.3926643829786,0.03675,293851.719178,30301.584528606294,88.91748164999998,67.02356094623656,20.470589563923372,0.30991228413574795,60,64,,True,False,Request timeout: 300.0s exceeded,445,21.16838264042747
432,2026-09-14T02:33:38.430+00:00,2026-09-14T02:38:31.646+00:00,2026-09-14T02:38:38.450+00:00,False,98,97.0,,97.0,293215.85995899996,300019.38328699995,300019.383269,3061.422278255102,0.01991,293215.85995899996,29612.196290900305,89.32767885000001,70.13941575257732,20.07972274063738,0.3233124438070368,60,64,,True,False,Request timeout: 300.0s exceeded,359,21.16838264042747
433,2026-09-14T02:33:42.793+00:00,2026-09-14T02:38:36.699+00:00,2026-09-14T02:38:42.814+00:00,False,92,91.0,,91.0,293906.245949,300020.585277,300020.585304,3261.093318521739,0.03903,293906.245949,30634.845293043767,87.19727799999998,67.19054206593407,19.376458382418154,0.30331252075914206,60,64,,True,False,Request timeout: 300.0s exceeded,495,21.16838264042747
434,2026-09-14T02:33:46.993+00:00,2026-09-14T02:38:40.569+00:00,2026-09-14T02:38:47.010+00:00,False,102,101.0,,101.0,293576.260533,300017.456053,300017.45620899997,2941.347609892157,0.019649999999999997,293576.260533,29062.074119500292,88.64438499999999,63.77421306930693,20.84754028310565,0.33664707823586676,60,64,,True,False,Request timeout: 300.0s exceeded,526,21.16838264042747
435,2026-09-14T02:33:49.962+00:00,2026-09-14T02:38:43.570+00:00,2026-09-14T02:38:50.011+00:00,False,99,98.0,,98.0,293608.660784,300048.803632,300048.803692,3030.795996888889,0.02016,293608.660784,29502.182481185002,86.6658858,65.71574334693878,19.630618046850252,0.3266135335776702,60,64,,True,False,Request timeout: 300.0s exceeded,131,21.16838264042747
436,2026-09-14T02:33:55.109+00:00,2026-09-14T02:38:48.938+00:00,2026-09-14T02:38:55.195+00:00,False,93,92.0,,92.0,293829.575546,300086.44441,300086.444331,3226.735960548387,0.03458,293829.575546,30461.662000144126,87.644751,68.00944417391305,20.190299194674804,0.30657832672475827,60,64,,True,False,Request timeout: 300.0s exceeded,448,21.16838264042747
437,2026-09-14T02:33:58.053+00:00,2026-09-14T02:38:51.486+00:00,2026-09-14T02:38:58.083+00:00,False,98,97.0,,97.0,293433.342291,300030.167891,300030.167747,3061.53232394898,0.035289,293433.342291,29634.38026995894,88.122413,68.0085113402062,19.622711996755314,0.3233008223201068,60,64,,True,False,Request timeout: 300.0s exceeded,471,21.16838264042747
438,2026-09-14T02:34:02.002+00:00,2026-09-14T02:38:55.790+00:00,2026-09-14T02:39:02.021+00:00,False,93,92.0,,92.0,293788.856499,300019.507123,300019.507109,3226.016205473118,0.046079999999999996,293788.856499,30457.46884250765,86.7975286,67.72446330434782,19.66318457956519,0.30664672734857357,60,64,,True,False,Request timeout: 300.0s exceeded,487,21.16838264042747
439,2026-09-14T02:34:07.028+00:00,2026-09-14T02:39:00.493+00:00,2026-09-14T02:39:07.115+00:00,False,101,100.0,,100.0,293465.27529,300087.560346,300087.560253,2971.16396290099,0.02325,293465.27529,29194.303869510335,89.537721,66.22285056,20.31064565164543,0.33323607244732273,60,64,,True,False,Request timeout: 300.0s exceeded,352,21.16838264042747
440,2026-09-14T02:34:10.872+00:00,2026-09-14T02:39:04.459+00:00,2026-09-14T02:39:10.923+00:00,False,99,98.0,,98.0,293587.15207099996,300050.32211899996,300050.32217999996,3030.811335151515,0.04342,293587.15207099996,29499.998012590408,89.8947159,65.9507147755102,20.886178588975945,0.3266118806602487,60,64,,True,False,Request timeout: 300.0s exceeded,144,21.16838264042747
441,2026-09-14T02:34:14.805+00:00,2026-09-14T02:39:08.417+00:00,2026-09-14T02:39:14.823+00:00,False,95,94.0,,94.0,293611.187329,300017.528705,300017.528659,3158.079249042105,0.026510000000000002,293611.187329,30116.886528776093,88.3317854,68.15256782978724,20.07830166607065,0.31331502664441957,60,64,,True,False,Request timeout: 300.0s exceeded,357,21.16838264042747
442,2026-09-14T02:34:18.086+00:00,2026-09-14T02:39:11.608+00:00,2026-09-14T02:39:18.110+00:00,False,97,96.0,,96.0,293521.795586,300023.49261,300023.492546,3093.025696350516,0.023030000000000002,293521.795586,29795.752805826953,86.6301018,67.72601066666667,19.611888502890768,0.31997494317816716,60,64,,True,False,Request timeout: 300.0s exceeded,461,21.16838264042747
443,2026-09-14T02:34:22.064+00:00,2026-09-14T02:39:15.958+00:00,2026-09-14T02:39:22.096+00:00,False,89,88.0,,88.0,293893.57296200003,300031.31043400004,300031.310468,3371.138319865169,0.03828,293893.57296200003,31145.269215200413,86.38014739999998,69.74701672727274,19.37100842266472,0.293302721881615,60,64,,True,False,Request timeout: 300.0s exceeded,427,21.16838264042747
444,2026-09-14T02:34:27.049+00:00,2026-09-14T02:39:21.086+00:00,2026-09-14T02:39:27.093+00:00,False,89,88.0,,88.0,294036.98356699996,300044.91905499995,300044.91898799996,3371.291224584269,0.036359999999999996,294036.98356699996,31160.627156583927,87.7367268,68.27199418181819,19.530444490404683,0.2932894190548486,60,64,,True,False,Request timeout: 300.0s exceeded,447,21.16838264042747
445,2026-09-14T02:34:31.766+00:00,2026-09-14T02:39:25.512+00:00,2026-09-14T02:39:31.772+00:00,False,93,92.0,,92.0,293745.98361,300005.427322,300005.427389,3225.8648106344085,0.02137,293745.98361,30452.991137569777,88.9656006,68.03743165217391,20.369225889139408,0.30666111883787733,60,64,,True,False,Request timeout: 300.0s exceeded,579,21.16838264042747
446,2026-09-14T02:34:35.352+00:00,2026-09-14T02:39:28.631+00:00,2026-09-14T02:39:35.388+00:00,False,111,110.0,,110.0,293279.184083,300036.222675,300036.222513,2703.0290316486485,0.027350000000000003,293279.184083,27831.005105059918,87.89916,61.42762356363636,20.251207863571313,0.36662239985320794,60,64,,True,False,Request timeout: 300.0s exceeded,520,21.16838264042747
447,2026-09-14T02:34:39.653+00:00,2026-09-14T02:39:33.409+00:00,2026-09-14T02:39:39.386+00:00,True,135,135.0,,135.0,293756.134134,299733.393142,299733.39308999997,2220.247356222222,0.0184,293756.134134,25278.678486563713,86.68627499999998,44.60641050746269,27.670976595794148,0.45040026599920135,60,64,,True,True,,664,21.16838264042747
0,2026-09-14T02:04:40.953+00:00,2026-09-14T02:04:41.211+00:00,2026-09-14T02:04:56.520+00:00,True,275,275.0,,275.0,258.419545,15567.232601000002,15567.232654,56.60811874181818,0.04553,258.419545,24.092584821008966,94.4005734,55.87158049635036,20.805007326937446,17.665310659155608,61,64,,False,True,,1227,21.16838264042747
1,2026-09-14T02:04:44.356+00:00,2026-09-14T02:04:44.527+00:00,2026-09-14T02:04:52.880+00:00,True,142,142.0,,142.0,171.07377,8523.39377,8523.393659,60.02389900704225,0.06924,171.07377,22.550034760390755,93.60613455000001,59.23631205673759,20.577287384039536,16.66003047985427,61,64,,False,True,,582,21.16838264042747
2,2026-09-14T02:04:47.784+00:00,2026-09-14T02:04:50.393+00:00,2026-09-14T02:05:08.288+00:00,True,273,273.0,,273.0,2609.198592,20504.67328,20504.673259,75.10869325641026,38.833798,2609.198592,155.46958868352164,96.56535459999999,65.79218635294117,21.837642795408836,13.314038037674113,61,64,,False,True,,1003,21.16838264042747
3,2026-09-14T02:04:51.473+00:00,2026-09-14T02:04:57.019+00:00,2026-09-14T02:05:06.676+00:00,True,148,148.0,,148.0,5546.328202,15203.440009999998,15203.44004,102.72594621621622,41.001424,5546.328202,450.9921511537768,94.60531935,65.69463814965987,21.021364723656404,9.73463899634909,61,64,,False,True,,666,21.16838264042747
4,2026-09-14T02:04:54.475+00:00,2026-09-14T02:05:03.145+00:00,2026-09-14T02:05:14.846+00:00,True,179,179.0,,179.0,8669.980828,20370.298779999997,20370.298871,113.8005523519553,39.084358,8669.980828,643.4638312680797,94.6867339,65.7321233258427,21.34355919397473,8.787303609692072,61,64,,False,True,,768,21.16838264042747
5,2026-09-14T02:04:57.769+00:00,2026-09-14T02:05:08.463+00:00,2026-09-14T02:05:17.314+00:00,True,134,134.0,,134.0,10694.864512,19545.118848,19545.118692,145.8590947164179,18.267451,10694.864512,918.4244596089244,96.4952877,66.54326568421052,22.654426071583554,6.8559317056141555,61,64,,False,True,,683,21.16838264042747
6,2026-09-14T02:05:00.994+00:00,2026-09-14T02:05:13.844+00:00,2026-09-14T02:05:23.774+00:00,True,146,146.0,,146.0,12849.812881,22779.481744999997,22779.481745,156.02384756849315,19.16823,12849.812881,1058.026536325569,94.00564175,68.48047492413794,22.420374298743084,6.409276630362602,61,64,,False,True,,670,21.16838264042747
7,2026-09-14T02:05:05.078+00:00,2026-09-14T02:05:20.505+00:00,2026-09-14T02:05:29.780+00:00,True,138,138.0,,138.0,15427.868428,24702.486284,24702.486253,179.00352357246376,41.167923,15427.868428,1307.7322433770394,95.55707835,67.69794055474452,22.23725603954089,5.586482203185503,61,64,,False,True,,632,21.16838264042747
8,2026-09-14T02:05:07.561+00:00,2026-09-14T02:05:25.560+00:00,2026-09-14T02:05:43.645+00:00,True,273,273.0,,273.0,17998.73091,36083.35555,36083.355441,132.17346315384614,0.01838,17998.73091,1085.6334329592453,95.51141659999999,66.48759058823529,26.598785818924235,7.5658152031262516,61,64,,False,True,,1226,21.16838264042747
9,2026-09-14T02:05:11.319+00:00,2026-09-14T02:05:31.363+00:00,2026-09-14T02:05:48.635+00:00,True,266,266.0,,266.0,20044.102910999998,37315.888127,37315.888244999995,140.28529415413533,0.0189,20044.102910999998,1225.2672314594604,95.9746905,65.17654798490565,26.273435152955358,7.1283309429672945,61,64,,False,True,,1413,21.16838264042747
10,2026-09-14T02:05:14.573+00:00,2026-09-14T02:05:37.001+00:00,2026-09-14T02:05:45.707+00:00,True,134,134.0,,134.0,22427.773867,31133.828010999998,31133.828241,232.34200179850745,0.01769,22427.773867,1932.0385128860644,96.7437935,65.45905371428572,29.84171068402817,4.3040001362073435,61,64,,False,True,,588,21.16838264042747
11,2026-09-14T02:05:18.337+00:00,2026-09-14T02:05:44.474+00:00,2026-09-14T02:05:56.665+00:00,True,184,184.0,,184.0,26137.100072,38328.119848,38328.119922,208.30499957608697,39.553446,26137.100072,1922.0670338868474,95.71257335,66.61759440437159,22.030245707995075,4.800652907831098,61,64,,False,True,,877,21.16838264042747
12,2026-09-14T02:05:21.712+00:00,2026-09-14T02:05:50.434+00:00,2026-09-14T02:06:05.959+00:00,True,232,232.0,,232.0,28721.923864,44247.093272,44247.093269,190.72022960775863,39.006657,28721.923864,1881.4051657847876,95.49126810000001,67.20852557575758,22.24454622398875,5.24328227786235,61,64,,False,True,,879,21.16838264042747
13,2026-09-14T02:05:25.241+00:00,2026-09-14T02:05:56.158+00:00,2026-09-14T02:06:05.314+00:00,True,139,139.0,,139.0,30917.05712,40073.11344,40073.113407000004,288.2957799064748,41.432463000000006,30917.05712,2616.809107481615,94.16537399999999,66.34823420289855,21.308859883028088,3.4686598586386252,61,64,,False,True,,644,21.16838264042747
14,2026-09-14T02:05:28.921+00:00,2026-09-14T02:06:02.495+00:00,2026-09-14T02:06:21.496+00:00,True,284,284.0,,284.0,33573.955299999994,52575.247332,52575.247282,185.1241101478873,35.217035,33573.955299999994,1988.3793376767667,94.1864045,67.1423746713781,21.496000062610825,5.401781530510138,61,64,,False,True,,1419,21.16838264042747
15,2026-09-14T02:05:31.820+00:00,2026-09-14T02:06:07.545+00:00,2026-09-14T02:06:15.888+00:00,True,127,127.0,,127.0,35725.179908,44067.65594,44067.655789,346.9894156614173,37.90277,35725.179908,3164.2994524074984,95.2950923,66.21012723809524,22.242906514280012,2.8819322764277717,61,64,,False,True,,576,21.16838264042747
16,2026-09-14T02:05:35.371+00:00,2026-09-14T02:06:13.424+00:00,2026-09-14T02:06:23.919+00:00,True,157,157.0,,157.0,38052.856004,48547.653828,48547.6539,309.220725477707,6.532666,38052.856004,3031.6715093963976,95.96207179999999,67.27434502564103,23.701639351950245,3.23393588815305,61,64,,False,True,,553,21.16838264042747
17,2026-09-14T02:05:39.188+00:00,2026-09-14T02:06:20.587+00:00,2026-09-14T02:06:37.850+00:00,True,262,262.0,,262.0,41399.195047,58662.892455,58662.892416,223.90416952671757,0.01744,41399.195047,2553.752650166694,95.45486854999999,66.14443451340996,31.067317634626985,4.4661964154082385,61,64,,False,True,,965,21.16838264042747
18,2026-09-14T02:05:41.895+00:00,2026-09-14T02:06:25.586+00:00,2026-09-14T02:06:38.298+00:00,True,191,191.0,,191.0,43690.235066,56402.708922000005,56402.708809,295.30214036125653,0.01712,43690.235066,3156.633416764092,94.9986495,66.90775713684211,31.889178102356446,3.3863621739185654,61,64,,False,True,,762,21.16838264042747
19,2026-09-14T02:05:44.899+00:00,2026-09-14T02:06:30.787+00:00,2026-09-14T02:06:44.458+00:00,True,207,207.0,,207.0,45888.355334,59559.092742,59559.092752,287.7250857584541,0.01616,45888.355334,3185.005772435904,95.37342059999999,66.3628029514563,31.714119138898965,3.4755398457241324,61,64,,False,True,,955,21.16838264042747
20,2026-09-14T02:05:48.502+00:00,2026-09-14T02:06:36.954+00:00,2026-09-14T02:06:48.305+00:00,True,172,172.0,,172.0,48451.770494000004,59802.15539,59802.155236000006,347.68694904651164,8.252032,48451.770494000004,3689.4216522881825,93.1090379,66.37651985964912,22.785407272940844,2.8761505146144195,61,64,,False,True,,664,21.16838264042747
21,2026-09-14T02:05:51.162+00:00,2026-09-14T02:06:42.274+00:00,2026-09-14T02:06:49.221+00:00,True,106,106.0,,106.0,51112.070887999995,58059.493864,58059.493964999994,547.7310751415093,7.231204,51112.070887999995,4958.075682454445,95.50952149999999,66.1659331047619,24.324620713390132,1.8257134698469304,61,64,,False,True,,410,21.16838264042747
22,2026-09-14T02:05:54.857+00:00,2026-09-14T02:06:47.511+00:00,2026-09-14T02:06:57.872+00:00,True,160,160.0,,160.0,52654.052002,63014.662306,63014.662482,393.84164051249996,39.466228,52654.052002,4157.574061963601,95.0833808,65.16107109433962,21.875379405821057,2.539091604157743,61,64,,False,True,,740,21.16838264042747
23,2026-09-14T02:05:57.376+00:00,2026-09-14T02:06:52.588+00:00,2026-09-14T02:07:00.247+00:00,True,115,115.0,,115.0,55211.896192,62871.47328,62871.473295,546.7084634347826,40.888854,55211.896192,5142.317301171103,94.87771070000001,67.18927270175439,22.051378583301034,1.8291284425266137,61,64,,False,True,,482,21.16838264042747
24,2026-09-14T02:06:01.361+00:00,2026-09-14T02:06:59.423+00:00,2026-09-14T02:07:06.298+00:00,True,104,104.0,,104.0,58062.528082000004,64937.913938000005,64937.91375000001,624.4030168269231,41.087914,58062.528082000004,5686.990962810189,92.45114565,66.75131899029127,20.660822699028646,1.6015297334511673,61,64,,False,True,,256,21.16838264042747
25,2026-09-14T02:06:05.610+00:00,2026-09-14T02:07:06.803+00:00,2026-09-14T02:07:24.577+00:00,True,267,267.0,,267.0,61193.296008000005,78967.243656,78967.24356,295.7574665168539,0.0,61193.296008000005,3740.9691140215377,96.85869360000001,66.81935206015038,25.92503457329896,3.3811487857308933,61,64,,False,True,,903,21.16838264042747
26,2026-09-14T02:06:09.074+00:00,2026-09-14T02:07:13.608+00:00,2026-09-14T02:07:29.284+00:00,True,236,236.0,,236.0,64533.878144,80209.607552,80209.60774400001,339.8712192542373,0.01714,64533.878144,4196.612722811723,96.56198199999999,66.70523152340425,36.4015366446295,2.9422909200372396,61,64,,False,True,,1189,21.16838264042747
27,2026-09-14T02:06:12.283+00:00,2026-09-14T02:07:18.851+00:00,2026-09-14T02:07:28.308+00:00,True,141,141.0,,141.0,66568.08863700001,76025.30284500001,76025.30295400001,539.1865457730497,0.023510000000000003,66568.08863700001,5600.523993877066,96.529326,67.55153005714286,43.59784353593695,1.854645686679737,61,64,,False,True,,188,21.16838264042747
28,2026-09-14T02:06:14.830+00:00,2026-09-14T02:07:23.005+00:00,2026-09-14T02:07:40.150+00:00,True,263,263.0,,263.0,68174.246118,85319.298534,85319.298598,324.40797946007604,0.01685,68174.246118,4199.925838262743,94.8341051,65.43913135877862,36.37060628384434,3.082538236002886,61,64,,False,True,,1235,21.16838264042747
29,2026-09-14T02:06:17.586+00:00,2026-09-14T02:07:28.677+00:00,2026-09-14T02:07:47.612+00:00,True,293,293.0,,293.0,71091.74131900001,90025.95853500001,90025.958593,307.2558313754266,5.274778,71091.74131900001,4149.498926968836,92.7134346,64.84320964383562,22.947293818952232,3.2546168323893863,61,64,,False,True,,1138,21.16838264042747
30,2026-09-14T02:06:21.490+00:00,2026-09-14T02:07:35.138+00:00,2026-09-14T02:07:51.734+00:00,True,259,259.0,,259.0,73647.772759,90243.668567,90243.66864999999,348.4311530888031,40.620374000000005,73647.772759,4572.29998092193,92.9212738,64.3251775503876,20.776281387026145,2.8700074377817377,61,64,,False,True,,1011,21.16838264042747
31,2026-09-14T02:06:24.681+00:00,2026-09-14T02:07:40.457+00:00,2026-09-14T02:07:58.816+00:00,True,283,283.0,,283.0,75775.910926,94135.583758,94135.583633,332.63457114134275,0.0,75775.910926,4500.602942926845,93.887027,65.10522280851063,23.797322679990465,3.006302066682086,61,64,,False,True,,1399,21.16838264042747
32,2026-09-14T02:06:28.951+00:00,2026-09-14T02:07:47.824+00:00,2026-09-14T02:07:56.554+00:00,True,134,134.0,,134.0,78872.97106299999,87603.579959,87603.580028,653.7580599104477,0.0,78872.97106299999,6807.966305325407,92.7021758,65.64367590977444,26.222578687846717,1.5296178542328331,61,64,,False,True,,387,21.16838264042747
33,2026-09-14T02:06:31.743+00:00,2026-09-14T02:07:52.682+00:00,2026-09-14T02:08:00.730+00:00,True,122,122.0,,122.0,80939.145682,88987.211218,88987.211365,729.4033718442623,39.461447,80939.145682,7321.895474815845,95.33084960000001,66.51293831404959,21.51015041044297,1.3709835192062103,61,64,,False,True,,609,21.16838264042747
34,2026-09-14T02:06:34.103+00:00,2026-09-14T02:07:56.866+00:00,2026-09-14T02:08:05.634+00:00,True,134,134.0,,134.0,82763.52482199999,91530.947542,91530.94746699999,683.066772141791,32.875930999999994,82763.52482199999,7144.018379278671,95.01408300000001,65.92047157894737,21.945098217450628,1.4639857184753016,61,64,,False,True,,714,21.16838264042747
35,2026-09-14T02:06:37.186+00:00,2026-09-14T02:08:00.907+00:00,2026-09-14T02:08:16.341+00:00,True,238,238.0,,238.0,83721.12320999999,99155.241098,99155.24099199999,416.61865963025207,0.0,83721.12320999999,5422.67603502322,96.23909535000001,65.12286028691983,26.182496495527435,2.4002765498272844,61,64,,False,True,,932,21.16838264042747
36,2026-09-14T02:06:40.157+00:00,2026-09-14T02:08:07.262+00:00,2026-09-14T02:08:25.753+00:00,True,280,280.0,,280.0,87105.113179,105596.05794700001,105596.05808100001,377.1287788607143,0.0,87105.113179,5201.74531822415,96.03537260000002,66.27578769892473,43.337963046402386,2.6516141363964127,61,64,,False,True,,834,21.16838264042747
37,2026-09-14T02:06:43.849+00:00,2026-09-14T02:08:13.701+00:00,2026-09-14T02:08:21.433+00:00,True,116,116.0,,116.0,89851.782141,97583.902205,97583.902204,841.2405362413793,0.0,89851.782141,8336.342309704345,94.64232249999999,67.23582664347826,30.81665836204053,1.1887206534978716,61,64,,False,True,,463,21.16838264042747
38,2026-09-14T02:06:47.623+00:00,2026-09-14T02:08:20.248+00:00,2026-09-14T02:08:31.156+00:00,True,168,168.0,,168.0,92624.888543,103532.771295,103532.77125399999,616.2664955595237,0.019030000000000002,92624.888543,7141.311940316693,97.12701385,65.31666318562874,51.68743482843691,1.622674616922124,61,64,,False,True,,563,21.16838264042747
39,2026-09-14T02:06:50.612+00:00,2026-09-14T02:08:26.178+00:00,2026-09-14T02:08:33.838+00:00,True,117,117.0,,117.0,95565.725654,103225.45582999999,103225.455813,882.2688531025641,34.483997,95565.725654,8828.977854926465,96.4367844,66.03215668965517,22.359104524741724,1.1334413499000193,61,64,,False,True,,510,21.16838264042747
40,2026-09-14T02:06:54.736+00:00,2026-09-14T02:08:33.618+00:00,2026-09-14T02:08:45.752+00:00,True,181,181.0,,181.0,98881.965752,111015.65202400001,111015.65201600001,613.3461437348067,0.0,98881.965752,7344.8700016125695,94.86638,67.40936817777778,24.869297022250205,1.6304007290870153,61,64,,False,True,,768,21.16838264042747
41,2026-09-14T02:06:57.318+00:00,2026-09-14T02:08:37.353+00:00,2026-09-14T02:08:47.154+00:00,True,149,149.0,,149.0,100035.718465,109836.858433,109836.858353,737.1601231744967,40.327785000000006,100035.718465,8189.850383262169,95.26613139999999,66.2239187027027,22.346939723655762,1.356557371775972,61,64,,False,True,,333,21.16838264042747
42,2026-09-14T02:07:00.671+00:00,2026-09-14T02:08:44.370+00:00,2026-09-14T02:09:03.843+00:00,True,294,294.0,,294.0,103698.703332,123172.178404,123172.178361,418.952987622449,0.0,103698.703332,6044.013604812276,95.88534530000001,66.46237225938567,26.65478006309389,2.3869026578038697,61,64,,False,True,,1429,21.16838264042747
43,2026-09-14T02:07:03.695+00:00,2026-09-14T02:08:50.134+00:00,2026-09-14T02:09:02.547+00:00,True,186,186.0,,186.0,106439.48453399999,118852.18418199998,118852.18414999999,638.9902373655914,0.0,106439.48453399999,7799.656173591988,94.60394000000001,67.09567377297297,29.156429118047413,1.564969136075578,61,64,,False,True,,757,21.16838264042747
44,2026-09-14T02:07:06.835+00:00,2026-09-14T02:08:55.109+00:00,2026-09-14T02:09:12.155+00:00,True,260,260.0,,260.0,108274.77116500001,125319.92982100001,125319.92973600002,481.9997297538462,0.0,108274.77116500001,6710.888874332264,95.28483589999998,65.81142338223938,26.992070549845106,2.0746899585035634,61,64,,False,True,,1213,21.16838264042747
45,2026-09-14T02:07:09.579+00:00,2026-09-14T02:09:00.166+00:00,2026-09-14T02:09:10.514+00:00,True,162,162.0,,162.0,110586.87821,120935.372802,120935.37273399999,746.5146465061728,32.753541,110586.87821,8683.503761866621,95.71811300000002,64.27636392546583,22.14752145502786,1.3395584455280307,61,64,,False,True,,676,21.16838264042747
46,2026-09-14T02:07:13.502+00:00,2026-09-14T02:09:06.760+00:00,2026-09-14T02:09:25.260+00:00,True,276,276.0,,276.0,113258.32990299999,131758.498607,131758.498372,477.38586366666664,0.0,113258.32990299999,6813.49021784185,97.57298150000001,67.27334074181817,50.87714427251995,2.094741537874027,61,64,,False,True,,931,21.16838264042747
47,2026-09-14T02:07:16.646+00:00,2026-09-14T02:09:13.282+00:00,2026-09-14T02:09:20.538+00:00,True,107,107.0,,107.0,116635.381727,123891.973087,123891.973221,1157.8689086074767,0.01668,116635.381727,11269.199012369329,98.88987289999999,68.45840905660377,75.29844769826957,0.8636556294479381,61,64,,False,True,,445,21.16838264042747
48,2026-09-14T02:07:19.659+00:00,2026-09-14T02:09:18.664+00:00,2026-09-14T02:09:27.662+00:00,True,134,134.0,,134.0,119004.494871,128002.711319,128002.711247,955.2441137835821,0.0,119004.494871,10274.630810371573,98.9190803,67.65576276691729,33.068830601536035,1.0468528253753466,61,64,,False,True,,638,21.16838264042747
49,2026-09-14T02:07:23.635+00:00,2026-09-14T02:09:25.400+00:00,2026-09-14T02:09:44.755+00:00,True,293,293.0,,293.0,121764.925487,141119.927599,141119.92773,481.6379786006826,35.421485000000004,121764.925487,7109.743010529555,95.175913,66.28425380821918,21.52625087357688,2.0762482307429715,61,64,,False,True,,730,21.16838264042747
50,2026-09-14T02:07:26.949+00:00,2026-09-14T02:09:30.653+00:00,2026-09-14T02:09:46.487+00:00,True,244,244.0,,244.0,123703.78770900001,139537.846205,139537.84618800002,571.8764188032787,0.0,123703.78770900001,7915.203317597978,94.15019349999999,65.16073455144033,28.55588515629357,1.7486295412753534,61,64,,False,True,,1095,21.16838264042747
51,2026-09-14T02:07:30.436+00:00,2026-09-14T02:09:36.716+00:00,2026-09-14T02:09:50.654+00:00,True,213,213.0,,213.0,126280.210993,140218.018609,140218.018457,658.3005561361502,0.0,126280.210993,8648.124360358743,95.07525300000002,65.74437554716981,29.946918825100465,1.519062971456997,61,64,,False,True,,743,21.16838264042747
52,2026-09-14T02:07:33.020+00:00,2026-09-14T02:09:41.743+00:00,2026-09-14T02:09:52.828+00:00,True,169,169.0,,169.0,128722.95286,139808.217244,139808.217148,827.2675570887574,0.0,128722.95286,9896.739864289264,95.0907276,65.98371657142857,31.5310326699774,1.2087987625580914,61,64,,False,True,,693,21.16838264042747
53,2026-09-14T02:07:36.073+00:00,2026-09-14T02:09:47.135+00:00,2026-09-14T02:09:53.835+00:00,True,100,100.0,,100.0,131062.14760699999,137761.671191,137761.671148,1377.6167114799998,41.509422,131062.14760699999,13099.465873088555,95.92485295,67.67195539393938,22.012281708100964,0.7258913102277538,61,64,,False,True,,355,21.16838264042747
54,2026-09-14T02:07:39.670+00:00,2026-09-14T02:09:52.965+00:00,2026-09-14T02:10:09.531+00:00,True,249,249.0,,249.0,133295.126876,149860.968796,149860.96885,601.8512805220884,33.909369,133295.126876,8443.030161633267,95.9464674,66.79774967741936,21.73330476106627,1.6615400394144932,61,64,,False,True,,845,21.16838264042747
55,2026-09-14T02:07:43.000+00:00,2026-09-14T02:09:58.854+00:00,2026-09-14T02:10:14.229+00:00,True,232,232.0,,232.0,135854.08697799998,151229.80025799997,151229.80030499998,651.8525875215516,0.0,135854.08697799998,8914.933269359875,95.152665,66.56152935064935,28.535843375374405,1.5340891782188764,61,64,,False,True,,757,21.16838264042747
56,2026-09-14T02:07:46.409+00:00,2026-09-14T02:10:05.671+00:00,2026-09-14T02:10:22.834+00:00,True,262,262.0,,262.0,139261.688667,156425.009755,156425.009789,597.0420220954198,0.0,139261.688667,8599.78231092776,96.12870545,65.7598509118774,62.894265942223406,1.6749239805729041,61,64,,False,True,,1005,21.16838264042747
57,2026-09-14T02:07:49.577+00:00,2026-09-14T02:10:10.579+00:00,2026-09-14T02:10:27.445+00:00,True,256,256.0,,256.0,141001.993977,157868.21477700002,157868.214887,616.6727144023438,0.0,141001.993977,8808.704718369278,96.1042945,66.14204235294117,61.51775427082313,1.6216057194389513,61,64,,False,True,,912,21.16838264042747
58,2026-09-14T02:07:52.201+00:00,2026-09-14T02:10:15.817+00:00,2026-09-14T02:10:30.102+00:00,True,220,220.0,,220.0,143616.257054,157901.351198,157901.35136399997,717.7334152909091,0.01568,143616.257054,9678.411846242261,95.66237799999999,65.22874038356164,62.90453965586459,1.393274967762192,61,64,,False,True,,1085,21.16838264042747
59,2026-09-14T02:07:55.292+00:00,2026-09-14T02:10:21.402+00:00,2026-09-14T02:10:33.862+00:00,True,186,186.0,,186.0,146110.286822,158570.36695,158570.36693699998,852.5288545,40.01144600000001,146110.286822,10708.410043731417,96.0020705,67.35178447567567,22.01006424770253,1.172980825973929,61,64,,False,True,,756,21.16838264042747
60,2026-09-14T02:07:58.532+00:00,2026-09-14T02:10:27.186+00:00,2026-09-14T02:10:46.898+00:00,True,297,297.0,,297.0,148653.141938,168365.83569799998,168365.83549599999,566.8883350033669,0.0,148653.141938,8621.916398320122,95.5036326,66.59693837837838,29.58237609995111,1.7640158335491103,61,64,,False,True,,1468,21.16838264042747
61,2026-09-14T02:08:02.227+00:00,2026-09-14T02:10:33.725+00:00,2026-09-14T02:10:43.069+00:00,True,142,142.0,,142.0,151498.19532499998,160841.81618899998,160841.81628199999,1132.6888470563379,0.0,151498.19532499998,12707.936236138741,95.16199759999999,66.26681463829787,36.16326596067331,0.8828549898562474,61,64,,False,True,,654,21.16838264042747
62,2026-09-14T02:08:06.331+00:00,2026-09-14T02:10:40.032+00:00,2026-09-14T02:10:47.270+00:00,True,113,113.0,,113.0,153700.915007,160938.386751,160938.386612,1424.233509840708,0.04222,153700.915007,14452.904036902599,95.7661858,64.62028342857143,22.38343341439504,0.7021320536462868,61,64,,False,True,,600,21.16838264042747
63,2026-09-14T02:08:08.863+00:00,2026-09-14T02:10:45.837+00:00,2026-09-14T02:11:02.586+00:00,True,255,255.0,,255.0,156974.59925799997,173722.73314599998,173722.73338099997,681.2656211019607,7.103065,156974.59925799997,9826.026888795528,93.4668583,65.93753499212598,22.361160653667334,1.4678562522136525,61,64,,False,True,,1139,21.16838264042747
64,2026-09-14T02:08:12.809+00:00,2026-09-14T02:10:52.968+00:00,2026-09-14T02:11:01.688+00:00,True,135,135.0,,135.0,160158.623429,168878.173381,168878.173465,1250.949433074074,39.404576999999996,160158.623429,13778.674705103735,92.1691484,65.07126829850746,20.787670232859742,0.7993928244085832,61,64,,False,True,,180,21.16838264042747
65,2026-09-14T02:08:16.797+00:00,2026-09-14T02:10:57.953+00:00,2026-09-14T02:11:07.263+00:00,True,146,146.0,,146.0,161155.486422,170465.523158,170465.52307499998,1167.5720758561642,41.059273000000005,161155.486422,13332.026205492359,92.87396675,64.20714990344828,21.409978164776764,0.8564781739746662,61,64,,False,True,,683,21.16838264042747
66,2026-09-14T02:08:19.730+00:00,2026-09-14T02:11:04.925+00:00,2026-09-14T02:11:20.345+00:00,True,232,232.0,,232.0,165195.282534,180615.40567,180615.405855,778.5146804094827,0.0,165195.282534,10841.264906942619,95.11288905,66.7537798095238,31.60536027702905,1.2844972948978899,61,64,,False,True,,805,21.16838264042747
67,2026-09-14T02:08:23.655+00:00,2026-09-14T02:11:11.060+00:00,2026-09-14T02:11:28.846+00:00,True,269,269.0,,269.0,167404.990612,185190.845076,185190.845098,688.4418033382899,0.01523,167404.990612,10203.027479480495,95.9637934,66.36512859701493,65.80442130008751,1.4525556049469173,61,64,,False,True,,1245,21.16838264042747
68,2026-09-14T02:08:27.939+00:00,2026-09-14T02:11:18.653+00:00,2026-09-14T02:11:35.585+00:00,True,253,253.0,,253.0,170713.36498500002,187645.45996100002,187645.45986000003,741.6816595256918,0.0157,170713.36498500002,10728.634394389372,95.2129056,67.19085307936507,65.85974100364162,1.3482873502646062,61,64,,False,True,,883,21.16838264042747
69,2026-09-14T02:08:31.165+00:00,2026-09-14T02:11:25.165+00:00,2026-09-14T02:11:41.047+00:00,True,239,239.0,,239.0,174000.676758,189882.091926,189882.092007,794.4857406150627,0.01559,174000.676758,11251.06276545212,94.900049,66.72863515966387,69.04212841132451,1.2586758318058873,61,64,,False,True,,925,21.16838264042747
70,2026-09-14T02:08:33.714+00:00,2026-09-14T02:11:29.363+00:00,2026-09-14T02:11:38.612+00:00,True,142,142.0,,142.0,175649.162583,184897.543767,184897.543542,1302.095377056338,40.714044,175649.162583,14734.66117441256,94.68772645000001,65.59135591489363,21.23611217830263,0.7679928954542649,61,64,,False,True,,683,21.16838264042747
71,2026-09-14T02:08:37.363+00:00,2026-09-14T02:11:35.499+00:00,2026-09-14T02:11:42.309+00:00,True,105,105.0,,105.0,178135.488416,184945.3416,184945.341594,1761.384205657143,0.0,178135.488416,17377.9002470886,97.82008180000001,65.47935753846154,40.5104936409648,0.567735305423881,61,64,,False,True,,450,21.16838264042747
72,2026-09-14T02:08:41.366+00:00,2026-09-14T02:11:42.576+00:00,2026-09-14T02:11:58.750+00:00,True,240,240.0,,240.0,181209.88334099998,197384.30330899998,197384.303543,822.4345980958333,40.085125999999995,181209.88334099998,11692.700804434417,94.825743,67.67539735564853,22.50135424960241,1.2159021562331946,61,64,,False,True,,1077,21.16838264042747
73,2026-09-14T02:08:44.445+00:00,2026-09-14T02:11:47.538+00:00,2026-09-14T02:11:56.744+00:00,True,137,137.0,,137.0,183093.075713,192298.976001,192298.976002,1403.6421605985402,40.675564,183093.075713,15636.931896478645,97.132521,67.69044329411764,23.780956637776658,0.7124322908473916,61,64,,False,True,,593,21.16838264042747
74,2026-09-14T02:08:47.388+00:00,2026-09-14T02:11:53.417+00:00,2026-09-14T02:12:08.094+00:00,True,215,215.0,,215.0,186028.862447,200706.21387099999,200706.213823,933.5172735953488,35.790725,186028.862447,12682.406703598748,98.6461164,68.58575431775701,23.18666236580661,1.0712174568655213,61,64,,False,True,,1017,21.16838264042747
75,2026-09-14T02:08:50.136+00:00,2026-09-14T02:11:57.468+00:00,2026-09-14T02:12:09.555+00:00,True,177,177.0,,177.0,187332.847298,199419.699138,199419.699135,1126.6649668644068,37.057382,187332.847298,14075.656936167772,98.6996756,68.67529454545455,23.693819623946034,0.8875753035687544,61,64,,False,True,,855,21.16838264042747
76,2026-09-14T02:08:53.748+00:00,2026-09-14T02:12:04.551+00:00,2026-09-14T02:12:13.090+00:00,True,122,122.0,,122.0,190803.29899900002,199341.620407,199341.62026400003,1633.9477070819673,39.248247000000006,190803.29899900002,17268.14749989887,100.02380255,70.56463973553718,24.4025770394592,0.6120146899122723,61,64,,False,True,,562,21.16838264042747
77,2026-09-14T02:08:56.495+00:00,2026-09-14T02:12:09.647+00:00,2026-09-14T02:12:19.918+00:00,True,155,155.0,,155.0,193152.081641,203423.149289,203423.149394,1312.4074154451612,0.0,193152.081641,15509.037049862616,96.9695357,66.69524446753248,37.73219278787306,0.7619585113186602,61,64,,False,True,,829,21.16838264042747
78,2026-09-14T02:08:59.679+00:00,2026-09-14T02:12:16.228+00:00,2026-09-14T02:12:31.065+00:00,True,222,222.0,,222.0,196549.14248500002,211386.10606900003,211386.106066,952.1896669639641,39.500547,196549.14248500002,13187.026255719999,94.3328215,67.1355818280543,21.463586966044495,1.0502109345234611,61,64,,False,True,,970,21.16838264042747
79,2026-09-14T02:09:02.766+00:00,2026-09-14T02:12:20.599+00:00,2026-09-14T02:12:35.497+00:00,True,226,226.0,,226.0,197832.651094,212730.571094,212730.571176,941.2857131681416,40.192385,197832.651094,13155.245138071972,95.03685175000001,66.21297777777778,21.419230530247432,1.062376690090944,61,64,,False,True,,1059,21.16838264042747
80,2026-09-14T02:09:05.808+00:00,2026-09-14T02:12:26.049+00:00,2026-09-14T02:12:32.695+00:00,True,106,106.0,,106.0,200240.905411,206887.85555500002,206887.855553,1951.7722221981132,40.123946000000004,200240.905411,19442.978135659392,93.04478625,63.304287085714286,20.53644651732525,0.5123548683688709,61,64,,False,True,,509,21.16838264042747
81,2026-09-14T02:09:09.143+00:00,2026-09-14T02:12:33.426+00:00,2026-09-14T02:12:48.580+00:00,True,231,231.0,,231.0,204282.223979,219437.030251,219437.03036900001,949.9438544112554,38.26703,204282.223979,13436.465183508783,95.0997295,65.89046205217392,21.3610848950346,1.0526937943690446,61,64,,False,True,,1223,21.16838264042747
82,2026-09-14T02:09:12.284+00:00,2026-09-14T02:12:37.828+00:00,2026-09-14T02:12:47.197+00:00,True,145,145.0,,145.0,205543.439265,214913.064865,214913.06507799999,1482.1590695034483,41.459943,205543.439265,17064.063060222234,94.3197114,65.06684444444444,21.15566850031798,0.6746914157642456,61,64,,False,True,,489,21.16838264042747
83,2026-09-14T02:09:15.218+00:00,2026-09-14T02:12:43.523+00:00,2026-09-14T02:12:56.675+00:00,True,203,203.0,,203.0,208304.833528,221456.625656,221456.62563,1090.9193380788176,0.0,208304.833528,14615.842360479468,94.67207909999999,65.10788182178219,90.51088786298251,0.9166580561709198,61,64,,False,True,,949,21.16838264042747
84,2026-09-14T02:09:19.452+00:00,2026-09-14T02:12:52.422+00:00,2026-09-14T02:13:02.914+00:00,True,173,173.0,,173.0,212970.570393,223462.682265,223462.682331,1291.691805381503,0.01585,212970.570393,16187.23937602198,94.49736499999999,61.00065041860465,28.26756624748002,0.7741784813754392,61,64,,False,True,,866,21.16838264042747
85,2026-09-14T02:09:22.724+00:00,2026-09-14T02:12:57.087+00:00,2026-09-14T02:13:16.730+00:00,True,297,297.0,,297.0,214363.444723,234006.447859,234006.447853,787.9004978215488,35.907384,214363.444723,12434.796910643132,94.7313148,66.36149708108108,21.737263678193163,1.269195796600257,61,64,,False,True,,1645,21.16838264042747
86,2026-09-14T02:09:26.919+00:00,2026-09-14T02:13:03.554+00:00,2026-09-14T02:13:18.194+00:00,True,221,221.0,,221.0,216635.540982,231275.370486,231275.370592,1046.494889556561,30.752395,216635.540982,14568.024113368085,94.69998799999999,66.54467956363636,22.260289882193042,0.9555708397984298,61,64,,False,True,,1122,21.16838264042747
87,2026-09-14T02:09:30.906+00:00,2026-09-14T02:13:10.471+00:00,2026-09-14T02:13:28.716+00:00,True,280,280.0,,280.0,219564.77164700002,237809.73651100002,237809.736596,849.3204878428572,38.141329,219564.77164700002,13117.61462005529,94.1163255,65.39413929749104,21.669154908422367,1.1774118423744542,61,64,,False,True,,1013,21.16838264042747
88,2026-09-14T02:09:33.334+00:00,2026-09-14T02:13:15.420+00:00,2026-09-14T02:13:28.579+00:00,True,204,204.0,,204.0,222086.106125,235244.263949,235244.263766,1153.1581557156862,39.644596,222086.106125,15544.613969086919,93.57866415000001,64.81851144827587,21.361478280508354,0.8671837373438631,61,64,,False,True,,624,21.16838264042747
89,2026-09-14T02:09:35.949+00:00,2026-09-14T02:13:20.119+00:00,2026-09-14T02:13:36.349+00:00,True,248,248.0,,248.0,224169.799654,240400.044262,240400.044287,969.3550172862904,0.0,224169.799654,14230.669119676322,93.04829615,65.70949234008097,35.925548782315815,1.0316137867666828,61,64,,False,True,,1201,21.16838264042747
90,2026-09-14T02:09:40.196+00:00,2026-09-14T02:13:27.138+00:00,2026-09-14T02:13:46.405+00:00,True,291,291.0,,291.0,226942.09964899998,246209.25971299998,246209.259849,846.0799307525773,0.0,226942.09964899998,13299.731215268304,94.69106400000001,66.43848297931034,34.43337420837497,1.1819214287034188,61,64,,False,True,,1359,21.16838264042747
91,2026-09-14T02:09:43.402+00:00,2026-09-14T02:13:32.465+00:00,2026-09-14T02:13:50.717+00:00,True,270,270.0,,270.0,229063.397029,247314.706853,247314.706738,915.980395325926,37.760439,229063.397029,13936.242545522731,96.15621895,67.84873540520447,21.98858429049348,1.0917264219166867,61,64,,False,True,,996,21.16838264042747
92,2026-09-14T02:09:47.528+00:00,2026-09-14T02:13:40.364+00:00,2026-09-14T02:13:58.122+00:00,True,263,263.0,,263.0,232835.461811,250593.922227,250593.92229199997,952.8286018707224,39.603946,232835.461811,14353.088126370043,95.84283810000001,67.78038326717557,22.78170806375011,1.049506698577318,61,64,,False,True,,942,21.16838264042747
93,2026-09-14T02:09:50.630+00:00,2026-09-14T02:13:46.829+00:00,2026-09-14T02:13:59.534+00:00,True,191,191.0,,191.0,236198.635855,248903.702863,248903.702743,1303.1607473455497,32.712261,236198.635855,17085.909794298244,94.82003850000001,66.8687737263158,22.531358364547245,0.7673650403872416,61,64,,False,True,,751,21.16838264042747
94,2026-09-14T02:09:53.874+00:00,2026-09-14T02:13:52.225+00:00,2026-09-14T02:14:06.829+00:00,True,221,221.0,,221.0,238350.736091,252954.645723,252954.645725,1144.5911571266968,37.155961000000005,238350.736091,16028.75599696271,94.870799,66.38140741818182,22.50983566415876,0.8736744066049208,61,64,,False,True,,881,21.16838264042747
95,2026-09-14T02:09:56.634+00:00,2026-09-14T02:13:56.893+00:00,2026-09-14T02:14:07.754+00:00,True,164,164.0,,164.0,240259.140973,251120.695149,251120.695136,1531.2237508292683,34.307237,240259.140973,18755.89761411351,95.55045550000001,66.63530169325153,23.00353875209716,0.6530724196295021,61,64,,False,True,,671,21.16838264042747
96,2026-09-14T02:09:59.068+00:00,2026-09-14T02:14:01.245+00:00,2026-09-14T02:14:15.276+00:00,True,211,211.0,,211.0,242176.66621999998,256207.54366,256207.54379499998,1214.2537620616113,0.0,242176.66621999998,16667.580465377454,96.7382345,66.8137020952381,41.26918716139112,0.8235510827893786,61,64,,False,True,,811,21.16838264042747
97,2026-09-14T02:10:01.923+00:00,2026-09-14T02:14:06.918+00:00,2026-09-14T02:14:16.103+00:00,True,136,136.0,,136.0,244995.319264,254180.50352,254180.503425,1868.974289889706,0.0,244995.319264,21002.39804097552,96.20621075000001,68.03840189629629,49.10299496402288,0.5350528388944629,61,64,,False,True,,695,21.16838264042747
98,2026-09-14T02:10:04.310+00:00,2026-09-14T02:14:11.581+00:00,2026-09-14T02:14:28.847+00:00,True,262,262.0,,262.0,247271.283377,264537.91428900004,264537.914321,1009.6866958816795,0.0,247271.283377,15272.430082395791,95.37186345,66.15567399233717,37.67401490564798,0.9904062361124257,61,64,,False,True,,1460,21.16838264042747
99,2026-09-14T02:10:07.340+00:00,2026-09-14T02:14:16.557+00:00,2026-09-14T02:14:23.179+00:00,True,102,102.0,,102.0,249216.9832,255838.95849599998,255838.95834699998,2508.225081833333,39.962126,249216.9832,24669.675850816835,96.05266715000002,65.56411184158416,21.535557578483527,0.39868830220239804,61,64,,False,True,,478,21.16838264042747
100,2026-09-14T02:10:11.596+00:00,2026-09-14T02:14:25.144+00:00,2026-09-14T02:14:41.655+00:00,True,250,250.0,,250.0,253548.00316999998,270059.31325,270059.313294,1080.237253176,0.01559,253548.00316999998,16031.852854299821,91.96438000000002,66.31048224899598,92.00994364943242,0.9257225643929908,61,64,,False,True,,905,21.16838264042747
101,2026-09-14T02:10:14.990+00:00,2026-09-14T02:14:30.130+00:00,2026-09-14T02:14:46.045+00:00,True,242,242.0,,242.0,255140.212051,271055.24590700003,271055.245882,1120.0629995123968,0.015390000000000001,255140.212051,16397.066765989763,92.35892845000001,66.03748487966804,95.64698132202568,0.8928069227740791,61,64,,False,True,,1010,21.16838264042747
102,2026-09-14T02:10:17.439+00:00,2026-09-14T02:14:34.885+00:00,2026-09-14T02:14:50.116+00:00,True,234,234.0,,234.0,257445.291102,272676.88662199996,272676.886604,1165.2858401880342,35.150254999999994,257445.291102,16825.46542853805,92.97392889999999,65.37165459227468,21.54930485523674,0.8581585439780378,61,64,,False,True,,944,21.16838264042747
103,2026-09-14T02:10:20.087+00:00,2026-09-14T02:14:40.089+00:00,2026-09-14T02:14:56.975+00:00,True,258,258.0,,258.0,260002.245594,276887.857882,276887.85791900003,1073.208751624031,34.825345999999996,260002.245594,16182.956876445036,95.15798199999999,65.70277154863814,21.767229473002306,0.9317851709840981,61,64,,False,True,,890,21.16838264042747
104,2026-09-14T02:10:23.141+00:00,2026-09-14T02:14:44.385+00:00,2026-09-14T02:15:03.584+00:00,True,284,284.0,,284.0,261243.91847499998,280442.28954699996,280442.28951599996,987.4728504084507,0.0,261243.91847499998,15497.995396387829,93.89662215,67.83876703886926,37.96987200412077,1.0126860697748075,61,64,,False,True,,1306,21.16838264042747
105,2026-09-14T02:10:25.813+00:00,2026-09-14T02:14:48.277+00:00,2026-09-14T02:14:57.290+00:00,True,136,136.0,,136.0,262464.205796,271476.855012,271476.855155,1996.1533467279414,33.457299,262464.205796,22500.40593110952,96.181561,66.76036456296296,21.935249933470107,0.5009635167387969,61,64,,False,True,,612,21.16838264042747
106,2026-09-14T02:10:28.860+00:00,2026-09-14T02:14:54.806+00:00,2026-09-14T02:15:05.875+00:00,True,163,163.0,,163.0,265945.74655700003,277015.411069,277015.410983,1699.4810489754602,0.0,265945.74655700003,20825.17815544049,94.9123619,68.33126241975309,46.57518965888251,0.5884149165960999,61,64,,False,True,,358,21.16838264042747
107,2026-09-14T02:10:32.208+00:00,2026-09-14T02:15:00.535+00:00,2026-09-14T02:15:17.028+00:00,True,243,243.0,,243.0,268326.803913,284819.628233,284819.62823599996,1172.0972355390945,39.500296,268326.803913,17208.81466519766,96.38690109999999,68.15216661157025,22.099993730233535,0.8531715370445292,61,64,,False,True,,1009,21.16838264042747
108,2026-09-14T02:10:35.031+00:00,2026-09-14T02:15:05.044+00:00,2026-09-14T02:15:15.812+00:00,True,163,163.0,,163.0,270012.854805,280780.560917,280780.560742,1722.580127251534,40.843692000000004,270012.854805,21143.84456832624,95.13528099999999,66.46732167901234,22.288411337712898,0.5805245187475194,61,64,,False,True,,641,21.16838264042747
109,2026-09-14T02:10:37.390+00:00,2026-09-14T02:15:09.014+00:00,2026-09-14T02:15:27.422+00:00,True,275,275.0,,275.0,271624.11743800004,290032.81119800004,290032.811104,1054.6647676509092,38.395987999999996,271624.11743800004,16375.515134856903,96.18681499999998,67.18501372262774,22.911717736864134,0.9481685843201464,61,64,,False,True,,1025,21.16838264042747
110,2026-09-14T02:10:40.263+00:00,2026-09-14T02:15:14.478+00:00,2026-09-14T02:15:27.240+00:00,True,190,190.0,,190.0,274214.91724599997,286977.15673399996,286977.156669,1510.4060877315787,40.036685,274214.91724599997,19888.755357386755,96.25123650000002,67.52507665608465,22.933759028458777,0.6620736025206062,61,64,,False,True,,924,21.16838264042747
111,2026-09-14T02:10:43.670+00:00,2026-09-14T02:15:20.359+00:00,2026-09-14T02:15:37.277+00:00,True,251,251.0,,251.0,276689.16884399997,293607.47156399995,293607.47149799997,1169.7508824621514,32.017112000000004,276689.16884399997,17460.208538294508,96.3269255,67.67321088,22.59097932142767,0.8548828770022889,61,64,,False,True,,1039,21.16838264042747
112,2026-09-14T02:10:46.327+00:00,2026-09-14T02:15:26.119+00:00,2026-09-14T02:15:35.435+00:00,True,138,138.0,,138.0,279791.44769,289108.043914,289108.043869,2094.9858251376813,40.018415,279791.44769,23811.65157305093,97.3231225,68.004352,22.73915956409842,0.47733019853660796,61,64,,False,True,,588,21.16838264042747
113,2026-09-14T02:10:48.877+00:00,2026-09-14T02:15:30.614+00:00,2026-09-14T02:15:43.606+00:00,True,191,191.0,,191.0,281736.66790899995,294728.451333,294728.45139999996,1543.0808973821986,29.975756,281736.66790899995,20380.81401711317,95.3222585,68.37780749473684,22.020828824786044,0.6480541635398409,61,64,,False,True,,859,21.16838264042747
114,2026-09-14T02:10:51.624+00:00,2026-09-14T02:15:35.524+00:00,2026-09-14T02:15:51.631+00:00,False,245,244.0,,244.0,283899.698319,300007.040143,300007.04024500004,1224.518531612245,0.0,283899.698319,18133.515207490345,95.7088932,66.013696,41.044589146611294,0.8133142471713198,61,64,,False,False,Request timeout: 300.0s exceeded,1068,21.16838264042747
115,2026-09-14T02:10:54.574+00:00,2026-09-14T02:15:40.843+00:00,2026-09-14T02:15:48.562+00:00,True,118,118.0,,118.0,286269.332049,293987.47809700004,293987.47795200004,2491.4193046779665,36.967691,286269.332049,26347.16424578483,94.77841819999999,65.96706023931624,21.760159740123857,0.4013776394961501,61,64,,False,True,,408,21.16838264042747
116,2026-09-14T02:10:58.510+00:00,2026-09-14T02:15:47.694+00:00,2026-09-14T02:15:58.592+00:00,False,168,167.0,,167.0,289184.19678,300082.220204,300082.220153,1786.2036913869047,0.0,289184.19678,22306.061807945487,94.7591055,65.25762529341317,48.0221686260343,0.5565141443117526,61,64,,False,False,Request timeout: 300.0s exceeded,744,21.16838264042747
117,2026-09-14T02:11:01.272+00:00,2026-09-14T02:15:52.957+00:00,2026-09-14T02:16:01.299+00:00,False,118,117.0,,117.0,291684.78140499996,300026.96918099996,300026.96910799993,2542.601433118644,0.03661,291684.78140499996,26845.2052654258,92.3382227,71.30075022222222,21.344077685752413,0.38996494321620917,61,64,,False,False,Request timeout: 300.0s exceeded,252,21.16838264042747
118,2026-09-14T02:11:03.667+00:00,2026-09-14T02:15:55.939+00:00,2026-09-14T02:16:03.717+00:00,False,111,110.0,,110.0,292271.962931,300050.024499,300050.024628,2703.153375027027,0.02407,292271.962931,27734.52336621845,93.167963,70.70965061818183,20.861221868206023,0.3666055358058023,61,64,,False,False,Request timeout: 300.0s exceeded,514,21.16838264042747
119,2026-09-14T02:11:06.000+00:00,2026-09-14T02:15:59.121+00:00,2026-09-14T02:16:06.063+00:00,False,100,99.0,,99.0,293121.352022,300063.012438,300063.012478,3000.63012478,0.028149999999999998,293121.352022,29305.130281817208,91.4229091,70.11778197979797,20.15049295958834,0.32993070087388965,61,64,,False,False,Request timeout: 300.0s exceeded,388,21.16838264042747
120,2026-09-14T02:11:08.487+00:00,2026-09-14T02:16:01.918+00:00,2026-09-14T02:16:08.493+00:00,False,98,97.0,,97.0,293430.830195,300005.83461099997,300005.83468699997,3061.2840274183673,0.01908,293430.830195,29634.149498258004,88.37502475000001,67.78355068041236,20.02156402096895,0.32332704504155474,61,64,,False,False,Request timeout: 300.0s exceeded,465,21.16838264042747
121,2026-09-14T02:11:12.779+00:00,2026-09-14T02:16:06.624+00:00,2026-09-14T02:16:12.852+00:00,False,92,91.0,,91.0,293844.31445,300072.568914,300072.568767,3261.6583561630437,0.02346,293844.31445,30628.25839092386,87.98220355,68.44235674725275,20.024410697204395,0.30325997584297804,61,64,,False,False,Request timeout: 300.0s exceeded,277,21.16838264042747
122,2026-09-14T02:11:15.945+00:00,2026-09-14T02:16:10.112+00:00,2026-09-14T02:16:16.027+00:00,False,90,89.0,,89.0,294167.017948,300081.608412,300081.608559,3334.2400951,0.037880000000000004,294167.017948,31000.927736496396,87.83271699999999,66.45607262921348,20.211588946739862,0.29658598696194194,61,64,,False,False,Request timeout: 300.0s exceeded,248,21.16838264042747
123,2026-09-14T02:11:19.885+00:00,2026-09-14T02:16:13.984+00:00,2026-09-14T02:16:19.909+00:00,False,89,88.0,,88.0,294098.91169700003,300023.89192100003,300023.891735,3371.054963314607,0.022850000000000002,294098.91169700003,31167.291628922383,87.61786940000002,67.32932072727273,19.821486868458354,0.293309974204226,61,64,,False,False,Request timeout: 300.0s exceeded,263,21.16838264042747
124,2026-09-14T02:11:22.211+00:00,2026-09-14T02:16:16.192+00:00,2026-09-14T02:16:22.278+00:00,False,88,87.0,,87.0,293980.609626,300066.77129,300066.771133,3409.849671965909,0.039630000000000006,293980.609626,31330.986751621902,87.52813334999999,69.9558811954023,19.158014051364255,0.28993546878244214,61,64,,False,False,Request timeout: 300.0s exceeded,444,21.16838264042747
125,2026-09-14T02:11:25.894+00:00,2026-09-14T02:16:19.996+00:00,2026-09-14T02:16:25.980+00:00,False,90,89.0,,89.0,294101.811865,300085.857433,300085.857329,3334.2873036555557,0.03778,294101.811865,30993.972472622718,88.59057845,67.23646705617978,20.701658117102284,0.29658178749683656,61,64,,False,False,Request timeout: 300.0s exceeded,382,21.16838264042747
126,2026-09-14T02:11:29.421+00:00,2026-09-14T02:16:23.423+00:00,2026-09-14T02:16:29.450+00:00,False,95,94.0,,94.0,294002.29005400004,300029.614982,300029.615087,3158.2064746000005,0.02364,294002.29005400004,30157.427154446315,89.4441964,64.12047795744681,21.053716944954143,0.3133024051830331,61,64,,False,False,Request timeout: 300.0s exceeded,467,21.16838264042747
127,2026-09-14T02:11:31.783+00:00,2026-09-14T02:16:26.064+00:00,2026-09-14T02:16:32.785+00:00,False,82,81.0,,81.0,294280.270737,301001.65390499996,301001.653988,3670.751877902439,0.02206,294280.270737,32489.111931615244,91.90291649999999,82.98003911111111,173.2347985283387,0.26910151140087973,61,64,,False,False,Request timeout: 300.0s exceeded,418,21.16838264042747
128,2026-09-14T02:11:34.826+00:00,2026-09-14T02:16:29.111+00:00,2026-09-14T02:16:34.835+00:00,False,97,96.0,,96.0,294285.213027,300009.374819,300009.37488200003,3092.8801534226805,0.015470000000000001,294285.213027,29874.542311883422,89.76232239999999,59.626685333333334,166.69678863021002,0.3199900005055448,61,64,,False,False,Request timeout: 300.0s exceeded,449,21.16838264042747
129,2026-09-14T02:11:37.453+00:00,2026-09-14T02:16:31.047+00:00,2026-09-14T02:16:37.526+00:00,False,105,104.0,,104.0,293593.30363700003,300072.94933300006,300072.94952300005,2857.8376145047623,0.015619999999999998,293593.30363700003,28646.131084345376,90.13982700000001,62.304285538461535,159.30758080619654,0.346582390152696,61,64,,False,False,Request timeout: 300.0s exceeded,341,21.16838264042747
130,2026-09-14T02:11:40.985+00:00,2026-09-14T02:16:35.132+00:00,2026-09-14T02:16:41.026+00:00,False,83,82.0,,82.0,294147.29194300005,300040.9531270001,300040.953151,3614.9512427831332,0.02641,294147.29194300005,32278.976480751127,88.48310009999999,71.87391687804877,19.536425639681042,0.2732960255771864,61,64,,False,False,Request timeout: 300.0s exceeded,404,21.16838264042747
131,2026-09-14T02:11:44.739+00:00,2026-09-14T02:16:38.405+00:00,2026-09-14T02:16:44.821+00:00,False,99,98.0,,98.0,293666.095908,300082.636324,300082.63621900004,3031.137739585859,0.0,293666.095908,29508.04216122413,88.4643849,65.47490220408163,64.36925999136396,0.32657670967069596,61,64,,False,False,Request timeout: 300.0s exceeded,398,21.16838264042747
132,2026-09-14T02:11:47.754+00:00,2026-09-14T02:16:41.771+00:00,2026-09-14T02:16:47.838+00:00,False,97,96.0,,96.0,294017.120209,300083.862481,300083.862349,3093.6480654536085,0.0,294017.120209,29846.567692800083,86.88526819999998,63.195232,64.34996035677166,0.3199105716858676,61,64,,False,False,Request timeout: 300.0s exceeded,449,21.16838264042747
133,2026-09-14T02:11:51.506+00:00,2026-09-14T02:16:44.694+00:00,2026-09-14T02:16:51.523+00:00,False,101,100.0,,100.0,293188.68608899997,300016.909833,300016.90963699995,2970.4644518514847,0.03678,293188.68608899997,29166.577658269733,89.047022,68.28223744,20.816087801535865,0.33331454568898644,61,64,,False,False,Request timeout: 300.0s exceeded,477,21.16838264042747
134,2026-09-14T02:11:54.194+00:00,2026-09-14T02:16:47.972+00:00,2026-09-14T02:16:54.248+00:00,False,92,91.0,,91.0,293777.531709,300053.826109,300053.825995,3261.454630380435,0.024149999999999998,293777.531709,30621.2408001372,87.9259075,68.97026813186814,20.068252341273134,0.3032789189195095,61,64,,False,False,Request timeout: 300.0s exceeded,477,21.16838264042747
135,2026-09-14T02:11:57.631+00:00,2026-09-14T02:16:51.522+00:00,2026-09-14T02:16:57.657+00:00,False,90,89.0,,89.0,293890.80469900003,300025.66908300004,300025.669194,3333.6185466,0.02461,293890.80469900003,30971.55173059341,90.311936,68.93106049438202,20.68250185854228,0.2966412849674498,61,64,,False,False,Request timeout: 300.0s exceeded,389,21.16838264042747
136,2026-09-14T02:12:01.440+00:00,2026-09-14T02:16:55.417+00:00,2026-09-14T02:17:01.497+00:00,False,88,87.0,,87.0,293977.331681,300056.96585700003,300056.965694,3409.7382465227274,0.057039,293977.331681,31330.64584082668,90.37400835,69.88085259770115,20.001646489447708,0.2899449434593767,61,64,,False,False,Request timeout: 300.0s exceeded,397,21.16838264042747
137,2026-09-14T02:12:04.843+00:00,2026-09-14T02:16:58.670+00:00,2026-09-14T02:17:04.914+00:00,False,94,93.0,,93.0,293827.000028,300070.344156,300070.343995,3192.237702074468,0.02428,293827.000028,30299.02358592282,89.453841,67.13273255913978,20.32385131512331,0.3099273280789498,61,64,,False,False,Request timeout: 300.0s exceeded,428,21.16838264042747
138,2026-09-14T02:12:08.460+00:00,2026-09-14T02:17:02.048+00:00,2026-09-14T02:17:08.515+00:00,False,95,94.0,,94.0,293588.80883999995,300055.93716,300055.93704199995,3158.483547810526,0.11934,293588.80883999995,30114.524233415974,89.7396761,68.79923744680852,20.1319958880403,0.3132749209687393,61,64,,False,False,Request timeout: 300.0s exceeded,414,21.16838264042747
139,2026-09-14T02:12:12.642+00:00,2026-09-14T02:17:06.806+00:00,2026-09-14T02:17:12.670+00:00,False,85,84.0,,84.0,294164.433384,300028.246504,300028.246543,3529.7440769764703,0.06854,294164.433384,31899.046868128728,88.6673602,69.80729904761904,19.565475109747783,0.2799736390782796,61,64,,False,False,Request timeout: 300.0s exceeded,324,21.16838264042747
140,2026-09-14T02:12:15.011+00:00,2026-09-14T02:17:08.599+00:00,2026-09-14T02:17:15.084+00:00,False,91,90.0,,90.0,293587.393255,300072.704743,300072.704888,3297.5022515164837,0.03842,293587.393255,30768.77313814454,87.756044,72.05901653333333,18.859302464757867,0.29992731287266305,61,64,,False,False,Request timeout: 300.0s exceeded,301,21.16838264042747
141,2026-09-14T02:12:17.441+00:00,2026-09-14T02:17:11.488+00:00,2026-09-14T02:17:17.465+00:00,False,88,87.0,,87.0,294047.015119,300023.36839899997,300023.36839,3409.3564589772727,0.03959,294047.015119,31338.200724525064,89.25656735000001,68.69371586206897,20.091391304655385,0.28997741230709406,61,64,,False,False,Request timeout: 300.0s exceeded,377,21.16838264042747
142,2026-09-14T02:12:20.743+00:00,2026-09-14T02:17:14.573+00:00,2026-09-14T02:17:20.762+00:00,False,93,92.0,,92.0,293829.78279100003,300019.10759100004,300019.107359,3226.011907086022,0.02041,293829.78279100003,30461.760048296263,89.1912918,67.27526956521739,20.83196219113173,0.30664713570649865,61,64,,False,False,Request timeout: 300.0s exceeded,446,21.16838264042747
143,2026-09-14T02:12:24.038+00:00,2026-09-14T02:17:17.460+00:00,2026-09-14T02:17:24.119+00:00,False,98,97.0,,97.0,293421.71823299996,300080.774873,300080.77477899997,3062.0487222346933,0.041739,293421.71823299996,29633.141406892773,88.69304484999999,68.65006845360824,19.851710580372497,0.32324629940405974,61,64,,False,False,Request timeout: 300.0s exceeded,357,21.16838264042747
144,2026-09-14T02:12:28.193+00:00,2026-09-14T02:17:21.918+00:00,2026-09-14T02:17:28.210+00:00,False,91,90.0,,90.0,293725.14308300003,300017.794347,300017.794187,3296.8988372197805,0.03842,293725.14308300003,30783.43800720338,88.34339299999999,69.91834737777779,19.44883189406997,0.29998220670840003,61,64,,False,False,Request timeout: 300.0s exceeded,421,21.16838264042747
145,2026-09-14T02:12:32.068+00:00,2026-09-14T02:17:25.842+00:00,2026-09-14T02:17:32.118+00:00,False,93,92.0,,92.0,293773.833907,300050.07608300005,300050.07617,3226.344905053764,0.04008,293773.833907,30455.86017512225,88.7441382,68.22002365217391,20.415814051330457,0.30661548632485897,61,64,,False,False,Request timeout: 300.0s exceeded,418,21.16838264042747
146,2026-09-14T02:12:35.800+00:00,2026-09-14T02:17:29.768+00:00,2026-09-14T02:17:35.881+00:00,False,88,87.0,,87.0,293967.870035,300081.80385900004,300081.803818,3410.0204979318187,0.02525,293967.870035,31329.594594112295,87.31743685,70.27510142528735,19.019075796403996,0.2899209444931184,61,64,,False,False,Request timeout: 300.0s exceeded,427,21.16838264042747
147,2026-09-14T02:12:38.911+00:00,2026-09-14T02:17:32.912+00:00,2026-09-14T02:17:38.966+00:00,False,95,94.0,,94.0,294001.495952,300055.245712,300055.24553300004,3158.4762687684215,0.0,294001.495952,30157.381770810112,88.8426427,64.40159319148935,66.3450286264308,0.31327564288018944,61,64,,False,False,Request timeout: 300.0s exceeded,358,21.16838264042747
148,2026-09-14T02:12:41.939+00:00,2026-09-14T02:17:35.806+00:00,2026-09-14T02:17:41.961+00:00,False,95,94.0,,94.0,293866.80326599994,300021.4154899999,300021.4153439999,3158.120161515789,0.0,293866.80326599994,30143.451872459136,89.288809,65.47459812765958,66.03861143697688,0.3133109676403521,61,64,,False,False,Request timeout: 300.0s exceeded,294,21.16838264042747
149,2026-09-14T02:12:45.753+00:00,2026-09-14T02:17:39.526+00:00,2026-09-14T02:17:45.791+00:00,False,89,88.0,,88.0,293772.13410100003,300037.654997,300037.65496500005,3371.209606348315,0.044700000000000004,293772.13410100003,31132.2427296933,88.9717366,71.1991010909091,19.250448163983393,0.2932965197347642,61,64,,False,False,Request timeout: 300.0s exceeded,428,21.16838264042747
150,2026-09-14T02:12:49.337+00:00,2026-09-14T02:17:43.251+00:00,2026-09-14T02:17:49.372+00:00,False,91,90.0,,90.0,293913.71461799997,300034.52920999995,300034.52925799997,3297.0827390989007,0.022269999999999998,293913.71461799997,30803.406628952238,90.5612535,68.00905102222222,20.70431000013514,0.29996547476376384,61,64,,False,False,Request timeout: 300.0s exceeded,330,21.16838264042747
151,2026-09-14T02:12:52.370+00:00,2026-09-14T02:17:45.610+00:00,2026-09-14T02:17:52.505+00:00,False,102,101.0,,101.0,293240.130513,300135.168721,300135.168694,2942.501653862745,0.02105,293240.130513,29028.347390673505,90.22067804999999,68.26770502970298,20.869637875988282,0.33651504563894574,61,64,,False,False,Request timeout: 300.0s exceeded,409,21.16838264042747
152,2026-09-14T02:12:55.617+00:00,2026-09-14T02:17:49.547+00:00,2026-09-14T02:17:55.625+00:00,False,92,91.0,,91.0,293929.87230299995,300008.364463,300008.36440099997,3260.9604826195646,0.028390000000000002,293929.87230299995,30637.35069312333,89.82325805,66.79661714285714,21.081299362160088,0.3033248761676544,61,64,,False,False,Request timeout: 300.0s exceeded,444,21.16838264042747
153,2026-09-14T02:12:59.874+00:00,2026-09-14T02:17:53.785+00:00,2026-09-14T02:17:59.944+00:00,False,92,91.0,,91.0,293910.42523500003,300069.96289900003,300069.96289200004,3261.630031434783,0.03606,293910.42523500003,30635.22986024399,88.6808081,67.68722707692307,20.35802622305123,0.3032626095622557,61,64,,False,False,Request timeout: 300.0s exceeded,407,21.16838264042747
154,2026-09-14T02:13:02.374+00:00,2026-09-14T02:17:55.863+00:00,2026-09-14T02:18:02.382+00:00,False,100,99.0,,99.0,293489.27551999997,300008.367232,300008.36722599994,3000.0836722599997,0.02181,293489.27551999997,29342.34925823049,87.4037444,65.84941123232323,19.851399714511075,0.32999079630149825,61,64,,False,False,Request timeout: 300.0s exceeded,524,21.16838264042747
155,2026-09-14T02:13:06.220+00:00,2026-09-14T02:17:59.943+00:00,2026-09-14T02:18:06.318+00:00,False,93,92.0,,92.0,293722.998448,300098.12344,300098.12353,3226.8615433333334,0.03676,293722.998448,30450.477041840593,90.744142,69.29483686956522,19.97374519830111,0.30656639550228304,61,64,,False,False,Request timeout: 300.0s exceeded,444,21.16838264042747
156,2026-09-14T02:13:10.417+00:00,2026-09-14T02:18:04.120+00:00,2026-09-14T02:18:10.473+00:00,False,93,92.0,,92.0,293702.992862,300056.707806,300056.707689,3226.4162117096776,0.03638,293702.992862,30448.42706376126,90.2589642,69.06211895652173,20.539258717621372,0.3066087096425856,61,64,,False,False,Request timeout: 300.0s exceeded,414,21.16838264042747
157,2026-09-14T02:13:13.674+00:00,2026-09-14T02:18:07.498+00:00,2026-09-14T02:18:13.752+00:00,False,91,90.0,,90.0,293823.284885,300077.56942899997,300077.56934299995,3297.555707065934,0.02502,293823.284885,30793.771269731682,89.26502649999999,69.49205048888889,20.264782743335108,0.2999224506225364,61,64,,False,False,Request timeout: 300.0s exceeded,437,21.16838264042747
158,2026-09-14T02:13:17.789+00:00,2026-09-14T02:18:11.631+00:00,2026-09-14T02:18:17.828+00:00,False,95,94.0,,94.0,293842.09294999996,300039.12642199994,300039.12640899996,3158.306593778947,0.02761,293842.09294999996,30140.80577173348,90.79895409999999,65.925888,20.645154779637064,0.3132924732882691,61,64,,False,False,Request timeout: 300.0s exceeded,456,21.16838264042747
159,2026-09-14T02:13:21.121+00:00,2026-09-14T02:18:14.798+00:00,2026-09-14T02:18:21.141+00:00,False,95,94.0,,94.0,293676.94777499995,300019.25843099994,300019.25828699995,3158.097455652631,0.04077,293676.94777499995,30123.703419794063,88.71687740000002,67.47138995744682,20.267932611165477,0.31331322026322067,61,64,,False,False,Request timeout: 300.0s exceeded,355,21.16838264042747
160,2026-09-14T02:13:23.597+00:00,2026-09-14T02:18:17.389+00:00,2026-09-14T02:18:23.628+00:00,False,94,93.0,,93.0,293791.830957,300030.32772500004,300030.327699,3191.811996797873,0.040490000000000005,293791.830957,30295.40154816061,87.92011435,67.08061040860215,20.321263701884334,0.3099686645186128,61,64,,False,False,Request timeout: 300.0s exceeded,411,21.16838264042747
161,2026-09-14T02:13:26.683+00:00,2026-09-14T02:18:20.061+00:00,2026-09-14T02:18:26.773+00:00,False,101,100.0,,100.0,293377.180528,300089.492848,300089.492898,2971.183098,0.02393,293377.180528,29185.44860226429,89.286461,67.12312320000001,20.408627908415323,0.33323392648956074,61,64,,False,False,Request timeout: 300.0s exceeded,468,21.16838264042747
162,2026-09-14T02:13:29.880+00:00,2026-09-14T02:18:23.415+00:00,2026-09-14T02:18:29.945+00:00,False,94,93.0,,93.0,293535.234028,300064.668396,300064.668555,3192.1773250531915,0.02779,293535.234028,30268.612607878982,89.8287825,70.20897169892474,19.821578850243196,0.3099331903923672,61,64,,False,False,Request timeout: 300.0s exceeded,409,21.16838264042747
163,2026-09-14T02:13:33.552+00:00,2026-09-14T02:18:27.099+00:00,2026-09-14T02:18:33.581+00:00,False,100,99.0,,99.0,293547.411602,300029.588114,300029.587989,3000.29587989,0.0,293547.411602,29348.258492030105,92.93638435000001,65.47653042424243,62.0749270757686,0.3299674562842906,61,64,,False,False,Request timeout: 300.0s exceeded,451,21.16838264042747
164,2026-09-14T02:13:37.627+00:00,2026-09-14T02:18:31.704+00:00,2026-09-14T02:18:37.676+00:00,False,94,93.0,,93.0,294077.084057,300049.177497,300049.177572,3192.0125273617023,0.0,294077.084057,30325.17847791939,91.00523925000002,64.21605849462365,63.90255936561233,0.3099491915818694,61,64,,False,False,Request timeout: 300.0s exceeded,304,21.16838264042747
165,2026-09-14T02:13:40.113+00:00,2026-09-14T02:18:33.809+00:00,2026-09-14T02:18:40.165+00:00,False,93,92.0,,92.0,293696.01365,300052.10069,300052.10069399996,3226.366674129032,0.02252,293696.01365,30447.700795888977,90.57433440000001,69.08790260869566,20.712868600983985,0.3066134174312953,61,64,,False,False,Request timeout: 300.0s exceeded,378,21.16838264042747
166,2026-09-14T02:13:43.890+00:00,2026-09-14T02:18:37.632+00:00,2026-09-14T02:18:43.938+00:00,False,95,94.0,,94.0,293741.790555,300047.630683,300047.63072300004,3158.396112873684,0.02102,293741.790555,30130.396220927814,89.98756470000001,67.08340561702127,20.666119704849276,0.3132835936282093,61,64,,False,False,Request timeout: 300.0s exceeded,453,21.16838264042747
167,2026-09-14T02:13:47.608+00:00,2026-09-14T02:18:41.367+00:00,2026-09-14T02:18:47.646+00:00,False,98,97.0,,97.0,293759.050488,300038.46092,300038.46096199995,3061.6169485918367,0.03108,293759.050488,29667.613188076586,89.80793985,64.73619002061855,20.916362528647248,0.3232918863220784,61,64,,False,False,Request timeout: 300.0s exceeded,455,21.16838264042747
168,2026-09-14T02:13:50.498+00:00,2026-09-14T02:18:44.541+00:00,2026-09-14T02:18:50.568+00:00,False,92,91.0,,91.0,294042.15837900003,300069.66199500003,300069.662146,3261.626762456522,0.0357,294042.15837900003,30649.115536143745,90.4015921,66.23630347252747,20.780173880574438,0.30326291366808117,61,64,,False,False,Request timeout: 300.0s exceeded,471,21.16838264042747
169,2026-09-14T02:13:54.428+00:00,2026-09-14T02:18:48.005+00:00,2026-09-14T02:18:54.498+00:00,False,94,93.0,,93.0,293576.95671399997,300069.96765799995,300069.96783599997,3192.2337003829784,0.02234,293576.95671399997,30272.956408136855,90.33420039999999,69.81732197849463,19.88192233804436,0.309927716944987,61,64,,False,False,Request timeout: 300.0s exceeded,442,21.16838264042747
170,2026-09-14T02:13:57.441+00:00,2026-09-14T02:18:51.023+00:00,2026-09-14T02:18:59.340+00:00,False,99,98.0,,98.0,293582.315312,301899.359024,301899.359068,3049.4884754343434,0.05518,293582.315312,29498.192430423223,87.26729590000001,84.86779297959183,187.38173838234732,0.3246114874732455,61,64,,False,False,Request timeout: 300.0s exceeded,405,21.16838264042747
171,2026-09-14T02:14:01.428+00:00,2026-09-14T02:18:55.043+00:00,2026-09-14T02:19:01.473+00:00,False,106,105.0,,105.0,293614.656274,300044.925202,300044.92512800003,2830.612501207547,0.01523,293614.656274,28513.01305087392,89.73647499999998,61.24065645714286,183.49264030931838,0.3499475951120006,61,64,,False,False,Request timeout: 300.0s exceeded,547,21.16838264042747
172,2026-09-14T02:14:04.436+00:00,2026-09-14T02:18:59.388+00:00,2026-09-14T02:19:04.506+00:00,False,77,76.0,,76.0,294951.950768,300070.06711999996,300070.066939,3897.013856350649,0.026019999999999998,294951.950768,33605.22764367401,91.36716180000002,67.34363621052631,23.08622199978497,0.25327417935893987,61,64,,False,False,Request timeout: 300.0s exceeded,329,21.16838264042747
173,2026-09-14T02:14:07.033+00:00,2026-09-14T02:19:00.487+00:00,2026-09-14T02:19:07.054+00:00,False,100,99.0,,99.0,293454.95757200004,300021.93766800006,300021.9375170001,3000.2193751700006,0.027689,293454.95757200004,29338.86955058354,88.95840649999998,66.33313228282829,20.52424824586377,0.32997587032969555,61,64,,False,False,Request timeout: 300.0s exceeded,404,21.16838264042747
174,2026-09-14T02:14:10.924+00:00,2026-09-14T02:19:04.339+00:00,2026-09-14T02:19:10.977+00:00,False,97,96.0,,96.0,293414.41776,300052.206176,300052.20628499996,3093.3217142783506,0.02547,293414.41776,29784.706500925753,87.58349079999999,69.14362933333332,19.911412432595437,0.31994432310119325,61,64,,False,False,Request timeout: 300.0s exceeded,505,21.16838264042747
175,2026-09-14T02:14:15.085+00:00,2026-09-14T02:19:09.027+00:00,2026-09-14T02:19:15.109+00:00,False,88,87.0,,87.0,293941.97516900004,300024.35520100006,300024.355289,3409.3676737386368,0.03456,293941.97516900004,31326.873187991234,88.46884560000001,69.91241416091955,19.56599716100715,0.2899764585502224,61,64,,False,False,Request timeout: 300.0s exceeded,374,21.16838264042747
176,2026-09-14T02:14:17.955+00:00,2026-09-14T02:19:12.161+00:00,2026-09-14T02:19:17.963+00:00,False,84,83.0,,83.0,294206.378412,300008.276908,300008.276816,3571.5271049523813,0.023559999999999998,294206.378412,32092.92688001944,91.07378359999998,69.90239151807229,20.167827880202037,0.27665903372876816,61,64,,False,False,Request timeout: 300.0s exceeded,373,21.16838264042747
177,2026-09-14T02:14:21.433+00:00,2026-09-14T02:19:15.613+00:00,2026-09-14T02:19:21.440+00:00,False,84,83.0,,83.0,294180.210876,300006.65158,300006.651498,3571.5077559285714,0.02264,294180.210876,32090.039602481927,89.474604,70.19808077108434,20.32267479379827,0.2766605325677826,61,64,,False,False,Request timeout: 300.0s exceeded,311,21.16838264042747
178,2026-09-14T02:14:24.020+00:00,2026-09-14T02:19:17.877+00:00,2026-09-14T02:19:24.039+00:00,False,89,88.0,,88.0,293857.101947,300018.60185100004,300018.60188200005,3370.9955267640453,0.024480000000000002,293857.101947,31141.375207809433,89.6761864,70.01704436363636,20.2216235977691,0.2933151459845278,61,64,,False,False,Request timeout: 300.0s exceeded,425,21.16838264042747
179,2026-09-14T02:14:26.542+00:00,2026-09-14T02:19:20.700+00:00,2026-09-14T02:19:26.580+00:00,False,80,79.0,,79.0,294157.3198,300037.786232,300037.786209,3750.4723276125,0.02919,294157.3198,32879.540027937495,90.6391949,74.4362839493671,70.25101755139443,0.26330016959568675,61,64,,False,False,Request timeout: 300.0s exceeded,360,21.16838264042747
180,2026-09-14T02:14:30.266+00:00,2026-09-14T02:19:23.770+00:00,2026-09-14T02:19:30.332+00:00,False,108,107.0,,107.0,293503.727864,300065.525752,300065.525702,2778.384497240741,0.0,293503.727864,28236.581658464856,90.37164635,61.325213906542054,64.64072437653157,0.35658878083993567,61,64,,False,False,Request timeout: 300.0s exceeded,510,21.16838264042747
181,2026-09-14T02:14:33.070+00:00,2026-09-14T02:19:26.803+00:00,2026-09-14T02:19:33.118+00:00,False,107,106.0,,106.0,293732.50781,300047.750562,300047.750588,2804.184584934579,0.02445,293732.50781,28390.44067536218,88.6620663,59.577761811320755,19.949729022460538,0.353277102732676,61,64,,False,False,Request timeout: 300.0s exceeded,516,21.16838264042747
182,2026-09-14T02:14:37.113+00:00,2026-09-14T02:19:31.035+00:00,2026-09-14T02:19:37.139+00:00,False,100,99.0,,99.0,293921.900794,300026.441978,300026.44183900004,3000.26441839,0.04466,293921.900794,29386.03056912936,88.09262395,61.66203216161616,19.933982539984974,0.3299709163876275,61,64,,False,False,Request timeout: 300.0s exceeded,485,21.16838264042747
183,2026-09-14T02:14:40.958+00:00,2026-09-14T02:19:34.799+00:00,2026-09-14T02:19:40.997+00:00,False,91,90.0,,90.0,293841.246026,300038.83425,300038.83413000003,3297.1300453846156,0.03818,293841.246026,30795.719785983947,89.05729149999999,68.86209137777779,19.703464796494774,0.2999611707763459,61,64,,False,False,Request timeout: 300.0s exceeded,149,21.16838264042747
184,2026-09-14T02:14:44.467+00:00,2026-09-14T02:19:38.337+00:00,2026-09-14T02:19:44.496+00:00,False,91,90.0,,90.0,293870.740144,300029.102256,300029.102236,3297.023101494505,0.03551,293870.740144,30798.857546210962,88.622728,68.4262456888889,20.092085945466575,0.2999709005668639,61,64,,False,False,Request timeout: 300.0s exceeded,339,21.16838264042747
185,2026-09-14T02:14:47.007+00:00,2026-09-14T02:19:40.315+00:00,2026-09-14T02:19:47.044+00:00,False,102,101.0,,101.0,293308.129745,300036.985553,300036.98569199996,2941.5390754117648,0.04283,293308.129745,29035.242468967775,87.548575,66.62233473267327,19.76848998226215,0.33662516577363377,61,64,,False,False,Request timeout: 300.0s exceeded,429,21.16838264042747
186,2026-09-14T02:14:50.530+00:00,2026-09-14T02:19:44.291+00:00,2026-09-14T02:19:50.613+00:00,False,99,98.0,,98.0,293760.739745,300083.23241700005,300083.23230100004,3031.143760616162,0.04021,293760.739745,29517.58824969712,88.810449,64.51523134693878,20.52918606477342,0.32657606095037583,61,64,,False,False,Request timeout: 300.0s exceeded,416,21.16838264042747
187,2026-09-14T02:14:54.173+00:00,2026-09-14T02:19:48.274+00:00,2026-09-14T02:19:54.194+00:00,False,87,86.0,,86.0,294100.779414,300020.725654,300020.725571,3448.5140870229884,0.038079999999999996,294100.779414,31523.539826917346,90.9616806,68.83658418604651,20.629680223871205,0.2866468635209549,61,64,,False,False,Request timeout: 300.0s exceeded,416,21.16838264042747
188,2026-09-14T02:14:56.547+00:00,2026-09-14T02:19:49.919+00:00,2026-09-14T02:19:56.575+00:00,False,97,96.0,,96.0,293372.06392299995,300028.28945899993,300028.28962799994,3093.075150804123,0.019870000000000002,293372.06392299995,29780.386431547977,89.41060900000001,69.33568266666667,19.622760735392106,0.3199698274222864,61,64,,False,False,Request timeout: 300.0s exceeded,447,21.16838264042747
189,2026-09-14T02:14:59.977+00:00,2026-09-14T02:19:53.571+00:00,2026-09-14T02:20:00.010+00:00,False,95,94.0,,94.0,293594.31067900005,300032.49128700007,300032.49129200005,3158.236750442106,0.01968,293594.31067900005,30115.119993729004,87.75989530000001,68.4912830638298,19.65516205389577,0.3132994016640786,61,64,,False,False,Request timeout: 300.0s exceeded,439,21.16838264042747
190,2026-09-14T02:15:02.674+00:00,2026-09-14T02:19:56.580+00:00,2026-09-14T02:20:02.716+00:00,False,94,93.0,,93.0,293905.918237,300041.715997,300041.715845,3191.933147287234,0.03233,293905.918237,30307.282644228628,89.26459115,65.97632,20.314122466234696,0.30995689946303956,61,64,,False,False,Request timeout: 300.0s exceeded,499,21.16838264042747
191,2026-09-14T02:15:05.748+00:00,2026-09-14T02:19:59.257+00:00,2026-09-14T02:20:05.761+00:00,False,98,97.0,,97.0,293509.709554,300013.72901,300013.729015,3061.364581785714,0.02993,293509.709554,29642.19192172228,89.14869165,67.05174696907217,20.732003331938806,0.32331853718856585,61,64,,False,False,Request timeout: 300.0s exceeded,441,21.16838264042747
192,2026-09-14T02:15:08.137+00:00,2026-09-14T02:20:01.980+00:00,2026-09-14T02:20:08.162+00:00,False,91,90.0,,90.0,293843.15069,300025.64797,300025.64817999996,3296.9851448351646,0.049229999999999996,293843.15069,30795.937645478833,88.888067,68.69441422222222,20.659478754118503,0.2999743542225405,61,64,,False,False,Request timeout: 300.0s exceeded,445,21.16838264042747
193,2026-09-14T02:15:11.360+00:00,2026-09-14T02:20:05.040+00:00,2026-09-14T02:20:11.393+00:00,False,97,96.0,,96.0,293680.50662400003,300033.461504,300033.46145400003,3093.1284685979385,0.03936,293680.50662400003,29812.025323778587,88.7664688,66.17661333333334,20.423962765192577,0.31996431170967954,61,64,,False,False,Request timeout: 300.0s exceeded,489,21.16838264042747
194,2026-09-14T02:15:15.092+00:00,2026-09-14T02:20:08.559+00:00,2026-09-14T02:20:15.112+00:00,False,98,97.0,,97.0,293466.81614300003,300020.04673500004,300020.046939,3061.4290503979596,0.02164,293466.81614300003,29637.807737147137,89.62980205,67.55907826804123,20.661998139065968,0.32331172885149767,61,64,,False,False,Request timeout: 300.0s exceeded,502,21.16838264042747
195,2026-09-14T02:15:19.371+00:00,2026-09-14T02:20:13.012+00:00,2026-09-14T02:20:19.420+00:00,False,94,93.0,,93.0,293641.145358,300048.326158,300048.326074,3192.0034688723404,0.023309999999999997,293641.145358,30279.672497936208,90.4125023,68.89441720430108,20.409852723628468,0.30995007101298705,61,64,,False,False,Request timeout: 300.0s exceeded,447,21.16838264042747
196,2026-09-14T02:15:22.542+00:00,2026-09-14T02:20:16.223+00:00,2026-09-14T02:20:22.558+00:00,False,94,93.0,,93.0,293680.81646,300016.277836,300016.277956,3191.6625314468083,0.0,293680.81646,30283.911621686722,91.43369045,68.12324060215055,67.59482014209705,0.3099831804820845,61,64,,False,False,Request timeout: 300.0s exceeded,356,21.16838264042747
197,2026-09-14T02:15:25.227+00:00,2026-09-14T02:20:18.908+00:00,2026-09-14T02:20:25.294+00:00,False,98,97.0,,97.0,293680.388192,300066.591072,300066.59101,3061.903989897959,0.0,293680.388192,29659.622253152105,88.80115740000001,65.8371430927835,66.4484219877418,0.3232615788830859,61,64,,False,False,Request timeout: 300.0s exceeded,402,21.16838264042747
198,2026-09-14T02:15:29.328+00:00,2026-09-14T02:20:22.869+00:00,2026-09-14T02:20:29.363+00:00,False,100,99.0,,99.0,293540.342914,300034.60160199995,300034.601745,3000.3460174499996,0.028759,293540.342914,29347.48056107727,86.22157895000001,65.59857260606061,19.060399880383933,0.32996194262728695,61,64,,False,False,Request timeout: 300.0s exceeded,411,21.16838264042747
199,2026-09-14T02:15:33.052+00:00,2026-09-14T02:20:26.779+00:00,2026-09-14T02:20:33.076+00:00,False,95,94.0,,94.0,293727.079157,300024.895221,300024.895134,3158.1567908842107,0.036950000000000004,293727.079157,30128.89515583372,88.47392899999998,66.99804323404256,19.96766952672655,0.31330733381561243,61,64,,False,False,Request timeout: 300.0s exceeded,443,21.16838264042747
200,2026-09-14T02:15:37.025+00:00,2026-09-14T02:20:30.860+00:00,2026-09-14T02:20:37.123+00:00,False,87,86.0,,86.0,293835.310836,300098.32088400004,300098.321056,3449.4059891494253,0.023649999999999997,293835.310836,31494.65016923557,90.36000130000001,72.82569823255815,19.40955644216242,0.2865727463808184,61,64,,False,False,Request timeout: 300.0s exceeded,375,21.16838264042747
201,2026-09-14T02:15:40.503+00:00,2026-09-14T02:20:34.091+00:00,2026-09-14T02:20:40.572+00:00,False,89,88.0,,88.0,293588.57351,300069.58343,300069.58329000004,3371.568351573034,0.04753,293588.57351,31112.525325815903,90.3090334,73.64784,18.48621873298192,0.29326531197897493,61,64,,False,False,Request timeout: 300.0s exceeded,157,21.16838264042747
202,2026-09-14T02:15:44.352+00:00,2026-09-14T02:20:37.852+00:00,2026-09-14T02:20:44.419+00:00,False,95,94.0,,94.0,293500.240055,300067.138487,300067.138473,3158.6014576105263,0.02036,293500.240055,30105.328719859193,89.60244,69.86062161702128,20.648102710484476,0.3132632266031104,61,64,,False,False,Request timeout: 300.0s exceeded,472,21.16838264042747
203,2026-09-14T02:15:47.697+00:00,2026-09-14T02:20:41.172+00:00,2026-09-14T02:20:47.720+00:00,False,96,95.0,,95.0,293475.319502,300023.050446,300023.05055,3125.2401098958335,0.0258,293475.319502,29945.671938960273,90.337512,68.92348362105264,20.64659443413934,0.3166423375096597,61,64,,False,False,Request timeout: 300.0s exceeded,444,21.16838264042747
204,2026-09-14T02:15:50.745+00:00,2026-09-14T02:20:44.416+00:00,2026-09-14T02:20:50.756+00:00,False,95,94.0,,94.0,293671.280441,300011.172409,300011.17243800004,3158.0123414526315,0.03423,293671.280441,30123.126177810616,91.5178667,67.44565923404255,22.509069168957613,0.31332166480737406,61,64,,False,False,Request timeout: 300.0s exceeded,413,21.16838264042747
205,2026-09-14T02:15:54.770+00:00,2026-09-14T02:20:48.552+00:00,2026-09-14T02:20:54.830+00:00,False,95,94.0,,94.0,293781.502004,300060.22866,300060.228629,3158.5287224105264,0.04204,293781.502004,30134.50090358774,90.5646711,66.79496442553192,21.787368751134558,0.3132704404705095,61,64,,False,False,Request timeout: 300.0s exceeded,355,21.16838264042747
206,2026-09-14T02:15:58.618+00:00,2026-09-14T02:20:52.475+00:00,2026-09-14T02:20:58.643+00:00,False,91,90.0,,90.0,293857.682589,300025.349789,300025.34982999996,3296.981866263736,0.03867,293857.682589,30797.477985225556,88.71205750000001,68.52963555555556,20.216757924160284,0.29997465235285836,61,64,,False,False,Request timeout: 300.0s exceeded,357,21.16838264042747
207,2026-09-14T02:16:02.064+00:00,2026-09-14T02:20:55.581+00:00,2026-09-14T02:21:02.139+00:00,False,97,96.0,,96.0,293516.94118300005,300074.77747100004,300074.77754900005,3093.55440772165,0.019530000000000002,293516.94118300005,29795.20099817234,89.4028448,68.31079466666667,20.30306485658698,0.31992025724080614,61,64,,False,False,Request timeout: 300.0s exceeded,489,21.16838264042747
208,2026-09-14T02:16:05.509+00:00,2026-09-14T02:20:59.189+00:00,2026-09-14T02:21:05.524+00:00,False,95,94.0,,94.0,293680.37365200004,300014.92264400003,300014.92276000004,3158.0518185263163,0.03911,293680.37365200004,30124.06353392401,91.3262297,67.3888190638298,20.499944705038757,0.31331774823594727,61,64,,False,False,Request timeout: 300.0s exceeded,370,21.16838264042747
209,2026-09-14T02:16:08.580+00:00,2026-09-14T02:21:02.225+00:00,2026-09-14T02:21:08.628+00:00,False,94,93.0,,93.0,293645.22777999996,300048.07245199993,300048.07264299993,3192.000772797872,0.023620000000000002,293645.22777999996,30280.098148956746,89.23790465,68.84779217204301,20.06611221548893,0.3099503330916336,61,64,,False,False,Request timeout: 300.0s exceeded,356,21.16838264042747
210,2026-09-14T02:16:12.348+00:00,2026-09-14T02:21:06.074+00:00,2026-09-14T02:21:12.430+00:00,False,93,92.0,,92.0,293725.790964,300081.9717,300081.971547,3226.687866096774,0.024829999999999998,293725.790964,30450.788611612206,90.451135,69.08892104347827,20.946743176131353,0.30658289626267476,61,64,,False,False,Request timeout: 300.0s exceeded,413,21.16838264042747
211,2026-09-14T02:16:16.149+00:00,2026-09-14T02:21:09.837+00:00,2026-09-14T02:21:16.196+00:00,False,93,92.0,,92.0,293687.79252899997,300046.97716899996,300046.977165,3226.3115824193546,0.02816,293687.79252899997,30446.84449372836,89.638843,69.12157217391305,20.231037141629223,0.30661865307905256,61,64,,False,False,Request timeout: 300.0s exceeded,457,21.16838264042747
212,2026-09-14T02:16:20.005+00:00,2026-09-14T02:21:14.117+00:00,2026-09-14T02:21:20.012+00:00,False,93,92.0,,92.0,294111.60951,300007.251878,300007.25183699996,3225.8844283548383,0.0,294111.60951,30491.38513610126,89.7579606,64.0830692173913,68.92218751168481,0.3066592538150126,61,64,,False,False,Request timeout: 300.0s exceeded,463,21.16838264042747
213,2026-09-14T02:16:23.816+00:00,2026-09-14T02:21:17.606+00:00,2026-09-14T02:21:23.875+00:00,False,98,97.0,,97.0,293790.281235,300059.546899,300059.546832,3061.832110530612,0.04672,293790.281235,29670.777994688313,88.7982975,64.63160478350515,20.128573907864766,0.3232691677450616,61,64,,False,False,Request timeout: 300.0s exceeded,473,21.16838264042747
214,2026-09-14T02:16:26.455+00:00,2026-09-14T02:21:20.426+00:00,2026-09-14T02:21:26.511+00:00,False,91,90.0,,90.0,293971.493283,300055.65891500004,300055.65887000004,3297.3149326373627,0.03246,293971.493283,30809.505588340784,87.38297999999999,67.60184035555555,19.81787133396341,0.2999443514094672,61,64,,False,False,Request timeout: 300.0s exceeded,410,21.16838264042747
215,2026-09-14T02:16:30.685+00:00,2026-09-14T02:21:24.288+00:00,2026-09-14T02:21:30.748+00:00,False,95,94.0,,94.0,293602.69761900004,300062.591635,300062.59160200006,3158.553595810527,0.02121,293602.69761900004,30115.95734717215,88.7843924,68.72227676595745,20.520623403853115,0.3132679734844882,61,64,,False,False,Request timeout: 300.0s exceeded,500,21.16838264042747
216,2026-09-14T02:16:33.610+00:00,2026-09-14T02:21:27.499+00:00,2026-09-14T02:21:33.648+00:00,False,98,97.0,,97.0,293889.081765,300037.23280500004,300037.232807,3061.604416397959,0.04325,293889.081765,29680.884755074578,89.440975,63.38300041237114,20.532727855814333,0.32329320962322755,61,64,,False,False,Request timeout: 300.0s exceeded,214,21.16838264042747
217,2026-09-14T02:16:36.505+00:00,2026-09-14T02:21:30.357+00:00,2026-09-14T02:21:36.571+00:00,False,96,95.0,,95.0,293851.953094,300066.479558,300066.479585,3125.692495677083,0.041459,293851.953094,29984.470064314006,90.644664,65.41606804210527,20.873225558462128,0.3165965093466477,61,64,,False,False,Request timeout: 300.0s exceeded,380,21.16838264042747
218,2026-09-14T02:16:40.656+00:00,2026-09-14T02:21:34.379+00:00,2026-09-14T02:21:40.715+00:00,False,94,93.0,,93.0,293723.640502,300059.390902,300059.391038,3192.1211812553192,0.0292,293723.640502,30288.2599906264,88.44434380000001,68.12634838709678,19.72353496787985,0.30993864154837925,61,64,,False,False,Request timeout: 300.0s exceeded,437,21.16838264042747
219,2026-09-14T02:16:44.621+00:00,2026-09-14T02:21:38.341+00:00,2026-09-14T02:21:46.362+00:00,False,92,91.0,,91.0,293719.53749699995,301740.889689,301740.88964099996,3279.7922787065213,0.047670000000000004,293719.53749699995,30613.95395147603,88.72639255000001,88.14672738461539,217.6578052322244,0.3015832560638116,61,64,,False,False,Request timeout: 300.0s exceeded,370,21.16838264042747
220,2026-09-14T02:16:47.294+00:00,2026-09-14T02:21:40.713+00:00,2026-09-14T02:21:47.342+00:00,False,114,113.0,,113.0,293419.052261,300047.64387699997,300047.64386799996,2631.9968760350876,0.01503,293419.052261,27476.43221556279,87.89940614999999,58.66010279646017,198.97913344588932,0.3766068566308178,61,64,,False,False,Request timeout: 300.0s exceeded,524,21.16838264042747
221,2026-09-14T02:16:50.143+00:00,2026-09-14T02:21:43.967+00:00,2026-09-14T02:21:50.160+00:00,False,103,102.0,,102.0,293823.935769,300016.85608899995,300016.85609599994,2912.7850106407764,0.0155,293823.935769,28946.10604866427,87.13078610000001,60.71490509803922,210.21007919395603,0.33998089750577787,61,64,,False,False,Request timeout: 300.0s exceeded,470,21.16838264042747
222,2026-09-14T02:16:53.478+00:00,2026-09-14T02:21:47.623+00:00,2026-09-14T02:21:53.487+00:00,False,89,88.0,,88.0,294145.561844,300008.904948,300008.904775,3370.8865705056182,0.03701,294145.561844,31172.310311780082,85.58310879999999,66.6288989090909,19.065144714138626,0.29332462653151203,61,64,,False,False,Request timeout: 300.0s exceeded,403,21.16838264042747
223,2026-09-14T02:16:57.785+00:00,2026-09-14T02:21:51.452+00:00,2026-09-14T02:21:57.859+00:00,False,95,94.0,,94.0,293666.92727,300074.122406,300074.122505,3158.674973736842,0.03499,293666.92727,30122.604658763055,88.077819,68.16165038297872,20.477655741155765,0.3132559357211686,61,64,,False,False,Request timeout: 300.0s exceeded,437,21.16838264042747
224,2026-09-14T02:17:02.018+00:00,2026-09-14T02:21:55.832+00:00,2026-09-14T02:22:02.111+00:00,False,93,92.0,,92.0,293814.881344,300093.625152,300093.62522,3226.813174408602,0.03928,293814.881344,30460.1135779913,89.1902716,68.24721530434783,20.115695517355288,0.30657099081462064,61,64,,False,False,Request timeout: 300.0s exceeded,390,21.16838264042747
225,2026-09-14T02:17:04.405+00:00,2026-09-14T02:21:58.482+00:00,2026-09-14T02:22:04.434+00:00,False,90,89.0,,89.0,294076.8447,300029.10402800003,300029.10410600004,3333.656712288889,0.04001,294076.8447,30991.37800435415,88.463151,66.87931829213483,20.172321352584287,0.29663788880859415,61,64,,False,False,Request timeout: 300.0s exceeded,337,21.16838264042747
226,2026-09-14T02:17:08.133+00:00,2026-09-14T02:22:02.023+00:00,2026-09-14T02:22:08.181+00:00,False,92,91.0,,91.0,293890.088131,300047.909315,300047.909303,3261.3903185108697,0.02198,293890.088131,30633.112095758537,89.57633304999999,67.66836465934067,21.190195045172196,0.30328489942739534,61,64,,False,False,Request timeout: 300.0s exceeded,445,21.16838264042747
227,2026-09-14T02:17:11.897+00:00,2026-09-14T02:22:05.685+00:00,2026-09-14T02:22:12.290+00:00,False,92,91.0,,91.0,293788.531181,300393.656301,300393.656329,3265.148438358696,0.02457,293788.531181,30622.075304331345,88.98389504999999,72.58379252747253,66.29314761162617,0.3029358246793878,61,64,,False,False,Request timeout: 300.0s exceeded,333,21.16838264042747
228,2026-09-14T02:17:15.835+00:00,2026-09-14T02:22:09.556+00:00,2026-09-14T02:22:15.898+00:00,False,103,102.0,,102.0,293721.22333899996,300063.232683,300063.23260199995,2913.235267980582,0.0,293721.22333899996,28935.159697362196,88.9299331,62.176562196078436,65.78034681579862,0.3399283513943786,61,64,,False,False,Request timeout: 300.0s exceeded,459,21.16838264042747
229,2026-09-14T02:17:18.866+00:00,2026-09-14T02:22:12.501+00:00,2026-09-14T02:22:18.937+00:00,False,99,98.0,,98.0,293634.417876,300070.443988,300070.44415,3031.0145873737374,0.03953,293634.417876,29504.775726914824,87.61051090000001,65.67373583673469,20.13930430359861,0.32658997899812847,61,64,,False,False,Request timeout: 300.0s exceeded,406,21.16838264042747
230,2026-09-14T02:17:22.682+00:00,2026-09-14T02:22:16.198+00:00,2026-09-14T02:22:22.732+00:00,False,95,94.0,,94.0,293516.63782999996,300050.06375,300050.06381699996,3158.421724389473,0.037270000000000005,293516.63782999996,30107.04673697734,88.0620104,69.50453106382979,19.287621504985836,0.31328105325223415,61,64,,False,False,Request timeout: 300.0s exceeded,494,21.16838264042747
231,2026-09-14T02:17:25.631+00:00,2026-09-14T02:22:19.182+00:00,2026-09-14T02:22:25.657+00:00,False,98,97.0,,97.0,293551.08206800005,300025.90907600004,300025.90887900005,3061.4888661122454,0.037128999999999995,293551.08206800005,29646.401509157557,89.6170132,66.75079389690721,20.63404473674417,0.3233054115184058,61,64,,False,False,Request timeout: 300.0s exceeded,402,21.16838264042747
232,2026-09-14T02:17:27.952+00:00,2026-09-14T02:22:21.793+00:00,2026-09-14T02:22:27.978+00:00,False,92,91.0,,91.0,293841.338364,300025.931516,300025.931379,3261.151428032609,0.0533,293841.338364,30627.99819310919,89.88443,67.9625621098901,20.114715710528813,0.3033071159555656,61,64,,False,False,Request timeout: 300.0s exceeded,377,21.16838264042747
233,2026-09-14T02:17:30.431+00:00,2026-09-14T02:22:23.855+00:00,2026-09-14T02:22:30.469+00:00,False,99,98.0,,98.0,293424.48137,300038.273882,300038.273839,3030.6896347373736,0.02124,293424.48137,29483.494099108237,88.8075097,67.48767869387754,20.268925306647603,0.32662499597815225,61,64,,False,False,Request timeout: 300.0s exceeded,484,21.16838264042747
234,2026-09-14T02:17:34.463+00:00,2026-09-14T02:22:27.978+00:00,2026-09-14T02:22:34.483+00:00,False,95,94.0,,94.0,293514.63037800003,300019.67357800005,300019.67365600006,3158.1018279578952,0.08409,293514.63037800003,30106.872785833017,88.5465817,69.20258723404255,20.849859978627634,0.31331278672150675,61,64,,False,False,Request timeout: 300.0s exceeded,423,21.16838264042747
235,2026-09-14T02:17:36.860+00:00,2026-09-14T02:22:30.558+00:00,2026-09-14T02:22:36.879+00:00,False,90,89.0,,89.0,293697.88865499996,300018.81972699997,300018.81973299995,3333.542441477777,0.05276,293697.88865499996,30950.996768868397,91.46177045,71.02169743820225,21.488103360089276,0.29664805721516047,61,64,,False,False,Request timeout: 300.0s exceeded,424,21.16838264042747
236,2026-09-14T02:17:40.010+00:00,2026-09-14T02:22:33.384+00:00,2026-09-14T02:22:40.028+00:00,False,97,96.0,,96.0,293373.791185,300017.48833699996,300017.488251,3092.9637964020617,0.022260000000000002,293373.791185,29780.576745434264,91.24151499999999,69.20517866666667,22.057550082943315,0.3199813468612413,61,64,,False,False,Request timeout: 300.0s exceeded,441,21.16838264042747
237,2026-09-14T02:17:43.129+00:00,2026-09-14T02:22:36.630+00:00,2026-09-14T02:22:43.158+00:00,False,95,94.0,,94.0,293500.99745200004,300028.438604,300028.43851400004,3158.194089621053,0.023710000000000002,293500.99745200004,30105.450158849344,90.64035630000001,69.44086331914895,21.60642375258694,0.3133036336067736,61,64,,False,False,Request timeout: 300.0s exceeded,506,21.16838264042747
238,2026-09-14T02:17:46.377+00:00,2026-09-14T02:22:40.024+00:00,2026-09-14T02:22:46.467+00:00,False,94,93.0,,93.0,293647.141697,300089.77363300003,300089.77377800003,3192.444401893617,0.039909999999999994,293647.141697,30280.252311394313,91.74858850000001,69.27561221505377,21.370976917947488,0.30990726166409105,61,64,,False,False,Request timeout: 300.0s exceeded,403,21.16838264042747
239,2026-09-14T02:17:48.893+00:00,2026-09-14T02:22:42.546+00:00,2026-09-14T02:22:48.970+00:00,False,96,95.0,,95.0,293653.073661,300076.915197,300076.915262,3125.8012006458334,0.03953,293653.073661,29963.946685795458,88.91713425,67.61938458947368,20.193010251572918,0.3165854992132022,61,64,,False,False,Request timeout: 300.0s exceeded,480,21.16838264042747
240,2026-09-14T02:17:52.811+00:00,2026-09-14T02:22:46.837+00:00,2026-09-14T02:22:52.819+00:00,False,89,88.0,,88.0,294026.749149,300007.90038099996,300007.900415,3370.8752855617977,0.02173,294026.749149,31159.574267073076,86.8045744,67.96762763636364,19.0298226787241,0.29332560871978025,61,64,,False,False,Request timeout: 300.0s exceeded,464,21.16838264042747
241,2026-09-14T02:17:55.291+00:00,2026-09-14T02:22:48.810+00:00,2026-09-14T02:22:55.328+00:00,False,98,97.0,,97.0,293519.170096,300037.195824,300037.195797,3061.604038744898,0.02432,293519.170096,29643.13185349061,86.59431500000001,67.1961415257732,19.012190893155314,0.32329324947064103,61,64,,False,False,Request timeout: 300.0s exceeded,320,21.16838264042747
242,2026-09-14T02:17:58.946+00:00,2026-09-14T02:22:53.299+00:00,2026-09-14T02:22:58.959+00:00,False,82,81.0,,81.0,294352.575933,300012.790461,300012.79043600004,3658.6925662926833,0.020869,294352.575933,32498.093762364217,90.45480505000002,69.8791917037037,20.62454536354244,0.26998848907586676,61,64,,False,False,Request timeout: 300.0s exceeded,336,21.16838264042747
243,2026-09-14T02:18:02.040+00:00,2026-09-14T02:22:55.808+00:00,2026-09-14T02:23:02.058+00:00,False,92,91.0,,91.0,293768.18290899997,300017.26988499996,300017.269949,3261.0572820543475,0.0212,293768.18290899997,30620.29817310489,91.75650904999999,68.67128545054945,21.385212197016546,0.3033158725658737,61,64,,False,False,Request timeout: 300.0s exceeded,402,21.16838264042747
244,2026-09-14T02:18:05.237+00:00,2026-09-14T02:22:58.961+00:00,2026-09-14T02:23:05.325+00:00,False,94,93.0,,93.0,293724.090981,300088.203621,300088.203758,3192.4276995531914,0.0366,293724.090981,30288.275282922743,87.44947715,68.43131870967741,20.159916481860172,0.30990888304778375,61,64,,False,False,Request timeout: 300.0s exceeded,428,21.16838264042747
245,2026-09-14T02:18:08.502+00:00,2026-09-14T02:23:02.396+00:00,2026-09-14T02:23:08.518+00:00,False,96,95.0,,95.0,293894.331899,300015.802875,300015.80294799997,3125.1646140416665,0.0,293894.331899,29988.963996386443,88.97550199999999,64.43653658947369,67.81956473347483,0.31664998673280303,61,64,,False,False,Request timeout: 300.0s exceeded,499,21.16838264042747
246,2026-09-14T02:18:10.855+00:00,2026-09-14T02:23:04.464+00:00,2026-09-14T02:23:10.890+00:00,False,101,100.0,,100.0,293609.432094,300034.573086,300034.57292199996,2970.639335861386,0.0,293609.432094,29208.91277044625,89.84476,64.25140992,66.78691906564535,0.3332949232198539,61,64,,False,False,Request timeout: 300.0s exceeded,404,21.16838264042747
247,2026-09-14T02:18:13.341+00:00,2026-09-14T02:23:07.538+00:00,2026-09-14T02:23:13.370+00:00,False,87,86.0,,86.0,294197.12347899994,300029.64623099996,300029.64624699997,3448.616623528735,0.02472,294197.12347899994,31533.977635653686,87.82589100000001,67.820032,20.092590571962123,0.28663834084511286,61,64,,False,False,Request timeout: 300.0s exceeded,439,21.16838264042747
248,2026-09-14T02:18:16.365+00:00,2026-09-14T02:23:09.879+00:00,2026-09-14T02:23:16.425+00:00,False,92,91.0,,91.0,293514.621975,300060.682263,300060.682257,3261.5291549673916,0.038590000000000006,293514.621975,30593.520977145756,90.30207455,71.93472843956044,19.237452832530106,0.30327198923129645,61,64,,False,False,Request timeout: 300.0s exceeded,431,21.16838264042747
249,2026-09-14T02:18:20.483+00:00,2026-09-14T02:23:13.873+00:00,2026-09-14T02:23:20.575+00:00,False,95,94.0,,94.0,293390.209454,300091.701678,300091.701598,3158.860016821053,0.023149999999999997,293390.209454,30093.892648293146,90.683395,71.29247046808511,20.24911753027875,0.31323758529272,61,64,,False,False,Request timeout: 300.0s exceeded,358,21.16838264042747
250,2026-09-14T02:18:23.273+00:00,2026-09-14T02:23:16.853+00:00,2026-09-14T02:23:23.352+00:00,False,100,99.0,,99.0,293580.716117,300079.214421,300079.2144,3000.7921439999996,0.04624,293580.716117,29351.5146825797,89.11293945,65.64139701010102,20.678512420341917,0.3299128871388829,61,64,,False,False,Request timeout: 300.0s exceeded,388,21.16838264042747
251,2026-09-14T02:18:27.319+00:00,2026-09-14T02:23:21.103+00:00,2026-09-14T02:23:27.404+00:00,False,93,92.0,,92.0,293783.57535500004,300085.415739,300085.415723,3226.7249002473122,0.04101,293783.57535500004,30456.84106185758,89.82238600000001,68.49826504347827,19.800264561353696,0.3065793776529853,61,64,,False,False,Request timeout: 300.0s exceeded,442,21.16838264042747
252,2026-09-14T02:18:31.415+00:00,2026-09-14T02:23:25.101+00:00,2026-09-14T02:23:31.494+00:00,False,97,96.0,,96.0,293685.36087800004,300078.21566200006,300078.21555400005,3093.5898510721654,0.02198,293685.36087800004,29812.47629922238,90.6908,66.59223733333333,20.863057375737135,0.31991659170664954,61,64,,False,False,Request timeout: 300.0s exceeded,449,21.16838264042747
253,2026-09-14T02:18:34.344+00:00,2026-09-14T02:23:27.667+00:00,2026-09-14T02:23:34.358+00:00,False,105,104.0,,104.0,293322.817119,300013.55324700003,300013.553425,2857.2719373809523,0.029670000000000002,293322.817119,28619.104980351596,91.11189700000001,64.33400123076923,20.783143451469055,0.34665100584431663,61,64,,False,False,Request timeout: 300.0s exceeded,542,21.16838264042747
254,2026-09-14T02:18:36.980+00:00,2026-09-14T02:23:30.609+00:00,2026-09-14T02:23:37.028+00:00,False,95,94.0,,94.0,293629.85802499996,300048.539625,300048.53953599994,3158.4056793263153,0.02244,293629.85802499996,30118.788951290902,91.0749287,68.28384680851063,20.55603108690483,0.3132826445930415,61,64,,False,False,Request timeout: 300.0s exceeded,460,21.16838264042747
255,2026-09-14T02:18:40.320+00:00,2026-09-14T02:23:33.863+00:00,2026-09-14T02:23:40.352+00:00,False,95,94.0,,94.0,293542.473395,300031.32203499996,300031.322029,3158.224442410526,0.025920000000000002,293542.473395,30109.7465012216,88.72986069999999,69.03030468085106,19.965363013103048,0.313300622623109,61,64,,False,False,Request timeout: 300.0s exceeded,406,21.16838264042747
256,2026-09-14T02:18:43.645+00:00,2026-09-14T02:23:36.900+00:00,2026-09-14T02:23:43.725+00:00,False,102,101.0,,101.0,293254.66486,300079.169948,300079.170173,2941.952648754902,0.027870000000000002,293254.66486,29029.854509388726,87.69201709999999,67.5693573069307,19.19802674607236,0.33657784383201955,61,64,,False,False,Request timeout: 300.0s exceeded,451,21.16838264042747
257,2026-09-14T02:18:46.593+00:00,2026-09-14T02:23:40.353+00:00,2026-09-14T02:23:46.643+00:00,False,95,94.0,,94.0,293760.43957499997,300050.79119099997,300050.791138,3158.4293803999994,0.038840000000000006,293760.43957499997,30132.32543540102,86.01360070000001,66.91863421276595,19.07286090052074,0.3132802937358811,61,64,,False,False,Request timeout: 300.0s exceeded,269,21.16838264042747
258,2026-09-14T02:18:49.910+00:00,2026-09-14T02:23:43.726+00:00,2026-09-14T02:23:49.930+00:00,False,93,92.0,,92.0,293816.365484,300019.885996,300019.88591,3226.0202786021505,0.03417,293816.365484,30460.35154093154,87.4132258,67.4295707826087,18.979666373609863,0.306646340107024,61,64,,False,False,Request timeout: 300.0s exceeded,443,21.16838264042747
259,2026-09-14T02:18:54.079+00:00,2026-09-14T02:23:47.776+00:00,2026-09-14T02:23:54.171+00:00,False,94,93.0,,93.0,293697.48692299996,300092.028747,300092.02863499994,3192.468389734042,0.03605,293697.48692299996,30285.49754505601,89.5980208,68.75851423655914,20.171994904980153,0.3099049327911537,61,64,,False,False,Request timeout: 300.0s exceeded,392,21.16838264042747
260,2026-09-14T02:18:56.979+00:00,2026-09-14T02:23:50.619+00:00,2026-09-14T02:23:57.017+00:00,False,94,93.0,,93.0,293639.98960100004,300037.326689,300037.326567,3191.886452840426,0.06419,293639.98960100004,30279.56469043549,90.98095765,68.78857083870969,21.120968836985295,0.30996143388651776,61,64,,False,False,Request timeout: 300.0s exceeded,355,21.16838264042747
261,2026-09-14T02:19:00.277+00:00,2026-09-14T02:23:53.859+00:00,2026-09-14T02:24:00.301+00:00,False,103,102.0,,102.0,293581.76159899996,300023.56767899997,300023.56777399994,2912.8501725631063,0.023059999999999997,293581.76159899996,28921.255192148186,90.20247210000001,63.154961568627456,20.947435417810134,0.33997329206194704,61,64,,False,False,Request timeout: 300.0s exceeded,425,21.16838264042747
262,2026-09-14T02:19:03.343+00:00,2026-09-14T02:23:57.019+00:00,2026-09-14T02:24:03.387+00:00,False,107,106.0,,106.0,293676.276444,300044.029916,300044.029797,2804.149811186916,0.0,293676.276444,28385.023587538806,92.53037820000002,60.07314596226415,65.05114880492118,0.3532814834865257,61,64,,False,False,Request timeout: 300.0s exceeded,236,21.16838264042747
263,2026-09-14T02:19:05.881+00:00,2026-09-14T02:24:00.571+00:00,2026-09-14T02:24:05.906+00:00,False,84,83.0,,83.0,294690.626398,300025.019486,300025.019553,3571.7264232499997,0.0,294690.626398,32146.45302035421,91.15223099999999,64.26979624096386,73.07124946092456,0.27664359506482095,61,64,,False,False,Request timeout: 300.0s exceeded,375,21.16838264042747
264,2026-09-14T02:19:09.962+00:00,2026-09-14T02:24:04.072+00:00,2026-09-14T02:24:09.997+00:00,False,91,90.0,,90.0,294110.082245,300035.847109,300035.847132,3297.0972212307693,0.026949999999999998,294110.082245,30824.218123570558,88.37472399999999,65.84183182222222,19.768371123094227,0.29996415717387226,61,64,,False,False,Request timeout: 300.0s exceeded,415,21.16838264042747
265,2026-09-14T02:19:14.040+00:00,2026-09-14T02:24:08.061+00:00,2026-09-14T02:24:14.106+00:00,False,91,90.0,,90.0,294021.076733,300066.046205,300066.046197,3297.429079087912,0.02361,294021.076733,30814.74913045948,88.13077399999999,67.16632746666667,20.023117308244174,0.29993396833213687,61,64,,False,False,Request timeout: 300.0s exceeded,433,21.16838264042747
266,2026-09-14T02:19:17.952+00:00,2026-09-14T02:24:11.855+00:00,2026-09-14T02:24:17.976+00:00,False,91,90.0,,90.0,293903.904319,300024.26323100005,300024.26315500005,3296.96992478022,0.03596,293903.904319,30802.378233382995,88.218979,68.00398791111111,19.894240737804644,0.2999757387311892,61,64,,False,False,Request timeout: 300.0s exceeded,388,21.16838264042747
267,2026-09-14T02:19:21.573+00:00,2026-09-14T02:24:14.824+00:00,2026-09-14T02:24:21.611+00:00,False,99,98.0,,98.0,293251.28475700004,300037.97838900005,300037.97836500005,3030.6866501515156,0.036079,293251.28475700004,29465.909500483584,87.6457039,69.2519758367347,19.71855815662278,0.3266253176554294,61,64,,False,False,Request timeout: 300.0s exceeded,433,21.16838264042747
268,2026-09-14T02:19:24.372+00:00,2026-09-14T02:24:18.484+00:00,2026-09-14T02:24:24.413+00:00,False,88,87.0,,87.0,294112.80241299997,300041.25681299996,300041.25668399996,3409.559735045454,0.02599,294112.80241299997,31345.27229254138,89.8989717,68.14315402298851,19.980808464967712,0.28996012389796966,61,64,,False,False,Request timeout: 300.0s exceeded,415,21.16838264042747
269,2026-09-14T02:19:26.960+00:00,2026-09-14T02:24:20.421+00:00,2026-09-14T02:24:26.987+00:00,False,97,96.0,,96.0,293460.830786,300027.36800200003,300027.36817000003,3093.0656512371133,0.02629,293460.830786,29789.494275352263,87.597909,68.40142933333333,19.740996635878393,0.31997081012742823,61,64,,False,False,Request timeout: 300.0s exceeded,452,21.16838264042747
270,2026-09-14T02:19:29.699+00:00,2026-09-14T02:24:23.394+00:00,2026-09-14T02:24:29.767+00:00,False,97,96.0,,96.0,293695.14507800003,300068.462966,300068.46296100004,3093.4893088762888,0.02233,293695.14507800003,29813.489700399125,87.28318180000002,66.388728,19.831485078355133,0.31992698949798504,61,64,,False,False,Request timeout: 300.0s exceeded,432,21.16838264042747
271,2026-09-14T02:19:32.690+00:00,2026-09-14T02:24:26.439+00:00,2026-09-14T02:24:32.738+00:00,False,97,96.0,,96.0,293749.515631,300048.08228699997,300048.08240099996,3093.279200010309,0.0597,293749.515631,29819.089420812918,90.2163928,65.61006933333334,20.084695687844498,0.31994872044599415,61,64,,False,False,Request timeout: 300.0s exceeded,438,21.16838264042747
272,2026-09-14T02:19:35.781+00:00,2026-09-14T02:24:29.767+00:00,2026-09-14T02:24:35.844+00:00,False,89,88.0,,88.0,293985.48105299997,300062.52860499994,300062.52854699997,3371.4890847977526,0.02207,293985.48105299997,31155.084842150623,88.5310424,69.05735854545455,19.83227330107421,0.2932722069933715,61,64,,False,False,Request timeout: 300.0s exceeded,216,21.16838264042747
273,2026-09-14T02:19:39.649+00:00,2026-09-14T02:24:33.198+00:00,2026-09-14T02:24:39.718+00:00,False,95,94.0,,94.0,293549.30022699997,300069.245443,300069.24547799997,3158.623636610526,0.09695000000000001,293549.30022699997,30110.412632943535,87.862889,69.36111931914894,19.431707042716678,0.31326102700470143,61,64,,False,False,Request timeout: 300.0s exceeded,434,21.16838264042747
274,2026-09-14T02:19:42.795+00:00,2026-09-14T02:24:36.377+00:00,2026-09-14T02:24:42.818+00:00,False,92,91.0,,91.0,293582.792997,300023.532581,300023.532716,3261.1253556086954,0.01934,293582.792997,30600.7497436476,92.62988304999999,70.77735806593407,20.458863826625493,0.3033095411455164,61,64,,False,False,Request timeout: 300.0s exceeded,369,21.16838264042747
275,2026-09-14T02:19:46.232+00:00,2026-09-14T02:24:39.848+00:00,2026-09-14T02:24:47.598+00:00,False,80,79.0,,79.0,293616.50268800004,301366.91523200006,301366.91514000006,3767.0864392500002,0.027249,293616.50268800004,32817.2588425961,91.76432140000001,98.10648789873419,245.20947299654375,0.26213892768947034,61,64,,False,False,Request timeout: 300.0s exceeded,358,21.16838264042747
276,2026-09-14T02:19:50.174+00:00,2026-09-14T02:24:43.679+00:00,2026-09-14T02:24:50.233+00:00,False,110,109.0,,109.0,293504.665046,300059.02331799996,300059.023274,2727.809302490909,0.01542,293504.665046,27979.63860712827,91.86062265000001,60.131727266055044,212.57927900676353,0.3632618635983586,61,64,,False,False,Request timeout: 300.0s exceeded,449,21.16838264042747
277,2026-09-14T02:19:54.155+00:00,2026-09-14T02:24:48.866+00:00,2026-09-14T02:24:54.234+00:00,False,77,76.0,,76.0,294711.467166,300079.213726,300079.21379999997,3897.1326467532467,0.073459,294711.467166,33577.445827036514,89.61049059999999,70.62824421052632,20.164454088199154,0.25326645940026693,61,64,,False,False,Request timeout: 300.0s exceeded,384,21.16838264042747
278,2026-09-14T02:19:58.030+00:00,2026-09-14T02:24:51.919+00:00,2026-09-14T02:24:58.051+00:00,False,93,92.0,,92.0,293888.688414,300020.99971,300020.99980399996,3226.032255956989,0.0,293888.688414,30468.005351976615,89.478933,66.65555756521739,70.14146841480438,0.30664520179896443,61,64,,False,False,Request timeout: 300.0s exceeded,430,21.16838264042747
279,2026-09-14T02:20:02.197+00:00,2026-09-14T02:24:55.686+00:00,2026-09-14T02:25:02.219+00:00,False,102,101.0,,101.0,293488.703592,300022.203752,300022.203595,2941.394152892157,0.0,293488.703592,29053.381606633222,87.42588959999999,64.68812039603961,66.2601152970964,0.33664175096682897,61,64,,False,False,Request timeout: 300.0s exceeded,483,21.16838264042747
280,2026-09-14T02:20:04.792+00:00,2026-09-14T02:24:58.548+00:00,2026-09-14T02:25:04.837+00:00,False,96,95.0,,95.0,293756.180308,300044.398164,300044.39836,3125.462482916667,0.03723,293756.180308,29974.61538353995,87.60711325,66.19176690526315,19.76325221043024,0.3166198088726667,61,64,,False,False,Request timeout: 300.0s exceeded,405,21.16838264042747
281,2026-09-14T02:20:08.873+00:00,2026-09-14T02:25:02.763+00:00,2026-09-14T02:25:08.921+00:00,False,92,91.0,,91.0,293890.00312,300048.50168,300048.501774,3261.3967584130437,0.038079999999999996,293890.00312,30633.10147517429,88.14071100000001,67.67580835164834,19.7035689265806,0.30328430067299916,61,64,,False,False,Request timeout: 300.0s exceeded,327,21.16838264042747
282,2026-09-14T02:20:11.891+00:00,2026-09-14T02:25:05.587+00:00,2026-09-14T02:25:11.974+00:00,False,94,93.0,,93.0,293696.367071,300083.180767,300083.180713,3192.3742629042554,0.02199,293696.367071,30285.390466432305,88.467697,68.67541608602151,19.949822483399632,0.30991407036640944,61,64,,False,False,Request timeout: 300.0s exceeded,394,21.16838264042747
283,2026-09-14T02:20:14.286+00:00,2026-09-14T02:25:08.082+00:00,2026-09-14T02:25:14.337+00:00,False,90,89.0,,89.0,293796.133222,300051.73872599995,300051.73860299995,3333.9082067,0.023039999999999998,293796.133222,30961.42887849872,89.3996194,70.28770229213484,19.749889628301382,0.29661551163772015,61,64,,False,False,Request timeout: 300.0s exceeded,357,21.16838264042747
284,2026-09-14T02:20:16.723+00:00,2026-09-14T02:25:10.452+00:00,2026-09-14T02:25:16.752+00:00,False,91,90.0,,90.0,293729.27859500004,300029.105539,300029.10559200007,3297.023138373627,0.02302,293729.27859500004,30783.86345873809,88.746013,69.99807715555556,19.908139000787603,0.2999708972845007,61,64,,False,False,Request timeout: 300.0s exceeded,391,21.16838264042747
285,2026-09-14T02:20:19.261+00:00,2026-09-14T02:25:13.036+00:00,2026-09-14T02:25:19.283+00:00,False,90,89.0,,89.0,293774.483381,300022.146741,300022.146738,3333.5794081999998,0.021079999999999998,293774.483381,30959.156893780088,91.07587694999998,70.19846471910112,20.833306921094547,0.29664476761720854,61,64,,False,False,Request timeout: 300.0s exceeded,400,21.16838264042747
286,2026-09-14T02:20:23.462+00:00,2026-09-14T02:25:17.286+00:00,2026-09-14T02:25:23.514+00:00,False,94,93.0,,93.0,293824.25842,300052.07435600006,300052.07437700004,3192.0433444361706,0.02256,293824.25842,30298.758338649994,90.71289329999999,66.96576275268816,20.780634456233088,0.309946199170945,61,64,,False,False,Request timeout: 300.0s exceeded,488,21.16838264042747
287,2026-09-14T02:20:26.829+00:00,2026-09-14T02:25:20.697+00:00,2026-09-14T02:25:26.897+00:00,False,95,94.0,,94.0,293867.96566000005,300068.10774000006,300068.10770600004,3158.6116600631585,0.03890999999999999,293867.96566000005,30143.456729478814,89.5676527,65.95895829787234,20.448271789972466,0.31326221472842475,61,64,,False,False,Request timeout: 300.0s exceeded,269,21.16838264042747
288,2026-09-14T02:20:30.962+00:00,2026-09-14T02:25:24.717+00:00,2026-09-14T02:25:31.051+00:00,False,90,89.0,,89.0,293755.111439,300088.837647,300088.837527,3334.3204169666665,0.03711,293755.111439,30957.01280220037,91.06276550000001,71.16546301123596,20.56153501865751,0.2965788421117227,61,64,,False,False,Request timeout: 300.0s exceeded,305,21.16838264042747
289,2026-09-14T02:20:33.647+00:00,2026-09-14T02:25:27.235+00:00,2026-09-14T02:25:33.688+00:00,False,91,90.0,,90.0,293587.85062599997,300040.60812999995,300040.60815999995,3297.1495402197797,0.024739999999999998,293587.85062599997,30768.860036214744,92.4284545,71.69730559999999,20.49561605724354,0.2999593973659902,61,64,,False,False,Request timeout: 300.0s exceeded,557,21.16838264042747
290,2026-09-14T02:20:36.318+00:00,2026-09-14T02:25:30.142+00:00,2026-09-14T02:25:36.379+00:00,False,89,88.0,,88.0,293823.597831,300060.318983,300060.318869,3371.464256955056,0.02414,293823.597831,31137.733064403506,90.92654,70.87183127272726,20.05283051137416,0.2932743666282167,61,64,,False,False,Request timeout: 300.0s exceeded,400,21.16838264042747
291,2026-09-14T02:20:39.088+00:00,2026-09-14T02:25:33.061+00:00,2026-09-14T02:25:39.127+00:00,False,88,87.0,,87.0,293972.67506800004,300039.13241200004,300039.13230600004,3409.535594386364,0.02047,293972.67506800004,31330.1654007637,88.219582,69.7293947586207,19.70001060278493,0.2899621769354258,61,64,,False,False,Request timeout: 300.0s exceeded,436,21.16838264042747
292,2026-09-14T02:20:42.239+00:00,2026-09-14T02:25:35.861+00:00,2026-09-14T02:25:42.250+00:00,False,94,93.0,,93.0,293621.190981,300010.696773,300010.69677800004,3191.6031572127663,0.03786,293621.190981,30277.633498275234,88.2525735,68.70436335483872,19.699044417254154,0.30998894706200253,61,64,,False,False,Request timeout: 300.0s exceeded,380,21.16838264042747
293,2026-09-14T02:20:45.204+00:00,2026-09-14T02:25:39.047+00:00,2026-09-14T02:25:45.248+00:00,False,94,93.0,,93.0,293843.02358499996,300043.846881,300043.846881,3191.9558178829784,0.02616,293843.02358499996,30300.72332784325,87.64928715000002,66.67551931182795,20.14344115396953,0.3099546981774454,61,64,,False,False,Request timeout: 300.0s exceeded,228,21.16838264042747
294,2026-09-14T02:20:47.641+00:00,2026-09-14T02:25:41.228+00:00,2026-09-14T02:25:47.707+00:00,False,94,93.0,,93.0,293587.735086,300066.40107,300066.400987,3192.195755180851,0.0446,293587.735086,30274.084460456932,89.24126265,69.6630750967742,20.54617451733107,0.3099314007445465,61,64,,False,False,Request timeout: 300.0s exceeded,208,21.16838264042747
295,2026-09-14T02:20:50.433+00:00,2026-09-14T02:25:44.557+00:00,2026-09-14T02:25:50.471+00:00,False,82,81.0,,81.0,294123.30791699997,300037.450125,300037.45015,3658.9932945121946,0.037020000000000004,294123.30791699997,32472.42823858018,89.60164305,73.01410133333333,19.10331426536386,0.2699662990945104,61,64,,False,False,Request timeout: 300.0s exceeded,322,21.16838264042747
296,2026-09-14T02:20:54.245+00:00,2026-09-14T02:25:47.872+00:00,2026-09-14T02:25:54.290+00:00,False,101,100.0,,100.0,293627.04737,300045.630922,300045.630964,2970.7488214257423,0.0,293627.04737,29210.6750131074,90.373629,64.18583552,68.0720924700028,0.33328264001949776,61,64,,False,False,Request timeout: 300.0s exceeded,423,21.16838264042747
297,2026-09-14T02:20:57.701+00:00,2026-09-14T02:25:51.636+00:00,2026-09-14T02:25:57.768+00:00,False,106,105.0,,105.0,293934.677204,300066.93346000003,300066.93341,2830.820126509434,0.0,293934.677204,28543.800572167143,88.86535974999998,58.40244053333333,27.869630849085013,0.3499219283820117,61,64,,False,False,Request timeout: 300.0s exceeded,428,21.16838264042747
298,2026-09-14T02:21:01.505+00:00,2026-09-14T02:25:55.551+00:00,2026-09-14T02:26:01.520+00:00,False,88,87.0,,87.0,294046.053829,300015.811269,300015.8113,3409.2705829545453,0.022449999999999998,294046.053829,31338.106880333704,90.50393785,68.6179016091954,20.938043860227502,0.289984716578801,61,64,,False,False,Request timeout: 300.0s exceeded,393,21.16838264042747
299,2026-09-14T02:21:05.584+00:00,2026-09-14T02:25:59.562+00:00,2026-09-14T02:26:05.621+00:00,False,87,86.0,,86.0,293978.157504,300037.268928,300037.269029,3448.7042417126436,0.040799999999999996,293978.157504,31510.219636930986,89.4416093,70.454784,20.232284380008576,0.28663105855905335,61,64,,False,False,Request timeout: 300.0s exceeded,212,21.16838264042747
300,2026-09-14T02:21:08.948+00:00,2026-09-14T02:26:02.671+00:00,2026-09-14T02:26:08.992+00:00,False,97,96.0,,96.0,293722.68194599997,300043.66472999996,300043.664656,3093.2336562474225,0.06581999999999999,293722.68194599997,29816.341566755604,89.9141998,65.84357066666666,20.678261364269492,0.3199534310660665,61,64,,False,False,Request timeout: 300.0s exceeded,376,21.16838264042747
301,2026-09-14T02:21:12.114+00:00,2026-09-14T02:26:05.883+00:00,2026-09-14T02:26:12.148+00:00,False,93,92.0,,92.0,293768.778481,300033.600241,300033.600329,3226.167745473118,0.03215,293768.778481,30455.349008583475,90.09404559999999,68.09588869565218,20.69208627878048,0.3066323236000955,61,64,,False,False,Request timeout: 300.0s exceeded,457,21.16838264042747
302,2026-09-14T02:21:16.198+00:00,2026-09-14T02:26:10.111+00:00,2026-09-14T02:26:16.256+00:00,False,89,88.0,,88.0,293912.837169,300057.503537,300057.50365,3371.4326252808987,0.03755,293912.837169,31147.303188140973,88.392529,69.82575418181818,19.881051541287587,0.29327711842789744,61,64,,False,False,Request timeout: 300.0s exceeded,404,21.16838264042747
303,2026-09-14T02:21:20.388+00:00,2026-09-14T02:26:14.005+00:00,2026-09-14T02:26:20.465+00:00,False,98,97.0,,97.0,293617.165624,300077.20812,300077.208139,3062.01232794898,0.02278,293617.165624,29653.09233834116,89.15223149999998,66.59837624742268,20.615575246361036,0.32325014154760456,61,64,,False,False,Request timeout: 300.0s exceeded,394,21.16838264042747
304,2026-09-14T02:21:23.063+00:00,2026-09-14T02:26:17.025+00:00,2026-09-14T02:26:23.141+00:00,False,94,93.0,,93.0,293962.02579600003,300078.29101200006,300078.290898,3192.322243595745,0.039259999999999996,293962.02579600003,30313.09182630674,90.05248915,65.7662926451613,21.008081450882813,0.3099191203947537,61,64,,False,False,Request timeout: 300.0s exceeded,448,21.16838264042747
305,2026-09-14T02:21:26.441+00:00,2026-09-14T02:26:20.068+00:00,2026-09-14T02:26:26.489+00:00,False,94,93.0,,93.0,293627.26858499995,300047.73834499996,300047.73814399994,3191.997214297872,0.020730000000000002,293627.26858499995,30278.226451970873,89.99174930000001,69.03730924731182,20.367208138721487,0.3099506782252997,61,64,,False,False,Request timeout: 300.0s exceeded,267,21.16838264042747
306,2026-09-14T02:21:29.659+00:00,2026-09-14T02:26:23.222+00:00,2026-09-14T02:26:29.671+00:00,False,96,95.0,,95.0,293562.857203,300012.42469099996,300012.424521,3125.12942209375,0.03729,293562.857203,29954.711939691908,90.57591825,67.89018408421053,21.02818549681455,0.31665355225819714,61,64,,False,False,Request timeout: 300.0s exceeded,423,21.16838264042747
307,2026-09-14T02:21:33.387+00:00,2026-09-14T02:26:27.042+00:00,2026-09-14T02:26:33.409+00:00,False,95,94.0,,94.0,293655.65928799997,300022.407448,300022.40728999994,3158.130603052631,0.03943,293655.65928799997,30121.492653285175,87.5273021,67.73136340425532,20.355408640256258,0.31330993174665506,61,64,,False,False,Request timeout: 300.0s exceeded,434,21.16838264042747
308,2026-09-14T02:21:36.677+00:00,2026-09-14T02:26:30.360+00:00,2026-09-14T02:26:36.709+00:00,False,95,94.0,,94.0,293682.175744,300031.378176,300031.37831400003,3158.225034884211,0.023329999999999997,293682.175744,30124.232050946463,89.19927600000001,67.54470672340426,19.92767251462178,0.3133005639992064,61,64,,False,False,Request timeout: 300.0s exceeded,408,21.16838264042747
309,2026-09-14T02:21:39.652+00:00,2026-09-14T02:26:33.193+00:00,2026-09-14T02:26:39.704+00:00,False,99,98.0,,98.0,293541.371321,300051.95154499996,300051.951541,3030.827793343434,0.02076,293541.371321,29495.347497052593,88.7738128,66.43449208163265,19.776930592384645,0.32661010700109566,61,64,,False,False,Request timeout: 300.0s exceeded,380,21.16838264042747
310,2026-09-14T02:21:42.642+00:00,2026-09-14T02:26:36.484+00:00,2026-09-14T02:26:42.686+00:00,False,94,93.0,,93.0,293842.208088,300044.01160800003,300044.011459,3191.9575687127663,0.02145,293842.208088,30300.63856596881,89.8608178,66.6860593548387,20.79752843505947,0.3099545280093847,61,64,,False,False,Request timeout: 300.0s exceeded,418,21.16838264042747
311,2026-09-14T02:21:46.332+00:00,2026-09-14T02:26:38.895+00:00,2026-09-14T02:26:46.461+00:00,False,107,106.0,,106.0,292563.36854,300129.006684,300129.006852,2804.943989271028,0.027280000000000002,292563.36854,28276.327323854242,89.2409963,71.37394475471697,58.00387310897559,0.3531814574377522,61,64,,False,False,Request timeout: 300.0s exceeded,492,21.16838264042747
312,2026-09-14T02:21:49.997+00:00,2026-09-14T02:26:43.747+00:00,2026-09-14T02:26:50.057+00:00,False,101,100.0,,100.0,293750.85868400004,300060.35116400005,300060.351229,2970.894566623763,0.0,293750.85868400004,29223.092996048552,94.61024000000002,63.094924799999994,63.48610324950693,0.33326628997159413,61,64,,False,False,Request timeout: 300.0s exceeded,484,21.16838264042747
313,2026-09-14T02:21:53.764+00:00,2026-09-14T02:26:47.741+00:00,2026-09-14T02:26:53.783+00:00,False,92,91.0,,91.0,293976.880879,300019.673583,300019.673486,3261.083407456522,0.05015,293976.880879,30642.292046827675,87.9250065,66.40431542857142,20.290010375857392,0.30331344245938247,61,64,,False,False,Request timeout: 300.0s exceeded,298,21.16838264042747
314,2026-09-14T02:21:56.252+00:00,2026-09-14T02:26:49.849+00:00,2026-09-14T02:26:56.286+00:00,False,98,97.0,,97.0,293597.197942,300034.691446,300034.691465,3061.5784843367346,0.02179,293597.197942,29651.098327154312,88.22768,66.36591241237113,19.945526644835308,0.32329594798692796,61,64,,False,False,Request timeout: 300.0s exceeded,392,21.16838264042747
315,2026-09-14T02:21:59.504+00:00,2026-09-14T02:26:53.525+00:00,2026-09-14T02:26:59.570+00:00,False,87,86.0,,86.0,294021.120837,300065.688901,300065.689131,3449.0309095517246,0.022449999999999998,294021.120837,31514.8435115567,87.72778399999999,70.2856751627907,19.57967777711954,0.28660391101354404,61,64,,False,False,Request timeout: 300.0s exceeded,462,21.16838264042747
316,2026-09-14T02:22:03.176+00:00,2026-09-14T02:26:57.156+00:00,2026-09-14T02:27:03.200+00:00,False,87,86.0,,86.0,293979.615087,300023.58180700004,300023.581941,3448.546918862069,0.05268,293979.615087,31510.394353293854,89.0006373,70.27868279069767,19.538277053756715,0.28664413471112515,61,64,,False,False,Request timeout: 300.0s exceeded,418,21.16838264042747
317,2026-09-14T02:22:06.450+00:00,2026-09-14T02:27:00.478+00:00,2026-09-14T02:27:06.513+00:00,False,89,88.0,,88.0,294028.839124,300063.48642,300063.486609,3371.4998495393256,0.024030000000000003,294028.839124,31159.732051951363,89.05480599999999,68.57553745454545,20.134739834428363,0.29327127085641497,61,64,,False,False,Request timeout: 300.0s exceeded,408,21.16838264042747
318,2026-09-14T02:22:09.798+00:00,2026-09-14T02:27:03.868+00:00,2026-09-14T02:27:09.822+00:00,False,91,90.0,,90.0,294070.359026,300023.78289800003,300023.78290600004,3296.9646473186817,0.035840000000000004,294070.359026,30820.02216571596,88.530198,66.14915413333333,20.362044484170266,0.2999762189872713,61,64,,False,False,Request timeout: 300.0s exceeded,414,21.16838264042747
319,2026-09-14T02:22:13.055+00:00,2026-09-14T02:27:06.972+00:00,2026-09-14T02:27:13.069+00:00,False,91,90.0,,90.0,293916.975943,300013.952583,300013.952476,3296.8566206153846,0.03918,293916.975943,30803.776222831377,90.0841395,67.7441848888889,20.626721945298097,0.2999860480658851,61,64,,False,False,Request timeout: 300.0s exceeded,418,21.16838264042747
320,2026-09-14T02:22:15.672+00:00,2026-09-14T02:27:09.773+00:00,2026-09-14T02:27:15.688+00:00,False,90,89.0,,89.0,294100.536556,300015.59422,300015.594223,3333.506602477778,0.03131,294100.536556,30993.919688776517,89.17318540000001,66.46132206741574,20.60785289509755,0.29665124651732844,61,64,,False,False,Request timeout: 300.0s exceeded,422,21.16838264042747
321,2026-09-14T02:22:19.862+00:00,2026-09-14T02:27:13.700+00:00,2026-09-14T02:27:19.890+00:00,False,93,92.0,,92.0,293838.009082,300027.828218,300027.828298,3226.105680623656,0.021079999999999998,293838.009082,30462.612219875904,89.89884459999999,67.28064278260871,20.38763954654309,0.30663822268230684,61,64,,False,False,Request timeout: 300.0s exceeded,486,21.16838264042747
322,2026-09-14T02:22:22.196+00:00,2026-09-14T02:27:16.117+00:00,2026-09-14T02:27:22.269+00:00,False,91,90.0,,90.0,293920.853008,300072.357648,300072.357616,3297.4984353406594,0.0237,293920.853008,30804.119357531414,89.17571649999998,68.35005155555555,20.95649593537457,0.29992765979988917,61,64,,False,False,Request timeout: 300.0s exceeded,561,21.16838264042747
323,2026-09-14T02:22:24.659+00:00,2026-09-14T02:27:18.534+00:00,2026-09-14T02:27:24.716+00:00,False,90,89.0,,89.0,293874.48052700004,300056.47502300004,300056.47495000006,3333.9608327777783,0.03508,293874.48052700004,30969.774359750238,87.72545945,69.46061231460673,19.380021462560254,0.2966108296552439,61,64,,False,False,Request timeout: 300.0s exceeded,401,21.16838264042747
324,2026-09-14T02:22:28.293+00:00,2026-09-14T02:27:22.061+00:00,2026-09-14T02:27:28.318+00:00,False,89,88.0,,88.0,293768.079594,300025.18065,300025.180468,3371.0694434606744,0.019850000000000003,293768.079594,31131.8228716187,86.66510900000002,71.1034210909091,18.881286463867163,0.2933087143197426,61,64,,False,False,Request timeout: 300.0s exceeded,359,21.16838264042747
325,2026-09-14T02:22:31.252+00:00,2026-09-14T02:27:25.298+00:00,2026-09-14T02:27:31.283+00:00,False,90,89.0,,89.0,294046.31917699997,300030.795849,300030.795818,3333.6755090888887,0.02162,294046.31917699997,30988.122010609215,87.96779250000002,67.24131092134832,19.915058502909734,0.2966362161196015,61,64,,False,False,Request timeout: 300.0s exceeded,379,21.16838264042747
326,2026-09-14T02:22:34.200+00:00,2026-09-14T02:27:28.111+00:00,2026-09-14T02:27:34.266+00:00,False,97,96.0,,96.0,293911.339434,300066.404266,300066.40440400003,3093.4680866391755,0.02265,293911.339434,29835.671693536297,88.33297979999999,64.11525866666666,19.757280883981803,0.31992918445778035,61,64,,False,False,Request timeout: 300.0s exceeded,471,21.16838264042747
327,2026-09-14T02:22:37.189+00:00,2026-09-14T02:27:31.121+00:00,2026-09-14T02:27:37.258+00:00,False,94,93.0,,93.0,293932.78095,300069.035158,300069.035079,3192.22377743617,0.022838999999999998,293932.78095,30310.052234107294,87.13627500000001,65.98122804301076,19.41886821383456,0.309928680082006,61,64,,False,False,Request timeout: 300.0s exceeded,401,21.16838264042747
328,2026-09-14T02:22:40.388+00:00,2026-09-14T02:27:34.347+00:00,2026-09-14T02:27:40.460+00:00,False,89,88.0,,88.0,293959.123805,300072.390493,300072.390694,3371.599895438202,0.04572,293959.123805,31152.24743490797,88.7254644,69.46893963636364,19.963282602167126,0.29326256859360356,61,64,,False,False,Request timeout: 300.0s exceeded,257,21.16838264042747
329,2026-09-14T02:22:43.461+00:00,2026-09-14T02:27:37.128+00:00,2026-09-14T02:27:43.557+00:00,False,98,97.0,,97.0,293666.404384,300095.620128,300095.619886,3062.2002029183673,0.0,293666.404384,29658.16843945685,90.90417370000002,66.28057468041237,68.03223641423581,0.3232303089216248,61,64,,False,False,Request timeout: 300.0s exceeded,482,21.16838264042747
330,2026-09-14T02:22:46.870+00:00,2026-09-14T02:27:40.539+00:00,2026-09-14T02:27:46.908+00:00,False,100,99.0,,99.0,293669.410829,300038.672141,300038.671948,3000.38671948,0.0,293669.410829,29360.584140839233,91.13122790000001,64.33597284848486,67.43292625748327,0.3299574661278197,61,64,,False,False,Request timeout: 300.0s exceeded,345,21.16838264042747
331,2026-09-14T02:22:50.437+00:00,2026-09-14T02:27:44.287+00:00,2026-09-14T02:27:50.474+00:00,False,92,91.0,,91.0,293849.71287,300037.034982,300037.035023,3261.272119815217,0.03429,293849.71287,30628.868136256846,88.64899559999999,67.99255068131869,20.064545581163383,0.30329589147372865,61,64,,False,False,Request timeout: 300.0s exceeded,346,21.16838264042747
332,2026-09-14T02:22:53.414+00:00,2026-09-14T02:27:47.292+00:00,2026-09-14T02:27:53.426+00:00,False,90,89.0,,89.0,293878.11267,300011.395486,300011.395548,3333.4599505333335,0.02479,293878.11267,30970.215565698247,89.33359850000001,68.91329006741573,20.4064179163812,0.29665539822520903,61,64,,False,False,Request timeout: 300.0s exceeded,426,21.16838264042747
333,2026-09-14T02:22:56.219+00:00,2026-09-14T02:27:49.636+00:00,2026-09-14T02:27:56.244+00:00,False,97,96.0,,96.0,293417.424455,300025.519431,300025.51938899996,3093.046591639175,0.03538,293417.424455,29785.043109519498,88.6448388,68.83432266666667,19.78942487050772,0.31997278158892783,61,64,,False,False,Request timeout: 300.0s exceeded,330,21.16838264042747
334,2026-09-14T02:22:58.594+00:00,2026-09-14T02:27:51.882+00:00,2026-09-14T02:27:58.647+00:00,False,101,100.0,,100.0,293287.95549900003,300053.04017100006,300053.04013100005,2970.822179514852,0.04996,293287.95549900003,29176.518043746622,88.77809299999998,67.65084672,20.655392710781708,0.3332744102276386,61,64,,False,False,Request timeout: 300.0s exceeded,330,21.16838264042747
335,2026-09-14T02:23:02.116+00:00,2026-09-14T02:27:55.732+00:00,2026-09-14T02:28:02.163+00:00,False,98,97.0,,97.0,293615.44903899997,300046.35284699994,300046.35285799997,3061.6974781428567,0.04685,293615.44903899997,29652.949237205677,89.95832300000001,66.29797740206186,20.550401178485348,0.32328338298270326,61,64,,False,False,Request timeout: 300.0s exceeded,470,21.16838264042747
336,2026-09-14T02:23:06.369+00:00,2026-09-14T02:27:59.918+00:00,2026-09-14T02:28:06.569+00:00,False,100,99.0,,99.0,293549.014422,300200.23311,300200.23318499996,3002.00233185,0.02069,293549.014422,29348.189979446244,89.8211535,67.18402715151515,20.285757967177176,0.32977989048970596,61,64,,False,False,Request timeout: 300.0s exceeded,483,21.16838264042747
337,2026-09-14T02:23:10.666+00:00,2026-09-14T02:28:04.005+00:00,2026-09-14T02:28:10.732+00:00,False,99,98.0,,98.0,293339.13518599997,300065.631442,300065.63146099995,3030.965974353535,0.041159999999999995,293339.13518599997,29474.800942363683,89.01982600000001,68.6377168979592,20.325714305695804,0.3265952169498709,61,64,,False,False,Request timeout: 300.0s exceeded,409,21.16838264042747
338,2026-09-14T02:23:13.674+00:00,2026-09-14T02:28:07.814+00:00,2026-09-14T02:28:14.693+00:00,False,62,61.0,,61.0,294139.992977,301019.331473,301019.33141800005,4855.150506741936,0.039479999999999994,294139.992977,37343.04141898337,91.65890544999998,112.77604091803278,342.78644776826377,0.20264479261682036,61,64,,False,False,Request timeout: 300.0s exceeded,204,21.16838264042747
339,2026-09-14T02:23:17.571+00:00,2026-09-14T02:28:11.423+00:00,2026-09-14T02:28:17.632+00:00,False,104,103.0,,103.0,293852.716935,300061.02208699996,300061.022015,2885.202134759615,0.01498,293852.716935,28809.942096807878,91.49011349999999,60.27480730097088,266.75061945558485,0.3432635111471962,61,64,,False,False,Request timeout: 300.0s exceeded,535,21.16838264042747
340,2026-09-14T02:23:21.881+00:00,2026-09-14T02:28:16.024+00:00,2026-09-14T02:28:21.913+00:00,False,85,84.0,,84.0,294143.18321399996,300031.70724599995,300031.70725299994,3529.784791211764,0.02732,294143.18321399996,31896.710087726686,88.1157482,70.10147657142856,19.617706438673235,0.27997040969782333,61,64,,False,False,Request timeout: 300.0s exceeded,356,21.16838264042747
341,2026-09-14T02:23:24.605+00:00,2026-09-14T02:28:17.875+00:00,2026-09-14T02:28:24.656+00:00,False,97,96.0,,96.0,293270.68420099997,300051.771945,300051.77198599995,3093.317236969072,0.02255,293270.68420099997,29769.960990321088,90.23866480000001,70.63633066666667,19.879245457480607,0.31994478612043314,61,64,,False,False,Request timeout: 300.0s exceeded,444,21.16838264042747
342,2026-09-14T02:23:27.573+00:00,2026-09-14T02:28:21.234+00:00,2026-09-14T02:28:27.630+00:00,False,92,91.0,,91.0,293661.13326,300056.72775599995,300056.72778899997,3261.486171619565,0.02237,293661.13326,30608.968592547215,89.33976719999998,70.2812581978022,19.83141466332188,0.3032759861128638,61,64,,False,False,Request timeout: 300.0s exceeded,482,21.16838264042747
343,2026-09-14T02:23:31.858+00:00,2026-09-14T02:28:25.339+00:00,2026-09-14T02:28:31.866+00:00,False,99,98.0,,98.0,293481.13231699995,300007.6905249999,300007.6906089999,3030.380713222222,0.03506,293481.13231699995,29489.277363465055,88.83540199999999,66.59753273469387,20.51497651543107,0.32665829275411046,61,64,,False,False,Request timeout: 300.0s exceeded,418,21.16838264042747
344,2026-09-14T02:23:34.257+00:00,2026-09-14T02:28:27.891+00:00,2026-09-14T02:28:34.347+00:00,False,95,94.0,,94.0,293633.712967,300090.28435900004,300090.28426800005,3158.845097557895,0.02207,293633.712967,30119.143361972776,89.7986047,68.68692970212767,20.933918385238595,0.3132390647060974,61,64,,False,False,Request timeout: 300.0s exceeded,309,21.16838264042747
345,2026-09-14T02:23:36.788+00:00,2026-09-14T02:28:30.526+00:00,2026-09-14T02:28:36.796+00:00,False,89,88.0,,88.0,293737.83077999996,300007.505532,300007.50557499996,3370.870849157303,0.0448,293737.83077999996,31128.602252384513,90.866502,71.246304,20.3173134128949,0.29332599477453264,61,64,,False,False,Request timeout: 300.0s exceeded,435,21.16838264042747
346,2026-09-14T02:23:39.866+00:00,2026-09-14T02:28:34.091+00:00,2026-09-14T02:28:39.875+00:00,False,88,87.0,,87.0,294225.220546,300008.674754,300008.674697,3409.189485193182,0.0,294225.220546,31357.502156425384,90.73443400000001,66.47648514942529,68.8324392146952,0.2899916146469363,61,64,,False,False,Request timeout: 300.0s exceeded,358,21.16838264042747
347,2026-09-14T02:23:42.875+00:00,2026-09-14T02:28:36.370+00:00,2026-09-14T02:28:42.929+00:00,False,102,101.0,,101.0,293494.601012,300053.754676,300053.754546,2941.7034759411763,0.0,293494.601012,29053.93579890832,87.82270355,64.9421154851485,64.19583807524045,0.3366063527818889,61,64,,False,False,Request timeout: 300.0s exceeded,473,21.16838264042747
348,2026-09-14T02:23:46.885+00:00,2026-09-14T02:28:40.467+00:00,2026-09-14T02:28:46.964+00:00,False,96,95.0,,95.0,293581.536444,300078.573244,300078.573259,3125.818471447917,0.03135,293581.536444,29956.56627433683,87.34794325000001,68.38986105263157,19.36629248306661,0.31658374995922667,61,64,,False,False,Request timeout: 300.0s exceeded,447,21.16838264042747
349,2026-09-14T02:23:49.956+00:00,2026-09-14T02:28:43.234+00:00,2026-09-14T02:28:49.979+00:00,False,100,99.0,,99.0,293277.75541900005,300022.44866700005,300022.44881100004,3000.2244881100005,0.015099999999999999,293277.75541900005,29320.969532705276,88.7329694,68.12821462626262,20.089040115756198,0.3299753083139514,61,64,,False,False,Request timeout: 300.0s exceeded,456,21.16838264042747
350,2026-09-14T02:23:52.316+00:00,2026-09-14T02:28:45.660+00:00,2026-09-14T02:28:52.350+00:00,False,101,100.0,,100.0,293343.430264,300034.15384800005,300034.15377000003,2970.635185841584,0.034409999999999996,293343.430264,29182.112101793056,89.782071,66.90723584,20.828649759668597,0.3332953889331575,61,64,,False,False,Request timeout: 300.0s exceeded,472,21.16838264042747
351,2026-09-14T02:23:54.741+00:00,2026-09-14T02:28:48.573+00:00,2026-09-14T02:28:54.772+00:00,False,94,93.0,,93.0,293831.910876,300030.820828,300030.82091,3191.8172437234043,0.055659999999999994,293831.910876,30299.57983093115,91.74252065,66.6549457204301,20.991302954343613,0.30996815508268905,61,64,,False,False,Request timeout: 300.0s exceeded,392,21.16838264042747
352,2026-09-14T02:23:57.400+00:00,2026-09-14T02:28:51.302+00:00,2026-09-14T02:28:57.440+00:00,False,93,92.0,,92.0,293902.59439,300040.752726,300040.752543,3226.244651,0.02206,293902.59439,30469.367827386504,89.47304919999999,66.71911234782608,20.682063414247665,0.30662501398273473,61,64,,False,False,Request timeout: 300.0s exceeded,446,21.16838264042747
353,2026-09-14T02:24:00.032+00:00,2026-09-14T02:28:53.896+00:00,2026-09-14T02:29:00.073+00:00,False,92,91.0,,91.0,293863.52191500005,300040.44044300006,300040.440416,3261.3091349565225,0.027710000000000002,293863.52191500005,30630.320188272006,90.44882809999999,67.87822558241757,20.73342446856466,0.3032924490633377,61,64,,False,False,Request timeout: 300.0s exceeded,177,21.16838264042747
354,2026-09-14T02:24:04.036+00:00,2026-09-14T02:28:57.698+00:00,2026-09-14T02:29:04.086+00:00,False,95,94.0,,94.0,293662.509532,300050.435036,300050.434957,3158.4256311263157,0.05009,293662.509532,30122.17318142989,90.49539709999999,67.95665429787233,21.55061558717216,0.31328066559450884,61,64,,False,False,Request timeout: 300.0s exceeded,390,21.16838264042747
355,2026-09-14T02:24:08.286+00:00,2026-09-14T02:29:01.817+00:00,2026-09-14T02:29:08.366+00:00,False,96,95.0,,95.0,293531.12380299997,300079.91177099996,300079.91170899995,3125.8324136354163,0.03365,293531.12380299997,29951.367220290675,93.14902775,68.93461018947369,21.947738525073774,0.31658233781572614,61,64,,False,False,Request timeout: 300.0s exceeded,313,21.16838264042747
356,2026-09-14T02:24:10.910+00:00,2026-09-14T02:29:04.960+00:00,2026-09-14T02:29:10.943+00:00,False,89,88.0,,88.0,294050.436269,300032.849581,300032.84954,3371.1556128089887,0.03334,294050.436269,31162.084460500904,88.7893928,67.98196945454545,20.442153747804053,0.29330121725968744,61,64,,False,False,Request timeout: 300.0s exceeded,432,21.16838264042747
357,2026-09-14T02:24:14.336+00:00,2026-09-14T02:29:08.366+00:00,2026-09-14T02:29:14.355+00:00,False,92,91.0,,91.0,294029.315677,300019.04393299995,300019.04394199996,3261.0765645869565,0.05101,294029.315677,30647.819097632855,88.1540885,65.82118962637362,19.59300602854554,0.3033140790233371,61,64,,False,False,Request timeout: 300.0s exceeded,372,21.16838264042747
358,2026-09-14T02:24:17.300+00:00,2026-09-14T02:29:10.893+00:00,2026-09-14T02:29:17.336+00:00,False,99,98.0,,98.0,293592.7487,300036.144284,300036.144349,3030.6681247373735,0.032490000000000005,293592.7487,29500.57999507394,86.71248189999999,65.74893453061225,19.742635919726187,0.3266273142986328,61,64,,False,False,Request timeout: 300.0s exceeded,414,21.16838264042747
359,2026-09-14T02:24:21.032+00:00,2026-09-14T02:29:15.127+00:00,2026-09-14T02:29:21.049+00:00,False,90,89.0,,89.0,294094.909942,300017.591798,300017.59172,3333.528796888889,0.028329999999999998,294094.909942,30993.317244545986,89.13723345,66.54698714606742,20.119306243362697,0.2966492713531384,61,64,,False,False,Request timeout: 300.0s exceeded,429,21.16838264042747
360,2026-09-14T02:24:23.356+00:00,2026-09-14T02:29:17.127+00:00,2026-09-14T02:29:23.411+00:00,False,90,89.0,,89.0,293771.019798,300055.292694,300055.292652,3333.9476961333335,0.04176,293771.019798,30958.74808726888,91.61786244999999,70.60980782022472,20.2949167151932,0.29661199841178365,61,64,,False,False,Request timeout: 300.0s exceeded,258,21.16838264042747
361,2026-09-14T02:24:26.365+00:00,2026-09-14T02:29:20.128+00:00,2026-09-14T02:29:26.381+00:00,False,88,87.0,,87.0,293763.78708499996,300016.966477,300016.966454,3409.283709704545,0.031939,293763.78708499996,31307.668968463026,91.33498485,71.87562519540229,19.516086100613975,0.2899835999997341,61,64,,False,False,Request timeout: 300.0s exceeded,425,21.16838264042747
362,2026-09-14T02:24:30.336+00:00,2026-09-14T02:29:24.257+00:00,2026-09-14T02:29:30.359+00:00,False,88,87.0,,87.0,293921.541635,300022.69721899997,300022.697216,3409.3488319999997,0.024399999999999998,293921.541635,31324.672180191224,88.83437035000001,70.12822510344827,19.91788253248388,0.2899780610148132,61,64,,False,False,Request timeout: 300.0s exceeded,433,21.16838264042747
363,2026-09-14T02:24:32.682+00:00,2026-09-14T02:29:26.377+00:00,2026-09-14T02:29:33.063+00:00,False,92,91.0,,91.0,293695.278904,300381.372984,300381.3731,3265.014925,0.03342,293695.278904,30612.251424953567,90.01759154999999,73.47356131868132,61.9909787541371,0.3029482124540631,61,64,,False,False,Request timeout: 300.0s exceeded,464,21.16838264042747
364,2026-09-14T02:24:36.166+00:00,2026-09-14T02:29:29.669+00:00,2026-09-14T02:29:36.243+00:00,False,106,105.0,,105.0,293503.30709200003,300077.702996,300077.70279400004,2830.9217244716983,0.0,293503.30709200003,28501.54715626881,90.59415949999999,62.61329432380953,62.292023786866345,0.3499093699787472,61,64,,False,False,Request timeout: 300.0s exceeded,422,21.16838264042747
365,2026-09-14T02:24:39.203+00:00,2026-09-14T02:29:33.249+00:00,2026-09-14T02:29:39.216+00:00,False,93,92.0,,92.0,294046.12739,300012.590622,300012.590684,3225.9418353118276,0.046759999999999996,294046.12739,30484.44483438233,89.9421062,64.85286121739131,20.39804373088243,0.30665379679319904,61,64,,False,False,Request timeout: 300.0s exceeded,443,21.16838264042747
366,2026-09-14T02:24:42.263+00:00,2026-09-14T02:29:35.691+00:00,2026-09-14T02:29:42.286+00:00,False,98,97.0,,97.0,293428.007996,300023.18214,300023.182274,3061.461043612245,0.02004,293428.007996,29633.84402545373,89.18901819999999,67.99148602061855,20.923926085526904,0.3233083500685518,61,64,,False,False,Request timeout: 300.0s exceeded,363,21.16838264042747
367,2026-09-14T02:24:47.587+00:00,2026-09-14T02:29:40.907+00:00,2026-09-14T02:29:47.687+00:00,False,106,105.0,,105.0,293319.42702,300099.50382,300099.50404800003,2831.1273966792455,0.01948,293319.42702,28483.43680508712,89.47507374999999,64.57216,20.554847915437897,0.3498839507011618,61,64,,False,False,Request timeout: 300.0s exceeded,500,21.16838264042747
368,2026-09-14T02:24:49.396+00:00,2026-09-14T02:29:43.067+00:00,2026-09-14T02:29:49.421+00:00,False,101,100.0,,100.0,293670.98732,300025.048632,300025.048606,2970.5450357029704,0.02674,293670.98732,29215.040943247222,90.86063800000002,63.540613119999996,21.815547141982073,0.3333055038436355,61,64,,False,False,Request timeout: 300.0s exceeded,420,21.16838264042747
369,2026-09-14T02:24:52.773+00:00,2026-09-14T02:29:46.277+00:00,2026-09-14T02:29:52.861+00:00,False,104,103.0,,103.0,293504.104375,300087.710135,300087.710267,2885.458752567308,0.018690000000000002,293504.104375,28774.18577555679,91.8126815,63.918502524271844,21.83195215283287,0.34323298329566226,61,64,,False,False,Request timeout: 300.0s exceeded,257,21.16838264042747
370,2026-09-14T02:24:55.198+00:00,2026-09-14T02:29:49.117+00:00,2026-09-14T02:29:55.281+00:00,False,88,87.0,,87.0,293918.61052100005,300083.06927300006,300083.06907800003,3410.0348758863643,0.03156,293918.61052100005,31324.282336804175,89.44998084999999,70.85584772413793,20.200563762862036,0.28991972193156923,61,64,,False,False,Request timeout: 300.0s exceeded,442,21.16838264042747
371,2026-09-14T02:24:59.273+00:00,2026-09-14T02:29:53.102+00:00,2026-09-14T02:29:59.338+00:00,False,92,91.0,,91.0,293828.72930400004,300065.17039200006,300065.17045900004,3261.5779397717397,0.032310000000000005,293828.72930400004,30626.624814782077,89.32747455,68.53231964835166,21.030366786268488,0.3032674531373272,61,64,,False,False,Request timeout: 300.0s exceeded,309,21.16838264042747
372,2026-09-14T02:25:01.805+00:00,2026-09-14T02:29:55.845+00:00,2026-09-14T02:30:01.881+00:00,False,88,87.0,,87.0,294040.62242699997,300076.537179,300076.537226,3409.9606502954543,0.018,294040.62242699997,31337.447082571893,90.6804689,69.37833048275863,21.318437706156825,0.28992603293106933,61,64,,False,False,Request timeout: 300.0s exceeded,450,21.16838264042747
373,2026-09-14T02:25:04.914+00:00,2026-09-14T02:29:58.853+00:00,2026-09-14T02:30:05.002+00:00,False,88,87.0,,87.0,293939.176154,300088.08777,300088.087764,3410.091906409091,0.01886,293939.176154,31326.493076326347,87.87122385,70.67714501149425,19.214163869657163,0.2899148734843498,61,64,,False,False,Request timeout: 300.0s exceeded,311,21.16838264042747
374,2026-09-14T02:25:07.430+00:00,2026-09-14T02:30:01.077+00:00,2026-09-14T02:30:07.466+00:00,False,94,93.0,,93.0,293647.31070200005,300036.67441400007,300036.67450500006,3191.879516010639,0.018920000000000003,293647.31070200005,30280.327444872157,88.7330005,68.70283561290323,19.30057540682379,0.3099621077377883,61,64,,False,False,Request timeout: 300.0s exceeded,477,21.16838264042747
375,2026-09-14T02:25:11.134+00:00,2026-09-14T02:30:04.873+00:00,2026-09-14T02:30:11.176+00:00,False,93,92.0,,92.0,293739.90266900003,300042.399181,300042.399195,3226.262356935484,0.02093,293739.90266900003,30452.3121711069,90.4452852,68.50539686956522,20.5546967658042,0.3066233314062429,61,64,,False,False,Request timeout: 300.0s exceeded,450,21.16838264042747
376,2026-09-14T02:25:15.359+00:00,2026-09-14T02:30:09.132+00:00,2026-09-14T02:30:15.368+00:00,False,94,93.0,,93.0,293773.282932,300009.739636,300009.739697,3191.5929755,0.020050000000000002,293773.282932,30293.490638842595,89.76408749999999,67.05867423655914,20.185994942053167,0.3099899360361978,61,64,,False,False,Request timeout: 300.0s exceeded,462,21.16838264042747
377,2026-09-14T02:25:18.580+00:00,2026-09-14T02:30:12.162+00:00,2026-09-14T02:30:18.631+00:00,False,99,98.0,,98.0,293582.338097,300050.922801,300050.92291200004,3030.8174031515155,0.026699999999999998,293582.338097,29499.507834980257,87.549462,66.00596636734694,19.708425694205303,0.3266112268049768,61,64,,False,False,Request timeout: 300.0s exceeded,464,21.16838264042747
378,2026-09-14T02:25:21.470+00:00,2026-09-14T02:30:15.364+00:00,2026-09-14T02:30:21.509+00:00,False,92,91.0,,91.0,293893.971552,300039.33756799996,300039.337519,3261.297146945652,0.01886,293893.971552,30633.53019944937,87.90308405,67.53149468131869,19.610324266476052,0.30329356389602097,61,64,,False,False,Request timeout: 300.0s exceeded,485,21.16838264042747
379,2026-09-14T02:25:24.126+00:00,2026-09-14T02:30:17.620+00:00,2026-09-14T02:30:24.140+00:00,False,96,95.0,,95.0,293493.836159,300014.696063,300014.696004,3125.153083375,0.022359999999999998,293493.836159,29947.590446635004,90.12804725,68.64063056842105,20.33789964748574,0.3166511549155944,61,64,,False,False,Request timeout: 300.0s exceeded,446,21.16838264042747
380,2026-09-14T02:25:26.587+00:00,2026-09-14T02:30:20.074+00:00,2026-09-14T02:30:26.615+00:00,False,94,93.0,,93.0,293486.339586,300027.64774600003,300027.64754800004,3191.7834845531916,0.019559999999999998,293486.339586,30263.556618490868,89.63772300000001,70.33664688172043,20.210482934240037,0.30997143329515,61,64,,False,False,Request timeout: 300.0s exceeded,228,21.16838264042747
381,2026-09-14T02:25:29.651+00:00,2026-09-14T02:30:23.396+00:00,2026-09-14T02:30:29.665+00:00,False,100,99.0,,99.0,293744.50311299996,300013.33895299997,300013.33892899996,3000.1333892899997,0.0,293744.50311299996,29368.189077189378,91.84266570000001,63.321574141414146,64.871256928934,0.32998532780407247,61,64,,False,False,Request timeout: 300.0s exceeded,445,21.16838264042747
382,2026-09-14T02:25:33.408+00:00,2026-09-14T02:30:27.118+00:00,2026-09-14T02:30:33.484+00:00,False,102,101.0,,101.0,293710.484497,300076.557841,300076.557698,2941.927036254902,0.0,293710.484497,29075.499986876992,92.69221615000001,63.030429148514855,63.876929852423316,0.3365807736754844,61,64,,False,False,Request timeout: 300.0s exceeded,217,21.16838264042747
383,2026-09-14T02:25:36.253+00:00,2026-09-14T02:30:30.104+00:00,2026-09-14T02:30:36.311+00:00,False,91,90.0,,90.0,293851.01263300003,300057.68527300004,300057.68519100006,3297.337199901099,0.02106,293851.01263300003,30796.733469125753,89.6944305,68.96302933333332,20.396128769460997,0.2999423258168366,61,64,,False,False,Request timeout: 300.0s exceeded,398,21.16838264042747
384,2026-09-14T02:25:40.504+00:00,2026-09-14T02:30:34.413+00:00,2026-09-14T02:30:40.511+00:00,False,90,89.0,,89.0,293908.679065,300006.31157699996,300006.31149299996,3333.403461033333,0.03331,293908.679065,30973.47950990144,89.53483694999998,68.5127248539326,20.004110437643693,0.29666042534960857,61,64,,False,False,Request timeout: 300.0s exceeded,419,21.16838264042747
385,2026-09-14T02:25:44.620+00:00,2026-09-14T02:30:38.156+00:00,2026-09-14T02:30:44.648+00:00,False,99,98.0,,98.0,293536.12334399996,300027.72321599995,300027.723181,3030.583062434343,0.040490000000000005,293536.12334399996,29494.839726297407,88.26558589999999,66.24081502040816,20.083967380409486,0.32663648195419104,61,64,,False,False,Request timeout: 300.0s exceeded,465,21.16838264042747
386,2026-09-14T02:25:48.674+00:00,2026-09-14T02:30:42.154+00:00,2026-09-14T02:30:48.715+00:00,False,97,96.0,,96.0,293479.06678500003,300040.25232100004,300040.252105,3093.198475309279,0.03767,293479.06678500003,29791.35160214598,88.0508018,68.34568266666668,19.864752792873105,0.319957069951047,61,64,,False,False,Request timeout: 300.0s exceeded,214,21.16838264042747
387,2026-09-14T02:25:52.038+00:00,2026-09-14T02:30:45.801+00:00,2026-09-14T02:30:52.060+00:00,False,94,93.0,,93.0,293762.67152,300021.979296,300021.97937699995,3191.723184861702,0.03915,293762.67152,30292.371430738112,89.17291515000001,67.30438468817204,21.103161297973553,0.3099772897246529,61,64,,False,False,Request timeout: 300.0s exceeded,444,21.16838264042747
388,2026-09-14T02:25:55.236+00:00,2026-09-14T02:30:48.962+00:00,2026-09-14T02:30:55.265+00:00,False,96,95.0,,95.0,293725.978512,300029.040016,300029.039977,3125.3024997604166,0.022600000000000002,293725.978512,29971.517701374636,89.61531325,66.34801583157895,20.840308160336754,0.31663601628340315,61,64,,False,False,Request timeout: 300.0s exceeded,420,21.16838264042747
389,2026-09-14T02:25:59.519+00:00,2026-09-14T02:30:53.103+00:00,2026-09-14T02:30:59.556+00:00,False,93,92.0,,92.0,293583.874847,300036.979999,300036.979924,3226.204085204301,0.02529,293583.874847,30435.962389856282,89.0807116,70.14244730434783,19.479617248019785,0.3066288695490357,61,64,,False,False,Request timeout: 300.0s exceeded,346,21.16838264042747
390,2026-09-14T02:26:03.441+00:00,2026-09-14T02:30:57.189+00:00,2026-09-14T02:31:03.468+00:00,False,93,92.0,,92.0,293748.429243,300027.222715,300027.222729,3226.0991691290324,0.14831999999999998,293748.429243,30453.222764897393,89.9210144,68.24775513043478,20.12062059608216,0.3066388415273639,61,64,,False,False,Request timeout: 300.0s exceeded,227,21.16838264042747
391,2026-09-14T02:26:07.370+00:00,2026-09-14T02:31:00.704+00:00,2026-09-14T02:31:07.395+00:00,False,101,100.0,,100.0,293334.11690100003,300024.21891700005,300024.21904800006,2970.536822257426,0.018760000000000002,293334.11690100003,29181.185918025294,90.52142899999998,66.90102016,20.70373966103969,0.33330642559780954,61,64,,False,False,Request timeout: 300.0s exceeded,464,21.16838264042747
392,2026-09-14T02:26:09.987+00:00,2026-09-14T02:31:03.385+00:00,2026-09-14T02:31:10.067+00:00,False,98,97.0,,97.0,293398.117449,300080.04359300004,300080.043633,3062.0412615612245,0.01872,293398.117449,29630.733423300986,88.64869485,68.88583653608248,19.656768937211798,0.323247087139062,61,64,,False,False,Request timeout: 300.0s exceeded,485,21.16838264042747
393,2026-09-14T02:26:13.397+00:00,2026-09-14T02:31:07.046+00:00,2026-09-14T02:31:13.406+00:00,False,96,95.0,,95.0,293649.206014,300008.79667,300008.796769,3125.0916330104164,0.17762,293649.206014,29963.62120975475,88.133469,66.94305953684211,20.545136192059662,0.31665738156503764,61,64,,False,False,Request timeout: 300.0s exceeded,500,21.16838264042747
394,2026-09-14T02:26:15.873+00:00,2026-09-14T02:31:09.893+00:00,2026-09-14T02:31:15.904+00:00,False,90,89.0,,89.0,294020.11504299997,300030.61206699995,300030.61185499997,3333.6734650555554,0.02323,294020.11504299997,30985.329442913055,88.501881,67.5336744269663,20.54640752293953,0.29663639782238416,61,64,,False,False,Request timeout: 300.0s exceeded,405,21.16838264042747
395,2026-09-14T02:26:20.036+00:00,2026-09-14T02:31:14.152+00:00,2026-09-14T02:31:20.105+00:00,False,92,91.0,,91.0,294115.673097,300069.111561,300069.111449,3261.6207766195653,0.01957,294115.673097,30656.8640015878,86.54248355,65.4224007032967,19.506779890016894,0.3032634699606558,61,64,,False,False,Request timeout: 300.0s exceeded,453,21.16838264042747
396,2026-09-14T02:26:23.236+00:00,2026-09-14T02:31:16.741+00:00,2026-09-14T02:31:23.322+00:00,False,108,107.0,,107.0,293504.64147000003,300085.799614,300085.79948700004,2778.5722174722223,0.0,293504.64147000003,28236.655508665906,89.89661184999999,61.50615087850467,66.10103835615286,0.35656468962421406,61,64,,False,False,Request timeout: 300.0s exceeded,406,21.16838264042747
397,2026-09-14T02:26:26.682+00:00,2026-09-14T02:31:20.691+00:00,2026-09-14T02:31:26.710+00:00,False,91,90.0,,90.0,294008.938349,300028.42071700003,300028.420912,3297.0156144175826,0.0,294008.938349,30813.581076711336,91.2063925,66.88313742222222,71.11053266578242,0.29997158197520213,61,64,,False,False,Request timeout: 300.0s exceeded,468,21.16838264042747
398,2026-09-14T02:26:29.731+00:00,2026-09-14T02:31:23.538+00:00,2026-09-14T02:31:29.780+00:00,False,87,86.0,,86.0,293807.182579,300049.10078700003,300049.100922,3448.840240482759,0.020649999999999998,293807.182579,31491.660545814753,89.30435829999999,72.58044427906977,18.990819941211676,0.2866197558147325,61,64,,False,False,Request timeout: 300.0s exceeded,409,21.16838264042747
399,2026-09-14T02:26:32.608+00:00,2026-09-14T02:31:26.413+00:00,2026-09-14T02:31:32.651+00:00,False,92,91.0,,91.0,293805.084316,300043.12566,300043.125448,3261.3383200869566,0.03111,293805.084316,30624.15725474155,88.393228,68.54990487912089,20.178082177242953,0.30328973476672316,61,64,,False,False,Request timeout: 300.0s exceeded,424,21.16838264042747
400,2026-09-14T02:26:36.152+00:00,2026-09-14T02:31:29.699+00:00,2026-09-14T02:31:36.202+00:00,False,94,93.0,,93.0,293546.201367,300049.586967,300049.586858,3192.016881468085,0.020989999999999998,293546.201367,30269.772448236028,88.73306914999999,69.92887741935485,19.441491753075226,0.30994876860213216,61,64,,False,False,Request timeout: 300.0s exceeded,425,21.16838264042747
401,2026-09-14T02:26:39.865+00:00,2026-09-14T02:31:33.482+00:00,2026-09-14T02:31:39.950+00:00,False,95,94.0,,94.0,293616.406372,300085.185636,300085.185427,3158.7914255473684,0.02059,293616.406372,30117.354079848537,91.0932617,68.81680068085106,20.434957524492958,0.3132443869255877,61,64,,False,False,Request timeout: 300.0s exceeded,307,21.16838264042747
402,2026-09-14T02:26:42.550+00:00,2026-09-14T02:31:36.333+00:00,2026-09-14T02:31:42.588+00:00,False,94,93.0,,93.0,293783.360353,300038.740321,300038.740248,3191.901492,0.041229999999999996,293783.360353,30294.50954302033,88.87289679999998,67.26215019354838,20.90822172663892,0.3099599735037644,61,64,,False,False,Request timeout: 300.0s exceeded,352,21.16838264042747
403,2026-09-14T02:26:45.717+00:00,2026-09-14T02:31:39.164+00:00,2026-09-14T02:31:45.737+00:00,False,103,102.0,,102.0,293446.277787,300019.546523,300019.546523,2912.811131291262,0.02619,293446.277787,28907.778338751024,89.4591301,64.4438111372549,20.601426831315617,0.3399778487172019,61,64,,False,False,Request timeout: 300.0s exceeded,494,21.16838264042747
404,2026-09-14T02:26:49.253+00:00,2026-09-14T02:31:42.799+00:00,2026-09-14T02:31:49.271+00:00,False,101,100.0,,100.0,293546.40720899997,300018.49655299995,300018.496619,2970.480164544554,0.01828,293546.40720899997,29202.526562075116,88.35812300000002,64.72089344,20.76549727709498,0.33331278287482,61,64,,False,False,Request timeout: 300.0s exceeded,468,21.16838264042747
405,2026-09-14T02:26:52.762+00:00,2026-09-14T02:31:46.559+00:00,2026-09-14T02:31:52.826+00:00,False,96,95.0,,95.0,293796.76495599997,300063.75836399995,300063.758337,3125.6641493437496,0.04188,293796.76495599997,29978.78073198607,90.06738275000002,65.96835166315789,20.35767374224369,0.31659938047152575,61,64,,False,False,Request timeout: 300.0s exceeded,361,21.16838264042747
406,2026-09-14T02:26:56.016+00:00,2026-09-14T02:31:49.610+00:00,2026-09-14T02:31:56.080+00:00,False,98,97.0,,97.0,293594.114358,300063.91711,300063.9173,3061.876707142857,0.01925,293594.114358,29650.75332200078,88.125137,66.69899744329896,20.14079400029289,0.323264459566596,61,64,,False,False,Request timeout: 300.0s exceeded,461,21.16838264042747
407,2026-09-14T02:26:58.534+00:00,2026-09-14T02:31:52.238+00:00,2026-09-14T02:31:58.558+00:00,False,96,95.0,,95.0,293704.189328,300024.764048,300024.764115,3125.25795953125,0.074339,293704.189328,29969.274916546463,89.67641574999999,66.53236547368421,20.663911301016878,0.316640528995804,61,64,,False,False,Request timeout: 300.0s exceeded,458,21.16838264042747
408,2026-09-14T02:27:01.870+00:00,2026-09-14T02:31:55.441+00:00,2026-09-14T02:32:01.899+00:00,False,95,94.0,,94.0,293570.229075,300029.165139,300029.16508099996,3158.2017376947365,0.06089,293570.229075,30112.627102690352,89.917292,68.71208578723405,20.388927091858477,0.3133028749270122,61,64,,False,False,Request timeout: 300.0s exceeded,395,21.16838264042747
409,2026-09-14T02:27:05.270+00:00,2026-09-14T02:31:58.778+00:00,2026-09-14T02:32:05.549+00:00,False,66,65.0,,65.0,293507.84382,300279.054316,300279.05422600004,4549.6826397878785,0.03854,293507.84382,36116.844590909655,89.69466274999999,104.17246916923078,314.61161595398755,0.2164653147321989,61,64,,False,False,Request timeout: 300.0s exceeded,157,21.16838264042747
410,2026-09-14T02:27:08.110+00:00,2026-09-14T02:32:01.740+00:00,2026-09-14T02:32:08.158+00:00,False,108,107.0,,107.0,293630.499545,300047.98946500005,300047.989377,2778.2221238611114,0.01512,293630.499545,28249.9674474803,89.81535385,59.97654130841122,253.9407211802367,0.3566096216501438,61,64,,False,False,Request timeout: 300.0s exceeded,465,21.16838264042747
411,2026-09-14T02:27:12.145+00:00,2026-09-14T02:32:06.865+00:00,2026-09-14T02:32:12.184+00:00,False,80,79.0,,79.0,294720.59649699996,300039.44244899997,300039.442389,3750.4930298624995,0.02155,294720.59649699996,32943.24288233371,86.646596,67.32716394936709,19.81055026728347,0.26329871617938444,61,64,,False,False,Request timeout: 300.0s exceeded,348,21.16838264042747
412,2026-09-14T02:27:16.159+00:00,2026-09-14T02:32:09.607+00:00,2026-09-14T02:32:16.538+00:00,False,106,105.0,,105.0,293448.274408,300379.185384,300379.185417,2833.7659001603774,0.0,293448.274408,28495.87220290208,86.5205005,66.00867596190477,62.32383874127137,0.34955817549664653,61,64,,False,False,Request timeout: 300.0s exceeded,437,21.16838264042747
413,2026-09-14T02:27:19.768+00:00,2026-09-14T02:32:13.494+00:00,2026-09-14T02:32:19.783+00:00,False,96,95.0,,95.0,293726.191135,300015.92323099996,300015.92310799996,3125.165865708333,0.0,293726.191135,29971.61501252849,89.59240249999999,66.20770627368421,64.3996976265641,0.3166498597037927,61,64,,False,False,Request timeout: 300.0s exceeded,368,21.16838264042747
414,2026-09-14T02:27:23.906+00:00,2026-09-14T02:32:17.897+00:00,2026-09-14T02:32:23.991+00:00,False,87,86.0,,86.0,293990.557652,300084.477908,300084.477968,3449.2468731954023,0.02597,293990.557652,31511.505205895523,89.4285823,70.85953786046511,19.474195831698577,0.2865859660570845,61,64,,False,False,Request timeout: 300.0s exceeded,428,21.16838264042747
415,2026-09-14T02:27:27.871+00:00,2026-09-14T02:32:21.643+00:00,2026-09-14T02:32:27.916+00:00,False,88,87.0,,87.0,293771.077259,300044.128907,300044.12878699997,3409.592372579545,0.02933,293771.077259,31308.421878609734,90.88994285000001,72.10404193103447,19.71681824200032,0.2899573483304718,61,64,,False,False,Request timeout: 300.0s exceeded,420,21.16838264042747
416,2026-09-14T02:27:32.010+00:00,2026-09-14T02:32:25.691+00:00,2026-09-14T02:32:32.034+00:00,False,90,89.0,,89.0,293680.902464,300024.526656,300024.52658199996,3333.605850911111,0.04032,293680.902464,30949.178741193347,90.49075895000001,71.27667631460675,20.520470903919673,0.2966424145118142,61,64,,False,False,Request timeout: 300.0s exceeded,452,21.16838264042747
417,2026-09-14T02:27:35.759+00:00,2026-09-14T02:32:29.650+00:00,2026-09-14T02:32:35.835+00:00,False,90,89.0,,89.0,293891.60417299997,300076.123853,300076.12390099996,3334.1791544555554,0.0179,293891.60417299997,30971.57700904541,90.57628844999999,69.48898516853933,20.403233949978866,0.29659140773092274,61,64,,False,False,Request timeout: 300.0s exceeded,386,21.16838264042747
418,2026-09-14T02:27:39.284+00:00,2026-09-14T02:32:32.931+00:00,2026-09-14T02:32:39.299+00:00,False,93,92.0,,92.0,293646.183525,300015.134309,300015.134257,3225.96918555914,0.02853,293646.183525,30442.51837478736,88.23505599999999,69.22772591304349,19.519368178462972,0.30665119682010705,61,64,,False,False,Request timeout: 300.0s exceeded,472,21.16838264042747
419,2026-09-14T02:27:43.096+00:00,2026-09-14T02:32:36.953+00:00,2026-09-14T02:32:43.131+00:00,False,94,93.0,,93.0,293856.946758,300035.106118,300035.106142,3191.8628312978726,0.01863,293856.946758,30302.18445577298,89.00817165000001,66.43182107526881,20.03222032630619,0.30996372792263943,61,64,,False,False,Request timeout: 300.0s exceeded,267,21.16838264042747
420,2026-09-14T02:27:47.012+00:00,2026-09-14T02:32:41.217+00:00,2026-09-14T02:32:47.095+00:00,False,88,87.0,,87.0,294204.361102,300083.038094,300083.038208,3410.034525090909,0.01907,294204.361102,31355.093708415545,90.6233582,67.57099990804598,20.35400314681731,0.2899197520545881,61,64,,False,False,Request timeout: 300.0s exceeded,277,21.16838264042747
421,2026-09-14T02:27:50.327+00:00,2026-09-14T02:32:44.285+00:00,2026-09-14T02:32:50.374+00:00,False,88,87.0,,87.0,293957.37507,300046.580574,300046.580571,3409.6202337613636,0.034409999999999996,293957.37507,31328.50649769482,88.76053685000001,69.99086786206897,19.627645488418185,0.28995497910213086,61,64,,False,False,Request timeout: 300.0s exceeded,383,21.16838264042747
422,2026-09-14T02:27:54.064+00:00,2026-09-14T02:32:47.593+00:00,2026-09-14T02:32:54.102+00:00,False,95,94.0,,94.0,293529.02908099996,300037.89973699994,300037.89976699994,3158.2936817578943,0.04692,293529.02908099996,30108.34466950712,87.567526,69.24330485106383,18.995059376310127,0.3132937541637116,61,64,,False,False,Request timeout: 300.0s exceeded,479,21.16838264042747
423,2026-09-14T02:27:57.678+00:00,2026-09-14T02:32:50.988+00:00,2026-09-14T02:32:57.706+00:00,False,99,98.0,,98.0,293309.89449000004,300028.031834,300028.03184400004,3030.5861802424247,0.01773,293309.89449000004,29471.870053605642,86.625409,68.55242187755101,19.332518487287306,0.3266361459659262,61,64,,False,False,Request timeout: 300.0s exceeded,381,21.16838264042747
424,2026-09-14T02:28:01.451+00:00,2026-09-14T02:32:54.757+00:00,2026-09-14T02:33:01.464+00:00,False,100,99.0,,99.0,293306.045695,300013.63916699996,300013.639372,3000.13639372,0.04318,293306.045695,29323.835442210446,86.0451305,67.75346941414142,19.196425248670412,0.3299849975983676,61,64,,False,False,Request timeout: 300.0s exceeded,493,21.16838264042747
425,2026-09-14T02:28:04.943+00:00,2026-09-14T02:32:58.526+00:00,2026-09-14T02:33:04.976+00:00,False,97,96.0,,96.0,293583.150667,300033.129547,300033.12946699996,3093.125046051546,0.02196,293583.150667,29802.037461319982,88.8764608,67.18728,20.055839564055653,0.31996466571856247,61,64,,False,False,Request timeout: 300.0s exceeded,493,21.16838264042747
426,2026-09-14T02:28:07.956+00:00,2026-09-14T02:33:01.687+00:00,2026-09-14T02:33:08.030+00:00,False,93,92.0,,92.0,293730.39532099996,300073.91045699996,300073.91058599995,3226.601189096774,0.04932,293730.39532099996,30451.280010723694,89.0291662,68.95125147826087,20.46246639446273,0.30659113236431607,61,64,,False,False,Request timeout: 300.0s exceeded,434,21.16838264042747
427,2026-09-14T02:28:11.632+00:00,2026-09-14T02:33:05.243+00:00,2026-09-14T02:33:11.653+00:00,False,99,98.0,,98.0,293611.692609,300021.69939300005,300021.699413,3030.5222162929294,0.0,293611.692609,29502.589232510196,89.7166779,65.40823248979592,68.01460462053255,0.3266430401476703,61,64,,False,False,Request timeout: 300.0s exceeded,473,21.16838264042747
428,2026-09-14T02:28:14.638+00:00,2026-09-14T02:33:08.024+00:00,2026-09-14T02:33:14.304+00:00,True,105,105.0,,105.0,293386.40979,299665.952574,299665.95261,2853.9614534285715,0.0,293386.40979,28625.763678785584,90.47982459999999,60.38021907692308,65.54270745614438,0.3503901564328404,61,64,,False,True,,345,21.16838264042747
429,2026-09-14T02:28:17.991+00:00,2026-09-14T02:33:11.437+00:00,2026-09-14T02:33:18.053+00:00,False,113,112.0,,112.0,293445.787269,300062.03763700003,300062.037758,2655.416263345133,0.023870000000000002,293445.787269,27599.508221370168,89.49851719999998,59.073664,20.872378200562327,0.3732561469021682,61,64,,False,False,Request timeout: 300.0s exceeded,474,21.16838264042747
430,2026-09-14T02:28:20.685+00:00,2026-09-14T02:33:16.034+00:00,2026-09-14T02:33:20.703+00:00,False,72,71.0,,71.0,295349.711103,300018.23411099997,300018.234032,4166.91991711111,0.047969,295349.711103,34799.55447645945,89.2026176,65.75384518309859,21.229301357359105,0.23665228285335352,61,64,,False,False,Request timeout: 300.0s exceeded,327,21.16838264042747
431,2026-09-14T02:28:23.598+00:00,2026-09-14T02:33:17.071+00:00,2026-09-14T02:33:23.629+00:00,False,94,93.0,,93.0,293473.111546,300030.958842,300030.958978,3191.818712531915,0.042889000000000004,293473.111546,30262.173519029293,89.28477015,70.51448705376343,19.613777484578144,0.30996801249758676,61,64,,False,False,Request timeout: 300.0s exceeded,406,21.16838264042747
432,2026-09-14T02:28:26.313+00:00,2026-09-14T02:33:20.024+00:00,2026-09-14T02:33:26.326+00:00,False,91,90.0,,90.0,293710.515888,300012.92664,300012.926549,3296.845346692308,0.03429,293710.515888,30781.89354486269,90.64243849999998,70.02678613333335,19.84739776569631,0.2999870739169694,61,64,,False,False,Request timeout: 300.0s exceeded,451,21.16838264042747
433,2026-09-14T02:28:28.972+00:00,2026-09-14T02:33:22.779+00:00,2026-09-14T02:33:28.989+00:00,False,92,91.0,,91.0,293807.734415,300016.90382300003,300016.90369300003,3261.0533010108697,0.048670000000000005,293807.734415,30624.46658310268,89.39103860000002,68.23263085714285,20.11427880050619,0.30331624265307056,61,64,,False,False,Request timeout: 300.0s exceeded,178,21.16838264042747
434,2026-09-14T02:28:33.000+00:00,2026-09-14T02:33:26.786+00:00,2026-09-14T02:33:33.015+00:00,False,97,96.0,,96.0,293786.127444,300015.470164,300015.47027,3092.9429924742267,0.01841,293786.127444,29822.88023898576,87.786649,64.88898666666667,20.438344908673574,0.3199834993426262,61,64,,False,False,Request timeout: 300.0s exceeded,428,21.16838264042747
435,2026-09-14T02:28:35.822+00:00,2026-09-14T02:33:29.685+00:00,2026-09-14T02:33:35.845+00:00,False,94,93.0,,93.0,293863.489773,300023.266029,300023.265906,3191.7368713404258,0.023149999999999997,293863.489773,30302.879522302443,88.02504445000001,66.23415329032258,19.75221467207151,0.3099759603010611,61,64,,False,False,Request timeout: 300.0s exceeded,467,21.16838264042747
436,2026-09-14T02:28:38.874+00:00,2026-09-14T02:33:32.510+00:00,2026-09-14T02:33:38.887+00:00,False,101,100.0,,100.0,293636.064997,300013.29789299995,300013.29787999997,2970.428691881188,0.02244,293636.064997,29211.541879237175,87.240996,63.77232896,20.26248463195995,0.33331855855157827,61,64,,False,False,Request timeout: 300.0s exceeded,517,21.16838264042747
437,2026-09-14T02:28:41.709+00:00,2026-09-14T02:33:35.437+00:00,2026-09-14T02:33:41.773+00:00,False,100,99.0,,99.0,293728.435804,300064.005724,300064.005784,3000.6400578400003,0.039839,293728.435804,29366.451370783285,87.41810895,63.995655757575754,20.89134760838533,0.32992960872174915,61,64,,False,False,Request timeout: 300.0s exceeded,279,21.16838264042747
438,2026-09-14T02:28:45.691+00:00,2026-09-14T02:33:39.498+00:00,2026-09-14T02:33:45.718+00:00,False,93,92.0,,92.0,293807.757159,300027.49936699995,300027.499165,3226.1021415591395,0.03958,293807.757159,30459.442092602658,88.13300600000001,67.60589356521739,21.241175321242885,0.30663855877911933,61,64,,False,False,Request timeout: 300.0s exceeded,265,21.16838264042747
439,2026-09-14T02:28:49.458+00:00,2026-09-14T02:33:43.249+00:00,2026-09-14T02:33:49.502+00:00,False,94,93.0,,93.0,293791.416267,300044.22497100005,300044.224722,3191.9598374680854,0.03571,293791.416267,30295.342409761295,86.66328064999999,67.23450219354838,19.562746618274076,0.30995430759911696,61,64,,False,False,Request timeout: 300.0s exceeded,411,21.16838264042747
440,2026-09-14T02:28:52.344+00:00,2026-09-14T02:33:46.357+00:00,2026-09-14T02:33:52.360+00:00,False,94,93.0,,93.0,294013.135442,300015.935826,300015.93584499997,3191.6588919680853,0.04003,294013.135442,30318.488628126037,87.61044475,64.54624068817205,20.124403489766586,0.30998353385447214,61,64,,False,False,Request timeout: 300.0s exceeded,352,21.16838264042747
441,2026-09-14T02:28:55.802+00:00,2026-09-14T02:33:49.505+00:00,2026-09-14T02:33:55.817+00:00,False,98,97.0,,97.0,293702.844828,300015.026332,300015.026319,3061.3778195816326,0.02721,293702.844828,29661.9003977219,87.42736515,65.07403612371134,19.37642347933884,0.32331713909775545,61,64,,False,False,Request timeout: 300.0s exceeded,437,21.16838264042747
442,2026-09-14T02:28:59.522+00:00,2026-09-14T02:33:53.202+00:00,2026-09-14T02:33:59.572+00:00,False,94,93.0,,93.0,293680.16876,300050.25797599996,300050.25779799995,3192.0240191276594,0.02486,293680.16876,30283.738220314775,87.33024515,68.49558296774194,19.84711924223936,0.30994807545687486,61,64,,False,False,Request timeout: 300.0s exceeded,445,21.16838264042747
443,2026-09-14T02:29:03.132+00:00,2026-09-14T02:33:56.695+00:00,2026-09-14T02:34:03.162+00:00,False,96,95.0,,95.0,293563.21169,300029.91223400005,300029.912434,3125.311587854167,0.02366,293563.21169,29954.728498753655,87.25557825,68.07053204210526,19.20184029819638,0.31663509578974036,61,64,,False,False,Request timeout: 300.0s exceeded,495,21.16838264042747
444,2026-09-14T02:29:06.731+00:00,2026-09-14T02:34:00.438+00:00,2026-09-14T02:34:06.741+00:00,False,98,97.0,,97.0,293706.916009,300010.09373699996,300010.093848,3061.3274882448977,0.0,293706.916009,29662.388806950843,87.9242764,64.98121369072165,66.62171954572592,0.3233224548939137,61,64,,False,False,Request timeout: 300.0s exceeded,189,21.16838264042747
445,2026-09-14T02:29:09.588+00:00,2026-09-14T02:34:03.037+00:00,2026-09-14T02:34:09.622+00:00,False,102,101.0,,101.0,293448.885556,300033.338676,300033.338612,2941.50331972549,0.0,293448.885556,29049.38936643963,89.38002215,65.19260514851486,66.3813754649799,0.33662925742084904,61,64,,False,False,Request timeout: 300.0s exceeded,495,21.16838264042747
446,2026-09-14T02:29:13.293+00:00,2026-09-14T02:34:07.006+00:00,2026-09-14T02:34:13.369+00:00,False,86,85.0,,85.0,293712.899423,300075.822687,300075.822706,3489.253752395349,0.02278,293712.899423,31663.80969413407,89.64842375,74.85792075294118,18.534747287455367,0.28326174111221525,61,64,,False,False,Request timeout: 300.0s exceeded,439,21.16838264042747
447,2026-09-14T02:29:16.955+00:00,2026-09-14T02:34:10.765+00:00,2026-09-14T02:34:17.006+00:00,False,90,89.0,,89.0,293810.295509,300051.171285,300051.17146000004,3333.9019051111113,0.03979,293810.295509,30962.939586720924,89.41669935,70.12219973033709,20.416084978906376,0.2966160725813812,61,64,,False,False,Request timeout: 300.0s exceeded,382,21.16838264042747
448,2026-09-14T02:29:19.328+00:00,2026-09-14T02:34:13.206+00:00,2026-09-14T02:34:19.339+00:00,False,92,91.0,,91.0,293878.005129,300010.563977,300010.563969,3260.9843909673914,0.05389,293878.005129,30631.88094886906,89.47662365000001,67.39075657142857,20.672641261637445,0.3033226523549231,61,64,,False,False,Request timeout: 300.0s exceeded,334,21.16838264042747
449,2026-09-14T02:29:23.395+00:00,2026-09-14T02:34:17.421+00:00,2026-09-14T02:34:23.466+00:00,False,88,87.0,,87.0,294025.78721100005,300070.97633100004,300070.976374,3409.897458795455,0.020059999999999998,294025.78721100005,31335.853580875388,90.17039635,69.4849324137931,20.25249502035613,0.2899314057752546,61,64,,False,False,Request timeout: 300.0s exceeded,329,21.16838264042747
450,2026-09-14T02:29:26.504+00:00,2026-09-14T02:34:20.010+00:00,2026-09-14T02:34:26.563+00:00,False,96,95.0,,95.0,293505.781821,300058.326845,300058.326764,3125.607570458333,0.03521,293505.781821,29948.775591365287,89.39774675000001,68.97415814736841,20.317717353181294,0.3166051114091355,61,64,,False,False,Request timeout: 300.0s exceeded,396,21.16838264042747
451,2026-09-14T02:29:30.589+00:00,2026-09-14T02:34:24.157+00:00,2026-09-14T02:34:30.618+00:00,False,95,94.0,,94.0,293567.392824,300028.627768,300028.627691,3158.1960809578945,0.03943,293567.392824,30112.33355133792,89.04052169999999,68.73654195744682,20.315492650220655,0.31330343607306166,61,64,,False,False,Request timeout: 300.0s exceeded,415,21.16838264042747
452,2026-09-14T02:29:34.849+00:00,2026-09-14T02:34:28.725+00:00,2026-09-14T02:34:34.869+00:00,False,94,93.0,,93.0,293876.729115,300020.606491,300020.606651,3191.708581393617,0.036929000000000003,293876.729115,30304.262866589408,89.04799750000001,66.06319759139785,20.02683655873898,0.309978708088472,61,64,,False,False,Request timeout: 300.0s exceeded,481,21.16838264042747
453,2026-09-14T02:29:37.855+00:00,2026-09-14T02:34:31.494+00:00,2026-09-14T02:34:37.899+00:00,False,95,94.0,,94.0,293639.082199,300043.542999,300043.543096,3158.3530852210524,0.02551,293639.082199,30119.75052575563,88.3945807,68.13256170212766,20.066013588943864,0.3132878616898391,61,64,,False,False,Request timeout: 300.0s exceeded,470,21.16838264042747
454,2026-09-14T02:29:41.886+00:00,2026-09-14T02:34:35.709+00:00,2026-09-14T02:34:41.965+00:00,False,90,89.0,,89.0,293822.44321600004,300078.26094400004,300078.26107600005,3334.202900844445,0.02154,293822.44321600004,30964.20180925911,88.64835340000002,70.29008683146067,19.53641195026583,0.29658929547252005,61,64,,False,False,Request timeout: 300.0s exceeded,389,21.16838264042747
455,2026-09-14T02:29:45.573+00:00,2026-09-14T02:34:39.602+00:00,2026-09-14T02:34:45.609+00:00,False,88,87.0,,87.0,294029.00746399997,300036.30397599994,300036.304119,3409.503455897727,0.03957,294029.00746399997,31336.242658332616,87.9495957,69.0493851954023,19.237931961942234,0.2899649104028397,61,64,,False,False,Request timeout: 300.0s exceeded,422,21.16838264042747
456,2026-09-14T02:29:49.796+00:00,2026-09-14T02:34:43.913+00:00,2026-09-14T02:34:49.811+00:00,False,92,91.0,,91.0,294116.99307200004,300015.943472,300015.94342500006,3261.042863315218,0.0219,294116.99307200004,30657.0644235105,87.7121695,64.82363076923077,20.100090703625064,0.30331721356832786,61,64,,False,False,Request timeout: 300.0s exceeded,396,21.16838264042747
457,2026-09-14T02:29:52.565+00:00,2026-09-14T02:34:46.415+00:00,2026-09-14T02:34:52.623+00:00,False,97,96.0,,96.0,293849.838449,300057.492849,300057.49275,3093.3762139175255,0.04025,293849.838449,29829.371998813644,88.78264280000002,64.66306666666667,20.364408291943928,0.31993868604477993,61,64,,True,False,Request timeout: 300.0s exceeded,398,21.16838264042747
458,2026-09-14T02:29:55.554+00:00,2026-09-14T02:34:49.218+00:00,2026-09-14T02:34:55.598+00:00,False,95,94.0,,94.0,293664.219404,300043.73325999995,300043.73323199997,3158.355086652631,0.04489,293664.219404,30122.35668578415,87.699001,67.86716868085105,19.927304135662247,0.313287663030593,61,64,,True,False,Request timeout: 300.0s exceeded,236,21.16838264042747
459,2026-09-14T02:29:59.234+00:00,2026-09-14T02:34:52.880+00:00,2026-09-14T02:34:59.312+00:00,False,94,93.0,,93.0,293645.97904500004,300078.690469,300078.69047200005,3192.326494382979,0.02085,293645.97904500004,30280.142147775532,89.21650565,69.16894004301075,19.50203410102462,0.3099187078384277,61,64,,True,False,Request timeout: 300.0s exceeded,443,21.16838264042747
460,2026-09-14T02:30:02.146+00:00,2026-09-14T02:34:55.331+00:00,2026-09-14T02:35:02.193+00:00,False,107,106.0,,106.0,293185.400749,300046.877869,300046.87784200005,2804.1764284299065,0.02655,293185.400749,28337.051576380643,87.6488323,64.7309162264151,19.803016939317445,0.3532781302469657,61,64,,True,False,Request timeout: 300.0s exceeded,473,21.16838264042747
461,2026-09-14T02:30:04.529+00:00,2026-09-14T02:34:58.773+00:00,2026-09-14T02:35:04.602+00:00,False,89,88.0,,88.0,294243.473,300072.862056,300072.86211,3371.605192247191,0.03618,294243.473,31182.730473559906,87.4826832,66.24305745454545,20.194869658102057,0.29326210773294564,61,64,,True,False,Request timeout: 300.0s exceeded,324,21.16838264042747
462,2026-09-14T02:30:06.955+00:00,2026-09-14T02:35:00.702+00:00,2026-09-14T02:35:06.988+00:00,False,92,91.0,,91.0,293746.284682,300032.93249,300032.932577,3261.2275280108697,0.039520000000000007,293746.284682,30617.97094364041,88.4440151,69.08404184615384,19.65132448924563,0.30330003858170806,61,64,,True,False,Request timeout: 300.0s exceeded,445,21.16838264042747
463,2026-09-14T02:30:09.825+00:00,2026-09-14T02:35:03.730+00:00,2026-09-14T02:35:09.874+00:00,False,92,91.0,,91.0,293904.93452899996,300048.857217,300048.85713599995,3261.4006210434777,0.02239,293904.93452899996,30634.675163220534,87.75852660000001,67.51563393406593,20.14175306003158,0.30328394130222397,61,64,,True,False,Request timeout: 300.0s exceeded,418,21.16838264042747
464,2026-09-14T02:30:12.848+00:00,2026-09-14T02:35:06.251+00:00,2026-09-14T02:35:12.932+00:00,False,101,100.0,,100.0,293403.33977200004,300084.890108,300084.89013300004,2971.137526069307,0.036359999999999996,293403.33977200004,29188.081780738157,88.643883,66.81550336,19.863557002512636,0.3332390376736735,61,64,,True,False,Request timeout: 300.0s exceeded,219,21.16838264042747
465,2026-09-14T02:30:15.961+00:00,2026-09-14T02:35:09.355+00:00,2026-09-14T02:35:16.045+00:00,False,101,100.0,,100.0,293393.696556,300083.494956,300083.49494,2971.1237122772277,0.02466,293393.696556,29187.114765043396,90.36389,66.897984,20.914794825976404,0.3332405869728443,61,64,,True,False,Request timeout: 300.0s exceeded,484,21.16838264042747
466,2026-09-14T02:30:19.273+00:00,2026-09-14T02:35:12.754+00:00,2026-09-14T02:35:19.316+00:00,False,96,95.0,,95.0,293480.644615,300042.469895,300042.470039,3125.442396239583,0.024739999999999998,293480.644615,29946.200399726356,90.44176425000002,69.07184505263157,20.80856117767181,0.3166218436784809,61,64,,True,False,Request timeout: 300.0s exceeded,235,21.16838264042747
467,2026-09-14T02:30:21.981+00:00,2026-09-14T02:35:15.696+00:00,2026-09-14T02:35:22.038+00:00,False,91,90.0,,90.0,293715.173963,300057.338443,300057.338391,3297.333388912088,0.030719999999999997,293715.173963,30782.335182836483,87.535725,70.46849422222222,19.278959708012472,0.299942672513896,61,64,,True,False,Request timeout: 300.0s exceeded,201,21.16838264042747
468,2026-09-14T02:30:26.002+00:00,2026-09-14T02:35:20.060+00:00,2026-09-14T02:35:26.052+00:00,False,84,83.0,,83.0,294058.456491,300050.614187,300050.6144,3572.031123809524,0.02101,294058.456491,32076.537819400546,88.81861034999999,72.19467103614458,21.187706644572746,0.2766199970124776,61,64,,True,False,Request timeout: 300.0s exceeded,339,21.16838264042747
469,2026-09-14T02:30:30.007+00:00,2026-09-14T02:35:23.849+00:00,2026-09-14T02:35:30.032+00:00,False,92,91.0,,91.0,293842.157683,300025.40581100003,300025.405808,3261.145715304348,0.037590000000000005,293842.157683,30628.08641994021,88.86057704999999,67.94778162637364,21.977724592111006,0.30330764741078337,61,64,,True,False,Request timeout: 300.0s exceeded,151,21.16838264042747
470,2026-09-14T02:30:34.161+00:00,2026-09-14T02:35:27.514+00:00,2026-09-14T02:35:34.203+00:00,False,100,99.0,,99.0,293353.07047000004,300042.837638,300042.83768500003,3000.4283768500004,0.020028999999999998,293353.07047000004,29328.555925213794,87.076641,67.57340573737373,19.196388154615068,0.32995288532580447,61,64,,True,False,Request timeout: 300.0s exceeded,449,21.16838264042747
471,2026-09-14T02:30:37.696+00:00,2026-09-14T02:35:31.188+00:00,2026-09-14T02:35:37.759+00:00,False,97,96.0,,96.0,293491.398622,300062.084062,300062.084029,3093.4235466907217,0.03997,293491.398622,29792.593725583432,87.8516648,68.44464,19.960238026650625,0.31993379070234046,61,64,,True,False,Request timeout: 300.0s exceeded,492,21.16838264042747
472,2026-09-14T02:30:41.770+00:00,2026-09-14T02:35:35.333+00:00,2026-09-14T02:35:41.784+00:00,False,96,95.0,,95.0,293562.53796600003,300013.70545400004,300013.70568500005,3125.1427675520836,0.0358,293562.53796600003,29954.677204061838,87.9545545,67.90702618947368,20.39341268281316,0.316652200459442,61,64,,True,False,Request timeout: 300.0s exceeded,593,21.16838264042747
473,2026-09-14T02:30:45.765+00:00,2026-09-14T02:35:39.424+00:00,2026-09-14T02:35:45.788+00:00,False,95,94.0,,94.0,293659.602296,300023.312248,300023.312118,3158.1401275578946,0.043139000000000004,293659.602296,30121.900397058616,90.090293,67.69904204255319,20.180720355390832,0.3133089868773243,61,64,,True,False,Request timeout: 300.0s exceeded,338,21.16838264042747
474,2026-09-14T02:30:49.669+00:00,2026-09-14T02:35:43.357+00:00,2026-09-14T02:35:49.675+00:00,False,92,91.0,,91.0,293687.304202,300005.966602,300005.96660000004,3260.934419565218,0.020030000000000003,293687.304202,30611.785846120136,91.53940755000002,69.43585054945055,20.75414312936319,0.3033273005557395,61,64,,True,False,Request timeout: 300.0s exceeded,375,21.16838264042747
475,2026-09-14T02:30:53.785+00:00,2026-09-14T02:35:47.353+00:00,2026-09-14T02:35:53.863+00:00,False,96,95.0,,95.0,293568.326946,300078.578978,300078.579102,3125.8185323125,0.04139,293568.326946,29955.204519761748,89.4504895,68.52896875789475,20.32973531702912,0.3165837439098405,61,64,,True,False,Request timeout: 300.0s exceeded,423,21.16838264042747
476,2026-09-14T02:30:57.583+00:00,2026-09-14T02:35:51.151+00:00,2026-09-14T02:35:57.618+00:00,False,94,93.0,,93.0,293568.011633,300034.714737,300034.71469,3191.8586669148935,0.02041,293568.011633,30272.062326577652,86.54848480000001,69.53444197849463,18.864418352479586,0.3099641322555644,61,64,,True,False,Request timeout: 300.0s exceeded,431,21.16838264042747
477,2026-09-14T02:31:01.084+00:00,2026-09-14T02:35:54.830+00:00,2026-09-14T02:36:01.116+00:00,False,92,91.0,,91.0,293746.17332,300032.407944,300032.407959,3261.2218256413043,0.0205,293746.17332,30617.959856389327,88.74995405,69.07950136263736,19.72928368457231,0.3033005688404995,61,64,,True,False,Request timeout: 300.0s exceeded,486,21.16838264042747
478,2026-09-14T02:31:04.114+00:00,2026-09-14T02:35:57.695+00:00,2026-09-14T02:36:04.140+00:00,False,97,96.0,,96.0,293581.568652,300025.93934,300025.93940699997,3093.0509217216495,0.02299,293581.568652,29801.883300897003,88.697679,67.12886133333333,20.84728453145982,0.31997233376281314,61,64,,True,False,Request timeout: 300.0s exceeded,363,21.16838264042747
479,2026-09-14T02:31:08.149+00:00,2026-09-14T02:36:02.208+00:00,2026-09-14T02:36:08.247+00:00,False,87,86.0,,86.0,294059.660549,300098.559237,300098.55941000005,3449.408728850575,0.0359,294059.660549,31518.98273140939,89.49794630000001,70.2197521860465,20.00192954185588,0.2865725187706826,61,64,,True,False,Request timeout: 300.0s exceeded,395,21.16838264042747
480,2026-09-14T02:31:12.137+00:00,2026-09-14T02:36:06.085+00:00,2026-09-14T02:36:12.196+00:00,False,89,88.0,,88.0,293948.269949,300059.178365,300059.178386,3371.4514425393254,0.039009999999999996,293948.269949,31151.099175006188,87.1343864,69.44214109090909,19.001693512745675,0.293275481455043,61,64,,True,False,Request timeout: 300.0s exceeded,287,21.16838264042747
481,2026-09-14T02:31:14.827+00:00,2026-09-14T02:36:08.327+00:00,2026-09-14T02:36:14.856+00:00,False,97,96.0,,96.0,293500.046809,300028.286425,300028.28631500003,3093.0751166494847,0.0206,293500.046809,29793.516327116522,87.12265980000001,68.002496,19.376087995677416,0.3199698306579428,61,64,,True,False,Request timeout: 300.0s exceeded,473,21.16838264042747
482,2026-09-14T02:31:18.166+00:00,2026-09-14T02:36:11.695+00:00,2026-09-14T02:36:18.212+00:00,False,94,93.0,,93.0,293528.912571,300045.792187,300045.79239099997,3191.9765147978724,0.02123,293528.912571,30267.97390808069,87.99481949999999,70.0739743655914,18.847902100393142,0.30995268862840397,61,64,,True,False,Request timeout: 300.0s exceeded,447,21.16838264042747
483,2026-09-14T02:31:20.961+00:00,2026-09-14T02:36:15.108+00:00,2026-09-14T02:36:20.971+00:00,False,85,84.0,,84.0,294146.263542,300009.74437399994,300009.74438999995,3529.526404588235,0.019760000000000003,294146.263542,31897.075970151483,87.5487074,69.80334323809524,18.668197063553478,0.2799909055463326,61,64,,True,False,Request timeout: 300.0s exceeded,425,21.16838264042747
484,2026-09-14T02:31:24.092+00:00,2026-09-14T02:36:17.880+00:00,2026-09-14T02:36:24.152+00:00,False,95,94.0,,94.0,293787.47725199995,300059.87635599996,300059.87638699997,3158.5250145999994,0.025009,293787.47725199995,30135.119554762634,89.042542,66.7276500425532,19.883375870144565,0.3132708082851957,61,64,,True,False,Request timeout: 300.0s exceeded,386,21.16838264042747
485,2026-09-14T02:31:27.412+00:00,2026-09-14T02:36:20.884+00:00,2026-09-14T02:36:27.499+00:00,False,98,97.0,,97.0,293472.17090100003,300086.767509,300086.767715,3062.1098746428574,0.037090000000000005,293472.17090100003,29638.28448750468,88.44968435000001,68.19171760824743,20.288219126420735,0.32323984427967434,61,64,,True,False,Request timeout: 300.0s exceeded,360,21.16838264042747
486,2026-09-14T02:31:30.084+00:00,2026-09-14T02:36:24.018+00:00,2026-09-14T02:36:30.157+00:00,False,87,86.0,,86.0,293933.73549,300072.198722,300072.19873,3449.1057325287356,0.03628,293933.73549,31505.357807869204,88.94927230000002,71.37747944186047,19.645537559178067,0.2865976933760337,61,64,,True,False,Request timeout: 300.0s exceeded,433,21.16838264042747
487,2026-09-14T02:31:33.166+00:00,2026-09-14T02:36:27.032+00:00,2026-09-14T02:36:33.179+00:00,False,87,86.0,,86.0,293866.02393699996,300013.26361699996,300013.26340899995,3448.4283150459764,0.02881,293866.02393699996,31498.08665736066,87.0195943,71.4795311627907,18.352903867140398,0.28665399310407985,61,64,,True,False,Request timeout: 300.0s exceeded,416,21.16838264042747
488,2026-09-14T02:31:36.058+00:00,2026-09-14T02:36:29.997+00:00,2026-09-14T02:36:36.115+00:00,False,88,87.0,,87.0,293939.757056,300056.98176,300056.981701,3409.7384284204545,0.020329999999999997,293939.757056,31326.59398253514,87.41041335,70.31292763218391,19.469914819441716,0.2899449280923141,61,64,,True,False,Request timeout: 300.0s exceeded,277,21.16838264042747
489,2026-09-14T02:31:38.550+00:00,2026-09-14T02:36:32.297+00:00,2026-09-14T02:36:38.617+00:00,False,92,91.0,,91.0,293746.605616,300066.663728,300066.663564,3261.594169173913,0.03664,293746.605616,30617.966525090622,87.8348141,69.45118804395604,20.27030086324379,0.30326594387202016,61,64,,True,False,Request timeout: 300.0s exceeded,450,21.16838264042747
490,2026-09-14T02:31:41.374+00:00,2026-09-14T02:36:35.184+00:00,2026-09-14T02:36:41.392+00:00,False,92,91.0,,91.0,293809.923167,300017.897311,300017.897419,3261.0641023804346,0.02266,293809.923167,30624.696167509363,87.7082066,68.21949608791208,20.14837074032907,0.3033152382428338,61,64,,True,False,Request timeout: 300.0s exceeded,390,21.16838264042747
491,2026-09-14T02:31:44.605+00:00,2026-09-14T02:36:38.187+00:00,2026-09-14T02:36:44.620+00:00,False,94,93.0,,93.0,293581.34126099997,300014.72929299995,300014.729418,3191.6460576382974,0.03685,293581.34126099997,30273.47534140046,89.5785315,69.17621539784946,20.750680094341835,0.30998478047780936,61,64,,True,False,Request timeout: 300.0s exceeded,457,21.16838264042747
492,2026-09-14T02:31:48.448+00:00,2026-09-14T02:36:42.230+00:00,2026-09-14T02:36:48.503+00:00,False,89,88.0,,88.0,293781.95999199996,300055.27071199997,300055.270676,3371.4075356853928,0.02185,293781.95999199996,31133.275527065904,91.4088838,71.28762181818182,20.267839452322107,0.29327930081409714,61,64,,True,False,Request timeout: 300.0s exceeded,359,21.16838264042747
493,2026-09-14T02:31:52.203+00:00,2026-09-14T02:36:45.988+00:00,2026-09-14T02:36:52.242+00:00,False,94,93.0,,93.0,293784.403852,300038.6395,300038.639416,3191.900419319149,0.02379,293784.403852,30294.617968416438,87.58427365,67.24984567741934,20.204437645308218,0.30996007765859773,61,64,,True,False,Request timeout: 300.0s exceeded,375,21.16838264042747
494,2026-09-14T02:31:55.535+00:00,2026-09-14T02:36:49.598+00:00,2026-09-14T02:36:55.605+00:00,False,86,85.0,,85.0,294062.867858,300070.795666,300070.795452,3489.1952959534883,0.033960000000000004,294062.867858,31701.998515750234,88.00356725,70.68150362352941,19.22503004105411,0.28326648653476766,61,64,,True,False,Request timeout: 300.0s exceeded,304,21.16838264042747
495,2026-09-14T02:31:59.279+00:00,2026-09-14T02:36:52.828+00:00,2026-09-14T02:36:59.309+00:00,False,91,90.0,,90.0,293548.563776,300029.818432,300029.818323,3297.0309705824175,0.02852,293548.563776,30764.70766207068,88.532788,72.01394062222222,19.239876372732912,0.2999701845315017,61,64,,True,False,Request timeout: 300.0s exceeded,427,21.16838264042747
496,2026-09-14T02:32:05.589+00:00,2026-09-14T02:36:58.337+00:00,2026-09-14T02:37:05.722+00:00,False,113,112.0,,112.0,292747.925745,300133.06750500004,300133.06754200003,2656.0448455044248,0.03872,292747.925745,27533.212672410576,88.839624,65.93876571428572,20.246010463004716,0.37316781163453155,61,64,,True,False,Request timeout: 300.0s exceeded,477,21.16838264042747
497,2026-09-14T02:32:06.111+00:00,2026-09-14T02:37:00.208+00:00,2026-09-14T02:37:06.140+00:00,False,95,94.0,,94.0,294097.235278,300029.34023800003,300029.340151,3158.2035805368423,0.03828,294097.235278,30167.27186977137,89.9037871,63.107499574468086,20.48653977684535,0.31330269208149425,61,64,,True,False,Request timeout: 300.0s exceeded,339,21.16838264042747
498,2026-09-14T02:32:10.123+00:00,2026-09-14T02:37:03.875+00:00,2026-09-14T02:37:10.159+00:00,False,104,103.0,,103.0,293752.358648,300036.060408,300036.06055,2884.9621206730767,0.0,293752.358648,28798.819977929383,88.82886,61.00681320388349,28.078693059826232,0.3432920691597431,61,64,,True,False,Request timeout: 300.0s exceeded,482,21.16838264042747
499,2026-09-14T02:32:12.564+00:00,2026-09-14T02:37:07.188+00:00,2026-09-14T02:37:12.617+00:00,False,84,83.0,,83.0,294623.910283,300052.914827,300052.914787,3572.0585093690474,0.0,294623.910283,32138.97504791218,88.5276843,65.40969330120483,22.48829667684373,0.2766178760431469,61,64,,True,False,Request timeout: 300.0s exceeded,399,21.16838264042747
500,2026-09-14T02:32:16.317+00:00,2026-09-14T02:37:10.068+00:00,2026-09-14T02:37:16.561+00:00,False,99,98.0,,98.0,293751.111468,300243.470124,300243.469958,3032.7623228080806,0.022850000000000002,293751.111468,29516.446383817307,88.70173199999999,66.24855771428571,20.55517457990405,0.3264017697354956,61,64,,True,False,Request timeout: 300.0s exceeded,498,21.16838264042747
501,2026-09-14T02:32:19.850+00:00,2026-09-14T02:37:13.473+00:00,2026-09-14T02:37:19.871+00:00,False,100,99.0,,99.0,293623.26201999997,300020.41401999997,300020.41406199994,3000.2041406199996,0.0212,293623.26201999997,29355.871700593612,89.30904745,64.61769696969696,20.762708152168738,0.3299775461059142,61,64,,True,False,Request timeout: 300.0s exceeded,243,21.16838264042747
502,2026-09-14T02:32:23.154+00:00,2026-09-14T02:37:16.858+00:00,2026-09-14T02:37:23.214+00:00,False,98,97.0,,97.0,293703.902813,300060.20719700004,300060.20698200003,3061.838846755102,0.047299999999999995,293703.902813,29661.962210761783,89.2059279,65.52891117525773,20.706651204921172,0.3232684563745438,61,64,,True,False,Request timeout: 300.0s exceeded,482,21.16838264042747
503,2026-09-14T02:32:26.071+00:00,2026-09-14T02:37:19.568+00:00,2026-09-14T02:37:26.098+00:00,False,99,98.0,,98.0,293497.53574099997,300026.866941,300026.866995,3030.5744140909087,0.03509,293497.53574099997,29490.92277296844,89.223989,66.62582857142857,19.99653910786708,0.32663741417288344,61,64,,True,False,Request timeout: 300.0s exceeded,427,21.16838264042747
504,2026-09-14T02:32:29.910+00:00,2026-09-14T02:37:23.695+00:00,2026-09-14T02:37:29.937+00:00,False,91,90.0,,90.0,293785.419138,300027.213442,300027.213588,3297.002347120879,0.03577,293785.419138,30789.81588761775,88.307478,69.35327004444444,19.446224939951588,0.2999727890263475,61,64,,True,False,Request timeout: 300.0s exceeded,289,21.16838264042747
505,2026-09-14T02:32:32.570+00:00,2026-09-14T02:37:26.319+00:00,2026-09-14T02:37:32.584+00:00,False,90,89.0,,89.0,293749.68365499994,300014.91066299996,300014.91067599994,3333.4990075111104,0.03979,293749.68365499994,30956.521012313264,88.8330994,70.39580907865168,19.33773101913309,0.29665192241052213,61,64,,True,False,Request timeout: 300.0s exceeded,413,21.16838264042747
506,2026-09-14T02:32:35.844+00:00,2026-09-14T02:37:29.464+00:00,2026-09-14T02:37:35.886+00:00,False,95,94.0,,94.0,293620.01733,300042.51845,300042.518281,3158.3422976947368,0.03271,293620.01733,30117.77394771802,85.8270197,68.32448,18.69303357280863,0.3132889314674395,61,64,,True,False,Request timeout: 300.0s exceeded,375,21.16838264042747
507,2026-09-14T02:32:39.361+00:00,2026-09-14T02:37:33.194+00:00,2026-09-14T02:37:39.403+00:00,False,95,94.0,,94.0,293832.13082200004,300041.522438,300041.522315,3158.3318138421055,0.022510000000000002,293832.13082200004,30139.769626538524,87.2143297,66.05735761702128,19.794982040794565,0.31328997145528076,61,64,,True,False,Request timeout: 300.0s exceeded,270,21.16838264042747
508,2026-09-14T02:32:42.028+00:00,2026-09-14T02:37:35.966+00:00,2026-09-14T02:37:42.036+00:00,False,91,90.0,,90.0,293937.556172,300007.790284,300007.790215,3296.7889034615387,0.03451,293937.556172,30805.96431413301,87.5650355,67.44704568888889,19.9339270179818,0.29999220991828984,61,64,,True,False,Request timeout: 300.0s exceeded,199,21.16838264042747
509,2026-09-14T02:32:45.772+00:00,2026-09-14T02:37:39.616+00:00,2026-09-14T02:37:45.782+00:00,False,87,86.0,,86.0,293844.024812,300010.129388,300010.129428,3448.392292275862,0.02229,293844.024812,31495.70463897117,87.88527030000002,71.69889041860466,18.44484639165685,0.2866569878004922,61,64,,True,False,Request timeout: 300.0s exceeded,353,21.16838264042747
510,2026-09-14T02:32:48.248+00:00,2026-09-14T02:37:41.818+00:00,2026-09-14T02:37:48.294+00:00,False,93,92.0,,92.0,293569.897129,300045.537961,300045.53788099997,3226.296106247312,0.023939,293569.897129,30434.486718130764,86.7360914,70.38740034782609,18.087706856600256,0.30662012381586623,61,64,,True,False,Request timeout: 300.0s exceeded,294,21.16838264042747
511,2026-09-14T02:32:50.632+00:00,2026-09-14T02:37:44.319+00:00,2026-09-14T02:37:50.681+00:00,False,95,94.0,,94.0,293686.144912,300048.876944,300048.87692199997,3158.4092307578944,0.02085,293686.144912,30124.624211309103,87.52890299999999,67.68863863829787,19.462832195827833,0.3132822923964611,61,64,,True,False,Request timeout: 300.0s exceeded,375,21.16838264042747
512,2026-09-14T02:32:53.901+00:00,2026-09-14T02:37:47.496+00:00,2026-09-14T02:37:53.914+00:00,False,97,96.0,,96.0,293595.71640100004,300013.27262500004,300013.27280800004,3092.9203382268047,0.0218,293595.71640100004,29803.347686920024,89.4884694,66.849544,20.17158829219896,0.31998584315966144,61,64,,True,False,Request timeout: 300.0s exceeded,506,21.16838264042747
513,2026-09-14T02:32:57.443+00:00,2026-09-14T02:37:50.928+00:00,2026-09-14T02:37:57.465+00:00,False,93,92.0,,92.0,293485.412572,300021.674204,300021.674445,3226.0395101612903,0.019469999999999998,293485.412572,30425.6588246523,89.6541924,71.04632208695652,19.828336003038398,0.3066445124142749,61,64,,True,False,Request timeout: 300.0s exceeded,442,21.16838264042747
514,2026-09-14T02:33:01.559+00:00,2026-09-14T02:37:55.154+00:00,2026-09-14T02:38:01.597+00:00,False,92,91.0,,91.0,293594.604109,300038.067277,300038.06738900003,3261.283341184783,0.035859999999999996,293594.604109,30601.977753140076,89.30458855,70.80728756043956,20.056461678518083,0.3032948479700322,61,64,,True,False,Request timeout: 300.0s exceeded,441,21.16838264042747
515,2026-09-14T02:33:04.387+00:00,2026-09-14T02:37:57.838+00:00,2026-09-14T02:38:04.414+00:00,False,95,94.0,,94.0,293451.610929,300027.173169,300027.17317,3158.1807702105266,0.039119999999999995,293451.610929,30100.329485450216,88.8751684,69.95278978723404,19.84226927897043,0.31330495503836064,61,64,,True,False,Request timeout: 300.0s exceeded,243,21.16838264042747
516,2026-09-14T02:33:07.331+00:00,2026-09-14T02:38:00.946+00:00,2026-09-14T02:38:07.385+00:00,False,95,94.0,,94.0,293614.831903,300053.422623,300053.42262200004,3158.4570802315793,0.03673,293614.831903,30117.225052371785,88.37877619999999,68.49564595744681,19.76874036708438,0.3132775463058311,61,64,,True,False,Request timeout: 300.0s exceeded,447,21.16838264042747
517,2026-09-14T02:33:11.059+00:00,2026-09-14T02:38:04.950+00:00,2026-09-14T02:38:12.781+00:00,False,71,70.0,,70.0,293890.348718,301721.548718,301721.54855999997,4249.5992754929575,0.030809999999999997,293890.348718,34866.872102330955,91.61330000000002,111.87428571428572,355.013928040159,0.23200199089997567,61,64,,True,False,Request timeout: 300.0s exceeded,368,21.16838264042747
518,2026-09-14T02:33:15.085+00:00,2026-09-14T02:38:08.640+00:00,2026-09-14T02:38:15.100+00:00,False,105,104.0,,104.0,293555.202003,300015.172563,300015.17257,2857.287357809524,0.0152,293555.202003,28643.6115305278,87.9244284,62.11510153846154,306.01974063972375,0.3466491348138771,61,64,,True,False,Request timeout: 300.0s exceeded,440,21.16838264042747
519,2026-09-14T02:33:19.250+00:00,2026-09-14T02:38:14.038+00:00,2026-09-14T02:38:19.302+00:00,False,82,81.0,,81.0,294788.28372899996,300052.055633,300052.05562999996,3659.171410121951,0.01871,294788.28372899996,32546.749718443745,86.27333805,64.98483832098766,19.97194158894269,0.2699531580582564,61,64,,True,False,Request timeout: 300.0s exceeded,267,21.16838264042747
520,2026-09-14T02:33:22.668+00:00,2026-09-14T02:38:16.304+00:00,2026-09-14T02:38:22.716+00:00,False,95,94.0,,94.0,293636.03615899995,300047.52876699995,300047.5286869999,3158.395038810526,0.01916,293636.03615899995,30119.4296243075,88.4426157,68.20736817021276,18.958867658507348,0.313283700040053,61,64,,True,False,Request timeout: 300.0s exceeded,431,21.16838264042747
521,2026-09-14T02:33:25.090+00:00,2026-09-14T02:38:18.445+00:00,2026-09-14T02:38:25.146+00:00,False,99,98.0,,98.0,293354.468203,300056.128107,300056.12788800005,3030.869978666667,0.023350000000000003,293354.468203,29476.36714106692,88.0129349,68.38428473469388,19.883906055022393,0.326605560827117,61,64,,True,False,Request timeout: 300.0s exceeded,372,21.16838264042747
522,2026-09-14T02:33:27.600+00:00,2026-09-14T02:38:21.187+00:00,2026-09-14T02:38:27.630+00:00,False,98,97.0,,97.0,293586.841341,300030.637309,300030.637361,3061.5371159285714,0.0578,293586.841341,29650.04582681467,87.5444412,66.43088626804123,20.299092813834687,0.3233003164943459,61,64,,True,False,Request timeout: 300.0s exceeded,321,21.16838264042747
523,2026-09-14T02:33:31.537+00:00,2026-09-14T02:38:25.147+00:00,2026-09-14T02:38:31.559+00:00,False,101,100.0,,100.0,293609.577611,300021.962635,300021.962717,2970.5144823465344,0.02109,293609.577611,29208.871267711325,87.31199499999998,64.12385024,20.20275089460481,0.3333089321919334,61,64,,True,False,Request timeout: 300.0s exceeded,487,21.16838264042747
524,2026-09-14T02:33:35.003+00:00,2026-09-14T02:38:28.789+00:00,2026-09-14T02:38:35.018+00:00,False,94,93.0,,93.0,293785.865717,300014.958581,300014.958629,3191.648496053191,0.04329,293785.865717,30294.796642668083,89.3260198,66.97949316129032,20.21934777713438,0.3099845435703209,61,64,,True,False,Request timeout: 300.0s exceeded,415,21.16838264042747
525,2026-09-14T02:33:37.744+00:00,2026-09-14T02:38:31.296+00:00,2026-09-14T02:38:37.771+00:00,False,94,93.0,,93.0,293552.498362,300027.503034,300027.503032,3191.781947148936,0.01993,293552.498362,30270.453553323398,87.46000745,69.62370615053764,19.666676252577634,0.3099715828033971,61,64,,True,False,Request timeout: 300.0s exceeded,484,21.16838264042747
526,2026-09-14T02:33:40.529+00:00,2026-09-14T02:38:34.639+00:00,2026-09-14T02:38:40.568+00:00,False,85,84.0,,84.0,294109.784791,300038.847191,300038.847196,3529.8687905411766,0.0414,294109.784791,31893.035014752895,87.69871519999998,70.5840761904762,19.35137811790153,0.27996374731611645,61,64,,True,False,Request timeout: 300.0s exceeded,379,21.16838264042747
527,2026-09-14T02:33:44.184+00:00,2026-09-14T02:38:37.980+00:00,2026-09-14T02:38:44.266+00:00,False,94,93.0,,93.0,293796.64352100005,300082.32083300006,300082.32078300003,3192.3651147127666,0.02106,293796.64352100005,30295.845786893835,86.10655249999999,67.5879280860215,20.600506833345175,0.30991495847486394,61,64,,True,False,Request timeout: 300.0s exceeded,426,21.16838264042747
528,2026-09-14T02:33:47.944+00:00,2026-09-14T02:38:41.617+00:00,2026-09-14T02:38:48.008+00:00,False,100,99.0,,99.0,293673.171869,300064.017565,300064.017651,3000.64017651,0.03578,293673.171869,29360.868927554886,86.55996085000001,64.55399692929294,20.580989680763096,0.32992959570220576,61,64,,True,False,Request timeout: 300.0s exceeded,453,21.16838264042747
529,2026-09-14T02:33:51.756+00:00,2026-09-14T02:38:45.469+00:00,2026-09-14T02:38:51.812+00:00,False,97,96.0,,96.0,293713.033864,300056.513928,300056.513955,3093.366123247423,0.024489999999999998,293713.033864,29815.337520024823,86.8330074,66.07791733333333,19.72637552458428,0.3199397298304801,61,64,,True,False,Request timeout: 300.0s exceeded,461,21.16838264042747
530,2026-09-14T02:33:54.587+00:00,2026-09-14T02:38:48.212+00:00,2026-09-14T02:38:54.670+00:00,False,96,95.0,,95.0,293624.26077,300082.683554,300082.68374,3125.8612889583333,0.02598,293624.26077,29960.96848446384,88.011632,67.9833977263158,19.666469768079796,0.31657941362985953,61,64,,True,False,Request timeout: 300.0s exceeded,405,21.16838264042747
531,2026-09-14T02:33:57.618+00:00,2026-09-14T02:38:51.323+00:00,2026-09-14T02:38:57.652+00:00,False,93,92.0,,92.0,293705.154027,300034.669035,300034.668878,3226.179235247312,0.034978999999999996,293705.154027,30448.677923841475,88.18870360000001,68.79907617391305,19.74681251021098,0.3066312313036994,61,64,,True,False,Request timeout: 300.0s exceeded,328,21.16838264042747
532,2026-09-14T02:34:01.195+00:00,2026-09-14T02:38:54.840+00:00,2026-09-14T02:39:01.240+00:00,False,96,95.0,,95.0,293644.994243,300044.44102699996,300044.440926,3125.4629263125,0.037869,293644.994243,29963.1477361241,86.50024025,67.3625977263158,19.34111455391278,0.31661976364178424,61,64,,True,False,Request timeout: 300.0s exceeded,384,21.16838264042747
533,2026-09-14T02:34:04.506+00:00,2026-09-14T02:38:58.372+00:00,2026-09-14T02:39:04.550+00:00,False,90,89.0,,89.0,293866.618014,300044.17603000003,300044.175856,3333.8241761777776,0.02125,293866.618014,30968.951244381846,88.62588544999998,69.4107642247191,20.03409470164525,0.29662298791329084,61,64,,True,False,Request timeout: 300.0s exceeded,258,21.16838264042747
534,2026-09-14T02:34:08.612+00:00,2026-09-14T02:39:02.266+00:00,2026-09-14T02:39:08.634+00:00,False,98,97.0,,97.0,293653.857452,300022.060972,300022.061111,3061.4496031734698,0.02123,293653.857452,29656.894241715105,89.04376984999999,65.65158268041237,20.366189606128245,0.3233095582562932,61,64,,True,False,Request timeout: 300.0s exceeded,428,21.16838264042747
535,2026-09-14T02:34:11.994+00:00,2026-09-14T02:39:05.729+00:00,2026-09-14T02:39:12.033+00:00,False,95,94.0,,94.0,293735.401028,300039.64217999997,300039.64207299997,3158.3120218210524,0.02361,293735.401028,30129.742585073203,90.40958470000001,67.06639523404256,20.915506152966497,0.31329193474910044,61,64,,True,False,Request timeout: 300.0s exceeded,477,21.16838264042747
536,2026-09-14T02:34:15.674+00:00,2026-09-14T02:39:09.144+00:00,2026-09-14T02:39:15.701+00:00,False,99,98.0,,98.0,293469.21675900003,300027.081719,300027.08168,3030.5765826262627,0.02092,293469.21675900003,29488.047265251556,89.26946099999999,66.91698938775511,19.875619778750817,0.3266371803455564,61,64,,True,False,Request timeout: 300.0s exceeded,365,21.16838264042747
537,2026-09-14T02:34:18.126+00:00,2026-09-14T02:39:11.606+00:00,2026-09-14T02:39:18.193+00:00,False,98,97.0,,97.0,293480.183155,300066.696819,300066.696926,3061.9050706734693,0.02364,293480.183155,29639.12277774174,87.48967685,67.90220272164949,19.817848496190397,0.3232614649619392,61,64,,True,False,Request timeout: 300.0s exceeded,409,21.16838264042747
538,2026-09-14T02:34:21.449+00:00,2026-09-14T02:39:15.129+00:00,2026-09-14T02:39:21.462+00:00,False,93,92.0,,92.0,293679.868572,300013.031324,300013.031226,3225.946572322581,0.0482,293679.868572,30446.051724872108,87.338589,68.83872556521739,19.57704394896849,0.30665334633629404,61,64,,True,False,Request timeout: 300.0s exceeded,379,21.16838264042747
539,2026-09-14T02:34:24.105+00:00,2026-09-14T02:39:17.945+00:00,2026-09-14T02:39:24.122+00:00,False,89,88.0,,88.0,293840.340163,300016.883139,300016.88319699996,3370.976215696629,0.038179000000000005,293840.340163,31139.57938164293,86.8597954,70.18798836363636,18.664938304426453,0.2933168263041683,61,64,,True,False,Request timeout: 300.0s exceeded,405,21.16838264042747
540,2026-09-14T02:34:26.933+00:00,2026-09-14T02:39:20.925+00:00,2026-09-14T02:39:26.965+00:00,False,89,88.0,,88.0,293991.896932,300031.167844,300031.167787,3371.136716707865,0.03755,293991.896932,31155.810054579997,87.41624739999999,68.62807854545454,19.23074599556278,0.2933028612739169,61,64,,True,False,Request timeout: 300.0s exceeded,386,21.16838264042747
541,2026-09-14T02:34:30.667+00:00,2026-09-14T02:39:24.119+00:00,2026-09-14T02:39:30.698+00:00,False,100,99.0,,99.0,293451.895631,300030.838607,300030.838806,3000.3083880599997,0.02072,293451.895631,29338.550695431742,87.24457950000001,66.45396945454546,19.673348064527538,0.3299660810190137,61,64,,True,False,Request timeout: 300.0s exceeded,402,21.16838264042747
542,2026-09-14T02:34:33.948+00:00,2026-09-14T02:39:27.178+00:00,2026-09-14T02:39:33.978+00:00,False,104,103.0,,103.0,293229.34054799995,300029.2104999999,300029.2103689999,2884.8962535480764,0.02195,293229.34054799995,28747.0363336442,88.042172,66.0181548737864,20.807842883615187,0.34329990679357547,61,64,,True,False,Request timeout: 300.0s exceeded,632,21.16838264042747
543,2026-09-14T02:34:36.328+00:00,2026-09-14T02:39:29.932+00:00,2026-09-14T02:39:36.346+00:00,False,113,112.0,,112.0,293604.321826,300018.359586,300018.35957,2655.0297307079645,0.03379,293604.321826,27614.590965672214,88.56177459999999,57.26819428571428,19.81438078609759,0.37331048724668237,61,64,,True,False,Request timeout: 300.0s exceeded,568,21.16838264042747
544,2026-09-14T02:34:39.545+00:00,2026-09-14T02:39:33.154+00:00,2026-09-14T02:39:39.554+00:00,False,146,145.0,,145.0,293608.672575,300008.792127,300008.79213899997,2054.854740678082,0.019739999999999997,293608.672575,24295.594654254724,100.43812325,44.138755531034484,32.02936712972726,0.48331916865495883,61,64,,True,False,Request timeout: 300.0s exceeded,578,21.16838264042747
0,2026-09-14T02:04:40.955+00:00,2026-09-14T02:04:41.212+00:00,2026-09-14T02:04:53.962+00:00,True,237,237.0,,237.0,256.796229,13007.491909,13007.491858,54.88393189029536,0.02422,256.796229,24.038545741474067,94.478387,54.02837152542373,20.151726879864505,18.220268877201267,62,64,,False,True,,1111,21.16838264042747
1,2026-09-14T02:04:46.522+00:00,2026-09-14T02:04:46.672+00:00,2026-09-14T02:05:04.543+00:00,True,281,281.0,,281.0,150.033893,18020.779237,18020.779113,64.13088652313168,37.369214,150.033893,22.151096852629106,95.48139900000002,63.824090514285714,21.584374948602136,15.593110392421595,62,64,,False,True,,1045,21.16838264042747
2,2026-09-14T02:04:51.495+00:00,2026-09-14T02:04:57.111+00:00,2026-09-14T02:05:09.705+00:00,True,193,193.0,,193.0,5615.946634999999,18210.392203,18210.392164,94.35436354404145,39.365357,5615.946634999999,400.0946469881644,95.31779119999999,65.59607066666666,21.43622069038676,10.598343948254172,62,64,,False,True,,875,21.16838264042747
3,2026-09-14T02:04:55.782+00:00,2026-09-14T02:05:04.541+00:00,2026-09-14T02:05:23.998+00:00,True,293,293.0,,293.0,8758.619672,28216.129816,28216.129838,96.30078443003413,19.990808,8758.619672,508.26983784724916,95.02497599999998,66.63530871232877,22.091839939353953,10.384131413864345,62,64,,False,True,,1423,21.16838264042747
4,2026-09-14T02:05:00.793+00:00,2026-09-14T02:05:13.163+00:00,2026-09-14T02:05:21.995+00:00,True,130,130.0,,130.0,12370.564751,21202.723983,21202.723878,163.09787598461537,22.254453,12370.564751,1079.19805400325,94.81225845,68.46635063565893,22.49478867593897,6.131287663992226,62,64,,False,True,,540,21.16838264042747
5,2026-09-14T02:05:06.775+00:00,2026-09-14T02:05:24.083+00:00,2026-09-14T02:05:36.085+00:00,True,178,178.0,,178.0,17308.582345,29310.474952999997,29310.474853,164.66558906179776,40.610574,17308.582345,1292.4424235730435,96.4182385,67.80730287005649,22.322647419678205,6.072914215324965,62,64,,False,True,,795,21.16838264042747
6,2026-09-14T02:05:11.998+00:00,2026-09-14T02:05:33.519+00:00,2026-09-14T02:05:40.665+00:00,True,112,112.0,,112.0,21520.3963,28667.109132,28667.109029,255.95633061607143,0.01693,21520.3963,2027.6520620176468,95.90912055000001,64.38480028828829,31.954758327756274,3.9069164415667808,62,64,,False,True,,453,21.16838264042747
7,2026-09-14T02:05:15.789+00:00,2026-09-14T02:05:40.049+00:00,2026-09-14T02:05:58.429+00:00,True,280,280.0,,280.0,24260.781805,42639.973100999996,42639.973045,152.28561801785713,39.120258,24260.781805,1446.0904177747086,96.93356399999999,65.87523762007169,22.094368647672155,6.5666082700561885,62,64,,False,True,,1209,21.16838264042747
8,2026-09-14T02:05:21.475+00:00,2026-09-14T02:05:49.408+00:00,2026-09-14T02:06:02.095+00:00,True,193,193.0,,193.0,27933.100767,40620.427487,40620.427461,210.46853606735752,38.807018,27933.100767,2006.0325510303542,96.19349120000001,66.07982666666666,22.043924875068594,4.751304009830201,62,64,,False,True,,835,21.16838264042747
9,2026-09-14T02:05:27.009+00:00,2026-09-14T02:06:00.177+00:00,2026-09-14T02:06:09.273+00:00,True,135,135.0,,135.0,33168.153586,42263.29061,42263.290581,313.06141171111113,36.418593,33168.153586,2848.900077940213,94.38729370000001,67.87415689552239,21.644769426732562,3.1942614512855134,62,64,,False,True,,579,21.16838264042747
10,2026-09-14T02:05:31.295+00:00,2026-09-14T02:06:06.090+00:00,2026-09-14T02:06:16.063+00:00,True,151,151.0,,151.0,34794.570759999995,44767.82515999999,44767.82507499999,296.47566274834435,37.090422,34794.570759999995,2826.2156540973297,93.9552965,66.48836266666666,21.913406479520173,3.3729581336669074,62,64,,False,True,,824,21.16838264042747
11,2026-09-14T02:05:36.609+00:00,2026-09-14T02:06:16.276+00:00,2026-09-14T02:06:34.265+00:00,True,272,272.0,,272.0,39666.802253,57655.547981,57655.548059,211.96892668750002,0.01654,39666.802253,2401.340370406715,94.689578,66.37913552767527,31.969136280172357,4.717672618247176,62,64,,False,True,,985,21.16838264042747
12,2026-09-14T02:05:40.119+00:00,2026-09-14T02:06:21.987+00:00,2026-09-14T02:06:28.859+00:00,True,108,108.0,,108.0,41867.295097999995,48739.61048999999,48739.610436999996,451.29268923148146,14.202069999999999,41867.295097999995,4022.567088234713,92.85915535,64.2272466542056,22.976810367899564,2.2158568547066784,62,64,,False,True,,410,21.16838264042747
13,2026-09-14T02:05:43.708+00:00,2026-09-14T02:06:27.894+00:00,2026-09-14T02:06:41.789+00:00,True,209,209.0,,209.0,44185.087473,58080.978673,58080.978632,277.899419291866,0.01749,44185.087473,3051.8867790394975,94.073092,66.80716923076923,31.473926496386774,3.598424213487943,62,64,,False,True,,893,21.16838264042747
14,2026-09-14T02:05:47.444+00:00,2026-09-14T02:06:35.468+00:00,2026-09-14T02:06:46.528+00:00,True,164,164.0,,164.0,48023.997494999996,59084.516918999994,59084.51691499999,360.2714446036585,39.689237,48023.997494999996,3744.808580859878,95.76218585000001,67.85594738650308,21.800145581845484,2.7756848756981545,62,64,,False,True,,861,21.16838264042747
15,2026-09-14T02:05:51.866+00:00,2026-09-14T02:06:42.776+00:00,2026-09-14T02:06:50.930+00:00,True,122,122.0,,122.0,50909.887364,59064.043396,59064.043252,484.1315020655738,5.803028,50909.887364,4603.125687441896,95.259502,67.38971927272726,24.035323281753687,2.0655544894216,62,64,,False,True,,627,21.16838264042747
16,2026-09-14T02:05:55.368+00:00,2026-09-14T02:06:49.039+00:00,2026-09-14T02:06:58.422+00:00,True,142,142.0,,142.0,53670.942394,63054.089914,63054.089987,444.0428872323944,39.660766,53670.942394,4498.433032489016,95.29283154999999,66.5471455319149,21.72974004346848,2.252034724371964,62,64,,False,True,,501,21.16838264042747
17,2026-09-14T02:05:59.083+00:00,2026-09-14T02:06:55.439+00:00,2026-09-14T02:07:04.204+00:00,True,130,130.0,,130.0,56355.328581,65120.769605,65120.769439,500.9289956846154,38.316169,56355.328581,4936.775107948615,94.52573695,67.9491552248062,21.24450149413569,1.996290903632357,62,64,,False,True,,623,21.16838264042747
18,2026-09-14T02:06:02.952+00:00,2026-09-14T02:07:01.960+00:00,2026-09-14T02:07:15.079+00:00,True,198,198.0,,198.0,59008.571701,72127.397173,72127.397108,364.27978337373736,0.0,59008.571701,4188.908742864368,96.6102398,66.59302270050762,26.708750777835405,2.7451427302317635,62,64,,False,True,,1073,21.16838264042747
19,2026-09-14T02:06:07.185+00:00,2026-09-14T02:07:09.569+00:00,2026-09-14T02:07:26.793+00:00,True,258,258.0,,258.0,62383.64289,79607.644938,79607.645042,308.5567637286822,29.741967,62383.64289,3879.7285271033584,96.85681815,67.01946322178988,22.504244125540314,3.2408947683471294,62,64,,False,True,,1120,21.16838264042747
20,2026-09-14T02:06:11.763+00:00,2026-09-14T02:07:17.538+00:00,2026-09-14T02:07:33.111+00:00,True,238,238.0,,238.0,65775.362992,81348.123056,81348.122941,341.7988358865546,0.01613,65775.362992,4259.494971267725,95.87751465000001,65.70784837130802,38.2094273131256,2.9256974968698537,62,64,,False,True,,1085,21.16838264042747
21,2026-09-14T02:06:16.725+00:00,2026-09-14T02:07:26.880+00:00,2026-09-14T02:07:33.517+00:00,True,101,101.0,,101.0,70155.34181,76791.504114,76791.50421099999,760.3119228811881,0.01756,70155.34181,6974.320815909606,94.611161,66.36162304,53.95560600829549,1.3152496642084461,62,64,,False,True,,486,21.16838264042747
22,2026-09-14T02:06:21.453+00:00,2026-09-14T02:07:35.139+00:00,2026-09-14T02:07:53.467+00:00,True,283,283.0,,283.0,73685.14934100001,92014.04610900002,92014.04605300001,325.13797191872794,0.0,73685.14934100001,4376.326790328168,93.38033610000001,64.99608782978723,23.510578930902373,3.075617386336404,62,64,,False,True,,1528,21.16838264042747
23,2026-09-14T02:06:27.357+00:00,2026-09-14T02:07:45.014+00:00,2026-09-14T02:07:55.752+00:00,True,169,169.0,,169.0,77657.08852599999,88395.138574,88395.13867999999,523.0481578698225,0.0,77657.08852599999,5968.758587145309,93.10873839999998,63.91696457142857,25.24804999075941,1.9118698463097223,62,64,,False,True,,700,21.16838264042747
24,2026-09-14T02:06:32.536+00:00,2026-09-14T02:07:54.386+00:00,2026-09-14T02:08:08.701+00:00,True,216,216.0,,216.0,81849.071628,96164.21095600001,96164.210896,445.2046800740741,39.420607000000004,81849.071628,5564.635518280778,96.2222645,66.58204338604651,21.651032182686823,2.2461578777871005,62,64,,False,True,,932,21.16838264042747
25,2026-09-14T02:06:37.866+00:00,2026-09-14T02:08:03.866+00:00,2026-09-14T02:08:17.503+00:00,True,210,210.0,,210.0,86000.629557,99637.09163699999,99637.09173199999,474.46234158095234,0.0,86000.629557,5930.162783979927,95.50333745,65.2462300478469,26.278888147009877,2.1076488338808255,62,64,,False,True,,910,21.16838264042747
26,2026-09-14T02:06:43.493+00:00,2026-09-14T02:08:13.160+00:00,2026-09-14T02:08:30.453+00:00,True,262,262.0,,262.0,89666.902272,106960.48665600001,106960.48683000001,408.24613293893134,0.0,89666.902272,5535.725613178782,96.5039701,66.258944,44.65001398220413,2.4495026919859564,62,64,,False,True,,1240,21.16838264042747
27,2026-09-14T02:06:47.492+00:00,2026-09-14T02:08:20.112+00:00,2026-09-14T02:08:29.327+00:00,True,143,143.0,,143.0,92619.860684,101834.723532,101834.723579,712.1309341188811,0.016,92619.860684,7740.032401615735,95.6634702,64.89340033802817,55.448157239722676,1.4042361489307176,62,64,,False,True,,675,21.16838264042747
28,2026-09-14T02:06:51.899+00:00,2026-09-14T02:08:28.580+00:00,2026-09-14T02:08:38.657+00:00,True,149,149.0,,149.0,96680.57247,106757.81483799999,106757.814815,716.495401442953,0.0,96680.57247,7914.845601356837,95.8598644,68.08947545945945,26.057005934577635,1.3956823697272238,62,64,,False,True,,700,21.16838264042747
29,2026-09-14T02:06:55.264+00:00,2026-09-14T02:08:34.776+00:00,2026-09-14T02:08:53.740+00:00,True,285,285.0,,285.0,99511.555732,118476.211348,118476.211444,415.70600506666665,0.0,99511.555732,5890.650011347763,95.13887720000001,66.7769563943662,24.240570438277864,2.405546200012,62,64,,False,True,,1314,21.16838264042747
30,2026-09-14T02:06:59.184+00:00,2026-09-14T02:08:41.985+00:00,2026-09-14T02:08:56.194+00:00,True,214,214.0,,214.0,102801.94695499999,117010.35732299999,117010.357416,546.7773711028037,37.93035,102801.94695499999,7022.87191568802,95.41170565,66.70615196244131,22.36147994109488,1.8288979274652242,62,64,,False,True,,1004,21.16838264042747
31,2026-09-14T02:07:04.230+00:00,2026-09-14T02:08:50.941+00:00,2026-09-14T02:09:01.995+00:00,True,168,168.0,,168.0,106711.547629,117764.969453,117764.969516,700.9819614047618,0.0,106711.547629,8227.919496235283,95.12645685,66.18815463473054,29.16598724390696,1.4265702337489148,62,64,,False,True,,762,21.16838264042747
32,2026-09-14T02:07:07.879+00:00,2026-09-14T02:08:57.594+00:00,2026-09-14T02:09:13.376+00:00,True,243,243.0,,243.0,109715.322162,125497.21476999999,125497.21462099999,516.4494428847737,0.0,109715.322162,7034.111034940873,97.23721809999999,65.2144322644628,27.451263882821483,1.9362979524712844,62,64,,False,True,,1251,21.16838264042747
33,2026-09-14T02:07:13.198+00:00,2026-09-14T02:09:06.209+00:00,2026-09-14T02:09:13.423+00:00,True,110,110.0,,110.0,113011.647184,120224.80840000001,120224.80832,1092.952802909091,42.092951,113011.647184,10768.951821457167,97.37474245,66.17579097247706,22.67906983325918,0.9149525914320358,62,64,,False,True,,564,21.16838264042747
34,2026-09-14T02:07:17.834+00:00,2026-09-14T02:09:15.579+00:00,2026-09-14T02:09:32.853+00:00,True,261,261.0,,261.0,117745.82238099999,135019.451821,135019.45174999998,517.3159070881226,0.0,117745.82238099999,7284.378303040202,97.26477500000001,66.43703630769231,55.050041675642966,1.9330548041775257,62,64,,False,True,,625,21.16838264042747
35,2026-09-14T02:07:21.954+00:00,2026-09-14T02:09:23.055+00:00,2026-09-14T02:09:30.339+00:00,True,107,107.0,,107.0,121100.318842,128384.554618,128384.55456799999,1199.8556501682242,40.008385000000004,121100.318842,11700.587873740213,96.038555,68.71920543396227,22.53914245049164,0.8334335880073086,62,64,,False,True,,570,21.16838264042747
36,2026-09-14T02:07:25.440+00:00,2026-09-14T02:09:28.399+00:00,2026-09-14T02:09:42.701+00:00,True,218,218.0,,218.0,122959.14951199999,137261.930184,137261.93010499998,629.6418812155963,40.864664,122959.14951199999,8323.407564707775,94.81596000000002,65.91143166820277,21.335213769469345,1.5882043892852913,62,64,,False,True,,979,21.16838264042747
37,2026-09-14T02:07:28.764+00:00,2026-09-14T02:09:34.103+00:00,2026-09-14T02:09:44.170+00:00,True,151,151.0,,151.0,125339.595162,135406.05097,135406.051002,896.7288145827814,40.886933,125339.595162,10194.55308687978,94.6443395,67.10970538666668,21.633225761738895,1.1151643439734824,62,64,,False,True,,491,21.16838264042747
38,2026-09-14T02:07:32.949+00:00,2026-09-14T02:09:41.563+00:00,2026-09-14T02:09:53.471+00:00,True,181,181.0,,181.0,128613.984111,140522.500463,140522.50045,776.367405801105,0.0,128613.984111,9554.935335585302,94.24291000000001,66.15842417777777,31.213777316906363,1.2880499521687478,62,64,,False,True,,991,21.16838264042747
39,2026-09-14T02:07:38.039+00:00,2026-09-14T02:09:50.876+00:00,2026-09-14T02:10:09.808+00:00,True,282,282.0,,282.0,132836.400937,151769.143849,151769.143811,538.1884532304964,33.30048,132836.400937,7906.31070143675,95.12997455,67.37630929537366,21.94241763997679,1.8580851999835413,62,64,,False,True,,1229,21.16838264042747
40,2026-09-14T02:07:43.839+00:00,2026-09-14T02:10:00.500+00:00,2026-09-14T02:10:12.219+00:00,True,175,175.0,,175.0,136661.48240200002,148380.37699400002,148380.37695200002,847.887868297143,0.0,136661.48240200002,10325.591113622302,96.456289,67.34996891954023,30.659724046296624,1.179401235832393,62,64,,False,True,,906,21.16838264042747
41,2026-09-14T02:07:48.542+00:00,2026-09-14T02:10:09.761+00:00,2026-09-14T02:10:26.119+00:00,True,249,249.0,,249.0,141218.516441,157577.207001,157577.207032,632.8401888835342,0.0,141218.516441,8945.422789100083,97.56509240000001,65.96246193548387,66.08744763654272,1.580177772781693,62,64,,False,True,,1005,21.16838264042747
42,2026-09-14T02:07:54.219+00:00,2026-09-14T02:10:18.463+00:00,2026-09-14T02:10:27.633+00:00,True,150,150.0,,150.0,144243.752106,153414.44343400002,153414.443608,1022.7629573866667,0.016300000000000002,144243.752106,11772.454317361811,95.01916795,61.54826394630872,25.14361011432816,0.9777436637804645,62,64,,False,True,,665,21.16838264042747
43,2026-09-14T02:07:57.709+00:00,2026-09-14T02:10:26.258+00:00,2026-09-14T02:10:36.884+00:00,True,158,158.0,,158.0,148549.337859,159175.280387,159175.280247,1007.4384825759494,40.028576,148549.337859,11812.585778658899,94.57452615,67.6811625987261,21.49007318387528,0.9926164390341102,62,64,,False,True,,647,21.16838264042747
44,2026-09-14T02:08:02.582+00:00,2026-09-14T02:10:34.043+00:00,2026-09-14T02:10:53.110+00:00,True,287,287.0,,287.0,151461.235843,170528.070787,170528.070664,594.1744622439024,0.0,151461.235843,8936.590794357271,96.12688399999999,66.66725504895105,30.531295175778006,1.6830073704315847,62,64,,False,True,,383,21.16838264042747
45,2026-09-14T02:08:06.699+00:00,2026-09-14T02:10:41.096+00:00,2026-09-14T02:10:58.000+00:00,True,256,256.0,,256.0,154397.099676,171300.768668,171300.76853600002,669.1436270937501,0.029338999999999997,154397.099676,9645.700482504539,95.30423624999999,66.28889800784313,21.919877044192514,1.4944474679863027,62,64,,False,True,,1138,21.16838264042747
46,2026-09-14T02:08:11.506+00:00,2026-09-14T02:10:50.114+00:00,2026-09-14T02:10:56.683+00:00,True,101,101.0,,101.0,158607.687774,165177.02793399998,165177.02797999998,1635.4161186138613,38.626418,158607.687774,15775.53266486729,95.11239900000001,65.6934016,21.573599645180398,0.6114651732343598,62,64,,False,True,,418,21.16838264042747
47,2026-09-14T02:08:17.466+00:00,2026-09-14T02:11:00.064+00:00,2026-09-14T02:11:12.212+00:00,True,185,185.0,,185.0,162597.979316,174745.74379600002,174745.74376800001,944.5715879351352,0.0,162597.979316,11949.63368150157,93.6870402,66.02045913043479,33.39517505815142,1.0586810069375474,62,64,,False,True,,792,21.16838264042747
48,2026-09-14T02:08:21.933+00:00,2026-09-14T02:11:07.984+00:00,2026-09-14T02:11:26.050+00:00,True,272,272.0,,272.0,166051.673837,184117.887213,184117.88727200002,676.9039973235294,0.0,166051.673837,10064.365596016774,95.92851005,66.66499400738007,30.52807481562395,1.4773143669921218,62,64,,False,True,,1040,21.16838264042747
49,2026-09-14T02:08:25.961+00:00,2026-09-14T02:11:14.517+00:00,2026-09-14T02:11:26.006+00:00,True,175,175.0,,175.0,168556.270994,180045.348498,180045.34826,1028.8305614857143,41.880761,168556.270994,12736.684520494504,96.0627437,66.02918105747126,22.31139386129543,0.9719773460403724,62,64,,False,True,,428,21.16838264042747
50,2026-09-14T02:08:30.085+00:00,2026-09-14T02:11:22.392+00:00,2026-09-14T02:11:30.975+00:00,True,130,130.0,,130.0,172306.868124,180889.737628,180889.737465,1391.4595189615384,0.01731,172306.868124,15106.768547853062,96.92195695000001,66.533872124031,94.27814485253236,0.7186698466407485,62,64,,False,True,,579,21.16838264042747
51,2026-09-14T02:08:35.015+00:00,2026-09-14T02:11:31.069+00:00,2026-09-14T02:11:47.532+00:00,True,249,249.0,,249.0,176053.803935,192516.812447,192516.812578,773.1598898714859,0.0,176053.803935,11152.791836396469,94.617579,66.38309883870967,30.742306969930105,1.2933935318950383,62,64,,False,True,,1032,21.16838264042747
52,2026-09-14T02:08:38.928+00:00,2026-09-14T02:11:38.094+00:00,2026-09-14T02:11:44.700+00:00,True,100,100.0,,100.0,179165.602731,185772.295339,185772.295287,1857.72295287,0.0,179165.602731,17909.932597257928,94.51210305000001,66.73426876767677,40.687999265084365,0.538293397395551,62,64,,False,True,,500,21.16838264042747
53,2026-09-14T02:08:42.912+00:00,2026-09-14T02:11:44.963+00:00,2026-09-14T02:12:00.356+00:00,True,226,226.0,,226.0,182050.47267500003,197443.92752300002,197443.92762300003,873.6456974469028,38.574017999999995,182050.47267500003,12105.287477519445,96.74430875,68.41535488,22.647690362738814,1.1446287704830707,62,64,,False,True,,1034,21.16838264042747
54,2026-09-14T02:08:48.177+00:00,2026-09-14T02:11:54.469+00:00,2026-09-14T02:12:08.286+00:00,True,203,203.0,,203.0,186291.559566,200108.62913400002,200108.629136,985.7567937733991,41.202113,186291.559566,13070.32307709129,97.996642,68.40133449504951,22.73880783025682,1.01444900641473,62,64,,False,True,,976,21.16838264042747
55,2026-09-14T02:08:53.937+00:00,2026-09-14T02:12:04.734+00:00,2026-09-14T02:12:21.002+00:00,True,237,237.0,,237.0,190797.404552,207065.90477599998,207065.904825,873.695800949367,0.0,190797.404552,12389.191252911525,97.60146619999999,68.93432298305085,33.75168623401007,1.1445631295812904,62,64,,False,True,,904,21.16838264042747
56,2026-09-14T02:08:59.179+00:00,2026-09-14T02:12:14.683+00:00,2026-09-14T02:12:26.141+00:00,True,171,171.0,,171.0,195503.454616,206962.120856,206962.120697,1210.3047993976609,0.0,195503.454616,14945.41239652624,95.526813,67.40391905882353,36.39945717979769,0.8262381506951134,62,64,,False,True,,698,21.16838264042747
57,2026-09-14T02:09:02.866+00:00,2026-09-14T02:12:20.917+00:00,2026-09-14T02:12:38.057+00:00,True,261,261.0,,261.0,198050.81340400001,215191.229404,215191.22933,824.487468697318,32.475072,198050.81340400001,12254.975702178392,93.548773,65.92467692307692,21.47688746346328,1.212874710195547,62,64,,False,True,,1235,21.16838264042747
58,2026-09-14T02:09:07.831+00:00,2026-09-14T02:12:29.967+00:00,2026-09-14T02:12:41.096+00:00,True,170,170.0,,170.0,202135.884466,213264.921266,213264.921231,1254.499536652941,39.210257,202135.884466,15498.078434071082,94.3390005,65.85228875739645,21.21649880137739,0.7971306250968637,62,64,,False,True,,614,21.16838264042747
59,2026-09-14T02:09:13.168+00:00,2026-09-14T02:12:39.805+00:00,2026-09-14T02:12:57.133+00:00,True,265,265.0,,265.0,206636.805935,223964.323375,223964.32329600002,845.1483897962264,0.0,206636.805935,12689.798026639377,93.97605019999999,65.63453575757576,76.85256618651273,1.1832241671647448,62,64,,False,True,,766,21.16838264042747
60,2026-09-14T02:09:18.158+00:00,2026-09-14T02:12:48.261+00:00,2026-09-14T02:13:03.558+00:00,True,230,230.0,,230.0,210102.643322,225399.26617,225399.266174,979.9968094521739,0.0,210102.643322,13849.60166531362,96.4867565,66.79747968558952,83.08299390985195,1.0204114853973396,62,64,,False,True,,1211,21.16838264042747
61,2026-09-14T02:09:21.934+00:00,2026-09-14T02:12:55.288+00:00,2026-09-14T02:13:03.966+00:00,True,128,128.0,,128.0,213353.643117,222031.322733,222031.322758,1734.619709046875,40.991004000000004,213353.643117,18851.948938547346,95.39598085000002,68.3281859527559,21.685407021523776,0.5764952369081917,62,64,,False,True,,600,21.16838264042747
62,2026-09-14T02:09:26.202+00:00,2026-09-14T02:13:02.370+00:00,2026-09-14T02:13:15.053+00:00,True,192,192.0,,192.0,216167.706495,228850.69478299998,228850.69481299998,1191.9307021510417,31.480434000000002,216167.706495,15595.783295182453,95.24669904999999,66.40308004188482,21.747020695514337,0.8389749490691194,62,64,,False,True,,871,21.16838264042747
63,2026-09-14T02:09:30.239+00:00,2026-09-14T02:13:09.374+00:00,2026-09-14T02:13:19.980+00:00,True,162,162.0,,162.0,219135.36131799998,229740.981798,229740.981779,1418.1542085123456,38.978797,219135.36131799998,17211.738344935853,93.60954800000002,65.87341913043478,21.903950602890177,0.7051419330245514,62,64,,False,True,,857,21.16838264042747
64,2026-09-14T02:09:33.933+00:00,2026-09-14T02:13:16.687+00:00,2026-09-14T02:13:30.758+00:00,True,215,215.0,,215.0,222754.404257,236824.913313,236824.91318899998,1101.5112241348836,38.969628,222754.404257,15187.255037405128,93.585986,65.750042317757,21.304831753331662,0.9078436765470064,62,64,,False,True,,963,21.16838264042747
65,2026-09-14T02:09:37.766+00:00,2026-09-14T02:13:22.715+00:00,2026-09-14T02:13:31.277+00:00,True,132,132.0,,132.0,224948.441705,233510.463593,233510.463572,1769.0186634242425,0.0,224948.441705,19573.61371827368,95.33063065,65.35894570992366,46.052717475161785,0.5652851609685083,62,64,,False,True,,472,21.16838264042747
66,2026-09-14T02:09:43.000+00:00,2026-09-14T02:13:31.982+00:00,2026-09-14T02:13:41.745+00:00,True,149,149.0,,149.0,228982.260987,238745.303035,238745.30292199997,1602.3174692751677,40.829243000000005,228982.260987,18753.565420116887,93.51262539999999,65.96650032432433,21.165416908275105,0.6240960475698097,62,64,,False,True,,635,21.16838264042747
67,2026-09-14T02:09:48.330+00:00,2026-09-14T02:13:42.021+00:00,2026-09-14T02:13:59.120+00:00,True,256,256.0,,256.0,233691.058572,250789.540492,250789.540316,979.646641859375,34.607487,233691.058572,14601.518427520557,96.47393,67.0528702745098,23.017579365923396,1.0207762233535662,62,64,,False,True,,567,21.16838264042747
68,2026-09-14T02:09:51.875+00:00,2026-09-14T02:13:49.136+00:00,2026-09-14T02:14:05.252+00:00,True,245,245.0,,245.0,237260.79173199998,253377.70821199997,253377.70836299998,1034.194728012245,35.575384,237260.79173199998,15153.83208502135,94.3815978,66.05293639344262,22.127695428511828,0.9669358908046072,62,64,,False,True,,1027,21.16838264042747
69,2026-09-14T02:09:56.956+00:00,2026-09-14T02:13:57.332+00:00,2026-09-14T02:14:07.977+00:00,True,160,160.0,,160.0,240375.999491,251020.904195,251020.90400399998,1568.880650025,36.420542999999995,240375.999491,18998.11258283063,95.13259894999997,66.94908618867925,23.17147521478494,0.6373971144479169,62,64,,False,True,,256,21.16838264042747
70,2026-09-14T02:10:01.191+00:00,2026-09-14T02:14:05.713+00:00,2026-09-14T02:14:21.720+00:00,True,237,237.0,,237.0,244521.84363,260528.28868599999,260528.28848599998,1099.2754788438817,0.0,244521.84363,15879.044664817846,95.94258199999999,67.82391972881356,39.82735727991773,0.9096900808558364,62,64,,False,True,,1028,21.16838264042747
71,2026-09-14T02:10:06.798+00:00,2026-09-14T02:14:15.924+00:00,2026-09-14T02:14:29.348+00:00,True,202,202.0,,202.0,249126.116051,262549.67829099996,262549.678364,1299.750882990099,38.174339,249126.116051,17523.766690529377,95.53339299999999,66.78389174129353,21.587461919145774,0.7693782042121223,62,64,,False,True,,317,21.16838264042747
72,2026-09-14T02:10:10.824+00:00,2026-09-14T02:14:22.710+00:00,2026-09-14T02:14:39.867+00:00,True,260,260.0,,260.0,251885.42126300003,269042.289615,269042.289455,1034.7780363653847,0.01567,251885.42126300003,15617.427600163383,94.29534300000002,66.24273494980694,91.17460842559476,0.9663908241788325,62,64,,False,True,,1309,21.16838264042747
73,2026-09-14T02:10:15.269+00:00,2026-09-14T02:14:31.950+00:00,2026-09-14T02:14:42.953+00:00,True,191,191.0,,191.0,256681.20399399998,267683.657754,267683.657864,1401.4851197068062,0.01541,256681.20399399998,18568.63170329166,92.929508,57.90765136842106,28.441558602095025,0.7135288033740488,62,64,,False,True,,988,21.16838264042747
74,2026-09-14T02:10:19.984+00:00,2026-09-14T02:14:39.270+00:00,2026-09-14T02:14:47.013+00:00,True,119,119.0,,119.0,259286.113047,267028.935703,267028.93556199997,2243.9406349747896,40.064174,259286.113047,23762.71333832112,93.1874849,65.61714115254237,21.26991049584554,0.44564458786727307,62,64,,False,True,,479,21.16838264042747
75,2026-09-14T02:10:24.092+00:00,2026-09-14T02:14:45.909+00:00,2026-09-14T02:15:01.384+00:00,True,232,232.0,,232.0,261816.712115,277292.028083,277292.02802800003,1195.2242587413793,0.0,261816.712115,17184.759470301993,96.02702995,66.99270981818182,40.91309490750177,0.8366630717943214,62,64,,False,True,,919,21.16838264042747
76,2026-09-14T02:10:28.693+00:00,2026-09-14T02:14:54.158+00:00,2026-09-14T02:15:14.294+00:00,True,300,300.0,,300.0,265464.605321,285600.59943299997,285600.599392,952.0019979733332,0.0,265464.605321,15322.763388037438,95.97306804999998,67.34446191304349,37.35782769680261,1.0504179633921884,62,64,,False,True,,1374,21.16838264042747
77,2026-09-14T02:10:34.138+00:00,2026-09-14T02:15:03.763+00:00,2026-09-14T02:15:12.956+00:00,True,140,140.0,,140.0,269624.70752999996,278817.95092199993,278817.95092399995,1991.5567923142853,39.437006000000004,269624.70752999996,22781.868160415128,95.56594094999998,66.13844166906475,22.472632629283876,0.5021197506726006,62,64,,False,True,,678,21.16838264042747
78,2026-09-14T02:10:39.424+00:00,2026-09-14T02:15:13.190+00:00,2026-09-14T02:15:29.357+00:00,True,238,238.0,,238.0,273765.580084,289932.600884,289932.600966,1218.2042057394958,38.645897,273765.580084,17741.179263125425,95.63483415,68.2152776371308,22.465372613041236,0.8208804366060998,62,64,,False,True,,1091,21.16838264042747
79,2026-09-14T02:10:44.074+00:00,2026-09-14T02:15:21.010+00:00,2026-09-14T02:15:39.220+00:00,True,265,265.0,,265.0,276935.357127,295145.385159,295145.38513999997,1113.7561703396227,40.130584999999996,276935.357127,17007.781450045186,96.9098532,68.9773789090909,22.586352221551614,0.8978625901849688,62,64,,False,True,,1243,21.16838264042747
80,2026-09-14T02:10:48.028+00:00,2026-09-14T02:15:28.854+00:00,2026-09-14T02:15:42.378+00:00,True,196,196.0,,196.0,280825.89710299997,294350.14107099996,294350.141166,1501.786434520408,30.511726,280825.89710299997,20054.050906368746,95.71771975,69.35509727179488,22.16995257365727,0.6658736404434846,62,64,,False,True,,961,21.16838264042747
81,2026-09-14T02:10:53.898+00:00,2026-09-14T02:15:39.627+00:00,2026-09-14T02:15:52.466+00:00,True,201,201.0,,201.0,285729.537715,298568.168883,298568.16878,1485.4137750248756,0.0,285729.537715,20149.328263207106,95.554477,64.19315584,44.28592388432564,0.6732130915093161,62,64,,False,True,,835,21.16838264042747
82,2026-09-14T02:10:57.860+00:00,2026-09-14T02:15:46.500+00:00,2026-09-14T02:15:57.925+00:00,False,175,174.0,,174.0,288640.136264,300065.88295199996,300065.88280099997,1714.6621874342854,0.0,288640.136264,21814.23032229133,94.553971,65.66521085057471,47.189127107397425,0.5798726542591778,62,64,,False,False,Request timeout: 300.0s exceeded,733,21.16838264042747
83,2026-09-14T02:11:03.136+00:00,2026-09-14T02:15:55.323+00:00,2026-09-14T02:16:03.204+00:00,False,111,110.0,,110.0,292186.434818,300068.001282,300068.00133500004,2703.3153273423422,0.02048,292186.434818,27726.31611582747,93.31992749999998,71.65060421818181,20.89853948174216,0.36658357282362625,62,64,,False,False,Request timeout: 300.0s exceeded,510,21.16838264042747
84,2026-09-14T02:11:08.784+00:00,2026-09-14T02:16:02.178+00:00,2026-09-14T02:16:08.798+00:00,False,99,98.0,,98.0,293393.88787,300014.37887799996,300014.37878699997,3030.4482705757573,0.02173,293393.88787,29480.41248808503,88.3508928,67.55603069387755,20.298696881373363,0.3266510104165755,62,64,,False,False,Request timeout: 300.0s exceeded,431,21.16838264042747
85,2026-09-14T02:11:12.392+00:00,2026-09-14T02:16:05.888+00:00,2026-09-14T02:16:12.428+00:00,False,97,96.0,,96.0,293495.360583,300035.225415,300035.225629,3093.146655969072,0.04405,293495.360583,29793.028415823293,87.89685440000001,68.123592,19.68215658665275,0.31996243063532154,62,64,,False,False,Request timeout: 300.0s exceeded,213,21.16838264042747
86,2026-09-14T02:11:17.026+00:00,2026-09-14T02:16:10.858+00:00,2026-09-14T02:16:17.065+00:00,False,94,93.0,,93.0,293832.494116,300039.01981200004,300039.019959,3191.904467648936,0.03726,293832.494116,30299.63119566372,88.26269765,66.73683544086022,20.480945210653925,0.3099596847712421,62,64,,False,False,Request timeout: 300.0s exceeded,507,21.16838264042747
87,2026-09-14T02:11:21.257+00:00,2026-09-14T02:16:14.612+00:00,2026-09-14T02:16:21.301+00:00,False,99,98.0,,98.0,293354.063561,300043.109833,300043.109962,3030.7384844646463,0.04059,293354.063561,29476.339282149947,88.2665389,68.25557420408164,19.693685409497654,0.326619731593055,62,64,,False,False,Request timeout: 300.0s exceeded,366,21.16838264042747
88,2026-09-14T02:11:26.696+00:00,2026-09-14T02:16:20.535+00:00,2026-09-14T02:16:26.710+00:00,False,93,92.0,,92.0,293839.123533,300013.66074900003,300013.660835,3225.9533423118282,0.036719999999999996,293839.123533,30462.745202571783,89.25574399999999,67.11453495652174,20.68007257380974,0.30665270298131464,62,64,,False,False,Request timeout: 300.0s exceeded,461,21.16838264042747
89,2026-09-14T02:11:31.223+00:00,2026-09-14T02:16:24.958+00:00,2026-09-14T02:16:32.762+00:00,False,100,99.0,,99.0,293734.84064300003,301539.405379,301539.40538500005,3015.3940538500005,0.038009999999999995,293734.84064300003,29366.005453127724,92.34784754999998,78.83398723232322,154.97229079934644,0.3283152988763392,62,64,,False,False,Request timeout: 300.0s exceeded,444,21.16838264042747
90,2026-09-14T02:11:36.574+00:00,2026-09-14T02:16:29.994+00:00,2026-09-14T02:16:36.642+00:00,False,108,107.0,,107.0,293419.591233,300067.340609,300067.340684,2778.4013026296293,0.01593,293419.591233,28228.74433505453,89.9457704,62.1284988411215,152.73224098380325,0.356586624131899,62,64,,False,False,Request timeout: 300.0s exceeded,267,21.16838264042747
91,2026-09-14T02:11:40.296+00:00,2026-09-14T02:16:34.020+00:00,2026-09-14T02:16:40.381+00:00,False,91,90.0,,90.0,293724.785454,300085.504046,300085.503903,3297.642900032967,0.045079999999999995,293724.785454,30783.320972349877,88.03062399999999,70.67465102222222,19.023228933611783,0.2999145203168625,62,64,,False,False,Request timeout: 300.0s exceeded,450,21.16838264042747
92,2026-09-14T02:11:44.989+00:00,2026-09-14T02:16:38.964+00:00,2026-09-14T02:16:45.026+00:00,False,95,94.0,,94.0,293974.548734,300036.623102,300036.623304,3158.280245305263,0.0,293974.548734,30154.605184166365,87.945665,64.49015285106383,65.05507108490445,0.31329508720688376,62,64,,False,False,Request timeout: 300.0s exceeded,476,21.16838264042747
93,2026-09-14T02:11:49.631+00:00,2026-09-14T02:16:43.160+00:00,2026-09-14T02:16:49.639+00:00,False,100,99.0,,99.0,293528.88745599997,300008.07414399995,300008.074072,3000.0807407199995,0.01835,293528.88745599997,29346.351722681946,89.10790085000001,65.44633018181818,21.24172240605316,0.3299911186806302,62,64,,False,False,Request timeout: 300.0s exceeded,519,21.16838264042747
94,2026-09-14T02:11:54.246+00:00,2026-09-14T02:16:47.971+00:00,2026-09-14T02:16:54.293+00:00,False,93,92.0,,92.0,293724.979919,300047.289295,300047.289328,3226.314939010753,0.05529,293724.979919,30450.74233576122,89.06950699999999,68.72075408695652,20.423861638475767,0.3066183341171517,62,64,,False,False,Request timeout: 300.0s exceeded,409,21.16838264042747
95,2026-09-14T02:11:59.138+00:00,2026-09-14T02:16:53.018+00:00,2026-09-14T02:16:59.185+00:00,False,87,86.0,,86.0,293880.208907,300046.809099,300046.809055,3448.8138971839085,0.039009,293880.208907,31499.584534511803,90.55187120000001,71.70465339534883,20.369115519204893,0.28662194495001087,62,64,,False,False,Request timeout: 300.0s exceeded,423,21.16838264042747
96,2026-09-14T02:12:04.701+00:00,2026-09-14T02:16:58.456+00:00,2026-09-14T02:17:04.783+00:00,False,95,94.0,,94.0,293754.670483,300082.382739,300082.382783,3158.761924031579,0.02081,293754.670483,30131.693469621805,89.7259921,67.31608782978724,20.17238984556178,0.3132473127613011,62,64,,False,False,Request timeout: 300.0s exceeded,183,21.16838264042747
97,2026-09-14T02:12:07.928+00:00,2026-09-14T02:17:01.708+00:00,2026-09-14T02:17:07.960+00:00,False,92,91.0,,91.0,293780.23763,300032.346174,300032.34620699997,3261.221154423913,0.030600000000000002,293780.23763,30621.5510429391,90.03244360000001,68.7044894945055,20.708986180988276,0.303300631283354,62,64,,False,False,Request timeout: 300.0s exceeded,298,21.16838264042747
98,2026-09-14T02:12:11.891+00:00,2026-09-14T02:17:05.710+00:00,2026-09-14T02:17:11.915+00:00,False,89,88.0,,88.0,293819.398412,300023.787532,300023.78745899996,3371.0537916741573,0.02156,293819.398412,31137.326683458785,89.58085,70.50442181818181,19.754102933570742,0.29331007625725036,62,64,,False,False,Request timeout: 300.0s exceeded,295,21.16838264042747
99,2026-09-14T02:12:17.691+00:00,2026-09-14T02:17:11.786+00:00,2026-09-14T02:17:17.719+00:00,False,88,87.0,,87.0,294095.270255,300028.182383,300028.182378,3409.4111633863636,0.024829999999999998,294095.270255,31343.39796140155,88.47748585000001,68.19439227586207,20.083666567332706,0.28997275958876567,62,64,,False,False,Request timeout: 300.0s exceeded,235,21.16838264042747
100,2026-09-14T02:12:22.986+00:00,2026-09-14T02:17:16.742+00:00,2026-09-14T02:17:23.020+00:00,False,93,92.0,,92.0,293755.904976,300033.646032,300033.64591900003,3226.1682356881724,0.02509,293755.904976,30453.99924555235,88.5457998,68.23631582608695,20.26862098441456,0.3066322768020083,62,64,,False,False,Request timeout: 300.0s exceeded,152,21.16838264042747
101,2026-09-14T02:12:26.371+00:00,2026-09-14T02:17:20.386+00:00,2026-09-14T02:17:26.447+00:00,False,89,88.0,,88.0,294015.465245,300075.98953300004,300075.989499,3371.6403314494387,0.023940000000000003,294015.465245,31158.283283268214,88.993923,68.86959418181819,20.180144787035168,0.2932590512721526,62,64,,False,False,Request timeout: 300.0s exceeded,344,21.16838264042747
102,2026-09-14T02:12:31.781+00:00,2026-09-14T02:17:25.498+00:00,2026-09-14T02:17:31.869+00:00,False,95,94.0,,94.0,293717.0095,300087.926364,300087.92650199996,3158.820278968421,0.03553,293717.0095,30127.782318618163,89.65279199999999,67.77571131914894,20.081514706509818,0.3132415260385387,62,64,,False,False,Request timeout: 300.0s exceeded,465,21.16838264042747
103,2026-09-14T02:12:36.559+00:00,2026-09-14T02:17:30.162+00:00,2026-09-14T02:17:36.636+00:00,False,93,92.0,,92.0,293603.29702999996,300077.57773399993,300077.57775099995,3226.640620978494,0.02222,293603.29702999996,30437.952407951358,87.74326020000001,70.3726163478261,19.320147152975345,0.3065873854845372,62,64,,False,False,Request timeout: 300.0s exceeded,391,21.16838264042747
104,2026-09-14T02:12:40.317+00:00,2026-09-14T02:17:34.006+00:00,2026-09-14T02:17:40.368+00:00,False,99,98.0,,98.0,293688.59161400003,300051.181822,300051.18170400005,3030.8200172121215,0.0,293688.59161400003,29510.35970500403,88.4394575,64.92438987755102,64.97648101297226,0.3266109448558571,62,64,,False,False,Request timeout: 300.0s exceeded,515,21.16838264042747
105,2026-09-14T02:12:44.076+00:00,2026-09-14T02:17:37.898+00:00,2026-09-14T02:17:44.107+00:00,False,89,88.0,,88.0,293821.955777,300030.962625,300030.96265,3371.134411797753,0.020989999999999998,293821.955777,31137.592489759114,89.5053864,70.556896,20.208978072432597,0.2933030618909444,62,64,,False,False,Request timeout: 300.0s exceeded,434,21.16838264042747
106,2026-09-14T02:12:48.661+00:00,2026-09-14T02:17:42.338+00:00,2026-09-14T02:17:48.714+00:00,False,94,93.0,,93.0,293677.15449299995,300052.92818899994,300052.927964,3192.0524251489355,0.02773,293677.15449299995,30283.421027471348,90.3113975,68.55670640860215,19.8614723989378,0.3099453171855745,62,64,,False,False,Request timeout: 300.0s exceeded,471,21.16838264042747
107,2026-09-14T02:12:52.368+00:00,2026-09-14T02:17:45.403+00:00,2026-09-14T02:17:52.506+00:00,False,105,104.0,,104.0,293034.905066,300138.51057,300138.510478,2858.462004552381,0.044469999999999996,293034.905066,28590.62047266423,90.95948680000001,68.30389907692307,21.12250746310995,0.3465066838723601,62,64,,False,False,Request timeout: 300.0s exceeded,478,21.16838264042747
108,2026-09-14T02:12:57.615+00:00,2026-09-14T02:17:51.007+00:00,2026-09-14T02:17:57.631+00:00,False,104,103.0,,103.0,293392.034806,300015.894262,300015.894311,2884.7682145288463,0.05274,293392.034806,28763.157432260436,88.70492934999999,64.30931510679612,20.881560488276556,0.34331514419716525,62,64,,False,False,Request timeout: 300.0s exceeded,169,21.16838264042747
109,2026-09-14T02:13:01.774+00:00,2026-09-14T02:17:54.988+00:00,2026-09-14T02:18:01.819+00:00,False,102,101.0,,101.0,293213.887224,300045.08236,300045.082281,2941.618453735294,0.024059999999999998,293213.887224,29025.811053978752,89.47749405,67.63559540594059,20.223643009208512,0.3366160818420554,62,64,,False,False,Request timeout: 300.0s exceeded,443,21.16838264042747
110,2026-09-14T02:13:05.526+00:00,2026-09-14T02:17:59.275+00:00,2026-09-14T02:18:05.546+00:00,False,92,91.0,,91.0,293749.59325599996,300020.11204,300020.11186999996,3261.0881724999995,0.02545,293749.59325599996,30618.334336666438,88.62071255000001,68.90679982417582,19.606161586944484,0.303312999189426,62,64,,False,False,Request timeout: 300.0s exceeded,424,21.16838264042747
111,2026-09-14T02:13:11.107+00:00,2026-09-14T02:18:05.022+00:00,2026-09-14T02:18:11.163+00:00,False,89,88.0,,88.0,293914.685253,300055.435589,300055.435398,3371.409386494382,0.02764,293914.685253,31147.50415454851,89.2810254,69.78125381818181,20.432089722627968,0.293279139660505,62,64,,False,False,Request timeout: 300.0s exceeded,275,21.16838264042747
112,2026-09-14T02:13:17.063+00:00,2026-09-14T02:18:10.991+00:00,2026-09-14T02:18:17.086+00:00,False,91,90.0,,90.0,293927.685551,300022.600111,300022.600285,3296.9516514835163,0.02379,293927.685551,30804.901454962106,88.7471025,67.72127288888889,20.865331173408112,0.2999774015914218,62,64,,False,False,Request timeout: 300.0s exceeded,424,21.16838264042747
113,2026-09-14T02:13:21.535+00:00,2026-09-14T02:18:15.104+00:00,2026-09-14T02:18:21.581+00:00,False,96,95.0,,95.0,293568.424728,300045.20194400003,300045.201885,3125.47085296875,0.02352,293568.424728,29955.250470472773,88.7202425,68.17660227368421,20.340791195132297,0.3166189606915649,62,64,,False,False,Request timeout: 300.0s exceeded,363,21.16838264042747
114,2026-09-14T02:13:26.808+00:00,2026-09-14T02:18:20.314+00:00,2026-09-14T02:18:26.854+00:00,False,98,97.0,,97.0,293506.352796,300046.19279600005,300046.192721,3061.695844091837,0.023260000000000003,293506.352796,29641.815401083062,90.67570814999999,67.42103092783505,20.537901793903018,0.32328355542891296,62,64,,False,False,Request timeout: 300.0s exceeded,145,21.16838264042747
115,2026-09-14T02:13:31.154+00:00,2026-09-14T02:18:24.727+00:00,2026-09-14T02:18:31.343+00:00,False,95,94.0,,94.0,293573.852701,300189.558301,300189.558276,3159.8900871157894,0.08009999999999999,293573.852701,30112.82790483063,91.18966769999999,70.37984680851064,20.589025738561666,0.31313547523777036,62,64,,False,False,Request timeout: 300.0s exceeded,494,21.16838264042747
116,2026-09-14T02:13:36.850+00:00,2026-09-14T02:18:30.458+00:00,2026-09-14T02:18:36.944+00:00,False,100,99.0,,99.0,293608.502769,300094.34827300004,300094.348239,3000.94348239,0.0,293608.502769,29354.363240925224,92.4494904,65.51359094949495,61.76450973747307,0.32989624952862595,62,64,,False,False,Request timeout: 300.0s exceeded,233,21.16838264042747
117,2026-09-14T02:13:42.782+00:00,2026-09-14T02:18:36.470+00:00,2026-09-14T02:18:42.864+00:00,False,92,91.0,,91.0,293687.984806,300081.75223000004,300081.752289,3261.758177054348,0.036520000000000004,293687.984806,30611.770464436984,90.33534164999999,70.26118048351648,20.312646279976807,0.30325069526471016,62,64,,False,False,Request timeout: 300.0s exceeded,402,21.16838264042747
118,2026-09-14T02:13:47.640+00:00,2026-09-14T02:18:41.366+00:00,2026-09-14T02:18:47.646+00:00,False,98,97.0,,97.0,293726.098778,300006.24265,300006.24254999997,3061.288189285714,0.02673,293726.098778,29664.284138018396,90.00824219999998,64.74375125773196,21.395441066353307,0.32332660528389173,62,64,,False,False,Request timeout: 300.0s exceeded,428,21.16838264042747
119,2026-09-14T02:13:53.207+00:00,2026-09-14T02:18:46.779+00:00,2026-09-14T02:18:53.250+00:00,False,96,95.0,,95.0,293571.76604400005,300042.474012,300042.47395300004,3125.442437010417,0.022420000000000002,293571.76604400005,29955.59786361236,90.41142400000001,68.11271545263158,20.118048933004758,0.31662183933398885,62,64,,False,False,Request timeout: 300.0s exceeded,421,21.16838264042747
120,2026-09-14T02:13:58.945+00:00,2026-09-14T02:18:52.259+00:00,2026-09-14T02:18:59.281+00:00,False,80,79.0,,79.0,293313.824835,300335.81702699995,300335.816879,3754.1977109874997,0.03477,293313.824835,32784.21419762521,88.96994794999999,88.88597711392406,210.84032330866762,0.2630388902063518,62,64,,False,False,Request timeout: 300.0s exceeded,276,21.16838264042747
121,2026-09-14T02:14:02.977+00:00,2026-09-14T02:18:56.627+00:00,2026-09-14T02:19:03.027+00:00,False,103,102.0,,102.0,293649.282406,300049.441382,300049.44123500003,2913.1013712135923,0.01532,293649.282406,28928.589837521675,93.2179361,62.74665662745098,194.71765651414367,0.3399439756668015,62,64,,False,False,Request timeout: 300.0s exceeded,444,21.16838264042747
122,2026-09-14T02:14:07.826+00:00,2026-09-14T02:19:01.560+00:00,2026-09-14T02:19:07.853+00:00,False,96,95.0,,95.0,293733.91258099995,300027.47750899993,300027.477485,3125.286223802083,0.03785,293733.91258099995,29972.33748124502,87.98353475,66.24805187368422,20.562362575851328,0.31663766528567466,62,64,,False,False,Request timeout: 300.0s exceeded,407,21.16838264042747
123,2026-09-14T02:14:13.309+00:00,2026-09-14T02:19:07.222+00:00,2026-09-14T02:19:13.466+00:00,False,89,88.0,,88.0,293912.99101,300157.246754,300157.246928,3372.553336269663,0.02885,293912.99101,31147.19877481922,88.598657,70.95745163636364,18.636641159031438,0.29317966149963454,62,64,,False,False,Request timeout: 300.0s exceeded,364,21.16838264042747
124,2026-09-14T02:14:18.002+00:00,2026-09-14T02:19:12.250+00:00,2026-09-14T02:19:18.045+00:00,False,84,83.0,,83.0,294248.205995,300043.128235,300043.128243,3571.9420028928575,0.02647,294248.205995,32097.499936290136,90.20786065,69.81834024096386,20.36515164177637,0.2766268985670376,62,64,,False,False,Request timeout: 300.0s exceeded,268,21.16838264042747
125,2026-09-14T02:14:21.430+00:00,2026-09-14T02:19:15.615+00:00,2026-09-14T02:19:21.442+00:00,False,84,83.0,,83.0,294184.803865,300012.28239300003,300012.28249500005,3571.574791607143,0.027239999999999997,294184.803865,32090.539527621695,90.19411410000001,70.2105846746988,20.566674594304242,0.27665534003462716,62,64,,False,False,Request timeout: 300.0s exceeded,334,21.16838264042747
126,2026-09-14T02:14:26.406+00:00,2026-09-14T02:19:20.568+00:00,2026-09-14T02:19:26.577+00:00,False,82,81.0,,81.0,294161.62145,300171.32641,300171.326526,3660.625933243902,0.02686,294161.62145,32476.595319886466,89.44289755,74.19388839506173,68.76172140457348,0.269845894238956,62,64,,False,False,Request timeout: 300.0s exceeded,447,21.16838264042747
127,2026-09-14T02:14:31.934+00:00,2026-09-14T02:19:24.791+00:00,2026-09-14T02:19:32.021+00:00,False,116,115.0,,115.0,292857.255499,300087.322187,300087.32218300004,2586.9596739913795,0.0,292857.255499,27185.348190330224,90.8062085,62.87014511304348,62.83601976712514,0.3832217874513789,62,64,,False,False,Request timeout: 300.0s exceeded,493,21.16838264042747
128,2026-09-14T02:14:34.373+00:00,2026-09-14T02:19:28.153+00:00,2026-09-14T02:19:34.415+00:00,False,104,103.0,,103.0,293780.500634,300041.92885799997,300041.928776,2885.018545923077,0.038880000000000005,293780.500634,28801.594088475285,89.78596115000002,60.7905652815534,20.051498268788674,0.34328535479035177,62,64,,False,False,Request timeout: 300.0s exceeded,550,21.16838264042747
129,2026-09-14T02:14:38.381+00:00,2026-09-14T02:19:33.200+00:00,2026-09-14T02:19:38.427+00:00,False,81,80.0,,80.0,294819.58608,300046.5288,300046.52866099996,3704.2781316172836,0.031170000000000003,294819.58608,32750.478174537187,88.680842,65.336784,19.999809504381858,0.26662531414694374,62,64,,False,False,Request timeout: 300.0s exceeded,272,21.16838264042747
130,2026-09-14T02:14:42.274+00:00,2026-09-14T02:19:35.993+00:00,2026-09-14T02:19:42.288+00:00,False,95,94.0,,94.0,293718.845209,300014.265369,300014.265398,3158.044898926316,0.022350000000000002,293718.845209,30128.053106839277,87.4970327,66.97255489361702,20.15155650137447,0.31331843465638376,62,64,,False,False,Request timeout: 300.0s exceeded,394,21.16838264042747
131,2026-09-14T02:14:48.209+00:00,2026-09-14T02:19:42.159+00:00,2026-09-14T02:19:48.273+00:00,False,94,93.0,,93.0,293950.221264,300063.847632,300063.84749099996,3192.168590329787,0.024039,293950.221264,30311.87648097294,87.51537615000001,65.73791793548388,19.918312140559316,0.30993403815195936,62,64,,False,False,Request timeout: 300.0s exceeded,342,21.16838264042747
132,2026-09-14T02:14:51.860+00:00,2026-09-14T02:19:45.249+00:00,2026-09-14T02:19:51.890+00:00,False,103,102.0,,102.0,293389.673006,300030.516014,300030.51617,2912.9176327184464,0.03958,293389.673006,28902.135477156862,88.4181381,65.106304,20.38681756398737,0.3399654187017446,62,64,,False,False,Request timeout: 300.0s exceeded,518,21.16838264042747
133,2026-09-14T02:14:57.779+00:00,2026-09-14T02:19:51.255+00:00,2026-09-14T02:19:57.858+00:00,False,98,97.0,,97.0,293476.17483,300078.92811,300078.92823699996,3062.0298799693874,0.02244,293476.17483,29638.700720497123,86.5840252,68.06962144329897,19.44637286314969,0.32324828874502876,62,64,,False,False,Request timeout: 300.0s exceeded,401,21.16838264042747
134,2026-09-14T02:15:03.055+00:00,2026-09-14T02:19:56.742+00:00,2026-09-14T02:20:03.094+00:00,False,97,96.0,,96.0,293686.725156,300039.425828,300039.425985,3093.1899586082473,0.02825,293686.725156,29812.65699477336,88.73954040000001,66.17396533333334,20.43315753038879,0.31995795130948146,62,64,,False,False,Request timeout: 300.0s exceeded,458,21.16838264042747
135,2026-09-14T02:15:07.290+00:00,2026-09-14T02:20:01.189+00:00,2026-09-14T02:20:07.340+00:00,False,91,90.0,,90.0,293898.88115100004,300049.98847900005,300049.98844800005,3297.2526203076927,0.07733,293898.88115100004,30801.816225348764,87.4319405,68.34563697777777,20.476800538562745,0.2999500198491057,62,64,,False,False,Request timeout: 300.0s exceeded,257,21.16838264042747
136,2026-09-14T02:15:12.269+00:00,2026-09-14T02:20:06.215+00:00,2026-09-14T02:20:12.321+00:00,False,95,94.0,,94.0,293945.828815,300051.207631,300051.207458,3158.4337627157897,0.05064,293945.828815,30151.549028551424,89.2761157,64.95083846808511,20.859532472123682,0.3132798589352797,62,64,,False,False,Request timeout: 300.0s exceeded,374,21.16838264042747
137,2026-09-14T02:15:17.173+00:00,2026-09-14T02:20:10.504+00:00,2026-09-14T02:20:17.258+00:00,False,99,98.0,,98.0,293331.295285,300085.691957,300085.691887,3031.168604919192,0.04285,293331.295285,29473.984586326627,90.1226597,68.92241502040817,20.61173235132307,0.32657338429198635,62,64,,False,False,Request timeout: 300.0s exceeded,475,21.16838264042747
138,2026-09-14T02:15:22.193+00:00,2026-09-14T02:20:15.708+00:00,2026-09-14T02:20:22.536+00:00,False,90,89.0,,89.0,293515.112319,300343.187071,300343.187035,3337.1465226111113,0.041909999999999996,293515.112319,30931.18910064842,90.73587794999999,76.71994103370787,64.58608617846998,0.2963276805708289,62,64,,False,False,Request timeout: 300.0s exceeded,382,21.16838264042747
139,2026-09-14T02:15:26.317+00:00,2026-09-14T02:20:20.083+00:00,2026-09-14T02:20:26.331+00:00,False,96,95.0,,95.0,293766.000344,300013.44712799997,300013.446966,3125.1400725625,0.0,293766.000344,29975.729892652897,88.72205499999998,65.76259772631579,67.3657616658328,0.3166524731122085,62,64,,False,False,Request timeout: 300.0s exceeded,461,21.16838264042747
140,2026-09-14T02:15:31.798+00:00,2026-09-14T02:20:25.674+00:00,2026-09-14T02:20:31.843+00:00,False,93,92.0,,92.0,293875.899338,300045.06362599996,300045.063536,3226.291005763441,0.0347,293875.899338,30466.563851966628,87.29776939999999,67.0561335652174,19.326232158202092,0.30662060854524215,62,64,,False,False,Request timeout: 300.0s exceeded,442,21.16838264042747
141,2026-09-14T02:15:36.408+00:00,2026-09-14T02:20:30.181+00:00,2026-09-14T02:20:36.447+00:00,False,88,87.0,,87.0,293773.84464200004,300039.145122,300039.14503700007,3409.535739056819,0.051179999999999996,293773.84464200004,31308.726272740027,90.90294870000001,72.01494804597701,19.543780176133048,0.2899621646522976,62,64,,False,False,Request timeout: 300.0s exceeded,379,21.16838264042747
142,2026-09-14T02:15:41.804+00:00,2026-09-14T02:20:35.033+00:00,2026-09-14T02:20:41.853+00:00,False,95,94.0,,94.0,293229.077646,300048.76993400004,300048.76997,3158.4081049473684,0.02447,293229.077646,30077.231053510302,89.35292240000001,72.54991795744681,18.990458154467117,0.3132824041260913,62,64,,False,False,Request timeout: 300.0s exceeded,273,21.16838264042747
143,2026-09-14T02:15:47.244+00:00,2026-09-14T02:20:40.912+00:00,2026-09-14T02:20:47.256+00:00,False,94,93.0,,93.0,293667.593643,300012.188587,300012.188671,3191.619028414894,0.03408,293667.593643,30282.46999650622,89.15136785,68.22145101075269,20.642369376980092,0.3099874056384582,62,64,,False,False,Request timeout: 300.0s exceeded,356,21.16838264042747
144,2026-09-14T02:15:50.630+00:00,2026-09-14T02:20:44.338+00:00,2026-09-14T02:20:50.664+00:00,False,95,94.0,,94.0,293708.025852,300034.511612,300034.511498,3158.258015768421,0.04567,293708.025852,30126.91035330063,92.29929700000001,67.30304,21.88395726926055,0.3132972920180574,62,64,,False,False,Request timeout: 300.0s exceeded,316,21.16838264042747
145,2026-09-14T02:15:54.223+00:00,2026-09-14T02:20:47.901+00:00,2026-09-14T02:20:54.232+00:00,False,96,95.0,,95.0,293677.20977200003,300009.03697200003,300009.037015,3125.094135572917,0.0352,293677.20977200003,29966.509810028256,91.40056925,66.65081263157894,21.484739437511518,0.3166571279280043,62,64,,False,False,Request timeout: 300.0s exceeded,315,21.16838264042747
146,2026-09-14T02:15:58.797+00:00,2026-09-14T02:20:52.781+00:00,2026-09-14T02:20:58.849+00:00,False,89,88.0,,88.0,293983.750583,300051.607735,300051.607555,3371.366377022472,0.04365,293983.750583,31154.91238563511,87.924306,68.95292218181818,19.67676964610257,0.2932828811159711,62,64,,False,False,Request timeout: 300.0s exceeded,417,21.16838264042747
147,2026-09-14T02:16:02.157+00:00,2026-09-14T02:20:56.010+00:00,2026-09-14T02:21:02.231+00:00,False,91,90.0,,90.0,293852.64560399996,300073.94838799996,300073.94822099997,3297.515914516483,0.03718,293852.64560399996,30796.88734425808,89.78979050000002,69.12558648888889,19.985564411438382,0.2999260698353884,62,64,,False,False,Request timeout: 300.0s exceeded,404,21.16838264042747
148,2026-09-14T02:16:07.438+00:00,2026-09-14T02:21:00.977+00:00,2026-09-14T02:21:07.455+00:00,False,96,95.0,,95.0,293539.119748,300016.924548,300016.924414,3125.1762959791668,0.03787,293539.119748,29952.25852716027,88.55654025,68.18741894736843,20.4696772402733,0.31664880287378877,62,64,,False,False,Request timeout: 300.0s exceeded,499,21.16838264042747
149,2026-09-14T02:16:10.869+00:00,2026-09-14T02:21:04.304+00:00,2026-09-14T02:21:10.924+00:00,False,99,98.0,,98.0,293434.801883,300054.858971,300054.858818,3030.8571597777777,0.04118,293434.801883,29484.52501947302,89.94141680000001,67.5516029387755,20.407377888499138,0.3266069422640865,62,64,,False,False,Request timeout: 300.0s exceeded,458,21.16838264042747
150,2026-09-14T02:16:15.646+00:00,2026-09-14T02:21:09.236+00:00,2026-09-14T02:21:15.693+00:00,False,95,94.0,,94.0,293590.459693,300047.207213,300047.207393,3158.3916567684214,0.023059999999999997,293590.459693,30114.705248759736,89.2041231,68.68880340425531,20.597553480530877,0.3132840357793116,62,64,,False,False,Request timeout: 300.0s exceeded,370,21.16838264042747
151,2026-09-14T02:16:21.604+00:00,2026-09-14T02:21:15.293+00:00,2026-09-14T02:21:21.663+00:00,False,101,100.0,,100.0,293689.441049,300058.92098500003,300058.921014,2970.880406079208,0.0,293689.441049,29216.929105742864,90.594258,63.69479936,66.69088529279891,0.33326787842778055,62,64,,False,False,Request timeout: 300.0s exceeded,391,21.16838264042747
152,2026-09-14T02:16:26.959+00:00,2026-09-14T02:21:20.953+00:00,2026-09-14T02:21:27.012+00:00,False,90,89.0,,89.0,293993.21974900004,300052.57155700005,300052.57158800005,3333.9174620888894,0.02203,293993.21974900004,30982.43558389874,87.52816595,68.08260458426966,18.986317471044128,0.2966146883466818,62,64,,False,False,Request timeout: 300.0s exceeded,309,21.16838264042747
153,2026-09-14T02:16:32.747+00:00,2026-09-14T02:21:25.305+00:00,2026-09-14T02:21:32.859+00:00,False,112,111.0,,111.0,292557.21502600005,300111.612466,300111.61263700004,2679.5679699732145,0.023530000000000002,292557.21502600005,27637.63492833501,88.4104055,68.0576345945946,20.275006221428043,0.3698623958197396,62,64,,False,False,Request timeout: 300.0s exceeded,560,21.16838264042747
154,2026-09-14T02:16:35.983+00:00,2026-09-14T02:21:29.797+00:00,2026-09-14T02:21:36.070+00:00,False,96,95.0,,95.0,293814.292772,300087.65443600004,300087.65444,3125.9130670833333,0.02004,293814.292772,29980.56347369537,91.34174949999999,66.0353859368421,21.315351839232928,0.3165741695657151,62,64,,False,False,Request timeout: 300.0s exceeded,466,21.16838264042747
155,2026-09-14T02:16:40.945+00:00,2026-09-14T02:21:34.800+00:00,2026-09-14T02:21:40.959+00:00,False,92,91.0,,91.0,293854.918246,300013.99639000004,300013.996385,3261.0216998369565,0.024550000000000002,293854.918246,30629.442816795876,87.84286615,67.68217740659341,19.475526599994666,0.30331918208811,62,64,,False,False,Request timeout: 300.0s exceeded,325,21.16838264042747
156,2026-09-14T02:16:44.731+00:00,2026-09-14T02:21:38.604+00:00,2026-09-14T02:21:46.317+00:00,False,88,87.0,,87.0,293873.413802,301586.575018,301586.575118,3427.1201717954546,0.040119999999999996,293873.413802,31318.310296694977,90.8736995,88.65702547126436,217.99764520811388,0.2884743791888199,62,64,,False,False,Request timeout: 300.0s exceeded,352,21.16838264042747
157,2026-09-14T02:16:49.402+00:00,2026-09-14T02:21:42.638+00:00,2026-09-14T02:21:49.479+00:00,False,115,114.0,,114.0,293235.247899,300077.125403,300077.125435,2609.366308130435,0.01514,293235.247899,27339.419998466932,89.0216621,60.01646933333333,194.91075123745418,0.37990233293157344,62,64,,False,False,Request timeout: 300.0s exceeded,418,21.16838264042747
158,2026-09-14T02:16:54.693+00:00,2026-09-14T02:21:48.422+00:00,2026-09-14T02:21:54.709+00:00,False,93,92.0,,92.0,293728.971846,300016.127814,300016.128015,3225.9798711290323,0.02045,293728.971846,30451.195366406857,89.05687600000002,68.33865182608696,19.601202381763716,0.3066501813430408,62,64,,False,False,Request timeout: 300.0s exceeded,415,21.16838264042747
159,2026-09-14T02:16:59.344+00:00,2026-09-14T02:21:53.317+00:00,2026-09-14T02:21:59.425+00:00,False,87,86.0,,86.0,293972.779059,300081.107251,300081.10725600005,3449.208129379311,0.01912,293972.779059,31509.581185478415,89.55591399999999,71.027072,19.483930533548264,0.28658918513009257,62,64,,False,False,Request timeout: 300.0s exceeded,333,21.16838264042747
160,2026-09-14T02:17:04.597+00:00,2026-09-14T02:21:58.656+00:00,2026-09-14T02:22:04.616+00:00,False,91,90.0,,90.0,294058.75492000004,300018.91364000004,300018.91364900005,3296.9111390000003,0.027030000000000002,294058.75492000004,30818.798171238424,90.353894,66.22398577777777,20.802014252648792,0.29998108755234404,62,64,,False,False,Request timeout: 300.0s exceeded,385,21.16838264042747
161,2026-09-14T02:17:09.229+00:00,2026-09-14T02:22:02.876+00:00,2026-09-14T02:22:09.308+00:00,False,99,98.0,,98.0,293646.43179,300079.064622,300079.064631,3031.101662939394,0.0268,293646.43179,29505.98691761756,88.394633,65.63911053061224,20.530765799760683,0.32658059676188167,62,64,,False,False,Request timeout: 300.0s exceeded,367,21.16838264042747
162,2026-09-14T02:17:13.269+00:00,2026-09-14T02:22:07.324+00:00,2026-09-14T02:22:13.280+00:00,False,98,97.0,,97.0,294054.278895,300011.025135,300011.025362,3061.336993489796,0.0,294054.278895,29697.841184032863,88.85356805,61.4097550515464,67.84617617012026,0.32332145112450983,62,64,,False,False,Request timeout: 300.0s exceeded,442,21.16838264042747
163,2026-09-14T02:17:18.566+00:00,2026-09-14T02:22:12.498+00:00,2026-09-14T02:22:18.604+00:00,False,95,94.0,,94.0,293932.085445,300038.074821,300038.074906,3158.2955253263153,0.02175,293932.085445,30150.137606135733,88.2797334,64.95733378723405,19.785798819102222,0.31329357134450203,62,64,,False,False,Request timeout: 300.0s exceeded,409,21.16838264042747
164,2026-09-14T02:17:22.930+00:00,2026-09-14T02:22:16.567+00:00,2026-09-14T02:22:22.993+00:00,False,94,93.0,,93.0,293637.273435,300063.167067,300063.16693999997,3192.1613504255315,0.019559999999999998,293637.273435,30279.252113792827,89.2336088,69.0956304516129,19.997195690852266,0.30993474110481,62,64,,False,False,Request timeout: 300.0s exceeded,353,21.16838264042747
165,2026-09-14T02:17:26.651+00:00,2026-09-14T02:22:20.250+00:00,2026-09-14T02:22:26.700+00:00,False,98,97.0,,97.0,293598.994011,300048.62754699995,300048.62742599996,3061.720688020408,0.01883,293598.994011,29651.267457954786,89.593147,66.4910673814433,20.454090383522864,0.3232809321375943,62,64,,False,False,Request timeout: 300.0s exceeded,603,21.16838264042747
166,2026-09-14T02:17:31.514+00:00,2026-09-14T02:22:25.339+00:00,2026-09-14T02:22:31.592+00:00,False,92,91.0,,91.0,293824.66148799995,300077.25796799996,300077.258039,3261.7093265108692,0.026949,293824.66148799995,30626.181394053543,89.1025575,68.70985142857143,19.797528567702027,0.3032552370553325,62,64,,False,False,Request timeout: 300.0s exceeded,354,21.16838264042747
167,2026-09-14T02:17:37.062+00:00,2026-09-14T02:22:31.030+00:00,2026-09-14T02:22:37.137+00:00,False,88,87.0,,87.0,293967.63477600005,300074.90952800005,300074.90944500006,3409.9421527840914,0.04437,293967.63477600005,31329.579472012367,92.23112584999998,70.19856036781609,21.809366120185025,0.28992760553305114,62,64,,False,False,Request timeout: 300.0s exceeded,427,21.16838264042747
168,2026-09-14T02:17:41.024+00:00,2026-09-14T02:22:35.043+00:00,2026-09-14T02:22:41.031+00:00,False,87,86.0,,86.0,294019.732703,300006.886879,300006.886905,3448.355021896552,0.03645,294019.732703,31514.767345566797,90.540471,69.61807181395349,21.269933693014906,0.2866600860222448,62,64,,False,False,Request timeout: 300.0s exceeded,350,21.16838264042747
169,2026-09-14T02:17:46.255+00:00,2026-09-14T02:22:39.722+00:00,2026-09-14T02:22:46.296+00:00,False,96,95.0,,95.0,293467.038168,300041.261528,300041.261481,3125.42980709375,0.11995900000000001,293467.038168,29944.79855021318,91.96222825,69.20235115789473,21.05701668978571,0.3166231188210577,62,64,,False,False,Request timeout: 300.0s exceeded,375,21.16838264042747
170,2026-09-14T02:17:51.215+00:00,2026-09-14T02:22:44.930+00:00,2026-09-14T02:22:51.227+00:00,False,94,93.0,,93.0,293715.083494,300012.396006,300012.396032,3191.621234382979,0.03572,293715.083494,30287.41970884531,86.31674815000001,67.71303776344087,19.214275759940623,0.30998719132305474,62,64,,False,False,Request timeout: 300.0s exceeded,472,21.16838264042747
171,2026-09-14T02:17:54.732+00:00,2026-09-14T02:22:48.481+00:00,2026-09-14T02:22:54.769+00:00,False,95,94.0,,94.0,293748.61714,300036.806068,300036.806038,3158.2821688210524,0.02228,293748.61714,30131.115229561514,86.6686341,66.89562689361702,19.685257745881906,0.3132948961558268,62,64,,False,False,Request timeout: 300.0s exceeded,403,21.16838264042747
172,2026-09-14T02:17:59.498+00:00,2026-09-14T02:22:53.549+00:00,2026-09-14T02:22:59.572+00:00,False,88,87.0,,87.0,294051.46148,300074.205544,300074.205688,3409.9341555454544,0.02835,294051.46148,31338.618276784295,91.36749855,69.22694326436782,20.729930200892586,0.2899282857127923,62,64,,False,False,Request timeout: 300.0s exceeded,283,21.16838264042747
173,2026-09-14T02:18:05.419+00:00,2026-09-14T02:22:59.224+00:00,2026-09-14T02:23:05.458+00:00,False,92,91.0,,91.0,293804.289863,300038.57901499997,300038.579134,3261.2889036304346,0.04253,293804.289863,30624.07901633681,89.14458600000002,68.508672,20.619151850063606,0.30329433067822453,62,64,,False,False,Request timeout: 300.0s exceeded,383,21.16838264042747
174,2026-09-14T02:18:10.525+00:00,2026-09-14T02:23:04.383+00:00,2026-09-14T02:23:10.597+00:00,False,98,97.0,,97.0,293857.945358,300071.785742,300071.785852,3061.9569984897958,0.0,293857.945358,29677.73942564656,90.02184204999999,64.0602101443299,67.22819333349403,0.32325598276473766,62,64,,False,False,Request timeout: 300.0s exceeded,452,21.16838264042747
175,2026-09-14T02:18:14.493+00:00,2026-09-14T02:23:08.442+00:00,2026-09-14T02:23:14.559+00:00,False,88,87.0,,87.0,293948.591184,300065.61288000003,300065.613052,3409.8365119545456,0.026850000000000002,293948.591184,31327.535747870978,87.72335785,70.31059420689655,19.13472671327344,0.2899365880847946,62,64,,False,False,Request timeout: 300.0s exceeded,476,21.16838264042747
176,2026-09-14T02:18:17.867+00:00,2026-09-14T02:23:11.465+00:00,2026-09-14T02:23:17.918+00:00,False,94,93.0,,93.0,293597.883141,300050.604549,300050.604351,3192.027705861702,0.02928,293597.883141,30275.159974224356,90.52715015,69.38410116129032,20.617465288273802,0.30994771745181593,62,64,,False,False,Request timeout: 300.0s exceeded,395,21.16838264042747
177,2026-09-14T02:18:23.130+00:00,2026-09-14T02:23:16.774+00:00,2026-09-14T02:23:23.180+00:00,False,99,98.0,,98.0,293644.776502,300050.191414,300050.191241,3030.8100125353535,0.01717,293644.776502,29505.848413369833,89.8939039,65.36137665306123,20.4506466307655,0.3266120229357982,62,64,,False,False,Request timeout: 300.0s exceeded,232,21.16838264042747
178,2026-09-14T02:18:27.143+00:00,2026-09-14T02:23:20.662+00:00,2026-09-14T02:23:27.237+00:00,False,99,98.0,,98.0,293518.130725,300093.342757,300093.342896,3031.2458878383836,0.033939,293518.130725,29492.94593279002,88.8875059,67.09400032653062,20.496386740564194,0.3265650583903666,62,64,,False,False,Request timeout: 300.0s exceeded,446,21.16838264042747
179,2026-09-14T02:18:32.296+00:00,2026-09-14T02:23:25.909+00:00,2026-09-14T02:23:32.711+00:00,False,102,101.0,,101.0,293613.32698199997,300415.00147799996,300415.001604,2945.2451137647054,0.03365,293613.32698199997,29065.390966547388,92.53808810000001,67.34331184158417,21.010166669531195,0.33620158614947343,62,64,,False,False,Request timeout: 300.0s exceeded,196,21.16838264042747
180,2026-09-14T02:18:35.791+00:00,2026-09-14T02:23:29.422+00:00,2026-09-14T02:23:35.801+00:00,False,97,96.0,,96.0,293631.09126899997,300010.09568499995,300010.095484,3092.887582309278,0.03803,293631.09126899997,29806.98068891299,89.373215,66.44796266666667,20.83898404245695,0.31998923163171356,62,64,,False,False,Request timeout: 300.0s exceeded,441,21.16838264042747
181,2026-09-14T02:18:40.790+00:00,2026-09-14T02:23:34.695+00:00,2026-09-14T02:23:40.832+00:00,False,88,87.0,,87.0,293905.064769,300041.694017,300041.694027,3409.564704852273,0.10231,293905.064769,31322.872016868456,89.3016602,70.5359683678161,19.502678487734933,0.2899597013842706,62,64,,False,False,Request timeout: 300.0s exceeded,340,21.16838264042747
182,2026-09-14T02:18:46.243+00:00,2026-09-14T02:23:39.934+00:00,2026-09-14T02:23:46.300+00:00,False,95,94.0,,94.0,293690.196803,300056.343619,300056.343516,3158.4878264842105,0.0346,293690.196803,30125.03586935332,86.4883618,67.72496612765957,18.939431121592655,0.31327449660373646,62,64,,False,False,Request timeout: 300.0s exceeded,454,21.16838264042747
183,2026-09-14T02:18:51.517+00:00,2026-09-14T02:23:45.334+00:00,2026-09-14T02:23:51.534+00:00,False,92,91.0,,91.0,293817.26215499995,300016.4744429999,300016.47433999996,3261.048634130434,0.03849,293817.26215499995,30625.471110436378,88.61493205000001,68.12321195604396,19.779427306896224,0.30331667675565954,62,64,,False,False,Request timeout: 300.0s exceeded,204,21.16838264042747
184,2026-09-14T02:18:56.227+00:00,2026-09-14T02:23:49.714+00:00,2026-09-14T02:23:56.275+00:00,False,94,93.0,,93.0,293487.235391,300048.939327,300048.939281,3192.009992351064,0.04075,293487.235391,30263.626466304002,90.31075665,70.55595630107527,20.320423989965242,0.3099494376103977,62,64,,False,False,Request timeout: 300.0s exceeded,416,21.16838264042747
185,2026-09-14T02:19:00.900+00:00,2026-09-14T02:23:55.073+00:00,2026-09-14T02:24:01.359+00:00,False,93,92.0,,92.0,294172.447042,300458.662466,300458.662266,3230.738303935484,0.0456,294172.447042,30497.247390237386,90.7286766,68.32842852173913,66.15284905030808,0.30619852742774806,62,64,,False,False,Request timeout: 300.0s exceeded,432,21.16838264042747
186,2026-09-14T02:19:05.354+00:00,2026-09-14T02:24:00.570+00:00,2026-09-14T02:24:05.388+00:00,False,76,75.0,,75.0,295215.817138,300033.71460999997,300033.714714,3947.8120357105263,0.0,295215.817138,33856.292069153875,94.13757075,64.23863296,75.96022632238119,0.24997190764874228,62,64,,False,False,Request timeout: 300.0s exceeded,233,21.16838264042747
187,2026-09-14T02:19:08.774+00:00,2026-09-14T02:24:02.607+00:00,2026-09-14T02:24:08.841+00:00,False,95,94.0,,94.0,293832.270879,300066.481951,300066.481924,3158.5945465684213,0.03484,293832.270879,30139.756918407453,88.2021131,66.32139438297872,19.81349737929746,0.31326391201317155,62,64,,False,False,Request timeout: 300.0s exceeded,396,21.16838264042747
188,2026-09-14T02:19:12.907+00:00,2026-09-14T02:24:06.451+00:00,2026-09-14T02:24:12.915+00:00,False,97,96.0,,96.0,293543.63870999997,300007.58418199996,300007.58421899995,3092.861692979381,0.04165,293543.63870999997,29798.01023251275,87.1398178,67.33276533333333,19.092250921401494,0.31999191041037645,62,64,,False,False,Request timeout: 300.0s exceeded,444,21.16838264042747
189,2026-09-14T02:19:16.326+00:00,2026-09-14T02:24:09.842+00:00,2026-09-14T02:24:16.388+00:00,False,97,96.0,,96.0,293515.724087,300062.560567,300062.560391,3093.4284576391756,0.05293,293515.724087,29795.08887109384,86.91601179999999,68.19621333333333,20.028381927611633,0.3199332826414526,62,64,,False,False,Request timeout: 300.0s exceeded,444,21.16838264042747
190,2026-09-14T02:19:21.712+00:00,2026-09-14T02:24:15.074+00:00,2026-09-14T02:24:21.735+00:00,False,98,97.0,,97.0,293362.277833,300023.256521,300023.256397,3061.461799969388,0.04266,293362.277833,29627.13516877912,89.58341735,68.6698833814433,20.075532162965473,0.32330826991477085,62,64,,False,False,Request timeout: 300.0s exceeded,401,21.16838264042747
191,2026-09-14T02:19:26.963+00:00,2026-09-14T02:24:20.680+00:00,2026-09-14T02:24:26.990+00:00,False,92,91.0,,91.0,293716.82597500004,300026.805111,300026.805301,3261.1609271847833,0.02237,293716.82597500004,30614.873014911424,88.9995905,69.34043006593406,19.782560885848504,0.3033062328092085,62,64,,False,False,Request timeout: 300.0s exceeded,381,21.16838264042747
192,2026-09-14T02:19:31.663+00:00,2026-09-14T02:24:25.350+00:00,2026-09-14T02:24:31.718+00:00,False,96,95.0,,95.0,293686.84721,300054.84644199995,300054.84650299995,3125.5713177395833,0.024050000000000002,293686.84721,29967.453424080053,87.82727500000001,67.0315708631579,19.810180452606016,0.31660878378234536,62,64,,False,False,Request timeout: 300.0s exceeded,445,21.16838264042747
193,2026-09-14T02:19:36.164+00:00,2026-09-14T02:24:29.935+00:00,2026-09-14T02:24:36.213+00:00,False,92,91.0,,91.0,293770.849405,300049.286013,300049.286157,3261.405284315217,0.04714,293770.849405,30620.541328975665,87.25466699999998,68.99380887912089,19.539260277748905,0.30328350788362585,62,64,,False,False,Request timeout: 300.0s exceeded,334,21.16838264042747
194,2026-09-14T02:19:41.340+00:00,2026-09-14T02:24:35.165+00:00,2026-09-14T02:24:41.348+00:00,False,89,88.0,,88.0,293825.44591500005,300008.438811,300008.43862800003,3370.8813328988767,0.027469999999999998,293825.44591500005,31137.993855078264,89.25116939999998,70.26128290909091,20.327592913698773,0.29332508228356347,62,64,,False,False,Request timeout: 300.0s exceeded,420,21.16838264042747
195,2026-09-14T02:19:46.480+00:00,2026-09-14T02:24:40.497+00:00,2026-09-14T02:24:47.619+00:00,False,71,70.0,,70.0,294016.614353,301138.248913,301138.248664,4241.383784000001,0.02327,294016.614353,34882.21910435233,93.39072799999998,101.73763657142857,258.01657530536426,0.2324513749172503,62,64,,False,False,Request timeout: 300.0s exceeded,277,21.16838264042747
196,2026-09-14T02:19:50.493+00:00,2026-09-14T02:24:44.153+00:00,2026-09-14T02:24:50.545+00:00,False,107,106.0,,106.0,293659.834917,300051.80803699995,300051.80803799996,2804.222505028037,0.015269999999999999,293659.834917,28384.149544904147,95.052028,60.30163320754717,215.6309465140937,0.35327232551429566,62,64,,False,False,Request timeout: 300.0s exceeded,526,21.16838264042747
197,2026-09-14T02:19:56.250+00:00,2026-09-14T02:24:50.143+00:00,2026-09-14T02:24:56.256+00:00,False,88,87.0,,87.0,293893.25579400006,300006.8248180001,300006.8248940001,3409.1684647045463,0.03032,293893.25579400006,31321.641539640572,90.19336335,70.27090832183907,19.67750178363766,0.28999340282601493,62,64,,False,False,Request timeout: 300.0s exceeded,400,21.16838264042747
198,2026-09-14T02:20:01.503+00:00,2026-09-14T02:24:55.391+00:00,2026-09-14T02:25:01.554+00:00,False,96,95.0,,95.0,293887.902158,300051.350734,300051.35079299996,3125.53490409375,0.0,293887.902158,29988.264987142127,85.93789375,64.8784060631579,68.84841688690122,0.31661247239049733,62,64,,False,False,Request timeout: 300.0s exceeded,458,21.16838264042747
199,2026-09-14T02:20:06.483+00:00,2026-09-14T02:24:59.946+00:00,2026-09-14T02:25:06.524+00:00,False,100,99.0,,99.0,293463.765978,300041.812186,300041.812047,3000.4181204700003,0.038200000000000005,293463.765978,29339.738841199756,87.25473045000001,66.44491119191919,19.98003046887981,0.3299540130047893,62,64,,False,False,Request timeout: 300.0s exceeded,486,21.16838264042747
200,2026-09-14T02:20:12.412+00:00,2026-09-14T02:25:06.095+00:00,2026-09-14T02:25:12.437+00:00,False,93,92.0,,92.0,293683.222749,300025.330653,300025.330656,3226.0788242580647,0.02149,293683.222749,30446.389335094966,87.95087459999999,68.93595547826088,19.388616397525784,0.30664077529641776,62,64,,False,False,Request timeout: 300.0s exceeded,450,21.16838264042747
201,2026-09-14T02:20:15.996+00:00,2026-09-14T02:25:09.775+00:00,2026-09-14T02:25:16.014+00:00,False,89,88.0,,88.0,293779.088369,300018.832881,300018.832903,3370.998122505618,0.026010000000000002,293779.088369,31133.011418025613,89.431325,70.90618763636364,20.0341629989013,0.293314920116713,62,64,,False,False,Request timeout: 300.0s exceeded,349,21.16838264042747
202,2026-09-14T02:20:21.485+00:00,2026-09-14T02:25:15.160+00:00,2026-09-14T02:25:21.542+00:00,False,91,90.0,,90.0,293674.866484,300057.166132,300057.166215,3297.331496868132,0.03575,293674.866484,30778.063566089077,90.56937399999998,70.91444053333333,20.073582375251767,0.29994284475914684,62,64,,False,False,Request timeout: 300.0s exceeded,385,21.16838264042747
203,2026-09-14T02:20:25.888+00:00,2026-09-14T02:25:19.631+00:00,2026-09-14T02:25:25.944+00:00,False,95,94.0,,94.0,293743.228722,300055.931186,300055.93113100005,3158.483485589474,0.03429,293743.228722,30130.536157121594,89.3063344,67.15640919148937,20.4785760146119,0.31327492720592437,62,64,,False,False,Request timeout: 300.0s exceeded,357,21.16838264042747
204,2026-09-14T02:20:30.385+00:00,2026-09-14T02:25:23.962+00:00,2026-09-14T02:25:30.400+00:00,False,92,91.0,,91.0,293577.16673500004,300015.260559,300015.26049200003,3261.0354401304353,0.06048,293577.16673500004,30600.165961785602,92.8938246,70.74828378021978,20.10022568754626,0.3033179039974343,62,64,,False,False,Request timeout: 300.0s exceeded,343,21.16838264042747
205,2026-09-14T02:20:33.668+00:00,2026-09-14T02:25:27.326+00:00,2026-09-14T02:25:33.690+00:00,False,90,89.0,,89.0,293657.777407,300022.16396700003,300022.163779,3333.579597544445,0.02494,293657.777407,30946.71658539711,92.30414690000002,71.50996134831462,20.564600595406052,0.2966447505851243,62,64,,False,False,Request timeout: 300.0s exceeded,436,21.16838264042747
206,2026-09-14T02:20:37.158+00:00,2026-09-14T02:25:31.180+00:00,2026-09-14T02:25:37.171+00:00,False,88,87.0,,87.0,294021.371635,300013.266931,300013.26683,3409.241668522727,0.02149,294021.371635,31335.448264024886,89.42576735,68.87235972413794,20.384176740969362,0.28998717586715633,62,64,,False,False,Request timeout: 300.0s exceeded,476,21.16838264042747
207,2026-09-14T02:20:42.629+00:00,2026-09-14T02:25:36.461+00:00,2026-09-14T02:25:42.678+00:00,False,91,90.0,,90.0,293831.880587,300048.596107,300048.595948,3297.23731810989,0.03428,293831.880587,30794.715855640963,88.1687085,69.0746168888889,19.88108763861476,0.29995141176366374,62,64,,False,False,Request timeout: 300.0s exceeded,436,21.16838264042747
208,2026-09-14T02:20:46.025+00:00,2026-09-14T02:25:39.903+00:00,2026-09-14T02:25:46.101+00:00,False,92,91.0,,91.0,293877.76232200005,300075.43016200006,300075.4302860001,3261.6894596304355,0.02161,293877.76232200005,30631.781128204784,89.54756900000001,68.10624,20.80428746933387,0.3032570842300295,62,64,,False,False,Request timeout: 300.0s exceeded,365,21.16838264042747
209,2026-09-14T02:20:50.897+00:00,2026-09-14T02:25:44.813+00:00,2026-09-14T02:25:50.935+00:00,False,86,85.0,,85.0,293916.35379400005,300037.5221780001,300037.52217000007,3488.808397325582,0.02827,293916.35379400005,31686.055950955724,89.21811149999999,72.01374569411765,19.407235996283195,0.28329790015254475,62,64,,False,False,Request timeout: 300.0s exceeded,390,21.16838264042747
210,2026-09-14T02:20:54.507+00:00,2026-09-14T02:25:48.258+00:00,2026-09-14T02:25:54.586+00:00,False,99,98.0,,98.0,293751.43656,300079.662608,300079.662815,3031.10770520202,0.0,293751.43656,29516.72017001359,88.41719490000001,64.57373518367348,69.01965940371073,0.3265799459659462,62,64,,False,False,Request timeout: 300.0s exceeded,408,21.16838264042747
211,2026-09-14T02:20:59.262+00:00,2026-09-14T02:25:52.778+00:00,2026-09-14T02:25:59.295+00:00,False,99,98.0,,98.0,293515.531889,300032.762481,300032.762292,3030.6339625454543,0.041039,293515.531889,29492.744342213053,90.5626689,66.50235297959183,20.69758532766062,0.3266309958606804,62,64,,False,False,Request timeout: 300.0s exceeded,393,21.16838264042747
212,2026-09-14T02:21:05.226+00:00,2026-09-14T02:25:59.120+00:00,2026-09-14T02:26:05.277+00:00,False,89,88.0,,88.0,293893.499203,300050.873411,300050.87359,3371.358130224719,0.046189999999999995,293893.499203,31145.238386797446,89.21149600000001,69.97016145454545,20.390679258374966,0.29328359887644934,62,64,,False,False,Request timeout: 300.0s exceeded,412,21.16838264042747
213,2026-09-14T02:21:09.980+00:00,2026-09-14T02:26:03.869+00:00,2026-09-14T02:26:10.024+00:00,False,94,93.0,,93.0,293888.70381599996,300044.52819999994,300044.52825499995,3191.963066542553,0.03031,293888.70381599996,30305.485188155686,89.99174565000001,66.19166004301076,20.74145734853639,0.3099539943551619,62,64,,False,False,Request timeout: 300.0s exceeded,456,21.16838264042747
214,2026-09-14T02:21:14.107+00:00,2026-09-14T02:26:07.893+00:00,2026-09-14T02:26:14.133+00:00,False,91,90.0,,90.0,293786.036546,300025.656386,300025.656316,3296.985234241758,0.03692,293786.036546,30789.883908538257,90.05032999999999,69.32910933333334,20.636269476437203,0.29997434580797955,62,64,,False,False,Request timeout: 300.0s exceeded,415,21.16838264042747
215,2026-09-14T02:21:19.155+00:00,2026-09-14T02:26:13.163+00:00,2026-09-14T02:26:19.241+00:00,False,92,91.0,,91.0,294008.014738,300086.00565,300086.00549999997,3261.804407608696,0.039058999999999996,294008.014738,30645.497578970702,87.99301450000002,66.79110892307692,20.182229443227214,0.3032463969883895,62,64,,False,False,Request timeout: 300.0s exceeded,383,21.16838264042747
216,2026-09-14T02:21:24.136+00:00,2026-09-14T02:26:17.530+00:00,2026-09-14T02:26:24.213+00:00,False,101,100.0,,100.0,293393.836407,300076.904311,300076.904492,2971.0584603168318,0.02914,293393.836407,29187.135404019235,90.32119,66.83067903999999,20.9519580968494,0.3332479059979901,62,64,,False,False,Request timeout: 300.0s exceeded,204,21.16838264042747
217,2026-09-14T02:21:28.099+00:00,2026-09-14T02:26:22.120+00:00,2026-09-14T02:26:28.119+00:00,False,88,87.0,,87.0,294020.21887599997,300019.72582,300019.725904,3409.3150670909085,0.02368,294020.21887599997,31335.316038380875,89.04136035000002,68.95984993103447,20.36172315106854,0.28998093296104327,62,64,,False,False,Request timeout: 300.0s exceeded,379,21.16838264042747
218,2026-09-14T02:21:33.943+00:00,2026-09-14T02:26:27.639+00:00,2026-09-14T02:26:33.960+00:00,False,94,93.0,,93.0,293696.477842,300016.99573,300016.995691,3191.670166925532,0.027530000000000002,293696.477842,30285.47584200474,89.4234088,67.96255793548387,20.591305744054516,0.3099824387405547,62,64,,False,False,Request timeout: 300.0s exceeded,390,21.16838264042747
219,2026-09-14T02:21:39.737+00:00,2026-09-14T02:26:33.272+00:00,2026-09-14T02:26:39.785+00:00,False,99,98.0,,98.0,293535.667824,300048.246896,300048.246879,3030.7903725151514,0.04319,293535.667824,29494.77260811092,88.91245690000001,66.45488848979592,20.347078505582797,0.32661413960524777,62,64,,False,False,Request timeout: 300.0s exceeded,405,21.16838264042747
220,2026-09-14T02:21:46.306+00:00,2026-09-14T02:26:37.888+00:00,2026-09-14T02:26:46.461+00:00,False,123,122.0,,122.0,291581.917073,300154.656657,300154.656708,2440.2817618536583,0.02401,291581.917073,26284.77661625953,89.4195532,70.26835724590164,54.693260117972386,0.4064571289973848,62,64,,False,False,Request timeout: 300.0s exceeded,528,21.16838264042747
221,2026-09-14T02:21:48.089+00:00,2026-09-14T02:26:41.652+00:00,2026-09-14T02:26:48.172+00:00,False,105,104.0,,104.0,293562.219751,300082.648295,300082.64836,2857.929984380952,0.0,293562.219751,28642.68877142016,91.2558812,62.6964283076923,62.7842254106794,0.34657118827397676,62,64,,False,False,Request timeout: 300.0s exceeded,223,21.16838264042747
222,2026-09-14T02:21:51.744+00:00,2026-09-14T02:26:46.479+00:00,2026-09-14T02:26:51.774+00:00,False,89,88.0,,88.0,294734.963306,300030.071402,300030.071563,3371.1243995842697,0.0,294734.963306,31235.476956322396,90.5321722,60.171682909090904,26.974861668470734,0.29330393313172876,62,64,,False,False,Request timeout: 300.0s exceeded,146,21.16838264042747
223,2026-09-14T02:21:56.360+00:00,2026-09-14T02:26:49.974+00:00,2026-09-14T02:26:56.447+00:00,False,98,97.0,,97.0,293613.888637,300086.774141,300086.774295,3062.1099417857145,0.02442,293613.888637,29652.747795562555,88.77661364999999,66.73077839175258,20.407572455968925,0.3232398371359852,62,64,,False,False,Request timeout: 300.0s exceeded,455,21.16838264042747
224,2026-09-14T02:22:00.886+00:00,2026-09-14T02:26:54.995+00:00,2026-09-14T02:27:00.938+00:00,False,87,86.0,,86.0,294109.881591,300052.717047,300052.717129,3448.8818060804597,0.02809,294109.881591,31524.486987601504,89.22118199999998,69.10273786046511,20.380721602111706,0.28661630144988504,62,64,,False,False,Request timeout: 300.0s exceeded,295,21.16838264042747
225,2026-09-14T02:22:04.174+00:00,2026-09-14T02:26:58.184+00:00,2026-09-14T02:27:04.252+00:00,False,86,85.0,,85.0,294010.860872,300078.74387999997,300078.743805,3489.2877186627907,0.02144,294010.860872,31696.314463579278,88.96961475,71.38685891764706,19.333044695664952,0.28325898362861407,62,64,,False,False,Request timeout: 300.0s exceeded,393,21.16838264042747
226,2026-09-14T02:22:09.059+00:00,2026-09-14T02:27:02.896+00:00,2026-09-14T02:27:09.088+00:00,False,93,92.0,,92.0,293836.71301,300029.085746,300029.085801,3226.1192021612906,0.02386,293836.71301,30462.474860495862,87.91784220000001,67.30839930434783,20.25910364166356,0.30663693745307674,62,64,,False,False,Request timeout: 300.0s exceeded,348,21.16838264042747
227,2026-09-14T02:22:14.260+00:00,2026-09-14T02:27:08.166+00:00,2026-09-14T02:27:14.290+00:00,False,93,92.0,,92.0,293906.03202600003,300029.617818,300029.61784300004,3226.124923043011,0.0261,293906.03202600003,30469.740624936094,89.5988166,66.56071513043479,20.542452277387117,0.30663639366366763,62,64,,False,False,Request timeout: 300.0s exceeded,570,21.16838264042747
228,2026-09-14T02:22:18.356+00:00,2026-09-14T02:27:12.157+00:00,2026-09-14T02:27:18.407+00:00,False,96,95.0,,95.0,293801.06708,300050.546504,300050.54651,3125.5265261458335,0.03848,293801.06708,29979.238644801695,89.14667175000001,65.78399393684211,20.377500757930203,0.3166133210116768,62,64,,False,False,Request timeout: 300.0s exceeded,431,21.16838264042747
229,2026-09-14T02:22:23.522+00:00,2026-09-14T02:27:17.069+00:00,2026-09-14T02:27:23.579+00:00,False,95,94.0,,94.0,293547.165598,300057.455006,300057.454998,3158.499526294737,0.04456,293547.165598,30110.204547186102,87.99010700000001,69.25839795744682,20.023285008182096,0.3132733362619514,62,64,,False,False,Request timeout: 300.0s exceeded,321,21.16838264042747
230,2026-09-14T02:22:27.580+00:00,2026-09-14T02:27:21.379+00:00,2026-09-14T02:27:27.644+00:00,False,88,87.0,,87.0,293799.148138,300063.757674,300063.757637,3409.815427693182,0.037590000000000005,293799.148138,31311.42396786988,88.432577,72.00700616091954,18.69448628743626,0.2899383806774823,62,64,,False,False,Request timeout: 300.0s exceeded,428,21.16838264042747
231,2026-09-14T02:22:30.942+00:00,2026-09-14T02:27:25.002+00:00,2026-09-14T02:27:30.995+00:00,False,90,89.0,,89.0,294060.180117,300052.822165,300052.822311,3333.9202479,0.021929999999999998,294060.180117,30989.573449030122,87.48119200000001,67.33305671910114,19.97546899126956,0.29661444061025566,62,64,,False,False,Request timeout: 300.0s exceeded,404,21.16838264042747
232,2026-09-14T02:22:35.858+00:00,2026-09-14T02:27:29.767+00:00,2026-09-14T02:27:35.943+00:00,False,95,94.0,,94.0,293908.885289,300085.454121,300085.454054,3158.7942532,0.02059,293908.885289,30147.680091504786,87.046128,65.70817906382979,19.484042979098152,0.31324410666735436,62,64,,False,False,Request timeout: 300.0s exceeded,446,21.16838264042747
233,2026-09-14T02:22:39.592+00:00,2026-09-14T02:27:33.717+00:00,2026-09-14T02:27:39.650+00:00,False,86,85.0,,85.0,294124.265697,300057.463521,300057.46369600005,3489.040275534884,0.0298,294124.265697,31708.714573142694,89.4172535,69.80232734117646,20.13137811344593,0.28327907262353813,62,64,,False,False,Request timeout: 300.0s exceeded,389,21.16838264042747
234,2026-09-14T02:22:45.256+00:00,2026-09-14T02:27:39.101+00:00,2026-09-14T02:27:45.305+00:00,False,96,95.0,,95.0,293845.159448,300048.53122400003,300048.53114700003,3125.50553278125,0.0,293845.159448,29983.85956367845,91.41312875,65.29865027368422,68.78916036089059,0.31661544754931037,62,64,,False,False,Request timeout: 300.0s exceeded,472,21.16838264042747
235,2026-09-14T02:22:50.020+00:00,2026-09-14T02:27:43.554+00:00,2026-09-14T02:27:50.052+00:00,False,97,96.0,,96.0,293533.938106,300031.664826,300031.664623,3093.1099445670106,0.021539000000000003,293533.938106,29796.990117390604,87.63630080000001,67.68465333333333,19.95640520562466,0.31996622775024136,62,64,,False,False,Request timeout: 300.0s exceeded,469,21.16838264042747
236,2026-09-14T02:22:55.159+00:00,2026-09-14T02:27:48.689+00:00,2026-09-14T02:27:55.166+00:00,False,94,93.0,,93.0,293529.898227,300006.841587,300006.841718,3191.5621459361705,0.02255,293529.898227,30268.120197709544,88.12689180000001,69.64455225806452,19.384783909796482,0.30999293052132154,62,64,,False,False,Request timeout: 300.0s exceeded,475,21.16838264042747
237,2026-09-14T02:22:58.746+00:00,2026-09-14T02:27:52.318+00:00,2026-09-14T02:27:58.775+00:00,False,96,95.0,,95.0,293571.551231,300029.028863,300029.028833,3125.302383677083,0.032490000000000005,293571.551231,29955.590714751732,89.91529725000001,67.97344875789474,20.94608850583855,0.31663602805373586,62,64,,False,False,Request timeout: 300.0s exceeded,468,21.16838264042747
238,2026-09-14T02:23:02.902+00:00,2026-09-14T02:27:56.665+00:00,2026-09-14T02:28:02.953+00:00,False,96,95.0,,95.0,293763.476417,300051.609793,300051.609967,3125.5376038229165,0.03418,293763.476417,29975.36120183511,89.89488249999998,66.19087764210526,21.34283176348343,0.31661219903315546,62,64,,False,False,Request timeout: 300.0s exceeded,445,21.16838264042747
239,2026-09-14T02:23:08.439+00:00,2026-09-14T02:28:01.944+00:00,2026-09-14T02:28:08.492+00:00,False,97,96.0,,96.0,293504.25592699996,300052.892343,300052.892267,3093.3287862577317,0.0171,293504.25592699996,29793.92307824318,90.2283098,68.21496266666666,20.803972626510532,0.3199435914460686,62,64,,False,False,Request timeout: 300.0s exceeded,466,21.16838264042747
240,2026-09-14T02:23:13.055+00:00,2026-09-14T02:28:07.628+00:00,2026-09-14T02:28:14.625+00:00,False,64,63.0,,63.0,294573.63182099996,301570.21345299995,301570.21329499997,4712.034582734374,0.03489,294573.63182099996,36809.26251013585,91.6841431,111.0568513015873,328.2776161015659,0.20890657362557666,62,64,,False,False,Request timeout: 300.0s exceeded,202,21.16838264042747
241,2026-09-14T02:23:18.661+00:00,2026-09-14T02:28:14.679+00:00,2026-09-14T02:28:18.674+00:00,False,89,88.0,,88.0,296018.359112,300012.696136,300012.69616,3370.929170337078,0.015269999999999999,296018.359112,31373.091798541274,86.910673,45.390193454545454,35.48446808878453,0.29332091985903275,62,64,,False,False,Request timeout: 300.0s exceeded,117,21.16838264042747
242,2026-09-14T02:23:23.574+00:00,2026-09-14T02:28:17.211+00:00,2026-09-14T02:28:23.611+00:00,False,91,90.0,,90.0,293637.483585,300037.561665,300037.561694,3297.1160625714283,0.02388,293637.483585,30774.123520147725,90.06440449999998,71.11197866666667,19.207506706763862,0.29996244303734015,62,64,,False,False,Request timeout: 300.0s exceeded,447,21.16838264042747
243,2026-09-14T02:23:29.091+00:00,2026-09-14T02:28:22.678+00:00,2026-09-14T02:28:29.104+00:00,False,95,94.0,,94.0,293586.973588,300012.328852,300012.328774,3158.024513410526,0.041979,293586.973588,30114.382048106723,90.33611400000001,68.35484323404256,20.894251742275422,0.31332045706152106,62,64,,False,False,Request timeout: 300.0s exceeded,465,21.16838264042747
244,2026-09-14T02:23:32.811+00:00,2026-09-14T02:28:26.375+00:00,2026-09-14T02:28:32.899+00:00,False,97,96.0,,96.0,293563.436283,300087.372795,300087.372831,3093.6842559896904,0.02225,293563.436283,29799.958034478488,90.0900258,67.957672,20.773763192238967,0.3199068294872271,62,64,,False,False,Request timeout: 300.0s exceeded,483,21.16838264042747
245,2026-09-14T02:23:37.155+00:00,2026-09-14T02:28:31.308+00:00,2026-09-14T02:28:37.749+00:00,False,83,82.0,,82.0,294153.271764,300593.94120400003,300593.94109700003,3621.6137481566266,0.02943,294153.271764,32278.96202599172,90.243894,78.54474926829268,66.28747928444393,0.2727932561499973,62,64,,False,False,Request timeout: 300.0s exceeded,334,21.16838264042747
246,2026-09-14T02:23:41.097+00:00,2026-09-14T02:28:35.133+00:00,2026-09-14T02:28:41.133+00:00,False,92,91.0,,91.0,294035.59253799997,300035.79708199995,300035.79706099996,3261.2586637065215,0.0,294035.59253799997,30648.527528650928,89.96396069999999,65.93631367032967,66.9031119682703,0.3032971428243599,62,64,,False,False,Request timeout: 300.0s exceeded,202,21.16838264042747
247,2026-09-14T02:23:45.766+00:00,2026-09-14T02:28:39.372+00:00,2026-09-14T02:28:45.839+00:00,False,94,93.0,,93.0,293606.16736,300073.03276800003,300073.03270900005,3192.266305414894,0.03918,293606.16736,30275.997768611785,89.5925805,69.5361871827957,19.122267626572057,0.30992455117385537,62,64,,False,False,Request timeout: 300.0s exceeded,279,21.16838264042747
248,2026-09-14T02:23:51.190+00:00,2026-09-14T02:28:44.819+00:00,2026-09-14T02:28:51.222+00:00,False,96,95.0,,95.0,293628.63132,300031.68412,300031.684073,3125.3300424270833,0.04768,293628.63132,29961.474196881092,87.50584825,67.40055578947369,19.909499312340692,0.31663322584958736,62,64,,False,False,Request timeout: 300.0s exceeded,395,21.16838264042747
249,2026-09-14T02:23:54.522+00:00,2026-09-14T02:28:48.404+00:00,2026-09-14T02:28:54.554+00:00,False,93,92.0,,92.0,293881.82709100004,300032.326163,300032.32606700005,3226.1540437311833,0.040920000000000005,293881.82709100004,30467.20046327775,88.941146,66.8532507826087,20.702286208362278,0.30663362570478064,62,64,,False,False,Request timeout: 300.0s exceeded,404,21.16838264042747
250,2026-09-14T02:24:00.510+00:00,2026-09-14T02:28:54.428+00:00,2026-09-14T02:29:00.582+00:00,False,91,90.0,,90.0,293918.439379,300072.28027499997,300072.280478,3297.4975876703297,0.05201,293918.439379,30803.863481645152,89.4030065,68.37600995555556,20.75121219129801,0.29992773713559906,62,64,,False,False,Request timeout: 300.0s exceeded,493,21.16838264042747
251,2026-09-14T02:24:06.225+00:00,2026-09-14T02:28:59.737+00:00,2026-09-14T02:29:06.259+00:00,False,95,94.0,,94.0,293511.206704,300033.35096,300033.350885,3158.2457987894736,0.05031,293511.206704,30106.502885974125,92.24557799999998,69.38451336170213,20.888735196703745,0.313298503980419,62,64,,False,False,Request timeout: 300.0s exceeded,403,21.16838264042747
252,2026-09-14T02:24:10.808+00:00,2026-09-14T02:29:04.877+00:00,2026-09-14T02:29:10.897+00:00,False,89,88.0,,88.0,294069.24126,300089.31447599997,300089.31471199996,3371.7900529438202,0.03775,294069.24126,31164.032456070934,88.987618,68.40992290909091,20.494896322444642,0.29324602961508617,62,64,,False,False,Request timeout: 300.0s exceeded,400,21.16838264042747
253,2026-09-14T02:24:14.270+00:00,2026-09-14T02:29:08.032+00:00,2026-09-14T02:29:14.314+00:00,False,96,95.0,,95.0,293761.267993,300043.207705,300043.20762199996,3125.450079395833,0.027039999999999998,293761.267993,29975.141584379475,86.485952,66.12568117894736,20.061612798993963,0.31662106510140775,62,64,,False,False,Request timeout: 300.0s exceeded,477,21.16838264042747
254,2026-09-14T02:24:17.551+00:00,2026-09-14T02:29:11.367+00:00,2026-09-14T02:29:17.584+00:00,False,96,95.0,,95.0,293815.55549,300032.788642,300032.788826,3125.3415502708335,0.06369,293815.55549,29980.751943151325,87.69434,65.44455949473684,20.285613016794066,0.31663206021577284,62,64,,False,False,Request timeout: 300.0s exceeded,363,21.16838264042747
255,2026-09-14T02:24:22.208+00:00,2026-09-14T02:29:15.917+00:00,2026-09-14T02:29:22.253+00:00,False,94,93.0,,93.0,293708.471518,300044.331486,300044.331663,3191.9609751382977,0.03186,293708.471518,30286.696009016803,90.56010565000001,68.12752653763441,20.782991245017993,0.3099541975660999,62,64,,False,False,Request timeout: 300.0s exceeded,413,21.16838264042747
256,2026-09-14T02:24:27.870+00:00,2026-09-14T02:29:21.746+00:00,2026-09-14T02:29:27.918+00:00,False,86,85.0,,85.0,293876.06201999995,300048.06816399994,300048.068161,3488.9310251279067,0.01609,293876.06201999995,31681.646428159587,90.43378675,72.6118369882353,18.97958984236831,0.28328794289567233,62,64,,False,False,Request timeout: 300.0s exceeded,368,21.16838264042747
257,2026-09-14T02:24:33.214+00:00,2026-09-14T02:29:26.888+00:00,2026-09-14T02:29:33.253+00:00,False,100,99.0,,99.0,293674.119559,300038.228871,300038.229015,3000.3822901500002,0.0,293674.119559,29361.05280441171,91.06242495000001,64.28393244444445,64.08988586483845,0.3299579535998547,62,64,,False,False,Request timeout: 300.0s exceeded,427,21.16838264042747
258,2026-09-14T02:24:37.985+00:00,2026-09-14T02:29:31.387+00:00,2026-09-14T02:29:38.033+00:00,False,107,106.0,,106.0,293402.300657,300048.31230499997,300048.312118,2804.1898328785046,0.0,293402.300657,28358.27706790647,89.95978699999999,62.698223094339625,62.09040248572946,0.35327644133605623,62,64,,False,False,Request timeout: 300.0s exceeded,365,21.16838264042747
259,2026-09-14T02:24:42.653+00:00,2026-09-14T02:29:36.072+00:00,2026-09-14T02:29:42.718+00:00,False,99,98.0,,98.0,293419.616624,300065.215856,300065.215955,3030.9617773232326,0.03917,293419.616624,29482.972978033875,89.5869269,67.8122370612245,20.882243519067465,0.32659566927954015,62,64,,False,False,Request timeout: 300.0s exceeded,333,21.16838264042747
260,2026-09-14T02:24:48.328+00:00,2026-09-14T02:29:42.286+00:00,2026-09-14T02:29:48.371+00:00,False,98,97.0,,97.0,293958.286692,300042.727524,300042.727307,3061.6604827244896,0.04453,293958.286692,29687.942200121426,89.84139735000001,62.726194144329895,21.03176812321267,0.3232872891153181,62,64,,False,False,Request timeout: 300.0s exceeded,477,21.16838264042747
261,2026-09-14T02:24:52.739+00:00,2026-09-14T02:29:46.186+00:00,2026-09-14T02:29:52.778+00:00,False,104,103.0,,103.0,293447.03902499995,300039.1419369999,300039.14211899997,2884.9917511442304,0.02511,293447.03902499995,28768.582133625197,90.33939115000001,64.00099914563107,22.049014787879607,0.34328854340487086,62,64,,False,False,Request timeout: 300.0s exceeded,389,21.16838264042747
262,2026-09-14T02:24:56.471+00:00,2026-09-14T02:29:50.095+00:00,2026-09-14T02:29:57.049+00:00,False,100,99.0,,99.0,293624.437032,300578.038824,300578.038823,3005.78038823,0.023579999999999997,293624.437032,29355.426255716884,90.0554185,70.23840193939394,19.47182568626302,0.3293653800767804,62,64,,False,False,Request timeout: 300.0s exceeded,503,21.16838264042747
263,2026-09-14T02:24:59.773+00:00,2026-09-14T02:29:53.266+00:00,2026-09-14T02:29:59.808+00:00,False,97,96.0,,96.0,293493.586622,300035.07526199997,300035.07532299997,3093.1451064226803,0.05539,293493.586622,29792.847887168547,90.578863,68.14050666666667,21.58905759030953,0.31996259076099626,62,64,,False,False,Request timeout: 300.0s exceeded,401,21.16838264042747
264,2026-09-14T02:25:05.159+00:00,2026-09-14T02:29:59.097+00:00,2026-09-14T02:30:05.171+00:00,False,88,87.0,,87.0,293938.819745,300012.845217,300012.845103,3409.2368761704543,0.031420000000000003,293938.819745,31326.547182036968,89.84298255,69.81638473563218,19.76949025923962,0.2899875834885426,62,64,,False,False,Request timeout: 300.0s exceeded,410,21.16838264042747
265,2026-09-14T02:25:09.934+00:00,2026-09-14T02:30:04.147+00:00,2026-09-14T02:30:09.987+00:00,False,87,86.0,,86.0,294212.548441,300052.399961,300052.40012299997,3448.8781623333334,0.038149999999999996,294212.548441,31535.622972375862,90.27471670000001,67.90525023255815,21.241343364079622,0.28661660433703595,62,64,,False,False,Request timeout: 300.0s exceeded,190,21.16838264042747
266,2026-09-14T02:25:14.084+00:00,2026-09-14T02:30:07.723+00:00,2026-09-14T02:30:14.096+00:00,False,96,95.0,,95.0,293638.852325,300011.51510899997,300011.51509199996,3125.119948875,0.019170000000000003,293638.852325,29962.54990134689,87.65811300000001,67.08066088421053,19.72404089457092,0.3166545122959186,62,64,,False,False,Request timeout: 300.0s exceeded,436,21.16838264042747
267,2026-09-14T02:25:17.490+00:00,2026-09-14T02:30:11.178+00:00,2026-09-14T02:30:17.540+00:00,False,98,97.0,,97.0,293688.281492,300050.415508,300050.41550099995,3061.738933683673,0.040530000000000004,293688.281492,29660.377528622135,87.75671585,65.5890104742268,19.789542420061945,0.3232790057489981,62,64,,False,False,Request timeout: 300.0s exceeded,320,21.16838264042747
268,2026-09-14T02:25:22.713+00:00,2026-09-14T02:30:16.250+00:00,2026-09-14T02:30:22.782+00:00,False,95,94.0,,94.0,293536.571508,300069.04459600005,300069.04454800003,3158.621521557895,0.019760000000000003,293536.571508,30109.093055817466,89.717626,69.49439455319148,19.48689629089743,0.3132612366815695,62,64,,False,False,Request timeout: 300.0s exceeded,458,21.16838264042747
269,2026-09-14T02:25:27.427+00:00,2026-09-14T02:30:21.293+00:00,2026-09-14T02:30:27.470+00:00,False,90,89.0,,89.0,293866.055935,300043.632383,300043.632544,3333.8181393777777,0.017219,293866.055935,30968.892228096363,89.93861989999999,69.4109713258427,20.427750984727343,0.29662352536244857,62,64,,False,False,Request timeout: 300.0s exceeded,411,21.16838264042747
270,2026-09-14T02:25:31.077+00:00,2026-09-14T02:30:24.972+00:00,2026-09-14T02:30:31.150+00:00,False,99,98.0,,98.0,293895.061505,300073.233665,300073.233693,3031.0427645757577,0.0,293895.061505,29531.29980193084,92.320851,63.04257306122449,64.98232474006403,0.3265869428041243,62,64,,False,False,Request timeout: 300.0s exceeded,200,21.16838264042747
271,2026-09-14T02:25:34.609+00:00,2026-09-14T02:30:28.622+00:00,2026-09-14T02:30:34.664+00:00,False,94,93.0,,93.0,294013.15085900004,300054.54759500007,300054.54758600006,3192.069655170213,0.02649,294013.15085900004,30318.448103585688,90.61269815,64.96125522580645,21.150248347116168,0.3099436443987083,62,64,,False,False,Request timeout: 300.0s exceeded,290,21.16838264042747
272,2026-09-14T02:25:40.291+00:00,2026-09-14T02:30:33.711+00:00,2026-09-14T02:30:40.303+00:00,False,97,96.0,,96.0,293419.548088,300012.025272,300012.02522099996,3092.9074765051546,0.02491,293419.548088,29785.27563336314,89.3330388,68.67163733333332,20.364264290132187,0.3199871735573382,62,64,,False,False,Request timeout: 300.0s exceeded,510,21.16838264042747
273,2026-09-14T02:25:45.975+00:00,2026-09-14T02:30:39.571+00:00,2026-09-14T02:30:46.055+00:00,False,98,97.0,,97.0,293595.349839,300079.92891099997,300079.92896,3062.040091428571,0.024390000000000002,293595.349839,29650.862454591115,87.99820185,66.85133063917526,19.716860958239327,0.32324721067488993,62,64,,False,False,Request timeout: 300.0s exceeded,469,21.16838264042747
274,2026-09-14T02:25:51.219+00:00,2026-09-14T02:30:44.601+00:00,2026-09-14T02:30:51.700+00:00,False,105,104.0,,104.0,293381.979232,300480.367968,300480.368108,2861.717791504762,0.0195,293381.979232,28624.49549511349,88.38166380000001,68.25373784615384,19.949001190185655,0.3461124621994459,62,64,,False,False,Request timeout: 300.0s exceeded,450,21.16838264042747
275,2026-09-14T02:25:57.112+00:00,2026-09-14T02:30:50.565+00:00,2026-09-14T02:30:57.190+00:00,False,100,99.0,,99.0,293452.866671,300078.525807,300078.526044,3000.7852604400005,0.02075,293452.866671,29338.60097965268,88.86118855000001,66.92584985858586,20.22059776174997,0.3299136442161587,62,64,,False,False,Request timeout: 300.0s exceeded,132,21.16838264042747
276,2026-09-14T02:26:03.083+00:00,2026-09-14T02:30:56.891+00:00,2026-09-14T02:31:03.090+00:00,False,92,91.0,,91.0,293808.392417,300007.216097,300007.216231,3260.9480025108696,0.02916,293808.392417,30624.547305364238,89.29671404999999,68.11894153846154,20.52301922399167,0.3033260372329757,62,64,,False,False,Request timeout: 300.0s exceeded,418,21.16838264042747
277,2026-09-14T02:26:06.571+00:00,2026-09-14T02:30:59.773+00:00,2026-09-14T02:31:06.624+00:00,False,101,100.0,,100.0,293201.63175,300052.527878,300052.527908,2970.817108,0.04868,293201.63175,29167.843515322507,89.564081,68.50896128000001,21.203213632103683,0.33327497924183314,62,64,,False,False,Request timeout: 300.0s exceeded,500,21.16838264042747
278,2026-09-14T02:26:10.661+00:00,2026-09-14T02:31:04.272+00:00,2026-09-14T02:31:10.696+00:00,False,96,95.0,,95.0,293610.76034100004,300035.39035700005,300035.39043900004,3125.3686504062503,0.02919,293610.76034100004,29959.628310238964,89.6323675,67.62768437894736,21.718387353711265,0.3166293145850672,62,64,,False,False,Request timeout: 300.0s exceeded,434,21.16838264042747
279,2026-09-14T02:26:14.715+00:00,2026-09-14T02:31:08.613+00:00,2026-09-14T02:31:14.736+00:00,False,93,92.0,,92.0,293898.15408,300020.904032,300020.904035,3226.0312261827958,0.02004,293898.15408,30468.925130234053,88.5885112,66.55162991304347,21.23253796036571,0.30664529958948245,62,64,,False,False,Request timeout: 300.0s exceeded,447,21.16838264042747
280,2026-09-14T02:26:19.785+00:00,2026-09-14T02:31:13.280+00:00,2026-09-14T02:31:19.806+00:00,False,101,100.0,,100.0,293495.48348500003,300021.359965,300021.35986900004,2970.508513554456,0.01857,293495.48348500003,29197.405220544646,86.800057,65.2587648,19.712144448297718,0.3333096017285764,62,64,,False,False,Request timeout: 300.0s exceeded,419,21.16838264042747
281,2026-09-14T02:26:23.629+00:00,2026-09-14T02:31:17.175+00:00,2026-09-14T02:31:23.714+00:00,False,106,105.0,,105.0,293545.532614,300084.47251800005,300084.47261,2830.9855906603775,0.0,293545.532614,28505.69031754299,89.35487625,62.27561813333333,66.34945467201337,0.3499014764707686,62,64,,False,False,Request timeout: 300.0s exceeded,492,21.16838264042747
282,2026-09-14T02:26:29.556+00:00,2026-09-14T02:31:23.453+00:00,2026-09-14T02:31:29.615+00:00,False,86,85.0,,85.0,293897.260228,300059.213508,300059.2136,3489.060623255814,0.035859999999999996,293897.260228,31683.944932096132,89.1027095,72.493568,18.792231334450744,0.28327742050064986,62,64,,False,False,Request timeout: 300.0s exceeded,432,21.16838264042747
283,2026-09-14T02:26:35.536+00:00,2026-09-14T02:31:29.368+00:00,2026-09-14T02:31:35.558+00:00,False,89,88.0,,88.0,293831.737823,300022.307295,300022.307195,3371.037159494382,0.02974,293831.737823,31138.651184368475,89.84568999999999,70.34738036363636,19.561587980193735,0.293311523377737,62,64,,False,False,Request timeout: 300.0s exceeded,276,21.16838264042747
284,2026-09-14T02:26:41.444+00:00,2026-09-14T02:31:34.826+00:00,2026-09-14T02:31:41.470+00:00,False,101,100.0,,100.0,293381.69861900003,300026.539323,300026.539362,2970.5597956633665,0.020649999999999998,293381.69861900003,29185.96526273361,89.79035,66.44840703999999,20.346361661333198,0.33330384780508654,62,64,,False,False,Request timeout: 300.0s exceeded,474,21.16838264042747
285,2026-09-14T02:26:45.127+00:00,2026-09-14T02:31:38.254+00:00,2026-09-14T02:31:45.204+00:00,False,108,107.0,,107.0,293127.52685,300077.254338,300077.25424100005,2778.4930948240744,0.023239999999999997,293127.52685,28199.96693001269,89.704249,64.95072418691589,20.517176002496775,0.35657484348839613,62,64,,False,False,Request timeout: 300.0s exceeded,443,21.16838264042747
286,2026-09-14T02:26:49.807+00:00,2026-09-14T02:31:43.526+00:00,2026-09-14T02:31:49.873+00:00,False,99,98.0,,98.0,293718.527717,300065.87978099997,300065.87974999996,3030.9684823232324,0.0426,293718.527717,29513.320412388817,89.284463,64.7688986122449,20.709513245246804,0.3265949466547956,62,64,,False,False,Request timeout: 300.0s exceeded,440,21.16838264042747
287,2026-09-14T02:26:53.796+00:00,2026-09-14T02:31:47.751+00:00,2026-09-14T02:31:53.837+00:00,False,92,91.0,,91.0,293954.193606,300040.536518,300040.536568,3261.3101800869563,0.01979,293954.193606,30639.876940224312,88.77952205,66.88288914285714,20.441394264885666,0.30329235194705345,62,64,,False,False,Request timeout: 300.0s exceeded,446,21.16838264042747
288,2026-09-14T02:26:57.811+00:00,2026-09-14T02:31:51.638+00:00,2026-09-14T02:31:57.833+00:00,False,95,94.0,,94.0,293826.249349,300022.061445,300022.0613,3158.1269610526315,0.0787,293826.249349,30139.18154510953,89.899107,65.91289463829787,20.584466015183413,0.3133102930740047,62,64,,False,False,Request timeout: 300.0s exceeded,406,21.16838264042747
289,2026-09-14T02:27:02.076+00:00,2026-09-14T02:31:55.948+00:00,2026-09-14T02:32:02.119+00:00,False,91,90.0,,90.0,293871.60356,300043.013736,300043.01384200004,3297.1759762857146,0.05482,293871.60356,30798.933331687756,89.91053050000001,68.57122417777778,20.812238749277743,0.2999569924303875,62,64,,False,False,Request timeout: 300.0s exceeded,440,21.16838264042747
290,2026-09-14T02:27:05.950+00:00,2026-09-14T02:31:59.732+00:00,2026-09-14T02:32:05.990+00:00,False,105,104.0,,104.0,293782.181262,300039.814542,300039.814562,2857.522043447619,0.01528,293782.181262,28665.563027084816,87.0436722,60.16955076923077,266.80815536027364,0.34662066485660337,62,64,,False,False,Request timeout: 300.0s exceeded,478,21.16838264042747
291,2026-09-14T02:27:10.504+00:00,2026-09-14T02:32:05.853+00:00,2026-09-14T02:32:10.519+00:00,False,71,70.0,,70.0,295348.641421,300015.347341,300015.34756900003,4225.568275619718,0.047060000000000005,295348.641421,35043.52958775184,91.438192,66.66722742857142,21.483742113905677,0.23332139712318586,62,64,,False,False,Request timeout: 300.0s exceeded,319,21.16838264042747
292,2026-09-14T02:27:14.899+00:00,2026-09-14T02:32:09.162+00:00,2026-09-14T02:32:14.909+00:00,False,88,87.0,,87.0,294262.943586,300010.105698,300010.105594,3409.2057453863636,0.02503,294262.943586,31361.49984057959,88.7636637,66.05933462068965,20.471172184536794,0.2899902314876588,62,64,,False,False,Request timeout: 300.0s exceeded,436,21.16838264042747
293,2026-09-14T02:27:20.345+00:00,2026-09-14T02:32:14.007+00:00,2026-09-14T02:32:20.369+00:00,False,97,96.0,,96.0,293662.52867,300024.147102,300024.14719100005,3093.0324452680416,0.0,293662.52867,29810.25451388021,89.520775,66.26685866666666,65.24720561838932,0.31997424516421547,62,64,,False,False,Request timeout: 300.0s exceeded,462,21.16838264042747
294,2026-09-14T02:27:26.260+00:00,2026-09-14T02:32:19.916+00:00,2026-09-14T02:32:26.283+00:00,False,92,91.0,,91.0,293655.603671,300022.34415099997,300022.344351,3261.112438597826,0.02969,293655.603671,30608.425334975695,90.33069019999999,69.9641810989011,20.117191924628333,0.3033107425965584,62,64,,False,False,Request timeout: 300.0s exceeded,480,21.16838264042747
295,2026-09-14T02:27:30.981+00:00,2026-09-14T02:32:24.795+00:00,2026-09-14T02:32:31.017+00:00,False,88,87.0,,87.0,293814.20075,300036.283822,300036.283996,3409.503227227273,0.03506,293814.20075,31313.081548709848,92.45604185,71.51819622988506,20.099382602987042,0.28996492988032657,62,64,,False,False,Request timeout: 300.0s exceeded,283,21.16838264042747
296,2026-09-14T02:27:35.763+00:00,2026-09-14T02:32:29.729+00:00,2026-09-14T02:32:35.834+00:00,False,89,88.0,,88.0,293965.27719700005,300070.20417300006,300070.20418400003,3371.5753279101127,0.02275,293965.27719700005,31152.910119335404,90.1700354,69.37417018181819,20.555168438562198,0.293264705312978,62,64,,False,False,Request timeout: 300.0s exceeded,351,21.16838264042747
297,2026-09-14T02:27:40.757+00:00,2026-09-14T02:32:34.312+00:00,2026-09-14T02:32:40.768+00:00,False,94,93.0,,93.0,293555.098121,300010.942473,300010.942599,3191.605772329787,0.01973,293555.098121,30270.743003689855,88.86960935,69.41768120430108,19.75366858739235,0.30998869319031486,62,64,,False,False,Request timeout: 300.0s exceeded,402,21.16838264042747
298,2026-09-14T02:27:44.898+00:00,2026-09-14T02:32:38.344+00:00,2026-09-14T02:32:44.931+00:00,False,102,101.0,,101.0,293446.291288,300032.94396,300032.94413,2941.499452254902,0.01744,293446.291288,29049.062451901245,89.32228704999997,65.21438289108912,20.564142107879402,0.3366297002820636,62,64,,False,False,Request timeout: 300.0s exceeded,532,21.16838264042747
299,2026-09-14T02:27:50.740+00:00,2026-09-14T02:32:44.577+00:00,2026-09-14T02:32:50.750+00:00,False,89,88.0,,88.0,293836.980025,300010.576697,300010.576758,3370.9053568314607,0.0314,293836.980025,31139.227447799367,89.24374180000001,70.15450763636365,19.79679619925764,0.29332299203863355,62,64,,False,False,Request timeout: 300.0s exceeded,546,21.16838264042747
300,2026-09-14T02:27:55.139+00:00,2026-09-14T02:32:48.308+00:00,2026-09-14T02:32:55.181+00:00,False,102,101.0,,101.0,293169.397441,300042.195137,300042.195159,2941.5901486176467,0.034799,293169.397441,29021.364735060153,88.0306075,68.04750194059406,19.65004515459289,0.3366193210054444,62,64,,False,False,Request timeout: 300.0s exceeded,430,21.16838264042747
301,2026-09-14T02:27:58.401+00:00,2026-09-14T02:32:51.952+00:00,2026-09-14T02:32:58.450+00:00,False,95,94.0,,94.0,293550.485433,300048.64300100005,300048.642911,3158.406767484211,0.031039999999999998,293550.485433,30110.55731099297,85.7625347,69.12933582978724,18.299015040179576,0.3132825366575202,62,64,,False,False,Request timeout: 300.0s exceeded,490,21.16838264042747
302,2026-09-14T02:28:03.971+00:00,2026-09-14T02:32:57.948+00:00,2026-09-14T02:33:04.023+00:00,False,90,89.0,,89.0,293977.180683,300052.311051,300052.310954,3333.914566155556,0.01886,293977.180683,30980.726844665824,89.550749,68.25989177528089,19.9739665315114,0.2966149458681311,62,64,,False,False,Request timeout: 300.0s exceeded,461,21.16838264042747
303,2026-09-14T02:28:08.915+00:00,2026-09-14T02:33:02.668+00:00,2026-09-14T02:33:08.980+00:00,False,94,93.0,,93.0,293752.279927,300064.80959099997,300064.809587,3192.178825393617,0.03849,293752.279927,30291.24063308877,89.78183164999999,67.87666305376344,21.159638396562247,0.309933044553817,62,64,,False,False,Request timeout: 300.0s exceeded,413,21.16838264042747
304,2026-09-14T02:28:14.635+00:00,2026-09-14T02:33:08.674+00:00,2026-09-14T02:33:14.841+00:00,False,106,105.0,,105.0,294039.14898299996,300206.81951099995,300206.81958799995,2832.139807433962,0.0,294039.14898299996,28553.976313497053,90.44437625,58.739719314285715,65.66304178649082,0.3497588768004408,62,64,,False,False,Request timeout: 300.0s exceeded,244,21.16838264042747
305,2026-09-14T02:28:19.457+00:00,2026-09-14T02:33:13.192+00:00,2026-09-14T02:33:19.475+00:00,False,105,104.0,,104.0,293734.65333,300018.36277,300018.362741,2857.317740390476,0.02122,293734.65333,28659.678656081185,89.62626840000001,60.42028307692308,21.665942918585397,0.3466454487645093,62,64,,False,False,Request timeout: 300.0s exceeded,438,21.16838264042747
306,2026-09-14T02:28:23.631+00:00,2026-09-14T02:33:17.075+00:00,2026-09-14T02:33:23.702+00:00,False,95,94.0,,94.0,293443.76736799994,300071.18394399993,300071.18392399995,3158.6440413052624,0.0496,293443.76736799994,30099.467928519527,89.60809440000001,70.50443165957446,19.490332563080035,0.3132590032955065,62,64,,False,False,Request timeout: 300.0s exceeded,273,21.16838264042747
307,2026-09-14T02:28:27.882+00:00,2026-09-14T02:33:21.679+00:00,2026-09-14T02:33:27.918+00:00,False,90,89.0,,89.0,293796.980797,300035.726653,300035.726503,3333.7302944777775,0.01834,293796.980797,30961.538046943122,89.96284,70.09826804494382,19.52351764608265,0.2966313411833487,62,64,,False,False,Request timeout: 300.0s exceeded,258,21.16838264042747
308,2026-09-14T02:28:32.905+00:00,2026-09-14T02:33:26.658+00:00,2026-09-14T02:33:32.937+00:00,False,98,97.0,,97.0,293753.04360399995,300031.81403599994,300031.814056,3061.5491230204075,0.04308,293753.04360399995,29667.006444992232,88.70967585000002,64.72959208247423,20.00386281703173,0.3232990485081067,62,64,,False,False,Request timeout: 300.0s exceeded,308,21.16838264042747
309,2026-09-14T02:28:37.640+00:00,2026-09-14T02:33:31.352+00:00,2026-09-14T02:33:37.825+00:00,False,98,97.0,,97.0,293712.221325,300184.986509,300184.98636599997,3063.11210577551,0.02111,293712.221325,29662.68040480429,87.28464485,66.72953797938145,19.482561455005897,0.32313408184753367,62,64,,False,False,Request timeout: 300.0s exceeded,470,21.16838264042747
310,2026-09-14T02:28:42.596+00:00,2026-09-14T02:33:36.307+00:00,2026-09-14T02:33:42.615+00:00,False,99,98.0,,98.0,293710.681583,300018.614767,300018.614831,3030.4910588989896,0.027010000000000003,293710.681583,29512.57305872414,88.53750249999999,64.36666514285714,21.812397531277874,0.32664639851133437,62,64,,False,False,Request timeout: 300.0s exceeded,549,21.16838264042747
311,2026-09-14T02:28:47.576+00:00,2026-09-14T02:33:41.051+00:00,2026-09-14T02:33:47.585+00:00,False,96,95.0,,95.0,293475.36476200004,300009.07305000006,300009.073144,3125.094511916667,0.028239999999999998,293475.36476200004,29945.69106643817,88.024447,68.77587671578947,19.81341072134886,0.3166570898479698,62,64,,False,False,Request timeout: 300.0s exceeded,466,21.16838264042747
312,2026-09-14T02:28:51.691+00:00,2026-09-14T02:33:45.719+00:00,2026-09-14T02:33:51.700+00:00,False,93,92.0,,92.0,294028.04426999995,300009.30609399994,300009.30598799995,3225.9065159999996,0.039880000000000006,294028.04426999995,30482.552704512287,87.18011800000001,65.01371547826086,19.91108023760877,0.3066571540656617,62,64,,False,False,Request timeout: 300.0s exceeded,427,21.16838264042747
313,2026-09-14T02:28:55.562+00:00,2026-09-14T02:33:49.378+00:00,2026-09-14T02:33:55.571+00:00,False,97,96.0,,96.0,293815.73332999996,300008.967762,300008.96765199996,3092.8759551752573,0.03575,293815.73332999996,29825.923896910565,87.554005,64.51285866666666,19.604555563821695,0.31999043467313193,62,64,,False,False,Request timeout: 300.0s exceeded,434,21.16838264042747
314,2026-09-14T02:28:59.184+00:00,2026-09-14T02:33:52.695+00:00,2026-09-14T02:33:59.200+00:00,False,97,96.0,,96.0,293510.83407599997,300015.60642799997,300015.60649,3092.9443968041232,0.034390000000000004,293510.83407599997,29794.636774991377,87.9778788,67.75804533333333,19.90808503956463,0.3199833540094149,62,64,,False,False,Request timeout: 300.0s exceeded,272,21.16838264042747
315,2026-09-14T02:29:04.955+00:00,2026-09-14T02:33:58.768+00:00,2026-09-14T02:34:04.991+00:00,False,93,92.0,,92.0,293812.629375,300036.119167,300036.119182,3226.1948299139785,0.05733,293812.629375,30459.941899093537,88.6585066,67.64662817391304,19.43256024884569,0.30662974929626,62,64,,False,False,Request timeout: 300.0s exceeded,468,21.16838264042747
316,2026-09-14T02:29:08.544+00:00,2026-09-14T02:34:01.995+00:00,2026-09-14T02:34:08.619+00:00,False,103,102.0,,102.0,293450.852921,300075.249209,300075.249033,2913.351932359223,0.0,293450.852921,28908.246213927512,88.21248600000001,64.94506164705882,65.61358191034766,0.3399147389492221,62,64,,False,False,Request timeout: 300.0s exceeded,382,21.16838264042747
317,2026-09-14T02:29:12.462+00:00,2026-09-14T02:34:06.037+00:00,2026-09-14T02:34:12.479+00:00,False,92,91.0,,91.0,293575.26487199997,300016.94192799996,300016.941909,3261.0537164021734,0.07856,293575.26487199997,30599.963588359384,89.59926,70.78765995604395,20.12294746446021,0.3033162041290281,62,64,,False,False,Request timeout: 300.0s exceeded,225,21.16838264042747
318,2026-09-14T02:29:16.514+00:00,2026-09-14T02:34:10.274+00:00,2026-09-14T02:34:16.533+00:00,False,90,89.0,,89.0,293759.802926,300018.881582,300018.881658,3333.543129533333,0.02964,293759.802926,30957.595666920657,90.10489285,70.32672647191012,20.452127748023084,0.2966479960551245,62,64,,False,False,Request timeout: 300.0s exceeded,374,21.16838264042747
319,2026-09-14T02:29:22.301+00:00,2026-09-14T02:34:15.962+00:00,2026-09-14T02:34:22.318+00:00,False,96,95.0,,95.0,293661.068419,300016.581507,300016.581648,3125.1727255,0.019959,293661.068419,29964.83577314856,88.38616300000001,66.90013776842106,19.765933417926096,0.31664916493218376,62,64,,False,False,Request timeout: 300.0s exceeded,455,21.16838264042747
320,2026-09-14T02:29:25.857+00:00,2026-09-14T02:34:19.511+00:00,2026-09-14T02:34:25.887+00:00,False,93,92.0,,92.0,293654.227247,300029.720367,300029.72056299995,3226.1260275591394,0.02831,293654.227247,30443.345162548947,88.94422259999999,69.29883826086956,19.624881742137315,0.3066362888565322,62,64,,False,False,Request timeout: 300.0s exceeded,457,21.16838264042747
321,2026-09-14T02:29:29.684+00:00,2026-09-14T02:34:23.295+00:00,2026-09-14T02:34:29.758+00:00,False,94,93.0,,93.0,293611.40379,300073.97787,300073.977793,3192.2763595,0.02451,293611.40379,30276.5431891039,89.63832765,69.49004387096774,20.00572279161565,0.3099235750468508,62,64,,False,False,Request timeout: 300.0s exceeded,446,21.16838264042747
322,2026-09-14T02:29:34.616+00:00,2026-09-14T02:34:28.355+00:00,2026-09-14T02:34:34.698+00:00,False,97,96.0,,96.0,293738.235817,300081.152681,300081.152833,3093.6201322989687,0.02287,293738.235817,29817.896931534982,89.26233559999999,66.07205066666667,19.64354758627885,0.3199134605499613,62,64,,False,False,Request timeout: 300.0s exceeded,453,21.16838264042747
323,2026-09-14T02:29:39.990+00:00,2026-09-14T02:34:34.319+00:00,2026-09-14T02:34:40.007+00:00,False,80,79.0,,79.0,294329.565474,300016.746274,300016.746275,3750.2093284375,0.20051,294329.565474,32899.002601710345,90.26780605,71.98963037974684,19.106052327703516,0.26331863464664973,62,64,,False,False,Request timeout: 300.0s exceeded,349,21.16838264042747
324,2026-09-14T02:29:43.739+00:00,2026-09-14T02:34:37.518+00:00,2026-09-14T02:34:43.785+00:00,False,90,89.0,,89.0,293779.237579,300045.801931,300045.801956,3333.8422439555557,0.021849,293779.237579,30959.634625116192,88.2509384,70.41083541573035,19.24068482314331,0.29662138055998155,62,64,,False,False,Request timeout: 300.0s exceeded,464,21.16838264042747
325,2026-09-14T02:29:48.848+00:00,2026-09-14T02:34:42.765+00:00,2026-09-14T02:34:48.887+00:00,False,96,95.0,,95.0,293916.364435,300038.130067,300038.130079,3125.3971883229165,0.07803,293916.364435,29991.14318795327,87.00084175,64.43963823157894,20.15485778369943,0.31662642337754215,62,64,,False,False,Request timeout: 300.0s exceeded,460,21.16838264042747
326,2026-09-14T02:29:54.011+00:00,2026-09-14T02:34:48.026+00:00,2026-09-14T02:34:54.065+00:00,False,92,91.0,,91.0,294015.55693,300054.54445000004,300054.544507,3261.4624402934783,0.02476,294015.55693,30646.328167265397,87.4445942,66.36250021978022,19.51925949265938,0.30327819285924495,62,64,,True,False,Request timeout: 300.0s exceeded,440,21.16838264042747
327,2026-09-14T02:29:59.901+00:00,2026-09-14T02:34:53.442+00:00,2026-09-14T02:34:59.959+00:00,False,97,96.0,,96.0,293541.487166,300058.287678,300058.287536,3093.384407587629,0.05529,293541.487166,29797.736475230417,89.051014,67.88333866666667,20.017575161845276,0.31993783855428776,62,64,,True,False,Request timeout: 300.0s exceeded,463,21.16838264042747
328,2026-09-14T02:30:04.346+00:00,2026-09-14T02:34:57.937+00:00,2026-09-14T02:35:04.377+00:00,False,100,99.0,,99.0,293591.169096,300031.275848,300031.27582800004,3000.3127582800003,0.0259,293591.169096,29352.618661157245,88.17194939999999,65.05158335353535,20.243129601416804,0.32996560015348125,62,64,,True,False,Request timeout: 300.0s exceeded,483,21.16838264042747
329,2026-09-14T02:30:09.836+00:00,2026-09-14T02:35:03.730+00:00,2026-09-14T02:35:09.874+00:00,False,92,91.0,,91.0,293893.546044,300038.125628,300038.12563900003,3261.283974336957,0.02875,293893.546044,30633.486834834403,89.3720175,67.52285257142857,19.76249390893667,0.3032947889856693,62,64,,True,False,Request timeout: 300.0s exceeded,455,21.16838264042747
330,2026-09-14T02:30:14.409+00:00,2026-09-14T02:35:07.842+00:00,2026-09-14T02:35:14.427+00:00,False,101,100.0,,100.0,293433.30098,300017.491188,300017.491097,2970.4702088811882,0.02229,293433.30098,29191.160085987864,88.22816299999998,65.84190208,20.124962569575548,0.3333138998130512,62,64,,True,False,Request timeout: 300.0s exceeded,460,21.16838264042747
331,2026-09-14T02:30:20.058+00:00,2026-09-14T02:35:13.755+00:00,2026-09-14T02:35:20.142+00:00,False,94,93.0,,93.0,293697.37803799997,300083.77522199997,300083.775103,3192.3805862021272,0.02088,293697.37803799997,30285.49517742636,90.15575135,68.6709374623656,19.912514438385873,0.30991345643795376,62,64,,True,False,Request timeout: 300.0s exceeded,356,21.16838264042747
332,2026-09-14T02:30:25.916+00:00,2026-09-14T02:35:19.893+00:00,2026-09-14T02:35:25.965+00:00,False,85,84.0,,84.0,293977.35835299996,300049.44923299993,300049.44937199994,3529.993522023529,0.047869999999999996,293977.35835299996,31878.487939022936,89.1228282,72.2867961904762,21.366490037383564,0.27995385498865144,62,64,,True,False,Request timeout: 300.0s exceeded,351,21.16838264042747
333,2026-09-14T02:30:29.323+00:00,2026-09-14T02:35:22.969+00:00,2026-09-14T02:35:29.400+00:00,False,96,95.0,,95.0,293645.64875700005,300076.56869300007,300076.56875900005,3125.7975912395837,0.021920000000000002,293645.64875700005,29963.18248166813,88.445898,67.6938940631579,21.920736885190596,0.31658586478037154,62,64,,True,False,Request timeout: 300.0s exceeded,391,21.16838264042747
334,2026-09-14T02:30:34.544+00:00,2026-09-14T02:35:28.123+00:00,2026-09-14T02:35:34.578+00:00,False,96,95.0,,95.0,293579.285563,300033.711419,300033.711415,3125.351160572917,0.03814,293579.285563,29956.38264440942,88.31079374999999,67.9413248,19.861872321445848,0.316631086389261,62,64,,True,False,Request timeout: 300.0s exceeded,414,21.16838264042747
335,2026-09-14T02:30:37.896+00:00,2026-09-14T02:35:31.564+00:00,2026-09-14T02:35:37.924+00:00,False,94,93.0,,93.0,293668.547789,300028.329933,300028.329891,3191.7907435212765,0.023030000000000002,293668.547789,30282.551274016052,86.99001515,68.38475423655913,20.204983751726118,0.3099707285000988,62,64,,True,False,Request timeout: 300.0s exceeded,435,21.16838264042747
336,2026-09-14T02:30:43.822+00:00,2026-09-14T02:35:37.675+00:00,2026-09-14T02:35:43.831+00:00,False,91,90.0,,90.0,293853.66390499996,300009.01596899994,300009.01578699995,3296.802371285714,0.052270000000000004,293853.66390499996,30797.071108313277,90.06670050000001,68.39280071111111,20.29529137975819,0.29999098430195087,62,64,,True,False,Request timeout: 300.0s exceeded,288,21.16838264042747
337,2026-09-14T02:30:49.011+00:00,2026-09-14T02:35:42.744+00:00,2026-09-14T02:35:49.061+00:00,False,92,91.0,,91.0,293732.44908600004,300049.52326200006,300049.523257,3261.407861489131,0.03643,293732.44908600004,30616.49416803329,89.9088581,69.41839753846153,20.48973938320383,0.3032832680775159,62,64,,True,False,Request timeout: 300.0s exceeded,317,21.16838264042747
338,2026-09-14T02:30:54.401+00:00,2026-09-14T02:35:47.888+00:00,2026-09-14T02:35:54.415+00:00,False,96,95.0,,95.0,293486.81977,300013.673658,300013.67374,3125.142434791667,0.02246,293486.81977,29946.867254972636,88.16112125,68.7037251368421,19.35439221222201,0.31665223401882364,62,64,,True,False,Request timeout: 300.0s exceeded,372,21.16838264042747
339,2026-09-14T02:30:59.630+00:00,2026-09-14T02:35:53.386+00:00,2026-09-14T02:35:59.699+00:00,False,94,93.0,,93.0,293755.854718,300068.86566199997,300068.86555,3192.22197393617,0.03839,293755.854718,30291.60779238419,89.0769715,67.88183810752689,19.630456663058315,0.30992885514739127,62,64,,True,False,Request timeout: 300.0s exceeded,406,21.16838264042747
340,2026-09-14T02:31:03.828+00:00,2026-09-14T02:35:57.612+00:00,2026-09-14T02:36:03.834+00:00,False,93,92.0,,92.0,293784.63879299996,300006.743369,300006.743147,3225.878958569892,0.03554,293784.63879299996,30457.04192939465,89.7393166,67.63157147826088,20.892955234225102,0.3066597735999639,62,64,,True,False,Request timeout: 300.0s exceeded,412,21.16838264042747
341,2026-09-14T02:31:08.181+00:00,2026-09-14T02:36:02.339+00:00,2026-09-14T02:36:08.247+00:00,False,85,84.0,,84.0,294157.22611299995,300066.15436899994,300066.15423799993,3530.190049858823,0.02739,294157.22611299995,31898.207138598304,88.58217299999998,70.344384,19.995426203563873,0.27993826953473333,62,64,,True,False,Request timeout: 300.0s exceeded,390,21.16838264042747
342,2026-09-14T02:31:11.651+00:00,2026-09-14T02:36:05.345+00:00,2026-09-14T02:36:11.692+00:00,False,92,91.0,,91.0,293693.653917,300041.16777299996,300041.167813,3261.317041445652,0.019319,293693.653917,30612.413818405148,88.40238049999999,69.75289951648351,19.242883217261006,0.30329171385190457,62,64,,True,False,Request timeout: 300.0s exceeded,430,21.16838264042747
343,2026-09-14T02:31:17.496+00:00,2026-09-14T02:36:11.401+00:00,2026-09-14T02:36:17.534+00:00,False,89,88.0,,88.0,293905.504036,300038.698788,300038.698765,3371.221334438202,0.08212,293905.504036,31146.539084433174,86.725093,69.69539490909091,18.88709978329518,0.2932954993988247,62,64,,True,False,Request timeout: 300.0s exceeded,359,21.16838264042747
344,2026-09-14T02:31:22.771+00:00,2026-09-14T02:36:16.562+00:00,2026-09-14T02:36:22.798+00:00,False,94,93.0,,93.0,293790.828364,300026.87623600004,300026.876246,3191.7752792127662,0.02453,293790.828364,30295.300399373955,86.72872914999999,67.05427819354838,19.62336402553693,0.30997223037727645,62,64,,True,False,Request timeout: 300.0s exceeded,311,21.16838264042747
345,2026-09-14T02:31:27.946+00:00,2026-09-14T02:36:21.832+00:00,2026-09-14T02:36:27.970+00:00,False,91,90.0,,90.0,293885.612419,300023.568515,300023.568499,3296.962291197802,0.038060000000000004,293885.612419,30800.440416122176,88.4144585,68.19951217777778,20.191140958819418,0.2999764333364376,62,64,,True,False,Request timeout: 300.0s exceeded,434,21.16838264042747
346,2026-09-14T02:31:31.521+00:00,2026-09-14T02:36:25.107+00:00,2026-09-14T02:36:31.531+00:00,False,90,89.0,,89.0,293586.23283399997,300009.637634,300009.63778399996,3333.440419822222,0.023780000000000003,293586.23283399997,30939.103915970045,88.50376495,72.17308764044944,18.46256924239645,0.2966571364236522,62,64,,True,False,Request timeout: 300.0s exceeded,392,21.16838264042747
347,2026-09-14T02:31:35.583+00:00,2026-09-14T02:36:29.288+00:00,2026-09-14T02:36:35.604+00:00,False,90,89.0,,89.0,293705.178459,300021.612891,300021.612975,3333.5734775,0.02043,293705.178459,30951.76931356081,87.7088574,70.97117339325843,19.672664365342087,0.2966452954585453,62,64,,True,False,Request timeout: 300.0s exceeded,305,21.16838264042747
348,2026-09-14T02:31:40.343+00:00,2026-09-14T02:36:34.205+00:00,2026-09-14T02:36:40.354+00:00,False,90,89.0,,89.0,293861.926195,300010.809651,300010.809503,3333.453438922222,0.0269,293861.926195,30968.491467600463,89.08888545000002,69.08857815730337,21.281758558114447,0.29665597750805356,62,64,,True,False,Request timeout: 300.0s exceeded,403,21.16838264042747
349,2026-09-14T02:31:43.981+00:00,2026-09-14T02:36:37.756+00:00,2026-09-14T02:36:44.054+00:00,False,94,93.0,,93.0,293774.95782300003,300073.352703,300073.35274500004,3192.269710053192,0.0343,293774.95782300003,30293.59517220169,89.52662414999999,67.72467612903226,20.893263300229144,0.3099242207356129,62,64,,True,False,Request timeout: 300.0s exceeded,472,21.16838264042747
350,2026-09-14T02:31:48.630+00:00,2026-09-14T02:36:42.402+00:00,2026-09-14T02:36:48.680+00:00,False,90,89.0,,89.0,293771.912334,300049.947278,300049.947229,3333.8883025444443,0.040299999999999996,293771.912334,30958.849734752468,90.11141745,70.53971847191012,20.56755367725703,0.2966172825804245,62,64,,True,False,Request timeout: 300.0s exceeded,432,21.16838264042747
351,2026-09-14T02:31:52.524+00:00,2026-09-14T02:36:46.371+00:00,2026-09-14T02:36:52.531+00:00,False,93,92.0,,92.0,293847.417268,300007.096244,300007.09620200004,3225.8827548602153,0.03423,293847.417268,30463.621772639155,88.97056820000002,66.95303234782608,20.384294814999645,0.3066594128999372,62,64,,True,False,Request timeout: 300.0s exceeded,227,21.16838264042747
352,2026-09-14T02:31:57.500+00:00,2026-09-14T02:36:51.381+00:00,2026-09-14T02:36:57.509+00:00,False,88,87.0,,87.0,293880.310565,300008.463141,300008.463136,3409.187081090909,0.02544,293880.310565,31320.243636988827,89.40416035,70.43853535632184,19.567902278276414,0.28999181919448436,62,64,,True,False,Request timeout: 300.0s exceeded,478,21.16838264042747
353,2026-09-14T02:32:01.243+00:00,2026-09-14T02:36:55.008+00:00,2026-09-14T02:37:01.267+00:00,False,89,88.0,,88.0,293764.428794,300024.20889,300024.208867,3371.0585265955056,0.074569,293764.428794,31131.433115763168,89.61210279999999,71.13386472727274,19.62593710643927,0.29330966432866773,62,64,,True,False,Request timeout: 300.0s exceeded,241,21.16838264042747
354,2026-09-14T02:32:05.959+00:00,2026-09-14T02:36:59.866+00:00,2026-09-14T02:37:06.046+00:00,False,98,97.0,,97.0,293906.59573,300086.211218,300086.211341,3062.1041973571428,0.020829999999999998,293906.59573,29682.620980023497,89.40339005000001,63.70737616494846,20.26033227870678,0.323240443492199,62,64,,True,False,Request timeout: 300.0s exceeded,470,21.16838264042747
355,2026-09-14T02:32:11.012+00:00,2026-09-14T02:37:06.593+00:00,2026-09-14T02:37:11.066+00:00,False,67,66.0,,66.0,295580.827332,300053.376964,300053.377044,4478.408612597015,0.0,295580.827332,36102.681505703236,91.2470396,67.76590351515152,33.15252718838957,0.21996086385629512,62,64,,True,False,Request timeout: 300.0s exceeded,292,21.16838264042747
356,2026-09-14T02:32:16.529+00:00,2026-09-14T02:37:10.287+00:00,2026-09-14T02:37:16.561+00:00,False,96,95.0,,95.0,293758.75258200004,300032.44243800006,300032.44267300004,3125.337944510417,0.03594,293758.75258200004,29974.894093775838,88.67849050000001,66.0388405894737,20.61953977645244,0.3166324255738817,62,64,,True,False,Request timeout: 300.0s exceeded,143,21.16838264042747
357,2026-09-14T02:32:22.350+00:00,2026-09-14T02:37:16.085+00:00,2026-09-14T02:37:22.396+00:00,False,97,96.0,,96.0,293734.936277,300046.321109,300046.320941,3093.261040628866,0.034978999999999996,293734.936277,29817.595560875918,87.63792940000002,65.743592,20.093271845145203,0.3199505984448494,62,64,,True,False,Request timeout: 300.0s exceeded,431,21.16838264042747
358,2026-09-14T02:32:27.047+00:00,2026-09-14T02:37:20.633+00:00,2026-09-14T02:37:27.133+00:00,False,99,98.0,,98.0,293585.825477,300085.86618099996,300085.86618199997,3031.170365474747,0.020989999999999998,293585.825477,29499.82673711473,89.8024308,66.32694595918367,20.692330280492023,0.3265731946898501,62,64,,True,False,Request timeout: 300.0s exceeded,286,21.16838264042747
359,2026-09-14T02:32:32.807+00:00,2026-09-14T02:37:26.650+00:00,2026-09-14T02:37:32.877+00:00,False,90,89.0,,89.0,293843.209508,300069.916196,300069.91617,3334.1101796666667,0.02348,293843.209508,30966.42515132117,88.0648349,69.96299649438203,19.38284291704734,0.2965975434267355,62,64,,True,False,Request timeout: 300.0s exceeded,405,21.16838264042747
360,2026-09-14T02:32:37.610+00:00,2026-09-14T02:37:31.259+00:00,2026-09-14T02:37:37.669+00:00,False,94,93.0,,93.0,293649.343418,300059.721402,300059.721376,3192.1246954893613,0.02079,293649.343418,30280.513482284947,87.6279728,68.92879552688173,18.79380148059729,0.3099383001672684,62,64,,True,False,Request timeout: 300.0s exceeded,456,21.16838264042747
361,2026-09-14T02:32:42.077+00:00,2026-09-14T02:37:36.101+00:00,2026-09-14T02:37:42.120+00:00,False,90,89.0,,89.0,294023.75317000004,300042.665426,300042.66520100005,3333.8073911222227,0.020370000000000003,294023.75317000004,30985.702905052727,88.27403190000001,67.62822759550562,20.44967358124534,0.2966244813004776,62,64,,True,False,Request timeout: 300.0s exceeded,305,21.16838264042747
362,2026-09-14T02:32:47.227+00:00,2026-09-14T02:37:40.801+00:00,2026-09-14T02:37:47.287+00:00,False,93,92.0,,92.0,293573.569161,300059.41466500005,300059.414712,3226.445319483871,0.02136,293573.569161,30434.85619254406,86.8387466,70.49832069565217,18.43235556637964,0.30660594370189315,62,64,,True,False,Request timeout: 300.0s exceeded,450,21.16838264042747
363,2026-09-14T02:32:51.080+00:00,2026-09-14T02:37:45.107+00:00,2026-09-14T02:37:51.148+00:00,False,90,89.0,,89.0,294026.223544,300067.900088,300067.900123,3334.0877791444445,0.02829,294026.223544,30985.93549745417,87.73786845000001,67.88400611235956,19.1091526496429,0.2965995362179668,62,64,,True,False,Request timeout: 300.0s exceeded,339,21.16838264042747
364,2026-09-14T02:32:57.007+00:00,2026-09-14T02:37:50.160+00:00,2026-09-14T02:37:57.065+00:00,False,100,99.0,,99.0,293153.15605299996,300058.53845299996,300058.53822799993,3000.5853822799995,0.023440000000000003,293153.15605299996,29308.347517961225,89.04632595,69.75133737373739,20.426406191028807,0.32993562026400053,62,64,,True,False,Request timeout: 300.0s exceeded,448,21.16838264042747
365,2026-09-14T02:33:02.790+00:00,2026-09-14T02:37:56.263+00:00,2026-09-14T02:38:02.845+00:00,False,96,95.0,,95.0,293473.180095,300055.231167,300055.231112,3125.5753240833337,0.02125,293473.180095,29945.416353257267,89.25233425,69.28474812631579,20.108612759825036,0.316608377832701,62,64,,True,False,Request timeout: 300.0s exceeded,593,21.16838264042747
366,2026-09-14T02:33:06.221+00:00,2026-09-14T02:38:00.100+00:00,2026-09-14T02:38:06.259+00:00,False,90,89.0,,89.0,293878.86296600004,300037.810294,300037.81037600007,3333.7534486222225,0.02462,293878.86296600004,30970.26401567025,89.283904,69.20165537078651,20.031901389919803,0.2966292811988962,62,64,,True,False,Request timeout: 300.0s exceeded,392,21.16838264042747
367,2026-09-14T02:33:11.722+00:00,2026-09-14T02:38:05.383+00:00,2026-09-14T02:38:12.782+00:00,False,65,64.0,,64.0,293661.053672,301059.655912,301059.655846,4631.687013015385,0.02696,293661.053672,36411.701014351645,91.789378,115.60316,371.83545955726146,0.21258245249143332,62,64,,True,False,Request timeout: 300.0s exceeded,318,21.16838264042747
368,2026-09-14T02:33:15.036+00:00,2026-09-14T02:38:08.469+00:00,2026-09-14T02:38:15.103+00:00,False,107,106.0,,106.0,293432.926991,300067.03054300003,300067.030509,2804.36477111215,0.015470000000000001,293432.926991,28362.649005300824,88.78627769999999,62.58588256603774,289.9027454831174,0.3532544038849681,62,64,,True,False,Request timeout: 300.0s exceeded,477,21.16838264042747
369,2026-09-14T02:33:19.764+00:00,2026-09-14T02:38:14.038+00:00,2026-09-14T02:38:19.813+00:00,False,89,88.0,,88.0,294273.601355,300048.668235,300048.668167,3371.333350191011,0.018969999999999997,294273.601355,31185.989284007293,86.3956358,65.62576,19.84563217708284,0.2932857543332865,62,64,,True,False,Request timeout: 300.0s exceeded,408,21.16838264042747
370,2026-09-14T02:33:23.238+00:00,2026-09-14T02:38:16.600+00:00,2026-09-14T02:38:23.307+00:00,False,98,97.0,,97.0,293362.424966,300069.62471,300069.62462,3061.934945102041,0.02258,293362.424966,29627.101308073605,87.31838435,69.14638911340207,19.17713294455617,0.32325831077952294,62,64,,True,False,Request timeout: 300.0s exceeded,476,21.16838264042747
371,2026-09-14T02:33:29.101+00:00,2026-09-14T02:38:23.142+00:00,2026-09-14T02:38:29.134+00:00,False,91,90.0,,90.0,294040.454872,300032.26056799997,300032.260656,3297.057809406593,0.03791,294040.454872,30816.842468349063,88.83390750000001,66.57561884444445,20.07661720629362,0.2999677429007745,62,64,,True,False,Request timeout: 300.0s exceeded,120,21.16838264042747
372,2026-09-14T02:33:34.926+00:00,2026-09-14T02:38:28.703+00:00,2026-09-14T02:38:34.932+00:00,False,94,93.0,,93.0,293777.27041399997,300006.44007799996,300006.440037,3191.557872734042,0.02832,293777.27041399997,30293.91039246473,89.50244550000001,66.98031896774194,20.775857118099406,0.30999334539558726,62,64,,True,False,Request timeout: 300.0s exceeded,450,21.16838264042747
373,2026-09-14T02:33:38.294+00:00,2026-09-14T02:38:31.647+00:00,2026-09-14T02:38:38.321+00:00,False,96,95.0,,95.0,293352.51643,300027.16347,300027.163452,3125.2829526250002,0.023010000000000003,293352.51643,29933.001698553035,89.70044874999999,70.2594425263158,20.11708698169171,0.31663799671091825,62,64,,True,False,Request timeout: 300.0s exceeded,421,21.16838264042747
374,2026-09-14T02:33:42.092+00:00,2026-09-14T02:38:35.558+00:00,2026-09-14T02:38:42.122+00:00,False,96,95.0,,95.0,293465.56061,300029.68604999996,300029.686055,3125.3092297395833,0.02219,293465.56061,29944.657796950043,89.06173425000001,69.09605726315789,19.87524517704976,0.3166353344920951,62,64,,True,False,Request timeout: 300.0s exceeded,427,21.16838264042747
375,2026-09-14T02:33:47.348+00:00,2026-09-14T02:38:40.647+00:00,2026-09-14T02:38:47.426+00:00,False,106,105.0,,105.0,293299.615847,300077.894247,300077.89411199995,2830.92352935849,0.03686,293299.615847,28481.514201349888,85.70781675,64.55503238095238,20.503109031039855,0.34990914696826164,62,64,,True,False,Request timeout: 300.0s exceeded,157,21.16838264042747
376,2026-09-14T02:33:52.924+00:00,2026-09-14T02:38:46.635+00:00,2026-09-14T02:38:52.965+00:00,False,94,93.0,,93.0,293710.812778,300040.819818,300040.81966700003,3191.923613478724,0.02595,293710.812778,30286.943419376363,87.52133214999999,68.06459182795699,19.935291862765677,0.30995782525995064,62,64,,True,False,Request timeout: 300.0s exceeded,413,21.16838264042747
377,2026-09-14T02:33:57.307+00:00,2026-09-14T02:38:50.920+00:00,2026-09-14T02:38:57.388+00:00,False,95,94.0,,94.0,293613.18657200004,300081.009932,300081.00988100003,3158.7474724315794,0.02014,293613.18657200004,30117.02446872576,88.7677897,68.8066314893617,19.968065273014034,0.31324874580134515,62,64,,True,False,Request timeout: 300.0s exceeded,459,21.16838264042747
378,2026-09-14T02:34:03.255+00:00,2026-09-14T02:38:57.176+00:00,2026-09-14T02:39:03.282+00:00,False,89,88.0,,88.0,293920.680521,300026.555465,300026.555454,3371.084892741573,0.038700000000000005,293920.680521,31148.18088733174,86.40202939999999,69.38494254545455,19.203271352258536,0.29330737028798026,62,64,,True,False,Request timeout: 300.0s exceeded,463,21.16838264042747
379,2026-09-14T02:34:07.996+00:00,2026-09-14T02:39:01.885+00:00,2026-09-14T02:39:08.028+00:00,False,95,94.0,,94.0,293889.95373400004,300032.65991000005,300032.65977900004,3158.2385239894743,0.033,293889.95373400004,30145.775347563416,89.20226500000001,65.3479380425532,20.448846293634592,0.31329922558496437,62,64,,True,False,Request timeout: 300.0s exceeded,479,21.16838264042747
380,2026-09-14T02:34:11.757+00:00,2026-09-14T02:39:05.416+00:00,2026-09-14T02:39:11.787+00:00,False,98,97.0,,97.0,293659.00647,300029.39111,300029.391245,3061.524400459184,0.02341,293659.00647,29657.412467626425,90.0224762,65.67406845360824,20.900757502438708,0.32330165935122274,62,64,,True,False,Request timeout: 300.0s exceeded,452,21.16838264042747
381,2026-09-14T02:34:15.497+00:00,2026-09-14T02:39:08.978+00:00,2026-09-14T02:39:15.537+00:00,False,99,98.0,,98.0,293481.852022,300040.454774,300040.45476,3030.7116642424244,0.02489,293481.852022,29489.316551143296,87.95329600000001,66.92451787755103,20.100885642172976,0.3266226218521656,62,64,,True,False,Request timeout: 300.0s exceeded,377,21.16838264042747
382,2026-09-14T02:34:19.359+00:00,2026-09-14T02:39:12.673+00:00,2026-09-14T02:39:19.406+00:00,False,99,98.0,,98.0,293313.715245,300047.19313300005,300047.19296500005,3030.7797269191924,0.01954,293313.715245,29472.23839243222,86.8211519,68.70895804081633,19.441367523680317,0.32661528667112094,62,64,,True,False,Request timeout: 300.0s exceeded,447,21.16838264042747
383,2026-09-14T02:34:24.625+00:00,2026-09-14T02:39:18.363+00:00,2026-09-14T02:39:24.641+00:00,False,92,91.0,,91.0,293738.596348,300016.65919599996,300016.659378,3261.050645413043,0.02619,293738.596348,30617.179105264164,88.92988405,68.98970162637363,19.477526088994708,0.3033164899704785,62,64,,True,False,Request timeout: 300.0s exceeded,390,21.16838264042747
384,2026-09-14T02:34:28.045+00:00,2026-09-14T02:39:21.775+00:00,2026-09-14T02:39:28.131+00:00,False,93,92.0,,92.0,293729.933025,300086.41046499996,300086.41053,3226.7355970967737,0.0233,293729.933025,30451.216909395294,88.79047620000001,69.09214608695652,19.612099349795873,0.30657836140410716,62,64,,True,False,Request timeout: 300.0s exceeded,511,21.16838264042747
385,2026-09-14T02:34:31.864+00:00,2026-09-14T02:39:25.641+00:00,2026-09-14T02:39:31.942+00:00,False,93,92.0,,92.0,293776.858994,300078.284402,300078.284415,3226.6482195161293,0.038689999999999995,293776.858994,30456.14518721704,87.8353104,68.49375443478262,19.97322985316833,0.3065866634879589,62,64,,True,False,Request timeout: 300.0s exceeded,415,21.16838264042747
386,2026-09-14T02:34:35.515+00:00,2026-09-14T02:39:29.194+00:00,2026-09-14T02:39:35.521+00:00,False,105,104.0,,104.0,293678.112221,300005.17244500003,300005.17246800003,2857.1921187428575,0.0277,293678.112221,28654.118785607057,87.7502232,60.837117538461534,19.787234302601682,0.34666068972216246,62,64,,True,False,Request timeout: 300.0s exceeded,480,21.16838264042747
387,2026-09-14T02:34:40.374+00:00,2026-09-14T02:39:33.753+00:00,2026-09-14T02:39:40.648+00:00,False,165,164.0,,164.0,293378.666721,300274.335457,300274.33552799997,1819.8444577454545,0.018179999999999998,293378.666721,22836.318252522575,87.970006,42.04676058536585,65.49930322558686,0.5461672232174007,62,64,,True,False,Request timeout: 300.0s exceeded,765,21.16838264042747
0,2026-09-14T02:04:40.955+00:00,2026-09-14T02:04:41.210+00:00,2026-09-14T02:04:50.437+00:00,True,182,182.0,,182.0,255.067902,9481.772798,9481.772819,52.09765285164835,0.039909999999999994,255.067902,23.472864937828568,86.64999205,50.97627014364641,17.997229810789836,19.19472274619251,63,64,,False,True,,858,21.16838264042747
1,2026-09-14T02:04:43.683+00:00,2026-09-14T02:04:43.802+00:00,2026-09-14T02:04:54.559+00:00,True,178,178.0,,178.0,118.83825,10875.947498000001,10875.94745,61.100828370786516,0.03162,125.57322500000001,21.38754391498423,96.0492067,60.77462851977401,20.99946824467802,16.366390149707208,63,64,,False,True,,888,21.16838264042747
2,2026-09-14T02:04:47.898+00:00,2026-09-14T02:04:50.718+00:00,2026-09-14T02:05:05.443+00:00,True,224,224.0,,224.0,2819.843218,17545.447826,17545.447836,78.327892125,36.989324,2819.843218,185.2946881616026,96.1768458,66.03410138116593,21.943753506578524,12.766844267608949,63,64,,False,True,,1136,21.16838264042747
3,2026-09-14T02:04:51.664+00:00,2026-09-14T02:04:57.385+00:00,2026-09-14T02:05:14.754+00:00,True,265,265.0,,265.0,5721.037404,23090.33814,23090.33808,87.13335124528302,35.697575,5721.037404,348.0764012640487,94.2685526,65.79280581818182,21.74781432406993,11.47666172722406,63,64,,False,True,,634,21.16838264042747
4,2026-09-14T02:04:54.731+00:00,2026-09-14T02:05:03.275+00:00,2026-09-14T02:05:15.423+00:00,True,185,185.0,,185.0,8544.813013,20692.355285,20692.355214,111.85056872432433,37.107172,8544.813013,623.737143211165,93.4955312,66.01925147826087,21.35914594470934,8.940499882780744,63,64,,False,True,,832,21.16838264042747
5,2026-09-14T02:04:58.295+00:00,2026-09-14T02:05:09.842+00:00,2026-09-14T02:05:19.615+00:00,True,146,146.0,,146.0,11547.578766,21320.505998,21320.50609,146.030863630137,17.336873999999998,11547.578766,950.3811816135411,95.782573,67.39949815172415,22.93148026134521,6.847867494969196,63,64,,False,True,,690,21.16838264042747
6,2026-09-14T02:05:02.921+00:00,2026-09-14T02:05:16.502+00:00,2026-09-14T02:05:25.742+00:00,True,141,141.0,,141.0,13580.803491,22820.982947,22820.983018,161.85094339007094,38.535569,13580.803491,1138.3638820095707,94.47837,66.00128182857144,22.05884529694479,6.178524401313553,63,64,,False,True,,879,21.16838264042747
7,2026-09-14T02:05:07.403+00:00,2026-09-14T02:05:25.048+00:00,2026-09-14T02:05:43.511+00:00,True,280,280.0,,280.0,17644.675746,36107.689121999996,36107.688969,128.95603203214287,0.01873,17644.675746,1050.8437790385967,96.04331195,66.1756751827957,26.27938463361052,7.754580999463609,63,64,,False,True,,1342,21.16838264042747
8,2026-09-14T02:05:11.519+00:00,2026-09-14T02:05:31.876+00:00,2026-09-14T02:05:48.636+00:00,True,258,258.0,,258.0,20356.404522,37116.243242,37116.243363,143.86140838372094,0.01868,20356.404522,1263.5558704031828,96.50692185,65.21338023346303,26.721770142649717,6.951134529371021,63,64,,False,True,,988,21.16838264042747
9,2026-09-14T02:05:16.053+00:00,2026-09-14T02:05:40.840+00:00,2026-09-14T02:06:00.172+00:00,True,293,293.0,,293.0,24786.455567,44119.175951,44119.175848,150.57739197269626,39.272497,24786.455567,1444.3372488526309,96.1972494,66.20794652054795,21.86627023381374,6.64110318663735,63,64,,False,True,,1230,21.16838264042747
10,2026-09-14T02:05:20.584+00:00,2026-09-14T02:05:47.814+00:00,2026-09-14T02:06:00.808+00:00,True,199,199.0,,199.0,27229.846539000002,40224.169483000005,40224.169426,202.13150465326635,40.524795,27229.846539000002,1925.7462551924718,95.761432,65.62789365656566,22.07162983439294,4.94727430193689,63,64,,False,True,,859,21.16838264042747
11,2026-09-14T02:05:24.921+00:00,2026-09-14T02:05:55.517+00:00,2026-09-14T02:06:10.629+00:00,True,228,228.0,,228.0,30596.257785,45707.719929,45707.719952,200.47245592982458,39.441477,30596.257785,2021.9900531728783,94.20733434999998,66.57031781497797,21.33907539696195,4.9882164403335665,63,64,,False,True,,965,21.16838264042747
12,2026-09-14T02:05:29.518+00:00,2026-09-14T02:06:03.873+00:00,2026-09-14T02:06:17.242+00:00,True,202,202.0,,202.0,34355.458325,47724.657941,47724.657883,236.2606825891089,40.260486,34355.458325,2412.657105427443,94.32774495,66.51343092537314,21.50443547819923,4.232612840299959,63,64,,False,True,,745,21.16838264042747
13,2026-09-14T02:05:33.722+00:00,2026-09-14T02:06:11.127+00:00,2026-09-14T02:06:21.906+00:00,True,162,162.0,,162.0,37405.384358,48184.182438,48184.182506000005,297.43322534567903,37.452271,37405.384358,2933.6637197870764,93.56408000000002,66.94905639751553,21.621987659024647,3.3620991745257927,63,64,,False,True,,723,21.16838264042747
14,2026-09-14T02:05:36.984+00:00,2026-09-14T02:06:17.057+00:00,2026-09-14T02:06:36.556+00:00,True,293,293.0,,293.0,40072.810267,59571.434779,59571.434702,203.31547679863482,0.01617,40072.810267,2337.395555641206,95.4323448,66.77611134246575,31.983721483973145,4.91846471529485,63,64,,False,True,,1566,21.16838264042747
15,2026-09-14T02:05:41.075+00:00,2026-09-14T02:06:23.692+00:00,2026-09-14T02:06:35.563+00:00,True,183,183.0,,183.0,42617.094608,54488.152016,54488.152064,297.7494648306011,0.016050000000000002,42617.094608,3145.725480997364,94.67914490000001,65.22559015384616,35.64175347879067,3.358528289714497,63,64,,False,True,,951,21.16838264042747
16,2026-09-14T02:05:44.164+00:00,2026-09-14T02:06:28.946+00:00,2026-09-14T02:06:44.147+00:00,True,228,228.0,,228.0,44781.339757,59983.181421,59983.18133,263.0841286403509,0.01774,44781.339757,2961.466637994092,94.21703165000001,66.9684654801762,33.17983649078876,3.8010654753330178,63,64,,False,True,,975,21.16838264042747
17,2026-09-14T02:05:47.744+00:00,2026-09-14T02:06:36.288+00:00,2026-09-14T02:06:44.968+00:00,True,129,129.0,,129.0,48544.108339,57224.132914999995,57224.132971,443.5979300077519,40.150254999999994,48544.108339,4268.151152028802,92.12020040000002,67.812692,21.010211701475672,2.2542936594882965,63,64,,False,True,,308,21.16838264042747
18,2026-09-14T02:05:50.557+00:00,2026-09-14T02:06:41.028+00:00,2026-09-14T02:06:58.014+00:00,True,257,257.0,,257.0,50471.261628,67456.86342000001,67456.86339,262.4780676653697,12.047435,50471.261628,3144.2521669721023,95.5389872,66.350007,22.496592410077064,3.8098421268102296,63,64,,False,True,,1212,21.16838264042747
19,2026-09-14T02:05:54.445+00:00,2026-09-14T02:06:46.779+00:00,2026-09-14T02:07:05.212+00:00,True,278,278.0,,278.0,52334.430768,70766.961968,70766.9619,254.55741690647483,10.085169,52334.430768,3134.892104075095,94.27146315,66.54343393501804,21.364928687908613,3.9283868102986865,63,64,,False,True,,1202,21.16838264042747
20,2026-09-14T02:05:57.413+00:00,2026-09-14T02:06:52.679+00:00,2026-09-14T02:07:00.196+00:00,True,113,113.0,,113.0,55265.758379,62783.334059,62783.334031,555.6047259380531,39.947885,55265.758379,5192.697401540765,94.6889988,67.12121142857143,22.053410014229833,1.7998407012569515,63,64,,False,True,,484,21.16838264042747
21,2026-09-14T02:06:01.212+00:00,2026-09-14T02:06:59.103+00:00,2026-09-14T02:07:09.344+00:00,True,155,155.0,,155.0,57890.968403,68132.471891,68132.471875,439.56433467741937,0.0,57890.968403,4644.652930667863,96.4171337,66.50326940259741,27.370500599951832,2.274979839979574,63,64,,False,True,,548,21.16838264042747
22,2026-09-14T02:06:05.259+00:00,2026-09-14T02:07:06.431+00:00,2026-09-14T02:07:16.298+00:00,True,147,147.0,,147.0,61172.467053,71039.204717,71039.204826,483.2598967755102,0.0,61172.467053,5039.924059435688,99.2793068,67.58039495890411,28.1273071438355,2.069279922060026,63,64,,False,True,,700,21.16838264042747
23,2026-09-14T02:06:08.848+00:00,2026-09-14T02:07:13.330+00:00,2026-09-14T02:07:22.726+00:00,True,141,141.0,,141.0,64481.531415,73877.920791,73877.92093,523.9568860283688,39.542606,64481.531415,5424.717131693072,96.35141600000001,67.11706697142857,22.138832097930916,1.908553983251475,63,64,,False,True,,635,21.16838264042747
24,2026-09-14T02:06:13.487+00:00,2026-09-14T02:07:21.203+00:00,2026-09-14T02:07:31.476+00:00,True,156,156.0,,156.0,67715.58181100001,77988.29630700001,77988.296356,499.9249766410257,0.01599,67715.58181100001,5416.466515176011,96.51772400000002,66.27557739354839,45.18512543911958,2.000300139727477,63,64,,False,True,,720,21.16838264042747
25,2026-09-14T02:06:18.156+00:00,2026-09-14T02:07:30.130+00:00,2026-09-14T02:07:43.818+00:00,True,213,213.0,,213.0,71974.122914,85661.829538,85661.82963200001,402.1682142347418,7.675123999999999,71974.122914,4927.218932684696,92.949584,64.56465388679246,23.795407964193807,2.4865217232549552,63,64,,False,True,,771,21.16838264042747
26,2026-09-14T02:06:22.747+00:00,2026-09-14T02:07:37.849+00:00,2026-09-14T02:07:53.084+00:00,True,237,237.0,,237.0,75101.884506,90336.966234,90336.966448,381.1686348016878,0.0,75101.884506,4874.257821276027,92.57495300000001,64.55543105084746,24.138890927584765,2.623510727447925,63,64,,False,True,,1107,21.16838264042747
27,2026-09-14T02:06:26.537+00:00,2026-09-14T02:07:43.306+00:00,2026-09-14T02:07:58.036+00:00,True,225,225.0,,225.0,76768.849713,91499.024177,91499.024132,406.66232947555557,0.0,76768.849713,5113.596741050501,93.83944600000001,65.75970742857143,24.284673313492164,2.459042618473717,63,64,,False,True,,698,21.16838264042747
28,2026-09-14T02:06:31.163+00:00,2026-09-14T02:07:51.552+00:00,2026-09-14T02:08:01.691+00:00,True,153,153.0,,153.0,80388.942306,90527.748322,90527.748465,591.684630490196,0.0,80388.942306,6493.720056131874,95.47369200000001,66.70267115789474,26.037698082097922,1.6900895342695499,63,64,,False,True,,342,21.16838264042747
29,2026-09-14T02:06:34.967+00:00,2026-09-14T02:07:57.939+00:00,2026-09-14T02:08:15.901+00:00,True,278,278.0,,278.0,82971.63656999999,100934.22037799998,100934.220385,363.07273519784167,0.0,82971.63656999999,4972.481418457778,95.28334865000001,64.8468729530686,24.997445439726814,2.7542690572026647,63,64,,False,True,,1430,21.16838264042747
30,2026-09-14T02:06:37.758+00:00,2026-09-14T02:08:02.985+00:00,2026-09-14T02:08:15.814+00:00,True,198,198.0,,198.0,85226.50004099999,98055.563977,98055.56412099999,495.2301218232323,0.0,85226.50004099999,6052.214969710432,96.94676384999998,65.12215195939086,26.877774580767262,2.0192632826673975,63,64,,False,True,,910,21.16838264042747
31,2026-09-14T02:06:40.410+00:00,2026-09-14T02:08:08.097+00:00,2026-09-14T02:08:27.241+00:00,True,291,291.0,,291.0,87686.97607199999,106830.77178399998,106830.77171399999,367.11605399999996,0.0,87686.97607199999,5136.625803391929,96.32549600000002,66.01308866206897,44.71843364623482,2.723934266695834,63,64,,False,True,,1363,21.16838264042747
32,2026-09-14T02:06:44.170+00:00,2026-09-14T02:08:14.432+00:00,2026-09-14T02:08:28.167+00:00,True,206,206.0,,206.0,90261.39727500001,103996.85941900001,103996.85965500001,504.839124538835,0.0,90261.39727500001,6284.330385911895,96.593088,67.00225436097561,48.87259335472736,1.9808290476353,63,64,,False,True,,934,21.16838264042747
33,2026-09-14T02:06:48.671+00:00,2026-09-14T02:08:22.967+00:00,2026-09-14T02:08:41.255+00:00,True,276,276.0,,276.0,94296.445223,112583.659559,112583.659537,407.9118099166667,0.0,94296.445223,5672.031624474782,96.33308425,66.49896122181818,25.112725367177823,2.4515102909349014,63,64,,False,True,,906,21.16838264042747
34,2026-09-14T02:06:52.871+00:00,2026-09-14T02:08:30.405+00:00,2026-09-14T02:08:42.893+00:00,True,184,184.0,,184.0,97534.65504700001,110022.044487,110022.04455400001,597.9458943152174,0.0,97534.65504700001,7185.363657197823,96.13554665,68.23710076502734,25.213757479432115,1.672392117942701,63,64,,False,True,,787,21.16838264042747
35,2026-09-14T02:06:55.668+00:00,2026-09-14T02:08:35.375+00:00,2026-09-14T02:08:54.157+00:00,True,282,282.0,,282.0,99707.0117,118488.91147600001,118488.911498,420.1734450283688,0.0,99707.0117,5933.535066136359,94.84524350000001,66.8395009822064,24.19595034531755,2.3799695388130835,63,64,,False,True,,599,21.16838264042747
36,2026-09-14T02:06:58.280+00:00,2026-09-14T02:08:40.189+00:00,2026-09-14T02:08:52.875+00:00,True,192,192.0,,192.0,101908.54481200001,114594.898732,114594.898719,596.8484308281251,38.761498,101908.54481200001,7349.856319326597,95.69130965000001,66.42070115183246,22.447010350987902,1.675467251374123,63,64,,False,True,,889,21.16838264042747
37,2026-09-14T02:07:01.275+00:00,2026-09-14T02:08:45.422+00:00,2026-09-14T02:08:58.769+00:00,True,200,200.0,,200.0,104146.574816,117493.48783999999,117493.48778299999,587.467438915,0.0,104146.574816,7359.585499427997,95.6261825,67.06991469346734,28.03516510549329,1.702222001208744,63,64,,False,True,,884,21.16838264042747
38,2026-09-14T02:07:04.482+00:00,2026-09-14T02:08:51.215+00:00,2026-09-14T02:09:03.980+00:00,True,194,194.0,,194.0,106732.749134,119497.89908599999,119497.899056,615.9685518350516,0.0,106732.749134,7658.2699105514685,95.28952814999998,66.14067332642486,28.762045701439035,1.623459504174065,63,64,,False,True,,649,21.16838264042747
39,2026-09-14T02:07:08.996+00:00,2026-09-14T02:08:59.223+00:00,2026-09-14T02:09:10.465+00:00,True,175,175.0,,175.0,110226.767551,121468.525503,121468.525429,694.1058595942857,32.534721000000005,110226.767551,8327.505967187428,95.21446100000001,64.60780432183908,22.20574375812818,1.4407024311468892,63,64,,False,True,,425,21.16838264042747
40,2026-09-14T02:07:12.781+00:00,2026-09-14T02:09:05.298+00:00,2026-09-14T02:09:23.883+00:00,True,278,278.0,,278.0,112517.356979,131102.700211,131102.700387,471.5924474352518,0.0,112517.356979,6744.505696112341,97.91313950000001,67.09510192057762,50.33759028972758,2.120475013501475,63,64,,False,True,,1033,21.16838264042747
41,2026-09-14T02:07:16.594+00:00,2026-09-14T02:09:12.853+00:00,2026-09-14T02:09:25.733+00:00,True,192,192.0,,192.0,116259.353322,129139.391978,129139.39194,672.6009996875,0.0,116259.353322,8385.64804094827,98.17360049999999,67.43475736125654,60.709083260275285,1.4867655566529914,63,64,,False,True,,874,21.16838264042747
42,2026-09-14T02:07:20.076+00:00,2026-09-14T02:09:19.353+00:00,2026-09-14T02:09:28.904+00:00,True,140,140.0,,140.0,119277.25989399999,128827.332214,128827.33231499999,920.1952308214285,0.0,119277.25989399999,10075.01392366776,97.74908945000001,68.7055562589928,32.55976879214786,1.0867259112952883,63,64,,False,True,,511,21.16838264042747
43,2026-09-14T02:07:22.777+00:00,2026-09-14T02:09:24.241+00:00,2026-09-14T02:09:42.425+00:00,True,275,275.0,,275.0,121464.13129199999,139648.46306799998,139648.46296799998,507.81259261090906,38.339139,121464.13129199999,7320.592819037892,95.4033987,66.3661743649635,21.732628436557647,1.9692304086876513,63,64,,False,True,,1290,21.16838264042747
44,2026-09-14T02:07:26.554+00:00,2026-09-14T02:09:29.799+00:00,2026-09-14T02:09:38.541+00:00,True,136,136.0,,136.0,123244.928078,131987.65115,131987.650973,970.497433625,41.173953000000004,123244.928078,10562.633805525924,94.9582345,64.76091164444445,21.446853664242333,1.0303994261208582,63,64,,False,True,,665,21.16838264042747
45,2026-09-14T02:07:30.494+00:00,2026-09-14T02:09:36.846+00:00,2026-09-14T02:09:45.606+00:00,True,131,131.0,,131.0,126351.508882,135111.58389,135111.58387099998,1031.3861364198474,0.0,126351.508882,11033.547198780972,95.21243900000002,67.38519236923077,34.03267663848539,0.9695689757190069,63,64,,False,True,,541,21.16838264042747
46,2026-09-14T02:07:33.751+00:00,2026-09-14T02:09:42.867+00:00,2026-09-14T02:10:00.630+00:00,True,269,269.0,,269.0,129115.83195,146879.00148600002,146879.001375,546.0185924721189,0.0,129115.83195,7868.342730219596,95.6648674,66.28048334328358,28.854263235418408,1.8314394656722943,63,64,,False,True,,1068,21.16838264042747
47,2026-09-14T02:07:37.791+00:00,2026-09-14T02:09:50.234+00:00,2026-09-14T02:10:08.305+00:00,True,269,269.0,,269.0,132442.717318,150513.609094,150513.608993,559.5301449553904,34.174296999999996,132442.717318,8071.094480125553,95.0742374,67.42870065671642,22.297844348649935,1.7872138049124973,63,64,,False,True,,781,21.16838264042747
48,2026-09-14T02:07:41.087+00:00,2026-09-14T02:09:56.078+00:00,2026-09-14T02:10:12.776+00:00,True,251,251.0,,251.0,134990.767722,151688.53540199998,151688.535537,604.3367949681275,0.0,134990.767722,8516.372955257817,96.22308199999999,66.79107072,28.37002268572674,1.6547064637074123,63,64,,False,True,,1002,21.16838264042747
49,2026-09-14T02:07:43.985+00:00,2026-09-14T02:10:00.583+00:00,2026-09-14T02:10:15.728+00:00,True,226,226.0,,226.0,136597.723647,151743.55123100002,151743.551409,671.4316434026549,0.0,136597.723647,9081.914355892322,96.275994,67.31478926222222,29.174751460602476,1.4893548896582693,63,64,,False,True,,1164,21.16838264042747
50,2026-09-14T02:07:47.573+00:00,2026-09-14T02:10:07.479+00:00,2026-09-14T02:10:16.281+00:00,True,132,132.0,,132.0,139906.254524,148708.612028,148708.612004,1126.5803939696968,0.0,139906.254524,12171.473452846156,96.6383151,67.19356873282443,33.40171202938489,0.8876419341143875,63,64,,False,True,,690,21.16838264042747
51,2026-09-14T02:07:52.300+00:00,2026-09-14T02:10:15.814+00:00,2026-09-14T02:10:25.289+00:00,True,148,148.0,,148.0,143513.983199,152989.866463,152989.866677,1033.7153153851352,0.01675,143513.983199,11791.72122387088,97.6429495,64.46179091156462,75.99147992641214,0.9673843334963181,63,64,,False,True,,743,21.16838264042747
52,2026-09-14T02:07:56.299+00:00,2026-09-14T02:10:23.719+00:00,2026-09-14T02:10:40.031+00:00,True,240,240.0,,240.0,147420.473974,163732.338038,163732.337954,682.2180748083333,0.0,147420.473974,9511.593933100783,96.39307349999999,68.25047725523012,30.534305678035764,1.4658069558885756,63,64,,False,True,,1100,21.16838264042747
53,2026-09-14T02:08:00.792+00:00,2026-09-14T02:10:31.372+00:00,2026-09-14T02:10:41.874+00:00,True,158,158.0,,158.0,150579.908806,161081.24359,161081.24363799999,1019.5015420126582,0.0,150579.908806,11974.226276803436,96.1515617,66.88748270063695,35.817933507595264,0.9808714936554459,63,64,,False,True,,306,21.16838264042747
54,2026-09-14T02:08:05.272+00:00,2026-09-14T02:10:38.713+00:00,2026-09-14T02:10:46.025+00:00,True,114,114.0,,114.0,153440.404259,160752.528163,160752.528166,1410.1098961929824,0.0,153440.404259,14365.002050078012,95.00471430000002,64.70906109734514,38.843968690101406,0.7091645854826379,63,64,,False,True,,258,21.16838264042747
55,2026-09-14T02:08:08.128+00:00,2026-09-14T02:10:44.088+00:00,2026-09-14T02:10:51.924+00:00,True,120,120.0,,120.0,155959.822212,163795.692676,163795.692873,1364.964107275,12.581813,155959.822212,14231.126171037567,95.8348149,65.84765095798319,23.00020591428706,0.7326199977515213,63,64,,False,True,,487,21.16838264042747
56,2026-09-14T02:08:10.837+00:00,2026-09-14T02:10:48.042+00:00,2026-09-14T02:10:57.785+00:00,True,147,147.0,,147.0,157204.895789,166947.782957,166947.783043,1135.6992043741498,7.308115,157204.895789,12960.557180243239,94.89976800000001,66.73210389041095,22.77847469258022,0.8805148376116031,63,64,,False,True,,603,21.16838264042747
57,2026-09-14T02:08:14.251+00:00,2026-09-14T02:10:53.894+00:00,2026-09-14T02:11:06.856+00:00,True,203,203.0,,203.0,159643.141038,172605.44683,172605.446746,850.273136679803,39.667286,159643.141038,11200.267931219736,92.5663991,64.16983065346534,21.143301167417867,1.1760926652560144,63,64,,False,True,,980,21.16838264042747
58,2026-09-14T02:08:17.430+00:00,2026-09-14T02:10:59.754+00:00,2026-09-14T02:11:07.307+00:00,True,119,119.0,,119.0,162323.456026,169876.891162,169876.891309,1427.5369017563025,39.885116000000004,162323.456026,14874.314803669697,94.67065390000002,64.01216216949152,21.890720220417546,0.7005072861059001,63,64,,False,True,,617,21.16838264042747
59,2026-09-14T02:08:20.121+00:00,2026-09-14T02:11:05.392+00:00,2026-09-14T02:11:14.656+00:00,True,137,137.0,,137.0,165271.89662400002,174535.13246400002,174535.132572,1273.9790698686134,0.0,165271.89662400002,14114.36000731572,95.85029979999999,68.11202823529412,37.00839650861138,0.784942252404443,63,64,,False,True,,338,21.16838264042747
60,2026-09-14T02:08:24.687+00:00,2026-09-14T02:11:12.743+00:00,2026-09-14T02:11:26.506+00:00,True,207,207.0,,207.0,168056.05043399998,181819.50617799998,181819.50612599996,878.3551020579708,40.527785,168056.05043399998,11676.080889864535,96.249838,66.81289196116505,22.589236696892314,1.138491707250313,63,64,,False,True,,1069,21.16838264042747
61,2026-09-14T02:08:28.353+00:00,2026-09-14T02:11:20.075+00:00,2026-09-14T02:11:30.372+00:00,True,154,154.0,,154.0,171722.431119,182019.348367,182019.348408,1181.9438208311688,0.015519999999999999,171722.431119,13832.625774431199,97.1303255,67.30011273202615,85.27396905777988,0.8460639013468753,63,64,,False,True,,775,21.16838264042747
62,2026-09-14T02:08:33.044+00:00,2026-09-14T02:11:27.759+00:00,2026-09-14T02:11:45.319+00:00,True,274,274.0,,274.0,174714.991159,192274.435383,192274.435492,701.7315163941606,0.0,174714.991159,10551.079944696785,94.9854815,64.32030851282052,31.56985440204023,1.425046441843437,63,64,,False,True,,1286,21.16838264042747
63,2026-09-14T02:08:37.038+00:00,2026-09-14T02:11:34.441+00:00,2026-09-14T02:11:53.886+00:00,True,292,292.0,,292.0,177402.41228,196848.171512,196848.171397,674.1375732773972,0.0,177402.41228,10377.82345313968,94.75115655000002,66.82391488659793,29.961755525858134,1.4833767454233096,63,64,,False,True,,1176,21.16838264042747
64,2026-09-14T02:08:39.971+00:00,2026-09-14T02:11:40.423+00:00,2026-09-14T02:11:59.764+00:00,True,284,284.0,,284.0,180451.64373399998,199793.137238,199793.13718199998,703.4969619084507,0.0,180451.64373399998,10703.821463743456,96.27906064999999,68.34450001413427,30.008011787293793,1.4214702463062587,63,64,,False,True,,1107,21.16838264042747
65,2026-09-14T02:08:43.599+00:00,2026-09-14T02:11:45.758+00:00,2026-09-14T02:11:59.996+00:00,True,211,211.0,,211.0,182159.61493799998,196397.45173799997,196397.451691,930.7936099099526,40.047175,182159.61493799998,12535.738502186412,96.76232100000001,67.79922285714285,22.964642003891665,1.0743520251040746,63,64,,False,True,,1006,21.16838264042747
66,2026-09-14T02:08:46.497+00:00,2026-09-14T02:11:51.055+00:00,2026-09-14T02:12:03.935+00:00,True,197,197.0,,197.0,184557.80368399998,197437.918116,197437.918079,1002.2229344111674,39.153978,184557.80368399998,13144.53548736188,96.84413180000001,65.7148695510204,22.05783898245401,0.9977819958791163,63,64,,False,True,,785,21.16838264042747
67,2026-09-14T02:08:50.561+00:00,2026-09-14T02:11:58.884+00:00,2026-09-14T02:12:11.778+00:00,True,190,190.0,,190.0,188323.56531200002,201217.96736,201217.96736600003,1059.0419335052632,40.202776,188323.56531200002,13657.498225705996,99.0940135,68.22434946031747,23.635387288703743,0.9442496735893873,63,64,,False,True,,624,21.16838264042747
68,2026-09-14T02:08:53.191+00:00,2026-09-14T02:12:04.122+00:00,2026-09-14T02:12:14.126+00:00,True,144,144.0,,144.0,190930.49216800003,200935.13063200001,200935.13068300002,1395.382851965278,39.939724999999996,190930.49216800003,15905.062064890046,97.733944,69.96250674125874,23.963709665392834,0.7166491969178197,63,64,,False,True,,477,21.16838264042747
69,2026-09-14T02:08:56.438+00:00,2026-09-14T02:12:09.077+00:00,2026-09-14T02:12:19.055+00:00,True,152,152.0,,152.0,192638.756502,202616.297366,202616.297364,1333.0019563421054,0.0,192638.756502,15619.752825482652,96.51003705,66.07642956291392,37.99663363427262,0.7501864458880706,63,64,,False,True,,601,21.16838264042747
70,2026-09-14T02:09:00.422+00:00,2026-09-14T02:12:16.919+00:00,2026-09-14T02:12:35.097+00:00,True,273,273.0,,273.0,196497.350377,214675.842025,214675.841975,786.3583955128205,38.603838,196497.350377,11888.53499833062,94.8395846,66.83268988235294,21.42924121958011,1.2716847756358534,63,64,,False,True,,1296,21.16838264042747
71,2026-09-14T02:09:04.836+00:00,2026-09-14T02:12:23.387+00:00,2026-09-14T02:12:40.832+00:00,True,266,266.0,,266.0,198551.07927900003,215996.37924700003,215996.37924200002,812.0164633157896,38.11174,198551.07927900003,12169.930407832142,93.99260699999999,65.83132063396226,21.55952894769986,1.2315021248380231,63,64,,False,True,,1237,21.16838264042747
72,2026-09-14T02:09:08.759+00:00,2026-09-14T02:12:32.792+00:00,2026-09-14T02:12:48.988+00:00,True,246,246.0,,246.0,204032.23936399998,220228.29619599998,220228.29622999998,895.2369765447154,34.706036,204032.23936399998,13004.423097622626,94.49538625000001,66.10635441632652,21.336193588787292,1.1170226726045394,63,64,,False,True,,1152,21.16838264042747
73,2026-09-14T02:09:13.187+00:00,2026-09-14T02:12:39.891+00:00,2026-09-14T02:12:46.689+00:00,True,104,104.0,,104.0,206704.406132,213502.040436,213502.040436,2052.9042349615384,41.877102,206704.406132,20262.574160796823,93.3483765,65.99644955339805,21.237656176394253,0.4871147825454874,63,64,,False,True,,424,21.16838264042747
74,2026-09-14T02:09:16.831+00:00,2026-09-14T02:12:45.838+00:00,2026-09-14T02:12:59.400+00:00,True,207,207.0,,207.0,209007.319404,222568.94244400001,222568.942523,1075.2122827198068,0.0,209007.319404,14522.710302212245,95.4698383,65.83312155339806,89.28124394598608,0.9300488995767355,63,64,,False,True,,870,21.16838264042747
75,2026-09-14T02:09:21.492+00:00,2026-09-14T02:12:54.246+00:00,2026-09-14T02:13:05.625+00:00,True,171,171.0,,171.0,212754.136999,224133.34800700002,224133.347837,1310.721332380117,40.207235,212754.136999,16264.611887165347,95.363174,66.93653534117647,22.272932332892367,0.7629386769998162,63,64,,False,True,,333,21.16838264042747
76,2026-09-14T02:09:25.501+00:00,2026-09-14T02:13:01.407+00:00,2026-09-14T02:13:19.250+00:00,True,269,269.0,,269.0,215906.496683,233749.741995,233749.74184200002,868.9581481115242,32.142683,215906.496683,13160.010419103828,95.0612668,66.5792735522388,22.043235040182292,1.1508034092536197,63,64,,False,True,,1426,21.16838264042747
77,2026-09-14T02:09:29.517+00:00,2026-09-14T02:13:08.243+00:00,2026-09-14T02:13:22.585+00:00,True,219,219.0,,219.0,218725.44075,233067.460334,233067.46027,1064.2349784018265,38.737277999999996,218725.44075,14775.665559823636,93.675195,65.78908066055045,21.507735861282654,0.9396421091393862,63,64,,False,True,,916,21.16838264042747
78,2026-09-14T02:09:32.144+00:00,2026-09-14T02:13:13.233+00:00,2026-09-14T02:13:25.253+00:00,True,184,184.0,,184.0,221089.496968,233109.325192,233109.325208,1266.8985065652173,39.360487,221089.496968,16294.106102426289,94.43459115,65.68212144262296,21.64162444130255,0.7893292121559221,63,64,,False,True,,634,21.16838264042747
79,2026-09-14T02:09:36.124+00:00,2026-09-14T02:13:20.250+00:00,2026-09-14T02:13:28.444+00:00,True,129,129.0,,129.0,224125.530735,232320.09815900002,232320.098013,1800.9309923488372,40.767383,224125.530735,19727.526299399316,91.67113800000001,64.020058,20.22300147784359,0.5552683604313576,63,64,,False,True,,492,21.16838264042747
80,2026-09-14T02:09:39.482+00:00,2026-09-14T02:13:26.336+00:00,2026-09-14T02:13:45.721+00:00,True,293,293.0,,293.0,226853.46369600002,246238.99534400002,246238.99551500002,840.4061280375428,0.0,226853.46369600002,13249.087145273088,95.0685296,66.38880701369862,34.49991385199992,1.1899008911674371,63,64,,False,True,,1539,21.16838264042747
81,2026-09-14T02:09:43.554+00:00,2026-09-14T02:13:32.868+00:00,2026-09-14T02:13:44.378+00:00,True,173,173.0,,173.0,229313.745725,240823.76633299998,240823.76642799997,1392.0448926473987,39.929005,229313.745725,17429.327663088767,95.12677599999999,66.91872446511628,22.27934234490328,0.7183676371906899,63,64,,False,True,,955,21.16838264042747
82,2026-09-14T02:09:48.243+00:00,2026-09-14T02:13:41.841+00:00,2026-09-14T02:13:57.554+00:00,True,233,233.0,,233.0,233598.46247,249311.447046,249311.447167,1070.0062110171673,39.378217,233598.46247,15299.123361841403,95.25525099999999,67.72838179310344,22.376383181808983,0.9345740147944736,63,64,,False,True,,1045,21.16838264042747
83,2026-09-14T02:09:50.888+00:00,2026-09-14T02:13:47.245+00:00,2026-09-14T02:13:55.238+00:00,True,119,119.0,,119.0,236356.96010499998,244350.10519299997,244350.10515299998,2053.3622281764706,40.886463000000006,236356.96010499998,21660.608038387763,94.81488999999998,67.73851769491525,21.52964600997345,0.48700613370314627,63,64,,False,True,,488,21.16838264042747
84,2026-09-14T02:09:54.591+00:00,2026-09-14T02:13:53.172+00:00,2026-09-14T02:14:00.707+00:00,True,116,116.0,,116.0,238580.636924,246115.597308,246115.59731699998,2121.6861837672413,39.916695,238580.636924,22145.584490588466,93.8712785,65.52139464347826,23.12737448797726,0.47132323700245804,63,64,,False,True,,494,21.16838264042747
85,2026-09-14T02:09:58.765+00:00,2026-09-14T02:14:01.020+00:00,2026-09-14T02:14:18.222+00:00,True,255,255.0,,255.0,242254.441537,259456.208193,259456.208204,1017.4753262901961,0.0,242254.441537,15166.370113982886,97.83991029999999,67.72349077165354,38.8378897463723,0.9828248157019037,63,64,,False,True,,1063,21.16838264042747
86,2026-09-14T02:10:02.736+00:00,2026-09-14T02:14:08.107+00:00,2026-09-14T02:14:16.153+00:00,True,120,120.0,,120.0,245371.54735299997,253417.96578499998,253417.96586399997,2111.8163821999997,0.0,245371.54735299997,22393.14028864085,97.42971410000001,67.61696161344537,51.00627962538926,0.4735260171009663,63,64,,False,True,,565,21.16838264042747
87,2026-09-14T02:10:06.952+00:00,2026-09-14T02:14:16.246+00:00,2026-09-14T02:14:32.111+00:00,True,239,239.0,,239.0,249293.69896200002,265159.373458,265159.373556,1109.4534458410044,0.0157,249293.69896200002,16121.452629940797,94.55774799999999,66.66249788235294,97.86538183644963,0.9013447153806029,63,64,,False,True,,1117,21.16838264042747
88,2026-09-14T02:10:11.146+00:00,2026-09-14T02:14:24.172+00:00,2026-09-14T02:14:43.541+00:00,True,296,296.0,,296.0,253026.31728400002,272395.11421200004,272395.11429500004,920.2537645101352,0.015220000000000001,253026.31728400002,14703.288017045305,93.03406274999999,65.65693873898304,85.59230708118213,1.0866567884533667,63,64,,False,True,,1214,21.16838264042747
89,2026-09-14T02:10:15.046+00:00,2026-09-14T02:14:30.353+00:00,2026-09-14T02:14:44.298+00:00,True,215,215.0,,215.0,255307.02130599998,269251.65541799995,269251.655614,1252.3332819255813,0.01551,255307.02130599998,17407.635035429783,92.14885140000003,65.16184164485982,99.79166079692487,0.7985094823882256,63,64,,False,True,,739,21.16838264042747
90,2026-09-14T02:10:19.333+00:00,2026-09-14T02:14:38.066+00:00,2026-09-14T02:14:50.623+00:00,True,195,195.0,,195.0,258733.155101,271290.04316500004,271290.043296,1391.2309912615385,26.160244,258733.155101,18523.643049849612,92.49308070000001,64.72622713402062,21.23931855662938,0.7187878984611313,63,64,,False,True,,858,21.16838264042747
91,2026-09-14T02:10:23.449+00:00,2026-09-14T02:14:44.926+00:00,2026-09-14T02:15:05.320+00:00,True,300,300.0,,300.0,261476.848476,281871.727964,281871.728155,939.5724271833334,0.0,261476.848476,15092.481309825773,95.83974540000001,68.2102992909699,37.546753379054266,1.064313906779311,63,64,,False,True,,400,21.16838264042747
92,2026-09-14T02:10:28.161+00:00,2026-09-14T02:14:52.817+00:00,2026-09-14T02:15:08.387+00:00,True,228,228.0,,228.0,264655.71456,280225.876224,280225.876141,1229.0608602675438,0.0,264655.71456,17522.75865659392,96.143689,68.5910205462555,41.249121688916105,0.8136293588310418,63,64,,False,True,,484,21.16838264042747
93,2026-09-14T02:10:31.715+00:00,2026-09-14T02:14:59.728+00:00,2026-09-14T02:15:13.698+00:00,True,207,207.0,,207.0,268013.049087,281982.49087900005,281982.49109200004,1362.234256483092,40.218705,268013.049087,18623.494493251554,96.34716630000001,67.8128242330097,22.210939536980295,0.7340881320493924,63,64,,False,True,,923,21.16838264042747
94,2026-09-14T02:10:34.826+00:00,2026-09-14T02:15:04.811+00:00,2026-09-14T02:15:16.044+00:00,True,169,169.0,,169.0,269985.25015499996,281217.75319499994,281217.75314499997,1664.0103736390531,41.387072,269985.25015499996,20762.965323411347,95.2542538,66.86013714285714,22.617098828992148,0.6009577918888117,63,64,,False,True,,714,21.16838264042747
95,2026-09-14T02:10:38.863+00:00,2026-09-14T02:15:12.025+00:00,2026-09-14T02:15:31.907+00:00,True,291,291.0,,291.0,273162.191912,293044.518696,293044.518502,1007.0258367766323,33.790487999999996,273162.191912,16009.04785570251,96.11099549999999,68.55974753103449,22.40128136917344,0.9930231805559859,63,64,,False,True,,1207,21.16838264042747
96,2026-09-14T02:10:43.328+00:00,2026-09-14T02:15:19.916+00:00,2026-09-14T02:15:34.877+00:00,True,223,223.0,,223.0,276587.251415,291548.191191,291548.191248,1307.390992143498,39.646836,276587.251415,18517.15313166321,97.22815109999999,67.39162061261263,22.585606354072457,0.7648821249379919,63,64,,False,True,,1143,21.16838264042747
97,2026-09-14T02:10:47.747+00:00,2026-09-14T02:15:27.745+00:00,2026-09-14T02:15:38.402+00:00,True,154,154.0,,154.0,279998.265846,290655.060214,290655.060171,1887.370520590909,41.291983,279998.265846,22557.301499962716,96.181245,69.65225077124182,22.337526326908453,0.5298376704214774,63,64,,False,True,,692,21.16838264042747
98,2026-09-14T02:10:50.853+00:00,2026-09-14T02:15:33.987+00:00,2026-09-14T02:15:45.091+00:00,True,168,168.0,,168.0,283133.777453,294238.007853,294238.007789,1751.416713029762,37.935549,283133.777453,21839.12596667318,96.38777750000001,66.49239760479043,21.77677222206728,0.5709663453265768,63,64,,False,True,,857,21.16838264042747
99,2026-09-14T02:10:54.836+00:00,2026-09-14T02:15:41.257+00:00,2026-09-14T02:15:49.541+00:00,True,125,125.0,,125.0,286420.583006,294705.45058999996,294705.450532,2357.643604256,0.0,286420.583006,25612.31376580398,94.70349939999998,66.81344825806451,52.80345203581329,0.42415231801702397,63,64,,False,True,,432,21.16838264042747
100,2026-09-14T02:10:59.394+00:00,2026-09-14T02:15:49.535+00:00,2026-09-14T02:15:59.423+00:00,False,151,150.0,,150.0,290141.77023100003,300029.002999,300029.003052,1986.9470400794703,0.0,290141.77023100003,23606.0499417271,94.66052500000002,65.91488512,23.497626814458993,0.4999516663410702,63,64,,False,False,Request timeout: 300.0s exceeded,664,21.16838264042747
101,2026-09-14T02:11:03.965+00:00,2026-09-14T02:15:56.160+00:00,2026-09-14T02:16:03.977+00:00,False,112,111.0,,111.0,292194.414113,300011.745313,300011.745396,2678.6762981785714,0.040659999999999995,292194.414113,27603.130098965663,91.69802810000002,70.4264072072072,20.888498030348263,0.369985514681082,63,64,,False,False,Request timeout: 300.0s exceeded,455,21.16838264042747
102,2026-09-14T02:11:06.756+00:00,2026-09-14T02:15:59.936+00:00,2026-09-14T02:16:06.801+00:00,False,101,100.0,,100.0,293179.820802,300044.77005,300044.77015,2970.7402985148515,0.020798999999999998,293179.820802,29165.65911742126,91.082067,68.64949248,21.001343628095338,0.3332835962557715,63,64,,False,False,Request timeout: 300.0s exceeded,473,21.16838264042747
103,2026-09-14T02:11:09.835+00:00,2026-09-14T02:16:03.289+00:00,2026-09-14T02:16:10.028+00:00,False,103,102.0,,102.0,293454.09686299996,300192.9200309999,300192.91995899996,2914.49436853398,0.02671,293454.09686299996,28908.38840794683,88.65304809999999,66.06689380392156,19.968042220946735,0.33978149780969785,63,64,,False,False,Request timeout: 300.0s exceeded,467,21.16838264042747
104,2026-09-14T02:11:12.701+00:00,2026-09-14T02:16:06.488+00:00,2026-09-14T02:16:12.768+00:00,False,93,92.0,,92.0,293787.051352,300066.371928,300066.371802,3226.5201269032254,0.03554,293787.051352,30457.227228313423,88.76806700000002,68.25348452173913,20.3217542386361,0.3065988348140361,63,64,,False,False,Request timeout: 300.0s exceeded,341,21.16838264042747
105,2026-09-14T02:11:16.756+00:00,2026-09-14T02:16:10.613+00:00,2026-09-14T02:16:16.780+00:00,False,93,92.0,,92.0,293857.110889,300023.926377,300023.926443,3226.0637251935486,0.037219999999999996,293857.110889,30464.618715430748,87.2329974,67.03060313043478,20.08779054626476,0.3066422105428881,63,64,,False,False,Request timeout: 300.0s exceeded,390,21.16838264042747
106,2026-09-14T02:11:20.759+00:00,2026-09-14T02:16:14.360+00:00,2026-09-14T02:16:20.825+00:00,False,96,95.0,,95.0,293601.81643,300066.911086,300066.911156,3125.696991208333,0.03993,293601.81643,29958.670475907154,87.57547375,68.05362795789475,19.472356118701587,0.3165960540473346,63,64,,False,False,Request timeout: 300.0s exceeded,484,21.16838264042747
107,2026-09-14T02:11:25.161+00:00,2026-09-14T02:16:18.934+00:00,2026-09-14T02:16:25.193+00:00,False,94,93.0,,93.0,293772.613818,300031.957178,300031.95721,3191.8293320212765,0.02466,293772.613818,30293.39604242661,87.4613886,67.30476731182796,19.880143293974122,0.3099669811000362,63,64,,False,False,Request timeout: 300.0s exceeded,474,21.16838264042747
108,2026-09-14T02:11:28.681+00:00,2026-09-14T02:16:22.827+00:00,2026-09-14T02:16:28.702+00:00,False,93,92.0,,92.0,294146.088747,300020.856363,300020.856253,3226.030712397849,0.03653,294146.088747,30494.91397169034,89.6669414,63.856169739130436,20.813201185406466,0.3066453483110112,63,64,,False,False,Request timeout: 300.0s exceeded,450,21.16838264042747
109,2026-09-14T02:11:32.183+00:00,2026-09-14T02:16:26.362+00:00,2026-09-14T02:16:32.822+00:00,False,78,77.0,,77.0,294179.088454,300638.696518,300638.696373,3854.342261192308,0.02354,294179.088454,33300.211990924625,91.87438954999999,83.89101381818182,181.49893076491574,0.2561213872060206,63,64,,False,False,Request timeout: 300.0s exceeded,340,21.16838264042747
110,2026-09-14T02:11:35.047+00:00,2026-09-14T02:16:29.190+00:00,2026-09-14T02:16:35.133+00:00,False,100,99.0,,99.0,294142.981705,300086.586953,300086.586855,3000.86586855,0.01531,294142.981705,29408.73332434564,88.85522800000001,60.036416646464644,161.46824157321555,0.32990478183386956,63,64,,False,False,Request timeout: 300.0s exceeded,480,21.16838264042747
111,2026-09-14T02:11:39.336+00:00,2026-09-14T02:16:34.016+00:00,2026-09-14T02:16:39.418+00:00,False,78,77.0,,77.0,294680.255259,300082.367771,300082.367697,3847.2098422692306,0.03839,294680.255259,33358.03071915575,88.39515265,70.15730535064935,20.01241730772965,0.25659621580552355,63,64,,False,False,Request timeout: 300.0s exceeded,384,21.16838264042747
112,2026-09-14T02:11:42.802+00:00,2026-09-14T02:16:36.319+00:00,2026-09-14T02:16:42.822+00:00,False,98,97.0,,97.0,293517.05427100003,300019.774271,300019.774089,3061.426266214286,0.0,293517.05427100003,29642.996467646662,88.8293398,67.03835051546392,64.02932961257069,0.32331202246816715,63,64,,False,False,Request timeout: 300.0s exceeded,412,21.16838264042747
113,2026-09-14T02:11:45.735+00:00,2026-09-14T02:16:39.336+00:00,2026-09-14T02:16:45.753+00:00,False,101,100.0,,100.0,293601.256147,300018.310867,300018.310875,2970.4783254950494,0.0,293601.256147,29208.100125969046,88.91265100000001,64.1705472,63.54745076564886,0.3333129891672866,63,64,,False,False,Request timeout: 300.0s exceeded,517,21.16838264042747
114,2026-09-14T02:11:49.966+00:00,2026-09-14T02:16:43.605+00:00,2026-09-14T02:16:50.035+00:00,False,98,97.0,,97.0,293638.409621,300068.582805,300068.582591,3061.9243121530612,0.02244,293638.409621,29655.269612798424,88.67473355,66.29044519587629,20.906004408995102,0.32325943320442707,63,64,,False,False,Request timeout: 300.0s exceeded,364,21.16838264042747
115,2026-09-14T02:11:53.703+00:00,2026-09-14T02:16:47.539+00:00,2026-09-14T02:16:53.786+00:00,False,92,91.0,,91.0,293835.392521,300082.258697,300082.258589,3261.7636803152172,0.022510000000000002,293835.392521,30627.306942309788,88.45908150000001,68.64688105494506,20.101227723076637,0.3032501834501479,63,64,,False,False,Request timeout: 300.0s exceeded,424,21.16838264042747
116,2026-09-14T02:11:57.881+00:00,2026-09-14T02:16:51.849+00:00,2026-09-14T02:16:57.908+00:00,False,89,88.0,,88.0,293967.764974,300026.96011,300026.959889,3371.089436955056,0.0384,293967.764974,31153.22904336973,89.445949,68.85449018181819,20.759611538642336,0.2933069747056606,63,64,,False,False,Request timeout: 300.0s exceeded,402,21.16838264042747
117,2026-09-14T02:12:00.956+00:00,2026-09-14T02:16:55.077+00:00,2026-09-14T02:17:00.979+00:00,False,86,85.0,,85.0,294120.87778100005,300023.02306100004,300023.02310000005,3488.6398034883728,0.041210000000000004,294120.87778100005,31708.388465578577,89.19312275,69.43700329411764,19.853183525646518,0.2833115909998613,63,64,,False,False,Request timeout: 300.0s exceeded,390,21.16838264042747
118,2026-09-14T02:12:05.039+00:00,2026-09-14T02:16:58.883+00:00,2026-09-14T02:17:05.082+00:00,False,93,92.0,,92.0,293843.353302,300042.100438,300042.100613,3226.259146376344,0.07526000000000001,293843.353302,30463.156678349493,92.2306046,67.37768626086957,20.912375899173114,0.306623636701979,63,64,,False,False,Request timeout: 300.0s exceeded,476,21.16838264042747
119,2026-09-14T02:12:08.665+00:00,2026-09-14T02:17:02.182+00:00,2026-09-14T02:17:08.685+00:00,False,95,94.0,,94.0,293516.48282200005,300019.25453400007,300019.2546190001,3158.097417042106,0.04194,293516.48282200005,30107.064787776915,89.07851999999998,69.17842246808512,20.055341237182912,0.31331322433289804,63,64,,False,False,Request timeout: 300.0s exceeded,494,21.16838264042747
120,2026-09-14T02:12:11.355+00:00,2026-09-14T02:17:05.087+00:00,2026-09-14T02:17:11.408+00:00,False,90,89.0,,89.0,293731.820582,300052.872486,300052.872473,3333.920805255556,0.03953,293731.820582,30954.571855871185,88.45773599999998,71.0230551011236,19.165195741933353,0.29661439086590513,63,64,,False,False,Request timeout: 300.0s exceeded,434,21.16838264042747
121,2026-09-14T02:12:15.809+00:00,2026-09-14T02:17:10.054+00:00,2026-09-14T02:17:15.850+00:00,False,83,82.0,,82.0,294244.96109500004,300041.59725500003,300041.597146,3614.9590017590367,0.046668999999999995,294244.96109500004,32289.8268435039,88.7322838,70.69068487804877,19.378121452146424,0.27329543886646374,63,64,,False,False,Request timeout: 300.0s exceeded,343,21.16838264042747
122,2026-09-14T02:12:20.043+00:00,2026-09-14T02:17:13.859+00:00,2026-09-14T02:17:20.124+00:00,False,94,93.0,,93.0,293816.13852499996,300081.53065299994,300081.53072399995,3192.3567098297867,0.037079999999999995,293816.13852499996,30297.87923869303,89.23343164999999,67.36980782795699,20.89412330577355,0.3099157745484203,63,64,,False,False,Request timeout: 300.0s exceeded,323,21.16838264042747
123,2026-09-14T02:12:23.450+00:00,2026-09-14T02:17:16.863+00:00,2026-09-14T02:17:23.528+00:00,False,98,97.0,,97.0,293413.003749,300078.374885,300078.37470100005,3062.0242316428576,0.02041,293413.003749,29632.25473390242,88.52271315,68.71516635051547,20.14873064570841,0.3232488846861211,63,64,,False,False,Request timeout: 300.0s exceeded,510,21.16838264042747
124,2026-09-14T02:12:26.553+00:00,2026-09-14T02:17:20.552+00:00,2026-09-14T02:17:26.616+00:00,False,89,88.0,,88.0,293998.702803,300062.753491,300062.753506,3371.491612426966,0.03034,293998.702803,31156.502004809965,87.5971146,68.9096669090909,19.840330753891493,0.2932719871966364,63,64,,False,False,Request timeout: 300.0s exceeded,379,21.16838264042747
125,2026-09-14T02:12:29.808+00:00,2026-09-14T02:17:23.527+00:00,2026-09-14T02:17:29.818+00:00,False,94,93.0,,93.0,293718.336764,300009.296636,300009.296681,3191.58826256383,0.02146,293718.336764,30287.763143346416,88.2785743,67.64472980645162,20.50911945011244,0.30999039377381865,63,64,,False,False,Request timeout: 300.0s exceeded,476,21.16838264042747
126,2026-09-14T02:12:33.664+00:00,2026-09-14T02:17:27.468+00:00,2026-09-14T02:17:33.705+00:00,False,92,91.0,,91.0,293803.28575,300041.032182,300041.032028,3261.315565521739,0.02436,293803.28575,30623.96988922417,87.76025450000002,68.54666408791208,19.884531227863132,0.30329185091191424,63,64,,False,False,Request timeout: 300.0s exceeded,434,21.16838264042747
127,2026-09-14T02:12:36.968+00:00,2026-09-14T02:17:30.635+00:00,2026-09-14T02:17:37.009+00:00,False,91,90.0,,90.0,293666.600893,300041.07308500004,300041.07324600004,3297.154651054945,0.051789999999999996,293666.600893,30777.205375732956,88.84310200000002,70.82746879999999,18.728975682657133,0.29995893253755784,63,64,,False,False,Request timeout: 300.0s exceeded,427,21.16838264042747
128,2026-09-14T02:12:41.683+00:00,2026-09-14T02:17:35.462+00:00,2026-09-14T02:17:41.708+00:00,False,97,96.0,,96.0,293779.031544,300025.34450400004,300025.34452700004,3093.0447889381444,0.0,293779.031544,29822.206261003135,89.7859014,65.06576,65.59161114597207,0.3199729681460964,63,64,,False,False,Request timeout: 300.0s exceeded,548,21.16838264042747
129,2026-09-14T02:12:45.769+00:00,2026-09-14T02:17:39.605+00:00,2026-09-14T02:17:45.795+00:00,False,88,87.0,,87.0,293835.50032700005,300025.45411900006,300025.4542200001,3409.3801615909097,0.025,293835.50032700005,31315.39076503413,88.43989665,71.14889416091955,18.974744040130457,0.28997539643917314,63,64,,False,False,Request timeout: 300.0s exceeded,383,21.16838264042747
130,2026-09-14T02:12:48.912+00:00,2026-09-14T02:17:42.593+00:00,2026-09-14T02:17:48.947+00:00,False,95,94.0,,94.0,293680.987793,300035.124369,300035.12431,3158.264466421053,0.022350000000000002,293680.987793,30124.104912678777,88.47085510000001,67.59719761702128,20.122503376068725,0.31329665217594166,63,64,,False,False,Request timeout: 300.0s exceeded,494,21.16838264042747
131,2026-09-14T02:12:52.364+00:00,2026-09-14T02:17:45.098+00:00,2026-09-14T02:17:52.456+00:00,False,108,107.0,,107.0,292733.362864,300091.712176,300091.712186,2778.6269646851856,0.0368,292733.362864,28161.670861763636,89.6256647,68.76961973831776,20.297677873047288,0.35655766440242725,63,64,,False,False,Request timeout: 300.0s exceeded,526,21.16838264042747
132,2026-09-14T02:12:55.853+00:00,2026-09-14T02:17:49.719+00:00,2026-09-14T02:17:55.951+00:00,False,94,93.0,,93.0,293865.941637,300097.878661,300097.878672,3192.530624170213,0.02502,293865.941637,30303.053288211126,90.63123815,67.01007552688172,21.110425731888064,0.30989889170478185,63,64,,False,False,Request timeout: 300.0s exceeded,350,21.16838264042747
133,2026-09-14T02:13:00.573+00:00,2026-09-14T02:17:54.335+00:00,2026-09-14T02:18:00.652+00:00,False,95,94.0,,94.0,293762.101464,300079.280856,300079.280837,3158.729271968421,0.03889,293762.101464,30132.467542675568,89.2237604,67.20403608510638,20.43387842720786,0.31325055076064406,63,64,,False,False,Request timeout: 300.0s exceeded,465,21.16838264042747
134,2026-09-14T02:13:04.377+00:00,2026-09-14T02:17:58.101+00:00,2026-09-14T02:18:04.428+00:00,False,94,93.0,,93.0,293723.82254799997,300050.353876,300050.35397299996,3192.025042265957,0.01907,293723.82254799997,30288.28863206299,86.98860079999999,68.02721858064515,19.15706359195559,0.30994797639343413,63,64,,False,False,Request timeout: 300.0s exceeded,505,21.16838264042747
135,2026-09-14T02:13:08.203+00:00,2026-09-14T02:18:02.218+00:00,2026-09-14T02:18:08.226+00:00,False,85,84.0,,84.0,294014.660129,300022.717729,300022.71758700005,3529.6790304352944,0.020829999999999998,294014.660129,31882.615808829996,89.6397018,71.52449523809524,20.18861767129884,0.2799787983917746,63,64,,False,False,Request timeout: 300.0s exceeded,364,21.16838264042747
136,2026-09-14T02:13:11.882+00:00,2026-09-14T02:18:05.890+00:00,2026-09-14T02:18:11.891+00:00,False,87,86.0,,86.0,294007.900186,300008.882714,300008.88263899996,3448.3779613678157,0.02859,294007.900186,31513.480560163134,89.40230700000001,69.77886660465117,19.765954574960055,0.28665817899126755,63,64,,False,False,Request timeout: 300.0s exceeded,207,21.16838264042747
137,2026-09-14T02:13:15.806+00:00,2026-09-14T02:18:09.255+00:00,2026-09-14T02:18:15.835+00:00,False,99,98.0,,98.0,293448.60529000004,300028.65879400005,300028.65900900005,3030.5925152424247,0.027559999999999998,293448.60529000004,29485.95334659311,89.1527529,67.1434031020408,20.41848481925746,0.3266354634051372,63,64,,False,False,Request timeout: 300.0s exceeded,475,21.16838264042747
138,2026-09-14T02:13:19.148+00:00,2026-09-14T02:18:12.931+00:00,2026-09-14T02:18:19.171+00:00,False,94,93.0,,93.0,293783.213159,300023.15171899996,300023.151686,3191.7356562340424,0.02485,293783.213159,30294.51112687302,89.03415115,67.0961135483871,20.37473795082304,0.30997607840312036,63,64,,False,False,Request timeout: 300.0s exceeded,572,21.16838264042747
139,2026-09-14T02:13:22.930+00:00,2026-09-14T02:18:16.444+00:00,2026-09-14T02:18:22.951+00:00,False,99,98.0,,98.0,293514.073309,300020.788701,300020.788653,3030.5130166969698,0.027370000000000002,293514.073309,29492.608015659156,88.16673109999999,66.39505502040817,19.938700415119765,0.32664403164964206,63,64,,False,False,Request timeout: 300.0s exceeded,425,21.16838264042747
140,2026-09-14T02:13:26.126+00:00,2026-09-14T02:18:19.425+00:00,2026-09-14T02:18:26.184+00:00,False,102,101.0,,101.0,293298.710718,300058.011582,300058.011488,2941.745210666667,0.0354,293298.710718,29034.280267493457,89.89715704999999,66.92377093069307,20.161151658636765,0.3366015773666442,63,64,,False,False,Request timeout: 300.0s exceeded,340,21.16838264042747
141,2026-09-14T02:13:29.540+00:00,2026-09-14T02:18:22.912+00:00,2026-09-14T02:18:29.586+00:00,False,96,95.0,,95.0,293372.189479,300046.26384699997,300046.2639,3125.481915625,0.02478,293372.189479,29935.00983316205,89.65846324999998,70.25341440000001,19.580155802905473,0.31661784013562166,63,64,,False,False,Request timeout: 300.0s exceeded,441,21.16838264042747
142,2026-09-14T02:13:33.403+00:00,2026-09-14T02:18:26.931+00:00,2026-09-14T02:18:33.440+00:00,False,99,98.0,,98.0,293527.866225,300037.127025,300037.126922,3030.6780497171717,0.0,293527.866225,29494.050612519313,93.39443790000001,66.42102857142858,62.544226452908354,0.32662624446418703,63,64,,False,False,Request timeout: 300.0s exceeded,503,21.16838264042747
143,2026-09-14T02:13:37.557+00:00,2026-09-14T02:18:31.526+00:00,2026-09-14T02:18:37.633+00:00,False,95,94.0,,94.0,293969.177295,300075.322575,300075.322808,3158.687608505263,0.0,293969.177295,30154.00219366159,92.7863728,64.95899234042552,63.25362453300858,0.31325468283552677,63,64,,False,False,Request timeout: 300.0s exceeded,465,21.16838264042747
144,2026-09-14T02:13:41.224+00:00,2026-09-14T02:18:35.384+00:00,2026-09-14T02:18:41.241+00:00,False,86,85.0,,85.0,294160.155141,300016.450565,300016.450591,3488.563378965116,0.03625,294160.155141,31712.682833525414,91.072235,68.89759322352941,21.131082890089644,0.28331779754051967,63,64,,False,False,Request timeout: 300.0s exceeded,433,21.16838264042747
145,2026-09-14T02:13:45.691+00:00,2026-09-14T02:18:39.415+00:00,2026-09-14T02:18:45.720+00:00,False,97,96.0,,96.0,293723.370543,300028.903727,300028.903642,3093.0814808453606,0.023559999999999998,293723.370543,29816.428267862124,91.07056980000002,65.68263733333333,21.315937516438034,0.31996917232798205,63,64,,False,False,Request timeout: 300.0s exceeded,431,21.16838264042747
146,2026-09-14T02:13:49.997+00:00,2026-09-14T02:18:43.892+00:00,2026-09-14T02:18:50.045+00:00,False,94,93.0,,93.0,293895.130435,300048.547651,300048.547426,3192.005823680851,0.03413,293895.130435,30306.15114246076,90.771531,66.16577651612903,21.366180895686327,0.30994984221077615,63,64,,False,False,Request timeout: 300.0s exceeded,317,21.16838264042747
147,2026-09-14T02:13:53.464+00:00,2026-09-14T02:18:47.087+00:00,2026-09-14T02:18:53.499+00:00,False,95,94.0,,94.0,293623.338144,300034.895264,300034.89510799997,3158.2620537684206,0.042509,293623.338144,30118.127531604663,90.5225417,68.20805446808511,20.15166545427526,0.3132968914075465,63,64,,False,False,Request timeout: 300.0s exceeded,432,21.16838264042747
148,2026-09-14T02:13:56.234+00:00,2026-09-14T02:18:49.578+00:00,2026-09-14T02:18:56.245+00:00,False,100,99.0,,99.0,293344.51255299995,300011.27044099994,300011.27045799996,3000.1127045799994,0.02434,293344.51255299995,29327.723897131673,87.36493895,67.34098876767678,19.985363613791023,0.32998760298063295,63,64,,False,False,Request timeout: 300.0s exceeded,489,21.16838264042747
149,2026-09-14T02:13:59.585+00:00,2026-09-14T02:18:53.373+00:00,2026-09-14T02:18:59.614+00:00,False,102,101.0,,101.0,293788.533969,300029.13915299997,300029.139055,2941.462147598039,0.01543,293788.533969,29083.851491223963,88.14340055000001,61.788170138613864,182.98203086616905,0.33663396923755134,63,64,,False,False,Request timeout: 300.0s exceeded,476,21.16838264042747
150,2026-09-14T02:14:03.945+00:00,2026-09-14T02:18:59.342+00:00,2026-09-14T02:19:03.958+00:00,False,104,103.0,,103.0,295396.849142,300012.82789400005,300012.827903,2884.738729836539,0.01542,295396.849142,28961.672715112403,89.01279315000002,44.815327689320384,36.69957272085577,0.34331865314903054,63,64,,False,False,Request timeout: 300.0s exceeded,468,21.16838264042747
151,2026-09-14T02:14:08.618+00:00,2026-09-14T02:19:02.193+00:00,2026-09-14T02:19:08.651+00:00,False,99,98.0,,98.0,293574.443686,300032.262054,300032.262153,3030.628910636364,0.03643,293574.443686,29498.72586836664,88.867994,65.89610579591837,20.318902905990804,0.3266315406519913,63,64,,False,False,Request timeout: 300.0s exceeded,253,21.16838264042747
152,2026-09-14T02:14:11.959+00:00,2026-09-14T02:19:05.716+00:00,2026-09-14T02:19:11.999+00:00,False,90,89.0,,89.0,293757.278655,300040.529343,300040.52911099995,3333.7836567888885,0.03339,293757.278655,30957.29982382878,88.63545445000001,70.59832233707864,18.63664974758231,0.2966265930635561,63,64,,False,False,Request timeout: 300.0s exceeded,389,21.16838264042747
153,2026-09-14T02:14:16.249+00:00,2026-09-14T02:19:09.847+00:00,2026-09-14T02:19:16.257+00:00,False,91,90.0,,90.0,293598.46094900003,300007.514901,300007.51501900004,3296.7858793296705,0.023129999999999998,293598.46094900003,30770.022467455954,89.93536,71.21171057777778,19.344946957070384,0.29999248528724104,63,64,,False,False,Request timeout: 300.0s exceeded,387,21.16838264042747
154,2026-09-14T02:14:19.854+00:00,2026-09-14T02:19:13.713+00:00,2026-09-14T02:19:19.929+00:00,False,90,89.0,,89.0,293858.378187,300074.957771,300074.957944,3334.1661993777775,0.02598,293858.378187,30968.03689605289,90.35671395,69.84920880898876,20.683371199368974,0.29659256027595515,63,64,,False,False,Request timeout: 300.0s exceeded,470,21.16838264042747
155,2026-09-14T02:14:23.593+00:00,2026-09-14T02:19:17.404+00:00,2026-09-14T02:19:23.604+00:00,False,90,89.0,,89.0,293810.885911,300011.265559,300011.265383,3333.458504255556,0.036520000000000004,293810.885911,30963.049375663515,88.86632089999999,69.66718705617977,19.78065627847149,0.29665552669887096,63,64,,False,False,Request timeout: 300.0s exceeded,434,21.16838264042747
156,2026-09-14T02:14:28.334+00:00,2026-09-14T02:19:22.248+00:00,2026-09-14T02:19:28.377+00:00,False,100,99.0,,99.0,293913.183247,300043.023375,300043.02340899996,3000.43023409,0.0,293913.183247,29385.20190004093,92.26395125,61.91757705050505,66.87695930897654,0.32995268107356646,63,64,,False,False,Request timeout: 300.0s exceeded,392,21.16838264042747
157,2026-09-14T02:14:32.529+00:00,2026-09-14T02:19:26.800+00:00,2026-09-14T02:19:32.564+00:00,False,96,95.0,,95.0,294271.719296,300035.42310400004,300035.42307,3125.3689903125,0.0263,294271.719296,30027.796437222853,88.73672224999999,60.6705664,20.637654037329995,0.3166292800269472,63,64,,False,False,Request timeout: 300.0s exceeded,465,21.16838264042747
158,2026-09-14T02:14:37.052+00:00,2026-09-14T02:19:30.878+00:00,2026-09-14T02:19:37.059+00:00,False,101,100.0,,100.0,293826.066226,300007.824946,300007.82511700003,2970.374506108911,0.039509999999999997,293826.066226,29230.642006011094,88.701142,61.817587200000006,19.96676946467909,0.3333246391756599,63,64,,False,False,Request timeout: 300.0s exceeded,447,21.16838264042747
159,2026-09-14T02:14:40.647+00:00,2026-09-14T02:19:34.278+00:00,2026-09-14T02:19:40.736+00:00,False,96,95.0,,95.0,293631.254426,300089.071002,300089.071029,3125.92782321875,0.02145,293631.254426,29961.682705979743,89.16459425,67.97701658947368,19.329773621103723,0.31657267518205234,63,64,,False,False,Request timeout: 300.0s exceeded,375,21.16838264042747
160,2026-09-14T02:14:43.728+00:00,2026-09-14T02:19:37.749+00:00,2026-09-14T02:19:43.795+00:00,False,91,90.0,,90.0,294021.166806,300066.649558,300066.649406,3297.4357077582417,0.02307,294021.166806,30814.758287753546,87.9502895,67.17203057777778,20.504072777480037,0.299933365245923,63,64,,False,False,Request timeout: 300.0s exceeded,440,21.16838264042747
161,2026-09-14T02:14:47.860+00:00,2026-09-14T02:19:41.501+00:00,2026-09-14T02:19:47.878+00:00,False,99,98.0,,98.0,293641.02642199997,300017.74655,300017.746573,3030.4822886161614,0.02158,293641.02642199997,29505.500473805972,89.1916138,65.06857273469387,19.753526743738533,0.32664734378860366,63,64,,False,False,Request timeout: 300.0s exceeded,473,21.16838264042747
162,2026-09-14T02:14:50.754+00:00,2026-09-14T02:19:44.451+00:00,2026-09-14T02:19:50.829+00:00,False,100,99.0,,99.0,293696.767322,300074.977882,300074.977981,3000.74977981,0.03797,293696.767322,29363.240925722668,87.80050845000001,64.4263692929293,20.130284528955265,0.3299175449374865,63,64,,False,False,Request timeout: 300.0s exceeded,486,21.16838264042747
163,2026-09-14T02:14:54.104+00:00,2026-09-14T02:19:48.057+00:00,2026-09-14T02:19:54.111+00:00,False,89,88.0,,88.0,293952.747385,300006.697337,300006.697299,3370.8617674044945,0.02197,293952.747385,31151.64331223664,89.98612000000001,68.79488581818181,20.472154432285695,0.2933267849722331,63,64,,False,False,Request timeout: 300.0s exceeded,288,21.16838264042747
164,2026-09-14T02:14:58.747+00:00,2026-09-14T02:19:52.536+00:00,2026-09-14T02:19:58.790+00:00,False,92,91.0,,91.0,293789.083672,300043.397144,300043.397074,3261.341272543478,0.05163,293789.083672,30622.470330178894,88.944357,68.72871947252747,20.024654589699523,0.30328946034538573,63,64,,False,False,Request timeout: 300.0s exceeded,440,21.16838264042747
165,2026-09-14T02:15:01.498+00:00,2026-09-14T02:19:55.201+00:00,2026-09-14T02:20:01.542+00:00,False,98,97.0,,97.0,293702.118082,300043.620546,300043.620328,3061.6695951836737,0.02629,293702.118082,29661.796624480754,87.25664585,65.37631406185568,19.64315207170734,0.32328632691301906,63,64,,False,False,Request timeout: 300.0s exceeded,406,21.16838264042747
166,2026-09-14T02:15:04.943+00:00,2026-09-14T02:19:58.745+00:00,2026-09-14T02:20:05.040+00:00,False,96,95.0,,95.0,293802.105286,300097.835974,300097.835917,3126.019124135417,0.03307,293802.105286,29979.295391020107,90.420874,66.27084934736843,21.07073994074357,0.3165634290286274,63,64,,False,False,Request timeout: 300.0s exceeded,309,21.16838264042747
167,2026-09-14T02:15:08.473+00:00,2026-09-14T02:20:02.457+00:00,2026-09-14T02:20:08.558+00:00,False,90,89.0,,89.0,293984.334895,300085.79767899995,300085.79752599995,3334.2866391777775,0.022699999999999998,293984.334895,30981.45027155968,89.24903644999999,68.55576161797752,20.734786636028158,0.29658184655310743,63,64,,False,False,Request timeout: 300.0s exceeded,442,21.16838264042747
168,2026-09-14T02:15:12.699+00:00,2026-09-14T02:20:06.692+00:00,2026-09-14T02:20:12.707+00:00,False,92,91.0,,91.0,293992.953601,300008.678145,300008.678303,3260.9638945978263,0.04102,293992.953601,30643.99919621594,90.84396605,66.10686312087913,20.953235628426455,0.3033245590183159,63,64,,False,False,Request timeout: 300.0s exceeded,435,21.16838264042747
169,2026-09-14T02:15:17.213+00:00,2026-09-14T02:20:10.504+00:00,2026-09-14T02:20:17.260+00:00,False,99,98.0,,98.0,293290.820001,300046.875553,300046.87553,3030.7765205050505,0.036289999999999996,293290.820001,29469.915263000796,91.6844709,68.93934236734694,21.03512534579189,0.32661563237204705,63,64,,False,False,Request timeout: 300.0s exceeded,412,21.16838264042747
170,2026-09-14T02:15:20.911+00:00,2026-09-14T02:20:14.291+00:00,2026-09-14T02:20:20.981+00:00,False,98,97.0,,97.0,293379.787148,300070.617996,300070.618044,3061.9450820816323,0.02402,293379.787148,29628.87286389889,88.68928149999999,68.97763760824743,20.188028373853918,0.32325724073822193,63,64,,False,False,Request timeout: 300.0s exceeded,394,21.16838264042747
171,2026-09-14T02:15:24.768+00:00,2026-09-14T02:20:18.218+00:00,2026-09-14T02:20:24.777+00:00,False,100,99.0,,99.0,293450.386596,300009.247652,300009.24755,3000.0924755,0.0,293450.386596,29338.487632040546,89.18537885000002,66.25112177777778,66.26769047028635,0.3299898278963603,63,64,,False,False,Request timeout: 300.0s exceeded,411,21.16838264042747
172,2026-09-14T02:15:28.464+00:00,2026-09-14T02:20:22.745+00:00,2026-09-14T02:20:28.539+00:00,False,88,87.0,,87.0,294280.690677,300075.647733,300075.647696,3409.9505419999996,0.038810000000000004,294280.690677,31363.332397178216,88.53776085,66.60870179310345,19.312431901020563,0.2899268922928744,63,64,,False,False,Request timeout: 300.0s exceeded,415,21.16838264042747
173,2026-09-14T02:15:32.632+00:00,2026-09-14T02:20:26.126+00:00,2026-09-14T02:20:32.648+00:00,False,98,97.0,,97.0,293493.647049,300015.563977,300015.564131,3061.383307459184,0.02466,293493.647049,29640.550019238253,87.54211534999999,67.23625698969072,19.685174446232686,0.32331655969500395,63,64,,False,False,Request timeout: 300.0s exceeded,474,21.16838264042747
174,2026-09-14T02:15:37.170+00:00,2026-09-14T02:20:30.860+00:00,2026-09-14T02:20:37.211+00:00,False,89,88.0,,88.0,293689.258064,300040.257104,300040.257068,3371.238843460674,0.03726,293689.258064,31123.35511452572,88.680743,72.17044363636364,19.55485713592597,0.29329397611300345,63,64,,False,False,Request timeout: 300.0s exceeded,383,21.16838264042747
175,2026-09-14T02:15:39.939+00:00,2026-09-14T02:20:33.715+00:00,2026-09-14T02:20:39.953+00:00,False,86,85.0,,85.0,293776.09337300004,300014.07122900005,300014.07110600005,3488.5357105348844,0.02729,293776.09337300004,31670.783006234196,90.56728825,73.38797477647059,19.257079339804896,0.28332004446258024,63,64,,False,False,Request timeout: 300.0s exceeded,482,21.16838264042747
176,2026-09-14T02:15:43.514+00:00,2026-09-14T02:20:37.036+00:00,2026-09-14T02:20:43.530+00:00,False,93,92.0,,92.0,293521.411116,300015.341868,300015.341938,3225.971418688172,0.040240000000000005,293521.411116,30429.439317747834,90.2053496,70.58620382608696,19.682782507314453,0.30665098467023705,63,64,,False,False,Request timeout: 300.0s exceeded,442,21.16838264042747
177,2026-09-14T02:15:46.669+00:00,2026-09-14T02:20:40.573+00:00,2026-09-14T02:20:46.740+00:00,False,92,91.0,,91.0,293904.148931,300071.064515,300071.06440399995,3261.642004391304,0.024739999999999998,293904.148931,30634.56733800051,90.099799,67.76830312087911,20.77991101421075,0.3032614962295076,63,64,,False,False,Request timeout: 300.0s exceeded,366,21.16838264042747
178,2026-09-14T02:15:51.219+00:00,2026-09-14T02:20:44.686+00:00,2026-09-14T02:20:51.277+00:00,False,97,96.0,,96.0,293467.373073,300058.374161,300058.37397,3093.385298659794,0.02991,293467.373073,29790.13448353911,91.40514479999997,68.65626133333333,22.336064272546302,0.3199377463416169,63,64,,False,False,Request timeout: 300.0s exceeded,446,21.16838264042747
179,2026-09-14T02:15:55.571+00:00,2026-09-14T02:20:49.506+00:00,2026-09-14T02:20:55.581+00:00,False,93,92.0,,92.0,293935.237653,300010.652949,300010.652978,3225.9209997634407,0.02974,293935.237653,30472.82402320904,89.38362519999998,66.03712278260869,21.455763442658434,0.30665577737214367,63,64,,False,False,Request timeout: 300.0s exceeded,426,21.16838264042747
180,2026-09-14T02:15:58.914+00:00,2026-09-14T02:20:52.993+00:00,2026-09-14T02:20:58.930+00:00,False,87,86.0,,86.0,294079.080942,300015.41553399997,300015.41560099996,3448.4530528850573,0.042,294079.080942,31521.19264413224,88.747962,69.02714641860466,19.95018714061821,0.28665193702439545,63,64,,False,False,Request timeout: 300.0s exceeded,421,21.16838264042747
181,2026-09-14T02:16:02.266+00:00,2026-09-14T02:20:56.089+00:00,2026-09-14T02:21:02.308+00:00,False,91,90.0,,90.0,293822.77656800003,300041.93893600005,300041.93872900004,3297.164161857143,0.026879999999999998,293822.77656800003,30793.758802519755,89.67445550000001,69.10180408888888,20.12569926980705,0.29995806692609495,63,64,,False,False,Request timeout: 300.0s exceeded,342,21.16838264042747
182,2026-09-14T02:16:07.013+00:00,2026-09-14T02:21:00.542+00:00,2026-09-14T02:21:07.024+00:00,False,97,96.0,,96.0,293528.26872000005,300011.05553600006,300011.05541500007,3092.897478505155,0.03475,293528.26872000005,29796.430753844466,90.79322360000002,67.52902933333333,20.659366831602217,0.3199882078628279,63,64,,False,False,Request timeout: 300.0s exceeded,336,21.16838264042747
183,2026-09-14T02:16:10.070+00:00,2026-09-14T02:21:03.705+00:00,2026-09-14T02:21:10.105+00:00,False,96,95.0,,95.0,293635.316946,300035.060946,300035.06096499995,3125.3652183854165,0.03727900000000001,293635.316946,29962.16066264107,89.50821400000001,67.36572631578947,20.747201292687286,0.31662966221503697,63,64,,False,False,Request timeout: 300.0s exceeded,434,21.16838264042747
184,2026-09-14T02:16:12.911+00:00,2026-09-14T02:21:06.561+00:00,2026-09-14T02:21:12.938+00:00,False,92,91.0,,91.0,293649.95299699996,300027.085285,300027.08533399994,3261.1639710217387,0.026659,293649.95299699996,30607.824273365564,89.45687899999999,70.07837679120878,20.066819412970887,0.3033059495730454,63,64,,False,False,Request timeout: 300.0s exceeded,354,21.16838264042747
185,2026-09-14T02:16:16.214+00:00,2026-09-14T02:21:09.918+00:00,2026-09-14T02:21:16.277+00:00,False,93,92.0,,92.0,293704.56214399997,300063.22633599996,300063.22642099997,3226.48630560215,0.02375,293704.56214399997,30448.583847879127,89.67692860000001,69.11591513043479,19.986026670949197,0.3066020489194558,63,64,,False,False,Request timeout: 300.0s exceeded,346,21.16838264042747
186,2026-09-14T02:16:19.674+00:00,2026-09-14T02:21:13.622+00:00,2026-09-14T02:21:19.753+00:00,False,98,97.0,,97.0,293947.165547,300079.06468300003,300079.064663,3062.0312720714287,0.0,293947.165547,29686.837927020588,90.49293959999999,63.21545501030928,67.49138521470523,0.323248141627173,63,64,,False,False,Request timeout: 300.0s exceeded,475,21.16838264042747
187,2026-09-14T02:16:22.988+00:00,2026-09-14T02:21:17.396+00:00,2026-09-14T02:21:23.075+00:00,False,89,88.0,,88.0,294407.99443699996,300087.47706099995,300087.476889,3371.7694032471904,0.032740000000000005,294407.99443699996,31200.3504640755,88.9003622,64.53957527272728,20.486117634042657,0.2932478251403736,63,64,,False,False,Request timeout: 300.0s exceeded,360,21.16838264042747
188,2026-09-14T02:16:26.268+00:00,2026-09-14T02:21:20.222+00:00,2026-09-14T02:21:26.308+00:00,False,91,90.0,,90.0,293954.432259,300039.923971,300039.923863,3297.1420204725277,0.03537,293954.432259,30807.715609957388,87.5440695,67.61657457777777,19.8916733997674,0.2999600813413712,63,64,,False,False,Request timeout: 300.0s exceeded,301,21.16838264042747
189,2026-09-14T02:16:29.003+00:00,2026-09-14T02:21:22.739+00:00,2026-09-14T02:21:29.072+00:00,False,94,93.0,,93.0,293736.477519,300068.80238300003,300068.802332,3192.2213014042554,0.023780000000000003,293736.477519,30289.58793091518,88.5525085,68.08951466666667,19.884384961004862,0.30992892050569526,63,64,,False,False,Request timeout: 300.0s exceeded,432,21.16838264042747
190,2026-09-14T02:16:32.768+00:00,2026-09-14T02:21:26.097+00:00,2026-09-14T02:21:32.861+00:00,False,102,101.0,,101.0,293329.677204,300093.215124,300093.21527600003,2942.090345843137,0.01998,293329.677204,29037.342347204376,89.2144761,66.96572198019801,20.299551034504415,0.3365620910764887,63,64,,False,False,Request timeout: 300.0s exceeded,532,21.16838264042747
191,2026-09-14T02:16:36.383+00:00,2026-09-14T02:21:30.269+00:00,2026-09-14T02:21:36.413+00:00,False,95,94.0,,94.0,293886.613491,300029.85009900003,300029.849884,3158.208946147369,0.02884,293886.613491,30145.432746575647,91.6081775,65.35358093617022,21.437396122798884,0.3133021596650569,63,64,,False,False,Request timeout: 300.0s exceeded,360,21.16838264042747
192,2026-09-14T02:16:40.896+00:00,2026-09-14T02:21:34.799+00:00,2026-09-14T02:21:40.958+00:00,False,92,91.0,,91.0,293902.826964,300061.995732,300061.995773,3261.5434323152176,0.0384,293902.826964,30634.437745804014,87.23894049999998,67.68317327472528,19.79848563807437,0.30327066171111033,63,64,,False,False,Request timeout: 300.0s exceeded,202,21.16838264042747
193,2026-09-14T02:16:45.184+00:00,2026-09-14T02:21:39.183+00:00,2026-09-14T02:21:46.391+00:00,False,81,80.0,,80.0,293998.933609,301207.268201,301207.268101,3718.608248160494,0.04027,293998.933609,32657.34156407195,90.33964900000001,90.1041824,230.73933957694126,0.2655978405760609,63,64,,False,False,Request timeout: 300.0s exceeded,400,21.16838264042747
194,2026-09-14T02:16:49.474+00:00,2026-09-14T02:21:42.720+00:00,2026-09-14T02:21:49.483+00:00,False,114,113.0,,113.0,293246.33832499996,300008.88501299993,300008.88477999996,2631.6568840350874,0.01529,293246.33832499996,27460.13270865,88.43882195,59.84554591150442,197.19425164567554,0.3766555113696166,63,64,,False,False,Request timeout: 300.0s exceeded,458,21.16838264042747
195,2026-09-14T02:16:54.234+00:00,2026-09-14T02:21:48.084+00:00,2026-09-14T02:21:54.280+00:00,False,92,91.0,,91.0,293850.58037800004,300046.25269800005,300046.25274900004,3261.3723124891308,0.02538,293850.58037800004,30628.948475971407,87.33400354999999,68.0843112087912,19.216977775471182,0.3032865739256292,63,64,,False,False,Request timeout: 300.0s exceeded,440,21.16838264042747
196,2026-09-14T02:16:57.651+00:00,2026-09-14T02:21:51.450+00:00,2026-09-14T02:21:57.688+00:00,False,93,92.0,,92.0,293798.437812,300036.31480399997,300036.31470499997,3226.196932311828,0.02165,293798.437812,30458.454166422285,88.7978726,67.80301078260871,19.558202325918767,0.306629549360048,63,64,,False,False,Request timeout: 300.0s exceeded,490,21.16838264042747
197,2026-09-14T02:17:01.732+00:00,2026-09-14T02:21:55.703+00:00,2026-09-14T02:22:01.767+00:00,False,90,89.0,,89.0,293971.01317299996,300034.889269,300034.889223,3333.720991366666,0.03622,293971.01317299996,30980.090045505676,88.4720125,68.13343928089887,19.949042096278795,0.2966321690681978,63,64,,False,False,Request timeout: 300.0s exceeded,446,21.16838264042747
198,2026-09-14T02:17:05.608+00:00,2026-09-14T02:21:59.290+00:00,2026-09-14T02:22:05.688+00:00,False,98,97.0,,97.0,293681.96738,300079.908372,300079.908344,3062.039881061224,0.03964,293681.96738,29659.703109313596,88.67397135000002,65.95815455670103,20.81013546102147,0.3232472327995783,63,64,,False,False,Request timeout: 300.0s exceeded,495,21.16838264042747
199,2026-09-14T02:17:08.260+00:00,2026-09-14T02:22:02.279+00:00,2026-09-14T02:22:08.311+00:00,False,91,90.0,,90.0,294018.33628,300050.65116,300050.651157,3297.2599028241757,0.039759,294018.33628,30814.477234686776,90.5311435,67.02572088888888,20.998669964712917,0.2999493573903564,63,64,,False,False,Request timeout: 300.0s exceeded,398,21.16838264042747
200,2026-09-14T02:17:11.712+00:00,2026-09-14T02:22:05.611+00:00,2026-09-14T02:22:12.288+00:00,False,93,92.0,,92.0,293899.163815,300576.90103099996,300576.900859,3232.009686655914,0.038049,293899.163815,30468.46664050221,87.789663,72.58410017391304,65.51012089117637,0.3060780774718001,63,64,,False,False,Request timeout: 300.0s exceeded,417,21.16838264042747
201,2026-09-14T02:17:14.832+00:00,2026-09-14T02:22:08.267+00:00,2026-09-14T02:22:14.921+00:00,False,108,107.0,,107.0,293434.48913,300088.32260200003,300088.322715,2778.5955806944444,0.0,293434.48913,28229.835575134548,88.89096185,62.185359551401866,64.27249972380285,0.3565616918120188,63,64,,False,False,Request timeout: 300.0s exceeded,520,21.16838264042747
202,2026-09-14T02:17:18.392+00:00,2026-09-14T02:22:12.499+00:00,2026-09-14T02:22:18.430+00:00,False,92,91.0,,91.0,294106.193607,300037.803207,300037.803056,3261.280468,0.05914,294106.193607,30655.901015877338,87.79212755,65.18252307692308,19.99366939449327,0.3032951149066303,63,64,,False,False,Request timeout: 300.0s exceeded,434,21.16838264042747
203,2026-09-14T02:17:23.000+00:00,2026-09-14T02:22:16.700+00:00,2026-09-14T02:22:23.074+00:00,False,93,92.0,,92.0,293699.195865,300074.11272900004,300074.112737,3226.603362763441,0.02194,293699.195865,30448.0090783509,88.55062699999999,69.29257460869566,19.995598893278096,0.3065909256993659,63,64,,False,False,Request timeout: 300.0s exceeded,439,21.16838264042747
204,2026-09-14T02:17:25.855+00:00,2026-09-14T02:22:19.567+00:00,2026-09-14T02:22:25.872+00:00,False,95,94.0,,94.0,293711.761749,300016.897877,300016.897829,3158.0726087263156,0.02416,293711.761749,30127.31598784648,89.2970697,67.07591625531914,20.50073335759414,0.31331568543361793,63,64,,False,False,Request timeout: 300.0s exceeded,370,21.16838264042747
205,2026-09-14T02:17:29.960+00:00,2026-09-14T02:22:23.684+00:00,2026-09-14T02:22:29.986+00:00,False,94,93.0,,93.0,293724.370006,300025.826134,300025.826175,3191.7641082446808,0.06397,293724.370006,30288.37352874633,88.8824915,67.75759277419355,20.12494960139194,0.30997331529207617,63,64,,False,False,Request timeout: 300.0s exceeded,438,21.16838264042747
206,2026-09-14T02:17:32.894+00:00,2026-09-14T02:22:26.697+00:00,2026-09-14T02:22:32.913+00:00,False,89,88.0,,88.0,293802.952537,300018.137433,300018.137337,3370.9903071573035,0.040369999999999996,293802.952537,31135.570585396777,90.83369199999999,70.6271010909091,20.015116951293507,0.2933156000265222,63,64,,False,False,Request timeout: 300.0s exceeded,331,21.16838264042747
207,2026-09-14T02:17:36.662+00:00,2026-09-14T02:22:30.077+00:00,2026-09-14T02:22:36.712+00:00,False,95,94.0,,94.0,293414.497103,300049.989711,300049.989926,3158.4209465894737,0.03597,293414.497103,30096.457349785695,92.5384597,70.59034689361702,21.425518680524416,0.3132811305560725,63,64,,False,False,Request timeout: 300.0s exceeded,439,21.16838264042747
208,2026-09-14T02:17:41.029+00:00,2026-09-14T02:22:35.039+00:00,2026-09-14T02:22:41.117+00:00,False,88,87.0,,87.0,294009.576374,300087.80127,300087.801234,3410.0886503863635,0.02949,294009.576374,31334.08603385018,92.04407785,69.86465397701149,21.77891313748179,0.28991515027204623,63,64,,False,False,Request timeout: 300.0s exceeded,295,21.16838264042747
209,2026-09-14T02:17:43.680+00:00,2026-09-14T02:22:37.313+00:00,2026-09-14T02:22:43.738+00:00,False,93,92.0,,92.0,293632.620144,300058.057072,300058.057101,3226.430721516129,0.05237,293632.620144,30441.04974113408,93.78746960000001,69.84170573913043,21.742013563617675,0.3066073309203768,63,64,,False,False,Request timeout: 300.0s exceeded,298,21.16838264042747
210,2026-09-14T02:17:47.924+00:00,2026-09-14T02:22:41.671+00:00,2026-09-14T02:22:47.942+00:00,False,94,93.0,,93.0,293746.500401,300017.881905,300017.88192400004,3191.6795949361704,0.02216,293746.500401,30290.689994549408,89.97204715,67.4342097204301,20.924432856871967,0.3099815231328386,63,64,,False,False,Request timeout: 300.0s exceeded,400,21.16838264042747
211,2026-09-14T02:17:51.909+00:00,2026-09-14T02:22:45.093+00:00,2026-09-14T02:22:51.972+00:00,False,102,101.0,,101.0,293184.585556,300062.920276,300062.920247,2941.793335754902,0.023329999999999997,293184.585556,29022.862817859004,88.25221155000001,68.10232396039603,19.141949589740484,0.3365960709410529,63,64,,False,False,Request timeout: 300.0s exceeded,407,21.16838264042747
212,2026-09-14T02:17:56.095+00:00,2026-09-14T02:22:50.076+00:00,2026-09-14T02:22:56.105+00:00,False,90,89.0,,89.0,293981.125931,300009.923627,300009.923707,3333.443596744444,0.047619999999999996,293981.125931,30981.19753987161,88.41861045,67.73929995505618,19.902699635539264,0.296656853626792,63,64,,False,False,Request timeout: 300.0s exceeded,340,21.16838264042747
213,2026-09-14T02:18:00.500+00:00,2026-09-14T02:22:53.988+00:00,2026-09-14T02:23:00.526+00:00,False,95,94.0,,94.0,293488.334522,300026.10425,300026.104182,3158.169517705263,0.023629999999999998,293488.334522,30104.139085685,89.61267800000002,69.55074178723403,20.728139626829435,0.31330607126663046,63,64,,False,False,Request timeout: 300.0s exceeded,324,21.16838264042747
214,2026-09-14T02:18:03.081+00:00,2026-09-14T02:22:57.089+00:00,2026-09-14T02:23:03.132+00:00,False,88,87.0,,87.0,294007.70975800004,300050.82681400003,300050.82676300005,3409.668485943182,0.02922,294007.70975800004,31333.929241162758,89.77958585,69.4611155862069,20.538235877995472,0.28995087573589945,63,64,,False,False,Request timeout: 300.0s exceeded,311,21.16838264042747
215,2026-09-14T02:18:06.559+00:00,2026-09-14T02:22:59.965+00:00,2026-09-14T02:23:06.573+00:00,False,101,100.0,,100.0,293406.615795,300014.745075,300014.745116,2970.443020950495,0.0,293406.615795,29188.54947327748,90.11458999999999,66.0812928,66.65720795294726,0.3333169507218761,63,64,,False,False,Request timeout: 300.0s exceeded,428,21.16838264042747
216,2026-09-14T02:18:09.688+00:00,2026-09-14T02:23:03.628+00:00,2026-09-14T02:23:09.715+00:00,False,96,95.0,,95.0,293939.950564,300026.579428,300026.579337,3125.27686809375,0.0,293939.950564,29993.657693419365,90.87469525,64.06977751578947,67.97180860507645,0.3166386130892712,63,64,,False,False,Request timeout: 300.0s exceeded,423,21.16838264042747
217,2026-09-14T02:18:12.798+00:00,2026-09-14T02:23:06.668+00:00,2026-09-14T02:23:12.823+00:00,False,94,93.0,,93.0,293869.892508,300025.687196,300025.68721400003,3191.7626299361705,0.04057,293869.892508,30303.544564482938,87.34637615,66.1913407311828,20.11339319237243,0.3099734588366935,63,64,,False,False,Request timeout: 300.0s exceeded,412,21.16838264042747
218,2026-09-14T02:18:16.219+00:00,2026-09-14T02:23:09.671+00:00,2026-09-14T02:23:16.249+00:00,False,93,92.0,,92.0,293452.41040600004,300029.83607,300029.83608100004,3226.1272696881724,0.039449,293452.41040600004,30422.190030123933,89.91902259999999,71.49375721739129,19.462848115832944,0.30663617060583087,63,64,,False,False,Request timeout: 300.0s exceeded,401,21.16838264042747
219,2026-09-14T02:18:20.734+00:00,2026-09-14T02:23:14.338+00:00,2026-09-14T02:23:20.750+00:00,False,92,91.0,,91.0,293603.689373,300015.715997,300015.715808,3261.0403892173913,0.04509899999999999,293603.689373,30602.96124465104,90.17606805,70.46183103296703,20.469958987641455,0.30331744354655726,63,64,,False,False,Request timeout: 300.0s exceeded,431,21.16838264042747
220,2026-09-14T02:18:24.958+00:00,2026-09-14T02:23:18.860+00:00,2026-09-14T02:23:25.017+00:00,False,93,92.0,,92.0,293902.29260000004,300058.87346400006,300058.87364500004,3226.4395015591404,0.025589999999999998,293902.29260000004,30469.31547497472,88.99327079999999,66.91935721739131,20.240306820311364,0.30660649671151224,63,64,,False,False,Request timeout: 300.0s exceeded,481,21.16838264042747
221,2026-09-14T02:18:29.461+00:00,2026-09-14T02:23:23.047+00:00,2026-09-14T02:23:29.506+00:00,False,95,94.0,,94.0,293586.182766,300044.686958,300044.687093,3158.365127294737,0.037149999999999996,293586.182766,30114.264334566855,90.79270000000001,68.70749140425532,20.309522611217275,0.31328666723953036,63,64,,False,False,Request timeout: 300.0s exceeded,490,21.16838264042747
222,2026-09-14T02:18:34.063+00:00,2026-09-14T02:23:27.321+00:00,2026-09-14T02:23:34.126+00:00,False,106,105.0,,105.0,293258.379934,300063.35555000004,300063.355669,2830.7863742358495,0.020149,293258.379934,28477.484858965458,90.66008150000002,64.80929158095239,21.244938109957477,0.3499261007980819,63,64,,False,False,Request timeout: 300.0s exceeded,499,21.16838264042747
223,2026-09-14T02:18:37.350+00:00,2026-09-14T02:23:30.822+00:00,2026-09-14T02:23:37.371+00:00,False,97,96.0,,96.0,293472.842386,300021.85640199995,300021.856423,3093.0088291030925,0.03613,293472.842386,29790.733065268785,92.31361499999998,68.218896,20.727937069891805,0.31997668820290676,63,64,,False,False,Request timeout: 300.0s exceeded,276,21.16838264042747
224,2026-09-14T02:18:40.284+00:00,2026-09-14T02:23:33.861+00:00,2026-09-14T02:23:40.349+00:00,False,95,94.0,,94.0,293576.96908099996,300064.57330499997,300064.57335799997,3158.5744563999997,0.03587,293576.96908099996,30113.28690779218,88.2141227,69.01706621276597,19.760711476176073,0.31326590461731685,63,64,,False,False,Request timeout: 300.0s exceeded,360,21.16838264042747
225,2026-09-14T02:18:44.057+00:00,2026-09-14T02:23:37.501+00:00,2026-09-14T02:23:44.095+00:00,False,99,98.0,,98.0,293444.09277,300037.791074,300037.791121,3030.6847587979796,0.022949,293444.09277,29485.48515198308,87.54665800000001,67.28263575510204,19.40695778945534,0.326625521569147,63,64,,False,False,Request timeout: 300.0s exceeded,479,21.16838264042747
226,2026-09-14T02:18:47.430+00:00,2026-09-14T02:23:40.962+00:00,2026-09-14T02:23:47.487+00:00,False,99,98.0,,98.0,293532.05706,300056.89290000004,300056.89297700004,3030.8777068383843,0.02802,293532.05706,29494.3964075611,88.2696019,66.5799575510204,19.240270276367212,0.3266047283661651,63,64,,False,False,Request timeout: 300.0s exceeded,485,21.16838264042747
227,2026-09-14T02:18:51.396+00:00,2026-09-14T02:23:45.337+00:00,2026-09-14T02:23:51.405+00:00,False,90,89.0,,89.0,293940.790193,300008.900529,300008.90066499996,3333.432229611111,0.022609999999999998,293940.790193,30976.899033560192,90.67270094999999,68.18101501123596,19.607470844644343,0.2966578652935563,63,64,,False,False,Request timeout: 300.0s exceeded,461,21.16838264042747
228,2026-09-14T02:18:54.995+00:00,2026-09-14T02:23:48.663+00:00,2026-09-14T02:23:55.072+00:00,False,93,92.0,,92.0,293668.327916,300076.861164,300076.86125899997,3226.632916763441,0.02606,293668.327916,30444.770544796134,90.46512659999999,69.65797008695651,20.32050615239905,0.30658811760137533,63,64,,False,False,Request timeout: 300.0s exceeded,304,21.16838264042747
229,2026-09-14T02:18:59.296+00:00,2026-09-14T02:23:51.919+00:00,2026-09-14T02:23:59.374+00:00,False,113,112.0,,112.0,292622.62360299996,300077.56427499995,300077.564048,2655.5536641415924,0.03351,292622.62360299996,27521.366997246092,91.0738752,66.56197028571428,20.76280309927469,0.37323683385193,63,64,,False,False,Request timeout: 300.0s exceeded,522,21.16838264042747
230,2026-09-14T02:19:03.598+00:00,2026-09-14T02:23:57.629+00:00,2026-09-14T02:24:03.611+00:00,False,101,100.0,,100.0,294030.233868,300012.897548,300012.897513,2970.424727851485,0.0,294030.233868,29251.22438097318,96.246917,59.826636799999996,66.82986503075831,0.33331900334051706,63,64,,False,False,Request timeout: 300.0s exceeded,133,21.16838264042747
231,2026-09-14T02:19:07.950+00:00,2026-09-14T02:24:01.716+00:00,2026-09-14T02:24:07.982+00:00,False,96,95.0,,95.0,293766.09583600005,300031.8627480001,300031.86259400006,3125.3319020208337,0.03147,293766.09583600005,29975.652101076874,89.93298975000002,65.95544117894737,20.659772612704995,0.3166330373377427,63,64,,False,False,Request timeout: 300.0s exceeded,271,21.16838264042747
232,2026-09-14T02:19:10.620+00:00,2026-09-14T02:24:04.451+00:00,2026-09-14T02:24:10.667+00:00,False,95,94.0,,94.0,293830.770967,300046.433815,300046.43372,3158.383512842105,0.03972,293830.770967,30139.623550228447,88.61055470000001,66.12407285106383,20.231413055208105,0.3132848432984799,63,64,,False,False,Request timeout: 300.0s exceeded,482,21.16838264042747
233,2026-09-14T02:19:13.488+00:00,2026-09-14T02:24:07.384+00:00,2026-09-14T02:24:13.494+00:00,False,93,92.0,,92.0,293896.03357599996,300006.46557599993,300006.46580099995,3225.8759763548383,0.03497,293896.03357599996,30468.71828939767,87.58241720000002,66.41773913043478,19.97918113166329,0.3066600575536392,63,64,,False,False,Request timeout: 300.0s exceeded,466,21.16838264042747
234,2026-09-14T02:19:17.428+00:00,2026-09-14T02:24:11.294+00:00,2026-09-14T02:24:17.449+00:00,False,92,91.0,,91.0,293865.59116,300020.62373600004,300020.62355200003,3261.0937342608695,0.02633,293865.59116,30630.56060898071,87.6830695,67.63772061538461,20.146268533542745,0.30331248187816073,63,64,,False,False,Request timeout: 300.0s exceeded,440,21.16838264042747
235,2026-09-14T02:19:22.157+00:00,2026-09-14T02:24:15.716+00:00,2026-09-14T02:24:22.206+00:00,False,94,93.0,,93.0,293558.982848,300049.262784,300049.26286300004,3192.013434712766,0.04179,293558.982848,30271.10564624798,88.8742545,69.78795630107527,19.991637135542575,0.3099491034808807,63,64,,False,False,Request timeout: 300.0s exceeded,457,21.16838264042747
236,2026-09-14T02:19:24.779+00:00,2026-09-14T02:24:18.566+00:00,2026-09-14T02:24:24.803+00:00,False,93,92.0,,92.0,293787.434081,300023.690593,300023.69052199996,3226.061188408602,0.07909999999999999,293787.434081,30457.31526355698,88.5725296,67.78539686956522,20.031410528045374,0.3066424515282811,63,64,,False,False,Request timeout: 300.0s exceeded,378,21.16838264042747
237,2026-09-14T02:19:29.067+00:00,2026-09-14T02:24:22.926+00:00,2026-09-14T02:24:29.122+00:00,False,95,94.0,,94.0,293858.061283,300054.811363,300054.811518,3158.4717001894737,0.02123,293858.061283,30142.444430831507,91.42571800000002,65.92287319148936,20.695191991657932,0.3132760963672093,63,64,,False,False,Request timeout: 300.0s exceeded,465,21.16838264042747
238,2026-09-14T02:19:33.291+00:00,2026-09-14T02:24:27.161+00:00,2026-09-14T02:24:33.322+00:00,False,95,94.0,,94.0,293870.00384799996,300031.05088799994,300031.05096799997,3158.221589136842,0.06275,293870.00384799996,30143.708334301387,88.68611659999999,65.54305361702127,20.178917524587597,0.31330090576221636,63,64,,False,False,Request timeout: 300.0s exceeded,311,21.16838264042747
239,2026-09-14T02:19:37.278+00:00,2026-09-14T02:24:30.866+00:00,2026-09-14T02:24:37.363+00:00,False,97,96.0,,96.0,293587.32290499995,300084.70632899995,300084.70637399994,3093.6567667422673,0.041460000000000004,293587.32290499995,29802.411072661474,88.87505999999999,67.68107733333333,20.238971370664654,0.3199096720868865,63,64,,False,False,Request timeout: 300.0s exceeded,276,21.16838264042747
240,2026-09-14T02:19:41.736+00:00,2026-09-14T02:24:35.711+00:00,2026-09-14T02:24:41.829+00:00,False,88,87.0,,87.0,293974.65325,300092.961602,300092.96137,3410.1472882954545,0.0531,293974.65325,31330.313075752976,90.23146070000001,70.32538335632184,20.227928747538346,0.2899101649554322,63,64,,False,False,Request timeout: 300.0s exceeded,283,21.16838264042747
241,2026-09-14T02:19:46.205+00:00,2026-09-14T02:24:39.723+00:00,2026-09-14T02:24:47.624+00:00,False,83,82.0,,82.0,293518.005946,301419.298234,301419.2981,3631.557808433735,0.04572,293518.005946,32208.08753866722,90.50795320000002,96.35722302439025,239.1982950659047,0.2720462839653391,63,64,,False,False,Request timeout: 300.0s exceeded,293,21.16838264042747
242,2026-09-14T02:19:49.666+00:00,2026-09-14T02:24:43.066+00:00,2026-09-14T02:24:49.705+00:00,False,112,111.0,,111.0,293400.08105599997,300038.31619199994,300038.316007,2678.9135357767855,0.01499,293400.08105599997,27718.868168344063,90.95550055,59.80392014414415,213.83043476107846,0.36995274939807715,63,64,,False,False,Request timeout: 300.0s exceeded,448,21.16838264042747
243,2026-09-14T02:19:53.581+00:00,2026-09-14T02:24:48.750+00:00,2026-09-14T02:24:53.640+00:00,False,70,69.0,,69.0,295168.495361,300058.864641,300058.864714,4286.5552102,0.046619999999999995,295168.495361,35270.9183061303,92.96301179999999,70.87491710144928,21.49712224162437,0.22995487929528027,63,64,,False,False,Request timeout: 300.0s exceeded,304,21.16838264042747
244,2026-09-14T02:19:57.230+00:00,2026-09-14T02:24:50.928+00:00,2026-09-14T02:24:57.242+00:00,False,95,94.0,,94.0,293697.981646,300012.563406,300012.563421,3158.0269833789475,0.0,293697.981646,30125.96241319052,88.1829377,67.17640170212766,68.67571520735567,0.3133202121032245,63,64,,False,False,Request timeout: 300.0s exceeded,494,21.16838264042747
245,2026-09-14T02:19:59.841+00:00,2026-09-14T02:24:53.769+00:00,2026-09-14T02:24:59.867+00:00,False,92,91.0,,91.0,293928.366222,300025.71739,300025.71737599996,3261.149101913043,0.0,293928.366222,30637.24424263927,88.20201999999999,67.003858989011,70.11484745147308,0.303307332423474,63,64,,False,False,Request timeout: 300.0s exceeded,418,21.16838264042747
246,2026-09-14T02:20:02.502+00:00,2026-09-14T02:24:56.088+00:00,2026-09-14T02:25:02.509+00:00,False,101,100.0,,100.0,293585.77401700005,300006.567617,300006.56772900006,2970.3620567227726,0.0,293585.77401700005,29206.56372533113,86.02935799999999,64.207936,67.09095925006929,0.33332603614086165,63,64,,False,False,Request timeout: 300.0s exceeded,460,21.16838264042747
247,2026-09-14T02:20:06.086+00:00,2026-09-14T02:24:59.622+00:00,2026-09-14T02:25:06.093+00:00,False,98,97.0,,97.0,293536.30045499996,300007.68810299993,300007.68812899996,3061.3029400918363,0.03531,293536.30045499996,29644.911211700135,87.75744069999999,66.71533657731959,19.574874825144207,0.32332504747910845,63,64,,False,False,Request timeout: 300.0s exceeded,511,21.16838264042747
248,2026-09-14T02:20:09.352+00:00,2026-09-14T02:25:03.634+00:00,2026-09-14T02:25:09.375+00:00,False,84,83.0,,83.0,294281.956842,300023.268586,300023.26849700004,3571.7055773452385,0.03454,294281.956842,32101.252567191394,88.9568973,69.17243065060242,19.778635501755275,0.27664520952383564,63,64,,False,False,Request timeout: 300.0s exceeded,440,21.16838264042747
249,2026-09-14T02:20:12.620+00:00,2026-09-14T02:25:06.270+00:00,2026-09-14T02:25:12.687+00:00,False,94,93.0,,93.0,293650.700607,300066.932287,300066.932468,3192.2014092340423,0.02513,293650.700607,30280.64738982989,87.77810315,68.99173849462366,19.460376729024087,0.3099308520641983,63,64,,False,False,Request timeout: 300.0s exceeded,356,21.16838264042747
250,2026-09-14T02:20:16.115+00:00,2026-09-14T02:25:10.027+00:00,2026-09-14T02:25:16.144+00:00,False,88,87.0,,87.0,293911.396919,300028.719927,300028.72003100003,3409.417273079546,0.030449999999999998,293911.396919,31323.57110471324,88.56414935000001,70.31405756321838,20.178067690494185,0.2899722400614447,63,64,,False,False,Request timeout: 300.0s exceeded,283,21.16838264042747
251,2026-09-14T02:20:20.348+00:00,2026-09-14T02:25:14.512+00:00,2026-09-14T02:25:20.364+00:00,False,85,84.0,,84.0,294164.306769,300015.64091300004,300015.64091200003,3529.5957754352944,0.03785,294164.306769,31899.049817847255,90.1743262,69.65873980952381,20.483575802932787,0.2799854025755901,63,64,,False,False,Request timeout: 300.0s exceeded,343,21.16838264042747
252,2026-09-14T02:20:24.745+00:00,2026-09-14T02:25:18.543+00:00,2026-09-14T02:25:24.798+00:00,False,96,95.0,,95.0,293798.148976,300052.917872,300052.918026,3125.5512294375003,0.06334000000000001,293798.148976,29978.935631850083,90.045625,65.8396725894737,21.104346895551792,0.3166108187640627,63,64,,False,False,Request timeout: 300.0s exceeded,374,21.16838264042747
253,2026-09-14T02:20:28.065+00:00,2026-09-14T02:25:21.541+00:00,2026-09-14T02:25:28.109+00:00,False,100,99.0,,99.0,293475.500548,300043.42298,300043.422959,3000.4342295899996,0.02443,293475.500548,29340.922937598367,88.511225,66.34265082828283,20.58469887248252,0.3299522416347019,63,64,,False,False,Request timeout: 300.0s exceeded,473,21.16838264042747
254,2026-09-14T02:20:32.220+00:00,2026-09-14T02:25:25.943+00:00,2026-09-14T02:25:32.275+00:00,False,91,90.0,,90.0,293723.403778,300055.19257799996,300055.19257899997,3297.3098085604393,0.03427,293723.403778,30783.210939587716,90.83116300000002,70.3532088888889,20.760441910892915,0.29994481757420116,63,64,,False,False,Request timeout: 300.0s exceeded,396,21.16838264042747
255,2026-09-14T02:20:36.725+00:00,2026-09-14T02:25:30.401+00:00,2026-09-14T02:25:36.761+00:00,False,91,90.0,,90.0,293676.224032,300036.401952,300036.402,3297.103318681319,0.02961,293676.224032,30778.231605598026,91.279242,70.66864355555555,20.016564646620626,0.2999636024644711,63,64,,False,False,Request timeout: 300.0s exceeded,431,21.16838264042747
256,2026-09-14T02:20:40.437+00:00,2026-09-14T02:25:34.547+00:00,2026-09-14T02:25:40.461+00:00,False,88,87.0,,87.0,294109.83885,300023.245826,300023.246001,3409.355068193182,0.03616,294109.83885,31344.974494079088,89.2576362,67.97019512643678,19.468383128469938,0.2899775307759189,63,64,,False,False,Request timeout: 300.0s exceeded,474,21.16838264042747
257,2026-09-14T02:20:43.660+00:00,2026-09-14T02:25:37.599+00:00,2026-09-14T02:25:43.720+00:00,False,89,88.0,,88.0,293938.652102,300060.31584600004,300060.31562400004,3371.464220494382,0.04499,293938.652102,31150.06720170449,89.17004079999998,69.56436072727273,19.76763127983325,0.29327436969427256,63,64,,False,False,Request timeout: 300.0s exceeded,439,21.16838264042747
258,2026-09-14T02:20:47.571+00:00,2026-09-14T02:25:41.141+00:00,2026-09-14T02:25:47.624+00:00,False,94,93.0,,93.0,293569.93037300004,300052.57254900003,300052.57260600006,3192.0486447446815,0.04535,293569.93037300004,30272.24323112322,89.806633,69.70582984946236,19.935557785356302,0.3099456845510386,63,64,,False,False,Request timeout: 300.0s exceeded,457,21.16838264042747
259,2026-09-14T02:20:51.347+00:00,2026-09-14T02:25:45.332+00:00,2026-09-14T02:25:51.609+00:00,False,79,78.0,,78.0,293985.844669,300262.304701,300262.304666,3800.788666658228,0.04061,293985.844669,33067.01341351705,90.62920700000001,80.46743630769231,70.89256932885766,0.2597728678519006,63,64,,False,False,Request timeout: 300.0s exceeded,340,21.16838264042747
260,2026-09-14T02:20:55.031+00:00,2026-09-14T02:25:48.992+00:00,2026-09-14T02:25:55.071+00:00,False,95,94.0,,94.0,293961.501906,300040.19733,300040.197406,3158.317867431579,0.0,293961.501906,30153.25867625171,88.2797427,64.66697259574468,69.67279912057283,0.31329135508004563,63,64,,False,False,Request timeout: 300.0s exceeded,357,21.16838264042747
261,2026-09-14T02:20:58.384+00:00,2026-09-14T02:25:51.909+00:00,2026-09-14T02:25:58.423+00:00,False,102,101.0,,101.0,293525.429818,300039.256378,300039.256478,2941.561338019608,0.052198999999999995,293525.429818,29056.96977910777,88.59627705000001,64.49333227722772,20.63871719351592,0.3366226180508748,63,64,,False,False,Request timeout: 300.0s exceeded,424,21.16838264042747
262,2026-09-14T02:21:02.217+00:00,2026-09-14T02:25:55.985+00:00,2026-09-14T02:26:02.277+00:00,False,92,91.0,,91.0,293767.33221799997,300060.129402,300060.129387,3261.523145510869,0.03663,293767.33221799997,30620.15845147149,89.31443650000001,69.15161740659342,19.957854153091812,0.30327254801015047,63,64,,False,False,Request timeout: 300.0s exceeded,455,21.16838264042747
263,2026-09-14T02:21:05.769+00:00,2026-09-14T02:25:59.901+00:00,2026-09-14T02:26:05.801+00:00,False,86,85.0,,85.0,294131.46609,300032.12298600003,300032.123149,3488.745618011628,0.02466,294131.46609,31709.532611066094,90.493004,69.41949289411765,20.6314320736949,0.28330299820584953,63,64,,False,False,Request timeout: 300.0s exceeded,304,21.16838264042747
264,2026-09-14T02:21:09.290+00:00,2026-09-14T02:26:03.231+00:00,2026-09-14T02:26:09.346+00:00,False,94,93.0,,93.0,293941.093255,300055.676807,300055.676852,3192.081668638298,0.04305,293941.093255,30310.93445878456,90.89907480000002,65.74821023655913,20.705201698157214,0.309942477974909,63,64,,False,False,Request timeout: 300.0s exceeded,162,21.16838264042747
265,2026-09-14T02:21:12.444+00:00,2026-09-14T02:26:06.134+00:00,2026-09-14T02:26:12.529+00:00,False,95,94.0,,94.0,293689.901518,300085.311694,300085.311789,3158.792755673684,0.02271,293689.901518,30124.974357030067,89.11274569999999,68.03627846808511,20.068830862431028,0.313244255339804,63,64,,False,False,Request timeout: 300.0s exceeded,458,21.16838264042747
266,2026-09-14T02:21:15.217+00:00,2026-09-14T02:26:09.261+00:00,2026-09-14T02:26:15.304+00:00,False,87,86.0,,86.0,294043.373833,300086.426121,300086.426219,3449.2692668850577,0.037149999999999996,294043.373833,31517.23148227614,88.81919699999999,70.26804986046511,20.077852056369867,0.28658410549140706,63,64,,False,False,Request timeout: 300.0s exceeded,330,21.16838264042747
267,2026-09-14T02:21:19.561+00:00,2026-09-14T02:26:13.422+00:00,2026-09-14T02:26:19.597+00:00,False,94,93.0,,93.0,293860.91925800004,300036.31177000003,300036.311655,3191.875655904256,0.02488,293860.91925800004,30302.597493097695,88.576718,66.40207002150538,20.390771577468612,0.3099624823787707,63,64,,False,False,Request timeout: 300.0s exceeded,323,21.16838264042747
268,2026-09-14T02:21:22.316+00:00,2026-09-14T02:26:15.994+00:00,2026-09-14T02:26:22.332+00:00,False,97,96.0,,96.0,293677.41201800003,300015.89982600004,300015.89972000004,3092.947419793815,0.024030000000000003,293677.41201800003,29811.726986636193,89.93349,66.02591466666667,21.249847126152936,0.31998304108441267,63,64,,False,False,Request timeout: 300.0s exceeded,548,21.16838264042747
269,2026-09-14T02:21:26.997+00:00,2026-09-14T02:26:20.381+00:00,2026-09-14T02:26:27.044+00:00,False,97,96.0,,96.0,293384.12715899997,300046.47544699995,300046.475238,3093.2626313195874,0.02619,293384.12715899997,29781.605637710647,89.24851499999998,69.39946133333333,20.87958282632224,0.3199504338685605,63,64,,False,False,Request timeout: 300.0s exceeded,461,21.16838264042747
270,2026-09-14T02:21:31.478+00:00,2026-09-14T02:26:24.930+00:00,2026-09-14T02:26:31.509+00:00,False,100,99.0,,99.0,293452.047219,300030.525555,300030.525563,3000.30525563,0.03886,293452.047219,29338.56706314255,89.52536405,66.44927612121212,20.757362283889144,0.32996642530578724,63,64,,False,False,Request timeout: 300.0s exceeded,525,21.16838264042747
271,2026-09-14T02:21:36.218+00:00,2026-09-14T02:26:29.756+00:00,2026-09-14T02:26:36.310+00:00,False,98,97.0,,97.0,293538.67640600004,300092.02578200004,300092.02562500007,3062.1635267857146,0.023989999999999997,293538.67640600004,29645.066045193144,88.61538935,67.56030284536084,19.849178952672375,0.32323418040593,63,64,,False,False,Request timeout: 300.0s exceeded,442,21.16838264042747
272,2026-09-14T02:21:40.121+00:00,2026-09-14T02:26:33.960+00:00,2026-09-14T02:26:40.180+00:00,False,95,94.0,,94.0,293838.387604,300058.457492,300058.457597,3158.510079968421,0.033159,293838.387604,30140.4000992094,88.68197,66.17095625531915,20.09396419960467,0.31327228962545134,63,64,,False,False,Request timeout: 300.0s exceeded,460,21.16838264042747
273,2026-09-14T02:21:43.483+00:00,2026-09-14T02:26:37.101+00:00,2026-09-14T02:26:43.536+00:00,False,97,96.0,,96.0,293618.150481,300053.216081,300053.21629,3093.332126701031,0.02137,293618.150481,29805.607242678692,89.31801879999999,67.03193333333334,20.525983783250965,0.3199432462476409,63,64,,False,False,Request timeout: 300.0s exceeded,505,21.16838264042747
274,2026-09-14T02:21:47.038+00:00,2026-09-14T02:26:40.665+00:00,2026-09-14T02:26:47.074+00:00,False,102,101.0,,101.0,293626.256995,300035.207011,300035.207069,2941.5216379313724,0.0,293626.256995,29067.11730200386,89.30793350000002,63.454950653465346,63.45946447329034,0.33662716121277425,63,64,,False,False,Request timeout: 300.0s exceeded,453,21.16838264042747
275,2026-09-14T02:21:50.025+00:00,2026-09-14T02:26:43.877+00:00,2026-09-14T02:26:50.061+00:00,False,99,98.0,,98.0,293852.120381,300036.042045,300036.04196,3030.6670905050505,0.0,293852.120381,29526.97614061986,90.28908929999997,63.10124146938775,64.04360303258088,0.3266274255987611,63,64,,False,False,Request timeout: 300.0s exceeded,438,21.16838264042747
276,2026-09-14T02:21:53.248+00:00,2026-09-14T02:26:47.657+00:00,2026-09-14T02:26:53.270+00:00,False,86,85.0,,85.0,294408.74253600003,300021.911688,300021.91172100004,3488.6268804767446,0.02513,294408.74253600003,31739.796544185072,88.02012675,66.03728414117647,20.219754664732037,0.2833126404727183,63,64,,False,False,Request timeout: 300.0s exceeded,256,21.16838264042747
277,2026-09-14T02:21:57.939+00:00,2026-09-14T02:26:51.854+00:00,2026-09-14T02:26:57.968+00:00,False,90,89.0,,89.0,293914.89621100004,300028.39867500006,300028.39874900004,3333.6488749888895,0.023829999999999997,293914.89621100004,30974.1160304702,88.7905384,68.69103892134832,19.960389578579427,0.29663858619066097,63,64,,False,False,Request timeout: 300.0s exceeded,377,21.16838264042747
278,2026-09-14T02:22:02.685+00:00,2026-09-14T02:26:56.446+00:00,2026-09-14T02:27:02.716+00:00,False,89,88.0,,88.0,293760.33263,300030.25339800003,300030.253427,3371.126443,0.040549999999999996,293760.33263,31130.986781282663,89.4745868,71.24909963636364,19.742532708499102,0.2933037552158618,63,64,,False,False,Request timeout: 300.0s exceeded,276,21.16838264042747
279,2026-09-14T02:22:06.112+00:00,2026-09-14T02:27:00.098+00:00,2026-09-14T02:27:06.171+00:00,False,89,88.0,,88.0,293985.426166,300058.632694,300058.632768,3371.4453120000003,0.035329,293985.426166,31155.083732110248,89.096548,69.01371054545454,19.9613172169423,0.2932760147905574,63,64,,False,False,Request timeout: 300.0s exceeded,387,21.16838264042747
280,2026-09-14T02:22:09.394+00:00,2026-09-14T02:27:03.536+00:00,2026-09-14T02:27:09.472+00:00,False,89,88.0,,88.0,294141.318068,300077.074612,300077.07462,3371.652523820225,0.022760000000000002,294141.318068,31171.773796529444,87.6880084,67.4517789090909,19.952973563386553,0.29325799084713183,63,64,,False,False,Request timeout: 300.0s exceeded,488,21.16838264042747
281,2026-09-14T02:22:14.149+00:00,2026-09-14T02:27:07.905+00:00,2026-09-14T02:27:14.165+00:00,False,95,94.0,,94.0,293755.589124,300016.31386,300016.31381099997,3158.066461168421,0.039409999999999994,293755.589124,30131.860940463048,90.680671,66.60345463829788,20.33115309998944,0.3133162953394071,63,64,,False,False,Request timeout: 300.0s exceeded,403,21.16838264042747
282,2026-09-14T02:22:17.148+00:00,2026-09-14T02:27:11.275+00:00,2026-09-14T02:27:17.202+00:00,False,91,90.0,,90.0,294127.87905800005,300054.9472180001,300054.94720000005,3297.3071120879126,0.02291,294127.87905800005,30826.082919750163,89.25597150000002,65.8563128888889,20.845381220224446,0.29994506284414624,63,64,,False,False,Request timeout: 300.0s exceeded,409,21.16838264042747
283,2026-09-14T02:22:20.351+00:00,2026-09-14T02:27:14.077+00:00,2026-09-14T02:27:20.411+00:00,False,97,96.0,,96.0,293726.12567900005,300060.54743900005,300060.54738000006,3093.407704948454,0.023190000000000002,293726.12567900005,29816.676895627792,89.176517,65.98356,20.509457159467654,0.31993542909707595,63,64,,False,False,Request timeout: 300.0s exceeded,428,21.16838264042747
284,2026-09-14T02:22:23.165+00:00,2026-09-14T02:27:16.856+00:00,2026-09-14T02:27:23.198+00:00,False,92,91.0,,91.0,293691.11003399995,300032.90766599996,300032.90778999997,3261.227258586956,0.0352,293691.11003399995,30612.155834576966,90.192983,69.69008386813186,20.31540322359145,0.3033000636760226,63,64,,False,False,Request timeout: 300.0s exceeded,495,21.16838264042747
285,2026-09-14T02:22:26.414+00:00,2026-09-14T02:27:20.629+00:00,2026-09-14T02:27:26.430+00:00,False,81,80.0,,80.0,294215.25813800003,300016.03074600006,300016.030596,3703.9016122962967,0.037789,294215.25813800003,32682.53265192056,88.698112,72.5096576,18.270045222000935,0.2666524178760624,63,64,,False,False,Request timeout: 300.0s exceeded,340,21.16838264042747
286,2026-09-14T02:22:29.404+00:00,2026-09-14T02:27:23.106+00:00,2026-09-14T02:27:29.433+00:00,False,93,92.0,,92.0,293702.49212199997,300029.508826,300029.50886999996,3226.123751290322,0.03443,293702.49212199997,30448.40434238388,88.3111296,68.77192069565217,19.160589190729063,0.3066365050557569,63,64,,False,False,Request timeout: 300.0s exceeded,487,21.16838264042747
287,2026-09-14T02:22:34.077+00:00,2026-09-14T02:27:27.983+00:00,2026-09-14T02:27:34.101+00:00,False,97,96.0,,96.0,293906.14905400004,300024.18399800005,300024.184033,3093.0328250824746,0.02426,293906.14905400004,29835.184147936165,86.582377,63.72953066666666,20.19897393093511,0.31997420581482167,63,64,,False,False,Request timeout: 300.0s exceeded,500,21.16838264042747
288,2026-09-14T02:22:38.825+00:00,2026-09-14T02:27:32.704+00:00,2026-09-14T02:27:38.887+00:00,False,94,93.0,,93.0,293879.754493,300062.077949,300062.077925,3192.149765159574,0.037770000000000005,293879.754493,30304.53256440632,87.4348415,66.47659630107528,20.469477020505124,0.30993586605704543,63,64,,False,False,Request timeout: 300.0s exceeded,401,21.16838264042747
289,2026-09-14T02:22:41.483+00:00,2026-09-14T02:27:35.320+00:00,2026-09-14T02:27:41.564+00:00,False,90,89.0,,89.0,293836.28385500005,300080.72391900007,300080.72388700006,3334.2302654111118,0.041960000000000004,293836.28385500005,30965.67452118071,90.83467535,70.16224791011237,20.019616582989084,0.2965868611541457,63,64,,False,False,Request timeout: 300.0s exceeded,468,21.16838264042747
290,2026-09-14T02:22:44.999+00:00,2026-09-14T02:27:38.622+00:00,2026-09-14T02:27:45.049+00:00,False,99,98.0,,98.0,293623.240646,300050.62343000004,300050.62336200004,3030.8143773939396,0.0,293623.240646,29503.73186433567,91.9820564,65.5855386122449,67.94152386950107,0.3266115526764196,63,64,,False,False,Request timeout: 300.0s exceeded,440,21.16838264042747
291,2026-09-14T02:22:49.436+00:00,2026-09-14T02:27:43.562+00:00,2026-09-14T02:27:49.474+00:00,False,89,88.0,,88.0,294126.097466,300037.967418,300037.96751,3371.2131180898878,0.03331,294126.097466,31170.189982828746,88.96309240000001,67.18034036363636,21.170847329484282,0.29329621433344194,63,64,,False,False,Request timeout: 300.0s exceeded,334,21.16838264042747
292,2026-09-14T02:22:53.352+00:00,2026-09-14T02:27:46.990+00:00,2026-09-14T02:27:53.426+00:00,False,94,93.0,,93.0,293637.537699,300073.769123,300073.768986,3192.274138148936,0.025998999999999998,293637.537699,30279.2680221623,89.81555965,69.20678950537634,20.17519936650254,0.30992379064589076,63,64,,False,False,Request timeout: 300.0s exceeded,350,21.16838264042747
293,2026-09-14T02:22:57.915+00:00,2026-09-14T02:27:51.718+00:00,2026-09-14T02:27:57.962+00:00,False,94,93.0,,93.0,293803.094681,300047.245977,300047.24594399997,3191.9919781276594,0.04776,293803.094681,30296.557760639356,89.970498,67.14141178494623,21.37812348182934,0.3099511868445174,63,64,,False,False,Request timeout: 300.0s exceeded,412,21.16838264042747
294,2026-09-14T02:23:02.074+00:00,2026-09-14T02:27:55.373+00:00,2026-09-14T02:28:02.082+00:00,False,104,103.0,,103.0,293299.286847,300007.717183,300007.71736,2884.68959,0.03936,293299.286847,28753.98199825321,88.44415,65.13039161165048,20.54868325750397,0.34332450167330736,63,64,,False,False,Request timeout: 300.0s exceeded,340,21.16838264042747
295,2026-09-14T02:23:05.784+00:00,2026-09-14T02:27:58.855+00:00,2026-09-14T02:28:05.809+00:00,False,105,104.0,,104.0,293071.01333999995,300024.78357999993,300024.78368399997,2857.3788922285707,0.027739999999999997,293071.01333999995,28594.283993420217,88.4261872,66.86317538461539,19.87602361651516,0.3466380302288227,63,64,,False,False,Request timeout: 300.0s exceeded,336,21.16838264042747
296,2026-09-14T02:23:08.652+00:00,2026-09-14T02:28:02.420+00:00,2026-09-14T02:28:08.663+00:00,False,91,90.0,,90.0,293767.82263999997,300011.21412799996,300011.214154,3296.826529164835,0.01995,293767.82263999997,30787.969980174254,89.994165,69.37101653333333,20.333125678510626,0.29998878629117326,63,64,,False,False,Request timeout: 300.0s exceeded,381,21.16838264042747
297,2026-09-14T02:23:12.104+00:00,2026-09-14T02:28:06.103+00:00,2026-09-14T02:28:14.719+00:00,False,88,87.0,,87.0,293999.675072,302615.210944,302615.210997,3438.809215875,0.05332,293999.675072,31331.23868930784,90.79949884999998,99.02914795402299,289.7652141286029,0.287493810137983,63,64,,False,False,Request timeout: 300.0s exceeded,457,21.16838264042747
298,2026-09-14T02:23:16.677+00:00,2026-09-14T02:28:10.428+00:00,2026-09-14T02:28:16.745+00:00,False,105,104.0,,104.0,293750.710311,300067.837735,300067.837671,2857.7889302,0.01542,293750.710311,28662.456702002775,89.38359980000001,60.74160984615385,269.03531786166326,0.34658829411716524,63,64,,False,False,Request timeout: 300.0s exceeded,234,21.16838264042747
299,2026-09-14T02:23:21.278+00:00,2026-09-14T02:28:15.913+00:00,2026-09-14T02:28:21.363+00:00,False,79,78.0,,78.0,294634.735946,300085.14823399996,300085.14807999996,3798.5461782278476,0.045539,294634.735946,33141.141644500814,87.838278,69.87708061538461,19.682098804696075,0.25992622580300867,63,64,,False,False,Request timeout: 300.0s exceeded,322,21.16838264042747
300,2026-09-14T02:23:25.106+00:00,2026-09-14T02:28:18.507+00:00,2026-09-14T02:28:25.176+00:00,False,96,95.0,,95.0,293400.902326,300069.595062,300069.59492899996,3125.7249471770833,0.02884,293400.902326,29937.946569786058,89.75066075,70.19676564210526,20.282533146972234,0.31659322225022907,63,64,,False,False,Request timeout: 300.0s exceeded,401,21.16838264042747
301,2026-09-14T02:23:29.091+00:00,2026-09-14T02:28:22.545+00:00,2026-09-14T02:28:29.105+00:00,False,97,96.0,,96.0,293454.00518,300014.203836,300014.20392099995,3092.929937329897,0.044289999999999996,293454.00518,29788.808611688506,89.417189,68.33540266666667,20.733718151794594,0.3199848499588957,63,64,,False,False,Request timeout: 300.0s exceeded,445,21.16838264042747
302,2026-09-14T02:23:32.947+00:00,2026-09-14T02:28:26.538+00:00,2026-09-14T02:28:32.990+00:00,False,96,95.0,,95.0,293590.985675,300043.179211,300043.179215,3125.4497834895833,0.027559999999999998,293590.985675,29957.57937196836,89.24381925,67.91782669473683,20.152256581719787,0.31662109516974873,63,64,,False,False,Request timeout: 300.0s exceeded,422,21.16838264042747
303,2026-09-14T02:23:37.667+00:00,2026-09-14T02:28:31.480+00:00,2026-09-14T02:28:37.745+00:00,False,81,80.0,,80.0,293813.139212,300078.121996,300078.122067,3704.668173666667,0.09823,293813.139212,32637.270690135454,90.990848,78.3122848,66.89475499644688,0.26659724297083676,63,64,,False,False,Request timeout: 300.0s exceeded,367,21.16838264042747
304,2026-09-14T02:23:41.422+00:00,2026-09-14T02:28:35.216+00:00,2026-09-14T02:28:41.468+00:00,False,96,95.0,,95.0,293794.074207,300045.430111,300045.42996100005,3125.473228760417,0.0,293794.074207,29978.588045068092,87.20959074999999,65.80374635789474,66.04066496327766,0.31661871992136426,63,64,,False,False,Request timeout: 300.0s exceeded,414,21.16838264042747
305,2026-09-14T02:23:44.327+00:00,2026-09-14T02:28:38.245+00:00,2026-09-14T02:28:44.361+00:00,False,92,91.0,,91.0,293917.52935100003,300033.87623100006,300033.87613000005,3261.2377840217396,0.046079999999999996,293917.52935100003,30636.019649521797,88.95467004999999,67.21260307692307,19.81996835373862,0.30329908456716365,63,64,,False,False,Request timeout: 300.0s exceeded,287,21.16838264042747
306,2026-09-14T02:23:48.173+00:00,2026-09-14T02:28:42.247+00:00,2026-09-14T02:28:48.237+00:00,False,87,86.0,,86.0,294074.133786,300063.31420200004,300063.314083,3449.0036101494256,0.0215,294074.133786,31520.59614835976,88.28911230000001,69.64163274418604,19.586449449935646,0.28660617919492,63,64,,False,False,Request timeout: 300.0s exceeded,360,21.16838264042747
307,2026-09-14T02:23:51.698+00:00,2026-09-14T02:28:45.198+00:00,2026-09-14T02:28:51.729+00:00,False,98,97.0,,97.0,293499.57519400003,300030.442394,300030.442417,3061.535126704082,0.01832,293499.57519400003,29641.139961325116,89.39354350000002,67.32852783505155,20.32852298034444,0.3233005265266369,63,64,,False,False,Request timeout: 300.0s exceeded,441,21.16838264042747
308,2026-09-14T02:23:56.310+00:00,2026-09-14T02:28:49.802+00:00,2026-09-14T02:28:56.345+00:00,False,98,97.0,,97.0,293491.981286,300034.32855,300034.328505,3061.5747806632653,0.04845,293491.981286,29640.36153426589,91.02347135,67.44687901030927,21.234295877986295,0.323296339018204,63,64,,False,False,Request timeout: 300.0s exceeded,515,21.16838264042747
309,2026-09-14T02:23:59.288+00:00,2026-09-14T02:28:53.074+00:00,2026-09-14T02:28:59.296+00:00,False,92,91.0,,91.0,293786.04224800004,300008.07386400003,300008.07384300005,3260.9573243804352,0.04252,293786.04224800004,30622.191069703786,90.60336145000001,68.3739738021978,21.291310463766283,0.30332516997943265,63,64,,False,False,Request timeout: 300.0s exceeded,390,21.16838264042747
310,2026-09-14T02:24:03.689+00:00,2026-09-14T02:28:57.218+00:00,2026-09-14T02:29:03.767+00:00,False,97,96.0,,96.0,293529.851272,300078.43956,300078.439368,3093.59215843299,0.029809000000000002,293529.851272,29796.521713261325,89.50902880000001,68.21446133333333,20.469931755902824,0.3199163530067778,63,64,,False,False,Request timeout: 300.0s exceeded,428,21.16838264042747
311,2026-09-14T02:24:07.889+00:00,2026-09-14T02:29:01.442+00:00,2026-09-14T02:29:07.941+00:00,False,95,94.0,,94.0,293553.230297,300052.27874499996,300052.27857699996,3158.445037652631,0.03506,293553.230297,30110.83973564504,91.1071167,69.13881327659574,21.052184259265868,0.31327874060202054,63,64,,False,False,Request timeout: 300.0s exceeded,492,21.16838264042747
312,2026-09-14T02:24:11.915+00:00,2026-09-14T02:29:05.780+00:00,2026-09-14T02:29:11.951+00:00,False,91,90.0,,90.0,293865.051561,300035.205033,300035.205086,3297.0901657802196,0.030969999999999998,293865.051561,30798.24714062644,87.06913100000001,68.5572608,19.54841497706283,0.2999647990978298,63,64,,False,False,Request timeout: 300.0s exceeded,407,21.16838264042747
313,2026-09-14T02:24:14.966+00:00,2026-09-14T02:29:09.148+00:00,2026-09-14T02:29:15.000+00:00,False,90,89.0,,89.0,294182.33534399996,300034.48663999996,300034.48643,3333.7165158888884,0.02521,294182.33534399996,31002.61598085046,87.9201455,65.75450894382023,19.737010911468857,0.29663256713148356,63,64,,False,False,Request timeout: 300.0s exceeded,377,21.16838264042747
314,2026-09-14T02:24:19.135+00:00,2026-09-14T02:29:12.845+00:00,2026-09-14T02:29:19.182+00:00,False,98,97.0,,97.0,293710.664783,300047.59022300004,300047.59021500003,3061.710104234694,0.05168,293710.664783,29662.66534786743,88.8213567,65.32912824742267,20.553049429348775,0.32328204978386293,63,64,,False,False,Request timeout: 300.0s exceeded,390,21.16838264042747
315,2026-09-14T02:24:22.006+00:00,2026-09-14T02:29:15.792+00:00,2026-09-14T02:29:22.084+00:00,False,94,93.0,,93.0,293785.083107,300077.11638699996,300077.116224,3192.3097470638295,0.01688,293785.083107,30294.64613013502,89.11091495000001,67.65627182795699,20.236969987072893,0.3099203335453972,63,64,,False,False,Request timeout: 300.0s exceeded,139,21.16838264042747
316,2026-09-14T02:24:25.900+00:00,2026-09-14T02:29:19.916+00:00,2026-09-14T02:29:25.965+00:00,False,86,85.0,,85.0,294015.83625199995,300065.0906519999,300065.090773,3489.1289624767437,0.04635,294015.83625199995,31696.87498693977,89.55876274999999,71.1676988235294,19.95683274041,0.2832718721638254,63,64,,False,False,Request timeout: 300.0s exceeded,298,21.16838264042747
317,2026-09-14T02:24:29.372+00:00,2026-09-14T02:29:23.071+00:00,2026-09-14T02:29:29.423+00:00,False,91,90.0,,90.0,293698.867734,300050.91970200004,300050.91988500004,3297.262855879121,0.06666,293698.867734,30780.61466584757,90.33589400000001,70.5783552,19.84661908156108,0.2999490889392534,63,64,,False,False,Request timeout: 300.0s exceeded,330,21.16838264042747
318,2026-09-14T02:24:32.952+00:00,2026-09-14T02:29:26.800+00:00,2026-09-14T02:29:33.062+00:00,False,87,86.0,,86.0,293847.788953,300109.208985,300109.20894499996,3449.5311372988504,0.045520000000000005,293847.788953,31496.047869247515,89.69976929999999,72.8072096744186,63.783696024444865,0.28656234938894676,63,64,,False,False,Request timeout: 300.0s exceeded,343,21.16838264042747
319,2026-09-14T02:24:36.467+00:00,2026-09-14T02:29:30.315+00:00,2026-09-14T02:29:36.537+00:00,False,101,100.0,,100.0,293848.213904,300069.905296,300069.90532,2970.9891615841584,0.0,293848.213904,29232.866460184607,92.66683400000002,62.21691392,62.97949306580689,0.3332556788770814,63,64,,False,False,Request timeout: 300.0s exceeded,415,21.16838264042747
320,2026-09-14T02:24:39.092+00:00,2026-09-14T02:29:33.109+00:00,2026-09-14T02:29:39.135+00:00,False,104,103.0,,103.0,294016.308352,300042.767232,300042.76734,2885.0266090384616,0.0,294016.308352,28824.946750256415,88.88645700000001,58.50930951456311,27.54099913266238,0.3432843955887062,63,64,,False,False,Request timeout: 300.0s exceeded,499,21.16838264042747
321,2026-09-14T02:24:43.763+00:00,2026-09-14T02:29:37.514+00:00,2026-09-14T02:29:43.773+00:00,False,96,95.0,,95.0,293751.187995,300010.440731,300010.440521,3125.108755427083,0.022,293751.187995,29974.137603211362,89.1009095,65.88687090526315,20.701468988650163,0.31665564627859194,63,64,,False,False,Request timeout: 300.0s exceeded,387,21.16838264042747
322,2026-09-14T02:24:47.934+00:00,2026-09-14T02:29:41.509+00:00,2026-09-14T02:29:48.010+00:00,False,103,102.0,,102.0,293575.052561,300075.74196899997,300075.742058,2913.3567190097087,0.0167,293575.052561,28920.537269431457,89.5882011,63.73224909803922,20.975395329052343,0.3399141807688585,63,64,,False,False,Request timeout: 300.0s exceeded,473,21.16838264042747
323,2026-09-14T02:24:52.360+00:00,2026-09-14T02:29:45.977+00:00,2026-09-14T02:29:52.432+00:00,False,102,101.0,,101.0,293617.095005,300071.986525,300071.986479,2941.882220382353,0.02842,293617.095005,29066.104343003346,90.36451349999999,63.90981702970297,21.45257813483727,0.3365859011687029,63,64,,False,False,Request timeout: 300.0s exceeded,451,21.16838264042747
324,2026-09-14T02:24:55.658+00:00,2026-09-14T02:29:49.506+00:00,2026-09-14T02:29:55.669+00:00,False,88,87.0,,87.0,293848.50342,300011.240316,300011.24017,3409.2186382954546,0.02332,293848.50342,31316.81071138106,89.22985315,70.83605627586206,19.73311426705913,0.28998913476829546,63,64,,False,False,Request timeout: 300.0s exceeded,352,21.16838264042747
325,2026-09-14T02:24:59.096+00:00,2026-09-14T02:29:52.777+00:00,2026-09-14T02:29:59.176+00:00,False,94,93.0,,93.0,293681.143785,300080.36631300004,300080.366476,3192.344324212766,0.037389000000000006,293681.143785,30283.807093382093,89.86320265,68.80884438709678,20.778096608009655,0.30991697705072774,63,64,,False,False,Request timeout: 300.0s exceeded,447,21.16838264042747
326,2026-09-14T02:25:03.191+00:00,2026-09-14T02:29:56.505+00:00,2026-09-14T02:30:03.269+00:00,False,101,100.0,,100.0,293313.81341299997,300077.803173,300077.803224,2971.067358653465,0.02188,293313.81341299997,29179.091941533934,88.16439399999999,67.6398976,20.44085436330306,0.33324690777727495,63,64,,False,False,Request timeout: 300.0s exceeded,285,21.16838264042747
327,2026-09-14T02:25:05.958+00:00,2026-09-14T02:29:59.427+00:00,2026-09-14T02:30:05.988+00:00,False,96,95.0,,95.0,293468.642329,300029.717017,300029.717228,3125.3095544583334,0.03338,293468.642329,29944.975618441546,87.88135975000002,69.06394408421053,19.90207146890225,0.3166353018111776,63,64,,False,False,Request timeout: 300.0s exceeded,390,21.16838264042747
328,2026-09-14T02:25:09.678+00:00,2026-09-14T02:30:03.270+00:00,2026-09-14T02:30:09.732+00:00,False,95,94.0,,94.0,293592.60954900004,300054.30913300003,300054.3089090001,3158.4664095684216,0.04101,293592.60954900004,30114.92093441914,90.5362527,68.74148493617021,21.351740761696767,0.313276620727797,63,64,,False,False,Request timeout: 300.0s exceeded,449,21.16838264042747
329,2026-09-14T02:25:13.110+00:00,2026-09-14T02:30:06.989+00:00,2026-09-14T02:30:13.168+00:00,False,91,90.0,,90.0,293879.354397,300058.325021,300058.325113,3297.344232010989,0.019809999999999998,293879.354397,30799.737044709833,90.7869585,68.65522915555556,20.82842566796177,0.29994168631615614,63,64,,False,False,Request timeout: 300.0s exceeded,408,21.16838264042747
330,2026-09-14T02:25:17.234+00:00,2026-09-14T02:30:11.047+00:00,2026-09-14T02:30:17.244+00:00,False,95,94.0,,94.0,293812.7807,300009.77142,300009.771258,3157.997592189474,0.02223,293812.7807,30137.797652413326,86.18194670000001,65.92543319148936,19.439207876784835,0.3133231279604033,63,64,,False,False,Request timeout: 300.0s exceeded,375,21.16838264042747
331,2026-09-14T02:25:21.519+00:00,2026-09-14T02:30:15.366+00:00,2026-09-14T02:30:21.557+00:00,False,93,92.0,,92.0,293847.390791,300038.681415,300038.681221,3226.22237872043,0.03411,293847.390791,30463.583048579407,88.24507379999999,67.2966372173913,19.85071734074396,0.3066271307623491,63,64,,False,False,Request timeout: 300.0s exceeded,424,21.16838264042747
332,2026-09-14T02:25:24.648+00:00,2026-09-14T02:30:18.033+00:00,2026-09-14T02:30:24.703+00:00,False,97,96.0,,96.0,293385.07584899996,300055.21728899993,300055.21713799995,3093.3527539999995,0.033100000000000004,293385.07584899996,29781.692944503233,90.14690780000001,69.48064,19.730071520691116,0.3199411123971127,63,64,,False,False,Request timeout: 300.0s exceeded,435,21.16838264042747
333,2026-09-14T02:25:29.031+00:00,2026-09-14T02:30:22.697+00:00,2026-09-14T02:30:29.073+00:00,False,100,99.0,,99.0,293665.866438,300041.330886,300041.33106,3000.4133106,0.0,293665.866438,29360.216916865884,90.2154095,64.39863078787879,64.50160187547145,0.3299545422880917,63,64,,False,False,Request timeout: 300.0s exceeded,512,21.16838264042747
334,2026-09-14T02:25:33.688+00:00,2026-09-14T02:30:28.130+00:00,2026-09-14T02:30:33.710+00:00,False,99,98.0,,98.0,294441.765903,300021.360911,300021.36082500004,3030.5187962121213,0.0,294441.765903,29586.80226966209,91.3343329,56.93464293877551,28.413422063503294,0.32664340866406266,63,64,,False,False,Request timeout: 300.0s exceeded,462,21.16838264042747
335,2026-09-14T02:25:37.092+00:00,2026-09-14T02:30:31.019+00:00,2026-09-14T02:30:37.150+00:00,False,90,89.0,,89.0,293927.046593,300058.431425,300058.43136,3333.9825706666666,0.14614,293927.046593,30975.37611899243,92.11050185,68.89196440449437,20.7382940224224,0.296608895731849,63,64,,False,False,Request timeout: 300.0s exceeded,198,21.16838264042747
336,2026-09-14T02:25:41.323+00:00,2026-09-14T02:30:35.342+00:00,2026-09-14T02:30:41.341+00:00,False,91,90.0,,90.0,294019.35889200005,300018.45674800006,300018.4568880001,3296.906119648352,0.0254,294019.35889200005,30814.622970761175,89.20544149999999,66.65664284444445,20.771165896658076,0.29998154438743524,63,64,,False,False,Request timeout: 300.0s exceeded,429,21.16838264042747
337,2026-09-14T02:25:44.644+00:00,2026-09-14T02:30:38.238+00:00,2026-09-14T02:30:44.735+00:00,False,99,98.0,,98.0,293593.630112,300091.166624,300091.16665599996,3031.2239056161616,0.03406,293593.630112,29500.613536021072,89.6692808,66.30139297959184,20.454201204110507,0.32656742650072523,63,64,,False,False,Request timeout: 300.0s exceeded,440,21.16838264042747
338,2026-09-14T02:25:48.647+00:00,2026-09-14T02:30:42.025+00:00,2026-09-14T02:30:48.715+00:00,False,99,98.0,,98.0,293378.197188,300068.18554000003,300068.185516,3030.991772888889,0.05085,293378.197188,29478.764004618995,89.02058490000002,68.26518726530611,19.94645186011698,0.3265924370610635,63,64,,False,False,Request timeout: 300.0s exceeded,467,21.16838264042747
339,2026-09-14T02:25:52.676+00:00,2026-09-14T02:30:46.703+00:00,2026-09-14T02:30:52.698+00:00,False,94,93.0,,93.0,294027.41593300004,300021.98591700004,300021.98597800004,3191.7232550851068,0.02393,294027.41593300004,30319.97072849249,88.47443599999998,64.45774176344086,20.20434104787494,0.3099772828839554,63,64,,False,False,Request timeout: 300.0s exceeded,460,21.16838264042747
340,2026-09-14T02:25:56.070+00:00,2026-09-14T02:30:49.793+00:00,2026-09-14T02:30:56.082+00:00,False,95,94.0,,94.0,293723.555179,300012.39101900003,300012.390923,3158.0251676105263,0.01704,293723.555179,30128.54403792737,89.011489,66.90250893617021,20.91065646956955,0.31332039213689317,63,64,,False,False,Request timeout: 300.0s exceeded,439,21.16838264042747
341,2026-09-14T02:25:59.137+00:00,2026-09-14T02:30:53.018+00:00,2026-09-14T02:30:59.181+00:00,False,89,88.0,,88.0,293881.843858,300044.389778,300044.389669,3371.285277179775,0.03191,293881.843858,31143.99635307472,88.31389800000001,70.0289309090909,19.85738588284472,0.29328993641610945,63,64,,False,False,Request timeout: 300.0s exceeded,380,21.16838264042747
342,2026-09-14T02:26:03.057+00:00,2026-09-14T02:30:56.759+00:00,2026-09-14T02:31:03.088+00:00,False,94,93.0,,93.0,293702.45889999997,300031.12834,300031.12846,3191.8205155319147,0.0371,293702.45889999997,30286.08336178597,88.60145950000002,68.05020903225807,20.08184814256153,0.30996783738589595,63,64,,False,False,Request timeout: 300.0s exceeded,353,21.16838264042747
343,2026-09-14T02:26:07.120+00:00,2026-09-14T02:31:00.236+00:00,2026-09-14T02:31:07.175+00:00,False,103,102.0,,102.0,293116.312261,300054.651845,300054.651944,2913.151960621359,0.030289999999999997,293116.312261,28874.91302885489,88.0192741,68.02293709803921,20.335106880107563,0.3399380725238361,63,64,,False,False,Request timeout: 300.0s exceeded,434,21.16838264042747
344,2026-09-14T02:26:11.581+00:00,2026-09-14T02:31:05.430+00:00,2026-09-14T02:31:11.636+00:00,False,93,92.0,,92.0,293848.942469,300055.455877,300055.455748,3226.4027499784947,0.04636,293848.942469,30463.727767611643,89.99995220000001,67.46210226086956,21.31060500389128,0.30660998891389274,63,64,,False,False,Request timeout: 300.0s exceeded,368,21.16838264042747
345,2026-09-14T02:26:15.190+00:00,2026-09-14T02:31:08.951+00:00,2026-09-14T02:31:15.195+00:00,False,95,94.0,,94.0,293761.419158,300005.68078999995,300005.680817,3157.9545349157893,0.04776,293761.419158,30132.477246404495,90.2067424,66.42831523404256,20.611393978790723,0.3133274001761279,63,64,,False,False,Request timeout: 300.0s exceeded,459,21.16838264042747
346,2026-09-14T02:26:17.988+00:00,2026-09-14T02:31:11.633+00:00,2026-09-14T02:31:18.004+00:00,False,99,98.0,,98.0,293645.248947,300016.578739,300016.578777,3030.47049269697,0.019969999999999998,293645.248947,29505.93045657112,86.80934590000001,65.01356930612245,19.86651696967759,0.326648615259543,63,64,,False,False,Request timeout: 300.0s exceeded,420,21.16838264042747
347,2026-09-14T02:26:21.806+00:00,2026-09-14T02:31:15.576+00:00,2026-09-14T02:31:21.894+00:00,False,100,99.0,,99.0,293770.126658,300087.818562,300087.818662,3000.8781866199997,0.0,293770.126658,29370.70854922376,87.41936545,63.81506973737374,67.76734100976422,0.3299034278512241,63,64,,False,False,Request timeout: 300.0s exceeded,453,21.16838264042747
348,2026-09-14T02:26:26.315+00:00,2026-09-14T02:31:19.974+00:00,2026-09-14T02:31:26.335+00:00,False,96,95.0,,95.0,293658.695928,300019.93368799996,300019.933659,3125.2076422812497,0.0,293658.695928,29964.660071524537,90.8508055,66.96039747368421,69.18973282584305,0.3166456269495528,63,64,,False,False,Request timeout: 300.0s exceeded,459,21.16838264042747
349,2026-09-14T02:26:29.909+00:00,2026-09-14T02:31:23.712+00:00,2026-09-14T02:31:29.943+00:00,False,87,86.0,,86.0,293803.429667,300033.942051,300033.942105,3448.666001206897,0.032049999999999995,293803.429667,31491.272520365077,88.4762223,72.44781841860465,19.17414465183525,0.28663423682038497,63,64,,False,False,Request timeout: 300.0s exceeded,389,21.16838264042747
350,2026-09-14T02:26:32.589+00:00,2026-09-14T02:31:26.336+00:00,2026-09-14T02:31:32.652+00:00,False,93,92.0,,92.0,293747.039249,300063.26350500004,300063.26350600005,3226.486704365592,0.02102,293747.039249,30453.036206780223,87.99222859999998,68.65461147826088,19.76015288646213,0.3066020109404928,63,64,,False,False,Request timeout: 300.0s exceeded,268,21.16838264042747
351,2026-09-14T02:26:36.491+00:00,2026-09-14T02:31:30.023+00:00,2026-09-14T02:31:36.550+00:00,False,95,94.0,,94.0,293531.083269,300058.924805,300058.924879,3158.5149987263158,0.022699999999999998,293531.083269,30108.534883297056,89.0402427,69.44512272340425,19.257141174566552,0.3132718017339028,63,64,,False,False,Request timeout: 300.0s exceeded,467,21.16838264042747
352,2026-09-14T02:26:41.092+00:00,2026-09-14T02:31:34.409+00:00,2026-09-14T02:31:41.118+00:00,False,101,100.0,,100.0,293316.756296,300025.93799199996,300025.93808299996,2970.5538424059405,0.039810000000000005,293316.756296,29179.43917745557,89.10922199999999,67.09181696,20.255706175135366,0.3333045158337825,63,64,,False,False,Request timeout: 300.0s exceeded,445,21.16838264042747
353,2026-09-14T02:26:45.483+00:00,2026-09-14T02:31:38.606+00:00,2026-09-14T02:31:45.553+00:00,False,108,107.0,,107.0,293123.622437,300070.75459699996,300070.754694,2778.4329138333333,0.01749,293123.622437,28199.593362018313,88.96134334999999,64.92646878504672,20.238391947774684,0.3565825671472143,63,64,,False,False,Request timeout: 300.0s exceeded,672,21.16838264042747
354,2026-09-14T02:26:49.390+00:00,2026-09-14T02:31:43.137+00:00,2026-09-14T02:31:49.402+00:00,False,98,97.0,,97.0,293747.673574,300012.46103,300012.461101,3061.3516438877555,0.048319,293747.673574,29666.47912780095,88.5598955,64.58543769072165,20.84900968957199,0.3233199036699359,63,64,,False,False,Request timeout: 300.0s exceeded,481,21.16838264042747
355,2026-09-14T02:26:52.693+00:00,2026-09-14T02:31:46.423+00:00,2026-09-14T02:31:52.741+00:00,False,97,96.0,,96.0,293730.36032700003,300048.31053500006,300048.31065000006,3093.2815530927837,0.03493,293730.36032700003,29817.124203160423,89.951942,65.81198133333334,20.396449495108026,0.31994847705966933,63,64,,False,False,Request timeout: 300.0s exceeded,449,21.16838264042747
356,2026-09-14T02:26:57.201+00:00,2026-09-14T02:31:50.989+00:00,2026-09-14T02:31:57.244+00:00,False,97,96.0,,96.0,293788.48486799997,300043.34541199997,300043.345485,3093.230365824742,0.03198,293788.48486799997,29823.092781969142,89.696073,65.15479733333333,20.6901913015139,0.3199537715731674,63,64,,False,False,Request timeout: 300.0s exceeded,450,21.16838264042747
357,2026-09-14T02:27:00.188+00:00,2026-09-14T02:31:54.004+00:00,2026-09-14T02:32:00.197+00:00,False,92,91.0,,91.0,293816.860612,300009.225668,300009.22565,3260.969844021739,0.046700000000000005,293816.860612,30625.437550141574,89.681101,68.04796764835166,20.485118777750802,0.30332400544476446,63,64,,False,False,Request timeout: 300.0s exceeded,317,21.16838264042747
358,2026-09-14T02:27:03.118+00:00,2026-09-14T02:31:56.996+00:00,2026-09-14T02:32:05.582+00:00,False,90,89.0,,89.0,293877.550208,302464.20288,302464.202841,3360.7133649,0.05192,293877.550208,30968.426139603067,89.42314945,96.47924350561797,272.12760158459344,0.2942496968320908,63,64,,False,False,Request timeout: 300.0s exceeded,349,21.16838264042747
359,2026-09-14T02:27:07.694+00:00,2026-09-14T02:32:01.409+00:00,2026-09-14T02:32:07.786+00:00,False,107,106.0,,106.0,293715.450145,300092.568609,300092.56864300004,2804.6034452616823,0.015229,293715.450145,28389.886611381906,91.5038149,60.16149494339623,257.6725917794323,0.35322434171340883,63,64,,False,False,Request timeout: 300.0s exceeded,525,21.16838264042747
360,2026-09-14T02:27:10.345+00:00,2026-09-14T02:32:05.768+00:00,2026-09-14T02:32:10.358+00:00,False,70,69.0,,69.0,295423.62608099997,300012.87638499995,300012.87646299996,4285.898235185714,0.018969999999999997,295423.62608099997,35301.9336214376,90.57065730000001,66.51087397101449,21.10106202268564,0.22999012852852957,63,64,,False,False,Request timeout: 300.0s exceeded,288,21.16838264042747
361,2026-09-14T02:27:14.041+00:00,2026-09-14T02:32:07.784+00:00,2026-09-14T02:32:14.057+00:00,False,94,93.0,,93.0,293743.397993,300016.259433,300016.259471,3191.662334797872,0.0485,293743.397993,30290.366999998078,87.2164135,67.45012301075269,18.822348633026902,0.30998319949645553,63,64,,False,False,Request timeout: 300.0s exceeded,366,21.16838264042747
362,2026-09-14T02:27:17.788+00:00,2026-09-14T02:32:11.658+00:00,2026-09-14T02:32:17.811+00:00,False,96,95.0,,95.0,293870.068599,300023.409271,300023.40924,3125.24384625,0.0,293870.068599,29986.448163575344,88.919562,64.77200707368421,65.4371871327956,0.3166419588085876,63,64,,False,False,Request timeout: 300.0s exceeded,212,21.16838264042747
363,2026-09-14T02:27:22.073+00:00,2026-09-14T02:32:15.534+00:00,2026-09-14T02:32:22.141+00:00,False,100,99.0,,99.0,293460.938287,300068.037167,300068.037229,3000.68037229,0.0,293460.938287,29339.490384434062,87.84643200000001,66.73837252525253,64.59672340097849,0.3299251760856572,63,64,,False,False,Request timeout: 300.0s exceeded,366,21.16838264042747
364,2026-09-14T02:27:24.776+00:00,2026-09-14T02:32:18.525+00:00,2026-09-14T02:32:24.794+00:00,False,89,88.0,,88.0,293748.73523299996,300018.18880099995,300018.18874899996,3370.9908848202244,0.02876,293748.73523299996,31129.75809892936,91.0529138,71.24379054545454,19.863646694361183,0.29331554980611463,63,64,,False,False,Request timeout: 300.0s exceeded,303,21.16838264042747
365,2026-09-14T02:27:28.258+00:00,2026-09-14T02:32:21.973+00:00,2026-09-14T02:32:28.345+00:00,False,89,88.0,,88.0,293714.260459,300086.085611,300086.085618,3371.7537709887642,0.04615,293714.260459,31125.980422797496,91.20538939999999,72.407104,19.788890888803486,0.2932491848824804,63,64,,False,False,Request timeout: 300.0s exceeded,469,21.16838264042747
366,2026-09-14T02:27:32.278+00:00,2026-09-14T02:32:25.814+00:00,2026-09-14T02:32:32.373+00:00,False,92,91.0,,91.0,293535.94647,300094.97008600004,300094.97015400004,3261.9018495000005,0.02062,293535.94647,30595.72995604928,90.98149705,72.07718259340659,20.177718728726312,0.30323733841297495,63,64,,False,False,Request timeout: 300.0s exceeded,443,21.16838264042747
367,2026-09-14T02:27:36.047+00:00,2026-09-14T02:32:29.901+00:00,2026-09-14T02:32:36.094+00:00,False,91,90.0,,90.0,293853.663352,300046.57471200003,300046.574673,3297.215106296703,0.03096,293853.663352,30797.027590199697,91.77645649999998,68.81012622222222,20.73196586899827,0.2999534325175569,63,64,,False,False,Request timeout: 300.0s exceeded,394,21.16838264042747
368,2026-09-14T02:27:40.652+00:00,2026-09-14T02:32:34.149+00:00,2026-09-14T02:32:40.678+00:00,False,94,93.0,,93.0,293496.814373,300026.246181,300026.246426,3191.768579,0.04967,293496.814373,30264.649844633816,88.32334415000001,70.208944172043,19.694633433054097,0.3099728813188393,63,64,,False,False,Request timeout: 300.0s exceeded,462,21.16838264042747
369,2026-09-14T02:27:43.535+00:00,2026-09-14T02:32:37.202+00:00,2026-09-14T02:32:43.595+00:00,False,100,99.0,,99.0,293666.74441000004,300059.77813800005,300059.77802100003,3000.5977802100006,0.01567,293666.74441000004,29360.223579587415,88.60761495000001,64.57609826262626,20.007653823076573,0.32993425714815083,63,64,,False,False,Request timeout: 300.0s exceeded,424,21.16838264042747
370,2026-09-14T02:27:46.283+00:00,2026-09-14T02:32:39.771+00:00,2026-09-14T02:32:46.307+00:00,False,101,100.0,,100.0,293487.66044300003,300023.80713100004,300023.80714100006,2970.5327439702974,0.01991,293487.66044300003,29196.61718864575,91.402107,65.36146688000001,20.603197019384954,0.33330688306457223,63,64,,False,False,Request timeout: 300.0s exceeded,329,21.16838264042747
371,2026-09-14T02:27:50.847+00:00,2026-09-14T02:32:44.666+00:00,2026-09-14T02:32:50.913+00:00,False,90,89.0,,89.0,293818.389054,300065.85683,300065.85675100004,3334.0650750111113,0.01889,293818.389054,30963.784454823195,88.51545949999999,70.19626714606741,19.69917064750551,0.29660155587252385,63,64,,False,False,Request timeout: 300.0s exceeded,405,21.16838264042747
372,2026-09-14T02:27:55.251+00:00,2026-09-14T02:32:48.691+00:00,2026-09-14T02:32:55.310+00:00,False,98,97.0,,97.0,293439.510852,300058.96608399996,300058.96611399995,3061.8261848367347,0.04883,293439.510852,29634.97997533612,89.73278285,68.24180651546392,19.85526941822106,0.3232697934873419,63,64,,False,False,Request timeout: 300.0s exceeded,492,21.16838264042747
373,2026-09-14T02:27:59.091+00:00,2026-09-14T02:32:53.062+00:00,2026-09-14T02:32:59.166+00:00,False,89,88.0,,88.0,293971.112267,300074.99245900003,300074.992668,3371.6291311011237,0.02716,293971.112267,31153.52876180663,86.89559639999999,69.3622749090909,18.73584440308037,0.2932600256984882,63,64,,False,False,Request timeout: 300.0s exceeded,304,21.16838264042747
374,2026-09-14T02:28:02.874+00:00,2026-09-14T02:32:56.725+00:00,2026-09-14T02:33:02.917+00:00,False,91,90.0,,90.0,293851.403276,300043.573004,300043.572931,3297.182120120879,0.02425,293851.403276,30796.790953406104,87.69400999999999,68.80188586666667,19.840988486424763,0.29995643332376987,63,64,,False,False,Request timeout: 300.0s exceeded,433,21.16838264042747
375,2026-09-14T02:28:05.605+00:00,2026-09-14T02:32:59.170+00:00,2026-09-14T02:33:05.624+00:00,False,96,95.0,,95.0,293564.59117699997,300018.48122499994,300018.48130899994,3125.192513635416,0.047679,293564.59117699997,29954.883519850846,88.92958425,67.93568471578946,19.92131931552454,0.31664715990864045,63,64,,False,False,Request timeout: 300.0s exceeded,422,21.16838264042747
376,2026-09-14T02:28:08.994+00:00,2026-09-14T02:33:02.834+00:00,2026-09-14T02:33:09.021+00:00,False,93,92.0,,92.0,293840.715141,300027.569541,300027.569546,3226.102898344086,0.027739999999999997,293840.715141,30462.897298824962,91.47166519999999,67.24841739130434,22.03145896734387,0.3066384870588629,63,64,,False,False,Request timeout: 300.0s exceeded,405,21.16838264042747
377,2026-09-14T02:28:14.617+00:00,2026-09-14T02:33:05.710+00:00,2026-09-14T02:33:14.752+00:00,False,148,147.0,,147.0,291093.60486699996,300134.935043,300134.93522999994,2027.9387515540539,0.0,291093.60486699996,23922.75827614501,90.06167434999999,61.50564745578232,56.84747036479688,0.48977970518140274,63,64,,False,False,Request timeout: 300.0s exceeded,726,21.16838264042747
378,2026-09-14T02:28:17.947+00:00,2026-09-14T02:33:11.435+00:00,2026-09-14T02:33:17.248+00:00,True,101,101.0,,101.0,293487.74231,299300.421478,299300.421305,2963.3705079702972,27.794672,293487.74231,29197.345094429795,91.84742699999998,58.12679168,20.434464291478193,0.33745358426574745,63,64,,False,True,,456,21.16838264042747
379,2026-09-14T02:28:20.560+00:00,2026-09-14T02:33:16.034+00:00,2026-09-14T02:33:20.655+00:00,False,71,70.0,,70.0,295473.874731,300095.19927499996,300095.19925,4226.692947183098,0.030170000000000002,295473.874731,35058.468363555745,86.695922,66.01892205714286,20.429647773515573,0.23325931294173652,63,64,,False,False,Request timeout: 300.0s exceeded,308,21.16838264042747
380,2026-09-14T02:28:23.156+00:00,2026-09-14T02:33:16.642+00:00,2026-09-14T02:33:23.240+00:00,False,96,95.0,,95.0,293486.190158,300083.82011,300083.82027599995,3125.8731278749997,0.023389,293486.190158,29946.72728160976,90.358917,69.4487363368421,19.85397935533167,0.31657821459742946,63,64,,False,False,Request timeout: 300.0s exceeded,365,21.16838264042747
381,2026-09-14T02:28:27.226+00:00,2026-09-14T02:33:21.339+00:00,2026-09-14T02:33:27.246+00:00,False,86,85.0,,85.0,294112.946399,300020.210143,300020.210194,3488.6070952790697,0.035059,294112.946399,31707.526670469804,89.34600125000001,69.49722051764705,19.79014914121558,0.2833142472618297,63,64,,False,False,Request timeout: 300.0s exceeded,395,21.16838264042747
382,2026-09-14T02:28:30.140+00:00,2026-09-14T02:33:23.704+00:00,2026-09-14T02:33:30.196+00:00,False,98,97.0,,97.0,293563.59477100003,300056.09141100006,300056.09147200006,3061.7968517551026,0.02161,293563.59477100003,29647.646902141445,88.636664,66.9329550515464,20.372131961808527,0.32327289055810177,63,64,,False,False,Request timeout: 300.0s exceeded,401,21.16838264042747
383,2026-09-14T02:28:32.807+00:00,2026-09-14T02:33:26.492+00:00,2026-09-14T02:33:32.892+00:00,False,99,98.0,,98.0,293684.54707800003,300085.04090200004,300085.04093300004,3031.162029626263,0.01916,293684.54707800003,29509.850288975762,88.2154711,65.31116146938776,20.063107007048064,0.3265740928152571,63,64,,False,False,Request timeout: 300.0s exceeded,500,21.16838264042747
384,2026-09-14T02:28:36.025+00:00,2026-09-14T02:33:29.981+00:00,2026-09-14T02:33:36.093+00:00,False,94,93.0,,93.0,293956.45293800003,300068.396362,300068.396352,3192.2169824680855,0.01862,293956.45293800003,30312.52118828332,87.92286815,65.71982176344086,20.060919565294068,0.30992933986891963,63,64,,False,False,Request timeout: 300.0s exceeded,457,21.16838264042747
385,2026-09-14T02:28:39.089+00:00,2026-09-14T02:33:33.017+00:00,2026-09-14T02:33:39.115+00:00,False,97,96.0,,96.0,293928.23082999996,300026.46878199995,300026.46875099995,3093.0563788762884,0.03696,293928.23082999996,29837.44739075823,87.682197,63.523312,20.554492910549225,0.31997176912332315,63,64,,False,False,Request timeout: 300.0s exceeded,319,21.16838264042747
386,2026-09-14T02:28:43.772+00:00,2026-09-14T02:33:37.262+00:00,2026-09-14T02:33:43.806+00:00,False,103,102.0,,102.0,293489.77223,300033.927366,300033.92724,2912.950749902913,0.039509999999999997,293489.77223,28912.092250056165,90.3447494,64.1583836862745,20.817817512224895,0.33996155333318046,63,64,,False,False,Request timeout: 300.0s exceeded,413,21.16838264042747
387,2026-09-14T02:28:47.752+00:00,2026-09-14T02:33:41.262+00:00,2026-09-14T02:33:47.766+00:00,False,97,96.0,,96.0,293510.10966,300014.301404,300014.30131400004,3092.9309413814435,0.054509999999999996,293510.10966,29794.563718769863,88.402832,67.75199733333334,19.730079255918096,0.3199847458962503,63,64,,False,False,Request timeout: 300.0s exceeded,470,21.16838264042747
388,2026-09-14T02:28:50.365+00:00,2026-09-14T02:33:44.123+00:00,2026-09-14T02:33:50.405+00:00,False,98,97.0,,97.0,293758.53136699996,300040.40067899995,300040.40081099997,3061.6367429693873,0.03836,293758.53136699996,29667.557535567175,87.90991550000001,64.76153929896907,19.95913933091504,0.3232897962423935,63,64,,False,False,Request timeout: 300.0s exceeded,491,21.16838264042747
389,2026-09-14T02:28:53.121+00:00,2026-09-14T02:33:46.691+00:00,2026-09-14T02:33:53.200+00:00,False,103,102.0,,102.0,293569.210139,300078.65781899996,300078.65774299996,2913.385026631068,0.04126,293569.210139,28919.95247324124,87.85163700000001,63.81811450980392,20.028079407908958,0.3399108778389828,63,64,,False,False,Request timeout: 300.0s exceeded,309,21.16838264042747
390,2026-09-14T02:28:57.071+00:00,2026-09-14T02:33:51.085+00:00,2026-09-14T02:33:57.153+00:00,False,92,91.0,,91.0,294013.616893,300081.409533,300081.40973,3261.754453586957,0.02183,294013.616893,30646.093082696672,88.50361054999999,66.67904,19.802835395472,0.303251041581077,63,64,,False,False,Request timeout: 300.0s exceeded,385,21.16838264042747
391,2026-09-14T02:29:00.305+00:00,2026-09-14T02:33:53.786+00:00,2026-09-14T02:34:00.355+00:00,False,98,97.0,,97.0,293480.675171,300049.455715,300049.45561,3061.729138877551,0.0405,293480.675171,29639.191152354,89.7888257,67.71938705154639,20.126860060701155,0.3232800398482803,63,64,,False,False,Request timeout: 300.0s exceeded,409,21.16838264042747
392,2026-09-14T02:29:03.006+00:00,2026-09-14T02:33:56.184+00:00,2026-09-14T02:34:03.034+00:00,False,102,101.0,,101.0,293178.194681,300028.38143300003,300028.381446,2941.4547200588236,0.03617,293178.194681,29022.25800749125,88.77013855,67.82363120792078,19.723842684814507,0.3366348194047586,63,64,,False,False,Request timeout: 300.0s exceeded,455,21.16838264042747
393,2026-09-14T02:29:06.689+00:00,2026-09-14T02:34:00.268+00:00,2026-09-14T02:34:06.742+00:00,False,100,99.0,,99.0,293578.246191,300052.729391,300052.72924899997,3000.52729249,0.0,293578.246191,29351.359541272082,88.45695644999999,65.3988202020202,66.60332406217718,0.32994200786286687,63,64,,False,False,Request timeout: 300.0s exceeded,474,21.16838264042747
394,2026-09-14T02:29:09.728+00:00,2026-09-14T02:34:03.337+00:00,2026-09-14T02:34:09.798+00:00,False,99,98.0,,98.0,293609.311948,300070.45165999996,300070.451594,3031.0146625656566,0.0,293609.311948,29502.295554303284,90.71130099999999,65.92999706122448,67.14383403264256,0.32658997064809503,63,64,,False,False,Request timeout: 300.0s exceeded,190,21.16838264042747
395,2026-09-14T02:29:12.862+00:00,2026-09-14T02:34:06.600+00:00,2026-09-14T02:34:12.870+00:00,False,88,87.0,,87.0,293738.77393699996,300008.44356899994,300008.44342699996,3409.1868571249997,0.04356,293738.77393699996,31304.982698340336,89.92936300000001,72.06516818390804,20.068253937042144,0.2899918381130182,63,64,,False,False,Request timeout: 300.0s exceeded,442,21.16838264042747
396,2026-09-14T02:29:16.111+00:00,2026-09-14T02:34:09.890+00:00,2026-09-14T02:34:16.136+00:00,False,88,87.0,,87.0,293778.95320499997,300025.36344499997,300025.36341399996,3409.379129704545,0.02203,293778.95320499997,31309.294204780203,89.95543000000002,71.79781885057471,19.88363894568539,0.289975484075861,63,64,,False,False,Request timeout: 300.0s exceeded,384,21.16838264042747
397,2026-09-14T02:29:19.218+00:00,2026-09-14T02:34:13.203+00:00,2026-09-14T02:34:19.293+00:00,False,91,90.0,,90.0,293985.545522,300075.740722,300075.740631,3297.5356113296702,0.06277,293985.545522,30810.97228825282,89.33338599999999,67.66883555555555,20.81212889095565,0.29992427839536334,63,64,,False,False,Request timeout: 300.0s exceeded,405,21.16838264042747
398,2026-09-14T02:29:22.861+00:00,2026-09-14T02:34:16.837+00:00,2026-09-14T02:34:22.870+00:00,False,88,87.0,,87.0,293976.30769499997,300009.29355099995,300009.293424,3409.196516181818,0.02029,293976.30769499997,31330.593684198502,88.86134699999998,69.34466501149424,19.751117967479484,0.2899910165123284,63,64,,False,False,Request timeout: 300.0s exceeded,410,21.16838264042747
399,2026-09-14T02:29:25.904+00:00,2026-09-14T02:34:19.592+00:00,2026-09-14T02:34:25.970+00:00,False,93,92.0,,92.0,293688.449384,300066.41572,300066.415856,3226.5206006021504,0.04268,293688.449384,30446.891165550292,89.601797,69.32572104347827,19.813720803031618,0.3065987900686882,63,64,,False,False,Request timeout: 300.0s exceeded,442,21.16838264042747
400,2026-09-14T02:29:30.476+00:00,2026-09-14T02:34:23.804+00:00,2026-09-14T02:34:30.571+00:00,False,100,99.0,,99.0,293328.62100700004,300095.006415,300095.0065,3000.9500650000004,0.02178,293328.62100700004,29326.03463072426,89.46123800000001,68.34732735353535,20.744344804878637,0.3298955260291581,63,64,,False,False,Request timeout: 300.0s exceeded,444,21.16838264042747
401,2026-09-14T02:29:33.452+00:00,2026-09-14T02:34:26.862+00:00,2026-09-14T02:34:33.476+00:00,False,97,96.0,,96.0,293410.269407,300024.621535,300024.621591,3093.0373359896907,0.02428,293410.269407,29784.30996222658,88.94272000000001,68.89950133333333,19.721782732957603,0.3199737391846053,63,64,,False,False,Request timeout: 300.0s exceeded,422,21.16838264042747
402,2026-09-14T02:29:36.985+00:00,2026-09-14T02:34:30.701+00:00,2026-09-14T02:34:37.038+00:00,False,93,92.0,,92.0,293715.868596,300053.307828,300053.30792500003,3226.379655107527,0.037939999999999995,293715.868596,30449.78006838081,88.8796522,68.88520904347827,19.789765344725463,0.30661218390145956,63,64,,False,False,Request timeout: 300.0s exceeded,441,21.16838264042747
403,2026-09-14T02:29:39.914+00:00,2026-09-14T02:34:33.961+00:00,2026-09-14T02:34:39.927+00:00,False,86,85.0,,85.0,294046.439172,300012.91366799996,300012.913854,3488.522254116279,0.03613,294046.439172,31700.279914258605,89.050798,70.19381759999999,19.818130178417572,0.28332113761630484,63,64,,False,False,Request timeout: 300.0s exceeded,344,21.16838264042747
404,2026-09-14T02:29:44.341+00:00,2026-09-14T02:34:38.324+00:00,2026-09-14T02:34:44.387+00:00,False,89,88.0,,88.0,293983.703768,300046.386648,300046.386636,3371.307715011236,0.03638,293983.703768,31154.91352718372,87.45727339999999,68.89412363636364,19.469915876744317,0.2932879845116661,63,64,,False,False,Request timeout: 300.0s exceeded,280,21.16838264042747
405,2026-09-14T02:29:48.008+00:00,2026-09-14T02:34:41.881+00:00,2026-09-14T02:34:48.026+00:00,False,94,93.0,,93.0,293872.20179799997,300018.070342,300018.07022899995,3191.681598180851,0.02145,293872.20179799997,30303.79335965848,86.25174915,66.084608,19.496809148630888,0.3099813284379384,63,64,,False,False,Request timeout: 300.0s exceeded,474,21.16838264042747
406,2026-09-14T02:29:51.634+00:00,2026-09-14T02:34:45.276+00:00,2026-09-14T02:34:51.673+00:00,False,99,98.0,,98.0,293641.963857,300038.537809,300038.537669,3030.692299686869,0.084729,293641.963857,29505.574709114906,88.6754229,65.2711627755102,20.31955689244656,0.3266247086645427,63,64,,False,False,Request timeout: 300.0s exceeded,462,21.16838264042747
407,2026-09-14T02:29:55.265+00:00,2026-09-14T02:34:49.137+00:00,2026-09-14T02:34:55.330+00:00,False,91,90.0,,90.0,293871.68314499996,300065.33408899995,300065.33410599997,3297.4212539120876,0.02576,293871.68314499996,30798.915067367852,87.64561499999999,68.81834382222222,19.73371559535672,0.2999346801363793,63,64,,True,False,Request timeout: 300.0s exceeded,387,21.16838264042747
408,2026-09-14T02:29:58.828+00:00,2026-09-14T02:34:52.356+00:00,2026-09-14T02:34:58.903+00:00,False,98,97.0,,97.0,293528.49738200003,300075.31722200004,300075.317149,3061.9930321326533,0.03878,293528.49738200003,29644.044747276566,88.73721815,67.49298804123711,20.05756208493718,0.32325217847970483,63,64,,True,False,Request timeout: 300.0s exceeded,437,21.16838264042747
409,2026-09-14T02:30:03.120+00:00,2026-09-14T02:34:56.719+00:00,2026-09-14T02:35:03.130+00:00,False,99,98.0,,98.0,293598.476449,300010.10908900003,300010.109021,3030.405141626263,0.018449999999999998,293598.476449,29501.188640043474,88.08853389999999,65.42482285714286,20.352321242458284,0.3266556593628905,63,64,,True,False,Request timeout: 300.0s exceeded,425,21.16838264042747
410,2026-09-14T02:30:06.461+00:00,2026-09-14T02:34:59.832+00:00,2026-09-14T02:35:06.507+00:00,False,98,97.0,,97.0,293371.277262,300045.996494,300045.996509,3061.6938419285716,0.02316,293371.277262,29628.029913926082,88.4982545,68.81153847422681,20.03853066788432,0.3232837669338464,63,64,,True,False,Request timeout: 300.0s exceeded,214,21.16838264042747
411,2026-09-14T02:30:09.545+00:00,2026-09-14T02:35:03.481+00:00,2026-09-14T02:35:09.610+00:00,False,91,90.0,,90.0,293935.815674,300065.025274,300065.025161,3297.417858912088,0.020089,293935.815674,30805.713195576303,87.681075,68.10232888888889,19.97678005991763,0.29993498881723324,63,64,,True,False,Request timeout: 300.0s exceeded,351,21.16838264042747
412,2026-09-14T02:30:12.258+00:00,2026-09-14T02:35:05.660+00:00,2026-09-14T02:35:12.327+00:00,False,101,100.0,,100.0,293402.465363,300068.667219,300068.667368,2970.9769046336633,0.02273,293402.465363,29188.01049484188,88.730273,66.66201856,20.51894283420779,0.33325705388299237,63,64,,True,False,Request timeout: 300.0s exceeded,452,21.16838264042747
413,2026-09-14T02:30:16.162+00:00,2026-09-14T02:35:09.783+00:00,2026-09-14T02:35:16.211+00:00,False,96,95.0,,95.0,293620.753726,300048.38355,300048.383394,3125.5039936875,0.03658,293620.753726,29960.644381473925,91.136638,67.65926130526316,20.790202203258957,0.3166156033770774,63,64,,True,False,Request timeout: 300.0s exceeded,456,21.16838264042747
414,2026-09-14T02:30:18.862+00:00,2026-09-14T02:35:12.325+00:00,2026-09-14T02:35:18.893+00:00,False,96,95.0,,95.0,293463.49345,300031.592266,300031.592161,3125.3290850104167,0.02411,293463.49345,29944.442901820916,90.0136155,69.1378822736842,20.40433179938998,0.31663332278614026,63,64,,True,False,Request timeout: 300.0s exceeded,396,21.16838264042747
415,2026-09-14T02:30:22.115+00:00,2026-09-14T02:35:15.912+00:00,2026-09-14T02:35:22.169+00:00,False,90,89.0,,89.0,293796.68154,300053.648196,300053.648109,3333.9294234333333,0.02798,293796.68154,30961.4850885499,89.00710695000002,70.30299613483146,19.788569403646672,0.29661362404720276,63,64,,True,False,Request timeout: 300.0s exceeded,405,21.16838264042747
416,2026-09-14T02:30:26.037+00:00,2026-09-14T02:35:20.320+00:00,2026-09-14T02:35:26.052+00:00,False,81,80.0,,80.0,294282.809199,300015.160943,300015.161045,3703.8908770987655,0.019960000000000002,294282.809199,32690.135449006142,89.055012,71.6543968,21.738857050888207,0.26665319095390394,63,64,,True,False,Request timeout: 300.0s exceeded,352,21.16838264042747
417,2026-09-14T02:30:30.066+00:00,2026-09-14T02:35:23.848+00:00,2026-09-14T02:35:30.111+00:00,False,93,92.0,,92.0,293781.671401,300045.228009,300045.227946,3226.292773612903,0.01886,293781.671401,30456.688283089807,88.872427,68.08213704347827,22.011772892649617,0.3066204405598492,63,64,,True,False,Request timeout: 300.0s exceeded,479,21.16838264042747
418,2026-09-14T02:30:32.678+00:00,2026-09-14T02:35:26.680+00:00,2026-09-14T02:35:32.759+00:00,False,89,88.0,,88.0,294001.99176,300080.92014400003,300080.920174,3371.695732292135,0.05947,294001.99176,31156.832667871193,88.88589879999999,69.07873163636364,19.76908396260687,0.29325423275085727,63,64,,True,False,Request timeout: 300.0s exceeded,263,21.16838264042747
419,2026-09-14T02:30:36.638+00:00,2026-09-14T02:35:30.194+00:00,2026-09-14T02:35:36.644+00:00,False,94,93.0,,93.0,293556.149554,300005.649458,300005.649447,3191.549462202128,0.02069,293556.149554,30270.85823102521,87.713033,69.34946133333332,19.352788529216102,0.3099941623366654,63,64,,True,False,Request timeout: 300.0s exceeded,427,21.16838264042747
420,2026-09-14T02:30:39.738+00:00,2026-09-14T02:35:33.196+00:00,2026-09-14T02:35:39.771+00:00,False,97,96.0,,96.0,293457.68935500004,300032.993803,300032.99382200005,3093.123647649485,0.03687,293457.68935500004,29789.165817903853,87.9039682,68.49275466666667,19.401059879362833,0.3199648104802536,63,64,,True,False,Request timeout: 300.0s exceeded,395,21.16838264042747
421,2026-09-14T02:30:42.344+00:00,2026-09-14T02:35:36.049+00:00,2026-09-14T02:35:42.363+00:00,False,95,94.0,,94.0,293704.425268,300018.146356,300018.14637699997,3158.085751336842,0.023510000000000003,293704.425268,30126.553892723197,89.51107069999998,67.16724561702128,20.474061692859582,0.31331438161897074,63,64,,True,False,Request timeout: 300.0s exceeded,390,21.16838264042747
422,2026-09-14T02:30:45.267+00:00,2026-09-14T02:35:39.013+00:00,2026-09-14T02:35:45.351+00:00,False,93,92.0,,92.0,293745.896363,300083.44669899996,300083.446841,3226.703729473118,0.055990000000000005,293745.896363,30452.8942164686,89.8285746,68.88641669565217,20.612181177524256,0.30658138931695555,63,64,,True,False,Request timeout: 300.0s exceeded,227,21.16838264042747
423,2026-09-14T02:30:48.382+00:00,2026-09-14T02:35:42.189+00:00,2026-09-14T02:35:48.460+00:00,False,91,90.0,,90.0,293807.319326,300078.227998,300078.227955,3297.5629445604395,0.02854,293807.319326,30792.079003759245,90.430499,69.67676302222222,21.374788230088786,0.29992179239541444,63,64,,True,False,Request timeout: 300.0s exceeded,442,21.16838264042747
424,2026-09-14T02:30:52.155+00:00,2026-09-14T02:35:45.915+00:00,2026-09-14T02:35:52.214+00:00,False,91,90.0,,90.0,293760.27593,300058.717658,300058.717472,3297.3485436483516,0.020079999999999997,293760.27593,30787.114474833208,89.41469649999999,69.98268586666666,19.90724961761793,0.29994129383229556,63,64,,True,False,Request timeout: 300.0s exceeded,394,21.16838264042747
425,2026-09-14T02:30:56.084+00:00,2026-09-14T02:35:50.048+00:00,2026-09-14T02:35:56.142+00:00,False,88,87.0,,87.0,293963.98303500004,300058.333371,300058.33330700005,3409.753787579546,0.039520000000000007,293963.98303500004,31329.20407913625,87.87479255,70.05000386206896,18.759085634951425,0.28994362203708873,63,64,,True,False,Request timeout: 300.0s exceeded,331,21.16838264042747
426,2026-09-14T02:31:00.411+00:00,2026-09-14T02:35:54.500+00:00,2026-09-14T02:36:00.433+00:00,False,88,87.0,,87.0,294089.45947500004,300021.747219,300021.74721100007,3409.3380364886366,0.03725,294089.45947500004,31342.779230897573,87.6337612,68.18721544827586,19.981625831821145,0.28997897921211224,63,64,,True,False,Request timeout: 300.0s exceeded,456,21.16838264042747
427,2026-09-14T02:31:04.799+00:00,2026-09-14T02:35:58.525+00:00,2026-09-14T02:36:04.828+00:00,False,92,91.0,,91.0,293725.382699,300028.308523,300028.30835300003,3261.177264706522,0.0281,293725.382699,30615.773738618587,90.58663059999999,69.26292114285715,20.613943741020712,0.3033047129718561,63,64,,True,False,Request timeout: 300.0s exceeded,404,21.16838264042747
428,2026-09-14T02:31:09.512+00:00,2026-09-14T02:36:03.399+00:00,2026-09-14T02:36:09.561+00:00,False,88,87.0,,87.0,293887.687334,300049.886886,300049.886744,3409.657803909091,0.03865,293887.687334,31320.988204161746,89.53441269999999,70.82987990804598,19.435351386723703,0.2899517840280157,63,64,,True,False,Request timeout: 300.0s exceeded,418,21.16838264042747
429,2026-09-14T02:31:14.033+00:00,2026-09-14T02:36:07.647+00:00,2026-09-14T02:36:14.075+00:00,False,95,94.0,,94.0,293614.787256,300042.878904,300042.878873,3158.3460934,0.02041,293614.787256,30117.231389977303,86.71573710000001,68.38395370212767,18.91712647627429,0.3132885551004052,63,64,,True,False,Request timeout: 300.0s exceeded,413,21.16838264042747
430,2026-09-14T02:31:16.965+00:00,2026-09-14T02:36:11.023+00:00,2026-09-14T02:36:17.019+00:00,False,87,86.0,,86.0,294057.736364,300053.363884,300053.363964,3448.8892409655173,0.03637,294057.736364,31518.82955508845,86.67378430000001,69.71659906976744,18.638769909829918,0.2866156835796963,63,64,,True,False,Request timeout: 300.0s exceeded,362,21.16838264042747
431,2026-09-14T02:31:21.679+00:00,2026-09-14T02:36:15.431+00:00,2026-09-14T02:36:21.750+00:00,False,93,92.0,,92.0,293752.581654,300070.849558,300070.84953199996,3226.5682745376344,0.02435,293752.581654,30453.60845708553,87.09071599999999,68.67682504347826,19.498533209367917,0.30659425977403226,63,64,,True,False,Request timeout: 300.0s exceeded,419,21.16838264042747
432,2026-09-14T02:31:25.312+00:00,2026-09-14T02:36:19.241+00:00,2026-09-14T02:36:25.364+00:00,False,93,92.0,,92.0,293928.37807599996,300052.003292,300052.003285,3226.3656267204296,0.03853,293928.37807599996,30472.057594677117,88.249902,66.56114365217391,20.29686757454602,0.3066135169591548,63,64,,True,False,Request timeout: 300.0s exceeded,484,21.16838264042747
433,2026-09-14T02:31:29.783+00:00,2026-09-14T02:36:23.466+00:00,2026-09-14T02:36:29.838+00:00,False,91,90.0,,90.0,293682.67155900004,300054.61447100004,300054.61471700005,3297.303458428572,0.03638,293682.67155900004,30778.89383538759,88.643593,70.7993656888889,20.09274830501612,0.2999453954696584,63,64,,True,False,Request timeout: 300.0s exceeded,359,21.16838264042747
434,2026-09-14T02:31:34.033+00:00,2026-09-14T02:36:27.885+00:00,2026-09-14T02:36:34.079+00:00,False,88,87.0,,87.0,293852.118327,300046.05599100003,300046.0559,3409.614271590909,0.03309,293852.118327,31317.15728060891,88.50459855,71.19468579310345,18.827749881080056,0.28995548604248145,63,64,,True,False,Request timeout: 300.0s exceeded,297,21.16838264042747
435,2026-09-14T02:31:37.691+00:00,2026-09-14T02:36:31.287+00:00,2026-09-14T02:36:37.757+00:00,False,93,92.0,,92.0,293595.937942,300065.820054,300065.820034,3226.5141939139785,0.027989999999999998,293595.937942,30437.195021962878,88.21891620000001,70.32480556521739,20.491840471630965,0.3065993987034032,63,64,,True,False,Request timeout: 300.0s exceeded,430,21.16838264042747
436,2026-09-14T02:31:41.847+00:00,2026-09-14T02:36:35.389+00:00,2026-09-14T02:36:41.921+00:00,False,97,96.0,,96.0,293541.856723,300073.848787,300073.848832,3093.5448333195877,0.02238,293541.856723,29797.75840326307,89.77845440000002,68.041584,20.71656600332556,0.31992124734649313,63,64,,True,False,Request timeout: 300.0s exceeded,274,21.16838264042747
437,2026-09-14T02:31:45.922+00:00,2026-09-14T02:36:39.412+00:00,2026-09-14T02:36:45.987+00:00,False,94,93.0,,93.0,293489.30148699996,300065.26359899994,300065.263613,3192.1836554574465,0.0384,293489.30148699996,30263.824185821788,92.75215349999999,70.70927002150538,20.959555869659773,0.30993257561556004,63,64,,True,False,Request timeout: 300.0s exceeded,444,21.16838264042747
438,2026-09-14T02:31:50.045+00:00,2026-09-14T02:36:43.699+00:00,2026-09-14T02:36:50.071+00:00,False,94,93.0,,93.0,293653.715945,300025.266665,300025.266652,3191.7581558723405,0.03468,293653.715945,30281.00922785771,91.71479615,68.51129806451613,21.373259789179087,0.30997389331159647,63,64,,True,False,Request timeout: 300.0s exceeded,370,21.16838264042747
439,2026-09-14T02:31:54.105+00:00,2026-09-14T02:36:48.032+00:00,2026-09-14T02:36:54.175+00:00,False,91,90.0,,90.0,293927.786901,300070.828949,300070.82911,3297.481638571429,0.04104,293927.786901,30804.855227862416,87.28987049999999,68.25602275555555,19.64344628509277,0.29992918776951955,63,64,,True,False,Request timeout: 300.0s exceeded,174,21.16838264042747
440,2026-09-14T02:31:58.503+00:00,2026-09-14T02:36:51.941+00:00,2026-09-14T02:36:58.595+00:00,False,93,92.0,,92.0,293438.371218,300092.03189000004,300092.03174,3226.796040215054,0.02366,293438.371218,30420.64816386574,88.58496159999999,72.32239860869565,19.232883855172012,0.3065726184749983,63,64,,True,False,Request timeout: 300.0s exceeded,356,21.16838264042747
441,2026-09-14T02:32:02.818+00:00,2026-09-14T02:36:56.382+00:00,2026-09-14T02:37:02.860+00:00,False,92,91.0,,91.0,293564.363199,300042.12908700004,300042.129311,3261.32749251087,0.023379999999999998,293564.363199,30598.78563092231,90.17154699999999,71.18424052747253,20.07205160283656,0.3032907421264622,63,64,,True,False,Request timeout: 300.0s exceeded,382,21.16838264042747
442,2026-09-14T02:32:07.488+00:00,2026-09-14T02:37:01.183+00:00,2026-09-14T02:37:07.458+00:00,True,101,101.0,,101.0,293694.739989,299970.15323700005,299970.153307,2970.0015178910894,0.0,293694.739989,29217.48776503656,88.107704,62.754132479999996,27.858822148253758,0.33670016470005953,63,64,,True,True,,451,21.16838264042747
443,2026-09-14T02:32:11.079+00:00,2026-09-14T02:37:06.593+00:00,2026-09-14T02:37:11.151+00:00,False,68,67.0,,67.0,295514.28207300004,300072.015705,300072.01568600006,4412.823760088236,0.0,295514.28207300004,35828.13592288732,89.24087085000001,68.02587510447762,32.719186086425324,0.22327973450835722,63,64,,True,False,Request timeout: 300.0s exceeded,134,21.16838264042747
444,2026-09-14T02:32:13.948+00:00,2026-09-14T02:37:07.848+00:00,2026-09-14T02:37:13.995+00:00,False,92,91.0,,91.0,293900.360691,300046.962419,300046.96231000003,3261.380025108696,0.034489,293900.360691,30634.19519142954,88.23691860000001,67.54507393406594,20.069307206398985,0.30328585654176105,63,64,,True,False,Request timeout: 300.0s exceeded,373,21.16838264042747
445,2026-09-14T02:32:18.007+00:00,2026-09-14T02:37:11.364+00:00,2026-09-14T02:37:18.066+00:00,False,105,104.0,,104.0,293356.77602100006,300059.16168500006,300059.16163800005,2857.706301314286,0.04176,293356.77602100006,28622.40814439006,88.34008,64.446016,20.84801003070587,0.34659831553211645,63,64,,True,False,Request timeout: 300.0s exceeded,433,21.16838264042747
446,2026-09-14T02:32:21.232+00:00,2026-09-14T02:37:15.027+00:00,2026-09-14T02:37:21.260+00:00,False,98,97.0,,97.0,293794.560569,300027.52056900004,300027.520549,3061.50531172449,0.037700000000000004,293794.560569,29671.24832595987,88.2915677,64.25731958762887,20.490110373747573,0.32330367499634766,63,64,,True,False,Request timeout: 300.0s exceeded,231,21.16838264042747
447,2026-09-14T02:32:23.835+00:00,2026-09-14T02:37:17.769+00:00,2026-09-14T02:37:23.879+00:00,False,94,93.0,,93.0,293933.40536900004,300044.06111300003,300044.06100600003,3191.958095808511,0.02503,293933.40536900004,30310.14535347444,88.16644715000001,65.70597574193549,19.925589298512698,0.30995447686923266,63,64,,True,False,Request timeout: 300.0s exceeded,491,21.16838264042747
448,2026-09-14T02:32:27.219+00:00,2026-09-14T02:37:21.033+00:00,2026-09-14T02:37:27.258+00:00,False,95,94.0,,94.0,293813.90107599995,300038.91048399993,300038.91047999996,3158.304320842105,0.02229,293813.90107599995,30137.8826137514,87.3449347,66.22350434042554,20.349998008560608,0.31329269876485805,63,64,,True,False,Request timeout: 300.0s exceeded,465,21.16838264042747
449,2026-09-14T02:32:30.207+00:00,2026-09-14T02:37:24.095+00:00,2026-09-14T02:37:30.238+00:00,False,89,88.0,,88.0,293887.425093,300031.219525,300031.219391,3371.13729652809,0.027649999999999997,293887.425093,31144.610599757383,88.69502440000001,69.81584581818181,19.936675873924827,0.2933028107518905,63,64,,True,False,Request timeout: 300.0s exceeded,336,21.16838264042747
450,2026-09-14T02:32:34.163+00:00,2026-09-14T02:37:27.853+00:00,2026-09-14T02:37:34.178+00:00,False,91,90.0,,90.0,293689.318143,300014.716671,300014.71660700004,3296.865017659341,0.03469,293689.318143,30779.643649830756,87.0635715,70.28220586666666,18.22414475755767,0.2999852840508993,63,64,,True,False,Request timeout: 300.0s exceeded,444,21.16838264042747
451,2026-09-14T02:32:37.397+00:00,2026-09-14T02:37:31.005+00:00,2026-09-14T02:37:37.408+00:00,False,94,93.0,,93.0,293608.318174,300010.47139,300010.471349,3191.600759031915,0.025160000000000002,293608.318174,30276.29079126908,86.04247465,68.84035716129031,18.159858249256562,0.30998917994133685,63,64,,True,False,Request timeout: 300.0s exceeded,406,21.16838264042747
452,2026-09-14T02:32:40.270+00:00,2026-09-14T02:37:34.021+00:00,2026-09-14T02:37:40.343+00:00,False,96,95.0,,95.0,293751.25912400003,300073.30917200004,300073.30928800005,3125.763638416667,0.02628,293751.25912400003,29974.0768102889,88.64604525,66.54789524210526,19.824414546059792,0.3165893036676135,63,64,,True,False,Request timeout: 300.0s exceeded,400,21.16838264042747
453,2026-09-14T02:32:44.212+00:00,2026-09-14T02:37:37.919+00:00,2026-09-14T02:37:44.236+00:00,False,93,92.0,,92.0,293707.327669,300023.71371700004,300023.71373,3226.0614379569893,0.039670000000000004,293707.327669,30448.918109212824,89.84802260000001,68.65637008695651,19.733581176958744,0.3066424278941491,63,64,,True,False,Request timeout: 300.0s exceeded,425,21.16838264042747
454,2026-09-14T02:32:47.553+00:00,2026-09-14T02:37:41.270+00:00,2026-09-14T02:37:47.587+00:00,False,91,90.0,,90.0,293717.07497,300034.156058,300034.155905,3297.0786363186817,0.02069,293717.07497,30782.56306390459,87.835665,70.18978986666666,18.25924930006273,0.29996584783034497,63,64,,True,False,Request timeout: 300.0s exceeded,440,21.16838264042747
455,2026-09-14T02:32:50.130+00:00,2026-09-14T02:37:43.758+00:00,2026-09-14T02:37:50.162+00:00,False,95,94.0,,94.0,293627.347467,300031.354891,300031.35480000003,3158.2247873684214,0.03978,293627.347467,30118.546362893507,86.5920514,68.12773855319148,18.974224386059454,0.31330058831401053,63,64,,True,False,Request timeout: 300.0s exceeded,429,21.16838264042747
456,2026-09-14T02:32:52.899+00:00,2026-09-14T02:37:46.117+00:00,2026-09-14T02:37:52.907+00:00,False,102,101.0,,101.0,293217.70281,300007.936666,300007.936888,2941.254283215686,0.039689999999999996,293217.70281,29026.228461485018,86.8351275,67.23003817821782,19.41366922463105,0.33665776019933663,63,64,,True,False,Request timeout: 300.0s exceeded,456,21.16838264042747
457,2026-09-14T02:32:57.212+00:00,2026-09-14T02:37:50.589+00:00,2026-09-14T02:37:57.291+00:00,False,96,95.0,,95.0,293377.07808,300079.158592,300079.158614,3125.824568895833,0.03764,293377.07808,29935.479176549983,89.42637850000001,70.54821591578947,20.324323090341174,0.31658313241662317,63,64,,True,False,Request timeout: 300.0s exceeded,488,21.16838264042747
458,2026-09-14T02:33:01.964+00:00,2026-09-14T02:37:55.571+00:00,2026-09-14T02:38:01.990+00:00,False,93,92.0,,92.0,293606.155354,300025.249114,300025.249056,3226.0779468387095,0.028210000000000002,293606.155354,30438.31200330006,90.1811096,69.77275826086957,20.850051881994073,0.30664085863334434,63,64,,True,False,Request timeout: 300.0s exceeded,161,21.16838264042747
459,2026-09-14T02:33:06.536+00:00,2026-09-14T02:38:00.269+00:00,2026-09-14T02:38:06.602+00:00,False,93,92.0,,92.0,293732.84642400005,300065.91829600005,300065.918216,3226.515249634409,0.01988,293732.84642400005,30451.54558248713,88.6420346,68.83773773913043,19.902957322116702,0.30659929832233257,63,64,,True,False,Request timeout: 300.0s exceeded,365,21.16838264042747
460,2026-09-14T02:33:09.330+00:00,2026-09-14T02:38:02.927+00:00,2026-09-14T02:38:09.368+00:00,False,95,94.0,,94.0,293597.176928,300037.497696,300037.497764,3158.2894501473684,0.03619,293597.176928,30115.412147199793,90.1715014,68.51405072340425,20.29305287286003,0.3132941739676866,63,64,,True,False,Request timeout: 300.0s exceeded,390,21.16838264042747
461,2026-09-14T02:33:13.031+00:00,2026-09-14T02:38:06.475+00:00,2026-09-14T02:38:13.048+00:00,False,107,106.0,,106.0,293443.184081,300016.14792099997,300016.148018,2803.889233813084,0.01507,293443.184081,28363.71577352196,89.46642229999999,62.00909283018868,291.81961590426937,0.35331431569447336,63,64,,True,False,Request timeout: 300.0s exceeded,474,21.16838264042747
462,2026-09-14T02:33:17.060+00:00,2026-09-14T02:38:12.965+00:00,2026-09-14T02:38:17.133+00:00,False,65,64.0,,64.0,295905.120032,300073.569056,300073.569255,4616.516450076923,0.026719999999999997,295905.120032,36694.44333403967,89.62163699999999,65.132016,25.81686335368115,0.2132810303864392,63,64,,True,False,Request timeout: 300.0s exceeded,257,21.16838264042747
463,2026-09-14T02:33:19.879+00:00,2026-09-14T02:38:14.042+00:00,2026-09-14T02:38:19.911+00:00,False,91,90.0,,90.0,294162.22476,300031.225208,300031.225224,3297.046431032967,0.02088,294162.22476,30829.750375629963,86.3976125,65.21111608888889,19.94956251454542,0.2999687780417072,63,64,,True,False,Request timeout: 300.0s exceeded,429,21.16838264042747
464,2026-09-14T02:33:22.633+00:00,2026-09-14T02:38:16.305+00:00,2026-09-14T02:38:22.668+00:00,False,94,93.0,,93.0,293672.19561299996,300034.57231699995,300034.572274,3191.8571518510635,0.039009,293672.19561299996,30282.924283314685,88.63120415000002,68.4126527311828,19.655984740412126,0.30996427938891435,63,64,,True,False,Request timeout: 300.0s exceeded,418,21.16838264042747
465,2026-09-14T02:33:27.295+00:00,2026-09-14T02:38:21.107+00:00,2026-09-14T02:38:27.334+00:00,False,95,94.0,,94.0,293811.848306,300038.480498,300038.480584,3158.2997956210525,0.020370000000000003,293811.848306,30137.670348278523,89.25986270000001,66.240768,20.522239108471016,0.31329314774551587,63,64,,True,False,Request timeout: 300.0s exceeded,454,21.16838264042747
466,2026-09-14T02:33:30.741+00:00,2026-09-14T02:38:24.591+00:00,2026-09-14T02:38:30.747+00:00,False,98,97.0,,97.0,293850.073143,300006.362679,300006.362573,3061.2894140102044,0.02157,293850.073143,29676.935553535728,88.3837792,63.46690243298969,20.14748903700345,0.3233264759247383,63,64,,True,False,Request timeout: 300.0s exceeded,372,21.16838264042747
467,2026-09-14T02:33:34.729+00:00,2026-09-14T02:38:28.535+00:00,2026-09-14T02:38:34.764+00:00,False,94,93.0,,93.0,293805.84884500003,300035.61038100003,300035.610476,3191.868196553192,0.02184,293805.84884500003,30296.857085420135,89.04157299999999,66.9866831827957,20.344031456738325,0.3099632069736789,63,64,,True,False,Request timeout: 300.0s exceeded,428,21.16838264042747
468,2026-09-14T02:33:39.149+00:00,2026-09-14T02:38:32.739+00:00,2026-09-14T02:38:39.179+00:00,False,92,91.0,,91.0,293589.29211000004,300029.53249400004,300029.532467,3261.1905702934787,0.03607,293589.29211000004,30601.427284250305,87.67851165,70.77187235164834,19.51334938142097,0.30330347563975163,63,64,,True,False,Request timeout: 300.0s exceeded,393,21.16838264042747
469,2026-09-14T02:33:42.993+00:00,2026-09-14T02:38:36.782+00:00,2026-09-14T02:38:43.072+00:00,False,95,94.0,,94.0,293788.93869700003,300079.27930500003,300079.27939000004,3158.7292567368427,0.024489999999999998,293788.93869700003,30135.25066071702,88.4873594,66.91851710638298,20.997248104543782,0.3132505523797215,63,64,,True,False,Request timeout: 300.0s exceeded,417,21.16838264042747
470,2026-09-14T02:33:47.140+00:00,2026-09-14T02:38:40.570+00:00,2026-09-14T02:38:47.176+00:00,False,104,103.0,,103.0,293430.338042,300035.845882,300035.84601100005,2884.9600577980773,0.02002,293430.338042,28766.9304978002,87.58527665,64.1311440776699,20.39482243299088,0.3432923146139961,63,64,,True,False,Request timeout: 300.0s exceeded,481,21.16838264042747
471,2026-09-14T02:33:51.213+00:00,2026-09-14T02:38:45.209+00:00,2026-09-14T02:38:51.237+00:00,False,94,93.0,,93.0,293996.248996,300023.85501199996,300023.85510399996,3191.743139404255,0.042449,293996.248996,30316.719227666592,87.77071265000001,64.8129679139785,19.839091316436132,0.3099753517808786,63,64,,True,False,Request timeout: 300.0s exceeded,490,21.16838264042747
472,2026-09-14T02:33:55.629+00:00,2026-09-14T02:38:49.330+00:00,2026-09-14T02:38:55.714+00:00,False,95,94.0,,94.0,293700.176649,300084.13364099996,300084.13352599996,3158.780352905263,0.05034,293700.176649,30126.04122487634,88.90289000000001,67.91443608510639,20.311484008308827,0.3132454850560515,63,64,,True,False,Request timeout: 300.0s exceeded,403,21.16838264042747
473,2026-09-14T02:33:59.838+00:00,2026-09-14T02:38:53.643+00:00,2026-09-14T02:38:59.925+00:00,False,94,93.0,,93.0,293804.520757,300086.70238900004,300086.70238800003,3192.411727531915,0.021920000000000002,293804.520757,30296.661630262955,88.34616735,67.55034012903225,19.83067697645172,0.3099104334168224,63,64,,True,False,Request timeout: 300.0s exceeded,420,21.16838264042747
474,2026-09-14T02:34:03.744+00:00,2026-09-14T02:38:57.514+00:00,2026-09-14T02:39:03.757+00:00,False,91,90.0,,90.0,293769.963929,300012.905625,300012.905563,3296.845116076923,0.02118,293769.963929,30788.19437444015,87.621165,69.36601884444444,19.39625056979362,0.29998709493015996,63,64,,True,False,Request timeout: 300.0s exceeded,485,21.16838264042747
475,2026-09-14T02:34:07.179+00:00,2026-09-14T02:39:00.744+00:00,2026-09-14T02:39:07.199+00:00,False,99,98.0,,98.0,293564.66879,300020.624758,300020.62464500003,3030.511360050505,0.03847,293564.66879,29497.74526309074,88.289537,65.87710171428571,20.1691730222249,0.3266442101407125,63,64,,True,False,Request timeout: 300.0s exceeded,433,21.16838264042747
476,2026-09-14T02:34:10.443+00:00,2026-09-14T02:39:03.839+00:00,2026-09-14T02:39:10.457+00:00,False,104,103.0,,103.0,293395.944495,300013.931311,300013.93142700003,2884.749340644231,0.036539999999999996,293395.944495,28763.546281056286,90.53583865,64.25229918446603,20.71612403622943,0.34331739046220583,63,64,,True,False,Request timeout: 300.0s exceeded,520,21.16838264042747
477,2026-09-14T02:34:14.354+00:00,2026-09-14T02:39:07.848+00:00,2026-09-14T02:39:14.417+00:00,False,98,97.0,,97.0,293494.08670700004,300062.586675,300062.58659400005,3061.8631285102047,0.0378,293494.08670700004,29640.546077066032,87.54602499999999,67.71649451546392,19.922194030222553,0.32326589287541335,63,64,,True,False,Request timeout: 300.0s exceeded,252,21.16838264042747
478,2026-09-14T02:34:17.076+00:00,2026-09-14T02:39:10.755+00:00,2026-09-14T02:39:17.119+00:00,False,94,93.0,,93.0,293679.52310399996,300043.317024,300043.31707399996,3191.9501816382976,0.02574,293679.52310399996,30283.67838992678,86.911672,68.42789161290322,19.508508022462156,0.30995524553730047,63,64,,True,False,Request timeout: 300.0s exceeded,336,21.16838264042747
479,2026-09-14T02:34:20.703+00:00,2026-09-14T02:39:14.413+00:00,2026-09-14T02:39:20.764+00:00,False,93,92.0,,92.0,293710.293148,300061.54460400005,300061.54443400004,3226.46821972043,0.02255,293710.293148,30449.186424945143,87.87394460000002,69.03534191304348,19.900241779852593,0.30660376730852024,63,64,,True,False,Request timeout: 300.0s exceeded,409,21.16838264042747
480,2026-09-14T02:34:23.647+00:00,2026-09-14T02:39:17.586+00:00,2026-09-14T02:39:23.701+00:00,False,89,88.0,,88.0,293938.79651599994,300053.94454799994,300053.94472999993,3371.3926374157295,0.02042,293938.79651599994,31150.090357990124,88.414289,69.49031854545454,19.76835931876218,0.29328059703585246,63,64,,True,False,Request timeout: 300.0s exceeded,383,21.16838264042747
481,2026-09-14T02:34:26.908+00:00,2026-09-14T02:39:20.843+00:00,2026-09-14T02:39:26.919+00:00,False,89,88.0,,88.0,293934.723793,300010.554577,300010.554571,3370.905107539326,0.022539999999999998,293934.723793,31149.705831462274,90.14013940000001,69.04353163636364,19.481998083459622,0.29332301366555463,63,64,,True,False,Request timeout: 300.0s exceeded,433,21.16838264042747
482,2026-09-14T02:34:29.632+00:00,2026-09-14T02:39:23.267+00:00,2026-09-14T02:39:29.667+00:00,False,96,95.0,,95.0,293634.902524,300034.45862,300034.45864799997,3125.3589442499997,0.03696,293634.902524,29962.118375072136,88.2110785,67.36374837894736,20.464069831974733,0.3166302978562856,63,64,,True,False,Request timeout: 300.0s exceeded,323,21.16838264042747
483,2026-09-14T02:34:33.085+00:00,2026-09-14T02:39:26.584+00:00,2026-09-14T02:39:33.156+00:00,False,99,98.0,,98.0,293499.197741,300071.268653,300071.26869999996,3031.022916161616,0.03565,293499.197741,29491.046005892676,88.45489090000001,67.06194808163265,20.037240574088212,0.326589081453601,63,64,,True,False,Request timeout: 300.0s exceeded,526,21.16838264042747
484,2026-09-14T02:34:37.363+00:00,2026-09-14T02:39:30.865+00:00,2026-09-14T02:39:37.390+00:00,False,125,124.0,,124.0,293501.480812,300026.577004,300026.576972,2400.212615776,0.02106,293501.480812,26246.872796399424,87.21956019999999,52.621743483870965,21.73220662233302,0.4132967193714535,63,64,,True,False,Request timeout: 300.0s exceeded,629,21.16838264042747
485,2026-09-14T02:34:40.113+00:00,2026-09-14T02:39:33.543+00:00,2026-09-14T02:39:40.172+00:00,False,143,142.0,,142.0,293429.820662,300059.40965399996,300059.409561,2098.317549377622,0.02187,293429.820662,24534.00146294465,111.0137526,46.68724642253521,59.37614046838941,0.4732396166603837,63,64,,True,False,Request timeout: 300.0s exceeded,201,21.16838264042747
